,original,predict,differ,abs
0,67,68,-1,1
1,58,58,0,0
2,88,78,10,10
3,183,155,28,28
4,81,72,9,9
5,88,81,7,7
6,83,80,3,3
7,183,137,46,46
8,81,72,9,9
9,117,106,11,11
10,64,53,11,11
11,59,63,-4,4
12,74,65,9,9
13,100,97,3,3
14,103,92,11,11
15,66,61,5,5
16,97,84,13,13
17,120,93,27,27
18,79,73,6,6
19,110,107,3,3
20,217,174,43,43
21,156,136,20,20
22,97,80,17,17
23,101,108,-7,7
24,82,70,12,12
25,127,107,20,20
26,112,101,11,11
27,191,151,40,40
28,48,44,4,4
29,106,103,3,3
30,133,119,14,14
31,57,57,0,0
32,108,94,14,14
33,89,74,15,15
34,50,62,-12,12
35,62,45,17,17
36,102,90,12,12
37,55,50,5,5
38,89,94,-5,5
39,96,95,1,1
40,70,64,6,6
41,115,105,10,10
42,82,77,5,5
43,102,93,9,9
44,167,128,39,39
45,82,80,2,2
46,118,115,3,3
47,85,73,12,12
48,93,85,8,8
49,111,86,25,25
50,77,66,11,11
51,136,117,19,19
52,109,88,21,21
53,85,84,1,1
54,133,110,23,23
55,138,114,24,24
56,100,107,-7,7
57,130,116,14,14
58,96,92,4,4
59,58,55,3,3
60,115,101,14,14
61,73,70,3,3
62,135,112,23,23
63,177,154,23,23
64,96,91,5,5
65,77,74,3,3
66,84,79,5,5
67,105,86,19,19
68,193,167,26,26
69,143,126,17,17
70,111,94,17,17
71,104,85,19,19
72,265,223,42,42
73,88,82,6,6
74,78,74,4,4
75,58,55,3,3
76,86,76,10,10
77,59,60,-1,1
78,139,124,15,15
79,96,85,11,11
80,90,78,12,12
81,83,74,9,9
82,133,118,15,15
83,141,125,16,16
84,72,63,9,9
85,75,68,7,7
86,43,40,3,3
87,68,64,4,4
88,170,125,45,45
89,92,88,4,4
90,64,80,-16,16
91,101,98,3,3
92,82,68,14,14
93,81,71,10,10
94,75,69,6,6
95,99,87,12,12
96,45,52,-7,7
97,186,163,23,23
98,127,124,3,3
99,100,94,6,6
100,66,61,5,5
101,129,100,29,29
102,107,101,6,6
103,128,113,15,15
104,90,78,12,12
105,68,65,3,3
106,107,98,9,9
107,90,78,12,12
108,89,82,7,7
109,70,67,3,3
110,174,134,40,40
111,90,74,16,16
112,76,71,5,5
113,67,61,6,6
114,76,80,-4,4
115,168,143,25,25
116,91,79,12,12
117,103,93,10,10
118,91,81,10,10
119,67,68,-1,1
120,118,110,8,8
121,51,48,3,3
122,76,73,3,3
123,110,103,7,7
124,99,82,17,17
125,96,89,7,7
126,169,150,19,19
127,89,86,3,3
128,94,89,5,5
129,123,118,5,5
130,186,152,34,34
131,132,116,16,16
132,102,81,21,21
133,78,76,2,2
134,129,106,23,23
135,116,92,24,24
136,136,114,22,22
137,131,116,15,15
138,105,95,10,10
139,69,64,5,5
140,66,58,8,8
141,127,110,17,17
142,127,115,12,12
143,66,73,-7,7
144,112,109,3,3
145,115,97,18,18
146,98,82,16,16
147,69,57,12,12
148,93,76,17,17
149,121,113,8,8
150,92,88,4,4
151,73,66,7,7
152,139,121,18,18
153,80,77,3,3
154,89,84,5,5
155,67,60,7,7
156,66,58,8,8
157,81,78,3,3
158,59,58,1,1
159,128,117,11,11
160,109,102,7,7
161,50,46,4,4
162,74,62,12,12
163,80,78,2,2
164,132,117,15,15
165,51,48,3,3
166,115,102,13,13
167,70,80,-10,10
168,159,127,32,32
169,151,139,12,12
170,94,86,8,8
171,81,85,-4,4
172,77,75,2,2
173,42,39,3,3
174,135,117,18,18
175,106,91,15,15
176,50,48,2,2
177,162,127,35,35
178,130,102,28,28
179,120,94,26,26
180,84,80,4,4
181,76,73,3,3
182,67,63,4,4
183,75,65,10,10
184,39,39,0,0
185,119,95,24,24
186,55,55,0,0
187,90,79,11,11
188,124,114,10,10
189,171,149,22,22
190,70,65,5,5
191,137,123,14,14
192,127,120,7,7
193,143,135,8,8
194,195,146,49,49
195,112,97,15,15
196,43,43,0,0
197,114,100,14,14
198,111,99,12,12
199,80,75,5,5
200,128,100,28,28
201,176,156,20,20
202,64,55,9,9
203,142,122,20,20
204,100,84,16,16
205,63,54,9,9
206,145,120,25,25
207,101,88,13,13
208,78,70,8,8
209,98,84,14,14
210,147,131,16,16
211,50,48,2,2
212,70,64,6,6
213,175,150,25,25
214,87,92,-5,5
215,87,73,14,14
216,108,112,-4,4
217,67,61,6,6
218,95,88,7,7
219,89,87,2,2
220,135,123,12,12
221,79,81,-2,2
222,43,45,-2,2
223,195,142,53,53
224,83,81,2,2
225,81,80,1,1
226,63,64,-1,1
227,119,106,13,13
228,98,89,9,9
229,44,45,-1,1
230,47,48,-1,1
231,87,65,22,22
232,90,73,17,17
233,62,56,6,6
234,103,89,14,14
235,140,124,16,16
236,114,103,11,11
237,57,64,-7,7
238,81,72,9,9
239,74,91,-17,17
240,61,65,-4,4
241,43,39,4,4
242,55,56,-1,1
243,100,84,16,16
244,124,101,23,23
245,107,97,10,10
246,121,113,8,8
247,86,86,0,0
248,146,122,24,24
249,147,132,15,15
250,47,39,8,8
251,124,104,20,20
252,89,82,7,7
253,50,55,-5,5
254,110,104,6,6
255,158,133,25,25
256,86,75,11,11
257,102,94,8,8
258,107,100,7,7
259,64,61,3,3
260,136,117,19,19
261,125,99,26,26
262,115,95,20,20
263,71,63,8,8
264,80,73,7,7
265,82,80,2,2
266,79,74,5,5
267,102,86,16,16
268,49,52,-3,3
269,109,103,6,6
270,52,51,1,1
271,72,64,8,8
272,68,69,-1,1
273,151,138,13,13
274,112,98,14,14
275,97,101,-4,4
276,82,83,-1,1
277,72,72,0,0
278,125,120,5,5
279,128,117,11,11
280,94,88,6,6
281,76,63,13,13
282,71,69,2,2
283,112,101,11,11
284,75,65,10,10
285,77,68,9,9
286,78,65,13,13
287,89,75,14,14
288,88,75,13,13
289,97,85,12,12
290,80,70,10,10
291,67,67,0,0
292,83,78,5,5
293,85,76,9,9
294,76,66,10,10
295,64,60,4,4
296,107,99,8,8
297,141,134,7,7
298,130,113,17,17
299,51,54,-3,3
300,66,56,10,10
301,75,68,7,7
302,186,152,34,34
303,86,72,14,14
304,141,128,13,13
305,83,72,11,11
306,85,75,10,10
307,148,126,22,22
308,87,78,9,9
309,77,65,12,12
310,27,36,-9,9
311,88,78,10,10
312,92,78,14,14
313,86,82,4,4
314,135,120,15,15
315,77,66,11,11
316,73,65,8,8
317,133,124,9,9
318,51,49,2,2
319,125,106,19,19
320,98,97,1,1
321,143,122,21,21
322,140,122,18,18
323,87,84,3,3
324,89,68,21,21
325,69,68,1,1
326,96,70,26,26
327,127,109,18,18
328,79,69,10,10
329,137,112,25,25
330,85,79,6,6
331,84,80,4,4
332,52,57,-5,5
333,77,66,11,11
334,78,78,0,0
335,104,89,15,15
336,89,86,3,3
337,89,53,36,36
338,56,48,8,8
339,106,82,24,24
340,71,62,9,9
341,132,109,23,23
342,82,70,12,12
343,100,85,15,15
344,51,53,-2,2
345,66,60,6,6
346,85,71,14,14
347,112,102,10,10
348,34,48,-14,14
349,134,108,26,26
350,93,89,4,4
351,114,118,-4,4
352,137,114,23,23
353,88,82,6,6
354,108,104,4,4
355,106,89,17,17
356,146,158,-12,12
357,54,61,-7,7
358,170,125,45,45
359,86,70,16,16
360,110,87,23,23
361,82,73,9,9
362,101,89,12,12
363,64,64,0,0
364,44,48,-4,4
365,84,77,7,7
366,60,53,7,7
367,101,95,6,6
368,120,99,21,21
369,60,55,5,5
370,130,113,17,17
371,41,43,-2,2
372,116,97,19,19
373,58,55,3,3
374,77,68,9,9
375,96,92,4,4
376,88,85,3,3
377,103,90,13,13
378,35,59,-24,24
379,64,57,7,7
380,86,72,14,14
381,89,83,6,6
382,108,95,13,13
383,116,97,19,19
384,82,78,4,4
385,65,62,3,3
386,64,65,-1,1
387,134,114,20,20
388,65,63,2,2
389,77,69,8,8
390,120,109,11,11
391,54,53,1,1
392,90,82,8,8
393,87,83,4,4
394,97,84,13,13
395,17,35,-18,18
396,69,81,-12,12
397,31,36,-5,5
398,90,81,9,9
399,104,94,10,10
400,97,85,12,12
401,52,53,-1,1
402,81,75,6,6
403,88,78,10,10
404,150,131,19,19
405,103,101,2,2
406,47,43,4,4
407,119,106,13,13
408,107,103,4,4
409,88,60,28,28
410,85,77,8,8
411,95,87,8,8
412,89,76,13,13
413,87,82,5,5
414,148,121,27,27
415,98,87,11,11
416,148,133,15,15
417,77,75,2,2
418,70,68,2,2
419,64,58,6,6
420,110,117,-7,7
421,143,136,7,7
422,122,148,-26,26
423,82,75,7,7
424,112,99,13,13
425,128,119,9,9
426,148,134,14,14
427,80,72,8,8
428,56,60,-4,4
429,90,83,7,7
430,110,98,12,12
431,88,88,0,0
432,91,85,6,6
433,99,88,11,11
434,122,104,18,18
435,66,60,6,6
436,106,92,14,14
437,65,57,8,8
438,164,137,27,27
439,68,62,6,6
440,48,63,-15,15
441,88,73,15,15
442,107,98,9,9
443,58,60,-2,2
444,91,81,10,10
445,113,96,17,17
446,107,92,15,15
447,101,87,14,14
448,72,75,-3,3
449,134,118,16,16
450,87,81,6,6
451,64,61,3,3
452,72,61,11,11
453,146,136,10,10
454,110,99,11,11
455,104,92,12,12
456,129,119,10,10
457,134,128,6,6
458,123,110,13,13
459,62,57,5,5
460,71,65,6,6
461,58,59,-1,1
462,88,77,11,11
463,134,120,14,14
464,81,75,6,6
465,77,82,-5,5
466,118,105,13,13
467,131,113,18,18
468,66,61,5,5
469,61,59,2,2
470,43,37,6,6
471,121,108,13,13
472,101,98,3,3
473,112,92,20,20
474,67,59,8,8
475,88,76,12,12
476,57,47,10,10
477,93,76,17,17
478,77,58,19,19
479,57,55,2,2
480,55,63,-8,8
481,68,65,3,3
482,118,102,16,16
483,63,61,2,2
484,110,103,7,7
485,58,53,5,5
486,119,96,23,23
487,110,125,-15,15
488,146,128,18,18
489,50,43,7,7
490,104,91,13,13
491,136,113,23,23
492,145,132,13,13
493,110,90,20,20
494,124,118,6,6
495,117,102,15,15
496,134,114,20,20
497,98,80,18,18
498,104,116,-12,12
499,78,68,10,10
500,100,85,15,15
501,45,48,-3,3
502,108,104,4,4
503,50,53,-3,3
504,69,70,-1,1
505,106,92,14,14
506,66,57,9,9
507,61,58,3,3
508,96,86,10,10
509,96,84,12,12
510,53,53,0,0
511,93,87,6,6
512,80,68,12,12
513,73,67,6,6
514,70,72,-2,2
515,100,84,16,16
516,137,118,19,19
517,114,104,10,10
518,70,65,5,5
519,55,62,-7,7
520,108,85,23,23
521,138,123,15,15
522,95,87,8,8
523,142,126,16,16
524,83,74,9,9
525,122,103,19,19
526,97,89,8,8
527,56,51,5,5
528,122,107,15,15
529,73,69,4,4
530,69,58,11,11
531,95,90,5,5
532,68,68,0,0
533,95,82,13,13
534,78,83,-5,5
535,90,82,8,8
536,106,96,10,10
537,42,44,-2,2
538,76,72,4,4
539,157,150,7,7
540,119,103,16,16
541,99,93,6,6
542,61,62,-1,1
543,102,88,14,14
544,92,86,6,6
545,124,100,24,24
546,82,78,4,4
547,76,73,3,3
548,67,65,2,2
549,148,127,21,21
550,74,70,4,4
551,66,66,0,0
552,108,98,10,10
553,64,59,5,5
554,102,92,10,10
555,63,61,2,2
556,66,57,9,9
557,74,65,9,9
558,74,70,4,4
559,67,64,3,3
560,86,86,0,0
561,81,85,-4,4
562,90,85,5,5
563,47,48,-1,1
564,68,70,-2,2
565,88,71,17,17
566,83,72,11,11
567,76,68,8,8
568,55,52,3,3
569,100,98,2,2
570,108,109,-1,1
571,178,145,33,33
572,80,73,7,7
573,82,78,4,4
574,149,121,28,28
575,69,66,3,3
576,70,70,0,0
577,90,93,-3,3
578,91,81,10,10
579,75,63,12,12
580,88,79,9,9
581,134,112,22,22
582,49,53,-4,4
583,51,51,0,0
584,113,100,13,13
585,88,78,10,10
586,53,48,5,5
587,84,67,17,17
588,105,90,15,15
589,85,74,11,11
590,105,91,14,14
591,75,69,6,6
592,139,120,19,19
593,103,88,15,15
594,87,83,4,4
595,65,70,-5,5
596,74,66,8,8
597,98,95,3,3
598,110,95,15,15
599,112,98,14,14
600,88,77,11,11
601,85,76,9,9
602,55,52,3,3
603,86,77,9,9
604,124,112,12,12
605,114,103,11,11
606,57,54,3,3
607,56,56,0,0
608,78,68,10,10
609,122,123,-1,1
610,79,67,12,12
611,81,70,11,11
612,117,102,15,15
613,112,109,3,3
614,95,88,7,7
615,195,157,38,38
616,76,80,-4,4
617,104,88,16,16
618,112,95,17,17
619,103,95,8,8
620,91,87,4,4
621,105,90,15,15
622,127,99,28,28
623,60,61,-1,1
624,111,100,11,11
625,106,95,11,11
626,109,97,12,12
627,85,79,6,6
628,67,68,-1,1
629,81,78,3,3
630,83,78,5,5
631,56,56,0,0
632,92,81,11,11
633,71,73,-2,2
634,95,82,13,13
635,93,86,7,7
636,144,130,14,14
637,53,50,3,3
638,77,79,-2,2
639,71,65,6,6
640,95,92,3,3
641,95,91,4,4
642,61,53,8,8
643,141,117,24,24
644,133,113,20,20
645,94,79,15,15
646,112,103,9,9
647,84,77,7,7
648,92,81,11,11
649,84,76,8,8
650,94,87,7,7
651,72,68,4,4
652,102,107,-5,5
653,61,60,1,1
654,108,102,6,6
655,105,97,8,8
656,85,80,5,5
657,74,72,2,2
658,50,49,1,1
659,101,87,14,14
660,82,70,12,12
661,108,83,25,25
662,148,127,21,21
663,126,108,18,18
664,136,132,4,4
665,75,71,4,4
666,36,35,1,1
667,42,52,-10,10
668,69,61,8,8
669,126,111,15,15
670,109,90,19,19
671,90,79,11,11
672,116,95,21,21
673,151,162,-11,11
674,147,127,20,20
675,52,84,-32,32
676,107,100,7,7
677,90,81,9,9
678,162,133,29,29
679,103,94,9,9
680,150,123,27,27
681,62,75,-13,13
682,111,100,11,11
683,77,78,-1,1
684,166,149,17,17
685,151,141,10,10
686,116,105,11,11
687,79,73,6,6
688,94,106,-12,12
689,110,102,8,8
690,152,123,29,29
691,176,144,32,32
692,92,86,6,6
693,156,133,23,23
694,92,87,5,5
695,77,69,8,8
696,32,46,-14,14
697,87,81,6,6
698,108,98,10,10
699,104,84,20,20
700,70,64,6,6
701,66,48,18,18
702,118,102,16,16
703,65,60,5,5
704,111,92,19,19
705,74,64,10,10
706,81,82,-1,1
707,88,74,14,14
708,87,75,12,12
709,116,110,6,6
710,47,42,5,5
711,95,90,5,5
712,44,43,1,1
713,91,95,-4,4
714,83,77,6,6
715,137,118,19,19
716,80,74,6,6
717,147,123,24,24
718,119,109,10,10
719,137,103,34,34
720,133,126,7,7
721,89,85,4,4
722,150,127,23,23
723,108,93,15,15
724,96,74,22,22
725,88,77,11,11
726,140,117,23,23
727,128,119,9,9
728,53,51,2,2
729,100,99,1,1
730,58,64,-6,6
731,110,93,17,17
732,125,110,15,15
733,124,100,24,24
734,109,107,2,2
735,122,115,7,7
736,95,87,8,8
737,93,86,7,7
738,85,71,14,14
739,98,76,22,22
740,68,70,-2,2
741,48,45,3,3
742,97,91,6,6
743,81,75,6,6
744,88,76,12,12
745,91,99,-8,8
746,64,58,6,6
747,204,164,40,40
748,114,98,16,16
749,185,137,48,48
750,75,68,7,7
751,70,60,10,10
752,145,131,14,14
753,87,76,11,11
754,45,50,-5,5
755,73,66,7,7
756,125,117,8,8
757,60,58,2,2
758,95,85,10,10
759,119,91,28,28
760,76,67,9,9
761,56,56,0,0
762,44,53,-9,9
763,98,91,7,7
764,86,71,15,15
765,161,129,32,32
766,102,108,-6,6
767,103,91,12,12
768,69,66,3,3
769,151,140,11,11
770,92,67,25,25
771,80,81,-1,1
772,87,80,7,7
773,108,92,16,16
774,51,49,2,2
775,110,98,12,12
776,64,56,8,8
777,73,65,8,8
778,92,80,12,12
779,93,84,9,9
780,103,92,11,11
781,49,43,6,6
782,71,70,1,1
783,70,63,7,7
784,67,61,6,6
785,100,89,11,11
786,93,90,3,3
787,75,69,6,6
788,97,89,8,8
789,84,79,5,5
790,140,116,24,24
791,151,125,26,26
792,78,75,3,3
793,79,68,11,11
794,108,108,0,0
795,95,83,12,12
796,98,84,14,14
797,119,110,9,9
798,83,86,-3,3
799,67,63,4,4
800,64,61,3,3
801,102,85,17,17
802,75,70,5,5
803,68,73,-5,5
804,78,70,8,8
805,53,51,2,2
806,126,111,15,15
807,89,85,4,4
808,85,87,-2,2
809,64,63,1,1
810,85,75,10,10
811,74,67,7,7
812,66,61,5,5
813,79,67,12,12
814,125,97,28,28
815,119,101,18,18
816,26,44,-18,18
817,66,62,4,4
818,88,75,13,13
819,111,89,22,22
820,86,75,11,11
821,76,78,-2,2
822,86,73,13,13
823,145,122,23,23
824,46,45,1,1
825,107,91,16,16
826,99,82,17,17
827,63,61,2,2
828,68,64,4,4
829,100,82,18,18
830,110,106,4,4
831,77,71,6,6
832,66,66,0,0
833,64,59,5,5
834,77,76,1,1
835,144,130,14,14
836,106,93,13,13
837,93,93,0,0
838,73,73,0,0
839,103,97,6,6
840,105,98,7,7
841,75,70,5,5
842,83,72,11,11
843,112,102,10,10
844,156,132,24,24
845,156,131,25,25
846,77,75,2,2
847,76,68,8,8
848,95,85,10,10
849,41,49,-8,8
850,106,105,1,1
851,135,117,18,18
852,92,90,2,2
853,91,88,3,3
854,112,100,12,12
855,84,80,4,4
856,77,67,10,10
857,29,53,-24,24
858,64,61,3,3
859,143,114,29,29
860,59,53,6,6
861,155,134,21,21
862,207,152,55,55
863,129,106,23,23
864,115,97,18,18
865,108,89,19,19
866,162,128,34,34
867,69,69,0,0
868,62,68,-6,6
869,79,86,-7,7
870,57,54,3,3
871,90,81,9,9
872,98,85,13,13
873,108,97,11,11
874,80,90,-10,10
875,114,96,18,18
876,57,52,5,5
877,41,102,-61,61
878,90,79,11,11
879,84,66,18,18
880,87,81,6,6
881,70,73,-3,3
882,109,99,10,10
883,76,70,6,6
884,62,51,11,11
885,83,71,12,12
886,124,120,4,4
887,122,112,10,10
888,55,51,4,4
889,108,104,4,4
890,109,102,7,7
891,52,62,-10,10
892,134,106,28,28
893,60,50,10,10
894,71,67,4,4
895,123,102,21,21
896,60,59,1,1
897,140,121,19,19
898,109,87,22,22
899,150,153,-3,3
900,74,71,3,3
901,94,75,19,19
902,71,69,2,2
903,139,118,21,21
904,87,89,-2,2
905,72,68,4,4
906,53,48,5,5
907,163,131,32,32
908,111,86,25,25
909,70,59,11,11
910,46,45,1,1
911,138,120,18,18
912,127,110,17,17
913,70,68,2,2
914,107,107,0,0
915,64,58,6,6
916,69,74,-5,5
917,196,163,33,33
918,136,129,7,7
919,52,49,3,3
920,79,76,3,3
921,109,105,4,4
922,78,73,5,5
923,115,103,12,12
924,77,76,1,1
925,110,96,14,14
926,74,65,9,9
927,49,45,4,4
928,55,53,2,2
929,145,121,24,24
930,119,105,14,14
931,96,85,11,11
932,196,166,30,30
933,72,71,1,1
934,90,89,1,1
935,62,94,-32,32
936,118,95,23,23
937,137,127,10,10
938,79,73,6,6
939,152,127,25,25
940,87,88,-1,1
941,112,101,11,11
942,62,59,3,3
943,72,70,2,2
944,109,97,12,12
945,83,74,9,9
946,68,60,8,8
947,97,88,9,9
948,59,57,2,2
949,173,136,37,37
950,73,65,8,8
951,85,83,2,2
952,62,59,3,3
953,75,66,9,9
954,90,84,6,6
955,93,87,6,6
956,98,89,9,9
957,116,100,16,16
958,50,44,6,6
959,106,98,8,8
960,114,100,14,14
961,98,83,15,15
962,184,158,26,26
963,69,67,2,2
964,147,124,23,23
965,29,52,-23,23
966,108,106,2,2
967,65,61,4,4
968,96,86,10,10
969,84,81,3,3
970,70,63,7,7
971,162,138,24,24
972,112,103,9,9
973,71,64,7,7
974,139,115,24,24
975,72,74,-2,2
976,68,66,2,2
977,76,73,3,3
978,87,78,9,9
979,52,46,6,6
980,115,101,14,14
981,161,135,26,26
982,88,73,15,15
983,107,93,14,14
984,84,73,11,11
985,90,78,12,12
986,55,54,1,1
987,138,115,23,23
988,90,77,13,13
989,114,96,18,18
990,111,114,-3,3
991,44,41,3,3
992,111,108,3,3
993,128,100,28,28
994,98,85,13,13
995,93,78,15,15
996,74,66,8,8
997,130,116,14,14
998,82,85,-3,3
999,178,138,40,40
1000,42,42,0,0
1001,96,82,14,14
1002,39,46,-7,7
1003,75,71,4,4
1004,147,128,19,19
1005,102,95,7,7
1006,212,165,47,47
1007,64,61,3,3
1008,91,81,10,10
1009,39,39,0,0
1010,92,91,1,1
1011,159,132,27,27
1012,119,99,20,20
1013,128,112,16,16
1014,125,110,15,15
1015,63,61,2,2
1016,117,103,14,14
1017,117,107,10,10
1018,35,38,-3,3
1019,108,100,8,8
1020,108,93,15,15
1021,77,71,6,6
1022,88,81,7,7
1023,45,48,-3,3
1024,88,88,0,0
1025,110,91,19,19
1026,93,80,13,13
1027,77,75,2,2
1028,144,121,23,23
1029,63,64,-1,1
1030,56,47,9,9
1031,143,121,22,22
1032,119,119,0,0
1033,85,74,11,11
1034,94,82,12,12
1035,115,110,5,5
1036,117,108,9,9
1037,71,63,8,8
1038,79,76,3,3
1039,119,83,36,36
1040,78,72,6,6
1041,101,103,-2,2
1042,89,86,3,3
1043,91,88,3,3
1044,112,100,12,12
1045,131,118,13,13
1046,43,44,-1,1
1047,162,140,22,22
1048,55,54,1,1
1049,116,107,9,9
1050,49,47,2,2
1051,88,72,16,16
1052,108,96,12,12
1053,72,62,10,10
1054,115,100,15,15
1055,55,51,4,4
1056,146,120,26,26
1057,97,72,25,25
1058,81,73,8,8
1059,146,124,22,22
1060,133,112,21,21
1061,62,61,1,1
1062,148,130,18,18
1063,98,81,17,17
1064,81,66,15,15
1065,73,69,4,4
1066,81,68,13,13
1067,148,124,24,24
1068,141,114,27,27
1069,56,50,6,6
1070,123,106,17,17
1071,83,74,9,9
1072,117,108,9,9
1073,99,89,10,10
1074,99,94,5,5
1075,64,59,5,5
1076,92,79,13,13
1077,40,38,2,2
1078,183,150,33,33
1079,44,54,-10,10
1080,115,101,14,14
1081,49,48,1,1
1082,127,109,18,18
1083,155,129,26,26
1084,81,82,-1,1
1085,92,78,14,14
1086,74,60,14,14
1087,108,99,9,9
1088,57,56,1,1
1089,61,59,2,2
1090,125,110,15,15
1091,97,82,15,15
1092,60,88,-28,28
1093,78,70,8,8
1094,71,73,-2,2
1095,84,77,7,7
1096,177,142,35,35
1097,80,70,10,10
1098,130,120,10,10
1099,81,77,4,4
1100,88,84,4,4
1101,56,51,5,5
1102,149,125,24,24
1103,92,74,18,18
1104,90,83,7,7
1105,45,50,-5,5
1106,63,67,-4,4
1107,92,84,8,8
1108,124,113,11,11
1109,140,125,15,15
1110,122,122,0,0
1111,47,46,1,1
1112,67,65,2,2
1113,199,164,35,35
1114,110,120,-10,10
1115,78,77,1,1
1116,42,41,1,1
1117,51,53,-2,2
1118,183,141,42,42
1119,160,142,18,18
1120,117,105,12,12
1121,70,67,3,3
1122,90,78,12,12
1123,101,99,2,2
1124,73,69,4,4
1125,64,62,2,2
1126,69,64,5,5
1127,98,88,10,10
1128,121,109,12,12
1129,83,75,8,8
1130,170,149,21,21
1131,80,74,6,6
1132,68,64,4,4
1133,130,123,7,7
1134,66,67,-1,1
1135,65,76,-11,11
1136,95,86,9,9
1137,99,89,10,10
1138,95,107,-12,12
1139,174,149,25,25
1140,154,122,32,32
1141,121,100,21,21
1142,109,88,21,21
1143,87,95,-8,8
1144,61,47,14,14
1145,96,87,9,9
1146,96,87,9,9
1147,118,103,15,15
1148,97,81,16,16
1149,105,91,14,14
1150,87,77,10,10
1151,104,89,15,15
1152,80,81,-1,1
1153,54,54,0,0
1154,92,83,9,9
1155,48,47,1,1
1156,78,77,1,1
1157,136,110,26,26
1158,139,115,24,24
1159,61,99,-38,38
1160,83,77,6,6
1161,103,100,3,3
1162,128,110,18,18
1163,131,110,21,21
1164,76,68,8,8
1165,74,61,13,13
1166,135,120,15,15
1167,73,69,4,4
1168,115,107,8,8
1169,81,80,1,1
1170,140,117,23,23
1171,69,69,0,0
1172,46,49,-3,3
1173,109,95,14,14
1174,197,158,39,39
1175,111,113,-2,2
1176,100,89,11,11
1177,77,66,11,11
1178,66,64,2,2
1179,67,63,4,4
1180,120,121,-1,1
1181,349,321,28,28
1182,78,68,10,10
1183,118,111,7,7
1184,51,58,-7,7
1185,82,78,4,4
1186,49,43,6,6
1187,72,66,6,6
1188,112,223,-111,111
1189,140,111,29,29
1190,69,56,13,13
1191,94,87,7,7
1192,69,65,4,4
1193,96,90,6,6
1194,77,104,-27,27
1195,92,92,0,0
1196,141,125,16,16
1197,94,83,11,11
1198,92,74,18,18
1199,96,105,-9,9
1200,69,59,10,10
1201,35,44,-9,9
1202,78,70,8,8
1203,113,102,11,11
1204,99,83,16,16
1205,108,95,13,13
1206,118,99,19,19
1207,95,84,11,11
1208,106,97,9,9
1209,101,76,25,25
1210,77,81,-4,4
1211,97,84,13,13
1212,86,77,9,9
1213,60,57,3,3
1214,101,100,1,1
1215,105,88,17,17
1216,73,68,5,5
1217,90,79,11,11
1218,121,101,20,20
1219,80,78,2,2
1220,85,84,1,1
1221,158,141,17,17
1222,75,70,5,5
1223,70,70,0,0
1224,66,65,1,1
1225,107,93,14,14
1226,182,158,24,24
1227,134,117,17,17
1228,103,87,16,16
1229,69,69,0,0
1230,95,79,16,16
1231,33,36,-3,3
1232,58,54,4,4
1233,63,65,-2,2
1234,115,92,23,23
1235,111,90,21,21
1236,128,106,22,22
1237,141,116,25,25
1238,50,51,-1,1
1239,129,101,28,28
1240,49,55,-6,6
1241,91,78,13,13
1242,131,109,22,22
1243,120,96,24,24
1244,91,81,10,10
1245,108,99,9,9
1246,70,69,1,1
1247,51,46,5,5
1248,92,89,3,3
1249,77,70,7,7
1250,149,124,25,25
1251,117,98,19,19
1252,144,127,17,17
1253,82,68,14,14
1254,107,100,7,7
1255,51,48,3,3
1256,55,56,-1,1
1257,101,91,10,10
1258,99,85,14,14
1259,114,97,17,17
1260,55,61,-6,6
1261,83,75,8,8
1262,174,149,25,25
1263,136,116,20,20
1264,89,83,6,6
1265,67,70,-3,3
1266,81,75,6,6
1267,122,113,9,9
1268,74,73,1,1
1269,149,146,3,3
1270,62,62,0,0
1271,64,66,-2,2
1272,85,82,3,3
1273,163,127,36,36
1274,72,67,5,5
1275,62,55,7,7
1276,50,51,-1,1
1277,57,59,-2,2
1278,82,85,-3,3
1279,58,56,2,2
1280,51,47,4,4
1281,63,63,0,0
1282,125,105,20,20
1283,78,78,0,0
1284,57,52,5,5
1285,65,59,6,6
1286,111,106,5,5
1287,90,77,13,13
1288,107,96,11,11
1289,81,71,10,10
1290,133,101,32,32
1291,111,109,2,2
1292,64,67,-3,3
1293,56,69,-13,13
1294,51,53,-2,2
1295,64,62,2,2
1296,156,132,24,24
1297,96,96,0,0
1298,94,77,17,17
1299,65,85,-20,20
1300,167,138,29,29
1301,44,45,-1,1
1302,255,195,60,60
1303,80,69,11,11
1304,142,119,23,23
1305,73,57,16,16
1306,114,98,16,16
1307,81,69,12,12
1308,66,62,4,4
1309,91,81,10,10
1310,106,87,19,19
1311,84,83,1,1
1312,120,111,9,9
1313,115,101,14,14
1314,130,111,19,19
1315,192,175,17,17
1316,150,124,26,26
1317,87,79,8,8
1318,69,67,2,2
1319,170,157,13,13
1320,99,87,12,12
1321,72,73,-1,1
1322,106,89,17,17
1323,142,109,33,33
1324,44,45,-1,1
1325,87,84,3,3
1326,72,70,2,2
1327,116,98,18,18
1328,66,62,4,4
1329,43,39,4,4
1330,145,122,23,23
1331,92,81,11,11
1332,86,82,4,4
1333,87,86,1,1
1334,71,63,8,8
1335,136,114,22,22
1336,73,71,2,2
1337,81,79,2,2
1338,65,56,9,9
1339,97,80,17,17
1340,61,57,4,4
1341,76,62,14,14
1342,55,50,5,5
1343,100,85,15,15
1344,120,109,11,11
1345,110,109,1,1
1346,103,95,8,8
1347,57,54,3,3
1348,95,77,18,18
1349,82,79,3,3
1350,105,104,1,1
1351,68,67,1,1
1352,177,146,31,31
1353,97,88,9,9
1354,150,117,33,33
1355,38,40,-2,2
1356,85,76,9,9
1357,79,76,3,3
1358,78,75,3,3
1359,98,89,9,9
1360,138,117,21,21
1361,92,76,16,16
1362,110,95,15,15
1363,135,128,7,7
1364,96,88,8,8
1365,107,91,16,16
1366,84,81,3,3
1367,82,71,11,11
1368,87,96,-9,9
1369,58,57,1,1
1370,55,48,7,7
1371,69,69,0,0
1372,193,161,32,32
1373,102,97,5,5
1374,105,89,16,16
1375,74,82,-8,8
1376,122,128,-6,6
1377,85,77,8,8
1378,103,91,12,12
1379,139,116,23,23
1380,91,77,14,14
1381,84,87,-3,3
1382,155,125,30,30
1383,73,67,6,6
1384,141,117,24,24
1385,70,59,11,11
1386,93,78,15,15
1387,100,82,18,18
1388,96,83,13,13
1389,56,55,1,1
1390,93,106,-13,13
1391,97,107,-10,10
1392,43,40,3,3
1393,58,52,6,6
1394,107,93,14,14
1395,118,104,14,14
1396,64,52,12,12
1397,114,90,24,24
1398,84,73,11,11
1399,68,68,0,0
1400,170,139,31,31
1401,121,105,16,16
1402,180,153,27,27
1403,81,76,5,5
1404,131,111,20,20
1405,166,140,26,26
1406,83,77,6,6
1407,107,88,19,19
1408,95,86,9,9
1409,88,72,16,16
1410,149,124,25,25
1411,160,138,22,22
1412,112,100,12,12
1413,145,127,18,18
1414,38,35,3,3
1415,104,88,16,16
1416,125,116,9,9
1417,86,78,8,8
1418,105,92,13,13
1419,44,46,-2,2
1420,116,94,22,22
1421,136,118,18,18
1422,149,124,25,25
1423,135,97,38,38
1424,51,50,1,1
1425,94,94,0,0
1426,88,90,-2,2
1427,128,116,12,12
1428,148,126,22,22
1429,103,100,3,3
1430,59,55,4,4
1431,75,70,5,5
1432,83,76,7,7
1433,73,67,6,6
1434,75,88,-13,13
1435,74,74,0,0
1436,85,78,7,7
1437,74,65,9,9
1438,99,88,11,11
1439,122,111,11,11
1440,130,118,12,12
1441,61,61,0,0
1442,48,45,3,3
1443,111,105,6,6
1444,58,52,6,6
1445,61,69,-8,8
1446,129,118,11,11
1447,55,52,3,3
1448,159,136,23,23
1449,81,73,8,8
1450,44,46,-2,2
1451,64,57,7,7
1452,105,87,18,18
1453,131,118,13,13
1454,188,156,32,32
1455,107,92,15,15
1456,74,71,3,3
1457,155,149,6,6
1458,93,80,13,13
1459,125,111,14,14
1460,113,106,7,7
1461,81,73,8,8
1462,73,65,8,8
1463,78,69,9,9
1464,124,100,24,24
1465,68,68,0,0
1466,90,84,6,6
1467,108,88,20,20
1468,73,66,7,7
1469,92,82,10,10
1470,118,107,11,11
1471,70,58,12,12
1472,98,92,6,6
1473,70,62,8,8
1474,72,68,4,4
1475,107,86,21,21
1476,112,99,13,13
1477,118,103,15,15
1478,86,75,11,11
1479,114,88,26,26
1480,121,103,18,18
1481,120,99,21,21
1482,275,196,79,79
1483,98,80,18,18
1484,95,95,0,0
1485,80,68,12,12
1486,126,118,8,8
1487,98,90,8,8
1488,133,131,2,2
1489,61,58,3,3
1490,129,107,22,22
1491,117,103,14,14
1492,54,70,-16,16
1493,54,53,1,1
1494,48,48,0,0
1495,85,75,10,10
1496,56,70,-14,14
1497,77,81,-4,4
1498,140,111,29,29
1499,69,66,3,3
1500,88,78,10,10
1501,107,94,13,13
1502,81,74,7,7
1503,134,109,25,25
1504,80,72,8,8
1505,121,104,17,17
1506,111,96,15,15
1507,72,71,1,1
1508,155,139,16,16
1509,61,59,2,2
1510,70,70,0,0
1511,55,52,3,3
1512,74,69,5,5
1513,151,131,20,20
1514,38,40,-2,2
1515,164,167,-3,3
1516,66,71,-5,5
1517,58,51,7,7
1518,66,62,4,4
1519,116,94,22,22
1520,71,80,-9,9
1521,99,90,9,9
1522,108,107,1,1
1523,77,74,3,3
1524,56,57,-1,1
1525,126,100,26,26
1526,117,103,14,14
1527,71,60,11,11
1528,80,70,10,10
1529,69,65,4,4
1530,76,65,11,11
1531,137,120,17,17
1532,184,154,30,30
1533,131,107,24,24
1534,149,124,25,25
1535,95,86,9,9
1536,122,108,14,14
1537,54,49,5,5
1538,88,83,5,5
1539,83,78,5,5
1540,69,69,0,0
1541,87,91,-4,4
1542,156,135,21,21
1543,118,109,9,9
1544,55,55,0,0
1545,83,76,7,7
1546,81,84,-3,3
1547,101,99,2,2
1548,73,67,6,6
1549,105,96,9,9
1550,82,79,3,3
1551,65,62,3,3
1552,78,72,6,6
1553,115,99,16,16
1554,133,113,20,20
1555,58,58,0,0
1556,108,101,7,7
1557,128,117,11,11
1558,136,108,28,28
1559,37,42,-5,5
1560,95,91,4,4
1561,121,105,16,16
1562,87,75,12,12
1563,100,106,-6,6
1564,89,76,13,13
1565,126,113,13,13
1566,109,108,1,1
1567,103,90,13,13
1568,150,122,28,28
1569,94,111,-17,17
1570,148,139,9,9
1571,60,56,4,4
1572,70,66,4,4
1573,131,121,10,10
1574,70,61,9,9
1575,95,91,4,4
1576,66,69,-3,3
1577,86,71,15,15
1578,91,79,12,12
1579,75,76,-1,1
1580,46,48,-2,2
1581,100,93,7,7
1582,98,84,14,14
1583,92,77,15,15
1584,112,92,20,20
1585,167,139,28,28
1586,90,87,3,3
1587,109,90,19,19
1588,93,97,-4,4
1589,61,60,1,1
1590,123,104,19,19
1591,93,86,7,7
1592,74,62,12,12
1593,36,41,-5,5
1594,89,76,13,13
1595,144,136,8,8
1596,80,74,6,6
1597,114,102,12,12
1598,106,103,3,3
1599,57,56,1,1
1600,70,73,-3,3
1601,112,103,9,9
1602,92,79,13,13
1603,106,91,15,15
1604,122,112,10,10
1605,128,108,20,20
1606,109,98,11,11
1607,75,68,7,7
1608,120,101,19,19
1609,60,53,7,7
1610,137,113,24,24
1611,78,75,3,3
1612,93,90,3,3
1613,91,81,10,10
1614,84,76,8,8
1615,137,120,17,17
1616,43,46,-3,3
1617,74,60,14,14
1618,77,69,8,8
1619,114,103,11,11
1620,104,82,22,22
1621,101,96,5,5
1622,43,42,1,1
1623,106,94,12,12
1624,90,80,10,10
1625,114,107,7,7
1626,82,66,16,16
1627,62,65,-3,3
1628,112,98,14,14
1629,46,50,-4,4
1630,104,85,19,19
1631,106,94,12,12
1632,62,56,6,6
1633,123,111,12,12
1634,95,85,10,10
1635,64,66,-2,2
1636,76,76,0,0
1637,104,92,12,12
1638,126,112,14,14
1639,144,123,21,21
1640,119,109,10,10
1641,74,65,9,9
1642,51,53,-2,2
1643,91,86,5,5
1644,86,85,1,1
1645,95,82,13,13
1646,72,68,4,4
1647,162,137,25,25
1648,87,74,13,13
1649,91,85,6,6
1650,122,123,-1,1
1651,70,67,3,3
1652,106,102,4,4
1653,89,86,3,3
1654,59,51,8,8
1655,44,43,1,1
1656,74,61,13,13
1657,77,74,3,3
1658,135,113,22,22
1659,107,95,12,12
1660,64,59,5,5
1661,52,64,-12,12
1662,61,59,2,2
1663,74,68,6,6
1664,87,92,-5,5
1665,106,91,15,15
1666,64,60,4,4
1667,70,68,2,2
1668,77,72,5,5
1669,62,56,6,6
1670,67,62,5,5
1671,109,95,14,14
1672,118,105,13,13
1673,74,75,-1,1
1674,100,85,15,15
1675,83,90,-7,7
1676,83,68,15,15
1677,121,103,18,18
1678,79,79,0,0
1679,46,44,2,2
1680,92,76,16,16
1681,102,89,13,13
1682,103,87,16,16
1683,64,54,10,10
1684,101,88,13,13
1685,105,90,15,15
1686,55,55,0,0
1687,66,59,7,7
1688,60,58,2,2
1689,62,62,0,0
1690,150,135,15,15
1691,84,83,1,1
1692,98,96,2,2
1693,59,60,-1,1
1694,57,57,0,0
1695,88,113,-25,25
1696,146,131,15,15
1697,58,58,0,0
1698,73,62,11,11
1699,192,158,34,34
1700,58,52,6,6
1701,97,81,16,16
1702,84,75,9,9
1703,149,125,24,24
1704,162,124,38,38
1705,53,61,-8,8
1706,48,53,-5,5
1707,103,102,1,1
1708,64,62,2,2
1709,85,74,11,11
1710,64,61,3,3
1711,73,65,8,8
1712,72,60,12,12
1713,136,106,30,30
1714,103,88,15,15
1715,161,133,28,28
1716,89,79,10,10
1717,102,86,16,16
1718,66,104,-38,38
1719,87,76,11,11
1720,101,90,11,11
1721,90,88,2,2
1722,108,102,6,6
1723,59,60,-1,1
1724,118,102,16,16
1725,56,53,3,3
1726,195,166,29,29
1727,70,62,8,8
1728,90,83,7,7
1729,108,101,7,7
1730,118,118,0,0
1731,74,70,4,4
1732,115,100,15,15
1733,31,36,-5,5
1734,121,114,7,7
1735,43,43,0,0
1736,78,70,8,8
1737,63,62,1,1
1738,57,50,7,7
1739,53,54,-1,1
1740,63,61,2,2
1741,88,80,8,8
1742,80,81,-1,1
1743,133,122,11,11
1744,90,75,15,15
1745,130,113,17,17
1746,70,64,6,6
1747,169,134,35,35
1748,45,47,-2,2
1749,171,144,27,27
1750,84,76,8,8
1751,95,89,6,6
1752,73,73,0,0
1753,59,56,3,3
1754,82,83,-1,1
1755,101,86,15,15
1756,77,78,-1,1
1757,57,61,-4,4
1758,97,84,13,13
1759,69,65,4,4
1760,82,67,15,15
1761,60,72,-12,12
1762,70,66,4,4
1763,79,75,4,4
1764,127,112,15,15
1765,92,94,-2,2
1766,119,106,13,13
1767,59,56,3,3
1768,66,65,1,1
1769,44,46,-2,2
1770,46,43,3,3
1771,129,104,25,25
1772,93,77,16,16
1773,98,112,-14,14
1774,89,78,11,11
1775,74,68,6,6
1776,96,87,9,9
1777,103,86,17,17
1778,84,82,2,2
1779,75,67,8,8
1780,167,135,32,32
1781,85,79,6,6
1782,108,108,0,0
1783,59,56,3,3
1784,101,91,10,10
1785,76,71,5,5
1786,118,102,16,16
1787,67,63,4,4
1788,53,61,-8,8
1789,108,99,9,9
1790,103,91,12,12
1791,130,126,4,4
1792,83,76,7,7
1793,52,60,-8,8
1794,79,75,4,4
1795,80,79,1,1
1796,88,61,27,27
1797,55,56,-1,1
1798,53,50,3,3
1799,116,97,19,19
1800,103,91,12,12
1801,73,73,0,0
1802,72,68,4,4
1803,155,127,28,28
1804,205,179,26,26
1805,55,53,2,2
1806,119,104,15,15
1807,93,80,13,13
1808,81,76,5,5
1809,93,83,10,10
1810,121,110,11,11
1811,62,57,5,5
1812,61,61,0,0
1813,113,102,11,11
1814,79,69,10,10
1815,130,118,12,12
1816,68,71,-3,3
1817,81,74,7,7
1818,114,96,18,18
1819,101,80,21,21
1820,63,53,10,10
1821,87,91,-4,4
1822,117,106,11,11
1823,114,102,12,12
1824,109,96,13,13
1825,96,84,12,12
1826,54,55,-1,1
1827,132,116,16,16
1828,85,82,3,3
1829,70,61,9,9
1830,60,49,11,11
1831,68,64,4,4
1832,48,44,4,4
1833,75,74,1,1
1834,126,108,18,18
1835,106,90,16,16
1836,60,55,5,5
1837,70,60,10,10
1838,52,48,4,4
1839,86,73,13,13
1840,74,65,9,9
1841,118,99,19,19
1842,43,45,-2,2
1843,207,180,27,27
1844,97,82,15,15
1845,78,71,7,7
1846,100,94,6,6
1847,108,90,18,18
1848,73,67,6,6
1849,151,126,25,25
1850,45,46,-1,1
1851,81,71,10,10
1852,68,64,4,4
1853,140,132,8,8
1854,121,103,18,18
1855,88,95,-7,7
1856,42,43,-1,1
1857,76,73,3,3
1858,89,78,11,11
1859,61,58,3,3
1860,98,82,16,16
1861,78,76,2,2
1862,54,55,-1,1
1863,128,130,-2,2
1864,160,137,23,23
1865,65,63,2,2
1866,109,95,14,14
1867,149,140,9,9
1868,112,95,17,17
1869,78,70,8,8
1870,61,55,6,6
1871,82,72,10,10
1872,54,49,5,5
1873,45,51,-6,6
1874,102,88,14,14
1875,92,82,10,10
1876,121,108,13,13
1877,119,106,13,13
1878,84,73,11,11
1879,99,94,5,5
1880,116,108,8,8
1881,119,103,16,16
1882,157,135,22,22
1883,119,97,22,22
1884,92,78,14,14
1885,60,62,-2,2
1886,101,93,8,8
1887,90,86,4,4
1888,132,127,5,5
1889,156,135,21,21
1890,101,90,11,11
1891,88,78,10,10
1892,141,107,34,34
1893,56,55,1,1
1894,85,70,15,15
1895,182,144,38,38
1896,127,103,24,24
1897,76,68,8,8
1898,83,72,11,11
1899,59,53,6,6
1900,33,37,-4,4
1901,38,40,-2,2
1902,90,73,17,17
1903,87,91,-4,4
1904,81,81,0,0
1905,123,113,10,10
1906,111,93,18,18
1907,207,189,18,18
1908,140,121,19,19
1909,90,78,12,12
1910,67,67,0,0
1911,102,118,-16,16
1912,65,61,4,4
1913,81,78,3,3
1914,75,68,7,7
1915,93,88,5,5
1916,87,91,-4,4
1917,183,147,36,36
1918,95,86,9,9
1919,200,168,32,32
1920,95,86,9,9
1921,199,165,34,34
1922,87,74,13,13
1923,56,51,5,5
1924,55,61,-6,6
1925,90,88,2,2
1926,64,65,-1,1
1927,57,54,3,3
1928,179,167,12,12
1929,78,71,7,7
1930,54,54,0,0
1931,112,96,16,16
1932,69,77,-8,8
1933,73,73,0,0
1934,64,63,1,1
1935,65,66,-1,1
1936,63,58,5,5
1937,159,133,26,26
1938,71,71,0,0
1939,90,78,12,12
1940,116,100,16,16
1941,110,99,11,11
1942,80,76,4,4
1943,116,110,6,6
1944,101,97,4,4
1945,145,123,22,22
1946,144,128,16,16
1947,163,135,28,28
1948,115,111,4,4
1949,115,115,0,0
1950,102,97,5,5
1951,105,82,23,23
1952,61,56,5,5
1953,74,69,5,5
1954,88,79,9,9
1955,86,72,14,14
1956,98,89,9,9
1957,113,100,13,13
1958,82,66,16,16
1959,124,96,28,28
1960,76,66,10,10
1961,137,122,15,15
1962,88,90,-2,2
1963,130,111,19,19
1964,75,64,11,11
1965,97,77,20,20
1966,114,110,4,4
1967,92,83,9,9
1968,106,95,11,11
1969,89,85,4,4
1970,72,83,-11,11
1971,92,83,9,9
1972,66,61,5,5
1973,26,33,-7,7
1974,106,92,14,14
1975,82,77,5,5
1976,112,103,9,9
1977,94,82,12,12
1978,106,91,15,15
1979,114,95,19,19
1980,85,93,-8,8
1981,144,129,15,15
1982,137,112,25,25
1983,56,60,-4,4
1984,62,47,15,15
1985,65,66,-1,1
1986,71,70,1,1
1987,78,79,-1,1
1988,66,55,11,11
1989,106,100,6,6
1990,74,92,-18,18
1991,46,111,-65,65
1992,140,117,23,23
1993,129,108,21,21
1994,83,78,5,5
1995,81,77,4,4
1996,49,47,2,2
1997,124,108,16,16
1998,42,41,1,1
1999,89,78,11,11
2000,101,87,14,14
2001,184,176,8,8
2002,113,97,16,16
2003,212,179,33,33
2004,120,101,19,19
2005,95,87,8,8
2006,120,108,12,12
2007,97,87,10,10
2008,72,67,5,5
2009,80,64,16,16
2010,87,88,-1,1
2011,100,88,12,12
2012,185,159,26,26
2013,90,83,7,7
2014,77,73,4,4
2015,67,65,2,2
2016,63,62,1,1
2017,74,71,3,3
2018,104,89,15,15
2019,129,112,17,17
2020,73,66,7,7
2021,128,109,19,19
2022,64,60,4,4
2023,88,75,13,13
2024,47,51,-4,4
2025,68,60,8,8
2026,75,63,12,12
2027,75,69,6,6
2028,80,77,3,3
2029,61,60,1,1
2030,74,69,5,5
2031,79,76,3,3
2032,62,65,-3,3
2033,121,114,7,7
2034,77,71,6,6
2035,104,92,12,12
2036,116,102,14,14
2037,61,69,-8,8
2038,86,75,11,11
2039,83,82,1,1
2040,119,106,13,13
2041,109,105,4,4
2042,83,87,-4,4
2043,66,66,0,0
2044,112,101,11,11
2045,110,100,10,10
2046,115,113,2,2
2047,97,88,9,9
2048,115,104,11,11
2049,78,75,3,3
2050,58,55,3,3
2051,98,94,4,4
2052,104,91,13,13
2053,109,92,17,17
2054,143,122,21,21
2055,98,88,10,10
2056,56,59,-3,3
2057,61,59,2,2
2058,86,75,11,11
2059,73,69,4,4
2060,101,90,11,11
2061,165,135,30,30
2062,64,57,7,7
2063,62,55,7,7
2064,68,62,6,6
2065,101,94,7,7
2066,72,74,-2,2
2067,56,54,2,2
2068,109,89,20,20
2069,63,56,7,7
2070,48,48,0,0
2071,134,119,15,15
2072,91,90,1,1
2073,80,77,3,3
2074,112,96,16,16
2075,49,48,1,1
2076,91,79,12,12
2077,75,75,0,0
2078,86,71,15,15
2079,142,115,27,27
2080,79,68,11,11
2081,122,114,8,8
2082,139,121,18,18
2083,79,67,12,12
2084,184,146,38,38
2085,134,145,-11,11
2086,99,86,13,13
2087,59,61,-2,2
2088,77,74,3,3
2089,84,75,9,9
2090,116,107,9,9
2091,41,40,1,1
2092,70,63,7,7
2093,39,40,-1,1
2094,82,76,6,6
2095,58,56,2,2
2096,166,138,28,28
2097,71,69,2,2
2098,119,102,17,17
2099,92,90,2,2
2100,116,107,9,9
2101,121,98,23,23
2102,106,93,13,13
2103,82,73,9,9
2104,137,121,16,16
2105,113,105,8,8
2106,84,80,4,4
2107,136,113,23,23
2108,57,56,1,1
2109,142,119,23,23
2110,55,50,5,5
2111,82,74,8,8
2112,208,172,36,36
2113,101,81,20,20
2114,156,142,14,14
2115,175,139,36,36
2116,137,109,28,28
2117,105,109,-4,4
2118,84,81,3,3
2119,78,74,4,4
2120,115,93,22,22
2121,74,68,6,6
2122,67,61,6,6
2123,46,45,1,1
2124,123,107,16,16
2125,68,62,6,6
2126,110,104,6,6
2127,95,84,11,11
2128,77,78,-1,1
2129,86,84,2,2
2130,62,55,7,7
2131,91,75,16,16
2132,76,71,5,5
2133,92,74,18,18
2134,98,83,15,15
2135,108,95,13,13
2136,142,124,18,18
2137,111,80,31,31
2138,96,90,6,6
2139,86,77,9,9
2140,138,120,18,18
2141,89,85,4,4
2142,149,119,30,30
2143,82,78,4,4
2144,135,123,12,12
2145,94,83,11,11
2146,79,75,4,4
2147,84,78,6,6
2148,44,75,-31,31
2149,46,57,-11,11
2150,96,85,11,11
2151,114,99,15,15
2152,57,55,2,2
2153,79,69,10,10
2154,78,81,-3,3
2155,117,122,-5,5
2156,98,80,18,18
2157,57,50,7,7
2158,99,81,18,18
2159,97,82,15,15
2160,98,82,16,16
2161,70,62,8,8
2162,102,97,5,5
2163,82,79,3,3
2164,81,74,7,7
2165,69,67,2,2
2166,66,57,9,9
2167,97,77,20,20
2168,86,81,5,5
2169,58,54,4,4
2170,83,80,3,3
2171,78,73,5,5
2172,64,57,7,7
2173,127,92,35,35
2174,73,58,15,15
2175,70,73,-3,3
2176,93,89,4,4
2177,116,105,11,11
2178,103,82,21,21
2179,44,46,-2,2
2180,84,86,-2,2
2181,116,89,27,27
2182,102,96,6,6
2183,56,47,9,9
2184,117,102,15,15
2185,111,99,12,12
2186,82,81,1,1
2187,115,98,17,17
2188,96,97,-1,1
2189,137,101,36,36
2190,111,100,11,11
2191,63,64,-1,1
2192,65,59,6,6
2193,57,53,4,4
2194,82,67,15,15
2195,64,79,-15,15
2196,100,89,11,11
2197,68,60,8,8
2198,57,59,-2,2
2199,76,65,11,11
2200,138,120,18,18
2201,61,64,-3,3
2202,80,80,0,0
2203,98,93,5,5
2204,137,119,18,18
2205,101,86,15,15
2206,122,111,11,11
2207,75,77,-2,2
2208,118,103,15,15
2209,87,82,5,5
2210,116,104,12,12
2211,97,88,9,9
2212,147,141,6,6
2213,74,64,10,10
2214,55,56,-1,1
2215,110,89,21,21
2216,93,86,7,7
2217,64,67,-3,3
2218,105,102,3,3
2219,70,90,-20,20
2220,92,77,15,15
2221,63,60,3,3
2222,93,83,10,10
2223,60,64,-4,4
2224,82,76,6,6
2225,108,96,12,12
2226,118,105,13,13
2227,167,144,23,23
2228,112,100,12,12
2229,85,77,8,8
2230,77,84,-7,7
2231,105,97,8,8
2232,144,127,17,17
2233,159,148,11,11
2234,68,63,5,5
2235,42,39,3,3
2236,111,116,-5,5
2237,67,70,-3,3
2238,135,115,20,20
2239,45,50,-5,5
2240,79,69,10,10
2241,117,107,10,10
2242,94,83,11,11
2243,44,75,-31,31
2244,94,92,2,2
2245,140,117,23,23
2246,98,85,13,13
2247,66,65,1,1
2248,63,64,-1,1
2249,65,65,0,0
2250,104,97,7,7
2251,92,88,4,4
2252,86,80,6,6
2253,81,77,4,4
2254,77,80,-3,3
2255,78,73,5,5
2256,48,52,-4,4
2257,39,37,2,2
2258,47,40,7,7
2259,94,94,0,0
2260,161,136,25,25
2261,72,58,14,14
2262,35,40,-5,5
2263,89,91,-2,2
2264,69,86,-17,17
2265,102,97,5,5
2266,79,90,-11,11
2267,107,89,18,18
2268,111,113,-2,2
2269,95,88,7,7
2270,102,94,8,8
2271,89,87,2,2
2272,65,57,8,8
2273,108,98,10,10
2274,57,64,-7,7
2275,103,90,13,13
2276,151,115,36,36
2277,184,150,34,34
2278,78,71,7,7
2279,185,142,43,43
2280,63,65,-2,2
2281,131,116,15,15
2282,155,131,24,24
2283,87,73,14,14
2284,136,119,17,17
2285,104,97,7,7
2286,54,50,4,4
2287,107,98,9,9
2288,64,58,6,6
2289,68,65,3,3
2290,90,84,6,6
2291,65,68,-3,3
2292,86,85,1,1
2293,78,71,7,7
2294,72,62,10,10
2295,50,57,-7,7
2296,107,97,10,10
2297,101,195,-94,94
2298,104,91,13,13
2299,47,46,1,1
2300,87,76,11,11
2301,102,95,7,7
2302,103,86,17,17
2303,62,50,12,12
2304,57,57,0,0
2305,68,67,1,1
2306,109,99,10,10
2307,80,81,-1,1
2308,76,78,-2,2
2309,97,91,6,6
2310,83,72,11,11
2311,116,103,13,13
2312,72,63,9,9
2313,49,51,-2,2
2314,108,103,5,5
2315,106,85,21,21
2316,135,113,22,22
2317,115,107,8,8
2318,111,92,19,19
2319,95,78,17,17
2320,56,61,-5,5
2321,154,123,31,31
2322,106,95,11,11
2323,71,67,4,4
2324,92,80,12,12
2325,96,77,19,19
2326,75,74,1,1
2327,127,102,25,25
2328,66,66,0,0
2329,78,70,8,8
2330,148,129,19,19
2331,95,84,11,11
2332,145,112,33,33
2333,80,80,0,0
2334,48,46,2,2
2335,73,77,-4,4
2336,128,120,8,8
2337,38,43,-5,5
2338,180,157,23,23
2339,63,60,3,3
2340,60,56,4,4
2341,149,131,18,18
2342,97,93,4,4
2343,57,57,0,0
2344,158,128,30,30
2345,85,83,2,2
2346,83,70,13,13
2347,145,120,25,25
2348,76,70,6,6
2349,107,92,15,15
2350,177,147,30,30
2351,106,85,21,21
2352,73,68,5,5
2353,43,44,-1,1
2354,141,111,30,30
2355,100,96,4,4
2356,81,89,-8,8
2357,267,193,74,74
2358,69,65,4,4
2359,114,104,10,10
2360,110,98,12,12
2361,107,99,8,8
2362,95,78,17,17
2363,92,79,13,13
2364,166,131,35,35
2365,83,80,3,3
2366,140,113,27,27
2367,102,88,14,14
2368,82,80,2,2
2369,88,86,2,2
2370,129,101,28,28
2371,171,158,13,13
2372,53,51,2,2
2373,139,108,31,31
2374,131,108,23,23
2375,137,112,25,25
2376,65,62,3,3
2377,83,79,4,4
2378,191,167,24,24
2379,65,54,11,11
2380,197,161,36,36
2381,101,91,10,10
2382,147,129,18,18
2383,159,141,18,18
2384,46,45,1,1
2385,151,127,24,24
2386,104,88,16,16
2387,132,122,10,10
2388,67,63,4,4
2389,80,74,6,6
2390,198,167,31,31
2391,116,119,-3,3
2392,72,98,-26,26
2393,152,124,28,28
2394,63,69,-6,6
2395,61,60,1,1
2396,112,100,12,12
2397,96,80,16,16
2398,90,79,11,11
2399,118,108,10,10
2400,102,95,7,7
2401,65,61,4,4
2402,93,89,4,4
2403,64,59,5,5
2404,88,106,-18,18
2405,116,102,14,14
2406,94,95,-1,1
2407,96,97,-1,1
2408,83,89,-6,6
2409,125,111,14,14
2410,71,61,10,10
2411,147,139,8,8
2412,117,108,9,9
2413,125,109,16,16
2414,65,57,8,8
2415,69,69,0,0
2416,72,66,6,6
2417,80,77,3,3
2418,73,64,9,9
2419,62,61,1,1
2420,126,111,15,15
2421,56,52,4,4
2422,90,86,4,4
2423,95,91,4,4
2424,67,65,2,2
2425,37,41,-4,4
2426,128,108,20,20
2427,63,57,6,6
2428,32,39,-7,7
2429,63,56,7,7
2430,42,48,-6,6
2431,90,85,5,5
2432,58,57,1,1
2433,159,126,33,33
2434,114,109,5,5
2435,76,72,4,4
2436,71,65,6,6
2437,91,82,9,9
2438,144,118,26,26
2439,71,63,8,8
2440,70,70,0,0
2441,109,101,8,8
2442,86,77,9,9
2443,114,105,9,9
2444,66,51,15,15
2445,92,77,15,15
2446,71,65,6,6
2447,92,79,13,13
2448,137,134,3,3
2449,73,78,-5,5
2450,73,67,6,6
2451,101,85,16,16
2452,119,102,17,17
2453,97,88,9,9
2454,110,93,17,17
2455,69,60,9,9
2456,81,71,10,10
2457,67,65,2,2
2458,139,118,21,21
2459,88,79,9,9
2460,114,98,16,16
2461,64,57,7,7
2462,86,79,7,7
2463,122,106,16,16
2464,122,104,18,18
2465,94,82,12,12
2466,128,119,9,9
2467,83,72,11,11
2468,92,83,9,9
2469,175,151,24,24
2470,141,126,15,15
2471,72,71,1,1
2472,135,129,6,6
2473,84,74,10,10
2474,123,107,16,16
2475,113,106,7,7
2476,135,117,18,18
2477,83,77,6,6
2478,58,59,-1,1
2479,146,129,17,17
2480,123,111,12,12
2481,50,47,3,3
2482,67,73,-6,6
2483,80,78,2,2
2484,136,118,18,18
2485,165,142,23,23
2486,84,71,13,13
2487,107,93,14,14
2488,151,135,16,16
2489,111,101,10,10
2490,51,55,-4,4
2491,78,74,4,4
2492,145,112,33,33
2493,54,55,-1,1
2494,86,76,10,10
2495,93,83,10,10
2496,117,97,20,20
2497,52,50,2,2
2498,84,83,1,1
2499,196,173,23,23
2500,70,56,14,14
2501,166,147,19,19
2502,103,83,20,20
2503,67,74,-7,7
2504,54,50,4,4
2505,91,83,8,8
2506,124,110,14,14
2507,80,72,8,8
2508,111,102,9,9
2509,108,87,21,21
2510,134,124,10,10
2511,98,88,10,10
2512,64,80,-16,16
2513,73,69,4,4
2514,94,88,6,6
2515,61,68,-7,7
2516,90,85,5,5
2517,102,90,12,12
2518,150,125,25,25
2519,97,92,5,5
2520,76,69,7,7
2521,58,56,2,2
2522,90,69,21,21
2523,70,64,6,6
2524,65,63,2,2
2525,78,73,5,5
2526,53,55,-2,2
2527,83,70,13,13
2528,103,73,30,30
2529,74,67,7,7
2530,173,149,24,24
2531,63,63,0,0
2532,104,93,11,11
2533,96,91,5,5
2534,110,109,1,1
2535,83,73,10,10
2536,89,82,7,7
2537,95,94,1,1
2538,74,77,-3,3
2539,55,47,8,8
2540,117,106,11,11
2541,32,33,-1,1
2542,64,67,-3,3
2543,103,83,20,20
2544,121,108,13,13
2545,129,107,22,22
2546,90,88,2,2
2547,119,130,-11,11
2548,105,86,19,19
2549,78,68,10,10
2550,159,129,30,30
2551,73,70,3,3
2552,128,113,15,15
2553,149,132,17,17
2554,129,101,28,28
2555,87,85,2,2
2556,69,71,-2,2
2557,120,105,15,15
2558,57,53,4,4
2559,107,104,3,3
2560,56,54,2,2
2561,128,79,49,49
2562,153,120,33,33
2563,114,113,1,1
2564,96,92,4,4
2565,111,97,14,14
2566,130,118,12,12
2567,88,83,5,5
2568,75,70,5,5
2569,85,84,1,1
2570,105,96,9,9
2571,48,46,2,2
2572,98,87,11,11
2573,62,64,-2,2
2574,142,121,21,21
2575,91,69,22,22
2576,85,79,6,6
2577,67,60,7,7
2578,116,100,16,16
2579,82,82,0,0
2580,136,123,13,13
2581,145,115,30,30
2582,76,75,1,1
2583,46,47,-1,1
2584,112,116,-4,4
2585,119,109,10,10
2586,75,84,-9,9
2587,58,63,-5,5
2588,90,88,2,2
2589,106,104,2,2
2590,117,104,13,13
2591,97,86,11,11
2592,142,133,9,9
2593,156,134,22,22
2594,136,90,46,46
2595,73,74,-1,1
2596,98,79,19,19
2597,79,78,1,1
2598,130,119,11,11
2599,114,105,9,9
2600,122,109,13,13
2601,87,74,13,13
2602,136,114,22,22
2603,157,129,28,28
2604,53,51,2,2
2605,106,92,14,14
2606,62,61,1,1
2607,87,83,4,4
2608,75,66,9,9
2609,71,68,3,3
2610,87,79,8,8
2611,81,74,7,7
2612,110,94,16,16
2613,119,107,12,12
2614,103,90,13,13
2615,65,54,11,11
2616,137,112,25,25
2617,66,69,-3,3
2618,78,67,11,11
2619,93,89,4,4
2620,117,100,17,17
2621,95,86,9,9
2622,88,75,13,13
2623,102,82,20,20
2624,49,50,-1,1
2625,82,70,12,12
2626,70,68,2,2
2627,78,79,-1,1
2628,75,65,10,10
2629,80,78,2,2
2630,133,114,19,19
2631,82,77,5,5
2632,147,102,45,45
2633,174,148,26,26
2634,65,62,3,3
2635,95,85,10,10
2636,105,86,19,19
2637,72,65,7,7
2638,78,73,5,5
2639,137,121,16,16
2640,153,125,28,28
2641,131,132,-1,1
2642,53,55,-2,2
2643,88,76,12,12
2644,74,71,3,3
2645,62,59,3,3
2646,97,96,1,1
2647,121,105,16,16
2648,106,99,7,7
2649,76,96,-20,20
2650,103,94,9,9
2651,87,74,13,13
2652,67,58,9,9
2653,68,85,-17,17
2654,123,101,22,22
2655,68,60,8,8
2656,115,105,10,10
2657,116,95,21,21
2658,95,82,13,13
2659,57,59,-2,2
2660,106,91,15,15
2661,85,77,8,8
2662,106,86,20,20
2663,87,77,10,10
2664,86,79,7,7
2665,84,79,5,5
2666,60,56,4,4
2667,99,94,5,5
2668,84,91,-7,7
2669,60,56,4,4
2670,134,108,26,26
2671,130,117,13,13
2672,78,67,11,11
2673,62,60,2,2
2674,90,71,19,19
2675,105,101,4,4
2676,104,94,10,10
2677,102,94,8,8
2678,125,113,12,12
2679,74,61,13,13
2680,100,89,11,11
2681,103,98,5,5
2682,77,62,15,15
2683,86,77,9,9
2684,97,94,3,3
2685,81,79,2,2
2686,88,86,2,2
2687,52,54,-2,2
2688,59,62,-3,3
2689,89,76,13,13
2690,51,60,-9,9
2691,45,51,-6,6
2692,103,104,-1,1
2693,70,71,-1,1
2694,148,127,21,21
2695,91,89,2,2
2696,45,41,4,4
2697,146,132,14,14
2698,119,106,13,13
2699,107,102,5,5
2700,170,137,33,33
2701,62,58,4,4
2702,130,101,29,29
2703,40,54,-14,14
2704,91,80,11,11
2705,61,58,3,3
2706,72,62,10,10
2707,113,103,10,10
2708,120,93,27,27
2709,52,49,3,3
2710,43,47,-4,4
2711,63,56,7,7
2712,106,99,7,7
2713,109,99,10,10
2714,136,117,19,19
2715,100,92,8,8
2716,58,57,1,1
2717,64,59,5,5
2718,135,124,11,11
2719,125,113,12,12
2720,91,96,-5,5
2721,81,79,2,2
2722,53,49,4,4
2723,120,107,13,13
2724,96,90,6,6
2725,42,39,3,3
2726,122,110,12,12
2727,67,58,9,9
2728,97,81,16,16
2729,65,61,4,4
2730,86,83,3,3
2731,72,63,9,9
2732,62,55,7,7
2733,72,64,8,8
2734,83,68,15,15
2735,129,115,14,14
2736,109,96,13,13
2737,72,79,-7,7
2738,78,76,2,2
2739,175,164,11,11
2740,125,112,13,13
2741,65,54,11,11
2742,122,107,15,15
2743,79,75,4,4
2744,35,42,-7,7
2745,86,84,2,2
2746,120,101,19,19
2747,96,88,8,8
2748,152,135,17,17
2749,114,109,5,5
2750,94,88,6,6
2751,67,63,4,4
2752,94,89,5,5
2753,145,114,31,31
2754,52,50,2,2
2755,108,99,9,9
2756,86,87,-1,1
2757,91,85,6,6
2758,132,115,17,17
2759,160,142,18,18
2760,94,78,16,16
2761,136,111,25,25
2762,46,43,3,3
2763,76,64,12,12
2764,66,66,0,0
2765,72,66,6,6
2766,102,94,8,8
2767,77,73,4,4
2768,56,55,1,1
2769,139,129,10,10
2770,217,174,43,43
2771,105,96,9,9
2772,86,73,13,13
2773,172,144,28,28
2774,131,118,13,13
2775,141,121,20,20
2776,85,81,4,4
2777,68,58,10,10
2778,90,84,6,6
2779,75,70,5,5
2780,82,77,5,5
2781,76,68,8,8
2782,92,83,9,9
2783,76,70,6,6
2784,108,96,12,12
2785,99,88,11,11
2786,65,65,0,0
2787,101,99,2,2
2788,196,166,30,30
2789,80,78,2,2
2790,130,118,12,12
2791,57,71,-14,14
2792,105,88,17,17
2793,83,77,6,6
2794,75,83,-8,8
2795,37,41,-4,4
2796,92,87,5,5
2797,70,63,7,7
2798,35,39,-4,4
2799,120,99,21,21
2800,87,70,17,17
2801,56,47,9,9
2802,84,75,9,9
2803,185,157,28,28
2804,95,79,16,16
2805,76,68,8,8
2806,60,57,3,3
2807,84,79,5,5
2808,67,62,5,5
2809,79,72,7,7
2810,106,97,9,9
2811,121,105,16,16
2812,81,83,-2,2
2813,93,84,9,9
2814,150,127,23,23
2815,104,100,4,4
2816,95,84,11,11
2817,120,103,17,17
2818,140,130,10,10
2819,106,105,1,1
2820,92,74,18,18
2821,75,71,4,4
2822,69,76,-7,7
2823,78,70,8,8
2824,57,57,0,0
2825,71,62,9,9
2826,110,96,14,14
2827,90,82,8,8
2828,58,54,4,4
2829,52,52,0,0
2830,108,100,8,8
2831,53,57,-4,4
2832,102,90,12,12
2833,89,86,3,3
2834,158,131,27,27
2835,81,68,13,13
2836,93,92,1,1
2837,127,108,19,19
2838,117,102,15,15
2839,105,90,15,15
2840,133,116,17,17
2841,106,89,17,17
2842,149,126,23,23
2843,117,103,14,14
2844,92,82,10,10
2845,74,67,7,7
2846,156,132,24,24
2847,90,81,9,9
2848,116,106,10,10
2849,118,102,16,16
2850,109,100,9,9
2851,110,98,12,12
2852,84,84,0,0
2853,120,98,22,22
2854,145,128,17,17
2855,64,61,3,3
2856,95,101,-6,6
2857,54,54,0,0
2858,109,95,14,14
2859,81,74,7,7
2860,74,71,3,3
2861,123,116,7,7
2862,88,83,5,5
2863,153,139,14,14
2864,119,114,5,5
2865,100,90,10,10
2866,91,80,11,11
2867,85,67,18,18
2868,72,64,8,8
2869,137,115,22,22
2870,120,130,-10,10
2871,58,56,2,2
2872,106,94,12,12
2873,100,87,13,13
2874,75,71,4,4
2875,71,64,7,7
2876,90,76,14,14
2877,56,53,3,3
2878,109,96,13,13
2879,97,92,5,5
2880,95,82,13,13
2881,84,72,12,12
2882,64,60,4,4
2883,79,70,9,9
2884,66,61,5,5
2885,65,65,0,0
2886,117,105,12,12
2887,143,126,17,17
2888,65,59,6,6
2889,80,72,8,8
2890,111,107,4,4
2891,116,102,14,14
2892,80,120,-40,40
2893,89,84,5,5
2894,181,149,32,32
2895,95,82,13,13
2896,81,73,8,8
2897,172,136,36,36
2898,137,109,28,28
2899,83,77,6,6
2900,98,89,9,9
2901,131,111,20,20
2902,75,70,5,5
2903,160,140,20,20
2904,115,94,21,21
2905,124,116,8,8
2906,121,102,19,19
2907,113,99,14,14
2908,116,101,15,15
2909,62,63,-1,1
2910,94,79,15,15
2911,92,83,9,9
2912,144,123,21,21
2913,37,85,-48,48
2914,65,65,0,0
2915,159,154,5,5
2916,76,67,9,9
2917,116,104,12,12
2918,79,70,9,9
2919,89,89,0,0
2920,79,72,7,7
2921,100,97,3,3
2922,92,79,13,13
2923,90,82,8,8
2924,53,52,1,1
2925,97,96,1,1
2926,148,126,22,22
2927,104,99,5,5
2928,57,48,9,9
2929,71,66,5,5
2930,116,115,1,1
2931,191,164,27,27
2932,122,106,16,16
2933,60,58,2,2
2934,125,142,-17,17
2935,69,73,-4,4
2936,98,90,8,8
2937,131,108,23,23
2938,105,100,5,5
2939,103,89,14,14
2940,60,61,-1,1
2941,67,64,3,3
2942,118,103,15,15
2943,58,72,-14,14
2944,76,70,6,6
2945,109,91,18,18
2946,72,67,5,5
2947,87,77,10,10
2948,57,58,-1,1
2949,85,80,5,5
2950,78,76,2,2
2951,88,73,15,15
2952,75,66,9,9
2953,124,108,16,16
2954,84,82,2,2
2955,112,93,19,19
2956,98,84,14,14
2957,152,130,22,22
2958,54,52,2,2
2959,121,110,11,11
2960,164,138,26,26
2961,58,56,2,2
2962,164,143,21,21
2963,47,52,-5,5
2964,163,152,11,11
2965,104,91,13,13
2966,66,65,1,1
2967,111,99,12,12
2968,60,62,-2,2
2969,45,44,1,1
2970,98,86,12,12
2971,129,105,24,24
2972,94,85,9,9
2973,100,92,8,8
2974,88,83,5,5
2975,79,74,5,5
2976,73,71,2,2
2977,125,110,15,15
2978,91,86,5,5
2979,102,96,6,6
2980,137,119,18,18
2981,186,163,23,23
2982,67,66,1,1
2983,59,60,-1,1
2984,36,40,-4,4
2985,128,107,21,21
2986,80,70,10,10
2987,102,107,-5,5
2988,137,104,33,33
2989,58,46,12,12
2990,94,85,9,9
2991,90,79,11,11
2992,110,93,17,17
2993,101,100,1,1
2994,78,72,6,6
2995,121,97,24,24
2996,87,74,13,13
2997,81,74,7,7
2998,70,66,4,4
2999,142,122,20,20
3000,93,87,6,6
3001,98,80,18,18
3002,125,111,14,14
3003,65,59,6,6
3004,126,115,11,11
3005,77,68,9,9
3006,79,75,4,4
3007,85,81,4,4
3008,65,58,7,7
3009,74,74,0,0
3010,124,115,9,9
3011,112,94,18,18
3012,99,94,5,5
3013,73,64,9,9
3014,97,90,7,7
3015,73,68,5,5
3016,58,64,-6,6
3017,172,149,23,23
3018,91,83,8,8
3019,67,65,2,2
3020,100,94,6,6
3021,110,100,10,10
3022,58,59,-1,1
3023,96,92,4,4
3024,69,75,-6,6
3025,91,83,8,8
3026,64,62,2,2
3027,71,68,3,3
3028,49,61,-12,12
3029,88,87,1,1
3030,147,114,33,33
3031,71,64,7,7
3032,117,100,17,17
3033,89,87,2,2
3034,95,82,13,13
3035,78,74,4,4
3036,82,86,-4,4
3037,72,69,3,3
3038,137,108,29,29
3039,122,117,5,5
3040,115,98,17,17
3041,120,102,18,18
3042,119,111,8,8
3043,84,77,7,7
3044,88,75,13,13
3045,60,58,2,2
3046,115,103,12,12
3047,81,71,10,10
3048,136,130,6,6
3049,85,85,0,0
3050,100,98,2,2
3051,118,108,10,10
3052,109,95,14,14
3053,61,70,-9,9
3054,105,95,10,10
3055,206,166,40,40
3056,112,101,11,11
3057,83,76,7,7
3058,181,166,15,15
3059,151,125,26,26
3060,104,95,9,9
3061,83,90,-7,7
3062,109,93,16,16
3063,62,59,3,3
3064,76,72,4,4
3065,86,85,1,1
3066,127,104,23,23
3067,83,74,9,9
3068,122,98,24,24
3069,103,97,6,6
3070,107,97,10,10
3071,94,83,11,11
3072,103,83,20,20
3073,72,64,8,8
3074,66,65,1,1
3075,70,77,-7,7
3076,54,47,7,7
3077,57,63,-6,6
3078,165,147,18,18
3079,125,107,18,18
3080,125,118,7,7
3081,92,81,11,11
3082,53,42,11,11
3083,106,114,-8,8
3084,95,83,12,12
3085,94,80,14,14
3086,72,70,2,2
3087,78,71,7,7
3088,113,102,11,11
3089,106,86,20,20
3090,101,89,12,12
3091,102,102,0,0
3092,95,82,13,13
3093,69,67,2,2
3094,74,62,12,12
3095,104,87,17,17
3096,78,77,1,1
3097,86,80,6,6
3098,41,44,-3,3
3099,86,80,6,6
3100,80,69,11,11
3101,182,151,31,31
3102,83,78,5,5
3103,65,58,7,7
3104,81,69,12,12
3105,159,139,20,20
3106,103,90,13,13
3107,102,86,16,16
3108,60,50,10,10
3109,142,117,25,25
3110,62,60,2,2
3111,129,113,16,16
3112,79,78,1,1
3113,87,81,6,6
3114,127,105,22,22
3115,56,58,-2,2
3116,94,96,-2,2
3117,90,80,10,10
3118,62,64,-2,2
3119,60,62,-2,2
3120,110,116,-6,6
3121,98,94,4,4
3122,58,57,1,1
3123,88,80,8,8
3124,35,34,1,1
3125,138,122,16,16
3126,73,71,2,2
3127,99,76,23,23
3128,87,75,12,12
3129,69,67,2,2
3130,102,85,17,17
3131,89,84,5,5
3132,106,89,17,17
3133,116,101,15,15
3134,69,66,3,3
3135,75,67,8,8
3136,91,78,13,13
3137,67,65,2,2
3138,133,123,10,10
3139,76,73,3,3
3140,103,85,18,18
3141,71,59,12,12
3142,135,117,18,18
3143,99,93,6,6
3144,104,92,12,12
3145,146,116,30,30
3146,57,44,13,13
3147,108,105,3,3
3148,82,70,12,12
3149,106,88,18,18
3150,110,100,10,10
3151,98,90,8,8
3152,62,54,8,8
3153,102,94,8,8
3154,130,118,12,12
3155,108,89,19,19
3156,61,59,2,2
3157,73,78,-5,5
3158,54,53,1,1
3159,63,54,9,9
3160,140,111,29,29
3161,47,106,-59,59
3162,68,70,-2,2
3163,134,113,21,21
3164,106,93,13,13
3165,72,68,4,4
3166,107,96,11,11
3167,107,95,12,12
3168,53,50,3,3
3169,112,95,17,17
3170,124,110,14,14
3171,103,89,14,14
3172,76,74,2,2
3173,103,94,9,9
3174,92,88,4,4
3175,40,42,-2,2
3176,79,72,7,7
3177,83,81,2,2
3178,77,71,6,6
3179,75,68,7,7
3180,63,53,10,10
3181,134,117,17,17
3182,66,63,3,3
3183,173,154,19,19
3184,100,82,18,18
3185,119,95,24,24
3186,143,128,15,15
3187,61,64,-3,3
3188,59,59,0,0
3189,91,90,1,1
3190,61,57,4,4
3191,127,114,13,13
3192,164,142,22,22
3193,81,72,9,9
3194,136,117,19,19
3195,73,76,-3,3
3196,72,69,3,3
3197,82,74,8,8
3198,79,75,4,4
3199,70,70,0,0
3200,95,83,12,12
3201,63,57,6,6
3202,67,64,3,3
3203,127,114,13,13
3204,107,95,12,12
3205,58,56,2,2
3206,91,86,5,5
3207,60,52,8,8
3208,94,94,0,0
3209,90,72,18,18
3210,49,45,4,4
3211,94,104,-10,10
3212,68,59,9,9
3213,86,70,16,16
3214,107,87,20,20
3215,54,51,3,3
3216,88,74,14,14
3217,69,69,0,0
3218,85,75,10,10
3219,99,87,12,12
3220,116,113,3,3
3221,113,99,14,14
3222,42,53,-11,11
3223,36,35,1,1
3224,52,54,-2,2
3225,88,73,15,15
3226,62,61,1,1
3227,87,72,15,15
3228,97,99,-2,2
3229,94,87,7,7
3230,113,100,13,13
3231,168,138,30,30
3232,107,90,17,17
3233,130,115,15,15
3234,169,142,27,27
3235,84,81,3,3
3236,151,114,37,37
3237,75,62,13,13
3238,73,66,7,7
3239,64,66,-2,2
3240,144,133,11,11
3241,86,80,6,6
3242,91,80,11,11
3243,76,66,10,10
3244,112,105,7,7
3245,46,61,-15,15
3246,51,49,2,2
3247,116,97,19,19
3248,106,108,-2,2
3249,63,65,-2,2
3250,115,97,18,18
3251,151,145,6,6
3252,70,61,9,9
3253,153,133,20,20
3254,66,60,6,6
3255,95,91,4,4
3256,71,67,4,4
3257,75,70,5,5
3258,83,74,9,9
3259,75,62,13,13
3260,111,88,23,23
3261,95,86,9,9
3262,133,107,26,26
3263,56,46,10,10
3264,42,46,-4,4
3265,61,61,0,0
3266,72,70,2,2
3267,60,58,2,2
3268,95,81,14,14
3269,115,112,3,3
3270,101,96,5,5
3271,65,64,1,1
3272,100,98,2,2
3273,69,68,1,1
3274,81,71,10,10
3275,82,76,6,6
3276,107,94,13,13
3277,112,107,5,5
3278,99,88,11,11
3279,75,68,7,7
3280,161,138,23,23
3281,76,68,8,8
3282,142,126,16,16
3283,111,96,15,15
3284,78,75,3,3
3285,137,120,17,17
3286,40,39,1,1
3287,65,63,2,2
3288,88,83,5,5
3289,103,83,20,20
3290,143,144,-1,1
3291,37,34,3,3
3292,65,56,9,9
3293,90,75,15,15
3294,97,78,19,19
3295,107,92,15,15
3296,104,98,6,6
3297,151,125,26,26
3298,98,90,8,8
3299,91,89,2,2
3300,90,76,14,14
3301,79,77,2,2
3302,62,53,9,9
3303,83,73,10,10
3304,102,98,4,4
3305,92,89,3,3
3306,48,47,1,1
3307,103,95,8,8
3308,65,54,11,11
3309,84,78,6,6
3310,57,54,3,3
3311,108,101,7,7
3312,80,73,7,7
3313,66,76,-10,10
3314,106,103,3,3
3315,52,52,0,0
3316,107,108,-1,1
3317,107,89,18,18
3318,57,57,0,0
3319,137,122,15,15
3320,69,63,6,6
3321,90,75,15,15
3322,65,64,1,1
3323,49,47,2,2
3324,153,128,25,25
3325,119,103,16,16
3326,75,71,4,4
3327,160,136,24,24
3328,140,124,16,16
3329,146,133,13,13
3330,104,81,23,23
3331,94,88,6,6
3332,60,52,8,8
3333,118,94,24,24
3334,71,68,3,3
3335,66,63,3,3
3336,183,153,30,30
3337,103,84,19,19
3338,119,102,17,17
3339,107,108,-1,1
3340,92,79,13,13
3341,89,87,2,2
3342,116,100,16,16
3343,84,73,11,11
3344,118,112,6,6
3345,52,52,0,0
3346,75,75,0,0
3347,163,143,20,20
3348,96,88,8,8
3349,104,100,4,4
3350,135,127,8,8
3351,78,73,5,5
3352,127,106,21,21
3353,96,85,11,11
3354,123,98,25,25
3355,119,100,19,19
3356,83,78,5,5
3357,107,99,8,8
3358,96,77,19,19
3359,105,92,13,13
3360,142,111,31,31
3361,67,68,-1,1
3362,67,70,-3,3
3363,126,110,16,16
3364,59,59,0,0
3365,59,57,2,2
3366,74,68,6,6
3367,87,79,8,8
3368,69,67,2,2
3369,66,62,4,4
3370,117,96,21,21
3371,186,157,29,29
3372,63,61,2,2
3373,125,113,12,12
3374,87,73,14,14
3375,97,91,6,6
3376,96,82,14,14
3377,49,45,4,4
3378,105,99,6,6
3379,48,44,4,4
3380,111,97,14,14
3381,98,94,4,4
3382,123,101,22,22
3383,74,60,14,14
3384,55,52,3,3
3385,124,106,18,18
3386,151,129,22,22
3387,54,51,3,3
3388,44,45,-1,1
3389,78,78,0,0
3390,141,131,10,10
3391,85,80,5,5
3392,40,54,-14,14
3393,77,69,8,8
3394,104,91,13,13
3395,71,60,11,11
3396,94,91,3,3
3397,98,97,1,1
3398,56,55,1,1
3399,64,66,-2,2
3400,107,96,11,11
3401,58,58,0,0
3402,40,43,-3,3
3403,107,85,22,22
3404,110,97,13,13
3405,124,101,23,23
3406,100,83,17,17
3407,88,85,3,3
3408,131,99,32,32
3409,93,78,15,15
3410,134,116,18,18
3411,81,83,-2,2
3412,81,78,3,3
3413,84,81,3,3
3414,86,79,7,7
3415,152,137,15,15
3416,64,60,4,4
3417,73,73,0,0
3418,118,104,14,14
3419,73,63,10,10
3420,88,73,15,15
3421,112,108,4,4
3422,141,123,18,18
3423,150,137,13,13
3424,105,94,11,11
3425,163,137,26,26
3426,29,36,-7,7
3427,94,85,9,9
3428,67,68,-1,1
3429,98,102,-4,4
3430,89,83,6,6
3431,106,94,12,12
3432,100,90,10,10
3433,107,88,19,19
3434,64,64,0,0
3435,45,50,-5,5
3436,77,75,2,2
3437,144,116,28,28
3438,103,93,10,10
3439,67,100,-33,33
3440,38,38,0,0
3441,116,102,14,14
3442,102,96,6,6
3443,119,102,17,17
3444,88,82,6,6
3445,111,97,14,14
3446,48,46,2,2
3447,131,101,30,30
3448,86,79,7,7
3449,76,70,6,6
3450,80,78,2,2
3451,99,85,14,14
3452,132,114,18,18
3453,91,95,-4,4
3454,105,94,11,11
3455,159,145,14,14
3456,117,100,17,17
3457,142,132,10,10
3458,69,60,9,9
3459,79,73,6,6
3460,134,123,11,11
3461,101,85,16,16
3462,94,82,12,12
3463,97,107,-10,10
3464,112,90,22,22
3465,70,62,8,8
3466,139,120,19,19
3467,120,102,18,18
3468,93,88,5,5
3469,70,67,3,3
3470,77,68,9,9
3471,91,82,9,9
3472,57,49,8,8
3473,75,76,-1,1
3474,64,58,6,6
3475,88,80,8,8
3476,90,85,5,5
3477,82,79,3,3
3478,54,55,-1,1
3479,101,90,11,11
3480,102,97,5,5
3481,92,83,9,9
3482,77,69,8,8
3483,76,73,3,3
3484,109,111,-2,2
3485,48,51,-3,3
3486,86,76,10,10
3487,91,82,9,9
3488,60,53,7,7
3489,117,107,10,10
3490,121,110,11,11
3491,129,120,9,9
3492,90,88,2,2
3493,106,78,28,28
3494,80,67,13,13
3495,129,101,28,28
3496,65,62,3,3
3497,48,46,2,2
3498,104,91,13,13
3499,72,64,8,8
3500,69,64,5,5
3501,115,98,17,17
3502,147,148,-1,1
3503,83,79,4,4
3504,96,87,9,9
3505,83,73,10,10
3506,106,93,13,13
3507,83,79,4,4
3508,94,76,18,18
3509,101,78,23,23
3510,112,100,12,12
3511,56,58,-2,2
3512,106,98,8,8
3513,93,81,12,12
3514,83,82,1,1
3515,60,57,3,3
3516,116,106,10,10
3517,127,102,25,25
3518,65,66,-1,1
3519,134,124,10,10
3520,45,51,-6,6
3521,74,73,1,1
3522,107,98,9,9
3523,97,88,9,9
3524,145,128,17,17
3525,101,94,7,7
3526,104,82,22,22
3527,90,84,6,6
3528,98,85,13,13
3529,107,101,6,6
3530,66,64,2,2
3531,76,79,-3,3
3532,39,37,2,2
3533,89,80,9,9
3534,47,49,-2,2
3535,68,74,-6,6
3536,47,46,1,1
3537,194,149,45,45
3538,107,106,1,1
3539,155,133,22,22
3540,163,137,26,26
3541,93,83,10,10
3542,124,116,8,8
3543,28,34,-6,6
3544,101,98,3,3
3545,70,66,4,4
3546,61,61,0,0
3547,92,78,14,14
3548,78,76,2,2
3549,51,50,1,1
3550,99,89,10,10
3551,95,85,10,10
3552,137,109,28,28
3553,90,79,11,11
3554,84,82,2,2
3555,72,71,1,1
3556,83,81,2,2
3557,94,86,8,8
3558,86,74,12,12
3559,86,72,14,14
3560,87,84,3,3
3561,104,103,1,1
3562,58,57,1,1
3563,50,59,-9,9
3564,44,44,0,0
3565,83,75,8,8
3566,97,81,16,16
3567,146,115,31,31
3568,147,116,31,31
3569,107,94,13,13
3570,117,96,21,21
3571,152,141,11,11
3572,130,105,25,25
3573,157,130,27,27
3574,268,210,58,58
3575,90,77,13,13
3576,101,94,7,7
3577,73,67,6,6
3578,120,108,12,12
3579,86,77,9,9
3580,144,115,29,29
3581,97,86,11,11
3582,93,80,13,13
3583,49,47,2,2
3584,97,90,7,7
3585,99,80,19,19
3586,63,58,5,5
3587,135,112,23,23
3588,66,63,3,3
3589,71,65,6,6
3590,74,66,8,8
3591,160,134,26,26
3592,52,55,-3,3
3593,84,72,12,12
3594,127,118,9,9
3595,82,74,8,8
3596,80,77,3,3
3597,108,99,9,9
3598,104,99,5,5
3599,106,88,18,18
3600,154,137,17,17
3601,54,54,0,0
3602,91,91,0,0
3603,115,116,-1,1
3604,98,93,5,5
3605,117,107,10,10
3606,46,44,2,2
3607,93,87,6,6
3608,50,49,1,1
3609,110,137,-27,27
3610,101,90,11,11
3611,121,104,17,17
3612,129,121,8,8
3613,123,102,21,21
3614,55,67,-12,12
3615,97,77,20,20
3616,102,92,10,10
3617,127,121,6,6
3618,66,67,-1,1
3619,75,69,6,6
3620,125,120,5,5
3621,75,64,11,11
3622,137,129,8,8
3623,76,68,8,8
3624,80,64,16,16
3625,93,85,8,8
3626,213,193,20,20
3627,73,66,7,7
3628,99,87,12,12
3629,152,133,19,19
3630,110,101,9,9
3631,53,56,-3,3
3632,83,76,7,7
3633,94,89,5,5
3634,60,59,1,1
3635,150,126,24,24
3636,146,120,26,26
3637,156,149,7,7
3638,99,89,10,10
3639,66,60,6,6
3640,85,72,13,13
3641,68,78,-10,10
3642,174,145,29,29
3643,112,91,21,21
3644,102,94,8,8
3645,96,85,11,11
3646,123,108,15,15
3647,62,64,-2,2
3648,42,43,-1,1
3649,84,73,11,11
3650,99,103,-4,4
3651,96,92,4,4
3652,94,80,14,14
3653,88,76,12,12
3654,113,96,17,17
3655,136,126,10,10
3656,51,53,-2,2
3657,82,82,0,0
3658,103,85,18,18
3659,109,93,16,16
3660,39,44,-5,5
3661,66,57,9,9
3662,68,59,9,9
3663,97,82,15,15
3664,85,75,10,10
3665,123,105,18,18
3666,134,126,8,8
3667,171,145,26,26
3668,88,82,6,6
3669,83,70,13,13
3670,52,51,1,1
3671,90,81,9,9
3672,75,69,6,6
3673,80,70,10,10
3674,85,72,13,13
3675,113,113,0,0
3676,85,67,18,18
3677,124,108,16,16
3678,126,106,20,20
3679,136,110,26,26
3680,111,98,13,13
3681,122,101,21,21
3682,84,78,6,6
3683,53,50,3,3
3684,83,77,6,6
3685,132,117,15,15
3686,133,121,12,12
3687,96,83,13,13
3688,53,51,2,2
3689,87,89,-2,2
3690,63,58,5,5
3691,92,74,18,18
3692,73,74,-1,1
3693,142,120,22,22
3694,93,72,21,21
3695,69,63,6,6
3696,59,55,4,4
3697,120,112,8,8
3698,52,48,4,4
3699,50,46,4,4
3700,80,82,-2,2
3701,68,65,3,3
3702,73,66,7,7
3703,245,178,67,67
3704,147,132,15,15
3705,75,69,6,6
3706,59,60,-1,1
3707,84,74,10,10
3708,92,82,10,10
3709,146,124,22,22
3710,183,161,22,22
3711,64,63,1,1
3712,101,80,21,21
3713,102,93,9,9
3714,117,102,15,15
3715,178,156,22,22
3716,143,111,32,32
3717,68,69,-1,1
3718,90,77,13,13
3719,48,43,5,5
3720,74,68,6,6
3721,63,54,9,9
3722,74,69,5,5
3723,83,79,4,4
3724,89,85,4,4
3725,112,96,16,16
3726,89,87,2,2
3727,71,63,8,8
3728,72,70,2,2
3729,66,60,6,6
3730,173,156,17,17
3731,139,124,15,15
3732,94,91,3,3
3733,48,50,-2,2
3734,102,94,8,8
3735,69,65,4,4
3736,67,59,8,8
3737,91,83,8,8
3738,109,102,7,7
3739,39,43,-4,4
3740,146,124,22,22
3741,103,97,6,6
3742,149,134,15,15
3743,78,65,13,13
3744,78,73,5,5
3745,76,62,14,14
3746,81,77,4,4
3747,155,139,16,16
3748,76,74,2,2
3749,113,99,14,14
3750,87,78,9,9
3751,81,67,14,14
3752,82,80,2,2
3753,107,102,5,5
3754,148,131,17,17
3755,57,62,-5,5
3756,73,67,6,6
3757,112,95,17,17
3758,48,45,3,3
3759,77,80,-3,3
3760,142,117,25,25
3761,142,117,25,25
3762,122,109,13,13
3763,67,60,7,7
3764,132,105,27,27
3765,134,135,-1,1
3766,96,78,18,18
3767,70,65,5,5
3768,84,75,9,9
3769,108,89,19,19
3770,159,136,23,23
3771,114,110,4,4
3772,71,67,4,4
3773,88,87,1,1
3774,95,83,12,12
3775,36,36,0,0
3776,99,93,6,6
3777,54,52,2,2
3778,148,125,23,23
3779,75,63,12,12
3780,64,70,-6,6
3781,170,146,24,24
3782,176,149,27,27
3783,143,117,26,26
3784,108,91,17,17
3785,94,148,-54,54
3786,102,103,-1,1
3787,92,90,2,2
3788,132,121,11,11
3789,84,78,6,6
3790,152,136,16,16
3791,94,76,18,18
3792,103,93,10,10
3793,122,109,13,13
3794,79,78,1,1
3795,81,65,16,16
3796,81,77,4,4
3797,65,57,8,8
3798,90,72,18,18
3799,85,80,5,5
3800,74,70,4,4
3801,110,95,15,15
3802,62,67,-5,5
3803,132,118,14,14
3804,94,85,9,9
3805,77,68,9,9
3806,69,73,-4,4
3807,90,79,11,11
3808,58,56,2,2
3809,101,95,6,6
3810,72,72,0,0
3811,49,60,-11,11
3812,120,111,9,9
3813,60,66,-6,6
3814,140,137,3,3
3815,53,50,3,3
3816,66,61,5,5
3817,60,56,4,4
3818,103,96,7,7
3819,92,86,6,6
3820,158,123,35,35
3821,71,84,-13,13
3822,73,72,1,1
3823,66,67,-1,1
3824,149,131,18,18
3825,146,125,21,21
3826,68,58,10,10
3827,108,98,10,10
3828,54,55,-1,1
3829,70,64,6,6
3830,98,88,10,10
3831,112,100,12,12
3832,64,59,5,5
3833,96,89,7,7
3834,124,118,6,6
3835,73,69,4,4
3836,75,69,6,6
3837,97,86,11,11
3838,100,90,10,10
3839,153,153,0,0
3840,145,131,14,14
3841,98,83,15,15
3842,114,93,21,21
3843,111,89,22,22
3844,68,70,-2,2
3845,60,61,-1,1
3846,87,91,-4,4
3847,74,58,16,16
3848,54,57,-3,3
3849,77,70,7,7
3850,63,58,5,5
3851,120,101,19,19
3852,107,87,20,20
3853,75,72,3,3
3854,96,90,6,6
3855,50,41,9,9
3856,152,120,32,32
3857,133,116,17,17
3858,140,127,13,13
3859,63,59,4,4
3860,82,81,1,1
3861,101,100,1,1
3862,78,69,9,9
3863,101,86,15,15
3864,74,67,7,7
3865,104,90,14,14
3866,97,89,8,8
3867,55,63,-8,8
3868,166,142,24,24
3869,110,92,18,18
3870,76,88,-12,12
3871,81,76,5,5
3872,128,111,17,17
3873,108,97,11,11
3874,68,63,5,5
3875,86,79,7,7
3876,79,73,6,6
3877,65,61,4,4
3878,148,130,18,18
3879,165,133,32,32
3880,96,92,4,4
3881,61,58,3,3
3882,86,72,14,14
3883,65,61,4,4
3884,124,120,4,4
3885,94,82,12,12
3886,55,51,4,4
3887,71,65,6,6
3888,132,105,27,27
3889,55,51,4,4
3890,97,100,-3,3
3891,96,92,4,4
3892,101,88,13,13
3893,100,78,22,22
3894,78,68,10,10
3895,132,122,10,10
3896,73,70,3,3
3897,93,73,20,20
3898,51,45,6,6
3899,136,121,15,15
3900,80,64,16,16
3901,159,150,9,9
3902,151,128,23,23
3903,64,59,5,5
3904,75,71,4,4
3905,151,119,32,32
3906,72,72,0,0
3907,113,92,21,21
3908,88,83,5,5
3909,93,82,11,11
3910,62,65,-3,3
3911,59,63,-4,4
3912,104,94,10,10
3913,133,113,20,20
3914,66,71,-5,5
3915,90,89,1,1
3916,98,86,12,12
3917,181,129,52,52
3918,68,59,9,9
3919,81,71,10,10
3920,148,128,20,20
3921,92,76,16,16
3922,109,94,15,15
3923,176,151,25,25
3924,236,186,50,50
3925,112,95,17,17
3926,74,70,4,4
3927,82,68,14,14
3928,78,71,7,7
3929,83,78,5,5
3930,89,83,6,6
3931,95,88,7,7
3932,177,153,24,24
3933,53,60,-7,7
3934,94,93,1,1
3935,104,93,11,11
3936,63,58,5,5
3937,94,83,11,11
3938,95,86,9,9
3939,122,100,22,22
3940,135,115,20,20
3941,170,133,37,37
3942,104,106,-2,2
3943,153,131,22,22
3944,70,89,-19,19
3945,124,102,22,22
3946,81,71,10,10
3947,143,123,20,20
3948,86,88,-2,2
3949,87,75,12,12
3950,92,86,6,6
3951,111,96,15,15
3952,73,70,3,3
3953,83,67,16,16
3954,117,101,16,16
3955,92,82,10,10
3956,70,71,-1,1
3957,107,93,14,14
3958,62,63,-1,1
3959,96,85,11,11
3960,93,84,9,9
3961,50,51,-1,1
3962,61,53,8,8
3963,118,108,10,10
3964,117,101,16,16
3965,116,98,18,18
3966,183,153,30,30
3967,56,60,-4,4
3968,67,61,6,6
3969,81,69,12,12
3970,117,99,18,18
3971,98,85,13,13
3972,63,57,6,6
3973,62,57,5,5
3974,84,84,0,0
3975,156,138,18,18
3976,105,88,17,17
3977,89,75,14,14
3978,132,121,11,11
3979,106,99,7,7
3980,111,102,9,9
3981,150,137,13,13
3982,95,92,3,3
3983,20,34,-14,14
3984,99,89,10,10
3985,103,92,11,11
3986,73,79,-6,6
3987,83,70,13,13
3988,69,60,9,9
3989,130,114,16,16
3990,106,94,12,12
3991,104,83,21,21
3992,125,118,7,7
3993,121,92,29,29
3994,190,166,24,24
3995,116,106,10,10
3996,87,95,-8,8
3997,71,69,2,2
3998,71,72,-1,1
3999,146,136,10,10
4000,97,90,7,7
4001,98,86,12,12
4002,127,116,11,11
4003,74,68,6,6
4004,47,44,3,3
4005,92,83,9,9
4006,82,70,12,12
4007,118,101,17,17
4008,137,106,31,31
4009,101,88,13,13
4010,51,52,-1,1
4011,88,87,1,1
4012,177,140,37,37
4013,82,72,10,10
4014,90,85,5,5
4015,99,85,14,14
4016,83,78,5,5
4017,104,93,11,11
4018,83,70,13,13
4019,57,57,0,0
4020,155,136,19,19
4021,107,91,16,16
4022,72,70,2,2
4023,72,62,10,10
4024,102,91,11,11
4025,90,79,11,11
4026,111,93,18,18
4027,123,102,21,21
4028,46,46,0,0
4029,81,73,8,8
4030,95,73,22,22
4031,125,108,17,17
4032,105,89,16,16
4033,74,67,7,7
4034,166,134,32,32
4035,96,89,7,7
4036,70,63,7,7
4037,56,47,9,9
4038,66,58,8,8
4039,85,78,7,7
4040,46,47,-1,1
4041,47,64,-17,17
4042,68,68,0,0
4043,130,115,15,15
4044,141,127,14,14
4045,95,84,11,11
4046,111,91,20,20
4047,50,49,1,1
4048,111,104,7,7
4049,100,94,6,6
4050,72,63,9,9
4051,80,77,3,3
4052,120,98,22,22
4053,180,149,31,31
4054,39,43,-4,4
4055,103,103,0,0
4056,95,87,8,8
4057,146,138,8,8
4058,110,96,14,14
4059,48,39,9,9
4060,83,91,-8,8
4061,66,75,-9,9
4062,86,83,3,3
4063,79,70,9,9
4064,113,106,7,7
4065,114,99,15,15
4066,86,71,15,15
4067,165,145,20,20
4068,69,74,-5,5
4069,124,113,11,11
4070,103,99,4,4
4071,76,56,20,20
4072,118,105,13,13
4073,157,136,21,21
4074,107,95,12,12
4075,170,129,41,41
4076,58,56,2,2
4077,59,58,1,1
4078,124,103,21,21
4079,142,112,30,30
4080,105,107,-2,2
4081,116,102,14,14
4082,140,122,18,18
4083,92,79,13,13
4084,130,119,11,11
4085,113,101,12,12
4086,129,124,5,5
4087,73,76,-3,3
4088,100,90,10,10
4089,87,87,0,0
4090,75,65,10,10
4091,87,83,4,4
4092,113,91,22,22
4093,64,62,2,2
4094,83,73,10,10
4095,75,70,5,5
4096,124,116,8,8
4097,87,79,8,8
4098,63,62,1,1
4099,78,70,8,8
4100,86,80,6,6
4101,104,101,3,3
4102,95,91,4,4
4103,119,115,4,4
4104,99,95,4,4
4105,54,57,-3,3
4106,73,66,7,7
4107,71,64,7,7
4108,83,74,9,9
4109,182,141,41,41
4110,74,79,-5,5
4111,133,115,18,18
4112,80,69,11,11
4113,98,95,3,3
4114,98,91,7,7
4115,96,84,12,12
4116,84,67,17,17
4117,199,182,17,17
4118,153,131,22,22
4119,121,120,1,1
4120,104,104,0,0
4121,79,77,2,2
4122,109,87,22,22
4123,74,74,0,0
4124,48,50,-2,2
4125,127,107,20,20
4126,77,75,2,2
4127,57,61,-4,4
4128,88,76,12,12
4129,76,64,12,12
4130,120,107,13,13
4131,86,83,3,3
4132,62,65,-3,3
4133,60,55,5,5
4134,83,72,11,11
4135,90,83,7,7
4136,69,66,3,3
4137,65,62,3,3
4138,97,85,12,12
4139,107,91,16,16
4140,131,122,9,9
4141,118,100,18,18
4142,107,118,-11,11
4143,72,71,1,1
4144,153,136,17,17
4145,83,75,8,8
4146,55,55,0,0
4147,106,95,11,11
4148,97,97,0,0
4149,176,149,27,27
4150,139,115,24,24
4151,84,86,-2,2
4152,112,94,18,18
4153,58,62,-4,4
4154,119,103,16,16
4155,75,71,4,4
4156,155,140,15,15
4157,71,59,12,12
4158,150,122,28,28
4159,94,84,10,10
4160,54,57,-3,3
4161,70,68,2,2
4162,125,104,21,21
4163,36,34,2,2
4164,78,74,4,4
4165,96,84,12,12
4166,100,87,13,13
4167,106,93,13,13
4168,129,107,22,22
4169,39,40,-1,1
4170,44,44,0,0
4171,97,85,12,12
4172,80,80,0,0
4173,52,48,4,4
4174,102,90,12,12
4175,101,86,15,15
4176,90,82,8,8
4177,151,133,18,18
4178,82,72,10,10
4179,117,101,16,16
4180,63,72,-9,9
4181,135,116,19,19
4182,71,64,7,7
4183,96,97,-1,1
4184,123,106,17,17
4185,75,67,8,8
4186,60,60,0,0
4187,103,95,8,8
4188,59,55,4,4
4189,116,112,4,4
4190,92,82,10,10
4191,76,64,12,12
4192,53,45,8,8
4193,107,102,5,5
4194,70,66,4,4
4195,101,88,13,13
4196,88,76,12,12
4197,84,78,6,6
4198,26,47,-21,21
4199,107,97,10,10
4200,121,106,15,15
4201,66,64,2,2
4202,75,76,-1,1
4203,140,135,5,5
4204,87,76,11,11
4205,57,48,9,9
4206,100,87,13,13
4207,183,146,37,37
4208,131,120,11,11
4209,98,114,-16,16
4210,70,69,1,1
4211,80,70,10,10
4212,112,103,9,9
4213,164,151,13,13
4214,112,90,22,22
4215,49,48,1,1
4216,69,69,0,0
4217,64,68,-4,4
4218,78,77,1,1
4219,116,113,3,3
4220,113,95,18,18
4221,123,112,11,11
4222,101,97,4,4
4223,100,96,4,4
4224,84,76,8,8
4225,114,99,15,15
4226,109,91,18,18
4227,52,47,5,5
4228,115,96,19,19
4229,106,97,9,9
4230,93,82,11,11
4231,69,70,-1,1
4232,149,128,21,21
4233,87,78,9,9
4234,103,90,13,13
4235,106,100,6,6
4236,76,86,-10,10
4237,124,119,5,5
4238,115,109,6,6
4239,82,74,8,8
4240,152,144,8,8
4241,138,120,18,18
4242,196,164,32,32
4243,133,103,30,30
4244,146,127,19,19
4245,105,100,5,5
4246,92,92,0,0
4247,71,63,8,8
4248,97,93,4,4
4249,70,68,2,2
4250,107,105,2,2
4251,80,76,4,4
4252,63,76,-13,13
4253,75,67,8,8
4254,75,71,4,4
4255,75,71,4,4
4256,104,86,18,18
4257,152,127,25,25
4258,71,62,9,9
4259,107,92,15,15
4260,161,133,28,28
4261,71,71,0,0
4262,91,77,14,14
4263,98,82,16,16
4264,108,96,12,12
4265,78,69,9,9
4266,116,109,7,7
4267,108,87,21,21
4268,81,76,5,5
4269,65,67,-2,2
4270,111,102,9,9
4271,70,63,7,7
4272,55,55,0,0
4273,102,88,14,14
4274,102,93,9,9
4275,56,53,3,3
4276,100,80,20,20
4277,47,43,4,4
4278,145,122,23,23
4279,108,93,15,15
4280,143,128,15,15
4281,123,108,15,15
4282,172,146,26,26
4283,60,63,-3,3
4284,105,89,16,16
4285,46,41,5,5
4286,80,61,19,19
4287,114,107,7,7
4288,189,167,22,22
4289,82,70,12,12
4290,126,113,13,13
4291,157,129,28,28
4292,147,152,-5,5
4293,27,54,-27,27
4294,79,70,9,9
4295,75,68,7,7
4296,65,57,8,8
4297,68,61,7,7
4298,126,109,17,17
4299,133,117,16,16
4300,101,82,19,19
4301,80,73,7,7
4302,103,87,16,16
4303,95,84,11,11
4304,103,92,11,11
4305,113,99,14,14
4306,42,38,4,4
4307,85,80,5,5
4308,82,76,6,6
4309,104,95,9,9
4310,85,70,15,15
4311,107,83,24,24
4312,78,68,10,10
4313,66,60,6,6
4314,108,96,12,12
4315,90,91,-1,1
4316,88,82,6,6
4317,59,56,3,3
4318,79,68,11,11
4319,69,64,5,5
4320,135,121,14,14
4321,96,101,-5,5
4322,148,131,17,17
4323,31,37,-6,6
4324,65,74,-9,9
4325,86,77,9,9
4326,47,43,4,4
4327,83,72,11,11
4328,170,157,13,13
4329,63,60,3,3
4330,110,97,13,13
4331,182,150,32,32
4332,141,126,15,15
4333,94,90,4,4
4334,81,75,6,6
4335,87,81,6,6
4336,131,117,14,14
4337,117,94,23,23
4338,64,56,8,8
4339,150,155,-5,5
4340,93,91,2,2
4341,88,79,9,9
4342,90,85,5,5
4343,86,79,7,7
4344,96,97,-1,1
4345,173,141,32,32
4346,104,91,13,13
4347,44,49,-5,5
4348,81,68,13,13
4349,71,60,11,11
4350,77,60,17,17
4351,82,68,14,14
4352,196,162,34,34
4353,126,111,15,15
4354,100,91,9,9
4355,159,134,25,25
4356,61,65,-4,4
4357,54,54,0,0
4358,73,65,8,8
4359,73,72,1,1
4360,88,76,12,12
4361,136,121,15,15
4362,94,86,8,8
4363,164,162,2,2
4364,100,92,8,8
4365,126,108,18,18
4366,50,50,0,0
4367,79,76,3,3
4368,94,104,-10,10
4369,110,107,3,3
4370,144,124,20,20
4371,62,55,7,7
4372,92,87,5,5
4373,59,56,3,3
4374,279,214,65,65
4375,149,127,22,22
4376,61,69,-8,8
4377,72,82,-10,10
4378,64,62,2,2
4379,142,122,20,20
4380,56,53,3,3
4381,140,128,12,12
4382,221,177,44,44
4383,111,94,17,17
4384,93,81,12,12
4385,110,101,9,9
4386,83,69,14,14
4387,65,70,-5,5
4388,154,139,15,15
4389,92,81,11,11
4390,144,122,22,22
4391,102,92,10,10
4392,131,113,18,18
4393,98,84,14,14
4394,104,91,13,13
4395,95,88,7,7
4396,108,102,6,6
4397,89,80,9,9
4398,139,130,9,9
4399,116,100,16,16
4400,58,58,0,0
4401,140,128,12,12
4402,89,80,9,9
4403,103,93,10,10
4404,67,79,-12,12
4405,62,57,5,5
4406,162,144,18,18
4407,77,68,9,9
4408,99,91,8,8
4409,92,73,19,19
4410,105,97,8,8
4411,99,86,13,13
4412,82,86,-4,4
4413,139,117,22,22
4414,99,87,12,12
4415,82,77,5,5
4416,95,90,5,5
4417,101,88,13,13
4418,85,81,4,4
4419,102,92,10,10
4420,133,122,11,11
4421,76,69,7,7
4422,126,113,13,13
4423,101,90,11,11
4424,119,96,23,23
4425,152,141,11,11
4426,136,108,28,28
4427,87,80,7,7
4428,116,97,19,19
4429,60,60,0,0
4430,96,86,10,10
4431,76,74,2,2
4432,128,110,18,18
4433,85,79,6,6
4434,84,82,2,2
4435,153,124,29,29
4436,72,59,13,13
4437,73,63,10,10
4438,108,86,22,22
4439,73,68,5,5
4440,94,84,10,10
4441,86,77,9,9
4442,89,77,12,12
4443,56,54,2,2
4444,195,163,32,32
4445,70,65,5,5
4446,64,60,4,4
4447,96,82,14,14
4448,103,98,5,5
4449,131,113,18,18
4450,93,83,10,10
4451,122,111,11,11
4452,54,54,0,0
4453,67,71,-4,4
4454,66,59,7,7
4455,110,102,8,8
4456,108,94,14,14
4457,119,110,9,9
4458,80,64,16,16
4459,60,62,-2,2
4460,88,78,10,10
4461,123,98,25,25
4462,59,55,4,4
4463,103,86,17,17
4464,93,85,8,8
4465,90,80,10,10
4466,157,135,22,22
4467,94,83,11,11
4468,79,64,15,15
4469,131,121,10,10
4470,50,49,1,1
4471,111,96,15,15
4472,106,98,8,8
4473,104,93,11,11
4474,94,91,3,3
4475,71,62,9,9
4476,168,135,33,33
4477,102,105,-3,3
4478,58,58,0,0
4479,49,46,3,3
4480,96,82,14,14
4481,74,72,2,2
4482,135,122,13,13
4483,171,145,26,26
4484,70,67,3,3
4485,118,111,7,7
4486,90,74,16,16
4487,101,106,-5,5
4488,97,88,9,9
4489,107,89,18,18
4490,87,76,11,11
4491,43,43,0,0
4492,79,71,8,8
4493,106,89,17,17
4494,39,38,1,1
4495,178,144,34,34
4496,74,75,-1,1
4497,36,39,-3,3
4498,68,64,4,4
4499,114,99,15,15
4500,80,76,4,4
4501,109,112,-3,3
4502,128,109,19,19
4503,87,89,-2,2
4504,110,94,16,16
4505,100,87,13,13
4506,128,117,11,11
4507,136,121,15,15
4508,129,117,12,12
4509,122,109,13,13
4510,102,88,14,14
4511,109,98,11,11
4512,58,59,-1,1
4513,122,106,16,16
4514,90,80,10,10
4515,57,47,10,10
4516,107,94,13,13
4517,168,146,22,22
4518,98,92,6,6
4519,120,102,18,18
4520,74,68,6,6
4521,88,78,10,10
4522,96,80,16,16
4523,64,68,-4,4
4524,55,55,0,0
4525,94,84,10,10
4526,148,125,23,23
4527,92,95,-3,3
4528,95,96,-1,1
4529,110,97,13,13
4530,83,70,13,13
4531,139,120,19,19
4532,108,87,21,21
4533,78,73,5,5
4534,78,72,6,6
4535,98,88,10,10
4536,104,91,13,13
4537,68,60,8,8
4538,103,95,8,8
4539,66,51,15,15
4540,100,89,11,11
4541,123,111,12,12
4542,74,76,-2,2
4543,136,114,22,22
4544,47,45,2,2
4545,92,84,8,8
4546,122,101,21,21
4547,125,118,7,7
4548,122,99,23,23
4549,61,58,3,3
4550,82,91,-9,9
4551,112,98,14,14
4552,48,45,3,3
4553,146,136,10,10
4554,67,55,12,12
4555,115,101,14,14
4556,165,151,14,14
4557,87,86,1,1
4558,40,41,-1,1
4559,55,49,6,6
4560,127,106,21,21
4561,70,66,4,4
4562,99,96,3,3
4563,45,47,-2,2
4564,95,83,12,12
4565,80,75,5,5
4566,47,50,-3,3
4567,99,102,-3,3
4568,118,107,11,11
4569,104,95,9,9
4570,75,72,3,3
4571,90,80,10,10
4572,82,73,9,9
4573,163,132,31,31
4574,93,83,10,10
4575,166,159,7,7
4576,69,68,1,1
4577,122,121,1,1
4578,148,135,13,13
4579,56,52,4,4
4580,66,56,10,10
4581,83,84,-1,1
4582,63,58,5,5
4583,108,96,12,12
4584,123,95,28,28
4585,161,148,13,13
4586,83,94,-11,11
4587,49,44,5,5
4588,78,72,6,6
4589,101,93,8,8
4590,38,40,-2,2
4591,98,87,11,11
4592,174,137,37,37
4593,75,76,-1,1
4594,56,54,2,2
4595,138,112,26,26
4596,38,35,3,3
4597,51,49,2,2
4598,69,60,9,9
4599,98,91,7,7
4600,87,80,7,7
4601,88,78,10,10
4602,156,143,13,13
4603,140,122,18,18
4604,92,86,6,6
4605,49,50,-1,1
4606,82,79,3,3
4607,217,219,-2,2
4608,99,92,7,7
4609,110,92,18,18
4610,79,76,3,3
4611,69,59,10,10
4612,87,70,17,17
4613,84,75,9,9
4614,77,68,9,9
4615,78,69,9,9
4616,100,96,4,4
4617,112,99,13,13
4618,130,112,18,18
4619,137,113,24,24
4620,125,105,20,20
4621,86,81,5,5
4622,152,130,22,22
4623,96,94,2,2
4624,111,102,9,9
4625,99,97,2,2
4626,56,51,5,5
4627,211,184,27,27
4628,109,106,3,3
4629,137,121,16,16
4630,74,72,2,2
4631,120,110,10,10
4632,81,79,2,2
4633,71,67,4,4
4634,88,76,12,12
4635,111,95,16,16
4636,197,169,28,28
4637,85,75,10,10
4638,112,101,11,11
4639,44,60,-16,16
4640,86,81,5,5
4641,72,78,-6,6
4642,59,58,1,1
4643,82,86,-4,4
4644,69,62,7,7
4645,91,78,13,13
4646,142,125,17,17
4647,84,63,21,21
4648,81,75,6,6
4649,101,89,12,12
4650,190,148,42,42
4651,107,93,14,14
4652,119,110,9,9
4653,77,69,8,8
4654,152,132,20,20
4655,64,51,13,13
4656,77,72,5,5
4657,51,46,5,5
4658,77,72,5,5
4659,84,80,4,4
4660,60,57,3,3
4661,107,93,14,14
4662,87,92,-5,5
4663,116,115,1,1
4664,160,125,35,35
4665,116,101,15,15
4666,84,72,12,12
4667,113,105,8,8
4668,105,96,9,9
4669,55,47,8,8
4670,91,85,6,6
4671,113,95,18,18
4672,62,53,9,9
4673,75,69,6,6
4674,45,44,1,1
4675,177,142,35,35
4676,131,125,6,6
4677,112,100,12,12
4678,127,115,12,12
4679,146,112,34,34
4680,138,123,15,15
4681,93,89,4,4
4682,65,65,0,0
4683,168,153,15,15
4684,112,112,0,0
4685,149,124,25,25
4686,140,128,12,12
4687,94,86,8,8
4688,141,122,19,19
4689,75,74,1,1
4690,134,112,22,22
4691,95,82,13,13
4692,119,93,26,26
4693,95,92,3,3
4694,65,63,2,2
4695,95,90,5,5
4696,97,91,6,6
4697,132,119,13,13
4698,87,78,9,9
4699,124,105,19,19
4700,115,105,10,10
4701,45,43,2,2
4702,110,93,17,17
4703,57,57,0,0
4704,126,94,32,32
4705,50,46,4,4
4706,132,118,14,14
4707,71,63,8,8
4708,88,74,14,14
4709,91,93,-2,2
4710,79,72,7,7
4711,47,41,6,6
4712,103,100,3,3
4713,38,39,-1,1
4714,68,58,10,10
4715,130,109,21,21
4716,157,137,20,20
4717,99,89,10,10
4718,62,52,10,10
4719,79,72,7,7
4720,74,70,4,4
4721,154,125,29,29
4722,36,52,-16,16
4723,81,74,7,7
4724,69,61,8,8
4725,39,41,-2,2
4726,106,95,11,11
4727,141,119,22,22
4728,71,66,5,5
4729,108,96,12,12
4730,142,122,20,20
4731,43,43,0,0
4732,109,106,3,3
4733,72,68,4,4
4734,110,93,17,17
4735,84,86,-2,2
4736,88,76,12,12
4737,156,132,24,24
4738,106,101,5,5
4739,160,142,18,18
4740,105,92,13,13
4741,231,194,37,37
4742,111,93,18,18
4743,53,53,0,0
4744,124,117,7,7
4745,105,96,9,9
4746,144,130,14,14
4747,83,82,1,1
4748,81,76,5,5
4749,96,87,9,9
4750,143,121,22,22
4751,118,100,18,18
4752,77,72,5,5
4753,116,107,9,9
4754,116,75,41,41
4755,76,70,6,6
4756,73,69,4,4
4757,92,77,15,15
4758,89,75,14,14
4759,58,53,5,5
4760,70,67,3,3
4761,134,117,17,17
4762,73,76,-3,3
4763,139,117,22,22
4764,59,59,0,0
4765,59,58,1,1
4766,72,67,5,5
4767,81,74,7,7
4768,96,86,10,10
4769,190,154,36,36
4770,131,109,22,22
4771,188,170,18,18
4772,141,135,6,6
4773,103,89,14,14
4774,65,73,-8,8
4775,86,78,8,8
4776,64,60,4,4
4777,115,109,6,6
4778,58,63,-5,5
4779,150,129,21,21
4780,70,69,1,1
4781,91,82,9,9
4782,104,90,14,14
4783,78,73,5,5
4784,57,52,5,5
4785,117,100,17,17
4786,82,74,8,8
4787,50,52,-2,2
4788,76,74,2,2
4789,64,59,5,5
4790,140,123,17,17
4791,88,85,3,3
4792,41,39,2,2
4793,56,66,-10,10
4794,161,150,11,11
4795,107,81,26,26
4796,94,85,9,9
4797,71,58,13,13
4798,163,134,29,29
4799,99,83,16,16
4800,30,34,-4,4
4801,99,82,17,17
4802,161,126,35,35
4803,82,76,6,6
4804,92,82,10,10
4805,152,117,35,35
4806,131,101,30,30
4807,99,85,14,14
4808,50,47,3,3
4809,80,79,1,1
4810,99,88,11,11
4811,69,63,6,6
4812,67,70,-3,3
4813,143,113,30,30
4814,68,64,4,4
4815,65,65,0,0
4816,94,88,6,6
4817,55,51,4,4
4818,94,83,11,11
4819,45,48,-3,3
4820,140,123,17,17
4821,65,59,6,6
4822,62,59,3,3
4823,94,89,5,5
4824,129,111,18,18
4825,123,112,11,11
4826,80,73,7,7
4827,86,74,12,12
4828,112,104,8,8
4829,89,79,10,10
4830,72,65,7,7
4831,65,63,2,2
4832,90,84,6,6
4833,71,74,-3,3
4834,107,102,5,5
4835,140,124,16,16
4836,57,56,1,1
4837,104,95,9,9
4838,56,57,-1,1
4839,103,92,11,11
4840,104,93,11,11
4841,78,73,5,5
4842,126,109,17,17
4843,101,85,16,16
4844,85,83,2,2
4845,72,60,12,12
4846,57,57,0,0
4847,51,56,-5,5
4848,102,95,7,7
4849,85,79,6,6
4850,71,64,7,7
4851,87,75,12,12
4852,74,69,5,5
4853,104,92,12,12
4854,102,94,8,8
4855,181,148,33,33
4856,130,115,15,15
4857,75,80,-5,5
4858,102,92,10,10
4859,56,60,-4,4
4860,72,70,2,2
4861,90,86,4,4
4862,66,68,-2,2
4863,82,75,7,7
4864,139,138,1,1
4865,97,78,19,19
4866,83,77,6,6
4867,71,75,-4,4
4868,81,68,13,13
4869,80,66,14,14
4870,152,134,18,18
4871,54,51,3,3
4872,51,48,3,3
4873,142,114,28,28
4874,134,127,7,7
4875,253,244,9,9
4876,85,94,-9,9
4877,274,197,77,77
4878,180,146,34,34
4879,85,84,1,1
4880,68,71,-3,3
4881,126,110,16,16
4882,147,126,21,21
4883,67,63,4,4
4884,58,60,-2,2
4885,146,132,14,14
4886,170,151,19,19
4887,80,80,0,0
4888,117,103,14,14
4889,72,67,5,5
4890,52,54,-2,2
4891,92,85,7,7
4892,88,78,10,10
4893,106,96,10,10
4894,93,83,10,10
4895,151,134,17,17
4896,90,78,12,12
4897,71,65,6,6
4898,63,62,1,1
4899,171,139,32,32
4900,83,67,16,16
4901,125,105,20,20
4902,123,103,20,20
4903,119,102,17,17
4904,100,87,13,13
4905,97,99,-2,2
4906,82,68,14,14
4907,104,100,4,4
4908,84,75,9,9
4909,133,125,8,8
4910,66,64,2,2
4911,328,253,75,75
4912,66,63,3,3
4913,129,109,20,20
4914,60,56,4,4
4915,107,109,-2,2
4916,88,74,14,14
4917,92,99,-7,7
4918,97,74,23,23
4919,95,88,7,7
4920,176,143,33,33
4921,93,84,9,9
4922,124,116,8,8
4923,80,70,10,10
4924,117,99,18,18
4925,92,79,13,13
4926,137,105,32,32
4927,160,139,21,21
4928,114,100,14,14
4929,78,67,11,11
4930,73,69,4,4
4931,62,56,6,6
4932,85,80,5,5
4933,52,54,-2,2
4934,53,52,1,1
4935,98,70,28,28
4936,92,84,8,8
4937,100,90,10,10
4938,114,100,14,14
4939,139,125,14,14
4940,76,72,4,4
4941,119,102,17,17
4942,41,45,-4,4
4943,53,45,8,8
4944,268,245,23,23
4945,66,61,5,5
4946,130,109,21,21
4947,115,101,14,14
4948,157,142,15,15
4949,50,55,-5,5
4950,75,68,7,7
4951,79,68,11,11
4952,85,77,8,8
4953,42,63,-21,21
4954,85,72,13,13
4955,95,86,9,9
4956,72,73,-1,1
4957,90,91,-1,1
4958,81,72,9,9
4959,109,100,9,9
4960,146,136,10,10
4961,131,109,22,22
4962,138,115,23,23
4963,32,40,-8,8
4964,86,79,7,7
4965,76,74,2,2
4966,73,75,-2,2
4967,132,115,17,17
4968,136,122,14,14
4969,36,40,-4,4
4970,40,44,-4,4
4971,62,56,6,6
4972,99,95,4,4
4973,63,71,-8,8
4974,90,75,15,15
4975,63,71,-8,8
4976,63,62,1,1
4977,73,76,-3,3
4978,73,70,3,3
4979,120,112,8,8
4980,161,136,25,25
4981,74,68,6,6
4982,74,62,12,12
4983,49,50,-1,1
4984,157,128,29,29
4985,123,108,15,15
4986,91,78,13,13
4987,115,92,23,23
4988,85,79,6,6
4989,66,63,3,3
4990,102,87,15,15
4991,98,88,10,10
4992,100,86,14,14
4993,105,110,-5,5
4994,84,91,-7,7
4995,95,80,15,15
4996,108,88,20,20
4997,62,57,5,5
4998,116,107,9,9
4999,79,68,11,11
5000,73,60,13,13
5001,50,56,-6,6
5002,97,83,14,14
5003,145,115,30,30
5004,152,124,28,28
5005,134,113,21,21
5006,110,93,17,17
5007,114,100,14,14
5008,72,61,11,11
5009,113,99,14,14
5010,58,62,-4,4
5011,50,48,2,2
5012,29,33,-4,4
5013,71,65,6,6
5014,90,87,3,3
5015,140,118,22,22
5016,123,108,15,15
5017,131,112,19,19
5018,50,47,3,3
5019,82,74,8,8
5020,77,77,0,0
5021,98,82,16,16
5022,83,69,14,14
5023,88,72,16,16
5024,122,100,22,22
5025,87,76,11,11
5026,107,95,12,12
5027,75,73,2,2
5028,89,84,5,5
5029,124,115,9,9
5030,105,92,13,13
5031,62,56,6,6
5032,125,103,22,22
5033,94,84,10,10
5034,91,86,5,5
5035,74,80,-6,6
5036,82,86,-4,4
5037,60,55,5,5
5038,69,66,3,3
5039,132,115,17,17
5040,76,70,6,6
5041,169,150,19,19
5042,101,91,10,10
5043,167,145,22,22
5044,79,74,5,5
5045,78,82,-4,4
5046,61,55,6,6
5047,137,109,28,28
5048,116,95,21,21
5049,77,78,-1,1
5050,76,73,3,3
5051,157,147,10,10
5052,90,90,0,0
5053,79,67,12,12
5054,131,106,25,25
5055,118,98,20,20
5056,110,90,20,20
5057,151,121,30,30
5058,159,143,16,16
5059,95,89,6,6
5060,78,71,7,7
5061,107,103,4,4
5062,131,113,18,18
5063,87,84,3,3
5064,42,42,0,0
5065,66,64,2,2
5066,101,93,8,8
5067,140,120,20,20
5068,66,57,9,9
5069,43,43,0,0
5070,100,89,11,11
5071,120,95,25,25
5072,76,58,18,18
5073,121,118,3,3
5074,78,71,7,7
5075,121,107,14,14
5076,51,52,-1,1
5077,101,96,5,5
5078,136,120,16,16
5079,107,108,-1,1
5080,106,98,8,8
5081,116,99,17,17
5082,89,81,8,8
5083,65,62,3,3
5084,154,128,26,26
5085,130,112,18,18
5086,98,79,19,19
5087,75,81,-6,6
5088,81,75,6,6
5089,82,79,3,3
5090,86,84,2,2
5091,93,87,6,6
5092,73,72,1,1
5093,76,73,3,3
5094,166,144,22,22
5095,98,88,10,10
5096,120,94,26,26
5097,67,65,2,2
5098,81,74,7,7
5099,170,147,23,23
5100,40,49,-9,9
5101,101,88,13,13
5102,80,72,8,8
5103,121,95,26,26
5104,58,52,6,6
5105,115,96,19,19
5106,63,57,6,6
5107,87,82,5,5
5108,148,136,12,12
5109,102,91,11,11
5110,79,70,9,9
5111,118,99,19,19
5112,92,85,7,7
5113,110,100,10,10
5114,131,117,14,14
5115,139,133,6,6
5116,68,69,-1,1
5117,122,110,12,12
5118,140,117,23,23
5119,124,105,19,19
5120,103,85,18,18
5121,59,69,-10,10
5122,80,76,4,4
5123,131,112,19,19
5124,104,91,13,13
5125,155,130,25,25
5126,89,82,7,7
5127,68,76,-8,8
5128,79,72,7,7
5129,110,97,13,13
5130,54,51,3,3
5131,121,122,-1,1
5132,101,94,7,7
5133,109,103,6,6
5134,100,88,12,12
5135,132,116,16,16
5136,71,69,2,2
5137,89,81,8,8
5138,92,82,10,10
5139,91,82,9,9
5140,117,97,20,20
5141,100,90,10,10
5142,118,98,20,20
5143,160,122,38,38
5144,121,100,21,21
5145,88,86,2,2
5146,152,134,18,18
5147,56,52,4,4
5148,51,66,-15,15
5149,110,86,24,24
5150,79,77,2,2
5151,68,73,-5,5
5152,52,51,1,1
5153,129,119,10,10
5154,81,69,12,12
5155,39,39,0,0
5156,55,104,-49,49
5157,53,54,-1,1
5158,92,86,6,6
5159,72,68,4,4
5160,103,95,8,8
5161,141,115,26,26
5162,82,80,2,2
5163,69,67,2,2
5164,168,143,25,25
5165,65,64,1,1
5166,76,74,2,2
5167,104,93,11,11
5168,89,83,6,6
5169,101,96,5,5
5170,53,55,-2,2
5171,105,92,13,13
5172,90,75,15,15
5173,116,99,17,17
5174,137,119,18,18
5175,126,102,24,24
5176,43,37,6,6
5177,65,67,-2,2
5178,76,75,1,1
5179,104,89,15,15
5180,88,74,14,14
5181,75,66,9,9
5182,82,74,8,8
5183,40,53,-13,13
5184,77,71,6,6
5185,66,62,4,4
5186,154,123,31,31
5187,86,75,11,11
5188,112,108,4,4
5189,93,86,7,7
5190,130,134,-4,4
5191,177,150,27,27
5192,148,122,26,26
5193,80,77,3,3
5194,58,52,6,6
5195,115,97,18,18
5196,118,102,16,16
5197,66,60,6,6
5198,161,139,22,22
5199,80,76,4,4
5200,105,90,15,15
5201,56,51,5,5
5202,66,64,2,2
5203,93,84,9,9
5204,105,92,13,13
5205,96,86,10,10
5206,62,58,4,4
5207,68,71,-3,3
5208,83,73,10,10
5209,110,97,13,13
5210,109,99,10,10
5211,147,123,24,24
5212,68,59,9,9
5213,121,99,22,22
5214,128,121,7,7
5215,136,119,17,17
5216,110,91,19,19
5217,84,69,15,15
5218,93,83,10,10
5219,68,67,1,1
5220,88,81,7,7
5221,89,87,2,2
5222,134,122,12,12
5223,128,113,15,15
5224,79,71,8,8
5225,66,62,4,4
5226,58,49,9,9
5227,58,69,-11,11
5228,69,64,5,5
5229,56,53,3,3
5230,85,81,4,4
5231,73,69,4,4
5232,97,84,13,13
5233,100,78,22,22
5234,82,65,17,17
5235,65,61,4,4
5236,90,87,3,3
5237,66,75,-9,9
5238,58,53,5,5
5239,62,93,-31,31
5240,50,49,1,1
5241,84,73,11,11
5242,82,76,6,6
5243,147,136,11,11
5244,91,78,13,13
5245,95,84,11,11
5246,121,105,16,16
5247,56,57,-1,1
5248,54,46,8,8
5249,103,91,12,12
5250,86,70,16,16
5251,85,74,11,11
5252,97,76,21,21
5253,92,73,19,19
5254,59,58,1,1
5255,115,102,13,13
5256,116,101,15,15
5257,101,91,10,10
5258,120,90,30,30
5259,164,135,29,29
5260,55,46,9,9
5261,91,86,5,5
5262,75,73,2,2
5263,121,110,11,11
5264,57,56,1,1
5265,38,49,-11,11
5266,92,77,15,15
5267,67,62,5,5
5268,120,105,15,15
5269,83,74,9,9
5270,138,127,11,11
5271,169,142,27,27
5272,59,62,-3,3
5273,47,50,-3,3
5274,46,43,3,3
5275,123,119,4,4
5276,142,124,18,18
5277,80,79,1,1
5278,31,38,-7,7
5279,128,114,14,14
5280,112,92,20,20
5281,98,95,3,3
5282,55,56,-1,1
5283,110,88,22,22
5284,91,87,4,4
5285,112,85,27,27
5286,115,103,12,12
5287,73,63,10,10
5288,106,95,11,11
5289,93,83,10,10
5290,166,149,17,17
5291,128,123,5,5
5292,112,99,13,13
5293,89,75,14,14
5294,74,69,5,5
5295,106,111,-5,5
5296,72,68,4,4
5297,78,72,6,6
5298,92,86,6,6
5299,140,117,23,23
5300,103,90,13,13
5301,102,104,-2,2
5302,63,71,-8,8
5303,169,140,29,29
5304,78,72,6,6
5305,132,115,17,17
5306,50,45,5,5
5307,127,105,22,22
5308,138,102,36,36
5309,61,52,9,9
5310,87,81,6,6
5311,109,103,6,6
5312,77,73,4,4
5313,92,94,-2,2
5314,84,73,11,11
5315,140,113,27,27
5316,79,78,1,1
5317,87,73,14,14
5318,76,71,5,5
5319,54,48,6,6
5320,77,79,-2,2
5321,28,56,-28,28
5322,85,62,23,23
5323,41,39,2,2
5324,78,77,1,1
5325,117,98,19,19
5326,99,91,8,8
5327,130,114,16,16
5328,58,58,0,0
5329,76,67,9,9
5330,72,70,2,2
5331,72,65,7,7
5332,130,105,25,25
5333,85,85,0,0
5334,74,71,3,3
5335,117,97,20,20
5336,105,99,6,6
5337,114,100,14,14
5338,94,82,12,12
5339,127,111,16,16
5340,100,87,13,13
5341,100,95,5,5
5342,114,97,17,17
5343,137,130,7,7
5344,141,119,22,22
5345,186,155,31,31
5346,49,50,-1,1
5347,71,67,4,4
5348,144,128,16,16
5349,108,81,27,27
5350,102,84,18,18
5351,129,113,16,16
5352,123,107,16,16
5353,48,49,-1,1
5354,70,62,8,8
5355,81,75,6,6
5356,72,71,1,1
5357,76,72,4,4
5358,114,112,2,2
5359,130,110,20,20
5360,113,109,4,4
5361,57,56,1,1
5362,77,72,5,5
5363,117,104,13,13
5364,79,68,11,11
5365,87,85,2,2
5366,99,88,11,11
5367,211,176,35,35
5368,92,76,16,16
5369,119,99,20,20
5370,54,56,-2,2
5371,111,94,17,17
5372,67,61,6,6
5373,185,165,20,20
5374,68,72,-4,4
5375,190,149,41,41
5376,124,107,17,17
5377,80,82,-2,2
5378,78,70,8,8
5379,92,94,-2,2
5380,70,65,5,5
5381,51,61,-10,10
5382,89,84,5,5
5383,82,80,2,2
5384,83,74,9,9
5385,204,166,38,38
5386,114,96,18,18
5387,62,57,5,5
5388,100,80,20,20
5389,143,141,2,2
5390,89,80,9,9
5391,123,118,5,5
5392,150,132,18,18
5393,135,98,37,37
5394,114,108,6,6
5395,94,93,1,1
5396,158,133,25,25
5397,58,63,-5,5
5398,94,94,0,0
5399,59,54,5,5
5400,81,88,-7,7
5401,70,65,5,5
5402,79,73,6,6
5403,49,52,-3,3
5404,85,73,12,12
5405,85,75,10,10
5406,55,51,4,4
5407,97,91,6,6
5408,95,87,8,8
5409,129,111,18,18
5410,53,56,-3,3
5411,109,101,8,8
5412,92,87,5,5
5413,122,92,30,30
5414,102,93,9,9
5415,98,97,1,1
5416,68,70,-2,2
5417,108,91,17,17
5418,92,79,13,13
5419,95,84,11,11
5420,65,59,6,6
5421,27,34,-7,7
5422,62,59,3,3
5423,109,96,13,13
5424,72,68,4,4
5425,58,52,6,6
5426,121,100,21,21
5427,101,88,13,13
5428,63,63,0,0
5429,38,34,4,4
5430,145,125,20,20
5431,103,95,8,8
5432,215,204,11,11
5433,122,102,20,20
5434,90,86,4,4
5435,67,63,4,4
5436,98,95,3,3
5437,106,103,3,3
5438,119,109,10,10
5439,93,85,8,8
5440,48,55,-7,7
5441,87,79,8,8
5442,108,103,5,5
5443,72,62,10,10
5444,124,110,14,14
5445,114,103,11,11
5446,43,40,3,3
5447,109,95,14,14
5448,99,94,5,5
5449,116,98,18,18
5450,72,83,-11,11
5451,122,117,5,5
5452,98,92,6,6
5453,144,135,9,9
5454,78,66,12,12
5455,70,61,9,9
5456,114,99,15,15
5457,137,122,15,15
5458,113,95,18,18
5459,115,94,21,21
5460,85,77,8,8
5461,63,56,7,7
5462,114,105,9,9
5463,88,79,9,9
5464,125,103,22,22
5465,116,104,12,12
5466,150,110,40,40
5467,78,73,5,5
5468,75,68,7,7
5469,81,79,2,2
5470,116,116,0,0
5471,64,55,9,9
5472,93,86,7,7
5473,96,81,15,15
5474,147,133,14,14
5475,77,68,9,9
5476,139,124,15,15
5477,64,57,7,7
5478,82,72,10,10
5479,70,64,6,6
5480,142,124,18,18
5481,99,86,13,13
5482,64,61,3,3
5483,80,81,-1,1
5484,69,59,10,10
5485,64,60,4,4
5486,99,91,8,8
5487,120,98,22,22
5488,80,71,9,9
5489,145,130,15,15
5490,161,136,25,25
5491,86,84,2,2
5492,123,110,13,13
5493,91,81,10,10
5494,147,124,23,23
5495,92,80,12,12
5496,79,75,4,4
5497,144,118,26,26
5498,72,64,8,8
5499,91,93,-2,2
5500,162,145,17,17
5501,76,78,-2,2
5502,82,77,5,5
5503,63,66,-3,3
5504,71,67,4,4
5505,74,68,6,6
5506,152,129,23,23
5507,102,95,7,7
5508,70,62,8,8
5509,46,46,0,0
5510,85,86,-1,1
5511,81,76,5,5
5512,85,76,9,9
5513,108,89,19,19
5514,124,108,16,16
5515,81,78,3,3
5516,97,112,-15,15
5517,137,124,13,13
5518,125,106,19,19
5519,90,88,2,2
5520,83,71,12,12
5521,89,81,8,8
5522,124,103,21,21
5523,101,83,18,18
5524,103,95,8,8
5525,61,57,4,4
5526,85,70,15,15
5527,102,93,9,9
5528,83,89,-6,6
5529,91,87,4,4
5530,131,95,36,36
5531,150,124,26,26
5532,107,97,10,10
5533,115,105,10,10
5534,126,110,16,16
5535,129,113,16,16
5536,95,83,12,12
5537,143,116,27,27
5538,115,107,8,8
5539,85,76,9,9
5540,164,138,26,26
5541,95,85,10,10
5542,137,133,4,4
5543,121,104,17,17
5544,83,76,7,7
5545,115,111,4,4
5546,154,138,16,16
5547,115,103,12,12
5548,88,75,13,13
5549,116,108,8,8
5550,119,93,26,26
5551,30,37,-7,7
5552,100,84,16,16
5553,132,125,7,7
5554,186,157,29,29
5555,82,78,4,4
5556,176,130,46,46
5557,107,92,15,15
5558,89,76,13,13
5559,94,87,7,7
5560,51,43,8,8
5561,138,126,12,12
5562,78,73,5,5
5563,59,58,1,1
5564,58,52,6,6
5565,67,62,5,5
5566,79,68,11,11
5567,54,52,2,2
5568,62,59,3,3
5569,83,76,7,7
5570,75,74,1,1
5571,115,101,14,14
5572,114,104,10,10
5573,126,101,25,25
5574,88,92,-4,4
5575,69,60,9,9
5576,38,49,-11,11
5577,71,64,7,7
5578,66,59,7,7
5579,62,58,4,4
5580,75,62,13,13
5581,59,50,9,9
5582,97,94,3,3
5583,81,85,-4,4
5584,69,76,-7,7
5585,81,70,11,11
5586,101,91,10,10
5587,97,83,14,14
5588,60,67,-7,7
5589,119,102,17,17
5590,113,125,-12,12
5591,130,103,27,27
5592,61,64,-3,3
5593,166,140,26,26
5594,51,48,3,3
5595,140,122,18,18
5596,109,104,5,5
5597,115,107,8,8
5598,112,97,15,15
5599,89,80,9,9
5600,65,62,3,3
5601,97,91,6,6
5602,81,79,2,2
5603,59,56,3,3
5604,52,49,3,3
5605,74,79,-5,5
5606,76,74,2,2
5607,111,75,36,36
5608,112,101,11,11
5609,66,62,4,4
5610,96,83,13,13
5611,61,60,1,1
5612,162,136,26,26
5613,120,100,20,20
5614,68,77,-9,9
5615,61,68,-7,7
5616,110,97,13,13
5617,114,108,6,6
5618,41,40,1,1
5619,63,51,12,12
5620,77,68,9,9
5621,92,78,14,14
5622,80,71,9,9
5623,40,44,-4,4
5624,56,54,2,2
5625,72,67,5,5
5626,123,101,22,22
5627,77,71,6,6
5628,107,98,9,9
5629,112,100,12,12
5630,72,71,1,1
5631,99,94,5,5
5632,118,103,15,15
5633,77,68,9,9
5634,139,121,18,18
5635,84,76,8,8
5636,62,62,0,0
5637,100,91,9,9
5638,80,73,7,7
5639,91,87,4,4
5640,113,97,16,16
5641,45,40,5,5
5642,71,58,13,13
5643,122,96,26,26
5644,53,50,3,3
5645,78,82,-4,4
5646,65,60,5,5
5647,40,47,-7,7
5648,136,116,20,20
5649,120,103,17,17
5650,104,101,3,3
5651,85,76,9,9
5652,89,79,10,10
5653,84,81,3,3
5654,80,82,-2,2
5655,119,110,9,9
5656,105,91,14,14
5657,61,67,-6,6
5658,53,58,-5,5
5659,69,68,1,1
5660,83,74,9,9
5661,122,96,26,26
5662,88,79,9,9
5663,88,75,13,13
5664,104,97,7,7
5665,94,82,12,12
5666,133,116,17,17
5667,53,55,-2,2
5668,73,72,1,1
5669,92,85,7,7
5670,92,82,10,10
5671,91,83,8,8
5672,82,77,5,5
5673,87,83,4,4
5674,135,117,18,18
5675,126,116,10,10
5676,94,82,12,12
5677,55,51,4,4
5678,104,87,17,17
5679,127,112,15,15
5680,135,120,15,15
5681,145,117,28,28
5682,99,91,8,8
5683,96,93,3,3
5684,103,83,20,20
5685,32,35,-3,3
5686,74,70,4,4
5687,109,87,22,22
5688,59,59,0,0
5689,101,89,12,12
5690,69,63,6,6
5691,71,78,-7,7
5692,101,86,15,15
5693,129,118,11,11
5694,114,101,13,13
5695,73,66,7,7
5696,179,141,38,38
5697,81,75,6,6
5698,127,108,19,19
5699,129,114,15,15
5700,57,48,9,9
5701,50,52,-2,2
5702,80,63,17,17
5703,116,101,15,15
5704,93,78,15,15
5705,164,126,38,38
5706,43,43,0,0
5707,96,96,0,0
5708,88,72,16,16
5709,66,58,8,8
5710,97,91,6,6
5711,86,81,5,5
5712,83,84,-1,1
5713,87,78,9,9
5714,61,61,0,0
5715,81,77,4,4
5716,164,139,25,25
5717,138,119,19,19
5718,115,108,7,7
5719,86,81,5,5
5720,118,126,-8,8
5721,67,63,4,4
5722,87,84,3,3
5723,74,63,11,11
5724,51,48,3,3
5725,67,60,7,7
5726,84,72,12,12
5727,94,84,10,10
5728,69,63,6,6
5729,115,108,7,7
5730,48,46,2,2
5731,77,68,9,9
5732,81,72,9,9
5733,110,105,5,5
5734,74,81,-7,7
5735,54,58,-4,4
5736,84,78,6,6
5737,70,69,1,1
5738,64,63,1,1
5739,80,79,1,1
5740,78,67,11,11
5741,83,85,-2,2
5742,81,72,9,9
5743,34,35,-1,1
5744,149,144,5,5
5745,50,49,1,1
5746,57,53,4,4
5747,75,69,6,6
5748,139,114,25,25
5749,48,45,3,3
5750,61,61,0,0
5751,96,82,14,14
5752,64,54,10,10
5753,90,86,4,4
5754,81,74,7,7
5755,119,115,4,4
5756,129,110,19,19
5757,111,107,4,4
5758,79,75,4,4
5759,107,92,15,15
5760,77,76,1,1
5761,67,62,5,5
5762,103,85,18,18
5763,60,58,2,2
5764,115,105,10,10
5765,62,54,8,8
5766,71,69,2,2
5767,67,71,-4,4
5768,46,46,0,0
5769,52,48,4,4
5770,55,52,3,3
5771,95,81,14,14
5772,119,95,24,24
5773,156,146,10,10
5774,89,74,15,15
5775,130,101,29,29
5776,149,126,23,23
5777,53,62,-9,9
5778,103,91,12,12
5779,181,142,39,39
5780,88,80,8,8
5781,91,81,10,10
5782,79,67,12,12
5783,64,72,-8,8
5784,85,84,1,1
5785,45,44,1,1
5786,72,66,6,6
5787,118,99,19,19
5788,54,49,5,5
5789,98,91,7,7
5790,79,77,2,2
5791,63,58,5,5
5792,27,35,-8,8
5793,142,121,21,21
5794,67,62,5,5
5795,146,127,19,19
5796,80,79,1,1
5797,68,73,-5,5
5798,92,88,4,4
5799,48,47,1,1
5800,117,91,26,26
5801,98,89,9,9
5802,73,70,3,3
5803,84,78,6,6
5804,95,83,12,12
5805,120,108,12,12
5806,151,142,9,9
5807,50,46,4,4
5808,93,85,8,8
5809,150,132,18,18
5810,65,72,-7,7
5811,76,73,3,3
5812,69,65,4,4
5813,91,80,11,11
5814,81,78,3,3
5815,92,81,11,11
5816,127,129,-2,2
5817,100,87,13,13
5818,98,88,10,10
5819,109,93,16,16
5820,69,68,1,1
5821,94,92,2,2
5822,156,127,29,29
5823,82,84,-2,2
5824,62,71,-9,9
5825,56,53,3,3
5826,44,44,0,0
5827,134,96,38,38
5828,75,69,6,6
5829,88,82,6,6
5830,63,65,-2,2
5831,106,97,9,9
5832,121,99,22,22
5833,94,91,3,3
5834,89,88,1,1
5835,45,48,-3,3
5836,76,74,2,2
5837,85,78,7,7
5838,129,120,9,9
5839,113,100,13,13
5840,127,107,20,20
5841,129,135,-6,6
5842,92,81,11,11
5843,60,53,7,7
5844,91,71,20,20
5845,90,78,12,12
5846,143,127,16,16
5847,79,71,8,8
5848,118,144,-26,26
5849,65,61,4,4
5850,88,73,15,15
5851,102,94,8,8
5852,67,63,4,4
5853,104,88,16,16
5854,164,144,20,20
5855,145,125,20,20
5856,51,46,5,5
5857,35,36,-1,1
5858,125,109,16,16
5859,78,74,4,4
5860,110,98,12,12
5861,133,120,13,13
5862,92,85,7,7
5863,89,85,4,4
5864,66,62,4,4
5865,96,90,6,6
5866,74,68,6,6
5867,21,33,-12,12
5868,52,50,2,2
5869,49,46,3,3
5870,133,126,7,7
5871,56,55,1,1
5872,48,47,1,1
5873,53,44,9,9
5874,86,81,5,5
5875,81,88,-7,7
5876,139,126,13,13
5877,111,112,-1,1
5878,118,112,6,6
5879,61,58,3,3
5880,88,87,1,1
5881,58,55,3,3
5882,91,79,12,12
5883,110,98,12,12
5884,118,89,29,29
5885,109,92,17,17
5886,52,51,1,1
5887,69,66,3,3
5888,144,117,27,27
5889,87,77,10,10
5890,153,125,28,28
5891,49,51,-2,2
5892,106,101,5,5
5893,85,79,6,6
5894,95,84,11,11
5895,99,89,10,10
5896,154,138,16,16
5897,64,73,-9,9
5898,74,65,9,9
5899,94,79,15,15
5900,83,62,21,21
5901,66,63,3,3
5902,48,50,-2,2
5903,87,90,-3,3
5904,28,47,-19,19
5905,63,55,8,8
5906,117,102,15,15
5907,169,147,22,22
5908,54,50,4,4
5909,118,106,12,12
5910,77,67,10,10
5911,87,84,3,3
5912,259,205,54,54
5913,116,110,6,6
5914,141,126,15,15
5915,63,65,-2,2
5916,194,159,35,35
5917,58,66,-8,8
5918,117,104,13,13
5919,101,92,9,9
5920,128,114,14,14
5921,99,81,18,18
5922,122,98,24,24
5923,146,124,22,22
5924,117,95,22,22
5925,85,83,2,2
5926,156,133,23,23
5927,85,76,9,9
5928,149,139,10,10
5929,62,63,-1,1
5930,133,119,14,14
5931,76,72,4,4
5932,67,62,5,5
5933,125,132,-7,7
5934,73,64,9,9
5935,106,86,20,20
5936,98,88,10,10
5937,113,102,11,11
5938,151,134,17,17
5939,91,81,10,10
5940,115,114,1,1
5941,99,93,6,6
5942,51,49,2,2
5943,102,101,1,1
5944,123,104,19,19
5945,71,60,11,11
5946,116,106,10,10
5947,118,105,13,13
5948,151,143,8,8
5949,93,76,17,17
5950,77,73,4,4
5951,52,45,7,7
5952,88,79,9,9
5953,56,52,4,4
5954,152,150,2,2
5955,129,118,11,11
5956,75,74,1,1
5957,98,86,12,12
5958,149,136,13,13
5959,73,65,8,8
5960,96,98,-2,2
5961,145,126,19,19
5962,88,76,12,12
5963,159,134,25,25
5964,178,149,29,29
5965,81,80,1,1
5966,142,118,24,24
5967,97,85,12,12
5968,145,131,14,14
5969,91,82,9,9
5970,85,66,19,19
5971,87,70,17,17
5972,90,72,18,18
5973,68,64,4,4
5974,94,82,12,12
5975,101,86,15,15
5976,92,74,18,18
5977,71,71,0,0
5978,113,101,12,12
5979,102,90,12,12
5980,114,105,9,9
5981,97,86,11,11
5982,47,52,-5,5
5983,60,57,3,3
5984,135,118,17,17
5985,58,52,6,6
5986,206,161,45,45
5987,68,67,1,1
5988,42,45,-3,3
5989,73,60,13,13
5990,83,70,13,13
5991,72,63,9,9
5992,111,77,34,34
5993,58,49,9,9
5994,130,124,6,6
5995,111,100,11,11
5996,140,135,5,5
5997,95,89,6,6
5998,96,86,10,10
5999,91,81,10,10
6000,79,73,6,6
6001,74,69,5,5
6002,169,137,32,32
6003,117,106,11,11
6004,78,56,22,22
6005,115,107,8,8
6006,44,42,2,2
6007,103,103,0,0
6008,78,91,-13,13
6009,49,49,0,0
6010,126,117,9,9
6011,93,77,16,16
6012,140,126,14,14
6013,85,80,5,5
6014,116,113,3,3
6015,83,72,11,11
6016,96,95,1,1
6017,143,119,24,24
6018,74,73,1,1
6019,92,87,5,5
6020,63,53,10,10
6021,49,53,-4,4
6022,144,130,14,14
6023,54,51,3,3
6024,116,149,-33,33
6025,66,71,-5,5
6026,56,57,-1,1
6027,56,85,-29,29
6028,107,100,7,7
6029,140,120,20,20
6030,92,91,1,1
6031,76,74,2,2
6032,90,87,3,3
6033,138,129,9,9
6034,71,60,11,11
6035,89,93,-4,4
6036,66,55,11,11
6037,60,57,3,3
6038,116,112,4,4
6039,179,160,19,19
6040,90,72,18,18
6041,116,110,6,6
6042,89,81,8,8
6043,95,83,12,12
6044,85,73,12,12
6045,53,49,4,4
6046,166,146,20,20
6047,43,42,1,1
6048,119,113,6,6
6049,105,106,-1,1
6050,121,102,19,19
6051,73,68,5,5
6052,67,60,7,7
6053,119,108,11,11
6054,106,95,11,11
6055,72,61,11,11
6056,75,67,8,8
6057,70,71,-1,1
6058,143,117,26,26
6059,83,75,8,8
6060,83,72,11,11
6061,46,57,-11,11
6062,47,43,4,4
6063,119,102,17,17
6064,108,90,18,18
6065,43,51,-8,8
6066,64,56,8,8
6067,83,79,4,4
6068,141,120,21,21
6069,107,94,13,13
6070,35,49,-14,14
6071,119,106,13,13
6072,88,74,14,14
6073,77,76,1,1
6074,75,69,6,6
6075,140,123,17,17
6076,66,61,5,5
6077,121,114,7,7
6078,47,54,-7,7
6079,68,66,2,2
6080,112,94,18,18
6081,178,144,34,34
6082,87,84,3,3
6083,164,134,30,30
6084,79,76,3,3
6085,71,66,5,5
6086,111,117,-6,6
6087,78,77,1,1
6088,160,146,14,14
6089,98,89,9,9
6090,115,138,-23,23
6091,95,94,1,1
6092,65,61,4,4
6093,159,142,17,17
6094,85,79,6,6
6095,69,61,8,8
6096,116,106,10,10
6097,55,52,3,3
6098,96,89,7,7
6099,94,79,15,15
6100,72,64,8,8
6101,94,80,14,14
6102,124,120,4,4
6103,62,58,4,4
6104,79,65,14,14
6105,146,122,24,24
6106,42,44,-2,2
6107,85,75,10,10
6108,100,80,20,20
6109,131,102,29,29
6110,72,72,0,0
6111,49,46,3,3
6112,116,98,18,18
6113,102,90,12,12
6114,135,121,14,14
6115,138,119,19,19
6116,40,53,-13,13
6117,104,91,13,13
6118,99,87,12,12
6119,50,45,5,5
6120,108,95,13,13
6121,106,97,9,9
6122,93,81,12,12
6123,155,139,16,16
6124,127,110,17,17
6125,78,73,5,5
6126,87,82,5,5
6127,73,70,3,3
6128,92,85,7,7
6129,86,78,8,8
6130,117,104,13,13
6131,65,56,9,9
6132,44,40,4,4
6133,142,122,20,20
6134,83,82,1,1
6135,104,89,15,15
6136,119,97,22,22
6137,112,99,13,13
6138,96,78,18,18
6139,58,59,-1,1
6140,44,43,1,1
6141,107,100,7,7
6142,115,103,12,12
6143,87,85,2,2
6144,102,91,11,11
6145,89,79,10,10
6146,119,104,15,15
6147,101,88,13,13
6148,55,54,1,1
6149,92,78,14,14
6150,108,91,17,17
6151,57,54,3,3
6152,119,102,17,17
6153,133,117,16,16
6154,80,77,3,3
6155,66,64,2,2
6156,114,96,18,18
6157,111,104,7,7
6158,140,119,21,21
6159,108,80,28,28
6160,89,89,0,0
6161,88,73,15,15
6162,76,76,0,0
6163,80,74,6,6
6164,98,82,16,16
6165,73,69,4,4
6166,136,117,19,19
6167,50,46,4,4
6168,88,90,-2,2
6169,69,65,4,4
6170,151,130,21,21
6171,66,57,9,9
6172,73,65,8,8
6173,65,57,8,8
6174,72,69,3,3
6175,52,51,1,1
6176,108,85,23,23
6177,86,76,10,10
6178,34,43,-9,9
6179,183,163,20,20
6180,54,46,8,8
6181,122,115,7,7
6182,64,60,4,4
6183,75,73,2,2
6184,105,86,19,19
6185,65,63,2,2
6186,84,84,0,0
6187,101,90,11,11
6188,117,100,17,17
6189,148,131,17,17
6190,66,61,5,5
6191,106,103,3,3
6192,147,115,32,32
6193,108,101,7,7
6194,133,97,36,36
6195,42,42,0,0
6196,67,58,9,9
6197,117,100,17,17
6198,127,120,7,7
6199,84,76,8,8
6200,72,64,8,8
6201,77,68,9,9
6202,83,71,12,12
6203,77,82,-5,5
6204,133,117,16,16
6205,61,63,-2,2
6206,75,75,0,0
6207,81,73,8,8
6208,95,83,12,12
6209,115,99,16,16
6210,106,86,20,20
6211,85,71,14,14
6212,89,81,8,8
6213,103,89,14,14
6214,78,69,9,9
6215,83,74,9,9
6216,128,102,26,26
6217,64,64,0,0
6218,87,78,9,9
6219,108,87,21,21
6220,108,95,13,13
6221,77,69,8,8
6222,65,67,-2,2
6223,56,54,2,2
6224,69,58,11,11
6225,83,77,6,6
6226,93,89,4,4
6227,85,77,8,8
6228,177,156,21,21
6229,52,50,2,2
6230,35,39,-4,4
6231,128,105,23,23
6232,98,87,11,11
6233,83,74,9,9
6234,67,58,9,9
6235,102,93,9,9
6236,115,104,11,11
6237,103,89,14,14
6238,99,91,8,8
6239,100,90,10,10
6240,148,117,31,31
6241,67,61,6,6
6242,131,116,15,15
6243,76,69,7,7
6244,91,84,7,7
6245,110,85,25,25
6246,133,121,12,12
6247,77,79,-2,2
6248,151,134,17,17
6249,130,123,7,7
6250,80,79,1,1
6251,86,80,6,6
6252,117,113,4,4
6253,72,65,7,7
6254,104,93,11,11
6255,108,91,17,17
6256,103,95,8,8
6257,57,57,0,0
6258,30,37,-7,7
6259,70,66,4,4
6260,93,96,-3,3
6261,75,65,10,10
6262,46,47,-1,1
6263,169,129,40,40
6264,88,79,9,9
6265,71,70,1,1
6266,97,93,4,4
6267,133,110,23,23
6268,77,74,3,3
6269,93,87,6,6
6270,52,60,-8,8
6271,124,121,3,3
6272,60,83,-23,23
6273,53,55,-2,2
6274,98,88,10,10
6275,105,84,21,21
6276,92,79,13,13
6277,106,90,16,16
6278,55,51,4,4
6279,94,88,6,6
6280,94,76,18,18
6281,67,65,2,2
6282,109,91,18,18
6283,61,60,1,1
6284,49,51,-2,2
6285,99,85,14,14
6286,109,92,17,17
6287,73,63,10,10
6288,107,95,12,12
6289,82,74,8,8
6290,122,105,17,17
6291,50,48,2,2
6292,102,87,15,15
6293,99,88,11,11
6294,40,39,1,1
6295,61,55,6,6
6296,94,89,5,5
6297,55,54,1,1
6298,66,59,7,7
6299,58,61,-3,3
6300,139,133,6,6
6301,104,83,21,21
6302,74,66,8,8
6303,77,65,12,12
6304,77,67,10,10
6305,91,84,7,7
6306,74,66,8,8
6307,63,59,4,4
6308,56,52,4,4
6309,103,100,3,3
6310,83,78,5,5
6311,69,70,-1,1
6312,165,135,30,30
6313,109,100,9,9
6314,93,75,18,18
6315,123,109,14,14
6316,142,125,17,17
6317,71,60,11,11
6318,102,93,9,9
6319,81,75,6,6
6320,178,140,38,38
6321,75,62,13,13
6322,68,66,2,2
6323,135,113,22,22
6324,103,95,8,8
6325,108,100,8,8
6326,62,74,-12,12
6327,95,92,3,3
6328,114,97,17,17
6329,120,108,12,12
6330,124,115,9,9
6331,90,83,7,7
6332,29,37,-8,8
6333,69,68,1,1
6334,61,67,-6,6
6335,85,74,11,11
6336,83,83,0,0
6337,122,101,21,21
6338,148,125,23,23
6339,108,90,18,18
6340,96,92,4,4
6341,75,70,5,5
6342,101,103,-2,2
6343,81,72,9,9
6344,98,90,8,8
6345,95,83,12,12
6346,100,87,13,13
6347,96,90,6,6
6348,161,154,7,7
6349,84,79,5,5
6350,55,50,5,5
6351,59,61,-2,2
6352,124,111,13,13
6353,137,120,17,17
6354,118,101,17,17
6355,144,112,32,32
6356,182,153,29,29
6357,126,108,18,18
6358,127,105,22,22
6359,111,98,13,13
6360,92,83,9,9
6361,106,94,12,12
6362,74,73,1,1
6363,68,76,-8,8
6364,108,103,5,5
6365,95,82,13,13
6366,103,95,8,8
6367,81,77,4,4
6368,86,82,4,4
6369,170,141,29,29
6370,50,48,2,2
6371,51,51,0,0
6372,94,80,14,14
6373,146,141,5,5
6374,74,69,5,5
6375,100,82,18,18
6376,128,101,27,27
6377,74,63,11,11
6378,108,99,9,9
6379,77,76,1,1
6380,63,60,3,3
6381,50,41,9,9
6382,109,96,13,13
6383,52,52,0,0
6384,68,76,-8,8
6385,90,89,1,1
6386,80,80,0,0
6387,55,61,-6,6
6388,103,85,18,18
6389,84,80,4,4
6390,90,75,15,15
6391,66,69,-3,3
6392,167,143,24,24
6393,82,77,5,5
6394,73,66,7,7
6395,86,85,1,1
6396,71,69,2,2
6397,80,78,2,2
6398,92,87,5,5
6399,117,97,20,20
6400,51,55,-4,4
6401,94,85,9,9
6402,84,76,8,8
6403,135,121,14,14
6404,66,69,-3,3
6405,151,131,20,20
6406,92,85,7,7
6407,102,90,12,12
6408,116,95,21,21
6409,50,54,-4,4
6410,88,83,5,5
6411,119,104,15,15
6412,107,97,10,10
6413,93,92,1,1
6414,142,120,22,22
6415,52,50,2,2
6416,115,107,8,8
6417,52,52,0,0
6418,56,51,5,5
6419,152,119,33,33
6420,83,70,13,13
6421,62,59,3,3
6422,64,70,-6,6
6423,119,100,19,19
6424,157,127,30,30
6425,51,53,-2,2
6426,118,107,11,11
6427,58,63,-5,5
6428,94,82,12,12
6429,45,46,-1,1
6430,120,100,20,20
6431,88,82,6,6
6432,84,83,1,1
6433,131,117,14,14
6434,98,85,13,13
6435,50,47,3,3
6436,88,74,14,14
6437,101,104,-3,3
6438,78,69,9,9
6439,40,56,-16,16
6440,103,102,1,1
6441,96,81,15,15
6442,83,75,8,8
6443,93,84,9,9
6444,82,66,16,16
6445,103,91,12,12
6446,41,57,-16,16
6447,39,46,-7,7
6448,60,53,7,7
6449,137,115,22,22
6450,46,43,3,3
6451,51,50,1,1
6452,82,79,3,3
6453,131,109,22,22
6454,66,69,-3,3
6455,76,66,10,10
6456,204,166,38,38
6457,106,97,9,9
6458,72,63,9,9
6459,145,129,16,16
6460,80,70,10,10
6461,89,83,6,6
6462,148,134,14,14
6463,141,112,29,29
6464,59,60,-1,1
6465,51,45,6,6
6466,88,78,10,10
6467,77,69,8,8
6468,103,95,8,8
6469,94,79,15,15
6470,92,76,16,16
6471,82,71,11,11
6472,89,88,1,1
6473,72,69,3,3
6474,135,115,20,20
6475,135,114,21,21
6476,85,75,10,10
6477,63,60,3,3
6478,173,148,25,25
6479,108,98,10,10
6480,141,107,34,34
6481,85,83,2,2
6482,144,125,19,19
6483,66,61,5,5
6484,86,82,4,4
6485,84,70,14,14
6486,107,92,15,15
6487,60,58,2,2
6488,62,65,-3,3
6489,174,158,16,16
6490,68,58,10,10
6491,74,73,1,1
6492,67,61,6,6
6493,72,61,11,11
6494,117,100,17,17
6495,93,106,-13,13
6496,69,71,-2,2
6497,75,70,5,5
6498,84,76,8,8
6499,101,93,8,8
6500,78,73,5,5
6501,202,175,27,27
6502,97,99,-2,2
6503,79,74,5,5
6504,97,94,3,3
6505,60,63,-3,3
6506,58,52,6,6
6507,113,109,4,4
6508,63,60,3,3
6509,79,72,7,7
6510,94,85,9,9
6511,129,115,14,14
6512,142,127,15,15
6513,96,87,9,9
6514,83,70,13,13
6515,137,113,24,24
6516,99,85,14,14
6517,92,84,8,8
6518,92,90,2,2
6519,69,62,7,7
6520,126,126,0,0
6521,148,140,8,8
6522,90,81,9,9
6523,94,80,14,14
6524,111,99,12,12
6525,86,84,2,2
6526,49,53,-4,4
6527,124,105,19,19
6528,107,100,7,7
6529,129,114,15,15
6530,58,48,10,10
6531,70,66,4,4
6532,70,71,-1,1
6533,91,78,13,13
6534,86,71,15,15
6535,102,93,9,9
6536,83,79,4,4
6537,119,107,12,12
6538,76,67,9,9
6539,49,43,6,6
6540,94,75,19,19
6541,124,94,30,30
6542,65,59,6,6
6543,96,98,-2,2
6544,170,151,19,19
6545,68,69,-1,1
6546,28,34,-6,6
6547,135,123,12,12
6548,151,117,34,34
6549,80,77,3,3
6550,79,86,-7,7
6551,68,76,-8,8
6552,118,96,22,22
6553,73,68,5,5
6554,104,102,2,2
6555,147,117,30,30
6556,91,91,0,0
6557,147,116,31,31
6558,55,59,-4,4
6559,66,63,3,3
6560,121,102,19,19
6561,70,66,4,4
6562,107,94,13,13
6563,153,136,17,17
6564,124,112,12,12
6565,59,64,-5,5
6566,90,80,10,10
6567,57,61,-4,4
6568,129,106,23,23
6569,98,94,4,4
6570,152,128,24,24
6571,55,58,-3,3
6572,93,64,29,29
6573,61,55,6,6
6574,135,115,20,20
6575,72,62,10,10
6576,105,101,4,4
6577,65,86,-21,21
6578,91,82,9,9
6579,117,101,16,16
6580,85,82,3,3
6581,125,106,19,19
6582,57,58,-1,1
6583,151,124,27,27
6584,68,67,1,1
6585,104,100,4,4
6586,53,53,0,0
6587,88,81,7,7
6588,91,79,12,12
6589,184,139,45,45
6590,99,88,11,11
6591,189,155,34,34
6592,186,158,28,28
6593,125,105,20,20
6594,62,67,-5,5
6595,103,94,9,9
6596,183,161,22,22
6597,62,53,9,9
6598,66,62,4,4
6599,73,65,8,8
6600,114,101,13,13
6601,123,114,9,9
6602,108,85,23,23
6603,115,96,19,19
6604,124,105,19,19
6605,66,72,-6,6
6606,104,80,24,24
6607,75,69,6,6
6608,108,103,5,5
6609,81,78,3,3
6610,82,66,16,16
6611,80,68,12,12
6612,30,38,-8,8
6613,90,80,10,10
6614,62,59,3,3
6615,86,74,12,12
6616,56,51,5,5
6617,95,91,4,4
6618,100,92,8,8
6619,102,90,12,12
6620,102,95,7,7
6621,59,53,6,6
6622,152,127,25,25
6623,163,146,17,17
6624,143,125,18,18
6625,162,141,21,21
6626,84,81,3,3
6627,78,75,3,3
6628,92,90,2,2
6629,79,76,3,3
6630,78,68,10,10
6631,120,95,25,25
6632,99,85,14,14
6633,103,80,23,23
6634,76,76,0,0
6635,80,73,7,7
6636,66,61,5,5
6637,128,113,15,15
6638,85,68,17,17
6639,100,93,7,7
6640,46,50,-4,4
6641,125,111,14,14
6642,111,104,7,7
6643,119,105,14,14
6644,59,60,-1,1
6645,55,49,6,6
6646,158,136,22,22
6647,106,102,4,4
6648,136,122,14,14
6649,108,91,17,17
6650,124,107,17,17
6651,106,94,12,12
6652,92,76,16,16
6653,118,113,5,5
6654,108,94,14,14
6655,114,98,16,16
6656,51,50,1,1
6657,85,76,9,9
6658,61,79,-18,18
6659,74,68,6,6
6660,67,61,6,6
6661,108,94,14,14
6662,132,116,16,16
6663,78,65,13,13
6664,102,99,3,3
6665,175,135,40,40
6666,140,124,16,16
6667,93,80,13,13
6668,75,78,-3,3
6669,98,88,10,10
6670,98,84,14,14
6671,119,99,20,20
6672,121,131,-10,10
6673,94,87,7,7
6674,117,92,25,25
6675,108,100,8,8
6676,87,96,-9,9
6677,100,86,14,14
6678,88,77,11,11
6679,86,65,21,21
6680,65,62,3,3
6681,81,71,10,10
6682,89,82,7,7
6683,114,93,21,21
6684,108,98,10,10
6685,95,79,16,16
6686,100,89,11,11
6687,98,90,8,8
6688,88,78,10,10
6689,95,86,9,9
6690,92,85,7,7
6691,161,141,20,20
6692,57,50,7,7
6693,89,81,8,8
6694,67,51,16,16
6695,101,93,8,8
6696,102,98,4,4
6697,84,76,8,8
6698,64,58,6,6
6699,127,114,13,13
6700,97,90,7,7
6701,101,92,9,9
6702,65,65,0,0
6703,89,75,14,14
6704,70,64,6,6
6705,67,66,1,1
6706,169,145,24,24
6707,59,64,-5,5
6708,163,136,27,27
6709,38,41,-3,3
6710,117,102,15,15
6711,53,50,3,3
6712,52,51,1,1
6713,120,108,12,12
6714,80,64,16,16
6715,52,54,-2,2
6716,127,131,-4,4
6717,87,87,0,0
6718,54,73,-19,19
6719,66,57,9,9
6720,98,85,13,13
6721,112,104,8,8
6722,56,53,3,3
6723,114,99,15,15
6724,90,81,9,9
6725,87,80,7,7
6726,58,57,1,1
6727,118,104,14,14
6728,96,89,7,7
6729,102,101,1,1
6730,84,81,3,3
6731,111,96,15,15
6732,62,62,0,0
6733,73,64,9,9
6734,69,65,4,4
6735,133,112,21,21
6736,87,76,11,11
6737,64,59,5,5
6738,85,82,3,3
6739,103,88,15,15
6740,86,75,11,11
6741,68,62,6,6
6742,145,131,14,14
6743,74,61,13,13
6744,91,89,2,2
6745,102,86,16,16
6746,128,112,16,16
6747,104,97,7,7
6748,110,107,3,3
6749,56,50,6,6
6750,83,77,6,6
6751,109,105,4,4
6752,77,69,8,8
6753,164,130,34,34
6754,137,120,17,17
6755,134,110,24,24
6756,172,145,27,27
6757,116,104,12,12
6758,80,71,9,9
6759,50,49,1,1
6760,168,139,29,29
6761,68,69,-1,1
6762,88,83,5,5
6763,48,44,4,4
6764,60,54,6,6
6765,135,121,14,14
6766,75,63,12,12
6767,187,163,24,24
6768,78,67,11,11
6769,117,91,26,26
6770,109,103,6,6
6771,79,68,11,11
6772,80,75,5,5
6773,72,69,3,3
6774,105,96,9,9
6775,130,124,6,6
6776,108,105,3,3
6777,39,44,-5,5
6778,94,90,4,4
6779,76,78,-2,2
6780,84,81,3,3
6781,110,109,1,1
6782,79,72,7,7
6783,129,99,30,30
6784,66,62,4,4
6785,73,70,3,3
6786,90,76,14,14
6787,69,66,3,3
6788,76,61,15,15
6789,96,101,-5,5
6790,113,102,11,11
6791,118,108,10,10
6792,78,68,10,10
6793,92,79,13,13
6794,96,83,13,13
6795,111,108,3,3
6796,143,133,10,10
6797,101,89,12,12
6798,99,94,5,5
6799,110,109,1,1
6800,105,98,7,7
6801,79,73,6,6
6802,80,83,-3,3
6803,54,50,4,4
6804,86,76,10,10
6805,66,71,-5,5
6806,96,83,13,13
6807,151,134,17,17
6808,78,93,-15,15
6809,82,81,1,1
6810,93,81,12,12
6811,57,63,-6,6
6812,129,109,20,20
6813,89,82,7,7
6814,83,75,8,8
6815,72,74,-2,2
6816,85,79,6,6
6817,58,55,3,3
6818,69,65,4,4
6819,69,76,-7,7
6820,55,48,7,7
6821,114,94,20,20
6822,145,116,29,29
6823,81,80,1,1
6824,41,47,-6,6
6825,88,95,-7,7
6826,108,99,9,9
6827,104,93,11,11
6828,74,60,14,14
6829,111,99,12,12
6830,74,68,6,6
6831,82,73,9,9
6832,129,113,16,16
6833,75,75,0,0
6834,137,116,21,21
6835,135,119,16,16
6836,93,76,17,17
6837,73,78,-5,5
6838,125,113,12,12
6839,110,109,1,1
6840,147,146,1,1
6841,86,86,0,0
6842,96,83,13,13
6843,104,91,13,13
6844,110,103,7,7
6845,80,71,9,9
6846,66,67,-1,1
6847,168,144,24,24
6848,123,121,2,2
6849,138,124,14,14
6850,66,61,5,5
6851,66,59,7,7
6852,143,119,24,24
6853,88,73,15,15
6854,76,77,-1,1
6855,143,133,10,10
6856,108,90,18,18
6857,74,68,6,6
6858,76,67,9,9
6859,59,58,1,1
6860,87,76,11,11
6861,113,98,15,15
6862,57,55,2,2
6863,56,62,-6,6
6864,102,85,17,17
6865,74,69,5,5
6866,89,84,5,5
6867,75,74,1,1
6868,128,116,12,12
6869,106,104,2,2
6870,92,79,13,13
6871,138,126,12,12
6872,75,66,9,9
6873,103,92,11,11
6874,120,99,21,21
6875,136,112,24,24
6876,72,69,3,3
6877,128,120,8,8
6878,128,113,15,15
6879,150,133,17,17
6880,86,74,12,12
6881,85,75,10,10
6882,62,56,6,6
6883,76,70,6,6
6884,123,109,14,14
6885,64,61,3,3
6886,116,106,10,10
6887,62,59,3,3
6888,81,74,7,7
6889,118,101,17,17
6890,117,104,13,13
6891,123,102,21,21
6892,144,114,30,30
6893,109,98,11,11
6894,79,71,8,8
6895,97,93,4,4
6896,87,75,12,12
6897,55,51,4,4
6898,65,61,4,4
6899,103,94,9,9
6900,90,72,18,18
6901,87,75,12,12
6902,43,43,0,0
6903,92,81,11,11
6904,147,134,13,13
6905,106,91,15,15
6906,68,70,-2,2
6907,71,62,9,9
6908,97,89,8,8
6909,93,86,7,7
6910,69,78,-9,9
6911,92,89,3,3
6912,77,76,1,1
6913,132,113,19,19
6914,87,81,6,6
6915,118,101,17,17
6916,58,54,4,4
6917,43,39,4,4
6918,80,82,-2,2
6919,118,99,19,19
6920,107,108,-1,1
6921,132,116,16,16
6922,86,84,2,2
6923,114,96,18,18
6924,85,75,10,10
6925,66,66,0,0
6926,65,60,5,5
6927,84,81,3,3
6928,122,110,12,12
6929,74,72,2,2
6930,154,141,13,13
6931,93,84,9,9
6932,40,62,-22,22
6933,88,76,12,12
6934,84,82,2,2
6935,67,64,3,3
6936,113,104,9,9
6937,110,101,9,9
6938,217,174,43,43
6939,99,94,5,5
6940,107,101,6,6
6941,120,108,12,12
6942,116,99,17,17
6943,70,74,-4,4
6944,86,77,9,9
6945,89,85,4,4
6946,75,68,7,7
6947,72,66,6,6
6948,75,69,6,6
6949,55,59,-4,4
6950,196,171,25,25
6951,114,96,18,18
6952,142,85,57,57
6953,76,73,3,3
6954,71,61,10,10
6955,80,79,1,1
6956,81,73,8,8
6957,106,89,17,17
6958,126,109,17,17
6959,114,105,9,9
6960,90,81,9,9
6961,134,115,19,19
6962,112,101,11,11
6963,86,80,6,6
6964,109,107,2,2
6965,98,97,1,1
6966,123,111,12,12
6967,48,44,4,4
6968,89,79,10,10
6969,141,127,14,14
6970,122,109,13,13
6971,65,70,-5,5
6972,163,136,27,27
6973,106,93,13,13
6974,145,130,15,15
6975,65,59,6,6
6976,111,86,25,25
6977,110,101,9,9
6978,40,39,1,1
6979,77,72,5,5
6980,81,72,9,9
6981,136,116,20,20
6982,124,117,7,7
6983,107,100,7,7
6984,83,75,8,8
6985,137,116,21,21
6986,93,86,7,7
6987,95,88,7,7
6988,82,88,-6,6
6989,91,83,8,8
6990,139,112,27,27
6991,49,46,3,3
6992,36,34,2,2
6993,76,63,13,13
6994,57,56,1,1
6995,128,118,10,10
6996,77,85,-8,8
6997,86,81,5,5
6998,144,126,18,18
6999,72,69,3,3
7000,48,47,1,1
7001,86,74,12,12
7002,96,83,13,13
7003,67,61,6,6
7004,65,58,7,7
7005,132,107,25,25
7006,128,110,18,18
7007,115,100,15,15
7008,109,99,10,10
7009,63,60,3,3
7010,55,59,-4,4
7011,119,94,25,25
7012,70,59,11,11
7013,125,103,22,22
7014,146,121,25,25
7015,84,77,7,7
7016,120,111,9,9
7017,83,82,1,1
7018,68,61,7,7
7019,106,90,16,16
7020,147,110,37,37
7021,81,73,8,8
7022,87,84,3,3
7023,86,75,11,11
7024,67,67,0,0
7025,100,86,14,14
7026,81,78,3,3
7027,70,71,-1,1
7028,94,80,14,14
7029,123,101,22,22
7030,121,102,19,19
7031,71,67,4,4
7032,73,65,8,8
7033,79,73,6,6
7034,98,94,4,4
7035,147,106,41,41
7036,86,75,11,11
7037,83,70,13,13
7038,117,100,17,17
7039,93,89,4,4
7040,44,45,-1,1
7041,68,66,2,2
7042,74,71,3,3
7043,76,87,-11,11
7044,96,81,15,15
7045,80,63,17,17
7046,73,76,-3,3
7047,93,80,13,13
7048,48,50,-2,2
7049,85,77,8,8
7050,140,125,15,15
7051,81,76,5,5
7052,57,53,4,4
7053,93,80,13,13
7054,119,107,12,12
7055,129,124,5,5
7056,88,76,12,12
7057,101,87,14,14
7058,91,82,9,9
7059,59,53,6,6
7060,109,105,4,4
7061,89,74,15,15
7062,101,82,19,19
7063,116,98,18,18
7064,86,79,7,7
7065,113,101,12,12
7066,101,88,13,13
7067,110,103,7,7
7068,115,126,-11,11
7069,137,131,6,6
7070,64,69,-5,5
7071,133,110,23,23
7072,80,80,0,0
7073,61,53,8,8
7074,116,108,8,8
7075,154,132,22,22
7076,69,64,5,5
7077,123,112,11,11
7078,63,62,1,1
7079,99,106,-7,7
7080,52,46,6,6
7081,86,74,12,12
7082,79,71,8,8
7083,97,96,1,1
7084,68,66,2,2
7085,79,78,1,1
7086,82,69,13,13
7087,66,58,8,8
7088,28,34,-6,6
7089,54,61,-7,7
7090,76,68,8,8
7091,74,77,-3,3
7092,97,90,7,7
7093,82,73,9,9
7094,103,95,8,8
7095,61,51,10,10
7096,69,56,13,13
7097,60,60,0,0
7098,61,81,-20,20
7099,100,95,5,5
7100,100,93,7,7
7101,129,107,22,22
7102,184,150,34,34
7103,119,107,12,12
7104,91,77,14,14
7105,99,96,3,3
7106,100,88,12,12
7107,58,60,-2,2
7108,70,65,5,5
7109,76,78,-2,2
7110,77,71,6,6
7111,70,60,10,10
7112,116,99,17,17
7113,149,130,19,19
7114,124,114,10,10
7115,139,105,34,34
7116,142,137,5,5
7117,77,76,1,1
7118,96,79,17,17
7119,215,169,46,46
7120,70,66,4,4
7121,118,107,11,11
7122,89,82,7,7
7123,106,90,16,16
7124,117,106,11,11
7125,60,59,1,1
7126,67,65,2,2
7127,149,136,13,13
7128,364,377,-13,13
7129,110,95,15,15
7130,106,88,18,18
7131,161,145,16,16
7132,119,119,0,0
7133,113,134,-21,21
7134,100,94,6,6
7135,51,52,-1,1
7136,121,106,15,15
7137,108,99,9,9
7138,107,97,10,10
7139,62,58,4,4
7140,84,79,5,5
7141,93,75,18,18
7142,143,128,15,15
7143,136,116,20,20
7144,53,58,-5,5
7145,97,91,6,6
7146,139,128,11,11
7147,126,116,10,10
7148,46,51,-5,5
7149,172,152,20,20
7150,101,92,9,9
7151,89,83,6,6
7152,118,100,18,18
7153,71,68,3,3
7154,120,113,7,7
7155,77,72,5,5
7156,145,118,27,27
7157,45,39,6,6
7158,80,70,10,10
7159,58,59,-1,1
7160,117,100,17,17
7161,91,82,9,9
7162,192,160,32,32
7163,68,60,8,8
7164,71,59,12,12
7165,82,74,8,8
7166,84,78,6,6
7167,70,73,-3,3
7168,47,49,-2,2
7169,95,81,14,14
7170,59,59,0,0
7171,154,126,28,28
7172,131,109,22,22
7173,98,92,6,6
7174,38,42,-4,4
7175,86,84,2,2
7176,55,53,2,2
7177,40,40,0,0
7178,119,105,14,14
7179,247,192,55,55
7180,96,89,7,7
7181,69,68,1,1
7182,87,85,2,2
7183,93,90,3,3
7184,84,75,9,9
7185,127,118,9,9
7186,106,93,13,13
7187,62,58,4,4
7188,84,80,4,4
7189,48,50,-2,2
7190,116,111,5,5
7191,83,72,11,11
7192,123,115,8,8
7193,97,80,17,17
7194,119,97,22,22
7195,113,105,8,8
7196,70,69,1,1
7197,123,113,10,10
7198,86,74,12,12
7199,49,51,-2,2
7200,113,102,11,11
7201,100,91,9,9
7202,131,114,17,17
7203,93,84,9,9
7204,92,78,14,14
7205,73,68,5,5
7206,61,57,4,4
7207,72,62,10,10
7208,91,81,10,10
7209,86,79,7,7
7210,82,71,11,11
7211,179,159,20,20
7212,121,98,23,23
7213,58,55,3,3
7214,83,68,15,15
7215,100,76,24,24
7216,84,74,10,10
7217,76,67,9,9
7218,83,68,15,15
7219,81,74,7,7
7220,119,105,14,14
7221,160,135,25,25
7222,97,91,6,6
7223,143,143,0,0
7224,49,44,5,5
7225,188,151,37,37
7226,79,74,5,5
7227,62,58,4,4
7228,71,61,10,10
7229,114,110,4,4
7230,167,152,15,15
7231,100,81,19,19
7232,90,77,13,13
7233,106,97,9,9
7234,129,119,10,10
7235,81,72,9,9
7236,52,50,2,2
7237,86,75,11,11
7238,92,97,-5,5
7239,59,59,0,0
7240,98,94,4,4
7241,94,82,12,12
7242,173,149,24,24
7243,82,84,-2,2
7244,121,106,15,15
7245,84,70,14,14
7246,44,40,4,4
7247,88,87,1,1
7248,91,79,12,12
7249,97,85,12,12
7250,46,44,2,2
7251,114,99,15,15
7252,108,91,17,17
7253,66,60,6,6
7254,71,65,6,6
7255,76,70,6,6
7256,159,140,19,19
7257,39,39,0,0
7258,47,49,-2,2
7259,142,112,30,30
7260,124,118,6,6
7261,109,99,10,10
7262,110,102,8,8
7263,59,52,7,7
7264,107,87,20,20
7265,59,53,6,6
7266,93,87,6,6
7267,96,91,5,5
7268,40,52,-12,12
7269,124,108,16,16
7270,90,70,20,20
7271,52,50,2,2
7272,95,82,13,13
7273,81,77,4,4
7274,171,140,31,31
7275,78,62,16,16
7276,97,79,18,18
7277,82,82,0,0
7278,93,82,11,11
7279,106,100,6,6
7280,129,107,22,22
7281,110,108,2,2
7282,28,51,-23,23
7283,152,141,11,11
7284,113,94,19,19
7285,62,56,6,6
7286,51,50,1,1
7287,167,152,15,15
7288,60,51,9,9
7289,176,150,26,26
7290,139,125,14,14
7291,193,171,22,22
7292,78,75,3,3
7293,76,66,10,10
7294,80,70,10,10
7295,86,94,-8,8
7296,102,85,17,17
7297,51,46,5,5
7298,32,34,-2,2
7299,133,105,28,28
7300,160,131,29,29
7301,75,67,8,8
7302,84,71,13,13
7303,85,79,6,6
7304,89,83,6,6
7305,69,62,7,7
7306,113,102,11,11
7307,69,62,7,7
7308,76,76,0,0
7309,56,72,-16,16
7310,86,70,16,16
7311,92,90,2,2
7312,54,53,1,1
7313,100,84,16,16
7314,37,46,-9,9
7315,140,126,14,14
7316,57,67,-10,10
7317,83,79,4,4
7318,75,61,14,14
7319,59,55,4,4
7320,99,108,-9,9
7321,108,93,15,15
7322,93,89,4,4
7323,78,77,1,1
7324,166,147,19,19
7325,81,74,7,7
7326,80,73,7,7
7327,166,128,38,38
7328,56,52,4,4
7329,108,95,13,13
7330,88,81,7,7
7331,124,119,5,5
7332,71,68,3,3
7333,111,92,19,19
7334,77,82,-5,5
7335,84,73,11,11
7336,85,78,7,7
7337,103,85,18,18
7338,67,70,-3,3
7339,128,107,21,21
7340,54,46,8,8
7341,98,86,12,12
7342,115,119,-4,4
7343,80,71,9,9
7344,66,58,8,8
7345,84,73,11,11
7346,179,152,27,27
7347,70,68,2,2
7348,93,87,6,6
7349,139,137,2,2
7350,136,114,22,22
7351,173,154,19,19
7352,112,93,19,19
7353,76,77,-1,1
7354,112,105,7,7
7355,118,115,3,3
7356,109,91,18,18
7357,101,97,4,4
7358,105,87,18,18
7359,67,62,5,5
7360,131,111,20,20
7361,41,49,-8,8
7362,49,44,5,5
7363,113,102,11,11
7364,137,124,13,13
7365,96,93,3,3
7366,68,63,5,5
7367,110,105,5,5
7368,70,67,3,3
7369,155,145,10,10
7370,58,51,7,7
7371,140,133,7,7
7372,119,108,11,11
7373,67,64,3,3
7374,79,74,5,5
7375,68,63,5,5
7376,62,58,4,4
7377,48,50,-2,2
7378,104,98,6,6
7379,67,69,-2,2
7380,63,62,1,1
7381,70,64,6,6
7382,83,80,3,3
7383,66,62,4,4
7384,67,71,-4,4
7385,54,51,3,3
7386,144,131,13,13
7387,68,65,3,3
7388,76,74,2,2
7389,62,56,6,6
7390,147,120,27,27
7391,80,92,-12,12
7392,53,54,-1,1
7393,73,67,6,6
7394,74,67,7,7
7395,63,64,-1,1
7396,111,101,10,10
7397,199,159,40,40
7398,90,81,9,9
7399,65,61,4,4
7400,68,59,9,9
7401,81,75,6,6
7402,95,85,10,10
7403,83,78,5,5
7404,99,80,19,19
7405,64,66,-2,2
7406,70,68,2,2
7407,62,52,10,10
7408,60,59,1,1
7409,84,81,3,3
7410,63,58,5,5
7411,91,90,1,1
7412,53,63,-10,10
7413,114,98,16,16
7414,102,89,13,13
7415,80,61,19,19
7416,85,85,0,0
7417,112,106,6,6
7418,86,79,7,7
7419,61,63,-2,2
7420,118,100,18,18
7421,108,83,25,25
7422,179,141,38,38
7423,87,81,6,6
7424,185,153,32,32
7425,91,80,11,11
7426,73,73,0,0
7427,63,49,14,14
7428,159,129,30,30
7429,146,131,15,15
7430,75,77,-2,2
7431,73,70,3,3
7432,107,89,18,18
7433,93,83,10,10
7434,89,87,2,2
7435,82,88,-6,6
7436,79,69,10,10
7437,50,51,-1,1
7438,69,68,1,1
7439,89,85,4,4
7440,145,133,12,12
7441,84,83,1,1
7442,115,109,6,6
7443,103,108,-5,5
7444,90,88,2,2
7445,57,51,6,6
7446,118,94,24,24
7447,99,92,7,7
7448,124,104,20,20
7449,102,101,1,1
7450,97,87,10,10
7451,64,57,7,7
7452,78,65,13,13
7453,121,109,12,12
7454,163,139,24,24
7455,63,55,8,8
7456,53,54,-1,1
7457,71,65,6,6
7458,79,73,6,6
7459,102,95,7,7
7460,130,111,19,19
7461,114,102,12,12
7462,118,115,3,3
7463,93,88,5,5
7464,78,69,9,9
7465,87,79,8,8
7466,107,90,17,17
7467,105,90,15,15
7468,135,123,12,12
7469,64,57,7,7
7470,80,69,11,11
7471,79,79,0,0
7472,156,141,15,15
7473,123,114,9,9
7474,81,82,-1,1
7475,91,85,6,6
7476,184,148,36,36
7477,62,64,-2,2
7478,76,76,0,0
7479,112,99,13,13
7480,60,62,-2,2
7481,103,88,15,15
7482,83,78,5,5
7483,69,64,5,5
7484,206,177,29,29
7485,78,76,2,2
7486,82,67,15,15
7487,81,77,4,4
7488,39,37,2,2
7489,109,101,8,8
7490,32,52,-20,20
7491,65,67,-2,2
7492,88,78,10,10
7493,94,88,6,6
7494,87,83,4,4
7495,74,65,9,9
7496,88,76,12,12
7497,103,99,4,4
7498,72,59,13,13
7499,83,76,7,7
7500,197,187,10,10
7501,41,42,-1,1
7502,76,71,5,5
7503,129,105,24,24
7504,40,57,-17,17
7505,136,126,10,10
7506,62,57,5,5
7507,66,62,4,4
7508,106,108,-2,2
7509,62,57,5,5
7510,109,93,16,16
7511,136,113,23,23
7512,100,88,12,12
7513,160,137,23,23
7514,105,95,10,10
7515,122,104,18,18
7516,98,91,7,7
7517,78,69,9,9
7518,75,72,3,3
7519,67,65,2,2
7520,56,55,1,1
7521,60,54,6,6
7522,38,36,2,2
7523,53,53,0,0
7524,57,64,-7,7
7525,113,98,15,15
7526,83,72,11,11
7527,81,68,13,13
7528,136,123,13,13
7529,78,67,11,11
7530,89,77,12,12
7531,86,79,7,7
7532,68,67,1,1
7533,156,138,18,18
7534,85,76,9,9
7535,126,114,12,12
7536,57,63,-6,6
7537,114,106,8,8
7538,113,94,19,19
7539,75,76,-1,1
7540,130,110,20,20
7541,79,60,19,19
7542,112,95,17,17
7543,120,109,11,11
7544,76,72,4,4
7545,86,73,13,13
7546,60,55,5,5
7547,52,54,-2,2
7548,80,67,13,13
7549,136,114,22,22
7550,71,71,0,0
7551,152,136,16,16
7552,59,62,-3,3
7553,88,74,14,14
7554,71,63,8,8
7555,71,62,9,9
7556,88,86,2,2
7557,44,48,-4,4
7558,95,91,4,4
7559,99,87,12,12
7560,74,76,-2,2
7561,148,123,25,25
7562,74,66,8,8
7563,103,83,20,20
7564,70,59,11,11
7565,128,105,23,23
7566,70,67,3,3
7567,69,69,0,0
7568,95,70,25,25
7569,125,112,13,13
7570,87,83,4,4
7571,130,117,13,13
7572,105,104,1,1
7573,96,83,13,13
7574,90,83,7,7
7575,52,48,4,4
7576,77,83,-6,6
7577,143,122,21,21
7578,97,97,0,0
7579,81,75,6,6
7580,55,48,7,7
7581,122,116,6,6
7582,59,58,1,1
7583,106,94,12,12
7584,146,115,31,31
7585,62,58,4,4
7586,122,108,14,14
7587,166,139,27,27
7588,76,66,10,10
7589,82,80,2,2
7590,114,100,14,14
7591,113,112,1,1
7592,94,85,9,9
7593,113,106,7,7
7594,79,76,3,3
7595,106,94,12,12
7596,123,110,13,13
7597,118,100,18,18
7598,80,70,10,10
7599,94,84,10,10
7600,89,75,14,14
7601,64,54,10,10
7602,113,103,10,10
7603,137,118,19,19
7604,53,96,-43,43
7605,133,119,14,14
7606,65,74,-9,9
7607,78,76,2,2
7608,40,39,1,1
7609,60,59,1,1
7610,52,51,1,1
7611,136,116,20,20
7612,155,138,17,17
7613,94,89,5,5
7614,75,72,3,3
7615,36,40,-4,4
7616,132,113,19,19
7617,117,102,15,15
7618,136,132,4,4
7619,141,114,27,27
7620,65,63,2,2
7621,96,76,20,20
7622,68,68,0,0
7623,144,113,31,31
7624,148,128,20,20
7625,117,103,14,14
7626,60,66,-6,6
7627,98,88,10,10
7628,114,98,16,16
7629,139,110,29,29
7630,109,91,18,18
7631,69,71,-2,2
7632,105,90,15,15
7633,116,98,18,18
7634,72,62,10,10
7635,74,75,-1,1
7636,102,96,6,6
7637,62,48,14,14
7638,36,34,2,2
7639,94,81,13,13
7640,78,73,5,5
7641,150,123,27,27
7642,81,74,7,7
7643,154,139,15,15
7644,115,109,6,6
7645,44,51,-7,7
7646,88,84,4,4
7647,80,69,11,11
7648,75,66,9,9
7649,58,52,6,6
7650,124,111,13,13
7651,90,80,10,10
7652,117,98,19,19
7653,93,81,12,12
7654,133,116,17,17
7655,71,61,10,10
7656,82,77,5,5
7657,66,63,3,3
7658,69,65,4,4
7659,112,96,16,16
7660,114,95,19,19
7661,81,63,18,18
7662,110,103,7,7
7663,76,66,10,10
7664,97,91,6,6
7665,83,75,8,8
7666,73,69,4,4
7667,109,96,13,13
7668,67,61,6,6
7669,101,97,4,4
7670,74,66,8,8
7671,122,107,15,15
7672,51,54,-3,3
7673,80,84,-4,4
7674,118,104,14,14
7675,87,74,13,13
7676,84,72,12,12
7677,135,113,22,22
7678,51,89,-38,38
7679,121,95,26,26
7680,60,57,3,3
7681,150,130,20,20
7682,41,42,-1,1
7683,55,51,4,4
7684,149,117,32,32
7685,136,120,16,16
7686,121,95,26,26
7687,121,106,15,15
7688,50,59,-9,9
7689,61,54,7,7
7690,129,110,19,19
7691,83,87,-4,4
7692,83,89,-6,6
7693,77,67,10,10
7694,110,93,17,17
7695,110,88,22,22
7696,108,105,3,3
7697,95,89,6,6
7698,91,79,12,12
7699,99,84,15,15
7700,105,93,12,12
7701,104,117,-13,13
7702,82,78,4,4
7703,68,65,3,3
7704,77,72,5,5
7705,103,90,13,13
7706,87,80,7,7
7707,55,50,5,5
7708,94,84,10,10
7709,67,61,6,6
7710,75,84,-9,9
7711,137,124,13,13
7712,69,66,3,3
7713,67,62,5,5
7714,77,81,-4,4
7715,68,65,3,3
7716,117,103,14,14
7717,109,104,5,5
7718,164,131,33,33
7719,102,108,-6,6
7720,77,79,-2,2
7721,71,80,-9,9
7722,71,70,1,1
7723,146,118,28,28
7724,40,38,2,2
7725,121,103,18,18
7726,86,71,15,15
7727,99,90,9,9
7728,68,69,-1,1
7729,89,70,19,19
7730,71,69,2,2
7731,72,68,4,4
7732,49,46,3,3
7733,155,110,45,45
7734,145,133,12,12
7735,102,98,4,4
7736,131,115,16,16
7737,101,79,22,22
7738,61,61,0,0
7739,108,102,6,6
7740,62,62,0,0
7741,93,79,14,14
7742,84,75,9,9
7743,56,86,-30,30
7744,143,120,23,23
7745,145,123,22,22
7746,103,86,17,17
7747,88,80,8,8
7748,96,86,10,10
7749,63,60,3,3
7750,88,82,6,6
7751,50,58,-8,8
7752,106,99,7,7
7753,89,69,20,20
7754,101,99,2,2
7755,134,113,21,21
7756,91,80,11,11
7757,134,130,4,4
7758,79,76,3,3
7759,161,136,25,25
7760,127,114,13,13
7761,88,83,5,5
7762,61,62,-1,1
7763,60,66,-6,6
7764,102,86,16,16
7765,140,131,9,9
7766,69,67,2,2
7767,101,100,1,1
7768,175,153,22,22
7769,129,129,0,0
7770,115,104,11,11
7771,88,92,-4,4
7772,79,72,7,7
7773,102,95,7,7
7774,43,42,1,1
7775,97,88,9,9
7776,132,123,9,9
7777,58,54,4,4
7778,89,87,2,2
7779,90,88,2,2
7780,98,95,3,3
7781,102,93,9,9
7782,88,82,6,6
7783,106,94,12,12
7784,99,88,11,11
7785,151,128,23,23
7786,111,90,21,21
7787,65,60,5,5
7788,71,68,3,3
7789,79,86,-7,7
7790,65,60,5,5
7791,136,116,20,20
7792,151,136,15,15
7793,108,96,12,12
7794,121,100,21,21
7795,54,58,-4,4
7796,96,93,3,3
7797,98,81,17,17
7798,62,62,0,0
7799,78,77,1,1
7800,97,90,7,7
7801,80,71,9,9
7802,65,65,0,0
7803,74,70,4,4
7804,118,108,10,10
7805,109,92,17,17
7806,99,89,10,10
7807,78,81,-3,3
7808,59,67,-8,8
7809,84,85,-1,1
7810,108,99,9,9
7811,89,87,2,2
7812,119,98,21,21
7813,182,145,37,37
7814,133,104,29,29
7815,90,89,1,1
7816,144,141,3,3
7817,109,93,16,16
7818,154,129,25,25
7819,54,49,5,5
7820,59,57,2,2
7821,120,105,15,15
7822,113,109,4,4
7823,90,79,11,11
7824,119,100,19,19
7825,72,68,4,4
7826,173,147,26,26
7827,252,213,39,39
7828,123,121,2,2
7829,178,149,29,29
7830,207,166,41,41
7831,86,84,2,2
7832,61,51,10,10
7833,82,82,0,0
7834,77,71,6,6
7835,90,81,9,9
7836,85,93,-8,8
7837,133,131,2,2
7838,67,64,3,3
7839,71,73,-2,2
7840,118,114,4,4
7841,168,151,17,17
7842,101,93,8,8
7843,126,105,21,21
7844,127,113,14,14
7845,197,164,33,33
7846,67,62,5,5
7847,59,52,7,7
7848,139,122,17,17
7849,84,79,5,5
7850,75,73,2,2
7851,124,111,13,13
7852,61,58,3,3
7853,78,71,7,7
7854,102,83,19,19
7855,50,43,7,7
7856,72,77,-5,5
7857,98,98,0,0
7858,109,95,14,14
7859,97,82,15,15
7860,79,69,10,10
7861,73,68,5,5
7862,114,94,20,20
7863,118,104,14,14
7864,101,96,5,5
7865,103,95,8,8
7866,49,50,-1,1
7867,49,53,-4,4
7868,37,42,-5,5
7869,121,108,13,13
7870,69,65,4,4
7871,126,114,12,12
7872,91,81,10,10
7873,119,101,18,18
7874,105,92,13,13
7875,129,115,14,14
7876,83,75,8,8
7877,99,89,10,10
7878,106,102,4,4
7879,67,58,9,9
7880,132,119,13,13
7881,110,89,21,21
7882,72,63,9,9
7883,126,110,16,16
7884,129,127,2,2
7885,74,68,6,6
7886,131,116,15,15
7887,97,89,8,8
7888,118,111,7,7
7889,124,110,14,14
7890,66,65,1,1
7891,99,99,0,0
7892,93,85,8,8
7893,169,148,21,21
7894,109,104,5,5
7895,194,158,36,36
7896,131,110,21,21
7897,67,63,4,4
7898,102,93,9,9
7899,126,111,15,15
7900,166,153,13,13
7901,52,56,-4,4
7902,129,128,1,1
7903,175,151,24,24
7904,77,65,12,12
7905,52,46,6,6
7906,73,62,11,11
7907,97,91,6,6
7908,49,49,0,0
7909,112,99,13,13
7910,108,104,4,4
7911,91,76,15,15
7912,84,97,-13,13
7913,35,44,-9,9
7914,182,168,14,14
7915,61,58,3,3
7916,61,49,12,12
7917,79,72,7,7
7918,55,54,1,1
7919,64,61,3,3
7920,142,119,23,23
7921,66,62,4,4
7922,74,76,-2,2
7923,150,131,19,19
7924,99,88,11,11
7925,106,101,5,5
7926,72,74,-2,2
7927,121,105,16,16
7928,114,102,12,12
7929,75,67,8,8
7930,65,66,-1,1
7931,116,106,10,10
7932,99,86,13,13
7933,199,174,25,25
7934,60,53,7,7
7935,67,59,8,8
7936,81,74,7,7
7937,178,122,56,56
7938,70,72,-2,2
7939,131,109,22,22
7940,149,124,25,25
7941,70,65,5,5
7942,97,96,1,1
7943,104,84,20,20
7944,73,67,6,6
7945,74,74,0,0
7946,87,89,-2,2
7947,112,102,10,10
7948,126,108,18,18
7949,86,95,-9,9
7950,134,117,17,17
7951,117,90,27,27
7952,61,59,2,2
7953,71,74,-3,3
7954,80,82,-2,2
7955,63,59,4,4
7956,70,62,8,8
7957,63,69,-6,6
7958,46,48,-2,2
7959,59,59,0,0
7960,89,84,5,5
7961,134,115,19,19
7962,113,101,12,12
7963,73,78,-5,5
7964,122,103,19,19
7965,59,58,1,1
7966,142,133,9,9
7967,175,152,23,23
7968,61,53,8,8
7969,142,142,0,0
7970,68,54,14,14
7971,51,50,1,1
7972,94,91,3,3
7973,104,89,15,15
7974,85,78,7,7
7975,155,142,13,13
7976,157,152,5,5
7977,115,101,14,14
7978,94,90,4,4
7979,86,86,0,0
7980,115,110,5,5
7981,85,78,7,7
7982,106,93,13,13
7983,64,60,4,4
7984,38,70,-32,32
7985,51,48,3,3
7986,106,97,9,9
7987,101,95,6,6
7988,46,50,-4,4
7989,85,72,13,13
7990,104,93,11,11
7991,95,91,4,4
7992,130,112,18,18
7993,151,128,23,23
7994,57,52,5,5
7995,93,88,5,5
7996,69,61,8,8
7997,39,34,5,5
7998,76,76,0,0
7999,84,70,14,14
8000,41,41,0,0
8001,45,49,-4,4
8002,68,65,3,3
8003,82,76,6,6
8004,68,66,2,2
8005,73,64,9,9
8006,49,65,-16,16
8007,93,82,11,11
8008,75,67,8,8
8009,85,72,13,13
8010,103,94,9,9
8011,129,114,15,15
8012,116,107,9,9
8013,77,71,6,6
8014,83,76,7,7
8015,104,85,19,19
8016,124,100,24,24
8017,89,82,7,7
8018,88,93,-5,5
8019,49,58,-9,9
8020,104,97,7,7
8021,107,97,10,10
8022,125,113,12,12
8023,57,59,-2,2
8024,104,88,16,16
8025,51,63,-12,12
8026,86,74,12,12
8027,96,90,6,6
8028,190,167,23,23
8029,84,79,5,5
8030,105,96,9,9
8031,94,83,11,11
8032,74,67,7,7
8033,100,84,16,16
8034,126,108,18,18
8035,73,67,6,6
8036,83,79,4,4
8037,141,118,23,23
8038,124,110,14,14
8039,79,74,5,5
8040,135,116,19,19
8041,81,66,15,15
8042,137,123,14,14
8043,75,71,4,4
8044,54,63,-9,9
8045,102,94,8,8
8046,157,128,29,29
8047,93,85,8,8
8048,155,126,29,29
8049,71,63,8,8
8050,109,96,13,13
8051,60,60,0,0
8052,57,65,-8,8
8053,113,102,11,11
8054,130,118,12,12
8055,71,76,-5,5
8056,92,82,10,10
8057,148,113,35,35
8058,117,95,22,22
8059,68,66,2,2
8060,161,135,26,26
8061,85,75,10,10
8062,65,57,8,8
8063,43,43,0,0
8064,102,92,10,10
8065,69,59,10,10
8066,185,161,24,24
8067,133,120,13,13
8068,104,93,11,11
8069,105,95,10,10
8070,120,104,16,16
8071,85,76,9,9
8072,73,56,17,17
8073,158,148,10,10
8074,76,69,7,7
8075,87,65,22,22
8076,148,119,29,29
8077,85,79,6,6
8078,98,77,21,21
8079,66,67,-1,1
8080,100,92,8,8
8081,110,100,10,10
8082,86,82,4,4
8083,119,113,6,6
8084,75,66,9,9
8085,110,113,-3,3
8086,69,68,1,1
8087,127,100,27,27
8088,98,85,13,13
8089,116,110,6,6
8090,65,63,2,2
8091,94,87,7,7
8092,58,54,4,4
8093,68,80,-12,12
8094,118,102,16,16
8095,27,33,-6,6
8096,74,63,11,11
8097,81,77,4,4
8098,98,84,14,14
8099,56,55,1,1
8100,101,91,10,10
8101,128,109,19,19
8102,104,97,7,7
8103,69,66,3,3
8104,130,104,26,26
8105,121,111,10,10
8106,42,79,-37,37
8107,89,89,0,0
8108,71,60,11,11
8109,129,106,23,23
8110,59,62,-3,3
8111,101,95,6,6
8112,102,94,8,8
8113,109,103,6,6
8114,94,81,13,13
8115,108,102,6,6
8116,102,89,13,13
8117,89,83,6,6
8118,121,111,10,10
8119,122,118,4,4
8120,67,69,-2,2
8121,51,58,-7,7
8122,89,78,11,11
8123,88,87,1,1
8124,131,104,27,27
8125,103,93,10,10
8126,151,155,-4,4
8127,134,127,7,7
8128,108,100,8,8
8129,92,81,11,11
8130,65,56,9,9
8131,81,75,6,6
8132,68,72,-4,4
8133,91,79,12,12
8134,114,98,16,16
8135,48,58,-10,10
8136,102,97,5,5
8137,149,134,15,15
8138,108,98,10,10
8139,60,58,2,2
8140,103,98,5,5
8141,65,66,-1,1
8142,119,110,9,9
8143,104,100,4,4
8144,64,56,8,8
8145,48,47,1,1
8146,55,49,6,6
8147,75,72,3,3
8148,44,52,-8,8
8149,73,74,-1,1
8150,54,51,3,3
8151,54,54,0,0
8152,52,51,1,1
8153,95,79,16,16
8154,66,67,-1,1
8155,85,92,-7,7
8156,75,62,13,13
8157,95,97,-2,2
8158,95,81,14,14
8159,36,37,-1,1
8160,79,76,3,3
8161,123,111,12,12
8162,81,67,14,14
8163,176,139,37,37
8164,60,49,11,11
8165,61,67,-6,6
8166,140,116,24,24
8167,127,109,18,18
8168,96,89,7,7
8169,99,82,17,17
8170,108,90,18,18
8171,58,57,1,1
8172,51,59,-8,8
8173,95,82,13,13
8174,58,65,-7,7
8175,76,66,10,10
8176,116,98,18,18
8177,108,91,17,17
8178,168,137,31,31
8179,27,35,-8,8
8180,145,117,28,28
8181,53,53,0,0
8182,67,63,4,4
8183,92,82,10,10
8184,78,68,10,10
8185,113,105,8,8
8186,141,127,14,14
8187,136,113,23,23
8188,103,99,4,4
8189,86,78,8,8
8190,195,171,24,24
8191,75,68,7,7
8192,63,61,2,2
8193,66,64,2,2
8194,127,114,13,13
8195,122,103,19,19
8196,54,91,-37,37
8197,101,94,7,7
8198,93,72,21,21
8199,64,62,2,2
8200,108,100,8,8
8201,111,97,14,14
8202,77,61,16,16
8203,154,136,18,18
8204,94,78,16,16
8205,84,78,6,6
8206,76,81,-5,5
8207,87,74,13,13
8208,126,102,24,24
8209,82,73,9,9
8210,82,78,4,4
8211,80,73,7,7
8212,126,115,11,11
8213,64,61,3,3
8214,142,113,29,29
8215,143,124,19,19
8216,127,126,1,1
8217,76,73,3,3
8218,57,67,-10,10
8219,109,89,20,20
8220,141,121,20,20
8221,129,107,22,22
8222,114,96,18,18
8223,83,76,7,7
8224,149,132,17,17
8225,47,52,-5,5
8226,88,83,5,5
8227,88,77,11,11
8228,105,97,8,8
8229,93,93,0,0
8230,109,88,21,21
8231,87,77,10,10
8232,43,37,6,6
8233,81,72,9,9
8234,101,74,27,27
8235,80,62,18,18
8236,112,99,13,13
8237,92,89,3,3
8238,102,91,11,11
8239,71,64,7,7
8240,166,138,28,28
8241,98,85,13,13
8242,129,105,24,24
8243,79,79,0,0
8244,109,94,15,15
8245,145,123,22,22
8246,166,140,26,26
8247,76,75,1,1
8248,46,45,1,1
8249,113,97,16,16
8250,75,78,-3,3
8251,86,68,18,18
8252,76,70,6,6
8253,88,85,3,3
8254,67,71,-4,4
8255,100,88,12,12
8256,71,73,-2,2
8257,59,60,-1,1
8258,181,153,28,28
8259,56,54,2,2
8260,114,88,26,26
8261,92,87,5,5
8262,100,91,9,9
8263,75,85,-10,10
8264,188,153,35,35
8265,51,48,3,3
8266,84,85,-1,1
8267,171,165,6,6
8268,66,58,8,8
8269,92,79,13,13
8270,122,110,12,12
8271,40,48,-8,8
8272,87,80,7,7
8273,122,108,14,14
8274,98,83,15,15
8275,96,88,8,8
8276,120,101,19,19
8277,82,77,5,5
8278,88,76,12,12
8279,60,60,0,0
8280,83,74,9,9
8281,81,65,16,16
8282,151,134,17,17
8283,187,161,26,26
8284,98,99,-1,1
8285,95,80,15,15
8286,77,71,6,6
8287,144,126,18,18
8288,81,77,4,4
8289,91,87,4,4
8290,149,131,18,18
8291,99,105,-6,6
8292,96,79,17,17
8293,129,119,10,10
8294,63,56,7,7
8295,86,76,10,10
8296,64,66,-2,2
8297,74,60,14,14
8298,93,85,8,8
8299,85,74,11,11
8300,248,201,47,47
8301,91,81,10,10
8302,58,56,2,2
8303,93,80,13,13
8304,93,87,6,6
8305,55,53,2,2
8306,102,98,4,4
8307,107,88,19,19
8308,79,75,4,4
8309,84,73,11,11
8310,95,83,12,12
8311,110,98,12,12
8312,80,71,9,9
8313,44,42,2,2
8314,96,87,9,9
8315,59,61,-2,2
8316,109,100,9,9
8317,198,173,25,25
8318,81,83,-2,2
8319,119,105,14,14
8320,106,98,8,8
8321,114,93,21,21
8322,51,53,-2,2
8323,110,97,13,13
8324,112,105,7,7
8325,99,92,7,7
8326,80,69,11,11
8327,59,62,-3,3
8328,110,104,6,6
8329,125,102,23,23
8330,137,115,22,22
8331,73,69,4,4
8332,190,164,26,26
8333,137,129,8,8
8334,46,44,2,2
8335,124,114,10,10
8336,87,76,11,11
8337,114,92,22,22
8338,83,76,7,7
8339,85,78,7,7
8340,142,139,3,3
8341,108,89,19,19
8342,129,116,13,13
8343,107,89,18,18
8344,109,100,9,9
8345,144,133,11,11
8346,76,71,5,5
8347,38,52,-14,14
8348,157,141,16,16
8349,55,53,2,2
8350,99,96,3,3
8351,153,127,26,26
8352,74,66,8,8
8353,74,70,4,4
8354,78,70,8,8
8355,74,76,-2,2
8356,94,84,10,10
8357,112,93,19,19
8358,141,130,11,11
8359,82,70,12,12
8360,160,145,15,15
8361,103,94,9,9
8362,110,94,16,16
8363,42,44,-2,2
8364,69,65,4,4
8365,59,49,10,10
8366,98,87,11,11
8367,75,66,9,9
8368,58,54,4,4
8369,74,64,10,10
8370,108,101,7,7
8371,66,71,-5,5
8372,105,90,15,15
8373,46,58,-12,12
8374,55,51,4,4
8375,71,60,11,11
8376,115,105,10,10
8377,88,73,15,15
8378,47,42,5,5
8379,174,149,25,25
8380,94,79,15,15
8381,74,69,5,5
8382,84,75,9,9
8383,85,70,15,15
8384,65,54,11,11
8385,39,36,3,3
8386,118,100,18,18
8387,101,89,12,12
8388,78,76,2,2
8389,97,99,-2,2
8390,104,90,14,14
8391,98,85,13,13
8392,81,88,-7,7
8393,112,99,13,13
8394,98,88,10,10
8395,96,93,3,3
8396,53,45,8,8
8397,67,75,-8,8
8398,70,67,3,3
8399,114,94,20,20
8400,104,98,6,6
8401,65,63,2,2
8402,80,68,12,12
8403,96,76,20,20
8404,70,63,7,7
8405,105,96,9,9
8406,100,81,19,19
8407,160,136,24,24
8408,91,90,1,1
8409,100,92,8,8
8410,119,91,28,28
8411,65,63,2,2
8412,99,94,5,5
8413,172,126,46,46
8414,83,71,12,12
8415,85,72,13,13
8416,69,61,8,8
8417,59,60,-1,1
8418,93,86,7,7
8419,81,75,6,6
8420,75,70,5,5
8421,62,56,6,6
8422,115,94,21,21
8423,107,127,-20,20
8424,105,94,11,11
8425,51,53,-2,2
8426,76,74,2,2
8427,88,85,3,3
8428,145,126,19,19
8429,114,107,7,7
8430,38,37,1,1
8431,133,122,11,11
8432,74,67,7,7
8433,119,106,13,13
8434,96,83,13,13
8435,143,116,27,27
8436,60,57,3,3
8437,130,106,24,24
8438,120,99,21,21
8439,122,124,-2,2
8440,113,99,14,14
8441,68,69,-1,1
8442,98,85,13,13
8443,143,112,31,31
8444,77,66,11,11
8445,92,85,7,7
8446,61,57,4,4
8447,74,74,0,0
8448,94,75,19,19
8449,102,89,13,13
8450,118,103,15,15
8451,119,107,12,12
8452,193,162,31,31
8453,95,86,9,9
8454,89,82,7,7
8455,129,112,17,17
8456,124,103,21,21
8457,84,72,12,12
8458,76,72,4,4
8459,55,51,4,4
8460,143,123,20,20
8461,134,106,28,28
8462,88,83,5,5
8463,132,119,13,13
8464,114,90,24,24
8465,71,64,7,7
8466,79,66,13,13
8467,101,89,12,12
8468,134,122,12,12
8469,61,38,23,23
8470,81,70,11,11
8471,107,99,8,8
8472,86,75,11,11
8473,83,77,6,6
8474,94,87,7,7
8475,102,97,5,5
8476,110,114,-4,4
8477,137,126,11,11
8478,56,62,-6,6
8479,134,109,25,25
8480,80,81,-1,1
8481,46,47,-1,1
8482,111,101,10,10
8483,112,96,16,16
8484,121,110,11,11
8485,113,101,12,12
8486,91,89,2,2
8487,47,49,-2,2
8488,65,60,5,5
8489,56,61,-5,5
8490,83,80,3,3
8491,85,84,1,1
8492,102,87,15,15
8493,80,77,3,3
8494,110,95,15,15
8495,141,130,11,11
8496,90,87,3,3
8497,73,66,7,7
8498,60,56,4,4
8499,178,133,45,45
8500,124,119,5,5
8501,108,91,17,17
8502,100,92,8,8
8503,78,73,5,5
8504,115,110,5,5
8505,127,119,8,8
8506,47,41,6,6
8507,58,55,3,3
8508,151,125,26,26
8509,104,86,18,18
8510,56,58,-2,2
8511,79,79,0,0
8512,67,64,3,3
8513,109,103,6,6
8514,83,69,14,14
8515,101,69,32,32
8516,78,76,2,2
8517,101,115,-14,14
8518,64,66,-2,2
8519,69,63,6,6
8520,81,73,8,8
8521,185,156,29,29
8522,89,75,14,14
8523,137,109,28,28
8524,98,84,14,14
8525,185,154,31,31
8526,62,56,6,6
8527,135,117,18,18
8528,140,116,24,24
8529,166,154,12,12
8530,68,66,2,2
8531,100,97,3,3
8532,122,120,2,2
8533,105,94,11,11
8534,129,115,14,14
8535,117,103,14,14
8536,74,71,3,3
8537,91,81,10,10
8538,96,87,9,9
8539,96,88,8,8
8540,76,78,-2,2
8541,106,89,17,17
8542,71,61,10,10
8543,43,43,0,0
8544,88,76,12,12
8545,79,83,-4,4
8546,104,89,15,15
8547,82,76,6,6
8548,112,105,7,7
8549,104,97,7,7
8550,55,54,1,1
8551,90,82,8,8
8552,47,56,-9,9
8553,111,90,21,21
8554,127,113,14,14
8555,67,69,-2,2
8556,163,134,29,29
8557,154,140,14,14
8558,63,61,2,2
8559,50,51,-1,1
8560,56,62,-6,6
8561,104,101,3,3
8562,80,78,2,2
8563,83,71,12,12
8564,64,61,3,3
8565,55,49,6,6
8566,84,67,17,17
8567,130,115,15,15
8568,85,81,4,4
8569,109,98,11,11
8570,153,122,31,31
8571,104,91,13,13
8572,129,112,17,17
8573,106,90,16,16
8574,173,153,20,20
8575,93,84,9,9
8576,93,80,13,13
8577,99,87,12,12
8578,66,63,3,3
8579,98,86,12,12
8580,110,123,-13,13
8581,50,58,-8,8
8582,104,94,10,10
8583,110,94,16,16
8584,60,68,-8,8
8585,102,87,15,15
8586,87,73,14,14
8587,133,118,15,15
8588,133,118,15,15
8589,122,97,25,25
8590,92,81,11,11
8591,139,122,17,17
8592,52,49,3,3
8593,83,88,-5,5
8594,91,79,12,12
8595,65,60,5,5
8596,113,104,9,9
8597,77,73,4,4
8598,161,137,24,24
8599,92,84,8,8
8600,180,140,40,40
8601,77,65,12,12
8602,109,96,13,13
8603,81,76,5,5
8604,98,94,4,4
8605,54,50,4,4
8606,126,109,17,17
8607,91,85,6,6
8608,77,75,2,2
8609,124,110,14,14
8610,78,76,2,2
8611,189,145,44,44
8612,80,72,8,8
8613,159,129,30,30
8614,73,72,1,1
8615,90,90,0,0
8616,62,56,6,6
8617,90,81,9,9
8618,134,127,7,7
8619,121,94,27,27
8620,87,76,11,11
8621,59,56,3,3
8622,89,93,-4,4
8623,105,97,8,8
8624,97,83,14,14
8625,110,95,15,15
8626,141,110,31,31
8627,85,80,5,5
8628,132,117,15,15
8629,89,79,10,10
8630,75,73,2,2
8631,81,71,10,10
8632,77,62,15,15
8633,104,90,14,14
8634,132,129,3,3
8635,136,117,19,19
8636,82,77,5,5
8637,85,83,2,2
8638,76,70,6,6
8639,109,116,-7,7
8640,51,53,-2,2
8641,85,83,2,2
8642,58,57,1,1
8643,161,143,18,18
8644,85,81,4,4
8645,61,52,9,9
8646,82,76,6,6
8647,114,105,9,9
8648,113,99,14,14
8649,82,73,9,9
8650,128,111,17,17
8651,113,104,9,9
8652,61,66,-5,5
8653,85,72,13,13
8654,112,98,14,14
8655,76,71,5,5
8656,89,80,9,9
8657,142,118,24,24
8658,81,72,9,9
8659,143,130,13,13
8660,94,80,14,14
8661,134,103,31,31
8662,59,53,6,6
8663,55,58,-3,3
8664,75,76,-1,1
8665,87,84,3,3
8666,69,54,15,15
8667,104,92,12,12
8668,57,47,10,10
8669,68,60,8,8
8670,169,142,27,27
8671,114,109,5,5
8672,92,81,11,11
8673,97,79,18,18
8674,121,107,14,14
8675,89,70,19,19
8676,116,106,10,10
8677,93,91,2,2
8678,116,97,19,19
8679,125,116,9,9
8680,82,99,-17,17
8681,50,45,5,5
8682,46,50,-4,4
8683,45,46,-1,1
8684,120,109,11,11
8685,93,82,11,11
8686,102,93,9,9
8687,126,111,15,15
8688,108,114,-6,6
8689,110,100,10,10
8690,101,91,10,10
8691,73,69,4,4
8692,58,53,5,5
8693,113,95,18,18
8694,136,129,7,7
8695,64,61,3,3
8696,125,146,-21,21
8697,88,73,15,15
8698,92,80,12,12
8699,106,93,13,13
8700,90,95,-5,5
8701,85,77,8,8
8702,80,71,9,9
8703,110,95,15,15
8704,80,72,8,8
8705,117,101,16,16
8706,47,57,-10,10
8707,112,96,16,16
8708,84,77,7,7
8709,116,99,17,17
8710,61,62,-1,1
8711,82,72,10,10
8712,164,127,37,37
8713,125,110,15,15
8714,80,75,5,5
8715,66,63,3,3
8716,61,62,-1,1
8717,82,92,-10,10
8718,81,79,2,2
8719,143,115,28,28
8720,145,114,31,31
8721,75,64,11,11
8722,60,75,-15,15
8723,86,83,3,3
8724,99,95,4,4
8725,112,101,11,11
8726,98,87,11,11
8727,96,85,11,11
8728,64,64,0,0
8729,62,58,4,4
8730,123,117,6,6
8731,83,79,4,4
8732,101,92,9,9
8733,27,33,-6,6
8734,167,142,25,25
8735,149,134,15,15
8736,94,82,12,12
8737,155,134,21,21
8738,39,39,0,0
8739,62,59,3,3
8740,81,68,13,13
8741,58,54,4,4
8742,74,76,-2,2
8743,139,130,9,9
8744,74,68,6,6
8745,84,83,1,1
8746,155,112,43,43
8747,114,103,11,11
8748,152,204,-52,52
8749,104,85,19,19
8750,92,92,0,0
8751,55,60,-5,5
8752,91,81,10,10
8753,90,77,13,13
8754,86,76,10,10
8755,76,80,-4,4
8756,86,82,4,4
8757,49,44,5,5
8758,105,98,7,7
8759,67,63,4,4
8760,96,113,-17,17
8761,105,96,9,9
8762,98,80,18,18
8763,114,102,12,12
8764,114,107,7,7
8765,103,105,-2,2
8766,128,111,17,17
8767,110,92,18,18
8768,89,72,17,17
8769,67,59,8,8
8770,136,110,26,26
8771,154,136,18,18
8772,62,67,-5,5
8773,109,98,11,11
8774,91,83,8,8
8775,63,59,4,4
8776,172,145,27,27
8777,93,79,14,14
8778,81,70,11,11
8779,87,85,2,2
8780,49,58,-9,9
8781,157,143,14,14
8782,87,78,9,9
8783,61,78,-17,17
8784,60,55,5,5
8785,129,113,16,16
8786,75,70,5,5
8787,86,87,-1,1
8788,37,36,1,1
8789,110,101,9,9
8790,124,107,17,17
8791,65,64,1,1
8792,148,138,10,10
8793,73,77,-4,4
8794,105,103,2,2
8795,70,72,-2,2
8796,63,66,-3,3
8797,71,64,7,7
8798,71,68,3,3
8799,68,65,3,3
8800,96,81,15,15
8801,87,78,9,9
8802,88,82,6,6
8803,69,62,7,7
8804,83,78,5,5
8805,72,75,-3,3
8806,98,94,4,4
8807,126,111,15,15
8808,45,50,-5,5
8809,52,47,5,5
8810,103,97,6,6
8811,77,67,10,10
8812,83,70,13,13
8813,73,58,15,15
8814,108,93,15,15
8815,73,72,1,1
8816,80,74,6,6
8817,57,54,3,3
8818,63,60,3,3
8819,24,36,-12,12
8820,89,69,20,20
8821,61,62,-1,1
8822,97,91,6,6
8823,85,79,6,6
8824,143,127,16,16
8825,129,108,21,21
8826,75,76,-1,1
8827,71,71,0,0
8828,92,82,10,10
8829,72,62,10,10
8830,91,76,15,15
8831,83,68,15,15
8832,75,75,0,0
8833,66,61,5,5
8834,43,45,-2,2
8835,127,110,17,17
8836,125,120,5,5
8837,44,43,1,1
8838,51,56,-5,5
8839,54,52,2,2
8840,203,199,4,4
8841,127,108,19,19
8842,102,88,14,14
8843,81,70,11,11
8844,69,60,9,9
8845,121,107,14,14
8846,85,72,13,13
8847,125,105,20,20
8848,138,114,24,24
8849,191,153,38,38
8850,92,89,3,3
8851,94,81,13,13
8852,128,114,14,14
8853,35,45,-10,10
8854,104,94,10,10
8855,86,74,12,12
8856,132,109,23,23
8857,89,82,7,7
8858,48,46,2,2
8859,75,61,14,14
8860,80,62,18,18
8861,100,86,14,14
8862,115,103,12,12
8863,135,116,19,19
8864,88,83,5,5
8865,108,96,12,12
8866,141,130,11,11
8867,81,73,8,8
8868,147,133,14,14
8869,94,80,14,14
8870,86,79,7,7
8871,125,110,15,15
8872,62,59,3,3
8873,82,79,3,3
8874,123,105,18,18
8875,80,70,10,10
8876,108,92,16,16
8877,91,74,17,17
8878,124,108,16,16
8879,93,94,-1,1
8880,141,143,-2,2
8881,97,63,34,34
8882,177,146,31,31
8883,80,76,4,4
8884,133,138,-5,5
8885,98,95,3,3
8886,104,86,18,18
8887,64,61,3,3
8888,170,149,21,21
8889,91,86,5,5
8890,98,88,10,10
8891,125,106,19,19
8892,65,64,1,1
8893,86,80,6,6
8894,75,60,15,15
8895,72,69,3,3
8896,53,65,-12,12
8897,93,78,15,15
8898,69,64,5,5
8899,95,79,16,16
8900,76,74,2,2
8901,73,68,5,5
8902,56,52,4,4
8903,92,83,9,9
8904,43,48,-5,5
8905,60,56,4,4
8906,74,76,-2,2
8907,85,83,2,2
8908,91,83,8,8
8909,92,80,12,12
8910,91,80,11,11
8911,60,63,-3,3
8912,142,133,9,9
8913,127,122,5,5
8914,87,80,7,7
8915,130,130,0,0
8916,104,92,12,12
8917,62,56,6,6
8918,125,115,10,10
8919,96,157,-61,61
8920,170,130,40,40
8921,103,109,-6,6
8922,185,151,34,34
8923,80,71,9,9
8924,56,59,-3,3
8925,105,107,-2,2
8926,63,61,2,2
8927,88,83,5,5
8928,79,76,3,3
8929,60,67,-7,7
8930,84,80,4,4
8931,123,115,8,8
8932,107,92,15,15
8933,94,88,6,6
8934,70,69,1,1
8935,141,112,29,29
8936,56,45,11,11
8937,166,148,18,18
8938,120,96,24,24
8939,137,111,26,26
8940,88,88,0,0
8941,127,95,32,32
8942,157,133,24,24
8943,130,123,7,7
8944,106,101,5,5
8945,131,119,12,12
8946,54,53,1,1
8947,132,115,17,17
8948,80,70,10,10
8949,81,80,1,1
8950,128,102,26,26
8951,36,41,-5,5
8952,106,98,8,8
8953,85,79,6,6
8954,64,62,2,2
8955,81,76,5,5
8956,120,104,16,16
8957,130,109,21,21
8958,99,84,15,15
8959,70,62,8,8
8960,78,66,12,12
8961,112,108,4,4
8962,82,74,8,8
8963,184,148,36,36
8964,129,122,7,7
8965,111,95,16,16
8966,99,99,0,0
8967,51,57,-6,6
8968,102,88,14,14
8969,66,65,1,1
8970,74,70,4,4
8971,129,118,11,11
8972,54,56,-2,2
8973,117,122,-5,5
8974,120,105,15,15
8975,73,73,0,0
8976,177,151,26,26
8977,157,137,20,20
8978,77,73,4,4
8979,55,54,1,1
8980,132,110,22,22
8981,180,148,32,32
8982,72,64,8,8
8983,88,86,2,2
8984,71,70,1,1
8985,85,74,11,11
8986,51,45,6,6
8987,61,59,2,2
8988,76,65,11,11
8989,90,82,8,8
8990,64,66,-2,2
8991,67,78,-11,11
8992,95,86,9,9
8993,46,43,3,3
8994,92,78,14,14
8995,121,124,-3,3
8996,93,86,7,7
8997,92,89,3,3
8998,52,49,3,3
8999,112,109,3,3
9000,66,97,-31,31
9001,76,67,9,9
9002,157,133,24,24
9003,75,68,7,7
9004,68,65,3,3
9005,64,63,1,1
9006,135,111,24,24
9007,107,95,12,12
9008,79,81,-2,2
9009,82,76,6,6
9010,101,85,16,16
9011,142,147,-5,5
9012,108,98,10,10
9013,93,92,1,1
9014,111,105,6,6
9015,111,94,17,17
9016,101,83,18,18
9017,67,61,6,6
9018,58,54,4,4
9019,117,100,17,17
9020,100,90,10,10
9021,96,85,11,11
9022,106,96,10,10
9023,82,75,7,7
9024,57,57,0,0
9025,95,80,15,15
9026,92,81,11,11
9027,78,72,6,6
9028,85,73,12,12
9029,46,40,6,6
9030,60,62,-2,2
9031,68,68,0,0
9032,90,82,8,8
9033,106,97,9,9
9034,72,66,6,6
9035,91,79,12,12
9036,142,125,17,17
9037,63,53,10,10
9038,55,52,3,3
9039,112,98,14,14
9040,165,146,19,19
9041,80,71,9,9
9042,58,51,7,7
9043,96,93,3,3
9044,69,63,6,6
9045,85,91,-6,6
9046,74,72,2,2
9047,148,126,22,22
9048,61,55,6,6
9049,114,106,8,8
9050,117,103,14,14
9051,87,82,5,5
9052,148,128,20,20
9053,129,110,19,19
9054,100,85,15,15
9055,79,73,6,6
9056,84,75,9,9
9057,75,67,8,8
9058,101,92,9,9
9059,74,71,3,3
9060,98,78,20,20
9061,97,90,7,7
9062,58,53,5,5
9063,104,91,13,13
9064,122,105,17,17
9065,33,38,-5,5
9066,62,51,11,11
9067,59,60,-1,1
9068,66,69,-3,3
9069,112,97,15,15
9070,109,91,18,18
9071,67,66,1,1
9072,157,158,-1,1
9073,147,131,16,16
9074,114,100,14,14
9075,45,39,6,6
9076,71,72,-1,1
9077,135,115,20,20
9078,64,50,14,14
9079,101,99,2,2
9080,93,87,6,6
9081,92,78,14,14
9082,128,111,17,17
9083,90,76,14,14
9084,113,90,23,23
9085,62,58,4,4
9086,66,57,9,9
9087,69,66,3,3
9088,90,79,11,11
9089,69,60,9,9
9090,87,82,5,5
9091,70,76,-6,6
9092,88,83,5,5
9093,60,63,-3,3
9094,172,143,29,29
9095,94,86,8,8
9096,53,55,-2,2
9097,81,70,11,11
9098,103,90,13,13
9099,146,124,22,22
9100,93,83,10,10
9101,106,100,6,6
9102,115,96,19,19
9103,171,140,31,31
9104,80,73,7,7
9105,89,74,15,15
9106,75,77,-2,2
9107,197,164,33,33
9108,52,55,-3,3
9109,56,56,0,0
9110,76,69,7,7
9111,136,122,14,14
9112,127,115,12,12
9113,102,93,9,9
9114,100,94,6,6
9115,154,131,23,23
9116,127,124,3,3
9117,115,99,16,16
9118,69,68,1,1
9119,113,93,20,20
9120,116,106,10,10
9121,92,86,6,6
9122,95,89,6,6
9123,81,67,14,14
9124,81,77,4,4
9125,148,132,16,16
9126,94,84,10,10
9127,117,107,10,10
9128,47,48,-1,1
9129,100,85,15,15
9130,133,114,19,19
9131,79,91,-12,12
9132,147,123,24,24
9133,62,61,1,1
9134,77,75,2,2
9135,154,127,27,27
9136,112,105,7,7
9137,65,58,7,7
9138,42,42,0,0
9139,114,99,15,15
9140,114,100,14,14
9141,77,66,11,11
9142,68,68,0,0
9143,84,78,6,6
9144,120,109,11,11
9145,132,117,15,15
9146,113,113,0,0
9147,86,77,9,9
9148,78,74,4,4
9149,73,84,-11,11
9150,68,58,10,10
9151,93,88,5,5
9152,113,109,4,4
9153,58,57,1,1
9154,63,59,4,4
9155,54,46,8,8
9156,123,98,25,25
9157,43,39,4,4
9158,82,74,8,8
9159,144,125,19,19
9160,73,78,-5,5
9161,49,49,0,0
9162,103,90,13,13
9163,179,166,13,13
9164,106,94,12,12
9165,93,93,0,0
9166,135,130,5,5
9167,120,110,10,10
9168,130,112,18,18
9169,79,83,-4,4
9170,82,74,8,8
9171,55,53,2,2
9172,74,62,12,12
9173,153,136,17,17
9174,93,85,8,8
9175,107,95,12,12
9176,136,133,3,3
9177,88,84,4,4
9178,56,61,-5,5
9179,171,143,28,28
9180,115,101,14,14
9181,53,58,-5,5
9182,124,113,11,11
9183,117,96,21,21
9184,76,71,5,5
9185,168,147,21,21
9186,78,68,10,10
9187,42,40,2,2
9188,74,70,4,4
9189,156,121,35,35
9190,81,67,14,14
9191,88,73,15,15
9192,169,142,27,27
9193,74,67,7,7
9194,108,97,11,11
9195,98,84,14,14
9196,175,169,6,6
9197,39,41,-2,2
9198,47,50,-3,3
9199,100,77,23,23
9200,105,85,20,20
9201,103,93,10,10
9202,114,101,13,13
9203,65,64,1,1
9204,70,63,7,7
9205,79,72,7,7
9206,96,91,5,5
9207,123,116,7,7
9208,94,85,9,9
9209,124,111,13,13
9210,102,86,16,16
9211,108,95,13,13
9212,78,77,1,1
9213,111,101,10,10
9214,84,84,0,0
9215,58,47,11,11
9216,124,109,15,15
9217,92,80,12,12
9218,75,73,2,2
9219,64,48,16,16
9220,89,76,13,13
9221,88,85,3,3
9222,58,62,-4,4
9223,116,104,12,12
9224,57,58,-1,1
9225,98,87,11,11
9226,138,129,9,9
9227,87,83,4,4
9228,58,51,7,7
9229,141,115,26,26
9230,72,65,7,7
9231,63,67,-4,4
9232,173,147,26,26
9233,113,99,14,14
9234,114,98,16,16
9235,95,81,14,14
9236,80,77,3,3
9237,75,70,5,5
9238,113,102,11,11
9239,86,87,-1,1
9240,54,55,-1,1
9241,99,86,13,13
9242,149,125,24,24
9243,73,56,17,17
9244,86,72,14,14
9245,108,94,14,14
9246,74,67,7,7
9247,59,54,5,5
9248,106,101,5,5
9249,158,124,34,34
9250,45,62,-17,17
9251,77,70,7,7
9252,116,115,1,1
9253,52,50,2,2
9254,93,93,0,0
9255,129,109,20,20
9256,63,60,3,3
9257,41,40,1,1
9258,62,56,6,6
9259,168,144,24,24
9260,117,106,11,11
9261,142,122,20,20
9262,112,96,16,16
9263,101,91,10,10
9264,86,77,9,9
9265,77,74,3,3
9266,141,119,22,22
9267,80,83,-3,3
9268,107,106,1,1
9269,90,82,8,8
9270,65,67,-2,2
9271,57,50,7,7
9272,89,75,14,14
9273,63,57,6,6
9274,121,104,17,17
9275,108,95,13,13
9276,83,78,5,5
9277,116,101,15,15
9278,66,66,0,0
9279,128,117,11,11
9280,98,88,10,10
9281,76,73,3,3
9282,130,108,22,22
9283,55,50,5,5
9284,64,62,2,2
9285,107,107,0,0
9286,117,96,21,21
9287,124,109,15,15
9288,88,79,9,9
9289,44,40,4,4
9290,89,79,10,10
9291,82,78,4,4
9292,78,70,8,8
9293,63,61,2,2
9294,60,51,9,9
9295,55,54,1,1
9296,80,77,3,3
9297,56,55,1,1
9298,68,67,1,1
9299,177,157,20,20
9300,69,63,6,6
9301,63,62,1,1
9302,116,98,18,18
9303,96,91,5,5
9304,142,110,32,32
9305,85,76,9,9
9306,56,58,-2,2
9307,91,81,10,10
9308,72,69,3,3
9309,69,73,-4,4
9310,114,93,21,21
9311,131,120,11,11
9312,70,68,2,2
9313,138,120,18,18
9314,103,91,12,12
9315,69,67,2,2
9316,97,87,10,10
9317,98,103,-5,5
9318,117,99,18,18
9319,95,93,2,2
9320,130,112,18,18
9321,174,140,34,34
9322,114,106,8,8
9323,87,88,-1,1
9324,92,85,7,7
9325,57,57,0,0
9326,93,81,12,12
9327,90,81,9,9
9328,87,85,2,2
9329,87,81,6,6
9330,115,105,10,10
9331,103,96,7,7
9332,66,61,5,5
9333,95,83,12,12
9334,98,87,11,11
9335,82,73,9,9
9336,63,54,9,9
9337,39,41,-2,2
9338,60,61,-1,1
9339,112,97,15,15
9340,159,137,22,22
9341,41,44,-3,3
9342,96,87,9,9
9343,117,100,17,17
9344,69,68,1,1
9345,82,76,6,6
9346,125,104,21,21
9347,82,73,9,9
9348,65,66,-1,1
9349,92,78,14,14
9350,91,86,5,5
9351,91,80,11,11
9352,95,82,13,13
9353,28,36,-8,8
9354,64,57,7,7
9355,73,66,7,7
9356,122,100,22,22
9357,76,75,1,1
9358,82,71,11,11
9359,134,115,19,19
9360,118,98,20,20
9361,72,69,3,3
9362,96,110,-14,14
9363,176,145,31,31
9364,156,135,21,21
9365,64,77,-13,13
9366,99,99,0,0
9367,94,83,11,11
9368,84,70,14,14
9369,88,82,6,6
9370,144,129,15,15
9371,123,103,20,20
9372,99,95,4,4
9373,63,79,-16,16
9374,64,60,4,4
9375,141,120,21,21
9376,71,79,-8,8
9377,166,140,26,26
9378,118,102,16,16
9379,120,97,23,23
9380,145,117,28,28
9381,87,79,8,8
9382,90,83,7,7
9383,80,80,0,0
9384,125,112,13,13
9385,59,48,11,11
9386,171,144,27,27
9387,72,64,8,8
9388,121,97,24,24
9389,47,43,4,4
9390,73,76,-3,3
9391,124,96,28,28
9392,87,85,2,2
9393,95,86,9,9
9394,77,70,7,7
9395,167,146,21,21
9396,53,51,2,2
9397,89,78,11,11
9398,83,73,10,10
9399,77,79,-2,2
9400,127,112,15,15
9401,94,88,6,6
9402,95,77,18,18
9403,93,85,8,8
9404,74,68,6,6
9405,112,105,7,7
9406,117,97,20,20
9407,69,64,5,5
9408,88,86,2,2
9409,71,67,4,4
9410,57,46,11,11
9411,89,76,13,13
9412,98,100,-2,2
9413,123,109,14,14
9414,88,77,11,11
9415,136,110,26,26
9416,85,71,14,14
9417,93,86,7,7
9418,150,137,13,13
9419,50,50,0,0
9420,77,75,2,2
9421,87,84,3,3
9422,123,107,16,16
9423,71,69,2,2
9424,142,126,16,16
9425,78,74,4,4
9426,111,95,16,16
9427,54,67,-13,13
9428,66,65,1,1
9429,110,96,14,14
9430,96,85,11,11
9431,56,53,3,3
9432,17,33,-16,16
9433,84,74,10,10
9434,108,99,9,9
9435,103,81,22,22
9436,102,93,9,9
9437,81,79,2,2
9438,125,111,14,14
9439,120,117,3,3
9440,89,78,11,11
9441,73,64,9,9
9442,110,95,15,15
9443,86,78,8,8
9444,94,87,7,7
9445,76,67,9,9
9446,72,64,8,8
9447,41,44,-3,3
9448,129,112,17,17
9449,80,72,8,8
9450,92,78,14,14
9451,208,163,45,45
9452,170,149,21,21
9453,88,82,6,6
9454,43,44,-1,1
9455,65,59,6,6
9456,52,49,3,3
9457,44,42,2,2
9458,96,92,4,4
9459,165,140,25,25
9460,92,77,15,15
9461,104,83,21,21
9462,131,115,16,16
9463,73,69,4,4
9464,131,106,25,25
9465,51,63,-12,12
9466,63,64,-1,1
9467,107,102,5,5
9468,109,114,-5,5
9469,131,105,26,26
9470,96,83,13,13
9471,90,70,20,20
9472,60,64,-4,4
9473,106,94,12,12
9474,101,79,22,22
9475,67,63,4,4
9476,117,104,13,13
9477,76,75,1,1
9478,78,68,10,10
9479,94,82,12,12
9480,95,87,8,8
9481,78,63,15,15
9482,133,119,14,14
9483,41,55,-14,14
9484,105,91,14,14
9485,102,86,16,16
9486,88,87,1,1
9487,106,98,8,8
9488,89,80,9,9
9489,98,107,-9,9
9490,128,110,18,18
9491,102,96,6,6
9492,132,123,9,9
9493,101,89,12,12
9494,144,127,17,17
9495,61,60,1,1
9496,61,59,2,2
9497,114,108,6,6
9498,125,111,14,14
9499,70,64,6,6
9500,83,78,5,5
9501,147,130,17,17
9502,97,92,5,5
9503,82,76,6,6
9504,87,73,14,14
9505,94,80,14,14
9506,54,58,-4,4
9507,71,72,-1,1
9508,105,87,18,18
9509,87,82,5,5
9510,95,95,0,0
9511,71,69,2,2
9512,76,75,1,1
9513,123,109,14,14
9514,127,108,19,19
9515,84,86,-2,2
9516,48,48,0,0
9517,108,86,22,22
9518,157,118,39,39
9519,54,54,0,0
9520,100,82,18,18
9521,118,100,18,18
9522,57,55,2,2
9523,137,118,19,19
9524,80,77,3,3
9525,48,48,0,0
9526,49,41,8,8
9527,94,85,9,9
9528,101,86,15,15
9529,64,64,0,0
9530,114,113,1,1
9531,82,71,11,11
9532,62,61,1,1
9533,57,61,-4,4
9534,88,86,2,2
9535,92,88,4,4
9536,66,74,-8,8
9537,76,75,1,1
9538,59,54,5,5
9539,89,80,9,9
9540,63,60,3,3
9541,51,45,6,6
9542,123,109,14,14
9543,88,83,5,5
9544,59,61,-2,2
9545,66,60,6,6
9546,135,105,30,30
9547,54,55,-1,1
9548,24,33,-9,9
9549,91,74,17,17
9550,166,144,22,22
9551,45,42,3,3
9552,95,80,15,15
9553,99,90,9,9
9554,70,73,-3,3
9555,81,68,13,13
9556,97,80,17,17
9557,75,79,-4,4
9558,55,58,-3,3
9559,86,85,1,1
9560,172,145,27,27
9561,65,72,-7,7
9562,174,138,36,36
9563,78,74,4,4
9564,81,81,0,0
9565,68,58,10,10
9566,74,62,12,12
9567,46,47,-1,1
9568,119,114,5,5
9569,48,47,1,1
9570,112,104,8,8
9571,135,134,1,1
9572,91,74,17,17
9573,103,87,16,16
9574,95,105,-10,10
9575,91,71,20,20
9576,201,157,44,44
9577,89,81,8,8
9578,71,62,9,9
9579,198,165,33,33
9580,93,78,15,15
9581,82,74,8,8
9582,132,114,18,18
9583,79,83,-4,4
9584,60,58,2,2
9585,72,75,-3,3
9586,107,101,6,6
9587,112,102,10,10
9588,99,94,5,5
9589,104,101,3,3
9590,68,64,4,4
9591,57,55,2,2
9592,47,49,-2,2
9593,96,84,12,12
9594,95,98,-3,3
9595,43,43,0,0
9596,116,96,20,20
9597,65,65,0,0
9598,106,83,23,23
9599,117,112,5,5
9600,96,84,12,12
9601,67,62,5,5
9602,100,83,17,17
9603,108,98,10,10
9604,103,92,11,11
9605,58,57,1,1
9606,88,78,10,10
9607,133,112,21,21
9608,161,140,21,21
9609,95,82,13,13
9610,99,80,19,19
9611,69,61,8,8
9612,112,98,14,14
9613,127,106,21,21
9614,66,64,2,2
9615,116,106,10,10
9616,105,106,-1,1
9617,100,84,16,16
9618,93,85,8,8
9619,79,79,0,0
9620,121,102,19,19
9621,86,85,1,1
9622,88,74,14,14
9623,177,141,36,36
9624,67,58,9,9
9625,73,68,5,5
9626,105,91,14,14
9627,115,102,13,13
9628,141,124,17,17
9629,75,70,5,5
9630,58,57,1,1
9631,86,81,5,5
9632,137,117,20,20
9633,113,104,9,9
9634,92,81,11,11
9635,83,83,0,0
9636,103,103,0,0
9637,145,112,33,33
9638,84,74,10,10
9639,123,116,7,7
9640,104,91,13,13
9641,61,58,3,3
9642,79,82,-3,3
9643,90,101,-11,11
9644,115,106,9,9
9645,138,130,8,8
9646,80,74,6,6
9647,92,89,3,3
9648,126,110,16,16
9649,62,46,16,16
9650,81,77,4,4
9651,88,77,11,11
9652,90,85,5,5
9653,70,66,4,4
9654,113,101,12,12
9655,81,77,4,4
9656,70,76,-6,6
9657,87,77,10,10
9658,62,65,-3,3
9659,54,53,1,1
9660,85,79,6,6
9661,76,68,8,8
9662,44,43,1,1
9663,106,89,17,17
9664,116,107,9,9
9665,114,108,6,6
9666,156,140,16,16
9667,127,105,22,22
9668,61,57,4,4
9669,57,51,6,6
9670,128,113,15,15
9671,90,77,13,13
9672,113,99,14,14
9673,81,70,11,11
9674,48,54,-6,6
9675,47,47,0,0
9676,139,114,25,25
9677,154,136,18,18
9678,104,100,4,4
9679,97,87,10,10
9680,123,110,13,13
9681,68,55,13,13
9682,94,87,7,7
9683,77,80,-3,3
9684,45,42,3,3
9685,78,71,7,7
9686,75,73,2,2
9687,79,69,10,10
9688,175,160,15,15
9689,117,100,17,17
9690,108,93,15,15
9691,106,100,6,6
9692,82,67,15,15
9693,112,93,19,19
9694,74,69,5,5
9695,117,106,11,11
9696,94,88,6,6
9697,226,188,38,38
9698,120,97,23,23
9699,40,42,-2,2
9700,40,94,-54,54
9701,119,109,10,10
9702,51,52,-1,1
9703,61,57,4,4
9704,119,103,16,16
9705,97,80,17,17
9706,70,70,0,0
9707,101,83,18,18
9708,160,136,24,24
9709,88,77,11,11
9710,41,49,-8,8
9711,86,76,10,10
9712,76,73,3,3
9713,66,68,-2,2
9714,110,101,9,9
9715,120,105,15,15
9716,97,89,8,8
9717,89,89,0,0
9718,117,102,15,15
9719,59,63,-4,4
9720,145,125,20,20
9721,84,72,12,12
9722,78,79,-1,1
9723,65,59,6,6
9724,62,58,4,4
9725,114,102,12,12
9726,76,75,1,1
9727,51,53,-2,2
9728,131,127,4,4
9729,162,156,6,6
9730,90,91,-1,1
9731,95,93,2,2
9732,49,57,-8,8
9733,81,78,3,3
9734,103,90,13,13
9735,136,127,9,9
9736,116,102,14,14
9737,74,67,7,7
9738,54,59,-5,5
9739,110,102,8,8
9740,113,90,23,23
9741,142,107,35,35
9742,130,98,32,32
9743,156,131,25,25
9744,186,167,19,19
9745,70,64,6,6
9746,115,95,20,20
9747,149,117,32,32
9748,135,112,23,23
9749,72,64,8,8
9750,143,125,18,18
9751,190,155,35,35
9752,117,113,4,4
9753,124,99,25,25
9754,78,80,-2,2
9755,90,85,5,5
9756,49,44,5,5
9757,52,55,-3,3
9758,48,50,-2,2
9759,69,65,4,4
9760,69,69,0,0
9761,40,47,-7,7
9762,89,86,3,3
9763,85,78,7,7
9764,104,100,4,4
9765,130,112,18,18
9766,110,82,28,28
9767,136,115,21,21
9768,91,75,16,16
9769,83,80,3,3
9770,50,48,2,2
9771,104,95,9,9
9772,83,72,11,11
9773,114,102,12,12
9774,119,118,1,1
9775,88,77,11,11
9776,68,83,-15,15
9777,84,94,-10,10
9778,93,70,23,23
9779,56,51,5,5
9780,66,64,2,2
9781,60,54,6,6
9782,58,58,0,0
9783,142,121,21,21
9784,197,161,36,36
9785,53,52,1,1
9786,86,98,-12,12
9787,85,78,7,7
9788,153,123,30,30
9789,58,57,1,1
9790,78,71,7,7
9791,159,134,25,25
9792,129,113,16,16
9793,115,103,12,12
9794,64,57,7,7
9795,142,123,19,19
9796,83,76,7,7
9797,171,156,15,15
9798,137,120,17,17
9799,107,96,11,11
9800,101,82,19,19
9801,75,63,12,12
9802,103,88,15,15
9803,80,74,6,6
9804,51,54,-3,3
9805,92,78,14,14
9806,88,79,9,9
9807,96,91,5,5
9808,140,114,26,26
9809,107,98,9,9
9810,59,58,1,1
9811,128,103,25,25
9812,80,71,9,9
9813,40,41,-1,1
9814,139,123,16,16
9815,79,68,11,11
9816,89,79,10,10
9817,127,113,14,14
9818,132,109,23,23
9819,104,96,8,8
9820,100,87,13,13
9821,76,71,5,5
9822,182,134,48,48
9823,43,40,3,3
9824,56,54,2,2
9825,140,119,21,21
9826,98,92,6,6
9827,66,71,-5,5
9828,52,42,10,10
9829,100,88,12,12
9830,131,105,26,26
9831,47,40,7,7
9832,57,53,4,4
9833,58,58,0,0
9834,100,86,14,14
9835,143,135,8,8
9836,81,70,11,11
9837,130,97,33,33
9838,63,67,-4,4
9839,84,94,-10,10
9840,86,78,8,8
9841,118,105,13,13
9842,109,91,18,18
9843,176,159,17,17
9844,68,64,4,4
9845,102,94,8,8
9846,65,60,5,5
9847,88,84,4,4
9848,127,107,20,20
9849,56,52,4,4
9850,104,94,10,10
9851,105,84,21,21
9852,84,76,8,8
9853,27,61,-34,34
9854,95,88,7,7
9855,77,72,5,5
9856,192,171,21,21
9857,78,65,13,13
9858,122,112,10,10
9859,80,77,3,3
9860,94,77,17,17
9861,126,109,17,17
9862,44,44,0,0
9863,73,71,2,2
9864,104,76,28,28
9865,71,61,10,10
9866,65,70,-5,5
9867,96,75,21,21
9868,116,92,24,24
9869,103,97,6,6
9870,129,114,15,15
9871,143,128,15,15
9872,100,107,-7,7
9873,133,110,23,23
9874,64,60,4,4
9875,121,108,13,13
9876,61,61,0,0
9877,55,57,-2,2
9878,49,46,3,3
9879,86,75,11,11
9880,85,75,10,10
9881,61,56,5,5
9882,128,121,7,7
9883,91,72,19,19
9884,99,76,23,23
9885,92,83,9,9
9886,179,154,25,25
9887,114,92,22,22
9888,66,57,9,9
9889,78,78,0,0
9890,69,66,3,3
9891,121,104,17,17
9892,85,67,18,18
9893,110,113,-3,3
9894,92,87,5,5
9895,117,99,18,18
9896,174,151,23,23
9897,135,122,13,13
9898,64,54,10,10
9899,75,66,9,9
9900,97,97,0,0
9901,120,111,9,9
9902,102,88,14,14
9903,91,81,10,10
9904,70,69,1,1
9905,64,67,-3,3
9906,49,46,3,3
9907,94,94,0,0
9908,71,73,-2,2
9909,136,143,-7,7
9910,68,64,4,4
9911,122,108,14,14
9912,73,66,7,7
9913,114,104,10,10
9914,98,88,10,10
9915,104,92,12,12
9916,103,86,17,17
9917,108,92,16,16
9918,127,109,18,18
9919,130,120,10,10
9920,95,87,8,8
9921,89,75,14,14
9922,73,69,4,4
9923,157,126,31,31
9924,103,88,15,15
9925,105,93,12,12
9926,112,94,18,18
9927,109,92,17,17
9928,79,69,10,10
9929,92,100,-8,8
9930,72,62,10,10
9931,48,51,-3,3
9932,98,83,15,15
9933,111,101,10,10
9934,119,100,19,19
9935,139,112,27,27
9936,55,63,-8,8
9937,107,101,6,6
9938,135,131,4,4
9939,102,89,13,13
9940,88,84,4,4
9941,105,104,1,1
9942,136,111,25,25
9943,82,79,3,3
9944,67,61,6,6
9945,123,108,15,15
9946,120,109,11,11
9947,94,93,1,1
9948,51,49,2,2
9949,95,80,15,15
9950,92,83,9,9
9951,154,119,35,35
9952,76,73,3,3
9953,59,54,5,5
9954,153,126,27,27
9955,66,69,-3,3
9956,96,93,3,3
9957,131,114,17,17
9958,81,73,8,8
9959,80,77,3,3
9960,59,58,1,1
9961,72,72,0,0
9962,148,127,21,21
9963,123,125,-2,2
9964,72,68,4,4
9965,59,58,1,1
9966,145,125,20,20
9967,95,88,7,7
9968,125,110,15,15
9969,79,72,7,7
9970,79,74,5,5
9971,68,66,2,2
9972,135,124,11,11
9973,96,87,9,9
9974,64,60,4,4
9975,62,53,9,9
9976,102,91,11,11
9977,141,121,20,20
9978,82,67,15,15
9979,84,69,15,15
9980,85,82,3,3
9981,77,74,3,3
9982,107,91,16,16
9983,94,84,10,10
9984,84,69,15,15
9985,90,80,10,10
9986,127,110,17,17
9987,94,85,9,9
9988,142,146,-4,4
9989,88,86,2,2
9990,104,89,15,15
9991,66,65,1,1
9992,48,47,1,1
9993,76,67,9,9
9994,105,95,10,10
9995,62,53,9,9
9996,82,76,6,6
9997,123,113,10,10
9998,88,86,2,2
9999,68,62,6,6
10000,171,137,34,34
10001,134,114,20,20
10002,81,70,11,11
10003,66,66,0,0
10004,49,49,0,0
10005,92,86,6,6
10006,121,106,15,15
10007,133,113,20,20
10008,147,123,24,24
10009,81,75,6,6
10010,69,68,1,1
10011,83,76,7,7
10012,88,79,9,9
10013,59,49,10,10
10014,91,87,4,4
10015,153,140,13,13
10016,114,98,16,16
10017,77,78,-1,1
10018,85,69,16,16
10019,80,70,10,10
10020,74,68,6,6
10021,169,142,27,27
10022,108,98,10,10
10023,121,111,10,10
10024,83,83,0,0
10025,56,51,5,5
10026,74,69,5,5
10027,53,57,-4,4
10028,80,79,1,1
10029,79,75,4,4
10030,117,102,15,15
10031,174,145,29,29
10032,77,66,11,11
10033,114,90,24,24
10034,79,74,5,5
10035,158,132,26,26
10036,80,73,7,7
10037,90,106,-16,16
10038,111,96,15,15
10039,155,127,28,28
10040,55,55,0,0
10041,74,69,5,5
10042,62,62,0,0
10043,138,123,15,15
10044,143,137,6,6
10045,113,105,8,8
10046,100,95,5,5
10047,115,88,27,27
10048,49,46,3,3
10049,139,130,9,9
10050,114,107,7,7
10051,125,115,10,10
10052,61,59,2,2
10053,136,119,17,17
10054,77,68,9,9
10055,211,171,40,40
10056,66,56,10,10
10057,111,94,17,17
10058,122,111,11,11
10059,139,120,19,19
10060,121,100,21,21
10061,108,104,4,4
10062,85,83,2,2
10063,110,96,14,14
10064,62,67,-5,5
10065,107,91,16,16
10066,49,45,4,4
10067,82,74,8,8
10068,92,83,9,9
10069,59,56,3,3
10070,56,51,5,5
10071,105,89,16,16
10072,61,63,-2,2
10073,95,93,2,2
10074,56,57,-1,1
10075,148,134,14,14
10076,123,114,9,9
10077,111,107,4,4
10078,75,66,9,9
10079,139,134,5,5
10080,68,65,3,3
10081,90,78,12,12
10082,150,139,11,11
10083,133,106,27,27
10084,49,50,-1,1
10085,62,61,1,1
10086,111,93,18,18
10087,117,105,12,12
10088,151,132,19,19
10089,100,88,12,12
10090,42,48,-6,6
10091,78,70,8,8
10092,48,50,-2,2
10093,118,96,22,22
10094,70,61,9,9
10095,117,116,1,1
10096,61,74,-13,13
10097,94,92,2,2
10098,78,73,5,5
10099,170,144,26,26
10100,68,63,5,5
10101,78,66,12,12
10102,47,47,0,0
10103,130,100,30,30
10104,80,70,10,10
10105,70,72,-2,2
10106,49,50,-1,1
10107,117,101,16,16
10108,86,82,4,4
10109,82,71,11,11
10110,54,51,3,3
10111,160,138,22,22
10112,78,83,-5,5
10113,82,75,7,7
10114,59,51,8,8
10115,115,101,14,14
10116,86,81,5,5
10117,119,97,22,22
10118,116,105,11,11
10119,90,89,1,1
10120,75,72,3,3
10121,81,72,9,9
10122,87,82,5,5
10123,108,94,14,14
10124,50,51,-1,1
10125,53,53,0,0
10126,130,127,3,3
10127,125,103,22,22
10128,118,103,15,15
10129,112,100,12,12
10130,62,66,-4,4
10131,105,95,10,10
10132,90,89,1,1
10133,143,129,14,14
10134,58,55,3,3
10135,64,63,1,1
10136,108,91,17,17
10137,98,78,20,20
10138,136,118,18,18
10139,101,101,0,0
10140,85,83,2,2
10141,92,87,5,5
10142,144,121,23,23
10143,80,75,5,5
10144,110,88,22,22
10145,66,59,7,7
10146,73,65,8,8
10147,59,54,5,5
10148,88,82,6,6
10149,74,74,0,0
10150,61,61,0,0
10151,125,104,21,21
10152,55,51,4,4
10153,115,101,14,14
10154,58,61,-3,3
10155,76,74,2,2
10156,137,128,9,9
10157,81,71,10,10
10158,116,102,14,14
10159,81,72,9,9
10160,94,81,13,13
10161,78,84,-6,6
10162,80,70,10,10
10163,99,87,12,12
10164,118,104,14,14
10165,137,116,21,21
10166,98,92,6,6
10167,71,62,9,9
10168,83,78,5,5
10169,132,129,3,3
10170,69,65,4,4
10171,119,108,11,11
10172,101,100,1,1
10173,92,87,5,5
10174,74,65,9,9
10175,95,88,7,7
10176,67,63,4,4
10177,50,51,-1,1
10178,106,92,14,14
10179,102,86,16,16
10180,359,257,102,102
10181,58,57,1,1
10182,94,82,12,12
10183,90,74,16,16
10184,88,77,11,11
10185,105,86,19,19
10186,75,70,5,5
10187,89,81,8,8
10188,86,76,10,10
10189,133,115,18,18
10190,35,38,-3,3
10191,88,75,13,13
10192,177,145,32,32
10193,100,88,12,12
10194,65,57,8,8
10195,104,91,13,13
10196,67,57,10,10
10197,86,79,7,7
10198,123,103,20,20
10199,108,93,15,15
10200,84,75,9,9
10201,54,58,-4,4
10202,95,86,9,9
10203,86,75,11,11
10204,70,77,-7,7
10205,84,72,12,12
10206,107,94,13,13
10207,45,46,-1,1
10208,85,80,5,5
10209,79,75,4,4
10210,125,112,13,13
10211,92,82,10,10
10212,74,71,3,3
10213,139,128,11,11
10214,84,74,10,10
10215,103,106,-3,3
10216,60,68,-8,8
10217,78,77,1,1
10218,69,50,19,19
10219,131,119,12,12
10220,102,88,14,14
10221,69,67,2,2
10222,58,59,-1,1
10223,43,44,-1,1
10224,29,34,-5,5
10225,86,81,5,5
10226,114,103,11,11
10227,38,45,-7,7
10228,113,111,2,2
10229,74,78,-4,4
10230,67,63,4,4
10231,221,185,36,36
10232,103,92,11,11
10233,224,188,36,36
10234,82,91,-9,9
10235,104,89,15,15
10236,115,96,19,19
10237,70,80,-10,10
10238,92,83,9,9
10239,118,105,13,13
10240,159,126,33,33
10241,124,101,23,23
10242,165,125,40,40
10243,118,111,7,7
10244,79,68,11,11
10245,113,96,17,17
10246,61,59,2,2
10247,112,99,13,13
10248,68,63,5,5
10249,71,71,0,0
10250,127,108,19,19
10251,82,74,8,8
10252,63,58,5,5
10253,189,174,15,15
10254,73,70,3,3
10255,76,64,12,12
10256,99,97,2,2
10257,131,116,15,15
10258,88,83,5,5
10259,61,62,-1,1
10260,135,117,18,18
10261,52,51,1,1
10262,114,103,11,11
10263,82,76,6,6
10264,106,95,11,11
10265,102,101,1,1
10266,105,105,0,0
10267,77,76,1,1
10268,66,58,8,8
10269,129,108,21,21
10270,73,69,4,4
10271,77,71,6,6
10272,70,63,7,7
10273,40,37,3,3
10274,55,60,-5,5
10275,130,121,9,9
10276,168,140,28,28
10277,76,61,15,15
10278,136,117,19,19
10279,104,101,3,3
10280,52,55,-3,3
10281,151,128,23,23
10282,74,72,2,2
10283,60,64,-4,4
10284,90,78,12,12
10285,81,70,11,11
10286,118,106,12,12
10287,96,87,9,9
10288,96,82,14,14
10289,151,137,14,14
10290,125,107,18,18
10291,73,63,10,10
10292,107,92,15,15
10293,113,104,9,9
10294,118,115,3,3
10295,71,74,-3,3
10296,68,64,4,4
10297,65,64,1,1
10298,48,52,-4,4
10299,73,71,2,2
10300,86,97,-11,11
10301,45,45,0,0
10302,87,78,9,9
10303,113,97,16,16
10304,137,120,17,17
10305,114,103,11,11
10306,61,59,2,2
10307,106,84,22,22
10308,128,113,15,15
10309,111,102,9,9
10310,100,87,13,13
10311,100,85,15,15
10312,133,126,7,7
10313,96,87,9,9
10314,133,119,14,14
10315,130,116,14,14
10316,78,76,2,2
10317,130,103,27,27
10318,110,110,0,0
10319,75,76,-1,1
10320,144,129,15,15
10321,81,80,1,1
10322,63,65,-2,2
10323,122,111,11,11
10324,119,116,3,3
10325,99,88,11,11
10326,111,98,13,13
10327,143,111,32,32
10328,104,107,-3,3
10329,93,80,13,13
10330,72,74,-2,2
10331,79,77,2,2
10332,128,119,9,9
10333,99,87,12,12
10334,76,77,-1,1
10335,100,93,7,7
10336,70,64,6,6
10337,148,135,13,13
10338,68,62,6,6
10339,100,102,-2,2
10340,74,80,-6,6
10341,86,73,13,13
10342,93,79,14,14
10343,138,108,30,30
10344,149,143,6,6
10345,65,57,8,8
10346,89,84,5,5
10347,117,81,36,36
10348,98,80,18,18
10349,127,113,14,14
10350,106,90,16,16
10351,68,58,10,10
10352,160,124,36,36
10353,83,82,1,1
10354,129,103,26,26
10355,117,93,24,24
10356,74,76,-2,2
10357,101,89,12,12
10358,113,98,15,15
10359,121,102,19,19
10360,122,115,7,7
10361,117,102,15,15
10362,131,120,11,11
10363,68,58,10,10
10364,86,85,1,1
10365,97,83,14,14
10366,125,107,18,18
10367,65,66,-1,1
10368,49,43,6,6
10369,81,74,7,7
10370,103,94,9,9
10371,110,93,17,17
10372,86,85,1,1
10373,103,91,12,12
10374,103,96,7,7
10375,59,55,4,4
10376,119,99,20,20
10377,40,37,3,3
10378,102,94,8,8
10379,120,100,20,20
10380,103,95,8,8
10381,101,89,12,12
10382,106,95,11,11
10383,110,101,9,9
10384,82,71,11,11
10385,88,75,13,13
10386,174,156,18,18
10387,99,82,17,17
10388,66,63,3,3
10389,105,101,4,4
10390,59,56,3,3
10391,128,102,26,26
10392,53,59,-6,6
10393,123,116,7,7
10394,88,78,10,10
10395,80,73,7,7
10396,72,76,-4,4
10397,73,72,1,1
10398,60,57,3,3
10399,88,79,9,9
10400,82,74,8,8
10401,156,131,25,25
10402,163,131,32,32
10403,73,65,8,8
10404,105,86,19,19
10405,137,112,25,25
10406,74,71,3,3
10407,85,71,14,14
10408,71,70,1,1
10409,56,59,-3,3
10410,95,80,15,15
10411,48,44,4,4
10412,113,105,8,8
10413,96,87,9,9
10414,111,98,13,13
10415,80,104,-24,24
10416,44,44,0,0
10417,73,64,9,9
10418,132,100,32,32
10419,100,80,20,20
10420,126,107,19,19
10421,77,78,-1,1
10422,81,83,-2,2
10423,68,60,8,8
10424,73,85,-12,12
10425,100,91,9,9
10426,98,81,17,17
10427,60,55,5,5
10428,110,98,12,12
10429,102,91,11,11
10430,75,68,7,7
10431,138,125,13,13
10432,81,71,10,10
10433,108,104,4,4
10434,148,122,26,26
10435,59,53,6,6
10436,88,85,3,3
10437,104,80,24,24
10438,72,60,12,12
10439,82,77,5,5
10440,93,84,9,9
10441,93,79,14,14
10442,160,140,20,20
10443,129,114,15,15
10444,113,106,7,7
10445,116,92,24,24
10446,119,106,13,13
10447,86,77,9,9
10448,44,42,2,2
10449,76,65,11,11
10450,61,61,0,0
10451,80,81,-1,1
10452,99,82,17,17
10453,87,92,-5,5
10454,117,103,14,14
10455,50,65,-15,15
10456,150,124,26,26
10457,123,102,21,21
10458,100,75,25,25
10459,147,126,21,21
10460,185,165,20,20
10461,59,55,4,4
10462,81,69,12,12
10463,61,70,-9,9
10464,126,107,19,19
10465,82,77,5,5
10466,100,88,12,12
10467,81,71,10,10
10468,39,37,2,2
10469,77,66,11,11
10470,51,46,5,5
10471,98,97,1,1
10472,133,130,3,3
10473,80,73,7,7
10474,151,122,29,29
10475,88,72,16,16
10476,55,50,5,5
10477,72,72,0,0
10478,75,77,-2,2
10479,77,67,10,10
10480,81,66,15,15
10481,144,126,18,18
10482,121,94,27,27
10483,57,53,4,4
10484,69,71,-2,2
10485,99,90,9,9
10486,64,66,-2,2
10487,130,102,28,28
10488,106,100,6,6
10489,72,67,5,5
10490,67,68,-1,1
10491,68,62,6,6
10492,79,78,1,1
10493,81,76,5,5
10494,69,65,4,4
10495,67,62,5,5
10496,73,68,5,5
10497,39,42,-3,3
10498,112,108,4,4
10499,71,68,3,3
10500,132,111,21,21
10501,133,122,11,11
10502,95,84,11,11
10503,112,96,16,16
10504,112,90,22,22
10505,99,103,-4,4
10506,71,72,-1,1
10507,127,125,2,2
10508,89,87,2,2
10509,87,76,11,11
10510,124,104,20,20
10511,66,63,3,3
10512,92,89,3,3
10513,80,71,9,9
10514,94,86,8,8
10515,146,134,12,12
10516,139,125,14,14
10517,136,118,18,18
10518,63,57,6,6
10519,54,53,1,1
10520,171,144,27,27
10521,91,78,13,13
10522,170,135,35,35
10523,147,131,16,16
10524,70,63,7,7
10525,140,128,12,12
10526,117,107,10,10
10527,72,67,5,5
10528,132,113,19,19
10529,63,61,2,2
10530,102,96,6,6
10531,81,78,3,3
10532,90,81,9,9
10533,87,82,5,5
10534,127,110,17,17
10535,56,54,2,2
10536,44,42,2,2
10537,122,106,16,16
10538,111,97,14,14
10539,66,64,2,2
10540,110,104,6,6
10541,101,93,8,8
10542,119,111,8,8
10543,75,76,-1,1
10544,65,58,7,7
10545,55,54,1,1
10546,76,78,-2,2
10547,70,66,4,4
10548,157,164,-7,7
10549,27,34,-7,7
10550,83,72,11,11
10551,125,107,18,18
10552,95,91,4,4
10553,86,72,14,14
10554,116,107,9,9
10555,66,61,5,5
10556,144,146,-2,2
10557,96,93,3,3
10558,94,86,8,8
10559,37,39,-2,2
10560,195,162,33,33
10561,108,96,12,12
10562,130,117,13,13
10563,78,75,3,3
10564,57,58,-1,1
10565,72,62,10,10
10566,57,65,-8,8
10567,90,93,-3,3
10568,67,55,12,12
10569,157,140,17,17
10570,57,59,-2,2
10571,94,86,8,8
10572,69,70,-1,1
10573,86,78,8,8
10574,58,55,3,3
10575,105,94,11,11
10576,74,66,8,8
10577,116,103,13,13
10578,78,68,10,10
10579,115,100,15,15
10580,64,60,4,4
10581,127,106,21,21
10582,77,71,6,6
10583,99,83,16,16
10584,68,68,0,0
10585,101,102,-1,1
10586,88,77,11,11
10587,121,108,13,13
10588,100,91,9,9
10589,87,66,21,21
10590,80,69,11,11
10591,43,44,-1,1
10592,103,99,4,4
10593,149,122,27,27
10594,67,69,-2,2
10595,110,102,8,8
10596,127,105,22,22
10597,55,54,1,1
10598,133,115,18,18
10599,82,77,5,5
10600,45,39,6,6
10601,59,54,5,5
10602,120,105,15,15
10603,103,100,3,3
10604,145,130,15,15
10605,119,110,9,9
10606,75,76,-1,1
10607,74,66,8,8
10608,109,102,7,7
10609,148,129,19,19
10610,80,74,6,6
10611,68,63,5,5
10612,116,107,9,9
10613,114,96,18,18
10614,100,92,8,8
10615,72,69,3,3
10616,119,120,-1,1
10617,96,79,17,17
10618,58,59,-1,1
10619,132,124,8,8
10620,169,150,19,19
10621,70,65,5,5
10622,90,76,14,14
10623,93,81,12,12
10624,107,116,-9,9
10625,124,104,20,20
10626,43,44,-1,1
10627,102,89,13,13
10628,107,97,10,10
10629,61,62,-1,1
10630,62,63,-1,1
10631,72,63,9,9
10632,129,109,20,20
10633,74,67,7,7
10634,81,70,11,11
10635,107,89,18,18
10636,79,69,10,10
10637,43,38,5,5
10638,72,70,2,2
10639,102,80,22,22
10640,93,80,13,13
10641,90,81,9,9
10642,66,54,12,12
10643,125,109,16,16
10644,73,67,6,6
10645,78,66,12,12
10646,49,48,1,1
10647,81,68,13,13
10648,74,73,1,1
10649,78,69,9,9
10650,82,74,8,8
10651,92,100,-8,8
10652,110,79,31,31
10653,96,85,11,11
10654,83,79,4,4
10655,143,126,17,17
10656,88,72,16,16
10657,111,98,13,13
10658,54,50,4,4
10659,66,65,1,1
10660,68,74,-6,6
10661,57,59,-2,2
10662,169,131,38,38
10663,63,68,-5,5
10664,131,131,0,0
10665,102,91,11,11
10666,47,46,1,1
10667,58,60,-2,2
10668,127,110,17,17
10669,100,85,15,15
10670,109,102,7,7
10671,109,94,15,15
10672,92,82,10,10
10673,93,85,8,8
10674,64,59,5,5
10675,95,89,6,6
10676,97,83,14,14
10677,87,83,4,4
10678,65,65,0,0
10679,84,77,7,7
10680,140,107,33,33
10681,88,78,10,10
10682,56,50,6,6
10683,131,115,16,16
10684,107,93,14,14
10685,93,78,15,15
10686,125,106,19,19
10687,204,167,37,37
10688,128,107,21,21
10689,80,71,9,9
10690,161,158,3,3
10691,114,101,13,13
10692,96,74,22,22
10693,79,75,4,4
10694,60,57,3,3
10695,176,148,28,28
10696,41,39,2,2
10697,50,50,0,0
10698,45,43,2,2
10699,168,124,44,44
10700,65,61,4,4
10701,57,44,13,13
10702,98,88,10,10
10703,77,71,6,6
10704,84,74,10,10
10705,76,74,2,2
10706,75,79,-4,4
10707,93,85,8,8
10708,71,96,-25,25
10709,87,75,12,12
10710,65,63,2,2
10711,130,108,22,22
10712,74,59,15,15
10713,34,39,-5,5
10714,129,99,30,30
10715,114,107,7,7
10716,70,62,8,8
10717,50,55,-5,5
10718,93,79,14,14
10719,55,48,7,7
10720,94,75,19,19
10721,46,36,10,10
10722,50,45,5,5
10723,104,87,17,17
10724,118,107,11,11
10725,102,90,12,12
10726,84,79,5,5
10727,165,153,12,12
10728,97,89,8,8
10729,92,84,8,8
10730,89,71,18,18
10731,76,72,4,4
10732,75,85,-10,10
10733,142,126,16,16
10734,96,87,9,9
10735,145,136,9,9
10736,87,81,6,6
10737,64,60,4,4
10738,48,55,-7,7
10739,94,84,10,10
10740,69,61,8,8
10741,66,56,10,10
10742,131,109,22,22
10743,98,85,13,13
10744,94,90,4,4
10745,65,62,3,3
10746,89,83,6,6
10747,128,108,20,20
10748,144,122,22,22
10749,53,56,-3,3
10750,108,101,7,7
10751,29,37,-8,8
10752,58,54,4,4
10753,94,93,1,1
10754,74,66,8,8
10755,133,116,17,17
10756,75,67,8,8
10757,87,74,13,13
10758,133,116,17,17
10759,74,64,10,10
10760,80,73,7,7
10761,52,48,4,4
10762,116,102,14,14
10763,158,137,21,21
10764,224,178,46,46
10765,97,90,7,7
10766,128,109,19,19
10767,102,91,11,11
10768,114,94,20,20
10769,41,41,0,0
10770,86,80,6,6
10771,42,45,-3,3
10772,111,96,15,15
10773,142,130,12,12
10774,68,65,3,3
10775,65,61,4,4
10776,116,108,8,8
10777,91,77,14,14
10778,157,142,15,15
10779,140,122,18,18
10780,126,105,21,21
10781,77,65,12,12
10782,86,81,5,5
10783,102,95,7,7
10784,95,84,11,11
10785,64,60,4,4
10786,103,94,9,9
10787,55,59,-4,4
10788,77,75,2,2
10789,160,132,28,28
10790,58,58,0,0
10791,191,166,25,25
10792,121,114,7,7
10793,77,64,13,13
10794,161,134,27,27
10795,65,60,5,5
10796,80,85,-5,5
10797,77,75,2,2
10798,67,71,-4,4
10799,51,48,3,3
10800,76,70,6,6
10801,155,126,29,29
10802,96,79,17,17
10803,65,61,4,4
10804,98,86,12,12
10805,101,90,11,11
10806,49,41,8,8
10807,112,100,12,12
10808,81,60,21,21
10809,49,49,0,0
10810,65,58,7,7
10811,90,79,11,11
10812,126,104,22,22
10813,48,45,3,3
10814,120,111,9,9
10815,55,53,2,2
10816,75,82,-7,7
10817,83,88,-5,5
10818,135,113,22,22
10819,131,117,14,14
10820,117,111,6,6
10821,88,74,14,14
10822,92,85,7,7
10823,90,91,-1,1
10824,98,93,5,5
10825,101,86,15,15
10826,138,124,14,14
10827,84,80,4,4
10828,104,97,7,7
10829,98,103,-5,5
10830,87,83,4,4
10831,102,97,5,5
10832,81,77,4,4
10833,75,72,3,3
10834,145,122,23,23
10835,114,100,14,14
10836,63,61,2,2
10837,51,52,-1,1
10838,109,97,12,12
10839,69,63,6,6
10840,87,90,-3,3
10841,72,62,10,10
10842,114,104,10,10
10843,96,76,20,20
10844,140,132,8,8
10845,171,146,25,25
10846,97,89,8,8
10847,77,71,6,6
10848,125,91,34,34
10849,75,70,5,5
10850,98,92,6,6
10851,118,107,11,11
10852,120,102,18,18
10853,69,64,5,5
10854,57,54,3,3
10855,129,108,21,21
10856,127,114,13,13
10857,81,77,4,4
10858,102,93,9,9
10859,154,128,26,26
10860,116,98,18,18
10861,47,45,2,2
10862,124,108,16,16
10863,124,104,20,20
10864,138,116,22,22
10865,82,76,6,6
10866,120,102,18,18
10867,114,97,17,17
10868,90,84,6,6
10869,88,76,12,12
10870,53,50,3,3
10871,84,73,11,11
10872,80,74,6,6
10873,147,126,21,21
10874,79,79,0,0
10875,115,99,16,16
10876,80,73,7,7
10877,117,103,14,14
10878,123,107,16,16
10879,54,55,-1,1
10880,93,83,10,10
10881,145,127,18,18
10882,128,122,6,6
10883,73,69,4,4
10884,51,46,5,5
10885,65,61,4,4
10886,102,100,2,2
10887,95,92,3,3
10888,58,54,4,4
10889,49,57,-8,8
10890,113,99,14,14
10891,121,111,10,10
10892,148,131,17,17
10893,139,128,11,11
10894,96,99,-3,3
10895,143,122,21,21
10896,92,88,4,4
10897,78,69,9,9
10898,11,33,-22,22
10899,66,66,0,0
10900,79,71,8,8
10901,70,65,5,5
10902,67,66,1,1
10903,77,70,7,7
10904,144,126,18,18
10905,84,79,5,5
10906,50,46,4,4
10907,79,68,11,11
10908,90,91,-1,1
10909,62,54,8,8
10910,134,130,4,4
10911,110,91,19,19
10912,78,93,-15,15
10913,142,116,26,26
10914,79,78,1,1
10915,143,125,18,18
10916,80,80,0,0
10917,37,35,2,2
10918,70,61,9,9
10919,96,92,4,4
10920,135,128,7,7
10921,76,68,8,8
10922,181,154,27,27
10923,105,100,5,5
10924,49,47,2,2
10925,65,68,-3,3
10926,139,118,21,21
10927,38,38,0,0
10928,83,77,6,6
10929,56,54,2,2
10930,120,96,24,24
10931,109,102,7,7
10932,160,136,24,24
10933,117,115,2,2
10934,92,91,1,1
10935,99,89,10,10
10936,114,103,11,11
10937,70,58,12,12
10938,93,91,2,2
10939,112,94,18,18
10940,118,99,19,19
10941,72,60,12,12
10942,51,55,-4,4
10943,119,94,25,25
10944,85,75,10,10
10945,101,105,-4,4
10946,78,76,2,2
10947,75,70,5,5
10948,69,73,-4,4
10949,120,104,16,16
10950,72,65,7,7
10951,64,72,-8,8
10952,80,72,8,8
10953,80,80,0,0
10954,75,67,8,8
10955,76,68,8,8
10956,157,129,28,28
10957,80,87,-7,7
10958,117,104,13,13
10959,103,85,18,18
10960,129,100,29,29
10961,139,121,18,18
10962,98,86,12,12
10963,87,74,13,13
10964,165,130,35,35
10965,73,71,2,2
10966,137,121,16,16
10967,150,137,13,13
10968,74,78,-4,4
10969,157,133,24,24
10970,82,89,-7,7
10971,74,63,11,11
10972,37,48,-11,11
10973,95,86,9,9
10974,104,90,14,14
10975,124,114,10,10
10976,37,42,-5,5
10977,80,95,-15,15
10978,80,82,-2,2
10979,88,76,12,12
10980,147,110,37,37
10981,65,66,-1,1
10982,101,91,10,10
10983,93,83,10,10
10984,71,64,7,7
10985,64,54,10,10
10986,71,69,2,2
10987,60,65,-5,5
10988,64,71,-7,7
10989,55,51,4,4
10990,48,68,-20,20
10991,141,117,24,24
10992,95,85,10,10
10993,58,57,1,1
10994,95,83,12,12
10995,71,69,2,2
10996,89,79,10,10
10997,125,109,16,16
10998,170,153,17,17
10999,153,138,15,15
11000,84,75,9,9
11001,137,122,15,15
11002,81,70,11,11
11003,77,83,-6,6
11004,75,75,0,0
11005,110,99,11,11
11006,53,50,3,3
11007,92,79,13,13
11008,105,106,-1,1
11009,55,56,-1,1
11010,85,91,-6,6
11011,141,113,28,28
11012,126,117,9,9
11013,82,74,8,8
11014,124,108,16,16
11015,76,84,-8,8
11016,126,99,27,27
11017,56,56,0,0
11018,65,60,5,5
11019,91,88,3,3
11020,65,64,1,1
11021,84,80,4,4
11022,95,88,7,7
11023,109,87,22,22
11024,74,62,12,12
11025,60,52,8,8
11026,65,55,10,10
11027,77,71,6,6
11028,79,72,7,7
11029,65,58,7,7
11030,110,100,10,10
11031,116,112,4,4
11032,67,64,3,3
11033,83,77,6,6
11034,120,101,19,19
11035,157,119,38,38
11036,123,107,16,16
11037,80,73,7,7
11038,99,97,2,2
11039,88,75,13,13
11040,67,76,-9,9
11041,134,117,17,17
11042,76,67,9,9
11043,96,96,0,0
11044,83,80,3,3
11045,57,57,0,0
11046,93,82,11,11
11047,60,57,3,3
11048,85,77,8,8
11049,62,68,-6,6
11050,110,101,9,9
11051,108,100,8,8
11052,66,60,6,6
11053,67,74,-7,7
11054,71,59,12,12
11055,79,71,8,8
11056,145,132,13,13
11057,62,66,-4,4
11058,60,63,-3,3
11059,126,115,11,11
11060,120,110,10,10
11061,67,64,3,3
11062,96,87,9,9
11063,54,49,5,5
11064,66,57,9,9
11065,101,91,10,10
11066,83,70,13,13
11067,120,100,20,20
11068,186,164,22,22
11069,72,67,5,5
11070,91,82,9,9
11071,158,131,27,27
11072,67,65,2,2
11073,118,92,26,26
11074,63,53,10,10
11075,105,90,15,15
11076,124,101,23,23
11077,108,81,27,27
11078,121,99,22,22
11079,39,36,3,3
11080,90,85,5,5
11081,218,203,15,15
11082,71,74,-3,3
11083,81,80,1,1
11084,61,55,6,6
11085,86,74,12,12
11086,59,54,5,5
11087,168,149,19,19
11088,86,89,-3,3
11089,104,100,4,4
11090,89,84,5,5
11091,80,72,8,8
11092,81,72,9,9
11093,87,73,14,14
11094,119,98,21,21
11095,136,116,20,20
11096,113,93,20,20
11097,68,71,-3,3
11098,86,69,17,17
11099,103,92,11,11
11100,72,74,-2,2
11101,142,133,9,9
11102,172,165,7,7
11103,166,145,21,21
11104,96,98,-2,2
11105,106,104,2,2
11106,125,106,19,19
11107,125,106,19,19
11108,75,92,-17,17
11109,94,80,14,14
11110,103,96,7,7
11111,58,52,6,6
11112,81,69,12,12
11113,133,105,28,28
11114,122,107,15,15
11115,99,95,4,4
11116,67,63,4,4
11117,126,108,18,18
11118,91,79,12,12
11119,73,70,3,3
11120,89,85,4,4
11121,124,127,-3,3
11122,68,53,15,15
11123,126,110,16,16
11124,76,74,2,2
11125,167,133,34,34
11126,36,34,2,2
11127,137,116,21,21
11128,93,83,10,10
11129,115,102,13,13
11130,125,106,19,19
11131,79,72,7,7
11132,59,57,2,2
11133,90,85,5,5
11134,73,67,6,6
11135,74,66,8,8
11136,111,94,17,17
11137,129,111,18,18
11138,80,73,7,7
11139,97,85,12,12
11140,83,73,10,10
11141,129,113,16,16
11142,120,105,15,15
11143,93,78,15,15
11144,95,95,0,0
11145,101,90,11,11
11146,93,85,8,8
11147,112,113,-1,1
11148,103,95,8,8
11149,60,59,1,1
11150,95,97,-2,2
11151,62,53,9,9
11152,69,66,3,3
11153,83,90,-7,7
11154,53,45,8,8
11155,98,81,17,17
11156,101,99,2,2
11157,73,79,-6,6
11158,94,95,-1,1
11159,55,51,4,4
11160,93,99,-6,6
11161,70,68,2,2
11162,102,98,4,4
11163,75,65,10,10
11164,77,62,15,15
11165,96,86,10,10
11166,93,94,-1,1
11167,78,78,0,0
11168,155,136,19,19
11169,94,87,7,7
11170,66,63,3,3
11171,71,77,-6,6
11172,96,85,11,11
11173,143,127,16,16
11174,60,57,3,3
11175,79,76,3,3
11176,93,89,4,4
11177,126,110,16,16
11178,128,108,20,20
11179,103,85,18,18
11180,95,83,12,12
11181,86,91,-5,5
11182,95,82,13,13
11183,68,62,6,6
11184,102,95,7,7
11185,74,68,6,6
11186,94,107,-13,13
11187,83,62,21,21
11188,107,93,14,14
11189,65,57,8,8
11190,66,65,1,1
11191,113,102,11,11
11192,164,131,33,33
11193,60,59,1,1
11194,139,138,1,1
11195,96,95,1,1
11196,87,70,17,17
11197,113,99,14,14
11198,180,153,27,27
11199,106,92,14,14
11200,73,69,4,4
11201,121,113,8,8
11202,125,110,15,15
11203,62,59,3,3
11204,56,49,7,7
11205,81,76,5,5
11206,103,87,16,16
11207,107,92,15,15
11208,70,60,10,10
11209,107,91,16,16
11210,167,192,-25,25
11211,72,54,18,18
11212,123,103,20,20
11213,178,168,10,10
11214,142,133,9,9
11215,138,114,24,24
11216,148,124,24,24
11217,141,124,17,17
11218,119,115,4,4
11219,67,64,3,3
11220,126,125,1,1
11221,35,65,-30,30
11222,86,82,4,4
11223,82,87,-5,5
11224,135,146,-11,11
11225,111,94,17,17
11226,145,128,17,17
11227,99,76,23,23
11228,69,69,0,0
11229,81,86,-5,5
11230,58,52,6,6
11231,58,63,-5,5
11232,141,108,33,33
11233,75,66,9,9
11234,108,102,6,6
11235,128,122,6,6
11236,87,92,-5,5
11237,90,88,2,2
11238,133,119,14,14
11239,73,65,8,8
11240,63,56,7,7
11241,73,69,4,4
11242,136,128,8,8
11243,105,90,15,15
11244,60,60,0,0
11245,102,87,15,15
11246,100,89,11,11
11247,57,56,1,1
11248,71,69,2,2
11249,76,68,8,8
11250,58,57,1,1
11251,204,167,37,37
11252,96,86,10,10
11253,113,95,18,18
11254,114,89,25,25
11255,138,118,20,20
11256,79,80,-1,1
11257,142,116,26,26
11258,109,94,15,15
11259,141,126,15,15
11260,73,64,9,9
11261,89,73,16,16
11262,85,83,2,2
11263,159,130,29,29
11264,107,93,14,14
11265,68,69,-1,1
11266,79,77,2,2
11267,109,98,11,11
11268,78,67,11,11
11269,61,60,1,1
11270,102,94,8,8
11271,140,124,16,16
11272,156,133,23,23
11273,155,135,20,20
11274,118,98,20,20
11275,85,74,11,11
11276,162,138,24,24
11277,105,97,8,8
11278,100,91,9,9
11279,102,85,17,17
11280,130,109,21,21
11281,55,56,-1,1
11282,69,72,-3,3
11283,89,75,14,14
11284,39,46,-7,7
11285,139,120,19,19
11286,94,85,9,9
11287,79,68,11,11
11288,171,145,26,26
11289,139,120,19,19
11290,85,83,2,2
11291,86,79,7,7
11292,114,97,17,17
11293,134,111,23,23
11294,51,48,3,3
11295,47,49,-2,2
11296,56,58,-2,2
11297,72,67,5,5
11298,96,92,4,4
11299,143,128,15,15
11300,115,91,24,24
11301,99,98,1,1
11302,91,91,0,0
11303,85,80,5,5
11304,151,119,32,32
11305,42,49,-7,7
11306,125,105,20,20
11307,41,65,-24,24
11308,137,107,30,30
11309,100,85,15,15
11310,143,112,31,31
11311,174,150,24,24
11312,81,72,9,9
11313,106,94,12,12
11314,150,123,27,27
11315,66,65,1,1
11316,119,104,15,15
11317,133,106,27,27
11318,58,57,1,1
11319,90,86,4,4
11320,111,98,13,13
11321,157,130,27,27
11322,106,95,11,11
11323,121,105,16,16
11324,61,59,2,2
11325,111,97,14,14
11326,88,82,6,6
11327,81,77,4,4
11328,93,82,11,11
11329,77,71,6,6
11330,163,127,36,36
11331,104,94,10,10
11332,76,66,10,10
11333,52,49,3,3
11334,87,88,-1,1
11335,104,90,14,14
11336,62,55,7,7
11337,112,102,10,10
11338,76,76,0,0
11339,129,115,14,14
11340,106,104,2,2
11341,63,62,1,1
11342,87,81,6,6
11343,106,100,6,6
11344,86,70,16,16
11345,88,75,13,13
11346,89,82,7,7
11347,71,69,2,2
11348,116,95,21,21
11349,55,53,2,2
11350,83,85,-2,2
11351,64,62,2,2
11352,71,63,8,8
11353,128,108,20,20
11354,57,53,4,4
11355,127,113,14,14
11356,47,41,6,6
11357,94,81,13,13
11358,60,53,7,7
11359,60,63,-3,3
11360,55,61,-6,6
11361,97,91,6,6
11362,82,77,5,5
11363,109,95,14,14
11364,111,93,18,18
11365,61,57,4,4
11366,70,69,1,1
11367,79,71,8,8
11368,107,96,11,11
11369,89,79,10,10
11370,60,55,5,5
11371,147,132,15,15
11372,83,75,8,8
11373,104,92,12,12
11374,134,123,11,11
11375,88,79,9,9
11376,35,38,-3,3
11377,117,116,1,1
11378,78,71,7,7
11379,149,121,28,28
11380,85,80,5,5
11381,97,89,8,8
11382,115,108,7,7
11383,109,87,22,22
11384,81,73,8,8
11385,81,83,-2,2
11386,93,91,2,2
11387,123,117,6,6
11388,95,86,9,9
11389,102,87,15,15
11390,57,52,5,5
11391,179,163,16,16
11392,126,113,13,13
11393,62,58,4,4
11394,65,69,-4,4
11395,109,94,15,15
11396,74,69,5,5
11397,113,100,13,13
11398,121,104,17,17
11399,114,100,14,14
11400,63,61,2,2
11401,103,95,8,8
11402,80,68,12,12
11403,45,70,-25,25
11404,93,85,8,8
11405,121,101,20,20
11406,166,151,15,15
11407,63,70,-7,7
11408,66,55,11,11
11409,55,70,-15,15
11410,116,106,10,10
11411,96,85,11,11
11412,76,69,7,7
11413,54,58,-4,4
11414,108,97,11,11
11415,51,48,3,3
11416,109,96,13,13
11417,75,69,6,6
11418,86,85,1,1
11419,82,85,-3,3
11420,36,39,-3,3
11421,64,66,-2,2
11422,119,97,22,22
11423,53,54,-1,1
11424,73,69,4,4
11425,58,50,8,8
11426,41,41,0,0
11427,58,59,-1,1
11428,118,107,11,11
11429,134,112,22,22
11430,75,71,4,4
11431,50,50,0,0
11432,98,91,7,7
11433,33,34,-1,1
11434,109,93,16,16
11435,79,78,1,1
11436,60,56,4,4
11437,100,92,8,8
11438,85,71,14,14
11439,75,73,2,2
11440,82,70,12,12
11441,57,54,3,3
11442,164,147,17,17
11443,157,135,22,22
11444,76,66,10,10
11445,72,73,-1,1
11446,57,77,-20,20
11447,96,102,-6,6
11448,90,79,11,11
11449,100,91,9,9
11450,129,112,17,17
11451,91,78,13,13
11452,98,86,12,12
11453,102,89,13,13
11454,198,174,24,24
11455,78,68,10,10
11456,60,57,3,3
11457,173,150,23,23
11458,98,87,11,11
11459,72,65,7,7
11460,90,108,-18,18
11461,170,145,25,25
11462,163,135,28,28
11463,77,73,4,4
11464,66,65,1,1
11465,67,55,12,12
11466,66,70,-4,4
11467,99,82,17,17
11468,86,77,9,9
11469,85,80,5,5
11470,71,65,6,6
11471,136,113,23,23
11472,86,73,13,13
11473,60,60,0,0
11474,119,108,11,11
11475,132,118,14,14
11476,114,106,8,8
11477,66,61,5,5
11478,147,126,21,21
11479,90,83,7,7
11480,112,99,13,13
11481,68,58,10,10
11482,119,100,19,19
11483,121,105,16,16
11484,70,88,-18,18
11485,124,104,20,20
11486,47,48,-1,1
11487,70,73,-3,3
11488,80,69,11,11
11489,44,44,0,0
11490,75,74,1,1
11491,65,64,1,1
11492,80,67,13,13
11493,95,89,6,6
11494,124,106,18,18
11495,50,53,-3,3
11496,133,112,21,21
11497,77,73,4,4
11498,105,97,8,8
11499,70,65,5,5
11500,86,81,5,5
11501,97,80,17,17
11502,80,71,9,9
11503,98,97,1,1
11504,106,97,9,9
11505,74,67,7,7
11506,66,65,1,1
11507,118,107,11,11
11508,110,89,21,21
11509,156,132,24,24
11510,67,61,6,6
11511,170,131,39,39
11512,117,95,22,22
11513,101,91,10,10
11514,130,112,18,18
11515,93,94,-1,1
11516,105,92,13,13
11517,41,56,-15,15
11518,84,65,19,19
11519,59,56,3,3
11520,141,120,21,21
11521,47,62,-15,15
11522,114,87,27,27
11523,137,116,21,21
11524,126,121,5,5
11525,62,60,2,2
11526,111,100,11,11
11527,74,69,5,5
11528,81,73,8,8
11529,160,137,23,23
11530,102,92,10,10
11531,91,77,14,14
11532,83,78,5,5
11533,72,58,14,14
11534,68,69,-1,1
11535,126,102,24,24
11536,77,75,2,2
11537,160,126,34,34
11538,106,98,8,8
11539,81,76,5,5
11540,170,128,42,42
11541,131,111,20,20
11542,50,59,-9,9
11543,115,98,17,17
11544,70,71,-1,1
11545,109,105,4,4
11546,72,62,10,10
11547,74,72,2,2
11548,67,63,4,4
11549,81,69,12,12
11550,83,78,5,5
11551,105,92,13,13
11552,95,91,4,4
11553,133,110,23,23
11554,115,111,4,4
11555,98,85,13,13
11556,55,41,14,14
11557,109,100,9,9
11558,50,56,-6,6
11559,145,125,20,20
11560,89,74,15,15
11561,85,79,6,6
11562,85,78,7,7
11563,65,79,-14,14
11564,86,79,7,7
11565,105,85,20,20
11566,53,50,3,3
11567,60,60,0,0
11568,121,103,18,18
11569,52,59,-7,7
11570,53,54,-1,1
11571,164,143,21,21
11572,92,89,3,3
11573,100,92,8,8
11574,111,97,14,14
11575,67,61,6,6
11576,169,143,26,26
11577,86,76,10,10
11578,51,43,8,8
11579,96,87,9,9
11580,97,76,21,21
11581,82,66,16,16
11582,75,71,4,4
11583,103,91,12,12
11584,91,77,14,14
11585,108,98,10,10
11586,85,79,6,6
11587,137,123,14,14
11588,88,84,4,4
11589,167,139,28,28
11590,65,64,1,1
11591,92,77,15,15
11592,98,84,14,14
11593,68,65,3,3
11594,65,58,7,7
11595,60,55,5,5
11596,71,62,9,9
11597,50,47,3,3
11598,79,75,4,4
11599,102,89,13,13
11600,85,73,12,12
11601,69,63,6,6
11602,105,96,9,9
11603,114,96,18,18
11604,77,72,5,5
11605,70,58,12,12
11606,80,74,6,6
11607,137,128,9,9
11608,105,90,15,15
11609,83,83,0,0
11610,95,86,9,9
11611,70,73,-3,3
11612,183,158,25,25
11613,50,52,-2,2
11614,164,141,23,23
11615,125,104,21,21
11616,90,82,8,8
11617,108,97,11,11
11618,150,132,18,18
11619,90,76,14,14
11620,73,67,6,6
11621,86,87,-1,1
11622,91,91,0,0
11623,108,97,11,11
11624,120,100,20,20
11625,127,98,29,29
11626,65,58,7,7
11627,121,86,35,35
11628,80,69,11,11
11629,89,67,22,22
11630,81,70,11,11
11631,96,74,22,22
11632,119,104,15,15
11633,118,109,9,9
11634,128,117,11,11
11635,56,66,-10,10
11636,56,58,-2,2
11637,86,76,10,10
11638,79,70,9,9
11639,116,94,22,22
11640,69,67,2,2
11641,111,84,27,27
11642,81,88,-7,7
11643,56,55,1,1
11644,119,108,11,11
11645,82,69,13,13
11646,81,70,11,11
11647,136,109,27,27
11648,127,117,10,10
11649,108,106,2,2
11650,129,114,15,15
11651,74,89,-15,15
11652,63,69,-6,6
11653,168,136,32,32
11654,100,95,5,5
11655,66,64,2,2
11656,70,75,-5,5
11657,101,88,13,13
11658,112,93,19,19
11659,102,83,19,19
11660,124,108,16,16
11661,82,75,7,7
11662,94,88,6,6
11663,70,74,-4,4
11664,72,71,1,1
11665,67,61,6,6
11666,117,115,2,2
11667,47,42,5,5
11668,110,90,20,20
11669,93,82,11,11
11670,64,59,5,5
11671,134,121,13,13
11672,66,56,10,10
11673,69,59,10,10
11674,99,94,5,5
11675,137,113,24,24
11676,58,57,1,1
11677,85,73,12,12
11678,94,83,11,11
11679,104,93,11,11
11680,108,98,10,10
11681,89,78,11,11
11682,176,147,29,29
11683,88,81,7,7
11684,46,48,-2,2
11685,94,88,6,6
11686,162,141,21,21
11687,92,82,10,10
11688,96,85,11,11
11689,124,108,16,16
11690,74,74,0,0
11691,68,69,-1,1
11692,67,67,0,0
11693,90,87,3,3
11694,87,73,14,14
11695,86,73,13,13
11696,68,66,2,2
11697,90,78,12,12
11698,77,77,0,0
11699,126,96,30,30
11700,126,107,19,19
11701,94,86,8,8
11702,172,147,25,25
11703,63,83,-20,20
11704,101,86,15,15
11705,148,129,19,19
11706,87,87,0,0
11707,127,104,23,23
11708,121,95,26,26
11709,142,130,12,12
11710,73,68,5,5
11711,71,67,4,4
11712,103,118,-15,15
11713,39,38,1,1
11714,99,95,4,4
11715,69,63,6,6
11716,182,147,35,35
11717,138,145,-7,7
11718,142,129,13,13
11719,114,109,5,5
11720,54,50,4,4
11721,93,82,11,11
11722,110,93,17,17
11723,38,42,-4,4
11724,133,122,11,11
11725,143,121,22,22
11726,125,115,10,10
11727,69,62,7,7
11728,120,107,13,13
11729,121,114,7,7
11730,71,62,9,9
11731,97,87,10,10
11732,104,89,15,15
11733,97,87,10,10
11734,47,47,0,0
11735,184,157,27,27
11736,110,108,2,2
11737,67,62,5,5
11738,106,95,11,11
11739,66,73,-7,7
11740,118,98,20,20
11741,81,74,7,7
11742,83,76,7,7
11743,64,69,-5,5
11744,70,56,14,14
11745,50,49,1,1
11746,93,78,15,15
11747,157,127,30,30
11748,51,48,3,3
11749,77,71,6,6
11750,87,76,11,11
11751,119,100,19,19
11752,115,98,17,17
11753,85,69,16,16
11754,63,76,-13,13
11755,91,87,4,4
11756,67,60,7,7
11757,64,65,-1,1
11758,127,122,5,5
11759,67,63,4,4
11760,71,67,4,4
11761,96,78,18,18
11762,111,100,11,11
11763,62,58,4,4
11764,77,65,12,12
11765,174,154,20,20
11766,138,113,25,25
11767,65,62,3,3
11768,116,97,19,19
11769,47,47,0,0
11770,119,102,17,17
11771,94,78,16,16
11772,122,107,15,15
11773,92,89,3,3
11774,148,115,33,33
11775,67,68,-1,1
11776,101,93,8,8
11777,86,79,7,7
11778,53,47,6,6
11779,77,75,2,2
11780,126,106,20,20
11781,74,62,12,12
11782,91,85,6,6
11783,81,78,3,3
11784,43,44,-1,1
11785,114,100,14,14
11786,79,72,7,7
11787,96,84,12,12
11788,106,88,18,18
11789,79,79,0,0
11790,120,119,1,1
11791,107,96,11,11
11792,98,88,10,10
11793,47,44,3,3
11794,76,73,3,3
11795,85,76,9,9
11796,67,73,-6,6
11797,79,70,9,9
11798,90,93,-3,3
11799,84,72,12,12
11800,152,128,24,24
11801,152,128,24,24
11802,87,77,10,10
11803,65,61,4,4
11804,83,74,9,9
11805,205,168,37,37
11806,151,132,19,19
11807,114,90,24,24
11808,83,79,4,4
11809,66,69,-3,3
11810,66,65,1,1
11811,105,92,13,13
11812,176,147,29,29
11813,166,144,22,22
11814,185,157,28,28
11815,108,98,10,10
11816,95,85,10,10
11817,67,77,-10,10
11818,87,82,5,5
11819,82,79,3,3
11820,121,103,18,18
11821,71,72,-1,1
11822,62,63,-1,1
11823,113,80,33,33
11824,104,91,13,13
11825,68,66,2,2
11826,93,90,3,3
11827,74,64,10,10
11828,60,59,1,1
11829,80,81,-1,1
11830,70,69,1,1
11831,75,74,1,1
11832,76,64,12,12
11833,75,68,7,7
11834,80,65,15,15
11835,45,52,-7,7
11836,93,98,-5,5
11837,99,100,-1,1
11838,77,70,7,7
11839,89,76,13,13
11840,143,136,7,7
11841,83,84,-1,1
11842,102,92,10,10
11843,122,111,11,11
11844,118,99,19,19
11845,132,100,32,32
11846,102,101,1,1
11847,75,65,10,10
11848,105,96,9,9
11849,124,106,18,18
11850,75,68,7,7
11851,47,49,-2,2
11852,130,118,12,12
11853,147,126,21,21
11854,134,113,21,21
11855,71,66,5,5
11856,72,65,7,7
11857,42,43,-1,1
11858,97,84,13,13
11859,99,96,3,3
11860,147,133,14,14
11861,127,112,15,15
11862,65,59,6,6
11863,73,82,-9,9
11864,54,57,-3,3
11865,87,79,8,8
11866,125,119,6,6
11867,120,109,11,11
11868,75,68,7,7
11869,101,96,5,5
11870,139,122,17,17
11871,93,82,11,11
11872,85,81,4,4
11873,162,137,25,25
11874,158,141,17,17
11875,234,181,53,53
11876,76,71,5,5
11877,68,60,8,8
11878,60,55,5,5
11879,115,95,20,20
11880,92,82,10,10
11881,99,78,21,21
11882,95,82,13,13
11883,69,76,-7,7
11884,53,56,-3,3
11885,100,89,11,11
11886,157,135,22,22
11887,103,88,15,15
11888,117,105,12,12
11889,100,87,13,13
11890,95,80,15,15
11891,146,119,27,27
11892,97,85,12,12
11893,49,46,3,3
11894,83,79,4,4
11895,89,74,15,15
11896,97,91,6,6
11897,98,91,7,7
11898,99,89,10,10
11899,52,56,-4,4
11900,92,85,7,7
11901,128,121,7,7
11902,60,54,6,6
11903,47,46,1,1
11904,106,90,16,16
11905,78,65,13,13
11906,143,133,10,10
11907,90,79,11,11
11908,125,106,19,19
11909,80,81,-1,1
11910,114,98,16,16
11911,161,137,24,24
11912,120,104,16,16
11913,41,61,-20,20
11914,38,40,-2,2
11915,105,104,1,1
11916,48,42,6,6
11917,58,56,2,2
11918,112,96,16,16
11919,59,57,2,2
11920,76,71,5,5
11921,118,103,15,15
11922,77,67,10,10
11923,51,52,-1,1
11924,76,64,12,12
11925,56,53,3,3
11926,40,44,-4,4
11927,69,64,5,5
11928,77,71,6,6
11929,91,83,8,8
11930,149,133,16,16
11931,110,97,13,13
11932,115,108,7,7
11933,117,103,14,14
11934,93,83,10,10
11935,31,36,-5,5
11936,111,112,-1,1
11937,79,78,1,1
11938,72,69,3,3
11939,44,44,0,0
11940,89,82,7,7
11941,51,50,1,1
11942,186,160,26,26
11943,144,119,25,25
11944,98,83,15,15
11945,68,64,4,4
11946,82,76,6,6
11947,110,96,14,14
11948,101,74,27,27
11949,73,70,3,3
11950,106,95,11,11
11951,50,47,3,3
11952,128,116,12,12
11953,82,77,5,5
11954,39,57,-18,18
11955,57,55,2,2
11956,100,91,9,9
11957,132,117,15,15
11958,58,55,3,3
11959,65,57,8,8
11960,46,47,-1,1
11961,90,80,10,10
11962,132,112,20,20
11963,84,80,4,4
11964,95,84,11,11
11965,152,136,16,16
11966,67,62,5,5
11967,96,96,0,0
11968,78,73,5,5
11969,99,81,18,18
11970,71,72,-1,1
11971,116,98,18,18
11972,122,113,9,9
11973,81,73,8,8
11974,42,44,-2,2
11975,121,108,13,13
11976,144,126,18,18
11977,190,171,19,19
11978,132,116,16,16
11979,112,92,20,20
11980,106,83,23,23
11981,104,87,17,17
11982,79,70,9,9
11983,81,76,5,5
11984,92,101,-9,9
11985,55,55,0,0
11986,85,70,15,15
11987,72,67,5,5
11988,48,46,2,2
11989,92,94,-2,2
11990,44,45,-1,1
11991,112,97,15,15
11992,118,102,16,16
11993,74,73,1,1
11994,102,84,18,18
11995,93,93,0,0
11996,113,96,17,17
11997,89,85,4,4
11998,133,120,13,13
11999,45,46,-1,1
12000,53,51,2,2
12001,139,125,14,14
12002,61,57,4,4
12003,85,92,-7,7
12004,67,62,5,5
12005,81,69,12,12
12006,33,37,-4,4
12007,74,72,2,2
12008,81,72,9,9
12009,81,76,5,5
12010,114,100,14,14
12011,158,155,3,3
12012,59,63,-4,4
12013,60,62,-2,2
12014,111,96,15,15
12015,102,91,11,11
12016,89,74,15,15
12017,80,70,10,10
12018,73,71,2,2
12019,53,50,3,3
12020,124,109,15,15
12021,108,95,13,13
12022,101,82,19,19
12023,93,88,5,5
12024,69,64,5,5
12025,111,104,7,7
12026,74,71,3,3
12027,80,72,8,8
12028,101,85,16,16
12029,127,129,-2,2
12030,78,69,9,9
12031,143,132,11,11
12032,114,114,0,0
12033,49,69,-20,20
12034,115,108,7,7
12035,103,85,18,18
12036,84,80,4,4
12037,88,79,9,9
12038,92,82,10,10
12039,108,100,8,8
12040,90,80,10,10
12041,65,66,-1,1
12042,60,56,4,4
12043,72,65,7,7
12044,129,126,3,3
12045,76,70,6,6
12046,109,104,5,5
12047,88,91,-3,3
12048,60,56,4,4
12049,47,39,8,8
12050,100,84,16,16
12051,117,111,6,6
12052,125,102,23,23
12053,113,95,18,18
12054,54,51,3,3
12055,111,102,9,9
12056,156,127,29,29
12057,110,98,12,12
12058,82,85,-3,3
12059,114,97,17,17
12060,68,68,0,0
12061,66,70,-4,4
12062,90,85,5,5
12063,63,60,3,3
12064,100,90,10,10
12065,66,65,1,1
12066,141,124,17,17
12067,79,71,8,8
12068,104,83,21,21
12069,140,116,24,24
12070,72,69,3,3
12071,39,41,-2,2
12072,118,99,19,19
12073,97,79,18,18
12074,95,95,0,0
12075,86,81,5,5
12076,90,79,11,11
12077,86,90,-4,4
12078,95,85,10,10
12079,118,98,20,20
12080,94,81,13,13
12081,130,117,13,13
12082,58,53,5,5
12083,121,113,8,8
12084,125,113,12,12
12085,150,136,14,14
12086,102,90,12,12
12087,122,101,21,21
12088,109,96,13,13
12089,74,73,1,1
12090,93,78,15,15
12091,53,53,0,0
12092,117,111,6,6
12093,93,84,9,9
12094,191,179,12,12
12095,142,111,31,31
12096,123,101,22,22
12097,83,80,3,3
12098,127,109,18,18
12099,83,78,5,5
12100,85,74,11,11
12101,83,77,6,6
12102,94,79,15,15
12103,164,142,22,22
12104,72,58,14,14
12105,76,56,20,20
12106,122,98,24,24
12107,59,39,20,20
12108,87,79,8,8
12109,88,63,25,25
12110,61,55,6,6
12111,154,132,22,22
12112,159,131,28,28
12113,163,138,25,25
12114,104,91,13,13
12115,121,113,8,8
12116,116,97,19,19
12117,98,90,8,8
12118,84,80,4,4
12119,42,43,-1,1
12120,78,70,8,8
12121,99,105,-6,6
12122,77,84,-7,7
12123,189,153,36,36
12124,66,74,-8,8
12125,144,131,13,13
12126,196,161,35,35
12127,107,93,14,14
12128,68,67,1,1
12129,88,77,11,11
12130,36,40,-4,4
12131,107,95,12,12
12132,123,103,20,20
12133,62,55,7,7
12134,207,175,32,32
12135,89,79,10,10
12136,74,69,5,5
12137,87,79,8,8
12138,135,118,17,17
12139,72,62,10,10
12140,183,127,56,56
12141,118,113,5,5
12142,110,84,26,26
12143,111,98,13,13
12144,122,100,22,22
12145,90,85,5,5
12146,121,109,12,12
12147,58,59,-1,1
12148,126,108,18,18
12149,105,91,14,14
12150,109,98,11,11
12151,71,68,3,3
12152,148,128,20,20
12153,95,89,6,6
12154,103,94,9,9
12155,90,84,6,6
12156,77,74,3,3
12157,126,106,20,20
12158,141,122,19,19
12159,134,111,23,23
12160,49,43,6,6
12161,99,91,8,8
12162,130,110,20,20
12163,74,64,10,10
12164,64,60,4,4
12165,196,159,37,37
12166,106,102,4,4
12167,100,93,7,7
12168,88,79,9,9
12169,116,101,15,15
12170,107,98,9,9
12171,128,117,11,11
12172,93,79,14,14
12173,150,119,31,31
12174,92,75,17,17
12175,96,80,16,16
12176,115,98,17,17
12177,111,95,16,16
12178,87,84,3,3
12179,69,67,2,2
12180,139,135,4,4
12181,104,94,10,10
12182,115,106,9,9
12183,114,96,18,18
12184,58,54,4,4
12185,77,70,7,7
12186,79,78,1,1
12187,114,104,10,10
12188,111,105,6,6
12189,102,89,13,13
12190,161,140,21,21
12191,197,165,32,32
12192,72,64,8,8
12193,142,124,18,18
12194,49,55,-6,6
12195,63,60,3,3
12196,135,118,17,17
12197,192,156,36,36
12198,47,48,-1,1
12199,110,98,12,12
12200,71,66,5,5
12201,108,103,5,5
12202,137,128,9,9
12203,128,110,18,18
12204,137,121,16,16
12205,148,130,18,18
12206,82,77,5,5
12207,70,73,-3,3
12208,60,51,9,9
12209,115,98,17,17
12210,76,69,7,7
12211,86,75,11,11
12212,97,87,10,10
12213,122,107,15,15
12214,104,88,16,16
12215,149,138,11,11
12216,73,67,6,6
12217,88,78,10,10
12218,93,79,14,14
12219,94,86,8,8
12220,110,94,16,16
12221,56,61,-5,5
12222,66,66,0,0
12223,73,72,1,1
12224,96,89,7,7
12225,121,103,18,18
12226,122,114,8,8
12227,94,85,9,9
12228,88,90,-2,2
12229,130,122,8,8
12230,63,60,3,3
12231,141,112,29,29
12232,54,58,-4,4
12233,73,69,4,4
12234,71,65,6,6
12235,95,82,13,13
12236,121,98,23,23
12237,73,68,5,5
12238,125,112,13,13
12239,67,69,-2,2
12240,121,106,15,15
12241,109,98,11,11
12242,64,62,2,2
12243,96,83,13,13
12244,119,119,0,0
12245,93,89,4,4
12246,75,68,7,7
12247,95,87,8,8
12248,66,66,0,0
12249,99,89,10,10
12250,47,46,1,1
12251,84,90,-6,6
12252,165,188,-23,23
12253,97,84,13,13
12254,73,71,2,2
12255,37,41,-4,4
12256,104,86,18,18
12257,71,67,4,4
12258,65,63,2,2
12259,66,55,11,11
12260,63,57,6,6
12261,96,89,7,7
12262,130,114,16,16
12263,141,123,18,18
12264,86,94,-8,8
12265,108,102,6,6
12266,128,105,23,23
12267,118,98,20,20
12268,83,74,9,9
12269,68,64,4,4
12270,84,78,6,6
12271,105,90,15,15
12272,61,69,-8,8
12273,73,71,2,2
12274,65,62,3,3
12275,131,103,28,28
12276,118,100,18,18
12277,93,86,7,7
12278,76,67,9,9
12279,75,69,6,6
12280,65,65,0,0
12281,70,61,9,9
12282,140,131,9,9
12283,95,81,14,14
12284,145,115,30,30
12285,82,67,15,15
12286,185,150,35,35
12287,71,66,5,5
12288,100,97,3,3
12289,99,83,16,16
12290,64,62,2,2
12291,65,60,5,5
12292,51,48,3,3
12293,79,82,-3,3
12294,50,51,-1,1
12295,128,126,2,2
12296,109,94,15,15
12297,106,85,21,21
12298,50,50,0,0
12299,126,108,18,18
12300,105,94,11,11
12301,39,45,-6,6
12302,70,63,7,7
12303,134,98,36,36
12304,46,49,-3,3
12305,81,77,4,4
12306,115,99,16,16
12307,56,57,-1,1
12308,90,80,10,10
12309,107,93,14,14
12310,38,39,-1,1
12311,112,98,14,14
12312,86,81,5,5
12313,102,92,10,10
12314,81,80,1,1
12315,133,113,20,20
12316,65,59,6,6
12317,67,72,-5,5
12318,63,63,0,0
12319,105,89,16,16
12320,81,75,6,6
12321,97,93,4,4
12322,96,91,5,5
12323,113,115,-2,2
12324,91,85,6,6
12325,67,73,-6,6
12326,85,75,10,10
12327,102,91,11,11
12328,76,70,6,6
12329,190,177,13,13
12330,63,63,0,0
12331,87,68,19,19
12332,140,119,21,21
12333,113,90,23,23
12334,102,91,11,11
12335,62,53,9,9
12336,57,51,6,6
12337,48,52,-4,4
12338,62,54,8,8
12339,94,100,-6,6
12340,95,94,1,1
12341,183,155,28,28
12342,80,75,5,5
12343,164,141,23,23
12344,66,59,7,7
12345,67,75,-8,8
12346,103,91,12,12
12347,69,74,-5,5
12348,118,107,11,11
12349,78,68,10,10
12350,66,60,6,6
12351,94,83,11,11
12352,92,84,8,8
12353,142,122,20,20
12354,55,62,-7,7
12355,101,93,8,8
12356,79,67,12,12
12357,122,115,7,7
12358,123,98,25,25
12359,38,34,4,4
12360,65,73,-8,8
12361,138,109,29,29
12362,76,69,7,7
12363,114,103,11,11
12364,79,77,2,2
12365,114,97,17,17
12366,68,64,4,4
12367,78,71,7,7
12368,93,93,0,0
12369,103,96,7,7
12370,163,125,38,38
12371,101,98,3,3
12372,126,112,14,14
12373,67,58,9,9
12374,78,71,7,7
12375,116,101,15,15
12376,128,115,13,13
12377,91,79,12,12
12378,142,117,25,25
12379,65,61,4,4
12380,145,143,2,2
12381,61,52,9,9
12382,136,110,26,26
12383,84,73,11,11
12384,98,84,14,14
12385,87,81,6,6
12386,107,98,9,9
12387,115,114,1,1
12388,106,89,17,17
12389,93,88,5,5
12390,80,66,14,14
12391,130,110,20,20
12392,115,97,18,18
12393,97,99,-2,2
12394,92,85,7,7
12395,88,76,12,12
12396,66,61,5,5
12397,66,61,5,5
12398,87,81,6,6
12399,106,94,12,12
12400,70,73,-3,3
12401,180,151,29,29
12402,87,89,-2,2
12403,89,75,14,14
12404,92,89,3,3
12405,125,100,25,25
12406,88,91,-3,3
12407,109,97,12,12
12408,35,41,-6,6
12409,67,67,0,0
12410,117,102,15,15
12411,190,158,32,32
12412,114,102,12,12
12413,137,119,18,18
12414,138,136,2,2
12415,129,121,8,8
12416,106,83,23,23
12417,63,63,0,0
12418,58,58,0,0
12419,57,57,0,0
12420,86,85,1,1
12421,104,90,14,14
12422,97,88,9,9
12423,101,93,8,8
12424,137,116,21,21
12425,64,50,14,14
12426,176,173,3,3
12427,93,80,13,13
12428,120,105,15,15
12429,108,96,12,12
12430,70,67,3,3
12431,97,83,14,14
12432,83,82,1,1
12433,83,72,11,11
12434,150,145,5,5
12435,64,63,1,1
12436,89,76,13,13
12437,96,86,10,10
12438,114,101,13,13
12439,119,103,16,16
12440,61,52,9,9
12441,96,86,10,10
12442,105,95,10,10
12443,61,54,7,7
12444,141,124,17,17
12445,86,76,10,10
12446,87,77,10,10
12447,90,74,16,16
12448,105,95,10,10
12449,91,76,15,15
12450,111,104,7,7
12451,76,71,5,5
12452,87,81,6,6
12453,91,84,7,7
12454,107,103,4,4
12455,110,98,12,12
12456,124,116,8,8
12457,128,108,20,20
12458,109,97,12,12
12459,71,64,7,7
12460,87,75,12,12
12461,148,130,18,18
12462,107,90,17,17
12463,134,120,14,14
12464,23,33,-10,10
12465,119,120,-1,1
12466,91,77,14,14
12467,25,35,-10,10
12468,61,69,-8,8
12469,101,88,13,13
12470,72,65,7,7
12471,95,91,4,4
12472,47,42,5,5
12473,97,87,10,10
12474,81,77,4,4
12475,59,54,5,5
12476,77,66,11,11
12477,138,111,27,27
12478,120,114,6,6
12479,136,127,9,9
12480,79,76,3,3
12481,63,61,2,2
12482,102,91,11,11
12483,158,131,27,27
12484,73,71,2,2
12485,53,46,7,7
12486,83,81,2,2
12487,155,121,34,34
12488,139,117,22,22
12489,93,78,15,15
12490,128,118,10,10
12491,98,97,1,1
12492,96,81,15,15
12493,153,134,19,19
12494,104,94,10,10
12495,115,92,23,23
12496,72,68,4,4
12497,90,80,10,10
12498,127,122,5,5
12499,112,111,1,1
12500,64,65,-1,1
12501,73,63,10,10
12502,72,72,0,0
12503,73,79,-6,6
12504,56,54,2,2
12505,106,92,14,14
12506,144,120,24,24
12507,47,67,-20,20
12508,147,127,20,20
12509,95,88,7,7
12510,76,76,0,0
12511,128,114,14,14
12512,81,66,15,15
12513,79,75,4,4
12514,86,75,11,11
12515,44,48,-4,4
12516,87,83,4,4
12517,102,94,8,8
12518,116,104,12,12
12519,105,94,11,11
12520,113,110,3,3
12521,152,125,27,27
12522,175,153,22,22
12523,70,66,4,4
12524,173,148,25,25
12525,87,73,14,14
12526,102,87,15,15
12527,88,82,6,6
12528,76,69,7,7
12529,110,92,18,18
12530,99,92,7,7
12531,71,65,6,6
12532,75,71,4,4
12533,105,94,11,11
12534,153,138,15,15
12535,100,102,-2,2
12536,90,79,11,11
12537,83,90,-7,7
12538,82,79,3,3
12539,49,50,-1,1
12540,69,65,4,4
12541,113,101,12,12
12542,63,59,4,4
12543,58,57,1,1
12544,65,59,6,6
12545,145,128,17,17
12546,50,48,2,2
12547,83,82,1,1
12548,100,88,12,12
12549,76,69,7,7
12550,72,65,7,7
12551,71,80,-9,9
12552,106,92,14,14
12553,127,120,7,7
12554,96,84,12,12
12555,67,63,4,4
12556,140,123,17,17
12557,56,53,3,3
12558,108,95,13,13
12559,94,81,13,13
12560,59,55,4,4
12561,84,80,4,4
12562,96,89,7,7
12563,92,91,1,1
12564,186,163,23,23
12565,62,58,4,4
12566,164,136,28,28
12567,49,48,1,1
12568,62,57,5,5
12569,50,56,-6,6
12570,128,115,13,13
12571,57,59,-2,2
12572,69,64,5,5
12573,48,52,-4,4
12574,132,113,19,19
12575,140,130,10,10
12576,107,95,12,12
12577,80,74,6,6
12578,78,71,7,7
12579,140,111,29,29
12580,78,73,5,5
12581,123,102,21,21
12582,87,85,2,2
12583,91,97,-6,6
12584,119,116,3,3
12585,107,95,12,12
12586,52,49,3,3
12587,61,66,-5,5
12588,102,86,16,16
12589,79,69,10,10
12590,81,75,6,6
12591,72,64,8,8
12592,74,76,-2,2
12593,73,61,12,12
12594,114,81,33,33
12595,127,110,17,17
12596,92,74,18,18
12597,118,110,8,8
12598,115,167,-52,52
12599,73,67,6,6
12600,93,86,7,7
12601,70,65,5,5
12602,73,67,6,6
12603,107,108,-1,1
12604,96,92,4,4
12605,101,78,23,23
12606,76,82,-6,6
12607,85,71,14,14
12608,111,98,13,13
12609,42,46,-4,4
12610,69,64,5,5
12611,97,78,19,19
12612,90,79,11,11
12613,96,83,13,13
12614,114,119,-5,5
12615,121,104,17,17
12616,68,66,2,2
12617,45,43,2,2
12618,73,69,4,4
12619,109,94,15,15
12620,175,156,19,19
12621,90,74,16,16
12622,70,67,3,3
12623,85,79,6,6
12624,62,62,0,0
12625,89,91,-2,2
12626,132,115,17,17
12627,155,132,23,23
12628,99,91,8,8
12629,60,54,6,6
12630,110,95,15,15
12631,87,77,10,10
12632,98,98,0,0
12633,80,84,-4,4
12634,127,111,16,16
12635,172,144,28,28
12636,181,159,22,22
12637,130,108,22,22
12638,76,69,7,7
12639,86,75,11,11
12640,105,91,14,14
12641,105,101,4,4
12642,56,59,-3,3
12643,65,66,-1,1
12644,42,43,-1,1
12645,120,100,20,20
12646,65,58,7,7
12647,76,76,0,0
12648,134,114,20,20
12649,28,63,-35,35
12650,96,86,10,10
12651,92,86,6,6
12652,53,48,5,5
12653,66,59,7,7
12654,79,71,8,8
12655,101,104,-3,3
12656,78,88,-10,10
12657,88,85,3,3
12658,136,116,20,20
12659,142,123,19,19
12660,73,59,14,14
12661,97,80,17,17
12662,80,70,10,10
12663,51,53,-2,2
12664,69,74,-5,5
12665,52,48,4,4
12666,57,54,3,3
12667,100,103,-3,3
12668,147,128,19,19
12669,129,117,12,12
12670,92,92,0,0
12671,107,86,21,21
12672,99,96,3,3
12673,89,86,3,3
12674,58,56,2,2
12675,103,82,21,21
12676,33,37,-4,4
12677,103,85,18,18
12678,88,80,8,8
12679,81,77,4,4
12680,53,51,2,2
12681,70,74,-4,4
12682,32,40,-8,8
12683,88,80,8,8
12684,99,104,-5,5
12685,110,95,15,15
12686,78,72,6,6
12687,99,89,10,10
12688,46,46,0,0
12689,136,109,27,27
12690,75,66,9,9
12691,117,89,28,28
12692,93,78,15,15
12693,132,119,13,13
12694,70,66,4,4
12695,69,68,1,1
12696,49,38,11,11
12697,71,61,10,10
12698,118,104,14,14
12699,97,89,8,8
12700,76,81,-5,5
12701,195,143,52,52
12702,128,112,16,16
12703,66,55,11,11
12704,120,107,13,13
12705,73,70,3,3
12706,62,63,-1,1
12707,104,84,20,20
12708,94,86,8,8
12709,94,80,14,14
12710,110,90,20,20
12711,96,83,13,13
12712,107,94,13,13
12713,77,77,0,0
12714,91,91,0,0
12715,63,55,8,8
12716,128,101,27,27
12717,77,68,9,9
12718,67,69,-2,2
12719,124,102,22,22
12720,94,83,11,11
12721,64,61,3,3
12722,74,71,3,3
12723,88,81,7,7
12724,70,68,2,2
12725,78,70,8,8
12726,66,71,-5,5
12727,104,97,7,7
12728,134,127,7,7
12729,92,81,11,11
12730,74,65,9,9
12731,93,81,12,12
12732,98,85,13,13
12733,100,81,19,19
12734,87,82,5,5
12735,101,85,16,16
12736,49,49,0,0
12737,121,105,16,16
12738,84,88,-4,4
12739,158,139,19,19
12740,115,94,21,21
12741,125,102,23,23
12742,53,44,9,9
12743,80,80,0,0
12744,68,60,8,8
12745,103,89,14,14
12746,107,97,10,10
12747,77,83,-6,6
12748,100,97,3,3
12749,120,115,5,5
12750,91,82,9,9
12751,77,58,19,19
12752,132,110,22,22
12753,131,113,18,18
12754,43,57,-14,14
12755,45,42,3,3
12756,124,105,19,19
12757,86,74,12,12
12758,107,91,16,16
12759,82,79,3,3
12760,204,168,36,36
12761,107,92,15,15
12762,120,112,8,8
12763,140,121,19,19
12764,153,126,27,27
12765,83,77,6,6
12766,47,42,5,5
12767,91,75,16,16
12768,68,53,15,15
12769,56,52,4,4
12770,77,77,0,0
12771,37,42,-5,5
12772,117,99,18,18
12773,85,78,7,7
12774,101,86,15,15
12775,67,69,-2,2
12776,118,116,2,2
12777,56,59,-3,3
12778,68,62,6,6
12779,65,64,1,1
12780,105,91,14,14
12781,102,99,3,3
12782,116,97,19,19
12783,69,63,6,6
12784,79,70,9,9
12785,105,93,12,12
12786,101,74,27,27
12787,106,86,20,20
12788,89,76,13,13
12789,77,72,5,5
12790,116,104,12,12
12791,111,94,17,17
12792,91,73,18,18
12793,74,65,9,9
12794,96,86,10,10
12795,119,113,6,6
12796,124,105,19,19
12797,83,72,11,11
12798,59,60,-1,1
12799,87,74,13,13
12800,55,54,1,1
12801,121,108,13,13
12802,94,82,12,12
12803,90,80,10,10
12804,181,150,31,31
12805,93,79,14,14
12806,72,69,3,3
12807,92,84,8,8
12808,153,126,27,27
12809,55,53,2,2
12810,61,62,-1,1
12811,99,86,13,13
12812,82,78,4,4
12813,102,84,18,18
12814,148,128,20,20
12815,112,99,13,13
12816,172,152,20,20
12817,133,119,14,14
12818,97,88,9,9
12819,70,68,2,2
12820,70,72,-2,2
12821,98,79,19,19
12822,96,96,0,0
12823,69,63,6,6
12824,90,76,14,14
12825,138,117,21,21
12826,132,115,17,17
12827,153,139,14,14
12828,86,71,15,15
12829,108,90,18,18
12830,80,81,-1,1
12831,154,121,33,33
12832,116,108,8,8
12833,103,90,13,13
12834,104,99,5,5
12835,116,98,18,18
12836,107,86,21,21
12837,96,80,16,16
12838,90,85,5,5
12839,50,52,-2,2
12840,104,94,10,10
12841,72,62,10,10
12842,106,88,18,18
12843,87,79,8,8
12844,124,111,13,13
12845,27,34,-7,7
12846,133,109,24,24
12847,122,99,23,23
12848,124,126,-2,2
12849,89,86,3,3
12850,97,113,-16,16
12851,84,83,1,1
12852,140,128,12,12
12853,136,116,20,20
12854,20,33,-13,13
12855,93,86,7,7
12856,85,79,6,6
12857,74,72,2,2
12858,103,86,17,17
12859,75,70,5,5
12860,46,45,1,1
12861,84,93,-9,9
12862,75,69,6,6
12863,53,50,3,3
12864,52,74,-22,22
12865,87,81,6,6
12866,109,88,21,21
12867,105,87,18,18
12868,67,64,3,3
12869,154,126,28,28
12870,84,79,5,5
12871,128,109,19,19
12872,113,109,4,4
12873,87,73,14,14
12874,101,96,5,5
12875,96,92,4,4
12876,39,43,-4,4
12877,133,117,16,16
12878,191,171,20,20
12879,60,59,1,1
12880,125,108,17,17
12881,75,73,2,2
12882,40,44,-4,4
12883,103,87,16,16
12884,79,71,8,8
12885,185,163,22,22
12886,124,104,20,20
12887,109,104,5,5
12888,89,89,0,0
12889,67,63,4,4
12890,47,43,4,4
12891,76,65,11,11
12892,122,113,9,9
12893,106,87,19,19
12894,142,115,27,27
12895,96,74,22,22
12896,52,49,3,3
12897,96,87,9,9
12898,117,109,8,8
12899,69,69,0,0
12900,89,75,14,14
12901,72,67,5,5
12902,180,152,28,28
12903,94,80,14,14
12904,53,56,-3,3
12905,93,89,4,4
12906,161,129,32,32
12907,137,121,16,16
12908,129,116,13,13
12909,89,77,12,12
12910,102,89,13,13
12911,159,140,19,19
12912,67,64,3,3
12913,67,72,-5,5
12914,97,87,10,10
12915,71,64,7,7
12916,153,133,20,20
12917,100,90,10,10
12918,92,89,3,3
12919,79,79,0,0
12920,79,75,4,4
12921,73,65,8,8
12922,133,118,15,15
12923,51,51,0,0
12924,139,118,21,21
12925,115,111,4,4
12926,89,80,9,9
12927,124,109,15,15
12928,90,80,10,10
12929,128,115,13,13
12930,131,111,20,20
12931,71,65,6,6
12932,113,97,16,16
12933,127,120,7,7
12934,61,62,-1,1
12935,113,101,12,12
12936,112,82,30,30
12937,75,68,7,7
12938,125,99,26,26
12939,73,68,5,5
12940,100,102,-2,2
12941,187,155,32,32
12942,101,88,13,13
12943,103,86,17,17
12944,99,97,2,2
12945,65,61,4,4
12946,116,101,15,15
12947,97,99,-2,2
12948,83,80,3,3
12949,90,91,-1,1
12950,101,92,9,9
12951,97,93,4,4
12952,107,95,12,12
12953,119,115,4,4
12954,78,67,11,11
12955,79,74,5,5
12956,74,73,1,1
12957,150,128,22,22
12958,83,85,-2,2
12959,131,127,4,4
12960,68,68,0,0
12961,222,169,53,53
12962,88,77,11,11
12963,109,91,18,18
12964,149,138,11,11
12965,82,81,1,1
12966,33,35,-2,2
12967,97,95,2,2
12968,88,82,6,6
12969,127,117,10,10
12970,70,66,4,4
12971,86,79,7,7
12972,63,58,5,5
12973,101,90,11,11
12974,85,79,6,6
12975,97,79,18,18
12976,68,63,5,5
12977,79,83,-4,4
12978,182,156,26,26
12979,68,67,1,1
12980,68,64,4,4
12981,81,71,10,10
12982,118,99,19,19
12983,93,85,8,8
12984,117,95,22,22
12985,144,128,16,16
12986,134,110,24,24
12987,69,64,5,5
12988,133,115,18,18
12989,88,83,5,5
12990,63,52,11,11
12991,116,106,10,10
12992,113,110,3,3
12993,103,85,18,18
12994,127,109,18,18
12995,116,103,13,13
12996,114,98,16,16
12997,123,104,19,19
12998,72,62,10,10
12999,107,90,17,17
13000,121,98,23,23
13001,100,82,18,18
13002,87,79,8,8
13003,102,86,16,16
13004,155,147,8,8
13005,72,73,-1,1
13006,84,77,7,7
13007,86,85,1,1
13008,115,108,7,7
13009,100,89,11,11
13010,81,67,14,14
13011,51,50,1,1
13012,54,50,4,4
13013,86,78,8,8
13014,92,84,8,8
13015,60,60,0,0
13016,112,101,11,11
13017,92,80,12,12
13018,87,79,8,8
13019,95,87,8,8
13020,80,71,9,9
13021,139,125,14,14
13022,103,88,15,15
13023,120,116,4,4
13024,75,78,-3,3
13025,51,43,8,8
13026,76,68,8,8
13027,67,67,0,0
13028,165,145,20,20
13029,84,80,4,4
13030,83,83,0,0
13031,61,55,6,6
13032,159,136,23,23
13033,64,71,-7,7
13034,140,123,17,17
13035,65,71,-6,6
13036,68,67,1,1
13037,67,57,10,10
13038,87,82,5,5
13039,109,99,10,10
13040,116,105,11,11
13041,94,99,-5,5
13042,135,111,24,24
13043,77,68,9,9
13044,55,50,5,5
13045,61,57,4,4
13046,73,71,2,2
13047,139,108,31,31
13048,106,106,0,0
13049,78,77,1,1
13050,74,60,14,14
13051,99,83,16,16
13052,88,85,3,3
13053,93,77,16,16
13054,69,60,9,9
13055,235,190,45,45
13056,83,78,5,5
13057,101,79,22,22
13058,66,67,-1,1
13059,58,54,4,4
13060,119,109,10,10
13061,129,113,16,16
13062,82,76,6,6
13063,168,142,26,26
13064,72,70,2,2
13065,125,104,21,21
13066,82,70,12,12
13067,97,82,15,15
13068,56,60,-4,4
13069,123,122,1,1
13070,79,66,13,13
13071,84,75,9,9
13072,112,99,13,13
13073,80,80,0,0
13074,106,94,12,12
13075,60,60,0,0
13076,72,69,3,3
13077,96,94,2,2
13078,60,44,16,16
13079,117,89,28,28
13080,66,68,-2,2
13081,78,74,4,4
13082,55,54,1,1
13083,164,130,34,34
13084,184,153,31,31
13085,78,74,4,4
13086,61,63,-2,2
13087,109,114,-5,5
13088,101,92,9,9
13089,79,72,7,7
13090,51,51,0,0
13091,64,57,7,7
13092,62,59,3,3
13093,144,126,18,18
13094,57,56,1,1
13095,50,47,3,3
13096,81,73,8,8
13097,99,91,8,8
13098,97,89,8,8
13099,129,102,27,27
13100,104,89,15,15
13101,93,91,2,2
13102,84,72,12,12
13103,90,84,6,6
13104,112,106,6,6
13105,69,64,5,5
13106,69,68,1,1
13107,107,82,25,25
13108,145,112,33,33
13109,84,70,14,14
13110,51,49,2,2
13111,100,84,16,16
13112,82,81,1,1
13113,71,78,-7,7
13114,104,88,16,16
13115,67,72,-5,5
13116,89,84,5,5
13117,61,66,-5,5
13118,74,73,1,1
13119,101,98,3,3
13120,67,70,-3,3
13121,72,72,0,0
13122,70,65,5,5
13123,158,141,17,17
13124,94,85,9,9
13125,84,74,10,10
13126,120,109,11,11
13127,152,137,15,15
13128,137,117,20,20
13129,82,81,1,1
13130,116,102,14,14
13131,112,98,14,14
13132,99,83,16,16
13133,150,137,13,13
13134,66,55,11,11
13135,81,67,14,14
13136,50,49,1,1
13137,133,120,13,13
13138,65,62,3,3
13139,65,60,5,5
13140,80,74,6,6
13141,53,42,11,11
13142,108,90,18,18
13143,80,59,21,21
13144,126,119,7,7
13145,73,73,0,0
13146,58,54,4,4
13147,80,72,8,8
13148,62,59,3,3
13149,64,62,2,2
13150,55,51,4,4
13151,81,75,6,6
13152,97,90,7,7
13153,78,67,11,11
13154,101,82,19,19
13155,72,73,-1,1
13156,112,97,15,15
13157,84,79,5,5
13158,68,66,2,2
13159,102,96,6,6
13160,117,115,2,2
13161,88,76,12,12
13162,127,102,25,25
13163,64,53,11,11
13164,87,81,6,6
13165,80,75,5,5
13166,101,81,20,20
13167,122,106,16,16
13168,67,58,9,9
13169,131,116,15,15
13170,97,84,13,13
13171,135,109,26,26
13172,88,80,8,8
13173,115,115,0,0
13174,134,108,26,26
13175,116,106,10,10
13176,79,75,4,4
13177,45,42,3,3
13178,100,90,10,10
13179,85,95,-10,10
13180,63,64,-1,1
13181,89,81,8,8
13182,76,73,3,3
13183,138,113,25,25
13184,123,112,11,11
13185,74,73,1,1
13186,43,52,-9,9
13187,66,68,-2,2
13188,86,98,-12,12
13189,115,114,1,1
13190,30,41,-11,11
13191,66,65,1,1
13192,208,154,54,54
13193,90,81,9,9
13194,71,61,10,10
13195,94,78,16,16
13196,171,146,25,25
13197,55,50,5,5
13198,43,40,3,3
13199,67,66,1,1
13200,143,113,30,30
13201,98,89,9,9
13202,100,87,13,13
13203,108,94,14,14
13204,91,74,17,17
13205,131,119,12,12
13206,79,63,16,16
13207,153,140,13,13
13208,37,39,-2,2
13209,46,40,6,6
13210,241,195,46,46
13211,89,80,9,9
13212,72,64,8,8
13213,100,85,15,15
13214,83,76,7,7
13215,98,92,6,6
13216,128,112,16,16
13217,162,108,54,54
13218,81,72,9,9
13219,98,86,12,12
13220,70,73,-3,3
13221,182,149,33,33
13222,71,66,5,5
13223,173,155,18,18
13224,54,54,0,0
13225,66,65,1,1
13226,85,72,13,13
13227,93,84,9,9
13228,71,101,-30,30
13229,163,144,19,19
13230,86,75,11,11
13231,74,68,6,6
13232,148,136,12,12
13233,112,100,12,12
13234,90,74,16,16
13235,64,56,8,8
13236,78,86,-8,8
13237,115,107,8,8
13238,105,89,16,16
13239,90,82,8,8
13240,117,100,17,17
13241,103,84,19,19
13242,139,139,0,0
13243,107,100,7,7
13244,118,116,2,2
13245,94,77,17,17
13246,56,51,5,5
13247,97,86,11,11
13248,77,65,12,12
13249,117,87,30,30
13250,125,114,11,11
13251,67,67,0,0
13252,73,66,7,7
13253,152,126,26,26
13254,73,65,8,8
13255,121,106,15,15
13256,166,151,15,15
13257,90,82,8,8
13258,96,93,3,3
13259,149,139,10,10
13260,61,61,0,0
13261,144,120,24,24
13262,121,110,11,11
13263,131,107,24,24
13264,58,49,9,9
13265,51,51,0,0
13266,54,63,-9,9
13267,72,69,3,3
13268,99,94,5,5
13269,124,101,23,23
13270,105,95,10,10
13271,100,87,13,13
13272,153,135,18,18
13273,76,73,3,3
13274,120,100,20,20
13275,94,84,10,10
13276,85,73,12,12
13277,84,82,2,2
13278,53,62,-9,9
13279,106,100,6,6
13280,108,101,7,7
13281,140,116,24,24
13282,113,100,13,13
13283,57,65,-8,8
13284,108,96,12,12
13285,123,101,22,22
13286,108,92,16,16
13287,83,75,8,8
13288,99,77,22,22
13289,78,73,5,5
13290,96,89,7,7
13291,58,53,5,5
13292,82,73,9,9
13293,148,133,15,15
13294,86,85,1,1
13295,81,66,15,15
13296,119,107,12,12
13297,97,93,4,4
13298,118,106,12,12
13299,92,80,12,12
13300,102,99,3,3
13301,72,69,3,3
13302,64,58,6,6
13303,86,80,6,6
13304,57,62,-5,5
13305,102,91,11,11
13306,67,57,10,10
13307,88,83,5,5
13308,139,108,31,31
13309,61,60,1,1
13310,77,70,7,7
13311,158,142,16,16
13312,130,107,23,23
13313,132,122,10,10
13314,187,165,22,22
13315,79,69,10,10
13316,96,94,2,2
13317,76,70,6,6
13318,71,66,5,5
13319,78,75,3,3
13320,209,179,30,30
13321,75,69,6,6
13322,146,119,27,27
13323,100,89,11,11
13324,80,80,0,0
13325,70,66,4,4
13326,65,64,1,1
13327,95,91,4,4
13328,80,72,8,8
13329,69,65,4,4
13330,132,124,8,8
13331,77,65,12,12
13332,98,84,14,14
13333,94,87,7,7
13334,86,79,7,7
13335,90,76,14,14
13336,75,66,9,9
13337,130,97,33,33
13338,87,85,2,2
13339,141,116,25,25
13340,161,131,30,30
13341,68,70,-2,2
13342,97,83,14,14
13343,125,105,20,20
13344,36,41,-5,5
13345,115,100,15,15
13346,68,54,14,14
13347,106,91,15,15
13348,96,101,-5,5
13349,82,75,7,7
13350,73,62,11,11
13351,89,72,17,17
13352,75,64,11,11
13353,85,85,0,0
13354,134,131,3,3
13355,90,76,14,14
13356,83,79,4,4
13357,129,97,32,32
13358,140,129,11,11
13359,60,55,5,5
13360,82,70,12,12
13361,153,140,13,13
13362,80,82,-2,2
13363,119,109,10,10
13364,108,94,14,14
13365,54,54,0,0
13366,99,94,5,5
13367,130,144,-14,14
13368,100,89,11,11
13369,59,51,8,8
13370,84,84,0,0
13371,117,105,12,12
13372,60,59,1,1
13373,55,53,2,2
13374,96,89,7,7
13375,73,74,-1,1
13376,64,68,-4,4
13377,75,66,9,9
13378,55,49,6,6
13379,90,79,11,11
13380,142,132,10,10
13381,139,124,15,15
13382,118,99,19,19
13383,120,103,17,17
13384,112,102,10,10
13385,43,44,-1,1
13386,106,97,9,9
13387,187,160,27,27
13388,117,108,9,9
13389,111,100,11,11
13390,188,162,26,26
13391,156,122,34,34
13392,136,126,10,10
13393,88,84,4,4
13394,29,34,-5,5
13395,107,87,20,20
13396,113,88,25,25
13397,93,82,11,11
13398,81,76,5,5
13399,22,34,-12,12
13400,69,64,5,5
13401,168,142,26,26
13402,147,122,25,25
13403,105,103,2,2
13404,145,119,26,26
13405,58,60,-2,2
13406,60,60,0,0
13407,150,143,7,7
13408,70,63,7,7
13409,69,66,3,3
13410,140,125,15,15
13411,88,75,13,13
13412,120,107,13,13
13413,63,58,5,5
13414,81,81,0,0
13415,66,57,9,9
13416,91,79,12,12
13417,131,124,7,7
13418,126,96,30,30
13419,138,125,13,13
13420,103,96,7,7
13421,103,92,11,11
13422,50,61,-11,11
13423,64,67,-3,3
13424,75,73,2,2
13425,67,62,5,5
13426,97,85,12,12
13427,109,100,9,9
13428,137,117,20,20
13429,71,64,7,7
13430,98,81,17,17
13431,82,90,-8,8
13432,65,65,0,0
13433,117,94,23,23
13434,148,138,10,10
13435,190,150,40,40
13436,84,74,10,10
13437,110,94,16,16
13438,138,120,18,18
13439,74,68,6,6
13440,130,105,25,25
13441,79,71,8,8
13442,92,101,-9,9
13443,137,127,10,10
13444,104,84,20,20
13445,160,121,39,39
13446,90,80,10,10
13447,101,91,10,10
13448,123,111,12,12
13449,73,68,5,5
13450,66,64,2,2
13451,124,110,14,14
13452,173,146,27,27
13453,142,116,26,26
13454,32,37,-5,5
13455,104,89,15,15
13456,65,77,-12,12
13457,60,57,3,3
13458,71,71,0,0
13459,56,51,5,5
13460,122,109,13,13
13461,135,131,4,4
13462,162,143,19,19
13463,96,100,-4,4
13464,126,119,7,7
13465,74,71,3,3
13466,102,97,5,5
13467,80,73,7,7
13468,88,76,12,12
13469,92,74,18,18
13470,107,100,7,7
13471,87,79,8,8
13472,58,55,3,3
13473,80,67,13,13
13474,79,66,13,13
13475,114,109,5,5
13476,78,80,-2,2
13477,75,73,2,2
13478,168,153,15,15
13479,114,101,13,13
13480,59,63,-4,4
13481,152,141,11,11
13482,66,61,5,5
13483,98,82,16,16
13484,70,67,3,3
13485,101,82,19,19
13486,130,117,13,13
13487,114,97,17,17
13488,63,62,1,1
13489,181,153,28,28
13490,86,79,7,7
13491,107,108,-1,1
13492,59,57,2,2
13493,74,67,7,7
13494,134,121,13,13
13495,199,150,49,49
13496,58,59,-1,1
13497,99,90,9,9
13498,103,99,4,4
13499,183,146,37,37
13500,96,89,7,7
13501,99,93,6,6
13502,113,94,19,19
13503,88,72,16,16
13504,88,84,4,4
13505,128,110,18,18
13506,82,83,-1,1
13507,80,72,8,8
13508,53,54,-1,1
13509,47,46,1,1
13510,102,82,20,20
13511,97,87,10,10
13512,68,65,3,3
13513,125,104,21,21
13514,110,107,3,3
13515,77,67,10,10
13516,127,104,23,23
13517,87,79,8,8
13518,107,85,22,22
13519,105,101,4,4
13520,153,114,39,39
13521,61,62,-1,1
13522,33,71,-38,38
13523,146,125,21,21
13524,100,97,3,3
13525,170,137,33,33
13526,134,111,23,23
13527,78,90,-12,12
13528,73,61,12,12
13529,60,56,4,4
13530,64,58,6,6
13531,99,85,14,14
13532,80,83,-3,3
13533,65,60,5,5
13534,67,57,10,10
13535,141,116,25,25
13536,60,62,-2,2
13537,138,128,10,10
13538,154,137,17,17
13539,58,55,3,3
13540,114,111,3,3
13541,132,110,22,22
13542,98,90,8,8
13543,80,78,2,2
13544,105,96,9,9
13545,84,81,3,3
13546,78,74,4,4
13547,154,130,24,24
13548,67,67,0,0
13549,95,96,-1,1
13550,125,107,18,18
13551,128,109,19,19
13552,42,41,1,1
13553,204,175,29,29
13554,98,88,10,10
13555,112,99,13,13
13556,132,112,20,20
13557,139,117,22,22
13558,93,81,12,12
13559,146,126,20,20
13560,56,54,2,2
13561,65,58,7,7
13562,124,104,20,20
13563,103,94,9,9
13564,86,73,13,13
13565,60,63,-3,3
13566,98,91,7,7
13567,80,109,-29,29
13568,89,91,-2,2
13569,148,118,30,30
13570,40,43,-3,3
13571,80,81,-1,1
13572,70,73,-3,3
13573,82,67,15,15
13574,133,129,4,4
13575,75,74,1,1
13576,75,66,9,9
13577,120,93,27,27
13578,50,52,-2,2
13579,111,113,-2,2
13580,86,78,8,8
13581,115,108,7,7
13582,63,55,8,8
13583,93,86,7,7
13584,104,86,18,18
13585,153,136,17,17
13586,51,52,-1,1
13587,128,105,23,23
13588,92,82,10,10
13589,51,53,-2,2
13590,84,77,7,7
13591,104,92,12,12
13592,101,85,16,16
13593,83,82,1,1
13594,69,70,-1,1
13595,96,84,12,12
13596,83,76,7,7
13597,54,66,-12,12
13598,83,65,18,18
13599,54,46,8,8
13600,61,56,5,5
13601,116,94,22,22
13602,113,93,20,20
13603,76,65,11,11
13604,87,76,11,11
13605,59,54,5,5
13606,141,123,18,18
13607,97,91,6,6
13608,89,76,13,13
13609,131,118,13,13
13610,71,63,8,8
13611,60,52,8,8
13612,39,43,-4,4
13613,68,70,-2,2
13614,61,57,4,4
13615,107,91,16,16
13616,95,85,10,10
13617,94,101,-7,7
13618,82,79,3,3
13619,110,102,8,8
13620,113,104,9,9
13621,107,91,16,16
13622,161,131,30,30
13623,180,143,37,37
13624,101,93,8,8
13625,88,77,11,11
13626,87,78,9,9
13627,115,104,11,11
13628,121,105,16,16
13629,139,122,17,17
13630,123,110,13,13
13631,63,57,6,6
13632,122,101,21,21
13633,68,65,3,3
13634,110,91,19,19
13635,57,74,-17,17
13636,82,69,13,13
13637,95,86,9,9
13638,134,120,14,14
13639,98,81,17,17
13640,128,110,18,18
13641,95,86,9,9
13642,104,113,-9,9
13643,175,145,30,30
13644,109,89,20,20
13645,164,131,33,33
13646,118,100,18,18
13647,70,68,2,2
13648,54,59,-5,5
13649,145,128,17,17
13650,68,62,6,6
13651,82,74,8,8
13652,61,56,5,5
13653,92,84,8,8
13654,89,78,11,11
13655,96,84,12,12
13656,122,104,18,18
13657,79,72,7,7
13658,75,69,6,6
13659,108,96,12,12
13660,43,44,-1,1
13661,67,63,4,4
13662,75,74,1,1
13663,67,62,5,5
13664,88,84,4,4
13665,55,53,2,2
13666,96,97,-1,1
13667,60,58,2,2
13668,125,105,20,20
13669,56,59,-3,3
13670,111,99,12,12
13671,105,107,-2,2
13672,77,89,-12,12
13673,89,84,5,5
13674,79,75,4,4
13675,107,100,7,7
13676,124,105,19,19
13677,119,106,13,13
13678,57,74,-17,17
13679,127,111,16,16
13680,64,68,-4,4
13681,96,90,6,6
13682,89,74,15,15
13683,71,68,3,3
13684,76,69,7,7
13685,110,101,9,9
13686,120,118,2,2
13687,98,83,15,15
13688,84,82,2,2
13689,233,193,40,40
13690,75,64,11,11
13691,107,83,24,24
13692,76,71,5,5
13693,84,80,4,4
13694,86,78,8,8
13695,103,86,17,17
13696,106,88,18,18
13697,150,116,34,34
13698,73,67,6,6
13699,130,127,3,3
13700,132,107,25,25
13701,139,121,18,18
13702,115,103,12,12
13703,155,133,22,22
13704,75,75,0,0
13705,70,67,3,3
13706,127,106,21,21
13707,65,58,7,7
13708,100,98,2,2
13709,170,145,25,25
13710,135,120,15,15
13711,75,69,6,6
13712,164,152,12,12
13713,125,102,23,23
13714,104,103,1,1
13715,53,49,4,4
13716,146,127,19,19
13717,102,80,22,22
13718,70,70,0,0
13719,54,54,0,0
13720,108,97,11,11
13721,97,90,7,7
13722,104,91,13,13
13723,140,126,14,14
13724,94,95,-1,1
13725,62,70,-8,8
13726,105,87,18,18
13727,48,44,4,4
13728,63,62,1,1
13729,64,50,14,14
13730,51,48,3,3
13731,63,56,7,7
13732,121,107,14,14
13733,120,103,17,17
13734,86,79,7,7
13735,91,84,7,7
13736,55,58,-3,3
13737,98,89,9,9
13738,69,57,12,12
13739,45,39,6,6
13740,126,123,3,3
13741,169,144,25,25
13742,95,81,14,14
13743,106,99,7,7
13744,91,78,13,13
13745,126,105,21,21
13746,67,65,2,2
13747,55,56,-1,1
13748,74,72,2,2
13749,87,69,18,18
13750,87,79,8,8
13751,83,68,15,15
13752,114,113,1,1
13753,125,115,10,10
13754,120,104,16,16
13755,86,75,11,11
13756,66,65,1,1
13757,106,94,12,12
13758,62,54,8,8
13759,87,99,-12,12
13760,68,58,10,10
13761,77,71,6,6
13762,106,92,14,14
13763,101,89,12,12
13764,93,80,13,13
13765,63,77,-14,14
13766,53,56,-3,3
13767,116,107,9,9
13768,116,104,12,12
13769,92,106,-14,14
13770,80,76,4,4
13771,93,85,8,8
13772,129,110,19,19
13773,97,87,10,10
13774,51,56,-5,5
13775,98,82,16,16
13776,80,98,-18,18
13777,74,69,5,5
13778,157,129,28,28
13779,163,148,15,15
13780,62,61,1,1
13781,107,96,11,11
13782,107,87,20,20
13783,107,95,12,12
13784,83,76,7,7
13785,117,94,23,23
13786,94,90,4,4
13787,65,62,3,3
13788,61,62,-1,1
13789,79,76,3,3
13790,137,124,13,13
13791,141,119,22,22
13792,95,86,9,9
13793,101,92,9,9
13794,95,89,6,6
13795,142,114,28,28
13796,107,86,21,21
13797,80,72,8,8
13798,91,85,6,6
13799,71,66,5,5
13800,81,74,7,7
13801,96,83,13,13
13802,151,128,23,23
13803,75,77,-2,2
13804,69,67,2,2
13805,70,66,4,4
13806,66,65,1,1
13807,100,93,7,7
13808,107,93,14,14
13809,116,101,15,15
13810,59,59,0,0
13811,90,84,6,6
13812,60,51,9,9
13813,55,52,3,3
13814,66,66,0,0
13815,90,85,5,5
13816,80,79,1,1
13817,151,79,72,72
13818,91,82,9,9
13819,59,55,4,4
13820,73,68,5,5
13821,51,54,-3,3
13822,95,88,7,7
13823,92,83,9,9
13824,61,57,4,4
13825,80,74,6,6
13826,107,108,-1,1
13827,79,73,6,6
13828,167,135,32,32
13829,58,56,2,2
13830,104,91,13,13
13831,106,106,0,0
13832,61,52,9,9
13833,111,106,5,5
13834,97,101,-4,4
13835,101,91,10,10
13836,67,67,0,0
13837,56,56,0,0
13838,57,53,4,4
13839,82,61,21,21
13840,95,85,10,10
13841,69,69,0,0
13842,58,58,0,0
13843,105,91,14,14
13844,163,130,33,33
13845,61,61,0,0
13846,90,70,20,20
13847,220,181,39,39
13848,96,76,20,20
13849,44,44,0,0
13850,59,56,3,3
13851,60,58,2,2
13852,64,62,2,2
13853,94,85,9,9
13854,151,126,25,25
13855,75,69,6,6
13856,75,69,6,6
13857,79,67,12,12
13858,70,71,-1,1
13859,107,99,8,8
13860,145,123,22,22
13861,70,61,9,9
13862,75,63,12,12
13863,141,120,21,21
13864,66,64,2,2
13865,79,66,13,13
13866,111,91,20,20
13867,112,94,18,18
13868,125,120,5,5
13869,121,116,5,5
13870,108,94,14,14
13871,74,77,-3,3
13872,106,100,6,6
13873,118,107,11,11
13874,162,131,31,31
13875,142,97,45,45
13876,65,63,2,2
13877,59,52,7,7
13878,91,76,15,15
13879,75,67,8,8
13880,125,107,18,18
13881,146,120,26,26
13882,84,75,9,9
13883,95,85,10,10
13884,88,75,13,13
13885,95,82,13,13
13886,54,57,-3,3
13887,68,56,12,12
13888,250,220,30,30
13889,64,60,4,4
13890,89,78,11,11
13891,63,60,3,3
13892,47,58,-11,11
13893,113,103,10,10
13894,118,98,20,20
13895,77,69,8,8
13896,175,141,34,34
13897,87,78,9,9
13898,85,79,6,6
13899,107,88,19,19
13900,77,60,17,17
13901,112,109,3,3
13902,67,66,1,1
13903,124,120,4,4
13904,69,63,6,6
13905,170,150,20,20
13906,91,73,18,18
13907,69,65,4,4
13908,69,58,11,11
13909,102,93,9,9
13910,87,90,-3,3
13911,61,59,2,2
13912,140,108,32,32
13913,56,57,-1,1
13914,50,47,3,3
13915,71,61,10,10
13916,46,48,-2,2
13917,102,94,8,8
13918,72,63,9,9
13919,102,96,6,6
13920,98,87,11,11
13921,114,106,8,8
13922,83,79,4,4
13923,75,72,3,3
13924,92,78,14,14
13925,107,99,8,8
13926,166,138,28,28
13927,72,70,2,2
13928,43,50,-7,7
13929,98,77,21,21
13930,141,121,20,20
13931,112,90,22,22
13932,149,131,18,18
13933,17,34,-17,17
13934,63,67,-4,4
13935,127,110,17,17
13936,128,114,14,14
13937,64,62,2,2
13938,59,58,1,1
13939,45,53,-8,8
13940,104,91,13,13
13941,82,73,9,9
13942,52,44,8,8
13943,96,79,17,17
13944,108,96,12,12
13945,122,110,12,12
13946,105,93,12,12
13947,72,70,2,2
13948,75,66,9,9
13949,111,100,11,11
13950,86,76,10,10
13951,121,109,12,12
13952,86,76,10,10
13953,66,58,8,8
13954,93,84,9,9
13955,128,123,5,5
13956,142,120,22,22
13957,87,69,18,18
13958,84,76,8,8
13959,103,96,7,7
13960,113,94,19,19
13961,136,122,14,14
13962,74,66,8,8
13963,108,111,-3,3
13964,89,84,5,5
13965,84,78,6,6
13966,98,87,11,11
13967,51,53,-2,2
13968,53,45,8,8
13969,88,81,7,7
13970,96,81,15,15
13971,105,103,2,2
13972,95,81,14,14
13973,119,90,29,29
13974,79,67,12,12
13975,110,84,26,26
13976,68,61,7,7
13977,98,90,8,8
13978,162,148,14,14
13979,124,113,11,11
13980,54,48,6,6
13981,89,89,0,0
13982,55,56,-1,1
13983,147,117,30,30
13984,118,98,20,20
13985,28,36,-8,8
13986,115,102,13,13
13987,87,79,8,8
13988,129,110,19,19
13989,100,87,13,13
13990,119,106,13,13
13991,95,86,9,9
13992,130,115,15,15
13993,57,47,10,10
13994,103,85,18,18
13995,100,87,13,13
13996,95,84,11,11
13997,61,56,5,5
13998,59,59,0,0
13999,126,105,21,21
14000,162,150,12,12
14001,98,90,8,8
14002,134,105,29,29
14003,118,103,15,15
14004,57,56,1,1
14005,84,83,1,1
14006,84,74,10,10
14007,120,119,1,1
14008,163,143,20,20
14009,64,63,1,1
14010,83,71,12,12
14011,69,76,-7,7
14012,135,93,42,42
14013,86,75,11,11
14014,60,48,12,12
14015,77,76,1,1
14016,92,85,7,7
14017,85,73,12,12
14018,161,138,23,23
14019,126,104,22,22
14020,63,60,3,3
14021,93,93,0,0
14022,73,66,7,7
14023,107,97,10,10
14024,74,71,3,3
14025,73,60,13,13
14026,108,86,22,22
14027,182,153,29,29
14028,134,111,23,23
14029,67,65,2,2
14030,91,80,11,11
14031,131,140,-9,9
14032,146,124,22,22
14033,80,72,8,8
14034,139,118,21,21
14035,188,166,22,22
14036,150,127,23,23
14037,74,67,7,7
14038,115,106,9,9
14039,87,75,12,12
14040,83,66,17,17
14041,71,64,7,7
14042,95,87,8,8
14043,110,93,17,17
14044,91,82,9,9
14045,108,96,12,12
14046,51,49,2,2
14047,71,69,2,2
14048,50,49,1,1
14049,66,66,0,0
14050,56,61,-5,5
14051,108,100,8,8
14052,114,99,15,15
14053,86,70,16,16
14054,88,79,9,9
14055,66,56,10,10
14056,111,102,9,9
14057,53,54,-1,1
14058,94,85,9,9
14059,74,68,6,6
14060,129,120,9,9
14061,75,74,1,1
14062,198,162,36,36
14063,76,67,9,9
14064,94,86,8,8
14065,70,61,9,9
14066,172,134,38,38
14067,61,57,4,4
14068,80,73,7,7
14069,102,86,16,16
14070,114,104,10,10
14071,70,66,4,4
14072,75,76,-1,1
14073,112,98,14,14
14074,44,47,-3,3
14075,145,149,-4,4
14076,68,85,-17,17
14077,148,128,20,20
14078,56,55,1,1
14079,81,75,6,6
14080,73,69,4,4
14081,122,113,9,9
14082,75,77,-2,2
14083,121,116,5,5
14084,139,128,11,11
14085,63,59,4,4
14086,125,115,10,10
14087,85,76,9,9
14088,112,109,3,3
14089,114,100,14,14
14090,134,114,20,20
14091,98,99,-1,1
14092,75,76,-1,1
14093,135,108,27,27
14094,96,89,7,7
14095,102,91,11,11
14096,150,137,13,13
14097,186,149,37,37
14098,63,55,8,8
14099,116,98,18,18
14100,83,67,16,16
14101,110,87,23,23
14102,104,91,13,13
14103,71,65,6,6
14104,111,108,3,3
14105,106,102,4,4
14106,147,134,13,13
14107,67,64,3,3
14108,212,178,34,34
14109,83,78,5,5
14110,174,133,41,41
14111,113,116,-3,3
14112,68,73,-5,5
14113,159,147,12,12
14114,52,58,-6,6
14115,123,111,12,12
14116,112,100,12,12
14117,69,72,-3,3
14118,61,59,2,2
14119,63,59,4,4
14120,70,66,4,4
14121,65,66,-1,1
14122,145,134,11,11
14123,121,111,10,10
14124,60,52,8,8
14125,187,153,34,34
14126,24,33,-9,9
14127,136,122,14,14
14128,65,71,-6,6
14129,67,63,4,4
14130,189,164,25,25
14131,83,93,-10,10
14132,76,72,4,4
14133,91,82,9,9
14134,74,80,-6,6
14135,55,60,-5,5
14136,107,91,16,16
14137,160,138,22,22
14138,149,124,25,25
14139,96,83,13,13
14140,88,80,8,8
14141,118,105,13,13
14142,91,82,9,9
14143,92,84,8,8
14144,74,69,5,5
14145,118,111,7,7
14146,81,89,-8,8
14147,95,85,10,10
14148,68,66,2,2
14149,132,107,25,25
14150,49,44,5,5
14151,115,105,10,10
14152,148,130,18,18
14153,109,114,-5,5
14154,104,87,17,17
14155,159,144,15,15
14156,83,68,15,15
14157,47,44,3,3
14158,92,82,10,10
14159,101,95,6,6
14160,57,54,3,3
14161,40,45,-5,5
14162,153,127,26,26
14163,163,126,37,37
14164,66,62,4,4
14165,90,79,11,11
14166,55,47,8,8
14167,52,57,-5,5
14168,96,86,10,10
14169,115,104,11,11
14170,47,46,1,1
14171,77,83,-6,6
14172,76,75,1,1
14173,115,107,8,8
14174,93,89,4,4
14175,120,86,34,34
14176,83,82,1,1
14177,119,104,15,15
14178,40,46,-6,6
14179,47,48,-1,1
14180,55,51,4,4
14181,96,87,9,9
14182,88,84,4,4
14183,74,80,-6,6
14184,80,79,1,1
14185,68,61,7,7
14186,144,124,20,20
14187,101,87,14,14
14188,116,104,12,12
14189,63,59,4,4
14190,51,48,3,3
14191,123,111,12,12
14192,145,127,18,18
14193,107,88,19,19
14194,109,97,12,12
14195,115,104,11,11
14196,59,54,5,5
14197,63,66,-3,3
14198,190,166,24,24
14199,69,63,6,6
14200,77,70,7,7
14201,78,78,0,0
14202,85,86,-1,1
14203,112,85,27,27
14204,82,77,5,5
14205,150,130,20,20
14206,72,70,2,2
14207,105,99,6,6
14208,80,73,7,7
14209,39,40,-1,1
14210,102,101,1,1
14211,68,68,0,0
14212,95,83,12,12
14213,24,33,-9,9
14214,50,49,1,1
14215,66,55,11,11
14216,69,68,1,1
14217,120,100,20,20
14218,140,111,29,29
14219,69,68,1,1
14220,187,135,52,52
14221,107,94,13,13
14222,67,62,5,5
14223,126,115,11,11
14224,112,111,1,1
14225,93,93,0,0
14226,89,84,5,5
14227,93,92,1,1
14228,48,45,3,3
14229,153,131,22,22
14230,67,62,5,5
14231,48,48,0,0
14232,58,63,-5,5
14233,179,149,30,30
14234,91,83,8,8
14235,123,111,12,12
14236,70,69,1,1
14237,32,36,-4,4
14238,96,77,19,19
14239,53,53,0,0
14240,99,90,9,9
14241,133,109,24,24
14242,77,78,-1,1
14243,47,52,-5,5
14244,55,52,3,3
14245,85,71,14,14
14246,135,118,17,17
14247,103,89,14,14
14248,62,68,-6,6
14249,73,67,6,6
14250,117,117,0,0
14251,112,98,14,14
14252,34,34,0,0
14253,46,46,0,0
14254,68,61,7,7
14255,42,39,3,3
14256,88,96,-8,8
14257,88,80,8,8
14258,78,74,4,4
14259,74,73,1,1
14260,145,122,23,23
14261,144,127,17,17
14262,146,133,13,13
14263,50,50,0,0
14264,134,105,29,29
14265,81,70,11,11
14266,81,70,11,11
14267,64,60,4,4
14268,134,118,16,16
14269,177,154,23,23
14270,115,95,20,20
14271,105,97,8,8
14272,142,124,18,18
14273,104,92,12,12
14274,74,76,-2,2
14275,177,144,33,33
14276,47,45,2,2
14277,127,118,9,9
14278,186,153,33,33
14279,81,85,-4,4
14280,78,70,8,8
14281,155,126,29,29
14282,170,119,51,51
14283,97,85,12,12
14284,94,81,13,13
14285,77,75,2,2
14286,83,75,8,8
14287,109,96,13,13
14288,92,85,7,7
14289,93,85,8,8
14290,63,79,-16,16
14291,85,79,6,6
14292,92,89,3,3
14293,68,54,14,14
14294,111,106,5,5
14295,181,155,26,26
14296,57,52,5,5
14297,93,92,1,1
14298,68,71,-3,3
14299,95,92,3,3
14300,123,99,24,24
14301,58,58,0,0
14302,159,128,31,31
14303,97,79,18,18
14304,82,75,7,7
14305,70,61,9,9
14306,87,70,17,17
14307,63,61,2,2
14308,138,121,17,17
14309,124,112,12,12
14310,90,81,9,9
14311,72,63,9,9
14312,82,83,-1,1
14313,102,105,-3,3
14314,149,119,30,30
14315,127,107,20,20
14316,127,95,32,32
14317,80,72,8,8
14318,79,65,14,14
14319,126,116,10,10
14320,160,139,21,21
14321,88,81,7,7
14322,57,44,13,13
14323,117,106,11,11
14324,88,75,13,13
14325,117,106,11,11
14326,108,97,11,11
14327,122,119,3,3
14328,126,105,21,21
14329,137,120,17,17
14330,119,93,26,26
14331,94,87,7,7
14332,89,66,23,23
14333,65,58,7,7
14334,80,72,8,8
14335,73,71,2,2
14336,137,109,28,28
14337,112,102,10,10
14338,93,85,8,8
14339,121,95,26,26
14340,94,88,6,6
14341,74,71,3,3
14342,126,109,17,17
14343,102,85,17,17
14344,61,54,7,7
14345,107,101,6,6
14346,187,155,32,32
14347,129,110,19,19
14348,96,91,5,5
14349,85,71,14,14
14350,89,85,4,4
14351,65,54,11,11
14352,67,69,-2,2
14353,95,82,13,13
14354,90,75,15,15
14355,70,79,-9,9
14356,51,55,-4,4
14357,67,70,-3,3
14358,105,86,19,19
14359,72,80,-8,8
14360,73,60,13,13
14361,90,82,8,8
14362,60,52,8,8
14363,125,108,17,17
14364,128,107,21,21
14365,114,100,14,14
14366,80,63,17,17
14367,130,105,25,25
14368,170,165,5,5
14369,163,137,26,26
14370,121,97,24,24
14371,65,64,1,1
14372,110,98,12,12
14373,86,79,7,7
14374,136,122,14,14
14375,95,87,8,8
14376,82,73,9,9
14377,117,100,17,17
14378,122,111,11,11
14379,61,53,8,8
14380,49,48,1,1
14381,188,149,39,39
14382,61,62,-1,1
14383,164,144,20,20
14384,64,65,-1,1
14385,100,84,16,16
14386,75,68,7,7
14387,90,78,12,12
14388,83,71,12,12
14389,74,75,-1,1
14390,88,79,9,9
14391,110,90,20,20
14392,104,90,14,14
14393,61,62,-1,1
14394,80,80,0,0
14395,121,101,20,20
14396,72,68,4,4
14397,80,73,7,7
14398,38,37,1,1
14399,136,107,29,29
14400,85,82,3,3
14401,86,78,8,8
14402,129,112,17,17
14403,58,55,3,3
14404,73,72,1,1
14405,135,122,13,13
14406,106,106,0,0
14407,53,52,1,1
14408,54,55,-1,1
14409,62,71,-9,9
14410,91,88,3,3
14411,61,56,5,5
14412,56,59,-3,3
14413,53,51,2,2
14414,67,62,5,5
14415,81,79,2,2
14416,77,77,0,0
14417,92,85,7,7
14418,181,149,32,32
14419,68,67,1,1
14420,73,71,2,2
14421,102,87,15,15
14422,85,78,7,7
14423,78,73,5,5
14424,85,72,13,13
14425,86,85,1,1
14426,61,56,5,5
14427,60,58,2,2
14428,70,75,-5,5
14429,63,63,0,0
14430,141,133,8,8
14431,82,71,11,11
14432,125,105,20,20
14433,25,33,-8,8
14434,124,105,19,19
14435,42,42,0,0
14436,123,116,7,7
14437,50,55,-5,5
14438,94,91,3,3
14439,175,148,27,27
14440,119,110,9,9
14441,97,91,6,6
14442,112,99,13,13
14443,105,95,10,10
14444,85,75,10,10
14445,117,110,7,7
14446,140,120,20,20
14447,117,97,20,20
14448,45,43,2,2
14449,73,71,2,2
14450,71,76,-5,5
14451,41,40,1,1
14452,134,113,21,21
14453,102,94,8,8
14454,69,65,4,4
14455,98,92,6,6
14456,113,95,18,18
14457,90,83,7,7
14458,67,60,7,7
14459,83,80,3,3
14460,64,60,4,4
14461,192,145,47,47
14462,93,75,18,18
14463,111,101,10,10
14464,122,113,9,9
14465,89,88,1,1
14466,77,88,-11,11
14467,66,64,2,2
14468,57,56,1,1
14469,84,79,5,5
14470,90,84,6,6
14471,103,92,11,11
14472,144,125,19,19
14473,120,101,19,19
14474,105,92,13,13
14475,121,110,11,11
14476,51,88,-37,37
14477,91,77,14,14
14478,73,75,-2,2
14479,60,57,3,3
14480,50,46,4,4
14481,94,94,0,0
14482,107,89,18,18
14483,62,53,9,9
14484,77,70,7,7
14485,109,93,16,16
14486,113,97,16,16
14487,95,91,4,4
14488,153,141,12,12
14489,146,119,27,27
14490,75,71,4,4
14491,97,90,7,7
14492,96,88,8,8
14493,112,114,-2,2
14494,93,94,-1,1
14495,88,82,6,6
14496,143,116,27,27
14497,131,116,15,15
14498,92,86,6,6
14499,77,68,9,9
14500,94,83,11,11
14501,60,66,-6,6
14502,70,66,4,4
14503,73,68,5,5
14504,115,99,16,16
14505,111,103,8,8
14506,41,39,2,2
14507,49,45,4,4
14508,141,120,21,21
14509,85,73,12,12
14510,89,80,9,9
14511,84,68,16,16
14512,102,90,12,12
14513,100,94,6,6
14514,72,67,5,5
14515,99,84,15,15
14516,68,60,8,8
14517,63,56,7,7
14518,156,146,10,10
14519,113,97,16,16
14520,109,91,18,18
14521,141,122,19,19
14522,173,150,23,23
14523,95,92,3,3
14524,89,87,2,2
14525,103,91,12,12
14526,71,66,5,5
14527,81,74,7,7
14528,93,84,9,9
14529,138,135,3,3
14530,94,75,19,19
14531,168,138,30,30
14532,56,56,0,0
14533,70,60,10,10
14534,143,110,33,33
14535,115,104,11,11
14536,78,68,10,10
14537,71,64,7,7
14538,61,56,5,5
14539,174,148,26,26
14540,136,123,13,13
14541,137,133,4,4
14542,64,54,10,10
14543,98,86,12,12
14544,61,62,-1,1
14545,79,71,8,8
14546,58,53,5,5
14547,88,80,8,8
14548,83,76,7,7
14549,58,60,-2,2
14550,113,94,19,19
14551,65,55,10,10
14552,98,89,9,9
14553,98,83,15,15
14554,119,96,23,23
14555,81,76,5,5
14556,107,98,9,9
14557,69,62,7,7
14558,102,96,6,6
14559,64,63,1,1
14560,92,91,1,1
14561,91,73,18,18
14562,76,63,13,13
14563,120,103,17,17
14564,131,113,18,18
14565,73,60,13,13
14566,113,86,27,27
14567,46,53,-7,7
14568,31,33,-2,2
14569,86,95,-9,9
14570,124,118,6,6
14571,69,62,7,7
14572,103,90,13,13
14573,78,78,0,0
14574,85,72,13,13
14575,43,41,2,2
14576,102,94,8,8
14577,64,66,-2,2
14578,112,109,3,3
14579,104,91,13,13
14580,116,106,10,10
14581,72,68,4,4
14582,86,86,0,0
14583,45,44,1,1
14584,90,86,4,4
14585,204,168,36,36
14586,38,42,-4,4
14587,95,74,21,21
14588,102,99,3,3
14589,193,166,27,27
14590,130,106,24,24
14591,47,46,1,1
14592,132,119,13,13
14593,176,138,38,38
14594,67,65,2,2
14595,100,94,6,6
14596,73,61,12,12
14597,44,46,-2,2
14598,65,64,1,1
14599,34,39,-5,5
14600,56,60,-4,4
14601,87,81,6,6
14602,87,97,-10,10
14603,44,49,-5,5
14604,115,96,19,19
14605,82,74,8,8
14606,134,124,10,10
14607,161,136,25,25
14608,61,53,8,8
14609,150,130,20,20
14610,106,93,13,13
14611,68,62,6,6
14612,106,87,19,19
14613,96,86,10,10
14614,142,134,8,8
14615,74,62,12,12
14616,47,46,1,1
14617,130,120,10,10
14618,121,110,11,11
14619,104,92,12,12
14620,79,73,6,6
14621,85,73,12,12
14622,92,83,9,9
14623,52,88,-36,36
14624,144,142,2,2
14625,92,75,17,17
14626,58,50,8,8
14627,116,112,4,4
14628,71,73,-2,2
14629,65,57,8,8
14630,86,71,15,15
14631,51,53,-2,2
14632,51,52,-1,1
14633,169,146,23,23
14634,117,112,5,5
14635,94,85,9,9
14636,77,68,9,9
14637,61,58,3,3
14638,64,59,5,5
14639,38,45,-7,7
14640,54,49,5,5
14641,70,66,4,4
14642,77,74,3,3
14643,127,104,23,23
14644,58,55,3,3
14645,84,78,6,6
14646,89,86,3,3
14647,52,49,3,3
14648,73,68,5,5
14649,64,67,-3,3
14650,53,58,-5,5
14651,112,94,18,18
14652,92,85,7,7
14653,90,74,16,16
14654,72,66,6,6
14655,99,95,4,4
14656,84,71,13,13
14657,90,84,6,6
14658,135,124,11,11
14659,91,78,13,13
14660,81,82,-1,1
14661,119,103,16,16
14662,70,68,2,2
14663,62,58,4,4
14664,80,74,6,6
14665,69,62,7,7
14666,107,106,1,1
14667,145,122,23,23
14668,137,114,23,23
14669,94,87,7,7
14670,158,126,32,32
14671,174,159,15,15
14672,100,94,6,6
14673,141,121,20,20
14674,131,112,19,19
14675,168,146,22,22
14676,98,86,12,12
14677,116,113,3,3
14678,101,87,14,14
14679,89,99,-10,10
14680,119,105,14,14
14681,139,125,14,14
14682,25,33,-8,8
14683,106,97,9,9
14684,161,145,16,16
14685,123,107,16,16
14686,87,78,9,9
14687,58,55,3,3
14688,62,61,1,1
14689,89,80,9,9
14690,81,72,9,9
14691,70,59,11,11
14692,78,70,8,8
14693,163,143,20,20
14694,46,66,-20,20
14695,57,52,5,5
14696,108,95,13,13
14697,148,103,45,45
14698,74,70,4,4
14699,54,55,-1,1
14700,64,68,-4,4
14701,162,126,36,36
14702,124,104,20,20
14703,75,73,2,2
14704,76,70,6,6
14705,81,82,-1,1
14706,56,58,-2,2
14707,90,79,11,11
14708,70,72,-2,2
14709,66,76,-10,10
14710,75,72,3,3
14711,95,101,-6,6
14712,123,111,12,12
14713,125,108,17,17
14714,44,43,1,1
14715,141,126,15,15
14716,53,53,0,0
14717,97,87,10,10
14718,100,91,9,9
14719,78,87,-9,9
14720,199,164,35,35
14721,124,104,20,20
14722,56,64,-8,8
14723,62,53,9,9
14724,109,93,16,16
14725,149,118,31,31
14726,101,95,6,6
14727,129,108,21,21
14728,138,108,30,30
14729,118,111,7,7
14730,151,128,23,23
14731,58,49,9,9
14732,148,133,15,15
14733,89,84,5,5
14734,93,87,6,6
14735,111,95,16,16
14736,131,115,16,16
14737,106,98,8,8
14738,123,109,14,14
14739,119,125,-6,6
14740,106,98,8,8
14741,121,104,17,17
14742,74,61,13,13
14743,94,91,3,3
14744,83,70,13,13
14745,159,133,26,26
14746,126,105,21,21
14747,71,66,5,5
14748,52,47,5,5
14749,139,132,7,7
14750,98,82,16,16
14751,94,83,11,11
14752,58,52,6,6
14753,126,116,10,10
14754,65,60,5,5
14755,98,78,20,20
14756,170,146,24,24
14757,71,72,-1,1
14758,63,69,-6,6
14759,74,72,2,2
14760,119,99,20,20
14761,73,79,-6,6
14762,88,79,9,9
14763,96,89,7,7
14764,125,114,11,11
14765,119,108,11,11
14766,88,79,9,9
14767,98,83,15,15
14768,103,105,-2,2
14769,95,83,12,12
14770,80,74,6,6
14771,88,80,8,8
14772,50,48,2,2
14773,81,72,9,9
14774,72,61,11,11
14775,56,44,12,12
14776,54,50,4,4
14777,70,72,-2,2
14778,92,79,13,13
14779,79,73,6,6
14780,64,63,1,1
14781,121,106,15,15
14782,55,52,3,3
14783,110,96,14,14
14784,142,124,18,18
14785,160,136,24,24
14786,61,57,4,4
14787,59,56,3,3
14788,102,97,5,5
14789,95,82,13,13
14790,62,61,1,1
14791,142,126,16,16
14792,91,72,19,19
14793,114,97,17,17
14794,54,49,5,5
14795,93,91,2,2
14796,96,84,12,12
14797,75,66,9,9
14798,95,83,12,12
14799,59,58,1,1
14800,87,69,18,18
14801,121,97,24,24
14802,85,82,3,3
14803,74,70,4,4
14804,94,86,8,8
14805,117,106,11,11
14806,136,120,16,16
14807,51,47,4,4
14808,143,121,22,22
14809,110,98,12,12
14810,112,96,16,16
14811,59,50,9,9
14812,69,59,10,10
14813,92,81,11,11
14814,92,90,2,2
14815,125,102,23,23
14816,93,78,15,15
14817,94,78,16,16
14818,183,152,31,31
14819,158,145,13,13
14820,126,108,18,18
14821,201,169,32,32
14822,96,80,16,16
14823,69,80,-11,11
14824,112,112,0,0
14825,60,61,-1,1
14826,81,71,10,10
14827,229,189,40,40
14828,81,70,11,11
14829,49,53,-4,4
14830,98,83,15,15
14831,104,91,13,13
14832,117,98,19,19
14833,91,85,6,6
14834,96,79,17,17
14835,82,73,9,9
14836,193,150,43,43
14837,75,73,2,2
14838,101,89,12,12
14839,128,103,25,25
14840,103,92,11,11
14841,84,73,11,11
14842,162,137,25,25
14843,117,104,13,13
14844,104,111,-7,7
14845,85,77,8,8
14846,90,83,7,7
14847,67,64,3,3
14848,91,74,17,17
14849,152,131,21,21
14850,60,54,6,6
14851,107,94,13,13
14852,114,120,-6,6
14853,95,87,8,8
14854,85,78,7,7
14855,72,99,-27,27
14856,66,76,-10,10
14857,81,78,3,3
14858,112,96,16,16
14859,39,40,-1,1
14860,125,123,2,2
14861,67,62,5,5
14862,103,87,16,16
14863,44,53,-9,9
14864,52,48,4,4
14865,58,56,2,2
14866,105,99,6,6
14867,55,60,-5,5
14868,107,112,-5,5
14869,102,100,2,2
14870,61,70,-9,9
14871,129,116,13,13
14872,72,64,8,8
14873,144,125,19,19
14874,67,65,2,2
14875,131,112,19,19
14876,59,57,2,2
14877,142,121,21,21
14878,80,75,5,5
14879,95,82,13,13
14880,62,63,-1,1
14881,99,93,6,6
14882,69,73,-4,4
14883,36,40,-4,4
14884,53,51,2,2
14885,174,137,37,37
14886,120,105,15,15
14887,60,62,-2,2
14888,44,39,5,5
14889,104,97,7,7
14890,70,59,11,11
14891,80,70,10,10
14892,72,62,10,10
14893,114,112,2,2
14894,110,98,12,12
14895,69,58,11,11
14896,108,92,16,16
14897,136,119,17,17
14898,62,60,2,2
14899,170,153,17,17
14900,109,91,18,18
14901,85,78,7,7
14902,93,76,17,17
14903,117,104,13,13
14904,102,76,26,26
14905,123,104,19,19
14906,91,95,-4,4
14907,65,62,3,3
14908,52,53,-1,1
14909,139,111,28,28
14910,88,84,4,4
14911,67,75,-8,8
14912,143,126,17,17
14913,153,138,15,15
14914,65,61,4,4
14915,84,78,6,6
14916,101,98,3,3
14917,90,104,-14,14
14918,75,68,7,7
14919,95,84,11,11
14920,197,160,37,37
14921,60,56,4,4
14922,152,135,17,17
14923,69,61,8,8
14924,79,75,4,4
14925,63,62,1,1
14926,114,101,13,13
14927,94,80,14,14
14928,107,92,15,15
14929,94,85,9,9
14930,68,62,6,6
14931,95,86,9,9
14932,123,104,19,19
14933,81,73,8,8
14934,141,113,28,28
14935,78,72,6,6
14936,100,96,4,4
14937,120,106,14,14
14938,36,38,-2,2
14939,81,79,2,2
14940,118,90,28,28
14941,122,113,9,9
14942,80,68,12,12
14943,130,111,19,19
14944,44,40,4,4
14945,170,152,18,18
14946,74,85,-11,11
14947,66,67,-1,1
14948,192,159,33,33
14949,84,78,6,6
14950,116,122,-6,6
14951,81,73,8,8
14952,43,42,1,1
14953,69,65,4,4
14954,63,57,6,6
14955,94,84,10,10
14956,84,75,9,9
14957,56,50,6,6
14958,106,99,7,7
14959,152,114,38,38
14960,92,81,11,11
14961,68,62,6,6
14962,87,83,4,4
14963,88,91,-3,3
14964,78,74,4,4
14965,64,68,-4,4
14966,147,127,20,20
14967,57,52,5,5
14968,81,78,3,3
14969,59,58,1,1
14970,70,65,5,5
14971,87,85,2,2
14972,90,75,15,15
14973,87,69,18,18
14974,49,48,1,1
14975,160,125,35,35
14976,131,106,25,25
14977,83,78,5,5
14978,44,44,0,0
14979,44,49,-5,5
14980,52,55,-3,3
14981,102,98,4,4
14982,69,66,3,3
14983,99,88,11,11
14984,81,82,-1,1
14985,91,90,1,1
14986,87,77,10,10
14987,57,52,5,5
14988,82,80,2,2
14989,56,54,2,2
14990,76,70,6,6
14991,79,74,5,5
14992,78,67,11,11
14993,121,98,23,23
14994,119,94,25,25
14995,68,69,-1,1
14996,146,125,21,21
14997,106,83,23,23
14998,132,107,25,25
14999,47,46,1,1
15000,70,63,7,7
15001,114,89,25,25
15002,71,63,8,8
15003,85,89,-4,4
15004,132,111,21,21
15005,33,34,-1,1
15006,16,39,-23,23
15007,68,66,2,2
15008,62,60,2,2
15009,84,82,2,2
15010,50,49,1,1
15011,91,84,7,7
15012,116,102,14,14
15013,97,83,14,14
15014,126,115,11,11
15015,102,98,4,4
15016,111,90,21,21
15017,113,98,15,15
15018,149,120,29,29
15019,87,74,13,13
15020,120,99,21,21
15021,124,111,13,13
15022,145,117,28,28
15023,78,71,7,7
15024,158,141,17,17
15025,47,53,-6,6
15026,228,187,41,41
15027,86,84,2,2
15028,97,88,9,9
15029,105,91,14,14
15030,59,61,-2,2
15031,134,99,35,35
15032,122,110,12,12
15033,116,118,-2,2
15034,72,74,-2,2
15035,95,97,-2,2
15036,48,45,3,3
15037,71,63,8,8
15038,164,149,15,15
15039,80,75,5,5
15040,96,80,16,16
15041,133,113,20,20
15042,121,116,5,5
15043,122,112,10,10
15044,99,83,16,16
15045,96,80,16,16
15046,41,46,-5,5
15047,157,120,37,37
15048,104,78,26,26
15049,65,66,-1,1
15050,103,98,5,5
15051,118,101,17,17
15052,99,88,11,11
15053,126,103,23,23
15054,106,94,12,12
15055,55,45,10,10
15056,75,67,8,8
15057,69,69,0,0
15058,107,101,6,6
15059,122,109,13,13
15060,63,62,1,1
15061,107,96,11,11
15062,96,103,-7,7
15063,62,68,-6,6
15064,72,67,5,5
15065,152,125,27,27
15066,65,64,1,1
15067,78,70,8,8
15068,115,99,16,16
15069,113,93,20,20
15070,113,91,22,22
15071,105,91,14,14
15072,116,105,11,11
15073,158,135,23,23
15074,57,58,-1,1
15075,141,128,13,13
15076,82,74,8,8
15077,106,97,9,9
15078,96,81,15,15
15079,104,92,12,12
15080,98,84,14,14
15081,83,86,-3,3
15082,138,116,22,22
15083,148,126,22,22
15084,71,67,4,4
15085,90,90,0,0
15086,134,112,22,22
15087,129,123,6,6
15088,127,116,11,11
15089,77,69,8,8
15090,69,70,-1,1
15091,102,92,10,10
15092,69,66,3,3
15093,65,60,5,5
15094,102,101,1,1
15095,56,64,-8,8
15096,123,103,20,20
15097,73,62,11,11
15098,61,65,-4,4
15099,102,104,-2,2
15100,98,88,10,10
15101,80,70,10,10
15102,85,80,5,5
15103,61,55,6,6
15104,127,116,11,11
15105,68,62,6,6
15106,127,120,7,7
15107,71,66,5,5
15108,71,53,18,18
15109,149,126,23,23
15110,91,77,14,14
15111,98,95,3,3
15112,51,52,-1,1
15113,90,78,12,12
15114,105,104,1,1
15115,84,77,7,7
15116,98,84,14,14
15117,188,175,13,13
15118,57,52,5,5
15119,135,102,33,33
15120,107,92,15,15
15121,166,141,25,25
15122,102,86,16,16
15123,162,141,21,21
15124,74,65,9,9
15125,81,75,6,6
15126,58,55,3,3
15127,93,73,20,20
15128,67,58,9,9
15129,136,127,9,9
15130,122,111,11,11
15131,114,110,4,4
15132,66,58,8,8
15133,121,100,21,21
15134,82,80,2,2
15135,110,94,16,16
15136,63,63,0,0
15137,108,95,13,13
15138,77,68,9,9
15139,86,76,10,10
15140,74,64,10,10
15141,101,97,4,4
15142,114,111,3,3
15143,105,90,15,15
15144,106,96,10,10
15145,83,73,10,10
15146,169,145,24,24
15147,71,66,5,5
15148,87,84,3,3
15149,67,63,4,4
15150,86,99,-13,13
15151,244,201,43,43
15152,96,74,22,22
15153,136,120,16,16
15154,64,60,4,4
15155,131,130,1,1
15156,142,134,8,8
15157,63,68,-5,5
15158,56,58,-2,2
15159,65,56,9,9
15160,116,93,23,23
15161,57,50,7,7
15162,109,105,4,4
15163,114,113,1,1
15164,68,57,11,11
15165,114,100,14,14
15166,64,77,-13,13
15167,112,108,4,4
15168,47,50,-3,3
15169,66,58,8,8
15170,81,80,1,1
15171,127,117,10,10
15172,109,99,10,10
15173,72,62,10,10
15174,94,88,6,6
15175,46,49,-3,3
15176,113,84,29,29
15177,70,67,3,3
15178,80,79,1,1
15179,64,61,3,3
15180,113,97,16,16
15181,56,58,-2,2
15182,112,93,19,19
15183,50,57,-7,7
15184,101,87,14,14
15185,173,149,24,24
15186,57,50,7,7
15187,104,89,15,15
15188,90,77,13,13
15189,76,69,7,7
15190,94,84,10,10
15191,105,109,-4,4
15192,121,107,14,14
15193,126,119,7,7
15194,127,101,26,26
15195,116,105,11,11
15196,88,78,10,10
15197,62,67,-5,5
15198,190,167,23,23
15199,91,97,-6,6
15200,68,69,-1,1
15201,102,87,15,15
15202,150,109,41,41
15203,85,82,3,3
15204,45,44,1,1
15205,106,99,7,7
15206,64,57,7,7
15207,152,139,13,13
15208,124,115,9,9
15209,77,75,2,2
15210,80,80,0,0
15211,68,56,12,12
15212,131,117,14,14
15213,141,118,23,23
15214,138,110,28,28
15215,139,138,1,1
15216,54,55,-1,1
15217,81,76,5,5
15218,131,117,14,14
15219,105,94,11,11
15220,88,73,15,15
15221,97,89,8,8
15222,132,114,18,18
15223,80,78,2,2
15224,83,77,6,6
15225,56,57,-1,1
15226,68,71,-3,3
15227,88,77,11,11
15228,101,94,7,7
15229,123,105,18,18
15230,123,117,6,6
15231,56,68,-12,12
15232,139,123,16,16
15233,102,95,7,7
15234,53,47,6,6
15235,145,128,17,17
15236,94,87,7,7
15237,126,111,15,15
15238,92,77,15,15
15239,82,76,6,6
15240,74,77,-3,3
15241,165,123,42,42
15242,99,94,5,5
15243,139,129,10,10
15244,84,68,16,16
15245,85,77,8,8
15246,63,63,0,0
15247,174,137,37,37
15248,127,99,28,28
15249,93,93,0,0
15250,106,95,11,11
15251,108,124,-16,16
15252,93,85,8,8
15253,98,77,21,21
15254,91,81,10,10
15255,68,60,8,8
15256,98,88,10,10
15257,264,218,46,46
15258,105,85,20,20
15259,71,71,0,0
15260,57,49,8,8
15261,99,88,11,11
15262,87,74,13,13
15263,109,99,10,10
15264,132,119,13,13
15265,66,69,-3,3
15266,99,91,8,8
15267,70,60,10,10
15268,111,99,12,12
15269,124,110,14,14
15270,53,56,-3,3
15271,113,92,21,21
15272,69,56,13,13
15273,69,70,-1,1
15274,80,73,7,7
15275,87,80,7,7
15276,117,97,20,20
15277,105,87,18,18
15278,64,54,10,10
15279,41,44,-3,3
15280,60,54,6,6
15281,93,82,11,11
15282,74,62,12,12
15283,100,85,15,15
15284,75,67,8,8
15285,117,95,22,22
15286,129,117,12,12
15287,145,129,16,16
15288,102,96,6,6
15289,147,132,15,15
15290,55,55,0,0
15291,91,78,13,13
15292,46,48,-2,2
15293,211,157,54,54
15294,125,120,5,5
15295,76,70,6,6
15296,84,75,9,9
15297,104,94,10,10
15298,62,63,-1,1
15299,77,74,3,3
15300,100,84,16,16
15301,83,82,1,1
15302,90,83,7,7
15303,181,153,28,28
15304,132,128,4,4
15305,88,77,11,11
15306,85,79,6,6
15307,69,67,2,2
15308,59,54,5,5
15309,42,36,6,6
15310,138,117,21,21
15311,75,65,10,10
15312,116,108,8,8
15313,76,82,-6,6
15314,85,77,8,8
15315,60,58,2,2
15316,101,89,12,12
15317,117,112,5,5
15318,73,76,-3,3
15319,65,69,-4,4
15320,136,124,12,12
15321,40,42,-2,2
15322,61,56,5,5
15323,138,122,16,16
15324,55,57,-2,2
15325,87,74,13,13
15326,60,53,7,7
15327,42,39,3,3
15328,184,172,12,12
15329,136,126,10,10
15330,46,54,-8,8
15331,157,108,49,49
15332,99,93,6,6
15333,64,55,9,9
15334,95,87,8,8
15335,138,123,15,15
15336,63,63,0,0
15337,72,61,11,11
15338,52,55,-3,3
15339,90,76,14,14
15340,78,79,-1,1
15341,97,91,6,6
15342,118,100,18,18
15343,89,83,6,6
15344,55,56,-1,1
15345,109,94,15,15
15346,64,66,-2,2
15347,103,87,16,16
15348,96,87,9,9
15349,101,90,11,11
15350,130,114,16,16
15351,67,74,-7,7
15352,65,61,4,4
15353,80,74,6,6
15354,90,80,10,10
15355,86,74,12,12
15356,62,57,5,5
15357,162,143,19,19
15358,107,102,5,5
15359,42,41,1,1
15360,104,96,8,8
15361,125,111,14,14
15362,93,87,6,6
15363,163,161,2,2
15364,42,49,-7,7
15365,127,109,18,18
15366,94,93,1,1
15367,88,81,7,7
15368,147,124,23,23
15369,155,136,19,19
15370,107,87,20,20
15371,65,60,5,5
15372,94,100,-6,6
15373,77,75,2,2
15374,128,116,12,12
15375,70,68,2,2
15376,51,55,-4,4
15377,101,96,5,5
15378,108,86,22,22
15379,169,140,29,29
15380,56,56,0,0
15381,114,94,20,20
15382,129,123,6,6
15383,98,87,11,11
15384,62,61,1,1
15385,52,50,2,2
15386,125,105,20,20
15387,123,105,18,18
15388,107,96,11,11
15389,100,89,11,11
15390,153,148,5,5
15391,81,80,1,1
15392,82,80,2,2
15393,97,89,8,8
15394,28,33,-5,5
15395,123,113,10,10
15396,66,70,-4,4
15397,91,83,8,8
15398,95,86,9,9
15399,66,68,-2,2
15400,105,98,7,7
15401,64,59,5,5
15402,106,93,13,13
15403,136,112,24,24
15404,87,80,7,7
15405,71,61,10,10
15406,116,107,9,9
15407,88,84,4,4
15408,53,52,1,1
15409,126,104,22,22
15410,144,113,31,31
15411,74,72,2,2
15412,63,61,2,2
15413,72,67,5,5
15414,73,59,14,14
15415,76,72,4,4
15416,88,77,11,11
15417,78,72,6,6
15418,103,92,11,11
15419,76,62,14,14
15420,41,75,-34,34
15421,231,183,48,48
15422,134,120,14,14
15423,126,99,27,27
15424,138,116,22,22
15425,103,101,2,2
15426,90,86,4,4
15427,73,65,8,8
15428,63,69,-6,6
15429,81,80,1,1
15430,120,95,25,25
15431,92,88,4,4
15432,100,90,10,10
15433,51,54,-3,3
15434,116,106,10,10
15435,97,87,10,10
15436,87,69,18,18
15437,138,114,24,24
15438,52,56,-4,4
15439,36,41,-5,5
15440,167,152,15,15
15441,80,83,-3,3
15442,117,105,12,12
15443,91,75,16,16
15444,163,138,25,25
15445,112,111,1,1
15446,75,74,1,1
15447,119,103,16,16
15448,61,59,2,2
15449,71,62,9,9
15450,117,107,10,10
15451,115,118,-3,3
15452,99,93,6,6
15453,125,110,15,15
15454,100,90,10,10
15455,153,119,34,34
15456,146,133,13,13
15457,157,129,28,28
15458,104,95,9,9
15459,130,110,20,20
15460,137,127,10,10
15461,105,100,5,5
15462,101,84,17,17
15463,110,103,7,7
15464,97,83,14,14
15465,87,76,11,11
15466,107,97,10,10
15467,87,79,8,8
15468,90,73,17,17
15469,90,80,10,10
15470,118,105,13,13
15471,57,61,-4,4
15472,108,103,5,5
15473,51,51,0,0
15474,56,74,-18,18
15475,53,63,-10,10
15476,55,57,-2,2
15477,68,71,-3,3
15478,61,61,0,0
15479,142,128,14,14
15480,83,76,7,7
15481,56,58,-2,2
15482,60,65,-5,5
15483,59,59,0,0
15484,119,104,15,15
15485,60,64,-4,4
15486,60,59,1,1
15487,106,93,13,13
15488,78,74,4,4
15489,83,73,10,10
15490,63,61,2,2
15491,147,134,13,13
15492,182,150,32,32
15493,129,109,20,20
15494,97,91,6,6
15495,115,100,15,15
15496,105,101,4,4
15497,102,99,3,3
15498,127,120,7,7
15499,157,135,22,22
15500,84,74,10,10
15501,152,121,31,31
15502,74,72,2,2
15503,79,72,7,7
15504,123,115,8,8
15505,135,126,9,9
15506,82,77,5,5
15507,111,101,10,10
15508,62,78,-16,16
15509,59,61,-2,2
15510,77,80,-3,3
15511,63,65,-2,2
15512,81,76,5,5
15513,56,51,5,5
15514,69,67,2,2
15515,65,65,0,0
15516,82,74,8,8
15517,91,81,10,10
15518,190,144,46,46
15519,185,157,28,28
15520,131,110,21,21
15521,65,59,6,6
15522,158,133,25,25
15523,144,137,7,7
15524,73,75,-2,2
15525,80,80,0,0
15526,152,130,22,22
15527,62,62,0,0
15528,64,63,1,1
15529,65,65,0,0
15530,146,125,21,21
15531,124,108,16,16
15532,108,92,16,16
15533,131,111,20,20
15534,107,102,5,5
15535,104,94,10,10
15536,78,68,10,10
15537,115,109,6,6
15538,159,133,26,26
15539,103,98,5,5
15540,101,96,5,5
15541,63,56,7,7
15542,160,140,20,20
15543,61,62,-1,1
15544,60,54,6,6
15545,130,122,8,8
15546,96,85,11,11
15547,84,78,6,6
15548,93,82,11,11
15549,110,100,10,10
15550,66,59,7,7
15551,77,67,10,10
15552,103,93,10,10
15553,78,75,3,3
15554,147,125,22,22
15555,87,82,5,5
15556,84,71,13,13
15557,83,73,10,10
15558,69,61,8,8
15559,180,155,25,25
15560,140,124,16,16
15561,57,56,1,1
15562,120,104,16,16
15563,62,59,3,3
15564,79,72,7,7
15565,127,117,10,10
15566,64,65,-1,1
15567,81,68,13,13
15568,100,88,12,12
15569,118,104,14,14
15570,85,68,17,17
15571,77,78,-1,1
15572,104,89,15,15
15573,72,65,7,7
15574,101,89,12,12
15575,95,91,4,4
15576,98,86,12,12
15577,62,56,6,6
15578,98,83,15,15
15579,113,114,-1,1
15580,62,59,3,3
15581,52,56,-4,4
15582,112,95,17,17
15583,80,77,3,3
15584,106,105,1,1
15585,63,61,2,2
15586,49,57,-8,8
15587,72,70,2,2
15588,117,94,23,23
15589,116,99,17,17
15590,94,83,11,11
15591,95,88,7,7
15592,83,83,0,0
15593,119,108,11,11
15594,106,98,8,8
15595,92,76,16,16
15596,70,71,-1,1
15597,133,114,19,19
15598,64,58,6,6
15599,169,142,27,27
15600,93,80,13,13
15601,102,94,8,8
15602,87,75,12,12
15603,71,67,4,4
15604,62,62,0,0
15605,59,50,9,9
15606,85,77,8,8
15607,72,68,4,4
15608,50,47,3,3
15609,92,82,10,10
15610,127,110,17,17
15611,57,50,7,7
15612,107,94,13,13
15613,65,56,9,9
15614,82,78,4,4
15615,81,79,2,2
15616,98,90,8,8
15617,82,72,10,10
15618,110,116,-6,6
15619,166,141,25,25
15620,107,94,13,13
15621,50,52,-2,2
15622,148,122,26,26
15623,70,67,3,3
15624,100,81,19,19
15625,108,94,14,14
15626,113,101,12,12
15627,53,58,-5,5
15628,126,114,12,12
15629,72,67,5,5
15630,197,157,40,40
15631,47,43,4,4
15632,89,77,12,12
15633,143,117,26,26
15634,119,105,14,14
15635,76,75,1,1
15636,73,74,-1,1
15637,68,68,0,0
15638,111,98,13,13
15639,121,96,25,25
15640,92,88,4,4
15641,113,96,17,17
15642,98,89,9,9
15643,152,144,8,8
15644,80,75,5,5
15645,82,72,10,10
15646,128,108,20,20
15647,49,53,-4,4
15648,128,116,12,12
15649,63,59,4,4
15650,52,51,1,1
15651,89,79,10,10
15652,68,56,12,12
15653,109,96,13,13
15654,83,75,8,8
15655,97,89,8,8
15656,73,69,4,4
15657,75,66,9,9
15658,127,107,20,20
15659,52,72,-20,20
15660,69,52,17,17
15661,152,135,17,17
15662,87,81,6,6
15663,130,103,27,27
15664,72,76,-4,4
15665,114,106,8,8
15666,75,73,2,2
15667,136,113,23,23
15668,77,69,8,8
15669,88,77,11,11
15670,64,66,-2,2
15671,90,73,17,17
15672,174,155,19,19
15673,57,62,-5,5
15674,56,59,-3,3
15675,78,70,8,8
15676,81,72,9,9
15677,67,56,11,11
15678,123,103,20,20
15679,146,131,15,15
15680,123,113,10,10
15681,98,93,5,5
15682,61,60,1,1
15683,109,101,8,8
15684,76,75,1,1
15685,121,106,15,15
15686,81,76,5,5
15687,38,50,-12,12
15688,70,68,2,2
15689,83,71,12,12
15690,100,90,10,10
15691,79,80,-1,1
15692,98,94,4,4
15693,79,68,11,11
15694,196,161,35,35
15695,137,123,14,14
15696,67,65,2,2
15697,87,83,4,4
15698,79,73,6,6
15699,84,80,4,4
15700,104,106,-2,2
15701,105,100,5,5
15702,113,96,17,17
15703,54,48,6,6
15704,77,69,8,8
15705,124,110,14,14
15706,103,89,14,14
15707,175,141,34,34
15708,67,57,10,10
15709,86,78,8,8
15710,65,64,1,1
15711,74,66,8,8
15712,85,58,27,27
15713,77,69,8,8
15714,94,83,11,11
15715,163,126,37,37
15716,107,97,10,10
15717,126,113,13,13
15718,97,85,12,12
15719,80,72,8,8
15720,150,137,13,13
15721,67,67,0,0
15722,120,95,25,25
15723,86,87,-1,1
15724,80,72,8,8
15725,79,70,9,9
15726,98,86,12,12
15727,100,93,7,7
15728,105,98,7,7
15729,140,141,-1,1
15730,110,93,17,17
15731,101,85,16,16
15732,50,50,0,0
15733,132,113,19,19
15734,160,142,18,18
15735,119,98,21,21
15736,94,82,12,12
15737,83,75,8,8
15738,92,81,11,11
15739,76,62,14,14
15740,103,92,11,11
15741,93,85,8,8
15742,67,66,1,1
15743,104,106,-2,2
15744,123,108,15,15
15745,90,74,16,16
15746,75,73,2,2
15747,120,106,14,14
15748,66,56,10,10
15749,106,96,10,10
15750,120,104,16,16
15751,98,78,20,20
15752,105,99,6,6
15753,97,89,8,8
15754,101,86,15,15
15755,80,75,5,5
15756,87,78,9,9
15757,68,59,9,9
15758,160,131,29,29
15759,77,74,3,3
15760,65,63,2,2
15761,90,83,7,7
15762,34,38,-4,4
15763,90,88,2,2
15764,83,70,13,13
15765,47,43,4,4
15766,47,61,-14,14
15767,106,103,3,3
15768,63,62,1,1
15769,96,89,7,7
15770,108,106,2,2
15771,85,77,8,8
15772,157,126,31,31
15773,90,68,22,22
15774,116,107,9,9
15775,132,118,14,14
15776,123,105,18,18
15777,118,105,13,13
15778,45,52,-7,7
15779,60,57,3,3
15780,179,142,37,37
15781,111,101,10,10
15782,118,109,9,9
15783,87,87,0,0
15784,51,55,-4,4
15785,37,41,-4,4
15786,91,82,9,9
15787,69,66,3,3
15788,130,105,25,25
15789,102,100,2,2
15790,93,91,2,2
15791,129,112,17,17
15792,54,49,5,5
15793,70,65,5,5
15794,125,101,24,24
15795,59,58,1,1
15796,46,38,8,8
15797,64,64,0,0
15798,113,90,23,23
15799,110,87,23,23
15800,46,49,-3,3
15801,134,129,5,5
15802,71,78,-7,7
15803,143,129,14,14
15804,63,61,2,2
15805,120,108,12,12
15806,86,72,14,14
15807,74,75,-1,1
15808,118,109,9,9
15809,61,60,1,1
15810,65,59,6,6
15811,136,111,25,25
15812,85,80,5,5
15813,105,83,22,22
15814,146,125,21,21
15815,98,95,3,3
15816,30,46,-16,16
15817,76,71,5,5
15818,148,129,19,19
15819,126,97,29,29
15820,121,105,16,16
15821,173,118,55,55
15822,68,77,-9,9
15823,100,94,6,6
15824,109,101,8,8
15825,73,73,0,0
15826,97,88,9,9
15827,92,78,14,14
15828,97,86,11,11
15829,88,89,-1,1
15830,159,130,29,29
15831,104,94,10,10
15832,65,62,3,3
15833,84,72,12,12
15834,82,76,6,6
15835,100,100,0,0
15836,105,92,13,13
15837,70,72,-2,2
15838,77,64,13,13
15839,111,99,12,12
15840,96,79,17,17
15841,98,96,2,2
15842,89,83,6,6
15843,62,63,-1,1
15844,144,117,27,27
15845,134,116,18,18
15846,96,84,12,12
15847,64,69,-5,5
15848,74,68,6,6
15849,113,96,17,17
15850,125,119,6,6
15851,122,101,21,21
15852,66,70,-4,4
15853,46,48,-2,2
15854,115,106,9,9
15855,59,57,2,2
15856,76,67,9,9
15857,97,86,11,11
15858,125,113,12,12
15859,138,98,40,40
15860,24,33,-9,9
15861,34,35,-1,1
15862,77,69,8,8
15863,112,110,2,2
15864,123,108,15,15
15865,88,79,9,9
15866,130,113,17,17
15867,108,97,11,11
15868,52,47,5,5
15869,112,106,6,6
15870,41,38,3,3
15871,68,70,-2,2
15872,111,100,11,11
15873,97,93,4,4
15874,73,68,5,5
15875,75,67,8,8
15876,79,85,-6,6
15877,62,67,-5,5
15878,75,83,-8,8
15879,128,111,17,17
15880,113,106,7,7
15881,49,44,5,5
15882,65,54,11,11
15883,64,60,4,4
15884,97,99,-2,2
15885,117,95,22,22
15886,62,58,4,4
15887,75,86,-11,11
15888,80,78,2,2
15889,63,64,-1,1
15890,50,55,-5,5
15891,112,101,11,11
15892,129,115,14,14
15893,78,69,9,9
15894,102,93,9,9
15895,101,83,18,18
15896,67,65,2,2
15897,49,49,0,0
15898,184,150,34,34
15899,81,75,6,6
15900,70,64,6,6
15901,95,81,14,14
15902,111,94,17,17
15903,141,119,22,22
15904,105,102,3,3
15905,54,46,8,8
15906,78,71,7,7
15907,155,128,27,27
15908,134,114,20,20
15909,88,73,15,15
15910,66,70,-4,4
15911,64,65,-1,1
15912,60,65,-5,5
15913,94,82,12,12
15914,103,84,19,19
15915,146,129,17,17
15916,74,76,-2,2
15917,73,62,11,11
15918,62,62,0,0
15919,103,94,9,9
15920,126,109,17,17
15921,96,79,17,17
15922,160,132,28,28
15923,118,105,13,13
15924,128,106,22,22
15925,191,162,29,29
15926,123,105,18,18
15927,107,98,9,9
15928,55,51,4,4
15929,47,40,7,7
15930,55,49,6,6
15931,58,55,3,3
15932,107,98,9,9
15933,76,68,8,8
15934,96,78,18,18
15935,57,54,3,3
15936,110,106,4,4
15937,79,69,10,10
15938,65,65,0,0
15939,123,103,20,20
15940,61,49,12,12
15941,65,67,-2,2
15942,113,98,15,15
15943,49,43,6,6
15944,82,84,-2,2
15945,98,91,7,7
15946,75,71,4,4
15947,112,106,6,6
15948,113,93,20,20
15949,94,85,9,9
15950,58,45,13,13
15951,64,61,3,3
15952,105,102,3,3
15953,101,92,9,9
15954,68,66,2,2
15955,101,86,15,15
15956,52,47,5,5
15957,70,66,4,4
15958,97,116,-19,19
15959,117,98,19,19
15960,68,65,3,3
15961,127,101,26,26
15962,69,70,-1,1
15963,90,89,1,1
15964,40,43,-3,3
15965,114,97,17,17
15966,98,89,9,9
15967,66,63,3,3
15968,67,74,-7,7
15969,190,168,22,22
15970,104,91,13,13
15971,74,76,-2,2
15972,69,53,16,16
15973,86,83,3,3
15974,102,84,18,18
15975,122,105,17,17
15976,142,119,23,23
15977,103,82,21,21
15978,164,135,29,29
15979,110,113,-3,3
15980,64,62,2,2
15981,74,66,8,8
15982,61,55,6,6
15983,63,63,0,0
15984,100,81,19,19
15985,107,99,8,8
15986,102,89,13,13
15987,31,38,-7,7
15988,147,123,24,24
15989,60,59,1,1
15990,86,75,11,11
15991,114,112,2,2
15992,103,106,-3,3
15993,75,72,3,3
15994,95,94,1,1
15995,87,72,15,15
15996,99,80,19,19
15997,114,104,10,10
15998,76,77,-1,1
15999,120,113,7,7
16000,90,76,14,14
16001,64,56,8,8
16002,113,99,14,14
16003,66,60,6,6
16004,123,100,23,23
16005,132,109,23,23
16006,124,96,28,28
16007,56,54,2,2
16008,125,119,6,6
16009,101,92,9,9
16010,89,79,10,10
16011,57,63,-6,6
16012,98,84,14,14
16013,101,89,12,12
16014,82,81,1,1
16015,128,122,6,6
16016,56,55,1,1
16017,162,146,16,16
16018,84,83,1,1
16019,79,68,11,11
16020,53,51,2,2
16021,55,56,-1,1
16022,62,56,6,6
16023,73,72,1,1
16024,42,42,0,0
16025,127,124,3,3
16026,52,55,-3,3
16027,121,111,10,10
16028,75,77,-2,2
16029,89,79,10,10
16030,64,61,3,3
16031,36,34,2,2
16032,89,75,14,14
16033,72,63,9,9
16034,148,129,19,19
16035,106,93,13,13
16036,158,147,11,11
16037,131,110,21,21
16038,130,118,12,12
16039,77,66,11,11
16040,136,117,19,19
16041,102,94,8,8
16042,86,79,7,7
16043,89,77,12,12
16044,101,85,16,16
16045,99,88,11,11
16046,100,84,16,16
16047,69,69,0,0
16048,92,76,16,16
16049,69,69,0,0
16050,128,110,18,18
16051,151,127,24,24
16052,39,36,3,3
16053,44,47,-3,3
16054,74,79,-5,5
16055,82,70,12,12
16056,140,120,20,20
16057,120,99,21,21
16058,79,63,16,16
16059,89,83,6,6
16060,158,170,-12,12
16061,105,114,-9,9
16062,113,103,10,10
16063,58,51,7,7
16064,95,83,12,12
16065,82,81,1,1
16066,140,119,21,21
16067,66,68,-2,2
16068,94,84,10,10
16069,116,108,8,8
16070,70,73,-3,3
16071,90,81,9,9
16072,73,77,-4,4
16073,62,93,-31,31
16074,55,54,1,1
16075,87,82,5,5
16076,97,91,6,6
16077,75,67,8,8
16078,113,101,12,12
16079,148,118,30,30
16080,144,150,-6,6
16081,64,55,9,9
16082,117,95,22,22
16083,89,80,9,9
16084,106,93,13,13
16085,130,103,27,27
16086,91,91,0,0
16087,52,50,2,2
16088,54,58,-4,4
16089,117,94,23,23
16090,127,124,3,3
16091,104,81,23,23
16092,122,104,18,18
16093,67,58,9,9
16094,73,72,1,1
16095,84,77,7,7
16096,63,58,5,5
16097,199,172,27,27
16098,138,135,3,3
16099,85,75,10,10
16100,112,104,8,8
16101,100,94,6,6
16102,184,170,14,14
16103,90,81,9,9
16104,55,52,3,3
16105,142,120,22,22
16106,124,111,13,13
16107,83,88,-5,5
16108,79,81,-2,2
16109,52,68,-16,16
16110,92,85,7,7
16111,71,66,5,5
16112,47,42,5,5
16113,83,78,5,5
16114,68,65,3,3
16115,65,67,-2,2
16116,99,86,13,13
16117,114,108,6,6
16118,98,93,5,5
16119,84,94,-10,10
16120,181,143,38,38
16121,51,48,3,3
16122,95,76,19,19
16123,77,73,4,4
16124,70,70,0,0
16125,103,91,12,12
16126,106,91,15,15
16127,70,70,0,0
16128,92,84,8,8
16129,104,96,8,8
16130,49,54,-5,5
16131,62,67,-5,5
16132,52,51,1,1
16133,88,78,10,10
16134,84,71,13,13
16135,80,78,2,2
16136,55,56,-1,1
16137,84,72,12,12
16138,158,125,33,33
16139,76,66,10,10
16140,58,60,-2,2
16141,94,80,14,14
16142,44,42,2,2
16143,96,84,12,12
16144,134,114,20,20
16145,124,110,14,14
16146,137,125,12,12
16147,139,118,21,21
16148,40,40,0,0
16149,64,62,2,2
16150,100,90,10,10
16151,90,84,6,6
16152,88,81,7,7
16153,80,74,6,6
16154,67,61,6,6
16155,96,82,14,14
16156,74,61,13,13
16157,80,65,15,15
16158,54,57,-3,3
16159,133,118,15,15
16160,71,63,8,8
16161,151,126,25,25
16162,150,133,17,17
16163,107,99,8,8
16164,104,96,8,8
16165,96,85,11,11
16166,164,145,19,19
16167,61,69,-8,8
16168,95,86,9,9
16169,120,105,15,15
16170,107,101,6,6
16171,116,96,20,20
16172,89,81,8,8
16173,42,39,3,3
16174,74,68,6,6
16175,100,96,4,4
16176,66,57,9,9
16177,105,96,9,9
16178,108,86,22,22
16179,144,127,17,17
16180,118,111,7,7
16181,82,73,9,9
16182,164,130,34,34
16183,125,116,9,9
16184,68,67,1,1
16185,102,93,9,9
16186,109,106,3,3
16187,111,89,22,22
16188,115,94,21,21
16189,58,51,7,7
16190,109,91,18,18
16191,90,85,5,5
16192,99,85,14,14
16193,124,122,2,2
16194,147,107,40,40
16195,67,63,4,4
16196,89,82,7,7
16197,77,64,13,13
16198,106,116,-10,10
16199,78,74,4,4
16200,58,65,-7,7
16201,119,100,19,19
16202,74,73,1,1
16203,80,76,4,4
16204,143,122,21,21
16205,160,133,27,27
16206,117,101,16,16
16207,79,67,12,12
16208,103,94,9,9
16209,88,69,19,19
16210,74,73,1,1
16211,96,90,6,6
16212,94,106,-12,12
16213,66,59,7,7
16214,43,49,-6,6
16215,137,119,18,18
16216,89,78,11,11
16217,95,91,4,4
16218,172,158,14,14
16219,37,40,-3,3
16220,75,71,4,4
16221,112,102,10,10
16222,98,93,5,5
16223,137,121,16,16
16224,122,103,19,19
16225,55,48,7,7
16226,65,58,7,7
16227,105,96,9,9
16228,67,66,1,1
16229,115,95,20,20
16230,35,48,-13,13
16231,95,83,12,12
16232,62,54,8,8
16233,60,53,7,7
16234,142,118,24,24
16235,74,79,-5,5
16236,100,85,15,15
16237,179,95,84,84
16238,173,140,33,33
16239,161,144,17,17
16240,76,72,4,4
16241,79,81,-2,2
16242,116,95,21,21
16243,58,58,0,0
16244,83,76,7,7
16245,48,51,-3,3
16246,74,66,8,8
16247,57,61,-4,4
16248,84,74,10,10
16249,114,95,19,19
16250,72,59,13,13
16251,96,92,4,4
16252,113,131,-18,18
16253,105,89,16,16
16254,149,121,28,28
16255,62,60,2,2
16256,72,60,12,12
16257,77,71,6,6
16258,152,131,21,21
16259,94,81,13,13
16260,115,101,14,14
16261,56,50,6,6
16262,65,62,3,3
16263,111,95,16,16
16264,73,72,1,1
16265,75,66,9,9
16266,90,87,3,3
16267,121,115,6,6
16268,111,94,17,17
16269,179,151,28,28
16270,136,125,11,11
16271,111,104,7,7
16272,35,62,-27,27
16273,90,83,7,7
16274,58,52,6,6
16275,172,140,32,32
16276,77,70,7,7
16277,81,69,12,12
16278,31,36,-5,5
16279,87,84,3,3
16280,63,73,-10,10
16281,114,94,20,20
16282,96,87,9,9
16283,83,73,10,10
16284,117,110,7,7
16285,121,96,25,25
16286,89,84,5,5
16287,106,98,8,8
16288,108,93,15,15
16289,121,107,14,14
16290,160,135,25,25
16291,110,98,12,12
16292,87,70,17,17
16293,107,95,12,12
16294,117,108,9,9
16295,74,70,4,4
16296,96,87,9,9
16297,133,114,19,19
16298,81,84,-3,3
16299,81,75,6,6
16300,76,71,5,5
16301,57,60,-3,3
16302,131,122,9,9
16303,91,75,16,16
16304,39,45,-6,6
16305,119,100,19,19
16306,138,117,21,21
16307,105,101,4,4
16308,77,70,7,7
16309,132,120,12,12
16310,58,58,0,0
16311,42,40,2,2
16312,67,63,4,4
16313,54,48,6,6
16314,74,67,7,7
16315,95,87,8,8
16316,73,63,10,10
16317,75,86,-11,11
16318,58,57,1,1
16319,112,95,17,17
16320,114,95,19,19
16321,118,110,8,8
16322,63,60,3,3
16323,59,65,-6,6
16324,56,52,4,4
16325,66,60,6,6
16326,64,62,2,2
16327,100,84,16,16
16328,97,88,9,9
16329,155,131,24,24
16330,93,76,17,17
16331,123,110,13,13
16332,89,75,14,14
16333,76,76,0,0
16334,178,168,10,10
16335,67,57,10,10
16336,112,93,19,19
16337,105,92,13,13
16338,95,81,14,14
16339,81,77,4,4
16340,67,72,-5,5
16341,79,72,7,7
16342,117,109,8,8
16343,72,73,-1,1
16344,103,94,9,9
16345,109,95,14,14
16346,59,59,0,0
16347,101,90,11,11
16348,112,101,11,11
16349,158,131,27,27
16350,119,109,10,10
16351,92,80,12,12
16352,38,39,-1,1
16353,66,68,-2,2
16354,69,79,-10,10
16355,51,55,-4,4
16356,200,148,52,52
16357,93,81,12,12
16358,97,88,9,9
16359,171,125,46,46
16360,65,68,-3,3
16361,102,90,12,12
16362,72,66,6,6
16363,55,55,0,0
16364,118,89,29,29
16365,86,75,11,11
16366,135,112,23,23
16367,78,69,9,9
16368,115,108,7,7
16369,140,131,9,9
16370,61,61,0,0
16371,48,53,-5,5
16372,78,71,7,7
16373,195,167,28,28
16374,48,53,-5,5
16375,71,64,7,7
16376,126,110,16,16
16377,207,169,38,38
16378,111,90,21,21
16379,75,79,-4,4
16380,106,93,13,13
16381,84,74,10,10
16382,140,123,17,17
16383,77,88,-11,11
16384,88,80,8,8
16385,63,55,8,8
16386,146,120,26,26
16387,43,43,0,0
16388,87,80,7,7
16389,63,56,7,7
16390,92,91,1,1
16391,64,65,-1,1
16392,107,89,18,18
16393,114,98,16,16
16394,76,63,13,13
16395,108,107,1,1
16396,61,54,7,7
16397,157,138,19,19
16398,161,133,28,28
16399,81,73,8,8
16400,42,42,0,0
16401,120,87,33,33
16402,118,95,23,23
16403,99,90,9,9
16404,78,72,6,6
16405,39,38,1,1
16406,62,60,2,2
16407,93,79,14,14
16408,51,53,-2,2
16409,63,78,-15,15
16410,131,127,4,4
16411,117,93,24,24
16412,96,82,14,14
16413,158,135,23,23
16414,88,81,7,7
16415,77,76,1,1
16416,84,76,8,8
16417,123,105,18,18
16418,84,74,10,10
16419,122,111,11,11
16420,88,82,6,6
16421,73,60,13,13
16422,198,164,34,34
16423,87,71,16,16
16424,76,78,-2,2
16425,85,80,5,5
16426,86,84,2,2
16427,161,150,11,11
16428,132,100,32,32
16429,65,52,13,13
16430,65,55,10,10
16431,155,131,24,24
16432,94,90,4,4
16433,91,79,12,12
16434,94,95,-1,1
16435,132,113,19,19
16436,74,70,4,4
16437,134,118,16,16
16438,186,162,24,24
16439,117,100,17,17
16440,128,114,14,14
16441,49,50,-1,1
16442,52,53,-1,1
16443,54,46,8,8
16444,49,54,-5,5
16445,61,63,-2,2
16446,87,79,8,8
16447,121,115,6,6
16448,110,99,11,11
16449,29,35,-6,6
16450,75,67,8,8
16451,119,110,9,9
16452,100,86,14,14
16453,73,84,-11,11
16454,71,70,1,1
16455,61,73,-12,12
16456,91,96,-5,5
16457,68,75,-7,7
16458,79,74,5,5
16459,141,133,8,8
16460,89,83,6,6
16461,132,117,15,15
16462,110,99,11,11
16463,70,68,2,2
16464,49,48,1,1
16465,99,92,7,7
16466,60,53,7,7
16467,94,83,11,11
16468,89,81,8,8
16469,149,129,20,20
16470,78,67,11,11
16471,133,131,2,2
16472,134,131,3,3
16473,65,66,-1,1
16474,117,94,23,23
16475,96,84,12,12
16476,130,105,25,25
16477,138,121,17,17
16478,85,81,4,4
16479,128,113,15,15
16480,84,76,8,8
16481,127,105,22,22
16482,67,66,1,1
16483,149,135,14,14
16484,77,67,10,10
16485,91,83,8,8
16486,137,115,22,22
16487,142,123,19,19
16488,68,67,1,1
16489,129,116,13,13
16490,120,104,16,16
16491,38,40,-2,2
16492,109,98,11,11
16493,101,85,16,16
16494,66,90,-24,24
16495,61,64,-3,3
16496,107,95,12,12
16497,112,91,21,21
16498,114,114,0,0
16499,96,89,7,7
16500,136,122,14,14
16501,60,60,0,0
16502,108,90,18,18
16503,109,102,7,7
16504,98,87,11,11
16505,53,62,-9,9
16506,68,57,11,11
16507,114,100,14,14
16508,181,164,17,17
16509,121,103,18,18
16510,67,62,5,5
16511,78,64,14,14
16512,74,68,6,6
16513,47,43,4,4
16514,113,113,0,0
16515,41,39,2,2
16516,57,57,0,0
16517,68,57,11,11
16518,88,85,3,3
16519,76,86,-10,10
16520,96,88,8,8
16521,45,49,-4,4
16522,119,104,15,15
16523,104,100,4,4
16524,111,98,13,13
16525,62,52,10,10
16526,94,86,8,8
16527,86,75,11,11
16528,78,80,-2,2
16529,132,117,15,15
16530,105,93,12,12
16531,141,114,27,27
16532,59,57,2,2
16533,205,160,45,45
16534,91,84,7,7
16535,87,95,-8,8
16536,87,78,9,9
16537,102,79,23,23
16538,94,80,14,14
16539,77,71,6,6
16540,61,57,4,4
16541,152,121,31,31
16542,85,79,6,6
16543,120,104,16,16
16544,83,81,2,2
16545,135,117,18,18
16546,52,50,2,2
16547,79,68,11,11
16548,50,52,-2,2
16549,152,127,25,25
16550,80,67,13,13
16551,83,78,5,5
16552,163,147,16,16
16553,75,78,-3,3
16554,72,70,2,2
16555,93,82,11,11
16556,118,99,19,19
16557,84,79,5,5
16558,72,64,8,8
16559,75,71,4,4
16560,79,75,4,4
16561,84,82,2,2
16562,88,82,6,6
16563,99,87,12,12
16564,59,56,3,3
16565,112,100,12,12
16566,128,102,26,26
16567,115,101,14,14
16568,101,104,-3,3
16569,60,57,3,3
16570,80,80,0,0
16571,134,122,12,12
16572,72,65,7,7
16573,160,132,28,28
16574,123,109,14,14
16575,111,96,15,15
16576,61,63,-2,2
16577,68,66,2,2
16578,131,125,6,6
16579,135,111,24,24
16580,217,198,19,19
16581,56,45,11,11
16582,86,83,3,3
16583,104,94,10,10
16584,87,88,-1,1
16585,76,70,6,6
16586,137,115,22,22
16587,86,79,7,7
16588,53,52,1,1
16589,82,79,3,3
16590,52,44,8,8
16591,85,76,9,9
16592,110,94,16,16
16593,58,51,7,7
16594,103,95,8,8
16595,40,39,1,1
16596,70,65,5,5
16597,50,44,6,6
16598,69,66,3,3
16599,108,101,7,7
16600,82,68,14,14
16601,138,116,22,22
16602,103,94,9,9
16603,119,102,17,17
16604,111,92,19,19
16605,154,129,25,25
16606,131,114,17,17
16607,67,64,3,3
16608,76,67,9,9
16609,104,94,10,10
16610,134,109,25,25
16611,41,46,-5,5
16612,54,49,5,5
16613,116,101,15,15
16614,58,53,5,5
16615,74,76,-2,2
16616,101,93,8,8
16617,62,54,8,8
16618,141,125,16,16
16619,93,78,15,15
16620,98,87,11,11
16621,88,92,-4,4
16622,33,36,-3,3
16623,115,111,4,4
16624,86,76,10,10
16625,156,129,27,27
16626,66,59,7,7
16627,93,80,13,13
16628,61,57,4,4
16629,128,110,18,18
16630,161,128,33,33
16631,51,50,1,1
16632,59,56,3,3
16633,97,87,10,10
16634,157,129,28,28
16635,91,88,3,3
16636,67,55,12,12
16637,90,85,5,5
16638,82,74,8,8
16639,104,91,13,13
16640,96,86,10,10
16641,122,114,8,8
16642,86,76,10,10
16643,126,112,14,14
16644,87,76,11,11
16645,77,79,-2,2
16646,117,99,18,18
16647,144,120,24,24
16648,86,70,16,16
16649,61,51,10,10
16650,79,89,-10,10
16651,96,81,15,15
16652,89,86,3,3
16653,89,87,2,2
16654,110,97,13,13
16655,87,72,15,15
16656,39,43,-4,4
16657,98,86,12,12
16658,151,129,22,22
16659,89,82,7,7
16660,67,61,6,6
16661,71,63,8,8
16662,119,99,20,20
16663,86,79,7,7
16664,147,124,23,23
16665,51,45,6,6
16666,83,87,-4,4
16667,83,75,8,8
16668,54,52,2,2
16669,138,111,27,27
16670,64,61,3,3
16671,80,75,5,5
16672,58,59,-1,1
16673,92,81,11,11
16674,56,68,-12,12
16675,114,111,3,3
16676,58,57,1,1
16677,51,52,-1,1
16678,111,97,14,14
16679,66,70,-4,4
16680,64,62,2,2
16681,99,97,2,2
16682,73,63,10,10
16683,110,89,21,21
16684,99,99,0,0
16685,92,80,12,12
16686,57,53,4,4
16687,138,119,19,19
16688,156,139,17,17
16689,113,99,14,14
16690,37,39,-2,2
16691,119,103,16,16
16692,109,100,9,9
16693,137,119,18,18
16694,187,130,57,57
16695,77,77,0,0
16696,78,65,13,13
16697,89,84,5,5
16698,144,129,15,15
16699,111,100,11,11
16700,46,50,-4,4
16701,119,105,14,14
16702,89,71,18,18
16703,85,70,15,15
16704,155,124,31,31
16705,164,151,13,13
16706,176,150,26,26
16707,61,60,1,1
16708,143,133,10,10
16709,66,50,16,16
16710,138,113,25,25
16711,107,95,12,12
16712,80,70,10,10
16713,95,84,11,11
16714,94,95,-1,1
16715,90,80,10,10
16716,65,63,2,2
16717,75,71,4,4
16718,54,52,2,2
16719,84,77,7,7
16720,129,105,24,24
16721,142,113,29,29
16722,96,94,2,2
16723,112,101,11,11
16724,93,75,18,18
16725,57,54,3,3
16726,36,47,-11,11
16727,46,50,-4,4
16728,94,90,4,4
16729,57,57,0,0
16730,106,101,5,5
16731,130,118,12,12
16732,62,58,4,4
16733,89,84,5,5
16734,137,119,18,18
16735,107,102,5,5
16736,58,52,6,6
16737,73,65,8,8
16738,86,79,7,7
16739,103,91,12,12
16740,121,108,13,13
16741,66,57,9,9
16742,87,85,2,2
16743,59,50,9,9
16744,109,100,9,9
16745,79,81,-2,2
16746,68,62,6,6
16747,66,64,2,2
16748,72,68,4,4
16749,100,89,11,11
16750,102,92,10,10
16751,55,55,0,0
16752,98,87,11,11
16753,107,96,11,11
16754,77,62,15,15
16755,76,76,0,0
16756,65,62,3,3
16757,134,105,29,29
16758,39,46,-7,7
16759,123,114,9,9
16760,64,59,5,5
16761,105,92,13,13
16762,66,61,5,5
16763,203,173,30,30
16764,144,109,35,35
16765,75,74,1,1
16766,106,92,14,14
16767,104,92,12,12
16768,73,74,-1,1
16769,83,67,16,16
16770,81,87,-6,6
16771,83,77,6,6
16772,100,97,3,3
16773,103,88,15,15
16774,76,70,6,6
16775,66,64,2,2
16776,72,67,5,5
16777,87,90,-3,3
16778,81,84,-3,3
16779,109,96,13,13
16780,103,86,17,17
16781,112,111,1,1
16782,170,145,25,25
16783,89,80,9,9
16784,73,73,0,0
16785,59,54,5,5
16786,135,118,17,17
16787,61,62,-1,1
16788,78,74,4,4
16789,125,104,21,21
16790,64,66,-2,2
16791,54,54,0,0
16792,119,102,17,17
16793,92,88,4,4
16794,117,100,17,17
16795,88,73,15,15
16796,99,88,11,11
16797,48,49,-1,1
16798,123,114,9,9
16799,113,105,8,8
16800,98,89,9,9
16801,66,59,7,7
16802,82,72,10,10
16803,38,39,-1,1
16804,86,83,3,3
16805,135,132,3,3
16806,140,121,19,19
16807,73,65,8,8
16808,95,88,7,7
16809,40,42,-2,2
16810,67,81,-14,14
16811,160,138,22,22
16812,121,102,19,19
16813,104,79,25,25
16814,98,87,11,11
16815,125,105,20,20
16816,119,95,24,24
16817,109,102,7,7
16818,73,69,4,4
16819,212,166,46,46
16820,81,71,10,10
16821,104,92,12,12
16822,44,44,0,0
16823,82,64,18,18
16824,181,143,38,38
16825,50,47,3,3
16826,90,92,-2,2
16827,87,78,9,9
16828,76,81,-5,5
16829,211,179,32,32
16830,104,89,15,15
16831,114,99,15,15
16832,143,129,14,14
16833,142,124,18,18
16834,153,149,4,4
16835,60,52,8,8
16836,60,57,3,3
16837,111,85,26,26
16838,143,136,7,7
16839,76,73,3,3
16840,73,67,6,6
16841,76,64,12,12
16842,75,69,6,6
16843,58,59,-1,1
16844,57,49,8,8
16845,112,98,14,14
16846,151,123,28,28
16847,51,44,7,7
16848,64,63,1,1
16849,80,75,5,5
16850,89,77,12,12
16851,155,133,22,22
16852,97,85,12,12
16853,82,80,2,2
16854,122,101,21,21
16855,110,102,8,8
16856,91,76,15,15
16857,27,54,-27,27
16858,55,51,4,4
16859,107,92,15,15
16860,61,61,0,0
16861,67,69,-2,2
16862,111,107,4,4
16863,95,83,12,12
16864,129,116,13,13
16865,165,157,8,8
16866,139,118,21,21
16867,97,118,-21,21
16868,88,79,9,9
16869,64,69,-5,5
16870,83,72,11,11
16871,118,106,12,12
16872,81,73,8,8
16873,78,71,7,7
16874,164,146,18,18
16875,60,71,-11,11
16876,23,34,-11,11
16877,60,56,4,4
16878,58,60,-2,2
16879,102,95,7,7
16880,100,90,10,10
16881,103,95,8,8
16882,98,81,17,17
16883,136,124,12,12
16884,110,97,13,13
16885,95,85,10,10
16886,113,102,11,11
16887,143,138,5,5
16888,141,125,16,16
16889,117,100,17,17
16890,63,66,-3,3
16891,83,69,14,14
16892,52,53,-1,1
16893,95,96,-1,1
16894,85,80,5,5
16895,75,76,-1,1
16896,137,118,19,19
16897,81,75,6,6
16898,55,59,-4,4
16899,128,99,29,29
16900,135,106,29,29
16901,107,93,14,14
16902,68,67,1,1
16903,95,88,7,7
16904,131,111,20,20
16905,106,96,10,10
16906,84,90,-6,6
16907,120,110,10,10
16908,69,64,5,5
16909,93,91,2,2
16910,100,89,11,11
16911,152,131,21,21
16912,139,132,7,7
16913,109,97,12,12
16914,122,106,16,16
16915,70,66,4,4
16916,89,75,14,14
16917,81,65,16,16
16918,59,55,4,4
16919,74,68,6,6
16920,121,97,24,24
16921,88,76,12,12
16922,72,84,-12,12
16923,107,97,10,10
16924,47,52,-5,5
16925,105,91,14,14
16926,61,65,-4,4
16927,116,102,14,14
16928,110,94,16,16
16929,63,57,6,6
16930,121,103,18,18
16931,52,48,4,4
16932,92,78,14,14
16933,102,105,-3,3
16934,86,79,7,7
16935,171,166,5,5
16936,97,94,3,3
16937,105,85,20,20
16938,127,114,13,13
16939,84,84,0,0
16940,99,83,16,16
16941,65,57,8,8
16942,86,69,17,17
16943,107,87,20,20
16944,84,77,7,7
16945,136,112,24,24
16946,82,69,13,13
16947,52,54,-2,2
16948,103,105,-2,2
16949,102,93,9,9
16950,126,106,20,20
16951,185,157,28,28
16952,143,121,22,22
16953,48,60,-12,12
16954,142,109,33,33
16955,58,58,0,0
16956,164,144,20,20
16957,95,86,9,9
16958,191,166,25,25
16959,115,107,8,8
16960,58,55,3,3
16961,121,104,17,17
16962,101,88,13,13
16963,79,76,3,3
16964,84,80,4,4
16965,69,63,6,6
16966,153,135,18,18
16967,67,69,-2,2
16968,69,75,-6,6
16969,71,70,1,1
16970,94,87,7,7
16971,110,99,11,11
16972,105,95,10,10
16973,88,85,3,3
16974,93,88,5,5
16975,70,60,10,10
16976,65,65,0,0
16977,62,62,0,0
16978,120,104,16,16
16979,55,49,6,6
16980,73,72,1,1
16981,102,92,10,10
16982,71,66,5,5
16983,111,115,-4,4
16984,156,137,19,19
16985,89,86,3,3
16986,67,61,6,6
16987,71,69,2,2
16988,71,69,2,2
16989,108,93,15,15
16990,72,65,7,7
16991,80,70,10,10
16992,104,83,21,21
16993,111,102,9,9
16994,58,51,7,7
16995,68,60,8,8
16996,92,80,12,12
16997,161,137,24,24
16998,107,88,19,19
16999,66,70,-4,4
17000,76,75,1,1
17001,105,93,12,12
17002,140,116,24,24
17003,77,68,9,9
17004,70,69,1,1
17005,133,113,20,20
17006,50,53,-3,3
17007,66,62,4,4
17008,60,66,-6,6
17009,72,71,1,1
17010,123,103,20,20
17011,88,80,8,8
17012,110,96,14,14
17013,94,85,9,9
17014,88,79,9,9
17015,82,69,13,13
17016,107,111,-4,4
17017,69,61,8,8
17018,85,82,3,3
17019,81,76,5,5
17020,57,55,2,2
17021,124,102,22,22
17022,126,115,11,11
17023,59,47,12,12
17024,78,74,4,4
17025,112,103,9,9
17026,87,89,-2,2
17027,101,86,15,15
17028,101,90,11,11
17029,150,133,17,17
17030,135,111,24,24
17031,146,126,20,20
17032,61,59,2,2
17033,103,91,12,12
17034,134,112,22,22
17035,68,64,4,4
17036,84,70,14,14
17037,59,58,1,1
17038,115,101,14,14
17039,98,76,22,22
17040,118,120,-2,2
17041,97,89,8,8
17042,94,94,0,0
17043,143,120,23,23
17044,119,105,14,14
17045,82,82,0,0
17046,86,85,1,1
17047,79,77,2,2
17048,178,164,14,14
17049,151,122,29,29
17050,133,113,20,20
17051,71,71,0,0
17052,56,47,9,9
17053,61,56,5,5
17054,69,69,0,0
17055,95,89,6,6
17056,98,85,13,13
17057,88,82,6,6
17058,86,81,5,5
17059,79,78,1,1
17060,77,67,10,10
17061,88,94,-6,6
17062,110,95,15,15
17063,138,126,12,12
17064,98,96,2,2
17065,99,86,13,13
17066,73,68,5,5
17067,143,124,19,19
17068,44,42,2,2
17069,136,113,23,23
17070,150,125,25,25
17071,125,113,12,12
17072,134,115,19,19
17073,93,88,5,5
17074,107,92,15,15
17075,38,41,-3,3
17076,133,132,1,1
17077,151,131,20,20
17078,104,99,5,5
17079,83,73,10,10
17080,124,99,25,25
17081,161,142,19,19
17082,72,65,7,7
17083,77,76,1,1
17084,111,100,11,11
17085,107,98,9,9
17086,107,101,6,6
17087,98,94,4,4
17088,168,145,23,23
17089,100,84,16,16
17090,70,67,3,3
17091,68,63,5,5
17092,74,61,13,13
17093,129,117,12,12
17094,121,107,14,14
17095,69,61,8,8
17096,121,109,12,12
17097,103,92,11,11
17098,187,164,23,23
17099,61,56,5,5
17100,81,68,13,13
17101,117,114,3,3
17102,46,53,-7,7
17103,77,70,7,7
17104,85,81,4,4
17105,47,50,-3,3
17106,81,73,8,8
17107,99,81,18,18
17108,152,140,12,12
17109,58,64,-6,6
17110,45,50,-5,5
17111,87,77,10,10
17112,100,77,23,23
17113,41,39,2,2
17114,184,141,43,43
17115,72,67,5,5
17116,38,39,-1,1
17117,79,91,-12,12
17118,98,80,18,18
17119,71,67,4,4
17120,62,60,2,2
17121,90,75,15,15
17122,97,77,20,20
17123,52,48,4,4
17124,74,62,12,12
17125,154,130,24,24
17126,99,86,13,13
17127,44,38,6,6
17128,85,74,11,11
17129,128,117,11,11
17130,128,102,26,26
17131,78,83,-5,5
17132,62,61,1,1
17133,112,109,3,3
17134,63,64,-1,1
17135,88,80,8,8
17136,51,47,4,4
17137,129,113,16,16
17138,65,59,6,6
17139,56,51,5,5
17140,102,88,14,14
17141,87,75,12,12
17142,129,114,15,15
17143,61,61,0,0
17144,79,72,7,7
17145,57,61,-4,4
17146,171,139,32,32
17147,90,83,7,7
17148,96,83,13,13
17149,91,82,9,9
17150,47,48,-1,1
17151,87,91,-4,4
17152,86,92,-6,6
17153,133,122,11,11
17154,133,117,16,16
17155,89,87,2,2
17156,64,52,12,12
17157,54,53,1,1
17158,99,103,-4,4
17159,91,83,8,8
17160,76,74,2,2
17161,75,68,7,7
17162,72,63,9,9
17163,107,102,5,5
17164,39,38,1,1
17165,99,85,14,14
17166,121,103,18,18
17167,89,79,10,10
17168,132,118,14,14
17169,108,105,3,3
17170,84,68,16,16
17171,104,93,11,11
17172,68,62,6,6
17173,55,53,2,2
17174,74,64,10,10
17175,85,81,4,4
17176,63,58,5,5
17177,77,71,6,6
17178,103,95,8,8
17179,66,62,4,4
17180,77,65,12,12
17181,112,95,17,17
17182,127,122,5,5
17183,100,93,7,7
17184,59,61,-2,2
17185,111,94,17,17
17186,29,35,-6,6
17187,77,70,7,7
17188,98,92,6,6
17189,108,97,11,11
17190,196,168,28,28
17191,79,72,7,7
17192,150,134,16,16
17193,99,85,14,14
17194,73,65,8,8
17195,75,70,5,5
17196,62,59,3,3
17197,77,74,3,3
17198,100,81,19,19
17199,139,128,11,11
17200,80,72,8,8
17201,151,113,38,38
17202,125,112,13,13
17203,70,72,-2,2
17204,141,120,21,21
17205,76,76,0,0
17206,74,77,-3,3
17207,108,90,18,18
17208,146,114,32,32
17209,65,57,8,8
17210,92,92,0,0
17211,98,86,12,12
17212,112,109,3,3
17213,155,124,31,31
17214,109,96,13,13
17215,127,110,17,17
17216,40,49,-9,9
17217,106,106,0,0
17218,106,103,3,3
17219,68,61,7,7
17220,73,69,4,4
17221,69,65,4,4
17222,93,85,8,8
17223,95,88,7,7
17224,99,87,12,12
17225,108,94,14,14
17226,77,73,4,4
17227,76,70,6,6
17228,102,94,8,8
17229,117,101,16,16
17230,88,79,9,9
17231,82,75,7,7
17232,99,86,13,13
17233,147,118,29,29
17234,66,60,6,6
17235,79,65,14,14
17236,62,64,-2,2
17237,175,150,25,25
17238,101,90,11,11
17239,64,63,1,1
17240,74,69,5,5
17241,72,82,-10,10
17242,64,64,0,0
17243,73,66,7,7
17244,48,54,-6,6
17245,186,156,30,30
17246,100,111,-11,11
17247,120,104,16,16
17248,53,61,-8,8
17249,120,100,20,20
17250,98,95,3,3
17251,34,37,-3,3
17252,97,84,13,13
17253,118,99,19,19
17254,128,103,25,25
17255,90,80,10,10
17256,63,62,1,1
17257,160,128,32,32
17258,177,135,42,42
17259,185,155,30,30
17260,104,94,10,10
17261,68,63,5,5
17262,119,110,9,9
17263,110,92,18,18
17264,67,57,10,10
17265,56,57,-1,1
17266,160,134,26,26
17267,103,107,-4,4
17268,68,62,6,6
17269,112,103,9,9
17270,75,68,7,7
17271,101,95,6,6
17272,89,99,-10,10
17273,57,65,-8,8
17274,65,60,5,5
17275,95,93,2,2
17276,93,87,6,6
17277,100,88,12,12
17278,127,117,10,10
17279,105,87,18,18
17280,58,48,10,10
17281,70,67,3,3
17282,146,130,16,16
17283,90,77,13,13
17284,75,67,8,8
17285,92,84,8,8
17286,122,107,15,15
17287,77,72,5,5
17288,50,51,-1,1
17289,69,67,2,2
17290,36,38,-2,2
17291,97,81,16,16
17292,81,80,1,1
17293,127,122,5,5
17294,142,125,17,17
17295,98,93,5,5
17296,91,74,17,17
17297,84,80,4,4
17298,94,87,7,7
17299,71,75,-4,4
17300,87,72,15,15
17301,109,95,14,14
17302,58,52,6,6
17303,63,64,-1,1
17304,65,61,4,4
17305,45,42,3,3
17306,87,69,18,18
17307,64,62,2,2
17308,82,77,5,5
17309,156,141,15,15
17310,138,107,31,31
17311,76,74,2,2
17312,134,114,20,20
17313,115,101,14,14
17314,92,86,6,6
17315,126,114,12,12
17316,103,97,6,6
17317,56,56,0,0
17318,125,123,2,2
17319,108,88,20,20
17320,69,64,5,5
17321,151,128,23,23
17322,88,87,1,1
17323,101,89,12,12
17324,165,148,17,17
17325,151,120,31,31
17326,82,74,8,8
17327,65,59,6,6
17328,93,86,7,7
17329,102,92,10,10
17330,71,70,1,1
17331,66,66,0,0
17332,101,95,6,6
17333,109,92,17,17
17334,67,55,12,12
17335,150,128,22,22
17336,71,50,21,21
17337,93,90,3,3
17338,106,100,6,6
17339,127,109,18,18
17340,167,144,23,23
17341,67,65,2,2
17342,137,122,15,15
17343,90,81,9,9
17344,48,50,-2,2
17345,79,68,11,11
17346,72,71,1,1
17347,139,121,18,18
17348,81,78,3,3
17349,124,112,12,12
17350,114,96,18,18
17351,75,72,3,3
17352,73,68,5,5
17353,90,75,15,15
17354,156,139,17,17
17355,107,99,8,8
17356,88,79,9,9
17357,135,128,7,7
17358,120,96,24,24
17359,55,64,-9,9
17360,58,57,1,1
17361,104,101,3,3
17362,53,47,6,6
17363,65,56,9,9
17364,71,66,5,5
17365,36,41,-5,5
17366,135,113,22,22
17367,159,140,19,19
17368,118,95,23,23
17369,93,89,4,4
17370,91,83,8,8
17371,66,67,-1,1
17372,68,58,10,10
17373,81,74,7,7
17374,138,128,10,10
17375,68,65,3,3
17376,128,120,8,8
17377,97,98,-1,1
17378,83,81,2,2
17379,194,160,34,34
17380,63,57,6,6
17381,68,57,11,11
17382,68,65,3,3
17383,89,86,3,3
17384,103,86,17,17
17385,113,112,1,1
17386,95,83,12,12
17387,93,75,18,18
17388,68,62,6,6
17389,57,49,8,8
17390,58,59,-1,1
17391,174,140,34,34
17392,71,67,4,4
17393,106,92,14,14
17394,63,58,5,5
17395,63,53,10,10
17396,126,105,21,21
17397,104,91,13,13
17398,83,78,5,5
17399,80,76,4,4
17400,175,152,23,23
17401,77,87,-10,10
17402,146,124,22,22
17403,78,69,9,9
17404,114,93,21,21
17405,86,91,-5,5
17406,149,133,16,16
17407,170,146,24,24
17408,121,104,17,17
17409,61,57,4,4
17410,64,54,10,10
17411,67,58,9,9
17412,99,97,2,2
17413,185,152,33,33
17414,56,62,-6,6
17415,99,88,11,11
17416,75,77,-2,2
17417,85,70,15,15
17418,92,80,12,12
17419,91,79,12,12
17420,80,66,14,14
17421,56,63,-7,7
17422,80,70,10,10
17423,135,115,20,20
17424,98,108,-10,10
17425,150,137,13,13
17426,53,58,-5,5
17427,106,94,12,12
17428,74,71,3,3
17429,196,154,42,42
17430,88,75,13,13
17431,47,50,-3,3
17432,101,99,2,2
17433,110,94,16,16
17434,116,103,13,13
17435,96,92,4,4
17436,65,57,8,8
17437,55,47,8,8
17438,140,127,13,13
17439,94,78,16,16
17440,89,73,16,16
17441,101,84,17,17
17442,80,68,12,12
17443,112,96,16,16
17444,106,103,3,3
17445,103,97,6,6
17446,60,59,1,1
17447,95,92,3,3
17448,87,82,5,5
17449,45,43,2,2
17450,92,86,6,6
17451,108,92,16,16
17452,98,86,12,12
17453,62,60,2,2
17454,107,96,11,11
17455,74,63,11,11
17456,137,110,27,27
17457,75,68,7,7
17458,66,61,5,5
17459,100,87,13,13
17460,129,126,3,3
17461,79,73,6,6
17462,111,93,18,18
17463,88,86,2,2
17464,63,59,4,4
17465,95,90,5,5
17466,74,68,6,6
17467,108,94,14,14
17468,115,96,19,19
17469,96,85,11,11
17470,146,120,26,26
17471,178,150,28,28
17472,171,148,23,23
17473,171,139,32,32
17474,151,140,11,11
17475,90,84,6,6
17476,94,78,16,16
17477,89,72,17,17
17478,71,67,4,4
17479,223,187,36,36
17480,66,64,2,2
17481,116,102,14,14
17482,69,62,7,7
17483,153,130,23,23
17484,48,51,-3,3
17485,83,80,3,3
17486,177,149,28,28
17487,70,76,-6,6
17488,80,78,2,2
17489,77,74,3,3
17490,69,62,7,7
17491,81,69,12,12
17492,115,106,9,9
17493,96,94,2,2
17494,94,77,17,17
17495,46,48,-2,2
17496,88,93,-5,5
17497,90,73,17,17
17498,89,89,0,0
17499,65,57,8,8
17500,78,70,8,8
17501,76,72,4,4
17502,116,94,22,22
17503,127,108,19,19
17504,146,131,15,15
17505,89,86,3,3
17506,42,56,-14,14
17507,73,61,12,12
17508,61,57,4,4
17509,79,68,11,11
17510,105,92,13,13
17511,64,60,4,4
17512,115,105,10,10
17513,66,66,0,0
17514,75,68,7,7
17515,82,74,8,8
17516,46,54,-8,8
17517,106,99,7,7
17518,74,75,-1,1
17519,58,65,-7,7
17520,89,84,5,5
17521,76,66,10,10
17522,90,74,16,16
17523,108,96,12,12
17524,89,90,-1,1
17525,75,66,9,9
17526,98,86,12,12
17527,87,76,11,11
17528,65,63,2,2
17529,121,98,23,23
17530,63,62,1,1
17531,139,130,9,9
17532,80,75,5,5
17533,75,71,4,4
17534,64,63,1,1
17535,48,43,5,5
17536,115,101,14,14
17537,82,75,7,7
17538,120,105,15,15
17539,141,128,13,13
17540,67,66,1,1
17541,48,57,-9,9
17542,117,101,16,16
17543,173,149,24,24
17544,74,74,0,0
17545,53,52,1,1
17546,33,40,-7,7
17547,79,75,4,4
17548,76,65,11,11
17549,119,98,21,21
17550,139,121,18,18
17551,77,68,9,9
17552,115,103,12,12
17553,67,69,-2,2
17554,105,86,19,19
17555,127,116,11,11
17556,84,75,9,9
17557,106,100,6,6
17558,79,80,-1,1
17559,96,93,3,3
17560,82,72,10,10
17561,146,124,22,22
17562,98,91,7,7
17563,116,111,5,5
17564,42,42,0,0
17565,82,78,4,4
17566,71,66,5,5
17567,103,85,18,18
17568,60,61,-1,1
17569,86,79,7,7
17570,137,112,25,25
17571,105,89,16,16
17572,68,68,0,0
17573,94,89,5,5
17574,190,161,29,29
17575,61,57,4,4
17576,112,98,14,14
17577,72,60,12,12
17578,137,113,24,24
17579,85,79,6,6
17580,190,162,28,28
17581,145,136,9,9
17582,100,93,7,7
17583,143,118,25,25
17584,81,75,6,6
17585,58,59,-1,1
17586,79,82,-3,3
17587,119,102,17,17
17588,63,61,2,2
17589,106,91,15,15
17590,111,94,17,17
17591,90,84,6,6
17592,134,123,11,11
17593,129,104,25,25
17594,67,62,5,5
17595,128,116,12,12
17596,43,43,0,0
17597,58,55,3,3
17598,123,115,8,8
17599,63,57,6,6
17600,61,61,0,0
17601,74,59,15,15
17602,117,96,21,21
17603,132,98,34,34
17604,73,58,15,15
17605,127,112,15,15
17606,170,150,20,20
17607,101,95,6,6
17608,118,96,22,22
17609,73,64,9,9
17610,82,76,6,6
17611,100,89,11,11
17612,62,58,4,4
17613,80,67,13,13
17614,50,50,0,0
17615,68,65,3,3
17616,163,140,23,23
17617,49,46,3,3
17618,75,71,4,4
17619,133,112,21,21
17620,115,105,10,10
17621,102,96,6,6
17622,74,70,4,4
17623,161,134,27,27
17624,130,118,12,12
17625,122,104,18,18
17626,109,94,15,15
17627,120,115,5,5
17628,72,48,24,24
17629,90,85,5,5
17630,80,85,-5,5
17631,103,102,1,1
17632,134,115,19,19
17633,93,87,6,6
17634,82,74,8,8
17635,184,147,37,37
17636,84,77,7,7
17637,62,57,5,5
17638,65,60,5,5
17639,68,66,2,2
17640,118,105,13,13
17641,81,76,5,5
17642,116,105,11,11
17643,116,104,12,12
17644,85,74,11,11
17645,55,55,0,0
17646,91,80,11,11
17647,79,75,4,4
17648,24,42,-18,18
17649,155,131,24,24
17650,97,78,19,19
17651,69,70,-1,1
17652,105,94,11,11
17653,158,143,15,15
17654,129,116,13,13
17655,115,97,18,18
17656,92,92,0,0
17657,82,77,5,5
17658,100,90,10,10
17659,66,54,12,12
17660,46,49,-3,3
17661,141,133,8,8
17662,128,111,17,17
17663,101,77,24,24
17664,103,87,16,16
17665,75,67,8,8
17666,125,110,15,15
17667,50,44,6,6
17668,67,61,6,6
17669,91,87,4,4
17670,95,86,9,9
17671,133,113,20,20
17672,124,108,16,16
17673,59,51,8,8
17674,138,117,21,21
17675,132,116,16,16
17676,109,96,13,13
17677,72,72,0,0
17678,84,79,5,5
17679,107,95,12,12
17680,73,75,-2,2
17681,76,73,3,3
17682,122,98,24,24
17683,107,102,5,5
17684,38,38,0,0
17685,127,104,23,23
17686,82,70,12,12
17687,189,152,37,37
17688,115,101,14,14
17689,100,89,11,11
17690,70,60,10,10
17691,81,62,19,19
17692,150,145,5,5
17693,94,80,14,14
17694,88,77,11,11
17695,81,79,2,2
17696,148,132,16,16
17697,75,79,-4,4
17698,90,80,10,10
17699,124,109,15,15
17700,46,43,3,3
17701,103,98,5,5
17702,101,83,18,18
17703,93,86,7,7
17704,105,97,8,8
17705,91,84,7,7
17706,138,122,16,16
17707,85,79,6,6
17708,102,87,15,15
17709,72,77,-5,5
17710,81,74,7,7
17711,118,104,14,14
17712,114,108,6,6
17713,118,102,16,16
17714,79,75,4,4
17715,149,130,19,19
17716,74,72,2,2
17717,46,47,-1,1
17718,76,63,13,13
17719,80,72,8,8
17720,124,123,1,1
17721,126,121,5,5
17722,57,50,7,7
17723,91,93,-2,2
17724,206,162,44,44
17725,122,99,23,23
17726,89,85,4,4
17727,108,98,10,10
17728,170,141,29,29
17729,89,81,8,8
17730,90,78,12,12
17731,85,81,4,4
17732,80,65,15,15
17733,105,83,22,22
17734,84,66,18,18
17735,97,87,10,10
17736,60,58,2,2
17737,39,44,-5,5
17738,103,87,16,16
17739,122,111,11,11
17740,105,96,9,9
17741,72,70,2,2
17742,72,73,-1,1
17743,126,108,18,18
17744,113,95,18,18
17745,88,78,10,10
17746,121,108,13,13
17747,88,83,5,5
17748,72,63,9,9
17749,65,66,-1,1
17750,74,74,0,0
17751,112,106,6,6
17752,53,51,2,2
17753,138,118,20,20
17754,108,99,9,9
17755,65,61,4,4
17756,72,71,1,1
17757,122,106,16,16
17758,48,55,-7,7
17759,93,80,13,13
17760,124,107,17,17
17761,92,85,7,7
17762,66,65,1,1
17763,69,64,5,5
17764,144,137,7,7
17765,103,96,7,7
17766,96,86,10,10
17767,107,94,13,13
17768,129,113,16,16
17769,60,57,3,3
17770,72,65,7,7
17771,53,50,3,3
17772,117,92,25,25
17773,109,102,7,7
17774,73,67,6,6
17775,121,104,17,17
17776,193,167,26,26
17777,69,70,-1,1
17778,80,65,15,15
17779,135,108,27,27
17780,47,44,3,3
17781,75,66,9,9
17782,135,131,4,4
17783,97,86,11,11
17784,76,74,2,2
17785,108,95,13,13
17786,110,102,8,8
17787,87,85,2,2
17788,59,56,3,3
17789,163,140,23,23
17790,80,75,5,5
17791,169,138,31,31
17792,91,84,7,7
17793,122,106,16,16
17794,97,88,9,9
17795,63,65,-2,2
17796,139,127,12,12
17797,76,69,7,7
17798,80,73,7,7
17799,79,68,11,11
17800,112,100,12,12
17801,94,85,9,9
17802,103,97,6,6
17803,53,56,-3,3
17804,70,68,2,2
17805,156,140,16,16
17806,29,49,-20,20
17807,128,120,8,8
17808,125,113,12,12
17809,126,96,30,30
17810,50,62,-12,12
17811,152,137,15,15
17812,195,145,50,50
17813,76,75,1,1
17814,87,77,10,10
17815,80,68,12,12
17816,66,59,7,7
17817,72,65,7,7
17818,104,102,2,2
17819,67,60,7,7
17820,109,99,10,10
17821,146,126,20,20
17822,59,64,-5,5
17823,78,68,10,10
17824,73,65,8,8
17825,139,121,18,18
17826,103,88,15,15
17827,112,107,5,5
17828,99,82,17,17
17829,68,70,-2,2
17830,53,55,-2,2
17831,152,115,37,37
17832,55,51,4,4
17833,96,93,3,3
17834,78,73,5,5
17835,69,83,-14,14
17836,54,50,4,4
17837,118,101,17,17
17838,120,97,23,23
17839,45,52,-7,7
17840,94,82,12,12
17841,141,126,15,15
17842,81,80,1,1
17843,85,88,-3,3
17844,100,95,5,5
17845,104,95,9,9
17846,189,148,41,41
17847,79,66,13,13
17848,98,90,8,8
17849,53,49,4,4
17850,139,117,22,22
17851,96,101,-5,5
17852,75,69,6,6
17853,74,72,2,2
17854,142,128,14,14
17855,135,135,0,0
17856,40,38,2,2
17857,176,146,30,30
17858,55,55,0,0
17859,70,73,-3,3
17860,71,67,4,4
17861,55,59,-4,4
17862,168,147,21,21
17863,146,120,26,26
17864,111,102,9,9
17865,117,91,26,26
17866,64,59,5,5
17867,106,90,16,16
17868,110,89,21,21
17869,79,73,6,6
17870,95,81,14,14
17871,121,105,16,16
17872,129,117,12,12
17873,98,81,17,17
17874,60,54,6,6
17875,53,54,-1,1
17876,121,101,20,20
17877,112,119,-7,7
17878,54,54,0,0
17879,76,72,4,4
17880,126,120,6,6
17881,131,110,21,21
17882,45,45,0,0
17883,135,117,18,18
17884,95,80,15,15
17885,80,67,13,13
17886,96,86,10,10
17887,143,120,23,23
17888,59,57,2,2
17889,140,127,13,13
17890,73,69,4,4
17891,109,101,8,8
17892,116,115,1,1
17893,42,44,-2,2
17894,44,40,4,4
17895,151,133,18,18
17896,109,104,5,5
17897,106,84,22,22
17898,131,97,34,34
17899,139,118,21,21
17900,77,66,11,11
17901,127,109,18,18
17902,79,83,-4,4
17903,140,123,17,17
17904,63,56,7,7
17905,121,112,9,9
17906,65,56,9,9
17907,146,127,19,19
17908,110,92,18,18
17909,101,96,5,5
17910,35,38,-3,3
17911,105,92,13,13
17912,154,144,10,10
17913,72,64,8,8
17914,98,92,6,6
17915,126,120,6,6
17916,142,121,21,21
17917,98,104,-6,6
17918,82,80,2,2
17919,86,87,-1,1
17920,79,68,11,11
17921,111,90,21,21
17922,74,66,8,8
17923,58,54,4,4
17924,48,45,3,3
17925,74,67,7,7
17926,123,108,15,15
17927,40,41,-1,1
17928,80,61,19,19
17929,63,50,13,13
17930,115,90,25,25
17931,107,98,9,9
17932,80,67,13,13
17933,85,78,7,7
17934,166,147,19,19
17935,71,73,-2,2
17936,56,57,-1,1
17937,48,52,-4,4
17938,96,81,15,15
17939,54,53,1,1
17940,124,112,12,12
17941,92,83,9,9
17942,51,53,-2,2
17943,62,62,0,0
17944,89,79,10,10
17945,141,119,22,22
17946,87,66,21,21
17947,75,78,-3,3
17948,81,72,9,9
17949,65,76,-11,11
17950,90,74,16,16
17951,85,75,10,10
17952,71,70,1,1
17953,61,62,-1,1
17954,104,92,12,12
17955,98,94,4,4
17956,68,62,6,6
17957,77,63,14,14
17958,90,80,10,10
17959,71,77,-6,6
17960,59,67,-8,8
17961,109,91,18,18
17962,105,97,8,8
17963,175,146,29,29
17964,83,83,0,0
17965,139,115,24,24
17966,68,65,3,3
17967,88,84,4,4
17968,75,65,10,10
17969,104,99,5,5
17970,126,104,22,22
17971,91,84,7,7
17972,94,89,5,5
17973,89,79,10,10
17974,41,44,-3,3
17975,91,99,-8,8
17976,81,75,6,6
17977,72,64,8,8
17978,146,117,29,29
17979,80,74,6,6
17980,141,105,36,36
17981,104,87,17,17
17982,111,95,16,16
17983,115,106,9,9
17984,67,61,6,6
17985,132,113,19,19
17986,118,107,11,11
17987,79,67,12,12
17988,67,71,-4,4
17989,158,121,37,37
17990,90,75,15,15
17991,78,73,5,5
17992,52,50,2,2
17993,67,63,4,4
17994,57,68,-11,11
17995,93,85,8,8
17996,73,66,7,7
17997,100,95,5,5
17998,150,122,28,28
17999,68,63,5,5
18000,74,69,5,5
18001,100,91,9,9
18002,92,92,0,0
18003,101,98,3,3
18004,96,80,16,16
18005,161,134,27,27
18006,71,70,1,1
18007,97,87,10,10
18008,62,56,6,6
18009,70,66,4,4
18010,106,91,15,15
18011,67,69,-2,2
18012,56,61,-5,5
18013,75,66,9,9
18014,47,43,4,4
18015,78,70,8,8
18016,62,54,8,8
18017,68,66,2,2
18018,106,90,16,16
18019,125,102,23,23
18020,84,88,-4,4
18021,107,93,14,14
18022,63,56,7,7
18023,76,81,-5,5
18024,98,82,16,16
18025,139,104,35,35
18026,94,87,7,7
18027,142,126,16,16
18028,121,108,13,13
18029,79,72,7,7
18030,123,112,11,11
18031,82,77,5,5
18032,174,153,21,21
18033,116,114,2,2
18034,51,52,-1,1
18035,157,125,32,32
18036,57,55,2,2
18037,71,61,10,10
18038,30,35,-5,5
18039,102,93,9,9
18040,140,113,27,27
18041,156,140,16,16
18042,44,41,3,3
18043,157,132,25,25
18044,91,84,7,7
18045,111,108,3,3
18046,107,104,3,3
18047,83,81,2,2
18048,83,74,9,9
18049,103,89,14,14
18050,84,70,14,14
18051,79,72,7,7
18052,119,95,24,24
18053,66,67,-1,1
18054,34,45,-11,11
18055,134,115,19,19
18056,108,95,13,13
18057,60,63,-3,3
18058,33,36,-3,3
18059,105,101,4,4
18060,71,70,1,1
18061,92,89,3,3
18062,62,61,1,1
18063,54,53,1,1
18064,85,82,3,3
18065,154,124,30,30
18066,109,93,16,16
18067,120,123,-3,3
18068,55,50,5,5
18069,102,102,0,0
18070,58,52,6,6
18071,34,39,-5,5
18072,91,82,9,9
18073,110,96,14,14
18074,117,97,20,20
18075,102,113,-11,11
18076,95,82,13,13
18077,38,43,-5,5
18078,88,79,9,9
18079,107,85,22,22
18080,113,101,12,12
18081,58,56,2,2
18082,56,58,-2,2
18083,68,65,3,3
18084,59,54,5,5
18085,169,154,15,15
18086,70,60,10,10
18087,117,101,16,16
18088,84,74,10,10
18089,150,141,9,9
18090,123,118,5,5
18091,72,68,4,4
18092,108,100,8,8
18093,87,78,9,9
18094,123,132,-9,9
18095,79,74,5,5
18096,112,115,-3,3
18097,77,69,8,8
18098,123,107,16,16
18099,109,106,3,3
18100,82,68,14,14
18101,57,59,-2,2
18102,120,100,20,20
18103,117,109,8,8
18104,53,49,4,4
18105,72,72,0,0
18106,90,75,15,15
18107,92,98,-6,6
18108,88,75,13,13
18109,55,64,-9,9
18110,62,52,10,10
18111,108,100,8,8
18112,85,69,16,16
18113,66,77,-11,11
18114,165,154,11,11
18115,124,118,6,6
18116,75,76,-1,1
18117,54,51,3,3
18118,141,125,16,16
18119,67,62,5,5
18120,94,89,5,5
18121,102,99,3,3
18122,119,110,9,9
18123,53,55,-2,2
18124,122,120,2,2
18125,60,56,4,4
18126,88,82,6,6
18127,101,94,7,7
18128,64,62,2,2
18129,48,62,-14,14
18130,75,66,9,9
18131,53,65,-12,12
18132,123,100,23,23
18133,90,80,10,10
18134,137,126,11,11
18135,95,89,6,6
18136,88,95,-7,7
18137,106,101,5,5
18138,155,132,23,23
18139,75,63,12,12
18140,62,59,3,3
18141,91,77,14,14
18142,58,48,10,10
18143,51,56,-5,5
18144,120,110,10,10
18145,94,88,6,6
18146,112,97,15,15
18147,84,88,-4,4
18148,67,66,1,1
18149,83,76,7,7
18150,162,140,22,22
18151,122,108,14,14
18152,36,40,-4,4
18153,127,109,18,18
18154,75,82,-7,7
18155,119,95,24,24
18156,147,128,19,19
18157,105,93,12,12
18158,55,52,3,3
18159,90,79,11,11
18160,57,54,3,3
18161,100,91,9,9
18162,63,54,9,9
18163,58,59,-1,1
18164,140,128,12,12
18165,107,94,13,13
18166,71,72,-1,1
18167,145,129,16,16
18168,64,66,-2,2
18169,94,77,17,17
18170,71,62,9,9
18171,68,67,1,1
18172,109,90,19,19
18173,67,65,2,2
18174,81,75,6,6
18175,101,87,14,14
18176,135,111,24,24
18177,60,50,10,10
18178,154,128,26,26
18179,131,107,24,24
18180,97,81,16,16
18181,65,61,4,4
18182,132,114,18,18
18183,95,89,6,6
18184,97,82,15,15
18185,122,102,20,20
18186,80,80,0,0
18187,89,76,13,13
18188,97,79,18,18
18189,106,96,10,10
18190,101,92,9,9
18191,116,114,2,2
18192,70,81,-11,11
18193,44,44,0,0
18194,149,128,21,21
18195,95,87,8,8
18196,79,70,9,9
18197,114,103,11,11
18198,77,64,13,13
18199,121,101,20,20
18200,80,74,6,6
18201,117,99,18,18
18202,150,126,24,24
18203,85,73,12,12
18204,72,75,-3,3
18205,112,97,15,15
18206,91,80,11,11
18207,61,54,7,7
18208,126,107,19,19
18209,78,69,9,9
18210,129,115,14,14
18211,71,67,4,4
18212,72,71,1,1
18213,166,143,23,23
18214,134,115,19,19
18215,36,36,0,0
18216,63,63,0,0
18217,73,66,7,7
18218,88,81,7,7
18219,88,87,1,1
18220,113,109,4,4
18221,138,119,19,19
18222,88,64,24,24
18223,127,117,10,10
18224,216,187,29,29
18225,108,97,11,11
18226,137,122,15,15
18227,66,74,-8,8
18228,68,69,-1,1
18229,100,88,12,12
18230,50,49,1,1
18231,130,118,12,12
18232,100,95,5,5
18233,201,159,42,42
18234,53,51,2,2
18235,65,62,3,3
18236,60,56,4,4
18237,177,154,23,23
18238,88,74,14,14
18239,64,62,2,2
18240,141,130,11,11
18241,87,84,3,3
18242,144,123,21,21
18243,118,97,21,21
18244,84,80,4,4
18245,80,78,2,2
18246,131,121,10,10
18247,61,59,2,2
18248,93,83,10,10
18249,78,80,-2,2
18250,58,52,6,6
18251,99,81,18,18
18252,107,90,17,17
18253,119,105,14,14
18254,104,103,1,1
18255,87,83,4,4
18256,88,77,11,11
18257,131,117,14,14
18258,126,110,16,16
18259,125,104,21,21
18260,99,97,2,2
18261,127,111,16,16
18262,34,50,-16,16
18263,77,65,12,12
18264,88,81,7,7
18265,106,109,-3,3
18266,104,90,14,14
18267,78,80,-2,2
18268,78,70,8,8
18269,211,167,44,44
18270,68,51,17,17
18271,110,99,11,11
18272,86,80,6,6
18273,102,94,8,8
18274,82,70,12,12
18275,57,53,4,4
18276,106,97,9,9
18277,52,55,-3,3
18278,60,52,8,8
18279,78,74,4,4
18280,66,55,11,11
18281,134,115,19,19
18282,61,58,3,3
18283,88,78,10,10
18284,95,87,8,8
18285,79,74,5,5
18286,109,98,11,11
18287,74,71,3,3
18288,82,70,12,12
18289,77,71,6,6
18290,89,79,10,10
18291,115,100,15,15
18292,64,61,3,3
18293,143,122,21,21
18294,189,156,33,33
18295,27,36,-9,9
18296,82,82,0,0
18297,127,122,5,5
18298,121,101,20,20
18299,103,94,9,9
18300,55,51,4,4
18301,163,148,15,15
18302,93,86,7,7
18303,95,86,9,9
18304,123,112,11,11
18305,59,58,1,1
18306,112,92,20,20
18307,76,71,5,5
18308,77,80,-3,3
18309,62,59,3,3
18310,71,67,4,4
18311,60,55,5,5
18312,141,128,13,13
18313,91,86,5,5
18314,96,84,12,12
18315,58,56,2,2
18316,93,83,10,10
18317,165,147,18,18
18318,199,174,25,25
18319,98,88,10,10
18320,152,135,17,17
18321,81,68,13,13
18322,93,79,14,14
18323,122,103,19,19
18324,83,77,6,6
18325,82,81,1,1
18326,61,59,2,2
18327,87,82,5,5
18328,44,46,-2,2
18329,90,91,-1,1
18330,50,52,-2,2
18331,122,109,13,13
18332,82,75,7,7
18333,101,96,5,5
18334,93,85,8,8
18335,132,108,24,24
18336,111,106,5,5
18337,96,77,19,19
18338,47,45,2,2
18339,113,103,10,10
18340,182,160,22,22
18341,107,113,-6,6
18342,99,98,1,1
18343,72,70,2,2
18344,84,82,2,2
18345,55,54,1,1
18346,154,141,13,13
18347,39,42,-3,3
18348,107,94,13,13
18349,89,87,2,2
18350,114,106,8,8
18351,99,93,6,6
18352,76,73,3,3
18353,61,61,0,0
18354,112,91,21,21
18355,79,73,6,6
18356,81,72,9,9
18357,80,78,2,2
18358,49,57,-8,8
18359,48,39,9,9
18360,113,99,14,14
18361,91,87,4,4
18362,76,70,6,6
18363,144,131,13,13
18364,67,61,6,6
18365,81,66,15,15
18366,111,97,14,14
18367,78,74,4,4
18368,53,55,-2,2
18369,77,73,4,4
18370,71,83,-12,12
18371,76,67,9,9
18372,65,60,5,5
18373,90,83,7,7
18374,165,141,24,24
18375,188,163,25,25
18376,58,141,-83,83
18377,81,74,7,7
18378,65,63,2,2
18379,91,85,6,6
18380,116,106,10,10
18381,145,121,24,24
18382,111,101,10,10
18383,146,123,23,23
18384,119,103,16,16
18385,91,86,5,5
18386,116,106,10,10
18387,48,47,1,1
18388,107,106,1,1
18389,63,61,2,2
18390,120,99,21,21
18391,86,76,10,10
18392,93,84,9,9
18393,89,84,5,5
18394,95,85,10,10
18395,90,77,13,13
18396,104,91,13,13
18397,144,129,15,15
18398,119,99,20,20
18399,82,75,7,7
18400,61,71,-10,10
18401,93,90,3,3
18402,142,120,22,22
18403,73,66,7,7
18404,133,106,27,27
18405,128,121,7,7
18406,104,92,12,12
18407,90,81,9,9
18408,88,86,2,2
18409,65,73,-8,8
18410,102,88,14,14
18411,176,142,34,34
18412,90,88,2,2
18413,241,193,48,48
18414,115,92,23,23
18415,69,63,6,6
18416,94,79,15,15
18417,123,107,16,16
18418,96,98,-2,2
18419,90,87,3,3
18420,59,58,1,1
18421,76,70,6,6
18422,72,67,5,5
18423,70,66,4,4
18424,67,60,7,7
18425,83,78,5,5
18426,205,168,37,37
18427,62,63,-1,1
18428,214,185,29,29
18429,79,68,11,11
18430,142,118,24,24
18431,88,78,10,10
18432,107,103,4,4
18433,120,101,19,19
18434,108,97,11,11
18435,102,87,15,15
18436,64,64,0,0
18437,86,85,1,1
18438,70,68,2,2
18439,130,96,34,34
18440,97,80,17,17
18441,85,82,3,3
18442,67,59,8,8
18443,142,108,34,34
18444,48,50,-2,2
18445,88,75,13,13
18446,123,113,10,10
18447,69,70,-1,1
18448,92,83,9,9
18449,69,68,1,1
18450,45,44,1,1
18451,64,59,5,5
18452,84,69,15,15
18453,131,115,16,16
18454,78,73,5,5
18455,32,38,-6,6
18456,85,74,11,11
18457,100,86,14,14
18458,99,77,22,22
18459,125,107,18,18
18460,91,74,17,17
18461,196,167,29,29
18462,94,107,-13,13
18463,54,50,4,4
18464,134,113,21,21
18465,168,135,33,33
18466,64,59,5,5
18467,73,70,3,3
18468,96,81,15,15
18469,82,66,16,16
18470,48,50,-2,2
18471,65,65,0,0
18472,121,115,6,6
18473,102,94,8,8
18474,69,62,7,7
18475,92,82,10,10
18476,79,73,6,6
18477,107,100,7,7
18478,76,82,-6,6
18479,73,72,1,1
18480,75,65,10,10
18481,150,137,13,13
18482,149,129,20,20
18483,144,123,21,21
18484,113,99,14,14
18485,62,65,-3,3
18486,108,100,8,8
18487,103,98,5,5
18488,58,75,-17,17
18489,42,52,-10,10
18490,115,91,24,24
18491,58,82,-24,24
18492,115,93,22,22
18493,109,92,17,17
18494,51,40,11,11
18495,70,65,5,5
18496,68,79,-11,11
18497,143,126,17,17
18498,83,67,16,16
18499,116,99,17,17
18500,45,46,-1,1
18501,90,80,10,10
18502,67,61,6,6
18503,100,92,8,8
18504,113,103,10,10
18505,30,41,-11,11
18506,98,92,6,6
18507,67,66,1,1
18508,53,55,-2,2
18509,105,95,10,10
18510,123,115,8,8
18511,57,54,3,3
18512,125,102,23,23
18513,98,86,12,12
18514,111,102,9,9
18515,122,106,16,16
18516,117,107,10,10
18517,74,69,5,5
18518,84,75,9,9
18519,143,126,17,17
18520,121,103,18,18
18521,121,107,14,14
18522,99,89,10,10
18523,103,86,17,17
18524,104,80,24,24
18525,63,56,7,7
18526,222,169,53,53
18527,113,94,19,19
18528,88,82,6,6
18529,122,94,28,28
18530,109,109,0,0
18531,72,64,8,8
18532,64,57,7,7
18533,144,120,24,24
18534,82,75,7,7
18535,82,81,1,1
18536,162,138,24,24
18537,112,108,4,4
18538,62,59,3,3
18539,78,88,-10,10
18540,48,43,5,5
18541,90,81,9,9
18542,130,107,23,23
18543,70,67,3,3
18544,141,133,8,8
18545,138,121,17,17
18546,126,88,38,38
18547,71,63,8,8
18548,89,86,3,3
18549,138,121,17,17
18550,70,60,10,10
18551,123,105,18,18
18552,72,69,3,3
18553,107,100,7,7
18554,58,52,6,6
18555,90,77,13,13
18556,136,126,10,10
18557,163,142,21,21
18558,108,92,16,16
18559,83,67,16,16
18560,117,104,13,13
18561,142,122,20,20
18562,69,64,5,5
18563,100,83,17,17
18564,211,172,39,39
18565,148,137,11,11
18566,82,72,10,10
18567,86,82,4,4
18568,201,174,27,27
18569,113,108,5,5
18570,126,114,12,12
18571,64,56,8,8
18572,98,87,11,11
18573,51,47,4,4
18574,93,94,-1,1
18575,60,57,3,3
18576,82,73,9,9
18577,95,102,-7,7
18578,94,78,16,16
18579,81,73,8,8
18580,111,101,10,10
18581,63,66,-3,3
18582,55,53,2,2
18583,142,126,16,16
18584,139,117,22,22
18585,118,102,16,16
18586,209,158,51,51
18587,73,66,7,7
18588,103,97,6,6
18589,118,110,8,8
18590,124,109,15,15
18591,79,84,-5,5
18592,124,105,19,19
18593,129,115,14,14
18594,91,79,12,12
18595,83,83,0,0
18596,120,98,22,22
18597,91,76,15,15
18598,101,88,13,13
18599,117,99,18,18
18600,154,127,27,27
18601,83,76,7,7
18602,113,105,8,8
18603,83,79,4,4
18604,106,102,4,4
18605,47,45,2,2
18606,63,60,3,3
18607,99,87,12,12
18608,47,61,-14,14
18609,111,96,15,15
18610,111,93,18,18
18611,152,129,23,23
18612,91,94,-3,3
18613,111,101,10,10
18614,103,106,-3,3
18615,80,78,2,2
18616,133,114,19,19
18617,83,72,11,11
18618,67,57,10,10
18619,124,117,7,7
18620,93,93,0,0
18621,80,75,5,5
18622,64,65,-1,1
18623,74,79,-5,5
18624,92,86,6,6
18625,122,102,20,20
18626,92,96,-4,4
18627,111,104,7,7
18628,148,119,29,29
18629,102,86,16,16
18630,101,89,12,12
18631,89,80,9,9
18632,94,93,1,1
18633,78,71,7,7
18634,88,73,15,15
18635,87,89,-2,2
18636,59,48,11,11
18637,75,75,0,0
18638,101,95,6,6
18639,96,92,4,4
18640,64,60,4,4
18641,106,94,12,12
18642,90,84,6,6
18643,95,90,5,5
18644,107,98,9,9
18645,95,89,6,6
18646,78,78,0,0
18647,124,137,-13,13
18648,142,128,14,14
18649,73,67,6,6
18650,111,100,11,11
18651,92,71,21,21
18652,205,163,42,42
18653,93,82,11,11
18654,87,89,-2,2
18655,43,40,3,3
18656,51,50,1,1
18657,102,93,9,9
18658,85,89,-4,4
18659,152,134,18,18
18660,69,65,4,4
18661,47,48,-1,1
18662,52,55,-3,3
18663,94,90,4,4
18664,149,130,19,19
18665,81,64,17,17
18666,96,79,17,17
18667,88,79,9,9
18668,81,72,9,9
18669,129,110,19,19
18670,107,117,-10,10
18671,93,76,17,17
18672,90,83,7,7
18673,72,70,2,2
18674,82,74,8,8
18675,73,70,3,3
18676,102,92,10,10
18677,52,53,-1,1
18678,79,82,-3,3
18679,131,111,20,20
18680,56,50,6,6
18681,58,51,7,7
18682,66,59,7,7
18683,58,58,0,0
18684,76,73,3,3
18685,83,73,10,10
18686,84,76,8,8
18687,100,94,6,6
18688,114,94,20,20
18689,112,103,9,9
18690,104,89,15,15
18691,110,101,9,9
18692,160,147,13,13
18693,98,88,10,10
18694,122,110,12,12
18695,39,40,-1,1
18696,120,110,10,10
18697,84,77,7,7
18698,64,77,-13,13
18699,87,86,1,1
18700,102,91,11,11
18701,87,81,6,6
18702,76,66,10,10
18703,132,116,16,16
18704,65,56,9,9
18705,136,108,28,28
18706,87,70,17,17
18707,93,80,13,13
18708,130,111,19,19
18709,96,85,11,11
18710,93,82,11,11
18711,67,70,-3,3
18712,116,103,13,13
18713,81,81,0,0
18714,107,99,8,8
18715,70,59,11,11
18716,113,98,15,15
18717,78,76,2,2
18718,93,80,13,13
18719,62,64,-2,2
18720,43,42,1,1
18721,81,70,11,11
18722,85,80,5,5
18723,128,105,23,23
18724,110,101,9,9
18725,37,35,2,2
18726,66,68,-2,2
18727,56,52,4,4
18728,95,86,9,9
18729,95,88,7,7
18730,92,83,9,9
18731,99,95,4,4
18732,75,74,1,1
18733,186,147,39,39
18734,30,35,-5,5
18735,63,59,4,4
18736,60,48,12,12
18737,38,39,-1,1
18738,70,71,-1,1
18739,85,76,9,9
18740,71,55,16,16
18741,122,114,8,8
18742,45,37,8,8
18743,94,82,12,12
18744,133,115,18,18
18745,89,76,13,13
18746,85,71,14,14
18747,80,74,6,6
18748,141,117,24,24
18749,108,96,12,12
18750,39,49,-10,10
18751,85,92,-7,7
18752,99,92,7,7
18753,81,71,10,10
18754,123,111,12,12
18755,98,89,9,9
18756,81,78,3,3
18757,110,101,9,9
18758,64,68,-4,4
18759,75,77,-2,2
18760,59,51,8,8
18761,66,67,-1,1
18762,81,64,17,17
18763,92,84,8,8
18764,115,102,13,13
18765,129,119,10,10
18766,99,87,12,12
18767,72,70,2,2
18768,91,85,6,6
18769,69,67,2,2
18770,80,68,12,12
18771,89,87,2,2
18772,92,91,1,1
18773,95,87,8,8
18774,166,136,30,30
18775,61,55,6,6
18776,59,48,11,11
18777,42,50,-8,8
18778,53,55,-2,2
18779,101,88,13,13
18780,90,78,12,12
18781,116,100,16,16
18782,83,71,12,12
18783,89,82,7,7
18784,121,107,14,14
18785,74,55,19,19
18786,113,95,18,18
18787,85,80,5,5
18788,137,122,15,15
18789,72,76,-4,4
18790,78,64,14,14
18791,113,110,3,3
18792,144,106,38,38
18793,54,51,3,3
18794,74,66,8,8
18795,72,65,7,7
18796,73,69,4,4
18797,163,129,34,34
18798,96,89,7,7
18799,90,81,9,9
18800,64,59,5,5
18801,61,58,3,3
18802,79,72,7,7
18803,118,110,8,8
18804,70,65,5,5
18805,108,97,11,11
18806,83,96,-13,13
18807,55,53,2,2
18808,139,124,15,15
18809,49,47,2,2
18810,159,133,26,26
18811,30,40,-10,10
18812,111,105,6,6
18813,112,97,15,15
18814,149,137,12,12
18815,104,90,14,14
18816,166,131,35,35
18817,76,65,11,11
18818,128,122,6,6
18819,54,57,-3,3
18820,99,91,8,8
18821,53,50,3,3
18822,98,86,12,12
18823,94,88,6,6
18824,144,138,6,6
18825,47,48,-1,1
18826,124,117,7,7
18827,137,133,4,4
18828,55,47,8,8
18829,79,62,17,17
18830,103,95,8,8
18831,67,66,1,1
18832,45,43,2,2
18833,129,106,23,23
18834,33,50,-17,17
18835,108,98,10,10
18836,68,63,5,5
18837,165,139,26,26
18838,108,88,20,20
18839,142,113,29,29
18840,108,101,7,7
18841,56,58,-2,2
18842,73,71,2,2
18843,121,110,11,11
18844,139,130,9,9
18845,124,107,17,17
18846,59,56,3,3
18847,98,106,-8,8
18848,42,41,1,1
18849,94,91,3,3
18850,120,101,19,19
18851,64,63,1,1
18852,52,57,-5,5
18853,193,168,25,25
18854,99,85,14,14
18855,73,75,-2,2
18856,166,125,41,41
18857,116,104,12,12
18858,69,81,-12,12
18859,67,62,5,5
18860,81,68,13,13
18861,112,94,18,18
18862,120,96,24,24
18863,67,55,12,12
18864,105,83,22,22
18865,146,121,25,25
18866,110,92,18,18
18867,90,80,10,10
18868,94,77,17,17
18869,106,108,-2,2
18870,95,86,9,9
18871,112,103,9,9
18872,104,87,17,17
18873,60,62,-2,2
18874,93,71,22,22
18875,171,151,20,20
18876,57,51,6,6
18877,106,91,15,15
18878,83,82,1,1
18879,65,52,13,13
18880,111,101,10,10
18881,117,109,8,8
18882,71,70,1,1
18883,46,54,-8,8
18884,87,93,-6,6
18885,80,70,10,10
18886,58,56,2,2
18887,47,41,6,6
18888,196,161,35,35
18889,100,94,6,6
18890,122,113,9,9
18891,126,113,13,13
18892,61,59,2,2
18893,68,69,-1,1
18894,90,89,1,1
18895,96,92,4,4
18896,154,141,13,13
18897,153,136,17,17
18898,83,74,9,9
18899,130,113,17,17
18900,110,92,18,18
18901,122,107,15,15
18902,85,73,12,12
18903,55,53,2,2
18904,85,75,10,10
18905,122,109,13,13
18906,71,64,7,7
18907,149,127,22,22
18908,101,90,11,11
18909,81,83,-2,2
18910,95,86,9,9
18911,120,104,16,16
18912,137,128,9,9
18913,132,128,4,4
18914,83,70,13,13
18915,121,104,17,17
18916,121,106,15,15
18917,125,124,1,1
18918,81,77,4,4
18919,137,124,13,13
18920,89,80,9,9
18921,113,98,15,15
18922,23,35,-12,12
18923,123,95,28,28
18924,172,152,20,20
18925,64,58,6,6
18926,122,117,5,5
18927,67,62,5,5
18928,86,78,8,8
18929,42,48,-6,6
18930,126,108,18,18
18931,148,119,29,29
18932,81,68,13,13
18933,78,73,5,5
18934,74,66,8,8
18935,52,53,-1,1
18936,67,63,4,4
18937,69,65,4,4
18938,76,76,0,0
18939,56,54,2,2
18940,103,102,1,1
18941,86,88,-2,2
18942,67,68,-1,1
18943,74,74,0,0
18944,61,53,8,8
18945,42,52,-10,10
18946,106,94,12,12
18947,59,56,3,3
18948,65,58,7,7
18949,148,136,12,12
18950,161,136,25,25
18951,140,119,21,21
18952,140,117,23,23
18953,70,71,-1,1
18954,157,128,29,29
18955,70,71,-1,1
18956,110,105,5,5
18957,132,139,-7,7
18958,40,55,-15,15
18959,115,95,20,20
18960,165,145,20,20
18961,46,54,-8,8
18962,108,106,2,2
18963,145,125,20,20
18964,153,125,28,28
18965,64,59,5,5
18966,104,98,6,6
18967,104,81,23,23
18968,103,85,18,18
18969,99,99,0,0
18970,58,55,3,3
18971,78,69,9,9
18972,116,106,10,10
18973,95,100,-5,5
18974,77,68,9,9
18975,100,92,8,8
18976,147,127,20,20
18977,73,69,4,4
18978,90,85,5,5
18979,91,84,7,7
18980,136,116,20,20
18981,156,128,28,28
18982,71,65,6,6
18983,65,61,4,4
18984,82,74,8,8
18985,116,102,14,14
18986,134,115,19,19
18987,70,68,2,2
18988,98,88,10,10
18989,194,161,33,33
18990,58,59,-1,1
18991,111,136,-25,25
18992,55,51,4,4
18993,105,95,10,10
18994,85,80,5,5
18995,105,87,18,18
18996,83,83,0,0
18997,96,81,15,15
18998,83,72,11,11
18999,153,135,18,18
19000,81,75,6,6
19001,60,58,2,2
19002,137,126,11,11
19003,140,119,21,21
19004,88,85,3,3
19005,124,112,12,12
19006,101,87,14,14
19007,84,73,11,11
19008,99,89,10,10
19009,59,49,10,10
19010,83,86,-3,3
19011,113,110,3,3
19012,83,81,2,2
19013,65,63,2,2
19014,52,53,-1,1
19015,120,111,9,9
19016,102,84,18,18
19017,50,72,-22,22
19018,134,125,9,9
19019,90,81,9,9
19020,79,69,10,10
19021,78,75,3,3
19022,122,104,18,18
19023,69,68,1,1
19024,72,66,6,6
19025,71,68,3,3
19026,112,86,26,26
19027,111,91,20,20
19028,96,91,5,5
19029,96,86,10,10
19030,67,64,3,3
19031,102,95,7,7
19032,71,72,-1,1
19033,147,130,17,17
19034,123,114,9,9
19035,89,70,19,19
19036,72,73,-1,1
19037,81,79,2,2
19038,61,57,4,4
19039,79,72,7,7
19040,112,93,19,19
19041,167,153,14,14
19042,74,71,3,3
19043,122,103,19,19
19044,78,80,-2,2
19045,64,66,-2,2
19046,72,71,1,1
19047,90,76,14,14
19048,86,72,14,14
19049,122,106,16,16
19050,70,57,13,13
19051,80,73,7,7
19052,55,53,2,2
19053,86,71,15,15
19054,117,105,12,12
19055,95,87,8,8
19056,88,80,8,8
19057,123,100,23,23
19058,102,87,15,15
19059,73,62,11,11
19060,33,35,-2,2
19061,133,109,24,24
19062,65,66,-1,1
19063,75,59,16,16
19064,39,38,1,1
19065,119,100,19,19
19066,88,82,6,6
19067,110,89,21,21
19068,59,59,0,0
19069,94,93,1,1
19070,90,79,11,11
19071,64,61,3,3
19072,111,100,11,11
19073,95,88,7,7
19074,77,71,6,6
19075,60,57,3,3
19076,151,134,17,17
19077,90,76,14,14
19078,65,64,1,1
19079,100,101,-1,1
19080,59,58,1,1
19081,89,82,7,7
19082,91,93,-2,2
19083,152,131,21,21
19084,58,54,4,4
19085,98,96,2,2
19086,111,96,15,15
19087,94,81,13,13
19088,98,93,5,5
19089,99,84,15,15
19090,132,115,17,17
19091,99,106,-7,7
19092,163,154,9,9
19093,105,86,19,19
19094,109,103,6,6
19095,49,47,2,2
19096,97,102,-5,5
19097,153,127,26,26
19098,73,92,-19,19
19099,71,68,3,3
19100,89,77,12,12
19101,110,90,20,20
19102,73,69,4,4
19103,151,119,32,32
19104,146,128,18,18
19105,74,68,6,6
19106,76,64,12,12
19107,57,115,-58,58
19108,96,78,18,18
19109,143,114,29,29
19110,98,78,20,20
19111,74,71,3,3
19112,78,69,9,9
19113,139,137,2,2
19114,81,78,3,3
19115,74,76,-2,2
19116,81,74,7,7
19117,149,153,-4,4
19118,59,63,-4,4
19119,92,89,3,3
19120,88,77,11,11
19121,94,84,10,10
19122,106,96,10,10
19123,143,112,31,31
19124,61,63,-2,2
19125,84,73,11,11
19126,107,100,7,7
19127,129,122,7,7
19128,80,73,7,7
19129,89,83,6,6
19130,159,136,23,23
19131,44,46,-2,2
19132,116,107,9,9
19133,79,75,4,4
19134,82,69,13,13
19135,77,72,5,5
19136,124,104,20,20
19137,97,92,5,5
19138,62,64,-2,2
19139,65,62,3,3
19140,78,67,11,11
19141,105,93,12,12
19142,107,104,3,3
19143,60,59,1,1
19144,63,56,7,7
19145,71,65,6,6
19146,122,112,10,10
19147,76,68,8,8
19148,137,124,13,13
19149,89,82,7,7
19150,87,86,1,1
19151,147,133,14,14
19152,121,118,3,3
19153,91,77,14,14
19154,62,57,5,5
19155,77,79,-2,2
19156,95,84,11,11
19157,71,68,3,3
19158,129,125,4,4
19159,114,103,11,11
19160,196,159,37,37
19161,113,104,9,9
19162,122,101,21,21
19163,120,100,20,20
19164,104,106,-2,2
19165,99,89,10,10
19166,80,75,5,5
19167,69,71,-2,2
19168,100,95,5,5
19169,63,61,2,2
19170,145,121,24,24
19171,55,47,8,8
19172,91,80,11,11
19173,148,126,22,22
19174,75,64,11,11
19175,106,95,11,11
19176,179,146,33,33
19177,86,86,0,0
19178,72,68,4,4
19179,127,122,5,5
19180,68,60,8,8
19181,69,81,-12,12
19182,136,124,12,12
19183,91,82,9,9
19184,102,97,5,5
19185,128,107,21,21
19186,94,83,11,11
19187,105,93,12,12
19188,146,124,22,22
19189,72,62,10,10
19190,105,93,12,12
19191,137,118,19,19
19192,169,144,25,25
19193,130,136,-6,6
19194,126,115,11,11
19195,125,107,18,18
19196,102,94,8,8
19197,74,67,7,7
19198,74,78,-4,4
19199,97,88,9,9
19200,113,99,14,14
19201,54,52,2,2
19202,127,99,28,28
19203,73,74,-1,1
19204,145,136,9,9
19205,117,104,13,13
19206,123,108,15,15
19207,188,147,41,41
19208,75,76,-1,1
19209,76,79,-3,3
19210,45,46,-1,1
19211,86,77,9,9
19212,74,71,3,3
19213,103,101,2,2
19214,140,113,27,27
19215,95,88,7,7
19216,102,97,5,5
19217,34,38,-4,4
19218,101,89,12,12
19219,62,66,-4,4
19220,81,81,0,0
19221,84,78,6,6
19222,114,115,-1,1
19223,90,77,13,13
19224,66,89,-23,23
19225,98,89,9,9
19226,68,69,-1,1
19227,115,99,16,16
19228,101,69,32,32
19229,137,113,24,24
19230,125,112,13,13
19231,84,80,4,4
19232,43,52,-9,9
19233,99,86,13,13
19234,126,116,10,10
19235,97,89,8,8
19236,105,89,16,16
19237,74,71,3,3
19238,108,96,12,12
19239,70,61,9,9
19240,49,50,-1,1
19241,133,118,15,15
19242,105,89,16,16
19243,147,135,12,12
19244,98,88,10,10
19245,124,107,17,17
19246,73,69,4,4
19247,78,67,11,11
19248,106,100,6,6
19249,63,57,6,6
19250,87,84,3,3
19251,80,69,11,11
19252,101,90,11,11
19253,80,73,7,7
19254,107,87,20,20
19255,65,66,-1,1
19256,62,54,8,8
19257,124,115,9,9
19258,37,39,-2,2
19259,109,98,11,11
19260,48,53,-5,5
19261,152,126,26,26
19262,163,144,19,19
19263,126,110,16,16
19264,62,82,-20,20
19265,128,123,5,5
19266,104,93,11,11
19267,110,112,-2,2
19268,79,76,3,3
19269,79,75,4,4
19270,145,123,22,22
19271,74,76,-2,2
19272,59,58,1,1
19273,107,96,11,11
19274,88,85,3,3
19275,47,58,-11,11
19276,111,103,8,8
19277,108,92,16,16
19278,133,109,24,24
19279,155,143,12,12
19280,85,78,7,7
19281,135,112,23,23
19282,104,89,15,15
19283,149,138,11,11
19284,78,73,5,5
19285,76,69,7,7
19286,96,90,6,6
19287,130,107,23,23
19288,90,79,11,11
19289,55,73,-18,18
19290,123,116,7,7
19291,65,60,5,5
19292,69,57,12,12
19293,50,52,-2,2
19294,51,56,-5,5
19295,81,66,15,15
19296,108,99,9,9
19297,81,75,6,6
19298,42,41,1,1
19299,141,109,32,32
19300,66,69,-3,3
19301,103,91,12,12
19302,147,123,24,24
19303,105,83,22,22
19304,136,105,31,31
19305,58,58,0,0
19306,108,85,23,23
19307,63,57,6,6
19308,116,106,10,10
19309,147,122,25,25
19310,73,65,8,8
19311,92,86,6,6
19312,63,57,6,6
19313,98,90,8,8
19314,153,133,20,20
19315,98,87,11,11
19316,68,71,-3,3
19317,70,54,16,16
19318,69,116,-47,47
19319,68,62,6,6
19320,66,61,5,5
19321,83,76,7,7
19322,113,96,17,17
19323,123,100,23,23
19324,39,40,-1,1
19325,127,105,22,22
19326,119,110,9,9
19327,80,72,8,8
19328,202,193,9,9
19329,71,73,-2,2
19330,49,49,0,0
19331,73,75,-2,2
19332,90,89,1,1
19333,86,78,8,8
19334,71,78,-7,7
19335,62,64,-2,2
19336,89,77,12,12
19337,205,165,40,40
19338,157,119,38,38
19339,95,98,-3,3
19340,54,59,-5,5
19341,86,82,4,4
19342,105,95,10,10
19343,51,56,-5,5
19344,56,59,-3,3
19345,142,135,7,7
19346,151,125,26,26
19347,72,67,5,5
19348,71,76,-5,5
19349,73,66,7,7
19350,58,56,2,2
19351,175,178,-3,3
19352,132,115,17,17
19353,102,94,8,8
19354,115,105,10,10
19355,92,93,-1,1
19356,77,69,8,8
19357,113,99,14,14
19358,103,99,4,4
19359,147,139,8,8
19360,93,99,-6,6
19361,105,96,9,9
19362,95,82,13,13
19363,158,132,26,26
19364,117,106,11,11
19365,113,106,7,7
19366,84,70,14,14
19367,64,66,-2,2
19368,98,90,8,8
19369,91,89,2,2
19370,106,86,20,20
19371,57,59,-2,2
19372,130,116,14,14
19373,67,69,-2,2
19374,60,59,1,1
19375,80,68,12,12
19376,109,100,9,9
19377,56,76,-20,20
19378,61,65,-4,4
19379,162,139,23,23
19380,105,93,12,12
19381,118,101,17,17
19382,88,79,9,9
19383,61,49,12,12
19384,101,89,12,12
19385,130,123,7,7
19386,116,98,18,18
19387,66,66,0,0
19388,67,62,5,5
19389,68,70,-2,2
19390,54,51,3,3
19391,76,69,7,7
19392,91,82,9,9
19393,48,44,4,4
19394,108,98,10,10
19395,50,50,0,0
19396,121,121,0,0
19397,55,49,6,6
19398,99,86,13,13
19399,109,99,10,10
19400,129,109,20,20
19401,59,53,6,6
19402,193,165,28,28
19403,115,101,14,14
19404,168,149,19,19
19405,109,99,10,10
19406,79,82,-3,3
19407,69,62,7,7
19408,124,114,10,10
19409,86,89,-3,3
19410,108,94,14,14
19411,57,56,1,1
19412,69,54,15,15
19413,73,72,1,1
19414,93,94,-1,1
19415,108,92,16,16
19416,47,44,3,3
19417,96,86,10,10
19418,136,129,7,7
19419,62,46,16,16
19420,35,43,-8,8
19421,168,155,13,13
19422,72,60,12,12
19423,53,50,3,3
19424,181,160,21,21
19425,106,92,14,14
19426,110,109,1,1
19427,71,69,2,2
19428,81,82,-1,1
19429,66,62,4,4
19430,96,93,3,3
19431,94,80,14,14
19432,101,82,19,19
19433,56,53,3,3
19434,161,133,28,28
19435,120,103,17,17
19436,90,84,6,6
19437,74,70,4,4
19438,119,102,17,17
19439,120,105,15,15
19440,116,125,-9,9
19441,72,67,5,5
19442,100,83,17,17
19443,72,65,7,7
19444,152,134,18,18
19445,65,68,-3,3
19446,84,76,8,8
19447,100,91,9,9
19448,116,94,22,22
19449,88,83,5,5
19450,94,95,-1,1
19451,76,69,7,7
19452,70,70,0,0
19453,72,82,-10,10
19454,114,100,14,14
19455,95,88,7,7
19456,88,75,13,13
19457,103,110,-7,7
19458,82,76,6,6
19459,66,70,-4,4
19460,126,104,22,22
19461,215,204,11,11
19462,127,112,15,15
19463,71,65,6,6
19464,106,86,20,20
19465,125,112,13,13
19466,98,84,14,14
19467,80,87,-7,7
19468,76,74,2,2
19469,126,112,14,14
19470,45,46,-1,1
19471,98,89,9,9
19472,75,69,6,6
19473,76,63,13,13
19474,103,96,7,7
19475,149,126,23,23
19476,110,100,10,10
19477,71,67,4,4
19478,121,119,2,2
19479,86,78,8,8
19480,44,40,4,4
19481,126,114,12,12
19482,145,118,27,27
19483,94,94,0,0
19484,49,53,-4,4
19485,99,88,11,11
19486,75,79,-4,4
19487,77,87,-10,10
19488,65,68,-3,3
19489,117,102,15,15
19490,87,76,11,11
19491,87,90,-3,3
19492,138,124,14,14
19493,66,62,4,4
19494,100,79,21,21
19495,107,91,16,16
19496,82,98,-16,16
19497,76,78,-2,2
19498,67,66,1,1
19499,40,47,-7,7
19500,88,87,1,1
19501,184,152,32,32
19502,92,75,17,17
19503,134,124,10,10
19504,105,95,10,10
19505,112,104,8,8
19506,70,65,5,5
19507,70,69,1,1
19508,57,58,-1,1
19509,120,106,14,14
19510,98,93,5,5
19511,115,99,16,16
19512,84,86,-2,2
19513,97,85,12,12
19514,85,79,6,6
19515,67,65,2,2
19516,93,77,16,16
19517,123,108,15,15
19518,52,93,-41,41
19519,113,99,14,14
19520,63,60,3,3
19521,97,84,13,13
19522,103,91,12,12
19523,91,90,1,1
19524,74,70,4,4
19525,110,107,3,3
19526,162,138,24,24
19527,98,89,9,9
19528,103,90,13,13
19529,96,96,0,0
19530,35,38,-3,3
19531,85,83,2,2
19532,69,66,3,3
19533,80,66,14,14
19534,60,57,3,3
19535,87,92,-5,5
19536,77,70,7,7
19537,139,119,20,20
19538,51,52,-1,1
19539,122,101,21,21
19540,125,104,21,21
19541,63,53,10,10
19542,125,104,21,21
19543,85,87,-2,2
19544,112,100,12,12
19545,58,59,-1,1
19546,104,94,10,10
19547,120,103,17,17
19548,43,45,-2,2
19549,90,93,-3,3
19550,29,34,-5,5
19551,92,76,16,16
19552,99,79,20,20
19553,55,55,0,0
19554,66,58,8,8
19555,78,68,10,10
19556,67,57,10,10
19557,91,75,16,16
19558,143,116,27,27
19559,86,87,-1,1
19560,57,63,-6,6
19561,96,80,16,16
19562,101,103,-2,2
19563,58,51,7,7
19564,113,96,17,17
19565,44,38,6,6
19566,140,110,30,30
19567,150,134,16,16
19568,117,111,6,6
19569,86,82,4,4
19570,99,84,15,15
19571,114,94,20,20
19572,81,72,9,9
19573,64,56,8,8
19574,132,122,10,10
19575,82,76,6,6
19576,141,121,20,20
19577,68,77,-9,9
19578,137,115,22,22
19579,75,66,9,9
19580,71,66,5,5
19581,59,45,14,14
19582,45,37,8,8
19583,70,62,8,8
19584,107,95,12,12
19585,59,54,5,5
19586,41,41,0,0
19587,65,66,-1,1
19588,50,48,2,2
19589,88,83,5,5
19590,114,101,13,13
19591,64,53,11,11
19592,154,142,12,12
19593,64,66,-2,2
19594,46,61,-15,15
19595,120,105,15,15
19596,80,75,5,5
19597,52,48,4,4
19598,88,97,-9,9
19599,65,82,-17,17
19600,49,52,-3,3
19601,82,87,-5,5
19602,108,107,1,1
19603,59,61,-2,2
19604,68,64,4,4
19605,99,82,17,17
19606,100,90,10,10
19607,100,83,17,17
19608,156,134,22,22
19609,91,87,4,4
19610,152,129,23,23
19611,125,103,22,22
19612,60,57,3,3
19613,43,48,-5,5
19614,48,44,4,4
19615,94,91,3,3
19616,70,61,9,9
19617,52,48,4,4
19618,70,64,6,6
19619,154,127,27,27
19620,133,120,13,13
19621,72,65,7,7
19622,79,79,0,0
19623,111,104,7,7
19624,72,66,6,6
19625,147,135,12,12
19626,94,83,11,11
19627,41,41,0,0
19628,79,80,-1,1
19629,61,57,4,4
19630,68,68,0,0
19631,70,63,7,7
19632,80,78,2,2
19633,58,62,-4,4
19634,45,45,0,0
19635,187,152,35,35
19636,84,76,8,8
19637,76,70,6,6
19638,154,133,21,21
19639,139,117,22,22
19640,173,151,22,22
19641,75,63,12,12
19642,148,125,23,23
19643,174,148,26,26
19644,100,97,3,3
19645,29,34,-5,5
19646,102,86,16,16
19647,67,66,1,1
19648,51,48,3,3
19649,133,101,32,32
19650,36,35,1,1
19651,66,59,7,7
19652,65,55,10,10
19653,73,70,3,3
19654,151,126,25,25
19655,87,74,13,13
19656,138,130,8,8
19657,65,59,6,6
19658,97,86,11,11
19659,84,78,6,6
19660,171,145,26,26
19661,110,97,13,13
19662,120,101,19,19
19663,99,87,12,12
19664,135,137,-2,2
19665,90,82,8,8
19666,70,64,6,6
19667,99,94,5,5
19668,58,56,2,2
19669,109,115,-6,6
19670,77,72,5,5
19671,74,67,7,7
19672,134,122,12,12
19673,130,103,27,27
19674,65,62,3,3
19675,109,93,16,16
19676,75,75,0,0
19677,125,112,13,13
19678,99,88,11,11
19679,147,130,17,17
19680,160,134,26,26
19681,49,45,4,4
19682,62,64,-2,2
19683,332,259,73,73
19684,127,111,16,16
19685,34,35,-1,1
19686,145,123,22,22
19687,108,92,16,16
19688,66,64,2,2
19689,65,64,1,1
19690,157,130,27,27
19691,89,75,14,14
19692,97,96,1,1
19693,116,102,14,14
19694,102,93,9,9
19695,118,114,4,4
19696,161,141,20,20
19697,97,86,11,11
19698,40,38,2,2
19699,63,58,5,5
19700,70,74,-4,4
19701,83,73,10,10
19702,100,94,6,6
19703,76,69,7,7
19704,105,95,10,10
19705,72,79,-7,7
19706,69,77,-8,8
19707,136,127,9,9
19708,126,99,27,27
19709,130,122,8,8
19710,116,106,10,10
19711,87,78,9,9
19712,100,93,7,7
19713,100,86,14,14
19714,55,55,0,0
19715,92,85,7,7
19716,101,89,12,12
19717,149,137,12,12
19718,98,81,17,17
19719,89,82,7,7
19720,40,52,-12,12
19721,91,79,12,12
19722,103,95,8,8
19723,88,76,12,12
19724,76,83,-7,7
19725,43,49,-6,6
19726,60,55,5,5
19727,165,136,29,29
19728,148,142,6,6
19729,114,101,13,13
19730,97,79,18,18
19731,141,128,13,13
19732,82,86,-4,4
19733,89,81,8,8
19734,141,127,14,14
19735,31,41,-10,10
19736,87,90,-3,3
19737,83,82,1,1
19738,64,62,2,2
19739,68,69,-1,1
19740,75,64,11,11
19741,102,92,10,10
19742,54,53,1,1
19743,108,103,5,5
19744,104,83,21,21
19745,132,119,13,13
19746,77,68,9,9
19747,130,116,14,14
19748,46,43,3,3
19749,83,38,45,45
19750,79,78,1,1
19751,180,147,33,33
19752,118,114,4,4
19753,105,101,4,4
19754,93,87,6,6
19755,81,69,12,12
19756,61,61,0,0
19757,142,126,16,16
19758,93,86,7,7
19759,100,92,8,8
19760,146,123,23,23
19761,64,63,1,1
19762,116,100,16,16
19763,55,54,1,1
19764,55,58,-3,3
19765,86,89,-3,3
19766,90,80,10,10
19767,146,129,17,17
19768,55,51,4,4
19769,76,73,3,3
19770,48,54,-6,6
19771,84,68,16,16
19772,62,55,7,7
19773,93,81,12,12
19774,104,92,12,12
19775,108,96,12,12
19776,83,83,0,0
19777,57,50,7,7
19778,76,69,7,7
19779,100,116,-16,16
19780,96,89,7,7
19781,124,87,37,37
19782,55,65,-10,10
19783,61,60,1,1
19784,104,93,11,11
19785,70,69,1,1
19786,94,79,15,15
19787,64,64,0,0
19788,113,105,8,8
19789,92,87,5,5
19790,136,127,9,9
19791,115,95,20,20
19792,103,102,1,1
19793,84,79,5,5
19794,60,60,0,0
19795,83,102,-19,19
19796,127,115,12,12
19797,137,115,22,22
19798,64,53,11,11
19799,180,152,28,28
19800,144,119,25,25
19801,82,71,11,11
19802,89,76,13,13
19803,122,120,2,2
19804,85,80,5,5
19805,127,109,18,18
19806,86,75,11,11
19807,81,80,1,1
19808,102,88,14,14
19809,104,76,28,28
19810,47,45,2,2
19811,163,130,33,33
19812,102,91,11,11
19813,152,120,32,32
19814,139,115,24,24
19815,88,72,16,16
19816,57,48,9,9
19817,79,67,12,12
19818,60,45,15,15
19819,104,88,16,16
19820,92,82,10,10
19821,74,67,7,7
19822,94,82,12,12
19823,102,98,4,4
19824,109,95,14,14
19825,86,77,9,9
19826,85,71,14,14
19827,86,75,11,11
19828,158,128,30,30
19829,78,73,5,5
19830,72,65,7,7
19831,127,113,14,14
19832,81,78,3,3
19833,99,91,8,8
19834,64,63,1,1
19835,137,129,8,8
19836,99,94,5,5
19837,74,73,1,1
19838,80,81,-1,1
19839,99,103,-4,4
19840,95,89,6,6
19841,48,46,2,2
19842,77,71,6,6
19843,88,88,0,0
19844,99,89,10,10
19845,87,75,12,12
19846,75,75,0,0
19847,103,97,6,6
19848,190,164,26,26
19849,88,58,30,30
19850,85,80,5,5
19851,59,49,10,10
19852,63,73,-10,10
19853,85,79,6,6
19854,67,80,-13,13
19855,76,76,0,0
19856,115,104,11,11
19857,62,58,4,4
19858,61,61,0,0
19859,147,128,19,19
19860,153,129,24,24
19861,68,58,10,10
19862,106,103,3,3
19863,79,73,6,6
19864,165,137,28,28
19865,63,57,6,6
19866,106,99,7,7
19867,74,72,2,2
19868,135,115,20,20
19869,76,75,1,1
19870,113,106,7,7
19871,77,73,4,4
19872,67,65,2,2
19873,93,99,-6,6
19874,170,146,24,24
19875,77,76,1,1
19876,88,76,12,12
19877,103,90,13,13
19878,85,79,6,6
19879,82,69,13,13
19880,70,71,-1,1
19881,94,96,-2,2
19882,44,50,-6,6
19883,103,85,18,18
19884,99,90,9,9
19885,67,60,7,7
19886,56,58,-2,2
19887,94,86,8,8
19888,77,72,5,5
19889,68,64,4,4
19890,125,102,23,23
19891,110,100,10,10
19892,102,83,19,19
19893,57,46,11,11
19894,68,80,-12,12
19895,75,69,6,6
19896,101,88,13,13
19897,57,52,5,5
19898,93,97,-4,4
19899,52,38,14,14
19900,57,57,0,0
19901,123,100,23,23
19902,111,107,4,4
19903,62,61,1,1
19904,89,92,-3,3
19905,114,96,18,18
19906,45,50,-5,5
19907,79,70,9,9
19908,134,113,21,21
19909,101,88,13,13
19910,92,83,9,9
19911,74,66,8,8
19912,95,84,11,11
19913,49,53,-4,4
19914,86,74,12,12
19915,50,65,-15,15
19916,55,53,2,2
19917,49,43,6,6
19918,87,84,3,3
19919,59,62,-3,3
19920,108,100,8,8
19921,88,79,9,9
19922,118,113,5,5
19923,108,93,15,15
19924,38,65,-27,27
19925,94,82,12,12
19926,35,38,-3,3
19927,114,105,9,9
19928,124,104,20,20
19929,108,105,3,3
19930,129,125,4,4
19931,69,67,2,2
19932,108,103,5,5
19933,66,66,0,0
19934,62,56,6,6
19935,107,102,5,5
19936,65,60,5,5
19937,169,139,30,30
19938,115,100,15,15
19939,116,104,12,12
19940,87,82,5,5
19941,62,60,2,2
19942,128,108,20,20
19943,126,118,8,8
19944,139,128,11,11
19945,217,171,46,46
19946,147,135,12,12
19947,117,99,18,18
19948,181,162,19,19
19949,101,112,-11,11
19950,66,66,0,0
19951,77,68,9,9
19952,110,100,10,10
19953,186,162,24,24
19954,60,57,3,3
19955,68,66,2,2
19956,125,113,12,12
19957,52,51,1,1
19958,75,68,7,7
19959,109,102,7,7
19960,44,48,-4,4
19961,123,117,6,6
19962,123,106,17,17
19963,69,63,6,6
19964,51,52,-1,1
19965,148,121,27,27
19966,104,84,20,20
19967,64,58,6,6
19968,82,85,-3,3
19969,82,70,12,12
19970,135,124,11,11
19971,54,55,-1,1
19972,88,72,16,16
19973,88,76,12,12
19974,102,92,10,10
19975,45,48,-3,3
19976,85,76,9,9
19977,117,95,22,22
19978,124,104,20,20
19979,60,62,-2,2
19980,40,55,-15,15
19981,133,118,15,15
19982,101,91,10,10
19983,80,73,7,7
19984,90,101,-11,11
19985,85,81,4,4
19986,68,66,2,2
19987,150,134,16,16
19988,86,73,13,13
19989,105,101,4,4
19990,45,46,-1,1
19991,149,143,6,6
19992,74,72,2,2
19993,40,43,-3,3
19994,75,75,0,0
19995,47,48,-1,1
19996,70,69,1,1
19997,56,54,2,2
19998,46,46,0,0
19999,98,93,5,5
20000,107,93,14,14
20001,121,101,20,20
20002,192,166,26,26
20003,50,49,1,1
20004,62,72,-10,10
20005,93,84,9,9
20006,96,79,17,17
20007,72,66,6,6
20008,134,124,10,10
20009,98,89,9,9
20010,159,127,32,32
20011,115,100,15,15
20012,54,53,1,1
20013,60,58,2,2
20014,80,73,7,7
20015,103,93,10,10
20016,89,76,13,13
20017,118,109,9,9
20018,109,95,14,14
20019,65,68,-3,3
20020,62,65,-3,3
20021,100,89,11,11
20022,127,120,7,7
20023,54,55,-1,1
20024,113,96,17,17
20025,122,104,18,18
20026,140,115,25,25
20027,71,63,8,8
20028,86,84,2,2
20029,94,90,4,4
20030,124,107,17,17
20031,59,58,1,1
20032,115,99,16,16
20033,61,55,6,6
20034,65,55,10,10
20035,79,76,3,3
20036,122,102,20,20
20037,97,94,3,3
20038,64,64,0,0
20039,107,92,15,15
20040,109,100,9,9
20041,70,65,5,5
20042,63,58,5,5
20043,104,93,11,11
20044,88,71,17,17
20045,91,85,6,6
20046,136,123,13,13
20047,67,64,3,3
20048,65,59,6,6
20049,97,89,8,8
20050,114,105,9,9
20051,122,122,0,0
20052,76,65,11,11
20053,96,92,4,4
20054,90,77,13,13
20055,68,61,7,7
20056,78,74,4,4
20057,158,130,28,28
20058,77,75,2,2
20059,65,61,4,4
20060,126,107,19,19
20061,102,86,16,16
20062,96,81,15,15
20063,120,115,5,5
20064,44,45,-1,1
20065,68,69,-1,1
20066,170,153,17,17
20067,40,40,0,0
20068,43,48,-5,5
20069,95,80,15,15
20070,114,96,18,18
20071,60,59,1,1
20072,35,42,-7,7
20073,70,65,5,5
20074,126,113,13,13
20075,68,63,5,5
20076,137,129,8,8
20077,154,117,37,37
20078,139,124,15,15
20079,103,90,13,13
20080,82,69,13,13
20081,94,93,1,1
20082,136,111,25,25
20083,81,68,13,13
20084,51,43,8,8
20085,126,113,13,13
20086,89,111,-22,22
20087,88,85,3,3
20088,77,62,15,15
20089,83,79,4,4
20090,77,64,13,13
20091,84,76,8,8
20092,82,70,12,12
20093,65,61,4,4
20094,113,93,20,20
20095,78,81,-3,3
20096,54,52,2,2
20097,94,93,1,1
20098,59,62,-3,3
20099,117,112,5,5
20100,78,62,16,16
20101,48,39,9,9
20102,54,58,-4,4
20103,99,95,4,4
20104,71,66,5,5
20105,136,116,20,20
20106,45,48,-3,3
20107,84,81,3,3
20108,82,77,5,5
20109,45,48,-3,3
20110,125,95,30,30
20111,50,50,0,0
20112,71,69,2,2
20113,89,76,13,13
20114,61,63,-2,2
20115,105,90,15,15
20116,143,126,17,17
20117,185,157,28,28
20118,48,45,3,3
20119,98,90,8,8
20120,38,43,-5,5
20121,92,79,13,13
20122,139,121,18,18
20123,99,82,17,17
20124,106,96,10,10
20125,60,70,-10,10
20126,96,74,22,22
20127,138,129,9,9
20128,83,78,5,5
20129,152,111,41,41
20130,115,106,9,9
20131,84,83,1,1
20132,133,112,21,21
20133,128,113,15,15
20134,78,73,5,5
20135,93,86,7,7
20136,105,94,11,11
20137,90,86,4,4
20138,205,155,50,50
20139,80,74,6,6
20140,80,73,7,7
20141,118,93,25,25
20142,60,65,-5,5
20143,101,90,11,11
20144,95,84,11,11
20145,130,126,4,4
20146,113,98,15,15
20147,79,80,-1,1
20148,88,80,8,8
20149,109,92,17,17
20150,98,88,10,10
20151,70,64,6,6
20152,92,80,12,12
20153,157,148,9,9
20154,44,51,-7,7
20155,95,82,13,13
20156,87,74,13,13
20157,109,86,23,23
20158,111,102,9,9
20159,86,74,12,12
20160,149,134,15,15
20161,111,96,15,15
20162,45,44,1,1
20163,150,133,17,17
20164,89,76,13,13
20165,67,71,-4,4
20166,87,82,5,5
20167,150,124,26,26
20168,124,97,27,27
20169,96,86,10,10
20170,125,115,10,10
20171,116,115,1,1
20172,80,73,7,7
20173,156,120,36,36
20174,159,146,13,13
20175,108,96,12,12
20176,90,81,9,9
20177,117,98,19,19
20178,139,117,22,22
20179,87,80,7,7
20180,79,66,13,13
20181,103,93,10,10
20182,157,132,25,25
20183,159,152,7,7
20184,46,74,-28,28
20185,84,79,5,5
20186,62,65,-3,3
20187,99,93,6,6
20188,62,59,3,3
20189,87,94,-7,7
20190,186,162,24,24
20191,104,88,16,16
20192,83,74,9,9
20193,82,75,7,7
20194,82,76,6,6
20195,116,106,10,10
20196,48,44,4,4
20197,72,74,-2,2
20198,81,75,6,6
20199,89,88,1,1
20200,66,63,3,3
20201,99,90,9,9
20202,97,86,11,11
20203,83,75,8,8
20204,57,50,7,7
20205,95,87,8,8
20206,81,75,6,6
20207,77,79,-2,2
20208,65,61,4,4
20209,109,98,11,11
20210,58,54,4,4
20211,38,42,-4,4
20212,109,98,11,11
20213,128,112,16,16
20214,68,59,9,9
20215,134,115,19,19
20216,80,79,1,1
20217,197,162,35,35
20218,105,98,7,7
20219,78,72,6,6
20220,99,105,-6,6
20221,88,79,9,9
20222,105,92,13,13
20223,63,69,-6,6
20224,76,93,-17,17
20225,80,78,2,2
20226,68,68,0,0
20227,97,89,8,8
20228,107,91,16,16
20229,96,73,23,23
20230,120,112,8,8
20231,110,94,16,16
20232,67,64,3,3
20233,154,126,28,28
20234,133,108,25,25
20235,98,81,17,17
20236,93,82,11,11
20237,93,86,7,7
20238,95,90,5,5
20239,96,85,11,11
20240,66,63,3,3
20241,54,52,2,2
20242,89,80,9,9
20243,165,136,29,29
20244,189,166,23,23
20245,62,64,-2,2
20246,49,50,-1,1
20247,59,55,4,4
20248,82,74,8,8
20249,75,72,3,3
20250,121,103,18,18
20251,116,92,24,24
20252,185,162,23,23
20253,139,123,16,16
20254,73,72,1,1
20255,147,131,16,16
20256,109,106,3,3
20257,119,105,14,14
20258,83,73,10,10
20259,122,114,8,8
20260,84,84,0,0
20261,130,112,18,18
20262,137,128,9,9
20263,96,91,5,5
20264,81,75,6,6
20265,123,105,18,18
20266,83,66,17,17
20267,104,90,14,14
20268,121,96,25,25
20269,130,111,19,19
20270,104,92,12,12
20271,107,90,17,17
20272,121,101,20,20
20273,76,74,2,2
20274,59,58,1,1
20275,127,115,12,12
20276,179,162,17,17
20277,70,70,0,0
20278,83,77,6,6
20279,83,77,6,6
20280,52,62,-10,10
20281,58,62,-4,4
20282,116,106,10,10
20283,57,61,-4,4
20284,107,94,13,13
20285,164,147,17,17
20286,110,96,14,14
20287,101,90,11,11
20288,159,134,25,25
20289,103,103,0,0
20290,133,125,8,8
20291,59,71,-12,12
20292,93,95,-2,2
20293,129,108,21,21
20294,49,59,-10,10
20295,98,89,9,9
20296,100,87,13,13
20297,131,118,13,13
20298,140,128,12,12
20299,87,81,6,6
20300,138,123,15,15
20301,145,129,16,16
20302,124,106,18,18
20303,111,99,12,12
20304,128,109,19,19
20305,83,68,15,15
20306,90,89,1,1
20307,96,87,9,9
20308,160,137,23,23
20309,75,72,3,3
20310,83,82,1,1
20311,115,99,16,16
20312,78,77,1,1
20313,91,82,9,9
20314,60,55,5,5
20315,92,82,10,10
20316,107,88,19,19
20317,94,94,0,0
20318,75,97,-22,22
20319,60,57,3,3
20320,58,63,-5,5
20321,103,95,8,8
20322,68,63,5,5
20323,141,116,25,25
20324,89,88,1,1
20325,172,139,33,33
20326,147,129,18,18
20327,94,79,15,15
20328,128,114,14,14
20329,76,71,5,5
20330,97,82,15,15
20331,110,101,9,9
20332,89,82,7,7
20333,72,60,12,12
20334,104,100,4,4
20335,82,92,-10,10
20336,87,78,9,9
20337,96,84,12,12
20338,94,96,-2,2
20339,158,138,20,20
20340,102,91,11,11
20341,62,63,-1,1
20342,53,57,-4,4
20343,98,86,12,12
20344,96,84,12,12
20345,79,78,1,1
20346,131,107,24,24
20347,44,49,-5,5
20348,102,84,18,18
20349,69,67,2,2
20350,106,101,5,5
20351,128,123,5,5
20352,49,53,-4,4
20353,123,103,20,20
20354,191,148,43,43
20355,116,95,21,21
20356,127,108,19,19
20357,42,43,-1,1
20358,124,93,31,31
20359,92,93,-1,1
20360,143,117,26,26
20361,68,64,4,4
20362,111,97,14,14
20363,120,119,1,1
20364,93,82,11,11
20365,46,51,-5,5
20366,116,104,12,12
20367,84,78,6,6
20368,39,44,-5,5
20369,70,57,13,13
20370,59,69,-10,10
20371,107,115,-8,8
20372,59,55,4,4
20373,115,100,15,15
20374,92,92,0,0
20375,105,106,-1,1
20376,110,93,17,17
20377,60,54,6,6
20378,119,96,23,23
20379,106,102,4,4
20380,90,83,7,7
20381,63,62,1,1
20382,103,90,13,13
20383,105,101,4,4
20384,98,90,8,8
20385,48,48,0,0
20386,110,120,-10,10
20387,119,97,22,22
20388,86,83,3,3
20389,82,90,-8,8
20390,65,60,5,5
20391,89,81,8,8
20392,118,110,8,8
20393,146,125,21,21
20394,65,67,-2,2
20395,125,112,13,13
20396,87,78,9,9
20397,89,86,3,3
20398,75,69,6,6
20399,87,77,10,10
20400,130,118,12,12
20401,51,49,2,2
20402,129,121,8,8
20403,81,73,8,8
20404,80,68,12,12
20405,66,66,0,0
20406,47,48,-1,1
20407,103,97,6,6
20408,77,82,-5,5
20409,60,65,-5,5
20410,133,118,15,15
20411,66,63,3,3
20412,161,134,27,27
20413,101,98,3,3
20414,80,77,3,3
20415,124,117,7,7
20416,140,119,21,21
20417,120,100,20,20
20418,141,118,23,23
20419,90,83,7,7
20420,54,56,-2,2
20421,63,57,6,6
20422,115,107,8,8
20423,59,64,-5,5
20424,68,66,2,2
20425,51,50,1,1
20426,56,56,0,0
20427,69,75,-6,6
20428,71,69,2,2
20429,103,97,6,6
20430,94,90,4,4
20431,157,151,6,6
20432,122,103,19,19
20433,111,100,11,11
20434,120,121,-1,1
20435,103,85,18,18
20436,62,63,-1,1
20437,130,119,11,11
20438,81,72,9,9
20439,166,134,32,32
20440,79,78,1,1
20441,90,85,5,5
20442,91,87,4,4
20443,44,44,0,0
20444,87,86,1,1
20445,117,105,12,12
20446,101,97,4,4
20447,106,104,2,2
20448,102,85,17,17
20449,74,65,9,9
20450,175,148,27,27
20451,71,75,-4,4
20452,122,106,16,16
20453,165,143,22,22
20454,134,115,19,19
20455,192,158,34,34
20456,80,66,14,14
20457,65,58,7,7
20458,105,100,5,5
20459,121,103,18,18
20460,84,80,4,4
20461,106,100,6,6
20462,91,81,10,10
20463,174,156,18,18
20464,64,57,7,7
20465,58,59,-1,1
20466,76,63,13,13
20467,70,70,0,0
20468,143,125,18,18
20469,92,81,11,11
20470,94,89,5,5
20471,95,81,14,14
20472,119,102,17,17
20473,101,85,16,16
20474,110,97,13,13
20475,144,137,7,7
20476,129,127,2,2
20477,79,72,7,7
20478,99,93,6,6
20479,85,77,8,8
20480,142,118,24,24
20481,77,79,-2,2
20482,62,60,2,2
20483,122,113,9,9
20484,106,101,5,5
20485,52,47,5,5
20486,79,75,4,4
20487,95,78,17,17
20488,77,76,1,1
20489,89,81,8,8
20490,70,70,0,0
20491,97,86,11,11
20492,100,99,1,1
20493,79,67,12,12
20494,138,124,14,14
20495,123,99,24,24
20496,152,117,35,35
20497,135,118,17,17
20498,83,78,5,5
20499,118,97,21,21
20500,91,80,11,11
20501,83,78,5,5
20502,77,74,3,3
20503,69,64,5,5
20504,68,65,3,3
20505,139,120,19,19
20506,171,148,23,23
20507,80,74,6,6
20508,83,73,10,10
20509,108,94,14,14
20510,92,87,5,5
20511,59,56,3,3
20512,74,66,8,8
20513,62,56,6,6
20514,138,119,19,19
20515,55,50,5,5
20516,85,75,10,10
20517,77,72,5,5
20518,39,39,0,0
20519,65,65,0,0
20520,109,104,5,5
20521,91,85,6,6
20522,74,67,7,7
20523,74,73,1,1
20524,154,134,20,20
20525,153,130,23,23
20526,40,35,5,5
20527,110,100,10,10
20528,63,58,5,5
20529,114,99,15,15
20530,114,110,4,4
20531,62,68,-6,6
20532,81,67,14,14
20533,49,50,-1,1
20534,63,57,6,6
20535,93,83,10,10
20536,76,66,10,10
20537,146,129,17,17
20538,87,74,13,13
20539,162,139,23,23
20540,91,88,3,3
20541,107,114,-7,7
20542,82,82,0,0
20543,97,83,14,14
20544,42,42,0,0
20545,81,74,7,7
20546,115,101,14,14
20547,120,105,15,15
20548,62,62,0,0
20549,131,123,8,8
20550,82,77,5,5
20551,59,60,-1,1
20552,127,124,3,3
20553,100,81,19,19
20554,92,81,11,11
20555,55,58,-3,3
20556,111,99,12,12
20557,92,83,9,9
20558,111,104,7,7
20559,189,144,45,45
20560,93,75,18,18
20561,61,56,5,5
20562,50,44,6,6
20563,62,60,2,2
20564,46,49,-3,3
20565,145,134,11,11
20566,82,80,2,2
20567,83,76,7,7
20568,78,72,6,6
20569,69,61,8,8
20570,117,97,20,20
20571,142,121,21,21
20572,111,101,10,10
20573,72,65,7,7
20574,95,84,11,11
20575,141,114,27,27
20576,179,151,28,28
20577,85,82,3,3
20578,286,227,59,59
20579,87,76,11,11
20580,93,84,9,9
20581,87,77,10,10
20582,49,50,-1,1
20583,87,81,6,6
20584,143,106,37,37
20585,98,98,0,0
20586,70,66,4,4
20587,112,105,7,7
20588,53,53,0,0
20589,55,55,0,0
20590,88,78,10,10
20591,113,103,10,10
20592,86,80,6,6
20593,59,49,10,10
20594,62,57,5,5
20595,71,73,-2,2
20596,102,111,-9,9
20597,69,68,1,1
20598,117,104,13,13
20599,79,74,5,5
20600,131,121,10,10
20601,45,44,1,1
20602,81,76,5,5
20603,62,68,-6,6
20604,82,81,1,1
20605,86,81,5,5
20606,52,47,5,5
20607,79,75,4,4
20608,108,91,17,17
20609,62,62,0,0
20610,94,87,7,7
20611,74,78,-4,4
20612,136,113,23,23
20613,151,126,25,25
20614,145,138,7,7
20615,99,88,11,11
20616,169,162,7,7
20617,69,66,3,3
20618,54,52,2,2
20619,93,76,17,17
20620,106,95,11,11
20621,77,71,6,6
20622,100,101,-1,1
20623,96,96,0,0
20624,56,54,2,2
20625,99,84,15,15
20626,115,106,9,9
20627,90,81,9,9
20628,56,61,-5,5
20629,83,69,14,14
20630,117,98,19,19
20631,75,74,1,1
20632,88,79,9,9
20633,80,72,8,8
20634,150,116,34,34
20635,126,101,25,25
20636,92,83,9,9
20637,117,102,15,15
20638,75,72,3,3
20639,92,75,17,17
20640,72,68,4,4
20641,45,49,-4,4
20642,55,64,-9,9
20643,123,118,5,5
20644,127,107,20,20
20645,128,118,10,10
20646,161,140,21,21
20647,130,111,19,19
20648,87,74,13,13
20649,223,164,59,59
20650,79,75,4,4
20651,155,130,25,25
20652,77,75,2,2
20653,82,68,14,14
20654,101,96,5,5
20655,89,85,4,4
20656,106,99,7,7
20657,68,54,14,14
20658,98,89,9,9
20659,102,97,5,5
20660,88,73,15,15
20661,102,90,12,12
20662,173,139,34,34
20663,52,59,-7,7
20664,114,102,12,12
20665,85,69,16,16
20666,86,76,10,10
20667,77,68,9,9
20668,81,74,7,7
20669,89,78,11,11
20670,149,133,16,16
20671,68,72,-4,4
20672,77,69,8,8
20673,83,77,6,6
20674,71,67,4,4
20675,71,68,3,3
20676,91,88,3,3
20677,56,67,-11,11
20678,80,77,3,3
20679,129,109,20,20
20680,95,86,9,9
20681,114,94,20,20
20682,149,123,26,26
20683,74,67,7,7
20684,84,71,13,13
20685,72,63,9,9
20686,119,104,15,15
20687,82,71,11,11
20688,94,107,-13,13
20689,89,90,-1,1
20690,45,47,-2,2
20691,77,61,16,16
20692,169,151,18,18
20693,100,79,21,21
20694,114,97,17,17
20695,95,84,11,11
20696,97,102,-5,5
20697,224,190,34,34
20698,96,91,5,5
20699,66,66,0,0
20700,97,88,9,9
20701,113,100,13,13
20702,107,102,5,5
20703,59,68,-9,9
20704,148,142,6,6
20705,66,51,15,15
20706,151,140,11,11
20707,87,76,11,11
20708,119,100,19,19
20709,63,55,8,8
20710,122,104,18,18
20711,75,67,8,8
20712,142,122,20,20
20713,33,38,-5,5
20714,86,81,5,5
20715,33,37,-4,4
20716,144,111,33,33
20717,124,107,17,17
20718,77,73,4,4
20719,144,126,18,18
20720,88,86,2,2
20721,87,85,2,2
20722,45,43,2,2
20723,104,82,22,22
20724,70,69,1,1
20725,87,79,8,8
20726,139,124,15,15
20727,136,123,13,13
20728,85,70,15,15
20729,106,101,5,5
20730,134,112,22,22
20731,98,87,11,11
20732,77,74,3,3
20733,131,119,12,12
20734,125,132,-7,7
20735,76,70,6,6
20736,110,94,16,16
20737,123,103,20,20
20738,56,46,10,10
20739,62,61,1,1
20740,59,56,3,3
20741,96,95,1,1
20742,107,89,18,18
20743,126,120,6,6
20744,114,106,8,8
20745,85,83,2,2
20746,63,55,8,8
20747,59,69,-10,10
20748,80,68,12,12
20749,93,79,14,14
20750,82,83,-1,1
20751,73,63,10,10
20752,133,115,18,18
20753,145,119,26,26
20754,78,72,6,6
20755,89,81,8,8
20756,81,75,6,6
20757,100,92,8,8
20758,129,125,4,4
20759,80,77,3,3
20760,122,105,17,17
20761,26,41,-15,15
20762,151,133,18,18
20763,118,111,7,7
20764,146,119,27,27
20765,75,70,5,5
20766,80,95,-15,15
20767,52,59,-7,7
20768,128,104,24,24
20769,76,84,-8,8
20770,73,69,4,4
20771,55,57,-2,2
20772,94,87,7,7
20773,115,96,19,19
20774,70,67,3,3
20775,125,103,22,22
20776,50,46,4,4
20777,90,85,5,5
20778,110,97,13,13
20779,120,113,7,7
20780,62,61,1,1
20781,78,83,-5,5
20782,132,118,14,14
20783,46,46,0,0
20784,140,135,5,5
20785,97,85,12,12
20786,53,51,2,2
20787,93,87,6,6
20788,145,116,29,29
20789,84,81,3,3
20790,121,111,10,10
20791,124,113,11,11
20792,65,58,7,7
20793,129,123,6,6
20794,111,98,13,13
20795,81,66,15,15
20796,87,69,18,18
20797,64,66,-2,2
20798,92,81,11,11
20799,74,67,7,7
20800,78,71,7,7
20801,72,72,0,0
20802,101,93,8,8
20803,35,42,-7,7
20804,171,143,28,28
20805,54,46,8,8
20806,155,152,3,3
20807,151,134,17,17
20808,45,44,1,1
20809,87,79,8,8
20810,115,100,15,15
20811,75,64,11,11
20812,89,84,5,5
20813,134,113,21,21
20814,65,63,2,2
20815,51,50,1,1
20816,33,37,-4,4
20817,85,89,-4,4
20818,114,107,7,7
20819,120,109,11,11
20820,83,78,5,5
20821,106,100,6,6
20822,41,45,-4,4
20823,101,106,-5,5
20824,134,114,20,20
20825,132,117,15,15
20826,53,43,10,10
20827,89,79,10,10
20828,120,113,7,7
20829,106,103,3,3
20830,165,134,31,31
20831,59,67,-8,8
20832,77,73,4,4
20833,105,90,15,15
20834,113,104,9,9
20835,85,80,5,5
20836,57,53,4,4
20837,101,100,1,1
20838,109,98,11,11
20839,129,120,9,9
20840,75,81,-6,6
20841,143,126,17,17
20842,48,49,-1,1
20843,115,111,4,4
20844,57,99,-42,42
20845,76,71,5,5
20846,79,73,6,6
20847,107,95,12,12
20848,61,62,-1,1
20849,134,121,13,13
20850,93,84,9,9
20851,141,131,10,10
20852,81,69,12,12
20853,65,68,-3,3
20854,148,127,21,21
20855,70,75,-5,5
20856,78,83,-5,5
20857,46,45,1,1
20858,108,102,6,6
20859,94,87,7,7
20860,165,146,19,19
20861,83,86,-3,3
20862,131,116,15,15
20863,91,77,14,14
20864,86,107,-21,21
20865,99,92,7,7
20866,111,87,24,24
20867,93,83,10,10
20868,82,67,15,15
20869,60,66,-6,6
20870,89,81,8,8
20871,153,139,14,14
20872,102,93,9,9
20873,92,92,0,0
20874,102,90,12,12
20875,118,110,8,8
20876,75,66,9,9
20877,176,149,27,27
20878,129,113,16,16
20879,69,77,-8,8
20880,83,74,9,9
20881,124,109,15,15
20882,68,60,8,8
20883,102,91,11,11
20884,63,59,4,4
20885,96,101,-5,5
20886,120,117,3,3
20887,75,76,-1,1
20888,111,103,8,8
20889,181,147,34,34
20890,82,76,6,6
20891,132,116,16,16
20892,48,66,-18,18
20893,75,72,3,3
20894,64,60,4,4
20895,41,42,-1,1
20896,64,72,-8,8
20897,97,90,7,7
20898,77,76,1,1
20899,91,79,12,12
20900,51,48,3,3
20901,68,66,2,2
20902,121,116,5,5
20903,86,77,9,9
20904,59,60,-1,1
20905,107,99,8,8
20906,84,83,1,1
20907,55,52,3,3
20908,76,84,-8,8
20909,93,79,14,14
20910,40,40,0,0
20911,118,92,26,26
20912,156,140,16,16
20913,126,110,16,16
20914,74,67,7,7
20915,96,91,5,5
20916,121,113,8,8
20917,76,64,12,12
20918,122,120,2,2
20919,89,77,12,12
20920,59,54,5,5
20921,84,67,17,17
20922,83,73,10,10
20923,73,64,9,9
20924,63,56,7,7
20925,64,66,-2,2
20926,125,103,22,22
20927,101,82,19,19
20928,122,119,3,3
20929,63,61,2,2
20930,107,97,10,10
20931,68,65,3,3
20932,74,69,5,5
20933,102,96,6,6
20934,119,113,6,6
20935,106,88,18,18
20936,66,62,4,4
20937,87,81,6,6
20938,85,77,8,8
20939,66,57,9,9
20940,145,127,18,18
20941,180,143,37,37
20942,75,71,4,4
20943,63,69,-6,6
20944,144,130,14,14
20945,66,64,2,2
20946,49,42,7,7
20947,98,90,8,8
20948,77,65,12,12
20949,105,94,11,11
20950,81,92,-11,11
20951,92,77,15,15
20952,104,101,3,3
20953,151,134,17,17
20954,51,52,-1,1
20955,124,121,3,3
20956,84,75,9,9
20957,58,57,1,1
20958,108,93,15,15
20959,41,41,0,0
20960,151,131,20,20
20961,113,92,21,21
20962,138,119,19,19
20963,70,72,-2,2
20964,106,98,8,8
20965,95,92,3,3
20966,121,112,9,9
20967,66,60,6,6
20968,98,83,15,15
20969,70,69,1,1
20970,142,125,17,17
20971,139,127,12,12
20972,62,60,2,2
20973,138,131,7,7
20974,70,66,4,4
20975,138,104,34,34
20976,105,91,14,14
20977,61,57,4,4
20978,113,107,6,6
20979,173,135,38,38
20980,94,81,13,13
20981,90,78,12,12
20982,112,99,13,13
20983,43,41,2,2
20984,140,127,13,13
20985,197,182,15,15
20986,116,96,20,20
20987,229,183,46,46
20988,119,105,14,14
20989,80,63,17,17
20990,115,106,9,9
20991,61,64,-3,3
20992,41,45,-4,4
20993,101,86,15,15
20994,185,165,20,20
20995,46,45,1,1
20996,221,189,32,32
20997,113,99,14,14
20998,60,58,2,2
20999,116,90,26,26
21000,125,112,13,13
21001,99,91,8,8
21002,97,104,-7,7
21003,171,140,31,31
21004,79,77,2,2
21005,73,68,5,5
21006,80,81,-1,1
21007,148,124,24,24
21008,111,113,-2,2
21009,110,103,7,7
21010,84,85,-1,1
21011,60,63,-3,3
21012,94,81,13,13
21013,57,54,3,3
21014,118,106,12,12
21015,115,105,10,10
21016,118,116,2,2
21017,133,109,24,24
21018,67,66,1,1
21019,148,129,19,19
21020,34,82,-48,48
21021,59,55,4,4
21022,71,65,6,6
21023,59,54,5,5
21024,58,65,-7,7
21025,61,53,8,8
21026,105,92,13,13
21027,144,125,19,19
21028,135,119,16,16
21029,120,106,14,14
21030,180,153,27,27
21031,177,140,37,37
21032,115,121,-6,6
21033,138,116,22,22
21034,113,89,24,24
21035,97,88,9,9
21036,88,75,13,13
21037,108,110,-2,2
21038,106,90,16,16
21039,81,73,8,8
21040,105,93,12,12
21041,30,35,-5,5
21042,97,91,6,6
21043,39,37,2,2
21044,57,53,4,4
21045,92,103,-11,11
21046,85,75,10,10
21047,94,79,15,15
21048,165,139,26,26
21049,119,111,8,8
21050,120,102,18,18
21051,139,115,24,24
21052,42,41,1,1
21053,78,74,4,4
21054,78,76,2,2
21055,73,63,10,10
21056,84,78,6,6
21057,159,133,26,26
21058,84,80,4,4
21059,133,116,17,17
21060,87,84,3,3
21061,147,121,26,26
21062,83,75,8,8
21063,51,53,-2,2
21064,107,93,14,14
21065,62,58,4,4
21066,94,81,13,13
21067,62,60,2,2
21068,79,73,6,6
21069,177,138,39,39
21070,104,79,25,25
21071,85,86,-1,1
21072,100,87,13,13
21073,69,64,5,5
21074,119,111,8,8
21075,90,72,18,18
21076,82,71,11,11
21077,54,46,8,8
21078,115,94,21,21
21079,74,66,8,8
21080,113,98,15,15
21081,56,54,2,2
21082,68,71,-3,3
21083,195,167,28,28
21084,150,120,30,30
21085,62,66,-4,4
21086,71,66,5,5
21087,81,72,9,9
21088,131,118,13,13
21089,90,77,13,13
21090,86,85,1,1
21091,168,155,13,13
21092,101,88,13,13
21093,109,97,12,12
21094,71,100,-29,29
21095,67,63,4,4
21096,115,99,16,16
21097,95,87,8,8
21098,84,73,11,11
21099,74,77,-3,3
21100,69,64,5,5
21101,63,66,-3,3
21102,127,109,18,18
21103,82,82,0,0
21104,78,70,8,8
21105,78,74,4,4
21106,147,127,20,20
21107,96,86,10,10
21108,72,76,-4,4
21109,65,59,6,6
21110,107,99,8,8
21111,119,99,20,20
21112,101,86,15,15
21113,162,133,29,29
21114,119,104,15,15
21115,93,88,5,5
21116,102,93,9,9
21117,145,126,19,19
21118,94,82,12,12
21119,83,77,6,6
21120,166,140,26,26
21121,63,63,0,0
21122,90,81,9,9
21123,53,52,1,1
21124,103,96,7,7
21125,117,101,16,16
21126,99,90,9,9
21127,44,41,3,3
21128,149,128,21,21
21129,104,93,11,11
21130,225,194,31,31
21131,101,90,11,11
21132,101,90,11,11
21133,76,65,11,11
21134,80,71,9,9
21135,70,61,9,9
21136,130,99,31,31
21137,148,123,25,25
21138,70,74,-4,4
21139,137,132,5,5
21140,59,53,6,6
21141,71,69,2,2
21142,134,117,17,17
21143,116,96,20,20
21144,104,93,11,11
21145,63,65,-2,2
21146,61,58,3,3
21147,89,101,-12,12
21148,61,55,6,6
21149,97,89,8,8
21150,102,91,11,11
21151,63,60,3,3
21152,165,143,22,22
21153,88,89,-1,1
21154,112,91,21,21
21155,90,81,9,9
21156,179,154,25,25
21157,89,87,2,2
21158,19,33,-14,14
21159,123,106,17,17
21160,111,123,-12,12
21161,89,79,10,10
21162,86,88,-2,2
21163,92,89,3,3
21164,93,82,11,11
21165,91,81,10,10
21166,70,65,5,5
21167,105,94,11,11
21168,85,75,10,10
21169,78,67,11,11
21170,112,102,10,10
21171,96,89,7,7
21172,54,55,-1,1
21173,121,100,21,21
21174,131,116,15,15
21175,66,65,1,1
21176,61,62,-1,1
21177,80,75,5,5
21178,89,79,10,10
21179,74,61,13,13
21180,65,72,-7,7
21181,101,97,4,4
21182,97,80,17,17
21183,108,100,8,8
21184,96,94,2,2
21185,132,115,17,17
21186,62,55,7,7
21187,82,69,13,13
21188,154,123,31,31
21189,82,77,5,5
21190,50,50,0,0
21191,68,59,9,9
21192,124,118,6,6
21193,74,67,7,7
21194,149,133,16,16
21195,59,57,2,2
21196,56,54,2,2
21197,58,55,3,3
21198,151,142,9,9
21199,113,98,15,15
21200,74,92,-18,18
21201,71,61,10,10
21202,86,77,9,9
21203,65,59,6,6
21204,69,66,3,3
21205,161,140,21,21
21206,89,83,6,6
21207,36,39,-3,3
21208,55,48,7,7
21209,97,86,11,11
21210,89,73,16,16
21211,64,58,6,6
21212,98,92,6,6
21213,89,77,12,12
21214,44,40,4,4
21215,162,141,21,21
21216,126,120,6,6
21217,82,76,6,6
21218,77,80,-3,3
21219,81,77,4,4
21220,137,123,14,14
21221,69,65,4,4
21222,86,77,9,9
21223,67,66,1,1
21224,101,88,13,13
21225,74,72,2,2
21226,71,65,6,6
21227,66,62,4,4
21228,104,97,7,7
21229,111,113,-2,2
21230,86,83,3,3
21231,96,90,6,6
21232,79,70,9,9
21233,183,167,16,16
21234,89,78,11,11
21235,133,112,21,21
21236,80,73,7,7
21237,72,67,5,5
21238,109,88,21,21
21239,107,92,15,15
21240,84,73,11,11
21241,67,57,10,10
21242,102,90,12,12
21243,66,170,-104,104
21244,132,123,9,9
21245,103,95,8,8
21246,91,85,6,6
21247,111,104,7,7
21248,110,95,15,15
21249,156,140,16,16
21250,44,40,4,4
21251,48,44,4,4
21252,79,80,-1,1
21253,58,50,8,8
21254,134,111,23,23
21255,105,95,10,10
21256,79,69,10,10
21257,124,142,-18,18
21258,109,89,20,20
21259,79,69,10,10
21260,66,66,0,0
21261,93,81,12,12
21262,93,85,8,8
21263,85,87,-2,2
21264,92,82,10,10
21265,103,97,6,6
21266,104,91,13,13
21267,108,99,9,9
21268,82,72,10,10
21269,92,89,3,3
21270,41,41,0,0
21271,47,48,-1,1
21272,79,73,6,6
21273,101,100,1,1
21274,66,66,0,0
21275,83,74,9,9
21276,89,71,18,18
21277,55,55,0,0
21278,137,120,17,17
21279,92,78,14,14
21280,131,116,15,15
21281,99,86,13,13
21282,100,98,2,2
21283,82,71,11,11
21284,57,57,0,0
21285,74,72,2,2
21286,79,73,6,6
21287,83,74,9,9
21288,118,105,13,13
21289,133,142,-9,9
21290,129,115,14,14
21291,70,80,-10,10
21292,145,125,20,20
21293,149,107,42,42
21294,113,106,7,7
21295,56,59,-3,3
21296,44,41,3,3
21297,89,91,-2,2
21298,90,85,5,5
21299,74,61,13,13
21300,117,101,16,16
21301,65,55,10,10
21302,48,48,0,0
21303,92,81,11,11
21304,72,67,5,5
21305,83,71,12,12
21306,63,62,1,1
21307,135,115,20,20
21308,147,136,11,11
21309,142,141,1,1
21310,122,102,20,20
21311,77,70,7,7
21312,106,93,13,13
21313,65,66,-1,1
21314,70,63,7,7
21315,124,105,19,19
21316,100,88,12,12
21317,56,52,4,4
21318,72,63,9,9
21319,83,75,8,8
21320,66,61,5,5
21321,45,46,-1,1
21322,162,145,17,17
21323,85,78,7,7
21324,115,106,9,9
21325,122,109,13,13
21326,72,65,7,7
21327,68,65,3,3
21328,65,61,4,4
21329,84,74,10,10
21330,161,130,31,31
21331,149,125,24,24
21332,109,96,13,13
21333,57,59,-2,2
21334,85,74,11,11
21335,100,87,13,13
21336,171,126,45,45
21337,73,73,0,0
21338,78,73,5,5
21339,67,72,-5,5
21340,122,120,2,2
21341,84,72,12,12
21342,171,138,33,33
21343,87,81,6,6
21344,140,110,30,30
21345,86,87,-1,1
21346,85,85,0,0
21347,50,45,5,5
21348,78,74,4,4
21349,67,55,12,12
21350,81,70,11,11
21351,75,71,4,4
21352,91,84,7,7
21353,119,107,12,12
21354,138,121,17,17
21355,58,54,4,4
21356,137,116,21,21
21357,88,88,0,0
21358,122,106,16,16
21359,106,90,16,16
21360,101,95,6,6
21361,88,82,6,6
21362,83,69,14,14
21363,80,72,8,8
21364,111,102,9,9
21365,183,156,27,27
21366,73,66,7,7
21367,97,83,14,14
21368,55,58,-3,3
21369,116,112,4,4
21370,78,72,6,6
21371,99,90,9,9
21372,141,118,23,23
21373,56,54,2,2
21374,65,61,4,4
21375,72,67,5,5
21376,99,69,30,30
21377,96,83,13,13
21378,69,69,0,0
21379,94,98,-4,4
21380,98,84,14,14
21381,55,57,-2,2
21382,107,98,9,9
21383,68,63,5,5
21384,84,80,4,4
21385,65,60,5,5
21386,177,141,36,36
21387,62,55,7,7
21388,182,149,33,33
21389,72,48,24,24
21390,151,130,21,21
21391,80,68,12,12
21392,122,113,9,9
21393,136,108,28,28
21394,141,121,20,20
21395,88,76,12,12
21396,88,75,13,13
21397,127,112,15,15
21398,92,87,5,5
21399,74,64,10,10
21400,111,98,13,13
21401,204,176,28,28
21402,111,92,19,19
21403,59,53,6,6
21404,129,103,26,26
21405,107,93,14,14
21406,104,88,16,16
21407,76,74,2,2
21408,113,108,5,5
21409,110,100,10,10
21410,69,60,9,9
21411,67,64,3,3
21412,85,74,11,11
21413,94,87,7,7
21414,93,80,13,13
21415,90,82,8,8
21416,61,48,13,13
21417,56,49,7,7
21418,114,97,17,17
21419,71,62,9,9
21420,86,86,0,0
21421,114,105,9,9
21422,50,46,4,4
21423,155,136,19,19
21424,108,103,5,5
21425,104,81,23,23
21426,89,77,12,12
21427,75,66,9,9
21428,149,135,14,14
21429,94,81,13,13
21430,63,72,-9,9
21431,127,122,5,5
21432,103,94,9,9
21433,90,75,15,15
21434,64,64,0,0
21435,144,121,23,23
21436,119,100,19,19
21437,45,51,-6,6
21438,78,72,6,6
21439,45,53,-8,8
21440,113,106,7,7
21441,89,85,4,4
21442,122,113,9,9
21443,93,86,7,7
21444,54,52,2,2
21445,89,74,15,15
21446,85,75,10,10
21447,101,93,8,8
21448,132,129,3,3
21449,47,43,4,4
21450,83,74,9,9
21451,89,74,15,15
21452,77,67,10,10
21453,150,125,25,25
21454,130,103,27,27
21455,85,78,7,7
21456,114,99,15,15
21457,155,137,18,18
21458,63,58,5,5
21459,94,90,4,4
21460,42,40,2,2
21461,138,126,12,12
21462,78,78,0,0
21463,79,73,6,6
21464,95,86,9,9
21465,80,64,16,16
21466,80,84,-4,4
21467,39,44,-5,5
21468,143,120,23,23
21469,88,77,11,11
21470,47,49,-2,2
21471,70,66,4,4
21472,174,146,28,28
21473,148,129,19,19
21474,185,151,34,34
21475,122,119,3,3
21476,138,122,16,16
21477,99,86,13,13
21478,50,50,0,0
21479,104,86,18,18
21480,69,65,4,4
21481,127,111,16,16
21482,59,62,-3,3
21483,89,81,8,8
21484,81,78,3,3
21485,64,67,-3,3
21486,124,112,12,12
21487,75,76,-1,1
21488,102,89,13,13
21489,156,131,25,25
21490,81,74,7,7
21491,90,78,12,12
21492,58,70,-12,12
21493,153,123,30,30
21494,100,87,13,13
21495,133,111,22,22
21496,133,111,22,22
21497,68,68,0,0
21498,104,94,10,10
21499,74,68,6,6
21500,138,114,24,24
21501,83,80,3,3
21502,125,126,-1,1
21503,98,90,8,8
21504,92,80,12,12
21505,39,39,0,0
21506,93,85,8,8
21507,47,54,-7,7
21508,72,69,3,3
21509,138,117,21,21
21510,81,76,5,5
21511,102,94,8,8
21512,146,127,19,19
21513,80,70,10,10
21514,76,66,10,10
21515,130,127,3,3
21516,138,115,23,23
21517,69,72,-3,3
21518,134,112,22,22
21519,73,71,2,2
21520,55,57,-2,2
21521,68,67,1,1
21522,78,84,-6,6
21523,85,73,12,12
21524,118,106,12,12
21525,80,73,7,7
21526,153,141,12,12
21527,81,67,14,14
21528,85,77,8,8
21529,117,102,15,15
21530,126,115,11,11
21531,34,36,-2,2
21532,72,61,11,11
21533,138,117,21,21
21534,82,78,4,4
21535,113,106,7,7
21536,63,65,-2,2
21537,80,66,14,14
21538,67,61,6,6
21539,117,115,2,2
21540,120,101,19,19
21541,75,66,9,9
21542,117,102,15,15
21543,103,97,6,6
21544,149,143,6,6
21545,169,153,16,16
21546,85,87,-2,2
21547,91,77,14,14
21548,121,112,9,9
21549,95,98,-3,3
21550,123,117,6,6
21551,36,43,-7,7
21552,71,68,3,3
21553,106,90,16,16
21554,101,83,18,18
21555,60,73,-13,13
21556,68,60,8,8
21557,76,67,9,9
21558,91,78,13,13
21559,84,76,8,8
21560,97,91,6,6
21561,75,74,1,1
21562,44,43,1,1
21563,78,61,17,17
21564,55,52,3,3
21565,106,105,1,1
21566,125,109,16,16
21567,185,149,36,36
21568,148,153,-5,5
21569,156,129,27,27
21570,128,111,17,17
21571,96,85,11,11
21572,99,86,13,13
21573,63,66,-3,3
21574,78,79,-1,1
21575,162,123,39,39
21576,75,68,7,7
21577,103,91,12,12
21578,110,93,17,17
21579,116,103,13,13
21580,51,51,0,0
21581,126,111,15,15
21582,37,44,-7,7
21583,109,94,15,15
21584,115,108,7,7
21585,70,62,8,8
21586,94,95,-1,1
21587,113,100,13,13
21588,91,83,8,8
21589,71,69,2,2
21590,55,54,1,1
21591,63,65,-2,2
21592,59,56,3,3
21593,81,74,7,7
21594,135,123,12,12
21595,95,83,12,12
21596,67,72,-5,5
21597,80,74,6,6
21598,73,77,-4,4
21599,98,85,13,13
21600,104,87,17,17
21601,63,53,10,10
21602,60,54,6,6
21603,117,102,15,15
21604,60,57,3,3
21605,127,113,14,14
21606,121,95,26,26
21607,118,106,12,12
21608,80,72,8,8
21609,77,73,4,4
21610,104,87,17,17
21611,182,181,1,1
21612,90,85,5,5
21613,49,45,4,4
21614,86,78,8,8
21615,88,79,9,9
21616,114,96,18,18
21617,56,52,4,4
21618,66,57,9,9
21619,68,76,-8,8
21620,88,81,7,7
21621,45,66,-21,21
21622,231,195,36,36
21623,136,115,21,21
21624,69,62,7,7
21625,123,117,6,6
21626,60,53,7,7
21627,72,67,5,5
21628,84,81,3,3
21629,123,110,13,13
21630,58,63,-5,5
21631,58,55,3,3
21632,71,63,8,8
21633,97,82,15,15
21634,61,58,3,3
21635,57,58,-1,1
21636,172,147,25,25
21637,62,60,2,2
21638,112,97,15,15
21639,126,110,16,16
21640,85,76,9,9
21641,105,104,1,1
21642,100,91,9,9
21643,117,116,1,1
21644,76,78,-2,2
21645,85,76,9,9
21646,187,143,44,44
21647,145,126,19,19
21648,64,68,-4,4
21649,107,92,15,15
21650,140,122,18,18
21651,46,48,-2,2
21652,63,56,7,7
21653,93,84,9,9
21654,111,100,11,11
21655,60,55,5,5
21656,120,104,16,16
21657,67,66,1,1
21658,157,135,22,22
21659,133,118,15,15
21660,112,109,3,3
21661,119,120,-1,1
21662,86,78,8,8
21663,128,117,11,11
21664,109,93,16,16
21665,133,115,18,18
21666,62,55,7,7
21667,167,140,27,27
21668,122,102,20,20
21669,42,39,3,3
21670,66,60,6,6
21671,110,98,12,12
21672,84,88,-4,4
21673,115,103,12,12
21674,174,148,26,26
21675,85,76,9,9
21676,100,88,12,12
21677,56,56,0,0
21678,72,63,9,9
21679,87,81,6,6
21680,70,83,-13,13
21681,76,68,8,8
21682,89,80,9,9
21683,69,63,6,6
21684,175,145,30,30
21685,191,157,34,34
21686,66,56,10,10
21687,145,129,16,16
21688,127,104,23,23
21689,54,47,7,7
21690,70,60,10,10
21691,67,60,7,7
21692,77,70,7,7
21693,119,118,1,1
21694,38,44,-6,6
21695,77,73,4,4
21696,49,47,2,2
21697,63,74,-11,11
21698,40,38,2,2
21699,69,71,-2,2
21700,35,40,-5,5
21701,93,79,14,14
21702,61,70,-9,9
21703,50,45,5,5
21704,113,104,9,9
21705,123,101,22,22
21706,75,69,6,6
21707,94,82,12,12
21708,71,72,-1,1
21709,114,106,8,8
21710,68,60,8,8
21711,129,126,3,3
21712,61,51,10,10
21713,92,79,13,13
21714,76,63,13,13
21715,106,87,19,19
21716,123,107,16,16
21717,89,81,8,8
21718,88,85,3,3
21719,48,51,-3,3
21720,87,83,4,4
21721,53,56,-3,3
21722,120,105,15,15
21723,105,98,7,7
21724,117,99,18,18
21725,128,110,18,18
21726,173,144,29,29
21727,85,80,5,5
21728,97,82,15,15
21729,101,88,13,13
21730,67,66,1,1
21731,71,68,3,3
21732,89,74,15,15
21733,85,85,0,0
21734,83,75,8,8
21735,78,67,11,11
21736,76,69,7,7
21737,115,101,14,14
21738,68,61,7,7
21739,75,66,9,9
21740,106,83,23,23
21741,76,69,7,7
21742,123,107,16,16
21743,82,76,6,6
21744,82,80,2,2
21745,162,139,23,23
21746,64,65,-1,1
21747,66,53,13,13
21748,48,43,5,5
21749,86,82,4,4
21750,59,60,-1,1
21751,118,104,14,14
21752,75,68,7,7
21753,138,114,24,24
21754,50,46,4,4
21755,96,77,19,19
21756,68,64,4,4
21757,83,80,3,3
21758,93,100,-7,7
21759,78,78,0,0
21760,45,41,4,4
21761,85,77,8,8
21762,123,101,22,22
21763,42,45,-3,3
21764,84,75,9,9
21765,123,108,15,15
21766,45,51,-6,6
21767,88,81,7,7
21768,85,76,9,9
21769,79,63,16,16
21770,75,68,7,7
21771,125,111,14,14
21772,33,42,-9,9
21773,84,79,5,5
21774,117,111,6,6
21775,79,73,6,6
21776,190,161,29,29
21777,112,104,8,8
21778,86,82,4,4
21779,115,100,15,15
21780,74,66,8,8
21781,85,80,5,5
21782,28,33,-5,5
21783,45,46,-1,1
21784,115,103,12,12
21785,92,81,11,11
21786,78,68,10,10
21787,129,113,16,16
21788,119,99,20,20
21789,78,72,6,6
21790,78,62,16,16
21791,211,171,40,40
21792,95,91,4,4
21793,101,89,12,12
21794,163,137,26,26
21795,168,140,28,28
21796,109,97,12,12
21797,98,95,3,3
21798,61,58,3,3
21799,131,121,10,10
21800,74,69,5,5
21801,66,70,-4,4
21802,130,110,20,20
21803,71,64,7,7
21804,135,124,11,11
21805,88,74,14,14
21806,150,149,1,1
21807,152,121,31,31
21808,117,91,26,26
21809,133,119,14,14
21810,77,71,6,6
21811,75,64,11,11
21812,63,58,5,5
21813,73,63,10,10
21814,72,66,6,6
21815,62,71,-9,9
21816,98,93,5,5
21817,103,88,15,15
21818,167,165,2,2
21819,73,73,0,0
21820,68,59,9,9
21821,104,93,11,11
21822,96,91,5,5
21823,165,145,20,20
21824,128,114,14,14
21825,147,126,21,21
21826,139,124,15,15
21827,156,127,29,29
21828,86,82,4,4
21829,78,71,7,7
21830,78,68,10,10
21831,89,78,11,11
21832,115,97,18,18
21833,122,107,15,15
21834,47,55,-8,8
21835,60,66,-6,6
21836,87,91,-4,4
21837,77,72,5,5
21838,115,94,21,21
21839,105,85,20,20
21840,120,107,13,13
21841,95,82,13,13
21842,103,89,14,14
21843,57,52,5,5
21844,132,111,21,21
21845,118,101,17,17
21846,134,107,27,27
21847,85,86,-1,1
21848,130,124,6,6
21849,107,103,4,4
21850,112,99,13,13
21851,63,58,5,5
21852,176,149,27,27
21853,83,73,10,10
21854,88,90,-2,2
21855,141,112,29,29
21856,121,104,17,17
21857,119,101,18,18
21858,51,55,-4,4
21859,60,58,2,2
21860,103,80,23,23
21861,122,105,17,17
21862,79,73,6,6
21863,103,87,16,16
21864,86,71,15,15
21865,58,60,-2,2
21866,103,94,9,9
21867,89,77,12,12
21868,94,80,14,14
21869,115,106,9,9
21870,151,149,2,2
21871,97,87,10,10
21872,88,77,11,11
21873,78,74,4,4
21874,79,69,10,10
21875,51,46,5,5
21876,77,83,-6,6
21877,98,81,17,17
21878,160,124,36,36
21879,114,100,14,14
21880,95,90,5,5
21881,77,75,2,2
21882,75,70,5,5
21883,142,122,20,20
21884,72,68,4,4
21885,150,123,27,27
21886,67,67,0,0
21887,104,93,11,11
21888,95,90,5,5
21889,116,98,18,18
21890,43,68,-25,25
21891,98,90,8,8
21892,85,71,14,14
21893,93,82,11,11
21894,106,93,13,13
21895,99,89,10,10
21896,179,148,31,31
21897,61,71,-10,10
21898,77,73,4,4
21899,64,59,5,5
21900,90,83,7,7
21901,106,104,2,2
21902,67,61,6,6
21903,102,92,10,10
21904,94,56,38,38
21905,92,80,12,12
21906,81,73,8,8
21907,84,74,10,10
21908,131,122,9,9
21909,96,89,7,7
21910,89,77,12,12
21911,107,92,15,15
21912,73,74,-1,1
21913,81,71,10,10
21914,69,70,-1,1
21915,73,68,5,5
21916,150,134,16,16
21917,115,93,22,22
21918,90,79,11,11
21919,63,70,-7,7
21920,138,115,23,23
21921,125,114,11,11
21922,111,99,12,12
21923,124,100,24,24
21924,37,41,-4,4
21925,114,103,11,11
21926,67,63,4,4
21927,116,106,10,10
21928,134,130,4,4
21929,58,59,-1,1
21930,75,66,9,9
21931,119,103,16,16
21932,94,79,15,15
21933,72,63,9,9
21934,144,130,14,14
21935,86,77,9,9
21936,112,101,11,11
21937,57,54,3,3
21938,121,116,5,5
21939,118,104,14,14
21940,79,72,7,7
21941,53,49,4,4
21942,61,52,9,9
21943,90,86,4,4
21944,114,102,12,12
21945,101,94,7,7
21946,180,157,23,23
21947,136,136,0,0
21948,100,89,11,11
21949,107,98,9,9
21950,95,90,5,5
21951,75,71,4,4
21952,86,84,2,2
21953,71,72,-1,1
21954,126,115,11,11
21955,125,107,18,18
21956,162,140,22,22
21957,71,69,2,2
21958,60,53,7,7
21959,118,113,5,5
21960,104,77,27,27
21961,117,102,15,15
21962,144,121,23,23
21963,78,76,2,2
21964,95,85,10,10
21965,157,138,19,19
21966,70,66,4,4
21967,68,68,0,0
21968,125,108,17,17
21969,111,88,23,23
21970,112,95,17,17
21971,118,96,22,22
21972,71,57,14,14
21973,126,103,23,23
21974,96,84,12,12
21975,59,63,-4,4
21976,82,84,-2,2
21977,101,98,3,3
21978,80,77,3,3
21979,61,57,4,4
21980,89,87,2,2
21981,107,84,23,23
21982,55,55,0,0
21983,99,86,13,13
21984,131,124,7,7
21985,80,69,11,11
21986,110,85,25,25
21987,94,85,9,9
21988,32,33,-1,1
21989,105,94,11,11
21990,103,99,4,4
21991,152,137,15,15
21992,136,110,26,26
21993,78,67,11,11
21994,68,60,8,8
21995,68,73,-5,5
21996,36,36,0,0
21997,111,103,8,8
21998,64,55,9,9
21999,70,65,5,5
22000,89,80,9,9
22001,103,93,10,10
22002,79,71,8,8
22003,175,153,22,22
22004,103,98,5,5
22005,84,76,8,8
22006,79,69,10,10
22007,93,90,3,3
22008,124,108,16,16
22009,106,95,11,11
22010,144,119,25,25
22011,100,89,11,11
22012,70,66,4,4
22013,122,115,7,7
22014,101,90,11,11
22015,125,108,17,17
22016,94,83,11,11
22017,134,126,8,8
22018,69,68,1,1
22019,119,99,20,20
22020,106,90,16,16
22021,122,111,11,11
22022,54,50,4,4
22023,89,80,9,9
22024,76,82,-6,6
22025,86,80,6,6
22026,144,117,27,27
22027,93,77,16,16
22028,105,100,5,5
22029,101,93,8,8
22030,81,84,-3,3
22031,85,77,8,8
22032,157,123,34,34
22033,112,106,6,6
22034,76,73,3,3
22035,85,86,-1,1
22036,141,111,30,30
22037,87,85,2,2
22038,71,72,-1,1
22039,104,100,4,4
22040,73,71,2,2
22041,143,122,21,21
22042,92,89,3,3
22043,80,77,3,3
22044,98,91,7,7
22045,80,70,10,10
22046,54,55,-1,1
22047,134,128,6,6
22048,70,62,8,8
22049,114,104,10,10
22050,80,65,15,15
22051,90,78,12,12
22052,82,83,-1,1
22053,103,89,14,14
22054,82,73,9,9
22055,92,80,12,12
22056,82,73,9,9
22057,66,64,2,2
22058,124,143,-19,19
22059,61,63,-2,2
22060,63,65,-2,2
22061,91,87,4,4
22062,72,65,7,7
22063,54,61,-7,7
22064,87,77,10,10
22065,104,104,0,0
22066,61,60,1,1
22067,125,101,24,24
22068,129,119,10,10
22069,33,42,-9,9
22070,97,91,6,6
22071,73,81,-8,8
22072,154,126,28,28
22073,74,66,8,8
22074,125,114,11,11
22075,54,53,1,1
22076,68,70,-2,2
22077,91,77,14,14
22078,68,62,6,6
22079,92,96,-4,4
22080,117,95,22,22
22081,98,99,-1,1
22082,124,99,25,25
22083,71,70,1,1
22084,66,62,4,4
22085,37,38,-1,1
22086,108,94,14,14
22087,59,54,5,5
22088,84,75,9,9
22089,162,135,27,27
22090,108,99,9,9
22091,120,103,17,17
22092,102,100,2,2
22093,68,76,-8,8
22094,146,113,33,33
22095,116,106,10,10
22096,66,63,3,3
22097,67,66,1,1
22098,46,50,-4,4
22099,92,78,14,14
22100,150,121,29,29
22101,58,47,11,11
22102,103,96,7,7
22103,112,91,21,21
22104,90,92,-2,2
22105,98,90,8,8
22106,54,57,-3,3
22107,76,74,2,2
22108,77,76,1,1
22109,111,95,16,16
22110,118,108,10,10
22111,125,110,15,15
22112,94,91,3,3
22113,73,70,3,3
22114,173,150,23,23
22115,155,139,16,16
22116,120,117,3,3
22117,86,70,16,16
22118,115,99,16,16
22119,149,124,25,25
22120,68,79,-11,11
22121,130,101,29,29
22122,65,65,0,0
22123,63,48,15,15
22124,39,41,-2,2
22125,82,73,9,9
22126,74,60,14,14
22127,57,65,-8,8
22128,105,98,7,7
22129,106,96,10,10
22130,126,132,-6,6
22131,113,98,15,15
22132,109,99,10,10
22133,95,90,5,5
22134,86,71,15,15
22135,99,88,11,11
22136,65,74,-9,9
22137,70,66,4,4
22138,66,58,8,8
22139,45,44,1,1
22140,77,71,6,6
22141,50,53,-3,3
22142,105,94,11,11
22143,101,98,3,3
22144,62,64,-2,2
22145,82,82,0,0
22146,69,57,12,12
22147,122,124,-2,2
22148,147,130,17,17
22149,220,199,21,21
22150,69,65,4,4
22151,93,81,12,12
22152,111,97,14,14
22153,152,135,17,17
22154,124,112,12,12
22155,43,41,2,2
22156,112,89,23,23
22157,83,76,7,7
22158,140,124,16,16
22159,110,99,11,11
22160,71,74,-3,3
22161,96,101,-5,5
22162,148,134,14,14
22163,53,41,12,12
22164,120,101,19,19
22165,188,167,21,21
22166,29,37,-8,8
22167,117,104,13,13
22168,104,92,12,12
22169,81,73,8,8
22170,124,112,12,12
22171,103,103,0,0
22172,139,123,16,16
22173,79,66,13,13
22174,133,113,20,20
22175,112,105,7,7
22176,99,98,1,1
22177,101,87,14,14
22178,75,65,10,10
22179,110,98,12,12
22180,121,109,12,12
22181,110,98,12,12
22182,68,80,-12,12
22183,99,87,12,12
22184,67,69,-2,2
22185,72,73,-1,1
22186,151,120,31,31
22187,87,85,2,2
22188,83,76,7,7
22189,58,63,-5,5
22190,56,53,3,3
22191,72,65,7,7
22192,91,81,10,10
22193,61,54,7,7
22194,95,75,20,20
22195,101,87,14,14
22196,98,86,12,12
22197,128,121,7,7
22198,183,153,30,30
22199,68,64,4,4
22200,97,86,11,11
22201,74,67,7,7
22202,127,115,12,12
22203,91,81,10,10
22204,95,84,11,11
22205,83,74,9,9
22206,130,115,15,15
22207,143,81,62,62
22208,68,72,-4,4
22209,72,64,8,8
22210,81,75,6,6
22211,63,62,1,1
22212,92,79,13,13
22213,70,76,-6,6
22214,114,109,5,5
22215,119,92,27,27
22216,130,118,12,12
22217,94,88,6,6
22218,104,98,6,6
22219,99,97,2,2
22220,55,61,-6,6
22221,111,102,9,9
22222,101,84,17,17
22223,86,80,6,6
22224,89,83,6,6
22225,91,99,-8,8
22226,140,122,18,18
22227,74,70,4,4
22228,82,76,6,6
22229,103,79,24,24
22230,104,86,18,18
22231,75,76,-1,1
22232,92,91,1,1
22233,53,53,0,0
22234,74,77,-3,3
22235,38,38,0,0
22236,141,124,17,17
22237,91,84,7,7
22238,97,83,14,14
22239,115,100,15,15
22240,141,127,14,14
22241,72,76,-4,4
22242,87,84,3,3
22243,114,103,11,11
22244,96,81,15,15
22245,68,72,-4,4
22246,123,117,6,6
22247,91,80,11,11
22248,91,79,12,12
22249,116,108,8,8
22250,49,65,-16,16
22251,57,53,4,4
22252,124,114,10,10
22253,88,89,-1,1
22254,129,113,16,16
22255,55,49,6,6
22256,188,152,36,36
22257,64,61,3,3
22258,71,66,5,5
22259,45,46,-1,1
22260,93,93,0,0
22261,68,62,6,6
22262,161,155,6,6
22263,69,73,-4,4
22264,113,106,7,7
22265,74,78,-4,4
22266,58,59,-1,1
22267,149,138,11,11
22268,49,49,0,0
22269,96,86,10,10
22270,122,102,20,20
22271,92,76,16,16
22272,124,115,9,9
22273,93,86,7,7
22274,149,134,15,15
22275,179,151,28,28
22276,147,132,15,15
22277,121,112,9,9
22278,62,58,4,4
22279,50,46,4,4
22280,54,50,4,4
22281,104,87,17,17
22282,73,67,6,6
22283,101,92,9,9
22284,71,71,0,0
22285,90,80,10,10
22286,71,64,7,7
22287,72,70,2,2
22288,61,79,-18,18
22289,65,58,7,7
22290,81,74,7,7
22291,37,46,-9,9
22292,65,64,1,1
22293,128,106,22,22
22294,55,75,-20,20
22295,55,60,-5,5
22296,131,105,26,26
22297,67,57,10,10
22298,138,123,15,15
22299,66,60,6,6
22300,62,59,3,3
22301,187,157,30,30
22302,127,107,20,20
22303,105,99,6,6
22304,78,72,6,6
22305,94,83,11,11
22306,94,85,9,9
22307,108,101,7,7
22308,135,117,18,18
22309,78,70,8,8
22310,87,83,4,4
22311,59,56,3,3
22312,134,130,4,4
22313,89,77,12,12
22314,79,74,5,5
22315,27,41,-14,14
22316,74,62,12,12
22317,56,58,-2,2
22318,121,115,6,6
22319,88,84,4,4
22320,145,133,12,12
22321,99,91,8,8
22322,127,105,22,22
22323,85,78,7,7
22324,91,70,21,21
22325,184,168,16,16
22326,76,69,7,7
22327,86,78,8,8
22328,88,75,13,13
22329,156,133,23,23
22330,106,98,8,8
22331,102,84,18,18
22332,106,93,13,13
22333,87,81,6,6
22334,60,62,-2,2
22335,82,74,8,8
22336,112,94,18,18
22337,118,112,6,6
22338,75,61,14,14
22339,94,88,6,6
22340,57,60,-3,3
22341,96,86,10,10
22342,67,61,6,6
22343,78,84,-6,6
22344,114,94,20,20
22345,70,64,6,6
22346,60,59,1,1
22347,91,81,10,10
22348,86,73,13,13
22349,84,77,7,7
22350,75,68,7,7
22351,133,125,8,8
22352,193,155,38,38
22353,68,65,3,3
22354,139,123,16,16
22355,57,69,-12,12
22356,110,101,9,9
22357,83,86,-3,3
22358,159,120,39,39
22359,110,99,11,11
22360,150,120,30,30
22361,95,94,1,1
22362,139,115,24,24
22363,72,62,10,10
22364,147,120,27,27
22365,89,76,13,13
22366,136,119,17,17
22367,47,41,6,6
22368,158,141,17,17
22369,111,104,7,7
22370,99,83,16,16
22371,112,100,12,12
22372,82,82,0,0
22373,38,39,-1,1
22374,82,73,9,9
22375,80,75,5,5
22376,119,98,21,21
22377,68,67,1,1
22378,117,103,14,14
22379,76,69,7,7
22380,94,86,8,8
22381,68,66,2,2
22382,49,43,6,6
22383,59,55,4,4
22384,135,128,7,7
22385,111,102,9,9
22386,102,86,16,16
22387,118,108,10,10
22388,90,79,11,11
22389,62,63,-1,1
22390,104,93,11,11
22391,120,101,19,19
22392,105,97,8,8
22393,131,116,15,15
22394,103,101,2,2
22395,117,104,13,13
22396,92,84,8,8
22397,70,67,3,3
22398,108,99,9,9
22399,71,66,5,5
22400,58,59,-1,1
22401,91,72,19,19
22402,98,84,14,14
22403,40,44,-4,4
22404,92,74,18,18
22405,100,95,5,5
22406,138,131,7,7
22407,132,107,25,25
22408,101,98,3,3
22409,71,72,-1,1
22410,86,78,8,8
22411,107,92,15,15
22412,85,78,7,7
22413,68,67,1,1
22414,80,71,9,9
22415,125,109,16,16
22416,99,82,17,17
22417,122,105,17,17
22418,190,158,32,32
22419,109,85,24,24
22420,83,71,12,12
22421,121,129,-8,8
22422,79,83,-4,4
22423,142,140,2,2
22424,63,59,4,4
22425,66,62,4,4
22426,114,92,22,22
22427,80,71,9,9
22428,72,64,8,8
22429,190,164,26,26
22430,91,82,9,9
22431,152,126,26,26
22432,74,57,17,17
22433,88,86,2,2
22434,181,162,19,19
22435,118,108,10,10
22436,131,113,18,18
22437,64,98,-34,34
22438,86,81,5,5
22439,74,77,-3,3
22440,79,72,7,7
22441,99,90,9,9
22442,169,148,21,21
22443,68,57,11,11
22444,79,71,8,8
22445,181,146,35,35
22446,119,99,20,20
22447,120,101,19,19
22448,67,68,-1,1
22449,67,70,-3,3
22450,76,67,9,9
22451,87,76,11,11
22452,91,92,-1,1
22453,161,131,30,30
22454,58,54,4,4
22455,57,54,3,3
22456,95,79,16,16
22457,63,62,1,1
22458,64,59,5,5
22459,55,52,3,3
22460,136,128,8,8
22461,107,94,13,13
22462,83,83,0,0
22463,52,60,-8,8
22464,127,123,4,4
22465,90,85,5,5
22466,141,120,21,21
22467,87,85,2,2
22468,99,90,9,9
22469,67,64,3,3
22470,79,74,5,5
22471,102,91,11,11
22472,168,151,17,17
22473,154,137,17,17
22474,118,105,13,13
22475,68,73,-5,5
22476,109,99,10,10
22477,41,41,0,0
22478,65,65,0,0
22479,108,92,16,16
22480,26,38,-12,12
22481,99,96,3,3
22482,137,124,13,13
22483,180,158,22,22
22484,223,167,56,56
22485,103,92,11,11
22486,91,83,8,8
22487,120,104,16,16
22488,73,68,5,5
22489,69,70,-1,1
22490,76,80,-4,4
22491,73,58,15,15
22492,41,40,1,1
22493,143,132,11,11
22494,121,121,0,0
22495,97,98,-1,1
22496,86,86,0,0
22497,80,78,2,2
22498,105,102,3,3
22499,111,85,26,26
22500,133,127,6,6
22501,120,107,13,13
22502,156,147,9,9
22503,100,97,3,3
22504,41,42,-1,1
22505,94,92,2,2
22506,59,53,6,6
22507,71,64,7,7
22508,68,63,5,5
22509,102,85,17,17
22510,134,118,16,16
22511,60,51,9,9
22512,169,129,40,40
22513,80,76,4,4
22514,126,135,-9,9
22515,146,122,24,24
22516,128,121,7,7
22517,67,62,5,5
22518,92,89,3,3
22519,72,69,3,3
22520,79,74,5,5
22521,102,88,14,14
22522,62,61,1,1
22523,59,58,1,1
22524,116,93,23,23
22525,96,84,12,12
22526,86,78,8,8
22527,68,73,-5,5
22528,90,86,4,4
22529,90,77,13,13
22530,141,117,24,24
22531,109,98,11,11
22532,51,63,-12,12
22533,107,92,15,15
22534,130,113,17,17
22535,103,94,9,9
22536,49,54,-5,5
22537,106,90,16,16
22538,87,78,9,9
22539,68,63,5,5
22540,88,82,6,6
22541,79,77,2,2
22542,104,85,19,19
22543,94,84,10,10
22544,123,103,20,20
22545,98,81,17,17
22546,123,105,18,18
22547,104,95,9,9
22548,60,62,-2,2
22549,70,70,0,0
22550,89,78,11,11
22551,122,103,19,19
22552,55,51,4,4
22553,141,119,22,22
22554,80,75,5,5
22555,97,89,8,8
22556,126,104,22,22
22557,73,71,2,2
22558,63,67,-4,4
22559,151,121,30,30
22560,109,96,13,13
22561,161,142,19,19
22562,80,73,7,7
22563,126,101,25,25
22564,89,79,10,10
22565,95,82,13,13
22566,163,129,34,34
22567,121,101,20,20
22568,80,77,3,3
22569,79,64,15,15
22570,94,81,13,13
22571,143,123,20,20
22572,95,83,12,12
22573,108,98,10,10
22574,94,88,6,6
22575,102,87,15,15
22576,84,82,2,2
22577,80,72,8,8
22578,135,115,20,20
22579,98,78,20,20
22580,113,104,9,9
22581,85,99,-14,14
22582,97,85,12,12
22583,67,62,5,5
22584,135,115,20,20
22585,31,33,-2,2
22586,154,140,14,14
22587,136,120,16,16
22588,35,37,-2,2
22589,145,124,21,21
22590,76,66,10,10
22591,89,86,3,3
22592,84,84,0,0
22593,82,90,-8,8
22594,76,68,8,8
22595,88,84,4,4
22596,85,72,13,13
22597,109,105,4,4
22598,165,141,24,24
22599,88,89,-1,1
22600,54,53,1,1
22601,93,76,17,17
22602,66,65,1,1
22603,75,72,3,3
22604,55,53,2,2
22605,72,70,2,2
22606,113,100,13,13
22607,127,112,15,15
22608,53,49,4,4
22609,94,86,8,8
22610,90,83,7,7
22611,65,70,-5,5
22612,60,62,-2,2
22613,59,45,14,14
22614,107,94,13,13
22615,93,96,-3,3
22616,128,105,23,23
22617,55,55,0,0
22618,93,85,8,8
22619,79,71,8,8
22620,148,122,26,26
22621,129,111,18,18
22622,51,57,-6,6
22623,92,84,8,8
22624,93,98,-5,5
22625,114,106,8,8
22626,72,69,3,3
22627,92,89,3,3
22628,81,71,10,10
22629,69,72,-3,3
22630,93,80,13,13
22631,189,160,29,29
22632,71,68,3,3
22633,87,77,10,10
22634,48,78,-30,30
22635,94,84,10,10
22636,116,117,-1,1
22637,62,66,-4,4
22638,240,193,47,47
22639,104,92,12,12
22640,80,81,-1,1
22641,66,53,13,13
22642,100,84,16,16
22643,133,115,18,18
22644,103,88,15,15
22645,137,127,10,10
22646,165,137,28,28
22647,125,109,16,16
22648,86,73,13,13
22649,95,82,13,13
22650,103,100,3,3
22651,140,111,29,29
22652,95,90,5,5
22653,68,66,2,2
22654,52,50,2,2
22655,77,68,9,9
22656,121,104,17,17
22657,107,100,7,7
22658,98,86,12,12
22659,100,85,15,15
22660,81,76,5,5
22661,46,42,4,4
22662,162,144,18,18
22663,136,116,20,20
22664,85,82,3,3
22665,83,69,14,14
22666,135,112,23,23
22667,39,37,2,2
22668,61,59,2,2
22669,73,56,17,17
22670,87,70,17,17
22671,76,71,5,5
22672,84,94,-10,10
22673,94,76,18,18
22674,163,151,12,12
22675,80,79,1,1
22676,86,95,-9,9
22677,152,126,26,26
22678,100,101,-1,1
22679,75,66,9,9
22680,92,81,11,11
22681,84,74,10,10
22682,144,128,16,16
22683,69,64,5,5
22684,109,103,6,6
22685,109,87,22,22
22686,88,68,20,20
22687,67,65,2,2
22688,115,99,16,16
22689,125,118,7,7
22690,95,91,4,4
22691,87,77,10,10
22692,98,89,9,9
22693,83,87,-4,4
22694,101,90,11,11
22695,51,44,7,7
22696,108,97,11,11
22697,136,126,10,10
22698,208,191,17,17
22699,121,108,13,13
22700,84,72,12,12
22701,86,73,13,13
22702,148,134,14,14
22703,110,107,3,3
22704,117,104,13,13
22705,96,90,6,6
22706,69,63,6,6
22707,137,119,18,18
22708,66,57,9,9
22709,89,70,19,19
22710,44,48,-4,4
22711,136,117,19,19
22712,128,103,25,25
22713,73,69,4,4
22714,155,142,13,13
22715,89,69,20,20
22716,87,68,19,19
22717,147,126,21,21
22718,64,59,5,5
22719,37,37,0,0
22720,122,106,16,16
22721,44,43,1,1
22722,126,111,15,15
22723,60,64,-4,4
22724,148,128,20,20
22725,134,118,16,16
22726,87,73,14,14
22727,135,127,8,8
22728,90,81,9,9
22729,60,54,6,6
22730,86,70,16,16
22731,150,136,14,14
22732,59,67,-8,8
22733,111,92,19,19
22734,54,50,4,4
22735,158,128,30,30
22736,135,108,27,27
22737,32,35,-3,3
22738,63,59,4,4
22739,117,92,25,25
22740,83,79,4,4
22741,54,55,-1,1
22742,151,130,21,21
22743,64,62,2,2
22744,44,45,-1,1
22745,138,119,19,19
22746,48,55,-7,7
22747,123,102,21,21
22748,97,91,6,6
22749,59,57,2,2
22750,96,88,8,8
22751,19,33,-14,14
22752,112,97,15,15
22753,131,128,3,3
22754,153,136,17,17
22755,100,91,9,9
22756,183,160,23,23
22757,121,105,16,16
22758,129,111,18,18
22759,93,94,-1,1
22760,89,85,4,4
22761,92,82,10,10
22762,81,95,-14,14
22763,133,114,19,19
22764,77,76,1,1
22765,63,61,2,2
22766,66,57,9,9
22767,74,77,-3,3
22768,150,139,11,11
22769,76,77,-1,1
22770,68,58,10,10
22771,73,65,8,8
22772,93,80,13,13
22773,90,72,18,18
22774,81,88,-7,7
22775,59,52,7,7
22776,160,128,32,32
22777,47,43,4,4
22778,109,121,-12,12
22779,133,116,17,17
22780,114,106,8,8
22781,89,73,16,16
22782,86,74,12,12
22783,95,80,15,15
22784,149,141,8,8
22785,86,76,10,10
22786,112,101,11,11
22787,61,95,-34,34
22788,32,38,-6,6
22789,141,123,18,18
22790,106,91,15,15
22791,62,64,-2,2
22792,98,90,8,8
22793,169,125,44,44
22794,75,82,-7,7
22795,113,99,14,14
22796,69,66,3,3
22797,54,56,-2,2
22798,72,73,-1,1
22799,140,131,9,9
22800,86,84,2,2
22801,106,95,11,11
22802,81,75,6,6
22803,109,91,18,18
22804,120,97,23,23
22805,103,87,16,16
22806,201,159,42,42
22807,115,119,-4,4
22808,94,77,17,17
22809,110,111,-1,1
22810,90,80,10,10
22811,117,99,18,18
22812,80,70,10,10
22813,136,118,18,18
22814,95,89,6,6
22815,121,95,26,26
22816,38,39,-1,1
22817,100,82,18,18
22818,83,79,4,4
22819,102,91,11,11
22820,100,89,11,11
22821,67,64,3,3
22822,88,110,-22,22
22823,68,60,8,8
22824,145,128,17,17
22825,86,77,9,9
22826,107,92,15,15
22827,85,88,-3,3
22828,102,96,6,6
22829,132,117,15,15
22830,61,59,2,2
22831,70,60,10,10
22832,91,82,9,9
22833,139,125,14,14
22834,51,48,3,3
22835,39,40,-1,1
22836,100,81,19,19
22837,93,85,8,8
22838,89,88,1,1
22839,92,89,3,3
22840,35,38,-3,3
22841,93,79,14,14
22842,64,62,2,2
22843,62,51,11,11
22844,102,78,24,24
22845,101,89,12,12
22846,93,83,10,10
22847,63,59,4,4
22848,88,79,9,9
22849,80,77,3,3
22850,134,91,43,43
22851,77,70,7,7
22852,73,68,5,5
22853,57,57,0,0
22854,118,81,37,37
22855,134,119,15,15
22856,127,110,17,17
22857,88,79,9,9
22858,91,81,10,10
22859,110,100,10,10
22860,46,44,2,2
22861,105,93,12,12
22862,103,98,5,5
22863,108,91,17,17
22864,93,91,2,2
22865,75,74,1,1
22866,131,115,16,16
22867,130,115,15,15
22868,89,80,9,9
22869,49,93,-44,44
22870,120,111,9,9
22871,151,145,6,6
22872,92,81,11,11
22873,77,75,2,2
22874,126,118,8,8
22875,100,92,8,8
22876,54,54,0,0
22877,110,93,17,17
22878,133,120,13,13
22879,119,111,8,8
22880,126,105,21,21
22881,42,41,1,1
22882,63,61,2,2
22883,170,150,20,20
22884,68,72,-4,4
22885,114,98,16,16
22886,115,93,22,22
22887,64,66,-2,2
22888,90,83,7,7
22889,126,103,23,23
22890,72,78,-6,6
22891,116,124,-8,8
22892,151,140,11,11
22893,98,77,21,21
22894,135,115,20,20
22895,132,109,23,23
22896,166,139,27,27
22897,109,95,14,14
22898,73,62,11,11
22899,43,43,0,0
22900,60,56,4,4
22901,95,91,4,4
22902,185,154,31,31
22903,116,105,11,11
22904,120,108,12,12
22905,117,101,16,16
22906,80,82,-2,2
22907,54,54,0,0
22908,94,86,8,8
22909,104,99,5,5
22910,167,158,9,9
22911,183,164,19,19
22912,125,112,13,13
22913,67,61,6,6
22914,127,104,23,23
22915,108,98,10,10
22916,110,96,14,14
22917,72,65,7,7
22918,76,71,5,5
22919,60,54,6,6
22920,127,102,25,25
22921,60,54,6,6
22922,117,101,16,16
22923,62,58,4,4
22924,98,81,17,17
22925,64,60,4,4
22926,90,79,11,11
22927,155,139,16,16
22928,69,64,5,5
22929,91,77,14,14
22930,91,76,15,15
22931,97,81,16,16
22932,116,95,21,21
22933,100,91,9,9
22934,81,75,6,6
22935,77,71,6,6
22936,46,41,5,5
22937,86,89,-3,3
22938,98,83,15,15
22939,128,97,31,31
22940,53,52,1,1
22941,86,79,7,7
22942,106,98,8,8
22943,118,102,16,16
22944,132,122,10,10
22945,179,158,21,21
22946,72,63,9,9
22947,57,52,5,5
22948,159,142,17,17
22949,56,58,-2,2
22950,90,90,0,0
22951,84,80,4,4
22952,120,114,6,6
22953,99,80,19,19
22954,121,100,21,21
22955,96,89,7,7
22956,46,54,-8,8
22957,84,84,0,0
22958,79,73,6,6
22959,165,139,26,26
22960,72,68,4,4
22961,75,71,4,4
22962,116,106,10,10
22963,117,108,9,9
22964,95,81,14,14
22965,138,129,9,9
22966,64,62,2,2
22967,70,68,2,2
22968,51,48,3,3
22969,74,78,-4,4
22970,105,96,9,9
22971,137,121,16,16
22972,93,82,11,11
22973,72,72,0,0
22974,83,73,10,10
22975,113,97,16,16
22976,97,85,12,12
22977,76,71,5,5
22978,65,58,7,7
22979,159,135,24,24
22980,72,66,6,6
22981,127,107,20,20
22982,94,83,11,11
22983,83,75,8,8
22984,84,81,3,3
22985,60,59,1,1
22986,100,94,6,6
22987,108,99,9,9
22988,118,104,14,14
22989,76,68,8,8
22990,87,72,15,15
22991,50,50,0,0
22992,38,39,-1,1
22993,146,115,31,31
22994,114,103,11,11
22995,52,51,1,1
22996,84,80,4,4
22997,122,113,9,9
22998,102,88,14,14
22999,181,152,29,29
23000,98,81,17,17
23001,39,42,-3,3
23002,84,64,20,20
23003,145,103,42,42
23004,124,115,9,9
23005,110,109,1,1
23006,57,55,2,2
23007,88,77,11,11
23008,64,63,1,1
23009,195,161,34,34
23010,131,124,7,7
23011,124,110,14,14
23012,79,90,-11,11
23013,66,62,4,4
23014,100,98,2,2
23015,82,71,11,11
23016,81,78,3,3
23017,85,74,11,11
23018,192,170,22,22
23019,112,102,10,10
23020,166,140,26,26
23021,101,91,10,10
23022,82,68,14,14
23023,89,73,16,16
23024,94,79,15,15
23025,79,82,-3,3
23026,108,103,5,5
23027,117,100,17,17
23028,123,103,20,20
23029,81,73,8,8
23030,87,73,14,14
23031,66,64,2,2
23032,35,37,-2,2
23033,102,84,18,18
23034,145,119,26,26
23035,62,56,6,6
23036,121,102,19,19
23037,69,65,4,4
23038,142,120,22,22
23039,74,63,11,11
23040,92,79,13,13
23041,63,55,8,8
23042,71,68,3,3
23043,148,121,27,27
23044,72,74,-2,2
23045,75,68,7,7
23046,118,110,8,8
23047,103,96,7,7
23048,136,107,29,29
23049,126,120,6,6
23050,93,90,3,3
23051,101,93,8,8
23052,133,110,23,23
23053,83,81,2,2
23054,91,85,6,6
23055,52,46,6,6
23056,100,91,9,9
23057,88,79,9,9
23058,80,78,2,2
23059,83,85,-2,2
23060,90,80,10,10
23061,69,89,-20,20
23062,85,73,12,12
23063,107,89,18,18
23064,103,86,17,17
23065,60,57,3,3
23066,152,140,12,12
23067,40,40,0,0
23068,87,75,12,12
23069,78,67,11,11
23070,145,130,15,15
23071,47,48,-1,1
23072,139,114,25,25
23073,94,82,12,12
23074,138,141,-3,3
23075,115,90,25,25
23076,94,86,8,8
23077,106,93,13,13
23078,85,72,13,13
23079,82,72,10,10
23080,61,57,4,4
23081,160,135,25,25
23082,157,148,9,9
23083,87,83,4,4
23084,135,112,23,23
23085,120,101,19,19
23086,104,91,13,13
23087,165,133,32,32
23088,88,80,8,8
23089,67,67,0,0
23090,87,74,13,13
23091,66,66,0,0
23092,74,67,7,7
23093,76,71,5,5
23094,62,60,2,2
23095,79,75,4,4
23096,91,83,8,8
23097,70,61,9,9
23098,148,123,25,25
23099,135,111,24,24
23100,74,74,0,0
23101,78,70,8,8
23102,93,86,7,7
23103,124,108,16,16
23104,129,121,8,8
23105,98,84,14,14
23106,72,63,9,9
23107,53,55,-2,2
23108,138,121,17,17
23109,184,142,42,42
23110,85,79,6,6
23111,82,70,12,12
23112,105,102,3,3
23113,99,86,13,13
23114,65,64,1,1
23115,73,63,10,10
23116,66,59,7,7
23117,102,94,8,8
23118,85,72,13,13
23119,188,169,19,19
23120,81,172,-91,91
23121,124,109,15,15
23122,59,57,2,2
23123,108,96,12,12
23124,92,88,4,4
23125,100,87,13,13
23126,105,95,10,10
23127,93,86,7,7
23128,155,136,19,19
23129,71,63,8,8
23130,65,53,12,12
23131,94,82,12,12
23132,122,115,7,7
23133,70,65,5,5
23134,65,61,4,4
23135,160,136,24,24
23136,115,103,12,12
23137,134,122,12,12
23138,101,94,7,7
23139,105,93,12,12
23140,93,88,5,5
23141,94,79,15,15
23142,82,71,11,11
23143,90,81,9,9
23144,78,64,14,14
23145,145,125,20,20
23146,120,104,16,16
23147,94,86,8,8
23148,95,78,17,17
23149,115,117,-2,2
23150,49,44,5,5
23151,134,123,11,11
23152,88,79,9,9
23153,82,78,4,4
23154,67,58,9,9
23155,71,60,11,11
23156,56,63,-7,7
23157,88,76,12,12
23158,34,36,-2,2
23159,62,71,-9,9
23160,82,77,5,5
23161,111,105,6,6
23162,48,46,2,2
23163,102,96,6,6
23164,143,121,22,22
23165,47,46,1,1
23166,76,68,8,8
23167,119,108,11,11
23168,64,59,5,5
23169,72,62,10,10
23170,141,126,15,15
23171,64,54,10,10
23172,127,106,21,21
23173,72,68,4,4
23174,111,98,13,13
23175,104,80,24,24
23176,77,76,1,1
23177,133,123,10,10
23178,113,98,15,15
23179,110,100,10,10
23180,89,79,10,10
23181,125,112,13,13
23182,127,100,27,27
23183,68,59,9,9
23184,99,96,3,3
23185,86,84,2,2
23186,111,100,11,11
23187,118,96,22,22
23188,74,71,3,3
23189,132,110,22,22
23190,99,86,13,13
23191,139,124,15,15
23192,107,97,10,10
23193,70,71,-1,1
23194,77,65,12,12
23195,101,96,5,5
23196,103,92,11,11
23197,86,80,6,6
23198,104,84,20,20
23199,100,96,4,4
23200,150,126,24,24
23201,69,63,6,6
23202,129,112,17,17
23203,162,148,14,14
23204,111,110,1,1
23205,133,117,16,16
23206,87,78,9,9
23207,74,77,-3,3
23208,95,93,2,2
23209,110,108,2,2
23210,124,111,13,13
23211,155,131,24,24
23212,74,58,16,16
23213,80,69,11,11
23214,90,78,12,12
23215,100,90,10,10
23216,112,89,23,23
23217,81,64,17,17
23218,73,73,0,0
23219,122,106,16,16
23220,130,112,18,18
23221,129,110,19,19
23222,123,105,18,18
23223,84,78,6,6
23224,63,62,1,1
23225,144,120,24,24
23226,91,141,-50,50
23227,66,67,-1,1
23228,95,84,11,11
23229,129,111,18,18
23230,75,69,6,6
23231,152,169,-17,17
23232,119,91,28,28
23233,107,97,10,10
23234,184,154,30,30
23235,84,80,4,4
23236,123,106,17,17
23237,167,132,35,35
23238,59,49,10,10
23239,68,68,0,0
23240,119,90,29,29
23241,77,66,11,11
23242,70,73,-3,3
23243,79,68,11,11
23244,114,106,8,8
23245,75,70,5,5
23246,64,53,11,11
23247,127,104,23,23
23248,52,54,-2,2
23249,67,56,11,11
23250,73,71,2,2
23251,85,72,13,13
23252,63,63,0,0
23253,88,73,15,15
23254,89,94,-5,5
23255,133,104,29,29
23256,82,76,6,6
23257,115,95,20,20
23258,97,92,5,5
23259,81,84,-3,3
23260,102,86,16,16
23261,68,56,12,12
23262,64,57,7,7
23263,70,65,5,5
23264,73,71,2,2
23265,59,62,-3,3
23266,136,121,15,15
23267,103,97,6,6
23268,137,109,28,28
23269,73,69,4,4
23270,83,77,6,6
23271,95,79,16,16
23272,138,114,24,24
23273,86,71,15,15
23274,66,79,-13,13
23275,134,147,-13,13
23276,116,102,14,14
23277,70,65,5,5
23278,118,103,15,15
23279,131,114,17,17
23280,40,57,-17,17
23281,82,75,7,7
23282,78,68,10,10
23283,97,81,16,16
23284,89,87,2,2
23285,133,115,18,18
23286,76,66,10,10
23287,152,121,31,31
23288,92,83,9,9
23289,62,59,3,3
23290,179,141,38,38
23291,127,105,22,22
23292,115,100,15,15
23293,54,62,-8,8
23294,136,108,28,28
23295,76,77,-1,1
23296,62,64,-2,2
23297,78,73,5,5
23298,182,146,36,36
23299,67,59,8,8
23300,110,91,19,19
23301,92,77,15,15
23302,150,123,27,27
23303,122,116,6,6
23304,62,64,-2,2
23305,109,93,16,16
23306,123,104,19,19
23307,107,99,8,8
23308,50,53,-3,3
23309,62,60,2,2
23310,115,103,12,12
23311,41,44,-3,3
23312,106,94,12,12
23313,58,55,3,3
23314,67,61,6,6
23315,64,56,8,8
23316,71,81,-10,10
23317,83,84,-1,1
23318,157,153,4,4
23319,90,85,5,5
23320,100,99,1,1
23321,92,87,5,5
23322,87,93,-6,6
23323,76,82,-6,6
23324,101,96,5,5
23325,56,46,10,10
23326,65,64,1,1
23327,70,66,4,4
23328,57,55,2,2
23329,112,128,-16,16
23330,50,61,-11,11
23331,47,51,-4,4
23332,140,139,1,1
23333,51,49,2,2
23334,61,67,-6,6
23335,78,72,6,6
23336,70,61,9,9
23337,98,83,15,15
23338,152,127,25,25
23339,99,92,7,7
23340,93,90,3,3
23341,90,80,10,10
23342,51,50,1,1
23343,94,80,14,14
23344,82,79,3,3
23345,137,128,9,9
23346,85,83,2,2
23347,131,124,7,7
23348,110,91,19,19
23349,70,61,9,9
23350,99,96,3,3
23351,146,120,26,26
23352,37,40,-3,3
23353,94,79,15,15
23354,124,108,16,16
23355,91,97,-6,6
23356,85,79,6,6
23357,58,59,-1,1
23358,78,77,1,1
23359,62,62,0,0
23360,51,52,-1,1
23361,85,82,3,3
23362,64,62,2,2
23363,108,106,2,2
23364,89,86,3,3
23365,120,108,12,12
23366,131,106,25,25
23367,50,50,0,0
23368,109,96,13,13
23369,82,72,10,10
23370,115,96,19,19
23371,121,105,16,16
23372,193,164,29,29
23373,66,62,4,4
23374,125,107,18,18
23375,64,61,3,3
23376,105,88,17,17
23377,47,49,-2,2
23378,57,66,-9,9
23379,105,88,17,17
23380,124,112,12,12
23381,90,88,2,2
23382,126,104,22,22
23383,89,87,2,2
23384,122,104,18,18
23385,116,102,14,14
23386,80,66,14,14
23387,92,81,11,11
23388,62,79,-17,17
23389,144,126,18,18
23390,45,49,-4,4
23391,139,123,16,16
23392,117,101,16,16
23393,99,91,8,8
23394,98,88,10,10
23395,87,82,5,5
23396,171,132,39,39
23397,127,99,28,28
23398,114,99,15,15
23399,100,94,6,6
23400,71,73,-2,2
23401,143,117,26,26
23402,84,76,8,8
23403,89,76,13,13
23404,85,81,4,4
23405,69,64,5,5
23406,145,140,5,5
23407,115,106,9,9
23408,116,106,10,10
23409,114,105,9,9
23410,58,50,8,8
23411,79,70,9,9
23412,73,70,3,3
23413,114,108,6,6
23414,140,128,12,12
23415,92,90,2,2
23416,111,102,9,9
23417,131,124,7,7
23418,76,72,4,4
23419,94,88,6,6
23420,91,91,0,0
23421,76,68,8,8
23422,115,99,16,16
23423,65,58,7,7
23424,113,108,5,5
23425,85,84,1,1
23426,214,206,8,8
23427,211,178,33,33
23428,41,42,-1,1
23429,78,70,8,8
23430,161,139,22,22
23431,79,69,10,10
23432,51,53,-2,2
23433,103,97,6,6
23434,73,71,2,2
23435,55,58,-3,3
23436,136,106,30,30
23437,131,119,12,12
23438,77,73,4,4
23439,80,71,9,9
23440,110,101,9,9
23441,54,54,0,0
23442,111,105,6,6
23443,84,78,6,6
23444,70,61,9,9
23445,70,62,8,8
23446,106,89,17,17
23447,97,89,8,8
23448,100,86,14,14
23449,135,120,15,15
23450,86,79,7,7
23451,42,37,5,5
23452,132,124,8,8
23453,73,68,5,5
23454,125,112,13,13
23455,83,79,4,4
23456,125,113,12,12
23457,120,106,14,14
23458,110,96,14,14
23459,197,163,34,34
23460,111,97,14,14
23461,86,86,0,0
23462,76,65,11,11
23463,150,126,24,24
23464,115,104,11,11
23465,89,88,1,1
23466,176,143,33,33
23467,64,65,-1,1
23468,120,105,15,15
23469,121,102,19,19
23470,64,70,-6,6
23471,49,60,-11,11
23472,70,61,9,9
23473,112,97,15,15
23474,89,86,3,3
23475,107,95,12,12
23476,155,139,16,16
23477,73,71,2,2
23478,129,121,8,8
23479,161,136,25,25
23480,89,81,8,8
23481,113,103,10,10
23482,99,83,16,16
23483,127,115,12,12
23484,115,102,13,13
23485,78,70,8,8
23486,155,153,2,2
23487,54,48,6,6
23488,89,82,7,7
23489,115,98,17,17
23490,82,75,7,7
23491,165,140,25,25
23492,90,78,12,12
23493,87,80,7,7
23494,115,98,17,17
23495,70,65,5,5
23496,85,70,15,15
23497,101,91,10,10
23498,118,118,0,0
23499,135,104,31,31
23500,74,69,5,5
23501,108,106,2,2
23502,134,118,16,16
23503,109,96,13,13
23504,77,71,6,6
23505,71,61,10,10
23506,78,67,11,11
23507,125,100,25,25
23508,90,80,10,10
23509,47,42,5,5
23510,89,82,7,7
23511,102,88,14,14
23512,94,86,8,8
23513,137,123,14,14
23514,110,93,17,17
23515,100,90,10,10
23516,125,105,20,20
23517,57,84,-27,27
23518,120,106,14,14
23519,149,128,21,21
23520,69,69,0,0
23521,91,89,2,2
23522,69,64,5,5
23523,143,120,23,23
23524,112,94,18,18
23525,108,89,19,19
23526,83,85,-2,2
23527,102,98,4,4
23528,55,52,3,3
23529,101,88,13,13
23530,39,40,-1,1
23531,173,153,20,20
23532,98,85,13,13
23533,136,118,18,18
23534,62,59,3,3
23535,188,142,46,46
23536,98,90,8,8
23537,132,113,19,19
23538,89,90,-1,1
23539,106,99,7,7
23540,101,100,1,1
23541,150,123,27,27
23542,194,158,36,36
23543,108,101,7,7
23544,78,81,-3,3
23545,70,66,4,4
23546,93,91,2,2
23547,65,68,-3,3
23548,113,93,20,20
23549,129,110,19,19
23550,94,87,7,7
23551,108,95,13,13
23552,90,84,6,6
23553,68,66,2,2
23554,98,92,6,6
23555,96,98,-2,2
23556,85,88,-3,3
23557,137,126,11,11
23558,112,100,12,12
23559,168,146,22,22
23560,87,85,2,2
23561,134,115,19,19
23562,75,74,1,1
23563,135,114,21,21
23564,81,73,8,8
23565,96,96,0,0
23566,91,87,4,4
23567,104,85,19,19
23568,105,90,15,15
23569,56,52,4,4
23570,111,97,14,14
23571,56,61,-5,5
23572,62,57,5,5
23573,103,94,9,9
23574,144,131,13,13
23575,101,90,11,11
23576,79,70,9,9
23577,102,87,15,15
23578,121,110,11,11
23579,140,122,18,18
23580,135,120,15,15
23581,80,71,9,9
23582,51,55,-4,4
23583,152,126,26,26
23584,94,84,10,10
23585,52,43,9,9
23586,78,75,3,3
23587,82,78,4,4
23588,75,66,9,9
23589,117,105,12,12
23590,136,118,18,18
23591,92,82,10,10
23592,55,46,9,9
23593,126,103,23,23
23594,55,55,0,0
23595,43,40,3,3
23596,83,82,1,1
23597,116,114,2,2
23598,113,101,12,12
23599,60,58,2,2
23600,100,93,7,7
23601,100,97,3,3
23602,113,100,13,13
23603,123,127,-4,4
23604,69,67,2,2
23605,113,117,-4,4
23606,71,71,0,0
23607,132,112,20,20
23608,151,134,17,17
23609,57,54,3,3
23610,105,94,11,11
23611,188,144,44,44
23612,79,69,10,10
23613,151,131,20,20
23614,137,124,13,13
23615,42,43,-1,1
23616,144,127,17,17
23617,41,44,-3,3
23618,82,76,6,6
23619,91,78,13,13
23620,65,64,1,1
23621,65,61,4,4
23622,103,96,7,7
23623,116,103,13,13
23624,149,134,15,15
23625,202,165,37,37
23626,61,57,4,4
23627,78,73,5,5
23628,154,125,29,29
23629,87,82,5,5
23630,93,80,13,13
23631,134,126,8,8
23632,116,108,8,8
23633,124,117,7,7
23634,148,127,21,21
23635,140,128,12,12
23636,69,59,10,10
23637,107,97,10,10
23638,99,86,13,13
23639,137,116,21,21
23640,165,128,37,37
23641,102,87,15,15
23642,116,100,16,16
23643,95,72,23,23
23644,86,95,-9,9
23645,88,91,-3,3
23646,108,98,10,10
23647,153,138,15,15
23648,69,63,6,6
23649,76,68,8,8
23650,103,91,12,12
23651,79,83,-4,4
23652,129,106,23,23
23653,87,79,8,8
23654,67,64,3,3
23655,81,74,7,7
23656,118,103,15,15
23657,69,62,7,7
23658,63,65,-2,2
23659,77,69,8,8
23660,113,99,14,14
23661,143,127,16,16
23662,57,56,1,1
23663,86,79,7,7
23664,36,53,-17,17
23665,128,102,26,26
23666,111,95,16,16
23667,68,68,0,0
23668,60,64,-4,4
23669,90,82,8,8
23670,99,89,10,10
23671,80,71,9,9
23672,79,80,-1,1
23673,84,83,1,1
23674,77,64,13,13
23675,132,116,16,16
23676,94,63,31,31
23677,95,89,6,6
23678,67,63,4,4
23679,134,112,22,22
23680,148,131,17,17
23681,92,83,9,9
23682,85,69,16,16
23683,69,73,-4,4
23684,107,105,2,2
23685,113,118,-5,5
23686,49,47,2,2
23687,31,34,-3,3
23688,72,72,0,0
23689,135,119,16,16
23690,126,107,19,19
23691,67,64,3,3
23692,70,72,-2,2
23693,64,62,2,2
23694,70,80,-10,10
23695,88,74,14,14
23696,66,68,-2,2
23697,80,83,-3,3
23698,82,87,-5,5
23699,85,81,4,4
23700,128,114,14,14
23701,116,104,12,12
23702,74,61,13,13
23703,107,95,12,12
23704,74,67,7,7
23705,133,105,28,28
23706,91,78,13,13
23707,100,93,7,7
23708,90,74,16,16
23709,41,43,-2,2
23710,117,102,15,15
23711,91,88,3,3
23712,108,109,-1,1
23713,61,60,1,1
23714,201,168,33,33
23715,112,98,14,14
23716,62,56,6,6
23717,70,65,5,5
23718,79,71,8,8
23719,85,72,13,13
23720,138,115,23,23
23721,132,116,16,16
23722,46,52,-6,6
23723,172,151,21,21
23724,120,98,22,22
23725,120,102,18,18
23726,96,93,3,3
23727,108,92,16,16
23728,125,116,9,9
23729,72,73,-1,1
23730,110,89,21,21
23731,51,55,-4,4
23732,127,112,15,15
23733,109,102,7,7
23734,70,63,7,7
23735,91,81,10,10
23736,53,60,-7,7
23737,195,172,23,23
23738,63,64,-1,1
23739,97,92,5,5
23740,109,94,15,15
23741,116,106,10,10
23742,52,56,-4,4
23743,66,70,-4,4
23744,70,63,7,7
23745,143,132,11,11
23746,61,98,-37,37
23747,105,87,18,18
23748,58,52,6,6
23749,141,125,16,16
23750,64,57,7,7
23751,126,111,15,15
23752,154,135,19,19
23753,103,87,16,16
23754,54,53,1,1
23755,100,91,9,9
23756,99,91,8,8
23757,84,82,2,2
23758,67,67,0,0
23759,51,59,-8,8
23760,118,110,8,8
23761,139,113,26,26
23762,83,76,7,7
23763,127,114,13,13
23764,98,85,13,13
23765,86,75,11,11
23766,53,51,2,2
23767,111,106,5,5
23768,82,77,5,5
23769,101,84,17,17
23770,79,75,4,4
23771,82,82,0,0
23772,101,82,19,19
23773,172,142,30,30
23774,49,53,-4,4
23775,144,121,23,23
23776,79,72,7,7
23777,71,71,0,0
23778,109,103,6,6
23779,97,84,13,13
23780,134,114,20,20
23781,139,141,-2,2
23782,103,91,12,12
23783,104,90,14,14
23784,45,51,-6,6
23785,124,120,4,4
23786,77,75,2,2
23787,92,84,8,8
23788,54,53,1,1
23789,96,88,8,8
23790,77,65,12,12
23791,99,84,15,15
23792,46,44,2,2
23793,128,115,13,13
23794,114,112,2,2
23795,183,155,28,28
23796,74,71,3,3
23797,152,123,29,29
23798,95,78,17,17
23799,84,66,18,18
23800,103,93,10,10
23801,118,101,17,17
23802,82,89,-7,7
23803,161,151,10,10
23804,93,79,14,14
23805,91,76,15,15
23806,106,92,14,14
23807,91,79,12,12
23808,52,53,-1,1
23809,89,80,9,9
23810,80,77,3,3
23811,112,107,5,5
23812,69,60,9,9
23813,68,62,6,6
23814,219,185,34,34
23815,89,86,3,3
23816,127,111,16,16
23817,84,87,-3,3
23818,85,74,11,11
23819,28,41,-13,13
23820,141,119,22,22
23821,92,86,6,6
23822,130,109,21,21
23823,59,60,-1,1
23824,143,118,25,25
23825,145,119,26,26
23826,73,68,5,5
23827,177,153,24,24
23828,169,137,32,32
23829,54,51,3,3
23830,128,103,25,25
23831,52,54,-2,2
23832,129,117,12,12
23833,99,94,5,5
23834,119,94,25,25
23835,75,75,0,0
23836,119,100,19,19
23837,103,89,14,14
23838,130,115,15,15
23839,119,101,18,18
23840,100,86,14,14
23841,159,145,14,14
23842,75,63,12,12
23843,86,81,5,5
23844,123,108,15,15
23845,74,74,0,0
23846,50,57,-7,7
23847,57,47,10,10
23848,50,49,1,1
23849,71,70,1,1
23850,96,85,11,11
23851,76,66,10,10
23852,130,109,21,21
23853,62,66,-4,4
23854,92,82,10,10
23855,98,95,3,3
23856,67,55,12,12
23857,231,202,29,29
23858,68,55,13,13
23859,59,53,6,6
23860,82,67,15,15
23861,67,66,1,1
23862,88,75,13,13
23863,138,109,29,29
23864,81,65,16,16
23865,117,104,13,13
23866,67,68,-1,1
23867,57,60,-3,3
23868,53,51,2,2
23869,87,79,8,8
23870,123,115,8,8
23871,128,113,15,15
23872,80,75,5,5
23873,95,84,11,11
23874,105,97,8,8
23875,92,87,5,5
23876,97,83,14,14
23877,96,94,2,2
23878,114,95,19,19
23879,57,57,0,0
23880,174,143,31,31
23881,98,87,11,11
23882,96,80,16,16
23883,34,49,-15,15
23884,53,50,3,3
23885,70,65,5,5
23886,100,96,4,4
23887,112,105,7,7
23888,86,82,4,4
23889,106,92,14,14
23890,75,72,3,3
23891,97,101,-4,4
23892,93,88,5,5
23893,105,79,26,26
23894,108,96,12,12
23895,137,128,9,9
23896,99,95,4,4
23897,71,65,6,6
23898,157,142,15,15
23899,111,101,10,10
23900,102,85,17,17
23901,144,123,21,21
23902,86,76,10,10
23903,63,70,-7,7
23904,97,81,16,16
23905,30,36,-6,6
23906,77,72,5,5
23907,111,95,16,16
23908,77,67,10,10
23909,41,40,1,1
23910,82,81,1,1
23911,144,121,23,23
23912,117,102,15,15
23913,94,80,14,14
23914,58,54,4,4
23915,101,90,11,11
23916,105,87,18,18
23917,99,98,1,1
23918,88,76,12,12
23919,69,71,-2,2
23920,67,58,9,9
23921,51,56,-5,5
23922,120,106,14,14
23923,60,59,1,1
23924,90,79,11,11
23925,81,73,8,8
23926,163,155,8,8
23927,142,120,22,22
23928,65,63,2,2
23929,156,137,19,19
23930,52,48,4,4
23931,74,63,11,11
23932,115,102,13,13
23933,126,122,4,4
23934,48,43,5,5
23935,129,121,8,8
23936,160,134,26,26
23937,110,107,3,3
23938,121,113,8,8
23939,97,84,13,13
23940,110,122,-12,12
23941,135,117,18,18
23942,153,136,17,17
23943,103,113,-10,10
23944,103,91,12,12
23945,119,101,18,18
23946,76,77,-1,1
23947,195,179,16,16
23948,57,56,1,1
23949,59,65,-6,6
23950,146,130,16,16
23951,91,74,17,17
23952,101,88,13,13
23953,240,184,56,56
23954,88,85,3,3
23955,83,68,15,15
23956,77,73,4,4
23957,82,83,-1,1
23958,82,85,-3,3
23959,119,99,20,20
23960,106,90,16,16
23961,101,99,2,2
23962,78,75,3,3
23963,82,73,9,9
23964,82,76,6,6
23965,126,102,24,24
23966,87,88,-1,1
23967,96,87,9,9
23968,68,64,4,4
23969,100,85,15,15
23970,71,69,2,2
23971,91,91,0,0
23972,118,104,14,14
23973,93,87,6,6
23974,87,81,6,6
23975,75,74,1,1
23976,64,57,7,7
23977,94,80,14,14
23978,45,48,-3,3
23979,97,80,17,17
23980,115,100,15,15
23981,84,75,9,9
23982,139,115,24,24
23983,155,145,10,10
23984,65,63,2,2
23985,72,71,1,1
23986,65,67,-2,2
23987,45,44,1,1
23988,92,89,3,3
23989,148,131,17,17
23990,163,128,35,35
23991,80,68,12,12
23992,131,108,23,23
23993,74,76,-2,2
23994,62,60,2,2
23995,65,55,10,10
23996,110,87,23,23
23997,119,85,34,34
23998,110,95,15,15
23999,89,85,4,4
24000,104,103,1,1
24001,110,106,4,4
24002,83,71,12,12
24003,134,119,15,15
24004,110,103,7,7
24005,74,76,-2,2
24006,152,136,16,16
24007,103,94,9,9
24008,47,47,0,0
24009,104,90,14,14
24010,59,60,-1,1
24011,76,61,15,15
24012,82,79,3,3
24013,100,91,9,9
24014,127,112,15,15
24015,70,60,10,10
24016,71,71,0,0
24017,83,86,-3,3
24018,80,76,4,4
24019,102,94,8,8
24020,70,73,-3,3
24021,89,78,11,11
24022,75,69,6,6
24023,104,92,12,12
24024,84,66,18,18
24025,56,54,2,2
24026,55,58,-3,3
24027,141,138,3,3
24028,82,77,5,5
24029,182,152,30,30
24030,154,138,16,16
24031,86,80,6,6
24032,78,72,6,6
24033,91,83,8,8
24034,115,106,9,9
24035,112,107,5,5
24036,98,104,-6,6
24037,83,71,12,12
24038,58,56,2,2
24039,72,65,7,7
24040,46,52,-6,6
24041,54,53,1,1
24042,99,90,9,9
24043,100,114,-14,14
24044,114,104,10,10
24045,56,49,7,7
24046,49,52,-3,3
24047,63,54,9,9
24048,63,58,5,5
24049,72,67,5,5
24050,97,87,10,10
24051,59,58,1,1
24052,123,115,8,8
24053,109,105,4,4
24054,108,95,13,13
24055,95,94,1,1
24056,94,81,13,13
24057,59,59,0,0
24058,80,77,3,3
24059,140,124,16,16
24060,102,94,8,8
24061,65,66,-1,1
24062,117,99,18,18
24063,63,55,8,8
24064,77,78,-1,1
24065,137,92,45,45
24066,114,104,10,10
24067,78,64,14,14
24068,45,45,0,0
24069,84,82,2,2
24070,96,101,-5,5
24071,62,61,1,1
24072,67,69,-2,2
24073,178,141,37,37
24074,78,80,-2,2
24075,112,100,12,12
24076,99,77,22,22
24077,94,90,4,4
24078,86,68,18,18
24079,116,100,16,16
24080,64,57,7,7
24081,51,46,5,5
24082,176,133,43,43
24083,120,99,21,21
24084,121,95,26,26
24085,84,75,9,9
24086,108,97,11,11
24087,97,88,9,9
24088,91,85,6,6
24089,117,107,10,10
24090,102,83,19,19
24091,53,47,6,6
24092,82,73,9,9
24093,63,59,4,4
24094,50,83,-33,33
24095,121,101,20,20
24096,33,43,-10,10
24097,75,67,8,8
24098,98,92,6,6
24099,95,83,12,12
24100,94,84,10,10
24101,43,44,-1,1
24102,88,91,-3,3
24103,72,68,4,4
24104,118,99,19,19
24105,76,74,2,2
24106,58,52,6,6
24107,104,79,25,25
24108,115,100,15,15
24109,63,54,9,9
24110,105,98,7,7
24111,59,53,6,6
24112,58,52,6,6
24113,146,123,23,23
24114,82,81,1,1
24115,114,110,4,4
24116,95,83,12,12
24117,46,48,-2,2
24118,122,103,19,19
24119,78,73,5,5
24120,97,84,13,13
24121,111,99,12,12
24122,161,132,29,29
24123,157,144,13,13
24124,90,89,1,1
24125,69,63,6,6
24126,78,69,9,9
24127,111,97,14,14
24128,56,50,6,6
24129,83,66,17,17
24130,186,156,30,30
24131,76,76,0,0
24132,76,75,1,1
24133,136,122,14,14
24134,87,79,8,8
24135,87,74,13,13
24136,72,62,10,10
24137,64,69,-5,5
24138,162,143,19,19
24139,59,59,0,0
24140,77,67,10,10
24141,58,55,3,3
24142,65,55,10,10
24143,103,85,18,18
24144,74,67,7,7
24145,83,66,17,17
24146,62,58,4,4
24147,115,92,23,23
24148,88,84,4,4
24149,79,78,1,1
24150,102,89,13,13
24151,76,68,8,8
24152,72,68,4,4
24153,127,119,8,8
24154,57,56,1,1
24155,123,114,9,9
24156,108,93,15,15
24157,179,143,36,36
24158,56,75,-19,19
24159,129,123,6,6
24160,76,75,1,1
24161,160,125,35,35
24162,108,89,19,19
24163,65,63,2,2
24164,80,69,11,11
24165,68,73,-5,5
24166,125,138,-13,13
24167,55,54,1,1
24168,101,97,4,4
24169,102,89,13,13
24170,151,136,15,15
24171,98,112,-14,14
24172,72,74,-2,2
24173,124,108,16,16
24174,113,96,17,17
24175,84,69,15,15
24176,51,55,-4,4
24177,73,67,6,6
24178,58,45,13,13
24179,103,91,12,12
24180,89,70,19,19
24181,103,97,6,6
24182,122,109,13,13
24183,62,60,2,2
24184,152,126,26,26
24185,49,50,-1,1
24186,76,72,4,4
24187,107,92,15,15
24188,63,75,-12,12
24189,132,116,16,16
24190,167,97,70,70
24191,105,89,16,16
24192,160,143,17,17
24193,86,78,8,8
24194,105,89,16,16
24195,88,82,6,6
24196,102,89,13,13
24197,102,104,-2,2
24198,101,103,-2,2
24199,48,52,-4,4
24200,131,120,11,11
24201,45,39,6,6
24202,100,91,9,9
24203,77,69,8,8
24204,131,124,7,7
24205,106,95,11,11
24206,115,99,16,16
24207,140,116,24,24
24208,111,107,4,4
24209,100,96,4,4
24210,55,56,-1,1
24211,80,69,11,11
24212,98,96,2,2
24213,61,49,12,12
24214,106,91,15,15
24215,91,85,6,6
24216,96,84,12,12
24217,88,77,11,11
24218,79,77,2,2
24219,108,107,1,1
24220,108,102,6,6
24221,137,109,28,28
24222,110,99,11,11
24223,67,63,4,4
24224,81,72,9,9
24225,74,70,4,4
24226,95,94,1,1
24227,36,34,2,2
24228,96,87,9,9
24229,80,79,1,1
24230,86,72,14,14
24231,145,138,7,7
24232,163,147,16,16
24233,57,51,6,6
24234,91,90,1,1
24235,100,97,3,3
24236,55,49,6,6
24237,118,102,16,16
24238,183,164,19,19
24239,79,78,1,1
24240,82,65,17,17
24241,107,97,10,10
24242,47,46,1,1
24243,103,96,7,7
24244,78,70,8,8
24245,114,105,9,9
24246,127,108,19,19
24247,65,66,-1,1
24248,149,147,2,2
24249,72,64,8,8
24250,75,71,4,4
24251,99,90,9,9
24252,91,81,10,10
24253,50,57,-7,7
24254,116,102,14,14
24255,150,119,31,31
24256,136,126,10,10
24257,145,99,46,46
24258,64,65,-1,1
24259,81,74,7,7
24260,76,65,11,11
24261,91,74,17,17
24262,64,56,8,8
24263,52,54,-2,2
24264,85,82,3,3
24265,93,86,7,7
24266,80,82,-2,2
24267,84,81,3,3
24268,71,64,7,7
24269,73,65,8,8
24270,54,57,-3,3
24271,87,74,13,13
24272,88,86,2,2
24273,50,52,-2,2
24274,122,105,17,17
24275,98,89,9,9
24276,82,69,13,13
24277,173,143,30,30
24278,78,70,8,8
24279,106,91,15,15
24280,103,103,0,0
24281,78,70,8,8
24282,57,54,3,3
24283,125,118,7,7
24284,103,101,2,2
24285,100,91,9,9
24286,78,76,2,2
24287,122,102,20,20
24288,122,117,5,5
24289,135,113,22,22
24290,110,88,22,22
24291,174,140,34,34
24292,54,53,1,1
24293,43,41,2,2
24294,82,72,10,10
24295,91,77,14,14
24296,104,86,18,18
24297,148,125,23,23
24298,30,34,-4,4
24299,115,98,17,17
24300,122,103,19,19
24301,126,107,19,19
24302,68,69,-1,1
24303,119,91,28,28
24304,124,117,7,7
24305,81,63,18,18
24306,74,64,10,10
24307,75,70,5,5
24308,57,59,-2,2
24309,92,70,22,22
24310,79,68,11,11
24311,118,113,5,5
24312,62,62,0,0
24313,86,72,14,14
24314,57,47,10,10
24315,93,98,-5,5
24316,111,91,20,20
24317,77,71,6,6
24318,66,68,-2,2
24319,142,98,44,44
24320,117,95,22,22
24321,48,49,-1,1
24322,195,157,38,38
24323,100,92,8,8
24324,103,81,22,22
24325,59,66,-7,7
24326,76,68,8,8
24327,108,99,9,9
24328,127,114,13,13
24329,91,76,15,15
24330,67,66,1,1
24331,157,135,22,22
24332,120,118,2,2
24333,79,73,6,6
24334,95,87,8,8
24335,103,94,9,9
24336,126,112,14,14
24337,73,91,-18,18
24338,53,59,-6,6
24339,126,114,12,12
24340,78,68,10,10
24341,128,116,12,12
24342,51,53,-2,2
24343,76,70,6,6
24344,130,118,12,12
24345,87,81,6,6
24346,76,76,0,0
24347,71,62,9,9
24348,115,104,11,11
24349,119,106,13,13
24350,75,68,7,7
24351,75,81,-6,6
24352,93,79,14,14
24353,128,122,6,6
24354,127,143,-16,16
24355,94,86,8,8
24356,133,111,22,22
24357,53,43,10,10
24358,146,120,26,26
24359,117,117,0,0
24360,74,67,7,7
24361,126,111,15,15
24362,41,45,-4,4
24363,143,129,14,14
24364,90,82,8,8
24365,73,74,-1,1
24366,156,135,21,21
24367,72,64,8,8
24368,59,53,6,6
24369,27,34,-7,7
24370,93,87,6,6
24371,87,83,4,4
24372,44,48,-4,4
24373,182,163,19,19
24374,90,84,6,6
24375,170,143,27,27
24376,128,113,15,15
24377,102,92,10,10
24378,99,90,9,9
24379,106,91,15,15
24380,86,75,11,11
24381,127,103,24,24
24382,99,81,18,18
24383,101,91,10,10
24384,155,131,24,24
24385,184,147,37,37
24386,98,87,11,11
24387,95,86,9,9
24388,108,122,-14,14
24389,103,98,5,5
24390,147,130,17,17
24391,100,84,16,16
24392,76,89,-13,13
24393,308,207,101,101
24394,71,61,10,10
24395,80,77,3,3
24396,88,75,13,13
24397,92,94,-2,2
24398,105,100,5,5
24399,63,65,-2,2
24400,89,79,10,10
24401,77,81,-4,4
24402,94,86,8,8
24403,72,78,-6,6
24404,65,59,6,6
24405,132,109,23,23
24406,90,79,11,11
24407,83,76,7,7
24408,35,67,-32,32
24409,163,140,23,23
24410,73,66,7,7
24411,117,106,11,11
24412,87,77,10,10
24413,70,70,0,0
24414,189,156,33,33
24415,81,71,10,10
24416,59,65,-6,6
24417,110,104,6,6
24418,103,100,3,3
24419,89,84,5,5
24420,90,72,18,18
24421,475,347,128,128
24422,66,56,10,10
24423,97,92,5,5
24424,89,74,15,15
24425,106,94,12,12
24426,81,72,9,9
24427,143,126,17,17
24428,113,101,12,12
24429,83,79,4,4
24430,276,235,41,41
24431,88,78,10,10
24432,91,87,4,4
24433,179,146,33,33
24434,175,120,55,55
24435,86,79,7,7
24436,60,56,4,4
24437,86,80,6,6
24438,104,90,14,14
24439,144,126,18,18
24440,93,83,10,10
24441,98,89,9,9
24442,59,62,-3,3
24443,112,130,-18,18
24444,98,100,-2,2
24445,60,56,4,4
24446,72,62,10,10
24447,42,46,-4,4
24448,57,52,5,5
24449,138,114,24,24
24450,99,87,12,12
24451,134,121,13,13
24452,96,75,21,21
24453,101,93,8,8
24454,88,92,-4,4
24455,79,79,0,0
24456,61,51,10,10
24457,77,62,15,15
24458,119,105,14,14
24459,124,105,19,19
24460,77,76,1,1
24461,81,76,5,5
24462,70,65,5,5
24463,120,117,3,3
24464,90,90,0,0
24465,88,85,3,3
24466,49,46,3,3
24467,70,65,5,5
24468,90,80,10,10
24469,70,62,8,8
24470,119,97,22,22
24471,99,90,9,9
24472,79,77,2,2
24473,112,99,13,13
24474,63,63,0,0
24475,40,46,-6,6
24476,145,123,22,22
24477,82,71,11,11
24478,87,79,8,8
24479,75,63,12,12
24480,71,64,7,7
24481,84,75,9,9
24482,85,74,11,11
24483,101,86,15,15
24484,111,89,22,22
24485,90,84,6,6
24486,63,58,5,5
24487,174,160,14,14
24488,106,95,11,11
24489,64,64,0,0
24490,33,35,-2,2
24491,100,101,-1,1
24492,185,145,40,40
24493,68,63,5,5
24494,29,33,-4,4
24495,45,45,0,0
24496,58,57,1,1
24497,120,99,21,21
24498,124,102,22,22
24499,70,62,8,8
24500,104,100,4,4
24501,101,87,14,14
24502,92,84,8,8
24503,81,70,11,11
24504,59,55,4,4
24505,84,77,7,7
24506,67,68,-1,1
24507,105,89,16,16
24508,81,76,5,5
24509,56,55,1,1
24510,115,106,9,9
24511,117,103,14,14
24512,95,81,14,14
24513,134,112,22,22
24514,89,84,5,5
24515,136,121,15,15
24516,100,91,9,9
24517,95,98,-3,3
24518,73,71,2,2
24519,58,63,-5,5
24520,157,131,26,26
24521,77,71,6,6
24522,54,42,12,12
24523,90,92,-2,2
24524,85,83,2,2
24525,71,66,5,5
24526,73,67,6,6
24527,87,79,8,8
24528,57,58,-1,1
24529,64,61,3,3
24530,72,66,6,6
24531,184,144,40,40
24532,152,109,43,43
24533,88,82,6,6
24534,90,80,10,10
24535,96,96,0,0
24536,117,97,20,20
24537,65,58,7,7
24538,101,84,17,17
24539,130,120,10,10
24540,189,152,37,37
24541,80,77,3,3
24542,72,69,3,3
24543,99,94,5,5
24544,131,113,18,18
24545,120,117,3,3
24546,64,62,2,2
24547,59,46,13,13
24548,69,65,4,4
24549,44,49,-5,5
24550,85,86,-1,1
24551,51,62,-11,11
24552,70,70,0,0
24553,61,65,-4,4
24554,110,110,0,0
24555,69,69,0,0
24556,56,53,3,3
24557,125,125,0,0
24558,91,78,13,13
24559,53,59,-6,6
24560,91,85,6,6
24561,42,43,-1,1
24562,85,80,5,5
24563,33,35,-2,2
24564,94,77,17,17
24565,143,125,18,18
24566,72,58,14,14
24567,85,77,8,8
24568,132,121,11,11
24569,103,88,15,15
24570,131,100,31,31
24571,72,68,4,4
24572,109,100,9,9
24573,104,95,9,9
24574,128,109,19,19
24575,147,126,21,21
24576,90,80,10,10
24577,44,48,-4,4
24578,84,77,7,7
24579,129,120,9,9
24580,76,84,-8,8
24581,82,85,-3,3
24582,155,119,36,36
24583,141,117,24,24
24584,110,107,3,3
24585,117,110,7,7
24586,112,103,9,9
24587,109,103,6,6
24588,63,50,13,13
24589,68,63,5,5
24590,140,119,21,21
24591,42,47,-5,5
24592,97,98,-1,1
24593,73,63,10,10
24594,49,42,7,7
24595,163,125,38,38
24596,116,105,11,11
24597,98,101,-3,3
24598,97,88,9,9
24599,76,72,4,4
24600,84,74,10,10
24601,52,45,7,7
24602,134,116,18,18
24603,62,51,11,11
24604,123,113,10,10
24605,55,50,5,5
24606,80,77,3,3
24607,77,71,6,6
24608,121,117,4,4
24609,45,48,-3,3
24610,66,65,1,1
24611,59,51,8,8
24612,45,50,-5,5
24613,63,58,5,5
24614,65,72,-7,7
24615,95,85,10,10
24616,84,73,11,11
24617,110,115,-5,5
24618,83,77,6,6
24619,133,102,31,31
24620,111,97,14,14
24621,69,65,4,4
24622,43,39,4,4
24623,97,93,4,4
24624,78,83,-5,5
24625,75,70,5,5
24626,130,107,23,23
24627,73,68,5,5
24628,156,141,15,15
24629,110,87,23,23
24630,132,119,13,13
24631,108,101,7,7
24632,97,91,6,6
24633,139,121,18,18
24634,88,77,11,11
24635,136,111,25,25
24636,115,97,18,18
24637,141,118,23,23
24638,125,110,15,15
24639,114,100,14,14
24640,127,110,17,17
24641,87,82,5,5
24642,126,113,13,13
24643,83,85,-2,2
24644,68,60,8,8
24645,100,85,15,15
24646,67,66,1,1
24647,79,67,12,12
24648,123,107,16,16
24649,49,46,3,3
24650,73,83,-10,10
24651,105,90,15,15
24652,86,78,8,8
24653,78,82,-4,4
24654,97,83,14,14
24655,95,91,4,4
24656,46,48,-2,2
24657,105,101,4,4
24658,157,132,25,25
24659,97,100,-3,3
24660,130,107,23,23
24661,114,115,-1,1
24662,56,55,1,1
24663,37,40,-3,3
24664,133,118,15,15
24665,80,89,-9,9
24666,56,51,5,5
24667,64,60,4,4
24668,78,74,4,4
24669,96,82,14,14
24670,90,79,11,11
24671,126,105,21,21
24672,85,80,5,5
24673,60,52,8,8
24674,92,80,12,12
24675,105,95,10,10
24676,92,83,9,9
24677,85,76,9,9
24678,187,146,41,41
24679,108,107,1,1
24680,64,55,9,9
24681,99,85,14,14
24682,92,84,8,8
24683,111,101,10,10
24684,83,70,13,13
24685,92,79,13,13
24686,68,57,11,11
24687,158,124,34,34
24688,54,51,3,3
24689,86,71,15,15
24690,94,85,9,9
24691,102,93,9,9
24692,55,50,5,5
24693,52,57,-5,5
24694,69,70,-1,1
24695,97,85,12,12
24696,59,61,-2,2
24697,86,78,8,8
24698,104,95,9,9
24699,119,114,5,5
24700,124,98,26,26
24701,99,90,9,9
24702,94,83,11,11
24703,129,118,11,11
24704,134,106,28,28
24705,58,63,-5,5
24706,131,108,23,23
24707,100,83,17,17
24708,97,81,16,16
24709,75,65,10,10
24710,133,118,15,15
24711,87,75,12,12
24712,76,69,7,7
24713,55,53,2,2
24714,167,146,21,21
24715,108,104,4,4
24716,64,60,4,4
24717,56,62,-6,6
24718,49,66,-17,17
24719,55,49,6,6
24720,80,90,-10,10
24721,55,53,2,2
24722,169,143,26,26
24723,156,136,20,20
24724,102,86,16,16
24725,94,83,11,11
24726,92,83,9,9
24727,116,117,-1,1
24728,120,112,8,8
24729,107,96,11,11
24730,113,102,11,11
24731,75,72,3,3
24732,67,58,9,9
24733,98,81,17,17
24734,193,156,37,37
24735,165,145,20,20
24736,92,75,17,17
24737,53,48,5,5
24738,82,87,-5,5
24739,113,109,4,4
24740,89,87,2,2
24741,93,78,15,15
24742,94,85,9,9
24743,87,76,11,11
24744,145,117,28,28
24745,142,119,23,23
24746,115,100,15,15
24747,82,81,1,1
24748,87,84,3,3
24749,74,62,12,12
24750,61,65,-4,4
24751,125,105,20,20
24752,74,68,6,6
24753,129,111,18,18
24754,88,75,13,13
24755,93,88,5,5
24756,83,78,5,5
24757,123,102,21,21
24758,103,91,12,12
24759,136,123,13,13
24760,88,80,8,8
24761,94,82,12,12
24762,71,70,1,1
24763,80,79,1,1
24764,73,68,5,5
24765,90,77,13,13
24766,81,73,8,8
24767,85,85,0,0
24768,48,53,-5,5
24769,122,119,3,3
24770,120,104,16,16
24771,100,94,6,6
24772,123,102,21,21
24773,154,124,30,30
24774,49,53,-4,4
24775,110,87,23,23
24776,90,85,5,5
24777,103,88,15,15
24778,69,70,-1,1
24779,113,96,17,17
24780,102,92,10,10
24781,80,97,-17,17
24782,45,46,-1,1
24783,154,132,22,22
24784,116,94,22,22
24785,125,108,17,17
24786,182,144,38,38
24787,68,58,10,10
24788,82,67,15,15
24789,78,73,5,5
24790,60,69,-9,9
24791,119,100,19,19
24792,76,70,6,6
24793,102,93,9,9
24794,94,101,-7,7
24795,76,76,0,0
24796,52,48,4,4
24797,82,66,16,16
24798,117,108,9,9
24799,110,93,17,17
24800,165,134,31,31
24801,79,64,15,15
24802,132,113,19,19
24803,118,102,16,16
24804,95,81,14,14
24805,74,70,4,4
24806,52,66,-14,14
24807,104,98,6,6
24808,103,115,-12,12
24809,119,105,14,14
24810,99,90,9,9
24811,141,119,22,22
24812,62,54,8,8
24813,95,86,9,9
24814,115,101,14,14
24815,97,98,-1,1
24816,46,57,-11,11
24817,122,115,7,7
24818,121,110,11,11
24819,102,97,5,5
24820,148,126,22,22
24821,71,62,9,9
24822,114,88,26,26
24823,126,109,17,17
24824,84,76,8,8
24825,83,74,9,9
24826,101,79,22,22
24827,98,85,13,13
24828,121,102,19,19
24829,84,85,-1,1
24830,56,62,-6,6
24831,90,72,18,18
24832,85,73,12,12
24833,87,75,12,12
24834,113,103,10,10
24835,140,121,19,19
24836,116,105,11,11
24837,120,114,6,6
24838,82,73,9,9
24839,150,125,25,25
24840,89,78,11,11
24841,72,65,7,7
24842,106,96,10,10
24843,66,68,-2,2
24844,67,64,3,3
24845,78,69,9,9
24846,118,101,17,17
24847,83,89,-6,6
24848,133,125,8,8
24849,127,112,15,15
24850,178,146,32,32
24851,70,64,6,6
24852,50,49,1,1
24853,121,103,18,18
24854,127,111,16,16
24855,62,52,10,10
24856,74,68,6,6
24857,79,74,5,5
24858,95,84,11,11
24859,103,97,6,6
24860,113,93,20,20
24861,58,69,-11,11
24862,162,112,50,50
24863,43,42,1,1
24864,73,64,9,9
24865,60,57,3,3
24866,134,115,19,19
24867,66,64,2,2
24868,42,55,-13,13
24869,89,77,12,12
24870,82,65,17,17
24871,133,118,15,15
24872,28,34,-6,6
24873,120,98,22,22
24874,60,52,8,8
24875,59,62,-3,3
24876,54,50,4,4
24877,81,78,3,3
24878,102,92,10,10
24879,47,47,0,0
24880,90,69,21,21
24881,123,101,22,22
24882,83,75,8,8
24883,92,97,-5,5
24884,105,93,12,12
24885,108,88,20,20
24886,114,112,2,2
24887,57,57,0,0
24888,67,61,6,6
24889,85,85,0,0
24890,68,66,2,2
24891,55,49,6,6
24892,93,82,11,11
24893,61,61,0,0
24894,61,56,5,5
24895,87,80,7,7
24896,85,76,9,9
24897,88,82,6,6
24898,57,52,5,5
24899,65,62,3,3
24900,58,58,0,0
24901,118,102,16,16
24902,94,88,6,6
24903,164,143,21,21
24904,74,71,3,3
24905,106,139,-33,33
24906,97,102,-5,5
24907,117,103,14,14
24908,123,112,11,11
24909,72,75,-3,3
24910,73,65,8,8
24911,105,132,-27,27
24912,53,54,-1,1
24913,63,62,1,1
24914,85,76,9,9
24915,136,128,8,8
24916,113,94,19,19
24917,92,94,-2,2
24918,97,91,6,6
24919,95,95,0,0
24920,106,93,13,13
24921,167,144,23,23
24922,121,117,4,4
24923,42,41,1,1
24924,80,79,1,1
24925,48,57,-9,9
24926,116,102,14,14
24927,117,104,13,13
24928,67,62,5,5
24929,69,63,6,6
24930,114,93,21,21
24931,134,109,25,25
24932,91,77,14,14
24933,88,76,12,12
24934,130,116,14,14
24935,187,163,24,24
24936,99,94,5,5
24937,95,95,0,0
24938,151,130,21,21
24939,97,88,9,9
24940,66,62,4,4
24941,39,38,1,1
24942,114,104,10,10
24943,124,103,21,21
24944,109,99,10,10
24945,92,99,-7,7
24946,50,51,-1,1
24947,139,117,22,22
24948,116,106,10,10
24949,79,71,8,8
24950,69,77,-8,8
24951,95,91,4,4
24952,112,103,9,9
24953,57,63,-6,6
24954,57,57,0,0
24955,112,109,3,3
24956,77,74,3,3
24957,79,78,1,1
24958,115,100,15,15
24959,52,56,-4,4
24960,121,96,25,25
24961,93,86,7,7
24962,51,44,7,7
24963,71,66,5,5
24964,126,115,11,11
24965,149,126,23,23
24966,91,99,-8,8
24967,142,127,15,15
24968,55,61,-6,6
24969,110,100,10,10
24970,197,177,20,20
24971,85,75,10,10
24972,115,101,14,14
24973,111,93,18,18
24974,136,113,23,23
24975,57,57,0,0
24976,100,81,19,19
24977,121,101,20,20
24978,105,89,16,16
24979,145,136,9,9
24980,93,83,10,10
24981,104,96,8,8
24982,104,87,17,17
24983,89,77,12,12
24984,82,73,9,9
24985,137,111,26,26
24986,112,92,20,20
24987,99,83,16,16
24988,94,86,8,8
24989,140,117,23,23
24990,75,75,0,0
24991,114,104,10,10
24992,71,65,6,6
24993,155,121,34,34
24994,71,66,5,5
24995,61,56,5,5
24996,84,87,-3,3
24997,75,67,8,8
24998,128,125,3,3
24999,247,218,29,29
25000,101,96,5,5
25001,113,92,21,21
25002,116,101,15,15
25003,112,100,12,12
25004,83,80,3,3
25005,52,52,0,0
25006,73,54,19,19
25007,43,49,-6,6
25008,96,87,9,9
25009,49,56,-7,7
25010,57,60,-3,3
25011,104,112,-8,8
25012,86,82,4,4
25013,66,63,3,3
25014,69,75,-6,6
25015,92,86,6,6
25016,120,110,10,10
25017,124,115,9,9
25018,109,94,15,15
25019,90,92,-2,2
25020,88,79,9,9
25021,60,58,2,2
25022,100,95,5,5
25023,171,185,-14,14
25024,55,55,0,0
25025,143,125,18,18
25026,104,91,13,13
25027,120,109,11,11
25028,132,115,17,17
25029,142,127,15,15
25030,68,63,5,5
25031,74,66,8,8
25032,107,92,15,15
25033,82,72,10,10
25034,48,48,0,0
25035,83,72,11,11
25036,66,63,3,3
25037,90,82,8,8
25038,114,105,9,9
25039,123,97,26,26
25040,140,114,26,26
25041,71,60,11,11
25042,112,95,17,17
25043,175,161,14,14
25044,148,118,30,30
25045,87,77,10,10
25046,156,135,21,21
25047,44,43,1,1
25048,105,94,11,11
25049,120,113,7,7
25050,65,60,5,5
25051,120,110,10,10
25052,69,62,7,7
25053,91,90,1,1
25054,135,104,31,31
25055,133,120,13,13
25056,81,78,3,3
25057,74,62,12,12
25058,144,128,16,16
25059,146,132,14,14
25060,95,77,18,18
25061,223,169,54,54
25062,126,97,29,29
25063,49,48,1,1
25064,102,92,10,10
25065,116,100,16,16
25066,60,57,3,3
25067,154,132,22,22
25068,134,102,32,32
25069,100,90,10,10
25070,76,64,12,12
25071,74,66,8,8
25072,77,64,13,13
25073,88,81,7,7
25074,76,76,0,0
25075,81,74,7,7
25076,165,140,25,25
25077,108,96,12,12
25078,53,36,17,17
25079,59,59,0,0
25080,85,95,-10,10
25081,98,86,12,12
25082,58,56,2,2
25083,105,95,10,10
25084,148,130,18,18
25085,159,125,34,34
25086,163,148,15,15
25087,102,88,14,14
25088,71,80,-9,9
25089,156,131,25,25
25090,97,85,12,12
25091,97,82,15,15
25092,72,66,6,6
25093,83,98,-15,15
25094,81,60,21,21
25095,103,89,14,14
25096,95,86,9,9
25097,82,85,-3,3
25098,121,105,16,16
25099,78,76,2,2
25100,98,86,12,12
25101,145,130,15,15
25102,122,106,16,16
25103,123,108,15,15
25104,76,68,8,8
25105,195,158,37,37
25106,48,41,7,7
25107,59,67,-8,8
25108,73,67,6,6
25109,73,70,3,3
25110,63,54,9,9
25111,178,140,38,38
25112,69,63,6,6
25113,96,87,9,9
25114,67,62,5,5
25115,46,43,3,3
25116,88,81,7,7
25117,47,49,-2,2
25118,45,45,0,0
25119,47,42,5,5
25120,123,107,16,16
25121,124,109,15,15
25122,167,143,24,24
25123,136,114,22,22
25124,72,70,2,2
25125,109,99,10,10
25126,74,69,5,5
25127,80,69,11,11
25128,126,112,14,14
25129,119,100,19,19
25130,60,59,1,1
25131,98,90,8,8
25132,128,105,23,23
25133,96,82,14,14
25134,109,96,13,13
25135,135,116,19,19
25136,86,72,14,14
25137,125,109,16,16
25138,71,74,-3,3
25139,137,119,18,18
25140,86,83,3,3
25141,150,141,9,9
25142,83,84,-1,1
25143,57,54,3,3
25144,87,81,6,6
25145,58,67,-9,9
25146,74,75,-1,1
25147,168,130,38,38
25148,145,119,26,26
25149,65,60,5,5
25150,76,72,4,4
25151,114,102,12,12
25152,151,136,15,15
25153,146,150,-4,4
25154,65,64,1,1
25155,77,84,-7,7
25156,165,132,33,33
25157,89,99,-10,10
25158,107,93,14,14
25159,96,101,-5,5
25160,115,105,10,10
25161,74,64,10,10
25162,160,139,21,21
25163,82,77,5,5
25164,80,70,10,10
25165,94,91,3,3
25166,97,88,9,9
25167,48,63,-15,15
25168,79,64,15,15
25169,16,33,-17,17
25170,100,91,9,9
25171,51,64,-13,13
25172,86,77,9,9
25173,108,101,7,7
25174,46,40,6,6
25175,55,50,5,5
25176,112,110,2,2
25177,84,76,8,8
25178,100,90,10,10
25179,150,122,28,28
25180,138,119,19,19
25181,92,80,12,12
25182,66,63,3,3
25183,103,92,11,11
25184,96,88,8,8
25185,148,136,12,12
25186,81,75,6,6
25187,45,61,-16,16
25188,126,108,18,18
25189,168,146,22,22
25190,76,72,4,4
25191,134,126,8,8
25192,83,78,5,5
25193,118,102,16,16
25194,117,97,20,20
25195,100,98,2,2
25196,96,91,5,5
25197,122,105,17,17
25198,76,76,0,0
25199,96,98,-2,2
25200,103,88,15,15
25201,70,66,4,4
25202,209,164,45,45
25203,75,70,5,5
25204,54,65,-11,11
25205,111,101,10,10
25206,70,62,8,8
25207,100,93,7,7
25208,108,91,17,17
25209,56,59,-3,3
25210,172,161,11,11
25211,67,64,3,3
25212,118,95,23,23
25213,47,48,-1,1
25214,69,63,6,6
25215,85,83,2,2
25216,63,53,10,10
25217,267,215,52,52
25218,101,91,10,10
25219,126,105,21,21
25220,99,92,7,7
25221,124,117,7,7
25222,145,117,28,28
25223,83,72,11,11
25224,96,82,14,14
25225,149,149,0,0
25226,65,60,5,5
25227,83,71,12,12
25228,51,47,4,4
25229,73,79,-6,6
25230,164,132,32,32
25231,76,75,1,1
25232,86,77,9,9
25233,128,106,22,22
25234,126,100,26,26
25235,75,67,8,8
25236,85,78,7,7
25237,59,52,7,7
25238,80,69,11,11
25239,115,98,17,17
25240,96,84,12,12
25241,57,57,0,0
25242,78,69,9,9
25243,92,76,16,16
25244,114,102,12,12
25245,97,79,18,18
25246,67,65,2,2
25247,68,84,-16,16
25248,88,79,9,9
25249,58,56,2,2
25250,86,85,1,1
25251,81,72,9,9
25252,80,76,4,4
25253,107,102,5,5
25254,65,61,4,4
25255,77,68,9,9
25256,30,40,-10,10
25257,81,78,3,3
25258,91,92,-1,1
25259,62,66,-4,4
25260,78,80,-2,2
25261,103,89,14,14
25262,113,98,15,15
25263,121,106,15,15
25264,75,67,8,8
25265,113,102,11,11
25266,52,55,-3,3
25267,93,92,1,1
25268,51,58,-7,7
25269,128,104,24,24
25270,86,70,16,16
25271,107,98,9,9
25272,105,95,10,10
25273,195,171,24,24
25274,64,55,9,9
25275,56,65,-9,9
25276,38,74,-36,36
25277,111,117,-6,6
25278,72,70,2,2
25279,103,93,10,10
25280,93,84,9,9
25281,90,88,2,2
25282,64,67,-3,3
25283,142,118,24,24
25284,96,92,4,4
25285,85,79,6,6
25286,99,90,9,9
25287,52,50,2,2
25288,117,122,-5,5
25289,76,71,5,5
25290,80,66,14,14
25291,99,83,16,16
25292,103,88,15,15
25293,60,61,-1,1
25294,96,89,7,7
25295,112,100,12,12
25296,77,65,12,12
25297,126,105,21,21
25298,125,112,13,13
25299,132,120,12,12
25300,79,78,1,1
25301,106,95,11,11
25302,35,42,-7,7
25303,85,71,14,14
25304,63,55,8,8
25305,65,68,-3,3
25306,23,48,-25,25
25307,73,70,3,3
25308,103,98,5,5
25309,79,71,8,8
25310,81,79,2,2
25311,54,47,7,7
25312,77,72,5,5
25313,90,79,11,11
25314,92,85,7,7
25315,54,54,0,0
25316,101,95,6,6
25317,102,84,18,18
25318,77,76,1,1
25319,113,116,-3,3
25320,166,137,29,29
25321,74,72,2,2
25322,116,106,10,10
25323,127,120,7,7
25324,89,78,11,11
25325,101,89,12,12
25326,103,97,6,6
25327,127,112,15,15
25328,83,71,12,12
25329,123,114,9,9
25330,118,109,9,9
25331,160,142,18,18
25332,79,74,5,5
25333,76,64,12,12
25334,51,46,5,5
25335,110,103,7,7
25336,112,116,-4,4
25337,73,64,9,9
25338,90,77,13,13
25339,87,81,6,6
25340,97,88,9,9
25341,51,49,2,2
25342,175,151,24,24
25343,51,51,0,0
25344,96,86,10,10
25345,96,76,20,20
25346,87,83,4,4
25347,98,87,11,11
25348,195,155,40,40
25349,74,64,10,10
25350,111,93,18,18
25351,62,57,5,5
25352,62,63,-1,1
25353,50,49,1,1
25354,77,70,7,7
25355,68,53,15,15
25356,72,71,1,1
25357,82,69,13,13
25358,69,65,4,4
25359,133,119,14,14
25360,57,56,1,1
25361,87,91,-4,4
25362,86,73,13,13
25363,53,77,-24,24
25364,111,123,-12,12
25365,85,84,1,1
25366,68,65,3,3
25367,82,81,1,1
25368,125,103,22,22
25369,127,105,22,22
25370,46,78,-32,32
25371,125,117,8,8
25372,133,110,23,23
25373,84,83,1,1
25374,70,64,6,6
25375,130,105,25,25
25376,86,82,4,4
25377,161,137,24,24
25378,100,112,-12,12
25379,107,98,9,9
25380,89,84,5,5
25381,62,46,16,16
25382,75,71,4,4
25383,82,77,5,5
25384,104,99,5,5
25385,83,89,-6,6
25386,109,94,15,15
25387,57,45,12,12
25388,125,112,13,13
25389,87,70,17,17
25390,201,153,48,48
25391,75,71,4,4
25392,80,74,6,6
25393,143,142,1,1
25394,120,107,13,13
25395,146,130,16,16
25396,70,61,9,9
25397,93,84,9,9
25398,110,102,8,8
25399,43,46,-3,3
25400,97,84,13,13
25401,70,59,11,11
25402,85,76,9,9
25403,91,91,0,0
25404,85,81,4,4
25405,120,102,18,18
25406,70,67,3,3
25407,61,64,-3,3
25408,67,62,5,5
25409,156,132,24,24
25410,45,40,5,5
25411,121,116,5,5
25412,93,96,-3,3
25413,111,108,3,3
25414,72,73,-1,1
25415,44,44,0,0
25416,140,132,8,8
25417,52,53,-1,1
25418,70,66,4,4
25419,117,106,11,11
25420,60,56,4,4
25421,73,80,-7,7
25422,107,92,15,15
25423,90,88,2,2
25424,59,63,-4,4
25425,102,95,7,7
25426,73,69,4,4
25427,86,81,5,5
25428,58,55,3,3
25429,66,61,5,5
25430,62,92,-30,30
25431,130,113,17,17
25432,121,95,26,26
25433,114,97,17,17
25434,128,113,15,15
25435,106,98,8,8
25436,94,81,13,13
25437,139,124,15,15
25438,57,52,5,5
25439,62,71,-9,9
25440,59,60,-1,1
25441,134,109,25,25
25442,88,80,8,8
25443,67,66,1,1
25444,91,85,6,6
25445,79,67,12,12
25446,99,91,8,8
25447,135,132,3,3
25448,118,108,10,10
25449,97,88,9,9
25450,96,79,17,17
25451,81,76,5,5
25452,93,89,4,4
25453,108,99,9,9
25454,69,62,7,7
25455,106,101,5,5
25456,80,79,1,1
25457,108,96,12,12
25458,95,80,15,15
25459,41,38,3,3
25460,97,87,10,10
25461,161,122,39,39
25462,96,86,10,10
25463,86,85,1,1
25464,123,100,23,23
25465,84,71,13,13
25466,81,79,2,2
25467,99,89,10,10
25468,108,91,17,17
25469,57,61,-4,4
25470,82,80,2,2
25471,117,129,-12,12
25472,78,80,-2,2
25473,206,177,29,29
25474,70,65,5,5
25475,66,66,0,0
25476,132,109,23,23
25477,73,65,8,8
25478,53,57,-4,4
25479,47,51,-4,4
25480,73,74,-1,1
25481,72,68,4,4
25482,96,83,13,13
25483,182,156,26,26
25484,80,70,10,10
25485,98,84,14,14
25486,103,95,8,8
25487,182,163,19,19
25488,136,127,9,9
25489,101,90,11,11
25490,81,70,11,11
25491,161,135,26,26
25492,83,84,-1,1
25493,57,64,-7,7
25494,119,96,23,23
25495,103,88,15,15
25496,143,115,28,28
25497,61,94,-33,33
25498,117,100,17,17
25499,113,101,12,12
25500,94,89,5,5
25501,70,69,1,1
25502,116,109,7,7
25503,102,83,19,19
25504,154,135,19,19
25505,91,78,13,13
25506,105,102,3,3
25507,114,110,4,4
25508,160,146,14,14
25509,94,86,8,8
25510,151,118,33,33
25511,170,145,25,25
25512,76,66,10,10
25513,74,66,8,8
25514,101,92,9,9
25515,62,55,7,7
25516,84,77,7,7
25517,109,100,9,9
25518,106,91,15,15
25519,119,99,20,20
25520,89,84,5,5
25521,53,49,4,4
25522,37,35,2,2
25523,97,89,8,8
25524,91,79,12,12
25525,94,80,14,14
25526,111,89,22,22
25527,203,176,27,27
25528,71,62,9,9
25529,63,63,0,0
25530,55,57,-2,2
25531,87,76,11,11
25532,125,126,-1,1
25533,101,94,7,7
25534,98,79,19,19
25535,116,110,6,6
25536,79,76,3,3
25537,206,170,36,36
25538,102,102,0,0
25539,153,132,21,21
25540,86,84,2,2
25541,60,55,5,5
25542,95,97,-2,2
25543,156,132,24,24
25544,90,77,13,13
25545,131,111,20,20
25546,107,91,16,16
25547,56,56,0,0
25548,96,88,8,8
25549,67,71,-4,4
25550,66,64,2,2
25551,116,106,10,10
25552,97,93,4,4
25553,132,115,17,17
25554,87,83,4,4
25555,94,88,6,6
25556,50,49,1,1
25557,104,85,19,19
25558,179,163,16,16
25559,121,93,28,28
25560,54,55,-1,1
25561,86,71,15,15
25562,29,35,-6,6
25563,109,97,12,12
25564,81,80,1,1
25565,75,77,-2,2
25566,179,145,34,34
25567,59,49,10,10
25568,122,103,19,19
25569,209,169,40,40
25570,53,53,0,0
25571,79,65,14,14
25572,97,86,11,11
25573,99,95,4,4
25574,50,45,5,5
25575,81,78,3,3
25576,77,67,10,10
25577,179,150,29,29
25578,100,96,4,4
25579,57,60,-3,3
25580,88,81,7,7
25581,47,48,-1,1
25582,92,86,6,6
25583,94,77,17,17
25584,49,68,-19,19
25585,155,123,32,32
25586,93,89,4,4
25587,160,130,30,30
25588,34,39,-5,5
25589,109,93,16,16
25590,112,100,12,12
25591,65,58,7,7
25592,76,64,12,12
25593,82,84,-2,2
25594,97,76,21,21
25595,72,71,1,1
25596,95,89,6,6
25597,59,59,0,0
25598,52,49,3,3
25599,81,67,14,14
25600,87,76,11,11
25601,129,110,19,19
25602,57,67,-10,10
25603,54,55,-1,1
25604,122,95,27,27
25605,90,80,10,10
25606,136,113,23,23
25607,55,51,4,4
25608,69,71,-2,2
25609,118,101,17,17
25610,103,93,10,10
25611,70,65,5,5
25612,43,47,-4,4
25613,66,65,1,1
25614,140,126,14,14
25615,89,88,1,1
25616,147,108,39,39
25617,112,103,9,9
25618,78,62,16,16
25619,40,42,-2,2
25620,55,55,0,0
25621,77,70,7,7
25622,80,87,-7,7
25623,71,69,2,2
25624,82,77,5,5
25625,82,79,3,3
25626,93,90,3,3
25627,68,64,4,4
25628,96,79,17,17
25629,116,101,15,15
25630,53,61,-8,8
25631,87,74,13,13
25632,116,103,13,13
25633,102,86,16,16
25634,89,76,13,13
25635,121,105,16,16
25636,92,80,12,12
25637,29,49,-20,20
25638,98,81,17,17
25639,70,57,13,13
25640,127,105,22,22
25641,208,172,36,36
25642,85,72,13,13
25643,84,83,1,1
25644,92,87,5,5
25645,118,118,0,0
25646,66,65,1,1
25647,79,74,5,5
25648,167,135,32,32
25649,174,152,22,22
25650,92,82,10,10
25651,90,89,1,1
25652,103,88,15,15
25653,85,75,10,10
25654,43,43,0,0
25655,144,128,16,16
25656,66,59,7,7
25657,33,48,-15,15
25658,50,55,-5,5
25659,68,62,6,6
25660,152,144,8,8
25661,102,88,14,14
25662,45,42,3,3
25663,67,61,6,6
25664,59,58,1,1
25665,92,92,0,0
25666,138,122,16,16
25667,152,131,21,21
25668,79,69,10,10
25669,122,113,9,9
25670,122,106,16,16
25671,59,62,-3,3
25672,164,134,30,30
25673,93,128,-35,35
25674,86,85,1,1
25675,133,112,21,21
25676,95,98,-3,3
25677,86,84,2,2
25678,76,67,9,9
25679,152,131,21,21
25680,99,80,19,19
25681,62,56,6,6
25682,92,88,4,4
25683,105,88,17,17
25684,95,82,13,13
25685,103,75,28,28
25686,64,64,0,0
25687,113,114,-1,1
25688,139,128,11,11
25689,116,98,18,18
25690,109,108,1,1
25691,110,100,10,10
25692,102,92,10,10
25693,108,104,4,4
25694,83,68,15,15
25695,151,132,19,19
25696,84,85,-1,1
25697,109,91,18,18
25698,136,115,21,21
25699,109,94,15,15
25700,136,104,32,32
25701,109,95,14,14
25702,68,67,1,1
25703,76,66,10,10
25704,81,75,6,6
25705,102,91,11,11
25706,139,120,19,19
25707,86,82,4,4
25708,105,89,16,16
25709,58,60,-2,2
25710,35,44,-9,9
25711,49,52,-3,3
25712,82,73,9,9
25713,70,70,0,0
25714,79,74,5,5
25715,66,58,8,8
25716,122,106,16,16
25717,77,68,9,9
25718,120,104,16,16
25719,155,122,33,33
25720,123,111,12,12
25721,74,75,-1,1
25722,88,78,10,10
25723,143,124,19,19
25724,88,71,17,17
25725,57,58,-1,1
25726,130,115,15,15
25727,81,82,-1,1
25728,83,82,1,1
25729,173,134,39,39
25730,66,63,3,3
25731,91,84,7,7
25732,70,63,7,7
25733,73,58,15,15
25734,72,74,-2,2
25735,73,67,6,6
25736,109,107,2,2
25737,106,59,47,47
25738,72,63,9,9
25739,80,80,0,0
25740,188,153,35,35
25741,112,99,13,13
25742,116,102,14,14
25743,115,95,20,20
25744,97,90,7,7
25745,171,147,24,24
25746,96,92,4,4
25747,97,83,14,14
25748,60,58,2,2
25749,119,95,24,24
25750,144,125,19,19
25751,64,59,5,5
25752,55,56,-1,1
25753,92,83,9,9
25754,92,80,12,12
25755,133,124,9,9
25756,62,60,2,2
25757,143,124,19,19
25758,92,89,3,3
25759,95,103,-8,8
25760,43,41,2,2
25761,110,96,14,14
25762,94,77,17,17
25763,68,64,4,4
25764,81,76,5,5
25765,150,119,31,31
25766,129,114,15,15
25767,133,110,23,23
25768,105,92,13,13
25769,66,76,-10,10
25770,91,86,5,5
25771,90,71,19,19
25772,117,91,26,26
25773,140,119,21,21
25774,165,149,16,16
25775,95,87,8,8
25776,85,72,13,13
25777,158,132,26,26
25778,138,129,9,9
25779,96,89,7,7
25780,122,106,16,16
25781,65,57,8,8
25782,63,61,2,2
25783,111,101,10,10
25784,80,90,-10,10
25785,79,74,5,5
25786,100,82,18,18
25787,81,79,2,2
25788,92,81,11,11
25789,75,83,-8,8
25790,82,77,5,5
25791,79,82,-3,3
25792,57,61,-4,4
25793,148,111,37,37
25794,79,72,7,7
25795,122,107,15,15
25796,82,77,5,5
25797,61,56,5,5
25798,38,44,-6,6
25799,94,93,1,1
25800,101,78,23,23
25801,89,78,11,11
25802,68,60,8,8
25803,47,52,-5,5
25804,90,78,12,12
25805,60,58,2,2
25806,114,98,16,16
25807,80,81,-1,1
25808,127,102,25,25
25809,102,99,3,3
25810,69,61,8,8
25811,53,62,-9,9
25812,59,61,-2,2
25813,95,89,6,6
25814,64,59,5,5
25815,144,134,10,10
25816,71,57,14,14
25817,100,94,6,6
25818,116,104,12,12
25819,104,91,13,13
25820,177,160,17,17
25821,108,96,12,12
25822,132,111,21,21
25823,118,98,20,20
25824,135,134,1,1
25825,115,102,13,13
25826,73,68,5,5
25827,133,111,22,22
25828,95,85,10,10
25829,80,73,7,7
25830,48,66,-18,18
25831,158,136,22,22
25832,73,71,2,2
25833,94,81,13,13
25834,74,88,-14,14
25835,154,139,15,15
25836,127,116,11,11
25837,73,66,7,7
25838,89,78,11,11
25839,61,61,0,0
25840,87,75,12,12
25841,65,75,-10,10
25842,81,79,2,2
25843,99,89,10,10
25844,83,81,2,2
25845,90,84,6,6
25846,82,74,8,8
25847,115,96,19,19
25848,137,127,10,10
25849,78,72,6,6
25850,94,78,16,16
25851,101,92,9,9
25852,96,86,10,10
25853,77,69,8,8
25854,112,96,16,16
25855,138,124,14,14
25856,98,86,12,12
25857,91,85,6,6
25858,143,120,23,23
25859,153,134,19,19
25860,40,44,-4,4
25861,69,62,7,7
25862,67,63,4,4
25863,43,49,-6,6
25864,104,98,6,6
25865,117,99,18,18
25866,84,72,12,12
25867,84,83,1,1
25868,74,64,10,10
25869,75,68,7,7
25870,147,137,10,10
25871,94,89,5,5
25872,92,82,10,10
25873,71,69,2,2
25874,84,74,10,10
25875,78,90,-12,12
25876,83,74,9,9
25877,84,84,0,0
25878,42,49,-7,7
25879,149,134,15,15
25880,95,91,4,4
25881,132,107,25,25
25882,83,82,1,1
25883,131,121,10,10
25884,62,60,2,2
25885,87,81,6,6
25886,91,79,12,12
25887,155,149,6,6
25888,73,75,-2,2
25889,98,91,7,7
25890,72,64,8,8
25891,75,77,-2,2
25892,147,127,20,20
25893,54,58,-4,4
25894,128,109,19,19
25895,98,89,9,9
25896,111,98,13,13
25897,81,76,5,5
25898,87,73,14,14
25899,28,59,-31,31
25900,123,110,13,13
25901,82,71,11,11
25902,82,68,14,14
25903,113,96,17,17
25904,121,119,2,2
25905,124,109,15,15
25906,85,75,10,10
25907,82,77,5,5
25908,107,99,8,8
25909,113,102,11,11
25910,74,77,-3,3
25911,97,83,14,14
25912,56,60,-4,4
25913,89,79,10,10
25914,132,114,18,18
25915,134,116,18,18
25916,93,87,6,6
25917,128,124,4,4
25918,121,109,12,12
25919,132,125,7,7
25920,114,103,11,11
25921,93,81,12,12
25922,132,121,11,11
25923,139,109,30,30
25924,59,57,2,2
25925,185,147,38,38
25926,47,51,-4,4
25927,68,63,5,5
25928,122,116,6,6
25929,130,122,8,8
25930,98,90,8,8
25931,42,41,1,1
25932,125,111,14,14
25933,56,56,0,0
25934,129,115,14,14
25935,60,76,-16,16
25936,51,51,0,0
25937,78,73,5,5
25938,62,66,-4,4
25939,80,85,-5,5
25940,39,45,-6,6
25941,120,108,12,12
25942,100,85,15,15
25943,112,111,1,1
25944,85,76,9,9
25945,118,102,16,16
25946,124,117,7,7
25947,56,54,2,2
25948,97,90,7,7
25949,83,83,0,0
25950,91,85,6,6
25951,68,64,4,4
25952,108,102,6,6
25953,87,82,5,5
25954,57,58,-1,1
25955,70,61,9,9
25956,87,81,6,6
25957,111,94,17,17
25958,79,76,3,3
25959,117,96,21,21
25960,95,90,5,5
25961,139,119,20,20
25962,52,45,7,7
25963,47,93,-46,46
25964,104,94,10,10
25965,89,75,14,14
25966,86,84,2,2
25967,90,78,12,12
25968,113,98,15,15
25969,89,82,7,7
25970,94,90,4,4
25971,134,122,12,12
25972,63,55,8,8
25973,102,91,11,11
25974,146,122,24,24
25975,140,125,15,15
25976,73,69,4,4
25977,127,112,15,15
25978,47,53,-6,6
25979,90,95,-5,5
25980,77,71,6,6
25981,136,114,22,22
25982,121,110,11,11
25983,82,69,13,13
25984,114,113,1,1
25985,114,98,16,16
25986,80,71,9,9
25987,82,71,11,11
25988,79,72,7,7
25989,107,102,5,5
25990,113,89,24,24
25991,114,99,15,15
25992,52,55,-3,3
25993,67,63,4,4
25994,74,72,2,2
25995,113,102,11,11
25996,77,69,8,8
25997,125,120,5,5
25998,60,54,6,6
25999,78,71,7,7
26000,94,87,7,7
26001,102,89,13,13
26002,115,97,18,18
26003,114,99,15,15
26004,115,107,8,8
26005,109,97,12,12
26006,107,102,5,5
26007,80,73,7,7
26008,111,95,16,16
26009,36,51,-15,15
26010,78,71,7,7
26011,87,77,10,10
26012,74,67,7,7
26013,70,72,-2,2
26014,64,61,3,3
26015,51,48,3,3
26016,97,91,6,6
26017,106,91,15,15
26018,150,133,17,17
26019,105,88,17,17
26020,80,77,3,3
26021,81,76,5,5
26022,78,74,4,4
26023,103,98,5,5
26024,68,65,3,3
26025,69,65,4,4
26026,100,106,-6,6
26027,100,77,23,23
26028,171,146,25,25
26029,102,89,13,13
26030,98,80,18,18
26031,81,79,2,2
26032,86,72,14,14
26033,47,51,-4,4
26034,83,81,2,2
26035,139,125,14,14
26036,71,69,2,2
26037,142,124,18,18
26038,65,58,7,7
26039,68,62,6,6
26040,63,60,3,3
26041,105,87,18,18
26042,53,54,-1,1
26043,126,114,12,12
26044,137,124,13,13
26045,64,58,6,6
26046,126,123,3,3
26047,117,100,17,17
26048,65,82,-17,17
26049,133,124,9,9
26050,64,57,7,7
26051,96,82,14,14
26052,92,84,8,8
26053,99,94,5,5
26054,148,134,14,14
26055,54,53,1,1
26056,99,75,24,24
26057,89,90,-1,1
26058,63,55,8,8
26059,90,80,10,10
26060,71,74,-3,3
26061,82,68,14,14
26062,89,77,12,12
26063,58,56,2,2
26064,88,84,4,4
26065,91,86,5,5
26066,29,34,-5,5
26067,63,60,3,3
26068,73,70,3,3
26069,68,58,10,10
26070,76,77,-1,1
26071,73,61,12,12
26072,152,123,29,29
26073,113,91,22,22
26074,57,47,10,10
26075,81,72,9,9
26076,102,100,2,2
26077,87,102,-15,15
26078,106,98,8,8
26079,83,81,2,2
26080,164,137,27,27
26081,122,95,27,27
26082,68,70,-2,2
26083,79,71,8,8
26084,57,54,3,3
26085,116,109,7,7
26086,57,55,2,2
26087,105,86,19,19
26088,95,79,16,16
26089,164,145,19,19
26090,159,148,11,11
26091,92,76,16,16
26092,100,100,0,0
26093,64,54,10,10
26094,121,142,-21,21
26095,157,130,27,27
26096,116,102,14,14
26097,46,48,-2,2
26098,106,90,16,16
26099,67,69,-2,2
26100,83,80,3,3
26101,66,58,8,8
26102,105,99,6,6
26103,166,151,15,15
26104,109,85,24,24
26105,75,68,7,7
26106,86,77,9,9
26107,91,79,12,12
26108,76,68,8,8
26109,149,141,8,8
26110,102,87,15,15
26111,76,72,4,4
26112,64,57,7,7
26113,108,94,14,14
26114,99,87,12,12
26115,104,95,9,9
26116,136,129,7,7
26117,72,80,-8,8
26118,92,75,17,17
26119,70,65,5,5
26120,69,65,4,4
26121,154,130,24,24
26122,129,112,17,17
26123,102,90,12,12
26124,107,94,13,13
26125,107,98,9,9
26126,75,64,11,11
26127,108,92,16,16
26128,96,82,14,14
26129,80,78,2,2
26130,73,69,4,4
26131,129,114,15,15
26132,57,55,2,2
26133,92,83,9,9
26134,70,75,-5,5
26135,61,63,-2,2
26136,52,64,-12,12
26137,145,124,21,21
26138,74,72,2,2
26139,75,68,7,7
26140,134,119,15,15
26141,105,100,5,5
26142,108,85,23,23
26143,98,90,8,8
26144,96,81,15,15
26145,135,121,14,14
26146,103,94,9,9
26147,84,76,8,8
26148,132,111,21,21
26149,114,91,23,23
26150,87,74,13,13
26151,55,56,-1,1
26152,65,54,11,11
26153,48,52,-4,4
26154,64,61,3,3
26155,113,90,23,23
26156,137,114,23,23
26157,124,110,14,14
26158,47,50,-3,3
26159,103,88,15,15
26160,136,117,19,19
26161,80,72,8,8
26162,65,79,-14,14
26163,117,97,20,20
26164,113,108,5,5
26165,71,63,8,8
26166,132,125,7,7
26167,102,80,22,22
26168,191,164,27,27
26169,127,105,22,22
26170,102,93,9,9
26171,104,88,16,16
26172,113,100,13,13
26173,74,82,-8,8
26174,143,128,15,15
26175,73,62,11,11
26176,143,124,19,19
26177,120,101,19,19
26178,95,86,9,9
26179,84,79,5,5
26180,146,128,18,18
26181,70,63,7,7
26182,125,98,27,27
26183,79,72,7,7
26184,77,77,0,0
26185,69,62,7,7
26186,100,89,11,11
26187,190,152,38,38
26188,90,84,6,6
26189,67,77,-10,10
26190,179,155,24,24
26191,68,72,-4,4
26192,79,85,-6,6
26193,149,121,28,28
26194,87,65,22,22
26195,58,75,-17,17
26196,176,165,11,11
26197,67,62,5,5
26198,76,71,5,5
26199,127,109,18,18
26200,73,63,10,10
26201,68,65,3,3
26202,70,65,5,5
26203,101,87,14,14
26204,122,117,5,5
26205,95,82,13,13
26206,90,82,8,8
26207,85,84,1,1
26208,138,119,19,19
26209,115,106,9,9
26210,122,105,17,17
26211,59,54,5,5
26212,51,51,0,0
26213,106,90,16,16
26214,110,102,8,8
26215,111,103,8,8
26216,62,74,-12,12
26217,93,75,18,18
26218,46,47,-1,1
26219,107,100,7,7
26220,144,117,27,27
26221,92,75,17,17
26222,92,84,8,8
26223,95,97,-2,2
26224,154,133,21,21
26225,54,50,4,4
26226,102,92,10,10
26227,61,63,-2,2
26228,109,103,6,6
26229,155,117,38,38
26230,83,68,15,15
26231,79,72,7,7
26232,102,91,11,11
26233,133,110,23,23
26234,134,121,13,13
26235,81,70,11,11
26236,151,132,19,19
26237,46,46,0,0
26238,97,85,12,12
26239,62,57,5,5
26240,114,102,12,12
26241,83,81,2,2
26242,114,101,13,13
26243,87,89,-2,2
26244,110,88,22,22
26245,232,205,27,27
26246,35,41,-6,6
26247,96,83,13,13
26248,87,86,1,1
26249,52,51,1,1
26250,89,77,12,12
26251,84,70,14,14
26252,84,78,6,6
26253,151,133,18,18
26254,51,52,-1,1
26255,112,92,20,20
26256,189,159,30,30
26257,68,61,7,7
26258,77,68,9,9
26259,62,61,1,1
26260,112,103,9,9
26261,95,85,10,10
26262,81,79,2,2
26263,108,88,20,20
26264,96,87,9,9
26265,58,55,3,3
26266,84,76,8,8
26267,116,95,21,21
26268,97,92,5,5
26269,92,85,7,7
26270,101,99,2,2
26271,56,49,7,7
26272,74,72,2,2
26273,115,97,18,18
26274,74,72,2,2
26275,58,53,5,5
26276,129,117,12,12
26277,91,85,6,6
26278,59,51,8,8
26279,52,48,4,4
26280,73,69,4,4
26281,69,56,13,13
26282,119,90,29,29
26283,126,108,18,18
26284,114,88,26,26
26285,100,98,2,2
26286,86,79,7,7
26287,116,117,-1,1
26288,72,64,8,8
26289,61,60,1,1
26290,83,68,15,15
26291,94,88,6,6
26292,90,89,1,1
26293,93,91,2,2
26294,31,34,-3,3
26295,163,140,23,23
26296,99,85,14,14
26297,46,50,-4,4
26298,55,52,3,3
26299,75,72,3,3
26300,72,69,3,3
26301,107,88,19,19
26302,89,86,3,3
26303,66,51,15,15
26304,67,68,-1,1
26305,145,129,16,16
26306,151,130,21,21
26307,153,119,34,34
26308,56,47,9,9
26309,97,92,5,5
26310,162,140,22,22
26311,90,82,8,8
26312,106,91,15,15
26313,27,34,-7,7
26314,93,78,15,15
26315,105,93,12,12
26316,123,122,1,1
26317,61,64,-3,3
26318,64,56,8,8
26319,109,100,9,9
26320,153,134,19,19
26321,81,72,9,9
26322,167,138,29,29
26323,100,86,14,14
26324,40,49,-9,9
26325,84,84,0,0
26326,126,112,14,14
26327,69,65,4,4
26328,54,43,11,11
26329,41,42,-1,1
26330,86,85,1,1
26331,71,60,11,11
26332,97,87,10,10
26333,131,117,14,14
26334,42,41,1,1
26335,102,91,11,11
26336,83,79,4,4
26337,187,158,29,29
26338,180,158,22,22
26339,73,70,3,3
26340,108,121,-13,13
26341,57,57,0,0
26342,121,107,14,14
26343,88,82,6,6
26344,105,94,11,11
26345,80,82,-2,2
26346,86,84,2,2
26347,124,108,16,16
26348,117,101,16,16
26349,112,100,12,12
26350,66,57,9,9
26351,94,94,0,0
26352,107,99,8,8
26353,45,45,0,0
26354,121,103,18,18
26355,82,73,9,9
26356,69,66,3,3
26357,160,131,29,29
26358,119,98,21,21
26359,58,54,4,4
26360,100,86,14,14
26361,72,67,5,5
26362,67,63,4,4
26363,66,62,4,4
26364,119,103,16,16
26365,138,135,3,3
26366,65,58,7,7
26367,105,98,7,7
26368,36,45,-9,9
26369,69,66,3,3
26370,78,69,9,9
26371,131,107,24,24
26372,109,105,4,4
26373,75,66,9,9
26374,63,54,9,9
26375,53,58,-5,5
26376,105,98,7,7
26377,64,65,-1,1
26378,70,69,1,1
26379,26,35,-9,9
26380,181,149,32,32
26381,66,64,2,2
26382,130,125,5,5
26383,122,110,12,12
26384,94,80,14,14
26385,124,114,10,10
26386,70,68,2,2
26387,114,102,12,12
26388,93,78,15,15
26389,106,101,5,5
26390,96,87,9,9
26391,90,89,1,1
26392,118,108,10,10
26393,63,82,-19,19
26394,79,77,2,2
26395,43,48,-5,5
26396,112,105,7,7
26397,45,48,-3,3
26398,114,111,3,3
26399,107,90,17,17
26400,83,73,10,10
26401,40,43,-3,3
26402,98,91,7,7
26403,115,102,13,13
26404,92,90,2,2
26405,131,119,12,12
26406,106,84,22,22
26407,99,86,13,13
26408,67,63,4,4
26409,171,145,26,26
26410,128,99,29,29
26411,88,77,11,11
26412,56,57,-1,1
26413,113,99,14,14
26414,62,48,14,14
26415,81,66,15,15
26416,83,80,3,3
26417,113,95,18,18
26418,100,95,5,5
26419,91,81,10,10
26420,79,79,0,0
26421,156,132,24,24
26422,113,103,10,10
26423,67,74,-7,7
26424,129,109,20,20
26425,89,84,5,5
26426,66,63,3,3
26427,102,98,4,4
26428,131,115,16,16
26429,111,98,13,13
26430,47,43,4,4
26431,37,45,-8,8
26432,92,87,5,5
26433,91,82,9,9
26434,101,90,11,11
26435,43,51,-8,8
26436,78,66,12,12
26437,102,94,8,8
26438,92,83,9,9
26439,96,96,0,0
26440,109,97,12,12
26441,98,93,5,5
26442,131,108,23,23
26443,104,101,3,3
26444,96,112,-16,16
26445,98,88,10,10
26446,66,63,3,3
26447,75,70,5,5
26448,70,65,5,5
26449,49,48,1,1
26450,110,90,20,20
26451,128,102,26,26
26452,50,46,4,4
26453,85,79,6,6
26454,59,53,6,6
26455,41,46,-5,5
26456,71,65,6,6
26457,117,99,18,18
26458,91,85,6,6
26459,64,61,3,3
26460,118,106,12,12
26461,43,46,-3,3
26462,134,117,17,17
26463,101,85,16,16
26464,109,88,21,21
26465,114,109,5,5
26466,118,114,4,4
26467,70,72,-2,2
26468,102,91,11,11
26469,157,143,14,14
26470,308,244,64,64
26471,104,103,1,1
26472,106,85,21,21
26473,74,67,7,7
26474,148,124,24,24
26475,106,94,12,12
26476,74,70,4,4
26477,118,102,16,16
26478,114,105,9,9
26479,60,56,4,4
26480,135,110,25,25
26481,60,53,7,7
26482,62,59,3,3
26483,120,113,7,7
26484,150,147,3,3
26485,112,93,19,19
26486,87,80,7,7
26487,100,93,7,7
26488,52,56,-4,4
26489,82,76,6,6
26490,136,127,9,9
26491,65,63,2,2
26492,104,86,18,18
26493,134,117,17,17
26494,104,83,21,21
26495,119,108,11,11
26496,119,102,17,17
26497,60,66,-6,6
26498,155,140,15,15
26499,129,117,12,12
26500,46,49,-3,3
26501,58,57,1,1
26502,73,59,14,14
26503,114,93,21,21
26504,85,84,1,1
26505,77,68,9,9
26506,89,77,12,12
26507,186,153,33,33
26508,74,66,8,8
26509,80,65,15,15
26510,108,100,8,8
26511,112,81,31,31
26512,38,39,-1,1
26513,61,52,9,9
26514,109,92,17,17
26515,46,37,9,9
26516,139,114,25,25
26517,85,82,3,3
26518,97,82,15,15
26519,60,66,-6,6
26520,36,42,-6,6
26521,89,90,-1,1
26522,147,128,19,19
26523,94,78,16,16
26524,88,74,14,14
26525,120,100,20,20
26526,75,79,-4,4
26527,95,87,8,8
26528,90,78,12,12
26529,46,50,-4,4
26530,49,48,1,1
26531,145,122,23,23
26532,93,76,17,17
26533,48,41,7,7
26534,93,85,8,8
26535,76,64,12,12
26536,51,49,2,2
26537,102,89,13,13
26538,86,79,7,7
26539,88,77,11,11
26540,97,93,4,4
26541,139,116,23,23
26542,163,140,23,23
26543,91,89,2,2
26544,139,112,27,27
26545,56,62,-6,6
26546,56,64,-8,8
26547,84,75,9,9
26548,85,80,5,5
26549,55,55,0,0
26550,82,74,8,8
26551,90,78,12,12
26552,102,83,19,19
26553,46,48,-2,2
26554,151,134,17,17
26555,90,78,12,12
26556,78,100,-22,22
26557,70,59,11,11
26558,126,106,20,20
26559,114,106,8,8
26560,135,108,27,27
26561,209,168,41,41
26562,163,138,25,25
26563,62,58,4,4
26564,79,87,-8,8
26565,90,81,9,9
26566,126,104,22,22
26567,161,131,30,30
26568,119,102,17,17
26569,65,72,-7,7
26570,75,93,-18,18
26571,94,81,13,13
26572,57,50,7,7
26573,60,57,3,3
26574,62,57,5,5
26575,61,60,1,1
26576,174,147,27,27
26577,65,64,1,1
26578,122,111,11,11
26579,103,109,-6,6
26580,66,63,3,3
26581,110,92,18,18
26582,59,56,3,3
26583,120,102,18,18
26584,101,91,10,10
26585,94,82,12,12
26586,125,110,15,15
26587,76,69,7,7
26588,66,68,-2,2
26589,85,83,2,2
26590,101,94,7,7
26591,79,72,7,7
26592,179,151,28,28
26593,73,75,-2,2
26594,97,91,6,6
26595,40,55,-15,15
26596,75,67,8,8
26597,157,136,21,21
26598,77,72,5,5
26599,108,105,3,3
26600,129,109,20,20
26601,100,90,10,10
26602,76,83,-7,7
26603,40,41,-1,1
26604,72,70,2,2
26605,81,71,10,10
26606,122,102,20,20
26607,77,64,13,13
26608,162,141,21,21
26609,52,50,2,2
26610,86,73,13,13
26611,61,52,9,9
26612,139,114,25,25
26613,122,106,16,16
26614,129,120,9,9
26615,64,60,4,4
26616,53,52,1,1
26617,163,133,30,30
26618,76,83,-7,7
26619,47,47,0,0
26620,57,56,1,1
26621,142,118,24,24
26622,89,72,17,17
26623,100,95,5,5
26624,126,120,6,6
26625,149,124,25,25
26626,102,87,15,15
26627,51,54,-3,3
26628,131,102,29,29
26629,113,101,12,12
26630,128,108,20,20
26631,84,69,15,15
26632,88,77,11,11
26633,96,85,11,11
26634,131,104,27,27
26635,142,123,19,19
26636,139,121,18,18
26637,62,62,0,0
26638,162,149,13,13
26639,100,89,11,11
26640,94,84,10,10
26641,118,102,16,16
26642,140,113,27,27
26643,105,93,12,12
26644,54,55,-1,1
26645,80,74,6,6
26646,54,50,4,4
26647,82,78,4,4
26648,78,73,5,5
26649,81,74,7,7
26650,55,51,4,4
26651,142,131,11,11
26652,152,129,23,23
26653,121,106,15,15
26654,109,94,15,15
26655,80,80,0,0
26656,73,69,4,4
26657,154,109,45,45
26658,122,112,10,10
26659,85,75,10,10
26660,65,63,2,2
26661,127,106,21,21
26662,44,41,3,3
26663,90,88,2,2
26664,115,103,12,12
26665,124,108,16,16
26666,148,134,14,14
26667,49,46,3,3
26668,77,72,5,5
26669,173,149,24,24
26670,68,70,-2,2
26671,149,134,15,15
26672,73,68,5,5
26673,54,50,4,4
26674,90,76,14,14
26675,73,68,5,5
26676,74,72,2,2
26677,49,45,4,4
26678,79,69,10,10
26679,117,109,8,8
26680,57,61,-4,4
26681,123,104,19,19
26682,94,84,10,10
26683,124,96,28,28
26684,74,70,4,4
26685,63,60,3,3
26686,116,98,18,18
26687,93,78,15,15
26688,115,110,5,5
26689,64,61,3,3
26690,117,111,6,6
26691,74,71,3,3
26692,49,45,4,4
26693,72,62,10,10
26694,86,80,6,6
26695,52,51,1,1
26696,87,79,8,8
26697,152,133,19,19
26698,61,62,-1,1
26699,67,66,1,1
26700,64,67,-3,3
26701,100,91,9,9
26702,135,107,28,28
26703,120,107,13,13
26704,124,102,22,22
26705,105,100,5,5
26706,144,133,11,11
26707,100,92,8,8
26708,80,76,4,4
26709,73,79,-6,6
26710,82,77,5,5
26711,76,65,11,11
26712,115,103,12,12
26713,106,97,9,9
26714,125,114,11,11
26715,86,75,11,11
26716,94,84,10,10
26717,80,78,2,2
26718,145,116,29,29
26719,122,105,17,17
26720,122,108,14,14
26721,115,98,17,17
26722,66,64,2,2
26723,85,72,13,13
26724,95,92,3,3
26725,110,88,22,22
26726,49,58,-9,9
26727,80,85,-5,5
26728,101,89,12,12
26729,77,70,7,7
26730,89,89,0,0
26731,130,104,26,26
26732,106,105,1,1
26733,56,49,7,7
26734,68,59,9,9
26735,152,130,22,22
26736,113,100,13,13
26737,98,88,10,10
26738,125,107,18,18
26739,71,65,6,6
26740,123,106,17,17
26741,97,76,21,21
26742,77,73,4,4
26743,56,57,-1,1
26744,127,110,17,17
26745,49,55,-6,6
26746,115,99,16,16
26747,61,58,3,3
26748,97,83,14,14
26749,101,92,9,9
26750,77,75,2,2
26751,117,114,3,3
26752,90,89,1,1
26753,120,102,18,18
26754,80,74,6,6
26755,71,63,8,8
26756,54,53,1,1
26757,80,78,2,2
26758,110,98,12,12
26759,71,81,-10,10
26760,82,79,3,3
26761,68,72,-4,4
26762,78,80,-2,2
26763,69,63,6,6
26764,87,82,5,5
26765,94,83,11,11
26766,137,118,19,19
26767,57,56,1,1
26768,56,51,5,5
26769,57,62,-5,5
26770,62,56,6,6
26771,63,68,-5,5
26772,165,142,23,23
26773,115,98,17,17
26774,133,116,17,17
26775,94,76,18,18
26776,107,100,7,7
26777,106,92,14,14
26778,112,106,6,6
26779,93,84,9,9
26780,55,57,-2,2
26781,85,79,6,6
26782,41,38,3,3
26783,120,99,21,21
26784,99,88,11,11
26785,83,68,15,15
26786,84,79,5,5
26787,110,97,13,13
26788,124,125,-1,1
26789,122,102,20,20
26790,38,41,-3,3
26791,120,103,17,17
26792,97,89,8,8
26793,61,60,1,1
26794,113,106,7,7
26795,74,64,10,10
26796,79,69,10,10
26797,125,99,26,26
26798,81,72,9,9
26799,125,107,18,18
26800,123,111,12,12
26801,90,86,4,4
26802,48,52,-4,4
26803,55,55,0,0
26804,62,68,-6,6
26805,64,69,-5,5
26806,91,87,4,4
26807,145,132,13,13
26808,86,75,11,11
26809,66,66,0,0
26810,116,116,0,0
26811,76,69,7,7
26812,88,86,2,2
26813,103,98,5,5
26814,97,95,2,2
26815,138,116,22,22
26816,75,72,3,3
26817,92,78,14,14
26818,149,132,17,17
26819,60,58,2,2
26820,108,101,7,7
26821,30,36,-6,6
26822,89,78,11,11
26823,49,51,-2,2
26824,97,81,16,16
26825,128,105,23,23
26826,96,87,9,9
26827,96,84,12,12
26828,63,52,11,11
26829,76,70,6,6
26830,106,101,5,5
26831,79,79,0,0
26832,127,104,23,23
26833,45,47,-2,2
26834,105,106,-1,1
26835,90,79,11,11
26836,43,45,-2,2
26837,235,150,85,85
26838,50,54,-4,4
26839,111,93,18,18
26840,69,61,8,8
26841,52,127,-75,75
26842,105,94,11,11
26843,49,45,4,4
26844,66,64,2,2
26845,64,61,3,3
26846,75,63,12,12
26847,70,67,3,3
26848,96,82,14,14
26849,86,82,4,4
26850,109,94,15,15
26851,357,210,147,147
26852,74,67,7,7
26853,96,92,4,4
26854,101,95,6,6
26855,86,82,4,4
26856,97,78,19,19
26857,47,43,4,4
26858,76,83,-7,7
26859,139,117,22,22
26860,127,113,14,14
26861,119,100,19,19
26862,133,113,20,20
26863,190,168,22,22
26864,119,100,19,19
26865,96,86,10,10
26866,31,35,-4,4
26867,94,98,-4,4
26868,112,114,-2,2
26869,104,92,12,12
26870,162,134,28,28
26871,128,111,17,17
26872,142,129,13,13
26873,107,74,33,33
26874,120,95,25,25
26875,57,58,-1,1
26876,157,132,25,25
26877,94,85,9,9
26878,109,107,2,2
26879,58,61,-3,3
26880,108,86,22,22
26881,88,75,13,13
26882,123,116,7,7
26883,85,78,7,7
26884,136,124,12,12
26885,72,71,1,1
26886,77,69,8,8
26887,59,53,6,6
26888,154,127,27,27
26889,63,72,-9,9
26890,40,39,1,1
26891,142,133,9,9
26892,160,135,25,25
26893,68,59,9,9
26894,91,75,16,16
26895,77,77,0,0
26896,135,119,16,16
26897,134,179,-45,45
26898,172,153,19,19
26899,131,141,-10,10
26900,86,82,4,4
26901,67,67,0,0
26902,55,53,2,2
26903,148,129,19,19
26904,66,65,1,1
26905,120,95,25,25
26906,83,77,6,6
26907,101,86,15,15
26908,83,71,12,12
26909,106,117,-11,11
26910,99,90,9,9
26911,67,64,3,3
26912,130,115,15,15
26913,79,74,5,5
26914,43,47,-4,4
26915,146,121,25,25
26916,57,57,0,0
26917,100,99,1,1
26918,139,112,27,27
26919,114,91,23,23
26920,61,59,2,2
26921,77,85,-8,8
26922,102,101,1,1
26923,104,88,16,16
26924,145,135,10,10
26925,81,80,1,1
26926,87,84,3,3
26927,135,127,8,8
26928,117,105,12,12
26929,82,70,12,12
26930,118,107,11,11
26931,106,101,5,5
26932,123,110,13,13
26933,109,100,9,9
26934,66,61,5,5
26935,86,79,7,7
26936,104,98,6,6
26937,61,70,-9,9
26938,59,77,-18,18
26939,68,65,3,3
26940,68,66,2,2
26941,63,63,0,0
26942,85,73,12,12
26943,135,123,12,12
26944,117,110,7,7
26945,134,111,23,23
26946,104,96,8,8
26947,73,70,3,3
26948,79,73,6,6
26949,137,120,17,17
26950,106,88,18,18
26951,80,65,15,15
26952,175,148,27,27
26953,96,91,5,5
26954,137,113,24,24
26955,119,105,14,14
26956,118,103,15,15
26957,135,119,16,16
26958,127,95,32,32
26959,103,97,6,6
26960,87,80,7,7
26961,90,65,25,25
26962,50,52,-2,2
26963,68,65,3,3
26964,75,69,6,6
26965,150,136,14,14
26966,107,89,18,18
26967,122,110,12,12
26968,48,43,5,5
26969,141,129,12,12
26970,96,88,8,8
26971,93,87,6,6
26972,85,74,11,11
26973,55,53,2,2
26974,51,51,0,0
26975,99,88,11,11
26976,52,57,-5,5
26977,79,65,14,14
26978,110,98,12,12
26979,121,104,17,17
26980,37,37,0,0
26981,92,84,8,8
26982,66,53,13,13
26983,148,110,38,38
26984,83,74,9,9
26985,175,145,30,30
26986,88,75,13,13
26987,110,94,16,16
26988,79,79,0,0
26989,64,53,11,11
26990,124,102,22,22
26991,129,110,19,19
26992,91,81,10,10
26993,59,53,6,6
26994,49,59,-10,10
26995,132,115,17,17
26996,76,100,-24,24
26997,110,94,16,16
26998,61,55,6,6
26999,90,84,6,6
27000,126,112,14,14
27001,98,90,8,8
27002,59,52,7,7
27003,93,89,4,4
27004,76,61,15,15
27005,75,63,12,12
27006,85,81,4,4
27007,149,123,26,26
27008,89,79,10,10
27009,112,99,13,13
27010,88,77,11,11
27011,65,58,7,7
27012,86,79,7,7
27013,64,53,11,11
27014,81,84,-3,3
27015,86,82,4,4
27016,70,63,7,7
27017,150,117,33,33
27018,102,86,16,16
27019,92,78,14,14
27020,47,50,-3,3
27021,92,89,3,3
27022,108,95,13,13
27023,85,81,4,4
27024,127,111,16,16
27025,114,100,14,14
27026,89,75,14,14
27027,98,93,5,5
27028,47,43,4,4
27029,95,93,2,2
27030,174,157,17,17
27031,74,67,7,7
27032,214,188,26,26
27033,35,40,-5,5
27034,202,181,21,21
27035,83,71,12,12
27036,125,105,20,20
27037,109,87,22,22
27038,54,57,-3,3
27039,56,53,3,3
27040,71,67,4,4
27041,81,73,8,8
27042,78,73,5,5
27043,61,54,7,7
27044,77,68,9,9
27045,114,98,16,16
27046,59,57,2,2
27047,116,112,4,4
27048,49,55,-6,6
27049,66,74,-8,8
27050,91,72,19,19
27051,98,89,9,9
27052,73,70,3,3
27053,78,72,6,6
27054,105,102,3,3
27055,112,96,16,16
27056,84,79,5,5
27057,78,63,15,15
27058,112,107,5,5
27059,178,140,38,38
27060,134,122,12,12
27061,93,80,13,13
27062,99,89,10,10
27063,67,63,4,4
27064,76,73,3,3
27065,80,68,12,12
27066,74,65,9,9
27067,83,77,6,6
27068,99,104,-5,5
27069,70,57,13,13
27070,64,65,-1,1
27071,128,110,18,18
27072,93,78,15,15
27073,65,58,7,7
27074,40,43,-3,3
27075,133,112,21,21
27076,97,90,7,7
27077,89,87,2,2
27078,73,68,5,5
27079,102,84,18,18
27080,62,57,5,5
27081,91,86,5,5
27082,147,125,22,22
27083,70,62,8,8
27084,71,66,5,5
27085,86,79,7,7
27086,62,57,5,5
27087,104,83,21,21
27088,72,64,8,8
27089,52,50,2,2
27090,38,42,-4,4
27091,67,67,0,0
27092,196,166,30,30
27093,47,44,3,3
27094,51,52,-1,1
27095,88,81,7,7
27096,96,86,10,10
27097,42,44,-2,2
27098,101,93,8,8
27099,105,90,15,15
27100,70,62,8,8
27101,87,91,-4,4
27102,120,110,10,10
27103,71,64,7,7
27104,118,99,19,19
27105,71,77,-6,6
27106,101,99,2,2
27107,80,70,10,10
27108,107,89,18,18
27109,87,73,14,14
27110,60,62,-2,2
27111,56,49,7,7
27112,79,75,4,4
27113,148,126,22,22
27114,75,68,7,7
27115,53,52,1,1
27116,88,80,8,8
27117,104,114,-10,10
27118,77,64,13,13
27119,53,49,4,4
27120,114,103,11,11
27121,74,65,9,9
27122,73,76,-3,3
27123,127,108,19,19
27124,81,70,11,11
27125,127,115,12,12
27126,139,115,24,24
27127,78,72,6,6
27128,79,69,10,10
27129,115,98,17,17
27130,125,102,23,23
27131,141,123,18,18
27132,127,101,26,26
27133,105,95,10,10
27134,57,57,0,0
27135,99,93,6,6
27136,91,80,11,11
27137,98,81,17,17
27138,114,113,1,1
27139,74,68,6,6
27140,143,113,30,30
27141,68,68,0,0
27142,159,133,26,26
27143,69,62,7,7
27144,72,61,11,11
27145,48,48,0,0
27146,110,100,10,10
27147,86,77,9,9
27148,72,69,3,3
27149,80,70,10,10
27150,70,69,1,1
27151,37,40,-3,3
27152,79,71,8,8
27153,53,45,8,8
27154,82,75,7,7
27155,55,56,-1,1
27156,72,75,-3,3
27157,104,93,11,11
27158,81,75,6,6
27159,131,121,10,10
27160,110,105,5,5
27161,70,68,2,2
27162,96,92,4,4
27163,56,61,-5,5
27164,76,72,4,4
27165,87,82,5,5
27166,100,84,16,16
27167,51,50,1,1
27168,67,63,4,4
27169,50,52,-2,2
27170,72,80,-8,8
27171,69,65,4,4
27172,96,91,5,5
27173,90,76,14,14
27174,84,79,5,5
27175,136,124,12,12
27176,83,75,8,8
27177,93,88,5,5
27178,130,133,-3,3
27179,111,100,11,11
27180,107,109,-2,2
27181,112,108,4,4
27182,27,33,-6,6
27183,156,127,29,29
27184,102,86,16,16
27185,122,109,13,13
27186,114,95,19,19
27187,39,41,-2,2
27188,137,118,19,19
27189,86,78,8,8
27190,83,70,13,13
27191,148,129,19,19
27192,108,98,10,10
27193,102,88,14,14
27194,95,88,7,7
27195,52,56,-4,4
27196,78,75,3,3
27197,99,90,9,9
27198,124,113,11,11
27199,94,93,1,1
27200,120,110,10,10
27201,102,95,7,7
27202,128,116,12,12
27203,64,54,10,10
27204,78,70,8,8
27205,65,68,-3,3
27206,128,118,10,10
27207,88,72,16,16
27208,63,67,-4,4
27209,86,85,1,1
27210,102,94,8,8
27211,120,90,30,30
27212,95,92,3,3
27213,83,74,9,9
27214,96,96,0,0
27215,75,71,4,4
27216,50,49,1,1
27217,69,62,7,7
27218,118,97,21,21
27219,103,98,5,5
27220,88,84,4,4
27221,83,78,5,5
27222,113,94,19,19
27223,89,75,14,14
27224,92,82,10,10
27225,96,91,5,5
27226,97,108,-11,11
27227,57,51,6,6
27228,70,66,4,4
27229,79,80,-1,1
27230,81,75,6,6
27231,106,93,13,13
27232,178,149,29,29
27233,141,124,17,17
27234,97,87,10,10
27235,152,137,15,15
27236,82,74,8,8
27237,62,55,7,7
27238,69,69,0,0
27239,145,124,21,21
27240,80,72,8,8
27241,124,109,15,15
27242,128,115,13,13
27243,147,117,30,30
27244,181,164,17,17
27245,92,87,5,5
27246,48,46,2,2
27247,144,127,17,17
27248,54,59,-5,5
27249,116,97,19,19
27250,106,95,11,11
27251,72,65,7,7
27252,139,117,22,22
27253,153,137,16,16
27254,105,87,18,18
27255,152,125,27,27
27256,137,109,28,28
27257,123,114,9,9
27258,49,52,-3,3
27259,80,71,9,9
27260,63,50,13,13
27261,35,58,-23,23
27262,53,53,0,0
27263,80,78,2,2
27264,56,50,6,6
27265,143,134,9,9
27266,160,137,23,23
27267,98,88,10,10
27268,98,83,15,15
27269,83,81,2,2
27270,117,114,3,3
27271,143,126,17,17
27272,91,87,4,4
27273,60,62,-2,2
27274,106,90,16,16
27275,33,40,-7,7
27276,65,59,6,6
27277,79,69,10,10
27278,47,44,3,3
27279,78,72,6,6
27280,108,100,8,8
27281,59,59,0,0
27282,75,74,1,1
27283,130,118,12,12
27284,75,77,-2,2
27285,89,81,8,8
27286,85,73,12,12
27287,127,109,18,18
27288,71,74,-3,3
27289,103,91,12,12
27290,40,38,2,2
27291,57,65,-8,8
27292,142,122,20,20
27293,61,67,-6,6
27294,77,67,10,10
27295,95,90,5,5
27296,90,69,21,21
27297,101,93,8,8
27298,64,56,8,8
27299,154,120,34,34
27300,90,79,11,11
27301,103,92,11,11
27302,134,115,19,19
27303,96,75,21,21
27304,48,46,2,2
27305,88,75,13,13
27306,126,111,15,15
27307,80,68,12,12
27308,66,61,5,5
27309,43,41,2,2
27310,71,61,10,10
27311,102,89,13,13
27312,78,69,9,9
27313,99,88,11,11
27314,110,96,14,14
27315,105,96,9,9
27316,103,99,4,4
27317,103,94,9,9
27318,62,80,-18,18
27319,92,87,5,5
27320,68,69,-1,1
27321,94,86,8,8
27322,97,90,7,7
27323,50,57,-7,7
27324,46,59,-13,13
27325,76,65,11,11
27326,127,97,30,30
27327,55,53,2,2
27328,62,56,6,6
27329,114,106,8,8
27330,70,61,9,9
27331,110,98,12,12
27332,115,103,12,12
27333,102,85,17,17
27334,105,101,4,4
27335,99,86,13,13
27336,122,109,13,13
27337,69,68,1,1
27338,69,58,11,11
27339,79,72,7,7
27340,67,66,1,1
27341,76,67,9,9
27342,54,50,4,4
27343,96,84,12,12
27344,90,83,7,7
27345,73,64,9,9
27346,76,72,4,4
27347,48,50,-2,2
27348,104,99,5,5
27349,64,60,4,4
27350,76,69,7,7
27351,106,94,12,12
27352,58,54,4,4
27353,118,108,10,10
27354,78,75,3,3
27355,119,108,11,11
27356,64,62,2,2
27357,144,105,39,39
27358,112,94,18,18
27359,60,54,6,6
27360,58,78,-20,20
27361,148,145,3,3
27362,70,62,8,8
27363,193,156,37,37
27364,90,85,5,5
27365,50,49,1,1
27366,94,82,12,12
27367,114,96,18,18
27368,57,58,-1,1
27369,72,79,-7,7
27370,97,76,21,21
27371,121,103,18,18
27372,96,85,11,11
27373,78,78,0,0
27374,124,119,5,5
27375,156,138,18,18
27376,103,86,17,17
27377,117,108,9,9
27378,75,59,16,16
27379,101,94,7,7
27380,45,42,3,3
27381,60,56,4,4
27382,124,114,10,10
27383,129,113,16,16
27384,90,84,6,6
27385,79,79,0,0
27386,64,62,2,2
27387,87,87,0,0
27388,138,122,16,16
27389,106,98,8,8
27390,96,90,6,6
27391,124,109,15,15
27392,78,69,9,9
27393,99,87,12,12
27394,208,155,53,53
27395,111,97,14,14
27396,107,91,16,16
27397,92,78,14,14
27398,87,73,14,14
27399,108,108,0,0
27400,70,56,14,14
27401,115,105,10,10
27402,86,84,2,2
27403,86,75,11,11
27404,165,146,19,19
27405,59,92,-33,33
27406,111,106,5,5
27407,196,155,41,41
27408,99,90,9,9
27409,121,88,33,33
27410,57,51,6,6
27411,78,70,8,8
27412,98,91,7,7
27413,90,75,15,15
27414,89,83,6,6
27415,97,85,12,12
27416,77,70,7,7
27417,78,70,8,8
27418,95,97,-2,2
27419,98,89,9,9
27420,126,105,21,21
27421,107,99,8,8
27422,83,76,7,7
27423,129,120,9,9
27424,93,87,6,6
27425,210,158,52,52
27426,112,100,12,12
27427,51,50,1,1
27428,93,76,17,17
27429,61,64,-3,3
27430,76,77,-1,1
27431,107,97,10,10
27432,115,90,25,25
27433,106,97,9,9
27434,77,73,4,4
27435,102,95,7,7
27436,54,57,-3,3
27437,81,67,14,14
27438,64,69,-5,5
27439,134,118,16,16
27440,124,104,20,20
27441,49,53,-4,4
27442,90,93,-3,3
27443,72,60,12,12
27444,76,72,4,4
27445,114,98,16,16
27446,59,64,-5,5
27447,97,102,-5,5
27448,96,82,14,14
27449,177,128,49,49
27450,111,97,14,14
27451,105,100,5,5
27452,78,80,-2,2
27453,85,85,0,0
27454,71,64,7,7
27455,114,104,10,10
27456,78,77,1,1
27457,164,143,21,21
27458,75,71,4,4
27459,128,111,17,17
27460,105,108,-3,3
27461,75,67,8,8
27462,87,82,5,5
27463,104,91,13,13
27464,130,110,20,20
27465,101,96,5,5
27466,81,74,7,7
27467,75,68,7,7
27468,115,100,15,15
27469,80,68,12,12
27470,54,60,-6,6
27471,93,89,4,4
27472,142,112,30,30
27473,41,44,-3,3
27474,78,73,5,5
27475,62,59,3,3
27476,68,71,-3,3
27477,45,51,-6,6
27478,99,89,10,10
27479,92,79,13,13
27480,88,74,14,14
27481,134,125,9,9
27482,112,95,17,17
27483,97,96,1,1
27484,131,124,7,7
27485,71,62,9,9
27486,39,41,-2,2
27487,68,66,2,2
27488,47,45,2,2
27489,60,55,5,5
27490,151,122,29,29
27491,81,66,15,15
27492,104,89,15,15
27493,99,95,4,4
27494,103,90,13,13
27495,84,75,9,9
27496,92,84,8,8
27497,108,98,10,10
27498,124,109,15,15
27499,68,68,0,0
27500,107,100,7,7
27501,97,76,21,21
27502,108,93,15,15
27503,54,58,-4,4
27504,75,69,6,6
27505,43,45,-2,2
27506,105,98,7,7
27507,103,98,5,5
27508,85,83,2,2
27509,121,107,14,14
27510,85,80,5,5
27511,102,85,17,17
27512,113,106,7,7
27513,70,68,2,2
27514,120,103,17,17
27515,106,88,18,18
27516,72,69,3,3
27517,89,83,6,6
27518,90,79,11,11
27519,52,48,4,4
27520,78,73,5,5
27521,88,86,2,2
27522,290,212,78,78
27523,98,88,10,10
27524,94,87,7,7
27525,130,110,20,20
27526,50,59,-9,9
27527,102,88,14,14
27528,72,66,6,6
27529,79,68,11,11
27530,101,93,8,8
27531,88,74,14,14
27532,75,70,5,5
27533,109,108,1,1
27534,68,61,7,7
27535,117,103,14,14
27536,112,101,11,11
27537,149,126,23,23
27538,94,91,3,3
27539,73,67,6,6
27540,86,76,10,10
27541,68,68,0,0
27542,94,84,10,10
27543,96,90,6,6
27544,86,101,-15,15
27545,84,79,5,5
27546,98,83,15,15
27547,149,127,22,22
27548,92,83,9,9
27549,72,62,10,10
27550,108,96,12,12
27551,85,87,-2,2
27552,92,83,9,9
27553,72,70,2,2
27554,73,73,0,0
27555,91,83,8,8
27556,167,153,14,14
27557,78,80,-2,2
27558,50,57,-7,7
27559,96,73,23,23
27560,105,99,6,6
27561,102,94,8,8
27562,106,90,16,16
27563,138,115,23,23
27564,123,111,12,12
27565,76,67,9,9
27566,95,85,10,10
27567,87,79,8,8
27568,154,138,16,16
27569,75,69,6,6
27570,137,114,23,23
27571,98,77,21,21
27572,96,89,7,7
27573,68,65,3,3
27574,66,68,-2,2
27575,96,89,7,7
27576,99,92,7,7
27577,53,60,-7,7
27578,36,57,-21,21
27579,79,77,2,2
27580,108,95,13,13
27581,20,33,-13,13
27582,95,87,8,8
27583,78,74,4,4
27584,114,103,11,11
27585,89,90,-1,1
27586,118,126,-8,8
27587,163,133,30,30
27588,64,59,5,5
27589,50,42,8,8
27590,65,62,3,3
27591,91,80,11,11
27592,126,115,11,11
27593,96,86,10,10
27594,115,98,17,17
27595,114,101,13,13
27596,139,106,33,33
27597,45,55,-10,10
27598,155,141,14,14
27599,77,65,12,12
27600,105,84,21,21
27601,156,118,38,38
27602,90,84,6,6
27603,105,88,17,17
27604,36,42,-6,6
27605,134,127,7,7
27606,111,108,3,3
27607,61,52,9,9
27608,97,88,9,9
27609,76,69,7,7
27610,81,77,4,4
27611,71,64,7,7
27612,99,83,16,16
27613,98,92,6,6
27614,89,77,12,12
27615,153,129,24,24
27616,110,104,6,6
27617,61,57,4,4
27618,72,72,0,0
27619,107,96,11,11
27620,107,96,11,11
27621,116,96,20,20
27622,116,99,17,17
27623,71,65,6,6
27624,95,85,10,10
27625,99,91,8,8
27626,59,51,8,8
27627,107,113,-6,6
27628,130,112,18,18
27629,95,73,22,22
27630,165,131,34,34
27631,171,139,32,32
27632,93,92,1,1
27633,79,79,0,0
27634,175,145,30,30
27635,121,110,11,11
27636,155,136,19,19
27637,174,154,20,20
27638,81,67,14,14
27639,57,52,5,5
27640,180,138,42,42
27641,116,99,17,17
27642,162,143,19,19
27643,77,70,7,7
27644,78,71,7,7
27645,111,99,12,12
27646,87,75,12,12
27647,37,41,-4,4
27648,176,151,25,25
27649,69,72,-3,3
27650,72,70,2,2
27651,91,84,7,7
27652,102,92,10,10
27653,81,76,5,5
27654,142,125,17,17
27655,189,152,37,37
27656,200,164,36,36
27657,61,61,0,0
27658,89,82,7,7
27659,94,90,4,4
27660,88,81,7,7
27661,85,72,13,13
27662,88,78,10,10
27663,52,52,0,0
27664,61,78,-17,17
27665,79,72,7,7
27666,141,120,21,21
27667,83,74,9,9
27668,112,132,-20,20
27669,123,105,18,18
27670,54,48,6,6
27671,66,60,6,6
27672,117,105,12,12
27673,73,68,5,5
27674,70,76,-6,6
27675,66,58,8,8
27676,105,108,-3,3
27677,77,73,4,4
27678,100,89,11,11
27679,167,130,37,37
27680,73,67,6,6
27681,130,114,16,16
27682,87,67,20,20
27683,85,72,13,13
27684,69,67,2,2
27685,73,70,3,3
27686,77,75,2,2
27687,138,120,18,18
27688,80,81,-1,1
27689,55,51,4,4
27690,117,95,22,22
27691,110,94,16,16
27692,60,54,6,6
27693,96,82,14,14
27694,85,72,13,13
27695,106,104,2,2
27696,94,86,8,8
27697,69,71,-2,2
27698,125,114,11,11
27699,179,144,35,35
27700,86,77,9,9
27701,129,116,13,13
27702,82,77,5,5
27703,91,74,17,17
27704,150,131,19,19
27705,57,58,-1,1
27706,70,63,7,7
27707,134,114,20,20
27708,71,68,3,3
27709,74,74,0,0
27710,83,76,7,7
27711,82,93,-11,11
27712,70,66,4,4
27713,82,83,-1,1
27714,52,53,-1,1
27715,93,78,15,15
27716,54,53,1,1
27717,136,120,16,16
27718,72,65,7,7
27719,86,97,-11,11
27720,108,104,4,4
27721,93,80,13,13
27722,57,69,-12,12
27723,78,72,6,6
27724,130,109,21,21
27725,83,78,5,5
27726,116,93,23,23
27727,103,85,18,18
27728,79,75,4,4
27729,43,44,-1,1
27730,100,92,8,8
27731,77,69,8,8
27732,127,110,17,17
27733,83,74,9,9
27734,134,137,-3,3
27735,108,87,21,21
27736,122,103,19,19
27737,86,81,5,5
27738,71,66,5,5
27739,111,99,12,12
27740,132,107,25,25
27741,200,169,31,31
27742,77,68,9,9
27743,131,104,27,27
27744,75,72,3,3
27745,66,61,5,5
27746,83,75,8,8
27747,155,129,26,26
27748,104,82,22,22
27749,85,74,11,11
27750,149,123,26,26
27751,198,214,-16,16
27752,68,74,-6,6
27753,143,100,43,43
27754,118,98,20,20
27755,75,68,7,7
27756,150,154,-4,4
27757,52,52,0,0
27758,153,133,20,20
27759,88,90,-2,2
27760,101,103,-2,2
27761,74,65,9,9
27762,102,98,4,4
27763,140,120,20,20
27764,71,60,11,11
27765,110,86,24,24
27766,110,102,8,8
27767,63,61,2,2
27768,66,63,3,3
27769,49,50,-1,1
27770,54,50,4,4
27771,86,80,6,6
27772,58,54,4,4
27773,54,53,1,1
27774,60,62,-2,2
27775,77,70,7,7
27776,70,71,-1,1
27777,91,83,8,8
27778,112,102,10,10
27779,89,79,10,10
27780,80,72,8,8
27781,95,87,8,8
27782,98,83,15,15
27783,91,82,9,9
27784,117,104,13,13
27785,76,74,2,2
27786,126,133,-7,7
27787,131,108,23,23
27788,65,65,0,0
27789,90,76,14,14
27790,77,69,8,8
27791,114,100,14,14
27792,88,77,11,11
27793,90,80,10,10
27794,84,83,1,1
27795,135,108,27,27
27796,95,81,14,14
27797,94,95,-1,1
27798,106,92,14,14
27799,75,66,9,9
27800,115,101,14,14
27801,143,128,15,15
27802,60,55,5,5
27803,68,58,10,10
27804,73,65,8,8
27805,168,130,38,38
27806,99,95,4,4
27807,108,96,12,12
27808,77,79,-2,2
27809,60,51,9,9
27810,79,68,11,11
27811,103,107,-4,4
27812,120,111,9,9
27813,137,133,4,4
27814,80,83,-3,3
27815,78,74,4,4
27816,49,53,-4,4
27817,97,96,1,1
27818,104,94,10,10
27819,172,144,28,28
27820,154,137,17,17
27821,93,90,3,3
27822,103,84,19,19
27823,51,51,0,0
27824,72,67,5,5
27825,81,75,6,6
27826,69,59,10,10
27827,111,93,18,18
27828,106,95,11,11
27829,143,119,24,24
27830,46,42,4,4
27831,118,110,8,8
27832,136,106,30,30
27833,103,86,17,17
27834,115,107,8,8
27835,100,88,12,12
27836,130,109,21,21
27837,146,122,24,24
27838,106,95,11,11
27839,160,140,20,20
27840,151,106,45,45
27841,111,97,14,14
27842,132,107,25,25
27843,70,57,13,13
27844,95,86,9,9
27845,113,100,13,13
27846,100,117,-17,17
27847,84,69,15,15
27848,144,113,31,31
27849,75,73,2,2
27850,127,115,12,12
27851,35,39,-4,4
27852,48,55,-7,7
27853,52,51,1,1
27854,110,100,10,10
27855,109,96,13,13
27856,72,68,4,4
27857,99,88,11,11
27858,58,48,10,10
27859,81,67,14,14
27860,96,78,18,18
27861,71,66,5,5
27862,122,94,28,28
27863,151,128,23,23
27864,92,82,10,10
27865,69,67,2,2
27866,111,98,13,13
27867,106,90,16,16
27868,122,108,14,14
27869,100,78,22,22
27870,62,60,2,2
27871,77,69,8,8
27872,111,99,12,12
27873,68,70,-2,2
27874,97,82,15,15
27875,118,81,37,37
27876,118,108,10,10
27877,97,95,2,2
27878,78,76,2,2
27879,146,129,17,17
27880,99,89,10,10
27881,76,69,7,7
27882,64,56,8,8
27883,48,47,1,1
27884,89,80,9,9
27885,59,56,3,3
27886,74,71,3,3
27887,72,69,3,3
27888,83,75,8,8
27889,83,67,16,16
27890,97,92,5,5
27891,100,87,13,13
27892,181,164,17,17
27893,37,37,0,0
27894,64,61,3,3
27895,84,67,17,17
27896,68,59,9,9
27897,54,49,5,5
27898,85,78,7,7
27899,75,71,4,4
27900,98,86,12,12
27901,147,125,22,22
27902,138,121,17,17
27903,61,55,6,6
27904,83,83,0,0
27905,158,127,31,31
27906,119,102,17,17
27907,88,75,13,13
27908,119,105,14,14
27909,118,95,23,23
27910,68,61,7,7
27911,49,51,-2,2
27912,112,94,18,18
27913,113,98,15,15
27914,83,81,2,2
27915,81,81,0,0
27916,31,36,-5,5
27917,87,71,16,16
27918,144,124,20,20
27919,133,127,6,6
27920,137,122,15,15
27921,95,89,6,6
27922,80,75,5,5
27923,109,96,13,13
27924,90,86,4,4
27925,70,63,7,7
27926,66,66,0,0
27927,81,66,15,15
27928,156,138,18,18
27929,70,72,-2,2
27930,95,94,1,1
27931,109,92,17,17
27932,61,99,-38,38
27933,40,39,1,1
27934,138,127,11,11
27935,96,81,15,15
27936,53,62,-9,9
27937,85,85,0,0
27938,137,115,22,22
27939,113,100,13,13
27940,127,113,14,14
27941,77,66,11,11
27942,66,66,0,0
27943,36,39,-3,3
27944,83,81,2,2
27945,120,95,25,25
27946,55,59,-4,4
27947,61,62,-1,1
27948,68,61,7,7
27949,93,87,6,6
27950,173,150,23,23
27951,58,60,-2,2
27952,75,71,4,4
27953,83,69,14,14
27954,141,137,4,4
27955,67,63,4,4
27956,35,42,-7,7
27957,63,65,-2,2
27958,52,51,1,1
27959,183,151,32,32
27960,52,48,4,4
27961,72,64,8,8
27962,77,74,3,3
27963,61,54,7,7
27964,124,102,22,22
27965,78,76,2,2
27966,123,110,13,13
27967,122,111,11,11
27968,88,82,6,6
27969,74,73,1,1
27970,66,66,0,0
27971,69,72,-3,3
27972,92,85,7,7
27973,79,69,10,10
27974,45,61,-16,16
27975,115,105,10,10
27976,143,125,18,18
27977,99,93,6,6
27978,129,121,8,8
27979,103,93,10,10
27980,90,90,0,0
27981,88,79,9,9
27982,123,114,9,9
27983,175,136,39,39
27984,95,83,12,12
27985,105,97,8,8
27986,65,65,0,0
27987,66,58,8,8
27988,137,113,24,24
27989,84,78,6,6
27990,110,94,16,16
27991,118,97,21,21
27992,114,103,11,11
27993,97,97,0,0
27994,90,78,12,12
27995,124,112,12,12
27996,158,141,17,17
27997,67,83,-16,16
27998,96,86,10,10
27999,97,85,12,12
28000,108,95,13,13
28001,106,93,13,13
28002,56,50,6,6
28003,69,66,3,3
28004,41,47,-6,6
28005,67,61,6,6
28006,172,152,20,20
28007,53,51,2,2
28008,94,78,16,16
28009,121,106,15,15
28010,97,78,19,19
28011,91,80,11,11
28012,117,88,29,29
28013,125,128,-3,3
28014,59,55,4,4
28015,114,95,19,19
28016,87,75,12,12
28017,106,96,10,10
28018,77,74,3,3
28019,135,109,26,26
28020,145,115,30,30
28021,72,67,5,5
28022,53,55,-2,2
28023,149,125,24,24
28024,101,94,7,7
28025,76,55,21,21
28026,87,88,-1,1
28027,73,61,12,12
28028,107,99,8,8
28029,67,56,11,11
28030,67,68,-1,1
28031,80,75,5,5
28032,91,81,10,10
28033,91,78,13,13
28034,104,110,-6,6
28035,66,53,13,13
28036,90,80,10,10
28037,71,75,-4,4
28038,118,93,25,25
28039,87,85,2,2
28040,68,63,5,5
28041,114,107,7,7
28042,117,109,8,8
28043,130,109,21,21
28044,134,128,6,6
28045,125,111,14,14
28046,74,66,8,8
28047,88,76,12,12
28048,56,66,-10,10
28049,116,98,18,18
28050,145,128,17,17
28051,75,63,12,12
28052,71,78,-7,7
28053,50,48,2,2
28054,97,88,9,9
28055,55,46,9,9
28056,52,46,6,6
28057,154,114,40,40
28058,132,110,22,22
28059,180,144,36,36
28060,68,66,2,2
28061,86,80,6,6
28062,147,130,17,17
28063,68,77,-9,9
28064,80,70,10,10
28065,98,83,15,15
28066,109,105,4,4
28067,88,82,6,6
28068,78,77,1,1
28069,86,70,16,16
28070,42,42,0,0
28071,74,79,-5,5
28072,137,120,17,17
28073,110,97,13,13
28074,76,81,-5,5
28075,64,62,2,2
28076,150,124,26,26
28077,116,95,21,21
28078,74,70,4,4
28079,69,62,7,7
28080,55,48,7,7
28081,114,112,2,2
28082,178,161,17,17
28083,78,69,9,9
28084,71,64,7,7
28085,80,78,2,2
28086,119,115,4,4
28087,59,59,0,0
28088,75,61,14,14
28089,77,82,-5,5
28090,64,66,-2,2
28091,118,96,22,22
28092,141,124,17,17
28093,144,133,11,11
28094,118,105,13,13
28095,90,70,20,20
28096,96,89,7,7
28097,107,93,14,14
28098,141,132,9,9
28099,71,57,14,14
28100,94,80,14,14
28101,196,159,37,37
28102,93,92,1,1
28103,122,95,27,27
28104,78,75,3,3
28105,83,93,-10,10
28106,84,72,12,12
28107,65,56,9,9
28108,165,148,17,17
28109,116,116,0,0
28110,91,72,19,19
28111,69,60,9,9
28112,87,72,15,15
28113,94,91,3,3
28114,113,100,13,13
28115,169,151,18,18
28116,112,92,20,20
28117,85,82,3,3
28118,113,96,17,17
28119,145,119,26,26
28120,53,53,0,0
28121,97,88,9,9
28122,102,98,4,4
28123,107,103,4,4
28124,88,76,12,12
28125,76,68,8,8
28126,46,48,-2,2
28127,83,77,6,6
28128,99,85,14,14
28129,118,106,12,12
28130,85,72,13,13
28131,112,103,9,9
28132,120,98,22,22
28133,246,188,58,58
28134,124,103,21,21
28135,64,65,-1,1
28136,118,98,20,20
28137,118,101,17,17
28138,78,75,3,3
28139,74,75,-1,1
28140,86,76,10,10
28141,90,72,18,18
28142,132,127,5,5
28143,125,108,17,17
28144,70,64,6,6
28145,69,62,7,7
28146,119,103,16,16
28147,144,119,25,25
28148,172,146,26,26
28149,83,75,8,8
28150,99,83,16,16
28151,104,93,11,11
28152,127,111,16,16
28153,78,68,10,10
28154,110,88,22,22
28155,53,51,2,2
28156,79,80,-1,1
28157,47,41,6,6
28158,123,108,15,15
28159,132,119,13,13
28160,104,96,8,8
28161,127,109,18,18
28162,105,84,21,21
28163,65,67,-2,2
28164,100,93,7,7
28165,192,150,42,42
28166,61,83,-22,22
28167,106,102,4,4
28168,38,67,-29,29
28169,186,146,40,40
28170,166,135,31,31
28171,122,105,17,17
28172,141,123,18,18
28173,122,117,5,5
28174,39,56,-17,17
28175,117,108,9,9
28176,128,113,15,15
28177,148,128,20,20
28178,118,104,14,14
28179,96,86,10,10
28180,72,72,0,0
28181,76,64,12,12
28182,63,55,8,8
28183,84,82,2,2
28184,102,91,11,11
28185,75,67,8,8
28186,92,85,7,7
28187,69,64,5,5
28188,94,77,17,17
28189,70,61,9,9
28190,112,93,19,19
28191,87,71,16,16
28192,68,65,3,3
28193,123,127,-4,4
28194,81,64,17,17
28195,116,116,0,0
28196,82,79,3,3
28197,149,120,29,29
28198,60,69,-9,9
28199,59,62,-3,3
28200,110,89,21,21
28201,89,112,-23,23
28202,114,104,10,10
28203,128,111,17,17
28204,57,60,-3,3
28205,77,76,1,1
28206,85,78,7,7
28207,194,171,23,23
28208,72,80,-8,8
28209,75,75,0,0
28210,57,75,-18,18
28211,165,137,28,28
28212,99,89,10,10
28213,84,77,7,7
28214,89,86,3,3
28215,64,62,2,2
28216,115,111,4,4
28217,81,79,2,2
28218,96,97,-1,1
28219,134,120,14,14
28220,74,66,8,8
28221,121,124,-3,3
28222,81,85,-4,4
28223,58,54,4,4
28224,77,65,12,12
28225,97,87,10,10
28226,66,58,8,8
28227,104,95,9,9
28228,112,105,7,7
28229,59,56,3,3
28230,151,126,25,25
28231,111,92,19,19
28232,133,116,17,17
28233,76,73,3,3
28234,93,89,4,4
28235,76,67,9,9
28236,85,74,11,11
28237,151,136,15,15
28238,76,73,3,3
28239,79,69,10,10
28240,172,164,8,8
28241,148,122,26,26
28242,89,82,7,7
28243,87,73,14,14
28244,128,113,15,15
28245,71,61,10,10
28246,72,63,9,9
28247,77,73,4,4
28248,100,86,14,14
28249,107,99,8,8
28250,86,78,8,8
28251,81,68,13,13
28252,93,84,9,9
28253,56,51,5,5
28254,138,118,20,20
28255,77,74,3,3
28256,175,154,21,21
28257,72,67,5,5
28258,93,83,10,10
28259,92,79,13,13
28260,104,106,-2,2
28261,132,104,28,28
28262,81,78,3,3
28263,71,69,2,2
28264,140,128,12,12
28265,102,89,13,13
28266,53,51,2,2
28267,87,83,4,4
28268,147,128,19,19
28269,93,94,-1,1
28270,65,62,3,3
28271,154,128,26,26
28272,222,179,43,43
28273,107,92,15,15
28274,81,71,10,10
28275,59,57,2,2
28276,63,59,4,4
28277,100,91,9,9
28278,89,75,14,14
28279,70,61,9,9
28280,90,84,6,6
28281,135,123,12,12
28282,112,98,14,14
28283,102,87,15,15
28284,126,116,10,10
28285,87,83,4,4
28286,98,87,11,11
28287,128,104,24,24
28288,54,52,2,2
28289,88,82,6,6
28290,79,68,11,11
28291,177,146,31,31
28292,110,97,13,13
28293,68,69,-1,1
28294,126,114,12,12
28295,115,103,12,12
28296,105,101,4,4
28297,86,77,9,9
28298,66,90,-24,24
28299,65,55,10,10
28300,78,79,-1,1
28301,87,80,7,7
28302,108,98,10,10
28303,46,54,-8,8
28304,106,95,11,11
28305,127,109,18,18
28306,137,122,15,15
28307,84,70,14,14
28308,73,74,-1,1
28309,70,62,8,8
28310,76,68,8,8
28311,84,75,9,9
28312,125,89,36,36
28313,73,70,3,3
28314,176,156,20,20
28315,97,82,15,15
28316,128,111,17,17
28317,74,70,4,4
28318,145,123,22,22
28319,93,88,5,5
28320,70,66,4,4
28321,67,72,-5,5
28322,84,77,7,7
28323,59,55,4,4
28324,92,85,7,7
28325,112,95,17,17
28326,51,47,4,4
28327,56,52,4,4
28328,92,83,9,9
28329,49,52,-3,3
28330,98,92,6,6
28331,71,70,1,1
28332,72,67,5,5
28333,68,71,-3,3
28334,87,83,4,4
28335,121,104,17,17
28336,94,86,8,8
28337,76,77,-1,1
28338,112,95,17,17
28339,69,57,12,12
28340,113,101,12,12
28341,129,119,10,10
28342,105,99,6,6
28343,99,97,2,2
28344,58,57,1,1
28345,130,108,22,22
28346,85,76,9,9
28347,73,61,12,12
28348,56,46,10,10
28349,97,96,1,1
28350,104,98,6,6
28351,73,70,3,3
28352,111,94,17,17
28353,73,61,12,12
28354,98,81,17,17
28355,102,97,5,5
28356,80,69,11,11
28357,47,44,3,3
28358,102,99,3,3
28359,76,70,6,6
28360,69,75,-6,6
28361,85,81,4,4
28362,111,108,3,3
28363,34,35,-1,1
28364,137,126,11,11
28365,79,72,7,7
28366,72,73,-1,1
28367,62,61,1,1
28368,91,82,9,9
28369,82,77,5,5
28370,120,119,1,1
28371,92,88,4,4
28372,110,103,7,7
28373,122,107,15,15
28374,119,103,16,16
28375,183,158,25,25
28376,61,62,-1,1
28377,97,80,17,17
28378,117,107,10,10
28379,71,69,2,2
28380,100,84,16,16
28381,119,103,16,16
28382,94,75,19,19
28383,94,89,5,5
28384,97,77,20,20
28385,62,51,11,11
28386,74,70,4,4
28387,104,97,7,7
28388,143,132,11,11
28389,74,71,3,3
28390,126,110,16,16
28391,64,64,0,0
28392,97,83,14,14
28393,82,73,9,9
28394,56,60,-4,4
28395,98,93,5,5
28396,139,120,19,19
28397,102,97,5,5
28398,100,93,7,7
28399,115,91,24,24
28400,138,110,28,28
28401,39,41,-2,2
28402,132,119,13,13
28403,127,117,10,10
28404,98,82,16,16
28405,83,68,15,15
28406,106,101,5,5
28407,161,134,27,27
28408,77,61,16,16
28409,76,81,-5,5
28410,96,82,14,14
28411,107,99,8,8
28412,85,207,-122,122
28413,79,75,4,4
28414,102,89,13,13
28415,57,50,7,7
28416,79,75,4,4
28417,76,79,-3,3
28418,82,79,3,3
28419,56,52,4,4
28420,84,74,10,10
28421,110,92,18,18
28422,183,148,35,35
28423,118,113,5,5
28424,100,84,16,16
28425,109,91,18,18
28426,101,89,12,12
28427,57,59,-2,2
28428,89,98,-9,9
28429,148,121,27,27
28430,202,180,22,22
28431,137,130,7,7
28432,91,80,11,11
28433,112,101,11,11
28434,68,64,4,4
28435,83,75,8,8
28436,72,65,7,7
28437,79,71,8,8
28438,116,103,13,13
28439,54,51,3,3
28440,87,82,5,5
28441,82,77,5,5
28442,104,92,12,12
28443,126,110,16,16
28444,106,98,8,8
28445,116,99,17,17
28446,91,87,4,4
28447,77,69,8,8
28448,123,130,-7,7
28449,145,121,24,24
28450,88,76,12,12
28451,95,100,-5,5
28452,79,78,1,1
28453,91,89,2,2
28454,133,111,22,22
28455,165,163,2,2
28456,61,57,4,4
28457,63,62,1,1
28458,120,105,15,15
28459,54,47,7,7
28460,145,128,17,17
28461,130,115,15,15
28462,68,63,5,5
28463,55,53,2,2
28464,90,79,11,11
28465,102,83,19,19
28466,52,48,4,4
28467,102,93,9,9
28468,162,142,20,20
28469,85,84,1,1
28470,81,75,6,6
28471,57,49,8,8
28472,82,72,10,10
28473,135,89,46,46
28474,43,43,0,0
28475,82,71,11,11
28476,66,65,1,1
28477,102,91,11,11
28478,70,65,5,5
28479,151,131,20,20
28480,127,113,14,14
28481,77,61,16,16
28482,137,114,23,23
28483,83,71,12,12
28484,183,155,28,28
28485,43,38,5,5
28486,129,117,12,12
28487,58,51,7,7
28488,73,72,1,1
28489,67,55,12,12
28490,57,58,-1,1
28491,133,130,3,3
28492,76,72,4,4
28493,87,79,8,8
28494,76,72,4,4
28495,99,80,19,19
28496,95,86,9,9
28497,56,56,0,0
28498,146,122,24,24
28499,123,99,24,24
28500,93,104,-11,11
28501,71,67,4,4
28502,97,82,15,15
28503,122,100,22,22
28504,97,89,8,8
28505,86,77,9,9
28506,87,81,6,6
28507,134,108,26,26
28508,99,95,4,4
28509,135,122,13,13
28510,85,76,9,9
28511,132,117,15,15
28512,54,52,2,2
28513,77,78,-1,1
28514,63,64,-1,1
28515,138,126,12,12
28516,58,57,1,1
28517,141,120,21,21
28518,161,141,20,20
28519,105,106,-1,1
28520,107,103,4,4
28521,153,144,9,9
28522,90,82,8,8
28523,147,133,14,14
28524,92,89,3,3
28525,34,34,0,0
28526,90,86,4,4
28527,50,51,-1,1
28528,83,72,11,11
28529,127,123,4,4
28530,59,51,8,8
28531,57,58,-1,1
28532,115,106,9,9
28533,91,89,2,2
28534,143,118,25,25
28535,119,100,19,19
28536,97,90,7,7
28537,155,133,22,22
28538,128,109,19,19
28539,67,63,4,4
28540,60,59,1,1
28541,103,87,16,16
28542,128,109,19,19
28543,100,89,11,11
28544,71,66,5,5
28545,85,79,6,6
28546,74,68,6,6
28547,172,132,40,40
28548,73,65,8,8
28549,51,49,2,2
28550,76,72,4,4
28551,110,97,13,13
28552,125,101,24,24
28553,49,52,-3,3
28554,145,121,24,24
28555,81,70,11,11
28556,79,91,-12,12
28557,108,97,11,11
28558,95,84,11,11
28559,66,55,11,11
28560,78,71,7,7
28561,41,44,-3,3
28562,89,74,15,15
28563,60,58,2,2
28564,88,75,13,13
28565,54,58,-4,4
28566,112,95,17,17
28567,135,109,26,26
28568,123,108,15,15
28569,76,85,-9,9
28570,82,72,10,10
28571,38,40,-2,2
28572,51,50,1,1
28573,33,45,-12,12
28574,100,88,12,12
28575,64,68,-4,4
28576,98,92,6,6
28577,104,89,15,15
28578,108,100,8,8
28579,112,100,12,12
28580,54,54,0,0
28581,75,70,5,5
28582,89,89,0,0
28583,137,115,22,22
28584,66,56,10,10
28585,81,74,7,7
28586,91,86,5,5
28587,84,78,6,6
28588,52,47,5,5
28589,64,65,-1,1
28590,176,156,20,20
28591,59,60,-1,1
28592,70,62,8,8
28593,69,59,10,10
28594,83,97,-14,14
28595,71,69,2,2
28596,61,60,1,1
28597,65,59,6,6
28598,94,105,-11,11
28599,53,48,5,5
28600,66,55,11,11
28601,93,85,8,8
28602,66,60,6,6
28603,75,65,10,10
28604,96,93,3,3
28605,66,56,10,10
28606,158,114,44,44
28607,80,64,16,16
28608,67,59,8,8
28609,67,64,3,3
28610,79,70,9,9
28611,57,56,1,1
28612,66,65,1,1
28613,44,43,1,1
28614,59,55,4,4
28615,150,125,25,25
28616,128,110,18,18
28617,74,71,3,3
28618,38,51,-13,13
28619,51,46,5,5
28620,123,112,11,11
28621,61,54,7,7
28622,77,60,17,17
28623,61,59,2,2
28624,94,81,13,13
28625,104,99,5,5
28626,62,67,-5,5
28627,115,97,18,18
28628,122,96,26,26
28629,96,88,8,8
28630,84,77,7,7
28631,119,104,15,15
28632,99,86,13,13
28633,85,77,8,8
28634,118,99,19,19
28635,144,118,26,26
28636,54,51,3,3
28637,152,126,26,26
28638,47,49,-2,2
28639,67,61,6,6
28640,81,74,7,7
28641,125,109,16,16
28642,104,89,15,15
28643,63,66,-3,3
28644,71,58,13,13
28645,56,57,-1,1
28646,144,126,18,18
28647,125,121,4,4
28648,64,55,9,9
28649,108,88,20,20
28650,87,74,13,13
28651,66,67,-1,1
28652,83,78,5,5
28653,102,90,12,12
28654,120,107,13,13
28655,114,103,11,11
28656,114,99,15,15
28657,148,132,16,16
28658,100,88,12,12
28659,76,69,7,7
28660,53,56,-3,3
28661,104,97,7,7
28662,101,95,6,6
28663,93,86,7,7
28664,50,48,2,2
28665,47,48,-1,1
28666,137,120,17,17
28667,109,93,16,16
28668,83,87,-4,4
28669,32,34,-2,2
28670,69,60,9,9
28671,92,81,11,11
28672,78,75,3,3
28673,96,100,-4,4
28674,92,82,10,10
28675,53,48,5,5
28676,144,126,18,18
28677,107,91,16,16
28678,112,97,15,15
28679,72,59,13,13
28680,108,91,17,17
28681,84,73,11,11
28682,54,53,1,1
28683,82,104,-22,22
28684,98,81,17,17
28685,73,72,1,1
28686,50,52,-2,2
28687,89,81,8,8
28688,66,60,6,6
28689,140,129,11,11
28690,97,86,11,11
28691,77,77,0,0
28692,106,76,30,30
28693,73,69,4,4
28694,122,107,15,15
28695,80,71,9,9
28696,60,56,4,4
28697,90,76,14,14
28698,83,78,5,5
28699,86,80,6,6
28700,33,34,-1,1
28701,134,114,20,20
28702,117,105,12,12
28703,60,55,5,5
28704,116,102,14,14
28705,110,108,2,2
28706,129,113,16,16
28707,88,79,9,9
28708,76,68,8,8
28709,171,152,19,19
28710,98,78,20,20
28711,100,86,14,14
28712,66,55,11,11
28713,140,118,22,22
28714,101,79,22,22
28715,61,54,7,7
28716,89,80,9,9
28717,93,87,6,6
28718,101,86,15,15
28719,63,68,-5,5
28720,85,81,4,4
28721,94,89,5,5
28722,114,120,-6,6
28723,104,100,4,4
28724,78,71,7,7
28725,108,114,-6,6
28726,57,53,4,4
28727,38,44,-6,6
28728,69,70,-1,1
28729,106,99,7,7
28730,77,72,5,5
28731,235,208,27,27
28732,98,91,7,7
28733,111,98,13,13
28734,70,80,-10,10
28735,102,90,12,12
28736,92,86,6,6
28737,67,68,-1,1
28738,83,81,2,2
28739,71,64,7,7
28740,92,67,25,25
28741,59,59,0,0
28742,90,80,10,10
28743,71,63,8,8
28744,52,54,-2,2
28745,109,87,22,22
28746,105,101,4,4
28747,79,68,11,11
28748,81,68,13,13
28749,84,81,3,3
28750,80,67,13,13
28751,56,61,-5,5
28752,84,74,10,10
28753,44,47,-3,3
28754,85,78,7,7
28755,62,62,0,0
28756,83,72,11,11
28757,59,69,-10,10
28758,92,79,13,13
28759,99,95,4,4
28760,131,129,2,2
28761,58,54,4,4
28762,164,134,30,30
28763,132,106,26,26
28764,73,63,10,10
28765,82,75,7,7
28766,57,58,-1,1
28767,97,97,0,0
28768,26,35,-9,9
28769,107,92,15,15
28770,88,75,13,13
28771,84,79,5,5
28772,82,78,4,4
28773,141,133,8,8
28774,78,69,9,9
28775,146,127,19,19
28776,84,73,11,11
28777,93,79,14,14
28778,74,69,5,5
28779,139,116,23,23
28780,125,114,11,11
28781,65,64,1,1
28782,101,98,3,3
28783,114,116,-2,2
28784,54,54,0,0
28785,99,84,15,15
28786,83,73,10,10
28787,128,110,18,18
28788,90,87,3,3
28789,77,69,8,8
28790,68,54,14,14
28791,78,85,-7,7
28792,76,70,6,6
28793,85,77,8,8
28794,106,98,8,8
28795,207,156,51,51
28796,105,94,11,11
28797,110,103,7,7
28798,86,73,13,13
28799,166,122,44,44
28800,118,107,11,11
28801,99,86,13,13
28802,80,82,-2,2
28803,27,42,-15,15
28804,125,101,24,24
28805,92,84,8,8
28806,85,74,11,11
28807,91,85,6,6
28808,61,55,6,6
28809,86,74,12,12
28810,50,49,1,1
28811,101,93,8,8
28812,79,63,16,16
28813,82,89,-7,7
28814,63,52,11,11
28815,100,85,15,15
28816,103,78,25,25
28817,150,126,24,24
28818,86,70,16,16
28819,72,73,-1,1
28820,54,53,1,1
28821,136,123,13,13
28822,60,53,7,7
28823,118,102,16,16
28824,64,54,10,10
28825,78,68,10,10
28826,76,65,11,11
28827,145,124,21,21
28828,62,66,-4,4
28829,98,92,6,6
28830,100,91,9,9
28831,142,122,20,20
28832,77,80,-3,3
28833,81,82,-1,1
28834,79,74,5,5
28835,78,70,8,8
28836,84,81,3,3
28837,63,55,8,8
28838,94,84,10,10
28839,89,78,11,11
28840,78,72,6,6
28841,132,123,9,9
28842,151,127,24,24
28843,156,135,21,21
28844,41,53,-12,12
28845,106,98,8,8
28846,99,89,10,10
28847,42,45,-3,3
28848,79,67,12,12
28849,60,70,-10,10
28850,136,126,10,10
28851,130,117,13,13
28852,136,127,9,9
28853,81,68,13,13
28854,112,100,12,12
28855,60,59,1,1
28856,93,74,19,19
28857,103,97,6,6
28858,180,153,27,27
28859,93,82,11,11
28860,172,147,25,25
28861,95,100,-5,5
28862,79,80,-1,1
28863,55,54,1,1
28864,105,96,9,9
28865,118,103,15,15
28866,111,98,13,13
28867,66,66,0,0
28868,146,113,33,33
28869,81,103,-22,22
28870,75,65,10,10
28871,79,77,2,2
28872,64,58,6,6
28873,97,92,5,5
28874,103,92,11,11
28875,68,65,3,3
28876,74,74,0,0
28877,80,66,14,14
28878,90,68,22,22
28879,59,51,8,8
28880,109,101,8,8
28881,90,79,11,11
28882,71,72,-1,1
28883,108,98,10,10
28884,83,70,13,13
28885,130,113,17,17
28886,85,80,5,5
28887,49,54,-5,5
28888,73,67,6,6
28889,104,96,8,8
28890,131,117,14,14
28891,69,64,5,5
28892,102,87,15,15
28893,74,67,7,7
28894,58,54,4,4
28895,167,139,28,28
28896,144,126,18,18
28897,108,100,8,8
28898,70,65,5,5
28899,84,78,6,6
28900,50,48,2,2
28901,68,66,2,2
28902,128,121,7,7
28903,106,105,1,1
28904,63,60,3,3
28905,61,87,-26,26
28906,82,73,9,9
28907,100,96,4,4
28908,92,83,9,9
28909,75,75,0,0
28910,132,116,16,16
28911,85,86,-1,1
28912,183,152,31,31
28913,115,99,16,16
28914,125,115,10,10
28915,99,88,11,11
28916,102,92,10,10
28917,125,118,7,7
28918,75,68,7,7
28919,173,148,25,25
28920,66,66,0,0
28921,90,75,15,15
28922,88,80,8,8
28923,124,114,10,10
28924,70,60,10,10
28925,93,79,14,14
28926,64,56,8,8
28927,60,49,11,11
28928,134,120,14,14
28929,104,89,15,15
28930,44,46,-2,2
28931,109,87,22,22
28932,68,59,9,9
28933,81,74,7,7
28934,103,94,9,9
28935,99,93,6,6
28936,80,73,7,7
28937,104,98,6,6
28938,67,66,1,1
28939,126,110,16,16
28940,53,51,2,2
28941,135,116,19,19
28942,95,78,17,17
28943,95,93,2,2
28944,63,62,1,1
28945,140,113,27,27
28946,71,75,-4,4
28947,79,71,8,8
28948,47,70,-23,23
28949,87,92,-5,5
28950,57,56,1,1
28951,81,74,7,7
28952,53,49,4,4
28953,88,88,0,0
28954,109,101,8,8
28955,85,80,5,5
28956,114,100,14,14
28957,81,77,4,4
28958,85,86,-1,1
28959,95,86,9,9
28960,61,66,-5,5
28961,65,60,5,5
28962,47,55,-8,8
28963,57,52,5,5
28964,66,71,-5,5
28965,86,82,4,4
28966,76,69,7,7
28967,143,119,24,24
28968,79,85,-6,6
28969,87,72,15,15
28970,99,89,10,10
28971,103,103,0,0
28972,83,71,12,12
28973,116,103,13,13
28974,128,112,16,16
28975,159,137,22,22
28976,113,94,19,19
28977,124,107,17,17
28978,81,80,1,1
28979,66,52,14,14
28980,82,62,20,20
28981,58,61,-3,3
28982,101,101,0,0
28983,67,70,-3,3
28984,97,78,19,19
28985,78,76,2,2
28986,104,97,7,7
28987,117,105,12,12
28988,82,85,-3,3
28989,125,114,11,11
28990,152,136,16,16
28991,92,88,4,4
28992,128,108,20,20
28993,68,65,3,3
28994,101,87,14,14
28995,96,89,7,7
28996,98,87,11,11
28997,134,113,21,21
28998,106,100,6,6
28999,54,49,5,5
29000,88,88,0,0
29001,66,56,10,10
29002,99,88,11,11
29003,82,78,4,4
29004,118,110,8,8
29005,66,58,8,8
29006,96,85,11,11
29007,139,124,15,15
29008,25,37,-12,12
29009,123,103,20,20
29010,130,113,17,17
29011,92,80,12,12
29012,80,69,11,11
29013,67,56,11,11
29014,71,62,9,9
29015,92,85,7,7
29016,113,93,20,20
29017,67,74,-7,7
29018,58,58,0,0
29019,39,81,-42,42
29020,78,76,2,2
29021,113,91,22,22
29022,50,47,3,3
29023,66,59,7,7
29024,88,79,9,9
29025,88,92,-4,4
29026,131,107,24,24
29027,64,73,-9,9
29028,91,82,9,9
29029,101,83,18,18
29030,110,95,15,15
29031,56,60,-4,4
29032,77,72,5,5
29033,129,112,17,17
29034,91,93,-2,2
29035,97,93,4,4
29036,98,90,8,8
29037,75,70,5,5
29038,109,86,23,23
29039,64,66,-2,2
29040,71,67,4,4
29041,54,54,0,0
29042,59,57,2,2
29043,145,132,13,13
29044,86,72,14,14
29045,56,51,5,5
29046,79,79,0,0
29047,114,104,10,10
29048,65,69,-4,4
29049,104,86,18,18
29050,61,64,-3,3
29051,155,138,17,17
29052,106,93,13,13
29053,48,58,-10,10
29054,173,132,41,41
29055,31,41,-10,10
29056,87,83,4,4
29057,147,129,18,18
29058,79,72,7,7
29059,92,95,-3,3
29060,100,83,17,17
29061,118,115,3,3
29062,83,74,9,9
29063,72,68,4,4
29064,101,86,15,15
29065,83,79,4,4
29066,94,86,8,8
29067,103,98,5,5
29068,73,68,5,5
29069,179,158,21,21
29070,115,95,20,20
29071,85,75,10,10
29072,101,90,11,11
29073,130,117,13,13
29074,155,145,10,10
29075,65,60,5,5
29076,116,109,7,7
29077,71,69,2,2
29078,78,77,1,1
29079,129,115,14,14
29080,78,67,11,11
29081,141,117,24,24
29082,139,113,26,26
29083,90,79,11,11
29084,174,148,26,26
29085,92,82,10,10
29086,76,70,6,6
29087,40,44,-4,4
29088,36,34,2,2
29089,78,69,9,9
29090,89,85,4,4
29091,63,64,-1,1
29092,79,70,9,9
29093,127,104,23,23
29094,61,62,-1,1
29095,118,72,46,46
29096,112,91,21,21
29097,131,111,20,20
29098,78,71,7,7
29099,95,84,11,11
29100,75,68,7,7
29101,170,145,25,25
29102,97,91,6,6
29103,62,60,2,2
29104,130,111,19,19
29105,116,119,-3,3
29106,72,73,-1,1
29107,89,78,11,11
29108,95,91,4,4
29109,82,74,8,8
29110,54,57,-3,3
29111,102,91,11,11
29112,106,93,13,13
29113,138,116,22,22
29114,90,84,6,6
29115,53,59,-6,6
29116,111,90,21,21
29117,91,80,11,11
29118,84,82,2,2
29119,116,96,20,20
29120,119,103,16,16
29121,82,77,5,5
29122,102,87,15,15
29123,64,60,4,4
29124,40,51,-11,11
29125,104,98,6,6
29126,73,68,5,5
29127,92,83,9,9
29128,127,99,28,28
29129,155,135,20,20
29130,82,74,8,8
29131,86,79,7,7
29132,61,51,10,10
29133,136,113,23,23
29134,123,119,4,4
29135,40,49,-9,9
29136,103,87,16,16
29137,145,132,13,13
29138,92,89,3,3
29139,60,74,-14,14
29140,71,65,6,6
29141,63,59,4,4
29142,51,49,2,2
29143,92,84,8,8
29144,48,49,-1,1
29145,66,53,13,13
29146,165,133,32,32
29147,114,96,18,18
29148,48,46,2,2
29149,121,100,21,21
29150,134,115,19,19
29151,68,62,6,6
29152,34,44,-10,10
29153,68,60,8,8
29154,72,68,4,4
29155,63,58,5,5
29156,59,62,-3,3
29157,94,87,7,7
29158,59,54,5,5
29159,77,79,-2,2
29160,119,100,19,19
29161,134,121,13,13
29162,120,107,13,13
29163,90,78,12,12
29164,79,73,6,6
29165,70,65,5,5
29166,103,90,13,13
29167,111,89,22,22
29168,62,60,2,2
29169,139,110,29,29
29170,138,127,11,11
29171,213,188,25,25
29172,73,68,5,5
29173,116,105,11,11
29174,135,119,16,16
29175,77,66,11,11
29176,89,75,14,14
29177,40,38,2,2
29178,82,71,11,11
29179,101,96,5,5
29180,81,89,-8,8
29181,159,138,21,21
29182,89,85,4,4
29183,74,75,-1,1
29184,106,93,13,13
29185,53,59,-6,6
29186,98,107,-9,9
29187,96,85,11,11
29188,116,109,7,7
29189,68,65,3,3
29190,74,70,4,4
29191,167,152,15,15
29192,90,90,0,0
29193,106,93,13,13
29194,62,52,10,10
29195,46,48,-2,2
29196,68,71,-3,3
29197,73,67,6,6
29198,78,71,7,7
29199,58,54,4,4
29200,129,110,19,19
29201,79,83,-4,4
29202,92,81,11,11
29203,34,45,-11,11
29204,81,49,32,32
29205,73,62,11,11
29206,171,152,19,19
29207,90,90,0,0
29208,70,75,-5,5
29209,199,178,21,21
29210,68,60,8,8
29211,161,144,17,17
29212,46,42,4,4
29213,61,58,3,3
29214,112,98,14,14
29215,133,110,23,23
29216,91,75,16,16
29217,80,84,-4,4
29218,160,122,38,38
29219,90,80,10,10
29220,103,85,18,18
29221,87,71,16,16
29222,148,124,24,24
29223,183,116,67,67
29224,87,77,10,10
29225,161,135,26,26
29226,80,71,9,9
29227,128,117,11,11
29228,123,107,16,16
29229,159,136,23,23
29230,48,44,4,4
29231,77,74,3,3
29232,87,79,8,8
29233,53,49,4,4
29234,118,103,15,15
29235,89,67,22,22
29236,76,71,5,5
29237,145,121,24,24
29238,125,100,25,25
29239,97,97,0,0
29240,49,49,0,0
29241,62,72,-10,10
29242,81,76,5,5
29243,136,123,13,13
29244,100,96,4,4
29245,187,173,14,14
29246,105,100,5,5
29247,176,151,25,25
29248,113,101,12,12
29249,115,108,7,7
29250,86,83,3,3
29251,120,100,20,20
29252,74,75,-1,1
29253,86,88,-2,2
29254,99,99,0,0
29255,70,62,8,8
29256,109,102,7,7
29257,110,93,17,17
29258,102,93,9,9
29259,156,130,26,26
29260,107,99,8,8
29261,53,53,0,0
29262,121,103,18,18
29263,97,88,9,9
29264,103,105,-2,2
29265,66,58,8,8
29266,108,115,-7,7
29267,59,60,-1,1
29268,64,65,-1,1
29269,70,67,3,3
29270,86,75,11,11
29271,118,100,18,18
29272,61,62,-1,1
29273,120,100,20,20
29274,112,98,14,14
29275,176,136,40,40
29276,61,59,2,2
29277,89,91,-2,2
29278,115,92,23,23
29279,112,90,22,22
29280,110,96,14,14
29281,92,82,10,10
29282,124,104,20,20
29283,60,54,6,6
29284,70,62,8,8
29285,98,82,16,16
29286,77,73,4,4
29287,60,53,7,7
29288,149,130,19,19
29289,135,118,17,17
29290,71,66,5,5
29291,47,52,-5,5
29292,141,113,28,28
29293,76,77,-1,1
29294,85,73,12,12
29295,66,61,5,5
29296,86,79,7,7
29297,144,124,20,20
29298,74,74,0,0
29299,181,152,29,29
29300,79,75,4,4
29301,106,90,16,16
29302,138,116,22,22
29303,91,69,22,22
29304,76,69,7,7
29305,140,117,23,23
29306,77,72,5,5
29307,54,57,-3,3
29308,71,69,2,2
29309,110,89,21,21
29310,90,77,13,13
29311,116,108,8,8
29312,83,74,9,9
29313,59,59,0,0
29314,92,84,8,8
29315,144,121,23,23
29316,67,55,12,12
29317,105,92,13,13
29318,62,56,6,6
29319,136,115,21,21
29320,111,102,9,9
29321,64,66,-2,2
29322,73,57,16,16
29323,86,85,1,1
29324,84,77,7,7
29325,74,71,3,3
29326,135,118,17,17
29327,119,101,18,18
29328,83,82,1,1
29329,102,91,11,11
29330,84,84,0,0
29331,66,107,-41,41
29332,47,44,3,3
29333,97,84,13,13
29334,106,96,10,10
29335,75,70,5,5
29336,108,107,1,1
29337,154,134,20,20
29338,91,80,11,11
29339,75,75,0,0
29340,155,127,28,28
29341,75,79,-4,4
29342,211,170,41,41
29343,69,61,8,8
29344,52,51,1,1
29345,84,67,17,17
29346,89,82,7,7
29347,79,72,7,7
29348,78,74,4,4
29349,90,79,11,11
29350,305,237,68,68
29351,83,80,3,3
29352,193,163,30,30
29353,124,116,8,8
29354,46,43,3,3
29355,85,72,13,13
29356,84,80,4,4
29357,98,88,10,10
29358,72,69,3,3
29359,60,57,3,3
29360,102,89,13,13
29361,92,82,10,10
29362,102,93,9,9
29363,74,77,-3,3
29364,114,95,19,19
29365,86,86,0,0
29366,114,105,9,9
29367,151,145,6,6
29368,91,85,6,6
29369,78,66,12,12
29370,153,131,22,22
29371,80,85,-5,5
29372,108,100,8,8
29373,88,71,17,17
29374,153,127,26,26
29375,71,73,-2,2
29376,95,92,3,3
29377,127,107,20,20
29378,139,127,12,12
29379,46,47,-1,1
29380,124,109,15,15
29381,93,86,7,7
29382,114,96,18,18
29383,93,81,12,12
29384,67,61,6,6
29385,110,99,11,11
29386,63,60,3,3
29387,70,61,9,9
29388,87,77,10,10
29389,122,106,16,16
29390,107,103,4,4
29391,153,130,23,23
29392,94,84,10,10
29393,101,91,10,10
29394,78,76,2,2
29395,82,85,-3,3
29396,88,78,10,10
29397,94,80,14,14
29398,37,48,-11,11
29399,67,62,5,5
29400,85,74,11,11
29401,105,84,21,21
29402,40,53,-13,13
29403,194,160,34,34
29404,123,112,11,11
29405,87,73,14,14
29406,102,89,13,13
29407,145,121,24,24
29408,68,62,6,6
29409,159,124,35,35
29410,82,76,6,6
29411,83,69,14,14
29412,82,75,7,7
29413,69,59,10,10
29414,103,95,8,8
29415,105,94,11,11
29416,100,102,-2,2
29417,55,48,7,7
29418,80,74,6,6
29419,73,73,0,0
29420,51,43,8,8
29421,124,108,16,16
29422,52,51,1,1
29423,115,119,-4,4
29424,116,98,18,18
29425,101,94,7,7
29426,63,48,15,15
29427,52,53,-1,1
29428,84,71,13,13
29429,142,131,11,11
29430,71,70,1,1
29431,82,83,-1,1
29432,85,86,-1,1
29433,74,68,6,6
29434,61,48,13,13
29435,107,101,6,6
29436,98,90,8,8
29437,80,75,5,5
29438,69,72,-3,3
29439,64,62,2,2
29440,137,116,21,21
29441,77,69,8,8
29442,94,95,-1,1
29443,86,77,9,9
29444,60,57,3,3
29445,54,60,-6,6
29446,62,61,1,1
29447,86,81,5,5
29448,60,55,5,5
29449,64,59,5,5
29450,91,85,6,6
29451,71,62,9,9
29452,78,81,-3,3
29453,104,91,13,13
29454,103,96,7,7
29455,167,154,13,13
29456,129,102,27,27
29457,125,135,-10,10
29458,108,104,4,4
29459,77,73,4,4
29460,121,111,10,10
29461,77,69,8,8
29462,61,64,-3,3
29463,67,60,7,7
29464,96,85,11,11
29465,113,111,2,2
29466,70,65,5,5
29467,79,68,11,11
29468,91,86,5,5
29469,86,87,-1,1
29470,74,67,7,7
29471,78,77,1,1
29472,117,95,22,22
29473,82,65,17,17
29474,79,75,4,4
29475,138,135,3,3
29476,92,79,13,13
29477,69,61,8,8
29478,81,81,0,0
29479,73,71,2,2
29480,100,93,7,7
29481,51,45,6,6
29482,60,58,2,2
29483,109,92,17,17
29484,131,117,14,14
29485,71,69,2,2
29486,77,78,-1,1
29487,97,98,-1,1
29488,69,64,5,5
29489,124,106,18,18
29490,69,64,5,5
29491,131,111,20,20
29492,87,83,4,4
29493,178,158,20,20
29494,111,102,9,9
29495,122,98,24,24
29496,155,129,26,26
29497,136,105,31,31
29498,113,113,0,0
29499,64,65,-1,1
29500,111,98,13,13
29501,94,85,9,9
29502,58,59,-1,1
29503,89,75,14,14
29504,82,73,9,9
29505,87,86,1,1
29506,50,56,-6,6
29507,79,71,8,8
29508,140,114,26,26
29509,134,187,-53,53
29510,119,99,20,20
29511,140,128,12,12
29512,119,107,12,12
29513,52,52,0,0
29514,124,121,3,3
29515,131,96,35,35
29516,45,47,-2,2
29517,70,62,8,8
29518,99,90,9,9
29519,82,72,10,10
29520,73,63,10,10
29521,120,117,3,3
29522,107,101,6,6
29523,88,81,7,7
29524,82,74,8,8
29525,59,54,5,5
29526,90,90,0,0
29527,56,60,-4,4
29528,113,102,11,11
29529,78,64,14,14
29530,61,64,-3,3
29531,89,81,8,8
29532,44,47,-3,3
29533,62,55,7,7
29534,111,102,9,9
29535,75,70,5,5
29536,74,68,6,6
29537,79,66,13,13
29538,89,82,7,7
29539,94,85,9,9
29540,116,100,16,16
29541,120,98,22,22
29542,180,151,29,29
29543,48,43,5,5
29544,85,77,8,8
29545,112,92,20,20
29546,114,93,21,21
29547,78,72,6,6
29548,111,112,-1,1
29549,71,68,3,3
29550,64,64,0,0
29551,47,43,4,4
29552,85,82,3,3
29553,90,89,1,1
29554,137,111,26,26
29555,138,125,13,13
29556,64,53,11,11
29557,78,70,8,8
29558,42,38,4,4
29559,98,86,12,12
29560,59,49,10,10
29561,76,78,-2,2
29562,106,91,15,15
29563,33,34,-1,1
29564,121,110,11,11
29565,108,90,18,18
29566,76,73,3,3
29567,64,56,8,8
29568,73,60,13,13
29569,112,102,10,10
29570,105,90,15,15
29571,59,64,-5,5
29572,205,157,48,48
29573,78,79,-1,1
29574,79,80,-1,1
29575,123,109,14,14
29576,83,76,7,7
29577,115,106,9,9
29578,75,69,6,6
29579,86,81,5,5
29580,111,112,-1,1
29581,82,98,-16,16
29582,157,138,19,19
29583,58,55,3,3
29584,101,89,12,12
29585,99,90,9,9
29586,96,88,8,8
29587,133,128,5,5
29588,93,85,8,8
29589,79,70,9,9
29590,87,66,21,21
29591,101,97,4,4
29592,73,68,5,5
29593,76,68,8,8
29594,110,90,20,20
29595,100,89,11,11
29596,87,81,6,6
29597,126,117,9,9
29598,81,69,12,12
29599,70,73,-3,3
29600,139,128,11,11
29601,74,67,7,7
29602,147,113,34,34
29603,92,77,15,15
29604,133,104,29,29
29605,87,78,9,9
29606,96,92,4,4
29607,70,90,-20,20
29608,75,75,0,0
29609,121,103,18,18
29610,88,79,9,9
29611,96,91,5,5
29612,196,127,69,69
29613,90,85,5,5
29614,110,98,12,12
29615,59,51,8,8
29616,131,114,17,17
29617,56,53,3,3
29618,98,94,4,4
29619,94,82,12,12
29620,73,72,1,1
29621,52,45,7,7
29622,97,82,15,15
29623,119,104,15,15
29624,94,76,18,18
29625,144,123,21,21
29626,128,112,16,16
29627,81,71,10,10
29628,101,85,16,16
29629,138,118,20,20
29630,68,61,7,7
29631,124,97,27,27
29632,61,70,-9,9
29633,118,95,23,23
29634,69,67,2,2
29635,84,79,5,5
29636,175,142,33,33
29637,54,52,2,2
29638,72,76,-4,4
29639,82,68,14,14
29640,102,85,17,17
29641,107,95,12,12
29642,110,97,13,13
29643,128,112,16,16
29644,132,123,9,9
29645,80,69,11,11
29646,60,60,0,0
29647,54,53,1,1
29648,89,85,4,4
29649,90,87,3,3
29650,62,71,-9,9
29651,64,75,-11,11
29652,74,60,14,14
29653,123,179,-56,56
29654,77,70,7,7
29655,79,69,10,10
29656,88,82,6,6
29657,77,79,-2,2
29658,96,92,4,4
29659,80,74,6,6
29660,104,93,11,11
29661,46,47,-1,1
29662,70,72,-2,2
29663,93,92,1,1
29664,103,88,15,15
29665,117,98,19,19
29666,80,76,4,4
29667,93,82,11,11
29668,88,83,5,5
29669,101,85,16,16
29670,69,65,4,4
29671,97,86,11,11
29672,56,54,2,2
29673,101,89,12,12
29674,122,106,16,16
29675,95,92,3,3
29676,113,102,11,11
29677,150,124,26,26
29678,164,149,15,15
29679,87,80,7,7
29680,128,109,19,19
29681,66,64,2,2
29682,68,57,11,11
29683,120,103,17,17
29684,151,135,16,16
29685,72,61,11,11
29686,89,88,1,1
29687,231,196,35,35
29688,49,60,-11,11
29689,68,60,8,8
29690,81,72,9,9
29691,96,89,7,7
29692,123,101,22,22
29693,88,78,10,10
29694,188,160,28,28
29695,78,64,14,14
29696,78,74,4,4
29697,105,98,7,7
29698,102,90,12,12
29699,74,76,-2,2
29700,74,72,2,2
29701,63,64,-1,1
29702,106,94,12,12
29703,90,78,12,12
29704,100,88,12,12
29705,106,95,11,11
29706,74,71,3,3
29707,75,73,2,2
29708,119,115,4,4
29709,115,103,12,12
29710,125,102,23,23
29711,106,93,13,13
29712,113,105,8,8
29713,81,72,9,9
29714,84,74,10,10
29715,79,81,-2,2
29716,129,109,20,20
29717,55,51,4,4
29718,99,93,6,6
29719,88,85,3,3
29720,129,101,28,28
29721,92,84,8,8
29722,113,105,8,8
29723,67,61,6,6
29724,96,99,-3,3
29725,64,66,-2,2
29726,132,130,2,2
29727,172,139,33,33
29728,104,98,6,6
29729,83,69,14,14
29730,70,76,-6,6
29731,104,96,8,8
29732,78,64,14,14
29733,66,76,-10,10
29734,81,75,6,6
29735,63,62,1,1
29736,74,74,0,0
29737,109,86,23,23
29738,70,64,6,6
29739,91,75,16,16
29740,95,88,7,7
29741,76,74,2,2
29742,68,60,8,8
29743,92,82,10,10
29744,65,61,4,4
29745,36,41,-5,5
29746,105,98,7,7
29747,110,98,12,12
29748,121,104,17,17
29749,49,43,6,6
29750,98,77,21,21
29751,117,99,18,18
29752,52,93,-41,41
29753,84,79,5,5
29754,148,127,21,21
29755,63,58,5,5
29756,63,66,-3,3
29757,92,87,5,5
29758,85,73,12,12
29759,93,83,10,10
29760,88,69,19,19
29761,80,77,3,3
29762,83,77,6,6
29763,61,62,-1,1
29764,76,71,5,5
29765,81,81,0,0
29766,75,64,11,11
29767,61,51,10,10
29768,110,97,13,13
29769,91,79,12,12
29770,63,53,10,10
29771,126,117,9,9
29772,102,85,17,17
29773,102,88,14,14
29774,107,92,15,15
29775,49,47,2,2
29776,71,71,0,0
29777,70,80,-10,10
29778,94,91,3,3
29779,201,170,31,31
29780,80,76,4,4
29781,62,55,7,7
29782,97,87,10,10
29783,77,71,6,6
29784,74,77,-3,3
29785,55,56,-1,1
29786,88,78,10,10
29787,27,42,-15,15
29788,64,57,7,7
29789,95,99,-4,4
29790,74,70,4,4
29791,99,96,3,3
29792,68,63,5,5
29793,65,60,5,5
29794,97,92,5,5
29795,73,67,6,6
29796,88,88,0,0
29797,121,114,7,7
29798,102,87,15,15
29799,101,97,4,4
29800,78,78,0,0
29801,156,129,27,27
29802,76,76,0,0
29803,66,57,9,9
29804,91,92,-1,1
29805,82,71,11,11
29806,150,132,18,18
29807,46,46,0,0
29808,164,144,20,20
29809,134,118,16,16
29810,124,109,15,15
29811,75,71,4,4
29812,64,65,-1,1
29813,207,173,34,34
29814,125,114,11,11
29815,143,116,27,27
29816,79,68,11,11
29817,62,59,3,3
29818,149,137,12,12
29819,136,119,17,17
29820,48,47,1,1
29821,117,98,19,19
29822,50,51,-1,1
29823,88,77,11,11
29824,62,60,2,2
29825,37,40,-3,3
29826,142,115,27,27
29827,59,56,3,3
29828,123,108,15,15
29829,78,70,8,8
29830,117,100,17,17
29831,84,81,3,3
29832,191,159,32,32
29833,176,142,34,34
29834,68,56,12,12
29835,58,52,6,6
29836,74,68,6,6
29837,166,143,23,23
29838,178,152,26,26
29839,102,94,8,8
29840,106,90,16,16
29841,121,114,7,7
29842,157,137,20,20
29843,60,54,6,6
29844,116,102,14,14
29845,133,120,13,13
29846,50,48,2,2
29847,90,83,7,7
29848,138,114,24,24
29849,216,189,27,27
29850,114,102,12,12
29851,107,96,11,11
29852,68,58,10,10
29853,52,54,-2,2
29854,139,117,22,22
29855,98,81,17,17
29856,143,122,21,21
29857,97,81,16,16
29858,80,78,2,2
29859,60,50,10,10
29860,104,94,10,10
29861,102,98,4,4
29862,155,135,20,20
29863,157,132,25,25
29864,122,96,26,26
29865,89,80,9,9
29866,68,63,5,5
29867,68,62,6,6
29868,102,96,6,6
29869,107,102,5,5
29870,62,58,4,4
29871,145,134,11,11
29872,92,82,10,10
29873,113,98,15,15
29874,72,62,10,10
29875,67,63,4,4
29876,86,79,7,7
29877,78,74,4,4
29878,94,88,6,6
29879,103,83,20,20
29880,145,139,6,6
29881,74,75,-1,1
29882,128,120,8,8
29883,146,108,38,38
29884,54,54,0,0
29885,162,137,25,25
29886,150,133,17,17
29887,57,60,-3,3
29888,118,105,13,13
29889,37,41,-4,4
29890,121,101,20,20
29891,130,105,25,25
29892,62,60,2,2
29893,66,62,4,4
29894,119,89,30,30
29895,120,100,20,20
29896,100,97,3,3
29897,121,116,5,5
29898,85,85,0,0
29899,99,87,12,12
29900,63,63,0,0
29901,98,81,17,17
29902,62,56,6,6
29903,78,72,6,6
29904,61,56,5,5
29905,110,92,18,18
29906,90,83,7,7
29907,125,89,36,36
29908,59,51,8,8
29909,83,72,11,11
29910,103,102,1,1
29911,66,62,4,4
29912,131,119,12,12
29913,72,71,1,1
29914,56,57,-1,1
29915,110,99,11,11
29916,72,70,2,2
29917,120,111,9,9
29918,82,78,4,4
29919,79,78,1,1
29920,169,146,23,23
29921,140,132,8,8
29922,139,125,14,14
29923,53,54,-1,1
29924,93,93,0,0
29925,95,80,15,15
29926,91,81,10,10
29927,96,83,13,13
29928,115,102,13,13
29929,80,66,14,14
29930,61,55,6,6
29931,125,118,7,7
29932,79,69,10,10
29933,113,96,17,17
29934,113,108,5,5
29935,79,73,6,6
29936,143,121,22,22
29937,69,78,-9,9
29938,71,88,-17,17
29939,67,64,3,3
29940,53,49,4,4
29941,132,124,8,8
29942,129,111,18,18
29943,85,76,9,9
29944,107,99,8,8
29945,143,124,19,19
29946,57,46,11,11
29947,99,88,11,11
29948,54,58,-4,4
29949,102,99,3,3
29950,64,61,3,3
29951,86,90,-4,4
29952,88,78,10,10
29953,170,136,34,34
29954,71,68,3,3
29955,127,116,11,11
29956,61,59,2,2
29957,63,63,0,0
29958,46,46,0,0
29959,78,67,11,11
29960,85,85,0,0
29961,86,69,17,17
29962,91,79,12,12
29963,75,65,10,10
29964,75,70,5,5
29965,73,89,-16,16
29966,74,66,8,8
29967,69,70,-1,1
29968,77,65,12,12
29969,119,108,11,11
29970,77,83,-6,6
29971,143,125,18,18
29972,132,122,10,10
29973,89,84,5,5
29974,60,54,6,6
29975,131,122,9,9
29976,83,71,12,12
29977,80,73,7,7
29978,92,81,11,11
29979,187,167,20,20
29980,128,114,14,14
29981,151,128,23,23
29982,44,41,3,3
29983,83,82,1,1
29984,78,66,12,12
29985,81,75,6,6
29986,73,66,7,7
29987,138,128,10,10
29988,45,43,2,2
29989,58,56,2,2
29990,105,96,9,9
29991,103,94,9,9
29992,91,81,10,10
29993,48,47,1,1
29994,74,75,-1,1
29995,104,83,21,21
29996,69,66,3,3
29997,62,60,2,2
29998,140,140,0,0
29999,129,138,-9,9
30000,98,86,12,12
30001,99,86,13,13
30002,71,63,8,8
30003,149,143,6,6
30004,101,95,6,6
30005,114,112,2,2
30006,181,157,24,24
30007,112,108,4,4
30008,112,100,12,12
30009,95,89,6,6
30010,133,120,13,13
30011,168,137,31,31
30012,24,41,-17,17
30013,119,102,17,17
30014,102,90,12,12
30015,84,75,9,9
30016,134,115,19,19
30017,69,61,8,8
30018,66,58,8,8
30019,74,62,12,12
30020,113,100,13,13
30021,64,65,-1,1
30022,79,72,7,7
30023,103,81,22,22
30024,107,96,11,11
30025,66,68,-2,2
30026,88,80,8,8
30027,158,145,13,13
30028,123,101,22,22
30029,73,74,-1,1
30030,105,93,12,12
30031,65,63,2,2
30032,119,109,10,10
30033,68,61,7,7
30034,64,60,4,4
30035,74,67,7,7
30036,23,33,-10,10
30037,97,87,10,10
30038,124,107,17,17
30039,72,67,5,5
30040,132,114,18,18
30041,42,51,-9,9
30042,121,101,20,20
30043,89,78,11,11
30044,113,99,14,14
30045,114,99,15,15
30046,57,52,5,5
30047,63,59,4,4
30048,121,108,13,13
30049,144,125,19,19
30050,118,104,14,14
30051,64,58,6,6
30052,121,106,15,15
30053,135,116,19,19
30054,80,80,0,0
30055,110,94,16,16
30056,100,90,10,10
30057,94,92,2,2
30058,83,73,10,10
30059,87,84,3,3
30060,67,62,5,5
30061,95,95,0,0
30062,88,76,12,12
30063,93,86,7,7
30064,91,72,19,19
30065,133,114,19,19
30066,77,88,-11,11
30067,106,99,7,7
30068,53,54,-1,1
30069,89,84,5,5
30070,154,117,37,37
30071,98,95,3,3
30072,54,51,3,3
30073,79,75,4,4
30074,115,101,14,14
30075,135,121,14,14
30076,81,73,8,8
30077,56,63,-7,7
30078,54,60,-6,6
30079,73,60,13,13
30080,80,78,2,2
30081,114,98,16,16
30082,170,158,12,12
30083,124,106,18,18
30084,63,58,5,5
30085,93,97,-4,4
30086,77,68,9,9
30087,178,151,27,27
30088,67,60,7,7
30089,72,59,13,13
30090,60,56,4,4
30091,64,61,3,3
30092,85,76,9,9
30093,158,135,23,23
30094,124,102,22,22
30095,70,104,-34,34
30096,61,61,0,0
30097,110,108,2,2
30098,94,93,1,1
30099,161,132,29,29
30100,98,91,7,7
30101,165,136,29,29
30102,82,79,3,3
30103,102,99,3,3
30104,105,94,11,11
30105,85,86,-1,1
30106,106,101,5,5
30107,91,79,12,12
30108,86,83,3,3
30109,44,44,0,0
30110,96,93,3,3
30111,114,98,16,16
30112,83,77,6,6
30113,24,34,-10,10
30114,75,75,0,0
30115,140,132,8,8
30116,46,43,3,3
30117,80,71,9,9
30118,82,92,-10,10
30119,125,110,15,15
30120,56,56,0,0
30121,76,70,6,6
30122,44,42,2,2
30123,102,84,18,18
30124,146,128,18,18
30125,46,45,1,1
30126,80,76,4,4
30127,117,112,5,5
30128,85,72,13,13
30129,60,54,6,6
30130,81,83,-2,2
30131,42,37,5,5
30132,79,79,0,0
30133,98,84,14,14
30134,110,96,14,14
30135,74,67,7,7
30136,54,50,4,4
30137,113,107,6,6
30138,78,82,-4,4
30139,52,46,6,6
30140,449,393,56,56
30141,121,107,14,14
30142,68,60,8,8
30143,35,39,-4,4
30144,36,38,-2,2
30145,81,80,1,1
30146,155,134,21,21
30147,207,167,40,40
30148,105,99,6,6
30149,66,67,-1,1
30150,105,83,22,22
30151,63,53,10,10
30152,97,84,13,13
30153,114,94,20,20
30154,69,64,5,5
30155,181,160,21,21
30156,58,59,-1,1
30157,56,55,1,1
30158,41,41,0,0
30159,61,60,1,1
30160,108,104,4,4
30161,113,95,18,18
30162,46,39,7,7
30163,85,73,12,12
30164,109,100,9,9
30165,144,131,13,13
30166,45,73,-28,28
30167,56,49,7,7
30168,71,61,10,10
30169,83,67,16,16
30170,72,69,3,3
30171,92,77,15,15
30172,97,104,-7,7
30173,52,51,1,1
30174,135,125,10,10
30175,69,68,1,1
30176,88,84,4,4
30177,79,68,11,11
30178,74,67,7,7
30179,74,70,4,4
30180,102,96,6,6
30181,154,127,27,27
30182,225,190,35,35
30183,98,95,3,3
30184,77,73,4,4
30185,164,133,31,31
30186,144,104,40,40
30187,75,65,10,10
30188,142,136,6,6
30189,115,103,12,12
30190,81,75,6,6
30191,103,97,6,6
30192,94,92,2,2
30193,76,85,-9,9
30194,50,50,0,0
30195,108,108,0,0
30196,146,124,22,22
30197,90,83,7,7
30198,129,114,15,15
30199,74,79,-5,5
30200,105,90,15,15
30201,91,82,9,9
30202,121,114,7,7
30203,109,87,22,22
30204,85,90,-5,5
30205,111,106,5,5
30206,136,118,18,18
30207,74,67,7,7
30208,89,89,0,0
30209,102,90,12,12
30210,63,51,12,12
30211,113,104,9,9
30212,92,73,19,19
30213,87,83,4,4
30214,98,86,12,12
30215,111,100,11,11
30216,116,95,21,21
30217,133,123,10,10
30218,160,133,27,27
30219,86,78,8,8
30220,132,116,16,16
30221,110,98,12,12
30222,53,52,1,1
30223,95,87,8,8
30224,88,80,8,8
30225,56,53,3,3
30226,75,73,2,2
30227,76,70,6,6
30228,47,45,2,2
30229,96,83,13,13
30230,39,55,-16,16
30231,159,126,33,33
30232,61,59,2,2
30233,53,47,6,6
30234,84,79,5,5
30235,85,73,12,12
30236,82,81,1,1
30237,88,85,3,3
30238,87,73,14,14
30239,111,100,11,11
30240,161,140,21,21
30241,131,118,13,13
30242,89,74,15,15
30243,156,139,17,17
30244,61,56,5,5
30245,94,92,2,2
30246,102,81,21,21
30247,167,154,13,13
30248,182,158,24,24
30249,59,49,10,10
30250,162,131,31,31
30251,132,115,17,17
30252,66,57,9,9
30253,88,80,8,8
30254,106,81,25,25
30255,59,57,2,2
30256,86,81,5,5
30257,45,48,-3,3
30258,42,48,-6,6
30259,54,49,5,5
30260,79,76,3,3
30261,139,130,9,9
30262,98,93,5,5
30263,113,101,12,12
30264,87,81,6,6
30265,55,57,-2,2
30266,47,47,0,0
30267,93,91,2,2
30268,55,55,0,0
30269,113,129,-16,16
30270,87,73,14,14
30271,138,131,7,7
30272,106,88,18,18
30273,76,71,5,5
30274,89,79,10,10
30275,90,77,13,13
30276,119,103,16,16
30277,106,95,11,11
30278,89,79,10,10
30279,80,76,4,4
30280,77,72,5,5
30281,138,113,25,25
30282,99,86,13,13
30283,70,72,-2,2
30284,107,98,9,9
30285,64,62,2,2
30286,123,110,13,13
30287,75,74,1,1
30288,46,49,-3,3
30289,94,87,7,7
30290,68,61,7,7
30291,116,111,5,5
30292,68,72,-4,4
30293,42,38,4,4
30294,74,56,18,18
30295,102,96,6,6
30296,111,96,15,15
30297,102,99,3,3
30298,155,159,-4,4
30299,97,92,5,5
30300,75,66,9,9
30301,158,149,9,9
30302,66,51,15,15
30303,72,64,8,8
30304,197,150,47,47
30305,133,104,29,29
30306,103,99,4,4
30307,119,102,17,17
30308,88,85,3,3
30309,56,58,-2,2
30310,59,63,-4,4
30311,73,80,-7,7
30312,100,86,14,14
30313,83,69,14,14
30314,104,93,11,11
30315,91,88,3,3
30316,86,81,5,5
30317,62,56,6,6
30318,90,92,-2,2
30319,79,75,4,4
30320,127,113,14,14
30321,108,103,5,5
30322,38,63,-25,25
30323,63,67,-4,4
30324,55,54,1,1
30325,111,87,24,24
30326,53,54,-1,1
30327,77,69,8,8
30328,143,131,12,12
30329,136,117,19,19
30330,47,51,-4,4
30331,85,73,12,12
30332,96,86,10,10
30333,87,76,11,11
30334,87,78,9,9
30335,144,117,27,27
30336,105,90,15,15
30337,96,97,-1,1
30338,78,74,4,4
30339,140,139,1,1
30340,69,62,7,7
30341,41,45,-4,4
30342,73,76,-3,3
30343,75,68,7,7
30344,54,58,-4,4
30345,71,68,3,3
30346,92,89,3,3
30347,78,74,4,4
30348,106,94,12,12
30349,77,76,1,1
30350,74,68,6,6
30351,59,52,7,7
30352,94,100,-6,6
30353,86,76,10,10
30354,102,99,3,3
30355,87,85,2,2
30356,121,109,12,12
30357,75,65,10,10
30358,108,96,12,12
30359,174,139,35,35
30360,119,103,16,16
30361,84,81,3,3
30362,98,89,9,9
30363,84,82,2,2
30364,89,75,14,14
30365,87,70,17,17
30366,43,48,-5,5
30367,95,93,2,2
30368,62,61,1,1
30369,97,95,2,2
30370,110,97,13,13
30371,102,99,3,3
30372,95,90,5,5
30373,84,80,4,4
30374,88,80,8,8
30375,101,91,10,10
30376,154,141,13,13
30377,159,133,26,26
30378,103,89,14,14
30379,75,70,5,5
30380,119,96,23,23
30381,27,33,-6,6
30382,77,76,1,1
30383,169,135,34,34
30384,151,137,14,14
30385,72,59,13,13
30386,145,114,31,31
30387,62,63,-1,1
30388,52,61,-9,9
30389,69,72,-3,3
30390,74,70,4,4
30391,102,79,23,23
30392,91,87,4,4
30393,93,81,12,12
30394,81,75,6,6
30395,137,118,19,19
30396,157,142,15,15
30397,48,46,2,2
30398,122,111,11,11
30399,64,62,2,2
30400,175,148,27,27
30401,74,58,16,16
30402,47,46,1,1
30403,103,91,12,12
30404,88,85,3,3
30405,64,70,-6,6
30406,94,84,10,10
30407,111,98,13,13
30408,209,161,48,48
30409,80,72,8,8
30410,108,101,7,7
30411,103,91,12,12
30412,93,105,-12,12
30413,86,82,4,4
30414,105,92,13,13
30415,110,96,14,14
30416,82,79,3,3
30417,69,57,12,12
30418,43,39,4,4
30419,74,73,1,1
30420,131,106,25,25
30421,137,125,12,12
30422,110,112,-2,2
30423,61,61,0,0
30424,90,82,8,8
30425,78,67,11,11
30426,82,78,4,4
30427,82,78,4,4
30428,66,58,8,8
30429,136,126,10,10
30430,112,97,15,15
30431,71,68,3,3
30432,114,103,11,11
30433,105,137,-32,32
30434,93,77,16,16
30435,122,113,9,9
30436,167,149,18,18
30437,67,57,10,10
30438,62,74,-12,12
30439,116,98,18,18
30440,120,97,23,23
30441,126,110,16,16
30442,110,97,13,13
30443,85,80,5,5
30444,124,111,13,13
30445,129,120,9,9
30446,99,105,-6,6
30447,172,146,26,26
30448,76,74,2,2
30449,64,59,5,5
30450,138,113,25,25
30451,59,56,3,3
30452,123,104,19,19
30453,140,96,44,44
30454,67,62,5,5
30455,211,174,37,37
30456,155,129,26,26
30457,84,88,-4,4
30458,125,113,12,12
30459,72,66,6,6
30460,121,115,6,6
30461,121,115,6,6
30462,141,129,12,12
30463,67,62,5,5
30464,73,89,-16,16
30465,107,100,7,7
30466,72,61,11,11
30467,65,64,1,1
30468,82,73,9,9
30469,87,72,15,15
30470,87,76,11,11
30471,52,53,-1,1
30472,84,74,10,10
30473,81,72,9,9
30474,75,75,0,0
30475,126,114,12,12
30476,45,44,1,1
30477,48,49,-1,1
30478,77,74,3,3
30479,150,118,32,32
30480,100,91,9,9
30481,128,126,2,2
30482,86,79,7,7
30483,72,59,13,13
30484,108,96,12,12
30485,61,43,18,18
30486,121,112,9,9
30487,132,117,15,15
30488,112,106,6,6
30489,148,127,21,21
30490,89,92,-3,3
30491,47,52,-5,5
30492,75,69,6,6
30493,113,114,-1,1
30494,82,81,1,1
30495,82,76,6,6
30496,155,129,26,26
30497,114,98,16,16
30498,85,83,2,2
30499,97,92,5,5
30500,117,97,20,20
30501,57,53,4,4
30502,121,109,12,12
30503,50,48,2,2
30504,32,35,-3,3
30505,126,114,12,12
30506,85,80,5,5
30507,45,50,-5,5
30508,105,90,15,15
30509,84,81,3,3
30510,99,85,14,14
30511,129,89,40,40
30512,115,101,14,14
30513,127,117,10,10
30514,42,60,-18,18
30515,86,86,0,0
30516,106,94,12,12
30517,108,95,13,13
30518,143,128,15,15
30519,98,96,2,2
30520,131,98,33,33
30521,117,105,12,12
30522,82,71,11,11
30523,79,74,5,5
30524,58,52,6,6
30525,96,82,14,14
30526,105,86,19,19
30527,103,93,10,10
30528,72,80,-8,8
30529,108,106,2,2
30530,155,134,21,21
30531,164,136,28,28
30532,60,55,5,5
30533,130,111,19,19
30534,123,107,16,16
30535,104,97,7,7
30536,79,70,9,9
30537,136,120,16,16
30538,130,117,13,13
30539,135,108,27,27
30540,77,70,7,7
30541,136,117,19,19
30542,107,79,28,28
30543,127,106,21,21
30544,116,107,9,9
30545,132,117,15,15
30546,88,76,12,12
30547,74,64,10,10
30548,71,75,-4,4
30549,53,49,4,4
30550,57,51,6,6
30551,189,161,28,28
30552,49,44,5,5
30553,124,116,8,8
30554,127,110,17,17
30555,45,59,-14,14
30556,110,107,3,3
30557,104,97,7,7
30558,82,75,7,7
30559,133,116,17,17
30560,229,185,44,44
30561,64,64,0,0
30562,107,88,19,19
30563,109,100,9,9
30564,174,145,29,29
30565,176,153,23,23
30566,101,83,18,18
30567,113,98,15,15
30568,139,117,22,22
30569,56,53,3,3
30570,75,68,7,7
30571,89,81,8,8
30572,34,40,-6,6
30573,130,114,16,16
30574,81,69,12,12
30575,103,102,1,1
30576,99,92,7,7
30577,136,124,12,12
30578,37,39,-2,2
30579,82,70,12,12
30580,125,112,13,13
30581,121,106,15,15
30582,94,82,12,12
30583,67,61,6,6
30584,110,112,-2,2
30585,82,74,8,8
30586,106,106,0,0
30587,154,129,25,25
30588,97,88,9,9
30589,65,62,3,3
30590,81,80,1,1
30591,53,49,4,4
30592,123,104,19,19
30593,123,100,23,23
30594,60,48,12,12
30595,59,60,-1,1
30596,71,90,-19,19
30597,154,132,22,22
30598,89,79,10,10
30599,89,77,12,12
30600,95,81,14,14
30601,78,74,4,4
30602,79,75,4,4
30603,132,118,14,14
30604,124,116,8,8
30605,125,109,16,16
30606,73,68,5,5
30607,109,102,7,7
30608,84,76,8,8
30609,114,106,8,8
30610,98,91,7,7
30611,229,192,37,37
30612,118,110,8,8
30613,105,96,9,9
30614,56,57,-1,1
30615,86,76,10,10
30616,72,70,2,2
30617,144,150,-6,6
30618,151,128,23,23
30619,91,81,10,10
30620,134,123,11,11
30621,142,124,18,18
30622,119,108,11,11
30623,115,100,15,15
30624,122,113,9,9
30625,121,103,18,18
30626,145,140,5,5
30627,151,132,19,19
30628,99,76,23,23
30629,90,83,7,7
30630,115,126,-11,11
30631,65,74,-9,9
30632,90,81,9,9
30633,78,73,5,5
30634,65,67,-2,2
30635,77,72,5,5
30636,64,60,4,4
30637,204,178,26,26
30638,134,126,8,8
30639,144,118,26,26
30640,127,117,10,10
30641,88,74,14,14
30642,61,60,1,1
30643,118,107,11,11
30644,91,83,8,8
30645,143,115,28,28
30646,166,131,35,35
30647,77,69,8,8
30648,97,83,14,14
30649,97,91,6,6
30650,98,79,19,19
30651,71,65,6,6
30652,77,68,9,9
30653,145,127,18,18
30654,127,112,15,15
30655,144,127,17,17
30656,128,106,22,22
30657,148,129,19,19
30658,67,60,7,7
30659,147,134,13,13
30660,85,87,-2,2
30661,98,92,6,6
30662,72,66,6,6
30663,74,71,3,3
30664,111,102,9,9
30665,80,71,9,9
30666,73,65,8,8
30667,79,76,3,3
30668,90,73,17,17
30669,104,89,15,15
30670,70,65,5,5
30671,99,91,8,8
30672,64,61,3,3
30673,68,64,4,4
30674,96,86,10,10
30675,44,45,-1,1
30676,84,76,8,8
30677,81,70,11,11
30678,152,130,22,22
30679,69,67,2,2
30680,86,94,-8,8
30681,89,86,3,3
30682,151,128,23,23
30683,80,81,-1,1
30684,97,96,1,1
30685,55,51,4,4
30686,126,106,20,20
30687,110,108,2,2
30688,112,110,2,2
30689,156,126,30,30
30690,52,56,-4,4
30691,88,82,6,6
30692,98,96,2,2
30693,131,112,19,19
30694,114,98,16,16
30695,154,140,14,14
30696,52,49,3,3
30697,134,123,11,11
30698,60,55,5,5
30699,68,65,3,3
30700,119,108,11,11
30701,61,58,3,3
30702,94,93,1,1
30703,98,93,5,5
30704,103,101,2,2
30705,120,110,10,10
30706,97,89,8,8
30707,126,105,21,21
30708,103,91,12,12
30709,97,89,8,8
30710,89,78,11,11
30711,69,62,7,7
30712,58,54,4,4
30713,109,93,16,16
30714,91,74,17,17
30715,76,69,7,7
30716,206,171,35,35
30717,109,89,20,20
30718,167,146,21,21
30719,124,104,20,20
30720,68,61,7,7
30721,162,123,39,39
30722,92,83,9,9
30723,160,148,12,12
30724,107,94,13,13
30725,104,84,20,20
30726,72,60,12,12
30727,59,59,0,0
30728,102,86,16,16
30729,110,109,1,1
30730,71,65,6,6
30731,96,83,13,13
30732,117,103,14,14
30733,67,65,2,2
30734,64,63,1,1
30735,111,99,12,12
30736,54,45,9,9
30737,70,67,3,3
30738,89,78,11,11
30739,125,118,7,7
30740,81,84,-3,3
30741,132,113,19,19
30742,122,111,11,11
30743,83,80,3,3
30744,49,56,-7,7
30745,134,107,27,27
30746,86,79,7,7
30747,87,77,10,10
30748,113,104,9,9
30749,147,133,14,14
30750,57,61,-4,4
30751,81,73,8,8
30752,84,84,0,0
30753,130,111,19,19
30754,103,88,15,15
30755,57,56,1,1
30756,58,55,3,3
30757,147,114,33,33
30758,136,120,16,16
30759,78,75,3,3
30760,92,85,7,7
30761,69,70,-1,1
30762,151,125,26,26
30763,155,140,15,15
30764,80,78,2,2
30765,71,62,9,9
30766,113,153,-40,40
30767,129,102,27,27
30768,113,102,11,11
30769,82,80,2,2
30770,69,55,14,14
30771,95,83,12,12
30772,86,80,6,6
30773,86,73,13,13
30774,73,65,8,8
30775,84,79,5,5
30776,99,87,12,12
30777,159,129,30,30
30778,94,88,6,6
30779,93,86,7,7
30780,52,51,1,1
30781,92,84,8,8
30782,77,80,-3,3
30783,83,78,5,5
30784,145,136,9,9
30785,89,77,12,12
30786,98,85,13,13
30787,128,120,8,8
30788,70,76,-6,6
30789,85,77,8,8
30790,94,86,8,8
30791,63,66,-3,3
30792,120,99,21,21
30793,93,93,0,0
30794,113,98,15,15
30795,164,151,13,13
30796,121,103,18,18
30797,61,50,11,11
30798,100,103,-3,3
30799,67,56,11,11
30800,107,98,9,9
30801,56,48,8,8
30802,79,73,6,6
30803,116,133,-17,17
30804,139,121,18,18
30805,112,109,3,3
30806,92,83,9,9
30807,108,94,14,14
30808,124,118,6,6
30809,158,144,14,14
30810,106,82,24,24
30811,132,116,16,16
30812,100,86,14,14
30813,64,89,-25,25
30814,128,111,17,17
30815,53,48,5,5
30816,54,50,4,4
30817,81,75,6,6
30818,67,61,6,6
30819,97,102,-5,5
30820,129,109,20,20
30821,122,95,27,27
30822,139,122,17,17
30823,44,42,2,2
30824,131,116,15,15
30825,67,68,-1,1
30826,115,102,13,13
30827,53,48,5,5
30828,84,76,8,8
30829,124,110,14,14
30830,74,62,12,12
30831,104,100,4,4
30832,70,71,-1,1
30833,112,101,11,11
30834,90,71,19,19
30835,83,91,-8,8
30836,71,68,3,3
30837,81,72,9,9
30838,124,128,-4,4
30839,161,145,16,16
30840,52,52,0,0
30841,78,78,0,0
30842,57,47,10,10
30843,113,102,11,11
30844,105,88,17,17
30845,119,100,19,19
30846,48,47,1,1
30847,123,111,12,12
30848,96,84,12,12
30849,124,103,21,21
30850,129,118,11,11
30851,125,114,11,11
30852,104,97,7,7
30853,117,106,11,11
30854,151,131,20,20
30855,125,110,15,15
30856,87,86,1,1
30857,71,66,5,5
30858,58,53,5,5
30859,127,116,11,11
30860,143,112,31,31
30861,78,71,7,7
30862,114,113,1,1
30863,49,46,3,3
30864,86,80,6,6
30865,81,83,-2,2
30866,85,79,6,6
30867,158,123,35,35
30868,57,48,9,9
30869,109,98,11,11
30870,95,85,10,10
30871,45,43,2,2
30872,76,80,-4,4
30873,83,74,9,9
30874,100,103,-3,3
30875,65,74,-9,9
30876,76,73,3,3
30877,47,52,-5,5
30878,70,65,5,5
30879,157,140,17,17
30880,204,162,42,42
30881,88,78,10,10
30882,93,79,14,14
30883,53,56,-3,3
30884,97,90,7,7
30885,84,75,9,9
30886,66,69,-3,3
30887,73,70,3,3
30888,64,64,0,0
30889,102,85,17,17
30890,56,53,3,3
30891,73,70,3,3
30892,78,77,1,1
30893,64,68,-4,4
30894,89,85,4,4
30895,108,100,8,8
30896,79,67,12,12
30897,99,91,8,8
30898,104,94,10,10
30899,174,143,31,31
30900,76,74,2,2
30901,67,69,-2,2
30902,103,90,13,13
30903,72,65,7,7
30904,65,72,-7,7
30905,79,75,4,4
30906,39,63,-24,24
30907,42,42,0,0
30908,43,44,-1,1
30909,130,115,15,15
30910,56,52,4,4
30911,67,66,1,1
30912,61,57,4,4
30913,79,66,13,13
30914,122,94,28,28
30915,121,106,15,15
30916,87,71,16,16
30917,95,92,3,3
30918,76,69,7,7
30919,98,81,17,17
30920,149,133,16,16
30921,37,40,-3,3
30922,91,73,18,18
30923,99,87,12,12
30924,64,66,-2,2
30925,113,100,13,13
30926,82,77,5,5
30927,71,67,4,4
30928,103,99,4,4
30929,58,57,1,1
30930,112,99,13,13
30931,61,59,2,2
30932,60,63,-3,3
30933,118,110,8,8
30934,48,48,0,0
30935,86,70,16,16
30936,61,64,-3,3
30937,123,102,21,21
30938,151,130,21,21
30939,50,48,2,2
30940,123,116,7,7
30941,186,159,27,27
30942,59,60,-1,1
30943,141,125,16,16
30944,130,134,-4,4
30945,83,69,14,14
30946,63,61,2,2
30947,168,136,32,32
30948,88,78,10,10
30949,49,53,-4,4
30950,47,50,-3,3
30951,81,78,3,3
30952,176,136,40,40
30953,58,56,2,2
30954,48,39,9,9
30955,117,107,10,10
30956,115,96,19,19
30957,120,103,17,17
30958,90,84,6,6
30959,46,52,-6,6
30960,113,113,0,0
30961,64,65,-1,1
30962,126,106,20,20
30963,153,124,29,29
30964,114,96,18,18
30965,182,161,21,21
30966,114,104,10,10
30967,91,84,7,7
30968,116,96,20,20
30969,135,112,23,23
30970,70,65,5,5
30971,80,69,11,11
30972,50,60,-10,10
30973,90,83,7,7
30974,50,54,-4,4
30975,144,121,23,23
30976,77,67,10,10
30977,81,76,5,5
30978,41,39,2,2
30979,80,77,3,3
30980,97,84,13,13
30981,65,62,3,3
30982,70,66,4,4
30983,176,161,15,15
30984,143,128,15,15
30985,79,73,6,6
30986,122,106,16,16
30987,135,121,14,14
30988,85,82,3,3
30989,50,52,-2,2
30990,88,80,8,8
30991,120,99,21,21
30992,134,117,17,17
30993,74,70,4,4
30994,86,84,2,2
30995,95,86,9,9
30996,56,57,-1,1
30997,92,81,11,11
30998,86,80,6,6
30999,70,81,-11,11
31000,81,71,10,10
31001,113,103,10,10
31002,99,86,13,13
31003,77,74,3,3
31004,31,35,-4,4
31005,99,86,13,13
31006,85,76,9,9
31007,80,81,-1,1
31008,92,83,9,9
31009,56,56,0,0
31010,139,136,3,3
31011,51,44,7,7
31012,36,37,-1,1
31013,126,105,21,21
31014,76,71,5,5
31015,96,99,-3,3
31016,87,83,4,4
31017,117,103,14,14
31018,102,95,7,7
31019,89,85,4,4
31020,107,82,25,25
31021,79,73,6,6
31022,89,81,8,8
31023,67,58,9,9
31024,114,101,13,13
31025,69,66,3,3
31026,115,90,25,25
31027,168,153,15,15
31028,84,85,-1,1
31029,79,57,22,22
31030,133,126,7,7
31031,123,98,25,25
31032,102,102,0,0
31033,123,104,19,19
31034,97,80,17,17
31035,89,83,6,6
31036,92,88,4,4
31037,171,140,31,31
31038,72,63,9,9
31039,92,91,1,1
31040,54,58,-4,4
31041,113,104,9,9
31042,110,89,21,21
31043,64,59,5,5
31044,64,60,4,4
31045,69,60,9,9
31046,81,74,7,7
31047,101,94,7,7
31048,92,86,6,6
31049,85,85,0,0
31050,58,53,5,5
31051,124,107,17,17
31052,81,71,10,10
31053,108,90,18,18
31054,93,81,12,12
31055,70,57,13,13
31056,119,89,30,30
31057,65,62,3,3
31058,90,75,15,15
31059,53,51,2,2
31060,73,72,1,1
31061,52,51,1,1
31062,97,89,8,8
31063,118,92,26,26
31064,95,83,12,12
31065,89,79,10,10
31066,66,60,6,6
31067,75,73,2,2
31068,107,92,15,15
31069,63,57,6,6
31070,148,121,27,27
31071,110,99,11,11
31072,96,98,-2,2
31073,123,113,10,10
31074,123,103,20,20
31075,106,82,24,24
31076,101,86,15,15
31077,105,97,8,8
31078,94,92,2,2
31079,53,64,-11,11
31080,53,57,-4,4
31081,116,105,11,11
31082,122,113,9,9
31083,96,93,3,3
31084,117,102,15,15
31085,105,91,14,14
31086,74,69,5,5
31087,43,49,-6,6
31088,110,101,9,9
31089,71,67,4,4
31090,72,63,9,9
31091,109,98,11,11
31092,142,130,12,12
31093,69,59,10,10
31094,127,121,6,6
31095,113,109,4,4
31096,61,59,2,2
31097,108,96,12,12
31098,83,73,10,10
31099,58,58,0,0
31100,107,96,11,11
31101,108,114,-6,6
31102,97,84,13,13
31103,101,85,16,16
31104,101,96,5,5
31105,123,100,23,23
31106,68,65,3,3
31107,89,77,12,12
31108,47,46,1,1
31109,128,105,23,23
31110,117,104,13,13
31111,94,80,14,14
31112,111,94,17,17
31113,51,50,1,1
31114,65,67,-2,2
31115,79,88,-9,9
31116,140,122,18,18
31117,152,122,30,30
31118,108,99,9,9
31119,115,98,17,17
31120,78,81,-3,3
31121,100,92,8,8
31122,69,69,0,0
31123,127,112,15,15
31124,64,55,9,9
31125,148,127,21,21
31126,105,89,16,16
31127,123,107,16,16
31128,56,54,2,2
31129,60,65,-5,5
31130,100,86,14,14
31131,77,90,-13,13
31132,89,101,-12,12
31133,63,65,-2,2
31134,70,65,5,5
31135,74,65,9,9
31136,74,76,-2,2
31137,149,118,31,31
31138,60,60,0,0
31139,115,148,-33,33
31140,65,64,1,1
31141,95,82,13,13
31142,126,126,0,0
31143,84,85,-1,1
31144,114,91,23,23
31145,130,110,20,20
31146,117,98,19,19
31147,135,125,10,10
31148,110,103,7,7
31149,74,64,10,10
31150,91,83,8,8
31151,102,88,14,14
31152,76,75,1,1
31153,81,88,-7,7
31154,117,101,16,16
31155,58,56,2,2
31156,52,64,-12,12
31157,44,56,-12,12
31158,126,118,8,8
31159,102,92,10,10
31160,68,58,10,10
31161,96,103,-7,7
31162,116,94,22,22
31163,96,83,13,13
31164,44,50,-6,6
31165,49,43,6,6
31166,109,98,11,11
31167,40,47,-7,7
31168,84,105,-21,21
31169,57,52,5,5
31170,85,83,2,2
31171,44,45,-1,1
31172,77,68,9,9
31173,70,75,-5,5
31174,63,65,-2,2
31175,75,67,8,8
31176,88,81,7,7
31177,98,87,11,11
31178,66,77,-11,11
31179,78,67,11,11
31180,95,93,2,2
31181,99,114,-15,15
31182,20,86,-66,66
31183,88,84,4,4
31184,165,142,23,23
31185,127,109,18,18
31186,55,55,0,0
31187,145,125,20,20
31188,72,66,6,6
31189,84,70,14,14
31190,62,60,2,2
31191,107,91,16,16
31192,113,87,26,26
31193,64,60,4,4
31194,132,103,29,29
31195,80,72,8,8
31196,64,65,-1,1
31197,58,63,-5,5
31198,53,60,-7,7
31199,101,90,11,11
31200,97,82,15,15
31201,93,86,7,7
31202,87,71,16,16
31203,78,72,6,6
31204,70,59,11,11
31205,119,77,42,42
31206,66,63,3,3
31207,82,84,-2,2
31208,117,94,23,23
31209,106,93,13,13
31210,79,72,7,7
31211,129,143,-14,14
31212,95,78,17,17
31213,66,67,-1,1
31214,63,57,6,6
31215,128,119,9,9
31216,86,72,14,14
31217,87,87,0,0
31218,115,107,8,8
31219,126,114,12,12
31220,66,94,-28,28
31221,138,124,14,14
31222,118,95,23,23
31223,105,94,11,11
31224,59,62,-3,3
31225,51,53,-2,2
31226,45,57,-12,12
31227,79,74,5,5
31228,103,82,21,21
31229,86,98,-12,12
31230,63,57,6,6
31231,104,95,9,9
31232,144,125,19,19
31233,160,129,31,31
31234,55,54,1,1
31235,83,75,8,8
31236,104,94,10,10
31237,61,58,3,3
31238,92,90,2,2
31239,72,70,2,2
31240,103,89,14,14
31241,192,150,42,42
31242,89,77,12,12
31243,76,67,9,9
31244,70,71,-1,1
31245,81,68,13,13
31246,96,86,10,10
31247,120,103,17,17
31248,88,83,5,5
31249,81,67,14,14
31250,91,82,9,9
31251,104,87,17,17
31252,71,64,7,7
31253,51,45,6,6
31254,138,117,21,21
31255,88,70,18,18
31256,64,70,-6,6
31257,108,100,8,8
31258,120,106,14,14
31259,78,90,-12,12
31260,158,128,30,30
31261,185,149,36,36
31262,168,156,12,12
31263,96,91,5,5
31264,100,74,26,26
31265,48,97,-49,49
31266,80,74,6,6
31267,49,50,-1,1
31268,108,98,10,10
31269,71,68,3,3
31270,111,100,11,11
31271,75,66,9,9
31272,117,105,12,12
31273,156,128,28,28
31274,111,94,17,17
31275,108,100,8,8
31276,54,55,-1,1
31277,83,83,0,0
31278,91,76,15,15
31279,53,56,-3,3
31280,46,44,2,2
31281,39,45,-6,6
31282,97,98,-1,1
31283,97,100,-3,3
31284,93,79,14,14
31285,173,146,27,27
31286,76,69,7,7
31287,146,125,21,21
31288,128,123,5,5
31289,81,67,14,14
31290,90,84,6,6
31291,109,102,7,7
31292,123,99,24,24
31293,100,89,11,11
31294,77,75,2,2
31295,77,72,5,5
31296,109,109,0,0
31297,85,75,10,10
31298,94,84,10,10
31299,57,52,5,5
31300,51,51,0,0
31301,50,55,-5,5
31302,80,71,9,9
31303,73,64,9,9
31304,68,70,-2,2
31305,153,124,29,29
31306,120,114,6,6
31307,99,90,9,9
31308,97,83,14,14
31309,82,72,10,10
31310,85,87,-2,2
31311,84,73,11,11
31312,93,93,0,0
31313,55,56,-1,1
31314,53,52,1,1
31315,148,126,22,22
31316,115,107,8,8
31317,116,103,13,13
31318,109,88,21,21
31319,72,70,2,2
31320,85,79,6,6
31321,78,63,15,15
31322,133,111,22,22
31323,89,78,11,11
31324,53,59,-6,6
31325,145,138,7,7
31326,75,65,10,10
31327,60,59,1,1
31328,71,66,5,5
31329,62,60,2,2
31330,165,140,25,25
31331,51,58,-7,7
31332,146,141,5,5
31333,64,59,5,5
31334,75,77,-2,2
31335,79,68,11,11
31336,85,80,5,5
31337,100,91,9,9
31338,119,101,18,18
31339,106,103,3,3
31340,79,72,7,7
31341,163,138,25,25
31342,121,114,7,7
31343,66,66,0,0
31344,114,103,11,11
31345,77,74,3,3
31346,57,57,0,0
31347,87,84,3,3
31348,86,76,10,10
31349,71,71,0,0
31350,124,108,16,16
31351,65,58,7,7
31352,111,97,14,14
31353,62,64,-2,2
31354,94,77,17,17
31355,76,72,4,4
31356,122,121,1,1
31357,136,134,2,2
31358,76,67,9,9
31359,82,87,-5,5
31360,62,57,5,5
31361,65,57,8,8
31362,63,65,-2,2
31363,50,47,3,3
31364,56,64,-8,8
31365,80,80,0,0
31366,95,81,14,14
31367,94,86,8,8
31368,90,72,18,18
31369,116,91,25,25
31370,113,94,19,19
31371,70,63,7,7
31372,31,34,-3,3
31373,70,70,0,0
31374,72,62,10,10
31375,92,79,13,13
31376,82,73,9,9
31377,58,60,-2,2
31378,104,103,1,1
31379,75,69,6,6
31380,90,86,4,4
31381,130,112,18,18
31382,126,112,14,14
31383,89,78,11,11
31384,108,93,15,15
31385,51,53,-2,2
31386,132,118,14,14
31387,91,84,7,7
31388,109,105,4,4
31389,103,108,-5,5
31390,87,75,12,12
31391,123,112,11,11
31392,109,91,18,18
31393,77,84,-7,7
31394,96,89,7,7
31395,82,75,7,7
31396,111,99,12,12
31397,72,64,8,8
31398,117,96,21,21
31399,117,102,15,15
31400,137,120,17,17
31401,107,87,20,20
31402,91,84,7,7
31403,110,98,12,12
31404,76,77,-1,1
31405,83,70,13,13
31406,142,127,15,15
31407,97,86,11,11
31408,54,50,4,4
31409,71,69,2,2
31410,91,91,0,0
31411,100,92,8,8
31412,47,46,1,1
31413,114,93,21,21
31414,65,52,13,13
31415,33,35,-2,2
31416,88,77,11,11
31417,102,95,7,7
31418,72,82,-10,10
31419,95,89,6,6
31420,100,88,12,12
31421,200,174,26,26
31422,147,120,27,27
31423,98,97,1,1
31424,111,99,12,12
31425,105,96,9,9
31426,89,82,7,7
31427,108,98,10,10
31428,35,60,-25,25
31429,54,57,-3,3
31430,124,109,15,15
31431,90,75,15,15
31432,130,116,14,14
31433,138,115,23,23
31434,143,114,29,29
31435,74,69,5,5
31436,47,51,-4,4
31437,64,61,3,3
31438,174,156,18,18
31439,96,85,11,11
31440,132,118,14,14
31441,66,68,-2,2
31442,105,95,10,10
31443,128,118,10,10
31444,99,90,9,9
31445,70,64,6,6
31446,62,54,8,8
31447,78,70,8,8
31448,93,90,3,3
31449,89,68,21,21
31450,104,101,3,3
31451,74,65,9,9
31452,102,79,23,23
31453,58,54,4,4
31454,89,81,8,8
31455,84,71,13,13
31456,128,104,24,24
31457,91,85,6,6
31458,80,66,14,14
31459,84,87,-3,3
31460,100,95,5,5
31461,115,100,15,15
31462,92,87,5,5
31463,155,141,14,14
31464,175,135,40,40
31465,79,70,9,9
31466,70,60,10,10
31467,64,67,-3,3
31468,111,103,8,8
31469,83,75,8,8
31470,92,87,5,5
31471,153,133,20,20
31472,138,123,15,15
31473,90,96,-6,6
31474,104,100,4,4
31475,52,48,4,4
31476,72,69,3,3
31477,76,73,3,3
31478,69,64,5,5
31479,145,121,24,24
31480,67,60,7,7
31481,79,70,9,9
31482,103,87,16,16
31483,145,133,12,12
31484,86,79,7,7
31485,112,97,15,15
31486,130,117,13,13
31487,173,142,31,31
31488,75,69,6,6
31489,195,149,46,46
31490,93,83,10,10
31491,102,91,11,11
31492,64,57,7,7
31493,68,61,7,7
31494,58,58,0,0
31495,93,75,18,18
31496,119,92,27,27
31497,54,49,5,5
31498,72,81,-9,9
31499,82,77,5,5
31500,130,112,18,18
31501,75,73,2,2
31502,73,72,1,1
31503,72,71,1,1
31504,243,243,0,0
31505,62,75,-13,13
31506,79,65,14,14
31507,129,121,8,8
31508,119,102,17,17
31509,121,109,12,12
31510,135,118,17,17
31511,64,53,11,11
31512,84,77,7,7
31513,68,66,2,2
31514,89,77,12,12
31515,59,50,9,9
31516,67,69,-2,2
31517,108,100,8,8
31518,55,55,0,0
31519,161,127,34,34
31520,75,72,3,3
31521,113,97,16,16
31522,102,88,14,14
31523,116,100,16,16
31524,134,119,15,15
31525,161,120,41,41
31526,122,97,25,25
31527,103,89,14,14
31528,75,70,5,5
31529,162,129,33,33
31530,76,76,0,0
31531,57,55,2,2
31532,74,72,2,2
31533,78,65,13,13
31534,68,62,6,6
31535,101,86,15,15
31536,66,63,3,3
31537,61,63,-2,2
31538,120,101,19,19
31539,62,57,5,5
31540,149,119,30,30
31541,85,85,0,0
31542,126,103,23,23
31543,192,162,30,30
31544,94,83,11,11
31545,69,65,4,4
31546,99,79,20,20
31547,114,96,18,18
31548,75,71,4,4
31549,113,112,1,1
31550,165,144,21,21
31551,133,113,20,20
31552,86,86,0,0
31553,72,61,11,11
31554,97,87,10,10
31555,113,144,-31,31
31556,110,101,9,9
31557,119,112,7,7
31558,60,58,2,2
31559,72,77,-5,5
31560,110,101,9,9
31561,151,119,32,32
31562,70,62,8,8
31563,89,84,5,5
31564,112,97,15,15
31565,70,65,5,5
31566,64,61,3,3
31567,155,141,14,14
31568,103,91,12,12
31569,115,99,16,16
31570,57,52,5,5
31571,92,91,1,1
31572,96,82,14,14
31573,61,59,2,2
31574,144,116,28,28
31575,75,72,3,3
31576,138,118,20,20
31577,103,96,7,7
31578,118,96,22,22
31579,80,81,-1,1
31580,107,92,15,15
31581,84,76,8,8
31582,87,75,12,12
31583,56,51,5,5
31584,129,119,10,10
31585,94,85,9,9
31586,72,75,-3,3
31587,193,156,37,37
31588,141,112,29,29
31589,98,89,9,9
31590,116,112,4,4
31591,154,131,23,23
31592,116,109,7,7
31593,75,76,-1,1
31594,107,91,16,16
31595,83,72,11,11
31596,103,101,2,2
31597,99,88,11,11
31598,109,102,7,7
31599,95,85,10,10
31600,85,72,13,13
31601,81,74,7,7
31602,112,91,21,21
31603,82,71,11,11
31604,56,53,3,3
31605,64,62,2,2
31606,105,109,-4,4
31607,118,105,13,13
31608,82,79,3,3
31609,96,88,8,8
31610,69,61,8,8
31611,128,115,13,13
31612,88,85,3,3
31613,90,79,11,11
31614,141,122,19,19
31615,75,78,-3,3
31616,108,99,9,9
31617,153,131,22,22
31618,101,89,12,12
31619,76,73,3,3
31620,86,86,0,0
31621,49,44,5,5
31622,130,115,15,15
31623,95,85,10,10
31624,33,42,-9,9
31625,156,141,15,15
31626,49,43,6,6
31627,89,77,12,12
31628,86,70,16,16
31629,80,70,10,10
31630,97,84,13,13
31631,59,61,-2,2
31632,153,126,27,27
31633,51,50,1,1
31634,88,70,18,18
31635,145,144,1,1
31636,165,159,6,6
31637,74,74,0,0
31638,80,82,-2,2
31639,101,86,15,15
31640,46,44,2,2
31641,62,58,4,4
31642,107,88,19,19
31643,66,64,2,2
31644,153,134,19,19
31645,75,69,6,6
31646,49,47,2,2
31647,120,112,8,8
31648,131,114,17,17
31649,106,99,7,7
31650,147,126,21,21
31651,81,77,4,4
31652,94,84,10,10
31653,57,61,-4,4
31654,61,66,-5,5
31655,47,45,2,2
31656,53,49,4,4
31657,117,100,17,17
31658,98,74,24,24
31659,48,46,2,2
31660,190,168,22,22
31661,68,65,3,3
31662,106,91,15,15
31663,57,59,-2,2
31664,131,121,10,10
31665,132,112,20,20
31666,74,71,3,3
31667,125,113,12,12
31668,86,81,5,5
31669,49,47,2,2
31670,95,75,20,20
31671,67,59,8,8
31672,82,80,2,2
31673,93,93,0,0
31674,52,56,-4,4
31675,55,54,1,1
31676,111,97,14,14
31677,73,64,9,9
31678,72,74,-2,2
31679,160,140,20,20
31680,97,93,4,4
31681,95,82,13,13
31682,117,87,30,30
31683,67,55,12,12
31684,55,56,-1,1
31685,103,87,16,16
31686,108,102,6,6
31687,82,70,12,12
31688,155,127,28,28
31689,87,82,5,5
31690,88,78,10,10
31691,84,89,-5,5
31692,66,70,-4,4
31693,59,55,4,4
31694,80,71,9,9
31695,120,114,6,6
31696,92,84,8,8
31697,36,35,1,1
31698,89,74,15,15
31699,113,93,20,20
31700,86,79,7,7
31701,117,125,-8,8
31702,78,68,10,10
31703,72,73,-1,1
31704,76,64,12,12
31705,76,72,4,4
31706,87,80,7,7
31707,76,90,-14,14
31708,79,58,21,21
31709,51,42,9,9
31710,121,122,-1,1
31711,100,84,16,16
31712,83,77,6,6
31713,84,69,15,15
31714,100,95,5,5
31715,125,109,16,16
31716,73,61,12,12
31717,59,57,2,2
31718,79,76,3,3
31719,76,74,2,2
31720,108,100,8,8
31721,64,69,-5,5
31722,101,87,14,14
31723,140,111,29,29
31724,89,80,9,9
31725,72,64,8,8
31726,82,81,1,1
31727,68,65,3,3
31728,41,48,-7,7
31729,77,72,5,5
31730,150,127,23,23
31731,121,105,16,16
31732,96,106,-10,10
31733,50,49,1,1
31734,45,48,-3,3
31735,118,113,5,5
31736,108,94,14,14
31737,74,65,9,9
31738,148,125,23,23
31739,109,96,13,13
31740,53,50,3,3
31741,69,61,8,8
31742,75,71,4,4
31743,75,81,-6,6
31744,93,83,10,10
31745,36,37,-1,1
31746,62,64,-2,2
31747,139,122,17,17
31748,67,63,4,4
31749,199,175,24,24
31750,61,55,6,6
31751,66,63,3,3
31752,58,54,4,4
31753,58,58,0,0
31754,98,93,5,5
31755,65,58,7,7
31756,96,87,9,9
31757,105,98,7,7
31758,44,44,0,0
31759,116,103,13,13
31760,87,77,10,10
31761,94,88,6,6
31762,130,120,10,10
31763,103,93,10,10
31764,85,75,10,10
31765,94,94,0,0
31766,78,70,8,8
31767,120,104,16,16
31768,48,48,0,0
31769,107,89,18,18
31770,87,83,4,4
31771,115,105,10,10
31772,122,108,14,14
31773,137,111,26,26
31774,19,33,-14,14
31775,90,85,5,5
31776,45,42,3,3
31777,53,57,-4,4
31778,132,107,25,25
31779,54,48,6,6
31780,123,119,4,4
31781,88,94,-6,6
31782,90,78,12,12
31783,112,100,12,12
31784,67,60,7,7
31785,50,53,-3,3
31786,65,61,4,4
31787,44,44,0,0
31788,86,86,0,0
31789,65,63,2,2
31790,80,90,-10,10
31791,128,107,21,21
31792,166,124,42,42
31793,105,88,17,17
31794,77,70,7,7
31795,113,106,7,7
31796,82,76,6,6
31797,94,90,4,4
31798,123,107,16,16
31799,118,107,11,11
31800,159,131,28,28
31801,100,78,22,22
31802,95,84,11,11
31803,128,114,14,14
31804,67,73,-6,6
31805,131,106,25,25
31806,78,72,6,6
31807,58,56,2,2
31808,126,106,20,20
31809,136,127,9,9
31810,75,66,9,9
31811,100,88,12,12
31812,52,50,2,2
31813,94,79,15,15
31814,64,66,-2,2
31815,65,62,3,3
31816,85,78,7,7
31817,100,90,10,10
31818,134,118,16,16
31819,88,81,7,7
31820,87,80,7,7
31821,112,103,9,9
31822,222,178,44,44
31823,103,88,15,15
31824,131,137,-6,6
31825,143,125,18,18
31826,89,83,6,6
31827,144,116,28,28
31828,90,80,10,10
31829,117,101,16,16
31830,41,40,1,1
31831,161,143,18,18
31832,87,85,2,2
31833,67,64,3,3
31834,89,90,-1,1
31835,58,50,8,8
31836,54,50,4,4
31837,66,56,10,10
31838,62,63,-1,1
31839,46,44,2,2
31840,116,104,12,12
31841,146,132,14,14
31842,153,143,10,10
31843,110,88,22,22
31844,83,69,14,14
31845,138,114,24,24
31846,117,99,18,18
31847,86,74,12,12
31848,170,145,25,25
31849,96,92,4,4
31850,57,51,6,6
31851,102,85,17,17
31852,96,88,8,8
31853,88,77,11,11
31854,117,108,9,9
31855,83,89,-6,6
31856,94,95,-1,1
31857,68,73,-5,5
31858,81,69,12,12
31859,165,144,21,21
31860,93,78,15,15
31861,169,149,20,20
31862,79,76,3,3
31863,91,81,10,10
31864,96,86,10,10
31865,107,84,23,23
31866,98,86,12,12
31867,81,70,11,11
31868,125,116,9,9
31869,111,98,13,13
31870,50,52,-2,2
31871,102,93,9,9
31872,94,80,14,14
31873,57,53,4,4
31874,110,98,12,12
31875,89,77,12,12
31876,69,62,7,7
31877,116,107,9,9
31878,135,107,28,28
31879,76,67,9,9
31880,98,80,18,18
31881,72,65,7,7
31882,68,69,-1,1
31883,77,68,9,9
31884,125,122,3,3
31885,115,96,19,19
31886,136,112,24,24
31887,80,70,10,10
31888,82,77,5,5
31889,76,74,2,2
31890,82,71,11,11
31891,138,116,22,22
31892,108,92,16,16
31893,153,132,21,21
31894,76,70,6,6
31895,100,83,17,17
31896,97,91,6,6
31897,119,105,14,14
31898,35,42,-7,7
31899,39,39,0,0
31900,102,88,14,14
31901,93,94,-1,1
31902,122,107,15,15
31903,88,77,11,11
31904,84,77,7,7
31905,207,172,35,35
31906,67,65,2,2
31907,111,102,9,9
31908,75,70,5,5
31909,112,96,16,16
31910,59,58,1,1
31911,66,60,6,6
31912,161,139,22,22
31913,80,80,0,0
31914,64,68,-4,4
31915,123,79,44,44
31916,123,105,18,18
31917,144,128,16,16
31918,61,57,4,4
31919,85,69,16,16
31920,100,85,15,15
31921,100,87,13,13
31922,65,55,10,10
31923,75,64,11,11
31924,104,86,18,18
31925,112,111,1,1
31926,93,80,13,13
31927,69,60,9,9
31928,58,54,4,4
31929,120,94,26,26
31930,131,107,24,24
31931,101,85,16,16
31932,156,139,17,17
31933,83,72,11,11
31934,62,61,1,1
31935,94,87,7,7
31936,87,83,4,4
31937,182,148,34,34
31938,132,115,17,17
31939,100,92,8,8
31940,74,69,5,5
31941,57,59,-2,2
31942,95,88,7,7
31943,64,53,11,11
31944,99,88,11,11
31945,102,100,2,2
31946,144,119,25,25
31947,152,128,24,24
31948,66,58,8,8
31949,57,57,0,0
31950,73,73,0,0
31951,85,75,10,10
31952,111,93,18,18
31953,78,73,5,5
31954,87,77,10,10
31955,58,60,-2,2
31956,125,110,15,15
31957,98,87,11,11
31958,127,111,16,16
31959,125,104,21,21
31960,107,99,8,8
31961,57,60,-3,3
31962,161,134,27,27
31963,109,90,19,19
31964,110,90,20,20
31965,64,59,5,5
31966,304,285,19,19
31967,75,69,6,6
31968,161,148,13,13
31969,85,87,-2,2
31970,124,98,26,26
31971,53,51,2,2
31972,98,92,6,6
31973,124,110,14,14
31974,67,58,9,9
31975,59,62,-3,3
31976,115,96,19,19
31977,91,78,13,13
31978,108,99,9,9
31979,82,78,4,4
31980,104,87,17,17
31981,65,70,-5,5
31982,107,94,13,13
31983,140,129,11,11
31984,83,76,7,7
31985,128,128,0,0
31986,65,56,9,9
31987,70,67,3,3
31988,160,146,14,14
31989,94,87,7,7
31990,74,65,9,9
31991,99,91,8,8
31992,105,92,13,13
31993,65,66,-1,1
31994,46,45,1,1
31995,72,66,6,6
31996,53,46,7,7
31997,110,98,12,12
31998,100,84,16,16
31999,65,65,0,0
32000,102,89,13,13
32001,128,113,15,15
32002,90,77,13,13
32003,139,137,2,2
32004,145,115,30,30
32005,89,78,11,11
32006,68,72,-4,4
32007,64,61,3,3
32008,79,78,1,1
32009,86,70,16,16
32010,60,63,-3,3
32011,101,86,15,15
32012,36,43,-7,7
32013,103,90,13,13
32014,52,46,6,6
32015,152,134,18,18
32016,80,83,-3,3
32017,142,114,28,28
32018,129,106,23,23
32019,140,105,35,35
32020,49,49,0,0
32021,147,132,15,15
32022,100,82,18,18
32023,59,63,-4,4
32024,106,98,8,8
32025,88,81,7,7
32026,86,81,5,5
32027,106,86,20,20
32028,110,98,12,12
32029,43,39,4,4
32030,114,110,4,4
32031,77,68,9,9
32032,103,94,9,9
32033,125,113,12,12
32034,65,63,2,2
32035,105,93,12,12
32036,98,102,-4,4
32037,132,130,2,2
32038,119,107,12,12
32039,80,75,5,5
32040,107,93,14,14
32041,94,79,15,15
32042,59,63,-4,4
32043,109,101,8,8
32044,144,132,12,12
32045,45,46,-1,1
32046,66,45,21,21
32047,122,112,10,10
32048,88,80,8,8
32049,53,45,8,8
32050,58,61,-3,3
32051,68,64,4,4
32052,104,89,15,15
32053,129,119,10,10
32054,55,53,2,2
32055,80,65,15,15
32056,100,95,5,5
32057,64,71,-7,7
32058,150,130,20,20
32059,80,73,7,7
32060,96,81,15,15
32061,83,77,6,6
32062,39,38,1,1
32063,112,89,23,23
32064,146,124,22,22
32065,91,86,5,5
32066,77,78,-1,1
32067,121,108,13,13
32068,113,101,12,12
32069,132,125,7,7
32070,102,94,8,8
32071,71,63,8,8
32072,81,71,10,10
32073,60,68,-8,8
32074,112,91,21,21
32075,95,80,15,15
32076,116,100,16,16
32077,85,81,4,4
32078,116,114,2,2
32079,107,97,10,10
32080,156,126,30,30
32081,84,80,4,4
32082,77,68,9,9
32083,111,93,18,18
32084,61,78,-17,17
32085,124,116,8,8
32086,106,88,18,18
32087,116,104,12,12
32088,64,70,-6,6
32089,108,96,12,12
32090,76,68,8,8
32091,72,70,2,2
32092,75,69,6,6
32093,66,60,6,6
32094,128,123,5,5
32095,189,142,47,47
32096,120,109,11,11
32097,64,58,6,6
32098,141,128,13,13
32099,96,85,11,11
32100,170,149,21,21
32101,83,76,7,7
32102,101,93,8,8
32103,81,81,0,0
32104,43,45,-2,2
32105,150,129,21,21
32106,70,61,9,9
32107,89,73,16,16
32108,115,97,18,18
32109,103,91,12,12
32110,54,52,2,2
32111,63,58,5,5
32112,127,121,6,6
32113,96,76,20,20
32114,79,86,-7,7
32115,83,78,5,5
32116,108,92,16,16
32117,116,99,17,17
32118,121,106,15,15
32119,127,107,20,20
32120,109,102,7,7
32121,96,89,7,7
32122,82,75,7,7
32123,103,119,-16,16
32124,142,128,14,14
32125,161,132,29,29
32126,126,114,12,12
32127,78,66,12,12
32128,157,142,15,15
32129,63,63,0,0
32130,64,59,5,5
32131,90,79,11,11
32132,95,89,6,6
32133,146,125,21,21
32134,56,52,4,4
32135,48,42,6,6
32136,68,63,5,5
32137,94,88,6,6
32138,87,77,10,10
32139,122,99,23,23
32140,126,100,26,26
32141,55,63,-8,8
32142,61,59,2,2
32143,89,91,-2,2
32144,62,65,-3,3
32145,71,66,5,5
32146,87,82,5,5
32147,39,37,2,2
32148,123,109,14,14
32149,79,76,3,3
32150,109,92,17,17
32151,101,97,4,4
32152,107,92,15,15
32153,114,99,15,15
32154,81,82,-1,1
32155,167,144,23,23
32156,71,67,4,4
32157,65,64,1,1
32158,76,67,9,9
32159,94,84,10,10
32160,162,136,26,26
32161,86,91,-5,5
32162,162,143,19,19
32163,50,48,2,2
32164,109,93,16,16
32165,70,62,8,8
32166,69,63,6,6
32167,36,38,-2,2
32168,117,97,20,20
32169,104,83,21,21
32170,107,99,8,8
32171,66,64,2,2
32172,98,89,9,9
32173,113,104,9,9
32174,57,57,0,0
32175,117,104,13,13
32176,79,85,-6,6
32177,88,83,5,5
32178,101,92,9,9
32179,98,89,9,9
32180,164,163,1,1
32181,108,96,12,12
32182,79,71,8,8
32183,77,79,-2,2
32184,81,74,7,7
32185,111,98,13,13
32186,108,96,12,12
32187,104,93,11,11
32188,51,43,8,8
32189,79,75,4,4
32190,141,121,20,20
32191,105,92,13,13
32192,79,77,2,2
32193,121,102,19,19
32194,85,84,1,1
32195,60,56,4,4
32196,76,67,9,9
32197,66,59,7,7
32198,140,117,23,23
32199,115,89,26,26
32200,135,111,24,24
32201,137,135,2,2
32202,108,109,-1,1
32203,56,58,-2,2
32204,145,124,21,21
32205,107,87,20,20
32206,75,68,7,7
32207,73,69,4,4
32208,58,56,2,2
32209,73,65,8,8
32210,100,86,14,14
32211,154,130,24,24
32212,89,80,9,9
32213,86,73,13,13
32214,218,164,54,54
32215,96,86,10,10
32216,72,69,3,3
32217,136,133,3,3
32218,197,170,27,27
32219,75,73,2,2
32220,138,120,18,18
32221,112,105,7,7
32222,97,93,4,4
32223,50,52,-2,2
32224,144,119,25,25
32225,62,59,3,3
32226,91,87,4,4
32227,108,101,7,7
32228,111,100,11,11
32229,154,130,24,24
32230,84,79,5,5
32231,181,160,21,21
32232,80,73,7,7
32233,134,114,20,20
32234,78,80,-2,2
32235,243,197,46,46
32236,59,51,8,8
32237,83,67,16,16
32238,76,61,15,15
32239,88,79,9,9
32240,62,58,4,4
32241,81,73,8,8
32242,127,114,13,13
32243,119,101,18,18
32244,70,70,0,0
32245,114,93,21,21
32246,91,82,9,9
32247,120,96,24,24
32248,61,55,6,6
32249,73,68,5,5
32250,77,76,1,1
32251,175,159,16,16
32252,86,76,10,10
32253,125,108,17,17
32254,109,91,18,18
32255,90,90,0,0
32256,71,68,3,3
32257,64,59,5,5
32258,91,77,14,14
32259,116,100,16,16
32260,63,56,7,7
32261,79,73,6,6
32262,56,48,8,8
32263,144,125,19,19
32264,130,104,26,26
32265,73,68,5,5
32266,64,52,12,12
32267,146,118,28,28
32268,30,44,-14,14
32269,107,99,8,8
32270,80,80,0,0
32271,94,98,-4,4
32272,57,54,3,3
32273,85,80,5,5
32274,157,130,27,27
32275,131,120,11,11
32276,170,132,38,38
32277,115,112,3,3
32278,124,100,24,24
32279,83,76,7,7
32280,139,121,18,18
32281,104,97,7,7
32282,54,51,3,3
32283,117,102,15,15
32284,84,85,-1,1
32285,97,82,15,15
32286,50,42,8,8
32287,57,64,-7,7
32288,84,77,7,7
32289,70,68,2,2
32290,75,73,2,2
32291,33,55,-22,22
32292,110,114,-4,4
32293,60,57,3,3
32294,66,65,1,1
32295,121,102,19,19
32296,97,88,9,9
32297,128,108,20,20
32298,82,72,10,10
32299,110,95,15,15
32300,135,123,12,12
32301,96,88,8,8
32302,79,66,13,13
32303,82,68,14,14
32304,112,93,19,19
32305,119,110,9,9
32306,113,83,30,30
32307,129,114,15,15
32308,30,34,-4,4
32309,143,130,13,13
32310,48,47,1,1
32311,70,67,3,3
32312,66,90,-24,24
32313,117,108,9,9
32314,49,47,2,2
32315,73,69,4,4
32316,104,99,5,5
32317,78,83,-5,5
32318,94,89,5,5
32319,39,38,1,1
32320,163,136,27,27
32321,131,118,13,13
32322,78,76,2,2
32323,107,102,5,5
32324,40,43,-3,3
32325,83,78,5,5
32326,88,91,-3,3
32327,104,93,11,11
32328,116,97,19,19
32329,144,117,27,27
32330,93,86,7,7
32331,89,82,7,7
32332,110,96,14,14
32333,62,81,-19,19
32334,100,90,10,10
32335,79,74,5,5
32336,80,73,7,7
32337,120,109,11,11
32338,84,92,-8,8
32339,88,84,4,4
32340,132,125,7,7
32341,93,79,14,14
32342,79,77,2,2
32343,27,34,-7,7
32344,97,89,8,8
32345,167,141,26,26
32346,146,135,11,11
32347,45,40,5,5
32348,53,48,5,5
32349,57,55,2,2
32350,40,41,-1,1
32351,77,77,0,0
32352,120,105,15,15
32353,87,90,-3,3
32354,189,151,38,38
32355,84,80,4,4
32356,68,63,5,5
32357,85,82,3,3
32358,75,74,1,1
32359,58,56,2,2
32360,67,62,5,5
32361,58,55,3,3
32362,38,39,-1,1
32363,63,63,0,0
32364,82,85,-3,3
32365,111,114,-3,3
32366,168,138,30,30
32367,67,62,5,5
32368,92,84,8,8
32369,43,37,6,6
32370,126,105,21,21
32371,94,86,8,8
32372,108,105,3,3
32373,80,81,-1,1
32374,159,129,30,30
32375,101,77,24,24
32376,71,62,9,9
32377,77,77,0,0
32378,53,55,-2,2
32379,96,92,4,4
32380,144,115,29,29
32381,96,90,6,6
32382,120,110,10,10
32383,91,82,9,9
32384,57,62,-5,5
32385,95,90,5,5
32386,114,107,7,7
32387,115,113,2,2
32388,63,50,13,13
32389,103,86,17,17
32390,213,178,35,35
32391,82,82,0,0
32392,113,94,19,19
32393,75,72,3,3
32394,122,113,9,9
32395,82,64,18,18
32396,112,93,19,19
32397,114,101,13,13
32398,62,50,12,12
32399,145,119,26,26
32400,153,143,10,10
32401,102,71,31,31
32402,65,64,1,1
32403,79,62,17,17
32404,85,80,5,5
32405,69,60,9,9
32406,69,68,1,1
32407,106,90,16,16
32408,73,65,8,8
32409,95,80,15,15
32410,68,69,-1,1
32411,72,70,2,2
32412,71,71,0,0
32413,135,118,17,17
32414,115,100,15,15
32415,75,71,4,4
32416,57,56,1,1
32417,33,37,-4,4
32418,73,67,6,6
32419,147,128,19,19
32420,100,91,9,9
32421,81,75,6,6
32422,130,115,15,15
32423,63,59,4,4
32424,75,73,2,2
32425,97,94,3,3
32426,80,79,1,1
32427,67,62,5,5
32428,135,121,14,14
32429,48,45,3,3
32430,113,109,4,4
32431,62,56,6,6
32432,66,58,8,8
32433,62,49,13,13
32434,140,138,2,2
32435,82,79,3,3
32436,86,79,7,7
32437,123,117,6,6
32438,134,117,17,17
32439,63,61,2,2
32440,142,119,23,23
32441,63,60,3,3
32442,94,79,15,15
32443,72,70,2,2
32444,146,122,24,24
32445,90,68,22,22
32446,57,56,1,1
32447,51,57,-6,6
32448,64,63,1,1
32449,80,80,0,0
32450,105,92,13,13
32451,109,97,12,12
32452,99,96,3,3
32453,209,172,37,37
32454,82,70,12,12
32455,49,51,-2,2
32456,72,62,10,10
32457,62,57,5,5
32458,50,50,0,0
32459,153,136,17,17
32460,140,115,25,25
32461,95,82,13,13
32462,81,72,9,9
32463,114,93,21,21
32464,130,116,14,14
32465,31,36,-5,5
32466,86,84,2,2
32467,100,97,3,3
32468,58,56,2,2
32469,58,54,4,4
32470,95,78,17,17
32471,121,111,10,10
32472,83,77,6,6
32473,152,126,26,26
32474,138,126,12,12
32475,128,117,11,11
32476,92,91,1,1
32477,64,66,-2,2
32478,72,72,0,0
32479,110,103,7,7
32480,57,51,6,6
32481,99,87,12,12
32482,98,86,12,12
32483,73,79,-6,6
32484,53,51,2,2
32485,55,61,-6,6
32486,61,57,4,4
32487,239,189,50,50
32488,86,80,6,6
32489,133,105,28,28
32490,80,77,3,3
32491,76,65,11,11
32492,79,65,14,14
32493,140,115,25,25
32494,97,92,5,5
32495,74,58,16,16
32496,142,119,23,23
32497,82,76,6,6
32498,62,59,3,3
32499,101,98,3,3
32500,69,78,-9,9
32501,171,152,19,19
32502,69,71,-2,2
32503,72,66,6,6
32504,93,84,9,9
32505,78,78,0,0
32506,68,64,4,4
32507,54,51,3,3
32508,110,102,8,8
32509,69,72,-3,3
32510,92,82,10,10
32511,65,60,5,5
32512,28,36,-8,8
32513,65,63,2,2
32514,69,58,11,11
32515,119,97,22,22
32516,78,69,9,9
32517,75,67,8,8
32518,70,64,6,6
32519,57,62,-5,5
32520,88,82,6,6
32521,80,67,13,13
32522,113,102,11,11
32523,63,60,3,3
32524,91,82,9,9
32525,141,112,29,29
32526,88,84,4,4
32527,46,48,-2,2
32528,109,97,12,12
32529,98,92,6,6
32530,177,150,27,27
32531,142,127,15,15
32532,56,56,0,0
32533,166,131,35,35
32534,70,63,7,7
32535,64,61,3,3
32536,70,67,3,3
32537,66,70,-4,4
32538,104,89,15,15
32539,131,105,26,26
32540,82,77,5,5
32541,65,60,5,5
32542,95,87,8,8
32543,79,68,11,11
32544,86,77,9,9
32545,84,77,7,7
32546,103,84,19,19
32547,77,70,7,7
32548,125,107,18,18
32549,122,110,12,12
32550,64,55,9,9
32551,95,95,0,0
32552,79,75,4,4
32553,67,61,6,6
32554,160,136,24,24
32555,103,93,10,10
32556,114,100,14,14
32557,74,73,1,1
32558,123,104,19,19
32559,50,53,-3,3
32560,53,52,1,1
32561,195,171,24,24
32562,71,67,4,4
32563,171,134,37,37
32564,90,85,5,5
32565,75,70,5,5
32566,84,80,4,4
32567,86,95,-9,9
32568,101,93,8,8
32569,131,106,25,25
32570,159,131,28,28
32571,52,56,-4,4
32572,119,103,16,16
32573,85,76,9,9
32574,97,88,9,9
32575,73,71,2,2
32576,54,57,-3,3
32577,73,63,10,10
32578,127,107,20,20
32579,164,143,21,21
32580,104,82,22,22
32581,57,52,5,5
32582,40,46,-6,6
32583,103,93,10,10
32584,149,123,26,26
32585,105,89,16,16
32586,184,150,34,34
32587,74,67,7,7
32588,145,117,28,28
32589,74,74,0,0
32590,83,89,-6,6
32591,82,71,11,11
32592,85,89,-4,4
32593,133,123,10,10
32594,68,62,6,6
32595,56,68,-12,12
32596,183,155,28,28
32597,66,60,6,6
32598,115,115,0,0
32599,86,77,9,9
32600,64,63,1,1
32601,41,40,1,1
32602,97,104,-7,7
32603,76,69,7,7
32604,64,61,3,3
32605,67,62,5,5
32606,92,79,13,13
32607,86,79,7,7
32608,86,78,8,8
32609,114,102,12,12
32610,134,107,27,27
32611,80,66,14,14
32612,151,150,1,1
32613,99,90,9,9
32614,144,128,16,16
32615,118,99,19,19
32616,74,69,5,5
32617,85,72,13,13
32618,51,55,-4,4
32619,57,57,0,0
32620,152,129,23,23
32621,80,76,4,4
32622,83,71,12,12
32623,69,60,9,9
32624,126,125,1,1
32625,178,148,30,30
32626,101,98,3,3
32627,110,99,11,11
32628,53,54,-1,1
32629,89,88,1,1
32630,97,90,7,7
32631,81,72,9,9
32632,87,76,11,11
32633,52,48,4,4
32634,98,86,12,12
32635,109,95,14,14
32636,103,92,11,11
32637,90,70,20,20
32638,73,66,7,7
32639,157,136,21,21
32640,106,90,16,16
32641,144,125,19,19
32642,105,98,7,7
32643,191,153,38,38
32644,79,70,9,9
32645,113,92,21,21
32646,66,59,7,7
32647,62,75,-13,13
32648,71,73,-2,2
32649,93,85,8,8
32650,90,73,17,17
32651,81,72,9,9
32652,97,94,3,3
32653,43,55,-12,12
32654,150,122,28,28
32655,78,70,8,8
32656,122,100,22,22
32657,76,70,6,6
32658,50,56,-6,6
32659,78,86,-8,8
32660,68,72,-4,4
32661,92,76,16,16
32662,65,68,-3,3
32663,112,95,17,17
32664,69,67,2,2
32665,86,78,8,8
32666,73,66,7,7
32667,99,87,12,12
32668,99,83,16,16
32669,70,69,1,1
32670,88,77,11,11
32671,66,61,5,5
32672,123,100,23,23
32673,72,56,16,16
32674,120,118,2,2
32675,51,56,-5,5
32676,68,57,11,11
32677,103,95,8,8
32678,76,68,8,8
32679,77,80,-3,3
32680,143,139,4,4
32681,128,115,13,13
32682,87,73,14,14
32683,47,44,3,3
32684,119,105,14,14
32685,119,104,15,15
32686,52,51,1,1
32687,123,90,33,33
32688,78,73,5,5
32689,135,124,11,11
32690,65,60,5,5
32691,50,50,0,0
32692,59,75,-16,16
32693,95,79,16,16
32694,74,79,-5,5
32695,127,102,25,25
32696,135,101,34,34
32697,80,72,8,8
32698,81,80,1,1
32699,102,92,10,10
32700,131,120,11,11
32701,96,80,16,16
32702,100,94,6,6
32703,104,92,12,12
32704,112,107,5,5
32705,103,85,18,18
32706,96,86,10,10
32707,86,74,12,12
32708,130,124,6,6
32709,47,47,0,0
32710,118,100,18,18
32711,81,73,8,8
32712,117,88,29,29
32713,77,71,6,6
32714,129,112,17,17
32715,111,82,29,29
32716,131,113,18,18
32717,67,66,1,1
32718,66,61,5,5
32719,111,107,4,4
32720,71,77,-6,6
32721,58,52,6,6
32722,61,71,-10,10
32723,65,59,6,6
32724,91,88,3,3
32725,126,110,16,16
32726,79,60,19,19
32727,98,83,15,15
32728,83,96,-13,13
32729,46,45,1,1
32730,71,66,5,5
32731,56,62,-6,6
32732,74,63,11,11
32733,86,76,10,10
32734,125,106,19,19
32735,71,62,9,9
32736,62,59,3,3
32737,96,60,36,36
32738,145,114,31,31
32739,73,66,7,7
32740,67,64,3,3
32741,87,80,7,7
32742,79,65,14,14
32743,93,86,7,7
32744,72,67,5,5
32745,68,61,7,7
32746,72,66,6,6
32747,132,110,22,22
32748,75,66,9,9
32749,86,82,4,4
32750,101,86,15,15
32751,193,173,20,20
32752,124,108,16,16
32753,96,79,17,17
32754,102,93,9,9
32755,48,45,3,3
32756,95,80,15,15
32757,172,149,23,23
32758,174,154,20,20
32759,171,135,36,36
32760,64,58,6,6
32761,90,84,6,6
32762,77,73,4,4
32763,79,72,7,7
32764,82,75,7,7
32765,128,112,16,16
32766,96,90,6,6
32767,88,80,8,8
32768,78,72,6,6
32769,115,108,7,7
32770,75,75,0,0
32771,132,116,16,16
32772,161,134,27,27
32773,117,100,17,17
32774,61,54,7,7
32775,84,68,16,16
32776,102,98,4,4
32777,108,99,9,9
32778,108,108,0,0
32779,156,133,23,23
32780,107,95,12,12
32781,74,64,10,10
32782,185,179,6,6
32783,61,69,-8,8
32784,106,94,12,12
32785,73,71,2,2
32786,83,68,15,15
32787,53,51,2,2
32788,216,181,35,35
32789,90,80,10,10
32790,94,95,-1,1
32791,113,105,8,8
32792,48,46,2,2
32793,125,126,-1,1
32794,58,54,4,4
32795,112,97,15,15
32796,91,77,14,14
32797,90,91,-1,1
32798,104,89,15,15
32799,59,58,1,1
32800,74,73,1,1
32801,99,100,-1,1
32802,76,76,0,0
32803,101,90,11,11
32804,143,123,20,20
32805,66,63,3,3
32806,108,87,21,21
32807,126,110,16,16
32808,102,85,17,17
32809,106,99,7,7
32810,84,76,8,8
32811,133,117,16,16
32812,68,65,3,3
32813,133,119,14,14
32814,91,82,9,9
32815,148,131,17,17
32816,131,117,14,14
32817,105,90,15,15
32818,111,112,-1,1
32819,50,49,1,1
32820,118,97,21,21
32821,56,59,-3,3
32822,76,71,5,5
32823,141,122,19,19
32824,162,138,24,24
32825,144,133,11,11
32826,131,125,6,6
32827,57,48,9,9
32828,105,106,-1,1
32829,74,67,7,7
32830,118,128,-10,10
32831,157,135,22,22
32832,105,94,11,11
32833,90,82,8,8
32834,96,93,3,3
32835,161,144,17,17
32836,83,73,10,10
32837,145,123,22,22
32838,55,53,2,2
32839,113,114,-1,1
32840,72,70,2,2
32841,199,176,23,23
32842,57,63,-6,6
32843,86,81,5,5
32844,124,105,19,19
32845,59,67,-8,8
32846,65,50,15,15
32847,82,73,9,9
32848,127,112,15,15
32849,82,81,1,1
32850,101,84,17,17
32851,105,90,15,15
32852,94,87,7,7
32853,125,105,20,20
32854,96,78,18,18
32855,48,48,0,0
32856,68,68,0,0
32857,98,89,9,9
32858,152,126,26,26
32859,139,103,36,36
32860,80,80,0,0
32861,113,100,13,13
32862,102,105,-3,3
32863,94,83,11,11
32864,56,56,0,0
32865,112,101,11,11
32866,71,64,7,7
32867,163,139,24,24
32868,95,90,5,5
32869,165,145,20,20
32870,100,94,6,6
32871,104,89,15,15
32872,68,73,-5,5
32873,152,127,25,25
32874,62,65,-3,3
32875,56,54,2,2
32876,87,82,5,5
32877,48,47,1,1
32878,85,76,9,9
32879,82,90,-8,8
32880,70,83,-13,13
32881,80,73,7,7
32882,100,95,5,5
32883,158,133,25,25
32884,143,122,21,21
32885,76,68,8,8
32886,64,62,2,2
32887,121,103,18,18
32888,72,71,1,1
32889,53,51,2,2
32890,202,169,33,33
32891,54,52,2,2
32892,58,53,5,5
32893,125,110,15,15
32894,74,60,14,14
32895,58,93,-35,35
32896,144,126,18,18
32897,124,109,15,15
32898,84,77,7,7
32899,27,58,-31,31
32900,84,72,12,12
32901,176,145,31,31
32902,44,47,-3,3
32903,66,63,3,3
32904,73,77,-4,4
32905,71,80,-9,9
32906,42,67,-25,25
32907,61,76,-15,15
32908,71,62,9,9
32909,90,92,-2,2
32910,74,62,12,12
32911,109,87,22,22
32912,124,107,17,17
32913,94,84,10,10
32914,158,150,8,8
32915,97,79,18,18
32916,73,63,10,10
32917,90,91,-1,1
32918,64,58,6,6
32919,144,131,13,13
32920,104,96,8,8
32921,186,151,35,35
32922,102,87,15,15
32923,85,78,7,7
32924,96,92,4,4
32925,122,108,14,14
32926,97,85,12,12
32927,96,86,10,10
32928,50,43,7,7
32929,110,116,-6,6
32930,89,80,9,9
32931,98,86,12,12
32932,123,119,4,4
32933,53,53,0,0
32934,114,101,13,13
32935,152,139,13,13
32936,146,134,12,12
32937,134,112,22,22
32938,105,101,4,4
32939,38,65,-27,27
32940,99,87,12,12
32941,107,93,14,14
32942,92,76,16,16
32943,120,109,11,11
32944,129,116,13,13
32945,95,83,12,12
32946,90,81,9,9
32947,103,94,9,9
32948,114,99,15,15
32949,59,57,2,2
32950,36,41,-5,5
32951,99,86,13,13
32952,76,70,6,6
32953,149,113,36,36
32954,106,83,23,23
32955,61,66,-5,5
32956,47,62,-15,15
32957,158,148,10,10
32958,54,51,3,3
32959,50,51,-1,1
32960,98,87,11,11
32961,94,81,13,13
32962,67,63,4,4
32963,49,48,1,1
32964,146,127,19,19
32965,135,110,25,25
32966,87,72,15,15
32967,98,93,5,5
32968,59,56,3,3
32969,86,76,10,10
32970,62,60,2,2
32971,113,98,15,15
32972,93,85,8,8
32973,75,76,-1,1
32974,83,74,9,9
32975,138,120,18,18
32976,67,65,2,2
32977,84,71,13,13
32978,117,108,9,9
32979,64,61,3,3
32980,80,71,9,9
32981,85,79,6,6
32982,67,63,4,4
32983,96,88,8,8
32984,72,69,3,3
32985,63,71,-8,8
32986,151,120,31,31
32987,49,49,0,0
32988,103,75,28,28
32989,32,34,-2,2
32990,70,61,9,9
32991,135,125,10,10
32992,55,54,1,1
32993,99,92,7,7
32994,114,104,10,10
32995,82,70,12,12
32996,119,110,9,9
32997,104,95,9,9
32998,123,105,18,18
32999,113,107,6,6
33000,153,139,14,14
33001,89,83,6,6
33002,48,66,-18,18
33003,113,95,18,18
33004,83,79,4,4
33005,129,111,18,18
33006,67,68,-1,1
33007,96,83,13,13
33008,92,84,8,8
33009,103,88,15,15
33010,121,97,24,24
33011,48,50,-2,2
33012,98,82,16,16
33013,112,100,12,12
33014,107,97,10,10
33015,92,75,17,17
33016,72,71,1,1
33017,86,77,9,9
33018,86,78,8,8
33019,120,103,17,17
33020,65,65,0,0
33021,86,75,11,11
33022,138,116,22,22
33023,74,77,-3,3
33024,60,56,4,4
33025,125,104,21,21
33026,61,62,-1,1
33027,99,88,11,11
33028,150,129,21,21
33029,69,62,7,7
33030,41,38,3,3
33031,108,92,16,16
33032,163,149,14,14
33033,121,103,18,18
33034,72,68,4,4
33035,109,94,15,15
33036,133,121,12,12
33037,74,70,4,4
33038,119,108,11,11
33039,77,70,7,7
33040,97,99,-2,2
33041,76,72,4,4
33042,102,88,14,14
33043,88,75,13,13
33044,139,119,20,20
33045,93,83,10,10
33046,171,143,28,28
33047,115,120,-5,5
33048,73,68,5,5
33049,102,89,13,13
33050,97,88,9,9
33051,107,100,7,7
33052,180,156,24,24
33053,78,73,5,5
33054,279,233,46,46
33055,86,87,-1,1
33056,80,73,7,7
33057,131,124,7,7
33058,49,48,1,1
33059,100,88,12,12
33060,53,57,-4,4
33061,116,99,17,17
33062,61,57,4,4
33063,73,59,14,14
33064,70,60,10,10
33065,56,54,2,2
33066,69,64,5,5
33067,76,67,9,9
33068,57,58,-1,1
33069,36,35,1,1
33070,75,79,-4,4
33071,62,56,6,6
33072,78,70,8,8
33073,112,99,13,13
33074,85,75,10,10
33075,164,131,33,33
33076,52,58,-6,6
33077,102,92,10,10
33078,34,38,-4,4
33079,52,51,1,1
33080,63,71,-8,8
33081,60,56,4,4
33082,145,125,20,20
33083,74,72,2,2
33084,106,102,4,4
33085,53,52,1,1
33086,114,106,8,8
33087,135,126,9,9
33088,119,104,15,15
33089,84,90,-6,6
33090,62,59,3,3
33091,150,130,20,20
33092,178,179,-1,1
33093,125,112,13,13
33094,125,113,12,12
33095,56,56,0,0
33096,83,78,5,5
33097,79,85,-6,6
33098,66,63,3,3
33099,62,60,2,2
33100,77,73,4,4
33101,113,103,10,10
33102,119,110,9,9
33103,100,83,17,17
33104,121,109,12,12
33105,102,90,12,12
33106,106,108,-2,2
33107,67,61,6,6
33108,104,86,18,18
33109,133,120,13,13
33110,138,115,23,23
33111,62,67,-5,5
33112,110,108,2,2
33113,140,119,21,21
33114,80,68,12,12
33115,103,96,7,7
33116,114,98,16,16
33117,55,50,5,5
33118,91,82,9,9
33119,38,47,-9,9
33120,89,72,17,17
33121,129,112,17,17
33122,30,58,-28,28
33123,103,90,13,13
33124,100,95,5,5
33125,87,83,4,4
33126,99,87,12,12
33127,87,78,9,9
33128,91,86,5,5
33129,105,90,15,15
33130,104,91,13,13
33131,46,44,2,2
33132,86,72,14,14
33133,59,70,-11,11
33134,135,125,10,10
33135,47,46,1,1
33136,108,85,23,23
33137,108,91,17,17
33138,120,111,9,9
33139,50,69,-19,19
33140,102,112,-10,10
33141,129,122,7,7
33142,82,111,-29,29
33143,141,114,27,27
33144,87,75,12,12
33145,108,94,14,14
33146,113,114,-1,1
33147,166,146,20,20
33148,82,74,8,8
33149,34,57,-23,23
33150,57,54,3,3
33151,128,122,6,6
33152,86,83,3,3
33153,70,63,7,7
33154,106,93,13,13
33155,111,101,10,10
33156,89,91,-2,2
33157,28,33,-5,5
33158,102,93,9,9
33159,159,126,33,33
33160,170,142,28,28
33161,98,91,7,7
33162,77,74,3,3
33163,118,109,9,9
33164,96,84,12,12
33165,51,56,-5,5
33166,63,55,8,8
33167,70,64,6,6
33168,99,99,0,0
33169,58,54,4,4
33170,60,57,3,3
33171,78,75,3,3
33172,45,54,-9,9
33173,89,92,-3,3
33174,69,66,3,3
33175,84,83,1,1
33176,73,66,7,7
33177,178,148,30,30
33178,63,66,-3,3
33179,108,95,13,13
33180,105,100,5,5
33181,43,43,0,0
33182,82,73,9,9
33183,76,73,3,3
33184,143,117,26,26
33185,91,80,11,11
33186,63,61,2,2
33187,136,116,20,20
33188,83,71,12,12
33189,128,107,21,21
33190,63,63,0,0
33191,72,73,-1,1
33192,96,90,6,6
33193,66,58,8,8
33194,89,95,-6,6
33195,74,65,9,9
33196,69,62,7,7
33197,86,77,9,9
33198,105,91,14,14
33199,92,87,5,5
33200,49,54,-5,5
33201,151,122,29,29
33202,87,91,-4,4
33203,86,78,8,8
33204,55,50,5,5
33205,113,114,-1,1
33206,96,86,10,10
33207,84,76,8,8
33208,102,92,10,10
33209,85,82,3,3
33210,141,127,14,14
33211,90,71,19,19
33212,57,55,2,2
33213,80,80,0,0
33214,111,96,15,15
33215,82,111,-29,29
33216,85,79,6,6
33217,85,73,12,12
33218,67,62,5,5
33219,86,76,10,10
33220,102,85,17,17
33221,71,67,4,4
33222,130,137,-7,7
33223,76,75,1,1
33224,70,69,1,1
33225,86,85,1,1
33226,55,45,10,10
33227,97,90,7,7
33228,98,106,-8,8
33229,70,57,13,13
33230,102,88,14,14
33231,79,67,12,12
33232,104,91,13,13
33233,70,59,11,11
33234,94,82,12,12
33235,103,94,9,9
33236,102,100,2,2
33237,102,89,13,13
33238,67,61,6,6
33239,165,142,23,23
33240,73,85,-12,12
33241,149,127,22,22
33242,92,81,11,11
33243,57,62,-5,5
33244,76,60,16,16
33245,129,109,20,20
33246,66,67,-1,1
33247,132,111,21,21
33248,108,92,16,16
33249,162,141,21,21
33250,104,91,13,13
33251,98,95,3,3
33252,81,72,9,9
33253,106,102,4,4
33254,134,127,7,7
33255,118,108,10,10
33256,156,125,31,31
33257,73,66,7,7
33258,106,97,9,9
33259,64,57,7,7
33260,66,58,8,8
33261,126,102,24,24
33262,103,96,7,7
33263,57,55,2,2
33264,158,144,14,14
33265,103,89,14,14
33266,103,94,9,9
33267,172,148,24,24
33268,137,124,13,13
33269,95,82,13,13
33270,127,108,19,19
33271,87,78,9,9
33272,136,108,28,28
33273,51,51,0,0
33274,95,83,12,12
33275,100,92,8,8
33276,140,120,20,20
33277,102,99,3,3
33278,69,63,6,6
33279,148,129,19,19
33280,121,121,0,0
33281,133,121,12,12
33282,106,99,7,7
33283,95,82,13,13
33284,71,78,-7,7
33285,148,131,17,17
33286,188,161,27,27
33287,111,100,11,11
33288,88,83,5,5
33289,71,77,-6,6
33290,83,80,3,3
33291,44,45,-1,1
33292,69,62,7,7
33293,44,43,1,1
33294,111,98,13,13
33295,105,101,4,4
33296,76,71,5,5
33297,95,87,8,8
33298,181,158,23,23
33299,128,106,22,22
33300,81,74,7,7
33301,175,139,36,36
33302,57,54,3,3
33303,70,61,9,9
33304,77,66,11,11
33305,61,60,1,1
33306,108,100,8,8
33307,69,68,1,1
33308,61,57,4,4
33309,116,98,18,18
33310,50,50,0,0
33311,95,80,15,15
33312,62,65,-3,3
33313,161,134,27,27
33314,101,94,7,7
33315,84,74,10,10
33316,87,85,2,2
33317,71,67,4,4
33318,56,57,-1,1
33319,77,70,7,7
33320,100,112,-12,12
33321,74,75,-1,1
33322,59,62,-3,3
33323,117,103,14,14
33324,102,92,10,10
33325,97,87,10,10
33326,77,71,6,6
33327,128,123,5,5
33328,89,81,8,8
33329,67,64,3,3
33330,69,68,1,1
33331,104,97,7,7
33332,55,56,-1,1
33333,62,58,4,4
33334,101,88,13,13
33335,78,79,-1,1
33336,86,70,16,16
33337,81,73,8,8
33338,104,87,17,17
33339,57,53,4,4
33340,101,85,16,16
33341,84,74,10,10
33342,73,75,-2,2
33343,106,100,6,6
33344,102,96,6,6
33345,71,73,-2,2
33346,144,129,15,15
33347,131,104,27,27
33348,82,67,15,15
33349,83,70,13,13
33350,169,148,21,21
33351,70,61,9,9
33352,158,134,24,24
33353,162,126,36,36
33354,104,88,16,16
33355,52,43,9,9
33356,59,54,5,5
33357,70,68,2,2
33358,112,108,4,4
33359,106,87,19,19
33360,130,111,19,19
33361,111,95,16,16
33362,117,97,20,20
33363,118,117,1,1
33364,74,75,-1,1
33365,52,51,1,1
33366,97,97,0,0
33367,72,69,3,3
33368,84,71,13,13
33369,50,49,1,1
33370,101,92,9,9
33371,52,52,0,0
33372,85,83,2,2
33373,90,80,10,10
33374,66,67,-1,1
33375,132,110,22,22
33376,91,86,5,5
33377,46,47,-1,1
33378,36,41,-5,5
33379,94,87,7,7
33380,65,61,4,4
33381,85,78,7,7
33382,78,69,9,9
33383,140,134,6,6
33384,79,74,5,5
33385,108,98,10,10
33386,84,76,8,8
33387,89,82,7,7
33388,119,102,17,17
33389,52,46,6,6
33390,130,109,21,21
33391,57,49,8,8
33392,128,110,18,18
33393,106,89,17,17
33394,65,55,10,10
33395,75,76,-1,1
33396,153,146,7,7
33397,42,42,0,0
33398,70,63,7,7
33399,157,137,20,20
33400,153,131,22,22
33401,93,81,12,12
33402,85,77,8,8
33403,70,74,-4,4
33404,84,82,2,2
33405,61,56,5,5
33406,80,73,7,7
33407,60,54,6,6
33408,60,58,2,2
33409,122,109,13,13
33410,87,81,6,6
33411,207,150,57,57
33412,102,96,6,6
33413,52,56,-4,4
33414,75,73,2,2
33415,62,59,3,3
33416,82,82,0,0
33417,144,114,30,30
33418,130,122,8,8
33419,90,72,18,18
33420,71,70,1,1
33421,77,67,10,10
33422,72,66,6,6
33423,46,45,1,1
33424,55,61,-6,6
33425,64,92,-28,28
33426,73,64,9,9
33427,76,75,1,1
33428,100,92,8,8
33429,108,89,19,19
33430,130,111,19,19
33431,136,117,19,19
33432,89,80,9,9
33433,79,81,-2,2
33434,110,92,18,18
33435,125,117,8,8
33436,79,81,-2,2
33437,32,33,-1,1
33438,97,111,-14,14
33439,135,119,16,16
33440,93,86,7,7
33441,111,99,12,12
33442,87,91,-4,4
33443,131,107,24,24
33444,72,64,8,8
33445,72,76,-4,4
33446,192,149,43,43
33447,129,107,22,22
33448,102,89,13,13
33449,86,70,16,16
33450,134,112,22,22
33451,157,139,18,18
33452,75,70,5,5
33453,93,85,8,8
33454,96,86,10,10
33455,105,94,11,11
33456,110,98,12,12
33457,137,115,22,22
33458,194,167,27,27
33459,82,75,7,7
33460,102,105,-3,3
33461,92,85,7,7
33462,119,92,27,27
33463,113,98,15,15
33464,85,80,5,5
33465,66,64,2,2
33466,145,127,18,18
33467,112,103,9,9
33468,133,120,13,13
33469,113,92,21,21
33470,175,134,41,41
33471,113,107,6,6
33472,59,55,4,4
33473,97,93,4,4
33474,74,70,4,4
33475,53,49,4,4
33476,108,99,9,9
33477,133,111,22,22
33478,46,44,2,2
33479,135,110,25,25
33480,111,95,16,16
33481,117,99,18,18
33482,69,65,4,4
33483,175,142,33,33
33484,83,74,9,9
33485,80,76,4,4
33486,95,95,0,0
33487,80,73,7,7
33488,71,68,3,3
33489,61,56,5,5
33490,83,77,6,6
33491,168,140,28,28
33492,78,70,8,8
33493,79,79,0,0
33494,112,107,5,5
33495,73,67,6,6
33496,71,82,-11,11
33497,86,80,6,6
33498,105,103,2,2
33499,103,88,15,15
33500,81,73,8,8
33501,70,67,3,3
33502,107,88,19,19
33503,150,134,16,16
33504,70,58,12,12
33505,80,78,2,2
33506,48,56,-8,8
33507,100,99,1,1
33508,52,58,-6,6
33509,97,88,9,9
33510,172,148,24,24
33511,28,34,-6,6
33512,42,70,-28,28
33513,120,105,15,15
33514,60,61,-1,1
33515,118,96,22,22
33516,175,152,23,23
33517,69,65,4,4
33518,50,50,0,0
33519,90,83,7,7
33520,109,99,10,10
33521,63,68,-5,5
33522,63,59,4,4
33523,54,53,1,1
33524,115,108,7,7
33525,61,57,4,4
33526,91,87,4,4
33527,76,84,-8,8
33528,72,73,-1,1
33529,64,61,3,3
33530,47,43,4,4
33531,67,58,9,9
33532,111,97,14,14
33533,102,119,-17,17
33534,68,60,8,8
33535,101,78,23,23
33536,154,122,32,32
33537,71,67,4,4
33538,77,70,7,7
33539,74,68,6,6
33540,95,89,6,6
33541,98,90,8,8
33542,87,75,12,12
33543,134,121,13,13
33544,118,105,13,13
33545,146,126,20,20
33546,82,87,-5,5
33547,85,67,18,18
33548,68,83,-15,15
33549,62,58,4,4
33550,79,62,17,17
33551,33,36,-3,3
33552,130,108,22,22
33553,88,71,17,17
33554,132,116,16,16
33555,69,71,-2,2
33556,98,82,16,16
33557,113,94,19,19
33558,84,79,5,5
33559,78,70,8,8
33560,121,101,20,20
33561,69,65,4,4
33562,70,77,-7,7
33563,89,86,3,3
33564,97,87,10,10
33565,89,80,9,9
33566,128,112,16,16
33567,149,129,20,20
33568,115,100,15,15
33569,68,65,3,3
33570,44,41,3,3
33571,36,40,-4,4
33572,64,76,-12,12
33573,75,61,14,14
33574,85,77,8,8
33575,90,83,7,7
33576,98,101,-3,3
33577,110,92,18,18
33578,91,88,3,3
33579,179,145,34,34
33580,97,78,19,19
33581,65,65,0,0
33582,111,108,3,3
33583,191,150,41,41
33584,181,141,40,40
33585,58,60,-2,2
33586,90,70,20,20
33587,101,85,16,16
33588,164,129,35,35
33589,117,96,21,21
33590,84,84,0,0
33591,112,95,17,17
33592,117,97,20,20
33593,80,75,5,5
33594,150,125,25,25
33595,94,87,7,7
33596,115,107,8,8
33597,157,128,29,29
33598,69,67,2,2
33599,61,57,4,4
33600,97,89,8,8
33601,74,72,2,2
33602,90,85,5,5
33603,59,54,5,5
33604,121,98,23,23
33605,102,84,18,18
33606,107,102,5,5
33607,102,99,3,3
33608,256,236,20,20
33609,75,72,3,3
33610,80,74,6,6
33611,67,66,1,1
33612,122,106,16,16
33613,65,57,8,8
33614,74,76,-2,2
33615,86,80,6,6
33616,206,177,29,29
33617,139,129,10,10
33618,76,70,6,6
33619,186,157,29,29
33620,111,101,10,10
33621,80,66,14,14
33622,148,129,19,19
33623,76,77,-1,1
33624,123,130,-7,7
33625,79,88,-9,9
33626,118,100,18,18
33627,51,51,0,0
33628,88,94,-6,6
33629,157,135,22,22
33630,84,82,2,2
33631,129,110,19,19
33632,131,106,25,25
33633,74,85,-11,11
33634,93,86,7,7
33635,88,83,5,5
33636,74,77,-3,3
33637,102,90,12,12
33638,143,122,21,21
33639,67,60,7,7
33640,197,170,27,27
33641,98,82,16,16
33642,117,95,22,22
33643,120,107,13,13
33644,118,108,10,10
33645,63,50,13,13
33646,139,124,15,15
33647,144,132,12,12
33648,96,86,10,10
33649,110,84,26,26
33650,121,110,11,11
33651,68,74,-6,6
33652,84,97,-13,13
33653,118,105,13,13
33654,96,90,6,6
33655,78,76,2,2
33656,27,35,-8,8
33657,157,132,25,25
33658,137,116,21,21
33659,107,98,9,9
33660,95,86,9,9
33661,45,53,-8,8
33662,69,90,-21,21
33663,196,157,39,39
33664,108,86,22,22
33665,88,76,12,12
33666,199,158,41,41
33667,111,105,6,6
33668,179,144,35,35
33669,157,137,20,20
33670,82,67,15,15
33671,77,67,10,10
33672,56,49,7,7
33673,63,63,0,0
33674,196,165,31,31
33675,89,86,3,3
33676,126,108,18,18
33677,39,37,2,2
33678,80,82,-2,2
33679,97,86,11,11
33680,85,73,12,12
33681,58,53,5,5
33682,132,119,13,13
33683,54,63,-9,9
33684,99,87,12,12
33685,91,86,5,5
33686,75,64,11,11
33687,57,63,-6,6
33688,66,66,0,0
33689,105,103,2,2
33690,51,49,2,2
33691,134,112,22,22
33692,27,36,-9,9
33693,71,62,9,9
33694,65,58,7,7
33695,112,84,28,28
33696,100,95,5,5
33697,56,53,3,3
33698,74,68,6,6
33699,137,118,19,19
33700,96,90,6,6
33701,113,111,2,2
33702,56,53,3,3
33703,91,85,6,6
33704,179,157,22,22
33705,54,47,7,7
33706,90,85,5,5
33707,92,83,9,9
33708,87,77,10,10
33709,122,104,18,18
33710,150,122,28,28
33711,90,79,11,11
33712,98,86,12,12
33713,59,57,2,2
33714,122,111,11,11
33715,150,134,16,16
33716,74,68,6,6
33717,65,65,0,0
33718,53,55,-2,2
33719,93,83,10,10
33720,108,92,16,16
33721,70,74,-4,4
33722,135,116,19,19
33723,87,86,1,1
33724,65,69,-4,4
33725,55,45,10,10
33726,40,40,0,0
33727,88,78,10,10
33728,168,139,29,29
33729,37,37,0,0
33730,80,65,15,15
33731,92,75,17,17
33732,157,127,30,30
33733,121,110,11,11
33734,119,109,10,10
33735,131,97,34,34
33736,112,92,20,20
33737,71,76,-5,5
33738,73,69,4,4
33739,99,86,13,13
33740,81,67,14,14
33741,70,66,4,4
33742,91,80,11,11
33743,63,58,5,5
33744,65,58,7,7
33745,92,91,1,1
33746,83,72,11,11
33747,62,64,-2,2
33748,137,121,16,16
33749,194,158,36,36
33750,104,88,16,16
33751,136,120,16,16
33752,149,131,18,18
33753,109,97,12,12
33754,70,63,7,7
33755,121,102,19,19
33756,73,70,3,3
33757,97,82,15,15
33758,105,89,16,16
33759,131,119,12,12
33760,118,102,16,16
33761,97,85,12,12
33762,49,47,2,2
33763,110,98,12,12
33764,87,85,2,2
33765,107,95,12,12
33766,72,65,7,7
33767,173,153,20,20
33768,117,107,10,10
33769,91,88,3,3
33770,93,72,21,21
33771,34,33,1,1
33772,75,65,10,10
33773,110,102,8,8
33774,76,80,-4,4
33775,122,146,-24,24
33776,94,87,7,7
33777,60,58,2,2
33778,96,87,9,9
33779,92,86,6,6
33780,155,127,28,28
33781,116,96,20,20
33782,113,101,12,12
33783,70,59,11,11
33784,127,117,10,10
33785,104,101,3,3
33786,103,95,8,8
33787,66,55,11,11
33788,58,55,3,3
33789,47,55,-8,8
33790,124,114,10,10
33791,47,41,6,6
33792,134,111,23,23
33793,126,104,22,22
33794,133,120,13,13
33795,101,95,6,6
33796,48,45,3,3
33797,69,72,-3,3
33798,62,55,7,7
33799,112,92,20,20
33800,124,118,6,6
33801,68,62,6,6
33802,70,62,8,8
33803,98,90,8,8
33804,61,70,-9,9
33805,98,95,3,3
33806,128,105,23,23
33807,112,98,14,14
33808,62,62,0,0
33809,106,89,17,17
33810,90,76,14,14
33811,57,55,2,2
33812,127,113,14,14
33813,83,73,10,10
33814,123,110,13,13
33815,99,85,14,14
33816,114,106,8,8
33817,124,117,7,7
33818,63,59,4,4
33819,169,145,24,24
33820,86,78,8,8
33821,97,88,9,9
33822,95,82,13,13
33823,97,87,10,10
33824,120,99,21,21
33825,100,88,12,12
33826,127,121,6,6
33827,65,63,2,2
33828,74,69,5,5
33829,146,125,21,21
33830,93,88,5,5
33831,76,68,8,8
33832,127,110,17,17
33833,61,58,3,3
33834,81,78,3,3
33835,132,98,34,34
33836,69,57,12,12
33837,56,64,-8,8
33838,103,91,12,12
33839,110,104,6,6
33840,102,92,10,10
33841,74,64,10,10
33842,111,103,8,8
33843,74,68,6,6
33844,58,55,3,3
33845,96,94,2,2
33846,67,65,2,2
33847,57,53,4,4
33848,104,88,16,16
33849,60,64,-4,4
33850,50,53,-3,3
33851,120,107,13,13
33852,73,66,7,7
33853,45,42,3,3
33854,95,89,6,6
33855,125,117,8,8
33856,106,97,9,9
33857,80,68,12,12
33858,138,123,15,15
33859,105,98,7,7
33860,100,92,8,8
33861,89,80,9,9
33862,161,124,37,37
33863,115,109,6,6
33864,109,95,14,14
33865,120,103,17,17
33866,64,59,5,5
33867,85,79,6,6
33868,139,120,19,19
33869,56,57,-1,1
33870,100,93,7,7
33871,61,58,3,3
33872,87,84,3,3
33873,78,66,12,12
33874,135,112,23,23
33875,149,132,17,17
33876,123,105,18,18
33877,114,89,25,25
33878,106,103,3,3
33879,121,96,25,25
33880,103,103,0,0
33881,133,122,11,11
33882,83,75,8,8
33883,90,77,13,13
33884,43,40,3,3
33885,195,167,28,28
33886,82,71,11,11
33887,121,107,14,14
33888,77,72,5,5
33889,80,77,3,3
33890,56,55,1,1
33891,70,61,9,9
33892,57,54,3,3
33893,98,90,8,8
33894,85,79,6,6
33895,102,91,11,11
33896,114,92,22,22
33897,153,131,22,22
33898,61,55,6,6
33899,99,88,11,11
33900,77,67,10,10
33901,89,71,18,18
33902,79,69,10,10
33903,108,105,3,3
33904,102,79,23,23
33905,54,54,0,0
33906,101,87,14,14
33907,131,115,16,16
33908,56,59,-3,3
33909,110,94,16,16
33910,78,67,11,11
33911,153,127,26,26
33912,73,73,0,0
33913,105,90,15,15
33914,57,68,-11,11
33915,95,97,-2,2
33916,56,60,-4,4
33917,107,89,18,18
33918,62,73,-11,11
33919,157,134,23,23
33920,94,83,11,11
33921,84,66,18,18
33922,131,115,16,16
33923,75,68,7,7
33924,122,111,11,11
33925,114,113,1,1
33926,61,55,6,6
33927,137,131,6,6
33928,72,65,7,7
33929,115,91,24,24
33930,49,78,-29,29
33931,98,82,16,16
33932,114,105,9,9
33933,79,72,7,7
33934,75,65,10,10
33935,111,87,24,24
33936,84,79,5,5
33937,61,57,4,4
33938,70,69,1,1
33939,103,94,9,9
33940,119,98,21,21
33941,62,60,2,2
33942,94,76,18,18
33943,161,135,26,26
33944,253,198,55,55
33945,112,106,6,6
33946,63,69,-6,6
33947,90,79,11,11
33948,124,108,16,16
33949,85,69,16,16
33950,167,146,21,21
33951,115,91,24,24
33952,113,92,21,21
33953,95,87,8,8
33954,93,85,8,8
33955,138,111,27,27
33956,74,70,4,4
33957,52,52,0,0
33958,104,92,12,12
33959,143,128,15,15
33960,74,75,-1,1
33961,69,64,5,5
33962,133,119,14,14
33963,82,73,9,9
33964,98,82,16,16
33965,77,69,8,8
33966,142,127,15,15
33967,84,80,4,4
33968,95,92,3,3
33969,83,72,11,11
33970,114,92,22,22
33971,53,70,-17,17
33972,91,79,12,12
33973,122,116,6,6
33974,89,102,-13,13
33975,81,80,1,1
33976,110,105,5,5
33977,96,83,13,13
33978,119,102,17,17
33979,80,77,3,3
33980,108,88,20,20
33981,71,63,8,8
33982,80,70,10,10
33983,157,142,15,15
33984,85,66,19,19
33985,47,51,-4,4
33986,68,57,11,11
33987,86,67,19,19
33988,71,65,6,6
33989,64,58,6,6
33990,65,62,3,3
33991,155,144,11,11
33992,108,106,2,2
33993,188,154,34,34
33994,109,101,8,8
33995,64,63,1,1
33996,120,125,-5,5
33997,72,68,4,4
33998,55,54,1,1
33999,69,62,7,7
34000,186,162,24,24
34001,96,99,-3,3
34002,77,74,3,3
34003,83,76,7,7
34004,79,68,11,11
34005,55,62,-7,7
34006,155,132,23,23
34007,91,82,9,9
34008,48,53,-5,5
34009,122,109,13,13
34010,75,81,-6,6
34011,109,101,8,8
34012,110,98,12,12
34013,79,71,8,8
34014,69,64,5,5
34015,78,78,0,0
34016,129,116,13,13
34017,131,114,17,17
34018,45,45,0,0
34019,96,82,14,14
34020,105,111,-6,6
34021,128,116,12,12
34022,139,124,15,15
34023,116,95,21,21
34024,81,74,7,7
34025,77,74,3,3
34026,100,90,10,10
34027,68,61,7,7
34028,70,70,0,0
34029,222,208,14,14
34030,22,33,-11,11
34031,121,107,14,14
34032,67,65,2,2
34033,87,74,13,13
34034,58,54,4,4
34035,69,75,-6,6
34036,71,75,-4,4
34037,54,62,-8,8
34038,60,52,8,8
34039,87,79,8,8
34040,101,88,13,13
34041,61,57,4,4
34042,141,116,25,25
34043,121,112,9,9
34044,102,85,17,17
34045,78,74,4,4
34046,96,101,-5,5
34047,56,48,8,8
34048,101,82,19,19
34049,64,62,2,2
34050,55,58,-3,3
34051,89,72,17,17
34052,84,69,15,15
34053,90,80,10,10
34054,166,136,30,30
34055,85,105,-20,20
34056,94,84,10,10
34057,130,121,9,9
34058,146,135,11,11
34059,77,86,-9,9
34060,97,83,14,14
34061,102,90,12,12
34062,150,138,12,12
34063,104,92,12,12
34064,90,81,9,9
34065,70,64,6,6
34066,45,43,2,2
34067,76,64,12,12
34068,90,97,-7,7
34069,63,55,8,8
34070,123,112,11,11
34071,91,71,20,20
34072,102,83,19,19
34073,120,102,18,18
34074,48,64,-16,16
34075,42,45,-3,3
34076,85,79,6,6
34077,67,59,8,8
34078,73,58,15,15
34079,67,63,4,4
34080,87,81,6,6
34081,172,140,32,32
34082,128,120,8,8
34083,116,106,10,10
34084,102,87,15,15
34085,134,120,14,14
34086,94,94,0,0
34087,55,53,2,2
34088,175,159,16,16
34089,71,66,5,5
34090,53,56,-3,3
34091,92,89,3,3
34092,111,96,15,15
34093,120,109,11,11
34094,107,106,1,1
34095,48,41,7,7
34096,85,73,12,12
34097,122,127,-5,5
34098,90,87,3,3
34099,70,61,9,9
34100,63,60,3,3
34101,110,93,17,17
34102,56,56,0,0
34103,96,93,3,3
34104,79,75,4,4
34105,56,53,3,3
34106,115,95,20,20
34107,60,63,-3,3
34108,59,55,4,4
34109,74,67,7,7
34110,110,105,5,5
34111,99,101,-2,2
34112,106,96,10,10
34113,62,50,12,12
34114,93,84,9,9
34115,59,55,4,4
34116,88,75,13,13
34117,75,82,-7,7
34118,78,65,13,13
34119,67,66,1,1
34120,118,101,17,17
34121,66,57,9,9
34122,69,64,5,5
34123,110,92,18,18
34124,102,94,8,8
34125,127,114,13,13
34126,99,92,7,7
34127,127,119,8,8
34128,97,78,19,19
34129,52,45,7,7
34130,56,56,0,0
34131,64,58,6,6
34132,111,96,15,15
34133,114,100,14,14
34134,162,132,30,30
34135,56,64,-8,8
34136,35,37,-2,2
34137,83,78,5,5
34138,151,136,15,15
34139,77,71,6,6
34140,65,65,0,0
34141,67,64,3,3
34142,81,72,9,9
34143,56,52,4,4
34144,67,62,5,5
34145,59,51,8,8
34146,142,111,31,31
34147,79,74,5,5
34148,104,94,10,10
34149,68,65,3,3
34150,67,69,-2,2
34151,56,52,4,4
34152,66,61,5,5
34153,31,35,-4,4
34154,121,101,20,20
34155,115,101,14,14
34156,68,61,7,7
34157,103,95,8,8
34158,71,70,1,1
34159,115,108,7,7
34160,122,101,21,21
34161,99,85,14,14
34162,112,101,11,11
34163,215,196,19,19
34164,68,68,0,0
34165,84,74,10,10
34166,82,75,7,7
34167,82,75,7,7
34168,95,83,12,12
34169,80,75,5,5
34170,121,101,20,20
34171,103,86,17,17
34172,74,71,3,3
34173,59,55,4,4
34174,106,92,14,14
34175,62,54,8,8
34176,49,47,2,2
34177,62,60,2,2
34178,151,130,21,21
34179,178,139,39,39
34180,96,86,10,10
34181,91,85,6,6
34182,74,69,5,5
34183,78,79,-1,1
34184,95,106,-11,11
34185,109,97,12,12
34186,59,58,1,1
34187,64,54,10,10
34188,122,98,24,24
34189,106,99,7,7
34190,137,118,19,19
34191,79,70,9,9
34192,45,48,-3,3
34193,96,82,14,14
34194,53,49,4,4
34195,121,103,18,18
34196,138,124,14,14
34197,107,90,17,17
34198,90,80,10,10
34199,83,78,5,5
34200,65,59,6,6
34201,68,70,-2,2
34202,50,47,3,3
34203,44,64,-20,20
34204,78,76,2,2
34205,74,70,4,4
34206,67,62,5,5
34207,116,96,20,20
34208,50,44,6,6
34209,100,85,15,15
34210,52,52,0,0
34211,70,61,9,9
34212,92,85,7,7
34213,130,112,18,18
34214,139,129,10,10
34215,96,81,15,15
34216,98,81,17,17
34217,49,45,4,4
34218,90,77,13,13
34219,103,100,3,3
34220,39,45,-6,6
34221,172,136,36,36
34222,104,90,14,14
34223,63,60,3,3
34224,78,69,9,9
34225,65,64,1,1
34226,58,54,4,4
34227,140,128,12,12
34228,95,94,1,1
34229,77,67,10,10
34230,122,103,19,19
34231,63,48,15,15
34232,26,35,-9,9
34233,78,72,6,6
34234,60,60,0,0
34235,80,73,7,7
34236,96,88,8,8
34237,62,59,3,3
34238,77,75,2,2
34239,101,86,15,15
34240,103,95,8,8
34241,87,85,2,2
34242,132,121,11,11
34243,223,176,47,47
34244,117,99,18,18
34245,151,127,24,24
34246,87,88,-1,1
34247,103,91,12,12
34248,59,62,-3,3
34249,150,117,33,33
34250,100,84,16,16
34251,92,76,16,16
34252,65,71,-6,6
34253,72,64,8,8
34254,48,44,4,4
34255,114,98,16,16
34256,63,53,10,10
34257,139,124,15,15
34258,86,78,8,8
34259,96,77,19,19
34260,80,73,7,7
34261,126,102,24,24
34262,112,98,14,14
34263,99,101,-2,2
34264,83,69,14,14
34265,62,56,6,6
34266,53,62,-9,9
34267,40,42,-2,2
34268,103,91,12,12
34269,87,87,0,0
34270,66,64,2,2
34271,116,96,20,20
34272,107,88,19,19
34273,121,108,13,13
34274,114,92,22,22
34275,111,100,11,11
34276,105,96,9,9
34277,103,95,8,8
34278,106,85,21,21
34279,126,109,17,17
34280,104,90,14,14
34281,77,68,9,9
34282,114,103,11,11
34283,77,71,6,6
34284,83,77,6,6
34285,78,79,-1,1
34286,81,77,4,4
34287,64,60,4,4
34288,134,114,20,20
34289,78,73,5,5
34290,137,117,20,20
34291,80,71,9,9
34292,145,118,27,27
34293,103,97,6,6
34294,101,88,13,13
34295,87,76,11,11
34296,83,77,6,6
34297,98,82,16,16
34298,133,120,13,13
34299,114,108,6,6
34300,119,95,24,24
34301,94,84,10,10
34302,85,83,2,2
34303,162,145,17,17
34304,85,65,20,20
34305,62,56,6,6
34306,83,73,10,10
34307,99,86,13,13
34308,79,78,1,1
34309,95,88,7,7
34310,140,125,15,15
34311,165,138,27,27
34312,104,90,14,14
34313,110,112,-2,2
34314,138,159,-21,21
34315,117,118,-1,1
34316,120,104,16,16
34317,67,71,-4,4
34318,82,74,8,8
34319,110,92,18,18
34320,110,92,18,18
34321,63,66,-3,3
34322,54,53,1,1
34323,128,119,9,9
34324,90,75,15,15
34325,99,93,6,6
34326,121,130,-9,9
34327,47,54,-7,7
34328,88,73,15,15
34329,96,79,17,17
34330,83,93,-10,10
34331,91,73,18,18
34332,100,92,8,8
34333,68,67,1,1
34334,44,44,0,0
34335,94,84,10,10
34336,48,50,-2,2
34337,63,57,6,6
34338,114,101,13,13
34339,88,74,14,14
34340,105,90,15,15
34341,67,63,4,4
34342,61,47,14,14
34343,120,104,16,16
34344,111,93,18,18
34345,102,85,17,17
34346,111,96,15,15
34347,48,45,3,3
34348,102,98,4,4
34349,101,91,10,10
34350,88,85,3,3
34351,58,62,-4,4
34352,64,60,4,4
34353,65,63,2,2
34354,156,134,22,22
34355,84,77,7,7
34356,169,134,35,35
34357,130,103,27,27
34358,51,55,-4,4
34359,60,56,4,4
34360,109,88,21,21
34361,107,98,9,9
34362,133,128,5,5
34363,73,66,7,7
34364,117,104,13,13
34365,105,92,13,13
34366,118,123,-5,5
34367,107,96,11,11
34368,89,79,10,10
34369,130,112,18,18
34370,107,103,4,4
34371,86,81,5,5
34372,87,83,4,4
34373,166,137,29,29
34374,91,85,6,6
34375,83,69,14,14
34376,90,90,0,0
34377,60,64,-4,4
34378,73,70,3,3
34379,133,108,25,25
34380,131,114,17,17
34381,128,137,-9,9
34382,93,82,11,11
34383,48,48,0,0
34384,126,97,29,29
34385,62,66,-4,4
34386,50,55,-5,5
34387,70,64,6,6
34388,111,101,10,10
34389,89,75,14,14
34390,94,89,5,5
34391,38,40,-2,2
34392,76,80,-4,4
34393,92,85,7,7
34394,66,61,5,5
34395,84,76,8,8
34396,72,67,5,5
34397,79,70,9,9
34398,78,72,6,6
34399,61,56,5,5
34400,68,62,6,6
34401,114,95,19,19
34402,84,78,6,6
34403,51,58,-7,7
34404,96,81,15,15
34405,74,65,9,9
34406,64,68,-4,4
34407,79,71,8,8
34408,89,75,14,14
34409,150,133,17,17
34410,137,108,29,29
34411,62,59,3,3
34412,120,98,22,22
34413,75,57,18,18
34414,63,62,1,1
34415,144,134,10,10
34416,83,71,12,12
34417,71,92,-21,21
34418,125,114,11,11
34419,71,66,5,5
34420,90,85,5,5
34421,57,50,7,7
34422,68,70,-2,2
34423,117,98,19,19
34424,142,125,17,17
34425,95,81,14,14
34426,91,87,4,4
34427,86,82,4,4
34428,119,112,7,7
34429,71,74,-3,3
34430,97,82,15,15
34431,92,87,5,5
34432,86,84,2,2
34433,48,49,-1,1
34434,50,40,10,10
34435,105,126,-21,21
34436,105,98,7,7
34437,127,102,25,25
34438,108,98,10,10
34439,71,64,7,7
34440,73,70,3,3
34441,68,71,-3,3
34442,147,119,28,28
34443,142,128,14,14
34444,39,42,-3,3
34445,91,73,18,18
34446,79,76,3,3
34447,84,71,13,13
34448,123,115,8,8
34449,63,65,-2,2
34450,196,162,34,34
34451,161,144,17,17
34452,152,114,38,38
34453,144,120,24,24
34454,96,89,7,7
34455,125,112,13,13
34456,82,71,11,11
34457,128,106,22,22
34458,160,144,16,16
34459,43,44,-1,1
34460,68,65,3,3
34461,108,80,28,28
34462,74,67,7,7
34463,52,53,-1,1
34464,107,106,1,1
34465,64,66,-2,2
34466,89,78,11,11
34467,85,67,18,18
34468,73,71,2,2
34469,177,163,14,14
34470,111,97,14,14
34471,67,70,-3,3
34472,76,67,9,9
34473,152,122,30,30
34474,90,84,6,6
34475,79,72,7,7
34476,99,94,5,5
34477,78,68,10,10
34478,131,114,17,17
34479,100,84,16,16
34480,74,75,-1,1
34481,99,90,9,9
34482,135,119,16,16
34483,104,98,6,6
34484,67,59,8,8
34485,102,83,19,19
34486,48,47,1,1
34487,243,206,37,37
34488,97,86,11,11
34489,112,99,13,13
34490,118,111,7,7
34491,77,75,2,2
34492,73,59,14,14
34493,99,91,8,8
34494,60,74,-14,14
34495,155,135,20,20
34496,125,110,15,15
34497,202,156,46,46
34498,82,82,0,0
34499,100,86,14,14
34500,78,70,8,8
34501,59,63,-4,4
34502,48,54,-6,6
34503,121,112,9,9
34504,128,112,16,16
34505,96,94,2,2
34506,133,110,23,23
34507,107,96,11,11
34508,106,89,17,17
34509,111,114,-3,3
34510,48,66,-18,18
34511,79,80,-1,1
34512,121,100,21,21
34513,147,127,20,20
34514,113,103,10,10
34515,58,55,3,3
34516,93,76,17,17
34517,109,98,11,11
34518,85,82,3,3
34519,69,70,-1,1
34520,70,66,4,4
34521,81,81,0,0
34522,47,44,3,3
34523,121,102,19,19
34524,151,119,32,32
34525,80,76,4,4
34526,60,53,7,7
34527,133,114,19,19
34528,65,64,1,1
34529,162,143,19,19
34530,73,64,9,9
34531,108,90,18,18
34532,87,77,10,10
34533,101,96,5,5
34534,90,83,7,7
34535,130,131,-1,1
34536,133,113,20,20
34537,139,122,17,17
34538,95,91,4,4
34539,96,87,9,9
34540,66,63,3,3
34541,69,68,1,1
34542,69,64,5,5
34543,86,75,11,11
34544,95,88,7,7
34545,91,79,12,12
34546,189,148,41,41
34547,109,97,12,12
34548,63,59,4,4
34549,156,139,17,17
34550,64,58,6,6
34551,117,101,16,16
34552,55,50,5,5
34553,115,109,6,6
34554,103,86,17,17
34555,155,132,23,23
34556,78,73,5,5
34557,159,146,13,13
34558,73,62,11,11
34559,188,160,28,28
34560,150,134,16,16
34561,103,86,17,17
34562,80,76,4,4
34563,92,85,7,7
34564,121,110,11,11
34565,113,104,9,9
34566,106,93,13,13
34567,72,60,12,12
34568,120,105,15,15
34569,49,51,-2,2
34570,124,116,8,8
34571,82,76,6,6
34572,145,148,-3,3
34573,61,55,6,6
34574,108,94,14,14
34575,53,53,0,0
34576,117,100,17,17
34577,88,82,6,6
34578,122,88,34,34
34579,56,53,3,3
34580,161,136,25,25
34581,115,100,15,15
34582,100,92,8,8
34583,149,135,14,14
34584,126,107,19,19
34585,74,74,0,0
34586,124,107,17,17
34587,101,89,12,12
34588,83,88,-5,5
34589,105,91,14,14
34590,143,124,19,19
34591,153,128,25,25
34592,54,53,1,1
34593,52,47,5,5
34594,87,78,9,9
34595,63,59,4,4
34596,84,82,2,2
34597,96,85,11,11
34598,59,62,-3,3
34599,141,119,22,22
34600,121,101,20,20
34601,21,33,-12,12
34602,93,80,13,13
34603,126,114,12,12
34604,91,82,9,9
34605,126,109,17,17
34606,79,69,10,10
34607,133,122,11,11
34608,72,70,2,2
34609,117,92,25,25
34610,51,57,-6,6
34611,92,82,10,10
34612,78,76,2,2
34613,70,68,2,2
34614,77,72,5,5
34615,94,79,15,15
34616,75,70,5,5
34617,93,87,6,6
34618,75,62,13,13
34619,149,131,18,18
34620,99,92,7,7
34621,94,94,0,0
34622,98,83,15,15
34623,68,64,4,4
34624,101,128,-27,27
34625,115,97,18,18
34626,87,76,11,11
34627,100,102,-2,2
34628,80,81,-1,1
34629,133,113,20,20
34630,54,52,2,2
34631,164,142,22,22
34632,98,87,11,11
34633,75,71,4,4
34634,77,65,12,12
34635,126,110,16,16
34636,124,107,17,17
34637,89,83,6,6
34638,77,73,4,4
34639,162,132,30,30
34640,129,104,25,25
34641,126,112,14,14
34642,90,76,14,14
34643,145,128,17,17
34644,59,64,-5,5
34645,79,69,10,10
34646,100,83,17,17
34647,136,117,19,19
34648,53,58,-5,5
34649,109,93,16,16
34650,79,72,7,7
34651,111,98,13,13
34652,172,126,46,46
34653,142,128,14,14
34654,81,72,9,9
34655,100,89,11,11
34656,71,66,5,5
34657,37,41,-4,4
34658,91,81,10,10
34659,85,76,9,9
34660,96,88,8,8
34661,96,86,10,10
34662,72,62,10,10
34663,58,56,2,2
34664,128,121,7,7
34665,90,74,16,16
34666,79,72,7,7
34667,57,49,8,8
34668,164,126,38,38
34669,147,107,40,40
34670,42,48,-6,6
34671,92,94,-2,2
34672,73,70,3,3
34673,80,75,5,5
34674,82,73,9,9
34675,82,78,4,4
34676,124,108,16,16
34677,87,86,1,1
34678,93,86,7,7
34679,151,121,30,30
34680,88,78,10,10
34681,99,84,15,15
34682,104,95,9,9
34683,80,74,6,6
34684,91,77,14,14
34685,116,120,-4,4
34686,136,114,22,22
34687,76,99,-23,23
34688,125,119,6,6
34689,99,84,15,15
34690,112,109,3,3
34691,103,103,0,0
34692,152,131,21,21
34693,122,105,17,17
34694,74,66,8,8
34695,106,96,10,10
34696,76,66,10,10
34697,59,59,0,0
34698,100,109,-9,9
34699,58,57,1,1
34700,69,66,3,3
34701,120,118,2,2
34702,74,68,6,6
34703,55,52,3,3
34704,89,80,9,9
34705,79,73,6,6
34706,137,127,10,10
34707,81,76,5,5
34708,64,73,-9,9
34709,170,148,22,22
34710,69,65,4,4
34711,72,64,8,8
34712,73,66,7,7
34713,66,66,0,0
34714,114,101,13,13
34715,96,96,0,0
34716,67,63,4,4
34717,83,76,7,7
34718,72,63,9,9
34719,150,133,17,17
34720,56,49,7,7
34721,66,64,2,2
34722,53,58,-5,5
34723,169,136,33,33
34724,66,64,2,2
34725,105,102,3,3
34726,101,91,10,10
34727,78,75,3,3
34728,130,115,15,15
34729,140,120,20,20
34730,91,96,-5,5
34731,89,72,17,17
34732,73,67,6,6
34733,111,98,13,13
34734,111,103,8,8
34735,154,129,25,25
34736,56,53,3,3
34737,136,116,20,20
34738,101,83,18,18
34739,120,110,10,10
34740,62,52,10,10
34741,105,96,9,9
34742,76,72,4,4
34743,161,144,17,17
34744,88,85,3,3
34745,51,51,0,0
34746,108,99,9,9
34747,101,90,11,11
34748,74,68,6,6
34749,189,145,44,44
34750,46,44,2,2
34751,58,57,1,1
34752,100,81,19,19
34753,171,131,40,40
34754,45,44,1,1
34755,87,68,19,19
34756,57,54,3,3
34757,137,111,26,26
34758,72,66,6,6
34759,115,100,15,15
34760,98,87,11,11
34761,58,58,0,0
34762,87,97,-10,10
34763,79,70,9,9
34764,79,68,11,11
34765,67,61,6,6
34766,32,35,-3,3
34767,76,71,5,5
34768,80,65,15,15
34769,106,84,22,22
34770,54,59,-5,5
34771,75,73,2,2
34772,149,129,20,20
34773,110,90,20,20
34774,106,99,7,7
34775,130,117,13,13
34776,49,49,0,0
34777,119,114,5,5
34778,75,72,3,3
34779,89,81,8,8
34780,63,56,7,7
34781,64,49,15,15
34782,116,103,13,13
34783,79,64,15,15
34784,92,88,4,4
34785,70,69,1,1
34786,120,105,15,15
34787,165,141,24,24
34788,187,169,18,18
34789,82,72,10,10
34790,53,63,-10,10
34791,88,79,9,9
34792,75,66,9,9
34793,66,57,9,9
34794,80,73,7,7
34795,113,94,19,19
34796,48,42,6,6
34797,52,45,7,7
34798,169,143,26,26
34799,100,98,2,2
34800,71,74,-3,3
34801,103,104,-1,1
34802,127,112,15,15
34803,132,120,12,12
34804,136,121,15,15
34805,67,55,12,12
34806,127,116,11,11
34807,142,128,14,14
34808,114,105,9,9
34809,71,72,-1,1
34810,77,71,6,6
34811,86,87,-1,1
34812,166,130,36,36
34813,116,102,14,14
34814,42,40,2,2
34815,91,77,14,14
34816,81,70,11,11
34817,109,94,15,15
34818,164,145,19,19
34819,119,108,11,11
34820,79,68,11,11
34821,122,106,16,16
34822,67,62,5,5
34823,96,84,12,12
34824,81,73,8,8
34825,110,76,34,34
34826,142,123,19,19
34827,30,37,-7,7
34828,102,90,12,12
34829,128,105,23,23
34830,127,121,6,6
34831,55,82,-27,27
34832,125,137,-12,12
34833,85,83,2,2
34834,82,77,5,5
34835,99,96,3,3
34836,142,128,14,14
34837,99,98,1,1
34838,96,94,2,2
34839,87,92,-5,5
34840,76,68,8,8
34841,95,94,1,1
34842,61,59,2,2
34843,58,60,-2,2
34844,88,81,7,7
34845,87,89,-2,2
34846,89,80,9,9
34847,100,85,15,15
34848,87,81,6,6
34849,86,78,8,8
34850,43,51,-8,8
34851,33,36,-3,3
34852,97,86,11,11
34853,130,109,21,21
34854,149,123,26,26
34855,139,114,25,25
34856,71,69,2,2
34857,53,60,-7,7
34858,69,59,10,10
34859,114,91,23,23
34860,60,64,-4,4
34861,53,54,-1,1
34862,80,70,10,10
34863,75,60,15,15
34864,101,106,-5,5
34865,147,130,17,17
34866,100,84,16,16
34867,112,107,5,5
34868,61,58,3,3
34869,68,63,5,5
34870,41,55,-14,14
34871,72,69,3,3
34872,69,72,-3,3
34873,135,110,25,25
34874,112,102,10,10
34875,63,55,8,8
34876,83,73,10,10
34877,74,71,3,3
34878,85,86,-1,1
34879,91,76,15,15
34880,150,131,19,19
34881,96,84,12,12
34882,61,77,-16,16
34883,51,64,-13,13
34884,61,58,3,3
34885,143,143,0,0
34886,64,63,1,1
34887,59,55,4,4
34888,67,74,-7,7
34889,65,73,-8,8
34890,142,118,24,24
34891,66,62,4,4
34892,73,74,-1,1
34893,107,95,12,12
34894,112,89,23,23
34895,104,95,9,9
34896,46,46,0,0
34897,83,69,14,14
34898,89,78,11,11
34899,73,59,14,14
34900,59,56,3,3
34901,59,54,5,5
34902,112,97,15,15
34903,75,73,2,2
34904,68,67,1,1
34905,80,84,-4,4
34906,70,73,-3,3
34907,77,73,4,4
34908,49,47,2,2
34909,91,80,11,11
34910,65,57,8,8
34911,77,69,8,8
34912,130,110,20,20
34913,77,70,7,7
34914,175,159,16,16
34915,103,102,1,1
34916,79,70,9,9
34917,74,64,10,10
34918,98,96,2,2
34919,111,100,11,11
34920,105,106,-1,1
34921,106,98,8,8
34922,43,42,1,1
34923,91,89,2,2
34924,88,81,7,7
34925,121,104,17,17
34926,111,94,17,17
34927,65,63,2,2
34928,63,56,7,7
34929,91,90,1,1
34930,70,68,2,2
34931,117,96,21,21
34932,56,59,-3,3
34933,153,136,17,17
34934,135,120,15,15
34935,66,60,6,6
34936,97,91,6,6
34937,94,91,3,3
34938,79,73,6,6
34939,89,75,14,14
34940,117,100,17,17
34941,50,48,2,2
34942,172,157,15,15
34943,71,71,0,0
34944,94,85,9,9
34945,146,133,13,13
34946,57,54,3,3
34947,91,86,5,5
34948,44,44,0,0
34949,124,111,13,13
34950,117,96,21,21
34951,93,79,14,14
34952,100,92,8,8
34953,167,138,29,29
34954,97,87,10,10
34955,117,101,16,16
34956,142,120,22,22
34957,62,58,4,4
34958,99,92,7,7
34959,83,77,6,6
34960,61,64,-3,3
34961,80,78,2,2
34962,85,73,12,12
34963,102,92,10,10
34964,127,119,8,8
34965,123,113,10,10
34966,117,101,16,16
34967,102,104,-2,2
34968,100,87,13,13
34969,105,92,13,13
34970,116,90,26,26
34971,104,102,2,2
34972,70,63,7,7
34973,71,70,1,1
34974,59,65,-6,6
34975,86,76,10,10
34976,121,92,29,29
34977,104,88,16,16
34978,93,80,13,13
34979,78,72,6,6
34980,124,106,18,18
34981,83,79,4,4
34982,126,112,14,14
34983,91,82,9,9
34984,89,92,-3,3
34985,79,68,11,11
34986,110,100,10,10
34987,80,73,7,7
34988,116,105,11,11
34989,133,108,25,25
34990,91,90,1,1
34991,94,79,15,15
34992,160,131,29,29
34993,107,104,3,3
34994,61,63,-2,2
34995,74,60,14,14
34996,80,75,5,5
34997,50,51,-1,1
34998,98,90,8,8
34999,47,45,2,2
35000,63,76,-13,13
35001,92,87,5,5
35002,97,87,10,10
35003,101,94,7,7
35004,48,53,-5,5
35005,114,103,11,11
35006,106,96,10,10
35007,98,86,12,12
35008,133,119,14,14
35009,98,78,20,20
35010,41,42,-1,1
35011,85,78,7,7
35012,102,94,8,8
35013,97,81,16,16
35014,49,48,1,1
35015,50,54,-4,4
35016,86,84,2,2
35017,96,96,0,0
35018,110,92,18,18
35019,95,85,10,10
35020,89,74,15,15
35021,92,82,10,10
35022,109,91,18,18
35023,75,72,3,3
35024,61,50,11,11
35025,82,82,0,0
35026,88,84,4,4
35027,139,124,15,15
35028,67,74,-7,7
35029,106,97,9,9
35030,108,98,10,10
35031,80,79,1,1
35032,78,79,-1,1
35033,87,82,5,5
35034,57,55,2,2
35035,63,59,4,4
35036,105,85,20,20
35037,129,101,28,28
35038,65,58,7,7
35039,93,85,8,8
35040,50,45,5,5
35041,30,37,-7,7
35042,81,72,9,9
35043,55,62,-7,7
35044,76,68,8,8
35045,135,110,25,25
35046,55,55,0,0
35047,140,126,14,14
35048,92,78,14,14
35049,124,111,13,13
35050,100,94,6,6
35051,40,39,1,1
35052,50,44,6,6
35053,85,80,5,5
35054,87,87,0,0
35055,136,115,21,21
35056,65,65,0,0
35057,97,74,23,23
35058,80,71,9,9
35059,99,90,9,9
35060,69,66,3,3
35061,97,93,4,4
35062,65,59,6,6
35063,67,63,4,4
35064,108,96,12,12
35065,105,99,6,6
35066,98,81,17,17
35067,73,67,6,6
35068,87,78,9,9
35069,80,64,16,16
35070,115,109,6,6
35071,129,103,26,26
35072,62,60,2,2
35073,141,117,24,24
35074,165,140,25,25
35075,167,145,22,22
35076,128,103,25,25
35077,163,133,30,30
35078,49,57,-8,8
35079,73,76,-3,3
35080,117,143,-26,26
35081,182,147,35,35
35082,91,75,16,16
35083,73,71,2,2
35084,130,117,13,13
35085,92,83,9,9
35086,164,131,33,33
35087,100,101,-1,1
35088,106,100,6,6
35089,155,142,13,13
35090,84,78,6,6
35091,115,109,6,6
35092,74,70,4,4
35093,62,54,8,8
35094,76,72,4,4
35095,82,82,0,0
35096,116,97,19,19
35097,84,77,7,7
35098,61,64,-3,3
35099,155,128,27,27
35100,87,130,-43,43
35101,118,107,11,11
35102,126,116,10,10
35103,123,114,9,9
35104,72,71,1,1
35105,106,96,10,10
35106,119,101,18,18
35107,79,73,6,6
35108,70,79,-9,9
35109,129,105,24,24
35110,93,76,17,17
35111,98,80,18,18
35112,164,152,12,12
35113,110,103,7,7
35114,108,97,11,11
35115,79,71,8,8
35116,140,128,12,12
35117,81,81,0,0
35118,84,82,2,2
35119,64,56,8,8
35120,101,92,9,9
35121,65,65,0,0
35122,71,74,-3,3
35123,66,67,-1,1
35124,81,75,6,6
35125,82,86,-4,4
35126,101,98,3,3
35127,95,89,6,6
35128,95,90,5,5
35129,177,154,23,23
35130,148,139,9,9
35131,83,82,1,1
35132,79,70,9,9
35133,87,75,12,12
35134,120,106,14,14
35135,140,146,-6,6
35136,117,105,12,12
35137,88,81,7,7
35138,79,65,14,14
35139,89,83,6,6
35140,83,71,12,12
35141,79,87,-8,8
35142,118,105,13,13
35143,79,78,1,1
35144,95,80,15,15
35145,62,58,4,4
35146,67,67,0,0
35147,63,62,1,1
35148,99,80,19,19
35149,164,141,23,23
35150,71,58,13,13
35151,49,46,3,3
35152,88,80,8,8
35153,93,84,9,9
35154,90,80,10,10
35155,96,75,21,21
35156,91,84,7,7
35157,41,39,2,2
35158,94,86,8,8
35159,58,51,7,7
35160,87,81,6,6
35161,100,87,13,13
35162,117,106,11,11
35163,106,93,13,13
35164,65,69,-4,4
35165,126,114,12,12
35166,92,85,7,7
35167,78,79,-1,1
35168,98,87,11,11
35169,102,106,-4,4
35170,115,92,23,23
35171,93,81,12,12
35172,48,55,-7,7
35173,64,63,1,1
35174,168,156,12,12
35175,95,78,17,17
35176,125,110,15,15
35177,128,124,4,4
35178,137,107,30,30
35179,62,51,11,11
35180,76,69,7,7
35181,66,60,6,6
35182,50,53,-3,3
35183,98,86,12,12
35184,101,97,4,4
35185,77,71,6,6
35186,97,89,8,8
35187,116,99,17,17
35188,118,99,19,19
35189,157,140,17,17
35190,48,49,-1,1
35191,86,81,5,5
35192,79,87,-8,8
35193,93,80,13,13
35194,58,55,3,3
35195,65,61,4,4
35196,203,164,39,39
35197,59,56,3,3
35198,103,89,14,14
35199,35,36,-1,1
35200,95,91,4,4
35201,89,82,7,7
35202,122,103,19,19
35203,97,86,11,11
35204,84,75,9,9
35205,146,115,31,31
35206,129,105,24,24
35207,76,77,-1,1
35208,79,73,6,6
35209,92,83,9,9
35210,82,66,16,16
35211,111,94,17,17
35212,88,76,12,12
35213,155,134,21,21
35214,75,64,11,11
35215,109,95,14,14
35216,64,56,8,8
35217,76,67,9,9
35218,114,106,8,8
35219,84,73,11,11
35220,90,79,11,11
35221,49,48,1,1
35222,103,96,7,7
35223,140,123,17,17
35224,64,58,6,6
35225,171,156,15,15
35226,89,79,10,10
35227,57,60,-3,3
35228,99,71,28,28
35229,62,60,2,2
35230,191,160,31,31
35231,108,89,19,19
35232,116,101,15,15
35233,157,132,25,25
35234,98,100,-2,2
35235,167,154,13,13
35236,89,75,14,14
35237,65,64,1,1
35238,103,94,9,9
35239,107,94,13,13
35240,66,58,8,8
35241,137,119,18,18
35242,68,60,8,8
35243,64,57,7,7
35244,137,117,20,20
35245,101,91,10,10
35246,120,102,18,18
35247,99,93,6,6
35248,58,60,-2,2
35249,93,88,5,5
35250,48,63,-15,15
35251,96,108,-12,12
35252,68,65,3,3
35253,95,91,4,4
35254,117,97,20,20
35255,61,64,-3,3
35256,122,112,10,10
35257,77,80,-3,3
35258,69,71,-2,2
35259,105,90,15,15
35260,126,112,14,14
35261,67,57,10,10
35262,122,108,14,14
35263,96,83,13,13
35264,188,153,35,35
35265,72,56,16,16
35266,122,105,17,17
35267,53,55,-2,2
35268,49,56,-7,7
35269,131,107,24,24
35270,118,93,25,25
35271,68,58,10,10
35272,84,82,2,2
35273,80,78,2,2
35274,95,97,-2,2
35275,54,51,3,3
35276,80,77,3,3
35277,55,56,-1,1
35278,50,44,6,6
35279,141,126,15,15
35280,118,101,17,17
35281,64,62,2,2
35282,132,108,24,24
35283,81,71,10,10
35284,49,44,5,5
35285,86,78,8,8
35286,107,97,10,10
35287,123,109,14,14
35288,109,90,19,19
35289,121,106,15,15
35290,89,87,2,2
35291,57,58,-1,1
35292,123,104,19,19
35293,102,97,5,5
35294,143,117,26,26
35295,57,54,3,3
35296,84,73,11,11
35297,73,63,10,10
35298,124,111,13,13
35299,86,73,13,13
35300,128,112,16,16
35301,146,117,29,29
35302,92,79,13,13
35303,68,71,-3,3
35304,88,83,5,5
35305,147,132,15,15
35306,134,122,12,12
35307,91,85,6,6
35308,137,119,18,18
35309,130,118,12,12
35310,103,91,12,12
35311,78,83,-5,5
35312,85,74,11,11
35313,57,54,3,3
35314,159,130,29,29
35315,80,78,2,2
35316,113,110,3,3
35317,152,125,27,27
35318,163,135,28,28
35319,137,107,30,30
35320,116,106,10,10
35321,144,122,22,22
35322,61,63,-2,2
35323,158,134,24,24
35324,120,132,-12,12
35325,64,64,0,0
35326,106,91,15,15
35327,60,62,-2,2
35328,87,84,3,3
35329,72,60,12,12
35330,92,83,9,9
35331,164,136,28,28
35332,121,117,4,4
35333,63,62,1,1
35334,108,99,9,9
35335,70,62,8,8
35336,66,69,-3,3
35337,81,117,-36,36
35338,84,77,7,7
35339,69,65,4,4
35340,161,145,16,16
35341,73,66,7,7
35342,62,56,6,6
35343,66,65,1,1
35344,80,77,3,3
35345,110,111,-1,1
35346,145,123,22,22
35347,32,51,-19,19
35348,62,65,-3,3
35349,191,167,24,24
35350,84,77,7,7
35351,96,81,15,15
35352,87,71,16,16
35353,54,54,0,0
35354,85,78,7,7
35355,118,103,15,15
35356,52,48,4,4
35357,102,79,23,23
35358,66,65,1,1
35359,151,136,15,15
35360,129,126,3,3
35361,61,54,7,7
35362,102,98,4,4
35363,88,84,4,4
35364,61,64,-3,3
35365,77,79,-2,2
35366,79,74,5,5
35367,110,93,17,17
35368,96,84,12,12
35369,74,66,8,8
35370,120,106,14,14
35371,134,113,21,21
35372,66,61,5,5
35373,61,54,7,7
35374,130,108,22,22
35375,60,61,-1,1
35376,66,63,3,3
35377,115,102,13,13
35378,99,86,13,13
35379,55,51,4,4
35380,104,87,17,17
35381,104,93,11,11
35382,97,92,5,5
35383,48,46,2,2
35384,51,53,-2,2
35385,51,41,10,10
35386,80,75,5,5
35387,57,52,5,5
35388,77,56,21,21
35389,128,110,18,18
35390,141,128,13,13
35391,77,69,8,8
35392,132,114,18,18
35393,110,97,13,13
35394,43,35,8,8
35395,110,105,5,5
35396,85,70,15,15
35397,92,89,3,3
35398,49,47,2,2
35399,69,63,6,6
35400,64,61,3,3
35401,82,70,12,12
35402,59,62,-3,3
35403,69,63,6,6
35404,66,62,4,4
35405,92,81,11,11
35406,101,80,21,21
35407,62,66,-4,4
35408,126,102,24,24
35409,119,108,11,11
35410,117,96,21,21
35411,162,138,24,24
35412,100,89,11,11
35413,107,105,2,2
35414,49,53,-4,4
35415,75,71,4,4
35416,85,76,9,9
35417,87,68,19,19
35418,58,50,8,8
35419,86,97,-11,11
35420,54,53,1,1
35421,149,130,19,19
35422,99,83,16,16
35423,118,106,12,12
35424,88,84,4,4
35425,128,132,-4,4
35426,121,109,12,12
35427,62,59,3,3
35428,32,34,-2,2
35429,152,128,24,24
35430,58,51,7,7
35431,77,77,0,0
35432,127,101,26,26
35433,109,94,15,15
35434,116,102,14,14
35435,83,78,5,5
35436,70,74,-4,4
35437,101,85,16,16
35438,70,63,7,7
35439,117,97,20,20
35440,93,89,4,4
35441,72,71,1,1
35442,131,118,13,13
35443,64,63,1,1
35444,160,139,21,21
35445,86,71,15,15
35446,84,80,4,4
35447,56,53,3,3
35448,94,80,14,14
35449,149,121,28,28
35450,128,105,23,23
35451,97,96,1,1
35452,178,150,28,28
35453,102,88,14,14
35454,53,52,1,1
35455,124,101,23,23
35456,79,77,2,2
35457,136,136,0,0
35458,71,73,-2,2
35459,54,48,6,6
35460,97,82,15,15
35461,72,72,0,0
35462,169,133,36,36
35463,80,71,9,9
35464,53,57,-4,4
35465,64,55,9,9
35466,52,50,2,2
35467,38,47,-9,9
35468,78,71,7,7
35469,160,79,81,81
35470,113,96,17,17
35471,90,85,5,5
35472,63,56,7,7
35473,79,75,4,4
35474,56,57,-1,1
35475,241,210,31,31
35476,68,65,3,3
35477,145,133,12,12
35478,69,62,7,7
35479,107,92,15,15
35480,79,75,4,4
35481,123,110,13,13
35482,97,82,15,15
35483,77,69,8,8
35484,66,124,-58,58
35485,83,75,8,8
35486,82,79,3,3
35487,78,74,4,4
35488,89,78,11,11
35489,76,61,15,15
35490,61,60,1,1
35491,116,100,16,16
35492,128,122,6,6
35493,130,119,11,11
35494,46,45,1,1
35495,105,94,11,11
35496,150,115,35,35
35497,156,141,15,15
35498,69,63,6,6
35499,89,79,10,10
35500,77,67,10,10
35501,123,111,12,12
35502,97,85,12,12
35503,87,74,13,13
35504,80,73,7,7
35505,79,74,5,5
35506,58,59,-1,1
35507,53,49,4,4
35508,105,98,7,7
35509,74,75,-1,1
35510,101,95,6,6
35511,56,55,1,1
35512,115,98,17,17
35513,141,132,9,9
35514,116,98,18,18
35515,47,45,2,2
35516,43,43,0,0
35517,80,78,2,2
35518,91,88,3,3
35519,75,81,-6,6
35520,114,92,22,22
35521,79,76,3,3
35522,106,89,17,17
35523,69,55,14,14
35524,87,70,17,17
35525,118,112,6,6
35526,84,78,6,6
35527,90,87,3,3
35528,97,83,14,14
35529,57,54,3,3
35530,132,119,13,13
35531,90,96,-6,6
35532,108,99,9,9
35533,132,111,21,21
35534,76,77,-1,1
35535,38,36,2,2
35536,52,52,0,0
35537,68,59,9,9
35538,141,127,14,14
35539,90,85,5,5
35540,72,62,10,10
35541,74,63,11,11
35542,89,79,10,10
35543,72,66,6,6
35544,78,56,22,22
35545,67,60,7,7
35546,94,83,11,11
35547,65,60,5,5
35548,75,67,8,8
35549,76,78,-2,2
35550,78,65,13,13
35551,70,69,1,1
35552,124,102,22,22
35553,123,107,16,16
35554,185,156,29,29
35555,126,98,28,28
35556,104,91,13,13
35557,79,73,6,6
35558,74,55,19,19
35559,82,75,7,7
35560,47,49,-2,2
35561,40,39,1,1
35562,102,93,9,9
35563,68,69,-1,1
35564,95,90,5,5
35565,111,94,17,17
35566,74,69,5,5
35567,63,65,-2,2
35568,118,102,16,16
35569,181,149,32,32
35570,63,62,1,1
35571,73,66,7,7
35572,76,73,3,3
35573,80,71,9,9
35574,99,92,7,7
35575,83,83,0,0
35576,48,45,3,3
35577,140,114,26,26
35578,101,94,7,7
35579,76,83,-7,7
35580,84,90,-6,6
35581,95,80,15,15
35582,60,58,2,2
35583,78,72,6,6
35584,125,110,15,15
35585,90,83,7,7
35586,99,88,11,11
35587,58,51,7,7
35588,128,115,13,13
35589,67,63,4,4
35590,96,100,-4,4
35591,96,82,14,14
35592,141,122,19,19
35593,77,76,1,1
35594,114,91,23,23
35595,86,76,10,10
35596,175,149,26,26
35597,129,112,17,17
35598,50,52,-2,2
35599,70,60,10,10
35600,224,181,43,43
35601,146,126,20,20
35602,81,71,10,10
35603,97,81,16,16
35604,118,114,4,4
35605,77,60,17,17
35606,73,65,8,8
35607,85,76,9,9
35608,102,90,12,12
35609,130,114,16,16
35610,133,121,12,12
35611,129,111,18,18
35612,80,72,8,8
35613,93,87,6,6
35614,91,78,13,13
35615,41,87,-46,46
35616,82,80,2,2
35617,67,61,6,6
35618,85,77,8,8
35619,75,72,3,3
35620,118,106,12,12
35621,118,90,28,28
35622,79,71,8,8
35623,63,58,5,5
35624,170,154,16,16
35625,73,70,3,3
35626,114,84,30,30
35627,154,144,10,10
35628,54,65,-11,11
35629,115,98,17,17
35630,49,111,-62,62
35631,99,93,6,6
35632,80,71,9,9
35633,152,139,13,13
35634,71,65,6,6
35635,118,128,-10,10
35636,106,89,17,17
35637,106,104,2,2
35638,173,138,35,35
35639,89,85,4,4
35640,65,61,4,4
35641,93,81,12,12
35642,109,98,11,11
35643,126,116,10,10
35644,143,144,-1,1
35645,127,117,10,10
35646,114,94,20,20
35647,84,82,2,2
35648,68,70,-2,2
35649,60,61,-1,1
35650,111,102,9,9
35651,127,122,5,5
35652,83,71,12,12
35653,98,89,9,9
35654,83,66,17,17
35655,77,74,3,3
35656,51,50,1,1
35657,88,84,4,4
35658,48,58,-10,10
35659,147,131,16,16
35660,66,76,-10,10
35661,100,85,15,15
35662,76,74,2,2
35663,59,55,4,4
35664,116,100,16,16
35665,61,60,1,1
35666,155,133,22,22
35667,99,94,5,5
35668,112,98,14,14
35669,70,53,17,17
35670,79,78,1,1
35671,96,90,6,6
35672,90,87,3,3
35673,104,88,16,16
35674,99,88,11,11
35675,81,79,2,2
35676,134,133,1,1
35677,126,115,11,11
35678,160,109,51,51
35679,75,68,7,7
35680,104,98,6,6
35681,150,121,29,29
35682,120,106,14,14
35683,90,82,8,8
35684,120,100,20,20
35685,142,123,19,19
35686,75,65,10,10
35687,102,81,21,21
35688,162,135,27,27
35689,74,68,6,6
35690,75,68,7,7
35691,99,90,9,9
35692,130,116,14,14
35693,53,47,6,6
35694,127,118,9,9
35695,103,85,18,18
35696,94,83,11,11
35697,76,81,-5,5
35698,83,78,5,5
35699,195,157,38,38
35700,58,65,-7,7
35701,51,57,-6,6
35702,153,131,22,22
35703,190,158,32,32
35704,87,79,8,8
35705,96,87,9,9
35706,100,83,17,17
35707,74,68,6,6
35708,67,62,5,5
35709,124,111,13,13
35710,74,64,10,10
35711,111,90,21,21
35712,93,103,-10,10
35713,107,88,19,19
35714,70,56,14,14
35715,154,134,20,20
35716,125,101,24,24
35717,107,88,19,19
35718,69,80,-11,11
35719,101,95,6,6
35720,95,79,16,16
35721,96,80,16,16
35722,85,76,9,9
35723,70,87,-17,17
35724,68,60,8,8
35725,61,57,4,4
35726,155,139,16,16
35727,58,60,-2,2
35728,72,66,6,6
35729,47,48,-1,1
35730,98,92,6,6
35731,145,121,24,24
35732,52,54,-2,2
35733,120,96,24,24
35734,78,69,9,9
35735,56,54,2,2
35736,89,86,3,3
35737,82,78,4,4
35738,104,97,7,7
35739,128,124,4,4
35740,159,127,32,32
35741,79,78,1,1
35742,109,95,14,14
35743,120,108,12,12
35744,79,89,-10,10
35745,73,59,14,14
35746,64,52,12,12
35747,97,80,17,17
35748,135,103,32,32
35749,81,82,-1,1
35750,91,81,10,10
35751,58,50,8,8
35752,78,66,12,12
35753,77,68,9,9
35754,47,41,6,6
35755,167,140,27,27
35756,65,78,-13,13
35757,152,133,19,19
35758,159,138,21,21
35759,89,99,-10,10
35760,205,175,30,30
35761,108,92,16,16
35762,101,86,15,15
35763,129,115,14,14
35764,123,110,13,13
35765,90,81,9,9
35766,138,117,21,21
35767,105,86,19,19
35768,93,80,13,13
35769,129,106,23,23
35770,110,89,21,21
35771,86,89,-3,3
35772,72,74,-2,2
35773,122,107,15,15
35774,37,40,-3,3
35775,173,153,20,20
35776,97,78,19,19
35777,45,43,2,2
35778,97,75,22,22
35779,85,83,2,2
35780,83,80,3,3
35781,105,90,15,15
35782,138,120,18,18
35783,98,82,16,16
35784,128,106,22,22
35785,94,76,18,18
35786,131,101,30,30
35787,67,67,0,0
35788,176,151,25,25
35789,116,102,14,14
35790,116,113,3,3
35791,80,53,27,27
35792,84,74,10,10
35793,69,70,-1,1
35794,165,147,18,18
35795,55,62,-7,7
35796,123,112,11,11
35797,117,110,7,7
35798,81,66,15,15
35799,86,76,10,10
35800,185,157,28,28
35801,104,98,6,6
35802,89,83,6,6
35803,85,74,11,11
35804,156,127,29,29
35805,72,64,8,8
35806,95,75,20,20
35807,86,72,14,14
35808,72,63,9,9
35809,168,132,36,36
35810,42,42,0,0
35811,93,89,4,4
35812,103,83,20,20
35813,83,77,6,6
35814,137,119,18,18
35815,117,113,4,4
35816,77,77,0,0
35817,79,83,-4,4
35818,121,104,17,17
35819,110,106,4,4
35820,101,88,13,13
35821,88,89,-1,1
35822,91,80,11,11
35823,166,137,29,29
35824,63,57,6,6
35825,92,85,7,7
35826,138,112,26,26
35827,110,101,9,9
35828,151,134,17,17
35829,121,117,4,4
35830,73,67,6,6
35831,77,67,10,10
35832,197,172,25,25
35833,94,73,21,21
35834,67,66,1,1
35835,147,114,33,33
35836,92,102,-10,10
35837,138,122,16,16
35838,71,76,-5,5
35839,93,81,12,12
35840,115,99,16,16
35841,90,78,12,12
35842,137,115,22,22
35843,136,126,10,10
35844,63,59,4,4
35845,68,64,4,4
35846,105,94,11,11
35847,61,56,5,5
35848,75,71,4,4
35849,120,109,11,11
35850,145,130,15,15
35851,106,93,13,13
35852,171,141,30,30
35853,87,84,3,3
35854,112,90,22,22
35855,75,72,3,3
35856,84,80,4,4
35857,55,50,5,5
35858,57,55,2,2
35859,71,63,8,8
35860,150,126,24,24
35861,42,43,-1,1
35862,95,85,10,10
35863,100,94,6,6
35864,77,65,12,12
35865,134,129,5,5
35866,100,79,21,21
35867,117,108,9,9
35868,74,99,-25,25
35869,106,90,16,16
35870,121,103,18,18
35871,115,98,17,17
35872,137,119,18,18
35873,80,75,5,5
35874,81,78,3,3
35875,50,54,-4,4
35876,60,63,-3,3
35877,143,113,30,30
35878,80,84,-4,4
35879,72,66,6,6
35880,74,67,7,7
35881,125,111,14,14
35882,111,93,18,18
35883,99,89,10,10
35884,72,66,6,6
35885,84,71,13,13
35886,52,47,5,5
35887,54,50,4,4
35888,63,58,5,5
35889,101,87,14,14
35890,65,51,14,14
35891,74,75,-1,1
35892,141,126,15,15
35893,84,78,6,6
35894,156,123,33,33
35895,105,90,15,15
35896,130,109,21,21
35897,74,69,5,5
35898,97,97,0,0
35899,111,103,8,8
35900,65,64,1,1
35901,124,107,17,17
35902,80,74,6,6
35903,93,83,10,10
35904,122,106,16,16
35905,84,85,-1,1
35906,92,87,5,5
35907,52,70,-18,18
35908,86,86,0,0
35909,69,70,-1,1
35910,114,98,16,16
35911,68,61,7,7
35912,123,115,8,8
35913,104,108,-4,4
35914,119,98,21,21
35915,123,97,26,26
35916,99,84,15,15
35917,117,118,-1,1
35918,94,90,4,4
35919,126,111,15,15
35920,148,122,26,26
35921,112,93,19,19
35922,168,153,15,15
35923,81,71,10,10
35924,100,89,11,11
35925,78,73,5,5
35926,109,98,11,11
35927,120,102,18,18
35928,119,111,8,8
35929,83,98,-15,15
35930,138,120,18,18
35931,63,63,0,0
35932,63,53,10,10
35933,88,75,13,13
35934,50,49,1,1
35935,171,144,27,27
35936,111,88,23,23
35937,154,136,18,18
35938,131,104,27,27
35939,110,93,17,17
35940,74,70,4,4
35941,116,111,5,5
35942,112,102,10,10
35943,89,82,7,7
35944,109,103,6,6
35945,68,63,5,5
35946,77,72,5,5
35947,69,63,6,6
35948,54,57,-3,3
35949,74,67,7,7
35950,140,123,17,17
35951,92,74,18,18
35952,47,48,-1,1
35953,49,55,-6,6
35954,72,67,5,5
35955,79,77,2,2
35956,45,50,-5,5
35957,53,55,-2,2
35958,114,105,9,9
35959,64,65,-1,1
35960,63,54,9,9
35961,113,93,20,20
35962,103,88,15,15
35963,109,94,15,15
35964,94,84,10,10
35965,65,60,5,5
35966,94,81,13,13
35967,142,129,13,13
35968,38,39,-1,1
35969,91,92,-1,1
35970,86,76,10,10
35971,150,129,21,21
35972,66,62,4,4
35973,68,60,8,8
35974,62,55,7,7
35975,53,47,6,6
35976,53,49,4,4
35977,117,102,15,15
35978,89,83,6,6
35979,96,76,20,20
35980,109,100,9,9
35981,100,90,10,10
35982,132,110,22,22
35983,125,111,14,14
35984,47,43,4,4
35985,76,85,-9,9
35986,80,75,5,5
35987,108,120,-12,12
35988,72,68,4,4
35989,79,72,7,7
35990,103,91,12,12
35991,93,83,10,10
35992,90,76,14,14
35993,76,70,6,6
35994,88,79,9,9
35995,70,65,5,5
35996,162,129,33,33
35997,86,73,13,13
35998,62,58,4,4
35999,78,71,7,7
36000,51,47,4,4
36001,131,100,31,31
36002,81,72,9,9
36003,100,93,7,7
36004,107,95,12,12
36005,71,68,3,3
36006,99,86,13,13
36007,128,107,21,21
36008,102,94,8,8
36009,111,108,3,3
36010,114,105,9,9
36011,145,122,23,23
36012,123,98,25,25
36013,64,61,3,3
36014,138,120,18,18
36015,120,114,6,6
36016,96,86,10,10
36017,143,125,18,18
36018,79,73,6,6
36019,139,130,9,9
36020,124,106,18,18
36021,76,76,0,0
36022,67,65,2,2
36023,65,69,-4,4
36024,62,59,3,3
36025,184,161,23,23
36026,102,92,10,10
36027,60,58,2,2
36028,79,81,-2,2
36029,63,60,3,3
36030,70,54,16,16
36031,91,89,2,2
36032,68,67,1,1
36033,86,85,1,1
36034,97,98,-1,1
36035,78,79,-1,1
36036,110,89,21,21
36037,94,78,16,16
36038,68,75,-7,7
36039,150,129,21,21
36040,81,71,10,10
36041,58,57,1,1
36042,48,47,1,1
36043,76,69,7,7
36044,102,88,14,14
36045,74,70,4,4
36046,60,57,3,3
36047,75,76,-1,1
36048,92,79,13,13
36049,62,59,3,3
36050,91,86,5,5
36051,93,82,11,11
36052,146,133,13,13
36053,94,81,13,13
36054,88,81,7,7
36055,124,113,11,11
36056,92,86,6,6
36057,87,101,-14,14
36058,113,111,2,2
36059,99,86,13,13
36060,90,81,9,9
36061,95,80,15,15
36062,61,58,3,3
36063,139,114,25,25
36064,106,105,1,1
36065,42,43,-1,1
36066,95,89,6,6
36067,121,113,8,8
36068,130,125,5,5
36069,121,111,10,10
36070,74,67,7,7
36071,84,78,6,6
36072,70,64,6,6
36073,73,70,3,3
36074,116,97,19,19
36075,120,106,14,14
36076,151,127,24,24
36077,80,75,5,5
36078,90,84,6,6
36079,68,67,1,1
36080,102,91,11,11
36081,180,152,28,28
36082,44,73,-29,29
36083,170,148,22,22
36084,99,79,20,20
36085,130,111,19,19
36086,78,95,-17,17
36087,107,93,14,14
36088,93,90,3,3
36089,146,131,15,15
36090,97,83,14,14
36091,107,90,17,17
36092,116,100,16,16
36093,81,84,-3,3
36094,84,74,10,10
36095,88,91,-3,3
36096,77,62,15,15
36097,65,61,4,4
36098,158,131,27,27
36099,76,77,-1,1
36100,56,51,5,5
36101,119,110,9,9
36102,82,72,10,10
36103,52,57,-5,5
36104,44,46,-2,2
36105,122,99,23,23
36106,92,86,6,6
36107,87,79,8,8
36108,152,139,13,13
36109,97,88,9,9
36110,127,103,24,24
36111,61,60,1,1
36112,58,60,-2,2
36113,94,85,9,9
36114,123,108,15,15
36115,141,110,31,31
36116,61,63,-2,2
36117,151,148,3,3
36118,117,103,14,14
36119,88,80,8,8
36120,71,62,9,9
36121,131,120,11,11
36122,98,84,14,14
36123,54,54,0,0
36124,133,111,22,22
36125,68,59,9,9
36126,49,52,-3,3
36127,106,91,15,15
36128,144,121,23,23
36129,105,96,9,9
36130,59,50,9,9
36131,65,62,3,3
36132,136,115,21,21
36133,58,53,5,5
36134,49,46,3,3
36135,47,46,1,1
36136,87,80,7,7
36137,81,83,-2,2
36138,110,88,22,22
36139,119,104,15,15
36140,114,100,14,14
36141,77,65,12,12
36142,114,102,12,12
36143,112,102,10,10
36144,86,96,-10,10
36145,91,86,5,5
36146,136,111,25,25
36147,52,45,7,7
36148,85,81,4,4
36149,97,85,12,12
36150,151,127,24,24
36151,118,100,18,18
36152,156,122,34,34
36153,61,49,12,12
36154,107,94,13,13
36155,173,151,22,22
36156,86,82,4,4
36157,74,74,0,0
36158,90,77,13,13
36159,61,59,2,2
36160,112,104,8,8
36161,114,95,19,19
36162,86,82,4,4
36163,115,106,9,9
36164,128,112,16,16
36165,62,62,0,0
36166,81,78,3,3
36167,102,92,10,10
36168,104,96,8,8
36169,70,73,-3,3
36170,85,75,10,10
36171,59,58,1,1
36172,112,93,19,19
36173,141,133,8,8
36174,103,93,10,10
36175,89,81,8,8
36176,83,73,10,10
36177,54,50,4,4
36178,70,71,-1,1
36179,75,72,3,3
36180,124,108,16,16
36181,64,59,5,5
36182,137,114,23,23
36183,112,110,2,2
36184,60,66,-6,6
36185,103,97,6,6
36186,76,66,10,10
36187,100,80,20,20
36188,68,67,1,1
36189,72,75,-3,3
36190,52,51,1,1
36191,91,83,8,8
36192,57,53,4,4
36193,71,53,18,18
36194,99,93,6,6
36195,117,118,-1,1
36196,179,151,28,28
36197,109,95,14,14
36198,33,40,-7,7
36199,101,92,9,9
36200,105,89,16,16
36201,88,79,9,9
36202,152,142,10,10
36203,88,75,13,13
36204,140,115,25,25
36205,123,95,28,28
36206,129,113,16,16
36207,57,54,3,3
36208,53,49,4,4
36209,65,63,2,2
36210,72,66,6,6
36211,127,125,2,2
36212,62,64,-2,2
36213,47,49,-2,2
36214,101,92,9,9
36215,58,45,13,13
36216,90,86,4,4
36217,71,65,6,6
36218,148,121,27,27
36219,131,111,20,20
36220,173,157,16,16
36221,140,117,23,23
36222,88,81,7,7
36223,105,99,6,6
36224,129,107,22,22
36225,105,89,16,16
36226,113,112,1,1
36227,83,84,-1,1
36228,58,55,3,3
36229,59,56,3,3
36230,110,82,28,28
36231,106,99,7,7
36232,95,87,8,8
36233,101,81,20,20
36234,56,53,3,3
36235,134,121,13,13
36236,118,104,14,14
36237,114,94,20,20
36238,70,67,3,3
36239,68,68,0,0
36240,66,66,0,0
36241,92,78,14,14
36242,113,103,10,10
36243,108,94,14,14
36244,91,89,2,2
36245,146,133,13,13
36246,114,101,13,13
36247,103,95,8,8
36248,108,127,-19,19
36249,60,56,4,4
36250,62,58,4,4
36251,102,91,11,11
36252,110,104,6,6
36253,194,150,44,44
36254,53,54,-1,1
36255,102,90,12,12
36256,175,140,35,35
36257,66,58,8,8
36258,108,95,13,13
36259,112,96,16,16
36260,154,127,27,27
36261,121,112,9,9
36262,66,59,7,7
36263,84,76,8,8
36264,72,65,7,7
36265,97,82,15,15
36266,125,108,17,17
36267,53,48,5,5
36268,56,55,1,1
36269,139,127,12,12
36270,76,75,1,1
36271,98,85,13,13
36272,64,61,3,3
36273,102,89,13,13
36274,63,65,-2,2
36275,125,111,14,14
36276,133,103,30,30
36277,61,56,5,5
36278,57,54,3,3
36279,87,73,14,14
36280,65,63,2,2
36281,45,46,-1,1
36282,105,101,4,4
36283,123,102,21,21
36284,96,79,17,17
36285,146,134,12,12
36286,65,64,1,1
36287,93,83,10,10
36288,67,65,2,2
36289,112,83,29,29
36290,128,108,20,20
36291,78,73,5,5
36292,73,66,7,7
36293,89,79,10,10
36294,62,55,7,7
36295,127,120,7,7
36296,126,103,23,23
36297,80,72,8,8
36298,84,81,3,3
36299,85,94,-9,9
36300,65,61,4,4
36301,63,60,3,3
36302,42,44,-2,2
36303,84,75,9,9
36304,73,67,6,6
36305,50,44,6,6
36306,107,115,-8,8
36307,108,93,15,15
36308,65,64,1,1
36309,150,115,35,35
36310,101,88,13,13
36311,51,42,9,9
36312,74,65,9,9
36313,79,72,7,7
36314,117,96,21,21
36315,71,74,-3,3
36316,70,69,1,1
36317,75,67,8,8
36318,38,44,-6,6
36319,104,98,6,6
36320,97,86,11,11
36321,117,102,15,15
36322,78,69,9,9
36323,58,65,-7,7
36324,133,119,14,14
36325,51,50,1,1
36326,117,107,10,10
36327,82,68,14,14
36328,155,132,23,23
36329,102,98,4,4
36330,137,123,14,14
36331,85,74,11,11
36332,132,120,12,12
36333,35,38,-3,3
36334,72,67,5,5
36335,119,110,9,9
36336,90,79,11,11
36337,69,66,3,3
36338,76,74,2,2
36339,85,80,5,5
36340,114,94,20,20
36341,84,99,-15,15
36342,78,74,4,4
36343,55,57,-2,2
36344,102,94,8,8
36345,163,128,35,35
36346,69,66,3,3
36347,126,110,16,16
36348,43,36,7,7
36349,61,51,10,10
36350,54,54,0,0
36351,109,95,14,14
36352,102,105,-3,3
36353,80,76,4,4
36354,206,169,37,37
36355,51,49,2,2
36356,89,69,20,20
36357,72,74,-2,2
36358,127,113,14,14
36359,76,75,1,1
36360,107,94,13,13
36361,71,62,9,9
36362,66,58,8,8
36363,76,67,9,9
36364,184,149,35,35
36365,129,116,13,13
36366,55,55,0,0
36367,110,102,8,8
36368,75,73,2,2
36369,61,61,0,0
36370,136,115,21,21
36371,103,86,17,17
36372,115,110,5,5
36373,55,54,1,1
36374,113,96,17,17
36375,89,73,16,16
36376,121,98,23,23
36377,80,83,-3,3
36378,141,121,20,20
36379,150,146,4,4
36380,90,77,13,13
36381,73,70,3,3
36382,137,139,-2,2
36383,107,88,19,19
36384,86,77,9,9
36385,112,102,10,10
36386,46,53,-7,7
36387,72,69,3,3
36388,99,93,6,6
36389,63,61,2,2
36390,126,95,31,31
36391,64,57,7,7
36392,90,91,-1,1
36393,59,59,0,0
36394,66,53,13,13
36395,114,88,26,26
36396,102,88,14,14
36397,77,70,7,7
36398,90,72,18,18
36399,68,63,5,5
36400,78,66,12,12
36401,71,67,4,4
36402,49,50,-1,1
36403,83,75,8,8
36404,112,110,2,2
36405,102,99,3,3
36406,134,106,28,28
36407,57,55,2,2
36408,71,68,3,3
36409,163,143,20,20
36410,130,108,22,22
36411,123,118,5,5
36412,117,105,12,12
36413,78,71,7,7
36414,39,43,-4,4
36415,49,48,1,1
36416,57,55,2,2
36417,51,55,-4,4
36418,123,98,25,25
36419,92,84,8,8
36420,93,89,4,4
36421,77,71,6,6
36422,197,142,55,55
36423,112,102,10,10
36424,63,66,-3,3
36425,83,80,3,3
36426,68,79,-11,11
36427,105,91,14,14
36428,62,65,-3,3
36429,71,62,9,9
36430,91,81,10,10
36431,85,73,12,12
36432,197,175,22,22
36433,124,104,20,20
36434,119,103,16,16
36435,130,123,7,7
36436,81,70,11,11
36437,92,86,6,6
36438,71,65,6,6
36439,67,59,8,8
36440,99,84,15,15
36441,94,87,7,7
36442,114,109,5,5
36443,167,139,28,28
36444,120,99,21,21
36445,125,96,29,29
36446,70,58,12,12
36447,114,96,18,18
36448,95,84,11,11
36449,46,49,-3,3
36450,101,96,5,5
36451,61,56,5,5
36452,90,90,0,0
36453,67,128,-61,61
36454,157,128,29,29
36455,79,70,9,9
36456,105,92,13,13
36457,112,90,22,22
36458,89,84,5,5
36459,105,95,10,10
36460,124,103,21,21
36461,65,59,6,6
36462,73,67,6,6
36463,66,64,2,2
36464,61,61,0,0
36465,125,124,1,1
36466,122,117,5,5
36467,76,67,9,9
36468,90,87,3,3
36469,176,138,38,38
36470,62,63,-1,1
36471,139,123,16,16
36472,43,40,3,3
36473,67,66,1,1
36474,50,50,0,0
36475,66,58,8,8
36476,59,59,0,0
36477,81,68,13,13
36478,83,70,13,13
36479,92,82,10,10
36480,76,77,-1,1
36481,62,56,6,6
36482,64,71,-7,7
36483,92,90,2,2
36484,123,107,16,16
36485,84,67,17,17
36486,88,80,8,8
36487,58,58,0,0
36488,87,79,8,8
36489,73,67,6,6
36490,44,52,-8,8
36491,123,108,15,15
36492,76,65,11,11
36493,82,81,1,1
36494,84,76,8,8
36495,69,65,4,4
36496,80,78,2,2
36497,104,92,12,12
36498,81,75,6,6
36499,79,79,0,0
36500,90,95,-5,5
36501,105,92,13,13
36502,140,122,18,18
36503,85,80,5,5
36504,96,84,12,12
36505,102,92,10,10
36506,81,71,10,10
36507,117,98,19,19
36508,68,61,7,7
36509,79,74,5,5
36510,143,120,23,23
36511,66,54,12,12
36512,52,48,4,4
36513,109,88,21,21
36514,40,49,-9,9
36515,140,115,25,25
36516,115,101,14,14
36517,74,79,-5,5
36518,61,61,0,0
36519,66,64,2,2
36520,92,73,19,19
36521,48,67,-19,19
36522,116,102,14,14
36523,141,117,24,24
36524,113,95,18,18
36525,89,76,13,13
36526,139,112,27,27
36527,134,122,12,12
36528,152,133,19,19
36529,88,81,7,7
36530,93,85,8,8
36531,161,136,25,25
36532,90,85,5,5
36533,68,60,8,8
36534,148,121,27,27
36535,82,74,8,8
36536,96,82,14,14
36537,171,151,20,20
36538,96,97,-1,1
36539,66,64,2,2
36540,113,96,17,17
36541,78,76,2,2
36542,82,74,8,8
36543,61,57,4,4
36544,82,72,10,10
36545,99,98,1,1
36546,225,170,55,55
36547,81,72,9,9
36548,62,56,6,6
36549,66,64,2,2
36550,44,55,-11,11
36551,74,80,-6,6
36552,83,73,10,10
36553,109,96,13,13
36554,51,54,-3,3
36555,121,107,14,14
36556,83,67,16,16
36557,81,83,-2,2
36558,53,54,-1,1
36559,73,77,-4,4
36560,109,90,19,19
36561,151,136,15,15
36562,115,101,14,14
36563,122,102,20,20
36564,116,105,11,11
36565,107,92,15,15
36566,109,91,18,18
36567,72,67,5,5
36568,43,44,-1,1
36569,78,69,9,9
36570,127,104,23,23
36571,50,49,1,1
36572,96,83,13,13
36573,53,54,-1,1
36574,37,40,-3,3
36575,94,79,15,15
36576,56,60,-4,4
36577,27,34,-7,7
36578,38,47,-9,9
36579,109,102,7,7
36580,109,98,11,11
36581,70,69,1,1
36582,60,60,0,0
36583,82,85,-3,3
36584,67,63,4,4
36585,67,64,3,3
36586,78,67,11,11
36587,62,67,-5,5
36588,49,51,-2,2
36589,109,91,18,18
36590,88,83,5,5
36591,81,85,-4,4
36592,82,82,0,0
36593,90,79,11,11
36594,79,74,5,5
36595,97,81,16,16
36596,75,75,0,0
36597,104,88,16,16
36598,84,81,3,3
36599,146,128,18,18
36600,62,56,6,6
36601,104,100,4,4
36602,106,99,7,7
36603,92,84,8,8
36604,92,82,10,10
36605,92,87,5,5
36606,71,66,5,5
36607,91,85,6,6
36608,87,76,11,11
36609,79,86,-7,7
36610,86,91,-5,5
36611,128,103,25,25
36612,186,163,23,23
36613,138,115,23,23
36614,89,74,15,15
36615,168,141,27,27
36616,46,46,0,0
36617,93,83,10,10
36618,72,70,2,2
36619,110,93,17,17
36620,99,81,18,18
36621,51,47,4,4
36622,93,88,5,5
36623,99,88,11,11
36624,126,110,16,16
36625,64,63,1,1
36626,209,172,37,37
36627,102,90,12,12
36628,98,90,8,8
36629,79,65,14,14
36630,85,83,2,2
36631,64,59,5,5
36632,83,74,9,9
36633,121,92,29,29
36634,111,94,17,17
36635,72,66,6,6
36636,97,82,15,15
36637,96,80,16,16
36638,64,61,3,3
36639,128,111,17,17
36640,34,37,-3,3
36641,124,92,32,32
36642,84,72,12,12
36643,132,113,19,19
36644,55,53,2,2
36645,118,104,14,14
36646,47,46,1,1
36647,74,66,8,8
36648,75,66,9,9
36649,93,87,6,6
36650,171,133,38,38
36651,81,76,5,5
36652,62,61,1,1
36653,81,72,9,9
36654,83,69,14,14
36655,65,60,5,5
36656,61,58,3,3
36657,83,79,4,4
36658,102,91,11,11
36659,78,69,9,9
36660,85,76,9,9
36661,122,103,19,19
36662,60,56,4,4
36663,151,138,13,13
36664,72,70,2,2
36665,93,84,9,9
36666,99,89,10,10
36667,95,91,4,4
36668,105,92,13,13
36669,83,64,19,19
36670,128,120,8,8
36671,76,96,-20,20
36672,114,95,19,19
36673,125,116,9,9
36674,88,78,10,10
36675,117,112,5,5
36676,54,51,3,3
36677,102,92,10,10
36678,60,50,10,10
36679,47,61,-14,14
36680,76,66,10,10
36681,53,52,1,1
36682,83,80,3,3
36683,148,139,9,9
36684,101,89,12,12
36685,126,108,18,18
36686,124,173,-49,49
36687,114,103,11,11
36688,74,74,0,0
36689,83,85,-2,2
36690,109,92,17,17
36691,89,88,1,1
36692,76,72,4,4
36693,53,55,-2,2
36694,78,71,7,7
36695,60,57,3,3
36696,136,119,17,17
36697,42,52,-10,10
36698,126,105,21,21
36699,99,98,1,1
36700,96,90,6,6
36701,45,45,0,0
36702,77,67,10,10
36703,167,133,34,34
36704,102,117,-15,15
36705,92,87,5,5
36706,61,56,5,5
36707,138,117,21,21
36708,117,116,1,1
36709,127,107,20,20
36710,92,71,21,21
36711,83,77,6,6
36712,69,64,5,5
36713,189,155,34,34
36714,89,73,16,16
36715,154,134,20,20
36716,78,74,4,4
36717,92,83,9,9
36718,151,140,11,11
36719,138,130,8,8
36720,73,66,7,7
36721,152,135,17,17
36722,122,107,15,15
36723,71,59,12,12
36724,118,105,13,13
36725,93,75,18,18
36726,104,92,12,12
36727,85,73,12,12
36728,91,79,12,12
36729,50,47,3,3
36730,102,82,20,20
36731,120,108,12,12
36732,111,94,17,17
36733,71,70,1,1
36734,57,48,9,9
36735,161,111,50,50
36736,53,47,6,6
36737,122,123,-1,1
36738,125,114,11,11
36739,83,73,10,10
36740,74,74,0,0
36741,78,71,7,7
36742,51,50,1,1
36743,167,123,44,44
36744,78,73,5,5
36745,207,172,35,35
36746,120,107,13,13
36747,142,130,12,12
36748,71,74,-3,3
36749,144,111,33,33
36750,55,48,7,7
36751,75,62,13,13
36752,113,107,6,6
36753,100,102,-2,2
36754,56,55,1,1
36755,137,113,24,24
36756,92,84,8,8
36757,142,122,20,20
36758,114,102,12,12
36759,47,48,-1,1
36760,61,54,7,7
36761,130,110,20,20
36762,68,68,0,0
36763,72,77,-5,5
36764,39,39,0,0
36765,116,109,7,7
36766,135,114,21,21
36767,121,104,17,17
36768,126,108,18,18
36769,115,112,3,3
36770,92,81,11,11
36771,137,112,25,25
36772,67,62,5,5
36773,58,50,8,8
36774,74,72,2,2
36775,66,49,17,17
36776,70,60,10,10
36777,89,96,-7,7
36778,85,86,-1,1
36779,77,71,6,6
36780,54,50,4,4
36781,103,95,8,8
36782,45,50,-5,5
36783,35,49,-14,14
36784,84,102,-18,18
36785,61,67,-6,6
36786,114,97,17,17
36787,47,48,-1,1
36788,86,77,9,9
36789,92,89,3,3
36790,61,53,8,8
36791,96,86,10,10
36792,48,44,4,4
36793,115,113,2,2
36794,209,169,40,40
36795,89,81,8,8
36796,63,53,10,10
36797,68,66,2,2
36798,88,89,-1,1
36799,63,68,-5,5
36800,121,118,3,3
36801,146,143,3,3
36802,64,57,7,7
36803,75,69,6,6
36804,118,112,6,6
36805,121,112,9,9
36806,87,75,12,12
36807,80,73,7,7
36808,80,77,3,3
36809,107,88,19,19
36810,137,122,15,15
36811,96,79,17,17
36812,74,66,8,8
36813,90,75,15,15
36814,70,60,10,10
36815,45,44,1,1
36816,63,53,10,10
36817,122,105,17,17
36818,80,71,9,9
36819,91,85,6,6
36820,241,193,48,48
36821,49,47,2,2
36822,115,112,3,3
36823,136,92,44,44
36824,87,69,18,18
36825,90,95,-5,5
36826,86,74,12,12
36827,126,110,16,16
36828,63,73,-10,10
36829,68,63,5,5
36830,83,69,14,14
36831,101,90,11,11
36832,82,102,-20,20
36833,105,101,4,4
36834,141,131,10,10
36835,67,67,0,0
36836,29,35,-6,6
36837,96,90,6,6
36838,69,61,8,8
36839,62,59,3,3
36840,68,68,0,0
36841,96,78,18,18
36842,122,114,8,8
36843,109,104,5,5
36844,83,72,11,11
36845,127,106,21,21
36846,115,116,-1,1
36847,95,84,11,11
36848,64,57,7,7
36849,80,75,5,5
36850,285,247,38,38
36851,88,79,9,9
36852,154,109,45,45
36853,163,137,26,26
36854,68,100,-32,32
36855,72,72,0,0
36856,184,163,21,21
36857,87,75,12,12
36858,58,56,2,2
36859,110,106,4,4
36860,62,64,-2,2
36861,53,45,8,8
36862,158,143,15,15
36863,87,94,-7,7
36864,70,72,-2,2
36865,72,68,4,4
36866,141,112,29,29
36867,94,83,11,11
36868,48,54,-6,6
36869,56,52,4,4
36870,169,140,29,29
36871,81,95,-14,14
36872,71,65,6,6
36873,97,79,18,18
36874,73,69,4,4
36875,90,85,5,5
36876,122,105,17,17
36877,68,55,13,13
36878,128,105,23,23
36879,68,64,4,4
36880,128,118,10,10
36881,80,73,7,7
36882,76,64,12,12
36883,131,126,5,5
36884,96,90,6,6
36885,118,113,5,5
36886,112,93,19,19
36887,174,147,27,27
36888,44,37,7,7
36889,92,88,4,4
36890,66,62,4,4
36891,90,84,6,6
36892,144,126,18,18
36893,110,92,18,18
36894,164,129,35,35
36895,85,73,12,12
36896,87,89,-2,2
36897,126,129,-3,3
36898,70,65,5,5
36899,111,100,11,11
36900,56,52,4,4
36901,50,51,-1,1
36902,93,87,6,6
36903,66,63,3,3
36904,77,69,8,8
36905,59,55,4,4
36906,95,90,5,5
36907,79,70,9,9
36908,84,77,7,7
36909,81,73,8,8
36910,118,95,23,23
36911,62,56,6,6
36912,113,105,8,8
36913,89,72,17,17
36914,109,92,17,17
36915,157,135,22,22
36916,144,143,1,1
36917,113,92,21,21
36918,136,112,24,24
36919,55,47,8,8
36920,100,116,-16,16
36921,127,102,25,25
36922,137,120,17,17
36923,77,68,9,9
36924,75,69,6,6
36925,96,90,6,6
36926,183,153,30,30
36927,100,87,13,13
36928,66,57,9,9
36929,87,81,6,6
36930,76,72,4,4
36931,79,89,-10,10
36932,84,76,8,8
36933,101,87,14,14
36934,110,102,8,8
36935,97,87,10,10
36936,55,54,1,1
36937,94,79,15,15
36938,65,64,1,1
36939,78,70,8,8
36940,69,64,5,5
36941,171,146,25,25
36942,78,72,6,6
36943,58,55,3,3
36944,79,72,7,7
36945,90,75,15,15
36946,43,40,3,3
36947,80,87,-7,7
36948,121,115,6,6
36949,186,150,36,36
36950,87,80,7,7
36951,25,33,-8,8
36952,77,76,1,1
36953,111,99,12,12
36954,60,55,5,5
36955,70,69,1,1
36956,145,120,25,25
36957,83,77,6,6
36958,87,71,16,16
36959,79,70,9,9
36960,110,99,11,11
36961,70,61,9,9
36962,157,134,23,23
36963,95,85,10,10
36964,62,62,0,0
36965,83,77,6,6
36966,64,59,5,5
36967,240,200,40,40
36968,77,73,4,4
36969,171,139,32,32
36970,111,101,10,10
36971,98,81,17,17
36972,60,57,3,3
36973,94,86,8,8
36974,117,100,17,17
36975,113,104,9,9
36976,149,144,5,5
36977,84,77,7,7
36978,50,51,-1,1
36979,109,108,1,1
36980,77,82,-5,5
36981,125,110,15,15
36982,74,77,-3,3
36983,80,74,6,6
36984,70,67,3,3
36985,79,73,6,6
36986,125,98,27,27
36987,102,81,21,21
36988,72,65,7,7
36989,99,92,7,7
36990,73,76,-3,3
36991,104,88,16,16
36992,99,86,13,13
36993,97,81,16,16
36994,135,120,15,15
36995,80,78,2,2
36996,146,129,17,17
36997,59,60,-1,1
36998,95,89,6,6
36999,159,127,32,32
37000,73,61,12,12
37001,94,84,10,10
37002,159,124,35,35
37003,178,143,35,35
37004,58,52,6,6
37005,88,76,12,12
37006,88,83,5,5
37007,81,80,1,1
37008,79,67,12,12
37009,54,51,3,3
37010,88,78,10,10
37011,75,65,10,10
37012,101,82,19,19
37013,89,76,13,13
37014,51,54,-3,3
37015,121,108,13,13
37016,110,104,6,6
37017,99,82,17,17
37018,63,62,1,1
37019,113,103,10,10
37020,137,125,12,12
37021,114,111,3,3
37022,87,78,9,9
37023,176,134,42,42
37024,136,116,20,20
37025,104,91,13,13
37026,131,137,-6,6
37027,100,103,-3,3
37028,110,103,7,7
37029,54,47,7,7
37030,99,91,8,8
37031,55,57,-2,2
37032,141,116,25,25
37033,142,123,19,19
37034,125,99,26,26
37035,114,111,3,3
37036,121,108,13,13
37037,138,114,24,24
37038,66,70,-4,4
37039,108,94,14,14
37040,137,116,21,21
37041,57,53,4,4
37042,97,94,3,3
37043,114,93,21,21
37044,124,135,-11,11
37045,66,65,1,1
37046,51,48,3,3
37047,162,132,30,30
37048,161,138,23,23
37049,116,101,15,15
37050,111,101,10,10
37051,143,125,18,18
37052,41,46,-5,5
37053,97,79,18,18
37054,49,50,-1,1
37055,156,133,23,23
37056,48,46,2,2
37057,82,72,10,10
37058,58,53,5,5
37059,81,70,11,11
37060,81,75,6,6
37061,68,60,8,8
37062,120,111,9,9
37063,28,35,-7,7
37064,84,88,-4,4
37065,96,88,8,8
37066,79,73,6,6
37067,446,367,79,79
37068,132,118,14,14
37069,131,112,19,19
37070,60,67,-7,7
37071,78,67,11,11
37072,113,102,11,11
37073,67,61,6,6
37074,83,74,9,9
37075,77,62,15,15
37076,82,75,7,7
37077,60,57,3,3
37078,112,100,12,12
37079,124,106,18,18
37080,150,120,30,30
37081,87,79,8,8
37082,129,107,22,22
37083,151,128,23,23
37084,36,40,-4,4
37085,100,91,9,9
37086,57,95,-38,38
37087,108,103,5,5
37088,78,77,1,1
37089,72,61,11,11
37090,69,76,-7,7
37091,108,100,8,8
37092,87,75,12,12
37093,51,60,-9,9
37094,48,46,2,2
37095,98,99,-1,1
37096,31,50,-19,19
37097,140,108,32,32
37098,74,64,10,10
37099,95,92,3,3
37100,87,76,11,11
37101,120,111,9,9
37102,83,70,13,13
37103,81,87,-6,6
37104,75,70,5,5
37105,87,80,7,7
37106,145,128,17,17
37107,98,83,15,15
37108,52,44,8,8
37109,83,75,8,8
37110,55,66,-11,11
37111,110,105,5,5
37112,125,118,7,7
37113,87,72,15,15
37114,101,91,10,10
37115,81,66,15,15
37116,143,125,18,18
37117,218,185,33,33
37118,79,67,12,12
37119,97,81,16,16
37120,58,57,1,1
37121,116,110,6,6
37122,76,64,12,12
37123,94,85,9,9
37124,79,83,-4,4
37125,60,54,6,6
37126,103,98,5,5
37127,51,46,5,5
37128,113,95,18,18
37129,83,91,-8,8
37130,121,109,12,12
37131,87,68,19,19
37132,152,131,21,21
37133,97,86,11,11
37134,169,148,21,21
37135,73,78,-5,5
37136,141,132,9,9
37137,88,72,16,16
37138,75,147,-72,72
37139,78,71,7,7
37140,114,98,16,16
37141,95,76,19,19
37142,100,98,2,2
37143,94,86,8,8
37144,62,61,1,1
37145,75,95,-20,20
37146,91,87,4,4
37147,155,123,32,32
37148,82,71,11,11
37149,120,106,14,14
37150,154,128,26,26
37151,45,43,2,2
37152,69,64,5,5
37153,70,68,2,2
37154,129,117,12,12
37155,83,72,11,11
37156,102,84,18,18
37157,34,36,-2,2
37158,84,72,12,12
37159,93,81,12,12
37160,173,139,34,34
37161,81,78,3,3
37162,112,110,2,2
37163,141,123,18,18
37164,117,102,15,15
37165,87,85,2,2
37166,89,94,-5,5
37167,138,126,12,12
37168,77,75,2,2
37169,71,71,0,0
37170,108,99,9,9
37171,84,75,9,9
37172,90,92,-2,2
37173,156,131,25,25
37174,90,85,5,5
37175,91,83,8,8
37176,64,58,6,6
37177,66,63,3,3
37178,59,49,10,10
37179,124,103,21,21
37180,49,45,4,4
37181,108,98,10,10
37182,83,76,7,7
37183,115,91,24,24
37184,59,58,1,1
37185,51,62,-11,11
37186,90,79,11,11
37187,77,82,-5,5
37188,59,49,10,10
37189,100,90,10,10
37190,138,115,23,23
37191,237,193,44,44
37192,71,66,5,5
37193,51,47,4,4
37194,160,148,12,12
37195,162,119,43,43
37196,121,107,14,14
37197,122,104,18,18
37198,64,56,8,8
37199,78,66,12,12
37200,107,119,-12,12
37201,102,97,5,5
37202,74,76,-2,2
37203,90,91,-1,1
37204,65,55,10,10
37205,85,80,5,5
37206,88,82,6,6
37207,95,89,6,6
37208,92,84,8,8
37209,148,116,32,32
37210,89,79,10,10
37211,63,60,3,3
37212,98,80,18,18
37213,74,67,7,7
37214,69,64,5,5
37215,58,57,1,1
37216,148,124,24,24
37217,75,73,2,2
37218,128,114,14,14
37219,63,69,-6,6
37220,113,88,25,25
37221,88,86,2,2
37222,68,57,11,11
37223,98,87,11,11
37224,79,76,3,3
37225,69,67,2,2
37226,284,228,56,56
37227,76,69,7,7
37228,98,91,7,7
37229,73,71,2,2
37230,135,118,17,17
37231,71,62,9,9
37232,85,73,12,12
37233,58,59,-1,1
37234,110,100,10,10
37235,63,60,3,3
37236,91,85,6,6
37237,72,69,3,3
37238,111,121,-10,10
37239,75,63,12,12
37240,127,113,14,14
37241,157,128,29,29
37242,136,121,15,15
37243,66,59,7,7
37244,53,52,1,1
37245,76,73,3,3
37246,76,65,11,11
37247,123,119,4,4
37248,90,82,8,8
37249,62,58,4,4
37250,93,103,-10,10
37251,150,122,28,28
37252,114,100,14,14
37253,99,78,21,21
37254,85,75,10,10
37255,68,58,10,10
37256,54,49,5,5
37257,64,60,4,4
37258,126,115,11,11
37259,52,52,0,0
37260,119,100,19,19
37261,112,100,12,12
37262,257,211,46,46
37263,75,71,4,4
37264,58,50,8,8
37265,87,78,9,9
37266,50,45,5,5
37267,79,75,4,4
37268,142,118,24,24
37269,122,113,9,9
37270,69,66,3,3
37271,82,71,11,11
37272,83,79,4,4
37273,87,76,11,11
37274,132,117,15,15
37275,110,111,-1,1
37276,98,79,19,19
37277,93,83,10,10
37278,112,108,4,4
37279,101,84,17,17
37280,97,91,6,6
37281,111,106,5,5
37282,53,52,1,1
37283,78,87,-9,9
37284,104,90,14,14
37285,86,74,12,12
37286,109,97,12,12
37287,136,116,20,20
37288,113,117,-4,4
37289,53,55,-2,2
37290,85,69,16,16
37291,142,115,27,27
37292,141,122,19,19
37293,87,80,7,7
37294,79,71,8,8
37295,171,140,31,31
37296,104,99,5,5
37297,91,109,-18,18
37298,70,63,7,7
37299,93,89,4,4
37300,115,105,10,10
37301,49,43,6,6
37302,115,93,22,22
37303,85,74,11,11
37304,96,89,7,7
37305,112,97,15,15
37306,133,123,10,10
37307,114,99,15,15
37308,78,90,-12,12
37309,158,133,25,25
37310,73,64,9,9
37311,44,45,-1,1
37312,160,143,17,17
37313,114,106,8,8
37314,163,107,56,56
37315,113,97,16,16
37316,92,90,2,2
37317,35,39,-4,4
37318,135,117,18,18
37319,113,100,13,13
37320,105,90,15,15
37321,79,67,12,12
37322,130,108,22,22
37323,129,117,12,12
37324,81,78,3,3
37325,71,72,-1,1
37326,233,180,53,53
37327,79,78,1,1
37328,88,79,9,9
37329,121,115,6,6
37330,132,110,22,22
37331,179,150,29,29
37332,199,160,39,39
37333,133,112,21,21
37334,127,109,18,18
37335,71,71,0,0
37336,59,59,0,0
37337,92,86,6,6
37338,98,89,9,9
37339,93,75,18,18
37340,103,75,28,28
37341,114,110,4,4
37342,80,77,3,3
37343,84,76,8,8
37344,95,80,15,15
37345,141,123,18,18
37346,184,153,31,31
37347,138,105,33,33
37348,59,57,2,2
37349,172,148,24,24
37350,146,121,25,25
37351,72,70,2,2
37352,139,126,13,13
37353,108,97,11,11
37354,91,91,0,0
37355,38,35,3,3
37356,44,49,-5,5
37357,86,77,9,9
37358,68,69,-1,1
37359,68,58,10,10
37360,100,93,7,7
37361,135,112,23,23
37362,30,41,-11,11
37363,149,124,25,25
37364,93,85,8,8
37365,132,122,10,10
37366,61,56,5,5
37367,104,97,7,7
37368,119,105,14,14
37369,61,60,1,1
37370,79,73,6,6
37371,48,50,-2,2
37372,80,63,17,17
37373,145,150,-5,5
37374,65,66,-1,1
37375,68,64,4,4
37376,68,63,5,5
37377,78,77,1,1
37378,65,58,7,7
37379,98,84,14,14
37380,102,98,4,4
37381,115,91,24,24
37382,71,63,8,8
37383,63,63,0,0
37384,64,69,-5,5
37385,97,87,10,10
37386,102,83,19,19
37387,101,93,8,8
37388,34,35,-1,1
37389,70,66,4,4
37390,53,57,-4,4
37391,92,84,8,8
37392,83,79,4,4
37393,101,97,4,4
37394,76,69,7,7
37395,76,73,3,3
37396,111,95,16,16
37397,49,55,-6,6
37398,55,59,-4,4
37399,115,97,18,18
37400,126,111,15,15
37401,121,98,23,23
37402,145,121,24,24
37403,60,69,-9,9
37404,73,60,13,13
37405,63,61,2,2
37406,71,67,4,4
37407,81,76,5,5
37408,98,88,10,10
37409,138,126,12,12
37410,69,70,-1,1
37411,172,165,7,7
37412,57,63,-6,6
37413,119,101,18,18
37414,65,62,3,3
37415,54,53,1,1
37416,86,85,1,1
37417,116,106,10,10
37418,145,120,25,25
37419,102,97,5,5
37420,108,96,12,12
37421,63,59,4,4
37422,125,108,17,17
37423,90,83,7,7
37424,139,131,8,8
37425,94,84,10,10
37426,86,80,6,6
37427,44,51,-7,7
37428,89,87,2,2
37429,82,74,8,8
37430,114,93,21,21
37431,60,55,5,5
37432,103,93,10,10
37433,58,49,9,9
37434,108,104,4,4
37435,140,131,9,9
37436,160,138,22,22
37437,54,52,2,2
37438,106,89,17,17
37439,140,126,14,14
37440,101,93,8,8
37441,120,106,14,14
37442,118,104,14,14
37443,116,102,14,14
37444,108,96,12,12
37445,205,184,21,21
37446,192,162,30,30
37447,97,88,9,9
37448,59,56,3,3
37449,60,61,-1,1
37450,51,48,3,3
37451,48,44,4,4
37452,118,103,15,15
37453,209,172,37,37
37454,64,61,3,3
37455,76,76,0,0
37456,130,113,17,17
37457,83,77,6,6
37458,69,71,-2,2
37459,66,54,12,12
37460,81,82,-1,1
37461,116,120,-4,4
37462,91,87,4,4
37463,178,159,19,19
37464,148,146,2,2
37465,160,141,19,19
37466,116,115,1,1
37467,87,85,2,2
37468,93,87,6,6
37469,71,67,4,4
37470,121,105,16,16
37471,85,67,18,18
37472,75,72,3,3
37473,101,91,10,10
37474,72,68,4,4
37475,60,57,3,3
37476,102,86,16,16
37477,111,95,16,16
37478,81,81,0,0
37479,75,83,-8,8
37480,107,100,7,7
37481,75,73,2,2
37482,67,69,-2,2
37483,126,114,12,12
37484,106,99,7,7
37485,126,113,13,13
37486,104,98,6,6
37487,65,68,-3,3
37488,92,84,8,8
37489,78,67,11,11
37490,127,109,18,18
37491,88,82,6,6
37492,35,49,-14,14
37493,87,81,6,6
37494,53,58,-5,5
37495,108,98,10,10
37496,89,83,6,6
37497,79,71,8,8
37498,79,79,0,0
37499,138,106,32,32
37500,92,78,14,14
37501,84,76,8,8
37502,65,60,5,5
37503,74,69,5,5
37504,147,127,20,20
37505,96,90,6,6
37506,124,108,16,16
37507,84,81,3,3
37508,118,104,14,14
37509,80,71,9,9
37510,89,88,1,1
37511,154,141,13,13
37512,96,100,-4,4
37513,73,75,-2,2
37514,218,169,49,49
37515,108,96,12,12
37516,156,134,22,22
37517,56,59,-3,3
37518,105,91,14,14
37519,103,114,-11,11
37520,98,91,7,7
37521,161,143,18,18
37522,150,120,30,30
37523,50,49,1,1
37524,99,87,12,12
37525,62,59,3,3
37526,102,92,10,10
37527,86,76,10,10
37528,81,74,7,7
37529,51,54,-3,3
37530,100,85,15,15
37531,74,66,8,8
37532,65,53,12,12
37533,95,86,9,9
37534,99,89,10,10
37535,84,83,1,1
37536,114,92,22,22
37537,99,83,16,16
37538,58,50,8,8
37539,49,43,6,6
37540,119,99,20,20
37541,83,78,5,5
37542,96,93,3,3
37543,70,69,1,1
37544,108,97,11,11
37545,128,103,25,25
37546,75,67,8,8
37547,72,65,7,7
37548,88,71,17,17
37549,71,64,7,7
37550,103,87,16,16
37551,109,94,15,15
37552,77,75,2,2
37553,74,67,7,7
37554,105,89,16,16
37555,56,47,9,9
37556,95,83,12,12
37557,152,125,27,27
37558,62,58,4,4
37559,128,112,16,16
37560,108,89,19,19
37561,58,59,-1,1
37562,144,112,32,32
37563,109,91,18,18
37564,66,58,8,8
37565,114,103,11,11
37566,150,117,33,33
37567,98,84,14,14
37568,151,128,23,23
37569,73,66,7,7
37570,84,76,8,8
37571,126,111,15,15
37572,50,52,-2,2
37573,101,103,-2,2
37574,56,56,0,0
37575,95,88,7,7
37576,65,61,4,4
37577,141,111,30,30
37578,94,83,11,11
37579,67,67,0,0
37580,55,54,1,1
37581,65,60,5,5
37582,52,62,-10,10
37583,95,80,15,15
37584,158,134,24,24
37585,106,34,72,72
37586,101,88,13,13
37587,96,83,13,13
37588,132,120,12,12
37589,91,79,12,12
37590,80,74,6,6
37591,209,172,37,37
37592,71,74,-3,3
37593,94,91,3,3
37594,93,82,11,11
37595,103,96,7,7
37596,69,70,-1,1
37597,190,168,22,22
37598,92,83,9,9
37599,105,88,17,17
37600,69,69,0,0
37601,54,62,-8,8
37602,59,55,4,4
37603,82,78,4,4
37604,84,78,6,6
37605,30,51,-21,21
37606,150,123,27,27
37607,65,59,6,6
37608,88,77,11,11
37609,80,72,8,8
37610,174,149,25,25
37611,134,137,-3,3
37612,82,72,10,10
37613,77,64,13,13
37614,65,65,0,0
37615,49,48,1,1
37616,95,90,5,5
37617,67,63,4,4
37618,69,62,7,7
37619,125,119,6,6
37620,124,117,7,7
37621,81,76,5,5
37622,93,82,11,11
37623,148,112,36,36
37624,158,129,29,29
37625,107,96,11,11
37626,138,113,25,25
37627,106,97,9,9
37628,102,98,4,4
37629,151,135,16,16
37630,103,97,6,6
37631,77,66,11,11
37632,139,122,17,17
37633,122,107,15,15
37634,86,71,15,15
37635,85,76,9,9
37636,76,63,13,13
37637,115,96,19,19
37638,137,112,25,25
37639,113,109,4,4
37640,155,124,31,31
37641,66,71,-5,5
37642,75,65,10,10
37643,120,108,12,12
37644,116,92,24,24
37645,152,134,18,18
37646,56,54,2,2
37647,205,161,44,44
37648,96,90,6,6
37649,101,85,16,16
37650,100,91,9,9
37651,94,81,13,13
37652,130,112,18,18
37653,61,72,-11,11
37654,123,105,18,18
37655,111,108,3,3
37656,136,128,8,8
37657,166,138,28,28
37658,85,83,2,2
37659,99,90,9,9
37660,58,57,1,1
37661,98,84,14,14
37662,88,71,17,17
37663,164,129,35,35
37664,67,61,6,6
37665,112,89,23,23
37666,105,93,12,12
37667,151,125,26,26
37668,80,65,15,15
37669,121,114,7,7
37670,179,135,44,44
37671,151,133,18,18
37672,116,105,11,11
37673,93,82,11,11
37674,96,86,10,10
37675,112,114,-2,2
37676,45,43,2,2
37677,100,89,11,11
37678,71,75,-4,4
37679,72,62,10,10
37680,124,105,19,19
37681,54,46,8,8
37682,135,115,20,20
37683,125,106,19,19
37684,125,95,30,30
37685,104,104,0,0
37686,76,69,7,7
37687,106,120,-14,14
37688,76,69,7,7
37689,87,81,6,6
37690,146,125,21,21
37691,91,77,14,14
37692,72,78,-6,6
37693,149,132,17,17
37694,82,73,9,9
37695,157,127,30,30
37696,138,112,26,26
37697,122,108,14,14
37698,105,95,10,10
37699,88,76,12,12
37700,157,154,3,3
37701,108,89,19,19
37702,94,82,12,12
37703,102,97,5,5
37704,51,58,-7,7
37705,84,80,4,4
37706,67,74,-7,7
37707,128,107,21,21
37708,130,113,17,17
37709,165,138,27,27
37710,100,102,-2,2
37711,121,117,4,4
37712,74,71,3,3
37713,58,53,5,5
37714,88,89,-1,1
37715,105,100,5,5
37716,116,103,13,13
37717,103,87,16,16
37718,101,93,8,8
37719,108,105,3,3
37720,75,81,-6,6
37721,106,99,7,7
37722,69,68,1,1
37723,87,82,5,5
37724,68,71,-3,3
37725,51,50,1,1
37726,61,58,3,3
37727,110,99,11,11
37728,104,91,13,13
37729,70,63,7,7
37730,47,50,-3,3
37731,69,75,-6,6
37732,48,55,-7,7
37733,92,82,10,10
37734,116,103,13,13
37735,94,88,6,6
37736,79,75,4,4
37737,116,118,-2,2
37738,133,123,10,10
37739,70,70,0,0
37740,153,133,20,20
37741,41,80,-39,39
37742,73,68,5,5
37743,109,101,8,8
37744,145,116,29,29
37745,106,98,8,8
37746,89,73,16,16
37747,69,73,-4,4
37748,73,71,2,2
37749,61,59,2,2
37750,127,110,17,17
37751,104,95,9,9
37752,103,93,10,10
37753,107,90,17,17
37754,116,105,11,11
37755,66,69,-3,3
37756,130,115,15,15
37757,102,86,16,16
37758,102,93,9,9
37759,72,73,-1,1
37760,98,84,14,14
37761,55,51,4,4
37762,90,89,1,1
37763,116,103,13,13
37764,64,66,-2,2
37765,113,95,18,18
37766,75,74,1,1
37767,75,84,-9,9
37768,119,105,14,14
37769,81,71,10,10
37770,74,67,7,7
37771,156,135,21,21
37772,93,84,9,9
37773,84,75,9,9
37774,118,125,-7,7
37775,70,62,8,8
37776,197,173,24,24
37777,57,54,3,3
37778,41,54,-13,13
37779,110,107,3,3
37780,94,83,11,11
37781,121,98,23,23
37782,77,74,3,3
37783,104,79,25,25
37784,98,85,13,13
37785,101,88,13,13
37786,65,70,-5,5
37787,140,116,24,24
37788,113,96,17,17
37789,103,83,20,20
37790,84,72,12,12
37791,75,67,8,8
37792,136,112,24,24
37793,123,109,14,14
37794,117,110,7,7
37795,107,91,16,16
37796,64,57,7,7
37797,61,59,2,2
37798,216,161,55,55
37799,94,89,5,5
37800,96,88,8,8
37801,83,95,-12,12
37802,42,46,-4,4
37803,93,92,1,1
37804,61,61,0,0
37805,101,77,24,24
37806,118,104,14,14
37807,100,93,7,7
37808,107,115,-8,8
37809,98,93,5,5
37810,64,56,8,8
37811,215,186,29,29
37812,127,110,17,17
37813,91,78,13,13
37814,113,116,-3,3
37815,82,77,5,5
37816,120,111,9,9
37817,72,66,6,6
37818,77,85,-8,8
37819,79,79,0,0
37820,67,67,0,0
37821,89,83,6,6
37822,54,54,0,0
37823,97,93,4,4
37824,82,74,8,8
37825,91,90,1,1
37826,83,73,10,10
37827,54,61,-7,7
37828,116,107,9,9
37829,80,79,1,1
37830,75,68,7,7
37831,187,167,20,20
37832,78,81,-3,3
37833,95,91,4,4
37834,87,79,8,8
37835,74,72,2,2
37836,67,61,6,6
37837,66,56,10,10
37838,78,67,11,11
37839,107,93,14,14
37840,59,50,9,9
37841,92,89,3,3
37842,41,50,-9,9
37843,130,110,20,20
37844,100,96,4,4
37845,88,76,12,12
37846,67,58,9,9
37847,100,81,19,19
37848,99,99,0,0
37849,69,64,5,5
37850,115,106,9,9
37851,116,101,15,15
37852,49,44,5,5
37853,91,87,4,4
37854,67,70,-3,3
37855,105,91,14,14
37856,137,123,14,14
37857,72,79,-7,7
37858,61,58,3,3
37859,86,76,10,10
37860,91,88,3,3
37861,85,77,8,8
37862,83,70,13,13
37863,68,57,11,11
37864,103,86,17,17
37865,106,88,18,18
37866,139,105,34,34
37867,115,108,7,7
37868,48,49,-1,1
37869,159,148,11,11
37870,61,54,7,7
37871,113,108,5,5
37872,101,92,9,9
37873,77,70,7,7
37874,134,121,13,13
37875,67,57,10,10
37876,106,94,12,12
37877,57,54,3,3
37878,95,91,4,4
37879,93,90,3,3
37880,95,77,18,18
37881,179,154,25,25
37882,153,152,1,1
37883,62,63,-1,1
37884,69,62,7,7
37885,165,148,17,17
37886,180,167,13,13
37887,87,77,10,10
37888,110,102,8,8
37889,116,109,7,7
37890,159,148,11,11
37891,99,93,6,6
37892,114,102,12,12
37893,102,83,19,19
37894,154,136,18,18
37895,91,83,8,8
37896,124,99,25,25
37897,91,80,11,11
37898,41,43,-2,2
37899,45,43,2,2
37900,71,79,-8,8
37901,76,71,5,5
37902,99,98,1,1
37903,111,94,17,17
37904,97,82,15,15
37905,124,100,24,24
37906,96,93,3,3
37907,79,73,6,6
37908,122,115,7,7
37909,115,90,25,25
37910,89,78,11,11
37911,73,67,6,6
37912,111,101,10,10
37913,89,85,4,4
37914,138,119,19,19
37915,100,99,1,1
37916,78,76,2,2
37917,83,79,4,4
37918,86,85,1,1
37919,135,125,10,10
37920,114,103,11,11
37921,56,56,0,0
37922,149,140,9,9
37923,81,74,7,7
37924,79,72,7,7
37925,103,92,11,11
37926,56,64,-8,8
37927,150,127,23,23
37928,78,73,5,5
37929,78,72,6,6
37930,41,43,-2,2
37931,121,98,23,23
37932,123,110,13,13
37933,76,79,-3,3
37934,103,90,13,13
37935,35,52,-17,17
37936,124,108,16,16
37937,55,57,-2,2
37938,88,80,8,8
37939,90,80,10,10
37940,120,88,32,32
37941,71,66,5,5
37942,79,77,2,2
37943,62,61,1,1
37944,86,78,8,8
37945,64,63,1,1
37946,131,129,2,2
37947,146,122,24,24
37948,86,73,13,13
37949,98,87,11,11
37950,183,141,42,42
37951,91,83,8,8
37952,77,69,8,8
37953,142,125,17,17
37954,79,71,8,8
37955,41,41,0,0
37956,105,98,7,7
37957,197,164,33,33
37958,115,102,13,13
37959,71,67,4,4
37960,140,130,10,10
37961,130,114,16,16
37962,83,75,8,8
37963,108,111,-3,3
37964,67,62,5,5
37965,70,75,-5,5
37966,93,87,6,6
37967,64,63,1,1
37968,98,104,-6,6
37969,115,104,11,11
37970,62,56,6,6
37971,88,82,6,6
37972,61,59,2,2
37973,198,161,37,37
37974,101,98,3,3
37975,66,60,6,6
37976,31,36,-5,5
37977,94,82,12,12
37978,93,93,0,0
37979,117,140,-23,23
37980,99,92,7,7
37981,36,37,-1,1
37982,76,72,4,4
37983,67,68,-1,1
37984,78,79,-1,1
37985,50,50,0,0
37986,55,45,10,10
37987,92,86,6,6
37988,94,80,14,14
37989,137,124,13,13
37990,102,91,11,11
37991,113,97,16,16
37992,89,76,13,13
37993,124,120,4,4
37994,82,74,8,8
37995,60,62,-2,2
37996,125,100,25,25
37997,78,77,1,1
37998,143,121,22,22
37999,142,128,14,14
38000,106,88,18,18
38001,124,103,21,21
38002,52,54,-2,2
38003,97,104,-7,7
38004,80,73,7,7
38005,107,103,4,4
38006,141,124,17,17
38007,57,54,3,3
38008,89,72,17,17
38009,104,103,1,1
38010,154,130,24,24
38011,76,82,-6,6
38012,95,75,20,20
38013,179,146,33,33
38014,64,69,-5,5
38015,119,100,19,19
38016,108,109,-1,1
38017,114,101,13,13
38018,92,83,9,9
38019,109,97,12,12
38020,139,127,12,12
38021,130,114,16,16
38022,112,96,16,16
38023,123,103,20,20
38024,125,107,18,18
38025,66,57,9,9
38026,77,81,-4,4
38027,87,79,8,8
38028,97,94,3,3
38029,56,50,6,6
38030,146,122,24,24
38031,71,67,4,4
38032,176,147,29,29
38033,96,81,15,15
38034,105,91,14,14
38035,127,111,16,16
38036,82,78,4,4
38037,137,133,4,4
38038,120,106,14,14
38039,82,73,9,9
38040,73,63,10,10
38041,78,66,12,12
38042,83,78,5,5
38043,83,75,8,8
38044,74,73,1,1
38045,81,74,7,7
38046,178,143,35,35
38047,96,97,-1,1
38048,48,51,-3,3
38049,74,76,-2,2
38050,143,118,25,25
38051,94,80,14,14
38052,142,127,15,15
38053,144,134,10,10
38054,114,103,11,11
38055,91,87,4,4
38056,127,115,12,12
38057,65,70,-5,5
38058,152,129,23,23
38059,106,94,12,12
38060,140,120,20,20
38061,96,93,3,3
38062,72,95,-23,23
38063,71,47,24,24
38064,116,100,16,16
38065,156,131,25,25
38066,57,52,5,5
38067,24,36,-12,12
38068,122,106,16,16
38069,118,101,17,17
38070,96,88,8,8
38071,86,75,11,11
38072,163,139,24,24
38073,60,61,-1,1
38074,80,69,11,11
38075,78,72,6,6
38076,82,73,9,9
38077,113,95,18,18
38078,104,101,3,3
38079,154,154,0,0
38080,34,42,-8,8
38081,111,104,7,7
38082,103,90,13,13
38083,88,78,10,10
38084,112,105,7,7
38085,115,99,16,16
38086,60,51,9,9
38087,150,127,23,23
38088,116,101,15,15
38089,80,71,9,9
38090,112,92,20,20
38091,116,104,12,12
38092,83,80,3,3
38093,161,132,29,29
38094,65,64,1,1
38095,74,71,3,3
38096,72,59,13,13
38097,185,144,41,41
38098,89,69,20,20
38099,90,81,9,9
38100,175,143,32,32
38101,96,82,14,14
38102,96,83,13,13
38103,111,102,9,9
38104,46,45,1,1
38105,105,107,-2,2
38106,69,68,1,1
38107,117,101,16,16
38108,91,82,9,9
38109,70,70,0,0
38110,150,122,28,28
38111,122,113,9,9
38112,98,98,0,0
38113,100,83,17,17
38114,160,125,35,35
38115,139,123,16,16
38116,170,141,29,29
38117,79,78,1,1
38118,132,112,20,20
38119,121,107,14,14
38120,118,107,11,11
38121,102,81,21,21
38122,98,87,11,11
38123,115,111,4,4
38124,159,142,17,17
38125,92,85,7,7
38126,41,57,-16,16
38127,84,78,6,6
38128,132,130,2,2
38129,109,88,21,21
38130,78,80,-2,2
38131,114,94,20,20
38132,121,103,18,18
38133,93,80,13,13
38134,115,104,11,11
38135,44,43,1,1
38136,74,68,6,6
38137,49,46,3,3
38138,165,138,27,27
38139,83,75,8,8
38140,158,136,22,22
38141,101,83,18,18
38142,118,103,15,15
38143,94,84,10,10
38144,117,118,-1,1
38145,109,96,13,13
38146,73,82,-9,9
38147,76,74,2,2
38148,138,120,18,18
38149,113,98,15,15
38150,96,87,9,9
38151,73,72,1,1
38152,112,96,16,16
38153,63,62,1,1
38154,104,88,16,16
38155,82,81,1,1
38156,54,56,-2,2
38157,84,75,9,9
38158,133,124,9,9
38159,101,92,9,9
38160,108,104,4,4
38161,83,73,10,10
38162,78,75,3,3
38163,82,71,11,11
38164,76,71,5,5
38165,90,78,12,12
38166,105,96,9,9
38167,61,55,6,6
38168,102,105,-3,3
38169,104,110,-6,6
38170,72,66,6,6
38171,74,61,13,13
38172,92,88,4,4
38173,85,75,10,10
38174,99,88,11,11
38175,111,110,1,1
38176,67,68,-1,1
38177,76,67,9,9
38178,113,90,23,23
38179,107,91,16,16
38180,117,102,15,15
38181,116,110,6,6
38182,97,88,9,9
38183,125,112,13,13
38184,112,105,7,7
38185,71,76,-5,5
38186,115,103,12,12
38187,59,74,-15,15
38188,97,85,12,12
38189,124,102,22,22
38190,45,44,1,1
38191,87,80,7,7
38192,103,110,-7,7
38193,64,60,4,4
38194,100,86,14,14
38195,97,78,19,19
38196,121,109,12,12
38197,111,108,3,3
38198,74,66,8,8
38199,118,133,-15,15
38200,91,79,12,12
38201,89,83,6,6
38202,105,82,23,23
38203,79,76,3,3
38204,68,65,3,3
38205,125,115,10,10
38206,87,76,11,11
38207,123,102,21,21
38208,93,86,7,7
38209,100,87,13,13
38210,64,56,8,8
38211,108,95,13,13
38212,68,54,14,14
38213,86,82,4,4
38214,107,88,19,19
38215,73,70,3,3
38216,128,121,7,7
38217,119,103,16,16
38218,54,45,9,9
38219,72,67,5,5
38220,73,72,1,1
38221,159,136,23,23
38222,83,78,5,5
38223,97,86,11,11
38224,131,114,17,17
38225,69,67,2,2
38226,86,68,18,18
38227,119,109,10,10
38228,100,82,18,18
38229,102,96,6,6
38230,67,60,7,7
38231,53,58,-5,5
38232,85,85,0,0
38233,168,142,26,26
38234,61,51,10,10
38235,77,69,8,8
38236,85,83,2,2
38237,69,62,7,7
38238,124,109,15,15
38239,89,74,15,15
38240,148,134,14,14
38241,143,117,26,26
38242,57,73,-16,16
38243,144,122,22,22
38244,66,63,3,3
38245,83,88,-5,5
38246,120,107,13,13
38247,131,115,16,16
38248,51,51,0,0
38249,77,56,21,21
38250,62,62,0,0
38251,125,118,7,7
38252,87,79,8,8
38253,89,80,9,9
38254,162,140,22,22
38255,109,103,6,6
38256,126,116,10,10
38257,87,85,2,2
38258,87,89,-2,2
38259,116,103,13,13
38260,51,53,-2,2
38261,65,56,9,9
38262,95,81,14,14
38263,86,72,14,14
38264,98,92,6,6
38265,74,67,7,7
38266,87,86,1,1
38267,113,99,14,14
38268,70,79,-9,9
38269,119,101,18,18
38270,180,151,29,29
38271,94,78,16,16
38272,67,68,-1,1
38273,85,78,7,7
38274,147,136,11,11
38275,79,64,15,15
38276,76,72,4,4
38277,60,48,12,12
38278,55,54,1,1
38279,95,89,6,6
38280,127,103,24,24
38281,100,91,9,9
38282,85,76,9,9
38283,127,111,16,16
38284,101,82,19,19
38285,70,65,5,5
38286,102,90,12,12
38287,73,68,5,5
38288,107,98,9,9
38289,129,119,10,10
38290,114,100,14,14
38291,45,49,-4,4
38292,52,49,3,3
38293,69,67,2,2
38294,71,66,5,5
38295,65,63,2,2
38296,211,163,48,48
38297,113,116,-3,3
38298,97,86,11,11
38299,60,62,-2,2
38300,184,136,48,48
38301,106,94,12,12
38302,121,107,14,14
38303,112,108,4,4
38304,137,123,14,14
38305,104,95,9,9
38306,124,104,20,20
38307,72,62,10,10
38308,116,98,18,18
38309,76,70,6,6
38310,99,95,4,4
38311,75,71,4,4
38312,81,75,6,6
38313,69,65,4,4
38314,72,74,-2,2
38315,87,70,17,17
38316,93,82,11,11
38317,136,118,18,18
38318,101,86,15,15
38319,89,79,10,10
38320,112,100,12,12
38321,65,62,3,3
38322,118,100,18,18
38323,92,78,14,14
38324,80,80,0,0
38325,98,86,12,12
38326,70,62,8,8
38327,127,105,22,22
38328,149,117,32,32
38329,70,62,8,8
38330,139,127,12,12
38331,82,73,9,9
38332,91,85,6,6
38333,39,52,-13,13
38334,82,87,-5,5
38335,105,94,11,11
38336,147,128,19,19
38337,104,101,3,3
38338,117,90,27,27
38339,91,94,-3,3
38340,90,88,2,2
38341,104,86,18,18
38342,47,51,-4,4
38343,56,55,1,1
38344,110,100,10,10
38345,43,51,-8,8
38346,120,102,18,18
38347,70,66,4,4
38348,75,71,4,4
38349,77,73,4,4
38350,72,66,6,6
38351,105,92,13,13
38352,218,172,46,46
38353,56,58,-2,2
38354,100,95,5,5
38355,123,123,0,0
38356,130,110,20,20
38357,63,56,7,7
38358,89,83,6,6
38359,60,61,-1,1
38360,65,72,-7,7
38361,118,104,14,14
38362,86,83,3,3
38363,166,152,14,14
38364,106,98,8,8
38365,58,58,0,0
38366,141,114,27,27
38367,96,86,10,10
38368,106,90,16,16
38369,110,103,7,7
38370,64,58,6,6
38371,83,74,9,9
38372,92,97,-5,5
38373,70,64,6,6
38374,122,112,10,10
38375,86,81,5,5
38376,105,85,20,20
38377,99,94,5,5
38378,57,48,9,9
38379,79,71,8,8
38380,59,53,6,6
38381,70,67,3,3
38382,104,91,13,13
38383,86,81,5,5
38384,112,107,5,5
38385,102,93,9,9
38386,63,63,0,0
38387,118,103,15,15
38388,63,55,8,8
38389,104,111,-7,7
38390,86,83,3,3
38391,167,140,27,27
38392,164,139,25,25
38393,85,78,7,7
38394,111,103,8,8
38395,121,101,20,20
38396,94,84,10,10
38397,77,80,-3,3
38398,35,36,-1,1
38399,95,83,12,12
38400,133,121,12,12
38401,85,81,4,4
38402,67,55,12,12
38403,114,105,9,9
38404,157,133,24,24
38405,157,131,26,26
38406,94,94,0,0
38407,54,59,-5,5
38408,64,56,8,8
38409,109,95,14,14
38410,71,68,3,3
38411,73,71,2,2
38412,76,75,1,1
38413,130,106,24,24
38414,79,71,8,8
38415,142,135,7,7
38416,89,80,9,9
38417,105,98,7,7
38418,78,82,-4,4
38419,64,58,6,6
38420,63,64,-1,1
38421,89,83,6,6
38422,171,152,19,19
38423,111,88,23,23
38424,86,72,14,14
38425,102,89,13,13
38426,61,58,3,3
38427,85,78,7,7
38428,134,110,24,24
38429,81,75,6,6
38430,142,126,16,16
38431,80,69,11,11
38432,83,75,8,8
38433,121,102,19,19
38434,67,50,17,17
38435,100,105,-5,5
38436,129,112,17,17
38437,102,98,4,4
38438,126,113,13,13
38439,98,89,9,9
38440,63,52,11,11
38441,72,71,1,1
38442,88,87,1,1
38443,64,64,0,0
38444,107,104,3,3
38445,89,76,13,13
38446,93,85,8,8
38447,146,126,20,20
38448,101,98,3,3
38449,87,78,9,9
38450,97,88,9,9
38451,78,59,19,19
38452,130,104,26,26
38453,85,68,17,17
38454,77,67,10,10
38455,44,45,-1,1
38456,96,83,13,13
38457,89,74,15,15
38458,117,105,12,12
38459,41,39,2,2
38460,113,104,9,9
38461,103,79,24,24
38462,161,132,29,29
38463,196,169,27,27
38464,64,55,9,9
38465,82,71,11,11
38466,66,84,-18,18
38467,80,69,11,11
38468,54,56,-2,2
38469,104,98,6,6
38470,55,49,6,6
38471,57,52,5,5
38472,49,50,-1,1
38473,70,66,4,4
38474,74,75,-1,1
38475,33,36,-3,3
38476,83,83,0,0
38477,89,80,9,9
38478,102,87,15,15
38479,156,145,11,11
38480,36,43,-7,7
38481,62,56,6,6
38482,102,86,16,16
38483,87,87,0,0
38484,50,45,5,5
38485,89,89,0,0
38486,100,87,13,13
38487,98,79,19,19
38488,56,54,2,2
38489,75,66,9,9
38490,98,77,21,21
38491,117,95,22,22
38492,235,188,47,47
38493,54,53,1,1
38494,68,56,12,12
38495,116,112,4,4
38496,32,36,-4,4
38497,55,48,7,7
38498,82,75,7,7
38499,119,106,13,13
38500,183,165,18,18
38501,112,77,35,35
38502,57,60,-3,3
38503,120,106,14,14
38504,77,76,1,1
38505,68,70,-2,2
38506,126,108,18,18
38507,68,57,11,11
38508,103,85,18,18
38509,110,105,5,5
38510,122,98,24,24
38511,100,103,-3,3
38512,74,68,6,6
38513,185,142,43,43
38514,118,116,2,2
38515,41,45,-4,4
38516,91,84,7,7
38517,83,69,14,14
38518,79,77,2,2
38519,82,69,13,13
38520,84,81,3,3
38521,70,57,13,13
38522,97,94,3,3
38523,99,90,9,9
38524,108,94,14,14
38525,85,75,10,10
38526,132,115,17,17
38527,99,88,11,11
38528,62,52,10,10
38529,80,71,9,9
38530,96,83,13,13
38531,98,80,18,18
38532,109,100,9,9
38533,124,116,8,8
38534,101,102,-1,1
38535,118,110,8,8
38536,57,53,4,4
38537,79,74,5,5
38538,86,81,5,5
38539,77,70,7,7
38540,132,109,23,23
38541,74,60,14,14
38542,108,96,12,12
38543,137,112,25,25
38544,102,93,9,9
38545,150,129,21,21
38546,51,49,2,2
38547,77,68,9,9
38548,59,51,8,8
38549,42,40,2,2
38550,141,125,16,16
38551,132,111,21,21
38552,67,59,8,8
38553,108,92,16,16
38554,144,133,11,11
38555,69,64,5,5
38556,85,76,9,9
38557,64,60,4,4
38558,65,61,4,4
38559,221,191,30,30
38560,70,64,6,6
38561,56,49,7,7
38562,62,59,3,3
38563,88,94,-6,6
38564,108,100,8,8
38565,178,147,31,31
38566,74,65,9,9
38567,85,86,-1,1
38568,61,63,-2,2
38569,111,76,35,35
38570,103,99,4,4
38571,110,98,12,12
38572,74,65,9,9
38573,172,146,26,26
38574,87,90,-3,3
38575,141,134,7,7
38576,86,72,14,14
38577,89,92,-3,3
38578,106,81,25,25
38579,103,90,13,13
38580,115,90,25,25
38581,61,50,11,11
38582,102,93,9,9
38583,64,60,4,4
38584,121,103,18,18
38585,61,62,-1,1
38586,75,66,9,9
38587,43,37,6,6
38588,84,75,9,9
38589,118,102,16,16
38590,50,43,7,7
38591,81,64,17,17
38592,160,139,21,21
38593,121,102,19,19
38594,77,78,-1,1
38595,124,109,15,15
38596,140,117,23,23
38597,56,57,-1,1
38598,92,78,14,14
38599,99,87,12,12
38600,169,143,26,26
38601,102,100,2,2
38602,149,131,18,18
38603,161,149,12,12
38604,73,73,0,0
38605,81,77,4,4
38606,76,69,7,7
38607,131,110,21,21
38608,155,142,13,13
38609,87,80,7,7
38610,62,57,5,5
38611,87,71,16,16
38612,78,80,-2,2
38613,74,68,6,6
38614,49,64,-15,15
38615,92,80,12,12
38616,133,117,16,16
38617,149,130,19,19
38618,120,109,11,11
38619,89,75,14,14
38620,102,90,12,12
38621,62,55,7,7
38622,57,44,13,13
38623,43,57,-14,14
38624,72,68,4,4
38625,58,55,3,3
38626,66,59,7,7
38627,73,72,1,1
38628,112,87,25,25
38629,158,131,27,27
38630,70,72,-2,2
38631,136,117,19,19
38632,85,73,12,12
38633,37,43,-6,6
38634,87,83,4,4
38635,130,124,6,6
38636,88,82,6,6
38637,57,57,0,0
38638,117,104,13,13
38639,105,89,16,16
38640,75,70,5,5
38641,153,138,15,15
38642,90,91,-1,1
38643,130,105,25,25
38644,86,82,4,4
38645,124,117,7,7
38646,83,76,7,7
38647,145,116,29,29
38648,77,74,3,3
38649,64,61,3,3
38650,129,115,14,14
38651,109,99,10,10
38652,94,80,14,14
38653,84,73,11,11
38654,64,59,5,5
38655,90,82,8,8
38656,171,147,24,24
38657,93,89,4,4
38658,121,114,7,7
38659,72,73,-1,1
38660,72,75,-3,3
38661,85,77,8,8
38662,86,72,14,14
38663,93,89,4,4
38664,94,73,21,21
38665,118,109,9,9
38666,72,57,15,15
38667,64,61,3,3
38668,127,102,25,25
38669,64,58,6,6
38670,75,69,6,6
38671,57,59,-2,2
38672,61,58,3,3
38673,74,80,-6,6
38674,53,61,-8,8
38675,80,77,3,3
38676,83,76,7,7
38677,124,105,19,19
38678,81,82,-1,1
38679,84,87,-3,3
38680,128,105,23,23
38681,93,83,10,10
38682,79,76,3,3
38683,81,91,-10,10
38684,81,74,7,7
38685,104,97,7,7
38686,82,74,8,8
38687,84,64,20,20
38688,71,67,4,4
38689,62,58,4,4
38690,66,66,0,0
38691,63,60,3,3
38692,77,70,7,7
38693,56,55,1,1
38694,155,135,20,20
38695,143,121,22,22
38696,75,68,7,7
38697,92,90,2,2
38698,108,93,15,15
38699,105,94,11,11
38700,63,56,7,7
38701,117,104,13,13
38702,123,98,25,25
38703,69,68,1,1
38704,119,118,1,1
38705,92,94,-2,2
38706,94,79,15,15
38707,80,76,4,4
38708,101,89,12,12
38709,150,130,20,20
38710,92,80,12,12
38711,97,85,12,12
38712,100,90,10,10
38713,74,79,-5,5
38714,157,140,17,17
38715,65,65,0,0
38716,97,86,11,11
38717,79,73,6,6
38718,86,76,10,10
38719,91,78,13,13
38720,51,49,2,2
38721,110,101,9,9
38722,106,99,7,7
38723,50,49,1,1
38724,76,66,10,10
38725,126,107,19,19
38726,73,67,6,6
38727,80,79,1,1
38728,90,76,14,14
38729,94,73,21,21
38730,99,88,11,11
38731,140,117,23,23
38732,92,80,12,12
38733,96,88,8,8
38734,107,94,13,13
38735,120,99,21,21
38736,141,123,18,18
38737,58,58,0,0
38738,99,89,10,10
38739,75,68,7,7
38740,118,94,24,24
38741,93,85,8,8
38742,104,84,20,20
38743,81,76,5,5
38744,107,93,14,14
38745,91,98,-7,7
38746,87,81,6,6
38747,53,54,-1,1
38748,147,125,22,22
38749,108,91,17,17
38750,76,67,9,9
38751,59,54,5,5
38752,85,86,-1,1
38753,82,76,6,6
38754,57,57,0,0
38755,37,44,-7,7
38756,129,117,12,12
38757,57,48,9,9
38758,67,61,6,6
38759,76,64,12,12
38760,85,75,10,10
38761,130,109,21,21
38762,106,93,13,13
38763,104,103,1,1
38764,88,85,3,3
38765,65,59,6,6
38766,75,71,4,4
38767,145,121,24,24
38768,149,129,20,20
38769,44,46,-2,2
38770,69,60,9,9
38771,93,87,6,6
38772,78,70,8,8
38773,63,63,0,0
38774,78,76,2,2
38775,85,75,10,10
38776,55,49,6,6
38777,73,81,-8,8
38778,107,98,9,9
38779,131,112,19,19
38780,87,79,8,8
38781,40,46,-6,6
38782,139,108,31,31
38783,85,82,3,3
38784,163,152,11,11
38785,64,66,-2,2
38786,193,166,27,27
38787,86,88,-2,2
38788,98,91,7,7
38789,51,55,-4,4
38790,128,112,16,16
38791,141,114,27,27
38792,84,75,9,9
38793,142,122,20,20
38794,59,58,1,1
38795,108,93,15,15
38796,39,43,-4,4
38797,156,134,22,22
38798,107,103,4,4
38799,99,97,2,2
38800,166,145,21,21
38801,85,77,8,8
38802,84,76,8,8
38803,98,86,12,12
38804,76,65,11,11
38805,138,112,26,26
38806,93,81,12,12
38807,182,142,40,40
38808,149,118,31,31
38809,132,105,27,27
38810,127,106,21,21
38811,70,66,4,4
38812,57,51,6,6
38813,176,172,4,4
38814,68,64,4,4
38815,46,46,0,0
38816,66,60,6,6
38817,113,107,6,6
38818,135,121,14,14
38819,48,46,2,2
38820,135,118,17,17
38821,70,68,2,2
38822,91,85,6,6
38823,125,108,17,17
38824,109,87,22,22
38825,53,53,0,0
38826,91,82,9,9
38827,70,65,5,5
38828,65,66,-1,1
38829,125,103,22,22
38830,72,68,4,4
38831,103,94,9,9
38832,103,75,28,28
38833,101,76,25,25
38834,117,111,6,6
38835,63,56,7,7
38836,164,147,17,17
38837,57,61,-4,4
38838,120,110,10,10
38839,133,115,18,18
38840,83,81,2,2
38841,64,62,2,2
38842,102,88,14,14
38843,70,63,7,7
38844,124,116,8,8
38845,106,87,19,19
38846,156,136,20,20
38847,67,65,2,2
38848,147,132,15,15
38849,113,103,10,10
38850,121,108,13,13
38851,97,87,10,10
38852,59,65,-6,6
38853,50,56,-6,6
38854,118,95,23,23
38855,56,53,3,3
38856,87,73,14,14
38857,89,89,0,0
38858,65,65,0,0
38859,62,60,2,2
38860,138,127,11,11
38861,149,132,17,17
38862,69,61,8,8
38863,76,79,-3,3
38864,65,69,-4,4
38865,70,63,7,7
38866,133,125,8,8
38867,77,72,5,5
38868,93,88,5,5
38869,105,116,-11,11
38870,67,65,2,2
38871,84,76,8,8
38872,83,84,-1,1
38873,46,40,6,6
38874,102,89,13,13
38875,80,70,10,10
38876,106,97,9,9
38877,91,87,4,4
38878,70,57,13,13
38879,213,172,41,41
38880,84,79,5,5
38881,124,96,28,28
38882,113,98,15,15
38883,89,85,4,4
38884,112,97,15,15
38885,78,68,10,10
38886,60,53,7,7
38887,119,99,20,20
38888,58,56,2,2
38889,109,91,18,18
38890,113,121,-8,8
38891,101,82,19,19
38892,61,52,9,9
38893,76,77,-1,1
38894,84,74,10,10
38895,86,85,1,1
38896,108,91,17,17
38897,102,83,19,19
38898,151,128,23,23
38899,66,63,3,3
38900,71,62,9,9
38901,66,65,1,1
38902,131,117,14,14
38903,49,45,4,4
38904,99,93,6,6
38905,69,71,-2,2
38906,72,57,15,15
38907,179,144,35,35
38908,152,128,24,24
38909,70,65,5,5
38910,63,65,-2,2
38911,104,98,6,6
38912,22,38,-16,16
38913,105,92,13,13
38914,174,153,21,21
38915,123,108,15,15
38916,34,38,-4,4
38917,76,75,1,1
38918,114,98,16,16
38919,84,91,-7,7
38920,114,90,24,24
38921,236,185,51,51
38922,86,85,1,1
38923,91,74,17,17
38924,109,99,10,10
38925,99,82,17,17
38926,79,64,15,15
38927,51,54,-3,3
38928,201,167,34,34
38929,60,55,5,5
38930,89,84,5,5
38931,84,76,8,8
38932,40,41,-1,1
38933,68,62,6,6
38934,58,54,4,4
38935,73,66,7,7
38936,121,111,10,10
38937,55,47,8,8
38938,91,84,7,7
38939,57,55,2,2
38940,68,55,13,13
38941,93,73,20,20
38942,59,59,0,0
38943,76,65,11,11
38944,99,93,6,6
38945,85,96,-11,11
38946,113,94,19,19
38947,107,86,21,21
38948,184,152,32,32
38949,80,71,9,9
38950,99,91,8,8
38951,180,145,35,35
38952,94,95,-1,1
38953,37,36,1,1
38954,59,64,-5,5
38955,65,59,6,6
38956,93,86,7,7
38957,88,85,3,3
38958,92,86,6,6
38959,128,106,22,22
38960,111,104,7,7
38961,128,147,-19,19
38962,48,46,2,2
38963,116,111,5,5
38964,54,49,5,5
38965,57,62,-5,5
38966,61,62,-1,1
38967,79,73,6,6
38968,61,56,5,5
38969,122,108,14,14
38970,89,79,10,10
38971,121,101,20,20
38972,119,103,16,16
38973,108,109,-1,1
38974,100,92,8,8
38975,58,55,3,3
38976,106,88,18,18
38977,88,85,3,3
38978,103,85,18,18
38979,31,37,-6,6
38980,34,50,-16,16
38981,87,80,7,7
38982,111,99,12,12
38983,101,93,8,8
38984,41,41,0,0
38985,60,61,-1,1
38986,115,102,13,13
38987,136,123,13,13
38988,74,63,11,11
38989,84,72,12,12
38990,110,96,14,14
38991,73,71,2,2
38992,126,114,12,12
38993,77,68,9,9
38994,129,115,14,14
38995,123,114,9,9
38996,99,85,14,14
38997,88,62,26,26
38998,61,66,-5,5
38999,74,70,4,4
39000,107,93,14,14
39001,122,103,19,19
39002,60,59,1,1
39003,188,163,25,25
39004,84,70,14,14
39005,146,131,15,15
39006,154,137,17,17
39007,114,108,6,6
39008,117,100,17,17
39009,163,146,17,17
39010,74,69,5,5
39011,113,98,15,15
39012,68,65,3,3
39013,137,120,17,17
39014,86,83,3,3
39015,136,123,13,13
39016,77,68,9,9
39017,156,132,24,24
39018,146,124,22,22
39019,62,56,6,6
39020,66,69,-3,3
39021,121,108,13,13
39022,161,129,32,32
39023,102,102,0,0
39024,67,56,11,11
39025,129,115,14,14
39026,120,116,4,4
39027,174,155,19,19
39028,179,150,29,29
39029,92,79,13,13
39030,112,103,9,9
39031,110,91,19,19
39032,97,88,9,9
39033,68,58,10,10
39034,117,108,9,9
39035,155,125,30,30
39036,60,57,3,3
39037,167,128,39,39
39038,115,101,14,14
39039,134,121,13,13
39040,48,50,-2,2
39041,89,75,14,14
39042,42,52,-10,10
39043,31,40,-9,9
39044,105,90,15,15
39045,138,116,22,22
39046,97,79,18,18
39047,83,77,6,6
39048,54,52,2,2
39049,65,60,5,5
39050,94,92,2,2
39051,86,79,7,7
39052,88,87,1,1
39053,63,56,7,7
39054,144,126,18,18
39055,62,58,4,4
39056,63,72,-9,9
39057,98,88,10,10
39058,60,54,6,6
39059,49,48,1,1
39060,96,82,14,14
39061,71,71,0,0
39062,120,100,20,20
39063,150,119,31,31
39064,80,71,9,9
39065,58,57,1,1
39066,64,65,-1,1
39067,140,123,17,17
39068,124,114,10,10
39069,97,82,15,15
39070,161,123,38,38
39071,50,58,-8,8
39072,101,96,5,5
39073,44,51,-7,7
39074,99,93,6,6
39075,171,140,31,31
39076,43,46,-3,3
39077,93,94,-1,1
39078,139,123,16,16
39079,120,103,17,17
39080,98,94,4,4
39081,101,95,6,6
39082,80,69,11,11
39083,63,55,8,8
39084,149,132,17,17
39085,132,110,22,22
39086,71,67,4,4
39087,92,90,2,2
39088,61,68,-7,7
39089,110,99,11,11
39090,67,63,4,4
39091,38,61,-23,23
39092,89,97,-8,8
39093,86,81,5,5
39094,157,152,5,5
39095,63,65,-2,2
39096,56,57,-1,1
39097,96,93,3,3
39098,58,60,-2,2
39099,164,146,18,18
39100,107,96,11,11
39101,131,110,21,21
39102,119,103,16,16
39103,103,95,8,8
39104,58,57,1,1
39105,158,127,31,31
39106,148,119,29,29
39107,107,100,7,7
39108,108,87,21,21
39109,85,67,18,18
39110,76,73,3,3
39111,72,60,12,12
39112,133,119,14,14
39113,71,66,5,5
39114,90,76,14,14
39115,105,96,9,9
39116,107,99,8,8
39117,84,74,10,10
39118,67,66,1,1
39119,154,133,21,21
39120,63,71,-8,8
39121,182,143,39,39
39122,130,109,21,21
39123,126,115,11,11
39124,135,115,20,20
39125,86,77,9,9
39126,90,87,3,3
39127,69,62,7,7
39128,99,95,4,4
39129,81,82,-1,1
39130,92,83,9,9
39131,83,73,10,10
39132,76,65,11,11
39133,79,65,14,14
39134,59,61,-2,2
39135,100,90,10,10
39136,60,62,-2,2
39137,76,73,3,3
39138,110,88,22,22
39139,112,99,13,13
39140,93,89,4,4
39141,101,93,8,8
39142,107,101,6,6
39143,180,149,31,31
39144,109,98,11,11
39145,85,71,14,14
39146,123,106,17,17
39147,90,85,5,5
39148,118,104,14,14
39149,108,90,18,18
39150,95,83,12,12
39151,119,100,19,19
39152,115,91,24,24
39153,145,120,25,25
39154,46,52,-6,6
39155,59,60,-1,1
39156,127,120,7,7
39157,114,103,11,11
39158,101,91,10,10
39159,134,116,18,18
39160,99,88,11,11
39161,143,123,20,20
39162,136,115,21,21
39163,152,132,20,20
39164,103,91,12,12
39165,79,70,9,9
39166,83,74,9,9
39167,125,101,24,24
39168,74,84,-10,10
39169,44,45,-1,1
39170,100,95,5,5
39171,111,100,11,11
39172,65,58,7,7
39173,102,88,14,14
39174,109,97,12,12
39175,80,67,13,13
39176,117,102,15,15
39177,121,105,16,16
39178,154,132,22,22
39179,55,56,-1,1
39180,90,85,5,5
39181,137,106,31,31
39182,53,49,4,4
39183,137,123,14,14
39184,64,59,5,5
39185,133,108,25,25
39186,38,34,4,4
39187,105,82,23,23
39188,45,45,0,0
39189,133,109,24,24
39190,121,109,12,12
39191,138,116,22,22
39192,84,69,15,15
39193,79,73,6,6
39194,48,49,-1,1
39195,51,57,-6,6
39196,90,83,7,7
39197,79,68,11,11
39198,73,66,7,7
39199,82,67,15,15
39200,90,86,4,4
39201,98,70,28,28
39202,56,55,1,1
39203,100,87,13,13
39204,55,60,-5,5
39205,116,113,3,3
39206,61,55,6,6
39207,77,68,9,9
39208,131,113,18,18
39209,115,100,15,15
39210,94,79,15,15
39211,80,71,9,9
39212,57,55,2,2
39213,112,97,15,15
39214,98,86,12,12
39215,136,126,10,10
39216,125,101,24,24
39217,90,90,0,0
39218,81,77,4,4
39219,123,108,15,15
39220,114,109,5,5
39221,35,46,-11,11
39222,55,50,5,5
39223,110,94,16,16
39224,52,50,2,2
39225,191,154,37,37
39226,48,55,-7,7
39227,70,58,12,12
39228,116,104,12,12
39229,114,106,8,8
39230,71,68,3,3
39231,130,105,25,25
39232,92,82,10,10
39233,111,101,10,10
39234,150,135,15,15
39235,112,117,-5,5
39236,85,78,7,7
39237,75,70,5,5
39238,64,60,4,4
39239,65,61,4,4
39240,164,141,23,23
39241,63,44,19,19
39242,105,95,10,10
39243,96,85,11,11
39244,102,81,21,21
39245,84,69,15,15
39246,72,74,-2,2
39247,118,109,9,9
39248,110,97,13,13
39249,81,77,4,4
39250,109,101,8,8
39251,76,65,11,11
39252,64,58,6,6
39253,133,107,26,26
39254,143,116,27,27
39255,72,67,5,5
39256,74,74,0,0
39257,41,42,-1,1
39258,65,61,4,4
39259,73,62,11,11
39260,63,65,-2,2
39261,175,144,31,31
39262,85,90,-5,5
39263,82,74,8,8
39264,48,48,0,0
39265,97,83,14,14
39266,86,81,5,5
39267,66,63,3,3
39268,80,69,11,11
39269,84,81,3,3
39270,90,80,10,10
39271,76,78,-2,2
39272,90,85,5,5
39273,128,119,9,9
39274,76,79,-3,3
39275,84,76,8,8
39276,116,104,12,12
39277,72,73,-1,1
39278,88,77,11,11
39279,58,53,5,5
39280,80,73,7,7
39281,122,103,19,19
39282,84,82,2,2
39283,62,59,3,3
39284,78,67,11,11
39285,113,102,11,11
39286,152,131,21,21
39287,68,64,4,4
39288,72,63,9,9
39289,104,96,8,8
39290,100,90,10,10
39291,92,79,13,13
39292,95,79,16,16
39293,66,58,8,8
39294,78,76,2,2
39295,117,96,21,21
39296,109,83,26,26
39297,157,128,29,29
39298,100,81,19,19
39299,101,87,14,14
39300,68,57,11,11
39301,137,109,28,28
39302,144,132,12,12
39303,152,135,17,17
39304,121,101,20,20
39305,83,77,6,6
39306,86,93,-7,7
39307,72,60,12,12
39308,82,87,-5,5
39309,115,97,18,18
39310,44,42,2,2
39311,130,123,7,7
39312,84,77,7,7
39313,104,90,14,14
39314,70,58,12,12
39315,152,118,34,34
39316,66,63,3,3
39317,137,102,35,35
39318,86,77,9,9
39319,130,104,26,26
39320,105,93,12,12
39321,79,76,3,3
39322,79,72,7,7
39323,68,60,8,8
39324,86,74,12,12
39325,90,87,3,3
39326,174,142,32,32
39327,41,42,-1,1
39328,109,90,19,19
39329,98,83,15,15
39330,79,77,2,2
39331,107,101,6,6
39332,138,127,11,11
39333,49,39,10,10
39334,68,71,-3,3
39335,465,320,145,145
39336,102,84,18,18
39337,108,100,8,8
39338,98,92,6,6
39339,70,57,13,13
39340,90,82,8,8
39341,103,93,10,10
39342,84,66,18,18
39343,128,122,6,6
39344,205,167,38,38
39345,149,124,25,25
39346,51,51,0,0
39347,64,61,3,3
39348,155,125,30,30
39349,61,60,1,1
39350,91,80,11,11
39351,69,70,-1,1
39352,51,60,-9,9
39353,59,53,6,6
39354,110,91,19,19
39355,145,114,31,31
39356,86,89,-3,3
39357,192,168,24,24
39358,80,65,15,15
39359,62,58,4,4
39360,116,107,9,9
39361,94,93,1,1
39362,60,55,5,5
39363,128,130,-2,2
39364,129,112,17,17
39365,111,102,9,9
39366,137,121,16,16
39367,164,134,30,30
39368,119,103,16,16
39369,90,83,7,7
39370,114,112,2,2
39371,26,34,-8,8
39372,107,98,9,9
39373,68,63,5,5
39374,118,108,10,10
39375,124,105,19,19
39376,170,141,29,29
39377,61,60,1,1
39378,136,122,14,14
39379,196,137,59,59
39380,87,74,13,13
39381,95,96,-1,1
39382,108,100,8,8
39383,151,129,22,22
39384,67,65,2,2
39385,149,129,20,20
39386,113,97,16,16
39387,50,53,-3,3
39388,79,77,2,2
39389,103,92,11,11
39390,80,69,11,11
39391,172,154,18,18
39392,105,101,4,4
39393,82,76,6,6
39394,47,45,2,2
39395,54,46,8,8
39396,80,68,12,12
39397,64,56,8,8
39398,150,125,25,25
39399,134,116,18,18
39400,61,65,-4,4
39401,108,91,17,17
39402,116,107,9,9
39403,101,106,-5,5
39404,81,74,7,7
39405,90,87,3,3
39406,71,69,2,2
39407,119,104,15,15
39408,133,121,12,12
39409,125,120,5,5
39410,70,61,9,9
39411,182,152,30,30
39412,114,106,8,8
39413,136,131,5,5
39414,76,71,5,5
39415,114,93,21,21
39416,46,47,-1,1
39417,97,101,-4,4
39418,70,69,1,1
39419,63,53,10,10
39420,100,84,16,16
39421,114,97,17,17
39422,52,49,3,3
39423,130,116,14,14
39424,108,89,19,19
39425,133,107,26,26
39426,26,35,-9,9
39427,75,70,5,5
39428,112,108,4,4
39429,73,62,11,11
39430,44,48,-4,4
39431,75,69,6,6
39432,93,84,9,9
39433,60,67,-7,7
39434,83,76,7,7
39435,140,114,26,26
39436,100,92,8,8
39437,107,91,16,16
39438,95,74,21,21
39439,111,91,20,20
39440,112,97,15,15
39441,67,67,0,0
39442,52,51,1,1
39443,113,93,20,20
39444,77,70,7,7
39445,135,120,15,15
39446,61,58,3,3
39447,58,63,-5,5
39448,60,58,2,2
39449,100,89,11,11
39450,49,52,-3,3
39451,71,62,9,9
39452,104,96,8,8
39453,49,51,-2,2
39454,141,123,18,18
39455,113,102,11,11
39456,74,63,11,11
39457,135,121,14,14
39458,61,62,-1,1
39459,115,102,13,13
39460,89,87,2,2
39461,76,70,6,6
39462,111,108,3,3
39463,61,64,-3,3
39464,54,48,6,6
39465,95,91,4,4
39466,125,112,13,13
39467,168,147,21,21
39468,71,62,9,9
39469,80,73,7,7
39470,224,195,29,29
39471,87,82,5,5
39472,65,62,3,3
39473,130,124,6,6
39474,111,102,9,9
39475,76,65,11,11
39476,111,96,15,15
39477,88,87,1,1
39478,97,86,11,11
39479,118,106,12,12
39480,93,74,19,19
39481,131,109,22,22
39482,82,76,6,6
39483,153,126,27,27
39484,76,72,4,4
39485,105,102,3,3
39486,38,38,0,0
39487,56,61,-5,5
39488,75,68,7,7
39489,40,40,0,0
39490,139,127,12,12
39491,78,83,-5,5
39492,72,66,6,6
39493,123,117,6,6
39494,71,63,8,8
39495,144,124,20,20
39496,51,53,-2,2
39497,63,58,5,5
39498,51,52,-1,1
39499,98,86,12,12
39500,83,73,10,10
39501,75,79,-4,4
39502,108,97,11,11
39503,100,88,12,12
39504,61,52,9,9
39505,76,70,6,6
39506,156,200,-44,44
39507,69,62,7,7
39508,219,187,32,32
39509,112,101,11,11
39510,86,81,5,5
39511,53,49,4,4
39512,108,93,15,15
39513,82,73,9,9
39514,89,72,17,17
39515,125,107,18,18
39516,96,104,-8,8
39517,113,99,14,14
39518,61,65,-4,4
39519,39,41,-2,2
39520,65,72,-7,7
39521,101,90,11,11
39522,188,148,40,40
39523,73,66,7,7
39524,51,58,-7,7
39525,126,112,14,14
39526,95,106,-11,11
39527,85,94,-9,9
39528,112,106,6,6
39529,117,109,8,8
39530,109,85,24,24
39531,47,53,-6,6
39532,63,69,-6,6
39533,92,84,8,8
39534,78,74,4,4
39535,100,85,15,15
39536,137,110,27,27
39537,163,139,24,24
39538,74,72,2,2
39539,64,67,-3,3
39540,87,69,18,18
39541,87,81,6,6
39542,120,111,9,9
39543,129,109,20,20
39544,137,123,14,14
39545,65,60,5,5
39546,67,62,5,5
39547,83,76,7,7
39548,91,79,12,12
39549,88,76,12,12
39550,47,44,3,3
39551,119,107,12,12
39552,76,71,5,5
39553,96,83,13,13
39554,69,70,-1,1
39555,91,83,8,8
39556,95,88,7,7
39557,89,91,-2,2
39558,89,74,15,15
39559,106,97,9,9
39560,86,65,21,21
39561,119,99,20,20
39562,76,76,0,0
39563,95,79,16,16
39564,93,82,11,11
39565,93,74,19,19
39566,87,80,7,7
39567,142,131,11,11
39568,81,76,5,5
39569,54,47,7,7
39570,131,110,21,21
39571,53,52,1,1
39572,132,124,8,8
39573,83,78,5,5
39574,77,63,14,14
39575,86,85,1,1
39576,135,114,21,21
39577,114,97,17,17
39578,75,79,-4,4
39579,62,68,-6,6
39580,96,83,13,13
39581,88,74,14,14
39582,58,55,3,3
39583,55,56,-1,1
39584,70,64,6,6
39585,162,132,30,30
39586,98,79,19,19
39587,73,63,10,10
39588,52,52,0,0
39589,86,79,7,7
39590,133,110,23,23
39591,102,93,9,9
39592,137,120,17,17
39593,58,52,6,6
39594,94,73,21,21
39595,158,131,27,27
39596,88,82,6,6
39597,81,82,-1,1
39598,88,70,18,18
39599,170,158,12,12
39600,132,115,17,17
39601,160,139,21,21
39602,69,64,5,5
39603,78,71,7,7
39604,47,59,-12,12
39605,122,109,13,13
39606,46,45,1,1
39607,81,78,3,3
39608,173,158,15,15
39609,36,102,-66,66
39610,84,70,14,14
39611,118,97,21,21
39612,113,92,21,21
39613,162,141,21,21
39614,98,98,0,0
39615,96,84,12,12
39616,71,66,5,5
39617,68,63,5,5
39618,85,76,9,9
39619,34,57,-23,23
39620,69,70,-1,1
39621,69,68,1,1
39622,128,109,19,19
39623,99,92,7,7
39624,121,111,10,10
39625,179,153,26,26
39626,92,89,3,3
39627,171,154,17,17
39628,94,86,8,8
39629,112,101,11,11
39630,79,68,11,11
39631,57,60,-3,3
39632,72,73,-1,1
39633,161,126,35,35
39634,132,114,18,18
39635,126,105,21,21
39636,78,76,2,2
39637,72,63,9,9
39638,88,85,3,3
39639,93,84,9,9
39640,56,53,3,3
39641,179,146,33,33
39642,99,87,12,12
39643,143,117,26,26
39644,25,33,-8,8
39645,85,74,11,11
39646,50,48,2,2
39647,110,94,16,16
39648,133,112,21,21
39649,103,88,15,15
39650,149,131,18,18
39651,146,133,13,13
39652,65,64,1,1
39653,117,120,-3,3
39654,53,50,3,3
39655,155,126,29,29
39656,127,115,12,12
39657,87,81,6,6
39658,167,139,28,28
39659,74,64,10,10
39660,65,64,1,1
39661,50,47,3,3
39662,109,98,11,11
39663,65,62,3,3
39664,98,85,13,13
39665,128,112,16,16
39666,132,120,12,12
39667,174,155,19,19
39668,81,77,4,4
39669,69,67,2,2
39670,77,67,10,10
39671,69,61,8,8
39672,68,67,1,1
39673,132,125,7,7
39674,152,145,7,7
39675,87,79,8,8
39676,30,36,-6,6
39677,98,80,18,18
39678,99,85,14,14
39679,116,106,10,10
39680,100,89,11,11
39681,137,116,21,21
39682,63,61,2,2
39683,82,81,1,1
39684,99,102,-3,3
39685,58,56,2,2
39686,68,65,3,3
39687,121,105,16,16
39688,91,72,19,19
39689,61,73,-12,12
39690,46,45,1,1
39691,107,105,2,2
39692,80,71,9,9
39693,78,76,2,2
39694,83,71,12,12
39695,139,121,18,18
39696,113,106,7,7
39697,109,104,5,5
39698,168,145,23,23
39699,148,123,25,25
39700,90,75,15,15
39701,49,50,-1,1
39702,91,91,0,0
39703,48,46,2,2
39704,99,92,7,7
39705,125,116,9,9
39706,77,87,-10,10
39707,89,81,8,8
39708,85,72,13,13
39709,85,74,11,11
39710,60,59,1,1
39711,100,88,12,12
39712,61,60,1,1
39713,87,80,7,7
39714,79,75,4,4
39715,48,45,3,3
39716,90,91,-1,1
39717,85,76,9,9
39718,77,66,11,11
39719,56,56,0,0
39720,55,53,2,2
39721,148,130,18,18
39722,108,92,16,16
39723,69,60,9,9
39724,151,127,24,24
39725,98,78,20,20
39726,87,82,5,5
39727,76,68,8,8
39728,84,76,8,8
39729,39,42,-3,3
39730,105,93,12,12
39731,68,84,-16,16
39732,58,64,-6,6
39733,81,72,9,9
39734,108,101,7,7
39735,98,90,8,8
39736,148,111,37,37
39737,71,68,3,3
39738,108,93,15,15
39739,68,68,0,0
39740,82,76,6,6
39741,159,127,32,32
39742,109,88,21,21
39743,113,97,16,16
39744,106,93,13,13
39745,124,103,21,21
39746,74,68,6,6
39747,23,33,-10,10
39748,94,80,14,14
39749,69,64,5,5
39750,63,63,0,0
39751,49,53,-4,4
39752,83,73,10,10
39753,65,59,6,6
39754,122,86,36,36
39755,110,97,13,13
39756,145,129,16,16
39757,128,104,24,24
39758,61,52,9,9
39759,135,113,22,22
39760,62,49,13,13
39761,143,110,33,33
39762,59,57,2,2
39763,133,117,16,16
39764,84,84,0,0
39765,127,112,15,15
39766,75,66,9,9
39767,128,112,16,16
39768,85,83,2,2
39769,127,103,24,24
39770,66,68,-2,2
39771,45,42,3,3
39772,89,80,9,9
39773,82,71,11,11
39774,98,83,15,15
39775,51,56,-5,5
39776,112,104,8,8
39777,70,66,4,4
39778,75,53,22,22
39779,97,86,11,11
39780,59,65,-6,6
39781,51,44,7,7
39782,53,51,2,2
39783,56,64,-8,8
39784,67,57,10,10
39785,66,65,1,1
39786,89,81,8,8
39787,94,76,18,18
39788,77,77,0,0
39789,41,42,-1,1
39790,85,77,8,8
39791,72,64,8,8
39792,108,99,9,9
39793,105,95,10,10
39794,67,65,2,2
39795,97,85,12,12
39796,76,70,6,6
39797,133,132,1,1
39798,93,84,9,9
39799,40,43,-3,3
39800,66,59,7,7
39801,43,44,-1,1
39802,145,121,24,24
39803,135,106,29,29
39804,64,64,0,0
39805,76,85,-9,9
39806,55,54,1,1
39807,78,68,10,10
39808,103,91,12,12
39809,141,128,13,13
39810,152,133,19,19
39811,110,107,3,3
39812,122,102,20,20
39813,78,74,4,4
39814,82,76,6,6
39815,104,83,21,21
39816,112,97,15,15
39817,69,61,8,8
39818,48,48,0,0
39819,60,61,-1,1
39820,54,47,7,7
39821,128,107,21,21
39822,61,55,6,6
39823,108,103,5,5
39824,86,79,7,7
39825,74,75,-1,1
39826,168,140,28,28
39827,76,68,8,8
39828,80,75,5,5
39829,96,80,16,16
39830,74,66,8,8
39831,59,54,5,5
39832,143,125,18,18
39833,68,57,11,11
39834,76,73,3,3
39835,97,92,5,5
39836,66,63,3,3
39837,94,86,8,8
39838,159,138,21,21
39839,76,63,13,13
39840,121,110,11,11
39841,123,111,12,12
39842,80,74,6,6
39843,77,73,4,4
39844,52,54,-2,2
39845,115,110,5,5
39846,180,139,41,41
39847,70,65,5,5
39848,79,80,-1,1
39849,112,92,20,20
39850,89,84,5,5
39851,83,75,8,8
39852,108,103,5,5
39853,67,64,3,3
39854,86,76,10,10
39855,82,81,1,1
39856,156,139,17,17
39857,141,116,25,25
39858,154,131,23,23
39859,63,59,4,4
39860,52,50,2,2
39861,122,101,21,21
39862,69,71,-2,2
39863,93,83,10,10
39864,106,103,3,3
39865,76,76,0,0
39866,97,83,14,14
39867,96,85,11,11
39868,116,105,11,11
39869,98,91,7,7
39870,89,77,12,12
39871,137,124,13,13
39872,88,70,18,18
39873,115,103,12,12
39874,135,118,17,17
39875,99,93,6,6
39876,68,68,0,0
39877,98,89,9,9
39878,119,102,17,17
39879,77,69,8,8
39880,74,74,0,0
39881,115,102,13,13
39882,67,64,3,3
39883,79,79,0,0
39884,107,102,5,5
39885,83,76,7,7
39886,74,76,-2,2
39887,160,141,19,19
39888,56,57,-1,1
39889,74,69,5,5
39890,95,89,6,6
39891,141,136,5,5
39892,98,89,9,9
39893,84,78,6,6
39894,118,102,16,16
39895,58,50,8,8
39896,54,58,-4,4
39897,74,69,5,5
39898,69,67,2,2
39899,123,97,26,26
39900,59,56,3,3
39901,50,52,-2,2
39902,56,51,5,5
39903,55,55,0,0
39904,145,120,25,25
39905,89,77,12,12
39906,74,61,13,13
39907,67,64,3,3
39908,100,93,7,7
39909,99,89,10,10
39910,64,63,1,1
39911,49,54,-5,5
39912,144,131,13,13
39913,65,61,4,4
39914,57,54,3,3
39915,74,69,5,5
39916,82,79,3,3
39917,80,68,12,12
39918,167,165,2,2
39919,55,44,11,11
39920,98,92,6,6
39921,69,64,5,5
39922,60,59,1,1
39923,149,128,21,21
39924,170,148,22,22
39925,56,53,3,3
39926,120,104,16,16
39927,114,103,11,11
39928,123,110,13,13
39929,67,68,-1,1
39930,145,126,19,19
39931,72,66,6,6
39932,85,76,9,9
39933,117,103,14,14
39934,87,96,-9,9
39935,66,66,0,0
39936,116,110,6,6
39937,53,59,-6,6
39938,109,93,16,16
39939,26,33,-7,7
39940,51,50,1,1
39941,65,57,8,8
39942,89,75,14,14
39943,110,86,24,24
39944,70,66,4,4
39945,46,46,0,0
39946,119,104,15,15
39947,127,109,18,18
39948,95,83,12,12
39949,68,65,3,3
39950,73,65,8,8
39951,112,96,16,16
39952,152,139,13,13
39953,83,77,6,6
39954,115,102,13,13
39955,131,100,31,31
39956,49,43,6,6
39957,118,90,28,28
39958,94,78,16,16
39959,120,111,9,9
39960,64,72,-8,8
39961,145,124,21,21
39962,63,62,1,1
39963,62,57,5,5
39964,55,53,2,2
39965,113,107,6,6
39966,62,63,-1,1
39967,80,68,12,12
39968,100,85,15,15
39969,72,72,0,0
39970,75,67,8,8
39971,104,92,12,12
39972,56,47,9,9
39973,116,114,2,2
39974,87,84,3,3
39975,109,97,12,12
39976,107,103,4,4
39977,63,63,0,0
39978,127,119,8,8
39979,124,100,24,24
39980,67,63,4,4
39981,229,170,59,59
39982,144,113,31,31
39983,110,100,10,10
39984,70,61,9,9
39985,102,90,12,12
39986,153,120,33,33
39987,82,77,5,5
39988,50,48,2,2
39989,54,54,0,0
39990,97,83,14,14
39991,75,75,0,0
39992,83,71,12,12
39993,88,78,10,10
39994,129,108,21,21
39995,91,73,18,18
39996,115,94,21,21
39997,96,86,10,10
39998,177,153,24,24
39999,109,101,8,8
40000,91,84,7,7
40001,102,89,13,13
40002,75,64,11,11
40003,67,65,2,2
40004,85,78,7,7
40005,133,113,20,20
40006,122,106,16,16
40007,99,89,10,10
40008,72,70,2,2
40009,80,77,3,3
40010,61,57,4,4
40011,118,99,19,19
40012,112,101,11,11
40013,69,71,-2,2
40014,156,133,23,23
40015,140,119,21,21
40016,55,50,5,5
40017,85,84,1,1
40018,104,88,16,16
40019,113,96,17,17
40020,61,64,-3,3
40021,110,104,6,6
40022,142,114,28,28
40023,93,82,11,11
40024,49,51,-2,2
40025,139,124,15,15
40026,42,43,-1,1
40027,80,68,12,12
40028,138,120,18,18
40029,148,129,19,19
40030,28,42,-14,14
40031,54,57,-3,3
40032,85,70,15,15
40033,84,75,9,9
40034,161,130,31,31
40035,80,71,9,9
40036,108,110,-2,2
40037,91,86,5,5
40038,92,79,13,13
40039,92,91,1,1
40040,91,78,13,13
40041,146,120,26,26
40042,59,63,-4,4
40043,109,91,18,18
40044,67,63,4,4
40045,89,84,5,5
40046,156,125,31,31
40047,106,90,16,16
40048,71,68,3,3
40049,161,136,25,25
40050,97,85,12,12
40051,95,84,11,11
40052,128,114,14,14
40053,79,85,-6,6
40054,127,122,5,5
40055,88,84,4,4
40056,63,60,3,3
40057,47,46,1,1
40058,67,70,-3,3
40059,44,40,4,4
40060,70,61,9,9
40061,59,52,7,7
40062,115,104,11,11
40063,123,115,8,8
40064,49,45,4,4
40065,81,73,8,8
40066,55,55,0,0
40067,105,88,17,17
40068,120,106,14,14
40069,95,90,5,5
40070,73,71,2,2
40071,76,73,3,3
40072,95,85,10,10
40073,35,37,-2,2
40074,85,73,12,12
40075,65,72,-7,7
40076,125,112,13,13
40077,62,57,5,5
40078,95,87,8,8
40079,139,120,19,19
40080,77,76,1,1
40081,65,60,5,5
40082,53,52,1,1
40083,83,67,16,16
40084,62,49,13,13
40085,74,67,7,7
40086,32,35,-3,3
40087,67,61,6,6
40088,134,110,24,24
40089,78,79,-1,1
40090,88,78,10,10
40091,81,77,4,4
40092,60,60,0,0
40093,117,94,23,23
40094,61,62,-1,1
40095,147,130,17,17
40096,217,172,45,45
40097,84,76,8,8
40098,67,62,5,5
40099,158,154,4,4
40100,51,54,-3,3
40101,91,84,7,7
40102,72,64,8,8
40103,121,112,9,9
40104,76,65,11,11
40105,117,100,17,17
40106,63,59,4,4
40107,82,81,1,1
40108,87,89,-2,2
40109,77,69,8,8
40110,67,64,3,3
40111,129,97,32,32
40112,56,54,2,2
40113,60,62,-2,2
40114,130,107,23,23
40115,106,105,1,1
40116,73,64,9,9
40117,89,82,7,7
40118,85,87,-2,2
40119,71,62,9,9
40120,206,191,15,15
40121,142,131,11,11
40122,106,98,8,8
40123,98,88,10,10
40124,60,66,-6,6
40125,113,105,8,8
40126,57,56,1,1
40127,73,62,11,11
40128,186,143,43,43
40129,87,86,1,1
40130,122,104,18,18
40131,80,79,1,1
40132,130,106,24,24
40133,106,93,13,13
40134,175,171,4,4
40135,135,113,22,22
40136,115,101,14,14
40137,80,73,7,7
40138,125,101,24,24
40139,85,85,0,0
40140,85,73,12,12
40141,143,121,22,22
40142,92,81,11,11
40143,74,57,17,17
40144,66,71,-5,5
40145,68,63,5,5
40146,103,86,17,17
40147,82,75,7,7
40148,57,55,2,2
40149,102,101,1,1
40150,117,106,11,11
40151,79,77,2,2
40152,179,143,36,36
40153,111,107,4,4
40154,59,58,1,1
40155,90,80,10,10
40156,82,96,-14,14
40157,120,105,15,15
40158,89,82,7,7
40159,76,70,6,6
40160,74,63,11,11
40161,54,50,4,4
40162,51,52,-1,1
40163,71,69,2,2
40164,116,91,25,25
40165,84,71,13,13
40166,107,93,14,14
40167,83,74,9,9
40168,170,141,29,29
40169,118,107,11,11
40170,115,98,17,17
40171,78,82,-4,4
40172,155,132,23,23
40173,143,129,14,14
40174,80,80,0,0
40175,64,69,-5,5
40176,97,80,17,17
40177,92,83,9,9
40178,63,63,0,0
40179,196,152,44,44
40180,70,72,-2,2
40181,95,87,8,8
40182,73,69,4,4
40183,64,68,-4,4
40184,86,89,-3,3
40185,93,88,5,5
40186,81,71,10,10
40187,132,97,35,35
40188,89,67,22,22
40189,80,67,13,13
40190,61,57,4,4
40191,148,134,14,14
40192,104,92,12,12
40193,105,96,9,9
40194,94,80,14,14
40195,72,70,2,2
40196,71,66,5,5
40197,115,102,13,13
40198,100,88,12,12
40199,64,60,4,4
40200,88,80,8,8
40201,175,161,14,14
40202,153,142,11,11
40203,58,52,6,6
40204,143,131,12,12
40205,49,46,3,3
40206,62,55,7,7
40207,72,66,6,6
40208,112,101,11,11
40209,90,79,11,11
40210,88,79,9,9
40211,92,79,13,13
40212,25,36,-11,11
40213,97,85,12,12
40214,133,109,24,24
40215,86,80,6,6
40216,81,74,7,7
40217,164,136,28,28
40218,64,57,7,7
40219,79,71,8,8
40220,108,95,13,13
40221,62,64,-2,2
40222,84,78,6,6
40223,187,164,23,23
40224,70,73,-3,3
40225,119,99,20,20
40226,86,86,0,0
40227,118,102,16,16
40228,79,78,1,1
40229,77,70,7,7
40230,85,83,2,2
40231,107,89,18,18
40232,76,71,5,5
40233,54,45,9,9
40234,66,62,4,4
40235,64,66,-2,2
40236,56,49,7,7
40237,147,140,7,7
40238,92,73,19,19
40239,119,102,17,17
40240,61,67,-6,6
40241,112,96,16,16
40242,116,109,7,7
40243,68,71,-3,3
40244,153,133,20,20
40245,114,112,2,2
40246,115,102,13,13
40247,91,82,9,9
40248,68,64,4,4
40249,111,97,14,14
40250,79,65,14,14
40251,57,59,-2,2
40252,114,103,11,11
40253,66,67,-1,1
40254,96,76,20,20
40255,83,86,-3,3
40256,93,76,17,17
40257,83,71,12,12
40258,80,68,12,12
40259,82,76,6,6
40260,114,102,12,12
40261,49,56,-7,7
40262,67,68,-1,1
40263,79,73,6,6
40264,77,72,5,5
40265,64,62,2,2
40266,177,146,31,31
40267,71,69,2,2
40268,99,84,15,15
40269,90,80,10,10
40270,107,94,13,13
40271,103,85,18,18
40272,144,125,19,19
40273,81,71,10,10
40274,69,63,6,6
40275,63,74,-11,11
40276,105,97,8,8
40277,100,83,17,17
40278,118,108,10,10
40279,89,72,17,17
40280,90,81,9,9
40281,88,84,4,4
40282,69,58,11,11
40283,59,52,7,7
40284,84,74,10,10
40285,143,127,16,16
40286,112,110,2,2
40287,143,139,4,4
40288,78,75,3,3
40289,38,40,-2,2
40290,107,87,20,20
40291,57,57,0,0
40292,62,86,-24,24
40293,79,75,4,4
40294,72,70,2,2
40295,85,75,10,10
40296,83,77,6,6
40297,69,63,6,6
40298,62,56,6,6
40299,80,76,4,4
40300,55,62,-7,7
40301,77,65,12,12
40302,77,82,-5,5
40303,81,82,-1,1
40304,88,77,11,11
40305,75,78,-3,3
40306,103,97,6,6
40307,63,57,6,6
40308,115,92,23,23
40309,149,134,15,15
40310,48,47,1,1
40311,67,58,9,9
40312,167,130,37,37
40313,116,102,14,14
40314,40,48,-8,8
40315,93,86,7,7
40316,98,84,14,14
40317,105,86,19,19
40318,150,126,24,24
40319,174,135,39,39
40320,156,123,33,33
40321,61,91,-30,30
40322,124,115,9,9
40323,61,58,3,3
40324,58,56,2,2
40325,147,132,15,15
40326,80,82,-2,2
40327,115,93,22,22
40328,139,119,20,20
40329,73,68,5,5
40330,208,181,27,27
40331,92,89,3,3
40332,63,53,10,10
40333,126,106,20,20
40334,31,34,-3,3
40335,55,66,-11,11
40336,154,132,22,22
40337,110,99,11,11
40338,62,57,5,5
40339,124,110,14,14
40340,81,69,12,12
40341,78,66,12,12
40342,122,120,2,2
40343,110,109,1,1
40344,100,79,21,21
40345,112,99,13,13
40346,58,51,7,7
40347,92,82,10,10
40348,143,126,17,17
40349,76,69,7,7
40350,62,65,-3,3
40351,72,70,2,2
40352,96,91,5,5
40353,98,88,10,10
40354,209,164,45,45
40355,81,72,9,9
40356,65,64,1,1
40357,111,90,21,21
40358,158,137,21,21
40359,106,101,5,5
40360,124,103,21,21
40361,90,76,14,14
40362,95,87,8,8
40363,86,83,3,3
40364,89,76,13,13
40365,59,65,-6,6
40366,132,109,23,23
40367,91,71,20,20
40368,90,78,12,12
40369,85,77,8,8
40370,77,81,-4,4
40371,68,58,10,10
40372,77,79,-2,2
40373,125,116,9,9
40374,53,49,4,4
40375,100,98,2,2
40376,128,115,13,13
40377,78,66,12,12
40378,73,84,-11,11
40379,79,72,7,7
40380,89,84,5,5
40381,101,92,9,9
40382,93,96,-3,3
40383,93,85,8,8
40384,62,59,3,3
40385,113,100,13,13
40386,117,101,16,16
40387,133,113,20,20
40388,107,103,4,4
40389,64,79,-15,15
40390,48,51,-3,3
40391,103,91,12,12
40392,91,88,3,3
40393,121,114,7,7
40394,109,100,9,9
40395,92,84,8,8
40396,118,98,20,20
40397,82,78,4,4
40398,76,63,13,13
40399,98,82,16,16
40400,118,98,20,20
40401,124,118,6,6
40402,120,93,27,27
40403,85,83,2,2
40404,112,100,12,12
40405,88,81,7,7
40406,65,56,9,9
40407,48,44,4,4
40408,66,69,-3,3
40409,106,76,30,30
40410,174,131,43,43
40411,161,137,24,24
40412,42,70,-28,28
40413,65,67,-2,2
40414,47,51,-4,4
40415,100,97,3,3
40416,91,80,11,11
40417,59,57,2,2
40418,77,78,-1,1
40419,83,72,11,11
40420,91,78,13,13
40421,91,81,10,10
40422,163,143,20,20
40423,89,76,13,13
40424,144,137,7,7
40425,107,103,4,4
40426,75,66,9,9
40427,210,184,26,26
40428,168,140,28,28
40429,116,88,28,28
40430,67,73,-6,6
40431,66,63,3,3
40432,23,33,-10,10
40433,99,86,13,13
40434,66,62,4,4
40435,56,55,1,1
40436,92,79,13,13
40437,132,110,22,22
40438,67,66,1,1
40439,42,39,3,3
40440,123,109,14,14
40441,44,45,-1,1
40442,117,104,13,13
40443,109,96,13,13
40444,106,94,12,12
40445,92,83,9,9
40446,88,74,14,14
40447,74,71,3,3
40448,114,114,0,0
40449,146,116,30,30
40450,105,94,11,11
40451,91,86,5,5
40452,124,108,16,16
40453,178,150,28,28
40454,98,87,11,11
40455,145,136,9,9
40456,76,70,6,6
40457,100,89,11,11
40458,128,98,30,30
40459,152,131,21,21
40460,40,42,-2,2
40461,65,65,0,0
40462,107,99,8,8
40463,90,80,10,10
40464,100,97,3,3
40465,71,79,-8,8
40466,55,55,0,0
40467,80,76,4,4
40468,131,105,26,26
40469,28,36,-8,8
40470,93,86,7,7
40471,149,140,9,9
40472,88,82,6,6
40473,50,52,-2,2
40474,82,83,-1,1
40475,125,106,19,19
40476,131,106,25,25
40477,93,91,2,2
40478,83,74,9,9
40479,149,138,11,11
40480,74,75,-1,1
40481,124,111,13,13
40482,174,138,36,36
40483,83,100,-17,17
40484,119,109,10,10
40485,85,75,10,10
40486,70,61,9,9
40487,197,166,31,31
40488,131,113,18,18
40489,130,108,22,22
40490,73,73,0,0
40491,97,84,13,13
40492,85,85,0,0
40493,198,154,44,44
40494,100,86,14,14
40495,81,79,2,2
40496,71,69,2,2
40497,97,89,8,8
40498,77,81,-4,4
40499,88,80,8,8
40500,90,76,14,14
40501,74,72,2,2
40502,70,66,4,4
40503,63,53,10,10
40504,149,124,25,25
40505,97,82,15,15
40506,65,66,-1,1
40507,81,73,8,8
40508,100,91,9,9
40509,79,82,-3,3
40510,106,96,10,10
40511,79,76,3,3
40512,137,121,16,16
40513,82,80,2,2
40514,68,56,12,12
40515,100,84,16,16
40516,40,44,-4,4
40517,57,53,4,4
40518,73,70,3,3
40519,85,79,6,6
40520,135,115,20,20
40521,126,112,14,14
40522,158,135,23,23
40523,110,97,13,13
40524,125,116,9,9
40525,115,98,17,17
40526,112,103,9,9
40527,71,72,-1,1
40528,121,125,-4,4
40529,97,96,1,1
40530,104,94,10,10
40531,97,88,9,9
40532,54,54,0,0
40533,76,73,3,3
40534,132,101,31,31
40535,98,96,2,2
40536,107,94,13,13
40537,119,102,17,17
40538,125,107,18,18
40539,96,91,5,5
40540,49,51,-2,2
40541,89,72,17,17
40542,101,85,16,16
40543,86,87,-1,1
40544,43,43,0,0
40545,40,37,3,3
40546,109,98,11,11
40547,49,52,-3,3
40548,99,92,7,7
40549,120,91,29,29
40550,70,76,-6,6
40551,177,146,31,31
40552,59,65,-6,6
40553,90,84,6,6
40554,99,88,11,11
40555,99,91,8,8
40556,113,93,20,20
40557,87,77,10,10
40558,120,105,15,15
40559,122,100,22,22
40560,156,137,19,19
40561,90,75,15,15
40562,109,97,12,12
40563,59,64,-5,5
40564,110,102,8,8
40565,64,62,2,2
40566,76,72,4,4
40567,93,81,12,12
40568,81,78,3,3
40569,155,132,23,23
40570,77,86,-9,9
40571,52,49,3,3
40572,48,52,-4,4
40573,94,90,4,4
40574,72,73,-1,1
40575,78,85,-7,7
40576,108,94,14,14
40577,74,77,-3,3
40578,67,60,7,7
40579,88,77,11,11
40580,127,111,16,16
40581,88,92,-4,4
40582,53,62,-9,9
40583,101,92,9,9
40584,105,92,13,13
40585,120,107,13,13
40586,63,68,-5,5
40587,50,49,1,1
40588,67,62,5,5
40589,121,111,10,10
40590,76,71,5,5
40591,95,73,22,22
40592,97,91,6,6
40593,63,65,-2,2
40594,135,118,17,17
40595,61,58,3,3
40596,79,73,6,6
40597,133,118,15,15
40598,97,94,3,3
40599,78,61,17,17
40600,96,83,13,13
40601,47,43,4,4
40602,139,110,29,29
40603,99,85,14,14
40604,113,92,21,21
40605,94,82,12,12
40606,100,95,5,5
40607,71,75,-4,4
40608,102,97,5,5
40609,113,99,14,14
40610,85,78,7,7
40611,75,58,17,17
40612,62,53,9,9
40613,111,82,29,29
40614,80,72,8,8
40615,117,104,13,13
40616,107,95,12,12
40617,75,70,5,5
40618,82,79,3,3
40619,73,69,4,4
40620,110,96,14,14
40621,115,96,19,19
40622,151,129,22,22
40623,60,61,-1,1
40624,51,52,-1,1
40625,76,64,12,12
40626,115,97,18,18
40627,79,73,6,6
40628,85,81,4,4
40629,84,79,5,5
40630,136,111,25,25
40631,76,73,3,3
40632,30,40,-10,10
40633,141,122,19,19
40634,83,72,11,11
40635,81,78,3,3
40636,79,78,1,1
40637,113,102,11,11
40638,88,76,12,12
40639,145,149,-4,4
40640,156,135,21,21
40641,80,84,-4,4
40642,103,90,13,13
40643,116,101,15,15
40644,76,66,10,10
40645,123,110,13,13
40646,93,83,10,10
40647,103,98,5,5
40648,67,61,6,6
40649,102,99,3,3
40650,92,76,16,16
40651,86,78,8,8
40652,56,57,-1,1
40653,80,79,1,1
40654,137,120,17,17
40655,48,53,-5,5
40656,87,69,18,18
40657,112,108,4,4
40658,74,64,10,10
40659,87,80,7,7
40660,101,98,3,3
40661,58,59,-1,1
40662,116,100,16,16
40663,97,84,13,13
40664,65,59,6,6
40665,98,81,17,17
40666,98,81,17,17
40667,156,131,25,25
40668,88,81,7,7
40669,85,85,0,0
40670,64,54,10,10
40671,72,70,2,2
40672,107,103,4,4
40673,87,92,-5,5
40674,115,101,14,14
40675,102,81,21,21
40676,120,100,20,20
40677,87,86,1,1
40678,81,76,5,5
40679,53,52,1,1
40680,71,76,-5,5
40681,78,70,8,8
40682,104,91,13,13
40683,113,107,6,6
40684,51,44,7,7
40685,65,66,-1,1
40686,109,118,-9,9
40687,78,77,1,1
40688,105,86,19,19
40689,93,90,3,3
40690,103,91,12,12
40691,113,92,21,21
40692,77,80,-3,3
40693,135,115,20,20
40694,82,66,16,16
40695,84,76,8,8
40696,56,60,-4,4
40697,54,50,4,4
40698,146,120,26,26
40699,149,128,21,21
40700,91,76,15,15
40701,61,56,5,5
40702,117,113,4,4
40703,46,44,2,2
40704,159,138,21,21
40705,94,76,18,18
40706,153,125,28,28
40707,108,92,16,16
40708,85,72,13,13
40709,69,67,2,2
40710,295,199,96,96
40711,74,70,4,4
40712,103,94,9,9
40713,80,70,10,10
40714,68,65,3,3
40715,120,112,8,8
40716,86,79,7,7
40717,118,103,15,15
40718,74,72,2,2
40719,99,77,22,22
40720,76,66,10,10
40721,134,111,23,23
40722,97,102,-5,5
40723,66,68,-2,2
40724,92,91,1,1
40725,50,47,3,3
40726,83,83,0,0
40727,98,91,7,7
40728,72,65,7,7
40729,71,67,4,4
40730,71,73,-2,2
40731,78,75,3,3
40732,81,78,3,3
40733,126,114,12,12
40734,71,64,7,7
40735,70,65,5,5
40736,141,123,18,18
40737,75,64,11,11
40738,85,73,12,12
40739,89,82,7,7
40740,82,75,7,7
40741,174,141,33,33
40742,77,70,7,7
40743,113,107,6,6
40744,165,148,17,17
40745,55,50,5,5
40746,94,77,17,17
40747,81,76,5,5
40748,103,90,13,13
40749,87,75,12,12
40750,68,76,-8,8
40751,205,185,20,20
40752,85,79,6,6
40753,66,61,5,5
40754,68,62,6,6
40755,87,79,8,8
40756,101,84,17,17
40757,115,102,13,13
40758,69,62,7,7
40759,144,123,21,21
40760,97,86,11,11
40761,107,98,9,9
40762,88,92,-4,4
40763,138,118,20,20
40764,90,74,16,16
40765,129,124,5,5
40766,66,61,5,5
40767,75,70,5,5
40768,118,102,16,16
40769,99,88,11,11
40770,77,68,9,9
40771,89,78,11,11
40772,95,88,7,7
40773,56,53,3,3
40774,115,103,12,12
40775,59,56,3,3
40776,117,105,12,12
40777,110,103,7,7
40778,120,92,28,28
40779,98,79,19,19
40780,121,110,11,11
40781,100,79,21,21
40782,85,77,8,8
40783,106,94,12,12
40784,165,142,23,23
40785,65,68,-3,3
40786,58,54,4,4
40787,165,144,21,21
40788,56,56,0,0
40789,62,64,-2,2
40790,85,72,13,13
40791,93,90,3,3
40792,57,59,-2,2
40793,97,88,9,9
40794,96,90,6,6
40795,45,46,-1,1
40796,114,101,13,13
40797,77,68,9,9
40798,77,77,0,0
40799,89,75,14,14
40800,70,66,4,4
40801,84,81,3,3
40802,89,95,-6,6
40803,104,98,6,6
40804,88,80,8,8
40805,68,63,5,5
40806,67,66,1,1
40807,51,46,5,5
40808,144,135,9,9
40809,135,119,16,16
40810,89,82,7,7
40811,122,106,16,16
40812,110,94,16,16
40813,81,75,6,6
40814,147,138,9,9
40815,60,57,3,3
40816,137,131,6,6
40817,110,99,11,11
40818,125,109,16,16
40819,89,85,4,4
40820,129,129,0,0
40821,70,58,12,12
40822,149,135,14,14
40823,72,72,0,0
40824,96,92,4,4
40825,76,73,3,3
40826,154,134,20,20
40827,220,175,45,45
40828,106,98,8,8
40829,95,92,3,3
40830,158,143,15,15
40831,140,125,15,15
40832,86,81,5,5
40833,96,79,17,17
40834,100,87,13,13
40835,70,75,-5,5
40836,64,62,2,2
40837,147,126,21,21
40838,75,71,4,4
40839,80,69,11,11
40840,161,128,33,33
40841,83,92,-9,9
40842,89,73,16,16
40843,169,141,28,28
40844,85,78,7,7
40845,151,137,14,14
40846,85,72,13,13
40847,61,63,-2,2
40848,62,59,3,3
40849,118,100,18,18
40850,97,86,11,11
40851,118,100,18,18
40852,104,83,21,21
40853,44,42,2,2
40854,101,88,13,13
40855,69,65,4,4
40856,52,50,2,2
40857,115,104,11,11
40858,56,53,3,3
40859,110,108,2,2
40860,96,104,-8,8
40861,88,78,10,10
40862,94,88,6,6
40863,60,56,4,4
40864,108,97,11,11
40865,114,93,21,21
40866,87,80,7,7
40867,102,92,10,10
40868,75,65,10,10
40869,56,50,6,6
40870,123,114,9,9
40871,29,42,-13,13
40872,70,75,-5,5
40873,87,75,12,12
40874,48,58,-10,10
40875,108,95,13,13
40876,164,145,19,19
40877,125,100,25,25
40878,66,61,5,5
40879,190,158,32,32
40880,91,81,10,10
40881,116,85,31,31
40882,96,86,10,10
40883,86,77,9,9
40884,157,149,8,8
40885,149,124,25,25
40886,54,51,3,3
40887,81,74,7,7
40888,97,92,5,5
40889,128,110,18,18
40890,96,89,7,7
40891,121,111,10,10
40892,131,113,18,18
40893,133,109,24,24
40894,130,111,19,19
40895,97,81,16,16
40896,68,69,-1,1
40897,118,97,21,21
40898,91,80,11,11
40899,90,93,-3,3
40900,65,61,4,4
40901,143,116,27,27
40902,80,63,17,17
40903,96,75,21,21
40904,104,88,16,16
40905,112,103,9,9
40906,86,79,7,7
40907,91,84,7,7
40908,205,156,49,49
40909,73,77,-4,4
40910,101,86,15,15
40911,73,70,3,3
40912,90,78,12,12
40913,191,172,19,19
40914,90,84,6,6
40915,149,132,17,17
40916,73,76,-3,3
40917,152,136,16,16
40918,115,99,16,16
40919,88,84,4,4
40920,86,76,10,10
40921,103,91,12,12
40922,37,39,-2,2
40923,83,70,13,13
40924,76,62,14,14
40925,56,50,6,6
40926,130,112,18,18
40927,67,60,7,7
40928,78,67,11,11
40929,105,94,11,11
40930,101,86,15,15
40931,88,77,11,11
40932,83,79,4,4
40933,108,98,10,10
40934,67,59,8,8
40935,107,94,13,13
40936,43,38,5,5
40937,71,74,-3,3
40938,99,81,18,18
40939,120,114,6,6
40940,132,106,26,26
40941,30,36,-6,6
40942,88,79,9,9
40943,82,88,-6,6
40944,59,63,-4,4
40945,68,65,3,3
40946,120,97,23,23
40947,60,55,5,5
40948,103,90,13,13
40949,110,96,14,14
40950,114,98,16,16
40951,90,81,9,9
40952,192,160,32,32
40953,100,90,10,10
40954,119,107,12,12
40955,91,77,14,14
40956,98,86,12,12
40957,51,48,3,3
40958,94,81,13,13
40959,98,93,5,5
40960,71,62,9,9
40961,106,107,-1,1
40962,78,75,3,3
40963,66,67,-1,1
40964,79,76,3,3
40965,85,79,6,6
40966,147,132,15,15
40967,68,61,7,7
40968,66,60,6,6
40969,81,74,7,7
40970,133,118,15,15
40971,120,102,18,18
40972,71,70,1,1
40973,169,149,20,20
40974,159,137,22,22
40975,57,60,-3,3
40976,73,71,2,2
40977,44,42,2,2
40978,85,81,4,4
40979,49,57,-8,8
40980,54,50,4,4
40981,89,76,13,13
40982,62,64,-2,2
40983,88,78,10,10
40984,93,91,2,2
40985,66,61,5,5
40986,69,64,5,5
40987,138,136,2,2
40988,88,82,6,6
40989,102,96,6,6
40990,45,43,2,2
40991,48,47,1,1
40992,106,101,5,5
40993,158,125,33,33
40994,125,106,19,19
40995,64,75,-11,11
40996,153,137,16,16
40997,66,62,4,4
40998,87,81,6,6
40999,90,80,10,10
41000,105,93,12,12
41001,51,46,5,5
41002,148,122,26,26
41003,123,117,6,6
41004,59,54,5,5
41005,88,70,18,18
41006,91,83,8,8
41007,77,74,3,3
41008,98,88,10,10
41009,84,80,4,4
41010,97,82,15,15
41011,129,105,24,24
41012,158,141,17,17
41013,99,94,5,5
41014,153,140,13,13
41015,140,110,30,30
41016,97,83,14,14
41017,116,107,9,9
41018,108,92,16,16
41019,117,105,12,12
41020,112,98,14,14
41021,70,67,3,3
41022,117,109,8,8
41023,186,157,29,29
41024,88,80,8,8
41025,40,43,-3,3
41026,69,66,3,3
41027,138,110,28,28
41028,68,66,2,2
41029,194,152,42,42
41030,141,121,20,20
41031,66,73,-7,7
41032,87,87,0,0
41033,112,98,14,14
41034,120,96,24,24
41035,117,98,19,19
41036,116,107,9,9
41037,113,110,3,3
41038,109,112,-3,3
41039,116,101,15,15
41040,107,92,15,15
41041,156,128,28,28
41042,54,51,3,3
41043,96,84,12,12
41044,116,101,15,15
41045,105,90,15,15
41046,53,49,4,4
41047,146,125,21,21
41048,111,110,1,1
41049,55,50,5,5
41050,130,111,19,19
41051,89,80,9,9
41052,99,101,-2,2
41053,101,82,19,19
41054,107,99,8,8
41055,56,55,1,1
41056,72,70,2,2
41057,141,123,18,18
41058,49,51,-2,2
41059,50,41,9,9
41060,106,86,20,20
41061,71,64,7,7
41062,82,88,-6,6
41063,112,95,17,17
41064,114,105,9,9
41065,91,83,8,8
41066,79,73,6,6
41067,87,82,5,5
41068,72,65,7,7
41069,140,128,12,12
41070,79,79,0,0
41071,103,87,16,16
41072,105,96,9,9
41073,80,74,6,6
41074,63,61,2,2
41075,89,79,10,10
41076,58,60,-2,2
41077,71,62,9,9
41078,91,87,4,4
41079,64,53,11,11
41080,134,117,17,17
41081,144,126,18,18
41082,46,64,-18,18
41083,79,82,-3,3
41084,137,111,26,26
41085,71,65,6,6
41086,88,77,11,11
41087,99,82,17,17
41088,77,73,4,4
41089,71,67,4,4
41090,66,61,5,5
41091,57,58,-1,1
41092,107,97,10,10
41093,157,140,17,17
41094,59,62,-3,3
41095,107,104,3,3
41096,150,127,23,23
41097,97,90,7,7
41098,56,54,2,2
41099,122,106,16,16
41100,118,95,23,23
41101,98,75,23,23
41102,87,85,2,2
41103,84,67,17,17
41104,67,62,5,5
41105,97,88,9,9
41106,110,100,10,10
41107,75,70,5,5
41108,49,50,-1,1
41109,121,118,3,3
41110,124,108,16,16
41111,86,78,8,8
41112,91,83,8,8
41113,74,64,10,10
41114,87,71,16,16
41115,61,60,1,1
41116,76,77,-1,1
41117,169,157,12,12
41118,79,73,6,6
41119,85,86,-1,1
41120,129,107,22,22
41121,68,64,4,4
41122,88,100,-12,12
41123,136,111,25,25
41124,81,76,5,5
41125,143,138,5,5
41126,66,59,7,7
41127,90,88,2,2
41128,69,64,5,5
41129,129,117,12,12
41130,77,77,0,0
41131,128,116,12,12
41132,110,102,8,8
41133,125,111,14,14
41134,82,71,11,11
41135,147,122,25,25
41136,77,72,5,5
41137,81,64,17,17
41138,91,81,10,10
41139,106,85,21,21
41140,65,64,1,1
41141,59,53,6,6
41142,107,101,6,6
41143,75,77,-2,2
41144,86,89,-3,3
41145,92,82,10,10
41146,87,80,7,7
41147,115,112,3,3
41148,70,67,3,3
41149,78,65,13,13
41150,77,69,8,8
41151,142,136,6,6
41152,161,141,20,20
41153,145,117,28,28
41154,102,92,10,10
41155,68,64,4,4
41156,81,78,3,3
41157,92,78,14,14
41158,91,84,7,7
41159,87,79,8,8
41160,168,145,23,23
41161,58,54,4,4
41162,119,92,27,27
41163,55,45,10,10
41164,69,66,3,3
41165,69,66,3,3
41166,99,90,9,9
41167,72,67,5,5
41168,82,80,2,2
41169,134,115,19,19
41170,88,75,13,13
41171,61,61,0,0
41172,77,73,4,4
41173,106,99,7,7
41174,89,82,7,7
41175,90,80,10,10
41176,102,98,4,4
41177,77,70,7,7
41178,63,59,4,4
41179,76,72,4,4
41180,67,59,8,8
41181,64,68,-4,4
41182,66,64,2,2
41183,126,111,15,15
41184,91,92,-1,1
41185,148,116,32,32
41186,111,95,16,16
41187,58,61,-3,3
41188,93,80,13,13
41189,80,70,10,10
41190,173,145,28,28
41191,80,72,8,8
41192,117,100,17,17
41193,69,55,14,14
41194,115,106,9,9
41195,122,100,22,22
41196,76,73,3,3
41197,89,68,21,21
41198,92,99,-7,7
41199,101,88,13,13
41200,156,130,26,26
41201,88,80,8,8
41202,61,57,4,4
41203,80,72,8,8
41204,128,111,17,17
41205,101,87,14,14
41206,114,100,14,14
41207,142,111,31,31
41208,53,48,5,5
41209,138,118,20,20
41210,49,47,2,2
41211,146,117,29,29
41212,91,79,12,12
41213,136,129,7,7
41214,60,64,-4,4
41215,147,125,22,22
41216,86,79,7,7
41217,71,66,5,5
41218,127,138,-11,11
41219,62,62,0,0
41220,109,93,16,16
41221,69,66,3,3
41222,186,165,21,21
41223,44,45,-1,1
41224,39,37,2,2
41225,89,84,5,5
41226,113,105,8,8
41227,65,60,5,5
41228,63,64,-1,1
41229,61,61,0,0
41230,132,111,21,21
41231,70,69,1,1
41232,179,152,27,27
41233,103,99,4,4
41234,118,99,19,19
41235,71,66,5,5
41236,156,126,30,30
41237,95,83,12,12
41238,108,102,6,6
41239,92,84,8,8
41240,125,104,21,21
41241,103,85,18,18
41242,87,71,16,16
41243,57,61,-4,4
41244,95,86,9,9
41245,207,186,21,21
41246,72,70,2,2
41247,158,139,19,19
41248,78,72,6,6
41249,59,57,2,2
41250,77,62,15,15
41251,78,68,10,10
41252,120,99,21,21
41253,137,119,18,18
41254,71,62,9,9
41255,117,101,16,16
41256,97,87,10,10
41257,108,98,10,10
41258,64,63,1,1
41259,125,106,19,19
41260,57,48,9,9
41261,47,47,0,0
41262,110,88,22,22
41263,173,158,15,15
41264,70,61,9,9
41265,112,99,13,13
41266,69,66,3,3
41267,95,82,13,13
41268,50,47,3,3
41269,60,57,3,3
41270,108,99,9,9
41271,88,80,8,8
41272,141,144,-3,3
41273,65,64,1,1
41274,111,111,0,0
41275,110,89,21,21
41276,156,116,40,40
41277,70,81,-11,11
41278,77,79,-2,2
41279,111,98,13,13
41280,77,70,7,7
41281,132,130,2,2
41282,94,78,16,16
41283,87,83,4,4
41284,71,71,0,0
41285,69,70,-1,1
41286,57,54,3,3
41287,63,63,0,0
41288,170,151,19,19
41289,99,86,13,13
41290,91,84,7,7
41291,75,75,0,0
41292,155,134,21,21
41293,169,141,28,28
41294,121,101,20,20
41295,56,55,1,1
41296,73,68,5,5
41297,142,82,60,60
41298,76,79,-3,3
41299,117,110,7,7
41300,113,105,8,8
41301,63,53,10,10
41302,146,120,26,26
41303,71,62,9,9
41304,68,63,5,5
41305,96,88,8,8
41306,64,63,1,1
41307,79,65,14,14
41308,77,70,7,7
41309,54,54,0,0
41310,81,77,4,4
41311,106,99,7,7
41312,130,106,24,24
41313,63,55,8,8
41314,74,71,3,3
41315,87,80,7,7
41316,97,86,11,11
41317,136,132,4,4
41318,78,70,8,8
41319,114,95,19,19
41320,172,175,-3,3
41321,69,78,-9,9
41322,55,59,-4,4
41323,68,61,7,7
41324,84,75,9,9
41325,64,59,5,5
41326,44,45,-1,1
41327,98,85,13,13
41328,118,112,6,6
41329,115,97,18,18
41330,151,131,20,20
41331,66,66,0,0
41332,150,120,30,30
41333,94,81,13,13
41334,83,81,2,2
41335,138,115,23,23
41336,96,87,9,9
41337,117,102,15,15
41338,32,36,-4,4
41339,167,144,23,23
41340,162,127,35,35
41341,120,114,6,6
41342,84,79,5,5
41343,64,58,6,6
41344,147,127,20,20
41345,74,72,2,2
41346,42,51,-9,9
41347,65,72,-7,7
41348,87,77,10,10
41349,101,98,3,3
41350,64,59,5,5
41351,54,60,-6,6
41352,99,94,5,5
41353,60,59,1,1
41354,62,59,3,3
41355,134,111,23,23
41356,79,75,4,4
41357,74,66,8,8
41358,103,101,2,2
41359,160,147,13,13
41360,103,90,13,13
41361,96,88,8,8
41362,66,57,9,9
41363,72,62,10,10
41364,69,68,1,1
41365,115,100,15,15
41366,74,64,10,10
41367,47,50,-3,3
41368,116,94,22,22
41369,75,77,-2,2
41370,74,77,-3,3
41371,138,118,20,20
41372,83,78,5,5
41373,78,74,4,4
41374,144,120,24,24
41375,94,83,11,11
41376,91,79,12,12
41377,97,93,4,4
41378,79,72,7,7
41379,87,80,7,7
41380,50,51,-1,1
41381,61,55,6,6
41382,66,71,-5,5
41383,83,74,9,9
41384,69,59,10,10
41385,117,94,23,23
41386,123,104,19,19
41387,152,114,38,38
41388,53,49,4,4
41389,41,66,-25,25
41390,120,101,19,19
41391,50,52,-2,2
41392,103,94,9,9
41393,59,69,-10,10
41394,146,120,26,26
41395,74,60,14,14
41396,119,102,17,17
41397,100,92,8,8
41398,109,90,19,19
41399,140,115,25,25
41400,104,93,11,11
41401,118,111,7,7
41402,129,107,22,22
41403,62,60,2,2
41404,80,77,3,3
41405,67,63,4,4
41406,45,47,-2,2
41407,111,102,9,9
41408,110,102,8,8
41409,68,66,2,2
41410,84,90,-6,6
41411,132,105,27,27
41412,67,61,6,6
41413,66,63,3,3
41414,53,62,-9,9
41415,88,81,7,7
41416,115,107,8,8
41417,142,132,10,10
41418,134,122,12,12
41419,108,97,11,11
41420,63,61,2,2
41421,68,59,9,9
41422,96,78,18,18
41423,73,72,1,1
41424,88,83,5,5
41425,107,88,19,19
41426,114,117,-3,3
41427,132,117,15,15
41428,64,66,-2,2
41429,73,64,9,9
41430,109,91,18,18
41431,65,60,5,5
41432,138,102,36,36
41433,103,84,19,19
41434,132,112,20,20
41435,67,63,4,4
41436,70,66,4,4
41437,114,116,-2,2
41438,54,55,-1,1
41439,87,74,13,13
41440,57,59,-2,2
41441,163,149,14,14
41442,83,78,5,5
41443,48,48,0,0
41444,62,66,-4,4
41445,110,91,19,19
41446,64,59,5,5
41447,154,133,21,21
41448,119,103,16,16
41449,81,80,1,1
41450,76,68,8,8
41451,125,94,31,31
41452,82,73,9,9
41453,140,122,18,18
41454,58,52,6,6
41455,90,76,14,14
41456,94,80,14,14
41457,70,67,3,3
41458,126,107,19,19
41459,42,42,0,0
41460,96,82,14,14
41461,144,116,28,28
41462,84,71,13,13
41463,91,79,12,12
41464,89,77,12,12
41465,68,66,2,2
41466,74,68,6,6
41467,73,66,7,7
41468,95,79,16,16
41469,141,113,28,28
41470,144,119,25,25
41471,115,105,10,10
41472,126,101,25,25
41473,81,71,10,10
41474,70,62,8,8
41475,101,94,7,7
41476,36,38,-2,2
41477,103,92,11,11
41478,50,51,-1,1
41479,108,88,20,20
41480,168,159,9,9
41481,89,89,0,0
41482,128,110,18,18
41483,87,70,17,17
41484,72,58,14,14
41485,166,144,22,22
41486,75,67,8,8
41487,116,106,10,10
41488,66,62,4,4
41489,89,88,1,1
41490,72,74,-2,2
41491,103,105,-2,2
41492,82,79,3,3
41493,108,98,10,10
41494,115,94,21,21
41495,154,152,2,2
41496,96,89,7,7
41497,70,64,6,6
41498,105,91,14,14
41499,103,98,5,5
41500,80,77,3,3
41501,167,123,44,44
41502,131,117,14,14
41503,87,80,7,7
41504,83,77,6,6
41505,221,188,33,33
41506,67,62,5,5
41507,114,100,14,14
41508,88,72,16,16
41509,80,71,9,9
41510,183,156,27,27
41511,67,69,-2,2
41512,172,146,26,26
41513,56,47,9,9
41514,60,54,6,6
41515,60,55,5,5
41516,77,76,1,1
41517,85,70,15,15
41518,64,61,3,3
41519,88,85,3,3
41520,143,113,30,30
41521,148,133,15,15
41522,73,69,4,4
41523,97,90,7,7
41524,85,85,0,0
41525,62,54,8,8
41526,82,72,10,10
41527,63,56,7,7
41528,55,50,5,5
41529,133,112,21,21
41530,96,91,5,5
41531,98,89,9,9
41532,67,62,5,5
41533,104,102,2,2
41534,118,148,-30,30
41535,83,85,-2,2
41536,110,104,6,6
41537,138,117,21,21
41538,79,69,10,10
41539,75,63,12,12
41540,67,63,4,4
41541,59,55,4,4
41542,63,51,12,12
41543,125,107,18,18
41544,156,142,14,14
41545,88,74,14,14
41546,106,94,12,12
41547,88,79,9,9
41548,126,114,12,12
41549,71,72,-1,1
41550,109,97,12,12
41551,61,90,-29,29
41552,100,96,4,4
41553,157,120,37,37
41554,168,149,19,19
41555,110,96,14,14
41556,92,88,4,4
41557,118,118,0,0
41558,159,145,14,14
41559,67,62,5,5
41560,78,82,-4,4
41561,93,85,8,8
41562,76,69,7,7
41563,156,132,24,24
41564,63,67,-4,4
41565,87,78,9,9
41566,79,70,9,9
41567,56,54,2,2
41568,65,60,5,5
41569,99,92,7,7
41570,90,71,19,19
41571,108,103,5,5
41572,59,55,4,4
41573,48,66,-18,18
41574,73,66,7,7
41575,111,91,20,20
41576,69,64,5,5
41577,149,117,32,32
41578,87,72,15,15
41579,87,74,13,13
41580,85,75,10,10
41581,112,91,21,21
41582,78,84,-6,6
41583,74,74,0,0
41584,85,79,6,6
41585,77,77,0,0
41586,113,93,20,20
41587,106,95,11,11
41588,61,66,-5,5
41589,82,82,0,0
41590,115,106,9,9
41591,51,52,-1,1
41592,109,84,25,25
41593,61,55,6,6
41594,60,60,0,0
41595,129,112,17,17
41596,152,118,34,34
41597,90,80,10,10
41598,204,167,37,37
41599,95,80,15,15
41600,81,79,2,2
41601,75,69,6,6
41602,95,82,13,13
41603,108,98,10,10
41604,140,116,24,24
41605,47,44,3,3
41606,92,74,18,18
41607,127,117,10,10
41608,64,68,-4,4
41609,86,69,17,17
41610,83,72,11,11
41611,86,85,1,1
41612,110,97,13,13
41613,128,120,8,8
41614,152,131,21,21
41615,106,100,6,6
41616,71,69,2,2
41617,70,73,-3,3
41618,71,67,4,4
41619,80,80,0,0
41620,10,33,-23,23
41621,95,79,16,16
41622,88,77,11,11
41623,55,42,13,13
41624,96,77,19,19
41625,114,92,22,22
41626,113,96,17,17
41627,115,95,20,20
41628,50,50,0,0
41629,130,116,14,14
41630,130,112,18,18
41631,85,77,8,8
41632,72,66,6,6
41633,177,151,26,26
41634,90,87,3,3
41635,131,127,4,4
41636,68,67,1,1
41637,46,49,-3,3
41638,96,90,6,6
41639,161,133,28,28
41640,60,55,5,5
41641,73,70,3,3
41642,50,50,0,0
41643,60,49,11,11
41644,122,106,16,16
41645,136,114,22,22
41646,90,76,14,14
41647,131,113,18,18
41648,95,82,13,13
41649,66,64,2,2
41650,105,101,4,4
41651,82,74,8,8
41652,107,96,11,11
41653,61,57,4,4
41654,136,111,25,25
41655,128,124,4,4
41656,66,69,-3,3
41657,125,111,14,14
41658,69,62,7,7
41659,68,72,-4,4
41660,84,78,6,6
41661,47,51,-4,4
41662,77,72,5,5
41663,113,94,19,19
41664,155,141,14,14
41665,88,84,4,4
41666,76,69,7,7
41667,104,131,-27,27
41668,43,43,0,0
41669,69,69,0,0
41670,94,93,1,1
41671,121,105,16,16
41672,178,147,31,31
41673,69,60,9,9
41674,113,104,9,9
41675,118,104,14,14
41676,86,77,9,9
41677,71,66,5,5
41678,112,100,12,12
41679,114,96,18,18
41680,68,60,8,8
41681,75,68,7,7
41682,103,88,15,15
41683,71,68,3,3
41684,57,54,3,3
41685,88,80,8,8
41686,165,138,27,27
41687,79,70,9,9
41688,133,121,12,12
41689,125,103,22,22
41690,91,99,-8,8
41691,117,108,9,9
41692,108,93,15,15
41693,101,91,10,10
41694,61,59,2,2
41695,170,144,26,26
41696,152,129,23,23
41697,86,79,7,7
41698,89,80,9,9
41699,137,116,21,21
41700,107,96,11,11
41701,145,121,24,24
41702,152,143,9,9
41703,89,72,17,17
41704,81,72,9,9
41705,102,97,5,5
41706,85,83,2,2
41707,70,66,4,4
41708,85,77,8,8
41709,105,93,12,12
41710,79,68,11,11
41711,55,58,-3,3
41712,94,82,12,12
41713,49,52,-3,3
41714,42,43,-1,1
41715,302,227,75,75
41716,116,97,19,19
41717,68,63,5,5
41718,81,77,4,4
41719,98,101,-3,3
41720,120,101,19,19
41721,135,123,12,12
41722,85,82,3,3
41723,76,73,3,3
41724,125,109,16,16
41725,26,33,-7,7
41726,111,85,26,26
41727,152,125,27,27
41728,85,74,11,11
41729,99,93,6,6
41730,98,101,-3,3
41731,99,90,9,9
41732,81,72,9,9
41733,98,99,-1,1
41734,101,80,21,21
41735,64,62,2,2
41736,185,163,22,22
41737,97,86,11,11
41738,93,92,1,1
41739,65,63,2,2
41740,89,82,7,7
41741,53,54,-1,1
41742,96,85,11,11
41743,133,115,18,18
41744,149,118,31,31
41745,155,131,24,24
41746,86,75,11,11
41747,64,57,7,7
41748,133,112,21,21
41749,119,117,2,2
41750,70,69,1,1
41751,57,54,3,3
41752,56,58,-2,2
41753,55,51,4,4
41754,57,58,-1,1
41755,106,99,7,7
41756,85,86,-1,1
41757,80,75,5,5
41758,71,78,-7,7
41759,79,86,-7,7
41760,72,72,0,0
41761,67,57,10,10
41762,200,169,31,31
41763,55,56,-1,1
41764,103,94,9,9
41765,80,72,8,8
41766,113,103,10,10
41767,34,61,-27,27
41768,77,74,3,3
41769,145,130,15,15
41770,143,134,9,9
41771,100,88,12,12
41772,53,47,6,6
41773,61,82,-21,21
41774,109,105,4,4
41775,86,70,16,16
41776,72,69,3,3
41777,86,84,2,2
41778,115,112,3,3
41779,74,74,0,0
41780,85,77,8,8
41781,97,85,12,12
41782,111,97,14,14
41783,63,74,-11,11
41784,104,96,8,8
41785,101,91,10,10
41786,110,94,16,16
41787,72,73,-1,1
41788,128,112,16,16
41789,74,81,-7,7
41790,108,89,19,19
41791,110,98,12,12
41792,68,61,7,7
41793,41,42,-1,1
41794,153,144,9,9
41795,115,106,9,9
41796,58,62,-4,4
41797,45,59,-14,14
41798,92,82,10,10
41799,57,57,0,0
41800,125,103,22,22
41801,82,80,2,2
41802,61,60,1,1
41803,148,124,24,24
41804,72,65,7,7
41805,108,98,10,10
41806,97,95,2,2
41807,134,111,23,23
41808,50,45,5,5
41809,66,61,5,5
41810,61,53,8,8
41811,91,79,12,12
41812,133,114,19,19
41813,131,102,29,29
41814,67,72,-5,5
41815,112,99,13,13
41816,100,103,-3,3
41817,193,162,31,31
41818,90,77,13,13
41819,77,70,7,7
41820,80,75,5,5
41821,117,104,13,13
41822,87,82,5,5
41823,64,63,1,1
41824,61,57,4,4
41825,120,112,8,8
41826,119,106,13,13
41827,137,113,24,24
41828,54,50,4,4
41829,162,129,33,33
41830,152,144,8,8
41831,69,58,11,11
41832,80,72,8,8
41833,92,84,8,8
41834,96,80,16,16
41835,107,100,7,7
41836,71,69,2,2
41837,83,81,2,2
41838,89,85,4,4
41839,121,105,16,16
41840,81,76,5,5
41841,112,104,8,8
41842,147,120,27,27
41843,62,60,2,2
41844,129,113,16,16
41845,74,74,0,0
41846,168,131,37,37
41847,47,46,1,1
41848,128,119,9,9
41849,49,50,-1,1
41850,56,55,1,1
41851,89,75,14,14
41852,67,63,4,4
41853,68,71,-3,3
41854,114,104,10,10
41855,137,132,5,5
41856,122,105,17,17
41857,74,70,4,4
41858,67,58,9,9
41859,129,114,15,15
41860,139,127,12,12
41861,62,61,1,1
41862,100,89,11,11
41863,88,77,11,11
41864,64,59,5,5
41865,92,78,14,14
41866,119,121,-2,2
41867,81,75,6,6
41868,59,54,5,5
41869,106,93,13,13
41870,94,80,14,14
41871,112,94,18,18
41872,80,74,6,6
41873,101,100,1,1
41874,135,113,22,22
41875,135,114,21,21
41876,104,87,17,17
41877,85,78,7,7
41878,176,152,24,24
41879,79,73,6,6
41880,69,62,7,7
41881,41,38,3,3
41882,47,43,4,4
41883,67,65,2,2
41884,69,70,-1,1
41885,51,51,0,0
41886,73,78,-5,5
41887,108,93,15,15
41888,47,41,6,6
41889,120,117,3,3
41890,117,101,16,16
41891,91,89,2,2
41892,110,104,6,6
41893,82,72,10,10
41894,97,87,10,10
41895,92,83,9,9
41896,72,66,6,6
41897,74,60,14,14
41898,80,86,-6,6
41899,49,45,4,4
41900,133,114,19,19
41901,85,79,6,6
41902,116,102,14,14
41903,72,61,11,11
41904,125,110,15,15
41905,91,84,7,7
41906,103,90,13,13
41907,110,98,12,12
41908,102,96,6,6
41909,111,92,19,19
41910,50,61,-11,11
41911,50,45,5,5
41912,106,94,12,12
41913,79,73,6,6
41914,138,111,27,27
41915,110,106,4,4
41916,59,56,3,3
41917,72,66,6,6
41918,190,154,36,36
41919,93,81,12,12
41920,47,42,5,5
41921,46,52,-6,6
41922,135,116,19,19
41923,56,65,-9,9
41924,67,62,5,5
41925,101,91,10,10
41926,78,70,8,8
41927,61,68,-7,7
41928,43,49,-6,6
41929,142,128,14,14
41930,88,86,2,2
41931,119,105,14,14
41932,146,118,28,28
41933,93,87,6,6
41934,109,101,8,8
41935,105,95,10,10
41936,98,92,6,6
41937,75,67,8,8
41938,78,74,4,4
41939,101,100,1,1
41940,88,95,-7,7
41941,133,126,7,7
41942,66,62,4,4
41943,101,88,13,13
41944,94,89,5,5
41945,86,77,9,9
41946,95,81,14,14
41947,96,94,2,2
41948,83,74,9,9
41949,119,89,30,30
41950,116,105,11,11
41951,92,79,13,13
41952,89,88,1,1
41953,215,203,12,12
41954,96,87,9,9
41955,138,117,21,21
41956,73,68,5,5
41957,72,72,0,0
41958,83,84,-1,1
41959,119,103,16,16
41960,83,75,8,8
41961,140,117,23,23
41962,164,134,30,30
41963,105,88,17,17
41964,109,84,25,25
41965,100,85,15,15
41966,95,88,7,7
41967,85,72,13,13
41968,83,76,7,7
41969,148,129,19,19
41970,95,91,4,4
41971,110,113,-3,3
41972,104,105,-1,1
41973,125,124,1,1
41974,110,110,0,0
41975,109,97,12,12
41976,87,75,12,12
41977,166,147,19,19
41978,68,75,-7,7
41979,104,83,21,21
41980,127,94,33,33
41981,60,60,0,0
41982,106,87,19,19
41983,58,58,0,0
41984,59,55,4,4
41985,98,87,11,11
41986,150,139,11,11
41987,107,102,5,5
41988,75,76,-1,1
41989,95,89,6,6
41990,82,76,6,6
41991,101,82,19,19
41992,63,65,-2,2
41993,81,61,20,20
41994,60,58,2,2
41995,121,105,16,16
41996,110,92,18,18
41997,73,73,0,0
41998,62,66,-4,4
41999,66,64,2,2
42000,87,84,3,3
42001,130,126,4,4
42002,84,81,3,3
42003,142,129,13,13
42004,61,58,3,3
42005,109,98,11,11
42006,147,123,24,24
42007,37,53,-16,16
42008,246,185,61,61
42009,61,64,-3,3
42010,111,98,13,13
42011,92,85,7,7
42012,133,129,4,4
42013,161,134,27,27
42014,128,122,6,6
42015,73,59,14,14
42016,115,104,11,11
42017,159,138,21,21
42018,75,67,8,8
42019,85,90,-5,5
42020,79,76,3,3
42021,103,89,14,14
42022,109,97,12,12
42023,89,80,9,9
42024,158,142,16,16
42025,86,82,4,4
42026,114,93,21,21
42027,145,124,21,21
42028,83,73,10,10
42029,142,128,14,14
42030,48,50,-2,2
42031,69,66,3,3
42032,90,96,-6,6
42033,152,126,26,26
42034,72,71,1,1
42035,93,86,7,7
42036,59,57,2,2
42037,142,124,18,18
42038,95,78,17,17
42039,152,124,28,28
42040,87,81,6,6
42041,79,59,20,20
42042,80,74,6,6
42043,89,84,5,5
42044,74,65,9,9
42045,78,68,10,10
42046,100,90,10,10
42047,92,86,6,6
42048,135,122,13,13
42049,112,101,11,11
42050,109,100,9,9
42051,86,72,14,14
42052,80,70,10,10
42053,92,97,-5,5
42054,93,85,8,8
42055,111,104,7,7
42056,64,60,4,4
42057,96,73,23,23
42058,79,86,-7,7
42059,148,146,2,2
42060,74,76,-2,2
42061,91,77,14,14
42062,85,76,9,9
42063,104,90,14,14
42064,132,120,12,12
42065,75,76,-1,1
42066,175,156,19,19
42067,77,65,12,12
42068,92,85,7,7
42069,150,129,21,21
42070,35,44,-9,9
42071,79,69,10,10
42072,57,60,-3,3
42073,70,54,16,16
42074,117,120,-3,3
42075,84,74,10,10
42076,51,73,-22,22
42077,88,87,1,1
42078,83,77,6,6
42079,89,73,16,16
42080,79,73,6,6
42081,76,73,3,3
42082,50,56,-6,6
42083,102,86,16,16
42084,111,115,-4,4
42085,82,79,3,3
42086,114,111,3,3
42087,99,82,17,17
42088,111,97,14,14
42089,99,94,5,5
42090,68,61,7,7
42091,159,127,32,32
42092,78,74,4,4
42093,43,47,-4,4
42094,64,61,3,3
42095,77,76,1,1
42096,38,41,-3,3
42097,39,38,1,1
42098,87,85,2,2
42099,89,77,12,12
42100,101,92,9,9
42101,115,102,13,13
42102,101,88,13,13
42103,52,54,-2,2
42104,68,67,1,1
42105,57,57,0,0
42106,97,82,15,15
42107,80,80,0,0
42108,95,88,7,7
42109,155,132,23,23
42110,74,69,5,5
42111,104,87,17,17
42112,63,67,-4,4
42113,28,35,-7,7
42114,96,83,13,13
42115,104,96,8,8
42116,118,103,15,15
42117,81,69,12,12
42118,58,57,1,1
42119,85,84,1,1
42120,59,61,-2,2
42121,91,93,-2,2
42122,120,101,19,19
42123,58,43,15,15
42124,89,72,17,17
42125,101,96,5,5
42126,89,79,10,10
42127,68,58,10,10
42128,122,101,21,21
42129,71,72,-1,1
42130,71,66,5,5
42131,75,88,-13,13
42132,130,121,9,9
42133,103,83,20,20
42134,114,99,15,15
42135,145,126,19,19
42136,108,94,14,14
42137,102,95,7,7
42138,107,93,14,14
42139,97,87,10,10
42140,94,78,16,16
42141,70,68,2,2
42142,91,83,8,8
42143,92,87,5,5
42144,60,61,-1,1
42145,83,77,6,6
42146,92,78,14,14
42147,106,100,6,6
42148,47,54,-7,7
42149,72,64,8,8
42150,137,118,19,19
42151,69,68,1,1
42152,69,57,12,12
42153,123,107,16,16
42154,77,74,3,3
42155,74,62,12,12
42156,144,133,11,11
42157,132,117,15,15
42158,109,94,15,15
42159,93,87,6,6
42160,56,51,5,5
42161,125,108,17,17
42162,54,60,-6,6
42163,127,106,21,21
42164,96,89,7,7
42165,106,85,21,21
42166,98,90,8,8
42167,97,87,10,10
42168,65,59,6,6
42169,91,77,14,14
42170,90,83,7,7
42171,135,111,24,24
42172,109,108,1,1
42173,101,91,10,10
42174,80,75,5,5
42175,105,98,7,7
42176,64,61,3,3
42177,155,139,16,16
42178,119,111,8,8
42179,76,63,13,13
42180,122,105,17,17
42181,59,58,1,1
42182,63,56,7,7
42183,92,87,5,5
42184,101,90,11,11
42185,100,89,11,11
42186,88,86,2,2
42187,98,86,12,12
42188,153,123,30,30
42189,92,79,13,13
42190,76,64,12,12
42191,110,97,13,13
42192,86,82,4,4
42193,130,113,17,17
42194,126,114,12,12
42195,78,65,13,13
42196,77,70,7,7
42197,104,98,6,6
42198,126,121,5,5
42199,79,70,9,9
42200,117,114,3,3
42201,45,46,-1,1
42202,100,94,6,6
42203,83,69,14,14
42204,134,118,16,16
42205,83,73,10,10
42206,90,90,0,0
42207,86,82,4,4
42208,89,81,8,8
42209,60,60,0,0
42210,78,74,4,4
42211,120,110,10,10
42212,72,69,3,3
42213,104,95,9,9
42214,188,154,34,34
42215,93,83,10,10
42216,159,132,27,27
42217,80,71,9,9
42218,96,92,4,4
42219,114,104,10,10
42220,113,103,10,10
42221,62,67,-5,5
42222,140,124,16,16
42223,157,131,26,26
42224,61,63,-2,2
42225,95,95,0,0
42226,130,115,15,15
42227,134,125,9,9
42228,84,80,4,4
42229,83,74,9,9
42230,96,89,7,7
42231,85,76,9,9
42232,117,111,6,6
42233,49,49,0,0
42234,55,50,5,5
42235,116,88,28,28
42236,65,62,3,3
42237,86,78,8,8
42238,58,67,-9,9
42239,55,58,-3,3
42240,109,94,15,15
42241,109,89,20,20
42242,115,102,13,13
42243,131,99,32,32
42244,79,74,5,5
42245,74,73,1,1
42246,114,100,14,14
42247,125,104,21,21
42248,90,76,14,14
42249,81,75,6,6
42250,109,95,14,14
42251,90,77,13,13
42252,58,49,9,9
42253,67,64,3,3
42254,88,73,15,15
42255,71,79,-8,8
42256,118,117,1,1
42257,109,100,9,9
42258,75,88,-13,13
42259,38,38,0,0
42260,173,145,28,28
42261,153,139,14,14
42262,66,56,10,10
42263,58,58,0,0
42264,44,45,-1,1
42265,86,74,12,12
42266,100,88,12,12
42267,86,82,4,4
42268,106,95,11,11
42269,80,72,8,8
42270,84,74,10,10
42271,76,69,7,7
42272,96,83,13,13
42273,90,83,7,7
42274,116,114,2,2
42275,196,150,46,46
42276,103,91,12,12
42277,95,92,3,3
42278,68,62,6,6
42279,96,77,19,19
42280,109,90,19,19
42281,86,82,4,4
42282,174,154,20,20
42283,78,77,1,1
42284,47,50,-3,3
42285,96,86,10,10
42286,92,83,9,9
42287,79,64,15,15
42288,85,75,10,10
42289,113,106,7,7
42290,96,88,8,8
42291,80,73,7,7
42292,43,40,3,3
42293,93,93,0,0
42294,63,67,-4,4
42295,96,81,15,15
42296,103,92,11,11
42297,53,55,-2,2
42298,99,86,13,13
42299,79,73,6,6
42300,70,63,7,7
42301,106,87,19,19
42302,104,127,-23,23
42303,141,126,15,15
42304,99,80,19,19
42305,96,85,11,11
42306,55,49,6,6
42307,99,90,9,9
42308,116,105,11,11
42309,64,84,-20,20
42310,152,122,30,30
42311,63,61,2,2
42312,78,69,9,9
42313,123,122,1,1
42314,126,112,14,14
42315,79,68,11,11
42316,92,70,22,22
42317,94,92,2,2
42318,200,171,29,29
42319,157,148,9,9
42320,80,72,8,8
42321,57,55,2,2
42322,141,124,17,17
42323,60,61,-1,1
42324,85,73,12,12
42325,54,45,9,9
42326,159,149,10,10
42327,150,122,28,28
42328,87,75,12,12
42329,47,58,-11,11
42330,96,88,8,8
42331,82,74,8,8
42332,74,67,7,7
42333,120,109,11,11
42334,109,82,27,27
42335,86,82,4,4
42336,129,110,19,19
42337,196,169,27,27
42338,178,150,28,28
42339,105,90,15,15
42340,61,61,0,0
42341,67,65,2,2
42342,109,99,10,10
42343,111,113,-2,2
42344,52,59,-7,7
42345,89,75,14,14
42346,71,78,-7,7
42347,111,99,12,12
42348,40,35,5,5
42349,79,78,1,1
42350,99,86,13,13
42351,96,87,9,9
42352,63,53,10,10
42353,103,109,-6,6
42354,97,100,-3,3
42355,90,84,6,6
42356,119,96,23,23
42357,176,148,28,28
42358,97,92,5,5
42359,131,124,7,7
42360,86,70,16,16
42361,77,68,9,9
42362,84,76,8,8
42363,70,62,8,8
42364,109,100,9,9
42365,121,106,15,15
42366,125,124,1,1
42367,150,114,36,36
42368,103,89,14,14
42369,151,120,31,31
42370,58,56,2,2
42371,64,58,6,6
42372,122,111,11,11
42373,104,87,17,17
42374,92,78,14,14
42375,100,88,12,12
42376,142,117,25,25
42377,93,79,14,14
42378,120,102,18,18
42379,75,73,2,2
42380,106,90,16,16
42381,60,61,-1,1
42382,83,77,6,6
42383,98,89,9,9
42384,56,46,10,10
42385,37,37,0,0
42386,97,79,18,18
42387,152,130,22,22
42388,97,83,14,14
42389,76,66,10,10
42390,80,82,-2,2
42391,56,56,0,0
42392,108,89,19,19
42393,128,99,29,29
42394,117,102,15,15
42395,103,90,13,13
42396,31,36,-5,5
42397,84,72,12,12
42398,92,84,8,8
42399,115,115,0,0
42400,128,116,12,12
42401,128,110,18,18
42402,75,75,0,0
42403,72,70,2,2
42404,95,84,11,11
42405,56,56,0,0
42406,83,78,5,5
42407,97,93,4,4
42408,109,89,20,20
42409,126,107,19,19
42410,135,125,10,10
42411,75,71,4,4
42412,73,65,8,8
42413,89,85,4,4
42414,94,85,9,9
42415,81,74,7,7
42416,78,73,5,5
42417,79,67,12,12
42418,78,73,5,5
42419,105,99,6,6
42420,112,99,13,13
42421,75,64,11,11
42422,98,88,10,10
42423,94,85,9,9
42424,56,58,-2,2
42425,92,77,15,15
42426,68,65,3,3
42427,104,94,10,10
42428,144,113,31,31
42429,50,55,-5,5
42430,51,50,1,1
42431,61,66,-5,5
42432,83,82,1,1
42433,28,37,-9,9
42434,99,93,6,6
42435,83,81,2,2
42436,162,134,28,28
42437,104,91,13,13
42438,88,83,5,5
42439,95,82,13,13
42440,116,99,17,17
42441,144,122,22,22
42442,69,50,19,19
42443,102,101,1,1
42444,116,105,11,11
42445,61,60,1,1
42446,108,98,10,10
42447,55,52,3,3
42448,142,122,20,20
42449,156,133,23,23
42450,129,107,22,22
42451,180,150,30,30
42452,111,105,6,6
42453,179,157,22,22
42454,89,83,6,6
42455,114,100,14,14
42456,96,82,14,14
42457,117,107,10,10
42458,64,60,4,4
42459,57,52,5,5
42460,54,56,-2,2
42461,95,81,14,14
42462,89,66,23,23
42463,109,90,19,19
42464,76,73,3,3
42465,67,62,5,5
42466,65,61,4,4
42467,76,80,-4,4
42468,92,83,9,9
42469,92,84,8,8
42470,74,66,8,8
42471,92,78,14,14
42472,80,70,10,10
42473,89,83,6,6
42474,43,44,-1,1
42475,69,67,2,2
42476,88,81,7,7
42477,84,84,0,0
42478,115,106,9,9
42479,56,49,7,7
42480,95,92,3,3
42481,80,85,-5,5
42482,80,73,7,7
42483,98,87,11,11
42484,49,49,0,0
42485,91,76,15,15
42486,64,65,-1,1
42487,53,55,-2,2
42488,85,71,14,14
42489,98,88,10,10
42490,100,83,17,17
42491,69,66,3,3
42492,48,49,-1,1
42493,105,86,19,19
42494,163,134,29,29
42495,150,132,18,18
42496,85,81,4,4
42497,128,119,9,9
42498,99,95,4,4
42499,103,87,16,16
42500,128,104,24,24
42501,107,99,8,8
42502,55,61,-6,6
42503,84,84,0,0
42504,90,88,2,2
42505,90,87,3,3
42506,72,64,8,8
42507,91,85,6,6
42508,87,86,1,1
42509,84,64,20,20
42510,42,42,0,0
42511,65,63,2,2
42512,131,117,14,14
42513,48,54,-6,6
42514,109,91,18,18
42515,85,84,1,1
42516,66,57,9,9
42517,83,80,3,3
42518,46,42,4,4
42519,141,122,19,19
42520,59,60,-1,1
42521,87,78,9,9
42522,84,84,0,0
42523,86,85,1,1
42524,127,109,18,18
42525,111,108,3,3
42526,102,96,6,6
42527,65,64,1,1
42528,70,65,5,5
42529,61,64,-3,3
42530,104,93,11,11
42531,111,99,12,12
42532,202,167,35,35
42533,100,83,17,17
42534,136,121,15,15
42535,35,41,-6,6
42536,40,40,0,0
42537,115,100,15,15
42538,116,99,17,17
42539,72,62,10,10
42540,108,97,11,11
42541,106,110,-4,4
42542,62,61,1,1
42543,127,107,20,20
42544,94,81,13,13
42545,89,76,13,13
42546,70,67,3,3
42547,72,73,-1,1
42548,98,79,19,19
42549,96,84,12,12
42550,108,102,6,6
42551,142,110,32,32
42552,77,73,4,4
42553,67,62,5,5
42554,81,79,2,2
42555,54,50,4,4
42556,124,111,13,13
42557,110,108,2,2
42558,101,91,10,10
42559,86,83,3,3
42560,117,102,15,15
42561,111,96,15,15
42562,136,113,23,23
42563,78,68,10,10
42564,62,71,-9,9
42565,231,185,46,46
42566,180,164,16,16
42567,91,81,10,10
42568,134,120,14,14
42569,80,76,4,4
42570,100,92,8,8
42571,123,108,15,15
42572,109,98,11,11
42573,70,64,6,6
42574,57,54,3,3
42575,148,134,14,14
42576,76,68,8,8
42577,70,67,3,3
42578,82,79,3,3
42579,102,100,2,2
42580,198,170,28,28
42581,56,51,5,5
42582,94,87,7,7
42583,97,90,7,7
42584,103,84,19,19
42585,81,73,8,8
42586,102,89,13,13
42587,85,78,7,7
42588,165,134,31,31
42589,50,54,-4,4
42590,124,112,12,12
42591,101,91,10,10
42592,79,69,10,10
42593,138,131,7,7
42594,191,136,55,55
42595,162,141,21,21
42596,126,107,19,19
42597,103,94,9,9
42598,49,49,0,0
42599,113,106,7,7
42600,100,87,13,13
42601,118,106,12,12
42602,117,111,6,6
42603,84,78,6,6
42604,110,91,19,19
42605,128,104,24,24
42606,105,95,10,10
42607,59,50,9,9
42608,91,83,8,8
42609,68,57,11,11
42610,72,74,-2,2
42611,135,120,15,15
42612,79,91,-12,12
42613,107,96,11,11
42614,30,37,-7,7
42615,70,69,1,1
42616,105,95,10,10
42617,92,83,9,9
42618,177,152,25,25
42619,84,81,3,3
42620,67,71,-4,4
42621,150,114,36,36
42622,65,79,-14,14
42623,69,66,3,3
42624,94,84,10,10
42625,87,71,16,16
42626,73,76,-3,3
42627,70,70,0,0
42628,93,79,14,14
42629,110,95,15,15
42630,87,70,17,17
42631,109,98,11,11
42632,71,71,0,0
42633,103,96,7,7
42634,152,129,23,23
42635,70,68,2,2
42636,125,98,27,27
42637,91,86,5,5
42638,172,150,22,22
42639,60,63,-3,3
42640,99,115,-16,16
42641,61,56,5,5
42642,91,82,9,9
42643,94,80,14,14
42644,135,114,21,21
42645,43,50,-7,7
42646,83,82,1,1
42647,93,84,9,9
42648,116,102,14,14
42649,131,98,33,33
42650,140,133,7,7
42651,101,98,3,3
42652,160,134,26,26
42653,157,122,35,35
42654,147,159,-12,12
42655,151,135,16,16
42656,162,144,18,18
42657,52,89,-37,37
42658,77,63,14,14
42659,86,75,11,11
42660,86,83,3,3
42661,91,77,14,14
42662,118,100,18,18
42663,103,87,16,16
42664,103,92,11,11
42665,74,69,5,5
42666,119,103,16,16
42667,89,78,11,11
42668,107,93,14,14
42669,109,130,-21,21
42670,85,84,1,1
42671,70,64,6,6
42672,86,78,8,8
42673,105,93,12,12
42674,98,92,6,6
42675,75,70,5,5
42676,50,56,-6,6
42677,67,64,3,3
42678,76,68,8,8
42679,80,68,12,12
42680,124,116,8,8
42681,60,62,-2,2
42682,73,67,6,6
42683,52,50,2,2
42684,102,92,10,10
42685,29,34,-5,5
42686,66,68,-2,2
42687,80,66,14,14
42688,76,70,6,6
42689,107,96,11,11
42690,68,56,12,12
42691,129,107,22,22
42692,51,45,6,6
42693,131,122,9,9
42694,73,71,2,2
42695,157,133,24,24
42696,96,93,3,3
42697,19,46,-27,27
42698,109,91,18,18
42699,67,64,3,3
42700,132,118,14,14
42701,156,116,40,40
42702,85,88,-3,3
42703,90,82,8,8
42704,85,74,11,11
42705,44,53,-9,9
42706,150,126,24,24
42707,65,63,2,2
42708,91,95,-4,4
42709,63,73,-10,10
42710,80,77,3,3
42711,163,150,13,13
42712,110,92,18,18
42713,100,88,12,12
42714,89,75,14,14
42715,51,49,2,2
42716,97,94,3,3
42717,82,76,6,6
42718,85,77,8,8
42719,73,72,1,1
42720,80,69,11,11
42721,50,55,-5,5
42722,81,70,11,11
42723,68,64,4,4
42724,76,72,4,4
42725,75,65,10,10
42726,82,83,-1,1
42727,78,74,4,4
42728,53,65,-12,12
42729,55,54,1,1
42730,41,40,1,1
42731,95,88,7,7
42732,55,50,5,5
42733,99,107,-8,8
42734,64,67,-3,3
42735,93,96,-3,3
42736,61,53,8,8
42737,95,86,9,9
42738,116,107,9,9
42739,83,68,15,15
42740,82,68,14,14
42741,137,104,33,33
42742,69,71,-2,2
42743,69,58,11,11
42744,60,51,9,9
42745,81,79,2,2
42746,128,115,13,13
42747,78,68,10,10
42748,79,76,3,3
42749,74,74,0,0
42750,69,66,3,3
42751,140,116,24,24
42752,108,105,3,3
42753,61,53,8,8
42754,142,128,14,14
42755,42,38,4,4
42756,68,57,11,11
42757,74,69,5,5
42758,94,88,6,6
42759,164,141,23,23
42760,77,69,8,8
42761,94,80,14,14
42762,192,173,19,19
42763,121,110,11,11
42764,61,57,4,4
42765,120,112,8,8
42766,103,92,11,11
42767,89,79,10,10
42768,100,84,16,16
42769,97,80,17,17
42770,64,65,-1,1
42771,165,144,21,21
42772,74,67,7,7
42773,65,62,3,3
42774,39,45,-6,6
42775,183,152,31,31
42776,82,78,4,4
42777,111,98,13,13
42778,150,123,27,27
42779,89,73,16,16
42780,116,101,15,15
42781,106,95,11,11
42782,129,120,9,9
42783,59,59,0,0
42784,161,123,38,38
42785,108,111,-3,3
42786,63,69,-6,6
42787,114,98,16,16
42788,80,78,2,2
42789,81,77,4,4
42790,72,65,7,7
42791,99,84,15,15
42792,98,77,21,21
42793,111,90,21,21
42794,120,106,14,14
42795,119,105,14,14
42796,69,67,2,2
42797,137,115,22,22
42798,130,116,14,14
42799,106,85,21,21
42800,58,58,0,0
42801,144,124,20,20
42802,117,108,9,9
42803,146,141,5,5
42804,137,118,19,19
42805,116,110,6,6
42806,86,73,13,13
42807,89,79,10,10
42808,107,96,11,11
42809,108,101,7,7
42810,109,91,18,18
42811,53,54,-1,1
42812,79,64,15,15
42813,59,58,1,1
42814,84,74,10,10
42815,156,127,29,29
42816,121,106,15,15
42817,66,61,5,5
42818,74,66,8,8
42819,47,97,-50,50
42820,106,94,12,12
42821,98,81,17,17
42822,68,58,10,10
42823,58,62,-4,4
42824,86,82,4,4
42825,87,84,3,3
42826,85,86,-1,1
42827,143,123,20,20
42828,168,133,35,35
42829,63,66,-3,3
42830,72,106,-34,34
42831,170,164,6,6
42832,139,133,6,6
42833,104,100,4,4
42834,66,55,11,11
42835,78,74,4,4
42836,66,56,10,10
42837,78,69,9,9
42838,178,142,36,36
42839,176,150,26,26
42840,77,65,12,12
42841,51,48,3,3
42842,112,82,30,30
42843,110,115,-5,5
42844,140,129,11,11
42845,120,99,21,21
42846,88,80,8,8
42847,85,85,0,0
42848,166,135,31,31
42849,71,68,3,3
42850,112,109,3,3
42851,73,63,10,10
42852,80,73,7,7
42853,113,116,-3,3
42854,62,60,2,2
42855,94,64,30,30
42856,145,132,13,13
42857,131,124,7,7
42858,103,93,10,10
42859,98,94,4,4
42860,84,72,12,12
42861,133,110,23,23
42862,144,123,21,21
42863,141,117,24,24
42864,119,96,23,23
42865,87,79,8,8
42866,79,76,3,3
42867,63,65,-2,2
42868,89,88,1,1
42869,38,40,-2,2
42870,99,95,4,4
42871,114,96,18,18
42872,129,104,25,25
42873,155,135,20,20
42874,87,68,19,19
42875,70,63,7,7
42876,112,95,17,17
42877,137,116,21,21
42878,92,79,13,13
42879,145,124,21,21
42880,154,120,34,34
42881,130,113,17,17
42882,45,42,3,3
42883,63,55,8,8
42884,58,51,7,7
42885,96,92,4,4
42886,102,91,11,11
42887,118,116,2,2
42888,119,105,14,14
42889,75,68,7,7
42890,115,104,11,11
42891,94,86,8,8
42892,108,96,12,12
42893,101,88,13,13
42894,136,120,16,16
42895,110,101,9,9
42896,127,111,16,16
42897,94,77,17,17
42898,124,100,24,24
42899,68,67,1,1
42900,128,108,20,20
42901,138,124,14,14
42902,83,79,4,4
42903,125,97,28,28
42904,63,61,2,2
42905,133,99,34,34
42906,77,68,9,9
42907,94,83,11,11
42908,116,94,22,22
42909,93,85,8,8
42910,84,80,4,4
42911,125,109,16,16
42912,123,115,8,8
42913,92,80,12,12
42914,155,139,16,16
42915,86,173,-87,87
42916,75,70,5,5
42917,74,72,2,2
42918,78,75,3,3
42919,96,81,15,15
42920,113,109,4,4
42921,139,143,-4,4
42922,95,80,15,15
42923,83,75,8,8
42924,128,118,10,10
42925,102,92,10,10
42926,124,124,0,0
42927,71,67,4,4
42928,63,61,2,2
42929,71,66,5,5
42930,131,124,7,7
42931,115,120,-5,5
42932,91,80,11,11
42933,92,89,3,3
42934,59,50,9,9
42935,138,124,14,14
42936,71,63,8,8
42937,53,50,3,3
42938,103,94,9,9
42939,85,73,12,12
42940,92,85,7,7
42941,109,111,-2,2
42942,74,77,-3,3
42943,100,88,12,12
42944,111,97,14,14
42945,112,100,12,12
42946,112,94,18,18
42947,31,36,-5,5
42948,57,68,-11,11
42949,194,159,35,35
42950,75,66,9,9
42951,119,105,14,14
42952,106,94,12,12
42953,89,72,17,17
42954,75,67,8,8
42955,77,74,3,3
42956,68,67,1,1
42957,48,44,4,4
42958,53,48,5,5
42959,91,83,8,8
42960,90,94,-4,4
42961,57,61,-4,4
42962,81,75,6,6
42963,113,97,16,16
42964,89,78,11,11
42965,74,66,8,8
42966,89,78,11,11
42967,73,74,-1,1
42968,54,46,8,8
42969,77,74,3,3
42970,108,87,21,21
42971,59,62,-3,3
42972,218,176,42,42
42973,118,115,3,3
42974,86,83,3,3
42975,153,130,23,23
42976,123,109,14,14
42977,117,106,11,11
42978,51,41,10,10
42979,77,70,7,7
42980,59,53,6,6
42981,69,69,0,0
42982,67,68,-1,1
42983,83,72,11,11
42984,137,113,24,24
42985,96,80,16,16
42986,68,64,4,4
42987,91,90,1,1
42988,81,80,1,1
42989,79,62,17,17
42990,50,42,8,8
42991,78,73,5,5
42992,32,33,-1,1
42993,64,58,6,6
42994,80,81,-1,1
42995,99,90,9,9
42996,131,123,8,8
42997,48,48,0,0
42998,77,65,12,12
42999,128,114,14,14
43000,120,108,12,12
43001,55,54,1,1
43002,79,65,14,14
43003,85,77,8,8
43004,148,123,25,25
43005,136,120,16,16
43006,111,108,3,3
43007,105,120,-15,15
43008,93,80,13,13
43009,79,70,9,9
43010,87,80,7,7
43011,69,68,1,1
43012,109,94,15,15
43013,156,133,23,23
43014,106,99,7,7
43015,105,97,8,8
43016,42,39,3,3
43017,84,75,9,9
43018,15,33,-18,18
43019,89,88,1,1
43020,179,154,25,25
43021,65,64,1,1
43022,108,103,5,5
43023,40,43,-3,3
43024,89,76,13,13
43025,138,115,23,23
43026,134,124,10,10
43027,102,88,14,14
43028,103,92,11,11
43029,143,116,27,27
43030,65,66,-1,1
43031,74,66,8,8
43032,116,97,19,19
43033,79,73,6,6
43034,74,70,4,4
43035,91,64,27,27
43036,99,87,12,12
43037,64,55,9,9
43038,120,103,17,17
43039,103,85,18,18
43040,90,78,12,12
43041,51,46,5,5
43042,96,81,15,15
43043,77,69,8,8
43044,142,129,13,13
43045,77,63,14,14
43046,90,80,10,10
43047,141,123,18,18
43048,85,81,4,4
43049,98,81,17,17
43050,146,128,18,18
43051,120,100,20,20
43052,107,101,6,6
43053,97,92,5,5
43054,125,116,9,9
43055,81,78,3,3
43056,99,94,5,5
43057,90,87,3,3
43058,53,47,6,6
43059,88,72,16,16
43060,70,60,10,10
43061,57,69,-12,12
43062,77,67,10,10
43063,51,60,-9,9
43064,110,102,8,8
43065,72,67,5,5
43066,101,92,9,9
43067,177,142,35,35
43068,153,125,28,28
43069,157,138,19,19
43070,67,63,4,4
43071,63,58,5,5
43072,208,174,34,34
43073,84,75,9,9
43074,69,66,3,3
43075,110,87,23,23
43076,85,65,20,20
43077,37,37,0,0
43078,142,107,35,35
43079,82,82,0,0
43080,81,81,0,0
43081,94,85,9,9
43082,143,127,16,16
43083,118,99,19,19
43084,86,87,-1,1
43085,76,73,3,3
43086,73,60,13,13
43087,131,103,28,28
43088,53,61,-8,8
43089,66,61,5,5
43090,101,94,7,7
43091,115,103,12,12
43092,136,117,19,19
43093,61,81,-20,20
43094,86,80,6,6
43095,71,74,-3,3
43096,81,74,7,7
43097,69,73,-4,4
43098,36,41,-5,5
43099,157,137,20,20
43100,57,55,2,2
43101,73,61,12,12
43102,185,146,39,39
43103,62,53,9,9
43104,123,111,12,12
43105,65,59,6,6
43106,73,64,9,9
43107,98,87,11,11
43108,101,86,15,15
43109,104,91,13,13
43110,83,78,5,5
43111,58,59,-1,1
43112,85,78,7,7
43113,55,55,0,0
43114,80,66,14,14
43115,66,60,6,6
43116,83,71,12,12
43117,107,102,5,5
43118,104,88,16,16
43119,44,47,-3,3
43120,63,65,-2,2
43121,85,73,12,12
43122,133,114,19,19
43123,59,56,3,3
43124,130,98,32,32
43125,74,68,6,6
43126,62,54,8,8
43127,109,90,19,19
43128,71,68,3,3
43129,55,82,-27,27
43130,142,125,17,17
43131,117,110,7,7
43132,110,93,17,17
43133,35,45,-10,10
43134,85,82,3,3
43135,63,54,9,9
43136,79,81,-2,2
43137,101,87,14,14
43138,73,69,4,4
43139,150,143,7,7
43140,164,129,35,35
43141,121,105,16,16
43142,56,56,0,0
43143,82,78,4,4
43144,115,117,-2,2
43145,103,86,17,17
43146,80,70,10,10
43147,90,91,-1,1
43148,103,89,14,14
43149,122,113,9,9
43150,113,104,9,9
43151,62,66,-4,4
43152,120,107,13,13
43153,94,87,7,7
43154,93,83,10,10
43155,52,49,3,3
43156,89,75,14,14
43157,72,56,16,16
43158,65,54,11,11
43159,92,79,13,13
43160,59,57,2,2
43161,86,94,-8,8
43162,119,101,18,18
43163,64,63,1,1
43164,142,104,38,38
43165,80,75,5,5
43166,68,65,3,3
43167,85,80,5,5
43168,69,64,5,5
43169,157,143,14,14
43170,120,96,24,24
43171,135,117,18,18
43172,72,63,9,9
43173,99,80,19,19
43174,88,85,3,3
43175,101,90,11,11
43176,72,69,3,3
43177,166,150,16,16
43178,49,48,1,1
43179,89,78,11,11
43180,113,94,19,19
43181,113,96,17,17
43182,85,82,3,3
43183,67,69,-2,2
43184,89,82,7,7
43185,63,62,1,1
43186,52,85,-33,33
43187,127,109,18,18
43188,106,94,12,12
43189,120,95,25,25
43190,97,101,-4,4
43191,57,59,-2,2
43192,68,69,-1,1
43193,105,96,9,9
43194,106,98,8,8
43195,133,118,15,15
43196,63,66,-3,3
43197,58,56,2,2
43198,106,100,6,6
43199,103,87,16,16
43200,71,66,5,5
43201,103,95,8,8
43202,42,40,2,2
43203,91,78,13,13
43204,103,98,5,5
43205,90,82,8,8
43206,103,96,7,7
43207,111,93,18,18
43208,132,106,26,26
43209,115,100,15,15
43210,121,113,8,8
43211,122,102,20,20
43212,132,111,21,21
43213,32,41,-9,9
43214,110,93,17,17
43215,87,82,5,5
43216,135,117,18,18
43217,102,90,12,12
43218,82,79,3,3
43219,131,108,23,23
43220,102,94,8,8
43221,52,49,3,3
43222,100,98,2,2
43223,100,86,14,14
43224,90,87,3,3
43225,85,82,3,3
43226,61,60,1,1
43227,154,149,5,5
43228,137,113,24,24
43229,107,90,17,17
43230,98,89,9,9
43231,92,80,12,12
43232,191,149,42,42
43233,113,109,4,4
43234,104,96,8,8
43235,62,55,7,7
43236,80,72,8,8
43237,50,46,4,4
43238,100,78,22,22
43239,126,115,11,11
43240,113,95,18,18
43241,69,66,3,3
43242,62,56,6,6
43243,52,66,-14,14
43244,118,105,13,13
43245,59,60,-1,1
43246,40,43,-3,3
43247,93,85,8,8
43248,105,99,6,6
43249,127,106,21,21
43250,84,84,0,0
43251,93,94,-1,1
43252,121,114,7,7
43253,94,89,5,5
43254,64,63,1,1
43255,109,94,15,15
43256,123,120,3,3
43257,130,115,15,15
43258,138,120,18,18
43259,67,66,1,1
43260,99,88,11,11
43261,84,73,11,11
43262,112,112,0,0
43263,103,94,9,9
43264,60,54,6,6
43265,90,96,-6,6
43266,131,121,10,10
43267,47,45,2,2
43268,90,78,12,12
43269,81,75,6,6
43270,84,75,9,9
43271,81,77,4,4
43272,105,97,8,8
43273,67,64,3,3
43274,86,80,6,6
43275,140,129,11,11
43276,78,66,12,12
43277,96,84,12,12
43278,102,95,7,7
43279,43,43,0,0
43280,71,76,-5,5
43281,91,89,2,2
43282,84,75,9,9
43283,125,105,20,20
43284,50,55,-5,5
43285,90,86,4,4
43286,68,60,8,8
43287,129,112,17,17
43288,133,124,9,9
43289,72,85,-13,13
43290,150,130,20,20
43291,179,147,32,32
43292,96,85,11,11
43293,72,65,7,7
43294,178,137,41,41
43295,89,80,9,9
43296,129,108,21,21
43297,84,74,10,10
43298,87,76,11,11
43299,82,69,13,13
43300,82,83,-1,1
43301,91,80,11,11
43302,112,104,8,8
43303,88,85,3,3
43304,100,97,3,3
43305,164,140,24,24
43306,89,86,3,3
43307,72,73,-1,1
43308,111,106,5,5
43309,123,115,8,8
43310,163,128,35,35
43311,65,63,2,2
43312,130,124,6,6
43313,145,129,16,16
43314,92,83,9,9
43315,50,56,-6,6
43316,73,84,-11,11
43317,57,55,2,2
43318,89,69,20,20
43319,82,71,11,11
43320,67,61,6,6
43321,91,91,0,0
43322,112,100,12,12
43323,73,69,4,4
43324,64,58,6,6
43325,119,118,1,1
43326,61,49,12,12
43327,26,33,-7,7
43328,67,64,3,3
43329,178,148,30,30
43330,97,75,22,22
43331,132,101,31,31
43332,121,112,9,9
43333,143,109,34,34
43334,92,89,3,3
43335,78,75,3,3
43336,99,94,5,5
43337,68,61,7,7
43338,61,56,5,5
43339,139,128,11,11
43340,162,144,18,18
43341,86,77,9,9
43342,106,92,14,14
43343,48,43,5,5
43344,125,106,19,19
43345,123,109,14,14
43346,117,103,14,14
43347,229,176,53,53
43348,83,79,4,4
43349,72,100,-28,28
43350,130,116,14,14
43351,49,47,2,2
43352,124,112,12,12
43353,123,113,10,10
43354,127,119,8,8
43355,78,73,5,5
43356,87,101,-14,14
43357,129,104,25,25
43358,97,82,15,15
43359,129,128,1,1
43360,69,63,6,6
43361,84,78,6,6
43362,122,100,22,22
43363,158,127,31,31
43364,77,76,1,1
43365,86,90,-4,4
43366,100,94,6,6
43367,93,90,3,3
43368,117,102,15,15
43369,139,113,26,26
43370,100,86,14,14
43371,162,139,23,23
43372,68,66,2,2
43373,68,64,4,4
43374,85,70,15,15
43375,105,89,16,16
43376,174,139,35,35
43377,85,79,6,6
43378,108,91,17,17
43379,67,64,3,3
43380,115,101,14,14
43381,63,58,5,5
43382,107,95,12,12
43383,99,95,4,4
43384,52,52,0,0
43385,87,77,10,10
43386,125,88,37,37
43387,64,54,10,10
43388,101,99,2,2
43389,118,106,12,12
43390,129,115,14,14
43391,100,92,8,8
43392,71,61,10,10
43393,70,72,-2,2
43394,70,72,-2,2
43395,101,79,22,22
43396,71,69,2,2
43397,70,65,5,5
43398,115,103,12,12
43399,56,52,4,4
43400,106,96,10,10
43401,125,110,15,15
43402,104,93,11,11
43403,84,75,9,9
43404,64,63,1,1
43405,82,78,4,4
43406,99,97,2,2
43407,167,147,20,20
43408,107,97,10,10
43409,91,79,12,12
43410,83,79,4,4
43411,89,72,17,17
43412,92,81,11,11
43413,114,97,17,17
43414,126,95,31,31
43415,133,115,18,18
43416,51,54,-3,3
43417,87,74,13,13
43418,67,60,7,7
43419,67,61,6,6
43420,142,118,24,24
43421,139,116,23,23
43422,125,99,26,26
43423,81,70,11,11
43424,210,172,38,38
43425,113,98,15,15
43426,57,65,-8,8
43427,94,90,4,4
43428,121,85,36,36
43429,107,97,10,10
43430,38,44,-6,6
43431,81,78,3,3
43432,126,102,24,24
43433,248,211,37,37
43434,92,83,9,9
43435,153,130,23,23
43436,127,114,13,13
43437,45,46,-1,1
43438,81,98,-17,17
43439,164,145,19,19
43440,140,134,6,6
43441,114,101,13,13
43442,115,105,10,10
43443,87,77,10,10
43444,57,54,3,3
43445,51,43,8,8
43446,95,98,-3,3
43447,33,38,-5,5
43448,128,110,18,18
43449,101,88,13,13
43450,75,70,5,5
43451,138,121,17,17
43452,136,110,26,26
43453,63,80,-17,17
43454,80,61,19,19
43455,90,93,-3,3
43456,47,44,3,3
43457,96,86,10,10
43458,62,54,8,8
43459,98,85,13,13
43460,140,123,17,17
43461,84,71,13,13
43462,143,128,15,15
43463,84,80,4,4
43464,151,140,11,11
43465,87,71,16,16
43466,107,103,4,4
43467,118,99,19,19
43468,60,60,0,0
43469,82,80,2,2
43470,167,143,24,24
43471,110,90,20,20
43472,98,89,9,9
43473,83,78,5,5
43474,76,68,8,8
43475,93,91,2,2
43476,102,92,10,10
43477,76,62,14,14
43478,76,74,2,2
43479,115,101,14,14
43480,77,75,2,2
43481,98,87,11,11
43482,149,127,22,22
43483,78,70,8,8
43484,119,107,12,12
43485,121,105,16,16
43486,46,70,-24,24
43487,67,70,-3,3
43488,129,106,23,23
43489,114,105,9,9
43490,73,69,4,4
43491,118,105,13,13
43492,90,84,6,6
43493,165,149,16,16
43494,147,130,17,17
43495,52,43,9,9
43496,111,108,3,3
43497,160,128,32,32
43498,88,86,2,2
43499,105,96,9,9
43500,105,85,20,20
43501,90,85,5,5
43502,120,111,9,9
43503,89,70,19,19
43504,79,74,5,5
43505,82,83,-1,1
43506,122,113,9,9
43507,96,86,10,10
43508,48,50,-2,2
43509,70,60,10,10
43510,65,69,-4,4
43511,78,74,4,4
43512,133,118,15,15
43513,48,47,1,1
43514,90,81,9,9
43515,54,54,0,0
43516,104,85,19,19
43517,91,75,16,16
43518,112,99,13,13
43519,63,63,0,0
43520,113,101,12,12
43521,99,81,18,18
43522,100,89,11,11
43523,69,65,4,4
43524,122,107,15,15
43525,84,79,5,5
43526,119,94,25,25
43527,103,87,16,16
43528,91,97,-6,6
43529,55,56,-1,1
43530,64,62,2,2
43531,87,76,11,11
43532,220,182,38,38
43533,85,80,5,5
43534,63,63,0,0
43535,64,60,4,4
43536,109,108,1,1
43537,80,72,8,8
43538,91,80,11,11
43539,146,131,15,15
43540,125,111,14,14
43541,130,120,10,10
43542,127,126,1,1
43543,113,93,20,20
43544,125,113,12,12
43545,84,79,5,5
43546,111,99,12,12
43547,138,114,24,24
43548,47,45,2,2
43549,75,77,-2,2
43550,98,100,-2,2
43551,163,136,27,27
43552,140,114,26,26
43553,50,42,8,8
43554,77,70,7,7
43555,64,56,8,8
43556,76,68,8,8
43557,108,96,12,12
43558,53,45,8,8
43559,65,67,-2,2
43560,197,168,29,29
43561,182,151,31,31
43562,71,64,7,7
43563,134,106,28,28
43564,126,105,21,21
43565,54,56,-2,2
43566,132,122,10,10
43567,86,75,11,11
43568,106,98,8,8
43569,53,53,0,0
43570,87,81,6,6
43571,80,75,5,5
43572,150,139,11,11
43573,49,45,4,4
43574,137,95,42,42
43575,51,50,1,1
43576,90,76,14,14
43577,125,111,14,14
43578,110,102,8,8
43579,112,106,6,6
43580,51,51,0,0
43581,105,85,20,20
43582,110,101,9,9
43583,93,88,5,5
43584,169,142,27,27
43585,97,74,23,23
43586,97,74,23,23
43587,89,85,4,4
43588,75,70,5,5
43589,119,107,12,12
43590,93,88,5,5
43591,53,51,2,2
43592,121,94,27,27
43593,61,71,-10,10
43594,98,96,2,2
43595,92,84,8,8
43596,63,57,6,6
43597,101,81,20,20
43598,180,148,32,32
43599,70,63,7,7
43600,66,63,3,3
43601,121,164,-43,43
43602,100,89,11,11
43603,151,132,19,19
43604,44,59,-15,15
43605,93,84,9,9
43606,79,68,11,11
43607,133,109,24,24
43608,51,47,4,4
43609,111,101,10,10
43610,83,78,5,5
43611,93,90,3,3
43612,78,64,14,14
43613,75,68,7,7
43614,133,120,13,13
43615,128,105,23,23
43616,98,95,3,3
43617,137,107,30,30
43618,79,78,1,1
43619,90,79,11,11
43620,62,63,-1,1
43621,170,153,17,17
43622,123,112,11,11
43623,57,59,-2,2
43624,87,90,-3,3
43625,35,45,-10,10
43626,76,79,-3,3
43627,95,78,17,17
43628,63,66,-3,3
43629,74,69,5,5
43630,125,117,8,8
43631,115,104,11,11
43632,63,59,4,4
43633,141,122,19,19
43634,78,71,7,7
43635,71,66,5,5
43636,90,81,9,9
43637,235,199,36,36
43638,118,98,20,20
43639,65,66,-1,1
43640,98,84,14,14
43641,97,96,1,1
43642,48,54,-6,6
43643,110,102,8,8
43644,96,86,10,10
43645,119,101,18,18
43646,141,122,19,19
43647,80,75,5,5
43648,88,100,-12,12
43649,93,84,9,9
43650,141,124,17,17
43651,59,73,-14,14
43652,98,88,10,10
43653,66,71,-5,5
43654,91,84,7,7
43655,90,81,9,9
43656,111,100,11,11
43657,96,87,9,9
43658,103,89,14,14
43659,59,55,4,4
43660,68,67,1,1
43661,73,66,7,7
43662,60,61,-1,1
43663,75,81,-6,6
43664,65,64,1,1
43665,91,84,7,7
43666,53,56,-3,3
43667,97,91,6,6
43668,66,58,8,8
43669,94,89,5,5
43670,97,86,11,11
43671,81,73,8,8
43672,134,115,19,19
43673,96,92,4,4
43674,115,105,10,10
43675,51,68,-17,17
43676,75,72,3,3
43677,157,131,26,26
43678,86,80,6,6
43679,147,137,10,10
43680,85,76,9,9
43681,88,86,2,2
43682,46,45,1,1
43683,119,109,10,10
43684,109,93,16,16
43685,142,129,13,13
43686,95,88,7,7
43687,93,91,2,2
43688,79,72,7,7
43689,142,124,18,18
43690,83,80,3,3
43691,93,83,10,10
43692,149,102,47,47
43693,114,93,21,21
43694,99,81,18,18
43695,125,117,8,8
43696,116,93,23,23
43697,131,123,8,8
43698,103,88,15,15
43699,79,66,13,13
43700,171,151,20,20
43701,69,70,-1,1
43702,78,80,-2,2
43703,67,74,-7,7
43704,82,75,7,7
43705,110,105,5,5
43706,171,145,26,26
43707,46,42,4,4
43708,60,56,4,4
43709,179,145,34,34
43710,68,66,2,2
43711,66,59,7,7
43712,67,61,6,6
43713,87,95,-8,8
43714,61,59,2,2
43715,61,60,1,1
43716,122,116,6,6
43717,96,87,9,9
43718,106,84,22,22
43719,54,49,5,5
43720,76,71,5,5
43721,111,104,7,7
43722,44,44,0,0
43723,163,142,21,21
43724,71,57,14,14
43725,74,67,7,7
43726,97,91,6,6
43727,134,118,16,16
43728,82,70,12,12
43729,79,91,-12,12
43730,138,111,27,27
43731,82,88,-6,6
43732,152,135,17,17
43733,111,103,8,8
43734,123,104,19,19
43735,77,64,13,13
43736,146,121,25,25
43737,82,73,9,9
43738,69,67,2,2
43739,91,91,0,0
43740,166,139,27,27
43741,53,52,1,1
43742,71,65,6,6
43743,84,74,10,10
43744,68,68,0,0
43745,94,94,0,0
43746,101,113,-12,12
43747,106,93,13,13
43748,93,79,14,14
43749,69,67,2,2
43750,136,111,25,25
43751,90,81,9,9
43752,87,71,16,16
43753,64,55,9,9
43754,62,92,-30,30
43755,77,78,-1,1
43756,47,59,-12,12
43757,122,110,12,12
43758,67,65,2,2
43759,87,88,-1,1
43760,84,69,15,15
43761,68,66,2,2
43762,60,61,-1,1
43763,75,70,5,5
43764,90,78,12,12
43765,69,77,-8,8
43766,77,71,6,6
43767,82,70,12,12
43768,127,112,15,15
43769,58,57,1,1
43770,151,132,19,19
43771,125,120,5,5
43772,114,100,14,14
43773,106,101,5,5
43774,85,80,5,5
43775,92,84,8,8
43776,70,64,6,6
43777,124,112,12,12
43778,97,93,4,4
43779,71,71,0,0
43780,146,131,15,15
43781,93,86,7,7
43782,91,77,14,14
43783,63,59,4,4
43784,60,56,4,4
43785,84,92,-8,8
43786,192,176,16,16
43787,93,79,14,14
43788,133,111,22,22
43789,95,85,10,10
43790,65,56,9,9
43791,81,85,-4,4
43792,107,102,5,5
43793,131,109,22,22
43794,130,125,5,5
43795,68,60,8,8
43796,77,74,3,3
43797,112,107,5,5
43798,67,70,-3,3
43799,91,82,9,9
43800,90,79,11,11
43801,125,114,11,11
43802,69,61,8,8
43803,106,96,10,10
43804,110,91,19,19
43805,65,59,6,6
43806,87,81,6,6
43807,60,51,9,9
43808,91,79,12,12
43809,153,126,27,27
43810,95,85,10,10
43811,150,126,24,24
43812,61,64,-3,3
43813,169,158,11,11
43814,76,71,5,5
43815,93,86,7,7
43816,75,66,9,9
43817,76,78,-2,2
43818,85,93,-8,8
43819,63,66,-3,3
43820,86,82,4,4
43821,111,93,18,18
43822,81,72,9,9
43823,225,160,65,65
43824,49,47,2,2
43825,90,84,6,6
43826,67,62,5,5
43827,109,103,6,6
43828,103,87,16,16
43829,73,64,9,9
43830,137,123,14,14
43831,93,89,4,4
43832,68,63,5,5
43833,82,91,-9,9
43834,66,67,-1,1
43835,110,86,24,24
43836,170,153,17,17
43837,104,92,12,12
43838,73,73,0,0
43839,137,119,18,18
43840,55,49,6,6
43841,52,56,-4,4
43842,95,79,16,16
43843,48,46,2,2
43844,67,71,-4,4
43845,64,60,4,4
43846,71,67,4,4
43847,77,70,7,7
43848,66,57,9,9
43849,78,72,6,6
43850,71,69,2,2
43851,117,106,11,11
43852,83,67,16,16
43853,43,44,-1,1
43854,100,86,14,14
43855,50,53,-3,3
43856,140,128,12,12
43857,86,95,-9,9
43858,63,58,5,5
43859,91,83,8,8
43860,113,99,14,14
43861,63,59,4,4
43862,61,55,6,6
43863,78,81,-3,3
43864,34,46,-12,12
43865,90,94,-4,4
43866,47,41,6,6
43867,64,68,-4,4
43868,58,61,-3,3
43869,116,108,8,8
43870,117,104,13,13
43871,84,84,0,0
43872,105,98,7,7
43873,86,79,7,7
43874,68,54,14,14
43875,131,125,6,6
43876,77,73,4,4
43877,76,66,10,10
43878,117,97,20,20
43879,97,85,12,12
43880,123,110,13,13
43881,98,92,6,6
43882,71,65,6,6
43883,127,110,17,17
43884,56,51,5,5
43885,122,100,22,22
43886,49,54,-5,5
43887,60,59,1,1
43888,115,99,16,16
43889,78,77,1,1
43890,46,48,-2,2
43891,119,105,14,14
43892,129,131,-2,2
43893,66,59,7,7
43894,142,128,14,14
43895,79,70,9,9
43896,71,73,-2,2
43897,144,127,17,17
43898,106,100,6,6
43899,77,73,4,4
43900,74,75,-1,1
43901,69,64,5,5
43902,88,76,12,12
43903,59,52,7,7
43904,123,109,14,14
43905,54,51,3,3
43906,43,47,-4,4
43907,155,123,32,32
43908,68,64,4,4
43909,131,119,12,12
43910,146,128,18,18
43911,102,78,24,24
43912,80,75,5,5
43913,57,60,-3,3
43914,81,73,8,8
43915,104,106,-2,2
43916,39,38,1,1
43917,78,74,4,4
43918,112,102,10,10
43919,44,79,-35,35
43920,79,71,8,8
43921,132,116,16,16
43922,117,119,-2,2
43923,80,78,2,2
43924,88,73,15,15
43925,61,57,4,4
43926,57,44,13,13
43927,123,111,12,12
43928,60,61,-1,1
43929,113,96,17,17
43930,64,64,0,0
43931,101,84,17,17
43932,143,123,20,20
43933,71,71,0,0
43934,80,67,13,13
43935,70,62,8,8
43936,45,45,0,0
43937,44,49,-5,5
43938,92,79,13,13
43939,67,68,-1,1
43940,63,52,11,11
43941,139,119,20,20
43942,127,108,19,19
43943,69,61,8,8
43944,136,118,18,18
43945,109,105,4,4
43946,120,106,14,14
43947,63,59,4,4
43948,50,51,-1,1
43949,97,83,14,14
43950,103,87,16,16
43951,89,78,11,11
43952,85,72,13,13
43953,173,148,25,25
43954,128,113,15,15
43955,171,152,19,19
43956,49,45,4,4
43957,99,80,19,19
43958,129,122,7,7
43959,85,82,3,3
43960,102,90,12,12
43961,124,112,12,12
43962,122,100,22,22
43963,137,121,16,16
43964,89,86,3,3
43965,51,47,4,4
43966,81,92,-11,11
43967,88,73,15,15
43968,76,75,1,1
43969,111,107,4,4
43970,86,81,5,5
43971,131,113,18,18
43972,23,34,-11,11
43973,109,97,12,12
43974,84,77,7,7
43975,101,90,11,11
43976,139,124,15,15
43977,58,61,-3,3
43978,71,68,3,3
43979,95,77,18,18
43980,70,63,7,7
43981,65,66,-1,1
43982,95,82,13,13
43983,109,94,15,15
43984,57,55,2,2
43985,103,92,11,11
43986,184,146,38,38
43987,80,72,8,8
43988,103,94,9,9
43989,94,110,-16,16
43990,62,57,5,5
43991,110,82,28,28
43992,109,101,8,8
43993,47,47,0,0
43994,107,101,6,6
43995,184,148,36,36
43996,122,122,0,0
43997,155,142,13,13
43998,66,67,-1,1
43999,63,58,5,5
44000,104,108,-4,4
44001,100,83,17,17
44002,82,93,-11,11
44003,162,142,20,20
44004,122,113,9,9
44005,78,119,-41,41
44006,71,60,11,11
44007,131,101,30,30
44008,113,93,20,20
44009,84,82,2,2
44010,65,58,7,7
44011,81,79,2,2
44012,93,76,17,17
44013,67,63,4,4
44014,148,118,30,30
44015,72,72,0,0
44016,106,90,16,16
44017,79,83,-4,4
44018,113,103,10,10
44019,66,60,6,6
44020,68,58,10,10
44021,63,56,7,7
44022,81,90,-9,9
44023,117,103,14,14
44024,70,97,-27,27
44025,78,71,7,7
44026,165,154,11,11
44027,40,39,1,1
44028,85,83,2,2
44029,73,101,-28,28
44030,104,90,14,14
44031,129,106,23,23
44032,116,97,19,19
44033,115,100,15,15
44034,82,73,9,9
44035,84,80,4,4
44036,82,80,2,2
44037,29,58,-29,29
44038,64,70,-6,6
44039,66,52,14,14
44040,114,102,12,12
44041,146,118,28,28
44042,65,56,9,9
44043,42,40,2,2
44044,157,142,15,15
44045,89,80,9,9
44046,116,119,-3,3
44047,54,52,2,2
44048,77,70,7,7
44049,79,76,3,3
44050,137,121,16,16
44051,67,61,6,6
44052,105,102,3,3
44053,149,107,42,42
44054,57,57,0,0
44055,104,101,3,3
44056,89,89,0,0
44057,82,81,1,1
44058,106,110,-4,4
44059,191,163,28,28
44060,87,78,9,9
44061,58,54,4,4
44062,114,101,13,13
44063,114,108,6,6
44064,118,100,18,18
44065,159,134,25,25
44066,58,52,6,6
44067,95,87,8,8
44068,74,70,4,4
44069,135,108,27,27
44070,134,121,13,13
44071,87,73,14,14
44072,130,106,24,24
44073,119,104,15,15
44074,142,119,23,23
44075,152,133,19,19
44076,105,93,12,12
44077,63,60,3,3
44078,92,85,7,7
44079,75,65,10,10
44080,96,85,11,11
44081,75,62,13,13
44082,56,51,5,5
44083,72,64,8,8
44084,89,98,-9,9
44085,58,58,0,0
44086,76,69,7,7
44087,90,96,-6,6
44088,73,75,-2,2
44089,78,74,4,4
44090,110,108,2,2
44091,174,139,35,35
44092,104,83,21,21
44093,94,90,4,4
44094,165,133,32,32
44095,107,90,17,17
44096,78,71,7,7
44097,90,79,11,11
44098,124,107,17,17
44099,129,106,23,23
44100,66,60,6,6
44101,73,73,0,0
44102,139,130,9,9
44103,72,72,0,0
44104,140,120,20,20
44105,93,88,5,5
44106,135,116,19,19
44107,56,53,3,3
44108,76,66,10,10
44109,102,92,10,10
44110,102,96,6,6
44111,130,110,20,20
44112,152,136,16,16
44113,76,68,8,8
44114,178,160,18,18
44115,85,71,14,14
44116,78,68,10,10
44117,97,104,-7,7
44118,113,107,6,6
44119,81,81,0,0
44120,65,70,-5,5
44121,42,44,-2,2
44122,72,77,-5,5
44123,115,103,12,12
44124,80,80,0,0
44125,39,38,1,1
44126,85,75,10,10
44127,101,86,15,15
44128,158,137,21,21
44129,91,85,6,6
44130,68,64,4,4
44131,112,106,6,6
44132,161,142,19,19
44133,147,137,10,10
44134,63,61,2,2
44135,60,70,-10,10
44136,84,77,7,7
44137,112,100,12,12
44138,129,108,21,21
44139,136,123,13,13
44140,130,114,16,16
44141,74,69,5,5
44142,111,101,10,10
44143,118,109,9,9
44144,60,54,6,6
44145,59,66,-7,7
44146,90,83,7,7
44147,72,72,0,0
44148,118,107,11,11
44149,63,59,4,4
44150,91,80,11,11
44151,106,99,7,7
44152,89,78,11,11
44153,111,101,10,10
44154,131,118,13,13
44155,85,84,1,1
44156,97,91,6,6
44157,41,42,-1,1
44158,104,96,8,8
44159,137,126,11,11
44160,110,94,16,16
44161,50,71,-21,21
44162,143,118,25,25
44163,110,98,12,12
44164,79,75,4,4
44165,79,74,5,5
44166,71,71,0,0
44167,116,107,9,9
44168,89,78,11,11
44169,85,81,4,4
44170,62,64,-2,2
44171,105,88,17,17
44172,110,103,7,7
44173,68,73,-5,5
44174,125,117,8,8
44175,120,105,15,15
44176,118,104,14,14
44177,63,58,5,5
44178,42,42,0,0
44179,49,51,-2,2
44180,96,85,11,11
44181,107,100,7,7
44182,108,103,5,5
44183,94,86,8,8
44184,89,79,10,10
44185,117,105,12,12
44186,120,111,9,9
44187,71,66,5,5
44188,71,69,2,2
44189,58,59,-1,1
44190,90,91,-1,1
44191,118,101,17,17
44192,43,61,-18,18
44193,78,72,6,6
44194,159,135,24,24
44195,99,100,-1,1
44196,92,88,4,4
44197,148,122,26,26
44198,97,78,19,19
44199,84,83,1,1
44200,45,42,3,3
44201,63,63,0,0
44202,117,101,16,16
44203,122,107,15,15
44204,115,98,17,17
44205,110,96,14,14
44206,114,97,17,17
44207,71,68,3,3
44208,132,128,4,4
44209,73,65,8,8
44210,137,116,21,21
44211,79,69,10,10
44212,79,65,14,14
44213,106,94,12,12
44214,99,84,15,15
44215,77,91,-14,14
44216,127,117,10,10
44217,96,83,13,13
44218,66,59,7,7
44219,63,60,3,3
44220,95,89,6,6
44221,97,84,13,13
44222,42,40,2,2
44223,60,45,15,15
44224,59,60,-1,1
44225,66,59,7,7
44226,140,96,44,44
44227,64,62,2,2
44228,72,67,5,5
44229,85,75,10,10
44230,119,91,28,28
44231,99,84,15,15
44232,133,109,24,24
44233,75,74,1,1
44234,66,61,5,5
44235,102,88,14,14
44236,63,64,-1,1
44237,133,113,20,20
44238,144,126,18,18
44239,141,115,26,26
44240,97,94,3,3
44241,90,88,2,2
44242,124,114,10,10
44243,123,111,12,12
44244,191,150,41,41
44245,62,56,6,6
44246,58,59,-1,1
44247,98,84,14,14
44248,113,101,12,12
44249,107,89,18,18
44250,106,99,7,7
44251,95,85,10,10
44252,144,122,22,22
44253,50,45,5,5
44254,195,153,42,42
44255,122,94,28,28
44256,97,74,23,23
44257,71,56,15,15
44258,153,130,23,23
44259,67,66,1,1
44260,51,52,-1,1
44261,65,65,0,0
44262,78,70,8,8
44263,87,77,10,10
44264,72,71,1,1
44265,81,74,7,7
44266,149,129,20,20
44267,119,95,24,24
44268,102,85,17,17
44269,93,82,11,11
44270,116,105,11,11
44271,125,110,15,15
44272,138,115,23,23
44273,75,76,-1,1
44274,100,90,10,10
44275,107,87,20,20
44276,91,106,-15,15
44277,135,119,16,16
44278,47,50,-3,3
44279,95,80,15,15
44280,88,90,-2,2
44281,71,62,9,9
44282,110,113,-3,3
44283,108,98,10,10
44284,49,58,-9,9
44285,48,46,2,2
44286,93,84,9,9
44287,94,86,8,8
44288,140,122,18,18
44289,68,58,10,10
44290,79,81,-2,2
44291,147,130,17,17
44292,107,89,18,18
44293,77,70,7,7
44294,87,81,6,6
44295,183,161,22,22
44296,123,102,21,21
44297,143,121,22,22
44298,94,85,9,9
44299,96,81,15,15
44300,85,84,1,1
44301,112,101,11,11
44302,82,75,7,7
44303,103,91,12,12
44304,98,91,7,7
44305,104,98,6,6
44306,81,69,12,12
44307,57,55,2,2
44308,113,115,-2,2
44309,80,74,6,6
44310,117,103,14,14
44311,68,59,9,9
44312,76,70,6,6
44313,69,72,-3,3
44314,86,85,1,1
44315,107,86,21,21
44316,63,53,10,10
44317,127,114,13,13
44318,87,78,9,9
44319,82,76,6,6
44320,92,81,11,11
44321,78,74,4,4
44322,117,101,16,16
44323,93,96,-3,3
44324,116,106,10,10
44325,51,53,-2,2
44326,80,72,8,8
44327,126,117,9,9
44328,48,60,-12,12
44329,183,160,23,23
44330,61,59,2,2
44331,128,118,10,10
44332,95,79,16,16
44333,107,86,21,21
44334,87,85,2,2
44335,136,126,10,10
44336,49,46,3,3
44337,77,66,11,11
44338,114,100,14,14
44339,139,111,28,28
44340,90,83,7,7
44341,164,155,9,9
44342,124,121,3,3
44343,115,105,10,10
44344,111,96,15,15
44345,144,128,16,16
44346,72,74,-2,2
44347,121,104,17,17
44348,131,110,21,21
44349,99,99,0,0
44350,55,58,-3,3
44351,125,106,19,19
44352,43,43,0,0
44353,75,64,11,11
44354,71,64,7,7
44355,62,61,1,1
44356,86,78,8,8
44357,78,72,6,6
44358,101,88,13,13
44359,81,76,5,5
44360,144,118,26,26
44361,121,99,22,22
44362,84,77,7,7
44363,91,79,12,12
44364,108,112,-4,4
44365,84,76,8,8
44366,96,81,15,15
44367,130,117,13,13
44368,53,49,4,4
44369,111,109,2,2
44370,65,53,12,12
44371,138,115,23,23
44372,39,37,2,2
44373,54,56,-2,2
44374,48,44,4,4
44375,62,57,5,5
44376,110,100,10,10
44377,88,80,8,8
44378,92,79,13,13
44379,124,106,18,18
44380,86,79,7,7
44381,89,90,-1,1
44382,96,93,3,3
44383,50,50,0,0
44384,92,77,15,15
44385,70,66,4,4
44386,101,93,8,8
44387,143,121,22,22
44388,128,127,1,1
44389,83,77,6,6
44390,59,57,2,2
44391,131,111,20,20
44392,79,68,11,11
44393,66,58,8,8
44394,110,93,17,17
44395,99,88,11,11
44396,100,96,4,4
44397,92,84,8,8
44398,115,95,20,20
44399,87,74,13,13
44400,105,88,17,17
44401,77,71,6,6
44402,93,89,4,4
44403,124,110,14,14
44404,71,72,-1,1
44405,68,63,5,5
44406,107,102,5,5
44407,130,115,15,15
44408,32,38,-6,6
44409,96,100,-4,4
44410,82,70,12,12
44411,73,64,9,9
44412,57,72,-15,15
44413,60,59,1,1
44414,61,57,4,4
44415,127,103,24,24
44416,67,58,9,9
44417,148,121,27,27
44418,111,98,13,13
44419,119,100,19,19
44420,86,73,13,13
44421,88,79,9,9
44422,68,60,8,8
44423,65,65,0,0
44424,64,67,-3,3
44425,158,122,36,36
44426,144,114,30,30
44427,91,83,8,8
44428,63,60,3,3
44429,88,84,4,4
44430,122,97,25,25
44431,51,51,0,0
44432,124,120,4,4
44433,118,94,24,24
44434,49,44,5,5
44435,94,78,16,16
44436,69,60,9,9
44437,168,141,27,27
44438,79,78,1,1
44439,70,68,2,2
44440,199,171,28,28
44441,43,49,-6,6
44442,85,82,3,3
44443,51,49,2,2
44444,135,113,22,22
44445,57,71,-14,14
44446,191,171,20,20
44447,94,93,1,1
44448,109,103,6,6
44449,76,70,6,6
44450,175,155,20,20
44451,126,117,9,9
44452,143,121,22,22
44453,101,90,11,11
44454,50,70,-20,20
44455,84,81,3,3
44456,94,84,10,10
44457,110,97,13,13
44458,170,131,39,39
44459,149,125,24,24
44460,94,89,5,5
44461,102,95,7,7
44462,118,119,-1,1
44463,112,105,7,7
44464,108,97,11,11
44465,58,58,0,0
44466,39,100,-61,61
44467,112,97,15,15
44468,107,107,0,0
44469,61,56,5,5
44470,99,88,11,11
44471,62,66,-4,4
44472,119,100,19,19
44473,105,89,16,16
44474,93,78,15,15
44475,109,98,11,11
44476,132,114,18,18
44477,83,98,-15,15
44478,46,46,0,0
44479,170,141,29,29
44480,217,164,53,53
44481,119,107,12,12
44482,140,141,-1,1
44483,106,93,13,13
44484,100,91,9,9
44485,61,58,3,3
44486,111,116,-5,5
44487,117,93,24,24
44488,68,72,-4,4
44489,94,86,8,8
44490,74,68,6,6
44491,109,107,2,2
44492,98,103,-5,5
44493,103,88,15,15
44494,78,83,-5,5
44495,80,75,5,5
44496,83,77,6,6
44497,76,75,1,1
44498,110,98,12,12
44499,152,130,22,22
44500,81,66,15,15
44501,133,118,15,15
44502,66,59,7,7
44503,102,89,13,13
44504,102,92,10,10
44505,53,50,3,3
44506,139,123,16,16
44507,133,112,21,21
44508,57,56,1,1
44509,61,56,5,5
44510,116,97,19,19
44511,97,85,12,12
44512,187,153,34,34
44513,62,57,5,5
44514,102,90,12,12
44515,62,65,-3,3
44516,48,42,6,6
44517,108,103,5,5
44518,68,61,7,7
44519,112,101,11,11
44520,154,131,23,23
44521,76,71,5,5
44522,110,105,5,5
44523,89,85,4,4
44524,128,112,16,16
44525,61,65,-4,4
44526,60,64,-4,4
44527,143,129,14,14
44528,107,99,8,8
44529,76,63,13,13
44530,79,73,6,6
44531,65,58,7,7
44532,104,96,8,8
44533,145,129,16,16
44534,86,71,15,15
44535,83,75,8,8
44536,88,92,-4,4
44537,178,146,32,32
44538,116,110,6,6
44539,105,111,-6,6
44540,72,73,-1,1
44541,77,71,6,6
44542,56,58,-2,2
44543,109,89,20,20
44544,45,44,1,1
44545,106,90,16,16
44546,42,42,0,0
44547,118,108,10,10
44548,102,87,15,15
44549,47,65,-18,18
44550,70,67,3,3
44551,103,93,10,10
44552,123,115,8,8
44553,170,143,27,27
44554,124,119,5,5
44555,98,94,4,4
44556,57,64,-7,7
44557,122,118,4,4
44558,59,54,5,5
44559,107,96,11,11
44560,73,64,9,9
44561,65,62,3,3
44562,53,47,6,6
44563,152,130,22,22
44564,81,70,11,11
44565,87,76,11,11
44566,77,67,10,10
44567,129,122,7,7
44568,165,143,22,22
44569,111,103,8,8
44570,108,102,6,6
44571,67,66,1,1
44572,78,71,7,7
44573,105,89,16,16
44574,72,64,8,8
44575,75,77,-2,2
44576,85,72,13,13
44577,57,54,3,3
44578,115,112,3,3
44579,74,67,7,7
44580,170,147,23,23
44581,90,87,3,3
44582,85,81,4,4
44583,65,65,0,0
44584,45,43,2,2
44585,160,128,32,32
44586,160,132,28,28
44587,99,94,5,5
44588,62,67,-5,5
44589,121,109,12,12
44590,129,112,17,17
44591,98,94,4,4
44592,104,91,13,13
44593,69,65,4,4
44594,75,64,11,11
44595,95,84,11,11
44596,118,107,11,11
44597,94,122,-28,28
44598,100,95,5,5
44599,129,108,21,21
44600,118,106,12,12
44601,57,142,-85,85
44602,68,64,4,4
44603,123,110,13,13
44604,93,79,14,14
44605,53,59,-6,6
44606,92,83,9,9
44607,78,73,5,5
44608,175,134,41,41
44609,115,116,-1,1
44610,70,71,-1,1
44611,161,127,34,34
44612,61,59,2,2
44613,64,58,6,6
44614,86,82,4,4
44615,84,77,7,7
44616,152,126,26,26
44617,116,101,15,15
44618,53,55,-2,2
44619,57,56,1,1
44620,68,71,-3,3
44621,178,152,26,26
44622,93,81,12,12
44623,120,103,17,17
44624,136,124,12,12
44625,39,41,-2,2
44626,102,89,13,13
44627,167,150,17,17
44628,65,59,6,6
44629,50,57,-7,7
44630,80,72,8,8
44631,126,107,19,19
44632,67,62,5,5
44633,59,64,-5,5
44634,116,102,14,14
44635,95,87,8,8
44636,57,55,2,2
44637,75,77,-2,2
44638,99,89,10,10
44639,94,86,8,8
44640,65,58,7,7
44641,90,81,9,9
44642,126,102,24,24
44643,86,87,-1,1
44644,103,93,10,10
44645,92,91,1,1
44646,120,106,14,14
44647,86,76,10,10
44648,19,33,-14,14
44649,138,117,21,21
44650,86,79,7,7
44651,126,106,20,20
44652,103,94,9,9
44653,89,79,10,10
44654,71,68,3,3
44655,63,57,6,6
44656,76,73,3,3
44657,154,134,20,20
44658,64,59,5,5
44659,73,68,5,5
44660,61,59,2,2
44661,57,61,-4,4
44662,142,130,12,12
44663,193,160,33,33
44664,58,69,-11,11
44665,89,90,-1,1
44666,88,82,6,6
44667,121,104,17,17
44668,110,97,13,13
44669,116,98,18,18
44670,100,85,15,15
44671,62,54,8,8
44672,100,97,3,3
44673,146,114,32,32
44674,33,34,-1,1
44675,105,98,7,7
44676,93,84,9,9
44677,48,54,-6,6
44678,74,72,2,2
44679,55,53,2,2
44680,77,68,9,9
44681,83,72,11,11
44682,162,136,26,26
44683,59,54,5,5
44684,196,169,27,27
44685,95,80,15,15
44686,64,55,9,9
44687,107,101,6,6
44688,163,135,28,28
44689,78,69,9,9
44690,66,68,-2,2
44691,62,68,-6,6
44692,109,92,17,17
44693,77,72,5,5
44694,125,106,19,19
44695,103,89,14,14
44696,81,71,10,10
44697,50,49,1,1
44698,116,118,-2,2
44699,70,76,-6,6
44700,68,60,8,8
44701,96,84,12,12
44702,155,122,33,33
44703,128,120,8,8
44704,75,71,4,4
44705,116,102,14,14
44706,88,82,6,6
44707,100,82,18,18
44708,73,71,2,2
44709,140,127,13,13
44710,106,96,10,10
44711,87,82,5,5
44712,78,81,-3,3
44713,92,81,11,11
44714,109,93,16,16
44715,69,69,0,0
44716,174,153,21,21
44717,60,54,6,6
44718,61,55,6,6
44719,59,59,0,0
44720,124,108,16,16
44721,85,77,8,8
44722,136,99,37,37
44723,118,112,6,6
44724,81,78,3,3
44725,80,74,6,6
44726,69,60,9,9
44727,60,60,0,0
44728,63,62,1,1
44729,46,39,7,7
44730,61,57,4,4
44731,65,69,-4,4
44732,104,100,4,4
44733,144,120,24,24
44734,73,85,-12,12
44735,77,71,6,6
44736,96,86,10,10
44737,71,75,-4,4
44738,74,72,2,2
44739,60,59,1,1
44740,80,74,6,6
44741,74,73,1,1
44742,168,135,33,33
44743,145,122,23,23
44744,86,84,2,2
44745,137,121,16,16
44746,121,106,15,15
44747,91,73,18,18
44748,68,66,2,2
44749,78,65,13,13
44750,84,80,4,4
44751,150,126,24,24
44752,103,84,19,19
44753,79,74,5,5
44754,63,65,-2,2
44755,70,64,6,6
44756,229,180,49,49
44757,130,128,2,2
44758,81,80,1,1
44759,112,92,20,20
44760,134,107,27,27
44761,82,76,6,6
44762,152,183,-31,31
44763,90,89,1,1
44764,105,103,2,2
44765,138,123,15,15
44766,95,87,8,8
44767,86,75,11,11
44768,91,76,15,15
44769,58,71,-13,13
44770,130,108,22,22
44771,154,129,25,25
44772,69,70,-1,1
44773,158,121,37,37
44774,136,118,18,18
44775,56,59,-3,3
44776,86,76,10,10
44777,49,48,1,1
44778,138,120,18,18
44779,100,91,9,9
44780,146,126,20,20
44781,56,51,5,5
44782,79,75,4,4
44783,53,46,7,7
44784,59,52,7,7
44785,64,57,7,7
44786,108,92,16,16
44787,66,63,3,3
44788,117,107,10,10
44789,60,55,5,5
44790,51,46,5,5
44791,104,91,13,13
44792,92,101,-9,9
44793,87,73,14,14
44794,84,97,-13,13
44795,155,135,20,20
44796,100,95,5,5
44797,43,43,0,0
44798,72,57,15,15
44799,124,120,4,4
44800,116,124,-8,8
44801,159,127,32,32
44802,91,94,-3,3
44803,71,60,11,11
44804,158,136,22,22
44805,71,68,3,3
44806,102,88,14,14
44807,117,102,15,15
44808,94,86,8,8
44809,79,80,-1,1
44810,51,50,1,1
44811,63,56,7,7
44812,55,53,2,2
44813,152,117,35,35
44814,78,59,19,19
44815,54,51,3,3
44816,80,71,9,9
44817,59,55,4,4
44818,84,78,6,6
44819,110,95,15,15
44820,124,101,23,23
44821,92,76,16,16
44822,126,115,11,11
44823,130,110,20,20
44824,89,82,7,7
44825,109,96,13,13
44826,87,88,-1,1
44827,75,62,13,13
44828,225,188,37,37
44829,182,162,20,20
44830,82,77,5,5
44831,54,58,-4,4
44832,187,161,26,26
44833,128,121,7,7
44834,87,71,16,16
44835,92,75,17,17
44836,58,64,-6,6
44837,63,55,8,8
44838,100,87,13,13
44839,102,101,1,1
44840,46,48,-2,2
44841,89,90,-1,1
44842,61,53,8,8
44843,134,121,13,13
44844,69,65,4,4
44845,118,103,15,15
44846,153,132,21,21
44847,115,100,15,15
44848,88,77,11,11
44849,91,84,7,7
44850,51,46,5,5
44851,68,75,-7,7
44852,155,129,26,26
44853,52,50,2,2
44854,71,68,3,3
44855,100,88,12,12
44856,81,71,10,10
44857,168,142,26,26
44858,80,70,10,10
44859,83,73,10,10
44860,90,88,2,2
44861,99,87,12,12
44862,45,41,4,4
44863,110,100,10,10
44864,118,93,25,25
44865,98,88,10,10
44866,162,132,30,30
44867,54,48,6,6
44868,80,76,4,4
44869,91,77,14,14
44870,81,68,13,13
44871,89,80,9,9
44872,58,54,4,4
44873,194,178,16,16
44874,78,73,5,5
44875,63,56,7,7
44876,61,55,6,6
44877,98,86,12,12
44878,95,85,10,10
44879,97,82,15,15
44880,96,99,-3,3
44881,89,78,11,11
44882,154,129,25,25
44883,51,50,1,1
44884,117,92,25,25
44885,42,48,-6,6
44886,92,80,12,12
44887,91,86,5,5
44888,162,153,9,9
44889,75,72,3,3
44890,104,96,8,8
44891,117,105,12,12
44892,74,77,-3,3
44893,52,50,2,2
44894,77,70,7,7
44895,83,71,12,12
44896,71,69,2,2
44897,57,51,6,6
44898,62,58,4,4
44899,114,100,14,14
44900,58,60,-2,2
44901,120,111,9,9
44902,74,69,5,5
44903,95,75,20,20
44904,63,63,0,0
44905,84,85,-1,1
44906,57,59,-2,2
44907,70,68,2,2
44908,71,74,-3,3
44909,71,57,14,14
44910,140,110,30,30
44911,116,109,7,7
44912,62,62,0,0
44913,96,96,0,0
44914,73,69,4,4
44915,79,71,8,8
44916,97,80,17,17
44917,80,66,14,14
44918,76,71,5,5
44919,67,62,5,5
44920,176,151,25,25
44921,71,77,-6,6
44922,89,81,8,8
44923,75,69,6,6
44924,142,118,24,24
44925,96,88,8,8
44926,70,69,1,1
44927,134,116,18,18
44928,123,109,14,14
44929,71,73,-2,2
44930,45,51,-6,6
44931,102,91,11,11
44932,130,116,14,14
44933,134,120,14,14
44934,71,72,-1,1
44935,111,114,-3,3
44936,134,109,25,25
44937,131,102,29,29
44938,136,146,-10,10
44939,116,100,16,16
44940,156,131,25,25
44941,139,113,26,26
44942,102,92,10,10
44943,69,70,-1,1
44944,81,71,10,10
44945,109,104,5,5
44946,94,81,13,13
44947,77,67,10,10
44948,173,159,14,14
44949,70,69,1,1
44950,77,75,2,2
44951,95,84,11,11
44952,96,85,11,11
44953,90,84,6,6
44954,47,61,-14,14
44955,116,110,6,6
44956,84,68,16,16
44957,62,64,-2,2
44958,128,126,2,2
44959,83,75,8,8
44960,90,88,2,2
44961,86,80,6,6
44962,113,100,13,13
44963,153,123,30,30
44964,90,79,11,11
44965,96,89,7,7
44966,76,76,0,0
44967,73,69,4,4
44968,98,89,9,9
44969,23,41,-18,18
44970,57,58,-1,1
44971,65,75,-10,10
44972,107,99,8,8
44973,140,122,18,18
44974,112,92,20,20
44975,149,142,7,7
44976,100,74,26,26
44977,100,89,11,11
44978,64,56,8,8
44979,89,78,11,11
44980,154,130,24,24
44981,53,52,1,1
44982,45,42,3,3
44983,61,61,0,0
44984,108,96,12,12
44985,88,72,16,16
44986,109,102,7,7
44987,143,110,33,33
44988,91,90,1,1
44989,102,93,9,9
44990,61,68,-7,7
44991,85,79,6,6
44992,121,95,26,26
44993,65,58,7,7
44994,56,51,5,5
44995,103,91,12,12
44996,111,90,21,21
44997,102,89,13,13
44998,99,82,17,17
44999,97,106,-9,9
45000,79,70,9,9
45001,139,118,21,21
45002,107,85,22,22
45003,166,151,15,15
45004,51,50,1,1
45005,75,62,13,13
45006,113,98,15,15
45007,69,70,-1,1
45008,129,115,14,14
45009,197,170,27,27
45010,104,95,9,9
45011,99,95,4,4
45012,86,71,15,15
45013,95,80,15,15
45014,138,115,23,23
45015,78,69,9,9
45016,47,78,-31,31
45017,56,54,2,2
45018,62,61,1,1
45019,64,64,0,0
45020,105,81,24,24
45021,104,90,14,14
45022,140,119,21,21
45023,84,90,-6,6
45024,126,120,6,6
45025,82,75,7,7
45026,75,68,7,7
45027,92,86,6,6
45028,77,73,4,4
45029,100,90,10,10
45030,140,130,10,10
45031,67,55,12,12
45032,117,111,6,6
45033,54,54,0,0
45034,81,75,6,6
45035,130,116,14,14
45036,100,86,14,14
45037,86,76,10,10
45038,57,59,-2,2
45039,115,97,18,18
45040,147,132,15,15
45041,86,77,9,9
45042,39,41,-2,2
45043,79,73,6,6
45044,89,88,1,1
45045,70,62,8,8
45046,73,73,0,0
45047,113,96,17,17
45048,99,93,6,6
45049,78,72,6,6
45050,132,120,12,12
45051,79,82,-3,3
45052,143,125,18,18
45053,57,56,1,1
45054,49,45,4,4
45055,85,77,8,8
45056,49,72,-23,23
45057,96,81,15,15
45058,87,79,8,8
45059,151,111,40,40
45060,147,129,18,18
45061,94,91,3,3
45062,91,82,9,9
45063,56,52,4,4
45064,123,120,3,3
45065,188,153,35,35
45066,55,46,9,9
45067,117,98,19,19
45068,106,92,14,14
45069,109,109,0,0
45070,61,52,9,9
45071,46,51,-5,5
45072,62,55,7,7
45073,102,90,12,12
45074,62,56,6,6
45075,85,79,6,6
45076,89,81,8,8
45077,96,87,9,9
45078,132,117,15,15
45079,94,85,9,9
45080,118,97,21,21
45081,73,66,7,7
45082,69,66,3,3
45083,57,57,0,0
45084,86,80,6,6
45085,130,103,27,27
45086,144,123,21,21
45087,67,62,5,5
45088,64,87,-23,23
45089,85,72,13,13
45090,104,102,2,2
45091,109,94,15,15
45092,110,97,13,13
45093,129,105,24,24
45094,97,85,12,12
45095,85,77,8,8
45096,104,91,13,13
45097,77,77,0,0
45098,81,79,2,2
45099,97,84,13,13
45100,130,129,1,1
45101,67,63,4,4
45102,55,54,1,1
45103,92,78,14,14
45104,83,79,4,4
45105,135,128,7,7
45106,69,58,11,11
45107,109,101,8,8
45108,98,81,17,17
45109,95,82,13,13
45110,121,113,8,8
45111,80,66,14,14
45112,79,74,5,5
45113,123,113,10,10
45114,117,101,16,16
45115,59,59,0,0
45116,89,83,6,6
45117,82,76,6,6
45118,117,98,19,19
45119,69,68,1,1
45120,123,99,24,24
45121,57,61,-4,4
45122,87,73,14,14
45123,105,98,7,7
45124,108,95,13,13
45125,76,67,9,9
45126,74,95,-21,21
45127,84,68,16,16
45128,96,89,7,7
45129,78,73,5,5
45130,76,77,-1,1
45131,88,86,2,2
45132,89,83,6,6
45133,90,87,3,3
45134,60,56,4,4
45135,53,55,-2,2
45136,67,64,3,3
45137,89,83,6,6
45138,149,118,31,31
45139,95,89,6,6
45140,109,103,6,6
45141,169,153,16,16
45142,78,67,11,11
45143,122,108,14,14
45144,48,61,-13,13
45145,108,108,0,0
45146,90,83,7,7
45147,147,120,27,27
45148,69,64,5,5
45149,112,93,19,19
45150,158,134,24,24
45151,123,121,2,2
45152,42,43,-1,1
45153,135,113,22,22
45154,148,122,26,26
45155,109,99,10,10
45156,73,62,11,11
45157,88,79,9,9
45158,90,76,14,14
45159,55,54,1,1
45160,83,81,2,2
45161,54,44,10,10
45162,85,81,4,4
45163,75,67,8,8
45164,121,110,11,11
45165,65,58,7,7
45166,77,67,10,10
45167,102,88,14,14
45168,104,99,5,5
45169,67,58,9,9
45170,134,110,24,24
45171,107,88,19,19
45172,87,83,4,4
45173,168,145,23,23
45174,145,130,15,15
45175,127,117,10,10
45176,168,140,28,28
45177,113,95,18,18
45178,64,66,-2,2
45179,64,62,2,2
45180,83,80,3,3
45181,83,77,6,6
45182,125,105,20,20
45183,61,52,9,9
45184,40,41,-1,1
45185,57,50,7,7
45186,153,127,26,26
45187,101,94,7,7
45188,83,78,5,5
45189,89,91,-2,2
45190,111,99,12,12
45191,77,73,4,4
45192,127,107,20,20
45193,128,116,12,12
45194,146,121,25,25
45195,49,53,-4,4
45196,49,56,-7,7
45197,57,61,-4,4
45198,89,78,11,11
45199,88,94,-6,6
45200,153,142,11,11
45201,71,68,3,3
45202,135,125,10,10
45203,109,91,18,18
45204,73,66,7,7
45205,185,152,33,33
45206,69,63,6,6
45207,109,101,8,8
45208,74,74,0,0
45209,181,137,44,44
45210,96,91,5,5
45211,93,97,-4,4
45212,60,54,6,6
45213,104,97,7,7
45214,67,54,13,13
45215,89,86,3,3
45216,128,105,23,23
45217,100,89,11,11
45218,96,85,11,11
45219,90,76,14,14
45220,68,60,8,8
45221,126,106,20,20
45222,54,57,-3,3
45223,106,99,7,7
45224,63,59,4,4
45225,113,86,27,27
45226,45,50,-5,5
45227,98,83,15,15
45228,156,128,28,28
45229,52,52,0,0
45230,134,110,24,24
45231,74,70,4,4
45232,102,90,12,12
45233,100,89,11,11
45234,62,61,1,1
45235,82,71,11,11
45236,105,85,20,20
45237,69,66,3,3
45238,124,125,-1,1
45239,118,103,15,15
45240,82,77,5,5
45241,63,64,-1,1
45242,70,63,7,7
45243,68,63,5,5
45244,121,101,20,20
45245,73,68,5,5
45246,51,51,0,0
45247,81,71,10,10
45248,146,120,26,26
45249,88,79,9,9
45250,101,89,12,12
45251,126,120,6,6
45252,119,107,12,12
45253,113,109,4,4
45254,172,134,38,38
45255,81,70,11,11
45256,90,82,8,8
45257,110,97,13,13
45258,134,123,11,11
45259,37,46,-9,9
45260,62,58,4,4
45261,65,60,5,5
45262,52,49,3,3
45263,76,74,2,2
45264,116,103,13,13
45265,98,114,-16,16
45266,61,58,3,3
45267,84,81,3,3
45268,153,128,25,25
45269,72,60,12,12
45270,77,70,7,7
45271,86,80,6,6
45272,99,96,3,3
45273,124,107,17,17
45274,66,72,-6,6
45275,76,69,7,7
45276,67,50,17,17
45277,133,108,25,25
45278,91,83,8,8
45279,71,74,-3,3
45280,207,177,30,30
45281,65,61,4,4
45282,97,91,6,6
45283,131,121,10,10
45284,120,99,21,21
45285,59,57,2,2
45286,124,108,16,16
45287,74,67,7,7
45288,101,90,11,11
45289,85,76,9,9
45290,85,79,6,6
45291,137,115,22,22
45292,76,67,9,9
45293,136,126,10,10
45294,139,123,16,16
45295,49,51,-2,2
45296,136,119,17,17
45297,75,62,13,13
45298,109,97,12,12
45299,53,53,0,0
45300,110,100,10,10
45301,59,58,1,1
45302,119,106,13,13
45303,86,77,9,9
45304,139,117,22,22
45305,132,111,21,21
45306,191,164,27,27
45307,87,73,14,14
45308,90,81,9,9
45309,122,110,12,12
45310,73,61,12,12
45311,122,99,23,23
45312,93,88,5,5
45313,46,52,-6,6
45314,84,83,1,1
45315,103,85,18,18
45316,39,38,1,1
45317,96,94,2,2
45318,72,66,6,6
45319,146,121,25,25
45320,80,83,-3,3
45321,68,68,0,0
45322,49,49,0,0
45323,110,97,13,13
45324,117,107,10,10
45325,121,99,22,22
45326,55,62,-7,7
45327,149,139,10,10
45328,78,69,9,9
45329,60,64,-4,4
45330,161,141,20,20
45331,95,93,2,2
45332,75,59,16,16
45333,92,88,4,4
45334,112,111,1,1
45335,67,67,0,0
45336,91,82,9,9
45337,109,95,14,14
45338,177,149,28,28
45339,105,101,4,4
45340,82,72,10,10
45341,89,73,16,16
45342,109,96,13,13
45343,67,72,-5,5
45344,117,107,10,10
45345,96,89,7,7
45346,49,54,-5,5
45347,110,94,16,16
45348,57,51,6,6
45349,118,87,31,31
45350,120,103,17,17
45351,77,74,3,3
45352,107,87,20,20
45353,60,63,-3,3
45354,70,57,13,13
45355,115,104,11,11
45356,70,69,1,1
45357,70,60,10,10
45358,96,102,-6,6
45359,72,75,-3,3
45360,72,63,9,9
45361,67,67,0,0
45362,170,139,31,31
45363,57,53,4,4
45364,67,60,7,7
45365,85,80,5,5
45366,95,98,-3,3
45367,119,131,-12,12
45368,84,72,12,12
45369,65,79,-14,14
45370,225,195,30,30
45371,97,88,9,9
45372,81,75,6,6
45373,104,94,10,10
45374,23,36,-13,13
45375,75,69,6,6
45376,115,98,17,17
45377,111,91,20,20
45378,60,53,7,7
45379,72,69,3,3
45380,100,92,8,8
45381,85,74,11,11
45382,60,56,4,4
45383,55,60,-5,5
45384,120,112,8,8
45385,121,115,6,6
45386,79,71,8,8
45387,89,81,8,8
45388,127,104,23,23
45389,86,78,8,8
45390,58,52,6,6
45391,99,83,16,16
45392,126,115,11,11
45393,53,50,3,3
45394,55,54,1,1
45395,107,101,6,6
45396,67,60,7,7
45397,83,85,-2,2
45398,81,79,2,2
45399,92,82,10,10
45400,109,92,17,17
45401,148,135,13,13
45402,115,109,6,6
45403,124,106,18,18
45404,103,93,10,10
45405,122,113,9,9
45406,104,96,8,8
45407,58,43,15,15
45408,68,65,3,3
45409,83,83,0,0
45410,51,62,-11,11
45411,84,77,7,7
45412,129,121,8,8
45413,64,64,0,0
45414,150,124,26,26
45415,48,46,2,2
45416,67,55,12,12
45417,72,66,6,6
45418,101,86,15,15
45419,68,59,9,9
45420,135,112,23,23
45421,98,89,9,9
45422,73,68,5,5
45423,93,92,1,1
45424,161,144,17,17
45425,58,57,1,1
45426,125,112,13,13
45427,91,85,6,6
45428,82,73,9,9
45429,82,81,1,1
45430,89,96,-7,7
45431,45,41,4,4
45432,56,85,-29,29
45433,152,159,-7,7
45434,110,92,18,18
45435,81,72,9,9
45436,43,47,-4,4
45437,154,144,10,10
45438,82,67,15,15
45439,104,100,4,4
45440,78,78,0,0
45441,130,106,24,24
45442,66,70,-4,4
45443,86,83,3,3
45444,98,94,4,4
45445,106,98,8,8
45446,78,77,1,1
45447,89,75,14,14
45448,84,80,4,4
45449,111,93,18,18
45450,73,68,5,5
45451,115,124,-9,9
45452,174,148,26,26
45453,87,70,17,17
45454,102,90,12,12
45455,77,65,12,12
45456,37,35,2,2
45457,131,116,15,15
45458,104,92,12,12
45459,109,128,-19,19
45460,89,78,11,11
45461,108,96,12,12
45462,158,133,25,25
45463,69,63,6,6
45464,89,75,14,14
45465,42,40,2,2
45466,97,78,19,19
45467,70,70,0,0
45468,116,102,14,14
45469,138,132,6,6
45470,110,100,10,10
45471,105,89,16,16
45472,51,55,-4,4
45473,94,92,2,2
45474,75,67,8,8
45475,129,121,8,8
45476,88,76,12,12
45477,100,84,16,16
45478,79,73,6,6
45479,176,155,21,21
45480,86,76,10,10
45481,88,89,-1,1
45482,105,103,2,2
45483,140,118,22,22
45484,72,64,8,8
45485,111,88,23,23
45486,105,88,17,17
45487,191,161,30,30
45488,120,108,12,12
45489,99,93,6,6
45490,45,49,-4,4
45491,94,83,11,11
45492,80,81,-1,1
45493,85,78,7,7
45494,74,63,11,11
45495,78,74,4,4
45496,131,108,23,23
45497,95,87,8,8
45498,59,57,2,2
45499,72,59,13,13
45500,108,103,5,5
45501,71,68,3,3
45502,74,65,9,9
45503,134,125,9,9
45504,101,92,9,9
45505,68,61,7,7
45506,127,117,10,10
45507,195,148,47,47
45508,73,68,5,5
45509,77,72,5,5
45510,79,67,12,12
45511,59,49,10,10
45512,115,92,23,23
45513,79,73,6,6
45514,91,83,8,8
45515,82,74,8,8
45516,72,66,6,6
45517,63,67,-4,4
45518,89,82,7,7
45519,69,68,1,1
45520,62,85,-23,23
45521,45,50,-5,5
45522,87,84,3,3
45523,75,76,-1,1
45524,105,94,11,11
45525,93,93,0,0
45526,104,92,12,12
45527,86,83,3,3
45528,159,140,19,19
45529,93,76,17,17
45530,112,102,10,10
45531,120,104,16,16
45532,62,53,9,9
45533,108,95,13,13
45534,124,113,11,11
45535,167,136,31,31
45536,163,142,21,21
45537,113,99,14,14
45538,98,79,19,19
45539,64,69,-5,5
45540,120,103,17,17
45541,52,48,4,4
45542,42,42,0,0
45543,131,127,4,4
45544,95,76,19,19
45545,85,79,6,6
45546,71,62,9,9
45547,116,100,16,16
45548,91,74,17,17
45549,94,83,11,11
45550,52,53,-1,1
45551,84,92,-8,8
45552,61,56,5,5
45553,101,95,6,6
45554,97,89,8,8
45555,96,93,3,3
45556,141,133,8,8
45557,124,106,18,18
45558,72,68,4,4
45559,79,119,-40,40
45560,155,141,14,14
45561,112,110,2,2
45562,63,58,5,5
45563,73,71,2,2
45564,67,67,0,0
45565,61,57,4,4
45566,114,95,19,19
45567,33,36,-3,3
45568,64,62,2,2
45569,79,70,9,9
45570,149,143,6,6
45571,97,85,12,12
45572,84,75,9,9
45573,134,124,10,10
45574,85,86,-1,1
45575,123,101,22,22
45576,97,85,12,12
45577,69,62,7,7
45578,116,95,21,21
45579,92,77,15,15
45580,125,113,12,12
45581,103,86,17,17
45582,99,81,18,18
45583,154,144,10,10
45584,102,90,12,12
45585,53,53,0,0
45586,104,97,7,7
45587,218,165,53,53
45588,57,54,3,3
45589,154,141,13,13
45590,141,130,11,11
45591,113,112,1,1
45592,69,66,3,3
45593,87,91,-4,4
45594,126,111,15,15
45595,99,95,4,4
45596,85,82,3,3
45597,78,82,-4,4
45598,85,69,16,16
45599,77,69,8,8
45600,97,85,12,12
45601,67,69,-2,2
45602,114,100,14,14
45603,130,124,6,6
45604,127,107,20,20
45605,66,59,7,7
45606,74,72,2,2
45607,117,101,16,16
45608,57,53,4,4
45609,169,145,24,24
45610,79,75,4,4
45611,122,123,-1,1
45612,117,108,9,9
45613,82,77,5,5
45614,119,105,14,14
45615,105,93,12,12
45616,121,101,20,20
45617,107,98,9,9
45618,63,61,2,2
45619,76,74,2,2
45620,141,107,34,34
45621,76,69,7,7
45622,189,143,46,46
45623,78,70,8,8
45624,105,108,-3,3
45625,69,67,2,2
45626,95,95,0,0
45627,55,57,-2,2
45628,85,70,15,15
45629,62,62,0,0
45630,72,67,5,5
45631,91,83,8,8
45632,78,82,-4,4
45633,69,60,9,9
45634,58,54,4,4
45635,104,89,15,15
45636,90,85,5,5
45637,45,52,-7,7
45638,109,88,21,21
45639,174,158,16,16
45640,102,104,-2,2
45641,72,71,1,1
45642,93,84,9,9
45643,88,105,-17,17
45644,147,121,26,26
45645,116,102,14,14
45646,71,85,-14,14
45647,59,58,1,1
45648,110,99,11,11
45649,112,96,16,16
45650,67,55,12,12
45651,63,64,-1,1
45652,99,80,19,19
45653,71,64,7,7
45654,61,63,-2,2
45655,145,158,-13,13
45656,59,59,0,0
45657,91,88,3,3
45658,97,91,6,6
45659,67,63,4,4
45660,75,65,10,10
45661,107,84,23,23
45662,47,58,-11,11
45663,111,103,8,8
45664,122,102,20,20
45665,145,125,20,20
45666,133,104,29,29
45667,90,78,12,12
45668,153,135,18,18
45669,83,69,14,14
45670,44,52,-8,8
45671,64,61,3,3
45672,74,72,2,2
45673,98,90,8,8
45674,117,73,44,44
45675,83,80,3,3
45676,52,55,-3,3
45677,74,69,5,5
45678,128,112,16,16
45679,75,69,6,6
45680,71,66,5,5
45681,72,66,6,6
45682,80,73,7,7
45683,98,85,13,13
45684,138,123,15,15
45685,161,138,23,23
45686,152,135,17,17
45687,117,101,16,16
45688,96,93,3,3
45689,76,71,5,5
45690,150,136,14,14
45691,71,71,0,0
45692,127,119,8,8
45693,93,88,5,5
45694,116,105,11,11
45695,128,111,17,17
45696,47,45,2,2
45697,53,53,0,0
45698,173,147,26,26
45699,84,90,-6,6
45700,74,66,8,8
45701,40,42,-2,2
45702,125,96,29,29
45703,100,100,0,0
45704,62,60,2,2
45705,120,100,20,20
45706,163,128,35,35
45707,111,101,10,10
45708,62,66,-4,4
45709,104,100,4,4
45710,96,82,14,14
45711,71,62,9,9
45712,94,91,3,3
45713,109,97,12,12
45714,46,47,-1,1
45715,94,84,10,10
45716,52,48,4,4
45717,88,78,10,10
45718,68,70,-2,2
45719,193,186,7,7
45720,137,115,22,22
45721,109,98,11,11
45722,97,95,2,2
45723,114,95,19,19
45724,90,81,9,9
45725,57,57,0,0
45726,119,101,18,18
45727,157,135,22,22
45728,86,75,11,11
45729,108,97,11,11
45730,82,78,4,4
45731,111,95,16,16
45732,110,99,11,11
45733,108,89,19,19
45734,92,77,15,15
45735,38,35,3,3
45736,92,84,8,8
45737,92,81,11,11
45738,68,58,10,10
45739,74,74,0,0
45740,83,79,4,4
45741,106,83,23,23
45742,86,79,7,7
45743,78,65,13,13
45744,155,145,10,10
45745,116,105,11,11
45746,129,91,38,38
45747,99,87,12,12
45748,114,96,18,18
45749,103,86,17,17
45750,82,66,16,16
45751,50,46,4,4
45752,86,76,10,10
45753,82,74,8,8
45754,82,85,-3,3
45755,50,53,-3,3
45756,88,69,19,19
45757,86,75,11,11
45758,103,90,13,13
45759,60,52,8,8
45760,68,62,6,6
45761,86,66,20,20
45762,85,75,10,10
45763,80,69,11,11
45764,58,63,-5,5
45765,63,74,-11,11
45766,117,104,13,13
45767,97,98,-1,1
45768,59,56,3,3
45769,66,65,1,1
45770,121,104,17,17
45771,77,67,10,10
45772,47,46,1,1
45773,61,62,-1,1
45774,128,111,17,17
45775,225,185,40,40
45776,145,121,24,24
45777,125,121,4,4
45778,40,42,-2,2
45779,94,78,16,16
45780,103,90,13,13
45781,137,117,20,20
45782,151,130,21,21
45783,98,91,7,7
45784,115,101,14,14
45785,77,67,10,10
45786,75,89,-14,14
45787,75,73,2,2
45788,117,102,15,15
45789,133,121,12,12
45790,89,89,0,0
45791,92,85,7,7
45792,66,62,4,4
45793,26,34,-8,8
45794,135,112,23,23
45795,82,81,1,1
45796,44,45,-1,1
45797,79,58,21,21
45798,135,126,9,9
45799,122,118,4,4
45800,177,155,22,22
45801,93,81,12,12
45802,54,48,6,6
45803,104,105,-1,1
45804,69,60,9,9
45805,64,63,1,1
45806,113,110,3,3
45807,69,61,8,8
45808,127,119,8,8
45809,115,103,12,12
45810,75,69,6,6
45811,81,71,10,10
45812,35,39,-4,4
45813,120,109,11,11
45814,86,81,5,5
45815,111,93,18,18
45816,149,125,24,24
45817,86,75,11,11
45818,122,107,15,15
45819,80,79,1,1
45820,91,79,12,12
45821,106,94,12,12
45822,30,42,-12,12
45823,84,77,7,7
45824,159,116,43,43
45825,76,75,1,1
45826,73,67,6,6
45827,78,74,4,4
45828,271,220,51,51
45829,138,128,10,10
45830,72,72,0,0
45831,77,68,9,9
45832,94,86,8,8
45833,101,91,10,10
45834,72,66,6,6
45835,101,97,4,4
45836,120,108,12,12
45837,159,139,20,20
45838,78,73,5,5
45839,78,74,4,4
45840,106,93,13,13
45841,87,86,1,1
45842,62,60,2,2
45843,106,99,7,7
45844,127,123,4,4
45845,101,92,9,9
45846,56,54,2,2
45847,41,48,-7,7
45848,83,77,6,6
45849,128,117,11,11
45850,86,72,14,14
45851,82,80,2,2
45852,104,92,12,12
45853,116,122,-6,6
45854,115,105,10,10
45855,81,71,10,10
45856,82,87,-5,5
45857,88,74,14,14
45858,115,104,11,11
45859,170,149,21,21
45860,110,98,12,12
45861,228,181,47,47
45862,161,130,31,31
45863,72,68,4,4
45864,171,139,32,32
45865,117,98,19,19
45866,116,103,13,13
45867,60,50,10,10
45868,113,106,7,7
45869,121,102,19,19
45870,41,50,-9,9
45871,98,82,16,16
45872,83,75,8,8
45873,56,55,1,1
45874,107,91,16,16
45875,90,76,14,14
45876,91,85,6,6
45877,68,69,-1,1
45878,131,110,21,21
45879,95,82,13,13
45880,93,80,13,13
45881,99,88,11,11
45882,195,152,43,43
45883,124,103,21,21
45884,124,107,17,17
45885,44,60,-16,16
45886,63,59,4,4
45887,175,143,32,32
45888,127,103,24,24
45889,113,105,8,8
45890,118,89,29,29
45891,99,97,2,2
45892,89,80,9,9
45893,64,59,5,5
45894,73,69,4,4
45895,104,90,14,14
45896,50,55,-5,5
45897,94,75,19,19
45898,115,105,10,10
45899,91,84,7,7
45900,80,67,13,13
45901,81,78,3,3
45902,80,78,2,2
45903,100,85,15,15
45904,123,111,12,12
45905,89,76,13,13
45906,71,65,6,6
45907,162,126,36,36
45908,152,121,31,31
45909,69,64,5,5
45910,81,83,-2,2
45911,71,70,1,1
45912,90,79,11,11
45913,104,91,13,13
45914,106,90,16,16
45915,66,63,3,3
45916,66,59,7,7
45917,79,81,-2,2
45918,45,46,-1,1
45919,89,79,10,10
45920,105,80,25,25
45921,59,52,7,7
45922,103,87,16,16
45923,116,106,10,10
45924,93,83,10,10
45925,116,118,-2,2
45926,133,111,22,22
45927,86,75,11,11
45928,86,70,16,16
45929,65,57,8,8
45930,139,114,25,25
45931,117,110,7,7
45932,67,60,7,7
45933,119,93,26,26
45934,81,90,-9,9
45935,127,112,15,15
45936,142,118,24,24
45937,87,78,9,9
45938,70,62,8,8
45939,79,73,6,6
45940,119,104,15,15
45941,73,64,9,9
45942,72,60,12,12
45943,87,84,3,3
45944,108,94,14,14
45945,120,107,13,13
45946,82,73,9,9
45947,97,90,7,7
45948,73,73,0,0
45949,69,61,8,8
45950,96,87,9,9
45951,44,41,3,3
45952,104,90,14,14
45953,68,68,0,0
45954,108,78,30,30
45955,81,78,3,3
45956,124,106,18,18
45957,91,77,14,14
45958,116,118,-2,2
45959,41,40,1,1
45960,93,86,7,7
45961,100,94,6,6
45962,70,76,-6,6
45963,82,77,5,5
45964,124,101,23,23
45965,168,138,30,30
45966,81,73,8,8
45967,124,116,8,8
45968,74,65,9,9
45969,191,164,27,27
45970,99,97,2,2
45971,72,69,3,3
45972,92,89,3,3
45973,122,111,11,11
45974,104,91,13,13
45975,93,81,12,12
45976,50,50,0,0
45977,79,78,1,1
45978,86,81,5,5
45979,147,142,5,5
45980,129,127,2,2
45981,135,132,3,3
45982,124,99,25,25
45983,91,83,8,8
45984,80,82,-2,2
45985,150,140,10,10
45986,113,100,13,13
45987,74,62,12,12
45988,165,138,27,27
45989,105,84,21,21
45990,49,49,0,0
45991,96,93,3,3
45992,115,101,14,14
45993,132,112,20,20
45994,111,93,18,18
45995,44,59,-15,15
45996,98,81,17,17
45997,52,45,7,7
45998,78,76,2,2
45999,71,66,5,5
46000,30,33,-3,3
46001,116,107,9,9
46002,128,133,-5,5
46003,75,76,-1,1
46004,47,48,-1,1
46005,89,86,3,3
46006,88,73,15,15
46007,102,93,9,9
46008,48,47,1,1
46009,59,54,5,5
46010,131,110,21,21
46011,71,66,5,5
46012,81,78,3,3
46013,110,98,12,12
46014,154,134,20,20
46015,120,109,11,11
46016,155,125,30,30
46017,109,96,13,13
46018,71,73,-2,2
46019,81,76,5,5
46020,58,56,2,2
46021,69,72,-3,3
46022,134,115,19,19
46023,99,87,12,12
46024,71,66,5,5
46025,99,90,9,9
46026,76,73,3,3
46027,98,78,20,20
46028,68,64,4,4
46029,105,85,20,20
46030,109,91,18,18
46031,143,122,21,21
46032,112,97,15,15
46033,82,93,-11,11
46034,59,55,4,4
46035,170,143,27,27
46036,84,84,0,0
46037,84,87,-3,3
46038,97,90,7,7
46039,241,193,48,48
46040,216,168,48,48
46041,121,108,13,13
46042,72,62,10,10
46043,61,57,4,4
46044,76,67,9,9
46045,140,128,12,12
46046,101,87,14,14
46047,92,76,16,16
46048,65,57,8,8
46049,62,63,-1,1
46050,62,61,1,1
46051,172,135,37,37
46052,82,73,9,9
46053,118,106,12,12
46054,99,86,13,13
46055,121,106,15,15
46056,108,95,13,13
46057,96,73,23,23
46058,145,122,23,23
46059,111,123,-12,12
46060,46,46,0,0
46061,74,62,12,12
46062,96,85,11,11
46063,60,55,5,5
46064,110,126,-16,16
46065,78,75,3,3
46066,114,90,24,24
46067,154,147,7,7
46068,165,134,31,31
46069,42,40,2,2
46070,91,79,12,12
46071,100,93,7,7
46072,110,85,25,25
46073,67,68,-1,1
46074,68,68,0,0
46075,137,105,32,32
46076,87,82,5,5
46077,93,79,14,14
46078,86,80,6,6
46079,200,181,19,19
46080,119,104,15,15
46081,176,149,27,27
46082,75,68,7,7
46083,125,102,23,23
46084,74,74,0,0
46085,102,87,15,15
46086,53,49,4,4
46087,107,92,15,15
46088,95,84,11,11
46089,120,112,8,8
46090,88,80,8,8
46091,66,68,-2,2
46092,94,82,12,12
46093,137,126,11,11
46094,67,70,-3,3
46095,83,74,9,9
46096,56,54,2,2
46097,139,113,26,26
46098,100,84,16,16
46099,78,81,-3,3
46100,103,87,16,16
46101,59,62,-3,3
46102,47,50,-3,3
46103,65,56,9,9
46104,112,93,19,19
46105,132,105,27,27
46106,82,81,1,1
46107,118,104,14,14
46108,109,90,19,19
46109,91,81,10,10
46110,67,64,3,3
46111,83,78,5,5
46112,79,72,7,7
46113,26,35,-9,9
46114,44,54,-10,10
46115,71,71,0,0
46116,86,75,11,11
46117,77,70,7,7
46118,53,46,7,7
46119,98,82,16,16
46120,144,116,28,28
46121,89,75,14,14
46122,67,64,3,3
46123,147,121,26,26
46124,127,116,11,11
46125,85,77,8,8
46126,66,57,9,9
46127,89,75,14,14
46128,89,82,7,7
46129,75,68,7,7
46130,72,63,9,9
46131,101,94,7,7
46132,126,91,35,35
46133,62,55,7,7
46134,83,74,9,9
46135,151,129,22,22
46136,102,94,8,8
46137,215,179,36,36
46138,149,125,24,24
46139,133,114,19,19
46140,90,75,15,15
46141,100,77,23,23
46142,57,51,6,6
46143,61,58,3,3
46144,41,36,5,5
46145,137,113,24,24
46146,164,137,27,27
46147,242,202,40,40
46148,99,90,9,9
46149,51,49,2,2
46150,68,62,6,6
46151,78,69,9,9
46152,120,105,15,15
46153,87,77,10,10
46154,105,86,19,19
46155,112,94,18,18
46156,87,83,4,4
46157,88,81,7,7
46158,71,63,8,8
46159,125,108,17,17
46160,73,69,4,4
46161,108,98,10,10
46162,76,72,4,4
46163,45,41,4,4
46164,100,91,9,9
46165,76,72,4,4
46166,158,139,19,19
46167,92,84,8,8
46168,77,75,2,2
46169,44,42,2,2
46170,115,109,6,6
46171,85,84,1,1
46172,109,95,14,14
46173,89,83,6,6
46174,39,46,-7,7
46175,66,63,3,3
46176,62,64,-2,2
46177,89,85,4,4
46178,130,115,15,15
46179,92,83,9,9
46180,138,109,29,29
46181,118,97,21,21
46182,219,214,5,5
46183,104,95,9,9
46184,94,90,4,4
46185,100,80,20,20
46186,54,48,6,6
46187,153,122,31,31
46188,84,77,7,7
46189,91,89,2,2
46190,46,45,1,1
46191,53,59,-6,6
46192,77,67,10,10
46193,80,66,14,14
46194,138,113,25,25
46195,80,68,12,12
46196,138,110,28,28
46197,141,119,22,22
46198,91,80,11,11
46199,176,143,33,33
46200,117,106,11,11
46201,69,70,-1,1
46202,108,105,3,3
46203,101,86,15,15
46204,135,119,16,16
46205,115,103,12,12
46206,102,96,6,6
46207,56,59,-3,3
46208,96,89,7,7
46209,69,63,6,6
46210,106,103,3,3
46211,151,141,10,10
46212,110,97,13,13
46213,112,95,17,17
46214,134,110,24,24
46215,65,60,5,5
46216,66,61,5,5
46217,97,90,7,7
46218,109,100,9,9
46219,141,120,21,21
46220,78,86,-8,8
46221,94,103,-9,9
46222,64,66,-2,2
46223,47,56,-9,9
46224,79,71,8,8
46225,104,98,6,6
46226,39,37,2,2
46227,62,64,-2,2
46228,123,109,14,14
46229,144,121,23,23
46230,108,101,7,7
46231,183,143,40,40
46232,85,77,8,8
46233,49,51,-2,2
46234,40,42,-2,2
46235,27,42,-15,15
46236,107,97,10,10
46237,135,130,5,5
46238,129,103,26,26
46239,77,70,7,7
46240,61,65,-4,4
46241,58,65,-7,7
46242,144,124,20,20
46243,53,52,1,1
46244,95,91,4,4
46245,82,68,14,14
46246,73,68,5,5
46247,174,156,18,18
46248,101,88,13,13
46249,100,113,-13,13
46250,81,68,13,13
46251,94,83,11,11
46252,76,73,3,3
46253,70,68,2,2
46254,100,93,7,7
46255,79,67,12,12
46256,83,77,6,6
46257,90,86,4,4
46258,136,117,19,19
46259,61,56,5,5
46260,106,99,7,7
46261,90,83,7,7
46262,32,37,-5,5
46263,100,96,4,4
46264,74,63,11,11
46265,62,61,1,1
46266,101,84,17,17
46267,104,88,16,16
46268,94,77,17,17
46269,95,91,4,4
46270,134,117,17,17
46271,134,120,14,14
46272,77,68,9,9
46273,80,87,-7,7
46274,90,81,9,9
46275,128,106,22,22
46276,108,102,6,6
46277,64,66,-2,2
46278,44,50,-6,6
46279,115,98,17,17
46280,49,51,-2,2
46281,64,70,-6,6
46282,64,60,4,4
46283,128,115,13,13
46284,69,67,2,2
46285,73,64,9,9
46286,38,41,-3,3
46287,71,66,5,5
46288,94,86,8,8
46289,89,84,5,5
46290,63,61,2,2
46291,116,97,19,19
46292,83,79,4,4
46293,38,41,-3,3
46294,57,59,-2,2
46295,84,76,8,8
46296,552,385,167,167
46297,75,66,9,9
46298,70,64,6,6
46299,90,93,-3,3
46300,181,177,4,4
46301,109,97,12,12
46302,99,100,-1,1
46303,99,88,11,11
46304,73,68,5,5
46305,71,68,3,3
46306,125,117,8,8
46307,142,129,13,13
46308,125,110,15,15
46309,99,88,11,11
46310,127,108,19,19
46311,134,107,27,27
46312,87,75,12,12
46313,99,96,3,3
46314,116,109,7,7
46315,57,57,0,0
46316,160,134,26,26
46317,104,88,16,16
46318,106,97,9,9
46319,82,79,3,3
46320,149,121,28,28
46321,122,108,14,14
46322,46,46,0,0
46323,44,53,-9,9
46324,47,55,-8,8
46325,46,62,-16,16
46326,103,98,5,5
46327,118,107,11,11
46328,62,59,3,3
46329,61,64,-3,3
46330,90,85,5,5
46331,87,74,13,13
46332,163,137,26,26
46333,108,99,9,9
46334,68,64,4,4
46335,128,114,14,14
46336,132,135,-3,3
46337,48,52,-4,4
46338,66,58,8,8
46339,62,64,-2,2
46340,77,79,-2,2
46341,47,57,-10,10
46342,124,104,20,20
46343,95,94,1,1
46344,65,58,7,7
46345,70,68,2,2
46346,133,118,15,15
46347,98,91,7,7
46348,138,130,8,8
46349,93,87,6,6
46350,136,115,21,21
46351,119,103,16,16
46352,102,93,9,9
46353,106,111,-5,5
46354,75,71,4,4
46355,58,54,4,4
46356,130,102,28,28
46357,85,82,3,3
46358,102,106,-4,4
46359,66,61,5,5
46360,83,90,-7,7
46361,85,79,6,6
46362,122,107,15,15
46363,107,103,4,4
46364,68,69,-1,1
46365,58,57,1,1
46366,87,76,11,11
46367,67,67,0,0
46368,74,72,2,2
46369,68,60,8,8
46370,104,84,20,20
46371,158,140,18,18
46372,131,111,20,20
46373,103,92,11,11
46374,109,100,9,9
46375,64,59,5,5
46376,123,102,21,21
46377,111,94,17,17
46378,38,39,-1,1
46379,59,50,9,9
46380,46,54,-8,8
46381,101,97,4,4
46382,149,125,24,24
46383,116,102,14,14
46384,62,74,-12,12
46385,78,75,3,3
46386,92,79,13,13
46387,109,92,17,17
46388,94,87,7,7
46389,107,102,5,5
46390,75,73,2,2
46391,64,63,1,1
46392,30,37,-7,7
46393,127,115,12,12
46394,67,61,6,6
46395,109,100,9,9
46396,187,153,34,34
46397,90,84,6,6
46398,123,106,17,17
46399,72,63,9,9
46400,124,112,12,12
46401,110,97,13,13
46402,108,101,7,7
46403,65,66,-1,1
46404,116,110,6,6
46405,77,82,-5,5
46406,40,43,-3,3
46407,108,97,11,11
46408,159,135,24,24
46409,60,57,3,3
46410,116,98,18,18
46411,124,126,-2,2
46412,94,90,4,4
46413,90,75,15,15
46414,30,34,-4,4
46415,89,80,9,9
46416,89,75,14,14
46417,111,107,4,4
46418,84,78,6,6
46419,49,51,-2,2
46420,75,58,17,17
46421,136,107,29,29
46422,41,71,-30,30
46423,72,66,6,6
46424,173,147,26,26
46425,70,68,2,2
46426,90,85,5,5
46427,153,138,15,15
46428,138,129,9,9
46429,147,130,17,17
46430,116,117,-1,1
46431,148,126,22,22
46432,117,106,11,11
46433,103,90,13,13
46434,123,110,13,13
46435,151,122,29,29
46436,126,112,14,14
46437,105,103,2,2
46438,111,103,8,8
46439,71,58,13,13
46440,99,101,-2,2
46441,59,62,-3,3
46442,104,87,17,17
46443,60,54,6,6
46444,88,85,3,3
46445,63,56,7,7
46446,186,154,32,32
46447,97,83,14,14
46448,128,108,20,20
46449,162,132,30,30
46450,74,66,8,8
46451,92,78,14,14
46452,153,132,21,21
46453,97,88,9,9
46454,116,102,14,14
46455,161,121,40,40
46456,73,71,2,2
46457,107,97,10,10
46458,112,114,-2,2
46459,89,77,12,12
46460,92,80,12,12
46461,83,76,7,7
46462,108,108,0,0
46463,108,102,6,6
46464,49,44,5,5
46465,64,60,4,4
46466,109,106,3,3
46467,52,47,5,5
46468,139,128,11,11
46469,90,81,9,9
46470,90,83,7,7
46471,70,69,1,1
46472,97,91,6,6
46473,56,56,0,0
46474,64,70,-6,6
46475,67,60,7,7
46476,48,50,-2,2
46477,69,62,7,7
46478,93,85,8,8
46479,144,126,18,18
46480,145,137,8,8
46481,142,128,14,14
46482,150,133,17,17
46483,58,50,8,8
46484,120,98,22,22
46485,102,90,12,12
46486,142,130,12,12
46487,100,95,5,5
46488,125,111,14,14
46489,84,91,-7,7
46490,123,111,12,12
46491,145,137,8,8
46492,86,82,4,4
46493,73,67,6,6
46494,97,85,12,12
46495,57,54,3,3
46496,122,106,16,16
46497,71,56,15,15
46498,99,91,8,8
46499,83,69,14,14
46500,165,143,22,22
46501,193,151,42,42
46502,104,87,17,17
46503,110,114,-4,4
46504,65,59,6,6
46505,72,69,3,3
46506,76,70,6,6
46507,173,147,26,26
46508,76,83,-7,7
46509,95,84,11,11
46510,96,86,10,10
46511,82,72,10,10
46512,91,92,-1,1
46513,88,78,10,10
46514,104,97,7,7
46515,114,108,6,6
46516,109,94,15,15
46517,74,68,6,6
46518,137,116,21,21
46519,93,83,10,10
46520,88,82,6,6
46521,55,62,-7,7
46522,72,70,2,2
46523,71,85,-14,14
46524,110,89,21,21
46525,114,108,6,6
46526,128,116,12,12
46527,65,63,2,2
46528,114,106,8,8
46529,97,85,12,12
46530,117,131,-14,14
46531,72,70,2,2
46532,92,80,12,12
46533,64,58,6,6
46534,125,116,9,9
46535,99,91,8,8
46536,56,60,-4,4
46537,54,52,2,2
46538,122,110,12,12
46539,178,159,19,19
46540,179,151,28,28
46541,80,71,9,9
46542,109,94,15,15
46543,83,77,6,6
46544,103,87,16,16
46545,61,62,-1,1
46546,125,107,18,18
46547,96,81,15,15
46548,96,103,-7,7
46549,97,88,9,9
46550,108,84,24,24
46551,89,84,5,5
46552,55,51,4,4
46553,87,118,-31,31
46554,49,48,1,1
46555,94,87,7,7
46556,93,106,-13,13
46557,75,69,6,6
46558,65,63,2,2
46559,52,49,3,3
46560,83,73,10,10
46561,123,96,27,27
46562,92,81,11,11
46563,74,73,1,1
46564,109,89,20,20
46565,52,53,-1,1
46566,76,64,12,12
46567,116,100,16,16
46568,83,69,14,14
46569,82,73,9,9
46570,144,124,20,20
46571,35,38,-3,3
46572,155,135,20,20
46573,136,119,17,17
46574,123,107,16,16
46575,81,71,10,10
46576,66,67,-1,1
46577,131,112,19,19
46578,133,106,27,27
46579,71,65,6,6
46580,82,77,5,5
46581,82,77,5,5
46582,42,39,3,3
46583,137,137,0,0
46584,140,145,-5,5
46585,58,62,-4,4
46586,117,95,22,22
46587,69,77,-8,8
46588,85,80,5,5
46589,52,40,12,12
46590,87,89,-2,2
46591,135,127,8,8
46592,64,61,3,3
46593,129,100,29,29
46594,190,166,24,24
46595,68,70,-2,2
46596,82,70,12,12
46597,75,72,3,3
46598,149,121,28,28
46599,84,76,8,8
46600,54,51,3,3
46601,98,88,10,10
46602,99,80,19,19
46603,125,114,11,11
46604,86,81,5,5
46605,95,83,12,12
46606,75,71,4,4
46607,80,70,10,10
46608,118,106,12,12
46609,91,78,13,13
46610,106,90,16,16
46611,85,85,0,0
46612,153,134,19,19
46613,103,94,9,9
46614,159,140,19,19
46615,69,63,6,6
46616,166,121,45,45
46617,109,96,13,13
46618,133,111,22,22
46619,191,153,38,38
46620,113,86,27,27
46621,124,104,20,20
46622,139,120,19,19
46623,88,80,8,8
46624,43,67,-24,24
46625,71,69,2,2
46626,116,102,14,14
46627,115,98,17,17
46628,118,105,13,13
46629,62,56,6,6
46630,106,97,9,9
46631,116,118,-2,2
46632,137,115,22,22
46633,201,154,47,47
46634,53,54,-1,1
46635,73,71,2,2
46636,46,49,-3,3
46637,90,80,10,10
46638,126,114,12,12
46639,113,103,10,10
46640,80,68,12,12
46641,102,86,16,16
46642,161,136,25,25
46643,103,96,7,7
46644,119,117,2,2
46645,54,58,-4,4
46646,159,132,27,27
46647,87,72,15,15
46648,59,51,8,8
46649,59,61,-2,2
46650,90,79,11,11
46651,59,60,-1,1
46652,104,90,14,14
46653,131,121,10,10
46654,60,57,3,3
46655,68,61,7,7
46656,86,76,10,10
46657,88,76,12,12
46658,146,132,14,14
46659,62,58,4,4
46660,152,134,18,18
46661,104,94,10,10
46662,67,60,7,7
46663,102,95,7,7
46664,96,90,6,6
46665,99,100,-1,1
46666,99,94,5,5
46667,76,71,5,5
46668,97,88,9,9
46669,83,81,2,2
46670,112,109,3,3
46671,63,61,2,2
46672,136,127,9,9
46673,74,70,4,4
46674,172,136,36,36
46675,136,109,27,27
46676,120,113,7,7
46677,116,105,11,11
46678,126,107,19,19
46679,114,98,16,16
46680,72,69,3,3
46681,104,94,10,10
46682,147,134,13,13
46683,103,93,10,10
46684,81,67,14,14
46685,80,76,4,4
46686,101,91,10,10
46687,125,99,26,26
46688,92,69,23,23
46689,84,74,10,10
46690,80,99,-19,19
46691,150,127,23,23
46692,61,58,3,3
46693,112,99,13,13
46694,112,94,18,18
46695,67,57,10,10
46696,137,117,20,20
46697,58,56,2,2
46698,105,93,12,12
46699,88,83,5,5
46700,76,67,9,9
46701,88,74,14,14
46702,108,102,6,6
46703,97,85,12,12
46704,141,127,14,14
46705,64,73,-9,9
46706,51,53,-2,2
46707,101,84,17,17
46708,158,142,16,16
46709,97,88,9,9
46710,79,79,0,0
46711,69,63,6,6
46712,97,96,1,1
46713,90,82,8,8
46714,85,83,2,2
46715,90,80,10,10
46716,120,103,17,17
46717,61,58,3,3
46718,145,131,14,14
46719,77,72,5,5
46720,49,50,-1,1
46721,81,76,5,5
46722,70,65,5,5
46723,107,90,17,17
46724,87,79,8,8
46725,66,61,5,5
46726,108,96,12,12
46727,86,76,10,10
46728,68,65,3,3
46729,84,67,17,17
46730,72,68,4,4
46731,67,67,0,0
46732,73,67,6,6
46733,81,75,6,6
46734,65,54,11,11
46735,130,101,29,29
46736,47,42,5,5
46737,117,107,10,10
46738,141,113,28,28
46739,204,162,42,42
46740,85,77,8,8
46741,116,112,4,4
46742,118,99,19,19
46743,110,101,9,9
46744,100,87,13,13
46745,93,86,7,7
46746,53,49,4,4
46747,86,72,14,14
46748,70,63,7,7
46749,80,74,6,6
46750,146,133,13,13
46751,72,67,5,5
46752,154,134,20,20
46753,206,180,26,26
46754,72,70,2,2
46755,141,121,20,20
46756,83,96,-13,13
46757,141,127,14,14
46758,97,96,1,1
46759,137,118,19,19
46760,124,113,11,11
46761,84,78,6,6
46762,102,106,-4,4
46763,22,51,-29,29
46764,97,90,7,7
46765,59,56,3,3
46766,124,118,6,6
46767,198,170,28,28
46768,93,76,17,17
46769,96,85,11,11
46770,99,82,17,17
46771,191,141,50,50
46772,88,77,11,11
46773,88,76,12,12
46774,114,100,14,14
46775,85,85,0,0
46776,85,67,18,18
46777,63,61,2,2
46778,129,98,31,31
46779,142,124,18,18
46780,66,69,-3,3
46781,64,56,8,8
46782,72,65,7,7
46783,143,130,13,13
46784,73,62,11,11
46785,92,87,5,5
46786,80,76,4,4
46787,123,107,16,16
46788,67,67,0,0
46789,87,93,-6,6
46790,81,62,19,19
46791,77,94,-17,17
46792,70,62,8,8
46793,120,109,11,11
46794,119,106,13,13
46795,116,108,8,8
46796,193,171,22,22
46797,90,84,6,6
46798,113,115,-2,2
46799,109,92,17,17
46800,85,80,5,5
46801,63,60,3,3
46802,56,54,2,2
46803,131,121,10,10
46804,108,98,10,10
46805,58,56,2,2
46806,57,59,-2,2
46807,98,107,-9,9
46808,86,93,-7,7
46809,60,54,6,6
46810,54,57,-3,3
46811,160,129,31,31
46812,91,92,-1,1
46813,179,133,46,46
46814,68,78,-10,10
46815,143,126,17,17
46816,86,70,16,16
46817,115,107,8,8
46818,139,111,28,28
46819,95,87,8,8
46820,66,72,-6,6
46821,66,61,5,5
46822,143,127,16,16
46823,87,77,10,10
46824,85,86,-1,1
46825,77,75,2,2
46826,77,65,12,12
46827,91,76,15,15
46828,80,75,5,5
46829,23,33,-10,10
46830,92,83,9,9
46831,109,92,17,17
46832,115,97,18,18
46833,93,86,7,7
46834,67,65,2,2
46835,150,131,19,19
46836,78,65,13,13
46837,159,143,16,16
46838,124,100,24,24
46839,93,96,-3,3
46840,133,124,9,9
46841,79,77,2,2
46842,62,60,2,2
46843,73,65,8,8
46844,66,61,5,5
46845,69,62,7,7
46846,146,143,3,3
46847,73,62,11,11
46848,91,92,-1,1
46849,67,61,6,6
46850,80,91,-11,11
46851,96,83,13,13
46852,75,67,8,8
46853,72,76,-4,4
46854,87,78,9,9
46855,93,78,15,15
46856,115,99,16,16
46857,142,120,22,22
46858,168,127,41,41
46859,149,125,24,24
46860,91,81,10,10
46861,69,70,-1,1
46862,112,99,13,13
46863,83,73,10,10
46864,63,50,13,13
46865,84,78,6,6
46866,113,94,19,19
46867,98,87,11,11
46868,174,156,18,18
46869,103,88,15,15
46870,32,68,-36,36
46871,126,114,12,12
46872,132,120,12,12
46873,49,48,1,1
46874,107,96,11,11
46875,121,120,1,1
46876,132,111,21,21
46877,75,68,7,7
46878,71,68,3,3
46879,69,73,-4,4
46880,158,137,21,21
46881,73,67,6,6
46882,146,119,27,27
46883,49,53,-4,4
46884,124,111,13,13
46885,71,64,7,7
46886,43,40,3,3
46887,94,87,7,7
46888,120,118,2,2
46889,107,97,10,10
46890,83,69,14,14
46891,111,97,14,14
46892,79,74,5,5
46893,93,87,6,6
46894,130,118,12,12
46895,119,101,18,18
46896,80,68,12,12
46897,80,68,12,12
46898,76,69,7,7
46899,101,94,7,7
46900,131,116,15,15
46901,91,87,4,4
46902,81,81,0,0
46903,102,94,8,8
46904,108,86,22,22
46905,79,72,7,7
46906,121,101,20,20
46907,135,124,11,11
46908,68,75,-7,7
46909,104,102,2,2
46910,44,41,3,3
46911,103,97,6,6
46912,136,126,10,10
46913,107,82,25,25
46914,78,83,-5,5
46915,75,70,5,5
46916,37,38,-1,1
46917,24,33,-9,9
46918,166,147,19,19
46919,134,113,21,21
46920,116,102,14,14
46921,85,78,7,7
46922,130,118,12,12
46923,150,125,25,25
46924,103,89,14,14
46925,92,82,10,10
46926,127,118,9,9
46927,72,70,2,2
46928,95,92,3,3
46929,56,53,3,3
46930,170,135,35,35
46931,106,88,18,18
46932,78,74,4,4
46933,135,126,9,9
46934,113,96,17,17
46935,191,161,30,30
46936,61,62,-1,1
46937,95,77,18,18
46938,119,106,13,13
46939,114,94,20,20
46940,88,79,9,9
46941,71,63,8,8
46942,76,68,8,8
46943,50,54,-4,4
46944,69,64,5,5
46945,51,69,-18,18
46946,74,75,-1,1
46947,79,71,8,8
46948,74,76,-2,2
46949,113,105,8,8
46950,99,98,1,1
46951,86,80,6,6
46952,91,80,11,11
46953,83,88,-5,5
46954,106,92,14,14
46955,66,60,6,6
46956,74,63,11,11
46957,78,69,9,9
46958,101,91,10,10
46959,78,79,-1,1
46960,91,93,-2,2
46961,94,90,4,4
46962,86,79,7,7
46963,64,62,2,2
46964,98,75,23,23
46965,100,102,-2,2
46966,148,122,26,26
46967,96,94,2,2
46968,135,107,28,28
46969,123,123,0,0
46970,65,62,3,3
46971,86,74,12,12
46972,86,77,9,9
46973,93,84,9,9
46974,106,95,11,11
46975,122,104,18,18
46976,75,79,-4,4
46977,86,77,9,9
46978,51,50,1,1
46979,56,56,0,0
46980,125,117,8,8
46981,92,80,12,12
46982,108,107,1,1
46983,151,127,24,24
46984,83,78,5,5
46985,66,66,0,0
46986,138,112,26,26
46987,120,111,9,9
46988,79,71,8,8
46989,86,84,2,2
46990,163,147,16,16
46991,112,101,11,11
46992,98,80,18,18
46993,40,65,-25,25
46994,85,82,3,3
46995,73,72,1,1
46996,84,87,-3,3
46997,127,118,9,9
46998,113,95,18,18
46999,116,101,15,15
47000,91,86,5,5
47001,91,70,21,21
47002,50,50,0,0
47003,78,75,3,3
47004,90,83,7,7
47005,125,107,18,18
47006,84,82,2,2
47007,79,69,10,10
47008,69,64,5,5
47009,115,92,23,23
47010,227,212,15,15
47011,107,100,7,7
47012,136,145,-9,9
47013,88,78,10,10
47014,117,107,10,10
47015,81,80,1,1
47016,150,130,20,20
47017,101,108,-7,7
47018,169,145,24,24
47019,75,74,1,1
47020,146,131,15,15
47021,96,84,12,12
47022,66,61,5,5
47023,73,67,6,6
47024,85,86,-1,1
47025,104,83,21,21
47026,53,53,0,0
47027,148,143,5,5
47028,119,100,19,19
47029,45,40,5,5
47030,72,66,6,6
47031,126,113,13,13
47032,64,59,5,5
47033,119,110,9,9
47034,89,87,2,2
47035,139,123,16,16
47036,111,106,5,5
47037,100,95,5,5
47038,82,77,5,5
47039,138,119,19,19
47040,47,44,3,3
47041,167,138,29,29
47042,63,59,4,4
47043,118,104,14,14
47044,201,179,22,22
47045,82,83,-1,1
47046,91,87,4,4
47047,81,77,4,4
47048,91,79,12,12
47049,119,99,20,20
47050,88,75,13,13
47051,76,71,5,5
47052,86,79,7,7
47053,47,47,0,0
47054,134,122,12,12
47055,96,88,8,8
47056,82,74,8,8
47057,82,71,11,11
47058,89,83,6,6
47059,99,95,4,4
47060,93,88,5,5
47061,87,80,7,7
47062,62,66,-4,4
47063,58,52,6,6
47064,82,78,4,4
47065,142,129,13,13
47066,101,88,13,13
47067,127,107,20,20
47068,46,45,1,1
47069,116,100,16,16
47070,54,57,-3,3
47071,71,64,7,7
47072,121,127,-6,6
47073,80,74,6,6
47074,86,76,10,10
47075,119,102,17,17
47076,71,70,1,1
47077,171,145,26,26
47078,126,103,23,23
47079,57,51,6,6
47080,99,90,9,9
47081,55,57,-2,2
47082,77,73,4,4
47083,110,96,14,14
47084,77,94,-17,17
47085,111,98,13,13
47086,164,146,18,18
47087,104,88,16,16
47088,85,78,7,7
47089,75,70,5,5
47090,119,101,18,18
47091,82,77,5,5
47092,122,101,21,21
47093,111,99,12,12
47094,102,88,14,14
47095,54,50,4,4
47096,96,87,9,9
47097,65,61,4,4
47098,135,122,13,13
47099,79,70,9,9
47100,92,75,17,17
47101,56,56,0,0
47102,109,87,22,22
47103,124,112,12,12
47104,65,66,-1,1
47105,84,79,5,5
47106,107,94,13,13
47107,114,99,15,15
47108,92,77,15,15
47109,129,111,18,18
47110,159,135,24,24
47111,80,77,3,3
47112,106,95,11,11
47113,76,72,4,4
47114,81,82,-1,1
47115,115,104,11,11
47116,89,87,2,2
47117,66,65,1,1
47118,49,51,-2,2
47119,74,66,8,8
47120,77,66,11,11
47121,98,86,12,12
47122,181,149,32,32
47123,65,62,3,3
47124,125,109,16,16
47125,120,113,7,7
47126,92,77,15,15
47127,125,108,17,17
47128,97,88,9,9
47129,113,92,21,21
47130,69,68,1,1
47131,41,43,-2,2
47132,112,99,13,13
47133,93,78,15,15
47134,77,67,10,10
47135,114,114,0,0
47136,90,83,7,7
47137,119,113,6,6
47138,85,87,-2,2
47139,99,97,2,2
47140,113,85,28,28
47141,112,106,6,6
47142,43,45,-2,2
47143,73,66,7,7
47144,149,132,17,17
47145,72,69,3,3
47146,62,61,1,1
47147,74,68,6,6
47148,197,166,31,31
47149,93,92,1,1
47150,103,74,29,29
47151,96,82,14,14
47152,191,153,38,38
47153,116,102,14,14
47154,75,67,8,8
47155,99,95,4,4
47156,94,77,17,17
47157,124,117,7,7
47158,83,75,8,8
47159,131,113,18,18
47160,108,86,22,22
47161,108,108,0,0
47162,77,71,6,6
47163,77,61,16,16
47164,126,110,16,16
47165,59,67,-8,8
47166,101,102,-1,1
47167,121,106,15,15
47168,116,108,8,8
47169,124,102,22,22
47170,69,59,10,10
47171,160,134,26,26
47172,67,68,-1,1
47173,111,105,6,6
47174,80,93,-13,13
47175,44,44,0,0
47176,89,78,11,11
47177,92,80,12,12
47178,105,101,4,4
47179,113,93,20,20
47180,83,77,6,6
47181,54,49,5,5
47182,47,48,-1,1
47183,105,89,16,16
47184,65,58,7,7
47185,118,98,20,20
47186,115,93,22,22
47187,92,89,3,3
47188,69,55,14,14
47189,42,44,-2,2
47190,64,56,8,8
47191,119,112,7,7
47192,142,118,24,24
47193,117,99,18,18
47194,67,68,-1,1
47195,157,131,26,26
47196,57,58,-1,1
47197,122,98,24,24
47198,84,72,12,12
47199,112,102,10,10
47200,96,90,6,6
47201,75,64,11,11
47202,86,79,7,7
47203,168,136,32,32
47204,128,102,26,26
47205,111,103,8,8
47206,95,88,7,7
47207,74,77,-3,3
47208,101,82,19,19
47209,69,61,8,8
47210,160,142,18,18
47211,139,115,24,24
47212,24,55,-31,31
47213,89,78,11,11
47214,102,96,6,6
47215,49,48,1,1
47216,94,97,-3,3
47217,76,65,11,11
47218,170,137,33,33
47219,158,137,21,21
47220,31,78,-47,47
47221,66,64,2,2
47222,106,85,21,21
47223,60,66,-6,6
47224,77,74,3,3
47225,68,62,6,6
47226,129,115,14,14
47227,60,56,4,4
47228,106,98,8,8
47229,64,56,8,8
47230,67,61,6,6
47231,85,80,5,5
47232,79,65,14,14
47233,175,147,28,28
47234,20,56,-36,36
47235,169,136,33,33
47236,90,86,4,4
47237,74,69,5,5
47238,68,75,-7,7
47239,52,54,-2,2
47240,81,80,1,1
47241,106,101,5,5
47242,113,110,3,3
47243,64,61,3,3
47244,98,94,4,4
47245,120,109,11,11
47246,85,76,9,9
47247,70,60,10,10
47248,121,105,16,16
47249,132,111,21,21
47250,50,45,5,5
47251,68,72,-4,4
47252,55,53,2,2
47253,122,102,20,20
47254,107,90,17,17
47255,69,68,1,1
47256,115,99,16,16
47257,118,103,15,15
47258,184,186,-2,2
47259,78,81,-3,3
47260,47,49,-2,2
47261,65,60,5,5
47262,109,89,20,20
47263,89,74,15,15
47264,141,129,12,12
47265,68,83,-15,15
47266,167,134,33,33
47267,68,70,-2,2
47268,86,85,1,1
47269,93,83,10,10
47270,91,82,9,9
47271,65,66,-1,1
47272,132,119,13,13
47273,91,86,5,5
47274,71,62,9,9
47275,71,61,10,10
47276,120,109,11,11
47277,118,100,18,18
47278,117,105,12,12
47279,157,139,18,18
47280,73,72,1,1
47281,108,99,9,9
47282,82,67,15,15
47283,122,107,15,15
47284,143,131,12,12
47285,172,143,29,29
47286,76,60,16,16
47287,130,121,9,9
47288,61,56,5,5
47289,65,65,0,0
47290,128,106,22,22
47291,98,87,11,11
47292,161,149,12,12
47293,56,53,3,3
47294,97,123,-26,26
47295,176,177,-1,1
47296,125,110,15,15
47297,115,98,17,17
47298,81,76,5,5
47299,103,91,12,12
47300,53,52,1,1
47301,173,146,27,27
47302,132,112,20,20
47303,129,110,19,19
47304,120,105,15,15
47305,123,103,20,20
47306,203,149,54,54
47307,59,47,12,12
47308,67,64,3,3
47309,132,109,23,23
47310,182,146,36,36
47311,143,129,14,14
47312,97,81,16,16
47313,91,80,11,11
47314,96,96,0,0
47315,91,81,10,10
47316,87,75,12,12
47317,143,134,9,9
47318,65,54,11,11
47319,78,63,15,15
47320,78,71,7,7
47321,140,126,14,14
47322,93,86,7,7
47323,52,50,2,2
47324,95,91,4,4
47325,96,80,16,16
47326,72,68,4,4
47327,113,103,10,10
47328,97,82,15,15
47329,77,73,4,4
47330,71,68,3,3
47331,58,54,4,4
47332,72,65,7,7
47333,210,165,45,45
47334,97,83,14,14
47335,141,130,11,11
47336,130,119,11,11
47337,105,96,9,9
47338,66,69,-3,3
47339,78,81,-3,3
47340,96,90,6,6
47341,120,107,13,13
47342,57,57,0,0
47343,162,143,19,19
47344,134,122,12,12
47345,161,132,29,29
47346,171,151,20,20
47347,91,89,2,2
47348,46,47,-1,1
47349,128,108,20,20
47350,113,91,22,22
47351,96,83,13,13
47352,55,50,5,5
47353,101,95,6,6
47354,146,126,20,20
47355,83,111,-28,28
47356,41,43,-2,2
47357,117,105,12,12
47358,118,114,4,4
47359,89,84,5,5
47360,88,81,7,7
47361,37,34,3,3
47362,68,66,2,2
47363,53,47,6,6
47364,106,93,13,13
47365,125,107,18,18
47366,79,74,5,5
47367,100,87,13,13
47368,99,96,3,3
47369,99,93,6,6
47370,130,108,22,22
47371,75,78,-3,3
47372,101,87,14,14
47373,90,81,9,9
47374,154,126,28,28
47375,116,101,15,15
47376,60,65,-5,5
47377,144,131,13,13
47378,75,70,5,5
47379,110,96,14,14
47380,124,114,10,10
47381,79,83,-4,4
47382,38,39,-1,1
47383,90,81,9,9
47384,84,68,16,16
47385,76,75,1,1
47386,88,84,4,4
47387,124,114,10,10
47388,76,76,0,0
47389,84,73,11,11
47390,75,70,5,5
47391,78,72,6,6
47392,48,50,-2,2
47393,70,72,-2,2
47394,125,107,18,18
47395,129,116,13,13
47396,75,64,11,11
47397,91,95,-4,4
47398,108,96,12,12
47399,100,85,15,15
47400,56,63,-7,7
47401,140,118,22,22
47402,62,57,5,5
47403,224,165,59,59
47404,109,107,2,2
47405,159,145,14,14
47406,90,85,5,5
47407,125,103,22,22
47408,96,89,7,7
47409,74,82,-8,8
47410,109,103,6,6
47411,84,78,6,6
47412,50,46,4,4
47413,146,125,21,21
47414,116,96,20,20
47415,93,80,13,13
47416,92,78,14,14
47417,72,61,11,11
47418,159,124,35,35
47419,79,69,10,10
47420,117,99,18,18
47421,92,77,15,15
47422,102,91,11,11
47423,61,59,2,2
47424,55,47,8,8
47425,91,72,19,19
47426,94,81,13,13
47427,64,62,2,2
47428,121,105,16,16
47429,50,49,1,1
47430,91,80,11,11
47431,87,80,7,7
47432,100,87,13,13
47433,60,56,4,4
47434,139,124,15,15
47435,77,69,8,8
47436,54,53,1,1
47437,117,89,28,28
47438,105,107,-2,2
47439,105,91,14,14
47440,78,73,5,5
47441,108,89,19,19
47442,111,110,1,1
47443,112,106,6,6
47444,69,64,5,5
47445,100,94,6,6
47446,96,86,10,10
47447,31,41,-10,10
47448,75,67,8,8
47449,68,66,2,2
47450,53,54,-1,1
47451,63,60,3,3
47452,85,74,11,11
47453,126,116,10,10
47454,107,97,10,10
47455,130,111,19,19
47456,65,60,5,5
47457,73,67,6,6
47458,107,102,5,5
47459,121,108,13,13
47460,99,91,8,8
47461,92,90,2,2
47462,170,153,17,17
47463,85,66,19,19
47464,142,124,18,18
47465,86,79,7,7
47466,63,60,3,3
47467,121,101,20,20
47468,84,84,0,0
47469,66,59,7,7
47470,60,56,4,4
47471,68,58,10,10
47472,113,113,0,0
47473,101,91,10,10
47474,48,51,-3,3
47475,154,135,19,19
47476,160,136,24,24
47477,102,84,18,18
47478,94,84,10,10
47479,84,72,12,12
47480,107,102,5,5
47481,66,66,0,0
47482,87,83,4,4
47483,84,69,15,15
47484,86,83,3,3
47485,101,65,36,36
47486,83,72,11,11
47487,70,59,11,11
47488,104,85,19,19
47489,78,68,10,10
47490,69,62,7,7
47491,172,145,27,27
47492,66,69,-3,3
47493,96,83,13,13
47494,73,69,4,4
47495,122,119,3,3
47496,66,70,-4,4
47497,78,74,4,4
47498,70,114,-44,44
47499,62,63,-1,1
47500,64,59,5,5
47501,189,154,35,35
47502,101,92,9,9
47503,83,76,7,7
47504,88,73,15,15
47505,108,94,14,14
47506,109,95,14,14
47507,50,45,5,5
47508,100,86,14,14
47509,98,85,13,13
47510,74,64,10,10
47511,151,121,30,30
47512,67,67,0,0
47513,145,120,25,25
47514,99,88,11,11
47515,79,72,7,7
47516,66,67,-1,1
47517,87,74,13,13
47518,104,86,18,18
47519,75,66,9,9
47520,81,67,14,14
47521,79,79,0,0
47522,82,74,8,8
47523,202,160,42,42
47524,64,56,8,8
47525,142,123,19,19
47526,77,81,-4,4
47527,95,101,-6,6
47528,127,119,8,8
47529,89,86,3,3
47530,136,131,5,5
47531,63,65,-2,2
47532,123,106,17,17
47533,113,98,15,15
47534,98,88,10,10
47535,136,110,26,26
47536,124,106,18,18
47537,124,106,18,18
47538,162,134,28,28
47539,81,86,-5,5
47540,93,84,9,9
47541,83,81,2,2
47542,127,102,25,25
47543,60,51,9,9
47544,83,78,5,5
47545,60,56,4,4
47546,103,101,2,2
47547,93,75,18,18
47548,78,73,5,5
47549,97,85,12,12
47550,73,65,8,8
47551,128,108,20,20
47552,92,88,4,4
47553,37,36,1,1
47554,154,136,18,18
47555,60,61,-1,1
47556,94,83,11,11
47557,103,90,13,13
47558,72,68,4,4
47559,65,68,-3,3
47560,85,81,4,4
47561,111,98,13,13
47562,88,84,4,4
47563,110,92,18,18
47564,102,89,13,13
47565,59,55,4,4
47566,89,73,16,16
47567,113,91,22,22
47568,65,68,-3,3
47569,148,128,20,20
47570,83,77,6,6
47571,81,74,7,7
47572,88,79,9,9
47573,67,67,0,0
47574,44,48,-4,4
47575,98,96,2,2
47576,89,81,8,8
47577,85,79,6,6
47578,165,138,27,27
47579,58,62,-4,4
47580,118,101,17,17
47581,138,106,32,32
47582,85,75,10,10
47583,77,73,4,4
47584,58,55,3,3
47585,78,67,11,11
47586,94,98,-4,4
47587,51,54,-3,3
47588,109,106,3,3
47589,72,73,-1,1
47590,71,65,6,6
47591,83,82,1,1
47592,97,86,11,11
47593,81,77,4,4
47594,192,181,11,11
47595,152,129,23,23
47596,101,91,10,10
47597,65,54,11,11
47598,77,74,3,3
47599,130,109,21,21
47600,124,89,35,35
47601,89,84,5,5
47602,105,103,2,2
47603,85,76,9,9
47604,147,131,16,16
47605,108,108,0,0
47606,86,78,8,8
47607,66,65,1,1
47608,62,56,6,6
47609,74,65,9,9
47610,144,111,33,33
47611,77,69,8,8
47612,53,45,8,8
47613,81,69,12,12
47614,121,106,15,15
47615,71,63,8,8
47616,75,59,16,16
47617,105,88,17,17
47618,98,93,5,5
47619,133,121,12,12
47620,115,106,9,9
47621,56,55,1,1
47622,139,121,18,18
47623,108,100,8,8
47624,207,166,41,41
47625,43,52,-9,9
47626,135,115,20,20
47627,122,111,11,11
47628,61,62,-1,1
47629,97,81,16,16
47630,77,68,9,9
47631,123,95,28,28
47632,59,59,0,0
47633,113,107,6,6
47634,125,110,15,15
47635,88,81,7,7
47636,72,63,9,9
47637,137,125,12,12
47638,113,94,19,19
47639,112,95,17,17
47640,60,60,0,0
47641,106,97,9,9
47642,143,127,16,16
47643,91,83,8,8
47644,95,82,13,13
47645,155,126,29,29
47646,106,99,7,7
47647,103,106,-3,3
47648,142,115,27,27
47649,76,67,9,9
47650,115,109,6,6
47651,96,110,-14,14
47652,103,86,17,17
47653,106,99,7,7
47654,67,60,7,7
47655,100,89,11,11
47656,103,85,18,18
47657,72,70,2,2
47658,142,119,23,23
47659,32,46,-14,14
47660,137,122,15,15
47661,57,60,-3,3
47662,69,68,1,1
47663,47,46,1,1
47664,82,73,9,9
47665,113,94,19,19
47666,81,79,2,2
47667,96,87,9,9
47668,67,61,6,6
47669,138,116,22,22
47670,73,65,8,8
47671,62,72,-10,10
47672,45,50,-5,5
47673,106,92,14,14
47674,65,60,5,5
47675,79,73,6,6
47676,109,102,7,7
47677,147,125,22,22
47678,67,59,8,8
47679,94,82,12,12
47680,73,69,4,4
47681,57,61,-4,4
47682,124,102,22,22
47683,68,67,1,1
47684,89,78,11,11
47685,105,87,18,18
47686,64,69,-5,5
47687,78,77,1,1
47688,108,91,17,17
47689,171,150,21,21
47690,92,76,16,16
47691,63,62,1,1
47692,66,67,-1,1
47693,85,82,3,3
47694,134,116,18,18
47695,73,67,6,6
47696,85,77,8,8
47697,81,72,9,9
47698,119,106,13,13
47699,64,57,7,7
47700,73,65,8,8
47701,120,98,22,22
47702,122,107,15,15
47703,97,93,4,4
47704,69,67,2,2
47705,88,79,9,9
47706,86,81,5,5
47707,87,81,6,6
47708,152,128,24,24
47709,65,60,5,5
47710,37,46,-9,9
47711,125,102,23,23
47712,117,114,3,3
47713,72,66,6,6
47714,120,124,-4,4
47715,67,62,5,5
47716,147,128,19,19
47717,142,122,20,20
47718,111,94,17,17
47719,104,95,9,9
47720,90,76,14,14
47721,76,70,6,6
47722,82,69,13,13
47723,122,88,34,34
47724,176,148,28,28
47725,97,72,25,25
47726,84,77,7,7
47727,94,81,13,13
47728,175,159,16,16
47729,90,86,4,4
47730,62,58,4,4
47731,116,97,19,19
47732,137,119,18,18
47733,141,120,21,21
47734,96,101,-5,5
47735,99,89,10,10
47736,66,58,8,8
47737,183,161,22,22
47738,64,57,7,7
47739,137,131,6,6
47740,51,49,2,2
47741,35,37,-2,2
47742,137,112,25,25
47743,151,137,14,14
47744,115,102,13,13
47745,94,82,12,12
47746,42,40,2,2
47747,57,61,-4,4
47748,102,99,3,3
47749,59,55,4,4
47750,73,78,-5,5
47751,80,71,9,9
47752,102,100,2,2
47753,111,99,12,12
47754,150,134,16,16
47755,149,124,25,25
47756,129,106,23,23
47757,35,51,-16,16
47758,50,50,0,0
47759,85,71,14,14
47760,90,78,12,12
47761,129,103,26,26
47762,111,103,8,8
47763,80,82,-2,2
47764,165,153,12,12
47765,69,64,5,5
47766,132,106,26,26
47767,145,124,21,21
47768,51,48,3,3
47769,152,125,27,27
47770,64,59,5,5
47771,168,138,30,30
47772,100,96,4,4
47773,72,61,11,11
47774,86,81,5,5
47775,67,69,-2,2
47776,71,68,3,3
47777,156,136,20,20
47778,92,79,13,13
47779,93,87,6,6
47780,95,92,3,3
47781,113,99,14,14
47782,105,92,13,13
47783,77,77,0,0
47784,96,96,0,0
47785,103,95,8,8
47786,76,82,-6,6
47787,77,67,10,10
47788,103,84,19,19
47789,80,74,6,6
47790,72,71,1,1
47791,98,89,9,9
47792,94,78,16,16
47793,145,136,9,9
47794,57,49,8,8
47795,95,81,14,14
47796,97,71,26,26
47797,160,130,30,30
47798,161,138,23,23
47799,71,62,9,9
47800,95,81,14,14
47801,100,89,11,11
47802,57,48,9,9
47803,96,86,10,10
47804,70,64,6,6
47805,51,75,-24,24
47806,70,64,6,6
47807,27,36,-9,9
47808,93,80,13,13
47809,110,98,12,12
47810,128,111,17,17
47811,146,140,6,6
47812,81,65,16,16
47813,100,86,14,14
47814,77,65,12,12
47815,57,56,1,1
47816,110,95,15,15
47817,90,83,7,7
47818,105,101,4,4
47819,91,75,16,16
47820,158,136,22,22
47821,79,69,10,10
47822,52,47,5,5
47823,86,76,10,10
47824,100,89,11,11
47825,65,61,4,4
47826,116,99,17,17
47827,75,65,10,10
47828,95,83,12,12
47829,71,70,1,1
47830,87,83,4,4
47831,79,65,14,14
47832,77,72,5,5
47833,55,53,2,2
47834,94,85,9,9
47835,99,89,10,10
47836,98,90,8,8
47837,95,99,-4,4
47838,123,112,11,11
47839,76,81,-5,5
47840,157,148,9,9
47841,75,71,4,4
47842,114,102,12,12
47843,47,40,7,7
47844,110,96,14,14
47845,122,103,19,19
47846,89,89,0,0
47847,65,64,1,1
47848,63,63,0,0
47849,140,116,24,24
47850,101,93,8,8
47851,132,115,17,17
47852,175,161,14,14
47853,79,70,9,9
47854,97,87,10,10
47855,108,87,21,21
47856,76,64,12,12
47857,80,70,10,10
47858,114,96,18,18
47859,160,148,12,12
47860,101,85,16,16
47861,143,118,25,25
47862,40,42,-2,2
47863,151,128,23,23
47864,111,112,-1,1
47865,105,109,-4,4
47866,93,82,11,11
47867,121,111,10,10
47868,162,138,24,24
47869,91,92,-1,1
47870,86,80,6,6
47871,133,125,8,8
47872,69,67,2,2
47873,110,98,12,12
47874,76,66,10,10
47875,70,70,0,0
47876,129,100,29,29
47877,105,88,17,17
47878,118,105,13,13
47879,51,53,-2,2
47880,155,130,25,25
47881,80,73,7,7
47882,91,96,-5,5
47883,87,78,9,9
47884,61,66,-5,5
47885,65,61,4,4
47886,85,80,5,5
47887,89,79,10,10
47888,62,58,4,4
47889,85,81,4,4
47890,65,67,-2,2
47891,127,110,17,17
47892,94,87,7,7
47893,106,93,13,13
47894,72,65,7,7
47895,115,100,15,15
47896,100,84,16,16
47897,56,52,4,4
47898,78,80,-2,2
47899,100,91,9,9
47900,94,84,10,10
47901,104,90,14,14
47902,76,80,-4,4
47903,100,88,12,12
47904,114,97,17,17
47905,94,78,16,16
47906,92,84,8,8
47907,51,49,2,2
47908,129,115,14,14
47909,30,34,-4,4
47910,91,93,-2,2
47911,72,69,3,3
47912,99,90,9,9
47913,59,54,5,5
47914,103,89,14,14
47915,140,110,30,30
47916,71,67,4,4
47917,77,71,6,6
47918,108,100,8,8
47919,87,72,15,15
47920,150,134,16,16
47921,108,102,6,6
47922,78,69,9,9
47923,143,123,20,20
47924,109,107,2,2
47925,81,77,4,4
47926,82,81,1,1
47927,46,44,2,2
47928,142,117,25,25
47929,54,53,1,1
47930,89,86,3,3
47931,53,51,2,2
47932,73,64,9,9
47933,74,67,7,7
47934,43,39,4,4
47935,89,82,7,7
47936,71,69,2,2
47937,62,71,-9,9
47938,59,60,-1,1
47939,114,97,17,17
47940,56,52,4,4
47941,94,87,7,7
47942,102,99,3,3
47943,112,96,16,16
47944,75,69,6,6
47945,77,81,-4,4
47946,124,110,14,14
47947,128,106,22,22
47948,70,72,-2,2
47949,84,119,-35,35
47950,151,125,26,26
47951,113,96,17,17
47952,85,74,11,11
47953,82,94,-12,12
47954,163,144,19,19
47955,124,121,3,3
47956,80,67,13,13
47957,122,133,-11,11
47958,88,71,17,17
47959,66,59,7,7
47960,83,78,5,5
47961,118,102,16,16
47962,57,50,7,7
47963,66,68,-2,2
47964,108,96,12,12
47965,93,91,2,2
47966,51,49,2,2
47967,171,144,27,27
47968,114,94,20,20
47969,45,47,-2,2
47970,86,75,11,11
47971,62,66,-4,4
47972,67,63,4,4
47973,76,75,1,1
47974,108,101,7,7
47975,100,107,-7,7
47976,139,121,18,18
47977,115,103,12,12
47978,144,105,39,39
47979,90,75,15,15
47980,91,75,16,16
47981,75,73,2,2
47982,135,114,21,21
47983,67,70,-3,3
47984,117,94,23,23
47985,127,104,23,23
47986,59,55,4,4
47987,48,51,-3,3
47988,69,64,5,5
47989,93,78,15,15
47990,123,112,11,11
47991,131,127,4,4
47992,105,94,11,11
47993,121,114,7,7
47994,111,104,7,7
47995,43,42,1,1
47996,131,113,18,18
47997,133,109,24,24
47998,74,70,4,4
47999,154,123,31,31
48000,36,38,-2,2
48001,83,83,0,0
48002,114,105,9,9
48003,115,97,18,18
48004,117,101,16,16
48005,129,113,16,16
48006,119,103,16,16
48007,65,61,4,4
48008,88,83,5,5
48009,80,66,14,14
48010,43,38,5,5
48011,68,65,3,3
48012,157,132,25,25
48013,104,95,9,9
48014,56,49,7,7
48015,52,55,-3,3
48016,115,100,15,15
48017,64,56,8,8
48018,139,124,15,15
48019,58,55,3,3
48020,105,96,9,9
48021,196,170,26,26
48022,117,97,20,20
48023,108,83,25,25
48024,109,109,0,0
48025,53,49,4,4
48026,97,80,17,17
48027,89,85,4,4
48028,136,116,20,20
48029,156,147,9,9
48030,107,90,17,17
48031,48,43,5,5
48032,108,103,5,5
48033,151,122,29,29
48034,71,79,-8,8
48035,99,81,18,18
48036,119,92,27,27
48037,131,116,15,15
48038,72,68,4,4
48039,112,98,14,14
48040,142,136,6,6
48041,130,115,15,15
48042,103,97,6,6
48043,136,120,16,16
48044,61,56,5,5
48045,93,82,11,11
48046,124,111,13,13
48047,44,49,-5,5
48048,166,155,11,11
48049,134,122,12,12
48050,85,76,9,9
48051,56,61,-5,5
48052,58,63,-5,5
48053,95,85,10,10
48054,113,97,16,16
48055,80,79,1,1
48056,105,90,15,15
48057,56,49,7,7
48058,79,77,2,2
48059,77,76,1,1
48060,90,80,10,10
48061,68,71,-3,3
48062,65,66,-1,1
48063,95,85,10,10
48064,51,54,-3,3
48065,99,82,17,17
48066,81,67,14,14
48067,116,93,23,23
48068,72,66,6,6
48069,55,58,-3,3
48070,144,128,16,16
48071,74,74,0,0
48072,135,123,12,12
48073,60,60,0,0
48074,76,78,-2,2
48075,144,111,33,33
48076,141,111,30,30
48077,80,59,21,21
48078,74,73,1,1
48079,83,75,8,8
48080,76,65,11,11
48081,100,89,11,11
48082,97,84,13,13
48083,141,108,33,33
48084,109,97,12,12
48085,87,99,-12,12
48086,104,93,11,11
48087,69,64,5,5
48088,60,64,-4,4
48089,71,68,3,3
48090,64,61,3,3
48091,69,70,-1,1
48092,92,82,10,10
48093,93,81,12,12
48094,88,76,12,12
48095,11,33,-22,22
48096,132,109,23,23
48097,62,65,-3,3
48098,73,83,-10,10
48099,110,92,18,18
48100,84,82,2,2
48101,63,48,15,15
48102,110,101,9,9
48103,61,53,8,8
48104,81,82,-1,1
48105,107,102,5,5
48106,161,131,30,30
48107,66,57,9,9
48108,59,63,-4,4
48109,115,111,4,4
48110,113,100,13,13
48111,125,114,11,11
48112,104,95,9,9
48113,90,82,8,8
48114,84,76,8,8
48115,101,94,7,7
48116,151,123,28,28
48117,127,107,20,20
48118,102,90,12,12
48119,85,82,3,3
48120,64,65,-1,1
48121,114,103,11,11
48122,104,89,15,15
48123,99,94,5,5
48124,60,57,3,3
48125,102,98,4,4
48126,125,109,16,16
48127,109,110,-1,1
48128,106,91,15,15
48129,91,84,7,7
48130,54,64,-10,10
48131,86,91,-5,5
48132,108,105,3,3
48133,61,60,1,1
48134,63,75,-12,12
48135,112,99,13,13
48136,35,34,1,1
48137,86,77,9,9
48138,79,77,2,2
48139,112,100,12,12
48140,180,157,23,23
48141,94,77,17,17
48142,125,107,18,18
48143,82,72,10,10
48144,94,92,2,2
48145,83,70,13,13
48146,93,90,3,3
48147,89,83,6,6
48148,63,61,2,2
48149,120,110,10,10
48150,91,73,18,18
48151,102,112,-10,10
48152,70,70,0,0
48153,66,60,6,6
48154,73,66,7,7
48155,122,99,23,23
48156,50,50,0,0
48157,65,66,-1,1
48158,146,127,19,19
48159,72,70,2,2
48160,109,90,19,19
48161,67,66,1,1
48162,138,119,19,19
48163,78,72,6,6
48164,143,126,17,17
48165,82,75,7,7
48166,147,142,5,5
48167,115,103,12,12
48168,107,101,6,6
48169,60,59,1,1
48170,95,81,14,14
48171,95,86,9,9
48172,39,45,-6,6
48173,75,79,-4,4
48174,61,59,2,2
48175,194,183,11,11
48176,67,68,-1,1
48177,104,88,16,16
48178,79,75,4,4
48179,57,68,-11,11
48180,45,46,-1,1
48181,66,66,0,0
48182,70,66,4,4
48183,61,70,-9,9
48184,93,81,12,12
48185,104,93,11,11
48186,122,121,1,1
48187,64,61,3,3
48188,68,68,0,0
48189,132,118,14,14
48190,55,51,4,4
48191,117,105,12,12
48192,89,76,13,13
48193,83,82,1,1
48194,94,98,-4,4
48195,59,49,10,10
48196,149,126,23,23
48197,77,76,1,1
48198,92,89,3,3
48199,84,72,12,12
48200,71,65,6,6
48201,75,66,9,9
48202,123,103,20,20
48203,108,102,6,6
48204,90,85,5,5
48205,99,77,22,22
48206,38,41,-3,3
48207,59,61,-2,2
48208,104,92,12,12
48209,114,113,1,1
48210,83,79,4,4
48211,182,143,39,39
48212,89,85,4,4
48213,77,63,14,14
48214,146,120,26,26
48215,74,69,5,5
48216,73,65,8,8
48217,71,65,6,6
48218,70,60,10,10
48219,139,126,13,13
48220,75,59,16,16
48221,110,115,-5,5
48222,106,99,7,7
48223,150,131,19,19
48224,132,113,19,19
48225,108,89,19,19
48226,56,56,0,0
48227,133,117,16,16
48228,123,100,23,23
48229,58,48,10,10
48230,73,69,4,4
48231,118,99,19,19
48232,83,77,6,6
48233,66,59,7,7
48234,83,76,7,7
48235,89,82,7,7
48236,87,88,-1,1
48237,95,86,9,9
48238,57,58,-1,1
48239,124,114,10,10
48240,136,121,15,15
48241,102,92,10,10
48242,123,113,10,10
48243,53,50,3,3
48244,59,61,-2,2
48245,150,121,29,29
48246,140,117,23,23
48247,88,80,8,8
48248,140,120,20,20
48249,86,82,4,4
48250,106,93,13,13
48251,127,126,1,1
48252,88,73,15,15
48253,99,95,4,4
48254,83,77,6,6
48255,81,77,4,4
48256,151,124,27,27
48257,144,131,13,13
48258,55,51,4,4
48259,66,59,7,7
48260,103,91,12,12
48261,100,88,12,12
48262,76,66,10,10
48263,115,102,13,13
48264,135,114,21,21
48265,128,105,23,23
48266,163,134,29,29
48267,81,68,13,13
48268,88,79,9,9
48269,86,103,-17,17
48270,147,125,22,22
48271,179,151,28,28
48272,98,84,14,14
48273,91,78,13,13
48274,145,125,20,20
48275,53,53,0,0
48276,122,112,10,10
48277,79,71,8,8
48278,118,118,0,0
48279,100,82,18,18
48280,76,65,11,11
48281,148,129,19,19
48282,55,40,15,15
48283,80,73,7,7
48284,129,125,4,4
48285,52,57,-5,5
48286,108,97,11,11
48287,71,65,6,6
48288,49,44,5,5
48289,111,95,16,16
48290,97,82,15,15
48291,106,87,19,19
48292,31,36,-5,5
48293,62,57,5,5
48294,140,141,-1,1
48295,102,86,16,16
48296,68,56,12,12
48297,66,62,4,4
48298,98,92,6,6
48299,29,33,-4,4
48300,162,137,25,25
48301,68,65,3,3
48302,39,44,-5,5
48303,61,58,3,3
48304,126,117,9,9
48305,82,66,16,16
48306,95,79,16,16
48307,86,84,2,2
48308,91,82,9,9
48309,68,77,-9,9
48310,70,67,3,3
48311,56,46,10,10
48312,113,102,11,11
48313,83,70,13,13
48314,185,151,34,34
48315,133,116,17,17
48316,98,86,12,12
48317,47,49,-2,2
48318,86,73,13,13
48319,115,95,20,20
48320,121,103,18,18
48321,130,120,10,10
48322,116,100,16,16
48323,55,49,6,6
48324,88,80,8,8
48325,158,143,15,15
48326,208,184,24,24
48327,104,88,16,16
48328,109,98,11,11
48329,94,91,3,3
48330,49,50,-1,1
48331,66,67,-1,1
48332,135,135,0,0
48333,112,93,19,19
48334,75,66,9,9
48335,99,91,8,8
48336,98,92,6,6
48337,77,79,-2,2
48338,108,89,19,19
48339,81,75,6,6
48340,99,98,1,1
48341,113,84,29,29
48342,68,68,0,0
48343,111,107,4,4
48344,57,59,-2,2
48345,141,114,27,27
48346,96,85,11,11
48347,57,62,-5,5
48348,86,78,8,8
48349,64,78,-14,14
48350,58,50,8,8
48351,68,65,3,3
48352,79,70,9,9
48353,128,114,14,14
48354,133,113,20,20
48355,129,123,6,6
48356,98,85,13,13
48357,126,102,24,24
48358,68,66,2,2
48359,98,84,14,14
48360,76,59,17,17
48361,151,125,26,26
48362,143,128,15,15
48363,81,79,2,2
48364,154,126,28,28
48365,99,92,7,7
48366,58,56,2,2
48367,40,41,-1,1
48368,101,93,8,8
48369,88,76,12,12
48370,102,85,17,17
48371,82,70,12,12
48372,80,72,8,8
48373,77,70,7,7
48374,91,80,11,11
48375,133,118,15,15
48376,160,129,31,31
48377,137,120,17,17
48378,110,93,17,17
48379,78,67,11,11
48380,83,78,5,5
48381,68,74,-6,6
48382,85,83,2,2
48383,90,80,10,10
48384,51,49,2,2
48385,95,85,10,10
48386,133,112,21,21
48387,63,63,0,0
48388,64,59,5,5
48389,64,55,9,9
48390,128,116,12,12
48391,94,90,4,4
48392,87,79,8,8
48393,49,51,-2,2
48394,66,58,8,8
48395,53,52,1,1
48396,99,90,9,9
48397,55,59,-4,4
48398,166,140,26,26
48399,179,150,29,29
48400,100,86,14,14
48401,97,86,11,11
48402,139,115,24,24
48403,59,54,5,5
48404,175,148,27,27
48405,123,116,7,7
48406,72,69,3,3
48407,77,80,-3,3
48408,86,72,14,14
48409,52,54,-2,2
48410,122,122,0,0
48411,83,74,9,9
48412,109,108,1,1
48413,123,104,19,19
48414,72,69,3,3
48415,86,79,7,7
48416,97,100,-3,3
48417,98,84,14,14
48418,98,81,17,17
48419,72,64,8,8
48420,160,130,30,30
48421,61,55,6,6
48422,91,84,7,7
48423,65,57,8,8
48424,145,124,21,21
48425,60,57,3,3
48426,125,111,14,14
48427,57,56,1,1
48428,117,101,16,16
48429,104,92,12,12
48430,141,121,20,20
48431,65,61,4,4
48432,78,66,12,12
48433,74,68,6,6
48434,82,75,7,7
48435,83,78,5,5
48436,79,75,4,4
48437,79,75,4,4
48438,73,68,5,5
48439,154,121,33,33
48440,89,79,10,10
48441,83,81,2,2
48442,79,71,8,8
48443,167,136,31,31
48444,103,107,-4,4
48445,89,80,9,9
48446,199,162,37,37
48447,63,66,-3,3
48448,67,59,8,8
48449,152,141,11,11
48450,98,94,4,4
48451,78,75,3,3
48452,78,70,8,8
48453,119,112,7,7
48454,93,89,4,4
48455,121,110,11,11
48456,105,85,20,20
48457,184,127,57,57
48458,60,58,2,2
48459,167,133,34,34
48460,51,53,-2,2
48461,114,106,8,8
48462,59,54,5,5
48463,98,94,4,4
48464,62,62,0,0
48465,74,58,16,16
48466,87,75,12,12
48467,84,72,12,12
48468,63,57,6,6
48469,103,87,16,16
48470,133,108,25,25
48471,125,99,26,26
48472,137,124,13,13
48473,82,68,14,14
48474,145,130,15,15
48475,111,103,8,8
48476,117,103,14,14
48477,61,56,5,5
48478,107,102,5,5
48479,127,111,16,16
48480,50,45,5,5
48481,75,66,9,9
48482,173,148,25,25
48483,162,131,31,31
48484,72,77,-5,5
48485,104,94,10,10
48486,84,74,10,10
48487,84,72,12,12
48488,99,91,8,8
48489,109,94,15,15
48490,125,115,10,10
48491,100,90,10,10
48492,108,102,6,6
48493,118,109,9,9
48494,70,72,-2,2
48495,67,52,15,15
48496,39,41,-2,2
48497,87,80,7,7
48498,71,76,-5,5
48499,65,62,3,3
48500,185,149,36,36
48501,89,78,11,11
48502,94,82,12,12
48503,68,63,5,5
48504,66,58,8,8
48505,126,108,18,18
48506,99,90,9,9
48507,100,91,9,9
48508,85,72,13,13
48509,38,43,-5,5
48510,170,143,27,27
48511,109,88,21,21
48512,90,76,14,14
48513,58,55,3,3
48514,52,51,1,1
48515,162,154,8,8
48516,60,59,1,1
48517,99,87,12,12
48518,80,70,10,10
48519,82,87,-5,5
48520,112,98,14,14
48521,81,68,13,13
48522,112,116,-4,4
48523,160,135,25,25
48524,44,47,-3,3
48525,60,59,1,1
48526,87,72,15,15
48527,66,57,9,9
48528,54,51,3,3
48529,158,125,33,33
48530,125,112,13,13
48531,61,59,2,2
48532,179,149,30,30
48533,174,133,41,41
48534,86,92,-6,6
48535,86,88,-2,2
48536,79,90,-11,11
48537,60,57,3,3
48538,78,68,10,10
48539,128,117,11,11
48540,111,95,16,16
48541,98,91,7,7
48542,142,108,34,34
48543,65,60,5,5
48544,142,116,26,26
48545,176,159,17,17
48546,88,74,14,14
48547,165,142,23,23
48548,85,81,4,4
48549,85,74,11,11
48550,88,82,6,6
48551,97,94,3,3
48552,125,109,16,16
48553,99,87,12,12
48554,83,72,11,11
48555,97,84,13,13
48556,96,86,10,10
48557,62,63,-1,1
48558,99,100,-1,1
48559,57,57,0,0
48560,77,76,1,1
48561,77,74,3,3
48562,104,113,-9,9
48563,114,95,19,19
48564,94,81,13,13
48565,67,78,-11,11
48566,112,95,17,17
48567,128,109,19,19
48568,93,87,6,6
48569,115,111,4,4
48570,63,58,5,5
48571,67,69,-2,2
48572,136,123,13,13
48573,96,98,-2,2
48574,97,97,0,0
48575,97,96,1,1
48576,100,86,14,14
48577,60,57,3,3
48578,155,158,-3,3
48579,80,84,-4,4
48580,92,97,-5,5
48581,130,111,19,19
48582,139,110,29,29
48583,121,108,13,13
48584,58,60,-2,2
48585,73,70,3,3
48586,98,89,9,9
48587,95,92,3,3
48588,126,105,21,21
48589,112,98,14,14
48590,82,80,2,2
48591,105,89,16,16
48592,68,73,-5,5
48593,67,73,-6,6
48594,121,111,10,10
48595,164,129,35,35
48596,107,101,6,6
48597,110,97,13,13
48598,125,114,11,11
48599,71,65,6,6
48600,77,76,1,1
48601,97,87,10,10
48602,114,110,4,4
48603,140,125,15,15
48604,57,60,-3,3
48605,99,87,12,12
48606,99,86,13,13
48607,52,44,8,8
48608,83,70,13,13
48609,173,211,-38,38
48610,94,91,3,3
48611,47,49,-2,2
48612,58,61,-3,3
48613,61,65,-4,4
48614,82,89,-7,7
48615,53,62,-9,9
48616,53,53,0,0
48617,77,73,4,4
48618,88,88,0,0
48619,74,70,4,4
48620,74,64,10,10
48621,150,127,23,23
48622,135,124,11,11
48623,176,158,18,18
48624,53,56,-3,3
48625,140,123,17,17
48626,106,103,3,3
48627,189,151,38,38
48628,104,103,1,1
48629,71,80,-9,9
48630,66,58,8,8
48631,82,81,1,1
48632,111,112,-1,1
48633,114,95,19,19
48634,140,125,15,15
48635,95,89,6,6
48636,152,130,22,22
48637,101,100,1,1
48638,67,57,10,10
48639,47,54,-7,7
48640,73,74,-1,1
48641,84,91,-7,7
48642,92,78,14,14
48643,157,141,16,16
48644,128,120,8,8
48645,96,99,-3,3
48646,91,81,10,10
48647,92,80,12,12
48648,132,114,18,18
48649,170,146,24,24
48650,103,81,22,22
48651,46,50,-4,4
48652,123,100,23,23
48653,91,73,18,18
48654,111,101,10,10
48655,144,131,13,13
48656,73,71,2,2
48657,116,99,17,17
48658,137,121,16,16
48659,131,111,20,20
48660,37,40,-3,3
48661,84,79,5,5
48662,91,79,12,12
48663,175,158,17,17
48664,137,122,15,15
48665,91,80,11,11
48666,41,44,-3,3
48667,88,73,15,15
48668,86,74,12,12
48669,67,64,3,3
48670,181,146,35,35
48671,108,93,15,15
48672,51,44,7,7
48673,145,124,21,21
48674,87,80,7,7
48675,42,40,2,2
48676,92,83,9,9
48677,196,159,37,37
48678,43,43,0,0
48679,108,101,7,7
48680,131,108,23,23
48681,105,100,5,5
48682,77,73,4,4
48683,80,74,6,6
48684,144,122,22,22
48685,120,121,-1,1
48686,70,66,4,4
48687,62,59,3,3
48688,40,39,1,1
48689,80,69,11,11
48690,93,78,15,15
48691,41,46,-5,5
48692,90,90,0,0
48693,82,72,10,10
48694,85,80,5,5
48695,103,88,15,15
48696,119,103,16,16
48697,65,64,1,1
48698,85,75,10,10
48699,114,96,18,18
48700,95,82,13,13
48701,39,36,3,3
48702,89,79,10,10
48703,116,105,11,11
48704,133,124,9,9
48705,76,71,5,5
48706,146,118,28,28
48707,55,56,-1,1
48708,170,148,22,22
48709,76,70,6,6
48710,89,82,7,7
48711,76,88,-12,12
48712,107,89,18,18
48713,69,61,8,8
48714,94,94,0,0
48715,106,95,11,11
48716,91,71,20,20
48717,158,144,14,14
48718,110,100,10,10
48719,69,67,2,2
48720,90,77,13,13
48721,99,83,16,16
48722,74,66,8,8
48723,94,91,3,3
48724,70,65,5,5
48725,81,86,-5,5
48726,136,130,6,6
48727,89,84,5,5
48728,113,107,6,6
48729,110,92,18,18
48730,137,124,13,13
48731,100,90,10,10
48732,114,99,15,15
48733,122,97,25,25
48734,27,33,-6,6
48735,105,101,4,4
48736,65,68,-3,3
48737,120,118,2,2
48738,68,66,2,2
48739,158,137,21,21
48740,76,75,1,1
48741,123,108,15,15
48742,71,62,9,9
48743,86,82,4,4
48744,68,73,-5,5
48745,118,103,15,15
48746,36,40,-4,4
48747,26,34,-8,8
48748,55,53,2,2
48749,87,80,7,7
48750,117,100,17,17
48751,36,40,-4,4
48752,112,95,17,17
48753,73,62,11,11
48754,93,83,10,10
48755,122,102,20,20
48756,117,104,13,13
48757,116,116,0,0
48758,95,85,10,10
48759,51,47,4,4
48760,81,73,8,8
48761,88,70,18,18
48762,62,59,3,3
48763,84,59,25,25
48764,69,69,0,0
48765,62,61,1,1
48766,101,96,5,5
48767,112,102,10,10
48768,182,143,39,39
48769,51,56,-5,5
48770,89,81,8,8
48771,123,113,10,10
48772,91,81,10,10
48773,67,67,0,0
48774,150,122,28,28
48775,61,63,-2,2
48776,107,94,13,13
48777,53,54,-1,1
48778,79,76,3,3
48779,143,138,5,5
48780,115,105,10,10
48781,66,64,2,2
48782,104,91,13,13
48783,154,146,8,8
48784,96,82,14,14
48785,165,145,20,20
48786,124,114,10,10
48787,108,94,14,14
48788,106,99,7,7
48789,124,118,6,6
48790,91,87,4,4
48791,98,106,-8,8
48792,74,74,0,0
48793,146,134,12,12
48794,136,126,10,10
48795,96,98,-2,2
48796,117,106,11,11
48797,113,98,15,15
48798,118,100,18,18
48799,151,128,23,23
48800,157,138,19,19
48801,98,77,21,21
48802,136,123,13,13
48803,119,124,-5,5
48804,66,59,7,7
48805,144,122,22,22
48806,118,106,12,12
48807,186,164,22,22
48808,91,85,6,6
48809,99,88,11,11
48810,78,76,2,2
48811,81,79,2,2
48812,77,76,1,1
48813,51,51,0,0
48814,81,78,3,3
48815,110,98,12,12
48816,83,75,8,8
48817,75,80,-5,5
48818,73,68,5,5
48819,113,102,11,11
48820,84,72,12,12
48821,94,85,9,9
48822,77,84,-7,7
48823,101,88,13,13
48824,100,83,17,17
48825,68,60,8,8
48826,65,65,0,0
48827,159,142,17,17
48828,66,67,-1,1
48829,149,115,34,34
48830,81,91,-10,10
48831,56,54,2,2
48832,149,149,0,0
48833,56,53,3,3
48834,110,99,11,11
48835,61,60,1,1
48836,57,50,7,7
48837,107,100,7,7
48838,58,54,4,4
48839,106,97,9,9
48840,145,115,30,30
48841,70,67,3,3
48842,115,104,11,11
48843,106,80,26,26
48844,144,121,23,23
48845,129,104,25,25
48846,127,117,10,10
48847,223,175,48,48
48848,147,134,13,13
48849,95,84,11,11
48850,34,35,-1,1
48851,66,57,9,9
48852,88,83,5,5
48853,91,78,13,13
48854,90,78,12,12
48855,131,118,13,13
48856,61,63,-2,2
48857,66,58,8,8
48858,125,117,8,8
48859,69,62,7,7
48860,73,76,-3,3
48861,87,77,10,10
48862,89,79,10,10
48863,69,68,1,1
48864,114,102,12,12
48865,64,61,3,3
48866,146,125,21,21
48867,93,89,4,4
48868,54,56,-2,2
48869,171,158,13,13
48870,63,60,3,3
48871,70,71,-1,1
48872,61,60,1,1
48873,75,67,8,8
48874,158,129,29,29
48875,65,72,-7,7
48876,93,87,6,6
48877,97,81,16,16
48878,126,95,31,31
48879,122,108,14,14
48880,128,125,3,3
48881,109,98,11,11
48882,90,77,13,13
48883,167,147,20,20
48884,79,64,15,15
48885,56,56,0,0
48886,117,101,16,16
48887,80,72,8,8
48888,48,50,-2,2
48889,72,69,3,3
48890,69,63,6,6
48891,105,94,11,11
48892,103,88,15,15
48893,94,85,9,9
48894,91,77,14,14
48895,117,101,16,16
48896,168,161,7,7
48897,60,57,3,3
48898,93,91,2,2
48899,110,95,15,15
48900,61,56,5,5
48901,133,118,15,15
48902,124,99,25,25
48903,131,119,12,12
48904,81,75,6,6
48905,78,68,10,10
48906,117,101,16,16
48907,116,104,12,12
48908,75,74,1,1
48909,50,52,-2,2
48910,76,64,12,12
48911,120,104,16,16
48912,96,85,11,11
48913,99,111,-12,12
48914,163,140,23,23
48915,136,116,20,20
48916,150,123,27,27
48917,87,89,-2,2
48918,116,105,11,11
48919,127,113,14,14
48920,73,66,7,7
48921,110,106,4,4
48922,65,61,4,4
48923,74,69,5,5
48924,98,85,13,13
48925,74,66,8,8
48926,105,93,12,12
48927,92,86,6,6
48928,80,77,3,3
48929,111,101,10,10
48930,93,84,9,9
48931,69,64,5,5
48932,76,73,3,3
48933,59,54,5,5
48934,127,112,15,15
48935,45,50,-5,5
48936,100,75,25,25
48937,111,103,8,8
48938,165,192,-27,27
48939,161,152,9,9
48940,108,102,6,6
48941,85,71,14,14
48942,131,121,10,10
48943,28,37,-9,9
48944,92,78,14,14
48945,55,55,0,0
48946,134,113,21,21
48947,112,95,17,17
48948,123,101,22,22
48949,137,122,15,15
48950,72,75,-3,3
48951,116,97,19,19
48952,136,117,19,19
48953,122,108,14,14
48954,120,108,12,12
48955,85,71,14,14
48956,98,96,2,2
48957,108,114,-6,6
48958,95,89,6,6
48959,71,63,8,8
48960,160,131,29,29
48961,112,106,6,6
48962,98,94,4,4
48963,72,63,9,9
48964,102,93,9,9
48965,95,80,15,15
48966,130,111,19,19
48967,96,87,9,9
48968,123,106,17,17
48969,100,98,2,2
48970,172,150,22,22
48971,55,53,2,2
48972,60,68,-8,8
48973,101,95,6,6
48974,90,95,-5,5
48975,76,79,-3,3
48976,80,73,7,7
48977,100,100,0,0
48978,61,60,1,1
48979,75,70,5,5
48980,81,91,-10,10
48981,121,106,15,15
48982,81,76,5,5
48983,139,127,12,12
48984,86,69,17,17
48985,94,84,10,10
48986,121,110,11,11
48987,83,71,12,12
48988,127,116,11,11
48989,49,60,-11,11
48990,83,83,0,0
48991,76,68,8,8
48992,113,98,15,15
48993,73,64,9,9
48994,85,76,9,9
48995,97,86,11,11
48996,82,71,11,11
48997,103,94,9,9
48998,68,64,4,4
48999,65,62,3,3
49000,46,52,-6,6
49001,108,93,15,15
49002,96,96,0,0
49003,133,118,15,15
49004,97,91,6,6
49005,62,54,8,8
49006,95,88,7,7
49007,132,109,23,23
49008,164,138,26,26
49009,62,56,6,6
49010,81,78,3,3
49011,91,85,6,6
49012,73,66,7,7
49013,73,70,3,3
49014,105,102,3,3
49015,75,70,5,5
49016,73,60,13,13
49017,94,93,1,1
49018,112,108,4,4
49019,107,88,19,19
49020,79,69,10,10
49021,128,119,9,9
49022,100,86,14,14
49023,68,65,3,3
49024,84,68,16,16
49025,115,122,-7,7
49026,68,64,4,4
49027,50,50,0,0
49028,80,78,2,2
49029,71,70,1,1
49030,115,103,12,12
49031,103,104,-1,1
49032,112,98,14,14
49033,95,83,12,12
49034,132,121,11,11
49035,108,102,6,6
49036,89,88,1,1
49037,96,80,16,16
49038,110,98,12,12
49039,103,152,-49,49
49040,113,91,22,22
49041,72,73,-1,1
49042,85,84,1,1
49043,106,99,7,7
49044,101,92,9,9
49045,117,118,-1,1
49046,67,70,-3,3
49047,82,76,6,6
49048,61,58,3,3
49049,64,59,5,5
49050,86,81,5,5
49051,89,81,8,8
49052,49,48,1,1
49053,136,109,27,27
49054,137,129,8,8
49055,79,64,15,15
49056,127,102,25,25
49057,130,112,18,18
49058,119,122,-3,3
49059,83,70,13,13
49060,98,92,6,6
49061,124,109,15,15
49062,72,79,-7,7
49063,114,108,6,6
49064,144,120,24,24
49065,117,96,21,21
49066,68,65,3,3
49067,41,43,-2,2
49068,88,84,4,4
49069,156,130,26,26
49070,85,76,9,9
49071,99,88,11,11
49072,71,78,-7,7
49073,152,126,26,26
49074,86,74,12,12
49075,95,80,15,15
49076,100,88,12,12
49077,99,89,10,10
49078,137,103,34,34
49079,78,65,13,13
49080,142,120,22,22
49081,80,83,-3,3
49082,70,65,5,5
49083,112,98,14,14
49084,116,109,7,7
49085,76,75,1,1
49086,128,111,17,17
49087,101,88,13,13
49088,111,99,12,12
49089,71,66,5,5
49090,129,114,15,15
49091,170,143,27,27
49092,136,106,30,30
49093,105,89,16,16
49094,117,98,19,19
49095,102,88,14,14
49096,77,74,3,3
49097,103,99,4,4
49098,53,51,2,2
49099,94,91,3,3
49100,73,62,11,11
49101,65,61,4,4
49102,107,113,-6,6
49103,78,80,-2,2
49104,83,74,9,9
49105,117,106,11,11
49106,33,34,-1,1
49107,97,90,7,7
49108,119,109,10,10
49109,74,65,9,9
49110,96,84,12,12
49111,113,103,10,10
49112,68,74,-6,6
49113,78,70,8,8
49114,123,96,27,27
49115,121,117,4,4
49116,74,66,8,8
49117,100,87,13,13
49118,71,66,5,5
49119,46,47,-1,1
49120,90,85,5,5
49121,63,69,-6,6
49122,94,91,3,3
49123,83,78,5,5
49124,86,81,5,5
49125,116,109,7,7
49126,107,91,16,16
49127,111,109,2,2
49128,211,175,36,36
49129,71,61,10,10
49130,57,61,-4,4
49131,135,116,19,19
49132,111,97,14,14
49133,97,83,14,14
49134,139,122,17,17
49135,96,90,6,6
49136,91,82,9,9
49137,131,117,14,14
49138,134,117,17,17
49139,81,75,6,6
49140,123,104,19,19
49141,122,115,7,7
49142,149,131,18,18
49143,122,102,20,20
49144,114,98,16,16
49145,112,92,20,20
49146,110,94,16,16
49147,111,105,6,6
49148,50,49,1,1
49149,52,50,2,2
49150,119,116,3,3
49151,67,61,6,6
49152,135,119,16,16
49153,81,69,12,12
49154,122,98,24,24
49155,130,116,14,14
49156,60,59,1,1
49157,108,108,0,0
49158,97,93,4,4
49159,50,51,-1,1
49160,77,67,10,10
49161,106,88,18,18
49162,100,96,4,4
49163,70,70,0,0
49164,99,93,6,6
49165,108,100,8,8
49166,138,115,23,23
49167,132,120,12,12
49168,73,73,0,0
49169,73,75,-2,2
49170,111,94,17,17
49171,101,92,9,9
49172,123,111,12,12
49173,80,112,-32,32
49174,56,45,11,11
49175,101,87,14,14
49176,119,107,12,12
49177,125,125,0,0
49178,107,96,11,11
49179,141,124,17,17
49180,110,113,-3,3
49181,91,75,16,16
49182,67,62,5,5
49183,91,83,8,8
49184,62,60,2,2
49185,66,58,8,8
49186,51,66,-15,15
49187,26,35,-9,9
49188,112,103,9,9
49189,85,73,12,12
49190,173,143,30,30
49191,65,57,8,8
49192,71,71,0,0
49193,48,45,3,3
49194,113,106,7,7
49195,111,102,9,9
49196,76,74,2,2
49197,72,68,4,4
49198,104,90,14,14
49199,113,98,15,15
49200,80,71,9,9
49201,129,120,9,9
49202,80,70,10,10
49203,99,92,7,7
49204,98,94,4,4
49205,186,161,25,25
49206,84,79,5,5
49207,46,48,-2,2
49208,81,86,-5,5
49209,62,56,6,6
49210,85,76,9,9
49211,63,57,6,6
49212,114,111,3,3
49213,91,81,10,10
49214,100,103,-3,3
49215,53,48,5,5
49216,127,102,25,25
49217,93,79,14,14
49218,59,59,0,0
49219,52,46,6,6
49220,100,89,11,11
49221,73,73,0,0
49222,110,101,9,9
49223,88,70,18,18
49224,87,79,8,8
49225,53,50,3,3
49226,96,87,9,9
49227,70,78,-8,8
49228,80,82,-2,2
49229,80,73,7,7
49230,78,68,10,10
49231,45,40,5,5
49232,97,87,10,10
49233,172,143,29,29
49234,92,86,6,6
49235,72,68,4,4
49236,125,121,4,4
49237,72,69,3,3
49238,156,138,18,18
49239,61,60,1,1
49240,118,111,7,7
49241,89,101,-12,12
49242,126,98,28,28
49243,121,100,21,21
49244,63,71,-8,8
49245,96,80,16,16
49246,123,104,19,19
49247,80,80,0,0
49248,120,110,10,10
49249,75,73,2,2
49250,128,113,15,15
49251,166,142,24,24
49252,129,112,17,17
49253,74,73,1,1
49254,70,72,-2,2
49255,75,71,4,4
49256,115,90,25,25
49257,109,96,13,13
49258,86,79,7,7
49259,90,83,7,7
49260,95,83,12,12
49261,102,100,2,2
49262,178,149,29,29
49263,140,117,23,23
49264,148,128,20,20
49265,75,72,3,3
49266,94,78,16,16
49267,83,82,1,1
49268,184,155,29,29
49269,98,83,15,15
49270,36,33,3,3
49271,68,65,3,3
49272,88,77,11,11
49273,71,64,7,7
49274,80,71,9,9
49275,81,74,7,7
49276,98,98,0,0
49277,99,82,17,17
49278,41,47,-6,6
49279,51,52,-1,1
49280,161,137,24,24
49281,76,68,8,8
49282,103,90,13,13
49283,86,75,11,11
49284,111,97,14,14
49285,132,112,20,20
49286,91,78,13,13
49287,114,95,19,19
49288,106,91,15,15
49289,140,124,16,16
49290,54,48,6,6
49291,231,185,46,46
49292,74,71,3,3
49293,59,55,4,4
49294,149,122,27,27
49295,98,83,15,15
49296,96,86,10,10
49297,98,93,5,5
49298,29,34,-5,5
49299,80,71,9,9
49300,115,99,16,16
49301,75,65,10,10
49302,93,86,7,7
49303,86,77,9,9
49304,67,54,13,13
49305,56,49,7,7
49306,120,109,11,11
49307,188,155,33,33
49308,31,37,-6,6
49309,51,56,-5,5
49310,55,53,2,2
49311,81,77,4,4
49312,75,73,2,2
49313,63,63,0,0
49314,85,77,8,8
49315,32,35,-3,3
49316,83,81,2,2
49317,86,87,-1,1
49318,122,95,27,27
49319,46,47,-1,1
49320,122,101,21,21
49321,101,94,7,7
49322,55,63,-8,8
49323,80,71,9,9
49324,106,96,10,10
49325,79,80,-1,1
49326,143,133,10,10
49327,124,113,11,11
49328,128,115,13,13
49329,88,86,2,2
49330,98,91,7,7
49331,207,168,39,39
49332,133,110,23,23
49333,46,44,2,2
49334,115,111,4,4
49335,75,57,18,18
49336,93,81,12,12
49337,99,95,4,4
49338,107,101,6,6
49339,99,87,12,12
49340,78,71,7,7
49341,104,85,19,19
49342,112,106,6,6
49343,75,72,3,3
49344,84,79,5,5
49345,87,87,0,0
49346,83,71,12,12
49347,151,128,23,23
49348,23,38,-15,15
49349,168,142,26,26
49350,62,61,1,1
49351,65,60,5,5
49352,68,66,2,2
49353,110,104,6,6
49354,159,131,28,28
49355,44,44,0,0
49356,144,125,19,19
49357,71,65,6,6
49358,71,62,9,9
49359,131,104,27,27
49360,148,92,56,56
49361,116,105,11,11
49362,117,94,23,23
49363,116,123,-7,7
49364,95,79,16,16
49365,59,66,-7,7
49366,41,38,3,3
49367,80,81,-1,1
49368,66,63,3,3
49369,98,83,15,15
49370,186,159,27,27
49371,109,93,16,16
49372,97,112,-15,15
49373,74,63,11,11
49374,113,104,9,9
49375,61,52,9,9
49376,108,99,9,9
49377,123,102,21,21
49378,78,74,4,4
49379,57,58,-1,1
49380,42,46,-4,4
49381,118,114,4,4
49382,59,52,7,7
49383,96,96,0,0
49384,69,67,2,2
49385,94,77,17,17
49386,84,88,-4,4
49387,182,171,11,11
49388,44,44,0,0
49389,74,78,-4,4
49390,84,66,18,18
49391,173,143,30,30
49392,73,73,0,0
49393,67,63,4,4
49394,84,81,3,3
49395,106,96,10,10
49396,80,79,1,1
49397,79,85,-6,6
49398,61,53,8,8
49399,73,74,-1,1
49400,50,47,3,3
49401,94,86,8,8
49402,86,83,3,3
49403,71,63,8,8
49404,60,65,-5,5
49405,126,113,13,13
49406,60,55,5,5
49407,65,56,9,9
49408,83,74,9,9
49409,47,43,4,4
49410,234,170,64,64
49411,101,79,22,22
49412,111,97,14,14
49413,65,56,9,9
49414,50,52,-2,2
49415,63,65,-2,2
49416,121,119,2,2
49417,63,48,15,15
49418,105,89,16,16
49419,51,57,-6,6
49420,85,71,14,14
49421,154,122,32,32
49422,130,109,21,21
49423,95,85,10,10
49424,55,49,6,6
49425,95,88,7,7
49426,154,131,23,23
49427,109,96,13,13
49428,57,61,-4,4
49429,109,95,14,14
49430,125,103,22,22
49431,85,73,12,12
49432,76,64,12,12
49433,66,73,-7,7
49434,89,77,12,12
49435,64,59,5,5
49436,46,53,-7,7
49437,79,74,5,5
49438,114,104,10,10
49439,73,64,9,9
49440,130,119,11,11
49441,78,65,13,13
49442,62,63,-1,1
49443,49,46,3,3
49444,65,65,0,0
49445,66,62,4,4
49446,72,71,1,1
49447,81,75,6,6
49448,131,117,14,14
49449,113,102,11,11
49450,103,89,14,14
49451,60,55,5,5
49452,61,57,4,4
49453,62,56,6,6
49454,79,69,10,10
49455,111,117,-6,6
49456,108,94,14,14
49457,124,96,28,28
49458,93,100,-7,7
49459,121,110,11,11
49460,49,45,4,4
49461,72,70,2,2
49462,86,65,21,21
49463,64,61,3,3
49464,95,77,18,18
49465,108,102,6,6
49466,148,128,20,20
49467,71,61,10,10
49468,85,93,-8,8
49469,72,70,2,2
49470,107,96,11,11
49471,121,98,23,23
49472,119,108,11,11
49473,81,94,-13,13
49474,94,87,7,7
49475,147,108,39,39
49476,101,97,4,4
49477,106,99,7,7
49478,59,58,1,1
49479,70,64,6,6
49480,52,49,3,3
49481,89,75,14,14
49482,128,114,14,14
49483,111,105,6,6
49484,146,129,17,17
49485,49,46,3,3
49486,110,94,16,16
49487,119,102,17,17
49488,96,90,6,6
49489,119,105,14,14
49490,140,120,20,20
49491,124,110,14,14
49492,90,76,14,14
49493,68,67,1,1
49494,92,92,0,0
49495,163,134,29,29
49496,77,67,10,10
49497,103,91,12,12
49498,126,99,27,27
49499,70,70,0,0
49500,127,107,20,20
49501,76,74,2,2
49502,138,122,16,16
49503,88,87,1,1
49504,58,73,-15,15
49505,68,62,6,6
49506,146,135,11,11
49507,139,126,13,13
49508,71,71,0,0
49509,143,119,24,24
49510,123,100,23,23
49511,55,55,0,0
49512,93,87,6,6
49513,74,77,-3,3
49514,122,107,15,15
49515,79,73,6,6
49516,75,69,6,6
49517,72,77,-5,5
49518,122,110,12,12
49519,82,75,7,7
49520,66,62,4,4
49521,67,64,3,3
49522,62,59,3,3
49523,108,90,18,18
49524,82,78,4,4
49525,93,88,5,5
49526,57,56,1,1
49527,73,70,3,3
49528,116,92,24,24
49529,97,81,16,16
49530,107,98,9,9
49531,69,65,4,4
49532,118,104,14,14
49533,112,101,11,11
49534,75,74,1,1
49535,128,120,8,8
49536,96,91,5,5
49537,81,75,6,6
49538,149,121,28,28
49539,65,66,-1,1
49540,28,34,-6,6
49541,92,82,10,10
49542,82,69,13,13
49543,65,73,-8,8
49544,130,115,15,15
49545,85,78,7,7
49546,105,98,7,7
49547,119,104,15,15
49548,124,101,23,23
49549,89,80,9,9
49550,52,48,4,4
49551,95,81,14,14
49552,111,114,-3,3
49553,110,90,20,20
49554,104,95,9,9
49555,107,105,2,2
49556,79,72,7,7
49557,98,83,15,15
49558,113,103,10,10
49559,59,56,3,3
49560,86,73,13,13
49561,40,41,-1,1
49562,59,52,7,7
49563,108,98,10,10
49564,49,52,-3,3
49565,86,71,15,15
49566,84,71,13,13
49567,93,83,10,10
49568,74,68,6,6
49569,73,68,5,5
49570,89,86,3,3
49571,83,82,1,1
49572,94,93,1,1
49573,103,87,16,16
49574,117,114,3,3
49575,162,135,27,27
49576,72,77,-5,5
49577,107,102,5,5
49578,122,105,17,17
49579,108,101,7,7
49580,96,74,22,22
49581,98,85,13,13
49582,111,104,7,7
49583,51,49,2,2
49584,70,73,-3,3
49585,64,62,2,2
49586,47,40,7,7
49587,45,45,0,0
49588,69,84,-15,15
49589,91,82,9,9
49590,77,62,15,15
49591,83,73,10,10
49592,73,64,9,9
49593,70,65,5,5
49594,228,170,58,58
49595,50,49,1,1
49596,69,65,4,4
49597,88,79,9,9
49598,76,70,6,6
49599,80,67,13,13
49600,73,68,5,5
49601,86,81,5,5
49602,103,113,-10,10
49603,135,115,20,20
49604,75,77,-2,2
49605,78,75,3,3
49606,114,92,22,22
49607,112,108,4,4
49608,66,65,1,1
49609,94,79,15,15
49610,86,72,14,14
49611,86,74,12,12
49612,115,112,3,3
49613,81,70,11,11
49614,96,95,1,1
49615,100,83,17,17
49616,137,120,17,17
49617,71,64,7,7
49618,77,70,7,7
49619,102,87,15,15
49620,83,79,4,4
49621,87,79,8,8
49622,123,96,27,27
49623,65,65,0,0
49624,59,61,-2,2
49625,98,88,10,10
49626,127,121,6,6
49627,141,115,26,26
49628,55,52,3,3
49629,63,63,0,0
49630,102,87,15,15
49631,63,65,-2,2
49632,108,92,16,16
49633,105,93,12,12
49634,57,45,12,12
49635,64,50,14,14
49636,83,74,9,9
49637,97,88,9,9
49638,97,91,6,6
49639,84,86,-2,2
49640,117,104,13,13
49641,99,84,15,15
49642,106,97,9,9
49643,101,89,12,12
49644,91,77,14,14
49645,131,111,20,20
49646,162,144,18,18
49647,81,73,8,8
49648,56,57,-1,1
49649,120,96,24,24
49650,103,85,18,18
49651,43,40,3,3
49652,59,58,1,1
49653,90,79,11,11
49654,116,100,16,16
49655,55,48,7,7
49656,97,82,15,15
49657,99,85,14,14
49658,52,52,0,0
49659,32,34,-2,2
49660,91,92,-1,1
49661,92,82,10,10
49662,52,51,1,1
49663,159,128,31,31
49664,144,115,29,29
49665,115,105,10,10
49666,44,49,-5,5
49667,114,106,8,8
49668,183,153,30,30
49669,94,82,12,12
49670,82,87,-5,5
49671,85,67,18,18
49672,71,63,8,8
49673,151,128,23,23
49674,98,88,10,10
49675,116,106,10,10
49676,108,92,16,16
49677,85,78,7,7
49678,96,98,-2,2
49679,94,93,1,1
49680,59,57,2,2
49681,81,75,6,6
49682,125,113,12,12
49683,64,66,-2,2
49684,106,89,17,17
49685,89,81,8,8
49686,91,76,15,15
49687,72,58,14,14
49688,69,69,0,0
49689,94,74,20,20
49690,133,114,19,19
49691,115,105,10,10
49692,92,81,11,11
49693,171,137,34,34
49694,108,96,12,12
49695,102,87,15,15
49696,133,126,7,7
49697,89,73,16,16
49698,93,81,12,12
49699,39,49,-10,10
49700,119,100,19,19
49701,116,104,12,12
49702,71,57,14,14
49703,121,114,7,7
49704,109,96,13,13
49705,121,95,26,26
49706,87,83,4,4
49707,73,78,-5,5
49708,103,85,18,18
49709,50,51,-1,1
49710,53,53,0,0
49711,94,87,7,7
49712,143,132,11,11
49713,68,60,8,8
49714,148,122,26,26
49715,54,47,7,7
49716,121,101,20,20
49717,116,111,5,5
49718,91,91,0,0
49719,74,66,8,8
49720,68,64,4,4
49721,129,117,12,12
49722,69,61,8,8
49723,43,48,-5,5
49724,125,107,18,18
49725,101,99,2,2
49726,188,150,38,38
49727,135,110,25,25
49728,57,56,1,1
49729,96,86,10,10
49730,68,58,10,10
49731,154,125,29,29
49732,101,94,7,7
49733,48,52,-4,4
49734,62,67,-5,5
49735,182,153,29,29
49736,83,74,9,9
49737,52,51,1,1
49738,97,75,22,22
49739,108,95,13,13
49740,90,90,0,0
49741,88,76,12,12
49742,109,101,8,8
49743,84,88,-4,4
49744,93,95,-2,2
49745,87,78,9,9
49746,75,69,6,6
49747,77,75,2,2
49748,159,129,30,30
49749,56,54,2,2
49750,135,106,29,29
49751,42,45,-3,3
49752,42,39,3,3
49753,82,87,-5,5
49754,106,94,12,12
49755,98,95,3,3
49756,59,59,0,0
49757,158,125,33,33
49758,109,105,4,4
49759,93,83,10,10
49760,174,146,28,28
49761,91,84,7,7
49762,138,107,31,31
49763,104,91,13,13
49764,92,86,6,6
49765,67,67,0,0
49766,87,86,1,1
49767,135,113,22,22
49768,102,85,17,17
49769,164,137,27,27
49770,67,67,0,0
49771,106,84,22,22
49772,88,88,0,0
49773,109,99,10,10
49774,97,79,18,18
49775,49,50,-1,1
49776,124,107,17,17
49777,64,58,6,6
49778,160,132,28,28
49779,108,97,11,11
49780,71,65,6,6
49781,108,91,17,17
49782,87,79,8,8
49783,181,149,32,32
49784,100,86,14,14
49785,52,48,4,4
49786,128,114,14,14
49787,84,74,10,10
49788,123,102,21,21
49789,131,120,11,11
49790,113,107,6,6
49791,127,115,12,12
49792,85,82,3,3
49793,71,68,3,3
49794,108,100,8,8
49795,74,64,10,10
49796,160,135,25,25
49797,72,74,-2,2
49798,75,68,7,7
49799,122,113,9,9
49800,85,78,7,7
49801,74,74,0,0
49802,44,68,-24,24
49803,110,113,-3,3
49804,64,65,-1,1
49805,40,46,-6,6
49806,124,105,19,19
49807,88,82,6,6
49808,123,108,15,15
49809,122,112,10,10
49810,122,112,10,10
49811,104,87,17,17
49812,100,97,3,3
49813,83,73,10,10
49814,50,52,-2,2
49815,93,84,9,9
49816,91,79,12,12
49817,78,74,4,4
49818,121,105,16,16
49819,90,82,8,8
49820,53,54,-1,1
49821,112,96,16,16
49822,82,75,7,7
49823,167,142,25,25
49824,97,85,12,12
49825,63,57,6,6
49826,112,101,11,11
49827,102,78,24,24
49828,78,72,6,6
49829,124,110,14,14
49830,60,55,5,5
49831,59,51,8,8
49832,55,58,-3,3
49833,154,131,23,23
49834,86,78,8,8
49835,102,86,16,16
49836,70,68,2,2
49837,47,46,1,1
49838,79,60,19,19
49839,62,56,6,6
49840,114,120,-6,6
49841,117,96,21,21
49842,60,55,5,5
49843,86,70,16,16
49844,152,137,15,15
49845,168,150,18,18
49846,124,120,4,4
49847,60,55,5,5
49848,125,103,22,22
49849,62,64,-2,2
49850,88,84,4,4
49851,66,61,5,5
49852,175,143,32,32
49853,88,80,8,8
49854,45,51,-6,6
49855,74,66,8,8
49856,135,120,15,15
49857,106,93,13,13
49858,130,104,26,26
49859,79,78,1,1
49860,81,75,6,6
49861,65,68,-3,3
49862,107,87,20,20
49863,97,83,14,14
49864,76,80,-4,4
49865,116,96,20,20
49866,59,56,3,3
49867,54,59,-5,5
49868,98,88,10,10
49869,128,131,-3,3
49870,106,95,11,11
49871,78,74,4,4
49872,131,118,13,13
49873,69,62,7,7
49874,153,141,12,12
49875,71,69,2,2
49876,67,65,2,2
49877,107,93,14,14
49878,75,90,-15,15
49879,87,82,5,5
49880,94,77,17,17
49881,90,90,0,0
49882,74,75,-1,1
49883,135,117,18,18
49884,134,118,16,16
49885,151,125,26,26
49886,92,91,1,1
49887,92,89,3,3
49888,80,79,1,1
49889,91,84,7,7
49890,89,84,5,5
49891,86,74,12,12
49892,76,71,5,5
49893,107,95,12,12
49894,140,104,36,36
49895,85,92,-7,7
49896,85,77,8,8
49897,69,58,11,11
49898,96,85,11,11
49899,62,54,8,8
49900,79,69,10,10
49901,138,106,32,32
49902,115,94,21,21
49903,106,90,16,16
49904,93,82,11,11
49905,122,106,16,16
49906,106,88,18,18
49907,90,81,9,9
49908,88,72,16,16
49909,72,67,5,5
49910,84,85,-1,1
49911,138,125,13,13
49912,92,88,4,4
49913,95,86,9,9
49914,86,75,11,11
49915,73,61,12,12
49916,70,73,-3,3
49917,61,60,1,1
49918,161,134,27,27
49919,89,75,14,14
49920,130,113,17,17
49921,99,68,31,31
49922,79,73,6,6
49923,47,55,-8,8
49924,75,80,-5,5
49925,69,64,5,5
49926,78,74,4,4
49927,45,44,1,1
49928,67,72,-5,5
49929,99,97,2,2
49930,92,92,0,0
49931,116,102,14,14
49932,132,108,24,24
49933,88,84,4,4
49934,94,89,5,5
49935,112,109,3,3
49936,40,50,-10,10
49937,58,55,3,3
49938,88,71,17,17
49939,85,77,8,8
49940,86,51,35,35
49941,145,127,18,18
49942,105,91,14,14
49943,99,86,13,13
49944,62,60,2,2
49945,95,87,8,8
49946,90,74,16,16
49947,57,45,12,12
49948,104,90,14,14
49949,70,62,8,8
49950,103,84,19,19
49951,102,82,20,20
49952,56,52,4,4
49953,67,63,4,4
49954,65,63,2,2
49955,65,68,-3,3
49956,100,118,-18,18
49957,77,80,-3,3
49958,140,112,28,28
49959,86,71,15,15
49960,123,109,14,14
49961,33,71,-38,38
49962,102,90,12,12
49963,116,101,15,15
49964,63,63,0,0
49965,79,77,2,2
49966,160,134,26,26
49967,60,56,4,4
49968,65,55,10,10
49969,84,78,6,6
49970,67,63,4,4
49971,90,84,6,6
49972,70,73,-3,3
49973,68,66,2,2
49974,104,106,-2,2
49975,87,80,7,7
49976,124,101,23,23
49977,128,114,14,14
49978,166,149,17,17
49979,72,70,2,2
49980,54,52,2,2
49981,111,91,20,20
49982,93,80,13,13
49983,107,92,15,15
49984,137,120,17,17
49985,89,77,12,12
49986,68,56,12,12
49987,52,50,2,2
49988,75,78,-3,3
49989,79,71,8,8
49990,48,52,-4,4
49991,75,67,8,8
49992,85,75,10,10
49993,78,75,3,3
49994,101,88,13,13
49995,173,136,37,37
49996,90,78,12,12
49997,55,48,7,7
49998,98,94,4,4
49999,131,101,30,30
50000,149,123,26,26
50001,90,80,10,10
50002,51,47,4,4
50003,68,65,3,3
50004,111,90,21,21
50005,77,75,2,2
50006,150,127,23,23
50007,123,103,20,20
50008,42,45,-3,3
50009,111,97,14,14
50010,73,69,4,4
50011,77,73,4,4
50012,74,80,-6,6
50013,145,119,26,26
50014,77,63,14,14
50015,102,94,8,8
50016,79,73,6,6
50017,65,61,4,4
50018,64,62,2,2
50019,54,43,11,11
50020,127,107,20,20
50021,126,126,0,0
50022,83,76,7,7
50023,108,91,17,17
50024,103,92,11,11
50025,132,120,12,12
50026,141,113,28,28
50027,132,117,15,15
50028,71,68,3,3
50029,111,97,14,14
50030,133,112,21,21
50031,102,92,10,10
50032,57,54,3,3
50033,92,96,-4,4
50034,120,100,20,20
50035,85,73,12,12
50036,86,85,1,1
50037,79,68,11,11
50038,69,72,-3,3
50039,63,49,14,14
50040,118,110,8,8
50041,132,112,20,20
50042,72,71,1,1
50043,98,100,-2,2
50044,110,102,8,8
50045,105,99,6,6
50046,67,64,3,3
50047,92,87,5,5
50048,118,118,0,0
50049,134,105,29,29
50050,70,64,6,6
50051,129,109,20,20
50052,67,60,7,7
50053,36,37,-1,1
50054,137,128,9,9
50055,40,50,-10,10
50056,89,81,8,8
50057,89,80,9,9
50058,83,75,8,8
50059,70,81,-11,11
50060,125,110,15,15
50061,113,97,16,16
50062,64,60,4,4
50063,101,85,16,16
50064,92,82,10,10
50065,118,103,15,15
50066,70,67,3,3
50067,87,106,-19,19
50068,112,97,15,15
50069,195,171,24,24
50070,122,109,13,13
50071,59,55,4,4
50072,155,129,26,26
50073,131,111,20,20
50074,143,108,35,35
50075,117,91,26,26
50076,120,104,16,16
50077,113,96,17,17
50078,102,90,12,12
50079,131,108,23,23
50080,105,89,16,16
50081,87,83,4,4
50082,66,62,4,4
50083,122,125,-3,3
50084,116,95,21,21
50085,104,93,11,11
50086,51,53,-2,2
50087,90,85,5,5
50088,87,78,9,9
50089,93,92,1,1
50090,61,64,-3,3
50091,106,99,7,7
50092,47,49,-2,2
50093,80,72,8,8
50094,74,66,8,8
50095,50,49,1,1
50096,167,144,23,23
50097,56,52,4,4
50098,110,111,-1,1
50099,160,120,40,40
50100,105,99,6,6
50101,63,58,5,5
50102,97,88,9,9
50103,98,87,11,11
50104,108,98,10,10
50105,105,95,10,10
50106,119,95,24,24
50107,144,120,24,24
50108,65,60,5,5
50109,112,98,14,14
50110,113,93,20,20
50111,98,96,2,2
50112,83,69,14,14
50113,170,144,26,26
50114,88,84,4,4
50115,109,92,17,17
50116,92,81,11,11
50117,121,109,12,12
50118,58,47,11,11
50119,96,113,-17,17
50120,108,92,16,16
50121,150,130,20,20
50122,78,71,7,7
50123,43,40,3,3
50124,49,52,-3,3
50125,173,139,34,34
50126,100,88,12,12
50127,104,91,13,13
50128,76,81,-5,5
50129,108,96,12,12
50130,148,125,23,23
50131,74,70,4,4
50132,72,61,11,11
50133,78,64,14,14
50134,108,99,9,9
50135,92,83,9,9
50136,94,90,4,4
50137,104,95,9,9
50138,102,100,2,2
50139,70,65,5,5
50140,88,76,12,12
50141,104,99,5,5
50142,115,88,27,27
50143,87,72,15,15
50144,110,98,12,12
50145,70,70,0,0
50146,78,73,5,5
50147,80,76,4,4
50148,56,53,3,3
50149,125,111,14,14
50150,79,71,8,8
50151,90,75,15,15
50152,134,120,14,14
50153,123,110,13,13
50154,116,90,26,26
50155,79,74,5,5
50156,100,104,-4,4
50157,55,56,-1,1
50158,86,76,10,10
50159,125,118,7,7
50160,68,65,3,3
50161,73,72,1,1
50162,103,87,16,16
50163,172,153,19,19
50164,18,34,-16,16
50165,80,76,4,4
50166,64,58,6,6
50167,90,81,9,9
50168,100,93,7,7
50169,52,57,-5,5
50170,199,160,39,39
50171,90,85,5,5
50172,80,89,-9,9
50173,138,128,10,10
50174,64,66,-2,2
50175,101,88,13,13
50176,116,115,1,1
50177,134,106,28,28
50178,113,97,16,16
50179,84,74,10,10
50180,55,63,-8,8
50181,194,163,31,31
50182,81,81,0,0
50183,100,87,13,13
50184,97,91,6,6
50185,64,60,4,4
50186,55,54,1,1
50187,68,68,0,0
50188,103,94,9,9
50189,102,82,20,20
50190,68,58,10,10
50191,95,83,12,12
50192,74,71,3,3
50193,77,60,17,17
50194,97,94,3,3
50195,77,65,12,12
50196,124,106,18,18
50197,62,62,0,0
50198,78,75,3,3
50199,149,127,22,22
50200,53,58,-5,5
50201,80,78,2,2
50202,82,82,0,0
50203,69,66,3,3
50204,80,82,-2,2
50205,45,44,1,1
50206,66,65,1,1
50207,46,51,-5,5
50208,82,79,3,3
50209,45,46,-1,1
50210,105,91,14,14
50211,109,89,20,20
50212,89,82,7,7
50213,69,64,5,5
50214,132,98,34,34
50215,106,97,9,9
50216,132,115,17,17
50217,141,121,20,20
50218,282,227,55,55
50219,151,144,7,7
50220,93,80,13,13
50221,129,119,10,10
50222,82,85,-3,3
50223,72,68,4,4
50224,86,78,8,8
50225,42,36,6,6
50226,85,72,13,13
50227,105,87,18,18
50228,110,96,14,14
50229,50,50,0,0
50230,88,89,-1,1
50231,98,81,17,17
50232,85,72,13,13
50233,122,112,10,10
50234,122,132,-10,10
50235,124,106,18,18
50236,77,73,4,4
50237,117,104,13,13
50238,98,102,-4,4
50239,90,78,12,12
50240,129,109,20,20
50241,88,89,-1,1
50242,73,69,4,4
50243,77,72,5,5
50244,139,130,9,9
50245,96,83,13,13
50246,102,86,16,16
50247,87,84,3,3
50248,70,65,5,5
50249,159,136,23,23
50250,60,59,1,1
50251,69,60,9,9
50252,113,102,11,11
50253,156,130,26,26
50254,118,99,19,19
50255,53,50,3,3
50256,104,101,3,3
50257,83,71,12,12
50258,67,58,9,9
50259,95,96,-1,1
50260,103,91,12,12
50261,132,130,2,2
50262,115,96,19,19
50263,89,84,5,5
50264,107,91,16,16
50265,99,94,5,5
50266,97,86,11,11
50267,54,52,2,2
50268,101,91,10,10
50269,97,80,17,17
50270,81,79,2,2
50271,150,142,8,8
50272,76,93,-17,17
50273,87,85,2,2
50274,101,106,-5,5
50275,51,50,1,1
50276,99,89,10,10
50277,76,68,8,8
50278,170,140,30,30
50279,129,100,29,29
50280,73,72,1,1
50281,172,157,15,15
50282,142,126,16,16
50283,104,94,10,10
50284,125,105,20,20
50285,51,52,-1,1
50286,127,114,13,13
50287,150,122,28,28
50288,71,71,0,0
50289,129,122,7,7
50290,92,90,2,2
50291,83,72,11,11
50292,82,78,4,4
50293,143,133,10,10
50294,105,93,12,12
50295,60,57,3,3
50296,79,78,1,1
50297,26,34,-8,8
50298,131,105,26,26
50299,90,78,12,12
50300,72,66,6,6
50301,62,61,1,1
50302,76,66,10,10
50303,138,125,13,13
50304,81,79,2,2
50305,108,93,15,15
50306,88,88,0,0
50307,115,107,8,8
50308,123,106,17,17
50309,89,87,2,2
50310,123,109,14,14
50311,104,89,15,15
50312,67,61,6,6
50313,82,83,-1,1
50314,68,60,8,8
50315,72,64,8,8
50316,92,84,8,8
50317,60,57,3,3
50318,76,84,-8,8
50319,91,87,4,4
50320,95,78,17,17
50321,101,96,5,5
50322,96,88,8,8
50323,122,105,17,17
50324,139,122,17,17
50325,141,106,35,35
50326,89,75,14,14
50327,103,105,-2,2
50328,51,55,-4,4
50329,75,77,-2,2
50330,107,105,2,2
50331,64,62,2,2
50332,54,49,5,5
50333,90,78,12,12
50334,75,74,1,1
50335,136,115,21,21
50336,99,97,2,2
50337,128,124,4,4
50338,125,96,29,29
50339,131,107,24,24
50340,61,47,14,14
50341,60,55,5,5
50342,70,77,-7,7
50343,136,126,10,10
50344,91,75,16,16
50345,74,66,8,8
50346,63,63,0,0
50347,113,94,19,19
50348,78,59,19,19
50349,208,166,42,42
50350,153,130,23,23
50351,154,136,18,18
50352,92,83,9,9
50353,61,57,4,4
50354,88,85,3,3
50355,53,63,-10,10
50356,60,55,5,5
50357,101,88,13,13
50358,108,96,12,12
50359,70,60,10,10
50360,73,64,9,9
50361,86,81,5,5
50362,63,58,5,5
50363,105,99,6,6
50364,72,60,12,12
50365,145,121,24,24
50366,71,65,6,6
50367,148,121,27,27
50368,68,72,-4,4
50369,158,131,27,27
50370,176,150,26,26
50371,98,75,23,23
50372,151,127,24,24
50373,72,80,-8,8
50374,48,49,-1,1
50375,77,69,8,8
50376,65,60,5,5
50377,107,98,9,9
50378,93,79,14,14
50379,103,99,4,4
50380,95,85,10,10
50381,45,48,-3,3
50382,148,128,20,20
50383,130,115,15,15
50384,123,107,16,16
50385,91,84,7,7
50386,127,134,-7,7
50387,66,69,-3,3
50388,71,65,6,6
50389,133,114,19,19
50390,111,105,6,6
50391,92,90,2,2
50392,72,65,7,7
50393,70,63,7,7
50394,158,137,21,21
50395,56,52,4,4
50396,63,62,1,1
50397,73,66,7,7
50398,170,140,30,30
50399,118,112,6,6
50400,83,83,0,0
50401,59,61,-2,2
50402,95,75,20,20
50403,79,59,20,20
50404,79,69,10,10
50405,103,109,-6,6
50406,127,111,16,16
50407,93,89,4,4
50408,82,74,8,8
50409,48,47,1,1
50410,90,84,6,6
50411,76,63,13,13
50412,91,86,5,5
50413,43,47,-4,4
50414,66,65,1,1
50415,55,54,1,1
50416,93,85,8,8
50417,102,89,13,13
50418,56,54,2,2
50419,91,82,9,9
50420,126,117,9,9
50421,78,79,-1,1
50422,81,74,7,7
50423,103,92,11,11
50424,114,98,16,16
50425,103,93,10,10
50426,137,125,12,12
50427,111,98,13,13
50428,71,66,5,5
50429,99,78,21,21
50430,118,104,14,14
50431,145,123,22,22
50432,83,73,10,10
50433,59,49,10,10
50434,79,77,2,2
50435,60,54,6,6
50436,59,53,6,6
50437,109,102,7,7
50438,74,74,0,0
50439,125,120,5,5
50440,112,94,18,18
50441,74,68,6,6
50442,149,129,20,20
50443,79,80,-1,1
50444,76,72,4,4
50445,124,107,17,17
50446,62,61,1,1
50447,59,67,-8,8
50448,190,155,35,35
50449,62,74,-12,12
50450,105,104,1,1
50451,97,75,22,22
50452,128,112,16,16
50453,113,101,12,12
50454,98,82,16,16
50455,37,41,-4,4
50456,136,122,14,14
50457,79,85,-6,6
50458,47,52,-5,5
50459,98,80,18,18
50460,101,96,5,5
50461,87,78,9,9
50462,49,54,-5,5
50463,88,69,19,19
50464,92,80,12,12
50465,128,113,15,15
50466,111,97,14,14
50467,106,94,12,12
50468,57,59,-2,2
50469,95,93,2,2
50470,60,53,7,7
50471,131,109,22,22
50472,88,75,13,13
50473,83,79,4,4
50474,109,97,12,12
50475,114,104,10,10
50476,84,79,5,5
50477,85,80,5,5
50478,86,81,5,5
50479,76,71,5,5
50480,112,90,22,22
50481,106,102,4,4
50482,56,54,2,2
50483,120,110,10,10
50484,53,56,-3,3
50485,32,49,-17,17
50486,184,164,20,20
50487,82,69,13,13
50488,66,61,5,5
50489,67,71,-4,4
50490,123,111,12,12
50491,123,109,14,14
50492,146,114,32,32
50493,74,69,5,5
50494,113,94,19,19
50495,102,96,6,6
50496,143,119,24,24
50497,88,79,9,9
50498,136,117,19,19
50499,149,138,11,11
50500,165,147,18,18
50501,59,58,1,1
50502,87,77,10,10
50503,85,73,12,12
50504,54,56,-2,2
50505,48,43,5,5
50506,73,63,10,10
50507,74,65,9,9
50508,125,118,7,7
50509,71,60,11,11
50510,36,37,-1,1
50511,127,101,26,26
50512,71,62,9,9
50513,92,82,10,10
50514,55,53,2,2
50515,62,54,8,8
50516,76,63,13,13
50517,64,58,6,6
50518,129,112,17,17
50519,147,126,21,21
50520,69,66,3,3
50521,76,65,11,11
50522,86,81,5,5
50523,66,54,12,12
50524,76,67,9,9
50525,74,73,1,1
50526,54,53,1,1
50527,109,101,8,8
50528,141,120,21,21
50529,55,56,-1,1
50530,121,96,25,25
50531,79,76,3,3
50532,80,68,12,12
50533,156,140,16,16
50534,44,40,4,4
50535,114,94,20,20
50536,105,93,12,12
50537,73,69,4,4
50538,84,76,8,8
50539,176,150,26,26
50540,62,55,7,7
50541,121,104,17,17
50542,114,106,8,8
50543,87,86,1,1
50544,77,77,0,0
50545,64,59,5,5
50546,165,139,26,26
50547,139,133,6,6
50548,121,106,15,15
50549,97,84,13,13
50550,193,149,44,44
50551,125,117,8,8
50552,76,87,-11,11
50553,54,46,8,8
50554,134,125,9,9
50555,72,68,4,4
50556,96,85,11,11
50557,37,36,1,1
50558,125,106,19,19
50559,87,73,14,14
50560,33,39,-6,6
50561,71,67,4,4
50562,53,51,2,2
50563,59,57,2,2
50564,110,93,17,17
50565,82,78,4,4
50566,110,97,13,13
50567,64,56,8,8
50568,65,62,3,3
50569,134,112,22,22
50570,58,57,1,1
50571,90,88,2,2
50572,79,77,2,2
50573,66,78,-12,12
50574,88,92,-4,4
50575,89,108,-19,19
50576,124,112,12,12
50577,111,98,13,13
50578,144,118,26,26
50579,131,119,12,12
50580,133,117,16,16
50581,104,94,10,10
50582,63,62,1,1
50583,72,63,9,9
50584,76,67,9,9
50585,59,52,7,7
50586,110,93,17,17
50587,69,61,8,8
50588,112,102,10,10
50589,41,50,-9,9
50590,135,117,18,18
50591,101,112,-11,11
50592,86,76,10,10
50593,116,112,4,4
50594,88,80,8,8
50595,74,78,-4,4
50596,41,46,-5,5
50597,91,92,-1,1
50598,164,139,25,25
50599,58,50,8,8
50600,203,167,36,36
50601,84,83,1,1
50602,91,70,21,21
50603,98,93,5,5
50604,123,115,8,8
50605,63,53,10,10
50606,88,75,13,13
50607,92,91,1,1
50608,117,105,12,12
50609,72,60,12,12
50610,69,63,6,6
50611,77,70,7,7
50612,77,70,7,7
50613,73,65,8,8
50614,94,86,8,8
50615,118,102,16,16
50616,98,88,10,10
50617,82,75,7,7
50618,137,116,21,21
50619,84,87,-3,3
50620,113,98,15,15
50621,145,119,26,26
50622,67,62,5,5
50623,101,95,6,6
50624,37,58,-21,21
50625,49,53,-4,4
50626,63,64,-1,1
50627,76,70,6,6
50628,216,171,45,45
50629,138,128,10,10
50630,96,89,7,7
50631,76,79,-3,3
50632,66,61,5,5
50633,55,47,8,8
50634,92,84,8,8
50635,83,81,2,2
50636,107,108,-1,1
50637,124,104,20,20
50638,78,70,8,8
50639,149,134,15,15
50640,154,133,21,21
50641,67,61,6,6
50642,82,77,5,5
50643,99,92,7,7
50644,107,100,7,7
50645,156,135,21,21
50646,174,181,-7,7
50647,103,91,12,12
50648,116,105,11,11
50649,44,38,6,6
50650,108,97,11,11
50651,94,95,-1,1
50652,63,64,-1,1
50653,95,85,10,10
50654,57,57,0,0
50655,72,67,5,5
50656,72,62,10,10
50657,101,95,6,6
50658,94,107,-13,13
50659,86,67,19,19
50660,157,133,24,24
50661,56,53,3,3
50662,77,74,3,3
50663,76,80,-4,4
50664,164,145,19,19
50665,68,72,-4,4
50666,65,69,-4,4
50667,124,111,13,13
50668,62,58,4,4
50669,138,117,21,21
50670,146,127,19,19
50671,135,136,-1,1
50672,124,101,23,23
50673,105,90,15,15
50674,71,62,9,9
50675,84,76,8,8
50676,84,69,15,15
50677,70,62,8,8
50678,112,94,18,18
50679,127,119,8,8
50680,51,107,-56,56
50681,104,94,10,10
50682,96,94,2,2
50683,97,78,19,19
50684,72,70,2,2
50685,117,102,15,15
50686,115,116,-1,1
50687,76,74,2,2
50688,98,91,7,7
50689,70,69,1,1
50690,97,92,5,5
50691,131,130,1,1
50692,50,49,1,1
50693,68,62,6,6
50694,64,55,9,9
50695,103,97,6,6
50696,48,45,3,3
50697,106,94,12,12
50698,80,75,5,5
50699,131,118,13,13
50700,59,58,1,1
50701,196,170,26,26
50702,143,136,7,7
50703,74,65,9,9
50704,69,68,1,1
50705,70,68,2,2
50706,114,95,19,19
50707,70,60,10,10
50708,42,47,-5,5
50709,112,111,1,1
50710,79,66,13,13
50711,159,140,19,19
50712,121,98,23,23
50713,69,68,1,1
50714,93,76,17,17
50715,90,82,8,8
50716,91,88,3,3
50717,65,63,2,2
50718,136,127,9,9
50719,65,64,1,1
50720,51,54,-3,3
50721,131,110,21,21
50722,81,78,3,3
50723,60,110,-50,50
50724,99,86,13,13
50725,37,67,-30,30
50726,131,108,23,23
50727,164,131,33,33
50728,63,62,1,1
50729,208,168,40,40
50730,40,47,-7,7
50731,94,95,-1,1
50732,114,103,11,11
50733,72,71,1,1
50734,83,72,11,11
50735,65,65,0,0
50736,124,115,9,9
50737,45,47,-2,2
50738,78,69,9,9
50739,139,116,23,23
50740,63,61,2,2
50741,88,86,2,2
50742,81,77,4,4
50743,79,63,16,16
50744,106,94,12,12
50745,129,112,17,17
50746,107,101,6,6
50747,67,69,-2,2
50748,119,104,15,15
50749,96,92,4,4
50750,96,79,17,17
50751,64,64,0,0
50752,110,100,10,10
50753,122,113,9,9
50754,159,143,16,16
50755,84,81,3,3
50756,78,70,8,8
50757,186,166,20,20
50758,77,70,7,7
50759,95,82,13,13
50760,78,71,7,7
50761,84,96,-12,12
50762,115,98,17,17
50763,104,96,8,8
50764,84,71,13,13
50765,94,78,16,16
50766,103,88,15,15
50767,120,104,16,16
50768,80,78,2,2
50769,63,53,10,10
50770,113,109,4,4
50771,82,84,-2,2
50772,111,101,10,10
50773,103,95,8,8
50774,122,108,14,14
50775,81,76,5,5
50776,141,128,13,13
50777,122,110,12,12
50778,136,119,17,17
50779,67,65,2,2
50780,91,93,-2,2
50781,86,81,5,5
50782,97,82,15,15
50783,42,57,-15,15
50784,63,61,2,2
50785,118,105,13,13
50786,81,83,-2,2
50787,62,54,8,8
50788,55,58,-3,3
50789,89,84,5,5
50790,71,65,6,6
50791,57,58,-1,1
50792,83,81,2,2
50793,153,128,25,25
50794,106,90,16,16
50795,122,99,23,23
50796,76,70,6,6
50797,90,86,4,4
50798,70,77,-7,7
50799,33,34,-1,1
50800,83,73,10,10
50801,50,54,-4,4
50802,118,102,16,16
50803,115,100,15,15
50804,45,43,2,2
50805,58,54,4,4
50806,38,42,-4,4
50807,97,94,3,3
50808,39,46,-7,7
50809,28,34,-6,6
50810,117,106,11,11
50811,115,99,16,16
50812,121,105,16,16
50813,105,100,5,5
50814,88,78,10,10
50815,64,67,-3,3
50816,85,79,6,6
50817,103,80,23,23
50818,76,70,6,6
50819,60,59,1,1
50820,73,69,4,4
50821,70,60,10,10
50822,54,53,1,1
50823,83,84,-1,1
50824,77,71,6,6
50825,58,51,7,7
50826,105,86,19,19
50827,145,127,18,18
50828,119,91,28,28
50829,100,89,11,11
50830,84,80,4,4
50831,88,74,14,14
50832,90,78,12,12
50833,65,68,-3,3
50834,131,113,18,18
50835,76,83,-7,7
50836,166,149,17,17
50837,52,48,4,4
50838,156,142,14,14
50839,139,136,3,3
50840,80,71,9,9
50841,73,73,0,0
50842,94,84,10,10
50843,83,76,7,7
50844,108,91,17,17
50845,71,66,5,5
50846,98,97,1,1
50847,94,85,9,9
50848,99,87,12,12
50849,29,35,-6,6
50850,85,74,11,11
50851,92,84,8,8
50852,96,89,7,7
50853,107,92,15,15
50854,31,47,-16,16
50855,80,60,20,20
50856,86,77,9,9
50857,147,125,22,22
50858,113,104,9,9
50859,58,55,3,3
50860,69,68,1,1
50861,81,79,2,2
50862,105,97,8,8
50863,146,116,30,30
50864,126,109,17,17
50865,72,67,5,5
50866,110,95,15,15
50867,140,127,13,13
50868,93,80,13,13
50869,88,81,7,7
50870,84,91,-7,7
50871,57,55,2,2
50872,78,69,9,9
50873,76,67,9,9
50874,143,113,30,30
50875,108,127,-19,19
50876,45,54,-9,9
50877,87,86,1,1
50878,77,73,4,4
50879,96,103,-7,7
50880,84,75,9,9
50881,60,59,1,1
50882,74,76,-2,2
50883,83,75,8,8
50884,69,60,9,9
50885,58,48,10,10
50886,73,66,7,7
50887,81,79,2,2
50888,106,96,10,10
50889,140,133,7,7
50890,75,72,3,3
50891,102,93,9,9
50892,137,109,28,28
50893,63,85,-22,22
50894,80,70,10,10
50895,65,65,0,0
50896,151,128,23,23
50897,138,126,12,12
50898,104,87,17,17
50899,142,122,20,20
50900,77,80,-3,3
50901,102,96,6,6
50902,83,76,7,7
50903,74,77,-3,3
50904,113,99,14,14
50905,115,100,15,15
50906,86,86,0,0
50907,66,58,8,8
50908,123,104,19,19
50909,173,148,25,25
50910,138,129,9,9
50911,121,108,13,13
50912,187,164,23,23
50913,103,86,17,17
50914,93,134,-41,41
50915,134,114,20,20
50916,84,72,12,12
50917,140,117,23,23
50918,139,114,25,25
50919,112,109,3,3
50920,81,74,7,7
50921,48,44,4,4
50922,111,98,13,13
50923,133,113,20,20
50924,158,132,26,26
50925,47,51,-4,4
50926,115,111,4,4
50927,59,62,-3,3
50928,136,116,20,20
50929,86,84,2,2
50930,89,89,0,0
50931,104,97,7,7
50932,88,82,6,6
50933,68,65,3,3
50934,105,87,18,18
50935,122,103,19,19
50936,93,79,14,14
50937,172,146,26,26
50938,77,77,0,0
50939,141,119,22,22
50940,106,100,6,6
50941,102,98,4,4
50942,136,112,24,24
50943,83,71,12,12
50944,60,59,1,1
50945,90,91,-1,1
50946,69,66,3,3
50947,96,86,10,10
50948,101,90,11,11
50949,90,73,17,17
50950,95,91,4,4
50951,80,84,-4,4
50952,91,86,5,5
50953,125,112,13,13
50954,85,74,11,11
50955,129,117,12,12
50956,117,108,9,9
50957,77,71,6,6
50958,82,78,4,4
50959,135,117,18,18
50960,120,103,17,17
50961,89,73,16,16
50962,161,143,18,18
50963,70,67,3,3
50964,60,61,-1,1
50965,172,147,25,25
50966,136,119,17,17
50967,86,73,13,13
50968,106,101,5,5
50969,107,101,6,6
50970,98,91,7,7
50971,120,129,-9,9
50972,158,138,20,20
50973,61,54,7,7
50974,101,89,12,12
50975,94,85,9,9
50976,60,64,-4,4
50977,68,65,3,3
50978,99,79,20,20
50979,56,49,7,7
50980,110,89,21,21
50981,102,94,8,8
50982,83,78,5,5
50983,92,84,8,8
50984,77,67,10,10
50985,125,124,1,1
50986,79,67,12,12
50987,67,60,7,7
50988,113,100,13,13
50989,122,112,10,10
50990,131,116,15,15
50991,104,89,15,15
50992,89,96,-7,7
50993,92,84,8,8
50994,217,144,73,73
50995,45,39,6,6
50996,69,74,-5,5
50997,112,105,7,7
50998,146,110,36,36
50999,95,88,7,7
51000,91,86,5,5
51001,70,69,1,1
51002,75,80,-5,5
51003,95,88,7,7
51004,112,91,21,21
51005,58,56,2,2
51006,54,50,4,4
51007,94,90,4,4
51008,108,91,17,17
51009,89,84,5,5
51010,90,81,9,9
51011,129,110,19,19
51012,105,89,16,16
51013,94,83,11,11
51014,132,136,-4,4
51015,95,84,11,11
51016,68,55,13,13
51017,97,82,15,15
51018,128,107,21,21
51019,116,108,8,8
51020,93,86,7,7
51021,89,74,15,15
51022,176,161,15,15
51023,172,160,12,12
51024,54,50,4,4
51025,60,61,-1,1
51026,39,49,-10,10
51027,96,78,18,18
51028,60,72,-12,12
51029,52,49,3,3
51030,105,94,11,11
51031,137,121,16,16
51032,151,124,27,27
51033,108,110,-2,2
51034,100,90,10,10
51035,68,65,3,3
51036,99,91,8,8
51037,100,91,9,9
51038,112,95,17,17
51039,78,66,12,12
51040,110,99,11,11
51041,70,59,11,11
51042,122,105,17,17
51043,72,74,-2,2
51044,191,152,39,39
51045,106,98,8,8
51046,102,91,11,11
51047,130,107,23,23
51048,83,76,7,7
51049,70,68,2,2
51050,93,90,3,3
51051,98,85,13,13
51052,72,67,5,5
51053,121,99,22,22
51054,157,134,23,23
51055,72,73,-1,1
51056,88,80,8,8
51057,109,97,12,12
51058,129,109,20,20
51059,185,154,31,31
51060,82,83,-1,1
51061,45,39,6,6
51062,47,50,-3,3
51063,75,76,-1,1
51064,107,86,21,21
51065,73,70,3,3
51066,90,81,9,9
51067,69,75,-6,6
51068,100,98,2,2
51069,87,73,14,14
51070,56,50,6,6
51071,83,71,12,12
51072,140,125,15,15
51073,64,53,11,11
51074,97,86,11,11
51075,86,78,8,8
51076,129,105,24,24
51077,119,98,21,21
51078,85,78,7,7
51079,109,93,16,16
51080,92,83,9,9
51081,152,121,31,31
51082,74,72,2,2
51083,147,183,-36,36
51084,117,104,13,13
51085,85,84,1,1
51086,115,113,2,2
51087,96,84,12,12
51088,109,99,10,10
51089,70,66,4,4
51090,107,92,15,15
51091,71,77,-6,6
51092,80,78,2,2
51093,117,102,15,15
51094,149,135,14,14
51095,74,67,7,7
51096,100,86,14,14
51097,131,123,8,8
51098,100,91,9,9
51099,72,65,7,7
51100,92,98,-6,6
51101,68,61,7,7
51102,71,71,0,0
51103,60,53,7,7
51104,74,70,4,4
51105,114,98,16,16
51106,44,43,1,1
51107,104,104,0,0
51108,143,126,17,17
51109,159,131,28,28
51110,76,70,6,6
51111,93,84,9,9
51112,91,83,8,8
51113,91,86,5,5
51114,188,154,34,34
51115,85,78,7,7
51116,58,49,9,9
51117,115,99,16,16
51118,51,49,2,2
51119,49,47,2,2
51120,108,102,6,6
51121,92,86,6,6
51122,102,98,4,4
51123,113,100,13,13
51124,100,89,11,11
51125,80,68,12,12
51126,109,106,3,3
51127,72,67,5,5
51128,91,87,4,4
51129,93,84,9,9
51130,44,43,1,1
51131,104,99,5,5
51132,50,58,-8,8
51133,76,73,3,3
51134,53,47,6,6
51135,119,103,16,16
51136,105,88,17,17
51137,110,112,-2,2
51138,148,134,14,14
51139,105,88,17,17
51140,139,117,22,22
51141,97,79,18,18
51142,113,91,22,22
51143,85,78,7,7
51144,113,96,17,17
51145,60,54,6,6
51146,66,55,11,11
51147,115,99,16,16
51148,30,63,-33,33
51149,76,67,9,9
51150,73,72,1,1
51151,72,74,-2,2
51152,141,122,19,19
51153,58,62,-4,4
51154,101,91,10,10
51155,80,68,12,12
51156,76,67,9,9
51157,118,108,10,10
51158,97,90,7,7
51159,96,99,-3,3
51160,40,41,-1,1
51161,157,130,27,27
51162,125,108,17,17
51163,99,85,14,14
51164,66,61,5,5
51165,117,99,18,18
51166,94,92,2,2
51167,54,56,-2,2
51168,62,57,5,5
51169,74,67,7,7
51170,166,141,25,25
51171,142,132,10,10
51172,81,85,-4,4
51173,110,108,2,2
51174,114,97,17,17
51175,96,86,10,10
51176,54,53,1,1
51177,97,89,8,8
51178,86,91,-5,5
51179,67,68,-1,1
51180,65,62,3,3
51181,89,86,3,3
51182,86,82,4,4
51183,71,69,2,2
51184,146,128,18,18
51185,81,65,16,16
51186,108,96,12,12
51187,116,102,14,14
51188,90,89,1,1
51189,108,91,17,17
51190,127,108,19,19
51191,60,57,3,3
51192,66,57,9,9
51193,180,159,21,21
51194,52,49,3,3
51195,93,85,8,8
51196,127,111,16,16
51197,96,80,16,16
51198,110,87,23,23
51199,102,98,4,4
51200,110,96,14,14
51201,72,61,11,11
51202,161,139,22,22
51203,89,73,16,16
51204,78,70,8,8
51205,77,78,-1,1
51206,80,71,9,9
51207,78,72,6,6
51208,135,107,28,28
51209,88,74,14,14
51210,102,79,23,23
51211,73,70,3,3
51212,101,90,11,11
51213,84,74,10,10
51214,87,76,11,11
51215,79,77,2,2
51216,84,80,4,4
51217,140,125,15,15
51218,106,101,5,5
51219,75,62,13,13
51220,94,85,9,9
51221,79,79,0,0
51222,93,84,9,9
51223,155,138,17,17
51224,97,94,3,3
51225,109,112,-3,3
51226,115,95,20,20
51227,126,109,17,17
51228,90,85,5,5
51229,72,69,3,3
51230,63,56,7,7
51231,105,94,11,11
51232,68,65,3,3
51233,143,126,17,17
51234,116,108,8,8
51235,121,113,8,8
51236,130,99,31,31
51237,75,67,8,8
51238,70,71,-1,1
51239,109,88,21,21
51240,98,86,12,12
51241,106,84,22,22
51242,76,72,4,4
51243,60,52,8,8
51244,68,69,-1,1
51245,165,132,33,33
51246,90,95,-5,5
51247,178,146,32,32
51248,79,76,3,3
51249,72,60,12,12
51250,87,78,9,9
51251,82,74,8,8
51252,57,55,2,2
51253,110,102,8,8
51254,111,100,11,11
51255,70,73,-3,3
51256,112,104,8,8
51257,52,50,2,2
51258,94,80,14,14
51259,97,90,7,7
51260,66,61,5,5
51261,67,66,1,1
51262,66,65,1,1
51263,107,96,11,11
51264,156,171,-15,15
51265,40,82,-42,42
51266,60,60,0,0
51267,109,118,-9,9
51268,62,59,3,3
51269,126,105,21,21
51270,96,91,5,5
51271,106,88,18,18
51272,109,88,21,21
51273,77,70,7,7
51274,70,63,7,7
51275,75,90,-15,15
51276,194,164,30,30
51277,24,33,-9,9
51278,94,87,7,7
51279,102,85,17,17
51280,126,110,16,16
51281,150,115,35,35
51282,126,113,13,13
51283,82,82,0,0
51284,92,96,-4,4
51285,87,79,8,8
51286,122,116,6,6
51287,129,123,6,6
51288,93,83,10,10
51289,62,64,-2,2
51290,148,134,14,14
51291,73,68,5,5
51292,114,95,19,19
51293,82,74,8,8
51294,99,93,6,6
51295,181,146,35,35
51296,158,128,30,30
51297,100,92,8,8
51298,143,123,20,20
51299,118,108,10,10
51300,85,77,8,8
51301,127,118,9,9
51302,83,84,-1,1
51303,95,84,11,11
51304,63,54,9,9
51305,76,67,9,9
51306,111,108,3,3
51307,69,68,1,1
51308,100,82,18,18
51309,47,47,0,0
51310,83,83,0,0
51311,85,80,5,5
51312,74,70,4,4
51313,53,65,-12,12
51314,75,73,2,2
51315,71,79,-8,8
51316,108,95,13,13
51317,71,67,4,4
51318,121,108,13,13
51319,100,98,2,2
51320,113,105,8,8
51321,86,73,13,13
51322,86,70,16,16
51323,115,100,15,15
51324,38,38,0,0
51325,140,120,20,20
51326,119,112,7,7
51327,104,94,10,10
51328,135,106,29,29
51329,147,120,27,27
51330,116,98,18,18
51331,137,119,18,18
51332,86,80,6,6
51333,96,86,10,10
51334,76,68,8,8
51335,64,56,8,8
51336,57,51,6,6
51337,90,94,-4,4
51338,56,68,-12,12
51339,84,84,0,0
51340,109,90,19,19
51341,124,110,14,14
51342,138,113,25,25
51343,73,65,8,8
51344,98,87,11,11
51345,93,75,18,18
51346,51,43,8,8
51347,54,49,5,5
51348,62,57,5,5
51349,126,113,13,13
51350,85,76,9,9
51351,86,69,17,17
51352,67,57,10,10
51353,80,76,4,4
51354,55,54,1,1
51355,115,101,14,14
51356,71,66,5,5
51357,86,76,10,10
51358,120,106,14,14
51359,94,82,12,12
51360,71,67,4,4
51361,106,105,1,1
51362,101,89,12,12
51363,41,45,-4,4
51364,77,64,13,13
51365,130,108,22,22
51366,154,131,23,23
51367,102,84,18,18
51368,56,53,3,3
51369,108,95,13,13
51370,74,71,3,3
51371,33,95,-62,62
51372,109,98,11,11
51373,113,99,14,14
51374,115,102,13,13
51375,73,70,3,3
51376,60,64,-4,4
51377,115,99,16,16
51378,85,83,2,2
51379,121,99,22,22
51380,128,113,15,15
51381,76,80,-4,4
51382,158,137,21,21
51383,109,97,12,12
51384,47,48,-1,1
51385,76,64,12,12
51386,75,61,14,14
51387,92,77,15,15
51388,92,86,6,6
51389,110,90,20,20
51390,101,89,12,12
51391,95,82,13,13
51392,107,95,12,12
51393,96,88,8,8
51394,127,114,13,13
51395,104,96,8,8
51396,84,71,13,13
51397,44,41,3,3
51398,112,112,0,0
51399,94,97,-3,3
51400,65,61,4,4
51401,67,68,-1,1
51402,106,95,11,11
51403,85,73,12,12
51404,75,79,-4,4
51405,72,64,8,8
51406,99,74,25,25
51407,63,61,2,2
51408,157,138,19,19
51409,70,63,7,7
51410,79,68,11,11
51411,99,85,14,14
51412,100,94,6,6
51413,152,128,24,24
51414,111,109,2,2
51415,73,71,2,2
51416,117,102,15,15
51417,74,68,6,6
51418,84,85,-1,1
51419,117,101,16,16
51420,70,68,2,2
51421,72,72,0,0
51422,62,59,3,3
51423,90,87,3,3
51424,123,101,22,22
51425,81,77,4,4
51426,62,58,4,4
51427,74,66,8,8
51428,189,153,36,36
51429,97,92,5,5
51430,131,115,16,16
51431,66,68,-2,2
51432,131,111,20,20
51433,101,83,18,18
51434,205,175,30,30
51435,92,88,4,4
51436,74,77,-3,3
51437,108,92,16,16
51438,78,68,10,10
51439,69,69,0,0
51440,92,75,17,17
51441,76,71,5,5
51442,83,73,10,10
51443,104,94,10,10
51444,85,73,12,12
51445,74,65,9,9
51446,134,123,11,11
51447,119,101,18,18
51448,92,78,14,14
51449,88,79,9,9
51450,126,117,9,9
51451,100,92,8,8
51452,45,51,-6,6
51453,131,107,24,24
51454,55,53,2,2
51455,180,152,28,28
51456,133,102,31,31
51457,94,63,31,31
51458,62,75,-13,13
51459,119,104,15,15
51460,183,157,26,26
51461,88,74,14,14
51462,115,84,31,31
51463,100,83,17,17
51464,64,67,-3,3
51465,83,96,-13,13
51466,138,124,14,14
51467,62,66,-4,4
51468,193,154,39,39
51469,90,75,15,15
51470,77,79,-2,2
51471,111,97,14,14
51472,99,80,19,19
51473,118,111,7,7
51474,131,112,19,19
51475,71,60,11,11
51476,78,74,4,4
51477,94,79,15,15
51478,92,87,5,5
51479,97,89,8,8
51480,89,77,12,12
51481,131,108,23,23
51482,119,91,28,28
51483,59,59,0,0
51484,80,73,7,7
51485,116,98,18,18
51486,93,80,13,13
51487,72,73,-1,1
51488,185,145,40,40
51489,85,82,3,3
51490,108,107,1,1
51491,84,79,5,5
51492,100,92,8,8
51493,109,82,27,27
51494,43,42,1,1
51495,77,71,6,6
51496,87,74,13,13
51497,121,103,18,18
51498,109,101,8,8
51499,83,82,1,1
51500,108,87,21,21
51501,166,130,36,36
51502,68,62,6,6
51503,112,115,-3,3
51504,103,94,9,9
51505,106,99,7,7
51506,33,36,-3,3
51507,56,48,8,8
51508,72,65,7,7
51509,136,120,16,16
51510,79,72,7,7
51511,143,115,28,28
51512,103,90,13,13
51513,75,70,5,5
51514,73,68,5,5
51515,68,64,4,4
51516,68,76,-8,8
51517,102,81,21,21
51518,83,75,8,8
51519,70,74,-4,4
51520,88,79,9,9
51521,124,109,15,15
51522,111,102,9,9
51523,103,97,6,6
51524,104,90,14,14
51525,122,107,15,15
51526,119,107,12,12
51527,71,94,-23,23
51528,196,168,28,28
51529,70,63,7,7
51530,70,79,-9,9
51531,88,78,10,10
51532,122,106,16,16
51533,102,87,15,15
51534,119,101,18,18
51535,138,118,20,20
51536,165,137,28,28
51537,94,93,1,1
51538,52,51,1,1
51539,86,77,9,9
51540,63,64,-1,1
51541,92,75,17,17
51542,65,59,6,6
51543,47,43,4,4
51544,62,55,7,7
51545,79,84,-5,5
51546,166,123,43,43
51547,96,82,14,14
51548,120,116,4,4
51549,117,104,13,13
51550,99,85,14,14
51551,124,117,7,7
51552,138,112,26,26
51553,60,60,0,0
51554,90,82,8,8
51555,76,75,1,1
51556,113,119,-6,6
51557,129,111,18,18
51558,80,73,7,7
51559,99,87,12,12
51560,87,81,6,6
51561,74,69,5,5
51562,70,66,4,4
51563,50,51,-1,1
51564,83,75,8,8
51565,150,126,24,24
51566,104,90,14,14
51567,107,96,11,11
51568,101,85,16,16
51569,153,135,18,18
51570,81,75,6,6
51571,58,66,-8,8
51572,104,90,14,14
51573,64,60,4,4
51574,58,50,8,8
51575,137,123,14,14
51576,132,100,32,32
51577,110,99,11,11
51578,120,108,12,12
51579,92,86,6,6
51580,83,101,-18,18
51581,41,47,-6,6
51582,194,183,11,11
51583,79,67,12,12
51584,65,61,4,4
51585,126,120,6,6
51586,125,123,2,2
51587,148,126,22,22
51588,63,58,5,5
51589,82,80,2,2
51590,127,110,17,17
51591,141,118,23,23
51592,98,94,4,4
51593,140,128,12,12
51594,92,81,11,11
51595,78,79,-1,1
51596,72,67,5,5
51597,133,108,25,25
51598,82,81,1,1
51599,53,56,-3,3
51600,68,61,7,7
51601,135,118,17,17
51602,76,84,-8,8
51603,84,70,14,14
51604,109,95,14,14
51605,115,109,6,6
51606,32,33,-1,1
51607,202,163,39,39
51608,64,58,6,6
51609,69,62,7,7
51610,61,58,3,3
51611,81,69,12,12
51612,81,81,0,0
51613,103,90,13,13
51614,73,66,7,7
51615,103,105,-2,2
51616,153,140,13,13
51617,78,73,5,5
51618,100,87,13,13
51619,136,131,5,5
51620,58,56,2,2
51621,75,77,-2,2
51622,130,106,24,24
51623,127,105,22,22
51624,51,54,-3,3
51625,87,70,17,17
51626,99,90,9,9
51627,121,103,18,18
51628,83,78,5,5
51629,65,61,4,4
51630,86,80,6,6
51631,129,116,13,13
51632,77,80,-3,3
51633,63,64,-1,1
51634,70,65,5,5
51635,75,72,3,3
51636,75,73,2,2
51637,132,118,14,14
51638,157,137,20,20
51639,130,120,10,10
51640,80,77,3,3
51641,97,91,6,6
51642,68,63,5,5
51643,98,91,7,7
51644,81,77,4,4
51645,51,49,2,2
51646,84,77,7,7
51647,79,72,7,7
51648,151,131,20,20
51649,82,76,6,6
51650,127,112,15,15
51651,63,65,-2,2
51652,97,87,10,10
51653,121,103,18,18
51654,157,131,26,26
51655,101,89,12,12
51656,160,146,14,14
51657,92,84,8,8
51658,107,102,5,5
51659,108,87,21,21
51660,119,94,25,25
51661,61,62,-1,1
51662,112,95,17,17
51663,71,62,9,9
51664,99,92,7,7
51665,68,70,-2,2
51666,116,111,5,5
51667,64,69,-5,5
51668,124,115,9,9
51669,139,121,18,18
51670,80,73,7,7
51671,157,132,25,25
51672,101,88,13,13
51673,114,99,15,15
51674,126,116,10,10
51675,148,134,14,14
51676,77,75,2,2
51677,187,160,27,27
51678,139,123,16,16
51679,164,136,28,28
51680,98,91,7,7
51681,86,83,3,3
51682,61,57,4,4
51683,143,133,10,10
51684,57,52,5,5
51685,52,46,6,6
51686,92,95,-3,3
51687,108,95,13,13
51688,156,123,33,33
51689,159,130,29,29
51690,157,128,29,29
51691,102,89,13,13
51692,138,114,24,24
51693,78,73,5,5
51694,83,68,15,15
51695,108,87,21,21
51696,60,53,7,7
51697,142,110,32,32
51698,55,54,1,1
51699,65,60,5,5
51700,125,108,17,17
51701,90,85,5,5
51702,74,69,5,5
51703,156,134,22,22
51704,76,71,5,5
51705,94,90,4,4
51706,84,76,8,8
51707,84,73,11,11
51708,68,72,-4,4
51709,144,124,20,20
51710,74,64,10,10
51711,104,95,9,9
51712,98,70,28,28
51713,92,83,9,9
51714,106,97,9,9
51715,94,84,10,10
51716,91,88,3,3
51717,61,41,20,20
51718,77,69,8,8
51719,71,69,2,2
51720,98,88,10,10
51721,73,73,0,0
51722,103,98,5,5
51723,124,104,20,20
51724,135,114,21,21
51725,118,111,7,7
51726,96,91,5,5
51727,54,55,-1,1
51728,112,91,21,21
51729,72,70,2,2
51730,70,71,-1,1
51731,85,74,11,11
51732,51,44,7,7
51733,106,107,-1,1
51734,113,94,19,19
51735,76,65,11,11
51736,63,68,-5,5
51737,140,110,30,30
51738,103,88,15,15
51739,163,146,17,17
51740,126,111,15,15
51741,92,98,-6,6
51742,40,39,1,1
51743,33,38,-5,5
51744,99,90,9,9
51745,113,92,21,21
51746,59,54,5,5
51747,88,95,-7,7
51748,58,56,2,2
51749,98,88,10,10
51750,135,108,27,27
51751,92,85,7,7
51752,101,91,10,10
51753,116,100,16,16
51754,171,148,23,23
51755,98,78,20,20
51756,99,87,12,12
51757,77,67,10,10
51758,99,85,14,14
51759,61,55,6,6
51760,124,94,30,30
51761,36,37,-1,1
51762,124,101,23,23
51763,89,79,10,10
51764,144,133,11,11
51765,113,99,14,14
51766,157,134,23,23
51767,95,86,9,9
51768,101,96,5,5
51769,76,73,3,3
51770,65,68,-3,3
51771,222,161,61,61
51772,123,103,20,20
51773,71,84,-13,13
51774,102,84,18,18
51775,96,89,7,7
51776,105,91,14,14
51777,81,77,4,4
51778,122,124,-2,2
51779,64,62,2,2
51780,43,56,-13,13
51781,114,93,21,21
51782,62,61,1,1
51783,104,102,2,2
51784,175,162,13,13
51785,98,96,2,2
51786,87,75,12,12
51787,144,127,17,17
51788,76,81,-5,5
51789,125,111,14,14
51790,70,66,4,4
51791,86,89,-3,3
51792,140,107,33,33
51793,44,49,-5,5
51794,101,87,14,14
51795,68,64,4,4
51796,155,140,15,15
51797,125,112,13,13
51798,49,49,0,0
51799,140,128,12,12
51800,105,90,15,15
51801,192,175,17,17
51802,89,72,17,17
51803,140,120,20,20
51804,140,122,18,18
51805,112,105,7,7
51806,136,108,28,28
51807,76,77,-1,1
51808,64,67,-3,3
51809,64,71,-7,7
51810,83,78,5,5
51811,72,63,9,9
51812,145,128,17,17
51813,113,93,20,20
51814,114,94,20,20
51815,154,127,27,27
51816,67,61,6,6
51817,197,151,46,46
51818,61,57,4,4
51819,99,89,10,10
51820,91,85,6,6
51821,181,141,40,40
51822,45,42,3,3
51823,55,57,-2,2
51824,183,178,5,5
51825,106,99,7,7
51826,57,56,1,1
51827,133,113,20,20
51828,36,38,-2,2
51829,98,94,4,4
51830,54,47,7,7
51831,140,125,15,15
51832,114,102,12,12
51833,99,84,15,15
51834,69,65,4,4
51835,144,123,21,21
51836,112,110,2,2
51837,101,87,14,14
51838,88,75,13,13
51839,88,81,7,7
51840,94,83,11,11
51841,67,59,8,8
51842,46,50,-4,4
51843,72,63,9,9
51844,80,69,11,11
51845,75,68,7,7
51846,94,81,13,13
51847,117,108,9,9
51848,67,65,2,2
51849,71,69,2,2
51850,67,76,-9,9
51851,68,59,9,9
51852,91,81,10,10
51853,71,69,2,2
51854,114,107,7,7
51855,93,92,1,1
51856,73,73,0,0
51857,164,133,31,31
51858,132,108,24,24
51859,66,54,12,12
51860,153,120,33,33
51861,108,106,2,2
51862,110,95,15,15
51863,156,125,31,31
51864,162,137,25,25
51865,150,132,18,18
51866,125,109,16,16
51867,61,57,4,4
51868,95,86,9,9
51869,152,121,31,31
51870,125,117,8,8
51871,119,96,23,23
51872,166,165,1,1
51873,120,95,25,25
51874,58,55,3,3
51875,45,42,3,3
51876,117,115,2,2
51877,65,57,8,8
51878,105,102,3,3
51879,70,67,3,3
51880,78,69,9,9
51881,91,78,13,13
51882,78,67,11,11
51883,116,118,-2,2
51884,132,104,28,28
51885,143,118,25,25
51886,117,112,5,5
51887,147,138,9,9
51888,63,63,0,0
51889,80,83,-3,3
51890,98,88,10,10
51891,51,53,-2,2
51892,51,47,4,4
51893,73,65,8,8
51894,95,81,14,14
51895,100,88,12,12
51896,74,78,-4,4
51897,110,91,19,19
51898,78,73,5,5
51899,54,56,-2,2
51900,115,103,12,12
51901,139,117,22,22
51902,73,73,0,0
51903,67,63,4,4
51904,76,72,4,4
51905,108,95,13,13
51906,104,93,11,11
51907,130,114,16,16
51908,116,106,10,10
51909,57,56,1,1
51910,102,96,6,6
51911,108,91,17,17
51912,95,81,14,14
51913,40,41,-1,1
51914,76,78,-2,2
51915,71,62,9,9
51916,137,122,15,15
51917,118,100,18,18
51918,129,112,17,17
51919,67,67,0,0
51920,72,68,4,4
51921,111,107,4,4
51922,95,86,9,9
51923,130,126,4,4
51924,116,107,9,9
51925,68,64,4,4
51926,103,92,11,11
51927,95,88,7,7
51928,117,105,12,12
51929,62,49,13,13
51930,75,74,1,1
51931,56,61,-5,5
51932,120,97,23,23
51933,113,101,12,12
51934,85,75,10,10
51935,71,85,-14,14
51936,130,118,12,12
51937,87,84,3,3
51938,156,133,23,23
51939,89,82,7,7
51940,61,55,6,6
51941,115,100,15,15
51942,144,118,26,26
51943,73,74,-1,1
51944,94,87,7,7
51945,102,91,11,11
51946,125,114,11,11
51947,71,59,12,12
51948,140,122,18,18
51949,143,120,23,23
51950,77,75,2,2
51951,86,71,15,15
51952,70,61,9,9
51953,101,84,17,17
51954,82,74,8,8
51955,93,79,14,14
51956,55,56,-1,1
51957,138,129,9,9
51958,88,80,8,8
51959,81,80,1,1
51960,176,141,35,35
51961,90,86,4,4
51962,52,54,-2,2
51963,97,86,11,11
51964,45,51,-6,6
51965,114,107,7,7
51966,155,132,23,23
51967,151,151,0,0
51968,60,60,0,0
51969,82,71,11,11
51970,96,87,9,9
51971,126,103,23,23
51972,90,81,9,9
51973,83,66,17,17
51974,72,71,1,1
51975,139,116,23,23
51976,137,122,15,15
51977,119,105,14,14
51978,115,90,25,25
51979,76,67,9,9
51980,80,88,-8,8
51981,101,86,15,15
51982,92,82,10,10
51983,65,63,2,2
51984,89,84,5,5
51985,72,65,7,7
51986,45,42,3,3
51987,69,63,6,6
51988,81,73,8,8
51989,95,86,9,9
51990,76,71,5,5
51991,49,43,6,6
51992,97,90,7,7
51993,90,78,12,12
51994,130,114,16,16
51995,74,73,1,1
51996,46,54,-8,8
51997,74,75,-1,1
51998,108,93,15,15
51999,115,108,7,7
52000,37,42,-5,5
52001,79,70,9,9
52002,75,73,2,2
52003,174,138,36,36
52004,107,93,14,14
52005,53,48,5,5
52006,83,77,6,6
52007,60,55,5,5
52008,98,92,6,6
52009,57,55,2,2
52010,54,52,2,2
52011,83,72,11,11
52012,182,179,3,3
52013,107,104,3,3
52014,89,90,-1,1
52015,105,94,11,11
52016,109,100,9,9
52017,141,114,27,27
52018,121,111,10,10
52019,91,94,-3,3
52020,117,101,16,16
52021,58,52,6,6
52022,80,66,14,14
52023,88,78,10,10
52024,80,75,5,5
52025,146,128,18,18
52026,105,93,12,12
52027,128,126,2,2
52028,79,73,6,6
52029,123,113,10,10
52030,85,76,9,9
52031,77,69,8,8
52032,70,62,8,8
52033,100,92,8,8
52034,71,64,7,7
52035,123,106,17,17
52036,85,81,4,4
52037,113,101,12,12
52038,98,84,14,14
52039,67,70,-3,3
52040,130,120,10,10
52041,176,142,34,34
52042,117,103,14,14
52043,130,111,19,19
52044,114,99,15,15
52045,108,99,9,9
52046,111,105,6,6
52047,91,80,11,11
52048,153,124,29,29
52049,83,86,-3,3
52050,91,85,6,6
52051,103,95,8,8
52052,123,111,12,12
52053,57,57,0,0
52054,115,100,15,15
52055,86,85,1,1
52056,147,125,22,22
52057,116,119,-3,3
52058,87,78,9,9
52059,81,77,4,4
52060,58,51,7,7
52061,97,79,18,18
52062,138,130,8,8
52063,74,66,8,8
52064,60,64,-4,4
52065,94,87,7,7
52066,150,128,22,22
52067,143,126,17,17
52068,72,66,6,6
52069,80,77,3,3
52070,94,86,8,8
52071,85,77,8,8
52072,108,94,14,14
52073,106,87,19,19
52074,86,78,8,8
52075,160,133,27,27
52076,84,76,8,8
52077,78,67,11,11
52078,89,86,3,3
52079,76,79,-3,3
52080,57,48,9,9
52081,93,86,7,7
52082,92,87,5,5
52083,79,89,-10,10
52084,105,94,11,11
52085,146,123,23,23
52086,79,79,0,0
52087,96,90,6,6
52088,97,87,10,10
52089,74,68,6,6
52090,79,79,0,0
52091,90,80,10,10
52092,133,120,13,13
52093,81,75,6,6
52094,140,119,21,21
52095,20,33,-13,13
52096,42,88,-46,46
52097,178,140,38,38
52098,57,62,-5,5
52099,91,88,3,3
52100,125,123,2,2
52101,77,67,10,10
52102,73,70,3,3
52103,96,92,4,4
52104,63,56,7,7
52105,75,69,6,6
52106,117,102,15,15
52107,135,121,14,14
52108,105,101,4,4
52109,141,123,18,18
52110,123,99,24,24
52111,71,77,-6,6
52112,108,87,21,21
52113,104,97,7,7
52114,108,94,14,14
52115,93,85,8,8
52116,102,90,12,12
52117,99,80,19,19
52118,95,91,4,4
52119,53,50,3,3
52120,117,94,23,23
52121,79,82,-3,3
52122,55,62,-7,7
52123,163,147,16,16
52124,53,50,3,3
52125,80,71,9,9
52126,124,107,17,17
52127,75,65,10,10
52128,133,116,17,17
52129,83,76,7,7
52130,54,58,-4,4
52131,52,49,3,3
52132,67,65,2,2
52133,75,66,9,9
52134,106,91,15,15
52135,140,121,19,19
52136,124,114,10,10
52137,65,65,0,0
52138,94,91,3,3
52139,108,97,11,11
52140,132,104,28,28
52141,123,108,15,15
52142,73,77,-4,4
52143,246,206,40,40
52144,91,75,16,16
52145,48,52,-4,4
52146,109,88,21,21
52147,120,99,21,21
52148,71,59,12,12
52149,44,44,0,0
52150,83,73,10,10
52151,77,66,11,11
52152,108,93,15,15
52153,76,67,9,9
52154,116,94,22,22
52155,98,101,-3,3
52156,114,95,19,19
52157,142,115,27,27
52158,92,92,0,0
52159,82,71,11,11
52160,86,77,9,9
52161,65,61,4,4
52162,91,81,10,10
52163,158,140,18,18
52164,79,71,8,8
52165,89,76,13,13
52166,54,48,6,6
52167,144,112,32,32
52168,167,155,12,12
52169,94,95,-1,1
52170,75,69,6,6
52171,110,109,1,1
52172,113,97,16,16
52173,63,60,3,3
52174,138,119,19,19
52175,101,84,17,17
52176,99,99,0,0
52177,98,91,7,7
52178,138,140,-2,2
52179,116,106,10,10
52180,53,60,-7,7
52181,97,89,8,8
52182,79,62,17,17
52183,94,96,-2,2
52184,72,72,0,0
52185,104,100,4,4
52186,113,92,21,21
52187,105,103,2,2
52188,84,76,8,8
52189,66,64,2,2
52190,75,71,4,4
52191,106,96,10,10
52192,100,87,13,13
52193,75,78,-3,3
52194,45,40,5,5
52195,126,118,8,8
52196,102,88,14,14
52197,108,98,10,10
52198,99,86,13,13
52199,146,124,22,22
52200,107,99,8,8
52201,105,101,4,4
52202,58,52,6,6
52203,114,108,6,6
52204,151,119,32,32
52205,72,69,3,3
52206,79,67,12,12
52207,131,109,22,22
52208,91,84,7,7
52209,52,52,0,0
52210,81,65,16,16
52211,85,68,17,17
52212,96,83,13,13
52213,42,46,-4,4
52214,73,59,14,14
52215,100,85,15,15
52216,104,88,16,16
52217,85,84,1,1
52218,67,69,-2,2
52219,71,69,2,2
52220,100,84,16,16
52221,134,101,33,33
52222,104,99,5,5
52223,90,75,15,15
52224,96,113,-17,17
52225,61,80,-19,19
52226,65,65,0,0
52227,139,122,17,17
52228,46,43,3,3
52229,70,67,3,3
52230,142,119,23,23
52231,90,81,9,9
52232,112,94,18,18
52233,113,94,19,19
52234,59,60,-1,1
52235,111,97,14,14
52236,84,72,12,12
52237,74,65,9,9
52238,78,66,12,12
52239,145,134,11,11
52240,100,109,-9,9
52241,103,89,14,14
52242,55,51,4,4
52243,93,87,6,6
52244,78,70,8,8
52245,80,72,8,8
52246,104,86,18,18
52247,66,64,2,2
52248,68,58,10,10
52249,60,53,7,7
52250,103,105,-2,2
52251,69,64,5,5
52252,92,85,7,7
52253,48,53,-5,5
52254,54,58,-4,4
52255,54,52,2,2
52256,58,58,0,0
52257,160,130,30,30
52258,83,72,11,11
52259,90,77,13,13
52260,71,111,-40,40
52261,168,157,11,11
52262,137,126,11,11
52263,139,124,15,15
52264,74,64,10,10
52265,75,73,2,2
52266,65,57,8,8
52267,93,74,19,19
52268,94,84,10,10
52269,65,71,-6,6
52270,110,101,9,9
52271,29,36,-7,7
52272,91,80,11,11
52273,78,71,7,7
52274,77,70,7,7
52275,93,85,8,8
52276,158,133,25,25
52277,206,176,30,30
52278,98,90,8,8
52279,131,115,16,16
52280,115,99,16,16
52281,129,100,29,29
52282,97,82,15,15
52283,97,85,12,12
52284,78,84,-6,6
52285,81,75,6,6
52286,107,93,14,14
52287,80,72,8,8
52288,67,66,1,1
52289,66,68,-2,2
52290,56,53,3,3
52291,72,67,5,5
52292,50,53,-3,3
52293,70,93,-23,23
52294,128,108,20,20
52295,138,127,11,11
52296,38,40,-2,2
52297,113,100,13,13
52298,168,147,21,21
52299,115,95,20,20
52300,88,80,8,8
52301,80,73,7,7
52302,124,118,6,6
52303,190,157,33,33
52304,92,87,5,5
52305,83,76,7,7
52306,78,74,4,4
52307,64,55,9,9
52308,121,108,13,13
52309,74,71,3,3
52310,59,58,1,1
52311,200,140,60,60
52312,157,132,25,25
52313,86,79,7,7
52314,126,110,16,16
52315,75,69,6,6
52316,95,98,-3,3
52317,118,95,23,23
52318,174,146,28,28
52319,148,125,23,23
52320,70,69,1,1
52321,99,89,10,10
52322,73,68,5,5
52323,178,138,40,40
52324,127,110,17,17
52325,137,120,17,17
52326,35,38,-3,3
52327,58,55,3,3
52328,104,97,7,7
52329,85,77,8,8
52330,91,83,8,8
52331,40,38,2,2
52332,83,77,6,6
52333,100,97,3,3
52334,73,71,2,2
52335,51,54,-3,3
52336,263,187,76,76
52337,87,82,5,5
52338,85,76,9,9
52339,85,79,6,6
52340,89,77,12,12
52341,176,152,24,24
52342,103,93,10,10
52343,128,120,8,8
52344,166,149,17,17
52345,92,98,-6,6
52346,100,92,8,8
52347,98,82,16,16
52348,57,55,2,2
52349,127,106,21,21
52350,86,81,5,5
52351,144,130,14,14
52352,60,60,0,0
52353,113,100,13,13
52354,113,99,14,14
52355,103,91,12,12
52356,90,80,10,10
52357,56,47,9,9
52358,47,48,-1,1
52359,105,98,7,7
52360,61,56,5,5
52361,128,121,7,7
52362,55,71,-16,16
52363,67,61,6,6
52364,65,62,3,3
52365,116,98,18,18
52366,76,73,3,3
52367,41,41,0,0
52368,83,71,12,12
52369,82,80,2,2
52370,50,53,-3,3
52371,81,83,-2,2
52372,57,48,9,9
52373,83,73,10,10
52374,87,89,-2,2
52375,56,46,10,10
52376,68,62,6,6
52377,71,61,10,10
52378,77,72,5,5
52379,67,61,6,6
52380,120,98,22,22
52381,74,71,3,3
52382,121,111,10,10
52383,73,70,3,3
52384,53,51,2,2
52385,68,66,2,2
52386,95,83,12,12
52387,103,96,7,7
52388,46,48,-2,2
52389,73,62,11,11
52390,148,129,19,19
52391,145,113,32,32
52392,105,86,19,19
52393,71,68,3,3
52394,43,46,-3,3
52395,106,97,9,9
52396,114,103,11,11
52397,80,70,10,10
52398,64,71,-7,7
52399,125,103,22,22
52400,84,87,-3,3
52401,86,82,4,4
52402,101,89,12,12
52403,95,84,11,11
52404,90,85,5,5
52405,93,82,11,11
52406,62,59,3,3
52407,146,125,21,21
52408,87,79,8,8
52409,85,71,14,14
52410,134,108,26,26
52411,82,70,12,12
52412,46,45,1,1
52413,73,60,13,13
52414,23,34,-11,11
52415,167,139,28,28
52416,116,88,28,28
52417,112,105,7,7
52418,227,188,39,39
52419,108,100,8,8
52420,93,84,9,9
52421,76,71,5,5
52422,75,70,5,5
52423,74,75,-1,1
52424,85,70,15,15
52425,68,64,4,4
52426,93,79,14,14
52427,143,125,18,18
52428,132,113,19,19
52429,68,63,5,5
52430,49,54,-5,5
52431,116,97,19,19
52432,87,75,12,12
52433,114,94,20,20
52434,133,111,22,22
52435,81,73,8,8
52436,105,87,18,18
52437,88,82,6,6
52438,158,126,32,32
52439,82,69,13,13
52440,91,84,7,7
52441,158,143,15,15
52442,77,74,3,3
52443,61,77,-16,16
52444,57,58,-1,1
52445,76,73,3,3
52446,80,75,5,5
52447,90,89,1,1
52448,75,61,14,14
52449,105,91,14,14
52450,99,89,10,10
52451,134,121,13,13
52452,70,70,0,0
52453,139,129,10,10
52454,67,63,4,4
52455,186,149,37,37
52456,101,90,11,11
52457,142,124,18,18
52458,66,60,6,6
52459,88,77,11,11
52460,79,76,3,3
52461,80,76,4,4
52462,103,101,2,2
52463,133,130,3,3
52464,21,52,-31,31
52465,98,77,21,21
52466,67,59,8,8
52467,117,127,-10,10
52468,71,66,5,5
52469,45,47,-2,2
52470,90,75,15,15
52471,122,97,25,25
52472,133,114,19,19
52473,70,64,6,6
52474,99,94,5,5
52475,161,134,27,27
52476,123,106,17,17
52477,116,98,18,18
52478,148,116,32,32
52479,55,45,10,10
52480,107,99,8,8
52481,69,61,8,8
52482,103,107,-4,4
52483,50,49,1,1
52484,76,71,5,5
52485,98,90,8,8
52486,63,63,0,0
52487,69,62,7,7
52488,115,101,14,14
52489,64,59,5,5
52490,80,74,6,6
52491,93,80,13,13
52492,93,85,8,8
52493,107,90,17,17
52494,91,83,8,8
52495,73,79,-6,6
52496,163,132,31,31
52497,82,71,11,11
52498,133,104,29,29
52499,70,73,-3,3
52500,74,69,5,5
52501,72,67,5,5
52502,51,42,9,9
52503,192,151,41,41
52504,59,66,-7,7
52505,69,62,7,7
52506,47,45,2,2
52507,146,140,6,6
52508,149,121,28,28
52509,96,100,-4,4
52510,73,63,10,10
52511,143,120,23,23
52512,101,96,5,5
52513,96,91,5,5
52514,108,105,3,3
52515,77,71,6,6
52516,45,49,-4,4
52517,89,86,3,3
52518,160,133,27,27
52519,97,94,3,3
52520,82,77,5,5
52521,80,69,11,11
52522,70,64,6,6
52523,123,103,20,20
52524,109,93,16,16
52525,162,141,21,21
52526,129,114,15,15
52527,80,71,9,9
52528,49,51,-2,2
52529,129,105,24,24
52530,79,68,11,11
52531,89,89,0,0
52532,92,87,5,5
52533,87,75,12,12
52534,104,86,18,18
52535,106,84,22,22
52536,169,150,19,19
52537,96,97,-1,1
52538,66,63,3,3
52539,140,123,17,17
52540,128,107,21,21
52541,82,72,10,10
52542,128,106,22,22
52543,109,99,10,10
52544,59,60,-1,1
52545,61,61,0,0
52546,109,84,25,25
52547,72,73,-1,1
52548,57,63,-6,6
52549,94,91,3,3
52550,86,80,6,6
52551,57,55,2,2
52552,142,119,23,23
52553,79,80,-1,1
52554,150,129,21,21
52555,122,122,0,0
52556,106,99,7,7
52557,41,44,-3,3
52558,218,175,43,43
52559,106,91,15,15
52560,80,68,12,12
52561,87,79,8,8
52562,121,114,7,7
52563,68,63,5,5
52564,79,76,3,3
52565,63,58,5,5
52566,57,64,-7,7
52567,132,124,8,8
52568,86,80,6,6
52569,92,80,12,12
52570,187,162,25,25
52571,97,85,12,12
52572,135,119,16,16
52573,126,98,28,28
52574,79,73,6,6
52575,69,73,-4,4
52576,142,129,13,13
52577,97,83,14,14
52578,104,99,5,5
52579,112,104,8,8
52580,168,153,15,15
52581,145,115,30,30
52582,137,117,20,20
52583,142,119,23,23
52584,81,71,10,10
52585,97,86,11,11
52586,90,72,18,18
52587,121,126,-5,5
52588,71,71,0,0
52589,61,57,4,4
52590,95,102,-7,7
52591,95,105,-10,10
52592,53,60,-7,7
52593,126,116,10,10
52594,72,74,-2,2
52595,86,71,15,15
52596,141,128,13,13
52597,96,94,2,2
52598,98,93,5,5
52599,123,107,16,16
52600,46,43,3,3
52601,95,77,18,18
52602,127,108,19,19
52603,153,118,35,35
52604,115,98,17,17
52605,104,88,16,16
52606,53,52,1,1
52607,95,82,13,13
52608,88,79,9,9
52609,133,105,28,28
52610,88,80,8,8
52611,25,40,-15,15
52612,142,112,30,30
52613,98,96,2,2
52614,93,83,10,10
52615,99,84,15,15
52616,152,129,23,23
52617,124,111,13,13
52618,112,107,5,5
52619,134,110,24,24
52620,104,99,5,5
52621,86,76,10,10
52622,117,105,12,12
52623,77,74,3,3
52624,88,82,6,6
52625,72,65,7,7
52626,87,96,-9,9
52627,80,73,7,7
52628,103,93,10,10
52629,136,123,13,13
52630,105,102,3,3
52631,96,86,10,10
52632,90,76,14,14
52633,53,47,6,6
52634,77,71,6,6
52635,60,54,6,6
52636,115,110,5,5
52637,93,81,12,12
52638,91,75,16,16
52639,162,139,23,23
52640,115,92,23,23
52641,148,138,10,10
52642,68,62,6,6
52643,79,77,2,2
52644,53,49,4,4
52645,60,57,3,3
52646,63,66,-3,3
52647,102,93,9,9
52648,111,95,16,16
52649,116,104,12,12
52650,50,47,3,3
52651,113,93,20,20
52652,46,51,-5,5
52653,62,58,4,4
52654,112,99,13,13
52655,58,56,2,2
52656,85,82,3,3
52657,111,93,18,18
52658,105,96,9,9
52659,113,109,4,4
52660,174,142,32,32
52661,125,107,18,18
52662,109,96,13,13
52663,67,64,3,3
52664,76,64,12,12
52665,193,220,-27,27
52666,128,112,16,16
52667,88,76,12,12
52668,70,70,0,0
52669,63,59,4,4
52670,148,120,28,28
52671,89,85,4,4
52672,152,135,17,17
52673,62,61,1,1
52674,141,110,31,31
52675,48,48,0,0
52676,185,155,30,30
52677,89,79,10,10
52678,87,77,10,10
52679,50,55,-5,5
52680,79,67,12,12
52681,124,121,3,3
52682,109,95,14,14
52683,54,54,0,0
52684,90,81,9,9
52685,85,78,7,7
52686,35,89,-54,54
52687,86,77,9,9
52688,47,49,-2,2
52689,103,85,18,18
52690,105,96,9,9
52691,47,54,-7,7
52692,44,45,-1,1
52693,137,115,22,22
52694,69,70,-1,1
52695,47,45,2,2
52696,63,59,4,4
52697,118,107,11,11
52698,83,81,2,2
52699,80,84,-4,4
52700,119,90,29,29
52701,107,104,3,3
52702,100,102,-2,2
52703,96,91,5,5
52704,90,90,0,0
52705,136,118,18,18
52706,142,133,9,9
52707,82,76,6,6
52708,64,50,14,14
52709,89,83,6,6
52710,49,51,-2,2
52711,138,112,26,26
52712,74,61,13,13
52713,55,63,-8,8
52714,147,115,32,32
52715,87,84,3,3
52716,67,74,-7,7
52717,90,75,15,15
52718,72,81,-9,9
52719,110,97,13,13
52720,166,149,17,17
52721,128,96,32,32
52722,70,72,-2,2
52723,95,89,6,6
52724,58,48,10,10
52725,95,87,8,8
52726,78,75,3,3
52727,99,95,4,4
52728,79,68,11,11
52729,96,79,17,17
52730,87,77,10,10
52731,57,59,-2,2
52732,67,61,6,6
52733,84,84,0,0
52734,73,71,2,2
52735,77,71,6,6
52736,65,60,5,5
52737,34,43,-9,9
52738,103,91,12,12
52739,117,110,7,7
52740,73,62,11,11
52741,121,103,18,18
52742,67,66,1,1
52743,118,91,27,27
52744,145,129,16,16
52745,83,76,7,7
52746,105,93,12,12
52747,81,65,16,16
52748,92,86,6,6
52749,44,42,2,2
52750,104,94,10,10
52751,45,42,3,3
52752,96,84,12,12
52753,115,107,8,8
52754,91,88,3,3
52755,64,69,-5,5
52756,63,57,6,6
52757,83,78,5,5
52758,126,115,11,11
52759,57,59,-2,2
52760,209,170,39,39
52761,153,122,31,31
52762,57,57,0,0
52763,70,63,7,7
52764,118,113,5,5
52765,110,102,8,8
52766,63,53,10,10
52767,117,101,16,16
52768,151,116,35,35
52769,135,131,4,4
52770,75,67,8,8
52771,121,103,18,18
52772,142,133,9,9
52773,107,92,15,15
52774,87,81,6,6
52775,83,79,4,4
52776,54,45,9,9
52777,120,106,14,14
52778,75,73,2,2
52779,116,105,11,11
52780,80,74,6,6
52781,132,125,7,7
52782,61,62,-1,1
52783,70,72,-2,2
52784,57,47,10,10
52785,137,119,18,18
52786,112,89,23,23
52787,77,72,5,5
52788,78,72,6,6
52789,94,89,5,5
52790,85,80,5,5
52791,61,56,5,5
52792,80,73,7,7
52793,116,96,20,20
52794,64,75,-11,11
52795,69,67,2,2
52796,124,99,25,25
52797,78,63,15,15
52798,109,103,6,6
52799,90,78,12,12
52800,148,129,19,19
52801,64,63,1,1
52802,59,54,5,5
52803,42,39,3,3
52804,132,116,16,16
52805,132,114,18,18
52806,68,57,11,11
52807,173,159,14,14
52808,73,65,8,8
52809,88,80,8,8
52810,95,82,13,13
52811,56,50,6,6
52812,83,70,13,13
52813,131,122,9,9
52814,65,68,-3,3
52815,77,72,5,5
52816,110,103,7,7
52817,80,100,-20,20
52818,76,66,10,10
52819,73,69,4,4
52820,66,65,1,1
52821,149,121,28,28
52822,55,56,-1,1
52823,60,52,8,8
52824,151,133,18,18
52825,112,107,5,5
52826,67,61,6,6
52827,67,77,-10,10
52828,77,78,-1,1
52829,114,106,8,8
52830,123,119,4,4
52831,83,75,8,8
52832,42,52,-10,10
52833,104,101,3,3
52834,90,83,7,7
52835,107,104,3,3
52836,153,124,29,29
52837,68,63,5,5
52838,41,45,-4,4
52839,82,75,7,7
52840,55,54,1,1
52841,114,94,20,20
52842,92,80,12,12
52843,90,86,4,4
52844,70,66,4,4
52845,75,73,2,2
52846,112,85,27,27
52847,76,74,2,2
52848,107,75,32,32
52849,96,87,9,9
52850,107,92,15,15
52851,46,45,1,1
52852,103,102,1,1
52853,122,106,16,16
52854,117,101,16,16
52855,69,75,-6,6
52856,100,93,7,7
52857,70,58,12,12
52858,96,95,1,1
52859,89,79,10,10
52860,112,102,10,10
52861,93,100,-7,7
52862,104,90,14,14
52863,79,73,6,6
52864,150,120,30,30
52865,145,131,14,14
52866,135,122,13,13
52867,61,58,3,3
52868,75,72,3,3
52869,63,55,8,8
52870,77,74,3,3
52871,115,110,5,5
52872,94,82,12,12
52873,60,56,4,4
52874,99,91,8,8
52875,162,150,12,12
52876,89,85,4,4
52877,84,78,6,6
52878,90,90,0,0
52879,132,112,20,20
52880,106,90,16,16
52881,50,41,9,9
52882,66,56,10,10
52883,153,128,25,25
52884,55,52,3,3
52885,92,80,12,12
52886,113,103,10,10
52887,54,52,2,2
52888,132,112,20,20
52889,116,93,23,23
52890,88,199,-111,111
52891,127,111,16,16
52892,80,77,3,3
52893,125,102,23,23
52894,108,90,18,18
52895,104,94,10,10
52896,62,63,-1,1
52897,76,74,2,2
52898,77,76,1,1
52899,120,104,16,16
52900,71,69,2,2
52901,54,62,-8,8
52902,115,108,7,7
52903,138,127,11,11
52904,95,82,13,13
52905,31,36,-5,5
52906,46,39,7,7
52907,147,117,30,30
52908,129,122,7,7
52909,82,64,18,18
52910,81,76,5,5
52911,62,58,4,4
52912,140,119,21,21
52913,101,91,10,10
52914,120,96,24,24
52915,48,45,3,3
52916,132,114,18,18
52917,164,133,31,31
52918,48,56,-8,8
52919,81,86,-5,5
52920,74,70,4,4
52921,79,83,-4,4
52922,97,89,8,8
52923,81,80,1,1
52924,47,48,-1,1
52925,97,92,5,5
52926,59,62,-3,3
52927,68,59,9,9
52928,67,61,6,6
52929,66,62,4,4
52930,143,113,30,30
52931,88,78,10,10
52932,96,87,9,9
52933,169,126,43,43
52934,106,87,19,19
52935,106,98,8,8
52936,78,73,5,5
52937,107,101,6,6
52938,132,126,6,6
52939,88,71,17,17
52940,68,74,-6,6
52941,104,90,14,14
52942,79,71,8,8
52943,96,83,13,13
52944,159,137,22,22
52945,133,123,10,10
52946,81,77,4,4
52947,67,68,-1,1
52948,86,82,4,4
52949,75,69,6,6
52950,106,99,7,7
52951,55,58,-3,3
52952,167,135,32,32
52953,33,36,-3,3
52954,114,112,2,2
52955,153,121,32,32
52956,76,71,5,5
52957,74,74,0,0
52958,152,138,14,14
52959,176,126,50,50
52960,86,75,11,11
52961,191,155,36,36
52962,116,103,13,13
52963,87,78,9,9
52964,133,116,17,17
52965,131,122,9,9
52966,96,84,12,12
52967,113,105,8,8
52968,52,50,2,2
52969,68,72,-4,4
52970,110,98,12,12
52971,58,54,4,4
52972,104,110,-6,6
52973,93,84,9,9
52974,118,107,11,11
52975,92,86,6,6
52976,77,75,2,2
52977,43,41,2,2
52978,19,34,-15,15
52979,156,122,34,34
52980,145,127,18,18
52981,85,82,3,3
52982,85,68,17,17
52983,121,101,20,20
52984,76,67,9,9
52985,137,127,10,10
52986,76,71,5,5
52987,91,80,11,11
52988,93,80,13,13
52989,133,124,9,9
52990,128,106,22,22
52991,106,97,9,9
52992,77,74,3,3
52993,104,90,14,14
52994,82,74,8,8
52995,77,72,5,5
52996,91,94,-3,3
52997,73,89,-16,16
52998,144,118,26,26
52999,103,90,13,13
53000,97,101,-4,4
53001,238,195,43,43
53002,87,76,11,11
53003,135,114,21,21
53004,63,61,2,2
53005,95,81,14,14
53006,42,41,1,1
53007,69,69,0,0
53008,98,83,15,15
53009,147,132,15,15
53010,108,104,4,4
53011,52,50,2,2
53012,69,62,7,7
53013,92,69,23,23
53014,129,117,12,12
53015,83,78,5,5
53016,108,101,7,7
53017,126,118,8,8
53018,84,74,10,10
53019,86,69,17,17
53020,82,92,-10,10
53021,88,83,5,5
53022,101,80,21,21
53023,130,106,24,24
53024,83,78,5,5
53025,118,114,4,4
53026,106,94,12,12
53027,108,102,6,6
53028,85,64,21,21
53029,133,110,23,23
53030,77,69,8,8
53031,110,93,17,17
53032,71,75,-4,4
53033,72,72,0,0
53034,44,42,2,2
53035,69,60,9,9
53036,106,90,16,16
53037,103,91,12,12
53038,82,70,12,12
53039,119,117,2,2
53040,94,89,5,5
53041,67,63,4,4
53042,81,73,8,8
53043,102,90,12,12
53044,68,60,8,8
53045,154,126,28,28
53046,80,70,10,10
53047,120,101,19,19
53048,59,59,0,0
53049,149,132,17,17
53050,66,67,-1,1
53051,80,62,18,18
53052,61,58,3,3
53053,40,46,-6,6
53054,80,79,1,1
53055,54,50,4,4
53056,90,98,-8,8
53057,107,92,15,15
53058,62,60,2,2
53059,157,146,11,11
53060,113,98,15,15
53061,107,106,1,1
53062,87,67,20,20
53063,90,82,8,8
53064,155,130,25,25
53065,37,46,-9,9
53066,66,65,1,1
53067,92,89,3,3
53068,74,66,8,8
53069,38,37,1,1
53070,83,69,14,14
53071,90,94,-4,4
53072,262,274,-12,12
53073,83,76,7,7
53074,65,58,7,7
53075,84,71,13,13
53076,50,47,3,3
53077,95,94,1,1
53078,80,79,1,1
53079,135,113,22,22
53080,75,67,8,8
53081,79,76,3,3
53082,179,153,26,26
53083,119,105,14,14
53084,89,72,17,17
53085,58,61,-3,3
53086,98,92,6,6
53087,58,56,2,2
53088,62,58,4,4
53089,65,61,4,4
53090,90,81,9,9
53091,134,109,25,25
53092,61,61,0,0
53093,142,123,19,19
53094,71,71,0,0
53095,147,113,34,34
53096,122,110,12,12
53097,151,125,26,26
53098,105,95,10,10
53099,56,55,1,1
53100,124,115,9,9
53101,140,131,9,9
53102,107,94,13,13
53103,103,98,5,5
53104,98,81,17,17
53105,63,52,11,11
53106,51,54,-3,3
53107,81,73,8,8
53108,65,66,-1,1
53109,150,128,22,22
53110,134,118,16,16
53111,46,41,5,5
53112,120,97,23,23
53113,80,78,2,2
53114,93,83,10,10
53115,176,139,37,37
53116,115,110,5,5
53117,128,113,15,15
53118,143,119,24,24
53119,55,52,3,3
53120,85,70,15,15
53121,102,86,16,16
53122,54,50,4,4
53123,151,112,39,39
53124,83,70,13,13
53125,47,45,2,2
53126,80,70,10,10
53127,126,106,20,20
53128,105,100,5,5
53129,103,100,3,3
53130,70,70,0,0
53131,64,59,5,5
53132,116,103,13,13
53133,124,121,3,3
53134,89,78,11,11
53135,73,72,1,1
53136,131,122,9,9
53137,120,101,19,19
53138,102,88,14,14
53139,88,75,13,13
53140,82,76,6,6
53141,88,80,8,8
53142,135,103,32,32
53143,119,102,17,17
53144,67,68,-1,1
53145,55,50,5,5
53146,170,147,23,23
53147,125,123,2,2
53148,132,105,27,27
53149,146,130,16,16
53150,83,74,9,9
53151,85,74,11,11
53152,101,91,10,10
53153,84,79,5,5
53154,135,116,19,19
53155,54,50,4,4
53156,74,59,15,15
53157,72,69,3,3
53158,112,84,28,28
53159,137,124,13,13
53160,82,68,14,14
53161,121,98,23,23
53162,83,77,6,6
53163,112,107,5,5
53164,66,56,10,10
53165,90,78,12,12
53166,111,107,4,4
53167,70,70,0,0
53168,98,95,3,3
53169,101,89,12,12
53170,108,90,18,18
53171,77,71,6,6
53172,94,90,4,4
53173,77,76,1,1
53174,52,60,-8,8
53175,114,104,10,10
53176,79,74,5,5
53177,43,50,-7,7
53178,110,89,21,21
53179,51,46,5,5
53180,81,74,7,7
53181,122,100,22,22
53182,128,118,10,10
53183,92,98,-6,6
53184,111,98,13,13
53185,106,88,18,18
53186,56,55,1,1
53187,137,110,27,27
53188,75,64,11,11
53189,71,64,7,7
53190,67,63,4,4
53191,89,79,10,10
53192,96,88,8,8
53193,106,98,8,8
53194,71,64,7,7
53195,128,105,23,23
53196,63,63,0,0
53197,82,71,11,11
53198,67,63,4,4
53199,80,73,7,7
53200,124,107,17,17
53201,117,101,16,16
53202,115,115,0,0
53203,107,100,7,7
53204,65,62,3,3
53205,119,109,10,10
53206,88,89,-1,1
53207,53,54,-1,1
53208,156,130,26,26
53209,71,66,5,5
53210,89,82,7,7
53211,88,74,14,14
53212,113,100,13,13
53213,43,45,-2,2
53214,106,96,10,10
53215,85,77,8,8
53216,108,114,-6,6
53217,70,57,13,13
53218,163,139,24,24
53219,102,91,11,11
53220,74,68,6,6
53221,60,58,2,2
53222,107,94,13,13
53223,59,70,-11,11
53224,90,70,20,20
53225,134,114,20,20
53226,159,136,23,23
53227,99,81,18,18
53228,75,72,3,3
53229,62,54,8,8
53230,93,84,9,9
53231,101,91,10,10
53232,61,61,0,0
53233,88,71,17,17
53234,99,96,3,3
53235,45,46,-1,1
53236,65,64,1,1
53237,120,99,21,21
53238,85,78,7,7
53239,76,75,1,1
53240,111,95,16,16
53241,75,72,3,3
53242,96,92,4,4
53243,134,109,25,25
53244,62,50,12,12
53245,69,60,9,9
53246,95,87,8,8
53247,93,79,14,14
53248,73,71,2,2
53249,89,72,17,17
53250,59,49,10,10
53251,73,62,11,11
53252,115,105,10,10
53253,86,77,9,9
53254,141,141,0,0
53255,109,115,-6,6
53256,112,91,21,21
53257,74,72,2,2
53258,57,55,2,2
53259,61,60,1,1
53260,104,95,9,9
53261,111,87,24,24
53262,80,74,6,6
53263,107,91,16,16
53264,43,43,0,0
53265,71,72,-1,1
53266,54,52,2,2
53267,74,77,-3,3
53268,77,67,10,10
53269,86,90,-4,4
53270,65,63,2,2
53271,103,84,19,19
53272,67,67,0,0
53273,77,63,14,14
53274,53,56,-3,3
53275,128,101,27,27
53276,75,73,2,2
53277,111,118,-7,7
53278,94,85,9,9
53279,93,82,11,11
53280,131,105,26,26
53281,61,85,-24,24
53282,69,63,6,6
53283,70,55,15,15
53284,50,51,-1,1
53285,69,61,8,8
53286,101,83,18,18
53287,86,73,13,13
53288,98,86,12,12
53289,140,94,46,46
53290,88,80,8,8
53291,51,49,2,2
53292,72,70,2,2
53293,109,101,8,8
53294,67,72,-5,5
53295,114,98,16,16
53296,98,85,13,13
53297,98,96,2,2
53298,107,104,3,3
53299,133,129,4,4
53300,161,143,18,18
53301,161,126,35,35
53302,125,110,15,15
53303,90,82,8,8
53304,112,103,9,9
53305,61,59,2,2
53306,186,158,28,28
53307,102,100,2,2
53308,273,236,37,37
53309,125,115,10,10
53310,124,118,6,6
53311,115,99,16,16
53312,86,78,8,8
53313,67,63,4,4
53314,90,84,6,6
53315,146,124,22,22
53316,64,60,4,4
53317,78,69,9,9
53318,73,65,8,8
53319,132,110,22,22
53320,78,73,5,5
53321,108,104,4,4
53322,72,64,8,8
53323,112,108,4,4
53324,110,99,11,11
53325,157,131,26,26
53326,87,76,11,11
53327,63,57,6,6
53328,47,44,3,3
53329,55,58,-3,3
53330,57,53,4,4
53331,77,74,3,3
53332,73,64,9,9
53333,52,49,3,3
53334,60,70,-10,10
53335,171,162,9,9
53336,153,131,22,22
53337,128,113,15,15
53338,101,89,12,12
53339,58,55,3,3
53340,67,60,7,7
53341,58,60,-2,2
53342,69,63,6,6
53343,198,158,40,40
53344,85,72,13,13
53345,96,77,19,19
53346,68,86,-18,18
53347,80,70,10,10
53348,56,61,-5,5
53349,67,63,4,4
53350,57,55,2,2
53351,39,40,-1,1
53352,81,79,2,2
53353,117,104,13,13
53354,104,96,8,8
53355,105,100,5,5
53356,83,74,9,9
53357,135,123,12,12
53358,76,63,13,13
53359,122,102,20,20
53360,78,72,6,6
53361,37,38,-1,1
53362,134,110,24,24
53363,71,64,7,7
53364,119,105,14,14
53365,23,36,-13,13
53366,145,124,21,21
53367,99,91,8,8
53368,70,72,-2,2
53369,41,56,-15,15
53370,82,82,0,0
53371,102,86,16,16
53372,64,58,6,6
53373,60,57,3,3
53374,157,131,26,26
53375,144,114,30,30
53376,107,97,10,10
53377,108,107,1,1
53378,79,73,6,6
53379,77,80,-3,3
53380,102,89,13,13
53381,62,60,2,2
53382,87,82,5,5
53383,156,129,27,27
53384,59,55,4,4
53385,54,55,-1,1
53386,114,109,5,5
53387,87,92,-5,5
53388,132,118,14,14
53389,135,116,19,19
53390,126,102,24,24
53391,105,100,5,5
53392,95,93,2,2
53393,101,90,11,11
53394,51,55,-4,4
53395,63,67,-4,4
53396,149,130,19,19
53397,72,60,12,12
53398,147,125,22,22
53399,67,61,6,6
53400,106,101,5,5
53401,98,94,4,4
53402,100,85,15,15
53403,93,97,-4,4
53404,69,68,1,1
53405,116,119,-3,3
53406,88,77,11,11
53407,114,122,-8,8
53408,53,52,1,1
53409,55,51,4,4
53410,86,87,-1,1
53411,110,92,18,18
53412,82,74,8,8
53413,87,74,13,13
53414,60,54,6,6
53415,59,55,4,4
53416,72,59,13,13
53417,99,81,18,18
53418,111,87,24,24
53419,105,98,7,7
53420,110,94,16,16
53421,56,52,4,4
53422,126,120,6,6
53423,75,75,0,0
53424,56,51,5,5
53425,119,124,-5,5
53426,98,89,9,9
53427,171,149,22,22
53428,169,130,39,39
53429,126,114,12,12
53430,194,152,42,42
53431,112,94,18,18
53432,73,66,7,7
53433,106,97,9,9
53434,101,80,21,21
53435,119,101,18,18
53436,96,78,18,18
53437,58,54,4,4
53438,89,85,4,4
53439,78,70,8,8
53440,85,82,3,3
53441,87,81,6,6
53442,70,68,2,2
53443,50,51,-1,1
53444,51,50,1,1
53445,91,78,13,13
53446,79,75,4,4
53447,98,88,10,10
53448,117,116,1,1
53449,94,93,1,1
53450,141,120,21,21
53451,133,123,10,10
53452,48,50,-2,2
53453,121,110,11,11
53454,90,84,6,6
53455,50,59,-9,9
53456,69,71,-2,2
53457,90,95,-5,5
53458,83,76,7,7
53459,89,93,-4,4
53460,84,74,10,10
53461,72,64,8,8
53462,65,63,2,2
53463,93,83,10,10
53464,70,63,7,7
53465,68,65,3,3
53466,128,126,2,2
53467,102,78,24,24
53468,111,100,11,11
53469,54,51,3,3
53470,94,94,0,0
53471,102,88,14,14
53472,104,90,14,14
53473,90,83,7,7
53474,96,90,6,6
53475,119,122,-3,3
53476,80,75,5,5
53477,77,71,6,6
53478,228,216,12,12
53479,134,104,30,30
53480,140,137,3,3
53481,47,45,2,2
53482,113,99,14,14
53483,58,54,4,4
53484,34,36,-2,2
53485,46,40,6,6
53486,68,58,10,10
53487,68,66,2,2
53488,43,45,-2,2
53489,74,75,-1,1
53490,88,84,4,4
53491,130,126,4,4
53492,112,86,26,26
53493,91,80,11,11
53494,70,66,4,4
53495,137,118,19,19
53496,67,55,12,12
53497,90,75,15,15
53498,137,111,26,26
53499,83,83,0,0
53500,105,103,2,2
53501,78,77,1,1
53502,93,72,21,21
53503,88,75,13,13
53504,65,58,7,7
53505,105,89,16,16
53506,131,123,8,8
53507,52,47,5,5
53508,48,49,-1,1
53509,127,117,10,10
53510,70,77,-7,7
53511,62,54,8,8
53512,119,109,10,10
53513,75,72,3,3
53514,90,75,15,15
53515,60,64,-4,4
53516,133,111,22,22
53517,86,74,12,12
53518,77,76,1,1
53519,81,76,5,5
53520,98,89,9,9
53521,101,94,7,7
53522,70,67,3,3
53523,86,71,15,15
53524,111,104,7,7
53525,99,85,14,14
53526,62,59,3,3
53527,111,100,11,11
53528,57,54,3,3
53529,93,84,9,9
53530,77,74,3,3
53531,122,107,15,15
53532,96,92,4,4
53533,52,51,1,1
53534,66,55,11,11
53535,102,88,14,14
53536,79,83,-4,4
53537,83,88,-5,5
53538,90,82,8,8
53539,117,101,16,16
53540,87,81,6,6
53541,127,105,22,22
53542,50,53,-3,3
53543,62,60,2,2
53544,63,67,-4,4
53545,80,69,11,11
53546,111,119,-8,8
53547,53,39,14,14
53548,105,94,11,11
53549,97,81,16,16
53550,48,44,4,4
53551,66,63,3,3
53552,113,103,10,10
53553,142,123,19,19
53554,42,40,2,2
53555,55,50,5,5
53556,111,90,21,21
53557,89,78,11,11
53558,76,81,-5,5
53559,126,105,21,21
53560,103,92,11,11
53561,53,53,0,0
53562,90,80,10,10
53563,66,54,12,12
53564,60,62,-2,2
53565,49,54,-5,5
53566,230,178,52,52
53567,64,53,11,11
53568,104,95,9,9
53569,82,78,4,4
53570,157,142,15,15
53571,53,51,2,2
53572,93,89,4,4
53573,76,67,9,9
53574,61,62,-1,1
53575,100,84,16,16
53576,52,55,-3,3
53577,69,62,7,7
53578,117,104,13,13
53579,124,108,16,16
53580,100,95,5,5
53581,149,114,35,35
53582,99,91,8,8
53583,120,97,23,23
53584,79,77,2,2
53585,177,153,24,24
53586,62,59,3,3
53587,99,85,14,14
53588,157,132,25,25
53589,117,109,8,8
53590,98,85,13,13
53591,68,60,8,8
53592,85,74,11,11
53593,91,91,0,0
53594,106,88,18,18
53595,129,113,16,16
53596,134,110,24,24
53597,85,77,8,8
53598,122,112,10,10
53599,89,80,9,9
53600,46,49,-3,3
53601,91,86,5,5
53602,136,121,15,15
53603,52,47,5,5
53604,98,94,4,4
53605,98,81,17,17
53606,129,112,17,17
53607,49,46,3,3
53608,75,67,8,8
53609,70,69,1,1
53610,102,87,15,15
53611,114,101,13,13
53612,31,40,-9,9
53613,120,103,17,17
53614,108,95,13,13
53615,84,82,2,2
53616,61,60,1,1
53617,150,134,16,16
53618,52,76,-24,24
53619,44,44,0,0
53620,71,72,-1,1
53621,62,61,1,1
53622,74,72,2,2
53623,100,90,10,10
53624,83,81,2,2
53625,82,79,3,3
53626,149,118,31,31
53627,113,108,5,5
53628,99,82,17,17
53629,94,87,7,7
53630,77,75,2,2
53631,116,117,-1,1
53632,154,138,16,16
53633,84,78,6,6
53634,116,98,18,18
53635,169,144,25,25
53636,126,109,17,17
53637,31,34,-3,3
53638,84,77,7,7
53639,81,69,12,12
53640,109,94,15,15
53641,96,89,7,7
53642,78,71,7,7
53643,100,90,10,10
53644,101,88,13,13
53645,63,64,-1,1
53646,118,105,13,13
53647,119,102,17,17
53648,70,61,9,9
53649,82,69,13,13
53650,57,51,6,6
53651,89,85,4,4
53652,124,104,20,20
53653,67,65,2,2
53654,87,72,15,15
53655,115,98,17,17
53656,76,66,10,10
53657,63,60,3,3
53658,105,91,14,14
53659,77,68,9,9
53660,124,115,9,9
53661,84,72,12,12
53662,52,45,7,7
53663,55,51,4,4
53664,120,101,19,19
53665,206,157,49,49
53666,67,67,0,0
53667,93,87,6,6
53668,67,63,4,4
53669,71,60,11,11
53670,87,71,16,16
53671,72,62,10,10
53672,108,96,12,12
53673,116,101,15,15
53674,62,54,8,8
53675,61,63,-2,2
53676,57,56,1,1
53677,100,86,14,14
53678,78,64,14,14
53679,93,87,6,6
53680,102,93,9,9
53681,187,165,22,22
53682,88,72,16,16
53683,100,93,7,7
53684,169,148,21,21
53685,160,150,10,10
53686,142,121,21,21
53687,146,132,14,14
53688,81,78,3,3
53689,41,40,1,1
53690,111,89,22,22
53691,124,104,20,20
53692,114,107,7,7
53693,133,126,7,7
53694,88,73,15,15
53695,90,78,12,12
53696,76,70,6,6
53697,83,85,-2,2
53698,130,114,16,16
53699,48,56,-8,8
53700,85,90,-5,5
53701,77,69,8,8
53702,130,114,16,16
53703,118,95,23,23
53704,106,93,13,13
53705,67,66,1,1
53706,111,102,9,9
53707,94,80,14,14
53708,69,64,5,5
53709,76,83,-7,7
53710,96,81,15,15
53711,84,72,12,12
53712,144,108,36,36
53713,66,72,-6,6
53714,86,76,10,10
53715,56,58,-2,2
53716,103,101,2,2
53717,154,130,24,24
53718,80,70,10,10
53719,89,80,9,9
53720,63,64,-1,1
53721,90,83,7,7
53722,102,83,19,19
53723,132,119,13,13
53724,103,95,8,8
53725,138,120,18,18
53726,107,93,14,14
53727,84,80,4,4
53728,158,130,28,28
53729,143,127,16,16
53730,83,78,5,5
53731,101,85,16,16
53732,42,49,-7,7
53733,156,130,26,26
53734,96,91,5,5
53735,124,118,6,6
53736,91,82,9,9
53737,139,119,20,20
53738,80,70,10,10
53739,95,83,12,12
53740,95,81,14,14
53741,83,79,4,4
53742,88,84,4,4
53743,120,109,11,11
53744,79,75,4,4
53745,114,98,16,16
53746,54,53,1,1
53747,72,73,-1,1
53748,122,101,21,21
53749,125,113,12,12
53750,100,89,11,11
53751,90,91,-1,1
53752,92,84,8,8
53753,85,75,10,10
53754,115,102,13,13
53755,76,65,11,11
53756,94,96,-2,2
53757,128,105,23,23
53758,49,80,-31,31
53759,134,111,23,23
53760,114,101,13,13
53761,75,69,6,6
53762,71,64,7,7
53763,131,114,17,17
53764,110,96,14,14
53765,113,95,18,18
53766,79,81,-2,2
53767,90,74,16,16
53768,112,89,23,23
53769,92,85,7,7
53770,141,118,23,23
53771,46,47,-1,1
53772,103,92,11,11
53773,124,114,10,10
53774,98,85,13,13
53775,106,84,22,22
53776,95,78,17,17
53777,50,50,0,0
53778,98,84,14,14
53779,127,113,14,14
53780,147,130,17,17
53781,136,115,21,21
53782,68,61,7,7
53783,133,115,18,18
53784,112,101,11,11
53785,73,63,10,10
53786,104,95,9,9
53787,118,103,15,15
53788,84,85,-1,1
53789,66,63,3,3
53790,74,66,8,8
53791,71,58,13,13
53792,122,106,16,16
53793,88,81,7,7
53794,90,86,4,4
53795,44,47,-3,3
53796,68,74,-6,6
53797,72,72,0,0
53798,141,123,18,18
53799,84,97,-13,13
53800,120,103,17,17
53801,46,39,7,7
53802,59,54,5,5
53803,136,116,20,20
53804,47,44,3,3
53805,57,57,0,0
53806,64,73,-9,9
53807,114,89,25,25
53808,75,63,12,12
53809,72,71,1,1
53810,58,50,8,8
53811,70,66,4,4
53812,146,122,24,24
53813,83,90,-7,7
53814,116,118,-2,2
53815,143,128,15,15
53816,118,94,24,24
53817,200,159,41,41
53818,116,93,23,23
53819,124,108,16,16
53820,142,130,12,12
53821,184,143,41,41
53822,137,120,17,17
53823,76,72,4,4
53824,96,86,10,10
53825,52,49,3,3
53826,91,75,16,16
53827,55,53,2,2
53828,95,77,18,18
53829,59,57,2,2
53830,145,133,12,12
53831,84,67,17,17
53832,112,104,8,8
53833,63,68,-5,5
53834,60,60,0,0
53835,134,116,18,18
53836,88,76,12,12
53837,72,68,4,4
53838,107,105,2,2
53839,74,67,7,7
53840,94,75,19,19
53841,84,73,11,11
53842,55,67,-12,12
53843,30,34,-4,4
53844,31,41,-10,10
53845,77,76,1,1
53846,74,68,6,6
53847,99,79,20,20
53848,148,126,22,22
53849,70,71,-1,1
53850,86,73,13,13
53851,124,125,-1,1
53852,144,127,17,17
53853,77,66,11,11
53854,117,99,18,18
53855,78,67,11,11
53856,53,60,-7,7
53857,105,89,16,16
53858,79,62,17,17
53859,127,106,21,21
53860,94,79,15,15
53861,159,142,17,17
53862,90,81,9,9
53863,71,69,2,2
53864,156,130,26,26
53865,140,124,16,16
53866,57,43,14,14
53867,91,83,8,8
53868,61,57,4,4
53869,91,88,3,3
53870,54,54,0,0
53871,78,68,10,10
53872,133,103,30,30
53873,121,101,20,20
53874,151,134,17,17
53875,119,105,14,14
53876,76,98,-22,22
53877,98,84,14,14
53878,97,87,10,10
53879,41,40,1,1
53880,149,147,2,2
53881,119,105,14,14
53882,80,74,6,6
53883,67,59,8,8
53884,70,68,2,2
53885,120,100,20,20
53886,125,112,13,13
53887,76,71,5,5
53888,77,75,2,2
53889,89,83,6,6
53890,63,54,9,9
53891,163,138,25,25
53892,51,45,6,6
53893,68,60,8,8
53894,131,118,13,13
53895,109,98,11,11
53896,61,52,9,9
53897,118,117,1,1
53898,103,91,12,12
53899,137,106,31,31
53900,93,80,13,13
53901,116,89,27,27
53902,61,60,1,1
53903,80,76,4,4
53904,88,80,8,8
53905,121,116,5,5
53906,63,61,2,2
53907,150,135,15,15
53908,130,114,16,16
53909,112,98,14,14
53910,48,49,-1,1
53911,159,140,19,19
53912,75,65,10,10
53913,66,66,0,0
53914,75,69,6,6
53915,70,63,7,7
53916,80,70,10,10
53917,95,86,9,9
53918,57,49,8,8
53919,79,67,12,12
53920,69,60,9,9
53921,60,57,3,3
53922,115,96,19,19
53923,121,89,32,32
53924,71,59,12,12
53925,88,74,14,14
53926,97,88,9,9
53927,56,58,-2,2
53928,107,89,18,18
53929,35,34,1,1
53930,112,101,11,11
53931,74,73,1,1
53932,80,74,6,6
53933,89,94,-5,5
53934,81,81,0,0
53935,142,126,16,16
53936,109,102,7,7
53937,118,96,22,22
53938,93,82,11,11
53939,127,112,15,15
53940,84,77,7,7
53941,135,120,15,15
53942,128,114,14,14
53943,88,74,14,14
53944,77,76,1,1
53945,73,73,0,0
53946,92,77,15,15
53947,163,148,15,15
53948,117,99,18,18
53949,186,158,28,28
53950,118,112,6,6
53951,79,62,17,17
53952,81,75,6,6
53953,114,116,-2,2
53954,83,76,7,7
53955,89,71,18,18
53956,139,126,13,13
53957,85,79,6,6
53958,52,52,0,0
53959,112,93,19,19
53960,79,74,5,5
53961,90,78,12,12
53962,102,92,10,10
53963,86,78,8,8
53964,83,74,9,9
53965,149,124,25,25
53966,50,50,0,0
53967,73,66,7,7
53968,66,59,7,7
53969,106,98,8,8
53970,78,66,12,12
53971,85,79,6,6
53972,97,95,2,2
53973,50,44,6,6
53974,126,123,3,3
53975,83,81,2,2
53976,98,85,13,13
53977,75,67,8,8
53978,93,83,10,10
53979,143,118,25,25
53980,142,111,31,31
53981,55,58,-3,3
53982,68,60,8,8
53983,61,56,5,5
53984,68,63,5,5
53985,119,92,27,27
53986,85,75,10,10
53987,56,48,8,8
53988,105,100,5,5
53989,74,67,7,7
53990,61,55,6,6
53991,125,111,14,14
53992,49,46,3,3
53993,117,112,5,5
53994,109,99,10,10
53995,108,111,-3,3
53996,153,144,9,9
53997,59,51,8,8
53998,173,142,31,31
53999,90,81,9,9
54000,102,88,14,14
54001,53,54,-1,1
54002,91,89,2,2
54003,162,117,45,45
54004,129,113,16,16
54005,110,98,12,12
54006,80,67,13,13
54007,94,78,16,16
54008,107,94,13,13
54009,57,58,-1,1
54010,109,100,9,9
54011,73,68,5,5
54012,229,181,48,48
54013,170,152,18,18
54014,70,60,10,10
54015,104,97,7,7
54016,83,73,10,10
54017,101,88,13,13
54018,86,81,5,5
54019,108,98,10,10
54020,96,88,8,8
54021,80,78,2,2
54022,68,64,4,4
54023,91,79,12,12
54024,112,103,9,9
54025,122,104,18,18
54026,132,108,24,24
54027,96,88,8,8
54028,81,80,1,1
54029,80,85,-5,5
54030,101,87,14,14
54031,117,103,14,14
54032,100,90,10,10
54033,83,89,-6,6
54034,93,84,9,9
54035,103,95,8,8
54036,48,55,-7,7
54037,110,95,15,15
54038,128,108,20,20
54039,37,35,2,2
54040,110,109,1,1
54041,94,83,11,11
54042,127,126,1,1
54043,70,62,8,8
54044,112,97,15,15
54045,189,164,25,25
54046,95,93,2,2
54047,123,114,9,9
54048,152,132,20,20
54049,85,76,9,9
54050,60,61,-1,1
54051,74,63,11,11
54052,89,82,7,7
54053,97,87,10,10
54054,159,131,28,28
54055,90,84,6,6
54056,76,70,6,6
54057,83,86,-3,3
54058,71,75,-4,4
54059,105,84,21,21
54060,102,92,10,10
54061,161,132,29,29
54062,123,100,23,23
54063,85,77,8,8
54064,41,41,0,0
54065,165,138,27,27
54066,60,87,-27,27
54067,123,113,10,10
54068,59,51,8,8
54069,51,46,5,5
54070,160,141,19,19
54071,134,130,4,4
54072,87,85,2,2
54073,91,82,9,9
54074,52,52,0,0
54075,111,96,15,15
54076,139,132,7,7
54077,65,65,0,0
54078,96,85,11,11
54079,92,79,13,13
54080,77,79,-2,2
54081,106,102,4,4
54082,194,166,28,28
54083,127,111,16,16
54084,121,95,26,26
54085,140,135,5,5
54086,129,115,14,14
54087,59,60,-1,1
54088,82,81,1,1
54089,59,59,0,0
54090,98,86,12,12
54091,214,166,48,48
54092,107,97,10,10
54093,122,112,10,10
54094,75,66,9,9
54095,52,46,6,6
54096,129,108,21,21
54097,59,54,5,5
54098,64,59,5,5
54099,144,120,24,24
54100,99,89,10,10
54101,156,131,25,25
54102,173,148,25,25
54103,82,74,8,8
54104,145,117,28,28
54105,105,89,16,16
54106,102,101,1,1
54107,69,63,6,6
54108,51,50,1,1
54109,44,44,0,0
54110,30,37,-7,7
54111,118,96,22,22
54112,85,73,12,12
54113,70,65,5,5
54114,61,67,-6,6
54115,69,60,9,9
54116,81,74,7,7
54117,68,59,9,9
54118,149,127,22,22
54119,47,58,-11,11
54120,53,56,-3,3
54121,143,125,18,18
54122,91,90,1,1
54123,93,86,7,7
54124,45,46,-1,1
54125,122,107,15,15
54126,112,96,16,16
54127,165,132,33,33
54128,57,58,-1,1
54129,101,92,9,9
54130,54,51,3,3
54131,55,51,4,4
54132,74,64,10,10
54133,95,83,12,12
54134,58,83,-25,25
54135,114,113,1,1
54136,73,84,-11,11
54137,81,70,11,11
54138,63,56,7,7
54139,139,135,4,4
54140,96,85,11,11
54141,111,99,12,12
54142,157,128,29,29
54143,167,145,22,22
54144,166,128,38,38
54145,115,108,7,7
54146,80,70,10,10
54147,166,129,37,37
54148,89,79,10,10
54149,69,60,9,9
54150,34,40,-6,6
54151,92,82,10,10
54152,81,81,0,0
54153,131,119,12,12
54154,65,63,2,2
54155,107,97,10,10
54156,61,61,0,0
54157,77,77,0,0
54158,92,87,5,5
54159,175,160,15,15
54160,154,138,16,16
54161,101,93,8,8
54162,96,83,13,13
54163,82,74,8,8
54164,72,64,8,8
54165,60,58,2,2
54166,137,113,24,24
54167,44,46,-2,2
54168,77,66,11,11
54169,111,98,13,13
54170,41,49,-8,8
54171,119,99,20,20
54172,83,78,5,5
54173,108,90,18,18
54174,128,102,26,26
54175,76,81,-5,5
54176,41,46,-5,5
54177,79,73,6,6
54178,175,149,26,26
54179,115,96,19,19
54180,87,85,2,2
54181,136,110,26,26
54182,76,68,8,8
54183,107,105,2,2
54184,86,85,1,1
54185,118,98,20,20
54186,98,85,13,13
54187,73,64,9,9
54188,176,145,31,31
54189,110,90,20,20
54190,73,64,9,9
54191,73,69,4,4
54192,109,105,4,4
54193,96,92,4,4
54194,128,108,20,20
54195,65,58,7,7
54196,81,79,2,2
54197,76,70,6,6
54198,81,82,-1,1
54199,55,48,7,7
54200,93,83,10,10
54201,138,129,9,9
54202,127,108,19,19
54203,110,81,29,29
54204,97,84,13,13
54205,106,103,3,3
54206,70,67,3,3
54207,84,90,-6,6
54208,103,91,12,12
54209,109,89,20,20
54210,82,71,11,11
54211,82,77,5,5
54212,75,67,8,8
54213,96,84,12,12
54214,74,69,5,5
54215,50,47,3,3
54216,80,68,12,12
54217,129,124,5,5
54218,127,117,10,10
54219,101,100,1,1
54220,94,83,11,11
54221,80,75,5,5
54222,51,47,4,4
54223,98,89,9,9
54224,93,88,5,5
54225,138,121,17,17
54226,127,105,22,22
54227,115,99,16,16
54228,57,56,1,1
54229,62,59,3,3
54230,125,115,10,10
54231,74,75,-1,1
54232,104,87,17,17
54233,112,102,10,10
54234,101,87,14,14
54235,81,66,15,15
54236,58,57,1,1
54237,98,80,18,18
54238,60,54,6,6
54239,60,59,1,1
54240,119,99,20,20
54241,92,84,8,8
54242,79,79,0,0
54243,72,66,6,6
54244,59,59,0,0
54245,53,52,1,1
54246,133,113,20,20
54247,81,85,-4,4
54248,167,137,30,30
54249,110,95,15,15
54250,62,58,4,4
54251,77,68,9,9
54252,81,84,-3,3
54253,108,82,26,26
54254,107,90,17,17
54255,56,51,5,5
54256,74,66,8,8
54257,55,66,-11,11
54258,41,39,2,2
54259,95,81,14,14
54260,80,78,2,2
54261,107,95,12,12
54262,89,82,7,7
54263,69,61,8,8
54264,89,76,13,13
54265,125,103,22,22
54266,139,129,10,10
54267,63,61,2,2
54268,79,77,2,2
54269,111,105,6,6
54270,80,75,5,5
54271,89,88,1,1
54272,65,56,9,9
54273,139,117,22,22
54274,105,92,13,13
54275,59,53,6,6
54276,108,89,19,19
54277,71,68,3,3
54278,57,61,-4,4
54279,65,59,6,6
54280,66,58,8,8
54281,171,153,18,18
54282,69,82,-13,13
54283,137,111,26,26
54284,62,62,0,0
54285,92,84,8,8
54286,87,73,14,14
54287,131,112,19,19
54288,160,149,11,11
54289,78,77,1,1
54290,82,82,0,0
54291,152,156,-4,4
54292,34,34,0,0
54293,80,83,-3,3
54294,201,169,32,32
54295,89,80,9,9
54296,88,85,3,3
54297,137,119,18,18
54298,58,56,2,2
54299,87,92,-5,5
54300,106,98,8,8
54301,67,63,4,4
54302,57,49,8,8
54303,83,70,13,13
54304,105,86,19,19
54305,187,146,41,41
54306,92,83,9,9
54307,43,42,1,1
54308,130,119,11,11
54309,103,87,16,16
54310,79,75,4,4
54311,176,153,23,23
54312,120,99,21,21
54313,75,69,6,6
54314,75,65,10,10
54315,77,65,12,12
54316,87,77,10,10
54317,49,56,-7,7
54318,164,127,37,37
54319,142,118,24,24
54320,136,119,17,17
54321,51,50,1,1
54322,79,73,6,6
54323,173,149,24,24
54324,118,106,12,12
54325,75,68,7,7
54326,87,84,3,3
54327,66,60,6,6
54328,67,63,4,4
54329,124,105,19,19
54330,62,61,1,1
54331,88,85,3,3
54332,87,77,10,10
54333,125,116,9,9
54334,107,79,28,28
54335,65,55,10,10
54336,50,52,-2,2
54337,80,67,13,13
54338,166,144,22,22
54339,142,120,22,22
54340,171,147,24,24
54341,57,52,5,5
54342,87,81,6,6
54343,106,88,18,18
54344,95,93,2,2
54345,108,90,18,18
54346,105,87,18,18
54347,112,98,14,14
54348,101,82,19,19
54349,89,79,10,10
54350,49,50,-1,1
54351,84,75,9,9
54352,101,94,7,7
54353,66,60,6,6
54354,83,74,9,9
54355,58,55,3,3
54356,85,82,3,3
54357,91,103,-12,12
54358,53,61,-8,8
54359,94,87,7,7
54360,97,76,21,21
54361,76,68,8,8
54362,45,54,-9,9
54363,49,46,3,3
54364,150,130,20,20
54365,104,89,15,15
54366,111,105,6,6
54367,68,58,10,10
54368,93,87,6,6
54369,100,91,9,9
54370,107,96,11,11
54371,121,108,13,13
54372,60,63,-3,3
54373,134,121,13,13
54374,127,112,15,15
54375,76,72,4,4
54376,122,99,23,23
54377,71,58,13,13
54378,73,73,0,0
54379,74,65,9,9
54380,133,118,15,15
54381,78,65,13,13
54382,60,68,-8,8
54383,112,116,-4,4
54384,87,83,4,4
54385,105,87,18,18
54386,62,61,1,1
54387,76,67,9,9
54388,124,104,20,20
54389,108,104,4,4
54390,63,57,6,6
54391,192,161,31,31
54392,63,71,-8,8
54393,94,86,8,8
54394,76,86,-10,10
54395,153,133,20,20
54396,145,123,22,22
54397,118,113,5,5
54398,144,133,11,11
54399,80,80,0,0
54400,81,72,9,9
54401,167,133,34,34
54402,112,82,30,30
54403,87,86,1,1
54404,114,80,34,34
54405,96,89,7,7
54406,72,66,6,6
54407,148,133,15,15
54408,105,97,8,8
54409,138,129,9,9
54410,80,74,6,6
54411,79,77,2,2
54412,92,78,14,14
54413,104,97,7,7
54414,60,66,-6,6
54415,179,148,31,31
54416,86,76,10,10
54417,32,47,-15,15
54418,134,99,35,35
54419,71,65,6,6
54420,93,85,8,8
54421,112,100,12,12
54422,117,103,14,14
54423,112,99,13,13
54424,83,79,4,4
54425,111,103,8,8
54426,143,128,15,15
54427,84,80,4,4
54428,58,59,-1,1
54429,78,73,5,5
54430,116,95,21,21
54431,120,99,21,21
54432,102,84,18,18
54433,155,88,67,67
54434,106,97,9,9
54435,79,67,12,12
54436,111,105,6,6
54437,72,66,6,6
54438,59,55,4,4
54439,139,129,10,10
54440,119,101,18,18
54441,100,86,14,14
54442,59,66,-7,7
54443,67,68,-1,1
54444,149,143,6,6
54445,74,67,7,7
54446,96,89,7,7
54447,196,173,23,23
54448,144,126,18,18
54449,101,88,13,13
54450,80,86,-6,6
54451,76,78,-2,2
54452,96,90,6,6
54453,112,96,16,16
54454,73,85,-12,12
54455,126,115,11,11
54456,92,82,10,10
54457,125,118,7,7
54458,64,62,2,2
54459,146,128,18,18
54460,77,87,-10,10
54461,148,130,18,18
54462,126,111,15,15
54463,95,90,5,5
54464,58,51,7,7
54465,146,122,24,24
54466,148,119,29,29
54467,104,97,7,7
54468,129,107,22,22
54469,60,49,11,11
54470,83,74,9,9
54471,67,53,14,14
54472,132,110,22,22
54473,82,84,-2,2
54474,34,48,-14,14
54475,76,74,2,2
54476,116,109,7,7
54477,119,112,7,7
54478,96,90,6,6
54479,138,115,23,23
54480,80,72,8,8
54481,109,102,7,7
54482,103,89,14,14
54483,57,57,0,0
54484,41,37,4,4
54485,121,107,14,14
54486,87,74,13,13
54487,125,109,16,16
54488,82,83,-1,1
54489,36,38,-2,2
54490,63,57,6,6
54491,112,99,13,13
54492,90,76,14,14
54493,110,107,3,3
54494,184,154,30,30
54495,97,90,7,7
54496,64,65,-1,1
54497,115,94,21,21
54498,85,75,10,10
54499,60,59,1,1
54500,68,71,-3,3
54501,118,103,15,15
54502,56,65,-9,9
54503,49,60,-11,11
54504,92,88,4,4
54505,62,58,4,4
54506,131,115,16,16
54507,125,110,15,15
54508,146,132,14,14
54509,78,73,5,5
54510,69,62,7,7
54511,76,66,10,10
54512,66,62,4,4
54513,71,68,3,3
54514,97,93,4,4
54515,264,207,57,57
54516,38,43,-5,5
54517,134,128,6,6
54518,70,62,8,8
54519,67,63,4,4
54520,128,111,17,17
54521,138,96,42,42
54522,101,106,-5,5
54523,76,70,6,6
54524,42,45,-3,3
54525,138,110,28,28
54526,126,103,23,23
54527,80,71,9,9
54528,61,57,4,4
54529,105,87,18,18
54530,113,100,13,13
54531,96,89,7,7
54532,97,89,8,8
54533,74,79,-5,5
54534,129,117,12,12
54535,83,69,14,14
54536,87,74,13,13
54537,72,64,8,8
54538,120,100,20,20
54539,95,103,-8,8
54540,62,60,2,2
54541,54,54,0,0
54542,80,78,2,2
54543,109,90,19,19
54544,90,76,14,14
54545,30,33,-3,3
54546,103,91,12,12
54547,91,93,-2,2
54548,92,77,15,15
54549,79,79,0,0
54550,120,106,14,14
54551,131,114,17,17
54552,91,84,7,7
54553,64,60,4,4
54554,106,95,11,11
54555,81,76,5,5
54556,86,75,11,11
54557,190,173,17,17
54558,80,71,9,9
54559,108,104,4,4
54560,136,126,10,10
54561,84,76,8,8
54562,122,108,14,14
54563,80,68,12,12
54564,80,69,11,11
54565,143,124,19,19
54566,31,39,-8,8
54567,96,85,11,11
54568,74,60,14,14
54569,130,111,19,19
54570,99,85,14,14
54571,90,87,3,3
54572,89,75,14,14
54573,122,97,25,25
54574,116,103,13,13
54575,111,104,7,7
54576,129,109,20,20
54577,97,91,6,6
54578,122,94,28,28
54579,94,106,-12,12
54580,78,76,2,2
54581,101,89,12,12
54582,77,76,1,1
54583,99,101,-2,2
54584,91,99,-8,8
54585,74,68,6,6
54586,120,101,19,19
54587,109,90,19,19
54588,54,54,0,0
54589,105,86,19,19
54590,140,132,8,8
54591,175,146,29,29
54592,103,83,20,20
54593,80,76,4,4
54594,71,71,0,0
54595,101,87,14,14
54596,91,84,7,7
54597,75,78,-3,3
54598,51,50,1,1
54599,59,56,3,3
54600,108,94,14,14
54601,198,158,40,40
54602,48,43,5,5
54603,117,104,13,13
54604,44,43,1,1
54605,105,96,9,9
54606,78,75,3,3
54607,92,93,-1,1
54608,89,78,11,11
54609,68,61,7,7
54610,50,53,-3,3
54611,83,71,12,12
54612,71,64,7,7
54613,96,105,-9,9
54614,146,124,22,22
54615,134,97,37,37
54616,73,89,-16,16
54617,84,99,-15,15
54618,86,82,4,4
54619,152,127,25,25
54620,59,55,4,4
54621,183,154,29,29
54622,50,52,-2,2
54623,83,75,8,8
54624,103,87,16,16
54625,63,57,6,6
54626,58,56,2,2
54627,79,68,11,11
54628,65,81,-16,16
54629,50,54,-4,4
54630,89,73,16,16
54631,132,108,24,24
54632,91,89,2,2
54633,79,75,4,4
54634,89,73,16,16
54635,117,110,7,7
54636,89,76,13,13
54637,109,104,5,5
54638,124,108,16,16
54639,97,86,11,11
54640,131,118,13,13
54641,86,78,8,8
54642,77,72,5,5
54643,96,89,7,7
54644,94,84,10,10
54645,74,65,9,9
54646,129,112,17,17
54647,104,91,13,13
54648,113,109,4,4
54649,99,91,8,8
54650,63,48,15,15
54651,95,87,8,8
54652,68,72,-4,4
54653,194,144,50,50
54654,99,98,1,1
54655,123,122,1,1
54656,119,104,15,15
54657,108,89,19,19
54658,66,76,-10,10
54659,60,58,2,2
54660,58,60,-2,2
54661,183,152,31,31
54662,190,168,22,22
54663,165,132,33,33
54664,80,80,0,0
54665,166,143,23,23
54666,123,115,8,8
54667,131,119,12,12
54668,62,64,-2,2
54669,83,66,17,17
54670,125,103,22,22
54671,103,99,4,4
54672,101,96,5,5
54673,95,83,12,12
54674,59,59,0,0
54675,107,90,17,17
54676,79,63,16,16
54677,87,73,14,14
54678,84,79,5,5
54679,67,64,3,3
54680,75,66,9,9
54681,85,74,11,11
54682,89,74,15,15
54683,105,105,0,0
54684,71,66,5,5
54685,150,120,30,30
54686,59,57,2,2
54687,86,77,9,9
54688,85,78,7,7
54689,110,101,9,9
54690,76,65,11,11
54691,100,90,10,10
54692,109,89,20,20
54693,110,100,10,10
54694,97,98,-1,1
54695,109,100,9,9
54696,188,157,31,31
54697,52,52,0,0
54698,56,57,-1,1
54699,87,79,8,8
54700,72,66,6,6
54701,171,146,25,25
54702,109,95,14,14
54703,86,81,5,5
54704,140,121,19,19
54705,113,98,15,15
54706,89,81,8,8
54707,102,89,13,13
54708,82,72,10,10
54709,87,77,10,10
54710,85,80,5,5
54711,150,125,25,25
54712,151,120,31,31
54713,65,68,-3,3
54714,150,131,19,19
54715,102,92,10,10
54716,88,78,10,10
54717,108,99,9,9
54718,38,45,-7,7
54719,123,109,14,14
54720,92,73,19,19
54721,120,102,18,18
54722,108,90,18,18
54723,72,61,11,11
54724,62,54,8,8
54725,105,96,9,9
54726,71,77,-6,6
54727,99,83,16,16
54728,88,80,8,8
54729,79,80,-1,1
54730,86,79,7,7
54731,116,93,23,23
54732,74,74,0,0
54733,93,89,4,4
54734,198,163,35,35
54735,96,85,11,11
54736,78,69,9,9
54737,57,52,5,5
54738,45,47,-2,2
54739,140,125,15,15
54740,76,68,8,8
54741,88,84,4,4
54742,127,116,11,11
54743,50,54,-4,4
54744,101,96,5,5
54745,71,73,-2,2
54746,141,115,26,26
54747,110,107,3,3
54748,144,120,24,24
54749,114,110,4,4
54750,66,58,8,8
54751,90,90,0,0
54752,83,72,11,11
54753,143,114,29,29
54754,81,70,11,11
54755,41,40,1,1
54756,165,143,22,22
54757,92,90,2,2
54758,43,63,-20,20
54759,84,69,15,15
54760,58,65,-7,7
54761,74,63,11,11
54762,102,76,26,26
54763,62,67,-5,5
54764,115,97,18,18
54765,93,91,2,2
54766,155,127,28,28
54767,173,158,15,15
54768,145,124,21,21
54769,75,69,6,6
54770,116,96,20,20
54771,114,107,7,7
54772,115,107,8,8
54773,123,107,16,16
54774,86,91,-5,5
54775,95,82,13,13
54776,59,57,2,2
54777,123,111,12,12
54778,111,104,7,7
54779,109,113,-4,4
54780,92,82,10,10
54781,118,120,-2,2
54782,42,41,1,1
54783,65,63,2,2
54784,74,69,5,5
54785,144,130,14,14
54786,139,118,21,21
54787,71,69,2,2
54788,66,60,6,6
54789,81,77,4,4
54790,103,98,5,5
54791,65,59,6,6
54792,137,134,3,3
54793,86,82,4,4
54794,64,47,17,17
54795,96,87,9,9
54796,76,80,-4,4
54797,56,52,4,4
54798,59,57,2,2
54799,70,65,5,5
54800,79,70,9,9
54801,92,79,13,13
54802,64,66,-2,2
54803,141,129,12,12
54804,111,101,10,10
54805,123,98,25,25
54806,55,56,-1,1
54807,58,55,3,3
54808,105,80,25,25
54809,124,99,25,25
54810,76,67,9,9
54811,72,81,-9,9
54812,68,68,0,0
54813,39,42,-3,3
54814,83,70,13,13
54815,90,78,12,12
54816,84,69,15,15
54817,131,106,25,25
54818,100,83,17,17
54819,68,64,4,4
54820,199,161,38,38
54821,111,98,13,13
54822,63,57,6,6
54823,112,98,14,14
54824,58,58,0,0
54825,167,145,22,22
54826,167,139,28,28
54827,204,164,40,40
54828,88,82,6,6
54829,112,107,5,5
54830,109,99,10,10
54831,74,58,16,16
54832,118,108,10,10
54833,114,103,11,11
54834,52,51,1,1
54835,79,71,8,8
54836,63,59,4,4
54837,34,38,-4,4
54838,75,69,6,6
54839,66,61,5,5
54840,165,153,12,12
54841,140,98,42,42
54842,68,64,4,4
54843,119,100,19,19
54844,109,98,11,11
54845,79,72,7,7
54846,96,77,19,19
54847,96,84,12,12
54848,58,53,5,5
54849,99,90,9,9
54850,68,68,0,0
54851,61,56,5,5
54852,89,86,3,3
54853,135,114,21,21
54854,60,59,1,1
54855,92,84,8,8
54856,84,72,12,12
54857,84,81,3,3
54858,94,86,8,8
54859,101,100,1,1
54860,119,104,15,15
54861,139,132,7,7
54862,84,77,7,7
54863,204,147,57,57
54864,97,86,11,11
54865,79,81,-2,2
54866,101,94,7,7
54867,86,77,9,9
54868,84,72,12,12
54869,67,63,4,4
54870,98,89,9,9
54871,79,71,8,8
54872,90,72,18,18
54873,62,59,3,3
54874,65,62,3,3
54875,62,63,-1,1
54876,41,39,2,2
54877,140,114,26,26
54878,167,141,26,26
54879,129,114,15,15
54880,170,169,1,1
54881,76,72,4,4
54882,88,79,9,9
54883,57,52,5,5
54884,55,54,1,1
54885,81,71,10,10
54886,142,121,21,21
54887,118,99,19,19
54888,66,59,7,7
54889,61,64,-3,3
54890,97,90,7,7
54891,88,79,9,9
54892,101,92,9,9
54893,64,60,4,4
54894,116,101,15,15
54895,90,77,13,13
54896,87,85,2,2
54897,98,82,16,16
54898,111,102,9,9
54899,67,58,9,9
54900,51,53,-2,2
54901,123,112,11,11
54902,59,59,0,0
54903,67,61,6,6
54904,48,48,0,0
54905,52,58,-6,6
54906,180,165,15,15
54907,61,60,1,1
54908,162,138,24,24
54909,76,74,2,2
54910,57,53,4,4
54911,90,80,10,10
54912,55,59,-4,4
54913,103,100,3,3
54914,72,74,-2,2
54915,70,58,12,12
54916,154,125,29,29
54917,113,103,10,10
54918,108,96,12,12
54919,50,59,-9,9
54920,45,57,-12,12
54921,71,58,13,13
54922,132,114,18,18
54923,164,140,24,24
54924,100,93,7,7
54925,46,41,5,5
54926,85,73,12,12
54927,88,75,13,13
54928,107,98,9,9
54929,84,74,10,10
54930,48,46,2,2
54931,98,91,7,7
54932,154,134,20,20
54933,115,104,11,11
54934,69,66,3,3
54935,47,49,-2,2
54936,79,66,13,13
54937,74,64,10,10
54938,77,76,1,1
54939,52,52,0,0
54940,146,125,21,21
54941,74,75,-1,1
54942,122,105,17,17
54943,83,95,-12,12
54944,134,99,35,35
54945,113,109,4,4
54946,113,98,15,15
54947,100,104,-4,4
54948,77,69,8,8
54949,91,79,12,12
54950,112,130,-18,18
54951,109,92,17,17
54952,97,84,13,13
54953,156,136,20,20
54954,128,108,20,20
54955,88,84,4,4
54956,68,63,5,5
54957,69,64,5,5
54958,137,121,16,16
54959,68,72,-4,4
54960,65,61,4,4
54961,93,81,12,12
54962,58,54,4,4
54963,55,56,-1,1
54964,121,106,15,15
54965,133,124,9,9
54966,50,49,1,1
54967,228,186,42,42
54968,101,85,16,16
54969,51,50,1,1
54970,89,79,10,10
54971,63,69,-6,6
54972,70,75,-5,5
54973,41,37,4,4
54974,114,100,14,14
54975,65,63,2,2
54976,83,78,5,5
54977,61,56,5,5
54978,68,64,4,4
54979,107,98,9,9
54980,70,130,-60,60
54981,122,97,25,25
54982,44,44,0,0
54983,138,124,14,14
54984,178,156,22,22
54985,94,80,14,14
54986,107,87,20,20
54987,63,59,4,4
54988,84,86,-2,2
54989,124,105,19,19
54990,68,76,-8,8
54991,78,75,3,3
54992,177,152,25,25
54993,49,55,-6,6
54994,60,52,8,8
54995,63,68,-5,5
54996,39,59,-20,20
54997,88,82,6,6
54998,150,131,19,19
54999,105,93,12,12
55000,88,76,12,12
55001,58,45,13,13
55002,47,47,0,0
55003,135,109,26,26
55004,101,86,15,15
55005,61,57,4,4
55006,114,93,21,21
55007,75,68,7,7
55008,88,73,15,15
55009,69,61,8,8
55010,95,81,14,14
55011,120,119,1,1
55012,148,142,6,6
55013,80,74,6,6
55014,54,52,2,2
55015,85,77,8,8
55016,123,91,32,32
55017,101,92,9,9
55018,108,102,6,6
55019,62,61,1,1
55020,68,76,-8,8
55021,55,54,1,1
55022,103,95,8,8
55023,115,98,17,17
55024,94,83,11,11
55025,77,71,6,6
55026,146,119,27,27
55027,62,60,2,2
55028,57,55,2,2
55029,204,169,35,35
55030,52,60,-8,8
55031,111,114,-3,3
55032,67,59,8,8
55033,116,100,16,16
55034,168,149,19,19
55035,47,49,-2,2
55036,75,66,9,9
55037,92,88,4,4
55038,139,129,10,10
55039,130,122,8,8
55040,118,98,20,20
55041,72,69,3,3
55042,90,86,4,4
55043,104,75,29,29
55044,99,96,3,3
55045,98,89,9,9
55046,84,80,4,4
55047,106,82,24,24
55048,69,60,9,9
55049,72,71,1,1
55050,86,77,9,9
55051,122,100,22,22
55052,103,82,21,21
55053,113,105,8,8
55054,70,57,13,13
55055,73,83,-10,10
55056,79,71,8,8
55057,102,85,17,17
55058,79,71,8,8
55059,67,61,6,6
55060,61,56,5,5
55061,78,78,0,0
55062,83,72,11,11
55063,91,78,13,13
55064,49,53,-4,4
55065,64,60,4,4
55066,76,71,5,5
55067,155,134,21,21
55068,90,82,8,8
55069,78,102,-24,24
55070,67,68,-1,1
55071,112,100,12,12
55072,90,82,8,8
55073,98,92,6,6
55074,93,84,9,9
55075,103,96,7,7
55076,64,62,2,2
55077,94,88,6,6
55078,58,57,1,1
55079,76,75,1,1
55080,153,131,22,22
55081,96,79,17,17
55082,151,133,18,18
55083,60,63,-3,3
55084,87,73,14,14
55085,30,40,-10,10
55086,83,72,11,11
55087,107,101,6,6
55088,114,96,18,18
55089,74,68,6,6
55090,99,102,-3,3
55091,120,105,15,15
55092,89,80,9,9
55093,215,186,29,29
55094,53,49,4,4
55095,74,70,4,4
55096,112,95,17,17
55097,76,72,4,4
55098,69,63,6,6
55099,146,121,25,25
55100,92,80,12,12
55101,72,66,6,6
55102,184,160,24,24
55103,50,46,4,4
55104,82,71,11,11
55105,90,76,14,14
55106,152,124,28,28
55107,41,46,-5,5
55108,149,128,21,21
55109,83,74,9,9
55110,45,54,-9,9
55111,225,187,38,38
55112,169,141,28,28
55113,44,48,-4,4
55114,118,110,8,8
55115,108,92,16,16
55116,125,108,17,17
55117,124,109,15,15
55118,65,77,-12,12
55119,164,133,31,31
55120,138,124,14,14
55121,87,78,9,9
55122,51,53,-2,2
55123,98,95,3,3
55124,64,62,2,2
55125,63,63,0,0
55126,101,93,8,8
55127,90,77,13,13
55128,104,86,18,18
55129,140,121,19,19
55130,121,102,19,19
55131,107,95,12,12
55132,85,80,5,5
55133,116,106,10,10
55134,55,59,-4,4
55135,74,75,-1,1
55136,178,131,47,47
55137,134,112,22,22
55138,62,59,3,3
55139,113,99,14,14
55140,75,65,10,10
55141,84,74,10,10
55142,88,73,15,15
55143,68,75,-7,7
55144,46,46,0,0
55145,150,147,3,3
55146,99,80,19,19
55147,108,93,15,15
55148,118,80,38,38
55149,48,53,-5,5
55150,104,82,22,22
55151,73,58,15,15
55152,109,93,16,16
55153,62,60,2,2
55154,91,76,15,15
55155,119,107,12,12
55156,157,137,20,20
55157,117,102,15,15
55158,60,58,2,2
55159,90,80,10,10
55160,102,92,10,10
55161,100,85,15,15
55162,99,88,11,11
55163,108,88,20,20
55164,90,78,12,12
55165,120,106,14,14
55166,97,88,9,9
55167,78,73,5,5
55168,105,94,11,11
55169,160,135,25,25
55170,143,120,23,23
55171,112,105,7,7
55172,152,136,16,16
55173,153,125,28,28
55174,65,57,8,8
55175,66,65,1,1
55176,63,60,3,3
55177,55,74,-19,19
55178,75,68,7,7
55179,91,76,15,15
55180,81,71,10,10
55181,138,114,24,24
55182,120,101,19,19
55183,86,77,9,9
55184,75,67,8,8
55185,15,33,-18,18
55186,71,68,3,3
55187,158,130,28,28
55188,102,80,22,22
55189,58,56,2,2
55190,54,45,9,9
55191,77,80,-3,3
55192,82,70,12,12
55193,69,63,6,6
55194,92,90,2,2
55195,132,121,11,11
55196,109,99,10,10
55197,192,156,36,36
55198,62,57,5,5
55199,41,41,0,0
55200,120,106,14,14
55201,82,75,7,7
55202,116,99,17,17
55203,44,52,-8,8
55204,87,77,10,10
55205,63,66,-3,3
55206,75,73,2,2
55207,106,88,18,18
55208,198,166,32,32
55209,87,72,15,15
55210,45,41,4,4
55211,95,84,11,11
55212,128,110,18,18
55213,72,65,7,7
55214,80,80,0,0
55215,144,137,7,7
55216,83,74,9,9
55217,138,125,13,13
55218,107,88,19,19
55219,42,44,-2,2
55220,105,95,10,10
55221,129,107,22,22
55222,78,71,7,7
55223,157,125,32,32
55224,135,116,19,19
55225,38,35,3,3
55226,174,144,30,30
55227,83,76,7,7
55228,79,68,11,11
55229,172,151,21,21
55230,76,58,18,18
55231,106,81,25,25
55232,102,95,7,7
55233,60,63,-3,3
55234,160,133,27,27
55235,58,54,4,4
55236,66,64,2,2
55237,93,84,9,9
55238,97,82,15,15
55239,99,96,3,3
55240,232,201,31,31
55241,111,93,18,18
55242,57,61,-4,4
55243,92,94,-2,2
55244,70,59,11,11
55245,58,65,-7,7
55246,58,52,6,6
55247,80,76,4,4
55248,119,98,21,21
55249,111,93,18,18
55250,73,69,4,4
55251,72,63,9,9
55252,98,84,14,14
55253,114,109,5,5
55254,115,99,16,16
55255,180,46,134,134
55256,137,131,6,6
55257,106,82,24,24
55258,116,104,12,12
55259,161,137,24,24
55260,53,53,0,0
55261,160,134,26,26
55262,105,97,8,8
55263,85,78,7,7
55264,137,125,12,12
55265,78,73,5,5
55266,152,139,13,13
55267,107,90,17,17
55268,61,59,2,2
55269,113,91,22,22
55270,145,127,18,18
55271,125,104,21,21
55272,63,59,4,4
55273,83,79,4,4
55274,139,111,28,28
55275,79,69,10,10
55276,136,119,17,17
55277,77,72,5,5
55278,101,85,16,16
55279,54,52,2,2
55280,103,92,11,11
55281,84,74,10,10
55282,62,60,2,2
55283,149,136,13,13
55284,52,51,1,1
55285,143,127,16,16
55286,185,160,25,25
55287,121,100,21,21
55288,93,97,-4,4
55289,89,79,10,10
55290,71,65,6,6
55291,96,80,16,16
55292,92,75,17,17
55293,132,113,19,19
55294,110,103,7,7
55295,81,75,6,6
55296,138,117,21,21
55297,121,112,9,9
55298,136,111,25,25
55299,108,104,4,4
55300,102,91,11,11
55301,107,103,4,4
55302,123,108,15,15
55303,78,68,10,10
55304,123,116,7,7
55305,191,153,38,38
55306,83,69,14,14
55307,66,61,5,5
55308,147,123,24,24
55309,75,66,9,9
55310,142,133,9,9
55311,54,53,1,1
55312,79,79,0,0
55313,65,51,14,14
55314,69,65,4,4
55315,92,83,9,9
55316,116,92,24,24
55317,138,103,35,35
55318,60,58,2,2
55319,113,99,14,14
55320,107,96,11,11
55321,71,74,-3,3
55322,87,74,13,13
55323,66,65,1,1
55324,115,104,11,11
55325,88,82,6,6
55326,59,59,0,0
55327,109,92,17,17
55328,101,93,8,8
55329,99,84,15,15
55330,84,77,7,7
55331,79,67,12,12
55332,144,112,32,32
55333,74,73,1,1
55334,67,65,2,2
55335,79,75,4,4
55336,69,64,5,5
55337,64,65,-1,1
55338,74,61,13,13
55339,122,130,-8,8
55340,88,86,2,2
55341,85,91,-6,6
55342,135,133,2,2
55343,150,122,28,28
55344,120,105,15,15
55345,85,76,9,9
55346,87,83,4,4
55347,69,69,0,0
55348,136,111,25,25
55349,139,105,34,34
55350,81,76,5,5
55351,88,82,6,6
55352,117,103,14,14
55353,127,123,4,4
55354,83,78,5,5
55355,53,52,1,1
55356,41,36,5,5
55357,97,89,8,8
55358,169,148,21,21
55359,112,95,17,17
55360,38,40,-2,2
55361,84,77,7,7
55362,67,63,4,4
55363,92,79,13,13
55364,110,97,13,13
55365,88,89,-1,1
55366,78,69,9,9
55367,84,82,2,2
55368,69,65,4,4
55369,99,87,12,12
55370,101,100,1,1
55371,86,80,6,6
55372,102,95,7,7
55373,60,59,1,1
55374,54,54,0,0
55375,111,107,4,4
55376,138,115,23,23
55377,82,67,15,15
55378,96,100,-4,4
55379,62,62,0,0
55380,161,138,23,23
55381,73,71,2,2
55382,92,81,11,11
55383,115,104,11,11
55384,150,127,23,23
55385,78,72,6,6
55386,93,83,10,10
55387,80,71,9,9
55388,88,84,4,4
55389,89,80,9,9
55390,107,93,14,14
55391,76,65,11,11
55392,115,108,7,7
55393,96,88,8,8
55394,119,104,15,15
55395,56,56,0,0
55396,100,101,-1,1
55397,101,84,17,17
55398,89,77,12,12
55399,75,74,1,1
55400,106,92,14,14
55401,68,65,3,3
55402,69,58,11,11
55403,83,72,11,11
55404,85,84,1,1
55405,130,115,15,15
55406,64,57,7,7
55407,44,50,-6,6
55408,83,71,12,12
55409,54,86,-32,32
55410,130,104,26,26
55411,91,85,6,6
55412,59,74,-15,15
55413,109,89,20,20
55414,145,136,9,9
55415,65,56,9,9
55416,50,47,3,3
55417,147,122,25,25
55418,90,87,3,3
55419,143,131,12,12
55420,97,86,11,11
55421,111,98,13,13
55422,63,57,6,6
55423,70,76,-6,6
55424,109,86,23,23
55425,108,106,2,2
55426,149,129,20,20
55427,98,87,11,11
55428,137,119,18,18
55429,45,44,1,1
55430,95,84,11,11
55431,59,67,-8,8
55432,71,63,8,8
55433,117,107,10,10
55434,73,70,3,3
55435,80,73,7,7
55436,168,128,40,40
55437,149,138,11,11
55438,53,50,3,3
55439,65,63,2,2
55440,160,134,26,26
55441,83,75,8,8
55442,88,82,6,6
55443,98,78,20,20
55444,51,52,-1,1
55445,54,58,-4,4
55446,70,71,-1,1
55447,80,76,4,4
55448,169,130,39,39
55449,109,93,16,16
55450,57,57,0,0
55451,119,109,10,10
55452,238,193,45,45
55453,132,117,15,15
55454,78,77,1,1
55455,88,76,12,12
55456,85,78,7,7
55457,27,45,-18,18
55458,62,62,0,0
55459,131,112,19,19
55460,138,115,23,23
55461,43,86,-43,43
55462,58,64,-6,6
55463,76,73,3,3
55464,72,76,-4,4
55465,121,89,32,32
55466,107,93,14,14
55467,81,74,7,7
55468,49,63,-14,14
55469,113,98,15,15
55470,71,61,10,10
55471,44,44,0,0
55472,81,72,9,9
55473,73,61,12,12
55474,85,81,4,4
55475,100,86,14,14
55476,126,107,19,19
55477,96,85,11,11
55478,67,64,3,3
55479,114,110,4,4
55480,97,74,23,23
55481,185,144,41,41
55482,55,53,2,2
55483,177,157,20,20
55484,85,77,8,8
55485,117,104,13,13
55486,157,132,25,25
55487,129,110,19,19
55488,94,91,3,3
55489,87,83,4,4
55490,139,110,29,29
55491,121,109,12,12
55492,65,55,10,10
55493,58,61,-3,3
55494,98,87,11,11
55495,37,37,0,0
55496,63,64,-1,1
55497,193,165,28,28
55498,101,97,4,4
55499,69,77,-8,8
55500,133,117,16,16
55501,121,97,24,24
55502,91,86,5,5
55503,85,79,6,6
55504,67,71,-4,4
55505,117,104,13,13
55506,61,54,7,7
55507,61,57,4,4
55508,97,96,1,1
55509,81,77,4,4
55510,89,85,4,4
55511,58,59,-1,1
55512,80,66,14,14
55513,96,78,18,18
55514,87,83,4,4
55515,69,67,2,2
55516,116,112,4,4
55517,138,129,9,9
55518,65,64,1,1
55519,90,79,11,11
55520,87,80,7,7
55521,102,89,13,13
55522,79,81,-2,2
55523,146,132,14,14
55524,130,111,19,19
55525,127,102,25,25
55526,96,82,14,14
55527,80,71,9,9
55528,132,125,7,7
55529,115,90,25,25
55530,81,85,-4,4
55531,86,79,7,7
55532,105,89,16,16
55533,130,116,14,14
55534,84,74,10,10
55535,52,89,-37,37
55536,72,61,11,11
55537,82,74,8,8
55538,115,100,15,15
55539,100,88,12,12
55540,102,92,10,10
55541,107,98,9,9
55542,116,103,13,13
55543,61,54,7,7
55544,95,89,6,6
55545,78,67,11,11
55546,78,80,-2,2
55547,79,65,14,14
55548,82,78,4,4
55549,71,69,2,2
55550,128,107,21,21
55551,89,86,3,3
55552,115,121,-6,6
55553,83,68,15,15
55554,80,68,12,12
55555,79,89,-10,10
55556,69,78,-9,9
55557,123,105,18,18
55558,67,65,2,2
55559,135,116,19,19
55560,134,140,-6,6
55561,133,114,19,19
55562,52,53,-1,1
55563,175,149,26,26
55564,95,78,17,17
55565,122,108,14,14
55566,74,65,9,9
55567,73,71,2,2
55568,53,51,2,2
55569,69,68,1,1
55570,103,101,2,2
55571,45,45,0,0
55572,107,92,15,15
55573,49,54,-5,5
55574,132,107,25,25
55575,89,80,9,9
55576,62,58,4,4
55577,109,97,12,12
55578,81,75,6,6
55579,72,73,-1,1
55580,52,47,5,5
55581,74,71,3,3
55582,36,41,-5,5
55583,68,65,3,3
55584,73,70,3,3
55585,89,81,8,8
55586,63,58,5,5
55587,69,69,0,0
55588,103,103,0,0
55589,53,53,0,0
55590,103,97,6,6
55591,108,91,17,17
55592,109,141,-32,32
55593,187,166,21,21
55594,69,64,5,5
55595,124,105,19,19
55596,117,107,10,10
55597,94,87,7,7
55598,44,39,5,5
55599,120,104,16,16
55600,140,126,14,14
55601,131,110,21,21
55602,100,98,2,2
55603,147,134,13,13
55604,55,47,8,8
55605,126,118,8,8
55606,84,81,3,3
55607,81,78,3,3
55608,110,83,27,27
55609,68,67,1,1
55610,90,87,3,3
55611,79,73,6,6
55612,108,100,8,8
55613,69,67,2,2
55614,67,56,11,11
55615,151,137,14,14
55616,121,102,19,19
55617,67,68,-1,1
55618,100,83,17,17
55619,105,96,9,9
55620,105,105,0,0
55621,92,89,3,3
55622,107,101,6,6
55623,163,142,21,21
55624,110,99,11,11
55625,115,98,17,17
55626,93,79,14,14
55627,143,126,17,17
55628,105,78,27,27
55629,102,86,16,16
55630,54,49,5,5
55631,117,106,11,11
55632,94,81,13,13
55633,121,96,25,25
55634,51,46,5,5
55635,93,89,4,4
55636,136,124,12,12
55637,75,63,12,12
55638,83,67,16,16
55639,90,80,10,10
55640,110,99,11,11
55641,69,62,7,7
55642,110,97,13,13
55643,78,76,2,2
55644,85,74,11,11
55645,89,81,8,8
55646,86,91,-5,5
55647,106,100,6,6
55648,102,91,11,11
55649,52,52,0,0
55650,207,182,25,25
55651,93,80,13,13
55652,113,106,7,7
55653,97,89,8,8
55654,80,82,-2,2
55655,118,115,3,3
55656,90,85,5,5
55657,88,89,-1,1
55658,96,89,7,7
55659,103,98,5,5
55660,65,63,2,2
55661,48,48,0,0
55662,85,70,15,15
55663,104,90,14,14
55664,54,49,5,5
55665,89,71,18,18
55666,132,117,15,15
55667,83,79,4,4
55668,80,74,6,6
55669,76,72,4,4
55670,67,57,10,10
55671,89,80,9,9
55672,149,131,18,18
55673,106,104,2,2
55674,149,132,17,17
55675,52,53,-1,1
55676,58,60,-2,2
55677,70,70,0,0
55678,78,70,8,8
55679,212,170,42,42
55680,105,92,13,13
55681,101,81,20,20
55682,107,89,18,18
55683,145,128,17,17
55684,77,72,5,5
55685,108,87,21,21
55686,97,88,9,9
55687,90,74,16,16
55688,104,94,10,10
55689,99,87,12,12
55690,94,80,14,14
55691,105,101,4,4
55692,69,68,1,1
55693,81,80,1,1
55694,88,80,8,8
55695,112,107,5,5
55696,93,87,6,6
55697,130,117,13,13
55698,145,114,31,31
55699,130,110,20,20
55700,62,71,-9,9
55701,99,91,8,8
55702,67,61,6,6
55703,129,109,20,20
55704,72,69,3,3
55705,96,85,11,11
55706,76,73,3,3
55707,102,90,12,12
55708,81,74,7,7
55709,157,137,20,20
55710,100,94,6,6
55711,122,105,17,17
55712,65,62,3,3
55713,82,70,12,12
55714,95,83,12,12
55715,133,126,7,7
55716,108,100,8,8
55717,81,75,6,6
55718,91,83,8,8
55719,134,114,20,20
55720,146,126,20,20
55721,93,89,4,4
55722,53,51,2,2
55723,108,91,17,17
55724,93,82,11,11
55725,99,83,16,16
55726,158,132,26,26
55727,66,67,-1,1
55728,66,62,4,4
55729,83,81,2,2
55730,103,91,12,12
55731,54,54,0,0
55732,144,124,20,20
55733,88,87,1,1
55734,105,86,19,19
55735,115,96,19,19
55736,125,108,17,17
55737,67,69,-2,2
55738,193,150,43,43
55739,127,96,31,31
55740,29,38,-9,9
55741,86,80,6,6
55742,121,111,10,10
55743,94,79,15,15
55744,125,104,21,21
55745,174,153,21,21
55746,163,139,24,24
55747,128,102,26,26
55748,155,129,26,26
55749,123,117,6,6
55750,100,89,11,11
55751,80,80,0,0
55752,121,105,16,16
55753,31,34,-3,3
55754,96,80,16,16
55755,80,70,10,10
55756,83,74,9,9
55757,82,75,7,7
55758,97,92,5,5
55759,72,70,2,2
55760,69,68,1,1
55761,86,78,8,8
55762,73,80,-7,7
55763,100,94,6,6
55764,66,64,2,2
55765,83,67,16,16
55766,92,91,1,1
55767,68,61,7,7
55768,118,111,7,7
55769,97,104,-7,7
55770,62,60,2,2
55771,78,68,10,10
55772,48,49,-1,1
55773,98,86,12,12
55774,71,67,4,4
55775,62,62,0,0
55776,45,54,-9,9
55777,122,110,12,12
55778,91,81,10,10
55779,71,125,-54,54
55780,68,60,8,8
55781,118,110,8,8
55782,79,77,2,2
55783,120,113,7,7
55784,134,129,5,5
55785,72,70,2,2
55786,92,80,12,12
55787,49,66,-17,17
55788,100,92,8,8
55789,90,88,2,2
55790,71,67,4,4
55791,83,79,4,4
55792,71,67,4,4
55793,90,86,4,4
55794,168,149,19,19
55795,68,76,-8,8
55796,50,52,-2,2
55797,59,53,6,6
55798,52,54,-2,2
55799,104,92,12,12
55800,95,90,5,5
55801,57,61,-4,4
55802,211,178,33,33
55803,58,53,5,5
55804,125,110,15,15
55805,99,90,9,9
55806,88,89,-1,1
55807,182,154,28,28
55808,99,89,10,10
55809,66,56,10,10
55810,169,141,28,28
55811,105,93,12,12
55812,92,85,7,7
55813,110,102,8,8
55814,111,92,19,19
55815,95,82,13,13
55816,74,66,8,8
55817,135,107,28,28
55818,51,87,-36,36
55819,78,71,7,7
55820,118,96,22,22
55821,118,106,12,12
55822,104,93,11,11
55823,37,44,-7,7
55824,96,86,10,10
55825,93,81,12,12
55826,60,81,-21,21
55827,102,88,14,14
55828,112,103,9,9
55829,73,75,-2,2
55830,142,118,24,24
55831,67,63,4,4
55832,69,62,7,7
55833,103,168,-65,65
55834,42,65,-23,23
55835,99,79,20,20
55836,181,148,33,33
55837,94,83,11,11
55838,83,79,4,4
55839,98,78,20,20
55840,151,123,28,28
55841,149,117,32,32
55842,92,89,3,3
55843,129,124,5,5
55844,79,70,9,9
55845,119,112,7,7
55846,159,133,26,26
55847,63,66,-3,3
55848,74,68,6,6
55849,141,125,16,16
55850,133,113,20,20
55851,106,91,15,15
55852,180,151,29,29
55853,152,120,32,32
55854,85,75,10,10
55855,118,98,20,20
55856,127,112,15,15
55857,143,132,11,11
55858,80,82,-2,2
55859,123,110,13,13
55860,131,112,19,19
55861,53,44,9,9
55862,83,70,13,13
55863,97,83,14,14
55864,120,108,12,12
55865,71,63,8,8
55866,127,102,25,25
55867,68,65,3,3
55868,79,73,6,6
55869,104,104,0,0
55870,139,131,8,8
55871,143,137,6,6
55872,102,102,0,0
55873,75,66,9,9
55874,105,100,5,5
55875,71,59,12,12
55876,52,49,3,3
55877,73,66,7,7
55878,95,79,16,16
55879,84,72,12,12
55880,77,72,5,5
55881,63,66,-3,3
55882,80,83,-3,3
55883,111,94,17,17
55884,146,121,25,25
55885,136,132,4,4
55886,58,50,8,8
55887,77,67,10,10
55888,74,90,-16,16
55889,157,139,18,18
55890,113,100,13,13
55891,88,77,11,11
55892,98,90,8,8
55893,70,68,2,2
55894,70,72,-2,2
55895,95,85,10,10
55896,113,89,24,24
55897,65,61,4,4
55898,82,68,14,14
55899,89,85,4,4
55900,90,77,13,13
55901,75,83,-8,8
55902,73,61,12,12
55903,45,50,-5,5
55904,75,79,-4,4
55905,89,76,13,13
55906,127,103,24,24
55907,189,168,21,21
55908,132,115,17,17
55909,95,84,11,11
55910,113,96,17,17
55911,81,78,3,3
55912,121,111,10,10
55913,73,70,3,3
55914,107,97,10,10
55915,72,65,7,7
55916,110,105,5,5
55917,69,65,4,4
55918,149,126,23,23
55919,63,60,3,3
55920,115,101,14,14
55921,105,92,13,13
55922,88,82,6,6
55923,65,64,1,1
55924,87,82,5,5
55925,94,93,1,1
55926,125,111,14,14
55927,93,78,15,15
55928,112,97,15,15
55929,103,82,21,21
55930,117,104,13,13
55931,95,84,11,11
55932,76,66,10,10
55933,94,96,-2,2
55934,50,47,3,3
55935,115,106,9,9
55936,105,87,18,18
55937,108,90,18,18
55938,141,127,14,14
55939,102,93,9,9
55940,58,63,-5,5
55941,108,94,14,14
55942,89,75,14,14
55943,71,71,0,0
55944,59,55,4,4
55945,89,77,12,12
55946,57,54,3,3
55947,106,91,15,15
55948,161,131,30,30
55949,92,80,12,12
55950,66,63,3,3
55951,82,75,7,7
55952,84,70,14,14
55953,115,93,22,22
55954,110,99,11,11
55955,135,119,16,16
55956,93,84,9,9
55957,134,136,-2,2
55958,105,86,19,19
55959,79,70,9,9
55960,25,34,-9,9
55961,124,115,9,9
55962,29,35,-6,6
55963,96,78,18,18
55964,125,110,15,15
55965,52,51,1,1
55966,101,92,9,9
55967,70,62,8,8
55968,98,83,15,15
55969,77,66,11,11
55970,167,139,28,28
55971,82,75,7,7
55972,91,79,12,12
55973,70,65,5,5
55974,74,68,6,6
55975,121,110,11,11
55976,46,59,-13,13
55977,76,73,3,3
55978,111,106,5,5
55979,58,52,6,6
55980,65,59,6,6
55981,53,49,4,4
55982,109,108,1,1
55983,80,76,4,4
55984,88,79,9,9
55985,110,97,13,13
55986,98,81,17,17
55987,97,99,-2,2
55988,128,107,21,21
55989,144,121,23,23
55990,82,77,5,5
55991,131,111,20,20
55992,100,87,13,13
55993,95,86,9,9
55994,108,94,14,14
55995,82,76,6,6
55996,73,60,13,13
55997,94,89,5,5
55998,99,98,1,1
55999,88,78,10,10
56000,157,142,15,15
56001,75,71,4,4
56002,95,90,5,5
56003,82,73,9,9
56004,160,155,5,5
56005,146,125,21,21
56006,166,155,11,11
56007,76,71,5,5
56008,139,124,15,15
56009,110,99,11,11
56010,118,110,8,8
56011,122,102,20,20
56012,50,55,-5,5
56013,59,57,2,2
56014,112,100,12,12
56015,108,110,-2,2
56016,42,42,0,0
56017,112,104,8,8
56018,126,105,21,21
56019,88,86,2,2
56020,121,95,26,26
56021,83,73,10,10
56022,95,93,2,2
56023,98,83,15,15
56024,104,97,7,7
56025,66,61,5,5
56026,129,116,13,13
56027,85,72,13,13
56028,101,92,9,9
56029,68,66,2,2
56030,86,79,7,7
56031,79,70,9,9
56032,91,83,8,8
56033,113,108,5,5
56034,149,125,24,24
56035,76,72,4,4
56036,107,97,10,10
56037,110,99,11,11
56038,75,73,2,2
56039,100,94,6,6
56040,110,104,6,6
56041,115,101,14,14
56042,128,112,16,16
56043,177,146,31,31
56044,105,91,14,14
56045,79,129,-50,50
56046,126,113,13,13
56047,135,134,1,1
56048,66,60,6,6
56049,148,127,21,21
56050,128,111,17,17
56051,106,90,16,16
56052,99,76,23,23
56053,73,58,15,15
56054,64,62,2,2
56055,98,110,-12,12
56056,111,100,11,11
56057,124,115,9,9
56058,117,102,15,15
56059,94,84,10,10
56060,86,74,12,12
56061,80,70,10,10
56062,105,100,5,5
56063,77,77,0,0
56064,101,90,11,11
56065,118,102,16,16
56066,130,101,29,29
56067,97,88,9,9
56068,77,71,6,6
56069,76,72,4,4
56070,122,117,5,5
56071,116,122,-6,6
56072,67,71,-4,4
56073,109,92,17,17
56074,62,60,2,2
56075,95,76,19,19
56076,130,113,17,17
56077,49,59,-10,10
56078,64,58,6,6
56079,84,78,6,6
56080,147,114,33,33
56081,121,98,23,23
56082,158,138,20,20
56083,105,87,18,18
56084,99,94,5,5
56085,108,101,7,7
56086,159,139,20,20
56087,87,78,9,9
56088,128,123,5,5
56089,58,65,-7,7
56090,110,99,11,11
56091,187,159,28,28
56092,87,82,5,5
56093,143,132,11,11
56094,84,70,14,14
56095,132,122,10,10
56096,74,68,6,6
56097,109,100,9,9
56098,86,93,-7,7
56099,111,97,14,14
56100,49,45,4,4
56101,73,66,7,7
56102,125,120,5,5
56103,75,68,7,7
56104,78,69,9,9
56105,99,88,11,11
56106,103,101,2,2
56107,106,90,16,16
56108,57,53,4,4
56109,139,119,20,20
56110,90,76,14,14
56111,67,60,7,7
56112,60,59,1,1
56113,46,42,4,4
56114,56,59,-3,3
56115,135,116,19,19
56116,52,46,6,6
56117,102,89,13,13
56118,79,74,5,5
56119,75,72,3,3
56120,118,108,10,10
56121,107,102,5,5
56122,24,33,-9,9
56123,102,87,15,15
56124,78,75,3,3
56125,94,76,18,18
56126,109,85,24,24
56127,139,124,15,15
56128,105,100,5,5
56129,155,132,23,23
56130,53,50,3,3
56131,82,85,-3,3
56132,159,148,11,11
56133,105,90,15,15
56134,102,93,9,9
56135,78,71,7,7
56136,67,62,5,5
56137,149,135,14,14
56138,84,78,6,6
56139,87,86,1,1
56140,132,126,6,6
56141,83,73,10,10
56142,75,68,7,7
56143,99,88,11,11
56144,77,79,-2,2
56145,97,83,14,14
56146,132,98,34,34
56147,105,99,6,6
56148,105,82,23,23
56149,59,49,10,10
56150,69,62,7,7
56151,120,104,16,16
56152,59,59,0,0
56153,105,86,19,19
56154,81,73,8,8
56155,156,138,18,18
56156,62,62,0,0
56157,63,61,2,2
56158,156,128,28,28
56159,48,128,-80,80
56160,81,75,6,6
56161,78,75,3,3
56162,72,62,10,10
56163,110,96,14,14
56164,76,74,2,2
56165,82,74,8,8
56166,76,70,6,6
56167,106,94,12,12
56168,109,106,3,3
56169,96,83,13,13
56170,129,119,10,10
56171,71,64,7,7
56172,124,124,0,0
56173,107,96,11,11
56174,97,85,12,12
56175,113,93,20,20
56176,152,127,25,25
56177,91,97,-6,6
56178,78,71,7,7
56179,158,133,25,25
56180,117,104,13,13
56181,97,91,6,6
56182,83,74,9,9
56183,132,112,20,20
56184,79,73,6,6
56185,101,96,5,5
56186,135,114,21,21
56187,96,68,28,28
56188,82,67,15,15
56189,70,73,-3,3
56190,110,95,15,15
56191,141,114,27,27
56192,61,56,5,5
56193,97,83,14,14
56194,119,90,29,29
56195,67,65,2,2
56196,92,95,-3,3
56197,84,66,18,18
56198,65,63,2,2
56199,84,82,2,2
56200,124,104,20,20
56201,135,119,16,16
56202,146,121,25,25
56203,109,104,5,5
56204,145,134,11,11
56205,89,76,13,13
56206,136,118,18,18
56207,85,76,9,9
56208,55,56,-1,1
56209,92,91,1,1
56210,61,58,3,3
56211,132,110,22,22
56212,65,66,-1,1
56213,112,101,11,11
56214,107,88,19,19
56215,48,43,5,5
56216,55,54,1,1
56217,109,97,12,12
56218,136,118,18,18
56219,94,88,6,6
56220,45,46,-1,1
56221,139,115,24,24
56222,72,73,-1,1
56223,156,125,31,31
56224,58,58,0,0
56225,96,78,18,18
56226,83,75,8,8
56227,94,82,12,12
56228,29,34,-5,5
56229,124,111,13,13
56230,71,72,-1,1
56231,146,121,25,25
56232,97,82,15,15
56233,104,97,7,7
56234,32,39,-7,7
56235,140,117,23,23
56236,57,52,5,5
56237,112,101,11,11
56238,70,70,0,0
56239,92,78,14,14
56240,57,59,-2,2
56241,107,102,5,5
56242,76,72,4,4
56243,81,72,9,9
56244,115,109,6,6
56245,22,62,-40,40
56246,96,88,8,8
56247,84,85,-1,1
56248,103,91,12,12
56249,126,101,25,25
56250,76,69,7,7
56251,159,131,28,28
56252,74,60,14,14
56253,87,74,13,13
56254,46,51,-5,5
56255,33,38,-5,5
56256,76,61,15,15
56257,98,87,11,11
56258,73,64,9,9
56259,105,88,17,17
56260,51,56,-5,5
56261,94,77,17,17
56262,54,57,-3,3
56263,86,84,2,2
56264,60,59,1,1
56265,144,122,22,22
56266,74,59,15,15
56267,90,80,10,10
56268,100,95,5,5
56269,107,105,2,2
56270,129,102,27,27
56271,133,113,20,20
56272,70,68,2,2
56273,101,85,16,16
56274,60,62,-2,2
56275,200,159,41,41
56276,64,57,7,7
56277,143,120,23,23
56278,90,79,11,11
56279,72,62,10,10
56280,85,82,3,3
56281,136,122,14,14
56282,94,94,0,0
56283,135,108,27,27
56284,102,88,14,14
56285,71,75,-4,4
56286,74,70,4,4
56287,122,117,5,5
56288,86,78,8,8
56289,40,40,0,0
56290,109,104,5,5
56291,113,106,7,7
56292,110,96,14,14
56293,68,60,8,8
56294,130,117,13,13
56295,89,85,4,4
56296,106,98,8,8
56297,98,90,8,8
56298,71,53,18,18
56299,128,118,10,10
56300,158,127,31,31
56301,82,74,8,8
56302,42,41,1,1
56303,67,61,6,6
56304,107,104,3,3
56305,77,70,7,7
56306,113,104,9,9
56307,73,65,8,8
56308,189,165,24,24
56309,101,91,10,10
56310,117,116,1,1
56311,113,104,9,9
56312,81,71,10,10
56313,113,99,14,14
56314,108,95,13,13
56315,133,126,7,7
56316,117,104,13,13
56317,119,105,14,14
56318,72,62,10,10
56319,72,77,-5,5
56320,105,98,7,7
56321,70,63,7,7
56322,66,58,8,8
56323,152,125,27,27
56324,89,77,12,12
56325,20,43,-23,23
56326,72,68,4,4
56327,89,76,13,13
56328,83,81,2,2
56329,121,120,1,1
56330,119,101,18,18
56331,101,91,10,10
56332,84,77,7,7
56333,78,77,1,1
56334,166,139,27,27
56335,117,104,13,13
56336,141,124,17,17
56337,123,108,15,15
56338,162,147,15,15
56339,50,51,-1,1
56340,60,51,9,9
56341,86,82,4,4
56342,70,66,4,4
56343,129,118,11,11
56344,65,62,3,3
56345,75,76,-1,1
56346,91,69,22,22
56347,55,57,-2,2
56348,82,78,4,4
56349,102,95,7,7
56350,74,66,8,8
56351,84,75,9,9
56352,128,110,18,18
56353,91,83,8,8
56354,120,105,15,15
56355,85,82,3,3
56356,108,106,2,2
56357,72,67,5,5
56358,90,76,14,14
56359,85,81,4,4
56360,112,101,11,11
56361,148,137,11,11
56362,105,100,5,5
56363,44,45,-1,1
56364,42,50,-8,8
56365,103,86,17,17
56366,93,75,18,18
56367,63,59,4,4
56368,169,162,7,7
56369,65,60,5,5
56370,74,69,5,5
56371,99,92,7,7
56372,129,118,11,11
56373,93,83,10,10
56374,139,121,18,18
56375,64,99,-35,35
56376,93,81,12,12
56377,53,64,-11,11
56378,110,97,13,13
56379,97,85,12,12
56380,170,142,28,28
56381,56,62,-6,6
56382,172,156,16,16
56383,71,63,8,8
56384,161,134,27,27
56385,130,124,6,6
56386,101,91,10,10
56387,107,97,10,10
56388,101,91,10,10
56389,64,66,-2,2
56390,75,66,9,9
56391,128,116,12,12
56392,80,72,8,8
56393,129,115,14,14
56394,54,55,-1,1
56395,71,71,0,0
56396,55,46,9,9
56397,91,85,6,6
56398,119,100,19,19
56399,94,85,9,9
56400,158,132,26,26
56401,60,62,-2,2
56402,158,144,14,14
56403,56,49,7,7
56404,121,111,10,10
56405,79,64,15,15
56406,120,103,17,17
56407,64,63,1,1
56408,62,74,-12,12
56409,80,71,9,9
56410,135,116,19,19
56411,102,109,-7,7
56412,115,97,18,18
56413,142,133,9,9
56414,115,117,-2,2
56415,119,113,6,6
56416,138,124,14,14
56417,97,81,16,16
56418,80,70,10,10
56419,97,90,7,7
56420,111,102,9,9
56421,91,85,6,6
56422,95,92,3,3
56423,91,85,6,6
56424,101,83,18,18
56425,130,116,14,14
56426,89,83,6,6
56427,86,87,-1,1
56428,178,148,30,30
56429,168,142,26,26
56430,63,58,5,5
56431,69,59,10,10
56432,186,150,36,36
56433,143,120,23,23
56434,76,60,16,16
56435,87,84,3,3
56436,46,49,-3,3
56437,81,77,4,4
56438,43,44,-1,1
56439,125,114,11,11
56440,190,163,27,27
56441,112,90,22,22
56442,161,140,21,21
56443,119,100,19,19
56444,98,91,7,7
56445,122,103,19,19
56446,94,83,11,11
56447,68,69,-1,1
56448,103,82,21,21
56449,126,95,31,31
56450,75,67,8,8
56451,123,102,21,21
56452,81,73,8,8
56453,144,135,9,9
56454,53,46,7,7
56455,164,140,24,24
56456,60,61,-1,1
56457,117,104,13,13
56458,121,110,11,11
56459,90,87,3,3
56460,86,76,10,10
56461,63,62,1,1
56462,147,123,24,24
56463,103,91,12,12
56464,68,65,3,3
56465,91,78,13,13
56466,81,66,15,15
56467,71,67,4,4
56468,63,60,3,3
56469,123,112,11,11
56470,105,92,13,13
56471,81,77,4,4
56472,112,108,4,4
56473,78,71,7,7
56474,85,77,8,8
56475,118,107,11,11
56476,65,56,9,9
56477,127,119,8,8
56478,83,75,8,8
56479,91,80,11,11
56480,62,59,3,3
56481,75,74,1,1
56482,88,89,-1,1
56483,163,145,18,18
56484,48,57,-9,9
56485,93,95,-2,2
56486,85,79,6,6
56487,142,126,16,16
56488,93,91,2,2
56489,73,67,6,6
56490,65,62,3,3
56491,83,75,8,8
56492,77,69,8,8
56493,113,100,13,13
56494,121,105,16,16
56495,71,66,5,5
56496,64,58,6,6
56497,70,73,-3,3
56498,155,133,22,22
56499,59,53,6,6
56500,80,71,9,9
56501,80,76,4,4
56502,59,57,2,2
56503,83,69,14,14
56504,68,60,8,8
56505,77,79,-2,2
56506,121,101,20,20
56507,63,67,-4,4
56508,82,74,8,8
56509,145,127,18,18
56510,63,65,-2,2
56511,124,114,10,10
56512,83,85,-2,2
56513,175,155,20,20
56514,185,165,20,20
56515,65,60,5,5
56516,61,56,5,5
56517,76,68,8,8
56518,75,74,1,1
56519,74,82,-8,8
56520,136,109,27,27
56521,47,46,1,1
56522,66,54,12,12
56523,131,113,18,18
56524,123,100,23,23
56525,118,104,14,14
56526,58,52,6,6
56527,89,79,10,10
56528,156,131,25,25
56529,55,58,-3,3
56530,115,94,21,21
56531,111,99,12,12
56532,116,115,1,1
56533,62,66,-4,4
56534,108,91,17,17
56535,120,113,7,7
56536,112,103,9,9
56537,56,59,-3,3
56538,142,128,14,14
56539,91,74,17,17
56540,86,78,8,8
56541,121,109,12,12
56542,80,69,11,11
56543,103,94,9,9
56544,76,76,0,0
56545,100,113,-13,13
56546,94,84,10,10
56547,117,112,5,5
56548,84,74,10,10
56549,87,84,3,3
56550,127,106,21,21
56551,90,94,-4,4
56552,96,82,14,14
56553,56,54,2,2
56554,74,66,8,8
56555,98,85,13,13
56556,107,103,4,4
56557,125,100,25,25
56558,66,56,10,10
56559,91,89,2,2
56560,154,143,11,11
56561,151,119,32,32
56562,77,73,4,4
56563,60,57,3,3
56564,72,72,0,0
56565,132,107,25,25
56566,74,67,7,7
56567,63,61,2,2
56568,129,113,16,16
56569,169,150,19,19
56570,88,91,-3,3
56571,129,111,18,18
56572,140,118,22,22
56573,80,81,-1,1
56574,94,88,6,6
56575,49,53,-4,4
56576,145,132,13,13
56577,97,91,6,6
56578,94,89,5,5
56579,83,76,7,7
56580,135,118,17,17
56581,103,91,12,12
56582,40,44,-4,4
56583,119,126,-7,7
56584,60,59,1,1
56585,44,44,0,0
56586,104,100,4,4
56587,49,44,5,5
56588,70,79,-9,9
56589,59,57,2,2
56590,114,113,1,1
56591,65,54,11,11
56592,60,58,2,2
56593,121,118,3,3
56594,115,99,16,16
56595,75,66,9,9
56596,74,66,8,8
56597,103,90,13,13
56598,59,55,4,4
56599,125,117,8,8
56600,94,83,11,11
56601,73,67,6,6
56602,54,49,5,5
56603,58,51,7,7
56604,174,156,18,18
56605,46,43,3,3
56606,79,75,4,4
56607,108,89,19,19
56608,50,57,-7,7
56609,120,97,23,23
56610,159,137,22,22
56611,171,154,17,17
56612,81,78,3,3
56613,85,79,6,6
56614,118,125,-7,7
56615,73,70,3,3
56616,114,100,14,14
56617,77,66,11,11
56618,150,119,31,31
56619,72,71,1,1
56620,64,79,-15,15
56621,85,87,-2,2
56622,112,105,7,7
56623,57,53,4,4
56624,101,87,14,14
56625,83,77,6,6
56626,74,66,8,8
56627,142,121,21,21
56628,111,90,21,21
56629,135,110,25,25
56630,64,61,3,3
56631,75,64,11,11
56632,188,168,20,20
56633,63,74,-11,11
56634,124,104,20,20
56635,42,48,-6,6
56636,136,110,26,26
56637,50,49,1,1
56638,87,83,4,4
56639,140,117,23,23
56640,94,86,8,8
56641,94,85,9,9
56642,61,69,-8,8
56643,86,80,6,6
56644,126,103,23,23
56645,63,58,5,5
56646,82,73,9,9
56647,140,135,5,5
56648,134,110,24,24
56649,79,71,8,8
56650,126,123,3,3
56651,101,96,5,5
56652,103,92,11,11
56653,70,61,9,9
56654,85,70,15,15
56655,84,81,3,3
56656,58,59,-1,1
56657,139,117,22,22
56658,67,73,-6,6
56659,101,96,5,5
56660,83,79,4,4
56661,66,59,7,7
56662,59,55,4,4
56663,77,74,3,3
56664,53,57,-4,4
56665,130,114,16,16
56666,59,61,-2,2
56667,94,76,18,18
56668,120,104,16,16
56669,108,91,17,17
56670,95,80,15,15
56671,67,61,6,6
56672,103,93,10,10
56673,68,59,9,9
56674,82,73,9,9
56675,111,104,7,7
56676,78,71,7,7
56677,59,60,-1,1
56678,72,73,-1,1
56679,101,86,15,15
56680,77,78,-1,1
56681,65,59,6,6
56682,64,67,-3,3
56683,57,60,-3,3
56684,95,90,5,5
56685,68,65,3,3
56686,137,114,23,23
56687,65,63,2,2
56688,82,73,9,9
56689,73,73,0,0
56690,96,98,-2,2
56691,110,95,15,15
56692,139,121,18,18
56693,87,69,18,18
56694,113,91,22,22
56695,40,36,4,4
56696,81,77,4,4
56697,51,54,-3,3
56698,173,144,29,29
56699,72,79,-7,7
56700,107,95,12,12
56701,112,106,6,6
56702,125,104,21,21
56703,56,54,2,2
56704,141,117,24,24
56705,150,126,24,24
56706,136,125,11,11
56707,127,107,20,20
56708,132,123,9,9
56709,96,82,14,14
56710,35,45,-10,10
56711,86,78,8,8
56712,108,92,16,16
56713,149,125,24,24
56714,103,93,10,10
56715,144,138,6,6
56716,135,113,22,22
56717,112,94,18,18
56718,86,90,-4,4
56719,54,49,5,5
56720,78,70,8,8
56721,72,66,6,6
56722,87,84,3,3
56723,79,90,-11,11
56724,109,112,-3,3
56725,120,97,23,23
56726,173,141,32,32
56727,57,59,-2,2
56728,40,37,3,3
56729,82,79,3,3
56730,70,71,-1,1
56731,86,83,3,3
56732,98,91,7,7
56733,134,130,4,4
56734,45,40,5,5
56735,129,111,18,18
56736,68,69,-1,1
56737,91,78,13,13
56738,113,98,15,15
56739,52,56,-4,4
56740,94,82,12,12
56741,94,93,1,1
56742,113,101,12,12
56743,128,103,25,25
56744,99,96,3,3
56745,105,89,16,16
56746,86,96,-10,10
56747,148,129,19,19
56748,138,111,27,27
56749,99,79,20,20
56750,94,86,8,8
56751,73,71,2,2
56752,153,124,29,29
56753,95,88,7,7
56754,118,113,5,5
56755,129,113,16,16
56756,50,59,-9,9
56757,123,105,18,18
56758,142,123,19,19
56759,123,109,14,14
56760,148,129,19,19
56761,107,96,11,11
56762,98,95,3,3
56763,112,102,10,10
56764,137,117,20,20
56765,106,95,11,11
56766,97,82,15,15
56767,96,91,5,5
56768,245,177,68,68
56769,115,94,21,21
56770,81,70,11,11
56771,130,101,29,29
56772,86,71,15,15
56773,128,112,16,16
56774,73,65,8,8
56775,110,94,16,16
56776,130,112,18,18
56777,97,89,8,8
56778,80,76,4,4
56779,91,82,9,9
56780,88,75,13,13
56781,105,95,10,10
56782,75,59,16,16
56783,93,93,0,0
56784,115,101,14,14
56785,133,114,19,19
56786,142,113,29,29
56787,62,67,-5,5
56788,78,74,4,4
56789,91,78,13,13
56790,102,89,13,13
56791,109,98,11,11
56792,102,87,15,15
56793,90,77,13,13
56794,135,107,28,28
56795,31,47,-16,16
56796,143,123,20,20
56797,123,105,18,18
56798,102,91,11,11
56799,59,54,5,5
56800,83,80,3,3
56801,99,86,13,13
56802,50,60,-10,10
56803,168,134,34,34
56804,80,76,4,4
56805,104,105,-1,1
56806,117,105,12,12
56807,113,108,5,5
56808,73,84,-11,11
56809,72,71,1,1
56810,144,115,29,29
56811,131,120,11,11
56812,107,112,-5,5
56813,85,81,4,4
56814,58,62,-4,4
56815,67,59,8,8
56816,62,57,5,5
56817,63,52,11,11
56818,148,136,12,12
56819,139,114,25,25
56820,82,79,3,3
56821,133,117,16,16
56822,70,70,0,0
56823,99,93,6,6
56824,115,100,15,15
56825,121,111,10,10
56826,107,103,4,4
56827,113,91,22,22
56828,61,62,-1,1
56829,80,70,10,10
56830,78,70,8,8
56831,68,60,8,8
56832,122,114,8,8
56833,109,93,16,16
56834,71,63,8,8
56835,60,61,-1,1
56836,125,109,16,16
56837,68,62,6,6
56838,114,103,11,11
56839,93,75,18,18
56840,75,71,4,4
56841,99,93,6,6
56842,133,116,17,17
56843,78,76,2,2
56844,45,40,5,5
56845,87,71,16,16
56846,72,77,-5,5
56847,129,112,17,17
56848,93,82,11,11
56849,95,90,5,5
56850,119,111,8,8
56851,96,77,19,19
56852,45,42,3,3
56853,151,129,22,22
56854,75,67,8,8
56855,84,78,6,6
56856,75,67,8,8
56857,97,126,-29,29
56858,79,76,3,3
56859,132,112,20,20
56860,108,93,15,15
56861,115,98,17,17
56862,89,90,-1,1
56863,84,78,6,6
56864,132,117,15,15
56865,94,81,13,13
56866,182,166,16,16
56867,170,142,28,28
56868,93,84,9,9
56869,70,71,-1,1
56870,38,41,-3,3
56871,102,100,2,2
56872,139,117,22,22
56873,97,96,1,1
56874,87,79,8,8
56875,86,72,14,14
56876,76,81,-5,5
56877,91,89,2,2
56878,81,71,10,10
56879,86,70,16,16
56880,90,79,11,11
56881,73,72,1,1
56882,122,110,12,12
56883,81,72,9,9
56884,182,153,29,29
56885,73,70,3,3
56886,108,95,13,13
56887,70,63,7,7
56888,170,142,28,28
56889,98,86,12,12
56890,83,78,5,5
56891,89,86,3,3
56892,79,75,4,4
56893,77,75,2,2
56894,82,82,0,0
56895,79,74,5,5
56896,165,136,29,29
56897,57,62,-5,5
56898,94,97,-3,3
56899,101,82,19,19
56900,170,160,10,10
56901,68,69,-1,1
56902,121,105,16,16
56903,137,111,26,26
56904,72,64,8,8
56905,109,98,11,11
56906,81,71,10,10
56907,71,69,2,2
56908,135,123,12,12
56909,105,90,15,15
56910,101,87,14,14
56911,71,74,-3,3
56912,93,86,7,7
56913,75,69,6,6
56914,68,123,-55,55
56915,107,95,12,12
56916,76,66,10,10
56917,127,107,20,20
56918,117,109,8,8
56919,123,99,24,24
56920,158,143,15,15
56921,96,88,8,8
56922,44,42,2,2
56923,100,90,10,10
56924,69,65,4,4
56925,77,77,0,0
56926,66,68,-2,2
56927,71,60,11,11
56928,117,102,15,15
56929,103,99,4,4
56930,99,89,10,10
56931,131,118,13,13
56932,50,43,7,7
56933,39,38,1,1
56934,74,66,8,8
56935,51,50,1,1
56936,91,88,3,3
56937,104,100,4,4
56938,76,70,6,6
56939,126,115,11,11
56940,79,74,5,5
56941,88,87,1,1
56942,103,93,10,10
56943,156,129,27,27
56944,153,134,19,19
56945,82,74,8,8
56946,69,71,-2,2
56947,85,79,6,6
56948,90,93,-3,3
56949,118,98,20,20
56950,113,103,10,10
56951,63,66,-3,3
56952,39,44,-5,5
56953,125,112,13,13
56954,111,119,-8,8
56955,85,75,10,10
56956,69,68,1,1
56957,164,142,22,22
56958,115,103,12,12
56959,100,107,-7,7
56960,97,91,6,6
56961,76,81,-5,5
56962,109,108,1,1
56963,122,106,16,16
56964,75,73,2,2
56965,94,86,8,8
56966,73,64,9,9
56967,138,117,21,21
56968,109,85,24,24
56969,84,82,2,2
56970,65,58,7,7
56971,97,86,11,11
56972,150,130,20,20
56973,158,142,16,16
56974,74,70,4,4
56975,64,64,0,0
56976,102,92,10,10
56977,83,86,-3,3
56978,181,143,38,38
56979,149,123,26,26
56980,67,60,7,7
56981,108,101,7,7
56982,126,111,15,15
56983,129,111,18,18
56984,123,107,16,16
56985,88,75,13,13
56986,79,80,-1,1
56987,122,97,25,25
56988,88,74,14,14
56989,129,119,10,10
56990,82,73,9,9
56991,72,70,2,2
56992,116,98,18,18
56993,93,88,5,5
56994,82,73,9,9
56995,153,139,14,14
56996,169,140,29,29
56997,79,84,-5,5
56998,92,83,9,9
56999,123,105,18,18
57000,75,84,-9,9
57001,162,155,7,7
57002,79,73,6,6
57003,90,80,10,10
57004,74,77,-3,3
57005,130,116,14,14
57006,128,108,20,20
57007,75,80,-5,5
57008,86,80,6,6
57009,111,100,11,11
57010,100,87,13,13
57011,57,59,-2,2
57012,126,109,17,17
57013,61,60,1,1
57014,79,74,5,5
57015,80,64,16,16
57016,49,53,-4,4
57017,83,77,6,6
57018,65,64,1,1
57019,76,72,4,4
57020,99,90,9,9
57021,152,125,27,27
57022,74,71,3,3
57023,90,86,4,4
57024,116,111,5,5
57025,150,135,15,15
57026,98,101,-3,3
57027,136,113,23,23
57028,109,99,10,10
57029,131,131,0,0
57030,44,46,-2,2
57031,52,49,3,3
57032,73,67,6,6
57033,160,115,45,45
57034,104,94,10,10
57035,71,63,8,8
57036,52,53,-1,1
57037,69,60,9,9
57038,120,104,16,16
57039,51,42,9,9
57040,65,68,-3,3
57041,93,81,12,12
57042,62,73,-11,11
57043,108,94,14,14
57044,86,85,1,1
57045,65,65,0,0
57046,151,139,12,12
57047,82,82,0,0
57048,54,49,5,5
57049,57,55,2,2
57050,87,80,7,7
57051,75,74,1,1
57052,76,71,5,5
57053,144,130,14,14
57054,82,80,2,2
57055,70,64,6,6
57056,65,64,1,1
57057,130,119,11,11
57058,179,164,15,15
57059,143,131,12,12
57060,128,111,17,17
57061,59,55,4,4
57062,141,118,23,23
57063,91,79,12,12
57064,117,100,17,17
57065,103,92,11,11
57066,102,96,6,6
57067,150,113,37,37
57068,91,79,12,12
57069,82,80,2,2
57070,72,62,10,10
57071,146,119,27,27
57072,51,52,-1,1
57073,119,110,9,9
57074,94,88,6,6
57075,113,93,20,20
57076,115,100,15,15
57077,50,49,1,1
57078,72,81,-9,9
57079,127,109,18,18
57080,67,81,-14,14
57081,76,71,5,5
57082,96,96,0,0
57083,137,133,4,4
57084,189,163,26,26
57085,83,77,6,6
57086,90,85,5,5
57087,85,75,10,10
57088,99,91,8,8
57089,88,81,7,7
57090,163,147,16,16
57091,78,75,3,3
57092,63,57,6,6
57093,87,83,4,4
57094,81,77,4,4
57095,117,119,-2,2
57096,86,71,15,15
57097,97,87,10,10
57098,120,106,14,14
57099,61,52,9,9
57100,109,101,8,8
57101,82,75,7,7
57102,98,82,16,16
57103,100,84,16,16
57104,114,95,19,19
57105,61,61,0,0
57106,88,84,4,4
57107,75,70,5,5
57108,96,90,6,6
57109,125,117,8,8
57110,216,181,35,35
57111,91,81,10,10
57112,149,156,-7,7
57113,104,86,18,18
57114,69,66,3,3
57115,65,61,4,4
57116,116,95,21,21
57117,66,62,4,4
57118,53,51,2,2
57119,61,64,-3,3
57120,106,98,8,8
57121,118,99,19,19
57122,145,127,18,18
57123,90,80,10,10
57124,76,69,7,7
57125,48,45,3,3
57126,38,38,0,0
57127,65,64,1,1
57128,98,83,15,15
57129,48,55,-7,7
57130,93,87,6,6
57131,117,109,8,8
57132,66,64,2,2
57133,110,89,21,21
57134,121,108,13,13
57135,95,82,13,13
57136,81,74,7,7
57137,48,55,-7,7
57138,80,77,3,3
57139,136,131,5,5
57140,55,47,8,8
57141,110,97,13,13
57142,104,106,-2,2
57143,89,77,12,12
57144,90,92,-2,2
57145,111,102,9,9
57146,85,86,-1,1
57147,113,101,12,12
57148,100,92,8,8
57149,147,121,26,26
57150,86,85,1,1
57151,76,75,1,1
57152,164,130,34,34
57153,130,110,20,20
57154,99,84,15,15
57155,40,41,-1,1
57156,175,161,14,14
57157,148,132,16,16
57158,106,99,7,7
57159,152,136,16,16
57160,91,87,4,4
57161,98,85,13,13
57162,51,58,-7,7
57163,88,82,6,6
57164,89,80,9,9
57165,63,56,7,7
57166,84,79,5,5
57167,75,64,11,11
57168,117,100,17,17
57169,111,101,10,10
57170,134,132,2,2
57171,81,82,-1,1
57172,101,96,5,5
57173,61,57,4,4
57174,116,105,11,11
57175,77,76,1,1
57176,121,109,12,12
57177,101,88,13,13
57178,22,34,-12,12
57179,89,80,9,9
57180,134,120,14,14
57181,132,123,9,9
57182,48,48,0,0
57183,102,90,12,12
57184,90,76,14,14
57185,89,82,7,7
57186,109,103,6,6
57187,164,134,30,30
57188,93,87,6,6
57189,93,89,4,4
57190,63,68,-5,5
57191,99,91,8,8
57192,72,65,7,7
57193,85,79,6,6
57194,76,73,3,3
57195,85,75,10,10
57196,125,86,39,39
57197,63,58,5,5
57198,47,52,-5,5
57199,123,112,11,11
57200,88,89,-1,1
57201,75,66,9,9
57202,78,73,5,5
57203,73,58,15,15
57204,113,118,-5,5
57205,88,76,12,12
57206,91,74,17,17
57207,99,88,11,11
57208,92,92,0,0
57209,102,98,4,4
57210,84,82,2,2
57211,153,132,21,21
57212,117,112,5,5
57213,61,54,7,7
57214,81,71,10,10
57215,148,127,21,21
57216,88,68,20,20
57217,109,95,14,14
57218,124,108,16,16
57219,44,52,-8,8
57220,75,69,6,6
57221,107,99,8,8
57222,74,73,1,1
57223,75,63,12,12
57224,97,81,16,16
57225,95,81,14,14
57226,72,63,9,9
57227,71,64,7,7
57228,100,91,9,9
57229,110,89,21,21
57230,67,57,10,10
57231,59,54,5,5
57232,162,136,26,26
57233,97,92,5,5
57234,66,66,0,0
57235,87,78,9,9
57236,142,125,17,17
57237,77,74,3,3
57238,61,53,8,8
57239,61,107,-46,46
57240,131,106,25,25
57241,84,81,3,3
57242,77,76,1,1
57243,60,56,4,4
57244,77,75,2,2
57245,47,47,0,0
57246,71,72,-1,1
57247,118,111,7,7
57248,105,105,0,0
57249,137,121,16,16
57250,48,59,-11,11
57251,81,77,4,4
57252,105,87,18,18
57253,107,95,12,12
57254,149,128,21,21
57255,88,77,11,11
57256,104,88,16,16
57257,130,104,26,26
57258,118,107,11,11
57259,50,65,-15,15
57260,113,94,19,19
57261,48,46,2,2
57262,105,98,7,7
57263,63,67,-4,4
57264,63,62,1,1
57265,65,66,-1,1
57266,105,97,8,8
57267,38,39,-1,1
57268,57,52,5,5
57269,94,82,12,12
57270,87,73,14,14
57271,68,65,3,3
57272,66,69,-3,3
57273,87,84,3,3
57274,121,104,17,17
57275,104,90,14,14
57276,124,115,9,9
57277,158,128,30,30
57278,30,34,-4,4
57279,101,108,-7,7
57280,86,70,16,16
57281,93,82,11,11
57282,123,124,-1,1
57283,102,82,20,20
57284,142,143,-1,1
57285,61,71,-10,10
57286,75,75,0,0
57287,125,119,6,6
57288,95,85,10,10
57289,171,146,25,25
57290,96,117,-21,21
57291,123,112,11,11
57292,106,103,3,3
57293,62,60,2,2
57294,87,78,9,9
57295,57,55,2,2
57296,56,48,8,8
57297,124,107,17,17
57298,81,73,8,8
57299,109,88,21,21
57300,165,151,14,14
57301,171,145,26,26
57302,104,92,12,12
57303,59,62,-3,3
57304,40,42,-2,2
57305,74,86,-12,12
57306,127,112,15,15
57307,73,76,-3,3
57308,130,110,20,20
57309,47,59,-12,12
57310,59,58,1,1
57311,156,127,29,29
57312,101,85,16,16
57313,89,72,17,17
57314,95,86,9,9
57315,60,66,-6,6
57316,91,84,7,7
57317,74,69,5,5
57318,160,134,26,26
57319,114,98,16,16
57320,148,126,22,22
57321,80,69,11,11
57322,24,33,-9,9
57323,52,51,1,1
57324,259,204,55,55
57325,44,42,2,2
57326,149,129,20,20
57327,57,59,-2,2
57328,126,120,6,6
57329,142,119,23,23
57330,111,104,7,7
57331,167,143,24,24
57332,76,71,5,5
57333,69,62,7,7
57334,110,106,4,4
57335,92,95,-3,3
57336,99,79,20,20
57337,95,89,6,6
57338,114,95,19,19
57339,91,87,4,4
57340,104,91,13,13
57341,84,78,6,6
57342,164,133,31,31
57343,44,51,-7,7
57344,75,65,10,10
57345,95,85,10,10
57346,27,35,-8,8
57347,81,76,5,5
57348,72,69,3,3
57349,100,84,16,16
57350,131,105,26,26
57351,61,64,-3,3
57352,89,81,8,8
57353,65,64,1,1
57354,53,60,-7,7
57355,103,102,1,1
57356,129,115,14,14
57357,114,95,19,19
57358,102,92,10,10
57359,87,86,1,1
57360,77,64,13,13
57361,72,67,5,5
57362,71,71,0,0
57363,67,56,11,11
57364,116,103,13,13
57365,102,87,15,15
57366,83,72,11,11
57367,55,49,6,6
57368,71,78,-7,7
57369,84,71,13,13
57370,98,87,11,11
57371,101,84,17,17
57372,82,69,13,13
57373,117,108,9,9
57374,126,117,9,9
57375,66,67,-1,1
57376,81,81,0,0
57377,189,172,17,17
57378,90,76,14,14
57379,86,75,11,11
57380,107,92,15,15
57381,117,122,-5,5
57382,54,52,2,2
57383,81,80,1,1
57384,85,73,12,12
57385,88,87,1,1
57386,57,57,0,0
57387,103,93,10,10
57388,103,89,14,14
57389,95,85,10,10
57390,107,94,13,13
57391,91,82,9,9
57392,111,115,-4,4
57393,200,162,38,38
57394,83,81,2,2
57395,86,77,9,9
57396,80,78,2,2
57397,109,101,8,8
57398,69,63,6,6
57399,78,69,9,9
57400,70,72,-2,2
57401,77,72,5,5
57402,69,59,10,10
57403,96,78,18,18
57404,121,126,-5,5
57405,90,88,2,2
57406,152,130,22,22
57407,91,78,13,13
57408,89,81,8,8
57409,104,89,15,15
57410,88,68,20,20
57411,113,98,15,15
57412,81,84,-3,3
57413,92,79,13,13
57414,112,92,20,20
57415,113,104,9,9
57416,119,99,20,20
57417,68,63,5,5
57418,183,144,39,39
57419,154,127,27,27
57420,115,104,11,11
57421,173,168,5,5
57422,108,92,16,16
57423,124,120,4,4
57424,71,61,10,10
57425,84,72,12,12
57426,80,78,2,2
57427,90,92,-2,2
57428,74,64,10,10
57429,89,71,18,18
57430,81,82,-1,1
57431,100,82,18,18
57432,136,122,14,14
57433,55,53,2,2
57434,105,96,9,9
57435,77,69,8,8
57436,192,168,24,24
57437,99,82,17,17
57438,90,81,9,9
57439,134,113,21,21
57440,113,98,15,15
57441,90,78,12,12
57442,150,122,28,28
57443,52,51,1,1
57444,102,90,12,12
57445,55,48,7,7
57446,110,98,12,12
57447,57,54,3,3
57448,57,55,2,2
57449,97,87,10,10
57450,117,110,7,7
57451,83,80,3,3
57452,121,102,19,19
57453,58,58,0,0
57454,101,90,11,11
57455,63,62,1,1
57456,105,93,12,12
57457,94,80,14,14
57458,138,121,17,17
57459,62,57,5,5
57460,113,105,8,8
57461,50,52,-2,2
57462,90,85,5,5
57463,135,124,11,11
57464,68,57,11,11
57465,94,85,9,9
57466,63,59,4,4
57467,179,144,35,35
57468,78,70,8,8
57469,197,160,37,37
57470,124,112,12,12
57471,115,117,-2,2
57472,105,89,16,16
57473,135,121,14,14
57474,59,56,3,3
57475,75,81,-6,6
57476,131,110,21,21
57477,125,115,10,10
57478,82,84,-2,2
57479,193,160,33,33
57480,23,33,-10,10
57481,67,61,6,6
57482,204,170,34,34
57483,78,76,2,2
57484,95,92,3,3
57485,143,128,15,15
57486,69,64,5,5
57487,78,67,11,11
57488,185,160,25,25
57489,60,60,0,0
57490,93,77,16,16
57491,49,46,3,3
57492,151,120,31,31
57493,93,81,12,12
57494,109,91,18,18
57495,58,53,5,5
57496,132,104,28,28
57497,85,71,14,14
57498,118,90,28,28
57499,69,68,1,1
57500,76,72,4,4
57501,68,71,-3,3
57502,68,65,3,3
57503,103,102,1,1
57504,116,103,13,13
57505,189,149,40,40
57506,64,65,-1,1
57507,54,48,6,6
57508,99,92,7,7
57509,140,116,24,24
57510,52,46,6,6
57511,144,127,17,17
57512,96,86,10,10
57513,60,77,-17,17
57514,131,118,13,13
57515,101,102,-1,1
57516,21,39,-18,18
57517,77,71,6,6
57518,94,87,7,7
57519,64,57,7,7
57520,77,65,12,12
57521,89,83,6,6
57522,68,64,4,4
57523,100,69,31,31
57524,94,85,9,9
57525,99,87,12,12
57526,104,97,7,7
57527,76,71,5,5
57528,41,43,-2,2
57529,89,75,14,14
57530,159,124,35,35
57531,145,116,29,29
57532,89,76,13,13
57533,117,109,8,8
57534,56,59,-3,3
57535,112,98,14,14
57536,59,53,6,6
57537,54,52,2,2
57538,83,72,11,11
57539,70,69,1,1
57540,64,62,2,2
57541,134,117,17,17
57542,107,107,0,0
57543,81,75,6,6
57544,117,111,6,6
57545,123,114,9,9
57546,114,93,21,21
57547,173,143,30,30
57548,79,66,13,13
57549,117,97,20,20
57550,32,37,-5,5
57551,87,75,12,12
57552,189,169,20,20
57553,70,72,-2,2
57554,155,120,35,35
57555,81,77,4,4
57556,168,144,24,24
57557,114,102,12,12
57558,153,141,12,12
57559,124,103,21,21
57560,51,44,7,7
57561,105,101,4,4
57562,101,106,-5,5
57563,86,82,4,4
57564,129,110,19,19
57565,122,103,19,19
57566,149,126,23,23
57567,85,74,11,11
57568,73,66,7,7
57569,66,65,1,1
57570,180,143,37,37
57571,33,36,-3,3
57572,70,70,0,0
57573,101,105,-4,4
57574,89,88,1,1
57575,120,107,13,13
57576,121,103,18,18
57577,91,84,7,7
57578,90,81,9,9
57579,121,105,16,16
57580,154,142,12,12
57581,110,95,15,15
57582,65,54,11,11
57583,107,112,-5,5
57584,141,123,18,18
57585,61,62,-1,1
57586,119,110,9,9
57587,135,125,10,10
57588,185,147,38,38
57589,46,47,-1,1
57590,89,79,10,10
57591,134,117,17,17
57592,102,89,13,13
57593,138,124,14,14
57594,104,88,16,16
57595,176,149,27,27
57596,112,99,13,13
57597,135,123,12,12
57598,119,107,12,12
57599,82,70,12,12
57600,99,92,7,7
57601,119,101,18,18
57602,98,100,-2,2
57603,96,93,3,3
57604,90,91,-1,1
57605,81,67,14,14
57606,65,61,4,4
57607,120,103,17,17
57608,90,79,11,11
57609,80,78,2,2
57610,81,81,0,0
57611,78,89,-11,11
57612,82,70,12,12
57613,155,120,35,35
57614,77,67,10,10
57615,116,108,8,8
57616,78,73,5,5
57617,69,61,8,8
57618,64,62,2,2
57619,88,81,7,7
57620,56,55,1,1
57621,62,63,-1,1
57622,49,52,-3,3
57623,120,98,22,22
57624,154,133,21,21
57625,86,80,6,6
57626,61,63,-2,2
57627,66,59,7,7
57628,145,113,32,32
57629,83,83,0,0
57630,136,115,21,21
57631,88,89,-1,1
57632,71,73,-2,2
57633,93,80,13,13
57634,97,84,13,13
57635,94,79,15,15
57636,97,92,5,5
57637,57,61,-4,4
57638,142,124,18,18
57639,119,104,15,15
57640,87,85,2,2
57641,131,125,6,6
57642,119,109,10,10
57643,76,66,10,10
57644,55,49,6,6
57645,106,92,14,14
57646,70,70,0,0
57647,103,93,10,10
57648,96,80,16,16
57649,150,131,19,19
57650,128,118,10,10
57651,38,40,-2,2
57652,65,72,-7,7
57653,79,71,8,8
57654,96,80,16,16
57655,88,77,11,11
57656,185,184,1,1
57657,81,70,11,11
57658,151,124,27,27
57659,94,85,9,9
57660,72,70,2,2
57661,110,97,13,13
57662,109,94,15,15
57663,80,69,11,11
57664,68,67,1,1
57665,111,90,21,21
57666,67,66,1,1
57667,95,84,11,11
57668,114,105,9,9
57669,51,50,1,1
57670,111,98,13,13
57671,118,96,22,22
57672,157,122,35,35
57673,82,79,3,3
57674,119,88,31,31
57675,73,68,5,5
57676,88,74,14,14
57677,46,43,3,3
57678,61,58,3,3
57679,81,77,4,4
57680,117,103,14,14
57681,87,76,11,11
57682,71,59,12,12
57683,70,62,8,8
57684,98,98,0,0
57685,89,83,6,6
57686,100,84,16,16
57687,124,102,22,22
57688,166,140,26,26
57689,90,79,11,11
57690,43,43,0,0
57691,175,142,33,33
57692,104,98,6,6
57693,180,155,25,25
57694,57,52,5,5
57695,36,44,-8,8
57696,144,138,6,6
57697,136,117,19,19
57698,56,54,2,2
57699,93,89,4,4
57700,91,82,9,9
57701,98,88,10,10
57702,82,62,20,20
57703,101,102,-1,1
57704,113,103,10,10
57705,53,55,-2,2
57706,55,54,1,1
57707,120,102,18,18
57708,105,92,13,13
57709,71,69,2,2
57710,78,70,8,8
57711,165,145,20,20
57712,82,78,4,4
57713,126,106,20,20
57714,114,98,16,16
57715,143,121,22,22
57716,118,105,13,13
57717,94,89,5,5
57718,41,40,1,1
57719,67,62,5,5
57720,83,73,10,10
57721,119,92,27,27
57722,62,60,2,2
57723,55,49,6,6
57724,95,89,6,6
57725,91,88,3,3
57726,68,65,3,3
57727,144,131,13,13
57728,64,61,3,3
57729,43,56,-13,13
57730,81,79,2,2
57731,94,76,18,18
57732,77,70,7,7
57733,167,152,15,15
57734,51,56,-5,5
57735,117,97,20,20
57736,93,85,8,8
57737,71,67,4,4
57738,64,63,1,1
57739,168,141,27,27
57740,98,90,8,8
57741,38,39,-1,1
57742,124,104,20,20
57743,104,102,2,2
57744,45,43,2,2
57745,36,41,-5,5
57746,82,75,7,7
57747,120,100,20,20
57748,108,104,4,4
57749,43,45,-2,2
57750,85,73,12,12
57751,146,124,22,22
57752,82,91,-9,9
57753,115,96,19,19
57754,98,81,17,17
57755,87,75,12,12
57756,124,115,9,9
57757,86,77,9,9
57758,92,99,-7,7
57759,109,85,24,24
57760,125,109,16,16
57761,140,132,8,8
57762,84,93,-9,9
57763,66,64,2,2
57764,131,109,22,22
57765,81,67,14,14
57766,88,77,11,11
57767,143,137,6,6
57768,74,72,2,2
57769,118,116,2,2
57770,56,59,-3,3
57771,61,56,5,5
57772,112,105,7,7
57773,119,97,22,22
57774,102,85,17,17
57775,101,112,-11,11
57776,71,64,7,7
57777,118,102,16,16
57778,119,120,-1,1
57779,83,79,4,4
57780,133,109,24,24
57781,57,55,2,2
57782,87,78,9,9
57783,6,35,-29,29
57784,76,77,-1,1
57785,124,106,18,18
57786,28,33,-5,5
57787,65,58,7,7
57788,86,69,17,17
57789,111,104,7,7
57790,59,63,-4,4
57791,94,85,9,9
57792,97,102,-5,5
57793,115,107,8,8
57794,75,71,4,4
57795,144,123,21,21
57796,86,88,-2,2
57797,74,68,6,6
57798,102,95,7,7
57799,79,70,9,9
57800,99,87,12,12
57801,140,141,-1,1
57802,101,92,9,9
57803,156,126,30,30
57804,92,80,12,12
57805,70,68,2,2
57806,59,66,-7,7
57807,116,100,16,16
57808,138,121,17,17
57809,136,128,8,8
57810,61,57,4,4
57811,53,53,0,0
57812,79,67,12,12
57813,90,78,12,12
57814,127,109,18,18
57815,177,134,43,43
57816,110,107,3,3
57817,129,110,19,19
57818,106,112,-6,6
57819,74,71,3,3
57820,154,140,14,14
57821,129,116,13,13
57822,73,66,7,7
57823,77,78,-1,1
57824,84,83,1,1
57825,103,89,14,14
57826,90,109,-19,19
57827,109,97,12,12
57828,68,60,8,8
57829,72,62,10,10
57830,105,104,1,1
57831,65,61,4,4
57832,95,82,13,13
57833,133,119,14,14
57834,103,85,18,18
57835,107,101,6,6
57836,79,69,10,10
57837,116,98,18,18
57838,91,77,14,14
57839,72,76,-4,4
57840,66,77,-11,11
57841,147,123,24,24
57842,90,91,-1,1
57843,192,188,4,4
57844,98,99,-1,1
57845,105,91,14,14
57846,44,46,-2,2
57847,102,82,20,20
57848,82,82,0,0
57849,107,96,11,11
57850,102,90,12,12
57851,135,111,24,24
57852,157,129,28,28
57853,61,54,7,7
57854,155,131,24,24
57855,121,117,4,4
57856,77,69,8,8
57857,142,122,20,20
57858,95,82,13,13
57859,104,89,15,15
57860,77,71,6,6
57861,135,116,19,19
57862,101,90,11,11
57863,65,56,9,9
57864,108,95,13,13
57865,46,48,-2,2
57866,196,169,27,27
57867,83,76,7,7
57868,92,77,15,15
57869,66,55,11,11
57870,87,75,12,12
57871,76,69,7,7
57872,24,38,-14,14
57873,94,94,0,0
57874,85,67,18,18
57875,147,171,-24,24
57876,104,103,1,1
57877,97,87,10,10
57878,159,129,30,30
57879,103,90,13,13
57880,114,105,9,9
57881,133,120,13,13
57882,66,61,5,5
57883,101,94,7,7
57884,71,62,9,9
57885,85,78,7,7
57886,87,68,19,19
57887,116,84,32,32
57888,88,74,14,14
57889,64,58,6,6
57890,48,47,1,1
57891,55,55,0,0
57892,61,81,-20,20
57893,86,88,-2,2
57894,56,50,6,6
57895,58,49,9,9
57896,77,72,5,5
57897,70,69,1,1
57898,78,78,0,0
57899,136,115,21,21
57900,69,65,4,4
57901,68,59,9,9
57902,102,89,13,13
57903,67,61,6,6
57904,82,71,11,11
57905,54,48,6,6
57906,70,70,0,0
57907,83,73,10,10
57908,129,107,22,22
57909,43,42,1,1
57910,46,56,-10,10
57911,119,108,11,11
57912,50,47,3,3
57913,76,71,5,5
57914,168,144,24,24
57915,83,74,9,9
57916,116,96,20,20
57917,121,120,1,1
57918,96,95,1,1
57919,126,118,8,8
57920,86,79,7,7
57921,85,72,13,13
57922,93,74,19,19
57923,52,53,-1,1
57924,129,113,16,16
57925,87,77,10,10
57926,38,41,-3,3
57927,61,71,-10,10
57928,77,72,5,5
57929,73,66,7,7
57930,143,134,9,9
57931,59,59,0,0
57932,57,57,0,0
57933,64,62,2,2
57934,140,121,19,19
57935,109,104,5,5
57936,91,81,10,10
57937,64,61,3,3
57938,105,83,22,22
57939,121,99,22,22
57940,65,55,10,10
57941,80,76,4,4
57942,75,70,5,5
57943,90,76,14,14
57944,93,92,1,1
57945,60,59,1,1
57946,75,71,4,4
57947,97,89,8,8
57948,130,112,18,18
57949,111,94,17,17
57950,82,69,13,13
57951,102,90,12,12
57952,72,65,7,7
57953,180,160,20,20
57954,71,76,-5,5
57955,92,82,10,10
57956,109,97,12,12
57957,113,97,16,16
57958,117,103,14,14
57959,105,94,11,11
57960,85,75,10,10
57961,75,63,12,12
57962,77,71,6,6
57963,79,72,7,7
57964,106,90,16,16
57965,52,59,-7,7
57966,107,76,31,31
57967,89,84,5,5
57968,150,129,21,21
57969,84,77,7,7
57970,78,75,3,3
57971,124,104,20,20
57972,58,57,1,1
57973,110,101,9,9
57974,108,99,9,9
57975,95,97,-2,2
57976,139,113,26,26
57977,92,83,9,9
57978,63,64,-1,1
57979,81,77,4,4
57980,103,84,19,19
57981,75,68,7,7
57982,75,79,-4,4
57983,125,110,15,15
57984,98,99,-1,1
57985,101,90,11,11
57986,73,76,-3,3
57987,95,84,11,11
57988,120,102,18,18
57989,90,95,-5,5
57990,178,141,37,37
57991,111,103,8,8
57992,90,81,9,9
57993,91,71,20,20
57994,92,73,19,19
57995,77,72,5,5
57996,87,76,11,11
57997,121,106,15,15
57998,99,82,17,17
57999,119,114,5,5
58000,85,87,-2,2
58001,102,93,9,9
58002,102,88,14,14
58003,68,58,10,10
58004,159,126,33,33
58005,91,71,20,20
58006,85,81,4,4
58007,77,78,-1,1
58008,136,125,11,11
58009,182,147,35,35
58010,101,92,9,9
58011,63,53,10,10
58012,89,94,-5,5
58013,78,73,5,5
58014,104,91,13,13
58015,113,99,14,14
58016,88,82,6,6
58017,87,78,9,9
58018,182,144,38,38
58019,97,86,11,11
58020,123,108,15,15
58021,93,109,-16,16
58022,77,58,19,19
58023,87,77,10,10
58024,71,68,3,3
58025,60,54,6,6
58026,95,92,3,3
58027,92,77,15,15
58028,78,69,9,9
58029,84,83,1,1
58030,153,128,25,25
58031,140,132,8,8
58032,99,79,20,20
58033,57,53,4,4
58034,83,82,1,1
58035,79,69,10,10
58036,87,82,5,5
58037,85,95,-10,10
58038,80,75,5,5
58039,69,69,0,0
58040,68,66,2,2
58041,94,89,5,5
58042,79,79,0,0
58043,115,102,13,13
58044,59,58,1,1
58045,183,169,14,14
58046,64,60,4,4
58047,109,92,17,17
58048,54,47,7,7
58049,62,57,5,5
58050,69,76,-7,7
58051,62,55,7,7
58052,71,66,5,5
58053,140,120,20,20
58054,73,66,7,7
58055,124,112,12,12
58056,86,84,2,2
58057,142,134,8,8
58058,170,148,22,22
58059,69,62,7,7
58060,124,113,11,11
58061,123,115,8,8
58062,104,80,24,24
58063,65,68,-3,3
58064,110,99,11,11
58065,80,69,11,11
58066,66,64,2,2
58067,96,87,9,9
58068,116,111,5,5
58069,74,66,8,8
58070,59,54,5,5
58071,64,54,10,10
58072,115,107,8,8
58073,89,77,12,12
58074,136,109,27,27
58075,51,49,2,2
58076,73,66,7,7
58077,68,73,-5,5
58078,116,101,15,15
58079,135,124,11,11
58080,29,35,-6,6
58081,96,80,16,16
58082,38,54,-16,16
58083,170,150,20,20
58084,125,111,14,14
58085,160,130,30,30
58086,108,105,3,3
58087,144,125,19,19
58088,70,59,11,11
58089,100,86,14,14
58090,62,59,3,3
58091,129,113,16,16
58092,99,82,17,17
58093,93,90,3,3
58094,108,87,21,21
58095,59,51,8,8
58096,43,46,-3,3
58097,119,100,19,19
58098,71,58,13,13
58099,147,147,0,0
58100,60,56,4,4
58101,79,81,-2,2
58102,64,65,-1,1
58103,73,68,5,5
58104,105,97,8,8
58105,80,72,8,8
58106,79,76,3,3
58107,90,80,10,10
58108,89,73,16,16
58109,73,65,8,8
58110,113,105,8,8
58111,78,79,-1,1
58112,63,76,-13,13
58113,142,118,24,24
58114,145,143,2,2
58115,95,88,7,7
58116,101,90,11,11
58117,126,101,25,25
58118,154,126,28,28
58119,184,139,45,45
58120,116,108,8,8
58121,84,79,5,5
58122,129,118,11,11
58123,74,69,5,5
58124,97,85,12,12
58125,88,98,-10,10
58126,102,97,5,5
58127,69,66,3,3
58128,73,73,0,0
58129,77,63,14,14
58130,98,89,9,9
58131,78,75,3,3
58132,108,82,26,26
58133,78,72,6,6
58134,86,86,0,0
58135,70,60,10,10
58136,70,68,2,2
58137,78,68,10,10
58138,81,71,10,10
58139,55,57,-2,2
58140,37,39,-2,2
58141,80,73,7,7
58142,68,63,5,5
58143,130,117,13,13
58144,100,87,13,13
58145,71,71,0,0
58146,97,88,9,9
58147,147,131,16,16
58148,93,87,6,6
58149,165,151,14,14
58150,70,69,1,1
58151,59,62,-3,3
58152,46,45,1,1
58153,132,105,27,27
58154,90,70,20,20
58155,208,177,31,31
58156,124,116,8,8
58157,92,90,2,2
58158,75,68,7,7
58159,103,90,13,13
58160,47,48,-1,1
58161,72,58,14,14
58162,65,61,4,4
58163,107,98,9,9
58164,131,117,14,14
58165,67,70,-3,3
58166,119,103,16,16
58167,63,60,3,3
58168,153,122,31,31
58169,72,69,3,3
58170,131,129,2,2
58171,92,80,12,12
58172,70,64,6,6
58173,93,90,3,3
58174,48,60,-12,12
58175,75,65,10,10
58176,185,163,22,22
58177,90,73,17,17
58178,53,50,3,3
58179,130,116,14,14
58180,139,129,10,10
58181,92,89,3,3
58182,77,98,-21,21
58183,130,106,24,24
58184,88,74,14,14
58185,68,70,-2,2
58186,144,111,33,33
58187,73,71,2,2
58188,136,122,14,14
58189,115,99,16,16
58190,79,77,2,2
58191,97,87,10,10
58192,70,63,7,7
58193,76,76,0,0
58194,110,96,14,14
58195,103,106,-3,3
58196,106,96,10,10
58197,82,75,7,7
58198,82,81,1,1
58199,64,59,5,5
58200,108,98,10,10
58201,162,136,26,26
58202,64,64,0,0
58203,42,45,-3,3
58204,128,113,15,15
58205,93,78,15,15
58206,83,72,11,11
58207,75,63,12,12
58208,113,98,15,15
58209,131,115,16,16
58210,70,60,10,10
58211,82,77,5,5
58212,53,52,1,1
58213,92,84,8,8
58214,123,104,19,19
58215,132,111,21,21
58216,71,65,6,6
58217,83,77,6,6
58218,52,49,3,3
58219,102,90,12,12
58220,51,54,-3,3
58221,90,75,15,15
58222,121,113,8,8
58223,125,113,12,12
58224,66,61,5,5
58225,99,97,2,2
58226,71,76,-5,5
58227,103,91,12,12
58228,87,82,5,5
58229,130,117,13,13
58230,74,69,5,5
58231,171,146,25,25
58232,146,113,33,33
58233,81,73,8,8
58234,72,61,11,11
58235,81,87,-6,6
58236,58,56,2,2
58237,111,96,15,15
58238,148,130,18,18
58239,76,68,8,8
58240,78,67,11,11
58241,91,88,3,3
58242,91,85,6,6
58243,70,67,3,3
58244,155,123,32,32
58245,89,85,4,4
58246,55,46,9,9
58247,97,78,19,19
58248,71,65,6,6
58249,134,124,10,10
58250,85,71,14,14
58251,76,67,9,9
58252,98,97,1,1
58253,51,53,-2,2
58254,111,97,14,14
58255,59,59,0,0
58256,112,97,15,15
58257,43,40,3,3
58258,122,102,20,20
58259,62,68,-6,6
58260,57,53,4,4
58261,94,91,3,3
58262,92,82,10,10
58263,113,109,4,4
58264,125,106,19,19
58265,98,92,6,6
58266,58,57,1,1
58267,110,95,15,15
58268,69,67,2,2
58269,57,62,-5,5
58270,54,49,5,5
58271,69,62,7,7
58272,84,87,-3,3
58273,81,85,-4,4
58274,72,68,4,4
58275,120,99,21,21
58276,59,60,-1,1
58277,121,102,19,19
58278,54,56,-2,2
58279,62,59,3,3
58280,83,71,12,12
58281,85,72,13,13
58282,102,96,6,6
58283,109,88,21,21
58284,128,126,2,2
58285,128,104,24,24
58286,155,107,48,48
58287,75,73,2,2
58288,44,38,6,6
58289,106,97,9,9
58290,122,100,22,22
58291,99,86,13,13
58292,76,71,5,5
58293,93,81,12,12
58294,59,58,1,1
58295,115,96,19,19
58296,147,125,22,22
58297,104,97,7,7
58298,56,56,0,0
58299,119,103,16,16
58300,92,86,6,6
58301,55,54,1,1
58302,70,60,10,10
58303,79,75,4,4
58304,106,91,15,15
58305,141,114,27,27
58306,142,125,17,17
58307,100,93,7,7
58308,71,64,7,7
58309,37,38,-1,1
58310,58,56,2,2
58311,107,102,5,5
58312,104,93,11,11
58313,125,111,14,14
58314,95,113,-18,18
58315,164,138,26,26
58316,45,52,-7,7
58317,86,73,13,13
58318,101,90,11,11
58319,117,101,16,16
58320,85,90,-5,5
58321,60,57,3,3
58322,141,135,6,6
58323,101,94,7,7
58324,113,91,22,22
58325,108,99,9,9
58326,86,76,10,10
58327,121,99,22,22
58328,165,158,7,7
58329,58,53,5,5
58330,165,145,20,20
58331,99,91,8,8
58332,77,77,0,0
58333,120,105,15,15
58334,132,108,24,24
58335,138,111,27,27
58336,104,114,-10,10
58337,59,54,5,5
58338,68,59,9,9
58339,76,73,3,3
58340,81,81,0,0
58341,126,109,17,17
58342,125,89,36,36
58343,39,38,1,1
58344,103,74,29,29
58345,64,66,-2,2
58346,120,99,21,21
58347,53,51,2,2
58348,81,71,10,10
58349,128,108,20,20
58350,75,69,6,6
58351,67,55,12,12
58352,158,127,31,31
58353,77,84,-7,7
58354,140,126,14,14
58355,75,75,0,0
58356,114,105,9,9
58357,82,73,9,9
58358,96,88,8,8
58359,142,116,26,26
58360,84,87,-3,3
58361,84,62,22,22
58362,69,63,6,6
58363,63,60,3,3
58364,83,79,4,4
58365,136,120,16,16
58366,107,94,13,13
58367,95,87,8,8
58368,157,124,33,33
58369,89,82,7,7
58370,85,77,8,8
58371,102,93,9,9
58372,103,98,5,5
58373,88,77,11,11
58374,100,87,13,13
58375,69,62,7,7
58376,84,69,15,15
58377,32,36,-4,4
58378,52,52,0,0
58379,156,129,27,27
58380,71,59,12,12
58381,114,103,11,11
58382,83,76,7,7
58383,81,75,6,6
58384,164,130,34,34
58385,109,95,14,14
58386,89,87,2,2
58387,125,96,29,29
58388,82,69,13,13
58389,73,68,5,5
58390,117,128,-11,11
58391,69,66,3,3
58392,98,85,13,13
58393,114,90,24,24
58394,86,77,9,9
58395,112,93,19,19
58396,96,92,4,4
58397,113,98,15,15
58398,86,87,-1,1
58399,130,111,19,19
58400,80,72,8,8
58401,134,122,12,12
58402,158,143,15,15
58403,59,53,6,6
58404,55,54,1,1
58405,87,83,4,4
58406,42,44,-2,2
58407,76,70,6,6
58408,62,55,7,7
58409,119,103,16,16
58410,103,94,9,9
58411,172,154,18,18
58412,134,121,13,13
58413,68,62,6,6
58414,62,55,7,7
58415,57,59,-2,2
58416,147,122,25,25
58417,93,83,10,10
58418,116,101,15,15
58419,161,142,19,19
58420,79,85,-6,6
58421,148,131,17,17
58422,118,103,15,15
58423,46,53,-7,7
58424,130,119,11,11
58425,163,136,27,27
58426,56,56,0,0
58427,74,65,9,9
58428,66,70,-4,4
58429,84,67,17,17
58430,76,75,1,1
58431,88,76,12,12
58432,69,64,5,5
58433,60,59,1,1
58434,75,68,7,7
58435,164,136,28,28
58436,71,75,-4,4
58437,125,95,30,30
58438,86,82,4,4
58439,62,55,7,7
58440,82,75,7,7
58441,55,53,2,2
58442,58,66,-8,8
58443,52,57,-5,5
58444,107,92,15,15
58445,82,83,-1,1
58446,118,103,15,15
58447,104,91,13,13
58448,65,60,5,5
58449,148,146,2,2
58450,104,95,9,9
58451,189,160,29,29
58452,126,117,9,9
58453,92,77,15,15
58454,122,109,13,13
58455,75,69,6,6
58456,99,90,9,9
58457,99,88,11,11
58458,154,137,17,17
58459,89,88,1,1
58460,145,131,14,14
58461,81,66,15,15
58462,146,140,6,6
58463,171,153,18,18
58464,52,52,0,0
58465,81,69,12,12
58466,102,90,12,12
58467,137,133,4,4
58468,43,42,1,1
58469,93,85,8,8
58470,62,59,3,3
58471,110,93,17,17
58472,78,69,9,9
58473,112,107,5,5
58474,64,65,-1,1
58475,52,49,3,3
58476,51,63,-12,12
58477,71,72,-1,1
58478,62,59,3,3
58479,54,44,10,10
58480,81,60,21,21
58481,156,121,35,35
58482,76,72,4,4
58483,74,62,12,12
58484,63,63,0,0
58485,59,49,10,10
58486,45,43,2,2
58487,127,97,30,30
58488,110,91,19,19
58489,68,62,6,6
58490,89,82,7,7
58491,64,60,4,4
58492,116,110,6,6
58493,68,67,1,1
58494,211,185,26,26
58495,93,80,13,13
58496,79,74,5,5
58497,84,77,7,7
58498,73,64,9,9
58499,82,71,11,11
58500,80,86,-6,6
58501,75,70,5,5
58502,83,78,5,5
58503,123,108,15,15
58504,52,47,5,5
58505,133,110,23,23
58506,90,80,10,10
58507,70,62,8,8
58508,74,75,-1,1
58509,84,80,4,4
58510,90,85,5,5
58511,92,85,7,7
58512,55,60,-5,5
58513,62,62,0,0
58514,120,106,14,14
58515,84,78,6,6
58516,83,70,13,13
58517,95,103,-8,8
58518,79,67,12,12
58519,89,85,4,4
58520,149,128,21,21
58521,81,100,-19,19
58522,91,87,4,4
58523,87,69,18,18
58524,76,71,5,5
58525,45,46,-1,1
58526,226,196,30,30
58527,125,110,15,15
58528,148,145,3,3
58529,60,57,3,3
58530,134,121,13,13
58531,165,139,26,26
58532,129,109,20,20
58533,65,58,7,7
58534,89,79,10,10
58535,95,90,5,5
58536,83,76,7,7
58537,79,70,9,9
58538,111,94,17,17
58539,83,74,9,9
58540,121,107,14,14
58541,97,89,8,8
58542,114,104,10,10
58543,55,50,5,5
58544,118,103,15,15
58545,95,84,11,11
58546,80,70,10,10
58547,112,102,10,10
58548,127,107,20,20
58549,140,118,22,22
58550,100,150,-50,50
58551,50,51,-1,1
58552,130,114,16,16
58553,77,72,5,5
58554,86,87,-1,1
58555,117,93,24,24
58556,163,140,23,23
58557,78,72,6,6
58558,118,102,16,16
58559,110,103,7,7
58560,93,77,16,16
58561,76,84,-8,8
58562,71,59,12,12
58563,85,79,6,6
58564,39,40,-1,1
58565,77,75,2,2
58566,57,53,4,4
58567,68,63,5,5
58568,74,67,7,7
58569,80,70,10,10
58570,86,82,4,4
58571,55,52,3,3
58572,129,102,27,27
58573,181,165,16,16
58574,71,66,5,5
58575,106,116,-10,10
58576,43,42,1,1
58577,157,136,21,21
58578,68,61,7,7
58579,134,114,20,20
58580,137,133,4,4
58581,71,66,5,5
58582,48,45,3,3
58583,45,49,-4,4
58584,75,70,5,5
58585,67,74,-7,7
58586,108,90,18,18
58587,81,73,8,8
58588,94,88,6,6
58589,229,205,24,24
58590,58,58,0,0
58591,75,72,3,3
58592,97,103,-6,6
58593,142,126,16,16
58594,196,143,53,53
58595,78,72,6,6
58596,101,101,0,0
58597,100,86,14,14
58598,82,69,13,13
58599,100,92,8,8
58600,81,78,3,3
58601,81,80,1,1
58602,106,123,-17,17
58603,74,61,13,13
58604,77,80,-3,3
58605,124,107,17,17
58606,35,38,-3,3
58607,76,74,2,2
58608,106,94,12,12
58609,83,81,2,2
58610,82,77,5,5
58611,77,71,6,6
58612,113,101,12,12
58613,86,74,12,12
58614,115,103,12,12
58615,98,85,13,13
58616,69,71,-2,2
58617,90,87,3,3
58618,99,84,15,15
58619,59,63,-4,4
58620,109,92,17,17
58621,72,70,2,2
58622,130,112,18,18
58623,118,108,10,10
58624,113,100,13,13
58625,98,89,9,9
58626,102,86,16,16
58627,142,114,28,28
58628,95,93,2,2
58629,89,83,6,6
58630,45,54,-9,9
58631,35,37,-2,2
58632,54,54,0,0
58633,102,80,22,22
58634,27,33,-6,6
58635,66,60,6,6
58636,35,43,-8,8
58637,115,97,18,18
58638,148,131,17,17
58639,98,83,15,15
58640,115,104,11,11
58641,79,80,-1,1
58642,84,78,6,6
58643,147,129,18,18
58644,79,68,11,11
58645,62,57,5,5
58646,95,79,16,16
58647,71,66,5,5
58648,66,64,2,2
58649,84,77,7,7
58650,142,120,22,22
58651,142,115,27,27
58652,91,82,9,9
58653,102,88,14,14
58654,105,122,-17,17
58655,66,59,7,7
58656,83,81,2,2
58657,63,59,4,4
58658,66,65,1,1
58659,109,108,1,1
58660,71,66,5,5
58661,92,82,10,10
58662,139,133,6,6
58663,117,107,10,10
58664,120,109,11,11
58665,94,101,-7,7
58666,99,88,11,11
58667,58,52,6,6
58668,129,116,13,13
58669,66,68,-2,2
58670,126,99,27,27
58671,111,106,5,5
58672,54,50,4,4
58673,153,117,36,36
58674,82,75,7,7
58675,56,56,0,0
58676,59,58,1,1
58677,146,120,26,26
58678,64,61,3,3
58679,56,54,2,2
58680,60,55,5,5
58681,21,47,-26,26
58682,132,121,11,11
58683,85,78,7,7
58684,113,98,15,15
58685,81,73,8,8
58686,110,100,10,10
58687,98,85,13,13
58688,86,81,5,5
58689,102,90,12,12
58690,129,130,-1,1
58691,89,78,11,11
58692,121,111,10,10
58693,104,92,12,12
58694,63,61,2,2
58695,138,124,14,14
58696,119,122,-3,3
58697,92,81,11,11
58698,113,98,15,15
58699,97,89,8,8
58700,162,141,21,21
58701,41,45,-4,4
58702,112,103,9,9
58703,124,108,16,16
58704,76,69,7,7
58705,116,108,8,8
58706,86,75,11,11
58707,69,60,9,9
58708,99,97,2,2
58709,65,63,2,2
58710,70,74,-4,4
58711,111,89,22,22
58712,79,68,11,11
58713,92,87,5,5
58714,92,76,16,16
58715,126,113,13,13
58716,109,98,11,11
58717,65,69,-4,4
58718,79,70,9,9
58719,160,140,20,20
58720,75,74,1,1
58721,95,82,13,13
58722,97,86,11,11
58723,102,93,9,9
58724,75,67,8,8
58725,119,109,10,10
58726,31,33,-2,2
58727,137,114,23,23
58728,99,98,1,1
58729,135,116,19,19
58730,143,130,13,13
58731,128,112,16,16
58732,135,120,15,15
58733,56,49,7,7
58734,79,68,11,11
58735,157,124,33,33
58736,103,106,-3,3
58737,147,127,20,20
58738,78,71,7,7
58739,124,109,15,15
58740,57,61,-4,4
58741,63,74,-11,11
58742,79,66,13,13
58743,87,84,3,3
58744,105,89,16,16
58745,119,102,17,17
58746,41,41,0,0
58747,62,64,-2,2
58748,148,137,11,11
58749,113,99,14,14
58750,236,191,45,45
58751,49,52,-3,3
58752,78,76,2,2
58753,105,97,8,8
58754,136,116,20,20
58755,93,87,6,6
58756,55,56,-1,1
58757,87,84,3,3
58758,67,68,-1,1
58759,113,95,18,18
58760,52,51,1,1
58761,102,115,-13,13
58762,149,118,31,31
58763,65,69,-4,4
58764,106,89,17,17
58765,88,77,11,11
58766,175,141,34,34
58767,116,112,4,4
58768,128,114,14,14
58769,86,80,6,6
58770,154,124,30,30
58771,93,83,10,10
58772,65,86,-21,21
58773,119,107,12,12
58774,81,71,10,10
58775,93,102,-9,9
58776,77,76,1,1
58777,144,108,36,36
58778,105,97,8,8
58779,111,87,24,24
58780,143,117,26,26
58781,96,84,12,12
58782,86,89,-3,3
58783,78,70,8,8
58784,136,118,18,18
58785,82,72,10,10
58786,91,80,11,11
58787,83,80,3,3
58788,106,99,7,7
58789,94,89,5,5
58790,99,92,7,7
58791,78,68,10,10
58792,154,130,24,24
58793,77,59,18,18
58794,184,154,30,30
58795,192,159,33,33
58796,77,69,8,8
58797,105,100,5,5
58798,62,63,-1,1
58799,103,91,12,12
58800,59,58,1,1
58801,77,65,12,12
58802,155,143,12,12
58803,90,78,12,12
58804,98,109,-11,11
58805,93,84,9,9
58806,132,119,13,13
58807,115,103,12,12
58808,67,60,7,7
58809,198,175,23,23
58810,90,79,11,11
58811,114,100,14,14
58812,108,96,12,12
58813,77,75,2,2
58814,114,112,2,2
58815,126,124,2,2
58816,86,77,9,9
58817,67,63,4,4
58818,108,96,12,12
58819,92,84,8,8
58820,123,110,13,13
58821,96,91,5,5
58822,64,59,5,5
58823,166,141,25,25
58824,218,190,28,28
58825,89,84,5,5
58826,76,71,5,5
58827,69,64,5,5
58828,122,110,12,12
58829,115,103,12,12
58830,87,97,-10,10
58831,119,105,14,14
58832,95,83,12,12
58833,82,74,8,8
58834,57,56,1,1
58835,100,96,4,4
58836,86,73,13,13
58837,101,84,17,17
58838,65,53,12,12
58839,106,95,11,11
58840,75,67,8,8
58841,142,116,26,26
58842,81,69,12,12
58843,77,75,2,2
58844,59,53,6,6
58845,130,105,25,25
58846,100,83,17,17
58847,92,88,4,4
58848,55,55,0,0
58849,101,114,-13,13
58850,66,59,7,7
58851,108,88,20,20
58852,83,78,5,5
58853,69,61,8,8
58854,140,118,22,22
58855,87,75,12,12
58856,96,88,8,8
58857,167,127,40,40
58858,72,64,8,8
58859,88,83,5,5
58860,124,105,19,19
58861,91,87,4,4
58862,51,48,3,3
58863,87,65,22,22
58864,92,86,6,6
58865,58,56,2,2
58866,45,43,2,2
58867,95,80,15,15
58868,134,110,24,24
58869,91,83,8,8
58870,121,103,18,18
58871,51,45,6,6
58872,58,53,5,5
58873,48,48,0,0
58874,75,72,3,3
58875,46,51,-5,5
58876,56,56,0,0
58877,87,76,11,11
58878,47,60,-13,13
58879,88,84,4,4
58880,112,96,16,16
58881,56,57,-1,1
58882,104,95,9,9
58883,61,54,7,7
58884,96,87,9,9
58885,113,94,19,19
58886,66,58,8,8
58887,153,140,13,13
58888,115,109,6,6
58889,100,91,9,9
58890,73,65,8,8
58891,89,67,22,22
58892,101,101,0,0
58893,82,84,-2,2
58894,89,89,0,0
58895,94,91,3,3
58896,93,79,14,14
58897,113,101,12,12
58898,129,112,17,17
58899,68,58,10,10
58900,68,57,11,11
58901,94,83,11,11
58902,157,133,24,24
58903,99,86,13,13
58904,54,58,-4,4
58905,123,105,18,18
58906,94,76,18,18
58907,183,163,20,20
58908,74,64,10,10
58909,59,55,4,4
58910,173,141,32,32
58911,122,105,17,17
58912,75,66,9,9
58913,77,75,2,2
58914,63,59,4,4
58915,90,88,2,2
58916,56,59,-3,3
58917,82,75,7,7
58918,86,95,-9,9
58919,149,131,18,18
58920,108,93,15,15
58921,73,67,6,6
58922,67,65,2,2
58923,93,86,7,7
58924,55,51,4,4
58925,108,102,6,6
58926,118,105,13,13
58927,30,35,-5,5
58928,70,52,18,18
58929,94,87,7,7
58930,84,72,12,12
58931,77,67,10,10
58932,64,57,7,7
58933,103,93,10,10
58934,93,105,-12,12
58935,91,77,14,14
58936,65,63,2,2
58937,108,91,17,17
58938,117,95,22,22
58939,45,43,2,2
58940,113,107,6,6
58941,70,62,8,8
58942,75,87,-12,12
58943,79,73,6,6
58944,59,53,6,6
58945,59,52,7,7
58946,42,48,-6,6
58947,96,78,18,18
58948,109,91,18,18
58949,95,94,1,1
58950,126,113,13,13
58951,89,86,3,3
58952,99,91,8,8
58953,145,127,18,18
58954,108,92,16,16
58955,84,77,7,7
58956,82,81,1,1
58957,171,141,30,30
58958,103,85,18,18
58959,118,100,18,18
58960,180,146,34,34
58961,61,58,3,3
58962,163,130,33,33
58963,135,132,3,3
58964,152,126,26,26
58965,109,86,23,23
58966,61,62,-1,1
58967,108,99,9,9
58968,181,167,14,14
58969,104,99,5,5
58970,105,91,14,14
58971,68,67,1,1
58972,116,127,-11,11
58973,144,121,23,23
58974,85,71,14,14
58975,141,133,8,8
58976,152,142,10,10
58977,114,105,9,9
58978,143,121,22,22
58979,155,137,18,18
58980,191,159,32,32
58981,102,87,15,15
58982,77,68,9,9
58983,97,93,4,4
58984,85,85,0,0
58985,82,69,13,13
58986,83,71,12,12
58987,64,59,5,5
58988,135,120,15,15
58989,86,72,14,14
58990,59,52,7,7
58991,71,58,13,13
58992,65,50,15,15
58993,134,116,18,18
58994,85,80,5,5
58995,159,138,21,21
58996,145,133,12,12
58997,66,65,1,1
58998,71,70,1,1
58999,154,120,34,34
59000,159,145,14,14
59001,50,51,-1,1
59002,95,93,2,2
59003,81,71,10,10
59004,128,102,26,26
59005,79,71,8,8
59006,93,89,4,4
59007,156,138,18,18
59008,107,95,12,12
59009,48,47,1,1
59010,49,49,0,0
59011,52,102,-50,50
59012,43,47,-4,4
59013,166,143,23,23
59014,59,55,4,4
59015,97,81,16,16
59016,143,138,5,5
59017,107,105,2,2
59018,122,107,15,15
59019,77,66,11,11
59020,77,72,5,5
59021,52,49,3,3
59022,70,63,7,7
59023,93,83,10,10
59024,93,97,-4,4
59025,110,105,5,5
59026,53,54,-1,1
59027,67,60,7,7
59028,185,158,27,27
59029,90,71,19,19
59030,107,93,14,14
59031,148,139,9,9
59032,119,109,10,10
59033,95,96,-1,1
59034,112,89,23,23
59035,171,159,12,12
59036,110,82,28,28
59037,76,76,0,0
59038,99,86,13,13
59039,94,92,2,2
59040,107,103,4,4
59041,73,68,5,5
59042,133,104,29,29
59043,70,73,-3,3
59044,80,63,17,17
59045,149,127,22,22
59046,78,57,21,21
59047,95,86,9,9
59048,79,78,1,1
59049,42,49,-7,7
59050,73,64,9,9
59051,346,224,122,122
59052,70,42,28,28
59053,75,71,4,4
59054,144,134,10,10
59055,63,58,5,5
59056,80,73,7,7
59057,124,101,23,23
59058,69,62,7,7
59059,99,88,11,11
59060,140,105,35,35
59061,117,102,15,15
59062,58,56,2,2
59063,84,79,5,5
59064,47,46,1,1
59065,86,75,11,11
59066,52,52,0,0
59067,77,74,3,3
59068,69,64,5,5
59069,107,92,15,15
59070,118,95,23,23
59071,81,85,-4,4
59072,109,92,17,17
59073,97,95,2,2
59074,85,79,6,6
59075,81,68,13,13
59076,65,55,10,10
59077,101,104,-3,3
59078,90,90,0,0
59079,68,71,-3,3
59080,59,51,8,8
59081,97,89,8,8
59082,104,93,11,11
59083,52,48,4,4
59084,58,56,2,2
59085,64,65,-1,1
59086,92,83,9,9
59087,179,145,34,34
59088,112,94,18,18
59089,100,101,-1,1
59090,60,53,7,7
59091,102,94,8,8
59092,111,96,15,15
59093,100,84,16,16
59094,80,69,11,11
59095,89,77,12,12
59096,124,117,7,7
59097,70,64,6,6
59098,85,85,0,0
59099,79,78,1,1
59100,74,68,6,6
59101,66,60,6,6
59102,75,73,2,2
59103,83,76,7,7
59104,65,64,1,1
59105,119,108,11,11
59106,102,89,13,13
59107,81,77,4,4
59108,77,72,5,5
59109,81,75,6,6
59110,94,89,5,5
59111,103,95,8,8
59112,104,92,12,12
59113,118,94,24,24
59114,90,78,12,12
59115,71,68,3,3
59116,114,96,18,18
59117,120,89,31,31
59118,85,73,12,12
59119,79,75,4,4
59120,49,48,1,1
59121,74,65,9,9
59122,99,89,10,10
59123,106,104,2,2
59124,89,83,6,6
59125,21,36,-15,15
59126,114,103,11,11
59127,90,90,0,0
59128,129,108,21,21
59129,64,57,7,7
59130,44,45,-1,1
59131,150,122,28,28
59132,136,121,15,15
59133,119,112,7,7
59134,68,71,-3,3
59135,87,86,1,1
59136,66,66,0,0
59137,103,93,10,10
59138,117,105,12,12
59139,111,86,25,25
59140,112,82,30,30
59141,101,88,13,13
59142,143,129,14,14
59143,81,75,6,6
59144,180,142,38,38
59145,61,59,2,2
59146,131,114,17,17
59147,70,66,4,4
59148,107,99,8,8
59149,135,113,22,22
59150,92,80,12,12
59151,81,72,9,9
59152,108,95,13,13
59153,90,78,12,12
59154,86,70,16,16
59155,127,105,22,22
59156,47,50,-3,3
59157,130,115,15,15
59158,84,83,1,1
59159,79,73,6,6
59160,91,82,9,9
59161,120,99,21,21
59162,80,74,6,6
59163,59,58,1,1
59164,81,84,-3,3
59165,143,130,13,13
59166,117,90,27,27
59167,143,125,18,18
59168,154,118,36,36
59169,57,58,-1,1
59170,69,63,6,6
59171,44,45,-1,1
59172,84,85,-1,1
59173,96,83,13,13
59174,80,71,9,9
59175,61,70,-9,9
59176,64,70,-6,6
59177,67,62,5,5
59178,108,94,14,14
59179,87,81,6,6
59180,87,77,10,10
59181,112,88,24,24
59182,147,127,20,20
59183,143,124,19,19
59184,124,105,19,19
59185,160,134,26,26
59186,109,99,10,10
59187,71,62,9,9
59188,138,118,20,20
59189,76,69,7,7
59190,96,82,14,14
59191,94,82,12,12
59192,44,41,3,3
59193,83,80,3,3
59194,49,49,0,0
59195,75,77,-2,2
59196,104,100,4,4
59197,75,68,7,7
59198,93,84,9,9
59199,96,93,3,3
59200,81,82,-1,1
59201,80,70,10,10
59202,97,75,22,22
59203,65,65,0,0
59204,46,50,-4,4
59205,79,76,3,3
59206,88,80,8,8
59207,62,69,-7,7
59208,84,70,14,14
59209,70,66,4,4
59210,129,118,11,11
59211,104,73,31,31
59212,116,108,8,8
59213,126,108,18,18
59214,95,91,4,4
59215,66,60,6,6
59216,81,72,9,9
59217,133,103,30,30
59218,95,89,6,6
59219,151,124,27,27
59220,88,82,6,6
59221,110,99,11,11
59222,69,58,11,11
59223,106,88,18,18
59224,64,64,0,0
59225,126,103,23,23
59226,41,46,-5,5
59227,97,87,10,10
59228,46,70,-24,24
59229,52,62,-10,10
59230,66,54,12,12
59231,81,72,9,9
59232,81,76,5,5
59233,85,75,10,10
59234,35,38,-3,3
59235,118,100,18,18
59236,94,86,8,8
59237,92,76,16,16
59238,55,53,2,2
59239,99,86,13,13
59240,68,64,4,4
59241,56,52,4,4
59242,97,94,3,3
59243,110,104,6,6
59244,152,127,25,25
59245,40,44,-4,4
59246,52,58,-6,6
59247,169,156,13,13
59248,160,132,28,28
59249,78,68,10,10
59250,77,81,-4,4
59251,40,43,-3,3
59252,93,105,-12,12
59253,115,98,17,17
59254,108,98,10,10
59255,69,66,3,3
59256,126,136,-10,10
59257,133,130,3,3
59258,116,103,13,13
59259,76,82,-6,6
59260,42,43,-1,1
59261,74,74,0,0
59262,145,124,21,21
59263,72,62,10,10
59264,103,100,3,3
59265,67,64,3,3
59266,139,111,28,28
59267,93,80,13,13
59268,112,96,16,16
59269,176,146,30,30
59270,70,64,6,6
59271,158,119,39,39
59272,71,64,7,7
59273,47,41,6,6
59274,93,76,17,17
59275,57,61,-4,4
59276,75,65,10,10
59277,62,67,-5,5
59278,104,112,-8,8
59279,143,128,15,15
59280,83,72,11,11
59281,75,65,10,10
59282,92,82,10,10
59283,60,70,-10,10
59284,117,103,14,14
59285,64,62,2,2
59286,61,58,3,3
59287,87,70,17,17
59288,175,157,18,18
59289,58,56,2,2
59290,77,61,16,16
59291,96,73,23,23
59292,120,114,6,6
59293,176,147,29,29
59294,132,115,17,17
59295,67,63,4,4
59296,73,68,5,5
59297,120,126,-6,6
59298,71,68,3,3
59299,63,57,6,6
59300,74,62,12,12
59301,35,48,-13,13
59302,129,105,24,24
59303,132,124,8,8
59304,75,73,2,2
59305,122,106,16,16
59306,89,79,10,10
59307,90,75,15,15
59308,71,68,3,3
59309,92,76,16,16
59310,184,153,31,31
59311,59,82,-23,23
59312,90,83,7,7
59313,100,97,3,3
59314,83,75,8,8
59315,83,79,4,4
59316,78,73,5,5
59317,106,94,12,12
59318,107,100,7,7
59319,45,46,-1,1
59320,82,79,3,3
59321,85,85,0,0
59322,109,82,27,27
59323,70,69,1,1
59324,70,69,1,1
59325,109,101,8,8
59326,62,57,5,5
59327,63,66,-3,3
59328,67,68,-1,1
59329,38,37,1,1
59330,45,40,5,5
59331,111,92,19,19
59332,99,100,-1,1
59333,52,55,-3,3
59334,93,83,10,10
59335,103,107,-4,4
59336,86,78,8,8
59337,69,63,6,6
59338,52,73,-21,21
59339,215,162,53,53
59340,90,80,10,10
59341,54,52,2,2
59342,110,96,14,14
59343,97,79,18,18
59344,150,100,50,50
59345,142,116,26,26
59346,57,66,-9,9
59347,116,100,16,16
59348,177,141,36,36
59349,109,99,10,10
59350,78,72,6,6
59351,79,74,5,5
59352,51,52,-1,1
59353,80,75,5,5
59354,99,99,0,0
59355,49,46,3,3
59356,153,137,16,16
59357,174,155,19,19
59358,100,90,10,10
59359,147,118,29,29
59360,75,83,-8,8
59361,138,114,24,24
59362,78,67,11,11
59363,77,75,2,2
59364,93,75,18,18
59365,148,125,23,23
59366,176,141,35,35
59367,74,66,8,8
59368,178,165,13,13
59369,107,102,5,5
59370,103,88,15,15
59371,125,109,16,16
59372,119,98,21,21
59373,98,91,7,7
59374,69,58,11,11
59375,72,64,8,8
59376,81,86,-5,5
59377,54,56,-2,2
59378,110,101,9,9
59379,84,77,7,7
59380,148,131,17,17
59381,61,51,10,10
59382,94,93,1,1
59383,79,85,-6,6
59384,77,69,8,8
59385,83,76,7,7
59386,102,82,20,20
59387,99,88,11,11
59388,104,90,14,14
59389,128,123,5,5
59390,73,71,2,2
59391,85,77,8,8
59392,123,120,3,3
59393,87,82,5,5
59394,135,109,26,26
59395,71,63,8,8
59396,81,87,-6,6
59397,64,56,8,8
59398,71,64,7,7
59399,105,92,13,13
59400,59,50,9,9
59401,140,117,23,23
59402,161,137,24,24
59403,100,83,17,17
59404,89,81,8,8
59405,64,60,4,4
59406,154,134,20,20
59407,167,120,47,47
59408,178,148,30,30
59409,88,72,16,16
59410,79,92,-13,13
59411,72,73,-1,1
59412,85,76,9,9
59413,92,84,8,8
59414,71,75,-4,4
59415,60,60,0,0
59416,66,57,9,9
59417,95,78,17,17
59418,82,73,9,9
59419,82,80,2,2
59420,91,75,16,16
59421,121,98,23,23
59422,78,73,5,5
59423,148,123,25,25
59424,95,86,9,9
59425,138,126,12,12
59426,61,62,-1,1
59427,66,63,3,3
59428,83,74,9,9
59429,61,63,-2,2
59430,60,55,5,5
59431,56,52,4,4
59432,127,110,17,17
59433,62,55,7,7
59434,133,118,15,15
59435,79,67,12,12
59436,123,93,30,30
59437,53,50,3,3
59438,79,73,6,6
59439,126,101,25,25
59440,117,121,-4,4
59441,136,121,15,15
59442,81,96,-15,15
59443,105,114,-9,9
59444,118,111,7,7
59445,66,62,4,4
59446,59,52,7,7
59447,129,116,13,13
59448,93,91,2,2
59449,87,82,5,5
59450,45,46,-1,1
59451,64,57,7,7
59452,121,113,8,8
59453,168,135,33,33
59454,81,69,12,12
59455,99,85,14,14
59456,117,93,24,24
59457,95,78,17,17
59458,66,65,1,1
59459,122,103,19,19
59460,112,110,2,2
59461,71,74,-3,3
59462,172,155,17,17
59463,108,89,19,19
59464,85,76,9,9
59465,130,112,18,18
59466,64,59,5,5
59467,74,75,-1,1
59468,63,61,2,2
59469,145,128,17,17
59470,95,87,8,8
59471,138,132,6,6
59472,105,95,10,10
59473,51,50,1,1
59474,109,107,2,2
59475,91,99,-8,8
59476,70,58,12,12
59477,129,114,15,15
59478,106,82,24,24
59479,82,71,11,11
59480,54,50,4,4
59481,151,146,5,5
59482,120,102,18,18
59483,151,130,21,21
59484,96,95,1,1
59485,62,62,0,0
59486,165,138,27,27
59487,138,115,23,23
59488,128,118,10,10
59489,80,65,15,15
59490,94,87,7,7
59491,86,84,2,2
59492,130,115,15,15
59493,154,127,27,27
59494,81,73,8,8
59495,152,128,24,24
59496,52,63,-11,11
59497,65,60,5,5
59498,109,83,26,26
59499,72,65,7,7
59500,103,88,15,15
59501,112,90,22,22
59502,65,69,-4,4
59503,77,76,1,1
59504,189,165,24,24
59505,178,150,28,28
59506,48,46,2,2
59507,145,127,18,18
59508,47,58,-11,11
59509,146,127,19,19
59510,118,107,11,11
59511,78,74,4,4
59512,93,90,3,3
59513,72,65,7,7
59514,86,82,4,4
59515,118,99,19,19
59516,87,81,6,6
59517,42,43,-1,1
59518,87,88,-1,1
59519,87,82,5,5
59520,159,138,21,21
59521,96,88,8,8
59522,50,50,0,0
59523,76,85,-9,9
59524,111,105,6,6
59525,140,121,19,19
59526,133,112,21,21
59527,89,91,-2,2
59528,94,88,6,6
59529,60,52,8,8
59530,67,65,2,2
59531,166,129,37,37
59532,74,72,2,2
59533,88,81,7,7
59534,113,98,15,15
59535,114,101,13,13
59536,98,83,15,15
59537,52,55,-3,3
59538,109,97,12,12
59539,51,51,0,0
59540,92,81,11,11
59541,79,75,4,4
59542,65,63,2,2
59543,80,76,4,4
59544,130,108,22,22
59545,90,90,0,0
59546,108,86,22,22
59547,84,84,0,0
59548,160,142,18,18
59549,53,50,3,3
59550,62,64,-2,2
59551,65,70,-5,5
59552,65,62,3,3
59553,61,52,9,9
59554,35,37,-2,2
59555,113,98,15,15
59556,69,67,2,2
59557,56,52,4,4
59558,103,101,2,2
59559,76,66,10,10
59560,106,103,3,3
59561,157,135,22,22
59562,150,130,20,20
59563,79,72,7,7
59564,94,87,7,7
59565,59,59,0,0
59566,135,140,-5,5
59567,91,88,3,3
59568,129,112,17,17
59569,80,76,4,4
59570,58,52,6,6
59571,96,77,19,19
59572,160,146,14,14
59573,80,69,11,11
59574,55,54,1,1
59575,101,88,13,13
59576,85,74,11,11
59577,68,65,3,3
59578,95,100,-5,5
59579,110,97,13,13
59580,75,70,5,5
59581,73,72,1,1
59582,90,83,7,7
59583,78,75,3,3
59584,148,126,22,22
59585,94,84,10,10
59586,64,62,2,2
59587,186,152,34,34
59588,40,45,-5,5
59589,74,69,5,5
59590,140,118,22,22
59591,103,90,13,13
59592,179,133,46,46
59593,209,155,54,54
59594,114,108,6,6
59595,44,53,-9,9
59596,84,73,11,11
59597,55,53,2,2
59598,150,127,23,23
59599,64,58,6,6
59600,61,62,-1,1
59601,89,83,6,6
59602,129,106,23,23
59603,61,59,2,2
59604,125,99,26,26
59605,129,113,16,16
59606,94,87,7,7
59607,86,72,14,14
59608,124,114,10,10
59609,45,50,-5,5
59610,131,107,24,24
59611,89,79,10,10
59612,140,132,8,8
59613,85,81,4,4
59614,178,149,29,29
59615,120,105,15,15
59616,135,112,23,23
59617,72,62,10,10
59618,45,46,-1,1
59619,63,58,5,5
59620,62,65,-3,3
59621,87,81,6,6
59622,165,150,15,15
59623,107,114,-7,7
59624,69,74,-5,5
59625,94,85,9,9
59626,58,56,2,2
59627,105,93,12,12
59628,115,104,11,11
59629,92,79,13,13
59630,80,71,9,9
59631,154,141,13,13
59632,61,50,11,11
59633,115,103,12,12
59634,52,48,4,4
59635,69,62,7,7
59636,58,58,0,0
59637,92,89,3,3
59638,56,56,0,0
59639,94,98,-4,4
59640,70,69,1,1
59641,126,93,33,33
59642,77,74,3,3
59643,77,67,10,10
59644,160,142,18,18
59645,69,64,5,5
59646,73,68,5,5
59647,72,69,3,3
59648,72,64,8,8
59649,124,113,11,11
59650,78,68,10,10
59651,81,73,8,8
59652,156,134,22,22
59653,67,58,9,9
59654,118,105,13,13
59655,79,65,14,14
59656,81,70,11,11
59657,87,73,14,14
59658,57,67,-10,10
59659,70,171,-101,101
59660,147,97,50,50
59661,141,118,23,23
59662,42,57,-15,15
59663,89,86,3,3
59664,94,85,9,9
59665,103,95,8,8
59666,100,92,8,8
59667,56,53,3,3
59668,85,77,8,8
59669,77,69,8,8
59670,89,80,9,9
59671,125,128,-3,3
59672,41,42,-1,1
59673,135,109,26,26
59674,70,75,-5,5
59675,51,45,6,6
59676,86,85,1,1
59677,100,91,9,9
59678,103,95,8,8
59679,62,59,3,3
59680,153,121,32,32
59681,173,150,23,23
59682,137,129,8,8
59683,107,87,20,20
59684,161,132,29,29
59685,139,126,13,13
59686,62,51,11,11
59687,71,58,13,13
59688,104,112,-8,8
59689,115,100,15,15
59690,144,126,18,18
59691,76,72,4,4
59692,168,143,25,25
59693,76,67,9,9
59694,78,75,3,3
59695,94,108,-14,14
59696,92,80,12,12
59697,96,82,14,14
59698,131,109,22,22
59699,93,88,5,5
59700,93,78,15,15
59701,60,60,0,0
59702,78,62,16,16
59703,72,74,-2,2
59704,141,99,42,42
59705,116,99,17,17
59706,83,81,2,2
59707,78,78,0,0
59708,79,72,7,7
59709,113,104,9,9
59710,46,47,-1,1
59711,93,90,3,3
59712,99,82,17,17
59713,103,102,1,1
59714,98,81,17,17
59715,113,96,17,17
59716,121,124,-3,3
59717,58,57,1,1
59718,92,82,10,10
59719,89,86,3,3
59720,99,91,8,8
59721,89,82,7,7
59722,79,77,2,2
59723,138,115,23,23
59724,79,74,5,5
59725,73,73,0,0
59726,88,77,11,11
59727,73,77,-4,4
59728,95,89,6,6
59729,104,98,6,6
59730,77,66,11,11
59731,54,55,-1,1
59732,128,114,14,14
59733,88,82,6,6
59734,89,76,13,13
59735,100,95,5,5
59736,132,119,13,13
59737,73,73,0,0
59738,69,67,2,2
59739,88,72,16,16
59740,127,114,13,13
59741,135,123,12,12
59742,71,64,7,7
59743,133,116,17,17
59744,98,89,9,9
59745,96,76,20,20
59746,121,104,17,17
59747,110,91,19,19
59748,63,62,1,1
59749,149,125,24,24
59750,75,81,-6,6
59751,61,67,-6,6
59752,203,161,42,42
59753,106,98,8,8
59754,90,80,10,10
59755,111,86,25,25
59756,98,81,17,17
59757,70,81,-11,11
59758,77,67,10,10
59759,65,64,1,1
59760,110,98,12,12
59761,82,84,-2,2
59762,135,117,18,18
59763,133,118,15,15
59764,93,82,11,11
59765,96,94,2,2
59766,83,77,6,6
59767,83,77,6,6
59768,114,92,22,22
59769,169,155,14,14
59770,83,69,14,14
59771,87,80,7,7
59772,80,86,-6,6
59773,64,63,1,1
59774,185,156,29,29
59775,110,90,20,20
59776,109,90,19,19
59777,52,50,2,2
59778,103,91,12,12
59779,34,41,-7,7
59780,69,106,-37,37
59781,154,130,24,24
59782,149,129,20,20
59783,81,71,10,10
59784,81,76,5,5
59785,68,64,4,4
59786,93,76,17,17
59787,57,53,4,4
59788,129,116,13,13
59789,98,90,8,8
59790,117,113,4,4
59791,76,77,-1,1
59792,36,33,3,3
59793,130,110,20,20
59794,81,74,7,7
59795,72,75,-3,3
59796,76,73,3,3
59797,63,61,2,2
59798,97,87,10,10
59799,61,60,1,1
59800,85,78,7,7
59801,110,121,-11,11
59802,85,74,11,11
59803,77,81,-4,4
59804,127,106,21,21
59805,49,48,1,1
59806,85,76,9,9
59807,83,85,-2,2
59808,132,128,4,4
59809,136,122,14,14
59810,73,65,8,8
59811,71,69,2,2
59812,79,69,10,10
59813,88,87,1,1
59814,70,115,-45,45
59815,75,64,11,11
59816,46,38,8,8
59817,101,87,14,14
59818,128,125,3,3
59819,92,78,14,14
59820,149,115,34,34
59821,122,83,39,39
59822,79,90,-11,11
59823,48,66,-18,18
59824,101,92,9,9
59825,94,82,12,12
59826,125,113,12,12
59827,91,92,-1,1
59828,78,71,7,7
59829,121,106,15,15
59830,166,131,35,35
59831,96,86,10,10
59832,124,127,-3,3
59833,159,134,25,25
59834,66,65,1,1
59835,82,73,9,9
59836,75,71,4,4
59837,59,50,9,9
59838,85,79,6,6
59839,99,81,18,18
59840,148,124,24,24
59841,109,90,19,19
59842,81,74,7,7
59843,99,83,16,16
59844,47,40,7,7
59845,78,72,6,6
59846,85,78,7,7
59847,76,78,-2,2
59848,54,44,10,10
59849,106,100,6,6
59850,83,72,11,11
59851,66,61,5,5
59852,47,55,-8,8
59853,60,61,-1,1
59854,109,99,10,10
59855,122,108,14,14
59856,92,82,10,10
59857,102,84,18,18
59858,130,127,3,3
59859,104,91,13,13
59860,106,84,22,22
59861,74,69,5,5
59862,149,133,16,16
59863,46,55,-9,9
59864,55,50,5,5
59865,81,74,7,7
59866,86,82,4,4
59867,159,134,25,25
59868,49,47,2,2
59869,76,75,1,1
59870,109,99,10,10
59871,88,71,17,17
59872,66,66,0,0
59873,95,84,11,11
59874,123,105,18,18
59875,49,52,-3,3
59876,60,53,7,7
59877,140,123,17,17
59878,72,62,10,10
59879,103,98,5,5
59880,88,86,2,2
59881,94,85,9,9
59882,97,85,12,12
59883,112,99,13,13
59884,37,47,-10,10
59885,70,70,0,0
59886,217,183,34,34
59887,159,127,32,32
59888,86,78,8,8
59889,116,104,12,12
59890,76,66,10,10
59891,159,134,25,25
59892,102,89,13,13
59893,72,68,4,4
59894,102,95,7,7
59895,94,77,17,17
59896,56,49,7,7
59897,136,126,10,10
59898,78,70,8,8
59899,75,74,1,1
59900,138,122,16,16
59901,79,70,9,9
59902,89,85,4,4
59903,63,66,-3,3
59904,59,52,7,7
59905,127,114,13,13
59906,100,82,18,18
59907,60,58,2,2
59908,100,89,11,11
59909,108,89,19,19
59910,152,128,24,24
59911,118,107,11,11
59912,81,77,4,4
59913,49,46,3,3
59914,90,78,12,12
59915,97,86,11,11
59916,90,79,11,11
59917,138,117,21,21
59918,116,117,-1,1
59919,86,80,6,6
59920,106,87,19,19
59921,155,129,26,26
59922,100,87,13,13
59923,66,65,1,1
59924,84,76,8,8
59925,103,94,9,9
59926,56,56,0,0
59927,100,85,15,15
59928,93,81,12,12
59929,135,125,10,10
59930,32,35,-3,3
59931,93,96,-3,3
59932,107,115,-8,8
59933,62,62,0,0
59934,59,58,1,1
59935,91,83,8,8
59936,75,73,2,2
59937,73,65,8,8
59938,96,91,5,5
59939,115,104,11,11
59940,63,64,-1,1
59941,85,85,0,0
59942,72,75,-3,3
59943,158,152,6,6
59944,91,77,14,14
59945,69,71,-2,2
59946,89,102,-13,13
59947,74,68,6,6
59948,104,242,-138,138
59949,49,54,-5,5
59950,99,85,14,14
59951,127,111,16,16
59952,73,72,1,1
59953,49,52,-3,3
59954,87,80,7,7
59955,157,132,25,25
59956,80,81,-1,1
59957,144,111,33,33
59958,83,86,-3,3
59959,131,119,12,12
59960,95,92,3,3
59961,141,124,17,17
59962,89,94,-5,5
59963,59,50,9,9
59964,86,76,10,10
59965,118,106,12,12
59966,78,77,1,1
59967,148,126,22,22
59968,59,51,8,8
59969,104,99,5,5
59970,85,76,9,9
59971,103,97,6,6
59972,236,181,55,55
59973,66,73,-7,7
59974,50,63,-13,13
59975,77,66,11,11
59976,114,89,25,25
59977,85,77,8,8
59978,88,80,8,8
59979,74,66,8,8
59980,71,67,4,4
59981,155,133,22,22
59982,62,64,-2,2
59983,100,84,16,16
59984,82,82,0,0
59985,113,99,14,14
59986,104,94,10,10
59987,104,90,14,14
59988,105,113,-8,8
59989,153,131,22,22
59990,76,67,9,9
59991,85,69,16,16
59992,119,114,5,5
59993,106,87,19,19
59994,73,74,-1,1
59995,137,112,25,25
59996,79,69,10,10
59997,186,167,19,19
59998,63,61,2,2
59999,93,81,12,12
60000,126,122,4,4
60001,70,62,8,8
60002,128,106,22,22
60003,61,59,2,2
60004,83,70,13,13
60005,108,90,18,18
60006,87,86,1,1
60007,97,92,5,5
60008,62,60,2,2
60009,129,116,13,13
60010,124,103,21,21
60011,63,62,1,1
60012,138,117,21,21
60013,53,50,3,3
60014,76,64,12,12
60015,138,129,9,9
60016,123,117,6,6
60017,57,51,6,6
60018,83,73,10,10
60019,96,93,3,3
60020,119,113,6,6
60021,72,65,7,7
60022,78,65,13,13
60023,106,87,19,19
60024,83,70,13,13
60025,71,61,10,10
60026,205,160,45,45
60027,59,59,0,0
60028,57,51,6,6
60029,90,80,10,10
60030,34,59,-25,25
60031,215,158,57,57
60032,85,80,5,5
60033,158,139,19,19
60034,136,114,22,22
60035,55,46,9,9
60036,119,105,14,14
60037,109,130,-21,21
60038,57,55,2,2
60039,92,78,14,14
60040,99,81,18,18
60041,95,84,11,11
60042,74,61,13,13
60043,84,74,10,10
60044,107,93,14,14
60045,78,67,11,11
60046,64,63,1,1
60047,66,70,-4,4
60048,88,77,11,11
60049,135,105,30,30
60050,139,118,21,21
60051,126,133,-7,7
60052,82,75,7,7
60053,70,60,10,10
60054,81,80,1,1
60055,60,55,5,5
60056,56,50,6,6
60057,131,113,18,18
60058,59,58,1,1
60059,83,69,14,14
60060,145,128,17,17
60061,86,78,8,8
60062,102,93,9,9
60063,77,71,6,6
60064,136,110,26,26
60065,68,61,7,7
60066,81,69,12,12
60067,82,70,12,12
60068,85,75,10,10
60069,121,108,13,13
60070,69,64,5,5
60071,56,56,0,0
60072,170,142,28,28
60073,123,113,10,10
60074,71,63,8,8
60075,77,73,4,4
60076,140,119,21,21
60077,141,120,21,21
60078,98,87,11,11
60079,93,78,15,15
60080,69,75,-6,6
60081,104,92,12,12
60082,53,59,-6,6
60083,75,72,3,3
60084,120,107,13,13
60085,86,87,-1,1
60086,98,85,13,13
60087,84,78,6,6
60088,88,73,15,15
60089,113,101,12,12
60090,74,69,5,5
60091,91,79,12,12
60092,149,120,29,29
60093,82,75,7,7
60094,84,73,11,11
60095,195,166,29,29
60096,117,112,5,5
60097,120,111,9,9
60098,180,149,31,31
60099,80,83,-3,3
60100,122,107,15,15
60101,135,116,19,19
60102,159,143,16,16
60103,107,97,10,10
60104,76,73,3,3
60105,85,80,5,5
60106,87,74,13,13
60107,88,75,13,13
60108,41,43,-2,2
60109,78,69,9,9
60110,61,57,4,4
60111,87,77,10,10
60112,129,107,22,22
60113,84,75,9,9
60114,142,114,28,28
60115,126,117,9,9
60116,89,79,10,10
60117,74,62,12,12
60118,51,45,6,6
60119,141,113,28,28
60120,83,73,10,10
60121,120,144,-24,24
60122,144,127,17,17
60123,67,68,-1,1
60124,82,79,3,3
60125,67,67,0,0
60126,85,77,8,8
60127,62,47,15,15
60128,106,96,10,10
60129,59,56,3,3
60130,73,64,9,9
60131,145,127,18,18
60132,65,59,6,6
60133,72,66,6,6
60134,118,99,19,19
60135,105,106,-1,1
60136,71,65,6,6
60137,96,89,7,7
60138,111,95,16,16
60139,73,84,-11,11
60140,88,75,13,13
60141,210,181,29,29
60142,104,89,15,15
60143,76,66,10,10
60144,43,46,-3,3
60145,110,91,19,19
60146,93,76,17,17
60147,114,99,15,15
60148,190,168,22,22
60149,87,79,8,8
60150,85,69,16,16
60151,95,88,7,7
60152,97,104,-7,7
60153,58,54,4,4
60154,126,122,4,4
60155,145,117,28,28
60156,61,62,-1,1
60157,113,89,24,24
60158,42,44,-2,2
60159,108,91,17,17
60160,93,77,16,16
60161,157,137,20,20
60162,75,71,4,4
60163,59,59,0,0
60164,101,81,20,20
60165,83,72,11,11
60166,95,84,11,11
60167,100,90,10,10
60168,69,63,6,6
60169,108,102,6,6
60170,79,66,13,13
60171,105,91,14,14
60172,98,103,-5,5
60173,123,116,7,7
60174,103,93,10,10
60175,158,136,22,22
60176,98,87,11,11
60177,128,110,18,18
60178,54,47,7,7
60179,54,59,-5,5
60180,86,78,8,8
60181,119,109,10,10
60182,67,61,6,6
60183,114,103,11,11
60184,104,91,13,13
60185,81,76,5,5
60186,84,73,11,11
60187,86,77,9,9
60188,93,87,6,6
60189,75,65,10,10
60190,69,66,3,3
60191,96,81,15,15
60192,117,106,11,11
60193,164,135,29,29
60194,121,104,17,17
60195,93,80,13,13
60196,91,80,11,11
60197,144,122,22,22
60198,101,93,8,8
60199,135,107,28,28
60200,102,92,10,10
60201,83,77,6,6
60202,88,75,13,13
60203,101,98,3,3
60204,102,94,8,8
60205,102,100,2,2
60206,105,90,15,15
60207,99,96,3,3
60208,151,126,25,25
60209,67,68,-1,1
60210,164,125,39,39
60211,85,79,6,6
60212,89,85,4,4
60213,59,55,4,4
60214,94,78,16,16
60215,123,108,15,15
60216,79,92,-13,13
60217,74,67,7,7
60218,176,150,26,26
60219,59,64,-5,5
60220,100,90,10,10
60221,123,114,9,9
60222,104,97,7,7
60223,145,136,9,9
60224,97,91,6,6
60225,175,149,26,26
60226,63,58,5,5
60227,124,120,4,4
60228,68,61,7,7
60229,139,118,21,21
60230,78,67,11,11
60231,79,66,13,13
60232,48,51,-3,3
60233,141,125,16,16
60234,136,111,25,25
60235,123,118,5,5
60236,85,79,6,6
60237,128,108,20,20
60238,97,84,13,13
60239,63,59,4,4
60240,141,131,10,10
60241,87,77,10,10
60242,93,93,0,0
60243,54,50,4,4
60244,133,106,27,27
60245,50,52,-2,2
60246,71,64,7,7
60247,75,69,6,6
60248,165,151,14,14
60249,64,60,4,4
60250,95,78,17,17
60251,65,56,9,9
60252,106,93,13,13
60253,91,73,18,18
60254,70,73,-3,3
60255,124,111,13,13
60256,48,52,-4,4
60257,74,67,7,7
60258,64,55,9,9
60259,104,91,13,13
60260,82,76,6,6
60261,82,77,5,5
60262,147,134,13,13
60263,123,95,28,28
60264,81,78,3,3
60265,146,135,11,11
60266,88,78,10,10
60267,78,73,5,5
60268,118,112,6,6
60269,160,139,21,21
60270,176,149,27,27
60271,133,107,26,26
60272,122,108,14,14
60273,74,72,2,2
60274,75,72,3,3
60275,116,106,10,10
60276,116,102,14,14
60277,126,108,18,18
60278,53,50,3,3
60279,58,75,-17,17
60280,169,147,22,22
60281,100,102,-2,2
60282,56,57,-1,1
60283,63,65,-2,2
60284,58,55,3,3
60285,56,63,-7,7
60286,131,123,8,8
60287,74,63,11,11
60288,143,120,23,23
60289,127,121,6,6
60290,98,89,9,9
60291,60,52,8,8
60292,65,72,-7,7
60293,76,63,13,13
60294,72,68,4,4
60295,83,73,10,10
60296,41,45,-4,4
60297,91,76,15,15
60298,125,116,9,9
60299,119,115,4,4
60300,92,76,16,16
60301,100,100,0,0
60302,125,109,16,16
60303,95,89,6,6
60304,108,94,14,14
60305,118,105,13,13
60306,124,121,3,3
60307,31,35,-4,4
60308,175,158,17,17
60309,122,110,12,12
60310,117,113,4,4
60311,30,45,-15,15
60312,184,151,33,33
60313,93,81,12,12
60314,98,88,10,10
60315,82,74,8,8
60316,91,81,10,10
60317,67,71,-4,4
60318,103,73,30,30
60319,127,119,8,8
60320,64,60,4,4
60321,70,75,-5,5
60322,68,66,2,2
60323,87,92,-5,5
60324,103,91,12,12
60325,91,84,7,7
60326,77,67,10,10
60327,70,59,11,11
60328,90,85,5,5
60329,64,62,2,2
60330,53,52,1,1
60331,87,73,14,14
60332,112,93,19,19
60333,91,80,11,11
60334,132,119,13,13
60335,116,105,11,11
60336,99,94,5,5
60337,80,69,11,11
60338,125,115,10,10
60339,83,72,11,11
60340,123,116,7,7
60341,126,110,16,16
60342,114,106,8,8
60343,139,118,21,21
60344,135,128,7,7
60345,61,53,8,8
60346,70,69,1,1
60347,112,95,17,17
60348,79,71,8,8
60349,58,60,-2,2
60350,131,126,5,5
60351,154,131,23,23
60352,85,80,5,5
60353,116,94,22,22
60354,71,71,0,0
60355,62,69,-7,7
60356,72,71,1,1
60357,137,125,12,12
60358,152,136,16,16
60359,85,74,11,11
60360,63,60,3,3
60361,67,54,13,13
60362,108,103,5,5
60363,120,115,5,5
60364,103,90,13,13
60365,96,93,3,3
60366,108,101,7,7
60367,49,97,-48,48
60368,83,83,0,0
60369,91,77,14,14
60370,112,97,15,15
60371,148,126,22,22
60372,110,107,3,3
60373,90,82,8,8
60374,71,56,15,15
60375,95,97,-2,2
60376,78,66,12,12
60377,102,97,5,5
60378,99,85,14,14
60379,71,67,4,4
60380,103,93,10,10
60381,75,73,2,2
60382,128,115,13,13
60383,37,40,-3,3
60384,82,72,10,10
60385,82,82,0,0
60386,105,98,7,7
60387,96,80,16,16
60388,57,48,9,9
60389,135,122,13,13
60390,87,80,7,7
60391,75,72,3,3
60392,75,80,-5,5
60393,127,106,21,21
60394,105,96,9,9
60395,61,56,5,5
60396,66,87,-21,21
60397,140,122,18,18
60398,129,118,11,11
60399,150,122,28,28
60400,109,96,13,13
60401,115,114,1,1
60402,118,105,13,13
60403,58,53,5,5
60404,79,65,14,14
60405,28,34,-6,6
60406,173,137,36,36
60407,89,83,6,6
60408,95,79,16,16
60409,71,71,0,0
60410,87,81,6,6
60411,77,65,12,12
60412,106,95,11,11
60413,88,82,6,6
60414,74,72,2,2
60415,66,77,-11,11
60416,64,73,-9,9
60417,115,108,7,7
60418,59,55,4,4
60419,142,117,25,25
60420,73,62,11,11
60421,138,116,22,22
60422,110,98,12,12
60423,81,83,-2,2
60424,143,142,1,1
60425,137,111,26,26
60426,177,151,26,26
60427,100,93,7,7
60428,112,105,7,7
60429,136,127,9,9
60430,48,45,3,3
60431,112,118,-6,6
60432,115,105,10,10
60433,134,119,15,15
60434,97,94,3,3
60435,86,76,10,10
60436,115,98,17,17
60437,80,69,11,11
60438,157,136,21,21
60439,59,53,6,6
60440,118,106,12,12
60441,64,69,-5,5
60442,123,106,17,17
60443,70,69,1,1
60444,60,60,0,0
60445,76,74,2,2
60446,161,140,21,21
60447,129,125,4,4
60448,66,60,6,6
60449,104,87,17,17
60450,86,75,11,11
60451,53,49,4,4
60452,76,66,10,10
60453,202,160,42,42
60454,81,70,11,11
60455,136,123,13,13
60456,80,65,15,15
60457,54,53,1,1
60458,71,61,10,10
60459,37,40,-3,3
60460,92,81,11,11
60461,81,78,3,3
60462,94,106,-12,12
60463,116,102,14,14
60464,89,84,5,5
60465,123,104,19,19
60466,95,83,12,12
60467,114,99,15,15
60468,134,124,10,10
60469,153,135,18,18
60470,82,75,7,7
60471,104,87,17,17
60472,101,97,4,4
60473,73,59,14,14
60474,121,113,8,8
60475,147,118,29,29
60476,70,71,-1,1
60477,126,111,15,15
60478,284,221,63,63
60479,124,117,7,7
60480,107,95,12,12
60481,78,71,7,7
60482,116,104,12,12
60483,139,119,20,20
60484,127,110,17,17
60485,61,62,-1,1
60486,56,56,0,0
60487,105,91,14,14
60488,68,67,1,1
60489,101,86,15,15
60490,64,56,8,8
60491,70,67,3,3
60492,129,114,15,15
60493,86,75,11,11
60494,71,62,9,9
60495,57,129,-72,72
60496,63,73,-10,10
60497,100,84,16,16
60498,138,130,8,8
60499,143,120,23,23
60500,123,108,15,15
60501,114,108,6,6
60502,69,63,6,6
60503,71,67,4,4
60504,65,52,13,13
60505,94,95,-1,1
60506,73,71,2,2
60507,77,74,3,3
60508,68,66,2,2
60509,126,124,2,2
60510,133,111,22,22
60511,111,112,-1,1
60512,80,75,5,5
60513,74,73,1,1
60514,91,80,11,11
60515,111,110,1,1
60516,100,90,10,10
60517,191,150,41,41
60518,124,101,23,23
60519,55,52,3,3
60520,113,93,20,20
60521,34,36,-2,2
60522,108,90,18,18
60523,74,64,10,10
60524,163,129,34,34
60525,135,107,28,28
60526,86,89,-3,3
60527,122,106,16,16
60528,135,117,18,18
60529,68,78,-10,10
60530,75,68,7,7
60531,127,122,5,5
60532,65,62,3,3
60533,83,80,3,3
60534,103,86,17,17
60535,79,70,9,9
60536,77,70,7,7
60537,116,109,7,7
60538,123,106,17,17
60539,70,60,10,10
60540,66,64,2,2
60541,102,99,3,3
60542,108,115,-7,7
60543,64,54,10,10
60544,116,113,3,3
60545,154,141,13,13
60546,78,73,5,5
60547,97,90,7,7
60548,64,64,0,0
60549,109,97,12,12
60550,109,91,18,18
60551,110,106,4,4
60552,124,106,18,18
60553,50,49,1,1
60554,75,65,10,10
60555,112,107,5,5
60556,72,72,0,0
60557,113,101,12,12
60558,70,75,-5,5
60559,112,80,32,32
60560,71,65,6,6
60561,117,106,11,11
60562,88,76,12,12
60563,88,73,15,15
60564,96,78,18,18
60565,114,106,8,8
60566,46,53,-7,7
60567,82,80,2,2
60568,77,70,7,7
60569,68,76,-8,8
60570,79,81,-2,2
60571,78,72,6,6
60572,48,49,-1,1
60573,55,55,0,0
60574,110,101,9,9
60575,106,93,13,13
60576,88,74,14,14
60577,90,89,1,1
60578,84,83,1,1
60579,78,79,-1,1
60580,108,105,3,3
60581,52,57,-5,5
60582,162,126,36,36
60583,46,45,1,1
60584,100,96,4,4
60585,95,84,11,11
60586,138,123,15,15
60587,53,53,0,0
60588,100,85,15,15
60589,93,83,10,10
60590,90,99,-9,9
60591,103,97,6,6
60592,92,78,14,14
60593,52,44,8,8
60594,104,96,8,8
60595,49,49,0,0
60596,82,72,10,10
60597,104,89,15,15
60598,167,145,22,22
60599,58,61,-3,3
60600,79,73,6,6
60601,75,62,13,13
60602,70,70,0,0
60603,78,74,4,4
60604,70,65,5,5
60605,130,121,9,9
60606,90,86,4,4
60607,68,65,3,3
60608,97,95,2,2
60609,83,77,6,6
60610,51,54,-3,3
60611,70,69,1,1
60612,35,61,-26,26
60613,24,39,-15,15
60614,113,87,26,26
60615,133,113,20,20
60616,90,85,5,5
60617,84,74,10,10
60618,86,78,8,8
60619,63,57,6,6
60620,51,48,3,3
60621,153,129,24,24
60622,113,101,12,12
60623,47,45,2,2
60624,111,94,17,17
60625,67,58,9,9
60626,51,55,-4,4
60627,57,61,-4,4
60628,67,54,13,13
60629,149,130,19,19
60630,71,63,8,8
60631,100,99,1,1
60632,94,89,5,5
60633,61,57,4,4
60634,100,83,17,17
60635,147,129,18,18
60636,92,83,9,9
60637,79,75,4,4
60638,95,88,7,7
60639,155,142,13,13
60640,88,74,14,14
60641,149,147,2,2
60642,128,113,15,15
60643,73,55,18,18
60644,124,108,16,16
60645,78,74,4,4
60646,73,65,8,8
60647,104,90,14,14
60648,124,100,24,24
60649,65,66,-1,1
60650,98,91,7,7
60651,100,87,13,13
60652,79,67,12,12
60653,216,175,41,41
60654,77,74,3,3
60655,64,70,-6,6
60656,43,42,1,1
60657,124,103,21,21
60658,87,79,8,8
60659,98,87,11,11
60660,91,79,12,12
60661,81,72,9,9
60662,109,107,2,2
60663,61,70,-9,9
60664,86,83,3,3
60665,126,108,18,18
60666,85,72,13,13
60667,94,103,-9,9
60668,68,64,4,4
60669,77,69,8,8
60670,72,66,6,6
60671,107,100,7,7
60672,83,75,8,8
60673,116,106,10,10
60674,59,55,4,4
60675,53,50,3,3
60676,137,123,14,14
60677,128,106,22,22
60678,97,87,10,10
60679,97,92,5,5
60680,75,68,7,7
60681,107,88,19,19
60682,96,83,13,13
60683,139,117,22,22
60684,62,57,5,5
60685,90,79,11,11
60686,104,98,6,6
60687,124,107,17,17
60688,107,94,13,13
60689,124,118,6,6
60690,105,90,15,15
60691,134,125,9,9
60692,122,104,18,18
60693,70,71,-1,1
60694,152,135,17,17
60695,95,84,11,11
60696,67,81,-14,14
60697,109,95,14,14
60698,170,184,-14,14
60699,80,75,5,5
60700,88,76,12,12
60701,131,92,39,39
60702,84,74,10,10
60703,97,93,4,4
60704,149,116,33,33
60705,79,78,1,1
60706,93,96,-3,3
60707,81,77,4,4
60708,125,112,13,13
60709,82,74,8,8
60710,79,74,5,5
60711,65,51,14,14
60712,95,87,8,8
60713,111,105,6,6
60714,113,98,15,15
60715,119,110,9,9
60716,68,67,1,1
60717,135,105,30,30
60718,102,82,20,20
60719,96,100,-4,4
60720,107,99,8,8
60721,86,74,12,12
60722,158,121,37,37
60723,141,118,23,23
60724,129,118,11,11
60725,49,44,5,5
60726,149,128,21,21
60727,114,102,12,12
60728,40,38,2,2
60729,55,54,1,1
60730,85,74,11,11
60731,65,57,8,8
60732,97,96,1,1
60733,148,126,22,22
60734,141,116,25,25
60735,69,59,10,10
60736,80,75,5,5
60737,158,126,32,32
60738,75,73,2,2
60739,88,82,6,6
60740,110,93,17,17
60741,82,78,4,4
60742,58,64,-6,6
60743,76,67,9,9
60744,48,49,-1,1
60745,106,84,22,22
60746,108,99,9,9
60747,191,152,39,39
60748,100,89,11,11
60749,58,55,3,3
60750,117,106,11,11
60751,233,171,62,62
60752,78,77,1,1
60753,83,71,12,12
60754,66,61,5,5
60755,55,52,3,3
60756,77,74,3,3
60757,102,88,14,14
60758,62,57,5,5
60759,71,67,4,4
60760,139,122,17,17
60761,132,120,12,12
60762,94,91,3,3
60763,107,102,5,5
60764,60,65,-5,5
60765,94,99,-5,5
60766,72,57,15,15
60767,86,78,8,8
60768,75,75,0,0
60769,87,81,6,6
60770,148,120,28,28
60771,120,100,20,20
60772,68,65,3,3
60773,81,69,12,12
60774,222,184,38,38
60775,68,62,6,6
60776,103,100,3,3
60777,133,102,31,31
60778,135,101,34,34
60779,97,85,12,12
60780,56,53,3,3
60781,73,65,8,8
60782,110,103,7,7
60783,116,104,12,12
60784,46,40,6,6
60785,119,102,17,17
60786,42,41,1,1
60787,71,77,-6,6
60788,80,62,18,18
60789,87,81,6,6
60790,73,68,5,5
60791,99,86,13,13
60792,36,39,-3,3
60793,70,62,8,8
60794,55,51,4,4
60795,104,91,13,13
60796,135,122,13,13
60797,103,88,15,15
60798,83,78,5,5
60799,87,71,16,16
60800,78,67,11,11
60801,68,68,0,0
60802,70,71,-1,1
60803,112,92,20,20
60804,99,91,8,8
60805,103,94,9,9
60806,87,77,10,10
60807,105,92,13,13
60808,94,86,8,8
60809,185,152,33,33
60810,167,147,20,20
60811,67,68,-1,1
60812,98,75,23,23
60813,109,101,8,8
60814,139,124,15,15
60815,88,78,10,10
60816,117,99,18,18
60817,101,101,0,0
60818,124,121,3,3
60819,182,137,45,45
60820,198,152,46,46
60821,115,102,13,13
60822,92,86,6,6
60823,77,67,10,10
60824,104,94,10,10
60825,75,65,10,10
60826,93,76,17,17
60827,173,155,18,18
60828,121,113,8,8
60829,141,103,38,38
60830,66,75,-9,9
60831,72,61,11,11
60832,104,100,4,4
60833,103,90,13,13
60834,81,74,7,7
60835,122,92,30,30
60836,131,110,21,21
60837,58,55,3,3
60838,106,96,10,10
60839,119,98,21,21
60840,57,52,5,5
60841,77,68,9,9
60842,67,57,10,10
60843,85,75,10,10
60844,62,63,-1,1
60845,140,122,18,18
60846,72,72,0,0
60847,125,114,11,11
60848,166,141,25,25
60849,133,110,23,23
60850,101,78,23,23
60851,156,133,23,23
60852,68,66,2,2
60853,70,64,6,6
60854,127,111,16,16
60855,89,76,13,13
60856,111,90,21,21
60857,154,120,34,34
60858,91,79,12,12
60859,59,57,2,2
60860,105,93,12,12
60861,108,113,-5,5
60862,87,87,0,0
60863,143,124,19,19
60864,88,79,9,9
60865,83,79,4,4
60866,105,88,17,17
60867,96,92,4,4
60868,95,83,12,12
60869,104,100,4,4
60870,97,104,-7,7
60871,111,103,8,8
60872,93,80,13,13
60873,54,49,5,5
60874,90,86,4,4
60875,52,49,3,3
60876,85,80,5,5
60877,114,102,12,12
60878,152,143,9,9
60879,79,68,11,11
60880,118,111,7,7
60881,85,71,14,14
60882,94,80,14,14
60883,49,49,0,0
60884,56,55,1,1
60885,156,127,29,29
60886,55,47,8,8
60887,116,103,13,13
60888,84,78,6,6
60889,105,92,13,13
60890,122,104,18,18
60891,80,78,2,2
60892,89,73,16,16
60893,117,100,17,17
60894,50,47,3,3
60895,65,66,-1,1
60896,115,107,8,8
60897,78,70,8,8
60898,112,104,8,8
60899,84,72,12,12
60900,144,132,12,12
60901,95,82,13,13
60902,125,113,12,12
60903,115,117,-2,2
60904,76,67,9,9
60905,119,105,14,14
60906,133,134,-1,1
60907,90,75,15,15
60908,112,99,13,13
60909,76,67,9,9
60910,147,128,19,19
60911,55,54,1,1
60912,131,108,23,23
60913,116,96,20,20
60914,84,75,9,9
60915,72,68,4,4
60916,73,69,4,4
60917,43,48,-5,5
60918,73,66,7,7
60919,82,82,0,0
60920,56,57,-1,1
60921,99,83,16,16
60922,105,106,-1,1
60923,79,84,-5,5
60924,138,112,26,26
60925,111,105,6,6
60926,36,40,-4,4
60927,138,119,19,19
60928,89,85,4,4
60929,93,76,17,17
60930,132,119,13,13
60931,108,92,16,16
60932,66,61,5,5
60933,71,64,7,7
60934,65,58,7,7
60935,200,166,34,34
60936,72,97,-25,25
60937,232,202,30,30
60938,75,69,6,6
60939,186,147,39,39
60940,125,107,18,18
60941,95,95,0,0
60942,203,144,59,59
60943,176,138,38,38
60944,129,116,13,13
60945,76,72,4,4
60946,143,125,18,18
60947,49,47,2,2
60948,92,81,11,11
60949,92,83,9,9
60950,75,77,-2,2
60951,105,87,18,18
60952,155,120,35,35
60953,95,91,4,4
60954,86,85,1,1
60955,132,110,22,22
60956,46,49,-3,3
60957,69,69,0,0
60958,58,66,-8,8
60959,140,117,23,23
60960,70,60,10,10
60961,89,83,6,6
60962,84,65,19,19
60963,124,109,15,15
60964,71,67,4,4
60965,127,113,14,14
60966,69,64,5,5
60967,111,93,18,18
60968,125,114,11,11
60969,85,82,3,3
60970,76,70,6,6
60971,85,82,3,3
60972,55,53,2,2
60973,92,84,8,8
60974,182,147,35,35
60975,89,79,10,10
60976,102,87,15,15
60977,113,105,8,8
60978,131,123,8,8
60979,133,125,8,8
60980,98,85,13,13
60981,154,122,32,32
60982,99,88,11,11
60983,114,100,14,14
60984,110,93,17,17
60985,125,98,27,27
60986,52,59,-7,7
60987,42,42,0,0
60988,80,70,10,10
60989,83,75,8,8
60990,143,121,22,22
60991,56,55,1,1
60992,131,112,19,19
60993,112,114,-2,2
60994,110,98,12,12
60995,104,89,15,15
60996,71,67,4,4
60997,36,37,-1,1
60998,57,57,0,0
60999,72,74,-2,2
61000,119,95,24,24
61001,194,156,38,38
61002,107,89,18,18
61003,123,111,12,12
61004,87,75,12,12
61005,157,134,23,23
61006,75,70,5,5
61007,94,88,6,6
61008,85,78,7,7
61009,85,84,1,1
61010,44,45,-1,1
61011,78,74,4,4
61012,97,74,23,23
61013,34,50,-16,16
61014,38,36,2,2
61015,93,81,12,12
61016,113,97,16,16
61017,130,107,23,23
61018,46,41,5,5
61019,94,91,3,3
61020,144,119,25,25
61021,60,56,4,4
61022,110,100,10,10
61023,78,76,2,2
61024,172,150,22,22
61025,117,117,0,0
61026,60,67,-7,7
61027,114,92,22,22
61028,136,132,4,4
61029,130,123,7,7
61030,140,119,21,21
61031,58,59,-1,1
61032,87,75,12,12
61033,154,127,27,27
61034,84,77,7,7
61035,78,67,11,11
61036,224,233,-9,9
61037,77,68,9,9
61038,114,99,15,15
61039,64,63,1,1
61040,145,124,21,21
61041,62,56,6,6
61042,123,113,10,10
61043,126,112,14,14
61044,59,66,-7,7
61045,59,65,-6,6
61046,65,72,-7,7
61047,81,78,3,3
61048,104,85,19,19
61049,94,89,5,5
61050,131,116,15,15
61051,60,54,6,6
61052,111,92,19,19
61053,159,128,31,31
61054,145,131,14,14
61055,67,60,7,7
61056,114,99,15,15
61057,82,73,9,9
61058,93,86,7,7
61059,53,57,-4,4
61060,83,80,3,3
61061,101,95,6,6
61062,112,113,-1,1
61063,71,57,14,14
61064,86,73,13,13
61065,49,92,-43,43
61066,59,53,6,6
61067,125,105,20,20
61068,157,141,16,16
61069,90,85,5,5
61070,160,147,13,13
61071,128,99,29,29
61072,78,74,4,4
61073,153,135,18,18
61074,87,96,-9,9
61075,133,116,17,17
61076,96,92,4,4
61077,88,88,0,0
61078,69,71,-2,2
61079,150,143,7,7
61080,134,110,24,24
61081,122,109,13,13
61082,91,82,9,9
61083,156,130,26,26
61084,76,71,5,5
61085,44,44,0,0
61086,117,110,7,7
61087,110,98,12,12
61088,101,78,23,23
61089,81,70,11,11
61090,52,49,3,3
61091,164,144,20,20
61092,40,41,-1,1
61093,80,78,2,2
61094,129,109,20,20
61095,131,111,20,20
61096,87,82,5,5
61097,79,69,10,10
61098,110,96,14,14
61099,120,102,18,18
61100,100,109,-9,9
61101,113,102,11,11
61102,97,106,-9,9
61103,75,65,10,10
61104,85,86,-1,1
61105,49,47,2,2
61106,103,106,-3,3
61107,177,149,28,28
61108,94,86,8,8
61109,130,114,16,16
61110,72,70,2,2
61111,158,136,22,22
61112,47,48,-1,1
61113,74,80,-6,6
61114,101,97,4,4
61115,51,57,-6,6
61116,83,75,8,8
61117,142,124,18,18
61118,58,60,-2,2
61119,83,78,5,5
61120,45,41,4,4
61121,138,122,16,16
61122,152,127,25,25
61123,101,96,5,5
61124,77,65,12,12
61125,52,71,-19,19
61126,89,75,14,14
61127,149,124,25,25
61128,78,64,14,14
61129,146,128,18,18
61130,122,113,9,9
61131,88,74,14,14
61132,131,117,14,14
61133,67,62,5,5
61134,107,86,21,21
61135,139,130,9,9
61136,164,141,23,23
61137,134,117,17,17
61138,71,65,6,6
61139,87,72,15,15
61140,68,66,2,2
61141,56,96,-40,40
61142,118,110,8,8
61143,101,90,11,11
61144,75,72,3,3
61145,127,125,2,2
61146,85,80,5,5
61147,57,63,-6,6
61148,37,44,-7,7
61149,116,104,12,12
61150,108,94,14,14
61151,137,121,16,16
61152,58,56,2,2
61153,67,80,-13,13
61154,106,96,10,10
61155,132,106,26,26
61156,102,86,16,16
61157,115,107,8,8
61158,85,77,8,8
61159,107,97,10,10
61160,49,50,-1,1
61161,139,138,1,1
61162,126,117,9,9
61163,135,127,8,8
61164,69,59,10,10
61165,88,73,15,15
61166,117,101,16,16
61167,77,68,9,9
61168,51,53,-2,2
61169,92,95,-3,3
61170,80,81,-1,1
61171,82,74,8,8
61172,157,137,20,20
61173,83,77,6,6
61174,136,113,23,23
61175,147,122,25,25
61176,49,49,0,0
61177,86,77,9,9
61178,125,105,20,20
61179,73,63,10,10
61180,99,101,-2,2
61181,102,96,6,6
61182,101,93,8,8
61183,109,90,19,19
61184,126,110,16,16
61185,142,111,31,31
61186,62,59,3,3
61187,113,101,12,12
61188,149,115,34,34
61189,61,57,4,4
61190,66,68,-2,2
61191,122,103,19,19
61192,89,82,7,7
61193,76,72,4,4
61194,74,77,-3,3
61195,61,61,0,0
61196,44,49,-5,5
61197,107,111,-4,4
61198,104,89,15,15
61199,109,100,9,9
61200,140,116,24,24
61201,43,48,-5,5
61202,40,41,-1,1
61203,223,170,53,53
61204,95,83,12,12
61205,47,49,-2,2
61206,71,62,9,9
61207,121,97,24,24
61208,119,110,9,9
61209,135,121,14,14
61210,78,66,12,12
61211,96,79,17,17
61212,71,67,4,4
61213,71,73,-2,2
61214,108,116,-8,8
61215,64,61,3,3
61216,169,166,3,3
61217,80,73,7,7
61218,78,72,6,6
61219,100,87,13,13
61220,90,79,11,11
61221,108,93,15,15
61222,84,79,5,5
61223,150,129,21,21
61224,91,95,-4,4
61225,55,62,-7,7
61226,83,77,6,6
61227,119,141,-22,22
61228,86,80,6,6
61229,101,96,5,5
61230,89,75,14,14
61231,80,80,0,0
61232,116,99,17,17
61233,146,133,13,13
61234,64,68,-4,4
61235,175,148,27,27
61236,139,123,16,16
61237,79,69,10,10
61238,120,105,15,15
61239,84,83,1,1
61240,132,122,10,10
61241,71,66,5,5
61242,104,87,17,17
61243,60,58,2,2
61244,171,138,33,33
61245,93,85,8,8
61246,132,117,15,15
61247,55,51,4,4
61248,74,54,20,20
61249,126,102,24,24
61250,75,73,2,2
61251,45,52,-7,7
61252,95,85,10,10
61253,154,125,29,29
61254,143,117,26,26
61255,111,101,10,10
61256,97,94,3,3
61257,203,194,9,9
61258,42,39,3,3
61259,49,47,2,2
61260,111,99,12,12
61261,76,60,16,16
61262,79,70,9,9
61263,70,75,-5,5
61264,57,52,5,5
61265,60,47,13,13
61266,119,110,9,9
61267,76,73,3,3
61268,72,63,9,9
61269,124,98,26,26
61270,138,106,32,32
61271,118,106,12,12
61272,119,101,18,18
61273,94,76,18,18
61274,113,120,-7,7
61275,69,78,-9,9
61276,106,91,15,15
61277,41,46,-5,5
61278,88,75,13,13
61279,124,119,5,5
61280,51,52,-1,1
61281,70,73,-3,3
61282,112,101,11,11
61283,100,89,11,11
61284,143,123,20,20
61285,87,86,1,1
61286,61,60,1,1
61287,64,63,1,1
61288,130,116,14,14
61289,81,74,7,7
61290,73,59,14,14
61291,47,45,2,2
61292,99,103,-4,4
61293,95,84,11,11
61294,105,96,9,9
61295,126,114,12,12
61296,108,91,17,17
61297,67,65,2,2
61298,72,74,-2,2
61299,65,58,7,7
61300,109,97,12,12
61301,52,51,1,1
61302,122,102,20,20
61303,59,58,1,1
61304,117,116,1,1
61305,79,67,12,12
61306,46,45,1,1
61307,64,70,-6,6
61308,71,76,-5,5
61309,60,58,2,2
61310,70,65,5,5
61311,114,101,13,13
61312,101,93,8,8
61313,138,125,13,13
61314,98,81,17,17
61315,92,88,4,4
61316,196,164,32,32
61317,109,102,7,7
61318,55,49,6,6
61319,166,148,18,18
61320,68,65,3,3
61321,61,59,2,2
61322,79,73,6,6
61323,86,73,13,13
61324,90,78,12,12
61325,128,110,18,18
61326,102,93,9,9
61327,118,101,17,17
61328,86,77,9,9
61329,105,95,10,10
61330,78,72,6,6
61331,96,87,9,9
61332,38,42,-4,4
61333,96,89,7,7
61334,123,109,14,14
61335,85,75,10,10
61336,117,97,20,20
61337,78,93,-15,15
61338,131,119,12,12
61339,82,75,7,7
61340,87,82,5,5
61341,81,76,5,5
61342,59,51,8,8
61343,84,78,6,6
61344,89,86,3,3
61345,65,59,6,6
61346,131,120,11,11
61347,55,54,1,1
61348,66,48,18,18
61349,74,65,9,9
61350,84,64,20,20
61351,110,94,16,16
61352,63,70,-7,7
61353,97,78,19,19
61354,55,62,-7,7
61355,94,86,8,8
61356,148,130,18,18
61357,110,89,21,21
61358,161,140,21,21
61359,139,119,20,20
61360,63,66,-3,3
61361,120,106,14,14
61362,79,75,4,4
61363,131,120,11,11
61364,150,121,29,29
61365,80,74,6,6
61366,37,37,0,0
61367,116,104,12,12
61368,82,74,8,8
61369,130,116,14,14
61370,68,68,0,0
61371,86,76,10,10
61372,90,74,16,16
61373,57,54,3,3
61374,149,125,24,24
61375,79,73,6,6
61376,126,113,13,13
61377,120,119,1,1
61378,197,164,33,33
61379,62,57,5,5
61380,88,79,9,9
61381,144,120,24,24
61382,99,80,19,19
61383,101,104,-3,3
61384,111,93,18,18
61385,61,59,2,2
61386,85,75,10,10
61387,96,86,10,10
61388,125,113,12,12
61389,107,90,17,17
61390,136,112,24,24
61391,148,129,19,19
61392,98,94,4,4
61393,66,59,7,7
61394,95,73,22,22
61395,107,85,22,22
61396,47,51,-4,4
61397,78,73,5,5
61398,81,70,11,11
61399,72,69,3,3
61400,84,88,-4,4
61401,145,135,10,10
61402,77,70,7,7
61403,90,77,13,13
61404,131,109,22,22
61405,91,76,15,15
61406,38,63,-25,25
61407,94,84,10,10
61408,111,98,13,13
61409,145,128,17,17
61410,84,79,5,5
61411,87,71,16,16
61412,115,97,18,18
61413,95,82,13,13
61414,144,119,25,25
61415,90,78,12,12
61416,101,85,16,16
61417,91,84,7,7
61418,190,167,23,23
61419,80,75,5,5
61420,167,138,29,29
61421,83,68,15,15
61422,66,60,6,6
61423,50,50,0,0
61424,111,102,9,9
61425,83,84,-1,1
61426,72,62,10,10
61427,73,65,8,8
61428,79,78,1,1
61429,66,65,1,1
61430,83,75,8,8
61431,262,216,46,46
61432,108,107,1,1
61433,117,100,17,17
61434,98,81,17,17
61435,85,80,5,5
61436,63,57,6,6
61437,190,162,28,28
61438,85,77,8,8
61439,123,104,19,19
61440,144,127,17,17
61441,75,72,3,3
61442,97,84,13,13
61443,85,70,15,15
61444,69,61,8,8
61445,77,74,3,3
61446,61,60,1,1
61447,75,66,9,9
61448,97,109,-12,12
61449,70,65,5,5
61450,85,76,9,9
61451,61,62,-1,1
61452,77,67,10,10
61453,58,59,-1,1
61454,83,71,12,12
61455,91,85,6,6
61456,53,56,-3,3
61457,55,49,6,6
61458,87,82,5,5
61459,80,78,2,2
61460,53,57,-4,4
61461,133,113,20,20
61462,90,87,3,3
61463,60,61,-1,1
61464,68,64,4,4
61465,66,53,13,13
61466,112,102,10,10
61467,139,121,18,18
61468,50,48,2,2
61469,120,110,10,10
61470,77,73,4,4
61471,81,64,17,17
61472,87,76,11,11
61473,43,45,-2,2
61474,68,58,10,10
61475,58,52,6,6
61476,120,108,12,12
61477,114,95,19,19
61478,173,144,29,29
61479,62,61,1,1
61480,115,95,20,20
61481,213,171,42,42
61482,108,97,11,11
61483,53,61,-8,8
61484,85,71,14,14
61485,119,106,13,13
61486,74,73,1,1
61487,93,80,13,13
61488,72,65,7,7
61489,104,81,23,23
61490,88,82,6,6
61491,56,59,-3,3
61492,139,121,18,18
61493,110,103,7,7
61494,93,77,16,16
61495,54,46,8,8
61496,83,82,1,1
61497,73,62,11,11
61498,202,160,42,42
61499,95,86,9,9
61500,51,54,-3,3
61501,141,111,30,30
61502,130,115,15,15
61503,89,87,2,2
61504,67,61,6,6
61505,92,85,7,7
61506,138,132,6,6
61507,50,47,3,3
61508,85,70,15,15
61509,118,92,26,26
61510,84,74,10,10
61511,95,82,13,13
61512,92,89,3,3
61513,141,134,7,7
61514,94,89,5,5
61515,117,109,8,8
61516,82,64,18,18
61517,73,74,-1,1
61518,108,89,19,19
61519,93,95,-2,2
61520,156,142,14,14
61521,84,78,6,6
61522,106,85,21,21
61523,91,87,4,4
61524,88,81,7,7
61525,78,66,12,12
61526,136,119,17,17
61527,59,63,-4,4
61528,94,93,1,1
61529,100,90,10,10
61530,144,123,21,21
61531,89,100,-11,11
61532,67,64,3,3
61533,28,34,-6,6
61534,114,101,13,13
61535,123,116,7,7
61536,85,69,16,16
61537,77,71,6,6
61538,89,96,-7,7
61539,90,79,11,11
61540,80,76,4,4
61541,114,109,5,5
61542,46,45,1,1
61543,123,103,20,20
61544,132,116,16,16
61545,106,107,-1,1
61546,93,88,5,5
61547,100,110,-10,10
61548,82,72,10,10
61549,170,158,12,12
61550,103,105,-2,2
61551,60,60,0,0
61552,101,103,-2,2
61553,101,88,13,13
61554,106,91,15,15
61555,53,61,-8,8
61556,45,42,3,3
61557,102,105,-3,3
61558,74,64,10,10
61559,107,105,2,2
61560,95,88,7,7
61561,96,85,11,11
61562,100,89,11,11
61563,40,48,-8,8
61564,85,73,12,12
61565,59,58,1,1
61566,107,92,15,15
61567,157,134,23,23
61568,72,71,1,1
61569,104,84,20,20
61570,53,57,-4,4
61571,131,116,15,15
61572,147,123,24,24
61573,80,71,9,9
61574,135,116,19,19
61575,119,98,21,21
61576,128,109,19,19
61577,126,109,17,17
61578,91,76,15,15
61579,102,82,20,20
61580,55,59,-4,4
61581,69,64,5,5
61582,57,61,-4,4
61583,53,54,-1,1
61584,109,86,23,23
61585,106,82,24,24
61586,106,98,8,8
61587,128,106,22,22
61588,84,73,11,11
61589,73,70,3,3
61590,137,101,36,36
61591,96,89,7,7
61592,106,95,11,11
61593,119,105,14,14
61594,113,103,10,10
61595,138,120,18,18
61596,52,51,1,1
61597,115,101,14,14
61598,66,62,4,4
61599,114,105,9,9
61600,46,54,-8,8
61601,108,96,12,12
61602,85,73,12,12
61603,67,59,8,8
61604,66,57,9,9
61605,76,74,2,2
61606,93,81,12,12
61607,145,139,6,6
61608,122,104,18,18
61609,88,76,12,12
61610,59,57,2,2
61611,77,71,6,6
61612,84,79,5,5
61613,71,70,1,1
61614,93,79,14,14
61615,71,64,7,7
61616,40,46,-6,6
61617,165,140,25,25
61618,104,95,9,9
61619,54,48,6,6
61620,46,39,7,7
61621,70,63,7,7
61622,51,51,0,0
61623,86,76,10,10
61624,86,76,10,10
61625,90,79,11,11
61626,160,142,18,18
61627,119,102,17,17
61628,78,77,1,1
61629,112,112,0,0
61630,89,74,15,15
61631,96,89,7,7
61632,96,87,9,9
61633,96,87,9,9
61634,33,35,-2,2
61635,78,69,9,9
61636,65,54,11,11
61637,69,67,2,2
61638,85,80,5,5
61639,71,59,12,12
61640,119,98,21,21
61641,100,88,12,12
61642,102,93,9,9
61643,96,79,17,17
61644,77,68,9,9
61645,91,89,2,2
61646,175,145,30,30
61647,96,90,6,6
61648,133,113,20,20
61649,107,113,-6,6
61650,98,84,14,14
61651,94,90,4,4
61652,67,63,4,4
61653,116,108,8,8
61654,73,74,-1,1
61655,83,66,17,17
61656,75,72,3,3
61657,109,110,-1,1
61658,143,133,10,10
61659,84,81,3,3
61660,79,78,1,1
61661,104,93,11,11
61662,44,41,3,3
61663,53,44,9,9
61664,108,94,14,14
61665,86,84,2,2
61666,119,108,11,11
61667,56,39,17,17
61668,88,84,4,4
61669,118,108,10,10
61670,102,93,9,9
61671,49,46,3,3
61672,99,87,12,12
61673,105,164,-59,59
61674,131,102,29,29
61675,78,67,11,11
61676,99,86,13,13
61677,23,33,-10,10
61678,126,114,12,12
61679,92,80,12,12
61680,85,84,1,1
61681,61,61,0,0
61682,137,126,11,11
61683,74,71,3,3
61684,129,111,18,18
61685,156,140,16,16
61686,72,64,8,8
61687,151,124,27,27
61688,72,62,10,10
61689,81,82,-1,1
61690,128,108,20,20
61691,136,111,25,25
61692,111,104,7,7
61693,150,136,14,14
61694,79,74,5,5
61695,124,109,15,15
61696,133,114,19,19
61697,106,104,2,2
61698,71,70,1,1
61699,69,60,9,9
61700,105,103,2,2
61701,60,54,6,6
61702,97,87,10,10
61703,129,122,7,7
61704,70,65,5,5
61705,137,130,7,7
61706,110,90,20,20
61707,97,86,11,11
61708,149,151,-2,2
61709,63,62,1,1
61710,71,68,3,3
61711,108,92,16,16
61712,127,112,15,15
61713,92,90,2,2
61714,41,41,0,0
61715,87,76,11,11
61716,95,84,11,11
61717,58,58,0,0
61718,103,102,1,1
61719,106,95,11,11
61720,100,94,6,6
61721,49,50,-1,1
61722,103,111,-8,8
61723,147,139,8,8
61724,110,96,14,14
61725,121,129,-8,8
61726,66,61,5,5
61727,66,63,3,3
61728,75,68,7,7
61729,127,120,7,7
61730,96,85,11,11
61731,179,143,36,36
61732,153,136,17,17
61733,89,76,13,13
61734,111,100,11,11
61735,124,95,29,29
61736,86,69,17,17
61737,98,97,1,1
61738,82,76,6,6
61739,138,109,29,29
61740,98,80,18,18
61741,187,158,29,29
61742,141,118,23,23
61743,72,72,0,0
61744,110,95,15,15
61745,87,84,3,3
61746,60,56,4,4
61747,71,67,4,4
61748,123,114,9,9
61749,57,57,0,0
61750,113,107,6,6
61751,148,132,16,16
61752,73,69,4,4
61753,62,65,-3,3
61754,108,112,-4,4
61755,105,93,12,12
61756,152,109,43,43
61757,51,49,2,2
61758,127,112,15,15
61759,31,41,-10,10
61760,68,63,5,5
61761,163,135,28,28
61762,160,133,27,27
61763,73,73,0,0
61764,43,43,0,0
61765,102,91,11,11
61766,91,97,-6,6
61767,136,109,27,27
61768,92,79,13,13
61769,60,58,2,2
61770,45,48,-3,3
61771,111,95,16,16
61772,95,92,3,3
61773,100,88,12,12
61774,139,129,10,10
61775,99,84,15,15
61776,68,67,1,1
61777,55,52,3,3
61778,110,89,21,21
61779,67,69,-2,2
61780,103,91,12,12
61781,115,102,13,13
61782,131,129,2,2
61783,106,103,3,3
61784,154,138,16,16
61785,104,103,1,1
61786,91,80,11,11
61787,139,128,11,11
61788,56,56,0,0
61789,139,120,19,19
61790,72,59,13,13
61791,144,126,18,18
61792,112,96,16,16
61793,68,61,7,7
61794,88,80,8,8
61795,79,84,-5,5
61796,104,98,6,6
61797,54,48,6,6
61798,111,93,18,18
61799,87,80,7,7
61800,185,153,32,32
61801,92,82,10,10
61802,68,68,0,0
61803,91,82,9,9
61804,84,71,13,13
61805,82,75,7,7
61806,126,111,15,15
61807,71,70,1,1
61808,72,64,8,8
61809,137,122,15,15
61810,61,64,-3,3
61811,106,97,9,9
61812,59,51,8,8
61813,77,67,10,10
61814,149,115,34,34
61815,63,60,3,3
61816,66,66,0,0
61817,105,92,13,13
61818,85,75,10,10
61819,109,88,21,21
61820,81,80,1,1
61821,60,59,1,1
61822,40,43,-3,3
61823,95,83,12,12
61824,110,89,21,21
61825,68,59,9,9
61826,67,63,4,4
61827,76,71,5,5
61828,188,162,26,26
61829,59,55,4,4
61830,131,108,23,23
61831,108,96,12,12
61832,114,108,6,6
61833,108,94,14,14
61834,104,90,14,14
61835,94,87,7,7
61836,47,46,1,1
61837,77,64,13,13
61838,80,76,4,4
61839,96,85,11,11
61840,103,93,10,10
61841,109,99,10,10
61842,66,71,-5,5
61843,98,81,17,17
61844,126,99,27,27
61845,97,100,-3,3
61846,99,87,12,12
61847,107,95,12,12
61848,129,115,14,14
61849,87,83,4,4
61850,69,63,6,6
61851,115,96,19,19
61852,99,92,7,7
61853,99,87,12,12
61854,155,149,6,6
61855,121,104,17,17
61856,123,114,9,9
61857,91,82,9,9
61858,68,71,-3,3
61859,118,97,21,21
61860,98,91,7,7
61861,108,95,13,13
61862,112,99,13,13
61863,80,67,13,13
61864,92,121,-29,29
61865,116,98,18,18
61866,56,58,-2,2
61867,127,112,15,15
61868,50,52,-2,2
61869,121,101,20,20
61870,157,137,20,20
61871,78,70,8,8
61872,85,71,14,14
61873,142,126,16,16
61874,42,44,-2,2
61875,62,61,1,1
61876,61,59,2,2
61877,75,70,5,5
61878,82,79,3,3
61879,107,93,14,14
61880,130,119,11,11
61881,64,65,-1,1
61882,75,68,7,7
61883,109,94,15,15
61884,65,70,-5,5
61885,112,103,9,9
61886,88,85,3,3
61887,140,119,21,21
61888,132,114,18,18
61889,108,102,6,6
61890,92,71,21,21
61891,63,57,6,6
61892,48,47,1,1
61893,144,108,36,36
61894,104,92,12,12
61895,107,92,15,15
61896,52,62,-10,10
61897,73,67,6,6
61898,44,44,0,0
61899,120,102,18,18
61900,87,76,11,11
61901,110,104,6,6
61902,73,68,5,5
61903,79,81,-2,2
61904,57,58,-1,1
61905,68,66,2,2
61906,81,88,-7,7
61907,63,55,8,8
61908,41,38,3,3
61909,71,59,12,12
61910,106,103,3,3
61911,105,85,20,20
61912,183,136,47,47
61913,111,107,4,4
61914,137,120,17,17
61915,51,54,-3,3
61916,40,38,2,2
61917,70,72,-2,2
61918,120,104,16,16
61919,57,60,-3,3
61920,66,58,8,8
61921,140,112,28,28
61922,71,73,-2,2
61923,96,84,12,12
61924,108,99,9,9
61925,134,134,0,0
61926,97,87,10,10
61927,44,41,3,3
61928,49,47,2,2
61929,63,56,7,7
61930,97,91,6,6
61931,38,37,1,1
61932,68,60,8,8
61933,114,95,19,19
61934,105,99,6,6
61935,36,36,0,0
61936,69,59,10,10
61937,101,91,10,10
61938,155,127,28,28
61939,53,64,-11,11
61940,151,125,26,26
61941,65,58,7,7
61942,64,60,4,4
61943,181,148,33,33
61944,110,100,10,10
61945,93,87,6,6
61946,183,150,33,33
61947,94,83,11,11
61948,91,83,8,8
61949,105,100,5,5
61950,51,50,1,1
61951,76,69,7,7
61952,60,66,-6,6
61953,72,64,8,8
61954,108,95,13,13
61955,119,102,17,17
61956,98,100,-2,2
61957,119,98,21,21
61958,122,106,16,16
61959,90,82,8,8
61960,55,54,1,1
61961,62,54,8,8
61962,41,48,-7,7
61963,86,76,10,10
61964,58,56,2,2
61965,159,144,15,15
61966,84,77,7,7
61967,101,90,11,11
61968,107,88,19,19
61969,150,129,21,21
61970,105,99,6,6
61971,83,77,6,6
61972,78,81,-3,3
61973,51,48,3,3
61974,83,84,-1,1
61975,111,102,9,9
61976,116,111,5,5
61977,124,90,34,34
61978,116,100,16,16
61979,133,116,17,17
61980,143,123,20,20
61981,102,94,8,8
61982,94,88,6,6
61983,66,60,6,6
61984,76,76,0,0
61985,108,92,16,16
61986,69,58,11,11
61987,90,73,17,17
61988,65,69,-4,4
61989,157,142,15,15
61990,81,69,12,12
61991,116,110,6,6
61992,94,83,11,11
61993,98,103,-5,5
61994,149,126,23,23
61995,87,79,8,8
61996,124,114,10,10
61997,121,108,13,13
61998,157,131,26,26
61999,100,86,14,14
62000,129,119,10,10
62001,97,87,10,10
62002,57,53,4,4
62003,108,93,15,15
62004,64,54,10,10
62005,195,157,38,38
62006,81,71,10,10
62007,92,81,11,11
62008,139,133,6,6
62009,67,62,5,5
62010,78,80,-2,2
62011,56,58,-2,2
62012,90,81,9,9
62013,69,67,2,2
62014,109,90,19,19
62015,67,62,5,5
62016,65,64,1,1
62017,67,69,-2,2
62018,128,105,23,23
62019,101,88,13,13
62020,103,92,11,11
62021,66,58,8,8
62022,78,74,4,4
62023,121,104,17,17
62024,99,96,3,3
62025,69,57,12,12
62026,64,62,2,2
62027,66,60,6,6
62028,76,71,5,5
62029,91,83,8,8
62030,49,52,-3,3
62031,222,163,59,59
62032,71,60,11,11
62033,155,137,18,18
62034,80,74,6,6
62035,94,72,22,22
62036,70,61,9,9
62037,106,95,11,11
62038,81,77,4,4
62039,90,74,16,16
62040,73,68,5,5
62041,65,56,9,9
62042,71,70,1,1
62043,140,109,31,31
62044,109,104,5,5
62045,72,66,6,6
62046,95,95,0,0
62047,92,79,13,13
62048,104,100,4,4
62049,74,69,5,5
62050,102,93,9,9
62051,75,73,2,2
62052,100,87,13,13
62053,111,106,5,5
62054,52,49,3,3
62055,79,65,14,14
62056,99,86,13,13
62057,140,129,11,11
62058,181,165,16,16
62059,106,94,12,12
62060,59,50,9,9
62061,129,109,20,20
62062,95,104,-9,9
62063,50,52,-2,2
62064,71,62,9,9
62065,46,55,-9,9
62066,103,99,4,4
62067,82,78,4,4
62068,114,97,17,17
62069,114,99,15,15
62070,92,86,6,6
62071,74,72,2,2
62072,102,93,9,9
62073,104,92,12,12
62074,86,76,10,10
62075,51,66,-15,15
62076,86,75,11,11
62077,78,75,3,3
62078,99,95,4,4
62079,95,81,14,14
62080,82,77,5,5
62081,111,104,7,7
62082,129,103,26,26
62083,90,101,-11,11
62084,139,116,23,23
62085,72,74,-2,2
62086,55,55,0,0
62087,165,139,26,26
62088,115,106,9,9
62089,61,66,-5,5
62090,84,73,11,11
62091,136,121,15,15
62092,83,72,11,11
62093,27,47,-20,20
62094,108,97,11,11
62095,147,121,26,26
62096,120,108,12,12
62097,73,84,-11,11
62098,60,64,-4,4
62099,123,115,8,8
62100,89,83,6,6
62101,73,62,11,11
62102,64,61,3,3
62103,62,61,1,1
62104,100,88,12,12
62105,100,81,19,19
62106,48,59,-11,11
62107,119,102,17,17
62108,53,51,2,2
62109,142,132,10,10
62110,58,57,1,1
62111,100,102,-2,2
62112,77,69,8,8
62113,71,78,-7,7
62114,126,110,16,16
62115,50,49,1,1
62116,205,153,52,52
62117,60,60,0,0
62118,91,81,10,10
62119,70,70,0,0
62120,90,87,3,3
62121,159,136,23,23
62122,75,70,5,5
62123,116,86,30,30
62124,109,104,5,5
62125,143,122,21,21
62126,112,94,18,18
62127,84,78,6,6
62128,170,156,14,14
62129,150,138,12,12
62130,109,95,14,14
62131,161,138,23,23
62132,99,94,5,5
62133,127,101,26,26
62134,62,43,19,19
62135,133,114,19,19
62136,101,98,3,3
62137,127,108,19,19
62138,89,81,8,8
62139,95,82,13,13
62140,150,127,23,23
62141,49,46,3,3
62142,92,85,7,7
62143,92,82,10,10
62144,38,44,-6,6
62145,145,138,7,7
62146,156,145,11,11
62147,125,109,16,16
62148,51,47,4,4
62149,134,102,32,32
62150,92,96,-4,4
62151,85,85,0,0
62152,60,58,2,2
62153,67,66,1,1
62154,99,98,1,1
62155,159,144,15,15
62156,86,83,3,3
62157,75,56,19,19
62158,42,40,2,2
62159,71,69,2,2
62160,136,123,13,13
62161,67,71,-4,4
62162,112,99,13,13
62163,71,68,3,3
62164,48,55,-7,7
62165,139,127,12,12
62166,114,136,-22,22
62167,48,44,4,4
62168,86,80,6,6
62169,119,103,16,16
62170,94,85,9,9
62171,105,98,7,7
62172,104,86,18,18
62173,85,79,6,6
62174,66,58,8,8
62175,93,81,12,12
62176,88,84,4,4
62177,67,62,5,5
62178,91,91,0,0
62179,110,99,11,11
62180,80,68,12,12
62181,98,97,1,1
62182,126,112,14,14
62183,52,56,-4,4
62184,63,65,-2,2
62185,91,90,1,1
62186,103,94,9,9
62187,68,64,4,4
62188,73,76,-3,3
62189,95,89,6,6
62190,100,88,12,12
62191,111,91,20,20
62192,100,94,6,6
62193,75,71,4,4
62194,84,83,1,1
62195,75,72,3,3
62196,139,114,25,25
62197,105,99,6,6
62198,84,86,-2,2
62199,137,113,24,24
62200,65,88,-23,23
62201,97,84,13,13
62202,78,74,4,4
62203,122,114,8,8
62204,72,70,2,2
62205,80,89,-9,9
62206,132,108,24,24
62207,113,99,14,14
62208,121,107,14,14
62209,72,68,4,4
62210,95,90,5,5
62211,124,111,13,13
62212,122,108,14,14
62213,152,135,17,17
62214,105,91,14,14
62215,103,99,4,4
62216,111,95,16,16
62217,60,51,9,9
62218,75,85,-10,10
62219,69,67,2,2
62220,85,72,13,13
62221,91,93,-2,2
62222,106,88,18,18
62223,76,78,-2,2
62224,43,45,-2,2
62225,65,59,6,6
62226,180,160,20,20
62227,38,53,-15,15
62228,86,79,7,7
62229,77,71,6,6
62230,110,100,10,10
62231,111,102,9,9
62232,134,114,20,20
62233,123,115,8,8
62234,67,64,3,3
62235,77,75,2,2
62236,95,93,2,2
62237,94,86,8,8
62238,131,116,15,15
62239,88,92,-4,4
62240,130,114,16,16
62241,78,73,5,5
62242,98,89,9,9
62243,66,61,5,5
62244,63,63,0,0
62245,85,75,10,10
62246,82,77,5,5
62247,82,82,0,0
62248,104,92,12,12
62249,120,108,12,12
62250,68,64,4,4
62251,108,99,9,9
62252,101,88,13,13
62253,102,89,13,13
62254,161,149,12,12
62255,48,49,-1,1
62256,82,81,1,1
62257,134,119,15,15
62258,102,88,14,14
62259,47,49,-2,2
62260,101,72,29,29
62261,103,89,14,14
62262,158,132,26,26
62263,79,77,2,2
62264,126,110,16,16
62265,72,73,-1,1
62266,103,93,10,10
62267,86,87,-1,1
62268,73,77,-4,4
62269,150,128,22,22
62270,69,61,8,8
62271,89,75,14,14
62272,102,87,15,15
62273,89,82,7,7
62274,92,85,7,7
62275,91,79,12,12
62276,69,64,5,5
62277,31,39,-8,8
62278,62,53,9,9
62279,74,73,1,1
62280,73,62,11,11
62281,92,74,18,18
62282,68,65,3,3
62283,121,103,18,18
62284,160,144,16,16
62285,124,112,12,12
62286,71,64,7,7
62287,98,79,19,19
62288,85,77,8,8
62289,93,80,13,13
62290,87,75,12,12
62291,210,162,48,48
62292,74,69,5,5
62293,84,81,3,3
62294,141,125,16,16
62295,68,64,4,4
62296,118,105,13,13
62297,75,72,3,3
62298,150,130,20,20
62299,162,140,22,22
62300,59,55,4,4
62301,82,76,6,6
62302,118,101,17,17
62303,94,90,4,4
62304,75,87,-12,12
62305,71,66,5,5
62306,131,112,19,19
62307,120,102,18,18
62308,91,85,6,6
62309,112,95,17,17
62310,145,132,13,13
62311,93,77,16,16
62312,93,82,11,11
62313,89,70,19,19
62314,110,95,15,15
62315,78,72,6,6
62316,80,70,10,10
62317,133,121,12,12
62318,50,44,6,6
62319,82,76,6,6
62320,145,117,28,28
62321,126,97,29,29
62322,105,91,14,14
62323,159,143,16,16
62324,118,110,8,8
62325,142,125,17,17
62326,108,91,17,17
62327,110,99,11,11
62328,106,88,18,18
62329,119,107,12,12
62330,90,85,5,5
62331,68,67,1,1
62332,119,101,18,18
62333,162,135,27,27
62334,76,75,1,1
62335,89,74,15,15
62336,57,56,1,1
62337,79,73,6,6
62338,72,73,-1,1
62339,110,88,22,22
62340,82,72,10,10
62341,76,66,10,10
62342,68,69,-1,1
62343,79,93,-14,14
62344,64,63,1,1
62345,151,124,27,27
62346,64,61,3,3
62347,110,93,17,17
62348,78,66,12,12
62349,123,114,9,9
62350,118,105,13,13
62351,58,60,-2,2
62352,140,120,20,20
62353,128,105,23,23
62354,57,50,7,7
62355,101,95,6,6
62356,106,90,16,16
62357,71,72,-1,1
62358,61,53,8,8
62359,187,148,39,39
62360,123,101,22,22
62361,64,56,8,8
62362,59,60,-1,1
62363,83,75,8,8
62364,68,67,1,1
62365,83,71,12,12
62366,111,94,17,17
62367,86,87,-1,1
62368,87,82,5,5
62369,97,85,12,12
62370,76,71,5,5
62371,91,86,5,5
62372,169,137,32,32
62373,51,46,5,5
62374,57,67,-10,10
62375,168,154,14,14
62376,93,66,27,27
62377,93,82,11,11
62378,98,79,19,19
62379,76,79,-3,3
62380,142,120,22,22
62381,60,57,3,3
62382,118,101,17,17
62383,40,57,-17,17
62384,68,58,10,10
62385,75,62,13,13
62386,97,86,11,11
62387,124,114,10,10
62388,68,58,10,10
62389,89,76,13,13
62390,109,98,11,11
62391,53,50,3,3
62392,112,98,14,14
62393,140,131,9,9
62394,113,94,19,19
62395,105,105,0,0
62396,69,60,9,9
62397,98,110,-12,12
62398,150,132,18,18
62399,93,85,8,8
62400,117,111,6,6
62401,44,41,3,3
62402,65,56,9,9
62403,78,67,11,11
62404,149,133,16,16
62405,75,68,7,7
62406,82,76,6,6
62407,93,80,13,13
62408,129,114,15,15
62409,46,49,-3,3
62410,56,46,10,10
62411,99,79,20,20
62412,31,43,-12,12
62413,113,102,11,11
62414,167,150,17,17
62415,113,104,9,9
62416,171,152,19,19
62417,71,67,4,4
62418,103,95,8,8
62419,76,74,2,2
62420,64,54,10,10
62421,105,100,5,5
62422,176,152,24,24
62423,127,107,20,20
62424,118,98,20,20
62425,88,87,1,1
62426,133,118,15,15
62427,84,85,-1,1
62428,108,99,9,9
62429,72,65,7,7
62430,128,112,16,16
62431,36,40,-4,4
62432,116,95,21,21
62433,105,98,7,7
62434,85,81,4,4
62435,48,46,2,2
62436,142,114,28,28
62437,78,61,17,17
62438,72,73,-1,1
62439,255,213,42,42
62440,113,107,6,6
62441,98,83,15,15
62442,143,118,25,25
62443,85,98,-13,13
62444,111,102,9,9
62445,106,97,9,9
62446,111,101,10,10
62447,84,73,11,11
62448,74,71,3,3
62449,87,83,4,4
62450,133,120,13,13
62451,111,106,5,5
62452,78,73,5,5
62453,83,80,3,3
62454,117,92,25,25
62455,97,85,12,12
62456,127,118,9,9
62457,66,59,7,7
62458,124,106,18,18
62459,72,68,4,4
62460,108,86,22,22
62461,124,113,11,11
62462,137,107,30,30
62463,84,79,5,5
62464,175,156,19,19
62465,32,33,-1,1
62466,127,102,25,25
62467,139,127,12,12
62468,84,100,-16,16
62469,138,132,6,6
62470,147,135,12,12
62471,49,50,-1,1
62472,87,77,10,10
62473,71,67,4,4
62474,89,71,18,18
62475,122,112,10,10
62476,110,106,4,4
62477,112,101,11,11
62478,161,128,33,33
62479,78,80,-2,2
62480,84,78,6,6
62481,96,81,15,15
62482,83,76,7,7
62483,166,134,32,32
62484,69,59,10,10
62485,48,42,6,6
62486,84,66,18,18
62487,113,88,25,25
62488,89,84,5,5
62489,51,51,0,0
62490,101,90,11,11
62491,70,64,6,6
62492,107,90,17,17
62493,99,87,12,12
62494,142,119,23,23
62495,123,102,21,21
62496,81,71,10,10
62497,60,55,5,5
62498,139,117,22,22
62499,93,81,12,12
62500,123,119,4,4
62501,101,76,25,25
62502,128,115,13,13
62503,72,66,6,6
62504,134,109,25,25
62505,89,82,7,7
62506,162,137,25,25
62507,129,102,27,27
62508,97,89,8,8
62509,63,68,-5,5
62510,88,83,5,5
62511,47,46,1,1
62512,163,136,27,27
62513,169,153,16,16
62514,88,76,12,12
62515,116,106,10,10
62516,68,66,2,2
62517,66,66,0,0
62518,75,72,3,3
62519,79,79,0,0
62520,132,120,12,12
62521,64,64,0,0
62522,154,131,23,23
62523,159,120,39,39
62524,97,91,6,6
62525,151,128,23,23
62526,64,59,5,5
62527,86,71,15,15
62528,86,95,-9,9
62529,105,93,12,12
62530,135,123,12,12
62531,78,79,-1,1
62532,180,144,36,36
62533,126,105,21,21
62534,115,106,9,9
62535,95,97,-2,2
62536,123,99,24,24
62537,49,44,5,5
62538,94,91,3,3
62539,170,146,24,24
62540,92,82,10,10
62541,101,95,6,6
62542,93,86,7,7
62543,123,126,-3,3
62544,83,69,14,14
62545,122,97,25,25
62546,109,110,-1,1
62547,67,54,13,13
62548,59,59,0,0
62549,79,66,13,13
62550,82,78,4,4
62551,69,64,5,5
62552,83,81,2,2
62553,116,99,17,17
62554,202,157,45,45
62555,92,93,-1,1
62556,95,85,10,10
62557,104,98,6,6
62558,124,106,18,18
62559,203,164,39,39
62560,95,85,10,10
62561,131,115,16,16
62562,42,40,2,2
62563,106,81,25,25
62564,40,43,-3,3
62565,81,74,7,7
62566,125,106,19,19
62567,82,75,7,7
62568,121,103,18,18
62569,85,87,-2,2
62570,104,85,19,19
62571,82,72,10,10
62572,76,68,8,8
62573,60,58,2,2
62574,91,71,20,20
62575,96,79,17,17
62576,118,102,16,16
62577,101,85,16,16
62578,140,128,12,12
62579,153,135,18,18
62580,115,113,2,2
62581,38,53,-15,15
62582,74,72,2,2
62583,28,54,-26,26
62584,65,63,2,2
62585,113,107,6,6
62586,109,101,8,8
62587,93,83,10,10
62588,87,77,10,10
62589,54,53,1,1
62590,125,110,15,15
62591,141,127,14,14
62592,114,109,5,5
62593,122,106,16,16
62594,138,126,12,12
62595,98,86,12,12
62596,84,75,9,9
62597,118,106,12,12
62598,114,105,9,9
62599,69,68,1,1
62600,47,54,-7,7
62601,72,55,17,17
62602,72,59,13,13
62603,85,78,7,7
62604,48,46,2,2
62605,96,84,12,12
62606,90,81,9,9
62607,99,82,17,17
62608,122,114,8,8
62609,60,59,1,1
62610,80,80,0,0
62611,79,76,3,3
62612,54,49,5,5
62613,90,85,5,5
62614,84,81,3,3
62615,98,89,9,9
62616,106,95,11,11
62617,70,71,-1,1
62618,93,78,15,15
62619,81,72,9,9
62620,108,94,14,14
62621,66,63,3,3
62622,92,81,11,11
62623,58,51,7,7
62624,80,73,7,7
62625,72,70,2,2
62626,92,80,12,12
62627,114,108,6,6
62628,149,125,24,24
62629,85,75,10,10
62630,61,53,8,8
62631,104,88,16,16
62632,100,84,16,16
62633,132,116,16,16
62634,132,113,19,19
62635,114,94,20,20
62636,89,84,5,5
62637,52,48,4,4
62638,51,46,5,5
62639,109,105,4,4
62640,112,109,3,3
62641,80,69,11,11
62642,158,156,2,2
62643,103,87,16,16
62644,59,57,2,2
62645,118,102,16,16
62646,114,101,13,13
62647,101,89,12,12
62648,64,60,4,4
62649,75,69,6,6
62650,110,88,22,22
62651,168,162,6,6
62652,109,91,18,18
62653,106,94,12,12
62654,32,73,-41,41
62655,86,80,6,6
62656,185,135,50,50
62657,125,122,3,3
62658,48,48,0,0
62659,128,118,10,10
62660,138,128,10,10
62661,75,64,11,11
62662,84,96,-12,12
62663,115,92,23,23
62664,58,63,-5,5
62665,97,88,9,9
62666,152,124,28,28
62667,94,89,5,5
62668,114,101,13,13
62669,130,124,6,6
62670,61,58,3,3
62671,185,150,35,35
62672,110,98,12,12
62673,58,53,5,5
62674,79,76,3,3
62675,79,71,8,8
62676,93,81,12,12
62677,129,115,14,14
62678,134,117,17,17
62679,98,93,5,5
62680,162,139,23,23
62681,83,76,7,7
62682,107,86,21,21
62683,98,99,-1,1
62684,131,108,23,23
62685,57,50,7,7
62686,153,126,27,27
62687,126,112,14,14
62688,89,81,8,8
62689,68,62,6,6
62690,131,107,24,24
62691,68,70,-2,2
62692,94,80,14,14
62693,135,113,22,22
62694,96,89,7,7
62695,95,95,0,0
62696,90,79,11,11
62697,55,54,1,1
62698,108,103,5,5
62699,36,38,-2,2
62700,73,63,10,10
62701,73,76,-3,3
62702,102,89,13,13
62703,52,49,3,3
62704,22,40,-18,18
62705,102,82,20,20
62706,136,108,28,28
62707,83,78,5,5
62708,76,70,6,6
62709,135,120,15,15
62710,116,110,6,6
62711,69,67,2,2
62712,42,43,-1,1
62713,86,69,17,17
62714,131,116,15,15
62715,119,103,16,16
62716,65,60,5,5
62717,100,95,5,5
62718,65,63,2,2
62719,73,68,5,5
62720,63,60,3,3
62721,115,137,-22,22
62722,164,136,28,28
62723,146,132,14,14
62724,64,64,0,0
62725,101,88,13,13
62726,124,107,17,17
62727,74,71,3,3
62728,92,73,19,19
62729,90,81,9,9
62730,93,86,7,7
62731,76,75,1,1
62732,133,124,9,9
62733,54,54,0,0
62734,147,109,38,38
62735,107,101,6,6
62736,132,106,26,26
62737,129,106,23,23
62738,95,82,13,13
62739,78,83,-5,5
62740,93,81,12,12
62741,85,85,0,0
62742,138,139,-1,1
62743,106,97,9,9
62744,45,45,0,0
62745,50,52,-2,2
62746,55,41,14,14
62747,44,50,-6,6
62748,70,66,4,4
62749,125,107,18,18
62750,82,78,4,4
62751,80,72,8,8
62752,120,105,15,15
62753,100,89,11,11
62754,70,62,8,8
62755,65,61,4,4
62756,96,92,4,4
62757,93,84,9,9
62758,106,90,16,16
62759,168,136,32,32
62760,169,143,26,26
62761,95,70,25,25
62762,95,88,7,7
62763,81,70,11,11
62764,65,63,2,2
62765,64,72,-8,8
62766,62,72,-10,10
62767,119,105,14,14
62768,93,79,14,14
62769,77,70,7,7
62770,141,126,15,15
62771,66,62,4,4
62772,76,82,-6,6
62773,148,130,18,18
62774,57,64,-7,7
62775,78,60,18,18
62776,134,102,32,32
62777,133,113,20,20
62778,66,62,4,4
62779,75,66,9,9
62780,97,85,12,12
62781,131,111,20,20
62782,171,146,25,25
62783,222,187,35,35
62784,102,95,7,7
62785,60,57,3,3
62786,144,132,12,12
62787,43,43,0,0
62788,82,73,9,9
62789,84,78,6,6
62790,92,89,3,3
62791,94,68,26,26
62792,179,159,20,20
62793,119,109,10,10
62794,61,63,-2,2
62795,93,91,2,2
62796,53,48,5,5
62797,142,126,16,16
62798,69,64,5,5
62799,90,84,6,6
62800,139,124,15,15
62801,90,100,-10,10
62802,56,53,3,3
62803,113,107,6,6
62804,91,80,11,11
62805,86,79,7,7
62806,111,94,17,17
62807,74,64,10,10
62808,139,115,24,24
62809,96,80,16,16
62810,105,91,14,14
62811,139,125,14,14
62812,61,60,1,1
62813,70,68,2,2
62814,70,70,0,0
62815,61,56,5,5
62816,127,121,6,6
62817,92,91,1,1
62818,120,100,20,20
62819,52,45,7,7
62820,86,79,7,7
62821,62,55,7,7
62822,101,110,-9,9
62823,85,91,-6,6
62824,96,93,3,3
62825,105,96,9,9
62826,122,109,13,13
62827,116,104,12,12
62828,98,76,22,22
62829,154,133,21,21
62830,100,85,15,15
62831,164,142,22,22
62832,162,140,22,22
62833,136,124,12,12
62834,62,64,-2,2
62835,178,151,27,27
62836,109,86,23,23
62837,121,98,23,23
62838,108,110,-2,2
62839,84,80,4,4
62840,131,106,25,25
62841,122,100,22,22
62842,64,69,-5,5
62843,84,77,7,7
62844,72,68,4,4
62845,185,149,36,36
62846,77,69,8,8
62847,137,140,-3,3
62848,93,93,0,0
62849,86,87,-1,1
62850,144,114,30,30
62851,78,80,-2,2
62852,61,61,0,0
62853,129,107,22,22
62854,52,60,-8,8
62855,195,168,27,27
62856,87,81,6,6
62857,101,95,6,6
62858,103,100,3,3
62859,169,149,20,20
62860,104,93,11,11
62861,80,72,8,8
62862,40,52,-12,12
62863,90,87,3,3
62864,89,86,3,3
62865,105,94,11,11
62866,86,86,0,0
62867,133,115,18,18
62868,89,80,9,9
62869,64,58,6,6
62870,94,92,2,2
62871,86,86,0,0
62872,128,109,19,19
62873,53,52,1,1
62874,91,75,16,16
62875,74,66,8,8
62876,64,61,3,3
62877,81,66,15,15
62878,66,65,1,1
62879,76,65,11,11
62880,91,82,9,9
62881,76,67,9,9
62882,109,91,18,18
62883,77,68,9,9
62884,76,69,7,7
62885,110,91,19,19
62886,88,78,10,10
62887,120,103,17,17
62888,127,115,12,12
62889,106,104,2,2
62890,201,165,36,36
62891,111,99,12,12
62892,231,189,42,42
62893,59,61,-2,2
62894,150,125,25,25
62895,141,119,22,22
62896,62,55,7,7
62897,191,167,24,24
62898,119,108,11,11
62899,72,74,-2,2
62900,103,93,10,10
62901,79,78,1,1
62902,106,97,9,9
62903,104,108,-4,4
62904,88,86,2,2
62905,78,79,-1,1
62906,81,84,-3,3
62907,98,92,6,6
62908,123,108,15,15
62909,142,132,10,10
62910,74,67,7,7
62911,163,138,25,25
62912,102,83,19,19
62913,60,56,4,4
62914,133,105,28,28
62915,59,56,3,3
62916,47,49,-2,2
62917,86,84,2,2
62918,124,105,19,19
62919,28,34,-6,6
62920,59,57,2,2
62921,124,123,1,1
62922,105,92,13,13
62923,103,86,17,17
62924,80,75,5,5
62925,82,72,10,10
62926,84,75,9,9
62927,128,116,12,12
62928,101,96,5,5
62929,72,66,6,6
62930,89,73,16,16
62931,119,105,14,14
62932,181,156,25,25
62933,146,129,17,17
62934,58,55,3,3
62935,80,68,12,12
62936,37,43,-6,6
62937,45,52,-7,7
62938,95,97,-2,2
62939,108,96,12,12
62940,79,67,12,12
62941,85,70,15,15
62942,53,57,-4,4
62943,211,170,41,41
62944,103,91,12,12
62945,77,69,8,8
62946,75,67,8,8
62947,95,86,9,9
62948,102,84,18,18
62949,77,71,6,6
62950,54,51,3,3
62951,110,95,15,15
62952,121,105,16,16
62953,89,69,20,20
62954,93,89,4,4
62955,44,44,0,0
62956,84,86,-2,2
62957,135,114,21,21
62958,66,57,9,9
62959,104,103,1,1
62960,141,118,23,23
62961,98,80,18,18
62962,90,88,2,2
62963,115,101,14,14
62964,109,101,8,8
62965,69,69,0,0
62966,64,57,7,7
62967,185,152,33,33
62968,114,99,15,15
62969,191,155,36,36
62970,49,45,4,4
62971,83,83,0,0
62972,100,89,11,11
62973,98,82,16,16
62974,69,74,-5,5
62975,103,84,19,19
62976,148,138,10,10
62977,81,69,12,12
62978,151,135,16,16
62979,70,56,14,14
62980,88,77,11,11
62981,93,90,3,3
62982,60,72,-12,12
62983,88,74,14,14
62984,63,63,0,0
62985,92,78,14,14
62986,108,102,6,6
62987,78,84,-6,6
62988,156,128,28,28
62989,63,59,4,4
62990,58,55,3,3
62991,38,35,3,3
62992,107,93,14,14
62993,101,88,13,13
62994,65,64,1,1
62995,120,111,9,9
62996,101,87,14,14
62997,106,83,23,23
62998,72,66,6,6
62999,127,106,21,21
63000,65,62,3,3
63001,126,103,23,23
63002,113,101,12,12
63003,104,102,2,2
63004,152,128,24,24
63005,57,56,1,1
63006,83,72,11,11
63007,101,94,7,7
63008,81,75,6,6
63009,54,60,-6,6
63010,80,73,7,7
63011,83,81,2,2
63012,31,34,-3,3
63013,64,63,1,1
63014,159,145,14,14
63015,133,116,17,17
63016,116,110,6,6
63017,57,49,8,8
63018,99,85,14,14
63019,62,54,8,8
63020,90,79,11,11
63021,117,105,12,12
63022,142,118,24,24
63023,177,147,30,30
63024,59,55,4,4
63025,89,91,-2,2
63026,69,62,7,7
63027,63,66,-3,3
63028,46,70,-24,24
63029,136,132,4,4
63030,105,106,-1,1
63031,127,122,5,5
63032,66,68,-2,2
63033,138,125,13,13
63034,71,66,5,5
63035,97,88,9,9
63036,112,103,9,9
63037,77,75,2,2
63038,57,57,0,0
63039,84,82,2,2
63040,85,74,11,11
63041,111,93,18,18
63042,123,106,17,17
63043,110,106,4,4
63044,114,107,7,7
63045,111,123,-12,12
63046,71,74,-3,3
63047,93,80,13,13
63048,343,285,58,58
63049,72,67,5,5
63050,186,147,39,39
63051,62,57,5,5
63052,79,73,6,6
63053,129,118,11,11
63054,121,124,-3,3
63055,105,92,13,13
63056,157,130,27,27
63057,115,95,20,20
63058,78,70,8,8
63059,179,167,12,12
63060,80,73,7,7
63061,113,109,4,4
63062,87,82,5,5
63063,95,87,8,8
63064,95,92,3,3
63065,104,94,10,10
63066,88,80,8,8
63067,61,63,-2,2
63068,63,54,9,9
63069,87,95,-8,8
63070,157,147,10,10
63071,92,108,-16,16
63072,53,52,1,1
63073,128,107,21,21
63074,114,103,11,11
63075,95,87,8,8
63076,102,91,11,11
63077,120,111,9,9
63078,110,107,3,3
63079,207,172,35,35
63080,103,90,13,13
63081,55,53,2,2
63082,98,87,11,11
63083,99,92,7,7
63084,94,88,6,6
63085,82,83,-1,1
63086,60,78,-18,18
63087,95,91,4,4
63088,113,94,19,19
63089,113,102,11,11
63090,105,88,17,17
63091,80,62,18,18
63092,104,101,3,3
63093,97,87,10,10
63094,62,62,0,0
63095,62,68,-6,6
63096,85,84,1,1
63097,114,107,7,7
63098,72,60,12,12
63099,82,70,12,12
63100,94,78,16,16
63101,90,86,4,4
63102,110,90,20,20
63103,90,78,12,12
63104,80,76,4,4
63105,109,90,19,19
63106,61,62,-1,1
63107,185,160,25,25
63108,117,104,13,13
63109,139,122,17,17
63110,56,56,0,0
63111,74,67,7,7
63112,107,103,4,4
63113,78,80,-2,2
63114,51,50,1,1
63115,87,80,7,7
63116,114,99,15,15
63117,83,77,6,6
63118,137,114,23,23
63119,117,101,16,16
63120,87,86,1,1
63121,69,67,2,2
63122,86,82,4,4
63123,150,133,17,17
63124,162,139,23,23
63125,87,79,8,8
63126,68,61,7,7
63127,68,63,5,5
63128,126,101,25,25
63129,109,93,16,16
63130,106,103,3,3
63131,114,100,14,14
63132,136,128,8,8
63133,128,103,25,25
63134,109,104,5,5
63135,114,106,8,8
63136,102,94,8,8
63137,144,117,27,27
63138,52,50,2,2
63139,73,76,-3,3
63140,116,102,14,14
63141,111,88,23,23
63142,106,99,7,7
63143,125,112,13,13
63144,119,96,23,23
63145,77,73,4,4
63146,78,70,8,8
63147,62,57,5,5
63148,80,80,0,0
63149,101,95,6,6
63150,130,120,10,10
63151,165,135,30,30
63152,88,71,17,17
63153,97,97,0,0
63154,125,102,23,23
63155,55,56,-1,1
63156,76,75,1,1
63157,124,115,9,9
63158,82,79,3,3
63159,60,60,0,0
63160,107,94,13,13
63161,109,100,9,9
63162,162,139,23,23
63163,95,99,-4,4
63164,54,50,4,4
63165,125,112,13,13
63166,107,90,17,17
63167,74,61,13,13
63168,155,133,22,22
63169,77,76,1,1
63170,80,69,11,11
63171,122,115,7,7
63172,71,72,-1,1
63173,112,96,16,16
63174,61,61,0,0
63175,88,86,2,2
63176,171,137,34,34
63177,98,83,15,15
63178,59,58,1,1
63179,150,134,16,16
63180,94,87,7,7
63181,112,102,10,10
63182,113,84,29,29
63183,92,84,8,8
63184,121,111,10,10
63185,101,87,14,14
63186,82,74,8,8
63187,125,100,25,25
63188,74,68,6,6
63189,68,64,4,4
63190,104,99,5,5
63191,80,74,6,6
63192,101,84,17,17
63193,96,93,3,3
63194,96,86,10,10
63195,79,79,0,0
63196,75,68,7,7
63197,121,108,13,13
63198,173,147,26,26
63199,123,105,18,18
63200,124,106,18,18
63201,123,105,18,18
63202,129,119,10,10
63203,119,96,23,23
63204,107,102,5,5
63205,117,100,17,17
63206,74,71,3,3
63207,72,70,2,2
63208,92,91,1,1
63209,102,86,16,16
63210,123,121,2,2
63211,119,111,8,8
63212,71,64,7,7
63213,64,67,-3,3
63214,108,94,14,14
63215,140,115,25,25
63216,90,83,7,7
63217,128,107,21,21
63218,99,93,6,6
63219,82,88,-6,6
63220,156,137,19,19
63221,137,119,18,18
63222,78,62,16,16
63223,95,88,7,7
63224,82,87,-5,5
63225,90,86,4,4
63226,64,61,3,3
63227,73,72,1,1
63228,53,58,-5,5
63229,123,111,12,12
63230,62,62,0,0
63231,92,90,2,2
63232,123,104,19,19
63233,125,106,19,19
63234,41,42,-1,1
63235,187,158,29,29
63236,91,81,10,10
63237,76,72,4,4
63238,176,147,29,29
63239,93,88,5,5
63240,87,81,6,6
63241,89,84,5,5
63242,88,75,13,13
63243,99,87,12,12
63244,134,108,26,26
63245,95,87,8,8
63246,105,96,9,9
63247,42,50,-8,8
63248,96,83,13,13
63249,50,59,-9,9
63250,63,60,3,3
63251,95,96,-1,1
63252,99,87,12,12
63253,109,111,-2,2
63254,133,108,25,25
63255,90,76,14,14
63256,71,66,5,5
63257,58,67,-9,9
63258,173,146,27,27
63259,77,66,11,11
63260,88,62,26,26
63261,72,66,6,6
63262,116,100,16,16
63263,61,60,1,1
63264,94,78,16,16
63265,117,111,6,6
63266,114,103,11,11
63267,147,127,20,20
63268,125,107,18,18
63269,100,94,6,6
63270,101,83,18,18
63271,112,102,10,10
63272,94,78,16,16
63273,119,99,20,20
63274,154,135,19,19
63275,82,76,6,6
63276,58,61,-3,3
63277,131,109,22,22
63278,82,82,0,0
63279,96,87,9,9
63280,80,66,14,14
63281,118,109,9,9
63282,51,58,-7,7
63283,164,142,22,22
63284,77,95,-18,18
63285,144,128,16,16
63286,132,125,7,7
63287,89,80,9,9
63288,78,64,14,14
63289,51,54,-3,3
63290,100,95,5,5
63291,108,97,11,11
63292,143,113,30,30
63293,88,79,9,9
63294,67,60,7,7
63295,121,116,5,5
63296,90,76,14,14
63297,65,62,3,3
63298,79,73,6,6
63299,144,121,23,23
63300,55,47,8,8
63301,78,75,3,3
63302,82,85,-3,3
63303,78,71,7,7
63304,160,144,16,16
63305,89,74,15,15
63306,101,96,5,5
63307,114,93,21,21
63308,86,73,13,13
63309,155,137,18,18
63310,105,99,6,6
63311,76,67,9,9
63312,149,125,24,24
63313,99,98,1,1
63314,120,99,21,21
63315,69,64,5,5
63316,102,91,11,11
63317,59,54,5,5
63318,54,59,-5,5
63319,107,89,18,18
63320,60,55,5,5
63321,70,60,10,10
63322,219,187,32,32
63323,83,76,7,7
63324,68,62,6,6
63325,89,84,5,5
63326,68,69,-1,1
63327,108,101,7,7
63328,94,93,1,1
63329,90,82,8,8
63330,171,145,26,26
63331,35,36,-1,1
63332,39,39,0,0
63333,80,104,-24,24
63334,69,63,6,6
63335,109,99,10,10
63336,112,106,6,6
63337,127,116,11,11
63338,87,82,5,5
63339,60,114,-54,54
63340,67,69,-2,2
63341,151,129,22,22
63342,115,100,15,15
63343,86,83,3,3
63344,97,78,19,19
63345,128,107,21,21
63346,137,112,25,25
63347,102,93,9,9
63348,76,73,3,3
63349,33,33,0,0
63350,89,83,6,6
63351,68,60,8,8
63352,55,53,2,2
63353,104,98,6,6
63354,98,92,6,6
63355,67,61,6,6
63356,103,89,14,14
63357,87,80,7,7
63358,92,83,9,9
63359,97,77,20,20
63360,144,125,19,19
63361,94,96,-2,2
63362,95,80,15,15
63363,131,104,27,27
63364,102,85,17,17
63365,132,119,13,13
63366,83,79,4,4
63367,127,116,11,11
63368,71,63,8,8
63369,86,78,8,8
63370,202,158,44,44
63371,181,155,26,26
63372,129,115,14,14
63373,112,97,15,15
63374,118,104,14,14
63375,46,40,6,6
63376,120,96,24,24
63377,55,61,-6,6
63378,141,124,17,17
63379,92,81,11,11
63380,137,124,13,13
63381,59,57,2,2
63382,192,177,15,15
63383,144,128,16,16
63384,91,85,6,6
63385,111,100,11,11
63386,52,48,4,4
63387,135,117,18,18
63388,43,48,-5,5
63389,138,110,28,28
63390,159,130,29,29
63391,88,85,3,3
63392,63,60,3,3
63393,90,84,6,6
63394,101,86,15,15
63395,72,67,5,5
63396,64,57,7,7
63397,81,70,11,11
63398,94,87,7,7
63399,125,120,5,5
63400,64,59,5,5
63401,68,64,4,4
63402,77,78,-1,1
63403,125,115,10,10
63404,68,64,4,4
63405,131,114,17,17
63406,72,65,7,7
63407,113,95,18,18
63408,136,122,14,14
63409,136,115,21,21
63410,129,105,24,24
63411,118,103,15,15
63412,79,70,9,9
63413,98,86,12,12
63414,117,104,13,13
63415,98,97,1,1
63416,30,40,-10,10
63417,76,68,8,8
63418,87,77,10,10
63419,110,95,15,15
63420,80,75,5,5
63421,48,58,-10,10
63422,120,105,15,15
63423,98,94,4,4
63424,43,45,-2,2
63425,84,74,10,10
63426,62,60,2,2
63427,165,151,14,14
63428,56,55,1,1
63429,85,77,8,8
63430,109,90,19,19
63431,149,124,25,25
63432,55,49,6,6
63433,89,86,3,3
63434,68,70,-2,2
63435,68,63,5,5
63436,146,127,19,19
63437,112,100,12,12
63438,104,90,14,14
63439,49,50,-1,1
63440,67,59,8,8
63441,70,61,9,9
63442,109,93,16,16
63443,56,53,3,3
63444,148,126,22,22
63445,97,89,8,8
63446,79,73,6,6
63447,116,96,20,20
63448,97,88,9,9
63449,79,71,8,8
63450,74,62,12,12
63451,67,55,12,12
63452,118,101,17,17
63453,72,72,0,0
63454,128,100,28,28
63455,113,105,8,8
63456,103,101,2,2
63457,86,84,2,2
63458,59,60,-1,1
63459,114,112,2,2
63460,125,119,6,6
63461,105,90,15,15
63462,70,62,8,8
63463,147,122,25,25
63464,90,75,15,15
63465,81,81,0,0
63466,65,69,-4,4
63467,63,58,5,5
63468,110,98,12,12
63469,108,90,18,18
63470,62,71,-9,9
63471,107,96,11,11
63472,47,46,1,1
63473,76,71,5,5
63474,92,86,6,6
63475,129,113,16,16
63476,87,81,6,6
63477,90,74,16,16
63478,75,72,3,3
63479,69,68,1,1
63480,61,61,0,0
63481,76,68,8,8
63482,49,47,2,2
63483,133,116,17,17
63484,147,136,11,11
63485,115,94,21,21
63486,88,87,1,1
63487,70,64,6,6
63488,77,73,4,4
63489,64,59,5,5
63490,182,145,37,37
63491,103,88,15,15
63492,91,85,6,6
63493,104,91,13,13
63494,67,54,13,13
63495,90,85,5,5
63496,81,78,3,3
63497,140,124,16,16
63498,64,62,2,2
63499,132,118,14,14
63500,64,58,6,6
63501,117,106,11,11
63502,86,86,0,0
63503,216,176,40,40
63504,129,111,18,18
63505,107,95,12,12
63506,114,102,12,12
63507,99,85,14,14
63508,232,179,53,53
63509,81,78,3,3
63510,117,107,10,10
63511,142,127,15,15
63512,33,33,0,0
63513,80,76,4,4
63514,95,84,11,11
63515,84,74,10,10
63516,111,105,6,6
63517,53,56,-3,3
63518,47,55,-8,8
63519,80,74,6,6
63520,81,74,7,7
63521,74,67,7,7
63522,49,51,-2,2
63523,124,100,24,24
63524,98,87,11,11
63525,155,139,16,16
63526,58,56,2,2
63527,111,95,16,16
63528,99,102,-3,3
63529,124,102,22,22
63530,62,57,5,5
63531,55,53,2,2
63532,72,67,5,5
63533,62,62,0,0
63534,74,66,8,8
63535,76,60,16,16
63536,102,89,13,13
63537,87,78,9,9
63538,136,116,20,20
63539,89,77,12,12
63540,68,62,6,6
63541,67,64,3,3
63542,97,89,8,8
63543,123,105,18,18
63544,170,143,27,27
63545,120,110,10,10
63546,110,105,5,5
63547,100,92,8,8
63548,37,41,-4,4
63549,84,67,17,17
63550,62,58,4,4
63551,145,124,21,21
63552,106,96,10,10
63553,115,98,17,17
63554,126,114,12,12
63555,141,135,6,6
63556,92,81,11,11
63557,110,98,12,12
63558,59,65,-6,6
63559,90,76,14,14
63560,77,72,5,5
63561,70,67,3,3
63562,77,68,9,9
63563,79,68,11,11
63564,154,131,23,23
63565,137,126,11,11
63566,106,94,12,12
63567,116,102,14,14
63568,119,99,20,20
63569,65,56,9,9
63570,139,118,21,21
63571,145,119,26,26
63572,141,122,19,19
63573,119,100,19,19
63574,70,68,2,2
63575,78,72,6,6
63576,75,58,17,17
63577,100,86,14,14
63578,163,139,24,24
63579,162,142,20,20
63580,153,131,22,22
63581,94,88,6,6
63582,74,67,7,7
63583,88,81,7,7
63584,67,68,-1,1
63585,100,100,0,0
63586,117,111,6,6
63587,80,71,9,9
63588,95,76,19,19
63589,77,73,4,4
63590,121,104,17,17
63591,141,119,22,22
63592,83,71,12,12
63593,55,54,1,1
63594,87,72,15,15
63595,76,73,3,3
63596,116,94,22,22
63597,162,171,-9,9
63598,114,103,11,11
63599,79,72,7,7
63600,117,109,8,8
63601,54,53,1,1
63602,87,83,4,4
63603,124,114,10,10
63604,101,88,13,13
63605,53,52,1,1
63606,133,117,16,16
63607,75,82,-7,7
63608,78,82,-4,4
63609,69,75,-6,6
63610,40,40,0,0
63611,84,74,10,10
63612,94,87,7,7
63613,75,64,11,11
63614,95,88,7,7
63615,82,88,-6,6
63616,75,67,8,8
63617,141,105,36,36
63618,98,93,5,5
63619,101,100,1,1
63620,49,45,4,4
63621,45,40,5,5
63622,94,87,7,7
63623,132,101,31,31
63624,122,97,25,25
63625,96,88,8,8
63626,89,77,12,12
63627,114,105,9,9
63628,112,96,16,16
63629,55,60,-5,5
63630,63,59,4,4
63631,133,104,29,29
63632,71,73,-2,2
63633,81,66,15,15
63634,104,97,7,7
63635,97,78,19,19
63636,103,98,5,5
63637,110,90,20,20
63638,91,82,9,9
63639,60,57,3,3
63640,58,59,-1,1
63641,91,83,8,8
63642,69,67,2,2
63643,75,80,-5,5
63644,175,160,15,15
63645,62,60,2,2
63646,121,111,10,10
63647,64,61,3,3
63648,103,88,15,15
63649,109,71,38,38
63650,111,91,20,20
63651,87,73,14,14
63652,146,124,22,22
63653,68,65,3,3
63654,69,65,4,4
63655,79,77,2,2
63656,111,108,3,3
63657,72,64,8,8
63658,110,93,17,17
63659,106,96,10,10
63660,112,92,20,20
63661,85,69,16,16
63662,153,142,11,11
63663,102,79,23,23
63664,75,72,3,3
63665,123,102,21,21
63666,80,87,-7,7
63667,81,77,4,4
63668,76,70,6,6
63669,107,100,7,7
63670,163,138,25,25
63671,75,75,0,0
63672,83,74,9,9
63673,72,62,10,10
63674,73,70,3,3
63675,47,51,-4,4
63676,127,111,16,16
63677,31,35,-4,4
63678,88,76,12,12
63679,131,116,15,15
63680,140,139,1,1
63681,172,149,23,23
63682,86,75,11,11
63683,137,118,19,19
63684,108,96,12,12
63685,67,65,2,2
63686,157,150,7,7
63687,42,48,-6,6
63688,81,76,5,5
63689,96,80,16,16
63690,189,162,27,27
63691,97,98,-1,1
63692,82,81,1,1
63693,105,85,20,20
63694,107,88,19,19
63695,81,78,3,3
63696,44,41,3,3
63697,93,84,9,9
63698,63,58,5,5
63699,46,86,-40,40
63700,128,120,8,8
63701,133,122,11,11
63702,40,41,-1,1
63703,119,103,16,16
63704,100,83,17,17
63705,96,85,11,11
63706,84,79,5,5
63707,188,165,23,23
63708,66,64,2,2
63709,145,130,15,15
63710,50,56,-6,6
63711,74,68,6,6
63712,82,76,6,6
63713,92,82,10,10
63714,131,116,15,15
63715,69,63,6,6
63716,97,83,14,14
63717,137,120,17,17
63718,98,91,7,7
63719,67,66,1,1
63720,107,102,5,5
63721,49,45,4,4
63722,76,71,5,5
63723,66,61,5,5
63724,170,141,29,29
63725,101,95,6,6
63726,95,78,17,17
63727,76,71,5,5
63728,82,73,9,9
63729,84,75,9,9
63730,106,103,3,3
63731,64,70,-6,6
63732,91,82,9,9
63733,86,77,9,9
63734,54,51,3,3
63735,82,87,-5,5
63736,89,83,6,6
63737,97,88,9,9
63738,161,134,27,27
63739,48,41,7,7
63740,109,96,13,13
63741,159,134,25,25
63742,106,98,8,8
63743,181,140,41,41
63744,129,123,6,6
63745,101,98,3,3
63746,114,99,15,15
63747,126,105,21,21
63748,168,133,35,35
63749,95,92,3,3
63750,80,76,4,4
63751,96,84,12,12
63752,35,45,-10,10
63753,73,70,3,3
63754,89,79,10,10
63755,107,89,18,18
63756,88,82,6,6
63757,92,89,3,3
63758,91,73,18,18
63759,91,75,16,16
63760,120,122,-2,2
63761,82,74,8,8
63762,80,77,3,3
63763,55,51,4,4
63764,76,63,13,13
63765,72,66,6,6
63766,105,89,16,16
63767,113,98,15,15
63768,67,59,8,8
63769,101,96,5,5
63770,80,78,2,2
63771,80,78,2,2
63772,96,83,13,13
63773,71,65,6,6
63774,148,135,13,13
63775,72,63,9,9
63776,127,120,7,7
63777,75,70,5,5
63778,83,78,5,5
63779,90,85,5,5
63780,86,80,6,6
63781,75,76,-1,1
63782,72,70,2,2
63783,70,57,13,13
63784,105,93,12,12
63785,41,46,-5,5
63786,68,66,2,2
63787,86,75,11,11
63788,64,54,10,10
63789,86,85,1,1
63790,51,55,-4,4
63791,124,101,23,23
63792,88,86,2,2
63793,93,84,9,9
63794,54,62,-8,8
63795,71,59,12,12
63796,132,122,10,10
63797,101,89,12,12
63798,172,138,34,34
63799,176,154,22,22
63800,173,160,13,13
63801,130,115,15,15
63802,79,71,8,8
63803,102,95,7,7
63804,133,115,18,18
63805,90,66,24,24
63806,102,90,12,12
63807,65,60,5,5
63808,128,112,16,16
63809,159,116,43,43
63810,57,53,4,4
63811,171,147,24,24
63812,66,66,0,0
63813,165,144,21,21
63814,51,45,6,6
63815,111,100,11,11
63816,211,160,51,51
63817,89,76,13,13
63818,74,72,2,2
63819,86,90,-4,4
63820,129,98,31,31
63821,67,58,9,9
63822,112,101,11,11
63823,102,81,21,21
63824,76,68,8,8
63825,67,73,-6,6
63826,96,85,11,11
63827,115,106,9,9
63828,95,90,5,5
63829,129,112,17,17
63830,78,69,9,9
63831,58,60,-2,2
63832,93,82,11,11
63833,53,47,6,6
63834,62,58,4,4
63835,89,82,7,7
63836,110,97,13,13
63837,109,107,2,2
63838,34,56,-22,22
63839,94,78,16,16
63840,54,53,1,1
63841,111,101,10,10
63842,128,117,11,11
63843,141,123,18,18
63844,92,80,12,12
63845,102,78,24,24
63846,94,90,4,4
63847,130,109,21,21
63848,93,88,5,5
63849,86,69,17,17
63850,102,91,11,11
63851,137,110,27,27
63852,55,43,12,12
63853,118,104,14,14
63854,121,104,17,17
63855,155,130,25,25
63856,71,72,-1,1
63857,140,124,16,16
63858,64,68,-4,4
63859,110,108,2,2
63860,119,111,8,8
63861,55,56,-1,1
63862,80,79,1,1
63863,142,114,28,28
63864,44,51,-7,7
63865,111,103,8,8
63866,113,98,15,15
63867,146,118,28,28
63868,169,151,18,18
63869,129,107,22,22
63870,76,76,0,0
63871,67,59,8,8
63872,75,67,8,8
63873,68,65,3,3
63874,74,73,1,1
63875,80,72,8,8
63876,33,34,-1,1
63877,91,82,9,9
63878,75,66,9,9
63879,94,81,13,13
63880,142,115,27,27
63881,50,99,-49,49
63882,193,172,21,21
63883,81,79,2,2
63884,111,95,16,16
63885,130,116,14,14
63886,51,47,4,4
63887,73,66,7,7
63888,136,126,10,10
63889,94,84,10,10
63890,111,90,21,21
63891,119,103,16,16
63892,101,92,9,9
63893,79,69,10,10
63894,92,83,9,9
63895,84,72,12,12
63896,48,53,-5,5
63897,105,96,9,9
63898,87,72,15,15
63899,91,88,3,3
63900,78,75,3,3
63901,136,138,-2,2
63902,123,113,10,10
63903,130,115,15,15
63904,126,107,19,19
63905,84,84,0,0
63906,122,113,9,9
63907,124,111,13,13
63908,117,99,18,18
63909,49,44,5,5
63910,63,57,6,6
63911,64,60,4,4
63912,57,57,0,0
63913,37,43,-6,6
63914,38,42,-4,4
63915,56,51,5,5
63916,137,116,21,21
63917,109,102,7,7
63918,158,136,22,22
63919,112,108,4,4
63920,96,94,2,2
63921,99,93,6,6
63922,68,66,2,2
63923,94,89,5,5
63924,118,107,11,11
63925,80,76,4,4
63926,78,76,2,2
63927,94,82,12,12
63928,172,154,18,18
63929,39,41,-2,2
63930,62,68,-6,6
63931,152,120,32,32
63932,120,101,19,19
63933,90,77,13,13
63934,105,88,17,17
63935,80,71,9,9
63936,58,58,0,0
63937,51,54,-3,3
63938,90,82,8,8
63939,107,93,14,14
63940,71,70,1,1
63941,61,63,-2,2
63942,111,119,-8,8
63943,88,87,1,1
63944,56,57,-1,1
63945,93,82,11,11
63946,106,92,14,14
63947,96,85,11,11
63948,81,82,-1,1
63949,63,54,9,9
63950,112,106,6,6
63951,120,99,21,21
63952,59,51,8,8
63953,103,84,19,19
63954,50,52,-2,2
63955,115,87,28,28
63956,54,60,-6,6
63957,71,64,7,7
63958,59,53,6,6
63959,115,99,16,16
63960,47,52,-5,5
63961,100,90,10,10
63962,77,72,5,5
63963,195,156,39,39
63964,118,102,16,16
63965,90,83,7,7
63966,101,91,10,10
63967,141,120,21,21
63968,153,130,23,23
63969,72,73,-1,1
63970,76,74,2,2
63971,141,110,31,31
63972,168,137,31,31
63973,189,146,43,43
63974,52,53,-1,1
63975,90,82,8,8
63976,81,76,5,5
63977,54,53,1,1
63978,128,107,21,21
63979,86,84,2,2
63980,65,66,-1,1
63981,53,48,5,5
63982,57,56,1,1
63983,90,64,26,26
63984,73,72,1,1
63985,75,77,-2,2
63986,85,75,10,10
63987,143,126,17,17
63988,44,52,-8,8
63989,81,69,12,12
63990,76,75,1,1
63991,126,110,16,16
63992,46,49,-3,3
63993,139,111,28,28
63994,154,136,18,18
63995,161,147,14,14
63996,59,50,9,9
63997,78,75,3,3
63998,85,79,6,6
63999,48,55,-7,7
64000,71,64,7,7
64001,79,75,4,4
64002,65,59,6,6
64003,78,72,6,6
64004,117,107,10,10
64005,51,48,3,3
64006,153,85,68,68
64007,118,111,7,7
64008,66,58,8,8
64009,75,74,1,1
64010,102,98,4,4
64011,85,77,8,8
64012,64,61,3,3
64013,95,93,2,2
64014,160,132,28,28
64015,94,82,12,12
64016,68,73,-5,5
64017,180,158,22,22
64018,52,71,-19,19
64019,106,98,8,8
64020,85,76,9,9
64021,115,118,-3,3
64022,57,47,10,10
64023,104,93,11,11
64024,53,53,0,0
64025,79,66,13,13
64026,68,73,-5,5
64027,86,72,14,14
64028,121,102,19,19
64029,54,49,5,5
64030,74,68,6,6
64031,122,126,-4,4
64032,67,64,3,3
64033,128,118,10,10
64034,56,54,2,2
64035,146,129,17,17
64036,111,108,3,3
64037,86,82,4,4
64038,96,79,17,17
64039,144,135,9,9
64040,73,68,5,5
64041,50,48,2,2
64042,179,156,23,23
64043,83,78,5,5
64044,62,58,4,4
64045,103,96,7,7
64046,101,90,11,11
64047,59,59,0,0
64048,74,63,11,11
64049,72,64,8,8
64050,75,77,-2,2
64051,109,100,9,9
64052,102,83,19,19
64053,143,121,22,22
64054,83,88,-5,5
64055,156,142,14,14
64056,124,105,19,19
64057,80,72,8,8
64058,161,131,30,30
64059,54,55,-1,1
64060,75,83,-8,8
64061,155,119,36,36
64062,117,94,23,23
64063,130,118,12,12
64064,225,173,52,52
64065,94,84,10,10
64066,63,56,7,7
64067,72,64,8,8
64068,179,151,28,28
64069,141,124,17,17
64070,82,69,13,13
64071,62,49,13,13
64072,122,114,8,8
64073,79,68,11,11
64074,93,74,19,19
64075,137,144,-7,7
64076,110,102,8,8
64077,137,120,17,17
64078,84,68,16,16
64079,64,59,5,5
64080,64,54,10,10
64081,56,58,-2,2
64082,70,65,5,5
64083,76,70,6,6
64084,118,100,18,18
64085,88,74,14,14
64086,81,70,11,11
64087,129,111,18,18
64088,64,65,-1,1
64089,97,84,13,13
64090,123,115,8,8
64091,86,70,16,16
64092,97,86,11,11
64093,115,107,8,8
64094,96,95,1,1
64095,77,71,6,6
64096,168,166,2,2
64097,51,52,-1,1
64098,90,75,15,15
64099,56,59,-3,3
64100,71,74,-3,3
64101,107,99,8,8
64102,94,78,16,16
64103,46,54,-8,8
64104,118,98,20,20
64105,129,107,22,22
64106,106,99,7,7
64107,81,78,3,3
64108,82,70,12,12
64109,56,51,5,5
64110,79,67,12,12
64111,71,68,3,3
64112,148,140,8,8
64113,205,166,39,39
64114,142,113,29,29
64115,85,73,12,12
64116,47,49,-2,2
64117,91,81,10,10
64118,108,94,14,14
64119,73,63,10,10
64120,102,96,6,6
64121,129,122,7,7
64122,130,142,-12,12
64123,103,85,18,18
64124,70,84,-14,14
64125,90,79,11,11
64126,118,121,-3,3
64127,85,67,18,18
64128,63,64,-1,1
64129,62,55,7,7
64130,93,84,9,9
64131,66,75,-9,9
64132,57,54,3,3
64133,43,45,-2,2
64134,104,89,15,15
64135,131,112,19,19
64136,88,74,14,14
64137,79,74,5,5
64138,83,66,17,17
64139,77,66,11,11
64140,82,76,6,6
64141,109,96,13,13
64142,118,100,18,18
64143,134,122,12,12
64144,124,117,7,7
64145,105,100,5,5
64146,102,87,15,15
64147,109,95,14,14
64148,100,90,10,10
64149,84,80,4,4
64150,88,75,13,13
64151,86,77,9,9
64152,92,77,15,15
64153,125,107,18,18
64154,70,61,9,9
64155,167,125,42,42
64156,151,140,11,11
64157,80,68,12,12
64158,125,98,27,27
64159,140,134,6,6
64160,101,92,9,9
64161,68,60,8,8
64162,48,53,-5,5
64163,105,91,14,14
64164,72,63,9,9
64165,73,71,2,2
64166,139,127,12,12
64167,88,84,4,4
64168,65,88,-23,23
64169,100,89,11,11
64170,150,132,18,18
64171,116,103,13,13
64172,64,59,5,5
64173,115,94,21,21
64174,58,59,-1,1
64175,132,126,6,6
64176,91,77,14,14
64177,75,62,13,13
64178,98,93,5,5
64179,109,95,14,14
64180,115,94,21,21
64181,86,87,-1,1
64182,100,81,19,19
64183,77,69,8,8
64184,156,145,11,11
64185,63,57,6,6
64186,81,76,5,5
64187,95,82,13,13
64188,70,65,5,5
64189,100,91,9,9
64190,92,84,8,8
64191,150,139,11,11
64192,99,96,3,3
64193,133,114,19,19
64194,46,48,-2,2
64195,99,83,16,16
64196,128,107,21,21
64197,77,73,4,4
64198,77,72,5,5
64199,62,64,-2,2
64200,175,135,40,40
64201,183,166,17,17
64202,80,75,5,5
64203,124,112,12,12
64204,116,101,15,15
64205,140,130,10,10
64206,74,64,10,10
64207,104,108,-4,4
64208,43,50,-7,7
64209,191,160,31,31
64210,245,208,37,37
64211,94,81,13,13
64212,110,90,20,20
64213,86,80,6,6
64214,49,56,-7,7
64215,116,106,10,10
64216,58,54,4,4
64217,51,46,5,5
64218,96,87,9,9
64219,73,72,1,1
64220,100,93,7,7
64221,83,124,-41,41
64222,130,113,17,17
64223,64,65,-1,1
64224,77,71,6,6
64225,126,117,9,9
64226,52,47,5,5
64227,84,74,10,10
64228,69,76,-7,7
64229,107,111,-4,4
64230,104,85,19,19
64231,55,52,3,3
64232,87,85,2,2
64233,88,84,4,4
64234,147,139,8,8
64235,122,103,19,19
64236,120,101,19,19
64237,166,142,24,24
64238,80,81,-1,1
64239,122,111,11,11
64240,43,40,3,3
64241,121,101,20,20
64242,70,69,1,1
64243,101,91,10,10
64244,57,59,-2,2
64245,100,86,14,14
64246,52,53,-1,1
64247,69,66,3,3
64248,52,45,7,7
64249,60,57,3,3
64250,74,65,9,9
64251,92,86,6,6
64252,47,51,-4,4
64253,91,84,7,7
64254,72,70,2,2
64255,45,42,3,3
64256,70,72,-2,2
64257,119,108,11,11
64258,113,104,9,9
64259,51,52,-1,1
64260,56,56,0,0
64261,95,84,11,11
64262,82,82,0,0
64263,79,72,7,7
64264,70,68,2,2
64265,78,74,4,4
64266,94,83,11,11
64267,68,62,6,6
64268,87,86,1,1
64269,164,164,0,0
64270,101,85,16,16
64271,145,129,16,16
64272,50,47,3,3
64273,65,76,-11,11
64274,108,89,19,19
64275,77,68,9,9
64276,153,127,26,26
64277,113,96,17,17
64278,181,138,43,43
64279,52,50,2,2
64280,96,91,5,5
64281,139,119,20,20
64282,91,84,7,7
64283,73,69,4,4
64284,77,73,4,4
64285,71,66,5,5
64286,51,48,3,3
64287,90,83,7,7
64288,68,60,8,8
64289,73,68,5,5
64290,94,94,0,0
64291,69,62,7,7
64292,90,84,6,6
64293,154,138,16,16
64294,163,128,35,35
64295,74,71,3,3
64296,55,56,-1,1
64297,73,72,1,1
64298,33,33,0,0
64299,154,133,21,21
64300,70,48,22,22
64301,72,69,3,3
64302,96,91,5,5
64303,117,104,13,13
64304,127,112,15,15
64305,84,81,3,3
64306,99,95,4,4
64307,72,64,8,8
64308,144,120,24,24
64309,74,71,3,3
64310,75,70,5,5
64311,89,77,12,12
64312,122,102,20,20
64313,165,143,22,22
64314,45,43,2,2
64315,82,82,0,0
64316,84,75,9,9
64317,166,145,21,21
64318,140,115,25,25
64319,96,92,4,4
64320,73,65,8,8
64321,200,165,35,35
64322,113,98,15,15
64323,137,118,19,19
64324,87,82,5,5
64325,127,112,15,15
64326,74,59,15,15
64327,89,75,14,14
64328,128,123,5,5
64329,73,71,2,2
64330,53,48,5,5
64331,26,42,-16,16
64332,104,95,9,9
64333,91,76,15,15
64334,157,132,25,25
64335,93,80,13,13
64336,125,116,9,9
64337,66,57,9,9
64338,125,107,18,18
64339,144,111,33,33
64340,106,89,17,17
64341,129,107,22,22
64342,86,86,0,0
64343,188,158,30,30
64344,142,118,24,24
64345,54,53,1,1
64346,185,139,46,46
64347,152,134,18,18
64348,55,49,6,6
64349,74,74,0,0
64350,132,123,9,9
64351,80,68,12,12
64352,77,69,8,8
64353,67,68,-1,1
64354,71,63,8,8
64355,129,109,20,20
64356,116,96,20,20
64357,97,87,10,10
64358,39,41,-2,2
64359,44,49,-5,5
64360,73,69,4,4
64361,78,69,9,9
64362,68,60,8,8
64363,57,51,6,6
64364,97,72,25,25
64365,77,70,7,7
64366,159,141,18,18
64367,144,116,28,28
64368,58,58,0,0
64369,74,75,-1,1
64370,47,48,-1,1
64371,86,73,13,13
64372,95,75,20,20
64373,74,66,8,8
64374,84,88,-4,4
64375,175,149,26,26
64376,47,44,3,3
64377,110,93,17,17
64378,181,154,27,27
64379,117,104,13,13
64380,77,63,14,14
64381,88,72,16,16
64382,84,83,1,1
64383,56,48,8,8
64384,49,44,5,5
64385,75,75,0,0
64386,58,51,7,7
64387,110,101,9,9
64388,80,76,4,4
64389,120,116,4,4
64390,79,89,-10,10
64391,107,101,6,6
64392,79,73,6,6
64393,69,66,3,3
64394,36,43,-7,7
64395,106,96,10,10
64396,64,58,6,6
64397,91,87,4,4
64398,70,68,2,2
64399,69,63,6,6
64400,75,72,3,3
64401,54,51,3,3
64402,69,70,-1,1
64403,105,105,0,0
64404,67,65,2,2
64405,28,37,-9,9
64406,57,55,2,2
64407,46,38,8,8
64408,52,52,0,0
64409,122,110,12,12
64410,101,89,12,12
64411,129,109,20,20
64412,143,141,2,2
64413,193,162,31,31
64414,55,54,1,1
64415,92,84,8,8
64416,107,82,25,25
64417,137,108,29,29
64418,100,92,8,8
64419,61,61,0,0
64420,113,90,23,23
64421,112,100,12,12
64422,78,65,13,13
64423,82,83,-1,1
64424,58,63,-5,5
64425,65,49,16,16
64426,52,57,-5,5
64427,106,95,11,11
64428,47,49,-2,2
64429,72,73,-1,1
64430,75,72,3,3
64431,135,127,8,8
64432,87,82,5,5
64433,175,150,25,25
64434,99,96,3,3
64435,50,49,1,1
64436,90,78,12,12
64437,83,84,-1,1
64438,68,65,3,3
64439,85,79,6,6
64440,73,71,2,2
64441,58,65,-7,7
64442,78,70,8,8
64443,89,87,2,2
64444,49,48,1,1
64445,73,60,13,13
64446,108,80,28,28
64447,60,61,-1,1
64448,142,117,25,25
64449,217,172,45,45
64450,57,49,8,8
64451,61,55,6,6
64452,82,70,12,12
64453,73,69,4,4
64454,108,96,12,12
64455,139,133,6,6
64456,80,71,9,9
64457,218,180,38,38
64458,119,106,13,13
64459,105,93,12,12
64460,57,58,-1,1
64461,106,106,0,0
64462,74,75,-1,1
64463,77,75,2,2
64464,143,121,22,22
64465,103,91,12,12
64466,120,104,16,16
64467,124,100,24,24
64468,112,97,15,15
64469,105,89,16,16
64470,144,129,15,15
64471,97,82,15,15
64472,65,59,6,6
64473,74,67,7,7
64474,55,55,0,0
64475,80,74,6,6
64476,115,102,13,13
64477,145,134,11,11
64478,103,101,2,2
64479,132,110,22,22
64480,46,38,8,8
64481,59,54,5,5
64482,83,72,11,11
64483,150,135,15,15
64484,182,154,28,28
64485,44,48,-4,4
64486,64,70,-6,6
64487,53,51,2,2
64488,78,79,-1,1
64489,112,108,4,4
64490,109,97,12,12
64491,95,94,1,1
64492,62,80,-18,18
64493,57,58,-1,1
64494,130,117,13,13
64495,101,87,14,14
64496,135,124,11,11
64497,100,105,-5,5
64498,107,105,2,2
64499,97,93,4,4
64500,79,70,9,9
64501,80,78,2,2
64502,94,67,27,27
64503,122,106,16,16
64504,57,57,0,0
64505,58,58,0,0
64506,76,70,6,6
64507,144,116,28,28
64508,51,44,7,7
64509,54,55,-1,1
64510,85,79,6,6
64511,61,59,2,2
64512,148,114,34,34
64513,33,39,-6,6
64514,99,85,14,14
64515,117,100,17,17
64516,82,73,9,9
64517,54,72,-18,18
64518,144,122,22,22
64519,141,121,20,20
64520,80,80,0,0
64521,203,164,39,39
64522,93,84,9,9
64523,65,61,4,4
64524,61,51,10,10
64525,139,118,21,21
64526,84,78,6,6
64527,72,74,-2,2
64528,68,70,-2,2
64529,56,64,-8,8
64530,101,92,9,9
64531,63,67,-4,4
64532,94,88,6,6
64533,120,104,16,16
64534,113,106,7,7
64535,32,37,-5,5
64536,94,96,-2,2
64537,116,105,11,11
64538,101,88,13,13
64539,57,58,-1,1
64540,144,122,22,22
64541,76,71,5,5
64542,94,84,10,10
64543,80,76,4,4
64544,100,89,11,11
64545,150,125,25,25
64546,85,81,4,4
64547,77,69,8,8
64548,75,69,6,6
64549,170,140,30,30
64550,138,126,12,12
64551,74,65,9,9
64552,83,76,7,7
64553,193,169,24,24
64554,95,79,16,16
64555,132,117,15,15
64556,69,63,6,6
64557,120,119,1,1
64558,102,90,12,12
64559,87,74,13,13
64560,133,104,29,29
64561,106,94,12,12
64562,90,87,3,3
64563,61,58,3,3
64564,87,79,8,8
64565,130,110,20,20
64566,77,74,3,3
64567,80,92,-12,12
64568,95,73,22,22
64569,64,60,4,4
64570,57,61,-4,4
64571,70,66,4,4
64572,111,97,14,14
64573,54,54,0,0
64574,142,147,-5,5
64575,52,54,-2,2
64576,47,50,-3,3
64577,133,124,9,9
64578,140,132,8,8
64579,60,59,1,1
64580,186,144,42,42
64581,77,72,5,5
64582,101,85,16,16
64583,59,55,4,4
64584,121,115,6,6
64585,104,97,7,7
64586,155,116,39,39
64587,83,74,9,9
64588,77,68,9,9
64589,123,99,24,24
64590,59,56,3,3
64591,105,83,22,22
64592,75,76,-1,1
64593,116,97,19,19
64594,72,67,5,5
64595,149,138,11,11
64596,119,103,16,16
64597,63,66,-3,3
64598,87,76,11,11
64599,137,118,19,19
64600,82,69,13,13
64601,125,110,15,15
64602,36,43,-7,7
64603,67,64,3,3
64604,116,105,11,11
64605,155,128,27,27
64606,103,83,20,20
64607,104,90,14,14
64608,143,125,18,18
64609,123,109,14,14
64610,121,102,19,19
64611,87,72,15,15
64612,72,70,2,2
64613,49,61,-12,12
64614,69,77,-8,8
64615,72,81,-9,9
64616,116,88,28,28
64617,138,130,8,8
64618,97,91,6,6
64619,63,57,6,6
64620,109,94,15,15
64621,80,75,5,5
64622,96,83,13,13
64623,98,79,19,19
64624,101,96,5,5
64625,143,126,17,17
64626,90,81,9,9
64627,85,76,9,9
64628,120,112,8,8
64629,65,56,9,9
64630,161,130,31,31
64631,124,98,26,26
64632,103,92,11,11
64633,99,89,10,10
64634,121,115,6,6
64635,122,108,14,14
64636,104,99,5,5
64637,160,149,11,11
64638,109,80,29,29
64639,63,61,2,2
64640,112,101,11,11
64641,88,80,8,8
64642,88,78,10,10
64643,101,105,-4,4
64644,50,46,4,4
64645,170,156,14,14
64646,64,67,-3,3
64647,102,99,3,3
64648,93,83,10,10
64649,132,114,18,18
64650,75,77,-2,2
64651,84,69,15,15
64652,60,58,2,2
64653,103,104,-1,1
64654,58,56,2,2
64655,153,123,30,30
64656,135,110,25,25
64657,62,71,-9,9
64658,162,132,30,30
64659,74,70,4,4
64660,90,75,15,15
64661,127,114,13,13
64662,97,90,7,7
64663,102,89,13,13
64664,117,104,13,13
64665,38,43,-5,5
64666,114,98,16,16
64667,45,37,8,8
64668,100,90,10,10
64669,61,55,6,6
64670,101,85,16,16
64671,120,107,13,13
64672,152,126,26,26
64673,84,81,3,3
64674,100,83,17,17
64675,108,93,15,15
64676,124,122,2,2
64677,148,135,13,13
64678,46,47,-1,1
64679,119,108,11,11
64680,118,97,21,21
64681,52,53,-1,1
64682,104,100,4,4
64683,82,91,-9,9
64684,100,82,18,18
64685,118,100,18,18
64686,70,68,2,2
64687,104,81,23,23
64688,141,121,20,20
64689,97,88,9,9
64690,24,36,-12,12
64691,192,153,39,39
64692,71,58,13,13
64693,78,81,-3,3
64694,46,50,-4,4
64695,79,75,4,4
64696,153,127,26,26
64697,88,91,-3,3
64698,64,66,-2,2
64699,81,68,13,13
64700,81,74,7,7
64701,105,89,16,16
64702,88,84,4,4
64703,120,112,8,8
64704,68,62,6,6
64705,84,77,7,7
64706,121,104,17,17
64707,80,68,12,12
64708,138,125,13,13
64709,90,76,14,14
64710,87,83,4,4
64711,92,85,7,7
64712,111,108,3,3
64713,77,68,9,9
64714,74,68,6,6
64715,170,129,41,41
64716,77,74,3,3
64717,117,111,6,6
64718,151,120,31,31
64719,84,80,4,4
64720,108,106,2,2
64721,69,70,-1,1
64722,121,113,8,8
64723,94,93,1,1
64724,41,41,0,0
64725,140,122,18,18
64726,76,64,12,12
64727,85,72,13,13
64728,104,97,7,7
64729,48,51,-3,3
64730,128,120,8,8
64731,68,62,6,6
64732,70,64,6,6
64733,93,77,16,16
64734,69,73,-4,4
64735,56,48,8,8
64736,96,89,7,7
64737,50,48,2,2
64738,64,65,-1,1
64739,69,71,-2,2
64740,89,79,10,10
64741,75,73,2,2
64742,77,75,2,2
64743,68,60,8,8
64744,59,82,-23,23
64745,140,110,30,30
64746,79,68,11,11
64747,46,42,4,4
64748,54,46,8,8
64749,89,85,4,4
64750,99,93,6,6
64751,68,64,4,4
64752,86,86,0,0
64753,106,86,20,20
64754,82,72,10,10
64755,97,117,-20,20
64756,29,42,-13,13
64757,99,85,14,14
64758,119,110,9,9
64759,102,94,8,8
64760,104,96,8,8
64761,148,113,35,35
64762,146,124,22,22
64763,107,90,17,17
64764,49,47,2,2
64765,45,44,1,1
64766,133,116,17,17
64767,102,97,5,5
64768,110,105,5,5
64769,100,90,10,10
64770,112,96,16,16
64771,59,64,-5,5
64772,73,61,12,12
64773,115,113,2,2
64774,88,80,8,8
64775,77,81,-4,4
64776,133,116,17,17
64777,86,80,6,6
64778,74,61,13,13
64779,125,111,14,14
64780,97,91,6,6
64781,71,61,10,10
64782,42,42,0,0
64783,140,125,15,15
64784,70,64,6,6
64785,76,75,1,1
64786,59,52,7,7
64787,87,87,0,0
64788,134,109,25,25
64789,173,144,29,29
64790,47,46,1,1
64791,112,91,21,21
64792,94,92,2,2
64793,81,72,9,9
64794,152,134,18,18
64795,56,55,1,1
64796,72,68,4,4
64797,82,74,8,8
64798,68,64,4,4
64799,87,82,5,5
64800,116,119,-3,3
64801,49,43,6,6
64802,124,109,15,15
64803,146,135,11,11
64804,151,127,24,24
64805,67,83,-16,16
64806,57,85,-28,28
64807,147,132,15,15
64808,104,96,8,8
64809,124,114,10,10
64810,46,50,-4,4
64811,118,107,11,11
64812,110,100,10,10
64813,82,74,8,8
64814,97,83,14,14
64815,104,87,17,17
64816,46,44,2,2
64817,76,75,1,1
64818,66,63,3,3
64819,51,48,3,3
64820,63,55,8,8
64821,81,73,8,8
64822,110,100,10,10
64823,160,142,18,18
64824,65,61,4,4
64825,43,45,-2,2
64826,67,107,-40,40
64827,104,90,14,14
64828,83,83,0,0
64829,57,66,-9,9
64830,139,121,18,18
64831,78,72,6,6
64832,68,55,13,13
64833,91,80,11,11
64834,117,106,11,11
64835,117,102,15,15
64836,110,104,6,6
64837,67,63,4,4
64838,89,84,5,5
64839,96,95,1,1
64840,92,92,0,0
64841,87,78,9,9
64842,92,77,15,15
64843,59,61,-2,2
64844,66,61,5,5
64845,160,144,16,16
64846,188,149,39,39
64847,96,89,7,7
64848,75,76,-1,1
64849,140,121,19,19
64850,95,84,11,11
64851,83,76,7,7
64852,103,94,9,9
64853,81,76,5,5
64854,87,79,8,8
64855,90,84,6,6
64856,66,62,4,4
64857,100,86,14,14
64858,75,70,5,5
64859,50,47,3,3
64860,68,63,5,5
64861,82,73,9,9
64862,72,61,11,11
64863,56,55,1,1
64864,113,100,13,13
64865,41,46,-5,5
64866,56,56,0,0
64867,92,80,12,12
64868,68,63,5,5
64869,63,59,4,4
64870,111,105,6,6
64871,74,71,3,3
64872,91,83,8,8
64873,84,121,-37,37
64874,107,106,1,1
64875,95,84,11,11
64876,80,69,11,11
64877,125,115,10,10
64878,57,51,6,6
64879,115,110,5,5
64880,117,102,15,15
64881,71,70,1,1
64882,72,65,7,7
64883,199,165,34,34
64884,100,96,4,4
64885,75,64,11,11
64886,78,69,9,9
64887,82,71,11,11
64888,85,81,4,4
64889,53,55,-2,2
64890,89,81,8,8
64891,111,93,18,18
64892,58,54,4,4
64893,74,64,10,10
64894,106,107,-1,1
64895,139,122,17,17
64896,94,83,11,11
64897,66,60,6,6
64898,140,112,28,28
64899,100,91,9,9
64900,60,58,2,2
64901,118,98,20,20
64902,108,87,21,21
64903,131,107,24,24
64904,141,135,6,6
64905,107,99,8,8
64906,65,72,-7,7
64907,104,98,6,6
64908,121,114,7,7
64909,93,91,2,2
64910,85,84,1,1
64911,77,68,9,9
64912,113,96,17,17
64913,44,44,0,0
64914,110,113,-3,3
64915,75,63,12,12
64916,65,68,-3,3
64917,59,54,5,5
64918,102,85,17,17
64919,93,100,-7,7
64920,85,78,7,7
64921,57,53,4,4
64922,129,111,18,18
64923,45,53,-8,8
64924,60,72,-12,12
64925,89,89,0,0
64926,93,86,7,7
64927,104,93,11,11
64928,55,52,3,3
64929,83,80,3,3
64930,137,118,19,19
64931,109,90,19,19
64932,69,65,4,4
64933,110,116,-6,6
64934,119,92,27,27
64935,97,83,14,14
64936,81,75,6,6
64937,104,92,12,12
64938,71,74,-3,3
64939,50,55,-5,5
64940,136,113,23,23
64941,70,59,11,11
64942,63,67,-4,4
64943,90,86,4,4
64944,102,90,12,12
64945,50,49,1,1
64946,138,112,26,26
64947,103,117,-14,14
64948,127,110,17,17
64949,129,119,10,10
64950,144,128,16,16
64951,52,55,-3,3
64952,72,71,1,1
64953,94,89,5,5
64954,77,65,12,12
64955,62,62,0,0
64956,91,87,4,4
64957,58,55,3,3
64958,78,71,7,7
64959,63,60,3,3
64960,111,92,19,19
64961,87,80,7,7
64962,85,75,10,10
64963,224,173,51,51
64964,99,88,11,11
64965,84,72,12,12
64966,101,91,10,10
64967,156,123,33,33
64968,50,48,2,2
64969,82,73,9,9
64970,190,172,18,18
64971,127,119,8,8
64972,61,56,5,5
64973,100,94,6,6
64974,81,79,2,2
64975,141,113,28,28
64976,80,71,9,9
64977,67,63,4,4
64978,90,85,5,5
64979,81,71,10,10
64980,55,48,7,7
64981,85,80,5,5
64982,36,41,-5,5
64983,87,70,17,17
64984,73,77,-4,4
64985,90,82,8,8
64986,69,59,10,10
64987,88,78,10,10
64988,64,63,1,1
64989,56,53,3,3
64990,130,109,21,21
64991,59,54,5,5
64992,140,131,9,9
64993,129,106,23,23
64994,122,106,16,16
64995,69,62,7,7
64996,65,68,-3,3
64997,103,93,10,10
64998,36,34,2,2
64999,193,171,22,22
65000,123,104,19,19
65001,77,73,4,4
65002,75,67,8,8
65003,85,86,-1,1
65004,124,111,13,13
65005,148,131,17,17
65006,92,87,5,5
65007,70,60,10,10
65008,129,107,22,22
65009,51,49,2,2
65010,98,81,17,17
65011,130,109,21,21
65012,134,117,17,17
65013,89,76,13,13
65014,83,83,0,0
65015,89,81,8,8
65016,101,89,12,12
65017,110,90,20,20
65018,68,64,4,4
65019,68,59,9,9
65020,72,68,4,4
65021,77,73,4,4
65022,147,122,25,25
65023,117,103,14,14
65024,79,88,-9,9
65025,103,96,7,7
65026,65,65,0,0
65027,102,92,10,10
65028,66,63,3,3
65029,101,85,16,16
65030,77,73,4,4
65031,58,59,-1,1
65032,75,72,3,3
65033,50,59,-9,9
65034,116,102,14,14
65035,78,71,7,7
65036,111,90,21,21
65037,35,39,-4,4
65038,94,83,11,11
65039,136,115,21,21
65040,71,64,7,7
65041,94,96,-2,2
65042,81,71,10,10
65043,54,51,3,3
65044,94,79,15,15
65045,94,88,6,6
65046,143,124,19,19
65047,82,75,7,7
65048,156,128,28,28
65049,81,79,2,2
65050,169,151,18,18
65051,104,92,12,12
65052,107,99,8,8
65053,69,74,-5,5
65054,123,96,27,27
65055,51,52,-1,1
65056,88,87,1,1
65057,41,42,-1,1
65058,56,60,-4,4
65059,138,123,15,15
65060,102,87,15,15
65061,97,87,10,10
65062,124,118,6,6
65063,124,106,18,18
65064,119,120,-1,1
65065,55,51,4,4
65066,116,104,12,12
65067,60,54,6,6
65068,134,110,24,24
65069,63,81,-18,18
65070,73,67,6,6
65071,145,130,15,15
65072,111,102,9,9
65073,110,105,5,5
65074,194,160,34,34
65075,92,88,4,4
65076,97,80,17,17
65077,116,107,9,9
65078,61,53,8,8
65079,150,134,16,16
65080,45,42,3,3
65081,99,81,18,18
65082,79,70,9,9
65083,118,110,8,8
65084,74,64,10,10
65085,108,96,12,12
65086,85,73,12,12
65087,89,73,16,16
65088,107,100,7,7
65089,165,151,14,14
65090,84,74,10,10
65091,132,112,20,20
65092,90,79,11,11
65093,144,108,36,36
65094,87,84,3,3
65095,103,82,21,21
65096,98,94,4,4
65097,88,78,10,10
65098,125,109,16,16
65099,112,95,17,17
65100,51,54,-3,3
65101,105,100,5,5
65102,149,116,33,33
65103,109,96,13,13
65104,74,70,4,4
65105,83,75,8,8
65106,85,80,5,5
65107,75,64,11,11
65108,78,77,1,1
65109,67,63,4,4
65110,48,49,-1,1
65111,109,81,28,28
65112,92,79,13,13
65113,90,85,5,5
65114,90,79,11,11
65115,98,88,10,10
65116,76,69,7,7
65117,83,80,3,3
65118,148,136,12,12
65119,99,90,9,9
65120,68,65,3,3
65121,79,68,11,11
65122,98,92,6,6
65123,194,168,26,26
65124,90,78,12,12
65125,70,61,9,9
65126,88,80,8,8
65127,66,61,5,5
65128,81,63,18,18
65129,122,110,12,12
65130,96,89,7,7
65131,69,66,3,3
65132,113,92,21,21
65133,61,64,-3,3
65134,101,78,23,23
65135,178,158,20,20
65136,111,98,13,13
65137,81,70,11,11
65138,147,145,2,2
65139,121,105,16,16
65140,78,64,14,14
65141,86,77,9,9
65142,54,52,2,2
65143,46,46,0,0
65144,62,63,-1,1
65145,94,84,10,10
65146,101,91,10,10
65147,60,62,-2,2
65148,72,62,10,10
65149,75,76,-1,1
65150,148,125,23,23
65151,123,102,21,21
65152,81,84,-3,3
65153,126,115,11,11
65154,163,137,26,26
65155,105,93,12,12
65156,85,76,9,9
65157,102,90,12,12
65158,89,79,10,10
65159,123,115,8,8
65160,62,54,8,8
65161,78,79,-1,1
65162,98,84,14,14
65163,68,63,5,5
65164,99,94,5,5
65165,112,95,17,17
65166,89,78,11,11
65167,89,87,2,2
65168,83,72,11,11
65169,119,107,12,12
65170,92,91,1,1
65171,77,75,2,2
65172,74,65,9,9
65173,115,121,-6,6
65174,107,94,13,13
65175,98,82,16,16
65176,136,115,21,21
65177,42,45,-3,3
65178,119,109,10,10
65179,119,108,11,11
65180,109,92,17,17
65181,113,101,12,12
65182,164,143,21,21
65183,86,76,10,10
65184,97,89,8,8
65185,112,105,7,7
65186,124,109,15,15
65187,84,89,-5,5
65188,77,73,4,4
65189,87,81,6,6
65190,52,50,2,2
65191,112,96,16,16
65192,78,70,8,8
65193,93,85,8,8
65194,115,115,0,0
65195,76,66,10,10
65196,209,172,37,37
65197,41,49,-8,8
65198,115,99,16,16
65199,155,123,32,32
65200,53,50,3,3
65201,72,68,4,4
65202,110,81,29,29
65203,91,88,3,3
65204,99,87,12,12
65205,88,87,1,1
65206,100,91,9,9
65207,73,77,-4,4
65208,70,62,8,8
65209,126,112,14,14
65210,102,91,11,11
65211,97,83,14,14
65212,60,61,-1,1
65213,44,45,-1,1
65214,62,65,-3,3
65215,52,54,-2,2
65216,128,111,17,17
65217,168,146,22,22
65218,101,93,8,8
65219,106,98,8,8
65220,191,151,40,40
65221,51,60,-9,9
65222,196,151,45,45
65223,92,89,3,3
65224,47,43,4,4
65225,115,94,21,21
65226,70,61,9,9
65227,84,83,1,1
65228,145,124,21,21
65229,102,95,7,7
65230,31,33,-2,2
65231,65,58,7,7
65232,92,82,10,10
65233,77,76,1,1
65234,90,85,5,5
65235,30,33,-3,3
65236,72,75,-3,3
65237,109,101,8,8
65238,148,130,18,18
65239,81,72,9,9
65240,75,66,9,9
65241,60,56,4,4
65242,147,127,20,20
65243,95,74,21,21
65244,71,70,1,1
65245,145,138,7,7
65246,91,89,2,2
65247,48,64,-16,16
65248,94,85,9,9
65249,86,87,-1,1
65250,70,66,4,4
65251,120,111,9,9
65252,117,102,15,15
65253,118,86,32,32
65254,66,61,5,5
65255,70,62,8,8
65256,51,47,4,4
65257,80,77,3,3
65258,78,76,2,2
65259,136,108,28,28
65260,105,97,8,8
65261,94,78,16,16
65262,119,102,17,17
65263,119,110,9,9
65264,66,58,8,8
65265,133,113,20,20
65266,106,93,13,13
65267,110,91,19,19
65268,109,95,14,14
65269,97,100,-3,3
65270,54,56,-2,2
65271,143,120,23,23
65272,103,97,6,6
65273,55,52,3,3
65274,72,65,7,7
65275,300,221,79,79
65276,110,98,12,12
65277,120,108,12,12
65278,114,110,4,4
65279,65,60,5,5
65280,51,50,1,1
65281,107,90,17,17
65282,86,83,3,3
65283,91,84,7,7
65284,102,87,15,15
65285,72,57,15,15
65286,82,75,7,7
65287,134,113,21,21
65288,133,112,21,21
65289,79,78,1,1
65290,146,130,16,16
65291,176,152,24,24
65292,117,104,13,13
65293,82,78,4,4
65294,105,92,13,13
65295,89,84,5,5
65296,72,70,2,2
65297,71,57,14,14
65298,117,108,9,9
65299,140,122,18,18
65300,80,76,4,4
65301,53,52,1,1
65302,185,159,26,26
65303,111,92,19,19
65304,92,88,4,4
65305,91,80,11,11
65306,112,88,24,24
65307,59,56,3,3
65308,106,91,15,15
65309,53,55,-2,2
65310,132,119,13,13
65311,80,80,0,0
65312,163,146,17,17
65313,58,61,-3,3
65314,138,111,27,27
65315,173,150,23,23
65316,64,65,-1,1
65317,78,69,9,9
65318,101,98,3,3
65319,103,91,12,12
65320,87,74,13,13
65321,105,92,13,13
65322,94,81,13,13
65323,89,84,5,5
65324,63,66,-3,3
65325,92,77,15,15
65326,139,127,12,12
65327,78,75,3,3
65328,58,74,-16,16
65329,77,74,3,3
65330,71,100,-29,29
65331,154,141,13,13
65332,93,82,11,11
65333,61,56,5,5
65334,168,140,28,28
65335,139,116,23,23
65336,78,74,4,4
65337,132,113,19,19
65338,56,52,4,4
65339,78,76,2,2
65340,86,81,5,5
65341,68,63,5,5
65342,31,54,-23,23
65343,60,57,3,3
65344,150,127,23,23
65345,117,102,15,15
65346,104,90,14,14
65347,102,93,9,9
65348,77,80,-3,3
65349,64,64,0,0
65350,103,95,8,8
65351,113,97,16,16
65352,96,91,5,5
65353,114,87,27,27
65354,126,109,17,17
65355,106,99,7,7
65356,59,57,2,2
65357,81,78,3,3
65358,109,92,17,17
65359,121,117,4,4
65360,70,63,7,7
65361,148,131,17,17
65362,94,80,14,14
65363,127,112,15,15
65364,117,108,9,9
65365,104,91,13,13
65366,46,51,-5,5
65367,106,109,-3,3
65368,94,79,15,15
65369,124,101,23,23
65370,62,62,0,0
65371,62,71,-9,9
65372,74,77,-3,3
65373,53,53,0,0
65374,40,42,-2,2
65375,70,64,6,6
65376,60,59,1,1
65377,45,40,5,5
65378,111,102,9,9
65379,37,47,-10,10
65380,88,91,-3,3
65381,51,96,-45,45
65382,66,64,2,2
65383,76,65,11,11
65384,91,78,13,13
65385,121,109,12,12
65386,135,115,20,20
65387,87,85,2,2
65388,99,90,9,9
65389,106,95,11,11
65390,83,80,3,3
65391,94,79,15,15
65392,76,70,6,6
65393,69,62,7,7
65394,100,102,-2,2
65395,118,105,13,13
65396,66,76,-10,10
65397,89,83,6,6
65398,104,107,-3,3
65399,110,87,23,23
65400,106,91,15,15
65401,118,104,14,14
65402,83,81,2,2
65403,85,76,9,9
65404,73,79,-6,6
65405,72,62,10,10
65406,61,58,3,3
65407,59,56,3,3
65408,114,106,8,8
65409,68,69,-1,1
65410,179,156,23,23
65411,70,67,3,3
65412,91,81,10,10
65413,114,99,15,15
65414,108,95,13,13
65415,79,73,6,6
65416,79,69,10,10
65417,125,116,9,9
65418,117,90,27,27
65419,68,70,-2,2
65420,79,71,8,8
65421,103,102,1,1
65422,207,162,45,45
65423,63,63,0,0
65424,117,105,12,12
65425,63,58,5,5
65426,71,66,5,5
65427,74,75,-1,1
65428,55,48,7,7
65429,170,142,28,28
65430,69,63,6,6
65431,51,57,-6,6
65432,55,52,3,3
65433,73,67,6,6
65434,89,96,-7,7
65435,173,139,34,34
65436,119,107,12,12
65437,85,82,3,3
65438,94,87,7,7
65439,104,89,15,15
65440,96,88,8,8
65441,61,62,-1,1
65442,86,82,4,4
65443,95,86,9,9
65444,161,140,21,21
65445,80,72,8,8
65446,112,96,16,16
65447,75,75,0,0
65448,141,117,24,24
65449,161,145,16,16
65450,99,91,8,8
65451,94,85,9,9
65452,146,120,26,26
65453,72,66,6,6
65454,105,84,21,21
65455,69,63,6,6
65456,113,96,17,17
65457,132,103,29,29
65458,121,109,12,12
65459,91,84,7,7
65460,70,59,11,11
65461,96,86,10,10
65462,155,132,23,23
65463,130,123,7,7
65464,186,145,41,41
65465,96,91,5,5
65466,146,141,5,5
65467,113,97,16,16
65468,86,82,4,4
65469,104,91,13,13
65470,66,59,7,7
65471,96,81,15,15
65472,88,72,16,16
65473,111,94,17,17
65474,146,119,27,27
65475,86,69,17,17
65476,46,45,1,1
65477,72,66,6,6
65478,170,136,34,34
65479,35,34,1,1
65480,90,83,7,7
65481,143,130,13,13
65482,157,133,24,24
65483,62,62,0,0
65484,65,58,7,7
65485,75,67,8,8
65486,89,82,7,7
65487,82,69,13,13
65488,80,78,2,2
65489,56,51,5,5
65490,76,66,10,10
65491,113,102,11,11
65492,104,102,2,2
65493,99,86,13,13
65494,62,57,5,5
65495,140,130,10,10
65496,76,75,1,1
65497,114,100,14,14
65498,108,103,5,5
65499,81,68,13,13
65500,63,58,5,5
65501,125,109,16,16
65502,70,55,15,15
65503,90,83,7,7
65504,37,42,-5,5
65505,92,94,-2,2
65506,96,92,4,4
65507,85,77,8,8
65508,106,98,8,8
65509,86,75,11,11
65510,101,81,20,20
65511,101,92,9,9
65512,100,95,5,5
65513,105,90,15,15
65514,71,71,0,0
65515,58,51,7,7
65516,179,149,30,30
65517,106,96,10,10
65518,89,78,11,11
65519,84,71,13,13
65520,113,97,16,16
65521,129,110,19,19
65522,87,89,-2,2
65523,122,113,9,9
65524,109,100,9,9
65525,78,78,0,0
65526,96,84,12,12
65527,176,136,40,40
65528,114,99,15,15
65529,89,71,18,18
65530,115,93,22,22
65531,73,62,11,11
65532,68,65,3,3
65533,148,126,22,22
65534,70,65,5,5
65535,108,92,16,16
65536,60,53,7,7
65537,98,81,17,17
65538,47,46,1,1
65539,84,82,2,2
65540,60,51,9,9
65541,119,112,7,7
65542,66,66,0,0
65543,115,101,14,14
65544,172,138,34,34
65545,105,89,16,16
65546,83,71,12,12
65547,75,65,10,10
65548,48,44,4,4
65549,100,91,9,9
65550,59,62,-3,3
65551,67,59,8,8
65552,103,100,3,3
65553,48,45,3,3
65554,108,106,2,2
65555,77,60,17,17
65556,126,110,16,16
65557,82,96,-14,14
65558,38,45,-7,7
65559,99,85,14,14
65560,56,55,1,1
65561,131,102,29,29
65562,96,78,18,18
65563,83,79,4,4
65564,120,101,19,19
65565,102,87,15,15
65566,93,87,6,6
65567,127,112,15,15
65568,67,53,14,14
65569,98,86,12,12
65570,77,65,12,12
65571,84,70,14,14
65572,96,84,12,12
65573,118,101,17,17
65574,84,78,6,6
65575,70,78,-8,8
65576,100,93,7,7
65577,118,101,17,17
65578,54,52,2,2
65579,170,141,29,29
65580,91,90,1,1
65581,86,76,10,10
65582,82,79,3,3
65583,123,110,13,13
65584,94,85,9,9
65585,86,71,15,15
65586,142,133,9,9
65587,132,107,25,25
65588,140,119,21,21
65589,177,137,40,40
65590,54,59,-5,5
65591,51,53,-2,2
65592,130,109,21,21
65593,71,67,4,4
65594,61,56,5,5
65595,93,82,11,11
65596,93,90,3,3
65597,83,73,10,10
65598,104,86,18,18
65599,93,84,9,9
65600,88,78,10,10
65601,89,85,4,4
65602,154,145,9,9
65603,53,51,2,2
65604,85,77,8,8
65605,89,87,2,2
65606,107,99,8,8
65607,102,91,11,11
65608,88,88,0,0
65609,35,37,-2,2
65610,118,101,17,17
65611,63,56,7,7
65612,56,58,-2,2
65613,41,41,0,0
65614,108,100,8,8
65615,137,122,15,15
65616,70,60,10,10
65617,131,130,1,1
65618,83,71,12,12
65619,87,77,10,10
65620,87,86,1,1
65621,134,118,16,16
65622,108,85,23,23
65623,73,75,-2,2
65624,110,94,16,16
65625,100,74,26,26
65626,57,68,-11,11
65627,101,89,12,12
65628,124,107,17,17
65629,100,92,8,8
65630,116,107,9,9
65631,124,100,24,24
65632,119,112,7,7
65633,95,97,-2,2
65634,131,108,23,23
65635,46,47,-1,1
65636,119,100,19,19
65637,86,74,12,12
65638,148,131,17,17
65639,63,55,8,8
65640,84,73,11,11
65641,88,76,12,12
65642,125,104,21,21
65643,180,142,38,38
65644,92,88,4,4
65645,73,71,2,2
65646,54,57,-3,3
65647,125,116,9,9
65648,158,139,19,19
65649,115,101,14,14
65650,176,154,22,22
65651,71,81,-10,10
65652,109,108,1,1
65653,115,99,16,16
65654,135,116,19,19
65655,75,68,7,7
65656,71,70,1,1
65657,74,78,-4,4
65658,123,117,6,6
65659,85,79,6,6
65660,124,108,16,16
65661,51,49,2,2
65662,53,55,-2,2
65663,97,95,2,2
65664,92,84,8,8
65665,122,109,13,13
65666,183,150,33,33
65667,94,95,-1,1
65668,151,125,26,26
65669,65,62,3,3
65670,146,129,17,17
65671,68,72,-4,4
65672,186,135,51,51
65673,121,99,22,22
65674,77,72,5,5
65675,99,97,2,2
65676,102,95,7,7
65677,80,74,6,6
65678,123,110,13,13
65679,90,88,2,2
65680,96,91,5,5
65681,119,90,29,29
65682,136,118,18,18
65683,84,73,11,11
65684,135,122,13,13
65685,84,95,-11,11
65686,56,54,2,2
65687,81,76,5,5
65688,69,57,12,12
65689,89,71,18,18
65690,105,92,13,13
65691,113,102,11,11
65692,79,69,10,10
65693,167,135,32,32
65694,85,73,12,12
65695,80,74,6,6
65696,72,68,4,4
65697,129,115,14,14
65698,155,121,34,34
65699,53,54,-1,1
65700,48,47,1,1
65701,45,39,6,6
65702,55,52,3,3
65703,99,91,8,8
65704,91,84,7,7
65705,75,64,11,11
65706,84,76,8,8
65707,38,43,-5,5
65708,41,44,-3,3
65709,86,80,6,6
65710,76,66,10,10
65711,53,54,-1,1
65712,63,60,3,3
65713,79,70,9,9
65714,145,126,19,19
65715,97,90,7,7
65716,120,106,14,14
65717,74,68,6,6
65718,96,89,7,7
65719,101,86,15,15
65720,94,91,3,3
65721,92,76,16,16
65722,83,65,18,18
65723,122,97,25,25
65724,57,54,3,3
65725,56,59,-3,3
65726,123,111,12,12
65727,104,95,9,9
65728,147,123,24,24
65729,190,175,15,15
65730,120,104,16,16
65731,173,145,28,28
65732,52,48,4,4
65733,134,111,23,23
65734,110,95,15,15
65735,84,73,11,11
65736,92,86,6,6
65737,112,93,19,19
65738,60,58,2,2
65739,76,71,5,5
65740,159,131,28,28
65741,61,63,-2,2
65742,141,118,23,23
65743,107,96,11,11
65744,103,85,18,18
65745,129,117,12,12
65746,61,55,6,6
65747,77,67,10,10
65748,84,79,5,5
65749,78,72,6,6
65750,47,45,2,2
65751,140,118,22,22
65752,56,49,7,7
65753,154,127,27,27
65754,77,79,-2,2
65755,85,67,18,18
65756,104,103,1,1
65757,70,81,-11,11
65758,71,67,4,4
65759,63,57,6,6
65760,84,74,10,10
65761,110,89,21,21
65762,88,88,0,0
65763,74,71,3,3
65764,72,79,-7,7
65765,46,46,0,0
65766,94,85,9,9
65767,93,93,0,0
65768,63,58,5,5
65769,100,91,9,9
65770,71,65,6,6
65771,113,104,9,9
65772,88,76,12,12
65773,83,65,18,18
65774,76,77,-1,1
65775,83,68,15,15
65776,153,120,33,33
65777,134,122,12,12
65778,91,83,8,8
65779,56,52,4,4
65780,89,84,5,5
65781,51,52,-1,1
65782,121,103,18,18
65783,107,97,10,10
65784,97,132,-35,35
65785,79,72,7,7
65786,115,98,17,17
65787,60,58,2,2
65788,105,92,13,13
65789,65,63,2,2
65790,57,55,2,2
65791,169,141,28,28
65792,92,82,10,10
65793,104,107,-3,3
65794,68,62,6,6
65795,72,63,9,9
65796,92,84,8,8
65797,124,111,13,13
65798,85,81,4,4
65799,123,109,14,14
65800,112,95,17,17
65801,138,133,5,5
65802,205,177,28,28
65803,88,81,7,7
65804,82,76,6,6
65805,77,74,3,3
65806,68,60,8,8
65807,125,109,16,16
65808,87,79,8,8
65809,112,104,8,8
65810,66,69,-3,3
65811,132,110,22,22
65812,136,110,26,26
65813,232,197,35,35
65814,63,63,0,0
65815,77,77,0,0
65816,121,106,15,15
65817,161,135,26,26
65818,200,143,57,57
65819,65,59,6,6
65820,104,86,18,18
65821,129,104,25,25
65822,129,128,1,1
65823,123,105,18,18
65824,72,72,0,0
65825,59,55,4,4
65826,94,94,0,0
65827,102,103,-1,1
65828,74,69,5,5
65829,64,59,5,5
65830,48,49,-1,1
65831,80,75,5,5
65832,112,91,21,21
65833,67,114,-47,47
65834,79,80,-1,1
65835,79,75,4,4
65836,51,52,-1,1
65837,213,175,38,38
65838,116,108,8,8
65839,82,77,5,5
65840,88,82,6,6
65841,154,145,9,9
65842,93,80,13,13
65843,115,101,14,14
65844,58,50,8,8
65845,89,87,2,2
65846,69,63,6,6
65847,124,105,19,19
65848,87,79,8,8
65849,114,105,9,9
65850,75,74,1,1
65851,46,60,-14,14
65852,54,53,1,1
65853,63,54,9,9
65854,54,49,5,5
65855,70,63,7,7
65856,98,83,15,15
65857,74,69,5,5
65858,76,68,8,8
65859,80,69,11,11
65860,73,115,-42,42
65861,108,95,13,13
65862,100,92,8,8
65863,64,53,11,11
65864,101,93,8,8
65865,75,68,7,7
65866,66,68,-2,2
65867,142,123,19,19
65868,47,44,3,3
65869,71,58,13,13
65870,26,34,-8,8
65871,53,54,-1,1
65872,133,119,14,14
65873,96,87,9,9
65874,91,91,0,0
65875,83,71,12,12
65876,103,98,5,5
65877,89,75,14,14
65878,90,85,5,5
65879,95,94,1,1
65880,32,34,-2,2
65881,72,72,0,0
65882,99,77,22,22
65883,115,101,14,14
65884,86,86,0,0
65885,93,95,-2,2
65886,129,109,20,20
65887,92,82,10,10
65888,114,105,9,9
65889,84,78,6,6
65890,93,83,10,10
65891,89,93,-4,4
65892,59,55,4,4
65893,63,61,2,2
65894,59,58,1,1
65895,115,104,11,11
65896,144,110,34,34
65897,76,75,1,1
65898,112,99,13,13
65899,118,118,0,0
65900,80,77,3,3
65901,106,94,12,12
65902,92,89,3,3
65903,65,63,2,2
65904,130,124,6,6
65905,108,93,15,15
65906,44,53,-9,9
65907,101,94,7,7
65908,72,71,1,1
65909,67,63,4,4
65910,73,71,2,2
65911,184,151,33,33
65912,83,74,9,9
65913,77,72,5,5
65914,113,98,15,15
65915,46,41,5,5
65916,101,100,1,1
65917,92,86,6,6
65918,122,102,20,20
65919,67,59,8,8
65920,134,112,22,22
65921,82,77,5,5
65922,142,129,13,13
65923,101,85,16,16
65924,119,113,6,6
65925,44,42,2,2
65926,105,97,8,8
65927,99,94,5,5
65928,127,110,17,17
65929,76,68,8,8
65930,107,84,23,23
65931,104,105,-1,1
65932,104,89,15,15
65933,100,90,10,10
65934,106,90,16,16
65935,66,58,8,8
65936,154,126,28,28
65937,124,113,11,11
65938,118,107,11,11
65939,79,72,7,7
65940,76,71,5,5
65941,89,77,12,12
65942,67,69,-2,2
65943,104,97,7,7
65944,108,87,21,21
65945,76,70,6,6
65946,47,48,-1,1
65947,98,95,3,3
65948,137,131,6,6
65949,111,96,15,15
65950,62,56,6,6
65951,37,36,1,1
65952,69,63,6,6
65953,115,111,4,4
65954,98,91,7,7
65955,62,58,4,4
65956,94,85,9,9
65957,46,57,-11,11
65958,97,80,17,17
65959,108,89,19,19
65960,124,110,14,14
65961,74,81,-7,7
65962,113,101,12,12
65963,96,91,5,5
65964,135,116,19,19
65965,81,77,4,4
65966,101,89,12,12
65967,109,102,7,7
65968,121,107,14,14
65969,62,52,10,10
65970,105,100,5,5
65971,105,85,20,20
65972,96,74,22,22
65973,90,66,24,24
65974,81,70,11,11
65975,137,116,21,21
65976,86,73,13,13
65977,86,82,4,4
65978,105,100,5,5
65979,120,102,18,18
65980,70,61,9,9
65981,90,80,10,10
65982,90,80,10,10
65983,79,74,5,5
65984,62,58,4,4
65985,56,56,0,0
65986,62,56,6,6
65987,123,101,22,22
65988,108,102,6,6
65989,73,72,1,1
65990,92,79,13,13
65991,97,85,12,12
65992,94,83,11,11
65993,119,109,10,10
65994,125,110,15,15
65995,252,200,52,52
65996,124,112,12,12
65997,76,78,-2,2
65998,120,108,12,12
65999,83,76,7,7
66000,82,76,6,6
66001,93,87,6,6
66002,56,56,0,0
66003,78,83,-5,5
66004,121,138,-17,17
66005,100,85,15,15
66006,91,75,16,16
66007,66,59,7,7
66008,62,58,4,4
66009,72,67,5,5
66010,77,74,3,3
66011,93,81,12,12
66012,176,146,30,30
66013,55,54,1,1
66014,75,74,1,1
66015,60,56,4,4
66016,143,120,23,23
66017,117,110,7,7
66018,36,46,-10,10
66019,45,42,3,3
66020,96,86,10,10
66021,81,81,0,0
66022,106,92,14,14
66023,83,84,-1,1
66024,105,88,17,17
66025,80,78,2,2
66026,43,41,2,2
66027,103,96,7,7
66028,134,112,22,22
66029,53,51,2,2
66030,115,96,19,19
66031,157,124,33,33
66032,67,67,0,0
66033,104,108,-4,4
66034,148,138,10,10
66035,116,99,17,17
66036,100,87,13,13
66037,63,61,2,2
66038,71,72,-1,1
66039,71,60,11,11
66040,67,70,-3,3
66041,105,102,3,3
66042,102,90,12,12
66043,53,53,0,0
66044,71,67,4,4
66045,115,106,9,9
66046,105,90,15,15
66047,62,74,-12,12
66048,119,105,14,14
66049,151,125,26,26
66050,55,59,-4,4
66051,76,73,3,3
66052,37,37,0,0
66053,126,91,35,35
66054,116,86,30,30
66055,119,107,12,12
66056,86,74,12,12
66057,64,66,-2,2
66058,53,55,-2,2
66059,108,91,17,17
66060,118,102,16,16
66061,126,113,13,13
66062,71,63,8,8
66063,99,92,7,7
66064,49,51,-2,2
66065,87,79,8,8
66066,75,66,9,9
66067,89,84,5,5
66068,94,81,13,13
66069,100,83,17,17
66070,80,64,16,16
66071,78,72,6,6
66072,65,65,0,0
66073,104,89,15,15
66074,111,107,4,4
66075,182,141,41,41
66076,69,64,5,5
66077,67,62,5,5
66078,99,104,-5,5
66079,82,70,12,12
66080,99,77,22,22
66081,66,61,5,5
66082,162,140,22,22
66083,142,121,21,21
66084,84,78,6,6
66085,70,78,-8,8
66086,106,94,12,12
66087,57,55,2,2
66088,89,75,14,14
66089,119,103,16,16
66090,90,76,14,14
66091,59,61,-2,2
66092,80,71,9,9
66093,113,98,15,15
66094,47,48,-1,1
66095,72,68,4,4
66096,178,162,16,16
66097,76,79,-3,3
66098,96,92,4,4
66099,83,76,7,7
66100,63,60,3,3
66101,144,128,16,16
66102,42,51,-9,9
66103,52,45,7,7
66104,125,100,25,25
66105,63,61,2,2
66106,69,55,14,14
66107,78,66,12,12
66108,63,75,-12,12
66109,80,79,1,1
66110,101,91,10,10
66111,187,142,45,45
66112,163,134,29,29
66113,109,104,5,5
66114,101,103,-2,2
66115,86,81,5,5
66116,72,77,-5,5
66117,142,152,-10,10
66118,99,80,19,19
66119,64,61,3,3
66120,79,75,4,4
66121,85,68,17,17
66122,107,79,28,28
66123,97,85,12,12
66124,116,102,14,14
66125,67,64,3,3
66126,89,93,-4,4
66127,122,101,21,21
66128,140,124,16,16
66129,62,56,6,6
66130,119,118,1,1
66131,117,100,17,17
66132,104,105,-1,1
66133,47,50,-3,3
66134,73,70,3,3
66135,159,122,37,37
66136,101,94,7,7
66137,77,62,15,15
66138,58,51,7,7
66139,78,73,5,5
66140,97,82,15,15
66141,76,69,7,7
66142,88,81,7,7
66143,64,59,5,5
66144,81,86,-5,5
66145,69,61,8,8
66146,115,118,-3,3
66147,65,80,-15,15
66148,76,61,15,15
66149,58,58,0,0
66150,33,37,-4,4
66151,133,114,19,19
66152,45,64,-19,19
66153,123,112,11,11
66154,100,88,12,12
66155,82,77,5,5
66156,83,78,5,5
66157,117,97,20,20
66158,74,64,10,10
66159,103,93,10,10
66160,72,68,4,4
66161,142,116,26,26
66162,121,99,22,22
66163,82,73,9,9
66164,80,71,9,9
66165,100,91,9,9
66166,164,143,21,21
66167,95,82,13,13
66168,57,55,2,2
66169,81,70,11,11
66170,39,37,2,2
66171,123,108,15,15
66172,127,111,16,16
66173,82,74,8,8
66174,105,92,13,13
66175,72,64,8,8
66176,37,40,-3,3
66177,85,80,5,5
66178,152,129,23,23
66179,80,69,11,11
66180,55,55,0,0
66181,76,82,-6,6
66182,21,38,-17,17
66183,220,184,36,36
66184,159,126,33,33
66185,90,85,5,5
66186,148,135,13,13
66187,102,89,13,13
66188,83,73,10,10
66189,80,86,-6,6
66190,100,81,19,19
66191,111,90,21,21
66192,79,76,3,3
66193,82,72,10,10
66194,82,73,9,9
66195,197,168,29,29
66196,188,149,39,39
66197,177,161,16,16
66198,76,71,5,5
66199,157,154,3,3
66200,49,53,-4,4
66201,44,43,1,1
66202,66,65,1,1
66203,156,129,27,27
66204,111,108,3,3
66205,69,72,-3,3
66206,188,163,25,25
66207,126,100,26,26
66208,73,66,7,7
66209,111,93,18,18
66210,94,77,17,17
66211,57,61,-4,4
66212,132,112,20,20
66213,164,143,21,21
66214,55,55,0,0
66215,139,119,20,20
66216,77,67,10,10
66217,43,45,-2,2
66218,96,81,15,15
66219,88,78,10,10
66220,74,66,8,8
66221,81,75,6,6
66222,84,79,5,5
66223,100,90,10,10
66224,108,88,20,20
66225,44,55,-11,11
66226,77,76,1,1
66227,79,76,3,3
66228,111,99,12,12
66229,86,78,8,8
66230,61,54,7,7
66231,85,75,10,10
66232,45,51,-6,6
66233,81,68,13,13
66234,159,131,28,28
66235,80,69,11,11
66236,94,78,16,16
66237,89,81,8,8
66238,96,82,14,14
66239,95,76,19,19
66240,127,101,26,26
66241,71,60,11,11
66242,68,61,7,7
66243,80,80,0,0
66244,122,104,18,18
66245,136,122,14,14
66246,95,86,9,9
66247,89,80,9,9
66248,88,83,5,5
66249,44,41,3,3
66250,121,102,19,19
66251,47,45,2,2
66252,72,65,7,7
66253,72,65,7,7
66254,145,142,3,3
66255,77,72,5,5
66256,129,125,4,4
66257,65,65,0,0
66258,121,105,16,16
66259,92,80,12,12
66260,100,94,6,6
66261,36,40,-4,4
66262,122,105,17,17
66263,112,89,23,23
66264,76,67,9,9
66265,112,112,0,0
66266,75,74,1,1
66267,81,74,7,7
66268,102,82,20,20
66269,43,51,-8,8
66270,92,85,7,7
66271,118,94,24,24
66272,73,67,6,6
66273,179,161,18,18
66274,63,64,-1,1
66275,128,123,5,5
66276,161,145,16,16
66277,178,138,40,40
66278,90,79,11,11
66279,74,70,4,4
66280,74,72,2,2
66281,95,90,5,5
66282,98,90,8,8
66283,94,82,12,12
66284,115,107,8,8
66285,131,120,11,11
66286,99,74,25,25
66287,87,78,9,9
66288,74,72,2,2
66289,56,56,0,0
66290,58,56,2,2
66291,77,77,0,0
66292,122,99,23,23
66293,70,67,3,3
66294,40,48,-8,8
66295,106,100,6,6
66296,100,93,7,7
66297,73,71,2,2
66298,72,60,12,12
66299,99,93,6,6
66300,135,123,12,12
66301,184,147,37,37
66302,50,64,-14,14
66303,77,71,6,6
66304,48,48,0,0
66305,76,65,11,11
66306,87,87,0,0
66307,137,116,21,21
66308,110,106,4,4
66309,84,80,4,4
66310,74,74,0,0
66311,83,70,13,13
66312,76,69,7,7
66313,107,119,-12,12
66314,78,67,11,11
66315,87,75,12,12
66316,64,63,1,1
66317,60,59,1,1
66318,94,90,4,4
66319,80,68,12,12
66320,50,45,5,5
66321,54,51,3,3
66322,65,57,8,8
66323,101,100,1,1
66324,89,79,10,10
66325,127,113,14,14
66326,59,63,-4,4
66327,90,90,0,0
66328,77,74,3,3
66329,100,98,2,2
66330,103,92,11,11
66331,33,49,-16,16
66332,61,55,6,6
66333,63,73,-10,10
66334,47,48,-1,1
66335,51,47,4,4
66336,141,127,14,14
66337,74,66,8,8
66338,74,69,5,5
66339,85,76,9,9
66340,149,122,27,27
66341,90,87,3,3
66342,79,78,1,1
66343,93,94,-1,1
66344,79,70,9,9
66345,146,130,16,16
66346,81,73,8,8
66347,83,95,-12,12
66348,196,166,30,30
66349,114,94,20,20
66350,102,90,12,12
66351,140,120,20,20
66352,46,42,4,4
66353,189,158,31,31
66354,102,93,9,9
66355,96,82,14,14
66356,73,79,-6,6
66357,131,124,7,7
66358,143,114,29,29
66359,94,97,-3,3
66360,95,86,9,9
66361,131,110,21,21
66362,138,115,23,23
66363,55,58,-3,3
66364,40,38,2,2
66365,97,83,14,14
66366,70,71,-1,1
66367,95,84,11,11
66368,86,72,14,14
66369,107,92,15,15
66370,45,53,-8,8
66371,107,97,10,10
66372,77,66,11,11
66373,75,67,8,8
66374,85,77,8,8
66375,81,80,1,1
66376,100,88,12,12
66377,65,68,-3,3
66378,57,57,0,0
66379,61,49,12,12
66380,79,76,3,3
66381,104,95,9,9
66382,106,96,10,10
66383,55,52,3,3
66384,100,87,13,13
66385,89,83,6,6
66386,73,66,7,7
66387,77,77,0,0
66388,59,55,4,4
66389,71,67,4,4
66390,52,60,-8,8
66391,58,51,7,7
66392,72,61,11,11
66393,90,78,12,12
66394,57,55,2,2
66395,82,87,-5,5
66396,92,81,11,11
66397,88,71,17,17
66398,49,53,-4,4
66399,91,76,15,15
66400,171,143,28,28
66401,75,83,-8,8
66402,82,73,9,9
66403,74,66,8,8
66404,116,104,12,12
66405,95,76,19,19
66406,116,96,20,20
66407,74,93,-19,19
66408,100,90,10,10
66409,81,82,-1,1
66410,141,139,2,2
66411,113,97,16,16
66412,100,84,16,16
66413,80,67,13,13
66414,96,82,14,14
66415,83,78,5,5
66416,68,71,-3,3
66417,66,60,6,6
66418,73,68,5,5
66419,169,151,18,18
66420,119,94,25,25
66421,82,86,-4,4
66422,85,76,9,9
66423,92,95,-3,3
66424,92,83,9,9
66425,164,134,30,30
66426,131,119,12,12
66427,106,115,-9,9
66428,72,64,8,8
66429,54,54,0,0
66430,75,71,4,4
66431,62,56,6,6
66432,89,78,11,11
66433,63,54,9,9
66434,87,75,12,12
66435,136,111,25,25
66436,79,72,7,7
66437,86,81,5,5
66438,71,70,1,1
66439,68,59,9,9
66440,127,108,19,19
66441,78,76,2,2
66442,43,43,0,0
66443,82,73,9,9
66444,61,59,2,2
66445,91,92,-1,1
66446,78,72,6,6
66447,121,108,13,13
66448,83,78,5,5
66449,169,156,13,13
66450,56,55,1,1
66451,78,58,20,20
66452,73,72,1,1
66453,66,65,1,1
66454,67,58,9,9
66455,69,51,18,18
66456,96,86,10,10
66457,118,99,19,19
66458,67,66,1,1
66459,58,60,-2,2
66460,77,59,18,18
66461,164,134,30,30
66462,57,58,-1,1
66463,98,89,9,9
66464,97,84,13,13
66465,58,56,2,2
66466,107,98,9,9
66467,70,70,0,0
66468,121,103,18,18
66469,144,118,26,26
66470,157,141,16,16
66471,113,102,11,11
66472,66,60,6,6
66473,47,61,-14,14
66474,106,89,17,17
66475,77,73,4,4
66476,180,155,25,25
66477,55,50,5,5
66478,57,65,-8,8
66479,104,93,11,11
66480,120,104,16,16
66481,124,102,22,22
66482,157,142,15,15
66483,185,162,23,23
66484,63,60,3,3
66485,158,126,32,32
66486,161,146,15,15
66487,61,59,2,2
66488,104,96,8,8
66489,65,61,4,4
66490,174,149,25,25
66491,52,52,0,0
66492,118,99,19,19
66493,89,80,9,9
66494,88,79,9,9
66495,88,82,6,6
66496,62,64,-2,2
66497,67,62,5,5
66498,118,102,16,16
66499,113,108,5,5
66500,99,96,3,3
66501,68,64,4,4
66502,50,43,7,7
66503,123,114,9,9
66504,97,88,9,9
66505,93,96,-3,3
66506,132,109,23,23
66507,70,68,2,2
66508,65,58,7,7
66509,80,88,-8,8
66510,79,70,9,9
66511,96,89,7,7
66512,69,72,-3,3
66513,142,124,18,18
66514,126,112,14,14
66515,88,101,-13,13
66516,57,51,6,6
66517,68,59,9,9
66518,97,97,0,0
66519,128,115,13,13
66520,129,125,4,4
66521,92,81,11,11
66522,146,115,31,31
66523,83,78,5,5
66524,92,78,14,14
66525,207,165,42,42
66526,40,47,-7,7
66527,92,89,3,3
66528,95,97,-2,2
66529,107,92,15,15
66530,51,50,1,1
66531,210,164,46,46
66532,73,68,5,5
66533,103,87,16,16
66534,120,107,13,13
66535,132,105,27,27
66536,112,97,15,15
66537,86,77,9,9
66538,195,168,27,27
66539,69,66,3,3
66540,91,80,11,11
66541,57,69,-12,12
66542,112,98,14,14
66543,72,76,-4,4
66544,90,77,13,13
66545,99,88,11,11
66546,46,42,4,4
66547,51,49,2,2
66548,107,96,11,11
66549,156,142,14,14
66550,61,58,3,3
66551,88,75,13,13
66552,107,92,15,15
66553,121,99,22,22
66554,89,75,14,14
66555,99,93,6,6
66556,87,84,3,3
66557,46,51,-5,5
66558,152,136,16,16
66559,67,64,3,3
66560,164,145,19,19
66561,68,66,2,2
66562,94,84,10,10
66563,60,62,-2,2
66564,205,157,48,48
66565,92,81,11,11
66566,95,81,14,14
66567,67,56,11,11
66568,55,55,0,0
66569,151,122,29,29
66570,160,138,22,22
66571,29,34,-5,5
66572,108,94,14,14
66573,112,110,2,2
66574,109,144,-35,35
66575,86,75,11,11
66576,75,72,3,3
66577,60,61,-1,1
66578,64,67,-3,3
66579,64,77,-13,13
66580,110,103,7,7
66581,81,81,0,0
66582,79,72,7,7
66583,124,102,22,22
66584,94,89,5,5
66585,73,83,-10,10
66586,111,95,16,16
66587,107,94,13,13
66588,71,64,7,7
66589,125,113,12,12
66590,123,99,24,24
66591,63,55,8,8
66592,98,91,7,7
66593,101,85,16,16
66594,129,116,13,13
66595,96,88,8,8
66596,58,55,3,3
66597,162,144,18,18
66598,48,46,2,2
66599,151,127,24,24
66600,67,62,5,5
66601,122,105,17,17
66602,100,92,8,8
66603,135,128,7,7
66604,213,162,51,51
66605,129,124,5,5
66606,61,63,-2,2
66607,70,69,1,1
66608,88,83,5,5
66609,75,69,6,6
66610,159,143,16,16
66611,100,95,5,5
66612,75,65,10,10
66613,120,122,-2,2
66614,70,67,3,3
66615,129,107,22,22
66616,124,94,30,30
66617,105,91,14,14
66618,60,53,7,7
66619,76,64,12,12
66620,64,68,-4,4
66621,145,124,21,21
66622,95,100,-5,5
66623,104,99,5,5
66624,148,122,26,26
66625,126,114,12,12
66626,142,121,21,21
66627,67,63,4,4
66628,96,94,2,2
66629,114,99,15,15
66630,47,53,-6,6
66631,125,120,5,5
66632,66,64,2,2
66633,203,199,4,4
66634,58,60,-2,2
66635,114,98,16,16
66636,100,106,-6,6
66637,92,89,3,3
66638,114,109,5,5
66639,67,65,2,2
66640,56,51,5,5
66641,78,71,7,7
66642,62,58,4,4
66643,77,81,-4,4
66644,104,88,16,16
66645,37,40,-3,3
66646,94,84,10,10
66647,108,88,20,20
66648,42,41,1,1
66649,106,96,10,10
66650,74,66,8,8
66651,116,92,24,24
66652,77,59,18,18
66653,123,113,10,10
66654,89,88,1,1
66655,74,66,8,8
66656,118,104,14,14
66657,73,69,4,4
66658,69,79,-10,10
66659,79,72,7,7
66660,58,60,-2,2
66661,172,131,41,41
66662,118,99,19,19
66663,140,118,22,22
66664,124,111,13,13
66665,111,93,18,18
66666,88,90,-2,2
66667,90,105,-15,15
66668,59,51,8,8
66669,139,127,12,12
66670,125,111,14,14
66671,64,61,3,3
66672,147,121,26,26
66673,50,53,-3,3
66674,81,77,4,4
66675,105,91,14,14
66676,63,63,0,0
66677,87,85,2,2
66678,90,79,11,11
66679,47,44,3,3
66680,134,115,19,19
66681,61,58,3,3
66682,73,84,-11,11
66683,73,62,11,11
66684,78,75,3,3
66685,134,112,22,22
66686,51,45,6,6
66687,108,97,11,11
66688,96,84,12,12
66689,54,64,-10,10
66690,122,109,13,13
66691,129,116,13,13
66692,86,68,18,18
66693,114,101,13,13
66694,70,67,3,3
66695,79,75,4,4
66696,56,54,2,2
66697,66,61,5,5
66698,89,77,12,12
66699,106,92,14,14
66700,77,74,3,3
66701,82,74,8,8
66702,63,75,-12,12
66703,87,80,7,7
66704,119,114,5,5
66705,146,122,24,24
66706,71,61,10,10
66707,70,73,-3,3
66708,82,77,5,5
66709,72,69,3,3
66710,91,85,6,6
66711,57,65,-8,8
66712,68,62,6,6
66713,92,78,14,14
66714,71,66,5,5
66715,100,85,15,15
66716,106,89,17,17
66717,64,55,9,9
66718,58,61,-3,3
66719,74,67,7,7
66720,104,105,-1,1
66721,133,115,18,18
66722,59,53,6,6
66723,77,71,6,6
66724,90,79,11,11
66725,116,87,29,29
66726,94,82,12,12
66727,102,93,9,9
66728,130,113,17,17
66729,115,106,9,9
66730,79,69,10,10
66731,151,127,24,24
66732,88,89,-1,1
66733,188,152,36,36
66734,91,84,7,7
66735,81,70,11,11
66736,74,71,3,3
66737,80,72,8,8
66738,125,104,21,21
66739,140,120,20,20
66740,60,60,0,0
66741,45,50,-5,5
66742,65,65,0,0
66743,120,107,13,13
66744,105,97,8,8
66745,136,124,12,12
66746,31,56,-25,25
66747,77,75,2,2
66748,79,81,-2,2
66749,96,89,7,7
66750,40,55,-15,15
66751,54,53,1,1
66752,94,79,15,15
66753,83,94,-11,11
66754,54,54,0,0
66755,92,84,8,8
66756,146,116,30,30
66757,172,145,27,27
66758,62,57,5,5
66759,155,136,19,19
66760,111,94,17,17
66761,99,86,13,13
66762,126,104,22,22
66763,55,53,2,2
66764,202,170,32,32
66765,60,57,3,3
66766,97,85,12,12
66767,111,94,17,17
66768,114,101,13,13
66769,81,70,11,11
66770,35,47,-12,12
66771,88,79,9,9
66772,62,59,3,3
66773,84,79,5,5
66774,96,80,16,16
66775,105,95,10,10
66776,67,65,2,2
66777,68,70,-2,2
66778,75,69,6,6
66779,64,64,0,0
66780,165,129,36,36
66781,92,111,-19,19
66782,136,107,29,29
66783,93,87,6,6
66784,58,47,11,11
66785,72,70,2,2
66786,87,82,5,5
66787,53,57,-4,4
66788,138,117,21,21
66789,98,94,4,4
66790,81,75,6,6
66791,82,78,4,4
66792,140,131,9,9
66793,92,83,9,9
66794,116,105,11,11
66795,169,144,25,25
66796,76,74,2,2
66797,70,65,5,5
66798,206,164,42,42
66799,118,100,18,18
66800,82,79,3,3
66801,143,123,20,20
66802,113,94,19,19
66803,82,73,9,9
66804,72,68,4,4
66805,53,48,5,5
66806,38,49,-11,11
66807,102,89,13,13
66808,98,91,7,7
66809,60,62,-2,2
66810,133,114,19,19
66811,108,93,15,15
66812,103,88,15,15
66813,58,58,0,0
66814,80,74,6,6
66815,72,67,5,5
66816,103,88,15,15
66817,115,112,3,3
66818,66,69,-3,3
66819,134,117,17,17
66820,129,111,18,18
66821,82,76,6,6
66822,92,82,10,10
66823,72,63,9,9
66824,156,136,20,20
66825,97,89,8,8
66826,80,76,4,4
66827,110,89,21,21
66828,112,93,19,19
66829,73,66,7,7
66830,93,90,3,3
66831,84,87,-3,3
66832,69,59,10,10
66833,63,70,-7,7
66834,97,87,10,10
66835,51,59,-8,8
66836,117,104,13,13
66837,102,102,0,0
66838,63,60,3,3
66839,90,103,-13,13
66840,75,69,6,6
66841,31,73,-42,42
66842,118,109,9,9
66843,110,112,-2,2
66844,126,111,15,15
66845,132,123,9,9
66846,94,79,15,15
66847,55,64,-9,9
66848,119,102,17,17
66849,47,48,-1,1
66850,152,122,30,30
66851,38,50,-12,12
66852,96,101,-5,5
66853,79,66,13,13
66854,63,53,10,10
66855,120,107,13,13
66856,97,81,16,16
66857,65,57,8,8
66858,108,96,12,12
66859,146,131,15,15
66860,99,94,5,5
66861,50,48,2,2
66862,98,90,8,8
66863,61,55,6,6
66864,67,66,1,1
66865,102,89,13,13
66866,98,84,14,14
66867,127,110,17,17
66868,134,114,20,20
66869,107,93,14,14
66870,62,61,1,1
66871,83,75,8,8
66872,41,37,4,4
66873,65,68,-3,3
66874,73,71,2,2
66875,81,72,9,9
66876,85,74,11,11
66877,85,69,16,16
66878,117,101,16,16
66879,128,119,9,9
66880,89,81,8,8
66881,42,38,4,4
66882,125,127,-2,2
66883,68,63,5,5
66884,72,72,0,0
66885,96,87,9,9
66886,134,118,16,16
66887,122,109,13,13
66888,87,83,4,4
66889,54,55,-1,1
66890,79,73,6,6
66891,148,117,31,31
66892,66,66,0,0
66893,142,120,22,22
66894,106,86,20,20
66895,48,47,1,1
66896,57,66,-9,9
66897,126,110,16,16
66898,51,54,-3,3
66899,109,108,1,1
66900,106,99,7,7
66901,102,91,11,11
66902,94,85,9,9
66903,112,101,11,11
66904,140,116,24,24
66905,117,106,11,11
66906,112,88,24,24
66907,49,60,-11,11
66908,156,131,25,25
66909,89,77,12,12
66910,74,73,1,1
66911,67,69,-2,2
66912,70,75,-5,5
66913,93,89,4,4
66914,93,86,7,7
66915,101,95,6,6
66916,76,80,-4,4
66917,67,64,3,3
66918,106,93,13,13
66919,72,71,1,1
66920,65,60,5,5
66921,87,78,9,9
66922,89,77,12,12
66923,257,255,2,2
66924,175,152,23,23
66925,69,60,9,9
66926,76,64,12,12
66927,65,58,7,7
66928,153,130,23,23
66929,68,66,2,2
66930,116,96,20,20
66931,114,110,4,4
66932,76,72,4,4
66933,65,57,8,8
66934,104,90,14,14
66935,148,125,23,23
66936,43,42,1,1
66937,90,81,9,9
66938,99,89,10,10
66939,128,119,9,9
66940,110,99,11,11
66941,42,51,-9,9
66942,120,107,13,13
66943,135,102,33,33
66944,134,125,9,9
66945,116,108,8,8
66946,138,110,28,28
66947,125,108,17,17
66948,43,44,-1,1
66949,89,73,16,16
66950,126,100,26,26
66951,90,77,13,13
66952,77,72,5,5
66953,91,83,8,8
66954,120,98,22,22
66955,63,57,6,6
66956,88,78,10,10
66957,50,50,0,0
66958,110,101,9,9
66959,71,63,8,8
66960,81,74,7,7
66961,120,104,16,16
66962,94,84,10,10
66963,51,53,-2,2
66964,84,78,6,6
66965,96,89,7,7
66966,179,148,31,31
66967,57,52,5,5
66968,114,104,10,10
66969,111,105,6,6
66970,111,93,18,18
66971,101,85,16,16
66972,53,45,8,8
66973,97,88,9,9
66974,98,85,13,13
66975,50,49,1,1
66976,82,73,9,9
66977,108,90,18,18
66978,59,59,0,0
66979,69,65,4,4
66980,68,64,4,4
66981,69,72,-3,3
66982,73,70,3,3
66983,28,34,-6,6
66984,75,69,6,6
66985,68,61,7,7
66986,110,102,8,8
66987,99,94,5,5
66988,72,68,4,4
66989,74,68,6,6
66990,70,69,1,1
66991,109,89,20,20
66992,191,165,26,26
66993,54,49,5,5
66994,119,106,13,13
66995,76,73,3,3
66996,174,149,25,25
66997,87,78,9,9
66998,88,81,7,7
66999,53,54,-1,1
67000,75,71,4,4
67001,68,59,9,9
67002,118,110,8,8
67003,114,97,17,17
67004,101,92,9,9
67005,102,93,9,9
67006,82,77,5,5
67007,100,93,7,7
67008,134,117,17,17
67009,140,126,14,14
67010,109,104,5,5
67011,124,110,14,14
67012,157,122,35,35
67013,67,60,7,7
67014,117,105,12,12
67015,64,59,5,5
67016,89,87,2,2
67017,52,42,10,10
67018,126,111,15,15
67019,99,91,8,8
67020,82,73,9,9
67021,96,74,22,22
67022,85,72,13,13
67023,68,75,-7,7
67024,132,110,22,22
67025,148,125,23,23
67026,56,53,3,3
67027,173,154,19,19
67028,115,107,8,8
67029,99,89,10,10
67030,115,111,4,4
67031,71,69,2,2
67032,141,124,17,17
67033,111,98,13,13
67034,53,53,0,0
67035,279,194,85,85
67036,101,81,20,20
67037,93,83,10,10
67038,71,62,9,9
67039,163,141,22,22
67040,52,46,6,6
67041,109,98,11,11
67042,80,81,-1,1
67043,72,97,-25,25
67044,72,65,7,7
67045,87,77,10,10
67046,82,78,4,4
67047,74,70,4,4
67048,156,130,26,26
67049,133,112,21,21
67050,123,107,16,16
67051,63,59,4,4
67052,70,68,2,2
67053,40,38,2,2
67054,76,79,-3,3
67055,201,175,26,26
67056,76,76,0,0
67057,109,105,4,4
67058,116,106,10,10
67059,45,41,4,4
67060,59,55,4,4
67061,104,84,20,20
67062,122,135,-13,13
67063,108,89,19,19
67064,59,61,-2,2
67065,111,110,1,1
67066,47,43,4,4
67067,123,109,14,14
67068,127,106,21,21
67069,98,88,10,10
67070,90,82,8,8
67071,70,69,1,1
67072,102,89,13,13
67073,101,91,10,10
67074,72,83,-11,11
67075,86,94,-8,8
67076,77,74,3,3
67077,175,136,39,39
67078,85,80,5,5
67079,109,96,13,13
67080,143,121,22,22
67081,79,77,2,2
67082,81,76,5,5
67083,110,92,18,18
67084,68,71,-3,3
67085,107,93,14,14
67086,115,102,13,13
67087,120,109,11,11
67088,67,65,2,2
67089,95,80,15,15
67090,116,102,14,14
67091,83,78,5,5
67092,97,81,16,16
67093,85,81,4,4
67094,91,91,0,0
67095,147,122,25,25
67096,60,63,-3,3
67097,104,89,15,15
67098,99,89,10,10
67099,142,120,22,22
67100,65,60,5,5
67101,58,57,1,1
67102,81,82,-1,1
67103,85,77,8,8
67104,158,137,21,21
67105,57,54,3,3
67106,32,36,-4,4
67107,161,136,25,25
67108,139,119,20,20
67109,123,108,15,15
67110,141,128,13,13
67111,127,114,13,13
67112,65,62,3,3
67113,177,146,31,31
67114,131,115,16,16
67115,140,119,21,21
67116,51,51,0,0
67117,85,81,4,4
67118,75,70,5,5
67119,103,89,14,14
67120,155,121,34,34
67121,85,76,9,9
67122,72,66,6,6
67123,80,63,17,17
67124,62,60,2,2
67125,58,56,2,2
67126,53,53,0,0
67127,76,81,-5,5
67128,117,107,10,10
67129,75,65,10,10
67130,138,117,21,21
67131,82,73,9,9
67132,79,74,5,5
67133,83,84,-1,1
67134,79,69,10,10
67135,141,121,20,20
67136,76,65,11,11
67137,165,138,27,27
67138,150,137,13,13
67139,65,59,6,6
67140,37,39,-2,2
67141,55,53,2,2
67142,227,185,42,42
67143,82,79,3,3
67144,70,66,4,4
67145,57,55,2,2
67146,73,63,10,10
67147,78,69,9,9
67148,58,54,4,4
67149,87,78,9,9
67150,48,54,-6,6
67151,127,115,12,12
67152,65,55,10,10
67153,111,86,25,25
67154,74,70,4,4
67155,103,87,16,16
67156,91,76,15,15
67157,188,181,7,7
67158,98,102,-4,4
67159,86,77,9,9
67160,68,59,9,9
67161,99,89,10,10
67162,68,64,4,4
67163,87,74,13,13
67164,110,101,9,9
67165,53,57,-4,4
67166,75,68,7,7
67167,113,100,13,13
67168,103,110,-7,7
67169,48,55,-7,7
67170,180,148,32,32
67171,67,70,-3,3
67172,69,68,1,1
67173,114,111,3,3
67174,82,70,12,12
67175,152,129,23,23
67176,108,100,8,8
67177,126,112,14,14
67178,126,123,3,3
67179,68,68,0,0
67180,111,95,16,16
67181,127,102,25,25
67182,106,91,15,15
67183,93,92,1,1
67184,134,121,13,13
67185,65,66,-1,1
67186,129,105,24,24
67187,84,78,6,6
67188,64,62,2,2
67189,147,125,22,22
67190,123,107,16,16
67191,102,90,12,12
67192,66,55,11,11
67193,56,57,-1,1
67194,99,98,1,1
67195,92,80,12,12
67196,96,86,10,10
67197,125,122,3,3
67198,85,75,10,10
67199,100,87,13,13
67200,77,75,2,2
67201,69,65,4,4
67202,95,87,8,8
67203,87,76,11,11
67204,112,99,13,13
67205,124,109,15,15
67206,99,83,16,16
67207,65,56,9,9
67208,119,93,26,26
67209,66,65,1,1
67210,89,77,12,12
67211,139,112,27,27
67212,111,91,20,20
67213,81,85,-4,4
67214,100,90,10,10
67215,82,72,10,10
67216,145,137,8,8
67217,91,85,6,6
67218,187,170,17,17
67219,84,79,5,5
67220,45,46,-1,1
67221,116,104,12,12
67222,69,63,6,6
67223,80,77,3,3
67224,44,37,7,7
67225,93,91,2,2
67226,58,52,6,6
67227,74,73,1,1
67228,74,69,5,5
67229,99,100,-1,1
67230,93,90,3,3
67231,67,58,9,9
67232,108,99,9,9
67233,108,104,4,4
67234,116,93,23,23
67235,127,101,26,26
67236,98,85,13,13
67237,115,111,4,4
67238,131,115,16,16
67239,185,154,31,31
67240,120,96,24,24
67241,75,72,3,3
67242,165,121,44,44
67243,44,66,-22,22
67244,82,78,4,4
67245,66,72,-6,6
67246,72,69,3,3
67247,137,113,24,24
67248,66,66,0,0
67249,79,86,-7,7
67250,48,52,-4,4
67251,76,71,5,5
67252,87,76,11,11
67253,90,75,15,15
67254,67,66,1,1
67255,139,122,17,17
67256,52,52,0,0
67257,97,81,16,16
67258,135,114,21,21
67259,60,49,11,11
67260,65,63,2,2
67261,61,52,9,9
67262,175,146,29,29
67263,146,121,25,25
67264,64,69,-5,5
67265,122,109,13,13
67266,66,64,2,2
67267,62,58,4,4
67268,97,92,5,5
67269,117,110,7,7
67270,72,70,2,2
67271,66,78,-12,12
67272,147,120,27,27
67273,139,116,23,23
67274,143,133,10,10
67275,106,96,10,10
67276,81,84,-3,3
67277,85,69,16,16
67278,112,92,20,20
67279,74,79,-5,5
67280,157,130,27,27
67281,76,66,10,10
67282,69,63,6,6
67283,133,114,19,19
67284,79,82,-3,3
67285,58,58,0,0
67286,111,102,9,9
67287,195,165,30,30
67288,129,101,28,28
67289,58,71,-13,13
67290,101,100,1,1
67291,186,157,29,29
67292,76,64,12,12
67293,72,67,5,5
67294,100,97,3,3
67295,60,57,3,3
67296,59,59,0,0
67297,118,102,16,16
67298,195,152,43,43
67299,92,79,13,13
67300,245,217,28,28
67301,102,100,2,2
67302,84,81,3,3
67303,95,85,10,10
67304,126,106,20,20
67305,101,84,17,17
67306,192,152,40,40
67307,118,107,11,11
67308,72,75,-3,3
67309,66,64,2,2
67310,72,70,2,2
67311,75,70,5,5
67312,47,47,0,0
67313,53,53,0,0
67314,75,77,-2,2
67315,77,83,-6,6
67316,133,125,8,8
67317,66,63,3,3
67318,122,112,10,10
67319,151,136,15,15
67320,95,101,-6,6
67321,70,73,-3,3
67322,66,62,4,4
67323,101,87,14,14
67324,92,80,12,12
67325,94,80,14,14
67326,80,68,12,12
67327,86,84,2,2
67328,99,81,18,18
67329,167,134,33,33
67330,104,88,16,16
67331,92,77,15,15
67332,82,83,-1,1
67333,93,82,11,11
67334,57,52,5,5
67335,80,74,6,6
67336,154,120,34,34
67337,92,80,12,12
67338,121,100,21,21
67339,90,89,1,1
67340,94,85,9,9
67341,100,91,9,9
67342,55,57,-2,2
67343,179,157,22,22
67344,157,132,25,25
67345,58,65,-7,7
67346,94,97,-3,3
67347,85,75,10,10
67348,55,59,-4,4
67349,72,59,13,13
67350,114,101,13,13
67351,99,90,9,9
67352,75,65,10,10
67353,45,42,3,3
67354,58,52,6,6
67355,110,96,14,14
67356,69,70,-1,1
67357,68,61,7,7
67358,102,86,16,16
67359,77,77,0,0
67360,85,75,10,10
67361,112,103,9,9
67362,40,38,2,2
67363,73,70,3,3
67364,76,75,1,1
67365,65,61,4,4
67366,72,78,-6,6
67367,89,101,-12,12
67368,110,104,6,6
67369,91,81,10,10
67370,59,78,-19,19
67371,90,77,13,13
67372,84,77,7,7
67373,130,111,19,19
67374,63,56,7,7
67375,63,60,3,3
67376,87,77,10,10
67377,106,102,4,4
67378,145,122,23,23
67379,128,116,12,12
67380,81,76,5,5
67381,111,89,22,22
67382,76,76,0,0
67383,53,59,-6,6
67384,82,71,11,11
67385,100,91,9,9
67386,74,78,-4,4
67387,105,98,7,7
67388,58,56,2,2
67389,102,96,6,6
67390,113,96,17,17
67391,99,94,5,5
67392,113,100,13,13
67393,55,53,2,2
67394,98,82,16,16
67395,108,102,6,6
67396,54,51,3,3
67397,99,88,11,11
67398,78,73,5,5
67399,68,59,9,9
67400,45,44,1,1
67401,71,72,-1,1
67402,216,177,39,39
67403,103,92,11,11
67404,77,71,6,6
67405,64,62,2,2
67406,108,100,8,8
67407,106,81,25,25
67408,124,98,26,26
67409,71,66,5,5
67410,91,75,16,16
67411,80,79,1,1
67412,122,109,13,13
67413,105,96,9,9
67414,80,75,5,5
67415,142,108,34,34
67416,64,83,-19,19
67417,95,72,23,23
67418,112,110,2,2
67419,83,71,12,12
67420,147,126,21,21
67421,47,46,1,1
67422,80,76,4,4
67423,104,100,4,4
67424,71,70,1,1
67425,67,59,8,8
67426,69,69,0,0
67427,82,76,6,6
67428,85,74,11,11
67429,144,128,16,16
67430,81,81,0,0
67431,141,125,16,16
67432,86,73,13,13
67433,176,155,21,21
67434,74,63,11,11
67435,91,81,10,10
67436,102,79,23,23
67437,74,65,9,9
67438,97,84,13,13
67439,60,59,1,1
67440,97,89,8,8
67441,119,105,14,14
67442,97,94,3,3
67443,70,67,3,3
67444,102,84,18,18
67445,61,63,-2,2
67446,86,72,14,14
67447,45,46,-1,1
67448,51,51,0,0
67449,130,120,10,10
67450,74,73,1,1
67451,78,74,4,4
67452,163,145,18,18
67453,52,59,-7,7
67454,99,93,6,6
67455,84,80,4,4
67456,109,93,16,16
67457,84,78,6,6
67458,88,89,-1,1
67459,117,101,16,16
67460,186,155,31,31
67461,55,51,4,4
67462,65,73,-8,8
67463,119,122,-3,3
67464,71,68,3,3
67465,87,74,13,13
67466,51,52,-1,1
67467,46,45,1,1
67468,61,58,3,3
67469,103,86,17,17
67470,84,75,9,9
67471,56,55,1,1
67472,73,70,3,3
67473,84,75,9,9
67474,127,100,27,27
67475,178,161,17,17
67476,71,69,2,2
67477,107,94,13,13
67478,111,93,18,18
67479,69,67,2,2
67480,94,86,8,8
67481,45,49,-4,4
67482,94,91,3,3
67483,120,111,9,9
67484,63,62,1,1
67485,78,70,8,8
67486,40,43,-3,3
67487,114,101,13,13
67488,112,96,16,16
67489,152,126,26,26
67490,184,141,43,43
67491,84,75,9,9
67492,122,100,22,22
67493,108,89,19,19
67494,64,61,3,3
67495,114,100,14,14
67496,143,129,14,14
67497,97,80,17,17
67498,99,88,11,11
67499,145,136,9,9
67500,63,60,3,3
67501,111,101,10,10
67502,68,67,1,1
67503,108,107,1,1
67504,94,78,16,16
67505,77,72,5,5
67506,49,51,-2,2
67507,82,75,7,7
67508,66,61,5,5
67509,74,65,9,9
67510,142,132,10,10
67511,82,80,2,2
67512,87,75,12,12
67513,78,75,3,3
67514,58,57,1,1
67515,108,97,11,11
67516,50,73,-23,23
67517,170,143,27,27
67518,74,70,4,4
67519,102,92,10,10
67520,95,85,10,10
67521,90,75,15,15
67522,118,103,15,15
67523,70,62,8,8
67524,111,100,11,11
67525,96,96,0,0
67526,81,74,7,7
67527,110,94,16,16
67528,94,80,14,14
67529,99,95,4,4
67530,107,97,10,10
67531,129,122,7,7
67532,135,110,25,25
67533,123,102,21,21
67534,67,66,1,1
67535,79,74,5,5
67536,91,88,3,3
67537,72,66,6,6
67538,150,142,8,8
67539,117,113,4,4
67540,60,61,-1,1
67541,102,95,7,7
67542,32,43,-11,11
67543,65,62,3,3
67544,163,141,22,22
67545,99,89,10,10
67546,76,69,7,7
67547,146,116,30,30
67548,137,114,23,23
67549,131,118,13,13
67550,152,127,25,25
67551,93,95,-2,2
67552,78,71,7,7
67553,83,73,10,10
67554,109,88,21,21
67555,134,127,7,7
67556,56,67,-11,11
67557,82,73,9,9
67558,50,40,10,10
67559,104,93,11,11
67560,78,76,2,2
67561,60,56,4,4
67562,137,115,22,22
67563,64,57,7,7
67564,144,128,16,16
67565,49,46,3,3
67566,104,91,13,13
67567,66,62,4,4
67568,71,65,6,6
67569,128,108,20,20
67570,84,95,-11,11
67571,141,133,8,8
67572,97,83,14,14
67573,52,47,5,5
67574,74,68,6,6
67575,98,104,-6,6
67576,71,64,7,7
67577,56,55,1,1
67578,71,70,1,1
67579,123,105,18,18
67580,146,113,33,33
67581,77,71,6,6
67582,68,67,1,1
67583,110,86,24,24
67584,85,76,9,9
67585,162,117,45,45
67586,105,86,19,19
67587,68,63,5,5
67588,100,83,17,17
67589,103,91,12,12
67590,121,98,23,23
67591,96,76,20,20
67592,199,156,43,43
67593,83,78,5,5
67594,91,82,9,9
67595,61,61,0,0
67596,103,99,4,4
67597,95,87,8,8
67598,68,65,3,3
67599,94,81,13,13
67600,54,52,2,2
67601,160,125,35,35
67602,123,102,21,21
67603,154,128,26,26
67604,48,52,-4,4
67605,66,66,0,0
67606,81,74,7,7
67607,56,57,-1,1
67608,160,125,35,35
67609,121,136,-15,15
67610,103,82,21,21
67611,126,108,18,18
67612,82,73,9,9
67613,63,70,-7,7
67614,88,80,8,8
67615,111,106,5,5
67616,139,119,20,20
67617,103,91,12,12
67618,74,73,1,1
67619,133,108,25,25
67620,49,52,-3,3
67621,93,82,11,11
67622,86,79,7,7
67623,77,65,12,12
67624,56,67,-11,11
67625,66,57,9,9
67626,132,111,21,21
67627,149,121,28,28
67628,39,37,2,2
67629,117,104,13,13
67630,98,88,10,10
67631,59,56,3,3
67632,146,129,17,17
67633,106,85,21,21
67634,63,63,0,0
67635,90,84,6,6
67636,73,72,1,1
67637,80,70,10,10
67638,89,78,11,11
67639,88,78,10,10
67640,51,48,3,3
67641,85,77,8,8
67642,106,113,-7,7
67643,136,114,22,22
67644,46,44,2,2
67645,107,102,5,5
67646,154,141,13,13
67647,109,98,11,11
67648,79,70,9,9
67649,94,76,18,18
67650,64,61,3,3
67651,63,55,8,8
67652,62,56,6,6
67653,58,58,0,0
67654,48,48,0,0
67655,67,65,2,2
67656,74,69,5,5
67657,94,83,11,11
67658,75,66,9,9
67659,158,128,30,30
67660,134,113,21,21
67661,189,155,34,34
67662,62,65,-3,3
67663,73,67,6,6
67664,89,86,3,3
67665,42,44,-2,2
67666,129,106,23,23
67667,65,69,-4,4
67668,49,48,1,1
67669,163,135,28,28
67670,93,82,11,11
67671,185,153,32,32
67672,91,82,9,9
67673,43,43,0,0
67674,163,143,20,20
67675,65,64,1,1
67676,49,38,11,11
67677,62,58,4,4
67678,123,120,3,3
67679,78,73,5,5
67680,144,120,24,24
67681,75,92,-17,17
67682,83,74,9,9
67683,122,93,29,29
67684,92,83,9,9
67685,101,91,10,10
67686,75,78,-3,3
67687,130,102,28,28
67688,160,134,26,26
67689,58,57,1,1
67690,154,130,24,24
67691,101,85,16,16
67692,54,58,-4,4
67693,177,152,25,25
67694,198,160,38,38
67695,98,99,-1,1
67696,87,88,-1,1
67697,116,102,14,14
67698,63,56,7,7
67699,95,83,12,12
67700,57,53,4,4
67701,64,56,8,8
67702,69,54,15,15
67703,79,73,6,6
67704,89,90,-1,1
67705,53,53,0,0
67706,94,89,5,5
67707,85,86,-1,1
67708,85,79,6,6
67709,80,83,-3,3
67710,80,82,-2,2
67711,95,82,13,13
67712,95,82,13,13
67713,72,71,1,1
67714,59,58,1,1
67715,122,97,25,25
67716,76,68,8,8
67717,103,85,18,18
67718,80,77,3,3
67719,84,77,7,7
67720,108,97,11,11
67721,94,84,10,10
67722,128,113,15,15
67723,121,108,13,13
67724,156,124,32,32
67725,120,104,16,16
67726,97,88,9,9
67727,87,91,-4,4
67728,116,99,17,17
67729,48,43,5,5
67730,139,121,18,18
67731,93,79,14,14
67732,184,170,14,14
67733,62,56,6,6
67734,116,109,7,7
67735,114,96,18,18
67736,104,90,14,14
67737,94,93,1,1
67738,169,144,25,25
67739,89,86,3,3
67740,91,88,3,3
67741,97,92,5,5
67742,111,100,11,11
67743,69,65,4,4
67744,120,106,14,14
67745,105,111,-6,6
67746,99,91,8,8
67747,37,61,-24,24
67748,105,84,21,21
67749,69,66,3,3
67750,67,61,6,6
67751,31,37,-6,6
67752,60,61,-1,1
67753,90,87,3,3
67754,74,67,7,7
67755,123,104,19,19
67756,97,90,7,7
67757,55,48,7,7
67758,127,110,17,17
67759,122,107,15,15
67760,103,97,6,6
67761,141,124,17,17
67762,67,62,5,5
67763,113,107,6,6
67764,135,121,14,14
67765,203,167,36,36
67766,88,81,7,7
67767,94,92,2,2
67768,103,91,12,12
67769,86,76,10,10
67770,143,127,16,16
67771,52,48,4,4
67772,75,78,-3,3
67773,114,108,6,6
67774,92,79,13,13
67775,113,98,15,15
67776,123,110,13,13
67777,68,70,-2,2
67778,86,90,-4,4
67779,27,36,-9,9
67780,126,116,10,10
67781,89,78,11,11
67782,113,93,20,20
67783,106,90,16,16
67784,90,77,13,13
67785,82,69,13,13
67786,88,84,4,4
67787,97,85,12,12
67788,141,118,23,23
67789,123,100,23,23
67790,188,174,14,14
67791,108,99,9,9
67792,73,67,6,6
67793,104,96,8,8
67794,87,83,4,4
67795,78,76,2,2
67796,75,66,9,9
67797,153,127,26,26
67798,74,63,11,11
67799,129,105,24,24
67800,117,99,18,18
67801,82,79,3,3
67802,103,90,13,13
67803,93,74,19,19
67804,89,81,8,8
67805,44,48,-4,4
67806,76,70,6,6
67807,79,85,-6,6
67808,87,82,5,5
67809,38,38,0,0
67810,120,107,13,13
67811,88,83,5,5
67812,155,127,28,28
67813,120,98,22,22
67814,89,77,12,12
67815,100,86,14,14
67816,66,59,7,7
67817,85,84,1,1
67818,90,72,18,18
67819,126,111,15,15
67820,153,118,35,35
67821,83,74,9,9
67822,113,95,18,18
67823,88,83,5,5
67824,152,141,11,11
67825,104,87,17,17
67826,75,67,8,8
67827,48,43,5,5
67828,127,107,20,20
67829,79,68,11,11
67830,117,105,12,12
67831,63,63,0,0
67832,113,108,5,5
67833,143,140,3,3
67834,110,98,12,12
67835,75,78,-3,3
67836,48,49,-1,1
67837,64,83,-19,19
67838,99,90,9,9
67839,91,79,12,12
67840,111,94,17,17
67841,89,80,9,9
67842,141,121,20,20
67843,101,84,17,17
67844,74,67,7,7
67845,124,99,25,25
67846,115,110,5,5
67847,94,94,0,0
67848,110,103,7,7
67849,70,67,3,3
67850,89,87,2,2
67851,53,53,0,0
67852,85,86,-1,1
67853,166,136,30,30
67854,77,68,9,9
67855,76,65,11,11
67856,137,128,9,9
67857,79,80,-1,1
67858,144,110,34,34
67859,57,47,10,10
67860,102,92,10,10
67861,77,72,5,5
67862,105,102,3,3
67863,99,85,14,14
67864,40,41,-1,1
67865,96,85,11,11
67866,99,91,8,8
67867,69,61,8,8
67868,111,93,18,18
67869,119,111,8,8
67870,152,131,21,21
67871,138,118,20,20
67872,146,139,7,7
67873,79,90,-11,11
67874,113,97,16,16
67875,65,68,-3,3
67876,135,109,26,26
67877,58,39,19,19
67878,68,72,-4,4
67879,103,86,17,17
67880,110,104,6,6
67881,57,54,3,3
67882,191,156,35,35
67883,87,76,11,11
67884,130,111,19,19
67885,94,85,9,9
67886,101,97,4,4
67887,52,43,9,9
67888,134,118,16,16
67889,75,68,7,7
67890,91,86,5,5
67891,109,98,11,11
67892,96,82,14,14
67893,55,51,4,4
67894,114,97,17,17
67895,159,131,28,28
67896,74,67,7,7
67897,89,88,1,1
67898,45,50,-5,5
67899,50,65,-15,15
67900,78,69,9,9
67901,136,126,10,10
67902,81,73,8,8
67903,104,85,19,19
67904,42,41,1,1
67905,45,42,3,3
67906,91,75,16,16
67907,81,74,7,7
67908,73,70,3,3
67909,163,136,27,27
67910,62,56,6,6
67911,62,75,-13,13
67912,117,94,23,23
67913,91,87,4,4
67914,81,84,-3,3
67915,183,142,41,41
67916,115,105,10,10
67917,45,39,6,6
67918,67,63,4,4
67919,73,65,8,8
67920,115,105,10,10
67921,143,120,23,23
67922,122,102,20,20
67923,158,124,34,34
67924,132,115,17,17
67925,56,54,2,2
67926,138,125,13,13
67927,128,106,22,22
67928,170,138,32,32
67929,101,94,7,7
67930,147,124,23,23
67931,116,107,9,9
67932,97,103,-6,6
67933,116,108,8,8
67934,73,67,6,6
67935,58,50,8,8
67936,99,85,14,14
67937,148,135,13,13
67938,56,52,4,4
67939,144,132,12,12
67940,73,65,8,8
67941,124,119,5,5
67942,58,79,-21,21
67943,72,69,3,3
67944,57,53,4,4
67945,77,62,15,15
67946,93,79,14,14
67947,136,118,18,18
67948,56,53,3,3
67949,106,87,19,19
67950,68,59,9,9
67951,107,96,11,11
67952,137,119,18,18
67953,51,51,0,0
67954,161,141,20,20
67955,75,69,6,6
67956,207,162,45,45
67957,134,126,8,8
67958,139,125,14,14
67959,85,77,8,8
67960,64,62,2,2
67961,57,55,2,2
67962,87,78,9,9
67963,143,122,21,21
67964,89,82,7,7
67965,78,68,10,10
67966,73,83,-10,10
67967,188,174,14,14
67968,115,91,24,24
67969,119,88,31,31
67970,74,71,3,3
67971,96,90,6,6
67972,64,61,3,3
67973,117,103,14,14
67974,127,117,10,10
67975,70,70,0,0
67976,97,95,2,2
67977,163,142,21,21
67978,143,118,25,25
67979,69,71,-2,2
67980,98,96,2,2
67981,87,78,9,9
67982,100,90,10,10
67983,111,108,3,3
67984,129,120,9,9
67985,94,76,18,18
67986,124,110,14,14
67987,70,71,-1,1
67988,64,59,5,5
67989,131,111,20,20
67990,81,82,-1,1
67991,121,102,19,19
67992,139,118,21,21
67993,49,49,0,0
67994,54,55,-1,1
67995,109,99,10,10
67996,71,72,-1,1
67997,124,101,23,23
67998,110,89,21,21
67999,103,96,7,7
68000,104,101,3,3
68001,95,106,-11,11
68002,85,66,19,19
68003,83,71,12,12
68004,111,106,5,5
68005,68,52,16,16
68006,76,67,9,9
68007,47,44,3,3
68008,143,113,30,30
68009,64,61,3,3
68010,102,93,9,9
68011,77,73,4,4
68012,52,56,-4,4
68013,52,53,-1,1
68014,75,73,2,2
68015,83,77,6,6
68016,70,61,9,9
68017,44,46,-2,2
68018,41,43,-2,2
68019,77,67,10,10
68020,53,47,6,6
68021,132,116,16,16
68022,112,94,18,18
68023,81,70,11,11
68024,85,76,9,9
68025,90,79,11,11
68026,51,51,0,0
68027,55,58,-3,3
68028,45,63,-18,18
68029,52,50,2,2
68030,98,88,10,10
68031,72,66,6,6
68032,239,197,42,42
68033,123,99,24,24
68034,164,136,28,28
68035,75,68,7,7
68036,145,127,18,18
68037,63,63,0,0
68038,63,90,-27,27
68039,100,97,3,3
68040,110,103,7,7
68041,76,81,-5,5
68042,94,92,2,2
68043,109,88,21,21
68044,59,65,-6,6
68045,140,137,3,3
68046,83,71,12,12
68047,136,114,22,22
68048,50,49,1,1
68049,85,72,13,13
68050,113,94,19,19
68051,49,55,-6,6
68052,98,77,21,21
68053,80,61,19,19
68054,95,88,7,7
68055,129,119,10,10
68056,89,77,12,12
68057,115,99,16,16
68058,73,73,0,0
68059,75,75,0,0
68060,168,139,29,29
68061,52,55,-3,3
68062,76,67,9,9
68063,104,93,11,11
68064,124,98,26,26
68065,113,106,7,7
68066,80,70,10,10
68067,79,92,-13,13
68068,89,82,7,7
68069,90,75,15,15
68070,46,50,-4,4
68071,80,69,11,11
68072,108,110,-2,2
68073,46,43,3,3
68074,106,90,16,16
68075,139,121,18,18
68076,99,92,7,7
68077,50,48,2,2
68078,65,60,5,5
68079,69,66,3,3
68080,125,108,17,17
68081,97,88,9,9
68082,84,79,5,5
68083,114,108,6,6
68084,39,36,3,3
68085,106,92,14,14
68086,88,85,3,3
68087,80,77,3,3
68088,178,147,31,31
68089,104,102,2,2
68090,76,67,9,9
68091,108,88,20,20
68092,82,85,-3,3
68093,44,47,-3,3
68094,67,60,7,7
68095,69,70,-1,1
68096,69,59,10,10
68097,112,97,15,15
68098,151,124,27,27
68099,47,48,-1,1
68100,70,64,6,6
68101,86,77,9,9
68102,95,86,9,9
68103,68,67,1,1
68104,44,43,1,1
68105,70,68,2,2
68106,132,112,20,20
68107,66,65,1,1
68108,104,91,13,13
68109,155,132,23,23
68110,136,119,17,17
68111,74,69,5,5
68112,109,99,10,10
68113,88,85,3,3
68114,156,147,9,9
68115,153,137,16,16
68116,83,68,15,15
68117,88,76,12,12
68118,167,153,14,14
68119,44,42,2,2
68120,124,100,24,24
68121,71,63,8,8
68122,131,106,25,25
68123,94,80,14,14
68124,64,62,2,2
68125,81,74,7,7
68126,69,63,6,6
68127,52,48,4,4
68128,84,77,7,7
68129,59,57,2,2
68130,117,106,11,11
68131,115,96,19,19
68132,86,80,6,6
68133,111,95,16,16
68134,69,70,-1,1
68135,119,101,18,18
68136,73,66,7,7
68137,81,72,9,9
68138,79,85,-6,6
68139,89,91,-2,2
68140,51,50,1,1
68141,63,61,2,2
68142,87,82,5,5
68143,116,100,16,16
68144,115,97,18,18
68145,111,106,5,5
68146,38,41,-3,3
68147,130,122,8,8
68148,100,84,16,16
68149,60,50,10,10
68150,91,75,16,16
68151,67,62,5,5
68152,73,61,12,12
68153,152,135,17,17
68154,199,167,32,32
68155,156,133,23,23
68156,61,61,0,0
68157,109,88,21,21
68158,69,67,2,2
68159,87,81,6,6
68160,65,62,3,3
68161,83,78,5,5
68162,94,86,8,8
68163,104,80,24,24
68164,72,72,0,0
68165,74,82,-8,8
68166,93,77,16,16
68167,88,77,11,11
68168,88,74,14,14
68169,75,77,-2,2
68170,102,93,9,9
68171,72,67,5,5
68172,95,76,19,19
68173,98,88,10,10
68174,86,80,6,6
68175,91,97,-6,6
68176,67,62,5,5
68177,73,70,3,3
68178,129,119,10,10
68179,64,59,5,5
68180,94,86,8,8
68181,123,102,21,21
68182,89,80,9,9
68183,45,47,-2,2
68184,95,88,7,7
68185,77,72,5,5
68186,61,62,-1,1
68187,151,139,12,12
68188,53,51,2,2
68189,109,94,15,15
68190,84,81,3,3
68191,86,83,3,3
68192,105,92,13,13
68193,107,105,2,2
68194,97,94,3,3
68195,41,40,1,1
68196,69,67,2,2
68197,111,76,35,35
68198,40,42,-2,2
68199,140,121,19,19
68200,65,65,0,0
68201,149,114,35,35
68202,46,42,4,4
68203,103,92,11,11
68204,80,74,6,6
68205,41,39,2,2
68206,97,119,-22,22
68207,65,60,5,5
68208,124,135,-11,11
68209,65,62,3,3
68210,85,75,10,10
68211,151,131,20,20
68212,75,67,8,8
68213,92,87,5,5
68214,96,84,12,12
68215,120,116,4,4
68216,71,64,7,7
68217,77,74,3,3
68218,84,85,-1,1
68219,100,98,2,2
68220,105,105,0,0
68221,123,103,20,20
68222,53,52,1,1
68223,178,155,23,23
68224,99,89,10,10
68225,64,60,4,4
68226,78,76,2,2
68227,108,94,14,14
68228,77,71,6,6
68229,157,131,26,26
68230,72,73,-1,1
68231,68,65,3,3
68232,87,73,14,14
68233,70,71,-1,1
68234,52,51,1,1
68235,85,72,13,13
68236,100,97,3,3
68237,71,61,10,10
68238,109,104,5,5
68239,154,147,7,7
68240,96,71,25,25
68241,78,80,-2,2
68242,82,85,-3,3
68243,114,101,13,13
68244,103,97,6,6
68245,118,109,9,9
68246,87,83,4,4
68247,121,114,7,7
68248,94,86,8,8
68249,62,56,6,6
68250,89,79,10,10
68251,105,91,14,14
68252,85,71,14,14
68253,79,80,-1,1
68254,86,78,8,8
68255,100,90,10,10
68256,104,90,14,14
68257,83,74,9,9
68258,90,77,13,13
68259,112,114,-2,2
68260,69,68,1,1
68261,121,94,27,27
68262,84,82,2,2
68263,87,76,11,11
68264,92,86,6,6
68265,147,128,19,19
68266,86,81,5,5
68267,89,76,13,13
68268,52,62,-10,10
68269,110,96,14,14
68270,145,125,20,20
68271,87,78,9,9
68272,107,79,28,28
68273,145,107,38,38
68274,55,54,1,1
68275,51,56,-5,5
68276,95,86,9,9
68277,101,89,12,12
68278,72,62,10,10
68279,90,79,11,11
68280,91,74,17,17
68281,94,90,4,4
68282,60,62,-2,2
68283,59,52,7,7
68284,96,81,15,15
68285,55,51,4,4
68286,101,80,21,21
68287,95,90,5,5
68288,113,97,16,16
68289,77,65,12,12
68290,114,114,0,0
68291,101,99,2,2
68292,100,97,3,3
68293,64,63,1,1
68294,100,85,15,15
68295,158,127,31,31
68296,81,76,5,5
68297,62,61,1,1
68298,136,116,20,20
68299,156,132,24,24
68300,160,133,27,27
68301,128,116,12,12
68302,49,44,5,5
68303,135,112,23,23
68304,81,79,2,2
68305,85,78,7,7
68306,74,64,10,10
68307,141,119,22,22
68308,98,88,10,10
68309,140,118,22,22
68310,102,86,16,16
68311,91,91,0,0
68312,68,62,6,6
68313,117,97,20,20
68314,57,50,7,7
68315,70,70,0,0
68316,203,149,54,54
68317,96,101,-5,5
68318,128,115,13,13
68319,81,69,12,12
68320,81,86,-5,5
68321,66,57,9,9
68322,128,110,18,18
68323,150,129,21,21
68324,79,79,0,0
68325,68,68,0,0
68326,57,58,-1,1
68327,63,67,-4,4
68328,110,100,10,10
68329,84,76,8,8
68330,84,69,15,15
68331,59,59,0,0
68332,101,82,19,19
68333,73,71,2,2
68334,82,78,4,4
68335,163,140,23,23
68336,113,100,13,13
68337,95,71,24,24
68338,73,70,3,3
68339,83,75,8,8
68340,114,103,11,11
68341,136,106,30,30
68342,86,80,6,6
68343,81,73,8,8
68344,108,106,2,2
68345,149,135,14,14
68346,101,90,11,11
68347,78,75,3,3
68348,126,106,20,20
68349,122,119,3,3
68350,112,95,17,17
68351,67,60,7,7
68352,62,57,5,5
68353,112,102,10,10
68354,171,145,26,26
68355,65,58,7,7
68356,97,81,16,16
68357,43,43,0,0
68358,71,55,16,16
68359,71,64,7,7
68360,55,43,12,12
68361,72,78,-6,6
68362,85,76,9,9
68363,190,158,32,32
68364,97,89,8,8
68365,100,89,11,11
68366,75,72,3,3
68367,130,105,25,25
68368,60,57,3,3
68369,105,93,12,12
68370,85,77,8,8
68371,89,85,4,4
68372,93,85,8,8
68373,39,60,-21,21
68374,74,61,13,13
68375,148,136,12,12
68376,136,112,24,24
68377,61,68,-7,7
68378,181,152,29,29
68379,99,84,15,15
68380,165,140,25,25
68381,97,85,12,12
68382,116,97,19,19
68383,105,100,5,5
68384,50,44,6,6
68385,71,77,-6,6
68386,115,99,16,16
68387,61,52,9,9
68388,101,94,7,7
68389,80,73,7,7
68390,100,96,4,4
68391,79,84,-5,5
68392,121,106,15,15
68393,85,85,0,0
68394,87,83,4,4
68395,61,61,0,0
68396,125,120,5,5
68397,85,82,3,3
68398,87,81,6,6
68399,64,64,0,0
68400,66,63,3,3
68401,85,80,5,5
68402,159,130,29,29
68403,132,123,9,9
68404,96,90,6,6
68405,100,99,1,1
68406,76,68,8,8
68407,117,108,9,9
68408,101,102,-1,1
68409,86,81,5,5
68410,117,100,17,17
68411,96,83,13,13
68412,55,57,-2,2
68413,145,121,24,24
68414,68,70,-2,2
68415,71,63,8,8
68416,129,111,18,18
68417,121,106,15,15
68418,92,73,19,19
68419,57,52,5,5
68420,50,44,6,6
68421,56,57,-1,1
68422,52,51,1,1
68423,61,56,5,5
68424,164,137,27,27
68425,119,104,15,15
68426,85,72,13,13
68427,83,73,10,10
68428,149,125,24,24
68429,103,84,19,19
68430,61,42,19,19
68431,142,128,14,14
68432,80,78,2,2
68433,49,52,-3,3
68434,109,85,24,24
68435,101,89,12,12
68436,77,75,2,2
68437,160,151,9,9
68438,108,102,6,6
68439,137,119,18,18
68440,125,111,14,14
68441,76,69,7,7
68442,145,115,30,30
68443,86,84,2,2
68444,131,110,21,21
68445,99,95,4,4
68446,97,88,9,9
68447,67,57,10,10
68448,107,116,-9,9
68449,87,78,9,9
68450,104,93,11,11
68451,77,68,9,9
68452,49,51,-2,2
68453,152,124,28,28
68454,138,120,18,18
68455,183,154,29,29
68456,53,53,0,0
68457,100,89,11,11
68458,71,68,3,3
68459,73,80,-7,7
68460,108,93,15,15
68461,85,84,1,1
68462,72,67,5,5
68463,92,82,10,10
68464,127,110,17,17
68465,61,78,-17,17
68466,86,89,-3,3
68467,56,49,7,7
68468,104,86,18,18
68469,86,79,7,7
68470,142,130,12,12
68471,78,79,-1,1
68472,96,77,19,19
68473,75,72,3,3
68474,88,80,8,8
68475,69,63,6,6
68476,62,59,3,3
68477,107,98,9,9
68478,65,61,4,4
68479,129,124,5,5
68480,86,84,2,2
68481,77,65,12,12
68482,115,91,24,24
68483,87,75,12,12
68484,32,34,-2,2
68485,80,83,-3,3
68486,107,94,13,13
68487,112,113,-1,1
68488,83,76,7,7
68489,89,85,4,4
68490,65,61,4,4
68491,63,61,2,2
68492,56,56,0,0
68493,99,79,20,20
68494,88,82,6,6
68495,130,119,11,11
68496,59,58,1,1
68497,157,116,41,41
68498,94,95,-1,1
68499,94,84,10,10
68500,61,60,1,1
68501,98,92,6,6
68502,98,86,12,12
68503,108,90,18,18
68504,122,107,15,15
68505,115,104,11,11
68506,49,50,-1,1
68507,79,74,5,5
68508,96,92,4,4
68509,81,82,-1,1
68510,54,52,2,2
68511,70,70,0,0
68512,141,118,23,23
68513,113,190,-77,77
68514,110,108,2,2
68515,75,75,0,0
68516,85,87,-2,2
68517,85,73,12,12
68518,105,93,12,12
68519,62,63,-1,1
68520,39,43,-4,4
68521,83,78,5,5
68522,103,88,15,15
68523,69,67,2,2
68524,103,91,12,12
68525,82,71,11,11
68526,98,88,10,10
68527,134,111,23,23
68528,51,59,-8,8
68529,98,86,12,12
68530,58,57,1,1
68531,66,70,-4,4
68532,66,61,5,5
68533,139,114,25,25
68534,182,153,29,29
68535,118,121,-3,3
68536,69,60,9,9
68537,61,64,-3,3
68538,101,86,15,15
68539,126,90,36,36
68540,87,79,8,8
68541,53,50,3,3
68542,83,72,11,11
68543,113,106,7,7
68544,109,90,19,19
68545,60,57,3,3
68546,113,103,10,10
68547,84,84,0,0
68548,60,53,7,7
68549,56,52,4,4
68550,52,47,5,5
68551,111,96,15,15
68552,74,74,0,0
68553,57,54,3,3
68554,72,68,4,4
68555,77,73,4,4
68556,93,83,10,10
68557,167,127,40,40
68558,64,61,3,3
68559,97,81,16,16
68560,106,98,8,8
68561,165,134,31,31
68562,86,96,-10,10
68563,146,120,26,26
68564,98,88,10,10
68565,88,80,8,8
68566,89,80,9,9
68567,99,86,13,13
68568,86,79,7,7
68569,95,97,-2,2
68570,70,60,10,10
68571,91,90,1,1
68572,98,87,11,11
68573,92,81,11,11
68574,103,89,14,14
68575,91,76,15,15
68576,58,66,-8,8
68577,61,61,0,0
68578,53,52,1,1
68579,83,76,7,7
68580,56,55,1,1
68581,84,78,6,6
68582,73,76,-3,3
68583,73,67,6,6
68584,81,75,6,6
68585,69,65,4,4
68586,71,70,1,1
68587,107,104,3,3
68588,111,100,11,11
68589,107,91,16,16
68590,115,90,25,25
68591,75,71,4,4
68592,129,105,24,24
68593,94,82,12,12
68594,52,50,2,2
68595,146,129,17,17
68596,99,90,9,9
68597,93,98,-5,5
68598,57,55,2,2
68599,102,101,1,1
68600,58,60,-2,2
68601,95,121,-26,26
68602,92,82,10,10
68603,99,86,13,13
68604,115,105,10,10
68605,77,70,7,7
68606,176,156,20,20
68607,97,93,4,4
68608,153,122,31,31
68609,74,66,8,8
68610,182,149,33,33
68611,91,91,0,0
68612,67,73,-6,6
68613,85,86,-1,1
68614,109,96,13,13
68615,113,95,18,18
68616,111,102,9,9
68617,95,97,-2,2
68618,74,67,7,7
68619,110,97,13,13
68620,58,51,7,7
68621,135,113,22,22
68622,108,100,8,8
68623,112,106,6,6
68624,49,50,-1,1
68625,114,107,7,7
68626,57,55,2,2
68627,74,64,10,10
68628,99,90,9,9
68629,96,84,12,12
68630,88,77,11,11
68631,79,80,-1,1
68632,82,65,17,17
68633,99,85,14,14
68634,116,98,18,18
68635,80,74,6,6
68636,120,105,15,15
68637,70,60,10,10
68638,74,69,5,5
68639,55,61,-6,6
68640,97,83,14,14
68641,74,71,3,3
68642,92,89,3,3
68643,71,67,4,4
68644,86,77,9,9
68645,66,59,7,7
68646,74,63,11,11
68647,90,83,7,7
68648,110,96,14,14
68649,94,85,9,9
68650,101,89,12,12
68651,115,103,12,12
68652,91,86,5,5
68653,102,94,8,8
68654,116,109,7,7
68655,130,116,14,14
68656,45,46,-1,1
68657,77,71,6,6
68658,117,115,2,2
68659,109,96,13,13
68660,94,84,10,10
68661,130,111,19,19
68662,37,41,-4,4
68663,73,72,1,1
68664,79,66,13,13
68665,80,82,-2,2
68666,143,113,30,30
68667,69,65,4,4
68668,143,126,17,17
68669,105,94,11,11
68670,150,126,24,24
68671,94,82,12,12
68672,107,91,16,16
68673,64,58,6,6
68674,154,121,33,33
68675,129,113,16,16
68676,118,101,17,17
68677,86,79,7,7
68678,98,91,7,7
68679,134,128,6,6
68680,96,90,6,6
68681,90,81,9,9
68682,173,154,19,19
68683,83,78,5,5
68684,168,146,22,22
68685,97,87,10,10
68686,88,79,9,9
68687,54,49,5,5
68688,142,110,32,32
68689,152,129,23,23
68690,75,78,-3,3
68691,73,67,6,6
68692,170,158,12,12
68693,82,74,8,8
68694,103,102,1,1
68695,135,113,22,22
68696,98,90,8,8
68697,190,157,33,33
68698,110,87,23,23
68699,56,60,-4,4
68700,160,132,28,28
68701,86,91,-5,5
68702,105,95,10,10
68703,42,42,0,0
68704,148,142,6,6
68705,78,67,11,11
68706,108,99,9,9
68707,81,74,7,7
68708,135,118,17,17
68709,84,84,0,0
68710,115,98,17,17
68711,124,103,21,21
68712,67,70,-3,3
68713,97,87,10,10
68714,90,80,10,10
68715,158,134,24,24
68716,162,137,25,25
68717,165,146,19,19
68718,76,71,5,5
68719,174,155,19,19
68720,125,106,19,19
68721,155,135,20,20
68722,80,79,1,1
68723,150,137,13,13
68724,54,47,7,7
68725,119,96,23,23
68726,83,70,13,13
68727,56,57,-1,1
68728,69,73,-4,4
68729,94,88,6,6
68730,103,97,6,6
68731,120,101,19,19
68732,119,114,5,5
68733,92,84,8,8
68734,102,91,11,11
68735,75,69,6,6
68736,64,58,6,6
68737,175,145,30,30
68738,66,61,5,5
68739,69,60,9,9
68740,66,60,6,6
68741,42,43,-1,1
68742,222,183,39,39
68743,161,135,26,26
68744,139,110,29,29
68745,88,81,7,7
68746,81,69,12,12
68747,160,147,13,13
68748,100,95,5,5
68749,64,66,-2,2
68750,26,34,-8,8
68751,126,108,18,18
68752,49,47,2,2
68753,101,91,10,10
68754,78,67,11,11
68755,82,75,7,7
68756,68,65,3,3
68757,90,84,6,6
68758,78,71,7,7
68759,114,106,8,8
68760,160,136,24,24
68761,108,95,13,13
68762,93,85,8,8
68763,52,48,4,4
68764,142,122,20,20
68765,151,143,8,8
68766,118,109,9,9
68767,90,82,8,8
68768,103,85,18,18
68769,126,107,19,19
68770,121,108,13,13
68771,111,104,7,7
68772,87,78,9,9
68773,48,47,1,1
68774,86,69,17,17
68775,60,93,-33,33
68776,162,128,34,34
68777,98,80,18,18
68778,134,114,20,20
68779,147,130,17,17
68780,113,106,7,7
68781,79,69,10,10
68782,76,65,11,11
68783,72,76,-4,4
68784,59,62,-3,3
68785,151,126,25,25
68786,114,99,15,15
68787,71,69,2,2
68788,146,128,18,18
68789,83,74,9,9
68790,65,60,5,5
68791,60,55,5,5
68792,113,90,23,23
68793,146,117,29,29
68794,103,95,8,8
68795,123,103,20,20
68796,59,57,2,2
68797,158,125,33,33
68798,114,92,22,22
68799,133,109,24,24
68800,151,128,23,23
68801,41,41,0,0
68802,80,72,8,8
68803,71,62,9,9
68804,88,82,6,6
68805,94,95,-1,1
68806,41,49,-8,8
68807,129,129,0,0
68808,126,110,16,16
68809,132,103,29,29
68810,38,45,-7,7
68811,81,77,4,4
68812,97,89,8,8
68813,99,89,10,10
68814,159,136,23,23
68815,113,106,7,7
68816,42,50,-8,8
68817,176,146,30,30
68818,96,77,19,19
68819,122,108,14,14
68820,134,124,10,10
68821,63,60,3,3
68822,81,73,8,8
68823,94,89,5,5
68824,122,104,18,18
68825,99,80,19,19
68826,103,97,6,6
68827,77,91,-14,14
68828,90,91,-1,1
68829,139,111,28,28
68830,74,67,7,7
68831,83,77,6,6
68832,84,76,8,8
68833,108,92,16,16
68834,80,78,2,2
68835,117,105,12,12
68836,81,71,10,10
68837,73,70,3,3
68838,146,124,22,22
68839,83,78,5,5
68840,71,64,7,7
68841,99,97,2,2
68842,52,48,4,4
68843,97,96,1,1
68844,80,70,10,10
68845,112,100,12,12
68846,57,64,-7,7
68847,105,94,11,11
68848,145,135,10,10
68849,104,85,19,19
68850,94,79,15,15
68851,109,101,8,8
68852,73,67,6,6
68853,54,52,2,2
68854,99,85,14,14
68855,204,166,38,38
68856,42,45,-3,3
68857,40,39,1,1
68858,61,50,11,11
68859,98,91,7,7
68860,88,85,3,3
68861,107,106,1,1
68862,101,92,9,9
68863,156,132,24,24
68864,43,45,-2,2
68865,85,75,10,10
68866,130,108,22,22
68867,49,54,-5,5
68868,82,73,9,9
68869,105,94,11,11
68870,141,137,4,4
68871,124,114,10,10
68872,149,147,2,2
68873,61,52,9,9
68874,163,144,19,19
68875,94,90,4,4
68876,64,64,0,0
68877,129,127,2,2
68878,71,69,2,2
68879,95,93,2,2
68880,106,102,4,4
68881,103,77,26,26
68882,81,70,11,11
68883,89,75,14,14
68884,144,121,23,23
68885,64,62,2,2
68886,37,109,-72,72
68887,87,73,14,14
68888,34,35,-1,1
68889,94,88,6,6
68890,84,81,3,3
68891,76,66,10,10
68892,79,70,9,9
68893,96,94,2,2
68894,99,85,14,14
68895,102,93,9,9
68896,66,60,6,6
68897,96,78,18,18
68898,75,71,4,4
68899,98,82,16,16
68900,75,68,7,7
68901,106,89,17,17
68902,85,77,8,8
68903,104,105,-1,1
68904,83,83,0,0
68905,92,84,8,8
68906,110,114,-4,4
68907,89,96,-7,7
68908,148,123,25,25
68909,105,92,13,13
68910,90,75,15,15
68911,42,53,-11,11
68912,102,92,10,10
68913,142,121,21,21
68914,122,107,15,15
68915,109,93,16,16
68916,101,96,5,5
68917,89,88,1,1
68918,118,106,12,12
68919,146,121,25,25
68920,100,95,5,5
68921,99,85,14,14
68922,62,55,7,7
68923,84,70,14,14
68924,62,65,-3,3
68925,190,153,37,37
68926,105,100,5,5
68927,101,86,15,15
68928,69,71,-2,2
68929,105,92,13,13
68930,135,119,16,16
68931,162,149,13,13
68932,96,88,8,8
68933,80,69,11,11
68934,83,79,4,4
68935,133,115,18,18
68936,77,67,10,10
68937,130,113,17,17
68938,143,140,3,3
68939,83,81,2,2
68940,77,71,6,6
68941,148,126,22,22
68942,88,75,13,13
68943,47,42,5,5
68944,66,54,12,12
68945,54,62,-8,8
68946,97,85,12,12
68947,80,81,-1,1
68948,51,63,-12,12
68949,122,115,7,7
68950,134,108,26,26
68951,152,135,17,17
68952,96,93,3,3
68953,75,74,1,1
68954,143,127,16,16
68955,164,144,20,20
68956,99,88,11,11
68957,149,137,12,12
68958,126,109,17,17
68959,90,76,14,14
68960,102,95,7,7
68961,18,35,-17,17
68962,103,119,-16,16
68963,130,109,21,21
68964,67,66,1,1
68965,69,59,10,10
68966,84,75,9,9
68967,122,113,9,9
68968,103,87,16,16
68969,65,54,11,11
68970,111,105,6,6
68971,177,158,19,19
68972,64,57,7,7
68973,159,140,19,19
68974,123,113,10,10
68975,67,63,4,4
68976,138,131,7,7
68977,88,88,0,0
68978,94,95,-1,1
68979,114,96,18,18
68980,81,71,10,10
68981,68,60,8,8
68982,214,182,32,32
68983,145,117,28,28
68984,54,54,0,0
68985,100,83,17,17
68986,146,126,20,20
68987,213,167,46,46
68988,106,104,2,2
68989,57,46,11,11
68990,128,112,16,16
68991,97,87,10,10
68992,90,89,1,1
68993,102,90,12,12
68994,153,124,29,29
68995,84,77,7,7
68996,27,35,-8,8
68997,51,45,6,6
68998,73,70,3,3
68999,86,76,10,10
69000,77,67,10,10
69001,154,123,31,31
69002,107,93,14,14
69003,173,151,22,22
69004,80,76,4,4
69005,92,83,9,9
69006,86,77,9,9
69007,70,67,3,3
69008,116,109,7,7
69009,79,74,5,5
69010,101,91,10,10
69011,138,120,18,18
69012,125,101,24,24
69013,65,62,3,3
69014,82,76,6,6
69015,88,83,5,5
69016,40,46,-6,6
69017,104,98,6,6
69018,111,99,12,12
69019,81,72,9,9
69020,67,72,-5,5
69021,91,90,1,1
69022,135,120,15,15
69023,155,146,9,9
69024,89,76,13,13
69025,58,64,-6,6
69026,137,116,21,21
69027,69,63,6,6
69028,84,77,7,7
69029,110,87,23,23
69030,68,85,-17,17
69031,126,102,24,24
69032,185,136,49,49
69033,64,53,11,11
69034,119,103,16,16
69035,133,117,16,16
69036,96,84,12,12
69037,54,52,2,2
69038,90,81,9,9
69039,75,66,9,9
69040,123,114,9,9
69041,91,82,9,9
69042,114,102,12,12
69043,49,75,-26,26
69044,119,100,19,19
69045,78,67,11,11
69046,105,91,14,14
69047,113,102,11,11
69048,75,68,7,7
69049,162,141,21,21
69050,62,56,6,6
69051,93,75,18,18
69052,67,58,9,9
69053,118,104,14,14
69054,76,69,7,7
69055,132,113,19,19
69056,43,42,1,1
69057,69,70,-1,1
69058,99,92,7,7
69059,81,72,9,9
69060,103,91,12,12
69061,87,75,12,12
69062,88,75,13,13
69063,92,81,11,11
69064,102,87,15,15
69065,53,50,3,3
69066,80,73,7,7
69067,86,74,12,12
69068,107,100,7,7
69069,165,151,14,14
69070,43,43,0,0
69071,84,72,12,12
69072,129,112,17,17
69073,135,117,18,18
69074,32,58,-26,26
69075,49,55,-6,6
69076,91,83,8,8
69077,72,69,3,3
69078,85,75,10,10
69079,75,75,0,0
69080,95,105,-10,10
69081,132,113,19,19
69082,98,95,3,3
69083,34,34,0,0
69084,114,100,14,14
69085,104,89,15,15
69086,111,92,19,19
69087,59,51,8,8
69088,38,43,-5,5
69089,45,42,3,3
69090,160,153,7,7
69091,87,77,10,10
69092,78,78,0,0
69093,180,137,43,43
69094,112,107,5,5
69095,99,94,5,5
69096,77,73,4,4
69097,64,75,-11,11
69098,93,73,20,20
69099,135,140,-5,5
69100,80,75,5,5
69101,105,83,22,22
69102,93,86,7,7
69103,97,91,6,6
69104,93,94,-1,1
69105,126,99,27,27
69106,100,87,13,13
69107,93,85,8,8
69108,116,107,9,9
69109,89,80,9,9
69110,72,80,-8,8
69111,158,127,31,31
69112,107,84,23,23
69113,57,56,1,1
69114,95,92,3,3
69115,199,164,35,35
69116,98,89,9,9
69117,50,49,1,1
69118,72,63,9,9
69119,86,74,12,12
69120,36,40,-4,4
69121,77,60,17,17
69122,144,129,15,15
69123,101,107,-6,6
69124,141,126,15,15
69125,136,115,21,21
69126,81,72,9,9
69127,96,106,-10,10
69128,92,83,9,9
69129,37,43,-6,6
69130,117,107,10,10
69131,96,83,13,13
69132,120,125,-5,5
69133,58,57,1,1
69134,147,118,29,29
69135,60,59,1,1
69136,85,75,10,10
69137,71,60,11,11
69138,74,66,8,8
69139,98,89,9,9
69140,59,53,6,6
69141,77,73,4,4
69142,77,75,2,2
69143,76,72,4,4
69144,52,53,-1,1
69145,116,106,10,10
69146,78,79,-1,1
69147,74,68,6,6
69148,124,111,13,13
69149,58,52,6,6
69150,86,77,9,9
69151,132,111,21,21
69152,108,89,19,19
69153,38,39,-1,1
69154,138,125,13,13
69155,74,67,7,7
69156,73,70,3,3
69157,95,76,19,19
69158,129,125,4,4
69159,102,86,16,16
69160,112,98,14,14
69161,141,125,16,16
69162,76,70,6,6
69163,142,124,18,18
69164,72,66,6,6
69165,163,141,22,22
69166,122,108,14,14
69167,44,40,4,4
69168,104,92,12,12
69169,72,77,-5,5
69170,60,54,6,6
69171,69,62,7,7
69172,113,96,17,17
69173,89,82,7,7
69174,42,44,-2,2
69175,146,127,19,19
69176,147,116,31,31
69177,132,130,2,2
69178,107,92,15,15
69179,77,75,2,2
69180,102,92,10,10
69181,153,125,28,28
69182,56,74,-18,18
69183,105,98,7,7
69184,129,114,15,15
69185,99,85,14,14
69186,55,52,3,3
69187,102,101,1,1
69188,102,87,15,15
69189,111,100,11,11
69190,123,114,9,9
69191,62,62,0,0
69192,152,149,3,3
69193,89,74,15,15
69194,94,81,13,13
69195,35,50,-15,15
69196,94,86,8,8
69197,110,105,5,5
69198,175,157,18,18
69199,105,89,16,16
69200,42,44,-2,2
69201,152,129,23,23
69202,149,122,27,27
69203,207,162,45,45
69204,152,142,10,10
69205,88,89,-1,1
69206,94,84,10,10
69207,76,65,11,11
69208,84,76,8,8
69209,87,78,9,9
69210,59,47,12,12
69211,112,98,14,14
69212,110,92,18,18
69213,136,105,31,31
69214,81,83,-2,2
69215,177,145,32,32
69216,120,110,10,10
69217,86,80,6,6
69218,57,57,0,0
69219,100,76,24,24
69220,134,117,17,17
69221,75,66,9,9
69222,88,77,11,11
69223,82,81,1,1
69224,54,55,-1,1
69225,74,63,11,11
69226,50,50,0,0
69227,125,104,21,21
69228,85,81,4,4
69229,148,127,21,21
69230,88,83,5,5
69231,58,68,-10,10
69232,124,98,26,26
69233,129,115,14,14
69234,100,87,13,13
69235,76,70,6,6
69236,86,74,12,12
69237,57,63,-6,6
69238,84,78,6,6
69239,103,87,16,16
69240,87,80,7,7
69241,114,105,9,9
69242,58,58,0,0
69243,100,85,15,15
69244,92,85,7,7
69245,78,76,2,2
69246,73,78,-5,5
69247,73,63,10,10
69248,106,97,9,9
69249,135,121,14,14
69250,95,101,-6,6
69251,75,72,3,3
69252,116,111,5,5
69253,58,52,6,6
69254,135,112,23,23
69255,75,71,4,4
69256,51,52,-1,1
69257,69,63,6,6
69258,97,100,-3,3
69259,73,71,2,2
69260,91,88,3,3
69261,156,135,21,21
69262,67,68,-1,1
69263,77,67,10,10
69264,133,125,8,8
69265,129,135,-6,6
69266,110,97,13,13
69267,121,121,0,0
69268,150,131,19,19
69269,89,79,10,10
69270,71,71,0,0
69271,119,96,23,23
69272,70,72,-2,2
69273,121,113,8,8
69274,116,109,7,7
69275,123,114,9,9
69276,95,82,13,13
69277,70,61,9,9
69278,111,84,27,27
69279,113,95,18,18
69280,92,73,19,19
69281,52,53,-1,1
69282,114,100,14,14
69283,106,95,11,11
69284,102,107,-5,5
69285,72,76,-4,4
69286,134,106,28,28
69287,101,89,12,12
69288,134,107,27,27
69289,111,103,8,8
69290,99,89,10,10
69291,98,83,15,15
69292,94,87,7,7
69293,44,42,2,2
69294,92,86,6,6
69295,81,72,9,9
69296,74,69,5,5
69297,51,46,5,5
69298,135,121,14,14
69299,34,39,-5,5
69300,151,136,15,15
69301,64,60,4,4
69302,105,99,6,6
69303,117,94,23,23
69304,88,80,8,8
69305,100,92,8,8
69306,88,77,11,11
69307,84,79,5,5
69308,189,162,27,27
69309,45,45,0,0
69310,64,62,2,2
69311,94,86,8,8
69312,199,163,36,36
69313,80,70,10,10
69314,105,96,9,9
69315,112,93,19,19
69316,59,41,18,18
69317,54,56,-2,2
69318,123,105,18,18
69319,59,59,0,0
69320,186,158,28,28
69321,110,97,13,13
69322,117,98,19,19
69323,82,76,6,6
69324,202,158,44,44
69325,129,103,26,26
69326,91,84,7,7
69327,131,107,24,24
69328,117,99,18,18
69329,82,69,13,13
69330,78,80,-2,2
69331,129,114,15,15
69332,46,38,8,8
69333,122,114,8,8
69334,124,103,21,21
69335,186,170,16,16
69336,103,92,11,11
69337,112,109,3,3
69338,135,126,9,9
69339,68,68,0,0
69340,110,99,11,11
69341,57,51,6,6
69342,144,123,21,21
69343,115,93,22,22
69344,143,125,18,18
69345,75,76,-1,1
69346,69,59,10,10
69347,140,117,23,23
69348,93,91,2,2
69349,74,67,7,7
69350,165,143,22,22
69351,77,76,1,1
69352,57,56,1,1
69353,87,93,-6,6
69354,123,112,11,11
69355,78,77,1,1
69356,120,110,10,10
69357,100,92,8,8
69358,112,101,11,11
69359,87,83,4,4
69360,98,78,20,20
69361,106,93,13,13
69362,91,89,2,2
69363,107,96,11,11
69364,67,60,7,7
69365,125,109,16,16
69366,61,50,11,11
69367,96,90,6,6
69368,73,67,6,6
69369,70,63,7,7
69370,89,77,12,12
69371,114,100,14,14
69372,74,72,2,2
69373,133,106,27,27
69374,107,104,3,3
69375,91,82,9,9
69376,83,72,11,11
69377,76,66,10,10
69378,75,74,1,1
69379,83,72,11,11
69380,62,57,5,5
69381,71,74,-3,3
69382,40,41,-1,1
69383,131,109,22,22
69384,138,127,11,11
69385,43,47,-4,4
69386,76,75,1,1
69387,128,135,-7,7
69388,62,59,3,3
69389,128,110,18,18
69390,79,76,3,3
69391,140,117,23,23
69392,94,93,1,1
69393,96,89,7,7
69394,43,38,5,5
69395,159,135,24,24
69396,62,52,10,10
69397,131,111,20,20
69398,65,63,2,2
69399,63,63,0,0
69400,116,113,3,3
69401,65,74,-9,9
69402,70,66,4,4
69403,56,56,0,0
69404,95,87,8,8
69405,120,100,20,20
69406,93,89,4,4
69407,92,83,9,9
69408,101,84,17,17
69409,106,99,7,7
69410,151,127,24,24
69411,98,85,13,13
69412,63,58,5,5
69413,120,109,11,11
69414,93,83,10,10
69415,89,78,11,11
69416,47,46,1,1
69417,92,86,6,6
69418,95,80,15,15
69419,90,76,14,14
69420,116,97,19,19
69421,88,79,9,9
69422,107,103,4,4
69423,168,160,8,8
69424,49,45,4,4
69425,111,94,17,17
69426,76,75,1,1
69427,89,80,9,9
69428,72,68,4,4
69429,131,117,14,14
69430,61,69,-8,8
69431,106,89,17,17
69432,65,65,0,0
69433,76,72,4,4
69434,62,85,-23,23
69435,63,57,6,6
69436,77,70,7,7
69437,120,101,19,19
69438,109,100,9,9
69439,93,82,11,11
69440,66,60,6,6
69441,72,59,13,13
69442,94,80,14,14
69443,143,116,27,27
69444,75,71,4,4
69445,99,89,10,10
69446,112,103,9,9
69447,66,62,4,4
69448,72,63,9,9
69449,46,52,-6,6
69450,100,91,9,9
69451,89,75,14,14
69452,101,91,10,10
69453,63,57,6,6
69454,108,97,11,11
69455,89,85,4,4
69456,101,85,16,16
69457,94,82,12,12
69458,73,69,4,4
69459,148,112,36,36
69460,142,122,20,20
69461,92,82,10,10
69462,151,129,22,22
69463,119,103,16,16
69464,61,61,0,0
69465,124,112,12,12
69466,46,49,-3,3
69467,67,72,-5,5
69468,46,59,-13,13
69469,81,72,9,9
69470,104,94,10,10
69471,47,47,0,0
69472,88,79,9,9
69473,115,78,37,37
69474,92,98,-6,6
69475,100,78,22,22
69476,141,121,20,20
69477,107,96,11,11
69478,127,103,24,24
69479,117,111,6,6
69480,72,66,6,6
69481,81,78,3,3
69482,100,117,-17,17
69483,84,92,-8,8
69484,70,62,8,8
69485,152,123,29,29
69486,32,39,-7,7
69487,121,111,10,10
69488,69,65,4,4
69489,63,63,0,0
69490,76,71,5,5
69491,81,78,3,3
69492,106,92,14,14
69493,69,71,-2,2
69494,54,55,-1,1
69495,92,81,11,11
69496,61,61,0,0
69497,141,119,22,22
69498,78,70,8,8
69499,124,127,-3,3
69500,94,84,10,10
69501,66,65,1,1
69502,156,144,12,12
69503,80,93,-13,13
69504,84,79,5,5
69505,161,142,19,19
69506,106,90,16,16
69507,98,88,10,10
69508,108,92,16,16
69509,109,93,16,16
69510,85,76,9,9
69511,74,76,-2,2
69512,74,69,5,5
69513,88,92,-4,4
69514,128,109,19,19
69515,93,81,12,12
69516,140,124,16,16
69517,109,95,14,14
69518,58,54,4,4
69519,73,59,14,14
69520,86,78,8,8
69521,94,83,11,11
69522,332,260,72,72
69523,112,93,19,19
69524,48,44,4,4
69525,73,71,2,2
69526,116,101,15,15
69527,105,84,21,21
69528,65,61,4,4
69529,108,93,15,15
69530,83,83,0,0
69531,81,81,0,0
69532,155,144,11,11
69533,110,89,21,21
69534,120,99,21,21
69535,92,77,15,15
69536,152,125,27,27
69537,131,123,8,8
69538,48,58,-10,10
69539,68,63,5,5
69540,74,66,8,8
69541,86,89,-3,3
69542,148,140,8,8
69543,188,161,27,27
69544,79,81,-2,2
69545,125,105,20,20
69546,95,77,18,18
69547,63,56,7,7
69548,78,67,11,11
69549,116,105,11,11
69550,83,77,6,6
69551,68,65,3,3
69552,104,101,3,3
69553,107,95,12,12
69554,93,80,13,13
69555,115,102,13,13
69556,105,81,24,24
69557,76,85,-9,9
69558,129,108,21,21
69559,53,47,6,6
69560,78,81,-3,3
69561,108,93,15,15
69562,39,43,-4,4
69563,81,69,12,12
69564,122,113,9,9
69565,74,66,8,8
69566,63,62,1,1
69567,115,104,11,11
69568,119,110,9,9
69569,130,114,16,16
69570,103,114,-11,11
69571,107,99,8,8
69572,69,72,-3,3
69573,130,109,21,21
69574,98,102,-4,4
69575,126,104,22,22
69576,119,95,24,24
69577,86,83,3,3
69578,211,182,29,29
69579,82,76,6,6
69580,64,59,5,5
69581,96,71,25,25
69582,63,60,3,3
69583,102,92,10,10
69584,119,115,4,4
69585,82,82,0,0
69586,119,101,18,18
69587,64,60,4,4
69588,48,42,6,6
69589,140,121,19,19
69590,112,95,17,17
69591,93,99,-6,6
69592,88,83,5,5
69593,93,83,10,10
69594,60,51,9,9
69595,66,63,3,3
69596,48,45,3,3
69597,101,86,15,15
69598,54,50,4,4
69599,99,84,15,15
69600,81,74,7,7
69601,155,131,24,24
69602,80,69,11,11
69603,69,65,4,4
69604,65,70,-5,5
69605,81,81,0,0
69606,100,93,7,7
69607,89,90,-1,1
69608,86,81,5,5
69609,107,101,6,6
69610,61,61,0,0
69611,59,50,9,9
69612,51,53,-2,2
69613,147,135,12,12
69614,127,106,21,21
69615,130,121,9,9
69616,53,47,6,6
69617,117,88,29,29
69618,132,115,17,17
69619,119,103,16,16
69620,107,85,22,22
69621,79,84,-5,5
69622,157,137,20,20
69623,125,100,25,25
69624,60,59,1,1
69625,79,63,16,16
69626,80,78,2,2
69627,151,122,29,29
69628,109,92,17,17
69629,64,60,4,4
69630,111,90,21,21
69631,44,51,-7,7
69632,95,77,18,18
69633,137,116,21,21
69634,121,93,28,28
69635,51,54,-3,3
69636,53,59,-6,6
69637,93,83,10,10
69638,91,86,5,5
69639,125,105,20,20
69640,59,57,2,2
69641,63,59,4,4
69642,111,89,22,22
69643,117,108,9,9
69644,74,67,7,7
69645,117,110,7,7
69646,65,58,7,7
69647,100,81,19,19
69648,227,191,36,36
69649,145,155,-10,10
69650,82,79,3,3
69651,93,73,20,20
69652,120,116,4,4
69653,122,100,22,22
69654,121,105,16,16
69655,106,84,22,22
69656,95,91,4,4
69657,71,66,5,5
69658,64,67,-3,3
69659,103,91,12,12
69660,66,74,-8,8
69661,60,61,-1,1
69662,85,78,7,7
69663,110,101,9,9
69664,109,100,9,9
69665,80,82,-2,2
69666,80,66,14,14
69667,147,134,13,13
69668,107,102,5,5
69669,61,56,5,5
69670,163,147,16,16
69671,60,55,5,5
69672,85,76,9,9
69673,152,140,12,12
69674,90,81,9,9
69675,81,72,9,9
69676,76,65,11,11
69677,95,83,12,12
69678,70,65,5,5
69679,101,87,14,14
69680,65,58,7,7
69681,78,81,-3,3
69682,94,88,6,6
69683,69,64,5,5
69684,161,144,17,17
69685,97,94,3,3
69686,66,67,-1,1
69687,171,139,32,32
69688,93,76,17,17
69689,98,85,13,13
69690,101,96,5,5
69691,97,88,9,9
69692,74,72,2,2
69693,88,72,16,16
69694,184,161,23,23
69695,74,74,0,0
69696,65,70,-5,5
69697,193,164,29,29
69698,103,88,15,15
69699,57,57,0,0
69700,113,119,-6,6
69701,145,151,-6,6
69702,60,57,3,3
69703,128,125,3,3
69704,89,82,7,7
69705,80,74,6,6
69706,79,67,12,12
69707,114,98,16,16
69708,200,165,35,35
69709,133,115,18,18
69710,114,98,16,16
69711,125,108,17,17
69712,82,74,8,8
69713,90,75,15,15
69714,95,85,10,10
69715,140,129,11,11
69716,96,93,3,3
69717,186,161,25,25
69718,89,91,-2,2
69719,57,53,4,4
69720,76,72,4,4
69721,64,58,6,6
69722,138,117,21,21
69723,97,85,12,12
69724,95,95,0,0
69725,157,141,16,16
69726,76,65,11,11
69727,77,75,2,2
69728,110,98,12,12
69729,191,154,37,37
69730,70,62,8,8
69731,100,102,-2,2
69732,98,93,5,5
69733,64,65,-1,1
69734,106,93,13,13
69735,95,88,7,7
69736,70,74,-4,4
69737,132,106,26,26
69738,43,37,6,6
69739,177,142,35,35
69740,59,54,5,5
69741,42,45,-3,3
69742,40,36,4,4
69743,82,38,44,44
69744,79,78,1,1
69745,62,67,-5,5
69746,108,93,15,15
69747,103,104,-1,1
69748,92,83,9,9
69749,63,61,2,2
69750,65,65,0,0
69751,144,131,13,13
69752,92,81,11,11
69753,129,114,15,15
69754,137,124,13,13
69755,122,114,8,8
69756,48,60,-12,12
69757,85,64,21,21
69758,90,87,3,3
69759,82,68,14,14
69760,112,94,18,18
69761,85,80,5,5
69762,91,79,12,12
69763,78,74,4,4
69764,69,66,3,3
69765,121,100,21,21
69766,68,67,1,1
69767,131,117,14,14
69768,89,79,10,10
69769,93,81,12,12
69770,54,46,8,8
69771,136,122,14,14
69772,35,67,-32,32
69773,178,141,37,37
69774,105,90,15,15
69775,145,130,15,15
69776,75,75,0,0
69777,117,96,21,21
69778,63,60,3,3
69779,132,118,14,14
69780,100,93,7,7
69781,67,64,3,3
69782,47,50,-3,3
69783,128,103,25,25
69784,119,112,7,7
69785,119,109,10,10
69786,93,73,20,20
69787,121,109,12,12
69788,79,69,10,10
69789,166,139,27,27
69790,87,73,14,14
69791,85,80,5,5
69792,80,73,7,7
69793,68,64,4,4
69794,131,121,10,10
69795,124,109,15,15
69796,146,134,12,12
69797,71,62,9,9
69798,89,89,0,0
69799,60,59,1,1
69800,64,59,5,5
69801,63,67,-4,4
69802,61,59,2,2
69803,119,97,22,22
69804,83,79,4,4
69805,96,90,6,6
69806,116,120,-4,4
69807,122,106,16,16
69808,102,87,15,15
69809,85,79,6,6
69810,129,119,10,10
69811,109,90,19,19
69812,41,39,2,2
69813,95,92,3,3
69814,131,100,31,31
69815,98,70,28,28
69816,105,88,17,17
69817,35,44,-9,9
69818,65,61,4,4
69819,69,61,8,8
69820,72,63,9,9
69821,101,94,7,7
69822,86,78,8,8
69823,103,96,7,7
69824,110,91,19,19
69825,77,66,11,11
69826,98,69,29,29
69827,107,92,15,15
69828,72,73,-1,1
69829,109,99,10,10
69830,68,57,11,11
69831,64,56,8,8
69832,158,137,21,21
69833,112,108,4,4
69834,71,76,-5,5
69835,119,102,17,17
69836,63,60,3,3
69837,66,62,4,4
69838,90,79,11,11
69839,114,108,6,6
69840,81,79,2,2
69841,136,110,26,26
69842,92,82,10,10
69843,46,59,-13,13
69844,48,49,-1,1
69845,99,81,18,18
69846,63,61,2,2
69847,113,99,14,14
69848,77,73,4,4
69849,95,96,-1,1
69850,95,86,9,9
69851,92,86,6,6
69852,77,70,7,7
69853,108,96,12,12
69854,80,73,7,7
69855,106,94,12,12
69856,193,167,26,26
69857,138,113,25,25
69858,146,129,17,17
69859,146,132,14,14
69860,121,100,21,21
69861,134,110,24,24
69862,92,84,8,8
69863,109,95,14,14
69864,94,91,3,3
69865,96,92,4,4
69866,105,108,-3,3
69867,124,113,11,11
69868,101,87,14,14
69869,63,64,-1,1
69870,91,86,5,5
69871,75,78,-3,3
69872,89,89,0,0
69873,134,119,15,15
69874,130,114,16,16
69875,71,75,-4,4
69876,152,136,16,16
69877,79,61,18,18
69878,82,66,16,16
69879,80,81,-1,1
69880,51,52,-1,1
69881,134,118,16,16
69882,120,96,24,24
69883,88,78,10,10
69884,66,68,-2,2
69885,40,44,-4,4
69886,81,68,13,13
69887,125,104,21,21
69888,57,52,5,5
69889,127,108,19,19
69890,70,59,11,11
69891,144,90,54,54
69892,100,99,1,1
69893,190,153,37,37
69894,79,73,6,6
69895,95,70,25,25
69896,86,68,18,18
69897,75,58,17,17
69898,108,93,15,15
69899,74,68,6,6
69900,110,106,4,4
69901,121,102,19,19
69902,75,72,3,3
69903,193,152,41,41
69904,102,88,14,14
69905,83,80,3,3
69906,161,141,20,20
69907,43,53,-10,10
69908,157,159,-2,2
69909,152,141,11,11
69910,166,140,26,26
69911,61,52,9,9
69912,123,106,17,17
69913,77,63,14,14
69914,76,64,12,12
69915,103,98,5,5
69916,73,65,8,8
69917,94,89,5,5
69918,71,71,0,0
69919,69,78,-9,9
69920,46,42,4,4
69921,59,54,5,5
69922,109,91,18,18
69923,166,153,13,13
69924,65,61,4,4
69925,97,83,14,14
69926,170,147,23,23
69927,76,74,2,2
69928,79,73,6,6
69929,84,82,2,2
69930,36,35,1,1
69931,149,135,14,14
69932,61,56,5,5
69933,109,98,11,11
69934,160,128,32,32
69935,96,83,13,13
69936,139,126,13,13
69937,59,56,3,3
69938,52,43,9,9
69939,148,121,27,27
69940,90,69,21,21
69941,68,56,12,12
69942,60,60,0,0
69943,110,100,10,10
69944,80,89,-9,9
69945,37,37,0,0
69946,75,79,-4,4
69947,62,64,-2,2
69948,66,63,3,3
69949,99,97,2,2
69950,105,91,14,14
69951,165,134,31,31
69952,164,142,22,22
69953,93,84,9,9
69954,58,70,-12,12
69955,93,82,11,11
69956,37,39,-2,2
69957,68,68,0,0
69958,122,112,10,10
69959,36,37,-1,1
69960,109,98,11,11
69961,111,95,16,16
69962,39,38,1,1
69963,139,119,20,20
69964,109,101,8,8
69965,169,144,25,25
69966,138,124,14,14
69967,104,109,-5,5
69968,170,159,11,11
69969,66,60,6,6
69970,154,136,18,18
69971,46,49,-3,3
69972,136,109,27,27
69973,81,73,8,8
69974,390,278,112,112
69975,88,77,11,11
69976,66,71,-5,5
69977,69,65,4,4
69978,48,53,-5,5
69979,136,112,24,24
69980,85,78,7,7
69981,73,67,6,6
69982,128,123,5,5
69983,90,89,1,1
69984,105,97,8,8
69985,127,110,17,17
69986,102,95,7,7
69987,111,98,13,13
69988,110,89,21,21
69989,92,81,11,11
69990,66,93,-27,27
69991,103,92,11,11
69992,111,94,17,17
69993,120,106,14,14
69994,96,91,5,5
69995,141,125,16,16
69996,89,94,-5,5
69997,66,62,4,4
69998,95,78,17,17
69999,83,83,0,0
70000,62,57,5,5
70001,136,124,12,12
70002,99,87,12,12
70003,78,66,12,12
70004,79,80,-1,1
70005,86,76,10,10
70006,70,65,5,5
70007,128,116,12,12
70008,100,80,20,20
70009,116,94,22,22
70010,165,161,4,4
70011,125,108,17,17
70012,63,65,-2,2
70013,93,92,1,1
70014,135,111,24,24
70015,61,58,3,3
70016,55,64,-9,9
70017,95,80,15,15
70018,98,90,8,8
70019,54,52,2,2
70020,85,82,3,3
70021,96,80,16,16
70022,132,121,11,11
70023,81,79,2,2
70024,57,57,0,0
70025,71,61,10,10
70026,92,83,9,9
70027,99,80,19,19
70028,87,77,10,10
70029,116,90,26,26
70030,46,49,-3,3
70031,29,33,-4,4
70032,163,153,10,10
70033,110,93,17,17
70034,68,64,4,4
70035,62,56,6,6
70036,60,49,11,11
70037,91,89,2,2
70038,35,35,0,0
70039,61,64,-3,3
70040,101,82,19,19
70041,135,117,18,18
70042,169,153,16,16
70043,122,102,20,20
70044,182,157,25,25
70045,86,83,3,3
70046,121,104,17,17
70047,65,57,8,8
70048,84,79,5,5
70049,98,82,16,16
70050,61,61,0,0
70051,71,70,1,1
70052,54,53,1,1
70053,130,107,23,23
70054,47,48,-1,1
70055,78,68,10,10
70056,83,68,15,15
70057,119,97,22,22
70058,86,72,14,14
70059,92,86,6,6
70060,76,70,6,6
70061,80,78,2,2
70062,103,86,17,17
70063,113,100,13,13
70064,79,78,1,1
70065,68,64,4,4
70066,115,101,14,14
70067,62,64,-2,2
70068,107,105,2,2
70069,115,96,19,19
70070,138,124,14,14
70071,115,111,4,4
70072,117,96,21,21
70073,92,130,-38,38
70074,122,103,19,19
70075,54,52,2,2
70076,76,73,3,3
70077,96,83,13,13
70078,57,55,2,2
70079,108,99,9,9
70080,104,95,9,9
70081,107,95,12,12
70082,66,59,7,7
70083,57,61,-4,4
70084,72,66,6,6
70085,63,86,-23,23
70086,119,110,9,9
70087,123,103,20,20
70088,86,78,8,8
70089,121,95,26,26
70090,72,60,12,12
70091,70,65,5,5
70092,84,69,15,15
70093,72,72,0,0
70094,61,55,6,6
70095,128,102,26,26
70096,90,85,5,5
70097,138,137,1,1
70098,80,74,6,6
70099,134,95,39,39
70100,135,123,12,12
70101,108,96,12,12
70102,114,97,17,17
70103,87,79,8,8
70104,29,44,-15,15
70105,84,78,6,6
70106,139,124,15,15
70107,126,103,23,23
70108,61,52,9,9
70109,22,33,-11,11
70110,61,68,-7,7
70111,74,77,-3,3
70112,120,103,17,17
70113,69,62,7,7
70114,61,64,-3,3
70115,88,84,4,4
70116,102,94,8,8
70117,107,97,10,10
70118,103,91,12,12
70119,89,83,6,6
70120,134,122,12,12
70121,52,57,-5,5
70122,63,84,-21,21
70123,116,99,17,17
70124,123,114,9,9
70125,101,87,14,14
70126,58,57,1,1
70127,95,88,7,7
70128,66,61,5,5
70129,69,63,6,6
70130,107,91,16,16
70131,118,116,2,2
70132,155,125,30,30
70133,75,69,6,6
70134,103,86,17,17
70135,81,69,12,12
70136,94,85,9,9
70137,64,59,5,5
70138,135,116,19,19
70139,116,122,-6,6
70140,213,167,46,46
70141,87,80,7,7
70142,109,113,-4,4
70143,149,131,18,18
70144,81,86,-5,5
70145,78,70,8,8
70146,62,56,6,6
70147,73,70,3,3
70148,68,55,13,13
70149,103,73,30,30
70150,121,98,23,23
70151,165,134,31,31
70152,105,90,15,15
70153,71,61,10,10
70154,139,132,7,7
70155,75,92,-17,17
70156,146,138,8,8
70157,88,85,3,3
70158,184,162,22,22
70159,122,101,21,21
70160,50,63,-13,13
70161,98,89,9,9
70162,28,66,-38,38
70163,68,55,13,13
70164,34,35,-1,1
70165,88,73,15,15
70166,87,84,3,3
70167,91,80,11,11
70168,97,86,11,11
70169,93,71,22,22
70170,46,43,3,3
70171,63,58,5,5
70172,54,56,-2,2
70173,68,67,1,1
70174,100,103,-3,3
70175,51,47,4,4
70176,92,87,5,5
70177,111,100,11,11
70178,66,59,7,7
70179,60,66,-6,6
70180,66,60,6,6
70181,130,106,24,24
70182,125,102,23,23
70183,134,124,10,10
70184,139,125,14,14
70185,105,98,7,7
70186,70,66,4,4
70187,106,90,16,16
70188,146,117,29,29
70189,144,135,9,9
70190,108,113,-5,5
70191,77,74,3,3
70192,99,85,14,14
70193,79,72,7,7
70194,65,62,3,3
70195,65,72,-7,7
70196,89,92,-3,3
70197,128,103,25,25
70198,95,108,-13,13
70199,131,126,5,5
70200,48,44,4,4
70201,127,102,25,25
70202,102,96,6,6
70203,127,113,14,14
70204,53,55,-2,2
70205,148,119,29,29
70206,173,142,31,31
70207,110,96,14,14
70208,61,60,1,1
70209,65,62,3,3
70210,83,72,11,11
70211,125,112,13,13
70212,94,83,11,11
70213,82,73,9,9
70214,95,81,14,14
70215,48,50,-2,2
70216,112,101,11,11
70217,74,69,5,5
70218,114,97,17,17
70219,64,64,0,0
70220,109,92,17,17
70221,163,136,27,27
70222,136,122,14,14
70223,218,176,42,42
70224,114,95,19,19
70225,152,132,20,20
70226,115,107,8,8
70227,70,67,3,3
70228,76,68,8,8
70229,101,92,9,9
70230,122,101,21,21
70231,95,81,14,14
70232,112,128,-16,16
70233,114,102,12,12
70234,93,84,9,9
70235,56,63,-7,7
70236,110,111,-1,1
70237,97,88,9,9
70238,86,88,-2,2
70239,87,77,10,10
70240,55,65,-10,10
70241,183,178,5,5
70242,99,90,9,9
70243,102,91,11,11
70244,113,100,13,13
70245,95,86,9,9
70246,191,151,40,40
70247,82,78,4,4
70248,55,50,5,5
70249,60,58,2,2
70250,81,69,12,12
70251,87,80,7,7
70252,142,129,13,13
70253,97,78,19,19
70254,116,91,25,25
70255,73,66,7,7
70256,87,85,2,2
70257,102,85,17,17
70258,57,57,0,0
70259,56,59,-3,3
70260,193,144,49,49
70261,99,92,7,7
70262,61,63,-2,2
70263,90,79,11,11
70264,129,121,8,8
70265,86,79,7,7
70266,68,70,-2,2
70267,106,86,20,20
70268,101,99,2,2
70269,139,118,21,21
70270,97,95,2,2
70271,79,79,0,0
70272,54,58,-4,4
70273,47,51,-4,4
70274,119,99,20,20
70275,93,83,10,10
70276,70,64,6,6
70277,109,98,11,11
70278,55,63,-8,8
70279,127,120,7,7
70280,76,71,5,5
70281,35,40,-5,5
70282,66,60,6,6
70283,72,66,6,6
70284,91,92,-1,1
70285,128,121,7,7
70286,123,112,11,11
70287,129,115,14,14
70288,106,90,16,16
70289,84,82,2,2
70290,99,78,21,21
70291,59,53,6,6
70292,54,56,-2,2
70293,120,105,15,15
70294,188,157,31,31
70295,83,74,9,9
70296,146,118,28,28
70297,69,66,3,3
70298,58,57,1,1
70299,173,139,34,34
70300,131,108,23,23
70301,150,127,23,23
70302,115,100,15,15
70303,107,89,18,18
70304,131,120,11,11
70305,101,91,10,10
70306,105,85,20,20
70307,104,94,10,10
70308,138,113,25,25
70309,62,58,4,4
70310,88,85,3,3
70311,44,43,1,1
70312,116,107,9,9
70313,84,74,10,10
70314,80,92,-12,12
70315,112,104,8,8
70316,85,75,10,10
70317,82,69,13,13
70318,101,94,7,7
70319,123,118,5,5
70320,137,116,21,21
70321,112,86,26,26
70322,72,70,2,2
70323,100,87,13,13
70324,106,89,17,17
70325,64,50,14,14
70326,115,96,19,19
70327,44,45,-1,1
70328,112,98,14,14
70329,113,94,19,19
70330,203,165,38,38
70331,113,94,19,19
70332,154,137,17,17
70333,88,85,3,3
70334,88,91,-3,3
70335,56,55,1,1
70336,116,104,12,12
70337,104,93,11,11
70338,96,83,13,13
70339,99,90,9,9
70340,98,96,2,2
70341,128,122,6,6
70342,79,74,5,5
70343,97,96,1,1
70344,68,69,-1,1
70345,93,74,19,19
70346,99,90,9,9
70347,68,66,2,2
70348,83,72,11,11
70349,85,78,7,7
70350,89,87,2,2
70351,95,83,12,12
70352,133,117,16,16
70353,86,78,8,8
70354,94,84,10,10
70355,63,66,-3,3
70356,134,118,16,16
70357,79,77,2,2
70358,55,50,5,5
70359,82,78,4,4
70360,60,59,1,1
70361,63,67,-4,4
70362,179,145,34,34
70363,127,114,13,13
70364,65,58,7,7
70365,101,92,9,9
70366,112,97,15,15
70367,66,63,3,3
70368,104,92,12,12
70369,80,90,-10,10
70370,84,70,14,14
70371,57,54,3,3
70372,55,51,4,4
70373,134,120,14,14
70374,125,106,19,19
70375,83,76,7,7
70376,66,60,6,6
70377,59,75,-16,16
70378,117,106,11,11
70379,103,113,-10,10
70380,101,83,18,18
70381,128,115,13,13
70382,92,87,5,5
70383,167,139,28,28
70384,79,71,8,8
70385,121,105,16,16
70386,85,70,15,15
70387,80,60,20,20
70388,26,35,-9,9
70389,52,54,-2,2
70390,58,63,-5,5
70391,137,120,17,17
70392,48,46,2,2
70393,138,118,20,20
70394,81,62,19,19
70395,132,116,16,16
70396,111,97,14,14
70397,115,104,11,11
70398,129,114,15,15
70399,125,111,14,14
70400,138,143,-5,5
70401,51,53,-2,2
70402,131,126,5,5
70403,164,153,11,11
70404,107,84,23,23
70405,102,91,11,11
70406,66,62,4,4
70407,59,57,2,2
70408,60,55,5,5
70409,145,126,19,19
70410,143,125,18,18
70411,121,110,11,11
70412,98,94,4,4
70413,107,83,24,24
70414,69,62,7,7
70415,154,141,13,13
70416,93,89,4,4
70417,93,82,11,11
70418,41,38,3,3
70419,103,98,5,5
70420,81,75,6,6
70421,105,87,18,18
70422,60,52,8,8
70423,90,87,3,3
70424,76,68,8,8
70425,98,88,10,10
70426,70,64,6,6
70427,49,54,-5,5
70428,113,97,16,16
70429,45,57,-12,12
70430,109,94,15,15
70431,53,54,-1,1
70432,98,76,22,22
70433,70,61,9,9
70434,91,79,12,12
70435,126,106,20,20
70436,68,53,15,15
70437,54,68,-14,14
70438,99,82,17,17
70439,85,81,4,4
70440,85,73,12,12
70441,93,86,7,7
70442,69,63,6,6
70443,59,55,4,4
70444,47,54,-7,7
70445,83,75,8,8
70446,103,98,5,5
70447,93,78,15,15
70448,125,121,4,4
70449,97,86,11,11
70450,103,99,4,4
70451,79,73,6,6
70452,103,103,0,0
70453,132,111,21,21
70454,165,148,17,17
70455,132,114,18,18
70456,88,79,9,9
70457,92,78,14,14
70458,75,68,7,7
70459,108,90,18,18
70460,98,85,13,13
70461,133,137,-4,4
70462,75,64,11,11
70463,187,167,20,20
70464,123,107,16,16
70465,63,76,-13,13
70466,92,95,-3,3
70467,117,103,14,14
70468,98,80,18,18
70469,247,218,29,29
70470,98,91,7,7
70471,102,81,21,21
70472,66,68,-2,2
70473,62,54,8,8
70474,84,78,6,6
70475,52,49,3,3
70476,107,92,15,15
70477,155,127,28,28
70478,118,107,11,11
70479,150,137,13,13
70480,112,95,17,17
70481,106,96,10,10
70482,61,57,4,4
70483,101,93,8,8
70484,80,65,15,15
70485,65,74,-9,9
70486,86,74,12,12
70487,74,64,10,10
70488,163,132,31,31
70489,100,99,1,1
70490,44,44,0,0
70491,86,68,18,18
70492,119,103,16,16
70493,80,69,11,11
70494,57,61,-4,4
70495,136,115,21,21
70496,113,105,8,8
70497,75,70,5,5
70498,41,51,-10,10
70499,125,125,0,0
70500,77,68,9,9
70501,97,83,14,14
70502,159,142,17,17
70503,43,45,-2,2
70504,47,45,2,2
70505,53,50,3,3
70506,141,116,25,25
70507,79,76,3,3
70508,74,67,7,7
70509,117,104,13,13
70510,39,44,-5,5
70511,74,74,0,0
70512,131,120,11,11
70513,95,86,9,9
70514,152,124,28,28
70515,80,76,4,4
70516,125,98,27,27
70517,114,105,9,9
70518,113,96,17,17
70519,58,63,-5,5
70520,98,83,15,15
70521,135,116,19,19
70522,88,89,-1,1
70523,147,131,16,16
70524,83,74,9,9
70525,145,128,17,17
70526,144,129,15,15
70527,142,118,24,24
70528,65,63,2,2
70529,59,60,-1,1
70530,116,103,13,13
70531,51,52,-1,1
70532,48,48,0,0
70533,113,109,4,4
70534,87,62,25,25
70535,72,73,-1,1
70536,100,89,11,11
70537,66,62,4,4
70538,106,100,6,6
70539,128,106,22,22
70540,71,63,8,8
70541,69,70,-1,1
70542,117,119,-2,2
70543,125,113,12,12
70544,105,91,14,14
70545,43,41,2,2
70546,154,140,14,14
70547,77,72,5,5
70548,104,95,9,9
70549,112,97,15,15
70550,84,74,10,10
70551,69,64,5,5
70552,135,111,24,24
70553,130,103,27,27
70554,117,112,5,5
70555,47,53,-6,6
70556,114,105,9,9
70557,100,94,6,6
70558,129,122,7,7
70559,59,57,2,2
70560,159,134,25,25
70561,61,55,6,6
70562,51,51,0,0
70563,92,82,10,10
70564,73,69,4,4
70565,98,75,23,23
70566,117,103,14,14
70567,100,99,1,1
70568,54,66,-12,12
70569,76,65,11,11
70570,132,118,14,14
70571,178,122,56,56
70572,91,86,5,5
70573,127,103,24,24
70574,75,65,10,10
70575,70,65,5,5
70576,124,108,16,16
70577,125,116,9,9
70578,80,76,4,4
70579,59,58,1,1
70580,82,82,0,0
70581,130,118,12,12
70582,82,81,1,1
70583,93,78,15,15
70584,82,79,3,3
70585,160,132,28,28
70586,83,74,9,9
70587,128,105,23,23
70588,123,101,22,22
70589,98,83,15,15
70590,104,86,18,18
70591,109,93,16,16
70592,48,44,4,4
70593,62,58,4,4
70594,63,57,6,6
70595,63,61,2,2
70596,115,96,19,19
70597,94,81,13,13
70598,94,88,6,6
70599,91,82,9,9
70600,141,135,6,6
70601,162,138,24,24
70602,91,86,5,5
70603,88,82,6,6
70604,117,115,2,2
70605,52,52,0,0
70606,57,56,1,1
70607,106,83,23,23
70608,77,78,-1,1
70609,58,56,2,2
70610,85,72,13,13
70611,110,95,15,15
70612,74,75,-1,1
70613,97,81,16,16
70614,58,58,0,0
70615,92,88,4,4
70616,97,88,9,9
70617,73,69,4,4
70618,89,85,4,4
70619,108,93,15,15
70620,129,110,19,19
70621,83,73,10,10
70622,97,83,14,14
70623,88,79,9,9
70624,88,75,13,13
70625,74,72,2,2
70626,103,96,7,7
70627,93,78,15,15
70628,39,43,-4,4
70629,168,140,28,28
70630,102,83,19,19
70631,77,76,1,1
70632,209,190,19,19
70633,88,77,11,11
70634,88,82,6,6
70635,95,90,5,5
70636,113,95,18,18
70637,109,102,7,7
70638,93,88,5,5
70639,167,139,28,28
70640,55,68,-13,13
70641,115,102,13,13
70642,101,94,7,7
70643,52,58,-6,6
70644,155,139,16,16
70645,47,50,-3,3
70646,123,114,9,9
70647,71,64,7,7
70648,109,102,7,7
70649,63,63,0,0
70650,132,133,-1,1
70651,74,73,1,1
70652,89,88,1,1
70653,131,114,17,17
70654,71,68,3,3
70655,100,80,20,20
70656,76,81,-5,5
70657,67,63,4,4
70658,121,100,21,21
70659,45,53,-8,8
70660,79,63,16,16
70661,145,130,15,15
70662,242,189,53,53
70663,64,65,-1,1
70664,146,121,25,25
70665,80,72,8,8
70666,135,123,12,12
70667,94,80,14,14
70668,88,74,14,14
70669,119,109,10,10
70670,129,110,19,19
70671,86,77,9,9
70672,60,53,7,7
70673,148,140,8,8
70674,43,53,-10,10
70675,41,43,-2,2
70676,272,217,55,55
70677,116,90,26,26
70678,86,76,10,10
70679,69,69,0,0
70680,51,50,1,1
70681,80,74,6,6
70682,83,74,9,9
70683,108,93,15,15
70684,66,59,7,7
70685,178,161,17,17
70686,138,126,12,12
70687,124,100,24,24
70688,58,52,6,6
70689,93,85,8,8
70690,135,112,23,23
70691,98,75,23,23
70692,91,76,15,15
70693,83,71,12,12
70694,192,164,28,28
70695,119,95,24,24
70696,44,50,-6,6
70697,83,80,3,3
70698,75,72,3,3
70699,216,186,30,30
70700,178,155,23,23
70701,81,74,7,7
70702,56,62,-6,6
70703,85,78,7,7
70704,87,76,11,11
70705,77,69,8,8
70706,73,71,2,2
70707,122,109,13,13
70708,169,134,35,35
70709,155,132,23,23
70710,111,98,13,13
70711,37,39,-2,2
70712,116,107,9,9
70713,107,95,12,12
70714,63,63,0,0
70715,97,83,14,14
70716,108,86,22,22
70717,94,87,7,7
70718,56,53,3,3
70719,49,44,5,5
70720,87,84,3,3
70721,110,99,11,11
70722,89,84,5,5
70723,87,74,13,13
70724,127,114,13,13
70725,82,75,7,7
70726,58,53,5,5
70727,69,67,2,2
70728,66,56,10,10
70729,62,73,-11,11
70730,80,76,4,4
70731,62,60,2,2
70732,46,45,1,1
70733,48,63,-15,15
70734,77,68,9,9
70735,99,104,-5,5
70736,98,90,8,8
70737,87,80,7,7
70738,63,64,-1,1
70739,114,105,9,9
70740,121,116,5,5
70741,70,69,1,1
70742,118,97,21,21
70743,116,105,11,11
70744,89,86,3,3
70745,100,89,11,11
70746,249,235,14,14
70747,202,161,41,41
70748,152,131,21,21
70749,140,122,18,18
70750,162,135,27,27
70751,90,80,10,10
70752,132,106,26,26
70753,79,64,15,15
70754,73,65,8,8
70755,115,96,19,19
70756,188,157,31,31
70757,72,67,5,5
70758,112,102,10,10
70759,131,112,19,19
70760,128,116,12,12
70761,125,111,14,14
70762,133,113,20,20
70763,159,135,24,24
70764,96,88,8,8
70765,85,79,6,6
70766,103,90,13,13
70767,74,66,8,8
70768,139,124,15,15
70769,114,100,14,14
70770,35,36,-1,1
70771,56,56,0,0
70772,85,83,2,2
70773,111,89,22,22
70774,107,98,9,9
70775,138,124,14,14
70776,79,70,9,9
70777,89,81,8,8
70778,97,82,15,15
70779,88,75,13,13
70780,77,75,2,2
70781,83,71,12,12
70782,138,122,16,16
70783,109,99,10,10
70784,58,62,-4,4
70785,65,64,1,1
70786,97,93,4,4
70787,95,87,8,8
70788,93,81,12,12
70789,80,79,1,1
70790,88,74,14,14
70791,104,99,5,5
70792,72,70,2,2
70793,75,66,9,9
70794,88,80,8,8
70795,104,101,3,3
70796,70,65,5,5
70797,83,80,3,3
70798,108,90,18,18
70799,84,73,11,11
70800,91,89,2,2
70801,115,103,12,12
70802,80,80,0,0
70803,122,113,9,9
70804,116,105,11,11
70805,119,104,15,15
70806,105,92,13,13
70807,80,77,3,3
70808,63,76,-13,13
70809,108,104,4,4
70810,73,66,7,7
70811,116,106,10,10
70812,101,82,19,19
70813,78,73,5,5
70814,137,125,12,12
70815,94,90,4,4
70816,63,54,9,9
70817,122,120,2,2
70818,145,123,22,22
70819,110,91,19,19
70820,86,75,11,11
70821,160,137,23,23
70822,149,128,21,21
70823,93,80,13,13
70824,77,65,12,12
70825,43,47,-4,4
70826,85,84,1,1
70827,85,71,14,14
70828,71,65,6,6
70829,68,68,0,0
70830,85,80,5,5
70831,74,75,-1,1
70832,152,143,9,9
70833,161,133,28,28
70834,130,121,9,9
70835,83,72,11,11
70836,102,94,8,8
70837,96,95,1,1
70838,111,104,7,7
70839,41,41,0,0
70840,54,55,-1,1
70841,119,102,17,17
70842,89,71,18,18
70843,105,87,18,18
70844,163,139,24,24
70845,102,91,11,11
70846,90,80,10,10
70847,52,60,-8,8
70848,61,58,3,3
70849,84,88,-4,4
70850,87,84,3,3
70851,56,66,-10,10
70852,86,89,-3,3
70853,153,130,23,23
70854,130,110,20,20
70855,171,143,28,28
70856,81,73,8,8
70857,76,68,8,8
70858,82,82,0,0
70859,114,107,7,7
70860,103,96,7,7
70861,98,90,8,8
70862,130,118,12,12
70863,145,113,32,32
70864,66,73,-7,7
70865,136,105,31,31
70866,96,98,-2,2
70867,35,41,-6,6
70868,77,69,8,8
70869,108,93,15,15
70870,91,94,-3,3
70871,68,67,1,1
70872,114,104,10,10
70873,38,40,-2,2
70874,123,95,28,28
70875,81,75,6,6
70876,96,82,14,14
70877,89,82,7,7
70878,129,131,-2,2
70879,93,83,10,10
70880,57,54,3,3
70881,81,70,11,11
70882,137,114,23,23
70883,83,70,13,13
70884,97,87,10,10
70885,100,89,11,11
70886,83,78,5,5
70887,94,79,15,15
70888,87,89,-2,2
70889,154,132,22,22
70890,126,97,29,29
70891,74,68,6,6
70892,87,83,4,4
70893,62,67,-5,5
70894,61,58,3,3
70895,94,78,16,16
70896,91,77,14,14
70897,67,63,4,4
70898,87,76,11,11
70899,58,60,-2,2
70900,126,108,18,18
70901,102,88,14,14
70902,97,90,7,7
70903,60,58,2,2
70904,84,78,6,6
70905,168,119,49,49
70906,89,81,8,8
70907,60,55,5,5
70908,99,94,5,5
70909,119,99,20,20
70910,90,81,9,9
70911,150,134,16,16
70912,95,86,9,9
70913,79,73,6,6
70914,45,42,3,3
70915,101,87,14,14
70916,123,108,15,15
70917,145,132,13,13
70918,56,56,0,0
70919,83,77,6,6
70920,48,48,0,0
70921,65,59,6,6
70922,102,98,4,4
70923,75,69,6,6
70924,194,183,11,11
70925,55,57,-2,2
70926,61,56,5,5
70927,97,85,12,12
70928,123,114,9,9
70929,47,48,-1,1
70930,99,102,-3,3
70931,88,80,8,8
70932,65,60,5,5
70933,71,66,5,5
70934,140,119,21,21
70935,113,98,15,15
70936,70,67,3,3
70937,123,112,11,11
70938,113,91,22,22
70939,170,136,34,34
70940,101,96,5,5
70941,113,95,18,18
70942,102,85,17,17
70943,74,71,3,3
70944,73,77,-4,4
70945,90,88,2,2
70946,62,55,7,7
70947,104,109,-5,5
70948,119,103,16,16
70949,71,60,11,11
70950,129,124,5,5
70951,48,50,-2,2
70952,149,139,10,10
70953,63,58,5,5
70954,115,101,14,14
70955,110,102,8,8
70956,93,107,-14,14
70957,100,92,8,8
70958,90,84,6,6
70959,46,50,-4,4
70960,126,112,14,14
70961,99,88,11,11
70962,65,59,6,6
70963,77,69,8,8
70964,70,61,9,9
70965,82,84,-2,2
70966,91,84,7,7
70967,142,117,25,25
70968,73,65,8,8
70969,146,124,22,22
70970,106,95,11,11
70971,185,163,22,22
70972,72,66,6,6
70973,119,97,22,22
70974,56,58,-2,2
70975,110,94,16,16
70976,94,83,11,11
70977,79,81,-2,2
70978,50,47,3,3
70979,86,77,9,9
70980,73,66,7,7
70981,81,74,7,7
70982,68,69,-1,1
70983,69,69,0,0
70984,135,110,25,25
70985,162,125,37,37
70986,107,94,13,13
70987,74,69,5,5
70988,61,61,0,0
70989,101,84,17,17
70990,70,62,8,8
70991,101,109,-8,8
70992,61,59,2,2
70993,103,92,11,11
70994,47,99,-52,52
70995,87,78,9,9
70996,73,69,4,4
70997,100,80,20,20
70998,97,81,16,16
70999,75,72,3,3
71000,77,70,7,7
71001,59,55,4,4
71002,136,123,13,13
71003,44,43,1,1
71004,149,123,26,26
71005,85,82,3,3
71006,132,119,13,13
71007,54,54,0,0
71008,98,84,14,14
71009,102,97,5,5
71010,122,109,13,13
71011,70,62,8,8
71012,121,112,9,9
71013,86,79,7,7
71014,99,89,10,10
71015,71,63,8,8
71016,113,99,14,14
71017,100,91,9,9
71018,61,56,5,5
71019,69,68,1,1
71020,103,103,0,0
71021,122,125,-3,3
71022,90,75,15,15
71023,113,92,21,21
71024,99,97,2,2
71025,100,81,19,19
71026,77,75,2,2
71027,84,73,11,11
71028,101,86,15,15
71029,86,78,8,8
71030,43,43,0,0
71031,73,71,2,2
71032,128,111,17,17
71033,81,65,16,16
71034,67,56,11,11
71035,137,119,18,18
71036,77,70,7,7
71037,52,54,-2,2
71038,103,100,3,3
71039,107,97,10,10
71040,101,86,15,15
71041,80,74,6,6
71042,114,104,10,10
71043,112,108,4,4
71044,118,95,23,23
71045,110,99,11,11
71046,88,76,12,12
71047,63,83,-20,20
71048,125,104,21,21
71049,126,103,23,23
71050,68,75,-7,7
71051,59,60,-1,1
71052,69,67,2,2
71053,90,76,14,14
71054,108,101,7,7
71055,80,75,5,5
71056,63,60,3,3
71057,52,48,4,4
71058,72,72,0,0
71059,76,73,3,3
71060,92,81,11,11
71061,133,141,-8,8
71062,65,67,-2,2
71063,69,64,5,5
71064,121,101,20,20
71065,92,80,12,12
71066,67,62,5,5
71067,134,116,18,18
71068,81,69,12,12
71069,68,73,-5,5
71070,67,64,3,3
71071,52,52,0,0
71072,107,96,11,11
71073,120,103,17,17
71074,133,118,15,15
71075,150,121,29,29
71076,124,125,-1,1
71077,86,80,6,6
71078,29,34,-5,5
71079,170,135,35,35
71080,88,83,5,5
71081,158,135,23,23
71082,58,55,3,3
71083,129,112,17,17
71084,94,85,9,9
71085,116,102,14,14
71086,159,136,23,23
71087,86,76,10,10
71088,174,158,16,16
71089,104,88,16,16
71090,90,75,15,15
71091,101,88,13,13
71092,107,98,9,9
71093,133,106,27,27
71094,70,61,9,9
71095,100,88,12,12
71096,174,155,19,19
71097,41,42,-1,1
71098,85,78,7,7
71099,76,69,7,7
71100,73,71,2,2
71101,131,115,16,16
71102,83,75,8,8
71103,88,85,3,3
71104,128,113,15,15
71105,86,80,6,6
71106,163,142,21,21
71107,104,94,10,10
71108,50,47,3,3
71109,114,86,28,28
71110,108,98,10,10
71111,72,70,2,2
71112,63,61,2,2
71113,51,50,1,1
71114,94,84,10,10
71115,76,64,12,12
71116,39,39,0,0
71117,100,86,14,14
71118,64,61,3,3
71119,87,78,9,9
71120,112,96,16,16
71121,105,97,8,8
71122,84,80,4,4
71123,135,119,16,16
71124,66,59,7,7
71125,164,143,21,21
71126,53,53,0,0
71127,131,108,23,23
71128,97,86,11,11
71129,44,51,-7,7
71130,85,79,6,6
71131,58,50,8,8
71132,105,100,5,5
71133,51,50,1,1
71134,67,64,3,3
71135,82,82,0,0
71136,100,86,14,14
71137,154,124,30,30
71138,89,85,4,4
71139,88,75,13,13
71140,104,82,22,22
71141,82,67,15,15
71142,97,84,13,13
71143,87,93,-6,6
71144,71,59,12,12
71145,87,83,4,4
71146,71,67,4,4
71147,168,141,27,27
71148,124,103,21,21
71149,75,61,14,14
71150,137,100,37,37
71151,131,112,19,19
71152,161,148,13,13
71153,80,72,8,8
71154,109,97,12,12
71155,65,61,4,4
71156,152,134,18,18
71157,120,102,18,18
71158,116,105,11,11
71159,82,89,-7,7
71160,214,181,33,33
71161,75,68,7,7
71162,95,80,15,15
71163,120,102,18,18
71164,126,113,13,13
71165,112,98,14,14
71166,115,112,3,3
71167,94,82,12,12
71168,84,81,3,3
71169,99,93,6,6
71170,69,59,10,10
71171,62,57,5,5
71172,106,96,10,10
71173,110,92,18,18
71174,78,74,4,4
71175,161,170,-9,9
71176,140,96,44,44
71177,83,89,-6,6
71178,110,93,17,17
71179,50,49,1,1
71180,160,133,27,27
71181,93,78,15,15
71182,161,143,18,18
71183,37,41,-4,4
71184,58,48,10,10
71185,109,108,1,1
71186,99,94,5,5
71187,124,132,-8,8
71188,65,58,7,7
71189,113,97,16,16
71190,114,112,2,2
71191,127,107,20,20
71192,99,81,18,18
71193,83,72,11,11
71194,74,74,0,0
71195,112,103,9,9
71196,76,70,6,6
71197,86,76,10,10
71198,59,63,-4,4
71199,185,145,40,40
71200,113,85,28,28
71201,90,84,6,6
71202,60,61,-1,1
71203,136,106,30,30
71204,94,86,8,8
71205,100,85,15,15
71206,93,81,12,12
71207,80,74,6,6
71208,138,112,26,26
71209,123,106,17,17
71210,84,79,5,5
71211,96,91,5,5
71212,123,107,16,16
71213,46,77,-31,31
71214,54,51,3,3
71215,135,120,15,15
71216,135,106,29,29
71217,79,76,3,3
71218,127,107,20,20
71219,75,72,3,3
71220,43,58,-15,15
71221,107,83,24,24
71222,86,72,14,14
71223,114,110,4,4
71224,56,51,5,5
71225,80,73,7,7
71226,86,77,9,9
71227,62,55,7,7
71228,78,64,14,14
71229,158,144,14,14
71230,96,102,-6,6
71231,88,81,7,7
71232,62,57,5,5
71233,116,96,20,20
71234,103,98,5,5
71235,108,107,1,1
71236,96,86,10,10
71237,65,63,2,2
71238,64,65,-1,1
71239,136,113,23,23
71240,92,88,4,4
71241,66,56,10,10
71242,106,96,10,10
71243,168,140,28,28
71244,91,82,9,9
71245,90,88,2,2
71246,83,76,7,7
71247,198,168,30,30
71248,98,91,7,7
71249,116,90,26,26
71250,77,75,2,2
71251,95,83,12,12
71252,113,100,13,13
71253,102,90,12,12
71254,54,50,4,4
71255,138,127,11,11
71256,76,71,5,5
71257,58,54,4,4
71258,74,68,6,6
71259,93,84,9,9
71260,56,71,-15,15
71261,139,128,11,11
71262,169,148,21,21
71263,131,117,14,14
71264,64,47,17,17
71265,89,85,4,4
71266,111,97,14,14
71267,149,130,19,19
71268,86,74,12,12
71269,67,83,-16,16
71270,54,52,2,2
71271,47,51,-4,4
71272,43,47,-4,4
71273,90,84,6,6
71274,139,115,24,24
71275,62,61,1,1
71276,67,68,-1,1
71277,75,72,3,3
71278,87,77,10,10
71279,82,74,8,8
71280,41,45,-4,4
71281,86,80,6,6
71282,151,124,27,27
71283,87,76,11,11
71284,107,97,10,10
71285,67,61,6,6
71286,90,91,-1,1
71287,133,116,17,17
71288,42,41,1,1
71289,124,104,20,20
71290,66,61,5,5
71291,74,69,5,5
71292,54,50,4,4
71293,123,107,16,16
71294,137,122,15,15
71295,67,59,8,8
71296,113,105,8,8
71297,103,84,19,19
71298,161,131,30,30
71299,114,96,18,18
71300,112,106,6,6
71301,103,95,8,8
71302,112,102,10,10
71303,123,116,7,7
71304,65,63,2,2
71305,97,83,14,14
71306,68,56,12,12
71307,69,68,1,1
71308,69,59,10,10
71309,143,121,22,22
71310,107,95,12,12
71311,59,69,-10,10
71312,125,104,21,21
71313,57,60,-3,3
71314,108,100,8,8
71315,86,80,6,6
71316,98,87,11,11
71317,82,74,8,8
71318,87,107,-20,20
71319,65,63,2,2
71320,96,82,14,14
71321,60,50,10,10
71322,77,71,6,6
71323,81,72,9,9
71324,147,128,19,19
71325,75,62,13,13
71326,75,66,9,9
71327,85,86,-1,1
71328,94,83,11,11
71329,158,138,20,20
71330,103,74,29,29
71331,125,103,22,22
71332,119,128,-9,9
71333,109,97,12,12
71334,64,56,8,8
71335,74,71,3,3
71336,33,36,-3,3
71337,104,90,14,14
71338,73,75,-2,2
71339,148,114,34,34
71340,57,60,-3,3
71341,62,54,8,8
71342,143,123,20,20
71343,96,100,-4,4
71344,61,60,1,1
71345,126,112,14,14
71346,66,76,-10,10
71347,97,94,3,3
71348,58,57,1,1
71349,85,79,6,6
71350,207,163,44,44
71351,114,100,14,14
71352,105,94,11,11
71353,92,84,8,8
71354,80,72,8,8
71355,97,86,11,11
71356,93,83,10,10
71357,55,53,2,2
71358,89,76,13,13
71359,116,103,13,13
71360,98,90,8,8
71361,79,67,12,12
71362,127,115,12,12
71363,112,96,16,16
71364,131,104,27,27
71365,92,86,6,6
71366,81,74,7,7
71367,236,193,43,43
71368,110,111,-1,1
71369,66,65,1,1
71370,100,96,4,4
71371,98,91,7,7
71372,118,100,18,18
71373,91,88,3,3
71374,162,131,31,31
71375,77,67,10,10
71376,67,65,2,2
71377,131,116,15,15
71378,103,95,8,8
71379,57,57,0,0
71380,93,76,17,17
71381,72,74,-2,2
71382,67,55,12,12
71383,49,57,-8,8
71384,72,66,6,6
71385,56,49,7,7
71386,154,158,-4,4
71387,72,73,-1,1
71388,44,47,-3,3
71389,97,88,9,9
71390,173,128,45,45
71391,151,129,22,22
71392,92,79,13,13
71393,41,56,-15,15
71394,101,96,5,5
71395,151,120,31,31
71396,112,92,20,20
71397,82,78,4,4
71398,147,124,23,23
71399,104,82,22,22
71400,156,129,27,27
71401,69,62,7,7
71402,88,85,3,3
71403,49,54,-5,5
71404,72,70,2,2
71405,87,79,8,8
71406,83,73,10,10
71407,78,63,15,15
71408,109,99,10,10
71409,118,115,3,3
71410,146,175,-29,29
71411,95,82,13,13
71412,139,119,20,20
71413,112,106,6,6
71414,74,74,0,0
71415,101,97,4,4
71416,69,63,6,6
71417,60,54,6,6
71418,52,50,2,2
71419,70,65,5,5
71420,52,49,3,3
71421,93,87,6,6
71422,75,70,5,5
71423,50,59,-9,9
71424,64,62,2,2
71425,167,127,40,40
71426,59,58,1,1
71427,117,107,10,10
71428,97,88,9,9
71429,93,88,5,5
71430,70,70,0,0
71431,91,76,15,15
71432,52,50,2,2
71433,97,93,4,4
71434,66,52,14,14
71435,91,81,10,10
71436,72,98,-26,26
71437,113,95,18,18
71438,91,80,11,11
71439,50,59,-9,9
71440,85,97,-12,12
71441,167,146,21,21
71442,78,73,5,5
71443,149,126,23,23
71444,102,87,15,15
71445,116,102,14,14
71446,69,72,-3,3
71447,63,61,2,2
71448,108,104,4,4
71449,81,73,8,8
71450,82,74,8,8
71451,113,101,12,12
71452,83,78,5,5
71453,97,82,15,15
71454,78,86,-8,8
71455,102,93,9,9
71456,109,104,5,5
71457,64,70,-6,6
71458,98,86,12,12
71459,156,124,32,32
71460,126,113,13,13
71461,90,83,7,7
71462,122,106,16,16
71463,67,66,1,1
71464,60,55,5,5
71465,60,59,1,1
71466,73,67,6,6
71467,135,123,12,12
71468,116,102,14,14
71469,92,80,12,12
71470,116,104,12,12
71471,76,71,5,5
71472,137,119,18,18
71473,38,47,-9,9
71474,212,172,40,40
71475,115,101,14,14
71476,170,142,28,28
71477,140,142,-2,2
71478,194,148,46,46
71479,119,105,14,14
71480,46,47,-1,1
71481,67,61,6,6
71482,114,99,15,15
71483,107,111,-4,4
71484,83,90,-7,7
71485,103,88,15,15
71486,75,77,-2,2
71487,117,133,-16,16
71488,59,52,7,7
71489,68,84,-16,16
71490,117,107,10,10
71491,142,116,26,26
71492,50,45,5,5
71493,72,69,3,3
71494,114,114,0,0
71495,161,140,21,21
71496,104,91,13,13
71497,241,200,41,41
71498,72,67,5,5
71499,89,85,4,4
71500,76,70,6,6
71501,97,88,9,9
71502,93,79,14,14
71503,73,60,13,13
71504,67,52,15,15
71505,89,82,7,7
71506,91,84,7,7
71507,112,101,11,11
71508,156,140,16,16
71509,59,57,2,2
71510,71,72,-1,1
71511,35,36,-1,1
71512,60,56,4,4
71513,151,141,10,10
71514,83,77,6,6
71515,114,106,8,8
71516,66,57,9,9
71517,68,67,1,1
71518,128,113,15,15
71519,168,129,39,39
71520,84,77,7,7
71521,87,78,9,9
71522,94,85,9,9
71523,44,49,-5,5
71524,93,88,5,5
71525,135,113,22,22
71526,80,72,8,8
71527,105,89,16,16
71528,86,82,4,4
71529,115,102,13,13
71530,183,150,33,33
71531,120,103,17,17
71532,25,36,-11,11
71533,53,52,1,1
71534,131,103,28,28
71535,164,137,27,27
71536,74,70,4,4
71537,125,109,16,16
71538,91,88,3,3
71539,106,85,21,21
71540,95,83,12,12
71541,75,66,9,9
71542,114,96,18,18
71543,70,59,11,11
71544,89,75,14,14
71545,37,34,3,3
71546,90,77,13,13
71547,60,57,3,3
71548,106,99,7,7
71549,59,60,-1,1
71550,114,108,6,6
71551,69,62,7,7
71552,96,90,6,6
71553,90,73,17,17
71554,132,126,6,6
71555,117,107,10,10
71556,78,74,4,4
71557,63,64,-1,1
71558,96,93,3,3
71559,132,97,35,35
71560,83,73,10,10
71561,114,98,16,16
71562,109,94,15,15
71563,97,81,16,16
71564,81,76,5,5
71565,95,85,10,10
71566,82,77,5,5
71567,127,119,8,8
71568,108,98,10,10
71569,91,95,-4,4
71570,87,78,9,9
71571,92,81,11,11
71572,165,140,25,25
71573,85,79,6,6
71574,50,55,-5,5
71575,62,56,6,6
71576,97,89,8,8
71577,87,84,3,3
71578,66,57,9,9
71579,76,69,7,7
71580,75,72,3,3
71581,172,148,24,24
71582,45,46,-1,1
71583,86,82,4,4
71584,73,76,-3,3
71585,189,150,39,39
71586,65,63,2,2
71587,76,71,5,5
71588,95,86,9,9
71589,95,80,15,15
71590,87,81,6,6
71591,108,98,10,10
71592,91,74,17,17
71593,69,72,-3,3
71594,141,132,9,9
71595,75,70,5,5
71596,82,78,4,4
71597,55,51,4,4
71598,55,61,-6,6
71599,121,108,13,13
71600,55,48,7,7
71601,131,107,24,24
71602,111,93,18,18
71603,52,57,-5,5
71604,141,118,23,23
71605,82,75,7,7
71606,49,50,-1,1
71607,67,73,-6,6
71608,65,60,5,5
71609,116,108,8,8
71610,112,103,9,9
71611,117,101,16,16
71612,137,121,16,16
71613,95,93,2,2
71614,59,59,0,0
71615,84,83,1,1
71616,89,73,16,16
71617,137,123,14,14
71618,194,149,45,45
71619,144,117,27,27
71620,106,88,18,18
71621,122,98,24,24
71622,67,69,-2,2
71623,104,97,7,7
71624,114,100,14,14
71625,84,86,-2,2
71626,49,62,-13,13
71627,232,174,58,58
71628,79,68,11,11
71629,101,93,8,8
71630,105,94,11,11
71631,104,96,8,8
71632,221,171,50,50
71633,124,97,27,27
71634,154,129,25,25
71635,110,94,16,16
71636,75,71,4,4
71637,175,147,28,28
71638,162,148,14,14
71639,169,134,35,35
71640,82,84,-2,2
71641,69,63,6,6
71642,63,61,2,2
71643,101,96,5,5
71644,59,56,3,3
71645,123,112,11,11
71646,105,100,5,5
71647,99,82,17,17
71648,58,61,-3,3
71649,103,89,14,14
71650,77,79,-2,2
71651,64,56,8,8
71652,49,46,3,3
71653,96,87,9,9
71654,78,75,3,3
71655,124,117,7,7
71656,66,81,-15,15
71657,163,138,25,25
71658,140,134,6,6
71659,77,72,5,5
71660,55,59,-4,4
71661,64,56,8,8
71662,73,73,0,0
71663,86,81,5,5
71664,87,79,8,8
71665,80,78,2,2
71666,74,74,0,0
71667,69,58,11,11
71668,118,106,12,12
71669,74,73,1,1
71670,162,142,20,20
71671,63,64,-1,1
71672,88,80,8,8
71673,105,94,11,11
71674,70,54,16,16
71675,86,84,2,2
71676,82,75,7,7
71677,181,164,17,17
71678,60,58,2,2
71679,139,123,16,16
71680,45,38,7,7
71681,84,77,7,7
71682,87,75,12,12
71683,94,78,16,16
71684,94,85,9,9
71685,102,110,-8,8
71686,82,75,7,7
71687,102,81,21,21
71688,51,49,2,2
71689,91,80,11,11
71690,92,84,8,8
71691,119,107,12,12
71692,98,94,4,4
71693,92,80,12,12
71694,144,124,20,20
71695,117,109,8,8
71696,61,54,7,7
71697,55,46,9,9
71698,89,76,13,13
71699,83,76,7,7
71700,122,99,23,23
71701,101,94,7,7
71702,71,70,1,1
71703,183,160,23,23
71704,79,75,4,4
71705,68,74,-6,6
71706,124,111,13,13
71707,96,83,13,13
71708,82,74,8,8
71709,99,99,0,0
71710,145,112,33,33
71711,143,126,17,17
71712,131,120,11,11
71713,83,74,9,9
71714,118,118,0,0
71715,65,65,0,0
71716,52,56,-4,4
71717,78,70,8,8
71718,76,70,6,6
71719,142,117,25,25
71720,90,78,12,12
71721,64,62,2,2
71722,70,63,7,7
71723,81,83,-2,2
71724,155,133,22,22
71725,94,98,-4,4
71726,64,60,4,4
71727,83,74,9,9
71728,112,99,13,13
71729,112,87,25,25
71730,132,115,17,17
71731,84,71,13,13
71732,63,62,1,1
71733,78,76,2,2
71734,143,120,23,23
71735,71,70,1,1
71736,94,84,10,10
71737,75,68,7,7
71738,54,59,-5,5
71739,81,67,14,14
71740,72,72,0,0
71741,95,82,13,13
71742,136,115,21,21
71743,89,79,10,10
71744,66,65,1,1
71745,95,80,15,15
71746,85,77,8,8
71747,114,104,10,10
71748,70,60,10,10
71749,70,69,1,1
71750,115,106,9,9
71751,139,124,15,15
71752,104,90,14,14
71753,65,59,6,6
71754,145,120,25,25
71755,108,94,14,14
71756,81,75,6,6
71757,85,67,18,18
71758,59,61,-2,2
71759,146,139,7,7
71760,89,93,-4,4
71761,94,85,9,9
71762,82,73,9,9
71763,58,60,-2,2
71764,78,72,6,6
71765,92,77,15,15
71766,65,60,5,5
71767,100,87,13,13
71768,126,109,17,17
71769,115,96,19,19
71770,64,56,8,8
71771,67,67,0,0
71772,114,94,20,20
71773,73,67,6,6
71774,86,77,9,9
71775,92,77,15,15
71776,393,320,73,73
71777,121,123,-2,2
71778,77,78,-1,1
71779,106,86,20,20
71780,81,75,6,6
71781,99,80,19,19
71782,150,137,13,13
71783,98,90,8,8
71784,107,99,8,8
71785,59,52,7,7
71786,53,46,7,7
71787,99,86,13,13
71788,138,118,20,20
71789,58,60,-2,2
71790,85,76,9,9
71791,129,112,17,17
71792,60,54,6,6
71793,67,59,8,8
71794,107,92,15,15
71795,42,47,-5,5
71796,73,67,6,6
71797,81,82,-1,1
71798,154,117,37,37
71799,84,75,9,9
71800,67,65,2,2
71801,62,54,8,8
71802,93,80,13,13
71803,119,102,17,17
71804,112,97,15,15
71805,146,126,20,20
71806,45,43,2,2
71807,127,106,21,21
71808,87,78,9,9
71809,122,108,14,14
71810,83,71,12,12
71811,116,102,14,14
71812,95,92,3,3
71813,101,94,7,7
71814,132,113,19,19
71815,116,98,18,18
71816,79,66,13,13
71817,94,82,12,12
71818,131,110,21,21
71819,61,55,6,6
71820,66,62,4,4
71821,78,75,3,3
71822,145,136,9,9
71823,166,147,19,19
71824,88,75,13,13
71825,99,84,15,15
71826,85,82,3,3
71827,62,60,2,2
71828,85,80,5,5
71829,103,94,9,9
71830,123,129,-6,6
71831,43,47,-4,4
71832,89,88,1,1
71833,61,60,1,1
71834,65,62,3,3
71835,81,74,7,7
71836,77,67,10,10
71837,118,104,14,14
71838,53,50,3,3
71839,90,73,17,17
71840,101,105,-4,4
71841,88,80,8,8
71842,136,121,15,15
71843,142,122,20,20
71844,79,66,13,13
71845,124,112,12,12
71846,69,63,6,6
71847,55,54,1,1
71848,84,78,6,6
71849,34,35,-1,1
71850,86,72,14,14
71851,67,60,7,7
71852,234,188,46,46
71853,175,150,25,25
71854,50,45,5,5
71855,75,64,11,11
71856,61,58,3,3
71857,103,90,13,13
71858,59,53,6,6
71859,83,87,-4,4
71860,50,45,5,5
71861,89,83,6,6
71862,65,67,-2,2
71863,140,113,27,27
71864,158,139,19,19
71865,113,103,10,10
71866,118,110,8,8
71867,172,140,32,32
71868,119,109,10,10
71869,106,96,10,10
71870,146,129,17,17
71871,72,69,3,3
71872,84,77,7,7
71873,78,75,3,3
71874,58,52,6,6
71875,85,70,15,15
71876,137,116,21,21
71877,86,104,-18,18
71878,78,70,8,8
71879,88,85,3,3
71880,108,94,14,14
71881,104,86,18,18
71882,77,82,-5,5
71883,101,91,10,10
71884,109,95,14,14
71885,84,71,13,13
71886,70,61,9,9
71887,134,123,11,11
71888,51,45,6,6
71889,128,114,14,14
71890,103,102,1,1
71891,76,73,3,3
71892,101,98,3,3
71893,92,86,6,6
71894,72,71,1,1
71895,68,68,0,0
71896,84,78,6,6
71897,88,81,7,7
71898,119,111,8,8
71899,56,47,9,9
71900,31,36,-5,5
71901,91,85,6,6
71902,163,140,23,23
71903,124,104,20,20
71904,71,63,8,8
71905,101,86,15,15
71906,112,125,-13,13
71907,103,92,11,11
71908,74,67,7,7
71909,57,57,0,0
71910,137,121,16,16
71911,124,100,24,24
71912,77,82,-5,5
71913,83,74,9,9
71914,66,73,-7,7
71915,110,91,19,19
71916,65,63,2,2
71917,98,93,5,5
71918,87,77,10,10
71919,90,76,14,14
71920,140,124,16,16
71921,116,102,14,14
71922,128,107,21,21
71923,73,65,8,8
71924,155,157,-2,2
71925,96,90,6,6
71926,115,103,12,12
71927,63,60,3,3
71928,57,50,7,7
71929,113,108,5,5
71930,104,85,19,19
71931,53,55,-2,2
71932,62,59,3,3
71933,53,54,-1,1
71934,71,63,8,8
71935,76,72,4,4
71936,117,100,17,17
71937,57,58,-1,1
71938,79,66,13,13
71939,69,77,-8,8
71940,78,69,9,9
71941,40,56,-16,16
71942,58,67,-9,9
71943,105,89,16,16
71944,87,91,-4,4
71945,118,95,23,23
71946,101,103,-2,2
71947,32,34,-2,2
71948,75,71,4,4
71949,112,100,12,12
71950,112,92,20,20
71951,124,118,6,6
71952,68,63,5,5
71953,72,63,9,9
71954,52,49,3,3
71955,84,75,9,9
71956,78,70,8,8
71957,106,84,22,22
71958,126,114,12,12
71959,103,95,8,8
71960,110,87,23,23
71961,91,75,16,16
71962,149,123,26,26
71963,55,52,3,3
71964,113,98,15,15
71965,72,66,6,6
71966,79,76,3,3
71967,125,110,15,15
71968,126,107,19,19
71969,156,145,11,11
71970,69,63,6,6
71971,59,46,13,13
71972,92,100,-8,8
71973,65,61,4,4
71974,94,87,7,7
71975,76,79,-3,3
71976,145,125,20,20
71977,141,127,14,14
71978,71,69,2,2
71979,91,81,10,10
71980,56,58,-2,2
71981,107,100,7,7
71982,73,63,10,10
71983,120,121,-1,1
71984,109,71,38,38
71985,125,107,18,18
71986,80,71,9,9
71987,55,53,2,2
71988,92,85,7,7
71989,125,107,18,18
71990,74,69,5,5
71991,65,69,-4,4
71992,85,80,5,5
71993,41,44,-3,3
71994,73,76,-3,3
71995,133,94,39,39
71996,48,46,2,2
71997,81,71,10,10
71998,109,107,2,2
71999,98,87,11,11
72000,123,111,12,12
72001,103,98,5,5
72002,79,73,6,6
72003,60,60,0,0
72004,93,85,8,8
72005,162,118,44,44
72006,121,102,19,19
72007,113,111,2,2
72008,64,64,0,0
72009,61,59,2,2
72010,110,97,13,13
72011,106,92,14,14
72012,111,96,15,15
72013,72,75,-3,3
72014,50,43,7,7
72015,58,46,12,12
72016,112,108,4,4
72017,86,88,-2,2
72018,77,70,7,7
72019,116,103,13,13
72020,77,72,5,5
72021,156,129,27,27
72022,94,88,6,6
72023,152,125,27,27
72024,153,135,18,18
72025,91,83,8,8
72026,114,99,15,15
72027,54,54,0,0
72028,68,60,8,8
72029,108,115,-7,7
72030,144,123,21,21
72031,122,103,19,19
72032,94,89,5,5
72033,100,85,15,15
72034,63,63,0,0
72035,109,94,15,15
72036,92,75,17,17
72037,104,88,16,16
72038,80,64,16,16
72039,83,73,10,10
72040,115,106,9,9
72041,149,135,14,14
72042,111,102,9,9
72043,64,66,-2,2
72044,117,95,22,22
72045,68,65,3,3
72046,98,84,14,14
72047,58,55,3,3
72048,109,91,18,18
72049,84,72,12,12
72050,59,60,-1,1
72051,122,98,24,24
72052,67,66,1,1
72053,74,61,13,13
72054,65,64,1,1
72055,95,81,14,14
72056,90,83,7,7
72057,71,66,5,5
72058,46,40,6,6
72059,37,58,-21,21
72060,128,110,18,18
72061,110,96,14,14
72062,98,96,2,2
72063,55,49,6,6
72064,118,99,19,19
72065,28,34,-6,6
72066,164,138,26,26
72067,97,90,7,7
72068,149,119,30,30
72069,100,83,17,17
72070,102,100,2,2
72071,99,89,10,10
72072,170,130,40,40
72073,124,115,9,9
72074,109,112,-3,3
72075,146,124,22,22
72076,170,155,15,15
72077,85,62,23,23
72078,106,92,14,14
72079,96,88,8,8
72080,105,94,11,11
72081,116,95,21,21
72082,61,59,2,2
72083,114,102,12,12
72084,105,94,11,11
72085,163,151,12,12
72086,50,49,1,1
72087,141,109,32,32
72088,79,80,-1,1
72089,129,110,19,19
72090,82,74,8,8
72091,61,57,4,4
72092,69,66,3,3
72093,62,70,-8,8
72094,93,82,11,11
72095,92,89,3,3
72096,91,94,-3,3
72097,45,43,2,2
72098,167,141,26,26
72099,71,65,6,6
72100,43,45,-2,2
72101,122,110,12,12
72102,73,60,13,13
72103,99,86,13,13
72104,82,73,9,9
72105,119,98,21,21
72106,135,108,27,27
72107,46,43,3,3
72108,102,86,16,16
72109,66,59,7,7
72110,159,143,16,16
72111,93,83,10,10
72112,93,77,16,16
72113,71,65,6,6
72114,106,80,26,26
72115,99,85,14,14
72116,145,142,3,3
72117,102,99,3,3
72118,146,128,18,18
72119,129,113,16,16
72120,105,104,1,1
72121,119,99,20,20
72122,49,50,-1,1
72123,114,97,17,17
72124,137,123,14,14
72125,84,76,8,8
72126,63,59,4,4
72127,120,101,19,19
72128,63,55,8,8
72129,153,130,23,23
72130,73,74,-1,1
72131,110,92,18,18
72132,178,151,27,27
72133,73,89,-16,16
72134,80,68,12,12
72135,98,87,11,11
72136,122,111,11,11
72137,122,109,13,13
72138,95,88,7,7
72139,100,94,6,6
72140,107,99,8,8
72141,86,71,15,15
72142,62,55,7,7
72143,77,71,6,6
72144,49,51,-2,2
72145,68,67,1,1
72146,25,33,-8,8
72147,83,73,10,10
72148,54,42,12,12
72149,122,110,12,12
72150,115,107,8,8
72151,92,78,14,14
72152,120,115,5,5
72153,161,138,23,23
72154,100,87,13,13
72155,127,121,6,6
72156,56,57,-1,1
72157,120,105,15,15
72158,319,260,59,59
72159,161,134,27,27
72160,120,97,23,23
72161,119,98,21,21
72162,119,92,27,27
72163,155,122,33,33
72164,90,83,7,7
72165,43,48,-5,5
72166,67,56,11,11
72167,75,63,12,12
72168,86,76,10,10
72169,107,91,16,16
72170,109,99,10,10
72171,105,99,6,6
72172,120,110,10,10
72173,57,53,4,4
72174,81,78,3,3
72175,114,99,15,15
72176,101,88,13,13
72177,104,87,17,17
72178,105,85,20,20
72179,93,87,6,6
72180,117,103,14,14
72181,93,80,13,13
72182,60,57,3,3
72183,81,62,19,19
72184,96,87,9,9
72185,99,91,8,8
72186,88,74,14,14
72187,113,106,7,7
72188,91,91,0,0
72189,142,119,23,23
72190,95,86,9,9
72191,79,76,3,3
72192,80,85,-5,5
72193,54,49,5,5
72194,124,103,21,21
72195,86,84,2,2
72196,154,119,35,35
72197,77,74,3,3
72198,129,103,26,26
72199,196,153,43,43
72200,78,72,6,6
72201,63,64,-1,1
72202,176,145,31,31
72203,102,91,11,11
72204,102,94,8,8
72205,92,82,10,10
72206,145,122,23,23
72207,64,60,4,4
72208,100,84,16,16
72209,96,105,-9,9
72210,96,78,18,18
72211,51,48,3,3
72212,61,66,-5,5
72213,129,110,19,19
72214,196,163,33,33
72215,61,58,3,3
72216,86,77,9,9
72217,69,72,-3,3
72218,121,101,20,20
72219,87,85,2,2
72220,105,88,17,17
72221,67,74,-7,7
72222,71,79,-8,8
72223,165,137,28,28
72224,132,112,20,20
72225,171,145,26,26
72226,81,71,10,10
72227,142,124,18,18
72228,75,70,5,5
72229,102,85,17,17
72230,86,84,2,2
72231,136,114,22,22
72232,63,57,6,6
72233,122,115,7,7
72234,89,84,5,5
72235,97,94,3,3
72236,67,63,4,4
72237,105,91,14,14
72238,64,57,7,7
72239,85,87,-2,2
72240,99,95,4,4
72241,80,64,16,16
72242,115,98,17,17
72243,65,62,3,3
72244,104,83,21,21
72245,115,103,12,12
72246,147,129,18,18
72247,105,93,12,12
72248,141,122,19,19
72249,163,140,23,23
72250,129,109,20,20
72251,90,84,6,6
72252,73,72,1,1
72253,101,81,20,20
72254,103,95,8,8
72255,53,56,-3,3
72256,67,65,2,2
72257,78,73,5,5
72258,75,65,10,10
72259,76,70,6,6
72260,105,95,10,10
72261,103,87,16,16
72262,108,101,7,7
72263,154,122,32,32
72264,84,80,4,4
72265,125,108,17,17
72266,71,65,6,6
72267,84,82,2,2
72268,81,75,6,6
72269,95,88,7,7
72270,249,188,61,61
72271,101,92,9,9
72272,69,68,1,1
72273,109,104,5,5
72274,76,70,6,6
72275,92,86,6,6
72276,56,59,-3,3
72277,85,85,0,0
72278,51,52,-1,1
72279,117,96,21,21
72280,74,71,3,3
72281,184,150,34,34
72282,82,79,3,3
72283,93,91,2,2
72284,87,73,14,14
72285,56,53,3,3
72286,65,58,7,7
72287,95,80,15,15
72288,112,105,7,7
72289,110,98,12,12
72290,137,122,15,15
72291,73,68,5,5
72292,128,108,20,20
72293,99,79,20,20
72294,133,115,18,18
72295,109,97,12,12
72296,74,79,-5,5
72297,99,82,17,17
72298,23,35,-12,12
72299,87,89,-2,2
72300,175,149,26,26
72301,71,70,1,1
72302,64,65,-1,1
72303,74,77,-3,3
72304,127,115,12,12
72305,136,127,9,9
72306,114,102,12,12
72307,143,124,19,19
72308,115,102,13,13
72309,83,83,0,0
72310,118,103,15,15
72311,64,60,4,4
72312,94,87,7,7
72313,69,57,12,12
72314,142,120,22,22
72315,75,66,9,9
72316,58,54,4,4
72317,19,33,-14,14
72318,83,80,3,3
72319,59,58,1,1
72320,99,90,9,9
72321,69,68,1,1
72322,95,81,14,14
72323,248,185,63,63
72324,129,114,15,15
72325,45,48,-3,3
72326,129,116,13,13
72327,99,84,15,15
72328,98,85,13,13
72329,115,107,8,8
72330,136,125,11,11
72331,111,94,17,17
72332,98,94,4,4
72333,85,86,-1,1
72334,141,122,19,19
72335,94,93,1,1
72336,94,85,9,9
72337,112,108,4,4
72338,107,98,9,9
72339,127,112,15,15
72340,113,93,20,20
72341,131,104,27,27
72342,69,70,-1,1
72343,51,51,0,0
72344,148,123,25,25
72345,79,63,16,16
72346,108,99,9,9
72347,105,102,3,3
72348,82,91,-9,9
72349,152,145,7,7
72350,77,76,1,1
72351,96,95,1,1
72352,118,122,-4,4
72353,176,153,23,23
72354,161,148,13,13
72355,74,66,8,8
72356,89,90,-1,1
72357,126,121,5,5
72358,105,93,12,12
72359,102,92,10,10
72360,74,75,-1,1
72361,122,106,16,16
72362,80,75,5,5
72363,75,69,6,6
72364,148,131,17,17
72365,129,112,17,17
72366,68,63,5,5
72367,74,80,-6,6
72368,96,78,18,18
72369,88,77,11,11
72370,53,62,-9,9
72371,79,72,7,7
72372,78,69,9,9
72373,69,67,2,2
72374,134,111,23,23
72375,77,69,8,8
72376,144,114,30,30
72377,102,94,8,8
72378,112,113,-1,1
72379,122,103,19,19
72380,87,79,8,8
72381,111,104,7,7
72382,102,89,13,13
72383,73,70,3,3
72384,86,78,8,8
72385,74,67,7,7
72386,132,108,24,24
72387,128,116,12,12
72388,130,113,17,17
72389,62,58,4,4
72390,44,46,-2,2
72391,78,76,2,2
72392,95,85,10,10
72393,95,76,19,19
72394,116,104,12,12
72395,80,73,7,7
72396,57,56,1,1
72397,84,90,-6,6
72398,122,102,20,20
72399,115,107,8,8
72400,185,141,44,44
72401,144,109,35,35
72402,54,53,1,1
72403,125,111,14,14
72404,107,102,5,5
72405,140,129,11,11
72406,59,57,2,2
72407,64,60,4,4
72408,83,77,6,6
72409,56,53,3,3
72410,79,66,13,13
72411,58,53,5,5
72412,92,87,5,5
72413,138,121,17,17
72414,110,95,15,15
72415,197,155,42,42
72416,102,91,11,11
72417,75,67,8,8
72418,127,107,20,20
72419,95,91,4,4
72420,64,54,10,10
72421,68,69,-1,1
72422,174,148,26,26
72423,61,58,3,3
72424,74,65,9,9
72425,106,96,10,10
72426,60,59,1,1
72427,73,79,-6,6
72428,92,81,11,11
72429,189,142,47,47
72430,99,85,14,14
72431,147,122,25,25
72432,120,105,15,15
72433,75,73,2,2
72434,57,53,4,4
72435,56,52,4,4
72436,73,67,6,6
72437,67,61,6,6
72438,176,144,32,32
72439,131,117,14,14
72440,101,89,12,12
72441,77,67,10,10
72442,90,102,-12,12
72443,106,100,6,6
72444,120,107,13,13
72445,82,72,10,10
72446,117,104,13,13
72447,57,71,-14,14
72448,57,65,-8,8
72449,104,91,13,13
72450,85,75,10,10
72451,112,103,9,9
72452,89,83,6,6
72453,88,92,-4,4
72454,87,71,16,16
72455,103,110,-7,7
72456,151,123,28,28
72457,92,87,5,5
72458,98,81,17,17
72459,63,68,-5,5
72460,88,82,6,6
72461,85,75,10,10
72462,29,34,-5,5
72463,88,90,-2,2
72464,105,101,4,4
72465,108,94,14,14
72466,69,61,8,8
72467,100,89,11,11
72468,67,68,-1,1
72469,78,63,15,15
72470,97,91,6,6
72471,84,67,17,17
72472,57,61,-4,4
72473,124,104,20,20
72474,117,102,15,15
72475,101,85,16,16
72476,104,97,7,7
72477,97,97,0,0
72478,69,62,7,7
72479,105,95,10,10
72480,78,78,0,0
72481,75,64,11,11
72482,67,56,11,11
72483,182,149,33,33
72484,49,53,-4,4
72485,89,83,6,6
72486,72,67,5,5
72487,97,90,7,7
72488,72,66,6,6
72489,66,58,8,8
72490,118,114,4,4
72491,49,53,-4,4
72492,87,74,13,13
72493,157,121,36,36
72494,63,61,2,2
72495,69,70,-1,1
72496,163,153,10,10
72497,221,188,33,33
72498,60,61,-1,1
72499,97,90,7,7
72500,64,52,12,12
72501,87,90,-3,3
72502,101,93,8,8
72503,96,89,7,7
72504,111,107,4,4
72505,67,63,4,4
72506,112,102,10,10
72507,92,75,17,17
72508,90,90,0,0
72509,127,120,7,7
72510,62,61,1,1
72511,82,80,2,2
72512,131,104,27,27
72513,66,57,9,9
72514,122,115,7,7
72515,80,84,-4,4
72516,83,79,4,4
72517,71,73,-2,2
72518,76,65,11,11
72519,130,121,9,9
72520,72,58,14,14
72521,51,49,2,2
72522,114,106,8,8
72523,62,63,-1,1
72524,46,40,6,6
72525,58,61,-3,3
72526,84,86,-2,2
72527,69,64,5,5
72528,59,103,-44,44
72529,65,63,2,2
72530,175,150,25,25
72531,135,119,16,16
72532,106,94,12,12
72533,72,74,-2,2
72534,124,110,14,14
72535,126,109,17,17
72536,120,108,12,12
72537,92,83,9,9
72538,68,62,6,6
72539,109,94,15,15
72540,74,79,-5,5
72541,61,60,1,1
72542,96,86,10,10
72543,115,115,0,0
72544,88,85,3,3
72545,112,99,13,13
72546,182,150,32,32
72547,156,134,22,22
72548,156,132,24,24
72549,103,82,21,21
72550,89,79,10,10
72551,114,95,19,19
72552,106,86,20,20
72553,85,70,15,15
72554,107,90,17,17
72555,75,68,7,7
72556,84,79,5,5
72557,120,107,13,13
72558,95,79,16,16
72559,48,46,2,2
72560,65,56,9,9
72561,59,63,-4,4
72562,85,77,8,8
72563,125,108,17,17
72564,89,78,11,11
72565,92,80,12,12
72566,131,120,11,11
72567,83,77,6,6
72568,81,70,11,11
72569,82,70,12,12
72570,66,62,4,4
72571,126,116,10,10
72572,167,135,32,32
72573,103,96,7,7
72574,119,101,18,18
72575,133,117,16,16
72576,138,126,12,12
72577,136,116,20,20
72578,57,55,2,2
72579,111,98,13,13
72580,75,73,2,2
72581,64,60,4,4
72582,111,103,8,8
72583,126,111,15,15
72584,147,124,23,23
72585,188,146,42,42
72586,123,66,57,57
72587,87,88,-1,1
72588,77,71,6,6
72589,82,71,11,11
72590,83,77,6,6
72591,69,71,-2,2
72592,136,125,11,11
72593,53,55,-2,2
72594,81,74,7,7
72595,124,111,13,13
72596,111,96,15,15
72597,120,107,13,13
72598,66,68,-2,2
72599,68,62,6,6
72600,147,137,10,10
72601,193,153,40,40
72602,62,56,6,6
72603,113,103,10,10
72604,83,77,6,6
72605,114,108,6,6
72606,138,125,13,13
72607,63,67,-4,4
72608,153,124,29,29
72609,75,74,1,1
72610,104,95,9,9
72611,138,130,8,8
72612,86,70,16,16
72613,85,79,6,6
72614,132,119,13,13
72615,86,79,7,7
72616,60,63,-3,3
72617,119,104,15,15
72618,233,185,48,48
72619,125,120,5,5
72620,128,111,17,17
72621,135,124,11,11
72622,92,79,13,13
72623,134,115,19,19
72624,108,95,13,13
72625,154,125,29,29
72626,149,130,19,19
72627,112,95,17,17
72628,117,103,14,14
72629,158,137,21,21
72630,83,73,10,10
72631,92,85,7,7
72632,80,70,10,10
72633,86,83,3,3
72634,23,33,-10,10
72635,90,83,7,7
72636,129,116,13,13
72637,122,108,14,14
72638,49,53,-4,4
72639,58,60,-2,2
72640,115,97,18,18
72641,92,83,9,9
72642,146,145,1,1
72643,69,78,-9,9
72644,107,105,2,2
72645,152,128,24,24
72646,106,89,17,17
72647,78,73,5,5
72648,122,100,22,22
72649,97,95,2,2
72650,62,62,0,0
72651,125,114,11,11
72652,172,143,29,29
72653,73,69,4,4
72654,88,79,9,9
72655,69,67,2,2
72656,72,60,12,12
72657,87,80,7,7
72658,53,51,2,2
72659,65,63,2,2
72660,117,104,13,13
72661,105,99,6,6
72662,168,141,27,27
72663,83,85,-2,2
72664,65,65,0,0
72665,108,94,14,14
72666,45,49,-4,4
72667,123,101,22,22
72668,62,63,-1,1
72669,69,67,2,2
72670,65,63,2,2
72671,88,90,-2,2
72672,70,66,4,4
72673,115,101,14,14
72674,68,58,10,10
72675,109,98,11,11
72676,117,107,10,10
72677,68,65,3,3
72678,93,83,10,10
72679,76,68,8,8
72680,147,122,25,25
72681,124,106,18,18
72682,146,127,19,19
72683,104,102,2,2
72684,85,80,5,5
72685,107,86,21,21
72686,131,107,24,24
72687,71,63,8,8
72688,78,67,11,11
72689,69,67,2,2
72690,124,116,8,8
72691,101,86,15,15
72692,64,56,8,8
72693,69,63,6,6
72694,60,63,-3,3
72695,97,84,13,13
72696,78,70,8,8
72697,106,116,-10,10
72698,102,88,14,14
72699,102,90,12,12
72700,135,119,16,16
72701,84,86,-2,2
72702,132,110,22,22
72703,81,71,10,10
72704,55,48,7,7
72705,80,69,11,11
72706,89,94,-5,5
72707,218,317,-99,99
72708,68,61,7,7
72709,136,104,32,32
72710,78,67,11,11
72711,66,66,0,0
72712,115,103,12,12
72713,102,85,17,17
72714,64,63,1,1
72715,32,33,-1,1
72716,61,54,7,7
72717,98,90,8,8
72718,87,69,18,18
72719,75,58,17,17
72720,131,110,21,21
72721,82,85,-3,3
72722,102,87,15,15
72723,68,59,9,9
72724,129,113,16,16
72725,147,126,21,21
72726,54,53,1,1
72727,95,87,8,8
72728,181,153,28,28
72729,102,98,4,4
72730,49,50,-1,1
72731,100,84,16,16
72732,72,70,2,2
72733,137,131,6,6
72734,57,53,4,4
72735,85,73,12,12
72736,69,65,4,4
72737,44,36,8,8
72738,102,92,10,10
72739,140,124,16,16
72740,59,59,0,0
72741,59,61,-2,2
72742,67,60,7,7
72743,96,90,6,6
72744,54,42,12,12
72745,81,71,10,10
72746,154,131,23,23
72747,134,126,8,8
72748,100,78,22,22
72749,104,87,17,17
72750,92,92,0,0
72751,63,59,4,4
72752,115,90,25,25
72753,55,55,0,0
72754,163,135,28,28
72755,122,111,11,11
72756,106,93,13,13
72757,90,87,3,3
72758,97,85,12,12
72759,69,68,1,1
72760,86,78,8,8
72761,87,81,6,6
72762,134,109,25,25
72763,83,82,1,1
72764,96,89,7,7
72765,75,65,10,10
72766,91,76,15,15
72767,74,64,10,10
72768,105,96,9,9
72769,109,96,13,13
72770,50,63,-13,13
72771,83,67,16,16
72772,101,90,11,11
72773,98,93,5,5
72774,78,73,5,5
72775,115,93,22,22
72776,151,128,23,23
72777,50,44,6,6
72778,111,103,8,8
72779,75,77,-2,2
72780,191,163,28,28
72781,82,73,9,9
72782,133,110,23,23
72783,131,116,15,15
72784,69,63,6,6
72785,112,95,17,17
72786,52,55,-3,3
72787,109,111,-2,2
72788,82,80,2,2
72789,106,101,5,5
72790,36,40,-4,4
72791,84,76,8,8
72792,103,90,13,13
72793,56,54,2,2
72794,78,72,6,6
72795,69,64,5,5
72796,67,64,3,3
72797,83,82,1,1
72798,103,96,7,7
72799,84,77,7,7
72800,68,68,0,0
72801,78,72,6,6
72802,118,101,17,17
72803,112,99,13,13
72804,108,99,9,9
72805,113,98,15,15
72806,116,91,25,25
72807,67,61,6,6
72808,110,99,11,11
72809,100,85,15,15
72810,111,91,20,20
72811,82,79,3,3
72812,157,135,22,22
72813,75,73,2,2
72814,102,91,11,11
72815,90,82,8,8
72816,60,59,1,1
72817,88,82,6,6
72818,96,88,8,8
72819,117,123,-6,6
72820,76,76,0,0
72821,166,132,34,34
72822,187,136,51,51
72823,73,61,12,12
72824,91,89,2,2
72825,125,112,13,13
72826,60,61,-1,1
72827,91,81,10,10
72828,99,102,-3,3
72829,80,66,14,14
72830,125,109,16,16
72831,111,106,5,5
72832,54,54,0,0
72833,192,154,38,38
72834,159,132,27,27
72835,71,63,8,8
72836,80,76,4,4
72837,58,57,1,1
72838,78,67,11,11
72839,146,120,26,26
72840,73,64,9,9
72841,178,143,35,35
72842,94,87,7,7
72843,131,110,21,21
72844,70,56,14,14
72845,126,115,11,11
72846,84,74,10,10
72847,80,77,3,3
72848,214,164,50,50
72849,111,99,12,12
72850,134,124,10,10
72851,89,84,5,5
72852,124,125,-1,1
72853,112,96,16,16
72854,94,93,1,1
72855,110,97,13,13
72856,143,125,18,18
72857,70,67,3,3
72858,112,104,8,8
72859,88,78,10,10
72860,89,75,14,14
72861,78,69,9,9
72862,121,102,19,19
72863,69,64,5,5
72864,82,75,7,7
72865,137,149,-12,12
72866,116,105,11,11
72867,169,142,27,27
72868,108,89,19,19
72869,62,56,6,6
72870,66,76,-10,10
72871,126,106,20,20
72872,77,65,12,12
72873,170,141,29,29
72874,48,48,0,0
72875,123,102,21,21
72876,135,116,19,19
72877,128,113,15,15
72878,108,97,11,11
72879,102,85,17,17
72880,89,82,7,7
72881,68,67,1,1
72882,83,70,13,13
72883,174,150,24,24
72884,130,102,28,28
72885,176,144,32,32
72886,87,88,-1,1
72887,69,59,10,10
72888,69,67,2,2
72889,100,80,20,20
72890,164,139,25,25
72891,94,92,2,2
72892,82,73,9,9
72893,191,170,21,21
72894,99,93,6,6
72895,78,76,2,2
72896,68,64,4,4
72897,121,96,25,25
72898,128,111,17,17
72899,149,129,20,20
72900,164,136,28,28
72901,74,70,4,4
72902,67,58,9,9
72903,59,60,-1,1
72904,100,105,-5,5
72905,62,69,-7,7
72906,100,93,7,7
72907,79,76,3,3
72908,137,138,-1,1
72909,74,69,5,5
72910,94,85,9,9
72911,119,91,28,28
72912,103,88,15,15
72913,95,85,10,10
72914,60,52,8,8
72915,111,96,15,15
72916,34,36,-2,2
72917,78,81,-3,3
72918,97,87,10,10
72919,111,100,11,11
72920,85,83,2,2
72921,149,125,24,24
72922,90,77,13,13
72923,49,48,1,1
72924,138,118,20,20
72925,69,62,7,7
72926,79,66,13,13
72927,70,61,9,9
72928,82,77,5,5
72929,79,75,4,4
72930,85,87,-2,2
72931,89,77,12,12
72932,67,64,3,3
72933,106,104,2,2
72934,70,72,-2,2
72935,74,76,-2,2
72936,55,59,-4,4
72937,164,145,19,19
72938,77,68,9,9
72939,57,53,4,4
72940,97,96,1,1
72941,136,127,9,9
72942,83,75,8,8
72943,66,62,4,4
72944,92,88,4,4
72945,92,85,7,7
72946,71,60,11,11
72947,67,70,-3,3
72948,150,123,27,27
72949,69,67,2,2
72950,132,112,20,20
72951,194,164,30,30
72952,137,122,15,15
72953,68,65,3,3
72954,90,87,3,3
72955,113,99,14,14
72956,61,52,9,9
72957,160,133,27,27
72958,149,132,17,17
72959,48,51,-3,3
72960,128,115,13,13
72961,102,91,11,11
72962,95,88,7,7
72963,68,58,10,10
72964,164,137,27,27
72965,92,91,1,1
72966,100,85,15,15
72967,68,70,-2,2
72968,81,75,6,6
72969,87,75,12,12
72970,121,96,25,25
72971,95,89,6,6
72972,99,76,23,23
72973,59,61,-2,2
72974,140,113,27,27
72975,109,84,25,25
72976,147,123,24,24
72977,84,78,6,6
72978,111,96,15,15
72979,85,82,3,3
72980,63,65,-2,2
72981,64,58,6,6
72982,75,65,10,10
72983,136,105,31,31
72984,140,127,13,13
72985,45,46,-1,1
72986,159,140,19,19
72987,110,92,18,18
72988,54,60,-6,6
72989,129,116,13,13
72990,170,156,14,14
72991,111,99,12,12
72992,72,62,10,10
72993,129,115,14,14
72994,67,63,4,4
72995,159,150,9,9
72996,60,61,-1,1
72997,91,83,8,8
72998,126,102,24,24
72999,240,181,59,59
73000,113,100,13,13
73001,85,72,13,13
73002,54,60,-6,6
73003,68,62,6,6
73004,89,77,12,12
73005,142,118,24,24
73006,146,121,25,25
73007,87,78,9,9
73008,122,113,9,9
73009,81,55,26,26
73010,77,72,5,5
73011,113,94,19,19
73012,182,164,18,18
73013,111,95,16,16
73014,97,81,16,16
73015,90,79,11,11
73016,149,126,23,23
73017,62,69,-7,7
73018,121,108,13,13
73019,90,80,10,10
73020,64,53,11,11
73021,158,137,21,21
73022,89,80,9,9
73023,93,82,11,11
73024,82,70,12,12
73025,80,78,2,2
73026,231,203,28,28
73027,52,54,-2,2
73028,185,150,35,35
73029,125,116,9,9
73030,116,98,18,18
73031,70,66,4,4
73032,92,80,12,12
73033,135,125,10,10
73034,83,81,2,2
73035,78,73,5,5
73036,89,78,11,11
73037,98,85,13,13
73038,74,74,0,0
73039,117,106,11,11
73040,65,178,-113,113
73041,80,73,7,7
73042,82,73,9,9
73043,144,132,12,12
73044,64,58,6,6
73045,144,124,20,20
73046,46,42,4,4
73047,29,34,-5,5
73048,81,73,8,8
73049,115,103,12,12
73050,99,86,13,13
73051,80,71,9,9
73052,111,96,15,15
73053,113,101,12,12
73054,119,93,26,26
73055,49,43,6,6
73056,128,111,17,17
73057,168,139,29,29
73058,52,49,3,3
73059,115,102,13,13
73060,230,178,52,52
73061,113,116,-3,3
73062,66,58,8,8
73063,102,91,11,11
73064,52,50,2,2
73065,94,84,10,10
73066,69,66,3,3
73067,146,136,10,10
73068,130,113,17,17
73069,82,67,15,15
73070,51,47,4,4
73071,114,97,17,17
73072,58,63,-5,5
73073,70,71,-1,1
73074,74,67,7,7
73075,75,63,12,12
73076,54,47,7,7
73077,134,123,11,11
73078,46,42,4,4
73079,79,69,10,10
73080,66,69,-3,3
73081,114,105,9,9
73082,76,78,-2,2
73083,149,129,20,20
73084,126,107,19,19
73085,91,89,2,2
73086,56,51,5,5
73087,131,115,16,16
73088,119,118,1,1
73089,119,108,11,11
73090,124,110,14,14
73091,142,126,16,16
73092,215,168,47,47
73093,59,55,4,4
73094,60,55,5,5
73095,76,75,1,1
73096,54,47,7,7
73097,78,81,-3,3
73098,133,127,6,6
73099,56,51,5,5
73100,79,76,3,3
73101,74,63,11,11
73102,55,61,-6,6
73103,62,53,9,9
73104,47,44,3,3
73105,112,103,9,9
73106,112,95,17,17
73107,122,105,17,17
73108,104,94,10,10
73109,81,91,-10,10
73110,76,77,-1,1
73111,61,55,6,6
73112,230,163,67,67
73113,87,78,9,9
73114,94,80,14,14
73115,83,73,10,10
73116,154,120,34,34
73117,140,117,23,23
73118,81,77,4,4
73119,78,69,9,9
73120,112,94,18,18
73121,133,110,23,23
73122,72,70,2,2
73123,150,111,39,39
73124,133,117,16,16
73125,74,62,12,12
73126,122,108,14,14
73127,90,81,9,9
73128,69,60,9,9
73129,75,74,1,1
73130,50,44,6,6
73131,135,116,19,19
73132,126,109,17,17
73133,68,82,-14,14
73134,88,81,7,7
73135,78,77,1,1
73136,55,56,-1,1
73137,94,90,4,4
73138,57,60,-3,3
73139,70,66,4,4
73140,150,129,21,21
73141,67,67,0,0
73142,78,75,3,3
73143,82,76,6,6
73144,123,114,9,9
73145,75,63,12,12
73146,151,136,15,15
73147,79,69,10,10
73148,116,97,19,19
73149,89,76,13,13
73150,143,122,21,21
73151,94,87,7,7
73152,94,92,2,2
73153,81,79,2,2
73154,77,75,2,2
73155,85,80,5,5
73156,104,102,2,2
73157,58,56,2,2
73158,76,75,1,1
73159,72,67,5,5
73160,90,77,13,13
73161,126,121,5,5
73162,81,75,6,6
73163,113,101,12,12
73164,72,73,-1,1
73165,111,103,8,8
73166,94,81,13,13
73167,77,68,9,9
73168,76,65,11,11
73169,91,77,14,14
73170,84,80,4,4
73171,50,56,-6,6
73172,111,104,7,7
73173,160,137,23,23
73174,90,76,14,14
73175,165,154,11,11
73176,153,122,31,31
73177,38,41,-3,3
73178,76,84,-8,8
73179,73,67,6,6
73180,99,94,5,5
73181,64,62,2,2
73182,148,124,24,24
73183,146,128,18,18
73184,86,80,6,6
73185,70,68,2,2
73186,74,64,10,10
73187,102,88,14,14
73188,76,65,11,11
73189,115,98,17,17
73190,111,97,14,14
73191,67,67,0,0
73192,120,112,8,8
73193,72,68,4,4
73194,93,82,11,11
73195,256,214,42,42
73196,157,135,22,22
73197,70,65,5,5
73198,95,94,1,1
73199,99,90,9,9
73200,94,85,9,9
73201,81,71,10,10
73202,102,87,15,15
73203,107,98,9,9
73204,137,115,22,22
73205,91,83,8,8
73206,90,87,3,3
73207,68,64,4,4
73208,59,57,2,2
73209,86,81,5,5
73210,118,117,1,1
73211,197,170,27,27
73212,55,57,-2,2
73213,82,72,10,10
73214,96,91,5,5
73215,88,88,0,0
73216,72,81,-9,9
73217,56,55,1,1
73218,110,95,15,15
73219,75,67,8,8
73220,107,105,2,2
73221,100,96,4,4
73222,137,113,24,24
73223,76,70,6,6
73224,174,151,23,23
73225,101,96,5,5
73226,85,76,9,9
73227,53,56,-3,3
73228,108,89,19,19
73229,82,73,9,9
73230,84,83,1,1
73231,92,85,7,7
73232,125,123,2,2
73233,93,93,0,0
73234,54,56,-2,2
73235,113,96,17,17
73236,196,171,25,25
73237,71,62,9,9
73238,75,67,8,8
73239,46,49,-3,3
73240,107,99,8,8
73241,82,81,1,1
73242,88,93,-5,5
73243,57,51,6,6
73244,153,133,20,20
73245,131,123,8,8
73246,111,113,-2,2
73247,136,121,15,15
73248,58,57,1,1
73249,85,80,5,5
73250,98,83,15,15
73251,80,75,5,5
73252,82,82,0,0
73253,74,64,10,10
73254,135,112,23,23
73255,88,81,7,7
73256,27,37,-10,10
73257,60,60,0,0
73258,82,72,10,10
73259,176,155,21,21
73260,163,132,31,31
73261,130,120,10,10
73262,120,102,18,18
73263,143,111,32,32
73264,138,126,12,12
73265,88,78,10,10
73266,125,111,14,14
73267,81,73,8,8
73268,56,52,4,4
73269,70,68,2,2
73270,59,58,1,1
73271,117,121,-4,4
73272,35,40,-5,5
73273,115,95,20,20
73274,59,58,1,1
73275,88,76,12,12
73276,124,116,8,8
73277,110,88,22,22
73278,118,100,18,18
73279,103,84,19,19
73280,121,110,11,11
73281,78,71,7,7
73282,69,67,2,2
73283,129,110,19,19
73284,75,66,9,9
73285,54,50,4,4
73286,185,148,37,37
73287,105,91,14,14
73288,65,57,8,8
73289,145,118,27,27
73290,134,113,21,21
73291,102,88,14,14
73292,75,68,7,7
73293,106,91,15,15
73294,122,109,13,13
73295,42,44,-2,2
73296,144,133,11,11
73297,104,90,14,14
73298,117,100,17,17
73299,69,66,3,3
73300,63,68,-5,5
73301,184,135,49,49
73302,96,86,10,10
73303,86,71,15,15
73304,98,91,7,7
73305,78,72,6,6
73306,91,82,9,9
73307,53,49,4,4
73308,79,71,8,8
73309,141,119,22,22
73310,82,72,10,10
73311,49,47,2,2
73312,109,91,18,18
73313,61,59,2,2
73314,90,85,5,5
73315,61,51,10,10
73316,94,95,-1,1
73317,134,123,11,11
73318,65,66,-1,1
73319,136,121,15,15
73320,164,141,23,23
73321,98,95,3,3
73322,83,76,7,7
73323,40,41,-1,1
73324,67,73,-6,6
73325,90,80,10,10
73326,62,53,9,9
73327,60,54,6,6
73328,115,94,21,21
73329,135,123,12,12
73330,75,69,6,6
73331,35,58,-23,23
73332,94,96,-2,2
73333,113,96,17,17
73334,133,115,18,18
73335,103,71,32,32
73336,108,89,19,19
73337,65,62,3,3
73338,67,54,13,13
73339,121,105,16,16
73340,89,92,-3,3
73341,69,65,4,4
73342,128,114,14,14
73343,99,83,16,16
73344,100,90,10,10
73345,88,71,17,17
73346,160,134,26,26
73347,94,80,14,14
73348,111,102,9,9
73349,83,72,11,11
73350,51,58,-7,7
73351,126,109,17,17
73352,150,121,29,29
73353,57,53,4,4
73354,63,63,0,0
73355,112,103,9,9
73356,196,167,29,29
73357,71,69,2,2
73358,152,130,22,22
73359,87,81,6,6
73360,59,56,3,3
73361,144,125,19,19
73362,122,102,20,20
73363,61,63,-2,2
73364,99,97,2,2
73365,74,63,11,11
73366,68,63,5,5
73367,92,88,4,4
73368,147,134,13,13
73369,114,99,15,15
73370,64,61,3,3
73371,92,73,19,19
73372,85,74,11,11
73373,100,85,15,15
73374,142,118,24,24
73375,34,36,-2,2
73376,107,87,20,20
73377,110,94,16,16
73378,154,138,16,16
73379,69,64,5,5
73380,91,91,0,0
73381,124,103,21,21
73382,71,59,12,12
73383,61,51,10,10
73384,110,94,16,16
73385,86,86,0,0
73386,143,119,24,24
73387,65,61,4,4
73388,82,70,12,12
73389,90,88,2,2
73390,156,143,13,13
73391,177,151,26,26
73392,108,95,13,13
73393,100,100,0,0
73394,60,64,-4,4
73395,81,84,-3,3
73396,99,91,8,8
73397,63,80,-17,17
73398,87,93,-6,6
73399,53,46,7,7
73400,47,47,0,0
73401,65,69,-4,4
73402,79,68,11,11
73403,65,62,3,3
73404,99,93,6,6
73405,61,57,4,4
73406,101,99,2,2
73407,75,62,13,13
73408,99,96,3,3
73409,84,76,8,8
73410,130,111,19,19
73411,147,118,29,29
73412,103,93,10,10
73413,48,44,4,4
73414,88,79,9,9
73415,115,98,17,17
73416,81,78,3,3
73417,69,71,-2,2
73418,144,130,14,14
73419,103,88,15,15
73420,84,74,10,10
73421,175,161,14,14
73422,133,108,25,25
73423,88,81,7,7
73424,112,102,10,10
73425,98,91,7,7
73426,79,70,9,9
73427,65,60,5,5
73428,75,79,-4,4
73429,101,95,6,6
73430,44,45,-1,1
73431,89,80,9,9
73432,107,97,10,10
73433,85,78,7,7
73434,42,46,-4,4
73435,86,83,3,3
73436,92,79,13,13
73437,70,70,0,0
73438,79,73,6,6
73439,39,51,-12,12
73440,90,80,10,10
73441,126,104,22,22
73442,116,100,16,16
73443,69,67,2,2
73444,51,54,-3,3
73445,107,92,15,15
73446,88,77,11,11
73447,104,86,18,18
73448,81,67,14,14
73449,78,71,7,7
73450,87,78,9,9
73451,63,69,-6,6
73452,92,85,7,7
73453,125,116,9,9
73454,113,98,15,15
73455,50,47,3,3
73456,71,65,6,6
73457,78,74,4,4
73458,65,62,3,3
73459,145,123,22,22
73460,64,55,9,9
73461,83,77,6,6
73462,162,130,32,32
73463,84,77,7,7
73464,149,134,15,15
73465,68,65,3,3
73466,84,80,4,4
73467,74,61,13,13
73468,106,96,10,10
73469,87,83,4,4
73470,102,105,-3,3
73471,142,114,28,28
73472,159,134,25,25
73473,49,46,3,3
73474,133,122,11,11
73475,89,80,9,9
73476,47,48,-1,1
73477,111,103,8,8
73478,79,68,11,11
73479,108,106,2,2
73480,58,56,2,2
73481,111,104,7,7
73482,46,45,1,1
73483,69,62,7,7
73484,144,128,16,16
73485,122,107,15,15
73486,114,100,14,14
73487,60,56,4,4
73488,75,74,1,1
73489,79,73,6,6
73490,97,92,5,5
73491,177,158,19,19
73492,111,94,17,17
73493,35,41,-6,6
73494,133,107,26,26
73495,58,50,8,8
73496,114,91,23,23
73497,80,76,4,4
73498,133,104,29,29
73499,116,106,10,10
73500,88,68,20,20
73501,126,106,20,20
73502,135,113,22,22
73503,85,81,4,4
73504,154,135,19,19
73505,118,102,16,16
73506,92,82,10,10
73507,146,133,13,13
73508,63,61,2,2
73509,77,76,1,1
73510,113,96,17,17
73511,110,104,6,6
73512,63,62,1,1
73513,78,67,11,11
73514,130,112,18,18
73515,64,57,7,7
73516,81,79,2,2
73517,75,62,13,13
73518,41,45,-4,4
73519,139,120,19,19
73520,60,57,3,3
73521,81,77,4,4
73522,108,95,13,13
73523,102,88,14,14
73524,63,59,4,4
73525,111,95,16,16
73526,42,43,-1,1
73527,93,86,7,7
73528,106,100,6,6
73529,92,78,14,14
73530,87,78,9,9
73531,100,92,8,8
73532,73,68,5,5
73533,65,58,7,7
73534,84,84,0,0
73535,158,142,16,16
73536,73,67,6,6
73537,116,114,2,2
73538,79,81,-2,2
73539,114,98,16,16
73540,108,98,10,10
73541,89,78,11,11
73542,65,69,-4,4
73543,123,107,16,16
73544,70,70,0,0
73545,58,57,1,1
73546,61,63,-2,2
73547,118,120,-2,2
73548,91,89,2,2
73549,82,82,0,0
73550,42,49,-7,7
73551,43,43,0,0
73552,144,116,28,28
73553,60,66,-6,6
73554,29,42,-13,13
73555,111,89,22,22
73556,69,64,5,5
73557,192,155,37,37
73558,88,95,-7,7
73559,64,59,5,5
73560,131,119,12,12
73561,107,102,5,5
73562,95,95,0,0
73563,70,68,2,2
73564,51,45,6,6
73565,195,162,33,33
73566,77,72,5,5
73567,117,110,7,7
73568,87,73,14,14
73569,46,43,3,3
73570,71,64,7,7
73571,65,60,5,5
73572,171,161,10,10
73573,106,95,11,11
73574,82,76,6,6
73575,130,108,22,22
73576,58,61,-3,3
73577,105,100,5,5
73578,121,112,9,9
73579,148,137,11,11
73580,87,78,9,9
73581,98,92,6,6
73582,74,77,-3,3
73583,138,122,16,16
73584,95,90,5,5
73585,104,91,13,13
73586,64,57,7,7
73587,74,70,4,4
73588,126,96,30,30
73589,93,90,3,3
73590,80,72,8,8
73591,62,61,1,1
73592,56,58,-2,2
73593,91,86,5,5
73594,202,165,37,37
73595,97,91,6,6
73596,109,106,3,3
73597,62,45,17,17
73598,156,137,19,19
73599,62,56,6,6
73600,156,140,16,16
73601,60,58,2,2
73602,67,60,7,7
73603,109,101,8,8
73604,129,109,20,20
73605,126,106,20,20
73606,141,120,21,21
73607,117,95,22,22
73608,167,144,23,23
73609,123,117,6,6
73610,127,105,22,22
73611,70,62,8,8
73612,67,63,4,4
73613,93,84,9,9
73614,79,71,8,8
73615,80,73,7,7
73616,81,80,1,1
73617,77,68,9,9
73618,57,56,1,1
73619,125,121,4,4
73620,137,113,24,24
73621,98,93,5,5
73622,76,67,9,9
73623,99,84,15,15
73624,88,79,9,9
73625,71,65,6,6
73626,85,75,10,10
73627,93,86,7,7
73628,112,92,20,20
73629,63,61,2,2
73630,79,85,-6,6
73631,90,85,5,5
73632,71,65,6,6
73633,67,77,-10,10
73634,147,113,34,34
73635,57,70,-13,13
73636,61,57,4,4
73637,100,87,13,13
73638,79,69,10,10
73639,136,103,33,33
73640,88,85,3,3
73641,67,63,4,4
73642,173,148,25,25
73643,111,92,19,19
73644,96,76,20,20
73645,91,77,14,14
73646,90,76,14,14
73647,93,81,12,12
73648,99,91,8,8
73649,57,52,5,5
73650,71,62,9,9
73651,165,138,27,27
73652,91,94,-3,3
73653,59,55,4,4
73654,103,93,10,10
73655,72,68,4,4
73656,95,83,12,12
73657,86,70,16,16
73658,142,106,36,36
73659,92,83,9,9
73660,86,83,3,3
73661,143,119,24,24
73662,37,40,-3,3
73663,66,62,4,4
73664,121,104,17,17
73665,89,80,9,9
73666,54,66,-12,12
73667,64,60,4,4
73668,48,44,4,4
73669,33,36,-3,3
73670,154,131,23,23
73671,55,54,1,1
73672,85,72,13,13
73673,68,63,5,5
73674,88,82,6,6
73675,61,56,5,5
73676,123,104,19,19
73677,98,91,7,7
73678,161,138,23,23
73679,53,54,-1,1
73680,68,69,-1,1
73681,131,112,19,19
73682,100,89,11,11
73683,64,58,6,6
73684,109,104,5,5
73685,87,78,9,9
73686,78,73,5,5
73687,56,56,0,0
73688,96,82,14,14
73689,104,90,14,14
73690,94,86,8,8
73691,66,60,6,6
73692,106,90,16,16
73693,132,127,5,5
73694,142,108,34,34
73695,112,107,5,5
73696,104,73,31,31
73697,129,122,7,7
73698,107,94,13,13
73699,137,130,7,7
73700,81,78,3,3
73701,57,53,4,4
73702,126,106,20,20
73703,57,65,-8,8
73704,141,115,26,26
73705,94,82,12,12
73706,56,62,-6,6
73707,100,84,16,16
73708,65,64,1,1
73709,153,132,21,21
73710,106,97,9,9
73711,65,61,4,4
73712,89,83,6,6
73713,69,56,13,13
73714,172,145,27,27
73715,74,70,4,4
73716,55,58,-3,3
73717,95,84,11,11
73718,80,76,4,4
73719,72,69,3,3
73720,69,65,4,4
73721,77,78,-1,1
73722,136,115,21,21
73723,60,55,5,5
73724,106,90,16,16
73725,98,84,14,14
73726,113,101,12,12
73727,66,61,5,5
73728,117,99,18,18
73729,75,69,6,6
73730,123,109,14,14
73731,54,48,6,6
73732,157,148,9,9
73733,100,86,14,14
73734,74,71,3,3
73735,61,59,2,2
73736,72,69,3,3
73737,81,71,10,10
73738,138,132,6,6
73739,137,127,10,10
73740,163,127,36,36
73741,65,73,-8,8
73742,130,115,15,15
73743,68,70,-2,2
73744,97,83,14,14
73745,167,141,26,26
73746,93,71,22,22
73747,63,64,-1,1
73748,91,79,12,12
73749,174,143,31,31
73750,138,111,27,27
73751,75,69,6,6
73752,129,124,5,5
73753,116,95,21,21
73754,47,40,7,7
73755,116,96,20,20
73756,103,88,15,15
73757,112,94,18,18
73758,133,110,23,23
73759,55,57,-2,2
73760,75,73,2,2
73761,53,51,2,2
73762,88,89,-1,1
73763,132,112,20,20
73764,35,36,-1,1
73765,45,49,-4,4
73766,67,63,4,4
73767,124,100,24,24
73768,148,124,24,24
73769,138,112,26,26
73770,98,84,14,14
73771,81,73,8,8
73772,54,53,1,1
73773,35,38,-3,3
73774,69,60,9,9
73775,66,61,5,5
73776,116,99,17,17
73777,86,76,10,10
73778,95,88,7,7
73779,95,90,5,5
73780,61,55,6,6
73781,79,72,7,7
73782,74,87,-13,13
73783,117,103,14,14
73784,63,61,2,2
73785,138,108,30,30
73786,125,113,12,12
73787,95,86,9,9
73788,66,63,3,3
73789,53,52,1,1
73790,83,76,7,7
73791,60,62,-2,2
73792,52,52,0,0
73793,55,49,6,6
73794,100,96,4,4
73795,91,96,-5,5
73796,87,79,8,8
73797,63,51,12,12
73798,122,89,33,33
73799,75,68,7,7
73800,57,63,-6,6
73801,55,54,1,1
73802,110,91,19,19
73803,88,84,4,4
73804,155,148,7,7
73805,96,90,6,6
73806,81,71,10,10
73807,102,90,12,12
73808,141,113,28,28
73809,105,92,13,13
73810,68,61,7,7
73811,80,70,10,10
73812,94,93,1,1
73813,60,57,3,3
73814,107,84,23,23
73815,112,100,12,12
73816,92,86,6,6
73817,86,70,16,16
73818,131,105,26,26
73819,62,56,6,6
73820,146,131,15,15
73821,67,72,-5,5
73822,77,74,3,3
73823,101,94,7,7
73824,80,68,12,12
73825,97,77,20,20
73826,140,117,23,23
73827,128,126,2,2
73828,108,99,9,9
73829,91,81,10,10
73830,91,87,4,4
73831,87,76,11,11
73832,151,118,33,33
73833,91,86,5,5
73834,161,131,30,30
73835,60,59,1,1
73836,135,113,22,22
73837,73,81,-8,8
73838,88,92,-4,4
73839,71,65,6,6
73840,80,76,4,4
73841,50,47,3,3
73842,106,92,14,14
73843,66,62,4,4
73844,90,87,3,3
73845,122,117,5,5
73846,99,86,13,13
73847,73,67,6,6
73848,60,56,4,4
73849,63,71,-8,8
73850,105,110,-5,5
73851,34,36,-2,2
73852,74,77,-3,3
73853,122,104,18,18
73854,123,99,24,24
73855,66,58,8,8
73856,122,105,17,17
73857,114,95,19,19
73858,165,148,17,17
73859,139,137,2,2
73860,58,46,12,12
73861,70,67,3,3
73862,71,61,10,10
73863,158,160,-2,2
73864,66,60,6,6
73865,166,117,49,49
73866,129,118,11,11
73867,91,82,9,9
73868,109,118,-9,9
73869,118,117,1,1
73870,90,86,4,4
73871,125,107,18,18
73872,94,81,13,13
73873,107,90,17,17
73874,144,111,33,33
73875,83,73,10,10
73876,71,71,0,0
73877,93,83,10,10
73878,103,92,11,11
73879,78,73,5,5
73880,33,71,-38,38
73881,44,73,-29,29
73882,129,108,21,21
73883,210,169,41,41
73884,98,84,14,14
73885,60,70,-10,10
73886,110,94,16,16
73887,56,56,0,0
73888,149,123,26,26
73889,86,78,8,8
73890,101,90,11,11
73891,80,70,10,10
73892,96,87,9,9
73893,66,62,4,4
73894,73,68,5,5
73895,87,68,19,19
73896,73,63,10,10
73897,96,82,14,14
73898,36,42,-6,6
73899,171,181,-10,10
73900,125,112,13,13
73901,82,77,5,5
73902,79,68,11,11
73903,148,123,25,25
73904,137,119,18,18
73905,82,78,4,4
73906,72,86,-14,14
73907,57,55,2,2
73908,162,143,19,19
73909,148,121,27,27
73910,82,71,11,11
73911,76,74,2,2
73912,72,62,10,10
73913,42,38,4,4
73914,102,97,5,5
73915,61,63,-2,2
73916,107,98,9,9
73917,72,61,11,11
73918,117,113,4,4
73919,70,63,7,7
73920,60,56,4,4
73921,110,87,23,23
73922,94,86,8,8
73923,121,114,7,7
73924,102,92,10,10
73925,61,60,1,1
73926,69,65,4,4
73927,51,59,-8,8
73928,113,110,3,3
73929,148,150,-2,2
73930,129,110,19,19
73931,60,54,6,6
73932,82,92,-10,10
73933,149,125,24,24
73934,64,57,7,7
73935,95,90,5,5
73936,105,92,13,13
73937,129,113,16,16
73938,140,125,15,15
73939,143,131,12,12
73940,67,59,8,8
73941,81,74,7,7
73942,131,108,23,23
73943,61,52,9,9
73944,95,85,10,10
73945,121,106,15,15
73946,96,77,19,19
73947,159,123,36,36
73948,51,49,2,2
73949,72,69,3,3
73950,83,77,6,6
73951,114,99,15,15
73952,90,85,5,5
73953,72,65,7,7
73954,88,75,13,13
73955,149,122,27,27
73956,69,61,8,8
73957,67,66,1,1
73958,65,67,-2,2
73959,119,112,7,7
73960,146,119,27,27
73961,75,78,-3,3
73962,175,143,32,32
73963,109,103,6,6
73964,80,73,7,7
73965,99,84,15,15
73966,137,121,16,16
73967,77,86,-9,9
73968,44,64,-20,20
73969,96,84,12,12
73970,55,51,4,4
73971,113,96,17,17
73972,108,96,12,12
73973,55,51,4,4
73974,138,108,30,30
73975,74,67,7,7
73976,69,67,2,2
73977,131,114,17,17
73978,129,144,-15,15
73979,103,93,10,10
73980,50,48,2,2
73981,90,85,5,5
73982,42,40,2,2
73983,140,138,2,2
73984,76,86,-10,10
73985,113,97,16,16
73986,43,48,-5,5
73987,73,78,-5,5
73988,116,105,11,11
73989,112,108,4,4
73990,126,116,10,10
73991,98,92,6,6
73992,83,76,7,7
73993,51,55,-4,4
73994,73,83,-10,10
73995,220,169,51,51
73996,72,74,-2,2
73997,63,59,4,4
73998,107,98,9,9
73999,90,77,13,13
74000,50,54,-4,4
74001,100,87,13,13
74002,126,106,20,20
74003,73,68,5,5
74004,88,85,3,3
74005,65,72,-7,7
74006,73,64,9,9
74007,83,78,5,5
74008,118,109,9,9
74009,77,66,11,11
74010,175,149,26,26
74011,101,88,13,13
74012,72,65,7,7
74013,84,79,5,5
74014,320,327,-7,7
74015,86,91,-5,5
74016,48,48,0,0
74017,82,69,13,13
74018,111,91,20,20
74019,83,77,6,6
74020,105,107,-2,2
74021,87,86,1,1
74022,92,84,8,8
74023,106,94,12,12
74024,179,157,22,22
74025,123,102,21,21
74026,68,69,-1,1
74027,52,45,7,7
74028,155,118,37,37
74029,97,100,-3,3
74030,78,74,4,4
74031,52,47,5,5
74032,62,58,4,4
74033,92,83,9,9
74034,113,95,18,18
74035,141,121,20,20
74036,66,66,0,0
74037,97,81,16,16
74038,80,92,-12,12
74039,71,85,-14,14
74040,117,102,15,15
74041,202,166,36,36
74042,89,77,12,12
74043,65,67,-2,2
74044,83,83,0,0
74045,151,127,24,24
74046,68,58,10,10
74047,84,82,2,2
74048,114,98,16,16
74049,67,63,4,4
74050,48,44,4,4
74051,108,100,8,8
74052,159,122,37,37
74053,84,74,10,10
74054,153,126,27,27
74055,52,63,-11,11
74056,159,137,22,22
74057,118,108,10,10
74058,83,81,2,2
74059,50,48,2,2
74060,125,107,18,18
74061,41,83,-42,42
74062,62,68,-6,6
74063,85,71,14,14
74064,133,119,14,14
74065,129,107,22,22
74066,97,91,6,6
74067,102,95,7,7
74068,23,34,-11,11
74069,74,72,2,2
74070,41,48,-7,7
74071,108,104,4,4
74072,104,95,9,9
74073,108,86,22,22
74074,97,87,10,10
74075,74,71,3,3
74076,94,84,10,10
74077,78,70,8,8
74078,117,108,9,9
74079,119,109,10,10
74080,60,49,11,11
74081,86,75,11,11
74082,84,79,5,5
74083,72,67,5,5
74084,93,89,4,4
74085,72,67,5,5
74086,156,123,33,33
74087,73,69,4,4
74088,108,97,11,11
74089,126,122,4,4
74090,93,86,7,7
74091,79,64,15,15
74092,181,140,41,41
74093,83,71,12,12
74094,119,107,12,12
74095,71,65,6,6
74096,77,68,9,9
74097,104,108,-4,4
74098,72,72,0,0
74099,68,64,4,4
74100,98,88,10,10
74101,57,71,-14,14
74102,80,96,-16,16
74103,73,69,4,4
74104,191,155,36,36
74105,100,84,16,16
74106,132,107,25,25
74107,40,37,3,3
74108,54,52,2,2
74109,154,136,18,18
74110,139,120,19,19
74111,107,94,13,13
74112,128,107,21,21
74113,133,113,20,20
74114,83,69,14,14
74115,63,80,-17,17
74116,81,73,8,8
74117,163,138,25,25
74118,109,98,11,11
74119,63,58,5,5
74120,90,81,9,9
74121,81,85,-4,4
74122,66,60,6,6
74123,120,112,8,8
74124,89,78,11,11
74125,67,66,1,1
74126,85,81,4,4
74127,78,73,5,5
74128,75,73,2,2
74129,198,164,34,34
74130,92,82,10,10
74131,118,97,21,21
74132,57,57,0,0
74133,155,133,22,22
74134,86,76,10,10
74135,67,59,8,8
74136,178,131,47,47
74137,68,65,3,3
74138,85,77,8,8
74139,79,77,2,2
74140,93,77,16,16
74141,50,53,-3,3
74142,58,54,4,4
74143,104,95,9,9
74144,100,87,13,13
74145,201,163,38,38
74146,105,98,7,7
74147,105,99,6,6
74148,90,84,6,6
74149,68,70,-2,2
74150,74,73,1,1
74151,60,56,4,4
74152,59,67,-8,8
74153,97,95,2,2
74154,87,76,11,11
74155,55,60,-5,5
74156,111,95,16,16
74157,119,95,24,24
74158,115,105,10,10
74159,59,50,9,9
74160,61,57,4,4
74161,30,55,-25,25
74162,96,84,12,12
74163,131,103,28,28
74164,183,161,22,22
74165,161,149,12,12
74166,146,131,15,15
74167,200,165,35,35
74168,100,92,8,8
74169,114,101,13,13
74170,108,97,11,11
74171,73,66,7,7
74172,75,65,10,10
74173,72,67,5,5
74174,143,136,7,7
74175,101,85,16,16
74176,66,63,3,3
74177,164,130,34,34
74178,85,77,8,8
74179,88,78,10,10
74180,98,91,7,7
74181,54,87,-33,33
74182,95,88,7,7
74183,64,65,-1,1
74184,144,124,20,20
74185,105,94,11,11
74186,102,99,3,3
74187,114,87,27,27
74188,54,54,0,0
74189,112,94,18,18
74190,181,144,37,37
74191,110,93,17,17
74192,75,61,14,14
74193,51,58,-7,7
74194,98,87,11,11
74195,85,80,5,5
74196,54,59,-5,5
74197,57,58,-1,1
74198,77,80,-3,3
74199,66,71,-5,5
74200,84,70,14,14
74201,102,97,5,5
74202,124,114,10,10
74203,129,111,18,18
74204,195,173,22,22
74205,111,99,12,12
74206,109,108,1,1
74207,68,62,6,6
74208,57,53,4,4
74209,76,80,-4,4
74210,99,88,11,11
74211,78,78,0,0
74212,124,107,17,17
74213,83,71,12,12
74214,82,70,12,12
74215,73,64,9,9
74216,66,64,2,2
74217,102,93,9,9
74218,107,104,3,3
74219,101,88,13,13
74220,119,110,9,9
74221,120,120,0,0
74222,69,67,2,2
74223,80,89,-9,9
74224,113,100,13,13
74225,63,64,-1,1
74226,94,78,16,16
74227,146,132,14,14
74228,109,96,13,13
74229,117,97,20,20
74230,66,64,2,2
74231,151,119,32,32
74232,60,52,8,8
74233,146,139,7,7
74234,135,119,16,16
74235,90,75,15,15
74236,48,51,-3,3
74237,71,65,6,6
74238,155,136,19,19
74239,86,70,16,16
74240,111,111,0,0
74241,96,86,10,10
74242,137,134,3,3
74243,81,78,3,3
74244,60,60,0,0
74245,83,85,-2,2
74246,106,94,12,12
74247,67,67,0,0
74248,52,50,2,2
74249,104,91,13,13
74250,73,75,-2,2
74251,87,82,5,5
74252,148,135,13,13
74253,77,66,11,11
74254,92,83,9,9
74255,201,168,33,33
74256,50,50,0,0
74257,149,131,18,18
74258,150,117,33,33
74259,89,91,-2,2
74260,131,112,19,19
74261,73,63,10,10
74262,83,80,3,3
74263,155,135,20,20
74264,80,55,25,25
74265,128,114,14,14
74266,59,55,4,4
74267,85,86,-1,1
74268,87,94,-7,7
74269,85,76,9,9
74270,72,64,8,8
74271,72,73,-1,1
74272,56,53,3,3
74273,127,114,13,13
74274,73,64,9,9
74275,94,75,19,19
74276,72,64,8,8
74277,48,43,5,5
74278,130,104,26,26
74279,103,83,20,20
74280,96,75,21,21
74281,140,132,8,8
74282,63,63,0,0
74283,61,55,6,6
74284,78,69,9,9
74285,75,64,11,11
74286,81,79,2,2
74287,79,77,2,2
74288,94,84,10,10
74289,117,102,15,15
74290,59,54,5,5
74291,84,75,9,9
74292,149,125,24,24
74293,109,100,9,9
74294,46,52,-6,6
74295,131,108,23,23
74296,118,100,18,18
74297,83,84,-1,1
74298,68,80,-12,12
74299,70,80,-10,10
74300,49,49,0,0
74301,73,66,7,7
74302,132,120,12,12
74303,93,77,16,16
74304,159,140,19,19
74305,107,99,8,8
74306,185,151,34,34
74307,143,126,17,17
74308,60,64,-4,4
74309,78,67,11,11
74310,106,99,7,7
74311,98,80,18,18
74312,101,79,22,22
74313,39,52,-13,13
74314,104,97,7,7
74315,51,59,-8,8
74316,88,75,13,13
74317,83,77,6,6
74318,116,117,-1,1
74319,59,55,4,4
74320,88,78,10,10
74321,206,156,50,50
74322,147,112,35,35
74323,40,46,-6,6
74324,45,45,0,0
74325,89,82,7,7
74326,146,124,22,22
74327,76,76,0,0
74328,92,69,23,23
74329,35,40,-5,5
74330,77,85,-8,8
74331,104,99,5,5
74332,97,82,15,15
74333,135,114,21,21
74334,63,57,6,6
74335,54,52,2,2
74336,117,108,9,9
74337,79,70,9,9
74338,64,64,0,0
74339,63,59,4,4
74340,63,59,4,4
74341,80,75,5,5
74342,136,117,19,19
74343,106,87,19,19
74344,76,68,8,8
74345,80,73,7,7
74346,126,110,16,16
74347,96,81,15,15
74348,56,52,4,4
74349,124,114,10,10
74350,137,120,17,17
74351,63,63,0,0
74352,59,57,2,2
74353,102,89,13,13
74354,41,37,4,4
74355,84,80,4,4
74356,99,92,7,7
74357,108,105,3,3
74358,125,114,11,11
74359,115,100,15,15
74360,84,76,8,8
74361,100,96,4,4
74362,128,115,13,13
74363,60,59,1,1
74364,77,75,2,2
74365,63,56,7,7
74366,90,92,-2,2
74367,64,68,-4,4
74368,61,49,12,12
74369,99,95,4,4
74370,97,92,5,5
74371,65,53,12,12
74372,99,92,7,7
74373,181,148,33,33
74374,83,81,2,2
74375,102,92,10,10
74376,136,129,7,7
74377,56,50,6,6
74378,132,114,18,18
74379,76,72,4,4
74380,101,88,13,13
74381,110,86,24,24
74382,51,46,5,5
74383,60,62,-2,2
74384,127,115,12,12
74385,81,99,-18,18
74386,59,56,3,3
74387,82,75,7,7
74388,103,89,14,14
74389,99,87,12,12
74390,50,42,8,8
74391,85,91,-6,6
74392,67,57,10,10
74393,125,105,20,20
74394,93,81,12,12
74395,116,101,15,15
74396,68,70,-2,2
74397,77,70,7,7
74398,95,87,8,8
74399,59,62,-3,3
74400,111,91,20,20
74401,79,77,2,2
74402,84,82,2,2
74403,89,85,4,4
74404,164,144,20,20
74405,72,67,5,5
74406,78,75,3,3
74407,149,140,9,9
74408,95,73,22,22
74409,85,68,17,17
74410,96,88,8,8
74411,72,61,11,11
74412,112,91,21,21
74413,77,68,9,9
74414,40,42,-2,2
74415,110,99,11,11
74416,59,66,-7,7
74417,107,95,12,12
74418,66,69,-3,3
74419,87,74,13,13
74420,72,68,4,4
74421,85,84,1,1
74422,49,47,2,2
74423,72,70,2,2
74424,156,152,4,4
74425,75,57,18,18
74426,83,71,12,12
74427,107,96,11,11
74428,97,82,15,15
74429,108,95,13,13
74430,89,73,16,16
74431,103,104,-1,1
74432,133,117,16,16
74433,56,51,5,5
74434,77,71,6,6
74435,88,85,3,3
74436,106,102,4,4
74437,134,123,11,11
74438,81,80,1,1
74439,126,111,15,15
74440,69,66,3,3
74441,120,145,-25,25
74442,121,105,16,16
74443,62,58,4,4
74444,85,75,10,10
74445,93,83,10,10
74446,111,99,12,12
74447,99,106,-7,7
74448,50,51,-1,1
74449,98,99,-1,1
74450,83,69,14,14
74451,94,93,1,1
74452,144,130,14,14
74453,49,47,2,2
74454,46,42,4,4
74455,87,84,3,3
74456,80,77,3,3
74457,150,114,36,36
74458,67,68,-1,1
74459,39,36,3,3
74460,82,71,11,11
74461,76,72,4,4
74462,56,52,4,4
74463,33,42,-9,9
74464,95,83,12,12
74465,67,54,13,13
74466,87,83,4,4
74467,101,86,15,15
74468,62,58,4,4
74469,62,67,-5,5
74470,93,78,15,15
74471,71,57,14,14
74472,79,74,5,5
74473,86,76,10,10
74474,70,67,3,3
74475,117,102,15,15
74476,51,61,-10,10
74477,168,143,25,25
74478,120,96,24,24
74479,99,86,13,13
74480,73,74,-1,1
74481,120,109,11,11
74482,136,114,22,22
74483,57,60,-3,3
74484,89,77,12,12
74485,89,87,2,2
74486,81,80,1,1
74487,72,57,15,15
74488,104,90,14,14
74489,141,120,21,21
74490,79,72,7,7
74491,167,140,27,27
74492,86,78,8,8
74493,138,112,26,26
74494,66,63,3,3
74495,59,54,5,5
74496,110,111,-1,1
74497,82,71,11,11
74498,92,84,8,8
74499,62,55,7,7
74500,82,67,15,15
74501,62,63,-1,1
74502,94,81,13,13
74503,135,138,-3,3
74504,227,216,11,11
74505,85,76,9,9
74506,74,77,-3,3
74507,106,124,-18,18
74508,52,51,1,1
74509,96,98,-2,2
74510,97,89,8,8
74511,143,126,17,17
74512,84,65,19,19
74513,77,63,14,14
74514,49,47,2,2
74515,116,101,15,15
74516,67,84,-17,17
74517,74,76,-2,2
74518,83,75,8,8
74519,77,69,8,8
74520,113,100,13,13
74521,125,108,17,17
74522,59,55,4,4
74523,62,61,1,1
74524,148,130,18,18
74525,56,60,-4,4
74526,85,87,-2,2
74527,158,129,29,29
74528,79,79,0,0
74529,87,74,13,13
74530,115,132,-17,17
74531,62,57,5,5
74532,78,71,7,7
74533,107,88,19,19
74534,129,113,16,16
74535,109,92,17,17
74536,46,48,-2,2
74537,73,63,10,10
74538,47,43,4,4
74539,57,56,1,1
74540,136,126,10,10
74541,74,66,8,8
74542,73,65,8,8
74543,117,102,15,15
74544,64,50,14,14
74545,65,68,-3,3
74546,61,57,4,4
74547,40,47,-7,7
74548,84,73,11,11
74549,96,85,11,11
74550,108,88,20,20
74551,148,130,18,18
74552,111,99,12,12
74553,131,123,8,8
74554,55,57,-2,2
74555,132,112,20,20
74556,156,115,41,41
74557,68,61,7,7
74558,109,94,15,15
74559,65,58,7,7
74560,78,66,12,12
74561,136,113,23,23
74562,190,172,18,18
74563,157,139,18,18
74564,110,100,10,10
74565,50,54,-4,4
74566,123,118,5,5
74567,127,109,18,18
74568,88,82,6,6
74569,116,102,14,14
74570,85,83,2,2
74571,116,99,17,17
74572,181,149,32,32
74573,87,83,4,4
74574,135,123,12,12
74575,64,70,-6,6
74576,92,82,10,10
74577,59,58,1,1
74578,81,65,16,16
74579,71,65,6,6
74580,130,124,6,6
74581,96,80,16,16
74582,86,74,12,12
74583,107,112,-5,5
74584,118,101,17,17
74585,93,86,7,7
74586,88,85,3,3
74587,54,58,-4,4
74588,101,93,8,8
74589,58,58,0,0
74590,109,92,17,17
74591,106,101,5,5
74592,139,122,17,17
74593,50,51,-1,1
74594,168,149,19,19
74595,115,113,2,2
74596,70,68,2,2
74597,92,80,12,12
74598,133,114,19,19
74599,74,70,4,4
74600,159,144,15,15
74601,120,108,12,12
74602,84,92,-8,8
74603,103,98,5,5
74604,183,138,45,45
74605,139,113,26,26
74606,86,73,13,13
74607,82,78,4,4
74608,61,67,-6,6
74609,123,91,32,32
74610,87,82,5,5
74611,135,120,15,15
74612,99,84,15,15
74613,74,67,7,7
74614,74,73,1,1
74615,139,125,14,14
74616,85,76,9,9
74617,70,69,1,1
74618,106,94,12,12
74619,123,110,13,13
74620,100,92,8,8
74621,61,58,3,3
74622,92,83,9,9
74623,132,121,11,11
74624,59,59,0,0
74625,226,186,40,40
74626,84,72,12,12
74627,165,160,5,5
74628,83,83,0,0
74629,115,101,14,14
74630,159,129,30,30
74631,93,78,15,15
74632,126,120,6,6
74633,51,48,3,3
74634,118,103,15,15
74635,80,66,14,14
74636,161,137,24,24
74637,91,82,9,9
74638,83,77,6,6
74639,91,82,9,9
74640,234,190,44,44
74641,78,68,10,10
74642,101,87,14,14
74643,72,67,5,5
74644,92,70,22,22
74645,44,56,-12,12
74646,76,73,3,3
74647,106,92,14,14
74648,119,98,21,21
74649,111,87,24,24
74650,111,104,7,7
74651,105,88,17,17
74652,62,62,0,0
74653,113,105,8,8
74654,94,90,4,4
74655,155,131,24,24
74656,59,54,5,5
74657,86,89,-3,3
74658,61,55,6,6
74659,198,162,36,36
74660,83,74,9,9
74661,50,57,-7,7
74662,126,111,15,15
74663,95,81,14,14
74664,95,80,15,15
74665,24,34,-10,10
74666,90,86,4,4
74667,47,44,3,3
74668,64,68,-4,4
74669,107,101,6,6
74670,94,78,16,16
74671,77,72,5,5
74672,111,115,-4,4
74673,107,98,9,9
74674,33,37,-4,4
74675,73,67,6,6
74676,63,61,2,2
74677,90,86,4,4
74678,89,151,-62,62
74679,79,69,10,10
74680,128,114,14,14
74681,91,82,9,9
74682,114,100,14,14
74683,103,87,16,16
74684,61,47,14,14
74685,122,118,4,4
74686,114,101,13,13
74687,143,125,18,18
74688,75,69,6,6
74689,66,58,8,8
74690,90,84,6,6
74691,108,88,20,20
74692,74,70,4,4
74693,137,123,14,14
74694,121,99,22,22
74695,85,91,-6,6
74696,47,49,-2,2
74697,51,56,-5,5
74698,79,68,11,11
74699,80,70,10,10
74700,111,97,14,14
74701,126,119,7,7
74702,37,39,-2,2
74703,87,77,10,10
74704,102,93,9,9
74705,73,68,5,5
74706,81,85,-4,4
74707,85,68,17,17
74708,127,108,19,19
74709,127,102,25,25
74710,93,96,-3,3
74711,122,111,11,11
74712,175,140,35,35
74713,96,88,8,8
74714,88,75,13,13
74715,162,127,35,35
74716,124,123,1,1
74717,42,40,2,2
74718,90,82,8,8
74719,91,84,7,7
74720,129,113,16,16
74721,53,54,-1,1
74722,75,71,4,4
74723,88,81,7,7
74724,70,59,11,11
74725,185,157,28,28
74726,105,89,16,16
74727,128,108,20,20
74728,103,91,12,12
74729,100,96,4,4
74730,71,67,4,4
74731,157,123,34,34
74732,103,99,4,4
74733,118,105,13,13
74734,140,156,-16,16
74735,102,95,7,7
74736,71,64,7,7
74737,143,131,12,12
74738,58,60,-2,2
74739,96,92,4,4
74740,112,100,12,12
74741,85,79,6,6
74742,92,93,-1,1
74743,81,79,2,2
74744,102,91,11,11
74745,43,56,-13,13
74746,87,76,11,11
74747,118,105,13,13
74748,85,70,15,15
74749,100,94,6,6
74750,83,84,-1,1
74751,83,63,20,20
74752,89,80,9,9
74753,50,50,0,0
74754,134,116,18,18
74755,65,54,11,11
74756,72,73,-1,1
74757,75,65,10,10
74758,78,71,7,7
74759,81,81,0,0
74760,105,102,3,3
74761,67,59,8,8
74762,136,66,70,70
74763,86,91,-5,5
74764,139,120,19,19
74765,78,69,9,9
74766,38,37,1,1
74767,78,69,9,9
74768,59,53,6,6
74769,91,78,13,13
74770,152,130,22,22
74771,148,139,9,9
74772,108,95,13,13
74773,77,68,9,9
74774,83,70,13,13
74775,89,77,12,12
74776,104,87,17,17
74777,117,108,9,9
74778,151,131,20,20
74779,45,49,-4,4
74780,60,50,10,10
74781,125,112,13,13
74782,41,42,-1,1
74783,49,48,1,1
74784,140,118,22,22
74785,90,86,4,4
74786,93,87,6,6
74787,100,79,21,21
74788,125,108,17,17
74789,114,105,9,9
74790,128,116,12,12
74791,60,57,3,3
74792,191,158,33,33
74793,140,129,11,11
74794,82,90,-8,8
74795,76,64,12,12
74796,117,105,12,12
74797,83,81,2,2
74798,82,74,8,8
74799,122,116,6,6
74800,60,60,0,0
74801,117,102,15,15
74802,96,83,13,13
74803,115,104,11,11
74804,134,119,15,15
74805,109,98,11,11
74806,91,75,16,16
74807,72,67,5,5
74808,96,81,15,15
74809,80,77,3,3
74810,71,68,3,3
74811,95,76,19,19
74812,101,92,9,9
74813,67,60,7,7
74814,87,87,0,0
74815,89,82,7,7
74816,62,60,2,2
74817,126,136,-10,10
74818,78,79,-1,1
74819,100,94,6,6
74820,96,84,12,12
74821,100,91,9,9
74822,59,58,1,1
74823,93,82,11,11
74824,120,106,14,14
74825,70,68,2,2
74826,46,45,1,1
74827,153,130,23,23
74828,91,84,7,7
74829,94,87,7,7
74830,74,83,-9,9
74831,87,70,17,17
74832,76,71,5,5
74833,56,55,1,1
74834,104,108,-4,4
74835,126,112,14,14
74836,115,104,11,11
74837,107,102,5,5
74838,41,48,-7,7
74839,75,65,10,10
74840,76,77,-1,1
74841,75,72,3,3
74842,50,51,-1,1
74843,118,107,11,11
74844,131,116,15,15
74845,92,121,-29,29
74846,113,98,15,15
74847,126,102,24,24
74848,65,67,-2,2
74849,128,111,17,17
74850,89,83,6,6
74851,100,81,19,19
74852,85,75,10,10
74853,166,134,32,32
74854,100,102,-2,2
74855,119,106,13,13
74856,72,63,9,9
74857,78,74,4,4
74858,70,59,11,11
74859,84,76,8,8
74860,56,49,7,7
74861,18,33,-15,15
74862,75,72,3,3
74863,107,106,1,1
74864,86,71,15,15
74865,128,114,14,14
74866,99,94,5,5
74867,69,70,-1,1
74868,130,110,20,20
74869,127,114,13,13
74870,188,158,30,30
74871,99,93,6,6
74872,83,74,9,9
74873,105,89,16,16
74874,56,56,0,0
74875,84,77,7,7
74876,43,48,-5,5
74877,104,104,0,0
74878,93,86,7,7
74879,111,106,5,5
74880,106,108,-2,2
74881,77,69,8,8
74882,74,65,9,9
74883,138,123,15,15
74884,47,44,3,3
74885,158,139,19,19
74886,111,100,11,11
74887,84,79,5,5
74888,129,122,7,7
74889,76,74,2,2
74890,84,75,9,9
74891,67,64,3,3
74892,61,51,10,10
74893,107,90,17,17
74894,79,63,16,16
74895,112,108,4,4
74896,53,52,1,1
74897,84,74,10,10
74898,46,46,0,0
74899,115,98,17,17
74900,48,41,7,7
74901,51,49,2,2
74902,73,79,-6,6
74903,81,91,-10,10
74904,53,53,0,0
74905,144,125,19,19
74906,93,80,13,13
74907,63,70,-7,7
74908,47,42,5,5
74909,117,95,22,22
74910,172,122,50,50
74911,57,59,-2,2
74912,143,125,18,18
74913,108,101,7,7
74914,140,116,24,24
74915,70,68,2,2
74916,96,87,9,9
74917,107,100,7,7
74918,116,100,16,16
74919,120,108,12,12
74920,60,49,11,11
74921,77,77,0,0
74922,112,104,8,8
74923,97,98,-1,1
74924,183,166,17,17
74925,95,85,10,10
74926,92,81,11,11
74927,76,82,-6,6
74928,99,92,7,7
74929,85,71,14,14
74930,76,71,5,5
74931,93,83,10,10
74932,50,52,-2,2
74933,55,54,1,1
74934,88,81,7,7
74935,97,98,-1,1
74936,83,77,6,6
74937,54,48,6,6
74938,86,75,11,11
74939,77,79,-2,2
74940,282,313,-31,31
74941,136,115,21,21
74942,91,76,15,15
74943,150,146,4,4
74944,66,65,1,1
74945,71,73,-2,2
74946,87,77,10,10
74947,87,85,2,2
74948,119,111,8,8
74949,148,123,25,25
74950,117,101,16,16
74951,85,80,5,5
74952,97,86,11,11
74953,49,52,-3,3
74954,103,95,8,8
74955,38,37,1,1
74956,86,89,-3,3
74957,49,43,6,6
74958,103,88,15,15
74959,103,113,-10,10
74960,45,46,-1,1
74961,103,92,11,11
74962,83,72,11,11
74963,95,82,13,13
74964,60,64,-4,4
74965,102,96,6,6
74966,138,132,6,6
74967,83,75,8,8
74968,95,91,4,4
74969,96,86,10,10
74970,150,134,16,16
74971,53,47,6,6
74972,133,106,27,27
74973,45,47,-2,2
74974,50,46,4,4
74975,35,80,-45,45
74976,103,85,18,18
74977,58,54,4,4
74978,72,71,1,1
74979,100,96,4,4
74980,95,82,13,13
74981,109,91,18,18
74982,57,62,-5,5
74983,68,80,-12,12
74984,89,79,10,10
74985,129,112,17,17
74986,118,103,15,15
74987,114,102,12,12
74988,112,98,14,14
74989,103,89,14,14
74990,95,85,10,10
74991,130,124,6,6
74992,95,78,17,17
74993,129,113,16,16
74994,84,75,9,9
74995,103,98,5,5
74996,146,130,16,16
74997,84,84,0,0
74998,143,120,23,23
74999,84,80,4,4
75000,69,72,-3,3
75001,94,92,2,2
75002,56,69,-13,13
75003,133,121,12,12
75004,49,58,-9,9
75005,58,51,7,7
75006,122,99,23,23
75007,117,105,12,12
75008,87,75,12,12
75009,113,102,11,11
75010,60,56,4,4
75011,65,61,4,4
75012,103,92,11,11
75013,152,124,28,28
75014,121,107,14,14
75015,119,104,15,15
75016,47,49,-2,2
75017,113,95,18,18
75018,101,93,8,8
75019,73,77,-4,4
75020,88,89,-1,1
75021,156,126,30,30
75022,99,84,15,15
75023,86,80,6,6
75024,101,96,5,5
75025,91,82,9,9
75026,59,56,3,3
75027,72,69,3,3
75028,111,87,24,24
75029,108,98,10,10
75030,78,73,5,5
75031,63,65,-2,2
75032,97,91,6,6
75033,76,69,7,7
75034,94,96,-2,2
75035,83,75,8,8
75036,72,66,6,6
75037,113,90,23,23
75038,126,110,16,16
75039,86,88,-2,2
75040,67,56,11,11
75041,149,126,23,23
75042,89,76,13,13
75043,115,96,19,19
75044,111,90,21,21
75045,135,127,8,8
75046,54,56,-2,2
75047,123,115,8,8
75048,82,81,1,1
75049,26,36,-10,10
75050,66,62,4,4
75051,117,97,20,20
75052,135,129,6,6
75053,70,62,8,8
75054,59,55,4,4
75055,141,128,13,13
75056,64,56,8,8
75057,126,116,10,10
75058,97,85,12,12
75059,54,51,3,3
75060,99,88,11,11
75061,138,114,24,24
75062,130,121,9,9
75063,111,85,26,26
75064,81,75,6,6
75065,97,83,14,14
75066,146,130,16,16
75067,92,78,14,14
75068,68,52,16,16
75069,70,69,1,1
75070,79,66,13,13
75071,57,61,-4,4
75072,70,60,10,10
75073,52,52,0,0
75074,82,83,-1,1
75075,72,69,3,3
75076,86,74,12,12
75077,124,101,23,23
75078,71,65,6,6
75079,75,57,18,18
75080,111,92,19,19
75081,85,70,15,15
75082,77,70,7,7
75083,116,106,10,10
75084,121,117,4,4
75085,63,55,8,8
75086,65,57,8,8
75087,92,87,5,5
75088,115,100,15,15
75089,62,56,6,6
75090,90,80,10,10
75091,50,50,0,0
75092,81,79,2,2
75093,33,37,-4,4
75094,141,120,21,21
75095,51,48,3,3
75096,32,41,-9,9
75097,89,95,-6,6
75098,117,102,15,15
75099,97,92,5,5
75100,92,77,15,15
75101,71,65,6,6
75102,76,71,5,5
75103,42,48,-6,6
75104,84,86,-2,2
75105,87,86,1,1
75106,153,130,23,23
75107,91,83,8,8
75108,59,76,-17,17
75109,69,64,5,5
75110,109,90,19,19
75111,115,98,17,17
75112,169,151,18,18
75113,67,64,3,3
75114,96,87,9,9
75115,94,84,10,10
75116,173,131,42,42
75117,96,85,11,11
75118,127,97,30,30
75119,58,54,4,4
75120,69,60,9,9
75121,68,65,3,3
75122,141,127,14,14
75123,110,122,-12,12
75124,46,84,-38,38
75125,56,106,-50,50
75126,99,98,1,1
75127,117,103,14,14
75128,53,52,1,1
75129,92,84,8,8
75130,100,100,0,0
75131,100,81,19,19
75132,92,91,1,1
75133,67,58,9,9
75134,148,119,29,29
75135,122,111,11,11
75136,162,137,25,25
75137,86,80,6,6
75138,165,132,33,33
75139,106,87,19,19
75140,84,91,-7,7
75141,97,87,10,10
75142,61,54,7,7
75143,187,170,17,17
75144,153,145,8,8
75145,57,59,-2,2
75146,101,91,10,10
75147,154,115,39,39
75148,108,96,12,12
75149,55,48,7,7
75150,113,92,21,21
75151,55,50,5,5
75152,101,82,19,19
75153,91,87,4,4
75154,89,83,6,6
75155,96,82,14,14
75156,52,59,-7,7
75157,54,53,1,1
75158,69,66,3,3
75159,95,98,-3,3
75160,88,74,14,14
75161,126,112,14,14
75162,82,83,-1,1
75163,76,75,1,1
75164,112,95,17,17
75165,117,100,17,17
75166,113,101,12,12
75167,97,84,13,13
75168,98,90,8,8
75169,83,74,9,9
75170,76,66,10,10
75171,80,69,11,11
75172,111,102,9,9
75173,135,113,22,22
75174,62,62,0,0
75175,140,123,17,17
75176,68,65,3,3
75177,141,127,14,14
75178,53,57,-4,4
75179,140,126,14,14
75180,74,66,8,8
75181,70,65,5,5
75182,78,80,-2,2
75183,103,89,14,14
75184,97,87,10,10
75185,75,69,6,6
75186,143,130,13,13
75187,163,141,22,22
75188,71,65,6,6
75189,58,53,5,5
75190,69,64,5,5
75191,72,67,5,5
75192,158,141,17,17
75193,93,93,0,0
75194,80,75,5,5
75195,142,118,24,24
75196,46,59,-13,13
75197,76,64,12,12
75198,129,148,-19,19
75199,82,74,8,8
75200,146,121,25,25
75201,93,85,8,8
75202,113,96,17,17
75203,142,131,11,11
75204,72,64,8,8
75205,74,67,7,7
75206,88,96,-8,8
75207,105,103,2,2
75208,110,104,6,6
75209,83,74,9,9
75210,27,46,-19,19
75211,136,120,16,16
75212,81,73,8,8
75213,98,84,14,14
75214,120,106,14,14
75215,92,70,22,22
75216,145,124,21,21
75217,137,121,16,16
75218,103,99,4,4
75219,121,119,2,2
75220,54,62,-8,8
75221,112,99,13,13
75222,76,72,4,4
75223,89,79,10,10
75224,160,115,45,45
75225,28,41,-13,13
75226,76,65,11,11
75227,165,144,21,21
75228,100,83,17,17
75229,152,124,28,28
75230,82,79,3,3
75231,94,79,15,15
75232,60,59,1,1
75233,125,111,14,14
75234,69,67,2,2
75235,120,90,30,30
75236,91,81,10,10
75237,96,82,14,14
75238,45,43,2,2
75239,56,54,2,2
75240,76,69,7,7
75241,75,71,4,4
75242,79,74,5,5
75243,124,107,17,17
75244,106,89,17,17
75245,122,105,17,17
75246,51,52,-1,1
75247,69,65,4,4
75248,85,81,4,4
75249,115,133,-18,18
75250,115,94,21,21
75251,115,99,16,16
75252,60,65,-5,5
75253,76,69,7,7
75254,32,37,-5,5
75255,79,74,5,5
75256,44,43,1,1
75257,58,57,1,1
75258,130,114,16,16
75259,132,114,18,18
75260,79,72,7,7
75261,92,87,5,5
75262,144,127,17,17
75263,54,56,-2,2
75264,133,106,27,27
75265,64,69,-5,5
75266,92,84,8,8
75267,156,135,21,21
75268,58,53,5,5
75269,82,65,17,17
75270,86,79,7,7
75271,173,148,25,25
75272,94,82,12,12
75273,60,62,-2,2
75274,108,95,13,13
75275,126,112,14,14
75276,56,52,4,4
75277,98,92,6,6
75278,92,75,17,17
75279,117,98,19,19
75280,52,45,7,7
75281,94,82,12,12
75282,78,70,8,8
75283,76,92,-16,16
75284,67,61,6,6
75285,124,115,9,9
75286,128,115,13,13
75287,73,62,11,11
75288,62,54,8,8
75289,100,97,3,3
75290,130,118,12,12
75291,61,57,4,4
75292,262,203,59,59
75293,60,55,5,5
75294,102,102,0,0
75295,57,52,5,5
75296,97,95,2,2
75297,84,81,3,3
75298,61,79,-18,18
75299,135,113,22,22
75300,104,80,24,24
75301,79,73,6,6
75302,187,145,42,42
75303,62,56,6,6
75304,94,82,12,12
75305,94,94,0,0
75306,94,77,17,17
75307,126,105,21,21
75308,126,101,25,25
75309,108,91,17,17
75310,60,48,12,12
75311,93,97,-4,4
75312,53,54,-1,1
75313,61,59,2,2
75314,79,73,6,6
75315,74,66,8,8
75316,50,44,6,6
75317,75,56,19,19
75318,40,47,-7,7
75319,47,45,2,2
75320,78,74,4,4
75321,51,52,-1,1
75322,97,89,8,8
75323,54,48,6,6
75324,100,92,8,8
75325,91,81,10,10
75326,48,51,-3,3
75327,46,45,1,1
75328,153,132,21,21
75329,123,111,12,12
75330,52,54,-2,2
75331,92,76,16,16
75332,71,73,-2,2
75333,141,115,26,26
75334,46,39,7,7
75335,72,71,1,1
75336,84,74,10,10
75337,82,83,-1,1
75338,78,70,8,8
75339,77,64,13,13
75340,93,75,18,18
75341,47,48,-1,1
75342,67,62,5,5
75343,67,62,5,5
75344,113,95,18,18
75345,179,153,26,26
75346,95,88,7,7
75347,164,143,21,21
75348,45,46,-1,1
75349,127,106,21,21
75350,118,115,3,3
75351,96,82,14,14
75352,57,53,4,4
75353,151,134,17,17
75354,69,75,-6,6
75355,79,73,6,6
75356,86,78,8,8
75357,186,155,31,31
75358,147,122,25,25
75359,109,101,8,8
75360,97,82,15,15
75361,110,96,14,14
75362,69,61,8,8
75363,65,63,2,2
75364,119,100,19,19
75365,58,61,-3,3
75366,77,70,7,7
75367,97,89,8,8
75368,95,85,10,10
75369,123,114,9,9
75370,107,117,-10,10
75371,117,102,15,15
75372,72,78,-6,6
75373,119,101,18,18
75374,103,90,13,13
75375,129,118,11,11
75376,83,70,13,13
75377,248,204,44,44
75378,93,77,16,16
75379,129,117,12,12
75380,68,71,-3,3
75381,117,104,13,13
75382,87,81,6,6
75383,118,101,17,17
75384,98,83,15,15
75385,103,97,6,6
75386,69,66,3,3
75387,110,94,16,16
75388,125,106,19,19
75389,113,101,12,12
75390,112,98,14,14
75391,81,69,12,12
75392,86,81,5,5
75393,148,124,24,24
75394,102,87,15,15
75395,31,37,-6,6
75396,64,62,2,2
75397,114,105,9,9
75398,87,81,6,6
75399,127,105,22,22
75400,91,90,1,1
75401,74,64,10,10
75402,175,141,34,34
75403,223,164,59,59
75404,87,71,16,16
75405,67,60,7,7
75406,59,54,5,5
75407,104,83,21,21
75408,64,80,-16,16
75409,149,139,10,10
75410,125,108,17,17
75411,45,44,1,1
75412,93,89,4,4
75413,86,80,6,6
75414,80,68,12,12
75415,73,57,16,16
75416,92,79,13,13
75417,120,124,-4,4
75418,126,106,20,20
75419,73,69,4,4
75420,54,55,-1,1
75421,65,63,2,2
75422,100,91,9,9
75423,105,90,15,15
75424,85,73,12,12
75425,100,85,15,15
75426,81,79,2,2
75427,67,63,4,4
75428,174,151,23,23
75429,132,112,20,20
75430,127,94,33,33
75431,96,94,2,2
75432,73,63,10,10
75433,86,77,9,9
75434,73,67,6,6
75435,124,110,14,14
75436,75,66,9,9
75437,49,56,-7,7
75438,99,115,-16,16
75439,55,52,3,3
75440,141,105,36,36
75441,62,62,0,0
75442,75,68,7,7
75443,99,88,11,11
75444,97,85,12,12
75445,104,93,11,11
75446,96,81,15,15
75447,122,110,12,12
75448,101,79,22,22
75449,109,102,7,7
75450,111,101,10,10
75451,99,83,16,16
75452,77,80,-3,3
75453,118,112,6,6
75454,89,75,14,14
75455,75,74,1,1
75456,59,58,1,1
75457,57,58,-1,1
75458,99,84,15,15
75459,88,71,17,17
75460,106,89,17,17
75461,101,95,6,6
75462,131,113,18,18
75463,127,113,14,14
75464,65,55,10,10
75465,101,82,19,19
75466,140,119,21,21
75467,122,107,15,15
75468,80,74,6,6
75469,128,121,7,7
75470,85,79,6,6
75471,111,102,9,9
75472,78,81,-3,3
75473,93,83,10,10
75474,42,39,3,3
75475,66,50,16,16
75476,95,91,4,4
75477,90,70,20,20
75478,100,96,4,4
75479,82,75,7,7
75480,67,70,-3,3
75481,105,89,16,16
75482,110,93,17,17
75483,56,55,1,1
75484,37,38,-1,1
75485,65,64,1,1
75486,72,67,5,5
75487,106,97,9,9
75488,99,87,12,12
75489,104,91,13,13
75490,87,82,5,5
75491,76,76,0,0
75492,53,44,9,9
75493,57,57,0,0
75494,69,58,11,11
75495,83,72,11,11
75496,56,57,-1,1
75497,78,74,4,4
75498,95,97,-2,2
75499,78,71,7,7
75500,74,67,7,7
75501,82,94,-12,12
75502,95,83,12,12
75503,85,75,10,10
75504,63,63,0,0
75505,124,110,14,14
75506,67,57,10,10
75507,112,99,13,13
75508,94,86,8,8
75509,69,62,7,7
75510,121,117,4,4
75511,82,78,4,4
75512,111,96,15,15
75513,126,114,12,12
75514,74,64,10,10
75515,81,71,10,10
75516,100,91,9,9
75517,148,122,26,26
75518,88,80,8,8
75519,70,64,6,6
75520,150,120,30,30
75521,88,78,10,10
75522,28,33,-5,5
75523,93,81,12,12
75524,96,96,0,0
75525,90,80,10,10
75526,150,144,6,6
75527,75,73,2,2
75528,93,92,1,1
75529,150,130,20,20
75530,123,90,33,33
75531,133,120,13,13
75532,69,80,-11,11
75533,167,128,39,39
75534,46,38,8,8
75535,92,85,7,7
75536,54,52,2,2
75537,154,126,28,28
75538,45,43,2,2
75539,137,119,18,18
75540,115,98,17,17
75541,99,80,19,19
75542,93,80,13,13
75543,83,71,12,12
75544,115,94,21,21
75545,23,50,-27,27
75546,92,86,6,6
75547,85,83,2,2
75548,80,69,11,11
75549,190,170,20,20
75550,95,82,13,13
75551,153,119,34,34
75552,83,81,2,2
75553,51,48,3,3
75554,85,77,8,8
75555,85,81,4,4
75556,59,62,-3,3
75557,172,141,31,31
75558,53,52,1,1
75559,128,103,25,25
75560,72,67,5,5
75561,130,110,20,20
75562,54,55,-1,1
75563,145,109,36,36
75564,94,92,2,2
75565,111,98,13,13
75566,35,46,-11,11
75567,74,73,1,1
75568,85,82,3,3
75569,129,110,19,19
75570,49,53,-4,4
75571,56,60,-4,4
75572,99,86,13,13
75573,79,87,-8,8
75574,129,111,18,18
75575,74,69,5,5
75576,78,78,0,0
75577,70,68,2,2
75578,157,153,4,4
75579,98,91,7,7
75580,66,65,1,1
75581,75,72,3,3
75582,76,67,9,9
75583,94,92,2,2
75584,100,83,17,17
75585,50,47,3,3
75586,98,87,11,11
75587,96,92,4,4
75588,134,121,13,13
75589,108,89,19,19
75590,212,181,31,31
75591,138,121,17,17
75592,88,77,11,11
75593,12,33,-21,21
75594,66,61,5,5
75595,98,81,17,17
75596,110,97,13,13
75597,75,68,7,7
75598,146,138,8,8
75599,176,161,15,15
75600,91,77,14,14
75601,88,77,11,11
75602,51,49,2,2
75603,190,157,33,33
75604,128,115,13,13
75605,74,69,5,5
75606,83,79,4,4
75607,64,57,7,7
75608,127,115,12,12
75609,130,109,21,21
75610,95,79,16,16
75611,66,130,-64,64
75612,46,41,5,5
75613,79,74,5,5
75614,110,97,13,13
75615,116,104,12,12
75616,68,67,1,1
75617,70,80,-10,10
75618,59,66,-7,7
75619,107,87,20,20
75620,77,80,-3,3
75621,97,106,-9,9
75622,160,136,24,24
75623,130,126,4,4
75624,60,57,3,3
75625,104,90,14,14
75626,91,83,8,8
75627,89,90,-1,1
75628,49,51,-2,2
75629,155,138,17,17
75630,94,83,11,11
75631,146,131,15,15
75632,87,86,1,1
75633,127,111,16,16
75634,79,78,1,1
75635,93,85,8,8
75636,121,113,8,8
75637,74,65,9,9
75638,113,100,13,13
75639,163,135,28,28
75640,122,98,24,24
75641,118,110,8,8
75642,56,55,1,1
75643,129,107,22,22
75644,128,110,18,18
75645,159,133,26,26
75646,62,59,3,3
75647,108,99,9,9
75648,72,65,7,7
75649,79,75,4,4
75650,166,146,20,20
75651,62,65,-3,3
75652,144,131,13,13
75653,129,109,20,20
75654,72,69,3,3
75655,93,78,15,15
75656,86,87,-1,1
75657,126,107,19,19
75658,86,77,9,9
75659,87,79,8,8
75660,183,157,26,26
75661,68,63,5,5
75662,80,69,11,11
75663,63,66,-3,3
75664,61,61,0,0
75665,103,94,9,9
75666,46,46,0,0
75667,107,89,18,18
75668,127,114,13,13
75669,89,78,11,11
75670,104,95,9,9
75671,82,79,3,3
75672,114,105,9,9
75673,82,73,9,9
75674,109,103,6,6
75675,105,95,10,10
75676,67,65,2,2
75677,64,58,6,6
75678,109,95,14,14
75679,50,48,2,2
75680,49,49,0,0
75681,89,84,5,5
75682,163,141,22,22
75683,64,66,-2,2
75684,180,146,34,34
75685,73,110,-37,37
75686,155,131,24,24
75687,106,97,9,9
75688,102,87,15,15
75689,142,123,19,19
75690,62,57,5,5
75691,93,87,6,6
75692,125,96,29,29
75693,71,66,5,5
75694,62,65,-3,3
75695,129,112,17,17
75696,109,110,-1,1
75697,174,147,27,27
75698,103,97,6,6
75699,124,103,21,21
75700,74,74,0,0
75701,96,83,13,13
75702,112,98,14,14
75703,78,74,4,4
75704,59,54,5,5
75705,54,54,0,0
75706,86,74,12,12
75707,99,100,-1,1
75708,120,120,0,0
75709,134,113,21,21
75710,141,117,24,24
75711,99,93,6,6
75712,92,84,8,8
75713,121,109,12,12
75714,74,67,7,7
75715,101,82,19,19
75716,14,81,-67,67
75717,80,70,10,10
75718,88,75,13,13
75719,60,61,-1,1
75720,112,102,10,10
75721,153,119,34,34
75722,108,94,14,14
75723,98,90,8,8
75724,78,88,-10,10
75725,115,129,-14,14
75726,71,64,7,7
75727,129,118,11,11
75728,56,56,0,0
75729,68,62,6,6
75730,80,73,7,7
75731,110,109,1,1
75732,86,85,1,1
75733,139,122,17,17
75734,125,108,17,17
75735,73,68,5,5
75736,122,102,20,20
75737,99,91,8,8
75738,78,70,8,8
75739,150,124,26,26
75740,112,85,27,27
75741,95,89,6,6
75742,85,75,10,10
75743,67,66,1,1
75744,91,78,13,13
75745,110,91,19,19
75746,88,68,20,20
75747,115,116,-1,1
75748,78,73,5,5
75749,89,90,-1,1
75750,71,64,7,7
75751,65,55,10,10
75752,67,76,-9,9
75753,144,117,27,27
75754,98,91,7,7
75755,78,69,9,9
75756,130,120,10,10
75757,75,72,3,3
75758,83,73,10,10
75759,72,62,10,10
75760,106,91,15,15
75761,44,42,2,2
75762,108,96,12,12
75763,80,65,15,15
75764,98,94,4,4
75765,97,86,11,11
75766,124,122,2,2
75767,96,79,17,17
75768,71,67,4,4
75769,118,108,10,10
75770,115,97,18,18
75771,88,79,9,9
75772,104,92,12,12
75773,75,64,11,11
75774,115,97,18,18
75775,94,76,18,18
75776,97,90,7,7
75777,71,67,4,4
75778,73,78,-5,5
75779,64,63,1,1
75780,61,59,2,2
75781,46,44,2,2
75782,81,75,6,6
75783,56,56,0,0
75784,99,88,11,11
75785,131,126,5,5
75786,75,81,-6,6
75787,74,64,10,10
75788,111,98,13,13
75789,136,122,14,14
75790,81,73,8,8
75791,50,51,-1,1
75792,95,85,10,10
75793,108,108,0,0
75794,62,96,-34,34
75795,78,73,5,5
75796,92,77,15,15
75797,42,43,-1,1
75798,102,99,3,3
75799,104,97,7,7
75800,55,61,-6,6
75801,69,70,-1,1
75802,90,83,7,7
75803,63,62,1,1
75804,101,95,6,6
75805,43,42,1,1
75806,69,69,0,0
75807,109,96,13,13
75808,142,129,13,13
75809,140,121,19,19
75810,67,64,3,3
75811,62,59,3,3
75812,114,94,20,20
75813,107,97,10,10
75814,85,92,-7,7
75815,167,144,23,23
75816,163,150,13,13
75817,85,79,6,6
75818,73,73,0,0
75819,109,93,16,16
75820,61,62,-1,1
75821,77,74,3,3
75822,207,162,45,45
75823,99,90,9,9
75824,182,155,27,27
75825,99,88,11,11
75826,83,78,5,5
75827,75,72,3,3
75828,139,123,16,16
75829,47,41,6,6
75830,65,74,-9,9
75831,143,107,36,36
75832,73,69,4,4
75833,79,75,4,4
75834,85,71,14,14
75835,88,84,4,4
75836,141,117,24,24
75837,71,86,-15,15
75838,96,84,12,12
75839,153,128,25,25
75840,133,109,24,24
75841,80,77,3,3
75842,171,156,15,15
75843,125,117,8,8
75844,91,78,13,13
75845,61,58,3,3
75846,131,108,23,23
75847,136,106,30,30
75848,58,54,4,4
75849,93,82,11,11
75850,88,80,8,8
75851,68,64,4,4
75852,129,115,14,14
75853,127,104,23,23
75854,98,128,-30,30
75855,87,79,8,8
75856,84,78,6,6
75857,51,78,-27,27
75858,72,66,6,6
75859,144,124,20,20
75860,96,88,8,8
75861,61,54,7,7
75862,86,77,9,9
75863,78,68,10,10
75864,51,53,-2,2
75865,151,129,22,22
75866,109,92,17,17
75867,108,106,2,2
75868,80,70,10,10
75869,67,55,12,12
75870,125,124,1,1
75871,75,64,11,11
75872,176,156,20,20
75873,105,97,8,8
75874,82,81,1,1
75875,146,128,18,18
75876,49,82,-33,33
75877,68,77,-9,9
75878,119,110,9,9
75879,40,38,2,2
75880,118,105,13,13
75881,65,60,5,5
75882,92,89,3,3
75883,69,60,9,9
75884,110,95,15,15
75885,94,83,11,11
75886,152,157,-5,5
75887,118,105,13,13
75888,72,67,5,5
75889,141,118,23,23
75890,43,44,-1,1
75891,122,101,21,21
75892,73,68,5,5
75893,92,83,9,9
75894,101,101,0,0
75895,66,61,5,5
75896,70,61,9,9
75897,43,43,0,0
75898,84,71,13,13
75899,83,88,-5,5
75900,71,63,8,8
75901,97,80,17,17
75902,116,102,14,14
75903,107,104,3,3
75904,152,131,21,21
75905,130,134,-4,4
75906,49,45,4,4
75907,111,95,16,16
75908,124,101,23,23
75909,75,67,8,8
75910,112,117,-5,5
75911,111,106,5,5
75912,97,87,10,10
75913,47,39,8,8
75914,114,90,24,24
75915,107,101,6,6
75916,93,85,8,8
75917,107,93,14,14
75918,114,102,12,12
75919,124,118,6,6
75920,133,108,25,25
75921,64,58,6,6
75922,80,76,4,4
75923,155,126,29,29
75924,98,100,-2,2
75925,82,64,18,18
75926,50,50,0,0
75927,64,57,7,7
75928,97,92,5,5
75929,123,103,20,20
75930,46,50,-4,4
75931,78,66,12,12
75932,122,110,12,12
75933,181,142,39,39
75934,64,64,0,0
75935,56,54,2,2
75936,72,76,-4,4
75937,141,118,23,23
75938,126,109,17,17
75939,71,59,12,12
75940,81,66,15,15
75941,137,114,23,23
75942,91,82,9,9
75943,117,99,18,18
75944,160,141,19,19
75945,101,81,20,20
75946,55,60,-5,5
75947,104,97,7,7
75948,72,67,5,5
75949,165,141,24,24
75950,74,65,9,9
75951,72,69,3,3
75952,138,105,33,33
75953,87,81,6,6
75954,66,61,5,5
75955,78,74,4,4
75956,80,70,10,10
75957,111,105,6,6
75958,132,115,17,17
75959,70,64,6,6
75960,96,85,11,11
75961,127,112,15,15
75962,121,109,12,12
75963,57,51,6,6
75964,203,175,28,28
75965,94,86,8,8
75966,81,87,-6,6
75967,52,50,2,2
75968,150,123,27,27
75969,83,101,-18,18
75970,99,78,21,21
75971,64,60,4,4
75972,79,73,6,6
75973,81,78,3,3
75974,47,49,-2,2
75975,54,54,0,0
75976,152,129,23,23
75977,44,47,-3,3
75978,87,78,9,9
75979,161,137,24,24
75980,83,77,6,6
75981,75,70,5,5
75982,111,107,4,4
75983,60,54,6,6
75984,98,84,14,14
75985,74,74,0,0
75986,81,71,10,10
75987,113,102,11,11
75988,110,93,17,17
75989,84,77,7,7
75990,57,53,4,4
75991,70,65,5,5
75992,175,141,34,34
75993,95,87,8,8
75994,94,84,10,10
75995,107,94,13,13
75996,75,70,5,5
75997,85,86,-1,1
75998,162,128,34,34
75999,93,86,7,7
76000,73,70,3,3
76001,86,80,6,6
76002,179,153,26,26
76003,202,172,30,30
76004,98,91,7,7
76005,85,83,2,2
76006,37,44,-7,7
76007,121,103,18,18
76008,128,109,19,19
76009,87,87,0,0
76010,141,129,12,12
76011,70,59,11,11
76012,151,139,12,12
76013,116,103,13,13
76014,81,70,11,11
76015,81,68,13,13
76016,89,82,7,7
76017,124,96,28,28
76018,94,88,6,6
76019,56,62,-6,6
76020,151,131,20,20
76021,157,132,25,25
76022,70,68,2,2
76023,154,134,20,20
76024,130,113,17,17
76025,121,104,17,17
76026,119,111,8,8
76027,94,88,6,6
76028,62,67,-5,5
76029,99,84,15,15
76030,82,71,11,11
76031,145,129,16,16
76032,107,108,-1,1
76033,107,99,8,8
76034,128,107,21,21
76035,52,51,1,1
76036,103,91,12,12
76037,70,66,4,4
76038,161,142,19,19
76039,74,71,3,3
76040,70,60,10,10
76041,114,94,20,20
76042,150,134,16,16
76043,105,106,-1,1
76044,119,117,2,2
76045,71,71,0,0
76046,102,87,15,15
76047,43,49,-6,6
76048,84,78,6,6
76049,70,70,0,0
76050,82,75,7,7
76051,74,60,14,14
76052,98,88,10,10
76053,55,56,-1,1
76054,110,100,10,10
76055,145,134,11,11
76056,80,73,7,7
76057,137,121,16,16
76058,77,80,-3,3
76059,80,67,13,13
76060,73,62,11,11
76061,83,72,11,11
76062,100,83,17,17
76063,85,75,10,10
76064,101,93,8,8
76065,79,75,4,4
76066,89,88,1,1
76067,60,59,1,1
76068,112,88,24,24
76069,173,149,24,24
76070,60,54,6,6
76071,41,38,3,3
76072,57,61,-4,4
76073,88,83,5,5
76074,101,87,14,14
76075,82,66,16,16
76076,100,89,11,11
76077,85,79,6,6
76078,117,93,24,24
76079,83,78,5,5
76080,162,129,33,33
76081,59,55,4,4
76082,127,106,21,21
76083,170,138,32,32
76084,114,95,19,19
76085,111,97,14,14
76086,44,43,1,1
76087,91,87,4,4
76088,76,76,0,0
76089,64,65,-1,1
76090,67,60,7,7
76091,135,115,20,20
76092,75,69,6,6
76093,110,96,14,14
76094,84,74,10,10
76095,77,68,9,9
76096,97,90,7,7
76097,85,83,2,2
76098,61,54,7,7
76099,86,79,7,7
76100,75,67,8,8
76101,83,102,-19,19
76102,168,146,22,22
76103,97,89,8,8
76104,64,63,1,1
76105,126,106,20,20
76106,85,81,4,4
76107,111,104,7,7
76108,87,78,9,9
76109,101,101,0,0
76110,162,104,58,58
76111,143,130,13,13
76112,123,103,20,20
76113,82,71,11,11
76114,101,89,12,12
76115,92,94,-2,2
76116,87,92,-5,5
76117,93,77,16,16
76118,100,98,2,2
76119,92,79,13,13
76120,85,71,14,14
76121,49,45,4,4
76122,79,84,-5,5
76123,58,54,4,4
76124,85,85,0,0
76125,61,57,4,4
76126,140,122,18,18
76127,127,118,9,9
76128,152,134,18,18
76129,67,60,7,7
76130,64,59,5,5
76131,136,121,15,15
76132,74,66,8,8
76133,100,84,16,16
76134,158,126,32,32
76135,80,78,2,2
76136,88,79,9,9
76137,110,106,4,4
76138,74,62,12,12
76139,116,109,7,7
76140,82,72,10,10
76141,117,100,17,17
76142,81,74,7,7
76143,74,68,6,6
76144,104,93,11,11
76145,147,120,27,27
76146,82,73,9,9
76147,50,46,4,4
76148,180,154,26,26
76149,182,165,17,17
76150,63,69,-6,6
76151,190,146,44,44
76152,122,125,-3,3
76153,99,86,13,13
76154,66,64,2,2
76155,53,66,-13,13
76156,63,61,2,2
76157,125,124,1,1
76158,112,94,18,18
76159,85,80,5,5
76160,56,56,0,0
76161,85,76,9,9
76162,70,71,-1,1
76163,83,81,2,2
76164,135,119,16,16
76165,57,52,5,5
76166,84,75,9,9
76167,90,94,-4,4
76168,59,64,-5,5
76169,77,67,10,10
76170,64,57,7,7
76171,99,92,7,7
76172,109,94,15,15
76173,97,91,6,6
76174,92,80,12,12
76175,87,84,3,3
76176,42,40,2,2
76177,74,74,0,0
76178,162,160,2,2
76179,125,104,21,21
76180,178,160,18,18
76181,98,100,-2,2
76182,89,89,0,0
76183,72,61,11,11
76184,78,70,8,8
76185,53,56,-3,3
76186,85,73,12,12
76187,122,107,15,15
76188,101,98,3,3
76189,81,72,9,9
76190,128,86,42,42
76191,98,90,8,8
76192,154,145,9,9
76193,122,114,8,8
76194,63,56,7,7
76195,83,83,0,0
76196,98,89,9,9
76197,70,66,4,4
76198,89,95,-6,6
76199,111,108,3,3
76200,44,51,-7,7
76201,48,52,-4,4
76202,104,92,12,12
76203,106,95,11,11
76204,148,118,30,30
76205,128,117,11,11
76206,118,103,15,15
76207,105,84,21,21
76208,141,134,7,7
76209,115,96,19,19
76210,161,145,16,16
76211,71,84,-13,13
76212,149,124,25,25
76213,77,72,5,5
76214,117,98,19,19
76215,119,104,15,15
76216,116,96,20,20
76217,88,78,10,10
76218,107,99,8,8
76219,72,75,-3,3
76220,137,138,-1,1
76221,122,114,8,8
76222,126,115,11,11
76223,50,54,-4,4
76224,119,94,25,25
76225,79,67,12,12
76226,124,116,8,8
76227,128,116,12,12
76228,132,106,26,26
76229,90,79,11,11
76230,95,88,7,7
76231,97,83,14,14
76232,63,62,1,1
76233,109,94,15,15
76234,133,129,4,4
76235,104,94,10,10
76236,35,70,-35,35
76237,72,69,3,3
76238,65,67,-2,2
76239,120,101,19,19
76240,135,138,-3,3
76241,130,109,21,21
76242,137,123,14,14
76243,81,71,10,10
76244,83,79,4,4
76245,51,52,-1,1
76246,77,75,2,2
76247,116,98,18,18
76248,72,71,1,1
76249,97,93,4,4
76250,78,67,11,11
76251,63,58,5,5
76252,130,120,10,10
76253,158,136,22,22
76254,75,76,-1,1
76255,76,68,8,8
76256,101,90,11,11
76257,44,49,-5,5
76258,74,68,6,6
76259,98,83,15,15
76260,134,123,11,11
76261,104,90,14,14
76262,88,79,9,9
76263,179,150,29,29
76264,46,49,-3,3
76265,141,125,16,16
76266,91,75,16,16
76267,72,68,4,4
76268,82,75,7,7
76269,73,67,6,6
76270,139,118,21,21
76271,124,108,16,16
76272,100,86,14,14
76273,98,86,12,12
76274,80,74,6,6
76275,97,104,-7,7
76276,62,63,-1,1
76277,136,122,14,14
76278,93,80,13,13
76279,104,94,10,10
76280,158,137,21,21
76281,105,91,14,14
76282,82,64,18,18
76283,150,131,19,19
76284,161,132,29,29
76285,68,61,7,7
76286,97,91,6,6
76287,106,92,14,14
76288,75,66,9,9
76289,95,86,9,9
76290,84,76,8,8
76291,144,118,26,26
76292,115,104,11,11
76293,45,50,-5,5
76294,99,86,13,13
76295,91,81,10,10
76296,75,63,12,12
76297,134,107,27,27
76298,69,61,8,8
76299,74,68,6,6
76300,53,53,0,0
76301,74,73,1,1
76302,95,86,9,9
76303,54,56,-2,2
76304,96,85,11,11
76305,93,84,9,9
76306,108,96,12,12
76307,104,105,-1,1
76308,80,72,8,8
76309,87,73,14,14
76310,98,94,4,4
76311,60,59,1,1
76312,65,62,3,3
76313,75,75,0,0
76314,80,81,-1,1
76315,81,83,-2,2
76316,123,104,19,19
76317,89,87,2,2
76318,142,127,15,15
76319,64,56,8,8
76320,100,94,6,6
76321,45,49,-4,4
76322,118,99,19,19
76323,73,69,4,4
76324,74,70,4,4
76325,102,94,8,8
76326,66,72,-6,6
76327,120,113,7,7
76328,57,53,4,4
76329,149,119,30,30
76330,131,120,11,11
76331,81,71,10,10
76332,61,57,4,4
76333,89,83,6,6
76334,66,59,7,7
76335,64,61,3,3
76336,76,74,2,2
76337,124,106,18,18
76338,48,54,-6,6
76339,68,63,5,5
76340,100,93,7,7
76341,96,87,9,9
76342,50,43,7,7
76343,85,82,3,3
76344,85,79,6,6
76345,61,60,1,1
76346,91,75,16,16
76347,72,65,7,7
76348,129,105,24,24
76349,104,90,14,14
76350,54,59,-5,5
76351,53,51,2,2
76352,105,100,5,5
76353,91,95,-4,4
76354,66,69,-3,3
76355,59,56,3,3
76356,118,104,14,14
76357,109,104,5,5
76358,63,62,1,1
76359,63,52,11,11
76360,68,61,7,7
76361,166,156,10,10
76362,84,72,12,12
76363,66,58,8,8
76364,100,99,1,1
76365,104,89,15,15
76366,65,60,5,5
76367,57,55,2,2
76368,99,88,11,11
76369,96,101,-5,5
76370,71,64,7,7
76371,57,58,-1,1
76372,105,102,3,3
76373,88,76,12,12
76374,54,52,2,2
76375,181,150,31,31
76376,100,90,10,10
76377,103,91,12,12
76378,138,115,23,23
76379,65,64,1,1
76380,71,68,3,3
76381,70,63,7,7
76382,72,66,6,6
76383,66,58,8,8
76384,79,72,7,7
76385,169,147,22,22
76386,129,108,21,21
76387,129,98,31,31
76388,63,57,6,6
76389,92,81,11,11
76390,109,100,9,9
76391,58,57,1,1
76392,108,89,19,19
76393,107,90,17,17
76394,162,140,22,22
76395,57,55,2,2
76396,109,105,4,4
76397,86,79,7,7
76398,91,79,12,12
76399,89,74,15,15
76400,93,88,5,5
76401,70,63,7,7
76402,73,68,5,5
76403,71,65,6,6
76404,59,51,8,8
76405,166,146,20,20
76406,71,58,13,13
76407,71,58,13,13
76408,132,106,26,26
76409,103,100,3,3
76410,114,95,19,19
76411,103,100,3,3
76412,98,89,9,9
76413,92,78,14,14
76414,102,100,2,2
76415,113,107,6,6
76416,130,138,-8,8
76417,56,60,-4,4
76418,127,109,18,18
76419,53,61,-8,8
76420,129,112,17,17
76421,93,82,11,11
76422,133,110,23,23
76423,93,82,11,11
76424,92,84,8,8
76425,45,50,-5,5
76426,96,79,17,17
76427,104,112,-8,8
76428,65,60,5,5
76429,114,97,17,17
76430,52,48,4,4
76431,80,76,4,4
76432,135,115,20,20
76433,78,95,-17,17
76434,69,62,7,7
76435,61,52,9,9
76436,75,65,10,10
76437,131,120,11,11
76438,108,105,3,3
76439,96,86,10,10
76440,178,149,29,29
76441,171,157,14,14
76442,81,70,11,11
76443,91,78,13,13
76444,69,69,0,0
76445,146,121,25,25
76446,111,90,21,21
76447,65,60,5,5
76448,86,76,10,10
76449,79,86,-7,7
76450,108,90,18,18
76451,94,85,9,9
76452,107,96,11,11
76453,100,85,15,15
76454,121,100,21,21
76455,144,136,8,8
76456,66,63,3,3
76457,40,41,-1,1
76458,99,91,8,8
76459,32,40,-8,8
76460,69,63,6,6
76461,145,127,18,18
76462,76,74,2,2
76463,85,76,9,9
76464,53,52,1,1
76465,27,35,-8,8
76466,55,60,-5,5
76467,41,38,3,3
76468,57,57,0,0
76469,83,61,22,22
76470,77,67,10,10
76471,85,88,-3,3
76472,118,96,22,22
76473,55,55,0,0
76474,62,57,5,5
76475,111,97,14,14
76476,108,94,14,14
76477,89,84,5,5
76478,97,81,16,16
76479,94,91,3,3
76480,61,58,3,3
76481,82,81,1,1
76482,83,80,3,3
76483,140,114,26,26
76484,152,118,34,34
76485,86,74,12,12
76486,33,37,-4,4
76487,88,77,11,11
76488,71,64,7,7
76489,97,103,-6,6
76490,81,80,1,1
76491,129,109,20,20
76492,55,54,1,1
76493,122,112,10,10
76494,103,99,4,4
76495,98,85,13,13
76496,89,77,12,12
76497,87,76,11,11
76498,79,77,2,2
76499,98,98,0,0
76500,49,57,-8,8
76501,82,75,7,7
76502,120,108,12,12
76503,108,97,11,11
76504,169,142,27,27
76505,161,139,22,22
76506,134,125,9,9
76507,96,89,7,7
76508,56,51,5,5
76509,101,95,6,6
76510,86,86,0,0
76511,82,75,7,7
76512,85,82,3,3
76513,79,70,9,9
76514,78,75,3,3
76515,105,85,20,20
76516,142,124,18,18
76517,65,68,-3,3
76518,57,59,-2,2
76519,81,74,7,7
76520,139,103,36,36
76521,84,73,11,11
76522,81,74,7,7
76523,154,120,34,34
76524,147,122,25,25
76525,153,127,26,26
76526,73,70,3,3
76527,141,125,16,16
76528,43,45,-2,2
76529,101,89,12,12
76530,42,46,-4,4
76531,78,72,6,6
76532,97,100,-3,3
76533,65,64,1,1
76534,58,57,1,1
76535,79,81,-2,2
76536,95,87,8,8
76537,105,107,-2,2
76538,37,43,-6,6
76539,82,79,3,3
76540,130,113,17,17
76541,99,99,0,0
76542,125,94,31,31
76543,51,59,-8,8
76544,87,79,8,8
76545,147,137,10,10
76546,61,55,6,6
76547,122,110,12,12
76548,70,71,-1,1
76549,81,68,13,13
76550,93,83,10,10
76551,136,121,15,15
76552,61,61,0,0
76553,75,79,-4,4
76554,118,96,22,22
76555,110,104,6,6
76556,153,143,10,10
76557,57,53,4,4
76558,128,105,23,23
76559,118,97,21,21
76560,81,82,-1,1
76561,82,72,10,10
76562,126,110,16,16
76563,110,97,13,13
76564,91,86,5,5
76565,106,80,26,26
76566,92,80,12,12
76567,74,74,0,0
76568,119,105,14,14
76569,47,45,2,2
76570,81,82,-1,1
76571,101,87,14,14
76572,91,81,10,10
76573,68,65,3,3
76574,119,103,16,16
76575,90,81,9,9
76576,104,95,9,9
76577,80,77,3,3
76578,84,81,3,3
76579,132,110,22,22
76580,32,64,-32,32
76581,139,119,20,20
76582,85,72,13,13
76583,83,74,9,9
76584,55,53,2,2
76585,98,99,-1,1
76586,177,152,25,25
76587,81,78,3,3
76588,90,87,3,3
76589,133,108,25,25
76590,85,64,21,21
76591,58,51,7,7
76592,133,117,16,16
76593,81,73,8,8
76594,149,127,22,22
76595,107,95,12,12
76596,113,87,26,26
76597,108,90,18,18
76598,93,81,12,12
76599,100,82,18,18
76600,66,65,1,1
76601,109,92,17,17
76602,77,81,-4,4
76603,208,159,49,49
76604,79,77,2,2
76605,74,62,12,12
76606,74,66,8,8
76607,131,111,20,20
76608,127,103,24,24
76609,77,67,10,10
76610,100,73,27,27
76611,82,102,-20,20
76612,100,95,5,5
76613,65,65,0,0
76614,97,93,4,4
76615,146,117,29,29
76616,99,79,20,20
76617,117,98,19,19
76618,71,68,3,3
76619,60,55,5,5
76620,75,70,5,5
76621,46,44,2,2
76622,121,97,24,24
76623,55,52,3,3
76624,119,111,8,8
76625,178,153,25,25
76626,131,114,17,17
76627,123,106,17,17
76628,99,90,9,9
76629,164,137,27,27
76630,69,67,2,2
76631,55,52,3,3
76632,148,135,13,13
76633,67,60,7,7
76634,138,123,15,15
76635,115,97,18,18
76636,134,112,22,22
76637,91,89,2,2
76638,94,83,11,11
76639,114,99,15,15
76640,92,81,11,11
76641,98,95,3,3
76642,41,37,4,4
76643,49,52,-3,3
76644,59,61,-2,2
76645,90,78,12,12
76646,165,135,30,30
76647,53,51,2,2
76648,67,63,4,4
76649,77,67,10,10
76650,87,77,10,10
76651,65,59,6,6
76652,133,116,17,17
76653,98,87,11,11
76654,103,94,9,9
76655,85,75,10,10
76656,153,129,24,24
76657,85,70,15,15
76658,126,118,8,8
76659,102,101,1,1
76660,115,101,14,14
76661,78,79,-1,1
76662,152,138,14,14
76663,72,66,6,6
76664,65,59,6,6
76665,71,66,5,5
76666,134,121,13,13
76667,104,93,11,11
76668,54,58,-4,4
76669,133,110,23,23
76670,99,79,20,20
76671,69,63,6,6
76672,169,152,17,17
76673,94,88,6,6
76674,106,100,6,6
76675,86,80,6,6
76676,107,93,14,14
76677,52,53,-1,1
76678,71,70,1,1
76679,87,75,12,12
76680,155,145,10,10
76681,58,58,0,0
76682,144,119,25,25
76683,111,96,15,15
76684,90,81,9,9
76685,74,59,15,15
76686,100,83,17,17
76687,112,101,11,11
76688,117,105,12,12
76689,48,82,-34,34
76690,107,86,21,21
76691,144,127,17,17
76692,86,71,15,15
76693,101,88,13,13
76694,94,88,6,6
76695,129,105,24,24
76696,132,119,13,13
76697,61,58,3,3
76698,103,99,4,4
76699,104,89,15,15
76700,135,106,29,29
76701,76,74,2,2
76702,112,104,8,8
76703,114,89,25,25
76704,69,58,11,11
76705,92,75,17,17
76706,80,76,4,4
76707,139,115,24,24
76708,76,67,9,9
76709,71,59,12,12
76710,100,92,8,8
76711,106,89,17,17
76712,145,123,22,22
76713,76,78,-2,2
76714,92,90,2,2
76715,49,44,5,5
76716,110,95,15,15
76717,92,86,6,6
76718,173,133,40,40
76719,98,89,9,9
76720,175,138,37,37
76721,75,77,-2,2
76722,103,83,20,20
76723,111,113,-2,2
76724,215,186,29,29
76725,131,111,20,20
76726,67,68,-1,1
76727,127,122,5,5
76728,72,67,5,5
76729,43,63,-20,20
76730,65,60,5,5
76731,69,63,6,6
76732,149,142,7,7
76733,75,64,11,11
76734,81,74,7,7
76735,76,61,15,15
76736,53,59,-6,6
76737,79,81,-2,2
76738,152,126,26,26
76739,97,90,7,7
76740,48,49,-1,1
76741,107,98,9,9
76742,118,106,12,12
76743,78,70,8,8
76744,98,85,13,13
76745,121,102,19,19
76746,108,91,17,17
76747,59,54,5,5
76748,95,92,3,3
76749,98,90,8,8
76750,71,65,6,6
76751,76,69,7,7
76752,100,99,1,1
76753,70,63,7,7
76754,71,59,12,12
76755,94,70,24,24
76756,86,82,4,4
76757,102,96,6,6
76758,106,93,13,13
76759,74,74,0,0
76760,49,53,-4,4
76761,103,88,15,15
76762,70,69,1,1
76763,168,151,17,17
76764,66,66,0,0
76765,128,118,10,10
76766,110,97,13,13
76767,82,68,14,14
76768,92,75,17,17
76769,187,161,26,26
76770,101,106,-5,5
76771,47,44,3,3
76772,72,68,4,4
76773,77,70,7,7
76774,30,34,-4,4
76775,124,114,10,10
76776,218,167,51,51
76777,110,102,8,8
76778,106,100,6,6
76779,133,106,27,27
76780,88,70,18,18
76781,58,56,2,2
76782,184,148,36,36
76783,152,120,32,32
76784,87,84,3,3
76785,167,140,27,27
76786,93,88,5,5
76787,130,100,30,30
76788,96,79,17,17
76789,119,111,8,8
76790,81,75,6,6
76791,52,48,4,4
76792,66,57,9,9
76793,102,98,4,4
76794,76,66,10,10
76795,117,94,23,23
76796,98,85,13,13
76797,81,75,6,6
76798,99,95,4,4
76799,81,70,11,11
76800,64,65,-1,1
76801,139,127,12,12
76802,84,79,5,5
76803,68,62,6,6
76804,42,39,3,3
76805,73,61,12,12
76806,158,109,49,49
76807,101,93,8,8
76808,122,104,18,18
76809,76,78,-2,2
76810,129,137,-8,8
76811,99,81,18,18
76812,71,60,11,11
76813,80,74,6,6
76814,141,118,23,23
76815,48,44,4,4
76816,146,122,24,24
76817,83,79,4,4
76818,102,93,9,9
76819,87,81,6,6
76820,83,71,12,12
76821,63,69,-6,6
76822,89,81,8,8
76823,142,118,24,24
76824,90,88,2,2
76825,97,84,13,13
76826,130,113,17,17
76827,88,79,9,9
76828,146,132,14,14
76829,118,97,21,21
76830,124,107,17,17
76831,108,107,1,1
76832,53,53,0,0
76833,78,74,4,4
76834,54,52,2,2
76835,121,101,20,20
76836,105,104,1,1
76837,47,55,-8,8
76838,58,52,6,6
76839,126,103,23,23
76840,165,133,32,32
76841,118,102,16,16
76842,54,53,1,1
76843,98,83,15,15
76844,39,36,3,3
76845,88,86,2,2
76846,85,81,4,4
76847,92,93,-1,1
76848,101,92,9,9
76849,69,72,-3,3
76850,70,61,9,9
76851,57,86,-29,29
76852,89,81,8,8
76853,165,139,26,26
76854,88,81,7,7
76855,142,119,23,23
76856,109,104,5,5
76857,105,95,10,10
76858,94,89,5,5
76859,124,108,16,16
76860,119,103,16,16
76861,41,41,0,0
76862,102,92,10,10
76863,90,68,22,22
76864,126,114,12,12
76865,59,67,-8,8
76866,74,68,6,6
76867,104,100,4,4
76868,101,90,11,11
76869,102,90,12,12
76870,123,115,8,8
76871,90,80,10,10
76872,85,74,11,11
76873,85,85,0,0
76874,57,54,3,3
76875,73,69,4,4
76876,73,73,0,0
76877,106,98,8,8
76878,47,43,4,4
76879,91,89,2,2
76880,93,75,18,18
76881,63,66,-3,3
76882,80,72,8,8
76883,71,64,7,7
76884,92,80,12,12
76885,125,108,17,17
76886,82,85,-3,3
76887,97,92,5,5
76888,59,48,11,11
76889,125,123,2,2
76890,115,96,19,19
76891,103,91,12,12
76892,97,89,8,8
76893,89,80,9,9
76894,78,71,7,7
76895,159,133,26,26
76896,117,112,5,5
76897,100,86,14,14
76898,104,95,9,9
76899,97,97,0,0
76900,114,95,19,19
76901,118,113,5,5
76902,99,77,22,22
76903,98,86,12,12
76904,114,105,9,9
76905,99,89,10,10
76906,95,85,10,10
76907,68,68,0,0
76908,119,102,17,17
76909,125,104,21,21
76910,74,71,3,3
76911,97,83,14,14
76912,101,89,12,12
76913,157,140,17,17
76914,141,120,21,21
76915,132,120,12,12
76916,104,95,9,9
76917,85,80,5,5
76918,110,99,11,11
76919,91,95,-4,4
76920,53,48,5,5
76921,81,75,6,6
76922,78,73,5,5
76923,79,84,-5,5
76924,73,67,6,6
76925,81,77,4,4
76926,89,79,10,10
76927,78,71,7,7
76928,122,100,22,22
76929,64,64,0,0
76930,52,48,4,4
76931,87,83,4,4
76932,134,120,14,14
76933,104,88,16,16
76934,116,110,6,6
76935,102,98,4,4
76936,160,125,35,35
76937,83,70,13,13
76938,159,147,12,12
76939,130,123,7,7
76940,92,81,11,11
76941,95,84,11,11
76942,179,166,13,13
76943,132,101,31,31
76944,53,48,5,5
76945,100,90,10,10
76946,105,87,18,18
76947,77,72,5,5
76948,115,103,12,12
76949,126,114,12,12
76950,91,83,8,8
76951,79,74,5,5
76952,40,45,-5,5
76953,128,111,17,17
76954,145,129,16,16
76955,153,126,27,27
76956,81,70,11,11
76957,113,110,3,3
76958,138,110,28,28
76959,100,94,6,6
76960,77,65,12,12
76961,71,67,4,4
76962,110,101,9,9
76963,118,104,14,14
76964,137,125,12,12
76965,94,87,7,7
76966,65,59,6,6
76967,52,64,-12,12
76968,74,70,4,4
76969,68,60,8,8
76970,101,94,7,7
76971,104,92,12,12
76972,138,115,23,23
76973,71,65,6,6
76974,140,112,28,28
76975,83,75,8,8
76976,91,82,9,9
76977,125,105,20,20
76978,77,77,0,0
76979,63,56,7,7
76980,116,100,16,16
76981,102,92,10,10
76982,121,116,5,5
76983,116,102,14,14
76984,181,158,23,23
76985,112,109,3,3
76986,151,140,11,11
76987,127,110,17,17
76988,87,79,8,8
76989,123,107,16,16
76990,74,79,-5,5
76991,161,138,23,23
76992,48,47,1,1
76993,207,177,30,30
76994,124,113,11,11
76995,91,91,0,0
76996,104,93,11,11
76997,118,112,6,6
76998,112,100,12,12
76999,70,66,4,4
77000,76,64,12,12
77001,133,112,21,21
77002,79,67,12,12
77003,56,62,-6,6
77004,111,122,-11,11
77005,48,51,-3,3
77006,80,63,17,17
77007,144,129,15,15
77008,39,35,4,4
77009,91,85,6,6
77010,97,88,9,9
77011,93,77,16,16
77012,142,123,19,19
77013,116,102,14,14
77014,86,83,3,3
77015,128,119,9,9
77016,101,99,2,2
77017,53,57,-4,4
77018,153,132,21,21
77019,69,73,-4,4
77020,101,86,15,15
77021,146,131,15,15
77022,107,96,11,11
77023,86,79,7,7
77024,44,48,-4,4
77025,64,65,-1,1
77026,90,67,23,23
77027,69,67,2,2
77028,78,82,-4,4
77029,141,122,19,19
77030,54,45,9,9
77031,61,51,10,10
77032,140,112,28,28
77033,158,124,34,34
77034,96,85,11,11
77035,159,138,21,21
77036,155,120,35,35
77037,152,126,26,26
77038,62,53,9,9
77039,84,73,11,11
77040,197,167,30,30
77041,123,109,14,14
77042,80,78,2,2
77043,25,34,-9,9
77044,140,128,12,12
77045,65,66,-1,1
77046,67,88,-21,21
77047,62,63,-1,1
77048,71,64,7,7
77049,138,124,14,14
77050,73,67,6,6
77051,84,82,2,2
77052,227,178,49,49
77053,97,83,14,14
77054,47,45,2,2
77055,74,71,3,3
77056,75,72,3,3
77057,64,62,2,2
77058,107,96,11,11
77059,60,54,6,6
77060,70,66,4,4
77061,117,91,26,26
77062,110,104,6,6
77063,118,106,12,12
77064,86,78,8,8
77065,61,65,-4,4
77066,72,65,7,7
77067,153,126,27,27
77068,92,88,4,4
77069,117,107,10,10
77070,79,71,8,8
77071,111,90,21,21
77072,48,47,1,1
77073,71,59,12,12
77074,100,91,9,9
77075,90,77,13,13
77076,67,67,0,0
77077,111,98,13,13
77078,68,62,6,6
77079,113,95,18,18
77080,78,86,-8,8
77081,94,84,10,10
77082,86,81,5,5
77083,131,118,13,13
77084,142,115,27,27
77085,83,82,1,1
77086,62,72,-10,10
77087,74,62,12,12
77088,143,124,19,19
77089,163,142,21,21
77090,78,69,9,9
77091,42,39,3,3
77092,69,66,3,3
77093,68,65,3,3
77094,132,112,20,20
77095,59,53,6,6
77096,107,96,11,11
77097,107,99,8,8
77098,49,46,3,3
77099,114,101,13,13
77100,87,75,12,12
77101,103,80,23,23
77102,122,104,18,18
77103,114,102,12,12
77104,172,143,29,29
77105,69,66,3,3
77106,57,61,-4,4
77107,108,99,9,9
77108,80,89,-9,9
77109,70,68,2,2
77110,126,113,13,13
77111,102,87,15,15
77112,45,48,-3,3
77113,72,64,8,8
77114,174,139,35,35
77115,101,97,4,4
77116,53,49,4,4
77117,71,64,7,7
77118,157,150,7,7
77119,139,118,21,21
77120,116,95,21,21
77121,86,72,14,14
77122,96,81,15,15
77123,107,99,8,8
77124,98,97,1,1
77125,89,84,5,5
77126,117,113,4,4
77127,108,98,10,10
77128,54,51,3,3
77129,116,107,9,9
77130,111,99,12,12
77131,139,128,11,11
77132,74,66,8,8
77133,117,111,6,6
77134,106,103,3,3
77135,158,121,37,37
77136,97,89,8,8
77137,70,61,9,9
77138,106,98,8,8
77139,82,69,13,13
77140,141,115,26,26
77141,132,114,18,18
77142,114,94,20,20
77143,145,124,21,21
77144,56,56,0,0
77145,109,88,21,21
77146,131,105,26,26
77147,154,108,46,46
77148,73,63,10,10
77149,63,63,0,0
77150,134,131,3,3
77151,91,76,15,15
77152,127,110,17,17
77153,42,43,-1,1
77154,101,96,5,5
77155,52,46,6,6
77156,143,129,14,14
77157,92,79,13,13
77158,84,75,9,9
77159,101,106,-5,5
77160,117,106,11,11
77161,85,74,11,11
77162,52,53,-1,1
77163,74,62,12,12
77164,78,61,17,17
77165,64,59,5,5
77166,90,84,6,6
77167,59,61,-2,2
77168,53,59,-6,6
77169,94,87,7,7
77170,77,70,7,7
77171,108,89,19,19
77172,138,116,22,22
77173,83,79,4,4
77174,150,122,28,28
77175,108,94,14,14
77176,64,62,2,2
77177,101,101,0,0
77178,92,78,14,14
77179,150,126,24,24
77180,133,119,14,14
77181,42,47,-5,5
77182,43,44,-1,1
77183,63,57,6,6
77184,82,79,3,3
77185,56,48,8,8
77186,101,101,0,0
77187,65,71,-6,6
77188,112,98,14,14
77189,50,49,1,1
77190,130,110,20,20
77191,88,89,-1,1
77192,74,65,9,9
77193,129,121,8,8
77194,57,62,-5,5
77195,110,98,12,12
77196,99,92,7,7
77197,77,67,10,10
77198,117,102,15,15
77199,107,91,16,16
77200,62,54,8,8
77201,75,74,1,1
77202,97,94,3,3
77203,54,55,-1,1
77204,80,69,11,11
77205,84,76,8,8
77206,52,48,4,4
77207,106,95,11,11
77208,99,104,-5,5
77209,92,79,13,13
77210,53,52,1,1
77211,135,119,16,16
77212,116,91,25,25
77213,96,93,3,3
77214,116,100,16,16
77215,90,80,10,10
77216,187,141,46,46
77217,55,85,-30,30
77218,48,44,4,4
77219,77,75,2,2
77220,74,71,3,3
77221,97,96,1,1
77222,159,137,22,22
77223,127,112,15,15
77224,83,76,7,7
77225,67,63,4,4
77226,103,83,20,20
77227,68,57,11,11
77228,75,65,10,10
77229,88,82,6,6
77230,82,106,-24,24
77231,128,105,23,23
77232,177,146,31,31
77233,140,118,22,22
77234,108,83,25,25
77235,59,53,6,6
77236,97,89,8,8
77237,105,94,11,11
77238,59,55,4,4
77239,74,67,7,7
77240,63,56,7,7
77241,53,49,4,4
77242,67,63,4,4
77243,88,79,9,9
77244,116,102,14,14
77245,141,126,15,15
77246,123,112,11,11
77247,111,99,12,12
77248,89,83,6,6
77249,112,103,9,9
77250,118,105,13,13
77251,51,52,-1,1
77252,165,143,22,22
77253,70,70,0,0
77254,92,77,15,15
77255,156,120,36,36
77256,160,125,35,35
77257,64,59,5,5
77258,137,123,14,14
77259,93,78,15,15
77260,124,113,11,11
77261,77,74,3,3
77262,128,114,14,14
77263,79,63,16,16
77264,61,62,-1,1
77265,112,94,18,18
77266,45,42,3,3
77267,67,58,9,9
77268,126,112,14,14
77269,92,82,10,10
77270,74,72,2,2
77271,67,68,-1,1
77272,105,91,14,14
77273,167,150,17,17
77274,131,113,18,18
77275,84,118,-34,34
77276,110,109,1,1
77277,72,72,0,0
77278,71,109,-38,38
77279,115,107,8,8
77280,159,135,24,24
77281,82,84,-2,2
77282,100,101,-1,1
77283,70,59,11,11
77284,104,97,7,7
77285,49,44,5,5
77286,104,96,8,8
77287,101,98,3,3
77288,66,66,0,0
77289,87,79,8,8
77290,85,86,-1,1
77291,124,121,3,3
77292,121,101,20,20
77293,97,84,13,13
77294,63,58,5,5
77295,93,87,6,6
77296,79,68,11,11
77297,49,45,4,4
77298,95,86,9,9
77299,76,74,2,2
77300,133,118,15,15
77301,66,64,2,2
77302,85,89,-4,4
77303,228,240,-12,12
77304,124,117,7,7
77305,90,75,15,15
77306,95,84,11,11
77307,54,56,-2,2
77308,82,84,-2,2
77309,155,128,27,27
77310,173,148,25,25
77311,171,141,30,30
77312,42,50,-8,8
77313,141,127,14,14
77314,92,78,14,14
77315,94,80,14,14
77316,82,79,3,3
77317,132,110,22,22
77318,124,106,18,18
77319,94,82,12,12
77320,60,57,3,3
77321,58,60,-2,2
77322,102,98,4,4
77323,112,99,13,13
77324,121,105,16,16
77325,133,124,9,9
77326,54,62,-8,8
77327,105,101,4,4
77328,82,78,4,4
77329,104,88,16,16
77330,91,80,11,11
77331,103,100,3,3
77332,96,96,0,0
77333,147,140,7,7
77334,95,88,7,7
77335,111,106,5,5
77336,106,98,8,8
77337,59,56,3,3
77338,77,68,9,9
77339,97,77,20,20
77340,73,57,16,16
77341,105,90,15,15
77342,122,103,19,19
77343,55,61,-6,6
77344,108,100,8,8
77345,59,52,7,7
77346,124,113,11,11
77347,116,111,5,5
77348,100,86,14,14
77349,76,74,2,2
77350,102,86,16,16
77351,95,92,3,3
77352,138,114,24,24
77353,119,106,13,13
77354,78,74,4,4
77355,108,100,8,8
77356,34,36,-2,2
77357,105,97,8,8
77358,120,102,18,18
77359,91,83,8,8
77360,103,103,0,0
77361,75,69,6,6
77362,176,141,35,35
77363,85,73,12,12
77364,75,69,6,6
77365,103,95,8,8
77366,81,77,4,4
77367,105,103,2,2
77368,50,56,-6,6
77369,118,104,14,14
77370,163,142,21,21
77371,137,116,21,21
77372,167,149,18,18
77373,116,104,12,12
77374,52,52,0,0
77375,115,98,17,17
77376,188,174,14,14
77377,187,155,32,32
77378,84,74,10,10
77379,124,107,17,17
77380,95,86,9,9
77381,79,80,-1,1
77382,72,61,11,11
77383,68,62,6,6
77384,116,103,13,13
77385,83,96,-13,13
77386,94,82,12,12
77387,63,57,6,6
77388,200,183,17,17
77389,61,60,1,1
77390,148,122,26,26
77391,56,53,3,3
77392,110,100,10,10
77393,94,89,5,5
77394,59,66,-7,7
77395,76,67,9,9
77396,67,70,-3,3
77397,102,96,6,6
77398,165,133,32,32
77399,79,73,6,6
77400,74,64,10,10
77401,136,116,20,20
77402,116,97,19,19
77403,95,92,3,3
77404,112,101,11,11
77405,65,67,-2,2
77406,43,43,0,0
77407,92,82,10,10
77408,48,50,-2,2
77409,75,71,4,4
77410,118,107,11,11
77411,99,86,13,13
77412,101,87,14,14
77413,41,57,-16,16
77414,78,78,0,0
77415,129,103,26,26
77416,109,103,6,6
77417,81,73,8,8
77418,167,143,24,24
77419,55,72,-17,17
77420,202,158,44,44
77421,118,102,16,16
77422,122,112,10,10
77423,67,63,4,4
77424,67,62,5,5
77425,54,50,4,4
77426,54,56,-2,2
77427,89,85,4,4
77428,107,95,12,12
77429,94,85,9,9
77430,72,60,12,12
77431,127,117,10,10
77432,84,88,-4,4
77433,64,61,3,3
77434,96,88,8,8
77435,116,100,16,16
77436,127,115,12,12
77437,128,109,19,19
77438,118,118,0,0
77439,62,61,1,1
77440,73,62,11,11
77441,36,38,-2,2
77442,165,128,37,37
77443,100,98,2,2
77444,65,62,3,3
77445,75,73,2,2
77446,75,82,-7,7
77447,97,93,4,4
77448,93,97,-4,4
77449,57,57,0,0
77450,59,54,5,5
77451,85,74,11,11
77452,99,100,-1,1
77453,87,81,6,6
77454,102,102,0,0
77455,75,73,2,2
77456,92,84,8,8
77457,79,82,-3,3
77458,50,51,-1,1
77459,48,50,-2,2
77460,217,167,50,50
77461,132,109,23,23
77462,101,92,9,9
77463,82,74,8,8
77464,116,104,12,12
77465,112,91,21,21
77466,66,73,-7,7
77467,81,79,2,2
77468,56,55,1,1
77469,97,81,16,16
77470,84,70,14,14
77471,37,39,-2,2
77472,74,66,8,8
77473,127,111,16,16
77474,54,51,3,3
77475,80,70,10,10
77476,57,49,8,8
77477,106,74,32,32
77478,91,83,8,8
77479,103,93,10,10
77480,114,91,23,23
77481,131,120,11,11
77482,85,74,11,11
77483,85,81,4,4
77484,93,86,7,7
77485,74,60,14,14
77486,88,84,4,4
77487,52,46,6,6
77488,41,36,5,5
77489,82,74,8,8
77490,112,98,14,14
77491,67,60,7,7
77492,69,74,-5,5
77493,150,123,27,27
77494,93,88,5,5
77495,63,56,7,7
77496,95,79,16,16
77497,46,46,0,0
77498,72,67,5,5
77499,77,75,2,2
77500,87,84,3,3
77501,121,112,9,9
77502,149,123,26,26
77503,82,67,15,15
77504,57,51,6,6
77505,127,100,27,27
77506,103,86,17,17
77507,96,85,11,11
77508,82,71,11,11
77509,161,138,23,23
77510,133,116,17,17
77511,73,65,8,8
77512,71,58,13,13
77513,168,156,12,12
77514,137,122,15,15
77515,72,63,9,9
77516,77,74,3,3
77517,114,103,11,11
77518,115,101,14,14
77519,70,60,10,10
77520,78,76,2,2
77521,118,108,10,10
77522,88,78,10,10
77523,81,70,11,11
77524,118,107,11,11
77525,60,51,9,9
77526,98,91,7,7
77527,99,79,20,20
77528,55,52,3,3
77529,100,89,11,11
77530,75,73,2,2
77531,77,64,13,13
77532,139,129,10,10
77533,99,83,16,16
77534,106,99,7,7
77535,92,89,3,3
77536,87,80,7,7
77537,55,59,-4,4
77538,89,89,0,0
77539,106,103,3,3
77540,161,143,18,18
77541,72,69,3,3
77542,119,95,24,24
77543,90,76,14,14
77544,110,95,15,15
77545,51,52,-1,1
77546,63,63,0,0
77547,42,44,-2,2
77548,85,72,13,13
77549,144,125,19,19
77550,69,70,-1,1
77551,43,45,-2,2
77552,94,91,3,3
77553,178,167,11,11
77554,80,72,8,8
77555,65,61,4,4
77556,62,61,1,1
77557,62,57,5,5
77558,144,133,11,11
77559,102,91,11,11
77560,104,94,10,10
77561,45,49,-4,4
77562,57,54,3,3
77563,132,98,34,34
77564,105,90,15,15
77565,99,90,9,9
77566,60,63,-3,3
77567,72,70,2,2
77568,122,112,10,10
77569,141,127,14,14
77570,94,81,13,13
77571,89,88,1,1
77572,43,48,-5,5
77573,160,135,25,25
77574,84,69,15,15
77575,84,73,11,11
77576,90,84,6,6
77577,68,63,5,5
77578,189,156,33,33
77579,77,79,-2,2
77580,59,57,2,2
77581,139,127,12,12
77582,98,88,10,10
77583,147,120,27,27
77584,158,121,37,37
77585,97,84,13,13
77586,109,101,8,8
77587,112,97,15,15
77588,74,67,7,7
77589,155,126,29,29
77590,75,67,8,8
77591,129,109,20,20
77592,189,162,27,27
77593,98,92,6,6
77594,68,64,4,4
77595,100,91,9,9
77596,136,107,29,29
77597,144,125,19,19
77598,123,113,10,10
77599,60,55,5,5
77600,131,110,21,21
77601,74,74,0,0
77602,148,107,41,41
77603,112,92,20,20
77604,60,61,-1,1
77605,89,77,12,12
77606,83,82,1,1
77607,100,82,18,18
77608,70,67,3,3
77609,119,114,5,5
77610,52,56,-4,4
77611,72,66,6,6
77612,127,112,15,15
77613,82,77,5,5
77614,65,57,8,8
77615,75,64,11,11
77616,65,61,4,4
77617,80,89,-9,9
77618,95,107,-12,12
77619,74,73,1,1
77620,107,95,12,12
77621,63,61,2,2
77622,117,103,14,14
77623,83,65,18,18
77624,74,65,9,9
77625,56,48,8,8
77626,143,135,8,8
77627,61,64,-3,3
77628,92,87,5,5
77629,147,142,5,5
77630,68,71,-3,3
77631,95,84,11,11
77632,80,78,2,2
77633,129,106,23,23
77634,133,135,-2,2
77635,47,42,5,5
77636,65,54,11,11
77637,85,73,12,12
77638,100,87,13,13
77639,113,99,14,14
77640,104,90,14,14
77641,70,62,8,8
77642,16,33,-17,17
77643,102,88,14,14
77644,125,101,24,24
77645,83,78,5,5
77646,114,90,24,24
77647,150,133,17,17
77648,164,137,27,27
77649,97,91,6,6
77650,71,64,7,7
77651,78,72,6,6
77652,128,111,17,17
77653,111,95,16,16
77654,78,68,10,10
77655,83,76,7,7
77656,84,72,12,12
77657,81,73,8,8
77658,103,103,0,0
77659,91,87,4,4
77660,79,71,8,8
77661,84,78,6,6
77662,143,110,33,33
77663,97,87,10,10
77664,85,78,7,7
77665,120,100,20,20
77666,88,92,-4,4
77667,114,94,20,20
77668,116,98,18,18
77669,72,75,-3,3
77670,101,87,14,14
77671,129,113,16,16
77672,119,96,23,23
77673,86,81,5,5
77674,75,74,1,1
77675,76,66,10,10
77676,84,71,13,13
77677,75,71,4,4
77678,124,108,16,16
77679,177,170,7,7
77680,75,69,6,6
77681,117,106,11,11
77682,99,119,-20,20
77683,50,45,5,5
77684,70,75,-5,5
77685,115,100,15,15
77686,60,57,3,3
77687,96,82,14,14
77688,142,127,15,15
77689,87,74,13,13
77690,112,102,10,10
77691,116,94,22,22
77692,56,53,3,3
77693,158,141,17,17
77694,188,159,29,29
77695,181,147,34,34
77696,104,83,21,21
77697,159,139,20,20
77698,122,117,5,5
77699,69,68,1,1
77700,105,90,15,15
77701,84,83,1,1
77702,80,74,6,6
77703,62,53,9,9
77704,75,65,10,10
77705,72,73,-1,1
77706,86,75,11,11
77707,99,102,-3,3
77708,59,57,2,2
77709,104,88,16,16
77710,78,72,6,6
77711,97,91,6,6
77712,129,110,19,19
77713,64,65,-1,1
77714,105,91,14,14
77715,93,79,14,14
77716,92,84,8,8
77717,40,38,2,2
77718,98,95,3,3
77719,132,121,11,11
77720,67,70,-3,3
77721,51,75,-24,24
77722,81,85,-4,4
77723,142,127,15,15
77724,145,123,22,22
77725,72,62,10,10
77726,102,91,11,11
77727,87,75,12,12
77728,111,98,13,13
77729,80,70,10,10
77730,85,77,8,8
77731,144,118,26,26
77732,66,69,-3,3
77733,98,84,14,14
77734,91,83,8,8
77735,61,62,-1,1
77736,46,51,-5,5
77737,89,89,0,0
77738,105,87,18,18
77739,102,84,18,18
77740,100,93,7,7
77741,58,59,-1,1
77742,116,105,11,11
77743,73,71,2,2
77744,96,86,10,10
77745,89,78,11,11
77746,79,76,3,3
77747,74,69,5,5
77748,100,81,19,19
77749,35,45,-10,10
77750,49,48,1,1
77751,79,71,8,8
77752,102,85,17,17
77753,104,78,26,26
77754,198,153,45,45
77755,136,111,25,25
77756,62,66,-4,4
77757,100,91,9,9
77758,89,80,9,9
77759,131,114,17,17
77760,82,74,8,8
77761,157,134,23,23
77762,71,66,5,5
77763,54,51,3,3
77764,115,108,7,7
77765,80,74,6,6
77766,69,63,6,6
77767,80,66,14,14
77768,89,82,7,7
77769,91,82,9,9
77770,171,131,40,40
77771,86,75,11,11
77772,120,109,11,11
77773,72,69,3,3
77774,67,59,8,8
77775,122,124,-2,2
77776,71,67,4,4
77777,119,107,12,12
77778,80,72,8,8
77779,110,92,18,18
77780,47,46,1,1
77781,193,153,40,40
77782,80,70,10,10
77783,52,53,-1,1
77784,61,58,3,3
77785,90,88,2,2
77786,85,76,9,9
77787,74,67,7,7
77788,85,80,5,5
77789,125,129,-4,4
77790,150,126,24,24
77791,89,81,8,8
77792,93,84,9,9
77793,131,120,11,11
77794,66,65,1,1
77795,78,67,11,11
77796,151,136,15,15
77797,91,85,6,6
77798,75,77,-2,2
77799,39,39,0,0
77800,54,49,5,5
77801,106,90,16,16
77802,128,118,10,10
77803,49,55,-6,6
77804,124,110,14,14
77805,76,70,6,6
77806,89,77,12,12
77807,48,41,7,7
77808,135,136,-1,1
77809,108,97,11,11
77810,113,93,20,20
77811,97,87,10,10
77812,155,138,17,17
77813,154,129,25,25
77814,118,96,22,22
77815,87,72,15,15
77816,56,57,-1,1
77817,56,69,-13,13
77818,70,73,-3,3
77819,45,47,-2,2
77820,49,68,-19,19
77821,91,74,17,17
77822,76,67,9,9
77823,81,92,-11,11
77824,121,110,11,11
77825,109,96,13,13
77826,72,70,2,2
77827,75,70,5,5
77828,35,42,-7,7
77829,90,86,4,4
77830,132,116,16,16
77831,140,139,1,1
77832,75,74,1,1
77833,76,70,6,6
77834,111,119,-8,8
77835,92,90,2,2
77836,120,121,-1,1
77837,119,104,15,15
77838,78,78,0,0
77839,86,77,9,9
77840,60,62,-2,2
77841,158,132,26,26
77842,94,78,16,16
77843,126,108,18,18
77844,112,92,20,20
77845,112,94,18,18
77846,73,69,4,4
77847,94,89,5,5
77848,133,111,22,22
77849,70,59,11,11
77850,83,70,13,13
77851,117,106,11,11
77852,104,93,11,11
77853,109,95,14,14
77854,173,135,38,38
77855,55,64,-9,9
77856,46,48,-2,2
77857,36,38,-2,2
77858,76,71,5,5
77859,136,116,20,20
77860,102,91,11,11
77861,110,99,11,11
77862,94,82,12,12
77863,80,73,7,7
77864,149,124,25,25
77865,249,200,49,49
77866,150,137,13,13
77867,49,53,-4,4
77868,58,53,5,5
77869,54,49,5,5
77870,83,67,16,16
77871,119,98,21,21
77872,58,56,2,2
77873,123,100,23,23
77874,125,106,19,19
77875,115,110,5,5
77876,74,79,-5,5
77877,71,61,10,10
77878,162,126,36,36
77879,96,90,6,6
77880,63,60,3,3
77881,87,84,3,3
77882,74,58,16,16
77883,70,82,-12,12
77884,114,107,7,7
77885,72,63,9,9
77886,58,61,-3,3
77887,117,99,18,18
77888,77,88,-11,11
77889,57,61,-4,4
77890,142,121,21,21
77891,57,61,-4,4
77892,77,70,7,7
77893,100,109,-9,9
77894,92,99,-7,7
77895,53,54,-1,1
77896,98,83,15,15
77897,96,87,9,9
77898,67,61,6,6
77899,69,64,5,5
77900,108,98,10,10
77901,97,83,14,14
77902,75,66,9,9
77903,97,91,6,6
77904,127,106,21,21
77905,87,75,12,12
77906,86,77,9,9
77907,84,69,15,15
77908,86,78,8,8
77909,88,79,9,9
77910,97,88,9,9
77911,86,77,9,9
77912,79,79,0,0
77913,183,160,23,23
77914,97,89,8,8
77915,136,118,18,18
77916,78,71,7,7
77917,128,116,12,12
77918,116,99,17,17
77919,167,145,22,22
77920,143,136,7,7
77921,72,71,1,1
77922,101,90,11,11
77923,89,82,7,7
77924,63,55,8,8
77925,136,116,20,20
77926,129,113,16,16
77927,77,73,4,4
77928,70,74,-4,4
77929,114,99,15,15
77930,100,102,-2,2
77931,133,113,20,20
77932,130,115,15,15
77933,64,57,7,7
77934,105,91,14,14
77935,171,138,33,33
77936,120,103,17,17
77937,95,87,8,8
77938,72,69,3,3
77939,75,63,12,12
77940,110,90,20,20
77941,119,103,16,16
77942,184,159,25,25
77943,132,117,15,15
77944,128,121,7,7
77945,78,85,-7,7
77946,124,112,12,12
77947,123,114,9,9
77948,105,86,19,19
77949,51,56,-5,5
77950,89,93,-4,4
77951,58,57,1,1
77952,112,96,16,16
77953,97,85,12,12
77954,95,89,6,6
77955,79,74,5,5
77956,85,77,8,8
77957,135,108,27,27
77958,127,121,6,6
77959,95,77,18,18
77960,141,132,9,9
77961,76,74,2,2
77962,63,60,3,3
77963,106,92,14,14
77964,95,81,14,14
77965,91,81,10,10
77966,147,129,18,18
77967,124,105,19,19
77968,88,73,15,15
77969,70,68,2,2
77970,80,84,-4,4
77971,41,42,-1,1
77972,59,56,3,3
77973,97,95,2,2
77974,61,57,4,4
77975,148,121,27,27
77976,106,90,16,16
77977,102,103,-1,1
77978,66,61,5,5
77979,75,66,9,9
77980,98,84,14,14
77981,58,51,7,7
77982,59,56,3,3
77983,53,49,4,4
77984,53,70,-17,17
77985,121,97,24,24
77986,101,80,21,21
77987,145,121,24,24
77988,57,54,3,3
77989,74,65,9,9
77990,65,61,4,4
77991,79,81,-2,2
77992,117,109,8,8
77993,65,60,5,5
77994,64,65,-1,1
77995,81,70,11,11
77996,125,97,28,28
77997,67,63,4,4
77998,69,66,3,3
77999,59,49,10,10
78000,126,107,19,19
78001,106,98,8,8
78002,63,60,3,3
78003,89,88,1,1
78004,120,91,29,29
78005,97,90,7,7
78006,70,64,6,6
78007,116,109,7,7
78008,77,61,16,16
78009,49,49,0,0
78010,71,63,8,8
78011,64,67,-3,3
78012,72,57,15,15
78013,128,102,26,26
78014,98,84,14,14
78015,66,63,3,3
78016,112,103,9,9
78017,51,48,3,3
78018,85,76,9,9
78019,100,83,17,17
78020,92,80,12,12
78021,111,100,11,11
78022,100,107,-7,7
78023,96,86,10,10
78024,166,135,31,31
78025,137,131,6,6
78026,72,66,6,6
78027,115,107,8,8
78028,88,76,12,12
78029,91,84,7,7
78030,103,98,5,5
78031,47,51,-4,4
78032,86,86,0,0
78033,136,111,25,25
78034,157,142,15,15
78035,124,111,13,13
78036,137,124,13,13
78037,101,92,9,9
78038,74,65,9,9
78039,85,72,13,13
78040,45,41,4,4
78041,168,143,25,25
78042,115,95,20,20
78043,116,117,-1,1
78044,84,83,1,1
78045,102,93,9,9
78046,59,68,-9,9
78047,106,101,5,5
78048,60,64,-4,4
78049,123,105,18,18
78050,85,70,15,15
78051,60,63,-3,3
78052,82,65,17,17
78053,160,132,28,28
78054,82,75,7,7
78055,83,78,5,5
78056,73,71,2,2
78057,113,105,8,8
78058,95,78,17,17
78059,100,85,15,15
78060,40,42,-2,2
78061,80,74,6,6
78062,110,97,13,13
78063,144,132,12,12
78064,115,94,21,21
78065,64,68,-4,4
78066,119,99,20,20
78067,102,95,7,7
78068,159,126,33,33
78069,104,90,14,14
78070,91,81,10,10
78071,133,118,15,15
78072,98,88,10,10
78073,96,93,3,3
78074,134,114,20,20
78075,160,139,21,21
78076,59,66,-7,7
78077,74,75,-1,1
78078,106,88,18,18
78079,64,57,7,7
78080,90,88,2,2
78081,67,61,6,6
78082,100,91,9,9
78083,68,62,6,6
78084,159,139,20,20
78085,87,80,7,7
78086,123,117,6,6
78087,78,72,6,6
78088,95,82,13,13
78089,56,65,-9,9
78090,102,93,9,9
78091,108,86,22,22
78092,73,63,10,10
78093,111,102,9,9
78094,137,118,19,19
78095,84,81,3,3
78096,89,74,15,15
78097,70,74,-4,4
78098,78,75,3,3
78099,152,135,17,17
78100,81,76,5,5
78101,49,47,2,2
78102,69,66,3,3
78103,102,80,22,22
78104,62,61,1,1
78105,91,81,10,10
78106,72,46,26,26
78107,47,43,4,4
78108,184,147,37,37
78109,103,84,19,19
78110,69,69,0,0
78111,51,56,-5,5
78112,120,118,2,2
78113,105,79,26,26
78114,46,52,-6,6
78115,75,69,6,6
78116,71,65,6,6
78117,45,50,-5,5
78118,80,80,0,0
78119,79,81,-2,2
78120,78,70,8,8
78121,62,66,-4,4
78122,86,76,10,10
78123,122,111,11,11
78124,101,86,15,15
78125,72,67,5,5
78126,141,126,15,15
78127,69,68,1,1
78128,93,82,11,11
78129,55,47,8,8
78130,121,105,16,16
78131,105,101,4,4
78132,99,80,19,19
78133,195,153,42,42
78134,76,70,6,6
78135,124,105,19,19
78136,100,77,23,23
78137,152,136,16,16
78138,108,95,13,13
78139,49,46,3,3
78140,176,146,30,30
78141,104,173,-69,69
78142,81,61,20,20
78143,97,87,10,10
78144,58,54,4,4
78145,110,95,15,15
78146,55,58,-3,3
78147,69,64,5,5
78148,107,120,-13,13
78149,71,63,8,8
78150,88,81,7,7
78151,43,48,-5,5
78152,117,107,10,10
78153,81,62,19,19
78154,75,73,2,2
78155,108,99,9,9
78156,63,61,2,2
78157,74,72,2,2
78158,68,64,4,4
78159,62,58,4,4
78160,52,49,3,3
78161,78,78,0,0
78162,108,105,3,3
78163,188,147,41,41
78164,61,60,1,1
78165,77,69,8,8
78166,97,82,15,15
78167,67,57,10,10
78168,77,94,-17,17
78169,91,85,6,6
78170,69,64,5,5
78171,131,119,12,12
78172,56,53,3,3
78173,49,51,-2,2
78174,126,112,14,14
78175,114,100,14,14
78176,90,82,8,8
78177,75,75,0,0
78178,83,69,14,14
78179,92,92,0,0
78180,83,79,4,4
78181,89,71,18,18
78182,85,77,8,8
78183,70,60,10,10
78184,108,93,15,15
78185,71,68,3,3
78186,68,59,9,9
78187,70,67,3,3
78188,107,101,6,6
78189,58,55,3,3
78190,51,49,2,2
78191,55,58,-3,3
78192,161,144,17,17
78193,46,54,-8,8
78194,92,84,8,8
78195,154,137,17,17
78196,83,77,6,6
78197,128,113,15,15
78198,73,69,4,4
78199,87,79,8,8
78200,122,103,19,19
78201,108,84,24,24
78202,76,83,-7,7
78203,59,65,-6,6
78204,83,79,4,4
78205,92,86,6,6
78206,96,88,8,8
78207,105,85,20,20
78208,58,58,0,0
78209,81,71,10,10
78210,110,90,20,20
78211,44,51,-7,7
78212,81,72,9,9
78213,63,65,-2,2
78214,78,71,7,7
78215,68,68,0,0
78216,120,115,5,5
78217,181,150,31,31
78218,141,119,22,22
78219,178,145,33,33
78220,64,56,8,8
78221,72,71,1,1
78222,45,40,5,5
78223,143,114,29,29
78224,145,117,28,28
78225,111,105,6,6
78226,86,79,7,7
78227,125,118,7,7
78228,79,74,5,5
78229,67,67,0,0
78230,173,142,31,31
78231,81,77,4,4
78232,88,87,1,1
78233,63,61,2,2
78234,66,81,-15,15
78235,96,84,12,12
78236,100,70,30,30
78237,57,52,5,5
78238,125,102,23,23
78239,156,133,23,23
78240,125,106,19,19
78241,133,119,14,14
78242,66,61,5,5
78243,159,145,14,14
78244,44,53,-9,9
78245,67,57,10,10
78246,105,94,11,11
78247,77,72,5,5
78248,64,66,-2,2
78249,62,80,-18,18
78250,69,61,8,8
78251,163,138,25,25
78252,62,60,2,2
78253,50,49,1,1
78254,100,91,9,9
78255,108,92,16,16
78256,70,64,6,6
78257,97,85,12,12
78258,83,70,13,13
78259,137,132,5,5
78260,70,64,6,6
78261,122,91,31,31
78262,79,79,0,0
78263,52,68,-16,16
78264,86,85,1,1
78265,93,79,14,14
78266,93,98,-5,5
78267,62,59,3,3
78268,109,88,21,21
78269,107,98,9,9
78270,83,77,6,6
78271,57,56,1,1
78272,61,62,-1,1
78273,43,46,-3,3
78274,156,124,32,32
78275,102,87,15,15
78276,56,63,-7,7
78277,199,161,38,38
78278,103,97,6,6
78279,77,70,7,7
78280,147,139,8,8
78281,99,101,-2,2
78282,74,97,-23,23
78283,71,61,10,10
78284,142,126,16,16
78285,72,61,11,11
78286,28,40,-12,12
78287,99,97,2,2
78288,145,137,8,8
78289,51,48,3,3
78290,132,122,10,10
78291,102,92,10,10
78292,69,65,4,4
78293,142,124,18,18
78294,52,45,7,7
78295,87,84,3,3
78296,122,112,10,10
78297,93,92,1,1
78298,85,81,4,4
78299,101,88,13,13
78300,88,83,5,5
78301,64,55,9,9
78302,131,115,16,16
78303,91,82,9,9
78304,174,141,33,33
78305,50,47,3,3
78306,78,78,0,0
78307,76,75,1,1
78308,118,105,13,13
78309,56,57,-1,1
78310,53,51,2,2
78311,98,94,4,4
78312,119,112,7,7
78313,133,117,16,16
78314,66,60,6,6
78315,117,111,6,6
78316,94,84,10,10
78317,79,77,2,2
78318,114,105,9,9
78319,96,75,21,21
78320,81,77,4,4
78321,83,78,5,5
78322,74,72,2,2
78323,89,77,12,12
78324,73,76,-3,3
78325,160,140,20,20
78326,120,103,17,17
78327,52,48,4,4
78328,127,117,10,10
78329,93,81,12,12
78330,108,107,1,1
78331,95,87,8,8
78332,75,71,4,4
78333,124,100,24,24
78334,90,85,5,5
78335,101,95,6,6
78336,44,46,-2,2
78337,113,97,16,16
78338,64,67,-3,3
78339,135,120,15,15
78340,147,122,25,25
78341,112,105,7,7
78342,63,62,1,1
78343,91,94,-3,3
78344,93,69,24,24
78345,116,101,15,15
78346,124,117,7,7
78347,127,119,8,8
78348,114,109,5,5
78349,137,103,34,34
78350,56,56,0,0
78351,54,52,2,2
78352,78,76,2,2
78353,71,66,5,5
78354,72,69,3,3
78355,67,68,-1,1
78356,48,44,4,4
78357,115,122,-7,7
78358,53,51,2,2
78359,95,86,9,9
78360,56,63,-7,7
78361,45,37,8,8
78362,209,174,35,35
78363,85,87,-2,2
78364,80,72,8,8
78365,139,130,9,9
78366,64,60,4,4
78367,83,80,3,3
78368,121,104,17,17
78369,102,100,2,2
78370,94,84,10,10
78371,119,102,17,17
78372,59,60,-1,1
78373,61,80,-19,19
78374,74,65,9,9
78375,76,71,5,5
78376,91,86,5,5
78377,132,107,25,25
78378,54,55,-1,1
78379,74,68,6,6
78380,96,80,16,16
78381,60,62,-2,2
78382,91,88,3,3
78383,102,94,8,8
78384,131,117,14,14
78385,95,82,13,13
78386,35,34,1,1
78387,70,71,-1,1
78388,115,95,20,20
78389,63,57,6,6
78390,70,73,-3,3
78391,73,66,7,7
78392,79,73,6,6
78393,114,106,8,8
78394,75,80,-5,5
78395,103,90,13,13
78396,111,97,14,14
78397,110,105,5,5
78398,55,49,6,6
78399,89,86,3,3
78400,53,59,-6,6
78401,114,94,20,20
78402,104,97,7,7
78403,45,43,2,2
78404,122,105,17,17
78405,72,70,2,2
78406,140,118,22,22
78407,132,110,22,22
78408,127,142,-15,15
78409,133,115,18,18
78410,66,61,5,5
78411,99,89,10,10
78412,112,101,11,11
78413,104,80,24,24
78414,143,126,17,17
78415,107,90,17,17
78416,122,109,13,13
78417,166,148,18,18
78418,169,147,22,22
78419,165,149,16,16
78420,147,114,33,33
78421,63,57,6,6
78422,71,71,0,0
78423,59,50,9,9
78424,127,116,11,11
78425,168,138,30,30
78426,43,44,-1,1
78427,103,89,14,14
78428,109,93,16,16
78429,99,95,4,4
78430,71,67,4,4
78431,94,88,6,6
78432,104,92,12,12
78433,96,90,6,6
78434,85,73,12,12
78435,122,96,26,26
78436,85,79,6,6
78437,49,51,-2,2
78438,44,59,-15,15
78439,65,57,8,8
78440,78,74,4,4
78441,117,103,14,14
78442,103,87,16,16
78443,106,85,21,21
78444,97,94,3,3
78445,167,161,6,6
78446,50,49,1,1
78447,134,112,22,22
78448,100,98,2,2
78449,81,76,5,5
78450,108,103,5,5
78451,55,55,0,0
78452,82,78,4,4
78453,94,101,-7,7
78454,94,81,13,13
78455,61,58,3,3
78456,141,124,17,17
78457,79,73,6,6
78458,71,74,-3,3
78459,48,52,-4,4
78460,140,128,12,12
78461,70,69,1,1
78462,63,58,5,5
78463,137,115,22,22
78464,40,39,1,1
78465,103,89,14,14
78466,67,66,1,1
78467,82,72,10,10
78468,119,111,8,8
78469,131,114,17,17
78470,77,84,-7,7
78471,98,84,14,14
78472,148,139,9,9
78473,91,79,12,12
78474,95,91,4,4
78475,60,55,5,5
78476,72,67,5,5
78477,123,106,17,17
78478,68,63,5,5
78479,124,114,10,10
78480,128,115,13,13
78481,114,106,8,8
78482,90,82,8,8
78483,108,100,8,8
78484,114,95,19,19
78485,33,50,-17,17
78486,95,90,5,5
78487,113,99,14,14
78488,57,54,3,3
78489,71,63,8,8
78490,110,91,19,19
78491,67,66,1,1
78492,59,58,1,1
78493,105,97,8,8
78494,132,109,23,23
78495,93,92,1,1
78496,90,87,3,3
78497,134,113,21,21
78498,32,36,-4,4
78499,108,130,-22,22
78500,81,69,12,12
78501,94,86,8,8
78502,116,106,10,10
78503,131,116,15,15
78504,63,67,-4,4
78505,96,86,10,10
78506,71,57,14,14
78507,71,60,11,11
78508,79,79,0,0
78509,115,101,14,14
78510,48,63,-15,15
78511,85,74,11,11
78512,113,95,18,18
78513,89,82,7,7
78514,131,119,12,12
78515,91,87,4,4
78516,72,62,10,10
78517,169,136,33,33
78518,133,121,12,12
78519,176,149,27,27
78520,118,112,6,6
78521,71,74,-3,3
78522,65,64,1,1
78523,144,112,32,32
78524,72,77,-5,5
78525,70,69,1,1
78526,70,65,5,5
78527,117,95,22,22
78528,97,87,10,10
78529,57,56,1,1
78530,61,77,-16,16
78531,80,73,7,7
78532,92,79,13,13
78533,85,84,1,1
78534,125,101,24,24
78535,90,91,-1,1
78536,80,69,11,11
78537,71,72,-1,1
78538,149,121,28,28
78539,69,61,8,8
78540,104,89,15,15
78541,95,83,12,12
78542,129,101,28,28
78543,144,111,33,33
78544,61,59,2,2
78545,130,108,22,22
78546,144,120,24,24
78547,39,41,-2,2
78548,114,104,10,10
78549,48,46,2,2
78550,94,81,13,13
78551,92,79,13,13
78552,101,82,19,19
78553,79,78,1,1
78554,113,93,20,20
78555,69,70,-1,1
78556,41,45,-4,4
78557,69,69,0,0
78558,108,96,12,12
78559,66,62,4,4
78560,93,76,17,17
78561,86,74,12,12
78562,79,69,10,10
78563,80,79,1,1
78564,87,76,11,11
78565,179,147,32,32
78566,67,61,6,6
78567,71,72,-1,1
78568,86,71,15,15
78569,92,88,4,4
78570,109,101,8,8
78571,45,50,-5,5
78572,84,77,7,7
78573,158,137,21,21
78574,92,79,13,13
78575,75,68,7,7
78576,84,77,7,7
78577,65,68,-3,3
78578,104,86,18,18
78579,44,41,3,3
78580,198,147,51,51
78581,124,104,20,20
78582,134,108,26,26
78583,122,101,21,21
78584,77,71,6,6
78585,103,90,13,13
78586,98,85,13,13
78587,59,50,9,9
78588,87,66,21,21
78589,74,63,11,11
78590,67,69,-2,2
78591,85,77,8,8
78592,79,67,12,12
78593,96,90,6,6
78594,121,110,11,11
78595,98,100,-2,2
78596,145,119,26,26
78597,110,96,14,14
78598,144,134,10,10
78599,85,75,10,10
78600,114,110,4,4
78601,95,84,11,11
78602,51,55,-4,4
78603,97,83,14,14
78604,81,64,17,17
78605,81,73,8,8
78606,85,77,8,8
78607,154,137,17,17
78608,125,110,15,15
78609,97,92,5,5
78610,161,135,26,26
78611,144,114,30,30
78612,127,108,19,19
78613,88,78,10,10
78614,180,149,31,31
78615,90,88,2,2
78616,66,69,-3,3
78617,95,84,11,11
78618,94,92,2,2
78619,75,73,2,2
78620,65,67,-2,2
78621,111,109,2,2
78622,67,58,9,9
78623,86,85,1,1
78624,141,117,24,24
78625,102,89,13,13
78626,142,133,9,9
78627,188,163,25,25
78628,62,51,11,11
78629,104,100,4,4
78630,63,57,6,6
78631,100,85,15,15
78632,148,126,22,22
78633,103,98,5,5
78634,122,115,7,7
78635,69,65,4,4
78636,89,79,10,10
78637,113,85,28,28
78638,135,119,16,16
78639,158,128,30,30
78640,74,61,13,13
78641,54,52,2,2
78642,106,96,10,10
78643,56,78,-22,22
78644,113,97,16,16
78645,95,77,18,18
78646,134,118,16,16
78647,73,68,5,5
78648,51,48,3,3
78649,50,43,7,7
78650,33,34,-1,1
78651,130,107,23,23
78652,111,113,-2,2
78653,58,54,4,4
78654,103,92,11,11
78655,136,125,11,11
78656,99,89,10,10
78657,99,85,14,14
78658,116,99,17,17
78659,149,125,24,24
78660,69,66,3,3
78661,81,85,-4,4
78662,57,55,2,2
78663,85,74,11,11
78664,78,86,-8,8
78665,94,85,9,9
78666,112,95,17,17
78667,141,108,33,33
78668,133,110,23,23
78669,85,85,0,0
78670,100,96,4,4
78671,62,57,5,5
78672,121,105,16,16
78673,54,55,-1,1
78674,154,135,19,19
78675,142,114,28,28
78676,104,106,-2,2
78677,103,90,13,13
78678,70,62,8,8
78679,118,105,13,13
78680,115,103,12,12
78681,145,128,17,17
78682,106,99,7,7
78683,114,102,12,12
78684,87,76,11,11
78685,155,125,30,30
78686,142,117,25,25
78687,132,111,21,21
78688,94,84,10,10
78689,142,125,17,17
78690,150,130,20,20
78691,53,55,-2,2
78692,94,80,14,14
78693,85,89,-4,4
78694,62,63,-1,1
78695,53,48,5,5
78696,81,81,0,0
78697,175,151,24,24
78698,55,50,5,5
78699,72,75,-3,3
78700,93,81,12,12
78701,73,75,-2,2
78702,47,52,-5,5
78703,67,64,3,3
78704,117,100,17,17
78705,104,94,10,10
78706,76,70,6,6
78707,99,79,20,20
78708,131,111,20,20
78709,84,84,0,0
78710,105,105,0,0
78711,157,122,35,35
78712,111,107,4,4
78713,91,84,7,7
78714,74,76,-2,2
78715,79,73,6,6
78716,103,86,17,17
78717,119,101,18,18
78718,163,121,42,42
78719,69,65,4,4
78720,112,97,15,15
78721,55,59,-4,4
78722,97,90,7,7
78723,99,81,18,18
78724,58,62,-4,4
78725,125,101,24,24
78726,88,75,13,13
78727,81,74,7,7
78728,158,141,17,17
78729,55,62,-7,7
78730,114,109,5,5
78731,95,86,9,9
78732,87,96,-9,9
78733,139,115,24,24
78734,79,70,9,9
78735,75,63,12,12
78736,56,57,-1,1
78737,113,116,-3,3
78738,148,121,27,27
78739,160,128,32,32
78740,97,89,8,8
78741,88,81,7,7
78742,89,81,8,8
78743,101,91,10,10
78744,53,54,-1,1
78745,97,100,-3,3
78746,67,65,2,2
78747,117,98,19,19
78748,72,60,12,12
78749,40,41,-1,1
78750,48,44,4,4
78751,88,75,13,13
78752,95,75,20,20
78753,132,113,19,19
78754,63,57,6,6
78755,95,85,10,10
78756,84,77,7,7
78757,33,36,-3,3
78758,70,66,4,4
78759,154,133,21,21
78760,163,135,28,28
78761,175,146,29,29
78762,92,80,12,12
78763,150,131,19,19
78764,67,64,3,3
78765,127,118,9,9
78766,131,113,18,18
78767,194,156,38,38
78768,113,98,15,15
78769,106,93,13,13
78770,88,76,12,12
78771,75,68,7,7
78772,56,68,-12,12
78773,86,89,-3,3
78774,66,59,7,7
78775,171,146,25,25
78776,127,111,16,16
78777,110,100,10,10
78778,93,87,6,6
78779,89,83,6,6
78780,72,75,-3,3
78781,98,82,16,16
78782,77,72,5,5
78783,93,85,8,8
78784,112,89,23,23
78785,68,63,5,5
78786,104,102,2,2
78787,78,69,9,9
78788,69,71,-2,2
78789,48,47,1,1
78790,65,68,-3,3
78791,109,102,7,7
78792,90,96,-6,6
78793,141,123,18,18
78794,100,93,7,7
78795,133,122,11,11
78796,110,93,17,17
78797,54,49,5,5
78798,71,66,5,5
78799,144,125,19,19
78800,57,65,-8,8
78801,88,82,6,6
78802,107,90,17,17
78803,128,111,17,17
78804,93,89,4,4
78805,136,125,11,11
78806,107,86,21,21
78807,151,123,28,28
78808,114,98,16,16
78809,67,61,6,6
78810,94,86,8,8
78811,90,76,14,14
78812,105,87,18,18
78813,132,109,23,23
78814,90,79,11,11
78815,120,112,8,8
78816,91,93,-2,2
78817,155,135,20,20
78818,62,58,4,4
78819,109,93,16,16
78820,100,96,4,4
78821,160,130,30,30
78822,96,86,10,10
78823,104,101,3,3
78824,93,84,9,9
78825,72,68,4,4
78826,59,67,-8,8
78827,74,65,9,9
78828,83,69,14,14
78829,92,76,16,16
78830,100,96,4,4
78831,87,76,11,11
78832,122,110,12,12
78833,78,70,8,8
78834,79,67,12,12
78835,138,109,29,29
78836,158,133,25,25
78837,75,71,4,4
78838,100,86,14,14
78839,134,112,22,22
78840,138,140,-2,2
78841,82,84,-2,2
78842,52,47,5,5
78843,74,71,3,3
78844,60,54,6,6
78845,49,46,3,3
78846,45,48,-3,3
78847,83,73,10,10
78848,55,56,-1,1
78849,74,66,8,8
78850,96,81,15,15
78851,71,70,1,1
78852,73,68,5,5
78853,104,105,-1,1
78854,57,51,6,6
78855,79,75,4,4
78856,109,101,8,8
78857,65,58,7,7
78858,129,127,2,2
78859,75,67,8,8
78860,209,173,36,36
78861,102,86,16,16
78862,102,96,6,6
78863,142,115,27,27
78864,140,113,27,27
78865,44,44,0,0
78866,102,96,6,6
78867,89,74,15,15
78868,86,74,12,12
78869,85,78,7,7
78870,88,76,12,12
78871,77,78,-1,1
78872,123,116,7,7
78873,62,68,-6,6
78874,163,141,22,22
78875,114,102,12,12
78876,55,57,-2,2
78877,112,103,9,9
78878,125,111,14,14
78879,123,110,13,13
78880,96,85,11,11
78881,111,95,16,16
78882,136,113,23,23
78883,75,72,3,3
78884,134,121,13,13
78885,77,77,0,0
78886,98,91,7,7
78887,94,82,12,12
78888,77,74,3,3
78889,83,73,10,10
78890,97,79,18,18
78891,82,75,7,7
78892,126,108,18,18
78893,159,138,21,21
78894,100,97,3,3
78895,100,104,-4,4
78896,121,105,16,16
78897,117,92,25,25
78898,81,78,3,3
78899,90,80,10,10
78900,68,61,7,7
78901,110,101,9,9
78902,118,118,0,0
78903,97,87,10,10
78904,81,67,14,14
78905,105,95,10,10
78906,95,80,15,15
78907,66,77,-11,11
78908,109,98,11,11
78909,141,127,14,14
78910,52,49,3,3
78911,80,70,10,10
78912,93,80,13,13
78913,76,70,6,6
78914,111,102,9,9
78915,107,91,16,16
78916,132,112,20,20
78917,100,93,7,7
78918,138,115,23,23
78919,122,105,17,17
78920,105,95,10,10
78921,85,77,8,8
78922,96,83,13,13
78923,60,52,8,8
78924,106,93,13,13
78925,47,58,-11,11
78926,97,85,12,12
78927,36,38,-2,2
78928,111,90,21,21
78929,121,117,4,4
78930,85,71,14,14
78931,95,79,16,16
78932,78,73,5,5
78933,113,106,7,7
78934,72,65,7,7
78935,110,107,3,3
78936,38,43,-5,5
78937,133,118,15,15
78938,52,73,-21,21
78939,49,49,0,0
78940,57,53,4,4
78941,209,149,60,60
78942,93,90,3,3
78943,62,60,2,2
78944,51,52,-1,1
78945,82,95,-13,13
78946,77,70,7,7
78947,165,134,31,31
78948,58,55,3,3
78949,108,93,15,15
78950,43,47,-4,4
78951,83,77,6,6
78952,92,81,11,11
78953,127,106,21,21
78954,47,46,1,1
78955,78,69,9,9
78956,62,58,4,4
78957,136,111,25,25
78958,121,113,8,8
78959,79,76,3,3
78960,83,83,0,0
78961,100,93,7,7
78962,86,91,-5,5
78963,89,84,5,5
78964,74,61,13,13
78965,133,118,15,15
78966,107,96,11,11
78967,89,76,13,13
78968,72,65,7,7
78969,78,77,1,1
78970,52,50,2,2
78971,94,88,6,6
78972,107,94,13,13
78973,61,54,7,7
78974,224,179,45,45
78975,75,62,13,13
78976,53,54,-1,1
78977,95,88,7,7
78978,63,56,7,7
78979,133,119,14,14
78980,45,41,4,4
78981,65,57,8,8
78982,93,81,12,12
78983,68,70,-2,2
78984,86,80,6,6
78985,116,102,14,14
78986,112,104,8,8
78987,79,67,12,12
78988,83,73,10,10
78989,136,131,5,5
78990,58,57,1,1
78991,98,85,13,13
78992,216,193,23,23
78993,135,118,17,17
78994,87,77,10,10
78995,99,86,13,13
78996,85,75,10,10
78997,57,52,5,5
78998,69,60,9,9
78999,72,67,5,5
79000,42,43,-1,1
79001,50,47,3,3
79002,120,104,16,16
79003,43,41,2,2
79004,58,51,7,7
79005,64,68,-4,4
79006,47,48,-1,1
79007,118,97,21,21
79008,91,101,-10,10
79009,115,104,11,11
79010,132,119,13,13
79011,124,108,16,16
79012,127,125,2,2
79013,90,77,13,13
79014,142,128,14,14
79015,72,68,4,4
79016,91,88,3,3
79017,93,88,5,5
79018,159,145,14,14
79019,76,74,2,2
79020,89,88,1,1
79021,127,96,31,31
79022,76,71,5,5
79023,101,84,17,17
79024,95,87,8,8
79025,82,75,7,7
79026,109,98,11,11
79027,108,92,16,16
79028,84,80,4,4
79029,184,158,26,26
79030,77,69,8,8
79031,92,75,17,17
79032,57,59,-2,2
79033,104,88,16,16
79034,118,108,10,10
79035,111,95,16,16
79036,78,62,16,16
79037,122,104,18,18
79038,72,65,7,7
79039,106,87,19,19
79040,61,56,5,5
79041,106,98,8,8
79042,122,110,12,12
79043,119,105,14,14
79044,141,113,28,28
79045,114,99,15,15
79046,124,104,20,20
79047,86,72,14,14
79048,43,51,-8,8
79049,177,156,21,21
79050,169,168,1,1
79051,100,94,6,6
79052,70,69,1,1
79053,80,75,5,5
79054,82,77,5,5
79055,97,82,15,15
79056,112,94,18,18
79057,122,104,18,18
79058,62,58,4,4
79059,146,115,31,31
79060,77,79,-2,2
79061,95,89,6,6
79062,167,131,36,36
79063,62,84,-22,22
79064,112,125,-13,13
79065,56,56,0,0
79066,126,98,28,28
79067,127,104,23,23
79068,221,185,36,36
79069,180,150,30,30
79070,73,62,11,11
79071,53,54,-1,1
79072,82,81,1,1
79073,58,54,4,4
79074,78,69,9,9
79075,130,112,18,18
79076,39,36,3,3
79077,93,105,-12,12
79078,87,74,13,13
79079,82,70,12,12
79080,130,117,13,13
79081,74,70,4,4
79082,93,81,12,12
79083,69,72,-3,3
79084,57,55,2,2
79085,79,68,11,11
79086,120,103,17,17
79087,91,74,17,17
79088,99,98,1,1
79089,100,86,14,14
79090,93,83,10,10
79091,78,77,1,1
79092,82,78,4,4
79093,242,199,43,43
79094,154,133,21,21
79095,63,58,5,5
79096,52,50,2,2
79097,106,93,13,13
79098,87,96,-9,9
79099,106,100,6,6
79100,36,35,1,1
79101,108,115,-7,7
79102,153,170,-17,17
79103,44,56,-12,12
79104,119,105,14,14
79105,51,49,2,2
79106,156,127,29,29
79107,114,117,-3,3
79108,123,111,12,12
79109,149,130,19,19
79110,90,77,13,13
79111,67,64,3,3
79112,179,150,29,29
79113,123,109,14,14
79114,88,82,6,6
79115,211,179,32,32
79116,149,125,24,24
79117,58,53,5,5
79118,85,76,9,9
79119,94,83,11,11
79120,125,116,9,9
79121,50,52,-2,2
79122,78,66,12,12
79123,91,80,11,11
79124,166,149,17,17
79125,89,75,14,14
79126,55,60,-5,5
79127,140,121,19,19
79128,122,111,11,11
79129,92,72,20,20
79130,59,58,1,1
79131,112,108,4,4
79132,97,91,6,6
79133,109,103,6,6
79134,121,127,-6,6
79135,75,71,4,4
79136,80,69,11,11
79137,104,92,12,12
79138,130,117,13,13
79139,148,132,16,16
79140,54,49,5,5
79141,121,100,21,21
79142,65,76,-11,11
79143,51,56,-5,5
79144,142,110,32,32
79145,40,37,3,3
79146,58,59,-1,1
79147,92,82,10,10
79148,71,68,3,3
79149,96,86,10,10
79150,118,99,19,19
79151,54,56,-2,2
79152,91,89,2,2
79153,70,63,7,7
79154,85,76,9,9
79155,47,49,-2,2
79156,137,124,13,13
79157,88,91,-3,3
79158,73,70,3,3
79159,99,88,11,11
79160,68,66,2,2
79161,174,161,13,13
79162,119,113,6,6
79163,84,78,6,6
79164,103,108,-5,5
79165,174,152,22,22
79166,98,83,15,15
79167,86,71,15,15
79168,101,94,7,7
79169,88,71,17,17
79170,78,65,13,13
79171,94,82,12,12
79172,131,113,18,18
79173,104,87,17,17
79174,89,88,1,1
79175,104,107,-3,3
79176,43,47,-4,4
79177,85,77,8,8
79178,66,67,-1,1
79179,108,104,4,4
79180,89,93,-4,4
79181,54,55,-1,1
79182,75,70,5,5
79183,85,87,-2,2
79184,94,84,10,10
79185,58,58,0,0
79186,191,160,31,31
79187,63,56,7,7
79188,73,62,11,11
79189,92,85,7,7
79190,125,101,24,24
79191,90,85,5,5
79192,128,115,13,13
79193,38,44,-6,6
79194,84,70,14,14
79195,85,74,11,11
79196,147,125,22,22
79197,54,49,5,5
79198,78,72,6,6
79199,117,97,20,20
79200,78,76,2,2
79201,83,70,13,13
79202,125,135,-10,10
79203,108,96,12,12
79204,94,86,8,8
79205,45,44,1,1
79206,120,108,12,12
79207,86,78,8,8
79208,85,78,7,7
79209,50,46,4,4
79210,89,78,11,11
79211,90,77,13,13
79212,75,69,6,6
79213,110,104,6,6
79214,82,73,9,9
79215,140,123,17,17
79216,102,95,7,7
79217,78,75,3,3
79218,90,83,7,7
79219,49,48,1,1
79220,60,55,5,5
79221,128,130,-2,2
79222,91,87,4,4
79223,94,84,10,10
79224,101,87,14,14
79225,90,81,9,9
79226,115,99,16,16
79227,111,87,24,24
79228,110,107,3,3
79229,64,64,0,0
79230,112,90,22,22
79231,88,85,3,3
79232,108,89,19,19
79233,100,91,9,9
79234,66,59,7,7
79235,142,113,29,29
79236,64,61,3,3
79237,140,124,16,16
79238,124,107,17,17
79239,66,60,6,6
79240,99,85,14,14
79241,78,68,10,10
79242,103,101,2,2
79243,121,105,16,16
79244,96,82,14,14
79245,30,36,-6,6
79246,69,60,9,9
79247,97,82,15,15
79248,81,69,12,12
79249,72,65,7,7
79250,93,78,15,15
79251,84,85,-1,1
79252,84,85,-1,1
79253,98,89,9,9
79254,57,65,-8,8
79255,81,77,4,4
79256,88,85,3,3
79257,98,87,11,11
79258,171,147,24,24
79259,76,70,6,6
79260,126,118,8,8
79261,90,83,7,7
79262,91,74,17,17
79263,94,77,17,17
79264,91,77,14,14
79265,122,107,15,15
79266,81,82,-1,1
79267,86,93,-7,7
79268,79,73,6,6
79269,76,77,-1,1
79270,97,94,3,3
79271,125,131,-6,6
79272,125,116,9,9
79273,62,60,2,2
79274,63,64,-1,1
79275,81,77,4,4
79276,115,87,28,28
79277,162,148,14,14
79278,103,89,14,14
79279,64,61,3,3
79280,153,128,25,25
79281,69,74,-5,5
79282,132,108,24,24
79283,76,64,12,12
79284,63,71,-8,8
79285,65,62,3,3
79286,89,78,11,11
79287,165,126,39,39
79288,84,74,10,10
79289,89,75,14,14
79290,130,112,18,18
79291,73,61,12,12
79292,110,110,0,0
79293,157,125,32,32
79294,82,79,3,3
79295,100,90,10,10
79296,128,111,17,17
79297,122,107,15,15
79298,102,92,10,10
79299,102,85,17,17
79300,86,70,16,16
79301,124,114,10,10
79302,157,133,24,24
79303,104,90,14,14
79304,94,87,7,7
79305,59,55,4,4
79306,103,88,15,15
79307,78,68,10,10
79308,73,70,3,3
79309,76,71,5,5
79310,112,113,-1,1
79311,103,105,-2,2
79312,159,120,39,39
79313,42,46,-4,4
79314,83,72,11,11
79315,108,99,9,9
79316,129,111,18,18
79317,129,116,13,13
79318,145,122,23,23
79319,70,66,4,4
79320,71,64,7,7
79321,60,60,0,0
79322,100,86,14,14
79323,173,148,25,25
79324,156,129,27,27
79325,101,90,11,11
79326,99,92,7,7
79327,130,114,16,16
79328,68,113,-45,45
79329,138,112,26,26
79330,138,125,13,13
79331,126,112,14,14
79332,74,65,9,9
79333,75,67,8,8
79334,79,70,9,9
79335,67,64,3,3
79336,80,108,-28,28
79337,86,72,14,14
79338,57,54,3,3
79339,111,109,2,2
79340,95,85,10,10
79341,85,73,12,12
79342,88,78,10,10
79343,72,61,11,11
79344,22,51,-29,29
79345,97,78,19,19
79346,130,107,23,23
79347,55,54,1,1
79348,95,81,14,14
79349,86,79,7,7
79350,53,51,2,2
79351,66,59,7,7
79352,122,119,3,3
79353,130,117,13,13
79354,135,117,18,18
79355,47,46,1,1
79356,65,91,-26,26
79357,46,39,7,7
79358,155,126,29,29
79359,60,60,0,0
79360,75,74,1,1
79361,97,82,15,15
79362,142,109,33,33
79363,57,61,-4,4
79364,80,73,7,7
79365,44,42,2,2
79366,107,98,9,9
79367,39,53,-14,14
79368,163,145,18,18
79369,152,145,7,7
79370,119,106,13,13
79371,98,78,20,20
79372,67,70,-3,3
79373,61,54,7,7
79374,99,88,11,11
79375,62,58,4,4
79376,68,61,7,7
79377,72,69,3,3
79378,83,80,3,3
79379,103,86,17,17
79380,116,115,1,1
79381,122,112,10,10
79382,88,84,4,4
79383,129,108,21,21
79384,86,76,10,10
79385,82,78,4,4
79386,83,78,5,5
79387,71,75,-4,4
79388,77,71,6,6
79389,100,96,4,4
79390,206,174,32,32
79391,152,155,-3,3
79392,58,54,4,4
79393,141,123,18,18
79394,96,80,16,16
79395,149,117,32,32
79396,80,69,11,11
79397,48,45,3,3
79398,75,71,4,4
79399,95,82,13,13
79400,126,116,10,10
79401,74,67,7,7
79402,95,83,12,12
79403,59,61,-2,2
79404,164,143,21,21
79405,95,84,11,11
79406,46,50,-4,4
79407,88,78,10,10
79408,135,126,9,9
79409,140,112,28,28
79410,103,93,10,10
79411,69,62,7,7
79412,144,117,27,27
79413,147,121,26,26
79414,105,100,5,5
79415,154,112,42,42
79416,77,69,8,8
79417,74,71,3,3
79418,132,113,19,19
79419,56,56,0,0
79420,48,47,1,1
79421,77,71,6,6
79422,20,35,-15,15
79423,94,90,4,4
79424,66,66,0,0
79425,72,65,7,7
79426,130,108,22,22
79427,282,231,51,51
79428,139,108,31,31
79429,99,101,-2,2
79430,67,64,3,3
79431,72,70,2,2
79432,96,98,-2,2
79433,76,73,3,3
79434,119,100,19,19
79435,93,76,17,17
79436,61,62,-1,1
79437,79,67,12,12
79438,107,91,16,16
79439,152,141,11,11
79440,85,72,13,13
79441,62,58,4,4
79442,103,82,21,21
79443,59,55,4,4
79444,109,105,4,4
79445,84,84,0,0
79446,85,76,9,9
79447,77,83,-6,6
79448,182,156,26,26
79449,105,98,7,7
79450,165,148,17,17
79451,101,89,12,12
79452,91,80,11,11
79453,93,82,11,11
79454,105,98,7,7
79455,98,93,5,5
79456,140,127,13,13
79457,150,123,27,27
79458,168,138,30,30
79459,155,130,25,25
79460,75,61,14,14
79461,56,50,6,6
79462,41,50,-9,9
79463,84,74,10,10
79464,46,49,-3,3
79465,168,148,20,20
79466,148,125,23,23
79467,92,85,7,7
79468,93,82,11,11
79469,108,88,20,20
79470,52,53,-1,1
79471,100,87,13,13
79472,77,77,0,0
79473,95,81,14,14
79474,67,63,4,4
79475,84,69,15,15
79476,107,94,13,13
79477,80,72,8,8
79478,104,93,11,11
79479,86,78,8,8
79480,90,74,16,16
79481,70,72,-2,2
79482,125,122,3,3
79483,68,64,4,4
79484,125,111,14,14
79485,133,120,13,13
79486,77,67,10,10
79487,70,69,1,1
79488,182,151,31,31
79489,114,91,23,23
79490,114,103,11,11
79491,183,162,21,21
79492,57,61,-4,4
79493,111,102,9,9
79494,49,51,-2,2
79495,58,56,2,2
79496,97,97,0,0
79497,141,130,11,11
79498,133,117,16,16
79499,115,94,21,21
79500,142,118,24,24
79501,53,51,2,2
79502,69,60,9,9
79503,152,119,33,33
79504,52,47,5,5
79505,145,128,17,17
79506,90,79,11,11
79507,125,103,22,22
79508,73,59,14,14
79509,72,65,7,7
79510,69,73,-4,4
79511,146,123,23,23
79512,149,133,16,16
79513,79,72,7,7
79514,105,102,3,3
79515,65,58,7,7
79516,139,115,24,24
79517,123,106,17,17
79518,105,77,28,28
79519,40,42,-2,2
79520,65,63,2,2
79521,134,117,17,17
79522,123,106,17,17
79523,127,105,22,22
79524,39,64,-25,25
79525,104,102,2,2
79526,48,48,0,0
79527,78,78,0,0
79528,102,89,13,13
79529,72,55,17,17
79530,130,119,11,11
79531,107,96,11,11
79532,90,82,8,8
79533,85,75,10,10
79534,103,95,8,8
79535,118,102,16,16
79536,67,70,-3,3
79537,101,80,21,21
79538,108,95,13,13
79539,134,134,0,0
79540,83,70,13,13
79541,103,95,8,8
79542,43,53,-10,10
79543,154,126,28,28
79544,137,122,15,15
79545,133,109,24,24
79546,165,129,36,36
79547,68,66,2,2
79548,144,125,19,19
79549,112,101,11,11
79550,96,85,11,11
79551,84,69,15,15
79552,131,103,28,28
79553,95,84,11,11
79554,166,134,32,32
79555,56,57,-1,1
79556,112,99,13,13
79557,55,50,5,5
79558,88,80,8,8
79559,81,70,11,11
79560,79,71,8,8
79561,105,96,9,9
79562,52,51,1,1
79563,131,113,18,18
79564,101,93,8,8
79565,98,70,28,28
79566,60,54,6,6
79567,66,64,2,2
79568,85,70,15,15
79569,81,71,10,10
79570,117,113,4,4
79571,61,56,5,5
79572,74,70,4,4
79573,64,63,1,1
79574,61,57,4,4
79575,106,92,14,14
79576,82,74,8,8
79577,68,79,-11,11
79578,100,91,9,9
79579,111,84,27,27
79580,73,74,-1,1
79581,110,97,13,13
79582,110,101,9,9
79583,150,129,21,21
79584,119,110,9,9
79585,140,125,15,15
79586,107,91,16,16
79587,31,39,-8,8
79588,111,98,13,13
79589,93,88,5,5
79590,73,69,4,4
79591,75,75,0,0
79592,106,106,0,0
79593,46,50,-4,4
79594,169,144,25,25
79595,128,111,17,17
79596,189,170,19,19
79597,119,104,15,15
79598,61,51,10,10
79599,109,100,9,9
79600,129,105,24,24
79601,118,109,9,9
79602,91,83,8,8
79603,95,87,8,8
79604,106,84,22,22
79605,188,157,31,31
79606,78,72,6,6
79607,59,65,-6,6
79608,66,58,8,8
79609,62,61,1,1
79610,137,117,20,20
79611,82,77,5,5
79612,115,103,12,12
79613,102,99,3,3
79614,50,67,-17,17
79615,119,105,14,14
79616,159,144,15,15
79617,146,128,18,18
79618,62,54,8,8
79619,72,61,11,11
79620,82,76,6,6
79621,64,61,3,3
79622,74,70,4,4
79623,104,87,17,17
79624,169,119,50,50
79625,86,82,4,4
79626,178,167,11,11
79627,83,73,10,10
79628,115,103,12,12
79629,124,111,13,13
79630,123,132,-9,9
79631,90,83,7,7
79632,51,50,1,1
79633,99,84,15,15
79634,99,111,-12,12
79635,108,87,21,21
79636,124,98,26,26
79637,144,131,13,13
79638,128,120,8,8
79639,70,66,4,4
79640,74,76,-2,2
79641,134,125,9,9
79642,119,112,7,7
79643,41,43,-2,2
79644,101,98,3,3
79645,149,125,24,24
79646,121,102,19,19
79647,56,50,6,6
79648,108,95,13,13
79649,72,71,1,1
79650,98,84,14,14
79651,67,60,7,7
79652,69,64,5,5
79653,89,79,10,10
79654,122,119,3,3
79655,75,69,6,6
79656,80,77,3,3
79657,184,164,20,20
79658,80,73,7,7
79659,136,122,14,14
79660,85,77,8,8
79661,86,75,11,11
79662,99,95,4,4
79663,161,146,15,15
79664,106,102,4,4
79665,86,80,6,6
79666,160,134,26,26
79667,140,131,9,9
79668,157,145,12,12
79669,121,109,12,12
79670,61,63,-2,2
79671,108,95,13,13
79672,110,96,14,14
79673,101,86,15,15
79674,85,78,7,7
79675,125,113,12,12
79676,67,63,4,4
79677,64,60,4,4
79678,47,59,-12,12
79679,111,107,4,4
79680,45,49,-4,4
79681,79,60,19,19
79682,102,88,14,14
79683,99,77,22,22
79684,121,106,15,15
79685,75,77,-2,2
79686,172,149,23,23
79687,67,64,3,3
79688,111,92,19,19
79689,119,114,5,5
79690,134,112,22,22
79691,139,120,19,19
79692,67,64,3,3
79693,100,108,-8,8
79694,64,63,1,1
79695,105,93,12,12
79696,106,94,12,12
79697,41,41,0,0
79698,122,105,17,17
79699,96,90,6,6
79700,74,70,4,4
79701,97,83,14,14
79702,106,91,15,15
79703,58,53,5,5
79704,61,56,5,5
79705,72,62,10,10
79706,97,87,10,10
79707,104,96,8,8
79708,90,83,7,7
79709,190,156,34,34
79710,113,114,-1,1
79711,72,85,-13,13
79712,102,88,14,14
79713,143,107,36,36
79714,71,64,7,7
79715,80,79,1,1
79716,45,43,2,2
79717,57,57,0,0
79718,109,96,13,13
79719,80,73,7,7
79720,54,55,-1,1
79721,75,73,2,2
79722,80,79,1,1
79723,73,69,4,4
79724,216,174,42,42
79725,73,72,1,1
79726,124,110,14,14
79727,160,116,44,44
79728,140,120,20,20
79729,136,116,20,20
79730,68,59,9,9
79731,91,81,10,10
79732,69,57,12,12
79733,93,90,3,3
79734,103,91,12,12
79735,93,85,8,8
79736,53,53,0,0
79737,116,102,14,14
79738,57,62,-5,5
79739,89,79,10,10
79740,58,52,6,6
79741,136,121,15,15
79742,95,87,8,8
79743,59,60,-1,1
79744,169,140,29,29
79745,105,96,9,9
79746,119,95,24,24
79747,89,80,9,9
79748,132,110,22,22
79749,81,68,13,13
79750,52,43,9,9
79751,139,106,33,33
79752,60,58,2,2
79753,128,110,18,18
79754,54,49,5,5
79755,123,114,9,9
79756,99,88,11,11
79757,36,42,-6,6
79758,40,41,-1,1
79759,114,102,12,12
79760,89,74,15,15
79761,68,66,2,2
79762,96,77,19,19
79763,120,105,15,15
79764,85,77,8,8
79765,67,59,8,8
79766,90,83,7,7
79767,59,56,3,3
79768,86,72,14,14
79769,187,160,27,27
79770,117,101,16,16
79771,50,56,-6,6
79772,90,78,12,12
79773,92,77,15,15
79774,57,58,-1,1
79775,55,52,3,3
79776,51,54,-3,3
79777,84,77,7,7
79778,110,100,10,10
79779,52,62,-10,10
79780,56,62,-6,6
79781,82,74,8,8
79782,141,127,14,14
79783,104,93,11,11
79784,113,106,7,7
79785,119,99,20,20
79786,124,109,15,15
79787,79,71,8,8
79788,99,85,14,14
79789,133,107,26,26
79790,53,52,1,1
79791,88,79,9,9
79792,58,53,5,5
79793,90,85,5,5
79794,89,88,1,1
79795,91,91,0,0
79796,110,96,14,14
79797,77,71,6,6
79798,71,68,3,3
79799,77,74,3,3
79800,115,106,9,9
79801,62,69,-7,7
79802,167,146,21,21
79803,105,98,7,7
79804,100,86,14,14
79805,100,97,3,3
79806,111,105,6,6
79807,92,80,12,12
79808,162,141,21,21
79809,109,101,8,8
79810,164,141,23,23
79811,63,53,10,10
79812,67,66,1,1
79813,158,145,13,13
79814,82,75,7,7
79815,65,56,9,9
79816,118,99,19,19
79817,87,86,1,1
79818,159,141,18,18
79819,122,100,22,22
79820,102,93,9,9
79821,63,62,1,1
79822,94,86,8,8
79823,100,93,7,7
79824,87,66,21,21
79825,98,83,15,15
79826,79,66,13,13
79827,104,87,17,17
79828,115,98,17,17
79829,118,124,-6,6
79830,82,74,8,8
79831,130,109,21,21
79832,98,92,6,6
79833,141,133,8,8
79834,197,162,35,35
79835,141,129,12,12
79836,91,84,7,7
79837,80,71,9,9
79838,104,84,20,20
79839,171,146,25,25
79840,292,221,71,71
79841,113,105,8,8
79842,111,95,16,16
79843,116,104,12,12
79844,66,58,8,8
79845,146,127,19,19
79846,62,59,3,3
79847,105,92,13,13
79848,66,62,4,4
79849,59,57,2,2
79850,74,72,2,2
79851,91,75,16,16
79852,117,104,13,13
79853,101,96,5,5
79854,167,155,12,12
79855,69,63,6,6
79856,120,109,11,11
79857,119,102,17,17
79858,130,112,18,18
79859,69,62,7,7
79860,97,93,4,4
79861,76,72,4,4
79862,183,156,27,27
79863,65,67,-2,2
79864,155,130,25,25
79865,80,70,10,10
79866,107,100,7,7
79867,46,56,-10,10
79868,95,81,14,14
79869,72,67,5,5
79870,74,74,0,0
79871,73,68,5,5
79872,66,58,8,8
79873,76,71,5,5
79874,75,73,2,2
79875,36,53,-17,17
79876,82,76,6,6
79877,150,126,24,24
79878,88,85,3,3
79879,40,41,-1,1
79880,82,77,5,5
79881,166,141,25,25
79882,113,101,12,12
79883,120,110,10,10
79884,136,118,18,18
79885,53,56,-3,3
79886,233,212,21,21
79887,78,69,9,9
79888,112,98,14,14
79889,103,102,1,1
79890,100,85,15,15
79891,86,84,2,2
79892,69,68,1,1
79893,109,98,11,11
79894,105,91,14,14
79895,51,80,-29,29
79896,99,97,2,2
79897,138,128,10,10
79898,42,84,-42,42
79899,87,76,11,11
79900,141,122,19,19
79901,75,79,-4,4
79902,96,84,12,12
79903,56,52,4,4
79904,122,105,17,17
79905,65,62,3,3
79906,113,90,23,23
79907,67,58,9,9
79908,83,74,9,9
79909,91,72,19,19
79910,136,122,14,14
79911,85,72,13,13
79912,66,64,2,2
79913,79,60,19,19
79914,73,64,9,9
79915,106,95,11,11
79916,76,68,8,8
79917,149,124,25,25
79918,38,48,-10,10
79919,108,92,16,16
79920,91,87,4,4
79921,105,94,11,11
79922,85,80,5,5
79923,62,67,-5,5
79924,117,121,-4,4
79925,62,64,-2,2
79926,115,95,20,20
79927,85,66,19,19
79928,150,135,15,15
79929,132,124,8,8
79930,74,73,1,1
79931,44,58,-14,14
79932,152,138,14,14
79933,142,130,12,12
79934,106,97,9,9
79935,97,91,6,6
79936,97,82,15,15
79937,53,56,-3,3
79938,116,107,9,9
79939,141,124,17,17
79940,109,99,10,10
79941,90,78,12,12
79942,111,102,9,9
79943,186,169,17,17
79944,133,113,20,20
79945,83,71,12,12
79946,69,75,-6,6
79947,73,70,3,3
79948,154,126,28,28
79949,93,95,-2,2
79950,87,79,8,8
79951,126,114,12,12
79952,91,85,6,6
79953,79,73,6,6
79954,82,80,2,2
79955,112,83,29,29
79956,72,61,11,11
79957,179,161,18,18
79958,67,67,0,0
79959,61,71,-10,10
79960,134,114,20,20
79961,129,109,20,20
79962,79,71,8,8
79963,95,88,7,7
79964,147,126,21,21
79965,86,82,4,4
79966,64,61,3,3
79967,73,72,1,1
79968,60,57,3,3
79969,122,115,7,7
79970,91,86,5,5
79971,78,79,-1,1
79972,69,72,-3,3
79973,64,76,-12,12
79974,120,102,18,18
79975,101,91,10,10
79976,51,50,1,1
79977,80,77,3,3
79978,100,121,-21,21
79979,104,96,8,8
79980,69,71,-2,2
79981,94,85,9,9
79982,110,107,3,3
79983,157,141,16,16
79984,56,57,-1,1
79985,118,109,9,9
79986,29,33,-4,4
79987,110,128,-18,18
79988,102,91,11,11
79989,78,71,7,7
79990,116,115,1,1
79991,129,116,13,13
79992,124,117,7,7
79993,69,79,-10,10
79994,94,88,6,6
79995,105,88,17,17
79996,127,125,2,2
79997,99,89,10,10
79998,106,86,20,20
79999,45,40,5,5
80000,73,64,9,9
80001,57,51,6,6
80002,71,64,7,7
80003,84,78,6,6
80004,91,84,7,7
80005,93,85,8,8
80006,75,73,2,2
80007,98,84,14,14
80008,76,70,6,6
80009,87,77,10,10
80010,100,95,5,5
80011,101,87,14,14
80012,63,69,-6,6
80013,94,78,16,16
80014,58,58,0,0
80015,77,63,14,14
80016,136,112,24,24
80017,86,81,5,5
80018,109,93,16,16
80019,77,69,8,8
80020,146,124,22,22
80021,128,114,14,14
80022,164,140,24,24
80023,71,68,3,3
80024,147,133,14,14
80025,96,83,13,13
80026,65,59,6,6
80027,95,85,10,10
80028,84,78,6,6
80029,104,91,13,13
80030,75,71,4,4
80031,168,147,21,21
80032,200,163,37,37
80033,153,139,14,14
80034,171,152,19,19
80035,111,106,5,5
80036,65,68,-3,3
80037,85,87,-2,2
80038,98,77,21,21
80039,111,101,10,10
80040,112,100,12,12
80041,113,96,17,17
80042,148,120,28,28
80043,115,101,14,14
80044,63,66,-3,3
80045,95,80,15,15
80046,98,92,6,6
80047,117,108,9,9
80048,144,121,23,23
80049,115,110,5,5
80050,124,107,17,17
80051,115,108,7,7
80052,93,91,2,2
80053,83,79,4,4
80054,83,76,7,7
80055,106,95,11,11
80056,104,94,10,10
80057,149,148,1,1
80058,94,91,3,3
80059,61,60,1,1
80060,63,68,-5,5
80061,98,90,8,8
80062,70,69,1,1
80063,96,91,5,5
80064,89,79,10,10
80065,120,128,-8,8
80066,85,71,14,14
80067,159,121,38,38
80068,144,130,14,14
80069,63,62,1,1
80070,102,92,10,10
80071,119,97,22,22
80072,106,96,10,10
80073,88,69,19,19
80074,54,51,3,3
80075,58,58,0,0
80076,130,109,21,21
80077,168,139,29,29
80078,73,66,7,7
80079,133,122,11,11
80080,98,92,6,6
80081,86,74,12,12
80082,81,77,4,4
80083,83,75,8,8
80084,59,58,1,1
80085,43,45,-2,2
80086,80,75,5,5
80087,73,71,2,2
80088,86,79,7,7
80089,89,102,-13,13
80090,77,71,6,6
80091,59,50,9,9
80092,64,87,-23,23
80093,82,71,11,11
80094,47,45,2,2
80095,99,76,23,23
80096,104,93,11,11
80097,62,62,0,0
80098,70,70,0,0
80099,65,63,2,2
80100,79,71,8,8
80101,86,79,7,7
80102,105,92,13,13
80103,91,88,3,3
80104,117,96,21,21
80105,43,44,-1,1
80106,171,145,26,26
80107,115,101,14,14
80108,111,104,7,7
80109,73,68,5,5
80110,118,101,17,17
80111,84,72,12,12
80112,96,93,3,3
80113,115,105,10,10
80114,172,149,23,23
80115,138,120,18,18
80116,130,109,21,21
80117,142,127,15,15
80118,92,85,7,7
80119,71,62,9,9
80120,42,43,-1,1
80121,93,80,13,13
80122,116,95,21,21
80123,90,71,19,19
80124,74,72,2,2
80125,56,59,-3,3
80126,139,112,27,27
80127,76,78,-2,2
80128,97,93,4,4
80129,88,83,5,5
80130,70,64,6,6
80131,148,126,22,22
80132,70,62,8,8
80133,112,100,12,12
80134,81,64,17,17
80135,52,51,1,1
80136,95,91,4,4
80137,80,76,4,4
80138,46,49,-3,3
80139,50,49,1,1
80140,129,113,16,16
80141,90,82,8,8
80142,132,102,30,30
80143,143,126,17,17
80144,130,132,-2,2
80145,147,121,26,26
80146,103,89,14,14
80147,61,51,10,10
80148,88,84,4,4
80149,158,135,23,23
80150,50,52,-2,2
80151,115,102,13,13
80152,86,83,3,3
80153,95,82,13,13
80154,135,129,6,6
80155,84,79,5,5
80156,116,121,-5,5
80157,31,38,-7,7
80158,86,81,5,5
80159,87,74,13,13
80160,99,82,17,17
80161,61,61,0,0
80162,66,59,7,7
80163,99,89,10,10
80164,83,67,16,16
80165,63,58,5,5
80166,85,72,13,13
80167,90,84,6,6
80168,114,100,14,14
80169,77,71,6,6
80170,74,72,2,2
80171,85,78,7,7
80172,49,79,-30,30
80173,29,37,-8,8
80174,77,66,11,11
80175,70,67,3,3
80176,72,72,0,0
80177,67,77,-10,10
80178,73,68,5,5
80179,112,91,21,21
80180,153,140,13,13
80181,120,108,12,12
80182,96,87,9,9
80183,104,93,11,11
80184,74,71,3,3
80185,50,47,3,3
80186,74,67,7,7
80187,91,79,12,12
80188,100,92,8,8
80189,45,52,-7,7
80190,96,91,5,5
80191,57,54,3,3
80192,117,99,18,18
80193,116,104,12,12
80194,117,107,10,10
80195,85,84,1,1
80196,90,85,5,5
80197,120,95,25,25
80198,63,68,-5,5
80199,131,133,-2,2
80200,55,55,0,0
80201,159,146,13,13
80202,95,80,15,15
80203,91,84,7,7
80204,52,49,3,3
80205,73,64,9,9
80206,107,93,14,14
80207,73,73,0,0
80208,144,121,23,23
80209,101,97,4,4
80210,84,72,12,12
80211,72,72,0,0
80212,100,102,-2,2
80213,57,55,2,2
80214,89,76,13,13
80215,85,75,10,10
80216,136,120,16,16
80217,104,98,6,6
80218,180,156,24,24
80219,88,78,10,10
80220,81,82,-1,1
80221,98,88,10,10
80222,63,54,9,9
80223,81,84,-3,3
80224,132,123,9,9
80225,139,122,17,17
80226,156,130,26,26
80227,94,86,8,8
80228,113,105,8,8
80229,155,157,-2,2
80230,106,88,18,18
80231,71,67,4,4
80232,98,95,3,3
80233,48,122,-74,74
80234,54,50,4,4
80235,86,74,12,12
80236,103,94,9,9
80237,148,124,24,24
80238,73,62,11,11
80239,135,127,8,8
80240,93,83,10,10
80241,137,123,14,14
80242,82,73,9,9
80243,78,67,11,11
80244,95,89,6,6
80245,74,65,9,9
80246,95,86,9,9
80247,64,62,2,2
80248,100,97,3,3
80249,95,90,5,5
80250,28,41,-13,13
80251,38,40,-2,2
80252,92,82,10,10
80253,134,122,12,12
80254,68,66,2,2
80255,117,101,16,16
80256,118,100,18,18
80257,79,68,11,11
80258,61,59,2,2
80259,132,110,22,22
80260,98,97,1,1
80261,70,69,1,1
80262,117,100,17,17
80263,61,53,8,8
80264,69,65,4,4
80265,76,63,13,13
80266,56,56,0,0
80267,108,94,14,14
80268,70,64,6,6
80269,53,51,2,2
80270,94,87,7,7
80271,158,139,19,19
80272,146,128,18,18
80273,94,89,5,5
80274,48,48,0,0
80275,85,82,3,3
80276,117,94,23,23
80277,119,97,22,22
80278,72,71,1,1
80279,103,92,11,11
80280,85,75,10,10
80281,121,99,22,22
80282,66,70,-4,4
80283,177,170,7,7
80284,85,75,10,10
80285,151,140,11,11
80286,57,52,5,5
80287,83,64,19,19
80288,68,61,7,7
80289,118,108,10,10
80290,70,62,8,8
80291,30,42,-12,12
80292,94,90,4,4
80293,68,67,1,1
80294,153,140,13,13
80295,81,70,11,11
80296,106,94,12,12
80297,93,78,15,15
80298,152,139,13,13
80299,117,105,12,12
80300,121,105,16,16
80301,104,99,5,5
80302,130,106,24,24
80303,113,97,16,16
80304,108,91,17,17
80305,110,90,20,20
80306,76,80,-4,4
80307,119,105,14,14
80308,79,65,14,14
80309,96,87,9,9
80310,74,85,-11,11
80311,71,63,8,8
80312,79,66,13,13
80313,62,60,2,2
80314,67,64,3,3
80315,149,117,32,32
80316,70,68,2,2
80317,87,77,10,10
80318,302,245,57,57
80319,51,54,-3,3
80320,73,65,8,8
80321,47,46,1,1
80322,138,113,25,25
80323,155,134,21,21
80324,67,68,-1,1
80325,118,111,7,7
80326,73,69,4,4
80327,67,66,1,1
80328,43,52,-9,9
80329,101,99,2,2
80330,89,75,14,14
80331,67,65,2,2
80332,148,133,15,15
80333,131,115,16,16
80334,73,62,11,11
80335,135,128,7,7
80336,71,71,0,0
80337,71,64,7,7
80338,108,87,21,21
80339,131,110,21,21
80340,115,114,1,1
80341,56,54,2,2
80342,84,75,9,9
80343,92,90,2,2
80344,38,37,1,1
80345,134,108,26,26
80346,75,70,5,5
80347,124,102,22,22
80348,126,112,14,14
80349,103,105,-2,2
80350,57,49,8,8
80351,82,83,-1,1
80352,113,104,9,9
80353,103,102,1,1
80354,119,93,26,26
80355,259,250,9,9
80356,87,78,9,9
80357,180,135,45,45
80358,84,84,0,0
80359,110,107,3,3
80360,116,96,20,20
80361,114,103,11,11
80362,124,119,5,5
80363,92,77,15,15
80364,86,83,3,3
80365,85,79,6,6
80366,65,60,5,5
80367,73,67,6,6
80368,72,68,4,4
80369,108,98,10,10
80370,47,44,3,3
80371,96,90,6,6
80372,66,65,1,1
80373,70,72,-2,2
80374,134,115,19,19
80375,47,48,-1,1
80376,50,53,-3,3
80377,69,69,0,0
80378,82,77,5,5
80379,103,89,14,14
80380,79,71,8,8
80381,82,78,4,4
80382,77,80,-3,3
80383,77,77,0,0
80384,99,89,10,10
80385,99,91,8,8
80386,156,148,8,8
80387,82,69,13,13
80388,123,103,20,20
80389,75,65,10,10
80390,47,50,-3,3
80391,32,37,-5,5
80392,72,72,0,0
80393,92,84,8,8
80394,128,96,32,32
80395,100,95,5,5
80396,78,79,-1,1
80397,141,119,22,22
80398,361,267,94,94
80399,142,121,21,21
80400,28,55,-27,27
80401,53,49,4,4
80402,80,76,4,4
80403,81,77,4,4
80404,181,139,42,42
80405,55,54,1,1
80406,81,72,9,9
80407,58,58,0,0
80408,28,35,-7,7
80409,76,75,1,1
80410,77,75,2,2
80411,125,110,15,15
80412,89,90,-1,1
80413,91,84,7,7
80414,103,97,6,6
80415,97,89,8,8
80416,90,74,16,16
80417,69,65,4,4
80418,140,126,14,14
80419,59,51,8,8
80420,140,121,19,19
80421,119,109,10,10
80422,86,85,1,1
80423,71,66,5,5
80424,179,155,24,24
80425,119,95,24,24
80426,115,97,18,18
80427,61,61,0,0
80428,160,144,16,16
80429,127,115,12,12
80430,186,166,20,20
80431,95,92,3,3
80432,73,73,0,0
80433,86,75,11,11
80434,64,65,-1,1
80435,164,140,24,24
80436,80,72,8,8
80437,107,115,-8,8
80438,138,120,18,18
80439,95,86,9,9
80440,161,135,26,26
80441,81,70,11,11
80442,118,104,14,14
80443,102,92,10,10
80444,79,72,7,7
80445,83,75,8,8
80446,96,77,19,19
80447,99,92,7,7
80448,101,89,12,12
80449,73,68,5,5
80450,151,129,22,22
80451,86,84,2,2
80452,107,91,16,16
80453,102,86,16,16
80454,87,78,9,9
80455,110,95,15,15
80456,75,76,-1,1
80457,68,82,-14,14
80458,88,84,4,4
80459,84,73,11,11
80460,81,71,10,10
80461,78,73,5,5
80462,73,68,5,5
80463,103,87,16,16
80464,175,146,29,29
80465,122,108,14,14
80466,106,93,13,13
80467,53,47,6,6
80468,120,107,13,13
80469,135,123,12,12
80470,96,85,11,11
80471,69,64,5,5
80472,86,80,6,6
80473,94,90,4,4
80474,46,48,-2,2
80475,93,84,9,9
80476,111,104,7,7
80477,54,54,0,0
80478,63,55,8,8
80479,59,62,-3,3
80480,61,60,1,1
80481,68,71,-3,3
80482,140,111,29,29
80483,79,68,11,11
80484,148,133,15,15
80485,114,101,13,13
80486,77,75,2,2
80487,95,77,18,18
80488,53,49,4,4
80489,102,95,7,7
80490,150,136,14,14
80491,142,111,31,31
80492,123,116,7,7
80493,85,72,13,13
80494,86,73,13,13
80495,106,90,16,16
80496,123,105,18,18
80497,99,88,11,11
80498,78,66,12,12
80499,74,67,7,7
80500,83,72,11,11
80501,68,90,-22,22
80502,100,95,5,5
80503,71,58,13,13
80504,85,67,18,18
80505,105,91,14,14
80506,132,114,18,18
80507,109,88,21,21
80508,95,84,11,11
80509,101,88,13,13
80510,49,53,-4,4
80511,37,38,-1,1
80512,80,79,1,1
80513,66,54,12,12
80514,70,66,4,4
80515,93,80,13,13
80516,54,55,-1,1
80517,99,98,1,1
80518,100,89,11,11
80519,143,125,18,18
80520,67,57,10,10
80521,69,65,4,4
80522,72,83,-11,11
80523,88,85,3,3
80524,116,85,31,31
80525,103,95,8,8
80526,129,116,13,13
80527,112,98,14,14
80528,47,46,1,1
80529,80,72,8,8
80530,87,76,11,11
80531,102,96,6,6
80532,111,101,10,10
80533,113,104,9,9
80534,85,73,12,12
80535,57,59,-2,2
80536,110,93,17,17
80537,91,85,6,6
80538,127,108,19,19
80539,71,62,9,9
80540,110,93,17,17
80541,143,126,17,17
80542,90,84,6,6
80543,122,101,21,21
80544,124,105,19,19
80545,53,51,2,2
80546,77,75,2,2
80547,35,36,-1,1
80548,63,70,-7,7
80549,115,97,18,18
80550,128,112,16,16
80551,99,90,9,9
80552,90,87,3,3
80553,80,70,10,10
80554,98,86,12,12
80555,95,83,12,12
80556,138,123,15,15
80557,84,74,10,10
80558,129,121,8,8
80559,101,83,18,18
80560,109,85,24,24
80561,142,129,13,13
80562,72,54,18,18
80563,110,99,11,11
80564,52,47,5,5
80565,66,77,-11,11
80566,69,65,4,4
80567,79,69,10,10
80568,69,67,2,2
80569,97,85,12,12
80570,96,84,12,12
80571,105,91,14,14
80572,144,123,21,21
80573,129,109,20,20
80574,75,73,2,2
80575,111,93,18,18
80576,149,132,17,17
80577,110,95,15,15
80578,73,67,6,6
80579,58,55,3,3
80580,47,45,2,2
80581,82,83,-1,1
80582,70,64,6,6
80583,124,96,28,28
80584,78,73,5,5
80585,136,113,23,23
80586,147,135,12,12
80587,84,91,-7,7
80588,121,103,18,18
80589,63,54,9,9
80590,94,84,10,10
80591,125,116,9,9
80592,82,82,0,0
80593,158,128,30,30
80594,67,66,1,1
80595,61,64,-3,3
80596,119,106,13,13
80597,65,65,0,0
80598,86,80,6,6
80599,98,77,21,21
80600,143,128,15,15
80601,105,95,10,10
80602,113,115,-2,2
80603,77,67,10,10
80604,107,102,5,5
80605,58,56,2,2
80606,145,129,16,16
80607,52,67,-15,15
80608,109,91,18,18
80609,71,65,6,6
80610,64,64,0,0
80611,129,108,21,21
80612,83,81,2,2
80613,40,55,-15,15
80614,102,100,2,2
80615,65,58,7,7
80616,100,79,21,21
80617,131,115,16,16
80618,90,78,12,12
80619,92,88,4,4
80620,67,72,-5,5
80621,121,104,17,17
80622,126,102,24,24
80623,93,85,8,8
80624,157,137,20,20
80625,89,80,9,9
80626,53,56,-3,3
80627,96,83,13,13
80628,111,94,17,17
80629,121,105,16,16
80630,67,73,-6,6
80631,59,55,4,4
80632,88,81,7,7
80633,71,76,-5,5
80634,57,55,2,2
80635,118,100,18,18
80636,78,68,10,10
80637,118,101,17,17
80638,85,78,7,7
80639,102,93,9,9
80640,69,69,0,0
80641,179,162,17,17
80642,94,99,-5,5
80643,100,88,12,12
80644,91,77,14,14
80645,139,133,6,6
80646,77,75,2,2
80647,64,61,3,3
80648,64,60,4,4
80649,137,121,16,16
80650,113,101,12,12
80651,93,77,16,16
80652,100,94,6,6
80653,88,79,9,9
80654,87,76,11,11
80655,144,126,18,18
80656,41,50,-9,9
80657,51,53,-2,2
80658,78,68,10,10
80659,72,64,8,8
80660,66,61,5,5
80661,58,62,-4,4
80662,123,113,10,10
80663,90,78,12,12
80664,56,50,6,6
80665,98,79,19,19
80666,91,78,13,13
80667,126,108,18,18
80668,68,51,17,17
80669,117,98,19,19
80670,46,45,1,1
80671,71,68,3,3
80672,111,96,15,15
80673,89,78,11,11
80674,58,60,-2,2
80675,104,93,11,11
80676,110,93,17,17
80677,101,90,11,11
80678,203,198,5,5
80679,90,84,6,6
80680,82,72,10,10
80681,133,108,25,25
80682,67,60,7,7
80683,75,70,5,5
80684,90,76,14,14
80685,91,76,15,15
80686,91,86,5,5
80687,67,64,3,3
80688,122,109,13,13
80689,59,57,2,2
80690,40,41,-1,1
80691,104,88,16,16
80692,118,108,10,10
80693,92,76,16,16
80694,157,146,11,11
80695,65,64,1,1
80696,60,59,1,1
80697,100,86,14,14
80698,31,34,-3,3
80699,94,83,11,11
80700,45,46,-1,1
80701,109,91,18,18
80702,85,71,14,14
80703,86,84,2,2
80704,185,155,30,30
80705,97,85,12,12
80706,69,55,14,14
80707,194,167,27,27
80708,63,71,-8,8
80709,141,124,17,17
80710,87,69,18,18
80711,131,115,16,16
80712,152,125,27,27
80713,96,84,12,12
80714,111,99,12,12
80715,92,75,17,17
80716,108,92,16,16
80717,83,73,10,10
80718,52,51,1,1
80719,103,95,8,8
80720,189,161,28,28
80721,80,63,17,17
80722,149,126,23,23
80723,146,121,25,25
80724,66,58,8,8
80725,38,40,-2,2
80726,124,118,6,6
80727,55,56,-1,1
80728,141,109,32,32
80729,83,104,-21,21
80730,144,136,8,8
80731,127,118,9,9
80732,80,67,13,13
80733,125,108,17,17
80734,115,100,15,15
80735,79,72,7,7
80736,73,67,6,6
80737,92,70,22,22
80738,84,79,5,5
80739,103,96,7,7
80740,104,100,4,4
80741,101,94,7,7
80742,92,89,3,3
80743,169,137,32,32
80744,53,50,3,3
80745,114,94,20,20
80746,138,126,12,12
80747,86,74,12,12
80748,85,78,7,7
80749,147,128,19,19
80750,58,59,-1,1
80751,128,112,16,16
80752,65,65,0,0
80753,89,78,11,11
80754,95,91,4,4
80755,84,76,8,8
80756,115,96,19,19
80757,142,121,21,21
80758,120,102,18,18
80759,102,99,3,3
80760,121,128,-7,7
80761,48,52,-4,4
80762,127,96,31,31
80763,76,66,10,10
80764,133,114,19,19
80765,108,93,15,15
80766,67,61,6,6
80767,33,37,-4,4
80768,148,117,31,31
80769,115,92,23,23
80770,68,91,-23,23
80771,132,126,6,6
80772,167,139,28,28
80773,145,137,8,8
80774,126,113,13,13
80775,72,60,12,12
80776,108,102,6,6
80777,75,73,2,2
80778,66,68,-2,2
80779,72,64,8,8
80780,99,85,14,14
80781,67,61,6,6
80782,113,101,12,12
80783,108,89,19,19
80784,94,81,13,13
80785,57,60,-3,3
80786,97,81,16,16
80787,64,62,2,2
80788,127,114,13,13
80789,90,75,15,15
80790,185,158,27,27
80791,110,91,19,19
80792,59,59,0,0
80793,119,97,22,22
80794,88,91,-3,3
80795,196,163,33,33
80796,95,87,8,8
80797,69,72,-3,3
80798,159,147,12,12
80799,66,79,-13,13
80800,100,81,19,19
80801,90,88,2,2
80802,71,62,9,9
80803,63,60,3,3
80804,104,85,19,19
80805,64,66,-2,2
80806,67,70,-3,3
80807,71,69,2,2
80808,155,130,25,25
80809,89,74,15,15
80810,128,112,16,16
80811,95,91,4,4
80812,51,49,2,2
80813,118,102,16,16
80814,102,91,11,11
80815,124,108,16,16
80816,68,66,2,2
80817,50,49,1,1
80818,86,81,5,5
80819,89,84,5,5
80820,113,92,21,21
80821,126,108,18,18
80822,64,72,-8,8
80823,120,109,11,11
80824,62,59,3,3
80825,73,80,-7,7
80826,145,128,17,17
80827,63,60,3,3
80828,80,80,0,0
80829,82,76,6,6
80830,41,39,2,2
80831,93,86,7,7
80832,107,94,13,13
80833,60,56,4,4
80834,93,81,12,12
80835,97,88,9,9
80836,90,82,8,8
80837,111,105,6,6
80838,57,55,2,2
80839,75,67,8,8
80840,54,57,-3,3
80841,55,66,-11,11
80842,84,78,6,6
80843,95,86,9,9
80844,101,81,20,20
80845,91,82,9,9
80846,65,60,5,5
80847,59,57,2,2
80848,112,93,19,19
80849,164,146,18,18
80850,61,62,-1,1
80851,75,71,4,4
80852,149,127,22,22
80853,152,124,28,28
80854,65,63,2,2
80855,90,80,10,10
80856,96,91,5,5
80857,105,92,13,13
80858,75,75,0,0
80859,61,56,5,5
80860,102,88,14,14
80861,96,82,14,14
80862,96,77,19,19
80863,89,78,11,11
80864,100,88,12,12
80865,96,80,16,16
80866,57,55,2,2
80867,67,68,-1,1
80868,148,131,17,17
80869,108,94,14,14
80870,50,49,1,1
80871,151,127,24,24
80872,72,73,-1,1
80873,55,56,-1,1
80874,166,127,39,39
80875,75,74,1,1
80876,154,124,30,30
80877,71,71,0,0
80878,77,73,4,4
80879,72,61,11,11
80880,79,76,3,3
80881,166,136,30,30
80882,72,69,3,3
80883,91,81,10,10
80884,80,78,2,2
80885,111,81,30,30
80886,81,83,-2,2
80887,74,71,3,3
80888,129,111,18,18
80889,120,101,19,19
80890,79,70,9,9
80891,95,76,19,19
80892,82,77,5,5
80893,124,103,21,21
80894,73,67,6,6
80895,328,439,-111,111
80896,95,81,14,14
80897,90,78,12,12
80898,105,95,10,10
80899,131,117,14,14
80900,96,86,10,10
80901,64,49,15,15
80902,129,98,31,31
80903,84,70,14,14
80904,126,107,19,19
80905,132,114,18,18
80906,108,100,8,8
80907,74,67,7,7
80908,122,105,17,17
80909,96,100,-4,4
80910,172,162,10,10
80911,150,127,23,23
80912,82,75,7,7
80913,119,107,12,12
80914,42,43,-1,1
80915,125,101,24,24
80916,47,41,6,6
80917,78,66,12,12
80918,51,53,-2,2
80919,56,60,-4,4
80920,100,97,3,3
80921,105,92,13,13
80922,241,184,57,57
80923,148,125,23,23
80924,49,46,3,3
80925,116,102,14,14
80926,45,39,6,6
80927,89,76,13,13
80928,83,80,3,3
80929,106,97,9,9
80930,84,89,-5,5
80931,82,71,11,11
80932,69,66,3,3
80933,87,81,6,6
80934,85,93,-8,8
80935,75,64,11,11
80936,142,129,13,13
80937,84,76,8,8
80938,112,90,22,22
80939,74,70,4,4
80940,82,80,2,2
80941,96,90,6,6
80942,106,93,13,13
80943,41,48,-7,7
80944,70,60,10,10
80945,62,60,2,2
80946,108,99,9,9
80947,115,94,21,21
80948,79,69,10,10
80949,101,90,11,11
80950,73,65,8,8
80951,69,67,2,2
80952,42,42,0,0
80953,130,111,19,19
80954,74,62,12,12
80955,69,64,5,5
80956,112,95,17,17
80957,95,89,6,6
80958,56,53,3,3
80959,98,85,13,13
80960,93,89,4,4
80961,93,81,12,12
80962,99,92,7,7
80963,137,115,22,22
80964,127,115,12,12
80965,82,73,9,9
80966,58,65,-7,7
80967,83,69,14,14
80968,130,108,22,22
80969,99,78,21,21
80970,134,121,13,13
80971,134,111,23,23
80972,73,65,8,8
80973,98,99,-1,1
80974,56,53,3,3
80975,106,99,7,7
80976,157,129,28,28
80977,70,64,6,6
80978,105,92,13,13
80979,108,105,3,3
80980,65,63,2,2
80981,82,72,10,10
80982,75,69,6,6
80983,88,83,5,5
80984,79,75,4,4
80985,85,83,2,2
80986,98,84,14,14
80987,70,65,5,5
80988,132,123,9,9
80989,121,96,25,25
80990,120,121,-1,1
80991,131,110,21,21
80992,100,94,6,6
80993,103,92,11,11
80994,89,79,10,10
80995,87,81,6,6
80996,63,63,0,0
80997,101,94,7,7
80998,80,68,12,12
80999,60,56,4,4
81000,53,52,1,1
81001,147,120,27,27
81002,83,78,5,5
81003,91,82,9,9
81004,120,102,18,18
81005,79,71,8,8
81006,66,56,10,10
81007,126,96,30,30
81008,155,124,31,31
81009,73,68,5,5
81010,75,66,9,9
81011,110,100,10,10
81012,87,79,8,8
81013,92,81,11,11
81014,133,122,11,11
81015,100,85,15,15
81016,89,79,10,10
81017,73,70,3,3
81018,56,53,3,3
81019,117,97,20,20
81020,77,57,20,20
81021,58,51,7,7
81022,132,119,13,13
81023,149,116,33,33
81024,60,54,6,6
81025,88,76,12,12
81026,118,97,21,21
81027,71,70,1,1
81028,158,137,21,21
81029,143,118,25,25
81030,63,68,-5,5
81031,49,56,-7,7
81032,111,96,15,15
81033,121,109,12,12
81034,97,81,16,16
81035,116,102,14,14
81036,58,52,6,6
81037,66,55,11,11
81038,63,57,6,6
81039,54,45,9,9
81040,83,79,4,4
81041,66,65,1,1
81042,48,48,0,0
81043,69,70,-1,1
81044,39,63,-24,24
81045,158,116,42,42
81046,48,50,-2,2
81047,63,57,6,6
81048,93,87,6,6
81049,87,81,6,6
81050,64,53,11,11
81051,148,108,40,40
81052,58,56,2,2
81053,51,51,0,0
81054,53,57,-4,4
81055,138,123,15,15
81056,75,70,5,5
81057,94,86,8,8
81058,49,54,-5,5
81059,132,125,7,7
81060,98,86,12,12
81061,97,97,0,0
81062,100,84,16,16
81063,107,92,15,15
81064,65,58,7,7
81065,67,61,6,6
81066,54,53,1,1
81067,123,109,14,14
81068,133,109,24,24
81069,105,115,-10,10
81070,91,85,6,6
81071,121,106,15,15
81072,81,81,0,0
81073,59,62,-3,3
81074,154,122,32,32
81075,85,79,6,6
81076,80,86,-6,6
81077,181,156,25,25
81078,112,98,14,14
81079,80,73,7,7
81080,140,115,25,25
81081,92,73,19,19
81082,87,71,16,16
81083,62,72,-10,10
81084,136,113,23,23
81085,74,67,7,7
81086,74,65,9,9
81087,45,43,2,2
81088,87,79,8,8
81089,81,72,9,9
81090,37,37,0,0
81091,73,67,6,6
81092,81,74,7,7
81093,119,104,15,15
81094,139,121,18,18
81095,106,98,8,8
81096,105,95,10,10
81097,129,112,17,17
81098,97,91,6,6
81099,94,106,-12,12
81100,89,101,-12,12
81101,84,76,8,8
81102,182,146,36,36
81103,44,46,-2,2
81104,98,84,14,14
81105,83,73,10,10
81106,159,134,25,25
81107,61,57,4,4
81108,145,113,32,32
81109,113,121,-8,8
81110,74,70,4,4
81111,44,38,6,6
81112,70,72,-2,2
81113,87,96,-9,9
81114,156,129,27,27
81115,78,71,7,7
81116,99,81,18,18
81117,120,100,20,20
81118,100,101,-1,1
81119,90,77,13,13
81120,90,85,5,5
81121,126,113,13,13
81122,59,47,12,12
81123,82,74,8,8
81124,71,75,-4,4
81125,87,77,10,10
81126,72,71,1,1
81127,112,94,18,18
81128,65,60,5,5
81129,68,66,2,2
81130,62,59,3,3
81131,130,117,13,13
81132,60,57,3,3
81133,100,96,4,4
81134,48,49,-1,1
81135,97,87,10,10
81136,85,74,11,11
81137,143,110,33,33
81138,112,102,10,10
81139,70,69,1,1
81140,107,108,-1,1
81141,103,91,12,12
81142,79,68,11,11
81143,65,56,9,9
81144,74,64,10,10
81145,62,62,0,0
81146,146,128,18,18
81147,138,122,16,16
81148,109,96,13,13
81149,57,53,4,4
81150,81,78,3,3
81151,100,89,11,11
81152,55,56,-1,1
81153,71,70,1,1
81154,137,113,24,24
81155,173,150,23,23
81156,53,54,-1,1
81157,69,64,5,5
81158,115,91,24,24
81159,71,70,1,1
81160,129,109,20,20
81161,142,118,24,24
81162,48,46,2,2
81163,77,71,6,6
81164,81,84,-3,3
81165,103,90,13,13
81166,75,68,7,7
81167,86,74,12,12
81168,105,99,6,6
81169,61,54,7,7
81170,109,92,17,17
81171,98,85,13,13
81172,153,137,16,16
81173,50,54,-4,4
81174,178,147,31,31
81175,85,73,12,12
81176,118,106,12,12
81177,94,78,16,16
81178,116,89,27,27
81179,92,80,12,12
81180,96,87,9,9
81181,44,46,-2,2
81182,96,85,11,11
81183,146,112,34,34
81184,90,71,19,19
81185,86,78,8,8
81186,112,103,9,9
81187,102,100,2,2
81188,47,45,2,2
81189,107,89,18,18
81190,52,60,-8,8
81191,122,110,12,12
81192,84,72,12,12
81193,76,71,5,5
81194,72,70,2,2
81195,181,157,24,24
81196,71,69,2,2
81197,92,89,3,3
81198,152,131,21,21
81199,133,117,16,16
81200,97,88,9,9
81201,135,121,14,14
81202,75,72,3,3
81203,99,93,6,6
81204,92,107,-15,15
81205,113,107,6,6
81206,65,58,7,7
81207,100,93,7,7
81208,124,116,8,8
81209,82,75,7,7
81210,111,105,6,6
81211,101,88,13,13
81212,60,59,1,1
81213,141,115,26,26
81214,69,65,4,4
81215,141,130,11,11
81216,111,90,21,21
81217,169,149,20,20
81218,126,109,17,17
81219,75,73,2,2
81220,120,101,19,19
81221,141,129,12,12
81222,104,110,-6,6
81223,48,49,-1,1
81224,93,85,8,8
81225,140,119,21,21
81226,97,77,20,20
81227,110,94,16,16
81228,45,41,4,4
81229,92,84,8,8
81230,87,71,16,16
81231,90,75,15,15
81232,68,66,2,2
81233,64,64,0,0
81234,59,50,9,9
81235,135,117,18,18
81236,52,53,-1,1
81237,121,116,5,5
81238,78,76,2,2
81239,97,91,6,6
81240,64,80,-16,16
81241,113,104,9,9
81242,83,76,7,7
81243,79,69,10,10
81244,77,76,1,1
81245,56,56,0,0
81246,156,135,21,21
81247,134,115,19,19
81248,66,64,2,2
81249,113,102,11,11
81250,89,77,12,12
81251,95,92,3,3
81252,98,91,7,7
81253,137,131,6,6
81254,113,95,18,18
81255,173,142,31,31
81256,122,107,15,15
81257,92,80,12,12
81258,142,120,22,22
81259,82,77,5,5
81260,42,43,-1,1
81261,116,124,-8,8
81262,89,82,7,7
81263,140,121,19,19
81264,130,96,34,34
81265,80,71,9,9
81266,113,107,6,6
81267,60,58,2,2
81268,143,152,-9,9
81269,86,74,12,12
81270,126,106,20,20
81271,75,65,10,10
81272,120,102,18,18
81273,125,105,20,20
81274,195,164,31,31
81275,71,66,5,5
81276,131,117,14,14
81277,111,100,11,11
81278,89,85,4,4
81279,93,83,10,10
81280,80,75,5,5
81281,80,69,11,11
81282,46,42,4,4
81283,134,115,19,19
81284,83,73,10,10
81285,145,127,18,18
81286,80,73,7,7
81287,82,67,15,15
81288,86,71,15,15
81289,62,65,-3,3
81290,46,47,-1,1
81291,112,97,15,15
81292,99,89,10,10
81293,145,122,23,23
81294,166,151,15,15
81295,45,46,-1,1
81296,126,98,28,28
81297,89,78,11,11
81298,99,96,3,3
81299,77,71,6,6
81300,119,95,24,24
81301,93,100,-7,7
81302,102,98,4,4
81303,62,60,2,2
81304,57,54,3,3
81305,63,62,1,1
81306,56,58,-2,2
81307,137,118,19,19
81308,101,89,12,12
81309,90,75,15,15
81310,136,118,18,18
81311,70,63,7,7
81312,81,75,6,6
81313,66,58,8,8
81314,93,84,9,9
81315,73,66,7,7
81316,90,79,11,11
81317,83,75,8,8
81318,89,78,11,11
81319,103,98,5,5
81320,105,89,16,16
81321,83,93,-10,10
81322,115,105,10,10
81323,99,93,6,6
81324,85,80,5,5
81325,73,71,2,2
81326,80,79,1,1
81327,49,54,-5,5
81328,80,74,6,6
81329,63,60,3,3
81330,33,36,-3,3
81331,178,164,14,14
81332,105,118,-13,13
81333,41,53,-12,12
81334,92,87,5,5
81335,98,83,15,15
81336,71,69,2,2
81337,30,33,-3,3
81338,62,60,2,2
81339,126,128,-2,2
81340,102,93,9,9
81341,122,111,11,11
81342,79,73,6,6
81343,152,127,25,25
81344,159,128,31,31
81345,161,145,16,16
81346,71,60,11,11
81347,84,79,5,5
81348,118,95,23,23
81349,73,68,5,5
81350,118,106,12,12
81351,102,81,21,21
81352,69,72,-3,3
81353,101,85,16,16
81354,127,107,20,20
81355,84,71,13,13
81356,40,38,2,2
81357,70,62,8,8
81358,135,113,22,22
81359,77,72,5,5
81360,78,70,8,8
81361,70,66,4,4
81362,73,72,1,1
81363,85,76,9,9
81364,106,91,15,15
81365,151,127,24,24
81366,153,135,18,18
81367,133,107,26,26
81368,121,108,13,13
81369,110,97,13,13
81370,71,74,-3,3
81371,98,87,11,11
81372,126,118,8,8
81373,86,80,6,6
81374,77,71,6,6
81375,198,167,31,31
81376,133,116,17,17
81377,124,122,2,2
81378,90,77,13,13
81379,60,57,3,3
81380,80,85,-5,5
81381,47,46,1,1
81382,82,67,15,15
81383,119,88,31,31
81384,66,62,4,4
81385,136,109,27,27
81386,141,118,23,23
81387,50,57,-7,7
81388,71,72,-1,1
81389,98,86,12,12
81390,121,96,25,25
81391,81,82,-1,1
81392,117,105,12,12
81393,112,98,14,14
81394,94,84,10,10
81395,55,67,-12,12
81396,97,99,-2,2
81397,92,89,3,3
81398,137,121,16,16
81399,54,52,2,2
81400,140,124,16,16
81401,138,114,24,24
81402,85,75,10,10
81403,84,82,2,2
81404,104,92,12,12
81405,113,102,11,11
81406,109,103,6,6
81407,76,84,-8,8
81408,79,76,3,3
81409,65,57,8,8
81410,81,74,7,7
81411,131,109,22,22
81412,204,160,44,44
81413,77,67,10,10
81414,161,129,32,32
81415,97,91,6,6
81416,110,89,21,21
81417,76,69,7,7
81418,70,63,7,7
81419,122,112,10,10
81420,52,51,1,1
81421,121,109,12,12
81422,89,82,7,7
81423,99,80,19,19
81424,62,60,2,2
81425,117,101,16,16
81426,92,90,2,2
81427,169,146,23,23
81428,122,103,19,19
81429,88,86,2,2
81430,94,81,13,13
81431,163,125,38,38
81432,72,65,7,7
81433,87,85,2,2
81434,104,103,1,1
81435,51,52,-1,1
81436,57,51,6,6
81437,149,128,21,21
81438,87,80,7,7
81439,109,99,10,10
81440,120,102,18,18
81441,79,68,11,11
81442,129,113,16,16
81443,162,135,27,27
81444,133,116,17,17
81445,82,74,8,8
81446,110,99,11,11
81447,180,148,32,32
81448,104,92,12,12
81449,134,115,19,19
81450,114,97,17,17
81451,130,125,5,5
81452,94,87,7,7
81453,182,148,34,34
81454,93,88,5,5
81455,74,74,0,0
81456,66,64,2,2
81457,164,240,-76,76
81458,125,154,-29,29
81459,74,75,-1,1
81460,148,132,16,16
81461,69,66,3,3
81462,98,87,11,11
81463,71,68,3,3
81464,107,92,15,15
81465,133,108,25,25
81466,72,63,9,9
81467,68,63,5,5
81468,97,85,12,12
81469,185,148,37,37
81470,184,161,23,23
81471,106,103,3,3
81472,143,129,14,14
81473,82,87,-5,5
81474,47,52,-5,5
81475,82,69,13,13
81476,97,79,18,18
81477,58,56,2,2
81478,115,96,19,19
81479,137,107,30,30
81480,112,101,11,11
81481,101,90,11,11
81482,56,52,4,4
81483,80,71,9,9
81484,79,73,6,6
81485,186,147,39,39
81486,79,67,12,12
81487,80,67,13,13
81488,85,70,15,15
81489,123,101,22,22
81490,94,78,16,16
81491,71,77,-6,6
81492,83,77,6,6
81493,45,46,-1,1
81494,120,130,-10,10
81495,165,142,23,23
81496,73,68,5,5
81497,87,77,10,10
81498,80,76,4,4
81499,132,125,7,7
81500,82,71,11,11
81501,77,69,8,8
81502,62,63,-1,1
81503,74,70,4,4
81504,87,86,1,1
81505,142,123,19,19
81506,119,99,20,20
81507,62,57,5,5
