,original,predict,differ,abs
0,67,74,-7,7
1,58,61,-3,3
2,88,80,8,8
3,183,191,-8,8
4,81,80,1,1
5,88,87,1,1
6,83,89,-6,6
7,183,158,25,25
8,81,77,4,4
9,117,116,1,1
10,64,61,3,3
11,59,65,-6,6
12,74,71,3,3
13,100,118,-18,18
14,103,100,3,3
15,66,69,-3,3
16,97,87,10,10
17,120,102,18,18
18,79,77,2,2
19,110,126,-16,16
20,217,168,49,49
21,156,155,1,1
22,97,94,3,3
23,101,127,-26,26
24,82,74,8,8
25,127,120,7,7
26,112,114,-2,2
27,191,164,27,27
28,48,56,-8,8
29,106,114,-8,8
30,133,118,15,15
31,57,58,-1,1
32,108,115,-7,7
33,89,81,8,8
34,50,55,-5,5
35,62,47,15,15
36,102,103,-1,1
37,55,58,-3,3
38,89,109,-20,20
39,96,106,-10,10
40,70,67,3,3
41,115,111,4,4
42,82,83,-1,1
43,102,104,-2,2
44,167,153,14,14
45,82,75,7,7
46,118,129,-11,11
47,85,87,-2,2
48,93,95,-2,2
49,111,101,10,10
50,77,85,-8,8
51,136,133,3,3
52,109,101,8,8
53,85,88,-3,3
54,133,125,8,8
55,138,134,4,4
56,100,117,-17,17
57,130,130,0,0
58,96,107,-11,11
59,58,59,-1,1
60,115,106,9,9
61,73,71,2,2
62,135,123,12,12
63,177,146,31,31
64,96,101,-5,5
65,77,82,-5,5
66,84,90,-6,6
67,105,98,7,7
68,193,191,2,2
69,143,151,-8,8
70,111,118,-7,7
71,104,99,5,5
72,265,242,23,23
73,88,97,-9,9
74,78,84,-6,6
75,58,65,-7,7
76,86,80,6,6
77,59,66,-7,7
78,139,119,20,20
79,96,92,4,4
80,90,89,1,1
81,83,86,-3,3
82,133,122,11,11
83,141,136,5,5
84,72,76,-4,4
85,75,80,-5,5
86,43,51,-8,8
87,68,71,-3,3
88,170,146,24,24
89,92,90,2,2
90,64,88,-24,24
91,101,107,-6,6
92,82,67,15,15
93,81,83,-2,2
94,75,71,4,4
95,99,98,1,1
96,45,59,-14,14
97,186,188,-2,2
98,127,152,-25,25
99,100,110,-10,10
100,66,65,1,1
101,129,113,16,16
102,107,117,-10,10
103,128,132,-4,4
104,90,91,-1,1
105,68,68,0,0
106,107,104,3,3
107,90,84,6,6
108,89,94,-5,5
109,70,81,-11,11
110,174,151,23,23
111,90,82,8,8
112,76,79,-3,3
113,67,70,-3,3
114,76,92,-16,16
115,168,162,6,6
116,91,84,7,7
117,103,96,7,7
118,91,87,4,4
119,67,62,5,5
120,118,118,0,0
121,51,54,-3,3
122,76,77,-1,1
123,110,117,-7,7
124,99,91,8,8
125,96,101,-5,5
126,169,194,-25,25
127,89,99,-10,10
128,94,103,-9,9
129,123,133,-10,10
130,186,168,18,18
131,132,129,3,3
132,102,98,4,4
133,78,85,-7,7
134,129,121,8,8
135,116,104,12,12
136,136,128,8,8
137,131,136,-5,5
138,105,109,-4,4
139,69,86,-17,17
140,66,67,-1,1
141,127,125,2,2
142,127,122,5,5
143,66,77,-11,11
144,112,128,-16,16
145,115,103,12,12
146,98,97,1,1
147,69,60,9,9
148,93,85,8,8
149,121,127,-6,6
150,92,100,-8,8
151,73,75,-2,2
152,139,130,9,9
153,80,82,-2,2
154,89,97,-8,8
155,67,59,8,8
156,66,58,8,8
157,81,86,-5,5
158,59,61,-2,2
159,128,130,-2,2
160,109,115,-6,6
161,50,53,-3,3
162,74,71,3,3
163,80,86,-6,6
164,132,81,51,51
165,51,55,-4,4
166,115,118,-3,3
167,70,88,-18,18
168,159,132,27,27
169,151,160,-9,9
170,94,110,-16,16
171,81,92,-11,11
172,77,82,-5,5
173,42,51,-9,9
174,135,119,16,16
175,106,111,-5,5
176,50,57,-7,7
177,162,158,4,4
178,130,120,10,10
179,120,109,11,11
180,84,91,-7,7
181,76,70,6,6
182,67,72,-5,5
183,75,73,2,2
184,39,47,-8,8
185,119,108,11,11
186,55,60,-5,5
187,90,88,2,2
188,124,130,-6,6
189,171,179,-8,8
190,70,70,0,0
191,137,138,-1,1
192,127,136,-9,9
193,143,156,-13,13
194,195,156,39,39
195,112,111,1,1
196,43,66,-23,23
197,114,118,-4,4
198,111,114,-3,3
199,80,84,-4,4
200,128,118,10,10
201,176,176,0,0
202,64,59,5,5
203,142,139,3,3
204,100,94,6,6
205,63,60,3,3
206,145,134,11,11
207,101,103,-2,2
208,78,77,1,1
209,98,99,-1,1
210,147,149,-2,2
211,50,51,-1,1
212,70,69,1,1
213,175,158,17,17
214,87,101,-14,14
215,87,78,9,9
216,108,134,-26,26
217,67,67,0,0
218,95,94,1,1
219,89,95,-6,6
220,135,148,-13,13
221,79,91,-12,12
222,43,54,-11,11
223,195,158,37,37
224,83,94,-11,11
225,81,77,4,4
226,63,70,-7,7
227,119,122,-3,3
228,98,96,2,2
229,44,54,-10,10
230,47,54,-7,7
231,87,71,16,16
232,90,75,15,15
233,62,58,4,4
234,103,98,5,5
235,140,150,-10,10
236,114,123,-9,9
237,57,68,-11,11
238,81,76,5,5
239,74,99,-25,25
240,61,68,-7,7
241,43,44,-1,1
242,55,55,0,0
243,100,91,9,9
244,124,118,6,6
245,107,111,-4,4
246,121,128,-7,7
247,86,95,-9,9
248,146,137,9,9
249,147,149,-2,2
250,47,50,-3,3
251,124,122,2,2
252,89,96,-7,7
253,50,59,-9,9
254,110,104,6,6
255,158,144,14,14
256,86,79,7,7
257,102,96,6,6
258,107,111,-4,4
259,64,73,-9,9
260,136,140,-4,4
261,125,114,11,11
262,115,108,7,7
263,71,67,4,4
264,80,81,-1,1
265,82,87,-5,5
266,79,85,-6,6
267,102,101,1,1
268,49,58,-9,9
269,109,116,-7,7
270,52,56,-4,4
271,72,69,3,3
272,68,79,-11,11
273,151,155,-4,4
274,112,100,12,12
275,97,113,-16,16
276,82,95,-13,13
277,72,77,-5,5
278,125,123,2,2
279,128,135,-7,7
280,94,104,-10,10
281,76,69,7,7
282,71,75,-4,4
283,112,126,-14,14
284,75,65,10,10
285,77,70,7,7
286,78,79,-1,1
287,89,82,7,7
288,88,90,-2,2
289,97,91,6,6
290,80,87,-7,7
291,67,73,-6,6
292,83,83,0,0
293,85,92,-7,7
294,76,83,-7,7
295,64,60,4,4
296,107,103,4,4
297,141,155,-14,14
298,130,123,7,7
299,51,60,-9,9
300,66,67,-1,1
301,75,76,-1,1
302,186,170,16,16
303,86,83,3,3
304,141,153,-12,12
305,83,82,1,1
306,85,91,-6,6
307,148,140,8,8
308,87,91,-4,4
309,77,73,4,4
310,27,48,-21,21
311,88,89,-1,1
312,92,89,3,3
313,86,94,-8,8
314,135,139,-4,4
315,77,82,-5,5
316,73,76,-3,3
317,133,145,-12,12
318,51,56,-5,5
319,125,118,7,7
320,98,111,-13,13
321,143,142,1,1
322,140,137,3,3
323,87,86,1,1
324,89,72,17,17
325,69,77,-8,8
326,96,70,26,26
327,127,120,7,7
328,79,77,2,2
329,137,114,23,23
330,85,86,-1,1
331,84,92,-8,8
332,52,56,-4,4
333,77,68,9,9
334,78,82,-4,4
335,104,102,2,2
336,89,99,-10,10
337,89,51,38,38
338,56,55,1,1
339,106,92,14,14
340,71,72,-1,1
341,132,125,7,7
342,82,77,5,5
343,100,95,5,5
344,51,67,-16,16
345,66,72,-6,6
346,85,77,8,8
347,112,96,16,16
348,34,54,-20,20
349,134,109,25,25
350,93,92,1,1
351,114,137,-23,23
352,137,130,7,7
353,88,94,-6,6
354,108,116,-8,8
355,106,105,1,1
356,146,160,-14,14
357,54,88,-34,34
358,170,153,17,17
359,86,76,10,10
360,110,89,21,21
361,82,81,1,1
362,101,105,-4,4
363,64,73,-9,9
364,44,50,-6,6
365,84,86,-2,2
366,60,56,4,4
367,101,95,6,6
368,120,108,12,12
369,60,63,-3,3
370,130,129,1,1
371,41,56,-15,15
372,116,103,13,13
373,58,62,-4,4
374,77,71,6,6
375,96,104,-8,8
376,88,96,-8,8
377,103,105,-2,2
378,35,59,-24,24
379,64,64,0,0
380,86,81,5,5
381,89,89,0,0
382,108,104,4,4
383,116,106,10,10
384,82,86,-4,4
385,65,65,0,0
386,64,68,-4,4
387,134,135,-1,1
388,65,63,2,2
389,77,80,-3,3
390,120,124,-4,4
391,54,59,-5,5
392,90,86,4,4
393,87,93,-6,6
394,97,108,-11,11
395,17,54,-37,37
396,69,93,-24,24
397,31,59,-28,28
398,90,91,-1,1
399,104,110,-6,6
400,97,102,-5,5
401,52,70,-18,18
402,81,89,-8,8
403,88,89,-1,1
404,150,151,-1,1
405,103,119,-16,16
406,47,38,9,9
407,119,119,0,0
408,107,117,-10,10
409,88,58,30,30
410,85,86,-1,1
411,95,99,-4,4
412,89,84,5,5
413,87,95,-8,8
414,148,143,5,5
415,98,94,4,4
416,148,149,-1,1
417,77,83,-6,6
418,70,73,-3,3
419,64,70,-6,6
420,110,124,-14,14
421,143,158,-15,15
422,122,159,-37,37
423,82,86,-4,4
424,112,111,1,1
425,128,128,0,0
426,148,142,6,6
427,80,80,0,0
428,56,70,-14,14
429,90,87,3,3
430,110,113,-3,3
431,88,107,-19,19
432,91,94,-3,3
433,99,97,2,2
434,122,106,16,16
435,66,68,-2,2
436,106,100,6,6
437,65,64,1,1
438,164,155,9,9
439,68,62,6,6
440,48,70,-22,22
441,88,83,5,5
442,107,111,-4,4
443,58,68,-10,10
444,91,90,1,1
445,113,106,7,7
446,107,100,7,7
447,101,101,0,0
448,72,74,-2,2
449,134,132,2,2
450,87,87,0,0
451,64,69,-5,5
452,72,64,8,8
453,146,148,-2,2
454,110,108,2,2
455,104,102,2,2
456,129,133,-4,4
457,134,130,4,4
458,123,118,5,5
459,62,64,-2,2
460,71,76,-5,5
461,58,63,-5,5
462,88,86,2,2
463,134,141,-7,7
464,81,84,-3,3
465,77,94,-17,17
466,118,119,-1,1
467,131,120,11,11
468,66,66,0,0
469,61,69,-8,8
470,43,48,-5,5
471,121,124,-3,3
472,101,106,-5,5
473,112,107,5,5
474,67,67,0,0
475,88,84,4,4
476,57,59,-2,2
477,93,84,9,9
478,77,66,11,11
479,57,57,0,0
480,55,71,-16,16
481,68,69,-1,1
482,118,120,-2,2
483,63,65,-2,2
484,110,114,-4,4
485,58,59,-1,1
486,119,109,10,10
487,110,142,-32,32
488,146,141,5,5
489,50,49,1,1
490,104,102,2,2
491,136,128,8,8
492,145,154,-9,9
493,110,110,0,0
494,124,115,9,9
495,117,103,14,14
496,134,124,10,10
497,98,99,-1,1
498,104,146,-42,42
499,78,81,-3,3
500,100,94,6,6
501,45,52,-7,7
502,108,110,-2,2
503,50,56,-6,6
504,69,76,-7,7
505,106,105,1,1
506,66,64,2,2
507,61,63,-2,2
508,96,94,2,2
509,96,93,3,3
510,53,60,-7,7
511,93,98,-5,5
512,80,75,5,5
513,73,79,-6,6
514,70,78,-8,8
515,100,94,6,6
516,137,126,11,11
517,114,116,-2,2
518,70,73,-3,3
519,55,64,-9,9
520,108,91,17,17
521,138,143,-5,5
522,95,102,-7,7
523,142,151,-9,9
524,83,83,0,0
525,122,111,11,11
526,97,95,2,2
527,56,57,-1,1
528,122,123,-1,1
529,73,80,-7,7
530,69,64,5,5
531,95,96,-1,1
532,68,71,-3,3
533,95,87,8,8
534,78,87,-9,9
535,90,85,5,5
536,106,114,-8,8
537,42,50,-8,8
538,76,75,1,1
539,157,170,-13,13
540,119,114,5,5
541,99,92,7,7
542,61,68,-7,7
543,102,92,10,10
544,92,102,-10,10
545,124,116,8,8
546,82,83,-1,1
547,76,81,-5,5
548,67,72,-5,5
549,148,149,-1,1
550,74,85,-11,11
551,66,72,-6,6
552,108,105,3,3
553,64,62,2,2
554,102,105,-3,3
555,63,55,8,8
556,66,57,9,9
557,74,71,3,3
558,74,84,-10,10
559,67,74,-7,7
560,86,95,-9,9
561,81,96,-15,15
562,90,91,-1,1
563,47,58,-11,11
564,68,72,-4,4
565,88,80,8,8
566,83,78,5,5
567,76,73,3,3
568,55,55,0,0
569,100,110,-10,10
570,108,125,-17,17
571,178,167,11,11
572,80,81,-1,1
573,82,82,0,0
574,149,139,10,10
575,69,75,-6,6
576,70,79,-9,9
577,90,100,-10,10
578,91,90,1,1
579,75,81,-6,6
580,88,93,-5,5
581,134,125,9,9
582,49,55,-6,6
583,51,55,-4,4
584,113,110,3,3
585,88,91,-3,3
586,53,74,-21,21
587,84,60,24,24
588,105,97,8,8
589,85,83,2,2
590,105,99,6,6
591,75,76,-1,1
592,139,128,11,11
593,103,94,9,9
594,87,94,-7,7
595,65,82,-17,17
596,74,72,2,2
597,98,118,-20,20
598,110,104,6,6
599,112,107,5,5
600,88,87,1,1
601,85,89,-4,4
602,55,60,-5,5
603,86,86,0,0
604,124,126,-2,2
605,114,121,-7,7
606,57,56,1,1
607,56,60,-4,4
608,78,73,5,5
609,122,139,-17,17
610,79,79,0,0
611,81,78,3,3
612,117,116,1,1
613,112,124,-12,12
614,95,101,-6,6
615,195,183,12,12
616,76,89,-13,13
617,104,103,1,1
618,112,111,1,1
619,103,105,-2,2
620,91,86,5,5
621,105,105,0,0
622,127,117,10,10
623,60,68,-8,8
624,111,116,-5,5
625,106,101,5,5
626,109,110,-1,1
627,85,82,3,3
628,67,72,-5,5
629,81,86,-5,5
630,83,84,-1,1
631,56,63,-7,7
632,92,91,1,1
633,71,79,-8,8
634,95,88,7,7
635,93,103,-10,10
636,144,140,4,4
637,53,58,-5,5
638,77,88,-11,11
639,71,73,-2,2
640,95,101,-6,6
641,95,93,2,2
642,61,64,-3,3
643,141,138,3,3
644,133,138,-5,5
645,94,88,6,6
646,112,120,-8,8
647,84,94,-10,10
648,92,94,-2,2
649,84,100,-16,16
650,94,97,-3,3
651,72,72,0,0
652,102,120,-18,18
653,61,67,-6,6
654,108,118,-10,10
655,105,112,-7,7
656,85,85,0,0
657,74,79,-5,5
658,50,60,-10,10
659,101,98,3,3
660,82,80,2,2
661,108,91,17,17
662,148,137,11,11
663,126,123,3,3
664,136,146,-10,10
665,75,73,2,2
666,36,48,-12,12
667,42,60,-18,18
668,69,67,2,2
669,126,129,-3,3
670,109,107,2,2
671,90,92,-2,2
672,116,109,7,7
673,151,187,-36,36
674,147,147,0,0
675,52,92,-40,40
676,107,108,-1,1
677,90,87,3,3
678,162,159,3,3
679,103,108,-5,5
680,150,140,10,10
681,62,58,4,4
682,111,116,-5,5
683,77,87,-10,10
684,166,156,10,10
685,151,164,-13,13
686,116,113,3,3
687,79,84,-5,5
688,94,116,-22,22
689,110,115,-5,5
690,152,127,25,25
691,176,176,0,0
692,92,94,-2,2
693,156,135,21,21
694,92,95,-3,3
695,77,76,1,1
696,32,56,-24,24
697,87,92,-5,5
698,108,115,-7,7
699,104,90,14,14
700,70,70,0,0
701,66,58,8,8
702,118,121,-3,3
703,65,65,0,0
704,111,105,6,6
705,74,74,0,0
706,81,92,-11,11
707,88,87,1,1
708,87,94,-7,7
709,116,130,-14,14
710,47,45,2,2
711,95,99,-4,4
712,44,52,-8,8
713,91,117,-26,26
714,83,82,1,1
715,137,124,13,13
716,80,87,-7,7
717,147,145,2,2
718,119,124,-5,5
719,137,117,20,20
720,133,146,-13,13
721,89,100,-11,11
722,150,134,16,16
723,108,112,-4,4
724,96,89,7,7
725,88,85,3,3
726,140,131,9,9
727,128,137,-9,9
728,53,66,-13,13
729,100,116,-16,16
730,58,66,-8,8
731,110,107,3,3
732,125,127,-2,2
733,124,123,1,1
734,109,117,-8,8
735,122,118,4,4
736,95,102,-7,7
737,93,95,-2,2
738,85,79,6,6
739,98,79,19,19
740,68,77,-9,9
741,48,50,-2,2
742,97,102,-5,5
743,81,80,1,1
744,88,89,-1,1
745,91,100,-9,9
746,64,62,2,2
747,204,163,41,41
748,114,100,14,14
749,185,152,33,33
750,75,75,0,0
751,70,71,-1,1
752,145,141,4,4
753,87,88,-1,1
754,45,64,-19,19
755,73,74,-1,1
756,125,136,-11,11
757,60,67,-7,7
758,95,96,-1,1
759,119,99,20,20
760,76,71,5,5
761,56,64,-8,8
762,44,45,-1,1
763,98,104,-6,6
764,86,77,9,9
765,161,145,16,16
766,102,127,-25,25
767,103,100,3,3
768,69,59,10,10
769,151,168,-17,17
770,92,66,26,26
771,80,89,-9,9
772,87,89,-2,2
773,108,105,3,3
774,51,58,-7,7
775,110,108,2,2
776,64,61,3,3
777,73,74,-1,1
778,92,84,8,8
779,93,98,-5,5
780,103,105,-2,2
781,49,47,2,2
782,71,76,-5,5
783,70,69,1,1
784,67,66,1,1
785,100,98,2,2
786,93,99,-6,6
787,75,78,-3,3
788,97,100,-3,3
789,84,83,1,1
790,140,138,2,2
791,151,140,11,11
792,78,78,0,0
793,79,67,12,12
794,108,128,-20,20
795,95,97,-2,2
796,98,95,3,3
797,119,126,-7,7
798,83,93,-10,10
799,67,64,3,3
800,64,67,-3,3
801,102,98,4,4
802,75,76,-1,1
803,68,79,-11,11
804,78,73,5,5
805,53,57,-4,4
806,126,111,15,15
807,89,95,-6,6
808,85,92,-7,7
809,64,69,-5,5
810,85,81,4,4
811,74,69,5,5
812,66,61,5,5
813,79,73,6,6
814,125,103,22,22
815,119,109,10,10
816,26,51,-25,25
817,66,69,-3,3
818,88,84,4,4
819,111,95,16,16
820,86,79,7,7
821,76,84,-8,8
822,86,80,6,6
823,145,134,11,11
824,46,54,-8,8
825,107,107,0,0
826,99,94,5,5
827,63,86,-23,23
828,68,69,-1,1
829,100,92,8,8
830,110,128,-18,18
831,77,79,-2,2
832,66,73,-7,7
833,64,49,15,15
834,77,89,-12,12
835,144,151,-7,7
836,106,106,0,0
837,93,98,-5,5
838,73,88,-15,15
839,103,108,-5,5
840,105,112,-7,7
841,75,85,-10,10
842,83,73,10,10
843,112,121,-9,9
844,156,142,14,14
845,156,147,9,9
846,77,88,-11,11
847,76,74,2,2
848,95,94,1,1
849,41,59,-18,18
850,106,120,-14,14
851,135,133,2,2
852,92,104,-12,12
853,91,97,-6,6
854,112,104,8,8
855,84,93,-9,9
856,77,72,5,5
857,29,65,-36,36
858,64,62,2,2
859,143,121,22,22
860,59,52,7,7
861,155,143,12,12
862,207,170,37,37
863,129,126,3,3
864,115,111,4,4
865,108,100,8,8
866,162,133,29,29
867,69,73,-4,4
868,62,75,-13,13
869,79,91,-12,12
870,57,62,-5,5
871,90,85,5,5
872,98,89,9,9
873,108,113,-5,5
874,80,99,-19,19
875,114,106,8,8
876,57,58,-1,1
877,41,88,-47,47
878,90,76,14,14
879,84,79,5,5
880,87,98,-11,11
881,70,77,-7,7
882,109,110,-1,1
883,76,76,0,0
884,62,47,15,15
885,83,78,5,5
886,124,122,2,2
887,122,138,-16,16
888,55,57,-2,2
889,108,111,-3,3
890,109,115,-6,6
891,52,84,-32,32
892,134,113,21,21
893,60,62,-2,2
894,71,72,-1,1
895,123,112,11,11
896,60,64,-4,4
897,140,134,6,6
898,109,97,12,12
899,150,179,-29,29
900,74,74,0,0
901,94,91,3,3
902,71,73,-2,2
903,139,130,9,9
904,87,113,-26,26
905,72,78,-6,6
906,53,55,-2,2
907,163,142,21,21
908,111,96,15,15
909,70,60,10,10
910,46,52,-6,6
911,138,137,1,1
912,127,132,-5,5
913,70,103,-33,33
914,107,120,-13,13
915,64,63,1,1
916,69,85,-16,16
917,196,192,4,4
918,136,141,-5,5
919,52,170,-118,118
920,79,79,0,0
921,109,121,-12,12
922,78,85,-7,7
923,115,110,5,5
924,77,82,-5,5
925,110,107,3,3
926,74,68,6,6
927,49,50,-1,1
928,55,66,-11,11
929,145,139,6,6
930,119,113,6,6
931,96,101,-5,5
932,196,185,11,11
933,72,79,-7,7
934,90,95,-5,5
935,62,105,-43,43
936,118,130,-12,12
937,137,148,-11,11
938,79,85,-6,6
939,152,144,8,8
940,87,103,-16,16
941,112,106,6,6
942,62,58,4,4
943,72,75,-3,3
944,109,104,5,5
945,83,77,6,6
946,68,75,-7,7
947,97,100,-3,3
948,59,58,1,1
949,173,167,6,6
950,73,68,5,5
951,85,92,-7,7
952,62,69,-7,7
953,75,72,3,3
954,90,100,-10,10
955,93,80,13,13
956,98,97,1,1
957,116,112,4,4
958,50,46,4,4
959,106,113,-7,7
960,114,94,20,20
961,98,89,9,9
962,184,173,11,11
963,69,71,-2,2
964,147,140,7,7
965,29,59,-30,30
966,108,112,-4,4
967,65,67,-2,2
968,96,91,5,5
969,84,86,-2,2
970,70,65,5,5
971,162,156,6,6
972,112,114,-2,2
973,71,67,4,4
974,139,129,10,10
975,72,81,-9,9
976,68,72,-4,4
977,76,85,-9,9
978,87,62,25,25
979,52,52,0,0
980,115,104,11,11
981,161,157,4,4
982,88,79,9,9
983,107,101,6,6
984,84,82,2,2
985,90,91,-1,1
986,55,58,-3,3
987,138,131,7,7
988,90,80,10,10
989,114,111,3,3
990,111,135,-24,24
991,44,43,1,1
992,111,120,-9,9
993,128,115,13,13
994,98,100,-2,2
995,93,91,2,2
996,74,72,2,2
997,130,129,1,1
998,82,99,-17,17
999,178,146,32,32
1000,42,47,-5,5
1001,96,96,0,0
1002,39,54,-15,15
1003,75,79,-4,4
1004,147,136,11,11
1005,102,97,5,5
1006,212,188,24,24
1007,64,69,-5,5
1008,91,81,10,10
1009,39,48,-9,9
1010,92,105,-13,13
1011,159,133,26,26
1012,119,108,11,11
1013,128,125,3,3
1014,125,114,11,11
1015,63,72,-9,9
1016,117,122,-5,5
1017,117,139,-22,22
1018,35,47,-12,12
1019,108,111,-3,3
1020,108,109,-1,1
1021,77,77,0,0
1022,88,91,-3,3
1023,45,54,-9,9
1024,88,100,-12,12
1025,110,94,16,16
1026,93,87,6,6
1027,77,83,-6,6
1028,144,129,15,15
1029,63,73,-10,10
1030,56,56,0,0
1031,143,129,14,14
1032,119,135,-16,16
1033,85,78,7,7
1034,94,96,-2,2
1035,115,132,-17,17
1036,117,120,-3,3
1037,71,70,1,1
1038,79,86,-7,7
1039,119,75,44,44
1040,78,80,-2,2
1041,101,120,-19,19
1042,89,97,-8,8
1043,91,101,-10,10
1044,112,116,-4,4
1045,131,140,-9,9
1046,43,46,-3,3
1047,162,161,1,1
1048,55,63,-8,8
1049,116,123,-7,7
1050,49,56,-7,7
1051,88,77,11,11
1052,108,109,-1,1
1053,72,65,7,7
1054,115,115,0,0
1055,55,58,-3,3
1056,146,125,21,21
1057,97,84,13,13
1058,81,82,-1,1
1059,146,144,2,2
1060,133,124,9,9
1061,62,64,-2,2
1062,148,152,-4,4
1063,98,89,9,9
1064,81,68,13,13
1065,73,78,-5,5
1066,81,81,0,0
1067,148,141,7,7
1068,141,125,16,16
1069,56,92,-36,36
1070,123,128,-5,5
1071,83,61,22,22
1072,117,122,-5,5
1073,99,100,-1,1
1074,99,116,-17,17
1075,64,70,-6,6
1076,92,82,10,10
1077,40,45,-5,5
1078,183,187,-4,4
1079,44,63,-19,19
1080,115,110,5,5
1081,49,83,-34,34
1082,127,122,5,5
1083,155,146,9,9
1084,81,92,-11,11
1085,92,88,4,4
1086,74,68,6,6
1087,108,117,-9,9
1088,57,58,-1,1
1089,61,60,1,1
1090,125,78,47,47
1091,97,90,7,7
1092,60,98,-38,38
1093,78,79,-1,1
1094,71,89,-18,18
1095,84,93,-9,9
1096,177,165,12,12
1097,80,79,1,1
1098,130,123,7,7
1099,81,82,-1,1
1100,88,96,-8,8
1101,56,55,1,1
1102,149,138,11,11
1103,92,82,10,10
1104,90,88,2,2
1105,45,58,-13,13
1106,63,71,-8,8
1107,92,94,-2,2
1108,124,128,-4,4
1109,140,144,-4,4
1110,122,137,-15,15
1111,47,56,-9,9
1112,67,71,-4,4
1113,199,176,23,23
1114,110,144,-34,34
1115,78,78,0,0
1116,42,38,4,4
1117,51,56,-5,5
1118,183,158,25,25
1119,160,155,5,5
1120,117,116,1,1
1121,70,83,-13,13
1122,90,88,2,2
1123,101,114,-13,13
1124,73,76,-3,3
1125,64,68,-4,4
1126,69,76,-7,7
1127,98,104,-6,6
1128,121,125,-4,4
1129,83,79,4,4
1130,170,175,-5,5
1131,80,82,-2,2
1132,68,69,-1,1
1133,130,146,-16,16
1134,66,73,-7,7
1135,65,79,-14,14
1136,95,96,-1,1
1137,99,97,2,2
1138,95,113,-18,18
1139,174,176,-2,2
1140,154,147,7,7
1141,121,113,8,8
1142,109,103,6,6
1143,87,105,-18,18
1144,61,60,1,1
1145,96,99,-3,3
1146,96,102,-6,6
1147,118,112,6,6
1148,97,87,10,10
1149,105,100,5,5
1150,87,83,4,4
1151,104,99,5,5
1152,80,88,-8,8
1153,54,59,-5,5
1154,92,95,-3,3
1155,48,53,-5,5
1156,78,84,-6,6
1157,136,124,12,12
1158,139,133,6,6
1159,61,113,-52,52
1160,83,97,-14,14
1161,103,113,-10,10
1162,128,106,22,22
1163,131,132,-1,1
1164,76,61,15,15
1165,74,69,5,5
1166,135,122,13,13
1167,73,81,-8,8
1168,115,114,1,1
1169,81,90,-9,9
1170,140,125,15,15
1171,69,78,-9,9
1172,46,57,-11,11
1173,109,117,-8,8
1174,197,172,25,25
1175,111,124,-13,13
1176,100,99,1,1
1177,77,74,3,3
1178,66,65,1,1
1179,67,69,-2,2
1180,120,124,-4,4
1181,349,323,26,26
1182,78,73,5,5
1183,118,124,-6,6
1184,51,62,-11,11
1185,82,88,-6,6
1186,49,48,1,1
1187,72,68,4,4
1188,112,310,-198,198
1189,140,117,23,23
1190,69,61,8,8
1191,94,96,-2,2
1192,69,71,-2,2
1193,96,103,-7,7
1194,77,126,-49,49
1195,92,102,-10,10
1196,141,146,-5,5
1197,94,85,9,9
1198,92,86,6,6
1199,96,123,-27,27
1200,69,66,3,3
1201,35,51,-16,16
1202,78,80,-2,2
1203,113,107,6,6
1204,99,94,5,5
1205,108,102,6,6
1206,118,114,4,4
1207,95,95,0,0
1208,106,115,-9,9
1209,101,98,3,3
1210,77,88,-11,11
1211,97,96,1,1
1212,86,80,6,6
1213,60,66,-6,6
1214,101,116,-15,15
1215,105,99,6,6
1216,73,70,3,3
1217,90,89,1,1
1218,121,112,9,9
1219,80,83,-3,3
1220,85,89,-4,4
1221,158,156,2,2
1222,75,81,-6,6
1223,70,82,-12,12
1224,66,69,-3,3
1225,107,114,-7,7
1226,182,182,0,0
1227,134,121,13,13
1228,103,95,8,8
1229,69,70,-1,1
1230,95,83,12,12
1231,33,40,-7,7
1232,58,62,-4,4
1233,63,70,-7,7
1234,115,108,7,7
1235,111,115,-4,4
1236,128,132,-4,4
1237,141,119,22,22
1238,50,56,-6,6
1239,129,112,17,17
1240,49,63,-14,14
1241,91,76,15,15
1242,131,114,17,17
1243,120,115,5,5
1244,91,90,1,1
1245,108,108,0,0
1246,70,81,-11,11
1247,51,56,-5,5
1248,92,108,-16,16
1249,77,78,-1,1
1250,149,139,10,10
1251,117,122,-5,5
1252,144,139,5,5
1253,82,74,8,8
1254,107,112,-5,5
1255,51,56,-5,5
1256,55,58,-3,3
1257,101,113,-12,12
1258,99,94,5,5
1259,114,110,4,4
1260,55,62,-7,7
1261,83,79,4,4
1262,174,159,15,15
1263,136,134,2,2
1264,89,88,1,1
1265,67,84,-17,17
1266,81,78,3,3
1267,122,129,-7,7
1268,74,69,5,5
1269,149,161,-12,12
1270,62,66,-4,4
1271,64,75,-11,11
1272,85,90,-5,5
1273,163,140,23,23
1274,72,98,-26,26
1275,62,62,0,0
1276,50,57,-7,7
1277,57,80,-23,23
1278,82,96,-14,14
1279,58,53,5,5
1280,51,55,-4,4
1281,63,66,-3,3
1282,125,86,39,39
1283,78,81,-3,3
1284,57,61,-4,4
1285,65,59,6,6
1286,111,115,-4,4
1287,90,86,4,4
1288,107,104,3,3
1289,81,71,10,10
1290,133,113,20,20
1291,111,124,-13,13
1292,64,73,-9,9
1293,56,75,-19,19
1294,51,63,-12,12
1295,64,59,5,5
1296,156,143,13,13
1297,96,103,-7,7
1298,94,84,10,10
1299,65,98,-33,33
1300,167,160,7,7
1301,44,43,1,1
1302,255,208,47,47
1303,80,74,6,6
1304,142,136,6,6
1305,73,62,11,11
1306,114,116,-2,2
1307,81,75,6,6
1308,66,67,-1,1
1309,91,85,6,6
1310,106,97,9,9
1311,84,84,0,0
1312,120,146,-26,26
1313,115,111,4,4
1314,130,123,7,7
1315,192,206,-14,14
1316,150,125,25,25
1317,87,87,0,0
1318,69,73,-4,4
1319,170,172,-2,2
1320,99,95,4,4
1321,72,78,-6,6
1322,106,88,18,18
1323,142,123,19,19
1324,44,51,-7,7
1325,87,90,-3,3
1326,72,89,-17,17
1327,116,117,-1,1
1328,66,67,-1,1
1329,43,43,0,0
1330,145,129,16,16
1331,92,86,6,6
1332,86,99,-13,13
1333,87,96,-9,9
1334,71,69,2,2
1335,136,115,21,21
1336,73,81,-8,8
1337,81,80,1,1
1338,65,60,5,5
1339,97,96,1,1
1340,61,65,-4,4
1341,76,72,4,4
1342,55,51,4,4
1343,100,91,9,9
1344,120,120,0,0
1345,110,129,-19,19
1346,103,111,-8,8
1347,57,57,0,0
1348,95,82,13,13
1349,82,87,-5,5
1350,105,109,-4,4
1351,68,73,-5,5
1352,177,157,20,20
1353,97,100,-3,3
1354,150,123,27,27
1355,38,44,-6,6
1356,85,82,3,3
1357,79,90,-11,11
1358,78,83,-5,5
1359,98,98,0,0
1360,138,122,16,16
1361,92,84,8,8
1362,110,107,3,3
1363,135,147,-12,12
1364,96,101,-5,5
1365,107,104,3,3
1366,84,86,-2,2
1367,82,78,4,4
1368,87,112,-25,25
1369,58,61,-3,3
1370,55,53,2,2
1371,69,73,-4,4
1372,193,179,14,14
1373,102,107,-5,5
1374,105,102,3,3
1375,74,88,-14,14
1376,122,87,35,35
1377,85,84,1,1
1378,103,97,6,6
1379,139,137,2,2
1380,91,81,10,10
1381,84,97,-13,13
1382,155,140,15,15
1383,73,75,-2,2
1384,141,130,11,11
1385,70,64,6,6
1386,93,83,10,10
1387,100,87,13,13
1388,96,84,12,12
1389,56,61,-5,5
1390,93,120,-27,27
1391,97,135,-38,38
1392,43,37,6,6
1393,58,61,-3,3
1394,107,103,4,4
1395,118,117,1,1
1396,64,62,2,2
1397,114,94,20,20
1398,84,81,3,3
1399,68,74,-6,6
1400,170,157,13,13
1401,121,113,8,8
1402,180,175,5,5
1403,81,85,-4,4
1404,131,128,3,3
1405,166,163,3,3
1406,83,88,-5,5
1407,107,99,8,8
1408,95,96,-1,1
1409,88,83,5,5
1410,149,134,15,15
1411,160,151,9,9
1412,112,121,-9,9
1413,145,141,4,4
1414,38,41,-3,3
1415,104,90,14,14
1416,125,133,-8,8
1417,86,84,2,2
1418,105,102,3,3
1419,44,54,-10,10
1420,116,106,10,10
1421,136,138,-2,2
1422,149,146,3,3
1423,135,106,29,29
1424,51,36,15,15
1425,94,98,-4,4
1426,88,99,-11,11
1427,128,128,0,0
1428,148,143,5,5
1429,103,114,-11,11
1430,59,65,-6,6
1431,75,72,3,3
1432,83,85,-2,2
1433,73,75,-2,2
1434,75,94,-19,19
1435,74,77,-3,3
1436,85,88,-3,3
1437,74,64,10,10
1438,99,96,3,3
1439,122,125,-3,3
1440,130,136,-6,6
1441,61,67,-6,6
1442,48,53,-5,5
1443,111,105,6,6
1444,58,61,-3,3
1445,61,78,-17,17
1446,129,128,1,1
1447,55,56,-1,1
1448,159,165,-6,6
1449,81,76,5,5
1450,44,56,-12,12
1451,64,64,0,0
1452,105,94,11,11
1453,131,127,4,4
1454,188,165,23,23
1455,107,103,4,4
1456,74,74,0,0
1457,155,176,-21,21
1458,93,88,5,5
1459,125,128,-3,3
1460,113,113,0,0
1461,81,84,-3,3
1462,73,67,6,6
1463,78,81,-3,3
1464,124,115,9,9
1465,68,77,-9,9
1466,90,97,-7,7
1467,108,97,11,11
1468,73,70,3,3
1469,92,92,0,0
1470,118,117,1,1
1471,70,67,3,3
1472,98,113,-15,15
1473,70,73,-3,3
1474,72,73,-1,1
1475,107,95,12,12
1476,112,112,0,0
1477,118,113,5,5
1478,86,78,8,8
1479,114,98,16,16
1480,121,119,2,2
1481,120,117,3,3
1482,275,214,61,61
1483,98,85,13,13
1484,95,113,-18,18
1485,80,75,5,5
1486,126,128,-2,2
1487,98,102,-4,4
1488,133,125,8,8
1489,61,58,3,3
1490,129,117,12,12
1491,117,109,8,8
1492,54,75,-21,21
1493,54,65,-11,11
1494,48,49,-1,1
1495,85,85,0,0
1496,56,80,-24,24
1497,77,92,-15,15
1498,140,128,12,12
1499,69,73,-4,4
1500,88,94,-6,6
1501,107,102,5,5
1502,81,78,3,3
1503,134,123,11,11
1504,80,89,-9,9
1505,121,111,10,10
1506,111,105,6,6
1507,72,76,-4,4
1508,155,162,-7,7
1509,61,65,-4,4
1510,70,77,-7,7
1511,55,63,-8,8
1512,74,73,1,1
1513,151,163,-12,12
1514,38,45,-7,7
1515,164,192,-28,28
1516,66,77,-11,11
1517,58,62,-4,4
1518,66,71,-5,5
1519,116,97,19,19
1520,71,87,-16,16
1521,99,98,1,1
1522,108,114,-6,6
1523,77,74,3,3
1524,56,61,-5,5
1525,126,116,10,10
1526,117,116,1,1
1527,71,66,5,5
1528,80,75,5,5
1529,69,71,-2,2
1530,76,59,17,17
1531,137,148,-11,11
1532,184,171,13,13
1533,131,126,5,5
1534,149,132,17,17
1535,95,93,2,2
1536,122,121,1,1
1537,54,67,-13,13
1538,88,90,-2,2
1539,83,80,3,3
1540,69,73,-4,4
1541,87,98,-11,11
1542,156,156,0,0
1543,118,108,10,10
1544,55,61,-6,6
1545,83,81,2,2
1546,81,92,-11,11
1547,101,115,-14,14
1548,73,68,5,5
1549,105,111,-6,6
1550,82,88,-6,6
1551,65,65,0,0
1552,78,80,-2,2
1553,115,110,5,5
1554,133,125,8,8
1555,58,63,-5,5
1556,108,119,-11,11
1557,128,135,-7,7
1558,136,129,7,7
1559,37,51,-14,14
1560,95,95,0,0
1561,121,124,-3,3
1562,87,87,0,0
1563,100,112,-12,12
1564,89,85,4,4
1565,126,135,-9,9
1566,109,114,-5,5
1567,103,99,4,4
1568,150,136,14,14
1569,94,125,-31,31
1570,148,148,0,0
1571,60,65,-5,5
1572,70,74,-4,4
1573,131,132,-1,1
1574,70,68,2,2
1575,95,106,-11,11
1576,66,67,-1,1
1577,86,80,6,6
1578,91,98,-7,7
1579,75,84,-9,9
1580,46,54,-8,8
1581,100,105,-5,5
1582,98,91,7,7
1583,92,86,6,6
1584,112,94,18,18
1585,167,159,8,8
1586,90,95,-5,5
1587,109,106,3,3
1588,93,111,-18,18
1589,61,60,1,1
1590,123,118,5,5
1591,93,93,0,0
1592,74,71,3,3
1593,36,40,-4,4
1594,89,91,-2,2
1595,144,163,-19,19
1596,80,79,1,1
1597,114,114,0,0
1598,106,118,-12,12
1599,57,56,1,1
1600,70,77,-7,7
1601,112,118,-6,6
1602,92,89,3,3
1603,106,95,11,11
1604,122,129,-7,7
1605,128,130,-2,2
1606,109,108,1,1
1607,75,75,0,0
1608,120,110,10,10
1609,60,59,1,1
1610,137,132,5,5
1611,78,79,-1,1
1612,93,101,-8,8
1613,91,87,4,4
1614,84,83,1,1
1615,137,141,-4,4
1616,43,42,1,1
1617,74,46,28,28
1618,77,72,5,5
1619,114,125,-11,11
1620,104,88,16,16
1621,101,121,-20,20
1622,43,47,-4,4
1623,106,99,7,7
1624,90,96,-6,6
1625,114,117,-3,3
1626,82,73,9,9
1627,62,70,-8,8
1628,112,117,-5,5
1629,46,57,-11,11
1630,104,87,17,17
1631,106,109,-3,3
1632,62,65,-3,3
1633,123,122,1,1
1634,95,93,2,2
1635,64,71,-7,7
1636,76,82,-6,6
1637,104,109,-5,5
1638,126,129,-3,3
1639,144,144,0,0
1640,119,124,-5,5
1641,74,76,-2,2
1642,51,62,-11,11
1643,91,99,-8,8
1644,86,98,-12,12
1645,95,100,-5,5
1646,72,74,-2,2
1647,162,153,9,9
1648,87,81,6,6
1649,91,96,-5,5
1650,122,141,-19,19
1651,70,73,-3,3
1652,106,113,-7,7
1653,89,98,-9,9
1654,59,58,1,1
1655,44,51,-7,7
1656,74,72,2,2
1657,77,87,-10,10
1658,135,129,6,6
1659,107,110,-3,3
1660,64,65,-1,1
1661,52,75,-23,23
1662,61,66,-5,5
1663,74,81,-7,7
1664,87,100,-13,13
1665,106,103,3,3
1666,64,67,-3,3
1667,70,77,-7,7
1668,77,74,3,3
1669,62,82,-20,20
1670,67,65,2,2
1671,109,106,3,3
1672,118,111,7,7
1673,74,84,-10,10
1674,100,89,11,11
1675,83,103,-20,20
1676,83,75,8,8
1677,121,114,7,7
1678,79,89,-10,10
1679,46,50,-4,4
1680,92,86,6,6
1681,102,97,5,5
1682,103,97,6,6
1683,64,57,7,7
1684,101,96,5,5
1685,105,95,10,10
1686,55,55,0,0
1687,66,63,3,3
1688,60,61,-1,1
1689,62,68,-6,6
1690,150,151,-1,1
1691,84,97,-13,13
1692,98,111,-13,13
1693,59,65,-6,6
1694,57,61,-4,4
1695,88,134,-46,46
1696,146,149,-3,3
1697,58,65,-7,7
1698,73,55,18,18
1699,192,183,9,9
1700,58,57,1,1
1701,97,87,10,10
1702,84,88,-4,4
1703,149,132,17,17
1704,162,139,23,23
1705,53,70,-17,17
1706,48,60,-12,12
1707,103,118,-15,15
1708,64,57,7,7
1709,85,72,13,13
1710,64,67,-3,3
1711,73,74,-1,1
1712,72,69,3,3
1713,136,115,21,21
1714,103,115,-12,12
1715,161,146,15,15
1716,89,90,-1,1
1717,102,97,5,5
1718,66,128,-62,62
1719,87,86,1,1
1720,101,85,16,16
1721,90,101,-11,11
1722,108,108,0,0
1723,59,77,-18,18
1724,118,110,8,8
1725,56,57,-1,1
1726,195,180,15,15
1727,70,67,3,3
1728,90,92,-2,2
1729,108,114,-6,6
1730,118,117,1,1
1731,74,74,0,0
1732,115,109,6,6
1733,31,37,-6,6
1734,121,123,-2,2
1735,43,48,-5,5
1736,78,80,-2,2
1737,63,70,-7,7
1738,57,52,5,5
1739,53,63,-10,10
1740,63,63,0,0
1741,88,85,3,3
1742,80,92,-12,12
1743,133,125,8,8
1744,90,82,8,8
1745,130,131,-1,1
1746,70,73,-3,3
1747,169,151,18,18
1748,45,58,-13,13
1749,171,165,6,6
1750,84,83,1,1
1751,95,92,3,3
1752,73,80,-7,7
1753,59,62,-3,3
1754,82,92,-10,10
1755,101,92,9,9
1756,77,79,-2,2
1757,57,63,-6,6
1758,97,92,5,5
1759,69,74,-5,5
1760,82,74,8,8
1761,60,79,-19,19
1762,70,72,-2,2
1763,79,85,-6,6
1764,127,127,0,0
1765,92,97,-5,5
1766,119,125,-6,6
1767,59,69,-10,10
1768,66,65,1,1
1769,44,55,-11,11
1770,46,53,-7,7
1771,129,115,14,14
1772,93,83,10,10
1773,98,135,-37,37
1774,89,97,-8,8
1775,74,74,0,0
1776,96,91,5,5
1777,103,99,4,4
1778,84,90,-6,6
1779,75,73,2,2
1780,167,152,15,15
1781,85,95,-10,10
1782,108,115,-7,7
1783,59,63,-4,4
1784,101,101,0,0
1785,76,80,-4,4
1786,118,111,7,7
1787,67,65,2,2
1788,53,66,-13,13
1789,108,114,-6,6
1790,103,129,-26,26
1791,130,122,8,8
1792,83,86,-3,3
1793,52,64,-12,12
1794,79,82,-3,3
1795,80,85,-5,5
1796,88,76,12,12
1797,55,63,-8,8
1798,53,53,0,0
1799,116,104,12,12
1800,103,108,-5,5
1801,73,83,-10,10
1802,72,71,1,1
1803,155,149,6,6
1804,205,210,-5,5
1805,55,57,-2,2
1806,119,113,6,6
1807,93,87,6,6
1808,81,75,6,6
1809,93,92,1,1
1810,121,119,2,2
1811,62,67,-5,5
1812,61,63,-2,2
1813,113,118,-5,5
1814,79,78,1,1
1815,130,138,-8,8
1816,68,75,-7,7
1817,81,84,-3,3
1818,114,90,24,24
1819,101,87,14,14
1820,63,63,0,0
1821,87,103,-16,16
1822,117,114,3,3
1823,114,110,4,4
1824,109,107,2,2
1825,96,91,5,5
1826,54,62,-8,8
1827,132,129,3,3
1828,85,93,-8,8
1829,70,68,2,2
1830,60,55,5,5
1831,68,71,-3,3
1832,48,50,-2,2
1833,75,82,-7,7
1834,126,126,0,0
1835,106,98,8,8
1836,60,60,0,0
1837,70,70,0,0
1838,52,51,1,1
1839,86,84,2,2
1840,74,70,4,4
1841,118,124,-6,6
1842,43,54,-11,11
1843,207,188,19,19
1844,97,94,3,3
1845,78,77,1,1
1846,100,116,-16,16
1847,108,102,6,6
1848,73,76,-3,3
1849,151,135,16,16
1850,45,53,-8,8
1851,81,75,6,6
1852,68,66,2,2
1853,140,159,-19,19
1854,121,116,5,5
1855,88,106,-18,18
1856,42,49,-7,7
1857,76,75,1,1
1858,89,91,-2,2
1859,61,59,2,2
1860,98,97,1,1
1861,78,84,-6,6
1862,54,64,-10,10
1863,128,147,-19,19
1864,160,163,-3,3
1865,65,65,0,0
1866,109,106,3,3
1867,149,158,-9,9
1868,112,103,9,9
1869,78,83,-5,5
1870,61,60,1,1
1871,82,85,-3,3
1872,54,56,-2,2
1873,45,54,-9,9
1874,102,96,6,6
1875,92,84,8,8
1876,121,136,-15,15
1877,119,120,-1,1
1878,84,78,6,6
1879,99,104,-5,5
1880,116,120,-4,4
1881,119,112,7,7
1882,157,139,18,18
1883,119,113,6,6
1884,92,83,9,9
1885,60,69,-9,9
1886,101,104,-3,3
1887,90,94,-4,4
1888,132,146,-14,14
1889,156,146,10,10
1890,101,96,5,5
1891,88,87,1,1
1892,141,122,19,19
1893,56,62,-6,6
1894,85,82,3,3
1895,182,145,37,37
1896,127,114,13,13
1897,76,74,2,2
1898,83,85,-2,2
1899,59,62,-3,3
1900,33,48,-15,15
1901,38,54,-16,16
1902,90,85,5,5
1903,87,106,-19,19
1904,81,84,-3,3
1905,123,125,-2,2
1906,111,105,6,6
1907,207,217,-10,10
1908,140,140,0,0
1909,90,92,-2,2
1910,67,73,-6,6
1911,102,125,-23,23
1912,65,66,-1,1
1913,81,87,-6,6
1914,75,72,3,3
1915,93,98,-5,5
1916,87,111,-24,24
1917,183,168,15,15
1918,95,94,1,1
1919,200,192,8,8
1920,95,98,-3,3
1921,199,180,19,19
1922,87,129,-42,42
1923,56,54,2,2
1924,55,74,-19,19
1925,90,85,5,5
1926,64,68,-4,4
1927,57,62,-5,5
1928,179,189,-10,10
1929,78,78,0,0
1930,54,61,-7,7
1931,112,110,2,2
1932,69,89,-20,20
1933,73,82,-9,9
1934,64,70,-6,6
1935,65,72,-7,7
1936,63,66,-3,3
1937,159,142,17,17
1938,71,73,-2,2
1939,90,82,8,8
1940,116,107,9,9
1941,110,116,-6,6
1942,80,101,-21,21
1943,116,113,3,3
1944,101,116,-15,15
1945,145,123,22,22
1946,144,140,4,4
1947,163,153,10,10
1948,115,135,-20,20
1949,115,129,-14,14
1950,102,123,-21,21
1951,105,113,-8,8
1952,61,59,2,2
1953,74,73,1,1
1954,88,85,3,3
1955,86,78,8,8
1956,98,99,-1,1
1957,113,116,-3,3
1958,82,61,21,21
1959,124,108,16,16
1960,76,72,4,4
1961,137,137,0,0
1962,88,97,-9,9
1963,130,122,8,8
1964,75,70,5,5
1965,97,80,17,17
1966,114,119,-5,5
1967,92,96,-4,4
1968,106,109,-3,3
1969,89,96,-7,7
1970,72,86,-14,14
1971,92,89,3,3
1972,66,59,7,7
1973,26,47,-21,21
1974,106,106,0,0
1975,82,77,5,5
1976,112,119,-7,7
1977,94,92,2,2
1978,106,102,4,4
1979,114,107,7,7
1980,85,111,-26,26
1981,144,168,-24,24
1982,137,132,5,5
1983,56,62,-6,6
1984,62,58,4,4
1985,65,71,-6,6
1986,71,72,-1,1
1987,78,89,-11,11
1988,66,67,-1,1
1989,106,107,-1,1
1990,74,113,-39,39
1991,46,131,-85,85
1992,140,137,3,3
1993,129,124,5,5
1994,83,84,-1,1
1995,81,85,-4,4
1996,49,54,-5,5
1997,124,128,-4,4
1998,42,40,2,2
1999,89,83,6,6
2000,101,98,3,3
2001,184,204,-20,20
2002,113,98,15,15
2003,212,212,0,0
2004,120,115,5,5
2005,95,103,-8,8
2006,120,125,-5,5
2007,97,100,-3,3
2008,72,71,1,1
2009,80,67,13,13
2010,87,103,-16,16
2011,100,95,5,5
2012,185,172,13,13
2013,90,92,-2,2
2014,77,75,2,2
2015,67,77,-10,10
2016,63,67,-4,4
2017,74,80,-6,6
2018,104,99,5,5
2019,129,118,11,11
2020,73,75,-2,2
2021,128,128,0,0
2022,64,65,-1,1
2023,88,86,2,2
2024,47,56,-9,9
2025,68,71,-3,3
2026,75,71,4,4
2027,75,75,0,0
2028,80,82,-2,2
2029,61,61,0,0
2030,74,75,-1,1
2031,79,86,-7,7
2032,62,66,-4,4
2033,121,126,-5,5
2034,77,76,1,1
2035,104,116,-12,12
2036,116,118,-2,2
2037,61,72,-11,11
2038,86,86,0,0
2039,83,99,-16,16
2040,119,124,-5,5
2041,109,115,-6,6
2042,83,95,-12,12
2043,66,75,-9,9
2044,112,110,2,2
2045,110,119,-9,9
2046,115,141,-26,26
2047,97,101,-4,4
2048,115,124,-9,9
2049,78,80,-2,2
2050,58,59,-1,1
2051,98,107,-9,9
2052,104,106,-2,2
2053,109,103,6,6
2054,143,137,6,6
2055,98,95,3,3
2056,56,68,-12,12
2057,61,68,-7,7
2058,86,78,8,8
2059,73,71,2,2
2060,101,97,4,4
2061,165,151,14,14
2062,64,53,11,11
2063,62,65,-3,3
2064,68,58,10,10
2065,101,96,5,5
2066,72,72,0,0
2067,56,58,-2,2
2068,109,118,-9,9
2069,63,60,3,3
2070,48,56,-8,8
2071,134,138,-4,4
2072,91,95,-4,4
2073,80,81,-1,1
2074,112,113,-1,1
2075,49,55,-6,6
2076,91,91,0,0
2077,75,84,-9,9
2078,86,85,1,1
2079,142,144,-2,2
2080,79,78,1,1
2081,122,127,-5,5
2082,139,133,6,6
2083,79,65,14,14
2084,184,170,14,14
2085,134,143,-9,9
2086,99,95,4,4
2087,59,68,-9,9
2088,77,85,-8,8
2089,84,82,2,2
2090,116,121,-5,5
2091,41,51,-10,10
2092,70,52,18,18
2093,39,45,-6,6
2094,82,81,1,1
2095,58,58,0,0
2096,166,170,-4,4
2097,71,75,-4,4
2098,119,114,5,5
2099,92,98,-6,6
2100,116,115,1,1
2101,121,107,14,14
2102,106,108,-2,2
2103,82,81,1,1
2104,137,141,-4,4
2105,113,115,-2,2
2106,84,87,-3,3
2107,136,135,1,1
2108,57,67,-10,10
2109,142,125,17,17
2110,55,52,3,3
2111,82,70,12,12
2112,208,197,11,11
2113,101,88,13,13
2114,156,157,-1,1
2115,175,178,-3,3
2116,137,118,19,19
2117,105,134,-29,29
2118,84,88,-4,4
2119,78,83,-5,5
2120,115,109,6,6
2121,74,73,1,1
2122,67,67,0,0
2123,46,52,-6,6
2124,123,140,-17,17
2125,68,64,4,4
2126,110,121,-11,11
2127,95,94,1,1
2128,77,81,-4,4
2129,86,86,0,0
2130,62,63,-1,1
2131,91,89,2,2
2132,76,90,-14,14
2133,92,82,10,10
2134,98,94,4,4
2135,108,105,3,3
2136,142,134,8,8
2137,111,71,40,40
2138,96,106,-10,10
2139,86,92,-6,6
2140,138,135,3,3
2141,89,96,-7,7
2142,149,135,14,14
2143,82,88,-6,6
2144,135,139,-4,4
2145,94,91,3,3
2146,79,82,-3,3
2147,84,84,0,0
2148,44,83,-39,39
2149,46,65,-19,19
2150,96,96,0,0
2151,114,112,2,2
2152,57,51,6,6
2153,79,74,5,5
2154,78,88,-10,10
2155,117,130,-13,13
2156,98,84,14,14
2157,57,59,-2,2
2158,99,85,14,14
2159,97,85,12,12
2160,98,90,8,8
2161,70,65,5,5
2162,102,115,-13,13
2163,82,92,-10,10
2164,81,89,-8,8
2165,69,69,0,0
2166,66,62,4,4
2167,97,82,15,15
2168,86,87,-1,1
2169,58,62,-4,4
2170,83,89,-6,6
2171,78,70,8,8
2172,64,57,7,7
2173,127,100,27,27
2174,73,67,6,6
2175,70,75,-5,5
2176,93,101,-8,8
2177,116,126,-10,10
2178,103,84,19,19
2179,44,81,-37,37
2180,84,92,-8,8
2181,116,96,20,20
2182,102,124,-22,22
2183,56,68,-12,12
2184,117,110,7,7
2185,111,108,3,3
2186,82,82,0,0
2187,115,115,0,0
2188,96,113,-17,17
2189,137,122,15,15
2190,111,116,-5,5
2191,63,77,-14,14
2192,65,66,-1,1
2193,57,58,-1,1
2194,82,76,6,6
2195,64,89,-25,25
2196,100,110,-10,10
2197,68,70,-2,2
2198,57,59,-2,2
2199,76,70,6,6
2200,138,135,3,3
2201,61,69,-8,8
2202,80,92,-12,12
2203,98,100,-2,2
2204,137,138,-1,1
2205,101,94,7,7
2206,122,117,5,5
2207,75,83,-8,8
2208,118,106,12,12
2209,87,90,-3,3
2210,116,113,3,3
2211,97,94,3,3
2212,147,149,-2,2
2213,74,72,2,2
2214,55,61,-6,6
2215,110,98,12,12
2216,93,98,-5,5
2217,64,74,-10,10
2218,105,118,-13,13
2219,70,104,-34,34
2220,92,83,9,9
2221,63,69,-6,6
2222,93,90,3,3
2223,60,44,16,16
2224,82,81,1,1
2225,108,111,-3,3
2226,118,121,-3,3
2227,167,157,10,10
2228,112,107,5,5
2229,85,88,-3,3
2230,77,85,-8,8
2231,105,119,-14,14
2232,144,136,8,8
2233,159,178,-19,19
2234,68,72,-4,4
2235,42,60,-18,18
2236,111,133,-22,22
2237,67,76,-9,9
2238,135,129,6,6
2239,45,49,-4,4
2240,79,84,-5,5
2241,117,136,-19,19
2242,94,103,-9,9
2243,44,88,-44,44
2244,94,95,-1,1
2245,140,139,1,1
2246,98,95,3,3
2247,66,68,-2,2
2248,63,70,-7,7
2249,65,74,-9,9
2250,104,115,-11,11
2251,92,98,-6,6
2252,86,77,9,9
2253,81,89,-8,8
2254,77,92,-15,15
2255,78,81,-3,3
2256,48,56,-8,8
2257,39,51,-12,12
2258,47,38,9,9
2259,94,104,-10,10
2260,161,151,10,10
2261,72,58,14,14
2262,35,43,-8,8
2263,89,95,-6,6
2264,69,96,-27,27
2265,102,107,-5,5
2266,79,100,-21,21
2267,107,99,8,8
2268,111,121,-10,10
2269,95,95,0,0
2270,102,105,-3,3
2271,89,99,-10,10
2272,65,64,1,1
2273,108,110,-2,2
2274,57,67,-10,10
2275,103,105,-2,2
2276,151,131,20,20
2277,184,179,5,5
2278,78,78,0,0
2279,185,160,25,25
2280,63,72,-9,9
2281,131,112,19,19
2282,155,145,10,10
2283,87,83,4,4
2284,136,132,4,4
2285,104,106,-2,2
2286,54,57,-3,3
2287,107,114,-7,7
2288,64,61,3,3
2289,68,75,-7,7
2290,90,92,-2,2
2291,65,79,-14,14
2292,86,92,-6,6
2293,78,75,3,3
2294,72,71,1,1
2295,50,62,-12,12
2296,107,104,3,3
2297,101,198,-97,97
2298,104,100,4,4
2299,47,51,-4,4
2300,87,88,-1,1
2301,102,107,-5,5
2302,103,98,5,5
2303,62,62,0,0
2304,57,62,-5,5
2305,68,71,-3,3
2306,109,112,-3,3
2307,80,91,-11,11
2308,76,83,-7,7
2309,97,96,1,1
2310,83,79,4,4
2311,116,112,4,4
2312,72,62,10,10
2313,49,64,-15,15
2314,108,117,-9,9
2315,106,91,15,15
2316,135,131,4,4
2317,115,120,-5,5
2318,111,101,10,10
2319,95,93,2,2
2320,56,70,-14,14
2321,154,138,16,16
2322,106,118,-12,12
2323,71,80,-9,9
2324,92,93,-1,1
2325,96,84,12,12
2326,75,83,-8,8
2327,127,115,12,12
2328,66,71,-5,5
2329,78,89,-11,11
2330,148,144,4,4
2331,95,92,3,3
2332,145,121,24,24
2333,80,85,-5,5
2334,48,52,-4,4
2335,73,83,-10,10
2336,128,130,-2,2
2337,38,40,-2,2
2338,180,180,0,0
2339,63,64,-1,1
2340,60,60,0,0
2341,149,152,-3,3
2342,97,104,-7,7
2343,57,68,-11,11
2344,158,129,29,29
2345,85,87,-2,2
2346,83,77,6,6
2347,145,133,12,12
2348,76,76,0,0
2349,107,103,4,4
2350,177,160,17,17
2351,106,83,23,23
2352,73,74,-1,1
2353,43,55,-12,12
2354,141,129,12,12
2355,100,108,-8,8
2356,81,85,-4,4
2357,267,218,49,49
2358,69,72,-3,3
2359,114,103,11,11
2360,110,116,-6,6
2361,107,110,-3,3
2362,95,92,3,3
2363,92,85,7,7
2364,166,130,36,36
2365,83,85,-2,2
2366,140,138,2,2
2367,102,95,7,7
2368,82,90,-8,8
2369,88,91,-3,3
2370,129,124,5,5
2371,171,191,-20,20
2372,53,49,4,4
2373,139,118,21,21
2374,131,128,3,3
2375,137,128,9,9
2376,65,62,3,3
2377,83,87,-4,4
2378,191,190,1,1
2379,65,68,-3,3
2380,197,184,13,13
2381,101,105,-4,4
2382,147,133,14,14
2383,159,153,6,6
2384,46,52,-6,6
2385,151,161,-10,10
2386,104,96,8,8
2387,132,148,-16,16
2388,67,76,-9,9
2389,80,77,3,3
2390,198,188,10,10
2391,116,140,-24,24
2392,72,109,-37,37
2393,152,129,23,23
2394,63,74,-11,11
2395,61,63,-2,2
2396,112,100,12,12
2397,96,86,10,10
2398,90,91,-1,1
2399,118,119,-1,1
2400,102,105,-3,3
2401,65,69,-4,4
2402,93,100,-7,7
2403,64,61,3,3
2404,88,119,-31,31
2405,116,121,-5,5
2406,94,113,-19,19
2407,96,106,-10,10
2408,83,108,-25,25
2409,125,125,0,0
2410,71,64,7,7
2411,147,157,-10,10
2412,117,116,1,1
2413,125,123,2,2
2414,65,64,1,1
2415,69,84,-15,15
2416,72,74,-2,2
2417,80,102,-22,22
2418,73,71,2,2
2419,62,67,-5,5
2420,126,122,4,4
2421,56,61,-5,5
2422,90,94,-4,4
2423,95,104,-9,9
2424,67,65,2,2
2425,37,58,-21,21
2426,128,122,6,6
2427,63,60,3,3
2428,32,45,-13,13
2429,63,56,7,7
2430,42,56,-14,14
2431,90,94,-4,4
2432,58,66,-8,8
2433,159,135,24,24
2434,114,128,-14,14
2435,76,69,7,7
2436,71,72,-1,1
2437,91,89,2,2
2438,144,135,9,9
2439,71,66,5,5
2440,70,79,-9,9
2441,109,120,-11,11
2442,86,90,-4,4
2443,114,125,-11,11
2444,66,61,5,5
2445,92,83,9,9
2446,71,71,0,0
2447,92,82,10,10
2448,137,163,-26,26
2449,73,87,-14,14
2450,73,73,0,0
2451,101,92,9,9
2452,119,115,4,4
2453,97,95,2,2
2454,110,98,12,12
2455,69,65,4,4
2456,81,76,5,5
2457,67,67,0,0
2458,139,132,7,7
2459,88,78,10,10
2460,114,112,2,2
2461,64,62,2,2
2462,86,89,-3,3
2463,122,117,5,5
2464,122,114,8,8
2465,94,94,0,0
2466,128,139,-11,11
2467,83,81,2,2
2468,92,91,1,1
2469,175,174,1,1
2470,141,144,-3,3
2471,72,74,-2,2
2472,135,130,5,5
2473,84,80,4,4
2474,123,113,10,10
2475,113,122,-9,9
2476,135,133,2,2
2477,83,93,-10,10
2478,58,65,-7,7
2479,146,147,-1,1
2480,123,125,-2,2
2481,50,54,-4,4
2482,67,78,-11,11
2483,80,84,-4,4
2484,136,132,4,4
2485,165,163,2,2
2486,84,77,7,7
2487,107,112,-5,5
2488,151,158,-7,7
2489,111,115,-4,4
2490,51,64,-13,13
2491,78,78,0,0
2492,145,125,20,20
2493,54,63,-9,9
2494,86,84,2,2
2495,93,91,2,2
2496,117,116,1,1
2497,52,57,-5,5
2498,84,94,-10,10
2499,196,216,-20,20
2500,70,52,18,18
2501,166,158,8,8
2502,103,96,7,7
2503,67,70,-3,3
2504,54,63,-9,9
2505,91,95,-4,4
2506,124,120,4,4
2507,80,76,4,4
2508,111,117,-6,6
2509,108,102,6,6
2510,134,139,-5,5
2511,98,90,8,8
2512,64,95,-31,31
2513,73,69,4,4
2514,94,105,-11,11
2515,61,75,-14,14
2516,90,93,-3,3
2517,102,97,5,5
2518,150,144,6,6
2519,97,100,-3,3
2520,76,72,4,4
2521,58,60,-2,2
2522,90,75,15,15
2523,70,75,-5,5
2524,65,69,-4,4
2525,78,77,1,1
2526,53,63,-10,10
2527,83,82,1,1
2528,103,79,24,24
2529,74,67,7,7
2530,173,167,6,6
2531,63,68,-5,5
2532,104,101,3,3
2533,96,95,1,1
2534,110,126,-16,16
2535,83,87,-4,4
2536,89,86,3,3
2537,95,109,-14,14
2538,74,84,-10,10
2539,55,55,0,0
2540,117,124,-7,7
2541,32,38,-6,6
2542,64,75,-11,11
2543,103,90,13,13
2544,121,118,3,3
2545,129,122,7,7
2546,90,93,-3,3
2547,119,137,-18,18
2548,105,98,7,7
2549,78,72,6,6
2550,159,143,16,16
2551,73,77,-4,4
2552,128,125,3,3
2553,149,150,-1,1
2554,129,116,13,13
2555,87,93,-6,6
2556,69,81,-12,12
2557,120,117,3,3
2558,57,60,-3,3
2559,107,111,-4,4
2560,56,58,-2,2
2561,128,83,45,45
2562,153,126,27,27
2563,114,130,-16,16
2564,96,100,-4,4
2565,111,112,-1,1
2566,130,135,-5,5
2567,88,92,-4,4
2568,75,74,1,1
2569,85,96,-11,11
2570,105,105,0,0
2571,48,55,-7,7
2572,98,100,-2,2
2573,62,72,-10,10
2574,142,129,13,13
2575,91,65,26,26
2576,85,89,-4,4
2577,67,67,0,0
2578,116,102,14,14
2579,82,97,-15,15
2580,136,126,10,10
2581,145,144,1,1
2582,76,79,-3,3
2583,46,53,-7,7
2584,112,130,-18,18
2585,119,112,7,7
2586,75,98,-23,23
2587,58,70,-12,12
2588,90,87,3,3
2589,106,118,-12,12
2590,117,107,10,10
2591,97,99,-2,2
2592,142,152,-10,10
2593,156,161,-5,5
2594,136,72,64,64
2595,73,77,-4,4
2596,98,87,11,11
2597,79,90,-11,11
2598,130,138,-8,8
2599,114,106,8,8
2600,122,125,-3,3
2601,87,84,3,3
2602,136,135,1,1
2603,157,143,14,14
2604,53,58,-5,5
2605,106,93,13,13
2606,62,65,-3,3
2607,87,93,-6,6
2608,75,74,1,1
2609,71,75,-4,4
2610,87,87,0,0
2611,81,84,-3,3
2612,110,103,7,7
2613,119,119,0,0
2614,103,94,9,9
2615,65,63,2,2
2616,137,115,22,22
2617,66,70,-4,4
2618,78,72,6,6
2619,93,95,-2,2
2620,117,118,-1,1
2621,95,97,-2,2
2622,88,79,9,9
2623,102,97,5,5
2624,49,50,-1,1
2625,82,74,8,8
2626,70,75,-5,5
2627,78,86,-8,8
2628,75,66,9,9
2629,80,61,19,19
2630,133,125,8,8
2631,82,84,-2,2
2632,147,118,29,29
2633,174,162,12,12
2634,65,70,-5,5
2635,95,94,1,1
2636,105,94,11,11
2637,72,75,-3,3
2638,78,77,1,1
2639,137,142,-5,5
2640,153,145,8,8
2641,131,151,-20,20
2642,53,58,-5,5
2643,88,87,1,1
2644,74,77,-3,3
2645,62,57,5,5
2646,97,108,-11,11
2647,121,107,14,14
2648,106,108,-2,2
2649,76,110,-34,34
2650,103,108,-5,5
2651,87,73,14,14
2652,67,65,2,2
2653,68,97,-29,29
2654,123,114,9,9
2655,68,62,6,6
2656,115,119,-4,4
2657,116,109,7,7
2658,95,90,5,5
2659,57,67,-10,10
2660,106,103,3,3
2661,85,85,0,0
2662,106,93,13,13
2663,87,86,1,1
2664,86,83,3,3
2665,84,86,-2,2
2666,60,57,3,3
2667,99,111,-12,12
2668,84,106,-22,22
2669,60,64,-4,4
2670,134,131,3,3
2671,130,131,-1,1
2672,78,75,3,3
2673,62,62,0,0
2674,90,86,4,4
2675,105,99,6,6
2676,104,108,-4,4
2677,102,113,-11,11
2678,125,116,9,9
2679,74,49,25,25
2680,100,95,5,5
2681,103,107,-4,4
2682,77,69,8,8
2683,86,78,8,8
2684,97,106,-9,9
2685,81,83,-2,2
2686,88,98,-10,10
2687,52,63,-11,11
2688,59,76,-17,17
2689,89,81,8,8
2690,51,65,-14,14
2691,45,49,-4,4
2692,103,136,-33,33
2693,70,76,-6,6
2694,148,143,5,5
2695,91,97,-6,6
2696,45,53,-8,8
2697,146,154,-8,8
2698,119,124,-5,5
2699,107,114,-7,7
2700,170,156,14,14
2701,62,63,-1,1
2702,130,117,13,13
2703,40,57,-17,17
2704,91,88,3,3
2705,61,61,0,0
2706,72,73,-1,1
2707,113,114,-1,1
2708,120,105,15,15
2709,52,64,-12,12
2710,43,50,-7,7
2711,63,63,0,0
2712,106,106,0,0
2713,109,110,-1,1
2714,136,134,2,2
2715,100,103,-3,3
2716,58,67,-9,9
2717,64,68,-4,4
2718,135,140,-5,5
2719,125,138,-13,13
2720,91,106,-15,15
2721,81,90,-9,9
2722,53,55,-2,2
2723,120,123,-3,3
2724,96,97,-1,1
2725,42,51,-9,9
2726,122,114,8,8
2727,67,63,4,4
2728,97,88,9,9
2729,65,67,-2,2
2730,86,95,-9,9
2731,72,69,3,3
2732,62,66,-4,4
2733,72,72,0,0
2734,83,75,8,8
2735,129,141,-12,12
2736,109,104,5,5
2737,72,89,-17,17
2738,78,84,-6,6
2739,175,168,7,7
2740,125,125,0,0
2741,65,62,3,3
2742,122,127,-5,5
2743,79,84,-5,5
2744,35,55,-20,20
2745,86,90,-4,4
2746,120,103,17,17
2747,96,97,-1,1
2748,152,152,0,0
2749,114,107,7,7
2750,94,97,-3,3
2751,67,66,1,1
2752,94,100,-6,6
2753,145,127,18,18
2754,52,55,-3,3
2755,108,92,16,16
2756,86,93,-7,7
2757,91,91,0,0
2758,132,133,-1,1
2759,160,152,8,8
2760,94,89,5,5
2761,136,120,16,16
2762,46,52,-6,6
2763,76,82,-6,6
2764,66,69,-3,3
2765,72,69,3,3
2766,102,107,-5,5
2767,77,75,2,2
2768,56,67,-11,11
2769,139,151,-12,12
2770,217,216,1,1
2771,105,118,-13,13
2772,86,81,5,5
2773,172,165,7,7
2774,131,134,-3,3
2775,141,143,-2,2
2776,85,96,-11,11
2777,68,64,4,4
2778,90,87,3,3
2779,75,81,-6,6
2780,82,84,-2,2
2781,76,72,4,4
2782,92,89,3,3
2783,76,80,-4,4
2784,108,107,1,1
2785,99,97,2,2
2786,65,66,-1,1
2787,101,114,-13,13
2788,196,177,19,19
2789,80,90,-10,10
2790,130,143,-13,13
2791,57,67,-10,10
2792,105,105,0,0
2793,83,86,-3,3
2794,75,90,-15,15
2795,37,55,-18,18
2796,92,97,-5,5
2797,70,65,5,5
2798,35,35,0,0
2799,120,111,9,9
2800,87,75,12,12
2801,56,55,1,1
2802,84,90,-6,6
2803,185,178,7,7
2804,95,79,16,16
2805,76,77,-1,1
2806,60,62,-2,2
2807,84,87,-3,3
2808,67,67,0,0
2809,79,81,-2,2
2810,106,102,4,4
2811,121,121,0,0
2812,81,89,-8,8
2813,93,98,-5,5
2814,150,139,11,11
2815,104,117,-13,13
2816,95,95,0,0
2817,120,107,13,13
2818,140,135,5,5
2819,106,108,-2,2
2820,92,78,14,14
2821,75,79,-4,4
2822,69,83,-14,14
2823,78,77,1,1
2824,57,65,-8,8
2825,71,66,5,5
2826,110,113,-3,3
2827,90,95,-5,5
2828,58,58,0,0
2829,52,57,-5,5
2830,108,109,-1,1
2831,53,64,-11,11
2832,102,100,2,2
2833,89,97,-8,8
2834,158,149,9,9
2835,81,76,5,5
2836,93,104,-11,11
2837,127,118,9,9
2838,117,111,6,6
2839,105,107,-2,2
2840,133,133,0,0
2841,106,99,7,7
2842,149,136,13,13
2843,117,124,-7,7
2844,92,95,-3,3
2845,74,72,2,2
2846,156,144,12,12
2847,90,90,0,0
2848,116,125,-9,9
2849,118,101,17,17
2850,109,114,-5,5
2851,110,113,-3,3
2852,84,89,-5,5
2853,120,108,12,12
2854,145,151,-6,6
2855,64,71,-7,7
2856,95,108,-13,13
2857,54,58,-4,4
2858,109,115,-6,6
2859,81,76,5,5
2860,74,77,-3,3
2861,123,134,-11,11
2862,88,88,0,0
2863,153,155,-2,2
2864,119,127,-8,8
2865,100,101,-1,1
2866,91,86,5,5
2867,85,81,4,4
2868,72,71,1,1
2869,137,135,2,2
2870,120,143,-23,23
2871,58,62,-4,4
2872,106,108,-2,2
2873,100,96,4,4
2874,75,71,4,4
2875,71,75,-4,4
2876,90,83,7,7
2877,56,53,3,3
2878,109,107,2,2
2879,97,97,0,0
2880,95,84,11,11
2881,84,84,0,0
2882,64,65,-1,1
2883,79,76,3,3
2884,66,67,-1,1
2885,65,68,-3,3
2886,117,119,-2,2
2887,143,145,-2,2
2888,65,66,-1,1
2889,80,81,-1,1
2890,111,111,0,0
2891,116,104,12,12
2892,80,135,-55,55
2893,89,92,-3,3
2894,181,168,13,13
2895,95,91,4,4
2896,81,78,3,3
2897,172,145,27,27
2898,137,124,13,13
2899,83,92,-9,9
2900,98,90,8,8
2901,131,126,5,5
2902,75,81,-6,6
2903,160,160,0,0
2904,115,104,11,11
2905,124,146,-22,22
2906,121,118,3,3
2907,113,116,-3,3
2908,116,113,3,3
2909,62,71,-9,9
2910,94,75,19,19
2911,92,82,10,10
2912,144,144,0,0
2913,37,73,-36,36
2914,65,65,0,0
2915,159,184,-25,25
2916,76,77,-1,1
2917,116,120,-4,4
2918,79,67,12,12
2919,89,104,-15,15
2920,79,82,-3,3
2921,100,112,-12,12
2922,92,82,10,10
2923,90,91,-1,1
2924,53,59,-6,6
2925,97,103,-6,6
2926,148,132,16,16
2927,104,104,0,0
2928,57,58,-1,1
2929,71,64,7,7
2930,116,136,-20,20
2931,191,190,1,1
2932,122,118,4,4
2933,60,66,-6,6
2934,125,160,-35,35
2935,69,73,-4,4
2936,98,103,-5,5
2937,131,124,7,7
2938,105,107,-2,2
2939,103,101,2,2
2940,60,71,-11,11
2941,67,75,-8,8
2942,118,113,5,5
2943,58,73,-15,15
2944,76,78,-2,2
2945,109,100,9,9
2946,72,76,-4,4
2947,87,93,-6,6
2948,57,66,-9,9
2949,85,90,-5,5
2950,78,83,-5,5
2951,88,77,11,11
2952,75,65,10,10
2953,124,118,6,6
2954,84,88,-4,4
2955,112,105,7,7
2956,98,101,-3,3
2957,152,146,6,6
2958,54,60,-6,6
2959,121,117,4,4
2960,164,161,3,3
2961,58,61,-3,3
2962,164,160,4,4
2963,47,63,-16,16
2964,163,154,9,9
2965,104,100,4,4
2966,66,69,-3,3
2967,111,116,-5,5
2968,60,65,-5,5
2969,45,58,-13,13
2970,98,86,12,12
2971,129,124,5,5
2972,94,85,9,9
2973,100,108,-8,8
2974,88,85,3,3
2975,79,72,7,7
2976,73,78,-5,5
2977,125,123,2,2
2978,91,96,-5,5
2979,102,106,-4,4
2980,137,133,4,4
2981,186,187,-1,1
2982,67,74,-7,7
2983,59,64,-5,5
2984,36,44,-8,8
2985,128,125,3,3
2986,80,73,7,7
2987,102,119,-17,17
2988,137,113,24,24
2989,58,71,-13,13
2990,94,121,-27,27
2991,90,83,7,7
2992,110,104,6,6
2993,101,114,-13,13
2994,78,78,0,0
2995,121,103,18,18
2996,87,84,3,3
2997,81,52,29,29
2998,70,75,-5,5
2999,142,142,0,0
3000,93,98,-5,5
3001,98,82,16,16
3002,125,129,-4,4
3003,65,61,4,4
3004,126,150,-24,24
3005,77,65,12,12
3006,79,71,8,8
3007,85,91,-6,6
3008,65,60,5,5
3009,74,86,-12,12
3010,124,127,-3,3
3011,112,102,10,10
3012,99,102,-3,3
3013,73,73,0,0
3014,97,89,8,8
3015,73,75,-2,2
3016,58,32,26,26
3017,172,183,-11,11
3018,91,90,1,1
3019,67,71,-4,4
3020,100,106,-6,6
3021,110,109,1,1
3022,58,64,-6,6
3023,96,106,-10,10
3024,69,78,-9,9
3025,91,95,-4,4
3026,64,71,-7,7
3027,71,81,-10,10
3028,49,73,-24,24
3029,88,98,-10,10
3030,147,129,18,18
3031,71,68,3,3
3032,117,89,28,28
3033,89,96,-7,7
3034,95,85,10,10
3035,78,86,-8,8
3036,82,91,-9,9
3037,72,77,-5,5
3038,137,130,7,7
3039,122,140,-18,18
3040,115,103,12,12
3041,120,115,5,5
3042,119,110,9,9
3043,84,86,-2,2
3044,88,80,8,8
3045,60,70,-10,10
3046,115,124,-9,9
3047,81,77,4,4
3048,136,146,-10,10
3049,85,96,-11,11
3050,100,104,-4,4
3051,118,124,-6,6
3052,109,105,4,4
3053,61,74,-13,13
3054,105,91,14,14
3055,206,198,8,8
3056,112,110,2,2
3057,83,86,-3,3
3058,181,187,-6,6
3059,151,135,16,16
3060,104,92,12,12
3061,83,102,-19,19
3062,109,107,2,2
3063,62,64,-2,2
3064,76,76,0,0
3065,86,94,-8,8
3066,127,117,10,10
3067,83,82,1,1
3068,122,106,16,16
3069,103,115,-12,12
3070,107,107,0,0
3071,94,91,3,3
3072,103,90,13,13
3073,72,67,5,5
3074,66,75,-9,9
3075,70,84,-14,14
3076,54,57,-3,3
3077,57,68,-11,11
3078,165,160,5,5
3079,125,113,12,12
3080,125,120,5,5
3081,92,86,6,6
3082,53,51,2,2
3083,106,127,-21,21
3084,95,96,-1,1
3085,94,86,8,8
3086,72,71,1,1
3087,78,83,-5,5
3088,113,116,-3,3
3089,106,96,10,10
3090,101,94,7,7
3091,102,115,-13,13
3092,95,97,-2,2
3093,69,70,-1,1
3094,74,68,6,6
3095,104,95,9,9
3096,78,82,-4,4
3097,86,84,2,2
3098,41,42,-1,1
3099,86,85,1,1
3100,80,80,0,0
3101,182,170,12,12
3102,83,89,-6,6
3103,65,61,4,4
3104,81,80,1,1
3105,159,169,-10,10
3106,103,93,10,10
3107,102,96,6,6
3108,60,58,2,2
3109,142,137,5,5
3110,62,57,5,5
3111,129,113,16,16
3112,79,84,-5,5
3113,87,91,-4,4
3114,127,115,12,12
3115,56,59,-3,3
3116,94,114,-20,20
3117,90,89,1,1
3118,62,72,-10,10
3119,60,68,-8,8
3120,110,141,-31,31
3121,98,110,-12,12
3122,58,65,-7,7
3123,88,92,-4,4
3124,35,45,-10,10
3125,138,134,4,4
3126,73,78,-5,5
3127,99,80,19,19
3128,87,86,1,1
3129,69,69,0,0
3130,102,94,8,8
3131,89,82,7,7
3132,106,107,-1,1
3133,116,112,4,4
3134,69,73,-4,4
3135,75,72,3,3
3136,91,84,7,7
3137,67,69,-2,2
3138,133,150,-17,17
3139,76,87,-11,11
3140,103,104,-1,1
3141,71,67,4,4
3142,135,143,-8,8
3143,99,104,-5,5
3144,104,95,9,9
3145,146,128,18,18
3146,57,51,6,6
3147,108,133,-25,25
3148,82,78,4,4
3149,106,100,6,6
3150,110,115,-5,5
3151,98,93,5,5
3152,62,62,0,0
3153,102,107,-5,5
3154,130,127,3,3
3155,108,106,2,2
3156,61,64,-3,3
3157,73,86,-13,13
3158,54,54,0,0
3159,63,60,3,3
3160,140,125,15,15
3161,47,124,-77,77
3162,68,72,-4,4
3163,134,130,4,4
3164,106,111,-5,5
3165,72,73,-1,1
3166,107,98,9,9
3167,107,104,3,3
3168,53,52,1,1
3169,112,103,9,9
3170,124,124,0,0
3171,103,102,1,1
3172,76,82,-6,6
3173,103,104,-1,1
3174,92,97,-5,5
3175,40,50,-10,10
3176,79,83,-4,4
3177,83,91,-8,8
3178,77,71,6,6
3179,75,74,1,1
3180,63,61,2,2
3181,134,139,-5,5
3182,66,74,-8,8
3183,173,170,3,3
3184,100,99,1,1
3185,119,107,12,12
3186,143,149,-6,6
3187,61,73,-12,12
3188,59,64,-5,5
3189,91,104,-13,13
3190,61,72,-11,11
3191,127,130,-3,3
3192,164,157,7,7
3193,81,84,-3,3
3194,136,141,-5,5
3195,73,84,-11,11
3196,72,75,-3,3
3197,82,83,-1,1
3198,79,83,-4,4
3199,70,75,-5,5
3200,95,88,7,7
3201,63,67,-4,4
3202,67,63,4,4
3203,127,128,-1,1
3204,107,114,-7,7
3205,58,62,-4,4
3206,91,100,-9,9
3207,60,67,-7,7
3208,94,103,-9,9
3209,90,76,14,14
3210,49,43,6,6
3211,94,112,-18,18
3212,68,59,9,9
3213,86,84,2,2
3214,107,101,6,6
3215,54,46,8,8
3216,88,79,9,9
3217,69,80,-11,11
3218,85,78,7,7
3219,99,97,2,2
3220,116,129,-13,13
3221,113,118,-5,5
3222,42,55,-13,13
3223,36,43,-7,7
3224,52,60,-8,8
3225,88,76,12,12
3226,62,63,-1,1
3227,87,79,8,8
3228,97,101,-4,4
3229,94,104,-10,10
3230,113,114,-1,1
3231,168,144,24,24
3232,107,99,8,8
3233,130,121,9,9
3234,169,145,24,24
3235,84,82,2,2
3236,151,132,19,19
3237,75,69,6,6
3238,73,72,1,1
3239,64,69,-5,5
3240,144,159,-15,15
3241,86,83,3,3
3242,91,89,2,2
3243,76,73,3,3
3244,112,112,0,0
3245,46,48,-2,2
3246,51,50,1,1
3247,116,105,11,11
3248,106,123,-17,17
3249,63,66,-3,3
3250,115,94,21,21
3251,151,167,-16,16
3252,70,66,4,4
3253,153,144,9,9
3254,66,60,6,6
3255,95,105,-10,10
3256,71,73,-2,2
3257,75,79,-4,4
3258,83,87,-4,4
3259,75,80,-5,5
3260,111,95,16,16
3261,95,88,7,7
3262,133,124,9,9
3263,56,54,2,2
3264,42,56,-14,14
3265,61,61,0,0
3266,72,77,-5,5
3267,60,65,-5,5
3268,95,90,5,5
3269,115,123,-8,8
3270,101,109,-8,8
3271,65,72,-7,7
3272,100,109,-9,9
3273,69,70,-1,1
3274,81,79,2,2
3275,82,83,-1,1
3276,107,103,4,4
3277,112,128,-16,16
3278,99,104,-5,5
3279,75,74,1,1
3280,161,144,17,17
3281,76,75,1,1
3282,142,145,-3,3
3283,111,107,4,4
3284,78,83,-5,5
3285,137,128,9,9
3286,40,48,-8,8
3287,65,66,-1,1
3288,88,97,-9,9
3289,103,99,4,4
3290,143,165,-22,22
3291,37,36,1,1
3292,65,67,-2,2
3293,90,77,13,13
3294,97,85,12,12
3295,107,106,1,1
3296,104,117,-13,13
3297,151,129,22,22
3298,98,103,-5,5
3299,91,98,-7,7
3300,90,88,2,2
3301,79,87,-8,8
3302,62,61,1,1
3303,83,81,2,2
3304,102,110,-8,8
3305,92,98,-6,6
3306,48,52,-4,4
3307,103,110,-7,7
3308,65,64,1,1
3309,84,81,3,3
3310,57,61,-4,4
3311,108,119,-11,11
3312,80,77,3,3
3313,66,83,-17,17
3314,106,106,0,0
3315,52,54,-2,2
3316,107,121,-14,14
3317,107,110,-3,3
3318,57,65,-8,8
3319,137,123,14,14
3320,69,63,6,6
3321,90,88,2,2
3322,65,68,-3,3
3323,49,60,-11,11
3324,153,145,8,8
3325,119,120,-1,1
3326,75,79,-4,4
3327,160,160,0,0
3328,140,132,8,8
3329,146,146,0,0
3330,104,98,6,6
3331,94,102,-8,8
3332,60,47,13,13
3333,118,112,6,6
3334,71,76,-5,5
3335,66,70,-4,4
3336,183,168,15,15
3337,103,96,7,7
3338,119,118,1,1
3339,107,126,-19,19
3340,92,90,2,2
3341,89,95,-6,6
3342,116,110,6,6
3343,84,79,5,5
3344,118,129,-11,11
3345,52,54,-2,2
3346,75,81,-6,6
3347,163,167,-4,4
3348,96,102,-6,6
3349,104,114,-10,10
3350,135,146,-11,11
3351,78,83,-5,5
3352,127,122,5,5
3353,96,92,4,4
3354,123,114,9,9
3355,119,110,9,9
3356,83,85,-2,2
3357,107,114,-7,7
3358,96,85,11,11
3359,105,116,-11,11
3360,142,130,12,12
3361,67,76,-9,9
3362,67,73,-6,6
3363,126,120,6,6
3364,59,66,-7,7
3365,59,62,-3,3
3366,74,69,5,5
3367,87,85,2,2
3368,69,71,-2,2
3369,66,70,-4,4
3370,117,109,8,8
3371,186,169,17,17
3372,63,59,4,4
3373,125,127,-2,2
3374,87,81,6,6
3375,97,105,-8,8
3376,96,87,9,9
3377,49,53,-4,4
3378,105,109,-4,4
3379,48,52,-4,4
3380,111,114,-3,3
3381,98,109,-11,11
3382,123,112,11,11
3383,74,65,9,9
3384,55,55,0,0
3385,124,127,-3,3
3386,151,142,9,9
3387,54,59,-5,5
3388,44,51,-7,7
3389,78,89,-11,11
3390,141,144,-3,3
3391,85,59,26,26
3392,40,45,-5,5
3393,77,77,0,0
3394,104,97,7,7
3395,71,58,13,13
3396,94,98,-4,4
3397,98,107,-9,9
3398,56,61,-5,5
3399,64,71,-7,7
3400,107,107,0,0
3401,58,66,-8,8
3402,40,51,-11,11
3403,107,91,16,16
3404,110,114,-4,4
3405,124,115,9,9
3406,100,99,1,1
3407,88,93,-5,5
3408,131,118,13,13
3409,93,87,6,6
3410,134,138,-4,4
3411,81,96,-15,15
3412,81,83,-2,2
3413,84,88,-4,4
3414,86,89,-3,3
3415,152,152,0,0
3416,64,64,0,0
3417,73,80,-7,7
3418,118,121,-3,3
3419,73,72,1,1
3420,88,78,10,10
3421,112,119,-7,7
3422,141,131,10,10
3423,150,156,-6,6
3424,105,99,6,6
3425,163,149,14,14
3426,29,38,-9,9
3427,94,91,3,3
3428,67,75,-8,8
3429,98,108,-10,10
3430,89,91,-2,2
3431,106,103,3,3
3432,100,99,1,1
3433,107,98,9,9
3434,64,66,-2,2
3435,45,54,-9,9
3436,77,84,-7,7
3437,144,125,19,19
3438,103,100,3,3
3439,67,117,-50,50
3440,38,48,-10,10
3441,116,119,-3,3
3442,102,112,-10,10
3443,119,121,-2,2
3444,88,88,0,0
3445,111,106,5,5
3446,48,52,-4,4
3447,131,114,17,17
3448,86,87,-1,1
3449,76,82,-6,6
3450,80,73,7,7
3451,99,107,-8,8
3452,132,122,10,10
3453,91,112,-21,21
3454,105,97,8,8
3455,159,162,-3,3
3456,117,109,8,8
3457,142,144,-2,2
3458,69,69,0,0
3459,79,70,9,9
3460,134,148,-14,14
3461,101,90,11,11
3462,94,102,-8,8
3463,97,117,-20,20
3464,112,100,12,12
3465,70,71,-1,1
3466,139,133,6,6
3467,120,111,9,9
3468,93,100,-7,7
3469,70,72,-2,2
3470,77,72,5,5
3471,91,93,-2,2
3472,57,59,-2,2
3473,75,87,-12,12
3474,64,72,-8,8
3475,88,85,3,3
3476,90,94,-4,4
3477,82,88,-6,6
3478,54,56,-2,2
3479,101,106,-5,5
3480,102,110,-8,8
3481,92,91,1,1
3482,77,82,-5,5
3483,76,79,-3,3
3484,109,79,30,30
3485,48,56,-8,8
3486,86,84,2,2
3487,91,93,-2,2
3488,60,55,5,5
3489,117,122,-5,5
3490,121,109,12,12
3491,129,140,-11,11
3492,90,100,-10,10
3493,106,86,20,20
3494,80,71,9,9
3495,129,113,16,16
3496,65,65,0,0
3497,48,51,-3,3
3498,104,95,9,9
3499,72,72,0,0
3500,69,71,-2,2
3501,115,104,11,11
3502,147,156,-9,9
3503,83,83,0,0
3504,96,97,-1,1
3505,83,89,-6,6
3506,106,101,5,5
3507,83,86,-3,3
3508,94,84,10,10
3509,101,87,14,14
3510,112,127,-15,15
3511,56,65,-9,9
3512,106,113,-7,7
3513,93,90,3,3
3514,83,89,-6,6
3515,60,66,-6,6
3516,116,91,25,25
3517,127,112,15,15
3518,65,75,-10,10
3519,134,139,-5,5
3520,45,56,-11,11
3521,74,79,-5,5
3522,107,112,-5,5
3523,97,95,2,2
3524,145,143,2,2
3525,101,105,-4,4
3526,104,97,7,7
3527,90,97,-7,7
3528,98,106,-8,8
3529,107,117,-10,10
3530,66,74,-8,8
3531,76,88,-12,12
3532,39,50,-11,11
3533,89,90,-1,1
3534,47,52,-5,5
3535,68,81,-13,13
3536,47,56,-9,9
3537,194,171,23,23
3538,107,119,-12,12
3539,155,148,7,7
3540,163,147,16,16
3541,93,75,18,18
3542,124,110,14,14
3543,28,41,-13,13
3544,101,114,-13,13
3545,70,68,2,2
3546,61,69,-8,8
3547,92,83,9,9
3548,78,83,-5,5
3549,51,49,2,2
3550,99,111,-12,12
3551,95,91,4,4
3552,137,122,15,15
3553,90,93,-3,3
3554,84,90,-6,6
3555,72,79,-7,7
3556,83,88,-5,5
3557,94,99,-5,5
3558,86,81,5,5
3559,86,80,6,6
3560,87,91,-4,4
3561,104,115,-11,11
3562,58,61,-3,3
3563,50,64,-14,14
3564,44,48,-4,4
3565,83,86,-3,3
3566,97,90,7,7
3567,146,148,-2,2
3568,147,126,21,21
3569,107,105,2,2
3570,117,113,4,4
3571,152,150,2,2
3572,130,119,11,11
3573,157,146,11,11
3574,268,267,1,1
3575,90,88,2,2
3576,101,105,-4,4
3577,73,70,3,3
3578,120,125,-5,5
3579,86,83,3,3
3580,144,124,20,20
3581,97,94,3,3
3582,93,74,19,19
3583,49,52,-3,3
3584,97,93,4,4
3585,99,89,10,10
3586,63,65,-2,2
3587,135,131,4,4
3588,66,71,-5,5
3589,71,73,-2,2
3590,74,73,1,1
3591,160,155,5,5
3592,52,63,-11,11
3593,84,82,2,2
3594,127,142,-15,15
3595,82,68,14,14
3596,80,84,-4,4
3597,108,103,5,5
3598,104,113,-9,9
3599,106,101,5,5
3600,154,156,-2,2
3601,54,53,1,1
3602,91,105,-14,14
3603,115,123,-8,8
3604,98,96,2,2
3605,117,109,8,8
3606,46,55,-9,9
3607,93,102,-9,9
3608,50,52,-2,2
3609,110,165,-55,55
3610,101,98,3,3
3611,121,100,21,21
3612,129,124,5,5
3613,123,116,7,7
3614,55,63,-8,8
3615,97,91,6,6
3616,102,105,-3,3
3617,127,132,-5,5
3618,66,74,-8,8
3619,75,75,0,0
3620,125,139,-14,14
3621,75,72,3,3
3622,137,147,-10,10
3623,76,71,5,5
3624,80,68,12,12
3625,93,93,0,0
3626,213,206,7,7
3627,73,76,-3,3
3628,99,104,-5,5
3629,152,139,13,13
3630,110,111,-1,1
3631,53,63,-10,10
3632,83,73,10,10
3633,94,98,-4,4
3634,60,64,-4,4
3635,150,140,10,10
3636,146,139,7,7
3637,156,172,-16,16
3638,99,94,5,5
3639,66,70,-4,4
3640,85,81,4,4
3641,68,87,-19,19
3642,174,157,17,17
3643,112,101,11,11
3644,102,99,3,3
3645,96,100,-4,4
3646,123,130,-7,7
3647,62,78,-16,16
3648,42,50,-8,8
3649,84,102,-18,18
3650,99,117,-18,18
3651,96,105,-9,9
3652,94,88,6,6
3653,88,88,0,0
3654,113,107,6,6
3655,136,137,-1,1
3656,51,58,-7,7
3657,82,90,-8,8
3658,103,96,7,7
3659,109,115,-6,6
3660,39,44,-5,5
3661,66,61,5,5
3662,68,65,3,3
3663,97,94,3,3
3664,85,89,-4,4
3665,123,121,2,2
3666,134,131,3,3
3667,171,164,7,7
3668,88,100,-12,12
3669,83,86,-3,3
3670,52,61,-9,9
3671,90,84,6,6
3672,75,82,-7,7
3673,80,86,-6,6
3674,85,87,-2,2
3675,113,132,-19,19
3676,85,72,13,13
3677,124,112,12,12
3678,126,124,2,2
3679,136,124,12,12
3680,111,107,4,4
3681,122,118,4,4
3682,84,88,-4,4
3683,53,45,8,8
3684,83,77,6,6
3685,132,131,1,1
3686,133,136,-3,3
3687,96,86,10,10
3688,53,58,-5,5
3689,87,102,-15,15
3690,63,66,-3,3
3691,92,79,13,13
3692,73,78,-5,5
3693,142,129,13,13
3694,93,81,12,12
3695,69,74,-5,5
3696,59,58,1,1
3697,120,126,-6,6
3698,52,55,-3,3
3699,50,60,-10,10
3700,80,92,-12,12
3701,68,68,0,0
3702,73,74,-1,1
3703,245,212,33,33
3704,147,146,1,1
3705,75,74,1,1
3706,59,64,-5,5
3707,84,80,4,4
3708,92,92,0,0
3709,146,141,5,5
3710,183,182,1,1
3711,64,68,-4,4
3712,101,97,4,4
3713,102,100,2,2
3714,117,116,1,1
3715,178,191,-13,13
3716,143,126,17,17
3717,68,82,-14,14
3718,90,84,6,6
3719,48,51,-3,3
3720,74,78,-4,4
3721,63,53,10,10
3722,74,69,5,5
3723,83,93,-10,10
3724,89,92,-3,3
3725,112,111,1,1
3726,89,95,-6,6
3727,71,66,5,5
3728,72,78,-6,6
3729,66,67,-1,1
3730,173,182,-9,9
3731,139,140,-1,1
3732,94,110,-16,16
3733,48,56,-8,8
3734,102,108,-6,6
3735,69,66,3,3
3736,67,66,1,1
3737,91,95,-4,4
3738,109,120,-11,11
3739,39,53,-14,14
3740,146,147,-1,1
3741,103,103,0,0
3742,149,151,-2,2
3743,78,67,11,11
3744,78,79,-1,1
3745,76,69,7,7
3746,81,80,1,1
3747,155,166,-11,11
3748,76,78,-2,2
3749,113,118,-5,5
3750,87,85,2,2
3751,81,81,0,0
3752,82,86,-4,4
3753,107,111,-4,4
3754,148,153,-5,5
3755,57,65,-8,8
3756,73,73,0,0
3757,112,113,-1,1
3758,48,51,-3,3
3759,77,94,-17,17
3760,142,125,17,17
3761,142,139,3,3
3762,122,128,-6,6
3763,67,65,2,2
3764,132,121,11,11
3765,134,155,-21,21
3766,96,96,0,0
3767,70,73,-3,3
3768,84,76,8,8
3769,108,104,4,4
3770,159,144,15,15
3771,114,116,-2,2
3772,71,74,-3,3
3773,88,95,-7,7
3774,95,85,10,10
3775,36,48,-12,12
3776,99,97,2,2
3777,54,77,-23,23
3778,148,146,2,2
3779,75,77,-2,2
3780,64,73,-9,9
3781,170,152,18,18
3782,176,172,4,4
3783,143,131,12,12
3784,108,102,6,6
3785,94,177,-83,83
3786,102,119,-17,17
3787,92,99,-7,7
3788,132,153,-21,21
3789,84,85,-1,1
3790,152,144,8,8
3791,94,82,12,12
3792,103,103,0,0
3793,122,129,-7,7
3794,79,82,-3,3
3795,81,74,7,7
3796,81,84,-3,3
3797,65,61,4,4
3798,90,84,6,6
3799,85,85,0,0
3800,74,77,-3,3
3801,110,102,8,8
3802,62,54,8,8
3803,132,130,2,2
3804,94,95,-1,1
3805,77,79,-2,2
3806,69,77,-8,8
3807,90,94,-4,4
3808,58,63,-5,5
3809,101,105,-4,4
3810,72,76,-4,4
3811,49,63,-14,14
3812,120,122,-2,2
3813,60,71,-11,11
3814,140,151,-11,11
3815,53,56,-3,3
3816,66,70,-4,4
3817,60,64,-4,4
3818,103,103,0,0
3819,92,91,1,1
3820,158,140,18,18
3821,71,91,-20,20
3822,73,78,-5,5
3823,66,74,-8,8
3824,149,152,-3,3
3825,146,141,5,5
3826,68,65,3,3
3827,108,106,2,2
3828,54,59,-5,5
3829,70,72,-2,2
3830,98,97,1,1
3831,112,115,-3,3
3832,64,64,0,0
3833,96,89,7,7
3834,124,134,-10,10
3835,73,82,-9,9
3836,75,78,-3,3
3837,97,95,2,2
3838,100,102,-2,2
3839,153,176,-23,23
3840,145,144,1,1
3841,98,89,9,9
3842,114,108,6,6
3843,111,99,12,12
3844,68,74,-6,6
3845,60,66,-6,6
3846,87,113,-26,26
3847,74,74,0,0
3848,54,63,-9,9
3849,77,74,3,3
3850,63,64,-1,1
3851,120,108,12,12
3852,107,99,8,8
3853,75,89,-14,14
3854,96,100,-4,4
3855,50,53,-3,3
3856,152,141,11,11
3857,133,126,7,7
3858,140,143,-3,3
3859,63,65,-2,2
3860,82,78,4,4
3861,101,118,-17,17
3862,78,77,1,1
3863,101,95,6,6
3864,74,70,4,4
3865,104,109,-5,5
3866,97,97,0,0
3867,55,68,-13,13
3868,166,145,21,21
3869,110,92,18,18
3870,76,101,-25,25
3871,81,79,2,2
3872,128,125,3,3
3873,108,103,5,5
3874,68,67,1,1
3875,86,87,-1,1
3876,79,84,-5,5
3877,65,67,-2,2
3878,148,141,7,7
3879,165,151,14,14
3880,96,104,-8,8
3881,61,63,-2,2
3882,86,79,7,7
3883,65,66,-1,1
3884,124,139,-15,15
3885,94,106,-12,12
3886,55,64,-9,9
3887,71,67,4,4
3888,132,133,-1,1
3889,55,63,-8,8
3890,97,120,-23,23
3891,96,104,-8,8
3892,101,91,10,10
3893,100,87,13,13
3894,78,80,-2,2
3895,132,142,-10,10
3896,73,72,1,1
3897,93,84,9,9
3898,51,57,-6,6
3899,136,124,12,12
3900,80,71,9,9
3901,159,169,-10,10
3902,151,135,16,16
3903,64,65,-1,1
3904,75,75,0,0
3905,151,129,22,22
3906,72,76,-4,4
3907,113,100,13,13
3908,88,97,-9,9
3909,93,97,-4,4
3910,62,67,-5,5
3911,59,65,-6,6
3912,104,108,-4,4
3913,133,124,9,9
3914,66,76,-10,10
3915,90,99,-9,9
3916,98,98,0,0
3917,181,151,30,30
3918,68,61,7,7
3919,81,78,3,3
3920,148,148,0,0
3921,92,84,8,8
3922,109,110,-1,1
3923,176,163,13,13
3924,236,225,11,11
3925,112,104,8,8
3926,74,79,-5,5
3927,82,79,3,3
3928,78,81,-3,3
3929,83,84,-1,1
3930,89,96,-7,7
3931,95,100,-5,5
3932,177,169,8,8
3933,53,64,-11,11
3934,94,106,-12,12
3935,104,112,-8,8
3936,63,81,-18,18
3937,94,87,7,7
3938,95,97,-2,2
3939,122,110,12,12
3940,135,130,5,5
3941,170,155,15,15
3942,104,118,-14,14
3943,153,132,21,21
3944,70,100,-30,30
3945,124,107,17,17
3946,81,80,1,1
3947,143,136,7,7
3948,86,93,-7,7
3949,87,87,0,0
3950,92,94,-2,2
3951,111,118,-7,7
3952,73,76,-3,3
3953,83,80,3,3
3954,117,118,-1,1
3955,92,98,-6,6
3956,70,77,-7,7
3957,107,104,3,3
3958,62,67,-5,5
3959,96,96,0,0
3960,93,91,2,2
3961,50,63,-13,13
3962,61,63,-2,2
3963,118,121,-3,3
3964,117,119,-2,2
3965,116,109,7,7
3966,183,177,6,6
3967,56,71,-15,15
3968,67,69,-2,2
3969,81,77,4,4
3970,117,116,1,1
3971,98,98,0,0
3972,63,65,-2,2
3973,62,58,4,4
3974,84,96,-12,12
3975,156,156,0,0
3976,105,95,10,10
3977,89,86,3,3
3978,132,138,-6,6
3979,106,119,-13,13
3980,111,114,-3,3
3981,150,140,10,10
3982,95,100,-5,5
3983,20,42,-22,22
3984,99,90,9,9
3985,103,103,0,0
3986,73,94,-21,21
3987,83,91,-8,8
3988,69,86,-17,17
3989,130,132,-2,2
3990,106,107,-1,1
3991,104,107,-3,3
3992,125,129,-4,4
3993,121,109,12,12
3994,190,167,23,23
3995,116,122,-6,6
3996,87,104,-17,17
3997,71,74,-3,3
3998,71,78,-7,7
3999,146,152,-6,6
4000,97,97,0,0
4001,98,97,1,1
4002,127,123,4,4
4003,74,78,-4,4
4004,47,44,3,3
4005,92,94,-2,2
4006,82,79,3,3
4007,118,101,17,17
4008,137,117,20,20
4009,101,97,4,4
4010,51,53,-2,2
4011,88,99,-11,11
4012,177,160,17,17
4013,82,80,2,2
4014,90,105,-15,15
4015,99,100,-1,1
4016,83,94,-11,11
4017,104,108,-4,4
4018,83,77,6,6
4019,57,57,0,0
4020,155,151,4,4
4021,107,102,5,5
4022,72,74,-2,2
4023,72,72,0,0
4024,102,97,5,5
4025,90,87,3,3
4026,111,99,12,12
4027,123,115,8,8
4028,46,47,-1,1
4029,81,74,7,7
4030,95,77,18,18
4031,125,124,1,1
4032,105,99,6,6
4033,74,78,-4,4
4034,166,155,11,11
4035,96,98,-2,2
4036,70,66,4,4
4037,56,56,0,0
4038,66,63,3,3
4039,85,90,-5,5
4040,46,54,-8,8
4041,47,49,-2,2
4042,68,71,-3,3
4043,130,138,-8,8
4044,141,143,-2,2
4045,95,84,11,11
4046,111,96,15,15
4047,50,56,-6,6
4048,111,119,-8,8
4049,100,103,-3,3
4050,72,66,6,6
4051,80,85,-5,5
4052,120,116,4,4
4053,180,163,17,17
4054,39,56,-17,17
4055,103,117,-14,14
4056,95,99,-4,4
4057,146,153,-7,7
4058,110,113,-3,3
4059,48,50,-2,2
4060,83,105,-22,22
4061,66,81,-15,15
4062,86,87,-1,1
4063,79,80,-1,1
4064,113,121,-8,8
4065,114,112,2,2
4066,86,82,4,4
4067,165,137,28,28
4068,69,79,-10,10
4069,124,125,-1,1
4070,103,117,-14,14
4071,76,59,17,17
4072,118,104,14,14
4073,157,153,4,4
4074,107,110,-3,3
4075,170,137,33,33
4076,58,67,-9,9
4077,59,62,-3,3
4078,124,122,2,2
4079,142,129,13,13
4080,105,121,-16,16
4081,116,109,7,7
4082,140,126,14,14
4083,92,88,4,4
4084,130,129,1,1
4085,113,112,1,1
4086,129,143,-14,14
4087,73,84,-11,11
4088,100,94,6,6
4089,87,103,-16,16
4090,75,72,3,3
4091,87,88,-1,1
4092,113,107,6,6
4093,64,61,3,3
4094,83,81,2,2
4095,75,75,0,0
4096,124,135,-11,11
4097,87,84,3,3
4098,63,65,-2,2
4099,78,76,2,2
4100,86,88,-2,2
4101,104,108,-4,4
4102,95,105,-10,10
4103,119,132,-13,13
4104,99,99,0,0
4105,54,56,-2,2
4106,73,70,3,3
4107,71,76,-5,5
4108,83,82,1,1
4109,182,155,27,27
4110,74,87,-13,13
4111,133,132,1,1
4112,80,76,4,4
4113,98,107,-9,9
4114,98,100,-2,2
4115,96,91,5,5
4116,84,73,11,11
4117,199,173,26,26
4118,153,150,3,3
4119,121,137,-16,16
4120,104,115,-11,11
4121,79,88,-9,9
4122,109,98,11,11
4123,74,79,-5,5
4124,48,61,-13,13
4125,127,127,0,0
4126,77,77,0,0
4127,57,67,-10,10
4128,88,87,1,1
4129,76,71,5,5
4130,120,120,0,0
4131,86,93,-7,7
4132,62,71,-9,9
4133,60,63,-3,3
4134,83,76,7,7
4135,90,82,8,8
4136,69,64,5,5
4137,65,67,-2,2
4138,97,100,-3,3
4139,107,101,6,6
4140,131,136,-5,5
4141,118,112,6,6
4142,107,140,-33,33
4143,72,76,-4,4
4144,153,161,-8,8
4145,83,81,2,2
4146,55,56,-1,1
4147,106,106,0,0
4148,97,109,-12,12
4149,176,169,7,7
4150,139,123,16,16
4151,84,95,-11,11
4152,112,107,5,5
4153,58,69,-11,11
4154,119,119,0,0
4155,75,75,0,0
4156,155,156,-1,1
4157,71,68,3,3
4158,150,140,10,10
4159,94,87,7,7
4160,54,64,-10,10
4161,70,73,-3,3
4162,125,120,5,5
4163,36,53,-17,17
4164,78,81,-3,3
4165,96,90,6,6
4166,100,93,7,7
4167,106,103,3,3
4168,129,117,12,12
4169,39,53,-14,14
4170,44,51,-7,7
4171,97,77,20,20
4172,80,83,-3,3
4173,52,54,-2,2
4174,102,99,3,3
4175,101,95,6,6
4176,90,102,-12,12
4177,151,159,-8,8
4178,82,80,2,2
4179,117,118,-1,1
4180,63,80,-17,17
4181,135,131,4,4
4182,71,68,3,3
4183,96,105,-9,9
4184,123,128,-5,5
4185,75,72,3,3
4186,60,66,-6,6
4187,103,97,6,6
4188,59,61,-2,2
4189,116,134,-18,18
4190,92,88,4,4
4191,76,59,17,17
4192,53,59,-6,6
4193,107,118,-11,11
4194,70,75,-5,5
4195,101,97,4,4
4196,88,86,2,2
4197,84,73,11,11
4198,26,59,-33,33
4199,107,111,-4,4
4200,121,121,0,0
4201,66,72,-6,6
4202,75,83,-8,8
4203,140,163,-23,23
4204,87,88,-1,1
4205,57,58,-1,1
4206,100,105,-5,5
4207,183,164,19,19
4208,131,143,-12,12
4209,98,112,-14,14
4210,70,76,-6,6
4211,80,79,1,1
4212,112,120,-8,8
4213,164,173,-9,9
4214,112,103,9,9
4215,49,53,-4,4
4216,69,78,-9,9
4217,64,69,-5,5
4218,78,89,-11,11
4219,116,117,-1,1
4220,113,103,10,10
4221,123,132,-9,9
4222,101,106,-5,5
4223,100,115,-15,15
4224,84,81,3,3
4225,114,120,-6,6
4226,109,111,-2,2
4227,52,58,-6,6
4228,115,110,5,5
4229,106,112,-6,6
4230,93,91,2,2
4231,69,76,-7,7
4232,149,138,11,11
4233,87,90,-3,3
4234,103,107,-4,4
4235,106,114,-8,8
4236,76,98,-22,22
4237,124,131,-7,7
4238,115,116,-1,1
4239,82,86,-4,4
4240,152,156,-4,4
4241,138,137,1,1
4242,196,177,19,19
4243,133,114,19,19
4244,146,134,12,12
4245,105,110,-5,5
4246,92,102,-10,10
4247,71,62,9,9
4248,97,102,-5,5
4249,70,75,-5,5
4250,107,114,-7,7
4251,80,85,-5,5
4252,63,71,-8,8
4253,75,67,8,8
4254,75,78,-3,3
4255,75,76,-1,1
4256,104,94,10,10
4257,152,141,11,11
4258,71,72,-1,1
4259,107,110,-3,3
4260,161,160,1,1
4261,71,80,-9,9
4262,91,86,5,5
4263,98,87,11,11
4264,108,95,13,13
4265,78,76,2,2
4266,116,126,-10,10
4267,108,102,6,6
4268,81,86,-5,5
4269,65,71,-6,6
4270,111,110,1,1
4271,70,75,-5,5
4272,55,58,-3,3
4273,102,101,1,1
4274,102,106,-4,4
4275,56,60,-4,4
4276,100,82,18,18
4277,47,52,-5,5
4278,145,119,26,26
4279,108,103,5,5
4280,143,135,8,8
4281,123,107,16,16
4282,172,168,4,4
4283,60,68,-8,8
4284,105,91,14,14
4285,46,45,1,1
4286,80,70,10,10
4287,114,129,-15,15
4288,189,168,21,21
4289,82,77,5,5
4290,126,127,-1,1
4291,157,141,16,16
4292,147,171,-24,24
4293,27,59,-32,32
4294,79,78,1,1
4295,75,73,2,2
4296,65,67,-2,2
4297,68,70,-2,2
4298,126,107,19,19
4299,133,136,-3,3
4300,101,92,9,9
4301,80,77,3,3
4302,103,98,5,5
4303,95,91,4,4
4304,103,76,27,27
4305,113,113,0,0
4306,42,47,-5,5
4307,85,84,1,1
4308,82,84,-2,2
4309,104,105,-1,1
4310,85,81,4,4
4311,107,91,16,16
4312,78,71,7,7
4313,66,64,2,2
4314,108,111,-3,3
4315,90,98,-8,8
4316,88,85,3,3
4317,59,60,-1,1
4318,79,77,2,2
4319,69,72,-3,3
4320,135,139,-4,4
4321,96,116,-20,20
4322,148,150,-2,2
4323,31,48,-17,17
4324,65,87,-22,22
4325,86,88,-2,2
4326,47,46,1,1
4327,83,75,8,8
4328,170,180,-10,10
4329,63,61,2,2
4330,110,110,0,0
4331,182,159,23,23
4332,141,153,-12,12
4333,94,98,-4,4
4334,81,81,0,0
4335,87,94,-7,7
4336,131,128,3,3
4337,117,101,16,16
4338,64,63,1,1
4339,150,175,-25,25
4340,93,104,-11,11
4341,88,91,-3,3
4342,90,100,-10,10
4343,86,82,4,4
4344,96,111,-15,15
4345,173,161,12,12
4346,104,96,8,8
4347,44,57,-13,13
4348,81,73,8,8
4349,71,63,8,8
4350,77,79,-2,2
4351,82,73,9,9
4352,196,169,27,27
4353,126,120,6,6
4354,100,98,2,2
4355,159,156,3,3
4356,61,71,-10,10
4357,54,59,-5,5
4358,73,70,3,3
4359,73,78,-5,5
4360,88,76,12,12
4361,136,137,-1,1
4362,94,94,0,0
4363,164,183,-19,19
4364,100,96,4,4
4365,126,121,5,5
4366,50,55,-5,5
4367,79,85,-6,6
4368,94,121,-27,27
4369,110,115,-5,5
4370,144,134,10,10
4371,62,68,-6,6
4372,92,96,-4,4
4373,59,58,1,1
4374,279,212,67,67
4375,149,149,0,0
4376,61,69,-8,8
4377,72,88,-16,16
4378,64,70,-6,6
4379,142,145,-3,3
4380,56,59,-3,3
4381,140,151,-11,11
4382,221,213,8,8
4383,111,110,1,1
4384,93,94,-1,1
4385,110,114,-4,4
4386,83,71,12,12
4387,65,77,-12,12
4388,154,160,-6,6
4389,92,86,6,6
4390,144,136,8,8
4391,102,113,-11,11
4392,131,120,11,11
4393,98,91,7,7
4394,104,101,3,3
4395,95,98,-3,3
4396,108,101,7,7
4397,89,88,1,1
4398,139,139,0,0
4399,116,116,0,0
4400,58,64,-6,6
4401,140,146,-6,6
4402,89,81,8,8
4403,103,100,3,3
4404,67,80,-13,13
4405,62,68,-6,6
4406,162,161,1,1
4407,77,81,-4,4
4408,99,96,3,3
4409,92,83,9,9
4410,105,109,-4,4
4411,99,99,0,0
4412,82,87,-5,5
4413,139,132,7,7
4414,99,98,1,1
4415,82,82,0,0
4416,95,94,1,1
4417,101,97,4,4
4418,85,91,-6,6
4419,102,106,-4,4
4420,133,129,4,4
4421,76,82,-6,6
4422,126,129,-3,3
4423,101,106,-5,5
4424,119,110,9,9
4425,152,160,-8,8
4426,136,124,12,12
4427,87,81,6,6
4428,116,80,36,36
4429,60,68,-8,8
4430,96,93,3,3
4431,76,79,-3,3
4432,128,112,16,16
4433,85,81,4,4
4434,84,89,-5,5
4435,153,142,11,11
4436,72,65,7,7
4437,73,64,9,9
4438,108,92,16,16
4439,73,73,0,0
4440,94,96,-2,2
4441,86,85,1,1
4442,89,86,3,3
4443,56,61,-5,5
4444,195,184,11,11
4445,70,72,-2,2
4446,64,64,0,0
4447,96,91,5,5
4448,103,116,-13,13
4449,131,133,-2,2
4450,93,86,7,7
4451,122,120,2,2
4452,54,58,-4,4
4453,67,78,-11,11
4454,66,59,7,7
4455,110,112,-2,2
4456,108,98,10,10
4457,119,118,1,1
4458,80,72,8,8
4459,60,65,-5,5
4460,88,85,3,3
4461,123,108,15,15
4462,59,60,-1,1
4463,103,93,10,10
4464,93,94,-1,1
4465,90,96,-6,6
4466,157,157,0,0
4467,94,85,9,9
4468,79,55,24,24
4469,131,124,7,7
4470,50,50,0,0
4471,111,119,-8,8
4472,106,112,-6,6
4473,104,93,11,11
4474,94,97,-3,3
4475,71,70,1,1
4476,168,143,25,25
4477,102,113,-11,11
4478,58,66,-8,8
4479,49,51,-2,2
4480,96,96,0,0
4481,74,89,-15,15
4482,135,132,3,3
4483,171,174,-3,3
4484,70,75,-5,5
4485,118,132,-14,14
4486,90,82,8,8
4487,101,133,-32,32
4488,97,96,1,1
4489,107,96,11,11
4490,87,83,4,4
4491,43,52,-9,9
4492,79,79,0,0
4493,106,99,7,7
4494,39,43,-4,4
4495,178,169,9,9
4496,74,80,-6,6
4497,36,45,-9,9
4498,68,67,1,1
4499,114,87,27,27
4500,80,76,4,4
4501,109,121,-12,12
4502,128,129,-1,1
4503,87,103,-16,16
4504,110,133,-23,23
4505,100,100,0,0
4506,128,119,9,9
4507,136,136,0,0
4508,129,129,0,0
4509,122,116,6,6
4510,102,93,9,9
4511,109,119,-10,10
4512,58,66,-8,8
4513,122,111,11,11
4514,90,85,5,5
4515,57,58,-1,1
4516,107,107,0,0
4517,168,172,-4,4
4518,98,106,-8,8
4519,120,117,3,3
4520,74,71,3,3
4521,88,87,1,1
4522,96,86,10,10
4523,64,104,-40,40
4524,55,57,-2,2
4525,94,96,-2,2
4526,148,143,5,5
4527,92,102,-10,10
4528,95,113,-18,18
4529,110,106,4,4
4530,83,70,13,13
4531,139,132,7,7
4532,108,103,5,5
4533,78,77,1,1
4534,78,83,-5,5
4535,98,97,1,1
4536,104,105,-1,1
4537,68,65,3,3
4538,103,107,-4,4
4539,66,80,-14,14
4540,100,94,6,6
4541,123,133,-10,10
4542,74,52,22,22
4543,136,124,12,12
4544,47,55,-8,8
4545,92,90,2,2
4546,122,107,15,15
4547,125,137,-12,12
4548,122,108,14,14
4549,61,58,3,3
4550,82,104,-22,22
4551,112,119,-7,7
4552,48,41,7,7
4553,146,139,7,7
4554,67,62,5,5
4555,115,114,1,1
4556,165,171,-6,6
4557,87,94,-7,7
4558,40,45,-5,5
4559,55,50,5,5
4560,127,120,7,7
4561,70,67,3,3
4562,99,108,-9,9
4563,45,52,-7,7
4564,95,92,3,3
4565,80,84,-4,4
4566,47,57,-10,10
4567,99,111,-12,12
4568,118,120,-2,2
4569,104,112,-8,8
4570,75,80,-5,5
4571,90,90,0,0
4572,82,85,-3,3
4573,163,145,18,18
4574,93,94,-1,1
4575,166,168,-2,2
4576,69,74,-5,5
4577,122,126,-4,4
4578,148,124,24,24
4579,56,62,-6,6
4580,66,67,-1,1
4581,83,90,-7,7
4582,63,61,2,2
4583,108,106,2,2
4584,123,108,15,15
4585,161,166,-5,5
4586,83,103,-20,20
4587,49,58,-9,9
4588,78,83,-5,5
4589,101,106,-5,5
4590,38,26,12,12
4591,98,102,-4,4
4592,174,159,15,15
4593,75,84,-9,9
4594,56,64,-8,8
4595,138,135,3,3
4596,38,43,-5,5
4597,51,54,-3,3
4598,69,66,3,3
4599,98,103,-5,5
4600,87,90,-3,3
4601,88,86,2,2
4602,156,163,-7,7
4603,140,146,-6,6
4604,92,101,-9,9
4605,49,54,-5,5
4606,82,87,-5,5
4607,217,202,15,15
4608,99,104,-5,5
4609,110,101,9,9
4610,79,81,-2,2
4611,69,62,7,7
4612,87,77,10,10
4613,84,80,4,4
4614,77,74,3,3
4615,78,76,2,2
4616,100,103,-3,3
4617,112,118,-6,6
4618,130,129,1,1
4619,137,118,19,19
4620,125,113,12,12
4621,86,92,-6,6
4622,152,139,13,13
4623,96,105,-9,9
4624,111,114,-3,3
4625,99,104,-5,5
4626,56,62,-6,6
4627,211,176,35,35
4628,109,124,-15,15
4629,137,119,18,18
4630,74,84,-10,10
4631,120,122,-2,2
4632,81,82,-1,1
4633,71,81,-10,10
4634,88,78,10,10
4635,111,112,-1,1
4636,197,185,12,12
4637,85,82,3,3
4638,112,110,2,2
4639,44,57,-13,13
4640,86,90,-4,4
4641,72,85,-13,13
4642,59,65,-6,6
4643,82,93,-11,11
4644,69,66,3,3
4645,91,83,8,8
4646,142,141,1,1
4647,84,66,18,18
4648,81,80,1,1
4649,101,105,-4,4
4650,190,184,6,6
4651,107,88,19,19
4652,119,116,3,3
4653,77,80,-3,3
4654,152,148,4,4
4655,64,55,9,9
4656,77,80,-3,3
4657,51,62,-11,11
4658,77,77,0,0
4659,84,80,4,4
4660,60,64,-4,4
4661,107,108,-1,1
4662,87,98,-11,11
4663,116,123,-7,7
4664,160,145,15,15
4665,116,119,-3,3
4666,84,86,-2,2
4667,113,116,-3,3
4668,105,109,-4,4
4669,55,55,0,0
4670,91,96,-5,5
4671,113,108,5,5
4672,62,60,2,2
4673,75,76,-1,1
4674,45,47,-2,2
4675,177,185,-8,8
4676,131,147,-16,16
4677,112,110,2,2
4678,127,116,11,11
4679,146,129,17,17
4680,138,147,-9,9
4681,93,94,-1,1
4682,65,69,-4,4
4683,168,175,-7,7
4684,112,118,-6,6
4685,149,145,4,4
4686,140,144,-4,4
4687,94,100,-6,6
4688,141,139,2,2
4689,75,83,-8,8
4690,134,132,2,2
4691,95,90,5,5
4692,119,111,8,8
4693,95,100,-5,5
4694,65,72,-7,7
4695,95,99,-4,4
4696,97,97,0,0
4697,132,135,-3,3
4698,87,89,-2,2
4699,124,124,0,0
4700,115,116,-1,1
4701,45,52,-7,7
4702,110,99,11,11
4703,57,59,-2,2
4704,126,106,20,20
4705,50,57,-7,7
4706,132,137,-5,5
4707,71,65,6,6
4708,88,80,8,8
4709,91,96,-5,5
4710,79,79,0,0
4711,47,48,-1,1
4712,103,104,-1,1
4713,38,46,-8,8
4714,68,60,8,8
4715,130,121,9,9
4716,157,154,3,3
4717,99,91,8,8
4718,62,59,3,3
4719,79,81,-2,2
4720,74,80,-6,6
4721,154,137,17,17
4722,36,62,-26,26
4723,81,79,2,2
4724,69,64,5,5
4725,39,43,-4,4
4726,106,102,4,4
4727,141,141,0,0
4728,71,77,-6,6
4729,108,114,-6,6
4730,142,142,0,0
4731,43,55,-12,12
4732,109,117,-8,8
4733,72,74,-2,2
4734,110,104,6,6
4735,84,93,-9,9
4736,88,84,4,4
4737,156,134,22,22
4738,106,103,3,3
4739,160,151,9,9
4740,105,97,8,8
4741,231,211,20,20
4742,111,108,3,3
4743,53,59,-6,6
4744,124,137,-13,13
4745,105,110,-5,5
4746,144,148,-4,4
4747,83,100,-17,17
4748,81,82,-1,1
4749,96,89,7,7
4750,143,140,3,3
4751,118,110,8,8
4752,77,82,-5,5
4753,116,128,-12,12
4754,116,82,34,34
4755,76,75,1,1
4756,73,80,-7,7
4757,92,97,-5,5
4758,89,86,3,3
4759,58,61,-3,3
4760,70,71,-1,1
4761,134,127,7,7
4762,73,86,-13,13
4763,139,130,9,9
4764,59,67,-8,8
4765,59,64,-5,5
4766,72,86,-14,14
4767,81,93,-12,12
4768,96,93,3,3
4769,190,148,42,42
4770,131,133,-2,2
4771,188,193,-5,5
4772,141,147,-6,6
4773,103,104,-1,1
4774,65,78,-13,13
4775,86,89,-3,3
4776,64,61,3,3
4777,115,127,-12,12
4778,58,71,-13,13
4779,150,151,-1,1
4780,70,76,-6,6
4781,91,79,12,12
4782,104,106,-2,2
4783,78,74,4,4
4784,57,63,-6,6
4785,117,112,5,5
4786,82,84,-2,2
4787,50,59,-9,9
4788,76,79,-3,3
4789,64,65,-1,1
4790,140,130,10,10
4791,88,95,-7,7
4792,41,45,-4,4
4793,56,74,-18,18
4794,161,160,1,1
4795,107,82,25,25
4796,94,92,2,2
4797,71,62,9,9
4798,163,150,13,13
4799,99,88,11,11
4800,30,40,-10,10
4801,99,91,8,8
4802,161,145,16,16
4803,82,70,12,12
4804,92,90,2,2
4805,152,146,6,6
4806,131,108,23,23
4807,99,97,2,2
4808,50,59,-9,9
4809,80,86,-6,6
4810,99,89,10,10
4811,69,71,-2,2
4812,67,76,-9,9
4813,143,128,15,15
4814,68,70,-2,2
4815,65,65,0,0
4816,94,99,-5,5
4817,55,57,-2,2
4818,94,82,12,12
4819,45,49,-4,4
4820,140,138,2,2
4821,65,60,5,5
4822,62,68,-6,6
4823,94,96,-2,2
4824,129,129,0,0
4825,123,129,-6,6
4826,80,86,-6,6
4827,86,72,14,14
4828,112,114,-2,2
4829,89,82,7,7
4830,72,66,6,6
4831,65,69,-4,4
4832,90,92,-2,2
4833,71,84,-13,13
4834,107,117,-10,10
4835,140,144,-4,4
4836,57,61,-4,4
4837,104,104,0,0
4838,56,57,-1,1
4839,103,65,38,38
4840,104,109,-5,5
4841,78,84,-6,6
4842,126,126,0,0
4843,101,90,11,11
4844,85,98,-13,13
4845,72,62,10,10
4846,57,66,-9,9
4847,51,66,-15,15
4848,102,107,-5,5
4849,85,84,1,1
4850,71,70,1,1
4851,87,80,7,7
4852,74,74,0,0
4853,104,99,5,5
4854,102,99,3,3
4855,181,147,34,34
4856,130,121,9,9
4857,75,86,-11,11
4858,102,98,4,4
4859,56,59,-3,3
4860,72,82,-10,10
4861,90,96,-6,6
4862,66,72,-6,6
4863,82,82,0,0
4864,139,170,-31,31
4865,97,82,15,15
4866,83,88,-5,5
4867,71,79,-8,8
4868,81,82,-1,1
4869,80,72,8,8
4870,152,146,6,6
4871,54,61,-7,7
4872,51,58,-7,7
4873,142,131,11,11
4874,134,141,-7,7
4875,253,216,37,37
4876,85,109,-24,24
4877,274,240,34,34
4878,180,165,15,15
4879,85,96,-11,11
4880,68,73,-5,5
4881,126,127,-1,1
4882,147,151,-4,4
4883,67,73,-6,6
4884,58,64,-6,6
4885,146,136,10,10
4886,170,153,17,17
4887,80,89,-9,9
4888,117,120,-3,3
4889,72,78,-6,6
4890,52,63,-11,11
4891,92,96,-4,4
4892,88,82,6,6
4893,106,106,0,0
4894,93,93,0,0
4895,151,138,13,13
4896,90,84,6,6
4897,71,76,-5,5
4898,63,58,5,5
4899,171,147,24,24
4900,83,78,5,5
4901,125,117,8,8
4902,123,115,8,8
4903,119,114,5,5
4904,100,88,12,12
4905,97,114,-17,17
4906,82,72,10,10
4907,104,108,-4,4
4908,84,80,4,4
4909,133,145,-12,12
4910,66,67,-1,1
4911,328,249,79,79
4912,66,68,-2,2
4913,129,120,9,9
4914,60,70,-10,10
4915,107,128,-21,21
4916,88,85,3,3
4917,92,93,-1,1
4918,97,85,12,12
4919,95,99,-4,4
4920,176,154,22,22
4921,93,95,-2,2
4922,124,126,-2,2
4923,80,74,6,6
4924,117,125,-8,8
4925,92,87,5,5
4926,137,119,18,18
4927,160,167,-7,7
4928,114,119,-5,5
4929,78,75,3,3
4930,73,80,-7,7
4931,62,62,0,0
4932,85,94,-9,9
4933,52,54,-2,2
4934,53,70,-17,17
4935,98,84,14,14
4936,92,89,3,3
4937,100,97,3,3
4938,114,136,-22,22
4939,139,130,9,9
4940,76,76,0,0
4941,119,114,5,5
4942,41,40,1,1
4943,53,67,-14,14
4944,268,268,0,0
4945,66,69,-3,3
4946,130,117,13,13
4947,115,105,10,10
4948,157,163,-6,6
4949,50,65,-15,15
4950,75,68,7,7
4951,79,71,8,8
4952,85,84,1,1
4953,42,69,-27,27
4954,85,77,8,8
4955,95,101,-6,6
4956,72,74,-2,2
4957,90,106,-16,16
4958,81,84,-3,3
4959,109,113,-4,4
4960,146,160,-14,14
4961,131,128,3,3
4962,138,121,17,17
4963,32,47,-15,15
4964,86,85,1,1
4965,76,87,-11,11
4966,73,96,-23,23
4967,132,133,-1,1
4968,136,134,2,2
4969,36,46,-10,10
4970,40,51,-11,11
4971,62,65,-3,3
4972,99,108,-9,9
4973,63,74,-11,11
4974,90,80,10,10
4975,63,81,-18,18
4976,63,68,-5,5
4977,73,89,-16,16
4978,73,77,-4,4
4979,120,180,-60,60
4980,161,145,16,16
4981,74,69,5,5
4982,74,73,1,1
4983,49,57,-8,8
4984,157,136,21,21
4985,123,115,8,8
4986,91,90,1,1
4987,115,107,8,8
4988,85,85,0,0
4989,66,62,4,4
4990,102,97,5,5
4991,98,100,-2,2
4992,100,94,6,6
4993,105,128,-23,23
4994,84,88,-4,4
4995,95,82,13,13
4996,108,97,11,11
4997,62,60,2,2
4998,116,112,4,4
4999,79,78,1,1
5000,73,66,7,7
5001,50,64,-14,14
5002,97,91,6,6
5003,145,124,21,21
5004,152,138,14,14
5005,134,127,7,7
5006,110,102,8,8
5007,114,104,10,10
5008,72,66,6,6
5009,113,113,0,0
5010,58,56,2,2
5011,50,53,-3,3
5012,29,35,-6,6
5013,71,72,-1,1
5014,90,95,-5,5
5015,140,132,8,8
5016,123,106,17,17
5017,131,111,20,20
5018,50,56,-6,6
5019,82,80,2,2
5020,77,90,-13,13
5021,98,88,10,10
5022,83,75,8,8
5023,88,84,4,4
5024,122,131,-9,9
5025,87,77,10,10
5026,107,115,-8,8
5027,75,84,-9,9
5028,89,95,-6,6
5029,124,135,-11,11
5030,105,92,13,13
5031,62,62,0,0
5032,125,122,3,3
5033,94,114,-20,20
5034,91,82,9,9
5035,74,81,-7,7
5036,82,98,-16,16
5037,60,60,0,0
5038,69,70,-1,1
5039,132,125,7,7
5040,76,75,1,1
5041,169,167,2,2
5042,101,90,11,11
5043,167,166,1,1
5044,79,77,2,2
5045,78,94,-16,16
5046,61,60,1,1
5047,137,123,14,14
5048,116,108,8,8
5049,77,85,-8,8
5050,76,95,-19,19
5051,157,163,-6,6
5052,90,103,-13,13
5053,79,74,5,5
5054,131,116,15,15
5055,118,138,-20,20
5056,110,102,8,8
5057,151,136,15,15
5058,159,167,-8,8
5059,95,96,-1,1
5060,78,78,0,0
5061,107,115,-8,8
5062,131,126,5,5
5063,87,89,-2,2
5064,42,50,-8,8
5065,66,77,-11,11
5066,101,105,-4,4
5067,140,131,9,9
5068,66,64,2,2
5069,43,51,-8,8
5070,100,103,-3,3
5071,120,124,-4,4
5072,76,66,10,10
5073,121,151,-30,30
5074,78,74,4,4
5075,121,118,3,3
5076,51,57,-6,6
5077,101,113,-12,12
5078,136,130,6,6
5079,107,116,-9,9
5080,106,109,-3,3
5081,116,107,9,9
5082,89,86,3,3
5083,65,71,-6,6
5084,154,132,22,22
5085,130,127,3,3
5086,98,88,10,10
5087,75,84,-9,9
5088,81,80,1,1
5089,82,91,-9,9
5090,86,94,-8,8
5091,93,100,-7,7
5092,73,80,-7,7
5093,76,77,-1,1
5094,166,147,19,19
5095,98,104,-6,6
5096,120,93,27,27
5097,67,72,-5,5
5098,81,81,0,0
5099,170,162,8,8
5100,40,50,-10,10
5101,101,101,0,0
5102,80,80,0,0
5103,121,107,14,14
5104,58,56,2,2
5105,115,114,1,1
5106,63,57,6,6
5107,87,88,-1,1
5108,148,154,-6,6
5109,102,106,-4,4
5110,79,83,-4,4
5111,118,103,15,15
5112,92,92,0,0
5113,110,110,0,0
5114,131,132,-1,1
5115,139,145,-6,6
5116,68,71,-3,3
5117,122,125,-3,3
5118,140,139,1,1
5119,124,119,5,5
5120,103,101,2,2
5121,59,76,-17,17
5122,80,84,-4,4
5123,131,129,2,2
5124,104,103,1,1
5125,155,152,3,3
5126,89,94,-5,5
5127,68,84,-16,16
5128,79,77,2,2
5129,110,110,0,0
5130,54,56,-2,2
5131,121,135,-14,14
5132,101,102,-1,1
5133,109,121,-12,12
5134,100,106,-6,6
5135,132,129,3,3
5136,71,70,1,1
5137,89,85,4,4
5138,92,86,6,6
5139,91,93,-2,2
5140,117,113,4,4
5141,100,97,3,3
5142,118,104,14,14
5143,160,125,35,35
5144,121,114,7,7
5145,88,103,-15,15
5146,152,151,1,1
5147,56,57,-1,1
5148,51,53,-2,2
5149,110,96,14,14
5150,79,86,-7,7
5151,68,84,-16,16
5152,52,59,-7,7
5153,129,133,-4,4
5154,81,79,2,2
5155,39,46,-7,7
5156,55,123,-68,68
5157,53,59,-6,6
5158,92,100,-8,8
5159,72,78,-6,6
5160,103,106,-3,3
5161,141,130,11,11
5162,82,91,-9,9
5163,69,72,-3,3
5164,168,164,4,4
5165,65,71,-6,6
5166,76,88,-12,12
5167,104,105,-1,1
5168,89,91,-2,2
5169,101,104,-3,3
5170,53,60,-7,7
5171,105,108,-3,3
5172,90,74,16,16
5173,116,110,6,6
5174,137,133,4,4
5175,126,109,17,17
5176,43,47,-4,4
5177,65,68,-3,3
5178,76,71,5,5
5179,104,95,9,9
5180,88,75,13,13
5181,75,68,7,7
5182,82,91,-9,9
5183,40,47,-7,7
5184,77,81,-4,4
5185,66,70,-4,4
5186,154,149,5,5
5187,86,77,9,9
5188,112,119,-7,7
5189,93,101,-8,8
5190,130,144,-14,14
5191,177,166,11,11
5192,148,136,12,12
5193,80,83,-3,3
5194,58,58,0,0
5195,115,111,4,4
5196,118,116,2,2
5197,66,67,-1,1
5198,161,153,8,8
5199,80,81,-1,1
5200,105,102,3,3
5201,56,56,0,0
5202,66,70,-4,4
5203,93,91,2,2
5204,105,105,0,0
5205,96,101,-5,5
5206,62,65,-3,3
5207,68,67,1,1
5208,83,80,3,3
5209,110,119,-9,9
5210,109,115,-6,6
5211,147,138,9,9
5212,68,63,5,5
5213,121,117,4,4
5214,128,140,-12,12
5215,136,151,-15,15
5216,110,96,14,14
5217,84,67,17,17
5218,93,87,6,6
5219,68,72,-4,4
5220,88,86,2,2
5221,89,99,-10,10
5222,134,132,2,2
5223,128,139,-11,11
5224,79,79,0,0
5225,66,84,-18,18
5226,58,58,0,0
5227,58,74,-16,16
5228,69,71,-2,2
5229,56,70,-14,14
5230,85,91,-6,6
5231,73,77,-4,4
5232,97,94,3,3
5233,100,89,11,11
5234,82,65,17,17
5235,65,67,-2,2
5236,90,97,-7,7
5237,66,79,-13,13
5238,58,59,-1,1
5239,62,109,-47,47
5240,50,55,-5,5
5241,84,78,6,6
5242,82,82,0,0
5243,147,154,-7,7
5244,91,92,-1,1
5245,95,100,-5,5
5246,121,112,9,9
5247,56,66,-10,10
5248,54,56,-2,2
5249,103,97,6,6
5250,86,71,15,15
5251,85,83,2,2
5252,97,80,17,17
5253,92,85,7,7
5254,59,59,0,0
5255,115,117,-2,2
5256,116,111,5,5
5257,101,101,0,0
5258,120,101,19,19
5259,164,152,12,12
5260,55,56,-1,1
5261,91,89,2,2
5262,75,79,-4,4
5263,121,128,-7,7
5264,57,61,-4,4
5265,38,57,-19,19
5266,92,82,10,10
5267,67,69,-2,2
5268,120,126,-6,6
5269,83,82,1,1
5270,138,141,-3,3
5271,169,154,15,15
5272,59,66,-7,7
5273,47,57,-10,10
5274,46,55,-9,9
5275,123,139,-16,16
5276,142,139,3,3
5277,80,87,-7,7
5278,31,54,-23,23
5279,128,118,10,10
5280,112,103,9,9
5281,98,94,4,4
5282,55,52,3,3
5283,110,104,6,6
5284,91,98,-7,7
5285,112,96,16,16
5286,115,115,0,0
5287,73,73,0,0
5288,106,109,-3,3
5289,93,91,2,2
5290,166,169,-3,3
5291,128,134,-6,6
5292,112,100,12,12
5293,89,86,3,3
5294,74,83,-9,9
5295,106,118,-12,12
5296,72,73,-1,1
5297,78,76,2,2
5298,92,101,-9,9
5299,140,129,11,11
5300,103,95,8,8
5301,102,123,-21,21
5302,63,72,-9,9
5303,169,158,11,11
5304,78,80,-2,2
5305,132,129,3,3
5306,50,49,1,1
5307,127,103,24,24
5308,138,115,23,23
5309,61,63,-2,2
5310,87,90,-3,3
5311,109,115,-6,6
5312,77,80,-3,3
5313,92,104,-12,12
5314,84,83,1,1
5315,140,125,15,15
5316,79,92,-13,13
5317,87,77,10,10
5318,76,79,-3,3
5319,54,69,-15,15
5320,77,97,-20,20
5321,28,60,-32,32
5322,85,80,5,5
5323,41,40,1,1
5324,78,89,-11,11
5325,117,111,6,6
5326,99,110,-11,11
5327,130,127,3,3
5328,58,61,-3,3
5329,76,71,5,5
5330,72,77,-5,5
5331,72,79,-7,7
5332,130,117,13,13
5333,85,93,-8,8
5334,74,78,-4,4
5335,117,114,3,3
5336,105,108,-3,3
5337,114,112,2,2
5338,94,64,30,30
5339,127,109,18,18
5340,100,99,1,1
5341,100,108,-8,8
5342,114,112,2,2
5343,137,155,-18,18
5344,141,123,18,18
5345,186,168,18,18
5346,49,58,-9,9
5347,71,70,1,1
5348,144,143,1,1
5349,108,90,18,18
5350,102,94,8,8
5351,129,131,-2,2
5352,123,122,1,1
5353,48,54,-6,6
5354,70,64,6,6
5355,81,86,-5,5
5356,72,79,-7,7
5357,76,79,-3,3
5358,114,128,-14,14
5359,130,128,2,2
5360,113,118,-5,5
5361,57,62,-5,5
5362,77,79,-2,2
5363,117,113,4,4
5364,79,78,1,1
5365,87,89,-2,2
5366,99,83,16,16
5367,211,189,22,22
5368,92,80,12,12
5369,119,103,16,16
5370,54,58,-4,4
5371,111,119,-8,8
5372,67,68,-1,1
5373,185,195,-10,10
5374,68,71,-3,3
5375,190,152,38,38
5376,124,111,13,13
5377,80,91,-11,11
5378,78,82,-4,4
5379,92,104,-12,12
5380,70,68,2,2
5381,51,66,-15,15
5382,89,96,-7,7
5383,82,88,-6,6
5384,83,82,1,1
5385,204,184,20,20
5386,114,104,10,10
5387,62,62,0,0
5388,100,86,14,14
5389,143,162,-19,19
5390,89,87,2,2
5391,123,134,-11,11
5392,150,151,-1,1
5393,135,120,15,15
5394,114,127,-13,13
5395,94,108,-14,14
5396,158,144,14,14
5397,58,74,-16,16
5398,94,68,26,26
5399,59,63,-4,4
5400,81,100,-19,19
5401,70,71,-1,1
5402,79,82,-3,3
5403,49,57,-8,8
5404,85,84,1,1
5405,85,83,2,2
5406,55,57,-2,2
5407,97,98,-1,1
5408,95,101,-6,6
5409,129,126,3,3
5410,53,57,-4,4
5411,109,113,-4,4
5412,92,98,-6,6
5413,122,103,19,19
5414,102,106,-4,4
5415,98,99,-1,1
5416,68,69,-1,1
5417,108,111,-3,3
5418,92,95,-3,3
5419,95,86,9,9
5420,65,65,0,0
5421,27,41,-14,14
5422,62,50,12,12
5423,109,104,5,5
5424,72,83,-11,11
5425,58,62,-4,4
5426,121,110,11,11
5427,101,101,0,0
5428,63,69,-6,6
5429,38,42,-4,4
5430,145,149,-4,4
5431,103,114,-11,11
5432,215,235,-20,20
5433,122,120,2,2
5434,90,92,-2,2
5435,67,71,-4,4
5436,98,104,-6,6
5437,106,119,-13,13
5438,119,119,0,0
5439,93,104,-11,11
5440,48,62,-14,14
5441,87,92,-5,5
5442,108,114,-6,6
5443,72,66,6,6
5444,124,130,-6,6
5445,114,118,-4,4
5446,43,41,2,2
5447,109,109,0,0
5448,99,104,-5,5
5449,116,112,4,4
5450,72,92,-20,20
5451,122,133,-11,11
5452,98,101,-3,3
5453,144,139,5,5
5454,78,80,-2,2
5455,70,65,5,5
5456,114,113,1,1
5457,137,128,9,9
5458,113,111,2,2
5459,115,113,2,2
5460,85,80,5,5
5461,63,69,-6,6
5462,114,117,-3,3
5463,88,93,-5,5
5464,125,120,5,5
5465,116,111,5,5
5466,150,122,28,28
5467,78,76,2,2
5468,75,71,4,4
5469,81,88,-7,7
5470,116,132,-16,16
5471,64,61,3,3
5472,93,91,2,2
5473,96,82,14,14
5474,147,153,-6,6
5475,77,67,10,10
5476,139,135,4,4
5477,64,67,-3,3
5478,82,79,3,3
5479,70,69,1,1
5480,142,148,-6,6
5481,99,99,0,0
5482,64,68,-4,4
5483,80,81,-1,1
5484,69,68,1,1
5485,64,60,4,4
5486,99,100,-1,1
5487,120,117,3,3
5488,80,79,1,1
5489,145,140,5,5
5490,161,142,19,19
5491,86,95,-9,9
5492,123,123,0,0
5493,91,80,11,11
5494,147,132,15,15
5495,92,85,7,7
5496,79,82,-3,3
5497,144,129,15,15
5498,72,70,2,2
5499,91,105,-14,14
5500,162,165,-3,3
5501,76,88,-12,12
5502,82,86,-4,4
5503,63,70,-7,7
5504,71,70,1,1
5505,74,70,4,4
5506,152,152,0,0
5507,102,108,-6,6
5508,70,61,9,9
5509,46,51,-5,5
5510,85,90,-5,5
5511,81,79,2,2
5512,85,88,-3,3
5513,108,104,4,4
5514,124,115,9,9
5515,81,87,-6,6
5516,97,137,-40,40
5517,137,146,-9,9
5518,125,122,3,3
5519,90,100,-10,10
5520,83,82,1,1
5521,89,90,-1,1
5522,124,122,2,2
5523,101,92,9,9
5524,103,108,-5,5
5525,61,66,-5,5
5526,85,77,8,8
5527,102,106,-4,4
5528,83,95,-12,12
5529,91,98,-7,7
5530,131,110,21,21
5531,150,124,26,26
5532,107,109,-2,2
5533,115,122,-7,7
5534,126,125,1,1
5535,129,132,-3,3
5536,95,90,5,5
5537,143,123,20,20
5538,115,112,3,3
5539,85,83,2,2
5540,164,161,3,3
5541,95,98,-3,3
5542,137,138,-1,1
5543,121,112,9,9
5544,83,82,1,1
5545,115,117,-2,2
5546,154,153,1,1
5547,115,106,9,9
5548,88,87,1,1
5549,116,127,-11,11
5550,119,113,6,6
5551,30,36,-6,6
5552,100,90,10,10
5553,132,137,-5,5
5554,186,172,14,14
5555,82,87,-5,5
5556,176,156,20,20
5557,107,106,1,1
5558,89,85,4,4
5559,94,92,2,2
5560,51,53,-2,2
5561,138,138,0,0
5562,78,82,-4,4
5563,59,56,3,3
5564,58,61,-3,3
5565,67,65,2,2
5566,79,80,-1,1
5567,54,56,-2,2
5568,62,69,-7,7
5569,83,83,0,0
5570,75,80,-5,5
5571,115,118,-3,3
5572,114,116,-2,2
5573,126,120,6,6
5574,88,98,-10,10
5575,69,68,1,1
5576,38,58,-20,20
5577,71,73,-2,2
5578,66,63,3,3
5579,62,59,3,3
5580,75,75,0,0
5581,59,62,-3,3
5582,97,104,-7,7
5583,81,95,-14,14
5584,69,81,-12,12
5585,81,77,4,4
5586,101,99,2,2
5587,97,91,6,6
5588,60,76,-16,16
5589,119,109,10,10
5590,113,135,-22,22
5591,130,122,8,8
5592,61,67,-6,6
5593,166,154,12,12
5594,51,57,-6,6
5595,140,132,8,8
5596,109,116,-7,7
5597,115,118,-3,3
5598,112,114,-2,2
5599,89,94,-5,5
5600,65,70,-5,5
5601,97,104,-7,7
5602,81,88,-7,7
5603,59,63,-4,4
5604,52,55,-3,3
5605,74,87,-13,13
5606,76,70,6,6
5607,111,69,42,42
5608,112,115,-3,3
5609,66,70,-4,4
5610,96,95,1,1
5611,61,64,-3,3
5612,162,162,0,0
5613,120,120,0,0
5614,68,78,-10,10
5615,61,70,-9,9
5616,110,114,-4,4
5617,114,123,-9,9
5618,41,49,-8,8
5619,63,62,1,1
5620,77,73,4,4
5621,92,84,8,8
5622,80,77,3,3
5623,40,51,-11,11
5624,56,58,-2,2
5625,72,75,-3,3
5626,123,119,4,4
5627,77,75,2,2
5628,107,102,5,5
5629,112,115,-3,3
5630,72,68,4,4
5631,99,97,2,2
5632,118,122,-4,4
5633,77,73,4,4
5634,139,133,6,6
5635,84,77,7,7
5636,62,69,-7,7
5637,100,105,-5,5
5638,80,80,0,0
5639,91,94,-3,3
5640,113,114,-1,1
5641,45,43,2,2
5642,71,67,4,4
5643,122,104,18,18
5644,53,57,-4,4
5645,78,94,-16,16
5646,65,59,6,6
5647,40,53,-13,13
5648,136,142,-6,6
5649,120,114,6,6
5650,104,116,-12,12
5651,85,82,3,3
5652,89,90,-1,1
5653,84,87,-3,3
5654,80,91,-11,11
5655,119,114,5,5
5656,105,103,2,2
5657,61,73,-12,12
5658,53,70,-17,17
5659,69,76,-7,7
5660,83,83,0,0
5661,122,105,17,17
5662,88,83,5,5
5663,88,83,5,5
5664,104,115,-11,11
5665,94,92,2,2
5666,133,133,0,0
5667,53,61,-8,8
5668,73,78,-5,5
5669,92,94,-2,2
5670,92,92,0,0
5671,91,100,-9,9
5672,82,87,-5,5
5673,87,91,-4,4
5674,135,133,2,2
5675,126,127,-1,1
5676,94,87,7,7
5677,55,55,0,0
5678,104,93,11,11
5679,127,127,0,0
5680,135,137,-2,2
5681,145,135,10,10
5682,99,97,2,2
5683,96,101,-5,5
5684,103,96,7,7
5685,32,45,-13,13
5686,74,67,7,7
5687,109,102,7,7
5688,59,60,-1,1
5689,101,103,-2,2
5690,69,71,-2,2
5691,71,82,-11,11
5692,101,98,3,3
5693,129,132,-3,3
5694,114,110,4,4
5695,73,68,5,5
5696,179,142,37,37
5697,81,79,2,2
5698,127,121,6,6
5699,129,131,-2,2
5700,57,59,-2,2
5701,50,55,-5,5
5702,80,69,11,11
5703,116,109,7,7
5704,93,91,2,2
5705,164,155,9,9
5706,43,48,-5,5
5707,96,113,-17,17
5708,88,81,7,7
5709,66,68,-2,2
5710,97,103,-6,6
5711,86,90,-4,4
5712,83,92,-9,9
5713,87,88,-1,1
5714,61,67,-6,6
5715,81,80,1,1
5716,164,154,10,10
5717,138,131,7,7
5718,115,120,-5,5
5719,86,90,-4,4
5720,118,138,-20,20
5721,67,67,0,0
5722,87,83,4,4
5723,74,82,-8,8
5724,51,42,9,9
5725,67,64,3,3
5726,84,90,-6,6
5727,94,104,-10,10
5728,69,70,-1,1
5729,115,126,-11,11
5730,48,51,-3,3
5731,77,80,-3,3
5732,81,81,0,0
5733,110,114,-4,4
5734,74,84,-10,10
5735,54,65,-11,11
5736,84,89,-5,5
5737,70,75,-5,5
5738,64,69,-5,5
5739,80,81,-1,1
5740,78,72,6,6
5741,83,91,-8,8
5742,81,84,-3,3
5743,34,49,-15,15
5744,149,161,-12,12
5745,50,55,-5,5
5746,57,59,-2,2
5747,75,72,3,3
5748,139,125,14,14
5749,48,52,-4,4
5750,61,68,-7,7
5751,96,96,0,0
5752,64,58,6,6
5753,90,69,21,21
5754,81,89,-8,8
5755,119,130,-11,11
5756,129,123,6,6
5757,111,125,-14,14
5758,79,82,-3,3
5759,107,102,5,5
5760,77,89,-12,12
5761,67,68,-1,1
5762,103,110,-7,7
5763,60,62,-2,2
5764,115,113,2,2
5765,62,61,1,1
5766,71,70,1,1
5767,67,80,-13,13
5768,46,48,-2,2
5769,52,51,1,1
5770,55,54,1,1
5771,95,82,13,13
5772,119,108,11,11
5773,156,173,-17,17
5774,89,83,6,6
5775,130,113,17,17
5776,149,159,-10,10
5777,53,68,-15,15
5778,103,103,0,0
5779,181,154,27,27
5780,88,95,-7,7
5781,91,95,-4,4
5782,79,82,-3,3
5783,64,82,-18,18
5784,85,95,-10,10
5785,45,53,-8,8
5786,72,76,-4,4
5787,118,122,-4,4
5788,54,56,-2,2
5789,98,98,0,0
5790,79,85,-6,6
5791,63,62,1,1
5792,27,47,-20,20
5793,142,141,1,1
5794,67,62,5,5
5795,146,143,3,3
5796,80,81,-1,1
5797,68,85,-17,17
5798,92,96,-4,4
5799,48,51,-3,3
5800,117,104,13,13
5801,98,98,0,0
5802,73,76,-3,3
5803,84,84,0,0
5804,95,90,5,5
5805,120,104,16,16
5806,151,158,-7,7
5807,50,53,-3,3
5808,93,96,-3,3
5809,150,136,14,14
5810,65,75,-10,10
5811,76,80,-4,4
5812,69,73,-4,4
5813,91,88,3,3
5814,81,89,-8,8
5815,92,81,11,11
5816,127,147,-20,20
5817,100,100,0,0
5818,98,96,2,2
5819,109,104,5,5
5820,69,73,-4,4
5821,94,102,-8,8
5822,156,138,18,18
5823,82,93,-11,11
5824,62,68,-6,6
5825,56,57,-1,1
5826,44,52,-8,8
5827,134,98,36,36
5828,75,71,4,4
5829,88,92,-4,4
5830,63,70,-7,7
5831,106,108,-2,2
5832,121,112,9,9
5833,94,104,-10,10
5834,89,100,-11,11
5835,45,52,-7,7
5836,76,86,-10,10
5837,85,84,1,1
5838,129,139,-10,10
5839,113,108,5,5
5840,127,114,13,13
5841,129,155,-26,26
5842,92,83,9,9
5843,60,59,1,1
5844,91,78,13,13
5845,90,94,-4,4
5846,143,148,-5,5
5847,79,82,-3,3
5848,118,152,-34,34
5849,65,62,3,3
5850,88,75,13,13
5851,102,113,-11,11
5852,67,65,2,2
5853,104,103,1,1
5854,164,159,5,5
5855,145,133,12,12
5856,51,49,2,2
5857,35,56,-21,21
5858,125,119,6,6
5859,78,81,-3,3
5860,110,111,-1,1
5861,133,130,3,3
5862,92,94,-2,2
5863,89,92,-3,3
5864,66,69,-3,3
5865,96,100,-4,4
5866,74,81,-7,7
5867,21,39,-18,18
5868,52,59,-7,7
5869,49,54,-5,5
5870,133,147,-14,14
5871,56,52,4,4
5872,48,54,-6,6
5873,53,59,-6,6
5874,86,88,-2,2
5875,81,100,-19,19
5876,139,144,-5,5
5877,111,132,-21,21
5878,118,125,-7,7
5879,61,68,-7,7
5880,88,95,-7,7
5881,58,64,-6,6
5882,91,93,-2,2
5883,110,114,-4,4
5884,118,111,7,7
5885,109,104,5,5
5886,52,61,-9,9
5887,69,71,-2,2
5888,144,144,0,0
5889,87,84,3,3
5890,153,138,15,15
5891,49,54,-5,5
5892,106,108,-2,2
5893,85,86,-1,1
5894,95,91,4,4
5895,99,97,2,2
5896,154,157,-3,3
5897,64,77,-13,13
5898,74,68,6,6
5899,94,88,6,6
5900,83,48,35,35
5901,66,62,4,4
5902,48,58,-10,10
5903,87,103,-16,16
5904,28,54,-26,26
5905,63,65,-2,2
5906,117,117,0,0
5907,169,160,9,9
5908,54,55,-1,1
5909,118,124,-6,6
5910,77,79,-2,2
5911,87,94,-7,7
5912,259,229,30,30
5913,116,111,5,5
5914,141,136,5,5
5915,63,71,-8,8
5916,194,174,20,20
5917,58,74,-16,16
5918,117,107,10,10
5919,101,105,-4,4
5920,128,127,1,1
5921,99,88,11,11
5922,122,108,14,14
5923,146,129,17,17
5924,117,97,20,20
5925,85,93,-8,8
5926,156,144,12,12
5927,85,88,-3,3
5928,149,147,2,2
5929,62,67,-5,5
5930,133,135,-2,2
5931,76,77,-1,1
5932,67,69,-2,2
5933,125,146,-21,21
5934,73,73,0,0
5935,106,112,-6,6
5936,98,99,-1,1
5937,113,110,3,3
5938,151,140,11,11
5939,91,89,2,2
5940,115,112,3,3
5941,99,89,10,10
5942,51,66,-15,15
5943,102,117,-15,15
5944,123,106,17,17
5945,71,74,-3,3
5946,116,119,-3,3
5947,118,121,-3,3
5948,151,155,-4,4
5949,93,90,3,3
5950,77,69,8,8
5951,52,51,1,1
5952,88,95,-7,7
5953,56,50,6,6
5954,152,167,-15,15
5955,129,139,-10,10
5956,75,83,-8,8
5957,98,94,4,4
5958,149,139,10,10
5959,73,70,3,3
5960,96,113,-17,17
5961,145,146,-1,1
5962,88,83,5,5
5963,159,145,14,14
5964,178,162,16,16
5965,81,95,-14,14
5966,142,133,9,9
5967,97,95,2,2
5968,145,140,5,5
5969,91,88,3,3
5970,85,75,10,10
5971,87,73,14,14
5972,90,80,10,10
5973,68,72,-4,4
5974,94,85,9,9
5975,101,94,7,7
5976,92,89,3,3
5977,71,78,-7,7
5978,113,127,-14,14
5979,102,94,8,8
5980,114,115,-1,1
5981,97,99,-2,2
5982,47,58,-11,11
5983,60,64,-4,4
5984,135,126,9,9
5985,58,59,-1,1
5986,206,202,4,4
5987,68,73,-5,5
5988,42,51,-9,9
5989,73,64,9,9
5990,83,87,-4,4
5991,72,62,10,10
5992,111,69,42,42
5993,58,55,3,3
5994,130,130,0,0
5995,111,112,-1,1
5996,140,149,-9,9
5997,95,102,-7,7
5998,96,101,-5,5
5999,91,89,2,2
6000,79,83,-4,4
6001,74,75,-1,1
6002,169,156,13,13
6003,117,111,6,6
6004,78,59,19,19
6005,115,122,-7,7
6006,44,48,-4,4
6007,103,116,-13,13
6008,78,102,-24,24
6009,49,58,-9,9
6010,126,136,-10,10
6011,93,82,11,11
6012,140,136,4,4
6013,85,98,-13,13
6014,116,121,-5,5
6015,83,76,7,7
6016,96,109,-13,13
6017,143,138,5,5
6018,74,84,-10,10
6019,92,93,-1,1
6020,63,61,2,2
6021,49,61,-12,12
6022,144,138,6,6
6023,54,74,-20,20
6024,116,172,-56,56
6025,66,75,-9,9
6026,56,65,-9,9
6027,56,91,-35,35
6028,107,113,-6,6
6029,140,120,20,20
6030,92,109,-17,17
6031,76,83,-7,7
6032,90,103,-13,13
6033,138,138,0,0
6034,71,69,2,2
6035,89,105,-16,16
6036,66,62,4,4
6037,60,64,-4,4
6038,116,133,-17,17
6039,179,157,22,22
6040,90,89,1,1
6041,116,109,7,7
6042,89,85,4,4
6043,95,94,1,1
6044,85,80,5,5
6045,53,50,3,3
6046,166,165,1,1
6047,43,49,-6,6
6048,119,128,-9,9
6049,105,118,-13,13
6050,121,113,8,8
6051,73,69,4,4
6052,67,71,-4,4
6053,119,118,1,1
6054,106,110,-4,4
6055,72,70,2,2
6056,75,75,0,0
6057,70,79,-9,9
6058,143,143,0,0
6059,83,82,1,1
6060,83,82,1,1
6061,46,62,-16,16
6062,47,51,-4,4
6063,119,104,15,15
6064,108,100,8,8
6065,43,44,-1,1
6066,64,58,6,6
6067,83,83,0,0
6068,141,132,9,9
6069,107,102,5,5
6070,35,56,-21,21
6071,119,122,-3,3
6072,88,77,11,11
6073,77,90,-13,13
6074,75,74,1,1
6075,140,147,-7,7
6076,66,70,-4,4
6077,121,122,-1,1
6078,47,63,-16,16
6079,68,68,0,0
6080,112,111,1,1
6081,178,157,21,21
6082,87,86,1,1
6083,164,154,10,10
6084,79,84,-5,5
6085,71,69,2,2
6086,111,130,-19,19
6087,78,82,-4,4
6088,160,150,10,10
6089,98,99,-1,1
6090,115,175,-60,60
6091,95,94,1,1
6092,65,64,1,1
6093,159,159,0,0
6094,85,91,-6,6
6095,69,71,-2,2
6096,116,120,-4,4
6097,55,64,-9,9
6098,96,106,-10,10
6099,94,93,1,1
6100,72,69,3,3
6101,94,91,3,3
6102,124,137,-13,13
6103,62,60,2,2
6104,79,67,12,12
6105,146,144,2,2
6106,42,53,-11,11
6107,85,85,0,0
6108,100,88,12,12
6109,131,116,15,15
6110,72,79,-7,7
6111,49,48,1,1
6112,116,113,3,3
6113,102,99,3,3
6114,135,135,0,0
6115,138,140,-2,2
6116,40,59,-19,19
6117,104,90,14,14
6118,99,103,-4,4
6119,50,52,-2,2
6120,108,108,0,0
6121,106,112,-6,6
6122,93,93,0,0
6123,155,156,-1,1
6124,127,117,10,10
6125,78,80,-2,2
6126,87,91,-4,4
6127,73,79,-6,6
6128,92,95,-3,3
6129,86,87,-1,1
6130,117,124,-7,7
6131,65,62,3,3
6132,44,48,-4,4
6133,142,136,6,6
6134,83,96,-13,13
6135,104,96,8,8
6136,119,107,12,12
6137,112,108,4,4
6138,96,89,7,7
6139,58,59,-1,1
6140,44,86,-42,42
6141,107,112,-5,5
6142,115,110,5,5
6143,87,94,-7,7
6144,102,103,-1,1
6145,89,95,-6,6
6146,119,117,2,2
6147,101,119,-18,18
6148,55,61,-6,6
6149,92,94,-2,2
6150,108,90,18,18
6151,57,58,-1,1
6152,119,116,3,3
6153,133,138,-5,5
6154,80,82,-2,2
6155,66,75,-9,9
6156,114,109,5,5
6157,111,117,-6,6
6158,140,128,12,12
6159,108,90,18,18
6160,89,100,-11,11
6161,88,75,13,13
6162,76,81,-5,5
6163,80,87,-7,7
6164,98,102,-4,4
6165,73,70,3,3
6166,136,139,-3,3
6167,50,61,-11,11
6168,88,104,-16,16
6169,69,73,-4,4
6170,151,148,3,3
6171,66,65,1,1
6172,73,75,-2,2
6173,65,65,0,0
6174,72,71,1,1
6175,52,55,-3,3
6176,108,93,15,15
6177,86,80,6,6
6178,34,66,-32,32
6179,183,174,9,9
6180,54,53,1,1
6181,122,130,-8,8
6182,64,71,-7,7
6183,75,78,-3,3
6184,105,92,13,13
6185,65,68,-3,3
6186,84,94,-10,10
6187,101,92,9,9
6188,117,112,5,5
6189,148,151,-3,3
6190,66,65,1,1
6191,106,106,0,0
6192,147,129,18,18
6193,108,109,-1,1
6194,133,116,17,17
6195,42,50,-8,8
6196,67,68,-1,1
6197,117,116,1,1
6198,127,126,1,1
6199,84,86,-2,2
6200,72,70,2,2
6201,77,73,4,4
6202,83,85,-2,2
6203,77,91,-14,14
6204,133,136,-3,3
6205,61,64,-3,3
6206,75,80,-5,5
6207,81,71,10,10
6208,95,97,-2,2
6209,115,109,6,6
6210,106,94,12,12
6211,85,77,8,8
6212,89,90,-1,1
6213,103,99,4,4
6214,78,82,-4,4
6215,83,76,7,7
6216,128,112,16,16
6217,64,68,-4,4
6218,87,85,2,2
6219,108,97,11,11
6220,108,96,12,12
6221,77,80,-3,3
6222,65,75,-10,10
6223,56,65,-9,9
6224,69,63,6,6
6225,83,89,-6,6
6226,93,86,7,7
6227,85,86,-1,1
6228,177,180,-3,3
6229,52,57,-5,5
6230,35,47,-12,12
6231,128,123,5,5
6232,98,90,8,8
6233,83,75,8,8
6234,67,68,-1,1
6235,102,97,5,5
6236,115,114,1,1
6237,103,103,0,0
6238,99,106,-7,7
6239,100,99,1,1
6240,148,137,11,11
6241,67,69,-2,2
6242,131,144,-13,13
6243,76,71,5,5
6244,91,97,-6,6
6245,110,93,17,17
6246,133,131,2,2
6247,77,96,-19,19
6248,151,154,-3,3
6249,130,139,-9,9
6250,80,85,-5,5
6251,86,86,0,0
6252,117,118,-1,1
6253,72,67,5,5
6254,104,97,7,7
6255,108,108,0,0
6256,103,110,-7,7
6257,57,63,-6,6
6258,30,51,-21,21
6259,70,74,-4,4
6260,93,102,-9,9
6261,75,75,0,0
6262,46,52,-6,6
6263,169,138,31,31
6264,88,92,-4,4
6265,71,78,-7,7
6266,97,105,-8,8
6267,133,122,11,11
6268,77,76,1,1
6269,93,95,-2,2
6270,52,67,-15,15
6271,124,136,-12,12
6272,60,88,-28,28
6273,53,59,-6,6
6274,98,100,-2,2
6275,105,92,13,13
6276,92,86,6,6
6277,106,99,7,7
6278,55,57,-2,2
6279,94,97,-3,3
6280,94,79,15,15
6281,67,79,-12,12
6282,109,104,5,5
6283,61,70,-9,9
6284,49,51,-2,2
6285,99,93,6,6
6286,109,103,6,6
6287,73,66,7,7
6288,107,102,5,5
6289,82,81,1,1
6290,122,115,7,7
6291,50,52,-2,2
6292,102,97,5,5
6293,99,99,0,0
6294,40,46,-6,6
6295,61,61,0,0
6296,94,97,-3,3
6297,55,60,-5,5
6298,66,63,3,3
6299,58,66,-8,8
6300,139,146,-7,7
6301,104,92,12,12
6302,74,72,2,2
6303,77,76,1,1
6304,77,74,3,3
6305,91,103,-12,12
6306,74,77,-3,3
6307,63,58,5,5
6308,56,63,-7,7
6309,103,116,-13,13
6310,83,84,-1,1
6311,69,83,-14,14
6312,165,136,29,29
6313,109,125,-16,16
6314,93,87,6,6
6315,123,114,9,9
6316,142,141,1,1
6317,71,63,8,8
6318,102,106,-4,4
6319,81,86,-5,5
6320,178,150,28,28
6321,75,74,1,1
6322,68,66,2,2
6323,135,124,11,11
6324,103,98,5,5
6325,108,114,-6,6
6326,62,76,-14,14
6327,95,101,-6,6
6328,114,118,-4,4
6329,120,126,-6,6
6330,124,133,-9,9
6331,90,87,3,3
6332,29,43,-14,14
6333,69,74,-5,5
6334,61,70,-9,9
6335,85,79,6,6
6336,83,92,-9,9
6337,122,111,11,11
6338,148,146,2,2
6339,108,95,13,13
6340,96,100,-4,4
6341,75,83,-8,8
6342,101,118,-17,17
6343,81,82,-1,1
6344,98,105,-7,7
6345,95,95,0,0
6346,100,105,-5,5
6347,96,104,-8,8
6348,161,169,-8,8
6349,84,85,-1,1
6350,55,57,-2,2
6351,59,65,-6,6
6352,124,118,6,6
6353,137,147,-10,10
6354,118,123,-5,5
6355,144,127,17,17
6356,182,166,16,16
6357,126,128,-2,2
6358,127,116,11,11
6359,111,110,1,1
6360,92,98,-6,6
6361,106,112,-6,6
6362,74,84,-10,10
6363,68,86,-18,18
6364,108,121,-13,13
6365,95,94,1,1
6366,103,107,-4,4
6367,81,82,-1,1
6368,86,89,-3,3
6369,170,158,12,12
6370,50,57,-7,7
6371,51,57,-6,6
6372,94,89,5,5
6373,146,149,-3,3
6374,74,71,3,3
6375,100,84,16,16
6376,128,119,9,9
6377,74,64,10,10
6378,108,104,4,4
6379,77,84,-7,7
6380,63,59,4,4
6381,50,50,0,0
6382,109,105,4,4
6383,52,57,-5,5
6384,68,65,3,3
6385,90,98,-8,8
6386,80,86,-6,6
6387,55,61,-6,6
6388,103,107,-4,4
6389,84,93,-9,9
6390,90,82,8,8
6391,66,72,-6,6
6392,167,153,14,14
6393,82,84,-2,2
6394,73,73,0,0
6395,86,95,-9,9
6396,71,73,-2,2
6397,80,92,-12,12
6398,92,104,-12,12
6399,117,110,7,7
6400,51,87,-36,36
6401,94,79,15,15
6402,84,84,0,0
6403,135,136,-1,1
6404,66,71,-5,5
6405,151,145,6,6
6406,92,91,1,1
6407,102,111,-9,9
6408,116,112,4,4
6409,50,66,-16,16
6410,88,89,-1,1
6411,119,115,4,4
6412,107,111,-4,4
6413,93,103,-10,10
6414,142,134,8,8
6415,52,51,1,1
6416,115,129,-14,14
6417,52,56,-4,4
6418,56,59,-3,3
6419,152,131,21,21
6420,83,80,3,3
6421,62,68,-6,6
6422,64,69,-5,5
6423,119,117,2,2
6424,157,138,19,19
6425,51,61,-10,10
6426,118,124,-6,6
6427,58,67,-9,9
6428,94,90,4,4
6429,45,58,-13,13
6430,120,111,9,9
6431,88,88,0,0
6432,84,95,-11,11
6433,131,131,0,0
6434,98,99,-1,1
6435,50,49,1,1
6436,88,82,6,6
6437,101,111,-10,10
6438,78,83,-5,5
6439,40,63,-23,23
6440,103,113,-10,10
6441,96,88,8,8
6442,83,75,8,8
6443,93,98,-5,5
6444,82,73,9,9
6445,103,102,1,1
6446,41,68,-27,27
6447,39,48,-9,9
6448,60,62,-2,2
6449,137,132,5,5
6450,46,60,-14,14
6451,51,53,-2,2
6452,82,91,-9,9
6453,131,122,9,9
6454,66,73,-7,7
6455,76,82,-6,6
6456,204,196,8,8
6457,106,112,-6,6
6458,72,66,6,6
6459,145,152,-7,7
6460,80,77,3,3
6461,89,91,-2,2
6462,148,151,-3,3
6463,141,133,8,8
6464,59,66,-7,7
6465,51,52,-1,1
6466,88,82,6,6
6467,77,77,0,0
6468,103,82,21,21
6469,94,82,12,12
6470,92,78,14,14
6471,82,81,1,1
6472,89,96,-7,7
6473,72,73,-1,1
6474,135,133,2,2
6475,135,135,0,0
6476,85,86,-1,1
6477,63,66,-3,3
6478,173,163,10,10
6479,108,111,-3,3
6480,141,119,22,22
6481,85,96,-11,11
6482,144,143,1,1
6483,66,65,1,1
6484,86,85,1,1
6485,84,69,15,15
6486,107,109,-2,2
6487,60,62,-2,2
6488,62,71,-9,9
6489,174,166,8,8
6490,68,59,9,9
6491,74,81,-7,7
6492,67,69,-2,2
6493,72,66,6,6
6494,117,113,4,4
6495,93,110,-17,17
6496,69,81,-12,12
6497,75,71,4,4
6498,84,78,6,6
6499,101,107,-6,6
6500,78,82,-4,4
6501,202,192,10,10
6502,97,112,-15,15
6503,79,82,-3,3
6504,97,104,-7,7
6505,60,68,-8,8
6506,58,60,-2,2
6507,113,116,-3,3
6508,63,60,3,3
6509,79,83,-4,4
6510,94,92,2,2
6511,129,126,3,3
6512,142,140,2,2
6513,96,100,-4,4
6514,83,71,12,12
6515,137,122,15,15
6516,99,95,4,4
6517,92,94,-2,2
6518,92,112,-20,20
6519,69,73,-4,4
6520,126,134,-8,8
6521,148,160,-12,12
6522,90,89,1,1
6523,94,89,5,5
6524,111,111,0,0
6525,86,112,-26,26
6526,49,75,-26,26
6527,124,119,5,5
6528,107,113,-6,6
6529,129,117,12,12
6530,58,57,1,1
6531,70,66,4,4
6532,70,76,-6,6
6533,91,85,6,6
6534,86,74,12,12
6535,102,99,3,3
6536,83,90,-7,7
6537,119,127,-8,8
6538,76,72,4,4
6539,49,50,-1,1
6540,94,83,11,11
6541,124,110,14,14
6542,65,64,1,1
6543,96,102,-6,6
6544,170,170,0,0
6545,68,71,-3,3
6546,28,39,-11,11
6547,135,142,-7,7
6548,151,145,6,6
6549,80,85,-5,5
6550,79,95,-16,16
6551,68,81,-13,13
6552,118,112,6,6
6553,73,75,-2,2
6554,104,121,-17,17
6555,147,121,26,26
6556,91,70,21,21
6557,147,125,22,22
6558,55,62,-7,7
6559,66,65,1,1
6560,121,115,6,6
6561,70,71,-1,1
6562,107,113,-6,6
6563,153,152,1,1
6564,124,134,-10,10
6565,59,70,-11,11
6566,90,85,5,5
6567,57,61,-4,4
6568,129,117,12,12
6569,98,106,-8,8
6570,152,135,17,17
6571,55,65,-10,10
6572,93,59,34,34
6573,61,64,-3,3
6574,135,122,13,13
6575,72,68,4,4
6576,105,107,-2,2
6577,65,93,-28,28
6578,91,95,-4,4
6579,117,111,6,6
6580,85,95,-10,10
6581,125,115,10,10
6582,57,59,-2,2
6583,151,148,3,3
6584,68,67,1,1
6585,104,103,1,1
6586,53,57,-4,4
6587,88,87,1,1
6588,91,87,4,4
6589,184,166,18,18
6590,99,96,3,3
6591,189,166,23,23
6592,186,175,11,11
6593,125,122,3,3
6594,62,73,-11,11
6595,103,99,4,4
6596,183,185,-2,2
6597,62,57,5,5
6598,66,73,-7,7
6599,73,70,3,3
6600,114,119,-5,5
6601,123,120,3,3
6602,108,96,12,12
6603,115,113,2,2
6604,124,121,3,3
6605,66,76,-10,10
6606,104,78,26,26
6607,75,81,-6,6
6608,108,108,0,0
6609,81,92,-11,11
6610,82,73,9,9
6611,80,75,5,5
6612,30,45,-15,15
6613,90,99,-9,9
6614,62,56,6,6
6615,86,72,14,14
6616,56,60,-4,4
6617,95,110,-15,15
6618,100,98,2,2
6619,102,105,-3,3
6620,102,100,2,2
6621,59,61,-2,2
6622,152,141,11,11
6623,163,160,3,3
6624,143,141,2,2
6625,162,157,5,5
6626,84,92,-8,8
6627,78,86,-8,8
6628,92,100,-8,8
6629,79,95,-16,16
6630,78,71,7,7
6631,120,109,11,11
6632,99,92,7,7
6633,103,109,-6,6
6634,76,91,-15,15
6635,80,83,-3,3
6636,66,68,-2,2
6637,128,128,0,0
6638,85,76,9,9
6639,100,113,-13,13
6640,46,61,-15,15
6641,125,129,-4,4
6642,111,118,-7,7
6643,119,120,-1,1
6644,59,65,-6,6
6645,55,57,-2,2
6646,158,146,12,12
6647,106,118,-12,12
6648,136,147,-11,11
6649,108,100,8,8
6650,124,130,-6,6
6651,106,100,6,6
6652,92,83,9,9
6653,118,129,-11,11
6654,108,99,9,9
6655,114,111,3,3
6656,51,54,-3,3
6657,85,88,-3,3
6658,61,93,-32,32
6659,74,79,-5,5
6660,67,65,2,2
6661,108,111,-3,3
6662,132,123,9,9
6663,78,74,4,4
6664,102,108,-6,6
6665,175,149,26,26
6666,140,132,8,8
6667,93,88,5,5
6668,75,83,-8,8
6669,98,101,-3,3
6670,98,98,0,0
6671,119,108,11,11
6672,121,154,-33,33
6673,94,91,3,3
6674,117,102,15,15
6675,108,108,0,0
6676,87,104,-17,17
6677,100,97,3,3
6678,88,87,1,1
6679,86,74,12,12
6680,65,61,4,4
6681,81,77,4,4
6682,89,73,16,16
6683,114,110,4,4
6684,108,109,-1,1
6685,95,89,6,6
6686,100,109,-9,9
6687,98,98,0,0
6688,88,82,6,6
6689,95,82,13,13
6690,92,98,-6,6
6691,161,148,13,13
6692,57,51,6,6
6693,89,84,5,5
6694,67,56,11,11
6695,101,104,-3,3
6696,102,109,-7,7
6697,84,80,4,4
6698,64,64,0,0
6699,127,131,-4,4
6700,97,99,-2,2
6701,101,89,12,12
6702,65,73,-8,8
6703,89,84,5,5
6704,70,65,5,5
6705,67,68,-1,1
6706,169,158,11,11
6707,59,65,-6,6
6708,163,151,12,12
6709,38,53,-15,15
6710,117,101,16,16
6711,53,54,-1,1
6712,52,56,-4,4
6713,120,119,1,1
6714,80,65,15,15
6715,52,64,-12,12
6716,127,152,-25,25
6717,87,106,-19,19
6718,54,62,-8,8
6719,66,61,5,5
6720,98,101,-3,3
6721,112,121,-9,9
6722,56,64,-8,8
6723,114,125,-11,11
6724,90,90,0,0
6725,87,92,-5,5
6726,58,59,-1,1
6727,118,120,-2,2
6728,96,90,6,6
6729,102,114,-12,12
6730,84,96,-12,12
6731,111,105,6,6
6732,62,66,-4,4
6733,73,69,4,4
6734,69,83,-14,14
6735,133,125,8,8
6736,87,86,1,1
6737,64,71,-7,7
6738,85,93,-8,8
6739,103,96,7,7
6740,86,76,10,10
6741,68,68,0,0
6742,145,133,12,12
6743,74,64,10,10
6744,91,95,-4,4
6745,102,99,3,3
6746,128,134,-6,6
6747,104,102,2,2
6748,110,117,-7,7
6749,56,55,1,1
6750,83,87,-4,4
6751,109,120,-11,11
6752,77,79,-2,2
6753,164,133,31,31
6754,137,141,-4,4
6755,134,127,7,7
6756,172,168,4,4
6757,116,103,13,13
6758,80,79,1,1
6759,50,55,-5,5
6760,168,138,30,30
6761,68,77,-9,9
6762,88,93,-5,5
6763,48,60,-12,12
6764,60,63,-3,3
6765,135,140,-5,5
6766,75,77,-2,2
6767,187,175,12,12
6768,78,73,5,5
6769,117,98,19,19
6770,109,107,2,2
6771,79,75,4,4
6772,80,90,-10,10
6773,72,74,-2,2
6774,105,109,-4,4
6775,130,138,-8,8
6776,108,124,-16,16
6777,39,54,-15,15
6778,94,106,-12,12
6779,76,89,-13,13
6780,84,88,-4,4
6781,110,116,-6,6
6782,79,79,0,0
6783,129,108,21,21
6784,66,73,-7,7
6785,73,75,-2,2
6786,90,73,17,17
6787,69,67,2,2
6788,76,69,7,7
6789,96,110,-14,14
6790,113,124,-11,11
6791,118,125,-7,7
6792,78,76,2,2
6793,92,85,7,7
6794,96,89,7,7
6795,111,122,-11,11
6796,143,164,-21,21
6797,101,104,-3,3
6798,99,105,-6,6
6799,110,121,-11,11
6800,105,108,-3,3
6801,79,83,-4,4
6802,80,94,-14,14
6803,54,54,0,0
6804,86,82,4,4
6805,66,75,-9,9
6806,96,100,-4,4
6807,151,153,-2,2
6808,78,106,-28,28
6809,82,84,-2,2
6810,93,84,9,9
6811,57,65,-8,8
6812,129,124,5,5
6813,89,95,-6,6
6814,83,80,3,3
6815,72,96,-24,24
6816,85,89,-4,4
6817,58,60,-2,2
6818,69,64,5,5
6819,69,88,-19,19
6820,55,63,-8,8
6821,114,105,9,9
6822,145,126,19,19
6823,81,85,-4,4
6824,41,54,-13,13
6825,88,109,-21,21
6826,108,101,7,7
6827,104,102,2,2
6828,74,69,5,5
6829,111,111,0,0
6830,74,71,3,3
6831,82,82,0,0
6832,129,131,-2,2
6833,75,84,-9,9
6834,137,139,-2,2
6835,135,139,-4,4
6836,93,87,6,6
6837,73,84,-11,11
6838,125,124,1,1
6839,110,123,-13,13
6840,147,161,-14,14
6841,86,95,-9,9
6842,96,98,-2,2
6843,104,96,8,8
6844,110,110,0,0
6845,80,77,3,3
6846,66,70,-4,4
6847,168,164,4,4
6848,123,148,-25,25
6849,138,143,-5,5
6850,66,65,1,1
6851,66,63,3,3
6852,143,134,9,9
6853,88,78,10,10
6854,76,91,-15,15
6855,143,150,-7,7
6856,108,101,7,7
6857,74,73,1,1
6858,76,73,3,3
6859,59,60,-1,1
6860,87,75,12,12
6861,113,114,-1,1
6862,57,61,-4,4
6863,56,66,-10,10
6864,102,94,8,8
6865,74,60,14,14
6866,89,98,-9,9
6867,75,74,1,1
6868,128,140,-12,12
6869,106,117,-11,11
6870,92,94,-2,2
6871,138,138,0,0
6872,75,74,1,1
6873,103,97,6,6
6874,120,111,9,9
6875,136,125,11,11
6876,72,71,1,1
6877,128,140,-12,12
6878,128,127,1,1
6879,150,139,11,11
6880,86,83,3,3
6881,85,81,4,4
6882,62,64,-2,2
6883,76,70,6,6
6884,123,127,-4,4
6885,64,63,1,1
6886,116,116,0,0
6887,62,64,-2,2
6888,81,80,1,1
6889,118,113,5,5
6890,117,113,4,4
6891,123,106,17,17
6892,144,121,23,23
6893,109,107,2,2
6894,79,79,0,0
6895,97,102,-5,5
6896,87,79,8,8
6897,55,57,-2,2
6898,65,66,-1,1
6899,103,106,-3,3
6900,90,77,13,13
6901,87,85,2,2
6902,43,47,-4,4
6903,92,87,5,5
6904,147,162,-15,15
6905,106,94,12,12
6906,68,82,-14,14
6907,71,61,10,10
6908,97,99,-2,2
6909,93,105,-12,12
6910,69,83,-14,14
6911,92,107,-15,15
6912,77,83,-6,6
6913,132,132,0,0
6914,87,95,-8,8
6915,118,112,6,6
6916,58,61,-3,3
6917,43,48,-5,5
6918,80,92,-12,12
6919,118,111,7,7
6920,107,126,-19,19
6921,132,135,-3,3
6922,86,91,-5,5
6923,114,106,8,8
6924,85,81,4,4
6925,66,70,-4,4
6926,65,68,-3,3
6927,84,89,-5,5
6928,122,141,-19,19
6929,74,92,-18,18
6930,154,170,-16,16
6931,93,92,1,1
6932,40,84,-44,44
6933,88,85,3,3
6934,84,95,-11,11
6935,67,70,-3,3
6936,113,112,1,1
6937,110,119,-9,9
6938,217,173,44,44
6939,99,96,3,3
6940,107,105,2,2
6941,120,113,7,7
6942,116,109,7,7
6943,70,83,-13,13
6944,86,80,6,6
6945,89,91,-2,2
6946,75,81,-6,6
6947,72,76,-4,4
6948,75,75,0,0
6949,55,70,-15,15
6950,196,194,2,2
6951,114,112,2,2
6952,142,82,60,60
6953,76,86,-10,10
6954,71,66,5,5
6955,80,84,-4,4
6956,81,79,2,2
6957,106,103,3,3
6958,126,125,1,1
6959,114,113,1,1
6960,90,89,1,1
6961,134,120,14,14
6962,112,113,-1,1
6963,86,88,-2,2
6964,109,128,-19,19
6965,98,116,-18,18
6966,123,126,-3,3
6967,48,49,-1,1
6968,89,85,4,4
6969,141,151,-10,10
6970,122,120,2,2
6971,65,101,-36,36
6972,163,146,17,17
6973,106,103,3,3
6974,145,133,12,12
6975,65,67,-2,2
6976,111,98,13,13
6977,110,119,-9,9
6978,40,47,-7,7
6979,77,80,-3,3
6980,81,79,2,2
6981,136,123,13,13
6982,124,133,-9,9
6983,107,117,-10,10
6984,83,84,-1,1
6985,137,129,8,8
6986,93,91,2,2
6987,95,90,5,5
6988,82,100,-18,18
6989,91,93,-2,2
6990,139,123,16,16
6991,49,57,-8,8
6992,36,45,-9,9
6993,76,66,10,10
6994,57,63,-6,6
6995,128,131,-3,3
6996,77,96,-19,19
6997,86,89,-3,3
6998,144,123,21,21
6999,72,71,1,1
7000,48,60,-12,12
7001,86,84,2,2
7002,96,91,5,5
7003,67,79,-12,12
7004,65,68,-3,3
7005,132,130,2,2
7006,128,121,7,7
7007,115,113,2,2
7008,109,105,4,4
7009,63,66,-3,3
7010,55,65,-10,10
7011,119,111,8,8
7012,70,73,-3,3
7013,125,129,-4,4
7014,146,135,11,11
7015,84,80,4,4
7016,120,134,-14,14
7017,83,90,-7,7
7018,68,65,3,3
7019,106,101,5,5
7020,147,118,29,29
7021,81,78,3,3
7022,87,92,-5,5
7023,86,83,3,3
7024,67,71,-4,4
7025,100,95,5,5
7026,81,92,-11,11
7027,70,78,-8,8
7028,94,87,7,7
7029,123,112,11,11
7030,121,115,6,6
7031,71,71,0,0
7032,73,67,6,6
7033,79,81,-2,2
7034,98,104,-6,6
7035,147,113,34,34
7036,86,126,-40,40
7037,83,78,5,5
7038,117,113,4,4
7039,93,104,-11,11
7040,44,54,-10,10
7041,68,70,-2,2
7042,74,75,-1,1
7043,76,98,-22,22
7044,96,88,8,8
7045,80,72,8,8
7046,73,79,-6,6
7047,93,87,6,6
7048,48,62,-14,14
7049,85,86,-1,1
7050,140,146,-6,6
7051,81,80,1,1
7052,57,49,8,8
7053,93,97,-4,4
7054,119,122,-3,3
7055,129,142,-13,13
7056,88,85,3,3
7057,101,110,-9,9
7058,91,86,5,5
7059,59,57,2,2
7060,109,114,-5,5
7061,89,72,17,17
7062,101,96,5,5
7063,116,108,8,8
7064,86,87,-1,1
7065,113,120,-7,7
7066,101,96,5,5
7067,110,119,-9,9
7068,115,151,-36,36
7069,137,150,-13,13
7070,64,72,-8,8
7071,133,131,2,2
7072,80,89,-9,9
7073,61,60,1,1
7074,116,125,-9,9
7075,154,149,5,5
7076,69,77,-8,8
7077,123,135,-12,12
7078,63,66,-3,3
7079,99,115,-16,16
7080,52,55,-3,3
7081,86,76,10,10
7082,79,79,0,0
7083,97,107,-10,10
7084,68,76,-8,8
7085,79,85,-6,6
7086,82,78,4,4
7087,66,63,3,3
7088,28,46,-18,18
7089,54,66,-12,12
7090,76,75,1,1
7091,74,87,-13,13
7092,97,98,-1,1
7093,82,86,-4,4
7094,103,104,-1,1
7095,61,61,0,0
7096,69,65,4,4
7097,60,65,-5,5
7098,61,86,-25,25
7099,100,102,-2,2
7100,100,102,-2,2
7101,129,122,7,7
7102,184,171,13,13
7103,119,122,-3,3
7104,91,86,5,5
7105,99,104,-5,5
7106,100,102,-2,2
7107,58,70,-12,12
7108,70,71,-1,1
7109,76,80,-4,4
7110,77,73,4,4
7111,70,67,3,3
7112,116,106,10,10
7113,149,143,6,6
7114,124,124,0,0
7115,139,116,23,23
7116,142,152,-10,10
7117,77,83,-6,6
7118,96,84,12,12
7119,215,183,32,32
7120,70,72,-2,2
7121,118,121,-3,3
7122,89,86,3,3
7123,106,105,1,1
7124,117,114,3,3
7125,60,70,-10,10
7126,67,77,-10,10
7127,149,144,5,5
7128,364,397,-33,33
7129,110,103,7,7
7130,106,100,6,6
7131,161,162,-1,1
7132,119,136,-17,17
7133,113,152,-39,39
7134,100,108,-8,8
7135,51,65,-14,14
7136,121,116,5,5
7137,108,111,-3,3
7138,107,107,0,0
7139,62,60,2,2
7140,84,86,-2,2
7141,93,82,11,11
7142,143,155,-12,12
7143,136,134,2,2
7144,53,65,-12,12
7145,97,94,3,3
7146,139,140,-1,1
7147,126,122,4,4
7148,46,57,-11,11
7149,172,172,0,0
7150,101,99,2,2
7151,89,97,-8,8
7152,118,104,14,14
7153,71,74,-3,3
7154,120,123,-3,3
7155,77,72,5,5
7156,145,130,15,15
7157,45,51,-6,6
7158,80,77,3,3
7159,58,61,-3,3
7160,117,112,5,5
7161,91,89,2,2
7162,192,180,12,12
7163,68,70,-2,2
7164,71,64,7,7
7165,82,83,-1,1
7166,84,90,-6,6
7167,70,79,-9,9
7168,47,49,-2,2
7169,95,87,8,8
7170,59,62,-3,3
7171,154,126,28,28
7172,131,129,2,2
7173,98,111,-13,13
7174,38,50,-12,12
7175,86,94,-8,8
7176,55,64,-9,9
7177,40,45,-5,5
7178,119,116,3,3
7179,247,212,35,35
7180,96,102,-6,6
7181,69,78,-9,9
7182,87,84,3,3
7183,93,102,-9,9
7184,84,83,1,1
7185,127,135,-8,8
7186,106,103,3,3
7187,62,68,-6,6
7188,84,86,-2,2
7189,48,60,-12,12
7190,116,125,-9,9
7191,83,74,9,9
7192,123,125,-2,2
7193,97,80,17,17
7194,119,91,28,28
7195,113,112,1,1
7196,70,72,-2,2
7197,123,115,8,8
7198,86,81,5,5
7199,49,54,-5,5
7200,113,117,-4,4
7201,100,106,-6,6
7202,131,136,-5,5
7203,93,98,-5,5
7204,92,84,8,8
7205,73,69,4,4
7206,61,68,-7,7
7207,72,59,13,13
7208,91,90,1,1
7209,86,91,-5,5
7210,82,78,4,4
7211,179,182,-3,3
7212,121,112,9,9
7213,58,63,-5,5
7214,83,79,4,4
7215,100,81,19,19
7216,84,81,3,3
7217,76,70,6,6
7218,83,77,6,6
7219,81,76,5,5
7220,119,100,19,19
7221,160,154,6,6
7222,97,101,-4,4
7223,143,159,-16,16
7224,49,45,4,4
7225,188,180,8,8
7226,79,82,-3,3
7227,62,67,-5,5
7228,71,64,7,7
7229,114,122,-8,8
7230,167,163,4,4
7231,100,94,6,6
7232,90,86,4,4
7233,106,105,1,1
7234,129,141,-12,12
7235,81,83,-2,2
7236,52,64,-12,12
7237,86,80,6,6
7238,92,101,-9,9
7239,59,64,-5,5
7240,98,107,-9,9
7241,94,96,-2,2
7242,173,166,7,7
7243,82,97,-15,15
7244,121,125,-4,4
7245,84,82,2,2
7246,44,46,-2,2
7247,88,97,-9,9
7248,91,83,8,8
7249,97,94,3,3
7250,46,48,-2,2
7251,114,114,0,0
7252,108,101,7,7
7253,66,68,-2,2
7254,71,75,-4,4
7255,76,78,-2,2
7256,159,155,4,4
7257,39,46,-7,7
7258,47,54,-7,7
7259,142,132,10,10
7260,124,123,1,1
7261,109,114,-5,5
7262,110,115,-5,5
7263,59,59,0,0
7264,107,97,10,10
7265,59,57,2,2
7266,93,100,-7,7
7267,96,101,-5,5
7268,40,46,-6,6
7269,124,118,6,6
7270,90,76,14,14
7271,52,55,-3,3
7272,95,90,5,5
7273,81,81,0,0
7274,171,145,26,26
7275,78,66,12,12
7276,97,98,-1,1
7277,82,89,-7,7
7278,93,85,8,8
7279,106,109,-3,3
7280,129,122,7,7
7281,110,127,-17,17
7282,28,58,-30,30
7283,152,167,-15,15
7284,113,110,3,3
7285,62,70,-8,8
7286,51,57,-6,6
7287,167,165,2,2
7288,60,59,1,1
7289,176,167,9,9
7290,139,124,15,15
7291,193,191,2,2
7292,78,81,-3,3
7293,76,68,8,8
7294,80,79,1,1
7295,86,106,-20,20
7296,102,89,13,13
7297,51,48,3,3
7298,32,41,-9,9
7299,133,119,14,14
7300,160,145,15,15
7301,75,63,12,12
7302,84,79,5,5
7303,85,87,-2,2
7304,89,95,-6,6
7305,69,70,-1,1
7306,113,101,12,12
7307,69,69,0,0
7308,76,82,-6,6
7309,56,78,-22,22
7310,86,75,11,11
7311,92,107,-15,15
7312,54,60,-6,6
7313,100,90,10,10
7314,37,29,8,8
7315,140,140,0,0
7316,57,74,-17,17
7317,83,91,-8,8
7318,75,69,6,6
7319,59,62,-3,3
7320,99,120,-21,21
7321,108,106,2,2
7322,93,95,-2,2
7323,78,82,-4,4
7324,166,167,-1,1
7325,81,82,-1,1
7326,80,81,-1,1
7327,166,159,7,7
7328,56,52,4,4
7329,108,102,6,6
7330,88,93,-5,5
7331,124,127,-3,3
7332,71,69,2,2
7333,111,95,16,16
7334,77,86,-9,9
7335,84,74,10,10
7336,85,84,1,1
7337,103,96,7,7
7338,67,73,-6,6
7339,128,122,6,6
7340,54,51,3,3
7341,98,96,2,2
7342,115,136,-21,21
7343,80,79,1,1
7344,66,68,-2,2
7345,84,85,-1,1
7346,179,173,6,6
7347,70,70,0,0
7348,93,97,-4,4
7349,139,153,-14,14
7350,136,137,-1,1
7351,173,180,-7,7
7352,112,98,14,14
7353,76,88,-12,12
7354,112,115,-3,3
7355,118,131,-13,13
7356,109,103,6,6
7357,101,109,-8,8
7358,105,101,4,4
7359,67,83,-16,16
7360,131,126,5,5
7361,41,54,-13,13
7362,49,53,-4,4
7363,113,129,-16,16
7364,137,143,-6,6
7365,96,105,-9,9
7366,68,67,1,1
7367,110,102,8,8
7368,70,75,-5,5
7369,155,151,4,4
7370,58,59,-1,1
7371,140,148,-8,8
7372,119,125,-6,6
7373,67,69,-2,2
7374,79,84,-5,5
7375,68,70,-2,2
7376,62,64,-2,2
7377,48,56,-8,8
7378,104,103,1,1
7379,67,75,-8,8
7380,63,65,-2,2
7381,70,68,2,2
7382,83,90,-7,7
7383,66,66,0,0
7384,67,74,-7,7
7385,54,57,-3,3
7386,144,135,9,9
7387,68,73,-5,5
7388,76,84,-8,8
7389,62,66,-4,4
7390,147,133,14,14
7391,80,108,-28,28
7392,53,61,-8,8
7393,73,56,17,17
7394,74,76,-2,2
7395,63,68,-5,5
7396,111,101,10,10
7397,199,183,16,16
7398,90,84,6,6
7399,65,71,-6,6
7400,68,66,2,2
7401,81,82,-1,1
7402,95,96,-1,1
7403,83,85,-2,2
7404,99,90,9,9
7405,64,69,-5,5
7406,70,67,3,3
7407,62,60,2,2
7408,60,71,-11,11
7409,84,84,0,0
7410,63,61,2,2
7411,91,102,-11,11
7412,53,72,-19,19
7413,114,120,-6,6
7414,102,96,6,6
7415,80,73,7,7
7416,85,91,-6,6
7417,112,117,-5,5
7418,86,89,-3,3
7419,61,71,-10,10
7420,118,113,5,5
7421,108,101,7,7
7422,179,163,16,16
7423,87,83,4,4
7424,185,168,17,17
7425,91,83,8,8
7426,73,80,-7,7
7427,63,56,7,7
7428,159,145,14,14
7429,146,140,6,6
7430,75,85,-10,10
7431,73,80,-7,7
7432,107,98,9,9
7433,93,96,-3,3
7434,89,87,2,2
7435,82,94,-12,12
7436,79,73,6,6
7437,50,59,-9,9
7438,69,77,-8,8
7439,89,91,-2,2
7440,145,155,-10,10
7441,84,91,-7,7
7442,115,110,5,5
7443,103,129,-26,26
7444,90,90,0,0
7445,57,52,5,5
7446,118,108,10,10
7447,99,104,-5,5
7448,124,123,1,1
7449,102,118,-16,16
7450,97,101,-4,4
7451,64,66,-2,2
7452,78,73,5,5
7453,121,122,-1,1
7454,163,166,-3,3
7455,63,66,-3,3
7456,53,71,-18,18
7457,71,68,3,3
7458,79,75,4,4
7459,102,106,-4,4
7460,130,121,9,9
7461,114,116,-2,2
7462,118,123,-5,5
7463,93,101,-8,8
7464,78,63,15,15
7465,87,80,7,7
7466,107,103,4,4
7467,105,97,8,8
7468,135,96,39,39
7469,64,67,-3,3
7470,80,73,7,7
7471,79,84,-5,5
7472,156,163,-7,7
7473,123,131,-8,8
7474,81,95,-14,14
7475,91,92,-1,1
7476,184,161,23,23
7477,62,78,-16,16
7478,76,83,-7,7
7479,112,106,6,6
7480,60,68,-8,8
7481,103,98,5,5
7482,83,88,-5,5
7483,69,65,4,4
7484,206,192,14,14
7485,78,81,-3,3
7486,82,73,9,9
7487,81,81,0,0
7488,39,35,4,4
7489,109,117,-8,8
7490,32,48,-16,16
7491,65,78,-13,13
7492,88,91,-3,3
7493,94,98,-4,4
7494,87,95,-8,8
7495,74,80,-6,6
7496,88,82,6,6
7497,103,118,-15,15
7498,72,62,10,10
7499,83,79,4,4
7500,197,208,-11,11
7501,41,48,-7,7
7502,76,78,-2,2
7503,129,106,23,23
7504,40,59,-19,19
7505,136,140,-4,4
7506,62,61,1,1
7507,66,58,8,8
7508,106,121,-15,15
7509,62,64,-2,2
7510,109,105,4,4
7511,136,126,10,10
7512,100,98,2,2
7513,160,156,4,4
7514,105,112,-7,7
7515,122,115,7,7
7516,98,98,0,0
7517,78,85,-7,7
7518,75,76,-1,1
7519,67,69,-2,2
7520,56,56,0,0
7521,60,63,-3,3
7522,38,44,-6,6
7523,53,59,-6,6
7524,57,64,-7,7
7525,113,113,0,0
7526,83,80,3,3
7527,81,83,-2,2
7528,136,138,-2,2
7529,78,73,5,5
7530,89,89,0,0
7531,86,83,3,3
7532,68,67,1,1
7533,156,154,2,2
7534,85,84,1,1
7535,126,126,0,0
7536,57,66,-9,9
7537,114,116,-2,2
7538,113,103,10,10
7539,75,89,-14,14
7540,130,117,13,13
7541,79,62,17,17
7542,112,108,4,4
7543,120,125,-5,5
7544,76,74,2,2
7545,86,80,6,6
7546,60,64,-4,4
7547,52,59,-7,7
7548,80,76,4,4
7549,136,122,14,14
7550,71,79,-8,8
7551,152,150,2,2
7552,59,68,-9,9
7553,88,79,9,9
7554,71,67,4,4
7555,71,73,-2,2
7556,88,90,-2,2
7557,44,43,1,1
7558,95,97,-2,2
7559,99,97,2,2
7560,74,82,-8,8
7561,148,147,1,1
7562,74,73,1,1
7563,103,101,2,2
7564,70,66,4,4
7565,128,124,4,4
7566,70,45,25,25
7567,69,73,-4,4
7568,95,74,21,21
7569,125,130,-5,5
7570,87,84,3,3
7571,130,142,-12,12
7572,105,121,-16,16
7573,96,97,-1,1
7574,90,94,-4,4
7575,52,56,-4,4
7576,77,89,-12,12
7577,143,139,4,4
7578,97,112,-15,15
7579,81,80,1,1
7580,55,57,-2,2
7581,122,108,14,14
7582,59,61,-2,2
7583,106,109,-3,3
7584,146,106,40,40
7585,62,65,-3,3
7586,122,122,0,0
7587,166,157,9,9
7588,76,67,9,9
7589,82,93,-11,11
7590,114,113,1,1
7591,113,138,-25,25
7592,94,100,-6,6
7593,113,122,-9,9
7594,79,82,-3,3
7595,106,101,5,5
7596,123,123,0,0
7597,118,108,10,10
7598,80,81,-1,1
7599,94,89,5,5
7600,89,87,2,2
7601,64,64,0,0
7602,113,123,-10,10
7603,137,131,6,6
7604,53,107,-54,54
7605,133,134,-1,1
7606,65,68,-3,3
7607,78,78,0,0
7608,40,41,-1,1
7609,60,66,-6,6
7610,52,61,-9,9
7611,136,131,5,5
7612,155,154,1,1
7613,94,90,4,4
7614,75,81,-6,6
7615,36,47,-11,11
7616,132,119,13,13
7617,117,130,-13,13
7618,136,145,-9,9
7619,141,132,9,9
7620,65,63,2,2
7621,96,83,13,13
7622,68,72,-4,4
7623,144,139,5,5
7624,148,131,17,17
7625,117,123,-6,6
7626,60,73,-13,13
7627,98,92,6,6
7628,114,114,0,0
7629,139,127,12,12
7630,109,105,4,4
7631,69,75,-6,6
7632,105,102,3,3
7633,116,114,2,2
7634,72,69,3,3
7635,74,93,-19,19
7636,102,105,-3,3
7637,62,55,7,7
7638,36,42,-6,6
7639,94,89,5,5
7640,78,75,3,3
7641,150,143,7,7
7642,81,79,2,2
7643,154,153,1,1
7644,115,129,-14,14
7645,44,55,-11,11
7646,88,95,-7,7
7647,80,71,9,9
7648,75,73,2,2
7649,58,67,-9,9
7650,124,127,-3,3
7651,90,82,8,8
7652,117,108,9,9
7653,93,89,4,4
7654,133,136,-3,3
7655,71,72,-1,1
7656,82,83,-1,1
7657,66,72,-6,6
7658,69,73,-4,4
7659,112,109,3,3
7660,114,110,4,4
7661,81,72,9,9
7662,110,119,-9,9
7663,76,74,2,2
7664,97,100,-3,3
7665,83,93,-10,10
7666,73,80,-7,7
7667,109,103,6,6
7668,67,62,5,5
7669,101,111,-10,10
7670,74,73,1,1
7671,122,124,-2,2
7672,51,60,-9,9
7673,80,98,-18,18
7674,118,117,1,1
7675,87,80,7,7
7676,84,79,5,5
7677,135,136,-1,1
7678,51,101,-50,50
7679,121,108,13,13
7680,60,57,3,3
7681,150,145,5,5
7682,41,49,-8,8
7683,55,61,-6,6
7684,149,122,27,27
7685,136,134,2,2
7686,121,118,3,3
7687,121,120,1,1
7688,50,66,-16,16
7689,61,61,0,0
7690,129,123,6,6
7691,83,98,-15,15
7692,83,114,-31,31
7693,77,74,3,3
7694,110,110,0,0
7695,110,100,10,10
7696,108,123,-15,15
7697,95,100,-5,5
7698,91,85,6,6
7699,99,90,9,9
7700,105,102,3,3
7701,104,122,-18,18
7702,82,90,-8,8
7703,68,72,-4,4
7704,77,78,-1,1
7705,103,97,6,6
7706,87,90,-3,3
7707,55,59,-4,4
7708,94,94,0,0
7709,67,71,-4,4
7710,75,100,-25,25
7711,137,131,6,6
7712,69,65,4,4
7713,67,68,-1,1
7714,77,92,-15,15
7715,68,71,-3,3
7716,117,117,0,0
7717,109,120,-11,11
7718,164,137,27,27
7719,102,117,-15,15
7720,77,84,-7,7
7721,71,79,-8,8
7722,71,74,-3,3
7723,146,133,13,13
7724,40,43,-3,3
7725,121,120,1,1
7726,86,78,8,8
7727,99,106,-7,7
7728,68,69,-1,1
7729,89,80,9,9
7730,71,75,-4,4
7731,72,75,-3,3
7732,49,51,-2,2
7733,155,130,25,25
7734,145,142,3,3
7735,102,109,-7,7
7736,131,135,-4,4
7737,101,87,14,14
7738,61,66,-5,5
7739,108,106,2,2
7740,62,64,-2,2
7741,93,96,-3,3
7742,84,81,3,3
7743,56,102,-46,46
7744,143,142,1,1
7745,145,142,3,3
7746,103,91,12,12
7747,88,86,2,2
7748,96,100,-4,4
7749,63,63,0,0
7750,88,79,9,9
7751,50,65,-15,15
7752,106,111,-5,5
7753,89,78,11,11
7754,101,106,-5,5
7755,134,126,8,8
7756,91,87,4,4
7757,134,137,-3,3
7758,79,81,-2,2
7759,161,153,8,8
7760,127,130,-3,3
7761,88,90,-2,2
7762,61,64,-3,3
7763,60,61,-1,1
7764,102,102,0,0
7765,140,145,-5,5
7766,69,69,0,0
7767,101,117,-16,16
7768,175,170,5,5
7769,129,149,-20,20
7770,115,105,10,10
7771,88,101,-13,13
7772,79,85,-6,6
7773,102,108,-6,6
7774,43,48,-5,5
7775,97,107,-10,10
7776,132,143,-11,11
7777,58,58,0,0
7778,89,91,-2,2
7779,90,102,-12,12
7780,98,100,-2,2
7781,102,104,-2,2
7782,88,92,-4,4
7783,106,111,-5,5
7784,99,97,2,2
7785,151,135,16,16
7786,111,104,7,7
7787,65,65,0,0
7788,71,76,-5,5
7789,79,94,-15,15
7790,65,63,2,2
7791,136,120,16,16
7792,151,168,-17,17
7793,108,113,-5,5
7794,121,112,9,9
7795,54,58,-4,4
7796,96,98,-2,2
7797,98,91,7,7
7798,62,66,-4,4
7799,78,84,-6,6
7800,97,97,0,0
7801,80,79,1,1
7802,65,74,-9,9
7803,74,88,-14,14
7804,118,120,-2,2
7805,109,109,0,0
7806,99,99,0,0
7807,78,85,-7,7
7808,59,73,-14,14
7809,84,84,0,0
7810,108,117,-9,9
7811,89,98,-9,9
7812,119,114,5,5
7813,182,172,10,10
7814,133,122,11,11
7815,90,96,-6,6
7816,144,158,-14,14
7817,109,91,18,18
7818,154,132,22,22
7819,54,57,-3,3
7820,59,64,-5,5
7821,120,106,14,14
7822,113,126,-13,13
7823,90,84,6,6
7824,119,121,-2,2
7825,72,75,-3,3
7826,173,170,3,3
7827,252,275,-23,23
7828,123,133,-10,10
7829,178,154,24,24
7830,207,169,38,38
7831,86,95,-9,9
7832,61,57,4,4
7833,82,88,-6,6
7834,77,79,-2,2
7835,90,96,-6,6
7836,85,96,-11,11
7837,133,146,-13,13
7838,67,76,-9,9
7839,71,79,-8,8
7840,118,129,-11,11
7841,168,174,-6,6
7842,101,107,-6,6
7843,126,112,14,14
7844,127,129,-2,2
7845,197,191,6,6
7846,67,64,3,3
7847,59,60,-1,1
7848,139,143,-4,4
7849,84,85,-1,1
7850,75,80,-5,5
7851,124,123,1,1
7852,61,67,-6,6
7853,78,78,0,0
7854,102,93,9,9
7855,50,52,-2,2
7856,72,84,-12,12
7857,98,110,-12,12
7858,109,116,-7,7
7859,97,90,7,7
7860,79,69,10,10
7861,73,75,-2,2
7862,114,118,-4,4
7863,118,120,-2,2
7864,101,110,-9,9
7865,103,114,-11,11
7866,49,59,-10,10
7867,49,58,-9,9
7868,37,50,-13,13
7869,121,117,4,4
7870,69,64,5,5
7871,126,131,-5,5
7872,91,86,5,5
7873,119,117,2,2
7874,105,95,10,10
7875,129,135,-6,6
7876,83,81,2,2
7877,99,100,-1,1
7878,106,119,-13,13
7879,67,61,6,6
7880,132,123,9,9
7881,110,92,18,18
7882,72,71,1,1
7883,126,116,10,10
7884,129,143,-14,14
7885,74,73,1,1
7886,131,126,5,5
7887,97,86,11,11
7888,118,130,-12,12
7889,124,128,-4,4
7890,66,75,-9,9
7891,99,103,-4,4
7892,93,96,-3,3
7893,169,176,-7,7
7894,109,114,-5,5
7895,194,175,19,19
7896,131,124,7,7
7897,67,67,0,0
7898,102,105,-3,3
7899,126,118,8,8
7900,166,179,-13,13
7901,52,61,-9,9
7902,129,151,-22,22
7903,175,178,-3,3
7904,77,73,4,4
7905,52,54,-2,2
7906,73,74,-1,1
7907,97,99,-2,2
7908,49,55,-6,6
7909,112,108,4,4
7910,108,111,-3,3
7911,91,85,6,6
7912,84,120,-36,36
7913,35,53,-18,18
7914,182,183,-1,1
7915,61,59,2,2
7916,61,45,16,16
7917,79,82,-3,3
7918,55,60,-5,5
7919,64,61,3,3
7920,142,137,5,5
7921,66,65,1,1
7922,74,83,-9,9
7923,150,145,5,5
7924,99,98,1,1
7925,106,120,-14,14
7926,72,80,-8,8
7927,121,122,-1,1
7928,114,111,3,3
7929,75,70,5,5
7930,65,71,-6,6
7931,116,116,0,0
7932,99,95,4,4
7933,199,170,29,29
7934,60,65,-5,5
7935,67,70,-3,3
7936,81,77,4,4
7937,178,133,45,45
7938,70,81,-11,11
7939,131,122,9,9
7940,149,146,3,3
7941,70,73,-3,3
7942,97,108,-11,11
7943,104,95,9,9
7944,73,72,1,1
7945,74,81,-7,7
7946,87,98,-11,11
7947,112,115,-3,3
7948,126,132,-6,6
7949,86,110,-24,24
7950,134,126,8,8
7951,117,101,16,16
7952,61,59,2,2
7953,71,87,-16,16
7954,80,88,-8,8
7955,63,66,-3,3
7956,70,66,4,4
7957,63,78,-15,15
7958,46,51,-5,5
7959,59,65,-6,6
7960,89,93,-4,4
7961,134,126,8,8
7962,113,107,6,6
7963,73,86,-13,13
7964,122,114,8,8
7965,59,59,0,0
7966,142,150,-8,8
7967,175,172,3,3
7968,61,64,-3,3
7969,142,145,-3,3
7970,68,62,6,6
7971,51,57,-6,6
7972,94,98,-4,4
7973,104,106,-2,2
7974,85,91,-6,6
7975,155,166,-11,11
7976,157,176,-19,19
7977,115,111,4,4
7978,94,106,-12,12
7979,86,96,-10,10
7980,115,111,4,4
7981,85,85,0,0
7982,106,106,0,0
7983,64,67,-3,3
7984,38,83,-45,45
7985,51,53,-2,2
7986,106,107,-1,1
7987,101,103,-2,2
7988,46,58,-12,12
7989,85,71,14,14
7990,104,112,-8,8
7991,95,94,1,1
7992,130,130,0,0
7993,151,143,8,8
7994,57,59,-2,2
7995,93,100,-7,7
7996,69,67,2,2
7997,39,40,-1,1
7998,76,84,-8,8
7999,84,75,9,9
8000,41,50,-9,9
8001,45,55,-10,10
8002,68,74,-6,6
8003,82,85,-3,3
8004,68,67,1,1
8005,73,68,5,5
8006,49,64,-15,15
8007,93,91,2,2
8008,75,72,3,3
8009,85,79,6,6
8010,103,103,0,0
8011,129,129,0,0
8012,116,128,-12,12
8013,77,82,-5,5
8014,83,80,3,3
8015,104,79,25,25
8016,124,109,15,15
8017,89,88,1,1
8018,88,105,-17,17
8019,49,63,-14,14
8020,104,104,0,0
8021,107,118,-11,11
8022,125,128,-3,3
8023,57,58,-1,1
8024,104,99,5,5
8025,51,79,-28,28
8026,86,82,4,4
8027,96,97,-1,1
8028,190,190,0,0
8029,84,87,-3,3
8030,105,120,-15,15
8031,94,92,2,2
8032,74,72,2,2
8033,100,91,9,9
8034,126,125,1,1
8035,73,81,-8,8
8036,83,83,0,0
8037,141,134,7,7
8038,124,133,-9,9
8039,79,86,-7,7
8040,135,129,6,6
8041,81,78,3,3
8042,137,134,3,3
8043,75,74,1,1
8044,54,68,-14,14
8045,102,112,-10,10
8046,157,136,21,21
8047,93,94,-1,1
8048,155,125,30,30
8049,71,70,1,1
8050,109,108,1,1
8051,60,66,-6,6
8052,57,65,-8,8
8053,113,111,2,2
8054,130,139,-9,9
8055,71,87,-16,16
8056,92,87,5,5
8057,148,125,23,23
8058,117,113,4,4
8059,68,71,-3,3
8060,161,151,10,10
8061,85,82,3,3
8062,65,64,1,1
8063,43,49,-6,6
8064,102,102,0,0
8065,69,62,7,7
8066,185,183,2,2
8067,133,116,17,17
8068,104,99,5,5
8069,105,103,2,2
8070,120,114,6,6
8071,85,92,-7,7
8072,73,52,21,21
8073,158,181,-23,23
8074,76,73,3,3
8075,87,82,5,5
8076,148,140,8,8
8077,85,91,-6,6
8078,98,78,20,20
8079,66,75,-9,9
8080,100,110,-10,10
8081,110,111,-1,1
8082,86,90,-4,4
8083,119,135,-16,16
8084,75,80,-5,5
8085,110,123,-13,13
8086,69,82,-13,13
8087,127,115,12,12
8088,98,93,5,5
8089,116,123,-7,7
8090,65,66,-1,1
8091,94,101,-7,7
8092,58,64,-6,6
8093,68,77,-9,9
8094,118,125,-7,7
8095,27,33,-6,6
8096,74,75,-1,1
8097,81,83,-2,2
8098,98,92,6,6
8099,56,55,1,1
8100,101,100,1,1
8101,128,125,3,3
8102,104,119,-15,15
8103,69,59,10,10
8104,130,124,6,6
8105,121,132,-11,11
8106,42,88,-46,46
8107,89,97,-8,8
8108,71,66,5,5
8109,129,131,-2,2
8110,59,67,-8,8
8111,101,103,-2,2
8112,102,111,-9,9
8113,109,123,-14,14
8114,94,97,-3,3
8115,108,118,-10,10
8116,102,95,7,7
8117,89,91,-2,2
8118,121,129,-8,8
8119,122,134,-12,12
8120,67,72,-5,5
8121,51,66,-15,15
8122,89,92,-3,3
8123,88,97,-9,9
8124,131,118,13,13
8125,103,105,-2,2
8126,151,193,-42,42
8127,134,148,-14,14
8128,108,114,-6,6
8129,92,86,6,6
8130,65,67,-2,2
8131,81,78,3,3
8132,68,81,-13,13
8133,91,88,3,3
8134,114,108,6,6
8135,48,58,-10,10
8136,102,108,-6,6
8137,149,144,5,5
8138,108,117,-9,9
8139,60,59,1,1
8140,103,109,-6,6
8141,65,70,-5,5
8142,119,127,-8,8
8143,104,110,-6,6
8144,64,58,6,6
8145,48,55,-7,7
8146,55,55,0,0
8147,75,83,-8,8
8148,44,60,-16,16
8149,73,71,2,2
8150,54,59,-5,5
8151,54,62,-8,8
8152,52,61,-9,9
8153,95,87,8,8
8154,66,77,-11,11
8155,85,105,-20,20
8156,75,64,11,11
8157,95,115,-20,20
8158,95,86,9,9
8159,36,47,-11,11
8160,79,78,1,1
8161,123,127,-4,4
8162,81,72,9,9
8163,176,161,15,15
8164,60,60,0,0
8165,61,66,-5,5
8166,140,132,8,8
8167,127,122,5,5
8168,96,102,-6,6
8169,99,94,5,5
8170,108,104,4,4
8171,58,61,-3,3
8172,51,64,-13,13
8173,95,95,0,0
8174,58,74,-16,16
8175,76,80,-4,4
8176,116,106,10,10
8177,108,99,9,9
8178,168,158,10,10
8179,27,41,-14,14
8180,145,133,12,12
8181,53,65,-12,12
8182,67,65,2,2
8183,92,88,4,4
8184,78,83,-5,5
8185,113,119,-6,6
8186,141,156,-15,15
8187,136,123,13,13
8188,103,97,6,6
8189,86,84,2,2
8190,195,197,-2,2
8191,75,70,5,5
8192,63,65,-2,2
8193,66,66,0,0
8194,127,129,-2,2
8195,122,114,8,8
8196,54,98,-44,44
8197,101,106,-5,5
8198,93,83,10,10
8199,64,67,-3,3
8200,108,109,-1,1
8201,111,113,-2,2
8202,77,63,14,14
8203,154,154,0,0
8204,94,86,8,8
8205,84,82,2,2
8206,76,84,-8,8
8207,87,89,-2,2
8208,126,120,6,6
8209,82,81,1,1
8210,82,95,-13,13
8211,80,77,3,3
8212,126,125,1,1
8213,64,70,-6,6
8214,142,125,17,17
8215,143,132,11,11
8216,127,147,-20,20
8217,76,85,-9,9
8218,57,74,-17,17
8219,109,103,6,6
8220,141,134,7,7
8221,129,122,7,7
8222,114,103,11,11
8223,83,83,0,0
8224,149,141,8,8
8225,47,58,-11,11
8226,88,101,-13,13
8227,88,79,9,9
8228,105,111,-6,6
8229,93,111,-18,18
8230,109,91,18,18
8231,87,81,6,6
8232,43,47,-4,4
8233,81,75,6,6
8234,101,83,18,18
8235,80,73,7,7
8236,112,112,0,0
8237,92,93,-1,1
8238,102,100,2,2
8239,71,72,-1,1
8240,166,171,-5,5
8241,98,100,-2,2
8242,129,111,18,18
8243,79,84,-5,5
8244,109,103,6,6
8245,145,136,9,9
8246,166,162,4,4
8247,76,77,-1,1
8248,46,50,-4,4
8249,113,116,-3,3
8250,75,86,-11,11
8251,86,83,3,3
8252,76,72,4,4
8253,88,93,-5,5
8254,67,73,-6,6
8255,100,98,2,2
8256,71,75,-4,4
8257,59,61,-2,2
8258,181,178,3,3
8259,56,58,-2,2
8260,114,102,12,12
8261,92,103,-11,11
8262,100,100,0,0
8263,75,91,-16,16
8264,188,178,10,10
8265,51,54,-3,3
8266,84,90,-6,6
8267,171,186,-15,15
8268,66,63,3,3
8269,92,87,5,5
8270,122,114,8,8
8271,40,43,-3,3
8272,87,82,5,5
8273,122,117,5,5
8274,98,93,5,5
8275,96,108,-12,12
8276,120,111,9,9
8277,82,89,-7,7
8278,88,86,2,2
8279,60,72,-12,12
8280,83,85,-2,2
8281,81,73,8,8
8282,151,134,17,17
8283,187,184,3,3
8284,98,109,-11,11
8285,95,85,10,10
8286,77,79,-2,2
8287,144,140,4,4
8288,81,82,-1,1
8289,91,103,-12,12
8290,149,144,5,5
8291,99,117,-18,18
8292,96,83,13,13
8293,129,137,-8,8
8294,63,62,1,1
8295,86,74,12,12
8296,64,71,-7,7
8297,74,67,7,7
8298,93,90,3,3
8299,85,85,0,0
8300,248,213,35,35
8301,91,95,-4,4
8302,58,66,-8,8
8303,93,84,9,9
8304,93,98,-5,5
8305,55,63,-8,8
8306,102,98,4,4
8307,107,103,4,4
8308,79,87,-8,8
8309,84,84,0,0
8310,95,93,2,2
8311,110,107,3,3
8312,80,81,-1,1
8313,44,46,-2,2
8314,96,99,-3,3
8315,59,60,-1,1
8316,109,116,-7,7
8317,198,197,1,1
8318,81,89,-8,8
8319,119,112,7,7
8320,106,115,-9,9
8321,114,101,13,13
8322,51,54,-3,3
8323,110,112,-2,2
8324,112,108,4,4
8325,99,109,-10,10
8326,80,80,0,0
8327,59,70,-11,11
8328,110,115,-5,5
8329,125,114,11,11
8330,137,130,7,7
8331,73,78,-5,5
8332,190,187,3,3
8333,137,141,-4,4
8334,46,52,-6,6
8335,124,122,2,2
8336,87,81,6,6
8337,114,99,15,15
8338,83,81,2,2
8339,85,93,-8,8
8340,142,168,-26,26
8341,108,100,8,8
8342,129,129,0,0
8343,107,105,2,2
8344,109,104,5,5
8345,144,87,57,57
8346,76,78,-2,2
8347,38,58,-20,20
8348,157,158,-1,1
8349,55,58,-3,3
8350,99,95,4,4
8351,153,141,12,12
8352,74,75,-1,1
8353,74,78,-4,4
8354,78,75,3,3
8355,74,84,-10,10
8356,94,102,-8,8
8357,112,102,10,10
8358,141,140,1,1
8359,82,78,4,4
8360,160,158,2,2
8361,103,105,-2,2
8362,110,100,10,10
8363,42,64,-22,22
8364,69,71,-2,2
8365,59,58,1,1
8366,98,98,0,0
8367,75,61,14,14
8368,58,63,-5,5
8369,74,69,5,5
8370,108,115,-7,7
8371,66,73,-7,7
8372,105,98,7,7
8373,46,60,-14,14
8374,55,64,-9,9
8375,71,59,12,12
8376,115,121,-6,6
8377,88,83,5,5
8378,47,53,-6,6
8379,174,171,3,3
8380,94,88,6,6
8381,74,78,-4,4
8382,84,77,7,7
8383,85,84,1,1
8384,65,61,4,4
8385,39,47,-8,8
8386,118,112,6,6
8387,101,95,6,6
8388,78,81,-3,3
8389,97,116,-19,19
8390,104,106,-2,2
8391,98,93,5,5
8392,81,100,-19,19
8393,112,118,-6,6
8394,98,93,5,5
8395,96,107,-11,11
8396,53,52,1,1
8397,67,83,-16,16
8398,70,81,-11,11
8399,114,110,4,4
8400,104,106,-2,2
8401,65,69,-4,4
8402,80,67,13,13
8403,96,88,8,8
8404,70,70,0,0
8405,105,102,3,3
8406,100,89,11,11
8407,160,150,10,10
8408,91,108,-17,17
8409,100,93,7,7
8410,119,99,20,20
8411,65,67,-2,2
8412,99,109,-10,10
8413,172,143,29,29
8414,83,77,6,6
8415,85,77,8,8
8416,69,66,3,3
8417,59,67,-8,8
8418,93,91,2,2
8419,81,76,5,5
8420,75,80,-5,5
8421,62,65,-3,3
8422,115,110,5,5
8423,107,152,-45,45
8424,105,97,8,8
8425,51,57,-6,6
8426,76,80,-4,4
8427,88,91,-3,3
8428,145,133,12,12
8429,114,115,-1,1
8430,38,47,-9,9
8431,133,133,0,0
8432,74,76,-2,2
8433,119,126,-7,7
8434,96,94,2,2
8435,143,127,16,16
8436,60,64,-4,4
8437,130,121,9,9
8438,120,115,5,5
8439,122,140,-18,18
8440,113,110,3,3
8441,68,80,-12,12
8442,98,96,2,2
8443,143,131,12,12
8444,77,70,7,7
8445,92,87,5,5
8446,61,67,-6,6
8447,74,81,-7,7
8448,94,79,15,15
8449,102,90,12,12
8450,118,115,3,3
8451,119,123,-4,4
8452,193,179,14,14
8453,95,101,-6,6
8454,89,90,-1,1
8455,129,129,0,0
8456,124,117,7,7
8457,84,83,1,1
8458,76,79,-3,3
8459,55,56,-1,1
8460,143,132,11,11
8461,134,123,11,11
8462,88,92,-4,4
8463,132,138,-6,6
8464,114,101,13,13
8465,71,66,5,5
8466,79,70,9,9
8467,101,97,4,4
8468,134,136,-2,2
8469,61,43,18,18
8470,81,82,-1,1
8471,107,121,-14,14
8472,86,85,1,1
8473,83,84,-1,1
8474,94,91,3,3
8475,102,108,-6,6
8476,110,139,-29,29
8477,137,146,-9,9
8478,56,76,-20,20
8479,134,128,6,6
8480,80,89,-9,9
8481,46,64,-18,18
8482,111,112,-1,1
8483,112,111,1,1
8484,121,116,5,5
8485,113,118,-5,5
8486,91,100,-9,9
8487,47,55,-8,8
8488,65,65,0,0
8489,56,70,-14,14
8490,83,88,-5,5
8491,85,95,-10,10
8492,102,98,4,4
8493,80,97,-17,17
8494,110,111,-1,1
8495,141,144,-3,3
8496,90,75,15,15
8497,73,71,2,2
8498,60,60,0,0
8499,178,149,29,29
8500,124,133,-9,9
8501,108,101,7,7
8502,100,97,3,3
8503,78,79,-1,1
8504,115,123,-8,8
8505,127,146,-19,19
8506,47,52,-5,5
8507,58,46,12,12
8508,151,139,12,12
8509,104,97,7,7
8510,56,66,-10,10
8511,79,105,-26,26
8512,67,67,0,0
8513,109,117,-8,8
8514,83,75,8,8
8515,101,79,22,22
8516,78,80,-2,2
8517,101,126,-25,25
8518,64,67,-3,3
8519,69,60,9,9
8520,81,79,2,2
8521,185,168,17,17
8522,89,80,9,9
8523,137,117,20,20
8524,98,90,8,8
8525,185,174,11,11
8526,62,63,-1,1
8527,135,131,4,4
8528,140,134,6,6
8529,166,165,1,1
8530,68,71,-3,3
8531,100,105,-5,5
8532,122,130,-8,8
8533,105,103,2,2
8534,129,126,3,3
8535,117,116,1,1
8536,74,81,-7,7
8537,91,91,0,0
8538,96,95,1,1
8539,96,90,6,6
8540,76,86,-10,10
8541,106,100,6,6
8542,71,70,1,1
8543,43,45,-2,2
8544,88,83,5,5
8545,79,94,-15,15
8546,104,102,2,2
8547,82,83,-1,1
8548,112,108,4,4
8549,104,118,-14,14
8550,55,58,-3,3
8551,90,91,-1,1
8552,47,65,-18,18
8553,111,106,5,5
8554,127,125,2,2
8555,67,71,-4,4
8556,163,147,16,16
8557,154,157,-3,3
8558,63,60,3,3
8559,50,76,-26,26
8560,56,73,-17,17
8561,104,119,-15,15
8562,80,79,1,1
8563,83,78,5,5
8564,64,67,-3,3
8565,55,57,-2,2
8566,84,69,15,15
8567,130,117,13,13
8568,85,90,-5,5
8569,109,111,-2,2
8570,153,117,36,36
8571,104,110,-6,6
8572,129,118,11,11
8573,106,94,12,12
8574,173,169,4,4
8575,93,98,-5,5
8576,93,85,8,8
8577,99,94,5,5
8578,66,75,-9,9
8579,98,96,2,2
8580,110,145,-35,35
8581,50,62,-12,12
8582,104,113,-9,9
8583,110,124,-14,14
8584,60,76,-16,16
8585,102,96,6,6
8586,87,88,-1,1
8587,133,137,-4,4
8588,133,130,3,3
8589,122,114,8,8
8590,92,90,2,2
8591,139,141,-2,2
8592,52,61,-9,9
8593,83,98,-15,15
8594,91,91,0,0
8595,65,69,-4,4
8596,113,121,-8,8
8597,77,75,2,2
8598,161,154,7,7
8599,92,100,-8,8
8600,180,171,9,9
8601,77,76,1,1
8602,109,108,1,1
8603,81,74,7,7
8604,98,102,-4,4
8605,54,57,-3,3
8606,126,122,4,4
8607,91,95,-4,4
8608,77,79,-2,2
8609,124,124,0,0
8610,78,85,-7,7
8611,189,157,32,32
8612,80,77,3,3
8613,159,147,12,12
8614,73,80,-7,7
8615,90,96,-6,6
8616,62,73,-11,11
8617,90,95,-5,5
8618,134,145,-11,11
8619,121,104,17,17
8620,87,83,4,4
8621,59,65,-6,6
8622,89,97,-8,8
8623,105,111,-6,6
8624,97,88,9,9
8625,110,107,3,3
8626,141,129,12,12
8627,85,89,-4,4
8628,132,129,3,3
8629,89,96,-7,7
8630,75,72,3,3
8631,81,76,5,5
8632,77,63,14,14
8633,104,107,-3,3
8634,132,136,-4,4
8635,136,130,6,6
8636,82,83,-1,1
8637,85,95,-10,10
8638,76,80,-4,4
8639,109,128,-19,19
8640,51,62,-11,11
8641,85,85,0,0
8642,58,62,-4,4
8643,161,159,2,2
8644,85,92,-7,7
8645,61,64,-3,3
8646,82,85,-3,3
8647,114,117,-3,3
8648,113,111,2,2
8649,82,78,4,4
8650,128,113,15,15
8651,113,113,0,0
8652,61,64,-3,3
8653,85,82,3,3
8654,112,119,-7,7
8655,76,52,24,24
8656,89,92,-3,3
8657,142,130,12,12
8658,81,78,3,3
8659,143,106,37,37
8660,94,94,0,0
8661,134,111,23,23
8662,59,63,-4,4
8663,55,67,-12,12
8664,75,83,-8,8
8665,87,102,-15,15
8666,69,62,7,7
8667,104,102,2,2
8668,57,57,0,0
8669,68,64,4,4
8670,169,160,9,9
8671,114,121,-7,7
8672,92,95,-3,3
8673,97,92,5,5
8674,121,115,6,6
8675,89,68,21,21
8676,116,134,-18,18
8677,93,98,-5,5
8678,116,105,11,11
8679,125,113,12,12
8680,82,110,-28,28
8681,50,53,-3,3
8682,46,53,-7,7
8683,45,49,-4,4
8684,120,122,-2,2
8685,93,87,6,6
8686,102,111,-9,9
8687,126,126,0,0
8688,108,127,-19,19
8689,110,118,-8,8
8690,101,99,2,2
8691,73,72,1,1
8692,58,61,-3,3
8693,113,117,-4,4
8694,136,145,-9,9
8695,64,64,0,0
8696,125,173,-48,48
8697,88,78,10,10
8698,92,93,-1,1
8699,106,104,2,2
8700,90,109,-19,19
8701,85,85,0,0
8702,80,74,6,6
8703,110,115,-5,5
8704,80,90,-10,10
8705,117,108,9,9
8706,47,60,-13,13
8707,112,107,5,5
8708,84,88,-4,4
8709,116,104,12,12
8710,61,67,-6,6
8711,82,76,6,6
8712,164,144,20,20
8713,125,128,-3,3
8714,80,76,4,4
8715,66,73,-7,7
8716,61,72,-11,11
8717,82,99,-17,17
8718,81,86,-5,5
8719,143,130,13,13
8720,145,129,16,16
8721,75,68,7,7
8722,60,80,-20,20
8723,86,92,-6,6
8724,99,105,-6,6
8725,112,118,-6,6
8726,98,96,2,2
8727,96,82,14,14
8728,64,81,-17,17
8729,62,63,-1,1
8730,123,129,-6,6
8731,83,95,-12,12
8732,101,101,0,0
8733,27,41,-14,14
8734,167,160,7,7
8735,149,159,-10,10
8736,94,93,1,1
8737,155,155,0,0
8738,39,42,-3,3
8739,62,66,-4,4
8740,81,78,3,3
8741,58,61,-3,3
8742,74,86,-12,12
8743,139,144,-5,5
8744,74,77,-3,3
8745,84,92,-8,8
8746,155,130,25,25
8747,114,114,0,0
8748,152,261,-109,109
8749,104,104,0,0
8750,92,98,-6,6
8751,55,69,-14,14
8752,91,93,-2,2
8753,90,85,5,5
8754,86,86,0,0
8755,76,88,-12,12
8756,86,93,-7,7
8757,49,52,-3,3
8758,105,107,-2,2
8759,67,69,-2,2
8760,96,120,-24,24
8761,105,107,-2,2
8762,98,82,16,16
8763,114,109,5,5
8764,114,125,-11,11
8765,103,115,-12,12
8766,128,118,10,10
8767,110,94,16,16
8768,89,75,14,14
8769,67,66,1,1
8770,136,127,9,9
8771,154,136,18,18
8772,62,86,-24,24
8773,109,110,-1,1
8774,91,82,9,9
8775,63,59,4,4
8776,172,162,10,10
8777,93,88,5,5
8778,81,78,3,3
8779,87,91,-4,4
8780,49,70,-21,21
8781,157,161,-4,4
8782,87,80,7,7
8783,61,82,-21,21
8784,60,64,-4,4
8785,129,127,2,2
8786,75,65,10,10
8787,86,91,-5,5
8788,37,37,0,0
8789,110,111,-1,1
8790,124,117,7,7
8791,65,68,-3,3
8792,148,159,-11,11
8793,73,83,-10,10
8794,105,120,-15,15
8795,70,81,-11,11
8796,63,73,-10,10
8797,71,67,4,4
8798,71,74,-3,3
8799,68,68,0,0
8800,96,87,9,9
8801,87,84,3,3
8802,88,91,-3,3
8803,69,68,1,1
8804,83,84,-1,1
8805,72,75,-3,3
8806,98,106,-8,8
8807,126,131,-5,5
8808,45,62,-17,17
8809,52,58,-6,6
8810,103,119,-16,16
8811,77,72,5,5
8812,83,85,-2,2
8813,73,70,3,3
8814,108,107,1,1
8815,73,74,-1,1
8816,80,82,-2,2
8817,57,57,0,0
8818,63,63,0,0
8819,24,48,-24,24
8820,89,76,13,13
8821,61,64,-3,3
8822,97,104,-7,7
8823,85,89,-4,4
8824,143,147,-4,4
8825,129,118,11,11
8826,75,83,-8,8
8827,71,76,-5,5
8828,92,91,1,1
8829,72,67,5,5
8830,91,87,4,4
8831,83,72,11,11
8832,75,86,-11,11
8833,66,72,-6,6
8834,43,40,3,3
8835,127,125,2,2
8836,125,142,-17,17
8837,44,54,-10,10
8838,51,63,-12,12
8839,54,58,-4,4
8840,203,241,-38,38
8841,127,130,-3,3
8842,102,93,9,9
8843,81,73,8,8
8844,69,62,7,7
8845,121,115,6,6
8846,85,86,-1,1
8847,125,120,5,5
8848,138,135,3,3
8849,191,169,22,22
8850,92,111,-19,19
8851,94,85,9,9
8852,128,133,-5,5
8853,35,80,-45,45
8854,104,83,21,21
8855,86,90,-4,4
8856,132,125,7,7
8857,89,92,-3,3
8858,48,57,-9,9
8859,75,75,0,0
8860,80,69,11,11
8861,100,91,9,9
8862,115,100,15,15
8863,135,146,-11,11
8864,88,89,-1,1
8865,108,111,-3,3
8866,141,148,-7,7
8867,81,79,2,2
8868,147,147,0,0
8869,94,91,3,3
8870,86,88,-2,2
8871,125,128,-3,3
8872,62,65,-3,3
8873,82,86,-4,4
8874,123,119,4,4
8875,80,86,-6,6
8876,108,100,8,8
8877,91,80,11,11
8878,124,133,-9,9
8879,93,104,-11,11
8880,141,152,-11,11
8881,97,59,38,38
8882,177,182,-5,5
8883,80,87,-7,7
8884,133,157,-24,24
8885,98,104,-6,6
8886,104,94,10,10
8887,64,69,-5,5
8888,170,165,5,5
8889,91,100,-9,9
8890,98,89,9,9
8891,125,123,2,2
8892,65,70,-5,5
8893,86,80,6,6
8894,75,73,2,2
8895,72,80,-8,8
8896,53,68,-15,15
8897,93,84,9,9
8898,69,70,-1,1
8899,95,89,6,6
8900,76,81,-5,5
8901,73,73,0,0
8902,56,63,-7,7
8903,92,90,2,2
8904,43,53,-10,10
8905,60,48,12,12
8906,74,80,-6,6
8907,85,89,-4,4
8908,91,90,1,1
8909,92,93,-1,1
8910,91,95,-4,4
8911,60,65,-5,5
8912,142,153,-11,11
8913,127,127,0,0
8914,87,88,-1,1
8915,130,87,43,43
8916,104,103,1,1
8917,62,59,3,3
8918,125,134,-9,9
8919,96,183,-87,87
8920,170,145,25,25
8921,103,113,-10,10
8922,185,161,24,24
8923,80,75,5,5
8924,56,64,-8,8
8925,105,121,-16,16
8926,63,65,-2,2
8927,88,89,-1,1
8928,79,80,-1,1
8929,60,79,-19,19
8930,84,83,1,1
8931,123,130,-7,7
8932,107,96,11,11
8933,94,96,-2,2
8934,70,71,-1,1
8935,141,132,9,9
8936,56,57,-1,1
8937,166,167,-1,1
8938,120,110,10,10
8939,137,120,17,17
8940,88,69,19,19
8941,127,109,18,18
8942,157,150,7,7
8943,130,121,9,9
8944,106,114,-8,8
8945,131,133,-2,2
8946,54,58,-4,4
8947,132,127,5,5
8948,80,78,2,2
8949,81,90,-9,9
8950,128,108,20,20
8951,36,40,-4,4
8952,106,102,4,4
8953,85,87,-2,2
8954,64,68,-4,4
8955,81,83,-2,2
8956,120,113,7,7
8957,130,123,7,7
8958,99,94,5,5
8959,70,69,1,1
8960,78,77,1,1
8961,112,124,-12,12
8962,82,78,4,4
8963,184,163,21,21
8964,129,144,-15,15
8965,111,102,9,9
8966,99,117,-18,18
8967,51,60,-9,9
8968,102,100,2,2
8969,66,74,-8,8
8970,74,79,-5,5
8971,129,138,-9,9
8972,54,64,-10,10
8973,117,128,-11,11
8974,120,115,5,5
8975,73,83,-10,10
8976,177,196,-19,19
8977,157,139,18,18
8978,77,79,-2,2
8979,55,64,-9,9
8980,132,125,7,7
8981,180,162,18,18
8982,72,73,-1,1
8983,88,98,-10,10
8984,71,76,-5,5
8985,85,82,3,3
8986,51,51,0,0
8987,61,68,-7,7
8988,76,78,-2,2
8989,90,90,0,0
8990,64,68,-4,4
8991,67,81,-14,14
8992,95,96,-1,1
8993,46,49,-3,3
8994,92,86,6,6
8995,121,135,-14,14
8996,93,93,0,0
8997,92,98,-6,6
8998,52,54,-2,2
8999,112,121,-9,9
9000,66,114,-48,48
9001,76,76,0,0
9002,157,158,-1,1
9003,75,73,2,2
9004,68,71,-3,3
9005,64,70,-6,6
9006,135,124,11,11
9007,107,108,-1,1
9008,79,59,20,20
9009,82,80,2,2
9010,101,94,7,7
9011,142,167,-25,25
9012,108,98,10,10
9013,93,101,-8,8
9014,111,122,-11,11
9015,111,108,3,3
9016,101,97,4,4
9017,67,66,1,1
9018,58,61,-3,3
9019,117,114,3,3
9020,100,99,1,1
9021,96,91,5,5
9022,106,110,-4,4
9023,82,76,6,6
9024,57,59,-2,2
9025,95,86,9,9
9026,92,89,3,3
9027,78,83,-5,5
9028,85,86,-1,1
9029,46,48,-2,2
9030,60,67,-7,7
9031,68,77,-9,9
9032,90,91,-1,1
9033,106,115,-9,9
9034,72,71,1,1
9035,91,92,-1,1
9036,142,145,-3,3
9037,63,59,4,4
9038,55,58,-3,3
9039,112,113,-1,1
9040,165,174,-9,9
9041,80,75,5,5
9042,58,59,-1,1
9043,96,103,-7,7
9044,69,66,3,3
9045,85,108,-23,23
9046,74,85,-11,11
9047,148,138,10,10
9048,61,65,-4,4
9049,114,122,-8,8
9050,117,119,-2,2
9051,87,88,-1,1
9052,148,140,8,8
9053,129,124,5,5
9054,100,92,8,8
9055,79,78,1,1
9056,84,79,5,5
9057,75,74,1,1
9058,101,99,2,2
9059,74,79,-5,5
9060,98,88,10,10
9061,97,93,4,4
9062,58,51,7,7
9063,104,105,-1,1
9064,122,112,10,10
9065,33,39,-6,6
9066,62,62,0,0
9067,59,71,-12,12
9068,66,73,-7,7
9069,112,112,0,0
9070,109,104,5,5
9071,67,74,-7,7
9072,157,182,-25,25
9073,147,136,11,11
9074,114,115,-1,1
9075,45,49,-4,4
9076,71,79,-8,8
9077,135,128,7,7
9078,64,55,9,9
9079,101,113,-12,12
9080,93,104,-11,11
9081,92,77,15,15
9082,128,130,-2,2
9083,90,87,3,3
9084,113,99,14,14
9085,62,55,7,7
9086,66,62,4,4
9087,69,73,-4,4
9088,90,86,4,4
9089,69,70,-1,1
9090,87,89,-2,2
9091,70,88,-18,18
9092,88,91,-3,3
9093,60,67,-7,7
9094,172,164,8,8
9095,94,92,2,2
9096,53,63,-10,10
9097,81,82,-1,1
9098,103,103,0,0
9099,146,146,0,0
9100,93,98,-5,5
9101,106,113,-7,7
9102,115,110,5,5
9103,171,149,22,22
9104,80,101,-21,21
9105,89,85,4,4
9106,75,84,-9,9
9107,197,204,-7,7
9108,52,58,-6,6
9109,56,62,-6,6
9110,76,72,4,4
9111,136,132,4,4
9112,127,124,3,3
9113,102,105,-3,3
9114,100,111,-11,11
9115,154,153,1,1
9116,127,148,-21,21
9117,115,112,3,3
9118,69,67,2,2
9119,113,104,9,9
9120,116,125,-9,9
9121,92,95,-3,3
9122,95,95,0,0
9123,81,71,10,10
9124,81,84,-3,3
9125,148,157,-9,9
9126,94,89,5,5
9127,117,123,-6,6
9128,47,56,-9,9
9129,100,93,7,7
9130,133,126,7,7
9131,79,98,-19,19
9132,147,145,2,2
9133,62,67,-5,5
9134,77,81,-4,4
9135,154,144,10,10
9136,112,117,-5,5
9137,65,65,0,0
9138,42,46,-4,4
9139,114,110,4,4
9140,114,102,12,12
9141,77,73,4,4
9142,68,78,-10,10
9143,84,96,-12,12
9144,120,117,3,3
9145,132,135,-3,3
9146,113,135,-22,22
9147,86,85,1,1
9148,78,81,-3,3
9149,73,93,-20,20
9150,68,62,6,6
9151,93,96,-3,3
9152,113,122,-9,9
9153,58,60,-2,2
9154,63,71,-8,8
9155,54,56,-2,2
9156,123,115,8,8
9157,43,51,-8,8
9158,82,75,7,7
9159,144,136,8,8
9160,73,92,-19,19
9161,49,55,-6,6
9162,103,104,-1,1
9163,179,187,-8,8
9164,106,108,-2,2
9165,93,126,-33,33
9166,135,144,-9,9
9167,120,123,-3,3
9168,130,120,10,10
9169,79,91,-12,12
9170,82,76,6,6
9171,55,60,-5,5
9172,74,68,6,6
9173,153,164,-11,11
9174,93,94,-1,1
9175,107,106,1,1
9176,136,159,-23,23
9177,88,94,-6,6
9178,56,69,-13,13
9179,171,155,16,16
9180,115,107,8,8
9181,53,64,-11,11
9182,124,125,-1,1
9183,117,116,1,1
9184,76,70,6,6
9185,168,164,4,4
9186,78,74,4,4
9187,42,52,-10,10
9188,74,71,3,3
9189,156,141,15,15
9190,81,81,0,0
9191,88,75,13,13
9192,169,158,11,11
9193,74,73,1,1
9194,108,107,1,1
9195,98,85,13,13
9196,175,185,-10,10
9197,39,47,-8,8
9198,47,58,-11,11
9199,100,83,17,17
9200,105,97,8,8
9201,103,104,-1,1
9202,114,111,3,3
9203,65,74,-9,9
9204,70,66,4,4
9205,79,60,19,19
9206,96,97,-1,1
9207,123,137,-14,14
9208,94,95,-1,1
9209,124,135,-11,11
9210,102,90,12,12
9211,108,104,4,4
9212,78,79,-1,1
9213,111,111,0,0
9214,84,95,-11,11
9215,58,53,5,5
9216,124,118,6,6
9217,92,87,5,5
9218,75,81,-6,6
9219,64,59,5,5
9220,89,87,2,2
9221,88,94,-6,6
9222,58,72,-14,14
9223,116,120,-4,4
9224,57,60,-3,3
9225,98,100,-2,2
9226,138,141,-3,3
9227,87,93,-6,6
9228,58,57,1,1
9229,141,129,12,12
9230,72,71,1,1
9231,63,76,-13,13
9232,173,172,1,1
9233,113,117,-4,4
9234,114,114,0,0
9235,95,83,12,12
9236,80,79,1,1
9237,75,75,0,0
9238,113,118,-5,5
9239,86,93,-7,7
9240,54,59,-5,5
9241,99,94,5,5
9242,149,126,23,23
9243,73,68,5,5
9244,86,75,11,11
9245,108,105,3,3
9246,74,73,1,1
9247,59,55,4,4
9248,106,110,-4,4
9249,158,143,15,15
9250,45,57,-12,12
9251,77,76,1,1
9252,116,132,-16,16
9253,52,76,-24,24
9254,93,100,-7,7
9255,129,103,26,26
9256,63,59,4,4
9257,41,48,-7,7
9258,62,60,2,2
9259,168,172,-4,4
9260,117,111,6,6
9261,142,128,14,14
9262,112,109,3,3
9263,101,95,6,6
9264,86,84,2,2
9265,77,86,-9,9
9266,141,144,-3,3
9267,80,102,-22,22
9268,107,133,-26,26
9269,90,92,-2,2
9270,65,76,-11,11
9271,57,60,-3,3
9272,89,78,11,11
9273,63,66,-3,3
9274,121,122,-1,1
9275,108,102,6,6
9276,83,89,-6,6
9277,116,99,17,17
9278,66,72,-6,6
9279,128,125,3,3
9280,98,96,2,2
9281,76,77,-1,1
9282,130,118,12,12
9283,55,48,7,7
9284,64,68,-4,4
9285,107,118,-11,11
9286,117,108,9,9
9287,124,125,-1,1
9288,88,86,2,2
9289,44,50,-6,6
9290,89,93,-4,4
9291,82,89,-7,7
9292,78,78,0,0
9293,63,70,-7,7
9294,60,57,3,3
9295,55,55,0,0
9296,80,85,-5,5
9297,56,63,-7,7
9298,68,74,-6,6
9299,177,184,-7,7
9300,69,69,0,0
9301,63,64,-1,1
9302,116,115,1,1
9303,96,103,-7,7
9304,142,130,12,12
9305,85,84,1,1
9306,56,63,-7,7
9307,91,82,9,9
9308,72,72,0,0
9309,69,79,-10,10
9310,114,117,-3,3
9311,131,131,0,0
9312,70,74,-4,4
9313,138,138,0,0
9314,103,101,2,2
9315,69,66,3,3
9316,97,94,3,3
9317,98,118,-20,20
9318,117,109,8,8
9319,95,103,-8,8
9320,130,130,0,0
9321,174,155,19,19
9322,114,111,3,3
9323,87,88,-1,1
9324,92,91,1,1
9325,57,62,-5,5
9326,93,90,3,3
9327,90,87,3,3
9328,87,96,-9,9
9329,87,87,0,0
9330,115,121,-6,6
9331,103,106,-3,3
9332,66,64,2,2
9333,95,84,11,11
9334,98,99,-1,1
9335,82,77,5,5
9336,63,59,4,4
9337,39,45,-6,6
9338,60,69,-9,9
9339,112,102,10,10
9340,159,151,8,8
9341,41,52,-11,11
9342,96,100,-4,4
9343,117,109,8,8
9344,69,61,8,8
9345,82,84,-2,2
9346,125,117,8,8
9347,82,79,3,3
9348,65,73,-8,8
9349,92,84,8,8
9350,91,101,-10,10
9351,91,89,2,2
9352,95,91,4,4
9353,28,47,-19,19
9354,64,70,-6,6
9355,73,66,7,7
9356,122,104,18,18
9357,76,78,-2,2
9358,82,84,-2,2
9359,134,135,-1,1
9360,118,111,7,7
9361,72,80,-8,8
9362,96,131,-35,35
9363,176,148,28,28
9364,156,149,7,7
9365,64,84,-20,20
9366,99,110,-11,11
9367,94,91,3,3
9368,84,84,0,0
9369,88,95,-7,7
9370,144,145,-1,1
9371,123,118,5,5
9372,99,107,-8,8
9373,63,86,-23,23
9374,64,68,-4,4
9375,141,133,8,8
9376,71,102,-31,31
9377,166,153,13,13
9378,118,112,6,6
9379,120,105,15,15
9380,145,152,-7,7
9381,87,84,3,3
9382,90,82,8,8
9383,80,83,-3,3
9384,125,124,1,1
9385,59,57,2,2
9386,171,150,21,21
9387,72,70,2,2
9388,121,111,10,10
9389,47,48,-1,1
9390,73,85,-12,12
9391,124,107,17,17
9392,87,94,-7,7
9393,95,91,4,4
9394,77,74,3,3
9395,167,170,-3,3
9396,53,53,0,0
9397,89,87,2,2
9398,83,78,5,5
9399,77,90,-13,13
9400,127,111,16,16
9401,94,99,-5,5
9402,95,87,8,8
9403,93,94,-1,1
9404,74,70,4,4
9405,112,122,-10,10
9406,117,117,0,0
9407,69,74,-5,5
9408,88,61,27,27
9409,71,66,5,5
9410,57,54,3,3
9411,89,85,4,4
9412,98,110,-12,12
9413,123,127,-4,4
9414,88,79,9,9
9415,136,122,14,14
9416,85,75,10,10
9417,93,89,4,4
9418,150,145,5,5
9419,50,53,-3,3
9420,77,83,-6,6
9421,87,98,-11,11
9422,123,126,-3,3
9423,71,80,-9,9
9424,142,145,-3,3
9425,78,87,-9,9
9426,111,105,6,6
9427,54,74,-20,20
9428,66,66,0,0
9429,110,100,10,10
9430,96,98,-2,2
9431,56,54,2,2
9432,17,34,-17,17
9433,84,84,0,0
9434,108,111,-3,3
9435,103,95,8,8
9436,102,101,1,1
9437,81,85,-4,4
9438,125,117,8,8
9439,120,129,-9,9
9440,89,89,0,0
9441,73,73,0,0
9442,110,108,2,2
9443,86,86,0,0
9444,94,96,-2,2
9445,76,76,0,0
9446,72,75,-3,3
9447,41,49,-8,8
9448,129,127,2,2
9449,80,78,2,2
9450,92,83,9,9
9451,208,184,24,24
9452,170,164,6,6
9453,88,93,-5,5
9454,43,51,-8,8
9455,65,55,10,10
9456,52,59,-7,7
9457,44,50,-6,6
9458,96,94,2,2
9459,165,146,19,19
9460,92,89,3,3
9461,104,91,13,13
9462,131,126,5,5
9463,73,72,1,1
9464,131,113,18,18
9465,51,75,-24,24
9466,63,71,-8,8
9467,107,108,-1,1
9468,109,135,-26,26
9469,131,119,12,12
9470,96,92,4,4
9471,90,85,5,5
9472,60,71,-11,11
9473,106,109,-3,3
9474,101,83,18,18
9475,67,73,-6,6
9476,117,118,-1,1
9477,76,76,0,0
9478,78,74,4,4
9479,94,90,4,4
9480,95,95,0,0
9481,78,70,8,8
9482,133,147,-14,14
9483,41,37,4,4
9484,105,85,20,20
9485,102,104,-2,2
9486,88,94,-6,6
9487,106,114,-8,8
9488,89,84,5,5
9489,98,128,-30,30
9490,128,134,-6,6
9491,102,110,-8,8
9492,132,137,-5,5
9493,101,105,-4,4
9494,144,149,-5,5
9495,61,65,-4,4
9496,61,61,0,0
9497,114,121,-7,7
9498,125,122,3,3
9499,70,66,4,4
9500,83,76,7,7
9501,147,146,1,1
9502,97,102,-5,5
9503,82,79,3,3
9504,87,82,5,5
9505,94,77,17,17
9506,54,63,-9,9
9507,71,79,-8,8
9508,105,103,2,2
9509,87,87,0,0
9510,95,103,-8,8
9511,71,80,-9,9
9512,76,85,-9,9
9513,123,128,-5,5
9514,127,200,-73,73
9515,84,93,-9,9
9516,48,69,-21,21
9517,108,92,16,16
9518,157,135,22,22
9519,54,48,6,6
9520,100,90,10,10
9521,118,116,2,2
9522,57,64,-7,7
9523,137,134,3,3
9524,80,78,2,2
9525,48,51,-3,3
9526,49,50,-1,1
9527,94,93,1,1
9528,101,89,12,12
9529,64,71,-7,7
9530,114,128,-14,14
9531,82,77,5,5
9532,62,67,-5,5
9533,57,72,-15,15
9534,88,104,-16,16
9535,92,102,-10,10
9536,66,88,-22,22
9537,76,85,-9,9
9538,59,60,-1,1
9539,89,94,-5,5
9540,63,67,-4,4
9541,51,49,2,2
9542,123,129,-6,6
9543,88,91,-3,3
9544,59,70,-11,11
9545,66,68,-2,2
9546,135,121,14,14
9547,54,64,-10,10
9548,24,33,-9,9
9549,91,81,10,10
9550,166,169,-3,3
9551,45,48,-3,3
9552,95,80,15,15
9553,99,104,-5,5
9554,70,82,-12,12
9555,81,77,4,4
9556,97,80,17,17
9557,75,80,-5,5
9558,55,64,-9,9
9559,86,104,-18,18
9560,172,160,12,12
9561,65,75,-10,10
9562,174,177,-3,3
9563,78,84,-6,6
9564,81,90,-9,9
9565,68,67,1,1
9566,74,68,6,6
9567,46,55,-9,9
9568,119,132,-13,13
9569,48,55,-7,7
9570,112,115,-3,3
9571,135,161,-26,26
9572,91,79,12,12
9573,103,93,10,10
9574,95,117,-22,22
9575,91,84,7,7
9576,201,182,19,19
9577,89,89,0,0
9578,71,62,9,9
9579,198,190,8,8
9580,93,89,4,4
9581,82,83,-1,1
9582,132,118,14,14
9583,79,96,-17,17
9584,60,68,-8,8
9585,72,78,-6,6
9586,107,116,-9,9
9587,112,115,-3,3
9588,99,94,5,5
9589,104,111,-7,7
9590,68,67,1,1
9591,57,58,-1,1
9592,47,61,-14,14
9593,96,90,6,6
9594,95,111,-16,16
9595,43,48,-5,5
9596,116,112,4,4
9597,65,81,-16,16
9598,106,95,11,11
9599,117,137,-20,20
9600,96,93,3,3
9601,67,64,3,3
9602,100,98,2,2
9603,108,112,-4,4
9604,103,105,-2,2
9605,58,62,-4,4
9606,88,95,-7,7
9607,133,130,3,3
9608,161,153,8,8
9609,95,90,5,5
9610,99,91,8,8
9611,69,80,-11,11
9612,112,105,7,7
9613,127,133,-6,6
9614,66,62,4,4
9615,116,122,-6,6
9616,105,93,12,12
9617,100,95,5,5
9618,93,96,-3,3
9619,79,85,-6,6
9620,121,109,12,12
9621,86,93,-7,7
9622,88,87,1,1
9623,177,153,24,24
9624,67,64,3,3
9625,73,68,5,5
9626,105,92,13,13
9627,115,116,-1,1
9628,141,130,11,11
9629,75,79,-4,4
9630,58,60,-2,2
9631,86,90,-4,4
9632,137,136,1,1
9633,113,123,-10,10
9634,92,84,8,8
9635,83,92,-9,9
9636,103,125,-22,22
9637,145,143,2,2
9638,84,86,-2,2
9639,123,115,8,8
9640,104,102,2,2
9641,61,63,-2,2
9642,79,61,18,18
9643,90,115,-25,25
9644,115,124,-9,9
9645,138,158,-20,20
9646,80,83,-3,3
9647,92,103,-11,11
9648,126,134,-8,8
9649,62,57,5,5
9650,81,82,-1,1
9651,88,90,-2,2
9652,90,103,-13,13
9653,70,70,0,0
9654,113,112,1,1
9655,81,88,-7,7
9656,70,83,-13,13
9657,87,90,-3,3
9658,62,70,-8,8
9659,54,59,-5,5
9660,85,90,-5,5
9661,76,72,4,4
9662,44,53,-9,9
9663,106,100,6,6
9664,116,118,-2,2
9665,114,101,13,13
9666,156,149,7,7
9667,127,125,2,2
9668,61,62,-1,1
9669,57,56,1,1
9670,128,125,3,3
9671,90,85,5,5
9672,113,115,-2,2
9673,81,82,-1,1
9674,48,63,-15,15
9675,47,57,-10,10
9676,139,125,14,14
9677,154,158,-4,4
9678,104,124,-20,20
9679,97,103,-6,6
9680,123,133,-10,10
9681,68,65,3,3
9682,94,89,5,5
9683,77,85,-8,8
9684,45,41,4,4
9685,78,80,-2,2
9686,75,77,-2,2
9687,79,76,3,3
9688,175,174,1,1
9689,117,106,11,11
9690,108,97,11,11
9691,106,112,-6,6
9692,82,71,11,11
9693,112,111,1,1
9694,74,81,-7,7
9695,117,110,7,7
9696,94,108,-14,14
9697,226,211,15,15
9698,120,113,7,7
9699,40,49,-9,9
9700,40,107,-67,67
9701,119,122,-3,3
9702,51,59,-8,8
9703,61,55,6,6
9704,119,124,-5,5
9705,97,94,3,3
9706,70,79,-9,9
9707,101,90,11,11
9708,160,153,7,7
9709,88,79,9,9
9710,41,54,-13,13
9711,86,69,17,17
9712,76,85,-9,9
9713,66,75,-9,9
9714,110,102,8,8
9715,120,120,0,0
9716,97,98,-1,1
9717,89,103,-14,14
9718,117,110,7,7
9719,59,72,-13,13
9720,145,144,1,1
9721,84,77,7,7
9722,78,83,-5,5
9723,65,66,-1,1
9724,62,78,-16,16
9725,114,114,0,0
9726,76,85,-9,9
9727,51,55,-4,4
9728,131,151,-20,20
9729,162,169,-7,7
9730,90,102,-12,12
9731,95,89,6,6
9732,49,64,-15,15
9733,81,88,-7,7
9734,103,96,7,7
9735,136,151,-15,15
9736,116,113,3,3
9737,74,75,-1,1
9738,54,69,-15,15
9739,110,112,-2,2
9740,113,90,23,23
9741,142,127,15,15
9742,130,111,19,19
9743,156,141,15,15
9744,186,194,-8,8
9745,70,73,-3,3
9746,115,109,6,6
9747,149,128,21,21
9748,135,138,-3,3
9749,72,69,3,3
9750,143,134,9,9
9751,190,167,23,23
9752,117,129,-12,12
9753,124,102,22,22
9754,78,90,-12,12
9755,90,99,-9,9
9756,49,49,0,0
9757,52,62,-10,10
9758,48,65,-17,17
9759,69,65,4,4
9760,69,70,-1,1
9761,40,56,-16,16
9762,89,84,5,5
9763,85,86,-1,1
9764,104,119,-15,15
9765,130,133,-3,3
9766,110,97,13,13
9767,136,127,9,9
9768,91,83,8,8
9769,83,87,-4,4
9770,50,55,-5,5
9771,104,108,-4,4
9772,83,87,-4,4
9773,114,117,-3,3
9774,119,130,-11,11
9775,88,88,0,0
9776,68,94,-26,26
9777,84,103,-19,19
9778,93,79,14,14
9779,56,50,6,6
9780,66,67,-1,1
9781,60,62,-2,2
9782,58,55,3,3
9783,142,152,-10,10
9784,197,178,19,19
9785,53,60,-7,7
9786,86,85,1,1
9787,85,84,1,1
9788,153,148,5,5
9789,58,61,-3,3
9790,78,77,1,1
9791,159,158,1,1
9792,129,122,7,7
9793,115,99,16,16
9794,64,66,-2,2
9795,142,141,1,1
9796,83,83,0,0
9797,171,152,19,19
9798,137,101,36,36
9799,107,112,-5,5
9800,101,92,9,9
9801,75,67,8,8
9802,103,92,11,11
9803,80,81,-1,1
9804,51,54,-3,3
9805,92,88,4,4
9806,88,91,-3,3
9807,96,100,-4,4
9808,140,139,1,1
9809,107,109,-2,2
9810,59,69,-10,10
9811,128,124,4,4
9812,80,78,2,2
9813,40,50,-10,10
9814,139,141,-2,2
9815,79,74,5,5
9816,89,108,-19,19
9817,127,127,0,0
9818,132,117,15,15
9819,104,112,-8,8
9820,100,85,15,15
9821,76,64,12,12
9822,182,143,39,39
9823,43,55,-12,12
9824,56,61,-5,5
9825,140,117,23,23
9826,98,96,2,2
9827,66,80,-14,14
9828,52,42,10,10
9829,100,92,8,8
9830,131,122,9,9
9831,47,39,8,8
9832,57,56,1,1
9833,58,65,-7,7
9834,100,101,-1,1
9835,143,159,-16,16
9836,81,77,4,4
9837,130,112,18,18
9838,63,75,-12,12
9839,84,106,-22,22
9840,86,85,1,1
9841,118,113,5,5
9842,109,105,4,4
9843,176,183,-7,7
9844,68,72,-4,4
9845,102,102,0,0
9846,65,82,-17,17
9847,88,94,-6,6
9848,127,125,2,2
9849,56,57,-1,1
9850,104,104,0,0
9851,105,92,13,13
9852,84,90,-6,6
9853,27,67,-40,40
9854,95,105,-10,10
9855,77,79,-2,2
9856,192,177,15,15
9857,78,71,7,7
9858,122,127,-5,5
9859,80,78,2,2
9860,94,83,11,11
9861,126,124,2,2
9862,44,48,-4,4
9863,73,81,-8,8
9864,104,88,16,16
9865,71,73,-2,2
9866,65,78,-13,13
9867,96,83,13,13
9868,116,85,31,31
9869,103,112,-9,9
9870,129,122,7,7
9871,143,147,-4,4
9872,100,119,-19,19
9873,133,131,2,2
9874,64,65,-1,1
9875,121,121,0,0
9876,61,69,-8,8
9877,55,55,0,0
9878,49,56,-7,7
9879,86,83,3,3
9880,85,79,6,6
9881,61,65,-4,4
9882,128,145,-17,17
9883,91,79,12,12
9884,99,90,9,9
9885,92,91,1,1
9886,179,176,3,3
9887,114,105,9,9
9888,66,66,0,0
9889,78,84,-6,6
9890,69,74,-5,5
9891,121,119,2,2
9892,85,77,8,8
9893,110,117,-7,7
9894,92,107,-15,15
9895,117,106,11,11
9896,174,162,12,12
9897,135,140,-5,5
9898,64,62,2,2
9899,75,76,-1,1
9900,97,115,-18,18
9901,120,119,1,1
9902,102,110,-8,8
9903,91,86,5,5
9904,70,77,-7,7
9905,64,76,-12,12
9906,49,59,-10,10
9907,94,103,-9,9
9908,71,79,-8,8
9909,136,155,-19,19
9910,68,71,-3,3
9911,122,115,7,7
9912,73,72,1,1
9913,114,120,-6,6
9914,98,95,3,3
9915,104,109,-5,5
9916,103,97,6,6
9917,108,104,4,4
9918,127,125,2,2
9919,130,131,-1,1
9920,95,97,-2,2
9921,89,88,1,1
9922,73,82,-9,9
9923,157,140,17,17
9924,103,97,6,6
9925,105,105,0,0
9926,112,110,2,2
9927,109,112,-3,3
9928,79,69,10,10
9929,92,115,-23,23
9930,72,66,6,6
9931,48,55,-7,7
9932,98,83,15,15
9933,111,110,1,1
9934,119,108,11,11
9935,139,123,16,16
9936,55,67,-12,12
9937,107,113,-6,6
9938,135,152,-17,17
9939,102,94,8,8
9940,88,101,-13,13
9941,105,127,-22,22
9942,136,124,12,12
9943,82,81,1,1
9944,67,75,-8,8
9945,123,122,1,1
9946,120,119,1,1
9947,94,109,-15,15
9948,51,53,-2,2
9949,95,86,9,9
9950,92,90,2,2
9951,154,154,0,0
9952,76,93,-17,17
9953,59,56,3,3
9954,153,153,0,0
9955,66,82,-16,16
9956,96,90,6,6
9957,131,118,13,13
9958,81,87,-6,6
9959,80,82,-2,2
9960,59,65,-6,6
9961,72,80,-8,8
9962,148,128,20,20
9963,123,138,-15,15
9964,72,53,19,19
9965,59,64,-5,5
9966,145,153,-8,8
9967,95,102,-7,7
9968,125,125,0,0
9969,79,75,4,4
9970,79,81,-2,2
9971,68,77,-9,9
9972,135,143,-8,8
9973,96,96,0,0
9974,64,71,-7,7
9975,62,57,5,5
9976,102,100,2,2
9977,141,142,-1,1
9978,82,79,3,3
9979,84,71,13,13
9980,85,88,-3,3
9981,77,80,-3,3
9982,107,103,4,4
9983,94,89,5,5
9984,84,72,12,12
9985,90,87,3,3
9986,127,106,21,21
9987,94,91,3,3
9988,142,168,-26,26
9989,88,96,-8,8
9990,104,98,6,6
9991,66,72,-6,6
9992,48,57,-9,9
9993,76,72,4,4
9994,105,125,-20,20
9995,62,62,0,0
9996,82,81,1,1
9997,123,130,-7,7
9998,88,100,-12,12
9999,68,69,-1,1
10000,171,154,17,17
10001,134,126,8,8
10002,81,72,9,9
10003,66,70,-4,4
10004,49,60,-11,11
10005,92,96,-4,4
10006,121,117,4,4
10007,133,129,4,4
10008,147,148,-1,1
10009,81,85,-4,4
10010,69,73,-4,4
10011,83,75,8,8
10012,88,90,-2,2
10013,59,60,-1,1
10014,91,93,-2,2
10015,153,151,2,2
10016,114,110,4,4
10017,77,82,-5,5
10018,85,83,2,2
10019,80,80,0,0
10020,74,74,0,0
10021,169,148,21,21
10022,108,114,-6,6
10023,121,126,-5,5
10024,83,89,-6,6
10025,56,58,-2,2
10026,74,81,-7,7
10027,53,61,-8,8
10028,80,86,-6,6
10029,79,89,-10,10
10030,117,109,8,8
10031,174,160,14,14
10032,77,72,5,5
10033,114,99,15,15
10034,79,81,-2,2
10035,158,154,4,4
10036,80,81,-1,1
10037,90,123,-33,33
10038,111,100,11,11
10039,155,140,15,15
10040,55,60,-5,5
10041,74,77,-3,3
10042,62,63,-1,1
10043,138,133,5,5
10044,143,142,1,1
10045,113,121,-8,8
10046,100,106,-6,6
10047,115,105,10,10
10048,49,56,-7,7
10049,139,145,-6,6
10050,114,124,-10,10
10051,125,122,3,3
10052,61,61,0,0
10053,136,126,10,10
10054,77,79,-2,2
10055,211,188,23,23
10056,66,59,7,7
10057,111,100,11,11
10058,122,122,0,0
10059,139,139,0,0
10060,121,107,14,14
10061,108,112,-4,4
10062,85,91,-6,6
10063,110,120,-10,10
10064,62,72,-10,10
10065,107,99,8,8
10066,49,54,-5,5
10067,82,73,9,9
10068,92,94,-2,2
10069,59,60,-1,1
10070,56,54,2,2
10071,105,99,6,6
10072,61,68,-7,7
10073,95,102,-7,7
10074,56,66,-10,10
10075,148,144,4,4
10076,123,129,-6,6
10077,111,125,-14,14
10078,75,77,-2,2
10079,139,149,-10,10
10080,68,77,-9,9
10081,90,85,5,5
10082,150,158,-8,8
10083,133,103,30,30
10084,49,56,-7,7
10085,62,66,-4,4
10086,111,109,2,2
10087,117,117,0,0
10088,151,140,11,11
10089,100,97,3,3
10090,42,56,-14,14
10091,78,81,-3,3
10092,48,59,-11,11
10093,118,112,6,6
10094,70,65,5,5
10095,117,134,-17,17
10096,61,84,-23,23
10097,94,103,-9,9
10098,78,77,1,1
10099,170,165,5,5
10100,68,62,6,6
10101,78,72,6,6
10102,47,52,-5,5
10103,130,106,24,24
10104,80,74,6,6
10105,70,80,-10,10
10106,49,84,-35,35
10107,117,112,5,5
10108,86,91,-5,5
10109,82,78,4,4
10110,54,59,-5,5
10111,160,152,8,8
10112,78,98,-20,20
10113,82,88,-6,6
10114,59,71,-12,12
10115,115,103,12,12
10116,86,90,-4,4
10117,119,110,9,9
10118,116,110,6,6
10119,90,99,-9,9
10120,75,86,-11,11
10121,81,83,-2,2
10122,87,83,4,4
10123,108,115,-7,7
10124,50,53,-3,3
10125,53,60,-7,7
10126,130,134,-4,4
10127,125,109,16,16
10128,118,123,-5,5
10129,112,114,-2,2
10130,62,68,-6,6
10131,105,103,2,2
10132,90,100,-10,10
10133,143,142,1,1
10134,58,60,-2,2
10135,64,67,-3,3
10136,108,103,5,5
10137,98,86,12,12
10138,136,138,-2,2
10139,101,121,-20,20
10140,85,88,-3,3
10141,92,91,1,1
10142,144,117,27,27
10143,80,86,-6,6
10144,110,99,11,11
10145,66,63,3,3
10146,73,77,-4,4
10147,59,58,1,1
10148,88,80,8,8
10149,74,79,-5,5
10150,61,68,-7,7
10151,125,108,17,17
10152,55,58,-3,3
10153,115,112,3,3
10154,58,60,-2,2
10155,76,82,-6,6
10156,137,141,-4,4
10157,81,80,1,1
10158,116,104,12,12
10159,81,85,-4,4
10160,94,89,5,5
10161,78,99,-21,21
10162,80,75,5,5
10163,99,97,2,2
10164,118,113,5,5
10165,137,126,11,11
10166,98,111,-13,13
10167,71,70,1,1
10168,83,82,1,1
10169,132,151,-19,19
10170,69,66,3,3
10171,119,115,4,4
10172,101,110,-9,9
10173,92,92,0,0
10174,74,74,0,0
10175,95,101,-6,6
10176,67,73,-6,6
10177,50,55,-5,5
10178,106,103,3,3
10179,102,93,9,9
10180,359,290,69,69
10181,58,69,-11,11
10182,94,82,12,12
10183,90,82,8,8
10184,88,77,11,11
10185,105,97,8,8
10186,75,77,-2,2
10187,89,92,-3,3
10188,86,80,6,6
10189,133,128,5,5
10190,35,50,-15,15
10191,88,82,6,6
10192,177,156,21,21
10193,100,105,-5,5
10194,65,69,-4,4
10195,104,95,9,9
10196,67,65,2,2
10197,86,85,1,1
10198,123,109,14,14
10199,108,104,4,4
10200,84,87,-3,3
10201,54,61,-7,7
10202,95,95,0,0
10203,86,87,-1,1
10204,70,84,-14,14
10205,84,75,9,9
10206,107,102,5,5
10207,45,55,-10,10
10208,85,83,2,2
10209,79,88,-9,9
10210,125,121,4,4
10211,92,90,2,2
10212,74,81,-7,7
10213,139,138,1,1
10214,84,81,3,3
10215,103,115,-12,12
10216,60,71,-11,11
10217,78,80,-2,2
10218,69,46,23,23
10219,131,142,-11,11
10220,102,98,4,4
10221,69,73,-4,4
10222,58,63,-5,5
10223,43,48,-5,5
10224,29,53,-24,24
10225,86,94,-8,8
10226,114,115,-1,1
10227,38,45,-7,7
10228,113,108,5,5
10229,74,87,-13,13
10230,67,71,-4,4
10231,221,215,6,6
10232,103,76,27,27
10233,224,170,54,54
10234,82,99,-17,17
10235,104,106,-2,2
10236,115,116,-1,1
10237,70,86,-16,16
10238,92,89,3,3
10239,118,120,-2,2
10240,159,137,22,22
10241,124,125,-1,1
10242,165,158,7,7
10243,118,125,-7,7
10244,79,73,6,6
10245,113,111,2,2
10246,61,61,0,0
10247,112,110,2,2
10248,68,67,1,1
10249,71,74,-3,3
10250,127,112,15,15
10251,82,88,-6,6
10252,63,57,6,6
10253,189,200,-11,11
10254,73,90,-17,17
10255,76,70,6,6
10256,99,106,-7,7
10257,131,127,4,4
10258,88,91,-3,3
10259,61,66,-5,5
10260,135,140,-5,5
10261,52,57,-5,5
10262,114,114,0,0
10263,82,90,-8,8
10264,106,111,-5,5
10265,102,119,-17,17
10266,105,118,-13,13
10267,77,82,-5,5
10268,66,65,1,1
10269,129,121,8,8
10270,73,76,-3,3
10271,77,80,-3,3
10272,70,63,7,7
10273,40,61,-21,21
10274,55,72,-17,17
10275,130,138,-8,8
10276,168,151,17,17
10277,76,68,8,8
10278,136,121,15,15
10279,104,121,-17,17
10280,52,61,-9,9
10281,151,138,13,13
10282,74,77,-3,3
10283,60,67,-7,7
10284,90,87,3,3
10285,81,78,3,3
10286,118,124,-6,6
10287,96,89,7,7
10288,96,87,9,9
10289,151,160,-9,9
10290,125,118,7,7
10291,73,69,4,4
10292,107,98,9,9
10293,113,115,-2,2
10294,118,114,4,4
10295,71,83,-12,12
10296,68,68,0,0
10297,65,72,-7,7
10298,48,60,-12,12
10299,73,74,-1,1
10300,86,107,-21,21
10301,45,55,-10,10
10302,87,90,-3,3
10303,113,113,0,0
10304,137,122,15,15
10305,114,115,-1,1
10306,61,66,-5,5
10307,106,93,13,13
10308,128,136,-8,8
10309,111,114,-3,3
10310,100,102,-2,2
10311,100,110,-10,10
10312,133,144,-11,11
10313,96,93,3,3
10314,133,139,-6,6
10315,130,126,4,4
10316,78,82,-4,4
10317,130,124,6,6
10318,110,122,-12,12
10319,75,80,-5,5
10320,144,144,0,0
10321,81,88,-7,7
10322,63,67,-4,4
10323,122,130,-8,8
10324,119,137,-18,18
10325,99,105,-6,6
10326,111,110,1,1
10327,143,143,0,0
10328,104,117,-13,13
10329,93,92,1,1
10330,72,82,-10,10
10331,79,85,-6,6
10332,128,140,-12,12
10333,99,99,0,0
10334,76,86,-10,10
10335,100,98,2,2
10336,70,70,0,0
10337,148,144,4,4
10338,68,67,1,1
10339,100,118,-18,18
10340,74,91,-17,17
10341,86,79,7,7
10342,93,86,7,7
10343,138,122,16,16
10344,149,156,-7,7
10345,65,65,0,0
10346,89,90,-1,1
10347,117,68,49,49
10348,98,98,0,0
10349,127,134,-7,7
10350,106,98,8,8
10351,68,60,8,8
10352,160,142,18,18
10353,83,91,-8,8
10354,129,104,25,25
10355,117,105,12,12
10356,74,88,-14,14
10357,101,105,-4,4
10358,113,106,7,7
10359,121,122,-1,1
10360,122,131,-9,9
10361,117,107,10,10
10362,131,145,-14,14
10363,68,65,3,3
10364,86,91,-5,5
10365,97,97,0,0
10366,125,121,4,4
10367,65,75,-10,10
10368,49,48,1,1
10369,81,86,-5,5
10370,103,95,8,8
10371,110,106,4,4
10372,86,95,-9,9
10373,103,97,6,6
10374,103,107,-4,4
10375,59,63,-4,4
10376,119,107,12,12
10377,40,48,-8,8
10378,102,103,-1,1
10379,120,102,18,18
10380,103,107,-4,4
10381,101,98,3,3
10382,106,104,2,2
10383,110,115,-5,5
10384,82,74,8,8
10385,88,85,3,3
10386,174,177,-3,3
10387,99,91,8,8
10388,66,67,-1,1
10389,105,124,-19,19
10390,59,62,-3,3
10391,128,122,6,6
10392,53,62,-9,9
10393,123,131,-8,8
10394,88,90,-2,2
10395,80,89,-9,9
10396,72,87,-15,15
10397,73,83,-10,10
10398,60,64,-4,4
10399,88,91,-3,3
10400,82,71,11,11
10401,156,155,1,1
10402,163,147,16,16
10403,73,70,3,3
10404,105,98,7,7
10405,137,126,11,11
10406,74,76,-2,2
10407,85,87,-2,2
10408,71,77,-6,6
10409,56,58,-2,2
10410,95,96,-1,1
10411,48,44,4,4
10412,113,113,0,0
10413,96,97,-1,1
10414,111,112,-1,1
10415,80,120,-40,40
10416,44,51,-7,7
10417,73,75,-2,2
10418,132,118,14,14
10419,100,84,16,16
10420,126,125,1,1
10421,77,92,-15,15
10422,81,99,-18,18
10423,68,78,-10,10
10424,73,81,-8,8
10425,100,108,-8,8
10426,98,87,11,11
10427,60,60,0,0
10428,110,108,2,2
10429,102,97,5,5
10430,75,82,-7,7
10431,138,141,-3,3
10432,81,80,1,1
10433,108,115,-7,7
10434,148,133,15,15
10435,59,64,-5,5
10436,88,97,-9,9
10437,104,92,12,12
10438,72,66,6,6
10439,82,80,2,2
10440,93,83,10,10
10441,93,82,11,11
10442,160,161,-1,1
10443,129,131,-2,2
10444,113,122,-9,9
10445,116,105,11,11
10446,119,108,11,11
10447,86,87,-1,1
10448,44,46,-2,2
10449,76,70,6,6
10450,61,68,-7,7
10451,80,84,-4,4
10452,99,101,-2,2
10453,87,96,-9,9
10454,117,126,-9,9
10455,50,77,-27,27
10456,150,144,6,6
10457,123,110,13,13
10458,100,68,32,32
10459,147,142,5,5
10460,185,174,11,11
10461,59,58,1,1
10462,81,78,3,3
10463,61,75,-14,14
10464,126,129,-3,3
10465,82,83,-1,1
10466,100,103,-3,3
10467,81,85,-4,4
10468,39,47,-8,8
10469,77,77,0,0
10470,51,57,-6,6
10471,98,109,-11,11
10472,133,146,-13,13
10473,80,87,-7,7
10474,151,131,20,20
10475,88,77,11,11
10476,55,58,-3,3
10477,72,71,1,1
10478,75,78,-3,3
10479,77,74,3,3
10480,81,73,8,8
10481,144,133,11,11
10482,121,107,14,14
10483,57,62,-5,5
10484,69,55,14,14
10485,99,98,1,1
10486,64,75,-11,11
10487,130,118,12,12
10488,106,113,-7,7
10489,72,76,-4,4
10490,67,78,-11,11
10491,68,66,2,2
10492,79,84,-5,5
10493,81,81,0,0
10494,69,71,-2,2
10495,67,70,-3,3
10496,73,70,3,3
10497,39,47,-8,8
10498,112,117,-5,5
10499,71,74,-3,3
10500,132,124,8,8
10501,133,133,0,0
10502,95,98,-3,3
10503,112,107,5,5
10504,112,96,16,16
10505,99,122,-23,23
10506,71,76,-5,5
10507,127,139,-12,12
10508,89,95,-6,6
10509,87,87,0,0
10510,124,121,3,3
10511,66,73,-7,7
10512,92,103,-11,11
10513,80,73,7,7
10514,94,96,-2,2
10515,146,158,-12,12
10516,139,125,14,14
10517,136,130,6,6
10518,63,64,-1,1
10519,54,55,-1,1
10520,171,142,29,29
10521,91,83,8,8
10522,170,155,15,15
10523,147,94,53,53
10524,70,67,3,3
10525,140,147,-7,7
10526,117,109,8,8
10527,72,72,0,0
10528,132,124,8,8
10529,63,64,-1,1
10530,102,113,-11,11
10531,81,89,-8,8
10532,90,88,2,2
10533,87,76,11,11
10534,127,125,2,2
10535,56,66,-10,10
10536,44,47,-3,3
10537,122,125,-3,3
10538,111,101,10,10
10539,66,64,2,2
10540,110,114,-4,4
10541,101,109,-8,8
10542,119,133,-14,14
10543,75,87,-12,12
10544,65,60,5,5
10545,55,59,-4,4
10546,76,79,-3,3
10547,70,74,-4,4
10548,157,183,-26,26
10549,27,39,-12,12
10550,83,82,1,1
10551,125,129,-4,4
10552,95,99,-4,4
10553,86,80,6,6
10554,116,124,-8,8
10555,66,68,-2,2
10556,144,151,-7,7
10557,96,110,-14,14
10558,94,103,-9,9
10559,37,50,-13,13
10560,195,172,23,23
10561,108,147,-39,39
10562,130,127,3,3
10563,78,78,0,0
10564,57,60,-3,3
10565,72,68,4,4
10566,57,68,-11,11
10567,90,107,-17,17
10568,67,61,6,6
10569,157,161,-4,4
10570,57,63,-6,6
10571,94,91,3,3
10572,69,74,-5,5
10573,86,92,-6,6
10574,58,64,-6,6
10575,105,102,3,3
10576,74,75,-1,1
10577,116,119,-3,3
10578,78,74,4,4
10579,115,104,11,11
10580,64,63,1,1
10581,127,121,6,6
10582,77,81,-4,4
10583,99,97,2,2
10584,68,73,-5,5
10585,101,110,-9,9
10586,88,84,4,4
10587,121,118,3,3
10588,100,106,-6,6
10589,87,75,12,12
10590,80,72,8,8
10591,43,51,-8,8
10592,103,115,-12,12
10593,149,138,11,11
10594,67,74,-7,7
10595,110,118,-8,8
10596,127,115,12,12
10597,55,60,-5,5
10598,133,128,5,5
10599,82,83,-1,1
10600,45,42,3,3
10601,59,68,-9,9
10602,120,124,-4,4
10603,103,118,-15,15
10604,145,150,-5,5
10605,119,129,-10,10
10606,75,85,-10,10
10607,74,73,1,1
10608,109,116,-7,7
10609,148,138,10,10
10610,80,79,1,1
10611,68,67,1,1
10612,116,118,-2,2
10613,114,115,-1,1
10614,100,95,5,5
10615,72,72,0,0
10616,119,141,-22,22
10617,96,84,12,12
10618,58,63,-5,5
10619,132,136,-4,4
10620,169,166,3,3
10621,70,70,0,0
10622,90,81,9,9
10623,93,97,-4,4
10624,107,121,-14,14
10625,124,118,6,6
10626,43,44,-1,1
10627,102,103,-1,1
10628,107,113,-6,6
10629,61,64,-3,3
10630,62,54,8,8
10631,72,67,5,5
10632,129,127,2,2
10633,74,66,8,8
10634,81,75,6,6
10635,107,104,3,3
10636,79,82,-3,3
10637,43,44,-1,1
10638,72,72,0,0
10639,102,88,14,14
10640,93,96,-3,3
10641,90,98,-8,8
10642,66,61,5,5
10643,125,131,-6,6
10644,73,71,2,2
10645,78,69,9,9
10646,49,57,-8,8
10647,81,76,5,5
10648,74,78,-4,4
10649,78,79,-1,1
10650,82,84,-2,2
10651,92,122,-30,30
10652,110,87,23,23
10653,96,94,2,2
10654,83,91,-8,8
10655,143,128,15,15
10656,88,82,6,6
10657,111,107,4,4
10658,54,56,-2,2
10659,66,72,-6,6
10660,68,87,-19,19
10661,57,67,-10,10
10662,169,140,29,29
10663,63,70,-7,7
10664,131,148,-17,17
10665,102,105,-3,3
10666,47,57,-10,10
10667,58,54,4,4
10668,127,119,8,8
10669,100,97,3,3
10670,109,117,-8,8
10671,109,110,-1,1
10672,92,86,6,6
10673,93,72,21,21
10674,64,67,-3,3
10675,95,95,0,0
10676,97,80,17,17
10677,87,93,-6,6
10678,65,72,-7,7
10679,84,84,0,0
10680,140,107,33,33
10681,88,86,2,2
10682,56,55,1,1
10683,131,126,5,5
10684,107,98,9,9
10685,93,82,11,11
10686,125,119,6,6
10687,204,172,32,32
10688,128,129,-1,1
10689,80,81,-1,1
10690,161,180,-19,19
10691,114,103,11,11
10692,96,82,14,14
10693,79,78,1,1
10694,60,62,-2,2
10695,176,168,8,8
10696,41,49,-8,8
10697,50,49,1,1
10698,45,47,-2,2
10699,168,144,24,24
10700,65,84,-19,19
10701,57,58,-1,1
10702,98,97,1,1
10703,77,80,-3,3
10704,84,88,-4,4
10705,76,76,0,0
10706,75,87,-12,12
10707,93,100,-7,7
10708,71,106,-35,35
10709,87,80,7,7
10710,65,68,-3,3
10711,130,107,23,23
10712,74,71,3,3
10713,34,48,-14,14
10714,129,116,13,13
10715,114,126,-12,12
10716,70,70,0,0
10717,50,59,-9,9
10718,93,86,7,7
10719,55,56,-1,1
10720,94,83,11,11
10721,46,49,-3,3
10722,50,57,-7,7
10723,104,97,7,7
10724,118,115,3,3
10725,102,104,-2,2
10726,84,88,-4,4
10727,165,182,-17,17
10728,97,94,3,3
10729,92,101,-9,9
10730,89,73,16,16
10731,76,80,-4,4
10732,75,93,-18,18
10733,142,137,5,5
10734,96,96,0,0
10735,145,151,-6,6
10736,87,89,-2,2
10737,64,65,-1,1
10738,48,64,-16,16
10739,94,96,-2,2
10740,69,67,2,2
10741,66,67,-1,1
10742,131,118,13,13
10743,98,88,10,10
10744,94,97,-3,3
10745,65,68,-3,3
10746,89,98,-9,9
10747,128,124,4,4
10748,144,150,-6,6
10749,53,63,-10,10
10750,108,110,-2,2
10751,29,43,-14,14
10752,58,63,-5,5
10753,94,109,-15,15
10754,74,68,6,6
10755,133,143,-10,10
10756,75,79,-4,4
10757,87,82,5,5
10758,133,131,2,2
10759,74,64,10,10
10760,80,77,3,3
10761,52,56,-4,4
10762,116,110,6,6
10763,158,146,12,12
10764,224,216,8,8
10765,97,99,-2,2
10766,128,120,8,8
10767,102,95,7,7
10768,114,110,4,4
10769,41,49,-8,8
10770,86,89,-3,3
10771,42,51,-9,9
10772,111,110,1,1
10773,142,154,-12,12
10774,68,69,-1,1
10775,65,81,-16,16
10776,116,111,5,5
10777,91,86,5,5
10778,157,156,1,1
10779,140,139,1,1
10780,126,124,2,2
10781,77,79,-2,2
10782,86,92,-6,6
10783,102,107,-5,5
10784,95,92,3,3
10785,64,61,3,3
10786,103,105,-2,2
10787,55,60,-5,5
10788,77,79,-2,2
10789,160,148,12,12
10790,58,65,-7,7
10791,191,195,-4,4
10792,121,133,-12,12
10793,77,76,1,1
10794,161,140,21,21
10795,65,64,1,1
10796,80,102,-22,22
10797,77,84,-7,7
10798,67,72,-5,5
10799,51,63,-12,12
10800,76,72,4,4
10801,155,147,8,8
10802,96,87,9,9
10803,65,61,4,4
10804,98,85,13,13
10805,101,101,0,0
10806,49,59,-10,10
10807,112,103,9,9
10808,81,65,16,16
10809,49,51,-2,2
10810,65,68,-3,3
10811,90,87,3,3
10812,126,115,11,11
10813,48,49,-1,1
10814,120,116,4,4
10815,55,52,3,3
10816,75,91,-16,16
10817,83,90,-7,7
10818,135,116,19,19
10819,131,122,9,9
10820,117,117,0,0
10821,88,83,5,5
10822,92,94,-2,2
10823,90,103,-13,13
10824,98,103,-5,5
10825,101,101,0,0
10826,138,146,-8,8
10827,84,90,-6,6
10828,104,103,1,1
10829,98,111,-13,13
10830,87,90,-3,3
10831,102,88,14,14
10832,81,81,0,0
10833,75,74,1,1
10834,145,154,-9,9
10835,114,107,7,7
10836,63,67,-4,4
10837,51,52,-1,1
10838,109,107,2,2
10839,69,70,-1,1
10840,87,91,-4,4
10841,72,71,1,1
10842,114,115,-1,1
10843,96,84,12,12
10844,140,148,-8,8
10845,171,161,10,10
10846,97,84,13,13
10847,77,74,3,3
10848,125,116,9,9
10849,75,75,0,0
10850,98,100,-2,2
10851,118,112,6,6
10852,120,111,9,9
10853,69,69,0,0
10854,57,49,8,8
10855,129,120,9,9
10856,127,134,-7,7
10857,81,87,-6,6
10858,102,114,-12,12
10859,154,147,7,7
10860,116,103,13,13
10861,47,49,-2,2
10862,124,128,-4,4
10863,124,120,4,4
10864,138,120,18,18
10865,82,90,-8,8
10866,120,105,15,15
10867,114,107,7,7
10868,90,94,-4,4
10869,88,83,5,5
10870,53,56,-3,3
10871,84,84,0,0
10872,80,79,1,1
10873,147,135,12,12
10874,79,84,-5,5
10875,115,112,3,3
10876,80,83,-3,3
10877,117,109,8,8
10878,123,112,11,11
10879,54,63,-9,9
10880,93,94,-1,1
10881,145,138,7,7
10882,128,135,-7,7
10883,73,72,1,1
10884,51,54,-3,3
10885,65,68,-3,3
10886,102,119,-17,17
10887,95,112,-17,17
10888,58,59,-1,1
10889,49,59,-10,10
10890,113,123,-10,10
10891,121,112,9,9
10892,148,150,-2,2
10893,139,151,-12,12
10894,96,117,-21,21
10895,143,135,8,8
10896,92,102,-10,10
10897,78,74,4,4
10898,11,34,-23,23
10899,66,74,-8,8
10900,79,76,3,3
10901,70,68,2,2
10902,67,74,-7,7
10903,77,80,-3,3
10904,144,151,-7,7
10905,84,88,-4,4
10906,50,54,-4,4
10907,79,74,5,5
10908,90,101,-11,11
10909,62,60,2,2
10910,134,143,-9,9
10911,110,100,10,10
10912,78,118,-40,40
10913,142,130,12,12
10914,79,82,-3,3
10915,143,134,9,9
10916,80,86,-6,6
10917,37,37,0,0
10918,70,64,6,6
10919,96,93,3,3
10920,135,148,-13,13
10921,76,71,5,5
10922,181,174,7,7
10923,105,109,-4,4
10924,49,52,-3,3
10925,65,71,-6,6
10926,139,130,9,9
10927,38,46,-8,8
10928,83,71,12,12
10929,56,68,-12,12
10930,120,108,12,12
10931,109,115,-6,6
10932,160,145,15,15
10933,117,114,3,3
10934,92,104,-12,12
10935,99,101,-2,2
10936,114,111,3,3
10937,70,58,12,12
10938,93,96,-3,3
10939,112,106,6,6
10940,118,112,6,6
10941,72,69,3,3
10942,51,61,-10,10
10943,119,115,4,4
10944,85,78,7,7
10945,101,113,-12,12
10946,78,78,0,0
10947,75,76,-1,1
10948,69,80,-11,11
10949,120,121,-1,1
10950,72,64,8,8
10951,64,78,-14,14
10952,80,80,0,0
10953,80,89,-9,9
10954,75,79,-4,4
10955,76,74,2,2
10956,157,136,21,21
10957,80,91,-11,11
10958,117,105,12,12
10959,103,101,2,2
10960,129,112,17,17
10961,139,130,9,9
10962,98,92,6,6
10963,87,69,18,18
10964,165,142,23,23
10965,73,77,-4,4
10966,137,138,-1,1
10967,150,144,6,6
10968,74,86,-12,12
10969,157,150,7,7
10970,82,95,-13,13
10971,74,60,14,14
10972,37,43,-6,6
10973,95,88,7,7
10974,104,81,23,23
10975,124,131,-7,7
10976,37,44,-7,7
10977,80,112,-32,32
10978,80,92,-12,12
10979,88,91,-3,3
10980,147,125,22,22
10981,65,77,-12,12
10982,101,108,-7,7
10983,93,94,-1,1
10984,71,75,-4,4
10985,64,62,2,2
10986,71,75,-4,4
10987,60,68,-8,8
10988,64,87,-23,23
10989,55,54,1,1
10990,48,79,-31,31
10991,141,135,6,6
10992,95,98,-3,3
10993,58,65,-7,7
10994,95,92,3,3
10995,71,76,-5,5
10996,89,85,4,4
10997,125,128,-3,3
10998,170,168,2,2
10999,153,163,-10,10
11000,84,87,-3,3
11001,137,139,-2,2
11002,81,77,4,4
11003,77,90,-13,13
11004,75,82,-7,7
11005,110,110,0,0
11006,53,57,-4,4
11007,92,92,0,0
11008,105,118,-13,13
11009,55,61,-6,6
11010,85,98,-13,13
11011,141,128,13,13
11012,126,134,-8,8
11013,82,88,-6,6
11014,124,122,2,2
11015,76,94,-18,18
11016,126,108,18,18
11017,56,62,-6,6
11018,65,69,-4,4
11019,91,101,-10,10
11020,65,64,1,1
11021,84,87,-3,3
11022,95,96,-1,1
11023,109,100,9,9
11024,74,70,4,4
11025,60,60,0,0
11026,65,65,0,0
11027,77,78,-1,1
11028,79,78,1,1
11029,65,61,4,4
11030,110,115,-5,5
11031,116,130,-14,14
11032,67,70,-3,3
11033,83,81,2,2
11034,120,110,10,10
11035,157,130,27,27
11036,123,124,-1,1
11037,80,78,2,2
11038,99,110,-11,11
11039,88,85,3,3
11040,67,79,-12,12
11041,134,136,-2,2
11042,76,75,1,1
11043,96,108,-12,12
11044,83,93,-10,10
11045,57,65,-8,8
11046,93,82,11,11
11047,60,64,-4,4
11048,85,86,-1,1
11049,62,75,-13,13
11050,110,114,-4,4
11051,108,116,-8,8
11052,66,67,-1,1
11053,67,80,-13,13
11054,71,69,2,2
11055,79,75,4,4
11056,145,153,-8,8
11057,62,70,-8,8
11058,60,63,-3,3
11059,126,134,-8,8
11060,120,121,-1,1
11061,67,63,4,4
11062,96,88,8,8
11063,54,57,-3,3
11064,66,62,4,4
11065,101,103,-2,2
11066,83,84,-1,1
11067,120,114,6,6
11068,186,182,4,4
11069,72,72,0,0
11070,91,96,-5,5
11071,158,142,16,16
11072,67,77,-10,10
11073,118,102,16,16
11074,63,58,5,5
11075,105,104,1,1
11076,124,105,19,19
11077,108,91,17,17
11078,121,122,-1,1
11079,39,43,-4,4
11080,90,95,-5,5
11081,218,233,-15,15
11082,71,89,-18,18
11083,81,89,-8,8
11084,61,60,1,1
11085,86,85,1,1
11086,59,64,-5,5
11087,168,157,11,11
11088,86,104,-18,18
11089,104,112,-8,8
11090,89,95,-6,6
11091,80,80,0,0
11092,81,78,3,3
11093,87,82,5,5
11094,119,99,20,20
11095,136,135,1,1
11096,113,100,13,13
11097,68,83,-15,15
11098,86,81,5,5
11099,103,105,-2,2
11100,72,80,-8,8
11101,142,132,10,10
11102,172,199,-27,27
11103,166,166,0,0
11104,96,107,-11,11
11105,106,78,28,28
11106,125,123,2,2
11107,125,128,-3,3
11108,75,97,-22,22
11109,94,89,5,5
11110,103,105,-2,2
11111,58,62,-4,4
11112,81,76,5,5
11113,133,128,5,5
11114,122,112,10,10
11115,99,106,-7,7
11116,67,66,1,1
11117,126,112,14,14
11118,91,91,0,0
11119,73,76,-3,3
11120,89,89,0,0
11121,124,136,-12,12
11122,68,61,7,7
11123,126,120,6,6
11124,76,76,0,0
11125,167,157,10,10
11126,36,46,-10,10
11127,137,138,-1,1
11128,93,91,2,2
11129,115,113,2,2
11130,125,124,1,1
11131,79,81,-2,2
11132,59,60,-1,1
11133,90,94,-4,4
11134,73,74,-1,1
11135,74,71,3,3
11136,111,109,2,2
11137,129,114,15,15
11138,80,71,9,9
11139,97,96,1,1
11140,83,84,-1,1
11141,129,118,11,11
11142,120,113,7,7
11143,93,85,8,8
11144,95,105,-10,10
11145,101,92,9,9
11146,93,92,1,1
11147,112,127,-15,15
11148,103,105,-2,2
11149,60,73,-13,13
11150,95,104,-9,9
11151,62,87,-25,25
11152,69,71,-2,2
11153,83,97,-14,14
11154,53,53,0,0
11155,98,81,17,17
11156,101,104,-3,3
11157,73,93,-20,20
11158,94,103,-9,9
11159,55,62,-7,7
11160,93,121,-28,28
11161,70,74,-4,4
11162,102,107,-5,5
11163,75,73,2,2
11164,77,67,10,10
11165,96,96,0,0
11166,93,103,-10,10
11167,78,88,-10,10
11168,155,144,11,11
11169,94,104,-10,10
11170,66,66,0,0
11171,71,87,-16,16
11172,96,88,8,8
11173,143,146,-3,3
11174,60,51,9,9
11175,79,84,-5,5
11176,93,86,7,7
11177,126,129,-3,3
11178,128,126,2,2
11179,103,99,4,4
11180,95,89,6,6
11181,86,99,-13,13
11182,95,85,10,10
11183,68,66,2,2
11184,102,90,12,12
11185,74,79,-5,5
11186,94,119,-25,25
11187,83,66,17,17
11188,107,106,1,1
11189,65,65,0,0
11190,66,75,-9,9
11191,113,121,-8,8
11192,164,141,23,23
11193,60,69,-9,9
11194,139,155,-16,16
11195,96,102,-6,6
11196,87,76,11,11
11197,113,114,-1,1
11198,180,171,9,9
11199,106,96,10,10
11200,73,78,-5,5
11201,121,114,7,7
11202,125,133,-8,8
11203,62,61,1,1
11204,56,73,-17,17
11205,81,81,0,0
11206,103,95,8,8
11207,107,97,10,10
11208,70,63,7,7
11209,107,97,10,10
11210,167,219,-52,52
11211,72,63,9,9
11212,123,110,13,13
11213,178,186,-8,8
11214,142,144,-2,2
11215,138,128,10,10
11216,148,135,13,13
11217,141,123,18,18
11218,119,136,-17,17
11219,67,66,1,1
11220,126,140,-14,14
11221,35,69,-34,34
11222,86,89,-3,3
11223,82,96,-14,14
11224,135,144,-9,9
11225,111,105,6,6
11226,145,142,3,3
11227,99,88,11,11
11228,69,79,-10,10
11229,81,105,-24,24
11230,58,58,0,0
11231,58,68,-10,10
11232,141,127,14,14
11233,75,66,9,9
11234,108,134,-26,26
11235,128,135,-7,7
11236,87,106,-19,19
11237,90,88,2,2
11238,133,129,4,4
11239,73,71,2,2
11240,63,62,1,1
11241,73,68,5,5
11242,136,142,-6,6
11243,105,103,2,2
11244,60,67,-7,7
11245,102,95,7,7
11246,100,104,-4,4
11247,57,63,-6,6
11248,71,60,11,11
11249,76,77,-1,1
11250,58,57,1,1
11251,204,201,3,3
11252,96,95,1,1
11253,113,102,11,11
11254,114,100,14,14
11255,138,139,-1,1
11256,79,85,-6,6
11257,142,134,8,8
11258,109,94,15,15
11259,141,138,3,3
11260,73,91,-18,18
11261,89,46,43,43
11262,85,89,-4,4
11263,159,127,32,32
11264,107,112,-5,5
11265,68,77,-9,9
11266,79,82,-3,3
11267,109,113,-4,4
11268,78,76,2,2
11269,61,73,-12,12
11270,102,108,-6,6
11271,140,136,4,4
11272,156,150,6,6
11273,155,148,7,7
11274,118,102,16,16
11275,85,78,7,7
11276,162,151,11,11
11277,105,96,9,9
11278,100,106,-6,6
11279,102,95,7,7
11280,130,112,18,18
11281,55,54,1,1
11282,69,79,-10,10
11283,89,78,11,11
11284,39,53,-14,14
11285,139,138,1,1
11286,94,96,-2,2
11287,79,72,7,7
11288,171,161,10,10
11289,139,132,7,7
11290,85,97,-12,12
11291,86,90,-4,4
11292,114,112,2,2
11293,134,129,5,5
11294,51,56,-5,5
11295,47,39,8,8
11296,56,65,-9,9
11297,72,75,-3,3
11298,96,103,-7,7
11299,143,135,8,8
11300,115,102,13,13
11301,99,110,-11,11
11302,91,92,-1,1
11303,85,100,-15,15
11304,151,141,10,10
11305,42,58,-16,16
11306,125,117,8,8
11307,41,69,-28,28
11308,137,124,13,13
11309,100,83,17,17
11310,143,132,11,11
11311,174,166,8,8
11312,81,83,-2,2
11313,106,111,-5,5
11314,150,128,22,22
11315,66,75,-9,9
11316,119,126,-7,7
11317,133,115,18,18
11318,58,58,0,0
11319,90,93,-3,3
11320,111,114,-3,3
11321,157,152,5,5
11322,106,107,-1,1
11323,121,121,0,0
11324,61,64,-3,3
11325,111,123,-12,12
11326,88,97,-9,9
11327,81,81,0,0
11328,93,95,-2,2
11329,77,78,-1,1
11330,163,126,37,37
11331,104,110,-6,6
11332,76,72,4,4
11333,52,58,-6,6
11334,87,97,-10,10
11335,104,104,0,0
11336,62,62,0,0
11337,112,123,-11,11
11338,76,82,-6,6
11339,129,136,-7,7
11340,106,118,-12,12
11341,63,63,0,0
11342,87,85,2,2
11343,106,113,-7,7
11344,86,84,2,2
11345,88,99,-11,11
11346,89,93,-4,4
11347,71,91,-20,20
11348,116,105,11,11
11349,55,59,-4,4
11350,83,92,-9,9
11351,64,60,4,4
11352,71,70,1,1
11353,128,128,0,0
11354,57,73,-16,16
11355,127,137,-10,10
11356,47,51,-4,4
11357,94,86,8,8
11358,60,61,-1,1
11359,60,69,-9,9
11360,55,64,-9,9
11361,97,98,-1,1
11362,82,87,-5,5
11363,109,107,2,2
11364,111,91,20,20
11365,61,62,-1,1
11366,70,72,-2,2
11367,79,78,1,1
11368,107,107,0,0
11369,89,89,0,0
11370,60,62,-2,2
11371,147,150,-3,3
11372,83,88,-5,5
11373,104,98,6,6
11374,134,141,-7,7
11375,88,91,-3,3
11376,35,47,-12,12
11377,117,130,-13,13
11378,78,71,7,7
11379,149,141,8,8
11380,85,89,-4,4
11381,97,103,-6,6
11382,115,118,-3,3
11383,109,102,7,7
11384,81,75,6,6
11385,81,90,-9,9
11386,93,105,-12,12
11387,123,133,-10,10
11388,95,95,0,0
11389,102,95,7,7
11390,57,58,-1,1
11391,179,175,4,4
11392,126,125,1,1
11393,62,70,-8,8
11394,65,79,-14,14
11395,109,109,0,0
11396,74,77,-3,3
11397,113,106,7,7
11398,121,129,-8,8
11399,114,125,-11,11
11400,63,61,2,2
11401,103,103,0,0
11402,80,69,11,11
11403,45,83,-38,38
11404,93,90,3,3
11405,121,120,1,1
11406,166,174,-8,8
11407,63,78,-15,15
11408,66,63,3,3
11409,55,75,-20,20
11410,116,123,-7,7
11411,96,94,2,2
11412,76,74,2,2
11413,54,64,-10,10
11414,108,103,5,5
11415,51,59,-8,8
11416,109,112,-3,3
11417,75,76,-1,1
11418,86,96,-10,10
11419,82,90,-8,8
11420,36,46,-10,10
11421,64,69,-5,5
11422,119,116,3,3
11423,53,69,-16,16
11424,73,72,1,1
11425,58,56,2,2
11426,41,47,-6,6
11427,58,64,-6,6
11428,118,122,-4,4
11429,134,129,5,5
11430,75,75,0,0
11431,50,57,-7,7
11432,98,101,-3,3
11433,33,38,-5,5
11434,109,111,-2,2
11435,79,83,-4,4
11436,60,56,4,4
11437,100,100,0,0
11438,85,75,10,10
11439,75,83,-8,8
11440,82,83,-1,1
11441,57,58,-1,1
11442,164,173,-9,9
11443,157,148,9,9
11444,76,69,7,7
11445,72,82,-10,10
11446,57,83,-26,26
11447,96,119,-23,23
11448,90,87,3,3
11449,100,109,-9,9
11450,129,132,-3,3
11451,91,92,-1,1
11452,98,94,4,4
11453,102,97,5,5
11454,198,208,-10,10
11455,78,76,2,2
11456,60,67,-7,7
11457,173,177,-4,4
11458,98,101,-3,3
11459,72,68,4,4
11460,90,121,-31,31
11461,170,166,4,4
11462,163,143,20,20
11463,77,79,-2,2
11464,66,63,3,3
11465,67,58,9,9
11466,66,68,-2,2
11467,99,92,7,7
11468,86,89,-3,3
11469,85,88,-3,3
11470,71,76,-5,5
11471,136,120,16,16
11472,86,85,1,1
11473,60,66,-6,6
11474,119,116,3,3
11475,132,128,4,4
11476,114,111,3,3
11477,66,65,1,1
11478,147,153,-6,6
11479,90,86,4,4
11480,112,114,-2,2
11481,68,65,3,3
11482,119,107,12,12
11483,121,116,5,5
11484,70,97,-27,27
11485,124,116,8,8
11486,47,56,-9,9
11487,70,86,-16,16
11488,80,75,5,5
11489,44,51,-7,7
11490,75,77,-2,2
11491,65,66,-1,1
11492,80,73,7,7
11493,95,101,-6,6
11494,124,121,3,3
11495,50,66,-16,16
11496,133,140,-7,7
11497,77,82,-5,5
11498,105,109,-4,4
11499,70,73,-3,3
11500,86,93,-7,7
11501,97,91,6,6
11502,80,76,4,4
11503,98,111,-13,13
11504,106,112,-6,6
11505,74,67,7,7
11506,66,73,-7,7
11507,118,122,-4,4
11508,110,98,12,12
11509,156,151,5,5
11510,67,68,-1,1
11511,170,138,32,32
11512,117,105,12,12
11513,101,100,1,1
11514,130,129,1,1
11515,93,105,-12,12
11516,105,102,3,3
11517,41,66,-25,25
11518,84,72,12,12
11519,59,59,0,0
11520,141,134,7,7
11521,47,56,-9,9
11522,114,99,15,15
11523,137,118,19,19
11524,126,144,-18,18
11525,62,62,0,0
11526,111,120,-9,9
11527,74,70,4,4
11528,81,84,-3,3
11529,160,147,13,13
11530,102,107,-5,5
11531,91,85,6,6
11532,83,83,0,0
11533,72,63,9,9
11534,68,73,-5,5
11535,126,109,17,17
11536,77,87,-10,10
11537,160,132,28,28
11538,106,114,-8,8
11539,81,86,-5,5
11540,170,150,20,20
11541,131,123,8,8
11542,50,63,-13,13
11543,115,113,2,2
11544,70,81,-11,11
11545,109,124,-15,15
11546,72,66,6,6
11547,74,79,-5,5
11548,67,75,-8,8
11549,81,69,12,12
11550,83,87,-4,4
11551,105,101,4,4
11552,95,96,-1,1
11553,133,126,7,7
11554,115,129,-14,14
11555,98,97,1,1
11556,55,46,9,9
11557,109,118,-9,9
11558,50,63,-13,13
11559,145,132,13,13
11560,89,88,1,1
11561,85,80,5,5
11562,85,83,2,2
11563,65,80,-15,15
11564,86,81,5,5
11565,105,93,12,12
11566,53,56,-3,3
11567,60,62,-2,2
11568,121,119,2,2
11569,52,64,-12,12
11570,53,58,-5,5
11571,164,167,-3,3
11572,92,96,-4,4
11573,100,100,0,0
11574,111,108,3,3
11575,67,66,1,1
11576,169,158,11,11
11577,86,81,5,5
11578,51,58,-7,7
11579,96,89,7,7
11580,97,83,14,14
11581,82,75,7,7
11582,75,79,-4,4
11583,103,108,-5,5
11584,91,83,8,8
11585,108,108,0,0
11586,85,92,-7,7
11587,137,136,1,1
11588,88,93,-5,5
11589,167,159,8,8
11590,65,71,-6,6
11591,92,93,-1,1
11592,98,91,7,7
11593,68,71,-3,3
11594,65,63,2,2
11595,60,66,-6,6
11596,71,71,0,0
11597,50,57,-7,7
11598,79,79,0,0
11599,102,105,-3,3
11600,85,74,11,11
11601,69,67,2,2
11602,105,108,-3,3
11603,114,100,14,14
11604,77,84,-7,7
11605,70,61,9,9
11606,80,79,1,1
11607,137,153,-16,16
11608,105,105,0,0
11609,83,95,-12,12
11610,95,100,-5,5
11611,70,79,-9,9
11612,183,183,0,0
11613,50,59,-9,9
11614,164,161,3,3
11615,125,124,1,1
11616,90,90,0,0
11617,108,111,-3,3
11618,150,152,-2,2
11619,90,76,14,14
11620,73,80,-7,7
11621,86,94,-8,8
11622,91,101,-10,10
11623,108,109,-1,1
11624,120,111,9,9
11625,127,124,3,3
11626,65,69,-4,4
11627,121,94,27,27
11628,80,77,3,3
11629,89,83,6,6
11630,81,77,4,4
11631,96,72,24,24
11632,119,119,0,0
11633,118,125,-7,7
11634,128,129,-1,1
11635,56,76,-20,20
11636,56,87,-31,31
11637,86,87,-1,1
11638,79,74,5,5
11639,116,102,14,14
11640,69,69,0,0
11641,111,104,7,7
11642,81,97,-16,16
11643,56,59,-3,3
11644,119,120,-1,1
11645,82,73,9,9
11646,81,75,6,6
11647,136,121,15,15
11648,127,132,-5,5
11649,108,119,-11,11
11650,129,116,13,13
11651,74,100,-26,26
11652,63,76,-13,13
11653,168,156,12,12
11654,100,109,-9,9
11655,66,69,-3,3
11656,70,86,-16,16
11657,101,95,6,6
11658,112,104,8,8
11659,102,93,9,9
11660,124,118,6,6
11661,82,89,-7,7
11662,94,103,-9,9
11663,70,79,-9,9
11664,72,78,-6,6
11665,67,64,3,3
11666,117,128,-11,11
11667,47,47,0,0
11668,110,102,8,8
11669,93,96,-3,3
11670,64,64,0,0
11671,134,136,-2,2
11672,66,74,-8,8
11673,69,70,-1,1
11674,99,103,-4,4
11675,137,142,-5,5
11676,58,63,-5,5
11677,85,80,5,5
11678,94,87,7,7
11679,104,112,-8,8
11680,108,110,-2,2
11681,89,84,5,5
11682,176,162,14,14
11683,88,88,0,0
11684,46,57,-11,11
11685,94,103,-9,9
11686,162,158,4,4
11687,92,100,-8,8
11688,96,106,-10,10
11689,124,134,-10,10
11690,74,74,0,0
11691,68,77,-9,9
11692,67,69,-2,2
11693,90,105,-15,15
11694,87,72,15,15
11695,86,69,17,17
11696,68,72,-4,4
11697,90,79,11,11
11698,77,85,-8,8
11699,126,104,22,22
11700,126,123,3,3
11701,94,96,-2,2
11702,172,174,-2,2
11703,63,94,-31,31
11704,101,94,7,7
11705,148,147,1,1
11706,87,100,-13,13
11707,127,117,10,10
11708,121,108,13,13
11709,142,142,0,0
11710,73,72,1,1
11711,71,74,-3,3
11712,103,128,-25,25
11713,39,48,-9,9
11714,99,99,0,0
11715,69,70,-1,1
11716,182,187,-5,5
11717,138,148,-10,10
11718,142,132,10,10
11719,114,125,-11,11
11720,54,101,-47,47
11721,93,91,2,2
11722,110,104,6,6
11723,38,44,-6,6
11724,133,115,18,18
11725,143,129,14,14
11726,125,134,-9,9
11727,69,68,1,1
11728,120,129,-9,9
11729,121,128,-7,7
11730,71,76,-5,5
11731,97,105,-8,8
11732,104,97,7,7
11733,97,99,-2,2
11734,47,51,-4,4
11735,184,162,22,22
11736,110,119,-9,9
11737,67,64,3,3
11738,106,106,0,0
11739,66,79,-13,13
11740,118,106,12,12
11741,81,86,-5,5
11742,83,86,-3,3
11743,64,76,-12,12
11744,70,59,11,11
11745,50,61,-11,11
11746,93,90,3,3
11747,157,137,20,20
11748,51,56,-5,5
11749,77,78,-1,1
11750,87,84,3,3
11751,119,97,22,22
11752,115,102,13,13
11753,85,79,6,6
11754,63,79,-16,16
11755,91,90,1,1
11756,67,64,3,3
11757,64,79,-15,15
11758,127,135,-8,8
11759,67,64,3,3
11760,71,79,-8,8
11761,96,92,4,4
11762,111,110,1,1
11763,62,58,4,4
11764,77,73,4,4
11765,174,173,1,1
11766,138,120,18,18
11767,65,68,-3,3
11768,116,103,13,13
11769,47,56,-9,9
11770,119,114,5,5
11771,94,88,6,6
11772,122,128,-6,6
11773,92,92,0,0
11774,148,133,15,15
11775,67,72,-5,5
11776,101,101,0,0
11777,86,91,-5,5
11778,53,44,9,9
11779,77,84,-7,7
11780,126,126,0,0
11781,74,62,12,12
11782,91,97,-6,6
11783,81,87,-6,6
11784,43,54,-11,11
11785,114,121,-7,7
11786,79,92,-13,13
11787,96,105,-9,9
11788,106,98,8,8
11789,79,82,-3,3
11790,120,133,-13,13
11791,107,99,8,8
11792,98,107,-9,9
11793,47,50,-3,3
11794,76,80,-4,4
11795,85,81,4,4
11796,67,76,-9,9
11797,79,76,3,3
11798,90,105,-15,15
11799,84,81,3,3
11800,152,144,8,8
11801,152,144,8,8
11802,87,86,1,1
11803,65,68,-3,3
11804,83,80,3,3
11805,205,187,18,18
11806,151,140,11,11
11807,114,102,12,12
11808,83,99,-16,16
11809,66,75,-9,9
11810,66,75,-9,9
11811,105,107,-2,2
11812,176,166,10,10
11813,166,159,7,7
11814,185,171,14,14
11815,108,111,-3,3
11816,95,91,4,4
11817,67,87,-20,20
11818,87,89,-2,2
11819,82,87,-5,5
11820,121,123,-2,2
11821,71,66,5,5
11822,62,68,-6,6
11823,113,95,18,18
11824,104,99,5,5
11825,68,74,-6,6
11826,93,107,-14,14
11827,74,58,16,16
11828,60,67,-7,7
11829,80,87,-7,7
11830,70,74,-4,4
11831,75,84,-9,9
11832,76,76,0,0
11833,75,74,1,1
11834,80,68,12,12
11835,45,49,-4,4
11836,93,118,-25,25
11837,99,112,-13,13
11838,77,53,24,24
11839,89,77,12,12
11840,143,160,-17,17
11841,83,98,-15,15
11842,102,109,-7,7
11843,122,110,12,12
11844,118,110,8,8
11845,132,113,19,19
11846,102,122,-20,20
11847,75,74,1,1
11848,105,105,0,0
11849,124,129,-5,5
11850,75,68,7,7
11851,47,56,-9,9
11852,130,135,-5,5
11853,147,139,8,8
11854,134,125,9,9
11855,71,69,2,2
11856,72,72,0,0
11857,42,52,-10,10
11858,97,94,3,3
11859,99,116,-17,17
11860,147,135,12,12
11861,127,134,-7,7
11862,65,60,5,5
11863,73,89,-16,16
11864,54,63,-9,9
11865,87,93,-6,6
11866,125,139,-14,14
11867,120,123,-3,3
11868,75,76,-1,1
11869,101,101,0,0
11870,139,135,4,4
11871,93,88,5,5
11872,85,92,-7,7
11873,162,160,2,2
11874,158,161,-3,3
11875,234,176,58,58
11876,76,74,2,2
11877,68,64,4,4
11878,60,56,4,4
11879,115,112,3,3
11880,92,92,0,0
11881,99,78,21,21
11882,95,90,5,5
11883,69,81,-12,12
11884,53,60,-7,7
11885,100,99,1,1
11886,157,150,7,7
11887,103,94,9,9
11888,117,114,3,3
11889,100,90,10,10
11890,95,80,15,15
11891,146,138,8,8
11892,97,101,-4,4
11893,49,58,-9,9
11894,83,86,-3,3
11895,89,84,5,5
11896,97,100,-3,3
11897,98,104,-6,6
11898,99,97,2,2
11899,52,62,-10,10
11900,92,98,-6,6
11901,128,129,-1,1
11902,60,62,-2,2
11903,47,50,-3,3
11904,106,100,6,6
11905,78,76,2,2
11906,143,145,-2,2
11907,90,87,3,3
11908,125,111,14,14
11909,80,89,-9,9
11910,114,114,0,0
11911,161,161,0,0
11912,120,117,3,3
11913,41,55,-14,14
11914,38,47,-9,9
11915,105,116,-11,11
11916,48,44,4,4
11917,58,63,-5,5
11918,112,108,4,4
11919,59,58,1,1
11920,76,74,2,2
11921,118,112,6,6
11922,77,77,0,0
11923,51,60,-9,9
11924,76,68,8,8
11925,56,59,-3,3
11926,40,51,-11,11
11927,69,72,-3,3
11928,77,77,0,0
11929,91,103,-12,12
11930,149,150,-1,1
11931,110,106,4,4
11932,115,119,-4,4
11933,117,118,-1,1
11934,93,98,-5,5
11935,31,45,-14,14
11936,111,139,-28,28
11937,79,79,0,0
11938,72,74,-2,2
11939,44,54,-10,10
11940,89,90,-1,1
11941,51,55,-4,4
11942,186,182,4,4
11943,144,137,7,7
11944,98,95,3,3
11945,68,71,-3,3
11946,82,87,-5,5
11947,110,108,2,2
11948,101,81,20,20
11949,73,76,-3,3
11950,106,105,1,1
11951,50,52,-2,2
11952,128,127,1,1
11953,82,71,11,11
11954,39,60,-21,21
11955,57,67,-10,10
11956,100,110,-10,10
11957,132,131,1,1
11958,58,63,-5,5
11959,65,66,-1,1
11960,46,52,-6,6
11961,90,92,-2,2
11962,132,138,-6,6
11963,84,83,1,1
11964,95,90,5,5
11965,152,154,-2,2
11966,67,80,-13,13
11967,96,108,-12,12
11968,78,78,0,0
11969,99,89,10,10
11970,71,84,-13,13
11971,116,103,13,13
11972,122,121,1,1
11973,81,85,-4,4
11974,42,57,-15,15
11975,121,121,0,0
11976,144,149,-5,5
11977,190,187,3,3
11978,132,141,-9,9
11979,112,105,7,7
11980,106,95,11,11
11981,104,104,0,0
11982,79,82,-3,3
11983,81,82,-1,1
11984,92,118,-26,26
11985,55,65,-10,10
11986,85,82,3,3
11987,72,78,-6,6
11988,48,53,-5,5
11989,92,103,-11,11
11990,44,52,-8,8
11991,112,117,-5,5
11992,118,120,-2,2
11993,74,78,-4,4
11994,102,103,-1,1
11995,93,105,-12,12
11996,113,113,0,0
11997,89,94,-5,5
11998,133,133,0,0
11999,45,55,-10,10
12000,53,60,-7,7
12001,139,145,-6,6
12002,61,57,4,4
12003,85,100,-15,15
12004,67,70,-3,3
12005,81,88,-7,7
12006,33,46,-13,13
12007,74,77,-3,3
12008,81,83,-2,2
12009,81,94,-13,13
12010,114,115,-1,1
12011,158,174,-16,16
12012,59,71,-12,12
12013,60,68,-8,8
12014,111,114,-3,3
12015,102,103,-1,1
12016,89,78,11,11
12017,80,80,0,0
12018,73,78,-5,5
12019,53,54,-1,1
12020,124,130,-6,6
12021,108,113,-5,5
12022,101,92,9,9
12023,93,93,0,0
12024,69,180,-111,111
12025,111,110,1,1
12026,74,74,0,0
12027,80,78,2,2
12028,101,92,9,9
12029,127,160,-33,33
12030,78,70,8,8
12031,143,146,-3,3
12032,114,130,-16,16
12033,49,64,-15,15
12034,115,112,3,3
12035,103,88,15,15
12036,84,86,-2,2
12037,88,87,1,1
12038,92,77,15,15
12039,108,120,-12,12
12040,90,90,0,0
12041,65,80,-15,15
12042,60,62,-2,2
12043,72,68,4,4
12044,129,139,-10,10
12045,76,78,-2,2
12046,109,116,-7,7
12047,88,94,-6,6
12048,60,63,-3,3
12049,47,42,5,5
12050,100,85,15,15
12051,117,120,-3,3
12052,125,113,12,12
12053,113,107,6,6
12054,54,61,-7,7
12055,111,89,22,22
12056,156,136,20,20
12057,110,105,5,5
12058,82,93,-11,11
12059,114,108,6,6
12060,68,71,-3,3
12061,66,71,-5,5
12062,90,100,-10,10
12063,63,66,-3,3
12064,100,99,1,1
12065,66,65,1,1
12066,141,144,-3,3
12067,79,79,0,0
12068,104,96,8,8
12069,140,137,3,3
12070,72,80,-8,8
12071,39,49,-10,10
12072,118,109,9,9
12073,97,88,9,9
12074,95,104,-9,9
12075,86,89,-3,3
12076,90,82,8,8
12077,86,104,-18,18
12078,95,91,4,4
12079,118,105,13,13
12080,94,94,0,0
12081,130,130,0,0
12082,58,60,-2,2
12083,121,130,-9,9
12084,125,135,-10,10
12085,150,157,-7,7
12086,102,106,-4,4
12087,122,118,4,4
12088,109,106,3,3
12089,74,81,-7,7
12090,93,84,9,9
12091,53,64,-11,11
12092,117,121,-4,4
12093,93,90,3,3
12094,191,190,1,1
12095,142,133,9,9
12096,123,121,2,2
12097,83,90,-7,7
12098,127,122,5,5
12099,83,91,-8,8
12100,85,84,1,1
12101,83,87,-4,4
12102,94,95,-1,1
12103,164,161,3,3
12104,72,70,2,2
12105,76,49,27,27
12106,122,114,8,8
12107,59,41,18,18
12108,87,84,3,3
12109,88,55,33,33
12110,61,61,0,0
12111,154,149,5,5
12112,159,150,9,9
12113,163,152,11,11
12114,104,107,-3,3
12115,121,133,-12,12
12116,116,109,7,7
12117,98,97,1,1
12118,84,89,-5,5
12119,42,50,-8,8
12120,78,82,-4,4
12121,99,104,-5,5
12122,77,88,-11,11
12123,189,173,16,16
12124,66,79,-13,13
12125,144,144,0,0
12126,196,181,15,15
12127,107,103,4,4
12128,68,76,-8,8
12129,88,86,2,2
12130,36,46,-10,10
12131,107,129,-22,22
12132,123,104,19,19
12133,62,62,0,0
12134,207,201,6,6
12135,89,85,4,4
12136,74,83,-9,9
12137,87,84,3,3
12138,135,124,11,11
12139,72,69,3,3
12140,183,139,44,44
12141,118,135,-17,17
12142,110,90,20,20
12143,111,103,8,8
12144,122,113,9,9
12145,90,91,-1,1
12146,121,130,-9,9
12147,58,45,13,13
12148,126,103,23,23
12149,105,103,2,2
12150,109,109,0,0
12151,71,69,2,2
12152,148,150,-2,2
12153,95,105,-10,10
12154,103,105,-2,2
12155,90,91,-1,1
12156,77,82,-5,5
12157,126,117,9,9
12158,141,135,6,6
12159,134,131,3,3
12160,49,52,-3,3
12161,99,105,-6,6
12162,130,130,0,0
12163,74,65,9,9
12164,64,66,-2,2
12165,196,189,7,7
12166,106,112,-6,6
12167,100,103,-3,3
12168,88,91,-3,3
12169,116,118,-2,2
12170,107,113,-6,6
12171,128,111,17,17
12172,93,95,-2,2
12173,150,129,21,21
12174,92,74,18,18
12175,96,90,6,6
12176,115,113,2,2
12177,111,106,5,5
12178,87,98,-11,11
12179,69,73,-4,4
12180,139,150,-11,11
12181,104,102,2,2
12182,115,125,-10,10
12183,114,104,10,10
12184,58,79,-21,21
12185,77,74,3,3
12186,79,83,-4,4
12187,114,120,-6,6
12188,111,114,-3,3
12189,102,103,-1,1
12190,161,153,8,8
12191,197,199,-2,2
12192,72,63,9,9
12193,142,141,1,1
12194,49,48,1,1
12195,63,75,-12,12
12196,135,140,-5,5
12197,192,188,4,4
12198,47,48,-1,1
12199,110,115,-5,5
12200,71,73,-2,2
12201,108,107,1,1
12202,137,132,5,5
12203,128,107,21,21
12204,137,136,1,1
12205,148,139,9,9
12206,82,82,0,0
12207,70,82,-12,12
12208,60,52,8,8
12209,115,116,-1,1
12210,76,75,1,1
12211,86,95,-9,9
12212,97,97,0,0
12213,122,112,10,10
12214,104,92,12,12
12215,149,157,-8,8
12216,73,69,4,4
12217,88,90,-2,2
12218,93,88,5,5
12219,94,95,-1,1
12220,110,112,-2,2
12221,56,51,5,5
12222,66,73,-7,7
12223,73,84,-11,11
12224,96,92,4,4
12225,121,114,7,7
12226,122,134,-12,12
12227,94,101,-7,7
12228,88,96,-8,8
12229,130,137,-7,7
12230,63,40,23,23
12231,141,129,12,12
12232,54,61,-7,7
12233,73,77,-4,4
12234,71,68,3,3
12235,95,93,2,2
12236,121,118,3,3
12237,73,66,7,7
12238,125,121,4,4
12239,67,72,-5,5
12240,121,123,-2,2
12241,109,108,1,1
12242,64,64,0,0
12243,96,86,10,10
12244,119,146,-27,27
12245,93,102,-9,9
12246,75,68,7,7
12247,95,99,-4,4
12248,66,72,-6,6
12249,99,94,5,5
12250,47,56,-9,9
12251,84,103,-19,19
12252,165,235,-70,70
12253,97,97,0,0
12254,73,74,-1,1
12255,37,61,-24,24
12256,104,96,8,8
12257,71,76,-5,5
12258,65,70,-5,5
12259,66,67,-1,1
12260,63,67,-4,4
12261,96,94,2,2
12262,130,132,-2,2
12263,141,123,18,18
12264,86,109,-23,23
12265,108,120,-12,12
12266,128,118,10,10
12267,118,105,13,13
12268,83,80,3,3
12269,68,69,-1,1
12270,84,88,-4,4
12271,105,97,8,8
12272,61,74,-13,13
12273,73,81,-8,8
12274,65,68,-3,3
12275,131,122,9,9
12276,118,115,3,3
12277,93,103,-10,10
12278,76,70,6,6
12279,75,76,-1,1
12280,65,69,-4,4
12281,70,71,-1,1
12282,140,146,-6,6
12283,95,87,8,8
12284,145,112,33,33
12285,82,69,13,13
12286,185,150,35,35
12287,71,73,-2,2
12288,100,101,-1,1
12289,99,87,12,12
12290,64,68,-4,4
12291,65,66,-1,1
12292,51,56,-5,5
12293,79,91,-12,12
12294,50,61,-11,11
12295,128,133,-5,5
12296,109,109,0,0
12297,106,94,12,12
12298,50,57,-7,7
12299,126,118,8,8
12300,105,103,2,2
12301,39,50,-11,11
12302,70,79,-9,9
12303,134,100,34,34
12304,46,54,-8,8
12305,81,84,-3,3
12306,115,117,-2,2
12307,56,70,-14,14
12308,90,88,2,2
12309,107,104,3,3
12310,38,41,-3,3
12311,112,106,6,6
12312,86,86,0,0
12313,102,102,0,0
12314,81,89,-8,8
12315,133,118,15,15
12316,65,66,-1,1
12317,67,76,-9,9
12318,63,73,-10,10
12319,105,96,9,9
12320,81,78,3,3
12321,97,107,-10,10
12322,96,98,-2,2
12323,113,123,-10,10
12324,91,91,0,0
12325,67,79,-12,12
12326,85,80,5,5
12327,102,100,2,2
12328,76,69,7,7
12329,190,197,-7,7
12330,63,69,-6,6
12331,87,76,11,11
12332,140,132,8,8
12333,113,96,17,17
12334,102,101,1,1
12335,62,62,0,0
12336,57,56,1,1
12337,48,46,2,2
12338,62,63,-1,1
12339,94,132,-38,38
12340,95,106,-11,11
12341,183,174,9,9
12342,80,79,1,1
12343,164,155,9,9
12344,66,85,-19,19
12345,67,81,-14,14
12346,103,82,21,21
12347,69,80,-11,11
12348,118,128,-10,10
12349,78,63,15,15
12350,66,65,1,1
12351,94,92,2,2
12352,92,110,-18,18
12353,142,117,25,25
12354,55,71,-16,16
12355,101,105,-4,4
12356,79,73,6,6
12357,122,137,-15,15
12358,123,105,18,18
12359,38,51,-13,13
12360,65,82,-17,17
12361,138,105,33,33
12362,76,80,-4,4
12363,114,121,-7,7
12364,79,83,-4,4
12365,114,109,5,5
12366,68,69,-1,1
12367,78,73,5,5
12368,93,97,-4,4
12369,103,106,-3,3
12370,163,147,16,16
12371,101,107,-6,6
12372,126,132,-6,6
12373,67,65,2,2
12374,78,74,4,4
12375,116,119,-3,3
12376,128,121,7,7
12377,91,95,-4,4
12378,142,136,6,6
12379,65,66,-1,1
12380,145,160,-15,15
12381,61,65,-4,4
12382,136,138,-2,2
12383,84,77,7,7
12384,98,95,3,3
12385,87,88,-1,1
12386,107,111,-4,4
12387,115,133,-18,18
12388,106,106,0,0
12389,93,97,-4,4
12390,80,71,9,9
12391,130,121,9,9
12392,115,117,-2,2
12393,97,111,-14,14
12394,92,95,-3,3
12395,88,91,-3,3
12396,66,65,1,1
12397,66,66,0,0
12398,87,86,1,1
12399,106,101,5,5
12400,70,79,-9,9
12401,180,158,22,22
12402,87,100,-13,13
12403,89,81,8,8
12404,92,99,-7,7
12405,125,117,8,8
12406,88,99,-11,11
12407,109,109,0,0
12408,35,47,-12,12
12409,67,76,-9,9
12410,117,110,7,7
12411,190,174,16,16
12412,114,113,1,1
12413,137,129,8,8
12414,138,149,-11,11
12415,129,130,-1,1
12416,106,91,15,15
12417,63,73,-10,10
12418,58,64,-6,6
12419,57,61,-4,4
12420,86,100,-14,14
12421,104,110,-6,6
12422,97,96,1,1
12423,101,101,0,0
12424,137,135,2,2
12425,64,58,6,6
12426,176,182,-6,6
12427,93,88,5,5
12428,120,123,-3,3
12429,108,103,5,5
12430,70,76,-6,6
12431,97,86,11,11
12432,83,94,-11,11
12433,83,77,6,6
12434,150,165,-15,15
12435,64,67,-3,3
12436,89,95,-6,6
12437,96,99,-3,3
12438,114,109,5,5
12439,119,108,11,11
12440,61,61,0,0
12441,96,103,-7,7
12442,105,111,-6,6
12443,61,65,-4,4
12444,141,144,-3,3
12445,86,84,2,2
12446,87,85,2,2
12447,90,81,9,9
12448,105,108,-3,3
12449,91,89,2,2
12450,111,112,-1,1
12451,76,75,1,1
12452,87,86,1,1
12453,91,102,-11,11
12454,107,114,-7,7
12455,110,106,4,4
12456,124,136,-12,12
12457,128,128,0,0
12458,109,111,-2,2
12459,71,72,-1,1
12460,87,85,2,2
12461,148,149,-1,1
12462,107,95,12,12
12463,134,147,-13,13
12464,23,24,-1,1
12465,119,130,-11,11
12466,91,85,6,6
12467,25,40,-15,15
12468,61,74,-13,13
12469,101,79,22,22
12470,72,69,3,3
12471,95,95,0,0
12472,47,51,-4,4
12473,97,96,1,1
12474,81,84,-3,3
12475,59,60,-1,1
12476,77,74,3,3
12477,138,125,13,13
12478,120,159,-39,39
12479,136,140,-4,4
12480,79,84,-5,5
12481,63,66,-3,3
12482,102,103,-1,1
12483,158,146,12,12
12484,73,69,4,4
12485,53,53,0,0
12486,83,89,-6,6
12487,155,149,6,6
12488,139,126,13,13
12489,93,87,6,6
12490,128,136,-8,8
12491,98,102,-4,4
12492,96,79,17,17
12493,153,135,18,18
12494,104,107,-3,3
12495,115,100,15,15
12496,72,74,-2,2
12497,90,85,5,5
12498,127,138,-11,11
12499,112,128,-16,16
12500,64,65,-1,1
12501,73,70,3,3
12502,72,81,-9,9
12503,73,73,0,0
12504,56,58,-2,2
12505,106,112,-6,6
12506,144,137,7,7
12507,47,56,-9,9
12508,147,141,6,6
12509,95,99,-4,4
12510,76,79,-3,3
12511,128,141,-13,13
12512,81,73,8,8
12513,79,72,7,7
12514,86,79,7,7
12515,44,54,-10,10
12516,87,93,-6,6
12517,102,106,-4,4
12518,116,118,-2,2
12519,105,102,3,3
12520,113,115,-2,2
12521,152,151,1,1
12522,175,184,-9,9
12523,70,72,-2,2
12524,173,162,11,11
12525,87,76,11,11
12526,102,101,1,1
12527,88,97,-9,9
12528,76,80,-4,4
12529,110,105,5,5
12530,99,100,-1,1
12531,71,74,-3,3
12532,75,79,-4,4
12533,105,115,-10,10
12534,153,149,4,4
12535,100,114,-14,14
12536,90,86,4,4
12537,83,96,-13,13
12538,82,88,-6,6
12539,49,57,-8,8
12540,69,68,1,1
12541,113,111,2,2
12542,63,63,0,0
12543,58,63,-5,5
12544,65,60,5,5
12545,145,143,2,2
12546,50,54,-4,4
12547,83,88,-5,5
12548,100,99,1,1
12549,76,79,-3,3
12550,72,75,-3,3
12551,71,86,-15,15
12552,106,105,1,1
12553,127,148,-21,21
12554,96,89,7,7
12555,67,71,-4,4
12556,140,134,6,6
12557,56,61,-5,5
12558,108,105,3,3
12559,94,94,0,0
12560,59,62,-3,3
12561,84,83,1,1
12562,96,101,-5,5
12563,92,112,-20,20
12564,186,184,2,2
12565,62,65,-3,3
12566,164,157,7,7
12567,49,54,-5,5
12568,62,60,2,2
12569,50,64,-14,14
12570,128,121,7,7
12571,57,67,-10,10
12572,69,77,-8,8
12573,48,56,-8,8
12574,132,119,13,13
12575,140,146,-6,6
12576,107,112,-5,5
12577,80,85,-5,5
12578,78,79,-1,1
12579,140,134,6,6
12580,78,86,-8,8
12581,123,108,15,15
12582,87,95,-8,8
12583,91,109,-18,18
12584,119,128,-9,9
12585,107,99,8,8
12586,52,60,-8,8
12587,61,67,-6,6
12588,102,96,6,6
12589,79,73,6,6
12590,81,90,-9,9
12591,72,66,6,6
12592,74,90,-16,16
12593,73,67,6,6
12594,114,99,15,15
12595,127,117,10,10
12596,92,87,5,5
12597,118,125,-7,7
12598,115,201,-86,86
12599,73,71,2,2
12600,93,95,-2,2
12601,70,61,9,9
12602,73,73,0,0
12603,107,122,-15,15
12604,96,107,-11,11
12605,101,87,14,14
12606,76,87,-11,11
12607,85,77,8,8
12608,111,110,1,1
12609,42,48,-6,6
12610,69,68,1,1
12611,97,86,11,11
12612,90,88,2,2
12613,96,95,1,1
12614,114,133,-19,19
12615,121,113,8,8
12616,68,73,-5,5
12617,45,57,-12,12
12618,73,76,-3,3
12619,109,112,-3,3
12620,175,173,2,2
12621,90,80,10,10
12622,70,72,-2,2
12623,85,86,-1,1
12624,62,70,-8,8
12625,89,101,-12,12
12626,132,133,-1,1
12627,155,157,-2,2
12628,99,112,-13,13
12629,60,59,1,1
12630,110,108,2,2
12631,87,89,-2,2
12632,98,105,-7,7
12633,80,96,-16,16
12634,127,131,-4,4
12635,172,161,11,11
12636,181,174,7,7
12637,130,121,9,9
12638,76,82,-6,6
12639,86,85,1,1
12640,105,99,6,6
12641,105,111,-6,6
12642,56,69,-13,13
12643,65,72,-7,7
12644,42,50,-8,8
12645,120,115,5,5
12646,65,66,-1,1
12647,76,79,-3,3
12648,134,131,3,3
12649,28,71,-43,43
12650,96,96,0,0
12651,92,93,-1,1
12652,53,56,-3,3
12653,66,65,1,1
12654,79,79,0,0
12655,101,119,-18,18
12656,78,102,-24,24
12657,88,90,-2,2
12658,136,136,0,0
12659,142,137,5,5
12660,73,67,6,6
12661,97,95,2,2
12662,80,73,7,7
12663,51,58,-7,7
12664,69,80,-11,11
12665,52,51,1,1
12666,57,60,-3,3
12667,100,100,0,0
12668,147,139,8,8
12669,129,138,-9,9
12670,92,111,-19,19
12671,107,97,10,10
12672,99,107,-8,8
12673,89,95,-6,6
12674,58,62,-4,4
12675,103,92,11,11
12676,33,53,-20,20
12677,103,94,9,9
12678,88,82,6,6
12679,81,91,-10,10
12680,53,60,-7,7
12681,70,84,-14,14
12682,32,44,-12,12
12683,88,91,-3,3
12684,99,118,-19,19
12685,110,102,8,8
12686,78,82,-4,4
12687,99,98,1,1
12688,46,66,-20,20
12689,136,119,17,17
12690,75,72,3,3
12691,117,105,12,12
12692,93,86,7,7
12693,132,126,6,6
12694,70,71,-1,1
12695,69,71,-2,2
12696,49,35,14,14
12697,71,70,1,1
12698,118,106,12,12
12699,97,100,-3,3
12700,76,88,-12,12
12701,195,166,29,29
12702,128,118,10,10
12703,66,63,3,3
12704,120,122,-2,2
12705,73,75,-2,2
12706,62,67,-5,5
12707,104,98,6,6
12708,94,86,8,8
12709,94,89,5,5
12710,110,108,2,2
12711,96,95,1,1
12712,107,112,-5,5
12713,77,86,-9,9
12714,91,103,-12,12
12715,63,63,0,0
12716,128,119,9,9
12717,77,69,8,8
12718,67,73,-6,6
12719,124,129,-5,5
12720,94,90,4,4
12721,64,68,-4,4
12722,74,83,-9,9
12723,88,88,0,0
12724,70,73,-3,3
12725,78,81,-3,3
12726,66,75,-9,9
12727,104,104,0,0
12728,134,141,-7,7
12729,92,86,6,6
12730,74,75,-1,1
12731,93,92,1,1
12732,98,90,8,8
12733,100,88,12,12
12734,87,80,7,7
12735,101,97,4,4
12736,49,61,-12,12
12737,121,121,0,0
12738,84,99,-15,15
12739,158,164,-6,6
12740,115,122,-7,7
12741,125,113,12,12
12742,53,54,-1,1
12743,80,87,-7,7
12744,68,65,3,3
12745,103,96,7,7
12746,107,110,-3,3
12747,77,92,-15,15
12748,100,113,-13,13
12749,120,120,0,0
12750,91,87,4,4
12751,77,67,10,10
12752,132,126,6,6
12753,131,131,0,0
12754,43,64,-21,21
12755,45,58,-13,13
12756,124,118,6,6
12757,86,83,3,3
12758,107,99,8,8
12759,82,86,-4,4
12760,204,188,16,16
12761,107,106,1,1
12762,120,94,26,26
12763,140,146,-6,6
12764,153,138,15,15
12765,83,82,1,1
12766,47,49,-2,2
12767,91,80,11,11
12768,68,59,9,9
12769,56,60,-4,4
12770,77,85,-8,8
12771,37,46,-9,9
12772,117,116,1,1
12773,85,84,1,1
12774,101,99,2,2
12775,67,62,5,5
12776,118,130,-12,12
12777,56,61,-5,5
12778,68,70,-2,2
12779,65,56,9,9
12780,105,102,3,3
12781,102,115,-13,13
12782,116,108,8,8
12783,69,77,-8,8
12784,79,76,3,3
12785,105,107,-2,2
12786,101,81,20,20
12787,106,100,6,6
12788,89,84,5,5
12789,77,85,-8,8
12790,116,108,8,8
12791,111,107,4,4
12792,91,80,11,11
12793,74,68,6,6
12794,96,96,0,0
12795,119,124,-5,5
12796,124,115,9,9
12797,83,80,3,3
12798,59,61,-2,2
12799,87,71,16,16
12800,55,62,-7,7
12801,121,121,0,0
12802,94,88,6,6
12803,90,90,0,0
12804,181,148,33,33
12805,93,80,13,13
12806,72,80,-8,8
12807,92,89,3,3
12808,153,143,10,10
12809,55,58,-3,3
12810,61,67,-6,6
12811,99,103,-4,4
12812,82,85,-3,3
12813,102,92,10,10
12814,148,139,9,9
12815,112,99,13,13
12816,172,170,2,2
12817,133,135,-2,2
12818,97,123,-26,26
12819,70,81,-11,11
12820,70,80,-10,10
12821,98,85,13,13
12822,96,109,-13,13
12823,69,72,-3,3
12824,90,79,11,11
12825,138,132,6,6
12826,132,122,10,10
12827,153,157,-4,4
12828,86,72,14,14
12829,108,96,12,12
12830,80,94,-14,14
12831,154,133,21,21
12832,116,126,-10,10
12833,103,104,-1,1
12834,104,112,-8,8
12835,116,119,-3,3
12836,107,98,9,9
12837,96,80,16,16
12838,90,102,-12,12
12839,50,56,-6,6
12840,104,105,-1,1
12841,72,70,2,2
12842,106,93,13,13
12843,87,96,-9,9
12844,124,122,2,2
12845,27,61,-34,34
12846,133,142,-9,9
12847,122,107,15,15
12848,124,142,-18,18
12849,89,100,-11,11
12850,97,128,-31,31
12851,84,97,-13,13
12852,140,137,3,3
12853,136,113,23,23
12854,20,28,-8,8
12855,93,83,10,10
12856,85,95,-10,10
12857,74,78,-4,4
12858,103,94,9,9
12859,75,78,-3,3
12860,46,53,-7,7
12861,84,103,-19,19
12862,75,78,-3,3
12863,53,59,-6,6
12864,52,83,-31,31
12865,87,91,-4,4
12866,109,98,11,11
12867,105,96,9,9
12868,67,71,-4,4
12869,154,139,15,15
12870,84,95,-11,11
12871,128,117,11,11
12872,113,115,-2,2
12873,87,80,7,7
12874,101,105,-4,4
12875,96,108,-12,12
12876,39,48,-9,9
12877,133,133,0,0
12878,191,194,-3,3
12879,60,66,-6,6
12880,125,129,-4,4
12881,75,81,-6,6
12882,40,57,-17,17
12883,103,99,4,4
12884,79,80,-1,1
12885,185,185,0,0
12886,124,129,-5,5
12887,109,116,-7,7
12888,89,98,-9,9
12889,67,74,-7,7
12890,47,53,-6,6
12891,76,68,8,8
12892,122,131,-9,9
12893,106,100,6,6
12894,142,132,10,10
12895,96,75,21,21
12896,52,60,-8,8
12897,96,95,1,1
12898,117,121,-4,4
12899,69,75,-6,6
12900,89,80,9,9
12901,72,75,-3,3
12902,180,167,13,13
12903,94,86,8,8
12904,53,54,-1,1
12905,93,104,-11,11
12906,161,137,24,24
12907,137,133,4,4
12908,129,134,-5,5
12909,89,78,11,11
12910,102,94,8,8
12911,159,147,12,12
12912,67,63,4,4
12913,67,62,5,5
12914,97,103,-6,6
12915,71,70,1,1
12916,153,154,-1,1
12917,100,104,-4,4
12918,92,102,-10,10
12919,79,96,-17,17
12920,79,78,1,1
12921,73,77,-4,4
12922,133,140,-7,7
12923,51,52,-1,1
12924,139,138,1,1
12925,115,129,-14,14
12926,89,88,1,1
12927,124,131,-7,7
12928,90,86,4,4
12929,128,135,-7,7
12930,131,123,8,8
12931,71,72,-1,1
12932,113,113,0,0
12933,127,139,-12,12
12934,61,68,-7,7
12935,113,116,-3,3
12936,112,94,18,18
12937,75,77,-2,2
12938,125,108,17,17
12939,73,74,-1,1
12940,100,124,-24,24
12941,187,173,14,14
12942,101,100,1,1
12943,103,100,3,3
12944,99,103,-4,4
12945,65,69,-4,4
12946,116,111,5,5
12947,97,105,-8,8
12948,83,88,-5,5
12949,90,89,1,1
12950,101,104,-3,3
12951,97,104,-7,7
12952,107,99,8,8
12953,119,134,-15,15
12954,78,74,4,4
12955,79,83,-4,4
12956,74,86,-12,12
12957,150,134,16,16
12958,83,98,-15,15
12959,131,128,3,3
12960,68,72,-4,4
12961,222,185,37,37
12962,88,93,-5,5
12963,109,116,-7,7
12964,149,159,-10,10
12965,82,80,2,2
12966,33,43,-10,10
12967,97,104,-7,7
12968,88,87,1,1
12969,127,133,-6,6
12970,70,71,-1,1
12971,86,110,-24,24
12972,63,67,-4,4
12973,101,97,4,4
12974,85,89,-4,4
12975,97,94,3,3
12976,68,78,-10,10
12977,79,93,-14,14
12978,182,177,5,5
12979,68,74,-6,6
12980,68,74,-6,6
12981,81,77,4,4
12982,118,111,7,7
12983,93,97,-4,4
12984,117,102,15,15
12985,144,138,6,6
12986,134,125,9,9
12987,69,74,-5,5
12988,133,123,10,10
12989,88,99,-11,11
12990,63,66,-3,3
12991,116,123,-7,7
12992,113,122,-9,9
12993,103,95,8,8
12994,127,154,-27,27
12995,116,125,-9,9
12996,114,111,3,3
12997,123,115,8,8
12998,72,83,-11,11
12999,107,104,3,3
13000,121,112,9,9
13001,100,87,13,13
13002,87,85,2,2
13003,102,94,8,8
13004,155,129,26,26
13005,72,84,-12,12
13006,84,85,-1,1
13007,86,97,-11,11
13008,115,120,-5,5
13009,100,106,-6,6
13010,81,74,7,7
13011,51,62,-11,11
13012,54,63,-9,9
13013,86,87,-1,1
13014,92,87,5,5
13015,60,66,-6,6
13016,112,113,-1,1
13017,92,87,5,5
13018,87,91,-4,4
13019,95,102,-7,7
13020,80,82,-2,2
13021,139,142,-3,3
13022,103,96,7,7
13023,120,136,-16,16
13024,75,87,-12,12
13025,51,50,1,1
13026,76,79,-3,3
13027,67,73,-6,6
13028,165,169,-4,4
13029,84,87,-3,3
13030,83,88,-5,5
13031,61,64,-3,3
13032,159,149,10,10
13033,64,66,-2,2
13034,140,139,1,1
13035,65,77,-12,12
13036,68,75,-7,7
13037,67,69,-2,2
13038,87,93,-6,6
13039,109,107,2,2
13040,116,110,6,6
13041,94,110,-16,16
13042,135,127,8,8
13043,77,79,-2,2
13044,55,57,-2,2
13045,61,62,-1,1
13046,73,78,-5,5
13047,139,128,11,11
13048,106,116,-10,10
13049,78,74,4,4
13050,74,66,8,8
13051,99,99,0,0
13052,88,92,-4,4
13053,93,80,13,13
13054,69,63,6,6
13055,235,197,38,38
13056,83,80,3,3
13057,101,86,15,15
13058,66,69,-3,3
13059,58,52,6,6
13060,119,123,-4,4
13061,129,133,-4,4
13062,82,88,-6,6
13063,168,170,-2,2
13064,72,83,-11,11
13065,125,121,4,4
13066,82,75,7,7
13067,97,97,0,0
13068,56,64,-8,8
13069,123,133,-10,10
13070,79,78,1,1
13071,84,86,-2,2
13072,112,106,6,6
13073,80,89,-9,9
13074,106,98,8,8
13075,60,67,-7,7
13076,72,75,-3,3
13077,96,116,-20,20
13078,60,45,15,15
13079,117,98,19,19
13080,66,69,-3,3
13081,78,77,1,1
13082,55,62,-7,7
13083,164,138,26,26
13084,184,186,-2,2
13085,78,86,-8,8
13086,61,69,-8,8
13087,109,128,-19,19
13088,101,99,2,2
13089,79,75,4,4
13090,51,61,-10,10
13091,64,61,3,3
13092,62,67,-5,5
13093,144,145,-1,1
13094,57,62,-5,5
13095,50,58,-8,8
13096,81,85,-4,4
13097,99,105,-6,6
13098,97,101,-4,4
13099,129,108,21,21
13100,104,105,-1,1
13101,93,90,3,3
13102,84,75,9,9
13103,90,93,-3,3
13104,112,121,-9,9
13105,69,75,-6,6
13106,69,69,0,0
13107,107,94,13,13
13108,145,136,9,9
13109,84,76,8,8
13110,51,55,-4,4
13111,100,92,8,8
13112,82,93,-11,11
13113,71,84,-13,13
13114,104,97,7,7
13115,67,74,-7,7
13116,89,95,-6,6
13117,61,70,-9,9
13118,74,78,-4,4
13119,101,114,-13,13
13120,67,76,-9,9
13121,72,86,-14,14
13122,70,74,-4,4
13123,158,152,6,6
13124,94,93,1,1
13125,84,81,3,3
13126,120,124,-4,4
13127,152,160,-8,8
13128,137,134,3,3
13129,82,84,-2,2
13130,116,124,-8,8
13131,112,109,3,3
13132,99,92,7,7
13133,150,155,-5,5
13134,66,69,-3,3
13135,81,72,9,9
13136,50,60,-10,10
13137,133,138,-5,5
13138,65,74,-9,9
13139,65,64,1,1
13140,80,80,0,0
13141,53,55,-2,2
13142,108,100,8,8
13143,80,70,10,10
13144,126,140,-14,14
13145,73,80,-7,7
13146,58,56,2,2
13147,80,77,3,3
13148,62,65,-3,3
13149,64,66,-2,2
13150,55,57,-2,2
13151,81,82,-1,1
13152,97,111,-14,14
13153,78,72,6,6
13154,101,95,6,6
13155,72,82,-10,10
13156,112,100,12,12
13157,84,92,-8,8
13158,68,59,9,9
13159,102,99,3,3
13160,117,125,-8,8
13161,88,83,5,5
13162,127,114,13,13
13163,64,67,-3,3
13164,87,100,-13,13
13165,80,85,-5,5
13166,101,95,6,6
13167,122,105,17,17
13168,67,68,-1,1
13169,131,117,14,14
13170,97,82,15,15
13171,135,132,3,3
13172,88,86,2,2
13173,115,138,-23,23
13174,134,115,19,19
13175,116,123,-7,7
13176,79,81,-2,2
13177,45,50,-5,5
13178,100,107,-7,7
13179,85,104,-19,19
13180,63,70,-7,7
13181,89,93,-4,4
13182,76,78,-2,2
13183,138,130,8,8
13184,123,124,-1,1
13185,74,78,-4,4
13186,43,49,-6,6
13187,66,78,-12,12
13188,86,109,-23,23
13189,115,119,-4,4
13190,30,44,-14,14
13191,66,71,-5,5
13192,208,160,48,48
13193,90,97,-7,7
13194,71,66,5,5
13195,94,82,12,12
13196,171,191,-20,20
13197,55,60,-5,5
13198,43,38,5,5
13199,67,68,-1,1
13200,143,121,22,22
13201,98,97,1,1
13202,100,86,14,14
13203,108,108,0,0
13204,91,84,7,7
13205,131,134,-3,3
13206,79,70,9,9
13207,153,163,-10,10
13208,37,46,-9,9
13209,46,51,-5,5
13210,241,208,33,33
13211,89,86,3,3
13212,72,74,-2,2
13213,100,102,-2,2
13214,83,83,0,0
13215,98,94,4,4
13216,128,122,6,6
13217,162,122,40,40
13218,81,82,-1,1
13219,98,99,-1,1
13220,70,83,-13,13
13221,182,164,18,18
13222,71,74,-3,3
13223,173,169,4,4
13224,54,61,-7,7
13225,66,72,-6,6
13226,85,79,6,6
13227,93,96,-3,3
13228,71,112,-41,41
13229,163,150,13,13
13230,86,78,8,8
13231,74,76,-2,2
13232,148,158,-10,10
13233,112,116,-4,4
13234,90,82,8,8
13235,64,60,4,4
13236,78,85,-7,7
13237,115,123,-8,8
13238,105,103,2,2
13239,90,89,1,1
13240,117,109,8,8
13241,103,99,4,4
13242,139,156,-17,17
13243,107,104,3,3
13244,118,130,-12,12
13245,94,88,6,6
13246,56,62,-6,6
13247,97,98,-1,1
13248,77,73,4,4
13249,117,104,13,13
13250,125,125,0,0
13251,67,78,-11,11
13252,73,73,0,0
13253,152,148,4,4
13254,73,66,7,7
13255,121,121,0,0
13256,166,162,4,4
13257,90,88,2,2
13258,96,99,-3,3
13259,149,153,-4,4
13260,61,65,-4,4
13261,144,130,14,14
13262,121,129,-8,8
13263,131,124,7,7
13264,58,53,5,5
13265,51,59,-8,8
13266,54,67,-13,13
13267,72,77,-5,5
13268,99,103,-4,4
13269,124,116,8,8
13270,105,106,-1,1
13271,100,99,1,1
13272,153,168,-15,15
13273,76,83,-7,7
13274,120,113,7,7
13275,94,92,2,2
13276,85,85,0,0
13277,84,91,-7,7
13278,53,68,-15,15
13279,106,112,-6,6
13280,108,116,-8,8
13281,140,132,8,8
13282,113,112,1,1
13283,57,67,-10,10
13284,108,108,0,0
13285,123,119,4,4
13286,108,94,14,14
13287,83,80,3,3
13288,99,87,12,12
13289,78,77,1,1
13290,96,96,0,0
13291,58,62,-4,4
13292,82,87,-5,5
13293,148,135,13,13
13294,86,92,-6,6
13295,81,77,4,4
13296,119,122,-3,3
13297,97,113,-16,16
13298,118,114,4,4
13299,92,94,-2,2
13300,102,111,-9,9
13301,72,73,-1,1
13302,64,62,2,2
13303,86,82,4,4
13304,57,70,-13,13
13305,102,104,-2,2
13306,67,66,1,1
13307,88,94,-6,6
13308,139,122,17,17
13309,61,60,1,1
13310,77,78,-1,1
13311,158,151,7,7
13312,130,121,9,9
13313,132,136,-4,4
13314,187,209,-22,22
13315,79,72,7,7
13316,96,108,-12,12
13317,76,90,-14,14
13318,71,79,-8,8
13319,78,90,-12,12
13320,209,193,16,16
13321,75,81,-6,6
13322,146,130,16,16
13323,100,99,1,1
13324,80,78,2,2
13325,70,72,-2,2
13326,65,64,1,1
13327,95,97,-2,2
13328,80,75,5,5
13329,69,68,1,1
13330,132,140,-8,8
13331,77,77,0,0
13332,98,93,5,5
13333,94,97,-3,3
13334,86,88,-2,2
13335,90,88,2,2
13336,75,70,5,5
13337,130,99,31,31
13338,87,90,-3,3
13339,141,130,11,11
13340,161,145,16,16
13341,68,88,-20,20
13342,97,94,3,3
13343,125,111,14,14
13344,36,43,-7,7
13345,115,119,-4,4
13346,68,71,-3,3
13347,106,108,-2,2
13348,96,99,-3,3
13349,82,80,2,2
13350,73,69,4,4
13351,89,81,8,8
13352,75,59,16,16
13353,85,116,-31,31
13354,134,154,-20,20
13355,90,91,-1,1
13356,83,85,-2,2
13357,129,108,21,21
13358,140,146,-6,6
13359,60,68,-8,8
13360,82,80,2,2
13361,153,288,-135,135
13362,80,89,-9,9
13363,119,126,-7,7
13364,108,105,3,3
13365,54,58,-4,4
13366,99,104,-5,5
13367,130,156,-26,26
13368,100,105,-5,5
13369,59,60,-1,1
13370,84,94,-10,10
13371,117,120,-3,3
13372,60,64,-4,4
13373,55,57,-2,2
13374,96,91,5,5
13375,73,72,1,1
13376,64,76,-12,12
13377,75,77,-2,2
13378,55,48,7,7
13379,90,90,0,0
13380,142,155,-13,13
13381,139,132,7,7
13382,118,104,14,14
13383,120,119,1,1
13384,112,118,-6,6
13385,43,55,-12,12
13386,106,108,-2,2
13387,187,201,-14,14
13388,117,121,-4,4
13389,111,112,-1,1
13390,188,203,-15,15
13391,156,137,19,19
13392,136,146,-10,10
13393,88,95,-7,7
13394,29,43,-14,14
13395,107,100,7,7
13396,113,95,18,18
13397,93,89,4,4
13398,81,82,-1,1
13399,22,48,-26,26
13400,69,71,-2,2
13401,168,175,-7,7
13402,147,141,6,6
13403,105,121,-16,16
13404,145,132,13,13
13405,58,67,-9,9
13406,60,66,-6,6
13407,150,150,0,0
13408,70,66,4,4
13409,69,67,2,2
13410,140,148,-8,8
13411,88,84,4,4
13412,120,128,-8,8
13413,63,67,-4,4
13414,81,89,-8,8
13415,66,63,3,3
13416,91,95,-4,4
13417,131,147,-16,16
13418,126,112,14,14
13419,138,136,2,2
13420,103,113,-10,10
13421,103,102,1,1
13422,50,46,4,4
13423,64,75,-11,11
13424,75,84,-9,9
13425,67,66,1,1
13426,97,87,10,10
13427,109,118,-9,9
13428,137,139,-2,2
13429,71,68,3,3
13430,98,91,7,7
13431,82,102,-20,20
13432,65,65,0,0
13433,117,104,13,13
13434,148,148,0,0
13435,190,184,6,6
13436,84,90,-6,6
13437,110,98,12,12
13438,138,141,-3,3
13439,74,70,4,4
13440,130,122,8,8
13441,79,75,4,4
13442,92,119,-27,27
13443,137,133,4,4
13444,104,83,21,21
13445,160,140,20,20
13446,90,88,2,2
13447,101,102,-1,1
13448,123,127,-4,4
13449,73,75,-2,2
13450,66,67,-1,1
13451,124,110,14,14
13452,173,146,27,27
13453,142,138,4,4
13454,32,43,-11,11
13455,104,89,15,15
13456,65,87,-22,22
13457,60,60,0,0
13458,71,79,-8,8
13459,56,56,0,0
13460,122,121,1,1
13461,135,147,-12,12
13462,162,157,5,5
13463,96,116,-20,20
13464,126,126,0,0
13465,74,79,-5,5
13466,102,111,-9,9
13467,80,82,-2,2
13468,88,84,4,4
13469,92,83,9,9
13470,107,108,-1,1
13471,87,107,-20,20
13472,58,58,0,0
13473,80,69,11,11
13474,79,74,5,5
13475,114,118,-4,4
13476,78,87,-9,9
13477,75,86,-11,11
13478,168,170,-2,2
13479,114,114,0,0
13480,59,75,-16,16
13481,152,157,-5,5
13482,66,67,-1,1
13483,98,88,10,10
13484,70,68,2,2
13485,101,94,7,7
13486,130,128,2,2
13487,114,111,3,3
13488,63,68,-5,5
13489,181,170,11,11
13490,86,91,-5,5
13491,107,120,-13,13
13492,59,64,-5,5
13493,74,68,6,6
13494,134,126,8,8
13495,199,149,50,50
13496,58,70,-12,12
13497,99,104,-5,5
13498,103,113,-10,10
13499,183,171,12,12
13500,96,98,-2,2
13501,99,102,-3,3
13502,113,97,16,16
13503,88,79,9,9
13504,88,91,-3,3
13505,128,132,-4,4
13506,82,89,-7,7
13507,80,77,3,3
13508,53,62,-9,9
13509,47,55,-8,8
13510,102,94,8,8
13511,97,99,-2,2
13512,68,73,-5,5
13513,125,124,1,1
13514,110,120,-10,10
13515,77,77,0,0
13516,127,120,7,7
13517,87,92,-5,5
13518,107,92,15,15
13519,105,114,-9,9
13520,153,128,25,25
13521,61,66,-5,5
13522,33,70,-37,37
13523,146,150,-4,4
13524,100,114,-14,14
13525,170,167,3,3
13526,134,122,12,12
13527,78,104,-26,26
13528,73,65,8,8
13529,60,63,-3,3
13530,64,67,-3,3
13531,99,90,9,9
13532,80,92,-12,12
13533,65,64,1,1
13534,67,64,3,3
13535,141,124,17,17
13536,60,62,-2,2
13537,138,143,-5,5
13538,154,148,6,6
13539,58,61,-3,3
13540,114,135,-21,21
13541,132,115,17,17
13542,98,96,2,2
13543,80,82,-2,2
13544,105,107,-2,2
13545,84,99,-15,15
13546,78,83,-5,5
13547,154,146,8,8
13548,67,72,-5,5
13549,95,113,-18,18
13550,125,116,9,9
13551,128,129,-1,1
13552,42,42,0,0
13553,204,184,20,20
13554,98,91,7,7
13555,112,113,-1,1
13556,132,121,11,11
13557,139,130,9,9
13558,93,81,12,12
13559,146,148,-2,2
13560,56,57,-1,1
13561,65,68,-3,3
13562,124,117,7,7
13563,103,96,7,7
13564,86,85,1,1
13565,60,67,-7,7
13566,98,104,-6,6
13567,80,119,-39,39
13568,89,97,-8,8
13569,148,132,16,16
13570,40,53,-13,13
13571,80,93,-13,13
13572,70,75,-5,5
13573,82,78,4,4
13574,133,139,-6,6
13575,75,85,-10,10
13576,75,72,3,3
13577,120,96,24,24
13578,50,59,-9,9
13579,111,133,-22,22
13580,86,81,5,5
13581,115,122,-7,7
13582,63,65,-2,2
13583,93,98,-5,5
13584,104,103,1,1
13585,153,152,1,1
13586,51,63,-12,12
13587,128,115,13,13
13588,92,91,1,1
13589,51,69,-18,18
13590,84,85,-1,1
13591,104,98,6,6
13592,101,95,6,6
13593,83,86,-3,3
13594,69,73,-4,4
13595,96,90,6,6
13596,83,76,7,7
13597,54,76,-22,22
13598,83,74,9,9
13599,54,56,-2,2
13600,61,64,-3,3
13601,116,108,8,8
13602,113,104,9,9
13603,76,75,1,1
13604,87,85,2,2
13605,59,63,-4,4
13606,141,141,0,0
13607,97,100,-3,3
13608,89,84,5,5
13609,131,135,-4,4
13610,71,67,4,4
13611,60,62,-2,2
13612,39,46,-7,7
13613,68,79,-11,11
13614,61,62,-1,1
13615,107,101,6,6
13616,95,92,3,3
13617,94,117,-23,23
13618,82,82,0,0
13619,110,113,-3,3
13620,113,124,-11,11
13621,107,105,2,2
13622,161,155,6,6
13623,180,156,24,24
13624,101,108,-7,7
13625,88,89,-1,1
13626,87,80,7,7
13627,115,124,-9,9
13628,121,116,5,5
13629,139,138,1,1
13630,123,114,9,9
13631,63,64,-1,1
13632,122,105,17,17
13633,68,71,-3,3
13634,110,105,5,5
13635,57,78,-21,21
13636,82,64,18,18
13637,95,99,-4,4
13638,134,134,0,0
13639,98,90,8,8
13640,128,123,5,5
13641,95,95,0,0
13642,104,111,-7,7
13643,175,151,24,24
13644,109,99,10,10
13645,164,146,18,18
13646,118,126,-8,8
13647,70,72,-2,2
13648,54,64,-10,10
13649,145,145,0,0
13650,68,64,4,4
13651,82,68,14,14
13652,61,65,-4,4
13653,92,101,-9,9
13654,89,72,17,17
13655,96,96,0,0
13656,122,117,5,5
13657,79,79,0,0
13658,75,74,1,1
13659,108,102,6,6
13660,43,52,-9,9
13661,67,72,-5,5
13662,75,76,-1,1
13663,67,60,7,7
13664,88,102,-14,14
13665,55,69,-14,14
13666,96,106,-10,10
13667,60,63,-3,3
13668,125,115,10,10
13669,56,67,-11,11
13670,111,103,8,8
13671,105,123,-18,18
13672,77,98,-21,21
13673,89,89,0,0
13674,79,82,-3,3
13675,107,114,-7,7
13676,124,131,-7,7
13677,119,117,2,2
13678,57,79,-22,22
13679,127,109,18,18
13680,64,73,-9,9
13681,96,99,-3,3
13682,89,83,6,6
13683,71,68,3,3
13684,76,80,-4,4
13685,110,118,-8,8
13686,120,131,-11,11
13687,98,100,-2,2
13688,84,92,-8,8
13689,233,185,48,48
13690,75,68,7,7
13691,107,91,16,16
13692,76,78,-2,2
13693,84,87,-3,3
13694,86,87,-1,1
13695,103,95,8,8
13696,106,102,4,4
13697,150,138,12,12
13698,73,72,1,1
13699,130,141,-11,11
13700,132,122,10,10
13701,139,143,-4,4
13702,115,112,3,3
13703,155,150,5,5
13704,75,84,-9,9
13705,70,65,5,5
13706,127,121,6,6
13707,65,57,8,8
13708,100,110,-10,10
13709,170,155,15,15
13710,135,122,13,13
13711,75,85,-10,10
13712,164,188,-24,24
13713,125,117,8,8
13714,104,109,-5,5
13715,53,59,-6,6
13716,146,150,-4,4
13717,102,93,9,9
13718,70,79,-9,9
13719,54,70,-16,16
13720,108,122,-14,14
13721,97,89,8,8
13722,104,102,2,2
13723,140,143,-3,3
13724,94,123,-29,29
13725,62,76,-14,14
13726,105,95,10,10
13727,48,46,2,2
13728,63,71,-8,8
13729,64,56,8,8
13730,51,58,-7,7
13731,63,65,-2,2
13732,121,116,5,5
13733,120,104,16,16
13734,86,90,-4,4
13735,91,91,0,0
13736,55,67,-12,12
13737,98,99,-1,1
13738,69,62,7,7
13739,45,58,-13,13
13740,126,138,-12,12
13741,169,160,9,9
13742,95,89,6,6
13743,106,115,-9,9
13744,91,83,8,8
13745,126,120,6,6
13746,67,72,-5,5
13747,55,61,-6,6
13748,74,75,-1,1
13749,87,74,13,13
13750,87,90,-3,3
13751,83,74,9,9
13752,114,129,-15,15
13753,125,132,-7,7
13754,120,116,4,4
13755,86,85,1,1
13756,66,78,-12,12
13757,106,103,3,3
13758,62,65,-3,3
13759,87,114,-27,27
13760,68,63,5,5
13761,77,79,-2,2
13762,106,101,5,5
13763,101,98,3,3
13764,93,89,4,4
13765,63,81,-18,18
13766,53,58,-5,5
13767,116,122,-6,6
13768,116,109,7,7
13769,92,112,-20,20
13770,80,73,7,7
13771,93,95,-2,2
13772,129,121,8,8
13773,97,96,1,1
13774,51,61,-10,10
13775,98,96,2,2
13776,80,120,-40,40
13777,74,79,-5,5
13778,157,148,9,9
13779,163,171,-8,8
13780,62,66,-4,4
13781,107,109,-2,2
13782,107,94,13,13
13783,107,101,6,6
13784,83,85,-2,2
13785,117,111,6,6
13786,94,96,-2,2
13787,65,70,-5,5
13788,61,64,-3,3
13789,79,82,-3,3
13790,137,137,0,0
13791,141,137,4,4
13792,95,94,1,1
13793,101,101,0,0
13794,95,102,-7,7
13795,142,121,21,21
13796,107,102,5,5
13797,80,78,2,2
13798,91,97,-6,6
13799,71,69,2,2
13800,81,85,-4,4
13801,96,93,3,3
13802,151,138,13,13
13803,75,83,-8,8
13804,69,75,-6,6
13805,70,71,-1,1
13806,66,74,-8,8
13807,100,111,-11,11
13808,107,104,3,3
13809,116,123,-7,7
13810,59,66,-7,7
13811,90,90,0,0
13812,60,56,4,4
13813,55,60,-5,5
13814,66,74,-8,8
13815,90,90,0,0
13816,80,84,-4,4
13817,151,87,64,64
13818,91,92,-1,1
13819,59,65,-6,6
13820,73,78,-5,5
13821,51,59,-8,8
13822,95,99,-4,4
13823,92,88,4,4
13824,61,64,-3,3
13825,80,81,-1,1
13826,107,117,-10,10
13827,79,81,-2,2
13828,167,152,15,15
13829,58,63,-5,5
13830,104,109,-5,5
13831,106,114,-8,8
13832,61,62,-1,1
13833,111,116,-5,5
13834,97,117,-20,20
13835,101,101,0,0
13836,67,73,-6,6
13837,56,58,-2,2
13838,57,58,-1,1
13839,82,73,9,9
13840,95,86,9,9
13841,69,72,-3,3
13842,58,65,-7,7
13843,105,101,4,4
13844,163,113,50,50
13845,61,71,-10,10
13846,90,75,15,15
13847,220,207,13,13
13848,96,83,13,13
13849,44,49,-5,5
13850,59,75,-16,16
13851,60,72,-12,12
13852,64,73,-9,9
13853,94,90,4,4
13854,151,146,5,5
13855,75,72,3,3
13856,75,76,-1,1
13857,79,75,4,4
13858,70,74,-4,4
13859,107,105,2,2
13860,145,131,14,14
13861,70,60,10,10
13862,75,76,-1,1
13863,141,139,2,2
13864,66,70,-4,4
13865,79,73,6,6
13866,111,103,8,8
13867,112,103,9,9
13868,125,139,-14,14
13869,121,123,-2,2
13870,108,107,1,1
13871,74,86,-12,12
13872,106,98,8,8
13873,118,103,15,15
13874,162,153,9,9
13875,142,108,34,34
13876,65,69,-4,4
13877,59,59,0,0
13878,91,91,0,0
13879,75,82,-7,7
13880,125,90,35,35
13881,146,150,-4,4
13882,84,80,4,4
13883,95,95,0,0
13884,88,85,3,3
13885,95,89,6,6
13886,54,63,-9,9
13887,68,64,4,4
13888,250,218,32,32
13889,64,52,12,12
13890,89,87,2,2
13891,63,66,-3,3
13892,47,65,-18,18
13893,113,103,10,10
13894,118,100,18,18
13895,77,78,-1,1
13896,175,158,17,17
13897,87,91,-4,4
13898,85,86,-1,1
13899,107,94,13,13
13900,77,61,16,16
13901,112,120,-8,8
13902,67,83,-16,16
13903,124,123,1,1
13904,69,67,2,2
13905,170,155,15,15
13906,91,86,5,5
13907,69,72,-3,3
13908,69,66,3,3
13909,102,104,-2,2
13910,87,101,-14,14
13911,61,75,-14,14
13912,140,130,10,10
13913,56,51,5,5
13914,50,52,-2,2
13915,71,70,1,1
13916,46,58,-12,12
13917,102,105,-3,3
13918,72,73,-1,1
13919,102,114,-12,12
13920,98,104,-6,6
13921,114,124,-10,10
13922,83,87,-4,4
13923,75,84,-9,9
13924,92,85,7,7
13925,107,113,-6,6
13926,166,154,12,12
13927,72,74,-2,2
13928,43,54,-11,11
13929,98,95,3,3
13930,141,131,10,10
13931,112,104,8,8
13932,149,157,-8,8
13933,17,40,-23,23
13934,63,70,-7,7
13935,127,114,13,13
13936,128,129,-1,1
13937,64,71,-7,7
13938,59,62,-3,3
13939,45,58,-13,13
13940,104,101,3,3
13941,82,74,8,8
13942,52,44,8,8
13943,96,86,10,10
13944,108,107,1,1
13945,122,113,9,9
13946,105,104,1,1
13947,72,79,-7,7
13948,75,74,1,1
13949,111,102,9,9
13950,86,82,4,4
13951,121,119,2,2
13952,86,85,1,1
13953,66,64,2,2
13954,93,107,-14,14
13955,128,135,-7,7
13956,142,137,5,5
13957,87,74,13,13
13958,84,74,10,10
13959,103,105,-2,2
13960,113,110,3,3
13961,136,131,5,5
13962,74,72,2,2
13963,108,126,-18,18
13964,89,90,-1,1
13965,84,85,-1,1
13966,98,96,2,2
13967,51,68,-17,17
13968,53,56,-3,3
13969,88,95,-7,7
13970,96,94,2,2
13971,105,108,-3,3
13972,95,95,0,0
13973,119,114,5,5
13974,79,76,3,3
13975,110,96,14,14
13976,68,64,4,4
13977,98,98,0,0
13978,162,178,-16,16
13979,124,134,-10,10
13980,54,54,0,0
13981,89,95,-6,6
13982,55,47,8,8
13983,147,137,10,10
13984,118,113,5,5
13985,28,52,-24,24
13986,115,107,8,8
13987,87,81,6,6
13988,129,128,1,1
13989,100,95,5,5
13990,119,126,-7,7
13991,95,93,2,2
13992,130,125,5,5
13993,57,52,5,5
13994,103,96,7,7
13995,100,96,4,4
13996,95,96,-1,1
13997,61,67,-6,6
13998,59,65,-6,6
13999,126,99,27,27
14000,162,153,9,9
14001,98,100,-2,2
14002,134,121,13,13
14003,118,113,5,5
14004,57,60,-3,3
14005,84,97,-13,13
14006,84,80,4,4
14007,120,124,-4,4
14008,163,158,5,5
14009,64,69,-5,5
14010,83,75,8,8
14011,69,86,-17,17
14012,135,109,26,26
14013,86,79,7,7
14014,60,59,1,1
14015,77,84,-7,7
14016,92,97,-5,5
14017,85,74,11,11
14018,161,166,-5,5
14019,126,105,21,21
14020,63,67,-4,4
14021,93,101,-8,8
14022,73,70,3,3
14023,107,108,-1,1
14024,74,74,0,0
14025,73,72,1,1
14026,108,97,11,11
14027,182,171,11,11
14028,134,124,10,10
14029,67,73,-6,6
14030,91,88,3,3
14031,131,165,-34,34
14032,146,143,3,3
14033,80,78,2,2
14034,139,139,0,0
14035,188,186,2,2
14036,150,143,7,7
14037,74,68,6,6
14038,115,125,-10,10
14039,87,82,5,5
14040,83,75,8,8
14041,71,69,2,2
14042,95,95,0,0
14043,110,104,6,6
14044,91,89,2,2
14045,108,107,1,1
14046,51,54,-3,3
14047,71,77,-6,6
14048,50,52,-2,2
14049,66,73,-7,7
14050,56,66,-10,10
14051,108,115,-7,7
14052,114,119,-5,5
14053,86,76,10,10
14054,88,90,-2,2
14055,66,66,0,0
14056,111,115,-4,4
14057,53,62,-9,9
14058,94,97,-3,3
14059,74,72,2,2
14060,129,146,-17,17
14061,75,80,-5,5
14062,198,146,52,52
14063,76,68,8,8
14064,94,90,4,4
14065,70,62,8,8
14066,172,159,13,13
14067,61,56,5,5
14068,80,84,-4,4
14069,102,103,-1,1
14070,114,117,-3,3
14071,70,70,0,0
14072,75,84,-9,9
14073,112,116,-4,4
14074,44,43,1,1
14075,145,177,-32,32
14076,68,93,-25,25
14077,148,152,-4,4
14078,56,62,-6,6
14079,81,80,1,1
14080,73,78,-5,5
14081,122,121,1,1
14082,75,85,-10,10
14083,121,120,1,1
14084,139,148,-9,9
14085,63,66,-3,3
14086,125,120,5,5
14087,85,78,7,7
14088,112,77,35,35
14089,114,117,-3,3
14090,134,132,2,2
14091,98,108,-10,10
14092,75,77,-2,2
14093,135,124,11,11
14094,96,95,1,1
14095,102,107,-5,5
14096,150,162,-12,12
14097,186,169,17,17
14098,63,54,9,9
14099,116,111,5,5
14100,83,78,5,5
14101,110,98,12,12
14102,104,85,19,19
14103,71,67,4,4
14104,111,126,-15,15
14105,106,105,1,1
14106,147,141,6,6
14107,67,67,0,0
14108,212,199,13,13
14109,83,86,-3,3
14110,174,137,37,37
14111,113,129,-16,16
14112,68,80,-12,12
14113,159,160,-1,1
14114,52,62,-10,10
14115,123,118,5,5
14116,112,117,-5,5
14117,69,80,-11,11
14118,61,63,-2,2
14119,63,64,-1,1
14120,70,77,-7,7
14121,65,75,-10,10
14122,145,148,-3,3
14123,121,122,-1,1
14124,60,59,1,1
14125,187,172,15,15
14126,24,40,-16,16
14127,136,125,11,11
14128,65,77,-12,12
14129,67,68,-1,1
14130,189,174,15,15
14131,83,110,-27,27
14132,76,80,-4,4
14133,91,96,-5,5
14134,74,88,-14,14
14135,55,64,-9,9
14136,107,108,-1,1
14137,160,157,3,3
14138,149,142,7,7
14139,96,97,-1,1
14140,88,89,-1,1
14141,118,123,-5,5
14142,91,87,4,4
14143,92,84,8,8
14144,74,78,-4,4
14145,118,125,-7,7
14146,81,96,-15,15
14147,95,97,-2,2
14148,68,75,-7,7
14149,132,126,6,6
14150,49,53,-4,4
14151,115,120,-5,5
14152,148,140,8,8
14153,109,132,-23,23
14154,104,98,6,6
14155,159,167,-8,8
14156,83,75,8,8
14157,47,56,-9,9
14158,92,94,-2,2
14159,101,99,2,2
14160,57,62,-5,5
14161,40,46,-6,6
14162,153,143,10,10
14163,163,142,21,21
14164,66,70,-4,4
14165,90,86,4,4
14166,55,54,1,1
14167,52,64,-12,12
14168,96,101,-5,5
14169,115,127,-12,12
14170,47,44,3,3
14171,77,90,-13,13
14172,76,83,-7,7
14173,115,123,-8,8
14174,93,103,-10,10
14175,120,97,23,23
14176,83,81,2,2
14177,119,118,1,1
14178,40,53,-13,13
14179,47,52,-5,5
14180,55,57,-2,2
14181,96,96,0,0
14182,88,96,-8,8
14183,74,81,-7,7
14184,80,88,-8,8
14185,68,66,2,2
14186,144,128,16,16
14187,101,103,-2,2
14188,116,116,0,0
14189,63,62,1,1
14190,51,59,-8,8
14191,123,105,18,18
14192,145,133,12,12
14193,107,102,5,5
14194,109,110,-1,1
14195,115,120,-5,5
14196,59,56,3,3
14197,63,70,-7,7
14198,190,180,10,10
14199,69,63,6,6
14200,77,81,-4,4
14201,78,88,-10,10
14202,85,95,-10,10
14203,112,88,24,24
14204,82,85,-3,3
14205,150,146,4,4
14206,72,82,-10,10
14207,105,94,11,11
14208,80,82,-2,2
14209,39,47,-8,8
14210,102,94,8,8
14211,68,68,0,0
14212,95,83,12,12
14213,24,39,-15,15
14214,50,53,-3,3
14215,66,62,4,4
14216,69,77,-8,8
14217,120,120,0,0
14218,140,125,15,15
14219,69,74,-5,5
14220,187,151,36,36
14221,107,111,-4,4
14222,67,62,5,5
14223,126,118,8,8
14224,112,124,-12,12
14225,93,102,-9,9
14226,89,99,-10,10
14227,93,105,-12,12
14228,48,35,13,13
14229,153,146,7,7
14230,67,69,-2,2
14231,48,50,-2,2
14232,58,69,-11,11
14233,179,174,5,5
14234,91,90,1,1
14235,123,133,-10,10
14236,70,55,15,15
14237,32,74,-42,42
14238,96,86,10,10
14239,53,49,4,4
14240,99,95,4,4
14241,133,124,9,9
14242,77,85,-8,8
14243,47,44,3,3
14244,55,59,-4,4
14245,85,74,11,11
14246,135,129,6,6
14247,103,100,3,3
14248,62,71,-9,9
14249,73,78,-5,5
14250,117,136,-19,19
14251,112,104,8,8
14252,34,41,-7,7
14253,46,54,-8,8
14254,68,66,2,2
14255,42,50,-8,8
14256,88,113,-25,25
14257,88,96,-8,8
14258,78,78,0,0
14259,74,83,-9,9
14260,145,134,11,11
14261,144,145,-1,1
14262,146,143,3,3
14263,50,61,-11,11
14264,134,125,9,9
14265,81,69,12,12
14266,81,77,4,4
14267,64,62,2,2
14268,134,132,2,2
14269,177,147,30,30
14270,115,119,-4,4
14271,105,110,-5,5
14272,142,133,9,9
14273,104,106,-2,2
14274,74,82,-8,8
14275,177,163,14,14
14276,47,48,-1,1
14277,127,124,3,3
14278,186,176,10,10
14279,81,106,-25,25
14280,78,73,5,5
14281,155,148,7,7
14282,170,131,39,39
14283,97,85,12,12
14284,94,100,-6,6
14285,77,85,-8,8
14286,83,80,3,3
14287,109,105,4,4
14288,92,96,-4,4
14289,93,95,-2,2
14290,63,94,-31,31
14291,85,84,1,1
14292,92,91,1,1
14293,68,73,-5,5
14294,111,121,-10,10
14295,181,155,26,26
14296,57,55,2,2
14297,93,109,-16,16
14298,68,86,-18,18
14299,95,100,-5,5
14300,123,107,16,16
14301,58,65,-7,7
14302,159,143,16,16
14303,97,89,8,8
14304,82,84,-2,2
14305,70,65,5,5
14306,87,77,10,10
14307,63,63,0,0
14308,138,133,5,5
14309,124,133,-9,9
14310,90,90,0,0
14311,72,65,7,7
14312,82,91,-9,9
14313,102,105,-3,3
14314,149,139,10,10
14315,127,119,8,8
14316,127,104,23,23
14317,80,77,3,3
14318,79,67,12,12
14319,126,130,-4,4
14320,160,152,8,8
14321,88,88,0,0
14322,57,51,6,6
14323,117,120,-3,3
14324,88,79,9,9
14325,117,123,-6,6
14326,108,107,1,1
14327,122,142,-20,20
14328,126,121,5,5
14329,137,134,3,3
14330,119,106,13,13
14331,94,95,-1,1
14332,89,72,17,17
14333,65,63,2,2
14334,80,87,-7,7
14335,73,77,-4,4
14336,137,125,12,12
14337,112,108,4,4
14338,93,89,4,4
14339,121,103,18,18
14340,94,98,-4,4
14341,74,79,-5,5
14342,126,115,11,11
14343,102,94,8,8
14344,61,60,1,1
14345,107,128,-21,21
14346,187,178,9,9
14347,129,134,-5,5
14348,96,98,-2,2
14349,85,73,12,12
14350,89,95,-6,6
14351,65,65,0,0
14352,67,83,-16,16
14353,95,94,1,1
14354,90,81,9,9
14355,70,85,-15,15
14356,51,59,-8,8
14357,67,76,-9,9
14358,105,97,8,8
14359,72,89,-17,17
14360,73,65,8,8
14361,90,92,-2,2
14362,60,62,-2,2
14363,125,116,9,9
14364,128,130,-2,2
14365,114,111,3,3
14366,80,47,33,33
14367,130,118,12,12
14368,170,186,-16,16
14369,163,165,-2,2
14370,121,104,17,17
14371,65,73,-8,8
14372,110,117,-7,7
14373,86,79,7,7
14374,136,134,2,2
14375,95,100,-5,5
14376,82,78,4,4
14377,117,111,6,6
14378,122,125,-3,3
14379,61,60,1,1
14380,49,52,-3,3
14381,188,165,23,23
14382,61,69,-8,8
14383,164,159,5,5
14384,64,70,-6,6
14385,100,98,2,2
14386,75,76,-1,1
14387,90,89,1,1
14388,83,73,10,10
14389,74,80,-6,6
14390,88,88,0,0
14391,110,91,19,19
14392,104,100,4,4
14393,61,64,-3,3
14394,80,85,-5,5
14395,121,108,13,13
14396,72,87,-15,15
14397,80,79,1,1
14398,38,44,-6,6
14399,136,122,14,14
14400,85,93,-8,8
14401,86,86,0,0
14402,129,123,6,6
14403,58,66,-8,8
14404,73,85,-12,12
14405,135,138,-3,3
14406,106,115,-9,9
14407,53,55,-2,2
14408,54,65,-11,11
14409,62,68,-6,6
14410,91,97,-6,6
14411,61,56,5,5
14412,56,61,-5,5
14413,53,59,-6,6
14414,67,68,-1,1
14415,81,89,-8,8
14416,77,85,-8,8
14417,92,98,-6,6
14418,181,170,11,11
14419,68,72,-4,4
14420,73,75,-2,2
14421,102,97,5,5
14422,85,76,9,9
14423,78,85,-7,7
14424,85,82,3,3
14425,86,93,-7,7
14426,61,64,-3,3
14427,60,60,0,0
14428,70,89,-19,19
14429,63,68,-5,5
14430,141,143,-2,2
14431,82,75,7,7
14432,125,113,12,12
14433,25,39,-14,14
14434,124,110,14,14
14435,42,49,-7,7
14436,123,135,-12,12
14437,50,46,4,4
14438,94,99,-5,5
14439,175,163,12,12
14440,119,125,-6,6
14441,97,100,-3,3
14442,112,113,-1,1
14443,105,108,-3,3
14444,85,81,4,4
14445,117,131,-14,14
14446,140,138,2,2
14447,117,109,8,8
14448,45,53,-8,8
14449,73,76,-3,3
14450,71,82,-11,11
14451,41,46,-5,5
14452,134,126,8,8
14453,102,105,-3,3
14454,69,73,-4,4
14455,98,104,-6,6
14456,113,97,16,16
14457,90,93,-3,3
14458,67,65,2,2
14459,83,85,-2,2
14460,64,60,4,4
14461,192,153,39,39
14462,93,84,9,9
14463,111,120,-9,9
14464,122,128,-6,6
14465,89,95,-6,6
14466,77,94,-17,17
14467,66,72,-6,6
14468,57,67,-10,10
14469,84,86,-2,2
14470,90,106,-16,16
14471,103,104,-1,1
14472,144,152,-8,8
14473,120,113,7,7
14474,105,103,2,2
14475,121,122,-1,1
14476,51,89,-38,38
14477,91,82,9,9
14478,73,82,-9,9
14479,60,60,0,0
14480,50,55,-5,5
14481,94,106,-12,12
14482,107,98,9,9
14483,62,56,6,6
14484,77,77,0,0
14485,109,95,14,14
14486,113,115,-2,2
14487,95,100,-5,5
14488,153,146,7,7
14489,146,131,15,15
14490,75,74,1,1
14491,97,98,-1,1
14492,96,89,7,7
14493,112,135,-23,23
14494,93,110,-17,17
14495,88,96,-8,8
14496,143,130,13,13
14497,131,133,-2,2
14498,92,99,-7,7
14499,77,78,-1,1
14500,94,99,-5,5
14501,60,76,-16,16
14502,70,71,-1,1
14503,73,80,-7,7
14504,115,112,3,3
14505,111,124,-13,13
14506,41,47,-6,6
14507,49,48,1,1
14508,141,133,8,8
14509,85,84,1,1
14510,89,89,0,0
14511,84,76,8,8
14512,102,97,5,5
14513,100,104,-4,4
14514,72,76,-4,4
14515,99,88,11,11
14516,68,66,2,2
14517,63,68,-5,5
14518,156,160,-4,4
14519,113,117,-4,4
14520,109,96,13,13
14521,141,143,-2,2
14522,173,163,10,10
14523,95,100,-5,5
14524,89,97,-8,8
14525,103,105,-2,2
14526,71,67,4,4
14527,81,86,-5,5
14528,93,97,-4,4
14529,138,150,-12,12
14530,94,87,7,7
14531,168,166,2,2
14532,56,62,-6,6
14533,70,68,2,2
14534,143,127,16,16
14535,115,116,-1,1
14536,78,79,-1,1
14537,71,51,20,20
14538,61,66,-5,5
14539,174,166,8,8
14540,136,132,4,4
14541,137,151,-14,14
14542,64,60,4,4
14543,98,95,3,3
14544,61,70,-9,9
14545,79,78,1,1
14546,58,55,3,3
14547,88,89,-1,1
14548,83,81,2,2
14549,58,70,-12,12
14550,113,103,10,10
14551,65,74,-9,9
14552,98,115,-17,17
14553,98,91,7,7
14554,119,104,15,15
14555,81,86,-5,5
14556,107,104,3,3
14557,69,69,0,0
14558,102,115,-13,13
14559,64,67,-3,3
14560,92,98,-6,6
14561,91,85,6,6
14562,76,68,8,8
14563,120,119,1,1
14564,131,109,22,22
14565,73,65,8,8
14566,113,84,29,29
14567,46,37,9,9
14568,31,37,-6,6
14569,86,69,17,17
14570,124,130,-6,6
14571,69,71,-2,2
14572,103,99,4,4
14573,78,82,-4,4
14574,85,84,1,1
14575,43,48,-5,5
14576,102,101,1,1
14577,64,70,-6,6
14578,112,119,-7,7
14579,104,103,1,1
14580,116,112,4,4
14581,72,74,-2,2
14582,86,91,-5,5
14583,45,57,-12,12
14584,90,94,-4,4
14585,204,156,48,48
14586,38,49,-11,11
14587,95,83,12,12
14588,102,115,-13,13
14589,193,193,0,0
14590,130,113,17,17
14591,47,54,-7,7
14592,132,132,0,0
14593,176,156,20,20
14594,67,76,-9,9
14595,100,95,5,5
14596,73,77,-4,4
14597,44,54,-10,10
14598,65,68,-3,3
14599,34,46,-12,12
14600,56,65,-9,9
14601,87,99,-12,12
14602,87,113,-26,26
14603,44,55,-11,11
14604,115,91,24,24
14605,82,78,4,4
14606,134,125,9,9
14607,161,153,8,8
14608,61,58,3,3
14609,150,148,2,2
14610,106,110,-4,4
14611,68,71,-3,3
14612,106,99,7,7
14613,96,98,-2,2
14614,142,150,-8,8
14615,74,66,8,8
14616,47,51,-4,4
14617,130,139,-9,9
14618,121,127,-6,6
14619,104,102,2,2
14620,79,83,-4,4
14621,85,79,6,6
14622,92,92,0,0
14623,52,97,-45,45
14624,144,184,-40,40
14625,92,71,21,21
14626,58,63,-5,5
14627,116,128,-12,12
14628,71,78,-7,7
14629,65,59,6,6
14630,86,77,9,9
14631,51,60,-9,9
14632,51,59,-8,8
14633,169,157,12,12
14634,117,131,-14,14
14635,94,96,-2,2
14636,77,73,4,4
14637,61,59,2,2
14638,64,64,0,0
14639,38,52,-14,14
14640,54,60,-6,6
14641,70,81,-11,11
14642,77,82,-5,5
14643,127,111,16,16
14644,58,59,-1,1
14645,84,87,-3,3
14646,89,94,-5,5
14647,52,45,7,7
14648,73,76,-3,3
14649,64,74,-10,10
14650,53,63,-10,10
14651,112,113,-1,1
14652,92,97,-5,5
14653,90,71,19,19
14654,72,75,-3,3
14655,99,114,-15,15
14656,84,78,6,6
14657,90,96,-6,6
14658,135,135,0,0
14659,91,89,2,2
14660,81,95,-14,14
14661,119,121,-2,2
14662,70,74,-4,4
14663,62,69,-7,7
14664,80,83,-3,3
14665,69,70,-1,1
14666,107,122,-15,15
14667,145,140,5,5
14668,137,143,-6,6
14669,94,99,-5,5
14670,158,133,25,25
14671,174,187,-13,13
14672,100,112,-12,12
14673,141,146,-5,5
14674,131,139,-8,8
14675,168,157,11,11
14676,98,91,7,7
14677,116,123,-7,7
14678,101,91,10,10
14679,89,112,-23,23
14680,119,107,12,12
14681,139,133,6,6
14682,25,39,-14,14
14683,106,111,-5,5
14684,161,166,-5,5
14685,123,115,8,8
14686,87,82,5,5
14687,58,64,-6,6
14688,62,69,-7,7
14689,89,86,3,3
14690,81,80,1,1
14691,70,65,5,5
14692,78,81,-3,3
14693,163,152,11,11
14694,46,71,-25,25
14695,57,58,-1,1
14696,108,101,7,7
14697,148,128,20,20
14698,74,84,-10,10
14699,54,61,-7,7
14700,64,72,-8,8
14701,162,128,34,34
14702,124,118,6,6
14703,75,78,-3,3
14704,76,79,-3,3
14705,81,81,0,0
14706,56,61,-5,5
14707,90,83,7,7
14708,70,79,-9,9
14709,66,86,-20,20
14710,75,82,-7,7
14711,95,115,-20,20
14712,123,121,2,2
14713,125,131,-6,6
14714,44,51,-7,7
14715,141,128,13,13
14716,53,60,-7,7
14717,97,100,-3,3
14718,100,65,35,35
14719,78,96,-18,18
14720,199,204,-5,5
14721,124,122,2,2
14722,56,71,-15,15
14723,62,60,2,2
14724,109,104,5,5
14725,149,132,17,17
14726,101,107,-6,6
14727,129,130,-1,1
14728,138,123,15,15
14729,118,127,-9,9
14730,151,140,11,11
14731,58,55,3,3
14732,148,149,-1,1
14733,89,93,-4,4
14734,93,97,-4,4
14735,111,104,7,7
14736,131,129,2,2
14737,106,106,0,0
14738,123,128,-5,5
14739,119,148,-29,29
14740,106,116,-10,10
14741,121,117,4,4
14742,74,62,12,12
14743,94,107,-13,13
14744,83,69,14,14
14745,159,136,23,23
14746,126,112,14,14
14747,71,66,5,5
14748,52,61,-9,9
14749,139,154,-15,15
14750,98,86,12,12
14751,94,92,2,2
14752,58,62,-4,4
14753,126,132,-6,6
14754,65,66,-1,1
14755,98,91,7,7
14756,170,166,4,4
14757,71,76,-5,5
14758,63,73,-10,10
14759,74,78,-4,4
14760,119,109,10,10
14761,73,87,-14,14
14762,88,94,-6,6
14763,96,97,-1,1
14764,125,135,-10,10
14765,119,113,6,6
14766,88,89,-1,1
14767,98,91,7,7
14768,103,121,-18,18
14769,95,93,2,2
14770,80,78,2,2
14771,88,87,1,1
14772,50,49,1,1
14773,81,78,3,3
14774,72,70,2,2
14775,56,46,10,10
14776,54,60,-6,6
14777,70,82,-12,12
14778,92,84,8,8
14779,79,80,-1,1
14780,64,64,0,0
14781,121,121,0,0
14782,55,61,-6,6
14783,110,101,9,9
14784,142,145,-3,3
14785,160,146,14,14
14786,61,58,3,3
14787,59,65,-6,6
14788,102,116,-14,14
14789,95,85,10,10
14790,62,63,-1,1
14791,142,129,13,13
14792,91,68,23,23
14793,114,104,10,10
14794,54,65,-11,11
14795,93,98,-5,5
14796,96,96,0,0
14797,75,88,-13,13
14798,95,92,3,3
14799,59,64,-5,5
14800,87,76,11,11
14801,121,110,11,11
14802,85,93,-8,8
14803,74,78,-4,4
14804,94,95,-1,1
14805,117,102,15,15
14806,136,138,-2,2
14807,51,57,-6,6
14808,143,145,-2,2
14809,110,114,-4,4
14810,112,106,6,6
14811,59,51,8,8
14812,69,66,3,3
14813,92,85,7,7
14814,92,102,-10,10
14815,125,122,3,3
14816,93,82,11,11
14817,94,92,2,2
14818,183,170,13,13
14819,158,154,4,4
14820,126,137,-11,11
14821,201,187,14,14
14822,96,92,4,4
14823,69,89,-20,20
14824,112,130,-18,18
14825,60,69,-9,9
14826,81,77,4,4
14827,229,235,-6,6
14828,81,85,-4,4
14829,49,55,-6,6
14830,98,90,8,8
14831,104,107,-3,3
14832,117,116,1,1
14833,91,99,-8,8
14834,96,82,14,14
14835,82,83,-1,1
14836,193,176,17,17
14837,75,82,-7,7
14838,101,93,8,8
14839,128,116,12,12
14840,103,97,6,6
14841,84,77,7,7
14842,162,156,6,6
14843,117,114,3,3
14844,104,119,-15,15
14845,85,89,-4,4
14846,90,88,2,2
14847,67,73,-6,6
14848,91,86,5,5
14849,152,146,6,6
14850,60,58,2,2
14851,107,97,10,10
14852,114,139,-25,25
14853,95,93,2,2
14854,85,87,-2,2
14855,72,101,-29,29
14856,66,76,-10,10
14857,81,87,-6,6
14858,112,97,15,15
14859,39,47,-8,8
14860,125,144,-19,19
14861,67,69,-2,2
14862,103,100,3,3
14863,44,52,-8,8
14864,52,56,-4,4
14865,58,60,-2,2
14866,105,114,-9,9
14867,55,64,-9,9
14868,107,126,-19,19
14869,102,94,8,8
14870,61,88,-27,27
14871,129,122,7,7
14872,72,71,1,1
14873,144,143,1,1
14874,67,71,-4,4
14875,131,117,14,14
14876,59,60,-1,1
14877,142,135,7,7
14878,80,81,-1,1
14879,95,97,-2,2
14880,62,75,-13,13
14881,99,102,-3,3
14882,69,80,-11,11
14883,36,45,-9,9
14884,53,62,-9,9
14885,174,153,21,21
14886,120,123,-3,3
14887,60,61,-1,1
14888,44,55,-11,11
14889,104,120,-16,16
14890,70,71,-1,1
14891,80,74,6,6
14892,72,71,1,1
14893,114,130,-16,16
14894,110,109,1,1
14895,69,64,5,5
14896,108,102,6,6
14897,136,130,6,6
14898,62,69,-7,7
14899,170,172,-2,2
14900,109,105,4,4
14901,85,79,6,6
14902,93,85,8,8
14903,117,116,1,1
14904,102,78,24,24
14905,123,110,13,13
14906,91,93,-2,2
14907,65,67,-2,2
14908,52,85,-33,33
14909,139,114,25,25
14910,88,98,-10,10
14911,67,87,-20,20
14912,143,136,7,7
14913,153,155,-2,2
14914,65,63,2,2
14915,84,87,-3,3
14916,101,112,-11,11
14917,90,113,-23,23
14918,75,70,5,5
14919,95,96,-1,1
14920,197,176,21,21
14921,60,65,-5,5
14922,152,161,-9,9
14923,69,68,1,1
14924,79,82,-3,3
14925,63,43,20,20
14926,114,115,-1,1
14927,94,93,1,1
14928,107,104,3,3
14929,94,96,-2,2
14930,68,63,5,5
14931,95,94,1,1
14932,123,112,11,11
14933,81,81,0,0
14934,141,130,11,11
14935,78,78,0,0
14936,100,113,-13,13
14937,120,120,0,0
14938,36,104,-68,68
14939,81,94,-13,13
14940,118,100,18,18
14941,122,114,8,8
14942,80,81,-1,1
14943,130,119,11,11
14944,44,44,0,0
14945,170,169,1,1
14946,74,108,-34,34
14947,66,73,-7,7
14948,192,169,23,23
14949,84,80,4,4
14950,116,136,-20,20
14951,81,80,1,1
14952,43,49,-6,6
14953,69,80,-11,11
14954,63,61,2,2
14955,94,92,2,2
14956,84,79,5,5
14957,56,55,1,1
14958,106,112,-6,6
14959,152,134,18,18
14960,92,94,-2,2
14961,68,69,-1,1
14962,87,96,-9,9
14963,88,100,-12,12
14964,78,81,-3,3
14965,64,80,-16,16
14966,147,151,-4,4
14967,57,56,1,1
14968,81,94,-13,13
14969,59,65,-6,6
14970,70,71,-1,1
14971,87,87,0,0
14972,90,81,9,9
14973,87,76,11,11
14974,49,67,-18,18
14975,160,149,11,11
14976,131,122,9,9
14977,83,79,4,4
14978,44,51,-7,7
14979,44,49,-5,5
14980,52,46,6,6
14981,102,112,-10,10
14982,69,71,-2,2
14983,99,92,7,7
14984,81,93,-12,12
14985,91,99,-8,8
14986,87,82,5,5
14987,57,62,-5,5
14988,82,96,-14,14
14989,56,57,-1,1
14990,76,76,0,0
14991,79,74,5,5
14992,78,77,1,1
14993,121,123,-2,2
14994,119,92,27,27
14995,68,76,-8,8
14996,146,130,16,16
14997,106,92,14,14
14998,132,113,19,19
14999,47,53,-6,6
15000,70,71,-1,1
15001,114,95,19,19
15002,71,66,5,5
15003,85,94,-9,9
15004,132,135,-3,3
15005,33,44,-11,11
15006,16,49,-33,33
15007,68,71,-3,3
15008,62,68,-6,6
15009,84,94,-10,10
15010,50,55,-5,5
15011,91,89,2,2
15012,116,108,8,8
15013,97,91,6,6
15014,126,131,-5,5
15015,102,113,-11,11
15016,111,107,4,4
15017,113,112,1,1
15018,149,138,11,11
15019,87,60,27,27
15020,120,115,5,5
15021,124,117,7,7
15022,145,131,14,14
15023,78,80,-2,2
15024,158,167,-9,9
15025,47,58,-11,11
15026,228,225,3,3
15027,86,92,-6,6
15028,97,97,0,0
15029,105,99,6,6
15030,59,61,-2,2
15031,134,112,22,22
15032,122,115,7,7
15033,116,138,-22,22
15034,72,80,-8,8
15035,95,110,-15,15
15036,48,54,-6,6
15037,71,74,-3,3
15038,164,181,-17,17
15039,80,88,-8,8
15040,96,94,2,2
15041,133,133,0,0
15042,121,127,-6,6
15043,122,120,2,2
15044,99,83,16,16
15045,96,92,4,4
15046,41,55,-14,14
15047,157,125,32,32
15048,104,86,18,18
15049,65,69,-4,4
15050,103,106,-3,3
15051,118,111,7,7
15052,99,102,-3,3
15053,126,127,-1,1
15054,106,106,0,0
15055,55,51,4,4
15056,75,76,-1,1
15057,69,77,-8,8
15058,107,110,-3,3
15059,122,125,-3,3
15060,63,72,-9,9
15061,107,104,3,3
15062,96,118,-22,22
15063,62,70,-8,8
15064,72,70,2,2
15065,152,148,4,4
15066,65,71,-6,6
15067,78,77,1,1
15068,115,108,7,7
15069,113,111,2,2
15070,113,94,19,19
15071,105,94,11,11
15072,116,120,-4,4
15073,158,146,12,12
15074,57,63,-6,6
15075,141,146,-5,5
15076,82,82,0,0
15077,106,109,-3,3
15078,96,90,6,6
15079,104,95,9,9
15080,98,94,4,4
15081,83,92,-9,9
15082,138,123,15,15
15083,148,138,10,10
15084,71,57,14,14
15085,90,109,-19,19
15086,134,122,12,12
15087,129,133,-4,4
15088,127,119,8,8
15089,77,80,-3,3
15090,69,76,-7,7
15091,102,98,4,4
15092,69,68,1,1
15093,65,63,2,2
15094,102,114,-12,12
15095,56,72,-16,16
15096,123,113,10,10
15097,73,75,-2,2
15098,61,66,-5,5
15099,102,119,-17,17
15100,98,96,2,2
15101,80,74,6,6
15102,85,90,-5,5
15103,61,89,-28,28
15104,127,132,-5,5
15105,68,69,-1,1
15106,127,137,-10,10
15107,71,71,0,0
15108,71,64,7,7
15109,149,146,3,3
15110,91,84,7,7
15111,98,109,-11,11
15112,51,58,-7,7
15113,90,84,6,6
15114,105,126,-21,21
15115,84,83,1,1
15116,98,88,10,10
15117,188,192,-4,4
15118,57,59,-2,2
15119,135,115,20,20
15120,107,100,7,7
15121,166,166,0,0
15122,102,86,16,16
15123,162,153,9,9
15124,74,76,-2,2
15125,81,91,-10,10
15126,58,62,-4,4
15127,93,74,19,19
15128,67,69,-2,2
15129,136,140,-4,4
15130,122,119,3,3
15131,114,123,-9,9
15132,66,60,6,6
15133,121,116,5,5
15134,82,88,-6,6
15135,110,107,3,3
15136,63,71,-8,8
15137,108,108,0,0
15138,77,82,-5,5
15139,86,83,3,3
15140,74,68,6,6
15141,101,111,-10,10
15142,114,126,-12,12
15143,105,106,-1,1
15144,106,108,-2,2
15145,83,82,1,1
15146,169,175,-6,6
15147,71,71,0,0
15148,87,90,-3,3
15149,67,67,0,0
15150,86,105,-19,19
15151,244,213,31,31
15152,96,86,10,10
15153,136,137,-1,1
15154,64,69,-5,5
15155,131,142,-11,11
15156,142,139,3,3
15157,63,66,-3,3
15158,56,59,-3,3
15159,65,72,-7,7
15160,116,113,3,3
15161,57,59,-2,2
15162,109,120,-11,11
15163,114,128,-14,14
15164,68,63,5,5
15165,114,101,13,13
15166,64,81,-17,17
15167,112,119,-7,7
15168,47,59,-12,12
15169,66,71,-5,5
15170,81,88,-7,7
15171,127,135,-8,8
15172,109,100,9,9
15173,72,69,3,3
15174,94,96,-2,2
15175,46,54,-8,8
15176,113,78,35,35
15177,70,75,-5,5
15178,80,88,-8,8
15179,64,65,-1,1
15180,113,105,8,8
15181,56,68,-12,12
15182,112,101,11,11
15183,50,63,-13,13
15184,101,98,3,3
15185,173,165,8,8
15186,57,48,9,9
15187,104,89,15,15
15188,90,84,6,6
15189,76,77,-1,1
15190,94,88,6,6
15191,105,131,-26,26
15192,121,138,-17,17
15193,126,137,-11,11
15194,127,121,6,6
15195,116,121,-5,5
15196,88,79,9,9
15197,62,75,-13,13
15198,190,180,10,10
15199,91,85,6,6
15200,68,71,-3,3
15201,102,102,0,0
15202,150,129,21,21
15203,85,96,-11,11
15204,45,45,0,0
15205,106,103,3,3
15206,64,66,-2,2
15207,152,155,-3,3
15208,124,127,-3,3
15209,77,80,-3,3
15210,80,90,-10,10
15211,68,58,10,10
15212,131,125,6,6
15213,141,133,8,8
15214,138,127,11,11
15215,139,157,-18,18
15216,54,68,-14,14
15217,81,81,0,0
15218,131,106,25,25
15219,105,109,-4,4
15220,88,84,4,4
15221,97,107,-10,10
15222,132,116,16,16
15223,80,88,-8,8
15224,83,78,5,5
15225,56,62,-6,6
15226,68,75,-7,7
15227,88,91,-3,3
15228,101,100,1,1
15229,123,124,-1,1
15230,123,122,1,1
15231,56,71,-15,15
15232,139,141,-2,2
15233,102,113,-11,11
15234,53,46,7,7
15235,145,149,-4,4
15236,94,96,-2,2
15237,126,131,-5,5
15238,92,85,7,7
15239,82,82,0,0
15240,74,88,-14,14
15241,165,132,33,33
15242,99,117,-18,18
15243,139,150,-11,11
15244,84,77,7,7
15245,85,87,-2,2
15246,63,64,-1,1
15247,174,154,20,20
15248,127,102,25,25
15249,93,105,-12,12
15250,106,106,0,0
15251,108,140,-32,32
15252,93,94,-1,1
15253,98,89,9,9
15254,91,86,5,5
15255,68,67,1,1
15256,98,95,3,3
15257,264,300,-36,36
15258,105,97,8,8
15259,71,73,-2,2
15260,57,58,-1,1
15261,99,103,-4,4
15262,87,84,3,3
15263,109,110,-1,1
15264,132,128,4,4
15265,66,77,-11,11
15266,99,101,-2,2
15267,70,65,5,5
15268,111,122,-11,11
15269,124,96,28,28
15270,53,63,-10,10
15271,113,105,8,8
15272,69,64,5,5
15273,69,79,-10,10
15274,80,85,-5,5
15275,87,89,-2,2
15276,117,110,7,7
15277,105,102,3,3
15278,64,61,3,3
15279,41,48,-7,7
15280,60,62,-2,2
15281,93,83,10,10
15282,74,62,12,12
15283,100,96,4,4
15284,75,74,1,1
15285,117,107,10,10
15286,129,127,2,2
15287,145,142,3,3
15288,102,108,-6,6
15289,147,138,9,9
15290,55,57,-2,2
15291,91,89,2,2
15292,46,52,-6,6
15293,211,163,48,48
15294,125,129,-4,4
15295,76,77,-1,1
15296,84,78,6,6
15297,104,100,4,4
15298,62,71,-9,9
15299,77,71,6,6
15300,100,92,8,8
15301,83,89,-6,6
15302,90,96,-6,6
15303,181,165,16,16
15304,132,148,-16,16
15305,88,84,4,4
15306,85,84,1,1
15307,69,71,-2,2
15308,59,58,1,1
15309,42,39,3,3
15310,138,136,2,2
15311,75,73,2,2
15312,116,120,-4,4
15313,76,89,-13,13
15314,85,88,-3,3
15315,60,60,0,0
15316,101,136,-35,35
15317,117,123,-6,6
15318,73,83,-10,10
15319,65,68,-3,3
15320,136,141,-5,5
15321,40,49,-9,9
15322,61,52,9,9
15323,138,131,7,7
15324,55,62,-7,7
15325,87,79,8,8
15326,60,58,2,2
15327,42,45,-3,3
15328,184,196,-12,12
15329,136,154,-18,18
15330,46,46,0,0
15331,157,118,39,39
15332,99,104,-5,5
15333,64,60,4,4
15334,95,94,1,1
15335,138,142,-4,4
15336,63,66,-3,3
15337,72,76,-4,4
15338,52,62,-10,10
15339,90,82,8,8
15340,78,81,-3,3
15341,97,112,-15,15
15342,118,122,-4,4
15343,89,94,-5,5
15344,55,54,1,1
15345,109,105,4,4
15346,64,69,-5,5
15347,103,89,14,14
15348,96,106,-10,10
15349,101,102,-1,1
15350,130,122,8,8
15351,67,81,-14,14
15352,65,64,1,1
15353,80,80,0,0
15354,90,91,-1,1
15355,86,83,3,3
15356,62,65,-3,3
15357,162,155,7,7
15358,107,113,-6,6
15359,42,42,0,0
15360,104,110,-6,6
15361,125,124,1,1
15362,93,91,2,2
15363,163,187,-24,24
15364,42,60,-18,18
15365,127,122,5,5
15366,94,106,-12,12
15367,88,90,-2,2
15368,147,154,-7,7
15369,155,159,-4,4
15370,107,104,3,3
15371,65,66,-1,1
15372,94,113,-19,19
15373,77,80,-3,3
15374,128,131,-3,3
15375,70,78,-8,8
15376,51,57,-6,6
15377,101,113,-12,12
15378,108,99,9,9
15379,169,153,16,16
15380,56,62,-6,6
15381,114,99,15,15
15382,129,146,-17,17
15383,98,101,-3,3
15384,62,62,0,0
15385,52,52,0,0
15386,125,114,11,11
15387,123,122,1,1
15388,107,113,-6,6
15389,100,104,-4,4
15390,153,170,-17,17
15391,81,84,-3,3
15392,82,78,4,4
15393,97,107,-10,10
15394,28,34,-6,6
15395,123,130,-7,7
15396,66,72,-6,6
15397,91,100,-9,9
15398,95,84,11,11
15399,66,74,-8,8
15400,105,105,0,0
15401,64,63,1,1
15402,106,106,0,0
15403,136,115,21,21
15404,87,82,5,5
15405,71,65,6,6
15406,116,119,-3,3
15407,88,92,-4,4
15408,53,56,-3,3
15409,126,119,7,7
15410,144,131,13,13
15411,74,74,0,0
15412,63,65,-2,2
15413,72,75,-3,3
15414,73,63,10,10
15415,76,82,-6,6
15416,88,88,0,0
15417,78,85,-7,7
15418,103,110,-7,7
15419,76,74,2,2
15420,41,86,-45,45
15421,231,173,58,58
15422,134,134,0,0
15423,126,114,12,12
15424,138,134,4,4
15425,103,116,-13,13
15426,90,95,-5,5
15427,73,71,2,2
15428,63,74,-11,11
15429,81,98,-17,17
15430,120,116,4,4
15431,92,99,-7,7
15432,100,88,12,12
15433,51,61,-10,10
15434,116,115,1,1
15435,97,93,4,4
15436,87,80,7,7
15437,138,125,13,13
15438,52,62,-10,10
15439,36,50,-14,14
15440,167,173,-6,6
15441,80,87,-7,7
15442,117,115,2,2
15443,91,84,7,7
15444,163,150,13,13
15445,112,133,-21,21
15446,75,79,-4,4
15447,119,116,3,3
15448,61,66,-5,5
15449,71,63,8,8
15450,117,129,-12,12
15451,115,134,-19,19
15452,99,98,1,1
15453,125,123,2,2
15454,100,92,8,8
15455,153,165,-12,12
15456,146,143,3,3
15457,157,146,11,11
15458,104,113,-9,9
15459,130,129,1,1
15460,137,150,-13,13
15461,105,116,-11,11
15462,101,94,7,7
15463,110,117,-7,7
15464,97,96,1,1
15465,87,76,11,11
15466,107,108,-1,1
15467,87,81,6,6
15468,90,68,22,22
15469,90,87,3,3
15470,118,123,-5,5
15471,57,65,-8,8
15472,108,112,-4,4
15473,51,54,-3,3
15474,56,68,-12,12
15475,53,62,-9,9
15476,55,62,-7,7
15477,68,77,-9,9
15478,61,67,-6,6
15479,142,155,-13,13
15480,83,68,15,15
15481,56,62,-6,6
15482,60,74,-14,14
15483,59,75,-16,16
15484,119,115,4,4
15485,60,71,-11,11
15486,60,64,-4,4
15487,106,104,2,2
15488,78,76,2,2
15489,83,81,2,2
15490,63,68,-5,5
15491,147,103,44,44
15492,182,154,28,28
15493,129,124,5,5
15494,97,100,-3,3
15495,115,117,-2,2
15496,105,106,-1,1
15497,102,98,4,4
15498,127,124,3,3
15499,157,155,2,2
15500,84,83,1,1
15501,152,138,14,14
15502,74,73,1,1
15503,79,86,-7,7
15504,123,122,1,1
15505,135,143,-8,8
15506,82,82,0,0
15507,111,121,-10,10
15508,62,88,-26,26
15509,59,67,-8,8
15510,77,93,-16,16
15511,63,74,-11,11
15512,81,81,0,0
15513,56,59,-3,3
15514,69,68,1,1
15515,65,70,-5,5
15516,82,79,3,3
15517,91,89,2,2
15518,190,166,24,24
15519,185,159,26,26
15520,131,121,10,10
15521,65,64,1,1
15522,158,155,3,3
15523,144,157,-13,13
15524,73,83,-10,10
15525,80,58,22,22
15526,152,143,9,9
15527,62,62,0,0
15528,64,65,-1,1
15529,65,71,-6,6
15530,146,141,5,5
15531,124,122,2,2
15532,108,97,11,11
15533,131,132,-1,1
15534,107,118,-11,11
15535,104,106,-2,2
15536,78,72,6,6
15537,115,125,-10,10
15538,159,160,-1,1
15539,103,108,-5,5
15540,101,109,-8,8
15541,63,62,1,1
15542,160,156,4,4
15543,61,64,-3,3
15544,60,64,-4,4
15545,130,139,-9,9
15546,96,90,6,6
15547,84,88,-4,4
15548,93,90,3,3
15549,110,108,2,2
15550,66,59,7,7
15551,77,76,1,1
15552,103,105,-2,2
15553,78,83,-5,5
15554,147,159,-12,12
15555,87,103,-16,16
15556,84,75,9,9
15557,83,85,-2,2
15558,69,65,4,4
15559,180,199,-19,19
15560,140,145,-5,5
15561,57,64,-7,7
15562,120,118,2,2
15563,62,68,-6,6
15564,79,84,-5,5
15565,127,132,-5,5
15566,64,68,-4,4
15567,81,77,4,4
15568,100,99,1,1
15569,118,126,-8,8
15570,85,74,11,11
15571,77,87,-10,10
15572,104,98,6,6
15573,72,68,4,4
15574,101,94,7,7
15575,95,105,-10,10
15576,98,93,5,5
15577,62,61,1,1
15578,98,93,5,5
15579,113,132,-19,19
15580,62,65,-3,3
15581,52,61,-9,9
15582,112,108,4,4
15583,80,87,-7,7
15584,106,122,-16,16
15585,63,65,-2,2
15586,49,59,-10,10
15587,72,75,-3,3
15588,117,115,2,2
15589,116,120,-4,4
15590,94,93,1,1
15591,95,102,-7,7
15592,83,86,-3,3
15593,119,126,-7,7
15594,106,110,-4,4
15595,92,87,5,5
15596,70,80,-10,10
15597,133,125,8,8
15598,64,60,4,4
15599,169,158,11,11
15600,93,87,6,6
15601,102,116,-14,14
15602,87,80,7,7
15603,71,72,-1,1
15604,62,64,-2,2
15605,59,59,0,0
15606,85,81,4,4
15607,72,75,-3,3
15608,50,54,-4,4
15609,92,97,-5,5
15610,127,121,6,6
15611,57,57,0,0
15612,107,104,3,3
15613,65,66,-1,1
15614,82,86,-4,4
15615,81,89,-8,8
15616,98,105,-7,7
15617,82,82,0,0
15618,110,130,-20,20
15619,166,155,11,11
15620,107,107,0,0
15621,50,55,-5,5
15622,148,140,8,8
15623,70,71,-1,1
15624,100,91,9,9
15625,108,110,-2,2
15626,113,109,4,4
15627,53,59,-6,6
15628,126,129,-3,3
15629,72,76,-4,4
15630,197,188,9,9
15631,47,47,0,0
15632,89,86,3,3
15633,143,135,8,8
15634,119,124,-5,5
15635,76,86,-10,10
15636,73,80,-7,7
15637,68,72,-4,4
15638,111,115,-4,4
15639,121,105,16,16
15640,92,99,-7,7
15641,113,105,8,8
15642,98,101,-3,3
15643,152,162,-10,10
15644,80,81,-1,1
15645,82,81,1,1
15646,128,122,6,6
15647,49,61,-12,12
15648,128,125,3,3
15649,63,66,-3,3
15650,52,55,-3,3
15651,89,84,5,5
15652,68,68,0,0
15653,109,103,6,6
15654,83,83,0,0
15655,97,107,-10,10
15656,73,74,-1,1
15657,75,72,3,3
15658,127,108,19,19
15659,52,80,-28,28
15660,69,51,18,18
15661,152,154,-2,2
15662,87,74,13,13
15663,130,120,10,10
15664,72,84,-12,12
15665,114,120,-6,6
15666,75,61,14,14
15667,136,125,11,11
15668,77,72,5,5
15669,88,75,13,13
15670,64,73,-9,9
15671,90,75,15,15
15672,174,153,21,21
15673,57,68,-11,11
15674,56,63,-7,7
15675,78,82,-4,4
15676,81,77,4,4
15677,67,58,9,9
15678,123,110,13,13
15679,146,148,-2,2
15680,123,134,-11,11
15681,98,107,-9,9
15682,61,76,-15,15
15683,109,99,10,10
15684,76,82,-6,6
15685,121,118,3,3
15686,81,79,2,2
15687,38,57,-19,19
15688,70,79,-9,9
15689,83,81,2,2
15690,100,100,0,0
15691,79,95,-16,16
15692,98,98,0,0
15693,79,73,6,6
15694,196,192,4,4
15695,137,126,11,11
15696,67,61,6,6
15697,87,90,-3,3
15698,79,82,-3,3
15699,84,94,-10,10
15700,104,121,-17,17
15701,105,123,-18,18
15702,113,107,6,6
15703,54,65,-11,11
15704,77,77,0,0
15705,124,121,3,3
15706,103,116,-13,13
15707,175,163,12,12
15708,67,63,4,4
15709,86,89,-3,3
15710,65,68,-3,3
15711,74,62,12,12
15712,85,48,37,37
15713,77,80,-3,3
15714,94,102,-8,8
15715,163,149,14,14
15716,107,110,-3,3
15717,126,131,-5,5
15718,97,95,2,2
15719,80,84,-4,4
15720,150,152,-2,2
15721,67,78,-11,11
15722,120,103,17,17
15723,86,90,-4,4
15724,80,84,-4,4
15725,79,77,2,2
15726,98,99,-1,1
15727,100,93,7,7
15728,105,102,3,3
15729,140,139,1,1
15730,110,106,4,4
15731,101,96,5,5
15732,50,54,-4,4
15733,132,131,1,1
15734,160,157,3,3
15735,119,97,22,22
15736,94,97,-3,3
15737,83,79,4,4
15738,92,80,12,12
15739,76,71,5,5
15740,103,104,-1,1
15741,93,84,9,9
15742,67,69,-2,2
15743,104,122,-18,18
15744,123,126,-3,3
15745,90,89,1,1
15746,75,77,-2,2
15747,120,116,4,4
15748,66,60,6,6
15749,106,112,-6,6
15750,120,110,10,10
15751,98,85,13,13
15752,105,111,-6,6
15753,97,93,4,4
15754,101,88,13,13
15755,80,77,3,3
15756,87,85,2,2
15757,68,66,2,2
15758,160,156,4,4
15759,77,82,-5,5
15760,65,59,6,6
15761,90,92,-2,2
15762,34,63,-29,29
15763,90,93,-3,3
15764,83,80,3,3
15765,47,53,-6,6
15766,47,74,-27,27
15767,106,117,-11,11
15768,63,68,-5,5
15769,96,93,3,3
15770,108,118,-10,10
15771,85,84,1,1
15772,157,141,16,16
15773,90,58,32,32
15774,116,116,0,0
15775,132,137,-5,5
15776,123,112,11,11
15777,118,121,-3,3
15778,45,57,-12,12
15779,60,68,-8,8
15780,179,157,22,22
15781,111,111,0,0
15782,118,111,7,7
15783,87,99,-12,12
15784,51,62,-11,11
15785,37,50,-13,13
15786,91,89,2,2
15787,69,72,-3,3
15788,130,134,-4,4
15789,102,110,-8,8
15790,93,93,0,0
15791,129,122,7,7
15792,54,56,-2,2
15793,70,67,3,3
15794,125,105,20,20
15795,59,65,-6,6
15796,46,40,6,6
15797,64,65,-1,1
15798,113,97,16,16
15799,110,96,14,14
15800,46,54,-8,8
15801,134,136,-2,2
15802,71,93,-22,22
15803,143,156,-13,13
15804,63,72,-9,9
15805,120,141,-21,21
15806,86,84,2,2
15807,74,81,-7,7
15808,118,123,-5,5
15809,61,73,-12,12
15810,65,66,-1,1
15811,136,117,19,19
15812,85,87,-2,2
15813,105,90,15,15
15814,146,128,18,18
15815,98,117,-19,19
15816,30,40,-10,10
15817,76,84,-8,8
15818,148,154,-6,6
15819,126,98,28,28
15820,121,117,4,4
15821,173,129,44,44
15822,68,85,-17,17
15823,100,97,3,3
15824,109,111,-2,2
15825,73,75,-2,2
15826,97,100,-3,3
15827,92,110,-18,18
15828,97,94,3,3
15829,88,106,-18,18
15830,159,141,18,18
15831,104,108,-4,4
15832,65,71,-6,6
15833,84,80,4,4
15834,82,78,4,4
15835,100,115,-15,15
15836,105,94,11,11
15837,70,80,-10,10
15838,77,74,3,3
15839,111,104,7,7
15840,96,78,18,18
15841,98,103,-5,5
15842,89,99,-10,10
15843,62,71,-9,9
15844,144,134,10,10
15845,134,122,12,12
15846,96,84,12,12
15847,64,72,-8,8
15848,74,77,-3,3
15849,113,101,12,12
15850,125,141,-16,16
15851,122,109,13,13
15852,66,76,-10,10
15853,46,51,-5,5
15854,115,108,7,7
15855,59,75,-16,16
15856,76,78,-2,2
15857,97,94,3,3
15858,125,131,-6,6
15859,138,110,28,28
15860,24,43,-19,19
15861,34,38,-4,4
15862,77,79,-2,2
15863,112,123,-11,11
15864,123,128,-5,5
15865,88,93,-5,5
15866,130,132,-2,2
15867,108,95,13,13
15868,52,51,1,1
15869,112,118,-6,6
15870,41,45,-4,4
15871,68,65,3,3
15872,111,109,2,2
15873,97,108,-11,11
15874,73,83,-10,10
15875,75,73,2,2
15876,79,96,-17,17
15877,62,66,-4,4
15878,75,92,-17,17
15879,128,121,7,7
15880,113,131,-18,18
15881,49,48,1,1
15882,65,65,0,0
15883,64,70,-6,6
15884,97,116,-19,19
15885,117,112,5,5
15886,62,65,-3,3
15887,75,96,-21,21
15888,80,84,-4,4
15889,63,71,-8,8
15890,50,61,-11,11
15891,112,113,-1,1
15892,129,125,4,4
15893,78,73,5,5
15894,102,100,2,2
15895,101,94,7,7
15896,67,75,-8,8
15897,49,52,-3,3
15898,184,169,15,15
15899,81,83,-2,2
15900,70,70,0,0
15901,95,87,8,8
15902,111,104,7,7
15903,141,130,11,11
15904,105,77,28,28
15905,54,53,1,1
15906,78,77,1,1
15907,155,150,5,5
15908,134,130,4,4
15909,88,84,4,4
15910,66,75,-9,9
15911,64,72,-8,8
15912,60,67,-7,7
15913,94,85,9,9
15914,103,99,4,4
15915,146,149,-3,3
15916,74,79,-5,5
15917,73,76,-3,3
15918,62,67,-5,5
15919,103,108,-5,5
15920,126,125,1,1
15921,96,82,14,14
15922,160,141,19,19
15923,118,117,1,1
15924,128,125,3,3
15925,191,186,5,5
15926,123,118,5,5
15927,107,112,-5,5
15928,55,58,-3,3
15929,47,46,1,1
15930,55,60,-5,5
15931,58,65,-7,7
15932,107,115,-8,8
15933,76,74,2,2
15934,96,88,8,8
15935,57,61,-4,4
15936,110,122,-12,12
15937,79,73,6,6
15938,65,73,-8,8
15939,123,120,3,3
15940,61,53,8,8
15941,65,68,-3,3
15942,113,106,7,7
15943,49,50,-1,1
15944,82,88,-6,6
15945,98,101,-3,3
15946,75,72,3,3
15947,112,119,-7,7
15948,113,97,16,16
15949,94,97,-3,3
15950,58,56,2,2
15951,64,90,-26,26
15952,105,113,-8,8
15953,101,107,-6,6
15954,68,77,-9,9
15955,101,96,5,5
15956,52,52,0,0
15957,70,58,12,12
15958,97,127,-30,30
15959,117,112,5,5
15960,68,70,-2,2
15961,127,112,15,15
15962,69,74,-5,5
15963,90,103,-13,13
15964,40,65,-25,25
15965,114,106,8,8
15966,98,100,-2,2
15967,66,67,-1,1
15968,67,86,-19,19
15969,190,173,17,17
15970,104,106,-2,2
15971,74,78,-4,4
15972,69,64,5,5
15973,86,84,2,2
15974,102,95,7,7
15975,122,116,6,6
15976,142,136,6,6
15977,103,99,4,4
15978,164,151,13,13
15979,110,126,-16,16
15980,64,65,-1,1
15981,74,75,-1,1
15982,61,54,7,7
15983,63,68,-5,5
15984,100,95,5,5
15985,107,113,-6,6
15986,102,99,3,3
15987,31,43,-12,12
15988,147,137,10,10
15989,60,60,0,0
15990,86,78,8,8
15991,114,133,-19,19
15992,103,120,-17,17
15993,75,81,-6,6
15994,95,104,-9,9
15995,87,81,6,6
15996,99,100,-1,1
15997,114,110,4,4
15998,76,86,-10,10
15999,120,129,-9,9
16000,90,83,7,7
16001,64,64,0,0
16002,113,116,-3,3
16003,66,65,1,1
16004,123,117,6,6
16005,132,122,10,10
16006,124,100,24,24
16007,56,65,-9,9
16008,125,129,-4,4
16009,101,113,-12,12
16010,89,80,9,9
16011,57,69,-12,12
16012,98,95,3,3
16013,101,95,6,6
16014,82,91,-9,9
16015,128,137,-9,9
16016,56,64,-8,8
16017,162,164,-2,2
16018,84,88,-4,4
16019,79,71,8,8
16020,53,62,-9,9
16021,55,57,-2,2
16022,62,57,5,5
16023,73,79,-6,6
16024,42,49,-7,7
16025,127,141,-14,14
16026,52,55,-3,3
16027,121,123,-2,2
16028,75,91,-16,16
16029,89,85,4,4
16030,64,64,0,0
16031,36,44,-8,8
16032,89,80,9,9
16033,72,66,6,6
16034,148,143,5,5
16035,106,102,4,4
16036,158,170,-12,12
16037,131,126,5,5
16038,130,143,-13,13
16039,77,68,9,9
16040,136,141,-5,5
16041,102,108,-6,6
16042,86,90,-4,4
16043,89,85,4,4
16044,101,94,7,7
16045,99,91,8,8
16046,100,89,11,11
16047,69,74,-5,5
16048,92,82,10,10
16049,69,75,-6,6
16050,128,113,15,15
16051,151,135,16,16
16052,39,42,-3,3
16053,44,57,-13,13
16054,74,100,-26,26
16055,82,76,6,6
16056,140,136,4,4
16057,120,113,7,7
16058,79,70,9,9
16059,89,91,-2,2
16060,158,184,-26,26
16061,105,130,-25,25
16062,113,112,1,1
16063,58,57,1,1
16064,95,92,3,3
16065,82,85,-3,3
16066,140,140,0,0
16067,66,86,-20,20
16068,94,87,7,7
16069,116,128,-12,12
16070,70,79,-9,9
16071,90,94,-4,4
16072,73,81,-8,8
16073,62,102,-40,40
16074,55,60,-5,5
16075,87,86,1,1
16076,97,87,10,10
16077,75,64,11,11
16078,113,105,8,8
16079,148,136,12,12
16080,144,165,-21,21
16081,64,64,0,0
16082,117,111,6,6
16083,89,86,3,3
16084,106,103,3,3
16085,130,125,5,5
16086,91,98,-7,7
16087,52,57,-5,5
16088,54,63,-9,9
16089,117,107,10,10
16090,127,143,-16,16
16091,104,79,25,25
16092,122,110,12,12
16093,67,58,9,9
16094,73,79,-6,6
16095,84,80,4,4
16096,63,68,-5,5
16097,199,195,4,4
16098,138,160,-22,22
16099,85,81,4,4
16100,112,116,-4,4
16101,100,108,-8,8
16102,184,199,-15,15
16103,90,88,2,2
16104,55,73,-18,18
16105,142,137,5,5
16106,124,109,15,15
16107,83,98,-15,15
16108,79,89,-10,10
16109,52,67,-15,15
16110,92,94,-2,2
16111,71,72,-1,1
16112,47,55,-8,8
16113,83,72,11,11
16114,68,72,-4,4
16115,65,73,-8,8
16116,99,97,2,2
16117,114,112,2,2
16118,98,108,-10,10
16119,84,105,-21,21
16120,181,167,14,14
16121,51,58,-7,7
16122,95,85,10,10
16123,77,83,-6,6
16124,70,81,-11,11
16125,103,96,7,7
16126,106,105,1,1
16127,70,69,1,1
16128,92,94,-2,2
16129,104,89,15,15
16130,49,66,-17,17
16131,62,75,-13,13
16132,52,59,-7,7
16133,88,85,3,3
16134,84,72,12,12
16135,80,89,-9,9
16136,55,64,-9,9
16137,84,83,1,1
16138,158,140,18,18
16139,76,73,3,3
16140,58,65,-7,7
16141,94,87,7,7
16142,44,50,-6,6
16143,96,91,5,5
16144,134,132,2,2
16145,124,129,-5,5
16146,137,145,-8,8
16147,139,142,-3,3
16148,40,52,-12,12
16149,64,69,-5,5
16150,100,98,2,2
16151,90,90,0,0
16152,88,90,-2,2
16153,80,82,-2,2
16154,67,68,-1,1
16155,96,86,10,10
16156,74,69,5,5
16157,80,72,8,8
16158,54,62,-8,8
16159,133,120,13,13
16160,71,67,4,4
16161,151,145,6,6
16162,150,159,-9,9
16163,107,108,-1,1
16164,104,107,-3,3
16165,96,94,2,2
16166,164,163,1,1
16167,61,75,-14,14
16168,95,97,-2,2
16169,120,118,2,2
16170,107,102,5,5
16171,116,103,13,13
16172,89,87,2,2
16173,42,49,-7,7
16174,74,67,7,7
16175,100,106,-6,6
16176,66,62,4,4
16177,105,108,-3,3
16178,108,106,2,2
16179,144,141,3,3
16180,118,115,3,3
16181,82,77,5,5
16182,164,153,11,11
16183,125,135,-10,10
16184,68,73,-5,5
16185,102,101,1,1
16186,109,118,-9,9
16187,111,96,15,15
16188,115,104,11,11
16189,58,53,5,5
16190,109,111,-2,2
16191,90,92,-2,2
16192,99,96,3,3
16193,124,134,-10,10
16194,147,126,21,21
16195,67,73,-6,6
16196,89,93,-4,4
16197,77,70,7,7
16198,106,130,-24,24
16199,78,80,-2,2
16200,58,74,-16,16
16201,119,107,12,12
16202,74,82,-8,8
16203,80,88,-8,8
16204,143,140,3,3
16205,160,160,0,0
16206,117,108,9,9
16207,79,71,8,8
16208,103,100,3,3
16209,88,70,18,18
16210,74,79,-5,5
16211,96,105,-9,9
16212,94,77,17,17
16213,66,60,6,6
16214,43,53,-10,10
16215,137,131,6,6
16216,89,84,5,5
16217,95,95,0,0
16218,172,179,-7,7
16219,37,47,-10,10
16220,75,80,-5,5
16221,112,115,-3,3
16222,98,99,-1,1
16223,137,141,-4,4
16224,122,112,10,10
16225,55,48,7,7
16226,65,64,1,1
16227,105,117,-12,12
16228,67,76,-9,9
16229,115,108,7,7
16230,35,89,-54,54
16231,95,87,8,8
16232,62,62,0,0
16233,60,59,1,1
16234,142,115,27,27
16235,74,86,-12,12
16236,100,98,2,2
16237,179,140,39,39
16238,173,159,14,14
16239,161,163,-2,2
16240,76,76,0,0
16241,79,85,-6,6
16242,116,105,11,11
16243,58,67,-9,9
16244,83,90,-7,7
16245,48,58,-10,10
16246,74,72,2,2
16247,57,58,-1,1
16248,84,83,1,1
16249,114,112,2,2
16250,72,69,3,3
16251,96,104,-8,8
16252,113,151,-38,38
16253,105,94,11,11
16254,149,137,12,12
16255,62,68,-6,6
16256,72,74,-2,2
16257,77,81,-4,4
16258,152,141,11,11
16259,94,94,0,0
16260,115,114,1,1
16261,56,51,5,5
16262,65,66,-1,1
16263,111,111,0,0
16264,73,77,-4,4
16265,75,68,7,7
16266,90,78,12,12
16267,121,138,-17,17
16268,111,99,12,12
16269,179,175,4,4
16270,136,144,-8,8
16271,111,101,10,10
16272,35,51,-16,16
16273,90,90,0,0
16274,58,59,-1,1
16275,172,165,7,7
16276,77,82,-5,5
16277,81,73,8,8
16278,31,37,-6,6
16279,87,92,-5,5
16280,63,75,-12,12
16281,114,108,6,6
16282,96,98,-2,2
16283,83,74,9,9
16284,117,131,-14,14
16285,121,112,9,9
16286,89,99,-10,10
16287,106,114,-8,8
16288,108,105,3,3
16289,121,108,13,13
16290,160,146,14,14
16291,110,107,3,3
16292,87,77,10,10
16293,107,99,8,8
16294,117,131,-14,14
16295,74,82,-8,8
16296,96,98,-2,2
16297,133,127,6,6
16298,81,93,-12,12
16299,81,83,-2,2
16300,76,81,-5,5
16301,57,70,-13,13
16302,131,133,-2,2
16303,91,78,13,13
16304,39,45,-6,6
16305,119,105,14,14
16306,138,135,3,3
16307,105,117,-12,12
16308,77,67,10,10
16309,132,137,-5,5
16310,58,68,-10,10
16311,42,49,-7,7
16312,67,69,-2,2
16313,54,59,-5,5
16314,74,74,0,0
16315,95,96,-1,1
16316,73,62,11,11
16317,75,93,-18,18
16318,58,61,-3,3
16319,112,110,2,2
16320,114,105,9,9
16321,118,123,-5,5
16322,63,71,-8,8
16323,59,69,-10,10
16324,56,58,-2,2
16325,66,63,3,3
16326,64,66,-2,2
16327,100,88,12,12
16328,97,94,3,3
16329,155,158,-3,3
16330,93,91,2,2
16331,123,131,-8,8
16332,89,65,24,24
16333,76,84,-8,8
16334,178,192,-14,14
16335,67,68,-1,1
16336,112,100,12,12
16337,105,91,14,14
16338,95,93,2,2
16339,81,91,-10,10
16340,67,80,-13,13
16341,79,67,12,12
16342,117,118,-1,1
16343,72,82,-10,10
16344,103,91,12,12
16345,109,103,6,6
16346,59,66,-7,7
16347,101,101,0,0
16348,112,114,-2,2
16349,158,150,8,8
16350,119,126,-7,7
16351,92,89,3,3
16352,38,45,-7,7
16353,66,76,-10,10
16354,69,85,-16,16
16355,51,61,-10,10
16356,200,167,33,33
16357,93,87,6,6
16358,97,91,6,6
16359,171,140,31,31
16360,65,68,-3,3
16361,102,104,-2,2
16362,72,73,-1,1
16363,55,62,-7,7
16364,118,99,19,19
16365,86,90,-4,4
16366,135,121,14,14
16367,78,61,17,17
16368,115,124,-9,9
16369,140,147,-7,7
16370,61,67,-6,6
16371,48,58,-10,10
16372,78,87,-9,9
16373,195,197,-2,2
16374,48,53,-5,5
16375,71,60,11,11
16376,126,123,3,3
16377,207,195,12,12
16378,111,105,6,6
16379,75,86,-11,11
16380,106,96,10,10
16381,84,82,2,2
16382,140,152,-12,12
16383,77,95,-18,18
16384,88,85,3,3
16385,63,70,-7,7
16386,146,138,8,8
16387,43,48,-5,5
16388,87,87,0,0
16389,63,61,2,2
16390,92,94,-2,2
16391,64,66,-2,2
16392,107,100,7,7
16393,114,112,2,2
16394,76,67,9,9
16395,108,119,-11,11
16396,61,54,7,7
16397,157,156,1,1
16398,161,155,6,6
16399,81,81,0,0
16400,42,48,-6,6
16401,120,92,28,28
16402,118,109,9,9
16403,99,91,8,8
16404,78,72,6,6
16405,39,46,-7,7
16406,62,67,-5,5
16407,93,88,5,5
16408,51,59,-8,8
16409,63,86,-23,23
16410,131,138,-7,7
16411,117,104,13,13
16412,96,94,2,2
16413,158,151,7,7
16414,88,86,2,2
16415,77,82,-5,5
16416,84,85,-1,1
16417,123,122,1,1
16418,84,81,3,3
16419,122,122,0,0
16420,88,85,3,3
16421,73,68,5,5
16422,198,198,0,0
16423,87,78,9,9
16424,76,85,-9,9
16425,85,89,-4,4
16426,86,97,-11,11
16427,161,154,7,7
16428,132,117,15,15
16429,65,63,2,2
16430,65,67,-2,2
16431,155,132,23,23
16432,94,98,-4,4
16433,91,90,1,1
16434,94,115,-21,21
16435,132,115,17,17
16436,74,93,-19,19
16437,134,127,7,7
16438,186,175,11,11
16439,117,104,13,13
16440,128,137,-9,9
16441,49,55,-6,6
16442,52,57,-5,5
16443,54,58,-4,4
16444,49,56,-7,7
16445,61,73,-12,12
16446,87,92,-5,5
16447,121,133,-12,12
16448,110,111,-1,1
16449,29,48,-19,19
16450,75,72,3,3
16451,119,119,0,0
16452,100,103,-3,3
16453,73,96,-23,23
16454,71,73,-2,2
16455,61,83,-22,22
16456,91,101,-10,10
16457,68,87,-19,19
16458,79,80,-1,1
16459,141,130,11,11
16460,89,85,4,4
16461,132,134,-2,2
16462,110,109,1,1
16463,70,73,-3,3
16464,49,55,-6,6
16465,99,103,-4,4
16466,60,58,2,2
16467,94,91,3,3
16468,89,92,-3,3
16469,149,150,-1,1
16470,78,73,5,5
16471,133,145,-12,12
16472,134,138,-4,4
16473,65,71,-6,6
16474,117,98,19,19
16475,96,94,2,2
16476,130,120,10,10
16477,138,124,14,14
16478,85,86,-1,1
16479,128,114,14,14
16480,84,94,-10,10
16481,127,123,4,4
16482,67,73,-6,6
16483,149,166,-17,17
16484,77,69,8,8
16485,91,90,1,1
16486,137,136,1,1
16487,142,141,1,1
16488,68,69,-1,1
16489,129,126,3,3
16490,120,128,-8,8
16491,38,49,-11,11
16492,109,111,-2,2
16493,101,86,15,15
16494,66,103,-37,37
16495,61,69,-8,8
16496,107,111,-4,4
16497,112,104,8,8
16498,114,127,-13,13
16499,96,101,-5,5
16500,136,146,-10,10
16501,60,60,0,0
16502,108,100,8,8
16503,109,109,0,0
16504,98,96,2,2
16505,53,67,-14,14
16506,68,66,2,2
16507,114,115,-1,1
16508,181,187,-6,6
16509,121,121,0,0
16510,67,68,-1,1
16511,78,79,-1,1
16512,74,73,1,1
16513,47,53,-6,6
16514,113,114,-1,1
16515,41,42,-1,1
16516,57,64,-7,7
16517,68,63,5,5
16518,88,95,-7,7
16519,76,96,-20,20
16520,96,96,0,0
16521,45,50,-5,5
16522,119,117,2,2
16523,104,98,6,6
16524,111,114,-3,3
16525,62,62,0,0
16526,94,98,-4,4
16527,86,85,1,1
16528,78,92,-14,14
16529,132,126,6,6
16530,105,106,-1,1
16531,141,129,12,12
16532,59,64,-5,5
16533,205,178,27,27
16534,91,98,-7,7
16535,87,110,-23,23
16536,87,92,-5,5
16537,102,87,15,15
16538,94,96,-2,2
16539,77,80,-3,3
16540,61,65,-4,4
16541,152,119,33,33
16542,85,87,-2,2
16543,120,115,5,5
16544,83,91,-8,8
16545,135,134,1,1
16546,52,57,-5,5
16547,79,94,-15,15
16548,50,48,2,2
16549,152,147,5,5
16550,80,74,6,6
16551,83,89,-6,6
16552,163,158,5,5
16553,75,79,-4,4
16554,72,84,-12,12
16555,93,94,-1,1
16556,118,182,-64,64
16557,84,82,2,2
16558,72,73,-1,1
16559,75,83,-8,8
16560,79,80,-1,1
16561,84,95,-11,11
16562,88,90,-2,2
16563,99,94,5,5
16564,59,69,-10,10
16565,112,110,2,2
16566,128,129,-1,1
16567,115,79,36,36
16568,101,118,-17,17
16569,60,65,-5,5
16570,80,86,-6,6
16571,134,130,4,4
16572,72,76,-4,4
16573,160,145,15,15
16574,123,120,3,3
16575,111,103,8,8
16576,61,67,-6,6
16577,68,73,-5,5
16578,131,141,-10,10
16579,135,129,6,6
16580,217,225,-8,8
16581,56,61,-5,5
16582,86,94,-8,8
16583,104,103,1,1
16584,87,94,-7,7
16585,76,78,-2,2
16586,137,132,5,5
16587,86,83,3,3
16588,53,52,1,1
16589,82,84,-2,2
16590,52,53,-1,1
16591,85,88,-3,3
16592,110,99,11,11
16593,58,61,-3,3
16594,103,100,3,3
16595,40,46,-6,6
16596,70,65,5,5
16597,50,53,-3,3
16598,69,69,0,0
16599,108,110,-2,2
16600,82,73,9,9
16601,138,120,18,18
16602,103,106,-3,3
16603,119,119,0,0
16604,111,107,4,4
16605,154,142,12,12
16606,131,133,-2,2
16607,67,77,-10,10
16608,76,76,0,0
16609,104,108,-4,4
16610,134,126,8,8
16611,41,52,-11,11
16612,54,56,-2,2
16613,116,107,9,9
16614,58,60,-2,2
16615,74,86,-12,12
16616,101,102,-1,1
16617,62,66,-4,4
16618,141,132,9,9
16619,93,77,16,16
16620,98,94,4,4
16621,88,102,-14,14
16622,33,48,-15,15
16623,115,133,-18,18
16624,86,89,-3,3
16625,156,149,7,7
16626,66,66,0,0
16627,93,85,8,8
16628,61,60,1,1
16629,128,121,7,7
16630,161,134,27,27
16631,51,57,-6,6
16632,59,58,1,1
16633,97,100,-3,3
16634,157,155,2,2
16635,91,88,3,3
16636,67,52,15,15
16637,90,94,-4,4
16638,82,79,3,3
16639,104,104,0,0
16640,96,99,-3,3
16641,122,118,4,4
16642,86,82,4,4
16643,126,128,-2,2
16644,87,79,8,8
16645,77,87,-10,10
16646,117,108,9,9
16647,144,143,1,1
16648,86,75,11,11
16649,61,55,6,6
16650,79,101,-22,22
16651,96,102,-6,6
16652,89,108,-19,19
16653,89,91,-2,2
16654,110,109,1,1
16655,87,82,5,5
16656,39,49,-10,10
16657,98,97,1,1
16658,151,143,8,8
16659,89,96,-7,7
16660,67,72,-5,5
16661,71,64,7,7
16662,119,98,21,21
16663,86,86,0,0
16664,147,133,14,14
16665,51,50,1,1
16666,83,95,-12,12
16667,83,96,-13,13
16668,54,57,-3,3
16669,138,126,12,12
16670,64,70,-6,6
16671,80,86,-6,6
16672,58,55,3,3
16673,92,92,0,0
16674,56,83,-27,27
16675,114,128,-14,14
16676,58,63,-5,5
16677,51,58,-7,7
16678,111,111,0,0
16679,66,71,-5,5
16680,64,68,-4,4
16681,99,106,-7,7
16682,73,77,-4,4
16683,110,101,9,9
16684,99,105,-6,6
16685,92,92,0,0
16686,57,64,-7,7
16687,138,137,1,1
16688,156,163,-7,7
16689,113,114,-1,1
16690,37,49,-12,12
16691,119,116,3,3
16692,109,117,-8,8
16693,137,139,-2,2
16694,187,158,29,29
16695,77,83,-6,6
16696,78,70,8,8
16697,89,90,-1,1
16698,144,137,7,7
16699,111,106,5,5
16700,46,56,-10,10
16701,119,122,-3,3
16702,89,74,15,15
16703,85,88,-3,3
16704,155,144,11,11
16705,164,175,-11,11
16706,176,175,1,1
16707,61,65,-4,4
16708,143,145,-2,2
16709,66,56,10,10
16710,138,125,13,13
16711,107,111,-4,4
16712,80,81,-1,1
16713,95,89,6,6
16714,94,106,-12,12
16715,90,89,1,1
16716,65,68,-3,3
16717,75,72,3,3
16718,54,57,-3,3
16719,84,89,-5,5
16720,129,119,10,10
16721,142,137,5,5
16722,96,102,-6,6
16723,112,113,-1,1
16724,93,84,9,9
16725,57,59,-2,2
16726,36,53,-17,17
16727,46,58,-12,12
16728,94,105,-11,11
16729,57,56,1,1
16730,106,107,-1,1
16731,130,134,-4,4
16732,62,63,-1,1
16733,89,88,1,1
16734,137,128,9,9
16735,107,110,-3,3
16736,58,56,2,2
16737,73,69,4,4
16738,86,91,-5,5
16739,103,101,2,2
16740,121,116,5,5
16741,66,70,-4,4
16742,87,96,-9,9
16743,59,58,1,1
16744,109,110,-1,1
16745,79,86,-7,7
16746,68,67,1,1
16747,66,67,-1,1
16748,72,72,0,0
16749,100,98,2,2
16750,102,105,-3,3
16751,55,61,-6,6
16752,98,79,19,19
16753,107,102,5,5
16754,77,50,27,27
16755,76,86,-10,10
16756,65,63,2,2
16757,134,107,27,27
16758,39,49,-10,10
16759,123,121,2,2
16760,64,67,-3,3
16761,105,99,6,6
16762,66,66,0,0
16763,203,199,4,4
16764,144,117,27,27
16765,75,77,-2,2
16766,106,106,0,0
16767,104,97,7,7
16768,73,83,-10,10
16769,83,74,9,9
16770,81,96,-15,15
16771,83,85,-2,2
16772,100,112,-12,12
16773,103,100,3,3
16774,76,78,-2,2
16775,66,68,-2,2
16776,72,67,5,5
16777,87,101,-14,14
16778,81,62,19,19
16779,109,117,-8,8
16780,103,98,5,5
16781,112,129,-17,17
16782,170,160,10,10
16783,89,85,4,4
16784,73,85,-12,12
16785,59,65,-6,6
16786,135,139,-4,4
16787,61,69,-8,8
16788,78,79,-1,1
16789,125,120,5,5
16790,64,67,-3,3
16791,54,59,-5,5
16792,119,110,9,9
16793,92,99,-7,7
16794,117,116,1,1
16795,88,77,11,11
16796,99,94,5,5
16797,48,53,-5,5
16798,123,122,1,1
16799,113,117,-4,4
16800,98,98,0,0
16801,66,64,2,2
16802,82,73,9,9
16803,38,42,-4,4
16804,86,94,-8,8
16805,135,137,-2,2
16806,140,133,7,7
16807,73,71,2,2
16808,95,97,-2,2
16809,40,51,-11,11
16810,67,90,-23,23
16811,160,156,4,4
16812,121,114,7,7
16813,104,84,20,20
16814,98,96,2,2
16815,125,127,-2,2
16816,119,104,15,15
16817,109,111,-2,2
16818,73,77,-4,4
16819,212,204,8,8
16820,81,84,-3,3
16821,104,109,-5,5
16822,44,46,-2,2
16823,82,68,14,14
16824,181,167,14,14
16825,50,55,-5,5
16826,90,99,-9,9
16827,87,83,4,4
16828,76,88,-12,12
16829,211,209,2,2
16830,104,110,-6,6
16831,114,120,-6,6
16832,143,140,3,3
16833,142,144,-2,2
16834,153,157,-4,4
16835,60,54,6,6
16836,60,58,2,2
16837,111,100,11,11
16838,143,148,-5,5
16839,76,82,-6,6
16840,73,72,1,1
16841,76,65,11,11
16842,75,74,1,1
16843,58,60,-2,2
16844,57,56,1,1
16845,112,117,-5,5
16846,151,135,16,16
16847,51,49,2,2
16848,64,69,-5,5
16849,80,83,-3,3
16850,89,79,10,10
16851,155,150,5,5
16852,97,92,5,5
16853,82,83,-1,1
16854,122,126,-4,4
16855,110,115,-5,5
16856,91,89,2,2
16857,27,69,-42,42
16858,55,55,0,0
16859,107,100,7,7
16860,61,66,-5,5
16861,67,75,-8,8
16862,111,113,-2,2
16863,95,94,1,1
16864,129,137,-8,8
16865,165,168,-3,3
16866,139,138,1,1
16867,97,127,-30,30
16868,88,90,-2,2
16869,64,76,-12,12
16870,83,73,10,10
16871,118,110,8,8
16872,81,80,1,1
16873,78,75,3,3
16874,164,167,-3,3
16875,60,54,6,6
16876,23,45,-22,22
16877,60,65,-5,5
16878,58,69,-11,11
16879,102,99,3,3
16880,100,100,0,0
16881,103,107,-4,4
16882,98,91,7,7
16883,136,121,15,15
16884,110,100,10,10
16885,95,90,5,5
16886,113,114,-1,1
16887,143,144,-1,1
16888,141,133,8,8
16889,117,118,-1,1
16890,63,74,-11,11
16891,83,76,7,7
16892,52,56,-4,4
16893,95,86,9,9
16894,85,130,-45,45
16895,75,83,-8,8
16896,137,130,7,7
16897,81,78,3,3
16898,55,48,7,7
16899,128,117,11,11
16900,135,122,13,13
16901,107,105,2,2
16902,68,76,-8,8
16903,95,98,-3,3
16904,131,129,2,2
16905,106,104,2,2
16906,84,101,-17,17
16907,120,126,-6,6
16908,69,64,5,5
16909,93,109,-16,16
16910,100,97,3,3
16911,152,143,9,9
16912,139,144,-5,5
16913,109,102,7,7
16914,122,120,2,2
16915,70,71,-1,1
16916,89,90,-1,1
16917,81,68,13,13
16918,59,60,-1,1
16919,74,84,-10,10
16920,121,113,8,8
16921,88,80,8,8
16922,72,94,-22,22
16923,107,100,7,7
16924,47,65,-18,18
16925,105,104,1,1
16926,61,68,-7,7
16927,116,111,5,5
16928,110,102,8,8
16929,63,59,4,4
16930,121,119,2,2
16931,52,56,-4,4
16932,92,81,11,11
16933,102,119,-17,17
16934,86,90,-4,4
16935,171,192,-21,21
16936,97,91,6,6
16937,105,99,6,6
16938,127,88,39,39
16939,84,95,-11,11
16940,99,91,8,8
16941,65,58,7,7
16942,86,76,10,10
16943,107,103,4,4
16944,84,86,-2,2
16945,136,125,11,11
16946,82,83,-1,1
16947,52,62,-10,10
16948,103,121,-18,18
16949,102,104,-2,2
16950,126,124,2,2
16951,185,173,12,12
16952,143,138,5,5
16953,48,66,-18,18
16954,142,126,16,16
16955,58,70,-12,12
16956,164,160,4,4
16957,95,100,-5,5
16958,191,190,1,1
16959,115,125,-10,10
16960,58,59,-1,1
16961,121,123,-2,2
16962,101,96,5,5
16963,79,84,-5,5
16964,84,92,-8,8
16965,69,72,-3,3
16966,153,141,12,12
16967,67,75,-8,8
16968,69,78,-9,9
16969,71,70,1,1
16970,94,96,-2,2
16971,110,113,-3,3
16972,105,107,-2,2
16973,88,99,-11,11
16974,93,91,2,2
16975,70,67,3,3
16976,65,75,-10,10
16977,62,65,-3,3
16978,120,113,7,7
16979,55,46,9,9
16980,73,77,-4,4
16981,102,97,5,5
16982,71,75,-4,4
16983,111,119,-8,8
16984,156,156,0,0
16985,89,91,-2,2
16986,67,67,0,0
16987,71,78,-7,7
16988,71,71,0,0
16989,108,110,-2,2
16990,72,74,-2,2
16991,80,79,1,1
16992,104,98,6,6
16993,111,103,8,8
16994,58,61,-3,3
16995,68,68,0,0
16996,92,95,-3,3
16997,161,155,6,6
16998,107,99,8,8
16999,66,80,-14,14
17000,76,84,-8,8
17001,105,102,3,3
17002,140,125,15,15
17003,77,77,0,0
17004,70,73,-3,3
17005,133,132,1,1
17006,50,56,-6,6
17007,66,69,-3,3
17008,60,63,-3,3
17009,72,81,-9,9
17010,123,128,-5,5
17011,88,86,2,2
17012,110,107,3,3
17013,94,95,-1,1
17014,88,93,-5,5
17015,82,79,3,3
17016,107,118,-11,11
17017,69,66,3,3
17018,85,89,-4,4
17019,81,81,0,0
17020,57,65,-8,8
17021,124,115,9,9
17022,126,133,-7,7
17023,59,51,8,8
17024,78,75,3,3
17025,112,118,-6,6
17026,87,101,-14,14
17027,101,118,-17,17
17028,101,105,-4,4
17029,150,154,-4,4
17030,135,120,15,15
17031,146,147,-1,1
17032,61,65,-4,4
17033,103,104,-1,1
17034,134,121,13,13
17035,68,80,-12,12
17036,84,75,9,9
17037,59,65,-6,6
17038,115,110,5,5
17039,98,79,19,19
17040,118,137,-19,19
17041,97,99,-2,2
17042,94,104,-10,10
17043,143,134,9,9
17044,119,116,3,3
17045,82,98,-16,16
17046,86,89,-3,3
17047,79,85,-6,6
17048,178,171,7,7
17049,151,131,20,20
17050,133,131,2,2
17051,71,67,4,4
17052,56,62,-6,6
17053,61,67,-6,6
17054,69,71,-2,2
17055,95,102,-7,7
17056,98,95,3,3
17057,88,86,2,2
17058,86,89,-3,3
17059,79,81,-2,2
17060,77,73,4,4
17061,88,103,-15,15
17062,110,108,2,2
17063,138,147,-9,9
17064,98,114,-16,16
17065,99,99,0,0
17066,73,76,-3,3
17067,143,142,1,1
17068,44,51,-7,7
17069,136,130,6,6
17070,150,136,14,14
17071,125,130,-5,5
17072,134,128,6,6
17073,93,105,-12,12
17074,107,105,2,2
17075,38,54,-16,16
17076,133,152,-19,19
17077,151,153,-2,2
17078,104,115,-11,11
17079,83,80,3,3
17080,124,111,13,13
17081,161,162,-1,1
17082,72,69,3,3
17083,77,83,-6,6
17084,111,111,0,0
17085,107,112,-5,5
17086,107,107,0,0
17087,98,98,0,0
17088,168,166,2,2
17089,100,96,4,4
17090,70,77,-7,7
17091,68,66,2,2
17092,74,68,6,6
17093,129,132,-3,3
17094,121,121,0,0
17095,69,67,2,2
17096,121,114,7,7
17097,103,105,-2,2
17098,187,189,-2,2
17099,61,59,2,2
17100,81,75,6,6
17101,117,132,-15,15
17102,46,69,-23,23
17103,77,76,1,1
17104,85,86,-1,1
17105,47,51,-4,4
17106,81,78,3,3
17107,99,89,10,10
17108,152,173,-21,21
17109,58,71,-13,13
17110,45,60,-15,15
17111,87,93,-6,6
17112,100,85,15,15
17113,41,56,-15,15
17114,184,147,37,37
17115,72,74,-2,2
17116,38,39,-1,1
17117,79,103,-24,24
17118,98,91,7,7
17119,71,74,-3,3
17120,62,65,-3,3
17121,90,86,4,4
17122,97,86,11,11
17123,52,58,-6,6
17124,74,60,14,14
17125,154,148,6,6
17126,99,96,3,3
17127,44,49,-5,5
17128,85,85,0,0
17129,128,127,1,1
17130,128,118,10,10
17131,78,83,-5,5
17132,62,65,-3,3
17133,112,127,-15,15
17134,63,71,-8,8
17135,88,84,4,4
17136,51,53,-2,2
17137,129,126,3,3
17138,65,67,-2,2
17139,56,55,1,1
17140,102,103,-1,1
17141,87,84,3,3
17142,129,126,3,3
17143,61,65,-4,4
17144,79,80,-1,1
17145,57,68,-11,11
17146,171,164,7,7
17147,90,84,6,6
17148,96,93,3,3
17149,91,92,-1,1
17150,47,52,-5,5
17151,87,104,-17,17
17152,86,109,-23,23
17153,133,137,-4,4
17154,133,138,-5,5
17155,89,97,-8,8
17156,64,59,5,5
17157,54,63,-9,9
17158,99,116,-17,17
17159,91,90,1,1
17160,76,84,-8,8
17161,75,74,1,1
17162,72,62,10,10
17163,107,116,-9,9
17164,39,44,-5,5
17165,99,93,6,6
17166,121,111,10,10
17167,89,85,4,4
17168,132,129,3,3
17169,108,121,-13,13
17170,84,75,9,9
17171,104,100,4,4
17172,68,60,8,8
17173,55,59,-4,4
17174,74,65,9,9
17175,85,95,-10,10
17176,63,66,-3,3
17177,77,72,5,5
17178,103,106,-3,3
17179,66,69,-3,3
17180,77,73,4,4
17181,112,103,9,9
17182,127,144,-17,17
17183,100,108,-8,8
17184,59,66,-7,7
17185,111,96,15,15
17186,29,49,-20,20
17187,77,68,9,9
17188,98,105,-7,7
17189,108,108,0,0
17190,196,193,3,3
17191,79,79,0,0
17192,150,145,5,5
17193,99,96,3,3
17194,73,73,0,0
17195,75,73,2,2
17196,62,90,-28,28
17197,77,76,1,1
17198,100,90,10,10
17199,139,125,14,14
17200,80,88,-8,8
17201,151,125,26,26
17202,125,120,5,5
17203,70,77,-7,7
17204,141,126,15,15
17205,76,88,-12,12
17206,74,85,-11,11
17207,108,110,-2,2
17208,146,133,13,13
17209,65,65,0,0
17210,92,89,3,3
17211,98,99,-1,1
17212,112,128,-16,16
17213,155,137,18,18
17214,109,110,-1,1
17215,127,136,-9,9
17216,40,56,-16,16
17217,106,126,-20,20
17218,106,118,-12,12
17219,68,61,7,7
17220,73,76,-3,3
17221,69,69,0,0
17222,93,79,14,14
17223,95,101,-6,6
17224,99,100,-1,1
17225,108,100,8,8
17226,77,60,17,17
17227,76,83,-7,7
17228,102,108,-6,6
17229,117,121,-4,4
17230,88,84,4,4
17231,82,83,-1,1
17232,99,98,1,1
17233,147,134,13,13
17234,66,67,-1,1
17235,79,67,12,12
17236,62,73,-11,11
17237,175,163,12,12
17238,101,103,-2,2
17239,64,67,-3,3
17240,74,76,-2,2
17241,72,91,-19,19
17242,64,66,-2,2
17243,73,71,2,2
17244,48,68,-20,20
17245,186,171,15,15
17246,100,126,-26,26
17247,120,113,7,7
17248,53,67,-14,14
17249,120,116,4,4
17250,98,107,-9,9
17251,34,44,-10,10
17252,97,70,27,27
17253,118,117,1,1
17254,128,122,6,6
17255,90,86,4,4
17256,63,65,-2,2
17257,160,137,23,23
17258,177,135,42,42
17259,185,169,16,16
17260,104,104,0,0
17261,68,61,7,7
17262,119,118,1,1
17263,110,99,11,11
17264,67,67,0,0
17265,56,66,-10,10
17266,160,141,19,19
17267,103,127,-24,24
17268,68,69,-1,1
17269,112,124,-12,12
17270,75,81,-6,6
17271,101,110,-9,9
17272,89,112,-23,23
17273,57,65,-8,8
17274,65,69,-4,4
17275,95,96,-1,1
17276,93,91,2,2
17277,100,97,3,3
17278,127,132,-5,5
17279,105,96,9,9
17280,58,52,6,6
17281,70,74,-4,4
17282,146,146,0,0
17283,90,91,-1,1
17284,75,78,-3,3
17285,92,95,-3,3
17286,122,113,9,9
17287,77,77,0,0
17288,50,60,-10,10
17289,69,76,-7,7
17290,36,46,-10,10
17291,97,86,11,11
17292,81,89,-8,8
17293,127,133,-6,6
17294,142,135,7,7
17295,98,104,-6,6
17296,91,81,10,10
17297,84,87,-3,3
17298,94,88,6,6
17299,71,94,-23,23
17300,87,81,6,6
17301,109,100,9,9
17302,58,54,4,4
17303,63,69,-6,6
17304,65,68,-3,3
17305,45,52,-7,7
17306,87,74,13,13
17307,64,74,-10,10
17308,82,85,-3,3
17309,156,139,17,17
17310,138,123,15,15
17311,76,77,-1,1
17312,134,110,24,24
17313,115,117,-2,2
17314,92,91,1,1
17315,126,118,8,8
17316,103,107,-4,4
17317,56,55,1,1
17318,125,145,-20,20
17319,108,97,11,11
17320,69,71,-2,2
17321,151,150,1,1
17322,88,99,-11,11
17323,101,92,9,9
17324,165,167,-2,2
17325,151,139,12,12
17326,82,80,2,2
17327,65,69,-4,4
17328,93,94,-1,1
17329,102,101,1,1
17330,71,77,-6,6
17331,66,74,-8,8
17332,101,111,-10,10
17333,109,102,7,7
17334,67,61,6,6
17335,150,148,2,2
17336,71,55,16,16
17337,93,105,-12,12
17338,106,111,-5,5
17339,127,122,5,5
17340,167,167,0,0
17341,67,79,-12,12
17342,137,137,0,0
17343,90,88,2,2
17344,48,56,-8,8
17345,79,80,-1,1
17346,72,76,-4,4
17347,139,126,13,13
17348,81,83,-2,2
17349,124,123,1,1
17350,114,109,5,5
17351,75,75,0,0
17352,73,74,-1,1
17353,90,80,10,10
17354,156,138,18,18
17355,107,103,4,4
17356,88,82,6,6
17357,135,146,-11,11
17358,120,111,9,9
17359,55,66,-11,11
17360,58,69,-11,11
17361,104,117,-13,13
17362,53,53,0,0
17363,65,63,2,2
17364,71,72,-1,1
17365,36,74,-38,38
17366,135,130,5,5
17367,159,148,11,11
17368,118,105,13,13
17369,93,65,28,28
17370,91,85,6,6
17371,66,73,-7,7
17372,68,63,5,5
17373,81,80,1,1
17374,138,144,-6,6
17375,68,67,1,1
17376,128,135,-7,7
17377,97,102,-5,5
17378,83,92,-9,9
17379,194,174,20,20
17380,63,71,-8,8
17381,68,62,6,6
17382,68,75,-7,7
17383,89,96,-7,7
17384,103,97,6,6
17385,113,120,-7,7
17386,95,95,0,0
17387,93,99,-6,6
17388,68,74,-6,6
17389,57,54,3,3
17390,58,73,-15,15
17391,174,159,15,15
17392,71,69,2,2
17393,106,86,20,20
17394,63,65,-2,2
17395,63,65,-2,2
17396,126,114,12,12
17397,104,103,1,1
17398,83,87,-4,4
17399,80,77,3,3
17400,175,170,5,5
17401,77,97,-20,20
17402,146,155,-9,9
17403,78,79,-1,1
17404,114,103,11,11
17405,86,102,-16,16
17406,149,160,-11,11
17407,170,166,4,4
17408,121,110,11,11
17409,61,66,-5,5
17410,64,59,5,5
17411,67,67,0,0
17412,99,107,-8,8
17413,185,173,12,12
17414,56,60,-4,4
17415,99,98,1,1
17416,75,82,-7,7
17417,85,73,12,12
17418,92,92,0,0
17419,91,94,-3,3
17420,80,71,9,9
17421,56,69,-13,13
17422,80,79,1,1
17423,135,136,-1,1
17424,98,125,-27,27
17425,150,157,-7,7
17426,53,59,-6,6
17427,106,104,2,2
17428,74,76,-2,2
17429,196,164,32,32
17430,88,82,6,6
17431,47,48,-1,1
17432,101,111,-10,10
17433,110,110,0,0
17434,116,108,8,8
17435,96,107,-11,11
17436,65,64,1,1
17437,55,58,-3,3
17438,140,136,4,4
17439,94,96,-2,2
17440,89,79,10,10
17441,101,99,2,2
17442,80,78,2,2
17443,112,112,0,0
17444,106,113,-7,7
17445,103,114,-11,11
17446,60,70,-10,10
17447,95,100,-5,5
17448,87,98,-11,11
17449,45,55,-10,10
17450,92,94,-2,2
17451,108,97,11,11
17452,98,102,-4,4
17453,62,66,-4,4
17454,107,99,8,8
17455,74,80,-6,6
17456,137,127,10,10
17457,75,71,4,4
17458,66,66,0,0
17459,100,90,10,10
17460,129,136,-7,7
17461,79,79,0,0
17462,111,107,4,4
17463,88,93,-5,5
17464,63,74,-11,11
17465,95,95,0,0
17466,74,73,1,1
17467,108,105,3,3
17468,115,111,4,4
17469,96,105,-9,9
17470,146,139,7,7
17471,178,171,7,7
17472,171,175,-4,4
17473,171,181,-10,10
17474,151,160,-9,9
17475,90,90,0,0
17476,94,81,13,13
17477,89,79,10,10
17478,71,70,1,1
17479,223,185,38,38
17480,66,68,-2,2
17481,116,119,-3,3
17482,69,77,-8,8
17483,153,149,4,4
17484,48,61,-13,13
17485,83,76,7,7
17486,177,166,11,11
17487,70,58,12,12
17488,80,81,-1,1
17489,77,80,-3,3
17490,69,66,3,3
17491,81,75,6,6
17492,115,107,8,8
17493,96,98,-2,2
17494,94,79,15,15
17495,46,54,-8,8
17496,88,109,-21,21
17497,90,83,7,7
17498,89,92,-3,3
17499,65,72,-7,7
17500,78,76,2,2
17501,76,83,-7,7
17502,116,94,22,22
17503,127,124,3,3
17504,146,135,11,11
17505,89,104,-15,15
17506,42,59,-17,17
17507,73,57,16,16
17508,61,68,-7,7
17509,79,74,5,5
17510,105,99,6,6
17511,64,66,-2,2
17512,115,109,6,6
17513,66,62,4,4
17514,75,73,2,2
17515,82,84,-2,2
17516,46,64,-18,18
17517,106,110,-4,4
17518,74,79,-5,5
17519,58,70,-12,12
17520,89,90,-1,1
17521,76,71,5,5
17522,90,83,7,7
17523,108,105,3,3
17524,89,102,-13,13
17525,75,72,3,3
17526,98,95,3,3
17527,87,80,7,7
17528,65,72,-7,7
17529,121,114,7,7
17530,63,67,-4,4
17531,139,145,-6,6
17532,80,77,3,3
17533,75,68,7,7
17534,64,68,-4,4
17535,48,50,-2,2
17536,115,111,4,4
17537,82,85,-3,3
17538,120,127,-7,7
17539,141,144,-3,3
17540,67,54,13,13
17541,48,63,-15,15
17542,117,109,8,8
17543,173,165,8,8
17544,74,85,-11,11
17545,53,47,6,6
17546,33,41,-8,8
17547,79,90,-11,11
17548,76,71,5,5
17549,119,104,15,15
17550,139,136,3,3
17551,77,71,6,6
17552,115,118,-3,3
17553,67,76,-9,9
17554,105,94,11,11
17555,127,119,8,8
17556,84,82,2,2
17557,106,108,-2,2
17558,79,85,-6,6
17559,96,99,-3,3
17560,82,84,-2,2
17561,146,132,14,14
17562,98,100,-2,2
17563,116,113,3,3
17564,42,51,-9,9
17565,82,92,-10,10
17566,71,68,3,3
17567,103,98,5,5
17568,60,64,-4,4
17569,86,84,2,2
17570,137,128,9,9
17571,105,101,4,4
17572,68,78,-10,10
17573,94,102,-8,8
17574,190,162,28,28
17575,61,58,3,3
17576,112,98,14,14
17577,72,63,9,9
17578,137,120,17,17
17579,85,85,0,0
17580,190,180,10,10
17581,145,161,-16,16
17582,100,104,-4,4
17583,143,137,6,6
17584,81,78,3,3
17585,58,67,-9,9
17586,79,89,-10,10
17587,119,115,4,4
17588,63,67,-4,4
17589,106,108,-2,2
17590,111,112,-1,1
17591,90,98,-8,8
17592,134,144,-10,10
17593,129,118,11,11
17594,67,65,2,2
17595,128,125,3,3
17596,43,49,-6,6
17597,58,63,-5,5
17598,123,134,-11,11
17599,63,62,1,1
17600,61,70,-9,9
17601,74,67,7,7
17602,117,111,6,6
17603,132,110,22,22
17604,73,67,6,6
17605,127,131,-4,4
17606,170,172,-2,2
17607,101,101,0,0
17608,118,113,5,5
17609,73,65,8,8
17610,82,88,-6,6
17611,100,98,2,2
17612,62,59,3,3
17613,80,74,6,6
17614,50,58,-8,8
17615,68,73,-5,5
17616,163,160,3,3
17617,49,57,-8,8
17618,75,77,-2,2
17619,133,118,15,15
17620,115,104,11,11
17621,102,113,-11,11
17622,74,76,-2,2
17623,161,141,20,20
17624,130,131,-1,1
17625,122,106,16,16
17626,109,109,0,0
17627,120,125,-5,5
17628,72,53,19,19
17629,90,98,-8,8
17630,80,92,-12,12
17631,103,113,-10,10
17632,134,138,-4,4
17633,93,98,-5,5
17634,82,79,3,3
17635,184,166,18,18
17636,84,83,1,1
17637,62,63,-1,1
17638,65,61,4,4
17639,68,67,1,1
17640,118,121,-3,3
17641,81,85,-4,4
17642,116,123,-7,7
17643,116,112,4,4
17644,85,84,1,1
17645,55,61,-6,6
17646,91,90,1,1
17647,79,86,-7,7
17648,24,48,-24,24
17649,155,152,3,3
17650,97,84,13,13
17651,69,69,0,0
17652,105,111,-6,6
17653,158,154,4,4
17654,129,132,-3,3
17655,115,108,7,7
17656,92,109,-17,17
17657,82,91,-9,9
17658,100,94,6,6
17659,66,63,3,3
17660,46,53,-7,7
17661,141,150,-9,9
17662,128,120,8,8
17663,101,85,16,16
17664,103,99,4,4
17665,75,80,-5,5
17666,125,121,4,4
17667,50,55,-5,5
17668,67,73,-6,6
17669,91,99,-8,8
17670,95,95,0,0
17671,133,132,1,1
17672,124,116,8,8
17673,59,56,3,3
17674,138,139,-1,1
17675,132,129,3,3
17676,109,112,-3,3
17677,72,79,-7,7
17678,84,85,-1,1
17679,107,104,3,3
17680,73,87,-14,14
17681,76,80,-4,4
17682,122,116,6,6
17683,107,119,-12,12
17684,38,45,-7,7
17685,127,119,8,8
17686,82,85,-3,3
17687,189,168,21,21
17688,115,119,-4,4
17689,100,97,3,3
17690,70,63,7,7
17691,81,59,22,22
17692,150,161,-11,11
17693,94,104,-10,10
17694,88,82,6,6
17695,81,87,-6,6
17696,148,134,14,14
17697,75,90,-15,15
17698,90,91,-1,1
17699,124,127,-3,3
17700,46,54,-8,8
17701,103,106,-3,3
17702,101,90,11,11
17703,93,91,2,2
17704,105,111,-6,6
17705,91,88,3,3
17706,138,126,12,12
17707,85,92,-7,7
17708,102,96,6,6
17709,72,75,-3,3
17710,81,78,3,3
17711,118,120,-2,2
17712,114,128,-14,14
17713,118,113,5,5
17714,79,77,2,2
17715,149,142,7,7
17716,74,71,3,3
17717,46,53,-7,7
17718,76,66,10,10
17719,80,84,-4,4
17720,124,133,-9,9
17721,126,132,-6,6
17722,57,59,-2,2
17723,91,101,-10,10
17724,206,193,13,13
17725,122,114,8,8
17726,89,97,-8,8
17727,108,110,-2,2
17728,170,156,14,14
17729,89,90,-1,1
17730,90,83,7,7
17731,85,93,-8,8
17732,80,66,14,14
17733,105,95,10,10
17734,84,76,8,8
17735,97,100,-3,3
17736,60,66,-6,6
17737,39,54,-15,15
17738,103,105,-2,2
17739,122,118,4,4
17740,105,103,2,2
17741,72,82,-10,10
17742,72,77,-5,5
17743,126,122,4,4
17744,113,97,16,16
17745,88,90,-2,2
17746,121,117,4,4
17747,88,88,0,0
17748,72,71,1,1
17749,65,76,-11,11
17750,74,79,-5,5
17751,112,126,-14,14
17752,53,59,-6,6
17753,138,130,8,8
17754,108,116,-8,8
17755,65,61,4,4
17756,72,78,-6,6
17757,122,111,11,11
17758,48,52,-4,4
17759,93,90,3,3
17760,124,124,0,0
17761,92,91,1,1
17762,66,69,-3,3
17763,69,72,-3,3
17764,144,157,-13,13
17765,103,106,-3,3
17766,96,93,3,3
17767,107,114,-7,7
17768,129,110,19,19
17769,60,62,-2,2
17770,72,75,-3,3
17771,53,58,-5,5
17772,117,101,16,16
17773,109,117,-8,8
17774,73,68,5,5
17775,121,114,7,7
17776,193,174,19,19
17777,69,81,-12,12
17778,80,78,2,2
17779,135,119,16,16
17780,47,51,-4,4
17781,75,71,4,4
17782,135,150,-15,15
17783,97,97,0,0
17784,76,80,-4,4
17785,108,112,-4,4
17786,110,115,-5,5
17787,87,92,-5,5
17788,59,61,-2,2
17789,163,160,3,3
17790,80,84,-4,4
17791,169,145,24,24
17792,91,102,-11,11
17793,122,120,2,2
17794,97,98,-1,1
17795,63,70,-7,7
17796,139,143,-4,4
17797,76,74,2,2
17798,80,82,-2,2
17799,79,69,10,10
17800,112,111,1,1
17801,94,98,-4,4
17802,103,93,10,10
17803,53,68,-15,15
17804,70,74,-4,4
17805,156,156,0,0
17806,29,58,-29,29
17807,128,130,-2,2
17808,125,104,21,21
17809,126,111,15,15
17810,50,61,-11,11
17811,152,156,-4,4
17812,195,162,33,33
17813,76,84,-8,8
17814,87,69,18,18
17815,80,74,6,6
17816,66,70,-4,4
17817,72,82,-10,10
17818,104,106,-2,2
17819,67,71,-4,4
17820,109,112,-3,3
17821,146,134,12,12
17822,59,72,-13,13
17823,78,71,7,7
17824,73,72,1,1
17825,139,137,2,2
17826,103,95,8,8
17827,112,124,-12,12
17828,99,88,11,11
17829,68,71,-3,3
17830,53,77,-24,24
17831,152,127,25,25
17832,55,57,-2,2
17833,96,102,-6,6
17834,78,77,1,1
17835,69,89,-20,20
17836,54,57,-3,3
17837,118,98,20,20
17838,120,110,10,10
17839,45,66,-21,21
17840,94,94,0,0
17841,141,136,5,5
17842,81,90,-9,9
17843,85,89,-4,4
17844,100,105,-5,5
17845,104,99,5,5
17846,189,169,20,20
17847,79,68,11,11
17848,98,102,-4,4
17849,53,61,-8,8
17850,139,125,14,14
17851,96,115,-19,19
17852,75,78,-3,3
17853,74,81,-7,7
17854,142,148,-6,6
17855,135,153,-18,18
17856,40,40,0,0
17857,176,164,12,12
17858,55,61,-6,6
17859,70,79,-9,9
17860,71,74,-3,3
17861,55,72,-17,17
17862,168,170,-2,2
17863,146,145,1,1
17864,111,117,-6,6
17865,117,101,16,16
17866,64,64,0,0
17867,106,98,8,8
17868,110,91,19,19
17869,79,81,-2,2
17870,95,99,-4,4
17871,121,117,4,4
17872,129,134,-5,5
17873,98,90,8,8
17874,60,60,0,0
17875,53,58,-5,5
17876,121,118,3,3
17877,112,126,-14,14
17878,54,63,-9,9
17879,76,78,-2,2
17880,126,146,-20,20
17881,131,124,7,7
17882,45,51,-6,6
17883,135,133,2,2
17884,95,88,7,7
17885,80,71,9,9
17886,96,101,-5,5
17887,143,136,7,7
17888,59,64,-5,5
17889,140,147,-7,7
17890,73,73,0,0
17891,109,128,-19,19
17892,116,128,-12,12
17893,42,52,-10,10
17894,44,49,-5,5
17895,151,140,11,11
17896,109,123,-14,14
17897,106,97,9,9
17898,131,109,22,22
17899,139,137,2,2
17900,77,67,10,10
17901,127,121,6,6
17902,79,98,-19,19
17903,140,138,2,2
17904,63,64,-1,1
17905,121,126,-5,5
17906,65,61,4,4
17907,146,154,-8,8
17908,110,94,16,16
17909,101,105,-4,4
17910,35,46,-11,11
17911,105,108,-3,3
17912,154,171,-17,17
17913,72,68,4,4
17914,98,101,-3,3
17915,126,126,0,0
17916,142,132,10,10
17917,98,117,-19,19
17918,82,90,-8,8
17919,86,65,21,21
17920,79,70,9,9
17921,111,100,11,11
17922,74,71,3,3
17923,58,62,-4,4
17924,48,42,6,6
17925,74,76,-2,2
17926,123,128,-5,5
17927,40,45,-5,5
17928,80,68,12,12
17929,63,51,12,12
17930,115,96,19,19
17931,107,108,-1,1
17932,80,71,9,9
17933,85,89,-4,4
17934,166,155,11,11
17935,71,80,-9,9
17936,56,62,-6,6
17937,48,57,-9,9
17938,96,79,17,17
17939,54,56,-2,2
17940,124,123,1,1
17941,92,90,2,2
17942,51,52,-1,1
17943,62,69,-7,7
17944,89,86,3,3
17945,141,121,20,20
17946,87,75,12,12
17947,75,81,-6,6
17948,81,81,0,0
17949,65,82,-17,17
17950,90,84,6,6
17951,85,76,9,9
17952,71,70,1,1
17953,61,67,-6,6
17954,104,100,4,4
17955,98,110,-12,12
17956,68,70,-2,2
17957,77,72,5,5
17958,90,83,7,7
17959,71,79,-8,8
17960,59,70,-11,11
17961,109,102,7,7
17962,105,108,-3,3
17963,175,168,7,7
17964,83,91,-8,8
17965,139,119,20,20
17966,68,69,-1,1
17967,88,92,-4,4
17968,75,78,-3,3
17969,104,115,-11,11
17970,126,115,11,11
17971,91,98,-7,7
17972,94,99,-5,5
17973,89,95,-6,6
17974,41,55,-14,14
17975,91,102,-11,11
17976,81,88,-7,7
17977,72,70,2,2
17978,146,140,6,6
17979,80,85,-5,5
17980,141,128,13,13
17981,104,104,0,0
17982,111,107,4,4
17983,115,123,-8,8
17984,67,64,3,3
17985,132,128,4,4
17986,118,118,0,0
17987,79,75,4,4
17988,67,77,-10,10
17989,158,126,32,32
17990,90,86,4,4
17991,78,83,-5,5
17992,52,49,3,3
17993,67,70,-3,3
17994,57,60,-3,3
17995,93,101,-8,8
17996,73,71,2,2
17997,100,99,1,1
17998,150,130,20,20
17999,68,63,5,5
18000,74,82,-8,8
18001,100,107,-7,7
18002,92,109,-17,17
18003,101,108,-7,7
18004,96,86,10,10
18005,161,149,12,12
18006,71,72,-1,1
18007,97,100,-3,3
18008,62,68,-6,6
18009,70,73,-3,3
18010,106,103,3,3
18011,67,74,-7,7
18012,56,70,-14,14
18013,75,71,4,4
18014,47,52,-5,5
18015,78,76,2,2
18016,62,64,-2,2
18017,68,64,4,4
18018,106,88,18,18
18019,125,117,8,8
18020,84,91,-7,7
18021,107,96,11,11
18022,63,60,3,3
18023,76,89,-13,13
18024,98,91,7,7
18025,139,124,15,15
18026,94,97,-3,3
18027,142,117,25,25
18028,121,123,-2,2
18029,79,78,1,1
18030,123,133,-10,10
18031,82,86,-4,4
18032,174,165,9,9
18033,116,126,-10,10
18034,51,66,-15,15
18035,157,148,9,9
18036,57,58,-1,1
18037,71,62,9,9
18038,30,43,-13,13
18039,102,105,-3,3
18040,140,140,0,0
18041,156,157,-1,1
18042,44,51,-7,7
18043,157,152,5,5
18044,91,94,-3,3
18045,111,113,-2,2
18046,107,80,27,27
18047,83,86,-3,3
18048,83,77,6,6
18049,103,104,-1,1
18050,84,81,3,3
18051,79,82,-3,3
18052,119,100,19,19
18053,66,74,-8,8
18054,34,30,4,4
18055,134,126,8,8
18056,108,107,1,1
18057,60,75,-15,15
18058,33,48,-15,15
18059,105,108,-3,3
18060,71,79,-8,8
18061,92,104,-12,12
18062,62,61,1,1
18063,54,57,-3,3
18064,85,90,-5,5
18065,154,142,12,12
18066,109,112,-3,3
18067,120,134,-14,14
18068,55,57,-2,2
18069,102,116,-14,14
18070,58,57,1,1
18071,34,45,-11,11
18072,91,87,4,4
18073,110,100,10,10
18074,117,112,5,5
18075,102,125,-23,23
18076,95,94,1,1
18077,38,50,-12,12
18078,88,88,0,0
18079,107,106,1,1
18080,113,129,-16,16
18081,58,63,-5,5
18082,56,65,-9,9
18083,68,75,-7,7
18084,59,66,-7,7
18085,169,173,-4,4
18086,70,66,4,4
18087,117,116,1,1
18088,84,82,2,2
18089,150,153,-3,3
18090,123,135,-12,12
18091,72,76,-4,4
18092,108,115,-7,7
18093,87,80,7,7
18094,123,138,-15,15
18095,79,87,-8,8
18096,112,131,-19,19
18097,77,71,6,6
18098,123,119,4,4
18099,109,110,-1,1
18100,82,73,9,9
18101,57,38,19,19
18102,120,108,12,12
18103,117,131,-14,14
18104,53,60,-7,7
18105,72,74,-2,2
18106,90,78,12,12
18107,92,109,-17,17
18108,88,81,7,7
18109,55,76,-21,21
18110,62,61,1,1
18111,108,102,6,6
18112,85,89,-4,4
18113,66,83,-17,17
18114,165,174,-9,9
18115,124,141,-17,17
18116,75,84,-9,9
18117,54,58,-4,4
18118,141,134,7,7
18119,67,69,-2,2
18120,94,100,-6,6
18121,102,90,12,12
18122,119,129,-10,10
18123,53,60,-7,7
18124,122,131,-9,9
18125,60,63,-3,3
18126,88,91,-3,3
18127,101,102,-1,1
18128,64,61,3,3
18129,48,66,-18,18
18130,75,70,5,5
18131,53,77,-24,24
18132,123,118,5,5
18133,90,79,11,11
18134,137,148,-11,11
18135,95,95,0,0
18136,88,103,-15,15
18137,106,118,-12,12
18138,155,150,5,5
18139,75,61,14,14
18140,62,64,-2,2
18141,91,79,12,12
18142,58,57,1,1
18143,51,61,-10,10
18144,120,126,-6,6
18145,94,98,-4,4
18146,112,110,2,2
18147,84,99,-15,15
18148,67,71,-4,4
18149,83,88,-5,5
18150,162,171,-9,9
18151,122,122,0,0
18152,36,46,-10,10
18153,127,133,-6,6
18154,75,104,-29,29
18155,119,104,15,15
18156,147,152,-5,5
18157,105,104,1,1
18158,55,66,-11,11
18159,90,89,1,1
18160,57,55,2,2
18161,100,110,-10,10
18162,63,52,11,11
18163,58,64,-6,6
18164,140,137,3,3
18165,107,109,-2,2
18166,71,73,-2,2
18167,145,163,-18,18
18168,64,75,-11,11
18169,94,85,9,9
18170,71,68,3,3
18171,68,69,-1,1
18172,109,102,7,7
18173,67,69,-2,2
18174,81,82,-1,1
18175,101,95,6,6
18176,135,132,3,3
18177,60,60,0,0
18178,154,146,8,8
18179,131,127,4,4
18180,97,102,-5,5
18181,65,66,-1,1
18182,132,124,8,8
18183,95,97,-2,2
18184,97,90,7,7
18185,122,115,7,7
18186,80,76,4,4
18187,89,88,1,1
18188,97,88,9,9
18189,106,105,1,1
18190,101,89,12,12
18191,116,122,-6,6
18192,70,90,-20,20
18193,44,51,-7,7
18194,149,132,17,17
18195,95,96,-1,1
18196,79,82,-3,3
18197,114,113,1,1
18198,77,73,4,4
18199,121,101,20,20
18200,80,79,1,1
18201,117,116,1,1
18202,150,149,1,1
18203,85,77,8,8
18204,72,90,-18,18
18205,112,106,6,6
18206,91,93,-2,2
18207,61,63,-2,2
18208,126,124,2,2
18209,78,87,-9,9
18210,129,121,8,8
18211,71,73,-2,2
18212,72,82,-10,10
18213,166,162,4,4
18214,134,127,7,7
18215,36,36,0,0
18216,63,65,-2,2
18217,73,71,2,2
18218,88,88,0,0
18219,88,96,-8,8
18220,113,115,-2,2
18221,138,134,4,4
18222,88,73,15,15
18223,127,140,-13,13
18224,216,178,38,38
18225,108,114,-6,6
18226,137,141,-4,4
18227,66,80,-14,14
18228,68,72,-4,4
18229,100,92,8,8
18230,50,59,-9,9
18231,130,126,4,4
18232,100,103,-3,3
18233,201,180,21,21
18234,53,57,-4,4
18235,65,67,-2,2
18236,60,59,1,1
18237,177,169,8,8
18238,88,80,8,8
18239,64,67,-3,3
18240,141,144,-3,3
18241,87,95,-8,8
18242,144,142,2,2
18243,118,100,18,18
18244,84,86,-2,2
18245,80,90,-10,10
18246,131,137,-6,6
18247,61,62,-1,1
18248,93,94,-1,1
18249,78,91,-13,13
18250,58,60,-2,2
18251,99,91,8,8
18252,107,97,10,10
18253,119,112,7,7
18254,104,113,-9,9
18255,87,88,-1,1
18256,88,81,7,7
18257,131,130,1,1
18258,126,134,-8,8
18259,125,110,15,15
18260,99,110,-11,11
18261,127,129,-2,2
18262,34,47,-13,13
18263,77,68,9,9
18264,88,90,-2,2
18265,106,127,-21,21
18266,104,100,4,4
18267,78,92,-14,14
18268,78,88,-10,10
18269,211,184,27,27
18270,68,45,23,23
18271,110,94,16,16
18272,86,77,9,9
18273,102,105,-3,3
18274,82,78,4,4
18275,57,59,-2,2
18276,106,108,-2,2
18277,52,60,-8,8
18278,60,59,1,1
18279,78,79,-1,1
18280,66,59,7,7
18281,134,129,5,5
18282,61,60,1,1
18283,88,89,-1,1
18284,95,102,-7,7
18285,79,83,-4,4
18286,109,108,1,1
18287,74,76,-2,2
18288,82,77,5,5
18289,77,79,-2,2
18290,89,90,-1,1
18291,115,106,9,9
18292,64,68,-4,4
18293,143,147,-4,4
18294,189,184,5,5
18295,27,49,-22,22
18296,82,89,-7,7
18297,127,136,-9,9
18298,121,112,9,9
18299,103,106,-3,3
18300,55,52,3,3
18301,163,153,10,10
18302,93,98,-5,5
18303,95,98,-3,3
18304,123,128,-5,5
18305,59,63,-4,4
18306,112,100,12,12
18307,76,82,-6,6
18308,77,78,-1,1
18309,62,55,7,7
18310,71,73,-2,2
18311,60,65,-5,5
18312,141,135,6,6
18313,91,98,-7,7
18314,96,93,3,3
18315,58,58,0,0
18316,93,96,-3,3
18317,165,173,-8,8
18318,199,197,2,2
18319,98,103,-5,5
18320,152,133,19,19
18321,81,72,9,9
18322,93,88,5,5
18323,122,123,-1,1
18324,83,83,0,0
18325,82,89,-7,7
18326,61,63,-2,2
18327,87,86,1,1
18328,44,229,-185,185
18329,90,96,-6,6
18330,50,44,6,6
18331,122,116,6,6
18332,82,83,-1,1
18333,101,102,-1,1
18334,93,98,-5,5
18335,132,125,7,7
18336,111,128,-17,17
18337,96,85,11,11
18338,47,56,-9,9
18339,113,120,-7,7
18340,182,174,8,8
18341,107,122,-15,15
18342,99,110,-11,11
18343,72,67,5,5
18344,84,95,-11,11
18345,55,62,-7,7
18346,154,153,1,1
18347,39,50,-11,11
18348,107,106,1,1
18349,89,94,-5,5
18350,114,84,30,30
18351,99,104,-5,5
18352,76,74,2,2
18353,61,62,-1,1
18354,112,103,9,9
18355,79,80,-1,1
18356,81,92,-11,11
18357,80,92,-12,12
18358,49,70,-21,21
18359,48,45,3,3
18360,113,112,1,1
18361,91,89,2,2
18362,76,77,-1,1
18363,144,155,-11,11
18364,67,64,3,3
18365,81,77,4,4
18366,111,94,17,17
18367,78,73,5,5
18368,53,58,-5,5
18369,77,84,-7,7
18370,71,96,-25,25
18371,76,73,3,3
18372,65,64,1,1
18373,90,95,-5,5
18374,165,152,13,13
18375,188,189,-1,1
18376,58,166,-108,108
18377,81,91,-10,10
18378,65,66,-1,1
18379,91,96,-5,5
18380,116,127,-11,11
18381,145,137,8,8
18382,111,88,23,23
18383,146,140,6,6
18384,119,115,4,4
18385,91,99,-8,8
18386,116,112,4,4
18387,48,38,10,10
18388,107,116,-9,9
18389,63,66,-3,3
18390,120,109,11,11
18391,86,87,-1,1
18392,93,86,7,7
18393,89,88,1,1
18394,95,93,2,2
18395,90,92,-2,2
18396,104,105,-1,1
18397,144,150,-6,6
18398,119,113,6,6
18399,82,70,12,12
18400,61,71,-10,10
18401,93,93,0,0
18402,142,139,3,3
18403,73,75,-2,2
18404,133,115,18,18
18405,128,128,0,0
18406,104,105,-1,1
18407,90,92,-2,2
18408,88,86,2,2
18409,65,81,-16,16
18410,102,100,2,2
18411,176,169,7,7
18412,90,100,-10,10
18413,241,219,22,22
18414,115,102,13,13
18415,69,68,1,1
18416,94,93,1,1
18417,123,113,10,10
18418,96,112,-16,16
18419,90,94,-4,4
18420,59,67,-8,8
18421,76,72,4,4
18422,72,78,-6,6
18423,70,59,11,11
18424,67,61,6,6
18425,83,84,-1,1
18426,205,184,21,21
18427,62,66,-4,4
18428,214,215,-1,1
18429,79,76,3,3
18430,142,124,18,18
18431,88,89,-1,1
18432,107,120,-13,13
18433,120,118,2,2
18434,108,111,-3,3
18435,102,97,5,5
18436,64,67,-3,3
18437,86,90,-4,4
18438,70,72,-2,2
18439,130,120,10,10
18440,97,96,1,1
18441,85,86,-1,1
18442,67,70,-3,3
18443,142,124,18,18
18444,48,54,-6,6
18445,88,89,-1,1
18446,123,120,3,3
18447,69,77,-8,8
18448,92,99,-7,7
18449,69,76,-7,7
18450,45,50,-5,5
18451,64,67,-3,3
18452,84,70,14,14
18453,131,135,-4,4
18454,78,82,-4,4
18455,32,49,-17,17
18456,85,86,-1,1
18457,100,100,0,0
18458,99,92,7,7
18459,125,123,2,2
18460,91,87,4,4
18461,196,175,21,21
18462,94,125,-31,31
18463,54,55,-1,1
18464,134,120,14,14
18465,168,168,0,0
18466,64,66,-2,2
18467,73,77,-4,4
18468,96,93,3,3
18469,82,75,7,7
18470,48,51,-3,3
18471,65,66,-1,1
18472,121,130,-9,9
18473,102,105,-3,3
18474,69,66,3,3
18475,92,101,-9,9
18476,79,75,4,4
18477,107,109,-2,2
18478,76,94,-18,18
18479,73,74,-1,1
18480,75,75,0,0
18481,150,153,-3,3
18482,149,146,3,3
18483,144,136,8,8
18484,113,117,-4,4
18485,62,68,-6,6
18486,108,112,-4,4
18487,103,113,-10,10
18488,58,57,1,1
18489,42,55,-13,13
18490,115,102,13,13
18491,58,102,-44,44
18492,115,102,13,13
18493,109,109,0,0
18494,51,52,-1,1
18495,70,73,-3,3
18496,68,83,-15,15
18497,143,101,42,42
18498,83,71,12,12
18499,116,114,2,2
18500,45,52,-7,7
18501,90,82,8,8
18502,67,72,-5,5
18503,100,84,16,16
18504,113,116,-3,3
18505,30,42,-12,12
18506,98,102,-4,4
18507,67,68,-1,1
18508,53,58,-5,5
18509,105,107,-2,2
18510,123,123,0,0
18511,57,61,-4,4
18512,125,114,11,11
18513,98,101,-3,3
18514,111,104,7,7
18515,122,121,1,1
18516,117,121,-4,4
18517,74,68,6,6
18518,84,84,0,0
18519,143,154,-11,11
18520,121,115,6,6
18521,121,112,9,9
18522,99,104,-5,5
18523,103,102,1,1
18524,104,85,19,19
18525,63,63,0,0
18526,222,209,13,13
18527,113,108,5,5
18528,88,99,-11,11
18529,122,101,21,21
18530,109,127,-18,18
18531,72,68,4,4
18532,64,65,-1,1
18533,144,125,19,19
18534,82,83,-1,1
18535,82,87,-5,5
18536,162,151,11,11
18537,112,119,-7,7
18538,62,68,-6,6
18539,78,96,-18,18
18540,48,44,4,4
18541,90,88,2,2
18542,130,116,14,14
18543,70,73,-3,3
18544,141,144,-3,3
18545,138,143,-5,5
18546,126,91,35,35
18547,71,70,1,1
18548,89,97,-8,8
18549,138,123,15,15
18550,70,66,4,4
18551,123,102,21,21
18552,72,73,-1,1
18553,107,108,-1,1
18554,58,55,3,3
18555,90,90,0,0
18556,136,147,-11,11
18557,163,159,4,4
18558,108,105,3,3
18559,83,59,24,24
18560,117,118,-1,1
18561,142,131,11,11
18562,69,74,-5,5
18563,100,88,12,12
18564,211,198,13,13
18565,148,156,-8,8
18566,82,82,0,0
18567,86,92,-6,6
18568,201,186,15,15
18569,113,114,-1,1
18570,126,132,-6,6
18571,64,65,-1,1
18572,98,99,-1,1
18573,51,53,-2,2
18574,93,105,-12,12
18575,60,63,-3,3
18576,82,80,2,2
18577,95,118,-23,23
18578,94,87,7,7
18579,81,83,-2,2
18580,111,118,-7,7
18581,63,74,-11,11
18582,55,57,-2,2
18583,142,141,1,1
18584,139,129,10,10
18585,118,103,15,15
18586,209,162,47,47
18587,73,76,-3,3
18588,103,101,2,2
18589,118,129,-11,11
18590,124,115,9,9
18591,79,97,-18,18
18592,124,114,10,10
18593,129,126,3,3
18594,91,88,3,3
18595,83,96,-13,13
18596,120,117,3,3
18597,91,84,7,7
18598,101,94,7,7
18599,117,111,6,6
18600,154,146,8,8
18601,83,85,-2,2
18602,113,113,0,0
18603,83,86,-3,3
18604,106,98,8,8
18605,47,53,-6,6
18606,63,68,-5,5
18607,99,99,0,0
18608,47,65,-18,18
18609,111,113,-2,2
18610,111,107,4,4
18611,152,148,4,4
18612,91,113,-22,22
18613,111,113,-2,2
18614,103,125,-22,22
18615,80,91,-11,11
18616,133,120,13,13
18617,83,75,8,8
18618,67,64,3,3
18619,124,123,1,1
18620,93,107,-14,14
18621,80,78,2,2
18622,64,71,-7,7
18623,74,71,3,3
18624,92,96,-4,4
18625,122,114,8,8
18626,92,107,-15,15
18627,111,114,-3,3
18628,148,130,18,18
18629,102,101,1,1
18630,101,104,-3,3
18631,89,88,1,1
18632,94,107,-13,13
18633,78,77,1,1
18634,88,81,7,7
18635,87,94,-7,7
18636,59,57,2,2
18637,75,72,3,3
18638,101,105,-4,4
18639,96,112,-16,16
18640,64,69,-5,5
18641,106,95,11,11
18642,90,86,4,4
18643,95,92,3,3
18644,107,114,-7,7
18645,95,96,-1,1
18646,78,91,-13,13
18647,124,147,-23,23
18648,142,141,1,1
18649,73,66,7,7
18650,111,110,1,1
18651,92,84,8,8
18652,205,175,30,30
18653,93,83,10,10
18654,87,101,-14,14
18655,43,53,-10,10
18656,51,48,3,3
18657,102,95,7,7
18658,85,96,-11,11
18659,152,142,10,10
18660,69,74,-5,5
18661,47,53,-6,6
18662,52,60,-8,8
18663,94,98,-4,4
18664,149,143,6,6
18665,81,69,12,12
18666,96,90,6,6
18667,88,86,2,2
18668,81,82,-1,1
18669,129,122,7,7
18670,107,133,-26,26
18671,93,85,8,8
18672,90,96,-6,6
18673,72,75,-3,3
18674,82,82,0,0
18675,73,79,-6,6
18676,102,100,2,2
18677,52,61,-9,9
18678,79,91,-12,12
18679,131,127,4,4
18680,56,61,-5,5
18681,58,57,1,1
18682,66,60,6,6
18683,58,66,-8,8
18684,76,85,-9,9
18685,83,77,6,6
18686,84,86,-2,2
18687,100,125,-25,25
18688,114,94,20,20
18689,112,117,-5,5
18690,104,97,7,7
18691,110,111,-1,1
18692,160,173,-13,13
18693,98,98,0,0
18694,122,128,-6,6
18695,39,47,-8,8
18696,120,122,-2,2
18697,84,85,-1,1
18698,64,79,-15,15
18699,87,93,-6,6
18700,102,91,11,11
18701,87,94,-7,7
18702,76,70,6,6
18703,132,134,-2,2
18704,65,63,2,2
18705,136,119,17,17
18706,87,83,4,4
18707,93,91,2,2
18708,130,117,13,13
18709,96,93,3,3
18710,93,93,0,0
18711,67,78,-11,11
18712,116,105,11,11
18713,81,91,-10,10
18714,107,122,-15,15
18715,70,46,24,24
18716,113,107,6,6
18717,78,80,-2,2
18718,93,88,5,5
18719,62,67,-5,5
18720,43,52,-9,9
18721,81,67,14,14
18722,85,89,-4,4
18723,128,116,12,12
18724,110,104,6,6
18725,37,41,-4,4
18726,66,71,-5,5
18727,56,56,0,0
18728,95,108,-13,13
18729,95,106,-11,11
18730,92,95,-3,3
18731,99,108,-9,9
18732,75,82,-7,7
18733,186,173,13,13
18734,30,44,-14,14
18735,63,66,-3,3
18736,60,55,5,5
18737,38,49,-11,11
18738,70,69,1,1
18739,85,87,-2,2
18740,71,45,26,26
18741,122,128,-6,6
18742,45,41,4,4
18743,94,90,4,4
18744,133,134,-1,1
18745,89,86,3,3
18746,85,71,14,14
18747,80,86,-6,6
18748,141,131,10,10
18749,108,118,-10,10
18750,39,64,-25,25
18751,85,103,-18,18
18752,99,107,-8,8
18753,81,73,8,8
18754,123,129,-6,6
18755,98,101,-3,3
18756,81,82,-1,1
18757,110,100,10,10
18758,64,73,-9,9
18759,75,85,-10,10
18760,59,59,0,0
18761,66,68,-2,2
18762,81,55,26,26
18763,92,91,1,1
18764,115,106,9,9
18765,129,133,-4,4
18766,99,107,-8,8
18767,72,84,-12,12
18768,91,97,-6,6
18769,69,74,-5,5
18770,80,73,7,7
18771,89,91,-2,2
18772,92,97,-5,5
18773,95,96,-1,1
18774,166,150,16,16
18775,61,59,2,2
18776,59,50,9,9
18777,42,59,-17,17
18778,53,63,-10,10
18779,101,93,8,8
18780,90,89,1,1
18781,116,109,7,7
18782,83,71,12,12
18783,89,92,-3,3
18784,121,119,2,2
18785,74,71,3,3
18786,113,115,-2,2
18787,85,88,-3,3
18788,137,145,-8,8
18789,72,87,-15,15
18790,78,78,0,0
18791,113,125,-12,12
18792,144,121,23,23
18793,54,58,-4,4
18794,74,69,5,5
18795,72,67,5,5
18796,73,76,-3,3
18797,163,151,12,12
18798,96,102,-6,6
18799,90,98,-8,8
18800,64,70,-6,6
18801,61,62,-1,1
18802,79,74,5,5
18803,118,119,-1,1
18804,70,67,3,3
18805,108,109,-1,1
18806,83,106,-23,23
18807,55,51,4,4
18808,139,140,-1,1
18809,49,54,-5,5
18810,159,151,8,8
18811,30,45,-15,15
18812,111,115,-4,4
18813,112,108,4,4
18814,149,164,-15,15
18815,104,122,-18,18
18816,166,141,25,25
18817,76,75,1,1
18818,128,137,-9,9
18819,54,57,-3,3
18820,99,98,1,1
18821,53,57,-4,4
18822,98,102,-4,4
18823,94,99,-5,5
18824,144,103,41,41
18825,47,46,1,1
18826,124,131,-7,7
18827,137,154,-17,17
18828,55,54,1,1
18829,79,73,6,6
18830,103,107,-4,4
18831,67,72,-5,5
18832,45,51,-6,6
18833,129,117,12,12
18834,33,60,-27,27
18835,108,109,-1,1
18836,68,72,-4,4
18837,165,152,13,13
18838,108,93,15,15
18839,142,121,21,21
18840,108,124,-16,16
18841,56,67,-11,11
18842,73,76,-3,3
18843,121,120,1,1
18844,139,144,-5,5
18845,124,108,16,16
18846,59,62,-3,3
18847,98,118,-20,20
18848,42,48,-6,6
18849,94,102,-8,8
18850,120,111,9,9
18851,64,69,-5,5
18852,52,59,-7,7
18853,193,180,13,13
18854,99,101,-2,2
18855,73,82,-9,9
18856,166,141,25,25
18857,116,111,5,5
18858,69,87,-18,18
18859,67,71,-4,4
18860,81,69,12,12
18861,112,109,3,3
18862,120,103,17,17
18863,67,65,2,2
18864,105,96,9,9
18865,146,131,15,15
18866,110,100,10,10
18867,90,98,-8,8
18868,94,89,5,5
18869,106,111,-5,5
18870,95,93,2,2
18871,112,113,-1,1
18872,104,99,5,5
18873,60,69,-9,9
18874,93,85,8,8
18875,171,177,-6,6
18876,57,44,13,13
18877,106,102,4,4
18878,83,95,-12,12
18879,65,62,3,3
18880,111,109,2,2
18881,117,120,-3,3
18882,71,76,-5,5
18883,46,36,10,10
18884,87,104,-17,17
18885,80,79,1,1
18886,58,63,-5,5
18887,47,43,4,4
18888,196,166,30,30
18889,100,112,-12,12
18890,122,116,6,6
18891,126,130,-4,4
18892,61,62,-1,1
18893,68,75,-7,7
18894,90,97,-7,7
18895,96,87,9,9
18896,154,166,-12,12
18897,153,149,4,4
18898,83,71,12,12
18899,130,120,10,10
18900,110,102,8,8
18901,122,109,13,13
18902,85,80,5,5
18903,55,58,-3,3
18904,85,83,2,2
18905,122,137,-15,15
18906,71,70,1,1
18907,149,147,2,2
18908,101,100,1,1
18909,81,102,-21,21
18910,95,109,-14,14
18911,120,114,6,6
18912,137,144,-7,7
18913,132,146,-14,14
18914,83,72,11,11
18915,121,103,18,18
18916,121,113,8,8
18917,125,137,-12,12
18918,81,89,-8,8
18919,137,133,4,4
18920,89,91,-2,2
18921,113,102,11,11
18922,23,56,-33,33
18923,123,105,18,18
18924,172,180,-8,8
18925,64,66,-2,2
18926,122,131,-9,9
18927,67,70,-3,3
18928,86,90,-4,4
18929,42,56,-14,14
18930,126,125,1,1
18931,148,134,14,14
18932,81,74,7,7
18933,78,83,-5,5
18934,74,72,2,2
18935,52,59,-7,7
18936,67,72,-5,5
18937,69,73,-4,4
18938,76,91,-15,15
18939,56,63,-7,7
18940,103,108,-5,5
18941,86,99,-13,13
18942,67,61,6,6
18943,74,86,-12,12
18944,61,54,7,7
18945,42,59,-17,17
18946,106,106,0,0
18947,59,61,-2,2
18948,65,60,5,5
18949,148,147,1,1
18950,161,174,-13,13
18951,140,143,-3,3
18952,140,135,5,5
18953,70,77,-7,7
18954,157,140,17,17
18955,70,83,-13,13
18956,110,109,1,1
18957,132,153,-21,21
18958,40,59,-19,19
18959,115,114,1,1
18960,165,150,15,15
18961,46,69,-23,23
18962,108,121,-13,13
18963,145,149,-4,4
18964,153,151,2,2
18965,64,68,-4,4
18966,104,89,15,15
18967,104,85,19,19
18968,103,92,11,11
18969,99,111,-12,12
18970,58,61,-3,3
18971,78,78,0,0
18972,116,111,5,5
18973,95,109,-14,14
18974,77,73,4,4
18975,100,98,2,2
18976,147,131,16,16
18977,73,74,-1,1
18978,90,95,-5,5
18979,91,94,-3,3
18980,136,120,16,16
18981,156,122,34,34
18982,71,75,-4,4
18983,65,73,-8,8
18984,82,82,0,0
18985,116,113,3,3
18986,134,123,11,11
18987,70,77,-7,7
18988,98,90,8,8
18989,194,172,22,22
18990,58,63,-5,5
18991,111,151,-40,40
18992,55,55,0,0
18993,105,107,-2,2
18994,85,87,-2,2
18995,105,97,8,8
18996,83,91,-8,8
18997,96,82,14,14
18998,83,80,3,3
18999,153,157,-4,4
19000,81,91,-10,10
19001,60,69,-9,9
19002,137,138,-1,1
19003,140,131,9,9
19004,88,99,-11,11
19005,124,121,3,3
19006,101,95,6,6
19007,84,80,4,4
19008,99,89,10,10
19009,59,60,-1,1
19010,83,96,-13,13
19011,113,120,-7,7
19012,83,75,8,8
19013,65,66,-1,1
19014,52,60,-8,8
19015,120,112,8,8
19016,102,94,8,8
19017,50,65,-15,15
19018,134,143,-9,9
19019,90,87,3,3
19020,79,77,2,2
19021,78,79,-1,1
19022,122,100,22,22
19023,69,75,-6,6
19024,72,71,1,1
19025,71,77,-6,6
19026,112,83,29,29
19027,111,99,12,12
19028,96,96,0,0
19029,96,102,-6,6
19030,67,69,-2,2
19031,102,112,-10,10
19032,71,76,-5,5
19033,147,157,-10,10
19034,123,133,-10,10
19035,89,74,15,15
19036,72,80,-8,8
19037,81,90,-9,9
19038,61,62,-1,1
19039,79,104,-25,25
19040,112,109,3,3
19041,167,162,5,5
19042,74,79,-5,5
19043,122,119,3,3
19044,78,88,-10,10
19045,64,61,3,3
19046,72,82,-10,10
19047,90,84,6,6
19048,86,84,2,2
19049,122,123,-1,1
19050,70,61,9,9
19051,80,83,-3,3
19052,55,61,-6,6
19053,86,76,10,10
19054,117,116,1,1
19055,95,94,1,1
19056,88,84,4,4
19057,123,113,10,10
19058,102,97,5,5
19059,73,74,-1,1
19060,33,45,-12,12
19061,133,119,14,14
19062,65,67,-2,2
19063,75,63,12,12
19064,39,44,-5,5
19065,119,112,7,7
19066,88,90,-2,2
19067,110,93,17,17
19068,59,79,-20,20
19069,94,97,-3,3
19070,90,90,0,0
19071,64,68,-4,4
19072,111,107,4,4
19073,95,99,-4,4
19074,77,78,-1,1
19075,60,58,2,2
19076,151,152,-1,1
19077,90,83,7,7
19078,65,73,-8,8
19079,100,102,-2,2
19080,59,62,-3,3
19081,89,89,0,0
19082,91,107,-16,16
19083,152,148,4,4
19084,58,62,-4,4
19085,98,92,6,6
19086,111,106,5,5
19087,94,91,3,3
19088,98,106,-8,8
19089,99,89,10,10
19090,132,138,-6,6
19091,99,122,-23,23
19092,163,173,-10,10
19093,105,110,-5,5
19094,109,112,-3,3
19095,49,59,-10,10
19096,97,117,-20,20
19097,153,128,25,25
19098,73,100,-27,27
19099,71,63,8,8
19100,89,94,-5,5
19101,110,99,11,11
19102,73,81,-8,8
19103,151,135,16,16
19104,146,147,-1,1
19105,74,72,2,2
19106,76,70,6,6
19107,57,173,-116,116
19108,96,83,13,13
19109,143,129,14,14
19110,98,88,10,10
19111,74,78,-4,4
19112,78,74,4,4
19113,139,165,-26,26
19114,81,91,-10,10
19115,74,82,-8,8
19116,81,79,2,2
19117,149,172,-23,23
19118,59,71,-12,12
19119,92,100,-8,8
19120,88,79,9,9
19121,94,100,-6,6
19122,106,112,-6,6
19123,143,127,16,16
19124,61,67,-6,6
19125,84,85,-1,1
19126,107,110,-3,3
19127,129,124,5,5
19128,80,88,-8,8
19129,89,77,12,12
19130,159,151,8,8
19131,44,53,-9,9
19132,116,117,-1,1
19133,79,86,-7,7
19134,82,82,0,0
19135,77,81,-4,4
19136,124,114,10,10
19137,97,108,-11,11
19138,62,71,-9,9
19139,65,67,-2,2
19140,78,67,11,11
19141,105,97,8,8
19142,107,112,-5,5
19143,60,64,-4,4
19144,63,58,5,5
19145,71,69,2,2
19146,122,119,3,3
19147,76,77,-1,1
19148,137,140,-3,3
19149,89,96,-7,7
19150,87,95,-8,8
19151,147,152,-5,5
19152,121,145,-24,24
19153,91,86,5,5
19154,62,56,6,6
19155,77,86,-9,9
19156,95,89,6,6
19157,71,76,-5,5
19158,129,143,-14,14
19159,114,117,-3,3
19160,196,191,5,5
19161,113,122,-9,9
19162,122,112,10,10
19163,120,114,6,6
19164,104,122,-18,18
19165,99,102,-3,3
19166,80,80,0,0
19167,69,81,-12,12
19168,100,102,-2,2
19169,63,70,-7,7
19170,145,139,6,6
19171,55,60,-5,5
19172,91,92,-1,1
19173,148,138,10,10
19174,75,71,4,4
19175,106,102,4,4
19176,179,166,13,13
19177,86,97,-11,11
19178,72,73,-1,1
19179,127,136,-9,9
19180,68,67,1,1
19181,69,91,-22,22
19182,136,147,-11,11
19183,91,88,3,3
19184,102,107,-5,5
19185,128,122,6,6
19186,94,88,6,6
19187,105,105,0,0
19188,146,143,3,3
19189,72,65,7,7
19190,105,113,-8,8
19191,137,133,4,4
19192,169,164,5,5
19193,130,145,-15,15
19194,126,129,-3,3
19195,125,112,13,13
19196,102,99,3,3
19197,74,96,-22,22
19198,74,87,-13,13
19199,97,97,0,0
19200,113,109,4,4
19201,54,57,-3,3
19202,127,114,13,13
19203,73,76,-3,3
19204,145,142,3,3
19205,117,110,7,7
19206,123,131,-8,8
19207,188,155,33,33
19208,75,94,-19,19
19209,76,88,-12,12
19210,45,54,-9,9
19211,86,85,1,1
19212,74,75,-1,1
19213,103,114,-11,11
19214,140,131,9,9
19215,95,99,-4,4
19216,102,112,-10,10
19217,34,45,-11,11
19218,101,96,5,5
19219,62,77,-15,15
19220,81,95,-14,14
19221,84,74,10,10
19222,114,135,-21,21
19223,90,86,4,4
19224,66,101,-35,35
19225,98,93,5,5
19226,68,76,-8,8
19227,115,109,6,6
19228,101,66,35,35
19229,137,123,14,14
19230,125,132,-7,7
19231,84,83,1,1
19232,43,55,-12,12
19233,99,94,5,5
19234,126,130,-4,4
19235,97,105,-8,8
19236,105,117,-12,12
19237,74,81,-7,7
19238,108,115,-7,7
19239,70,90,-20,20
19240,49,56,-7,7
19241,133,124,9,9
19242,105,98,7,7
19243,147,146,1,1
19244,98,97,1,1
19245,124,125,-1,1
19246,73,77,-4,4
19247,78,76,2,2
19248,106,111,-5,5
19249,63,62,1,1
19250,87,95,-8,8
19251,80,75,5,5
19252,101,103,-2,2
19253,80,79,1,1
19254,107,94,13,13
19255,65,70,-5,5
19256,62,62,0,0
19257,124,133,-9,9
19258,37,47,-10,10
19259,109,111,-2,2
19260,48,64,-16,16
19261,152,143,9,9
19262,163,172,-9,9
19263,126,129,-3,3
19264,62,82,-20,20
19265,128,131,-3,3
19266,104,102,2,2
19267,110,125,-15,15
19268,79,95,-16,16
19269,79,87,-8,8
19270,145,154,-9,9
19271,74,85,-11,11
19272,59,69,-10,10
19273,107,113,-6,6
19274,88,95,-7,7
19275,47,46,1,1
19276,111,114,-3,3
19277,108,104,4,4
19278,133,117,16,16
19279,155,149,6,6
19280,85,94,-9,9
19281,135,133,2,2
19282,104,100,4,4
19283,149,151,-2,2
19284,78,76,2,2
19285,76,74,2,2
19286,96,101,-5,5
19287,130,127,3,3
19288,90,91,-1,1
19289,55,77,-22,22
19290,123,136,-13,13
19291,65,64,1,1
19292,69,44,25,25
19293,50,58,-8,8
19294,51,63,-12,12
19295,81,77,4,4
19296,108,136,-28,28
19297,81,80,1,1
19298,42,48,-6,6
19299,141,122,19,19
19300,66,77,-11,11
19301,103,110,-7,7
19302,147,137,10,10
19303,105,97,8,8
19304,136,121,15,15
19305,58,64,-6,6
19306,108,89,19,19
19307,63,58,5,5
19308,116,121,-5,5
19309,147,147,0,0
19310,73,68,5,5
19311,92,91,1,1
19312,63,61,2,2
19313,98,98,0,0
19314,153,153,0,0
19315,98,101,-3,3
19316,68,74,-6,6
19317,70,60,10,10
19318,69,137,-68,68
19319,68,71,-3,3
19320,66,68,-2,2
19321,83,83,0,0
19322,113,112,1,1
19323,123,121,2,2
19324,39,39,0,0
19325,127,125,2,2
19326,119,123,-4,4
19327,80,77,3,3
19328,202,205,-3,3
19329,71,78,-7,7
19330,49,63,-14,14
19331,73,73,0,0
19332,90,92,-2,2
19333,86,82,4,4
19334,71,86,-15,15
19335,62,65,-3,3
19336,89,89,0,0
19337,205,165,40,40
19338,157,143,14,14
19339,95,109,-14,14
19340,54,56,-2,2
19341,86,81,5,5
19342,105,119,-14,14
19343,51,59,-8,8
19344,56,71,-15,15
19345,142,145,-3,3
19346,151,147,4,4
19347,72,64,8,8
19348,71,78,-7,7
19349,73,71,2,2
19350,58,62,-4,4
19351,175,195,-20,20
19352,132,129,3,3
19353,102,115,-13,13
19354,115,103,12,12
19355,92,100,-8,8
19356,77,78,-1,1
19357,113,102,11,11
19358,103,111,-8,8
19359,147,173,-26,26
19360,93,121,-28,28
19361,105,107,-2,2
19362,95,93,2,2
19363,158,148,10,10
19364,117,120,-3,3
19365,113,85,28,28
19366,84,77,7,7
19367,64,75,-11,11
19368,98,102,-4,4
19369,91,103,-12,12
19370,106,102,4,4
19371,57,63,-6,6
19372,130,138,-8,8
19373,67,74,-7,7
19374,60,74,-14,14
19375,80,72,8,8
19376,109,115,-6,6
19377,56,76,-20,20
19378,61,63,-2,2
19379,162,167,-5,5
19380,105,108,-3,3
19381,118,111,7,7
19382,88,87,1,1
19383,61,57,4,4
19384,101,102,-1,1
19385,130,137,-7,7
19386,116,109,7,7
19387,66,53,13,13
19388,67,46,21,21
19389,68,74,-6,6
19390,54,55,-1,1
19391,76,90,-14,14
19392,91,91,0,0
19393,48,55,-7,7
19394,108,107,1,1
19395,50,59,-9,9
19396,121,137,-16,16
19397,55,57,-2,2
19398,99,88,11,11
19399,109,102,7,7
19400,129,112,17,17
19401,59,56,3,3
19402,193,200,-7,7
19403,115,118,-3,3
19404,168,169,-1,1
19405,109,121,-12,12
19406,79,96,-17,17
19407,69,71,-2,2
19408,124,132,-8,8
19409,86,95,-9,9
19410,108,110,-2,2
19411,57,60,-3,3
19412,69,75,-6,6
19413,73,77,-4,4
19414,93,104,-11,11
19415,108,97,11,11
19416,47,50,-3,3
19417,96,102,-6,6
19418,136,143,-7,7
19419,62,54,8,8
19420,35,51,-16,16
19421,168,179,-11,11
19422,72,63,9,9
19423,53,58,-5,5
19424,181,174,7,7
19425,106,107,-1,1
19426,110,126,-16,16
19427,71,88,-17,17
19428,81,91,-10,10
19429,66,75,-9,9
19430,96,113,-17,17
19431,94,90,4,4
19432,101,86,15,15
19433,56,49,7,7
19434,161,155,6,6
19435,120,122,-2,2
19436,90,93,-3,3
19437,74,76,-2,2
19438,119,118,1,1
19439,120,123,-3,3
19440,116,135,-19,19
19441,72,71,1,1
19442,100,92,8,8
19443,72,84,-12,12
19444,152,155,-3,3
19445,65,74,-9,9
19446,84,84,0,0
19447,100,99,1,1
19448,116,106,10,10
19449,88,99,-11,11
19450,94,103,-9,9
19451,76,75,1,1
19452,70,79,-9,9
19453,72,90,-18,18
19454,114,106,8,8
19455,95,95,0,0
19456,88,83,5,5
19457,103,73,30,30
19458,82,83,-1,1
19459,66,76,-10,10
19460,126,104,22,22
19461,215,206,9,9
19462,127,124,3,3
19463,71,73,-2,2
19464,106,96,10,10
19465,125,116,9,9
19466,98,93,5,5
19467,80,94,-14,14
19468,76,78,-2,2
19469,126,126,0,0
19470,45,55,-10,10
19471,98,100,-2,2
19472,75,71,4,4
19473,76,72,4,4
19474,103,107,-4,4
19475,149,155,-6,6
19476,110,104,6,6
19477,71,78,-7,7
19478,121,89,32,32
19479,86,85,1,1
19480,44,60,-16,16
19481,126,134,-8,8
19482,145,135,10,10
19483,94,94,0,0
19484,49,59,-10,10
19485,99,101,-2,2
19486,75,78,-3,3
19487,77,99,-22,22
19488,65,74,-9,9
19489,117,115,2,2
19490,87,85,2,2
19491,87,100,-13,13
19492,138,142,-4,4
19493,66,83,-17,17
19494,100,103,-3,3
19495,107,96,11,11
19496,82,99,-17,17
19497,76,81,-5,5
19498,67,107,-40,40
19499,40,55,-15,15
19500,88,101,-13,13
19501,184,159,25,25
19502,92,84,8,8
19503,134,145,-11,11
19504,105,103,2,2
19505,112,122,-10,10
19506,70,70,0,0
19507,70,71,-1,1
19508,57,65,-8,8
19509,120,134,-14,14
19510,98,111,-13,13
19511,115,113,2,2
19512,84,94,-10,10
19513,97,99,-2,2
19514,85,86,-1,1
19515,67,74,-7,7
19516,93,91,2,2
19517,123,113,10,10
19518,52,105,-53,53
19519,113,116,-3,3
19520,63,62,1,1
19521,97,94,3,3
19522,103,104,-1,1
19523,91,109,-18,18
19524,74,77,-3,3
19525,110,123,-13,13
19526,162,161,1,1
19527,98,98,0,0
19528,103,98,5,5
19529,96,98,-2,2
19530,35,34,1,1
19531,85,89,-4,4
19532,69,70,-1,1
19533,80,78,2,2
19534,60,58,2,2
19535,87,112,-25,25
19536,77,81,-4,4
19537,139,131,8,8
19538,51,58,-7,7
19539,122,109,13,13
19540,125,123,2,2
19541,63,61,2,2
19542,125,113,12,12
19543,85,94,-9,9
19544,112,110,2,2
19545,58,70,-12,12
19546,104,99,5,5
19547,120,118,2,2
19548,43,49,-6,6
19549,90,104,-14,14
19550,29,43,-14,14
19551,92,93,-1,1
19552,99,94,5,5
19553,55,61,-6,6
19554,66,64,2,2
19555,78,79,-1,1
19556,67,62,5,5
19557,91,71,20,20
19558,143,133,10,10
19559,86,79,7,7
19560,57,77,-20,20
19561,96,86,10,10
19562,101,114,-13,13
19563,58,58,0,0
19564,113,106,7,7
19565,44,40,4,4
19566,140,127,13,13
19567,150,148,2,2
19568,117,124,-7,7
19569,86,93,-7,7
19570,99,81,18,18
19571,114,100,14,14
19572,81,80,1,1
19573,64,61,3,3
19574,132,141,-9,9
19575,82,85,-3,3
19576,141,138,3,3
19577,68,82,-14,14
19578,137,134,3,3
19579,75,72,3,3
19580,71,78,-7,7
19581,59,41,18,18
19582,45,50,-5,5
19583,70,65,5,5
19584,107,111,-4,4
19585,59,61,-2,2
19586,41,49,-8,8
19587,65,68,-3,3
19588,50,54,-4,4
19589,88,92,-4,4
19590,114,119,-5,5
19591,64,59,5,5
19592,154,146,8,8
19593,64,71,-7,7
19594,46,67,-21,21
19595,120,108,12,12
19596,80,87,-7,7
19597,52,61,-9,9
19598,88,102,-14,14
19599,65,103,-38,38
19600,49,58,-9,9
19601,82,94,-12,12
19602,108,121,-13,13
19603,59,55,4,4
19604,68,65,3,3
19605,99,98,1,1
19606,100,109,-9,9
19607,100,89,11,11
19608,156,167,-11,11
19609,91,91,0,0
19610,152,141,11,11
19611,125,119,6,6
19612,60,76,-16,16
19613,43,54,-11,11
19614,48,60,-12,12
19615,94,103,-9,9
19616,70,69,1,1
19617,52,59,-7,7
19618,70,70,0,0
19619,154,140,14,14
19620,133,123,10,10
19621,72,64,8,8
19622,79,86,-7,7
19623,111,119,-8,8
19624,72,71,1,1
19625,147,156,-9,9
19626,94,93,1,1
19627,41,53,-12,12
19628,79,87,-8,8
19629,61,66,-5,5
19630,68,74,-6,6
19631,70,68,2,2
19632,80,90,-10,10
19633,58,66,-8,8
19634,45,49,-4,4
19635,187,160,27,27
19636,84,87,-3,3
19637,76,82,-6,6
19638,154,156,-2,2
19639,139,138,1,1
19640,173,168,5,5
19641,75,70,5,5
19642,148,144,4,4
19643,174,161,13,13
19644,100,112,-12,12
19645,29,45,-16,16
19646,102,92,10,10
19647,67,79,-12,12
19648,51,59,-8,8
19649,133,109,24,24
19650,36,41,-5,5
19651,66,67,-1,1
19652,65,61,4,4
19653,73,83,-10,10
19654,151,148,3,3
19655,87,85,2,2
19656,138,136,2,2
19657,65,57,8,8
19658,97,98,-1,1
19659,84,80,4,4
19660,171,146,25,25
19661,110,106,4,4
19662,120,115,5,5
19663,99,100,-1,1
19664,135,99,36,36
19665,90,89,1,1
19666,70,70,0,0
19667,99,104,-5,5
19668,58,65,-7,7
19669,109,139,-30,30
19670,77,78,-1,1
19671,74,69,5,5
19672,134,144,-10,10
19673,130,116,14,14
19674,65,67,-2,2
19675,109,99,10,10
19676,75,85,-10,10
19677,125,135,-10,10
19678,99,98,1,1
19679,147,145,2,2
19680,160,151,9,9
19681,49,53,-4,4
19682,62,64,-2,2
19683,332,295,37,37
19684,127,129,-2,2
19685,34,41,-7,7
19686,145,131,14,14
19687,108,104,4,4
19688,66,70,-4,4
19689,65,77,-12,12
19690,157,147,10,10
19691,89,86,3,3
19692,97,108,-11,11
19693,116,111,5,5
19694,102,106,-4,4
19695,118,122,-4,4
19696,161,159,2,2
19697,97,89,8,8
19698,40,44,-4,4
19699,63,65,-2,2
19700,70,82,-12,12
19701,83,80,3,3
19702,100,104,-4,4
19703,76,73,3,3
19704,105,112,-7,7
19705,72,88,-16,16
19706,69,84,-15,15
19707,136,133,3,3
19708,126,113,13,13
19709,130,134,-4,4
19710,116,116,0,0
19711,87,85,2,2
19712,100,100,0,0
19713,100,99,1,1
19714,55,56,-1,1
19715,92,99,-7,7
19716,101,102,-1,1
19717,149,153,-4,4
19718,98,93,5,5
19719,89,91,-2,2
19720,40,56,-16,16
19721,91,89,2,2
19722,103,106,-3,3
19723,88,83,5,5
19724,76,93,-17,17
19725,43,56,-13,13
19726,60,78,-18,18
19727,165,143,22,22
19728,148,172,-24,24
19729,114,112,2,2
19730,97,97,0,0
19731,141,143,-2,2
19732,82,91,-9,9
19733,89,84,5,5
19734,141,141,0,0
19735,31,51,-20,20
19736,87,103,-16,16
19737,83,90,-7,7
19738,64,70,-6,6
19739,68,77,-9,9
19740,75,71,4,4
19741,102,106,-4,4
19742,54,53,1,1
19743,108,110,-2,2
19744,104,91,13,13
19745,132,138,-6,6
19746,77,82,-5,5
19747,130,123,7,7
19748,46,51,-5,5
19749,83,43,40,40
19750,79,94,-15,15
19751,180,159,21,21
19752,118,125,-7,7
19753,105,105,0,0
19754,93,97,-4,4
19755,81,72,9,9
19756,61,63,-2,2
19757,142,145,-3,3
19758,93,95,-2,2
19759,100,106,-6,6
19760,146,140,6,6
19761,64,71,-7,7
19762,116,108,8,8
19763,55,47,8,8
19764,55,60,-5,5
19765,86,96,-10,10
19766,90,83,7,7
19767,146,142,4,4
19768,55,56,-1,1
19769,76,78,-2,2
19770,48,56,-8,8
19771,84,83,1,1
19772,62,64,-2,2
19773,93,90,3,3
19774,104,105,-1,1
19775,108,127,-19,19
19776,83,89,-6,6
19777,57,59,-2,2
19778,76,71,5,5
19779,100,133,-33,33
19780,96,109,-13,13
19781,124,93,31,31
19782,55,68,-13,13
19783,61,65,-4,4
19784,104,96,8,8
19785,70,71,-1,1
19786,94,87,7,7
19787,64,73,-9,9
19788,113,118,-5,5
19789,92,98,-6,6
19790,136,130,6,6
19791,115,105,10,10
19792,103,117,-14,14
19793,84,99,-15,15
19794,60,64,-4,4
19795,83,122,-39,39
19796,127,115,12,12
19797,137,124,13,13
19798,64,61,3,3
19799,180,150,30,30
19800,144,136,8,8
19801,82,83,-1,1
19802,89,85,4,4
19803,122,123,-1,1
19804,85,98,-13,13
19805,127,124,3,3
19806,86,80,6,6
19807,81,85,-4,4
19808,102,90,12,12
19809,104,75,29,29
19810,47,54,-7,7
19811,163,157,6,6
19812,102,99,3,3
19813,152,119,33,33
19814,139,124,15,15
19815,88,75,13,13
19816,57,59,-2,2
19817,79,79,0,0
19818,60,61,-1,1
19819,104,101,3,3
19820,92,89,3,3
19821,74,71,3,3
19822,94,97,-3,3
19823,102,122,-20,20
19824,109,110,-1,1
19825,86,85,1,1
19826,85,74,11,11
19827,86,82,4,4
19828,158,147,11,11
19829,78,75,3,3
19830,72,71,1,1
19831,127,128,-1,1
19832,81,87,-6,6
19833,99,103,-4,4
19834,64,64,0,0
19835,137,153,-16,16
19836,99,107,-8,8
19837,74,84,-10,10
19838,80,92,-12,12
19839,99,106,-7,7
19840,95,108,-13,13
19841,48,57,-9,9
19842,77,88,-11,11
19843,88,97,-9,9
19844,99,108,-9,9
19845,87,81,6,6
19846,75,82,-7,7
19847,103,110,-7,7
19848,190,171,19,19
19849,88,48,40,40
19850,85,98,-13,13
19851,59,57,2,2
19852,63,84,-21,21
19853,85,89,-4,4
19854,67,86,-19,19
19855,76,85,-9,9
19856,115,106,9,9
19857,62,61,1,1
19858,61,75,-14,14
19859,147,136,11,11
19860,153,146,7,7
19861,68,64,4,4
19862,106,116,-10,10
19863,79,83,-4,4
19864,165,157,8,8
19865,63,61,2,2
19866,106,112,-6,6
19867,74,80,-6,6
19868,135,130,5,5
19869,76,81,-5,5
19870,113,119,-6,6
19871,77,81,-4,4
19872,67,57,10,10
19873,93,106,-13,13
19874,170,166,4,4
19875,77,86,-9,9
19876,88,84,4,4
19877,103,103,0,0
19878,85,89,-4,4
19879,82,77,5,5
19880,70,74,-4,4
19881,94,101,-7,7
19882,44,55,-11,11
19883,103,97,6,6
19884,99,102,-3,3
19885,67,63,4,4
19886,56,66,-10,10
19887,94,95,-1,1
19888,77,77,0,0
19889,68,67,1,1
19890,125,105,20,20
19891,110,112,-2,2
19892,102,93,9,9
19893,57,50,7,7
19894,68,89,-21,21
19895,75,70,5,5
19896,101,98,3,3
19897,57,56,1,1
19898,93,108,-15,15
19899,52,47,5,5
19900,57,63,-6,6
19901,123,118,5,5
19902,111,124,-13,13
19903,62,68,-6,6
19904,89,103,-14,14
19905,114,105,9,9
19906,45,56,-11,11
19907,79,83,-4,4
19908,134,124,10,10
19909,101,99,2,2
19910,92,100,-8,8
19911,74,75,-1,1
19912,95,93,2,2
19913,49,58,-9,9
19914,86,82,4,4
19915,50,71,-21,21
19916,55,57,-2,2
19917,49,43,6,6
19918,87,94,-7,7
19919,59,66,-7,7
19920,108,110,-2,2
19921,88,109,-21,21
19922,118,118,0,0
19923,108,101,7,7
19924,38,55,-17,17
19925,94,95,-1,1
19926,35,42,-7,7
19927,114,113,1,1
19928,124,94,30,30
19929,108,122,-14,14
19930,129,148,-19,19
19931,69,74,-5,5
19932,108,105,3,3
19933,66,67,-1,1
19934,62,59,3,3
19935,107,107,0,0
19936,65,66,-1,1
19937,169,158,11,11
19938,115,117,-2,2
19939,116,126,-10,10
19940,87,96,-9,9
19941,62,57,5,5
19942,128,125,3,3
19943,126,124,2,2
19944,139,141,-2,2
19945,217,190,27,27
19946,147,152,-5,5
19947,117,114,3,3
19948,181,163,18,18
19949,101,130,-29,29
19950,66,75,-9,9
19951,77,76,1,1
19952,110,101,9,9
19953,186,175,11,11
19954,60,63,-3,3
19955,68,69,-1,1
19956,125,127,-2,2
19957,52,47,5,5
19958,75,70,5,5
19959,109,120,-11,11
19960,44,54,-10,10
19961,123,131,-8,8
19962,123,116,7,7
19963,69,66,3,3
19964,51,60,-9,9
19965,148,132,16,16
19966,104,89,15,15
19967,64,63,1,1
19968,82,97,-15,15
19969,82,69,13,13
19970,135,141,-6,6
19971,54,60,-6,6
19972,88,72,16,16
19973,88,89,-1,1
19974,102,100,2,2
19975,45,55,-10,10
19976,85,83,2,2
19977,117,103,14,14
19978,124,127,-3,3
19979,60,62,-2,2
19980,40,65,-25,25
19981,133,128,5,5
19982,101,115,-14,14
19983,80,80,0,0
19984,90,105,-15,15
19985,85,89,-4,4
19986,68,66,2,2
19987,150,137,13,13
19988,86,85,1,1
19989,105,118,-13,13
19990,45,50,-5,5
19991,149,142,7,7
19992,74,79,-5,5
19993,40,45,-5,5
19994,75,80,-5,5
19995,47,65,-18,18
19996,70,78,-8,8
19997,56,59,-3,3
19998,46,50,-4,4
19999,98,111,-13,13
20000,107,107,0,0
20001,121,118,3,3
20002,192,188,4,4
20003,50,60,-10,10
20004,62,81,-19,19
20005,93,97,-4,4
20006,96,78,18,18
20007,72,73,-1,1
20008,134,141,-7,7
20009,98,94,4,4
20010,159,135,24,24
20011,115,109,6,6
20012,54,56,-2,2
20013,60,64,-4,4
20014,80,85,-5,5
20015,103,101,2,2
20016,89,81,8,8
20017,118,125,-7,7
20018,109,115,-6,6
20019,65,74,-9,9
20020,62,71,-9,9
20021,100,98,2,2
20022,127,138,-11,11
20023,54,60,-6,6
20024,113,105,8,8
20025,122,118,4,4
20026,140,136,4,4
20027,71,71,0,0
20028,86,95,-9,9
20029,94,103,-9,9
20030,124,121,3,3
20031,59,58,1,1
20032,115,120,-5,5
20033,61,62,-1,1
20034,65,79,-14,14
20035,79,72,7,7
20036,122,122,0,0
20037,97,102,-5,5
20038,64,72,-8,8
20039,107,100,7,7
20040,109,101,8,8
20041,70,72,-2,2
20042,63,61,2,2
20043,104,112,-8,8
20044,88,78,10,10
20045,91,97,-6,6
20046,136,136,0,0
20047,67,71,-4,4
20048,65,64,1,1
20049,97,107,-10,10
20050,114,113,1,1
20051,122,126,-4,4
20052,76,68,8,8
20053,96,98,-2,2
20054,90,77,13,13
20055,68,77,-9,9
20056,78,78,0,0
20057,158,137,21,21
20058,77,79,-2,2
20059,65,62,3,3
20060,126,124,2,2
20061,102,93,9,9
20062,96,92,4,4
20063,120,118,2,2
20064,44,49,-5,5
20065,68,77,-9,9
20066,170,173,-3,3
20067,40,47,-7,7
20068,43,56,-13,13
20069,95,81,14,14
20070,114,110,4,4
20071,60,63,-3,3
20072,35,43,-8,8
20073,70,71,-1,1
20074,126,143,-17,17
20075,68,81,-13,13
20076,137,151,-14,14
20077,154,134,20,20
20078,139,130,9,9
20079,103,104,-1,1
20080,82,75,7,7
20081,94,100,-6,6
20082,136,127,9,9
20083,81,71,10,10
20084,51,61,-10,10
20085,126,122,4,4
20086,89,126,-37,37
20087,88,98,-10,10
20088,77,70,7,7
20089,83,85,-2,2
20090,77,71,6,6
20091,84,83,1,1
20092,82,67,15,15
20093,65,68,-3,3
20094,113,102,11,11
20095,78,109,-31,31
20096,54,61,-7,7
20097,94,106,-12,12
20098,59,65,-6,6
20099,117,125,-8,8
20100,78,69,9,9
20101,48,45,3,3
20102,54,67,-13,13
20103,99,105,-6,6
20104,71,71,0,0
20105,136,119,17,17
20106,45,55,-10,10
20107,84,90,-6,6
20108,82,79,3,3
20109,45,50,-5,5
20110,125,103,22,22
20111,50,58,-8,8
20112,71,77,-6,6
20113,89,84,5,5
20114,61,70,-9,9
20115,105,100,5,5
20116,143,138,5,5
20117,185,174,11,11
20118,48,41,7,7
20119,98,103,-5,5
20120,38,43,-5,5
20121,92,86,6,6
20122,139,137,2,2
20123,99,91,8,8
20124,106,105,1,1
20125,60,75,-15,15
20126,96,79,17,17
20127,138,153,-15,15
20128,83,78,5,5
20129,152,128,24,24
20130,115,123,-8,8
20131,84,105,-21,21
20132,133,129,4,4
20133,128,124,4,4
20134,78,75,3,3
20135,93,100,-7,7
20136,105,103,2,2
20137,90,97,-7,7
20138,205,225,-20,20
20139,80,85,-5,5
20140,80,88,-8,8
20141,118,106,12,12
20142,60,74,-14,14
20143,101,99,2,2
20144,95,95,0,0
20145,130,147,-17,17
20146,113,116,-3,3
20147,79,78,1,1
20148,88,93,-5,5
20149,109,103,6,6
20150,98,131,-33,33
20151,70,68,2,2
20152,92,88,4,4
20153,157,161,-4,4
20154,44,52,-8,8
20155,95,96,-1,1
20156,87,77,10,10
20157,109,101,8,8
20158,111,119,-8,8
20159,86,91,-5,5
20160,149,148,1,1
20161,111,107,4,4
20162,45,55,-10,10
20163,150,158,-8,8
20164,89,79,10,10
20165,67,79,-12,12
20166,87,81,6,6
20167,150,143,7,7
20168,124,113,11,11
20169,96,96,0,0
20170,125,124,1,1
20171,116,131,-15,15
20172,80,95,-15,15
20173,156,138,18,18
20174,159,165,-6,6
20175,108,108,0,0
20176,90,93,-3,3
20177,117,109,8,8
20178,139,139,0,0
20179,87,91,-4,4
20180,79,76,3,3
20181,103,109,-6,6
20182,157,152,5,5
20183,159,178,-19,19
20184,46,80,-34,34
20185,84,86,-2,2
20186,62,63,-1,1
20187,99,103,-4,4
20188,62,65,-3,3
20189,87,103,-16,16
20190,186,185,1,1
20191,104,98,6,6
20192,83,87,-4,4
20193,82,83,-1,1
20194,82,94,-12,12
20195,116,128,-12,12
20196,48,58,-10,10
20197,72,87,-15,15
20198,81,83,-2,2
20199,89,98,-9,9
20200,66,70,-4,4
20201,99,98,1,1
20202,97,91,6,6
20203,83,74,9,9
20204,57,53,4,4
20205,95,99,-4,4
20206,81,80,1,1
20207,77,83,-6,6
20208,65,63,2,2
20209,109,115,-6,6
20210,58,60,-2,2
20211,38,70,-32,32
20212,109,121,-12,12
20213,128,127,1,1
20214,68,62,6,6
20215,134,141,-7,7
20216,80,85,-5,5
20217,197,187,10,10
20218,105,109,-4,4
20219,78,79,-1,1
20220,99,115,-16,16
20221,88,100,-12,12
20222,105,103,2,2
20223,63,81,-18,18
20224,76,110,-34,34
20225,80,87,-7,7
20226,68,81,-13,13
20227,97,93,4,4
20228,107,95,12,12
20229,96,83,13,13
20230,120,151,-31,31
20231,110,106,4,4
20232,67,68,-1,1
20233,154,150,4,4
20234,133,122,11,11
20235,98,103,-5,5
20236,93,93,0,0
20237,93,90,3,3
20238,95,100,-5,5
20239,96,97,-1,1
20240,66,74,-8,8
20241,54,54,0,0
20242,89,89,0,0
20243,165,151,14,14
20244,189,190,-1,1
20245,62,76,-14,14
20246,49,54,-5,5
20247,59,60,-1,1
20248,82,78,4,4
20249,75,74,1,1
20250,121,118,3,3
20251,116,124,-8,8
20252,185,185,0,0
20253,139,140,-1,1
20254,73,77,-4,4
20255,147,158,-11,11
20256,109,121,-12,12
20257,119,119,0,0
20258,83,77,6,6
20259,122,133,-11,11
20260,84,94,-10,10
20261,130,121,9,9
20262,137,143,-6,6
20263,96,100,-4,4
20264,81,81,0,0
20265,123,121,2,2
20266,83,69,14,14
20267,104,99,5,5
20268,121,103,18,18
20269,130,130,0,0
20270,104,102,2,2
20271,107,110,-3,3
20272,121,113,8,8
20273,76,81,-5,5
20274,59,57,2,2
20275,127,132,-5,5
20276,179,191,-12,12
20277,70,75,-5,5
20278,83,86,-3,3
20279,83,94,-11,11
20280,52,71,-19,19
20281,58,64,-6,6
20282,116,118,-2,2
20283,57,66,-9,9
20284,107,107,0,0
20285,164,163,1,1
20286,110,105,5,5
20287,101,108,-7,7
20288,159,159,0,0
20289,103,114,-11,11
20290,133,147,-14,14
20291,59,76,-17,17
20292,93,99,-6,6
20293,129,126,3,3
20294,49,74,-25,25
20295,98,100,-2,2
20296,100,96,4,4
20297,131,116,15,15
20298,140,147,-7,7
20299,87,91,-4,4
20300,138,139,-1,1
20301,145,148,-3,3
20302,124,122,2,2
20303,111,109,2,2
20304,128,123,5,5
20305,83,74,9,9
20306,90,96,-6,6
20307,96,93,3,3
20308,160,155,5,5
20309,75,83,-8,8
20310,83,94,-11,11
20311,115,113,2,2
20312,78,79,-1,1
20313,91,92,-1,1
20314,60,63,-3,3
20315,92,93,-1,1
20316,107,99,8,8
20317,94,105,-11,11
20318,75,116,-41,41
20319,60,59,1,1
20320,58,74,-16,16
20321,103,120,-17,17
20322,68,72,-4,4
20323,141,125,16,16
20324,89,110,-21,21
20325,172,155,17,17
20326,147,146,1,1
20327,94,86,8,8
20328,128,133,-5,5
20329,76,80,-4,4
20330,97,95,2,2
20331,110,119,-9,9
20332,89,87,2,2
20333,72,62,10,10
20334,104,111,-7,7
20335,82,106,-24,24
20336,87,87,0,0
20337,96,85,11,11
20338,94,108,-14,14
20339,158,155,3,3
20340,102,104,-2,2
20341,62,75,-13,13
20342,53,63,-10,10
20343,98,87,11,11
20344,96,99,-3,3
20345,79,86,-7,7
20346,131,111,20,20
20347,44,55,-11,11
20348,102,98,4,4
20349,69,83,-14,14
20350,106,113,-7,7
20351,128,134,-6,6
20352,49,58,-9,9
20353,123,128,-5,5
20354,191,166,25,25
20355,116,116,0,0
20356,127,125,2,2
20357,42,46,-4,4
20358,124,105,19,19
20359,92,100,-8,8
20360,143,134,9,9
20361,68,68,0,0
20362,111,102,9,9
20363,120,130,-10,10
20364,93,92,1,1
20365,46,58,-12,12
20366,116,108,8,8
20367,84,83,1,1
20368,39,49,-10,10
20369,70,61,9,9
20370,59,71,-12,12
20371,107,133,-26,26
20372,59,61,-2,2
20373,115,116,-1,1
20374,92,103,-11,11
20375,105,124,-19,19
20376,110,104,6,6
20377,60,63,-3,3
20378,119,109,10,10
20379,106,110,-4,4
20380,90,91,-1,1
20381,63,68,-5,5
20382,103,101,2,2
20383,105,120,-15,15
20384,98,90,8,8
20385,48,59,-11,11
20386,110,131,-21,21
20387,119,109,10,10
20388,86,86,0,0
20389,82,98,-16,16
20390,65,60,5,5
20391,89,89,0,0
20392,118,135,-17,17
20393,146,136,10,10
20394,65,71,-6,6
20395,125,124,1,1
20396,87,89,-2,2
20397,89,86,3,3
20398,75,71,4,4
20399,87,85,2,2
20400,130,134,-4,4
20401,51,57,-6,6
20402,129,136,-7,7
20403,81,76,5,5
20404,80,87,-7,7
20405,66,70,-4,4
20406,47,54,-7,7
20407,103,95,8,8
20408,77,84,-7,7
20409,60,64,-4,4
20410,133,122,11,11
20411,66,63,3,3
20412,161,160,1,1
20413,101,116,-15,15
20414,80,84,-4,4
20415,124,136,-12,12
20416,140,147,-7,7
20417,120,113,7,7
20418,141,149,-8,8
20419,90,95,-5,5
20420,54,63,-9,9
20421,63,62,1,1
20422,115,121,-6,6
20423,59,73,-14,14
20424,68,77,-9,9
20425,51,62,-11,11
20426,56,60,-4,4
20427,69,84,-15,15
20428,71,76,-5,5
20429,103,114,-11,11
20430,94,91,3,3
20431,157,180,-23,23
20432,122,112,10,10
20433,111,114,-3,3
20434,120,136,-16,16
20435,103,95,8,8
20436,62,70,-8,8
20437,130,131,-1,1
20438,81,90,-9,9
20439,166,151,15,15
20440,79,90,-11,11
20441,90,102,-12,12
20442,91,93,-2,2
20443,44,44,0,0
20444,87,98,-11,11
20445,117,112,5,5
20446,101,105,-4,4
20447,106,100,6,6
20448,102,88,14,14
20449,74,74,0,0
20450,175,170,5,5
20451,71,79,-8,8
20452,122,116,6,6
20453,165,174,-9,9
20454,134,142,-8,8
20455,192,114,78,78
20456,80,76,4,4
20457,65,63,2,2
20458,105,109,-4,4
20459,121,122,-1,1
20460,84,89,-5,5
20461,106,114,-8,8
20462,91,87,4,4
20463,174,170,4,4
20464,64,53,11,11
20465,58,62,-4,4
20466,76,71,5,5
20467,70,78,-8,8
20468,143,142,1,1
20469,92,93,-1,1
20470,94,100,-6,6
20471,95,88,7,7
20472,119,113,6,6
20473,101,96,5,5
20474,110,113,-3,3
20475,144,150,-6,6
20476,129,139,-10,10
20477,79,75,4,4
20478,99,101,-2,2
20479,85,80,5,5
20480,142,138,4,4
20481,77,90,-13,13
20482,62,67,-5,5
20483,122,126,-4,4
20484,106,114,-8,8
20485,52,50,2,2
20486,79,61,18,18
20487,95,85,10,10
20488,77,85,-8,8
20489,89,85,4,4
20490,70,73,-3,3
20491,97,97,0,0
20492,100,100,0,0
20493,79,74,5,5
20494,138,146,-8,8
20495,123,104,19,19
20496,152,138,14,14
20497,135,122,13,13
20498,83,90,-7,7
20499,118,114,4,4
20500,91,90,1,1
20501,83,88,-5,5
20502,77,79,-2,2
20503,69,64,5,5
20504,68,70,-2,2
20505,139,130,9,9
20506,171,165,6,6
20507,80,75,5,5
20508,83,78,5,5
20509,108,106,2,2
20510,92,105,-13,13
20511,59,59,0,0
20512,74,71,3,3
20513,62,65,-3,3
20514,138,140,-2,2
20515,55,61,-6,6
20516,85,81,4,4
20517,77,74,3,3
20518,39,45,-6,6
20519,65,63,2,2
20520,109,124,-15,15
20521,91,103,-12,12
20522,74,69,5,5
20523,74,86,-12,12
20524,154,152,2,2
20525,153,154,-1,1
20526,40,47,-7,7
20527,110,114,-4,4
20528,63,63,0,0
20529,114,110,4,4
20530,114,116,-2,2
20531,62,70,-8,8
20532,81,68,13,13
20533,49,57,-8,8
20534,63,66,-3,3
20535,93,94,-1,1
20536,76,76,0,0
20537,146,153,-7,7
20538,87,84,3,3
20539,162,152,10,10
20540,91,116,-25,25
20541,107,122,-15,15
20542,82,89,-7,7
20543,97,87,10,10
20544,42,55,-13,13
20545,81,78,3,3
20546,115,101,14,14
20547,120,117,3,3
20548,62,61,1,1
20549,131,139,-8,8
20550,82,83,-1,1
20551,59,64,-5,5
20552,127,134,-7,7
20553,100,87,13,13
20554,92,90,2,2
20555,55,60,-5,5
20556,111,109,2,2
20557,92,88,4,4
20558,111,111,0,0
20559,189,156,33,33
20560,93,83,10,10
20561,61,59,2,2
20562,50,51,-1,1
20563,62,65,-3,3
20564,46,54,-8,8
20565,145,148,-3,3
20566,82,88,-6,6
20567,83,83,0,0
20568,78,79,-1,1
20569,69,71,-2,2
20570,117,103,14,14
20571,142,142,0,0
20572,111,107,4,4
20573,72,68,4,4
20574,95,92,3,3
20575,141,129,12,12
20576,179,153,26,26
20577,85,98,-13,13
20578,286,195,91,91
20579,87,86,1,1
20580,93,93,0,0
20581,87,85,2,2
20582,49,58,-9,9
20583,87,87,0,0
20584,143,127,16,16
20585,98,121,-23,23
20586,70,70,0,0
20587,112,118,-6,6
20588,53,66,-13,13
20589,55,60,-5,5
20590,88,91,-3,3
20591,113,115,-2,2
20592,86,83,3,3
20593,59,52,7,7
20594,62,64,-2,2
20595,71,73,-2,2
20596,102,112,-10,10
20597,69,70,-1,1
20598,117,122,-5,5
20599,79,76,3,3
20600,131,136,-5,5
20601,45,48,-3,3
20602,81,78,3,3
20603,62,73,-11,11
20604,82,95,-13,13
20605,86,82,4,4
20606,52,56,-4,4
20607,79,84,-5,5
20608,108,101,7,7
20609,62,77,-15,15
20610,94,97,-3,3
20611,74,85,-11,11
20612,136,128,8,8
20613,151,146,5,5
20614,145,161,-16,16
20615,99,99,0,0
20616,169,147,22,22
20617,69,74,-5,5
20618,54,66,-12,12
20619,93,88,5,5
20620,106,98,8,8
20621,77,81,-4,4
20622,100,117,-17,17
20623,96,109,-13,13
20624,56,46,10,10
20625,99,95,4,4
20626,115,117,-2,2
20627,90,98,-8,8
20628,56,64,-8,8
20629,83,80,3,3
20630,117,102,15,15
20631,75,81,-6,6
20632,88,91,-3,3
20633,80,82,-2,2
20634,150,127,23,23
20635,126,105,21,21
20636,92,70,22,22
20637,117,114,3,3
20638,75,77,-2,2
20639,92,74,18,18
20640,72,75,-3,3
20641,45,50,-5,5
20642,55,68,-13,13
20643,123,145,-22,22
20644,127,113,14,14
20645,128,131,-3,3
20646,161,154,7,7
20647,130,126,4,4
20648,87,82,5,5
20649,223,169,54,54
20650,79,75,4,4
20651,155,149,6,6
20652,77,87,-10,10
20653,82,76,6,6
20654,101,111,-10,10
20655,89,85,4,4
20656,106,115,-9,9
20657,68,62,6,6
20658,98,94,4,4
20659,102,114,-12,12
20660,88,80,8,8
20661,102,93,9,9
20662,173,164,9,9
20663,52,71,-19,19
20664,114,116,-2,2
20665,85,72,13,13
20666,86,84,2,2
20667,77,71,6,6
20668,81,85,-4,4
20669,89,79,10,10
20670,149,146,3,3
20671,68,76,-8,8
20672,77,81,-4,4
20673,83,87,-4,4
20674,71,70,1,1
20675,71,71,0,0
20676,91,103,-12,12
20677,56,63,-7,7
20678,80,80,0,0
20679,129,117,12,12
20680,95,93,2,2
20681,114,107,7,7
20682,149,146,3,3
20683,74,74,0,0
20684,84,76,8,8
20685,72,69,3,3
20686,119,126,-7,7
20687,82,78,4,4
20688,94,120,-26,26
20689,89,101,-12,12
20690,45,51,-6,6
20691,77,81,-4,4
20692,169,167,2,2
20693,100,85,15,15
20694,114,107,7,7
20695,95,95,0,0
20696,97,118,-21,21
20697,224,198,26,26
20698,96,103,-7,7
20699,66,63,3,3
20700,97,95,2,2
20701,113,107,6,6
20702,107,120,-13,13
20703,59,72,-13,13
20704,148,165,-17,17
20705,66,44,22,22
20706,151,150,1,1
20707,87,86,1,1
20708,119,112,7,7
20709,63,66,-3,3
20710,122,122,0,0
20711,75,75,0,0
20712,142,128,14,14
20713,33,45,-12,12
20714,86,93,-7,7
20715,33,37,-4,4
20716,144,121,23,23
20717,124,117,7,7
20718,77,80,-3,3
20719,144,138,6,6
20720,88,94,-6,6
20721,87,94,-7,7
20722,45,53,-8,8
20723,104,90,14,14
20724,70,70,0,0
20725,87,87,0,0
20726,139,149,-10,10
20727,136,137,-1,1
20728,85,74,11,11
20729,106,113,-7,7
20730,134,132,2,2
20731,98,96,2,2
20732,77,84,-7,7
20733,131,135,-4,4
20734,125,153,-28,28
20735,76,74,2,2
20736,110,102,8,8
20737,123,116,7,7
20738,56,53,3,3
20739,62,67,-5,5
20740,59,61,-2,2
20741,96,112,-16,16
20742,107,105,2,2
20743,126,122,4,4
20744,114,114,0,0
20745,85,85,0,0
20746,63,62,1,1
20747,59,78,-19,19
20748,80,73,7,7
20749,93,93,0,0
20750,82,87,-5,5
20751,73,76,-3,3
20752,133,139,-6,6
20753,145,125,20,20
20754,78,77,1,1
20755,89,87,2,2
20756,81,78,3,3
20757,100,101,-1,1
20758,129,130,-1,1
20759,80,79,1,1
20760,122,122,0,0
20761,26,51,-25,25
20762,151,153,-2,2
20763,118,125,-7,7
20764,146,134,12,12
20765,75,79,-4,4
20766,80,109,-29,29
20767,52,72,-20,20
20768,128,109,19,19
20769,76,92,-16,16
20770,73,82,-9,9
20771,55,47,8,8
20772,94,87,7,7
20773,115,111,4,4
20774,70,70,0,0
20775,125,118,7,7
20776,50,50,0,0
20777,90,95,-5,5
20778,110,99,11,11
20779,120,125,-5,5
20780,62,69,-7,7
20781,78,90,-12,12
20782,132,138,-6,6
20783,46,47,-1,1
20784,140,149,-9,9
20785,97,96,1,1
20786,53,57,-4,4
20787,93,97,-4,4
20788,145,143,2,2
20789,84,90,-6,6
20790,121,122,-1,1
20791,124,132,-8,8
20792,65,64,1,1
20793,129,142,-13,13
20794,111,115,-4,4
20795,81,71,10,10
20796,87,75,12,12
20797,64,70,-6,6
20798,92,98,-6,6
20799,74,71,3,3
20800,78,75,3,3
20801,72,89,-17,17
20802,101,102,-1,1
20803,35,47,-12,12
20804,171,155,16,16
20805,54,48,6,6
20806,155,178,-23,23
20807,151,162,-11,11
20808,45,50,-5,5
20809,87,86,1,1
20810,115,112,3,3
20811,75,71,4,4
20812,89,89,0,0
20813,134,131,3,3
20814,65,70,-5,5
20815,51,57,-6,6
20816,33,45,-12,12
20817,85,100,-15,15
20818,114,93,21,21
20819,120,116,4,4
20820,83,80,3,3
20821,106,108,-2,2
20822,41,52,-11,11
20823,101,119,-18,18
20824,134,140,-6,6
20825,132,120,12,12
20826,53,74,-21,21
20827,89,87,2,2
20828,120,124,-4,4
20829,106,118,-12,12
20830,165,158,7,7
20831,59,70,-11,11
20832,77,75,2,2
20833,105,96,9,9
20834,113,121,-8,8
20835,85,87,-2,2
20836,57,62,-5,5
20837,101,114,-13,13
20838,109,95,14,14
20839,129,117,12,12
20840,75,88,-13,13
20841,143,141,2,2
20842,48,61,-13,13
20843,115,120,-5,5
20844,57,108,-51,51
20845,76,76,0,0
20846,79,82,-3,3
20847,107,110,-3,3
20848,61,68,-7,7
20849,134,139,-5,5
20850,93,84,9,9
20851,141,147,-6,6
20852,81,75,6,6
20853,65,78,-13,13
20854,148,147,1,1
20855,70,81,-11,11
20856,78,90,-12,12
20857,46,56,-10,10
20858,108,111,-3,3
20859,94,103,-9,9
20860,165,161,4,4
20861,83,97,-14,14
20862,131,140,-9,9
20863,91,93,-2,2
20864,86,122,-36,36
20865,99,106,-7,7
20866,111,109,2,2
20867,93,91,2,2
20868,82,64,18,18
20869,60,79,-19,19
20870,89,90,-1,1
20871,153,161,-8,8
20872,102,99,3,3
20873,92,95,-3,3
20874,102,91,11,11
20875,118,124,-6,6
20876,75,74,1,1
20877,176,175,1,1
20878,129,117,12,12
20879,69,83,-14,14
20880,83,81,2,2
20881,124,118,6,6
20882,68,61,7,7
20883,102,89,13,13
20884,63,64,-1,1
20885,96,117,-21,21
20886,120,136,-16,16
20887,75,82,-7,7
20888,111,113,-2,2
20889,181,177,4,4
20890,82,80,2,2
20891,132,128,4,4
20892,48,73,-25,25
20893,75,77,-2,2
20894,64,69,-5,5
20895,41,47,-6,6
20896,64,79,-15,15
20897,97,98,-1,1
20898,77,87,-10,10
20899,91,91,0,0
20900,51,55,-4,4
20901,68,72,-4,4
20902,121,114,7,7
20903,86,74,12,12
20904,59,65,-6,6
20905,107,118,-11,11
20906,84,101,-17,17
20907,55,60,-5,5
20908,76,82,-6,6
20909,93,89,4,4
20910,40,49,-9,9
20911,118,101,17,17
20912,156,145,11,11
20913,126,123,3,3
20914,74,74,0,0
20915,96,99,-3,3
20916,121,129,-8,8
20917,76,73,3,3
20918,122,150,-28,28
20919,89,87,2,2
20920,59,60,-1,1
20921,84,75,9,9
20922,83,82,1,1
20923,73,72,1,1
20924,63,59,4,4
20925,64,72,-8,8
20926,125,107,18,18
20927,101,92,9,9
20928,122,144,-22,22
20929,63,64,-1,1
20930,107,116,-9,9
20931,68,63,5,5
20932,74,70,4,4
20933,102,106,-4,4
20934,119,133,-14,14
20935,106,93,13,13
20936,66,69,-3,3
20937,87,90,-3,3
20938,85,87,-2,2
20939,66,66,0,0
20940,145,132,13,13
20941,180,160,20,20
20942,75,77,-2,2
20943,63,77,-14,14
20944,144,148,-4,4
20945,66,64,2,2
20946,49,70,-21,21
20947,98,93,5,5
20948,77,68,9,9
20949,105,105,0,0
20950,81,107,-26,26
20951,92,84,8,8
20952,104,117,-13,13
20953,151,140,11,11
20954,51,60,-9,9
20955,124,134,-10,10
20956,84,76,8,8
20957,58,61,-3,3
20958,108,102,6,6
20959,41,48,-7,7
20960,151,147,4,4
20961,113,103,10,10
20962,138,130,8,8
20963,70,78,-8,8
20964,106,106,0,0
20965,95,112,-17,17
20966,121,128,-7,7
20967,66,63,3,3
20968,98,98,0,0
20969,70,77,-7,7
20970,142,141,1,1
20971,139,144,-5,5
20972,62,56,6,6
20973,138,151,-13,13
20974,70,72,-2,2
20975,138,122,16,16
20976,105,100,5,5
20977,61,54,7,7
20978,113,108,5,5
20979,173,151,22,22
20980,94,86,8,8
20981,90,87,3,3
20982,112,120,-8,8
20983,43,48,-5,5
20984,140,145,-5,5
20985,197,191,6,6
20986,116,107,9,9
20987,229,208,21,21
20988,119,120,-1,1
20989,80,69,11,11
20990,115,128,-13,13
20991,61,71,-10,10
20992,41,52,-11,11
20993,101,94,7,7
20994,185,162,23,23
20995,46,48,-2,2
20996,221,203,18,18
20997,113,115,-2,2
20998,60,66,-6,6
20999,116,103,13,13
21000,125,111,14,14
21001,99,102,-3,3
21002,97,119,-22,22
21003,171,151,20,20
21004,79,85,-6,6
21005,73,79,-6,6
21006,80,91,-11,11
21007,148,149,-1,1
21008,111,126,-15,15
21009,110,122,-12,12
21010,84,97,-13,13
21011,60,67,-7,7
21012,94,86,8,8
21013,57,56,1,1
21014,118,118,0,0
21015,115,120,-5,5
21016,118,136,-18,18
21017,133,124,9,9
21018,67,73,-6,6
21019,148,147,1,1
21020,34,84,-50,50
21021,59,60,-1,1
21022,71,70,1,1
21023,59,64,-5,5
21024,58,75,-17,17
21025,61,63,-2,2
21026,105,106,-1,1
21027,144,139,5,5
21028,135,136,-1,1
21029,120,116,4,4
21030,180,183,-3,3
21031,177,161,16,16
21032,115,115,0,0
21033,138,135,3,3
21034,113,102,11,11
21035,97,95,2,2
21036,88,89,-1,1
21037,108,118,-10,10
21038,106,104,2,2
21039,81,83,-2,2
21040,105,107,-2,2
21041,30,44,-14,14
21042,97,100,-3,3
21043,39,45,-6,6
21044,57,53,4,4
21045,92,117,-25,25
21046,85,78,7,7
21047,94,91,3,3
21048,165,161,4,4
21049,119,145,-26,26
21050,120,107,13,13
21051,139,128,11,11
21052,42,50,-8,8
21053,78,84,-6,6
21054,78,88,-10,10
21055,73,69,4,4
21056,84,82,2,2
21057,159,152,7,7
21058,84,88,-4,4
21059,133,124,9,9
21060,87,90,-3,3
21061,147,136,11,11
21062,83,81,2,2
21063,51,47,4,4
21064,107,96,11,11
21065,62,63,-1,1
21066,94,88,6,6
21067,62,66,-4,4
21068,79,84,-5,5
21069,177,162,15,15
21070,104,90,14,14
21071,85,98,-13,13
21072,100,85,15,15
21073,69,69,0,0
21074,119,125,-6,6
21075,90,79,11,11
21076,82,76,6,6
21077,54,57,-3,3
21078,115,109,6,6
21079,74,72,2,2
21080,113,108,5,5
21081,56,59,-3,3
21082,68,78,-10,10
21083,195,177,18,18
21084,150,135,15,15
21085,62,77,-15,15
21086,71,77,-6,6
21087,81,78,3,3
21088,131,136,-5,5
21089,90,97,-7,7
21090,86,89,-3,3
21091,168,178,-10,10
21092,101,95,6,6
21093,109,106,3,3
21094,71,107,-36,36
21095,67,63,4,4
21096,115,115,0,0
21097,95,84,11,11
21098,84,75,9,9
21099,74,83,-9,9
21100,69,59,10,10
21101,63,70,-7,7
21102,127,115,12,12
21103,82,89,-7,7
21104,78,74,4,4
21105,78,79,-1,1
21106,147,153,-6,6
21107,96,95,1,1
21108,72,77,-5,5
21109,65,65,0,0
21110,107,122,-15,15
21111,119,121,-2,2
21112,101,93,8,8
21113,162,148,14,14
21114,119,111,8,8
21115,93,100,-7,7
21116,102,102,0,0
21117,145,147,-2,2
21118,94,90,4,4
21119,83,91,-8,8
21120,166,157,9,9
21121,63,76,-13,13
21122,90,89,1,1
21123,53,57,-4,4
21124,103,104,-1,1
21125,117,116,1,1
21126,99,92,7,7
21127,44,34,10,10
21128,149,142,7,7
21129,104,111,-7,7
21130,225,205,20,20
21131,101,96,5,5
21132,101,100,1,1
21133,76,76,0,0
21134,80,78,2,2
21135,70,66,4,4
21136,130,111,19,19
21137,148,140,8,8
21138,70,74,-4,4
21139,137,153,-16,16
21140,59,62,-3,3
21141,71,75,-4,4
21142,134,128,6,6
21143,116,113,3,3
21144,104,103,1,1
21145,63,72,-9,9
21146,61,61,0,0
21147,89,119,-30,30
21148,61,64,-3,3
21149,97,96,1,1
21150,102,90,12,12
21151,63,58,5,5
21152,165,140,25,25
21153,88,95,-7,7
21154,112,105,7,7
21155,90,88,2,2
21156,179,182,-3,3
21157,89,92,-3,3
21158,19,31,-12,12
21159,123,118,5,5
21160,111,139,-28,28
21161,89,82,7,7
21162,86,80,6,6
21163,92,97,-5,5
21164,93,89,4,4
21165,91,88,3,3
21166,70,70,0,0
21167,105,99,6,6
21168,85,79,6,6
21169,78,73,5,5
21170,112,118,-6,6
21171,96,98,-2,2
21172,54,62,-8,8
21173,121,101,20,20
21174,131,124,7,7
21175,66,63,3,3
21176,61,63,-2,2
21177,80,87,-7,7
21178,89,88,1,1
21179,74,70,4,4
21180,65,76,-11,11
21181,101,109,-8,8
21182,97,93,4,4
21183,108,113,-5,5
21184,96,105,-9,9
21185,132,125,7,7
21186,62,66,-4,4
21187,82,77,5,5
21188,154,143,11,11
21189,82,97,-15,15
21190,50,54,-4,4
21191,68,65,3,3
21192,124,137,-13,13
21193,74,73,1,1
21194,149,146,3,3
21195,59,69,-10,10
21196,56,57,-1,1
21197,58,58,0,0
21198,151,152,-1,1
21199,113,111,2,2
21200,74,97,-23,23
21201,71,64,7,7
21202,86,82,4,4
21203,65,63,2,2
21204,69,82,-13,13
21205,161,160,1,1
21206,89,97,-8,8
21207,36,48,-12,12
21208,55,57,-2,2
21209,97,95,2,2
21210,89,71,18,18
21211,64,62,2,2
21212,98,97,1,1
21213,89,86,3,3
21214,44,45,-1,1
21215,162,157,5,5
21216,126,139,-13,13
21217,82,79,3,3
21218,77,82,-5,5
21219,81,82,-1,1
21220,137,139,-2,2
21221,69,72,-3,3
21222,86,80,6,6
21223,67,72,-5,5
21224,101,94,7,7
21225,74,75,-1,1
21226,71,66,5,5
21227,66,69,-3,3
21228,104,96,8,8
21229,111,137,-26,26
21230,86,96,-10,10
21231,96,99,-3,3
21232,79,83,-4,4
21233,183,173,10,10
21234,89,82,7,7
21235,133,137,-4,4
21236,80,87,-7,7
21237,72,75,-3,3
21238,109,91,18,18
21239,107,90,17,17
21240,84,80,4,4
21241,67,65,2,2
21242,102,104,-2,2
21243,66,202,-136,136
21244,132,133,-1,1
21245,103,109,-6,6
21246,91,94,-3,3
21247,111,121,-10,10
21248,110,114,-4,4
21249,156,166,-10,10
21250,44,49,-5,5
21251,48,59,-11,11
21252,79,98,-19,19
21253,58,58,0,0
21254,134,127,7,7
21255,105,111,-6,6
21256,79,75,4,4
21257,124,161,-37,37
21258,109,106,3,3
21259,79,76,3,3
21260,66,62,4,4
21261,93,86,7,7
21262,93,93,0,0
21263,85,100,-15,15
21264,92,94,-2,2
21265,103,110,-7,7
21266,104,105,-1,1
21267,108,112,-4,4
21268,82,86,-4,4
21269,92,94,-2,2
21270,41,50,-9,9
21271,47,54,-7,7
21272,79,79,0,0
21273,101,116,-15,15
21274,66,69,-3,3
21275,83,78,5,5
21276,89,91,-2,2
21277,55,57,-2,2
21278,137,126,11,11
21279,92,87,5,5
21280,131,128,3,3
21281,99,99,0,0
21282,100,115,-15,15
21283,82,79,3,3
21284,57,60,-3,3
21285,74,83,-9,9
21286,79,83,-4,4
21287,83,79,4,4
21288,118,125,-7,7
21289,133,163,-30,30
21290,129,131,-2,2
21291,70,81,-11,11
21292,145,143,2,2
21293,149,128,21,21
21294,113,124,-11,11
21295,56,61,-5,5
21296,44,51,-7,7
21297,89,101,-12,12
21298,90,96,-6,6
21299,74,73,1,1
21300,117,111,6,6
21301,65,65,0,0
21302,48,54,-6,6
21303,92,92,0,0
21304,72,68,4,4
21305,83,89,-6,6
21306,63,68,-5,5
21307,135,139,-4,4
21308,147,158,-11,11
21309,142,163,-21,21
21310,122,119,3,3
21311,77,78,-1,1
21312,106,103,3,3
21313,65,71,-6,6
21314,70,72,-2,2
21315,124,123,1,1
21316,100,100,0,0
21317,56,64,-8,8
21318,72,63,9,9
21319,83,81,2,2
21320,66,67,-1,1
21321,45,52,-7,7
21322,162,163,-1,1
21323,85,78,7,7
21324,115,122,-7,7
21325,122,130,-8,8
21326,72,67,5,5
21327,68,80,-12,12
21328,65,69,-4,4
21329,84,85,-1,1
21330,161,142,19,19
21331,149,128,21,21
21332,109,110,-1,1
21333,57,55,2,2
21334,85,74,11,11
21335,100,105,-5,5
21336,171,146,25,25
21337,73,70,3,3
21338,78,75,3,3
21339,67,76,-9,9
21340,122,137,-15,15
21341,84,83,1,1
21342,171,157,14,14
21343,87,95,-8,8
21344,140,126,14,14
21345,86,102,-16,16
21346,85,98,-13,13
21347,50,57,-7,7
21348,78,84,-6,6
21349,67,64,3,3
21350,81,75,6,6
21351,75,77,-2,2
21352,91,95,-4,4
21353,119,114,5,5
21354,138,142,-4,4
21355,58,56,2,2
21356,137,132,5,5
21357,88,96,-8,8
21358,122,113,9,9
21359,106,98,8,8
21360,101,96,5,5
21361,88,95,-7,7
21362,83,83,0,0
21363,80,76,4,4
21364,111,106,5,5
21365,183,177,6,6
21366,73,72,1,1
21367,97,106,-9,9
21368,55,64,-9,9
21369,116,125,-9,9
21370,78,74,4,4
21371,99,94,5,5
21372,141,128,13,13
21373,56,57,-1,1
21374,65,67,-2,2
21375,72,66,6,6
21376,99,77,22,22
21377,96,92,4,4
21378,69,81,-12,12
21379,94,105,-11,11
21380,98,92,6,6
21381,55,58,-3,3
21382,107,115,-8,8
21383,68,65,3,3
21384,84,94,-10,10
21385,65,66,-1,1
21386,177,163,14,14
21387,62,64,-2,2
21388,182,152,30,30
21389,72,57,15,15
21390,151,145,6,6
21391,80,74,6,6
21392,122,132,-10,10
21393,136,110,26,26
21394,141,152,-11,11
21395,88,88,0,0
21396,88,88,0,0
21397,127,138,-11,11
21398,92,92,0,0
21399,74,70,4,4
21400,111,107,4,4
21401,204,194,10,10
21402,111,99,12,12
21403,59,62,-3,3
21404,129,128,1,1
21405,107,92,15,15
21406,104,97,7,7
21407,76,82,-6,6
21408,113,125,-12,12
21409,110,113,-3,3
21410,69,64,5,5
21411,67,70,-3,3
21412,85,70,15,15
21413,94,89,5,5
21414,93,87,6,6
21415,90,88,2,2
21416,61,51,10,10
21417,56,59,-3,3
21418,114,113,1,1
21419,71,69,2,2
21420,86,85,1,1
21421,114,109,5,5
21422,50,55,-5,5
21423,155,151,4,4
21424,108,127,-19,19
21425,104,95,9,9
21426,89,84,5,5
21427,75,73,2,2
21428,149,144,5,5
21429,94,90,4,4
21430,63,78,-15,15
21431,127,134,-7,7
21432,103,110,-7,7
21433,90,79,11,11
21434,64,73,-9,9
21435,144,126,18,18
21436,119,109,10,10
21437,45,56,-11,11
21438,78,78,0,0
21439,45,64,-19,19
21440,113,125,-12,12
21441,89,97,-8,8
21442,122,116,6,6
21443,93,100,-7,7
21444,54,56,-2,2
21445,89,81,8,8
21446,85,79,6,6
21447,101,110,-9,9
21448,132,152,-20,20
21449,47,49,-2,2
21450,83,79,4,4
21451,89,79,10,10
21452,77,71,6,6
21453,150,141,9,9
21454,130,117,13,13
21455,85,84,1,1
21456,114,107,7,7
21457,155,156,-1,1
21458,63,66,-3,3
21459,94,101,-7,7
21460,42,38,4,4
21461,138,132,6,6
21462,78,84,-6,6
21463,79,83,-4,4
21464,95,99,-4,4
21465,80,70,10,10
21466,80,93,-13,13
21467,39,55,-16,16
21468,143,131,12,12
21469,88,82,6,6
21470,47,53,-6,6
21471,70,71,-1,1
21472,174,171,3,3
21473,148,154,-6,6
21474,185,170,15,15
21475,122,141,-19,19
21476,138,125,13,13
21477,99,92,7,7
21478,50,55,-5,5
21479,104,94,10,10
21480,69,70,-1,1
21481,127,136,-9,9
21482,59,65,-6,6
21483,89,88,1,1
21484,81,88,-7,7
21485,64,68,-4,4
21486,124,126,-2,2
21487,75,77,-2,2
21488,102,101,1,1
21489,156,149,7,7
21490,81,82,-1,1
21491,90,83,7,7
21492,58,64,-6,6
21493,153,123,30,30
21494,100,99,1,1
21495,133,125,8,8
21496,133,132,1,1
21497,68,73,-5,5
21498,104,106,-2,2
21499,74,76,-2,2
21500,138,121,17,17
21501,83,90,-7,7
21502,125,146,-21,21
21503,98,95,3,3
21504,92,89,3,3
21505,39,35,4,4
21506,93,105,-12,12
21507,47,63,-16,16
21508,72,62,10,10
21509,138,124,14,14
21510,81,84,-3,3
21511,102,102,0,0
21512,146,151,-5,5
21513,80,80,0,0
21514,76,73,3,3
21515,130,135,-5,5
21516,138,116,22,22
21517,69,75,-6,6
21518,134,116,18,18
21519,73,75,-2,2
21520,55,65,-10,10
21521,68,74,-6,6
21522,78,97,-19,19
21523,85,86,-1,1
21524,118,112,6,6
21525,80,75,5,5
21526,153,165,-12,12
21527,81,73,8,8
21528,85,79,6,6
21529,117,109,8,8
21530,126,128,-2,2
21531,34,44,-10,10
21532,72,68,4,4
21533,138,123,15,15
21534,82,78,4,4
21535,113,119,-6,6
21536,63,76,-13,13
21537,80,74,6,6
21538,67,67,0,0
21539,117,137,-20,20
21540,120,112,8,8
21541,75,69,6,6
21542,117,120,-3,3
21543,103,108,-5,5
21544,149,149,0,0
21545,169,174,-5,5
21546,85,90,-5,5
21547,91,82,9,9
21548,121,125,-4,4
21549,95,117,-22,22
21550,123,131,-8,8
21551,36,51,-15,15
21552,71,66,5,5
21553,106,109,-3,3
21554,101,92,9,9
21555,60,80,-20,20
21556,68,66,2,2
21557,76,73,3,3
21558,91,90,1,1
21559,84,84,0,0
21560,97,94,3,3
21561,75,73,2,2
21562,44,51,-7,7
21563,78,62,16,16
21564,55,55,0,0
21565,106,123,-17,17
21566,125,107,18,18
21567,185,172,13,13
21568,148,177,-29,29
21569,156,133,23,23
21570,128,119,9,9
21571,96,99,-3,3
21572,99,98,1,1
21573,63,77,-14,14
21574,78,84,-6,6
21575,162,144,18,18
21576,75,78,-3,3
21577,103,108,-5,5
21578,110,110,0,0
21579,116,116,0,0
21580,51,64,-13,13
21581,126,123,3,3
21582,37,53,-16,16
21583,109,81,28,28
21584,115,118,-3,3
21585,70,63,7,7
21586,94,126,-32,32
21587,113,103,10,10
21588,91,90,1,1
21589,71,82,-11,11
21590,55,61,-6,6
21591,63,78,-15,15
21592,59,62,-3,3
21593,81,81,0,0
21594,135,128,7,7
21595,95,89,6,6
21596,67,78,-11,11
21597,80,86,-6,6
21598,73,89,-16,16
21599,98,93,5,5
21600,104,96,8,8
21601,63,59,4,4
21602,60,63,-3,3
21603,117,114,3,3
21604,60,61,-1,1
21605,127,128,-1,1
21606,121,109,12,12
21607,118,108,10,10
21608,80,78,2,2
21609,77,79,-2,2
21610,104,93,11,11
21611,182,175,7,7
21612,90,94,-4,4
21613,49,53,-4,4
21614,86,90,-4,4
21615,88,86,2,2
21616,114,114,0,0
21617,56,57,-1,1
21618,66,61,5,5
21619,68,142,-74,74
21620,88,90,-2,2
21621,45,78,-33,33
21622,231,223,8,8
21623,136,131,5,5
21624,69,67,2,2
21625,123,128,-5,5
21626,60,59,1,1
21627,72,74,-2,2
21628,84,96,-12,12
21629,123,122,1,1
21630,58,73,-15,15
21631,58,57,1,1
21632,71,68,3,3
21633,97,92,5,5
21634,61,69,-8,8
21635,57,68,-11,11
21636,172,156,16,16
21637,62,66,-4,4
21638,112,117,-5,5
21639,126,126,0,0
21640,85,79,6,6
21641,105,117,-12,12
21642,100,100,0,0
21643,117,134,-17,17
21644,76,91,-15,15
21645,85,90,-5,5
21646,187,176,11,11
21647,145,137,8,8
21648,64,69,-5,5
21649,107,97,10,10
21650,140,123,17,17
21651,46,71,-25,25
21652,63,64,-1,1
21653,93,98,-5,5
21654,111,116,-5,5
21655,60,61,-1,1
21656,120,111,9,9
21657,67,72,-5,5
21658,157,157,0,0
21659,133,130,3,3
21660,112,131,-19,19
21661,119,138,-19,19
21662,86,85,1,1
21663,128,133,-5,5
21664,109,99,10,10
21665,133,127,6,6
21666,62,59,3,3
21667,167,155,12,12
21668,122,116,6,6
21669,42,44,-2,2
21670,66,64,2,2
21671,110,115,-5,5
21672,84,96,-12,12
21673,115,124,-9,9
21674,174,163,11,11
21675,85,63,22,22
21676,100,103,-3,3
21677,56,56,0,0
21678,72,58,14,14
21679,87,89,-2,2
21680,70,91,-21,21
21681,76,72,4,4
21682,89,90,-1,1
21683,69,68,1,1
21684,175,160,15,15
21685,191,173,18,18
21686,66,67,-1,1
21687,145,125,20,20
21688,127,121,6,6
21689,54,56,-2,2
21690,70,62,8,8
21691,67,69,-2,2
21692,77,75,2,2
21693,119,117,2,2
21694,38,51,-13,13
21695,77,80,-3,3
21696,49,41,8,8
21697,63,67,-4,4
21698,40,40,0,0
21699,69,71,-2,2
21700,35,52,-17,17
21701,93,82,11,11
21702,61,82,-21,21
21703,50,54,-4,4
21704,113,117,-4,4
21705,123,108,15,15
21706,75,72,3,3
21707,94,102,-8,8
21708,71,80,-9,9
21709,114,114,0,0
21710,68,67,1,1
21711,129,145,-16,16
21712,61,60,1,1
21713,92,87,5,5
21714,76,72,4,4
21715,106,97,9,9
21716,123,123,0,0
21717,89,87,2,2
21718,88,94,-6,6
21719,48,61,-13,13
21720,87,94,-7,7
21721,53,76,-23,23
21722,120,115,5,5
21723,105,105,0,0
21724,117,106,11,11
21725,128,131,-3,3
21726,173,153,20,20
21727,85,89,-4,4
21728,97,88,9,9
21729,101,100,1,1
21730,67,72,-5,5
21731,71,73,-2,2
21732,89,84,5,5
21733,85,95,-10,10
21734,83,83,0,0
21735,78,72,6,6
21736,76,79,-3,3
21737,115,105,10,10
21738,68,68,0,0
21739,75,73,2,2
21740,106,93,13,13
21741,76,77,-1,1
21742,123,119,4,4
21743,82,91,-9,9
21744,82,87,-5,5
21745,162,161,1,1
21746,64,69,-5,5
21747,66,64,2,2
21748,48,48,0,0
21749,86,86,0,0
21750,59,63,-4,4
21751,118,120,-2,2
21752,75,75,0,0
21753,138,135,3,3
21754,50,54,-4,4
21755,96,83,13,13
21756,68,61,7,7
21757,83,91,-8,8
21758,93,108,-15,15
21759,78,89,-11,11
21760,45,52,-7,7
21761,85,83,2,2
21762,123,101,22,22
21763,42,48,-6,6
21764,84,79,5,5
21765,123,120,3,3
21766,45,54,-9,9
21767,88,89,-1,1
21768,85,81,4,4
21769,79,71,8,8
21770,75,76,-1,1
21771,125,122,3,3
21772,33,45,-12,12
21773,84,83,1,1
21774,117,122,-5,5
21775,79,76,3,3
21776,190,185,5,5
21777,112,114,-2,2
21778,86,91,-5,5
21779,115,112,3,3
21780,74,75,-1,1
21781,85,88,-3,3
21782,28,29,-1,1
21783,45,56,-11,11
21784,115,118,-3,3
21785,92,91,1,1
21786,78,72,6,6
21787,129,126,3,3
21788,119,108,11,11
21789,78,78,0,0
21790,78,75,3,3
21791,211,194,17,17
21792,95,102,-7,7
21793,101,95,6,6
21794,163,154,9,9
21795,168,152,16,16
21796,109,111,-2,2
21797,98,115,-17,17
21798,61,64,-3,3
21799,131,146,-15,15
21800,74,75,-1,1
21801,66,79,-13,13
21802,130,116,14,14
21803,71,75,-4,4
21804,135,136,-1,1
21805,88,79,9,9
21806,150,168,-18,18
21807,152,129,23,23
21808,117,104,13,13
21809,133,125,8,8
21810,77,73,4,4
21811,75,70,5,5
21812,63,54,9,9
21813,73,68,5,5
21814,72,72,0,0
21815,62,81,-19,19
21816,98,105,-7,7
21817,103,97,6,6
21818,167,193,-26,26
21819,73,85,-12,12
21820,68,65,3,3
21821,104,101,3,3
21822,96,105,-9,9
21823,165,158,7,7
21824,128,134,-6,6
21825,147,139,8,8
21826,139,142,-3,3
21827,156,148,8,8
21828,86,93,-7,7
21829,78,77,1,1
21830,78,82,-4,4
21831,89,83,6,6
21832,115,100,15,15
21833,122,125,-3,3
21834,47,65,-18,18
21835,60,67,-7,7
21836,87,99,-12,12
21837,77,81,-4,4
21838,115,104,11,11
21839,105,103,2,2
21840,120,121,-1,1
21841,95,120,-25,25
21842,103,94,9,9
21843,57,58,-1,1
21844,132,130,2,2
21845,118,90,28,28
21846,134,123,11,11
21847,85,92,-7,7
21848,130,140,-10,10
21849,107,111,-4,4
21850,112,105,7,7
21851,63,66,-3,3
21852,176,161,15,15
21853,83,80,3,3
21854,88,97,-9,9
21855,141,129,12,12
21856,121,117,4,4
21857,119,115,4,4
21858,51,61,-10,10
21859,60,60,0,0
21860,103,96,7,7
21861,122,120,2,2
21862,79,80,-1,1
21863,103,95,8,8
21864,86,90,-4,4
21865,58,66,-8,8
21866,103,113,-10,10
21867,89,87,2,2
21868,94,82,12,12
21869,115,116,-1,1
21870,151,159,-8,8
21871,97,94,3,3
21872,88,83,5,5
21873,78,81,-3,3
21874,79,74,5,5
21875,51,49,2,2
21876,77,85,-8,8
21877,98,92,6,6
21878,160,146,14,14
21879,114,120,-6,6
21880,95,106,-11,11
21881,77,87,-10,10
21882,75,78,-3,3
21883,142,151,-9,9
21884,72,76,-4,4
21885,150,133,17,17
21886,67,72,-5,5
21887,104,105,-1,1
21888,95,107,-12,12
21889,116,110,6,6
21890,43,74,-31,31
21891,98,91,7,7
21892,85,77,8,8
21893,93,91,2,2
21894,106,106,0,0
21895,99,94,5,5
21896,179,154,25,25
21897,61,75,-14,14
21898,77,77,0,0
21899,64,62,2,2
21900,90,87,3,3
21901,106,117,-11,11
21902,67,65,2,2
21903,102,107,-5,5
21904,94,59,35,35
21905,92,85,7,7
21906,81,77,4,4
21907,84,83,1,1
21908,131,135,-4,4
21909,96,115,-19,19
21910,89,87,2,2
21911,107,105,2,2
21912,73,83,-10,10
21913,81,79,2,2
21914,69,80,-11,11
21915,73,73,0,0
21916,150,159,-9,9
21917,115,103,12,12
21918,90,84,6,6
21919,63,60,3,3
21920,138,130,8,8
21921,125,137,-12,12
21922,111,110,1,1
21923,124,116,8,8
21924,37,47,-10,10
21925,114,115,-1,1
21926,67,64,3,3
21927,116,123,-7,7
21928,134,151,-17,17
21929,58,57,1,1
21930,75,77,-2,2
21931,119,125,-6,6
21932,94,85,9,9
21933,72,73,-1,1
21934,144,147,-3,3
21935,86,82,4,4
21936,112,114,-2,2
21937,57,57,0,0
21938,121,126,-5,5
21939,118,111,7,7
21940,79,79,0,0
21941,53,52,1,1
21942,61,55,6,6
21943,90,92,-2,2
21944,114,118,-4,4
21945,101,105,-4,4
21946,180,182,-2,2
21947,136,155,-19,19
21948,100,99,1,1
21949,107,108,-1,1
21950,95,104,-9,9
21951,75,77,-2,2
21952,86,98,-12,12
21953,71,72,-1,1
21954,126,120,6,6
21955,125,120,5,5
21956,162,146,16,16
21957,71,78,-7,7
21958,60,59,1,1
21959,118,120,-2,2
21960,104,63,41,41
21961,117,114,3,3
21962,144,133,11,11
21963,78,82,-4,4
21964,95,91,4,4
21965,157,162,-5,5
21966,70,73,-3,3
21967,68,78,-10,10
21968,125,119,6,6
21969,111,100,11,11
21970,112,106,6,6
21971,118,113,5,5
21972,71,59,12,12
21973,126,114,12,12
21974,96,93,3,3
21975,59,51,8,8
21976,82,99,-17,17
21977,101,118,-17,17
21978,80,89,-9,9
21979,61,61,0,0
21980,89,106,-17,17
21981,107,100,7,7
21982,55,64,-9,9
21983,99,96,3,3
21984,131,132,-1,1
21985,80,77,3,3
21986,110,103,7,7
21987,94,93,1,1
21988,32,46,-14,14
21989,105,104,1,1
21990,103,112,-9,9
21991,152,150,2,2
21992,136,131,5,5
21993,78,78,0,0
21994,68,60,8,8
21995,68,73,-5,5
21996,36,47,-11,11
21997,111,116,-5,5
21998,64,65,-1,1
21999,70,71,-1,1
22000,89,87,2,2
22001,103,106,-3,3
22002,79,84,-5,5
22003,175,176,-1,1
22004,103,112,-9,9
22005,84,83,1,1
22006,79,74,5,5
22007,93,100,-7,7
22008,124,112,12,12
22009,106,100,6,6
22010,144,136,8,8
22011,100,103,-3,3
22012,70,80,-10,10
22013,122,132,-10,10
22014,101,83,18,18
22015,125,112,13,13
22016,94,90,4,4
22017,134,150,-16,16
22018,69,76,-7,7
22019,119,112,7,7
22020,106,88,18,18
22021,122,116,6,6
22022,54,55,-1,1
22023,89,87,2,2
22024,76,84,-8,8
22025,86,98,-12,12
22026,144,131,13,13
22027,93,83,10,10
22028,105,108,-3,3
22029,101,96,5,5
22030,81,84,-3,3
22031,85,80,5,5
22032,157,142,15,15
22033,112,116,-4,4
22034,76,80,-4,4
22035,85,95,-10,10
22036,141,133,8,8
22037,87,90,-3,3
22038,71,73,-2,2
22039,104,112,-8,8
22040,73,74,-1,1
22041,143,147,-4,4
22042,92,95,-3,3
22043,80,87,-7,7
22044,98,100,-2,2
22045,80,78,2,2
22046,54,62,-8,8
22047,134,155,-21,21
22048,70,68,2,2
22049,114,107,7,7
22050,80,71,9,9
22051,90,86,4,4
22052,82,91,-9,9
22053,103,99,4,4
22054,82,83,-1,1
22055,92,90,2,2
22056,82,79,3,3
22057,66,64,2,2
22058,124,155,-31,31
22059,61,70,-9,9
22060,63,64,-1,1
22061,91,88,3,3
22062,72,71,1,1
22063,54,59,-5,5
22064,87,90,-3,3
22065,104,121,-17,17
22066,61,62,-1,1
22067,125,117,8,8
22068,129,135,-6,6
22069,33,48,-15,15
22070,97,97,0,0
22071,73,92,-19,19
22072,154,139,15,15
22073,74,73,1,1
22074,125,123,2,2
22075,54,59,-5,5
22076,68,74,-6,6
22077,91,90,1,1
22078,68,64,4,4
22079,92,104,-12,12
22080,117,110,7,7
22081,98,102,-4,4
22082,124,110,14,14
22083,71,80,-9,9
22084,66,70,-4,4
22085,37,50,-13,13
22086,108,106,2,2
22087,59,66,-7,7
22088,84,83,1,1
22089,162,147,15,15
22090,108,111,-3,3
22091,120,116,4,4
22092,102,109,-7,7
22093,68,82,-14,14
22094,146,117,29,29
22095,116,118,-2,2
22096,66,65,1,1
22097,67,73,-6,6
22098,46,56,-10,10
22099,92,90,2,2
22100,150,131,19,19
22101,58,52,6,6
22102,103,109,-6,6
22103,112,107,5,5
22104,90,100,-10,10
22105,98,102,-4,4
22106,54,60,-6,6
22107,76,81,-5,5
22108,77,82,-5,5
22109,111,106,5,5
22110,118,120,-2,2
22111,125,122,3,3
22112,94,106,-12,12
22113,73,81,-8,8
22114,173,173,0,0
22115,155,164,-9,9
22116,120,128,-8,8
22117,86,85,1,1
22118,115,116,-1,1
22119,149,135,14,14
22120,68,81,-13,13
22121,130,120,10,10
22122,65,70,-5,5
22123,63,48,15,15
22124,39,51,-12,12
22125,82,84,-2,2
22126,74,67,7,7
22127,57,71,-14,14
22128,105,106,-1,1
22129,106,102,4,4
22130,126,151,-25,25
22131,113,102,11,11
22132,109,109,0,0
22133,95,102,-7,7
22134,86,82,4,4
22135,99,100,-1,1
22136,65,77,-12,12
22137,70,76,-6,6
22138,66,61,5,5
22139,45,54,-9,9
22140,77,79,-2,2
22141,50,61,-11,11
22142,105,122,-17,17
22143,101,107,-6,6
22144,62,69,-7,7
22145,82,73,9,9
22146,69,63,6,6
22147,122,141,-19,19
22148,147,135,12,12
22149,220,269,-49,49
22150,69,74,-5,5
22151,93,93,0,0
22152,111,116,-5,5
22153,152,144,8,8
22154,124,113,11,11
22155,43,55,-12,12
22156,112,95,17,17
22157,83,84,-1,1
22158,140,144,-4,4
22159,110,110,0,0
22160,71,77,-6,6
22161,96,110,-14,14
22162,148,148,0,0
22163,53,46,7,7
22164,120,110,10,10
22165,188,176,12,12
22166,29,51,-22,22
22167,117,122,-5,5
22168,104,105,-1,1
22169,81,81,0,0
22170,124,118,6,6
22171,103,119,-16,16
22172,139,137,2,2
22173,79,74,5,5
22174,133,138,-5,5
22175,112,123,-11,11
22176,99,112,-13,13
22177,101,94,7,7
22178,75,72,3,3
22179,110,100,10,10
22180,121,122,-1,1
22181,110,99,11,11
22182,68,85,-17,17
22183,99,102,-3,3
22184,67,71,-4,4
22185,72,81,-9,9
22186,151,133,18,18
22187,87,100,-13,13
22188,83,84,-1,1
22189,58,65,-7,7
22190,56,63,-7,7
22191,72,70,2,2
22192,91,97,-6,6
22193,61,62,-1,1
22194,95,82,13,13
22195,101,109,-8,8
22196,98,100,-2,2
22197,128,137,-9,9
22198,183,183,0,0
22199,68,66,2,2
22200,97,99,-2,2
22201,74,67,7,7
22202,127,130,-3,3
22203,91,84,7,7
22204,95,96,-1,1
22205,83,75,8,8
22206,130,124,6,6
22207,143,100,43,43
22208,68,74,-6,6
22209,72,70,2,2
22210,81,82,-1,1
22211,63,66,-3,3
22212,92,96,-4,4
22213,70,82,-12,12
22214,114,116,-2,2
22215,119,110,9,9
22216,130,136,-6,6
22217,94,93,1,1
22218,104,109,-5,5
22219,99,105,-6,6
22220,55,58,-3,3
22221,111,115,-4,4
22222,101,98,3,3
22223,86,88,-2,2
22224,89,91,-2,2
22225,91,120,-29,29
22226,140,142,-2,2
22227,74,77,-3,3
22228,82,81,1,1
22229,103,83,20,20
22230,104,100,4,4
22231,75,86,-11,11
22232,92,96,-4,4
22233,53,55,-2,2
22234,74,89,-15,15
22235,38,46,-8,8
22236,141,146,-5,5
22237,91,72,19,19
22238,97,94,3,3
22239,115,127,-12,12
22240,141,131,10,10
22241,72,84,-12,12
22242,87,99,-12,12
22243,114,113,1,1
22244,96,89,7,7
22245,68,74,-6,6
22246,123,133,-10,10
22247,91,89,2,2
22248,91,91,0,0
22249,116,121,-5,5
22250,49,67,-18,18
22251,57,58,-1,1
22252,124,133,-9,9
22253,88,94,-6,6
22254,129,131,-2,2
22255,55,63,-8,8
22256,188,181,7,7
22257,64,72,-8,8
22258,71,73,-2,2
22259,45,46,-1,1
22260,93,95,-2,2
22261,68,68,0,0
22262,161,169,-8,8
22263,69,79,-10,10
22264,113,116,-3,3
22265,74,90,-16,16
22266,58,65,-7,7
22267,149,158,-9,9
22268,49,53,-4,4
22269,96,93,3,3
22270,122,125,-3,3
22271,92,89,3,3
22272,124,129,-5,5
22273,93,99,-6,6
22274,149,159,-10,10
22275,179,179,0,0
22276,147,141,6,6
22277,121,105,16,16
22278,62,67,-5,5
22279,50,61,-11,11
22280,54,61,-7,7
22281,104,89,15,15
22282,73,72,1,1
22283,101,102,-1,1
22284,71,82,-11,11
22285,90,95,-5,5
22286,71,74,-3,3
22287,72,77,-5,5
22288,61,91,-30,30
22289,65,64,1,1
22290,81,81,0,0
22291,37,53,-16,16
22292,65,69,-4,4
22293,128,128,0,0
22294,55,84,-29,29
22295,55,63,-8,8
22296,131,120,11,11
22297,67,65,2,2
22298,138,124,14,14
22299,66,67,-1,1
22300,62,64,-2,2
22301,187,178,9,9
22302,127,113,14,14
22303,105,111,-6,6
22304,78,77,1,1
22305,94,88,6,6
22306,94,113,-19,19
22307,108,110,-2,2
22308,135,130,5,5
22309,78,75,3,3
22310,87,110,-23,23
22311,59,62,-3,3
22312,134,144,-10,10
22313,89,84,5,5
22314,79,87,-8,8
22315,27,48,-21,21
22316,74,66,8,8
22317,56,64,-8,8
22318,121,120,1,1
22319,88,98,-10,10
22320,145,174,-29,29
22321,99,98,1,1
22322,127,117,10,10
22323,85,84,1,1
22324,91,77,14,14
22325,184,190,-6,6
22326,76,74,2,2
22327,86,80,6,6
22328,88,89,-1,1
22329,156,149,7,7
22330,106,116,-10,10
22331,102,87,15,15
22332,106,102,4,4
22333,87,90,-3,3
22334,60,60,0,0
22335,82,81,1,1
22336,112,94,18,18
22337,118,120,-2,2
22338,75,67,8,8
22339,94,96,-2,2
22340,57,66,-9,9
22341,96,91,5,5
22342,67,77,-10,10
22343,78,97,-19,19
22344,114,111,3,3
22345,70,66,4,4
22346,60,60,0,0
22347,91,92,-1,1
22348,86,81,5,5
22349,84,88,-4,4
22350,75,77,-2,2
22351,133,152,-19,19
22352,193,189,4,4
22353,68,70,-2,2
22354,139,130,9,9
22355,57,81,-24,24
22356,110,106,4,4
22357,83,100,-17,17
22358,159,133,26,26
22359,110,111,-1,1
22360,150,138,12,12
22361,95,98,-3,3
22362,139,125,14,14
22363,72,52,20,20
22364,147,140,7,7
22365,89,84,5,5
22366,136,122,14,14
22367,47,51,-4,4
22368,158,162,-4,4
22369,111,110,1,1
22370,99,90,9,9
22371,112,112,0,0
22372,82,89,-7,7
22373,38,39,-1,1
22374,82,79,3,3
22375,80,84,-4,4
22376,119,114,5,5
22377,68,88,-20,20
22378,117,118,-1,1
22379,76,85,-9,9
22380,94,95,-1,1
22381,68,76,-8,8
22382,49,60,-11,11
22383,59,61,-2,2
22384,135,137,-2,2
22385,111,124,-13,13
22386,102,104,-2,2
22387,118,109,9,9
22388,90,85,5,5
22389,62,62,0,0
22390,104,102,2,2
22391,120,115,5,5
22392,105,109,-4,4
22393,131,117,14,14
22394,103,115,-12,12
22395,117,111,6,6
22396,92,93,-1,1
22397,70,80,-10,10
22398,108,117,-9,9
22399,71,71,0,0
22400,58,66,-8,8
22401,91,83,8,8
22402,98,92,6,6
22403,40,60,-20,20
22404,92,83,9,9
22405,100,109,-9,9
22406,138,152,-14,14
22407,132,124,8,8
22408,101,110,-9,9
22409,71,82,-11,11
22410,86,84,2,2
22411,107,104,3,3
22412,85,86,-1,1
22413,68,73,-5,5
22414,80,78,2,2
22415,125,121,4,4
22416,99,93,6,6
22417,122,118,4,4
22418,190,168,22,22
22419,109,99,10,10
22420,83,71,12,12
22421,121,144,-23,23
22422,79,88,-9,9
22423,142,167,-25,25
22424,63,66,-3,3
22425,66,67,-1,1
22426,114,104,10,10
22427,80,88,-8,8
22428,72,75,-3,3
22429,190,177,13,13
22430,91,94,-3,3
22431,152,150,2,2
22432,74,64,10,10
22433,88,90,-2,2
22434,181,187,-6,6
22435,118,119,-1,1
22436,131,112,19,19
22437,64,105,-41,41
22438,86,88,-2,2
22439,74,83,-9,9
22440,79,77,2,2
22441,99,103,-4,4
22442,169,164,5,5
22443,68,63,5,5
22444,79,78,1,1
22445,181,169,12,12
22446,119,115,4,4
22447,120,111,9,9
22448,67,71,-4,4
22449,67,77,-10,10
22450,76,75,1,1
22451,87,87,0,0
22452,91,71,20,20
22453,161,140,21,21
22454,58,60,-2,2
22455,57,65,-8,8
22456,95,109,-14,14
22457,63,68,-5,5
22458,64,67,-3,3
22459,55,58,-3,3
22460,136,126,10,10
22461,107,105,2,2
22462,83,86,-3,3
22463,52,66,-14,14
22464,127,138,-11,11
22465,90,93,-3,3
22466,141,135,6,6
22467,87,94,-7,7
22468,99,99,0,0
22469,67,80,-13,13
22470,79,78,1,1
22471,102,99,3,3
22472,168,170,-2,2
22473,154,152,2,2
22474,118,125,-7,7
22475,68,82,-14,14
22476,109,115,-6,6
22477,41,47,-6,6
22478,65,77,-12,12
22479,108,107,1,1
22480,26,42,-16,16
22481,99,108,-9,9
22482,137,141,-4,4
22483,180,168,12,12
22484,223,201,22,22
22485,103,87,16,16
22486,91,85,6,6
22487,120,124,-4,4
22488,73,76,-3,3
22489,69,75,-6,6
22490,76,120,-44,44
22491,73,64,9,9
22492,41,42,-1,1
22493,143,151,-8,8
22494,121,133,-12,12
22495,97,111,-14,14
22496,86,106,-20,20
22497,80,88,-8,8
22498,105,103,2,2
22499,111,98,13,13
22500,133,145,-12,12
22501,120,119,1,1
22502,156,172,-16,16
22503,100,101,-1,1
22504,41,50,-9,9
22505,94,99,-5,5
22506,59,57,2,2
22507,71,74,-3,3
22508,68,72,-4,4
22509,102,94,8,8
22510,134,138,-4,4
22511,60,61,-1,1
22512,169,145,24,24
22513,80,84,-4,4
22514,126,157,-31,31
22515,146,136,10,10
22516,128,127,1,1
22517,67,60,7,7
22518,92,104,-12,12
22519,72,81,-9,9
22520,79,82,-3,3
22521,102,110,-8,8
22522,62,61,1,1
22523,59,65,-6,6
22524,116,103,13,13
22525,96,99,-3,3
22526,86,85,1,1
22527,68,77,-9,9
22528,90,97,-7,7
22529,90,92,-2,2
22530,141,136,5,5
22531,109,109,0,0
22532,51,66,-15,15
22533,107,94,13,13
22534,130,124,6,6
22535,103,108,-5,5
22536,49,59,-10,10
22537,106,108,-2,2
22538,87,85,2,2
22539,68,68,0,0
22540,88,92,-4,4
22541,79,76,3,3
22542,104,91,13,13
22543,94,94,0,0
22544,123,116,7,7
22545,98,86,12,12
22546,123,112,11,11
22547,104,110,-6,6
22548,60,63,-3,3
22549,70,72,-2,2
22550,89,85,4,4
22551,122,121,1,1
22552,55,61,-6,6
22553,141,143,-2,2
22554,80,81,-1,1
22555,97,106,-9,9
22556,126,111,15,15
22557,73,81,-8,8
22558,63,76,-13,13
22559,151,123,28,28
22560,109,108,1,1
22561,161,163,-2,2
22562,80,81,-1,1
22563,126,115,11,11
22564,89,84,5,5
22565,95,91,4,4
22566,163,158,5,5
22567,121,111,10,10
22568,80,88,-8,8
22569,79,75,4,4
22570,94,88,6,6
22571,143,140,3,3
22572,95,87,8,8
22573,108,118,-10,10
22574,94,91,3,3
22575,102,105,-3,3
22576,84,104,-20,20
22577,80,77,3,3
22578,135,137,-2,2
22579,98,89,9,9
22580,113,117,-4,4
22581,85,146,-61,61
22582,97,97,0,0
22583,67,73,-6,6
22584,135,128,7,7
22585,31,38,-7,7
22586,154,172,-18,18
22587,136,131,5,5
22588,35,39,-4,4
22589,145,129,16,16
22590,76,71,5,5
22591,89,90,-1,1
22592,84,87,-3,3
22593,82,101,-19,19
22594,76,75,1,1
22595,88,92,-4,4
22596,85,81,4,4
22597,109,120,-11,11
22598,165,162,3,3
22599,88,93,-5,5
22600,54,60,-6,6
22601,93,83,10,10
22602,66,74,-8,8
22603,75,80,-5,5
22604,55,60,-5,5
22605,72,77,-5,5
22606,113,110,3,3
22607,127,123,4,4
22608,53,44,9,9
22609,94,99,-5,5
22610,90,91,-1,1
22611,65,71,-6,6
22612,60,66,-6,6
22613,59,54,5,5
22614,107,104,3,3
22615,93,106,-13,13
22616,128,130,-2,2
22617,55,58,-3,3
22618,93,99,-6,6
22619,79,82,-3,3
22620,148,129,19,19
22621,129,118,11,11
22622,51,63,-12,12
22623,92,85,7,7
22624,93,114,-21,21
22625,114,116,-2,2
22626,72,78,-6,6
22627,92,103,-11,11
22628,81,80,1,1
22629,69,74,-5,5
22630,93,95,-2,2
22631,189,188,1,1
22632,71,79,-8,8
22633,87,85,2,2
22634,48,115,-67,67
22635,94,99,-5,5
22636,116,134,-18,18
22637,62,58,4,4
22638,240,222,18,18
22639,104,107,-3,3
22640,80,87,-7,7
22641,66,62,4,4
22642,100,96,4,4
22643,133,134,-1,1
22644,103,101,2,2
22645,137,146,-9,9
22646,165,161,4,4
22647,125,126,-1,1
22648,86,85,1,1
22649,95,88,7,7
22650,103,119,-16,16
22651,140,126,14,14
22652,95,96,-1,1
22653,68,69,-1,1
22654,52,66,-14,14
22655,77,77,0,0
22656,121,115,6,6
22657,107,113,-6,6
22658,98,103,-5,5
22659,100,96,4,4
22660,81,81,0,0
22661,46,46,0,0
22662,162,166,-4,4
22663,136,111,25,25
22664,85,89,-4,4
22665,83,76,7,7
22666,135,130,5,5
22667,39,49,-10,10
22668,61,61,0,0
22669,73,63,10,10
22670,87,76,11,11
22671,76,80,-4,4
22672,84,106,-22,22
22673,94,89,5,5
22674,163,169,-6,6
22675,80,96,-16,16
22676,86,104,-18,18
22677,152,146,6,6
22678,100,110,-10,10
22679,75,76,-1,1
22680,92,87,5,5
22681,84,69,15,15
22682,144,139,5,5
22683,69,66,3,3
22684,109,120,-11,11
22685,109,93,16,16
22686,88,75,13,13
22687,67,75,-8,8
22688,115,111,4,4
22689,125,131,-6,6
22690,95,101,-6,6
22691,87,85,2,2
22692,98,103,-5,5
22693,83,97,-14,14
22694,101,112,-11,11
22695,51,56,-5,5
22696,108,113,-5,5
22697,136,142,-6,6
22698,208,193,15,15
22699,121,114,7,7
22700,84,75,9,9
22701,86,79,7,7
22702,148,135,13,13
22703,110,131,-21,21
22704,117,117,0,0
22705,96,100,-4,4
22706,69,70,-1,1
22707,137,124,13,13
22708,66,68,-2,2
22709,89,72,17,17
22710,44,50,-6,6
22711,136,130,6,6
22712,128,111,17,17
22713,73,83,-10,10
22714,155,156,-1,1
22715,89,77,12,12
22716,87,71,16,16
22717,147,143,4,4
22718,64,64,0,0
22719,37,45,-8,8
22720,122,120,2,2
22721,44,90,-46,46
22722,126,124,2,2
22723,60,69,-9,9
22724,148,137,11,11
22725,134,139,-5,5
22726,87,83,4,4
22727,135,150,-15,15
22728,90,92,-2,2
22729,60,65,-5,5
22730,86,77,9,9
22731,150,152,-2,2
22732,59,71,-12,12
22733,111,98,13,13
22734,54,63,-9,9
22735,158,146,12,12
22736,135,127,8,8
22737,32,36,-4,4
22738,63,64,-1,1
22739,117,106,11,11
22740,83,87,-4,4
22741,54,57,-3,3
22742,151,126,25,25
22743,64,65,-1,1
22744,44,55,-11,11
22745,138,135,3,3
22746,48,57,-9,9
22747,123,116,7,7
22748,97,105,-8,8
22749,59,67,-8,8
22750,96,92,4,4
22751,19,20,-1,1
22752,112,122,-10,10
22753,131,152,-21,21
22754,153,155,-2,2
22755,100,108,-8,8
22756,183,180,3,3
22757,121,117,4,4
22758,129,123,6,6
22759,93,107,-14,14
22760,89,90,-1,1
22761,92,88,4,4
22762,81,102,-21,21
22763,133,137,-4,4
22764,77,86,-9,9
22765,63,59,4,4
22766,66,59,7,7
22767,74,86,-12,12
22768,150,160,-10,10
22769,76,92,-16,16
22770,68,47,21,21
22771,73,74,-1,1
22772,93,91,2,2
22773,90,91,-1,1
22774,81,98,-17,17
22775,59,58,1,1
22776,160,140,20,20
22777,47,51,-4,4
22778,109,139,-30,30
22779,133,131,2,2
22780,114,111,3,3
22781,89,77,12,12
22782,86,85,1,1
22783,95,95,0,0
22784,149,156,-7,7
22785,86,86,0,0
22786,112,110,2,2
22787,61,104,-43,43
22788,32,48,-16,16
22789,141,139,2,2
22790,106,107,-1,1
22791,62,66,-4,4
22792,98,100,-2,2
22793,169,143,26,26
22794,75,88,-13,13
22795,113,113,0,0
22796,69,72,-3,3
22797,54,71,-17,17
22798,72,81,-9,9
22799,140,143,-3,3
22800,86,89,-3,3
22801,106,115,-9,9
22802,81,87,-6,6
22803,109,104,5,5
22804,120,106,14,14
22805,103,103,0,0
22806,201,189,12,12
22807,115,140,-25,25
22808,94,96,-2,2
22809,110,121,-11,11
22810,90,86,4,4
22811,117,111,6,6
22812,80,77,3,3
22813,136,136,0,0
22814,95,93,2,2
22815,121,107,14,14
22816,38,45,-7,7
22817,100,91,9,9
22818,83,93,-10,10
22819,102,102,0,0
22820,100,95,5,5
22821,67,74,-7,7
22822,88,129,-41,41
22823,68,69,-1,1
22824,145,146,-1,1
22825,86,86,0,0
22826,107,90,17,17
22827,85,93,-8,8
22828,102,115,-13,13
22829,132,137,-5,5
22830,61,66,-5,5
22831,70,63,7,7
22832,91,93,-2,2
22833,139,134,5,5
22834,51,55,-4,4
22835,39,46,-7,7
22836,100,92,8,8
22837,93,98,-5,5
22838,89,100,-11,11
22839,92,96,-4,4
22840,35,49,-14,14
22841,93,93,0,0
22842,64,72,-8,8
22843,62,60,2,2
22844,102,87,15,15
22845,101,101,0,0
22846,93,95,-2,2
22847,63,66,-3,3
22848,88,88,0,0
22849,80,85,-5,5
22850,134,87,47,47
22851,77,75,2,2
22852,73,77,-4,4
22853,57,59,-2,2
22854,118,82,36,36
22855,134,123,11,11
22856,127,134,-7,7
22857,88,81,7,7
22858,91,90,1,1
22859,110,110,0,0
22860,46,43,3,3
22861,105,112,-7,7
22862,103,113,-10,10
22863,108,98,10,10
22864,93,95,-2,2
22865,75,83,-8,8
22866,131,119,12,12
22867,130,134,-4,4
22868,89,87,2,2
22869,49,100,-51,51
22870,120,130,-10,10
22871,151,164,-13,13
22872,92,91,1,1
22873,77,88,-11,11
22874,126,135,-9,9
22875,100,106,-6,6
22876,54,59,-5,5
22877,110,108,2,2
22878,133,130,3,3
22879,119,116,3,3
22880,126,120,6,6
22881,42,48,-6,6
22882,63,63,0,0
22883,170,177,-7,7
22884,68,76,-8,8
22885,114,120,-6,6
22886,115,78,37,37
22887,64,70,-6,6
22888,90,89,1,1
22889,126,113,13,13
22890,72,88,-16,16
22891,116,134,-18,18
22892,151,150,1,1
22893,98,87,11,11
22894,135,126,9,9
22895,132,122,10,10
22896,166,164,2,2
22897,109,107,2,2
22898,73,64,9,9
22899,43,56,-13,13
22900,60,63,-3,3
22901,95,101,-6,6
22902,185,175,10,10
22903,116,122,-6,6
22904,120,124,-4,4
22905,117,108,9,9
22906,80,95,-15,15
22907,54,61,-7,7
22908,94,95,-1,1
22909,104,108,-4,4
22910,167,166,1,1
22911,183,176,7,7
22912,125,127,-2,2
22913,67,74,-7,7
22914,127,116,11,11
22915,108,109,-1,1
22916,110,113,-3,3
22917,72,68,4,4
22918,76,71,5,5
22919,60,60,0,0
22920,127,116,11,11
22921,60,62,-2,2
22922,117,110,7,7
22923,62,63,-1,1
22924,98,100,-2,2
22925,64,56,8,8
22926,90,85,5,5
22927,155,160,-5,5
22928,69,68,1,1
22929,91,89,2,2
22930,91,81,10,10
22931,97,93,4,4
22932,116,112,4,4
22933,100,101,-1,1
22934,81,84,-3,3
22935,77,77,0,0
22936,46,50,-4,4
22937,86,103,-17,17
22938,98,88,10,10
22939,128,112,16,16
22940,53,53,0,0
22941,86,88,-2,2
22942,106,115,-9,9
22943,118,115,3,3
22944,132,125,7,7
22945,179,180,-1,1
22946,72,69,3,3
22947,57,59,-2,2
22948,159,143,16,16
22949,56,65,-9,9
22950,90,100,-10,10
22951,84,84,0,0
22952,120,131,-11,11
22953,99,94,5,5
22954,121,117,4,4
22955,96,98,-2,2
22956,46,52,-6,6
22957,84,93,-9,9
22958,79,81,-2,2
22959,165,164,1,1
22960,72,72,0,0
22961,75,79,-4,4
22962,116,123,-7,7
22963,117,110,7,7
22964,95,86,9,9
22965,138,169,-31,31
22966,64,68,-4,4
22967,70,77,-7,7
22968,51,51,0,0
22969,74,90,-16,16
22970,105,107,-2,2
22971,137,140,-3,3
22972,93,90,3,3
22973,72,76,-4,4
22974,83,80,3,3
22975,113,109,4,4
22976,97,102,-5,5
22977,76,84,-8,8
22978,65,59,6,6
22979,159,158,1,1
22980,72,74,-2,2
22981,127,119,8,8
22982,94,93,1,1
22983,83,78,5,5
22984,84,86,-2,2
22985,60,68,-8,8
22986,100,113,-13,13
22987,108,111,-3,3
22988,118,122,-4,4
22989,76,90,-14,14
22990,87,79,8,8
22991,50,54,-4,4
22992,38,48,-10,10
22993,146,136,10,10
22994,114,121,-7,7
22995,52,56,-4,4
22996,84,90,-6,6
22997,122,124,-2,2
22998,102,104,-2,2
22999,181,172,9,9
23000,98,84,14,14
23001,39,52,-13,13
23002,84,79,5,5
23003,145,119,26,26
23004,124,124,0,0
23005,110,127,-17,17
23006,57,62,-5,5
23007,88,77,11,11
23008,64,63,1,1
23009,195,185,10,10
23010,131,131,0,0
23011,124,120,4,4
23012,79,96,-17,17
23013,66,69,-3,3
23014,100,105,-5,5
23015,82,78,4,4
23016,81,79,2,2
23017,85,84,1,1
23018,192,171,21,21
23019,112,117,-5,5
23020,166,159,7,7
23021,101,104,-3,3
23022,82,72,10,10
23023,89,81,8,8
23024,94,88,6,6
23025,79,91,-12,12
23026,108,114,-6,6
23027,117,106,11,11
23028,123,115,8,8
23029,81,77,4,4
23030,87,85,2,2
23031,66,73,-7,7
23032,35,47,-12,12
23033,102,95,7,7
23034,145,129,16,16
23035,62,63,-1,1
23036,121,112,9,9
23037,69,73,-4,4
23038,142,127,15,15
23039,74,64,10,10
23040,92,80,12,12
23041,63,63,0,0
23042,71,80,-9,9
23043,148,142,6,6
23044,72,80,-8,8
23045,75,93,-18,18
23046,118,122,-4,4
23047,103,101,2,2
23048,136,124,12,12
23049,126,140,-14,14
23050,93,101,-8,8
23051,101,100,1,1
23052,133,121,12,12
23053,83,88,-5,5
23054,91,97,-6,6
23055,52,53,-1,1
23056,100,101,-1,1
23057,88,88,0,0
23058,80,81,-1,1
23059,83,96,-13,13
23060,90,86,4,4
23061,69,105,-36,36
23062,85,86,-1,1
23063,107,104,3,3
23064,103,97,6,6
23065,60,64,-4,4
23066,152,153,-1,1
23067,40,49,-9,9
23068,87,81,6,6
23069,78,79,-1,1
23070,145,165,-20,20
23071,47,53,-6,6
23072,139,131,8,8
23073,94,100,-6,6
23074,138,156,-18,18
23075,115,99,16,16
23076,94,96,-2,2
23077,106,106,0,0
23078,85,87,-2,2
23079,82,79,3,3
23080,61,61,0,0
23081,160,160,0,0
23082,157,179,-22,22
23083,87,91,-4,4
23084,135,128,7,7
23085,120,122,-2,2
23086,104,95,9,9
23087,165,156,9,9
23088,88,91,-3,3
23089,67,76,-9,9
23090,87,76,11,11
23091,66,73,-7,7
23092,74,74,0,0
23093,76,78,-2,2
23094,62,72,-10,10
23095,79,85,-6,6
23096,91,97,-6,6
23097,70,63,7,7
23098,148,139,9,9
23099,135,128,7,7
23100,74,85,-11,11
23101,78,80,-2,2
23102,93,95,-2,2
23103,124,130,-6,6
23104,129,134,-5,5
23105,98,95,3,3
23106,72,71,1,1
23107,53,65,-12,12
23108,138,136,2,2
23109,184,159,25,25
23110,85,91,-6,6
23111,82,93,-11,11
23112,105,110,-5,5
23113,99,82,17,17
23114,65,70,-5,5
23115,73,72,1,1
23116,66,66,0,0
23117,102,106,-4,4
23118,85,80,5,5
23119,188,192,-4,4
23120,81,198,-117,117
23121,124,125,-1,1
23122,59,60,-1,1
23123,108,111,-3,3
23124,92,109,-17,17
23125,100,92,8,8
23126,105,101,4,4
23127,93,104,-11,11
23128,155,148,7,7
23129,71,70,1,1
23130,65,60,5,5
23131,94,91,3,3
23132,122,134,-12,12
23133,70,67,3,3
23134,65,67,-2,2
23135,160,159,1,1
23136,115,119,-4,4
23137,134,150,-16,16
23138,101,107,-6,6
23139,105,104,1,1
23140,93,103,-10,10
23141,94,86,8,8
23142,82,77,5,5
23143,90,92,-2,2
23144,78,76,2,2
23145,145,143,2,2
23146,120,118,2,2
23147,94,97,-3,3
23148,95,85,10,10
23149,115,135,-20,20
23150,49,57,-8,8
23151,134,145,-11,11
23152,88,86,2,2
23153,82,87,-5,5
23154,67,65,2,2
23155,71,67,4,4
23156,56,72,-16,16
23157,88,83,5,5
23158,34,43,-9,9
23159,62,77,-15,15
23160,82,93,-11,11
23161,111,117,-6,6
23162,48,53,-5,5
23163,102,110,-8,8
23164,143,147,-4,4
23165,47,48,-1,1
23166,76,66,10,10
23167,119,107,12,12
23168,64,62,2,2
23169,72,68,4,4
23170,141,127,14,14
23171,64,61,3,3
23172,127,128,-1,1
23173,72,75,-3,3
23174,111,104,7,7
23175,104,97,7,7
23176,77,77,0,0
23177,133,129,4,4
23178,113,118,-5,5
23179,110,115,-5,5
23180,89,89,0,0
23181,125,131,-6,6
23182,127,117,10,10
23183,68,70,-2,2
23184,99,107,-8,8
23185,86,97,-11,11
23186,111,107,4,4
23187,118,115,3,3
23188,74,64,10,10
23189,132,127,5,5
23190,99,101,-2,2
23191,139,141,-2,2
23192,107,105,2,2
23193,70,82,-12,12
23194,77,72,5,5
23195,101,117,-16,16
23196,103,97,6,6
23197,86,95,-9,9
23198,104,99,5,5
23199,100,115,-15,15
23200,150,143,7,7
23201,69,66,3,3
23202,129,113,16,16
23203,162,163,-1,1
23204,111,122,-11,11
23205,133,138,-5,5
23206,87,92,-5,5
23207,74,80,-6,6
23208,95,100,-5,5
23209,110,127,-17,17
23210,124,114,10,10
23211,155,146,9,9
23212,74,68,6,6
23213,80,85,-5,5
23214,90,88,2,2
23215,100,96,4,4
23216,112,101,11,11
23217,81,74,7,7
23218,73,76,-3,3
23219,122,123,-1,1
23220,130,128,2,2
23221,129,127,2,2
23222,123,119,4,4
23223,84,91,-7,7
23224,63,67,-4,4
23225,144,129,15,15
23226,91,170,-79,79
23227,66,75,-9,9
23228,95,97,-2,2
23229,129,120,9,9
23230,75,82,-7,7
23231,152,169,-17,17
23232,119,112,7,7
23233,107,96,11,11
23234,184,160,24,24
23235,84,100,-16,16
23236,123,125,-2,2
23237,167,139,28,28
23238,59,58,1,1
23239,68,72,-4,4
23240,119,117,2,2
23241,77,54,23,23
23242,70,81,-11,11
23243,79,76,3,3
23244,114,113,1,1
23245,75,78,-3,3
23246,64,63,1,1
23247,127,119,8,8
23248,52,58,-6,6
23249,67,66,1,1
23250,73,76,-3,3
23251,85,84,1,1
23252,63,71,-8,8
23253,88,78,10,10
23254,89,94,-5,5
23255,133,117,16,16
23256,82,84,-2,2
23257,115,110,5,5
23258,97,101,-4,4
23259,81,89,-8,8
23260,102,91,11,11
23261,68,64,4,4
23262,64,65,-1,1
23263,70,71,-1,1
23264,73,75,-2,2
23265,59,71,-12,12
23266,136,147,-11,11
23267,103,110,-7,7
23268,137,112,25,25
23269,73,74,-1,1
23270,83,79,4,4
23271,95,84,11,11
23272,138,130,8,8
23273,86,76,10,10
23274,66,82,-16,16
23275,134,176,-42,42
23276,116,119,-3,3
23277,70,65,5,5
23278,118,114,4,4
23279,131,145,-14,14
23280,40,61,-21,21
23281,82,85,-3,3
23282,78,70,8,8
23283,97,85,12,12
23284,89,94,-5,5
23285,133,130,3,3
23286,76,71,5,5
23287,152,131,21,21
23288,92,89,3,3
23289,62,77,-15,15
23290,179,145,34,34
23291,127,124,3,3
23292,115,113,2,2
23293,54,70,-16,16
23294,136,129,7,7
23295,76,85,-9,9
23296,62,86,-24,24
23297,78,76,2,2
23298,182,155,27,27
23299,67,64,3,3
23300,110,99,11,11
23301,92,90,2,2
23302,150,131,19,19
23303,122,129,-7,7
23304,62,75,-13,13
23305,109,99,10,10
23306,123,127,-4,4
23307,107,114,-7,7
23308,50,58,-8,8
23309,62,68,-6,6
23310,115,118,-3,3
23311,41,51,-10,10
23312,106,94,12,12
23313,58,43,15,15
23314,67,66,1,1
23315,64,62,2,2
23316,71,94,-23,23
23317,83,93,-10,10
23318,157,175,-18,18
23319,90,96,-6,6
23320,100,115,-15,15
23321,92,99,-7,7
23322,87,100,-13,13
23323,76,93,-17,17
23324,101,106,-5,5
23325,56,53,3,3
23326,65,72,-7,7
23327,70,71,-1,1
23328,57,65,-8,8
23329,112,142,-30,30
23330,50,69,-19,19
23331,47,63,-16,16
23332,140,165,-25,25
23333,51,56,-5,5
23334,61,71,-10,10
23335,78,82,-4,4
23336,70,70,0,0
23337,98,95,3,3
23338,152,137,15,15
23339,99,89,10,10
23340,93,105,-12,12
23341,90,84,6,6
23342,51,51,0,0
23343,94,90,4,4
23344,82,86,-4,4
23345,137,240,-103,103
23346,85,86,-1,1
23347,131,142,-11,11
23348,110,100,10,10
23349,70,67,3,3
23350,99,103,-4,4
23351,146,140,6,6
23352,37,44,-7,7
23353,94,90,4,4
23354,124,124,0,0
23355,91,107,-16,16
23356,85,92,-7,7
23357,58,63,-5,5
23358,78,87,-9,9
23359,62,62,0,0
23360,51,58,-7,7
23361,85,94,-9,9
23362,64,70,-6,6
23363,108,113,-5,5
23364,89,96,-7,7
23365,120,127,-7,7
23366,131,124,7,7
23367,50,58,-8,8
23368,109,115,-6,6
23369,82,77,5,5
23370,115,95,20,20
23371,121,95,26,26
23372,193,191,2,2
23373,66,68,-2,2
23374,125,119,6,6
23375,64,66,-2,2
23376,105,98,7,7
23377,47,56,-9,9
23378,57,76,-19,19
23379,105,99,6,6
23380,124,125,-1,1
23381,90,107,-17,17
23382,126,116,10,10
23383,89,95,-6,6
23384,122,115,7,7
23385,116,119,-3,3
23386,80,74,6,6
23387,92,87,5,5
23388,62,84,-22,22
23389,144,155,-11,11
23390,45,49,-4,4
23391,139,136,3,3
23392,117,114,3,3
23393,99,89,10,10
23394,98,92,6,6
23395,87,91,-4,4
23396,171,147,24,24
23397,127,113,14,14
23398,114,102,12,12
23399,100,107,-7,7
23400,71,82,-11,11
23401,143,141,2,2
23402,84,87,-3,3
23403,89,84,5,5
23404,85,81,4,4
23405,69,65,4,4
23406,145,129,16,16
23407,115,117,-2,2
23408,116,116,0,0
23409,114,122,-8,8
23410,58,56,2,2
23411,79,77,2,2
23412,73,69,4,4
23413,114,118,-4,4
23414,140,143,-3,3
23415,92,97,-5,5
23416,111,121,-10,10
23417,131,147,-16,16
23418,76,78,-2,2
23419,94,96,-2,2
23420,91,104,-13,13
23421,76,70,6,6
23422,115,112,3,3
23423,65,62,3,3
23424,113,126,-13,13
23425,85,98,-13,13
23426,214,201,13,13
23427,211,210,1,1
23428,41,49,-8,8
23429,78,80,-2,2
23430,161,159,2,2
23431,79,79,0,0
23432,51,58,-7,7
23433,103,107,-4,4
23434,73,81,-8,8
23435,55,69,-14,14
23436,136,121,15,15
23437,131,128,3,3
23438,77,78,-1,1
23439,80,77,3,3
23440,110,124,-14,14
23441,54,58,-4,4
23442,111,110,1,1
23443,84,89,-5,5
23444,70,66,4,4
23445,70,66,4,4
23446,106,106,0,0
23447,97,100,-3,3
23448,100,97,3,3
23449,135,133,2,2
23450,86,85,1,1
23451,42,54,-12,12
23452,132,130,2,2
23453,73,84,-11,11
23454,125,123,2,2
23455,83,90,-7,7
23456,125,132,-7,7
23457,120,114,6,6
23458,110,106,4,4
23459,197,180,17,17
23460,111,105,6,6
23461,86,95,-9,9
23462,76,74,2,2
23463,150,148,2,2
23464,115,121,-6,6
23465,89,99,-10,10
23466,176,134,42,42
23467,64,77,-13,13
23468,120,119,1,1
23469,121,124,-3,3
23470,64,82,-18,18
23471,49,65,-16,16
23472,70,62,8,8
23473,112,104,8,8
23474,89,97,-8,8
23475,107,101,6,6
23476,155,150,5,5
23477,73,76,-3,3
23478,129,122,7,7
23479,161,150,11,11
23480,89,86,3,3
23481,113,120,-7,7
23482,99,87,12,12
23483,127,129,-2,2
23484,115,113,2,2
23485,78,76,2,2
23486,155,181,-26,26
23487,54,58,-4,4
23488,89,90,-1,1
23489,115,113,2,2
23490,82,84,-2,2
23491,165,168,-3,3
23492,90,90,0,0
23493,87,85,2,2
23494,115,114,1,1
23495,70,74,-4,4
23496,85,78,7,7
23497,101,96,5,5
23498,118,143,-25,25
23499,135,117,18,18
23500,74,86,-12,12
23501,108,128,-20,20
23502,134,141,-7,7
23503,109,107,2,2
23504,77,78,-1,1
23505,71,65,6,6
23506,78,74,4,4
23507,125,112,13,13
23508,90,85,5,5
23509,47,68,-21,21
23510,89,77,12,12
23511,102,98,4,4
23512,94,96,-2,2
23513,137,134,3,3
23514,110,99,11,11
23515,100,97,3,3
23516,125,114,11,11
23517,57,92,-35,35
23518,120,100,20,20
23519,149,160,-11,11
23520,69,79,-10,10
23521,91,107,-16,16
23522,69,70,-1,1
23523,143,131,12,12
23524,112,102,10,10
23525,108,94,14,14
23526,83,94,-11,11
23527,102,113,-11,11
23528,55,59,-4,4
23529,101,89,12,12
23530,39,42,-3,3
23531,173,185,-12,12
23532,98,92,6,6
23533,136,113,23,23
23534,62,65,-3,3
23535,188,159,29,29
23536,98,109,-11,11
23537,132,135,-3,3
23538,89,92,-3,3
23539,106,116,-10,10
23540,101,117,-16,16
23541,150,131,19,19
23542,194,183,11,11
23543,108,115,-7,7
23544,78,82,-4,4
23545,70,72,-2,2
23546,93,99,-6,6
23547,65,75,-10,10
23548,113,104,9,9
23549,129,134,-5,5
23550,94,96,-2,2
23551,108,102,6,6
23552,90,97,-7,7
23553,68,75,-7,7
23554,98,88,10,10
23555,96,121,-25,25
23556,85,97,-12,12
23557,137,135,2,2
23558,112,115,-3,3
23559,168,164,4,4
23560,87,90,-3,3
23561,134,137,-3,3
23562,75,81,-6,6
23563,135,130,5,5
23564,81,83,-2,2
23565,96,105,-9,9
23566,91,98,-7,7
23567,104,94,10,10
23568,105,106,-1,1
23569,56,53,3,3
23570,111,107,4,4
23571,56,71,-15,15
23572,62,67,-5,5
23573,103,111,-8,8
23574,144,154,-10,10
23575,101,95,6,6
23576,79,71,8,8
23577,102,96,6,6
23578,121,116,5,5
23579,140,133,7,7
23580,135,138,-3,3
23581,80,79,1,1
23582,51,60,-9,9
23583,152,160,-8,8
23584,94,95,-1,1
23585,52,50,2,2
23586,78,88,-10,10
23587,82,79,3,3
23588,75,70,5,5
23589,117,114,3,3
23590,136,113,23,23
23591,92,86,6,6
23592,55,54,1,1
23593,126,119,7,7
23594,55,62,-7,7
23595,43,50,-7,7
23596,83,97,-14,14
23597,116,123,-7,7
23598,113,116,-3,3
23599,60,59,1,1
23600,100,102,-2,2
23601,100,107,-7,7
23602,113,110,3,3
23603,123,144,-21,21
23604,69,75,-6,6
23605,113,127,-14,14
23606,71,76,-5,5
23607,132,127,5,5
23608,151,142,9,9
23609,57,61,-4,4
23610,105,101,4,4
23611,188,166,22,22
23612,79,72,7,7
23613,151,157,-6,6
23614,137,120,17,17
23615,42,114,-72,72
23616,144,134,10,10
23617,41,45,-4,4
23618,82,82,0,0
23619,91,84,7,7
23620,65,70,-5,5
23621,65,62,3,3
23622,103,109,-6,6
23623,116,119,-3,3
23624,149,155,-6,6
23625,202,183,19,19
23626,61,64,-3,3
23627,78,81,-3,3
23628,154,137,17,17
23629,87,88,-1,1
23630,93,85,8,8
23631,134,86,48,48
23632,116,124,-8,8
23633,124,123,1,1
23634,148,152,-4,4
23635,140,131,9,9
23636,69,64,5,5
23637,107,112,-5,5
23638,99,96,3,3
23639,137,128,9,9
23640,165,146,19,19
23641,102,96,6,6
23642,116,113,3,3
23643,95,82,13,13
23644,86,108,-22,22
23645,88,101,-13,13
23646,108,111,-3,3
23647,153,150,3,3
23648,69,72,-3,3
23649,76,79,-3,3
23650,103,98,5,5
23651,79,94,-15,15
23652,129,113,16,16
23653,87,89,-2,2
23654,67,64,3,3
23655,81,84,-3,3
23656,118,119,-1,1
23657,69,67,2,2
23658,63,67,-4,4
23659,77,81,-4,4
23660,113,108,5,5
23661,143,152,-9,9
23662,57,63,-6,6
23663,86,89,-3,3
23664,36,49,-13,13
23665,128,112,16,16
23666,111,110,1,1
23667,68,73,-5,5
23668,60,67,-7,7
23669,90,87,3,3
23670,99,102,-3,3
23671,80,76,4,4
23672,79,90,-11,11
23673,84,90,-6,6
23674,77,74,3,3
23675,132,136,-4,4
23676,94,64,30,30
23677,95,104,-9,9
23678,67,73,-6,6
23679,134,124,10,10
23680,148,150,-2,2
23681,92,89,3,3
23682,85,74,11,11
23683,69,78,-9,9
23684,107,119,-12,12
23685,113,126,-13,13
23686,49,55,-6,6
23687,31,46,-15,15
23688,72,75,-3,3
23689,135,143,-8,8
23690,126,123,3,3
23691,67,68,-1,1
23692,70,91,-21,21
23693,64,63,1,1
23694,70,84,-14,14
23695,88,77,11,11
23696,66,72,-6,6
23697,80,95,-15,15
23698,82,88,-6,6
23699,85,92,-7,7
23700,128,134,-6,6
23701,116,117,-1,1
23702,74,70,4,4
23703,107,105,2,2
23704,74,74,0,0
23705,133,112,21,21
23706,91,78,13,13
23707,100,107,-7,7
23708,90,88,2,2
23709,41,48,-7,7
23710,117,117,0,0
23711,91,94,-3,3
23712,108,121,-13,13
23713,61,50,11,11
23714,201,193,8,8
23715,112,110,2,2
23716,62,64,-2,2
23717,70,70,0,0
23718,79,79,0,0
23719,85,84,1,1
23720,138,133,5,5
23721,132,131,1,1
23722,46,56,-10,10
23723,172,167,5,5
23724,120,121,-1,1
23725,120,118,2,2
23726,96,105,-9,9
23727,108,101,7,7
23728,125,130,-5,5
23729,72,81,-9,9
23730,110,106,4,4
23731,51,62,-11,11
23732,127,127,0,0
23733,109,127,-18,18
23734,70,68,2,2
23735,91,94,-3,3
23736,53,62,-9,9
23737,195,190,5,5
23738,63,67,-4,4
23739,97,105,-8,8
23740,109,102,7,7
23741,116,126,-10,10
23742,52,69,-17,17
23743,66,71,-5,5
23744,70,64,6,6
23745,143,143,0,0
23746,61,133,-72,72
23747,105,91,14,14
23748,58,58,0,0
23749,141,139,2,2
23750,64,62,2,2
23751,126,126,0,0
23752,154,150,4,4
23753,103,93,10,10
23754,54,59,-5,5
23755,100,108,-8,8
23756,99,99,0,0
23757,84,92,-8,8
23758,67,73,-6,6
23759,51,65,-14,14
23760,118,123,-5,5
23761,139,124,15,15
23762,83,83,0,0
23763,127,126,1,1
23764,98,93,5,5
23765,86,79,7,7
23766,53,60,-7,7
23767,111,122,-11,11
23768,82,81,1,1
23769,101,91,10,10
23770,79,85,-6,6
23771,82,85,-3,3
23772,101,84,17,17
23773,172,160,12,12
23774,49,55,-6,6
23775,144,140,4,4
23776,79,76,3,3
23777,71,78,-7,7
23778,109,115,-6,6
23779,97,88,9,9
23780,134,128,6,6
23781,139,156,-17,17
23782,103,101,2,2
23783,104,98,6,6
23784,45,53,-8,8
23785,124,133,-9,9
23786,77,83,-6,6
23787,92,93,-1,1
23788,54,52,2,2
23789,96,111,-15,15
23790,77,63,14,14
23791,99,92,7,7
23792,46,52,-6,6
23793,128,111,17,17
23794,114,117,-3,3
23795,183,185,-2,2
23796,74,75,-1,1
23797,152,143,9,9
23798,95,106,-11,11
23799,84,71,13,13
23800,103,91,12,12
23801,118,108,10,10
23802,82,103,-21,21
23803,161,172,-11,11
23804,93,87,6,6
23805,91,96,-5,5
23806,106,103,3,3
23807,91,93,-2,2
23808,52,59,-7,7
23809,89,86,3,3
23810,80,84,-4,4
23811,112,111,1,1
23812,69,66,3,3
23813,68,67,1,1
23814,219,227,-8,8
23815,89,96,-7,7
23816,127,124,3,3
23817,84,91,-7,7
23818,85,85,0,0
23819,28,43,-15,15
23820,141,136,5,5
23821,92,95,-3,3
23822,130,130,0,0
23823,59,60,-1,1
23824,143,125,18,18
23825,145,137,8,8
23826,73,77,-4,4
23827,177,183,-6,6
23828,169,144,25,25
23829,54,74,-20,20
23830,128,115,13,13
23831,52,51,1,1
23832,129,133,-4,4
23833,99,109,-10,10
23834,119,98,21,21
23835,75,76,-1,1
23836,119,108,11,11
23837,103,99,4,4
23838,130,127,3,3
23839,119,107,12,12
23840,100,96,4,4
23841,159,153,6,6
23842,75,54,21,21
23843,86,89,-3,3
23844,123,127,-4,4
23845,74,82,-8,8
23846,50,61,-11,11
23847,57,55,2,2
23848,50,57,-7,7
23849,71,78,-7,7
23850,96,101,-5,5
23851,76,58,18,18
23852,130,108,22,22
23853,62,74,-12,12
23854,92,92,0,0
23855,98,119,-21,21
23856,67,65,2,2
23857,231,182,49,49
23858,68,60,8,8
23859,59,56,3,3
23860,82,74,8,8
23861,67,73,-6,6
23862,88,76,12,12
23863,138,126,12,12
23864,81,68,13,13
23865,117,114,3,3
23866,67,71,-4,4
23867,57,58,-1,1
23868,53,55,-2,2
23869,87,90,-3,3
23870,123,121,2,2
23871,128,134,-6,6
23872,80,83,-3,3
23873,95,102,-7,7
23874,105,97,8,8
23875,92,97,-5,5
23876,97,91,6,6
23877,96,105,-9,9
23878,114,102,12,12
23879,57,61,-4,4
23880,174,163,11,11
23881,98,95,3,3
23882,96,87,9,9
23883,34,53,-19,19
23884,53,61,-8,8
23885,70,71,-1,1
23886,100,113,-13,13
23887,112,115,-3,3
23888,86,91,-5,5
23889,106,106,0,0
23890,75,85,-10,10
23891,97,112,-15,15
23892,93,97,-4,4
23893,105,81,24,24
23894,108,104,4,4
23895,137,160,-23,23
23896,99,110,-11,11
23897,71,69,2,2
23898,157,153,4,4
23899,111,104,7,7
23900,102,97,5,5
23901,144,139,5,5
23902,86,87,-1,1
23903,63,79,-16,16
23904,97,95,2,2
23905,30,45,-15,15
23906,77,75,2,2
23907,111,114,-3,3
23908,77,75,2,2
23909,41,42,-1,1
23910,82,93,-11,11
23911,144,145,-1,1
23912,117,128,-11,11
23913,94,89,5,5
23914,58,64,-6,6
23915,101,105,-4,4
23916,105,98,7,7
23917,99,100,-1,1
23918,88,80,8,8
23919,69,81,-12,12
23920,67,62,5,5
23921,51,57,-6,6
23922,120,119,1,1
23923,60,68,-8,8
23924,90,89,1,1
23925,81,81,0,0
23926,163,153,10,10
23927,142,139,3,3
23928,65,67,-2,2
23929,156,143,13,13
23930,52,49,3,3
23931,74,65,9,9
23932,115,111,4,4
23933,126,126,0,0
23934,48,58,-10,10
23935,129,140,-11,11
23936,160,168,-8,8
23937,110,128,-18,18
23938,121,127,-6,6
23939,97,89,8,8
23940,110,149,-39,39
23941,135,131,4,4
23942,153,150,3,3
23943,103,129,-26,26
23944,103,106,-3,3
23945,119,110,9,9
23946,76,88,-12,12
23947,195,194,1,1
23948,57,61,-4,4
23949,59,72,-13,13
23950,146,155,-9,9
23951,91,82,9,9
23952,101,98,3,3
23953,240,202,38,38
23954,88,91,-3,3
23955,83,78,5,5
23956,77,76,1,1
23957,82,65,17,17
23958,82,97,-15,15
23959,119,111,8,8
23960,106,100,6,6
23961,101,107,-6,6
23962,78,78,0,0
23963,82,73,9,9
23964,82,80,2,2
23965,126,118,8,8
23966,87,94,-7,7
23967,96,93,3,3
23968,68,67,1,1
23969,100,97,3,3
23970,71,75,-4,4
23971,91,102,-11,11
23972,118,118,0,0
23973,93,96,-3,3
23974,87,93,-6,6
23975,75,82,-7,7
23976,64,67,-3,3
23977,94,97,-3,3
23978,45,58,-13,13
23979,97,84,13,13
23980,115,114,1,1
23981,84,59,25,25
23982,139,127,12,12
23983,155,161,-6,6
23984,65,67,-2,2
23985,72,76,-4,4
23986,65,72,-7,7
23987,45,41,4,4
23988,92,101,-9,9
23989,148,152,-4,4
23990,163,143,20,20
23991,80,76,4,4
23992,131,117,14,14
23993,74,71,3,3
23994,62,64,-2,2
23995,65,66,-1,1
23996,110,94,16,16
23997,119,91,28,28
23998,110,110,0,0
23999,89,93,-4,4
24000,104,116,-12,12
24001,110,125,-15,15
24002,83,67,16,16
24003,134,137,-3,3
24004,110,105,5,5
24005,74,88,-14,14
24006,152,160,-8,8
24007,103,106,-3,3
24008,47,55,-8,8
24009,104,102,2,2
24010,59,67,-8,8
24011,76,64,12,12
24012,82,86,-4,4
24013,100,108,-8,8
24014,127,131,-4,4
24015,70,66,4,4
24016,71,83,-12,12
24017,83,93,-10,10
24018,80,81,-1,1
24019,102,103,-1,1
24020,70,81,-11,11
24021,89,89,0,0
24022,75,78,-3,3
24023,104,104,0,0
24024,84,75,9,9
24025,56,62,-6,6
24026,55,64,-9,9
24027,141,152,-11,11
24028,82,88,-6,6
24029,182,160,22,22
24030,154,152,2,2
24031,86,88,-2,2
24032,78,85,-7,7
24033,91,94,-3,3
24034,115,113,2,2
24035,112,117,-5,5
24036,98,114,-16,16
24037,83,80,3,3
24038,58,61,-3,3
24039,72,73,-1,1
24040,46,45,1,1
24041,54,60,-6,6
24042,99,99,0,0
24043,100,121,-21,21
24044,114,120,-6,6
24045,56,55,1,1
24046,49,56,-7,7
24047,63,71,-8,8
24048,63,63,0,0
24049,72,74,-2,2
24050,97,97,0,0
24051,59,67,-8,8
24052,123,134,-11,11
24053,109,115,-6,6
24054,108,106,2,2
24055,95,101,-6,6
24056,94,102,-8,8
24057,59,66,-7,7
24058,80,87,-7,7
24059,140,142,-2,2
24060,102,102,0,0
24061,65,73,-8,8
24062,117,109,8,8
24063,63,69,-6,6
24064,77,93,-16,16
24065,137,106,31,31
24066,114,114,0,0
24067,78,72,6,6
24068,45,51,-6,6
24069,84,89,-5,5
24070,96,73,23,23
24071,62,74,-12,12
24072,67,75,-8,8
24073,178,172,6,6
24074,78,99,-21,21
24075,112,113,-1,1
24076,99,86,13,13
24077,94,92,2,2
24078,86,78,8,8
24079,116,114,2,2
24080,64,61,3,3
24081,51,64,-13,13
24082,176,131,45,45
24083,120,110,10,10
24084,121,117,4,4
24085,84,87,-3,3
24086,108,107,1,1
24087,97,100,-3,3
24088,91,92,-1,1
24089,117,115,2,2
24090,102,97,5,5
24091,53,56,-3,3
24092,82,74,8,8
24093,63,64,-1,1
24094,50,92,-42,42
24095,121,114,7,7
24096,33,46,-13,13
24097,75,76,-1,1
24098,98,102,-4,4
24099,95,98,-3,3
24100,94,99,-5,5
24101,43,45,-2,2
24102,88,107,-19,19
24103,72,77,-5,5
24104,118,110,8,8
24105,76,83,-7,7
24106,58,62,-4,4
24107,104,81,23,23
24108,115,103,12,12
24109,63,62,1,1
24110,105,101,4,4
24111,59,62,-3,3
24112,58,62,-4,4
24113,146,129,17,17
24114,82,88,-6,6
24115,114,124,-10,10
24116,95,94,1,1
24117,46,56,-10,10
24118,122,123,-1,1
24119,78,81,-3,3
24120,97,97,0,0
24121,111,110,1,1
24122,161,142,19,19
24123,157,181,-24,24
24124,90,94,-4,4
24125,69,67,2,2
24126,78,76,2,2
24127,111,106,5,5
24128,56,61,-5,5
24129,83,75,8,8
24130,186,173,13,13
24131,76,81,-5,5
24132,76,79,-3,3
24133,136,141,-5,5
24134,87,85,2,2
24135,87,78,9,9
24136,72,69,3,3
24137,64,76,-12,12
24138,162,167,-5,5
24139,59,62,-3,3
24140,77,73,4,4
24141,58,63,-5,5
24142,65,62,3,3
24143,103,90,13,13
24144,74,90,-16,16
24145,83,78,5,5
24146,62,63,-1,1
24147,115,106,9,9
24148,88,98,-10,10
24149,79,84,-5,5
24150,102,98,4,4
24151,76,78,-2,2
24152,72,69,3,3
24153,127,142,-15,15
24154,57,62,-5,5
24155,123,122,1,1
24156,108,106,2,2
24157,179,167,12,12
24158,56,76,-20,20
24159,129,152,-23,23
24160,76,81,-5,5
24161,160,120,40,40
24162,108,97,11,11
24163,65,66,-1,1
24164,80,73,7,7
24165,68,85,-17,17
24166,125,155,-30,30
24167,55,61,-6,6
24168,101,108,-7,7
24169,102,108,-6,6
24170,151,148,3,3
24171,98,126,-28,28
24172,72,80,-8,8
24173,124,125,-1,1
24174,113,108,5,5
24175,84,76,8,8
24176,51,57,-6,6
24177,73,77,-4,4
24178,58,77,-19,19
24179,103,97,6,6
24180,89,83,6,6
24181,103,109,-6,6
24182,122,128,-6,6
24183,62,69,-7,7
24184,152,145,7,7
24185,49,58,-9,9
24186,76,75,1,1
24187,107,115,-8,8
24188,63,81,-18,18
24189,132,131,1,1
24190,167,107,60,60
24191,105,102,3,3
24192,160,160,0,0
24193,86,90,-4,4
24194,105,105,0,0
24195,88,94,-6,6
24196,102,93,9,9
24197,102,111,-9,9
24198,101,112,-11,11
24199,48,57,-9,9
24200,131,136,-5,5
24201,45,48,-3,3
24202,100,100,0,0
24203,77,76,1,1
24204,131,140,-9,9
24205,106,111,-5,5
24206,115,110,5,5
24207,140,135,5,5
24208,111,123,-12,12
24209,100,115,-15,15
24210,55,62,-7,7
24211,80,70,10,10
24212,98,104,-6,6
24213,61,52,9,9
24214,106,103,3,3
24215,91,96,-5,5
24216,96,97,-1,1
24217,88,91,-3,3
24218,79,83,-4,4
24219,108,127,-19,19
24220,108,120,-12,12
24221,137,126,11,11
24222,110,121,-11,11
24223,67,68,-1,1
24224,81,77,4,4
24225,74,74,0,0
24226,95,102,-7,7
24227,36,44,-8,8
24228,96,99,-3,3
24229,80,86,-6,6
24230,86,80,6,6
24231,145,149,-4,4
24232,163,142,21,21
24233,57,60,-3,3
24234,91,102,-11,11
24235,100,114,-14,14
24236,55,57,-2,2
24237,118,118,0,0
24238,183,166,17,17
24239,79,89,-10,10
24240,82,71,11,11
24241,107,112,-5,5
24242,47,54,-7,7
24243,103,116,-13,13
24244,78,75,3,3
24245,114,121,-7,7
24246,127,123,4,4
24247,65,65,0,0
24248,149,154,-5,5
24249,72,68,4,4
24250,75,71,4,4
24251,99,99,0,0
24252,91,93,-2,2
24253,50,62,-12,12
24254,116,113,3,3
24255,150,134,16,16
24256,136,137,-1,1
24257,145,115,30,30
24258,64,65,-1,1
24259,81,88,-7,7
24260,76,70,6,6
24261,91,83,8,8
24262,64,62,2,2
24263,52,36,16,16
24264,85,90,-5,5
24265,93,105,-12,12
24266,80,96,-16,16
24267,84,87,-3,3
24268,71,73,-2,2
24269,73,71,2,2
24270,54,58,-4,4
24271,87,83,4,4
24272,88,100,-12,12
24273,50,59,-9,9
24274,122,97,25,25
24275,98,106,-8,8
24276,82,71,11,11
24277,173,176,-3,3
24278,78,76,2,2
24279,106,97,9,9
24280,103,117,-14,14
24281,78,74,4,4
24282,57,68,-11,11
24283,125,133,-8,8
24284,103,79,24,24
24285,100,105,-5,5
24286,78,81,-3,3
24287,122,116,6,6
24288,122,139,-17,17
24289,135,105,30,30
24290,110,97,13,13
24291,174,151,23,23
24292,54,58,-4,4
24293,43,42,1,1
24294,82,81,1,1
24295,91,92,-1,1
24296,104,97,7,7
24297,148,138,10,10
24298,30,37,-7,7
24299,115,114,1,1
24300,122,122,0,0
24301,126,124,2,2
24302,68,81,-13,13
24303,119,107,12,12
24304,124,125,-1,1
24305,81,74,7,7
24306,74,68,6,6
24307,75,83,-8,8
24308,57,64,-7,7
24309,92,74,18,18
24310,79,75,4,4
24311,118,135,-17,17
24312,62,66,-4,4
24313,86,80,6,6
24314,57,49,8,8
24315,93,108,-15,15
24316,111,104,7,7
24317,77,76,1,1
24318,66,74,-8,8
24319,142,105,37,37
24320,117,113,4,4
24321,48,55,-7,7
24322,195,175,20,20
24323,100,107,-7,7
24324,103,76,27,27
24325,59,69,-10,10
24326,76,78,-2,2
24327,108,112,-4,4
24328,127,130,-3,3
24329,91,80,11,11
24330,67,79,-12,12
24331,157,144,13,13
24332,120,137,-17,17
24333,79,78,1,1
24334,95,96,-1,1
24335,103,104,-1,1
24336,126,122,4,4
24337,73,103,-30,30
24338,53,61,-8,8
24339,126,130,-4,4
24340,78,80,-2,2
24341,128,129,-1,1
24342,51,59,-8,8
24343,76,74,2,2
24344,130,132,-2,2
24345,87,88,-1,1
24346,76,83,-7,7
24347,71,70,1,1
24348,115,124,-9,9
24349,119,125,-6,6
24350,75,81,-6,6
24351,75,80,-5,5
24352,93,87,6,6
24353,128,142,-14,14
24354,127,164,-37,37
24355,94,101,-7,7
24356,133,135,-2,2
24357,53,56,-3,3
24358,146,151,-5,5
24359,117,133,-16,16
24360,74,73,1,1
24361,126,118,8,8
24362,41,59,-18,18
24363,143,148,-5,5
24364,90,93,-3,3
24365,73,74,-1,1
24366,156,142,14,14
24367,72,72,0,0
24368,59,66,-7,7
24369,27,65,-38,38
24370,93,95,-2,2
24371,87,95,-8,8
24372,44,51,-7,7
24373,182,185,-3,3
24374,90,96,-6,6
24375,170,179,-9,9
24376,128,133,-5,5
24377,102,106,-4,4
24378,99,94,5,5
24379,106,114,-8,8
24380,86,81,5,5
24381,127,123,4,4
24382,99,85,14,14
24383,101,107,-6,6
24384,155,165,-10,10
24385,184,163,21,21
24386,98,94,4,4
24387,95,88,7,7
24388,108,141,-33,33
24389,103,106,-3,3
24390,147,142,5,5
24391,100,88,12,12
24392,76,93,-17,17
24393,308,306,2,2
24394,71,68,3,3
24395,80,83,-3,3
24396,88,89,-1,1
24397,92,108,-16,16
24398,105,109,-4,4
24399,63,71,-8,8
24400,89,91,-2,2
24401,77,94,-17,17
24402,94,99,-5,5
24403,72,89,-17,17
24404,65,64,1,1
24405,132,129,3,3
24406,90,94,-4,4
24407,83,77,6,6
24408,35,77,-42,42
24409,163,146,17,17
24410,73,63,10,10
24411,117,120,-3,3
24412,87,89,-2,2
24413,70,80,-10,10
24414,189,173,16,16
24415,81,84,-3,3
24416,59,70,-11,11
24417,110,120,-10,10
24418,103,111,-8,8
24419,89,98,-9,9
24420,90,78,12,12
24421,475,412,63,63
24422,66,63,3,3
24423,97,102,-5,5
24424,89,77,12,12
24425,106,104,2,2
24426,81,83,-2,2
24427,143,132,11,11
24428,113,118,-5,5
24429,83,86,-3,3
24430,276,278,-2,2
24431,88,82,6,6
24432,91,100,-9,9
24433,179,170,9,9
24434,175,140,35,35
24435,86,89,-3,3
24436,60,60,0,0
24437,86,93,-7,7
24438,104,101,3,3
24439,144,145,-1,1
24440,93,93,0,0
24441,98,101,-3,3
24442,59,65,-6,6
24443,112,134,-22,22
24444,98,115,-17,17
24445,60,60,0,0
24446,72,72,0,0
24447,42,52,-10,10
24448,57,60,-3,3
24449,138,121,17,17
24450,99,97,2,2
24451,134,138,-4,4
24452,96,79,17,17
24453,101,67,34,34
24454,88,104,-16,16
24455,79,84,-5,5
24456,61,64,-3,3
24457,77,68,9,9
24458,119,116,3,3
24459,124,105,19,19
24460,77,87,-10,10
24461,81,85,-4,4
24462,70,72,-2,2
24463,120,133,-13,13
24464,90,97,-7,7
24465,88,94,-6,6
24466,49,43,6,6
24467,70,72,-2,2
24468,90,88,2,2
24469,70,69,1,1
24470,119,121,-2,2
24471,99,98,1,1
24472,79,89,-10,10
24473,112,116,-4,4
24474,63,71,-8,8
24475,40,51,-11,11
24476,145,134,11,11
24477,82,77,5,5
24478,87,90,-3,3
24479,75,73,2,2
24480,71,76,-5,5
24481,84,81,3,3
24482,85,78,7,7
24483,101,100,1,1
24484,111,99,12,12
24485,90,94,-4,4
24486,63,67,-4,4
24487,174,181,-7,7
24488,106,88,18,18
24489,64,65,-1,1
24490,33,48,-15,15
24491,100,103,-3,3
24492,185,162,23,23
24493,68,71,-3,3
24494,29,35,-6,6
24495,45,53,-8,8
24496,58,65,-7,7
24497,120,106,14,14
24498,124,106,18,18
24499,70,69,1,1
24500,104,116,-12,12
24501,101,101,0,0
24502,92,95,-3,3
24503,81,80,1,1
24504,59,64,-5,5
24505,84,81,3,3
24506,67,73,-6,6
24507,105,98,7,7
24508,81,80,1,1
24509,56,62,-6,6
24510,115,123,-8,8
24511,117,104,13,13
24512,95,90,5,5
24513,134,116,18,18
24514,89,96,-7,7
24515,136,129,7,7
24516,100,101,-1,1
24517,95,111,-16,16
24518,73,78,-5,5
24519,58,66,-8,8
24520,157,154,3,3
24521,77,74,3,3
24522,54,54,0,0
24523,90,108,-18,18
24524,85,90,-5,5
24525,71,70,1,1
24526,73,76,-3,3
24527,87,108,-21,21
24528,57,65,-8,8
24529,64,60,4,4
24530,72,71,1,1
24531,184,164,20,20
24532,152,117,35,35
24533,88,89,-1,1
24534,90,85,5,5
24535,96,103,-7,7
24536,117,113,4,4
24537,65,66,-1,1
24538,101,103,-2,2
24539,130,137,-7,7
24540,189,163,26,26
24541,80,80,0,0
24542,72,73,-1,1
24543,99,102,-3,3
24544,131,131,0,0
24545,120,132,-12,12
24546,64,72,-8,8
24547,59,52,7,7
24548,69,68,1,1
24549,44,55,-11,11
24550,85,98,-13,13
24551,51,74,-23,23
24552,70,76,-6,6
24553,61,70,-9,9
24554,110,117,-7,7
24555,69,73,-4,4
24556,56,60,-4,4
24557,125,144,-19,19
24558,91,87,4,4
24559,53,64,-11,11
24560,91,95,-4,4
24561,42,49,-7,7
24562,85,82,3,3
24563,33,36,-3,3
24564,94,85,9,9
24565,143,143,0,0
24566,72,65,7,7
24567,85,81,4,4
24568,132,139,-7,7
24569,103,94,9,9
24570,131,108,23,23
24571,72,76,-4,4
24572,109,112,-3,3
24573,104,94,10,10
24574,128,123,5,5
24575,147,130,17,17
24576,90,86,4,4
24577,44,51,-7,7
24578,84,95,-11,11
24579,129,164,-35,35
24580,76,91,-15,15
24581,82,93,-11,11
24582,155,132,23,23
24583,141,128,13,13
24584,110,127,-17,17
24585,117,125,-8,8
24586,112,117,-5,5
24587,109,111,-2,2
24588,63,57,6,6
24589,68,66,2,2
24590,140,126,14,14
24591,42,54,-12,12
24592,97,106,-9,9
24593,73,71,2,2
24594,49,51,-2,2
24595,163,149,14,14
24596,116,117,-1,1
24597,98,112,-14,14
24598,97,103,-6,6
24599,76,78,-2,2
24600,84,85,-1,1
24601,52,52,0,0
24602,134,132,2,2
24603,62,59,3,3
24604,123,128,-5,5
24605,55,53,2,2
24606,80,87,-7,7
24607,77,79,-2,2
24608,121,132,-11,11
24609,45,57,-12,12
24610,66,60,6,6
24611,59,45,14,14
24612,45,57,-12,12
24613,63,66,-3,3
24614,65,75,-10,10
24615,95,100,-5,5
24616,84,83,1,1
24617,110,114,-4,4
24618,83,85,-2,2
24619,133,140,-7,7
24620,111,109,2,2
24621,69,75,-6,6
24622,43,51,-8,8
24623,97,105,-8,8
24624,78,92,-14,14
24625,75,78,-3,3
24626,130,126,4,4
24627,73,68,5,5
24628,156,146,10,10
24629,110,97,13,13
24630,132,124,8,8
24631,108,112,-4,4
24632,97,101,-4,4
24633,139,145,-6,6
24634,88,91,-3,3
24635,136,128,8,8
24636,115,107,8,8
24637,141,139,2,2
24638,125,129,-4,4
24639,114,115,-1,1
24640,127,130,-3,3
24641,87,90,-3,3
24642,126,119,7,7
24643,83,98,-15,15
24644,68,66,2,2
24645,100,97,3,3
24646,67,74,-7,7
24647,79,69,10,10
24648,123,119,4,4
24649,49,49,0,0
24650,73,81,-8,8
24651,105,104,1,1
24652,86,86,0,0
24653,78,90,-12,12
24654,97,82,15,15
24655,95,90,5,5
24656,46,61,-15,15
24657,105,85,20,20
24658,157,153,4,4
24659,97,107,-10,10
24660,130,121,9,9
24661,114,135,-21,21
24662,56,66,-10,10
24663,37,43,-6,6
24664,133,130,3,3
24665,80,101,-21,21
24666,56,61,-5,5
24667,64,64,0,0
24668,78,80,-2,2
24669,96,91,5,5
24670,90,88,2,2
24671,126,114,12,12
24672,85,86,-1,1
24673,60,58,2,2
24674,92,84,8,8
24675,105,102,3,3
24676,92,89,3,3
24677,85,76,9,9
24678,187,167,20,20
24679,108,119,-11,11
24680,64,71,-7,7
24681,99,102,-3,3
24682,92,91,1,1
24683,111,109,2,2
24684,83,74,9,9
24685,92,83,9,9
24686,68,65,3,3
24687,158,149,9,9
24688,54,57,-3,3
24689,86,75,11,11
24690,94,93,1,1
24691,102,106,-4,4
24692,55,54,1,1
24693,52,68,-16,16
24694,69,74,-5,5
24695,97,100,-3,3
24696,59,68,-9,9
24697,86,88,-2,2
24698,104,97,7,7
24699,119,124,-5,5
24700,124,111,13,13
24701,99,105,-6,6
24702,94,98,-4,4
24703,129,148,-19,19
24704,134,115,19,19
24705,58,63,-5,5
24706,131,122,9,9
24707,100,97,3,3
24708,97,83,14,14
24709,75,68,7,7
24710,133,135,-2,2
24711,87,81,6,6
24712,76,80,-4,4
24713,55,63,-8,8
24714,167,158,9,9
24715,108,116,-8,8
24716,64,63,1,1
24717,56,68,-12,12
24718,49,74,-25,25
24719,55,48,7,7
24720,80,100,-20,20
24721,55,61,-6,6
24722,169,162,7,7
24723,156,152,4,4
24724,102,96,6,6
24725,94,87,7,7
24726,92,92,0,0
24727,116,134,-18,18
24728,120,116,4,4
24729,107,109,-2,2
24730,113,126,-13,13
24731,75,78,-3,3
24732,67,61,6,6
24733,98,93,5,5
24734,193,181,12,12
24735,165,182,-17,17
24736,92,83,9,9
24737,53,58,-5,5
24738,82,94,-12,12
24739,113,127,-14,14
24740,89,97,-8,8
24741,93,91,2,2
24742,94,92,2,2
24743,87,84,3,3
24744,145,132,13,13
24745,142,141,1,1
24746,115,101,14,14
24747,82,88,-6,6
24748,87,93,-6,6
24749,74,74,0,0
24750,61,80,-19,19
24751,125,127,-2,2
24752,74,72,2,2
24753,129,132,-3,3
24754,88,78,10,10
24755,93,97,-4,4
24756,83,86,-3,3
24757,123,116,7,7
24758,103,98,5,5
24759,136,132,4,4
24760,88,89,-1,1
24761,94,86,8,8
24762,71,75,-4,4
24763,80,91,-11,11
24764,73,76,-3,3
24765,90,85,5,5
24766,81,76,5,5
24767,85,100,-15,15
24768,48,60,-12,12
24769,122,134,-12,12
24770,120,117,3,3
24771,100,110,-10,10
24772,123,110,13,13
24773,154,150,4,4
24774,49,58,-9,9
24775,110,95,15,15
24776,90,89,1,1
24777,103,95,8,8
24778,69,80,-11,11
24779,113,103,10,10
24780,102,108,-6,6
24781,80,115,-35,35
24782,45,53,-8,8
24783,154,147,7,7
24784,116,113,3,3
24785,125,111,14,14
24786,182,159,23,23
24787,68,58,10,10
24788,82,73,9,9
24789,78,85,-7,7
24790,60,73,-13,13
24791,119,113,6,6
24792,76,77,-1,1
24793,102,106,-4,4
24794,94,115,-21,21
24795,76,83,-7,7
24796,52,57,-5,5
24797,82,79,3,3
24798,117,115,2,2
24799,110,101,9,9
24800,165,151,14,14
24801,79,73,6,6
24802,132,123,9,9
24803,118,113,5,5
24804,95,95,0,0
24805,74,74,0,0
24806,52,67,-15,15
24807,104,102,2,2
24808,103,126,-23,23
24809,119,115,4,4
24810,99,105,-6,6
24811,141,133,8,8
24812,62,59,3,3
24813,95,91,4,4
24814,115,114,1,1
24815,97,100,-3,3
24816,46,46,0,0
24817,122,127,-5,5
24818,121,129,-8,8
24819,102,112,-10,10
24820,148,144,4,4
24821,71,66,5,5
24822,114,124,-10,10
24823,126,115,11,11
24824,84,86,-2,2
24825,83,85,-2,2
24826,101,87,14,14
24827,98,98,0,0
24828,121,99,22,22
24829,84,90,-6,6
24830,56,62,-6,6
24831,90,81,9,9
24832,85,73,12,12
24833,87,77,10,10
24834,113,118,-5,5
24835,140,141,-1,1
24836,116,118,-2,2
24837,120,127,-7,7
24838,82,73,9,9
24839,150,152,-2,2
24840,89,86,3,3
24841,72,69,3,3
24842,106,107,-1,1
24843,66,74,-8,8
24844,67,75,-8,8
24845,78,69,9,9
24846,118,113,5,5
24847,83,100,-17,17
24848,133,146,-13,13
24849,127,135,-8,8
24850,178,156,22,22
24851,70,69,1,1
24852,50,59,-9,9
24853,121,123,-2,2
24854,127,132,-5,5
24855,62,57,5,5
24856,74,74,0,0
24857,79,79,0,0
24858,95,96,-1,1
24859,103,111,-8,8
24860,113,103,10,10
24861,58,73,-15,15
24862,162,125,37,37
24863,43,51,-8,8
24864,73,68,5,5
24865,60,67,-7,7
24866,134,131,3,3
24867,66,71,-5,5
24868,42,55,-13,13
24869,89,85,4,4
24870,82,69,13,13
24871,133,134,-1,1
24872,28,55,-27,27
24873,120,117,3,3
24874,60,62,-2,2
24875,59,70,-11,11
24876,54,57,-3,3
24877,81,90,-9,9
24878,102,102,0,0
24879,47,55,-8,8
24880,90,83,7,7
24881,123,112,11,11
24882,83,81,2,2
24883,92,113,-21,21
24884,105,107,-2,2
24885,108,100,8,8
24886,114,122,-8,8
24887,57,62,-5,5
24888,67,68,-1,1
24889,85,99,-14,14
24890,68,70,-2,2
24891,55,58,-3,3
24892,93,85,8,8
24893,61,65,-4,4
24894,61,62,-1,1
24895,87,86,1,1
24896,85,87,-2,2
24897,88,100,-12,12
24898,57,60,-3,3
24899,65,72,-7,7
24900,58,63,-5,5
24901,118,111,7,7
24902,94,109,-15,15
24903,164,162,2,2
24904,74,77,-3,3
24905,106,159,-53,53
24906,97,123,-26,26
24907,117,111,6,6
24908,123,125,-2,2
24909,72,83,-11,11
24910,73,74,-1,1
24911,105,156,-51,51
24912,53,57,-4,4
24913,63,58,5,5
24914,85,86,-1,1
24915,136,140,-4,4
24916,113,109,4,4
24917,92,109,-17,17
24918,97,99,-2,2
24919,95,95,0,0
24920,106,101,5,5
24921,167,165,2,2
24922,121,138,-17,17
24923,42,44,-2,2
24924,80,92,-12,12
24925,48,50,-2,2
24926,116,117,-1,1
24927,117,113,4,4
24928,67,59,8,8
24929,69,67,2,2
24930,114,112,2,2
24931,134,128,6,6
24932,91,85,6,6
24933,88,82,6,6
24934,130,127,3,3
24935,187,187,0,0
24936,99,105,-6,6
24937,95,97,-2,2
24938,151,149,2,2
24939,97,92,5,5
24940,66,64,2,2
24941,39,49,-10,10
24942,114,117,-3,3
24943,124,112,12,12
24944,109,110,-1,1
24945,92,107,-15,15
24946,50,55,-5,5
24947,139,135,4,4
24948,116,125,-9,9
24949,79,79,0,0
24950,69,86,-17,17
24951,95,107,-12,12
24952,112,120,-8,8
24953,57,67,-10,10
24954,57,62,-5,5
24955,112,125,-13,13
24956,77,86,-9,9
24957,79,86,-7,7
24958,115,115,0,0
24959,52,67,-15,15
24960,121,110,11,11
24961,93,100,-7,7
24962,51,72,-21,21
24963,71,74,-3,3
24964,126,122,4,4
24965,149,152,-3,3
24966,91,113,-22,22
24967,142,134,8,8
24968,55,64,-9,9
24969,110,112,-2,2
24970,197,194,3,3
24971,85,83,2,2
24972,115,113,2,2
24973,111,114,-3,3
24974,136,120,16,16
24975,57,61,-4,4
24976,100,87,13,13
24977,121,122,-1,1
24978,105,106,-1,1
24979,145,143,2,2
24980,93,86,7,7
24981,104,109,-5,5
24982,104,99,5,5
24983,89,88,1,1
24984,82,78,4,4
24985,137,125,12,12
24986,112,104,8,8
24987,99,87,12,12
24988,94,96,-2,2
24989,140,130,10,10
24990,75,79,-4,4
24991,114,113,1,1
24992,71,76,-5,5
24993,155,141,14,14
24994,71,75,-4,4
24995,61,63,-2,2
24996,84,99,-15,15
24997,75,78,-3,3
24998,128,151,-23,23
24999,247,234,13,13
25000,101,107,-6,6
25001,113,101,12,12
25002,116,118,-2,2
25003,112,104,8,8
25004,83,85,-2,2
25005,52,49,3,3
25006,73,65,8,8
25007,43,54,-11,11
25008,96,112,-16,16
25009,49,63,-14,14
25010,57,65,-8,8
25011,104,134,-30,30
25012,86,81,5,5
25013,66,80,-14,14
25014,69,77,-8,8
25015,92,99,-7,7
25016,120,118,2,2
25017,124,124,0,0
25018,109,112,-3,3
25019,90,99,-9,9
25020,88,71,17,17
25021,60,62,-2,2
25022,100,95,5,5
25023,171,194,-23,23
25024,55,64,-9,9
25025,143,138,5,5
25026,104,102,2,2
25027,120,117,3,3
25028,132,131,1,1
25029,142,141,1,1
25030,68,64,4,4
25031,74,72,2,2
25032,107,117,-10,10
25033,82,80,2,2
25034,48,46,2,2
25035,83,78,5,5
25036,66,66,0,0
25037,90,93,-3,3
25038,114,120,-6,6
25039,123,113,10,10
25040,140,119,21,21
25041,71,61,10,10
25042,112,109,3,3
25043,175,187,-12,12
25044,148,125,23,23
25045,87,85,2,2
25046,156,147,9,9
25047,44,55,-11,11
25048,105,106,-1,1
25049,120,118,2,2
25050,65,70,-5,5
25051,120,120,0,0
25052,69,68,1,1
25053,91,90,1,1
25054,135,116,19,19
25055,133,134,-1,1
25056,81,88,-7,7
25057,74,73,1,1
25058,144,155,-11,11
25059,146,139,7,7
25060,95,88,7,7
25061,223,171,52,52
25062,126,100,26,26
25063,49,53,-4,4
25064,102,104,-2,2
25065,116,114,2,2
25066,60,64,-4,4
25067,154,151,3,3
25068,134,128,6,6
25069,100,103,-3,3
25070,76,75,1,1
25071,74,75,-1,1
25072,77,70,7,7
25073,88,88,0,0
25074,76,75,1,1
25075,81,82,-1,1
25076,165,162,3,3
25077,108,108,0,0
25078,53,45,8,8
25079,59,69,-10,10
25080,85,98,-13,13
25081,98,110,-12,12
25082,58,64,-6,6
25083,105,106,-1,1
25084,148,133,15,15
25085,159,144,15,15
25086,163,159,4,4
25087,102,100,2,2
25088,71,61,10,10
25089,156,176,-20,20
25090,97,97,0,0
25091,97,84,13,13
25092,72,78,-6,6
25093,83,115,-32,32
25094,81,67,14,14
25095,103,106,-3,3
25096,95,85,10,10
25097,82,93,-11,11
25098,121,120,1,1
25099,78,83,-5,5
25100,98,95,3,3
25101,145,143,2,2
25102,122,112,10,10
25103,123,123,0,0
25104,76,68,8,8
25105,195,179,16,16
25106,48,48,0,0
25107,59,70,-11,11
25108,73,71,2,2
25109,73,78,-5,5
25110,63,59,4,4
25111,178,159,19,19
25112,69,71,-2,2
25113,96,91,5,5
25114,67,75,-8,8
25115,46,50,-4,4
25116,88,77,11,11
25117,47,65,-18,18
25118,45,46,-1,1
25119,47,58,-11,11
25120,123,119,4,4
25121,124,128,-4,4
25122,167,136,31,31
25123,136,128,8,8
25124,72,76,-4,4
25125,109,117,-8,8
25126,74,83,-9,9
25127,80,79,1,1
25128,126,128,-2,2
25129,119,112,7,7
25130,60,66,-6,6
25131,98,106,-8,8
25132,128,113,15,15
25133,96,87,9,9
25134,109,104,5,5
25135,135,123,12,12
25136,86,76,10,10
25137,125,117,8,8
25138,71,83,-12,12
25139,137,130,7,7
25140,86,85,1,1
25141,150,157,-7,7
25142,83,88,-5,5
25143,57,60,-3,3
25144,87,95,-8,8
25145,58,62,-4,4
25146,74,91,-17,17
25147,168,147,21,21
25148,145,128,17,17
25149,65,64,1,1
25150,76,76,0,0
25151,114,113,1,1
25152,151,146,5,5
25153,146,169,-23,23
25154,65,76,-11,11
25155,77,96,-19,19
25156,165,153,12,12
25157,89,104,-15,15
25158,107,102,5,5
25159,96,108,-12,12
25160,115,120,-5,5
25161,74,72,2,2
25162,160,156,4,4
25163,82,75,7,7
25164,80,76,4,4
25165,94,98,-4,4
25166,97,101,-4,4
25167,48,71,-23,23
25168,79,73,6,6
25169,16,28,-12,12
25170,100,107,-7,7
25171,51,80,-29,29
25172,86,83,3,3
25173,108,112,-4,4
25174,46,44,2,2
25175,55,91,-36,36
25176,112,122,-10,10
25177,84,83,1,1
25178,100,99,1,1
25179,150,140,10,10
25180,138,135,3,3
25181,92,83,9,9
25182,66,72,-6,6
25183,103,107,-4,4
25184,96,98,-2,2
25185,148,158,-10,10
25186,81,72,9,9
25187,45,101,-56,56
25188,126,129,-3,3
25189,168,166,2,2
25190,76,74,2,2
25191,134,146,-12,12
25192,83,78,5,5
25193,118,120,-2,2
25194,117,112,5,5
25195,100,112,-12,12
25196,96,98,-2,2
25197,122,114,8,8
25198,76,85,-9,9
25199,96,103,-7,7
25200,103,102,1,1
25201,70,74,-4,4
25202,209,183,26,26
25203,75,79,-4,4
25204,54,74,-20,20
25205,111,122,-11,11
25206,70,66,4,4
25207,100,105,-5,5
25208,108,100,8,8
25209,56,66,-10,10
25210,172,186,-14,14
25211,67,67,0,0
25212,118,101,17,17
25213,47,60,-13,13
25214,69,73,-4,4
25215,85,94,-9,9
25216,63,67,-4,4
25217,267,266,1,1
25218,101,107,-6,6
25219,126,117,9,9
25220,99,109,-10,10
25221,124,138,-14,14
25222,145,134,11,11
25223,83,94,-11,11
25224,96,88,8,8
25225,149,154,-5,5
25226,65,72,-7,7
25227,83,80,3,3
25228,51,57,-6,6
25229,73,83,-10,10
25230,164,109,55,55
25231,76,80,-4,4
25232,86,100,-14,14
25233,128,113,15,15
25234,126,110,16,16
25235,75,69,6,6
25236,85,86,-1,1
25237,59,59,0,0
25238,80,74,6,6
25239,115,106,9,9
25240,96,96,0,0
25241,57,64,-7,7
25242,78,76,2,2
25243,92,108,-16,16
25244,114,111,3,3
25245,97,82,15,15
25246,67,51,16,16
25247,68,95,-27,27
25248,88,88,0,0
25249,58,63,-5,5
25250,86,103,-17,17
25251,81,83,-2,2
25252,80,89,-9,9
25253,107,122,-15,15
25254,65,73,-8,8
25255,77,71,6,6
25256,30,35,-5,5
25257,81,76,5,5
25258,91,105,-14,14
25259,62,68,-6,6
25260,78,82,-4,4
25261,103,96,7,7
25262,113,108,5,5
25263,121,121,0,0
25264,75,77,-2,2
25265,113,115,-2,2
25266,52,61,-9,9
25267,93,97,-4,4
25268,51,58,-7,7
25269,128,123,5,5
25270,86,70,16,16
25271,107,116,-9,9
25272,105,106,-1,1
25273,195,195,0,0
25274,64,65,-1,1
25275,56,72,-16,16
25276,38,92,-54,54
25277,111,119,-8,8
25278,72,81,-9,9
25279,103,98,5,5
25280,93,93,0,0
25281,90,99,-9,9
25282,64,75,-11,11
25283,142,126,16,16
25284,96,60,36,36
25285,85,80,5,5
25286,99,103,-4,4
25287,52,61,-9,9
25288,117,145,-28,28
25289,76,78,-2,2
25290,80,91,-11,11
25291,99,98,1,1
25292,103,99,4,4
25293,60,68,-8,8
25294,96,100,-4,4
25295,112,121,-9,9
25296,77,67,10,10
25297,126,111,15,15
25298,125,130,-5,5
25299,132,130,2,2
25300,79,84,-5,5
25301,106,99,7,7
25302,35,49,-14,14
25303,85,69,16,16
25304,63,54,9,9
25305,65,74,-9,9
25306,23,60,-37,37
25307,73,76,-3,3
25308,103,109,-6,6
25309,79,81,-2,2
25310,81,89,-8,8
25311,54,55,-1,1
25312,77,76,1,1
25313,90,89,1,1
25314,92,92,0,0
25315,54,59,-5,5
25316,101,103,-2,2
25317,102,89,13,13
25318,77,81,-4,4
25319,113,126,-13,13
25320,166,155,11,11
25321,74,79,-5,5
25322,116,123,-7,7
25323,127,133,-6,6
25324,89,91,-2,2
25325,101,97,4,4
25326,103,103,0,0
25327,127,127,0,0
25328,83,86,-3,3
25329,123,136,-13,13
25330,118,116,2,2
25331,160,168,-8,8
25332,79,80,-1,1
25333,76,67,9,9
25334,51,55,-4,4
25335,110,115,-5,5
25336,112,129,-17,17
25337,73,67,6,6
25338,90,82,8,8
25339,87,91,-4,4
25340,97,99,-2,2
25341,51,54,-3,3
25342,175,162,13,13
25343,51,56,-5,5
25344,96,101,-5,5
25345,96,88,8,8
25346,87,90,-3,3
25347,98,99,-1,1
25348,195,169,26,26
25349,74,65,9,9
25350,111,108,3,3
25351,62,60,2,2
25352,62,103,-41,41
25353,50,54,-4,4
25354,77,75,2,2
25355,68,64,4,4
25356,72,81,-9,9
25357,82,81,1,1
25358,69,74,-5,5
25359,133,131,2,2
25360,57,64,-7,7
25361,87,98,-11,11
25362,86,82,4,4
25363,53,87,-34,34
25364,111,137,-26,26
25365,85,87,-2,2
25366,68,69,-1,1
25367,82,90,-8,8
25368,125,124,1,1
25369,127,106,21,21
25370,46,84,-38,38
25371,125,142,-17,17
25372,133,120,13,13
25373,84,95,-11,11
25374,70,69,1,1
25375,130,115,15,15
25376,86,87,-1,1
25377,161,159,2,2
25378,100,134,-34,34
25379,107,109,-2,2
25380,89,89,0,0
25381,62,55,7,7
25382,75,75,0,0
25383,82,87,-5,5
25384,104,110,-6,6
25385,83,102,-19,19
25386,109,110,-1,1
25387,57,54,3,3
25388,125,114,11,11
25389,87,84,3,3
25390,201,167,34,34
25391,75,74,1,1
25392,80,83,-3,3
25393,143,163,-20,20
25394,120,124,-4,4
25395,146,147,-1,1
25396,70,65,5,5
25397,93,89,4,4
25398,110,122,-12,12
25399,43,55,-12,12
25400,97,91,6,6
25401,70,66,4,4
25402,85,81,4,4
25403,91,102,-11,11
25404,85,92,-7,7
25405,120,119,1,1
25406,70,70,0,0
25407,61,66,-5,5
25408,67,67,0,0
25409,156,147,9,9
25410,45,54,-9,9
25411,121,144,-23,23
25412,93,114,-21,21
25413,111,145,-34,34
25414,72,78,-6,6
25415,44,52,-8,8
25416,140,150,-10,10
25417,52,65,-13,13
25418,70,71,-1,1
25419,117,121,-4,4
25420,60,45,15,15
25421,73,92,-19,19
25422,107,104,3,3
25423,90,63,27,27
25424,59,66,-7,7
25425,102,119,-17,17
25426,73,72,1,1
25427,86,89,-3,3
25428,58,58,0,0
25429,66,63,3,3
25430,62,107,-45,45
25431,130,123,7,7
25432,121,107,14,14
25433,114,117,-3,3
25434,128,124,4,4
25435,106,109,-3,3
25436,94,92,2,2
25437,139,148,-9,9
25438,57,61,-4,4
25439,62,77,-15,15
25440,59,59,0,0
25441,134,125,9,9
25442,88,84,4,4
25443,67,70,-3,3
25444,91,99,-8,8
25445,79,76,3,3
25446,99,98,1,1
25447,135,138,-3,3
25448,118,126,-8,8
25449,97,93,4,4
25450,96,89,7,7
25451,81,82,-1,1
25452,93,98,-5,5
25453,108,98,10,10
25454,69,67,2,2
25455,106,119,-13,13
25456,80,86,-6,6
25457,108,108,0,0
25458,95,95,0,0
25459,41,44,-3,3
25460,97,103,-6,6
25461,161,148,13,13
25462,96,83,13,13
25463,86,100,-14,14
25464,123,117,6,6
25465,84,71,13,13
25466,81,85,-4,4
25467,99,100,-1,1
25468,108,101,7,7
25469,57,67,-10,10
25470,82,89,-7,7
25471,117,146,-29,29
25472,78,82,-4,4
25473,206,207,-1,1
25474,70,72,-2,2
25475,66,70,-4,4
25476,132,143,-11,11
25477,73,75,-2,2
25478,53,62,-9,9
25479,47,55,-8,8
25480,73,79,-6,6
25481,72,75,-3,3
25482,96,97,-1,1
25483,182,183,-1,1
25484,80,77,3,3
25485,98,103,-5,5
25486,103,113,-10,10
25487,182,174,8,8
25488,136,144,-8,8
25489,101,72,29,29
25490,81,74,7,7
25491,161,150,11,11
25492,83,95,-12,12
25493,57,69,-12,12
25494,119,110,9,9
25495,103,97,6,6
25496,143,133,10,10
25497,61,106,-45,45
25498,117,117,0,0
25499,113,115,-2,2
25500,94,97,-3,3
25501,70,70,0,0
25502,116,126,-10,10
25503,102,85,17,17
25504,154,162,-8,8
25505,91,86,5,5
25506,105,117,-12,12
25507,114,135,-21,21
25508,160,157,3,3
25509,94,98,-4,4
25510,151,131,20,20
25511,170,163,7,7
25512,76,71,5,5
25513,74,70,4,4
25514,101,104,-3,3
25515,62,64,-2,2
25516,84,79,5,5
25517,109,115,-6,6
25518,106,103,3,3
25519,119,114,5,5
25520,89,87,2,2
25521,53,55,-2,2
25522,37,43,-6,6
25523,97,99,-2,2
25524,91,83,8,8
25525,94,85,9,9
25526,111,105,6,6
25527,203,179,24,24
25528,71,72,-1,1
25529,63,68,-5,5
25530,55,61,-6,6
25531,87,84,3,3
25532,125,143,-18,18
25533,101,105,-4,4
25534,98,94,4,4
25535,116,119,-3,3
25536,79,79,0,0
25537,206,190,16,16
25538,102,71,31,31
25539,153,136,17,17
25540,86,97,-11,11
25541,60,71,-11,11
25542,95,110,-15,15
25543,156,150,6,6
25544,90,89,1,1
25545,131,126,5,5
25546,107,103,4,4
25547,56,62,-6,6
25548,96,97,-1,1
25549,67,82,-15,15
25550,66,71,-5,5
25551,116,126,-10,10
25552,97,105,-8,8
25553,132,138,-6,6
25554,87,90,-3,3
25555,94,104,-10,10
25556,50,55,-5,5
25557,104,96,8,8
25558,179,172,7,7
25559,121,102,19,19
25560,54,61,-7,7
25561,86,83,3,3
25562,29,43,-14,14
25563,109,107,2,2
25564,81,93,-12,12
25565,75,97,-22,22
25566,179,157,22,22
25567,59,54,5,5
25568,122,116,6,6
25569,209,163,46,46
25570,53,66,-13,13
25571,79,76,3,3
25572,97,93,4,4
25573,99,101,-2,2
25574,50,52,-2,2
25575,81,77,4,4
25576,77,74,3,3
25577,179,174,5,5
25578,100,102,-2,2
25579,57,63,-6,6
25580,88,86,2,2
25581,47,54,-7,7
25582,92,95,-3,3
25583,94,99,-5,5
25584,49,52,-3,3
25585,155,129,26,26
25586,93,96,-3,3
25587,160,148,12,12
25588,34,43,-9,9
25589,109,103,6,6
25590,112,113,-1,1
25591,65,65,0,0
25592,76,67,9,9
25593,82,99,-17,17
25594,97,85,12,12
25595,72,76,-4,4
25596,95,101,-6,6
25597,59,80,-21,21
25598,52,56,-4,4
25599,81,80,1,1
25600,87,83,4,4
25601,129,129,0,0
25602,57,90,-33,33
25603,54,61,-7,7
25604,122,101,21,21
25605,90,96,-6,6
25606,136,119,17,17
25607,55,50,5,5
25608,69,83,-14,14
25609,118,111,7,7
25610,103,103,0,0
25611,70,70,0,0
25612,43,55,-12,12
25613,66,64,2,2
25614,140,145,-5,5
25615,89,97,-8,8
25616,147,131,16,16
25617,112,122,-10,10
25618,78,68,10,10
25619,40,49,-9,9
25620,55,59,-4,4
25621,77,81,-4,4
25622,80,105,-25,25
25623,71,78,-7,7
25624,82,86,-4,4
25625,82,88,-6,6
25626,93,93,0,0
25627,68,71,-3,3
25628,96,93,3,3
25629,116,117,-1,1
25630,53,58,-5,5
25631,87,86,1,1
25632,116,108,8,8
25633,102,98,4,4
25634,89,88,1,1
25635,121,109,12,12
25636,92,82,10,10
25637,29,57,-28,28
25638,98,93,5,5
25639,70,70,0,0
25640,127,117,10,10
25641,208,180,28,28
25642,85,76,9,9
25643,84,84,0,0
25644,92,100,-8,8
25645,118,150,-32,32
25646,66,79,-13,13
25647,79,79,0,0
25648,167,156,11,11
25649,174,174,0,0
25650,92,91,1,1
25651,90,86,4,4
25652,103,93,10,10
25653,85,85,0,0
25654,43,45,-2,2
25655,144,146,-2,2
25656,66,69,-3,3
25657,33,49,-16,16
25658,50,61,-11,11
25659,68,63,5,5
25660,152,148,4,4
25661,102,103,-1,1
25662,45,49,-4,4
25663,67,63,4,4
25664,59,66,-7,7
25665,92,100,-8,8
25666,138,131,7,7
25667,152,156,-4,4
25668,79,78,1,1
25669,122,133,-11,11
25670,122,124,-2,2
25671,59,67,-8,8
25672,164,154,10,10
25673,93,158,-65,65
25674,86,96,-10,10
25675,133,123,10,10
25676,95,109,-14,14
25677,86,94,-8,8
25678,76,77,-1,1
25679,152,145,7,7
25680,99,98,1,1
25681,62,59,3,3
25682,92,100,-8,8
25683,105,86,19,19
25684,95,89,6,6
25685,103,71,32,32
25686,64,66,-2,2
25687,113,122,-9,9
25688,139,148,-9,9
25689,116,112,4,4
25690,109,138,-29,29
25691,110,108,2,2
25692,102,105,-3,3
25693,108,116,-8,8
25694,83,68,15,15
25695,151,159,-8,8
25696,84,97,-13,13
25697,109,102,7,7
25698,136,133,3,3
25699,109,102,7,7
25700,136,122,14,14
25701,109,103,6,6
25702,68,80,-12,12
25703,76,77,-1,1
25704,81,86,-5,5
25705,102,100,2,2
25706,139,131,8,8
25707,86,89,-3,3
25708,105,96,9,9
25709,58,61,-3,3
25710,35,53,-18,18
25711,49,55,-6,6
25712,82,80,2,2
25713,70,69,1,1
25714,79,85,-6,6
25715,66,66,0,0
25716,122,115,7,7
25717,77,70,7,7
25718,120,114,6,6
25719,155,140,15,15
25720,123,124,-1,1
25721,74,85,-11,11
25722,88,87,1,1
25723,143,138,5,5
25724,88,82,6,6
25725,57,61,-4,4
25726,130,119,11,11
25727,81,91,-10,10
25728,83,94,-11,11
25729,173,158,15,15
25730,66,72,-6,6
25731,91,93,-2,2
25732,70,56,14,14
25733,73,68,5,5
25734,72,80,-8,8
25735,73,71,2,2
25736,109,122,-13,13
25737,106,65,41,41
25738,72,65,7,7
25739,80,86,-6,6
25740,188,177,11,11
25741,112,95,17,17
25742,116,121,-5,5
25743,115,105,10,10
25744,97,100,-3,3
25745,171,162,9,9
25746,96,110,-14,14
25747,97,98,-1,1
25748,60,64,-4,4
25749,119,107,12,12
25750,144,125,19,19
25751,64,56,8,8
25752,55,61,-6,6
25753,92,94,-2,2
25754,92,84,8,8
25755,133,139,-6,6
25756,62,69,-7,7
25757,143,153,-10,10
25758,92,100,-8,8
25759,95,109,-14,14
25760,43,52,-9,9
25761,110,99,11,11
25762,94,85,9,9
25763,68,69,-1,1
25764,81,78,3,3
25765,150,136,14,14
25766,129,130,-1,1
25767,133,125,8,8
25768,105,107,-2,2
25769,66,85,-19,19
25770,91,95,-4,4
25771,90,76,14,14
25772,117,100,17,17
25773,140,144,-4,4
25774,165,171,-6,6
25775,95,98,-3,3
25776,85,106,-21,21
25777,158,162,-4,4
25778,138,149,-11,11
25779,96,101,-5,5
25780,122,117,5,5
25781,65,64,1,1
25782,63,67,-4,4
25783,111,122,-11,11
25784,80,101,-21,21
25785,79,79,0,0
25786,100,93,7,7
25787,81,90,-9,9
25788,92,82,10,10
25789,75,85,-10,10
25790,82,86,-4,4
25791,79,89,-10,10
25792,57,71,-14,14
25793,148,129,19,19
25794,79,88,-9,9
25795,122,111,11,11
25796,82,87,-5,5
25797,61,69,-8,8
25798,38,53,-15,15
25799,94,110,-16,16
25800,101,88,13,13
25801,89,90,-1,1
25802,68,66,2,2
25803,47,52,-5,5
25804,90,86,4,4
25805,60,58,2,2
25806,114,112,2,2
25807,80,88,-8,8
25808,127,114,13,13
25809,102,104,-2,2
25810,69,66,3,3
25811,53,66,-13,13
25812,59,66,-7,7
25813,95,102,-7,7
25814,64,60,4,4
25815,144,155,-11,11
25816,71,61,10,10
25817,100,102,-2,2
25818,116,118,-2,2
25819,104,102,2,2
25820,177,191,-14,14
25821,108,106,2,2
25822,132,127,5,5
25823,118,113,5,5
25824,135,141,-6,6
25825,115,114,1,1
25826,73,77,-4,4
25827,133,123,10,10
25828,95,92,3,3
25829,80,71,9,9
25830,48,81,-33,33
25831,158,146,12,12
25832,73,81,-8,8
25833,94,90,4,4
25834,74,98,-24,24
25835,154,159,-5,5
25836,127,124,3,3
25837,73,78,-5,5
25838,89,86,3,3
25839,61,68,-7,7
25840,87,85,2,2
25841,65,77,-12,12
25842,81,83,-2,2
25843,99,96,3,3
25844,83,93,-10,10
25845,90,94,-4,4
25846,82,86,-4,4
25847,115,108,7,7
25848,137,153,-16,16
25849,78,73,5,5
25850,94,88,6,6
25851,101,110,-9,9
25852,96,93,3,3
25853,77,79,-2,2
25854,112,109,3,3
25855,138,134,4,4
25856,98,100,-2,2
25857,91,103,-12,12
25858,143,131,12,12
25859,153,141,12,12
25860,40,48,-8,8
25861,69,66,3,3
25862,67,68,-1,1
25863,43,53,-10,10
25864,104,139,-35,35
25865,117,115,2,2
25866,84,79,5,5
25867,84,97,-13,13
25868,74,74,0,0
25869,75,76,-1,1
25870,147,154,-7,7
25871,94,97,-3,3
25872,92,88,4,4
25873,71,76,-5,5
25874,84,80,4,4
25875,78,103,-25,25
25876,83,82,1,1
25877,84,94,-10,10
25878,42,70,-28,28
25879,149,153,-4,4
25880,95,99,-4,4
25881,132,125,7,7
25882,83,70,13,13
25883,131,140,-9,9
25884,62,91,-29,29
25885,87,92,-5,5
25886,91,92,-1,1
25887,155,177,-22,22
25888,73,79,-6,6
25889,98,99,-1,1
25890,72,72,0,0
25891,75,95,-20,20
25892,147,147,0,0
25893,54,62,-8,8
25894,128,128,0,0
25895,98,99,-1,1
25896,111,116,-5,5
25897,81,82,-1,1
25898,87,80,7,7
25899,28,75,-47,47
25900,123,121,2,2
25901,82,73,9,9
25902,82,73,9,9
25903,113,113,0,0
25904,121,125,-4,4
25905,124,111,13,13
25906,85,81,4,4
25907,82,91,-9,9
25908,107,106,1,1
25909,113,117,-4,4
25910,74,71,3,3
25911,97,96,1,1
25912,56,63,-7,7
25913,89,89,0,0
25914,132,130,2,2
25915,134,133,1,1
25916,93,98,-5,5
25917,128,142,-14,14
25918,121,123,-2,2
25919,132,129,3,3
25920,114,112,2,2
25921,93,91,2,2
25922,132,136,-4,4
25923,139,123,16,16
25924,59,65,-6,6
25925,185,158,27,27
25926,47,53,-6,6
25927,68,63,5,5
25928,122,131,-9,9
25929,130,138,-8,8
25930,98,96,2,2
25931,42,43,-1,1
25932,125,126,-1,1
25933,56,66,-10,10
25934,129,133,-4,4
25935,60,91,-31,31
25936,51,58,-7,7
25937,78,82,-4,4
25938,62,75,-13,13
25939,80,96,-16,16
25940,39,48,-9,9
25941,120,103,17,17
25942,100,94,6,6
25943,112,125,-13,13
25944,85,77,8,8
25945,118,110,8,8
25946,124,140,-16,16
25947,56,58,-2,2
25948,97,103,-6,6
25949,83,97,-14,14
25950,91,111,-20,20
25951,68,68,0,0
25952,108,118,-10,10
25953,87,90,-3,3
25954,57,67,-10,10
25955,70,63,7,7
25956,87,85,2,2
25957,111,116,-5,5
25958,79,97,-18,18
25959,117,101,16,16
25960,95,102,-7,7
25961,139,142,-3,3
25962,52,56,-4,4
25963,47,98,-51,51
25964,104,110,-6,6
25965,89,89,0,0
25966,86,92,-6,6
25967,90,93,-3,3
25968,113,111,2,2
25969,89,94,-5,5
25970,94,99,-5,5
25971,134,132,2,2
25972,63,58,5,5
25973,102,102,0,0
25974,146,140,6,6
25975,140,133,7,7
25976,73,80,-7,7
25977,127,129,-2,2
25978,47,56,-9,9
25979,90,107,-17,17
25980,77,79,-2,2
25981,136,124,12,12
25982,121,135,-14,14
25983,82,80,2,2
25984,114,110,4,4
25985,114,107,7,7
25986,80,82,-2,2
25987,82,83,-1,1
25988,79,80,-1,1
25989,107,119,-12,12
25990,113,96,17,17
25991,114,112,2,2
25992,52,64,-12,12
25993,67,70,-3,3
25994,74,81,-7,7
25995,113,119,-6,6
25996,77,72,5,5
25997,125,136,-11,11
25998,60,63,-3,3
25999,78,75,3,3
26000,94,103,-9,9
26001,102,97,5,5
26002,115,108,7,7
26003,114,109,5,5
26004,115,121,-6,6
26005,109,110,-1,1
26006,107,112,-5,5
26007,80,83,-3,3
26008,111,106,5,5
26009,36,58,-22,22
26010,78,73,5,5
26011,87,82,5,5
26012,74,63,11,11
26013,70,80,-10,10
26014,64,65,-1,1
26015,51,55,-4,4
26016,97,102,-5,5
26017,106,102,4,4
26018,150,150,0,0
26019,105,116,-11,11
26020,80,82,-2,2
26021,81,82,-1,1
26022,78,88,-10,10
26023,103,111,-8,8
26024,68,71,-3,3
26025,69,65,4,4
26026,100,127,-27,27
26027,100,90,10,10
26028,171,164,7,7
26029,102,103,-1,1
26030,98,95,3,3
26031,81,83,-2,2
26032,86,82,4,4
26033,47,60,-13,13
26034,83,85,-2,2
26035,139,137,2,2
26036,71,72,-1,1
26037,142,144,-2,2
26038,65,62,3,3
26039,68,69,-1,1
26040,63,61,2,2
26041,105,96,9,9
26042,53,64,-11,11
26043,126,127,-1,1
26044,137,145,-8,8
26045,64,63,1,1
26046,126,147,-21,21
26047,117,106,11,11
26048,65,94,-29,29
26049,133,127,6,6
26050,64,65,-1,1
26051,96,89,7,7
26052,92,93,-1,1
26053,99,98,1,1
26054,148,155,-7,7
26055,54,58,-4,4
26056,99,86,13,13
26057,89,98,-9,9
26058,63,59,4,4
26059,90,89,1,1
26060,71,74,-3,3
26061,82,74,8,8
26062,89,70,19,19
26063,58,62,-4,4
26064,88,91,-3,3
26065,91,112,-21,21
26066,29,38,-9,9
26067,63,57,6,6
26068,73,76,-3,3
26069,68,64,4,4
26070,76,90,-14,14
26071,73,71,2,2
26072,152,135,17,17
26073,113,105,8,8
26074,57,51,6,6
26075,81,84,-3,3
26076,102,114,-12,12
26077,87,118,-31,31
26078,106,101,5,5
26079,83,86,-3,3
26080,164,157,7,7
26081,122,105,17,17
26082,68,84,-16,16
26083,79,76,3,3
26084,57,56,1,1
26085,116,114,2,2
26086,57,57,0,0
26087,105,95,10,10
26088,95,99,-4,4
26089,164,163,1,1
26090,159,164,-5,5
26091,92,85,7,7
26092,100,107,-7,7
26093,64,63,1,1
26094,121,156,-35,35
26095,157,158,-1,1
26096,116,120,-4,4
26097,46,54,-8,8
26098,106,84,22,22
26099,67,74,-7,7
26100,83,93,-10,10
26101,66,67,-1,1
26102,105,118,-13,13
26103,166,167,-1,1
26104,109,89,20,20
26105,75,76,-1,1
26106,86,86,0,0
26107,91,86,5,5
26108,76,70,6,6
26109,149,154,-5,5
26110,102,96,6,6
26111,76,78,-2,2
26112,64,62,2,2
26113,108,105,3,3
26114,99,96,3,3
26115,104,100,4,4
26116,136,121,15,15
26117,72,96,-24,24
26118,92,86,6,6
26119,70,66,4,4
26120,69,66,3,3
26121,154,124,30,30
26122,129,127,2,2
26123,102,103,-1,1
26124,107,107,0,0
26125,107,110,-3,3
26126,75,71,4,4
26127,108,110,-2,2
26128,96,90,6,6
26129,80,84,-4,4
26130,73,83,-10,10
26131,129,127,2,2
26132,57,60,-3,3
26133,92,96,-4,4
26134,70,86,-16,16
26135,61,68,-7,7
26136,52,58,-6,6
26137,145,142,3,3
26138,74,77,-3,3
26139,75,78,-3,3
26140,134,127,7,7
26141,105,111,-6,6
26142,108,93,15,15
26143,98,105,-7,7
26144,96,93,3,3
26145,135,143,-8,8
26146,103,103,0,0
26147,84,87,-3,3
26148,132,126,6,6
26149,114,111,3,3
26150,87,86,1,1
26151,55,63,-8,8
26152,65,63,2,2
26153,48,56,-8,8
26154,64,65,-1,1
26155,113,109,4,4
26156,137,127,10,10
26157,124,118,6,6
26158,47,52,-5,5
26159,103,95,8,8
26160,136,130,6,6
26161,80,82,-2,2
26162,65,88,-23,23
26163,117,116,1,1
26164,113,115,-2,2
26165,71,51,20,20
26166,132,137,-5,5
26167,102,97,5,5
26168,191,179,12,12
26169,127,121,6,6
26170,102,104,-2,2
26171,104,92,12,12
26172,113,108,5,5
26173,74,97,-23,23
26174,143,150,-7,7
26175,73,74,-1,1
26176,143,141,2,2
26177,120,113,7,7
26178,95,98,-3,3
26179,84,82,2,2
26180,146,135,11,11
26181,70,67,3,3
26182,125,112,13,13
26183,79,80,-1,1
26184,77,83,-6,6
26185,69,69,0,0
26186,100,95,5,5
26187,190,166,24,24
26188,90,96,-6,6
26189,67,84,-17,17
26190,179,137,42,42
26191,68,80,-12,12
26192,79,90,-11,11
26193,149,127,22,22
26194,87,61,26,26
26195,58,70,-12,12
26196,176,187,-11,11
26197,67,67,0,0
26198,76,74,2,2
26199,127,125,2,2
26200,73,67,6,6
26201,68,65,3,3
26202,70,67,3,3
26203,101,87,14,14
26204,122,130,-8,8
26205,95,85,10,10
26206,90,100,-10,10
26207,85,94,-9,9
26208,138,129,9,9
26209,115,126,-11,11
26210,122,123,-1,1
26211,59,59,0,0
26212,51,59,-8,8
26213,106,104,2,2
26214,110,121,-11,11
26215,111,123,-12,12
26216,62,90,-28,28
26217,93,80,13,13
26218,46,54,-8,8
26219,107,117,-10,10
26220,144,124,20,20
26221,92,85,7,7
26222,92,93,-1,1
26223,95,104,-9,9
26224,154,147,7,7
26225,54,57,-3,3
26226,102,94,8,8
26227,61,66,-5,5
26228,109,104,5,5
26229,155,139,16,16
26230,83,73,10,10
26231,79,78,1,1
26232,102,104,-2,2
26233,133,115,18,18
26234,134,148,-14,14
26235,81,87,-6,6
26236,151,155,-4,4
26237,46,53,-7,7
26238,97,90,7,7
26239,62,72,-10,10
26240,114,100,14,14
26241,83,90,-7,7
26242,114,119,-5,5
26243,87,102,-15,15
26244,110,94,16,16
26245,232,232,0,0
26246,35,53,-18,18
26247,96,88,8,8
26248,87,99,-12,12
26249,52,59,-7,7
26250,89,85,4,4
26251,84,75,9,9
26252,84,86,-2,2
26253,151,148,3,3
26254,51,52,-1,1
26255,112,103,9,9
26256,189,186,3,3
26257,68,64,4,4
26258,77,74,3,3
26259,62,73,-11,11
26260,112,104,8,8
26261,95,91,4,4
26262,81,82,-1,1
26263,108,96,12,12
26264,96,97,-1,1
26265,58,57,1,1
26266,84,78,6,6
26267,116,108,8,8
26268,97,108,-11,11
26269,92,92,0,0
26270,101,109,-8,8
26271,56,63,-7,7
26272,74,83,-9,9
26273,115,119,-4,4
26274,74,73,1,1
26275,58,62,-4,4
26276,129,133,-4,4
26277,91,97,-6,6
26278,59,69,-10,10
26279,52,53,-1,1
26280,73,77,-4,4
26281,69,60,9,9
26282,119,107,12,12
26283,126,122,4,4
26284,114,101,13,13
26285,100,98,2,2
26286,86,86,0,0
26287,116,133,-17,17
26288,72,72,0,0
26289,61,65,-4,4
26290,83,78,5,5
26291,94,99,-5,5
26292,90,99,-9,9
26293,93,105,-12,12
26294,31,42,-11,11
26295,163,166,-3,3
26296,99,96,3,3
26297,46,61,-15,15
26298,55,58,-3,3
26299,75,70,5,5
26300,72,69,3,3
26301,107,97,10,10
26302,89,93,-4,4
26303,66,58,8,8
26304,67,81,-14,14
26305,145,129,16,16
26306,151,151,0,0
26307,153,126,27,27
26308,56,50,6,6
26309,97,102,-5,5
26310,162,162,0,0
26311,90,92,-2,2
26312,106,106,0,0
26313,27,45,-18,18
26314,93,85,8,8
26315,105,110,-5,5
26316,123,139,-16,16
26317,61,65,-4,4
26318,64,65,-1,1
26319,109,113,-4,4
26320,153,141,12,12
26321,81,81,0,0
26322,167,155,12,12
26323,100,94,6,6
26324,40,53,-13,13
26325,84,97,-13,13
26326,126,113,13,13
26327,69,71,-2,2
26328,54,51,3,3
26329,41,50,-9,9
26330,86,90,-4,4
26331,71,68,3,3
26332,97,96,1,1
26333,131,131,0,0
26334,42,52,-10,10
26335,102,98,4,4
26336,83,86,-3,3
26337,187,175,12,12
26338,180,188,-8,8
26339,73,76,-3,3
26340,108,140,-32,32
26341,57,54,3,3
26342,121,116,5,5
26343,88,85,3,3
26344,105,95,10,10
26345,80,83,-3,3
26346,86,93,-7,7
26347,124,122,2,2
26348,117,111,6,6
26349,112,118,-6,6
26350,66,64,2,2
26351,94,105,-11,11
26352,107,112,-5,5
26353,45,52,-7,7
26354,121,107,14,14
26355,82,59,23,23
26356,69,72,-3,3
26357,160,148,12,12
26358,119,113,6,6
26359,58,59,-1,1
26360,100,100,0,0
26361,72,75,-3,3
26362,67,66,1,1
26363,66,77,-11,11
26364,119,125,-6,6
26365,138,152,-14,14
26366,65,63,2,2
26367,105,108,-3,3
26368,36,48,-12,12
26369,69,72,-3,3
26370,78,77,1,1
26371,131,122,9,9
26372,109,120,-11,11
26373,75,71,4,4
26374,63,59,4,4
26375,53,62,-9,9
26376,105,109,-4,4
26377,64,65,-1,1
26378,70,76,-6,6
26379,26,37,-11,11
26380,181,160,21,21
26381,66,71,-5,5
26382,130,138,-8,8
26383,122,131,-9,9
26384,94,94,0,0
26385,124,126,-2,2
26386,70,77,-7,7
26387,114,107,7,7
26388,93,75,18,18
26389,106,112,-6,6
26390,96,94,2,2
26391,90,93,-3,3
26392,118,124,-6,6
26393,63,94,-31,31
26394,79,83,-4,4
26395,43,61,-18,18
26396,112,120,-8,8
26397,45,37,8,8
26398,114,124,-10,10
26399,107,102,5,5
26400,83,78,5,5
26401,40,46,-6,6
26402,98,103,-5,5
26403,115,113,2,2
26404,92,106,-14,14
26405,131,152,-21,21
26406,106,93,13,13
26407,99,89,10,10
26408,67,70,-3,3
26409,171,165,6,6
26410,128,118,10,10
26411,88,82,6,6
26412,56,60,-4,4
26413,113,115,-2,2
26414,62,49,13,13
26415,81,81,0,0
26416,83,88,-5,5
26417,113,110,3,3
26418,100,111,-11,11
26419,91,93,-2,2
26420,79,86,-7,7
26421,156,134,22,22
26422,113,136,-23,23
26423,67,84,-17,17
26424,129,123,6,6
26425,89,92,-3,3
26426,66,71,-5,5
26427,102,111,-9,9
26428,131,110,21,21
26429,111,114,-3,3
26430,47,51,-4,4
26431,37,49,-12,12
26432,92,97,-5,5
26433,91,96,-5,5
26434,101,96,5,5
26435,43,57,-14,14
26436,78,73,5,5
26437,102,103,-1,1
26438,92,88,4,4
26439,96,111,-15,15
26440,109,104,5,5
26441,98,101,-3,3
26442,131,118,13,13
26443,104,109,-5,5
26444,96,131,-35,35
26445,98,95,3,3
26446,66,57,9,9
26447,75,77,-2,2
26448,70,65,5,5
26449,49,53,-4,4
26450,110,100,10,10
26451,128,123,5,5
26452,50,56,-6,6
26453,85,91,-6,6
26454,59,56,3,3
26455,41,151,-110,110
26456,71,68,3,3
26457,117,115,2,2
26458,91,83,8,8
26459,64,68,-4,4
26460,118,127,-9,9
26461,43,52,-9,9
26462,134,122,12,12
26463,101,95,6,6
26464,109,105,4,4
26465,114,110,4,4
26466,118,123,-5,5
26467,70,75,-5,5
26468,102,102,0,0
26469,157,156,1,1
26470,308,259,49,49
26471,104,109,-5,5
26472,106,104,2,2
26473,74,81,-7,7
26474,148,153,-5,5
26475,106,106,0,0
26476,74,84,-10,10
26477,118,114,4,4
26478,114,119,-5,5
26479,60,60,0,0
26480,135,120,15,15
26481,60,57,3,3
26482,62,70,-8,8
26483,120,134,-14,14
26484,150,158,-8,8
26485,112,104,8,8
26486,87,88,-1,1
26487,100,107,-7,7
26488,52,66,-14,14
26489,82,85,-3,3
26490,136,151,-15,15
26491,65,71,-6,6
26492,104,97,7,7
26493,134,132,2,2
26494,104,90,14,14
26495,119,121,-2,2
26496,119,127,-8,8
26497,60,68,-8,8
26498,155,140,15,15
26499,129,137,-8,8
26500,46,58,-12,12
26501,58,66,-8,8
26502,73,73,0,0
26503,114,103,11,11
26504,85,97,-12,12
26505,77,80,-3,3
26506,89,93,-4,4
26507,186,178,8,8
26508,74,70,4,4
26509,80,76,4,4
26510,108,113,-5,5
26511,112,77,35,35
26512,38,47,-9,9
26513,61,54,7,7
26514,109,95,14,14
26515,46,47,-1,1
26516,139,136,3,3
26517,85,94,-9,9
26518,97,95,2,2
26519,60,70,-10,10
26520,36,39,-3,3
26521,89,97,-8,8
26522,147,149,-2,2
26523,94,86,8,8
26524,88,76,12,12
26525,120,109,11,11
26526,75,83,-8,8
26527,95,99,-4,4
26528,90,76,14,14
26529,46,53,-7,7
26530,49,60,-11,11
26531,145,143,2,2
26532,93,81,12,12
26533,48,64,-16,16
26534,93,97,-4,4
26535,76,66,10,10
26536,51,61,-10,10
26537,102,104,-2,2
26538,86,85,1,1
26539,88,83,5,5
26540,97,106,-9,9
26541,139,137,2,2
26542,163,145,18,18
26543,91,99,-8,8
26544,139,129,10,10
26545,56,71,-15,15
26546,56,64,-8,8
26547,84,80,4,4
26548,85,89,-4,4
26549,55,63,-8,8
26550,82,79,3,3
26551,90,86,4,4
26552,102,90,12,12
26553,46,51,-5,5
26554,151,155,-4,4
26555,90,88,2,2
26556,78,119,-41,41
26557,70,68,2,2
26558,126,125,1,1
26559,114,125,-11,11
26560,135,110,25,25
26561,209,201,8,8
26562,163,145,18,18
26563,62,61,1,1
26564,79,92,-13,13
26565,90,92,-2,2
26566,126,111,15,15
26567,161,144,17,17
26568,119,116,3,3
26569,65,82,-17,17
26570,75,104,-29,29
26571,94,88,6,6
26572,57,58,-1,1
26573,60,61,-1,1
26574,62,63,-1,1
26575,61,67,-6,6
26576,174,162,12,12
26577,65,67,-2,2
26578,122,130,-8,8
26579,103,124,-21,21
26580,66,68,-2,2
26581,110,105,5,5
26582,59,74,-15,15
26583,120,119,1,1
26584,101,107,-6,6
26585,94,89,5,5
26586,125,126,-1,1
26587,76,77,-1,1
26588,66,75,-9,9
26589,85,88,-3,3
26590,101,102,-1,1
26591,79,81,-2,2
26592,179,185,-6,6
26593,73,82,-9,9
26594,97,102,-5,5
26595,40,60,-20,20
26596,75,72,3,3
26597,157,161,-4,4
26598,77,80,-3,3
26599,108,118,-10,10
26600,129,126,3,3
26601,100,103,-3,3
26602,76,93,-17,17
26603,40,49,-9,9
26604,72,75,-3,3
26605,81,80,1,1
26606,122,113,9,9
26607,77,70,7,7
26608,162,166,-4,4
26609,52,54,-2,2
26610,86,78,8,8
26611,61,61,0,0
26612,139,139,0,0
26613,122,119,3,3
26614,129,131,-2,2
26615,64,58,6,6
26616,53,56,-3,3
26617,163,186,-23,23
26618,76,89,-13,13
26619,47,51,-4,4
26620,57,60,-3,3
26621,142,130,12,12
26622,89,80,9,9
26623,100,99,1,1
26624,126,128,-2,2
26625,149,137,12,12
26626,102,92,10,10
26627,51,56,-5,5
26628,131,121,10,10
26629,113,114,-1,1
26630,128,121,7,7
26631,84,74,10,10
26632,88,84,4,4
26633,96,94,2,2
26634,131,118,13,13
26635,142,152,-10,10
26636,139,136,3,3
26637,62,62,0,0
26638,162,183,-21,21
26639,100,94,6,6
26640,94,93,1,1
26641,118,118,0,0
26642,140,131,9,9
26643,105,106,-1,1
26644,54,51,3,3
26645,80,81,-1,1
26646,54,57,-3,3
26647,82,77,5,5
26648,78,83,-5,5
26649,81,87,-6,6
26650,55,59,-4,4
26651,142,145,-3,3
26652,152,135,17,17
26653,121,112,9,9
26654,109,106,3,3
26655,80,86,-6,6
26656,73,76,-3,3
26657,154,121,33,33
26658,122,140,-18,18
26659,85,75,10,10
26660,65,65,0,0
26661,127,116,11,11
26662,44,48,-4,4
26663,90,99,-9,9
26664,115,116,-1,1
26665,124,117,7,7
26666,148,148,0,0
26667,49,50,-1,1
26668,77,81,-4,4
26669,173,170,3,3
26670,68,87,-19,19
26671,149,150,-1,1
26672,73,74,-1,1
26673,54,62,-8,8
26674,90,90,0,0
26675,73,73,0,0
26676,74,80,-6,6
26677,49,51,-2,2
26678,79,75,4,4
26679,117,126,-9,9
26680,57,71,-14,14
26681,123,114,9,9
26682,94,94,0,0
26683,124,112,12,12
26684,74,74,0,0
26685,63,66,-3,3
26686,116,113,3,3
26687,93,93,0,0
26688,115,127,-12,12
26689,64,66,-2,2
26690,117,129,-12,12
26691,74,78,-4,4
26692,49,59,-10,10
26693,72,71,1,1
26694,86,90,-4,4
26695,52,54,-2,2
26696,87,86,1,1
26697,152,138,14,14
26698,61,65,-4,4
26699,67,68,-1,1
26700,64,73,-9,9
26701,100,108,-8,8
26702,135,117,18,18
26703,120,123,-3,3
26704,124,114,10,10
26705,105,117,-12,12
26706,144,155,-11,11
26707,100,112,-12,12
26708,80,82,-2,2
26709,73,83,-10,10
26710,82,91,-9,9
26711,76,72,4,4
26712,115,119,-4,4
26713,106,115,-9,9
26714,125,128,-3,3
26715,86,87,-1,1
26716,94,96,-2,2
26717,80,92,-12,12
26718,145,131,14,14
26719,122,121,1,1
26720,122,128,-6,6
26721,115,122,-7,7
26722,66,70,-4,4
26723,85,79,6,6
26724,95,95,0,0
26725,110,85,25,25
26726,49,58,-9,9
26727,80,85,-5,5
26728,101,95,6,6
26729,77,76,1,1
26730,89,101,-12,12
26731,130,123,7,7
26732,106,103,3,3
26733,56,57,-1,1
26734,68,63,5,5
26735,152,137,15,15
26736,113,117,-4,4
26737,98,89,9,9
26738,125,124,1,1
26739,71,75,-4,4
26740,123,111,12,12
26741,97,67,30,30
26742,77,78,-1,1
26743,56,69,-13,13
26744,127,127,0,0
26745,49,62,-13,13
26746,115,115,0,0
26747,61,66,-5,5
26748,97,84,13,13
26749,101,103,-2,2
26750,77,79,-2,2
26751,117,134,-17,17
26752,90,95,-5,5
26753,120,121,-1,1
26754,80,70,10,10
26755,71,66,5,5
26756,54,62,-8,8
26757,80,86,-6,6
26758,110,115,-5,5
26759,71,95,-24,24
26760,82,90,-8,8
26761,68,79,-11,11
26762,78,87,-9,9
26763,69,67,2,2
26764,87,64,23,23
26765,94,97,-3,3
26766,137,134,3,3
26767,57,64,-7,7
26768,56,55,1,1
26769,57,69,-12,12
26770,62,62,0,0
26771,63,68,-5,5
26772,165,160,5,5
26773,115,115,0,0
26774,133,133,0,0
26775,94,86,8,8
26776,107,116,-9,9
26777,106,109,-3,3
26778,112,117,-5,5
26779,93,81,12,12
26780,55,63,-8,8
26781,85,84,1,1
26782,41,46,-5,5
26783,120,103,17,17
26784,99,93,6,6
26785,83,77,6,6
26786,84,89,-5,5
26787,110,101,9,9
26788,124,90,34,34
26789,122,116,6,6
26790,38,54,-16,16
26791,120,139,-19,19
26792,97,99,-2,2
26793,61,63,-2,2
26794,113,124,-11,11
26795,74,72,2,2
26796,79,78,1,1
26797,125,116,9,9
26798,81,80,1,1
26799,125,115,10,10
26800,123,127,-4,4
26801,90,97,-7,7
26802,48,59,-11,11
26803,55,55,0,0
26804,62,61,1,1
26805,64,77,-13,13
26806,91,99,-8,8
26807,145,158,-13,13
26808,86,86,0,0
26809,66,63,3,3
26810,116,77,39,39
26811,76,71,5,5
26812,88,91,-3,3
26813,103,104,-1,1
26814,97,103,-6,6
26815,138,132,6,6
26816,75,84,-9,9
26817,92,86,6,6
26818,149,159,-10,10
26819,60,66,-6,6
26820,108,102,6,6
26821,30,45,-15,15
26822,89,86,3,3
26823,49,57,-8,8
26824,97,91,6,6
26825,128,122,6,6
26826,96,97,-1,1
26827,96,95,1,1
26828,63,58,5,5
26829,76,74,2,2
26830,106,76,30,30
26831,79,81,-2,2
26832,127,114,13,13
26833,45,53,-8,8
26834,105,108,-3,3
26835,90,90,0,0
26836,43,37,6,6
26837,235,177,58,58
26838,50,60,-10,10
26839,111,97,14,14
26840,69,69,0,0
26841,52,142,-90,90
26842,105,100,5,5
26843,49,55,-6,6
26844,66,70,-4,4
26845,64,65,-1,1
26846,75,75,0,0
26847,70,76,-6,6
26848,96,96,0,0
26849,86,94,-8,8
26850,109,112,-3,3
26851,357,223,134,134
26852,74,72,2,2
26853,96,102,-6,6
26854,101,105,-4,4
26855,86,91,-5,5
26856,97,87,10,10
26857,47,54,-7,7
26858,76,92,-16,16
26859,139,133,6,6
26860,127,122,5,5
26861,119,110,9,9
26862,133,128,5,5
26863,190,193,-3,3
26864,119,113,6,6
26865,96,99,-3,3
26866,31,43,-12,12
26867,94,111,-17,17
26868,112,105,7,7
26869,104,103,1,1
26870,162,147,15,15
26871,128,128,0,0
26872,142,158,-16,16
26873,107,62,45,45
26874,120,106,14,14
26875,57,65,-8,8
26876,157,149,8,8
26877,94,94,0,0
26878,109,119,-10,10
26879,58,66,-8,8
26880,108,97,11,11
26881,88,86,2,2
26882,123,126,-3,3
26883,85,85,0,0
26884,136,118,18,18
26885,72,71,1,1
26886,77,69,8,8
26887,59,67,-8,8
26888,154,147,7,7
26889,63,80,-17,17
26890,40,47,-7,7
26891,142,154,-12,12
26892,160,143,17,17
26893,68,64,4,4
26894,91,82,9,9
26895,77,87,-10,10
26896,135,128,7,7
26897,134,184,-50,50
26898,172,170,2,2
26899,131,164,-33,33
26900,86,89,-3,3
26901,67,74,-7,7
26902,55,62,-7,7
26903,148,134,14,14
26904,66,68,-2,2
26905,120,117,3,3
26906,83,86,-3,3
26907,101,99,2,2
26908,83,72,11,11
26909,106,137,-31,31
26910,99,102,-3,3
26911,67,75,-8,8
26912,130,123,7,7
26913,79,85,-6,6
26914,43,45,-2,2
26915,146,142,4,4
26916,57,54,3,3
26917,100,107,-7,7
26918,139,131,8,8
26919,114,102,12,12
26920,61,66,-5,5
26921,77,96,-19,19
26922,102,120,-18,18
26923,104,98,6,6
26924,145,88,57,57
26925,81,87,-6,6
26926,87,90,-3,3
26927,135,148,-13,13
26928,117,120,-3,3
26929,82,78,4,4
26930,118,124,-6,6
26931,106,116,-10,10
26932,123,122,1,1
26933,109,105,4,4
26934,66,65,1,1
26935,86,86,0,0
26936,104,108,-4,4
26937,61,76,-15,15
26938,59,80,-21,21
26939,68,71,-3,3
26940,68,75,-7,7
26941,63,68,-5,5
26942,85,84,1,1
26943,135,138,-3,3
26944,117,123,-6,6
26945,134,129,5,5
26946,104,109,-5,5
26947,73,76,-3,3
26948,79,83,-4,4
26949,137,145,-8,8
26950,106,99,7,7
26951,80,65,15,15
26952,175,173,2,2
26953,96,102,-6,6
26954,137,113,24,24
26955,119,113,6,6
26956,118,117,1,1
26957,135,122,13,13
26958,127,111,16,16
26959,103,111,-8,8
26960,87,80,7,7
26961,90,72,18,18
26962,50,60,-10,10
26963,68,70,-2,2
26964,75,75,0,0
26965,150,148,2,2
26966,107,103,4,4
26967,122,132,-10,10
26968,48,53,-5,5
26969,141,137,4,4
26970,96,94,2,2
26971,93,96,-3,3
26972,85,84,1,1
26973,55,62,-7,7
26974,51,57,-6,6
26975,99,96,3,3
26976,52,62,-10,10
26977,79,71,8,8
26978,110,112,-2,2
26979,121,116,5,5
26980,37,44,-7,7
26981,92,92,0,0
26982,66,62,4,4
26983,148,138,10,10
26984,83,80,3,3
26985,175,161,14,14
26986,88,74,14,14
26987,110,94,16,16
26988,79,90,-11,11
26989,64,61,3,3
26990,124,114,10,10
26991,129,126,3,3
26992,91,86,5,5
26993,59,61,-2,2
26994,49,80,-31,31
26995,132,116,16,16
26996,76,111,-35,35
26997,110,110,0,0
26998,61,58,3,3
26999,90,95,-5,5
27000,126,136,-10,10
27001,98,95,3,3
27002,59,57,2,2
27003,93,106,-13,13
27004,76,72,4,4
27005,75,75,0,0
27006,85,83,2,2
27007,149,131,18,18
27008,89,89,0,0
27009,112,118,-6,6
27010,88,68,20,20
27011,65,66,-1,1
27012,86,89,-3,3
27013,64,61,3,3
27014,81,96,-15,15
27015,86,94,-8,8
27016,70,64,6,6
27017,150,144,6,6
27018,102,99,3,3
27019,92,87,5,5
27020,47,59,-12,12
27021,92,100,-8,8
27022,108,113,-5,5
27023,85,90,-5,5
27024,127,127,0,0
27025,114,106,8,8
27026,89,88,1,1
27027,98,102,-4,4
27028,47,45,2,2
27029,95,102,-7,7
27030,174,179,-5,5
27031,74,70,4,4
27032,214,217,-3,3
27033,35,40,-5,5
27034,202,206,-4,4
27035,83,81,2,2
27036,125,122,3,3
27037,109,90,19,19
27038,54,54,0,0
27039,56,67,-11,11
27040,71,77,-6,6
27041,81,71,10,10
27042,78,79,-1,1
27043,61,65,-4,4
27044,77,74,3,3
27045,114,127,-13,13
27046,59,63,-4,4
27047,116,134,-18,18
27048,49,62,-13,13
27049,66,77,-11,11
27050,91,83,8,8
27051,98,110,-12,12
27052,73,77,-4,4
27053,78,76,2,2
27054,105,118,-13,13
27055,112,113,-1,1
27056,84,88,-4,4
27057,78,78,0,0
27058,112,124,-12,12
27059,178,154,24,24
27060,134,137,-3,3
27061,93,98,-5,5
27062,99,97,2,2
27063,67,71,-4,4
27064,76,80,-4,4
27065,80,70,10,10
27066,74,74,0,0
27067,83,86,-3,3
27068,99,118,-19,19
27069,70,63,7,7
27070,64,70,-6,6
27071,128,126,2,2
27072,93,80,13,13
27073,65,64,1,1
27074,40,44,-4,4
27075,133,126,7,7
27076,97,86,11,11
27077,89,88,1,1
27078,73,74,-1,1
27079,102,95,7,7
27080,62,70,-8,8
27081,91,91,0,0
27082,147,151,-4,4
27083,70,68,2,2
27084,71,73,-2,2
27085,86,81,5,5
27086,62,66,-4,4
27087,104,83,21,21
27088,72,71,1,1
27089,52,55,-3,3
27090,38,42,-4,4
27091,67,74,-7,7
27092,196,179,17,17
27093,47,50,-3,3
27094,51,57,-6,6
27095,88,91,-3,3
27096,96,95,1,1
27097,42,49,-7,7
27098,101,104,-3,3
27099,105,96,9,9
27100,70,69,1,1
27101,87,100,-13,13
27102,120,123,-3,3
27103,71,72,-1,1
27104,118,114,4,4
27105,71,82,-11,11
27106,101,105,-4,4
27107,80,72,8,8
27108,107,100,7,7
27109,87,76,11,11
27110,60,69,-9,9
27111,56,59,-3,3
27112,79,77,2,2
27113,148,140,8,8
27114,75,74,1,1
27115,53,56,-3,3
27116,88,84,4,4
27117,104,130,-26,26
27118,77,66,11,11
27119,53,54,-1,1
27120,114,114,0,0
27121,74,69,5,5
27122,73,80,-7,7
27123,127,125,2,2
27124,81,72,9,9
27125,127,134,-7,7
27126,139,120,19,19
27127,78,81,-3,3
27128,79,71,8,8
27129,115,111,4,4
27130,125,105,20,20
27131,141,141,0,0
27132,127,117,10,10
27133,105,101,4,4
27134,57,55,2,2
27135,99,104,-5,5
27136,91,88,3,3
27137,98,108,-10,10
27138,114,124,-10,10
27139,74,76,-2,2
27140,143,122,21,21
27141,68,71,-3,3
27142,159,146,13,13
27143,69,68,1,1
27144,72,61,11,11
27145,48,58,-10,10
27146,110,113,-3,3
27147,86,83,3,3
27148,72,75,-3,3
27149,80,80,0,0
27150,70,83,-13,13
27151,37,46,-9,9
27152,79,79,0,0
27153,53,52,1,1
27154,82,75,7,7
27155,55,68,-13,13
27156,72,80,-8,8
27157,104,114,-10,10
27158,81,81,0,0
27159,131,143,-12,12
27160,110,95,15,15
27161,70,75,-5,5
27162,96,102,-6,6
27163,56,59,-3,3
27164,76,60,16,16
27165,87,90,-3,3
27166,100,94,6,6
27167,51,62,-11,11
27168,67,69,-2,2
27169,50,57,-7,7
27170,72,78,-6,6
27171,69,67,2,2
27172,96,102,-6,6
27173,90,92,-2,2
27174,84,86,-2,2
27175,136,140,-4,4
27176,83,84,-1,1
27177,93,97,-4,4
27178,130,127,3,3
27179,111,121,-10,10
27180,107,107,0,0
27181,112,125,-13,13
27182,27,39,-12,12
27183,156,150,6,6
27184,102,102,0,0
27185,122,120,2,2
27186,114,103,11,11
27187,39,47,-8,8
27188,137,138,-1,1
27189,86,88,-2,2
27190,83,74,9,9
27191,148,122,26,26
27192,108,109,-1,1
27193,102,95,7,7
27194,95,97,-2,2
27195,52,62,-10,10
27196,78,83,-5,5
27197,99,100,-1,1
27198,124,122,2,2
27199,94,102,-8,8
27200,120,118,2,2
27201,102,101,1,1
27202,128,134,-6,6
27203,64,60,4,4
27204,78,77,1,1
27205,65,74,-9,9
27206,128,128,0,0
27207,88,81,7,7
27208,63,65,-2,2
27209,86,92,-6,6
27210,102,98,4,4
27211,120,107,13,13
27212,95,94,1,1
27213,83,78,5,5
27214,96,105,-9,9
27215,75,82,-7,7
27216,50,60,-10,10
27217,69,67,2,2
27218,118,106,12,12
27219,103,115,-12,12
27220,88,98,-10,10
27221,83,83,0,0
27222,113,100,13,13
27223,89,77,12,12
27224,92,95,-3,3
27225,96,101,-5,5
27226,97,123,-26,26
27227,57,57,0,0
27228,70,68,2,2
27229,79,94,-15,15
27230,81,82,-1,1
27231,106,105,1,1
27232,178,168,10,10
27233,141,130,11,11
27234,97,91,6,6
27235,152,160,-8,8
27236,82,77,5,5
27237,62,66,-4,4
27238,69,72,-3,3
27239,145,134,11,11
27240,80,82,-2,2
27241,124,121,3,3
27242,128,130,-2,2
27243,147,137,10,10
27244,181,183,-2,2
27245,92,94,-2,2
27246,48,60,-12,12
27247,144,132,12,12
27248,54,63,-9,9
27249,116,101,15,15
27250,106,95,11,11
27251,72,73,-1,1
27252,139,134,5,5
27253,153,153,0,0
27254,105,95,10,10
27255,152,150,2,2
27256,137,133,4,4
27257,123,126,-3,3
27258,49,58,-9,9
27259,80,78,2,2
27260,63,54,9,9
27261,35,63,-28,28
27262,53,61,-8,8
27263,80,85,-5,5
27264,56,54,2,2
27265,143,157,-14,14
27266,160,151,9,9
27267,98,99,-1,1
27268,98,120,-22,22
27269,83,97,-14,14
27270,117,136,-19,19
27271,143,125,18,18
27272,91,96,-5,5
27273,60,69,-9,9
27274,106,92,14,14
27275,33,44,-11,11
27276,65,63,2,2
27277,79,77,2,2
27278,47,54,-7,7
27279,78,84,-6,6
27280,108,119,-11,11
27281,59,67,-8,8
27282,75,82,-7,7
27283,130,132,-2,2
27284,75,85,-10,10
27285,89,86,3,3
27286,85,81,4,4
27287,127,129,-2,2
27288,71,77,-6,6
27289,103,123,-20,20
27290,40,48,-8,8
27291,57,76,-19,19
27292,142,135,7,7
27293,61,80,-19,19
27294,77,71,6,6
27295,95,102,-7,7
27296,90,70,20,20
27297,101,95,6,6
27298,64,64,0,0
27299,154,123,31,31
27300,90,89,1,1
27301,103,104,-1,1
27302,134,140,-6,6
27303,96,78,18,18
27304,48,50,-2,2
27305,88,81,7,7
27306,126,127,-1,1
27307,80,71,9,9
27308,66,67,-1,1
27309,43,51,-8,8
27310,71,68,3,3
27311,102,104,-2,2
27312,78,73,5,5
27313,99,92,7,7
27314,110,108,2,2
27315,105,115,-10,10
27316,103,109,-6,6
27317,103,110,-7,7
27318,62,72,-10,10
27319,92,93,-1,1
27320,68,69,-1,1
27321,94,90,4,4
27322,97,101,-4,4
27323,50,73,-23,23
27324,46,52,-6,6
27325,76,74,2,2
27326,127,111,16,16
27327,55,59,-4,4
27328,62,62,0,0
27329,114,108,6,6
27330,70,71,-1,1
27331,110,112,-2,2
27332,115,117,-2,2
27333,102,91,11,11
27334,105,115,-10,10
27335,99,96,3,3
27336,122,124,-2,2
27337,69,71,-2,2
27338,69,65,4,4
27339,79,81,-2,2
27340,67,71,-4,4
27341,76,64,12,12
27342,54,60,-6,6
27343,96,93,3,3
27344,90,86,4,4
27345,73,71,2,2
27346,76,73,3,3
27347,48,58,-10,10
27348,104,108,-4,4
27349,64,65,-1,1
27350,76,78,-2,2
27351,106,105,1,1
27352,58,53,5,5
27353,118,99,19,19
27354,78,82,-4,4
27355,119,132,-13,13
27356,64,61,3,3
27357,144,125,19,19
27358,112,104,8,8
27359,60,65,-5,5
27360,58,86,-28,28
27361,148,164,-16,16
27362,70,77,-7,7
27363,193,184,9,9
27364,90,100,-10,10
27365,50,52,-2,2
27366,94,92,2,2
27367,114,115,-1,1
27368,57,62,-5,5
27369,72,86,-14,14
27370,97,82,15,15
27371,121,108,13,13
27372,96,99,-3,3
27373,78,89,-11,11
27374,124,134,-10,10
27375,156,161,-5,5
27376,103,91,12,12
27377,117,122,-5,5
27378,75,68,7,7
27379,101,111,-10,10
27380,45,52,-7,7
27381,60,60,0,0
27382,124,124,0,0
27383,129,129,0,0
27384,90,96,-6,6
27385,79,88,-9,9
27386,64,71,-7,7
27387,87,99,-12,12
27388,138,135,3,3
27389,106,100,6,6
27390,96,102,-6,6
27391,124,119,5,5
27392,78,88,-10,10
27393,99,94,5,5
27394,208,151,57,57
27395,111,109,2,2
27396,107,86,21,21
27397,92,85,7,7
27398,87,82,5,5
27399,108,106,2,2
27400,70,65,5,5
27401,115,117,-2,2
27402,86,96,-10,10
27403,86,90,-4,4
27404,165,171,-6,6
27405,59,95,-36,36
27406,111,113,-2,2
27407,196,160,36,36
27408,99,104,-5,5
27409,121,104,17,17
27410,57,62,-5,5
27411,78,74,4,4
27412,98,112,-14,14
27413,90,82,8,8
27414,89,88,1,1
27415,97,98,-1,1
27416,77,76,1,1
27417,78,80,-2,2
27418,95,102,-7,7
27419,98,98,0,0
27420,126,116,10,10
27421,107,102,5,5
27422,83,84,-1,1
27423,129,129,0,0
27424,93,106,-13,13
27425,210,188,22,22
27426,112,112,0,0
27427,51,57,-6,6
27428,93,99,-6,6
27429,61,74,-13,13
27430,76,84,-8,8
27431,107,105,2,2
27432,115,100,15,15
27433,106,101,5,5
27434,77,87,-10,10
27435,102,99,3,3
27436,54,56,-2,2
27437,81,71,10,10
27438,64,67,-3,3
27439,134,133,1,1
27440,124,118,6,6
27441,49,73,-24,24
27442,90,108,-18,18
27443,72,67,5,5
27444,76,77,-1,1
27445,114,106,8,8
27446,59,70,-11,11
27447,97,115,-18,18
27448,96,88,8,8
27449,177,145,32,32
27450,111,100,11,11
27451,105,115,-10,10
27452,78,90,-12,12
27453,85,90,-5,5
27454,71,75,-4,4
27455,114,105,9,9
27456,78,85,-7,7
27457,164,157,7,7
27458,75,77,-2,2
27459,128,124,4,4
27460,105,127,-22,22
27461,75,70,5,5
27462,87,95,-8,8
27463,104,110,-6,6
27464,130,120,10,10
27465,101,108,-7,7
27466,81,84,-3,3
27467,75,70,5,5
27468,115,116,-1,1
27469,80,75,5,5
27470,54,83,-29,29
27471,93,98,-5,5
27472,142,123,19,19
27473,41,57,-16,16
27474,78,79,-1,1
27475,62,62,0,0
27476,68,72,-4,4
27477,45,56,-11,11
27478,99,103,-4,4
27479,92,88,4,4
27480,88,82,6,6
27481,134,137,-3,3
27482,112,95,17,17
27483,97,104,-7,7
27484,131,133,-2,2
27485,71,72,-1,1
27486,39,52,-13,13
27487,68,79,-11,11
27488,47,72,-25,25
27489,60,60,0,0
27490,151,123,28,28
27491,81,70,11,11
27492,104,100,4,4
27493,99,102,-3,3
27494,103,97,6,6
27495,84,83,1,1
27496,92,93,-1,1
27497,108,104,4,4
27498,124,117,7,7
27499,68,74,-6,6
27500,107,105,2,2
27501,97,81,16,16
27502,108,111,-3,3
27503,54,70,-16,16
27504,75,74,1,1
27505,43,53,-10,10
27506,105,105,0,0
27507,103,113,-10,10
27508,85,90,-5,5
27509,121,123,-2,2
27510,85,91,-6,6
27511,102,102,0,0
27512,113,114,-1,1
27513,70,74,-4,4
27514,120,118,2,2
27515,106,95,11,11
27516,72,71,1,1
27517,89,93,-4,4
27518,90,84,6,6
27519,52,53,-1,1
27520,78,82,-4,4
27521,88,91,-3,3
27522,290,227,63,63
27523,98,104,-6,6
27524,94,96,-2,2
27525,130,119,11,11
27526,50,63,-13,13
27527,102,102,0,0
27528,72,71,1,1
27529,79,84,-5,5
27530,101,100,1,1
27531,88,82,6,6
27532,75,71,4,4
27533,109,114,-5,5
27534,68,65,3,3
27535,117,122,-5,5
27536,112,114,-2,2
27537,149,156,-7,7
27538,94,97,-3,3
27539,73,69,4,4
27540,86,85,1,1
27541,68,73,-5,5
27542,94,90,4,4
27543,96,98,-2,2
27544,86,117,-31,31
27545,84,89,-5,5
27546,98,100,-2,2
27547,149,115,34,34
27548,92,94,-2,2
27549,72,69,3,3
27550,108,110,-2,2
27551,85,98,-13,13
27552,92,101,-9,9
27553,72,72,0,0
27554,73,83,-10,10
27555,91,93,-2,2
27556,167,164,3,3
27557,78,84,-6,6
27558,50,63,-13,13
27559,96,80,16,16
27560,105,114,-9,9
27561,102,106,-4,4
27562,106,100,6,6
27563,138,132,6,6
27564,123,129,-6,6
27565,76,70,6,6
27566,95,88,7,7
27567,87,92,-5,5
27568,154,159,-5,5
27569,75,73,2,2
27570,137,127,10,10
27571,98,86,12,12
27572,96,99,-3,3
27573,68,77,-9,9
27574,66,69,-3,3
27575,96,94,2,2
27576,99,108,-9,9
27577,53,65,-12,12
27578,36,71,-35,35
27579,79,72,7,7
27580,108,108,0,0
27581,20,29,-9,9
27582,95,95,0,0
27583,78,88,-10,10
27584,114,119,-5,5
27585,89,100,-11,11
27586,118,139,-21,21
27587,163,145,18,18
27588,64,61,3,3
27589,50,49,1,1
27590,65,68,-3,3
27591,91,92,-1,1
27592,126,130,-4,4
27593,96,93,3,3
27594,115,116,-1,1
27595,114,115,-1,1
27596,139,126,13,13
27597,45,57,-12,12
27598,155,166,-11,11
27599,77,66,11,11
27600,105,102,3,3
27601,156,122,34,34
27602,90,94,-4,4
27603,105,100,5,5
27604,36,50,-14,14
27605,134,162,-28,28
27606,111,123,-12,12
27607,61,63,-2,2
27608,97,100,-3,3
27609,76,82,-6,6
27610,81,87,-6,6
27611,71,75,-4,4
27612,99,96,3,3
27613,98,101,-3,3
27614,89,91,-2,2
27615,153,151,2,2
27616,110,125,-15,15
27617,61,63,-2,2
27618,72,79,-7,7
27619,107,113,-6,6
27620,107,104,3,3
27621,116,112,4,4
27622,116,111,5,5
27623,71,69,2,2
27624,95,90,5,5
27625,99,95,4,4
27626,59,56,3,3
27627,107,133,-26,26
27628,130,134,-4,4
27629,95,79,16,16
27630,165,154,11,11
27631,171,161,10,10
27632,93,107,-14,14
27633,79,86,-7,7
27634,175,166,9,9
27635,121,124,-3,3
27636,155,155,0,0
27637,174,160,14,14
27638,81,74,7,7
27639,57,57,0,0
27640,180,151,29,29
27641,116,108,8,8
27642,162,151,11,11
27643,77,80,-3,3
27644,78,82,-4,4
27645,111,112,-1,1
27646,87,68,19,19
27647,37,48,-11,11
27648,176,164,12,12
27649,69,80,-11,11
27650,72,76,-4,4
27651,91,92,-1,1
27652,102,102,0,0
27653,81,83,-2,2
27654,142,140,2,2
27655,189,142,47,47
27656,200,187,13,13
27657,61,66,-5,5
27658,89,95,-6,6
27659,94,93,1,1
27660,88,91,-3,3
27661,85,77,8,8
27662,88,83,5,5
27663,52,57,-5,5
27664,61,81,-20,20
27665,79,81,-2,2
27666,141,144,-3,3
27667,83,88,-5,5
27668,112,151,-39,39
27669,123,113,10,10
27670,54,54,0,0
27671,66,68,-2,2
27672,117,119,-2,2
27673,73,73,0,0
27674,70,84,-14,14
27675,66,62,4,4
27676,105,113,-8,8
27677,77,82,-5,5
27678,100,97,3,3
27679,167,149,18,18
27680,73,75,-2,2
27681,130,120,10,10
27682,87,81,6,6
27683,85,70,15,15
27684,69,61,8,8
27685,73,76,-3,3
27686,77,81,-4,4
27687,138,136,2,2
27688,80,87,-7,7
27689,55,60,-5,5
27690,117,108,9,9
27691,110,102,8,8
27692,60,56,4,4
27693,96,91,5,5
27694,85,88,-3,3
27695,106,105,1,1
27696,94,98,-4,4
27697,69,79,-10,10
27698,125,131,-6,6
27699,179,167,12,12
27700,86,85,1,1
27701,129,120,9,9
27702,82,80,2,2
27703,91,83,8,8
27704,150,133,17,17
27705,57,58,-1,1
27706,70,71,-1,1
27707,134,122,12,12
27708,71,73,-2,2
27709,74,77,-3,3
27710,83,85,-2,2
27711,82,109,-27,27
27712,70,75,-5,5
27713,82,91,-9,9
27714,52,58,-6,6
27715,93,90,3,3
27716,54,76,-22,22
27717,136,126,10,10
27718,72,74,-2,2
27719,86,112,-26,26
27720,108,120,-12,12
27721,93,87,6,6
27722,57,79,-22,22
27723,78,76,2,2
27724,130,128,2,2
27725,83,96,-13,13
27726,116,97,19,19
27727,103,98,5,5
27728,79,85,-6,6
27729,43,55,-12,12
27730,100,112,-12,12
27731,77,80,-3,3
27732,127,123,4,4
27733,83,80,3,3
27734,134,157,-23,23
27735,108,101,7,7
27736,122,121,1,1
27737,86,91,-5,5
27738,71,73,-2,2
27739,111,116,-5,5
27740,132,127,5,5
27741,200,193,7,7
27742,77,66,11,11
27743,131,115,16,16
27744,75,80,-5,5
27745,66,70,-4,4
27746,83,79,4,4
27747,155,153,2,2
27748,104,92,12,12
27749,85,79,6,6
27750,149,132,17,17
27751,198,220,-22,22
27752,68,83,-15,15
27753,143,116,27,27
27754,118,99,19,19
27755,75,68,7,7
27756,150,173,-23,23
27757,52,53,-1,1
27758,153,150,3,3
27759,88,92,-4,4
27760,101,120,-19,19
27761,74,70,4,4
27762,102,96,6,6
27763,140,141,-1,1
27764,71,65,6,6
27765,110,91,19,19
27766,110,110,0,0
27767,63,65,-2,2
27768,66,74,-8,8
27769,49,52,-3,3
27770,54,53,1,1
27771,86,89,-3,3
27772,58,60,-2,2
27773,54,57,-3,3
27774,60,71,-11,11
27775,77,80,-3,3
27776,70,80,-10,10
27777,91,92,-1,1
27778,112,114,-2,2
27779,89,79,10,10
27780,80,79,1,1
27781,95,93,2,2
27782,98,97,1,1
27783,91,91,0,0
27784,117,126,-9,9
27785,76,84,-8,8
27786,126,144,-18,18
27787,131,128,3,3
27788,65,70,-5,5
27789,90,75,15,15
27790,77,78,-1,1
27791,114,117,-3,3
27792,88,93,-5,5
27793,90,88,2,2
27794,84,95,-11,11
27795,135,125,10,10
27796,95,96,-1,1
27797,94,109,-15,15
27798,106,102,4,4
27799,75,89,-14,14
27800,115,113,2,2
27801,143,143,0,0
27802,60,65,-5,5
27803,68,66,2,2
27804,73,71,2,2
27805,168,149,19,19
27806,99,110,-11,11
27807,108,107,1,1
27808,77,86,-9,9
27809,60,63,-3,3
27810,79,80,-1,1
27811,103,126,-23,23
27812,120,128,-8,8
27813,137,149,-12,12
27814,80,87,-7,7
27815,78,82,-4,4
27816,49,56,-7,7
27817,97,108,-11,11
27818,104,110,-6,6
27819,172,159,13,13
27820,154,154,0,0
27821,93,104,-11,11
27822,103,88,15,15
27823,51,61,-10,10
27824,72,69,3,3
27825,81,89,-8,8
27826,69,67,2,2
27827,111,104,7,7
27828,106,99,7,7
27829,143,139,4,4
27830,46,49,-3,3
27831,118,127,-9,9
27832,136,109,27,27
27833,103,97,6,6
27834,115,110,5,5
27835,100,103,-3,3
27836,130,124,6,6
27837,146,148,-2,2
27838,106,107,-1,1
27839,160,151,9,9
27840,151,116,35,35
27841,111,114,-3,3
27842,132,120,12,12
27843,70,63,7,7
27844,95,100,-5,5
27845,113,114,-1,1
27846,100,140,-40,40
27847,84,93,-9,9
27848,144,125,19,19
27849,75,77,-2,2
27850,127,138,-11,11
27851,35,44,-9,9
27852,48,63,-15,15
27853,52,57,-5,5
27854,110,107,3,3
27855,109,102,7,7
27856,72,68,4,4
27857,99,99,0,0
27858,58,57,1,1
27859,81,73,8,8
27860,96,90,6,6
27861,71,76,-5,5
27862,122,110,12,12
27863,151,146,5,5
27864,92,96,-4,4
27865,69,73,-4,4
27866,111,111,0,0
27867,106,101,5,5
27868,122,116,6,6
27869,100,87,13,13
27870,62,63,-1,1
27871,77,77,0,0
27872,111,113,-2,2
27873,68,78,-10,10
27874,97,94,3,3
27875,118,90,28,28
27876,118,126,-8,8
27877,97,110,-13,13
27878,78,83,-5,5
27879,146,152,-6,6
27880,99,100,-1,1
27881,76,74,2,2
27882,64,60,4,4
27883,48,53,-5,5
27884,89,84,5,5
27885,59,64,-5,5
27886,74,72,2,2
27887,72,79,-7,7
27888,83,85,-2,2
27889,83,58,25,25
27890,97,102,-5,5
27891,100,96,4,4
27892,181,171,10,10
27893,37,45,-8,8
27894,64,61,3,3
27895,84,69,15,15
27896,68,55,13,13
27897,54,56,-2,2
27898,85,86,-1,1
27899,75,76,-1,1
27900,98,104,-6,6
27901,147,153,-6,6
27902,138,133,5,5
27903,61,60,1,1
27904,83,88,-5,5
27905,158,163,-5,5
27906,119,118,1,1
27907,88,78,10,10
27908,119,115,4,4
27909,118,115,3,3
27910,68,75,-7,7
27911,49,56,-7,7
27912,112,106,6,6
27913,113,113,0,0
27914,83,83,0,0
27915,81,89,-8,8
27916,31,43,-12,12
27917,87,84,3,3
27918,144,139,5,5
27919,133,139,-6,6
27920,137,143,-6,6
27921,95,94,1,1
27922,80,87,-7,7
27923,109,104,5,5
27924,90,99,-9,9
27925,70,75,-5,5
27926,66,74,-8,8
27927,81,70,11,11
27928,156,146,10,10
27929,70,78,-8,8
27930,95,107,-12,12
27931,109,95,14,14
27932,61,111,-50,50
27933,40,43,-3,3
27934,138,142,-4,4
27935,96,91,5,5
27936,53,66,-13,13
27937,85,100,-15,15
27938,137,129,8,8
27939,113,112,1,1
27940,127,118,9,9
27941,77,78,-1,1
27942,66,64,2,2
27943,36,47,-11,11
27944,83,95,-12,12
27945,120,103,17,17
27946,55,61,-6,6
27947,61,65,-4,4
27948,68,66,2,2
27949,93,98,-5,5
27950,173,171,2,2
27951,58,66,-8,8
27952,75,75,0,0
27953,83,78,5,5
27954,141,147,-6,6
27955,67,69,-2,2
27956,35,48,-13,13
27957,63,70,-7,7
27958,52,57,-5,5
27959,183,167,16,16
27960,52,58,-6,6
27961,72,73,-1,1
27962,77,80,-3,3
27963,61,61,0,0
27964,124,135,-11,11
27965,78,85,-7,7
27966,123,109,14,14
27967,122,134,-12,12
27968,88,84,4,4
27969,74,77,-3,3
27970,66,74,-8,8
27971,69,79,-10,10
27972,92,100,-8,8
27973,79,82,-3,3
27974,45,68,-23,23
27975,115,123,-8,8
27976,143,145,-2,2
27977,99,101,-2,2
27978,129,147,-18,18
27979,103,100,3,3
27980,90,102,-12,12
27981,88,77,11,11
27982,123,118,5,5
27983,175,135,40,40
27984,95,98,-3,3
27985,105,113,-8,8
27986,65,69,-4,4
27987,66,65,1,1
27988,137,134,3,3
27989,84,81,3,3
27990,110,98,12,12
27991,118,109,9,9
27992,114,121,-7,7
27993,97,110,-13,13
27994,90,84,6,6
27995,124,113,11,11
27996,158,154,4,4
27997,67,97,-30,30
27998,96,91,5,5
27999,97,97,0,0
28000,108,111,-3,3
28001,106,103,3,3
28002,56,58,-2,2
28003,69,68,1,1
28004,41,67,-26,26
28005,67,67,0,0
28006,172,160,12,12
28007,53,57,-4,4
28008,94,90,4,4
28009,121,114,7,7
28010,97,83,14,14
28011,91,87,4,4
28012,117,86,31,31
28013,125,162,-37,37
28014,59,67,-8,8
28015,114,105,9,9
28016,87,84,3,3
28017,106,115,-9,9
28018,77,85,-8,8
28019,135,122,13,13
28020,145,141,4,4
28021,72,73,-1,1
28022,53,57,-4,4
28023,149,143,6,6
28024,101,107,-6,6
28025,76,51,25,25
28026,87,83,4,4
28027,73,78,-5,5
28028,107,115,-8,8
28029,67,77,-10,10
28030,67,69,-2,2
28031,80,86,-6,6
28032,91,90,1,1
28033,91,73,18,18
28034,104,131,-27,27
28035,66,62,4,4
28036,90,86,4,4
28037,71,93,-22,22
28038,118,111,7,7
28039,87,97,-10,10
28040,68,68,0,0
28041,114,126,-12,12
28042,117,118,-1,1
28043,130,126,4,4
28044,134,153,-19,19
28045,125,109,16,16
28046,74,68,6,6
28047,88,85,3,3
28048,56,75,-19,19
28049,116,107,9,9
28050,145,144,1,1
28051,75,64,11,11
28052,71,85,-14,14
28053,50,56,-6,6
28054,97,97,0,0
28055,55,56,-1,1
28056,52,54,-2,2
28057,154,137,17,17
28058,132,124,8,8
28059,180,155,25,25
28060,68,75,-7,7
28061,86,86,0,0
28062,147,161,-14,14
28063,68,81,-13,13
28064,80,79,1,1
28065,98,92,6,6
28066,109,112,-3,3
28067,88,79,9,9
28068,78,91,-13,13
28069,86,83,3,3
28070,42,49,-7,7
28071,74,79,-5,5
28072,137,130,7,7
28073,110,110,0,0
28074,76,93,-17,17
28075,64,68,-4,4
28076,150,112,38,38
28077,116,107,9,9
28078,74,73,1,1
28079,69,74,-5,5
28080,55,51,4,4
28081,114,122,-8,8
28082,178,180,-2,2
28083,78,79,-1,1
28084,71,63,8,8
28085,80,88,-8,8
28086,119,136,-17,17
28087,59,65,-6,6
28088,75,69,6,6
28089,77,91,-14,14
28090,64,72,-8,8
28091,118,104,14,14
28092,141,138,3,3
28093,144,148,-4,4
28094,118,117,1,1
28095,90,77,13,13
28096,96,98,-2,2
28097,107,103,4,4
28098,141,146,-5,5
28099,71,66,5,5
28100,94,88,6,6
28101,196,172,24,24
28102,93,101,-8,8
28103,122,108,14,14
28104,78,80,-2,2
28105,83,104,-21,21
28106,84,80,4,4
28107,65,56,9,9
28108,165,177,-12,12
28109,116,141,-25,25
28110,91,77,14,14
28111,69,68,1,1
28112,87,88,-1,1
28113,94,107,-13,13
28114,113,122,-9,9
28115,169,174,-5,5
28116,112,111,1,1
28117,85,92,-7,7
28118,113,110,3,3
28119,145,133,12,12
28120,53,60,-7,7
28121,97,99,-2,2
28122,102,113,-11,11
28123,107,110,-3,3
28124,88,85,3,3
28125,76,73,3,3
28126,46,55,-9,9
28127,83,83,0,0
28128,99,97,2,2
28129,118,118,0,0
28130,85,81,4,4
28131,112,114,-2,2
28132,120,113,7,7
28133,246,223,23,23
28134,124,114,10,10
28135,64,69,-5,5
28136,118,105,13,13
28137,118,100,18,18
28138,78,82,-4,4
28139,74,82,-8,8
28140,86,84,2,2
28141,90,76,14,14
28142,132,146,-14,14
28143,125,124,1,1
28144,70,65,5,5
28145,69,70,-1,1
28146,119,109,10,10
28147,144,136,8,8
28148,172,160,12,12
28149,83,77,6,6
28150,99,98,1,1
28151,104,102,2,2
28152,127,139,-12,12
28153,78,76,2,2
28154,110,93,17,17
28155,53,51,2,2
28156,79,89,-10,10
28157,47,54,-7,7
28158,123,97,26,26
28159,132,135,-3,3
28160,104,109,-5,5
28161,127,122,5,5
28162,105,99,6,6
28163,65,70,-5,5
28164,100,105,-5,5
28165,192,205,-13,13
28166,61,96,-35,35
28167,106,112,-6,6
28168,38,76,-38,38
28169,186,148,38,38
28170,166,148,18,18
28171,122,123,-1,1
28172,141,118,23,23
28173,122,132,-10,10
28174,39,64,-25,25
28175,117,118,-1,1
28176,128,126,2,2
28177,148,148,0,0
28178,118,123,-5,5
28179,96,93,3,3
28180,72,78,-6,6
28181,76,69,7,7
28182,63,59,4,4
28183,84,93,-9,9
28184,102,109,-7,7
28185,75,71,4,4
28186,92,91,1,1
28187,69,66,3,3
28188,94,79,15,15
28189,70,69,1,1
28190,112,106,6,6
28191,87,89,-2,2
28192,68,75,-7,7
28193,123,138,-15,15
28194,81,73,8,8
28195,116,137,-21,21
28196,82,86,-4,4
28197,149,133,16,16
28198,60,69,-9,9
28199,59,65,-6,6
28200,110,109,1,1
28201,89,127,-38,38
28202,114,123,-9,9
28203,128,121,7,7
28204,57,64,-7,7
28205,77,82,-5,5
28206,85,86,-1,1
28207,194,199,-5,5
28208,72,79,-7,7
28209,75,86,-11,11
28210,57,79,-22,22
28211,165,144,21,21
28212,99,97,2,2
28213,84,79,5,5
28214,89,106,-17,17
28215,64,69,-5,5
28216,115,125,-10,10
28217,81,91,-10,10
28218,96,115,-19,19
28219,134,135,-1,1
28220,74,69,5,5
28221,121,131,-10,10
28222,81,97,-16,16
28223,58,62,-4,4
28224,77,73,4,4
28225,97,98,-1,1
28226,66,64,2,2
28227,104,108,-4,4
28228,112,122,-10,10
28229,59,53,6,6
28230,151,144,7,7
28231,111,107,4,4
28232,133,136,-3,3
28233,76,75,1,1
28234,93,96,-3,3
28235,76,66,10,10
28236,85,82,3,3
28237,151,150,1,1
28238,76,86,-10,10
28239,79,78,1,1
28240,172,167,5,5
28241,148,132,16,16
28242,89,96,-7,7
28243,87,73,14,14
28244,128,130,-2,2
28245,71,65,6,6
28246,72,71,1,1
28247,77,79,-2,2
28248,100,104,-4,4
28249,107,120,-13,13
28250,86,88,-2,2
28251,81,78,3,3
28252,93,91,2,2
28253,56,58,-2,2
28254,138,143,-5,5
28255,77,84,-7,7
28256,175,163,12,12
28257,72,75,-3,3
28258,93,87,6,6
28259,92,90,2,2
28260,104,120,-16,16
28261,132,131,1,1
28262,81,87,-6,6
28263,71,82,-11,11
28264,140,143,-3,3
28265,102,101,1,1
28266,53,58,-5,5
28267,87,87,0,0
28268,147,144,3,3
28269,93,102,-9,9
28270,65,70,-5,5
28271,154,140,14,14
28272,222,211,11,11
28273,107,100,7,7
28274,81,80,1,1
28275,59,62,-3,3
28276,63,61,2,2
28277,100,106,-6,6
28278,89,84,5,5
28279,70,67,3,3
28280,90,94,-4,4
28281,135,128,7,7
28282,112,114,-2,2
28283,102,100,2,2
28284,126,129,-3,3
28285,87,86,1,1
28286,98,100,-2,2
28287,128,116,12,12
28288,54,56,-2,2
28289,88,95,-7,7
28290,79,92,-13,13
28291,177,164,13,13
28292,110,116,-6,6
28293,68,74,-6,6
28294,126,125,1,1
28295,115,116,-1,1
28296,105,111,-6,6
28297,86,76,10,10
28298,66,94,-28,28
28299,65,61,4,4
28300,78,86,-8,8
28301,87,86,1,1
28302,108,111,-3,3
28303,46,60,-14,14
28304,106,115,-9,9
28305,127,121,6,6
28306,137,141,-4,4
28307,84,81,3,3
28308,73,75,-2,2
28309,70,71,-1,1
28310,76,78,-2,2
28311,84,84,0,0
28312,125,85,40,40
28313,73,72,1,1
28314,176,181,-5,5
28315,97,95,2,2
28316,128,134,-6,6
28317,74,76,-2,2
28318,145,138,7,7
28319,93,103,-10,10
28320,70,74,-4,4
28321,67,77,-10,10
28322,84,79,5,5
28323,59,70,-11,11
28324,92,97,-5,5
28325,112,101,11,11
28326,51,56,-5,5
28327,56,59,-3,3
28328,92,91,1,1
28329,49,60,-11,11
28330,98,93,5,5
28331,71,75,-4,4
28332,72,70,2,2
28333,68,80,-12,12
28334,87,84,3,3
28335,121,123,-2,2
28336,94,94,0,0
28337,76,79,-3,3
28338,112,102,10,10
28339,69,66,3,3
28340,113,107,6,6
28341,129,136,-7,7
28342,105,112,-7,7
28343,99,106,-7,7
28344,58,68,-10,10
28345,130,127,3,3
28346,85,80,5,5
28347,73,50,23,23
28348,56,55,1,1
28349,97,107,-10,10
28350,104,120,-16,16
28351,73,85,-12,12
28352,111,105,6,6
28353,73,65,8,8
28354,98,86,12,12
28355,102,109,-7,7
28356,80,78,2,2
28357,47,51,-4,4
28358,102,100,2,2
28359,76,78,-2,2
28360,69,76,-7,7
28361,85,90,-5,5
28362,111,117,-6,6
28363,34,39,-5,5
28364,137,139,-2,2
28365,79,79,0,0
28366,72,84,-12,12
28367,62,69,-7,7
28368,91,96,-5,5
28369,82,87,-5,5
28370,120,134,-14,14
28371,92,107,-15,15
28372,110,125,-15,15
28373,122,128,-6,6
28374,119,114,5,5
28375,183,172,11,11
28376,61,61,0,0
28377,97,87,10,10
28378,117,124,-7,7
28379,71,72,-1,1
28380,100,94,6,6
28381,119,121,-2,2
28382,94,79,15,15
28383,94,93,1,1
28384,97,88,9,9
28385,62,65,-3,3
28386,74,79,-5,5
28387,104,97,7,7
28388,143,144,-1,1
28389,74,78,-4,4
28390,126,124,2,2
28391,64,79,-15,15
28392,97,95,2,2
28393,82,77,5,5
28394,56,68,-12,12
28395,98,104,-6,6
28396,139,136,3,3
28397,102,110,-8,8
28398,100,99,1,1
28399,115,97,18,18
28400,138,119,19,19
28401,39,48,-9,9
28402,132,141,-9,9
28403,127,129,-2,2
28404,98,104,-6,6
28405,83,74,9,9
28406,106,114,-8,8
28407,161,145,16,16
28408,77,66,11,11
28409,76,86,-10,10
28410,96,88,8,8
28411,107,108,-1,1
28412,85,294,-209,209
28413,79,89,-10,10
28414,102,95,7,7
28415,57,58,-1,1
28416,79,79,0,0
28417,76,85,-9,9
28418,82,90,-8,8
28419,56,61,-5,5
28420,84,84,0,0
28421,110,105,5,5
28422,183,164,19,19
28423,118,127,-9,9
28424,100,91,9,9
28425,109,103,6,6
28426,101,93,8,8
28427,57,65,-8,8
28428,89,107,-18,18
28429,148,138,10,10
28430,202,185,17,17
28431,137,142,-5,5
28432,91,95,-4,4
28433,112,122,-10,10
28434,68,79,-11,11
28435,83,84,-1,1
28436,72,73,-1,1
28437,79,74,5,5
28438,116,119,-3,3
28439,54,56,-2,2
28440,87,89,-2,2
28441,82,87,-5,5
28442,104,101,3,3
28443,126,129,-3,3
28444,106,97,9,9
28445,116,99,17,17
28446,91,86,5,5
28447,77,75,2,2
28448,123,148,-25,25
28449,145,145,0,0
28450,88,82,6,6
28451,95,112,-17,17
28452,79,81,-2,2
28453,91,98,-7,7
28454,133,116,17,17
28455,165,180,-15,15
28456,61,63,-2,2
28457,63,74,-11,11
28458,120,115,5,5
28459,54,54,0,0
28460,145,154,-9,9
28461,130,120,10,10
28462,68,95,-27,27
28463,55,55,0,0
28464,90,77,13,13
28465,102,88,14,14
28466,52,56,-4,4
28467,102,102,0,0
28468,162,152,10,10
28469,85,89,-4,4
28470,81,79,2,2
28471,57,55,2,2
28472,82,78,4,4
28473,135,98,37,37
28474,43,52,-9,9
28475,82,72,10,10
28476,66,68,-2,2
28477,102,99,3,3
28478,70,65,5,5
28479,151,151,0,0
28480,127,126,1,1
28481,77,52,25,25
28482,137,128,9,9
28483,83,80,3,3
28484,183,161,22,22
28485,43,47,-4,4
28486,129,134,-5,5
28487,58,50,8,8
28488,73,80,-7,7
28489,67,71,-4,4
28490,57,61,-4,4
28491,133,154,-21,21
28492,76,93,-17,17
28493,87,86,1,1
28494,76,81,-5,5
28495,99,90,9,9
28496,95,87,8,8
28497,56,57,-1,1
28498,146,133,13,13
28499,123,109,14,14
28500,93,117,-24,24
28501,71,80,-9,9
28502,97,90,7,7
28503,122,113,9,9
28504,97,106,-9,9
28505,86,84,2,2
28506,87,89,-2,2
28507,134,139,-5,5
28508,99,103,-4,4
28509,135,133,2,2
28510,85,80,5,5
28511,132,123,9,9
28512,54,57,-3,3
28513,77,89,-12,12
28514,63,70,-7,7
28515,138,146,-8,8
28516,58,62,-4,4
28517,141,129,12,12
28518,161,153,8,8
28519,105,125,-20,20
28520,107,120,-13,13
28521,153,162,-9,9
28522,90,80,10,10
28523,147,143,4,4
28524,92,105,-13,13
28525,34,44,-10,10
28526,90,93,-3,3
28527,50,59,-9,9
28528,83,85,-2,2
28529,127,141,-14,14
28530,59,58,1,1
28531,57,66,-9,9
28532,115,119,-4,4
28533,91,108,-17,17
28534,143,131,12,12
28535,119,113,6,6
28536,97,101,-4,4
28537,155,153,2,2
28538,128,124,4,4
28539,67,78,-11,11
28540,60,63,-3,3
28541,103,106,-3,3
28542,128,118,10,10
28543,100,100,0,0
28544,71,76,-5,5
28545,85,87,-2,2
28546,74,77,-3,3
28547,172,139,33,33
28548,73,78,-5,5
28549,51,60,-9,9
28550,76,81,-5,5
28551,110,115,-5,5
28552,125,125,0,0
28553,49,58,-9,9
28554,145,136,9,9
28555,81,74,7,7
28556,79,106,-27,27
28557,108,108,0,0
28558,95,94,1,1
28559,66,66,0,0
28560,78,81,-3,3
28561,41,51,-10,10
28562,89,82,7,7
28563,60,64,-4,4
28564,88,84,4,4
28565,54,64,-10,10
28566,112,107,5,5
28567,135,128,7,7
28568,123,124,-1,1
28569,76,93,-17,17
28570,82,73,9,9
28571,38,45,-7,7
28572,51,62,-11,11
28573,33,53,-20,20
28574,100,94,6,6
28575,64,76,-12,12
28576,98,104,-6,6
28577,104,99,5,5
28578,108,110,-2,2
28579,112,112,0,0
28580,54,58,-4,4
28581,75,73,2,2
28582,89,97,-8,8
28583,137,128,9,9
28584,66,56,10,10
28585,81,77,4,4
28586,91,88,3,3
28587,84,80,4,4
28588,52,58,-6,6
28589,64,71,-7,7
28590,176,178,-2,2
28591,59,63,-4,4
28592,70,67,3,3
28593,69,72,-3,3
28594,83,102,-19,19
28595,71,71,0,0
28596,61,63,-2,2
28597,65,69,-4,4
28598,94,117,-23,23
28599,53,55,-2,2
28600,66,60,6,6
28601,93,95,-2,2
28602,66,66,0,0
28603,75,57,18,18
28604,96,94,2,2
28605,66,57,9,9
28606,158,136,22,22
28607,80,68,12,12
28608,67,69,-2,2
28609,67,69,-2,2
28610,79,85,-6,6
28611,57,74,-17,17
28612,66,70,-4,4
28613,44,50,-6,6
28614,59,67,-8,8
28615,150,129,21,21
28616,128,113,15,15
28617,74,78,-4,4
28618,38,49,-11,11
28619,51,52,-1,1
28620,123,116,7,7
28621,61,60,1,1
28622,77,68,9,9
28623,61,66,-5,5
28624,94,94,0,0
28625,104,105,-1,1
28626,62,71,-9,9
28627,115,103,12,12
28628,122,105,17,17
28629,96,101,-5,5
28630,84,89,-5,5
28631,119,118,1,1
28632,99,92,7,7
28633,85,90,-5,5
28634,118,119,-1,1
28635,144,136,8,8
28636,54,58,-4,4
28637,152,150,2,2
28638,47,59,-12,12
28639,67,60,7,7
28640,81,80,1,1
28641,125,125,0,0
28642,104,99,5,5
28643,63,68,-5,5
28644,71,60,11,11
28645,56,65,-9,9
28646,144,138,6,6
28647,125,135,-10,10
28648,64,61,3,3
28649,108,95,13,13
28650,87,80,7,7
28651,66,81,-15,15
28652,83,96,-13,13
28653,102,100,2,2
28654,120,121,-1,1
28655,114,114,0,0
28656,114,120,-6,6
28657,148,148,0,0
28658,100,102,-2,2
28659,76,76,0,0
28660,53,64,-11,11
28661,104,108,-4,4
28662,101,101,0,0
28663,93,98,-5,5
28664,50,64,-14,14
28665,47,53,-6,6
28666,137,139,-2,2
28667,109,98,11,11
28668,83,96,-13,13
28669,32,33,-1,1
28670,69,64,5,5
28671,92,99,-7,7
28672,78,78,0,0
28673,96,113,-17,17
28674,92,84,8,8
28675,53,52,1,1
28676,144,138,6,6
28677,107,106,1,1
28678,112,101,11,11
28679,72,60,12,12
28680,108,96,12,12
28681,84,85,-1,1
28682,54,58,-4,4
28683,82,122,-40,40
28684,98,88,10,10
28685,73,77,-4,4
28686,50,54,-4,4
28687,89,81,8,8
28688,66,64,2,2
28689,140,139,1,1
28690,97,92,5,5
28691,77,83,-6,6
28692,106,91,15,15
28693,73,81,-8,8
28694,122,124,-2,2
28695,80,85,-5,5
28696,60,57,3,3
28697,90,89,1,1
28698,83,83,0,0
28699,86,87,-1,1
28700,33,39,-6,6
28701,134,139,-5,5
28702,117,120,-3,3
28703,60,59,1,1
28704,116,118,-2,2
28705,110,121,-11,11
28706,129,122,7,7
28707,88,88,0,0
28708,76,73,3,3
28709,171,172,-1,1
28710,98,82,16,16
28711,100,94,6,6
28712,66,61,5,5
28713,140,135,5,5
28714,101,85,16,16
28715,61,63,-2,2
28716,89,92,-3,3
28717,93,93,0,0
28718,101,95,6,6
28719,63,77,-14,14
28720,85,93,-8,8
28721,94,101,-7,7
28722,114,147,-33,33
28723,104,116,-12,12
28724,78,76,2,2
28725,108,132,-24,24
28726,57,55,2,2
28727,38,60,-22,22
28728,69,78,-9,9
28729,106,107,-1,1
28730,77,76,1,1
28731,235,230,5,5
28732,98,107,-9,9
28733,111,122,-11,11
28734,70,90,-20,20
28735,102,94,8,8
28736,92,98,-6,6
28737,67,75,-8,8
28738,83,92,-9,9
28739,71,78,-7,7
28740,92,80,12,12
28741,59,61,-2,2
28742,90,93,-3,3
28743,71,74,-3,3
28744,52,60,-8,8
28745,109,99,10,10
28746,105,116,-11,11
28747,79,84,-5,5
28748,81,75,6,6
28749,84,93,-9,9
28750,80,68,12,12
28751,56,70,-14,14
28752,84,83,1,1
28753,44,52,-8,8
28754,85,80,5,5
28755,62,70,-8,8
28756,83,77,6,6
28757,59,75,-16,16
28758,92,93,-1,1
28759,99,101,-2,2
28760,131,147,-16,16
28761,58,58,0,0
28762,164,151,13,13
28763,132,121,11,11
28764,73,67,6,6
28765,82,80,2,2
28766,57,56,1,1
28767,97,109,-12,12
28768,26,67,-41,41
28769,107,106,1,1
28770,88,84,4,4
28771,84,78,6,6
28772,82,95,-13,13
28773,141,167,-26,26
28774,78,75,3,3
28775,146,149,-3,3
28776,84,73,11,11
28777,93,88,5,5
28778,74,70,4,4
28779,139,138,1,1
28780,125,123,2,2
28781,65,66,-1,1
28782,101,112,-11,11
28783,114,129,-15,15
28784,54,61,-7,7
28785,99,92,7,7
28786,83,56,27,27
28787,128,122,6,6
28788,90,94,-4,4
28789,77,84,-7,7
28790,68,61,7,7
28791,78,97,-19,19
28792,76,76,0,0
28793,85,88,-3,3
28794,106,106,0,0
28795,207,184,23,23
28796,105,104,1,1
28797,110,113,-3,3
28798,86,88,-2,2
28799,166,133,33,33
28800,118,125,-7,7
28801,99,92,7,7
28802,80,92,-12,12
28803,27,50,-23,23
28804,125,122,3,3
28805,92,99,-7,7
28806,85,82,3,3
28807,91,101,-10,10
28808,61,64,-3,3
28809,86,88,-2,2
28810,50,62,-12,12
28811,101,102,-1,1
28812,79,76,3,3
28813,82,95,-13,13
28814,63,62,1,1
28815,100,96,4,4
28816,103,85,18,18
28817,150,142,8,8
28818,86,74,12,12
28819,72,82,-10,10
28820,54,59,-5,5
28821,136,140,-4,4
28822,60,56,4,4
28823,118,116,2,2
28824,64,61,3,3
28825,78,72,6,6
28826,76,69,7,7
28827,145,129,16,16
28828,62,71,-9,9
28829,98,111,-13,13
28830,100,100,0,0
28831,142,139,3,3
28832,77,86,-9,9
28833,81,88,-7,7
28834,79,78,1,1
28835,78,82,-4,4
28836,84,81,3,3
28837,63,67,-4,4
28838,94,93,1,1
28839,89,87,2,2
28840,78,77,1,1
28841,132,137,-5,5
28842,151,148,3,3
28843,156,126,30,30
28844,41,58,-17,17
28845,106,109,-3,3
28846,99,83,16,16
28847,42,56,-14,14
28848,79,74,5,5
28849,60,80,-20,20
28850,136,148,-12,12
28851,130,129,1,1
28852,136,136,0,0
28853,81,70,11,11
28854,112,114,-2,2
28855,60,64,-4,4
28856,93,86,7,7
28857,103,106,-3,3
28858,180,166,14,14
28859,93,95,-2,2
28860,172,168,4,4
28861,95,114,-19,19
28862,79,82,-3,3
28863,55,59,-4,4
28864,105,104,1,1
28865,118,115,3,3
28866,111,115,-4,4
28867,66,75,-9,9
28868,146,150,-4,4
28869,81,113,-32,32
28870,75,69,6,6
28871,79,89,-10,10
28872,64,57,7,7
28873,97,93,4,4
28874,103,105,-2,2
28875,68,70,-2,2
28876,74,79,-5,5
28877,80,77,3,3
28878,90,84,6,6
28879,59,62,-3,3
28880,109,113,-4,4
28881,90,82,8,8
28882,71,79,-8,8
28883,108,112,-4,4
28884,83,83,0,0
28885,130,128,2,2
28886,85,89,-4,4
28887,49,60,-11,11
28888,73,64,9,9
28889,104,108,-4,4
28890,131,133,-2,2
28891,69,73,-4,4
28892,102,103,-1,1
28893,74,73,1,1
28894,58,59,-1,1
28895,167,154,13,13
28896,144,93,51,51
28897,108,114,-6,6
28898,70,70,0,0
28899,84,87,-3,3
28900,50,52,-2,2
28901,68,74,-6,6
28902,128,140,-12,12
28903,106,88,18,18
28904,63,67,-4,4
28905,61,133,-72,72
28906,82,84,-2,2
28907,100,108,-8,8
28908,92,93,-1,1
28909,75,85,-10,10
28910,132,131,1,1
28911,85,96,-11,11
28912,183,171,12,12
28913,115,119,-4,4
28914,125,91,34,34
28915,99,97,2,2
28916,102,97,5,5
28917,125,135,-10,10
28918,75,79,-4,4
28919,173,162,11,11
28920,66,74,-8,8
28921,90,86,4,4
28922,88,92,-4,4
28923,124,126,-2,2
28924,70,82,-12,12
28925,93,89,4,4
28926,64,63,1,1
28927,60,62,-2,2
28928,134,135,-1,1
28929,104,88,16,16
28930,44,50,-6,6
28931,109,91,18,18
28932,68,67,1,1
28933,81,91,-10,10
28934,103,120,-17,17
28935,99,103,-4,4
28936,80,83,-3,3
28937,104,107,-3,3
28938,67,64,3,3
28939,126,130,-4,4
28940,53,59,-6,6
28941,135,137,-2,2
28942,95,77,18,18
28943,95,105,-10,10
28944,63,67,-4,4
28945,140,132,8,8
28946,71,79,-8,8
28947,79,76,3,3
28948,47,68,-21,21
28949,87,107,-20,20
28950,57,63,-6,6
28951,81,83,-2,2
28952,53,50,3,3
28953,88,103,-15,15
28954,109,112,-3,3
28955,85,91,-6,6
28956,114,117,-3,3
28957,81,84,-3,3
28958,85,97,-12,12
28959,95,91,4,4
28960,61,74,-13,13
28961,65,66,-1,1
28962,47,47,0,0
28963,57,56,1,1
28964,66,79,-13,13
28965,86,86,0,0
28966,76,70,6,6
28967,143,134,9,9
28968,79,111,-32,32
28969,87,85,2,2
28970,99,102,-3,3
28971,103,119,-16,16
28972,83,79,4,4
28973,116,113,3,3
28974,128,106,22,22
28975,159,142,17,17
28976,113,104,9,9
28977,124,112,12,12
28978,81,89,-8,8
28979,66,61,5,5
28980,82,70,12,12
28981,58,61,-3,3
28982,101,105,-4,4
28983,67,87,-20,20
28984,97,88,9,9
28985,78,80,-2,2
28986,104,108,-4,4
28987,117,99,18,18
28988,82,107,-25,25
28989,125,125,0,0
28990,152,154,-2,2
28991,92,95,-3,3
28992,128,127,1,1
28993,68,72,-4,4
28994,101,97,4,4
28995,96,105,-9,9
28996,98,87,11,11
28997,134,124,10,10
28998,106,114,-8,8
28999,54,54,0,0
29000,88,98,-10,10
29001,66,60,6,6
29002,99,92,7,7
29003,82,80,2,2
29004,118,133,-15,15
29005,66,64,2,2
29006,96,95,1,1
29007,139,143,-4,4
29008,25,34,-9,9
29009,123,112,11,11
29010,130,132,-2,2
29011,92,88,4,4
29012,80,81,-1,1
29013,67,66,1,1
29014,71,70,1,1
29015,92,90,2,2
29016,113,105,8,8
29017,67,82,-15,15
29018,58,64,-6,6
29019,39,89,-50,50
29020,78,84,-6,6
29021,113,103,10,10
29022,50,58,-8,8
29023,66,62,4,4
29024,88,79,9,9
29025,88,95,-7,7
29026,131,114,17,17
29027,64,77,-13,13
29028,91,93,-2,2
29029,101,90,11,11
29030,110,109,1,1
29031,56,61,-5,5
29032,77,76,1,1
29033,129,130,-1,1
29034,91,114,-23,23
29035,97,102,-5,5
29036,98,94,4,4
29037,75,78,-3,3
29038,109,98,11,11
29039,64,75,-11,11
29040,71,74,-3,3
29041,54,57,-3,3
29042,59,61,-2,2
29043,145,148,-3,3
29044,86,80,6,6
29045,56,59,-3,3
29046,79,86,-7,7
29047,114,113,1,1
29048,65,77,-12,12
29049,104,110,-6,6
29050,61,72,-11,11
29051,155,154,1,1
29052,106,100,6,6
29053,48,64,-16,16
29054,173,152,21,21
29055,31,56,-25,25
29056,87,88,-1,1
29057,147,136,11,11
29058,79,74,5,5
29059,92,102,-10,10
29060,100,95,5,5
29061,118,142,-24,24
29062,83,85,-2,2
29063,72,72,0,0
29064,101,93,8,8
29065,83,89,-6,6
29066,94,96,-2,2
29067,103,107,-4,4
29068,73,69,4,4
29069,179,171,8,8
29070,115,105,10,10
29071,85,90,-5,5
29072,101,99,2,2
29073,130,129,1,1
29074,155,159,-4,4
29075,65,78,-13,13
29076,116,122,-6,6
29077,71,78,-7,7
29078,78,82,-4,4
29079,129,134,-5,5
29080,78,75,3,3
29081,141,131,10,10
29082,139,123,16,16
29083,90,93,-3,3
29084,174,173,1,1
29085,92,90,2,2
29086,76,73,3,3
29087,40,49,-9,9
29088,36,49,-13,13
29089,78,70,8,8
29090,89,82,7,7
29091,63,72,-9,9
29092,79,76,3,3
29093,127,126,1,1
29094,61,62,-1,1
29095,118,76,42,42
29096,112,96,16,16
29097,131,125,6,6
29098,78,79,-1,1
29099,95,98,-3,3
29100,75,69,6,6
29101,170,174,-4,4
29102,97,100,-3,3
29103,62,65,-3,3
29104,130,126,4,4
29105,116,132,-16,16
29106,72,81,-9,9
29107,89,84,5,5
29108,95,102,-7,7
29109,82,85,-3,3
29110,54,58,-4,4
29111,102,105,-3,3
29112,106,102,4,4
29113,138,144,-6,6
29114,90,91,-1,1
29115,53,65,-12,12
29116,111,102,9,9
29117,91,91,0,0
29118,84,95,-11,11
29119,116,112,4,4
29120,119,112,7,7
29121,82,82,0,0
29122,102,95,7,7
29123,64,67,-3,3
29124,40,60,-20,20
29125,104,109,-5,5
29126,73,75,-2,2
29127,92,90,2,2
29128,127,120,7,7
29129,155,145,10,10
29130,82,79,3,3
29131,86,92,-6,6
29132,61,61,0,0
29133,136,124,12,12
29134,123,133,-10,10
29135,40,57,-17,17
29136,103,99,4,4
29137,145,143,2,2
29138,92,101,-9,9
29139,60,79,-19,19
29140,71,75,-4,4
29141,63,65,-2,2
29142,51,49,2,2
29143,92,89,3,3
29144,48,51,-3,3
29145,66,44,22,22
29146,165,163,2,2
29147,114,111,3,3
29148,48,59,-11,11
29149,121,113,8,8
29150,134,124,10,10
29151,68,67,1,1
29152,34,55,-21,21
29153,68,67,1,1
29154,72,74,-2,2
29155,63,62,1,1
29156,59,67,-8,8
29157,94,92,2,2
29158,59,64,-5,5
29159,77,81,-4,4
29160,119,109,10,10
29161,134,129,5,5
29162,120,115,5,5
29163,90,87,3,3
29164,79,80,-1,1
29165,70,65,5,5
29166,103,95,8,8
29167,111,103,8,8
29168,62,67,-5,5
29169,139,137,2,2
29170,138,148,-10,10
29171,213,188,25,25
29172,73,73,0,0
29173,116,120,-4,4
29174,135,137,-2,2
29175,77,75,2,2
29176,89,87,2,2
29177,40,46,-6,6
29178,82,77,5,5
29179,101,113,-12,12
29180,81,100,-19,19
29181,159,149,10,10
29182,89,96,-7,7
29183,74,87,-13,13
29184,106,96,10,10
29185,53,65,-12,12
29186,98,126,-28,28
29187,96,101,-5,5
29188,116,125,-9,9
29189,68,67,1,1
29190,74,77,-3,3
29191,167,167,0,0
29192,90,95,-5,5
29193,106,106,0,0
29194,62,61,1,1
29195,46,53,-7,7
29196,68,75,-7,7
29197,73,69,4,4
29198,78,89,-11,11
29199,58,56,2,2
29200,129,117,12,12
29201,79,96,-17,17
29202,92,93,-1,1
29203,34,57,-23,23
29204,81,53,28,28
29205,73,70,3,3
29206,171,167,4,4
29207,90,97,-7,7
29208,70,84,-14,14
29209,199,198,1,1
29210,68,62,6,6
29211,161,168,-7,7
29212,46,65,-19,19
29213,61,58,3,3
29214,112,99,13,13
29215,133,120,13,13
29216,91,89,2,2
29217,80,94,-14,14
29218,160,138,22,22
29219,90,79,11,11
29220,103,97,6,6
29221,87,85,2,2
29222,148,144,4,4
29223,183,129,54,54
29224,87,90,-3,3
29225,161,160,1,1
29226,80,76,4,4
29227,128,130,-2,2
29228,123,108,15,15
29229,159,154,5,5
29230,48,46,2,2
29231,77,79,-2,2
29232,87,89,-2,2
29233,53,52,1,1
29234,118,105,13,13
29235,89,57,32,32
29236,76,80,-4,4
29237,145,129,16,16
29238,125,119,6,6
29239,97,110,-13,13
29240,49,56,-7,7
29241,62,79,-17,17
29242,81,93,-12,12
29243,136,146,-10,10
29244,100,109,-9,9
29245,187,197,-10,10
29246,105,112,-7,7
29247,176,180,-4,4
29248,113,109,4,4
29249,115,129,-14,14
29250,86,93,-7,7
29251,120,117,3,3
29252,74,79,-5,5
29253,86,100,-14,14
29254,99,126,-27,27
29255,70,70,0,0
29256,109,111,-2,2
29257,110,100,10,10
29258,102,104,-2,2
29259,156,128,28,28
29260,107,103,4,4
29261,53,58,-5,5
29262,121,105,16,16
29263,97,100,-3,3
29264,103,113,-10,10
29265,66,65,1,1
29266,108,130,-22,22
29267,59,66,-7,7
29268,64,68,-4,4
29269,70,75,-5,5
29270,86,84,2,2
29271,118,111,7,7
29272,61,68,-7,7
29273,120,112,8,8
29274,112,111,1,1
29275,176,160,16,16
29276,61,60,1,1
29277,89,96,-7,7
29278,115,104,11,11
29279,112,98,14,14
29280,110,106,4,4
29281,92,86,6,6
29282,124,116,8,8
29283,60,57,3,3
29284,70,69,1,1
29285,98,88,10,10
29286,77,81,-4,4
29287,60,64,-4,4
29288,149,141,8,8
29289,135,142,-7,7
29290,71,72,-1,1
29291,47,58,-11,11
29292,141,138,3,3
29293,76,84,-8,8
29294,85,83,2,2
29295,66,69,-3,3
29296,86,80,6,6
29297,144,136,8,8
29298,74,84,-10,10
29299,181,170,11,11
29300,79,83,-4,4
29301,106,99,7,7
29302,138,136,2,2
29303,91,83,8,8
29304,76,73,3,3
29305,140,136,4,4
29306,77,78,-1,1
29307,54,64,-10,10
29308,71,79,-8,8
29309,110,100,10,10
29310,90,80,10,10
29311,116,130,-14,14
29312,83,82,1,1
29313,59,67,-8,8
29314,92,90,2,2
29315,144,142,2,2
29316,67,58,9,9
29317,105,109,-4,4
29318,62,66,-4,4
29319,136,121,15,15
29320,111,110,1,1
29321,64,71,-7,7
29322,73,64,9,9
29323,86,94,-8,8
29324,84,86,-2,2
29325,74,74,0,0
29326,135,127,8,8
29327,119,122,-3,3
29328,83,90,-7,7
29329,102,106,-4,4
29330,84,91,-7,7
29331,66,122,-56,56
29332,47,48,-1,1
29333,97,92,5,5
29334,106,98,8,8
29335,75,75,0,0
29336,108,141,-33,33
29337,154,154,0,0
29338,91,89,2,2
29339,75,79,-4,4
29340,155,151,4,4
29341,75,92,-17,17
29342,211,188,23,23
29343,69,65,4,4
29344,52,60,-8,8
29345,84,64,20,20
29346,89,88,1,1
29347,79,81,-2,2
29348,78,77,1,1
29349,90,87,3,3
29350,305,267,38,38
29351,83,82,1,1
29352,193,182,11,11
29353,124,124,0,0
29354,46,51,-5,5
29355,85,91,-6,6
29356,84,90,-6,6
29357,98,89,9,9
29358,72,73,-1,1
29359,60,56,4,4
29360,102,98,4,4
29361,92,91,1,1
29362,102,102,0,0
29363,74,83,-9,9
29364,114,107,7,7
29365,86,89,-3,3
29366,114,112,2,2
29367,151,164,-13,13
29368,91,99,-8,8
29369,78,80,-2,2
29370,153,153,0,0
29371,80,103,-23,23
29372,108,117,-9,9
29373,88,85,3,3
29374,153,147,6,6
29375,71,76,-5,5
29376,95,102,-7,7
29377,127,124,3,3
29378,139,134,5,5
29379,46,52,-6,6
29380,124,120,4,4
29381,93,95,-2,2
29382,114,102,12,12
29383,93,87,6,6
29384,67,64,3,3
29385,110,111,-1,1
29386,63,64,-1,1
29387,70,66,4,4
29388,87,84,3,3
29389,122,124,-2,2
29390,107,120,-13,13
29391,153,155,-2,2
29392,94,90,4,4
29393,101,107,-6,6
29394,78,85,-7,7
29395,82,98,-16,16
29396,88,85,3,3
29397,94,81,13,13
29398,37,56,-19,19
29399,67,67,0,0
29400,85,79,6,6
29401,105,94,11,11
29402,40,43,-3,3
29403,194,178,16,16
29404,123,122,1,1
29405,87,80,7,7
29406,102,95,7,7
29407,145,127,18,18
29408,68,69,-1,1
29409,159,135,24,24
29410,82,76,6,6
29411,83,83,0,0
29412,82,82,0,0
29413,69,69,0,0
29414,103,97,6,6
29415,105,96,9,9
29416,100,118,-18,18
29417,55,59,-4,4
29418,80,77,3,3
29419,73,78,-5,5
29420,51,46,5,5
29421,124,126,-2,2
29422,52,54,-2,2
29423,115,138,-23,23
29424,116,108,8,8
29425,101,104,-3,3
29426,63,46,17,17
29427,52,60,-8,8
29428,84,79,5,5
29429,142,141,1,1
29430,71,76,-5,5
29431,82,91,-9,9
29432,85,95,-10,10
29433,74,77,-3,3
29434,61,60,1,1
29435,107,120,-13,13
29436,98,103,-5,5
29437,80,76,4,4
29438,69,75,-6,6
29439,64,70,-6,6
29440,137,129,8,8
29441,77,76,1,1
29442,94,112,-18,18
29443,86,86,0,0
29444,60,62,-2,2
29445,54,60,-6,6
29446,62,68,-6,6
29447,86,97,-11,11
29448,60,64,-4,4
29449,64,65,-1,1
29450,91,103,-12,12
29451,71,71,0,0
29452,78,87,-9,9
29453,104,103,1,1
29454,103,108,-5,5
29455,167,178,-11,11
29456,129,114,15,15
29457,125,171,-46,46
29458,108,120,-12,12
29459,77,71,6,6
29460,121,108,13,13
29461,77,75,2,2
29462,61,65,-4,4
29463,67,73,-6,6
29464,96,96,0,0
29465,113,122,-9,9
29466,70,69,1,1
29467,79,76,3,3
29468,91,97,-6,6
29469,86,99,-13,13
29470,74,68,6,6
29471,78,87,-9,9
29472,117,97,20,20
29473,82,67,15,15
29474,79,77,2,2
29475,138,154,-16,16
29476,92,81,11,11
29477,69,68,1,1
29478,81,88,-7,7
29479,73,77,-4,4
29480,100,103,-3,3
29481,51,50,1,1
29482,60,61,-1,1
29483,109,109,0,0
29484,131,122,9,9
29485,71,79,-8,8
29486,77,88,-11,11
29487,97,103,-6,6
29488,69,74,-5,5
29489,124,117,7,7
29490,69,74,-5,5
29491,131,116,15,15
29492,87,89,-2,2
29493,178,181,-3,3
29494,111,114,-3,3
29495,122,112,10,10
29496,155,144,11,11
29497,136,123,13,13
29498,113,136,-23,23
29499,64,73,-9,9
29500,111,109,2,2
29501,94,98,-4,4
29502,58,68,-10,10
29503,89,97,-8,8
29504,82,79,3,3
29505,87,88,-1,1
29506,50,56,-6,6
29507,79,81,-2,2
29508,140,128,12,12
29509,134,229,-95,95
29510,119,109,10,10
29511,140,150,-10,10
29512,119,123,-4,4
29513,52,57,-5,5
29514,124,145,-21,21
29515,131,109,22,22
29516,45,54,-9,9
29517,70,67,3,3
29518,99,91,8,8
29519,82,80,2,2
29520,73,66,7,7
29521,120,127,-7,7
29522,107,129,-22,22
29523,88,89,-1,1
29524,82,85,-3,3
29525,59,63,-4,4
29526,90,100,-10,10
29527,56,65,-9,9
29528,113,118,-5,5
29529,78,75,3,3
29530,61,72,-11,11
29531,89,95,-6,6
29532,44,57,-13,13
29533,62,64,-2,2
29534,111,111,0,0
29535,75,80,-5,5
29536,74,76,-2,2
29537,79,71,8,8
29538,89,89,0,0
29539,94,98,-4,4
29540,116,110,6,6
29541,120,122,-2,2
29542,180,175,5,5
29543,48,46,2,2
29544,85,89,-4,4
29545,112,106,6,6
29546,114,115,-1,1
29547,78,78,0,0
29548,111,127,-16,16
29549,71,78,-7,7
29550,64,70,-6,6
29551,47,52,-5,5
29552,85,92,-7,7
29553,90,101,-11,11
29554,137,131,6,6
29555,138,132,6,6
29556,64,61,3,3
29557,78,79,-1,1
29558,42,48,-6,6
29559,98,93,5,5
29560,59,52,7,7
29561,76,84,-8,8
29562,106,101,5,5
29563,33,43,-10,10
29564,121,129,-8,8
29565,108,110,-2,2
29566,76,80,-4,4
29567,64,67,-3,3
29568,73,66,7,7
29569,112,112,0,0
29570,105,102,3,3
29571,59,68,-9,9
29572,205,184,21,21
29573,78,89,-11,11
29574,79,87,-8,8
29575,123,119,4,4
29576,83,88,-5,5
29577,115,129,-14,14
29578,75,77,-2,2
29579,86,88,-2,2
29580,111,119,-8,8
29581,82,108,-26,26
29582,157,166,-9,9
29583,58,64,-6,6
29584,101,98,3,3
29585,99,99,0,0
29586,96,99,-3,3
29587,133,128,5,5
29588,93,97,-4,4
29589,79,74,5,5
29590,87,79,8,8
29591,101,119,-18,18
29592,73,79,-6,6
29593,76,77,-1,1
29594,110,108,2,2
29595,100,102,-2,2
29596,87,85,2,2
29597,126,134,-8,8
29598,81,77,4,4
29599,70,81,-11,11
29600,139,134,5,5
29601,74,73,1,1
29602,147,111,36,36
29603,92,93,-1,1
29604,133,117,16,16
29605,87,85,2,2
29606,96,105,-9,9
29607,70,105,-35,35
29608,75,83,-8,8
29609,121,110,11,11
29610,88,91,-3,3
29611,96,96,0,0
29612,196,160,36,36
29613,90,95,-5,5
29614,110,118,-8,8
29615,59,59,0,0
29616,131,126,5,5
29617,56,60,-4,4
29618,98,100,-2,2
29619,94,87,7,7
29620,73,79,-6,6
29621,52,47,5,5
29622,97,91,6,6
29623,119,106,13,13
29624,94,87,7,7
29625,144,159,-15,15
29626,128,129,-1,1
29627,81,81,0,0
29628,101,98,3,3
29629,138,139,-1,1
29630,68,64,4,4
29631,124,111,13,13
29632,61,78,-17,17
29633,118,100,18,18
29634,69,70,-1,1
29635,84,91,-7,7
29636,175,145,30,30
29637,54,55,-1,1
29638,72,90,-18,18
29639,82,70,12,12
29640,102,100,2,2
29641,107,111,-4,4
29642,110,111,-1,1
29643,128,130,-2,2
29644,132,126,6,6
29645,80,85,-5,5
29646,60,64,-4,4
29647,54,54,0,0
29648,89,94,-5,5
29649,90,95,-5,5
29650,62,81,-19,19
29651,64,85,-21,21
29652,74,64,10,10
29653,123,188,-65,65
29654,77,72,5,5
29655,79,73,6,6
29656,88,88,0,0
29657,77,87,-10,10
29658,96,112,-16,16
29659,80,82,-2,2
29660,104,107,-3,3
29661,46,51,-5,5
29662,70,82,-12,12
29663,93,106,-13,13
29664,103,92,11,11
29665,117,112,5,5
29666,80,87,-7,7
29667,93,96,-3,3
29668,88,96,-8,8
29669,101,93,8,8
29670,69,77,-8,8
29671,97,93,4,4
29672,56,61,-5,5
29673,101,102,-1,1
29674,122,125,-3,3
29675,95,102,-7,7
29676,113,106,7,7
29677,150,159,-9,9
29678,164,173,-9,9
29679,87,86,1,1
29680,128,118,10,10
29681,66,76,-10,10
29682,68,58,10,10
29683,120,108,12,12
29684,151,141,10,10
29685,72,66,6,6
29686,89,99,-10,10
29687,231,174,57,57
29688,49,54,-5,5
29689,68,71,-3,3
29690,81,84,-3,3
29691,96,98,-2,2
29692,123,122,1,1
29693,88,77,11,11
29694,188,182,6,6
29695,78,77,1,1
29696,78,81,-3,3
29697,105,113,-8,8
29698,102,97,5,5
29699,74,80,-6,6
29700,74,75,-1,1
29701,63,47,16,16
29702,106,109,-3,3
29703,90,94,-4,4
29704,100,88,12,12
29705,106,112,-6,6
29706,74,87,-13,13
29707,75,82,-7,7
29708,119,129,-10,10
29709,115,113,2,2
29710,125,113,12,12
29711,106,108,-2,2
29712,113,126,-13,13
29713,81,79,2,2
29714,84,90,-6,6
29715,79,87,-8,8
29716,129,124,5,5
29717,55,55,0,0
29718,99,103,-4,4
29719,88,99,-11,11
29720,129,121,8,8
29721,92,98,-6,6
29722,113,120,-7,7
29723,67,66,1,1
29724,96,115,-19,19
29725,64,69,-5,5
29726,132,143,-11,11
29727,172,157,15,15
29728,104,115,-11,11
29729,83,78,5,5
29730,70,88,-18,18
29731,104,109,-5,5
29732,78,77,1,1
29733,66,88,-22,22
29734,81,84,-3,3
29735,63,68,-5,5
29736,74,79,-5,5
29737,109,94,15,15
29738,70,70,0,0
29739,91,82,9,9
29740,95,96,-1,1
29741,76,89,-13,13
29742,68,68,0,0
29743,92,90,2,2
29744,65,64,1,1
29745,36,47,-11,11
29746,105,96,9,9
29747,110,112,-2,2
29748,121,105,16,16
29749,49,52,-3,3
29750,98,93,5,5
29751,117,109,8,8
29752,52,104,-52,52
29753,84,77,7,7
29754,148,140,8,8
29755,63,66,-3,3
29756,63,66,-3,3
29757,92,93,-1,1
29758,85,82,3,3
29759,93,94,-1,1
29760,88,83,5,5
29761,80,81,-1,1
29762,83,84,-1,1
29763,61,70,-9,9
29764,76,84,-8,8
29765,81,94,-13,13
29766,75,71,4,4
29767,61,57,4,4
29768,110,94,16,16
29769,91,82,9,9
29770,63,59,4,4
29771,126,127,-1,1
29772,102,96,6,6
29773,102,101,1,1
29774,107,99,8,8
29775,49,57,-8,8
29776,71,80,-9,9
29777,70,90,-20,20
29778,94,105,-11,11
29779,201,170,31,31
29780,80,89,-9,9
29781,62,59,3,3
29782,97,102,-5,5
29783,77,82,-5,5
29784,74,106,-32,32
29785,55,60,-5,5
29786,88,92,-4,4
29787,27,34,-7,7
29788,64,64,0,0
29789,95,109,-14,14
29790,74,85,-11,11
29791,99,134,-35,35
29792,68,71,-3,3
29793,65,60,5,5
29794,97,109,-12,12
29795,73,68,5,5
29796,88,67,21,21
29797,121,125,-4,4
29798,102,97,5,5
29799,101,112,-11,11
29800,78,83,-5,5
29801,156,149,7,7
29802,76,75,1,1
29803,66,68,-2,2
29804,91,99,-8,8
29805,82,81,1,1
29806,150,162,-12,12
29807,46,49,-3,3
29808,164,183,-19,19
29809,134,143,-9,9
29810,124,124,0,0
29811,75,76,-1,1
29812,64,74,-10,10
29813,207,193,14,14
29814,125,121,4,4
29815,143,134,9,9
29816,79,74,5,5
29817,62,65,-3,3
29818,149,156,-7,7
29819,136,136,0,0
29820,48,56,-8,8
29821,117,110,7,7
29822,50,60,-10,10
29823,88,88,0,0
29824,62,68,-6,6
29825,37,50,-13,13
29826,142,132,10,10
29827,59,62,-3,3
29828,123,110,13,13
29829,78,74,4,4
29830,117,108,9,9
29831,84,83,1,1
29832,191,176,15,15
29833,176,163,13,13
29834,68,45,23,23
29835,58,59,-1,1
29836,74,72,2,2
29837,166,148,18,18
29838,178,145,33,33
29839,102,109,-7,7
29840,106,104,2,2
29841,121,130,-9,9
29842,157,142,15,15
29843,60,57,3,3
29844,116,115,1,1
29845,133,133,0,0
29846,50,53,-3,3
29847,90,97,-7,7
29848,138,126,12,12
29849,216,206,10,10
29850,114,116,-2,2
29851,107,115,-8,8
29852,68,66,2,2
29853,52,59,-7,7
29854,139,134,5,5
29855,98,92,6,6
29856,143,132,11,11
29857,97,88,9,9
29858,80,83,-3,3
29859,60,53,7,7
29860,104,107,-3,3
29861,102,113,-11,11
29862,155,154,1,1
29863,157,137,20,20
29864,122,113,9,9
29865,89,90,-1,1
29866,68,71,-3,3
29867,68,69,-1,1
29868,102,106,-4,4
29869,107,120,-13,13
29870,62,62,0,0
29871,145,151,-6,6
29872,92,91,1,1
29873,113,114,-1,1
29874,72,67,5,5
29875,67,64,3,3
29876,86,95,-9,9
29877,78,86,-8,8
29878,94,100,-6,6
29879,103,93,10,10
29880,145,154,-9,9
29881,74,81,-7,7
29882,128,121,7,7
29883,146,122,24,24
29884,54,66,-12,12
29885,162,157,5,5
29886,150,146,4,4
29887,57,68,-11,11
29888,118,126,-8,8
29889,37,49,-12,12
29890,121,116,5,5
29891,130,111,19,19
29892,62,65,-3,3
29893,66,69,-3,3
29894,119,105,14,14
29895,120,115,5,5
29896,100,111,-11,11
29897,121,134,-13,13
29898,85,86,-1,1
29899,99,97,2,2
29900,63,68,-5,5
29901,98,97,1,1
29902,62,61,1,1
29903,78,80,-2,2
29904,61,64,-3,3
29905,110,104,6,6
29906,90,95,-5,5
29907,125,97,28,28
29908,59,60,-1,1
29909,83,86,-3,3
29910,103,117,-14,14
29911,66,65,1,1
29912,131,135,-4,4
29913,72,73,-1,1
29914,56,64,-8,8
29915,110,113,-3,3
29916,72,75,-3,3
29917,120,122,-2,2
29918,82,91,-9,9
29919,79,92,-13,13
29920,169,158,11,11
29921,140,143,-3,3
29922,139,243,-104,104
29923,53,58,-5,5
29924,93,106,-13,13
29925,95,87,8,8
29926,91,96,-5,5
29927,96,93,3,3
29928,115,114,1,1
29929,80,72,8,8
29930,61,73,-12,12
29931,125,127,-2,2
29932,79,82,-3,3
29933,113,99,14,14
29934,113,126,-13,13
29935,79,86,-7,7
29936,143,137,6,6
29937,69,84,-15,15
29938,71,103,-32,32
29939,67,73,-6,6
29940,53,52,1,1
29941,132,139,-7,7
29942,129,119,10,10
29943,85,82,3,3
29944,107,101,6,6
29945,143,127,16,16
29946,57,69,-12,12
29947,99,95,4,4
29948,54,58,-4,4
29949,102,115,-13,13
29950,64,68,-4,4
29951,86,115,-29,29
29952,88,86,2,2
29953,170,155,15,15
29954,71,68,3,3
29955,127,125,2,2
29956,61,58,3,3
29957,63,65,-2,2
29958,46,50,-4,4
29959,78,70,8,8
29960,85,94,-9,9
29961,86,77,9,9
29962,91,87,4,4
29963,75,80,-5,5
29964,75,77,-2,2
29965,73,101,-28,28
29966,74,67,7,7
29967,69,76,-7,7
29968,77,82,-5,5
29969,119,124,-5,5
29970,77,93,-16,16
29971,143,138,5,5
29972,132,138,-6,6
29973,89,92,-3,3
29974,60,60,0,0
29975,131,131,0,0
29976,83,76,7,7
29977,80,71,9,9
29978,92,88,4,4
29979,187,165,22,22
29980,128,127,1,1
29981,151,135,16,16
29982,44,44,0,0
29983,83,84,-1,1
29984,78,70,8,8
29985,81,83,-2,2
29986,73,84,-11,11
29987,138,132,6,6
29988,45,45,0,0
29989,58,70,-12,12
29990,105,103,2,2
29991,103,99,4,4
29992,91,87,4,4
29993,48,55,-7,7
29994,74,81,-7,7
29995,104,87,17,17
29996,69,79,-10,10
29997,62,70,-8,8
29998,140,163,-23,23
29999,129,149,-20,20
30000,98,94,4,4
30001,99,90,9,9
30002,71,70,1,1
30003,149,159,-10,10
30004,101,103,-2,2
30005,114,126,-12,12
30006,181,164,17,17
30007,112,125,-13,13
30008,112,113,-1,1
30009,95,102,-7,7
30010,133,136,-3,3
30011,168,155,13,13
30012,24,37,-13,13
30013,119,121,-2,2
30014,102,108,-6,6
30015,84,83,1,1
30016,134,124,10,10
30017,69,63,6,6
30018,66,80,-14,14
30019,74,72,2,2
30020,113,106,7,7
30021,64,78,-14,14
30022,79,78,1,1
30023,103,83,20,20
30024,107,111,-4,4
30025,66,72,-6,6
30026,88,86,2,2
30027,158,174,-16,16
30028,123,118,5,5
30029,73,81,-8,8
30030,105,97,8,8
30031,65,66,-1,1
30032,119,123,-4,4
30033,68,65,3,3
30034,64,67,-3,3
30035,74,71,3,3
30036,23,32,-9,9
30037,97,99,-2,2
30038,124,115,9,9
30039,72,78,-6,6
30040,132,134,-2,2
30041,42,58,-16,16
30042,121,116,5,5
30043,89,87,2,2
30044,113,113,0,0
30045,114,111,3,3
30046,57,62,-5,5
30047,63,67,-4,4
30048,121,116,5,5
30049,144,145,-1,1
30050,118,107,11,11
30051,64,62,2,2
30052,121,124,-3,3
30053,135,134,1,1
30054,80,83,-3,3
30055,110,107,3,3
30056,100,102,-2,2
30057,94,101,-7,7
30058,83,84,-1,1
30059,87,93,-6,6
30060,67,66,1,1
30061,95,111,-16,16
30062,88,87,1,1
30063,93,91,2,2
30064,91,83,8,8
30065,133,140,-7,7
30066,77,97,-20,20
30067,106,113,-7,7
30068,53,50,3,3
30069,89,85,4,4
30070,154,129,25,25
30071,98,103,-5,5
30072,54,63,-9,9
30073,79,87,-8,8
30074,115,112,3,3
30075,135,133,2,2
30076,81,73,8,8
30077,56,51,5,5
30078,54,65,-11,11
30079,73,72,1,1
30080,80,85,-5,5
30081,114,105,9,9
30082,170,173,-3,3
30083,124,105,19,19
30084,63,60,3,3
30085,93,117,-24,24
30086,77,68,9,9
30087,178,160,18,18
30088,67,65,2,2
30089,72,56,16,16
30090,60,65,-5,5
30091,64,63,1,1
30092,85,88,-3,3
30093,158,152,6,6
30094,124,113,11,11
30095,70,125,-55,55
30096,61,64,-3,3
30097,110,128,-18,18
30098,94,108,-14,14
30099,161,141,20,20
30100,98,125,-27,27
30101,165,161,4,4
30102,82,94,-12,12
30103,102,96,6,6
30104,105,103,2,2
30105,85,78,7,7
30106,106,113,-7,7
30107,91,76,15,15
30108,86,90,-4,4
30109,44,53,-9,9
30110,96,93,3,3
30111,114,113,1,1
30112,83,82,1,1
30113,24,42,-18,18
30114,75,86,-11,11
30115,140,152,-12,12
30116,46,53,-7,7
30117,80,78,2,2
30118,82,109,-27,27
30119,125,131,-6,6
30120,56,61,-5,5
30121,76,75,1,1
30122,44,49,-5,5
30123,102,92,10,10
30124,146,147,-1,1
30125,46,55,-9,9
30126,80,85,-5,5
30127,117,126,-9,9
30128,85,65,20,20
30129,60,63,-3,3
30130,81,94,-13,13
30131,42,51,-9,9
30132,79,96,-17,17
30133,98,93,5,5
30134,110,113,-3,3
30135,74,71,3,3
30136,54,56,-2,2
30137,113,118,-5,5
30138,78,90,-12,12
30139,52,52,0,0
30140,449,443,6,6
30141,121,118,3,3
30142,68,61,7,7
30143,35,53,-18,18
30144,36,46,-10,10
30145,81,88,-7,7
30146,155,167,-12,12
30147,207,188,19,19
30148,105,110,-5,5
30149,66,73,-7,7
30150,105,94,11,11
30151,63,62,1,1
30152,97,91,6,6
30153,114,100,14,14
30154,69,65,4,4
30155,181,178,3,3
30156,58,64,-6,6
30157,56,60,-4,4
30158,41,55,-14,14
30159,61,67,-6,6
30160,108,108,0,0
30161,113,107,6,6
30162,46,47,-1,1
30163,85,78,7,7
30164,109,116,-7,7
30165,144,140,4,4
30166,45,76,-31,31
30167,56,58,-2,2
30168,71,69,2,2
30169,83,75,8,8
30170,72,77,-5,5
30171,92,94,-2,2
30172,97,119,-22,22
30173,52,56,-4,4
30174,135,145,-10,10
30175,69,73,-4,4
30176,88,92,-4,4
30177,79,69,10,10
30178,74,77,-3,3
30179,74,78,-4,4
30180,102,100,2,2
30181,154,145,9,9
30182,225,209,16,16
30183,98,90,8,8
30184,77,82,-5,5
30185,164,148,16,16
30186,144,116,28,28
30187,75,72,3,3
30188,142,160,-18,18
30189,115,119,-4,4
30190,81,81,0,0
30191,103,113,-10,10
30192,94,101,-7,7
30193,76,56,20,20
30194,50,71,-21,21
30195,108,119,-11,11
30196,146,140,6,6
30197,90,88,2,2
30198,129,133,-4,4
30199,74,112,-38,38
30200,105,88,17,17
30201,91,93,-2,2
30202,121,134,-13,13
30203,109,105,4,4
30204,85,105,-20,20
30205,111,117,-6,6
30206,136,129,7,7
30207,74,74,0,0
30208,89,100,-11,11
30209,102,100,2,2
30210,63,57,6,6
30211,113,111,2,2
30212,92,81,11,11
30213,87,87,0,0
30214,98,100,-2,2
30215,111,101,10,10
30216,116,111,5,5
30217,133,121,12,12
30218,160,140,20,20
30219,86,74,12,12
30220,132,120,12,12
30221,110,106,4,4
30222,53,46,7,7
30223,95,97,-2,2
30224,88,86,2,2
30225,56,59,-3,3
30226,75,80,-5,5
30227,76,77,-1,1
30228,47,50,-3,3
30229,96,89,7,7
30230,39,63,-24,24
30231,159,157,2,2
30232,61,65,-4,4
30233,53,57,-4,4
30234,84,89,-5,5
30235,85,75,10,10
30236,82,87,-5,5
30237,88,91,-3,3
30238,87,84,3,3
30239,111,117,-6,6
30240,161,152,9,9
30241,131,112,19,19
30242,89,81,8,8
30243,156,156,0,0
30244,61,66,-5,5
30245,94,102,-8,8
30246,102,94,8,8
30247,167,173,-6,6
30248,182,181,1,1
30249,59,60,-1,1
30250,162,160,2,2
30251,132,130,2,2
30252,66,61,5,5
30253,88,93,-5,5
30254,106,85,21,21
30255,59,56,3,3
30256,86,107,-21,21
30257,45,56,-11,11
30258,42,54,-12,12
30259,54,49,5,5
30260,79,81,-2,2
30261,139,123,16,16
30262,98,103,-5,5
30263,113,126,-13,13
30264,87,89,-2,2
30265,55,61,-6,6
30266,47,55,-8,8
30267,93,99,-6,6
30268,55,63,-8,8
30269,113,147,-34,34
30270,87,86,1,1
30271,138,147,-9,9
30272,106,96,10,10
30273,76,86,-10,10
30274,89,80,9,9
30275,90,97,-7,7
30276,119,118,1,1
30277,106,108,-2,2
30278,89,90,-1,1
30279,80,81,-1,1
30280,77,80,-3,3
30281,138,133,5,5
30282,99,90,9,9
30283,70,75,-5,5
30284,107,109,-2,2
30285,64,67,-3,3
30286,123,119,4,4
30287,75,80,-5,5
30288,46,56,-10,10
30289,94,95,-1,1
30290,68,71,-3,3
30291,116,133,-17,17
30292,68,82,-14,14
30293,42,49,-7,7
30294,74,64,10,10
30295,102,109,-7,7
30296,111,107,4,4
30297,102,112,-10,10
30298,155,194,-39,39
30299,97,104,-7,7
30300,75,82,-7,7
30301,158,185,-27,27
30302,66,53,13,13
30303,72,75,-3,3
30304,197,162,35,35
30305,133,114,19,19
30306,103,112,-9,9
30307,119,118,1,1
30308,88,97,-9,9
30309,56,66,-10,10
30310,59,61,-2,2
30311,73,84,-11,11
30312,100,101,-1,1
30313,83,95,-12,12
30314,104,110,-6,6
30315,91,98,-7,7
30316,86,86,0,0
30317,62,62,0,0
30318,90,100,-10,10
30319,79,71,8,8
30320,127,126,1,1
30321,108,113,-5,5
30322,38,51,-13,13
30323,63,78,-15,15
30324,55,59,-4,4
30325,111,99,12,12
30326,53,58,-5,5
30327,77,78,-1,1
30328,143,153,-10,10
30329,136,133,3,3
30330,47,54,-7,7
30331,85,81,4,4
30332,96,101,-5,5
30333,87,83,4,4
30334,87,92,-5,5
30335,144,129,15,15
30336,105,100,5,5
30337,96,108,-12,12
30338,78,76,2,2
30339,140,155,-15,15
30340,69,64,5,5
30341,41,53,-12,12
30342,73,84,-11,11
30343,75,80,-5,5
30344,54,57,-3,3
30345,71,84,-13,13
30346,92,102,-10,10
30347,78,65,13,13
30348,106,106,0,0
30349,77,78,-1,1
30350,74,83,-9,9
30351,59,56,3,3
30352,94,104,-10,10
30353,86,87,-1,1
30354,102,119,-17,17
30355,87,89,-2,2
30356,121,123,-2,2
30357,75,72,3,3
30358,108,108,0,0
30359,174,146,28,28
30360,119,118,1,1
30361,84,90,-6,6
30362,98,99,-1,1
30363,84,93,-9,9
30364,89,83,6,6
30365,87,74,13,13
30366,43,53,-10,10
30367,95,110,-15,15
30368,62,65,-3,3
30369,97,105,-8,8
30370,110,114,-4,4
30371,102,107,-5,5
30372,95,96,-1,1
30373,84,87,-3,3
30374,88,87,1,1
30375,101,107,-6,6
30376,154,156,-2,2
30377,159,146,13,13
30378,103,100,3,3
30379,75,76,-1,1
30380,119,109,10,10
30381,27,44,-17,17
30382,77,82,-5,5
30383,169,148,21,21
30384,151,141,10,10
30385,72,64,8,8
30386,145,126,19,19
30387,62,72,-10,10
30388,52,76,-24,24
30389,69,75,-6,6
30390,74,76,-2,2
30391,102,100,2,2
30392,91,99,-8,8
30393,93,85,8,8
30394,81,85,-4,4
30395,137,133,4,4
30396,157,142,15,15
30397,48,51,-3,3
30398,122,124,-2,2
30399,64,62,2,2
30400,175,170,5,5
30401,74,78,-4,4
30402,47,47,0,0
30403,103,105,-2,2
30404,88,92,-4,4
30405,64,78,-14,14
30406,94,83,11,11
30407,111,113,-2,2
30408,209,169,40,40
30409,80,75,5,5
30410,108,115,-7,7
30411,103,101,2,2
30412,93,111,-18,18
30413,86,84,2,2
30414,105,107,-2,2
30415,110,112,-2,2
30416,82,84,-2,2
30417,69,66,3,3
30418,43,48,-5,5
30419,74,81,-7,7
30420,131,125,6,6
30421,137,151,-14,14
30422,110,90,20,20
30423,61,68,-7,7
30424,90,87,3,3
30425,78,82,-4,4
30426,82,90,-8,8
30427,82,84,-2,2
30428,66,69,-3,3
30429,136,137,-1,1
30430,112,111,1,1
30431,71,75,-4,4
30432,114,126,-12,12
30433,105,154,-49,49
30434,93,86,7,7
30435,122,134,-12,12
30436,167,173,-6,6
30437,67,55,12,12
30438,62,76,-14,14
30439,116,105,11,11
30440,120,108,12,12
30441,126,121,5,5
30442,110,109,1,1
30443,85,87,-2,2
30444,124,129,-5,5
30445,129,139,-10,10
30446,99,120,-21,21
30447,172,159,13,13
30448,76,79,-3,3
30449,64,62,2,2
30450,138,129,9,9
30451,59,61,-2,2
30452,123,120,3,3
30453,140,102,38,38
30454,67,67,0,0
30455,211,203,8,8
30456,155,144,11,11
30457,84,99,-15,15
30458,125,124,1,1
30459,72,73,-1,1
30460,121,120,1,1
30461,121,124,-3,3
30462,141,132,9,9
30463,67,65,2,2
30464,73,102,-29,29
30465,107,115,-8,8
30466,72,62,10,10
30467,65,67,-2,2
30468,82,80,2,2
30469,87,77,10,10
30470,87,95,-8,8
30471,52,57,-5,5
30472,84,80,4,4
30473,81,82,-1,1
30474,75,86,-11,11
30475,126,127,-1,1
30476,45,55,-10,10
30477,48,55,-7,7
30478,77,85,-8,8
30479,150,138,12,12
30480,100,105,-5,5
30481,128,146,-18,18
30482,86,86,0,0
30483,72,62,10,10
30484,108,107,1,1
30485,61,46,15,15
30486,121,129,-8,8
30487,132,133,-1,1
30488,112,113,-1,1
30489,148,158,-10,10
30490,89,105,-16,16
30491,47,58,-11,11
30492,75,79,-4,4
30493,113,129,-16,16
30494,82,94,-12,12
30495,82,87,-5,5
30496,155,132,23,23
30497,114,106,8,8
30498,85,88,-3,3
30499,97,104,-7,7
30500,117,112,5,5
30501,57,68,-11,11
30502,121,123,-2,2
30503,50,57,-7,7
30504,32,69,-37,37
30505,126,116,10,10
30506,85,92,-7,7
30507,45,62,-17,17
30508,105,93,12,12
30509,84,85,-1,1
30510,99,98,1,1
30511,129,103,26,26
30512,115,117,-2,2
30513,127,126,1,1
30514,42,71,-29,29
30515,86,97,-11,11
30516,106,104,2,2
30517,108,113,-5,5
30518,143,144,-1,1
30519,98,106,-8,8
30520,131,107,24,24
30521,117,126,-9,9
30522,82,70,12,12
30523,79,79,0,0
30524,58,60,-2,2
30525,96,92,4,4
30526,105,93,12,12
30527,103,116,-13,13
30528,72,89,-17,17
30529,108,122,-14,14
30530,155,154,1,1
30531,164,156,8,8
30532,60,62,-2,2
30533,130,126,4,4
30534,123,126,-3,3
30535,104,123,-19,19
30536,79,81,-2,2
30537,136,131,5,5
30538,130,133,-3,3
30539,135,118,17,17
30540,77,76,1,1
30541,136,124,12,12
30542,107,83,24,24
30543,127,118,9,9
30544,116,130,-14,14
30545,132,126,6,6
30546,88,83,5,5
30547,74,87,-13,13
30548,71,80,-9,9
30549,53,56,-3,3
30550,57,56,1,1
30551,189,190,-1,1
30552,49,56,-7,7
30553,124,122,2,2
30554,127,123,4,4
30555,45,54,-9,9
30556,110,117,-7,7
30557,104,111,-7,7
30558,82,82,0,0
30559,133,126,7,7
30560,229,206,23,23
30561,64,66,-2,2
30562,107,92,15,15
30563,109,117,-8,8
30564,174,173,1,1
30565,176,170,6,6
30566,101,91,10,10
30567,113,112,1,1
30568,139,135,4,4
30569,56,65,-9,9
30570,75,69,6,6
30571,89,89,0,0
30572,34,41,-7,7
30573,130,132,-2,2
30574,81,74,7,7
30575,103,105,-2,2
30576,99,100,-1,1
30577,136,133,3,3
30578,37,47,-10,10
30579,82,73,9,9
30580,125,134,-9,9
30581,121,113,8,8
30582,94,87,7,7
30583,67,63,4,4
30584,110,126,-16,16
30585,82,82,0,0
30586,106,121,-15,15
30587,154,128,26,26
30588,97,102,-5,5
30589,65,63,2,2
30590,81,88,-7,7
30591,53,61,-8,8
30592,123,120,3,3
30593,123,123,0,0
30594,60,59,1,1
30595,59,59,0,0
30596,71,98,-27,27
30597,154,142,12,12
30598,89,86,3,3
30599,89,86,3,3
30600,95,87,8,8
30601,78,79,-1,1
30602,79,82,-3,3
30603,132,133,-1,1
30604,124,132,-8,8
30605,125,122,3,3
30606,73,78,-5,5
30607,109,110,-1,1
30608,84,93,-9,9
30609,114,118,-4,4
30610,98,102,-4,4
30611,229,197,32,32
30612,118,126,-8,8
30613,105,110,-5,5
30614,56,61,-5,5
30615,86,84,2,2
30616,72,72,0,0
30617,144,170,-26,26
30618,151,136,15,15
30619,91,89,2,2
30620,134,137,-3,3
30621,142,138,4,4
30622,119,115,4,4
30623,115,112,3,3
30624,122,123,-1,1
30625,121,123,-2,2
30626,145,148,-3,3
30627,151,126,25,25
30628,99,63,36,36
30629,90,82,8,8
30630,115,137,-22,22
30631,65,75,-10,10
30632,90,94,-4,4
30633,78,78,0,0
30634,65,66,-1,1
30635,77,81,-4,4
30636,64,65,-1,1
30637,204,202,2,2
30638,134,131,3,3
30639,144,144,0,0
30640,127,125,2,2
30641,88,90,-2,2
30642,61,70,-9,9
30643,118,125,-7,7
30644,91,98,-7,7
30645,143,123,20,20
30646,166,150,16,16
30647,77,78,-1,1
30648,97,95,2,2
30649,97,107,-10,10
30650,98,93,5,5
30651,71,65,6,6
30652,77,76,1,1
30653,145,140,5,5
30654,127,131,-4,4
30655,144,143,1,1
30656,128,121,7,7
30657,148,144,4,4
30658,67,69,-2,2
30659,147,148,-1,1
30660,85,97,-12,12
30661,98,103,-5,5
30662,72,79,-7,7
30663,74,68,6,6
30664,111,110,1,1
30665,80,78,2,2
30666,73,72,1,1
30667,79,86,-7,7
30668,90,81,9,9
30669,104,89,15,15
30670,70,72,-2,2
30671,99,106,-7,7
30672,64,67,-3,3
30673,68,75,-7,7
30674,96,94,2,2
30675,44,50,-6,6
30676,84,85,-1,1
30677,81,79,2,2
30678,152,135,17,17
30679,69,73,-4,4
30680,86,105,-19,19
30681,89,85,4,4
30682,151,154,-3,3
30683,80,93,-13,13
30684,97,103,-6,6
30685,55,55,0,0
30686,126,126,0,0
30687,110,122,-12,12
30688,112,123,-11,11
30689,156,149,7,7
30690,52,40,12,12
30691,88,92,-4,4
30692,98,102,-4,4
30693,131,119,12,12
30694,114,117,-3,3
30695,154,154,0,0
30696,52,52,0,0
30697,134,137,-3,3
30698,60,62,-2,2
30699,68,69,-1,1
30700,119,125,-6,6
30701,61,91,-30,30
30702,94,117,-23,23
30703,98,94,4,4
30704,103,109,-6,6
30705,120,122,-2,2
30706,97,102,-5,5
30707,126,112,14,14
30708,103,104,-1,1
30709,97,100,-3,3
30710,89,89,0,0
30711,69,65,4,4
30712,58,67,-9,9
30713,109,104,5,5
30714,91,86,5,5
30715,76,80,-4,4
30716,206,173,33,33
30717,109,100,9,9
30718,167,176,-9,9
30719,124,116,8,8
30720,68,66,2,2
30721,162,139,23,23
30722,92,93,-1,1
30723,160,168,-8,8
30724,107,101,6,6
30725,104,93,11,11
30726,72,73,-1,1
30727,59,66,-7,7
30728,102,87,15,15
30729,110,125,-15,15
30730,71,78,-7,7
30731,96,92,4,4
30732,117,110,7,7
30733,67,74,-7,7
30734,64,91,-27,27
30735,111,111,0,0
30736,54,57,-3,3
30737,70,76,-6,6
30738,89,89,0,0
30739,125,120,5,5
30740,81,94,-13,13
30741,132,122,10,10
30742,122,125,-3,3
30743,83,89,-6,6
30744,49,65,-16,16
30745,134,133,1,1
30746,86,88,-2,2
30747,87,87,0,0
30748,113,120,-7,7
30749,147,149,-2,2
30750,57,67,-10,10
30751,81,87,-6,6
30752,84,91,-7,7
30753,130,118,12,12
30754,103,101,2,2
30755,57,58,-1,1
30756,58,65,-7,7
30757,147,138,9,9
30758,136,127,9,9
30759,78,89,-11,11
30760,92,93,-1,1
30761,69,78,-9,9
30762,151,137,14,14
30763,155,147,8,8
30764,80,77,3,3
30765,71,73,-2,2
30766,113,161,-48,48
30767,129,106,23,23
30768,113,124,-11,11
30769,82,91,-9,9
30770,69,54,15,15
30771,95,93,2,2
30772,86,86,0,0
30773,86,90,-4,4
30774,73,70,3,3
30775,84,89,-5,5
30776,99,101,-2,2
30777,159,135,24,24
30778,94,96,-2,2
30779,93,96,-3,3
30780,52,58,-6,6
30781,92,94,-2,2
30782,77,88,-11,11
30783,83,93,-10,10
30784,145,159,-14,14
30785,89,85,4,4
30786,98,90,8,8
30787,128,132,-4,4
30788,70,82,-12,12
30789,85,85,0,0
30790,94,98,-4,4
30791,63,70,-7,7
30792,120,115,5,5
30793,93,102,-9,9
30794,113,109,4,4
30795,164,133,31,31
30796,121,112,9,9
30797,61,58,3,3
30798,100,58,42,42
30799,67,60,7,7
30800,107,113,-6,6
30801,56,57,-1,1
30802,79,80,-1,1
30803,116,151,-35,35
30804,139,128,11,11
30805,112,114,-2,2
30806,92,97,-5,5
30807,108,107,1,1
30808,124,138,-14,14
30809,158,156,2,2
30810,106,113,-7,7
30811,132,130,2,2
30812,100,83,17,17
30813,64,103,-39,39
30814,128,112,16,16
30815,53,51,2,2
30816,54,57,-3,3
30817,81,76,5,5
30818,67,74,-7,7
30819,97,124,-27,27
30820,129,117,12,12
30821,122,109,13,13
30822,139,138,1,1
30823,44,49,-5,5
30824,131,130,1,1
30825,67,75,-8,8
30826,115,118,-3,3
30827,53,55,-2,2
30828,84,84,0,0
30829,124,121,3,3
30830,74,68,6,6
30831,104,107,-3,3
30832,70,77,-7,7
30833,112,121,-9,9
30834,90,83,7,7
30835,83,115,-32,32
30836,71,71,0,0
30837,81,81,0,0
30838,124,145,-21,21
30839,161,174,-13,13
30840,52,54,-2,2
30841,78,91,-13,13
30842,57,56,1,1
30843,113,113,0,0
30844,105,99,6,6
30845,119,122,-3,3
30846,48,61,-13,13
30847,123,200,-77,77
30848,96,107,-11,11
30849,124,116,8,8
30850,129,133,-4,4
30851,125,136,-11,11
30852,104,107,-3,3
30853,117,118,-1,1
30854,151,149,2,2
30855,125,117,8,8
30856,87,97,-10,10
30857,71,74,-3,3
30858,58,61,-3,3
30859,127,139,-12,12
30860,143,140,3,3
30861,78,81,-3,3
30862,114,131,-17,17
30863,49,59,-10,10
30864,86,89,-3,3
30865,81,89,-8,8
30866,85,86,-1,1
30867,158,141,17,17
30868,57,56,1,1
30869,109,105,4,4
30870,95,91,4,4
30871,45,51,-6,6
30872,76,82,-6,6
30873,83,86,-3,3
30874,100,108,-8,8
30875,65,81,-16,16
30876,76,82,-6,6
30877,47,59,-12,12
30878,70,65,5,5
30879,157,161,-4,4
30880,204,172,32,32
30881,88,90,-2,2
30882,93,93,0,0
30883,53,58,-5,5
30884,97,103,-6,6
30885,84,88,-4,4
30886,66,75,-9,9
30887,73,82,-9,9
30888,64,75,-11,11
30889,102,93,9,9
30890,56,51,5,5
30891,73,74,-1,1
30892,78,92,-14,14
30893,64,74,-10,10
30894,89,95,-6,6
30895,108,108,0,0
30896,79,84,-5,5
30897,99,100,-1,1
30898,104,104,0,0
30899,174,162,12,12
30900,76,87,-11,11
30901,67,73,-6,6
30902,103,104,-1,1
30903,72,70,2,2
30904,65,82,-17,17
30905,79,82,-3,3
30906,39,70,-31,31
30907,42,49,-7,7
30908,43,56,-13,13
30909,130,116,14,14
30910,56,57,-1,1
30911,67,74,-7,7
30912,61,67,-6,6
30913,79,66,13,13
30914,122,112,10,10
30915,121,125,-4,4
30916,87,73,14,14
30917,95,103,-8,8
30918,76,77,-1,1
30919,98,91,7,7
30920,149,150,-1,1
30921,37,48,-11,11
30922,91,86,5,5
30923,99,92,7,7
30924,64,68,-4,4
30925,113,125,-12,12
30926,82,84,-2,2
30927,71,63,8,8
30928,103,109,-6,6
30929,58,62,-4,4
30930,112,112,0,0
30931,61,63,-2,2
30932,60,67,-7,7
30933,118,127,-9,9
30934,48,59,-11,11
30935,86,75,11,11
30936,61,69,-8,8
30937,123,115,8,8
30938,151,147,4,4
30939,50,56,-6,6
30940,123,129,-6,6
30941,186,195,-9,9
30942,59,66,-7,7
30943,141,137,4,4
30944,130,150,-20,20
30945,83,74,9,9
30946,63,66,-3,3
30947,168,147,21,21
30948,88,81,7,7
30949,49,62,-13,13
30950,47,62,-15,15
30951,81,84,-3,3
30952,176,150,26,26
30953,58,62,-4,4
30954,48,49,-1,1
30955,117,120,-3,3
30956,115,109,6,6
30957,120,103,17,17
30958,90,95,-5,5
30959,46,58,-12,12
30960,113,127,-14,14
30961,64,74,-10,10
30962,126,123,3,3
30963,153,143,10,10
30964,114,110,4,4
30965,182,166,16,16
30966,114,113,1,1
30967,91,86,5,5
30968,116,107,9,9
30969,135,123,12,12
30970,70,68,2,2
30971,80,76,4,4
30972,50,61,-11,11
30973,90,92,-2,2
30974,50,47,3,3
30975,144,128,16,16
30976,77,88,-11,11
30977,81,60,21,21
30978,41,53,-12,12
30979,80,82,-2,2
30980,97,92,5,5
30981,65,66,-1,1
30982,70,72,-2,2
30983,176,178,-2,2
30984,143,150,-7,7
30985,79,83,-4,4
30986,122,99,23,23
30987,135,135,0,0
30988,85,88,-3,3
30989,50,67,-17,17
30990,88,87,1,1
30991,120,106,14,14
30992,134,122,12,12
30993,74,56,18,18
30994,86,95,-9,9
30995,95,92,3,3
30996,56,60,-4,4
30997,92,94,-2,2
30998,86,88,-2,2
30999,70,82,-12,12
31000,81,75,6,6
31001,113,103,10,10
31002,99,93,6,6
31003,77,85,-8,8
31004,31,37,-6,6
31005,99,96,3,3
31006,85,89,-4,4
31007,80,89,-9,9
31008,92,92,0,0
31009,56,59,-3,3
31010,139,156,-17,17
31011,51,52,-1,1
31012,36,48,-12,12
31013,126,120,6,6
31014,76,78,-2,2
31015,96,119,-23,23
31016,87,88,-1,1
31017,117,120,-3,3
31018,102,108,-6,6
31019,89,96,-7,7
31020,107,94,13,13
31021,79,74,5,5
31022,89,95,-6,6
31023,67,62,5,5
31024,114,112,2,2
31025,69,75,-6,6
31026,115,100,15,15
31027,168,146,22,22
31028,84,68,16,16
31029,79,47,32,32
31030,133,132,1,1
31031,123,115,8,8
31032,102,112,-10,10
31033,123,120,3,3
31034,97,79,18,18
31035,89,91,-2,2
31036,92,98,-6,6
31037,171,146,25,25
31038,72,68,4,4
31039,92,109,-17,17
31040,54,61,-7,7
31041,113,113,0,0
31042,110,103,7,7
31043,64,66,-2,2
31044,64,63,1,1
31045,69,63,6,6
31046,81,83,-2,2
31047,101,109,-8,8
31048,92,91,1,1
31049,85,100,-15,15
31050,58,62,-4,4
31051,124,115,9,9
31052,81,83,-2,2
31053,108,99,9,9
31054,93,84,9,9
31055,70,69,1,1
31056,119,102,17,17
31057,65,60,5,5
31058,90,80,10,10
31059,53,47,6,6
31060,73,77,-4,4
31061,52,80,-28,28
31062,97,94,3,3
31063,118,115,3,3
31064,95,100,-5,5
31065,89,93,-4,4
31066,66,64,2,2
31067,75,88,-13,13
31068,107,99,8,8
31069,63,64,-1,1
31070,148,142,6,6
31071,110,113,-3,3
31072,96,113,-17,17
31073,123,125,-2,2
31074,123,123,0,0
31075,106,101,5,5
31076,101,101,0,0
31077,105,101,4,4
31078,94,111,-17,17
31079,53,74,-21,21
31080,53,63,-10,10
31081,116,122,-6,6
31082,122,131,-9,9
31083,96,96,0,0
31084,117,110,7,7
31085,105,92,13,13
31086,74,79,-5,5
31087,43,57,-14,14
31088,110,100,10,10
31089,71,70,1,1
31090,72,71,1,1
31091,109,105,4,4
31092,142,135,7,7
31093,69,66,3,3
31094,127,143,-16,16
31095,113,126,-13,13
31096,61,62,-1,1
31097,108,107,1,1
31098,83,78,5,5
31099,58,63,-5,5
31100,107,98,9,9
31101,108,111,-3,3
31102,97,95,2,2
31103,101,100,1,1
31104,101,109,-8,8
31105,123,111,12,12
31106,68,74,-6,6
31107,89,88,1,1
31108,47,53,-6,6
31109,128,120,8,8
31110,117,105,12,12
31111,94,87,7,7
31112,111,102,9,9
31113,51,56,-5,5
31114,65,77,-12,12
31115,79,88,-9,9
31116,140,148,-8,8
31117,152,139,13,13
31118,108,112,-4,4
31119,115,111,4,4
31120,78,98,-20,20
31121,100,104,-4,4
31122,69,62,7,7
31123,127,124,3,3
31124,64,61,3,3
31125,148,154,-6,6
31126,105,85,20,20
31127,123,119,4,4
31128,56,63,-7,7
31129,60,77,-17,17
31130,100,97,3,3
31131,77,106,-29,29
31132,89,119,-30,30
31133,63,73,-10,10
31134,70,75,-5,5
31135,74,72,2,2
31136,74,85,-11,11
31137,149,139,10,10
31138,60,65,-5,5
31139,115,168,-53,53
31140,65,68,-3,3
31141,95,90,5,5
31142,126,137,-11,11
31143,84,92,-8,8
31144,114,98,16,16
31145,130,120,10,10
31146,117,114,3,3
31147,135,135,0,0
31148,110,118,-8,8
31149,74,70,4,4
31150,91,40,51,51
31151,102,94,8,8
31152,76,77,-1,1
31153,81,74,7,7
31154,117,110,7,7
31155,58,65,-7,7
31156,52,71,-19,19
31157,44,61,-17,17
31158,126,132,-6,6
31159,102,101,1,1
31160,68,64,4,4
31161,96,105,-9,9
31162,116,108,8,8
31163,96,96,0,0
31164,44,55,-11,11
31165,49,54,-5,5
31166,109,116,-7,7
31167,40,52,-12,12
31168,84,109,-25,25
31169,57,62,-5,5
31170,85,96,-11,11
31171,44,52,-8,8
31172,77,76,1,1
31173,70,86,-16,16
31174,63,67,-4,4
31175,75,66,9,9
31176,88,93,-5,5
31177,98,93,5,5
31178,66,83,-17,17
31179,78,72,6,6
31180,95,110,-15,15
31181,99,132,-33,33
31182,20,96,-76,76
31183,88,94,-6,6
31184,165,152,13,13
31185,127,124,3,3
31186,55,65,-10,10
31187,145,144,1,1
31188,72,71,1,1
31189,84,81,3,3
31190,62,67,-5,5
31191,107,103,4,4
31192,113,96,17,17
31193,64,58,6,6
31194,132,120,12,12
31195,80,76,4,4
31196,64,66,-2,2
31197,58,63,-5,5
31198,53,69,-16,16
31199,101,102,-1,1
31200,97,90,7,7
31201,93,93,0,0
31202,87,76,11,11
31203,78,78,0,0
31204,70,61,9,9
31205,119,86,33,33
31206,66,66,0,0
31207,82,97,-15,15
31208,117,101,16,16
31209,106,106,0,0
31210,79,77,2,2
31211,129,160,-31,31
31212,95,90,5,5
31213,66,80,-14,14
31214,63,62,1,1
31215,128,86,42,42
31216,86,74,12,12
31217,87,89,-2,2
31218,115,86,29,29
31219,126,127,-1,1
31220,66,107,-41,41
31221,138,146,-8,8
31222,118,104,14,14
31223,105,107,-2,2
31224,59,64,-5,5
31225,51,61,-10,10
31226,45,63,-18,18
31227,79,76,3,3
31228,103,99,4,4
31229,86,111,-25,25
31230,63,62,1,1
31231,104,106,-2,2
31232,144,151,-7,7
31233,160,146,14,14
31234,55,62,-7,7
31235,83,72,11,11
31236,104,111,-7,7
31237,61,63,-2,2
31238,92,81,11,11
31239,72,78,-6,6
31240,103,99,4,4
31241,192,166,26,26
31242,89,89,0,0
31243,76,81,-5,5
31244,70,75,-5,5
31245,81,74,7,7
31246,96,95,1,1
31247,120,115,5,5
31248,88,91,-3,3
31249,81,76,5,5
31250,91,93,-2,2
31251,104,96,8,8
31252,71,77,-6,6
31253,51,50,1,1
31254,138,124,14,14
31255,88,68,20,20
31256,64,78,-14,14
31257,108,110,-2,2
31258,120,116,4,4
31259,78,106,-28,28
31260,158,150,8,8
31261,185,172,13,13
31262,168,172,-4,4
31263,96,102,-6,6
31264,100,78,22,22
31265,48,110,-62,62
31266,80,80,0,0
31267,49,57,-8,8
31268,108,112,-4,4
31269,71,76,-5,5
31270,111,113,-2,2
31271,75,85,-10,10
31272,117,115,2,2
31273,156,148,8,8
31274,111,108,3,3
31275,108,119,-11,11
31276,54,60,-6,6
31277,83,89,-6,6
31278,91,92,-1,1
31279,53,63,-10,10
31280,46,57,-11,11
31281,39,49,-10,10
31282,97,111,-14,14
31283,97,116,-19,19
31284,93,90,3,3
31285,173,170,3,3
31286,76,78,-2,2
31287,146,135,11,11
31288,128,139,-11,11
31289,81,82,-1,1
31290,90,96,-6,6
31291,109,108,1,1
31292,123,99,24,24
31293,100,100,0,0
31294,77,77,0,0
31295,77,84,-7,7
31296,109,117,-8,8
31297,85,77,8,8
31298,94,95,-1,1
31299,57,59,-2,2
31300,51,55,-4,4
31301,50,63,-13,13
31302,80,83,-3,3
31303,73,68,5,5
31304,68,78,-10,10
31305,153,146,7,7
31306,120,129,-9,9
31307,99,103,-4,4
31308,97,91,6,6
31309,82,89,-7,7
31310,85,98,-13,13
31311,84,82,2,2
31312,93,98,-5,5
31313,55,62,-7,7
31314,53,60,-7,7
31315,148,133,15,15
31316,115,105,10,10
31317,116,121,-5,5
31318,109,94,15,15
31319,72,75,-3,3
31320,85,94,-9,9
31321,78,72,6,6
31322,133,124,9,9
31323,89,80,9,9
31324,53,66,-13,13
31325,145,176,-31,31
31326,75,68,7,7
31327,60,64,-4,4
31328,71,74,-3,3
31329,62,66,-4,4
31330,165,155,10,10
31331,51,39,12,12
31332,146,161,-15,15
31333,64,65,-1,1
31334,75,82,-7,7
31335,79,73,6,6
31336,85,91,-6,6
31337,100,109,-9,9
31338,119,114,5,5
31339,106,118,-12,12
31340,79,66,13,13
31341,163,162,1,1
31342,121,127,-6,6
31343,66,67,-1,1
31344,114,111,3,3
31345,77,88,-11,11
31346,57,77,-20,20
31347,87,92,-5,5
31348,86,84,2,2
31349,71,85,-14,14
31350,124,121,3,3
31351,65,63,2,2
31352,111,114,-3,3
31353,62,72,-10,10
31354,94,90,4,4
31355,76,77,-1,1
31356,122,142,-20,20
31357,136,154,-18,18
31358,76,72,4,4
31359,82,93,-11,11
31360,62,66,-4,4
31361,65,63,2,2
31362,63,72,-9,9
31363,50,55,-5,5
31364,56,72,-16,16
31365,80,85,-5,5
31366,95,91,4,4
31367,94,101,-7,7
31368,90,87,3,3
31369,116,104,12,12
31370,113,104,9,9
31371,70,70,0,0
31372,31,41,-10,10
31373,70,73,-3,3
31374,72,64,8,8
31375,92,94,-2,2
31376,82,78,4,4
31377,58,60,-2,2
31378,104,114,-10,10
31379,75,83,-8,8
31380,90,96,-6,6
31381,130,126,4,4
31382,126,138,-12,12
31383,89,85,4,4
31384,108,109,-1,1
31385,51,62,-11,11
31386,132,135,-3,3
31387,91,82,9,9
31388,109,120,-11,11
31389,103,124,-21,21
31390,87,80,7,7
31391,123,122,1,1
31392,109,104,5,5
31393,77,98,-21,21
31394,96,99,-3,3
31395,82,78,4,4
31396,111,115,-4,4
31397,72,72,0,0
31398,117,106,11,11
31399,117,109,8,8
31400,137,126,11,11
31401,107,93,14,14
31402,91,93,-2,2
31403,110,104,6,6
31404,76,83,-7,7
31405,83,79,4,4
31406,142,134,8,8
31407,97,98,-1,1
31408,54,51,3,3
31409,71,71,0,0
31410,91,100,-9,9
31411,100,98,2,2
31412,47,56,-9,9
31413,114,95,19,19
31414,65,62,3,3
31415,33,28,5,5
31416,88,90,-2,2
31417,102,102,0,0
31418,72,85,-13,13
31419,95,98,-3,3
31420,100,99,1,1
31421,200,210,-10,10
31422,147,124,23,23
31423,98,111,-13,13
31424,111,105,6,6
31425,105,107,-2,2
31426,89,95,-6,6
31427,108,111,-3,3
31428,35,64,-29,29
31429,54,61,-7,7
31430,124,122,2,2
31431,90,83,7,7
31432,130,120,10,10
31433,138,133,5,5
31434,143,135,8,8
31435,74,77,-3,3
31436,47,70,-23,23
31437,64,70,-6,6
31438,174,191,-17,17
31439,96,91,5,5
31440,132,122,10,10
31441,66,66,0,0
31442,105,108,-3,3
31443,128,135,-7,7
31444,99,98,1,1
31445,70,66,4,4
31446,62,62,0,0
31447,78,71,7,7
31448,93,94,-1,1
31449,89,75,14,14
31450,104,122,-18,18
31451,74,68,6,6
31452,102,84,18,18
31453,58,55,3,3
31454,89,92,-3,3
31455,84,74,10,10
31456,128,122,6,6
31457,91,85,6,6
31458,80,72,8,8
31459,84,99,-15,15
31460,100,109,-9,9
31461,115,109,6,6
31462,92,95,-3,3
31463,155,147,8,8
31464,175,162,13,13
31465,79,76,3,3
31466,70,62,8,8
31467,64,72,-8,8
31468,111,120,-9,9
31469,83,80,3,3
31470,92,95,-3,3
31471,153,142,11,11
31472,138,126,12,12
31473,90,122,-32,32
31474,104,115,-11,11
31475,52,55,-3,3
31476,72,68,4,4
31477,76,86,-10,10
31478,69,70,-1,1
31479,145,131,14,14
31480,67,66,1,1
31481,79,73,6,6
31482,103,92,11,11
31483,145,144,1,1
31484,86,92,-6,6
31485,112,110,2,2
31486,130,81,49,49
31487,173,143,30,30
31488,75,75,0,0
31489,195,174,21,21
31490,93,95,-2,2
31491,102,104,-2,2
31492,64,66,-2,2
31493,68,65,3,3
31494,58,59,-1,1
31495,93,81,12,12
31496,119,94,25,25
31497,54,51,3,3
31498,72,88,-16,16
31499,82,88,-6,6
31500,130,133,-3,3
31501,75,79,-4,4
31502,73,79,-6,6
31503,72,79,-7,7
31504,243,267,-24,24
31505,62,79,-17,17
31506,79,69,10,10
31507,129,140,-11,11
31508,119,120,-1,1
31509,121,125,-4,4
31510,135,134,1,1
31511,64,58,6,6
31512,84,80,4,4
31513,68,74,-6,6
31514,89,86,3,3
31515,59,59,0,0
31516,67,77,-10,10
31517,108,100,8,8
31518,55,60,-5,5
31519,161,157,4,4
31520,75,74,1,1
31521,113,116,-3,3
31522,102,90,12,12
31523,116,115,1,1
31524,134,119,15,15
31525,161,141,20,20
31526,122,116,6,6
31527,103,112,-9,9
31528,75,75,0,0
31529,162,145,17,17
31530,76,79,-3,3
31531,57,62,-5,5
31532,74,81,-7,7
31533,78,70,8,8
31534,68,62,6,6
31535,101,94,7,7
31536,66,74,-8,8
31537,61,60,1,1
31538,120,117,3,3
31539,62,57,5,5
31540,149,139,10,10
31541,85,97,-12,12
31542,126,125,1,1
31543,192,180,12,12
31544,94,86,8,8
31545,69,59,10,10
31546,99,86,13,13
31547,114,112,2,2
31548,75,73,2,2
31549,113,124,-11,11
31550,165,159,6,6
31551,133,127,6,6
31552,86,117,-31,31
31553,72,65,7,7
31554,97,83,14,14
31555,113,173,-60,60
31556,110,125,-15,15
31557,119,119,0,0
31558,60,63,-3,3
31559,72,83,-11,11
31560,110,117,-7,7
31561,151,140,11,11
31562,70,79,-9,9
31563,89,90,-1,1
31564,112,109,3,3
31565,70,73,-3,3
31566,64,64,0,0
31567,155,144,11,11
31568,103,104,-1,1
31569,115,105,10,10
31570,57,55,2,2
31571,92,105,-13,13
31572,96,91,5,5
31573,61,67,-6,6
31574,144,122,22,22
31575,75,81,-6,6
31576,138,143,-5,5
31577,103,103,0,0
31578,118,105,13,13
31579,80,85,-5,5
31580,107,101,6,6
31581,84,84,0,0
31582,87,81,6,6
31583,56,62,-6,6
31584,129,85,44,44
31585,94,94,0,0
31586,72,72,0,0
31587,193,115,78,78
31588,141,121,20,20
31589,98,101,-3,3
31590,116,129,-13,13
31591,154,148,6,6
31592,116,113,3,3
31593,75,80,-5,5
31594,107,104,3,3
31595,83,76,7,7
31596,103,118,-15,15
31597,99,97,2,2
31598,109,119,-10,10
31599,95,91,4,4
31600,85,82,3,3
31601,81,83,-2,2
31602,112,76,36,36
31603,82,91,-9,9
31604,56,56,0,0
31605,64,70,-6,6
31606,105,120,-15,15
31607,118,118,0,0
31608,82,91,-9,9
31609,96,96,0,0
31610,69,61,8,8
31611,128,124,4,4
31612,88,99,-11,11
31613,90,100,-10,10
31614,141,139,2,2
31615,75,89,-14,14
31616,108,118,-10,10
31617,153,146,7,7
31618,101,95,6,6
31619,76,81,-5,5
31620,86,97,-11,11
31621,49,50,-1,1
31622,130,139,-9,9
31623,95,94,1,1
31624,33,50,-17,17
31625,156,155,1,1
31626,49,51,-2,2
31627,89,85,4,4
31628,86,80,6,6
31629,80,76,4,4
31630,97,90,7,7
31631,59,65,-6,6
31632,153,154,-1,1
31633,51,55,-4,4
31634,88,81,7,7
31635,145,158,-13,13
31636,165,178,-13,13
31637,74,79,-5,5
31638,80,92,-12,12
31639,101,93,8,8
31640,46,54,-8,8
31641,62,68,-6,6
31642,107,102,5,5
31643,66,68,-2,2
31644,153,141,12,12
31645,75,74,1,1
31646,49,59,-10,10
31647,120,123,-3,3
31648,131,129,2,2
31649,106,110,-4,4
31650,147,136,11,11
31651,81,83,-2,2
31652,94,91,3,3
31653,57,48,9,9
31654,61,70,-9,9
31655,47,52,-5,5
31656,53,59,-6,6
31657,117,109,8,8
31658,98,68,30,30
31659,48,50,-2,2
31660,190,197,-7,7
31661,68,74,-6,6
31662,106,102,4,4
31663,57,72,-15,15
31664,131,134,-3,3
31665,132,138,-6,6
31666,74,78,-4,4
31667,125,135,-10,10
31668,86,87,-1,1
31669,49,55,-6,6
31670,95,84,11,11
31671,67,68,-1,1
31672,82,90,-8,8
31673,93,95,-2,2
31674,52,57,-5,5
31675,55,63,-8,8
31676,111,112,-1,1
31677,73,80,-7,7
31678,72,77,-5,5
31679,160,167,-7,7
31680,97,102,-5,5
31681,95,88,7,7
31682,117,94,23,23
31683,67,63,4,4
31684,55,66,-11,11
31685,103,108,-5,5
31686,108,117,-9,9
31687,82,75,7,7
31688,155,147,8,8
31689,87,64,23,23
31690,88,92,-4,4
31691,84,94,-10,10
31692,66,78,-12,12
31693,59,62,-3,3
31694,80,81,-1,1
31695,120,130,-10,10
31696,92,88,4,4
31697,36,39,-3,3
31698,89,73,16,16
31699,113,96,17,17
31700,86,89,-3,3
31701,117,137,-20,20
31702,78,74,4,4
31703,72,81,-9,9
31704,76,68,8,8
31705,76,73,3,3
31706,87,89,-2,2
31707,76,106,-30,30
31708,79,68,11,11
31709,51,48,3,3
31710,121,130,-9,9
31711,100,96,4,4
31712,83,82,1,1
31713,84,73,11,11
31714,100,116,-16,16
31715,125,124,1,1
31716,73,64,9,9
31717,59,70,-11,11
31718,79,88,-9,9
31719,76,80,-4,4
31720,108,111,-3,3
31721,64,69,-5,5
31722,101,95,6,6
31723,140,132,8,8
31724,89,90,-1,1
31725,72,66,6,6
31726,82,92,-10,10
31727,68,75,-7,7
31728,41,51,-10,10
31729,77,77,0,0
31730,150,155,-5,5
31731,121,116,5,5
31732,96,122,-26,26
31733,50,57,-7,7
31734,45,55,-10,10
31735,118,119,-1,1
31736,108,107,1,1
31737,74,79,-5,5
31738,148,148,0,0
31739,109,108,1,1
31740,53,59,-6,6
31741,69,65,4,4
31742,75,89,-14,14
31743,75,95,-20,20
31744,93,84,9,9
31745,36,47,-11,11
31746,62,68,-6,6
31747,139,136,3,3
31748,67,67,0,0
31749,199,197,2,2
31750,61,60,1,1
31751,66,67,-1,1
31752,58,61,-3,3
31753,58,73,-15,15
31754,98,102,-4,4
31755,65,62,3,3
31756,96,96,0,0
31757,105,111,-6,6
31758,44,59,-15,15
31759,116,111,5,5
31760,87,86,1,1
31761,94,71,23,23
31762,130,142,-12,12
31763,103,108,-5,5
31764,85,80,5,5
31765,94,110,-16,16
31766,78,82,-4,4
31767,120,116,4,4
31768,48,58,-10,10
31769,107,99,8,8
31770,87,96,-9,9
31771,115,117,-2,2
31772,122,115,7,7
31773,137,133,4,4
31774,19,36,-17,17
31775,90,91,-1,1
31776,45,49,-4,4
31777,53,52,1,1
31778,132,128,4,4
31779,54,59,-5,5
31780,123,138,-15,15
31781,88,109,-21,21
31782,90,74,16,16
31783,112,115,-3,3
31784,67,55,12,12
31785,50,56,-6,6
31786,65,62,3,3
31787,44,53,-9,9
31788,86,98,-12,12
31789,65,69,-4,4
31790,80,91,-11,11
31791,128,120,8,8
31792,166,135,31,31
31793,105,93,12,12
31794,77,84,-7,7
31795,113,123,-10,10
31796,82,87,-5,5
31797,94,95,-1,1
31798,123,115,8,8
31799,118,118,0,0
31800,159,163,-4,4
31801,100,82,18,18
31802,95,84,11,11
31803,128,120,8,8
31804,67,80,-13,13
31805,131,110,21,21
31806,78,81,-3,3
31807,58,57,1,1
31808,126,123,3,3
31809,136,134,2,2
31810,75,71,4,4
31811,100,103,-3,3
31812,52,50,2,2
31813,94,76,18,18
31814,64,73,-9,9
31815,65,74,-9,9
31816,85,84,1,1
31817,100,108,-8,8
31818,134,128,6,6
31819,88,97,-9,9
31820,87,92,-5,5
31821,112,122,-10,10
31822,222,219,3,3
31823,103,105,-2,2
31824,131,129,2,2
31825,143,126,17,17
31826,89,92,-3,3
31827,144,129,15,15
31828,90,85,5,5
31829,117,96,21,21
31830,41,49,-8,8
31831,161,150,11,11
31832,87,98,-11,11
31833,67,72,-5,5
31834,89,94,-5,5
31835,58,54,4,4
31836,54,55,-1,1
31837,66,61,5,5
31838,62,60,2,2
31839,46,51,-5,5
31840,116,121,-5,5
31841,146,147,-1,1
31842,153,161,-8,8
31843,110,97,13,13
31844,83,80,3,3
31845,138,134,4,4
31846,117,117,0,0
31847,86,75,11,11
31848,170,160,10,10
31849,96,104,-8,8
31850,57,55,2,2
31851,102,95,7,7
31852,96,94,2,2
31853,88,86,2,2
31854,117,121,-4,4
31855,83,99,-16,16
31856,94,106,-12,12
31857,68,81,-13,13
31858,81,73,8,8
31859,165,161,4,4
31860,93,91,2,2
31861,169,167,2,2
31862,79,84,-5,5
31863,91,86,5,5
31864,96,96,0,0
31865,107,93,14,14
31866,98,98,0,0
31867,81,75,6,6
31868,125,123,2,2
31869,111,108,3,3
31870,50,60,-10,10
31871,102,104,-2,2
31872,94,93,1,1
31873,57,62,-5,5
31874,110,110,0,0
31875,89,94,-5,5
31876,69,65,4,4
31877,116,126,-10,10
31878,135,126,9,9
31879,76,73,3,3
31880,98,87,11,11
31881,72,68,4,4
31882,68,80,-12,12
31883,77,74,3,3
31884,125,144,-19,19
31885,115,107,8,8
31886,136,133,3,3
31887,80,79,1,1
31888,82,86,-4,4
31889,76,78,-2,2
31890,82,86,-4,4
31891,138,112,26,26
31892,108,99,9,9
31893,153,145,8,8
31894,76,76,0,0
31895,100,89,11,11
31896,97,104,-7,7
31897,119,111,8,8
31898,35,47,-12,12
31899,39,51,-12,12
31900,102,105,-3,3
31901,93,108,-15,15
31902,122,114,8,8
31903,88,88,0,0
31904,84,86,-2,2
31905,207,176,31,31
31906,67,70,-3,3
31907,111,119,-8,8
31908,75,78,-3,3
31909,112,98,14,14
31910,59,65,-6,6
31911,66,60,6,6
31912,161,165,-4,4
31913,80,90,-10,10
31914,64,69,-5,5
31915,123,89,34,34
31916,123,118,5,5
31917,144,144,0,0
31918,61,67,-6,6
31919,85,73,12,12
31920,100,93,7,7
31921,100,105,-5,5
31922,65,63,2,2
31923,75,76,-1,1
31924,104,99,5,5
31925,112,133,-21,21
31926,93,93,0,0
31927,69,65,4,4
31928,58,66,-8,8
31929,120,117,3,3
31930,131,123,8,8
31931,101,96,5,5
31932,156,159,-3,3
31933,83,79,4,4
31934,62,66,-4,4
31935,94,99,-5,5
31936,87,88,-1,1
31937,182,181,1,1
31938,132,132,0,0
31939,100,97,3,3
31940,74,76,-2,2
31941,57,63,-6,6
31942,95,99,-4,4
31943,64,59,5,5
31944,99,110,-11,11
31945,102,111,-9,9
31946,144,123,21,21
31947,152,146,6,6
31948,66,66,0,0
31949,57,61,-4,4
31950,73,82,-9,9
31951,85,79,6,6
31952,111,120,-9,9
31953,78,84,-6,6
31954,87,90,-3,3
31955,58,65,-7,7
31956,125,126,-1,1
31957,98,101,-3,3
31958,127,122,5,5
31959,125,122,3,3
31960,107,110,-3,3
31961,57,61,-4,4
31962,161,154,7,7
31963,109,98,11,11
31964,110,103,7,7
31965,64,65,-1,1
31966,304,301,3,3
31967,75,76,-1,1
31968,161,166,-5,5
31969,85,87,-2,2
31970,124,105,19,19
31971,53,52,1,1
31972,98,95,3,3
31973,124,123,1,1
31974,67,65,2,2
31975,59,48,11,11
31976,115,107,8,8
31977,91,86,5,5
31978,108,115,-7,7
31979,82,93,-11,11
31980,104,94,10,10
31981,65,73,-8,8
31982,107,105,2,2
31983,140,139,1,1
31984,83,93,-10,10
31985,128,158,-30,30
31986,65,61,4,4
31987,70,76,-6,6
31988,160,168,-8,8
31989,94,93,1,1
31990,74,70,4,4
31991,99,101,-2,2
31992,105,109,-4,4
31993,65,75,-10,10
31994,46,52,-6,6
31995,72,78,-6,6
31996,53,53,0,0
31997,110,108,2,2
31998,100,96,4,4
31999,65,70,-5,5
32000,102,98,4,4
32001,128,119,9,9
32002,90,90,0,0
32003,139,155,-16,16
32004,145,137,8,8
32005,89,86,3,3
32006,68,80,-12,12
32007,64,62,2,2
32008,79,84,-5,5
32009,86,81,5,5
32010,60,65,-5,5
32011,101,98,3,3
32012,36,49,-13,13
32013,103,96,7,7
32014,52,55,-3,3
32015,152,155,-3,3
32016,80,88,-8,8
32017,142,131,11,11
32018,129,110,19,19
32019,140,122,18,18
32020,49,52,-3,3
32021,147,162,-15,15
32022,100,86,14,14
32023,59,76,-17,17
32024,106,117,-11,11
32025,88,89,-1,1
32026,86,91,-5,5
32027,106,91,15,15
32028,110,116,-6,6
32029,43,40,3,3
32030,114,123,-9,9
32031,77,71,6,6
32032,103,107,-4,4
32033,125,128,-3,3
32034,65,67,-2,2
32035,105,102,3,3
32036,98,117,-19,19
32037,132,139,-7,7
32038,119,111,8,8
32039,80,78,2,2
32040,107,109,-2,2
32041,94,92,2,2
32042,59,48,11,11
32043,109,115,-6,6
32044,144,144,0,0
32045,45,50,-5,5
32046,66,55,11,11
32047,122,133,-11,11
32048,88,86,2,2
32049,53,54,-1,1
32050,58,71,-13,13
32051,68,75,-7,7
32052,104,100,4,4
32053,129,135,-6,6
32054,55,62,-7,7
32055,80,81,-1,1
32056,100,104,-4,4
32057,64,77,-13,13
32058,150,152,-2,2
32059,80,78,2,2
32060,96,91,5,5
32061,83,84,-1,1
32062,39,52,-13,13
32063,112,96,16,16
32064,146,133,13,13
32065,91,92,-1,1
32066,77,81,-4,4
32067,121,114,7,7
32068,113,112,1,1
32069,132,142,-10,10
32070,102,101,1,1
32071,71,68,3,3
32072,81,82,-1,1
32073,60,74,-14,14
32074,112,103,9,9
32075,95,91,4,4
32076,116,117,-1,1
32077,85,91,-6,6
32078,116,131,-15,15
32079,107,116,-9,9
32080,156,144,12,12
32081,84,89,-5,5
32082,77,83,-6,6
32083,111,101,10,10
32084,61,79,-18,18
32085,124,131,-7,7
32086,106,92,14,14
32087,116,116,0,0
32088,64,70,-6,6
32089,108,107,1,1
32090,76,74,2,2
32091,72,80,-8,8
32092,75,71,4,4
32093,66,62,4,4
32094,128,137,-9,9
32095,189,147,42,42
32096,120,118,2,2
32097,64,68,-4,4
32098,141,138,3,3
32099,96,93,3,3
32100,170,166,4,4
32101,83,89,-6,6
32102,101,95,6,6
32103,81,91,-10,10
32104,43,44,-1,1
32105,150,139,11,11
32106,70,55,15,15
32107,89,86,3,3
32108,115,115,0,0
32109,103,101,2,2
32110,54,75,-21,21
32111,63,61,2,2
32112,127,133,-6,6
32113,96,78,18,18
32114,79,96,-17,17
32115,83,80,3,3
32116,108,106,2,2
32117,116,114,2,2
32118,121,119,2,2
32119,127,117,10,10
32120,109,105,4,4
32121,96,101,-5,5
32122,82,74,8,8
32123,103,135,-32,32
32124,142,146,-4,4
32125,161,153,8,8
32126,126,127,-1,1
32127,78,76,2,2
32128,157,160,-3,3
32129,63,68,-5,5
32130,64,60,4,4
32131,90,97,-7,7
32132,95,95,0,0
32133,146,154,-8,8
32134,56,61,-5,5
32135,48,60,-12,12
32136,68,65,3,3
32137,94,100,-6,6
32138,87,78,9,9
32139,122,103,19,19
32140,126,98,28,28
32141,55,52,3,3
32142,61,69,-8,8
32143,89,96,-7,7
32144,62,73,-11,11
32145,71,75,-4,4
32146,87,90,-3,3
32147,39,37,2,2
32148,123,126,-3,3
32149,79,78,1,1
32150,109,109,0,0
32151,101,109,-8,8
32152,107,90,17,17
32153,114,113,1,1
32154,81,92,-11,11
32155,167,165,2,2
32156,71,71,0,0
32157,65,70,-5,5
32158,76,74,2,2
32159,94,97,-3,3
32160,162,136,26,26
32161,86,99,-13,13
32162,162,159,3,3
32163,50,62,-12,12
32164,109,111,-2,2
32165,70,70,0,0
32166,69,74,-5,5
32167,36,39,-3,3
32168,117,107,10,10
32169,104,96,8,8
32170,107,101,6,6
32171,66,70,-4,4
32172,98,100,-2,2
32173,113,108,5,5
32174,57,62,-5,5
32175,117,118,-1,1
32176,79,94,-15,15
32177,88,90,-2,2
32178,101,101,0,0
32179,98,98,0,0
32180,164,183,-19,19
32181,108,106,2,2
32182,79,86,-7,7
32183,77,83,-6,6
32184,81,75,6,6
32185,111,105,6,6
32186,108,108,0,0
32187,104,104,0,0
32188,51,60,-9,9
32189,79,78,1,1
32190,141,133,8,8
32191,105,97,8,8
32192,79,80,-1,1
32193,121,119,2,2
32194,85,96,-11,11
32195,60,62,-2,2
32196,76,76,0,0
32197,66,65,1,1
32198,140,136,4,4
32199,115,100,15,15
32200,135,124,11,11
32201,137,144,-7,7
32202,108,122,-14,14
32203,56,65,-9,9
32204,145,137,8,8
32205,107,104,3,3
32206,75,52,23,23
32207,73,59,14,14
32208,58,63,-5,5
32209,73,74,-1,1
32210,100,95,5,5
32211,154,161,-7,7
32212,89,93,-4,4
32213,86,85,1,1
32214,218,190,28,28
32215,96,94,2,2
32216,72,74,-2,2
32217,136,149,-13,13
32218,197,199,-2,2
32219,75,75,0,0
32220,138,135,3,3
32221,112,123,-11,11
32222,97,112,-15,15
32223,50,56,-6,6
32224,144,128,16,16
32225,62,64,-2,2
32226,91,92,-1,1
32227,108,118,-10,10
32228,111,110,1,1
32229,154,137,17,17
32230,84,82,2,2
32231,181,183,-2,2
32232,80,86,-6,6
32233,134,128,6,6
32234,78,86,-8,8
32235,243,214,29,29
32236,59,59,0,0
32237,83,78,5,5
32238,76,74,2,2
32239,88,97,-9,9
32240,62,61,1,1
32241,81,94,-13,13
32242,127,128,-1,1
32243,119,123,-4,4
32244,70,79,-9,9
32245,114,114,0,0
32246,91,80,11,11
32247,120,96,24,24
32248,61,57,4,4
32249,73,75,-2,2
32250,77,78,-1,1
32251,175,185,-10,10
32252,86,83,3,3
32253,125,123,2,2
32254,109,102,7,7
32255,90,104,-14,14
32256,71,76,-5,5
32257,64,60,4,4
32258,91,77,14,14
32259,116,116,0,0
32260,63,54,9,9
32261,79,82,-3,3
32262,56,55,1,1
32263,144,132,12,12
32264,130,114,16,16
32265,73,88,-15,15
32266,64,47,17,17
32267,146,129,17,17
32268,30,54,-24,24
32269,107,125,-18,18
32270,80,90,-10,10
32271,94,118,-24,24
32272,57,59,-2,2
32273,85,89,-4,4
32274,157,156,1,1
32275,131,128,3,3
32276,170,145,25,25
32277,115,117,-2,2
32278,124,116,8,8
32279,83,80,3,3
32280,139,133,6,6
32281,104,111,-7,7
32282,54,58,-4,4
32283,117,116,1,1
32284,84,85,-1,1
32285,97,99,-2,2
32286,50,52,-2,2
32287,57,71,-14,14
32288,84,90,-6,6
32289,70,70,0,0
32290,75,75,0,0
32291,33,45,-12,12
32292,110,125,-15,15
32293,60,67,-7,7
32294,66,76,-10,10
32295,121,115,6,6
32296,97,97,0,0
32297,128,116,12,12
32298,82,84,-2,2
32299,110,100,10,10
32300,135,140,-5,5
32301,96,95,1,1
32302,79,75,4,4
32303,82,74,8,8
32304,112,103,9,9
32305,119,128,-9,9
32306,113,95,18,18
32307,129,129,0,0
32308,30,41,-11,11
32309,143,157,-14,14
32310,48,61,-13,13
32311,70,71,-1,1
32312,66,98,-32,32
32313,117,123,-6,6
32314,49,56,-7,7
32315,73,72,1,1
32316,104,109,-5,5
32317,78,89,-11,11
32318,94,97,-3,3
32319,39,45,-6,6
32320,163,145,18,18
32321,131,138,-7,7
32322,78,104,-26,26
32323,107,118,-11,11
32324,40,53,-13,13
32325,83,85,-2,2
32326,88,94,-6,6
32327,104,101,3,3
32328,116,105,11,11
32329,144,136,8,8
32330,93,88,5,5
32331,89,91,-2,2
32332,110,110,0,0
32333,62,90,-28,28
32334,100,90,10,10
32335,79,83,-4,4
32336,80,78,2,2
32337,120,119,1,1
32338,84,108,-24,24
32339,88,94,-6,6
32340,132,88,44,44
32341,93,85,8,8
32342,79,83,-4,4
32343,27,44,-17,17
32344,97,106,-9,9
32345,167,163,4,4
32346,146,157,-11,11
32347,45,42,3,3
32348,53,60,-7,7
32349,57,64,-7,7
32350,40,51,-11,11
32351,77,64,13,13
32352,120,121,-1,1
32353,87,106,-19,19
32354,189,152,37,37
32355,84,86,-2,2
32356,68,62,6,6
32357,85,83,2,2
32358,75,85,-10,10
32359,58,65,-7,7
32360,67,70,-3,3
32361,58,58,0,0
32362,38,42,-4,4
32363,63,67,-4,4
32364,82,97,-15,15
32365,111,135,-24,24
32366,168,168,0,0
32367,67,70,-3,3
32368,92,90,2,2
32369,43,49,-6,6
32370,126,113,13,13
32371,94,105,-11,11
32372,108,109,-1,1
32373,80,86,-6,6
32374,159,146,13,13
32375,101,85,16,16
32376,71,72,-1,1
32377,77,88,-11,11
32378,53,65,-12,12
32379,96,103,-7,7
32380,144,132,12,12
32381,96,104,-8,8
32382,120,121,-1,1
32383,91,94,-3,3
32384,57,68,-11,11
32385,95,91,4,4
32386,114,115,-1,1
32387,115,115,0,0
32388,63,54,9,9
32389,103,103,0,0
32390,213,212,1,1
32391,82,92,-10,10
32392,113,112,1,1
32393,75,75,0,0
32394,122,123,-1,1
32395,82,69,13,13
32396,112,102,10,10
32397,114,109,5,5
32398,62,65,-3,3
32399,145,137,8,8
32400,153,178,-25,25
32401,102,76,26,26
32402,65,68,-3,3
32403,79,68,11,11
32404,85,91,-6,6
32405,69,62,7,7
32406,69,72,-3,3
32407,106,133,-27,27
32408,73,73,0,0
32409,95,85,10,10
32410,68,75,-7,7
32411,72,72,0,0
32412,71,80,-9,9
32413,135,127,8,8
32414,115,111,4,4
32415,75,75,0,0
32416,57,61,-4,4
32417,33,48,-15,15
32418,73,75,-2,2
32419,147,144,3,3
32420,100,103,-3,3
32421,81,83,-2,2
32422,130,115,15,15
32423,63,65,-2,2
32424,75,86,-11,11
32425,97,103,-6,6
32426,80,86,-6,6
32427,67,76,-9,9
32428,135,127,8,8
32429,48,53,-5,5
32430,113,133,-20,20
32431,62,60,2,2
32432,66,64,2,2
32433,62,54,8,8
32434,140,149,-9,9
32435,82,83,-1,1
32436,86,88,-2,2
32437,123,137,-14,14
32438,134,133,1,1
32439,63,67,-4,4
32440,142,143,-1,1
32441,63,71,-8,8
32442,94,86,8,8
32443,72,72,0,0
32444,146,133,13,13
32445,90,65,25,25
32446,57,57,0,0
32447,51,64,-13,13
32448,64,69,-5,5
32449,80,83,-3,3
32450,105,102,3,3
32451,109,100,9,9
32452,99,108,-9,9
32453,209,186,23,23
32454,82,77,5,5
32455,49,56,-7,7
32456,72,69,3,3
32457,62,66,-4,4
32458,50,58,-8,8
32459,153,155,-2,2
32460,140,150,-10,10
32461,95,89,6,6
32462,81,79,2,2
32463,114,105,9,9
32464,130,134,-4,4
32465,31,41,-10,10
32466,86,92,-6,6
32467,100,112,-12,12
32468,58,67,-9,9
32469,58,59,-1,1
32470,95,92,3,3
32471,121,121,0,0
32472,83,82,1,1
32473,152,140,12,12
32474,138,144,-6,6
32475,128,122,6,6
32476,92,96,-4,4
32477,64,61,3,3
32478,72,79,-7,7
32479,110,116,-6,6
32480,57,54,3,3
32481,99,96,3,3
32482,98,90,8,8
32483,73,90,-17,17
32484,53,57,-4,4
32485,55,55,0,0
32486,61,61,0,0
32487,239,240,-1,1
32488,86,88,-2,2
32489,133,110,23,23
32490,80,80,0,0
32491,76,69,7,7
32492,79,76,3,3
32493,140,142,-2,2
32494,97,102,-5,5
32495,74,74,0,0
32496,142,136,6,6
32497,82,83,-1,1
32498,62,65,-3,3
32499,101,104,-3,3
32500,69,85,-16,16
32501,171,116,55,55
32502,69,74,-5,5
32503,72,74,-2,2
32504,93,95,-2,2
32505,78,96,-18,18
32506,68,64,4,4
32507,54,58,-4,4
32508,110,115,-5,5
32509,69,80,-11,11
32510,92,89,3,3
32511,65,68,-3,3
32512,28,45,-17,17
32513,65,69,-4,4
32514,69,62,7,7
32515,119,107,12,12
32516,78,74,4,4
32517,75,72,3,3
32518,70,71,-1,1
32519,57,67,-10,10
32520,88,88,0,0
32521,80,73,7,7
32522,113,118,-5,5
32523,63,64,-1,1
32524,91,89,2,2
32525,141,131,10,10
32526,88,94,-6,6
32527,46,56,-10,10
32528,109,115,-6,6
32529,98,98,0,0
32530,177,168,9,9
32531,142,153,-11,11
32532,56,55,1,1
32533,166,145,21,21
32534,70,68,2,2
32535,64,67,-3,3
32536,70,80,-10,10
32537,66,77,-11,11
32538,104,102,2,2
32539,131,120,11,11
32540,82,80,2,2
32541,65,66,-1,1
32542,95,99,-4,4
32543,79,73,6,6
32544,86,80,6,6
32545,84,86,-2,2
32546,103,88,15,15
32547,77,77,0,0
32548,125,140,-15,15
32549,122,129,-7,7
32550,64,60,4,4
32551,95,105,-10,10
32552,79,84,-5,5
32553,67,67,0,0
32554,160,153,7,7
32555,103,108,-5,5
32556,114,117,-3,3
32557,74,83,-9,9
32558,123,115,8,8
32559,50,57,-7,7
32560,53,57,-4,4
32561,195,205,-10,10
32562,71,73,-2,2
32563,171,151,20,20
32564,90,87,3,3
32565,75,77,-2,2
32566,84,82,2,2
32567,86,123,-37,37
32568,101,105,-4,4
32569,131,122,9,9
32570,159,151,8,8
32571,52,71,-19,19
32572,119,118,1,1
32573,85,89,-4,4
32574,97,96,1,1
32575,73,78,-5,5
32576,54,58,-4,4
32577,73,61,12,12
32578,127,120,7,7
32579,164,163,1,1
32580,104,85,19,19
32581,57,59,-2,2
32582,40,56,-16,16
32583,103,109,-6,6
32584,149,135,14,14
32585,105,97,8,8
32586,184,176,8,8
32587,74,70,4,4
32588,145,132,13,13
32589,74,84,-10,10
32590,83,96,-13,13
32591,82,83,-1,1
32592,85,102,-17,17
32593,133,138,-5,5
32594,68,63,5,5
32595,56,48,8,8
32596,183,179,4,4
32597,66,69,-3,3
32598,115,119,-4,4
32599,86,86,0,0
32600,64,64,0,0
32601,41,51,-10,10
32602,97,117,-20,20
32603,76,77,-1,1
32604,64,66,-2,2
32605,67,70,-3,3
32606,92,88,4,4
32607,86,83,3,3
32608,86,88,-2,2
32609,114,110,4,4
32610,134,122,12,12
32611,80,77,3,3
32612,151,150,1,1
32613,99,105,-6,6
32614,144,140,4,4
32615,118,120,-2,2
32616,74,76,-2,2
32617,85,85,0,0
32618,51,63,-12,12
32619,57,59,-2,2
32620,152,139,13,13
32621,80,83,-3,3
32622,83,81,2,2
32623,69,68,1,1
32624,126,149,-23,23
32625,178,167,11,11
32626,101,104,-3,3
32627,110,116,-6,6
32628,53,56,-3,3
32629,89,103,-14,14
32630,97,100,-3,3
32631,81,81,0,0
32632,87,86,1,1
32633,52,52,0,0
32634,98,101,-3,3
32635,109,105,4,4
32636,103,105,-2,2
32637,90,78,12,12
32638,73,71,2,2
32639,157,155,2,2
32640,106,108,-2,2
32641,144,142,2,2
32642,105,102,3,3
32643,191,183,8,8
32644,79,84,-5,5
32645,113,116,-3,3
32646,66,62,4,4
32647,62,80,-18,18
32648,71,83,-12,12
32649,93,104,-11,11
32650,90,81,9,9
32651,81,82,-1,1
32652,97,98,-1,1
32653,43,57,-14,14
32654,150,141,9,9
32655,78,74,4,4
32656,122,107,15,15
32657,76,75,1,1
32658,50,59,-9,9
32659,78,86,-8,8
32660,68,76,-8,8
32661,92,90,2,2
32662,65,78,-13,13
32663,112,108,4,4
32664,69,74,-5,5
32665,86,81,5,5
32666,73,80,-7,7
32667,99,91,8,8
32668,99,97,2,2
32669,70,80,-10,10
32670,88,81,7,7
32671,66,64,2,2
32672,123,118,5,5
32673,72,66,6,6
32674,120,136,-16,16
32675,51,60,-9,9
32676,68,66,2,2
32677,103,113,-10,10
32678,76,76,0,0
32679,77,84,-7,7
32680,143,146,-3,3
32681,128,126,2,2
32682,87,83,4,4
32683,47,47,0,0
32684,119,121,-2,2
32685,119,109,10,10
32686,52,52,0,0
32687,123,111,12,12
32688,78,80,-2,2
32689,135,141,-6,6
32690,65,68,-3,3
32691,50,51,-1,1
32692,59,84,-25,25
32693,95,87,8,8
32694,74,89,-15,15
32695,127,112,15,15
32696,135,118,17,17
32697,80,77,3,3
32698,81,93,-12,12
32699,102,101,1,1
32700,131,145,-14,14
32701,96,90,6,6
32702,100,94,6,6
32703,104,105,-1,1
32704,112,116,-4,4
32705,103,99,4,4
32706,96,94,2,2
32707,86,82,4,4
32708,130,135,-5,5
32709,47,53,-6,6
32710,118,118,0,0
32711,81,78,3,3
32712,117,105,12,12
32713,77,78,-1,1
32714,129,121,8,8
32715,111,94,17,17
32716,131,127,4,4
32717,67,72,-5,5
32718,66,90,-24,24
32719,111,118,-7,7
32720,71,89,-18,18
32721,58,58,0,0
32722,61,70,-9,9
32723,65,61,4,4
32724,91,112,-21,21
32725,126,131,-5,5
32726,79,72,7,7
32727,98,96,2,2
32728,83,107,-24,24
32729,46,52,-6,6
32730,71,75,-4,4
32731,56,68,-12,12
32732,74,72,2,2
32733,86,81,5,5
32734,125,116,9,9
32735,71,69,2,2
32736,62,60,2,2
32737,96,69,27,27
32738,145,141,4,4
32739,73,69,4,4
32740,67,74,-7,7
32741,87,85,2,2
32742,79,73,6,6
32743,93,85,8,8
32744,72,79,-7,7
32745,68,72,-4,4
32746,72,73,-1,1
32747,132,114,18,18
32748,75,74,1,1
32749,86,92,-6,6
32750,101,101,0,0
32751,193,178,15,15
32752,124,126,-2,2
32753,96,93,3,3
32754,102,100,2,2
32755,48,48,0,0
32756,95,87,8,8
32757,172,147,25,25
32758,174,168,6,6
32759,171,144,27,27
32760,64,65,-1,1
32761,90,88,2,2
32762,77,81,-4,4
32763,79,77,2,2
32764,82,79,3,3
32765,128,135,-7,7
32766,96,104,-8,8
32767,88,94,-6,6
32768,78,82,-4,4
32769,115,131,-16,16
32770,75,86,-11,11
32771,132,133,-1,1
32772,161,152,9,9
32773,117,105,12,12
32774,61,61,0,0
32775,84,75,9,9
32776,102,110,-8,8
32777,108,110,-2,2
32778,108,119,-11,11
32779,156,154,2,2
32780,107,110,-3,3
32781,74,74,0,0
32782,185,195,-10,10
32783,61,71,-10,10
32784,106,110,-4,4
32785,73,77,-4,4
32786,83,70,13,13
32787,53,58,-5,5
32788,216,185,31,31
32789,90,83,7,7
32790,94,109,-15,15
32791,113,118,-5,5
32792,48,51,-3,3
32793,125,141,-16,16
32794,58,57,1,1
32795,112,108,4,4
32796,91,96,-5,5
32797,90,99,-9,9
32798,104,94,10,10
32799,59,61,-2,2
32800,74,66,8,8
32801,99,116,-17,17
32802,76,77,-1,1
32803,101,106,-5,5
32804,143,139,4,4
32805,66,65,1,1
32806,108,94,14,14
32807,126,134,-8,8
32808,102,97,5,5
32809,106,110,-4,4
32810,84,84,0,0
32811,133,133,0,0
32812,68,70,-2,2
32813,133,130,3,3
32814,91,79,12,12
32815,148,150,-2,2
32816,131,126,5,5
32817,105,100,5,5
32818,111,131,-20,20
32819,50,52,-2,2
32820,118,103,15,15
32821,56,64,-8,8
32822,76,70,6,6
32823,141,128,13,13
32824,162,162,0,0
32825,144,149,-5,5
32826,131,138,-7,7
32827,57,61,-4,4
32828,105,82,23,23
32829,74,75,-1,1
32830,118,142,-24,24
32831,157,146,11,11
32832,105,103,2,2
32833,90,87,3,3
32834,96,112,-16,16
32835,161,168,-7,7
32836,83,78,5,5
32837,145,147,-2,2
32838,55,61,-6,6
32839,113,132,-19,19
32840,72,76,-4,4
32841,199,196,3,3
32842,57,72,-15,15
32843,86,97,-11,11
32844,124,114,10,10
32845,59,76,-17,17
32846,65,56,9,9
32847,82,84,-2,2
32848,127,118,9,9
32849,82,90,-8,8
32850,101,102,-1,1
32851,105,104,1,1
32852,94,95,-1,1
32853,125,116,9,9
32854,96,74,22,22
32855,48,54,-6,6
32856,68,77,-9,9
32857,98,95,3,3
32858,152,146,6,6
32859,139,109,30,30
32860,80,85,-5,5
32861,113,108,5,5
32862,102,119,-17,17
32863,94,89,5,5
32864,56,62,-6,6
32865,112,110,2,2
32866,71,71,0,0
32867,163,156,7,7
32868,95,85,10,10
32869,165,167,-2,2
32870,100,105,-5,5
32871,104,102,2,2
32872,68,73,-5,5
32873,152,141,11,11
32874,62,70,-8,8
32875,56,55,1,1
32876,87,89,-2,2
32877,48,52,-4,4
32878,85,85,0,0
32879,82,96,-14,14
32880,70,92,-22,22
32881,80,81,-1,1
32882,100,94,6,6
32883,158,156,2,2
32884,143,142,1,1
32885,76,77,-1,1
32886,64,64,0,0
32887,121,125,-4,4
32888,72,81,-9,9
32889,53,47,6,6
32890,202,189,13,13
32891,54,61,-7,7
32892,58,58,0,0
32893,125,135,-10,10
32894,74,66,8,8
32895,58,105,-47,47
32896,144,142,2,2
32897,124,127,-3,3
32898,84,68,16,16
32899,27,66,-39,39
32900,84,80,4,4
32901,176,158,18,18
32902,44,54,-10,10
32903,66,62,4,4
32904,73,86,-13,13
32905,71,92,-21,21
32906,42,73,-31,31
32907,61,88,-27,27
32908,71,67,4,4
32909,90,104,-14,14
32910,74,65,9,9
32911,109,90,19,19
32912,124,118,6,6
32913,94,92,2,2
32914,158,178,-20,20
32915,97,84,13,13
32916,73,73,0,0
32917,90,103,-13,13
32918,64,64,0,0
32919,144,152,-8,8
32920,104,99,5,5
32921,186,181,5,5
32922,102,91,11,11
32923,85,91,-6,6
32924,96,100,-4,4
32925,122,127,-5,5
32926,97,97,0,0
32927,96,98,-2,2
32928,50,52,-2,2
32929,110,132,-22,22
32930,89,92,-3,3
32931,98,98,0,0
32932,123,122,1,1
32933,53,72,-19,19
32934,114,118,-4,4
32935,152,146,6,6
32936,146,153,-7,7
32937,134,137,-3,3
32938,105,109,-4,4
32939,38,92,-54,54
32940,99,92,7,7
32941,107,106,1,1
32942,92,88,4,4
32943,120,117,3,3
32944,129,129,0,0
32945,95,91,4,4
32946,90,94,-4,4
32947,103,102,1,1
32948,114,114,0,0
32949,59,61,-2,2
32950,36,44,-8,8
32951,99,97,2,2
32952,76,80,-4,4
32953,149,131,18,18
32954,106,98,8,8
32955,61,70,-9,9
32956,47,52,-5,5
32957,158,162,-4,4
32958,54,53,1,1
32959,50,61,-11,11
32960,98,99,-1,1
32961,94,87,7,7
32962,67,69,-2,2
32963,49,53,-4,4
32964,146,138,8,8
32965,135,119,16,16
32966,87,78,9,9
32967,98,100,-2,2
32968,59,62,-3,3
32969,86,81,5,5
32970,62,66,-4,4
32971,113,102,11,11
32972,93,96,-3,3
32973,75,83,-8,8
32974,83,79,4,4
32975,138,141,-3,3
32976,67,69,-2,2
32977,84,75,9,9
32978,117,107,10,10
32979,64,66,-2,2
32980,80,81,-1,1
32981,85,89,-4,4
32982,67,69,-2,2
32983,96,100,-4,4
32984,72,77,-5,5
32985,63,77,-14,14
32986,151,133,18,18
32987,49,45,4,4
32988,103,87,16,16
32989,32,34,-2,2
32990,70,63,7,7
32991,135,136,-1,1
32992,55,61,-6,6
32993,99,98,1,1
32994,114,118,-4,4
32995,82,78,4,4
32996,119,124,-5,5
32997,104,106,-2,2
32998,123,123,0,0
32999,113,114,-1,1
33000,153,154,-1,1
33001,89,97,-8,8
33002,48,69,-21,21
33003,113,109,4,4
33004,83,86,-3,3
33005,129,120,9,9
33006,67,72,-5,5
33007,96,90,6,6
33008,92,87,5,5
33009,103,104,-1,1
33010,121,114,7,7
33011,48,55,-7,7
33012,98,89,9,9
33013,112,97,15,15
33014,107,107,0,0
33015,92,86,6,6
33016,72,79,-7,7
33017,86,83,3,3
33018,86,85,1,1
33019,120,115,5,5
33020,65,70,-5,5
33021,86,82,4,4
33022,138,139,-1,1
33023,74,88,-14,14
33024,60,58,2,2
33025,125,114,11,11
33026,61,65,-4,4
33027,99,95,4,4
33028,150,142,8,8
33029,69,70,-1,1
33030,41,46,-5,5
33031,108,107,1,1
33032,163,141,22,22
33033,121,113,8,8
33034,72,82,-10,10
33035,109,104,5,5
33036,133,142,-9,9
33037,74,78,-4,4
33038,119,118,1,1
33039,77,77,0,0
33040,97,119,-22,22
33041,76,84,-8,8
33042,102,105,-3,3
33043,88,77,11,11
33044,139,128,11,11
33045,93,90,3,3
33046,171,145,26,26
33047,115,139,-24,24
33048,73,74,-1,1
33049,102,100,2,2
33050,97,89,8,8
33051,107,101,6,6
33052,180,179,1,1
33053,78,86,-8,8
33054,279,246,33,33
33055,86,98,-12,12
33056,80,72,8,8
33057,131,134,-3,3
33058,49,55,-6,6
33059,100,99,1,1
33060,53,69,-16,16
33061,116,114,2,2
33062,61,67,-6,6
33063,73,77,-4,4
33064,70,70,0,0
33065,56,63,-7,7
33066,69,70,-1,1
33067,76,68,8,8
33068,57,62,-5,5
33069,36,39,-3,3
33070,75,87,-12,12
33071,62,64,-2,2
33072,78,77,1,1
33073,112,99,13,13
33074,85,84,1,1
33075,164,145,19,19
33076,52,60,-8,8
33077,102,103,-1,1
33078,34,39,-5,5
33079,52,58,-6,6
33080,63,79,-16,16
33081,60,56,4,4
33082,145,137,8,8
33083,74,77,-3,3
33084,106,108,-2,2
33085,53,56,-3,3
33086,114,128,-14,14
33087,135,144,-9,9
33088,119,115,4,4
33089,84,99,-15,15
33090,62,65,-3,3
33091,150,158,-8,8
33092,178,173,5,5
33093,125,124,1,1
33094,125,123,2,2
33095,56,60,-4,4
33096,83,84,-1,1
33097,79,95,-16,16
33098,66,70,-4,4
33099,62,69,-7,7
33100,77,74,3,3
33101,113,101,12,12
33102,119,117,2,2
33103,100,98,2,2
33104,121,124,-3,3
33105,102,102,0,0
33106,106,127,-21,21
33107,67,66,1,1
33108,104,99,5,5
33109,133,124,9,9
33110,138,123,15,15
33111,62,69,-7,7
33112,110,124,-14,14
33113,140,132,8,8
33114,80,76,4,4
33115,103,110,-7,7
33116,114,104,10,10
33117,55,66,-11,11
33118,91,90,1,1
33119,38,43,-5,5
33120,89,79,10,10
33121,129,128,1,1
33122,30,67,-37,37
33123,103,105,-2,2
33124,100,109,-9,9
33125,87,87,0,0
33126,99,99,0,0
33127,87,86,1,1
33128,91,100,-9,9
33129,105,99,6,6
33130,104,104,0,0
33131,46,55,-9,9
33132,86,78,8,8
33133,59,78,-19,19
33134,135,128,7,7
33135,47,52,-5,5
33136,108,96,12,12
33137,108,105,3,3
33138,120,122,-2,2
33139,50,80,-30,30
33140,102,132,-30,30
33141,129,133,-4,4
33142,82,137,-55,55
33143,141,128,13,13
33144,87,81,6,6
33145,108,98,10,10
33146,113,116,-3,3
33147,166,161,5,5
33148,82,80,2,2
33149,34,66,-32,32
33150,57,62,-5,5
33151,128,135,-7,7
33152,86,98,-12,12
33153,70,68,2,2
33154,106,106,0,0
33155,111,108,3,3
33156,89,105,-16,16
33157,28,38,-10,10
33158,102,105,-3,3
33159,159,138,21,21
33160,170,167,3,3
33161,98,102,-4,4
33162,77,81,-4,4
33163,118,122,-4,4
33164,96,94,2,2
33165,51,64,-13,13
33166,63,60,3,3
33167,70,73,-3,3
33168,99,108,-9,9
33169,58,61,-3,3
33170,60,62,-2,2
33171,78,81,-3,3
33172,45,66,-21,21
33173,89,101,-12,12
33174,69,77,-8,8
33175,84,86,-2,2
33176,73,75,-2,2
33177,178,173,5,5
33178,63,74,-11,11
33179,108,112,-4,4
33180,105,122,-17,17
33181,43,43,0,0
33182,82,83,-1,1
33183,76,76,0,0
33184,143,128,15,15
33185,91,97,-6,6
33186,63,65,-2,2
33187,136,127,9,9
33188,83,74,9,9
33189,128,109,19,19
33190,63,68,-5,5
33191,72,76,-4,4
33192,96,94,2,2
33193,66,72,-6,6
33194,89,106,-17,17
33195,74,70,4,4
33196,69,76,-7,7
33197,86,79,7,7
33198,105,104,1,1
33199,92,100,-8,8
33200,49,56,-7,7
33201,151,142,9,9
33202,87,102,-15,15
33203,86,89,-3,3
33204,55,58,-3,3
33205,113,126,-13,13
33206,96,97,-1,1
33207,84,87,-3,3
33208,102,106,-4,4
33209,85,90,-5,5
33210,141,147,-6,6
33211,90,83,7,7
33212,57,62,-5,5
33213,80,90,-10,10
33214,111,98,13,13
33215,82,126,-44,44
33216,85,93,-8,8
33217,85,83,2,2
33218,67,65,2,2
33219,86,88,-2,2
33220,102,90,12,12
33221,71,70,1,1
33222,130,149,-19,19
33223,76,83,-7,7
33224,70,78,-8,8
33225,86,87,-1,1
33226,55,52,3,3
33227,97,99,-2,2
33228,98,105,-7,7
33229,70,61,9,9
33230,102,98,4,4
33231,79,72,7,7
33232,104,105,-1,1
33233,70,62,8,8
33234,94,91,3,3
33235,103,110,-7,7
33236,102,124,-22,22
33237,102,96,6,6
33238,67,70,-3,3
33239,165,168,-3,3
33240,73,93,-20,20
33241,149,147,2,2
33242,92,82,10,10
33243,57,65,-8,8
33244,76,65,11,11
33245,129,112,17,17
33246,66,73,-7,7
33247,132,115,17,17
33248,108,109,-1,1
33249,162,127,35,35
33250,104,102,2,2
33251,98,99,-1,1
33252,81,82,-1,1
33253,106,116,-10,10
33254,134,138,-4,4
33255,118,121,-3,3
33256,156,142,14,14
33257,73,73,0,0
33258,106,117,-11,11
33259,64,61,3,3
33260,66,60,6,6
33261,126,118,8,8
33262,103,101,2,2
33263,57,57,0,0
33264,158,174,-16,16
33265,103,106,-3,3
33266,103,103,0,0
33267,172,165,7,7
33268,137,145,-8,8
33269,95,86,9,9
33270,127,121,6,6
33271,87,87,0,0
33272,136,112,24,24
33273,51,57,-6,6
33274,95,101,-6,6
33275,100,103,-3,3
33276,140,141,-1,1
33277,102,105,-3,3
33278,69,69,0,0
33279,148,155,-7,7
33280,121,134,-13,13
33281,133,142,-9,9
33282,106,101,5,5
33283,95,87,8,8
33284,71,85,-14,14
33285,148,155,-7,7
33286,188,159,29,29
33287,111,108,3,3
33288,88,88,0,0
33289,71,83,-12,12
33290,83,88,-5,5
33291,44,47,-3,3
33292,69,65,4,4
33293,44,56,-12,12
33294,111,108,3,3
33295,105,112,-7,7
33296,76,77,-1,1
33297,95,100,-5,5
33298,181,171,10,10
33299,128,120,8,8
33300,81,90,-9,9
33301,175,157,18,18
33302,57,51,6,6
33303,70,67,3,3
33304,77,71,6,6
33305,61,62,-1,1
33306,108,111,-3,3
33307,69,69,0,0
33308,61,81,-20,20
33309,116,114,2,2
33310,50,59,-9,9
33311,95,83,12,12
33312,62,71,-9,9
33313,161,151,10,10
33314,101,103,-2,2
33315,84,80,4,4
33316,87,95,-8,8
33317,71,72,-1,1
33318,56,60,-4,4
33319,77,73,4,4
33320,100,132,-32,32
33321,74,70,4,4
33322,59,64,-5,5
33323,117,110,7,7
33324,102,104,-2,2
33325,97,100,-3,3
33326,77,79,-2,2
33327,128,130,-2,2
33328,89,89,0,0
33329,67,72,-5,5
33330,69,76,-7,7
33331,104,108,-4,4
33332,55,59,-4,4
33333,62,62,0,0
33334,101,89,12,12
33335,78,63,15,15
33336,86,79,7,7
33337,81,71,10,10
33338,104,97,7,7
33339,57,58,-1,1
33340,101,100,1,1
33341,84,84,0,0
33342,73,84,-11,11
33343,106,111,-5,5
33344,102,115,-13,13
33345,71,75,-4,4
33346,144,148,-4,4
33347,131,117,14,14
33348,82,71,11,11
33349,83,73,10,10
33350,169,161,8,8
33351,70,61,9,9
33352,158,158,0,0
33353,162,139,23,23
33354,104,100,4,4
33355,52,48,4,4
33356,59,65,-6,6
33357,70,75,-5,5
33358,112,125,-13,13
33359,106,90,16,16
33360,130,120,10,10
33361,111,107,4,4
33362,117,112,5,5
33363,118,123,-5,5
33364,74,81,-7,7
33365,52,59,-7,7
33366,97,99,-2,2
33367,72,74,-2,2
33368,84,86,-2,2
33369,50,54,-4,4
33370,101,98,3,3
33371,52,59,-7,7
33372,85,88,-3,3
33373,90,95,-5,5
33374,66,69,-3,3
33375,132,120,12,12
33376,91,83,8,8
33377,46,51,-5,5
33378,36,48,-12,12
33379,94,100,-6,6
33380,65,65,0,0
33381,85,82,3,3
33382,78,78,0,0
33383,140,154,-14,14
33384,79,82,-3,3
33385,108,112,-4,4
33386,84,79,5,5
33387,89,89,0,0
33388,119,116,3,3
33389,52,57,-5,5
33390,130,124,6,6
33391,57,59,-2,2
33392,128,122,6,6
33393,106,96,10,10
33394,65,58,7,7
33395,75,77,-2,2
33396,153,165,-12,12
33397,42,54,-12,12
33398,70,73,-3,3
33399,157,156,1,1
33400,153,157,-4,4
33401,93,89,4,4
33402,85,85,0,0
33403,70,87,-17,17
33404,84,94,-10,10
33405,61,67,-6,6
33406,80,71,9,9
33407,60,61,-1,1
33408,60,62,-2,2
33409,122,123,-1,1
33410,87,86,1,1
33411,207,159,48,48
33412,102,121,-19,19
33413,52,62,-10,10
33414,75,79,-4,4
33415,62,66,-4,4
33416,82,94,-12,12
33417,144,114,30,30
33418,130,128,2,2
33419,90,85,5,5
33420,71,72,-1,1
33421,77,74,3,3
33422,72,71,1,1
33423,46,49,-3,3
33424,55,69,-14,14
33425,64,116,-52,52
33426,73,70,3,3
33427,76,80,-4,4
33428,100,101,-1,1
33429,108,97,11,11
33430,130,124,6,6
33431,136,138,-2,2
33432,89,88,1,1
33433,79,88,-9,9
33434,110,100,10,10
33435,125,131,-6,6
33436,79,84,-5,5
33437,32,28,4,4
33438,97,116,-19,19
33439,135,130,5,5
33440,93,96,-3,3
33441,111,112,-1,1
33442,87,101,-14,14
33443,131,127,4,4
33444,72,73,-1,1
33445,72,86,-14,14
33446,192,141,51,51
33447,129,132,-3,3
33448,102,103,-1,1
33449,86,85,1,1
33450,134,123,11,11
33451,157,153,4,4
33452,75,75,0,0
33453,93,92,1,1
33454,96,95,1,1
33455,105,106,-1,1
33456,110,107,3,3
33457,137,121,16,16
33458,194,202,-8,8
33459,82,78,4,4
33460,102,109,-7,7
33461,92,87,5,5
33462,119,108,11,11
33463,113,104,9,9
33464,85,86,-1,1
33465,66,67,-1,1
33466,145,139,6,6
33467,112,119,-7,7
33468,133,141,-8,8
33469,113,108,5,5
33470,175,129,46,46
33471,113,124,-11,11
33472,59,58,1,1
33473,97,109,-12,12
33474,74,77,-3,3
33475,53,58,-5,5
33476,108,112,-4,4
33477,133,117,16,16
33478,46,52,-6,6
33479,135,129,6,6
33480,111,101,10,10
33481,117,107,10,10
33482,69,67,2,2
33483,175,156,19,19
33484,83,83,0,0
33485,80,82,-2,2
33486,95,104,-9,9
33487,80,83,-3,3
33488,71,78,-7,7
33489,61,59,2,2
33490,83,77,6,6
33491,168,160,8,8
33492,78,78,0,0
33493,79,84,-5,5
33494,112,117,-5,5
33495,73,72,1,1
33496,71,91,-20,20
33497,86,88,-2,2
33498,105,118,-13,13
33499,103,93,10,10
33500,81,75,6,6
33501,70,70,0,0
33502,107,108,-1,1
33503,150,149,1,1
33504,70,65,5,5
33505,80,83,-3,3
33506,48,60,-12,12
33507,100,111,-11,11
33508,52,66,-14,14
33509,97,96,1,1
33510,172,161,11,11
33511,28,35,-7,7
33512,42,82,-40,40
33513,120,113,7,7
33514,60,67,-7,7
33515,118,97,21,21
33516,175,165,10,10
33517,69,70,-1,1
33518,50,54,-4,4
33519,90,91,-1,1
33520,109,110,-1,1
33521,63,63,0,0
33522,63,73,-10,10
33523,54,61,-7,7
33524,115,109,6,6
33525,61,63,-2,2
33526,91,101,-10,10
33527,76,92,-16,16
33528,72,79,-7,7
33529,64,67,-3,3
33530,47,54,-7,7
33531,67,64,3,3
33532,111,100,11,11
33533,102,138,-36,36
33534,68,65,3,3
33535,101,91,10,10
33536,154,128,26,26
33537,71,72,-1,1
33538,77,75,2,2
33539,74,77,-3,3
33540,95,102,-7,7
33541,98,100,-2,2
33542,87,73,14,14
33543,134,142,-8,8
33544,118,121,-3,3
33545,146,135,11,11
33546,82,94,-12,12
33547,85,78,7,7
33548,68,92,-24,24
33549,62,67,-5,5
33550,79,69,10,10
33551,33,45,-12,12
33552,130,126,4,4
33553,88,63,25,25
33554,132,139,-7,7
33555,69,73,-4,4
33556,98,88,10,10
33557,113,98,15,15
33558,84,83,1,1
33559,78,79,-1,1
33560,121,114,7,7
33561,69,65,4,4
33562,70,81,-11,11
33563,89,97,-8,8
33564,97,90,7,7
33565,89,94,-5,5
33566,128,120,8,8
33567,149,132,17,17
33568,115,129,-14,14
33569,68,56,12,12
33570,44,47,-3,3
33571,36,49,-13,13
33572,64,81,-17,17
33573,75,70,5,5
33574,85,88,-3,3
33575,90,90,0,0
33576,98,102,-4,4
33577,110,100,10,10
33578,91,97,-6,6
33579,179,165,14,14
33580,97,96,1,1
33581,65,64,1,1
33582,111,127,-16,16
33583,191,160,31,31
33584,181,170,11,11
33585,58,61,-3,3
33586,90,75,15,15
33587,101,89,12,12
33588,164,131,33,33
33589,117,107,10,10
33590,84,90,-6,6
33591,112,107,5,5
33592,117,107,10,10
33593,80,82,-2,2
33594,150,135,15,15
33595,94,92,2,2
33596,115,119,-4,4
33597,157,150,7,7
33598,69,75,-6,6
33599,61,60,1,1
33600,97,108,-11,11
33601,74,83,-9,9
33602,90,97,-7,7
33603,59,60,-1,1
33604,121,117,4,4
33605,102,101,1,1
33606,107,119,-12,12
33607,102,116,-14,14
33608,256,203,53,53
33609,75,75,0,0
33610,80,77,3,3
33611,67,66,1,1
33612,122,126,-4,4
33613,65,61,4,4
33614,74,83,-9,9
33615,86,93,-7,7
33616,206,205,1,1
33617,139,146,-7,7
33618,76,80,-4,4
33619,186,179,7,7
33620,111,108,3,3
33621,80,79,1,1
33622,148,144,4,4
33623,76,84,-8,8
33624,123,150,-27,27
33625,79,100,-21,21
33626,118,123,-5,5
33627,51,58,-7,7
33628,88,104,-16,16
33629,157,137,20,20
33630,84,86,-2,2
33631,129,117,12,12
33632,131,119,12,12
33633,74,100,-26,26
33634,93,94,-1,1
33635,88,89,-1,1
33636,74,85,-11,11
33637,102,98,4,4
33638,143,134,9,9
33639,67,60,7,7
33640,197,206,-9,9
33641,98,88,10,10
33642,117,104,13,13
33643,120,136,-16,16
33644,118,128,-10,10
33645,63,59,4,4
33646,139,145,-6,6
33647,144,143,1,1
33648,96,79,17,17
33649,110,92,18,18
33650,121,120,1,1
33651,68,82,-14,14
33652,84,109,-25,25
33653,118,124,-6,6
33654,96,100,-4,4
33655,78,76,2,2
33656,27,27,0,0
33657,157,142,15,15
33658,137,131,6,6
33659,107,106,1,1
33660,95,96,-1,1
33661,45,61,-16,16
33662,69,105,-36,36
33663,196,174,22,22
33664,108,98,10,10
33665,88,91,-3,3
33666,199,184,15,15
33667,111,116,-5,5
33668,179,173,6,6
33669,157,155,2,2
33670,82,72,10,10
33671,77,72,5,5
33672,56,57,-1,1
33673,63,65,-2,2
33674,196,180,16,16
33675,89,95,-6,6
33676,126,131,-5,5
33677,39,33,6,6
33678,80,89,-9,9
33679,97,102,-5,5
33680,85,75,10,10
33681,58,62,-4,4
33682,132,131,1,1
33683,54,71,-17,17
33684,99,95,4,4
33685,91,100,-9,9
33686,75,74,1,1
33687,57,71,-14,14
33688,66,76,-10,10
33689,105,121,-16,16
33690,51,58,-7,7
33691,134,127,7,7
33692,27,69,-42,42
33693,71,66,5,5
33694,65,66,-1,1
33695,112,96,16,16
33696,100,102,-2,2
33697,56,63,-7,7
33698,74,84,-10,10
33699,137,138,-1,1
33700,96,94,2,2
33701,113,111,2,2
33702,56,56,0,0
33703,91,92,-1,1
33704,179,158,21,21
33705,54,53,1,1
33706,90,73,17,17
33707,92,87,5,5
33708,87,89,-2,2
33709,122,114,8,8
33710,150,146,4,4
33711,90,88,2,2
33712,98,103,-5,5
33713,59,54,5,5
33714,122,128,-6,6
33715,150,165,-15,15
33716,74,75,-1,1
33717,65,67,-2,2
33718,53,61,-8,8
33719,93,92,1,1
33720,108,100,8,8
33721,70,80,-10,10
33722,135,118,17,17
33723,87,93,-6,6
33724,65,76,-11,11
33725,55,52,3,3
33726,40,44,-4,4
33727,88,86,2,2
33728,168,160,8,8
33729,37,45,-8,8
33730,80,72,8,8
33731,92,82,10,10
33732,157,137,20,20
33733,121,117,4,4
33734,119,130,-11,11
33735,131,115,16,16
33736,112,102,10,10
33737,71,88,-17,17
33738,73,69,4,4
33739,99,89,10,10
33740,81,77,4,4
33741,70,69,1,1
33742,91,98,-7,7
33743,63,63,0,0
33744,65,65,0,0
33745,92,98,-6,6
33746,83,80,3,3
33747,62,70,-8,8
33748,137,142,-5,5
33749,194,173,21,21
33750,104,99,5,5
33751,136,135,1,1
33752,149,158,-9,9
33753,109,111,-2,2
33754,70,68,2,2
33755,121,100,21,21
33756,73,75,-2,2
33757,97,96,1,1
33758,105,104,1,1
33759,131,131,0,0
33760,118,120,-2,2
33761,97,93,4,4
33762,49,56,-7,7
33763,110,116,-6,6
33764,87,82,5,5
33765,107,96,11,11
33766,72,72,0,0
33767,173,177,-4,4
33768,117,121,-4,4
33769,91,97,-6,6
33770,93,77,16,16
33771,34,40,-6,6
33772,75,68,7,7
33773,110,108,2,2
33774,76,91,-15,15
33775,122,166,-44,44
33776,94,95,-1,1
33777,60,63,-3,3
33778,96,99,-3,3
33779,92,90,2,2
33780,155,153,2,2
33781,116,112,4,4
33782,113,122,-9,9
33783,70,57,13,13
33784,127,136,-9,9
33785,104,143,-39,39
33786,103,109,-6,6
33787,66,62,4,4
33788,58,60,-2,2
33789,47,66,-19,19
33790,124,133,-9,9
33791,47,47,0,0
33792,134,119,15,15
33793,126,126,0,0
33794,133,127,6,6
33795,101,111,-10,10
33796,48,60,-12,12
33797,69,64,5,5
33798,62,65,-3,3
33799,112,102,10,10
33800,124,134,-10,10
33801,68,67,1,1
33802,70,73,-3,3
33803,98,106,-8,8
33804,61,72,-11,11
33805,98,104,-6,6
33806,128,115,13,13
33807,112,113,-1,1
33808,62,69,-7,7
33809,106,97,9,9
33810,90,84,6,6
33811,57,54,3,3
33812,127,133,-6,6
33813,83,79,4,4
33814,123,129,-6,6
33815,99,94,5,5
33816,114,112,2,2
33817,124,140,-16,16
33818,63,67,-4,4
33819,169,145,24,24
33820,86,96,-10,10
33821,97,100,-3,3
33822,95,80,15,15
33823,97,95,2,2
33824,120,117,3,3
33825,100,98,2,2
33826,127,135,-8,8
33827,65,66,-1,1
33828,74,75,-1,1
33829,146,134,12,12
33830,93,97,-4,4
33831,76,69,7,7
33832,127,124,3,3
33833,61,61,0,0
33834,81,88,-7,7
33835,132,112,20,20
33836,69,59,10,10
33837,56,73,-17,17
33838,103,100,3,3
33839,110,105,5,5
33840,102,103,-1,1
33841,74,71,3,3
33842,111,110,1,1
33843,74,68,6,6
33844,58,60,-2,2
33845,96,117,-21,21
33846,67,73,-6,6
33847,57,59,-2,2
33848,104,90,14,14
33849,60,64,-4,4
33850,50,60,-10,10
33851,120,123,-3,3
33852,73,73,0,0
33853,45,51,-6,6
33854,95,107,-12,12
33855,125,133,-8,8
33856,106,101,5,5
33857,80,78,2,2
33858,138,137,1,1
33859,105,102,3,3
33860,100,68,32,32
33861,89,86,3,3
33862,161,126,35,35
33863,115,124,-9,9
33864,109,104,5,5
33865,120,105,15,15
33866,64,68,-4,4
33867,85,95,-10,10
33868,139,136,3,3
33869,56,54,2,2
33870,100,103,-3,3
33871,61,57,4,4
33872,87,94,-7,7
33873,78,66,12,12
33874,135,128,7,7
33875,149,139,10,10
33876,123,118,5,5
33877,114,97,17,17
33878,106,115,-9,9
33879,121,103,18,18
33880,103,120,-17,17
33881,133,143,-10,10
33882,83,81,2,2
33883,90,80,10,10
33884,43,52,-9,9
33885,195,189,6,6
33886,82,78,4,4
33887,121,109,12,12
33888,77,84,-7,7
33889,80,85,-5,5
33890,56,64,-8,8
33891,70,66,4,4
33892,57,65,-8,8
33893,98,99,-1,1
33894,85,77,8,8
33895,102,107,-5,5
33896,114,101,13,13
33897,153,145,8,8
33898,61,65,-4,4
33899,99,95,4,4
33900,77,70,7,7
33901,89,77,12,12
33902,79,74,5,5
33903,108,118,-10,10
33904,102,93,9,9
33905,54,69,-15,15
33906,101,100,1,1
33907,131,127,4,4
33908,56,61,-5,5
33909,110,105,5,5
33910,78,69,9,9
33911,153,131,22,22
33912,73,78,-5,5
33913,105,106,-1,1
33914,57,51,6,6
33915,95,103,-8,8
33916,56,59,-3,3
33917,107,101,6,6
33918,62,82,-20,20
33919,157,150,7,7
33920,94,95,-1,1
33921,84,75,9,9
33922,131,130,1,1
33923,75,80,-5,5
33924,122,103,19,19
33925,114,125,-11,11
33926,61,58,3,3
33927,137,153,-16,16
33928,72,76,-4,4
33929,115,102,13,13
33930,49,83,-34,34
33931,98,90,8,8
33932,114,111,3,3
33933,79,82,-3,3
33934,75,75,0,0
33935,111,101,10,10
33936,84,88,-4,4
33937,61,67,-6,6
33938,70,84,-14,14
33939,103,97,6,6
33940,119,111,8,8
33941,62,72,-10,10
33942,94,92,2,2
33943,161,148,13,13
33944,253,213,40,40
33945,112,112,0,0
33946,63,77,-14,14
33947,90,91,-1,1
33948,124,121,3,3
33949,85,79,6,6
33950,167,164,3,3
33951,115,101,14,14
33952,113,108,5,5
33953,95,99,-4,4
33954,93,96,-3,3
33955,138,126,12,12
33956,74,75,-1,1
33957,52,60,-8,8
33958,104,105,-1,1
33959,143,137,6,6
33960,74,81,-7,7
33961,69,72,-3,3
33962,133,192,-59,59
33963,82,77,5,5
33964,98,89,9,9
33965,77,75,2,2
33966,142,131,11,11
33967,84,96,-12,12
33968,95,101,-6,6
33969,83,79,4,4
33970,114,105,9,9
33971,53,74,-21,21
33972,91,87,4,4
33973,122,104,18,18
33974,89,112,-23,23
33975,81,86,-5,5
33976,110,112,-2,2
33977,96,93,3,3
33978,119,112,7,7
33979,80,83,-3,3
33980,108,101,7,7
33981,71,65,6,6
33982,80,66,14,14
33983,157,161,-4,4
33984,85,68,17,17
33985,47,58,-11,11
33986,68,66,2,2
33987,86,80,6,6
33988,71,69,2,2
33989,64,60,4,4
33990,65,58,7,7
33991,155,164,-9,9
33992,108,122,-14,14
33993,188,170,18,18
33994,109,98,11,11
33995,64,68,-4,4
33996,120,150,-30,30
33997,72,78,-6,6
33998,55,56,-1,1
33999,69,64,5,5
34000,186,183,3,3
34001,96,114,-18,18
34002,77,74,3,3
34003,83,88,-5,5
34004,79,83,-4,4
34005,55,65,-10,10
34006,155,138,17,17
34007,91,82,9,9
34008,48,61,-13,13
34009,122,128,-6,6
34010,75,88,-13,13
34011,109,108,1,1
34012,110,109,1,1
34013,79,84,-5,5
34014,69,73,-4,4
34015,78,86,-8,8
34016,129,130,-1,1
34017,131,136,-5,5
34018,45,50,-5,5
34019,96,99,-3,3
34020,105,122,-17,17
34021,128,138,-10,10
34022,139,131,8,8
34023,116,106,10,10
34024,81,91,-10,10
34025,77,80,-3,3
34026,100,97,3,3
34027,68,61,7,7
34028,70,73,-3,3
34029,222,191,31,31
34030,22,43,-21,21
34031,121,112,9,9
34032,67,73,-6,6
34033,87,67,20,20
34034,58,65,-7,7
34035,69,82,-13,13
34036,71,79,-8,8
34037,54,68,-14,14
34038,60,57,3,3
34039,87,79,8,8
34040,101,94,7,7
34041,61,62,-1,1
34042,141,132,9,9
34043,121,136,-15,15
34044,102,96,6,6
34045,78,76,2,2
34046,96,116,-20,20
34047,56,54,2,2
34048,101,85,16,16
34049,64,70,-6,6
34050,55,72,-17,17
34051,89,82,7,7
34052,84,81,3,3
34053,90,92,-2,2
34054,166,148,18,18
34055,85,121,-36,36
34056,94,92,2,2
34057,130,154,-24,24
34058,146,149,-3,3
34059,77,96,-19,19
34060,97,90,7,7
34061,102,101,1,1
34062,150,157,-7,7
34063,104,95,9,9
34064,90,90,0,0
34065,70,73,-3,3
34066,45,56,-11,11
34067,76,70,6,6
34068,90,107,-17,17
34069,63,59,4,4
34070,123,79,44,44
34071,91,79,12,12
34072,102,92,10,10
34073,120,109,11,11
34074,48,73,-25,25
34075,42,50,-8,8
34076,85,95,-10,10
34077,67,65,2,2
34078,73,59,14,14
34079,67,67,0,0
34080,87,86,1,1
34081,172,168,4,4
34082,128,142,-14,14
34083,116,124,-8,8
34084,102,93,9,9
34085,134,136,-2,2
34086,94,101,-7,7
34087,55,58,-3,3
34088,175,174,1,1
34089,71,73,-2,2
34090,53,65,-12,12
34091,92,98,-6,6
34092,111,105,6,6
34093,120,124,-4,4
34094,107,118,-11,11
34095,48,52,-4,4
34096,85,83,2,2
34097,122,160,-38,38
34098,90,95,-5,5
34099,70,84,-14,14
34100,63,58,5,5
34101,110,110,0,0
34102,56,60,-4,4
34103,96,106,-10,10
34104,79,81,-2,2
34105,56,54,2,2
34106,115,108,7,7
34107,60,65,-5,5
34108,59,62,-3,3
34109,74,72,2,2
34110,110,117,-7,7
34111,99,118,-19,19
34112,106,112,-6,6
34113,62,56,6,6
34114,93,95,-2,2
34115,59,62,-3,3
34116,88,82,6,6
34117,75,93,-18,18
34118,78,71,7,7
34119,67,69,-2,2
34120,118,103,15,15
34121,66,64,2,2
34122,69,77,-8,8
34123,110,107,3,3
34124,102,106,-4,4
34125,127,121,6,6
34126,99,104,-5,5
34127,127,119,8,8
34128,97,84,13,13
34129,52,61,-9,9
34130,56,62,-6,6
34131,64,65,-1,1
34132,111,104,7,7
34133,114,115,-1,1
34134,162,152,10,10
34135,56,65,-9,9
34136,35,48,-13,13
34137,83,89,-6,6
34138,151,146,5,5
34139,77,70,7,7
34140,65,65,0,0
34141,67,69,-2,2
34142,81,76,5,5
34143,56,60,-4,4
34144,67,69,-2,2
34145,59,56,3,3
34146,142,133,9,9
34147,79,85,-6,6
34148,104,108,-4,4
34149,68,77,-9,9
34150,67,76,-9,9
34151,56,58,-2,2
34152,66,66,0,0
34153,31,39,-8,8
34154,121,119,2,2
34155,115,114,1,1
34156,68,69,-1,1
34157,103,99,4,4
34158,71,65,6,6
34159,115,119,-4,4
34160,122,117,5,5
34161,99,88,11,11
34162,112,115,-3,3
34163,215,195,20,20
34164,68,77,-9,9
34165,84,97,-13,13
34166,82,81,1,1
34167,82,84,-2,2
34168,95,97,-2,2
34169,80,80,0,0
34170,121,111,10,10
34171,103,93,10,10
34172,74,87,-13,13
34173,59,62,-3,3
34174,106,106,0,0
34175,62,64,-2,2
34176,49,52,-3,3
34177,62,64,-2,2
34178,151,153,-2,2
34179,178,165,13,13
34180,96,92,4,4
34181,91,92,-1,1
34182,74,74,0,0
34183,78,82,-4,4
34184,95,116,-21,21
34185,109,102,7,7
34186,59,65,-6,6
34187,64,51,13,13
34188,122,108,14,14
34189,106,112,-6,6
34190,137,127,10,10
34191,79,85,-6,6
34192,45,56,-11,11
34193,96,86,10,10
34194,53,59,-6,6
34195,121,120,1,1
34196,138,149,-11,11
34197,107,104,3,3
34198,90,91,-1,1
34199,83,84,-1,1
34200,65,62,3,3
34201,68,81,-13,13
34202,50,54,-4,4
34203,44,67,-23,23
34204,78,81,-3,3
34205,74,76,-2,2
34206,67,72,-5,5
34207,116,112,4,4
34208,50,54,-4,4
34209,100,97,3,3
34210,52,55,-3,3
34211,70,64,6,6
34212,92,101,-9,9
34213,130,116,14,14
34214,139,133,6,6
34215,96,87,9,9
34216,98,99,-1,1
34217,49,55,-6,6
34218,90,80,10,10
34219,103,121,-18,18
34220,39,53,-14,14
34221,172,133,39,39
34222,104,98,6,6
34223,63,61,2,2
34224,78,85,-7,7
34225,65,68,-3,3
34226,58,56,2,2
34227,140,133,7,7
34228,95,104,-9,9
34229,77,72,5,5
34230,122,119,3,3
34231,63,57,6,6
34232,26,43,-17,17
34233,78,77,1,1
34234,60,64,-4,4
34235,80,85,-5,5
34236,96,106,-10,10
34237,62,65,-3,3
34238,77,80,-3,3
34239,101,100,1,1
34240,103,109,-6,6
34241,87,100,-13,13
34242,132,115,17,17
34243,223,200,23,23
34244,117,111,6,6
34245,151,139,12,12
34246,87,96,-9,9
34247,103,107,-4,4
34248,59,64,-5,5
34249,150,139,11,11
34250,100,90,10,10
34251,92,84,8,8
34252,65,79,-14,14
34253,72,69,3,3
34254,48,54,-6,6
34255,114,107,7,7
34256,63,64,-1,1
34257,139,138,1,1
34258,86,83,3,3
34259,96,93,3,3
34260,80,78,2,2
34261,126,117,9,9
34262,112,102,10,10
34263,99,116,-17,17
34264,83,78,5,5
34265,62,62,0,0
34266,53,65,-12,12
34267,40,50,-10,10
34268,103,100,3,3
34269,87,70,17,17
34270,66,71,-5,5
34271,116,104,12,12
34272,107,102,5,5
34273,121,124,-3,3
34274,114,108,6,6
34275,111,110,1,1
34276,105,112,-7,7
34277,103,107,-4,4
34278,106,106,0,0
34279,126,129,-3,3
34280,104,103,1,1
34281,77,73,4,4
34282,114,126,-12,12
34283,77,77,0,0
34284,83,86,-3,3
34285,78,84,-6,6
34286,81,82,-1,1
34287,64,66,-2,2
34288,134,137,-3,3
34289,78,80,-2,2
34290,137,135,2,2
34291,80,87,-7,7
34292,145,138,7,7
34293,103,105,-2,2
34294,101,91,10,10
34295,87,79,8,8
34296,83,86,-3,3
34297,98,87,11,11
34298,133,128,5,5
34299,114,125,-11,11
34300,119,102,17,17
34301,94,99,-5,5
34302,85,93,-8,8
34303,162,167,-5,5
34304,85,79,6,6
34305,62,63,-1,1
34306,83,85,-2,2
34307,99,92,7,7
34308,79,89,-10,10
34309,95,96,-1,1
34310,140,140,0,0
34311,165,154,11,11
34312,104,102,2,2
34313,110,130,-20,20
34314,138,175,-37,37
34315,117,118,-1,1
34316,120,115,5,5
34317,67,79,-12,12
34318,82,85,-3,3
34319,110,113,-3,3
34320,110,109,1,1
34321,63,70,-7,7
34322,54,59,-5,5
34323,128,130,-2,2
34324,90,88,2,2
34325,99,108,-9,9
34326,121,137,-16,16
34327,47,56,-9,9
34328,88,85,3,3
34329,96,83,13,13
34330,83,98,-15,15
34331,91,86,5,5
34332,100,107,-7,7
34333,68,71,-3,3
34334,44,55,-11,11
34335,94,96,-2,2
34336,48,54,-6,6
34337,63,64,-1,1
34338,114,112,2,2
34339,88,83,5,5
34340,105,103,2,2
34341,67,70,-3,3
34342,61,54,7,7
34343,120,121,-1,1
34344,111,102,9,9
34345,102,95,7,7
34346,111,110,1,1
34347,48,52,-4,4
34348,102,98,4,4
34349,101,105,-4,4
34350,88,95,-7,7
34351,58,64,-6,6
34352,64,61,3,3
34353,65,77,-12,12
34354,156,155,1,1
34355,84,84,0,0
34356,169,137,32,32
34357,130,114,16,16
34358,51,59,-8,8
34359,60,52,8,8
34360,109,96,13,13
34361,107,103,4,4
34362,133,148,-15,15
34363,73,75,-2,2
34364,117,128,-11,11
34365,105,109,-4,4
34366,118,117,1,1
34367,107,110,-3,3
34368,89,78,11,11
34369,130,128,2,2
34370,107,111,-4,4
34371,86,90,-4,4
34372,87,89,-2,2
34373,166,158,8,8
34374,91,97,-6,6
34375,83,83,0,0
34376,90,61,29,29
34377,60,66,-6,6
34378,73,78,-5,5
34379,133,126,7,7
34380,131,127,4,4
34381,128,169,-41,41
34382,93,86,7,7
34383,48,54,-6,6
34384,126,109,17,17
34385,62,74,-12,12
34386,50,65,-15,15
34387,70,69,1,1
34388,111,117,-6,6
34389,89,87,2,2
34390,94,96,-2,2
34391,38,45,-7,7
34392,76,88,-12,12
34393,92,95,-3,3
34394,66,64,2,2
34395,84,88,-4,4
34396,72,77,-5,5
34397,79,75,4,4
34398,78,79,-1,1
34399,61,64,-3,3
34400,68,66,2,2
34401,114,111,3,3
34402,84,89,-5,5
34403,51,65,-14,14
34404,96,95,1,1
34405,74,78,-4,4
34406,64,80,-16,16
34407,79,78,1,1
34408,89,84,5,5
34409,150,144,6,6
34410,137,115,22,22
34411,62,66,-4,4
34412,120,120,0,0
34413,75,70,5,5
34414,63,65,-2,2
34415,144,160,-16,16
34416,83,78,5,5
34417,71,108,-37,37
34418,125,120,5,5
34419,71,66,5,5
34420,90,97,-7,7
34421,57,67,-10,10
34422,68,78,-10,10
34423,117,111,6,6
34424,142,137,5,5
34425,95,89,6,6
34426,91,94,-3,3
34427,86,92,-6,6
34428,119,130,-11,11
34429,71,63,8,8
34430,97,86,11,11
34431,92,94,-2,2
34432,86,60,26,26
34433,48,41,7,7
34434,50,40,10,10
34435,105,168,-63,63
34436,105,100,5,5
34437,127,114,13,13
34438,108,108,0,0
34439,71,72,-1,1
34440,73,74,-1,1
34441,68,79,-11,11
34442,147,142,5,5
34443,142,142,0,0
34444,39,54,-15,15
34445,91,77,14,14
34446,79,88,-9,9
34447,84,76,8,8
34448,123,125,-2,2
34449,63,52,11,11
34450,196,185,11,11
34451,161,161,0,0
34452,152,130,22,22
34453,144,130,14,14
34454,96,93,3,3
34455,125,117,8,8
34456,82,73,9,9
34457,128,116,12,12
34458,160,165,-5,5
34459,43,54,-11,11
34460,68,70,-2,2
34461,108,88,20,20
34462,74,70,4,4
34463,52,46,6,6
34464,107,129,-22,22
34465,64,66,-2,2
34466,89,92,-3,3
34467,85,79,6,6
34468,73,80,-7,7
34469,177,186,-9,9
34470,111,114,-3,3
34471,67,74,-7,7
34472,76,76,0,0
34473,152,135,17,17
34474,90,96,-6,6
34475,79,79,0,0
34476,99,102,-3,3
34477,78,75,3,3
34478,131,142,-11,11
34479,100,97,3,3
34480,74,82,-8,8
34481,99,99,0,0
34482,135,133,2,2
34483,104,116,-12,12
34484,67,67,0,0
34485,102,92,10,10
34486,48,62,-14,14
34487,243,224,19,19
34488,97,97,0,0
34489,112,111,1,1
34490,118,128,-10,10
34491,77,76,1,1
34492,73,69,4,4
34493,99,104,-5,5
34494,60,80,-20,20
34495,155,153,2,2
34496,125,129,-4,4
34497,202,188,14,14
34498,82,89,-7,7
34499,100,94,6,6
34500,78,77,1,1
34501,59,66,-7,7
34502,48,63,-15,15
34503,121,130,-9,9
34504,128,118,10,10
34505,96,100,-4,4
34506,133,128,5,5
34507,107,103,4,4
34508,106,99,7,7
34509,111,128,-17,17
34510,48,59,-11,11
34511,79,86,-7,7
34512,121,115,6,6
34513,147,145,2,2
34514,113,107,6,6
34515,58,62,-4,4
34516,93,82,11,11
34517,109,111,-2,2
34518,85,91,-6,6
34519,69,82,-13,13
34520,70,70,0,0
34521,81,72,9,9
34522,47,48,-1,1
34523,121,122,-1,1
34524,151,145,6,6
34525,80,88,-8,8
34526,60,58,2,2
34527,133,118,15,15
34528,65,73,-8,8
34529,162,155,7,7
34530,73,68,5,5
34531,108,103,5,5
34532,87,82,5,5
34533,101,107,-6,6
34534,90,102,-12,12
34535,130,158,-28,28
34536,133,127,6,6
34537,139,142,-3,3
34538,95,94,1,1
34539,96,102,-6,6
34540,66,74,-8,8
34541,69,73,-4,4
34542,69,69,0,0
34543,86,81,5,5
34544,95,101,-6,6
34545,91,89,2,2
34546,189,170,19,19
34547,109,114,-5,5
34548,63,62,1,1
34549,156,157,-1,1
34550,64,74,-10,10
34551,117,127,-10,10
34552,55,61,-6,6
34553,115,123,-8,8
34554,103,89,14,14
34555,155,145,10,10
34556,78,89,-11,11
34557,159,146,13,13
34558,73,72,1,1
34559,188,179,9,9
34560,150,148,2,2
34561,103,112,-9,9
34562,80,86,-6,6
34563,92,84,8,8
34564,121,129,-8,8
34565,113,107,6,6
34566,106,113,-7,7
34567,72,63,9,9
34568,120,129,-9,9
34569,49,59,-10,10
34570,124,133,-9,9
34571,82,84,-2,2
34572,145,165,-20,20
34573,61,59,2,2
34574,108,108,0,0
34575,53,56,-3,3
34576,117,115,2,2
34577,88,92,-4,4
34578,122,96,26,26
34579,56,66,-10,10
34580,161,156,5,5
34581,115,106,9,9
34582,100,102,-2,2
34583,149,156,-7,7
34584,126,123,3,3
34585,74,60,14,14
34586,124,124,0,0
34587,101,105,-4,4
34588,83,91,-8,8
34589,105,99,6,6
34590,143,136,7,7
34591,153,156,-3,3
34592,54,55,-1,1
34593,52,43,9,9
34594,87,93,-6,6
34595,63,64,-1,1
34596,84,85,-1,1
34597,96,87,9,9
34598,59,49,10,10
34599,141,130,11,11
34600,121,118,3,3
34601,21,27,-6,6
34602,93,90,3,3
34603,126,124,2,2
34604,91,87,4,4
34605,126,123,3,3
34606,79,76,3,3
34607,133,134,-1,1
34608,72,75,-3,3
34609,117,108,9,9
34610,51,61,-10,10
34611,92,94,-2,2
34612,78,77,1,1
34613,70,76,-6,6
34614,77,77,0,0
34615,94,85,9,9
34616,75,82,-7,7
34617,93,106,-13,13
34618,75,70,5,5
34619,149,149,0,0
34620,99,105,-6,6
34621,94,98,-4,4
34622,98,94,4,4
34623,68,71,-3,3
34624,101,139,-38,38
34625,115,100,15,15
34626,87,84,3,3
34627,100,116,-16,16
34628,80,84,-4,4
34629,133,124,9,9
34630,54,59,-5,5
34631,164,160,4,4
34632,98,101,-3,3
34633,75,73,2,2
34634,77,67,10,10
34635,126,122,4,4
34636,124,120,4,4
34637,89,90,-1,1
34638,77,84,-7,7
34639,162,144,18,18
34640,129,120,9,9
34641,126,122,4,4
34642,90,91,-1,1
34643,145,151,-6,6
34644,59,68,-9,9
34645,79,71,8,8
34646,100,97,3,3
34647,136,139,-3,3
34648,53,57,-4,4
34649,109,106,3,3
34650,79,82,-3,3
34651,111,116,-5,5
34652,172,146,26,26
34653,142,94,48,48
34654,81,76,5,5
34655,100,97,3,3
34656,71,73,-2,2
34657,37,54,-17,17
34658,91,89,2,2
34659,85,78,7,7
34660,96,94,2,2
34661,96,100,-4,4
34662,72,65,7,7
34663,58,58,0,0
34664,128,126,2,2
34665,90,86,4,4
34666,79,74,5,5
34667,57,55,2,2
34668,164,142,22,22
34669,147,118,29,29
34670,42,50,-8,8
34671,92,104,-12,12
34672,73,78,-5,5
34673,80,81,-1,1
34674,82,76,6,6
34675,82,89,-7,7
34676,124,130,-6,6
34677,87,98,-11,11
34678,93,99,-6,6
34679,151,149,2,2
34680,88,87,1,1
34681,99,94,5,5
34682,104,108,-4,4
34683,80,86,-6,6
34684,91,85,6,6
34685,116,134,-18,18
34686,136,121,15,15
34687,76,117,-41,41
34688,125,143,-18,18
34689,99,85,14,14
34690,112,141,-29,29
34691,103,116,-13,13
34692,152,142,10,10
34693,122,125,-3,3
34694,74,59,15,15
34695,106,105,1,1
34696,76,69,7,7
34697,59,59,0,0
34698,100,126,-26,26
34699,58,62,-4,4
34700,69,73,-4,4
34701,120,123,-3,3
34702,74,75,-1,1
34703,55,61,-6,6
34704,89,83,6,6
34705,79,116,-37,37
34706,137,134,3,3
34707,81,80,1,1
34708,64,65,-1,1
34709,170,165,5,5
34710,69,65,4,4
34711,72,64,8,8
34712,73,97,-24,24
34713,66,66,0,0
34714,114,108,6,6
34715,96,106,-10,10
34716,67,72,-5,5
34717,83,84,-1,1
34718,72,70,2,2
34719,150,153,-3,3
34720,56,51,5,5
34721,66,65,1,1
34722,53,59,-6,6
34723,169,157,12,12
34724,66,65,1,1
34725,105,114,-9,9
34726,101,98,3,3
34727,78,91,-13,13
34728,130,127,3,3
34729,140,140,0,0
34730,91,105,-14,14
34731,89,78,11,11
34732,73,72,1,1
34733,111,120,-9,9
34734,111,120,-9,9
34735,154,138,16,16
34736,56,59,-3,3
34737,136,126,10,10
34738,101,100,1,1
34739,120,123,-3,3
34740,62,57,5,5
34741,105,104,1,1
34742,76,79,-3,3
34743,161,162,-1,1
34744,88,90,-2,2
34745,51,60,-9,9
34746,108,115,-7,7
34747,101,105,-4,4
34748,74,74,0,0
34749,189,173,16,16
34750,46,50,-4,4
34751,58,66,-8,8
34752,100,92,8,8
34753,171,152,19,19
34754,45,55,-10,10
34755,87,66,21,21
34756,57,57,0,0
34757,137,124,13,13
34758,72,71,1,1
34759,115,114,1,1
34760,98,98,0,0
34761,58,65,-7,7
34762,87,120,-33,33
34763,79,81,-2,2
34764,79,82,-3,3
34765,67,64,3,3
34766,32,41,-9,9
34767,76,77,-1,1
34768,80,67,13,13
34769,106,91,15,15
34770,54,61,-7,7
34771,75,85,-10,10
34772,149,146,3,3
34773,110,107,3,3
34774,106,108,-2,2
34775,130,136,-6,6
34776,49,55,-6,6
34777,119,127,-8,8
34778,75,81,-6,6
34779,89,92,-3,3
34780,63,59,4,4
34781,64,58,6,6
34782,116,113,3,3
34783,79,75,4,4
34784,92,95,-3,3
34785,70,74,-4,4
34786,120,118,2,2
34787,165,157,8,8
34788,187,195,-8,8
34789,82,78,4,4
34790,53,77,-24,24
34791,88,86,2,2
34792,75,76,-1,1
34793,66,63,3,3
34794,80,77,3,3
34795,113,106,7,7
34796,48,46,2,2
34797,52,49,3,3
34798,169,159,10,10
34799,100,114,-14,14
34800,71,81,-10,10
34801,103,123,-20,20
34802,127,116,11,11
34803,132,112,20,20
34804,136,142,-6,6
34805,67,75,-8,8
34806,127,131,-4,4
34807,142,145,-3,3
34808,114,96,18,18
34809,71,78,-7,7
34810,77,75,2,2
34811,86,102,-16,16
34812,166,152,14,14
34813,116,106,10,10
34814,42,40,2,2
34815,91,88,3,3
34816,81,80,1,1
34817,109,102,7,7
34818,164,162,2,2
34819,119,116,3,3
34820,79,74,5,5
34821,122,122,0,0
34822,67,67,0,0
34823,96,98,-2,2
34824,81,82,-1,1
34825,110,78,32,32
34826,142,133,9,9
34827,30,40,-10,10
34828,102,120,-18,18
34829,128,120,8,8
34830,127,123,4,4
34831,55,96,-41,41
34832,125,158,-33,33
34833,85,93,-8,8
34834,82,90,-8,8
34835,99,113,-14,14
34836,142,137,5,5
34837,99,108,-9,9
34838,96,102,-6,6
34839,87,106,-19,19
34840,76,72,4,4
34841,95,105,-10,10
34842,61,64,-3,3
34843,58,59,-1,1
34844,88,84,4,4
34845,87,100,-13,13
34846,89,86,3,3
34847,100,99,1,1
34848,87,95,-8,8
34849,86,86,0,0
34850,43,58,-15,15
34851,33,40,-7,7
34852,97,93,4,4
34853,130,122,8,8
34854,149,142,7,7
34855,139,122,17,17
34856,71,74,-3,3
34857,53,72,-19,19
34858,69,67,2,2
34859,114,99,15,15
34860,60,68,-8,8
34861,53,66,-13,13
34862,80,80,0,0
34863,75,70,5,5
34864,101,129,-28,28
34865,147,147,0,0
34866,100,92,8,8
34867,112,120,-8,8
34868,61,58,3,3
34869,68,65,3,3
34870,41,66,-25,25
34871,72,68,4,4
34872,69,77,-8,8
34873,135,120,15,15
34874,112,115,-3,3
34875,63,63,0,0
34876,83,82,1,1
34877,74,85,-11,11
34878,85,101,-16,16
34879,91,87,4,4
34880,150,136,14,14
34881,96,92,4,4
34882,61,89,-28,28
34883,51,57,-6,6
34884,61,68,-7,7
34885,143,167,-24,24
34886,64,61,3,3
34887,59,56,3,3
34888,67,83,-16,16
34889,65,47,18,18
34890,142,133,9,9
34891,66,74,-8,8
34892,73,87,-14,14
34893,107,107,0,0
34894,112,99,13,13
34895,104,104,0,0
34896,46,46,0,0
34897,83,65,18,18
34898,89,87,2,2
34899,73,69,4,4
34900,59,60,-1,1
34901,59,64,-5,5
34902,112,109,3,3
34903,75,79,-4,4
34904,68,71,-3,3
34905,80,91,-11,11
34906,70,78,-8,8
34907,77,77,0,0
34908,49,52,-3,3
34909,91,83,8,8
34910,65,68,-3,3
34911,77,73,4,4
34912,130,122,8,8
34913,77,72,5,5
34914,175,175,0,0
34915,103,103,0,0
34916,79,70,9,9
34917,74,67,7,7
34918,98,107,-9,9
34919,111,106,5,5
34920,105,125,-20,20
34921,106,110,-4,4
34922,43,52,-9,9
34923,91,102,-11,11
34924,88,85,3,3
34925,121,121,0,0
34926,111,104,7,7
34927,65,82,-17,17
34928,63,64,-1,1
34929,91,99,-8,8
34930,70,74,-4,4
34931,117,111,6,6
34932,56,65,-9,9
34933,153,147,6,6
34934,135,137,-2,2
34935,66,67,-1,1
34936,97,107,-10,10
34937,94,102,-8,8
34938,79,79,0,0
34939,89,77,12,12
34940,117,115,2,2
34941,50,58,-8,8
34942,172,177,-5,5
34943,71,73,-2,2
34944,94,90,4,4
34945,146,144,2,2
34946,57,61,-4,4
34947,91,95,-4,4
34948,44,63,-19,19
34949,124,121,3,3
34950,117,112,5,5
34951,93,90,3,3
34952,100,104,-4,4
34953,167,162,5,5
34954,97,99,-2,2
34955,117,115,2,2
34956,142,124,18,18
34957,62,65,-3,3
34958,99,93,6,6
34959,83,93,-10,10
34960,61,66,-5,5
34961,80,88,-8,8
34962,85,79,6,6
34963,102,91,11,11
34964,127,139,-12,12
34965,123,123,0,0
34966,117,112,5,5
34967,102,113,-11,11
34968,100,86,14,14
34969,105,100,5,5
34970,116,109,7,7
34971,104,117,-13,13
34972,70,75,-5,5
34973,71,77,-6,6
34974,59,70,-11,11
34975,86,86,0,0
34976,121,107,14,14
34977,104,104,0,0
34978,93,97,-4,4
34979,78,76,2,2
34980,124,112,12,12
34981,83,84,-1,1
34982,126,135,-9,9
34983,91,91,0,0
34984,89,104,-15,15
34985,79,69,10,10
34986,110,109,1,1
34987,80,81,-1,1
34988,116,111,5,5
34989,133,127,6,6
34990,91,74,17,17
34991,94,92,2,2
34992,160,150,10,10
34993,107,122,-15,15
34994,61,63,-2,2
34995,74,61,13,13
34996,80,83,-3,3
34997,50,58,-8,8
34998,98,97,1,1
34999,47,53,-6,6
35000,63,90,-27,27
35001,92,98,-6,6
35002,97,91,6,6
35003,101,110,-9,9
35004,48,55,-7,7
35005,114,114,0,0
35006,106,100,6,6
35007,98,98,0,0
35008,133,134,-1,1
35009,98,91,7,7
35010,41,49,-8,8
35011,85,90,-5,5
35012,102,99,3,3
35013,97,97,0,0
35014,49,52,-3,3
35015,50,55,-5,5
35016,86,90,-4,4
35017,96,94,2,2
35018,110,104,6,6
35019,95,99,-4,4
35020,89,79,10,10
35021,92,91,1,1
35022,109,93,16,16
35023,75,79,-4,4
35024,61,58,3,3
35025,82,92,-10,10
35026,88,96,-8,8
35027,139,129,10,10
35028,67,76,-9,9
35029,106,111,-5,5
35030,108,106,2,2
35031,80,97,-17,17
35032,78,88,-10,10
35033,87,91,-4,4
35034,57,57,0,0
35035,63,62,1,1
35036,105,91,14,14
35037,129,112,17,17
35038,65,66,-1,1
35039,93,94,-1,1
35040,50,57,-7,7
35041,30,74,-44,44
35042,81,81,0,0
35043,55,64,-9,9
35044,76,72,4,4
35045,135,124,11,11
35046,55,63,-8,8
35047,140,136,4,4
35048,92,91,1,1
35049,124,134,-10,10
35050,100,101,-1,1
35051,40,48,-8,8
35052,50,55,-5,5
35053,85,88,-3,3
35054,87,97,-10,10
35055,136,134,2,2
35056,65,73,-8,8
35057,97,82,15,15
35058,80,73,7,7
35059,99,101,-2,2
35060,69,71,-2,2
35061,97,101,-4,4
35062,65,69,-4,4
35063,67,68,-1,1
35064,108,110,-2,2
35065,105,108,-3,3
35066,98,86,12,12
35067,73,71,2,2
35068,87,86,1,1
35069,80,68,12,12
35070,115,124,-9,9
35071,129,113,16,16
35072,62,66,-4,4
35073,141,141,0,0
35074,165,156,9,9
35075,167,168,-1,1
35076,128,116,12,12
35077,163,130,33,33
35078,49,66,-17,17
35079,73,74,-1,1
35080,117,170,-53,53
35081,182,169,13,13
35082,91,84,7,7
35083,73,79,-6,6
35084,130,139,-9,9
35085,92,89,3,3
35086,164,137,27,27
35087,100,114,-14,14
35088,106,107,-1,1
35089,155,162,-7,7
35090,84,82,2,2
35091,115,126,-11,11
35092,74,80,-6,6
35093,62,64,-2,2
35094,76,77,-1,1
35095,82,88,-6,6
35096,116,117,-1,1
35097,84,85,-1,1
35098,61,72,-11,11
35099,155,147,8,8
35100,87,147,-60,60
35101,118,129,-11,11
35102,126,135,-9,9
35103,123,134,-11,11
35104,72,73,-1,1
35105,106,111,-5,5
35106,119,118,1,1
35107,79,81,-2,2
35108,70,87,-17,17
35109,129,123,6,6
35110,93,82,11,11
35111,98,90,8,8
35112,164,151,13,13
35113,110,116,-6,6
35114,108,114,-6,6
35115,79,77,2,2
35116,140,144,-4,4
35117,81,87,-6,6
35118,84,65,19,19
35119,64,62,2,2
35120,101,103,-2,2
35121,65,72,-7,7
35122,71,80,-9,9
35123,66,61,5,5
35124,81,82,-1,1
35125,82,94,-12,12
35126,101,102,-1,1
35127,95,97,-2,2
35128,95,102,-7,7
35129,177,174,3,3
35130,148,154,-6,6
35131,83,90,-7,7
35132,79,78,1,1
35133,87,81,6,6
35134,120,126,-6,6
35135,140,165,-25,25
35136,117,116,1,1
35137,88,94,-6,6
35138,79,68,11,11
35139,89,99,-10,10
35140,83,89,-6,6
35141,79,90,-11,11
35142,118,111,7,7
35143,79,86,-7,7
35144,95,82,13,13
35145,62,70,-8,8
35146,67,74,-7,7
35147,63,71,-8,8
35148,99,89,10,10
35149,164,141,23,23
35150,71,66,5,5
35151,49,64,-15,15
35152,88,86,2,2
35153,93,72,21,21
35154,90,79,11,11
35155,96,89,7,7
35156,91,92,-1,1
35157,41,49,-8,8
35158,94,101,-7,7
35159,58,62,-4,4
35160,87,87,0,0
35161,100,94,6,6
35162,117,126,-9,9
35163,106,101,5,5
35164,65,68,-3,3
35165,126,141,-15,15
35166,92,95,-3,3
35167,78,82,-4,4
35168,98,91,7,7
35169,102,122,-20,20
35170,115,108,7,7
35171,93,90,3,3
35172,48,62,-14,14
35173,64,65,-1,1
35174,168,180,-12,12
35175,95,89,6,6
35176,125,130,-5,5
35177,128,125,3,3
35178,137,118,19,19
35179,62,66,-4,4
35180,76,76,0,0
35181,66,63,3,3
35182,50,60,-10,10
35183,98,94,4,4
35184,101,106,-5,5
35185,77,76,1,1
35186,97,97,0,0
35187,116,119,-3,3
35188,118,110,8,8
35189,157,165,-8,8
35190,48,57,-9,9
35191,86,88,-2,2
35192,79,95,-16,16
35193,93,95,-2,2
35194,58,59,-1,1
35195,65,72,-7,7
35196,203,186,17,17
35197,59,61,-2,2
35198,103,99,4,4
35199,35,44,-9,9
35200,95,106,-11,11
35201,89,94,-5,5
35202,122,114,8,8
35203,97,105,-8,8
35204,84,84,0,0
35205,146,136,10,10
35206,129,115,14,14
35207,76,90,-14,14
35208,79,85,-6,6
35209,92,96,-4,4
35210,82,75,7,7
35211,111,101,10,10
35212,88,87,1,1
35213,155,132,23,23
35214,75,70,5,5
35215,109,97,12,12
35216,64,66,-2,2
35217,76,70,6,6
35218,114,119,-5,5
35219,84,81,3,3
35220,90,89,1,1
35221,49,54,-5,5
35222,103,113,-10,10
35223,140,135,5,5
35224,64,66,-2,2
35225,171,182,-11,11
35226,89,89,0,0
35227,57,66,-9,9
35228,99,52,47,47
35229,62,65,-3,3
35230,191,160,31,31
35231,108,105,3,3
35232,116,108,8,8
35233,157,151,6,6
35234,98,101,-3,3
35235,167,172,-5,5
35236,89,84,5,5
35237,65,69,-4,4
35238,103,102,1,1
35239,107,95,12,12
35240,66,62,4,4
35241,137,154,-17,17
35242,68,67,1,1
35243,64,69,-5,5
35244,137,141,-4,4
35245,101,96,5,5
35246,120,113,7,7
35247,99,110,-11,11
35248,58,62,-4,4
35249,93,102,-9,9
35250,48,68,-20,20
35251,96,81,15,15
35252,68,70,-2,2
35253,95,101,-6,6
35254,117,110,7,7
35255,61,72,-11,11
35256,122,130,-8,8
35257,77,82,-5,5
35258,69,79,-10,10
35259,105,106,-1,1
35260,126,134,-8,8
35261,67,65,2,2
35262,122,114,8,8
35263,96,93,3,3
35264,188,174,14,14
35265,72,49,23,23
35266,122,123,-1,1
35267,53,60,-7,7
35268,49,66,-17,17
35269,131,122,9,9
35270,118,110,8,8
35271,68,59,9,9
35272,84,91,-7,7
35273,80,83,-3,3
35274,95,120,-25,25
35275,54,56,-2,2
35276,80,82,-2,2
35277,55,60,-5,5
35278,50,53,-3,3
35279,141,138,3,3
35280,118,104,14,14
35281,64,73,-9,9
35282,132,133,-1,1
35283,81,76,5,5
35284,49,55,-6,6
35285,86,92,-6,6
35286,107,108,-1,1
35287,123,116,7,7
35288,109,92,17,17
35289,121,123,-2,2
35290,89,95,-6,6
35291,57,63,-6,6
35292,123,132,-9,9
35293,102,106,-4,4
35294,143,133,10,10
35295,57,60,-3,3
35296,84,81,3,3
35297,73,67,6,6
35298,124,129,-5,5
35299,86,85,1,1
35300,128,121,7,7
35301,146,130,16,16
35302,92,94,-2,2
35303,68,77,-9,9
35304,88,96,-8,8
35305,147,136,11,11
35306,134,149,-15,15
35307,91,90,1,1
35308,137,135,2,2
35309,130,132,-2,2
35310,103,101,2,2
35311,78,92,-14,14
35312,85,81,4,4
35313,57,59,-2,2
35314,159,150,9,9
35315,80,93,-13,13
35316,113,130,-17,17
35317,152,138,14,14
35318,163,157,6,6
35319,137,124,13,13
35320,116,107,9,9
35321,144,142,2,2
35322,61,70,-9,9
35323,158,141,17,17
35324,120,150,-30,30
35325,64,74,-10,10
35326,106,97,9,9
35327,60,71,-11,11
35328,87,93,-6,6
35329,72,63,9,9
35330,92,99,-7,7
35331,164,139,25,25
35332,121,139,-18,18
35333,63,66,-3,3
35334,108,113,-5,5
35335,70,66,4,4
35336,66,76,-10,10
35337,81,134,-53,53
35338,84,82,2,2
35339,69,77,-8,8
35340,161,146,15,15
35341,73,76,-3,3
35342,62,62,0,0
35343,66,76,-10,10
35344,80,79,1,1
35345,110,125,-15,15
35346,145,153,-8,8
35347,32,53,-21,21
35348,62,72,-10,10
35349,191,187,4,4
35350,84,84,0,0
35351,96,96,0,0
35352,87,69,18,18
35353,54,60,-6,6
35354,85,80,5,5
35355,118,97,21,21
35356,52,58,-6,6
35357,102,92,10,10
35358,66,71,-5,5
35359,151,154,-3,3
35360,129,149,-20,20
35361,61,62,-1,1
35362,102,109,-7,7
35363,88,92,-4,4
35364,61,68,-7,7
35365,77,84,-7,7
35366,79,84,-5,5
35367,110,96,14,14
35368,96,97,-1,1
35369,74,69,5,5
35370,120,116,4,4
35371,134,128,6,6
35372,66,57,9,9
35373,61,61,0,0
35374,130,120,10,10
35375,60,67,-7,7
35376,66,69,-3,3
35377,115,117,-2,2
35378,99,88,11,11
35379,55,58,-3,3
35380,104,98,6,6
35381,104,106,-2,2
35382,97,116,-19,19
35383,48,53,-5,5
35384,51,59,-8,8
35385,51,54,-3,3
35386,80,84,-4,4
35387,57,57,0,0
35388,77,63,14,14
35389,128,120,8,8
35390,141,154,-13,13
35391,77,81,-4,4
35392,132,113,19,19
35393,110,110,0,0
35394,43,40,3,3
35395,110,120,-10,10
35396,85,72,13,13
35397,92,103,-11,11
35398,49,52,-3,3
35399,69,65,4,4
35400,64,67,-3,3
35401,82,82,0,0
35402,59,65,-6,6
35403,69,71,-2,2
35404,66,66,0,0
35405,92,90,2,2
35406,101,90,11,11
35407,62,65,-3,3
35408,126,109,17,17
35409,119,123,-4,4
35410,117,104,13,13
35411,162,154,8,8
35412,100,105,-5,5
35413,107,118,-11,11
35414,49,54,-5,5
35415,75,81,-6,6
35416,85,83,2,2
35417,87,81,6,6
35418,58,63,-5,5
35419,86,113,-27,27
35420,54,57,-3,3
35421,149,148,1,1
35422,99,90,9,9
35423,118,116,2,2
35424,88,89,-1,1
35425,128,149,-21,21
35426,121,118,3,3
35427,62,72,-10,10
35428,32,38,-6,6
35429,152,151,1,1
35430,58,54,4,4
35431,77,79,-2,2
35432,127,117,10,10
35433,109,107,2,2
35434,116,116,0,0
35435,83,89,-6,6
35436,70,86,-16,16
35437,101,95,6,6
35438,70,72,-2,2
35439,117,112,5,5
35440,93,95,-2,2
35441,72,80,-8,8
35442,131,131,0,0
35443,64,68,-4,4
35444,160,149,11,11
35445,86,80,6,6
35446,84,84,0,0
35447,56,56,0,0
35448,94,88,6,6
35449,149,143,6,6
35450,128,116,12,12
35451,97,113,-16,16
35452,178,172,6,6
35453,102,94,8,8
35454,53,57,-4,4
35455,124,102,22,22
35456,79,77,2,2
35457,136,156,-20,20
35458,71,75,-4,4
35459,54,51,3,3
35460,97,93,4,4
35461,72,79,-7,7
35462,169,149,20,20
35463,80,79,1,1
35464,53,67,-14,14
35465,64,60,4,4
35466,52,60,-8,8
35467,38,50,-12,12
35468,78,78,0,0
35469,160,94,66,66
35470,113,102,11,11
35471,90,97,-7,7
35472,63,63,0,0
35473,79,93,-14,14
35474,56,67,-11,11
35475,241,224,17,17
35476,68,71,-3,3
35477,145,148,-3,3
35478,69,64,5,5
35479,107,97,10,10
35480,79,86,-7,7
35481,123,118,5,5
35482,97,86,11,11
35483,77,81,-4,4
35484,66,142,-76,76
35485,83,88,-5,5
35486,82,86,-4,4
35487,78,78,0,0
35488,89,86,3,3
35489,76,67,9,9
35490,61,64,-3,3
35491,116,123,-7,7
35492,128,138,-10,10
35493,130,133,-3,3
35494,46,39,7,7
35495,105,105,0,0
35496,150,127,23,23
35497,156,152,4,4
35498,69,70,-1,1
35499,89,89,0,0
35500,77,73,4,4
35501,123,117,6,6
35502,97,101,-4,4
35503,87,88,-1,1
35504,80,85,-5,5
35505,79,75,4,4
35506,58,61,-3,3
35507,53,55,-2,2
35508,105,104,1,1
35509,74,84,-10,10
35510,101,108,-7,7
35511,56,61,-5,5
35512,115,109,6,6
35513,141,156,-15,15
35514,116,105,11,11
35515,47,57,-10,10
35516,43,45,-2,2
35517,80,84,-4,4
35518,91,93,-2,2
35519,75,93,-18,18
35520,114,107,7,7
35521,79,85,-6,6
35522,106,95,11,11
35523,69,56,13,13
35524,87,74,13,13
35525,118,114,4,4
35526,84,76,8,8
35527,90,103,-13,13
35528,97,98,-1,1
35529,57,61,-4,4
35530,132,145,-13,13
35531,90,111,-21,21
35532,108,121,-13,13
35533,132,119,13,13
35534,76,82,-6,6
35535,38,43,-5,5
35536,52,58,-6,6
35537,68,65,3,3
35538,141,148,-7,7
35539,90,96,-6,6
35540,72,66,6,6
35541,74,73,1,1
35542,89,87,2,2
35543,72,71,1,1
35544,78,65,13,13
35545,67,70,-3,3
35546,94,92,2,2
35547,65,68,-3,3
35548,75,69,6,6
35549,76,88,-12,12
35550,78,67,11,11
35551,70,78,-8,8
35552,124,116,8,8
35553,123,126,-3,3
35554,185,186,-1,1
35555,126,105,21,21
35556,104,99,5,5
35557,79,79,0,0
35558,74,48,26,26
35559,82,81,1,1
35560,47,53,-6,6
35561,40,43,-3,3
35562,102,106,-4,4
35563,68,81,-13,13
35564,95,100,-5,5
35565,111,104,7,7
35566,74,70,4,4
35567,63,65,-2,2
35568,118,120,-2,2
35569,181,171,10,10
35570,63,69,-6,6
35571,73,73,0,0
35572,76,79,-3,3
35573,80,80,0,0
35574,99,105,-6,6
35575,83,88,-5,5
35576,48,54,-6,6
35577,140,132,8,8
35578,101,114,-13,13
35579,76,101,-25,25
35580,84,102,-18,18
35581,95,86,9,9
35582,60,64,-4,4
35583,78,81,-3,3
35584,125,121,4,4
35585,90,91,-1,1
35586,99,104,-5,5
35587,58,55,3,3
35588,128,135,-7,7
35589,67,68,-1,1
35590,96,106,-10,10
35591,96,94,2,2
35592,141,138,3,3
35593,77,80,-3,3
35594,114,105,9,9
35595,86,90,-4,4
35596,175,175,0,0
35597,129,122,7,7
35598,50,60,-10,10
35599,70,69,1,1
35600,224,200,24,24
35601,146,137,9,9
35602,81,78,3,3
35603,97,104,-7,7
35604,118,117,1,1
35605,77,69,8,8
35606,73,76,-3,3
35607,85,84,1,1
35608,102,97,5,5
35609,130,125,5,5
35610,133,137,-4,4
35611,129,115,14,14
35612,80,82,-2,2
35613,93,93,0,0
35614,91,89,2,2
35615,41,95,-54,54
35616,82,90,-8,8
35617,67,74,-7,7
35618,85,85,0,0
35619,75,78,-3,3
35620,118,131,-13,13
35621,118,104,14,14
35622,79,81,-2,2
35623,63,70,-7,7
35624,170,172,-2,2
35625,73,75,-2,2
35626,114,95,19,19
35627,154,156,-2,2
35628,54,55,-1,1
35629,115,112,3,3
35630,49,115,-66,66
35631,99,103,-4,4
35632,80,81,-1,1
35633,152,162,-10,10
35634,71,73,-2,2
35635,118,148,-30,30
35636,106,96,10,10
35637,106,107,-1,1
35638,173,166,7,7
35639,89,105,-16,16
35640,65,67,-2,2
35641,93,96,-3,3
35642,109,108,1,1
35643,126,140,-14,14
35644,143,160,-17,17
35645,127,128,-1,1
35646,114,107,7,7
35647,84,90,-6,6
35648,68,74,-6,6
35649,60,67,-7,7
35650,111,116,-5,5
35651,127,137,-10,10
35652,83,73,10,10
35653,98,99,-1,1
35654,83,73,10,10
35655,77,81,-4,4
35656,51,47,4,4
35657,88,108,-20,20
35658,48,60,-12,12
35659,147,137,10,10
35660,66,89,-23,23
35661,100,88,12,12
35662,76,86,-10,10
35663,59,59,0,0
35664,116,113,3,3
35665,61,62,-1,1
35666,155,155,0,0
35667,99,107,-8,8
35668,112,109,3,3
35669,70,69,1,1
35670,79,86,-7,7
35671,96,113,-17,17
35672,90,98,-8,8
35673,104,100,4,4
35674,99,96,3,3
35675,81,85,-4,4
35676,134,151,-17,17
35677,126,122,4,4
35678,160,129,31,31
35679,75,67,8,8
35680,104,102,2,2
35681,150,144,6,6
35682,120,120,0,0
35683,90,94,-4,4
35684,120,117,3,3
35685,142,136,6,6
35686,75,68,7,7
35687,102,89,13,13
35688,162,148,14,14
35689,74,73,1,1
35690,75,77,-2,2
35691,99,99,0,0
35692,130,120,10,10
35693,53,48,5,5
35694,127,138,-11,11
35695,103,93,10,10
35696,94,90,4,4
35697,76,95,-19,19
35698,83,104,-21,21
35699,195,177,18,18
35700,58,74,-16,16
35701,51,58,-7,7
35702,153,147,6,6
35703,190,185,5,5
35704,87,88,-1,1
35705,96,94,2,2
35706,100,91,9,9
35707,74,76,-2,2
35708,67,73,-6,6
35709,124,122,2,2
35710,74,74,0,0
35711,111,103,8,8
35712,93,112,-19,19
35713,107,91,16,16
35714,70,58,12,12
35715,154,162,-8,8
35716,125,121,4,4
35717,107,99,8,8
35718,69,89,-20,20
35719,101,112,-11,11
35720,95,89,6,6
35721,96,97,-1,1
35722,85,90,-5,5
35723,70,100,-30,30
35724,68,66,2,2
35725,61,61,0,0
35726,155,153,2,2
35727,58,67,-9,9
35728,72,72,0,0
35729,47,55,-8,8
35730,98,101,-3,3
35731,145,125,20,20
35732,52,61,-9,9
35733,120,111,9,9
35734,78,71,7,7
35735,56,57,-1,1
35736,89,93,-4,4
35737,82,86,-4,4
35738,104,104,0,0
35739,128,140,-12,12
35740,159,141,18,18
35741,79,92,-13,13
35742,109,112,-3,3
35743,120,128,-8,8
35744,79,88,-9,9
35745,73,63,10,10
35746,64,60,4,4
35747,97,87,10,10
35748,135,114,21,21
35749,81,89,-8,8
35750,91,85,6,6
35751,58,55,3,3
35752,78,70,8,8
35753,77,80,-3,3
35754,47,46,1,1
35755,167,151,16,16
35756,65,81,-16,16
35757,152,151,1,1
35758,159,150,9,9
35759,89,123,-34,34
35760,205,178,27,27
35761,108,97,11,11
35762,101,100,1,1
35763,129,129,0,0
35764,123,128,-5,5
35765,90,109,-19,19
35766,138,142,-4,4
35767,105,98,7,7
35768,93,87,6,6
35769,129,111,18,18
35770,110,100,10,10
35771,86,99,-13,13
35772,72,65,7,7
35773,122,123,-1,1
35774,37,50,-13,13
35775,173,183,-10,10
35776,97,89,8,8
35777,45,53,-8,8
35778,97,77,20,20
35779,85,101,-16,16
35780,83,87,-4,4
35781,105,100,5,5
35782,138,139,-1,1
35783,98,93,5,5
35784,128,129,-1,1
35785,94,84,10,10
35786,131,116,15,15
35787,67,80,-13,13
35788,176,161,15,15
35789,116,96,20,20
35790,116,133,-17,17
35791,80,50,30,30
35792,84,79,5,5
35793,69,77,-8,8
35794,165,169,-4,4
35795,55,68,-13,13
35796,123,118,5,5
35797,117,118,-1,1
35798,81,73,8,8
35799,86,83,3,3
35800,185,179,6,6
35801,104,69,35,35
35802,89,96,-7,7
35803,85,78,7,7
35804,156,142,14,14
35805,72,66,6,6
35806,95,76,19,19
35807,86,77,9,9
35808,72,66,6,6
35809,168,154,14,14
35810,42,52,-10,10
35811,93,103,-10,10
35812,103,94,9,9
35813,83,88,-5,5
35814,137,130,7,7
35815,117,124,-7,7
35816,77,81,-4,4
35817,79,93,-14,14
35818,121,108,13,13
35819,110,122,-12,12
35820,101,96,5,5
35821,88,129,-41,41
35822,91,90,1,1
35823,166,159,7,7
35824,63,57,6,6
35825,92,98,-6,6
35826,138,133,5,5
35827,110,91,19,19
35828,151,150,1,1
35829,121,131,-10,10
35830,73,85,-12,12
35831,77,74,3,3
35832,197,183,14,14
35833,94,74,20,20
35834,67,70,-3,3
35835,147,120,27,27
35836,92,119,-27,27
35837,138,134,4,4
35838,71,89,-18,18
35839,93,97,-4,4
35840,115,106,9,9
35841,90,85,5,5
35842,137,123,14,14
35843,136,147,-11,11
35844,63,65,-2,2
35845,68,71,-3,3
35846,105,106,-1,1
35847,61,61,0,0
35848,75,79,-4,4
35849,120,127,-7,7
35850,145,152,-7,7
35851,106,106,0,0
35852,171,156,15,15
35853,87,90,-3,3
35854,112,100,12,12
35855,75,78,-3,3
35856,84,87,-3,3
35857,55,51,4,4
35858,57,61,-4,4
35859,71,74,-3,3
35860,150,144,6,6
35861,42,41,1,1
35862,95,100,-5,5
35863,100,107,-7,7
35864,77,68,9,9
35865,134,145,-11,11
35866,100,87,13,13
35867,117,134,-17,17
35868,74,113,-39,39
35869,106,102,4,4
35870,121,121,0,0
35871,115,111,4,4
35872,137,137,0,0
35873,80,82,-2,2
35874,81,78,3,3
35875,50,64,-14,14
35876,60,71,-11,11
35877,143,119,24,24
35878,80,103,-23,23
35879,72,67,5,5
35880,74,73,1,1
35881,125,126,-1,1
35882,111,110,1,1
35883,99,98,1,1
35884,72,70,2,2
35885,84,80,4,4
35886,52,59,-7,7
35887,54,53,1,1
35888,63,63,0,0
35889,101,95,6,6
35890,65,57,8,8
35891,74,83,-9,9
35892,141,144,-3,3
35893,84,91,-7,7
35894,156,132,24,24
35895,105,99,6,6
35896,130,125,5,5
35897,74,72,2,2
35898,97,105,-8,8
35899,111,116,-5,5
35900,65,66,-1,1
35901,124,122,2,2
35902,80,83,-3,3
35903,93,90,3,3
35904,122,123,-1,1
35905,84,93,-9,9
35906,92,102,-10,10
35907,52,79,-27,27
35908,86,97,-11,11
35909,69,76,-7,7
35910,114,105,9,9
35911,68,67,1,1
35912,123,129,-6,6
35913,104,126,-22,22
35914,119,112,7,7
35915,123,111,12,12
35916,99,94,5,5
35917,117,136,-19,19
35918,94,97,-3,3
35919,126,123,3,3
35920,148,136,12,12
35921,112,92,20,20
35922,168,159,9,9
35923,81,83,-2,2
35924,100,96,4,4
35925,78,80,-2,2
35926,109,116,-7,7
35927,120,113,7,7
35928,119,117,2,2
35929,83,110,-27,27
35930,138,135,3,3
35931,63,66,-3,3
35932,63,57,6,6
35933,88,83,5,5
35934,50,51,-1,1
35935,171,153,18,18
35936,111,88,23,23
35937,154,168,-14,14
35938,131,118,13,13
35939,110,112,-2,2
35940,74,78,-4,4
35941,116,130,-14,14
35942,112,113,-1,1
35943,89,93,-4,4
35944,109,124,-15,15
35945,68,68,0,0
35946,77,84,-7,7
35947,69,68,1,1
35948,54,68,-14,14
35949,74,72,2,2
35950,140,138,2,2
35951,92,95,-3,3
35952,47,56,-9,9
35953,49,57,-8,8
35954,72,76,-4,4
35955,79,84,-5,5
35956,45,58,-13,13
35957,53,60,-7,7
35958,114,114,0,0
35959,64,70,-6,6
35960,63,55,8,8
35961,113,107,6,6
35962,103,102,1,1
35963,109,100,9,9
35964,94,87,7,7
35965,65,61,4,4
35966,94,79,15,15
35967,142,140,2,2
35968,38,48,-10,10
35969,91,103,-12,12
35970,86,83,3,3
35971,150,146,4,4
35972,66,63,3,3
35973,68,66,2,2
35974,62,56,6,6
35975,53,53,0,0
35976,53,58,-5,5
35977,117,116,1,1
35978,89,89,0,0
35979,96,78,18,18
35980,109,114,-5,5
35981,100,98,2,2
35982,132,133,-1,1
35983,125,128,-3,3
35984,47,41,6,6
35985,76,94,-18,18
35986,80,84,-4,4
35987,108,131,-23,23
35988,72,74,-2,2
35989,79,77,2,2
35990,103,111,-8,8
35991,93,91,2,2
35992,90,97,-7,7
35993,76,82,-6,6
35994,88,93,-5,5
35995,70,59,11,11
35996,162,139,23,23
35997,86,65,21,21
35998,62,65,-3,3
35999,78,79,-1,1
36000,51,55,-4,4
36001,131,115,16,16
36002,81,60,21,21
36003,100,99,1,1
36004,107,104,3,3
36005,71,75,-4,4
36006,99,98,1,1
36007,128,120,8,8
36008,102,101,1,1
36009,111,115,-4,4
36010,114,121,-7,7
36011,145,135,10,10
36012,123,110,13,13
36013,64,66,-2,2
36014,138,142,-4,4
36015,120,129,-9,9
36016,96,92,4,4
36017,143,139,4,4
36018,79,76,3,3
36019,139,153,-14,14
36020,124,109,15,15
36021,76,83,-7,7
36022,67,68,-1,1
36023,65,78,-13,13
36024,62,68,-6,6
36025,184,186,-2,2
36026,102,105,-3,3
36027,60,62,-2,2
36028,79,89,-10,10
36029,63,65,-2,2
36030,70,60,10,10
36031,91,102,-11,11
36032,68,71,-3,3
36033,86,94,-8,8
36034,97,99,-2,2
36035,78,86,-8,8
36036,110,94,16,16
36037,94,90,4,4
36038,68,90,-22,22
36039,150,141,9,9
36040,81,83,-2,2
36041,58,68,-10,10
36042,48,52,-4,4
36043,76,73,3,3
36044,102,92,10,10
36045,74,80,-6,6
36046,60,71,-11,11
36047,75,89,-14,14
36048,92,89,3,3
36049,62,63,-1,1
36050,91,101,-10,10
36051,93,81,12,12
36052,146,154,-8,8
36053,94,90,4,4
36054,88,91,-3,3
36055,124,134,-10,10
36056,92,93,-1,1
36057,87,118,-31,31
36058,113,117,-4,4
36059,99,89,10,10
36060,90,92,-2,2
36061,95,92,3,3
36062,61,65,-4,4
36063,139,121,18,18
36064,106,124,-18,18
36065,42,52,-10,10
36066,95,69,26,26
36067,121,129,-8,8
36068,130,135,-5,5
36069,121,128,-7,7
36070,74,81,-7,7
36071,84,86,-2,2
36072,70,65,5,5
36073,73,76,-3,3
36074,116,120,-4,4
36075,120,118,2,2
36076,151,145,6,6
36077,80,80,0,0
36078,90,94,-4,4
36079,68,73,-5,5
36080,102,100,2,2
36081,180,168,12,12
36082,44,75,-31,31
36083,170,161,9,9
36084,99,88,11,11
36085,130,123,7,7
36086,78,101,-23,23
36087,107,105,2,2
36088,93,96,-3,3
36089,146,148,-2,2
36090,97,101,-4,4
36091,107,98,9,9
36092,116,111,5,5
36093,81,88,-7,7
36094,84,82,2,2
36095,88,100,-12,12
36096,77,58,19,19
36097,65,68,-3,3
36098,158,155,3,3
36099,76,90,-14,14
36100,56,56,0,0
36101,119,120,-1,1
36102,82,79,3,3
36103,52,60,-8,8
36104,44,61,-17,17
36105,122,105,17,17
36106,92,98,-6,6
36107,87,86,1,1
36108,152,140,12,12
36109,97,99,-2,2
36110,127,109,18,18
36111,61,64,-3,3
36112,58,62,-4,4
36113,94,101,-7,7
36114,123,107,16,16
36115,141,141,0,0
36116,61,68,-7,7
36117,151,187,-36,36
36118,117,120,-3,3
36119,88,78,10,10
36120,71,69,2,2
36121,131,135,-4,4
36122,98,101,-3,3
36123,54,59,-5,5
36124,133,131,2,2
36125,68,59,9,9
36126,49,61,-12,12
36127,106,97,9,9
36128,144,137,7,7
36129,105,107,-2,2
36130,59,67,-8,8
36131,65,66,-1,1
36132,136,125,11,11
36133,58,59,-1,1
36134,49,52,-3,3
36135,47,56,-9,9
36136,87,88,-1,1
36137,81,102,-21,21
36138,110,96,14,14
36139,119,118,1,1
36140,114,113,1,1
36141,77,71,6,6
36142,114,116,-2,2
36143,112,116,-4,4
36144,86,100,-14,14
36145,91,96,-5,5
36146,136,126,10,10
36147,52,55,-3,3
36148,85,89,-4,4
36149,97,94,3,3
36150,151,129,22,22
36151,118,107,11,11
36152,156,130,26,26
36153,61,56,5,5
36154,107,117,-10,10
36155,173,176,-3,3
36156,86,92,-6,6
36157,74,80,-6,6
36158,90,80,10,10
36159,61,60,1,1
36160,112,124,-12,12
36161,114,114,0,0
36162,86,92,-6,6
36163,115,120,-5,5
36164,128,126,2,2
36165,62,69,-7,7
36166,81,76,5,5
36167,102,101,1,1
36168,104,105,-1,1
36169,70,79,-9,9
36170,85,90,-5,5
36171,59,63,-4,4
36172,112,101,11,11
36173,141,137,4,4
36174,103,104,-1,1
36175,89,86,3,3
36176,83,77,6,6
36177,54,59,-5,5
36178,70,77,-7,7
36179,75,76,-1,1
36180,124,110,14,14
36181,64,65,-1,1
36182,137,130,7,7
36183,112,125,-13,13
36184,60,63,-3,3
36185,103,108,-5,5
36186,76,71,5,5
36187,100,93,7,7
36188,68,73,-5,5
36189,72,76,-4,4
36190,52,61,-9,9
36191,91,87,4,4
36192,57,61,-4,4
36193,71,59,12,12
36194,99,100,-1,1
36195,117,130,-13,13
36196,179,172,7,7
36197,109,110,-1,1
36198,33,42,-9,9
36199,101,103,-2,2
36200,105,93,12,12
36201,88,88,0,0
36202,152,167,-15,15
36203,88,86,2,2
36204,140,124,16,16
36205,123,106,17,17
36206,129,134,-5,5
36207,57,61,-4,4
36208,53,54,-1,1
36209,65,73,-8,8
36210,72,75,-3,3
36211,127,141,-14,14
36212,62,71,-9,9
36213,47,54,-7,7
36214,101,81,20,20
36215,58,54,4,4
36216,90,94,-4,4
36217,71,72,-1,1
36218,148,132,16,16
36219,131,121,10,10
36220,173,175,-2,2
36221,140,130,10,10
36222,88,92,-4,4
36223,105,112,-7,7
36224,129,120,9,9
36225,105,94,11,11
36226,113,127,-14,14
36227,83,93,-10,10
36228,58,62,-4,4
36229,59,59,0,0
36230,110,94,16,16
36231,106,110,-4,4
36232,95,99,-4,4
36233,101,80,21,21
36234,56,48,8,8
36235,134,136,-2,2
36236,118,109,9,9
36237,114,113,1,1
36238,70,77,-7,7
36239,68,74,-6,6
36240,66,65,1,1
36241,92,80,12,12
36242,113,116,-3,3
36243,108,95,13,13
36244,91,95,-4,4
36245,146,154,-8,8
36246,114,113,1,1
36247,103,98,5,5
36248,108,147,-39,39
36249,60,65,-5,5
36250,62,69,-7,7
36251,102,104,-2,2
36252,110,122,-12,12
36253,194,172,22,22
36254,53,60,-7,7
36255,102,96,6,6
36256,175,151,24,24
36257,66,67,-1,1
36258,108,103,5,5
36259,112,108,4,4
36260,154,145,9,9
36261,121,128,-7,7
36262,66,64,2,2
36263,84,85,-1,1
36264,72,69,3,3
36265,97,88,9,9
36266,125,119,6,6
36267,53,59,-6,6
36268,56,63,-7,7
36269,139,150,-11,11
36270,76,96,-20,20
36271,98,92,6,6
36272,64,75,-11,11
36273,102,100,2,2
36274,63,78,-15,15
36275,125,127,-2,2
36276,133,116,17,17
36277,61,64,-3,3
36278,57,60,-3,3
36279,87,81,6,6
36280,65,61,4,4
36281,45,44,1,1
36282,105,98,7,7
36283,123,124,-1,1
36284,96,91,5,5
36285,146,160,-14,14
36286,65,75,-10,10
36287,93,91,2,2
36288,67,70,-3,3
36289,112,94,18,18
36290,128,126,2,2
36291,78,82,-4,4
36292,73,73,0,0
36293,89,92,-3,3
36294,62,65,-3,3
36295,127,138,-11,11
36296,126,116,10,10
36297,80,85,-5,5
36298,84,92,-8,8
36299,85,101,-16,16
36300,65,68,-3,3
36301,63,51,12,12
36302,42,54,-12,12
36303,84,81,3,3
36304,73,75,-2,2
36305,50,53,-3,3
36306,107,131,-24,24
36307,108,100,8,8
36308,65,62,3,3
36309,150,137,13,13
36310,101,93,8,8
36311,51,60,-9,9
36312,74,67,7,7
36313,79,80,-1,1
36314,117,105,12,12
36315,71,80,-9,9
36316,70,76,-6,6
36317,75,74,1,1
36318,38,46,-8,8
36319,104,109,-5,5
36320,97,91,6,6
36321,117,116,1,1
36322,78,71,7,7
36323,58,68,-10,10
36324,133,129,4,4
36325,51,56,-5,5
36326,117,115,2,2
36327,82,85,-3,3
36328,155,147,8,8
36329,102,108,-6,6
36330,137,128,9,9
36331,85,78,7,7
36332,132,140,-8,8
36333,35,41,-6,6
36334,72,66,6,6
36335,119,120,-1,1
36336,90,86,4,4
36337,69,69,0,0
36338,76,85,-9,9
36339,85,101,-16,16
36340,114,109,5,5
36341,84,117,-33,33
36342,78,81,-3,3
36343,55,57,-2,2
36344,102,106,-4,4
36345,163,143,20,20
36346,69,73,-4,4
36347,126,121,5,5
36348,43,51,-8,8
36349,61,66,-5,5
36350,54,56,-2,2
36351,109,110,-1,1
36352,102,119,-17,17
36353,80,83,-3,3
36354,206,181,25,25
36355,51,55,-4,4
36356,89,74,15,15
36357,72,76,-4,4
36358,127,124,3,3
36359,76,80,-4,4
36360,107,139,-32,32
36361,71,67,4,4
36362,66,68,-2,2
36363,76,70,6,6
36364,184,174,10,10
36365,129,126,3,3
36366,55,62,-7,7
36367,110,119,-9,9
36368,75,84,-9,9
36369,61,69,-8,8
36370,136,128,8,8
36371,103,107,-4,4
36372,115,125,-10,10
36373,55,57,-2,2
36374,113,109,4,4
36375,89,82,7,7
36376,121,115,6,6
36377,80,89,-9,9
36378,141,137,4,4
36379,150,156,-6,6
36380,90,89,1,1
36381,73,76,-3,3
36382,137,136,1,1
36383,107,100,7,7
36384,86,88,-2,2
36385,112,113,-1,1
36386,46,56,-10,10
36387,72,77,-5,5
36388,99,105,-6,6
36389,63,67,-4,4
36390,126,120,6,6
36391,64,65,-1,1
36392,90,101,-11,11
36393,59,66,-7,7
36394,66,63,3,3
36395,114,101,13,13
36396,102,96,6,6
36397,77,74,3,3
36398,90,72,18,18
36399,68,62,6,6
36400,78,80,-2,2
36401,71,74,-3,3
36402,49,51,-2,2
36403,83,88,-5,5
36404,112,118,-6,6
36405,102,107,-5,5
36406,134,114,20,20
36407,57,64,-7,7
36408,71,75,-4,4
36409,163,157,6,6
36410,130,124,6,6
36411,123,147,-24,24
36412,117,109,8,8
36413,78,74,4,4
36414,39,48,-9,9
36415,49,57,-8,8
36416,57,59,-2,2
36417,51,60,-9,9
36418,123,116,7,7
36419,92,91,1,1
36420,93,102,-9,9
36421,77,85,-8,8
36422,197,153,44,44
36423,112,111,1,1
36424,63,68,-5,5
36425,83,92,-9,9
36426,68,86,-18,18
36427,105,98,7,7
36428,62,65,-3,3
36429,71,68,3,3
36430,91,90,1,1
36431,85,75,10,10
36432,197,182,15,15
36433,124,117,7,7
36434,119,114,5,5
36435,130,139,-9,9
36436,81,76,5,5
36437,92,91,1,1
36438,71,75,-4,4
36439,67,72,-5,5
36440,99,91,8,8
36441,94,104,-10,10
36442,114,114,0,0
36443,167,163,4,4
36444,120,119,1,1
36445,125,122,3,3
36446,70,59,11,11
36447,114,107,7,7
36448,95,91,4,4
36449,46,60,-14,14
36450,101,104,-3,3
36451,61,52,9,9
36452,90,96,-6,6
36453,67,158,-91,91
36454,157,146,11,11
36455,79,76,3,3
36456,105,108,-3,3
36457,112,100,12,12
36458,89,88,1,1
36459,105,98,7,7
36460,124,117,7,7
36461,65,65,0,0
36462,73,72,1,1
36463,66,67,-1,1
36464,61,67,-6,6
36465,125,129,-4,4
36466,122,137,-15,15
36467,76,70,6,6
36468,90,99,-9,9
36469,176,142,34,34
36470,62,72,-10,10
36471,139,144,-5,5
36472,43,49,-6,6
36473,67,75,-8,8
36474,50,60,-10,10
36475,66,75,-9,9
36476,59,62,-3,3
36477,81,75,6,6
36478,83,76,7,7
36479,92,95,-3,3
36480,76,83,-7,7
36481,62,63,-1,1
36482,64,80,-16,16
36483,92,100,-8,8
36484,123,121,2,2
36485,84,76,8,8
36486,88,85,3,3
36487,58,64,-6,6
36488,87,77,10,10
36489,73,71,2,2
36490,44,52,-8,8
36491,123,125,-2,2
36492,76,69,7,7
36493,82,86,-4,4
36494,84,86,-2,2
36495,69,77,-8,8
36496,80,83,-3,3
36497,104,113,-9,9
36498,81,83,-2,2
36499,79,86,-7,7
36500,90,110,-20,20
36501,105,95,10,10
36502,140,134,6,6
36503,85,91,-6,6
36504,96,96,0,0
36505,102,100,2,2
36506,81,73,8,8
36507,117,94,23,23
36508,68,68,0,0
36509,79,84,-5,5
36510,143,137,6,6
36511,66,62,4,4
36512,52,52,0,0
36513,109,99,10,10
36514,40,59,-19,19
36515,140,116,24,24
36516,115,111,4,4
36517,74,86,-12,12
36518,61,60,1,1
36519,66,65,1,1
36520,92,84,8,8
36521,48,74,-26,26
36522,116,107,9,9
36523,141,135,6,6
36524,113,104,9,9
36525,89,78,11,11
36526,139,120,19,19
36527,134,146,-12,12
36528,152,123,29,29
36529,88,94,-6,6
36530,93,98,-5,5
36531,161,162,-1,1
36532,90,100,-10,10
36533,68,72,-4,4
36534,148,138,10,10
36535,82,88,-6,6
36536,96,92,4,4
36537,171,154,17,17
36538,96,103,-7,7
36539,66,63,3,3
36540,113,109,4,4
36541,78,89,-11,11
36542,82,87,-5,5
36543,61,61,0,0
36544,82,86,-4,4
36545,99,110,-11,11
36546,225,182,43,43
36547,81,87,-6,6
36548,62,56,6,6
36549,66,72,-6,6
36550,44,60,-16,16
36551,74,89,-15,15
36552,83,77,6,6
36553,109,92,17,17
36554,51,66,-15,15
36555,121,130,-9,9
36556,83,81,2,2
36557,81,90,-9,9
36558,53,64,-11,11
36559,73,84,-11,11
36560,109,101,8,8
36561,151,147,4,4
36562,115,123,-8,8
36563,122,115,7,7
36564,116,120,-4,4
36565,107,95,12,12
36566,109,101,8,8
36567,72,76,-4,4
36568,43,49,-6,6
36569,78,73,5,5
36570,127,120,7,7
36571,50,51,-1,1
36572,96,93,3,3
36573,53,59,-6,6
36574,37,47,-10,10
36575,94,87,7,7
36576,56,66,-10,10
36577,27,43,-16,16
36578,38,57,-19,19
36579,109,112,-3,3
36580,109,113,-4,4
36581,70,74,-4,4
36582,60,64,-4,4
36583,82,93,-11,11
36584,67,60,7,7
36585,67,69,-2,2
36586,78,68,10,10
36587,62,72,-10,10
36588,49,60,-11,11
36589,109,97,12,12
36590,88,91,-3,3
36591,81,100,-19,19
36592,82,97,-15,15
36593,90,96,-6,6
36594,79,83,-4,4
36595,97,79,18,18
36596,75,83,-8,8
36597,104,97,7,7
36598,84,91,-7,7
36599,146,135,11,11
36600,62,62,0,0
36601,104,117,-13,13
36602,106,110,-4,4
36603,92,93,-1,1
36604,92,88,4,4
36605,92,99,-7,7
36606,71,80,-9,9
36607,91,92,-1,1
36608,87,97,-10,10
36609,79,95,-16,16
36610,86,101,-15,15
36611,128,113,15,15
36612,186,185,1,1
36613,138,133,5,5
36614,89,80,9,9
36615,168,153,15,15
36616,46,54,-8,8
36617,93,86,7,7
36618,72,75,-3,3
36619,110,102,8,8
36620,99,90,9,9
36621,51,56,-5,5
36622,93,93,0,0
36623,99,106,-7,7
36624,126,141,-15,15
36625,64,63,1,1
36626,209,195,14,14
36627,102,98,4,4
36628,98,102,-4,4
36629,79,71,8,8
36630,85,88,-3,3
36631,64,69,-5,5
36632,83,82,1,1
36633,121,102,19,19
36634,111,107,4,4
36635,72,72,0,0
36636,97,93,4,4
36637,96,91,5,5
36638,64,68,-4,4
36639,128,130,-2,2
36640,34,43,-9,9
36641,124,114,10,10
36642,84,76,8,8
36643,132,130,2,2
36644,55,60,-5,5
36645,118,110,8,8
36646,47,61,-14,14
36647,74,69,5,5
36648,75,70,5,5
36649,93,95,-2,2
36650,171,135,36,36
36651,81,82,-1,1
36652,62,65,-3,3
36653,81,82,-1,1
36654,83,86,-3,3
36655,65,63,2,2
36656,61,66,-5,5
36657,83,90,-7,7
36658,102,105,-3,3
36659,78,76,2,2
36660,85,85,0,0
36661,122,102,20,20
36662,60,63,-3,3
36663,151,149,2,2
36664,72,73,-1,1
36665,93,89,4,4
36666,99,102,-3,3
36667,95,92,3,3
36668,105,103,2,2
36669,83,64,19,19
36670,128,137,-9,9
36671,76,107,-31,31
36672,114,111,3,3
36673,125,129,-4,4
36674,88,81,7,7
36675,117,109,8,8
36676,54,60,-6,6
36677,102,103,-1,1
36678,60,59,1,1
36679,47,53,-6,6
36680,76,78,-2,2
36681,53,61,-8,8
36682,83,86,-3,3
36683,148,164,-16,16
36684,101,89,12,12
36685,126,123,3,3
36686,124,189,-65,65
36687,114,126,-12,12
36688,74,76,-2,2
36689,83,98,-15,15
36690,109,107,2,2
36691,89,91,-2,2
36692,76,79,-3,3
36693,53,62,-9,9
36694,78,75,3,3
36695,60,68,-8,8
36696,136,131,5,5
36697,42,59,-17,17
36698,126,131,-5,5
36699,99,110,-11,11
36700,96,111,-15,15
36701,45,50,-5,5
36702,77,68,9,9
36703,167,146,21,21
36704,102,123,-21,21
36705,92,111,-19,19
36706,61,63,-2,2
36707,138,130,8,8
36708,117,126,-9,9
36709,127,120,7,7
36710,92,88,4,4
36711,83,87,-4,4
36712,69,69,0,0
36713,189,179,10,10
36714,89,77,12,12
36715,154,156,-2,2
36716,78,83,-5,5
36717,92,94,-2,2
36718,151,157,-6,6
36719,138,148,-10,10
36720,73,74,-1,1
36721,152,154,-2,2
36722,122,120,2,2
36723,71,64,7,7
36724,118,118,0,0
36725,93,86,7,7
36726,104,99,5,5
36727,85,79,6,6
36728,91,87,4,4
36729,50,55,-5,5
36730,102,94,8,8
36731,120,124,-4,4
36732,111,116,-5,5
36733,71,74,-3,3
36734,57,52,5,5
36735,161,133,28,28
36736,53,52,1,1
36737,122,143,-21,21
36738,125,122,3,3
36739,83,75,8,8
36740,74,81,-7,7
36741,78,72,6,6
36742,51,53,-2,2
36743,167,142,25,25
36744,78,82,-4,4
36745,207,179,28,28
36746,120,117,3,3
36747,142,155,-13,13
36748,71,82,-11,11
36749,144,128,16,16
36750,55,56,-1,1
36751,75,68,7,7
36752,113,128,-15,15
36753,100,114,-14,14
36754,56,60,-4,4
36755,137,125,12,12
36756,92,97,-5,5
36757,142,138,4,4
36758,114,115,-1,1
36759,47,56,-9,9
36760,61,61,0,0
36761,130,117,13,13
36762,68,72,-4,4
36763,72,82,-10,10
36764,39,43,-4,4
36765,116,117,-1,1
36766,135,124,11,11
36767,121,120,1,1
36768,126,121,5,5
36769,115,134,-19,19
36770,92,88,4,4
36771,137,137,0,0
36772,67,66,1,1
36773,58,56,2,2
36774,74,83,-9,9
36775,66,67,-1,1
36776,70,67,3,3
36777,89,107,-18,18
36778,85,101,-16,16
36779,77,78,-1,1
36780,54,46,8,8
36781,103,107,-4,4
36782,45,57,-12,12
36783,35,46,-11,11
36784,84,115,-31,31
36785,61,72,-11,11
36786,114,109,5,5
36787,47,59,-12,12
36788,86,89,-3,3
36789,92,101,-9,9
36790,61,60,1,1
36791,96,98,-2,2
36792,48,53,-5,5
36793,115,133,-18,18
36794,209,195,14,14
36795,89,99,-10,10
36796,63,56,7,7
36797,68,69,-1,1
36798,88,101,-13,13
36799,63,77,-14,14
36800,121,137,-16,16
36801,146,166,-20,20
36802,64,60,4,4
36803,75,80,-5,5
36804,118,115,3,3
36805,121,120,1,1
36806,87,89,-2,2
36807,80,76,4,4
36808,80,81,-1,1
36809,107,105,2,2
36810,137,124,13,13
36811,96,87,9,9
36812,74,78,-4,4
36813,90,79,11,11
36814,70,68,2,2
36815,45,52,-7,7
36816,63,62,1,1
36817,122,113,9,9
36818,80,83,-3,3
36819,91,89,2,2
36820,241,175,66,66
36821,49,49,0,0
36822,115,124,-9,9
36823,136,99,37,37
36824,87,77,10,10
36825,90,106,-16,16
36826,86,83,3,3
36827,126,117,9,9
36828,63,76,-13,13
36829,68,70,-2,2
36830,83,70,13,13
36831,101,97,4,4
36832,82,111,-29,29
36833,105,116,-11,11
36834,141,157,-16,16
36835,67,71,-4,4
36836,29,42,-13,13
36837,96,100,-4,4
36838,69,68,1,1
36839,62,65,-3,3
36840,68,70,-2,2
36841,96,94,2,2
36842,122,121,1,1
36843,109,119,-10,10
36844,83,80,3,3
36845,127,113,14,14
36846,115,130,-15,15
36847,95,95,0,0
36848,64,70,-6,6
36849,80,77,3,3
36850,285,288,-3,3
36851,88,82,6,6
36852,154,128,26,26
36853,163,152,11,11
36854,68,104,-36,36
36855,72,83,-11,11
36856,184,190,-6,6
36857,87,83,4,4
36858,58,64,-6,6
36859,110,123,-13,13
36860,62,71,-9,9
36861,53,56,-3,3
36862,158,157,1,1
36863,87,98,-11,11
36864,70,78,-8,8
36865,72,70,2,2
36866,141,122,19,19
36867,94,94,0,0
36868,48,59,-11,11
36869,56,59,-3,3
36870,169,156,13,13
36871,81,106,-25,25
36872,71,73,-2,2
36873,97,85,12,12
36874,73,81,-8,8
36875,90,96,-6,6
36876,122,121,1,1
36877,68,64,4,4
36878,128,120,8,8
36879,68,70,-2,2
36880,128,120,8,8
36881,80,88,-8,8
36882,76,70,6,6
36883,131,144,-13,13
36884,96,96,0,0
36885,118,130,-12,12
36886,112,97,15,15
36887,174,173,1,1
36888,44,58,-14,14
36889,92,101,-9,9
36890,66,66,0,0
36891,90,88,2,2
36892,144,136,8,8
36893,110,95,15,15
36894,164,146,18,18
36895,85,78,7,7
36896,87,95,-8,8
36897,126,147,-21,21
36898,70,70,0,0
36899,111,114,-3,3
36900,56,59,-3,3
36901,50,62,-12,12
36902,93,90,3,3
36903,66,67,-1,1
36904,77,78,-1,1
36905,59,62,-3,3
36906,95,94,1,1
36907,79,81,-2,2
36908,84,90,-6,6
36909,81,86,-5,5
36910,118,112,6,6
36911,62,61,1,1
36912,113,115,-2,2
36913,89,80,9,9
36914,109,105,4,4
36915,157,156,1,1
36916,144,166,-22,22
36917,113,91,22,22
36918,136,114,22,22
36919,55,52,3,3
36920,100,116,-16,16
36921,127,111,16,16
36922,137,133,4,4
36923,77,74,3,3
36924,75,74,1,1
36925,96,97,-1,1
36926,183,172,11,11
36927,100,96,4,4
36928,66,60,6,6
36929,87,92,-5,5
36930,76,79,-3,3
36931,79,101,-22,22
36932,84,89,-5,5
36933,101,92,9,9
36934,110,111,-1,1
36935,97,101,-4,4
36936,55,63,-8,8
36937,94,85,9,9
36938,65,70,-5,5
36939,78,74,4,4
36940,69,85,-16,16
36941,171,160,11,11
36942,78,80,-2,2
36943,58,63,-5,5
36944,79,86,-7,7
36945,90,90,0,0
36946,43,47,-4,4
36947,80,102,-22,22
36948,121,134,-13,13
36949,186,174,12,12
36950,87,94,-7,7
36951,25,40,-15,15
36952,77,89,-12,12
36953,111,99,12,12
36954,60,61,-1,1
36955,70,74,-4,4
36956,145,139,6,6
36957,83,80,3,3
36958,87,81,6,6
36959,79,79,0,0
36960,110,105,5,5
36961,70,66,4,4
36962,157,151,6,6
36963,95,101,-6,6
36964,62,71,-9,9
36965,83,88,-5,5
36966,64,60,4,4
36967,240,227,13,13
36968,77,83,-6,6
36969,171,147,24,24
36970,111,114,-3,3
36971,98,90,8,8
36972,60,63,-3,3
36973,94,98,-4,4
36974,117,112,5,5
36975,113,116,-3,3
36976,149,162,-13,13
36977,84,82,2,2
36978,50,61,-11,11
36979,109,120,-11,11
36980,77,99,-22,22
36981,125,120,5,5
36982,74,88,-14,14
36983,80,85,-5,5
36984,70,73,-3,3
36985,79,79,0,0
36986,125,109,16,16
36987,102,87,15,15
36988,72,75,-3,3
36989,99,113,-14,14
36990,73,80,-7,7
36991,104,91,13,13
36992,99,97,2,2
36993,97,87,10,10
36994,135,137,-2,2
36995,80,91,-11,11
36996,146,146,0,0
36997,59,64,-5,5
36998,95,99,-4,4
36999,159,140,19,19
37000,73,68,5,5
37001,94,98,-4,4
37002,159,123,36,36
37003,178,192,-14,14
37004,58,60,-2,2
37005,88,101,-13,13
37006,88,93,-5,5
37007,81,89,-8,8
37008,79,75,4,4
37009,54,61,-7,7
37010,88,83,5,5
37011,75,71,4,4
37012,101,90,11,11
37013,89,85,4,4
37014,51,55,-4,4
37015,121,125,-4,4
37016,110,113,-3,3
37017,99,93,6,6
37018,63,64,-1,1
37019,113,118,-5,5
37020,137,143,-6,6
37021,114,130,-16,16
37022,87,94,-7,7
37023,176,141,35,35
37024,136,133,3,3
37025,104,110,-6,6
37026,131,243,-112,112
37027,100,107,-7,7
37028,110,108,2,2
37029,54,57,-3,3
37030,99,97,2,2
37031,55,61,-6,6
37032,141,131,10,10
37033,142,137,5,5
37034,125,106,19,19
37035,114,119,-5,5
37036,121,136,-15,15
37037,138,128,10,10
37038,66,68,-2,2
37039,108,97,11,11
37040,137,139,-2,2
37041,57,57,0,0
37042,97,102,-5,5
37043,114,108,6,6
37044,124,133,-9,9
37045,66,72,-6,6
37046,51,62,-11,11
37047,162,156,6,6
37048,161,145,16,16
37049,116,115,1,1
37050,111,115,-4,4
37051,143,146,-3,3
37052,41,55,-14,14
37053,97,91,6,6
37054,49,55,-6,6
37055,156,151,5,5
37056,48,51,-3,3
37057,82,78,4,4
37058,58,62,-4,4
37059,81,76,5,5
37060,81,80,1,1
37061,68,75,-7,7
37062,120,125,-5,5
37063,28,41,-13,13
37064,84,94,-10,10
37065,96,107,-11,11
37066,79,77,2,2
37067,446,341,105,105
37068,132,125,7,7
37069,131,117,14,14
37070,60,75,-15,15
37071,78,75,3,3
37072,113,118,-5,5
37073,67,67,0,0
37074,83,85,-2,2
37075,77,65,12,12
37076,82,78,4,4
37077,60,61,-1,1
37078,112,103,9,9
37079,124,113,11,11
37080,150,151,-1,1
37081,87,87,0,0
37082,129,117,12,12
37083,151,141,10,10
37084,36,50,-14,14
37085,100,101,-1,1
37086,57,109,-52,52
37087,108,112,-4,4
37088,78,83,-5,5
37089,72,63,9,9
37090,69,84,-15,15
37091,108,117,-9,9
37092,87,85,2,2
37093,51,64,-13,13
37094,48,52,-4,4
37095,98,106,-8,8
37096,31,45,-14,14
37097,140,124,16,16
37098,74,63,11,11
37099,95,103,-8,8
37100,87,78,9,9
37101,120,113,7,7
37102,83,73,10,10
37103,81,93,-12,12
37104,75,70,5,5
37105,87,85,2,2
37106,145,148,-3,3
37107,98,92,6,6
37108,52,54,-2,2
37109,83,86,-3,3
37110,55,77,-22,22
37111,110,115,-5,5
37112,125,127,-2,2
37113,87,79,8,8
37114,101,109,-8,8
37115,81,74,7,7
37116,143,142,1,1
37117,218,207,11,11
37118,79,72,7,7
37119,97,94,3,3
37120,58,59,-1,1
37121,116,128,-12,12
37122,76,68,8,8
37123,94,96,-2,2
37124,79,90,-11,11
37125,60,55,5,5
37126,103,106,-3,3
37127,51,55,-4,4
37128,113,116,-3,3
37129,83,105,-22,22
37130,121,123,-2,2
37131,87,81,6,6
37132,152,146,6,6
37133,97,98,-1,1
37134,169,159,10,10
37135,73,79,-6,6
37136,141,158,-17,17
37137,88,80,8,8
37138,75,161,-86,86
37139,78,82,-4,4
37140,114,108,6,6
37141,95,84,11,11
37142,100,116,-16,16
37143,94,93,1,1
37144,62,62,0,0
37145,75,84,-9,9
37146,91,95,-4,4
37147,155,139,16,16
37148,82,77,5,5
37149,120,121,-1,1
37150,154,137,17,17
37151,45,51,-6,6
37152,69,65,4,4
37153,70,73,-3,3
37154,129,134,-5,5
37155,83,79,4,4
37156,102,103,-1,1
37157,34,51,-17,17
37158,84,81,3,3
37159,93,89,4,4
37160,173,152,21,21
37161,81,93,-12,12
37162,112,127,-15,15
37163,141,142,-1,1
37164,117,113,4,4
37165,87,92,-5,5
37166,89,99,-10,10
37167,138,151,-13,13
37168,77,89,-12,12
37169,71,76,-5,5
37170,108,100,8,8
37171,84,81,3,3
37172,90,113,-23,23
37173,156,137,19,19
37174,90,92,-2,2
37175,91,88,3,3
37176,64,65,-1,1
37177,66,71,-5,5
37178,59,62,-3,3
37179,124,117,7,7
37180,49,49,0,0
37181,108,119,-11,11
37182,83,85,-2,2
37183,115,101,14,14
37184,59,63,-4,4
37185,51,63,-12,12
37186,90,91,-1,1
37187,77,91,-14,14
37188,59,57,2,2
37189,100,101,-1,1
37190,138,131,7,7
37191,237,226,11,11
37192,71,71,0,0
37193,51,56,-5,5
37194,160,170,-10,10
37195,162,152,10,10
37196,121,124,-3,3
37197,122,124,-2,2
37198,64,69,-5,5
37199,78,71,7,7
37200,107,134,-27,27
37201,102,104,-2,2
37202,74,84,-10,10
37203,90,108,-18,18
37204,65,56,9,9
37205,85,88,-3,3
37206,88,87,1,1
37207,95,96,-1,1
37208,92,88,4,4
37209,148,142,6,6
37210,89,100,-11,11
37211,63,63,0,0
37212,98,91,7,7
37213,74,77,-3,3
37214,69,67,2,2
37215,58,61,-3,3
37216,148,149,-1,1
37217,75,82,-7,7
37218,128,126,2,2
37219,63,82,-19,19
37220,113,91,22,22
37221,88,95,-7,7
37222,68,55,13,13
37223,98,93,5,5
37224,79,88,-9,9
37225,69,73,-4,4
37226,284,270,14,14
37227,76,72,4,4
37228,98,105,-7,7
37229,73,76,-3,3
37230,135,135,0,0
37231,71,69,2,2
37232,85,83,2,2
37233,58,64,-6,6
37234,110,108,2,2
37235,63,65,-2,2
37236,91,104,-13,13
37237,72,74,-2,2
37238,111,139,-28,28
37239,75,77,-2,2
37240,127,116,11,11
37241,157,141,16,16
37242,136,141,-5,5
37243,66,65,1,1
37244,53,57,-4,4
37245,76,73,3,3
37246,76,63,13,13
37247,123,129,-6,6
37248,90,97,-7,7
37249,62,71,-9,9
37250,93,113,-20,20
37251,150,123,27,27
37252,114,116,-2,2
37253,99,85,14,14
37254,85,86,-1,1
37255,68,62,6,6
37256,54,56,-2,2
37257,64,72,-8,8
37258,126,133,-7,7
37259,52,57,-5,5
37260,119,127,-8,8
37261,112,113,-1,1
37262,257,231,26,26
37263,75,67,8,8
37264,58,58,0,0
37265,87,86,1,1
37266,50,58,-8,8
37267,79,87,-8,8
37268,142,129,13,13
37269,122,125,-3,3
37270,69,70,-1,1
37271,82,77,5,5
37272,83,92,-9,9
37273,87,84,3,3
37274,132,137,-5,5
37275,110,126,-16,16
37276,98,86,12,12
37277,93,84,9,9
37278,112,122,-10,10
37279,101,92,9,9
37280,97,98,-1,1
37281,111,126,-15,15
37282,53,55,-2,2
37283,78,76,2,2
37284,104,104,0,0
37285,86,90,-4,4
37286,109,104,5,5
37287,136,136,0,0
37288,113,157,-44,44
37289,53,62,-9,9
37290,85,77,8,8
37291,142,130,12,12
37292,141,133,8,8
37293,87,92,-5,5
37294,79,69,10,10
37295,171,174,-3,3
37296,104,112,-8,8
37297,91,126,-35,35
37298,70,71,-1,1
37299,93,98,-5,5
37300,115,117,-2,2
37301,49,46,3,3
37302,115,109,6,6
37303,85,85,0,0
37304,96,107,-11,11
37305,112,120,-8,8
37306,133,131,2,2
37307,114,115,-1,1
37308,78,104,-26,26
37309,158,160,-2,2
37310,73,70,3,3
37311,44,52,-8,8
37312,160,151,9,9
37313,114,123,-9,9
37314,163,116,47,47
37315,113,117,-4,4
37316,92,97,-5,5
37317,35,43,-8,8
37318,135,129,6,6
37319,113,104,9,9
37320,105,101,4,4
37321,79,78,1,1
37322,130,105,25,25
37323,129,132,-3,3
37324,81,87,-6,6
37325,71,80,-9,9
37326,233,204,29,29
37327,79,92,-13,13
37328,88,88,0,0
37329,121,126,-5,5
37330,132,127,5,5
37331,179,170,9,9
37332,199,183,16,16
37333,133,134,-1,1
37334,127,128,-1,1
37335,71,76,-5,5
37336,59,61,-2,2
37337,92,105,-13,13
37338,98,101,-3,3
37339,93,83,10,10
37340,103,84,19,19
37341,114,130,-16,16
37342,80,87,-7,7
37343,84,81,3,3
37344,95,86,9,9
37345,141,145,-4,4
37346,184,178,6,6
37347,138,124,14,14
37348,59,63,-4,4
37349,172,160,12,12
37350,146,136,10,10
37351,72,77,-5,5
37352,139,140,-1,1
37353,108,105,3,3
37354,91,104,-13,13
37355,38,49,-11,11
37356,44,56,-12,12
37357,86,87,-1,1
37358,68,74,-6,6
37359,68,66,2,2
37360,100,101,-1,1
37361,135,125,10,10
37362,30,54,-24,24
37363,149,152,-3,3
37364,93,94,-1,1
37365,132,148,-16,16
37366,61,59,2,2
37367,104,110,-6,6
37368,119,122,-3,3
37369,61,68,-7,7
37370,79,80,-1,1
37371,48,60,-12,12
37372,80,51,29,29
37373,145,175,-30,30
37374,65,76,-11,11
37375,68,60,8,8
37376,68,67,1,1
37377,78,84,-6,6
37378,65,66,-1,1
37379,98,87,11,11
37380,102,109,-7,7
37381,115,104,11,11
37382,71,67,4,4
37383,63,72,-9,9
37384,64,71,-7,7
37385,97,98,-1,1
37386,102,91,11,11
37387,101,100,1,1
37388,34,40,-6,6
37389,70,71,-1,1
37390,53,58,-5,5
37391,92,89,3,3
37392,83,92,-9,9
37393,101,113,-12,12
37394,76,75,1,1
37395,76,75,1,1
37396,111,108,3,3
37397,49,60,-11,11
37398,55,63,-8,8
37399,115,108,7,7
37400,126,122,4,4
37401,121,105,16,16
37402,145,140,5,5
37403,60,68,-8,8
37404,73,69,4,4
37405,63,62,1,1
37406,71,68,3,3
37407,81,96,-15,15
37408,98,98,0,0
37409,138,130,8,8
37410,69,83,-14,14
37411,172,179,-7,7
37412,57,68,-11,11
37413,119,124,-5,5
37414,65,73,-8,8
37415,54,60,-6,6
37416,86,90,-4,4
37417,116,121,-5,5
37418,145,159,-14,14
37419,102,110,-8,8
37420,108,106,2,2
37421,63,59,4,4
37422,125,121,4,4
37423,90,99,-9,9
37424,139,141,-2,2
37425,94,91,3,3
37426,86,89,-3,3
37427,44,75,-31,31
37428,89,98,-9,9
37429,82,91,-9,9
37430,114,101,13,13
37431,60,61,-1,1
37432,103,105,-2,2
37433,58,51,7,7
37434,108,124,-16,16
37435,140,138,2,2
37436,160,144,16,16
37437,54,57,-3,3
37438,106,90,16,16
37439,140,143,-3,3
37440,101,110,-9,9
37441,120,125,-5,5
37442,118,106,12,12
37443,116,122,-6,6
37444,108,112,-4,4
37445,205,207,-2,2
37446,192,201,-9,9
37447,97,102,-5,5
37448,59,61,-2,2
37449,60,61,-1,1
37450,51,53,-2,2
37451,48,48,0,0
37452,118,116,2,2
37453,209,193,16,16
37454,64,69,-5,5
37455,76,81,-5,5
37456,130,126,4,4
37457,83,93,-10,10
37458,69,77,-8,8
37459,66,61,5,5
37460,81,88,-7,7
37461,116,132,-16,16
37462,91,94,-3,3
37463,178,176,2,2
37464,148,179,-31,31
37465,160,167,-7,7
37466,116,135,-19,19
37467,87,91,-4,4
37468,93,104,-11,11
37469,71,78,-7,7
37470,121,114,7,7
37471,85,77,8,8
37472,75,90,-15,15
37473,101,102,-1,1
37474,72,71,1,1
37475,60,59,1,1
37476,102,100,2,2
37477,111,107,4,4
37478,81,92,-11,11
37479,75,90,-15,15
37480,107,114,-7,7
37481,75,78,-3,3
37482,67,77,-10,10
37483,126,136,-10,10
37484,106,104,2,2
37485,126,131,-5,5
37486,104,117,-13,13
37487,65,71,-6,6
37488,92,92,0,0
37489,78,71,7,7
37490,127,125,2,2
37491,88,87,1,1
37492,35,41,-6,6
37493,87,92,-5,5
37494,53,62,-9,9
37495,108,102,6,6
37496,89,88,1,1
37497,79,81,-2,2
37498,79,84,-5,5
37499,138,130,8,8
37500,92,87,5,5
37501,84,85,-1,1
37502,65,66,-1,1
37503,74,82,-8,8
37504,147,146,1,1
37505,96,101,-5,5
37506,124,113,11,11
37507,84,99,-15,15
37508,118,117,1,1
37509,80,80,0,0
37510,89,103,-14,14
37511,154,157,-3,3
37512,96,96,0,0
37513,73,86,-13,13
37514,218,185,33,33
37515,108,115,-7,7
37516,156,161,-5,5
37517,56,61,-5,5
37518,105,99,6,6
37519,103,123,-20,20
37520,98,102,-4,4
37521,161,154,7,7
37522,150,126,24,24
37523,50,50,0,0
37524,99,94,5,5
37525,62,68,-6,6
37526,102,93,9,9
37527,86,87,-1,1
37528,81,79,2,2
37529,51,58,-7,7
37530,100,96,4,4
37531,74,76,-2,2
37532,65,62,3,3
37533,95,86,9,9
37534,99,101,-2,2
37535,84,89,-5,5
37536,114,96,18,18
37537,99,98,1,1
37538,58,52,6,6
37539,49,54,-5,5
37540,119,110,9,9
37541,83,87,-4,4
37542,96,102,-6,6
37543,70,74,-4,4
37544,108,109,-1,1
37545,128,100,28,28
37546,75,67,8,8
37547,72,65,7,7
37548,88,76,12,12
37549,71,71,0,0
37550,103,98,5,5
37551,109,105,4,4
37552,77,82,-5,5
37553,74,75,-1,1
37554,105,86,19,19
37555,56,54,2,2
37556,95,90,5,5
37557,152,129,23,23
37558,62,60,2,2
37559,128,125,3,3
37560,108,114,-6,6
37561,58,65,-7,7
37562,144,146,-2,2
37563,109,98,11,11
37564,66,62,4,4
37565,114,119,-5,5
37566,150,136,14,14
37567,98,97,1,1
37568,151,140,11,11
37569,73,71,2,2
37570,84,85,-1,1
37571,126,127,-1,1
37572,50,58,-8,8
37573,101,112,-11,11
37574,56,67,-11,11
37575,95,101,-6,6
37576,65,56,9,9
37577,141,114,27,27
37578,94,92,2,2
37579,67,73,-6,6
37580,55,62,-7,7
37581,65,65,0,0
37582,52,69,-17,17
37583,95,83,12,12
37584,158,152,6,6
37585,106,39,67,67
37586,101,90,11,11
37587,96,91,5,5
37588,132,146,-14,14
37589,91,85,6,6
37590,80,80,0,0
37591,209,201,8,8
37592,71,80,-9,9
37593,94,98,-4,4
37594,93,88,5,5
37595,103,109,-6,6
37596,69,77,-8,8
37597,190,202,-12,12
37598,92,99,-7,7
37599,105,103,2,2
37600,69,73,-4,4
37601,54,72,-18,18
37602,59,56,3,3
37603,82,85,-3,3
37604,84,82,2,2
37605,30,56,-26,26
37606,150,143,7,7
37607,65,63,2,2
37608,88,85,3,3
37609,80,79,1,1
37610,174,162,12,12
37611,134,148,-14,14
37612,82,78,4,4
37613,77,67,10,10
37614,65,70,-5,5
37615,49,56,-7,7
37616,95,101,-6,6
37617,67,71,-4,4
37618,69,66,3,3
37619,125,138,-13,13
37620,124,138,-14,14
37621,81,82,-1,1
37622,93,97,-4,4
37623,148,128,20,20
37624,158,156,2,2
37625,107,106,1,1
37626,138,123,15,15
37627,106,112,-6,6
37628,102,105,-3,3
37629,151,151,0,0
37630,103,104,-1,1
37631,77,77,0,0
37632,139,142,-3,3
37633,122,119,3,3
37634,86,80,6,6
37635,85,84,1,1
37636,76,60,16,16
37637,115,108,7,7
37638,137,112,25,25
37639,113,144,-31,31
37640,155,130,25,25
37641,66,81,-15,15
37642,75,72,3,3
37643,120,123,-3,3
37644,116,98,18,18
37645,152,155,-3,3
37646,56,59,-3,3
37647,205,182,23,23
37648,96,105,-9,9
37649,101,91,10,10
37650,100,98,2,2
37651,94,87,7,7
37652,130,122,8,8
37653,61,75,-14,14
37654,123,108,15,15
37655,111,111,0,0
37656,136,135,1,1
37657,166,148,18,18
37658,85,98,-13,13
37659,99,99,0,0
37660,58,64,-6,6
37661,98,85,13,13
37662,88,78,10,10
37663,164,138,26,26
37664,67,70,-3,3
37665,112,101,11,11
37666,105,105,0,0
37667,151,130,21,21
37668,80,74,6,6
37669,121,120,1,1
37670,179,157,22,22
37671,151,139,12,12
37672,116,120,-4,4
37673,93,100,-7,7
37674,96,91,5,5
37675,112,133,-21,21
37676,45,51,-6,6
37677,100,100,0,0
37678,71,86,-15,15
37679,72,71,1,1
37680,124,121,3,3
37681,54,53,1,1
37682,135,132,3,3
37683,125,127,-2,2
37684,125,108,17,17
37685,104,112,-8,8
37686,76,70,6,6
37687,106,136,-30,30
37688,76,73,3,3
37689,87,88,-1,1
37690,146,140,6,6
37691,91,86,5,5
37692,72,76,-4,4
37693,149,148,1,1
37694,82,85,-3,3
37695,157,125,32,32
37696,138,137,1,1
37697,122,122,0,0
37698,105,109,-4,4
37699,88,93,-5,5
37700,157,174,-17,17
37701,108,91,17,17
37702,94,90,4,4
37703,102,109,-7,7
37704,51,66,-15,15
37705,84,89,-5,5
37706,67,84,-17,17
37707,128,122,6,6
37708,130,137,-7,7
37709,165,157,8,8
37710,100,120,-20,20
37711,121,130,-9,9
37712,74,89,-15,15
37713,58,59,-1,1
37714,88,95,-7,7
37715,105,110,-5,5
37716,116,120,-4,4
37717,103,97,6,6
37718,101,103,-2,2
37719,108,129,-21,21
37720,75,84,-9,9
37721,106,115,-9,9
37722,69,74,-5,5
37723,87,95,-8,8
37724,68,82,-14,14
37725,51,58,-7,7
37726,61,62,-1,1
37727,110,112,-2,2
37728,104,105,-1,1
37729,70,68,2,2
37730,47,56,-9,9
37731,69,82,-13,13
37732,48,58,-10,10
37733,92,90,2,2
37734,116,118,-2,2
37735,94,96,-2,2
37736,79,76,3,3
37737,116,138,-22,22
37738,133,133,0,0
37739,70,75,-5,5
37740,153,141,12,12
37741,41,93,-52,52
37742,73,74,-1,1
37743,109,118,-9,9
37744,145,133,12,12
37745,106,117,-11,11
37746,89,85,4,4
37747,69,77,-8,8
37748,73,63,10,10
37749,61,70,-9,9
37750,127,113,14,14
37751,104,101,3,3
37752,103,106,-3,3
37753,107,105,2,2
37754,116,112,4,4
37755,66,74,-8,8
37756,130,143,-13,13
37757,102,98,4,4
37758,102,107,-5,5
37759,72,79,-7,7
37760,98,94,4,4
37761,55,55,0,0
37762,90,106,-16,16
37763,116,116,0,0
37764,64,71,-7,7
37765,113,104,9,9
37766,75,79,-4,4
37767,75,96,-21,21
37768,119,118,1,1
37769,81,78,3,3
37770,74,73,1,1
37771,156,148,8,8
37772,93,77,16,16
37773,84,91,-7,7
37774,118,146,-28,28
37775,70,72,-2,2
37776,197,169,28,28
37777,57,63,-6,6
37778,41,44,-3,3
37779,110,130,-20,20
37780,94,91,3,3
37781,121,114,7,7
37782,77,80,-3,3
37783,104,77,27,27
37784,98,98,0,0
37785,101,89,12,12
37786,65,76,-11,11
37787,140,135,5,5
37788,113,103,10,10
37789,103,88,15,15
37790,84,77,7,7
37791,75,68,7,7
37792,136,128,8,8
37793,123,125,-2,2
37794,117,111,6,6
37795,107,100,7,7
37796,64,64,0,0
37797,61,60,1,1
37798,216,183,33,33
37799,94,95,-1,1
37800,96,96,0,0
37801,83,107,-24,24
37802,42,51,-9,9
37803,93,103,-10,10
37804,61,68,-7,7
37805,101,78,23,23
37806,118,117,1,1
37807,100,76,24,24
37808,107,84,23,23
37809,98,105,-7,7
37810,64,62,2,2
37811,215,206,9,9
37812,127,118,9,9
37813,91,89,2,2
37814,113,125,-12,12
37815,82,84,-2,2
37816,120,125,-5,5
37817,72,73,-1,1
37818,77,100,-23,23
37819,79,82,-3,3
37820,67,72,-5,5
37821,89,90,-1,1
37822,54,62,-8,8
37823,97,109,-12,12
37824,82,79,3,3
37825,91,103,-12,12
37826,83,80,3,3
37827,54,50,4,4
37828,116,127,-11,11
37829,80,91,-11,11
37830,75,74,1,1
37831,187,159,28,28
37832,78,97,-19,19
37833,95,95,0,0
37834,87,87,0,0
37835,74,77,-3,3
37836,67,65,2,2
37837,66,61,5,5
37838,78,74,4,4
37839,107,108,-1,1
37840,59,59,0,0
37841,92,101,-9,9
37842,41,60,-19,19
37843,130,122,8,8
37844,100,117,-17,17
37845,88,86,2,2
37846,67,63,4,4
37847,100,93,7,7
37848,99,108,-9,9
37849,69,81,-12,12
37850,115,116,-1,1
37851,116,114,2,2
37852,49,55,-6,6
37853,91,91,0,0
37854,67,63,4,4
37855,105,95,10,10
37856,137,141,-4,4
37857,72,88,-16,16
37858,61,65,-4,4
37859,86,85,1,1
37860,91,97,-6,6
37861,85,82,3,3
37862,83,71,12,12
37863,68,62,6,6
37864,103,94,9,9
37865,106,90,16,16
37866,139,121,18,18
37867,115,125,-10,10
37868,48,58,-10,10
37869,159,158,1,1
37870,61,62,-1,1
37871,113,124,-11,11
37872,101,103,-2,2
37873,77,77,0,0
37874,134,136,-2,2
37875,67,72,-5,5
37876,106,105,1,1
37877,57,58,-1,1
37878,95,95,0,0
37879,93,107,-14,14
37880,95,87,8,8
37881,179,170,9,9
37882,153,169,-16,16
37883,62,66,-4,4
37884,69,68,1,1
37885,165,159,6,6
37886,180,193,-13,13
37887,87,81,6,6
37888,110,119,-9,9
37889,116,127,-11,11
37890,159,159,0,0
37891,99,104,-5,5
37892,114,108,6,6
37893,102,86,16,16
37894,154,152,2,2
37895,91,91,0,0
37896,124,107,17,17
37897,91,87,4,4
37898,41,53,-12,12
37899,45,55,-10,10
37900,71,81,-10,10
37901,76,81,-5,5
37902,99,112,-13,13
37903,111,106,5,5
37904,97,88,9,9
37905,124,106,18,18
37906,96,151,-55,55
37907,79,71,8,8
37908,122,140,-18,18
37909,115,100,15,15
37910,89,85,4,4
37911,73,77,-4,4
37912,111,110,1,1
37913,89,85,4,4
37914,138,144,-6,6
37915,100,110,-10,10
37916,78,90,-12,12
37917,83,105,-22,22
37918,86,97,-11,11
37919,135,146,-11,11
37920,114,114,0,0
37921,56,56,0,0
37922,149,164,-15,15
37923,81,84,-3,3
37924,79,77,2,2
37925,103,104,-1,1
37926,56,70,-14,14
37927,150,148,2,2
37928,78,82,-4,4
37929,78,79,-1,1
37930,41,51,-10,10
37931,121,111,10,10
37932,123,124,-1,1
37933,76,87,-11,11
37934,103,101,2,2
37935,35,58,-23,23
37936,124,131,-7,7
37937,55,64,-9,9
37938,88,92,-4,4
37939,90,89,1,1
37940,120,93,27,27
37941,71,76,-5,5
37942,79,86,-7,7
37943,62,63,-1,1
37944,86,93,-7,7
37945,64,69,-5,5
37946,131,147,-16,16
37947,146,134,12,12
37948,86,85,1,1
37949,98,100,-2,2
37950,183,157,26,26
37951,91,103,-12,12
37952,77,74,3,3
37953,142,140,2,2
37954,79,73,6,6
37955,41,44,-3,3
37956,105,114,-9,9
37957,197,192,5,5
37958,115,104,11,11
37959,71,77,-6,6
37960,140,149,-9,9
37961,130,132,-2,2
37962,83,87,-4,4
37963,108,124,-16,16
37964,67,92,-25,25
37965,70,85,-15,15
37966,93,100,-7,7
37967,64,73,-9,9
37968,98,124,-26,26
37969,115,125,-10,10
37970,62,67,-5,5
37971,88,95,-7,7
37972,61,58,3,3
37973,198,163,35,35
37974,101,109,-8,8
37975,66,68,-2,2
37976,31,33,-2,2
37977,94,87,7,7
37978,93,91,2,2
37979,117,150,-33,33
37980,99,100,-1,1
37981,36,42,-6,6
37982,76,83,-7,7
37983,67,65,2,2
37984,78,87,-9,9
37985,50,57,-7,7
37986,55,54,1,1
37987,92,100,-8,8
37988,94,87,7,7
37989,137,151,-14,14
37990,102,97,5,5
37991,113,68,45,45
37992,89,84,5,5
37993,124,134,-10,10
37994,82,87,-5,5
37995,60,74,-14,14
37996,125,108,17,17
37997,78,71,7,7
37998,143,139,4,4
37999,142,131,11,11
38000,106,101,5,5
38001,124,117,7,7
38002,52,60,-8,8
38003,97,117,-20,20
38004,80,80,0,0
38005,107,126,-19,19
38006,141,139,2,2
38007,57,54,3,3
38008,89,78,11,11
38009,104,120,-16,16
38010,154,133,21,21
38011,76,87,-11,11
38012,95,84,11,11
38013,179,158,21,21
38014,64,67,-3,3
38015,119,104,15,15
38016,108,119,-11,11
38017,114,116,-2,2
38018,92,91,1,1
38019,109,110,-1,1
38020,139,140,-1,1
38021,130,140,-10,10
38022,112,105,7,7
38023,123,118,5,5
38024,125,120,5,5
38025,66,66,0,0
38026,77,87,-10,10
38027,87,83,4,4
38028,97,91,6,6
38029,56,63,-7,7
38030,146,129,17,17
38031,71,77,-6,6
38032,176,167,9,9
38033,96,96,0,0
38034,105,104,1,1
38035,127,121,6,6
38036,82,89,-7,7
38037,137,156,-19,19
38038,120,120,0,0
38039,82,79,3,3
38040,73,70,3,3
38041,78,74,4,4
38042,83,88,-5,5
38043,83,82,1,1
38044,74,85,-11,11
38045,81,80,1,1
38046,178,158,20,20
38047,96,112,-16,16
38048,48,54,-6,6
38049,74,86,-12,12
38050,143,139,4,4
38051,94,92,2,2
38052,142,125,17,17
38053,144,155,-11,11
38054,114,126,-12,12
38055,91,94,-3,3
38056,127,125,2,2
38057,65,70,-5,5
38058,152,154,-2,2
38059,106,98,8,8
38060,140,136,4,4
38061,96,97,-1,1
38062,72,115,-43,43
38063,71,44,27,27
38064,116,106,10,10
38065,156,139,17,17
38066,57,62,-5,5
38067,24,47,-23,23
38068,122,118,4,4
38069,118,116,2,2
38070,96,102,-6,6
38071,86,84,2,2
38072,163,154,9,9
38073,60,65,-5,5
38074,80,73,7,7
38075,78,79,-1,1
38076,82,82,0,0
38077,113,116,-3,3
38078,104,111,-7,7
38079,154,182,-28,28
38080,34,47,-13,13
38081,111,99,12,12
38082,103,100,3,3
38083,88,76,12,12
38084,112,112,0,0
38085,115,117,-2,2
38086,60,61,-1,1
38087,150,153,-3,3
38088,116,112,4,4
38089,80,66,14,14
38090,112,106,6,6
38091,116,121,-5,5
38092,83,88,-5,5
38093,161,157,4,4
38094,65,67,-2,2
38095,74,76,-2,2
38096,72,67,5,5
38097,185,151,34,34
38098,89,75,14,14
38099,90,91,-1,1
38100,175,176,-1,1
38101,96,97,-1,1
38102,96,92,4,4
38103,111,115,-4,4
38104,46,46,0,0
38105,105,104,1,1
38106,69,74,-5,5
38107,117,114,3,3
38108,91,99,-8,8
38109,70,80,-10,10
38110,150,141,9,9
38111,122,124,-2,2
38112,98,103,-5,5
38113,100,96,4,4
38114,160,144,16,16
38115,139,135,4,4
38116,170,139,31,31
38117,79,85,-6,6
38118,132,118,14,14
38119,121,113,8,8
38120,118,126,-8,8
38121,102,95,7,7
38122,98,103,-5,5
38123,115,124,-9,9
38124,159,171,-12,12
38125,92,94,-2,2
38126,41,48,-7,7
38127,84,82,2,2
38128,132,147,-15,15
38129,109,100,9,9
38130,78,87,-9,9
38131,114,103,11,11
38132,121,109,12,12
38133,93,86,7,7
38134,115,107,8,8
38135,44,54,-10,10
38136,74,72,2,2
38137,49,57,-8,8
38138,165,152,13,13
38139,83,83,0,0
38140,158,150,8,8
38141,101,89,12,12
38142,118,118,0,0
38143,94,98,-4,4
38144,117,135,-18,18
38145,109,99,10,10
38146,73,90,-17,17
38147,76,82,-6,6
38148,138,139,-1,1
38149,113,109,4,4
38150,96,101,-5,5
38151,73,78,-5,5
38152,112,103,9,9
38153,63,72,-9,9
38154,104,101,3,3
38155,82,86,-4,4
38156,54,62,-8,8
38157,84,80,4,4
38158,133,140,-7,7
38159,101,108,-7,7
38160,108,112,-4,4
38161,83,81,2,2
38162,78,88,-10,10
38163,82,74,8,8
38164,76,74,2,2
38165,90,86,4,4
38166,105,107,-2,2
38167,61,61,0,0
38168,102,120,-18,18
38169,104,125,-21,21
38170,72,74,-2,2
38171,74,68,6,6
38172,92,98,-6,6
38173,85,85,0,0
38174,99,88,11,11
38175,111,134,-23,23
38176,67,77,-10,10
38177,76,70,6,6
38178,113,102,11,11
38179,107,98,9,9
38180,117,108,9,9
38181,116,129,-13,13
38182,97,90,7,7
38183,125,111,14,14
38184,112,119,-7,7
38185,71,83,-12,12
38186,115,112,3,3
38187,59,86,-27,27
38188,97,98,-1,1
38189,124,104,20,20
38190,45,52,-7,7
38191,87,89,-2,2
38192,103,126,-23,23
38193,64,67,-3,3
38194,100,98,2,2
38195,97,84,13,13
38196,121,128,-7,7
38197,111,126,-15,15
38198,74,68,6,6
38199,118,127,-9,9
38200,91,87,4,4
38201,89,98,-9,9
38202,105,90,15,15
38203,79,93,-14,14
38204,68,73,-5,5
38205,125,119,6,6
38206,87,76,11,11
38207,123,124,-1,1
38208,93,97,-4,4
38209,100,103,-3,3
38210,64,59,5,5
38211,108,107,1,1
38212,68,61,7,7
38213,86,88,-2,2
38214,107,89,18,18
38215,73,85,-12,12
38216,128,129,-1,1
38217,119,125,-6,6
38218,54,49,5,5
38219,72,76,-4,4
38220,73,83,-10,10
38221,159,137,22,22
38222,83,80,3,3
38223,97,95,2,2
38224,131,132,-1,1
38225,69,75,-6,6
38226,86,78,8,8
38227,119,126,-7,7
38228,100,97,3,3
38229,102,104,-2,2
38230,67,66,1,1
38231,53,65,-12,12
38232,85,94,-9,9
38233,168,161,7,7
38234,61,59,2,2
38235,77,79,-2,2
38236,85,88,-3,3
38237,69,71,-2,2
38238,124,125,-1,1
38239,89,91,-2,2
38240,148,155,-7,7
38241,143,120,23,23
38242,57,82,-25,25
38243,144,125,19,19
38244,66,69,-3,3
38245,83,105,-22,22
38246,120,120,0,0
38247,131,130,1,1
38248,51,59,-8,8
38249,77,61,16,16
38250,62,68,-6,6
38251,125,135,-10,10
38252,87,92,-5,5
38253,89,94,-5,5
38254,162,152,10,10
38255,109,118,-9,9
38256,126,130,-4,4
38257,87,92,-5,5
38258,87,113,-26,26
38259,116,110,6,6
38260,51,60,-9,9
38261,65,66,-1,1
38262,95,89,6,6
38263,86,82,4,4
38264,98,103,-5,5
38265,74,68,6,6
38266,87,72,15,15
38267,113,106,7,7
38268,70,87,-17,17
38269,119,116,3,3
38270,180,174,6,6
38271,94,86,8,8
38272,67,72,-5,5
38273,85,73,12,12
38274,147,148,-1,1
38275,79,69,10,10
38276,76,78,-2,2
38277,60,57,3,3
38278,55,65,-10,10
38279,95,109,-14,14
38280,127,117,10,10
38281,100,109,-9,9
38282,85,85,0,0
38283,127,123,4,4
38284,101,90,11,11
38285,70,69,1,1
38286,102,101,1,1
38287,73,69,4,4
38288,107,107,0,0
38289,129,128,1,1
38290,114,114,0,0
38291,45,57,-12,12
38292,52,58,-6,6
38293,69,73,-4,4
38294,71,71,0,0
38295,65,72,-7,7
38296,211,171,40,40
38297,113,141,-28,28
38298,97,89,8,8
38299,60,67,-7,7
38300,184,163,21,21
38301,106,110,-4,4
38302,121,119,2,2
38303,112,120,-8,8
38304,137,129,8,8
38305,104,104,0,0
38306,124,73,51,51
38307,72,54,18,18
38308,116,118,-2,2
38309,76,77,-1,1
38310,99,101,-2,2
38311,75,79,-4,4
38312,81,78,3,3
38313,69,68,1,1
38314,72,82,-10,10
38315,87,68,19,19
38316,93,90,3,3
38317,136,133,3,3
38318,101,94,7,7
38319,89,85,4,4
38320,112,107,5,5
38321,65,71,-6,6
38322,118,113,5,5
38323,92,83,9,9
38324,80,98,-18,18
38325,98,98,0,0
38326,70,69,1,1
38327,127,125,2,2
38328,149,131,18,18
38329,70,68,2,2
38330,139,150,-11,11
38331,82,70,12,12
38332,91,94,-3,3
38333,39,48,-9,9
38334,82,101,-19,19
38335,105,108,-3,3
38336,147,136,11,11
38337,104,117,-13,13
38338,117,97,20,20
38339,91,112,-21,21
38340,90,100,-10,10
38341,104,97,7,7
38342,47,49,-2,2
38343,56,62,-6,6
38344,110,125,-15,15
38345,43,52,-9,9
38346,120,120,0,0
38347,70,77,-7,7
38348,75,76,-1,1
38349,77,73,4,4
38350,72,73,-1,1
38351,105,106,-1,1
38352,218,200,18,18
38353,56,60,-4,4
38354,100,102,-2,2
38355,123,132,-9,9
38356,130,117,13,13
38357,63,58,5,5
38358,89,91,-2,2
38359,60,66,-6,6
38360,65,79,-14,14
38361,118,112,6,6
38362,86,89,-3,3
38363,166,175,-9,9
38364,106,112,-6,6
38365,58,62,-4,4
38366,141,119,22,22
38367,96,101,-5,5
38368,106,107,-1,1
38369,110,131,-21,21
38370,64,67,-3,3
38371,83,77,6,6
38372,92,110,-18,18
38373,70,68,2,2
38374,122,116,6,6
38375,86,90,-4,4
38376,105,91,14,14
38377,99,109,-10,10
38378,57,57,0,0
38379,79,76,3,3
38380,59,54,5,5
38381,70,70,0,0
38382,104,97,7,7
38383,86,89,-3,3
38384,112,119,-7,7
38385,102,106,-4,4
38386,63,70,-7,7
38387,118,118,0,0
38388,63,60,3,3
38389,104,127,-23,23
38390,86,91,-5,5
38391,167,157,10,10
38392,164,162,2,2
38393,85,89,-4,4
38394,111,119,-8,8
38395,121,106,15,15
38396,94,95,-1,1
38397,77,88,-11,11
38398,35,44,-9,9
38399,95,88,7,7
38400,133,139,-6,6
38401,85,89,-4,4
38402,67,64,3,3
38403,114,122,-8,8
38404,157,148,9,9
38405,157,142,15,15
38406,94,103,-9,9
38407,54,64,-10,10
38408,64,59,5,5
38409,109,101,8,8
38410,71,78,-7,7
38411,73,77,-4,4
38412,76,97,-21,21
38413,130,114,16,16
38414,79,81,-2,2
38415,142,160,-18,18
38416,89,89,0,0
38417,105,97,8,8
38418,78,90,-12,12
38419,64,64,0,0
38420,63,70,-7,7
38421,89,93,-4,4
38422,171,187,-16,16
38423,111,86,25,25
38424,86,87,-1,1
38425,102,96,6,6
38426,61,51,10,10
38427,85,88,-3,3
38428,134,128,6,6
38429,81,86,-5,5
38430,142,144,-2,2
38431,80,77,3,3
38432,83,78,5,5
38433,121,114,7,7
38434,67,53,14,14
38435,100,108,-8,8
38436,129,130,-1,1
38437,102,103,-1,1
38438,126,125,1,1
38439,98,90,8,8
38440,63,57,6,6
38441,72,72,0,0
38442,88,95,-7,7
38443,64,67,-3,3
38444,107,119,-12,12
38445,89,84,5,5
38446,93,91,2,2
38447,146,143,3,3
38448,101,107,-6,6
38449,87,88,-1,1
38450,97,100,-3,3
38451,78,66,12,12
38452,130,121,9,9
38453,85,72,13,13
38454,77,75,2,2
38455,44,51,-7,7
38456,96,97,-1,1
38457,89,80,9,9
38458,117,117,0,0
38459,41,48,-7,7
38460,113,114,-1,1
38461,103,94,9,9
38462,161,146,15,15
38463,196,196,0,0
38464,64,49,15,15
38465,82,71,11,11
38466,66,95,-29,29
38467,80,77,3,3
38468,54,58,-4,4
38469,104,109,-5,5
38470,55,58,-3,3
38471,57,57,0,0
38472,49,59,-10,10
38473,70,73,-3,3
38474,74,79,-5,5
38475,33,44,-11,11
38476,83,94,-11,11
38477,89,84,5,5
38478,102,103,-1,1
38479,156,162,-6,6
38480,36,51,-15,15
38481,62,57,5,5
38482,102,98,4,4
38483,87,88,-1,1
38484,50,54,-4,4
38485,89,101,-12,12
38486,100,106,-6,6
38487,98,89,9,9
38488,56,58,-2,2
38489,75,76,-1,1
38490,98,85,13,13
38491,117,106,11,11
38492,235,156,79,79
38493,54,60,-6,6
38494,68,62,6,6
38495,116,122,-6,6
38496,32,47,-15,15
38497,55,58,-3,3
38498,82,86,-4,4
38499,119,120,-1,1
38500,183,189,-6,6
38501,112,84,28,28
38502,57,70,-13,13
38503,120,119,1,1
38504,77,78,-1,1
38505,68,73,-5,5
38506,126,120,6,6
38507,68,77,-9,9
38508,103,95,8,8
38509,110,119,-9,9
38510,122,109,13,13
38511,100,105,-5,5
38512,74,70,4,4
38513,185,161,24,24
38514,118,138,-20,20
38515,41,49,-8,8
38516,91,82,9,9
38517,83,76,7,7
38518,79,90,-11,11
38519,82,74,8,8
38520,84,82,2,2
38521,70,55,15,15
38522,97,105,-8,8
38523,99,97,2,2
38524,108,105,3,3
38525,85,82,3,3
38526,132,123,9,9
38527,99,96,3,3
38528,62,62,0,0
38529,80,69,11,11
38530,96,84,12,12
38531,98,92,6,6
38532,109,100,9,9
38533,124,127,-3,3
38534,101,118,-17,17
38535,118,119,-1,1
38536,57,58,-1,1
38537,79,80,-1,1
38538,86,89,-3,3
38539,77,75,2,2
38540,132,119,13,13
38541,74,69,5,5
38542,108,111,-3,3
38543,137,123,14,14
38544,102,104,-2,2
38545,150,148,2,2
38546,51,59,-8,8
38547,77,72,5,5
38548,59,61,-2,2
38549,42,49,-7,7
38550,141,137,4,4
38551,132,121,11,11
38552,67,65,2,2
38553,108,98,10,10
38554,144,161,-17,17
38555,69,70,-1,1
38556,85,83,2,2
38557,64,69,-5,5
38558,65,65,0,0
38559,221,214,7,7
38560,70,68,2,2
38561,56,54,2,2
38562,62,65,-3,3
38563,88,106,-18,18
38564,108,118,-10,10
38565,178,159,19,19
38566,74,71,3,3
38567,85,92,-7,7
38568,61,74,-13,13
38569,111,65,46,46
38570,103,107,-4,4
38571,110,116,-6,6
38572,74,70,4,4
38573,172,165,7,7
38574,87,96,-9,9
38575,141,158,-17,17
38576,86,81,5,5
38577,89,73,16,16
38578,106,90,16,16
38579,103,104,-1,1
38580,115,102,13,13
38581,61,86,-25,25
38582,102,105,-3,3
38583,64,70,-6,6
38584,121,119,2,2
38585,61,68,-7,7
38586,75,72,3,3
38587,43,43,0,0
38588,84,81,3,3
38589,118,111,7,7
38590,50,50,0,0
38591,81,70,11,11
38592,160,157,3,3
38593,121,114,7,7
38594,77,99,-22,22
38595,124,123,1,1
38596,140,137,3,3
38597,56,63,-7,7
38598,92,87,5,5
38599,99,105,-6,6
38600,169,150,19,19
38601,102,108,-6,6
38602,149,152,-3,3
38603,161,172,-11,11
38604,73,83,-10,10
38605,81,93,-12,12
38606,76,79,-3,3
38607,131,114,17,17
38608,155,141,14,14
38609,87,87,0,0
38610,62,60,2,2
38611,87,79,8,8
38612,78,92,-14,14
38613,74,89,-15,15
38614,49,74,-25,25
38615,92,88,4,4
38616,133,134,-1,1
38617,149,137,12,12
38618,120,116,4,4
38619,89,85,4,4
38620,102,96,6,6
38621,62,46,16,16
38622,57,54,3,3
38623,43,68,-25,25
38624,72,75,-3,3
38625,58,70,-12,12
38626,66,67,-1,1
38627,73,78,-5,5
38628,112,98,14,14
38629,158,154,4,4
38630,70,75,-5,5
38631,136,131,5,5
38632,85,78,7,7
38633,37,44,-7,7
38634,87,85,2,2
38635,130,146,-16,16
38636,88,82,6,6
38637,57,64,-7,7
38638,117,120,-3,3
38639,105,101,4,4
38640,75,69,6,6
38641,153,156,-3,3
38642,90,99,-9,9
38643,130,103,27,27
38644,86,92,-6,6
38645,124,132,-8,8
38646,83,85,-2,2
38647,145,137,8,8
38648,77,76,1,1
38649,64,68,-4,4
38650,129,112,17,17
38651,109,109,0,0
38652,94,95,-1,1
38653,84,75,9,9
38654,64,63,1,1
38655,90,94,-4,4
38656,171,155,16,16
38657,93,96,-3,3
38658,121,121,0,0
38659,72,78,-6,6
38660,72,84,-12,12
38661,85,86,-1,1
38662,86,73,13,13
38663,93,103,-10,10
38664,94,76,18,18
38665,118,126,-8,8
38666,72,65,7,7
38667,64,71,-7,7
38668,127,116,11,11
38669,64,72,-8,8
38670,75,78,-3,3
38671,57,61,-4,4
38672,61,66,-5,5
38673,74,85,-11,11
38674,53,64,-11,11
38675,80,84,-4,4
38676,83,87,-4,4
38677,124,123,1,1
38678,81,96,-15,15
38679,84,97,-13,13
38680,128,121,7,7
38681,93,88,5,5
38682,79,78,1,1
38683,81,99,-18,18
38684,81,81,0,0
38685,104,108,-4,4
38686,82,76,6,6
38687,84,74,10,10
38688,71,74,-3,3
38689,62,60,2,2
38690,66,72,-6,6
38691,63,73,-10,10
38692,77,70,7,7
38693,56,62,-6,6
38694,155,141,14,14
38695,143,134,9,9
38696,75,71,4,4
38697,92,83,9,9
38698,108,103,5,5
38699,105,108,-3,3
38700,63,62,1,1
38701,117,112,5,5
38702,123,104,19,19
38703,69,71,-2,2
38704,119,118,1,1
38705,92,110,-18,18
38706,94,80,14,14
38707,80,84,-4,4
38708,101,108,-7,7
38709,150,135,15,15
38710,92,94,-2,2
38711,97,93,4,4
38712,100,104,-4,4
38713,74,82,-8,8
38714,157,168,-11,11
38715,65,73,-8,8
38716,97,95,2,2
38717,79,80,-1,1
38718,86,82,4,4
38719,91,88,3,3
38720,51,54,-3,3
38721,110,126,-16,16
38722,106,108,-2,2
38723,50,56,-6,6
38724,76,72,4,4
38725,126,125,1,1
38726,73,74,-1,1
38727,80,96,-16,16
38728,90,86,4,4
38729,94,77,17,17
38730,99,85,14,14
38731,140,131,9,9
38732,92,79,13,13
38733,96,96,0,0
38734,107,98,9,9
38735,120,109,11,11
38736,141,134,7,7
38737,58,60,-2,2
38738,99,102,-3,3
38739,75,74,1,1
38740,118,102,16,16
38741,93,98,-5,5
38742,104,87,17,17
38743,81,87,-6,6
38744,107,109,-2,2
38745,91,108,-17,17
38746,87,87,0,0
38747,53,84,-31,31
38748,147,160,-13,13
38749,108,101,7,7
38750,76,70,6,6
38751,59,56,3,3
38752,85,97,-12,12
38753,82,104,-22,22
38754,57,60,-3,3
38755,37,50,-13,13
38756,129,127,2,2
38757,57,50,7,7
38758,67,84,-17,17
38759,76,72,4,4
38760,85,78,7,7
38761,130,118,12,12
38762,106,115,-9,9
38763,104,114,-10,10
38764,88,98,-10,10
38765,65,59,6,6
38766,75,75,0,0
38767,145,145,0,0
38768,149,142,7,7
38769,44,48,-4,4
38770,69,66,3,3
38771,93,94,-1,1
38772,78,71,7,7
38773,63,69,-6,6
38774,78,81,-3,3
38775,85,85,0,0
38776,55,57,-2,2
38777,73,89,-16,16
38778,107,118,-11,11
38779,131,120,11,11
38780,87,85,2,2
38781,40,64,-24,24
38782,139,117,22,22
38783,85,85,0,0
38784,163,162,1,1
38785,64,68,-4,4
38786,193,180,13,13
38787,86,101,-15,15
38788,98,93,5,5
38789,51,60,-9,9
38790,128,125,3,3
38791,141,133,8,8
38792,84,82,2,2
38793,142,141,1,1
38794,59,84,-25,25
38795,108,105,3,3
38796,39,52,-13,13
38797,156,143,13,13
38798,107,119,-12,12
38799,99,115,-16,16
38800,166,153,13,13
38801,85,88,-3,3
38802,84,78,6,6
38803,98,91,7,7
38804,76,68,8,8
38805,138,131,7,7
38806,93,90,3,3
38807,182,162,20,20
38808,149,128,21,21
38809,132,120,12,12
38810,127,128,-1,1
38811,70,71,-1,1
38812,57,53,4,4
38813,176,192,-16,16
38814,68,68,0,0
38815,46,51,-5,5
38816,66,67,-1,1
38817,113,116,-3,3
38818,135,133,2,2
38819,48,57,-9,9
38820,135,129,6,6
38821,70,77,-7,7
38822,91,96,-5,5
38823,125,124,1,1
38824,109,99,10,10
38825,53,48,5,5
38826,91,88,3,3
38827,70,66,4,4
38828,65,71,-6,6
38829,125,110,15,15
38830,72,72,0,0
38831,103,98,5,5
38832,103,79,24,24
38833,101,78,23,23
38834,117,119,-2,2
38835,63,62,1,1
38836,164,166,-2,2
38837,57,67,-10,10
38838,120,132,-12,12
38839,133,126,7,7
38840,83,85,-2,2
38841,64,62,2,2
38842,102,106,-4,4
38843,70,74,-4,4
38844,124,128,-4,4
38845,106,94,12,12
38846,156,141,15,15
38847,67,75,-8,8
38848,147,150,-3,3
38849,113,115,-2,2
38850,121,124,-3,3
38851,97,91,6,6
38852,59,71,-12,12
38853,50,65,-15,15
38854,118,104,14,14
38855,56,61,-5,5
38856,87,78,9,9
38857,89,92,-3,3
38858,65,70,-5,5
38859,62,66,-4,4
38860,138,143,-5,5
38861,149,160,-11,11
38862,69,69,0,0
38863,76,79,-3,3
38864,65,74,-9,9
38865,70,72,-2,2
38866,133,149,-16,16
38867,77,87,-10,10
38868,93,94,-1,1
38869,105,144,-39,39
38870,67,63,4,4
38871,84,86,-2,2
38872,83,87,-4,4
38873,46,42,4,4
38874,102,99,3,3
38875,80,78,2,2
38876,106,107,-1,1
38877,91,97,-6,6
38878,70,53,17,17
38879,213,192,21,21
38880,84,92,-8,8
38881,124,100,24,24
38882,113,110,3,3
38883,89,91,-2,2
38884,112,113,-1,1
38885,78,72,6,6
38886,60,57,3,3
38887,119,104,15,15
38888,58,58,0,0
38889,109,99,10,10
38890,113,139,-26,26
38891,101,97,4,4
38892,61,52,9,9
38893,76,80,-4,4
38894,84,85,-1,1
38895,86,90,-4,4
38896,108,109,-1,1
38897,102,97,5,5
38898,151,151,0,0
38899,66,69,-3,3
38900,71,69,2,2
38901,66,73,-7,7
38902,131,141,-10,10
38903,49,59,-10,10
38904,99,118,-19,19
38905,69,75,-6,6
38906,72,62,10,10
38907,179,164,15,15
38908,152,138,14,14
38909,70,68,2,2
38910,63,72,-9,9
38911,104,113,-9,9
38912,22,52,-30,30
38913,105,113,-8,8
38914,174,169,5,5
38915,123,117,6,6
38916,34,43,-9,9
38917,76,83,-7,7
38918,114,105,9,9
38919,84,101,-17,17
38920,114,95,19,19
38921,236,210,26,26
38922,86,92,-6,6
38923,91,86,5,5
38924,109,109,0,0
38925,99,89,10,10
38926,79,75,4,4
38927,51,54,-3,3
38928,201,176,25,25
38929,60,62,-2,2
38930,89,102,-13,13
38931,84,82,2,2
38932,40,59,-19,19
38933,68,70,-2,2
38934,58,55,3,3
38935,73,75,-2,2
38936,121,134,-13,13
38937,55,53,2,2
38938,91,86,5,5
38939,57,68,-11,11
38940,68,63,5,5
38941,93,89,4,4
38942,59,52,7,7
38943,76,75,1,1
38944,99,100,-1,1
38945,85,109,-24,24
38946,113,106,7,7
38947,107,95,12,12
38948,184,168,16,16
38949,80,72,8,8
38950,99,100,-1,1
38951,180,163,17,17
38952,94,105,-11,11
38953,37,38,-1,1
38954,59,70,-11,11
38955,65,68,-3,3
38956,93,98,-5,5
38957,88,95,-7,7
38958,92,98,-6,6
38959,128,107,21,21
38960,111,127,-16,16
38961,128,152,-24,24
38962,48,58,-10,10
38963,116,121,-5,5
38964,54,56,-2,2
38965,57,68,-11,11
38966,61,69,-8,8
38967,79,79,0,0
38968,61,66,-5,5
38969,122,121,1,1
38970,89,84,5,5
38971,121,115,6,6
38972,119,119,0,0
38973,108,123,-15,15
38974,100,97,3,3
38975,58,59,-1,1
38976,106,98,8,8
38977,88,94,-6,6
38978,103,99,4,4
38979,31,44,-13,13
38980,34,60,-26,26
38981,87,99,-12,12
38982,111,119,-8,8
38983,101,106,-5,5
38984,41,48,-7,7
38985,60,66,-6,6
38986,115,116,-1,1
38987,136,148,-12,12
38988,74,74,0,0
38989,84,79,5,5
38990,110,107,3,3
38991,73,85,-12,12
38992,126,122,4,4
38993,77,76,1,1
38994,129,130,-1,1
38995,123,137,-14,14
38996,99,93,6,6
38997,88,47,41,41
38998,61,76,-15,15
38999,74,82,-8,8
39000,107,105,2,2
39001,122,106,16,16
39002,60,74,-14,14
39003,188,178,10,10
39004,84,72,12,12
39005,146,145,1,1
39006,154,148,6,6
39007,114,130,-16,16
39008,117,107,10,10
39009,163,169,-6,6
39010,74,74,0,0
39011,113,114,-1,1
39012,68,83,-15,15
39013,137,140,-3,3
39014,86,83,3,3
39015,136,128,8,8
39016,77,64,13,13
39017,156,144,12,12
39018,146,141,5,5
39019,62,61,1,1
39020,66,77,-11,11
39021,121,124,-3,3
39022,161,153,8,8
39023,102,119,-17,17
39024,67,63,4,4
39025,129,138,-9,9
39026,120,126,-6,6
39027,174,175,-1,1
39028,179,175,4,4
39029,92,85,7,7
39030,112,119,-7,7
39031,110,103,7,7
39032,97,103,-6,6
39033,68,67,1,1
39034,117,111,6,6
39035,155,141,14,14
39036,60,68,-8,8
39037,167,146,21,21
39038,115,119,-4,4
39039,134,135,-1,1
39040,48,65,-17,17
39041,89,85,4,4
39042,42,63,-21,21
39043,31,38,-7,7
39044,105,100,5,5
39045,138,129,9,9
39046,97,87,10,10
39047,83,83,0,0
39048,54,53,1,1
39049,65,61,4,4
39050,94,104,-10,10
39051,86,82,4,4
39052,88,94,-6,6
39053,63,63,0,0
39054,144,140,4,4
39055,62,66,-4,4
39056,63,74,-11,11
39057,98,99,-1,1
39058,60,66,-6,6
39059,49,55,-6,6
39060,96,92,4,4
39061,71,78,-7,7
39062,120,102,18,18
39063,150,157,-7,7
39064,80,81,-1,1
39065,58,63,-5,5
39066,64,69,-5,5
39067,140,135,5,5
39068,124,129,-5,5
39069,97,93,4,4
39070,161,142,19,19
39071,50,63,-13,13
39072,101,100,1,1
39073,44,55,-11,11
39074,99,104,-5,5
39075,171,153,18,18
39076,43,51,-8,8
39077,93,105,-12,12
39078,139,138,1,1
39079,120,113,7,7
39080,98,105,-7,7
39081,101,103,-2,2
39082,80,75,5,5
39083,63,60,3,3
39084,149,150,-1,1
39085,132,127,5,5
39086,71,75,-4,4
39087,92,105,-13,13
39088,61,73,-12,12
39089,110,109,1,1
39090,67,75,-8,8
39091,38,73,-35,35
39092,89,104,-15,15
39093,86,83,3,3
39094,157,154,3,3
39095,63,74,-11,11
39096,56,61,-5,5
39097,96,115,-19,19
39098,58,66,-8,8
39099,164,181,-17,17
39100,107,105,2,2
39101,131,127,4,4
39102,119,119,0,0
39103,103,109,-6,6
39104,58,60,-2,2
39105,158,145,13,13
39106,148,126,22,22
39107,107,116,-9,9
39108,108,95,13,13
39109,85,79,6,6
39110,76,72,4,4
39111,72,72,0,0
39112,133,142,-9,9
39113,71,70,1,1
39114,90,70,20,20
39115,105,109,-4,4
39116,107,112,-5,5
39117,84,83,1,1
39118,67,66,1,1
39119,154,156,-2,2
39120,63,76,-13,13
39121,182,184,-2,2
39122,130,114,16,16
39123,126,123,3,3
39124,135,126,9,9
39125,86,83,3,3
39126,90,89,1,1
39127,69,67,2,2
39128,99,105,-6,6
39129,81,90,-9,9
39130,92,91,1,1
39131,83,79,4,4
39132,76,73,3,3
39133,79,68,11,11
39134,59,67,-8,8
39135,100,105,-5,5
39136,60,52,8,8
39137,76,85,-9,9
39138,110,97,13,13
39139,112,112,0,0
39140,93,106,-13,13
39141,101,104,-3,3
39142,107,114,-7,7
39143,180,190,-10,10
39144,109,110,-1,1
39145,85,75,10,10
39146,123,114,9,9
39147,90,90,0,0
39148,118,135,-17,17
39149,108,90,18,18
39150,95,91,4,4
39151,119,94,25,25
39152,115,108,7,7
39153,145,141,4,4
39154,46,58,-12,12
39155,59,60,-1,1
39156,127,140,-13,13
39157,114,115,-1,1
39158,101,101,0,0
39159,134,147,-13,13
39160,99,92,7,7
39161,143,141,2,2
39162,136,130,6,6
39163,152,138,14,14
39164,103,109,-6,6
39165,79,74,5,5
39166,83,81,2,2
39167,125,124,1,1
39168,74,96,-22,22
39169,44,57,-13,13
39170,100,96,4,4
39171,111,113,-2,2
39172,65,66,-1,1
39173,102,96,6,6
39174,109,104,5,5
39175,80,74,6,6
39176,117,126,-9,9
39177,121,118,3,3
39178,154,148,6,6
39179,55,65,-10,10
39180,90,94,-4,4
39181,137,126,11,11
39182,53,51,2,2
39183,137,134,3,3
39184,64,60,4,4
39185,133,124,9,9
39186,38,37,1,1
39187,105,88,17,17
39188,45,49,-4,4
39189,133,117,16,16
39190,121,114,7,7
39191,138,143,-5,5
39192,84,72,12,12
39193,79,81,-2,2
39194,48,60,-12,12
39195,51,59,-8,8
39196,90,93,-3,3
39197,79,76,3,3
39198,73,74,-1,1
39199,82,72,10,10
39200,90,93,-3,3
39201,98,85,13,13
39202,56,63,-7,7
39203,100,107,-7,7
39204,55,61,-6,6
39205,116,126,-10,10
39206,61,65,-4,4
39207,77,72,5,5
39208,131,133,-2,2
39209,115,92,23,23
39210,94,89,5,5
39211,80,74,6,6
39212,57,65,-8,8
39213,112,116,-4,4
39214,98,97,1,1
39215,136,128,8,8
39216,125,117,8,8
39217,90,98,-8,8
39218,81,84,-3,3
39219,123,120,3,3
39220,114,129,-15,15
39221,35,41,-6,6
39222,55,59,-4,4
39223,110,115,-5,5
39224,52,59,-7,7
39225,191,168,23,23
39226,48,64,-16,16
39227,70,70,0,0
39228,116,116,0,0
39229,114,122,-8,8
39230,71,74,-3,3
39231,130,120,10,10
39232,92,92,0,0
39233,111,112,-1,1
39234,150,160,-10,10
39235,112,126,-14,14
39236,85,92,-7,7
39237,75,77,-2,2
39238,64,66,-2,2
39239,65,67,-2,2
39240,164,163,1,1
39241,63,41,22,22
39242,105,109,-4,4
39243,96,93,3,3
39244,102,94,8,8
39245,84,79,5,5
39246,72,77,-5,5
39247,118,124,-6,6
39248,110,108,2,2
39249,81,93,-12,12
39250,109,113,-4,4
39251,76,75,1,1
39252,64,63,1,1
39253,133,123,10,10
39254,143,130,13,13
39255,72,71,1,1
39256,74,80,-6,6
39257,41,45,-4,4
39258,65,70,-5,5
39259,73,59,14,14
39260,63,72,-9,9
39261,175,173,2,2
39262,85,98,-13,13
39263,82,79,3,3
39264,48,56,-8,8
39265,97,100,-3,3
39266,86,86,0,0
39267,66,68,-2,2
39268,80,78,2,2
39269,84,96,-12,12
39270,90,88,2,2
39271,76,82,-6,6
39272,90,105,-15,15
39273,128,121,7,7
39274,76,87,-11,11
39275,84,80,4,4
39276,116,121,-5,5
39277,72,85,-13,13
39278,88,90,-2,2
39279,58,64,-6,6
39280,80,82,-2,2
39281,122,113,9,9
39282,84,84,0,0
39283,62,65,-3,3
39284,78,68,10,10
39285,113,111,2,2
39286,152,155,-3,3
39287,68,70,-2,2
39288,72,77,-5,5
39289,104,109,-5,5
39290,100,107,-7,7
39291,92,85,7,7
39292,95,79,16,16
39293,66,65,1,1
39294,78,82,-4,4
39295,117,111,6,6
39296,109,93,16,16
39297,157,141,16,16
39298,100,86,14,14
39299,101,98,3,3
39300,68,66,2,2
39301,137,127,10,10
39302,144,148,-4,4
39303,152,158,-6,6
39304,121,120,1,1
39305,83,89,-6,6
39306,86,81,5,5
39307,72,64,8,8
39308,82,102,-20,20
39309,115,109,6,6
39310,44,49,-5,5
39311,130,147,-17,17
39312,84,85,-1,1
39313,104,97,7,7
39314,70,66,4,4
39315,152,143,9,9
39316,66,67,-1,1
39317,137,121,16,16
39318,86,89,-3,3
39319,130,136,-6,6
39320,105,98,7,7
39321,79,84,-5,5
39322,79,80,-1,1
39323,68,68,0,0
39324,86,74,12,12
39325,90,103,-13,13
39326,174,160,14,14
39327,41,45,-4,4
39328,109,107,2,2
39329,98,86,12,12
39330,79,79,0,0
39331,107,102,5,5
39332,138,149,-11,11
39333,49,47,2,2
39334,68,74,-6,6
39335,465,387,78,78
39336,102,98,4,4
39337,108,111,-3,3
39338,98,95,3,3
39339,70,69,1,1
39340,90,97,-7,7
39341,103,103,0,0
39342,84,68,16,16
39343,128,137,-9,9
39344,205,163,42,42
39345,149,143,6,6
39346,51,62,-11,11
39347,64,63,1,1
39348,155,135,20,20
39349,61,70,-9,9
39350,91,88,3,3
39351,69,71,-2,2
39352,51,64,-13,13
39353,59,58,1,1
39354,110,97,13,13
39355,145,119,26,26
39356,86,99,-13,13
39357,192,188,4,4
39358,80,74,6,6
39359,62,64,-2,2
39360,116,121,-5,5
39361,94,101,-7,7
39362,60,63,-3,3
39363,128,144,-16,16
39364,129,121,8,8
39365,111,111,0,0
39366,137,142,-5,5
39367,164,146,18,18
39368,119,112,7,7
39369,90,88,2,2
39370,114,131,-17,17
39371,26,39,-13,13
39372,107,104,3,3
39373,68,68,0,0
39374,118,119,-1,1
39375,124,107,17,17
39376,170,169,1,1
39377,61,70,-9,9
39378,136,136,0,0
39379,196,175,21,21
39380,87,65,22,22
39381,95,107,-12,12
39382,108,124,-16,16
39383,151,142,9,9
39384,67,80,-13,13
39385,149,157,-8,8
39386,113,102,11,11
39387,50,106,-56,56
39388,79,84,-5,5
39389,103,104,-1,1
39390,80,80,0,0
39391,172,160,12,12
39392,105,105,0,0
39393,82,83,-1,1
39394,47,59,-12,12
39395,54,50,4,4
39396,80,86,-6,6
39397,64,60,4,4
39398,150,140,10,10
39399,134,140,-6,6
39400,61,70,-9,9
39401,108,102,6,6
39402,116,114,2,2
39403,101,118,-17,17
39404,81,86,-5,5
39405,90,102,-12,12
39406,71,81,-10,10
39407,119,121,-2,2
39408,133,131,2,2
39409,125,142,-17,17
39410,70,66,4,4
39411,182,165,17,17
39412,114,113,1,1
39413,136,152,-16,16
39414,76,78,-2,2
39415,114,107,7,7
39416,46,52,-6,6
39417,97,108,-11,11
39418,70,72,-2,2
39419,63,64,-1,1
39420,100,87,13,13
39421,114,117,-3,3
39422,52,57,-5,5
39423,130,149,-19,19
39424,108,100,8,8
39425,133,118,15,15
39426,26,47,-21,21
39427,75,72,3,3
39428,112,107,5,5
39429,73,68,5,5
39430,44,61,-17,17
39431,75,74,1,1
39432,93,83,10,10
39433,60,73,-13,13
39434,83,82,1,1
39435,140,141,-1,1
39436,100,93,7,7
39437,107,104,3,3
39438,95,80,15,15
39439,111,100,11,11
39440,112,115,-3,3
39441,67,74,-7,7
39442,52,60,-8,8
39443,113,111,2,2
39444,77,74,3,3
39445,135,143,-8,8
39446,61,65,-4,4
39447,58,65,-7,7
39448,60,61,-1,1
39449,100,98,2,2
39450,49,60,-11,11
39451,71,79,-8,8
39452,104,115,-11,11
39453,49,62,-13,13
39454,141,129,12,12
39455,113,113,0,0
39456,74,68,6,6
39457,135,132,3,3
39458,61,65,-4,4
39459,115,126,-11,11
39460,89,96,-7,7
39461,76,69,7,7
39462,111,122,-11,11
39463,61,65,-4,4
39464,54,61,-7,7
39465,95,100,-5,5
39466,125,122,3,3
39467,168,178,-10,10
39468,71,72,-1,1
39469,80,78,2,2
39470,224,234,-10,10
39471,87,94,-7,7
39472,65,69,-4,4
39473,130,131,-1,1
39474,111,103,8,8
39475,76,70,6,6
39476,111,105,6,6
39477,88,93,-5,5
39478,97,94,3,3
39479,118,121,-3,3
39480,93,88,5,5
39481,131,113,18,18
39482,82,76,6,6
39483,153,150,3,3
39484,76,76,0,0
39485,105,108,-3,3
39486,38,44,-6,6
39487,56,64,-8,8
39488,75,80,-5,5
39489,40,48,-8,8
39490,139,158,-19,19
39491,78,97,-19,19
39492,72,68,4,4
39493,123,130,-7,7
39494,71,70,1,1
39495,144,140,4,4
39496,51,61,-10,10
39497,63,50,13,13
39498,51,61,-10,10
39499,98,94,4,4
39500,83,79,4,4
39501,75,89,-14,14
39502,108,105,3,3
39503,100,94,6,6
39504,61,62,-1,1
39505,76,78,-2,2
39506,156,234,-78,78
39507,69,64,5,5
39508,219,239,-20,20
39509,112,110,2,2
39510,86,96,-10,10
39511,53,50,3,3
39512,108,101,7,7
39513,82,72,10,10
39514,89,81,8,8
39515,125,111,14,14
39516,96,121,-25,25
39517,113,112,1,1
39518,61,63,-2,2
39519,39,49,-10,10
39520,65,82,-17,17
39521,101,102,-1,1
39522,188,165,23,23
39523,73,68,5,5
39524,51,68,-17,17
39525,126,127,-1,1
39526,95,115,-20,20
39527,85,99,-14,14
39528,112,78,34,34
39529,117,124,-7,7
39530,109,95,14,14
39531,47,63,-16,16
39532,63,74,-11,11
39533,92,97,-5,5
39534,78,82,-4,4
39535,100,98,2,2
39536,137,120,17,17
39537,163,149,14,14
39538,74,70,4,4
39539,64,65,-1,1
39540,87,75,12,12
39541,87,91,-4,4
39542,120,130,-10,10
39543,129,127,2,2
39544,137,137,0,0
39545,65,70,-5,5
39546,67,69,-2,2
39547,83,82,1,1
39548,91,81,10,10
39549,88,80,8,8
39550,47,68,-21,21
39551,119,119,0,0
39552,76,83,-7,7
39553,96,94,2,2
39554,69,76,-7,7
39555,91,88,3,3
39556,95,94,1,1
39557,89,101,-12,12
39558,89,81,8,8
39559,106,113,-7,7
39560,86,55,31,31
39561,119,111,8,8
39562,76,84,-8,8
39563,95,86,9,9
39564,93,93,0,0
39565,93,84,9,9
39566,87,81,6,6
39567,142,150,-8,8
39568,81,83,-2,2
39569,54,57,-3,3
39570,131,124,7,7
39571,53,57,-4,4
39572,132,132,0,0
39573,83,91,-8,8
39574,77,70,7,7
39575,86,100,-14,14
39576,135,133,2,2
39577,114,110,4,4
39578,75,86,-11,11
39579,62,73,-11,11
39580,96,90,6,6
39581,88,62,26,26
39582,58,64,-6,6
39583,55,65,-10,10
39584,70,69,1,1
39585,162,139,23,23
39586,98,94,4,4
39587,73,69,4,4
39588,52,56,-4,4
39589,86,85,1,1
39590,133,114,19,19
39591,102,106,-4,4
39592,137,133,4,4
39593,58,59,-1,1
39594,94,80,14,14
39595,158,144,14,14
39596,88,90,-2,2
39597,81,90,-9,9
39598,88,75,13,13
39599,170,173,-3,3
39600,132,129,3,3
39601,160,145,15,15
39602,69,67,2,2
39603,78,77,1,1
39604,47,61,-14,14
39605,122,129,-7,7
39606,46,46,0,0
39607,81,85,-4,4
39608,173,173,0,0
39609,36,114,-78,78
39610,84,90,-6,6
39611,118,99,19,19
39612,113,97,16,16
39613,162,157,5,5
39614,98,104,-6,6
39615,96,103,-7,7
39616,71,67,4,4
39617,68,66,2,2
39618,85,87,-2,2
39619,34,62,-28,28
39620,69,82,-13,13
39621,69,77,-8,8
39622,128,128,0,0
39623,99,95,4,4
39624,121,126,-5,5
39625,179,165,14,14
39626,92,92,0,0
39627,171,164,7,7
39628,94,94,0,0
39629,112,116,-4,4
39630,79,67,12,12
39631,57,67,-10,10
39632,72,77,-5,5
39633,161,138,23,23
39634,132,137,-5,5
39635,126,118,8,8
39636,78,80,-2,2
39637,72,72,0,0
39638,88,95,-7,7
39639,93,92,1,1
39640,56,63,-7,7
39641,179,156,23,23
39642,99,100,-1,1
39643,143,137,6,6
39644,25,33,-8,8
39645,85,91,-6,6
39646,50,49,1,1
39647,110,113,-3,3
39648,133,128,5,5
39649,103,96,7,7
39650,149,131,18,18
39651,146,146,0,0
39652,65,68,-3,3
39653,117,140,-23,23
39654,53,57,-4,4
39655,155,143,12,12
39656,127,116,11,11
39657,87,86,1,1
39658,167,161,6,6
39659,74,65,9,9
39660,65,68,-3,3
39661,50,62,-12,12
39662,109,99,10,10
39663,65,70,-5,5
39664,98,92,6,6
39665,128,128,0,0
39666,132,137,-5,5
39667,174,181,-7,7
39668,81,83,-2,2
39669,69,75,-6,6
39670,77,75,2,2
39671,69,69,0,0
39672,68,71,-3,3
39673,132,137,-5,5
39674,152,156,-4,4
39675,87,89,-2,2
39676,30,40,-10,10
39677,98,86,12,12
39678,99,99,0,0
39679,116,122,-6,6
39680,100,100,0,0
39681,137,128,9,9
39682,63,62,1,1
39683,82,92,-10,10
39684,99,110,-11,11
39685,58,60,-2,2
39686,68,68,0,0
39687,121,118,3,3
39688,91,85,6,6
39689,61,85,-24,24
39690,46,64,-18,18
39691,107,118,-11,11
39692,80,77,3,3
39693,78,81,-3,3
39694,83,79,4,4
39695,139,123,16,16
39696,113,114,-1,1
39697,109,120,-11,11
39698,168,166,2,2
39699,148,141,7,7
39700,90,85,5,5
39701,49,58,-9,9
39702,91,105,-14,14
39703,48,54,-6,6
39704,99,105,-6,6
39705,125,129,-4,4
39706,77,95,-18,18
39707,89,112,-23,23
39708,85,76,9,9
39709,85,83,2,2
39710,60,73,-13,13
39711,100,99,1,1
39712,61,63,-2,2
39713,87,86,1,1
39714,79,81,-2,2
39715,48,57,-9,9
39716,90,101,-11,11
39717,85,86,-1,1
39718,77,73,4,4
39719,56,61,-5,5
39720,55,64,-9,9
39721,148,130,18,18
39722,108,100,8,8
39723,69,62,7,7
39724,151,156,-5,5
39725,98,94,4,4
39726,87,94,-7,7
39727,76,79,-3,3
39728,84,85,-1,1
39729,39,51,-12,12
39730,105,100,5,5
39731,68,100,-32,32
39732,58,65,-7,7
39733,81,76,5,5
39734,108,113,-5,5
39735,98,103,-5,5
39736,148,101,47,47
39737,71,73,-2,2
39738,108,105,3,3
39739,68,72,-4,4
39740,82,80,2,2
39741,159,138,21,21
39742,109,94,15,15
39743,113,107,6,6
39744,106,108,-2,2
39745,124,117,7,7
39746,74,77,-3,3
39747,23,34,-11,11
39748,94,82,12,12
39749,69,70,-1,1
39750,63,70,-7,7
39751,49,63,-14,14
39752,83,84,-1,1
39753,65,67,-2,2
39754,122,100,22,22
39755,110,93,17,17
39756,145,148,-3,3
39757,128,120,8,8
39758,61,64,-3,3
39759,135,134,1,1
39760,62,60,2,2
39761,143,127,16,16
39762,59,63,-4,4
39763,133,151,-18,18
39764,84,98,-14,14
39765,127,126,1,1
39766,75,68,7,7
39767,128,127,1,1
39768,85,94,-9,9
39769,127,105,22,22
39770,66,73,-7,7
39771,45,47,-2,2
39772,89,89,0,0
39773,82,70,12,12
39774,98,92,6,6
39775,51,61,-10,10
39776,112,120,-8,8
39777,70,66,4,4
39778,75,64,11,11
39779,97,110,-13,13
39780,59,72,-13,13
39781,51,50,1,1
39782,53,55,-2,2
39783,56,66,-10,10
39784,67,68,-1,1
39785,66,73,-7,7
39786,89,90,-1,1
39787,94,85,9,9
39788,77,92,-15,15
39789,41,51,-10,10
39790,85,85,0,0
39791,72,68,4,4
39792,108,110,-2,2
39793,105,110,-5,5
39794,67,65,2,2
39795,97,97,0,0
39796,76,75,1,1
39797,133,150,-17,17
39798,93,100,-7,7
39799,40,50,-10,10
39800,66,67,-1,1
39801,43,48,-5,5
39802,145,152,-7,7
39803,135,121,14,14
39804,64,71,-7,7
39805,76,89,-13,13
39806,55,56,-1,1
39807,78,60,18,18
39808,103,103,0,0
39809,141,142,-1,1
39810,152,148,4,4
39811,110,122,-12,12
39812,122,115,7,7
39813,78,80,-2,2
39814,82,86,-4,4
39815,104,99,5,5
39816,112,112,0,0
39817,69,66,3,3
39818,48,56,-8,8
39819,60,67,-7,7
39820,54,54,0,0
39821,128,120,8,8
39822,61,61,0,0
39823,108,104,4,4
39824,86,91,-5,5
39825,74,85,-11,11
39826,168,168,0,0
39827,76,83,-7,7
39828,80,82,-2,2
39829,96,95,1,1
39830,74,69,5,5
39831,59,61,-2,2
39832,143,147,-4,4
39833,68,68,0,0
39834,76,79,-3,3
39835,97,101,-4,4
39836,66,67,-1,1
39837,94,101,-7,7
39838,159,163,-4,4
39839,76,73,3,3
39840,121,122,-1,1
39841,123,131,-8,8
39842,80,81,-1,1
39843,77,82,-5,5
39844,52,59,-7,7
39845,115,104,11,11
39846,180,159,21,21
39847,70,74,-4,4
39848,79,90,-11,11
39849,112,110,2,2
39850,89,92,-3,3
39851,83,85,-2,2
39852,108,121,-13,13
39853,67,71,-4,4
39854,86,82,4,4
39855,82,93,-11,11
39856,156,142,14,14
39857,141,132,9,9
39858,154,142,12,12
39859,63,67,-4,4
39860,52,59,-7,7
39861,122,109,13,13
39862,69,77,-8,8
39863,93,95,-2,2
39864,106,113,-7,7
39865,76,58,18,18
39866,97,90,7,7
39867,96,91,5,5
39868,116,115,1,1
39869,98,98,0,0
39870,89,85,4,4
39871,137,148,-11,11
39872,88,75,13,13
39873,115,109,6,6
39874,135,135,0,0
39875,99,109,-10,10
39876,68,77,-9,9
39877,98,101,-3,3
39878,119,110,9,9
39879,77,74,3,3
39880,74,77,-3,3
39881,115,123,-8,8
39882,67,66,1,1
39883,79,83,-4,4
39884,107,123,-16,16
39885,83,82,1,1
39886,74,81,-7,7
39887,160,164,-4,4
39888,56,54,2,2
39889,74,73,1,1
39890,95,100,-5,5
39891,141,163,-22,22
39892,98,95,3,3
39893,84,91,-7,7
39894,118,119,-1,1
39895,58,57,1,1
39896,54,63,-9,9
39897,74,75,-1,1
39898,69,76,-7,7
39899,123,102,21,21
39900,59,61,-2,2
39901,50,65,-15,15
39902,56,57,-1,1
39903,55,68,-13,13
39904,145,144,1,1
39905,89,79,10,10
39906,74,73,1,1
39907,67,69,-2,2
39908,100,106,-6,6
39909,99,101,-2,2
39910,64,70,-6,6
39911,49,61,-12,12
39912,144,149,-5,5
39913,65,67,-2,2
39914,57,64,-7,7
39915,74,81,-7,7
39916,82,87,-5,5
39917,80,75,5,5
39918,167,200,-33,33
39919,55,55,0,0
39920,98,100,-2,2
39921,69,70,-1,1
39922,60,61,-1,1
39923,149,147,2,2
39924,170,151,19,19
39925,56,64,-8,8
39926,120,118,2,2
39927,114,114,0,0
39928,123,133,-10,10
39929,67,74,-7,7
39930,145,133,12,12
39931,72,73,-1,1
39932,85,82,3,3
39933,117,121,-4,4
39934,87,103,-16,16
39935,66,76,-10,10
39936,116,125,-9,9
39937,53,69,-16,16
39938,109,99,10,10
39939,26,41,-15,15
39940,51,57,-6,6
39941,65,64,1,1
39942,89,84,5,5
39943,110,98,12,12
39944,70,70,0,0
39945,46,49,-3,3
39946,119,123,-4,4
39947,127,122,5,5
39948,95,100,-5,5
39949,68,68,0,0
39950,73,58,15,15
39951,112,105,7,7
39952,152,152,0,0
39953,83,88,-5,5
39954,115,117,-2,2
39955,131,109,22,22
39956,49,52,-3,3
39957,118,101,17,17
39958,94,89,5,5
39959,120,132,-12,12
39960,64,75,-11,11
39961,145,140,5,5
39962,63,66,-3,3
39963,62,64,-2,2
39964,55,60,-5,5
39965,113,134,-21,21
39966,62,64,-2,2
39967,80,66,14,14
39968,100,87,13,13
39969,72,76,-4,4
39970,75,75,0,0
39971,104,101,3,3
39972,56,45,11,11
39973,116,127,-11,11
39974,87,93,-6,6
39975,109,114,-5,5
39976,107,116,-9,9
39977,63,77,-14,14
39978,127,138,-11,11
39979,124,106,18,18
39980,67,66,1,1
39981,229,187,42,42
39982,144,121,23,23
39983,110,111,-1,1
39984,70,67,3,3
39985,102,97,5,5
39986,153,134,19,19
39987,82,84,-2,2
39988,50,55,-5,5
39989,54,60,-6,6
39990,97,87,10,10
39991,75,76,-1,1
39992,83,78,5,5
39993,88,95,-7,7
39994,129,122,7,7
39995,91,87,4,4
39996,115,102,13,13
39997,96,91,5,5
39998,177,175,2,2
39999,109,117,-8,8
40000,91,96,-5,5
40001,102,95,7,7
40002,75,70,5,5
40003,67,70,-3,3
40004,85,83,2,2
40005,133,131,2,2
40006,122,107,15,15
40007,99,101,-2,2
40008,72,79,-7,7
40009,80,87,-7,7
40010,61,65,-4,4
40011,118,111,7,7
40012,112,110,2,2
40013,69,78,-9,9
40014,156,148,8,8
40015,140,134,6,6
40016,55,57,-2,2
40017,85,98,-13,13
40018,104,104,0,0
40019,113,110,3,3
40020,61,66,-5,5
40021,110,124,-14,14
40022,142,133,9,9
40023,93,89,4,4
40024,49,55,-6,6
40025,139,148,-9,9
40026,42,52,-10,10
40027,80,65,15,15
40028,138,140,-2,2
40029,148,135,13,13
40030,28,45,-17,17
40031,54,60,-6,6
40032,85,85,0,0
40033,84,80,4,4
40034,161,133,28,28
40035,80,78,2,2
40036,108,128,-20,20
40037,91,98,-7,7
40038,92,86,6,6
40039,92,104,-12,12
40040,91,65,26,26
40041,146,141,5,5
40042,59,67,-8,8
40043,109,98,11,11
40044,67,67,0,0
40045,89,98,-9,9
40046,156,143,13,13
40047,106,93,13,13
40048,71,67,4,4
40049,161,159,2,2
40050,97,93,4,4
40051,95,95,0,0
40052,128,125,3,3
40053,79,97,-18,18
40054,127,140,-13,13
40055,88,103,-15,15
40056,63,67,-4,4
40057,47,56,-9,9
40058,67,70,-3,3
40059,44,50,-6,6
40060,70,69,1,1
40061,59,61,-2,2
40062,115,120,-5,5
40063,123,136,-13,13
40064,49,49,0,0
40065,81,81,0,0
40066,55,55,0,0
40067,105,104,1,1
40068,120,123,-3,3
40069,95,100,-5,5
40070,73,70,3,3
40071,76,75,1,1
40072,95,95,0,0
40073,35,43,-8,8
40074,85,85,0,0
40075,65,76,-11,11
40076,125,134,-9,9
40077,62,67,-5,5
40078,95,95,0,0
40079,139,139,0,0
40080,77,85,-8,8
40081,65,64,1,1
40082,53,61,-8,8
40083,83,79,4,4
40084,62,57,5,5
40085,74,69,5,5
40086,32,43,-11,11
40087,67,67,0,0
40088,134,134,0,0
40089,78,82,-4,4
40090,88,81,7,7
40091,81,89,-8,8
40092,60,62,-2,2
40093,117,113,4,4
40094,61,67,-6,6
40095,147,152,-5,5
40096,217,191,26,26
40097,84,75,9,9
40098,67,58,9,9
40099,158,183,-25,25
40100,51,61,-10,10
40101,91,96,-5,5
40102,72,68,4,4
40103,121,127,-6,6
40104,76,75,1,1
40105,117,110,7,7
40106,63,68,-5,5
40107,82,91,-9,9
40108,87,95,-8,8
40109,77,80,-3,3
40110,67,72,-5,5
40111,129,111,18,18
40112,56,59,-3,3
40113,60,67,-7,7
40114,130,124,6,6
40115,106,117,-11,11
40116,73,72,1,1
40117,89,93,-4,4
40118,85,99,-14,14
40119,71,68,3,3
40120,206,245,-39,39
40121,142,136,6,6
40122,106,114,-8,8
40123,98,99,-1,1
40124,60,75,-15,15
40125,113,124,-11,11
40126,57,57,0,0
40127,73,57,16,16
40128,186,176,10,10
40129,87,89,-2,2
40130,122,103,19,19
40131,80,85,-5,5
40132,130,123,7,7
40133,106,108,-2,2
40134,175,195,-20,20
40135,135,113,22,22
40136,115,114,1,1
40137,80,86,-6,6
40138,125,115,10,10
40139,85,94,-9,9
40140,85,87,-2,2
40141,143,136,7,7
40142,92,90,2,2
40143,74,69,5,5
40144,66,73,-7,7
40145,68,65,3,3
40146,103,77,26,26
40147,82,88,-6,6
40148,57,65,-8,8
40149,102,122,-20,20
40150,117,113,4,4
40151,79,80,-1,1
40152,179,163,16,16
40153,111,126,-15,15
40154,59,63,-4,4
40155,90,92,-2,2
40156,82,113,-31,31
40157,120,118,2,2
40158,89,86,3,3
40159,76,78,-2,2
40160,74,67,7,7
40161,54,54,0,0
40162,51,49,2,2
40163,71,77,-6,6
40164,116,111,5,5
40165,84,77,7,7
40166,107,108,-1,1
40167,83,83,0,0
40168,170,155,15,15
40169,118,124,-6,6
40170,115,103,12,12
40171,78,86,-8,8
40172,155,144,11,11
40173,143,164,-21,21
40174,80,89,-9,9
40175,64,74,-10,10
40176,97,95,2,2
40177,92,93,-1,1
40178,63,72,-9,9
40179,196,170,26,26
40180,70,80,-10,10
40181,95,100,-5,5
40182,73,79,-6,6
40183,64,74,-10,10
40184,86,105,-19,19
40185,93,90,3,3
40186,81,78,3,3
40187,132,110,22,22
40188,89,68,21,21
40189,80,71,9,9
40190,61,63,-2,2
40191,148,156,-8,8
40192,104,103,1,1
40193,105,111,-6,6
40194,94,86,8,8
40195,72,75,-3,3
40196,71,79,-8,8
40197,115,123,-8,8
40198,100,101,-1,1
40199,64,67,-3,3
40200,88,73,15,15
40201,175,164,11,11
40202,153,152,1,1
40203,58,57,1,1
40204,143,147,-4,4
40205,49,52,-3,3
40206,62,59,3,3
40207,72,69,3,3
40208,112,111,1,1
40209,90,95,-5,5
40210,88,92,-4,4
40211,92,88,4,4
40212,25,45,-20,20
40213,97,98,-1,1
40214,133,115,18,18
40215,86,86,0,0
40216,81,79,2,2
40217,164,148,16,16
40218,64,62,2,2
40219,79,81,-2,2
40220,108,103,5,5
40221,62,69,-7,7
40222,84,82,2,2
40223,187,167,20,20
40224,70,86,-16,16
40225,119,112,7,7
40226,86,80,6,6
40227,118,114,4,4
40228,79,84,-5,5
40229,77,67,10,10
40230,85,90,-5,5
40231,107,102,5,5
40232,76,85,-9,9
40233,54,50,4,4
40234,66,75,-9,9
40235,64,79,-15,15
40236,56,105,-49,49
40237,147,154,-7,7
40238,92,77,15,15
40239,119,113,6,6
40240,61,71,-10,10
40241,112,111,1,1
40242,116,119,-3,3
40243,68,79,-11,11
40244,153,133,20,20
40245,114,127,-13,13
40246,115,111,4,4
40247,91,89,2,2
40248,68,73,-5,5
40249,111,107,4,4
40250,79,69,10,10
40251,57,68,-11,11
40252,114,112,2,2
40253,66,73,-7,7
40254,96,81,15,15
40255,83,96,-13,13
40256,93,84,9,9
40257,83,75,8,8
40258,80,76,4,4
40259,82,90,-8,8
40260,114,107,7,7
40261,49,46,3,3
40262,67,73,-6,6
40263,79,82,-3,3
40264,77,77,0,0
40265,64,63,1,1
40266,177,180,-3,3
40267,71,74,-3,3
40268,99,98,1,1
40269,90,89,1,1
40270,107,104,3,3
40271,103,97,6,6
40272,144,142,2,2
40273,81,81,0,0
40274,69,78,-9,9
40275,63,83,-20,20
40276,105,118,-13,13
40277,100,91,9,9
40278,118,120,-2,2
40279,89,92,-3,3
40280,90,95,-5,5
40281,88,99,-11,11
40282,69,64,5,5
40283,59,69,-10,10
40284,84,86,-2,2
40285,143,146,-3,3
40286,112,117,-5,5
40287,143,159,-16,16
40288,78,75,3,3
40289,38,49,-11,11
40290,107,102,5,5
40291,57,61,-4,4
40292,62,97,-35,35
40293,79,87,-8,8
40294,72,78,-6,6
40295,85,81,4,4
40296,83,74,9,9
40297,69,66,3,3
40298,62,63,-1,1
40299,80,75,5,5
40300,55,70,-15,15
40301,77,75,2,2
40302,77,88,-11,11
40303,81,88,-7,7
40304,88,85,3,3
40305,75,86,-11,11
40306,103,110,-7,7
40307,63,61,2,2
40308,115,101,14,14
40309,149,147,2,2
40310,48,55,-7,7
40311,67,65,2,2
40312,167,153,14,14
40313,116,119,-3,3
40314,40,46,-6,6
40315,93,95,-2,2
40316,98,94,4,4
40317,105,96,9,9
40318,150,129,21,21
40319,174,151,23,23
40320,156,108,48,48
40321,61,100,-39,39
40322,124,130,-6,6
40323,61,64,-3,3
40324,58,69,-11,11
40325,147,149,-2,2
40326,80,99,-19,19
40327,115,89,26,26
40328,139,139,0,0
40329,73,72,1,1
40330,208,188,20,20
40331,92,99,-7,7
40332,63,66,-3,3
40333,126,105,21,21
40334,31,40,-9,9
40335,55,70,-15,15
40336,154,155,-1,1
40337,110,107,3,3
40338,62,60,2,2
40339,124,120,4,4
40340,81,74,7,7
40341,78,71,7,7
40342,122,139,-17,17
40343,110,126,-16,16
40344,100,89,11,11
40345,112,120,-8,8
40346,58,61,-3,3
40347,92,95,-3,3
40348,143,136,7,7
40349,76,79,-3,3
40350,62,71,-9,9
40351,72,77,-5,5
40352,96,104,-8,8
40353,98,103,-5,5
40354,209,183,26,26
40355,81,78,3,3
40356,65,70,-5,5
40357,111,93,18,18
40358,158,146,12,12
40359,106,115,-9,9
40360,124,120,4,4
40361,90,86,4,4
40362,95,104,-9,9
40363,86,105,-19,19
40364,89,90,-1,1
40365,59,71,-12,12
40366,132,123,9,9
40367,91,69,22,22
40368,90,90,0,0
40369,85,72,13,13
40370,77,89,-12,12
40371,68,68,0,0
40372,77,84,-7,7
40373,125,119,6,6
40374,53,56,-3,3
40375,100,109,-9,9
40376,128,142,-14,14
40377,78,70,8,8
40378,73,95,-22,22
40379,79,85,-6,6
40380,89,97,-8,8
40381,101,104,-3,3
40382,93,113,-20,20
40383,93,100,-7,7
40384,62,66,-4,4
40385,113,124,-11,11
40386,117,123,-6,6
40387,133,127,6,6
40388,107,116,-9,9
40389,64,85,-21,21
40390,48,57,-9,9
40391,103,104,-1,1
40392,91,97,-6,6
40393,121,133,-12,12
40394,109,113,-4,4
40395,92,84,8,8
40396,118,114,4,4
40397,82,91,-9,9
40398,76,70,6,6
40399,98,83,15,15
40400,118,113,5,5
40401,124,132,-8,8
40402,120,104,16,16
40403,85,90,-5,5
40404,112,117,-5,5
40405,88,88,0,0
40406,65,63,2,2
40407,48,45,3,3
40408,66,73,-7,7
40409,106,80,26,26
40410,174,149,25,25
40411,161,160,1,1
40412,42,104,-62,62
40413,65,64,1,1
40414,47,64,-17,17
40415,100,108,-8,8
40416,91,89,2,2
40417,59,61,-2,2
40418,77,85,-8,8
40419,83,87,-4,4
40420,91,81,10,10
40421,91,88,3,3
40422,163,152,11,11
40423,89,83,6,6
40424,144,151,-7,7
40425,107,121,-14,14
40426,75,86,-11,11
40427,210,218,-8,8
40428,168,151,17,17
40429,116,160,-44,44
40430,67,81,-14,14
40431,66,77,-11,11
40432,23,35,-12,12
40433,99,102,-3,3
40434,66,72,-6,6
40435,56,60,-4,4
40436,92,89,3,3
40437,132,120,12,12
40438,67,83,-16,16
40439,42,48,-6,6
40440,123,125,-2,2
40441,44,54,-10,10
40442,117,116,1,1
40443,109,103,6,6
40444,106,110,-4,4
40445,92,84,8,8
40446,88,80,8,8
40447,74,81,-7,7
40448,114,131,-17,17
40449,146,131,15,15
40450,105,107,-2,2
40451,91,94,-3,3
40452,124,125,-1,1
40453,178,156,22,22
40454,98,102,-4,4
40455,145,155,-10,10
40456,76,78,-2,2
40457,100,91,9,9
40458,128,114,14,14
40459,152,145,7,7
40460,40,47,-7,7
40461,65,69,-4,4
40462,107,115,-8,8
40463,90,85,5,5
40464,100,111,-11,11
40465,71,99,-28,28
40466,55,60,-5,5
40467,80,113,-33,33
40468,131,88,43,43
40469,28,47,-19,19
40470,93,70,23,23
40471,149,150,-1,1
40472,88,92,-4,4
40473,50,57,-7,7
40474,82,96,-14,14
40475,125,118,7,7
40476,131,116,15,15
40477,93,103,-10,10
40478,83,84,-1,1
40479,149,150,-1,1
40480,74,82,-8,8
40481,124,123,1,1
40482,174,155,19,19
40483,83,114,-31,31
40484,119,124,-5,5
40485,85,82,3,3
40486,70,67,3,3
40487,197,187,10,10
40488,131,135,-4,4
40489,130,120,10,10
40490,73,75,-2,2
40491,97,96,1,1
40492,85,73,12,12
40493,198,152,46,46
40494,100,99,1,1
40495,81,95,-14,14
40496,71,74,-3,3
40497,97,99,-2,2
40498,77,87,-10,10
40499,88,90,-2,2
40500,90,84,6,6
40501,74,79,-5,5
40502,70,72,-2,2
40503,63,58,5,5
40504,149,149,0,0
40505,97,90,7,7
40506,65,70,-5,5
40507,81,79,2,2
40508,100,109,-9,9
40509,79,89,-10,10
40510,106,110,-4,4
40511,79,83,-4,4
40512,137,127,10,10
40513,82,84,-2,2
40514,68,59,9,9
40515,100,92,8,8
40516,40,51,-11,11
40517,57,59,-2,2
40518,73,80,-7,7
40519,85,88,-3,3
40520,135,132,3,3
40521,126,119,7,7
40522,158,158,0,0
40523,110,109,1,1
40524,125,129,-4,4
40525,115,121,-6,6
40526,112,115,-3,3
40527,71,76,-5,5
40528,121,132,-11,11
40529,97,113,-16,16
40530,104,108,-4,4
40531,97,96,1,1
40532,54,62,-8,8
40533,76,82,-6,6
40534,132,112,20,20
40535,98,113,-15,15
40536,107,103,4,4
40537,119,117,2,2
40538,125,118,7,7
40539,96,101,-5,5
40540,49,54,-5,5
40541,89,75,14,14
40542,101,100,1,1
40543,86,93,-7,7
40544,43,56,-13,13
40545,40,68,-28,28
40546,109,106,3,3
40547,49,63,-14,14
40548,99,96,3,3
40549,120,91,29,29
40550,70,87,-17,17
40551,177,161,16,16
40552,59,68,-9,9
40553,90,92,-2,2
40554,99,108,-9,9
40555,99,104,-5,5
40556,113,105,8,8
40557,87,104,-17,17
40558,120,126,-6,6
40559,122,117,5,5
40560,156,137,19,19
40561,90,79,11,11
40562,109,107,2,2
40563,59,67,-8,8
40564,110,109,1,1
40565,64,68,-4,4
40566,76,77,-1,1
40567,93,91,2,2
40568,81,80,1,1
40569,155,147,8,8
40570,77,85,-8,8
40571,52,59,-7,7
40572,48,53,-5,5
40573,94,99,-5,5
40574,72,74,-2,2
40575,78,94,-16,16
40576,108,116,-8,8
40577,74,80,-6,6
40578,67,69,-2,2
40579,88,80,8,8
40580,127,134,-7,7
40581,88,97,-9,9
40582,53,56,-3,3
40583,101,105,-4,4
40584,105,101,4,4
40585,120,112,8,8
40586,63,73,-10,10
40587,50,51,-1,1
40588,67,67,0,0
40589,121,118,3,3
40590,76,75,1,1
40591,95,85,10,10
40592,97,107,-10,10
40593,63,70,-7,7
40594,135,145,-10,10
40595,61,54,7,7
40596,79,81,-2,2
40597,133,130,3,3
40598,97,103,-6,6
40599,78,72,6,6
40600,96,96,0,0
40601,47,52,-5,5
40602,139,120,19,19
40603,99,94,5,5
40604,113,108,5,5
40605,94,89,5,5
40606,100,113,-13,13
40607,71,82,-11,11
40608,102,111,-9,9
40609,113,111,2,2
40610,85,87,-2,2
40611,75,68,7,7
40612,62,63,-1,1
40613,111,88,23,23
40614,80,76,4,4
40615,117,122,-5,5
40616,107,108,-1,1
40617,75,81,-6,6
40618,82,84,-2,2
40619,73,78,-5,5
40620,110,108,2,2
40621,115,112,3,3
40622,151,133,18,18
40623,60,62,-2,2
40624,51,60,-9,9
40625,76,75,1,1
40626,115,106,9,9
40627,79,83,-4,4
40628,85,87,-2,2
40629,84,89,-5,5
40630,136,131,5,5
40631,76,80,-4,4
40632,30,64,-34,34
40633,141,147,-6,6
40634,83,78,5,5
40635,81,84,-3,3
40636,79,84,-5,5
40637,113,115,-2,2
40638,88,81,7,7
40639,145,155,-10,10
40640,156,154,2,2
40641,80,94,-14,14
40642,103,108,-5,5
40643,116,111,5,5
40644,76,77,-1,1
40645,123,124,-1,1
40646,93,112,-19,19
40647,103,109,-6,6
40648,67,67,0,0
40649,102,116,-14,14
40650,92,86,6,6
40651,86,81,5,5
40652,56,61,-5,5
40653,80,89,-9,9
40654,137,144,-7,7
40655,48,63,-15,15
40656,87,60,27,27
40657,112,124,-12,12
40658,74,84,-10,10
40659,87,83,4,4
40660,101,109,-8,8
40661,58,64,-6,6
40662,116,116,0,0
40663,97,96,1,1
40664,65,63,2,2
40665,98,89,9,9
40666,98,94,4,4
40667,156,160,-4,4
40668,88,91,-3,3
40669,85,88,-3,3
40670,64,65,-1,1
40671,72,74,-2,2
40672,107,123,-16,16
40673,87,98,-11,11
40674,115,95,20,20
40675,102,84,18,18
40676,120,111,9,9
40677,87,97,-10,10
40678,81,82,-1,1
40679,53,56,-3,3
40680,71,58,13,13
40681,78,81,-3,3
40682,104,94,10,10
40683,113,126,-13,13
40684,51,52,-1,1
40685,65,78,-13,13
40686,109,138,-29,29
40687,78,88,-10,10
40688,105,94,11,11
40689,93,102,-9,9
40690,103,95,8,8
40691,113,110,3,3
40692,77,91,-14,14
40693,135,148,-13,13
40694,82,71,11,11
40695,84,80,4,4
40696,56,64,-8,8
40697,54,60,-6,6
40698,146,129,17,17
40699,149,150,-1,1
40700,91,88,3,3
40701,61,59,2,2
40702,117,131,-14,14
40703,46,58,-12,12
40704,159,149,10,10
40705,94,78,16,16
40706,153,144,9,9
40707,108,98,10,10
40708,85,83,2,2
40709,69,73,-4,4
40710,295,288,7,7
40711,74,70,4,4
40712,103,112,-9,9
40713,80,84,-4,4
40714,68,70,-2,2
40715,120,120,0,0
40716,86,85,1,1
40717,118,123,-5,5
40718,74,76,-2,2
40719,99,89,10,10
40720,76,76,0,0
40721,134,127,7,7
40722,97,106,-9,9
40723,66,75,-9,9
40724,92,107,-15,15
40725,50,71,-21,21
40726,83,95,-12,12
40727,98,103,-5,5
40728,72,65,7,7
40729,71,70,1,1
40730,71,79,-8,8
40731,78,76,2,2
40732,81,84,-3,3
40733,126,129,-3,3
40734,71,68,3,3
40735,70,71,-1,1
40736,141,137,4,4
40737,75,74,1,1
40738,85,83,2,2
40739,89,93,-4,4
40740,82,91,-9,9
40741,174,161,13,13
40742,77,79,-2,2
40743,113,123,-10,10
40744,165,171,-6,6
40745,55,59,-4,4
40746,94,82,12,12
40747,81,82,-1,1
40748,103,102,1,1
40749,87,105,-18,18
40750,68,86,-18,18
40751,205,185,20,20
40752,85,94,-9,9
40753,66,61,5,5
40754,68,63,5,5
40755,87,85,2,2
40756,101,91,10,10
40757,115,119,-4,4
40758,69,68,1,1
40759,144,141,3,3
40760,97,89,8,8
40761,107,110,-3,3
40762,88,106,-18,18
40763,138,136,2,2
40764,90,83,7,7
40765,129,150,-21,21
40766,66,77,-11,11
40767,75,76,-1,1
40768,118,113,5,5
40769,99,91,8,8
40770,77,73,4,4
40771,89,83,6,6
40772,95,93,2,2
40773,56,57,-1,1
40774,115,116,-1,1
40775,59,64,-5,5
40776,117,120,-3,3
40777,110,111,-1,1
40778,120,105,15,15
40779,98,86,12,12
40780,121,121,0,0
40781,100,88,12,12
40782,85,83,2,2
40783,106,112,-6,6
40784,165,159,6,6
40785,65,73,-8,8
40786,58,57,1,1
40787,165,160,5,5
40788,56,60,-4,4
40789,62,60,2,2
40790,85,79,6,6
40791,93,87,6,6
40792,57,62,-5,5
40793,97,97,0,0
40794,96,103,-7,7
40795,45,57,-12,12
40796,114,107,7,7
40797,77,60,17,17
40798,77,89,-12,12
40799,89,84,5,5
40800,70,65,5,5
40801,84,90,-6,6
40802,89,106,-17,17
40803,104,110,-6,6
40804,88,87,1,1
40805,68,76,-8,8
40806,67,70,-3,3
40807,51,61,-10,10
40808,144,143,1,1
40809,135,135,0,0
40810,89,93,-4,4
40811,122,113,9,9
40812,110,109,1,1
40813,81,90,-9,9
40814,147,148,-1,1
40815,60,62,-2,2
40816,137,153,-16,16
40817,110,109,1,1
40818,125,115,10,10
40819,89,100,-11,11
40820,129,139,-10,10
40821,70,64,6,6
40822,149,152,-3,3
40823,72,49,23,23
40824,96,99,-3,3
40825,76,63,13,13
40826,154,151,3,3
40827,220,191,29,29
40828,106,107,-1,1
40829,95,97,-2,2
40830,158,160,-2,2
40831,140,133,7,7
40832,86,88,-2,2
40833,96,88,8,8
40834,100,97,3,3
40835,70,72,-2,2
40836,64,57,7,7
40837,147,126,21,21
40838,75,77,-2,2
40839,80,72,8,8
40840,161,146,15,15
40841,83,100,-17,17
40842,89,79,10,10
40843,169,171,-2,2
40844,85,98,-13,13
40845,151,144,7,7
40846,85,79,6,6
40847,61,65,-4,4
40848,62,71,-9,9
40849,118,107,11,11
40850,97,92,5,5
40851,118,105,13,13
40852,104,92,12,12
40853,44,49,-5,5
40854,101,105,-4,4
40855,69,73,-4,4
40856,52,61,-9,9
40857,115,112,3,3
40858,56,55,1,1
40859,110,123,-13,13
40860,96,113,-17,17
40861,88,90,-2,2
40862,94,95,-1,1
40863,60,63,-3,3
40864,108,110,-2,2
40865,114,106,8,8
40866,87,92,-5,5
40867,102,119,-17,17
40868,75,71,4,4
40869,56,54,2,2
40870,123,117,6,6
40871,29,52,-23,23
40872,70,78,-8,8
40873,87,78,9,9
40874,48,65,-17,17
40875,108,109,-1,1
40876,164,158,6,6
40877,125,113,12,12
40878,66,65,1,1
40879,190,176,14,14
40880,91,91,0,0
40881,116,95,21,21
40882,96,93,3,3
40883,86,83,3,3
40884,157,160,-3,3
40885,149,140,9,9
40886,54,58,-4,4
40887,81,78,3,3
40888,97,103,-6,6
40889,128,124,4,4
40890,96,103,-7,7
40891,121,132,-11,11
40892,131,122,9,9
40893,133,132,1,1
40894,130,133,-3,3
40895,97,75,22,22
40896,68,73,-5,5
40897,118,114,4,4
40898,91,93,-2,2
40899,90,104,-14,14
40900,65,66,-1,1
40901,143,127,16,16
40902,80,69,11,11
40903,96,69,27,27
40904,104,97,7,7
40905,112,121,-9,9
40906,86,87,-1,1
40907,91,96,-5,5
40908,205,176,29,29
40909,73,82,-9,9
40910,101,87,14,14
40911,73,74,-1,1
40912,90,88,2,2
40913,191,180,11,11
40914,90,93,-3,3
40915,149,141,8,8
40916,73,84,-11,11
40917,152,149,3,3
40918,115,116,-1,1
40919,88,92,-4,4
40920,86,84,2,2
40921,103,100,3,3
40922,37,46,-9,9
40923,83,78,5,5
40924,76,65,11,11
40925,56,58,-2,2
40926,130,111,19,19
40927,67,66,1,1
40928,78,79,-1,1
40929,105,104,1,1
40930,101,94,7,7
40931,88,90,-2,2
40932,83,88,-5,5
40933,108,111,-3,3
40934,67,69,-2,2
40935,107,118,-11,11
40936,43,50,-7,7
40937,71,83,-12,12
40938,99,92,7,7
40939,120,128,-8,8
40940,132,122,10,10
40941,30,39,-9,9
40942,88,90,-2,2
40943,82,103,-21,21
40944,59,68,-9,9
40945,68,73,-5,5
40946,120,106,14,14
40947,60,67,-7,7
40948,103,98,5,5
40949,110,104,6,6
40950,114,109,5,5
40951,90,85,5,5
40952,192,167,25,25
40953,100,98,2,2
40954,119,116,3,3
40955,91,76,15,15
40956,98,100,-2,2
40957,51,57,-6,6
40958,94,87,7,7
40959,98,103,-5,5
40960,71,78,-7,7
40961,106,114,-8,8
40962,78,80,-2,2
40963,66,66,0,0
40964,79,83,-4,4
40965,85,91,-6,6
40966,147,143,4,4
40967,68,69,-1,1
40968,66,64,2,2
40969,81,80,1,1
40970,133,133,0,0
40971,120,118,2,2
40972,71,79,-8,8
40973,169,165,4,4
40974,159,159,0,0
40975,57,64,-7,7
40976,73,75,-2,2
40977,44,51,-7,7
40978,85,90,-5,5
40979,49,70,-21,21
40980,54,53,1,1
40981,89,86,3,3
40982,62,69,-7,7
40983,88,89,-1,1
40984,93,101,-8,8
40985,66,70,-4,4
40986,69,70,-1,1
40987,138,160,-22,22
40988,88,88,0,0
40989,102,108,-6,6
40990,45,52,-7,7
40991,48,54,-6,6
40992,106,121,-15,15
40993,158,143,15,15
40994,125,125,0,0
40995,64,82,-18,18
40996,153,148,5,5
40997,66,62,4,4
40998,87,84,3,3
40999,90,97,-7,7
41000,105,101,4,4
41001,51,61,-10,10
41002,148,138,10,10
41003,123,120,3,3
41004,59,63,-4,4
41005,88,82,6,6
41006,91,93,-2,2
41007,77,82,-5,5
41008,98,99,-1,1
41009,84,89,-5,5
41010,97,96,1,1
41011,129,110,19,19
41012,158,153,5,5
41013,99,101,-2,2
41014,153,157,-4,4
41015,140,130,10,10
41016,97,92,5,5
41017,116,120,-4,4
41018,108,106,2,2
41019,117,121,-4,4
41020,112,112,0,0
41021,70,68,2,2
41022,117,129,-12,12
41023,186,152,34,34
41024,88,89,-1,1
41025,40,51,-11,11
41026,69,74,-5,5
41027,138,119,19,19
41028,68,79,-11,11
41029,194,182,12,12
41030,141,144,-3,3
41031,66,85,-19,19
41032,87,98,-11,11
41033,112,116,-4,4
41034,120,104,16,16
41035,117,107,10,10
41036,116,123,-7,7
41037,113,121,-8,8
41038,109,127,-18,18
41039,116,111,5,5
41040,107,105,2,2
41041,156,135,21,21
41042,54,55,-1,1
41043,96,102,-6,6
41044,116,111,5,5
41045,105,100,5,5
41046,53,45,8,8
41047,146,142,4,4
41048,111,126,-15,15
41049,55,61,-6,6
41050,130,131,-1,1
41051,89,87,2,2
41052,99,113,-14,14
41053,101,88,13,13
41054,107,111,-4,4
41055,56,65,-9,9
41056,72,77,-5,5
41057,141,133,8,8
41058,49,59,-10,10
41059,50,56,-6,6
41060,106,102,4,4
41061,71,68,3,3
41062,82,94,-12,12
41063,112,112,0,0
41064,114,114,0,0
41065,91,90,1,1
41066,79,77,2,2
41067,87,89,-2,2
41068,72,68,4,4
41069,140,138,2,2
41070,79,90,-11,11
41071,103,93,10,10
41072,105,101,4,4
41073,80,78,2,2
41074,63,67,-4,4
41075,89,91,-2,2
41076,58,76,-18,18
41077,71,68,3,3
41078,91,81,10,10
41079,64,61,3,3
41080,134,132,2,2
41081,144,129,15,15
41082,46,63,-17,17
41083,79,90,-11,11
41084,137,120,17,17
41085,71,69,2,2
41086,88,95,-7,7
41087,99,93,6,6
41088,77,84,-7,7
41089,71,77,-6,6
41090,66,69,-3,3
41091,57,64,-7,7
41092,107,109,-2,2
41093,157,148,9,9
41094,59,67,-8,8
41095,107,119,-12,12
41096,150,143,7,7
41097,97,100,-3,3
41098,56,67,-11,11
41099,122,125,-3,3
41100,118,134,-16,16
41101,98,72,26,26
41102,87,101,-14,14
41103,84,75,9,9
41104,67,58,9,9
41105,97,102,-5,5
41106,110,109,1,1
41107,75,74,1,1
41108,49,57,-8,8
41109,121,139,-18,18
41110,124,133,-9,9
41111,86,83,3,3
41112,91,97,-6,6
41113,74,66,8,8
41114,87,73,14,14
41115,61,66,-5,5
41116,76,72,4,4
41117,169,180,-11,11
41118,79,80,-1,1
41119,85,101,-16,16
41120,129,117,12,12
41121,68,66,2,2
41122,88,105,-17,17
41123,136,125,11,11
41124,81,87,-6,6
41125,143,140,3,3
41126,66,68,-2,2
41127,90,98,-8,8
41128,69,73,-4,4
41129,129,100,29,29
41130,77,83,-6,6
41131,128,127,1,1
41132,110,115,-5,5
41133,125,129,-4,4
41134,82,82,0,0
41135,147,128,19,19
41136,77,78,-1,1
41137,81,68,13,13
41138,91,91,0,0
41139,106,106,0,0
41140,65,78,-13,13
41141,59,64,-5,5
41142,107,114,-7,7
41143,75,83,-8,8
41144,86,99,-13,13
41145,92,81,11,11
41146,87,87,0,0
41147,115,118,-3,3
41148,70,77,-7,7
41149,78,63,15,15
41150,77,77,0,0
41151,142,150,-8,8
41152,161,160,1,1
41153,145,132,13,13
41154,102,101,1,1
41155,68,65,3,3
41156,81,84,-3,3
41157,92,95,-3,3
41158,91,88,3,3
41159,87,84,3,3
41160,168,160,8,8
41161,58,58,0,0
41162,119,101,18,18
41163,55,50,5,5
41164,69,70,-1,1
41165,69,73,-4,4
41166,99,96,3,3
41167,72,71,1,1
41168,82,92,-10,10
41169,134,137,-3,3
41170,88,82,6,6
41171,61,66,-5,5
41172,77,83,-6,6
41173,106,99,7,7
41174,89,91,-2,2
41175,90,80,10,10
41176,102,94,8,8
41177,77,74,3,3
41178,63,62,1,1
41179,76,78,-2,2
41180,67,62,5,5
41181,64,72,-8,8
41182,66,71,-5,5
41183,126,124,2,2
41184,91,99,-8,8
41185,148,127,21,21
41186,111,111,0,0
41187,58,62,-4,4
41188,93,89,4,4
41189,80,76,4,4
41190,173,166,7,7
41191,80,75,5,5
41192,117,112,5,5
41193,69,64,5,5
41194,115,115,0,0
41195,122,107,15,15
41196,76,82,-6,6
41197,89,78,11,11
41198,92,108,-16,16
41199,101,111,-10,10
41200,156,130,26,26
41201,88,77,11,11
41202,61,56,5,5
41203,80,78,2,2
41204,128,130,-2,2
41205,101,100,1,1
41206,114,111,3,3
41207,142,126,16,16
41208,53,56,-3,3
41209,138,131,7,7
41210,49,60,-11,11
41211,146,132,14,14
41212,91,92,-1,1
41213,136,130,6,6
41214,60,68,-8,8
41215,147,148,-1,1
41216,86,86,0,0
41217,71,73,-2,2
41218,127,148,-21,21
41219,62,68,-6,6
41220,109,99,10,10
41221,69,68,1,1
41222,186,182,4,4
41223,44,50,-6,6
41224,39,48,-9,9
41225,89,93,-4,4
41226,113,104,9,9
41227,65,71,-6,6
41228,63,72,-9,9
41229,61,66,-5,5
41230,132,129,3,3
41231,70,74,-4,4
41232,179,166,13,13
41233,103,112,-9,9
41234,118,110,8,8
41235,71,71,0,0
41236,156,140,16,16
41237,95,96,-1,1
41238,108,120,-12,12
41239,92,96,-4,4
41240,125,123,2,2
41241,103,94,9,9
41242,87,75,12,12
41243,57,65,-8,8
41244,95,102,-7,7
41245,207,210,-3,3
41246,72,71,1,1
41247,158,145,13,13
41248,78,87,-9,9
41249,59,65,-6,6
41250,77,77,0,0
41251,78,72,6,6
41252,120,97,23,23
41253,137,137,0,0
41254,71,71,0,0
41255,117,115,2,2
41256,97,99,-2,2
41257,108,101,7,7
41258,64,68,-4,4
41259,125,113,12,12
41260,57,52,5,5
41261,47,52,-5,5
41262,110,97,13,13
41263,173,170,3,3
41264,70,66,4,4
41265,112,107,5,5
41266,69,72,-3,3
41267,95,90,5,5
41268,50,56,-6,6
41269,60,65,-5,5
41270,108,112,-4,4
41271,88,87,1,1
41272,141,161,-20,20
41273,65,68,-3,3
41274,111,128,-17,17
41275,110,92,18,18
41276,156,131,25,25
41277,70,87,-17,17
41278,77,74,3,3
41279,111,113,-2,2
41280,77,70,7,7
41281,132,157,-25,25
41282,94,85,9,9
41283,87,94,-7,7
41284,71,82,-11,11
41285,69,80,-11,11
41286,57,57,0,0
41287,63,70,-7,7
41288,170,175,-5,5
41289,99,96,3,3
41290,91,92,-1,1
41291,75,77,-2,2
41292,155,151,4,4
41293,169,160,9,9
41294,121,118,3,3
41295,56,62,-6,6
41296,73,81,-8,8
41297,142,100,42,42
41298,76,86,-10,10
41299,117,160,-43,43
41300,113,116,-3,3
41301,63,66,-3,3
41302,146,136,10,10
41303,71,63,8,8
41304,68,69,-1,1
41305,96,97,-1,1
41306,64,69,-5,5
41307,79,70,9,9
41308,77,77,0,0
41309,54,58,-4,4
41310,81,89,-8,8
41311,106,113,-7,7
41312,130,122,8,8
41313,63,60,3,3
41314,74,74,0,0
41315,87,87,0,0
41316,97,98,-1,1
41317,136,153,-17,17
41318,78,76,2,2
41319,114,113,1,1
41320,172,185,-13,13
41321,69,87,-18,18
41322,55,69,-14,14
41323,68,69,-1,1
41324,84,82,2,2
41325,64,78,-14,14
41326,44,54,-10,10
41327,98,105,-7,7
41328,118,131,-13,13
41329,115,110,5,5
41330,151,153,-2,2
41331,66,67,-1,1
41332,150,140,10,10
41333,94,94,0,0
41334,83,92,-9,9
41335,138,126,12,12
41336,96,99,-3,3
41337,117,116,1,1
41338,32,46,-14,14
41339,167,163,4,4
41340,162,156,6,6
41341,120,124,-4,4
41342,84,86,-2,2
41343,64,66,-2,2
41344,147,148,-1,1
41345,74,77,-3,3
41346,42,62,-20,20
41347,65,81,-16,16
41348,87,75,12,12
41349,101,117,-16,16
41350,64,67,-3,3
41351,54,66,-12,12
41352,99,108,-9,9
41353,60,65,-5,5
41354,62,70,-8,8
41355,134,120,14,14
41356,79,81,-2,2
41357,74,77,-3,3
41358,103,110,-7,7
41359,160,161,-1,1
41360,103,99,4,4
41361,96,102,-6,6
41362,66,69,-3,3
41363,72,70,2,2
41364,69,76,-7,7
41365,115,113,2,2
41366,74,70,4,4
41367,47,57,-10,10
41368,116,101,15,15
41369,75,90,-15,15
41370,74,83,-9,9
41371,138,122,16,16
41372,83,83,0,0
41373,78,87,-9,9
41374,144,132,12,12
41375,94,93,1,1
41376,91,88,3,3
41377,97,101,-4,4
41378,79,82,-3,3
41379,87,85,2,2
41380,50,59,-9,9
41381,61,65,-4,4
41382,66,79,-13,13
41383,83,85,-2,2
41384,69,70,-1,1
41385,117,101,16,16
41386,123,107,16,16
41387,152,126,26,26
41388,53,58,-5,5
41389,41,56,-15,15
41390,120,108,12,12
41391,50,56,-6,6
41392,103,113,-10,10
41393,59,69,-10,10
41394,146,82,64,64
41395,74,72,2,2
41396,119,117,2,2
41397,100,94,6,6
41398,109,94,15,15
41399,140,127,13,13
41400,104,109,-5,5
41401,118,122,-4,4
41402,129,120,9,9
41403,62,65,-3,3
41404,80,81,-1,1
41405,67,85,-18,18
41406,45,51,-6,6
41407,111,111,0,0
41408,110,113,-3,3
41409,68,73,-5,5
41410,84,96,-12,12
41411,132,118,14,14
41412,67,69,-2,2
41413,66,66,0,0
41414,53,72,-19,19
41415,88,89,-1,1
41416,115,118,-3,3
41417,142,141,1,1
41418,134,135,-1,1
41419,108,106,2,2
41420,63,65,-2,2
41421,68,59,9,9
41422,96,85,11,11
41423,73,77,-4,4
41424,88,91,-3,3
41425,107,101,6,6
41426,114,134,-20,20
41427,132,136,-4,4
41428,64,68,-4,4
41429,73,71,2,2
41430,109,103,6,6
41431,65,67,-2,2
41432,138,113,25,25
41433,103,96,7,7
41434,132,125,7,7
41435,67,66,1,1
41436,70,78,-8,8
41437,114,97,17,17
41438,54,63,-9,9
41439,87,79,8,8
41440,57,65,-8,8
41441,163,172,-9,9
41442,83,94,-11,11
41443,48,51,-3,3
41444,62,72,-10,10
41445,110,100,10,10
41446,64,65,-1,1
41447,154,140,14,14
41448,119,114,5,5
41449,81,80,1,1
41450,76,74,2,2
41451,125,112,13,13
41452,82,84,-2,2
41453,140,135,5,5
41454,58,57,1,1
41455,90,87,3,3
41456,94,91,3,3
41457,70,76,-6,6
41458,126,138,-12,12
41459,42,41,1,1
41460,96,99,-3,3
41461,144,129,15,15
41462,84,77,7,7
41463,91,79,12,12
41464,89,86,3,3
41465,68,68,0,0
41466,74,73,1,1
41467,73,74,-1,1
41468,95,97,-2,2
41469,141,131,10,10
41470,144,136,8,8
41471,115,120,-5,5
41472,126,121,5,5
41473,81,76,5,5
41474,70,68,2,2
41475,101,100,1,1
41476,36,43,-7,7
41477,103,91,12,12
41478,50,59,-9,9
41479,108,102,6,6
41480,168,167,1,1
41481,89,97,-8,8
41482,128,128,0,0
41483,87,80,7,7
41484,72,57,15,15
41485,166,163,3,3
41486,75,76,-1,1
41487,116,125,-9,9
41488,66,69,-3,3
41489,89,94,-5,5
41490,72,79,-7,7
41491,103,115,-12,12
41492,82,81,1,1
41493,108,109,-1,1
41494,115,98,17,17
41495,154,173,-19,19
41496,96,99,-3,3
41497,70,75,-5,5
41498,105,104,1,1
41499,103,100,3,3
41500,80,86,-6,6
41501,167,138,29,29
41502,131,131,0,0
41503,87,89,-2,2
41504,83,84,-1,1
41505,221,205,16,16
41506,67,68,-1,1
41507,114,106,8,8
41508,88,80,8,8
41509,80,73,7,7
41510,183,186,-3,3
41511,67,73,-6,6
41512,172,165,7,7
41513,56,64,-8,8
41514,60,61,-1,1
41515,60,60,0,0
41516,77,81,-4,4
41517,85,82,3,3
41518,64,71,-7,7
41519,88,96,-8,8
41520,143,135,8,8
41521,148,155,-7,7
41522,73,70,3,3
41523,97,102,-5,5
41524,85,93,-8,8
41525,62,54,8,8
41526,82,83,-1,1
41527,63,61,2,2
41528,55,58,-3,3
41529,133,130,3,3
41530,96,100,-4,4
41531,98,105,-7,7
41532,67,70,-3,3
41533,104,112,-8,8
41534,118,178,-60,60
41535,83,98,-15,15
41536,110,109,1,1
41537,138,133,5,5
41538,79,72,7,7
41539,75,69,6,6
41540,67,69,-2,2
41541,59,65,-6,6
41542,63,61,2,2
41543,125,127,-2,2
41544,156,163,-7,7
41545,88,75,13,13
41546,106,105,1,1
41547,88,84,4,4
41548,126,133,-7,7
41549,71,86,-15,15
41550,109,121,-12,12
41551,61,101,-40,40
41552,100,107,-7,7
41553,157,137,20,20
41554,168,166,2,2
41555,110,109,1,1
41556,92,87,5,5
41557,118,128,-10,10
41558,159,157,2,2
41559,67,72,-5,5
41560,78,91,-13,13
41561,93,86,7,7
41562,76,72,4,4
41563,156,146,10,10
41564,63,76,-13,13
41565,87,85,2,2
41566,79,81,-2,2
41567,56,60,-4,4
41568,65,65,0,0
41569,99,107,-8,8
41570,90,77,13,13
41571,108,107,1,1
41572,59,60,-1,1
41573,48,79,-31,31
41574,73,72,1,1
41575,111,101,10,10
41576,69,73,-4,4
41577,149,128,21,21
41578,87,83,4,4
41579,87,76,11,11
41580,85,86,-1,1
41581,112,100,12,12
41582,78,92,-14,14
41583,74,58,16,16
41584,85,91,-6,6
41585,77,90,-13,13
41586,113,114,-1,1
41587,106,108,-2,2
41588,61,72,-11,11
41589,82,94,-12,12
41590,115,124,-9,9
41591,51,63,-12,12
41592,109,96,13,13
41593,61,64,-3,3
41594,60,66,-6,6
41595,129,120,9,9
41596,152,137,15,15
41597,90,90,0,0
41598,204,195,9,9
41599,95,91,4,4
41600,81,84,-3,3
41601,75,73,2,2
41602,95,90,5,5
41603,108,118,-10,10
41604,140,139,1,1
41605,47,51,-4,4
41606,92,80,12,12
41607,127,130,-3,3
41608,64,70,-6,6
41609,86,78,8,8
41610,83,80,3,3
41611,86,95,-9,9
41612,110,110,0,0
41613,128,141,-13,13
41614,152,148,4,4
41615,106,107,-1,1
41616,71,74,-3,3
41617,70,76,-6,6
41618,71,73,-2,2
41619,80,87,-7,7
41620,10,21,-11,11
41621,95,82,13,13
41622,88,82,6,6
41623,55,54,1,1
41624,96,85,11,11
41625,114,99,15,15
41626,113,102,11,11
41627,115,101,14,14
41628,50,57,-7,7
41629,130,141,-11,11
41630,130,127,3,3
41631,85,84,1,1
41632,72,72,0,0
41633,177,172,5,5
41634,90,98,-8,8
41635,131,155,-24,24
41636,68,70,-2,2
41637,46,55,-9,9
41638,96,98,-2,2
41639,161,152,9,9
41640,60,61,-1,1
41641,73,82,-9,9
41642,50,59,-9,9
41643,60,60,0,0
41644,122,123,-1,1
41645,136,141,-5,5
41646,90,84,6,6
41647,131,127,4,4
41648,95,92,3,3
41649,66,74,-8,8
41650,105,106,-1,1
41651,82,81,1,1
41652,107,109,-2,2
41653,61,61,0,0
41654,136,126,10,10
41655,128,143,-15,15
41656,66,70,-4,4
41657,125,128,-3,3
41658,69,69,0,0
41659,68,79,-11,11
41660,84,80,4,4
41661,47,55,-8,8
41662,77,75,2,2
41663,113,107,6,6
41664,155,168,-13,13
41665,88,93,-5,5
41666,76,76,0,0
41667,104,140,-36,36
41668,43,49,-6,6
41669,69,69,0,0
41670,94,106,-12,12
41671,121,105,16,16
41672,178,164,14,14
41673,69,65,4,4
41674,113,110,3,3
41675,118,113,5,5
41676,86,80,6,6
41677,71,74,-3,3
41678,112,101,11,11
41679,114,104,10,10
41680,68,70,-2,2
41681,75,76,-1,1
41682,103,92,11,11
41683,71,67,4,4
41684,57,61,-4,4
41685,88,85,3,3
41686,165,156,9,9
41687,79,74,5,5
41688,133,137,-4,4
41689,125,114,11,11
41690,91,111,-20,20
41691,117,117,0,0
41692,108,100,8,8
41693,101,105,-4,4
41694,61,65,-4,4
41695,170,158,12,12
41696,152,143,9,9
41697,86,87,-1,1
41698,89,92,-3,3
41699,137,129,8,8
41700,107,107,0,0
41701,145,129,16,16
41702,152,159,-7,7
41703,89,75,14,14
41704,81,79,2,2
41705,102,95,7,7
41706,85,89,-4,4
41707,70,74,-4,4
41708,85,87,-2,2
41709,105,100,5,5
41710,79,60,19,19
41711,55,66,-11,11
41712,94,87,7,7
41713,49,62,-13,13
41714,42,52,-10,10
41715,302,296,6,6
41716,116,110,6,6
41717,68,63,5,5
41718,81,86,-5,5
41719,98,108,-10,10
41720,120,106,14,14
41721,135,135,0,0
41722,85,94,-9,9
41723,76,80,-4,4
41724,125,112,13,13
41725,26,40,-14,14
41726,111,100,11,11
41727,152,132,20,20
41728,85,76,9,9
41729,99,103,-4,4
41730,98,84,14,14
41731,99,102,-3,3
41732,81,76,5,5
41733,98,111,-13,13
41734,101,91,10,10
41735,64,69,-5,5
41736,185,186,-1,1
41737,97,90,7,7
41738,93,100,-7,7
41739,65,71,-6,6
41740,89,90,-1,1
41741,53,61,-8,8
41742,96,92,4,4
41743,133,134,-1,1
41744,149,136,13,13
41745,155,146,9,9
41746,86,85,1,1
41747,64,64,0,0
41748,133,135,-2,2
41749,119,127,-8,8
41750,70,79,-9,9
41751,57,59,-2,2
41752,56,62,-6,6
41753,55,62,-7,7
41754,57,62,-5,5
41755,106,108,-2,2
41756,85,100,-15,15
41757,80,75,5,5
41758,71,86,-15,15
41759,79,92,-13,13
41760,72,79,-7,7
41761,67,63,4,4
41762,200,175,25,25
41763,55,62,-7,7
41764,103,106,-3,3
41765,80,75,5,5
41766,113,120,-7,7
41767,34,73,-39,39
41768,77,81,-4,4
41769,145,148,-3,3
41770,143,146,-3,3
41771,100,98,2,2
41772,53,50,3,3
41773,61,97,-36,36
41774,109,113,-4,4
41775,86,77,9,9
41776,72,80,-8,8
41777,86,92,-6,6
41778,115,120,-5,5
41779,74,78,-4,4
41780,85,90,-5,5
41781,97,96,1,1
41782,111,108,3,3
41783,63,82,-19,19
41784,104,110,-6,6
41785,101,104,-3,3
41786,110,104,6,6
41787,72,74,-2,2
41788,128,130,-2,2
41789,74,85,-11,11
41790,108,93,15,15
41791,110,105,5,5
41792,68,66,2,2
41793,41,36,5,5
41794,153,156,-3,3
41795,115,118,-3,3
41796,58,67,-9,9
41797,45,65,-20,20
41798,92,79,13,13
41799,57,60,-3,3
41800,125,106,19,19
41801,82,88,-6,6
41802,61,66,-5,5
41803,148,135,13,13
41804,72,67,5,5
41805,108,105,3,3
41806,97,107,-10,10
41807,134,127,7,7
41808,50,54,-4,4
41809,66,63,3,3
41810,61,56,5,5
41811,91,90,1,1
41812,133,128,5,5
41813,131,114,17,17
41814,67,77,-10,10
41815,112,117,-5,5
41816,100,107,-7,7
41817,193,177,16,16
41818,90,84,6,6
41819,77,74,3,3
41820,80,76,4,4
41821,117,115,2,2
41822,87,88,-1,1
41823,64,72,-8,8
41824,61,62,-1,1
41825,120,132,-12,12
41826,119,120,-1,1
41827,137,130,7,7
41828,54,74,-20,20
41829,162,145,17,17
41830,152,178,-26,26
41831,69,63,6,6
41832,80,85,-5,5
41833,92,95,-3,3
41834,96,101,-5,5
41835,107,110,-3,3
41836,71,73,-2,2
41837,83,85,-2,2
41838,89,96,-7,7
41839,121,119,2,2
41840,81,78,3,3
41841,112,116,-4,4
41842,147,144,3,3
41843,62,62,0,0
41844,129,120,9,9
41845,74,82,-8,8
41846,168,143,25,25
41847,47,56,-9,9
41848,128,129,-1,1
41849,49,55,-6,6
41850,56,62,-6,6
41851,89,80,9,9
41852,67,72,-5,5
41853,68,78,-10,10
41854,114,107,7,7
41855,137,161,-24,24
41856,122,116,6,6
41857,74,78,-4,4
41858,67,68,-1,1
41859,129,126,3,3
41860,139,149,-10,10
41861,62,69,-7,7
41862,100,94,6,6
41863,88,87,1,1
41864,64,71,-7,7
41865,92,85,7,7
41866,119,135,-16,16
41867,81,85,-4,4
41868,59,60,-1,1
41869,106,104,2,2
41870,94,87,7,7
41871,112,102,10,10
41872,80,74,6,6
41873,101,116,-15,15
41874,135,129,6,6
41875,135,129,6,6
41876,104,94,10,10
41877,85,87,-2,2
41878,176,171,5,5
41879,79,79,0,0
41880,69,73,-4,4
41881,41,45,-4,4
41882,47,49,-2,2
41883,67,70,-3,3
41884,69,74,-5,5
41885,51,56,-5,5
41886,73,87,-14,14
41887,108,87,21,21
41888,47,47,0,0
41889,120,135,-15,15
41890,117,110,7,7
41891,91,96,-5,5
41892,110,116,-6,6
41893,82,75,7,7
41894,97,92,5,5
41895,92,88,4,4
41896,72,73,-1,1
41897,74,70,4,4
41898,80,95,-15,15
41899,49,51,-2,2
41900,133,130,3,3
41901,85,82,3,3
41902,116,122,-6,6
41903,72,70,2,2
41904,125,126,-1,1
41905,91,89,2,2
41906,103,100,3,3
41907,110,106,4,4
41908,102,114,-12,12
41909,111,111,0,0
41910,50,58,-8,8
41911,50,54,-4,4
41912,106,109,-3,3
41913,79,83,-4,4
41914,138,128,10,10
41915,110,125,-15,15
41916,59,69,-10,10
41917,72,85,-13,13
41918,190,179,11,11
41919,93,87,6,6
41920,47,50,-3,3
41921,46,56,-10,10
41922,135,135,0,0
41923,56,64,-8,8
41924,67,70,-3,3
41925,101,104,-3,3
41926,78,73,5,5
41927,61,74,-13,13
41928,43,73,-30,30
41929,142,135,7,7
41930,88,96,-8,8
41931,119,123,-4,4
41932,146,132,14,14
41933,93,98,-5,5
41934,109,121,-12,12
41935,105,109,-4,4
41936,98,107,-9,9
41937,75,68,7,7
41938,78,83,-5,5
41939,101,121,-20,20
41940,88,111,-23,23
41941,133,130,3,3
41942,66,61,5,5
41943,101,94,7,7
41944,94,98,-4,4
41945,86,70,16,16
41946,95,89,6,6
41947,96,108,-12,12
41948,83,84,-1,1
41949,119,105,14,14
41950,116,128,-12,12
41951,92,92,0,0
41952,89,95,-6,6
41953,215,223,-8,8
41954,96,100,-4,4
41955,138,127,11,11
41956,73,77,-4,4
41957,72,74,-2,2
41958,83,92,-9,9
41959,119,120,-1,1
41960,83,80,3,3
41961,140,155,-15,15
41962,164,145,19,19
41963,105,96,9,9
41964,109,96,13,13
41965,100,99,1,1
41966,95,99,-4,4
41967,85,74,11,11
41968,83,82,1,1
41969,148,145,3,3
41970,95,102,-7,7
41971,110,130,-20,20
41972,104,120,-16,16
41973,125,129,-4,4
41974,110,130,-20,20
41975,109,109,0,0
41976,87,78,9,9
41977,166,136,30,30
41978,68,81,-13,13
41979,104,87,17,17
41980,127,105,22,22
41981,60,64,-4,4
41982,106,97,9,9
41983,58,61,-3,3
41984,59,60,-1,1
41985,98,96,2,2
41986,150,143,7,7
41987,107,117,-10,10
41988,75,79,-4,4
41989,95,101,-6,6
41990,82,86,-4,4
41991,101,91,10,10
41992,63,70,-7,7
41993,81,70,11,11
41994,60,66,-6,6
41995,121,120,1,1
41996,110,103,7,7
41997,73,76,-3,3
41998,62,71,-9,9
41999,66,64,2,2
42000,87,91,-4,4
42001,130,129,1,1
42002,84,94,-10,10
42003,142,158,-16,16
42004,61,68,-7,7
42005,109,104,5,5
42006,147,132,15,15
42007,37,57,-20,20
42008,246,202,44,44
42009,61,65,-4,4
42010,111,109,2,2
42011,92,109,-17,17
42012,133,140,-7,7
42013,161,153,8,8
42014,128,130,-2,2
42015,73,68,5,5
42016,115,102,13,13
42017,159,161,-2,2
42018,75,78,-3,3
42019,85,100,-15,15
42020,79,80,-1,1
42021,103,104,-1,1
42022,109,115,-6,6
42023,89,90,-1,1
42024,158,160,-2,2
42025,86,91,-5,5
42026,114,102,12,12
42027,145,135,10,10
42028,83,74,9,9
42029,142,147,-5,5
42030,48,57,-9,9
42031,69,76,-7,7
42032,90,102,-12,12
42033,152,142,10,10
42034,72,83,-11,11
42035,93,97,-4,4
42036,59,68,-9,9
42037,142,138,4,4
42038,95,87,8,8
42039,152,137,15,15
42040,87,88,-1,1
42041,79,74,5,5
42042,80,88,-8,8
42043,89,99,-10,10
42044,74,74,0,0
42045,78,77,1,1
42046,100,92,8,8
42047,92,89,3,3
42048,135,122,13,13
42049,112,113,-1,1
42050,109,121,-12,12
42051,86,81,5,5
42052,80,80,0,0
42053,92,97,-5,5
42054,93,111,-18,18
42055,111,105,6,6
42056,64,63,1,1
42057,96,77,19,19
42058,79,99,-20,20
42059,148,172,-24,24
42060,74,81,-7,7
42061,91,82,9,9
42062,85,87,-2,2
42063,104,105,-1,1
42064,132,132,0,0
42065,75,84,-9,9
42066,175,179,-4,4
42067,77,66,11,11
42068,92,96,-4,4
42069,150,151,-1,1
42070,35,46,-11,11
42071,79,63,16,16
42072,57,65,-8,8
42073,70,60,10,10
42074,117,126,-9,9
42075,84,83,1,1
42076,51,71,-20,20
42077,88,99,-11,11
42078,83,85,-2,2
42079,89,82,7,7
42080,79,84,-5,5
42081,76,71,5,5
42082,50,52,-2,2
42083,102,102,0,0
42084,111,133,-22,22
42085,82,93,-11,11
42086,114,136,-22,22
42087,99,77,22,22
42088,111,104,7,7
42089,99,108,-9,9
42090,68,64,4,4
42091,159,139,20,20
42092,78,74,4,4
42093,43,54,-11,11
42094,64,65,-1,1
42095,77,85,-8,8
42096,38,67,-29,29
42097,39,50,-11,11
42098,87,99,-12,12
42099,89,86,3,3
42100,101,96,5,5
42101,115,110,5,5
42102,101,98,3,3
42103,52,62,-10,10
42104,68,71,-3,3
42105,57,59,-2,2
42106,97,93,4,4
42107,80,84,-4,4
42108,95,105,-10,10
42109,155,153,2,2
42110,74,74,0,0
42111,104,109,-5,5
42112,63,64,-1,1
42113,28,40,-12,12
42114,96,87,9,9
42115,104,110,-6,6
42116,118,114,4,4
42117,81,73,8,8
42118,58,58,0,0
42119,85,92,-7,7
42120,59,72,-13,13
42121,91,105,-14,14
42122,120,115,5,5
42123,58,46,12,12
42124,89,83,6,6
42125,101,100,1,1
42126,89,74,15,15
42127,68,63,5,5
42128,122,113,9,9
42129,71,74,-3,3
42130,71,74,-3,3
42131,75,104,-29,29
42132,130,139,-9,9
42133,103,112,-9,9
42134,114,106,8,8
42135,145,143,2,2
42136,108,99,9,9
42137,102,106,-4,4
42138,107,111,-4,4
42139,97,96,1,1
42140,94,91,3,3
42141,70,75,-5,5
42142,91,93,-2,2
42143,92,95,-3,3
42144,60,68,-8,8
42145,83,90,-7,7
42146,92,83,9,9
42147,106,105,1,1
42148,47,62,-15,15
42149,72,76,-4,4
42150,137,127,10,10
42151,69,70,-1,1
42152,69,66,3,3
42153,123,131,-8,8
42154,77,79,-2,2
42155,74,68,6,6
42156,144,145,-1,1
42157,132,130,2,2
42158,109,94,15,15
42159,93,108,-15,15
42160,56,60,-4,4
42161,125,123,2,2
42162,54,65,-11,11
42163,127,112,15,15
42164,96,102,-6,6
42165,106,101,5,5
42166,98,111,-13,13
42167,97,78,19,19
42168,65,70,-5,5
42169,91,86,5,5
42170,90,95,-5,5
42171,135,111,24,24
42172,109,121,-12,12
42173,101,104,-3,3
42174,80,76,4,4
42175,105,111,-6,6
42176,64,63,1,1
42177,155,153,2,2
42178,119,117,2,2
42179,76,68,8,8
42180,122,111,11,11
42181,59,63,-4,4
42182,63,70,-7,7
42183,92,94,-2,2
42184,101,105,-4,4
42185,100,96,4,4
42186,88,97,-9,9
42187,98,103,-5,5
42188,153,144,9,9
42189,92,86,6,6
42190,76,71,5,5
42191,110,103,7,7
42192,86,85,1,1
42193,130,143,-13,13
42194,126,126,0,0
42195,78,75,3,3
42196,77,79,-2,2
42197,104,107,-3,3
42198,126,135,-9,9
42199,79,73,6,6
42200,117,133,-16,16
42201,45,54,-9,9
42202,100,107,-7,7
42203,83,63,20,20
42204,134,129,5,5
42205,83,82,1,1
42206,90,106,-16,16
42207,86,82,4,4
42208,89,87,2,2
42209,60,71,-11,11
42210,78,76,2,2
42211,120,128,-8,8
42212,72,80,-8,8
42213,104,105,-1,1
42214,188,167,21,21
42215,93,89,4,4
42216,159,151,8,8
42217,80,88,-8,8
42218,96,103,-7,7
42219,114,116,-2,2
42220,113,103,10,10
42221,62,70,-8,8
42222,140,135,5,5
42223,157,147,10,10
42224,61,73,-12,12
42225,95,111,-16,16
42226,130,137,-7,7
42227,134,143,-9,9
42228,84,90,-6,6
42229,83,78,5,5
42230,96,93,3,3
42231,85,84,1,1
42232,117,127,-10,10
42233,49,56,-7,7
42234,55,54,1,1
42235,116,96,20,20
42236,65,77,-12,12
42237,86,76,10,10
42238,58,77,-19,19
42239,55,64,-9,9
42240,109,111,-2,2
42241,109,99,10,10
42242,115,117,-2,2
42243,131,113,18,18
42244,79,79,0,0
42245,74,79,-5,5
42246,114,114,0,0
42247,125,121,4,4
42248,90,86,4,4
42249,81,81,0,0
42250,109,111,-2,2
42251,90,81,9,9
42252,58,43,15,15
42253,67,70,-3,3
42254,88,79,9,9
42255,71,91,-20,20
42256,118,130,-12,12
42257,109,108,1,1
42258,75,93,-18,18
42259,38,47,-9,9
42260,173,153,20,20
42261,153,162,-9,9
42262,66,63,3,3
42263,58,67,-9,9
42264,44,50,-6,6
42265,86,83,3,3
42266,100,96,4,4
42267,86,79,7,7
42268,106,107,-1,1
42269,80,86,-6,6
42270,84,89,-5,5
42271,76,71,5,5
42272,96,95,1,1
42273,90,81,9,9
42274,116,123,-7,7
42275,196,168,28,28
42276,103,108,-5,5
42277,95,101,-6,6
42278,68,69,-1,1
42279,96,86,10,10
42280,109,103,6,6
42281,86,85,1,1
42282,174,180,-6,6
42283,78,91,-13,13
42284,47,53,-6,6
42285,96,91,5,5
42286,92,91,1,1
42287,79,72,7,7
42288,85,83,2,2
42289,113,123,-10,10
42290,96,105,-9,9
42291,80,78,2,2
42292,43,49,-6,6
42293,93,105,-12,12
42294,63,73,-10,10
42295,96,93,3,3
42296,103,106,-3,3
42297,53,64,-11,11
42298,99,98,1,1
42299,79,82,-3,3
42300,70,80,-10,10
42301,106,102,4,4
42302,104,154,-50,50
42303,141,134,7,7
42304,99,88,11,11
42305,96,95,1,1
42306,55,57,-2,2
42307,99,100,-1,1
42308,116,104,12,12
42309,64,97,-33,33
42310,152,132,20,20
42311,63,69,-6,6
42312,78,73,5,5
42313,123,136,-13,13
42314,126,137,-11,11
42315,79,72,7,7
42316,92,80,12,12
42317,94,112,-18,18
42318,200,197,3,3
42319,157,161,-4,4
42320,80,83,-3,3
42321,57,65,-8,8
42322,141,141,0,0
42323,60,68,-8,8
42324,85,91,-6,6
42325,54,63,-9,9
42326,159,165,-6,6
42327,150,145,5,5
42328,87,84,3,3
42329,47,63,-16,16
42330,96,100,-4,4
42331,82,81,1,1
42332,74,53,21,21
42333,120,110,10,10
42334,109,89,20,20
42335,86,95,-9,9
42336,129,122,7,7
42337,196,181,15,15
42338,178,172,6,6
42339,105,103,2,2
42340,61,56,5,5
42341,67,70,-3,3
42342,109,110,-1,1
42343,111,125,-14,14
42344,52,58,-6,6
42345,89,78,11,11
42346,71,85,-14,14
42347,111,117,-6,6
42348,40,50,-10,10
42349,79,92,-13,13
42350,99,91,8,8
42351,96,98,-2,2
42352,63,63,0,0
42353,103,126,-23,23
42354,97,119,-22,22
42355,90,96,-6,6
42356,119,115,4,4
42357,176,168,8,8
42358,97,101,-4,4
42359,131,164,-33,33
42360,86,78,8,8
42361,77,73,4,4
42362,84,86,-2,2
42363,70,66,4,4
42364,109,108,1,1
42365,121,114,7,7
42366,125,137,-12,12
42367,150,126,24,24
42368,103,108,-5,5
42369,151,130,21,21
42370,58,64,-6,6
42371,64,65,-1,1
42372,122,125,-3,3
42373,104,102,2,2
42374,92,85,7,7
42375,100,90,10,10
42376,142,128,14,14
42377,93,92,1,1
42378,120,117,3,3
42379,75,79,-4,4
42380,106,110,-4,4
42381,60,90,-30,30
42382,83,86,-3,3
42383,98,100,-2,2
42384,56,52,4,4
42385,37,39,-2,2
42386,97,95,2,2
42387,152,154,-2,2
42388,97,93,4,4
42389,76,75,1,1
42390,80,86,-6,6
42391,56,60,-4,4
42392,108,96,12,12
42393,128,106,22,22
42394,117,117,0,0
42395,103,101,2,2
42396,31,52,-21,21
42397,84,80,4,4
42398,92,89,3,3
42399,115,124,-9,9
42400,128,130,-2,2
42401,128,125,3,3
42402,75,86,-11,11
42403,72,74,-2,2
42404,95,100,-5,5
42405,56,62,-6,6
42406,83,105,-22,22
42407,97,106,-9,9
42408,109,101,8,8
42409,126,124,2,2
42410,135,140,-5,5
42411,75,77,-2,2
42412,73,73,0,0
42413,89,95,-6,6
42414,94,91,3,3
42415,81,78,3,3
42416,78,80,-2,2
42417,79,76,3,3
42418,78,84,-6,6
42419,105,119,-14,14
42420,112,111,1,1
42421,75,67,8,8
42422,98,102,-4,4
42423,94,96,-2,2
42424,56,73,-17,17
42425,92,80,12,12
42426,68,67,1,1
42427,104,103,1,1
42428,144,128,16,16
42429,50,63,-13,13
42430,51,59,-8,8
42431,61,73,-12,12
42432,83,94,-11,11
42433,28,45,-17,17
42434,99,104,-5,5
42435,83,91,-8,8
42436,162,155,7,7
42437,104,99,5,5
42438,88,79,9,9
42439,95,92,3,3
42440,116,109,7,7
42441,144,128,16,16
42442,69,57,12,12
42443,102,103,-1,1
42444,116,119,-3,3
42445,61,65,-4,4
42446,108,107,1,1
42447,55,61,-6,6
42448,142,142,0,0
42449,156,164,-8,8
42450,129,117,12,12
42451,180,176,4,4
42452,111,109,2,2
42453,179,176,3,3
42454,89,100,-11,11
42455,114,117,-3,3
42456,96,81,15,15
42457,117,121,-4,4
42458,64,58,6,6
42459,57,61,-4,4
42460,54,61,-7,7
42461,95,89,6,6
42462,89,60,29,29
42463,109,100,9,9
42464,76,82,-6,6
42465,67,72,-5,5
42466,65,72,-7,7
42467,76,87,-11,11
42468,92,95,-3,3
42469,92,92,0,0
42470,74,73,1,1
42471,92,84,8,8
42472,80,74,6,6
42473,89,103,-14,14
42474,43,51,-8,8
42475,69,74,-5,5
42476,88,83,5,5
42477,84,90,-6,6
42478,115,122,-7,7
42479,56,53,3,3
42480,95,103,-8,8
42481,80,95,-15,15
42482,80,82,-2,2
42483,98,97,1,1
42484,49,55,-6,6
42485,91,79,12,12
42486,64,69,-5,5
42487,53,64,-11,11
42488,85,81,4,4
42489,98,100,-2,2
42490,100,83,17,17
42491,69,70,-1,1
42492,48,52,-4,4
42493,105,94,11,11
42494,163,131,32,32
42495,150,143,7,7
42496,85,90,-5,5
42497,128,124,4,4
42498,99,110,-11,11
42499,103,97,6,6
42500,128,128,0,0
42501,107,117,-10,10
42502,55,68,-13,13
42503,84,103,-19,19
42504,90,98,-8,8
42505,90,96,-6,6
42506,72,75,-3,3
42507,91,100,-9,9
42508,87,100,-13,13
42509,84,62,22,22
42510,42,53,-11,11
42511,65,66,-1,1
42512,131,126,5,5
42513,48,56,-8,8
42514,109,93,16,16
42515,85,90,-5,5
42516,66,63,3,3
42517,83,86,-3,3
42518,46,52,-6,6
42519,141,126,15,15
42520,59,66,-7,7
42521,87,88,-1,1
42522,84,92,-8,8
42523,86,98,-12,12
42524,127,113,14,14
42525,111,121,-10,10
42526,102,116,-14,14
42527,65,68,-3,3
42528,70,73,-3,3
42529,61,73,-12,12
42530,104,103,1,1
42531,111,113,-2,2
42532,202,216,-14,14
42533,100,92,8,8
42534,136,127,9,9
42535,35,46,-11,11
42536,40,46,-6,6
42537,115,117,-2,2
42538,116,110,6,6
42539,72,55,17,17
42540,108,110,-2,2
42541,106,122,-16,16
42542,62,65,-3,3
42543,127,132,-5,5
42544,94,90,4,4
42545,89,86,3,3
42546,70,74,-4,4
42547,72,78,-6,6
42548,98,88,10,10
42549,96,97,-1,1
42550,108,112,-4,4
42551,142,110,32,32
42552,77,83,-6,6
42553,67,73,-6,6
42554,81,87,-6,6
42555,54,57,-3,3
42556,124,126,-2,2
42557,110,126,-16,16
42558,101,102,-1,1
42559,86,95,-9,9
42560,117,118,-1,1
42561,111,112,-1,1
42562,136,134,2,2
42563,78,69,9,9
42564,62,78,-16,16
42565,231,233,-2,2
42566,180,187,-7,7
42567,91,101,-10,10
42568,134,141,-7,7
42569,80,82,-2,2
42570,100,110,-10,10
42571,123,116,7,7
42572,109,119,-10,10
42573,70,71,-1,1
42574,57,63,-6,6
42575,148,141,7,7
42576,76,68,8,8
42577,70,79,-9,9
42578,82,89,-7,7
42579,102,103,-1,1
42580,198,183,15,15
42581,56,56,0,0
42582,94,93,1,1
42583,97,102,-5,5
42584,103,92,11,11
42585,81,76,5,5
42586,102,101,1,1
42587,85,84,1,1
42588,165,157,8,8
42589,50,53,-3,3
42590,124,133,-9,9
42591,101,103,-2,2
42592,79,71,8,8
42593,138,142,-4,4
42594,191,157,34,34
42595,162,162,0,0
42596,126,119,7,7
42597,103,105,-2,2
42598,49,56,-7,7
42599,113,109,4,4
42600,100,89,11,11
42601,118,114,4,4
42602,117,123,-6,6
42603,84,80,4,4
42604,110,101,9,9
42605,128,123,5,5
42606,105,107,-2,2
42607,59,54,5,5
42608,91,98,-7,7
42609,68,63,5,5
42610,72,82,-10,10
42611,135,144,-9,9
42612,79,93,-14,14
42613,107,111,-4,4
42614,30,32,-2,2
42615,70,75,-5,5
42616,105,102,3,3
42617,92,90,2,2
42618,177,173,4,4
42619,84,88,-4,4
42620,67,85,-18,18
42621,150,133,17,17
42622,65,85,-20,20
42623,69,75,-6,6
42624,94,98,-4,4
42625,87,77,10,10
42626,73,87,-14,14
42627,70,82,-12,12
42628,93,87,6,6
42629,110,114,-4,4
42630,87,77,10,10
42631,109,114,-5,5
42632,71,85,-14,14
42633,103,100,3,3
42634,152,148,4,4
42635,70,74,-4,4
42636,125,117,8,8
42637,91,103,-12,12
42638,172,155,17,17
42639,60,62,-2,2
42640,99,132,-33,33
42641,61,62,-1,1
42642,91,97,-6,6
42643,94,85,9,9
42644,135,128,7,7
42645,43,58,-15,15
42646,83,94,-11,11
42647,93,95,-2,2
42648,116,108,8,8
42649,131,112,19,19
42650,140,149,-9,9
42651,101,108,-7,7
42652,160,151,9,9
42653,157,150,7,7
42654,147,169,-22,22
42655,151,151,0,0
42656,162,171,-9,9
42657,52,103,-51,51
42658,77,71,6,6
42659,86,90,-4,4
42660,86,86,0,0
42661,91,87,4,4
42662,118,114,4,4
42663,103,90,13,13
42664,103,107,-4,4
42665,74,76,-2,2
42666,119,114,5,5
42667,89,85,4,4
42668,107,107,0,0
42669,109,133,-24,24
42670,85,92,-7,7
42671,70,71,-1,1
42672,86,84,2,2
42673,105,106,-1,1
42674,98,103,-5,5
42675,75,76,-1,1
42676,50,56,-6,6
42677,67,68,-1,1
42678,76,81,-5,5
42679,80,89,-9,9
42680,124,134,-10,10
42681,60,73,-13,13
42682,73,69,4,4
42683,52,52,0,0
42684,102,100,2,2
42685,29,32,-3,3
42686,66,73,-7,7
42687,80,74,6,6
42688,76,75,1,1
42689,107,111,-4,4
42690,68,65,3,3
42691,129,122,7,7
42692,51,56,-5,5
42693,131,133,-2,2
42694,73,71,2,2
42695,157,152,5,5
42696,96,95,1,1
42697,19,57,-38,38
42698,109,106,3,3
42699,67,67,0,0
42700,132,135,-3,3
42701,156,127,29,29
42702,85,96,-11,11
42703,90,88,2,2
42704,85,82,3,3
42705,44,58,-14,14
42706,150,149,1,1
42707,65,69,-4,4
42708,91,105,-14,14
42709,63,82,-19,19
42710,80,92,-12,12
42711,163,166,-3,3
42712,110,110,0,0
42713,100,115,-15,15
42714,89,84,5,5
42715,51,55,-4,4
42716,97,103,-6,6
42717,82,70,12,12
42718,85,85,0,0
42719,73,77,-4,4
42720,80,83,-3,3
42721,50,56,-6,6
42722,81,84,-3,3
42723,68,72,-4,4
42724,76,82,-6,6
42725,75,67,8,8
42726,82,91,-9,9
42727,78,81,-3,3
42728,53,69,-16,16
42729,55,59,-4,4
42730,41,50,-9,9
42731,95,101,-6,6
42732,55,58,-3,3
42733,99,123,-24,24
42734,64,75,-11,11
42735,93,104,-11,11
42736,61,64,-3,3
42737,95,96,-1,1
42738,116,120,-4,4
42739,83,71,12,12
42740,82,72,10,10
42741,137,121,16,16
42742,69,78,-9,9
42743,69,64,5,5
42744,60,55,5,5
42745,81,91,-10,10
42746,128,131,-3,3
42747,78,77,1,1
42748,79,88,-9,9
42749,74,76,-2,2
42750,69,70,-1,1
42751,140,120,20,20
42752,108,128,-20,20
42753,61,61,0,0
42754,142,146,-4,4
42755,42,46,-4,4
42756,68,58,10,10
42757,74,74,0,0
42758,94,92,2,2
42759,164,144,20,20
42760,77,76,1,1
42761,94,88,6,6
42762,192,186,6,6
42763,121,128,-7,7
42764,61,63,-2,2
42765,120,127,-7,7
42766,103,106,-3,3
42767,89,84,5,5
42768,100,94,6,6
42769,97,93,4,4
42770,64,69,-5,5
42771,165,168,-3,3
42772,74,77,-3,3
42773,65,67,-2,2
42774,39,43,-4,4
42775,183,171,12,12
42776,82,80,2,2
42777,111,106,5,5
42778,150,132,18,18
42779,89,83,6,6
42780,116,115,1,1
42781,106,105,1,1
42782,129,128,1,1
42783,59,65,-6,6
42784,161,135,26,26
42785,108,127,-19,19
42786,63,72,-9,9
42787,114,102,12,12
42788,80,82,-2,2
42789,81,86,-5,5
42790,72,65,7,7
42791,99,91,8,8
42792,98,80,18,18
42793,111,102,9,9
42794,120,105,15,15
42795,119,125,-6,6
42796,69,72,-3,3
42797,137,125,12,12
42798,130,128,2,2
42799,106,93,13,13
42800,58,61,-3,3
42801,144,138,6,6
42802,117,129,-12,12
42803,146,149,-3,3
42804,137,134,3,3
42805,116,123,-7,7
42806,86,84,2,2
42807,89,89,0,0
42808,107,131,-24,24
42809,108,118,-10,10
42810,109,104,5,5
42811,53,56,-3,3
42812,79,65,14,14
42813,59,63,-4,4
42814,84,85,-1,1
42815,156,130,26,26
42816,121,115,6,6
42817,66,68,-2,2
42818,74,71,3,3
42819,47,94,-47,47
42820,106,105,1,1
42821,98,90,8,8
42822,68,65,3,3
42823,58,66,-8,8
42824,86,86,0,0
42825,87,96,-9,9
42826,85,96,-11,11
42827,143,150,-7,7
42828,168,141,27,27
42829,63,67,-4,4
42830,72,120,-48,48
42831,170,184,-14,14
42832,139,146,-7,7
42833,104,120,-16,16
42834,66,59,7,7
42835,78,80,-2,2
42836,66,62,4,4
42837,78,76,2,2
42838,178,159,19,19
42839,176,165,11,11
42840,77,80,-3,3
42841,51,55,-4,4
42842,112,91,21,21
42843,110,130,-20,20
42844,140,148,-8,8
42845,120,103,17,17
42846,88,90,-2,2
42847,85,95,-10,10
42848,166,142,24,24
42849,71,82,-11,11
42850,112,123,-11,11
42851,73,72,1,1
42852,80,84,-4,4
42853,113,132,-19,19
42854,62,68,-6,6
42855,94,65,29,29
42856,145,132,13,13
42857,131,138,-7,7
42858,103,102,1,1
42859,98,95,3,3
42860,84,82,2,2
42861,133,128,5,5
42862,144,127,17,17
42863,141,139,2,2
42864,119,108,11,11
42865,87,88,-1,1
42866,79,80,-1,1
42867,63,72,-9,9
42868,89,106,-17,17
42869,38,48,-10,10
42870,99,107,-8,8
42871,114,104,10,10
42872,129,111,18,18
42873,155,147,8,8
42874,87,76,11,11
42875,70,72,-2,2
42876,112,105,7,7
42877,137,135,2,2
42878,92,84,8,8
42879,145,135,10,10
42880,154,131,23,23
42881,130,129,1,1
42882,45,46,-1,1
42883,63,63,0,0
42884,58,57,1,1
42885,96,111,-15,15
42886,102,105,-3,3
42887,118,125,-7,7
42888,119,124,-5,5
42889,75,68,7,7
42890,115,108,7,7
42891,94,94,0,0
42892,108,105,3,3
42893,101,96,5,5
42894,136,141,-5,5
42895,110,119,-9,9
42896,127,118,9,9
42897,94,84,10,10
42898,124,108,16,16
42899,68,69,-1,1
42900,128,116,12,12
42901,138,141,-3,3
42902,83,87,-4,4
42903,125,107,18,18
42904,63,78,-15,15
42905,133,118,15,15
42906,77,81,-4,4
42907,94,102,-8,8
42908,116,111,5,5
42909,93,97,-4,4
42910,84,100,-16,16
42911,125,125,0,0
42912,123,124,-1,1
42913,92,88,4,4
42914,155,160,-5,5
42915,86,219,-133,133
42916,75,80,-5,5
42917,74,80,-6,6
42918,78,86,-8,8
42919,96,90,6,6
42920,113,117,-4,4
42921,139,159,-20,20
42922,95,83,12,12
42923,83,83,0,0
42924,128,126,2,2
42925,102,101,1,1
42926,124,138,-14,14
42927,71,75,-4,4
42928,63,64,-1,1
42929,71,74,-3,3
42930,131,133,-2,2
42931,115,140,-25,25
42932,91,89,2,2
42933,92,98,-6,6
42934,59,57,2,2
42935,138,135,3,3
42936,71,71,0,0
42937,53,45,8,8
42938,103,107,-4,4
42939,85,75,10,10
42940,92,99,-7,7
42941,109,112,-3,3
42942,74,85,-11,11
42943,100,84,16,16
42944,111,117,-6,6
42945,112,117,-5,5
42946,112,109,3,3
42947,31,38,-7,7
42948,57,56,1,1
42949,194,179,15,15
42950,75,50,25,25
42951,119,112,7,7
42952,106,103,3,3
42953,89,78,11,11
42954,75,69,6,6
42955,77,83,-6,6
42956,68,73,-5,5
42957,48,55,-7,7
42958,53,58,-5,5
42959,91,86,5,5
42960,90,105,-15,15
42961,57,68,-11,11
42962,81,82,-1,1
42963,113,116,-3,3
42964,89,73,16,16
42965,74,71,3,3
42966,89,103,-14,14
42967,73,88,-15,15
42968,54,43,11,11
42969,77,82,-5,5
42970,108,101,7,7
42971,59,62,-3,3
42972,218,214,4,4
42973,118,134,-16,16
42974,86,92,-6,6
42975,153,147,6,6
42976,123,117,6,6
42977,117,109,8,8
42978,51,39,12,12
42979,77,76,1,1
42980,59,60,-1,1
42981,69,72,-3,3
42982,67,65,2,2
42983,83,76,7,7
42984,137,129,8,8
42985,96,85,11,11
42986,68,68,0,0
42987,91,95,-4,4
42988,81,86,-5,5
42989,79,55,24,24
42990,50,55,-5,5
42991,78,81,-3,3
42992,32,40,-8,8
42993,64,60,4,4
42994,80,93,-13,13
42995,99,89,10,10
42996,131,139,-8,8
42997,48,47,1,1
42998,77,67,10,10
42999,128,130,-2,2
43000,120,123,-3,3
43001,55,64,-9,9
43002,79,69,10,10
43003,85,88,-3,3
43004,148,142,6,6
43005,136,127,9,9
43006,111,127,-16,16
43007,105,127,-22,22
43008,93,91,2,2
43009,79,77,2,2
43010,87,90,-3,3
43011,69,81,-12,12
43012,109,103,6,6
43013,156,160,-4,4
43014,106,115,-9,9
43015,105,102,3,3
43016,42,53,-11,11
43017,84,78,6,6
43018,15,27,-12,12
43019,89,94,-5,5
43020,179,161,18,18
43021,65,67,-2,2
43022,108,111,-3,3
43023,40,51,-11,11
43024,89,77,12,12
43025,138,128,10,10
43026,134,131,3,3
43027,102,95,7,7
43028,103,107,-4,4
43029,143,133,10,10
43030,65,78,-13,13
43031,74,72,2,2
43032,116,107,9,9
43033,79,81,-2,2
43034,74,83,-9,9
43035,91,74,17,17
43036,99,103,-4,4
43037,64,63,1,1
43038,120,119,1,1
43039,103,94,9,9
43040,90,86,4,4
43041,51,51,0,0
43042,96,91,5,5
43043,77,72,5,5
43044,142,139,3,3
43045,77,67,10,10
43046,90,89,1,1
43047,141,142,-1,1
43048,85,86,-1,1
43049,98,95,3,3
43050,146,146,0,0
43051,120,123,-3,3
43052,107,106,1,1
43053,97,101,-4,4
43054,125,135,-10,10
43055,81,86,-5,5
43056,99,106,-7,7
43057,90,102,-12,12
43058,53,58,-5,5
43059,88,81,7,7
43060,70,66,4,4
43061,57,73,-16,16
43062,77,69,8,8
43063,51,65,-14,14
43064,110,102,8,8
43065,72,74,-2,2
43066,101,100,1,1
43067,177,156,21,21
43068,153,144,9,9
43069,157,156,1,1
43070,67,63,4,4
43071,63,58,5,5
43072,208,191,17,17
43073,84,84,0,0
43074,69,76,-7,7
43075,110,91,19,19
43076,85,70,15,15
43077,37,50,-13,13
43078,142,121,21,21
43079,82,96,-14,14
43080,81,92,-11,11
43081,94,91,3,3
43082,143,146,-3,3
43083,118,108,10,10
43084,86,98,-12,12
43085,76,74,2,2
43086,73,64,9,9
43087,131,110,21,21
43088,53,81,-28,28
43089,66,66,0,0
43090,101,104,-3,3
43091,115,114,1,1
43092,136,125,11,11
43093,61,80,-19,19
43094,86,94,-8,8
43095,71,82,-11,11
43096,81,82,-1,1
43097,69,78,-9,9
43098,36,49,-13,13
43099,157,137,20,20
43100,57,62,-5,5
43101,73,86,-13,13
43102,185,167,18,18
43103,62,59,3,3
43104,123,124,-1,1
43105,65,65,0,0
43106,73,71,2,2
43107,98,114,-16,16
43108,101,97,4,4
43109,104,100,4,4
43110,83,89,-6,6
43111,58,63,-5,5
43112,85,86,-1,1
43113,55,57,-2,2
43114,80,76,4,4
43115,66,66,0,0
43116,83,78,5,5
43117,107,115,-8,8
43118,104,94,10,10
43119,44,32,12,12
43120,63,70,-7,7
43121,85,81,4,4
43122,133,128,5,5
43123,59,57,2,2
43124,130,110,20,20
43125,74,79,-5,5
43126,62,66,-4,4
43127,109,100,9,9
43128,71,80,-9,9
43129,55,85,-30,30
43130,142,149,-7,7
43131,117,134,-17,17
43132,110,102,8,8
43133,35,47,-12,12
43134,85,90,-5,5
43135,63,63,0,0
43136,79,91,-12,12
43137,101,95,6,6
43138,73,88,-15,15
43139,150,163,-13,13
43140,164,136,28,28
43141,121,110,11,11
43142,56,61,-5,5
43143,82,89,-7,7
43144,115,138,-23,23
43145,103,99,4,4
43146,80,75,5,5
43147,90,65,25,25
43148,103,104,-1,1
43149,122,124,-2,2
43150,113,116,-3,3
43151,62,72,-10,10
43152,120,126,-6,6
43153,94,92,2,2
43154,93,88,5,5
43155,52,57,-5,5
43156,89,85,4,4
43157,72,60,12,12
43158,65,56,9,9
43159,92,89,3,3
43160,59,65,-6,6
43161,86,95,-9,9
43162,119,85,34,34
43163,64,66,-2,2
43164,142,120,22,22
43165,80,84,-4,4
43166,68,67,1,1
43167,85,91,-6,6
43168,69,64,5,5
43169,157,155,2,2
43170,120,109,11,11
43171,135,134,1,1
43172,72,69,3,3
43173,99,95,4,4
43174,88,91,-3,3
43175,101,100,1,1
43176,72,74,-2,2
43177,166,165,1,1
43178,49,56,-7,7
43179,89,82,7,7
43180,113,109,4,4
43181,113,106,7,7
43182,85,97,-12,12
43183,67,66,1,1
43184,89,96,-7,7
43185,63,71,-8,8
43186,52,107,-55,55
43187,127,114,13,13
43188,106,101,5,5
43189,120,112,8,8
43190,97,106,-9,9
43191,57,62,-5,5
43192,68,103,-35,35
43193,105,115,-10,10
43194,106,117,-11,11
43195,133,137,-4,4
43196,63,69,-6,6
43197,58,61,-3,3
43198,106,113,-7,7
43199,103,103,0,0
43200,71,69,2,2
43201,103,107,-4,4
43202,42,46,-4,4
43203,91,95,-4,4
43204,103,112,-9,9
43205,90,92,-2,2
43206,103,109,-6,6
43207,111,99,12,12
43208,132,120,12,12
43209,115,106,9,9
43210,121,126,-5,5
43211,122,119,3,3
43212,132,128,4,4
43213,32,58,-26,26
43214,110,106,4,4
43215,87,79,8,8
43216,135,131,4,4
43217,102,103,-1,1
43218,82,80,2,2
43219,131,117,14,14
43220,102,104,-2,2
43221,52,53,-1,1
43222,100,116,-16,16
43223,100,98,2,2
43224,90,94,-4,4
43225,85,94,-9,9
43226,61,57,4,4
43227,154,158,-4,4
43228,137,125,12,12
43229,107,100,7,7
43230,98,99,-1,1
43231,92,86,6,6
43232,191,185,6,6
43233,113,124,-11,11
43234,104,114,-10,10
43235,62,59,3,3
43236,80,80,0,0
43237,50,54,-4,4
43238,100,84,16,16
43239,126,117,9,9
43240,113,110,3,3
43241,69,71,-2,2
43242,62,62,0,0
43243,52,72,-20,20
43244,118,120,-2,2
43245,59,66,-7,7
43246,40,43,-3,3
43247,93,94,-1,1
43248,105,105,0,0
43249,127,111,16,16
43250,84,99,-15,15
43251,93,94,-1,1
43252,121,133,-12,12
43253,94,96,-2,2
43254,64,74,-10,10
43255,109,104,5,5
43256,123,142,-19,19
43257,130,113,17,17
43258,138,131,7,7
43259,67,72,-5,5
43260,99,112,-13,13
43261,84,81,3,3
43262,112,128,-16,16
43263,103,103,0,0
43264,60,61,-1,1
43265,90,97,-7,7
43266,131,137,-6,6
43267,47,53,-6,6
43268,90,84,6,6
43269,81,80,1,1
43270,84,84,0,0
43271,81,80,1,1
43272,105,113,-8,8
43273,67,63,4,4
43274,86,84,2,2
43275,140,139,1,1
43276,78,78,0,0
43277,96,93,3,3
43278,102,108,-6,6
43279,43,49,-6,6
43280,71,80,-9,9
43281,91,105,-14,14
43282,84,87,-3,3
43283,125,123,2,2
43284,50,61,-11,11
43285,90,96,-6,6
43286,68,67,1,1
43287,129,133,-4,4
43288,133,137,-4,4
43289,72,91,-19,19
43290,150,146,4,4
43291,179,168,11,11
43292,96,97,-1,1
43293,72,71,1,1
43294,178,145,33,33
43295,89,93,-4,4
43296,129,116,13,13
43297,84,86,-2,2
43298,87,82,5,5
43299,82,74,8,8
43300,82,96,-14,14
43301,91,94,-3,3
43302,112,120,-8,8
43303,88,89,-1,1
43304,100,108,-8,8
43305,164,150,14,14
43306,89,95,-6,6
43307,72,84,-12,12
43308,111,113,-2,2
43309,123,124,-1,1
43310,163,135,28,28
43311,65,68,-3,3
43312,130,135,-5,5
43313,145,149,-4,4
43314,92,95,-3,3
43315,50,61,-11,11
43316,73,89,-16,16
43317,57,62,-5,5
43318,89,78,11,11
43319,82,81,1,1
43320,67,67,0,0
43321,91,99,-8,8
43322,112,113,-1,1
43323,73,75,-2,2
43324,64,69,-5,5
43325,119,142,-23,23
43326,61,55,6,6
43327,26,38,-12,12
43328,67,70,-3,3
43329,178,176,2,2
43330,97,84,13,13
43331,132,114,18,18
43332,121,123,-2,2
43333,143,134,9,9
43334,92,92,0,0
43335,78,83,-5,5
43336,99,110,-11,11
43337,68,69,-1,1
43338,61,62,-1,1
43339,139,140,-1,1
43340,162,162,0,0
43341,86,83,3,3
43342,106,108,-2,2
43343,48,44,4,4
43344,125,120,5,5
43345,123,118,5,5
43346,117,119,-2,2
43347,229,180,49,49
43348,83,87,-4,4
43349,72,120,-48,48
43350,130,118,12,12
43351,49,45,4,4
43352,124,125,-1,1
43353,123,128,-5,5
43354,127,137,-10,10
43355,78,80,-2,2
43356,87,117,-30,30
43357,129,106,23,23
43358,97,90,7,7
43359,129,149,-20,20
43360,69,62,7,7
43361,84,83,1,1
43362,122,118,4,4
43363,158,149,9,9
43364,77,83,-6,6
43365,86,96,-10,10
43366,100,101,-1,1
43367,93,97,-4,4
43368,117,121,-4,4
43369,139,140,-1,1
43370,100,88,12,12
43371,162,150,12,12
43372,68,77,-9,9
43373,68,76,-8,8
43374,85,77,8,8
43375,105,99,6,6
43376,174,153,21,21
43377,85,86,-1,1
43378,108,108,0,0
43379,67,70,-3,3
43380,115,120,-5,5
43381,63,65,-2,2
43382,107,102,5,5
43383,99,110,-11,11
43384,52,54,-2,2
43385,87,86,1,1
43386,125,105,20,20
43387,64,62,2,2
43388,101,80,21,21
43389,118,122,-4,4
43390,129,130,-1,1
43391,100,98,2,2
43392,71,66,5,5
43393,70,82,-12,12
43394,70,73,-3,3
43395,101,87,14,14
43396,71,78,-7,7
43397,70,69,1,1
43398,115,100,15,15
43399,56,55,1,1
43400,106,113,-7,7
43401,125,113,12,12
43402,104,104,0,0
43403,84,86,-2,2
43404,64,69,-5,5
43405,82,88,-6,6
43406,99,111,-12,12
43407,167,162,5,5
43408,107,107,0,0
43409,91,92,-1,1
43410,83,87,-4,4
43411,89,80,9,9
43412,92,97,-5,5
43413,114,104,10,10
43414,126,99,27,27
43415,133,131,2,2
43416,51,60,-9,9
43417,87,81,6,6
43418,67,65,2,2
43419,67,71,-4,4
43420,142,119,23,23
43421,139,130,9,9
43422,125,109,16,16
43423,81,74,7,7
43424,210,189,21,21
43425,113,113,0,0
43426,57,74,-17,17
43427,94,97,-3,3
43428,121,107,14,14
43429,107,112,-5,5
43430,38,50,-12,12
43431,81,86,-5,5
43432,126,117,9,9
43433,248,240,8,8
43434,92,91,1,1
43435,153,156,-3,3
43436,127,121,6,6
43437,45,54,-9,9
43438,81,101,-20,20
43439,164,133,31,31
43440,140,153,-13,13
43441,114,112,2,2
43442,115,125,-10,10
43443,87,84,3,3
43444,57,63,-6,6
43445,51,55,-4,4
43446,95,111,-16,16
43447,33,34,-1,1
43448,128,123,5,5
43449,101,103,-2,2
43450,75,77,-2,2
43451,138,142,-4,4
43452,136,128,8,8
43453,63,87,-24,24
43454,80,69,11,11
43455,90,106,-16,16
43456,47,56,-9,9
43457,96,98,-2,2
43458,62,62,0,0
43459,98,92,6,6
43460,140,141,-1,1
43461,84,79,5,5
43462,143,150,-7,7
43463,84,86,-2,2
43464,151,137,14,14
43465,87,76,11,11
43466,107,111,-4,4
43467,118,115,3,3
43468,60,62,-2,2
43469,82,84,-2,2
43470,167,143,24,24
43471,110,97,13,13
43472,98,99,-1,1
43473,83,84,-1,1
43474,76,70,6,6
43475,93,60,33,33
43476,102,103,-1,1
43477,76,74,2,2
43478,76,74,2,2
43479,115,112,3,3
43480,77,79,-2,2
43481,98,94,4,4
43482,149,144,5,5
43483,78,77,1,1
43484,119,138,-19,19
43485,121,120,1,1
43486,46,77,-31,31
43487,67,71,-4,4
43488,129,112,17,17
43489,114,119,-5,5
43490,73,81,-8,8
43491,118,121,-3,3
43492,90,96,-6,6
43493,165,170,-5,5
43494,147,152,-5,5
43495,52,53,-1,1
43496,111,112,-1,1
43497,160,141,19,19
43498,88,93,-5,5
43499,105,101,4,4
43500,105,91,14,14
43501,90,102,-12,12
43502,120,131,-11,11
43503,89,87,2,2
43504,79,85,-6,6
43505,82,93,-11,11
43506,122,133,-11,11
43507,96,99,-3,3
43508,48,47,1,1
43509,70,67,3,3
43510,65,72,-7,7
43511,78,78,0,0
43512,133,134,-1,1
43513,48,54,-6,6
43514,90,90,0,0
43515,54,57,-3,3
43516,104,100,4,4
43517,91,83,8,8
43518,112,120,-8,8
43519,63,72,-9,9
43520,113,120,-7,7
43521,99,90,9,9
43522,100,101,-1,1
43523,69,69,0,0
43524,122,120,2,2
43525,84,85,-1,1
43526,119,98,21,21
43527,103,100,3,3
43528,91,113,-22,22
43529,55,61,-6,6
43530,64,72,-8,8
43531,87,78,9,9
43532,220,194,26,26
43533,85,72,13,13
43534,63,75,-12,12
43535,64,69,-5,5
43536,109,124,-15,15
43537,80,75,5,5
43538,91,91,0,0
43539,146,141,5,5
43540,125,128,-3,3
43541,130,145,-15,15
43542,127,145,-18,18
43543,113,117,-4,4
43544,125,119,6,6
43545,84,88,-4,4
43546,111,108,3,3
43547,138,130,8,8
43548,47,57,-10,10
43549,75,79,-4,4
43550,98,117,-19,19
43551,163,164,-1,1
43552,140,130,10,10
43553,50,69,-19,19
43554,77,85,-8,8
43555,64,63,1,1
43556,76,75,1,1
43557,108,113,-5,5
43558,53,58,-5,5
43559,65,78,-13,13
43560,197,192,5,5
43561,182,171,11,11
43562,71,62,9,9
43563,134,118,16,16
43564,126,121,5,5
43565,54,59,-5,5
43566,132,137,-5,5
43567,86,80,6,6
43568,106,119,-13,13
43569,53,60,-7,7
43570,87,96,-9,9
43571,80,80,0,0
43572,150,151,-1,1
43573,49,55,-6,6
43574,137,107,30,30
43575,51,52,-1,1
43576,90,82,8,8
43577,125,128,-3,3
43578,110,111,-1,1
43579,112,122,-10,10
43580,51,60,-9,9
43581,105,91,14,14
43582,110,118,-8,8
43583,93,96,-3,3
43584,169,148,21,21
43585,97,78,19,19
43586,97,83,14,14
43587,89,86,3,3
43588,75,75,0,0
43589,119,120,-1,1
43590,93,95,-2,2
43591,53,54,-1,1
43592,121,105,16,16
43593,61,66,-5,5
43594,98,112,-14,14
43595,92,86,6,6
43596,63,61,2,2
43597,101,100,1,1
43598,180,171,9,9
43599,70,76,-6,6
43600,66,69,-3,3
43601,121,219,-98,98
43602,100,97,3,3
43603,151,157,-6,6
43604,44,79,-35,35
43605,93,93,0,0
43606,79,68,11,11
43607,133,127,6,6
43608,51,52,-1,1
43609,111,111,0,0
43610,83,89,-6,6
43611,93,106,-13,13
43612,78,65,13,13
43613,75,77,-2,2
43614,133,129,4,4
43615,128,111,17,17
43616,98,99,-1,1
43617,137,131,6,6
43618,79,82,-3,3
43619,90,88,2,2
43620,62,60,2,2
43621,170,172,-2,2
43622,123,100,23,23
43623,57,65,-8,8
43624,87,95,-8,8
43625,35,55,-20,20
43626,76,82,-6,6
43627,95,84,11,11
43628,63,98,-35,35
43629,74,73,1,1
43630,125,132,-7,7
43631,115,115,0,0
43632,63,66,-3,3
43633,141,134,7,7
43634,78,81,-3,3
43635,71,71,0,0
43636,90,91,-1,1
43637,235,210,25,25
43638,118,115,3,3
43639,65,71,-6,6
43640,98,95,3,3
43641,97,104,-7,7
43642,48,62,-14,14
43643,110,121,-11,11
43644,96,88,8,8
43645,119,110,9,9
43646,141,145,-4,4
43647,80,81,-1,1
43648,88,118,-30,30
43649,93,101,-8,8
43650,141,135,6,6
43651,59,85,-26,26
43652,98,102,-4,4
43653,66,76,-10,10
43654,91,101,-10,10
43655,90,87,3,3
43656,111,117,-6,6
43657,96,96,0,0
43658,103,92,11,11
43659,59,67,-8,8
43660,68,75,-7,7
43661,73,71,2,2
43662,60,69,-9,9
43663,75,84,-9,9
43664,65,74,-9,9
43665,91,96,-5,5
43666,53,57,-4,4
43667,97,100,-3,3
43668,66,64,2,2
43669,94,98,-4,4
43670,97,98,-1,1
43671,81,75,6,6
43672,134,120,14,14
43673,96,96,0,0
43674,115,107,8,8
43675,51,77,-26,26
43676,75,80,-5,5
43677,157,156,1,1
43678,86,81,5,5
43679,147,154,-7,7
43680,85,82,3,3
43681,88,93,-5,5
43682,46,49,-3,3
43683,119,125,-6,6
43684,109,113,-4,4
43685,142,145,-3,3
43686,95,97,-2,2
43687,93,110,-17,17
43688,79,84,-5,5
43689,142,138,4,4
43690,83,87,-4,4
43691,93,94,-1,1
43692,149,120,29,29
43693,114,106,8,8
43694,99,84,15,15
43695,125,137,-12,12
43696,116,111,5,5
43697,131,146,-15,15
43698,103,87,16,16
43699,79,77,2,2
43700,171,173,-2,2
43701,69,74,-5,5
43702,78,81,-3,3
43703,67,82,-15,15
43704,82,80,2,2
43705,110,107,3,3
43706,171,154,17,17
43707,46,52,-6,6
43708,60,60,0,0
43709,179,166,13,13
43710,68,66,2,2
43711,66,66,0,0
43712,67,68,-1,1
43713,87,103,-16,16
43714,61,63,-2,2
43715,61,65,-4,4
43716,122,130,-8,8
43717,96,93,3,3
43718,106,91,15,15
43719,54,50,4,4
43720,76,76,0,0
43721,111,116,-5,5
43722,44,49,-5,5
43723,163,166,-3,3
43724,71,64,7,7
43725,74,71,3,3
43726,97,100,-3,3
43727,134,128,6,6
43728,82,81,1,1
43729,79,105,-26,26
43730,138,115,23,23
43731,82,78,4,4
43732,152,147,5,5
43733,111,125,-14,14
43734,123,118,5,5
43735,77,76,1,1
43736,146,142,4,4
43737,82,74,8,8
43738,69,77,-8,8
43739,91,104,-13,13
43740,166,162,4,4
43741,53,59,-6,6
43742,71,76,-5,5
43743,84,82,2,2
43744,68,76,-8,8
43745,94,102,-8,8
43746,101,122,-21,21
43747,106,107,-1,1
43748,93,71,22,22
43749,69,73,-4,4
43750,136,128,8,8
43751,90,92,-2,2
43752,87,78,9,9
43753,64,67,-3,3
43754,62,101,-39,39
43755,77,88,-11,11
43756,47,61,-14,14
43757,122,134,-12,12
43758,67,78,-11,11
43759,87,111,-24,24
43760,84,79,5,5
43761,68,73,-5,5
43762,60,65,-5,5
43763,75,75,0,0
43764,90,92,-2,2
43765,69,82,-13,13
43766,77,77,0,0
43767,82,78,4,4
43768,127,120,7,7
43769,58,63,-5,5
43770,151,140,11,11
43771,125,134,-9,9
43772,114,111,3,3
43773,106,122,-16,16
43774,85,86,-1,1
43775,92,98,-6,6
43776,70,67,3,3
43777,124,113,11,11
43778,97,104,-7,7
43779,71,76,-5,5
43780,146,146,0,0
43781,93,93,0,0
43782,91,91,0,0
43783,63,68,-5,5
43784,60,59,1,1
43785,84,108,-24,24
43786,192,195,-3,3
43787,93,89,4,4
43788,133,132,1,1
43789,95,92,3,3
43790,65,63,2,2
43791,81,95,-14,14
43792,107,118,-11,11
43793,131,121,10,10
43794,130,136,-6,6
43795,68,62,6,6
43796,77,82,-5,5
43797,112,122,-10,10
43798,67,77,-10,10
43799,91,99,-8,8
43800,90,89,1,1
43801,125,122,3,3
43802,69,67,2,2
43803,106,110,-4,4
43804,110,99,11,11
43805,65,64,1,1
43806,87,76,11,11
43807,60,58,2,2
43808,91,89,2,2
43809,153,144,9,9
43810,95,94,1,1
43811,150,141,9,9
43812,61,69,-8,8
43813,169,196,-27,27
43814,76,74,2,2
43815,93,94,-1,1
43816,75,74,1,1
43817,76,85,-9,9
43818,85,107,-22,22
43819,63,69,-6,6
43820,86,90,-4,4
43821,111,102,9,9
43822,81,79,2,2
43823,225,188,37,37
43824,49,102,-53,53
43825,90,88,2,2
43826,67,72,-5,5
43827,109,112,-3,3
43828,103,100,3,3
43829,73,79,-6,6
43830,137,137,0,0
43831,93,106,-13,13
43832,68,73,-5,5
43833,82,99,-17,17
43834,66,78,-12,12
43835,110,96,14,14
43836,170,156,14,14
43837,104,107,-3,3
43838,73,76,-3,3
43839,137,123,14,14
43840,55,57,-2,2
43841,52,59,-7,7
43842,95,94,1,1
43843,48,54,-6,6
43844,67,82,-15,15
43845,64,68,-4,4
43846,71,67,4,4
43847,77,78,-1,1
43848,66,63,3,3
43849,78,79,-1,1
43850,71,76,-5,5
43851,117,128,-11,11
43852,83,71,12,12
43853,43,53,-10,10
43854,100,97,3,3
43855,50,70,-20,20
43856,140,146,-6,6
43857,86,106,-20,20
43858,63,63,0,0
43859,91,89,2,2
43860,113,110,3,3
43861,63,65,-2,2
43862,61,78,-17,17
43863,78,89,-11,11
43864,34,55,-21,21
43865,90,104,-14,14
43866,47,52,-5,5
43867,64,72,-8,8
43868,58,68,-10,10
43869,116,117,-1,1
43870,117,113,4,4
43871,84,91,-7,7
43872,105,111,-6,6
43873,86,91,-5,5
43874,68,48,20,20
43875,131,140,-9,9
43876,77,80,-3,3
43877,76,71,5,5
43878,117,103,14,14
43879,97,95,2,2
43880,123,119,4,4
43881,98,98,0,0
43882,71,67,4,4
43883,127,123,4,4
43884,56,58,-2,2
43885,122,118,4,4
43886,49,55,-6,6
43887,60,67,-7,7
43888,115,111,4,4
43889,78,86,-8,8
43890,46,56,-10,10
43891,119,114,5,5
43892,129,142,-13,13
43893,66,62,4,4
43894,142,153,-11,11
43895,79,73,6,6
43896,71,78,-7,7
43897,144,153,-9,9
43898,106,109,-3,3
43899,77,85,-8,8
43900,74,82,-8,8
43901,69,67,2,2
43902,88,87,1,1
43903,59,64,-5,5
43904,123,107,16,16
43905,54,57,-3,3
43906,43,50,-7,7
43907,155,164,-9,9
43908,68,68,0,0
43909,131,125,6,6
43910,146,135,11,11
43911,102,90,12,12
43912,80,90,-10,10
43913,57,64,-7,7
43914,81,82,-1,1
43915,104,127,-23,23
43916,39,47,-8,8
43917,78,81,-3,3
43918,112,97,15,15
43919,44,88,-44,44
43920,79,84,-5,5
43921,132,127,5,5
43922,117,132,-15,15
43923,80,87,-7,7
43924,88,88,0,0
43925,61,65,-4,4
43926,57,52,5,5
43927,123,118,5,5
43928,60,67,-7,7
43929,113,108,5,5
43930,64,63,1,1
43931,101,92,9,9
43932,143,152,-9,9
43933,71,78,-7,7
43934,80,74,6,6
43935,70,73,-3,3
43936,45,50,-5,5
43937,44,55,-11,11
43938,92,88,4,4
43939,67,77,-10,10
43940,63,55,8,8
43941,139,131,8,8
43942,127,120,7,7
43943,69,71,-2,2
43944,136,133,3,3
43945,109,117,-8,8
43946,120,124,-4,4
43947,63,70,-7,7
43948,50,56,-6,6
43949,97,90,7,7
43950,103,99,4,4
43951,89,82,7,7
43952,85,74,11,11
43953,173,160,13,13
43954,128,127,1,1
43955,171,183,-12,12
43956,49,48,1,1
43957,99,92,7,7
43958,129,123,6,6
43959,85,96,-11,11
43960,102,101,1,1
43961,124,133,-9,9
43962,122,109,13,13
43963,137,115,22,22
43964,89,106,-17,17
43965,51,48,3,3
43966,81,103,-22,22
43967,88,83,5,5
43968,76,76,0,0
43969,111,120,-9,9
43970,86,86,0,0
43971,131,127,4,4
43972,23,37,-14,14
43973,109,111,-2,2
43974,84,90,-6,6
43975,101,97,4,4
43976,139,148,-9,9
43977,58,76,-18,18
43978,71,74,-3,3
43979,95,90,5,5
43980,70,63,7,7
43981,65,73,-8,8
43982,95,90,5,5
43983,109,109,0,0
43984,57,62,-5,5
43985,103,103,0,0
43986,184,165,19,19
43987,80,77,3,3
43988,103,103,0,0
43989,94,128,-34,34
43990,62,66,-4,4
43991,110,91,19,19
43992,109,107,2,2
43993,47,55,-8,8
43994,107,109,-2,2
43995,184,156,28,28
43996,122,140,-18,18
43997,155,154,1,1
43998,66,72,-6,6
43999,63,62,1,1
44000,104,131,-27,27
44001,100,92,8,8
44002,82,103,-21,21
44003,162,159,3,3
44004,122,126,-4,4
44005,78,119,-41,41
44006,71,67,4,4
44007,131,115,16,16
44008,113,108,5,5
44009,84,88,-4,4
44010,65,64,1,1
44011,81,87,-6,6
44012,93,84,9,9
44013,67,70,-3,3
44014,148,132,16,16
44015,72,86,-14,14
44016,106,98,8,8
44017,79,90,-11,11
44018,113,113,0,0
44019,66,69,-3,3
44020,68,57,11,11
44021,63,66,-3,3
44022,81,94,-13,13
44023,117,119,-2,2
44024,70,106,-36,36
44025,78,75,3,3
44026,165,169,-4,4
44027,40,47,-7,7
44028,85,96,-11,11
44029,73,84,-11,11
44030,104,104,0,0
44031,129,120,9,9
44032,116,119,-3,3
44033,115,117,-2,2
44034,82,82,0,0
44035,84,98,-14,14
44036,82,89,-7,7
44037,29,67,-38,38
44038,64,75,-11,11
44039,66,62,4,4
44040,114,99,15,15
44041,146,129,17,17
44042,65,64,1,1
44043,42,50,-8,8
44044,157,167,-10,10
44045,89,87,2,2
44046,116,138,-22,22
44047,54,57,-3,3
44048,77,76,1,1
44049,79,93,-14,14
44050,137,135,2,2
44051,67,65,2,2
44052,105,106,-1,1
44053,149,120,29,29
44054,57,65,-8,8
44055,104,108,-4,4
44056,89,109,-20,20
44057,82,89,-7,7
44058,106,126,-20,20
44059,191,187,4,4
44060,87,86,1,1
44061,58,62,-4,4
44062,114,121,-7,7
44063,114,118,-4,4
44064,118,107,11,11
44065,159,148,11,11
44066,58,53,5,5
44067,95,102,-7,7
44068,74,79,-5,5
44069,135,125,10,10
44070,134,138,-4,4
44071,87,73,14,14
44072,130,129,1,1
44073,119,116,3,3
44074,142,133,9,9
44075,152,158,-6,6
44076,105,110,-5,5
44077,63,64,-1,1
44078,92,98,-6,6
44079,75,70,5,5
44080,96,83,13,13
44081,75,64,11,11
44082,56,59,-3,3
44083,72,75,-3,3
44084,89,109,-20,20
44085,58,66,-8,8
44086,76,76,0,0
44087,90,115,-25,25
44088,73,82,-9,9
44089,78,81,-3,3
44090,110,119,-9,9
44091,174,159,15,15
44092,104,91,13,13
44093,94,99,-5,5
44094,165,154,11,11
44095,107,106,1,1
44096,78,80,-2,2
44097,90,89,1,1
44098,124,120,4,4
44099,129,119,10,10
44100,66,64,2,2
44101,73,80,-7,7
44102,139,145,-6,6
44103,72,80,-8,8
44104,140,135,5,5
44105,93,98,-5,5
44106,135,126,9,9
44107,56,53,3,3
44108,76,71,5,5
44109,102,69,33,33
44110,102,114,-12,12
44111,130,120,10,10
44112,152,158,-6,6
44113,76,77,-1,1
44114,178,176,2,2
44115,85,78,7,7
44116,78,71,7,7
44117,97,111,-14,14
44118,113,131,-18,18
44119,81,89,-8,8
44120,65,71,-6,6
44121,42,58,-16,16
44122,72,86,-14,14
44123,115,119,-4,4
44124,80,84,-4,4
44125,39,42,-3,3
44126,85,81,4,4
44127,101,100,1,1
44128,158,143,15,15
44129,91,100,-9,9
44130,68,76,-8,8
44131,112,106,6,6
44132,161,161,0,0
44133,147,154,-7,7
44134,63,68,-5,5
44135,60,83,-23,23
44136,84,82,2,2
44137,112,101,11,11
44138,129,125,4,4
44139,136,132,4,4
44140,130,131,-1,1
44141,74,79,-5,5
44142,111,120,-9,9
44143,118,109,9,9
44144,60,62,-2,2
44145,59,72,-13,13
44146,90,95,-5,5
44147,72,79,-7,7
44148,118,115,3,3
44149,63,65,-2,2
44150,91,78,13,13
44151,106,111,-5,5
44152,89,90,-1,1
44153,111,113,-2,2
44154,131,136,-5,5
44155,85,91,-6,6
44156,97,98,-1,1
44157,41,50,-9,9
44158,104,103,1,1
44159,137,149,-12,12
44160,110,100,10,10
44161,50,76,-26,26
44162,143,134,9,9
44163,110,114,-4,4
44164,79,93,-14,14
44165,79,71,8,8
44166,71,78,-7,7
44167,116,114,2,2
44168,89,78,11,11
44169,85,82,3,3
44170,62,72,-10,10
44171,105,94,11,11
44172,110,120,-10,10
44173,68,76,-8,8
44174,125,141,-16,16
44175,120,122,-2,2
44176,118,121,-3,3
44177,63,61,2,2
44178,42,52,-10,10
44179,49,49,0,0
44180,96,98,-2,2
44181,107,107,0,0
44182,108,117,-9,9
44183,94,88,6,6
44184,89,86,3,3
44185,117,114,3,3
44186,120,127,-7,7
44187,71,71,0,0
44188,71,75,-4,4
44189,58,65,-7,7
44190,90,98,-8,8
44191,118,115,3,3
44192,43,70,-27,27
44193,78,80,-2,2
44194,159,143,16,16
44195,99,111,-12,12
44196,92,100,-8,8
44197,148,144,4,4
44198,97,85,12,12
44199,84,96,-12,12
44200,45,45,0,0
44201,63,63,0,0
44202,117,106,11,11
44203,122,119,3,3
44204,115,110,5,5
44205,110,113,-3,3
44206,114,113,1,1
44207,71,75,-4,4
44208,132,145,-13,13
44209,73,67,6,6
44210,137,135,2,2
44211,79,63,16,16
44212,79,68,11,11
44213,106,95,11,11
44214,99,90,9,9
44215,77,99,-22,22
44216,127,135,-8,8
44217,96,93,3,3
44218,66,66,0,0
44219,63,70,-7,7
44220,95,103,-8,8
44221,97,91,6,6
44222,42,48,-6,6
44223,60,50,10,10
44224,59,68,-9,9
44225,66,65,1,1
44226,140,109,31,31
44227,64,68,-4,4
44228,72,74,-2,2
44229,85,80,5,5
44230,119,106,13,13
44231,99,91,8,8
44232,133,127,6,6
44233,75,79,-4,4
44234,66,70,-4,4
44235,102,96,6,6
44236,63,70,-7,7
44237,133,111,22,22
44238,144,142,2,2
44239,141,128,13,13
44240,97,96,1,1
44241,90,99,-9,9
44242,124,140,-16,16
44243,123,131,-8,8
44244,191,167,24,24
44245,62,54,8,8
44246,58,65,-7,7
44247,98,88,10,10
44248,113,111,2,2
44249,107,96,11,11
44250,106,114,-8,8
44251,95,96,-1,1
44252,144,136,8,8
44253,50,54,-4,4
44254,195,178,17,17
44255,122,116,6,6
44256,97,94,3,3
44257,71,57,14,14
44258,153,148,5,5
44259,67,69,-2,2
44260,51,62,-11,11
44261,65,75,-10,10
44262,78,71,7,7
44263,87,87,0,0
44264,72,79,-7,7
44265,81,78,3,3
44266,149,154,-5,5
44267,119,106,13,13
44268,102,94,8,8
44269,93,98,-5,5
44270,116,128,-12,12
44271,125,118,7,7
44272,138,133,5,5
44273,75,79,-4,4
44274,100,98,2,2
44275,107,100,7,7
44276,91,118,-27,27
44277,135,138,-3,3
44278,47,61,-14,14
44279,95,91,4,4
44280,88,99,-11,11
44281,71,75,-4,4
44282,110,125,-15,15
44283,108,109,-1,1
44284,49,60,-11,11
44285,48,70,-22,22
44286,93,86,7,7
44287,94,113,-19,19
44288,140,139,1,1
44289,68,65,3,3
44290,79,91,-12,12
44291,147,154,-7,7
44292,107,99,8,8
44293,77,78,-1,1
44294,87,88,-1,1
44295,183,187,-4,4
44296,123,113,10,10
44297,143,138,5,5
44298,94,91,3,3
44299,96,88,8,8
44300,85,89,-4,4
44301,112,112,0,0
44302,82,77,5,5
44303,103,96,7,7
44304,98,116,-18,18
44305,104,109,-5,5
44306,81,75,6,6
44307,57,61,-4,4
44308,113,124,-11,11
44309,80,86,-6,6
44310,117,112,5,5
44311,68,61,7,7
44312,76,71,5,5
44313,69,82,-13,13
44314,86,104,-18,18
44315,107,103,4,4
44316,63,61,2,2
44317,127,127,0,0
44318,87,78,9,9
44319,82,83,-1,1
44320,92,90,2,2
44321,78,83,-5,5
44322,117,111,6,6
44323,93,109,-16,16
44324,116,118,-2,2
44325,51,63,-12,12
44326,80,76,4,4
44327,126,133,-7,7
44328,48,49,-1,1
44329,183,180,3,3
44330,61,66,-5,5
44331,128,136,-8,8
44332,95,87,8,8
44333,107,102,5,5
44334,87,94,-7,7
44335,136,142,-6,6
44336,49,57,-8,8
44337,77,73,4,4
44338,114,111,3,3
44339,139,138,1,1
44340,90,87,3,3
44341,164,189,-25,25
44342,124,130,-6,6
44343,115,109,6,6
44344,111,98,13,13
44345,144,149,-5,5
44346,72,80,-8,8
44347,121,122,-1,1
44348,131,127,4,4
44349,99,107,-8,8
44350,55,63,-8,8
44351,125,113,12,12
44352,43,56,-13,13
44353,75,67,8,8
44354,71,68,3,3
44355,62,68,-6,6
44356,86,85,1,1
44357,78,77,1,1
44358,101,105,-4,4
44359,81,86,-5,5
44360,144,139,5,5
44361,121,112,9,9
44362,84,86,-2,2
44363,91,90,1,1
44364,108,126,-18,18
44365,84,81,3,3
44366,96,92,4,4
44367,130,134,-4,4
44368,53,60,-7,7
44369,111,113,-2,2
44370,65,59,6,6
44371,138,133,5,5
44372,39,47,-8,8
44373,54,63,-9,9
44374,48,50,-2,2
44375,62,59,3,3
44376,110,115,-5,5
44377,88,82,6,6
44378,92,87,5,5
44379,124,121,3,3
44380,86,87,-1,1
44381,89,115,-26,26
44382,96,111,-15,15
44383,50,58,-8,8
44384,92,86,6,6
44385,70,69,1,1
44386,101,108,-7,7
44387,143,132,11,11
44388,128,147,-19,19
44389,83,79,4,4
44390,59,62,-3,3
44391,131,126,5,5
44392,79,78,1,1
44393,66,65,1,1
44394,110,106,4,4
44395,99,103,-4,4
44396,100,106,-6,6
44397,92,98,-6,6
44398,115,109,6,6
44399,87,79,8,8
44400,105,103,2,2
44401,77,75,2,2
44402,93,101,-8,8
44403,124,121,3,3
44404,71,80,-9,9
44405,68,77,-9,9
44406,107,105,2,2
44407,130,127,3,3
44408,32,42,-10,10
44409,96,117,-21,21
44410,82,69,13,13
44411,73,70,3,3
44412,57,88,-31,31
44413,60,68,-8,8
44414,61,53,8,8
44415,127,117,10,10
44416,67,60,7,7
44417,148,126,22,22
44418,111,111,0,0
44419,119,106,13,13
44420,86,83,3,3
44421,88,85,3,3
44422,68,60,8,8
44423,65,63,2,2
44424,64,77,-13,13
44425,158,142,16,16
44426,144,136,8,8
44427,91,87,4,4
44428,63,66,-3,3
44429,88,94,-6,6
44430,122,100,22,22
44431,51,56,-5,5
44432,124,137,-13,13
44433,118,104,14,14
44434,49,56,-7,7
44435,94,85,9,9
44436,69,77,-8,8
44437,168,143,25,25
44438,79,84,-5,5
44439,70,72,-2,2
44440,199,208,-9,9
44441,43,55,-12,12
44442,85,88,-3,3
44443,51,61,-10,10
44444,135,126,9,9
44445,57,78,-21,21
44446,191,206,-15,15
44447,94,105,-11,11
44448,109,120,-11,11
44449,76,75,1,1
44450,175,171,4,4
44451,126,133,-7,7
44452,143,140,3,3
44453,101,94,7,7
44454,50,74,-24,24
44455,84,88,-4,4
44456,94,96,-2,2
44457,110,104,6,6
44458,170,146,24,24
44459,149,135,14,14
44460,94,96,-2,2
44461,102,104,-2,2
44462,118,140,-22,22
44463,112,117,-5,5
44464,108,119,-11,11
44465,58,59,-1,1
44466,39,115,-76,76
44467,112,113,-1,1
44468,107,125,-18,18
44469,61,58,3,3
44470,99,99,0,0
44471,62,80,-18,18
44472,119,115,4,4
44473,105,94,11,11
44474,93,81,12,12
44475,109,113,-4,4
44476,132,130,2,2
44477,83,115,-32,32
44478,46,58,-12,12
44479,170,157,13,13
44480,217,181,36,36
44481,119,125,-6,6
44482,140,163,-23,23
44483,106,103,3,3
44484,100,96,4,4
44485,61,64,-3,3
44486,111,132,-21,21
44487,117,106,11,11
44488,68,82,-14,14
44489,94,98,-4,4
44490,74,74,0,0
44491,109,124,-15,15
44492,98,117,-19,19
44493,103,101,2,2
44494,78,92,-14,14
44495,80,80,0,0
44496,83,87,-4,4
44497,76,76,0,0
44498,110,115,-5,5
44499,152,155,-3,3
44500,81,71,10,10
44501,133,140,-7,7
44502,66,67,-1,1
44503,102,93,9,9
44504,102,91,11,11
44505,53,58,-5,5
44506,139,136,3,3
44507,133,120,13,13
44508,57,59,-2,2
44509,61,74,-13,13
44510,116,108,8,8
44511,97,80,17,17
44512,187,178,9,9
44513,62,60,2,2
44514,102,99,3,3
44515,62,65,-3,3
44516,48,54,-6,6
44517,108,118,-10,10
44518,68,72,-4,4
44519,112,112,0,0
44520,154,138,16,16
44521,76,81,-5,5
44522,110,116,-6,6
44523,89,100,-11,11
44524,128,117,11,11
44525,61,69,-8,8
44526,60,69,-9,9
44527,143,146,-3,3
44528,107,94,13,13
44529,76,77,-1,1
44530,79,70,9,9
44531,65,68,-3,3
44532,104,112,-8,8
44533,145,152,-7,7
44534,86,78,8,8
44535,83,86,-3,3
44536,88,99,-11,11
44537,178,155,23,23
44538,116,117,-1,1
44539,105,127,-22,22
44540,72,83,-11,11
44541,77,79,-2,2
44542,56,63,-7,7
44543,109,101,8,8
44544,45,49,-4,4
44545,106,97,9,9
44546,42,44,-2,2
44547,118,118,0,0
44548,102,107,-5,5
44549,47,65,-18,18
44550,70,76,-6,6
44551,103,96,7,7
44552,123,119,4,4
44553,170,184,-14,14
44554,124,143,-19,19
44555,98,112,-14,14
44556,57,69,-12,12
44557,122,127,-5,5
44558,59,66,-7,7
44559,107,207,-100,100
44560,73,68,5,5
44561,65,70,-5,5
44562,53,60,-7,7
44563,152,146,6,6
44564,81,77,4,4
44565,87,91,-4,4
44566,77,71,6,6
44567,129,126,3,3
44568,165,162,3,3
44569,111,117,-6,6
44570,108,117,-9,9
44571,67,66,1,1
44572,78,79,-1,1
44573,105,96,9,9
44574,72,74,-2,2
44575,75,76,-1,1
44576,85,80,5,5
44577,57,62,-5,5
44578,115,132,-17,17
44579,74,74,0,0
44580,170,175,-5,5
44581,90,95,-5,5
44582,85,85,0,0
44583,65,67,-2,2
44584,45,44,1,1
44585,160,160,0,0
44586,160,156,4,4
44587,99,116,-17,17
44588,62,71,-9,9
44589,121,114,7,7
44590,129,132,-3,3
44591,98,100,-2,2
44592,104,100,4,4
44593,69,69,0,0
44594,75,70,5,5
44595,95,92,3,3
44596,118,120,-2,2
44597,94,144,-50,50
44598,100,109,-9,9
44599,129,114,15,15
44600,118,122,-4,4
44601,57,152,-95,95
44602,68,72,-4,4
44603,123,124,-1,1
44604,93,93,0,0
44605,53,59,-6,6
44606,92,91,1,1
44607,78,79,-1,1
44608,175,153,22,22
44609,115,131,-16,16
44610,70,80,-10,10
44611,161,156,5,5
44612,61,64,-3,3
44613,64,65,-1,1
44614,86,86,0,0
44615,84,90,-6,6
44616,152,88,64,64
44617,116,119,-3,3
44618,53,55,-2,2
44619,57,65,-8,8
44620,68,78,-10,10
44621,178,179,-1,1
44622,93,99,-6,6
44623,120,111,9,9
44624,136,138,-2,2
44625,39,42,-3,3
44626,102,107,-5,5
44627,167,152,15,15
44628,65,66,-1,1
44629,50,60,-10,10
44630,80,77,3,3
44631,126,104,22,22
44632,67,67,0,0
44633,59,66,-7,7
44634,116,121,-5,5
44635,95,94,1,1
44636,57,60,-3,3
44637,75,89,-14,14
44638,99,95,4,4
44639,94,89,5,5
44640,65,61,4,4
44641,90,82,8,8
44642,126,113,13,13
44643,86,97,-11,11
44644,103,104,-1,1
44645,92,104,-12,12
44646,120,126,-6,6
44647,86,83,3,3
44648,19,34,-15,15
44649,138,133,5,5
44650,86,90,-4,4
44651,126,153,-27,27
44652,103,98,5,5
44653,89,86,3,3
44654,71,75,-4,4
44655,63,68,-5,5
44656,76,81,-5,5
44657,154,150,4,4
44658,64,62,2,2
44659,73,72,1,1
44660,61,63,-2,2
44661,57,62,-5,5
44662,142,148,-6,6
44663,193,178,15,15
44664,58,72,-14,14
44665,89,108,-19,19
44666,88,92,-4,4
44667,121,115,6,6
44668,110,104,6,6
44669,116,104,12,12
44670,100,96,4,4
44671,62,59,3,3
44672,100,111,-11,11
44673,146,127,19,19
44674,33,38,-5,5
44675,105,100,5,5
44676,93,104,-11,11
44677,48,60,-12,12
44678,74,81,-7,7
44679,55,50,5,5
44680,77,73,4,4
44681,83,60,23,23
44682,162,158,4,4
44683,59,52,7,7
44684,196,197,-1,1
44685,95,92,3,3
44686,64,66,-2,2
44687,107,117,-10,10
44688,163,151,12,12
44689,78,75,3,3
44690,66,77,-11,11
44691,62,73,-11,11
44692,109,101,8,8
44693,77,84,-7,7
44694,125,120,5,5
44695,103,107,-4,4
44696,81,78,3,3
44697,50,55,-5,5
44698,116,131,-15,15
44699,70,72,-2,2
44700,68,66,2,2
44701,96,91,5,5
44702,155,147,8,8
44703,128,145,-17,17
44704,75,91,-16,16
44705,116,113,3,3
44706,88,98,-10,10
44707,100,92,8,8
44708,73,76,-3,3
44709,140,139,1,1
44710,106,122,-16,16
44711,87,80,7,7
44712,78,91,-13,13
44713,92,92,0,0
44714,109,107,2,2
44715,69,78,-9,9
44716,174,166,8,8
44717,60,62,-2,2
44718,61,61,0,0
44719,59,63,-4,4
44720,124,121,3,3
44721,85,84,1,1
44722,136,118,18,18
44723,118,109,9,9
44724,81,86,-5,5
44725,80,85,-5,5
44726,69,61,8,8
44727,60,68,-8,8
44728,63,62,1,1
44729,46,41,5,5
44730,61,60,1,1
44731,65,77,-12,12
44732,104,102,2,2
44733,144,131,13,13
44734,73,86,-13,13
44735,77,69,8,8
44736,96,95,1,1
44737,71,80,-9,9
44738,74,79,-5,5
44739,60,62,-2,2
44740,80,78,2,2
44741,74,74,0,0
44742,168,157,11,11
44743,145,131,14,14
44744,86,91,-5,5
44745,137,128,9,9
44746,121,120,1,1
44747,91,79,12,12
44748,68,75,-7,7
44749,78,69,9,9
44750,84,87,-3,3
44751,150,148,2,2
44752,103,98,5,5
44753,79,81,-2,2
44754,63,71,-8,8
44755,70,75,-5,5
44756,229,231,-2,2
44757,130,146,-16,16
44758,81,90,-9,9
44759,112,107,5,5
44760,134,126,8,8
44761,82,85,-3,3
44762,152,201,-49,49
44763,90,102,-12,12
44764,105,119,-14,14
44765,138,139,-1,1
44766,95,100,-5,5
44767,86,81,5,5
44768,91,84,7,7
44769,58,80,-22,22
44770,130,128,2,2
44771,154,149,5,5
44772,69,76,-7,7
44773,158,141,17,17
44774,136,136,0,0
44775,56,61,-5,5
44776,86,78,8,8
44777,49,53,-4,4
44778,138,133,5,5
44779,100,110,-10,10
44780,146,142,4,4
44781,56,54,2,2
44782,79,85,-6,6
44783,53,58,-5,5
44784,59,64,-5,5
44785,64,61,3,3
44786,108,107,1,1
44787,66,61,5,5
44788,117,121,-4,4
44789,60,61,-1,1
44790,51,57,-6,6
44791,104,109,-5,5
44792,92,106,-14,14
44793,87,81,6,6
44794,84,108,-24,24
44795,155,159,-4,4
44796,100,111,-11,11
44797,43,53,-10,10
44798,72,62,10,10
44799,124,122,2,2
44800,116,140,-24,24
44801,159,143,16,16
44802,91,106,-15,15
44803,71,73,-2,2
44804,158,154,4,4
44805,71,82,-11,11
44806,102,99,3,3
44807,117,109,8,8
44808,94,96,-2,2
44809,79,85,-6,6
44810,51,67,-16,16
44811,63,65,-2,2
44812,55,59,-4,4
44813,152,124,28,28
44814,78,61,17,17
44815,54,58,-4,4
44816,80,77,3,3
44817,59,55,4,4
44818,84,78,6,6
44819,110,110,0,0
44820,124,105,19,19
44821,92,64,28,28
44822,126,138,-12,12
44823,130,125,5,5
44824,89,86,3,3
44825,109,110,-1,1
44826,87,105,-18,18
44827,75,67,8,8
44828,225,220,5,5
44829,182,174,8,8
44830,82,86,-4,4
44831,54,63,-9,9
44832,187,178,9,9
44833,128,133,-5,5
44834,87,83,4,4
44835,92,76,16,16
44836,58,72,-14,14
44837,63,65,-2,2
44838,100,94,6,6
44839,102,113,-11,11
44840,46,50,-4,4
44841,89,96,-7,7
44842,61,62,-1,1
44843,134,135,-1,1
44844,69,70,-1,1
44845,118,115,3,3
44846,153,137,16,16
44847,115,108,7,7
44848,88,82,6,6
44849,91,92,-1,1
44850,51,46,5,5
44851,68,85,-17,17
44852,155,159,-4,4
44853,52,56,-4,4
44854,71,71,0,0
44855,100,92,8,8
44856,81,84,-3,3
44857,168,153,15,15
44858,80,80,0,0
44859,83,81,2,2
44860,90,107,-17,17
44861,99,100,-1,1
44862,45,51,-6,6
44863,110,111,-1,1
44864,118,104,14,14
44865,98,96,2,2
44866,162,145,17,17
44867,54,69,-15,15
44868,80,85,-5,5
44869,91,85,6,6
44870,81,80,1,1
44871,89,87,2,2
44872,58,60,-2,2
44873,194,201,-7,7
44874,78,86,-8,8
44875,63,59,4,4
44876,61,61,0,0
44877,98,95,3,3
44878,95,85,10,10
44879,97,96,1,1
44880,96,108,-12,12
44881,89,90,-1,1
44882,154,143,11,11
44883,51,62,-11,11
44884,117,111,6,6
44885,42,70,-28,28
44886,92,95,-3,3
44887,91,97,-6,6
44888,162,176,-14,14
44889,75,77,-2,2
44890,104,104,0,0
44891,117,125,-8,8
44892,74,92,-18,18
44893,52,56,-4,4
44894,77,74,3,3
44895,83,66,17,17
44896,71,80,-9,9
44897,57,59,-2,2
44898,62,64,-2,2
44899,114,117,-3,3
44900,58,70,-12,12
44901,120,132,-12,12
44902,74,74,0,0
44903,95,76,19,19
44904,63,71,-8,8
44905,84,107,-23,23
44906,57,62,-5,5
44907,70,76,-6,6
44908,71,81,-10,10
44909,71,65,6,6
44910,140,116,24,24
44911,116,121,-5,5
44912,62,72,-10,10
44913,96,114,-18,18
44914,73,79,-6,6
44915,79,75,4,4
44916,97,87,10,10
44917,80,70,10,10
44918,76,78,-2,2
44919,67,69,-2,2
44920,176,170,6,6
44921,71,80,-9,9
44922,89,87,2,2
44923,75,74,1,1
44924,142,131,11,11
44925,96,97,-1,1
44926,70,77,-7,7
44927,134,145,-11,11
44928,123,109,14,14
44929,71,68,3,3
44930,45,57,-12,12
44931,102,96,6,6
44932,130,138,-8,8
44933,134,127,7,7
44934,71,86,-15,15
44935,111,130,-19,19
44936,134,128,6,6
44937,131,106,25,25
44938,136,145,-9,9
44939,116,113,3,3
44940,156,151,5,5
44941,139,124,15,15
44942,102,103,-1,1
44943,69,73,-4,4
44944,81,75,6,6
44945,109,119,-10,10
44946,94,84,10,10
44947,77,75,2,2
44948,173,178,-5,5
44949,70,75,-5,5
44950,77,81,-4,4
44951,95,94,1,1
44952,96,97,-1,1
44953,90,96,-6,6
44954,47,69,-22,22
44955,116,117,-1,1
44956,84,69,15,15
44957,62,65,-3,3
44958,128,132,-4,4
44959,83,77,6,6
44960,90,95,-5,5
44961,86,92,-6,6
44962,113,118,-5,5
44963,153,147,6,6
44964,90,79,11,11
44965,96,104,-8,8
44966,76,83,-7,7
44967,73,71,2,2
44968,98,100,-2,2
44969,23,51,-28,28
44970,57,65,-8,8
44971,65,70,-5,5
44972,107,109,-2,2
44973,140,137,3,3
44974,112,104,8,8
44975,149,173,-24,24
44976,100,85,15,15
44977,100,104,-4,4
44978,64,57,7,7
44979,89,95,-6,6
44980,154,152,2,2
44981,53,59,-6,6
44982,45,52,-7,7
44983,61,63,-2,2
44984,108,107,1,1
44985,88,94,-6,6
44986,109,125,-16,16
44987,143,124,19,19
44988,91,98,-7,7
44989,102,103,-1,1
44990,61,57,4,4
44991,85,91,-6,6
44992,121,96,25,25
44993,65,66,-1,1
44994,56,54,2,2
44995,103,106,-3,3
44996,111,98,13,13
44997,102,99,3,3
44998,99,93,6,6
44999,97,127,-30,30
45000,79,74,5,5
45001,139,138,1,1
45002,107,99,8,8
45003,166,182,-16,16
45004,51,59,-8,8
45005,75,65,10,10
45006,113,106,7,7
45007,69,84,-15,15
45008,129,129,0,0
45009,197,176,21,21
45010,104,106,-2,2
45011,99,107,-8,8
45012,86,80,6,6
45013,95,91,4,4
45014,138,133,5,5
45015,78,88,-10,10
45016,47,85,-38,38
45017,56,56,0,0
45018,62,65,-3,3
45019,64,69,-5,5
45020,105,89,16,16
45021,104,100,4,4
45022,140,134,6,6
45023,84,66,18,18
45024,126,142,-16,16
45025,82,77,5,5
45026,75,66,9,9
45027,92,87,5,5
45028,77,83,-6,6
45029,100,99,1,1
45030,140,142,-2,2
45031,67,68,-1,1
45032,117,124,-7,7
45033,54,65,-11,11
45034,81,90,-9,9
45035,130,130,0,0
45036,100,102,-2,2
45037,86,86,0,0
45038,57,65,-8,8
45039,115,119,-4,4
45040,147,154,-7,7
45041,86,100,-14,14
45042,39,49,-10,10
45043,79,80,-1,1
45044,89,98,-9,9
45045,70,69,1,1
45046,73,80,-7,7
45047,113,98,15,15
45048,99,108,-9,9
45049,78,76,2,2
45050,132,140,-8,8
45051,79,92,-13,13
45052,143,141,2,2
45053,57,65,-8,8
45054,49,54,-5,5
45055,85,82,3,3
45056,49,71,-22,22
45057,96,84,12,12
45058,87,82,5,5
45059,151,122,29,29
45060,147,148,-1,1
45061,94,107,-13,13
45062,91,91,0,0
45063,56,56,0,0
45064,123,140,-17,17
45065,188,164,24,24
45066,55,53,2,2
45067,117,113,4,4
45068,106,110,-4,4
45069,109,107,2,2
45070,61,60,1,1
45071,46,66,-20,20
45072,62,63,-1,1
45073,102,98,4,4
45074,62,64,-2,2
45075,85,86,-1,1
45076,89,89,0,0
45077,96,100,-4,4
45078,132,130,2,2
45079,94,94,0,0
45080,118,108,10,10
45081,73,73,0,0
45082,69,66,3,3
45083,57,62,-5,5
45084,86,78,8,8
45085,130,116,14,14
45086,144,142,2,2
45087,67,67,0,0
45088,64,107,-43,43
45089,85,79,6,6
45090,104,114,-10,10
45091,109,109,0,0
45092,110,112,-2,2
45093,129,127,2,2
45094,97,99,-2,2
45095,85,80,5,5
45096,104,102,2,2
45097,77,83,-6,6
45098,81,85,-4,4
45099,97,100,-3,3
45100,130,139,-9,9
45101,67,68,-1,1
45102,55,57,-2,2
45103,92,85,7,7
45104,83,82,1,1
45105,135,144,-9,9
45106,69,60,9,9
45107,109,109,0,0
45108,98,96,2,2
45109,95,89,6,6
45110,121,147,-26,26
45111,80,76,4,4
45112,79,80,-1,1
45113,123,128,-5,5
45114,117,113,4,4
45115,59,65,-6,6
45116,89,91,-2,2
45117,82,84,-2,2
45118,117,112,5,5
45119,69,79,-10,10
45120,123,115,8,8
45121,57,68,-11,11
45122,87,83,4,4
45123,105,116,-11,11
45124,108,100,8,8
45125,76,78,-2,2
45126,74,106,-32,32
45127,84,75,9,9
45128,96,105,-9,9
45129,78,80,-2,2
45130,76,81,-5,5
45131,88,92,-4,4
45132,89,83,6,6
45133,90,88,2,2
45134,60,62,-2,2
45135,53,60,-7,7
45136,67,71,-4,4
45137,89,90,-1,1
45138,149,136,13,13
45139,95,100,-5,5
45140,109,117,-8,8
45141,169,172,-3,3
45142,78,70,8,8
45143,122,131,-9,9
45144,48,66,-18,18
45145,108,126,-18,18
45146,90,89,1,1
45147,147,138,9,9
45148,69,69,0,0
45149,112,105,7,7
45150,158,153,5,5
45151,123,123,0,0
45152,42,57,-15,15
45153,135,131,4,4
45154,148,124,24,24
45155,109,115,-6,6
45156,73,70,3,3
45157,88,87,1,1
45158,90,82,8,8
45159,55,64,-9,9
45160,83,94,-11,11
45161,54,54,0,0
45162,85,85,0,0
45163,75,72,3,3
45164,121,125,-4,4
45165,65,62,3,3
45166,77,72,5,5
45167,102,98,4,4
45168,104,119,-15,15
45169,67,62,5,5
45170,134,128,6,6
45171,107,105,2,2
45172,87,90,-3,3
45173,168,159,9,9
45174,145,133,12,12
45175,127,140,-13,13
45176,168,165,3,3
45177,113,102,11,11
45178,64,68,-4,4
45179,64,63,1,1
45180,83,85,-2,2
45181,83,86,-3,3
45182,125,128,-3,3
45183,61,58,3,3
45184,40,56,-16,16
45185,57,58,-1,1
45186,153,142,11,11
45187,101,105,-4,4
45188,83,96,-13,13
45189,89,97,-8,8
45190,111,100,11,11
45191,77,80,-3,3
45192,127,121,6,6
45193,128,131,-3,3
45194,146,137,9,9
45195,49,60,-11,11
45196,49,60,-11,11
45197,57,70,-13,13
45198,89,90,-1,1
45199,88,107,-19,19
45200,153,165,-12,12
45201,71,73,-2,2
45202,135,136,-1,1
45203,109,105,4,4
45204,73,66,7,7
45205,185,206,-21,21
45206,69,70,-1,1
45207,109,113,-4,4
45208,74,84,-10,10
45209,181,163,18,18
45210,96,103,-7,7
45211,93,105,-12,12
45212,60,57,3,3
45213,104,104,0,0
45214,67,66,1,1
45215,89,94,-5,5
45216,128,128,0,0
45217,100,100,0,0
45218,96,97,-1,1
45219,90,80,10,10
45220,68,66,2,2
45221,126,120,6,6
45222,54,69,-15,15
45223,106,120,-14,14
45224,63,65,-2,2
45225,113,87,26,26
45226,45,53,-8,8
45227,98,94,4,4
45228,156,142,14,14
45229,52,59,-7,7
45230,134,125,9,9
45231,74,82,-8,8
45232,102,100,2,2
45233,100,100,0,0
45234,62,66,-4,4
45235,82,81,1,1
45236,105,93,12,12
45237,69,75,-6,6
45238,124,141,-17,17
45239,118,107,11,11
45240,82,81,1,1
45241,63,71,-8,8
45242,70,70,0,0
45243,68,69,-1,1
45244,121,116,5,5
45245,73,73,0,0
45246,51,58,-7,7
45247,81,75,6,6
45248,146,125,21,21
45249,88,68,20,20
45250,101,103,-2,2
45251,126,131,-5,5
45252,119,120,-1,1
45253,113,119,-6,6
45254,172,160,12,12
45255,81,80,1,1
45256,90,95,-5,5
45257,110,116,-6,6
45258,134,148,-14,14
45259,37,54,-17,17
45260,62,63,-1,1
45261,65,74,-9,9
45262,52,52,0,0
45263,76,84,-8,8
45264,116,125,-9,9
45265,98,125,-27,27
45266,61,64,-3,3
45267,84,92,-8,8
45268,153,140,13,13
45269,72,73,-1,1
45270,77,72,5,5
45271,86,84,2,2
45272,99,105,-6,6
45273,124,125,-1,1
45274,66,68,-2,2
45275,76,73,3,3
45276,67,58,9,9
45277,133,123,10,10
45278,91,81,10,10
45279,71,82,-11,11
45280,207,206,1,1
45281,65,64,1,1
45282,97,100,-3,3
45283,131,133,-2,2
45284,120,111,9,9
45285,59,59,0,0
45286,124,121,3,3
45287,74,73,1,1
45288,101,93,8,8
45289,85,79,6,6
45290,85,82,3,3
45291,137,116,21,21
45292,76,74,2,2
45293,136,143,-7,7
45294,139,132,7,7
45295,49,58,-9,9
45296,136,134,2,2
45297,75,70,5,5
45298,109,109,0,0
45299,53,55,-2,2
45300,110,108,2,2
45301,59,66,-7,7
45302,119,118,1,1
45303,86,88,-2,2
45304,139,130,9,9
45305,132,97,35,35
45306,191,178,13,13
45307,87,82,5,5
45308,90,94,-4,4
45309,122,123,-1,1
45310,73,70,3,3
45311,122,111,11,11
45312,93,104,-11,11
45313,46,57,-11,11
45314,84,88,-4,4
45315,103,93,10,10
45316,39,49,-10,10
45317,96,113,-17,17
45318,72,70,2,2
45319,146,139,7,7
45320,80,88,-8,8
45321,68,65,3,3
45322,49,54,-5,5
45323,110,113,-3,3
45324,117,115,2,2
45325,121,109,12,12
45326,55,68,-13,13
45327,149,150,-1,1
45328,78,72,6,6
45329,60,69,-9,9
45330,161,145,16,16
45331,95,98,-3,3
45332,75,66,9,9
45333,92,97,-5,5
45334,112,135,-23,23
45335,67,74,-7,7
45336,91,88,3,3
45337,109,105,4,4
45338,177,159,18,18
45339,105,115,-10,10
45340,82,78,4,4
45341,89,78,11,11
45342,109,113,-4,4
45343,67,86,-19,19
45344,117,131,-14,14
45345,96,99,-3,3
45346,49,60,-11,11
45347,110,106,4,4
45348,57,67,-10,10
45349,118,99,19,19
45350,120,118,2,2
45351,77,80,-3,3
45352,107,103,4,4
45353,60,65,-5,5
45354,70,61,9,9
45355,115,119,-4,4
45356,70,76,-6,6
45357,70,59,11,11
45358,96,115,-19,19
45359,72,86,-14,14
45360,72,71,1,1
45361,67,68,-1,1
45362,170,153,17,17
45363,57,61,-4,4
45364,67,66,1,1
45365,85,92,-7,7
45366,95,109,-14,14
45367,119,151,-32,32
45368,84,78,6,6
45369,65,87,-22,22
45370,225,243,-18,18
45371,97,94,3,3
45372,81,85,-4,4
45373,104,101,3,3
45374,23,50,-27,27
45375,75,79,-4,4
45376,115,116,-1,1
45377,111,98,13,13
45378,60,53,7,7
45379,72,73,-1,1
45380,100,100,0,0
45381,85,78,7,7
45382,60,61,-1,1
45383,55,63,-8,8
45384,120,139,-19,19
45385,121,134,-13,13
45386,79,76,3,3
45387,89,89,0,0
45388,127,116,11,11
45389,86,84,2,2
45390,58,53,5,5
45391,99,93,6,6
45392,126,134,-8,8
45393,53,58,-5,5
45394,55,60,-5,5
45395,107,112,-5,5
45396,67,67,0,0
45397,83,95,-12,12
45398,81,88,-7,7
45399,92,95,-3,3
45400,109,106,3,3
45401,148,168,-20,20
45402,115,122,-7,7
45403,124,126,-2,2
45404,103,95,8,8
45405,122,131,-9,9
45406,104,111,-7,7
45407,58,55,3,3
45408,68,70,-2,2
45409,83,99,-16,16
45410,51,72,-21,21
45411,84,87,-3,3
45412,129,140,-11,11
45413,64,74,-10,10
45414,150,140,10,10
45415,48,53,-5,5
45416,67,67,0,0
45417,72,63,9,9
45418,101,101,0,0
45419,68,66,2,2
45420,135,130,5,5
45421,98,111,-13,13
45422,73,74,-1,1
45423,93,107,-14,14
45424,161,167,-6,6
45425,58,63,-5,5
45426,125,122,3,3
45427,91,94,-3,3
45428,82,82,0,0
45429,82,94,-12,12
45430,89,105,-16,16
45431,45,51,-6,6
45432,56,119,-63,63
45433,152,179,-27,27
45434,110,98,12,12
45435,81,84,-3,3
45436,43,53,-10,10
45437,154,160,-6,6
45438,82,82,0,0
45439,104,116,-12,12
45440,78,85,-7,7
45441,130,114,16,16
45442,66,72,-6,6
45443,86,92,-6,6
45444,98,105,-7,7
45445,106,106,0,0
45446,78,77,1,1
45447,89,83,6,6
45448,84,94,-10,10
45449,111,104,7,7
45450,73,74,-1,1
45451,115,140,-25,25
45452,174,154,20,20
45453,87,77,10,10
45454,102,103,-1,1
45455,77,76,1,1
45456,37,45,-8,8
45457,131,129,2,2
45458,104,96,8,8
45459,109,150,-41,41
45460,89,84,5,5
45461,108,109,-1,1
45462,158,135,23,23
45463,69,67,2,2
45464,89,79,10,10
45465,42,51,-9,9
45466,97,85,12,12
45467,70,77,-7,7
45468,116,112,4,4
45469,138,148,-10,10
45470,110,105,5,5
45471,105,101,4,4
45472,51,68,-17,17
45473,94,99,-5,5
45474,75,76,-1,1
45475,129,127,2,2
45476,88,85,3,3
45477,100,94,6,6
45478,79,78,1,1
45479,176,173,3,3
45480,86,81,5,5
45481,88,105,-17,17
45482,105,124,-19,19
45483,140,126,14,14
45484,72,75,-3,3
45485,111,105,6,6
45486,105,90,15,15
45487,191,181,10,10
45488,120,125,-5,5
45489,99,100,-1,1
45490,45,55,-10,10
45491,94,85,9,9
45492,80,90,-10,10
45493,85,84,1,1
45494,74,71,3,3
45495,78,81,-3,3
45496,131,108,23,23
45497,95,100,-5,5
45498,59,67,-8,8
45499,72,68,4,4
45500,108,111,-3,3
45501,71,73,-2,2
45502,74,73,1,1
45503,134,136,-2,2
45504,101,99,2,2
45505,68,66,2,2
45506,127,125,2,2
45507,195,161,34,34
45508,73,78,-5,5
45509,77,83,-6,6
45510,79,79,0,0
45511,59,59,0,0
45512,115,100,15,15
45513,79,80,-1,1
45514,91,90,1,1
45515,82,83,-1,1
45516,72,73,-1,1
45517,63,75,-12,12
45518,89,93,-4,4
45519,69,71,-2,2
45520,62,91,-29,29
45521,45,56,-11,11
45522,87,91,-4,4
45523,75,88,-13,13
45524,105,100,5,5
45525,93,94,-1,1
45526,104,106,-2,2
45527,86,87,-1,1
45528,159,147,12,12
45529,93,86,7,7
45530,112,116,-4,4
45531,120,118,2,2
45532,62,58,4,4
45533,108,105,3,3
45534,124,129,-5,5
45535,167,162,5,5
45536,163,152,11,11
45537,113,113,0,0
45538,98,81,17,17
45539,64,74,-10,10
45540,120,119,1,1
45541,52,52,0,0
45542,42,49,-7,7
45543,131,132,-1,1
45544,95,86,9,9
45545,85,85,0,0
45546,71,67,4,4
45547,116,114,2,2
45548,91,77,14,14
45549,94,101,-7,7
45550,52,57,-5,5
45551,84,103,-19,19
45552,61,53,8,8
45553,101,104,-3,3
45554,97,102,-5,5
45555,96,106,-10,10
45556,141,157,-16,16
45557,124,118,6,6
45558,72,73,-1,1
45559,79,140,-61,61
45560,155,154,1,1
45561,112,125,-13,13
45562,63,66,-3,3
45563,73,69,4,4
45564,67,76,-9,9
45565,61,60,1,1
45566,114,108,6,6
45567,33,47,-14,14
45568,64,69,-5,5
45569,79,73,6,6
45570,149,156,-7,7
45571,97,94,3,3
45572,84,81,3,3
45573,134,123,11,11
45574,85,86,-1,1
45575,123,117,6,6
45576,97,88,9,9
45577,69,74,-5,5
45578,116,112,4,4
45579,92,81,11,11
45580,125,133,-8,8
45581,103,91,12,12
45582,99,92,7,7
45583,154,165,-11,11
45584,102,102,0,0
45585,53,61,-8,8
45586,104,110,-6,6
45587,218,190,28,28
45588,57,61,-4,4
45589,154,149,5,5
45590,141,156,-15,15
45591,113,132,-19,19
45592,69,74,-5,5
45593,87,102,-15,15
45594,126,136,-10,10
45595,99,97,2,2
45596,85,94,-9,9
45597,78,88,-10,10
45598,85,77,8,8
45599,77,76,1,1
45600,97,92,5,5
45601,67,72,-5,5
45602,114,112,2,2
45603,130,133,-3,3
45604,127,132,-5,5
45605,66,59,7,7
45606,74,84,-10,10
45607,117,120,-3,3
45608,57,57,0,0
45609,169,163,6,6
45610,79,78,1,1
45611,122,136,-14,14
45612,117,124,-7,7
45613,82,83,-1,1
45614,119,124,-5,5
45615,105,114,-9,9
45616,121,113,8,8
45617,107,104,3,3
45618,63,66,-3,3
45619,76,83,-7,7
45620,141,127,14,14
45621,76,76,0,0
45622,189,164,25,25
45623,78,74,4,4
45624,105,136,-31,31
45625,69,73,-4,4
45626,95,95,0,0
45627,55,62,-7,7
45628,85,83,2,2
45629,62,67,-5,5
45630,72,68,4,4
45631,91,92,-1,1
45632,78,92,-14,14
45633,69,74,-5,5
45634,58,61,-3,3
45635,104,98,6,6
45636,90,99,-9,9
45637,45,55,-10,10
45638,109,97,12,12
45639,174,179,-5,5
45640,102,122,-20,20
45641,72,77,-5,5
45642,93,108,-15,15
45643,88,116,-28,28
45644,147,136,11,11
45645,116,111,5,5
45646,71,97,-26,26
45647,59,61,-2,2
45648,110,112,-2,2
45649,112,117,-5,5
45650,67,45,22,22
45651,63,67,-4,4
45652,99,89,10,10
45653,71,73,-2,2
45654,61,69,-8,8
45655,145,156,-11,11
45656,59,63,-4,4
45657,91,98,-7,7
45658,97,98,-1,1
45659,67,67,0,0
45660,75,69,6,6
45661,107,90,17,17
45662,47,58,-11,11
45663,111,129,-18,18
45664,122,115,7,7
45665,145,151,-6,6
45666,133,109,24,24
45667,90,85,5,5
45668,153,153,0,0
45669,83,76,7,7
45670,44,56,-12,12
45671,64,59,5,5
45672,74,76,-2,2
45673,98,103,-5,5
45674,117,93,24,24
45675,83,90,-7,7
45676,52,55,-3,3
45677,74,71,3,3
45678,128,129,-1,1
45679,75,76,-1,1
45680,71,73,-2,2
45681,72,69,3,3
45682,80,86,-6,6
45683,98,98,0,0
45684,138,140,-2,2
45685,161,137,24,24
45686,152,134,18,18
45687,117,117,0,0
45688,96,103,-7,7
45689,76,73,3,3
45690,150,157,-7,7
45691,71,80,-9,9
45692,127,133,-6,6
45693,93,99,-6,6
45694,116,112,4,4
45695,128,124,4,4
45696,47,56,-9,9
45697,53,59,-6,6
45698,173,162,11,11
45699,84,98,-14,14
45700,74,72,2,2
45701,40,51,-11,11
45702,125,106,19,19
45703,100,114,-14,14
45704,62,64,-2,2
45705,120,112,8,8
45706,163,126,37,37
45707,111,117,-6,6
45708,62,70,-8,8
45709,104,114,-10,10
45710,96,87,9,9
45711,71,70,1,1
45712,94,99,-5,5
45713,109,110,-1,1
45714,46,55,-9,9
45715,94,93,1,1
45716,52,58,-6,6
45717,88,94,-6,6
45718,68,78,-10,10
45719,193,207,-14,14
45720,137,118,19,19
45721,109,109,0,0
45722,97,107,-10,10
45723,114,111,3,3
45724,90,93,-3,3
45725,57,59,-2,2
45726,119,114,5,5
45727,157,142,15,15
45728,86,81,5,5
45729,108,112,-4,4
45730,82,85,-3,3
45731,111,104,7,7
45732,110,114,-4,4
45733,108,121,-13,13
45734,92,92,0,0
45735,38,44,-6,6
45736,92,96,-4,4
45737,92,91,1,1
45738,68,65,3,3
45739,74,86,-12,12
45740,83,86,-3,3
45741,106,92,14,14
45742,86,92,-6,6
45743,78,67,11,11
45744,155,169,-14,14
45745,116,114,2,2
45746,129,102,27,27
45747,99,96,3,3
45748,114,106,8,8
45749,103,93,10,10
45750,82,72,10,10
45751,50,56,-6,6
45752,86,85,1,1
45753,82,79,3,3
45754,82,100,-18,18
45755,50,73,-23,23
45756,88,79,9,9
45757,86,84,2,2
45758,103,103,0,0
45759,60,73,-13,13
45760,68,70,-2,2
45761,86,65,21,21
45762,85,81,4,4
45763,80,73,7,7
45764,58,66,-8,8
45765,63,82,-19,19
45766,117,116,1,1
45767,97,103,-6,6
45768,59,70,-11,11
45769,66,71,-5,5
45770,121,133,-12,12
45771,77,72,5,5
45772,47,53,-6,6
45773,61,67,-6,6
45774,128,127,1,1
45775,225,226,-1,1
45776,145,133,12,12
45777,125,142,-17,17
45778,40,54,-14,14
45779,94,77,17,17
45780,103,99,4,4
45781,137,147,-10,10
45782,151,136,15,15
45783,98,100,-2,2
45784,115,108,7,7
45785,77,75,2,2
45786,75,104,-29,29
45787,75,84,-9,9
45788,117,118,-1,1
45789,133,140,-7,7
45790,89,99,-10,10
45791,92,101,-9,9
45792,66,69,-3,3
45793,26,43,-17,17
45794,135,136,-1,1
45795,82,94,-12,12
45796,44,49,-5,5
45797,79,45,34,34
45798,135,138,-3,3
45799,122,135,-13,13
45800,177,175,2,2
45801,93,88,5,5
45802,54,55,-1,1
45803,104,117,-13,13
45804,69,67,2,2
45805,64,69,-5,5
45806,113,121,-8,8
45807,69,67,2,2
45808,127,143,-16,16
45809,115,118,-3,3
45810,75,73,2,2
45811,81,81,0,0
45812,35,45,-10,10
45813,120,113,7,7
45814,86,89,-3,3
45815,111,114,-3,3
45816,149,122,27,27
45817,86,82,4,4
45818,122,119,3,3
45819,80,87,-7,7
45820,91,85,6,6
45821,106,111,-5,5
45822,30,41,-11,11
45823,84,83,1,1
45824,159,131,28,28
45825,76,83,-7,7
45826,73,74,-1,1
45827,78,80,-2,2
45828,271,273,-2,2
45829,138,132,6,6
45830,72,76,-4,4
45831,77,57,20,20
45832,94,97,-3,3
45833,101,108,-7,7
45834,72,68,4,4
45835,101,109,-8,8
45836,120,128,-8,8
45837,159,161,-2,2
45838,78,88,-10,10
45839,78,83,-5,5
45840,106,99,7,7
45841,87,94,-7,7
45842,62,62,0,0
45843,106,108,-2,2
45844,127,122,5,5
45845,101,84,17,17
45846,56,48,8,8
45847,41,56,-15,15
45848,83,83,0,0
45849,128,143,-15,15
45850,86,84,2,2
45851,82,88,-6,6
45852,104,96,8,8
45853,116,142,-26,26
45854,115,61,54,54
45855,81,68,13,13
45856,82,99,-17,17
45857,88,78,10,10
45858,115,115,0,0
45859,170,176,-6,6
45860,110,110,0,0
45861,228,209,19,19
45862,161,155,6,6
45863,72,80,-8,8
45864,171,166,5,5
45865,117,112,5,5
45866,116,110,6,6
45867,60,58,2,2
45868,113,117,-4,4
45869,121,120,1,1
45870,41,57,-16,16
45871,98,86,12,12
45872,83,82,1,1
45873,56,57,-1,1
45874,107,100,7,7
45875,90,86,4,4
45876,91,97,-6,6
45877,68,77,-9,9
45878,131,127,4,4
45879,95,91,4,4
45880,93,82,11,11
45881,99,86,13,13
45882,195,175,20,20
45883,124,123,1,1
45884,124,124,0,0
45885,44,69,-25,25
45886,63,65,-2,2
45887,175,147,28,28
45888,127,114,13,13
45889,113,115,-2,2
45890,118,97,21,21
45891,99,99,0,0
45892,89,89,0,0
45893,64,70,-6,6
45894,73,76,-3,3
45895,104,105,-1,1
45896,50,61,-11,11
45897,94,83,11,11
45898,115,121,-6,6
45899,91,98,-7,7
45900,80,67,13,13
45901,81,87,-6,6
45902,80,81,-1,1
45903,100,90,10,10
45904,123,116,7,7
45905,89,81,8,8
45906,71,70,1,1
45907,162,158,4,4
45908,152,121,31,31
45909,69,70,-1,1
45910,81,92,-11,11
45911,71,77,-6,6
45912,90,87,3,3
45913,104,105,-1,1
45914,106,96,10,10
45915,66,66,0,0
45916,66,68,-2,2
45917,79,102,-23,23
45918,45,51,-6,6
45919,89,87,2,2
45920,105,108,-3,3
45921,59,58,1,1
45922,103,101,2,2
45923,116,119,-3,3
45924,93,97,-4,4
45925,116,143,-27,27
45926,133,130,3,3
45927,86,86,0,0
45928,86,82,4,4
45929,65,53,12,12
45930,139,121,18,18
45931,117,129,-12,12
45932,67,64,3,3
45933,119,102,17,17
45934,81,95,-14,14
45935,127,127,0,0
45936,142,137,5,5
45937,87,90,-3,3
45938,70,68,2,2
45939,79,82,-3,3
45940,119,113,6,6
45941,73,69,4,4
45942,72,68,4,4
45943,87,93,-6,6
45944,108,105,3,3
45945,120,119,1,1
45946,82,77,5,5
45947,97,96,1,1
45948,73,75,-2,2
45949,69,72,-3,3
45950,96,95,1,1
45951,44,43,1,1
45952,104,103,1,1
45953,68,75,-7,7
45954,108,88,20,20
45955,81,89,-8,8
45956,124,126,-2,2
45957,91,87,4,4
45958,116,134,-18,18
45959,41,54,-13,13
45960,93,94,-1,1
45961,100,105,-5,5
45962,70,88,-18,18
45963,82,83,-1,1
45964,124,123,1,1
45965,168,149,19,19
45966,81,84,-3,3
45967,124,132,-8,8
45968,74,65,9,9
45969,191,178,13,13
45970,99,101,-2,2
45971,72,75,-3,3
45972,92,102,-10,10
45973,122,120,2,2
45974,104,88,16,16
45975,93,88,5,5
45976,50,56,-6,6
45977,79,84,-5,5
45978,86,88,-2,2
45979,147,161,-14,14
45980,129,143,-14,14
45981,135,159,-24,24
45982,124,107,17,17
45983,91,92,-1,1
45984,80,88,-8,8
45985,150,146,4,4
45986,113,109,4,4
45987,74,70,4,4
45988,165,151,14,14
45989,105,91,14,14
45990,49,55,-6,6
45991,96,110,-14,14
45992,115,121,-6,6
45993,132,145,-13,13
45994,111,96,15,15
45995,44,71,-27,27
45996,98,81,17,17
45997,52,52,0,0
45998,78,73,5,5
45999,71,67,4,4
46000,30,38,-8,8
46001,116,116,0,0
46002,128,158,-30,30
46003,75,74,1,1
46004,47,55,-8,8
46005,89,94,-5,5
46006,88,80,8,8
46007,102,104,-2,2
46008,48,53,-5,5
46009,59,59,0,0
46010,131,125,6,6
46011,71,75,-4,4
46012,81,85,-4,4
46013,110,111,-1,1
46014,154,147,7,7
46015,120,128,-8,8
46016,155,130,25,25
46017,109,106,3,3
46018,71,79,-8,8
46019,81,82,-1,1
46020,58,63,-5,5
46021,69,87,-18,18
46022,134,137,-3,3
46023,99,119,-20,20
46024,71,71,0,0
46025,99,102,-3,3
46026,76,78,-2,2
46027,98,82,16,16
46028,68,70,-2,2
46029,105,94,11,11
46030,109,100,9,9
46031,143,112,31,31
46032,112,110,2,2
46033,82,97,-15,15
46034,59,60,-1,1
46035,170,160,10,10
46036,84,89,-5,5
46037,84,88,-4,4
46038,97,104,-7,7
46039,241,214,27,27
46040,216,199,17,17
46041,121,115,6,6
46042,72,67,5,5
46043,61,69,-8,8
46044,76,72,4,4
46045,140,143,-3,3
46046,101,103,-2,2
46047,92,89,3,3
46048,65,62,3,3
46049,62,69,-7,7
46050,62,65,-3,3
46051,172,151,21,21
46052,82,79,3,3
46053,118,117,1,1
46054,99,96,3,3
46055,121,114,7,7
46056,108,101,7,7
46057,96,84,12,12
46058,145,141,4,4
46059,111,142,-31,31
46060,46,49,-3,3
46061,74,73,1,1
46062,96,89,7,7
46063,60,62,-2,2
46064,110,144,-34,34
46065,78,86,-8,8
46066,114,100,14,14
46067,154,160,-6,6
46068,165,156,9,9
46069,42,43,-1,1
46070,91,92,-1,1
46071,100,101,-1,1
46072,110,96,14,14
46073,67,69,-2,2
46074,68,79,-11,11
46075,137,115,22,22
46076,87,92,-5,5
46077,93,86,7,7
46078,86,88,-2,2
46079,200,212,-12,12
46080,119,118,1,1
46081,176,167,9,9
46082,75,71,4,4
46083,125,105,20,20
46084,74,80,-6,6
46085,102,102,0,0
46086,53,57,-4,4
46087,107,100,7,7
46088,95,93,2,2
46089,120,125,-5,5
46090,88,88,0,0
46091,66,69,-3,3
46092,94,89,5,5
46093,137,151,-14,14
46094,67,75,-8,8
46095,83,76,7,7
46096,56,60,-4,4
46097,139,116,23,23
46098,100,93,7,7
46099,78,89,-11,11
46100,103,101,2,2
46101,59,67,-8,8
46102,47,62,-15,15
46103,65,64,1,1
46104,112,111,1,1
46105,132,122,10,10
46106,82,86,-4,4
46107,118,120,-2,2
46108,109,99,10,10
46109,91,89,2,2
46110,67,67,0,0
46111,83,90,-7,7
46112,79,78,1,1
46113,26,37,-11,11
46114,44,60,-16,16
46115,71,81,-10,10
46116,86,80,6,6
46117,77,73,4,4
46118,53,47,6,6
46119,98,94,4,4
46120,144,156,-12,12
46121,89,82,7,7
46122,67,67,0,0
46123,147,140,7,7
46124,127,135,-8,8
46125,85,84,1,1
46126,66,64,2,2
46127,89,82,7,7
46128,89,90,-1,1
46129,75,76,-1,1
46130,72,70,2,2
46131,101,107,-6,6
46132,126,104,22,22
46133,62,68,-6,6
46134,83,82,1,1
46135,151,140,11,11
46136,102,78,24,24
46137,215,203,12,12
46138,149,139,10,10
46139,133,129,4,4
46140,90,86,4,4
46141,100,89,11,11
46142,57,55,2,2
46143,61,47,14,14
46144,41,45,-4,4
46145,137,131,6,6
46146,164,147,17,17
46147,242,229,13,13
46148,99,110,-11,11
46149,51,58,-7,7
46150,68,64,4,4
46151,78,77,1,1
46152,120,127,-7,7
46153,87,78,9,9
46154,105,100,5,5
46155,112,101,11,11
46156,87,94,-7,7
46157,88,94,-6,6
46158,71,66,5,5
46159,125,114,11,11
46160,73,78,-5,5
46161,108,109,-1,1
46162,76,82,-6,6
46163,45,45,0,0
46164,100,88,12,12
46165,76,86,-10,10
46166,158,160,-2,2
46167,92,88,4,4
46168,77,77,0,0
46169,44,53,-9,9
46170,115,132,-17,17
46171,85,88,-3,3
46172,109,100,9,9
46173,89,90,-1,1
46174,39,40,-1,1
46175,66,65,1,1
46176,62,72,-10,10
46177,89,95,-6,6
46178,130,126,4,4
46179,92,93,-1,1
46180,138,131,7,7
46181,118,103,15,15
46182,219,195,24,24
46183,104,105,-1,1
46184,94,97,-3,3
46185,100,91,9,9
46186,54,57,-3,3
46187,153,136,17,17
46188,84,82,2,2
46189,91,94,-3,3
46190,46,51,-5,5
46191,53,63,-10,10
46192,77,76,1,1
46193,80,70,10,10
46194,138,131,7,7
46195,80,71,9,9
46196,138,126,12,12
46197,141,137,4,4
46198,91,93,-2,2
46199,176,153,23,23
46200,117,122,-5,5
46201,69,77,-8,8
46202,108,131,-23,23
46203,101,98,3,3
46204,135,113,22,22
46205,115,120,-5,5
46206,102,96,6,6
46207,56,60,-4,4
46208,96,103,-7,7
46209,69,71,-2,2
46210,106,123,-17,17
46211,151,154,-3,3
46212,110,107,3,3
46213,112,80,32,32
46214,134,122,12,12
46215,65,69,-4,4
46216,66,69,-3,3
46217,97,101,-4,4
46218,109,113,-4,4
46219,141,135,6,6
46220,78,104,-26,26
46221,94,92,2,2
46222,64,74,-10,10
46223,47,68,-21,21
46224,79,79,0,0
46225,104,112,-8,8
46226,39,46,-7,7
46227,62,69,-7,7
46228,123,128,-5,5
46229,144,135,9,9
46230,108,122,-14,14
46231,183,160,23,23
46232,85,84,1,1
46233,49,55,-6,6
46234,40,51,-11,11
46235,27,48,-21,21
46236,107,98,9,9
46237,135,136,-1,1
46238,129,109,20,20
46239,77,76,1,1
46240,61,72,-11,11
46241,58,68,-10,10
46242,144,145,-1,1
46243,53,55,-2,2
46244,95,107,-12,12
46245,82,81,1,1
46246,73,63,10,10
46247,174,190,-16,16
46248,101,104,-3,3
46249,100,138,-38,38
46250,81,79,2,2
46251,94,88,6,6
46252,76,84,-8,8
46253,70,71,-1,1
46254,100,115,-15,15
46255,79,69,10,10
46256,83,85,-2,2
46257,90,95,-5,5
46258,136,120,16,16
46259,61,91,-30,30
46260,106,114,-8,8
46261,90,93,-3,3
46262,32,40,-8,8
46263,100,107,-7,7
46264,74,72,2,2
46265,62,66,-4,4
46266,101,90,11,11
46267,104,98,6,6
46268,94,104,-10,10
46269,95,104,-9,9
46270,134,125,9,9
46271,134,142,-8,8
46272,77,79,-2,2
46273,80,96,-16,16
46274,90,93,-3,3
46275,128,126,2,2
46276,108,130,-22,22
46277,64,69,-5,5
46278,44,57,-13,13
46279,115,114,1,1
46280,49,75,-26,26
46281,64,81,-17,17
46282,64,63,1,1
46283,128,124,4,4
46284,69,79,-10,10
46285,73,70,3,3
46286,38,43,-5,5
46287,71,74,-3,3
46288,94,101,-7,7
46289,89,90,-1,1
46290,63,67,-4,4
46291,116,112,4,4
46292,83,84,-1,1
46293,38,45,-7,7
46294,57,66,-9,9
46295,84,82,2,2
46296,552,437,115,115
46297,75,79,-4,4
46298,70,98,-28,28
46299,90,103,-13,13
46300,181,187,-6,6
46301,109,101,8,8
46302,99,114,-15,15
46303,99,93,6,6
46304,73,82,-9,9
46305,71,70,1,1
46306,125,135,-10,10
46307,142,151,-9,9
46308,125,123,2,2
46309,99,104,-5,5
46310,127,124,3,3
46311,134,124,10,10
46312,87,87,0,0
46313,99,103,-4,4
46314,116,128,-12,12
46315,57,61,-4,4
46316,160,150,10,10
46317,104,97,7,7
46318,106,110,-4,4
46319,82,89,-7,7
46320,149,139,10,10
46321,122,125,-3,3
46322,46,52,-6,6
46323,44,61,-17,17
46324,47,59,-12,12
46325,46,67,-21,21
46326,103,113,-10,10
46327,118,112,6,6
46328,62,70,-8,8
46329,61,75,-14,14
46330,90,95,-5,5
46331,87,78,9,9
46332,163,173,-10,10
46333,108,109,-1,1
46334,68,89,-21,21
46335,128,107,21,21
46336,132,172,-40,40
46337,48,70,-22,22
46338,66,58,8,8
46339,62,66,-4,4
46340,77,83,-6,6
46341,47,62,-15,15
46342,124,110,14,14
46343,95,98,-3,3
46344,65,72,-7,7
46345,70,78,-8,8
46346,133,135,-2,2
46347,98,100,-2,2
46348,138,137,1,1
46349,93,100,-7,7
46350,136,122,14,14
46351,119,131,-12,12
46352,102,100,2,2
46353,106,124,-18,18
46354,75,80,-5,5
46355,58,57,1,1
46356,130,123,7,7
46357,85,87,-2,2
46358,102,114,-12,12
46359,66,68,-2,2
46360,83,95,-12,12
46361,85,77,8,8
46362,122,123,-1,1
46363,107,119,-12,12
46364,68,74,-6,6
46365,58,62,-4,4
46366,87,84,3,3
46367,67,68,-1,1
46368,74,79,-5,5
46369,68,66,2,2
46370,104,97,7,7
46371,158,152,6,6
46372,131,129,2,2
46373,103,101,2,2
46374,109,109,0,0
46375,64,59,5,5
46376,123,113,10,10
46377,111,107,4,4
46378,38,44,-6,6
46379,59,63,-4,4
46380,46,66,-20,20
46381,101,106,-5,5
46382,149,149,0,0
46383,116,118,-2,2
46384,62,79,-17,17
46385,78,81,-3,3
46386,92,83,9,9
46387,109,102,7,7
46388,94,100,-6,6
46389,107,111,-4,4
46390,75,76,-1,1
46391,64,71,-7,7
46392,30,36,-6,6
46393,127,133,-6,6
46394,67,57,10,10
46395,109,110,-1,1
46396,187,174,13,13
46397,90,77,13,13
46398,123,120,3,3
46399,72,65,7,7
46400,124,110,14,14
46401,110,107,3,3
46402,108,111,-3,3
46403,65,69,-4,4
46404,116,117,-1,1
46405,77,90,-13,13
46406,40,51,-11,11
46407,108,108,0,0
46408,159,148,11,11
46409,60,63,-3,3
46410,116,113,3,3
46411,124,152,-28,28
46412,94,103,-9,9
46413,90,82,8,8
46414,30,42,-12,12
46415,89,94,-5,5
46416,89,89,0,0
46417,111,127,-16,16
46418,84,89,-5,5
46419,49,60,-11,11
46420,75,65,10,10
46421,136,127,9,9
46422,41,81,-40,40
46423,72,72,0,0
46424,173,167,6,6
46425,70,75,-5,5
46426,90,92,-2,2
46427,153,156,-3,3
46428,138,138,0,0
46429,147,131,16,16
46430,116,131,-15,15
46431,148,143,5,5
46432,117,117,0,0
46433,103,98,5,5
46434,123,119,4,4
46435,151,136,15,15
46436,126,129,-3,3
46437,105,105,0,0
46438,111,114,-3,3
46439,71,65,6,6
46440,99,115,-16,16
46441,59,64,-5,5
46442,104,97,7,7
46443,60,60,0,0
46444,88,87,1,1
46445,63,64,-1,1
46446,186,192,-6,6
46447,97,94,3,3
46448,128,126,2,2
46449,162,162,0,0
46450,74,74,0,0
46451,92,88,4,4
46452,153,146,7,7
46453,97,102,-5,5
46454,116,118,-2,2
46455,161,137,24,24
46456,73,72,1,1
46457,107,106,1,1
46458,112,126,-14,14
46459,89,90,-1,1
46460,92,98,-6,6
46461,83,82,1,1
46462,108,129,-21,21
46463,108,112,-4,4
46464,49,50,-1,1
46465,64,65,-1,1
46466,109,122,-13,13
46467,52,57,-5,5
46468,139,148,-9,9
46469,90,90,0,0
46470,90,91,-1,1
46471,70,75,-5,5
46472,97,91,6,6
46473,56,64,-8,8
46474,64,72,-8,8
46475,67,64,3,3
46476,48,56,-8,8
46477,69,68,1,1
46478,93,100,-7,7
46479,144,146,-2,2
46480,145,147,-2,2
46481,142,133,9,9
46482,150,149,1,1
46483,58,63,-5,5
46484,120,100,20,20
46485,102,101,1,1
46486,142,155,-13,13
46487,100,104,-4,4
46488,125,119,6,6
46489,84,83,1,1
46490,123,120,3,3
46491,145,147,-2,2
46492,86,91,-5,5
46493,73,70,3,3
46494,97,103,-6,6
46495,57,58,-1,1
46496,122,113,9,9
46497,71,62,9,9
46498,99,100,-1,1
46499,83,75,8,8
46500,165,144,21,21
46501,193,173,20,20
46502,104,90,14,14
46503,110,134,-24,24
46504,65,51,14,14
46505,72,77,-5,5
46506,76,78,-2,2
46507,173,174,-1,1
46508,76,93,-17,17
46509,95,95,0,0
46510,96,97,-1,1
46511,82,81,1,1
46512,91,100,-9,9
46513,88,90,-2,2
46514,104,110,-6,6
46515,114,122,-8,8
46516,109,108,1,1
46517,74,80,-6,6
46518,137,124,13,13
46519,93,90,3,3
46520,88,90,-2,2
46521,55,61,-6,6
46522,72,67,5,5
46523,71,96,-25,25
46524,110,105,5,5
46525,114,106,8,8
46526,128,135,-7,7
46527,65,88,-23,23
46528,114,122,-8,8
46529,97,101,-4,4
46530,117,145,-28,28
46531,72,72,0,0
46532,92,86,6,6
46533,64,59,5,5
46534,125,131,-6,6
46535,99,105,-6,6
46536,56,62,-6,6
46537,54,55,-1,1
46538,122,127,-5,5
46539,178,178,0,0
46540,179,174,5,5
46541,80,83,-3,3
46542,109,104,5,5
46543,83,90,-7,7
46544,103,91,12,12
46545,61,66,-5,5
46546,125,102,23,23
46547,96,94,2,2
46548,96,117,-21,21
46549,97,102,-5,5
46550,108,91,17,17
46551,89,91,-2,2
46552,55,57,-2,2
46553,87,137,-50,50
46554,49,49,0,0
46555,94,97,-3,3
46556,93,114,-21,21
46557,75,78,-3,3
46558,65,64,1,1
46559,52,57,-5,5
46560,83,79,4,4
46561,123,109,14,14
46562,92,93,-1,1
46563,74,82,-8,8
46564,109,92,17,17
46565,52,60,-8,8
46566,76,72,4,4
46567,116,105,11,11
46568,83,69,14,14
46569,82,82,0,0
46570,144,131,13,13
46571,35,53,-18,18
46572,155,148,7,7
46573,136,126,10,10
46574,123,103,20,20
46575,81,81,0,0
46576,66,67,-1,1
46577,131,124,7,7
46578,133,105,28,28
46579,71,65,6,6
46580,82,84,-2,2
46581,82,82,0,0
46582,42,51,-9,9
46583,137,155,-18,18
46584,140,189,-49,49
46585,58,66,-8,8
46586,117,104,13,13
46587,69,86,-17,17
46588,85,84,1,1
46589,52,63,-11,11
46590,87,104,-17,17
46591,135,148,-13,13
46592,64,64,0,0
46593,129,120,9,9
46594,190,180,10,10
46595,68,74,-6,6
46596,82,81,1,1
46597,75,80,-5,5
46598,149,133,16,16
46599,84,81,3,3
46600,54,52,2,2
46601,98,103,-5,5
46602,99,93,6,6
46603,125,127,-2,2
46604,86,84,2,2
46605,95,105,-10,10
46606,75,81,-6,6
46607,80,73,7,7
46608,118,126,-8,8
46609,91,92,-1,1
46610,106,99,7,7
46611,85,92,-7,7
46612,153,142,11,11
46613,103,106,-3,3
46614,159,150,9,9
46615,69,67,2,2
46616,166,149,17,17
46617,109,104,5,5
46618,133,126,7,7
46619,191,167,24,24
46620,113,95,18,18
46621,124,120,4,4
46622,139,134,5,5
46623,88,87,1,1
46624,43,64,-21,21
46625,71,78,-7,7
46626,116,113,3,3
46627,115,102,13,13
46628,118,117,1,1
46629,62,78,-16,16
46630,106,114,-8,8
46631,116,113,3,3
46632,137,131,6,6
46633,201,176,25,25
46634,53,64,-11,11
46635,73,80,-7,7
46636,46,55,-9,9
46637,90,86,4,4
46638,126,129,-3,3
46639,113,117,-4,4
46640,80,79,1,1
46641,102,96,6,6
46642,161,142,19,19
46643,103,104,-1,1
46644,119,134,-15,15
46645,54,67,-13,13
46646,159,142,17,17
46647,87,78,9,9
46648,59,56,3,3
46649,59,64,-5,5
46650,90,89,1,1
46651,59,71,-12,12
46652,104,101,3,3
46653,131,132,-1,1
46654,60,59,1,1
46655,68,70,-2,2
46656,86,80,6,6
46657,88,87,1,1
46658,146,148,-2,2
46659,62,63,-1,1
46660,152,149,3,3
46661,104,106,-2,2
46662,67,66,1,1
46663,102,109,-7,7
46664,96,98,-2,2
46665,99,108,-9,9
46666,99,106,-7,7
46667,76,72,4,4
46668,97,95,2,2
46669,83,88,-5,5
46670,112,118,-6,6
46671,63,63,0,0
46672,136,135,1,1
46673,74,74,0,0
46674,172,144,28,28
46675,136,126,10,10
46676,120,121,-1,1
46677,116,124,-8,8
46678,126,127,-1,1
46679,114,112,2,2
46680,72,73,-1,1
46681,104,103,1,1
46682,147,157,-10,10
46683,103,103,0,0
46684,81,74,7,7
46685,80,87,-7,7
46686,101,107,-6,6
46687,125,104,21,21
46688,92,88,4,4
46689,84,82,2,2
46690,80,111,-31,31
46691,150,150,0,0
46692,61,69,-8,8
46693,112,111,1,1
46694,112,99,13,13
46695,67,63,4,4
46696,137,135,2,2
46697,58,60,-2,2
46698,105,118,-13,13
46699,88,86,2,2
46700,76,75,1,1
46701,88,84,4,4
46702,108,112,-4,4
46703,97,103,-6,6
46704,141,131,10,10
46705,64,79,-15,15
46706,51,62,-11,11
46707,101,95,6,6
46708,158,153,5,5
46709,97,103,-6,6
46710,79,88,-9,9
46711,69,70,-1,1
46712,97,108,-11,11
46713,90,101,-11,11
46714,85,80,5,5
46715,90,81,9,9
46716,120,120,0,0
46717,61,63,-2,2
46718,145,140,5,5
46719,77,81,-4,4
46720,49,64,-15,15
46721,81,93,-12,12
46722,70,78,-8,8
46723,107,100,7,7
46724,87,85,2,2
46725,66,65,1,1
46726,108,107,1,1
46727,86,92,-6,6
46728,68,71,-3,3
46729,84,70,14,14
46730,72,77,-5,5
46731,67,71,-4,4
46732,73,74,-1,1
46733,81,92,-11,11
46734,65,59,6,6
46735,130,118,12,12
46736,47,52,-5,5
46737,117,125,-8,8
46738,141,138,3,3
46739,204,193,11,11
46740,85,85,0,0
46741,116,118,-2,2
46742,118,116,2,2
46743,110,108,2,2
46744,100,104,-4,4
46745,93,94,-1,1
46746,53,77,-24,24
46747,86,77,9,9
46748,70,69,1,1
46749,80,87,-7,7
46750,146,152,-6,6
46751,72,71,1,1
46752,154,155,-1,1
46753,206,206,0,0
46754,72,83,-11,11
46755,141,138,3,3
46756,83,106,-23,23
46757,141,150,-9,9
46758,97,106,-9,9
46759,137,135,2,2
46760,124,131,-7,7
46761,84,79,5,5
46762,102,114,-12,12
46763,22,61,-39,39
46764,97,107,-10,10
46765,59,53,6,6
46766,124,130,-6,6
46767,198,187,11,11
46768,93,80,13,13
46769,96,90,6,6
46770,99,88,11,11
46771,191,154,37,37
46772,88,85,3,3
46773,88,84,4,4
46774,114,119,-5,5
46775,85,86,-1,1
46776,85,71,14,14
46777,63,72,-9,9
46778,129,118,11,11
46779,142,111,31,31
46780,66,71,-5,5
46781,64,59,5,5
46782,72,72,0,0
46783,143,142,1,1
46784,73,69,4,4
46785,92,92,0,0
46786,80,56,24,24
46787,123,117,6,6
46788,67,70,-3,3
46789,87,100,-13,13
46790,81,87,-6,6
46791,77,107,-30,30
46792,70,69,1,1
46793,120,118,2,2
46794,119,112,7,7
46795,116,107,9,9
46796,193,163,30,30
46797,90,71,19,19
46798,113,125,-12,12
46799,109,99,10,10
46800,85,64,21,21
46801,63,64,-1,1
46802,56,63,-7,7
46803,131,136,-5,5
46804,108,108,0,0
46805,58,56,2,2
46806,57,66,-9,9
46807,98,117,-19,19
46808,86,104,-18,18
46809,60,55,5,5
46810,54,64,-10,10
46811,160,160,0,0
46812,91,103,-12,12
46813,179,143,36,36
46814,68,80,-12,12
46815,143,144,-1,1
46816,86,81,5,5
46817,115,120,-5,5
46818,139,131,8,8
46819,95,101,-6,6
46820,66,75,-9,9
46821,66,65,1,1
46822,143,135,8,8
46823,87,91,-4,4
46824,85,94,-9,9
46825,77,82,-5,5
46826,77,73,4,4
46827,91,79,12,12
46828,80,81,-1,1
46829,23,37,-14,14
46830,92,96,-4,4
46831,109,101,8,8
46832,115,106,9,9
46833,93,85,8,8
46834,67,73,-6,6
46835,150,152,-2,2
46836,78,74,4,4
46837,159,160,-1,1
46838,124,112,12,12
46839,93,111,-18,18
46840,133,147,-14,14
46841,79,99,-20,20
46842,62,66,-4,4
46843,73,74,-1,1
46844,66,65,1,1
46845,69,66,3,3
46846,146,161,-15,15
46847,73,69,4,4
46848,91,105,-14,14
46849,67,64,3,3
46850,80,103,-23,23
46851,96,95,1,1
46852,75,94,-19,19
46853,72,91,-19,19
46854,87,86,1,1
46855,93,83,10,10
46856,115,110,5,5
46857,142,140,2,2
46858,168,152,16,16
46859,149,127,22,22
46860,91,94,-3,3
46861,69,76,-7,7
46862,112,119,-7,7
46863,83,85,-2,2
46864,63,69,-6,6
46865,84,87,-3,3
46866,113,113,0,0
46867,98,96,2,2
46868,174,178,-4,4
46869,103,95,8,8
46870,32,77,-45,45
46871,126,123,3,3
46872,132,142,-10,10
46873,49,51,-2,2
46874,107,105,2,2
46875,121,145,-24,24
46876,132,79,53,53
46877,75,78,-3,3
46878,71,70,1,1
46879,69,88,-19,19
46880,158,162,-4,4
46881,73,76,-3,3
46882,146,126,20,20
46883,49,54,-5,5
46884,124,125,-1,1
46885,71,65,6,6
46886,43,52,-9,9
46887,94,98,-4,4
46888,120,127,-7,7
46889,107,104,3,3
46890,83,78,5,5
46891,111,107,4,4
46892,79,80,-1,1
46893,93,89,4,4
46894,130,132,-2,2
46895,119,113,6,6
46896,80,74,6,6
46897,80,73,7,7
46898,76,69,7,7
46899,101,109,-8,8
46900,131,133,-2,2
46901,91,93,-2,2
46902,81,92,-11,11
46903,102,106,-4,4
46904,108,97,11,11
46905,79,76,3,3
46906,121,109,12,12
46907,135,140,-5,5
46908,68,82,-14,14
46909,104,115,-11,11
46910,44,45,-1,1
46911,103,105,-2,2
46912,136,138,-2,2
46913,107,74,33,33
46914,78,93,-15,15
46915,75,71,4,4
46916,37,45,-8,8
46917,24,39,-15,15
46918,166,151,15,15
46919,134,132,2,2
46920,116,98,18,18
46921,85,94,-9,9
46922,130,123,7,7
46923,150,151,-1,1
46924,103,101,2,2
46925,92,95,-3,3
46926,127,145,-18,18
46927,72,79,-7,7
46928,95,107,-12,12
46929,56,62,-6,6
46930,170,146,24,24
46931,106,95,11,11
46932,78,78,0,0
46933,135,149,-14,14
46934,113,113,0,0
46935,191,175,16,16
46936,61,68,-7,7
46937,95,82,13,13
46938,119,129,-10,10
46939,114,106,8,8
46940,88,84,4,4
46941,71,71,0,0
46942,76,84,-8,8
46943,50,63,-13,13
46944,69,78,-9,9
46945,51,77,-26,26
46946,74,89,-15,15
46947,79,80,-1,1
46948,74,71,3,3
46949,113,119,-6,6
46950,99,106,-7,7
46951,86,87,-1,1
46952,91,80,11,11
46953,83,101,-18,18
46954,106,103,3,3
46955,66,67,-1,1
46956,74,74,0,0
46957,78,71,7,7
46958,101,86,15,15
46959,78,77,1,1
46960,91,93,-2,2
46961,94,97,-3,3
46962,86,84,2,2
46963,64,68,-4,4
46964,98,81,17,17
46965,100,111,-11,11
46966,148,140,8,8
46967,96,93,3,3
46968,135,113,22,22
46969,123,132,-9,9
46970,65,65,0,0
46971,86,80,6,6
46972,86,88,-2,2
46973,93,87,6,6
46974,106,100,6,6
46975,122,128,-6,6
46976,75,83,-8,8
46977,86,86,0,0
46978,51,60,-9,9
46979,56,59,-3,3
46980,125,131,-6,6
46981,92,89,3,3
46982,108,102,6,6
46983,151,141,10,10
46984,83,82,1,1
46985,66,77,-11,11
46986,138,126,12,12
46987,120,121,-1,1
46988,79,66,13,13
46989,86,95,-9,9
46990,163,177,-14,14
46991,112,110,2,2
46992,98,87,11,11
46993,40,72,-32,32
46994,85,89,-4,4
46995,73,79,-6,6
46996,84,96,-12,12
46997,127,140,-13,13
46998,113,106,7,7
46999,116,115,1,1
47000,91,89,2,2
47001,91,75,16,16
47002,50,50,0,0
47003,78,92,-14,14
47004,90,86,4,4
47005,125,117,8,8
47006,84,84,0,0
47007,79,75,4,4
47008,69,71,-2,2
47009,115,106,9,9
47010,227,219,8,8
47011,107,110,-3,3
47012,136,159,-23,23
47013,88,86,2,2
47014,117,118,-1,1
47015,81,95,-14,14
47016,150,151,-1,1
47017,101,111,-10,10
47018,169,164,5,5
47019,75,77,-2,2
47020,146,152,-6,6
47021,96,93,3,3
47022,66,67,-1,1
47023,73,73,0,0
47024,85,92,-7,7
47025,104,96,8,8
47026,53,61,-8,8
47027,148,166,-18,18
47028,119,88,31,31
47029,45,46,-1,1
47030,72,63,9,9
47031,126,123,3,3
47032,64,62,2,2
47033,119,131,-12,12
47034,89,95,-6,6
47035,139,133,6,6
47036,111,111,0,0
47037,100,109,-9,9
47038,82,80,2,2
47039,138,140,-2,2
47040,47,51,-4,4
47041,167,160,7,7
47042,63,65,-2,2
47043,118,106,12,12
47044,201,220,-19,19
47045,82,92,-10,10
47046,91,96,-5,5
47047,81,87,-6,6
47048,91,86,5,5
47049,119,109,10,10
47050,88,81,7,7
47051,76,78,-2,2
47052,86,87,-1,1
47053,47,59,-12,12
47054,134,118,16,16
47055,96,104,-8,8
47056,82,85,-3,3
47057,82,76,6,6
47058,89,96,-7,7
47059,99,107,-8,8
47060,93,98,-5,5
47061,87,86,1,1
47062,62,45,17,17
47063,58,61,-3,3
47064,82,84,-2,2
47065,142,140,2,2
47066,101,101,0,0
47067,127,127,0,0
47068,46,57,-11,11
47069,116,112,4,4
47070,54,62,-8,8
47071,71,68,3,3
47072,121,146,-25,25
47073,80,88,-8,8
47074,86,80,6,6
47075,119,109,10,10
47076,71,79,-8,8
47077,171,173,-2,2
47078,126,116,10,10
47079,57,58,-1,1
47080,99,99,0,0
47081,55,68,-13,13
47082,77,86,-9,9
47083,110,117,-7,7
47084,77,106,-29,29
47085,111,113,-2,2
47086,164,167,-3,3
47087,104,93,11,11
47088,85,88,-3,3
47089,75,70,5,5
47090,119,119,0,0
47091,82,84,-2,2
47092,122,117,5,5
47093,111,109,2,2
47094,102,100,2,2
47095,54,59,-5,5
47096,96,103,-7,7
47097,65,69,-4,4
47098,135,137,-2,2
47099,79,74,5,5
47100,92,86,6,6
47101,56,64,-8,8
47102,109,125,-16,16
47103,124,123,1,1
47104,65,71,-6,6
47105,84,87,-3,3
47106,107,104,3,3
47107,114,94,20,20
47108,92,82,10,10
47109,129,134,-5,5
47110,159,150,9,9
47111,80,78,2,2
47112,106,105,1,1
47113,76,79,-3,3
47114,81,88,-7,7
47115,115,98,17,17
47116,89,95,-6,6
47117,66,71,-5,5
47118,49,59,-10,10
47119,74,70,4,4
47120,77,67,10,10
47121,98,96,2,2
47122,181,162,19,19
47123,65,85,-20,20
47124,125,125,0,0
47125,120,134,-14,14
47126,92,85,7,7
47127,125,128,-3,3
47128,97,105,-8,8
47129,113,98,15,15
47130,69,74,-5,5
47131,41,44,-3,3
47132,112,105,7,7
47133,93,92,1,1
47134,77,64,13,13
47135,114,128,-14,14
47136,90,93,-3,3
47137,119,129,-10,10
47138,85,95,-10,10
47139,99,110,-11,11
47140,113,96,17,17
47141,112,115,-3,3
47142,43,53,-10,10
47143,73,74,-1,1
47144,149,136,13,13
47145,72,71,1,1
47146,62,70,-8,8
47147,74,74,0,0
47148,197,173,24,24
47149,93,102,-9,9
47150,103,73,30,30
47151,96,79,17,17
47152,191,177,14,14
47153,116,115,1,1
47154,75,73,2,2
47155,99,113,-14,14
47156,94,85,9,9
47157,124,133,-9,9
47158,83,100,-17,17
47159,131,132,-1,1
47160,108,90,18,18
47161,108,128,-20,20
47162,77,81,-4,4
47163,77,72,5,5
47164,126,125,1,1
47165,59,79,-20,20
47166,101,112,-11,11
47167,121,108,13,13
47168,116,125,-9,9
47169,124,114,10,10
47170,69,64,5,5
47171,160,147,13,13
47172,67,66,1,1
47173,111,115,-4,4
47174,80,109,-29,29
47175,44,50,-6,6
47176,89,89,0,0
47177,92,92,0,0
47178,105,115,-10,10
47179,113,123,-10,10
47180,83,86,-3,3
47181,54,61,-7,7
47182,47,58,-11,11
47183,105,95,10,10
47184,65,61,4,4
47185,118,117,1,1
47186,115,112,3,3
47187,92,103,-11,11
47188,69,66,3,3
47189,42,51,-9,9
47190,64,63,1,1
47191,119,135,-16,16
47192,142,137,5,5
47193,117,110,7,7
47194,67,73,-6,6
47195,157,150,7,7
47196,57,63,-6,6
47197,122,102,20,20
47198,84,82,2,2
47199,112,111,1,1
47200,96,100,-4,4
47201,75,66,9,9
47202,86,87,-1,1
47203,168,147,21,21
47204,128,121,7,7
47205,111,95,16,16
47206,95,101,-6,6
47207,74,94,-20,20
47208,101,90,11,11
47209,69,65,4,4
47210,160,163,-3,3
47211,139,127,12,12
47212,24,61,-37,37
47213,89,77,12,12
47214,102,116,-14,14
47215,49,53,-4,4
47216,94,115,-21,21
47217,76,87,-11,11
47218,170,144,26,26
47219,158,153,5,5
47220,31,94,-63,63
47221,66,66,0,0
47222,106,95,11,11
47223,60,69,-9,9
47224,77,82,-5,5
47225,68,64,4,4
47226,129,139,-10,10
47227,60,64,-4,4
47228,106,107,-1,1
47229,64,63,1,1
47230,67,69,-2,2
47231,85,92,-7,7
47232,79,60,19,19
47233,175,167,8,8
47234,20,53,-33,33
47235,169,143,26,26
47236,90,91,-1,1
47237,74,77,-3,3
47238,68,81,-13,13
47239,52,60,-8,8
47240,81,88,-7,7
47241,106,112,-6,6
47242,113,123,-10,10
47243,64,69,-5,5
47244,98,109,-11,11
47245,120,111,9,9
47246,85,84,1,1
47247,70,66,4,4
47248,121,128,-7,7
47249,132,126,6,6
47250,50,52,-2,2
47251,68,76,-8,8
47252,55,60,-5,5
47253,122,116,6,6
47254,107,103,4,4
47255,69,72,-3,3
47256,115,105,10,10
47257,118,117,1,1
47258,184,186,-2,2
47259,78,84,-6,6
47260,47,52,-5,5
47261,65,61,4,4
47262,109,98,11,11
47263,89,83,6,6
47264,141,136,5,5
47265,68,91,-23,23
47266,167,151,16,16
47267,68,78,-10,10
47268,86,65,21,21
47269,93,93,0,0
47270,91,94,-3,3
47271,65,73,-8,8
47272,132,130,2,2
47273,91,98,-7,7
47274,71,66,5,5
47275,71,70,1,1
47276,120,124,-4,4
47277,118,111,7,7
47278,117,122,-5,5
47279,157,146,11,11
47280,73,77,-4,4
47281,108,108,0,0
47282,82,80,2,2
47283,122,122,0,0
47284,143,144,-1,1
47285,172,157,15,15
47286,76,62,14,14
47287,130,144,-14,14
47288,61,71,-10,10
47289,65,69,-4,4
47290,128,123,5,5
47291,98,95,3,3
47292,161,183,-22,22
47293,56,61,-5,5
47294,97,134,-37,37
47295,176,200,-24,24
47296,125,133,-8,8
47297,115,114,1,1
47298,81,89,-8,8
47299,103,100,3,3
47300,53,59,-6,6
47301,173,178,-5,5
47302,132,124,8,8
47303,129,122,7,7
47304,120,122,-2,2
47305,123,115,8,8
47306,203,190,13,13
47307,59,57,2,2
47308,67,75,-8,8
47309,132,119,13,13
47310,182,170,12,12
47311,143,144,-1,1
47312,97,88,9,9
47313,91,92,-1,1
47314,96,105,-9,9
47315,91,90,1,1
47316,87,84,3,3
47317,143,140,3,3
47318,65,42,23,23
47319,78,74,4,4
47320,78,78,0,0
47321,140,138,2,2
47322,93,100,-7,7
47323,52,55,-3,3
47324,95,104,-9,9
47325,96,92,4,4
47326,72,76,-4,4
47327,113,108,5,5
47328,97,98,-1,1
47329,77,84,-7,7
47330,71,73,-2,2
47331,58,54,4,4
47332,72,78,-6,6
47333,210,171,39,39
47334,97,93,4,4
47335,141,141,0,0
47336,130,129,1,1
47337,105,106,-1,1
47338,66,77,-11,11
47339,78,89,-11,11
47340,96,92,4,4
47341,120,117,3,3
47342,57,65,-8,8
47343,162,151,11,11
47344,134,143,-9,9
47345,161,157,4,4
47346,171,167,4,4
47347,91,99,-8,8
47348,46,48,-2,2
47349,128,128,0,0
47350,113,108,5,5
47351,96,96,0,0
47352,55,58,-3,3
47353,101,114,-13,13
47354,146,134,12,12
47355,83,120,-37,37
47356,41,51,-10,10
47357,117,118,-1,1
47358,118,101,17,17
47359,89,85,4,4
47360,88,89,-1,1
47361,37,40,-3,3
47362,68,75,-7,7
47363,53,54,-1,1
47364,106,105,1,1
47365,125,117,8,8
47366,79,80,-1,1
47367,100,95,5,5
47368,99,100,-1,1
47369,99,105,-6,6
47370,130,122,8,8
47371,75,94,-19,19
47372,101,92,9,9
47373,90,93,-3,3
47374,154,132,22,22
47375,116,112,4,4
47376,60,64,-4,4
47377,144,146,-2,2
47378,75,72,3,3
47379,110,107,3,3
47380,124,129,-5,5
47381,79,89,-10,10
47382,38,41,-3,3
47383,90,72,18,18
47384,84,78,6,6
47385,76,87,-11,11
47386,88,93,-5,5
47387,124,136,-12,12
47388,76,81,-5,5
47389,84,72,12,12
47390,75,78,-3,3
47391,78,78,0,0
47392,48,59,-11,11
47393,70,80,-10,10
47394,125,122,3,3
47395,129,131,-2,2
47396,75,68,7,7
47397,91,107,-16,16
47398,108,103,5,5
47399,100,92,8,8
47400,56,68,-12,12
47401,140,125,15,15
47402,62,66,-4,4
47403,224,174,50,50
47404,109,120,-11,11
47405,159,150,9,9
47406,90,94,-4,4
47407,125,130,-5,5
47408,96,99,-3,3
47409,74,85,-11,11
47410,109,110,-1,1
47411,84,84,0,0
47412,50,42,8,8
47413,146,149,-3,3
47414,116,115,1,1
47415,93,87,6,6
47416,92,92,0,0
47417,72,64,8,8
47418,159,146,13,13
47419,79,72,7,7
47420,117,106,11,11
47421,92,89,3,3
47422,102,101,1,1
47423,61,68,-7,7
47424,55,55,0,0
47425,91,83,8,8
47426,94,88,6,6
47427,64,65,-1,1
47428,121,125,-4,4
47429,50,56,-6,6
47430,91,89,2,2
47431,87,91,-4,4
47432,100,101,-1,1
47433,60,71,-11,11
47434,139,148,-9,9
47435,77,71,6,6
47436,54,52,2,2
47437,117,103,14,14
47438,105,125,-20,20
47439,105,100,5,5
47440,78,81,-3,3
47441,108,105,3,3
47442,111,124,-13,13
47443,112,120,-8,8
47444,69,69,0,0
47445,100,97,3,3
47446,96,92,4,4
47447,31,43,-12,12
47448,75,70,5,5
47449,68,71,-3,3
47450,53,61,-8,8
47451,63,66,-3,3
47452,85,82,3,3
47453,126,127,-1,1
47454,107,109,-2,2
47455,130,124,6,6
47456,65,64,1,1
47457,73,75,-2,2
47458,107,113,-6,6
47459,121,115,6,6
47460,99,101,-2,2
47461,92,93,-1,1
47462,170,177,-7,7
47463,85,66,19,19
47464,142,122,20,20
47465,86,91,-5,5
47466,63,67,-4,4
47467,121,113,8,8
47468,84,90,-6,6
47469,66,65,1,1
47470,60,62,-2,2
47471,68,58,10,10
47472,113,108,5,5
47473,101,100,1,1
47474,48,58,-10,10
47475,154,158,-4,4
47476,160,161,-1,1
47477,102,90,12,12
47478,94,89,5,5
47479,84,84,0,0
47480,107,112,-5,5
47481,66,74,-8,8
47482,87,99,-12,12
47483,84,77,7,7
47484,86,90,-4,4
47485,101,52,49,49
47486,83,74,9,9
47487,70,65,5,5
47488,104,95,9,9
47489,78,74,4,4
47490,69,64,5,5
47491,172,162,10,10
47492,66,81,-15,15
47493,96,89,7,7
47494,73,76,-3,3
47495,122,121,1,1
47496,66,75,-9,9
47497,78,85,-7,7
47498,70,137,-67,67
47499,62,71,-9,9
47500,64,63,1,1
47501,189,183,6,6
47502,101,107,-6,6
47503,83,81,2,2
47504,88,75,13,13
47505,108,116,-8,8
47506,109,104,5,5
47507,50,52,-2,2
47508,100,90,10,10
47509,98,90,8,8
47510,74,75,-1,1
47511,151,132,19,19
47512,67,73,-6,6
47513,145,141,4,4
47514,99,82,17,17
47515,79,81,-2,2
47516,66,76,-10,10
47517,87,83,4,4
47518,104,95,9,9
47519,75,77,-2,2
47520,81,70,11,11
47521,79,90,-11,11
47522,82,82,0,0
47523,202,161,41,41
47524,64,64,0,0
47525,142,142,0,0
47526,77,126,-49,49
47527,95,101,-6,6
47528,127,136,-9,9
47529,89,97,-8,8
47530,136,154,-18,18
47531,63,71,-8,8
47532,123,118,5,5
47533,113,115,-2,2
47534,98,86,12,12
47535,136,130,6,6
47536,124,117,7,7
47537,124,105,19,19
47538,162,158,4,4
47539,81,89,-8,8
47540,93,95,-2,2
47541,83,92,-9,9
47542,127,112,15,15
47543,60,69,-9,9
47544,83,82,1,1
47545,60,60,0,0
47546,103,116,-13,13
47547,93,88,5,5
47548,78,79,-1,1
47549,97,94,3,3
47550,73,70,3,3
47551,128,124,4,4
47552,92,95,-3,3
47553,37,39,-2,2
47554,154,142,12,12
47555,60,67,-7,7
47556,94,92,2,2
47557,103,102,1,1
47558,72,72,0,0
47559,65,82,-17,17
47560,85,88,-3,3
47561,111,113,-2,2
47562,88,97,-9,9
47563,110,107,3,3
47564,102,96,6,6
47565,59,62,-3,3
47566,89,83,6,6
47567,113,103,10,10
47568,65,78,-13,13
47569,148,153,-5,5
47570,83,88,-5,5
47571,81,77,4,4
47572,88,87,1,1
47573,67,71,-4,4
47574,44,51,-7,7
47575,98,102,-4,4
47576,89,91,-2,2
47577,85,85,0,0
47578,165,159,6,6
47579,58,63,-5,5
47580,118,114,4,4
47581,138,121,17,17
47582,85,85,0,0
47583,77,73,4,4
47584,58,75,-17,17
47585,78,71,7,7
47586,94,109,-15,15
47587,51,62,-11,11
47588,109,119,-10,10
47589,72,77,-5,5
47590,71,64,7,7
47591,83,84,-1,1
47592,97,93,4,4
47593,81,89,-8,8
47594,192,206,-14,14
47595,152,153,-1,1
47596,101,100,1,1
47597,65,62,3,3
47598,77,84,-7,7
47599,130,113,17,17
47600,124,106,18,18
47601,89,101,-12,12
47602,105,117,-12,12
47603,85,87,-2,2
47604,147,148,-1,1
47605,108,119,-11,11
47606,86,88,-2,2
47607,66,70,-4,4
47608,62,59,3,3
47609,74,75,-1,1
47610,144,128,16,16
47611,77,77,0,0
47612,53,40,13,13
47613,81,70,11,11
47614,121,111,10,10
47615,71,68,3,3
47616,75,63,12,12
47617,105,100,5,5
47618,98,96,2,2
47619,133,145,-12,12
47620,115,124,-9,9
47621,56,64,-8,8
47622,139,131,8,8
47623,108,107,1,1
47624,207,175,32,32
47625,43,55,-12,12
47626,135,137,-2,2
47627,122,129,-7,7
47628,61,66,-5,5
47629,97,93,4,4
47630,77,71,6,6
47631,123,110,13,13
47632,59,60,-1,1
47633,113,122,-9,9
47634,125,130,-5,5
47635,88,92,-4,4
47636,72,69,3,3
47637,137,128,9,9
47638,113,111,2,2
47639,112,103,9,9
47640,60,59,1,1
47641,106,107,-1,1
47642,143,138,5,5
47643,91,85,6,6
47644,95,89,6,6
47645,155,137,18,18
47646,106,114,-8,8
47647,103,121,-18,18
47648,142,122,20,20
47649,76,83,-7,7
47650,115,123,-8,8
47651,96,124,-28,28
47652,103,94,9,9
47653,106,115,-9,9
47654,67,67,0,0
47655,100,105,-5,5
47656,103,102,1,1
47657,72,77,-5,5
47658,142,140,2,2
47659,32,44,-12,12
47660,137,127,10,10
47661,57,68,-11,11
47662,69,64,5,5
47663,47,57,-10,10
47664,82,68,14,14
47665,113,110,3,3
47666,81,82,-1,1
47667,96,98,-2,2
47668,67,63,4,4
47669,138,128,10,10
47670,73,70,3,3
47671,62,79,-17,17
47672,45,52,-7,7
47673,106,100,6,6
47674,65,62,3,3
47675,79,73,6,6
47676,109,96,13,13
47677,147,139,8,8
47678,67,72,-5,5
47679,94,90,4,4
47680,73,74,-1,1
47681,57,68,-11,11
47682,124,118,6,6
47683,68,60,8,8
47684,89,91,-2,2
47685,105,99,6,6
47686,64,92,-28,28
47687,78,84,-6,6
47688,108,105,3,3
47689,171,169,2,2
47690,92,84,8,8
47691,63,69,-6,6
47692,66,72,-6,6
47693,85,86,-1,1
47694,134,130,4,4
47695,73,70,3,3
47696,85,81,4,4
47697,81,76,5,5
47698,119,113,6,6
47699,64,63,1,1
47700,73,73,0,0
47701,120,108,12,12
47702,122,127,-5,5
47703,97,105,-8,8
47704,69,73,-4,4
47705,88,84,4,4
47706,86,91,-5,5
47707,87,93,-6,6
47708,152,142,10,10
47709,65,67,-2,2
47710,37,57,-20,20
47711,125,118,7,7
47712,117,129,-12,12
47713,72,71,1,1
47714,120,145,-25,25
47715,67,70,-3,3
47716,147,140,7,7
47717,142,133,9,9
47718,111,85,26,26
47719,104,108,-4,4
47720,90,86,4,4
47721,76,76,0,0
47722,82,59,23,23
47723,122,106,16,16
47724,176,178,-2,2
47725,97,84,13,13
47726,84,87,-3,3
47727,94,75,19,19
47728,175,193,-18,18
47729,90,90,0,0
47730,62,59,3,3
47731,116,108,8,8
47732,137,138,-1,1
47733,141,127,14,14
47734,96,94,2,2
47735,99,102,-3,3
47736,66,67,-1,1
47737,183,186,-3,3
47738,64,67,-3,3
47739,137,146,-9,9
47740,51,50,1,1
47741,35,35,0,0
47742,137,123,14,14
47743,151,167,-16,16
47744,115,114,1,1
47745,94,91,3,3
47746,42,42,0,0
47747,57,67,-10,10
47748,102,114,-12,12
47749,59,62,-3,3
47750,73,85,-12,12
47751,80,76,4,4
47752,102,114,-12,12
47753,111,105,6,6
47754,150,136,14,14
47755,149,141,8,8
47756,129,119,10,10
47757,35,51,-16,16
47758,50,55,-5,5
47759,85,86,-1,1
47760,90,79,11,11
47761,129,110,19,19
47762,111,119,-8,8
47763,80,91,-11,11
47764,165,156,9,9
47765,69,66,3,3
47766,132,129,3,3
47767,145,146,-1,1
47768,51,57,-6,6
47769,152,139,13,13
47770,64,65,-1,1
47771,168,168,0,0
47772,100,109,-9,9
47773,72,69,3,3
47774,86,94,-8,8
47775,67,74,-7,7
47776,71,72,-1,1
47777,156,150,6,6
47778,92,88,4,4
47779,93,93,0,0
47780,95,101,-6,6
47781,113,111,2,2
47782,105,106,-1,1
47783,77,88,-11,11
47784,96,109,-13,13
47785,103,102,1,1
47786,76,92,-16,16
47787,77,75,2,2
47788,103,90,13,13
47789,80,77,3,3
47790,72,81,-9,9
47791,98,104,-6,6
47792,94,83,11,11
47793,145,132,13,13
47794,57,55,2,2
47795,95,90,5,5
47796,97,80,17,17
47797,160,152,8,8
47798,161,158,3,3
47799,71,72,-1,1
47800,95,92,3,3
47801,100,95,5,5
47802,57,51,6,6
47803,96,101,-5,5
47804,70,68,2,2
47805,51,81,-30,30
47806,70,65,5,5
47807,27,46,-19,19
47808,93,95,-2,2
47809,110,111,-1,1
47810,128,118,10,10
47811,146,165,-19,19
47812,81,73,8,8
47813,100,94,6,6
47814,77,73,4,4
47815,57,65,-8,8
47816,110,111,-1,1
47817,90,95,-5,5
47818,105,122,-17,17
47819,91,88,3,3
47820,158,169,-11,11
47821,79,78,1,1
47822,52,56,-4,4
47823,86,80,6,6
47824,100,91,9,9
47825,65,67,-2,2
47826,116,108,8,8
47827,75,75,0,0
47828,95,97,-2,2
47829,71,80,-9,9
47830,87,87,0,0
47831,79,71,8,8
47832,77,75,2,2
47833,55,61,-6,6
47834,94,79,15,15
47835,99,92,7,7
47836,98,98,0,0
47837,95,108,-13,13
47838,123,124,-1,1
47839,76,87,-11,11
47840,157,164,-7,7
47841,75,78,-3,3
47842,114,119,-5,5
47843,47,44,3,3
47844,110,105,5,5
47845,122,123,-1,1
47846,89,92,-3,3
47847,65,69,-4,4
47848,63,68,-5,5
47849,140,134,6,6
47850,101,112,-11,11
47851,132,122,10,10
47852,175,183,-8,8
47853,79,78,1,1
47854,97,98,-1,1
47855,108,94,14,14
47856,76,74,2,2
47857,80,77,3,3
47858,114,110,4,4
47859,160,161,-1,1
47860,101,102,-1,1
47861,143,133,10,10
47862,40,45,-5,5
47863,151,140,11,11
47864,111,135,-24,24
47865,105,123,-18,18
47866,93,92,1,1
47867,121,122,-1,1
47868,162,162,0,0
47869,91,110,-19,19
47870,86,95,-9,9
47871,133,147,-14,14
47872,69,72,-3,3
47873,110,70,40,40
47874,76,75,1,1
47875,70,73,-3,3
47876,129,119,10,10
47877,105,98,7,7
47878,118,117,1,1
47879,51,59,-8,8
47880,155,146,9,9
47881,80,82,-2,2
47882,91,103,-12,12
47883,87,80,7,7
47884,61,68,-7,7
47885,65,65,0,0
47886,85,94,-9,9
47887,89,89,0,0
47888,62,67,-5,5
47889,85,85,0,0
47890,65,75,-10,10
47891,127,120,7,7
47892,94,99,-5,5
47893,106,106,0,0
47894,72,69,3,3
47895,115,107,8,8
47896,100,90,10,10
47897,56,59,-3,3
47898,78,94,-16,16
47899,100,102,-2,2
47900,94,100,-6,6
47901,104,99,5,5
47902,76,72,4,4
47903,100,100,0,0
47904,114,109,5,5
47905,94,92,2,2
47906,92,71,21,21
47907,51,51,0,0
47908,129,124,5,5
47909,30,32,-2,2
47910,91,102,-11,11
47911,72,78,-6,6
47912,99,94,5,5
47913,59,63,-4,4
47914,103,109,-6,6
47915,140,112,28,28
47916,71,75,-4,4
47917,77,76,1,1
47918,108,113,-5,5
47919,87,84,3,3
47920,150,139,11,11
47921,108,114,-6,6
47922,78,77,1,1
47923,143,152,-9,9
47924,109,122,-13,13
47925,81,83,-2,2
47926,82,89,-7,7
47927,46,54,-8,8
47928,142,133,9,9
47929,54,63,-9,9
47930,89,101,-12,12
47931,53,52,1,1
47932,73,75,-2,2
47933,74,79,-5,5
47934,43,46,-3,3
47935,89,91,-2,2
47936,71,75,-4,4
47937,62,75,-13,13
47938,59,61,-2,2
47939,114,108,6,6
47940,56,58,-2,2
47941,94,97,-3,3
47942,102,111,-9,9
47943,112,105,7,7
47944,75,78,-3,3
47945,77,90,-13,13
47946,124,132,-8,8
47947,128,116,12,12
47948,70,82,-12,12
47949,84,152,-68,68
47950,151,154,-3,3
47951,113,117,-4,4
47952,85,79,6,6
47953,82,126,-44,44
47954,163,159,4,4
47955,124,137,-13,13
47956,80,76,4,4
47957,122,150,-28,28
47958,88,81,7,7
47959,66,65,1,1
47960,83,89,-6,6
47961,118,117,1,1
47962,57,59,-2,2
47963,66,77,-11,11
47964,108,110,-2,2
47965,93,104,-11,11
47966,51,53,-2,2
47967,171,165,6,6
47968,114,108,6,6
47969,45,56,-11,11
47970,86,79,7,7
47971,62,71,-9,9
47972,67,71,-4,4
47973,76,84,-8,8
47974,108,111,-3,3
47975,100,116,-16,16
47976,139,128,11,11
47977,115,119,-4,4
47978,144,124,20,20
47979,90,79,11,11
47980,91,84,7,7
47981,75,85,-10,10
47982,135,125,10,10
47983,67,75,-8,8
47984,117,106,11,11
47985,127,113,14,14
47986,59,57,2,2
47987,48,59,-11,11
47988,69,75,-6,6
47989,93,89,4,4
47990,123,114,9,9
47991,131,140,-9,9
47992,105,106,-1,1
47993,121,129,-8,8
47994,111,116,-5,5
47995,43,50,-7,7
47996,131,120,11,11
47997,133,137,-4,4
47998,74,80,-6,6
47999,154,131,23,23
48000,36,47,-11,11
48001,83,94,-11,11
48002,114,123,-9,9
48003,115,113,2,2
48004,117,114,3,3
48005,129,130,-1,1
48006,119,119,0,0
48007,65,62,3,3
48008,88,90,-2,2
48009,80,73,7,7
48010,43,47,-4,4
48011,68,71,-3,3
48012,157,143,14,14
48013,104,103,1,1
48014,56,53,3,3
48015,52,58,-6,6
48016,115,112,3,3
48017,64,60,4,4
48018,139,143,-4,4
48019,58,60,-2,2
48020,105,105,0,0
48021,196,194,2,2
48022,117,111,6,6
48023,108,98,10,10
48024,109,138,-29,29
48025,53,58,-5,5
48026,97,94,3,3
48027,89,95,-6,6
48028,136,133,3,3
48029,156,166,-10,10
48030,107,96,11,11
48031,48,47,1,1
48032,108,120,-12,12
48033,151,139,12,12
48034,71,84,-13,13
48035,99,86,13,13
48036,119,100,19,19
48037,131,136,-5,5
48038,72,78,-6,6
48039,112,114,-2,2
48040,142,151,-9,9
48041,130,131,-1,1
48042,103,104,-1,1
48043,136,144,-8,8
48044,61,61,0,0
48045,93,94,-1,1
48046,124,125,-1,1
48047,44,53,-9,9
48048,166,176,-10,10
48049,134,137,-3,3
48050,85,84,1,1
48051,56,66,-10,10
48052,58,66,-8,8
48053,95,86,9,9
48054,113,104,9,9
48055,80,81,-1,1
48056,105,100,5,5
48057,56,55,1,1
48058,79,74,5,5
48059,77,81,-4,4
48060,90,91,-1,1
48061,68,58,10,10
48062,65,78,-13,13
48063,95,83,12,12
48064,51,54,-3,3
48065,99,92,7,7
48066,81,73,8,8
48067,116,107,9,9
48068,72,79,-7,7
48069,55,61,-6,6
48070,144,139,5,5
48071,74,81,-7,7
48072,135,144,-9,9
48073,60,67,-7,7
48074,76,87,-11,11
48075,144,127,17,17
48076,141,123,18,18
48077,80,68,12,12
48078,74,77,-3,3
48079,83,80,3,3
48080,76,71,5,5
48081,100,99,1,1
48082,97,82,15,15
48083,141,125,16,16
48084,109,130,-21,21
48085,87,117,-30,30
48086,104,107,-3,3
48087,69,69,0,0
48088,60,79,-19,19
48089,71,78,-7,7
48090,64,65,-1,1
48091,69,78,-9,9
48092,92,93,-1,1
48093,93,91,2,2
48094,88,81,7,7
48095,11,59,-48,48
48096,132,117,15,15
48097,62,71,-9,9
48098,73,90,-17,17
48099,110,105,5,5
48100,84,87,-3,3
48101,63,65,-2,2
48102,110,124,-14,14
48103,61,49,12,12
48104,81,95,-14,14
48105,107,110,-3,3
48106,161,159,2,2
48107,66,60,6,6
48108,59,69,-10,10
48109,115,112,3,3
48110,113,121,-8,8
48111,125,117,8,8
48112,104,109,-5,5
48113,90,93,-3,3
48114,84,86,-2,2
48115,101,104,-3,3
48116,151,136,15,15
48117,127,121,6,6
48118,102,105,-3,3
48119,85,93,-8,8
48120,64,74,-10,10
48121,114,116,-2,2
48122,104,94,10,10
48123,99,91,8,8
48124,60,62,-2,2
48125,102,119,-17,17
48126,125,133,-8,8
48127,109,124,-15,15
48128,106,109,-3,3
48129,91,98,-7,7
48130,54,73,-19,19
48131,86,102,-16,16
48132,108,120,-12,12
48133,61,58,3,3
48134,63,80,-17,17
48135,112,113,-1,1
48136,35,46,-11,11
48137,86,83,3,3
48138,79,94,-15,15
48139,112,112,0,0
48140,180,184,-4,4
48141,94,84,10,10
48142,125,118,7,7
48143,82,77,5,5
48144,94,105,-11,11
48145,83,73,10,10
48146,93,100,-7,7
48147,89,92,-3,3
48148,63,67,-4,4
48149,120,122,-2,2
48150,91,81,10,10
48151,102,115,-13,13
48152,70,77,-7,7
48153,66,63,3,3
48154,73,76,-3,3
48155,122,115,7,7
48156,50,53,-3,3
48157,65,61,4,4
48158,146,146,0,0
48159,72,76,-4,4
48160,109,100,9,9
48161,67,68,-1,1
48162,138,138,0,0
48163,78,78,0,0
48164,143,127,16,16
48165,82,80,2,2
48166,147,154,-7,7
48167,115,118,-3,3
48168,107,123,-16,16
48169,60,61,-1,1
48170,95,96,-1,1
48171,95,88,7,7
48172,39,44,-5,5
48173,75,84,-9,9
48174,61,60,1,1
48175,194,162,32,32
48176,67,77,-10,10
48177,104,96,8,8
48178,79,83,-4,4
48179,57,61,-4,4
48180,45,51,-6,6
48181,66,72,-6,6
48182,70,72,-2,2
48183,61,76,-15,15
48184,93,84,9,9
48185,104,101,3,3
48186,122,136,-14,14
48187,64,61,3,3
48188,68,78,-10,10
48189,132,137,-5,5
48190,55,57,-2,2
48191,117,120,-3,3
48192,89,83,6,6
48193,83,82,1,1
48194,94,71,23,23
48195,59,59,0,0
48196,149,143,6,6
48197,77,87,-10,10
48198,92,97,-5,5
48199,84,80,4,4
48200,71,71,0,0
48201,75,74,1,1
48202,123,111,12,12
48203,108,132,-24,24
48204,90,88,2,2
48205,99,71,28,28
48206,38,51,-13,13
48207,59,63,-4,4
48208,104,105,-1,1
48209,114,126,-12,12
48210,83,87,-4,4
48211,182,157,25,25
48212,89,96,-7,7
48213,77,65,12,12
48214,146,126,20,20
48215,74,73,1,1
48216,73,68,5,5
48217,71,70,1,1
48218,70,72,-2,2
48219,139,156,-17,17
48220,75,48,27,27
48221,110,129,-19,19
48222,106,117,-11,11
48223,150,147,3,3
48224,132,124,8,8
48225,108,97,11,11
48226,56,61,-5,5
48227,133,130,3,3
48228,123,113,10,10
48229,58,54,4,4
48230,73,80,-7,7
48231,118,108,10,10
48232,83,85,-2,2
48233,66,61,5,5
48234,83,83,0,0
48235,89,84,5,5
48236,87,96,-9,9
48237,95,102,-7,7
48238,57,62,-5,5
48239,124,124,0,0
48240,136,129,7,7
48241,102,106,-4,4
48242,123,124,-1,1
48243,53,55,-2,2
48244,59,66,-7,7
48245,150,130,20,20
48246,140,143,-3,3
48247,88,94,-6,6
48248,140,137,3,3
48249,86,87,-1,1
48250,106,115,-9,9
48251,127,142,-15,15
48252,88,80,8,8
48253,99,109,-10,10
48254,83,81,2,2
48255,81,81,0,0
48256,151,134,17,17
48257,144,148,-4,4
48258,55,57,-2,2
48259,66,68,-2,2
48260,103,108,-5,5
48261,100,103,-3,3
48262,76,59,17,17
48263,115,106,9,9
48264,135,120,15,15
48265,128,124,4,4
48266,163,147,16,16
48267,81,83,-2,2
48268,88,90,-2,2
48269,86,119,-33,33
48270,147,146,1,1
48271,179,173,6,6
48272,98,103,-5,5
48273,91,88,3,3
48274,145,139,6,6
48275,53,59,-6,6
48276,122,126,-4,4
48277,79,78,1,1
48278,118,130,-12,12
48279,100,85,15,15
48280,76,69,7,7
48281,148,147,1,1
48282,55,39,16,16
48283,80,78,2,2
48284,129,121,8,8
48285,52,61,-9,9
48286,108,112,-4,4
48287,71,74,-3,3
48288,49,54,-5,5
48289,111,108,3,3
48290,97,87,10,10
48291,106,85,21,21
48292,31,68,-37,37
48293,62,57,5,5
48294,140,147,-7,7
48295,102,92,10,10
48296,68,66,2,2
48297,66,65,1,1
48298,98,104,-6,6
48299,29,35,-6,6
48300,162,154,8,8
48301,68,72,-4,4
48302,39,48,-9,9
48303,61,71,-10,10
48304,126,137,-11,11
48305,82,67,15,15
48306,95,88,7,7
48307,86,94,-8,8
48308,91,85,6,6
48309,68,81,-13,13
48310,70,81,-11,11
48311,56,57,-1,1
48312,113,112,1,1
48313,83,80,3,3
48314,185,156,29,29
48315,133,131,2,2
48316,98,93,5,5
48317,47,53,-6,6
48318,86,78,8,8
48319,115,99,16,16
48320,121,121,0,0
48321,130,128,2,2
48322,116,125,-9,9
48323,55,61,-6,6
48324,88,86,2,2
48325,158,159,-1,1
48326,208,184,24,24
48327,104,104,0,0
48328,109,118,-9,9
48329,94,96,-2,2
48330,49,58,-9,9
48331,66,80,-14,14
48332,135,161,-26,26
48333,112,101,11,11
48334,75,78,-3,3
48335,99,99,0,0
48336,98,100,-2,2
48337,77,90,-13,13
48338,108,94,14,14
48339,81,84,-3,3
48340,99,111,-12,12
48341,113,92,21,21
48342,68,76,-8,8
48343,111,118,-7,7
48344,57,61,-4,4
48345,141,131,10,10
48346,96,90,6,6
48347,57,70,-13,13
48348,86,91,-5,5
48349,64,87,-23,23
48350,58,52,6,6
48351,68,68,0,0
48352,79,79,0,0
48353,128,131,-3,3
48354,133,129,4,4
48355,129,144,-15,15
48356,98,102,-4,4
48357,126,123,3,3
48358,68,68,0,0
48359,98,99,-1,1
48360,76,70,6,6
48361,151,142,9,9
48362,143,143,0,0
48363,81,85,-4,4
48364,154,140,14,14
48365,99,105,-6,6
48366,58,61,-3,3
48367,40,45,-5,5
48368,101,94,7,7
48369,88,81,7,7
48370,102,91,11,11
48371,82,74,8,8
48372,80,80,0,0
48373,77,79,-2,2
48374,91,91,0,0
48375,133,134,-1,1
48376,160,155,5,5
48377,137,129,8,8
48378,110,108,2,2
48379,78,70,8,8
48380,83,90,-7,7
48381,68,77,-9,9
48382,85,87,-2,2
48383,90,87,3,3
48384,51,54,-3,3
48385,95,94,1,1
48386,133,129,4,4
48387,63,66,-3,3
48388,64,64,0,0
48389,64,61,3,3
48390,128,129,-1,1
48391,94,101,-7,7
48392,87,89,-2,2
48393,49,59,-10,10
48394,66,60,6,6
48395,53,59,-6,6
48396,99,86,13,13
48397,55,67,-12,12
48398,166,161,5,5
48399,179,173,6,6
48400,100,93,7,7
48401,97,95,2,2
48402,139,129,10,10
48403,59,65,-6,6
48404,175,176,-1,1
48405,123,129,-6,6
48406,72,76,-4,4
48407,77,87,-10,10
48408,86,77,9,9
48409,52,58,-6,6
48410,122,140,-18,18
48411,83,80,3,3
48412,109,124,-15,15
48413,123,120,3,3
48414,72,76,-4,4
48415,86,90,-4,4
48416,97,112,-15,15
48417,98,93,5,5
48418,98,93,5,5
48419,72,74,-2,2
48420,160,144,16,16
48421,61,63,-2,2
48422,91,97,-6,6
48423,65,72,-7,7
48424,145,137,8,8
48425,60,61,-1,1
48426,125,124,1,1
48427,57,60,-3,3
48428,117,109,8,8
48429,104,109,-5,5
48430,141,148,-7,7
48431,65,68,-3,3
48432,78,73,5,5
48433,74,79,-5,5
48434,82,81,1,1
48435,83,84,-1,1
48436,79,80,-1,1
48437,79,79,0,0
48438,73,72,1,1
48439,154,142,12,12
48440,89,85,4,4
48441,83,93,-10,10
48442,79,77,2,2
48443,167,153,14,14
48444,103,130,-27,27
48445,89,87,2,2
48446,199,185,14,14
48447,63,67,-4,4
48448,67,69,-2,2
48449,152,182,-30,30
48450,98,105,-7,7
48451,78,82,-4,4
48452,78,76,2,2
48453,119,128,-9,9
48454,93,105,-12,12
48455,121,130,-9,9
48456,105,93,12,12
48457,184,147,37,37
48458,60,65,-5,5
48459,167,149,18,18
48460,51,61,-10,10
48461,114,121,-7,7
48462,59,58,1,1
48463,98,103,-5,5
48464,62,67,-5,5
48465,74,58,16,16
48466,87,78,9,9
48467,84,82,2,2
48468,63,62,1,1
48469,103,93,10,10
48470,133,120,13,13
48471,125,109,16,16
48472,137,132,5,5
48473,82,73,9,9
48474,145,153,-8,8
48475,111,114,-3,3
48476,117,107,10,10
48477,61,61,0,0
48478,107,107,0,0
48479,127,130,-3,3
48480,50,56,-6,6
48481,75,72,3,3
48482,173,166,7,7
48483,162,139,23,23
48484,72,81,-9,9
48485,104,107,-3,3
48486,84,102,-18,18
48487,84,76,8,8
48488,99,105,-6,6
48489,109,106,3,3
48490,125,138,-13,13
48491,100,95,5,5
48492,108,116,-8,8
48493,118,123,-5,5
48494,70,79,-9,9
48495,67,62,5,5
48496,39,47,-8,8
48497,87,92,-5,5
48498,71,81,-10,10
48499,65,61,4,4
48500,185,170,15,15
48501,89,92,-3,3
48502,94,91,3,3
48503,68,70,-2,2
48504,66,67,-1,1
48505,126,112,14,14
48506,99,102,-3,3
48507,100,103,-3,3
48508,85,83,2,2
48509,38,57,-19,19
48510,170,166,4,4
48511,109,100,9,9
48512,90,87,3,3
48513,58,65,-7,7
48514,52,54,-2,2
48515,162,182,-20,20
48516,60,66,-6,6
48517,99,90,9,9
48518,80,77,3,3
48519,82,110,-28,28
48520,112,94,18,18
48521,81,74,7,7
48522,112,130,-18,18
48523,160,150,10,10
48524,44,51,-7,7
48525,60,63,-3,3
48526,87,83,4,4
48527,66,63,3,3
48528,54,51,3,3
48529,158,144,14,14
48530,125,127,-2,2
48531,61,64,-3,3
48532,179,172,7,7
48533,174,129,45,45
48534,86,101,-15,15
48535,86,95,-9,9
48536,79,100,-21,21
48537,60,65,-5,5
48538,78,75,3,3
48539,128,132,-4,4
48540,111,104,7,7
48541,98,98,0,0
48542,142,124,18,18
48543,65,69,-4,4
48544,142,125,17,17
48545,176,181,-5,5
48546,88,76,12,12
48547,165,153,12,12
48548,85,96,-11,11
48549,85,84,1,1
48550,88,96,-8,8
48551,97,113,-16,16
48552,125,126,-1,1
48553,99,97,2,2
48554,83,79,4,4
48555,97,100,-3,3
48556,96,96,0,0
48557,62,70,-8,8
48558,99,118,-19,19
48559,57,66,-9,9
48560,77,81,-4,4
48561,77,70,7,7
48562,104,116,-12,12
48563,114,108,6,6
48564,94,88,6,6
48565,67,81,-14,14
48566,112,115,-3,3
48567,128,128,0,0
48568,93,100,-7,7
48569,115,128,-13,13
48570,63,67,-4,4
48571,67,75,-8,8
48572,136,139,-3,3
48573,96,107,-11,11
48574,97,98,-1,1
48575,97,101,-4,4
48576,100,87,13,13
48577,60,62,-2,2
48578,155,166,-11,11
48579,80,96,-16,16
48580,92,103,-11,11
48581,130,126,4,4
48582,139,126,13,13
48583,121,132,-11,11
48584,58,61,-3,3
48585,73,84,-11,11
48586,98,100,-2,2
48587,95,104,-9,9
48588,126,119,7,7
48589,112,110,2,2
48590,82,91,-9,9
48591,105,95,10,10
48592,68,81,-13,13
48593,67,76,-9,9
48594,121,127,-6,6
48595,164,153,11,11
48596,107,120,-13,13
48597,110,109,1,1
48598,125,133,-8,8
48599,71,74,-3,3
48600,77,87,-10,10
48601,97,98,-1,1
48602,114,119,-5,5
48603,140,146,-6,6
48604,57,62,-5,5
48605,99,91,8,8
48606,99,101,-2,2
48607,52,55,-3,3
48608,83,70,13,13
48609,173,217,-44,44
48610,94,109,-15,15
48611,47,53,-6,6
48612,58,67,-9,9
48613,61,75,-14,14
48614,82,98,-16,16
48615,53,75,-22,22
48616,53,57,-4,4
48617,77,80,-3,3
48618,88,99,-11,11
48619,74,87,-13,13
48620,74,74,0,0
48621,150,140,10,10
48622,135,141,-6,6
48623,176,195,-19,19
48624,53,59,-6,6
48625,140,127,13,13
48626,106,122,-16,16
48627,189,143,46,46
48628,104,117,-13,13
48629,71,89,-18,18
48630,66,63,3,3
48631,82,103,-21,21
48632,111,128,-17,17
48633,114,100,14,14
48634,140,144,-4,4
48635,95,109,-14,14
48636,152,144,8,8
48637,101,117,-16,16
48638,67,63,4,4
48639,47,47,0,0
48640,73,79,-6,6
48641,84,106,-22,22
48642,92,83,9,9
48643,157,154,3,3
48644,128,118,10,10
48645,96,120,-24,24
48646,91,96,-5,5
48647,92,88,4,4
48648,132,133,-1,1
48649,170,159,11,11
48650,103,90,13,13
48651,46,57,-11,11
48652,123,111,12,12
48653,91,85,6,6
48654,111,111,0,0
48655,144,160,-16,16
48656,73,77,-4,4
48657,116,108,8,8
48658,137,143,-6,6
48659,131,107,24,24
48660,37,47,-10,10
48661,84,90,-6,6
48662,91,97,-6,6
48663,175,165,10,10
48664,137,134,3,3
48665,91,87,4,4
48666,41,54,-13,13
48667,88,82,6,6
48668,86,81,5,5
48669,67,68,-1,1
48670,181,157,24,24
48671,108,100,8,8
48672,51,44,7,7
48673,145,135,10,10
48674,87,88,-1,1
48675,42,49,-7,7
48676,92,88,4,4
48677,196,181,15,15
48678,43,54,-11,11
48679,108,119,-11,11
48680,131,120,11,11
48681,105,112,-7,7
48682,77,82,-5,5
48683,80,81,-1,1
48684,144,134,10,10
48685,120,138,-18,18
48686,70,71,-1,1
48687,62,67,-5,5
48688,40,44,-4,4
48689,80,79,1,1
48690,93,86,7,7
48691,41,54,-13,13
48692,90,73,17,17
48693,82,80,2,2
48694,85,95,-10,10
48695,103,101,2,2
48696,119,119,0,0
48697,65,72,-7,7
48698,85,80,5,5
48699,114,107,7,7
48700,95,85,10,10
48701,39,47,-8,8
48702,89,91,-2,2
48703,116,120,-4,4
48704,133,142,-9,9
48705,76,74,2,2
48706,146,142,4,4
48707,55,56,-1,1
48708,170,158,12,12
48709,76,76,0,0
48710,89,91,-2,2
48711,76,95,-19,19
48712,107,108,-1,1
48713,69,64,5,5
48714,94,102,-8,8
48715,106,112,-6,6
48716,91,82,9,9
48717,158,174,-16,16
48718,110,115,-5,5
48719,69,80,-11,11
48720,90,85,5,5
48721,99,95,4,4
48722,74,71,3,3
48723,94,101,-7,7
48724,70,74,-4,4
48725,81,96,-15,15
48726,136,144,-8,8
48727,89,91,-2,2
48728,113,122,-9,9
48729,110,118,-8,8
48730,137,146,-9,9
48731,100,97,3,3
48732,114,116,-2,2
48733,122,116,6,6
48734,27,37,-10,10
48735,105,111,-6,6
48736,65,70,-5,5
48737,120,130,-10,10
48738,68,69,-1,1
48739,158,149,9,9
48740,76,79,-3,3
48741,123,121,2,2
48742,71,71,0,0
48743,86,86,0,0
48744,68,82,-14,14
48745,118,124,-6,6
48746,36,48,-12,12
48747,26,37,-11,11
48748,55,60,-5,5
48749,87,84,3,3
48750,117,112,5,5
48751,36,47,-11,11
48752,112,107,5,5
48753,73,68,5,5
48754,93,92,1,1
48755,122,114,8,8
48756,117,108,9,9
48757,116,131,-15,15
48758,95,95,0,0
48759,51,52,-1,1
48760,81,84,-3,3
48761,88,80,8,8
48762,62,65,-3,3
48763,84,70,14,14
48764,69,77,-8,8
48765,62,65,-3,3
48766,101,106,-5,5
48767,112,112,0,0
48768,182,169,13,13
48769,51,58,-7,7
48770,89,98,-9,9
48771,123,121,2,2
48772,91,87,4,4
48773,67,87,-20,20
48774,150,147,3,3
48775,61,67,-6,6
48776,107,116,-9,9
48777,53,62,-9,9
48778,79,87,-8,8
48779,143,156,-13,13
48780,115,110,5,5
48781,66,67,-1,1
48782,104,96,8,8
48783,154,158,-4,4
48784,96,89,7,7
48785,165,159,6,6
48786,124,126,-2,2
48787,108,106,2,2
48788,106,119,-13,13
48789,124,115,9,9
48790,91,96,-5,5
48791,98,120,-22,22
48792,74,78,-4,4
48793,146,146,0,0
48794,136,145,-9,9
48795,96,109,-13,13
48796,117,114,3,3
48797,113,117,-4,4
48798,118,122,-4,4
48799,151,96,55,55
48800,157,156,1,1
48801,98,83,15,15
48802,136,135,1,1
48803,119,132,-13,13
48804,66,64,2,2
48805,144,136,8,8
48806,118,111,7,7
48807,186,191,-5,5
48808,91,95,-4,4
48809,99,99,0,0
48810,78,84,-6,6
48811,81,83,-2,2
48812,77,78,-1,1
48813,51,58,-7,7
48814,81,91,-10,10
48815,110,112,-2,2
48816,83,79,4,4
48817,75,89,-14,14
48818,73,71,2,2
48819,113,101,12,12
48820,84,79,5,5
48821,94,96,-2,2
48822,77,99,-22,22
48823,101,100,1,1
48824,100,92,8,8
48825,68,71,-3,3
48826,65,58,7,7
48827,159,157,2,2
48828,66,149,-83,83
48829,149,135,14,14
48830,81,103,-22,22
48831,56,60,-4,4
48832,149,159,-10,10
48833,56,55,1,1
48834,110,118,-8,8
48835,61,60,1,1
48836,57,57,0,0
48837,107,110,-3,3
48838,58,74,-16,16
48839,106,104,2,2
48840,145,134,11,11
48841,70,68,2,2
48842,115,117,-2,2
48843,106,92,14,14
48844,144,143,1,1
48845,129,117,12,12
48846,127,131,-4,4
48847,223,185,38,38
48848,147,147,0,0
48849,95,92,3,3
48850,34,31,3,3
48851,66,70,-4,4
48852,88,91,-3,3
48853,91,86,5,5
48854,90,91,-1,1
48855,131,138,-7,7
48856,61,69,-8,8
48857,66,68,-2,2
48858,125,122,3,3
48859,69,70,-1,1
48860,73,87,-14,14
48861,87,84,3,3
48862,89,81,8,8
48863,69,84,-15,15
48864,114,116,-2,2
48865,64,68,-4,4
48866,146,148,-2,2
48867,93,102,-9,9
48868,54,57,-3,3
48869,171,192,-21,21
48870,63,66,-3,3
48871,70,66,4,4
48872,61,68,-7,7
48873,75,90,-15,15
48874,158,148,10,10
48875,65,79,-14,14
48876,93,101,-8,8
48877,97,90,7,7
48878,126,126,0,0
48879,122,118,4,4
48880,128,137,-9,9
48881,109,109,0,0
48882,90,86,4,4
48883,167,157,10,10
48884,79,73,6,6
48885,56,61,-5,5
48886,117,115,2,2
48887,80,80,0,0
48888,48,56,-8,8
48889,72,82,-10,10
48890,69,65,4,4
48891,105,98,7,7
48892,103,91,12,12
48893,94,93,1,1
48894,91,94,-3,3
48895,117,112,5,5
48896,168,176,-8,8
48897,60,63,-3,3
48898,93,108,-15,15
48899,110,112,-2,2
48900,61,61,0,0
48901,133,135,-2,2
48902,124,105,19,19
48903,131,118,13,13
48904,81,80,1,1
48905,78,77,1,1
48906,117,108,9,9
48907,116,122,-6,6
48908,75,80,-5,5
48909,50,57,-7,7
48910,76,71,5,5
48911,120,116,4,4
48912,96,95,1,1
48913,99,120,-21,21
48914,163,154,9,9
48915,136,135,1,1
48916,150,136,14,14
48917,87,101,-14,14
48918,116,124,-8,8
48919,127,153,-26,26
48920,73,70,3,3
48921,110,111,-1,1
48922,65,62,3,3
48923,74,76,-2,2
48924,98,71,27,27
48925,74,74,0,0
48926,105,114,-9,9
48927,92,100,-8,8
48928,80,82,-2,2
48929,111,111,0,0
48930,93,95,-2,2
48931,69,68,1,1
48932,76,87,-11,11
48933,59,58,1,1
48934,127,125,2,2
48935,45,54,-9,9
48936,100,85,15,15
48937,111,114,-3,3
48938,165,222,-57,57
48939,161,170,-9,9
48940,108,103,5,5
48941,85,80,5,5
48942,131,143,-12,12
48943,28,52,-24,24
48944,92,90,2,2
48945,55,57,-2,2
48946,134,126,8,8
48947,112,108,4,4
48948,123,116,7,7
48949,137,142,-5,5
48950,72,88,-16,16
48951,116,103,13,13
48952,136,132,4,4
48953,122,125,-3,3
48954,120,130,-10,10
48955,85,76,9,9
48956,98,115,-17,17
48957,108,127,-19,19
48958,95,96,-1,1
48959,71,66,5,5
48960,160,149,11,11
48961,112,123,-11,11
48962,98,107,-9,9
48963,72,67,5,5
48964,102,114,-12,12
48965,95,88,7,7
48966,130,133,-3,3
48967,96,96,0,0
48968,123,113,10,10
48969,100,108,-8,8
48970,172,174,-2,2
48971,55,60,-5,5
48972,60,79,-19,19
48973,101,98,3,3
48974,90,106,-16,16
48975,76,93,-17,17
48976,80,76,4,4
48977,100,115,-15,15
48978,61,63,-2,2
48979,75,80,-5,5
48980,81,97,-16,16
48981,121,113,8,8
48982,81,86,-5,5
48983,139,143,-4,4
48984,86,75,11,11
48985,94,86,8,8
48986,121,119,2,2
48987,83,78,5,5
48988,127,146,-19,19
48989,49,62,-13,13
48990,83,90,-7,7
48991,76,76,0,0
48992,113,107,6,6
48993,73,73,0,0
48994,85,82,3,3
48995,97,98,-1,1
48996,82,71,11,11
48997,103,105,-2,2
48998,68,70,-2,2
48999,65,66,-1,1
49000,46,41,5,5
49001,108,107,1,1
49002,96,108,-12,12
49003,133,118,15,15
49004,97,106,-9,9
49005,62,62,0,0
49006,95,91,4,4
49007,132,120,12,12
49008,164,153,11,11
49009,62,58,4,4
49010,81,86,-5,5
49011,91,88,3,3
49012,73,71,2,2
49013,73,74,-1,1
49014,105,102,3,3
49015,75,81,-6,6
49016,73,66,7,7
49017,94,106,-12,12
49018,112,120,-8,8
49019,107,89,18,18
49020,79,82,-3,3
49021,128,137,-9,9
49022,100,95,5,5
49023,68,68,0,0
49024,84,79,5,5
49025,115,138,-23,23
49026,68,70,-2,2
49027,50,56,-6,6
49028,80,87,-7,7
49029,71,80,-9,9
49030,115,114,1,1
49031,103,119,-16,16
49032,112,108,4,4
49033,95,99,-4,4
49034,132,142,-10,10
49035,108,78,30,30
49036,89,99,-10,10
49037,96,87,9,9
49038,110,115,-5,5
49039,103,183,-80,80
49040,113,102,11,11
49041,72,79,-7,7
49042,85,97,-12,12
49043,106,108,-2,2
49044,101,106,-5,5
49045,117,134,-17,17
49046,67,75,-8,8
49047,82,87,-5,5
49048,61,63,-2,2
49049,64,63,1,1
49050,86,89,-3,3
49051,89,86,3,3
49052,49,58,-9,9
49053,136,128,8,8
49054,137,146,-9,9
49055,79,67,12,12
49056,127,119,8,8
49057,130,106,24,24
49058,119,131,-12,12
49059,83,80,3,3
49060,98,100,-2,2
49061,124,118,6,6
49062,72,90,-18,18
49063,114,126,-12,12
49064,144,132,12,12
49065,117,104,13,13
49066,68,72,-4,4
49067,41,49,-8,8
49068,88,87,1,1
49069,156,151,5,5
49070,85,78,7,7
49071,99,103,-4,4
49072,71,89,-18,18
49073,152,135,17,17
49074,86,87,-1,1
49075,95,85,10,10
49076,100,95,5,5
49077,99,106,-7,7
49078,137,102,35,35
49079,78,72,6,6
49080,142,144,-2,2
49081,80,87,-7,7
49082,70,68,2,2
49083,112,108,4,4
49084,116,119,-3,3
49085,76,85,-9,9
49086,128,130,-2,2
49087,101,103,-2,2
49088,111,116,-5,5
49089,71,68,3,3
49090,129,128,1,1
49091,170,156,14,14
49092,136,123,13,13
49093,105,99,6,6
49094,117,102,15,15
49095,102,106,-4,4
49096,77,87,-10,10
49097,103,104,-1,1
49098,53,55,-2,2
49099,94,93,1,1
49100,73,73,0,0
49101,65,67,-2,2
49102,107,136,-29,29
49103,78,93,-15,15
49104,83,90,-7,7
49105,117,121,-4,4
49106,33,38,-5,5
49107,97,95,2,2
49108,119,112,7,7
49109,74,72,2,2
49110,96,90,6,6
49111,113,112,1,1
49112,68,82,-14,14
49113,78,82,-4,4
49114,123,103,20,20
49115,121,135,-14,14
49116,74,77,-3,3
49117,100,95,5,5
49118,71,78,-7,7
49119,46,55,-9,9
49120,90,100,-10,10
49121,63,83,-20,20
49122,94,64,30,30
49123,83,87,-4,4
49124,86,87,-1,1
49125,116,113,3,3
49126,107,91,16,16
49127,111,119,-8,8
49128,211,209,2,2
49129,71,66,5,5
49130,57,73,-16,16
49131,135,135,0,0
49132,111,114,-3,3
49133,97,94,3,3
49134,139,131,8,8
49135,96,99,-3,3
49136,91,94,-3,3
49137,131,130,1,1
49138,134,125,9,9
49139,81,81,0,0
49140,123,111,12,12
49141,122,129,-7,7
49142,149,142,7,7
49143,122,118,4,4
49144,114,109,5,5
49145,112,98,14,14
49146,110,110,0,0
49147,111,117,-6,6
49148,50,59,-9,9
49149,52,56,-4,4
49150,119,137,-18,18
49151,67,60,7,7
49152,135,140,-5,5
49153,81,78,3,3
49154,122,119,3,3
49155,130,131,-1,1
49156,60,60,0,0
49157,108,120,-12,12
49158,97,102,-5,5
49159,50,62,-12,12
49160,77,76,1,1
49161,106,101,5,5
49162,100,109,-9,9
49163,70,82,-12,12
49164,99,102,-3,3
49165,108,121,-13,13
49166,138,136,2,2
49167,132,135,-3,3
49168,73,85,-12,12
49169,73,80,-7,7
49170,111,108,3,3
49171,101,103,-2,2
49172,123,127,-4,4
49173,80,142,-62,62
49174,56,60,-4,4
49175,101,90,11,11
49176,119,111,8,8
49177,125,144,-19,19
49178,107,114,-7,7
49179,141,129,12,12
49180,110,124,-14,14
49181,91,74,17,17
49182,67,66,1,1
49183,91,106,-15,15
49184,62,63,-1,1
49185,66,64,2,2
49186,51,64,-13,13
49187,26,35,-9,9
49188,112,106,6,6
49189,85,82,3,3
49190,173,166,7,7
49191,65,61,4,4
49192,71,78,-7,7
49193,48,48,0,0
49194,113,117,-4,4
49195,111,117,-6,6
49196,76,85,-9,9
49197,72,73,-1,1
49198,104,107,-3,3
49199,113,115,-2,2
49200,80,79,1,1
49201,129,136,-7,7
49202,80,80,0,0
49203,99,107,-8,8
49204,98,105,-7,7
49205,186,184,2,2
49206,84,95,-11,11
49207,46,54,-8,8
49208,81,98,-17,17
49209,62,62,0,0
49210,85,82,3,3
49211,63,65,-2,2
49212,114,128,-14,14
49213,91,92,-1,1
49214,100,116,-16,16
49215,53,51,2,2
49216,127,115,12,12
49217,93,93,0,0
49218,59,64,-5,5
49219,52,51,1,1
49220,100,101,-1,1
49221,73,79,-6,6
49222,110,122,-12,12
49223,88,83,5,5
49224,87,86,1,1
49225,53,61,-8,8
49226,96,98,-2,2
49227,70,88,-18,18
49228,80,91,-11,11
49229,80,71,9,9
49230,78,76,2,2
49231,45,47,-2,2
49232,97,97,0,0
49233,172,160,12,12
49234,92,95,-3,3
49235,72,78,-6,6
49236,125,138,-13,13
49237,72,80,-8,8
49238,156,159,-3,3
49239,61,61,0,0
49240,118,124,-6,6
49241,89,108,-19,19
49242,126,104,22,22
49243,121,113,8,8
49244,63,74,-11,11
49245,96,93,3,3
49246,123,123,0,0
49247,80,93,-13,13
49248,120,129,-9,9
49249,75,80,-5,5
49250,128,120,8,8
49251,166,157,9,9
49252,129,131,-2,2
49253,74,79,-5,5
49254,70,78,-8,8
49255,75,74,1,1
49256,115,103,12,12
49257,109,100,9,9
49258,86,91,-5,5
49259,90,67,23,23
49260,95,91,4,4
49261,102,109,-7,7
49262,178,162,16,16
49263,140,128,12,12
49264,148,140,8,8
49265,75,79,-4,4
49266,94,86,8,8
49267,83,93,-10,10
49268,184,180,4,4
49269,98,95,3,3
49270,36,39,-3,3
49271,68,69,-1,1
49272,88,94,-6,6
49273,71,70,1,1
49274,80,77,3,3
49275,81,83,-2,2
49276,98,110,-12,12
49277,99,92,7,7
49278,41,48,-7,7
49279,51,44,7,7
49280,161,156,5,5
49281,76,77,-1,1
49282,103,95,8,8
49283,86,81,5,5
49284,111,108,3,3
49285,132,125,7,7
49286,91,88,3,3
49287,114,96,18,18
49288,106,99,7,7
49289,140,128,12,12
49290,54,53,1,1
49291,231,207,24,24
49292,74,78,-4,4
49293,59,65,-6,6
49294,149,133,16,16
49295,98,88,10,10
49296,96,98,-2,2
49297,98,97,1,1
49298,29,37,-8,8
49299,80,81,-1,1
49300,115,108,7,7
49301,75,69,6,6
49302,93,92,1,1
49303,86,89,-3,3
49304,67,64,3,3
49305,56,61,-5,5
49306,120,119,1,1
49307,188,180,8,8
49308,31,40,-9,9
49309,51,57,-6,6
49310,55,59,-4,4
49311,81,84,-3,3
49312,75,79,-4,4
49313,63,69,-6,6
49314,85,83,2,2
49315,32,40,-8,8
49316,83,93,-10,10
49317,86,98,-12,12
49318,122,109,13,13
49319,46,50,-4,4
49320,122,113,9,9
49321,101,109,-8,8
49322,55,66,-11,11
49323,80,92,-12,12
49324,106,103,3,3
49325,79,88,-9,9
49326,143,155,-12,12
49327,124,124,0,0
49328,128,141,-13,13
49329,88,99,-11,11
49330,98,96,2,2
49331,207,162,45,45
49332,133,121,12,12
49333,46,50,-4,4
49334,115,115,0,0
49335,75,62,13,13
49336,93,91,2,2
49337,99,103,-4,4
49338,107,113,-6,6
49339,99,94,5,5
49340,78,82,-4,4
49341,104,91,13,13
49342,112,116,-4,4
49343,75,61,14,14
49344,84,95,-11,11
49345,87,93,-6,6
49346,83,76,7,7
49347,151,151,0,0
49348,23,36,-13,13
49349,168,166,2,2
49350,62,65,-3,3
49351,65,67,-2,2
49352,68,75,-7,7
49353,110,118,-8,8
49354,159,164,-5,5
49355,44,49,-5,5
49356,144,137,7,7
49357,71,70,1,1
49358,71,70,1,1
49359,131,105,26,26
49360,148,100,48,48
49361,116,119,-3,3
49362,117,109,8,8
49363,116,142,-26,26
49364,95,92,3,3
49365,59,69,-10,10
49366,41,56,-15,15
49367,80,85,-5,5
49368,66,73,-7,7
49369,98,92,6,6
49370,186,179,7,7
49371,109,109,0,0
49372,97,129,-32,32
49373,74,73,1,1
49374,113,116,-3,3
49375,61,59,2,2
49376,108,104,4,4
49377,123,113,10,10
49378,78,85,-7,7
49379,57,69,-12,12
49380,42,55,-13,13
49381,118,131,-13,13
49382,59,59,0,0
49383,96,102,-6,6
49384,69,72,-3,3
49385,94,89,5,5
49386,84,97,-13,13
49387,182,191,-9,9
49388,44,54,-10,10
49389,74,81,-7,7
49390,84,74,10,10
49391,173,169,4,4
49392,73,80,-7,7
49393,67,72,-5,5
49394,84,88,-4,4
49395,106,114,-8,8
49396,80,82,-2,2
49397,79,94,-15,15
49398,61,61,0,0
49399,73,80,-7,7
49400,50,55,-5,5
49401,94,80,14,14
49402,86,91,-5,5
49403,71,63,8,8
49404,60,73,-13,13
49405,126,129,-3,3
49406,60,63,-3,3
49407,65,64,1,1
49408,83,78,5,5
49409,47,51,-4,4
49410,234,187,47,47
49411,101,94,7,7
49412,111,114,-3,3
49413,65,62,3,3
49414,50,57,-7,7
49415,63,69,-6,6
49416,121,112,9,9
49417,63,53,10,10
49418,105,98,7,7
49419,51,64,-13,13
49420,85,85,0,0
49421,154,133,21,21
49422,130,124,6,6
49423,95,93,2,2
49424,55,60,-5,5
49425,95,99,-4,4
49426,154,150,4,4
49427,109,104,5,5
49428,57,64,-7,7
49429,109,105,4,4
49430,125,111,14,14
49431,85,78,7,7
49432,76,75,1,1
49433,66,88,-22,22
49434,89,86,3,3
49435,64,67,-3,3
49436,46,53,-7,7
49437,79,82,-3,3
49438,114,110,4,4
49439,73,69,4,4
49440,130,138,-8,8
49441,78,71,7,7
49442,62,67,-5,5
49443,49,56,-7,7
49444,65,70,-5,5
49445,66,67,-1,1
49446,72,82,-10,10
49447,81,79,2,2
49448,131,132,-1,1
49449,113,110,3,3
49450,103,102,1,1
49451,60,59,1,1
49452,61,58,3,3
49453,62,64,-2,2
49454,79,75,4,4
49455,111,141,-30,30
49456,108,102,6,6
49457,124,104,20,20
49458,93,105,-12,12
49459,121,124,-3,3
49460,49,63,-14,14
49461,72,73,-1,1
49462,86,69,17,17
49463,64,73,-9,9
49464,95,87,8,8
49465,108,113,-5,5
49466,148,140,8,8
49467,71,65,6,6
49468,85,99,-14,14
49469,72,74,-2,2
49470,107,105,2,2
49471,121,101,20,20
49472,119,90,29,29
49473,81,101,-20,20
49474,94,102,-8,8
49475,147,138,9,9
49476,101,114,-13,13
49477,106,108,-2,2
49478,59,66,-7,7
49479,70,69,1,1
49480,52,56,-4,4
49481,89,88,1,1
49482,128,130,-2,2
49483,111,108,3,3
49484,146,142,4,4
49485,49,51,-2,2
49486,110,106,4,4
49487,119,116,3,3
49488,96,104,-8,8
49489,119,118,1,1
49490,140,137,3,3
49491,124,121,3,3
49492,90,84,6,6
49493,68,76,-8,8
49494,92,97,-5,5
49495,163,140,23,23
49496,77,79,-2,2
49497,103,106,-3,3
49498,126,108,18,18
49499,70,74,-4,4
49500,127,129,-2,2
49501,76,81,-5,5
49502,138,133,5,5
49503,88,101,-13,13
49504,58,84,-26,26
49505,68,64,4,4
49506,146,155,-9,9
49507,139,148,-9,9
49508,71,74,-3,3
49509,143,134,9,9
49510,123,110,13,13
49511,55,63,-8,8
49512,93,98,-5,5
49513,74,88,-14,14
49514,122,127,-5,5
49515,79,94,-15,15
49516,75,77,-2,2
49517,72,84,-12,12
49518,122,124,-2,2
49519,82,82,0,0
49520,66,67,-1,1
49521,67,73,-6,6
49522,62,67,-5,5
49523,108,105,3,3
49524,82,81,1,1
49525,93,92,1,1
49526,57,63,-6,6
49527,73,74,-1,1
49528,116,99,17,17
49529,97,87,10,10
49530,107,114,-7,7
49531,69,71,-2,2
49532,118,122,-4,4
49533,112,115,-3,3
49534,75,85,-10,10
49535,128,138,-10,10
49536,96,101,-5,5
49537,81,85,-4,4
49538,149,143,6,6
49539,65,74,-9,9
49540,28,32,-4,4
49541,92,95,-3,3
49542,82,74,8,8
49543,65,83,-18,18
49544,130,122,8,8
49545,85,91,-6,6
49546,105,109,-4,4
49547,119,111,8,8
49548,124,106,18,18
49549,89,90,-1,1
49550,52,59,-7,7
49551,95,89,6,6
49552,111,121,-10,10
49553,110,96,14,14
49554,104,104,0,0
49555,107,114,-7,7
49556,79,79,0,0
49557,98,93,5,5
49558,113,110,3,3
49559,59,63,-4,4
49560,86,80,6,6
49561,40,53,-13,13
49562,59,58,1,1
49563,108,108,0,0
49564,49,62,-13,13
49565,86,78,8,8
49566,84,88,-4,4
49567,93,93,0,0
49568,74,71,3,3
49569,73,76,-3,3
49570,89,93,-4,4
49571,83,89,-6,6
49572,94,101,-7,7
49573,103,88,15,15
49574,117,129,-12,12
49575,162,135,27,27
49576,72,83,-11,11
49577,107,118,-11,11
49578,122,119,3,3
49579,108,121,-13,13
49580,96,81,15,15
49581,98,95,3,3
49582,111,117,-6,6
49583,51,56,-5,5
49584,70,84,-14,14
49585,64,67,-3,3
49586,47,52,-5,5
49587,45,49,-4,4
49588,69,89,-20,20
49589,91,96,-5,5
49590,77,67,10,10
49591,83,81,2,2
49592,73,70,3,3
49593,70,69,1,1
49594,228,193,35,35
49595,50,73,-23,23
49596,69,71,-2,2
49597,88,89,-1,1
49598,76,73,3,3
49599,80,68,12,12
49600,73,76,-3,3
49601,86,90,-4,4
49602,103,130,-27,27
49603,135,137,-2,2
49604,75,85,-10,10
49605,78,80,-2,2
49606,114,111,3,3
49607,112,117,-5,5
49608,66,67,-1,1
49609,94,89,5,5
49610,86,81,5,5
49611,86,85,1,1
49612,115,128,-13,13
49613,81,76,5,5
49614,96,112,-16,16
49615,100,100,0,0
49616,137,131,6,6
49617,71,68,3,3
49618,77,76,1,1
49619,102,102,0,0
49620,83,91,-8,8
49621,87,67,20,20
49622,123,110,13,13
49623,65,73,-8,8
49624,59,64,-5,5
49625,98,108,-10,10
49626,127,136,-9,9
49627,141,118,23,23
49628,55,50,5,5
49629,63,67,-4,4
49630,102,105,-3,3
49631,63,70,-7,7
49632,108,105,3,3
49633,105,92,13,13
49634,57,55,2,2
49635,64,59,5,5
49636,83,85,-2,2
49637,97,103,-6,6
49638,97,94,3,3
49639,84,90,-6,6
49640,117,120,-3,3
49641,99,92,7,7
49642,106,112,-6,6
49643,101,101,0,0
49644,91,92,-1,1
49645,131,135,-4,4
49646,162,158,4,4
49647,81,81,0,0
49648,56,58,-2,2
49649,120,108,12,12
49650,103,94,9,9
49651,43,47,-4,4
49652,59,63,-4,4
49653,90,86,4,4
49654,116,112,4,4
49655,55,60,-5,5
49656,97,84,13,13
49657,99,107,-8,8
49658,52,60,-8,8
49659,32,42,-10,10
49660,91,105,-14,14
49661,92,89,3,3
49662,52,56,-4,4
49663,159,136,23,23
49664,144,138,6,6
49665,115,120,-5,5
49666,44,55,-11,11
49667,114,115,-1,1
49668,183,167,16,16
49669,94,97,-3,3
49670,82,97,-15,15
49671,85,74,11,11
49672,71,88,-17,17
49673,151,161,-10,10
49674,98,99,-1,1
49675,116,123,-7,7
49676,108,102,6,6
49677,85,85,0,0
49678,96,116,-20,20
49679,94,112,-18,18
49680,59,62,-3,3
49681,81,86,-5,5
49682,125,129,-4,4
49683,64,76,-12,12
49684,106,93,13,13
49685,89,94,-5,5
49686,91,80,11,11
49687,72,63,9,9
49688,69,72,-3,3
49689,94,79,15,15
49690,133,135,-2,2
49691,115,116,-1,1
49692,92,94,-2,2
49693,171,133,38,38
49694,108,110,-2,2
49695,102,117,-15,15
49696,133,137,-4,4
49697,89,85,4,4
49698,93,89,4,4
49699,39,43,-4,4
49700,119,114,5,5
49701,116,116,0,0
49702,71,65,6,6
49703,121,124,-3,3
49704,109,119,-10,10
49705,121,101,20,20
49706,87,86,1,1
49707,73,84,-11,11
49708,103,94,9,9
49709,50,65,-15,15
49710,53,56,-3,3
49711,94,100,-6,6
49712,143,153,-10,10
49713,68,65,3,3
49714,148,133,15,15
49715,54,58,-4,4
49716,121,122,-1,1
49717,116,128,-12,12
49718,91,105,-14,14
49719,74,72,2,2
49720,68,67,1,1
49721,129,133,-4,4
49722,69,66,3,3
49723,43,53,-10,10
49724,125,124,1,1
49725,101,108,-7,7
49726,188,179,9,9
49727,135,128,7,7
49728,57,69,-12,12
49729,96,90,6,6
49730,68,65,3,3
49731,154,142,12,12
49732,101,101,0,0
49733,48,53,-5,5
49734,62,65,-3,3
49735,182,177,5,5
49736,83,71,12,12
49737,52,59,-7,7
49738,97,89,8,8
49739,108,72,36,36
49740,90,93,-3,3
49741,88,99,-11,11
49742,109,108,1,1
49743,84,104,-20,20
49744,93,107,-14,14
49745,87,84,3,3
49746,75,77,-2,2
49747,77,76,1,1
49748,159,141,18,18
49749,56,63,-7,7
49750,135,110,25,25
49751,42,53,-11,11
49752,42,51,-9,9
49753,82,98,-16,16
49754,106,103,3,3
49755,98,101,-3,3
49756,59,62,-3,3
49757,158,134,24,24
49758,109,110,-1,1
49759,93,94,-1,1
49760,174,166,8,8
49761,91,86,5,5
49762,138,125,13,13
49763,104,106,-2,2
49764,92,95,-3,3
49765,67,71,-4,4
49766,87,97,-10,10
49767,135,119,16,16
49768,102,91,11,11
49769,164,145,19,19
49770,67,74,-7,7
49771,106,86,20,20
49772,88,95,-7,7
49773,109,104,5,5
49774,97,88,9,9
49775,49,56,-7,7
49776,124,116,8,8
49777,64,62,2,2
49778,160,130,30,30
49779,108,115,-7,7
49780,71,66,5,5
49781,108,105,3,3
49782,87,92,-5,5
49783,181,164,17,17
49784,100,91,9,9
49785,52,58,-6,6
49786,128,129,-1,1
49787,84,83,1,1
49788,123,116,7,7
49789,131,135,-4,4
49790,113,118,-5,5
49791,127,114,13,13
49792,85,85,0,0
49793,71,76,-5,5
49794,108,112,-4,4
49795,74,75,-1,1
49796,160,161,-1,1
49797,72,75,-3,3
49798,75,78,-3,3
49799,122,132,-10,10
49800,85,82,3,3
49801,74,82,-8,8
49802,44,72,-28,28
49803,110,115,-5,5
49804,64,75,-11,11
49805,40,55,-15,15
49806,124,114,10,10
49807,88,83,5,5
49808,123,127,-4,4
49809,122,129,-7,7
49810,122,127,-5,5
49811,104,95,9,9
49812,100,111,-11,11
49813,83,79,4,4
49814,50,64,-14,14
49815,93,97,-4,4
49816,91,79,12,12
49817,78,77,1,1
49818,121,118,3,3
49819,90,95,-5,5
49820,53,60,-7,7
49821,112,103,9,9
49822,82,80,2,2
49823,167,165,2,2
49824,97,97,0,0
49825,63,67,-4,4
49826,112,120,-8,8
49827,102,90,12,12
49828,78,72,6,6
49829,124,124,0,0
49830,60,64,-4,4
49831,59,58,1,1
49832,55,61,-6,6
49833,154,155,-1,1
49834,86,84,2,2
49835,102,102,0,0
49836,70,76,-6,6
49837,47,65,-18,18
49838,79,69,10,10
49839,62,65,-3,3
49840,114,150,-36,36
49841,117,113,4,4
49842,60,66,-6,6
49843,86,78,8,8
49844,152,133,19,19
49845,168,170,-2,2
49846,124,135,-11,11
49847,60,58,2,2
49848,125,118,7,7
49849,62,66,-4,4
49850,88,91,-3,3
49851,66,68,-2,2
49852,175,165,10,10
49853,88,90,-2,2
49854,45,56,-11,11
49855,74,76,-2,2
49856,135,131,4,4
49857,106,108,-2,2
49858,130,124,6,6
49859,79,87,-8,8
49860,81,79,2,2
49861,65,62,3,3
49862,107,99,8,8
49863,97,96,1,1
49864,76,85,-9,9
49865,116,101,15,15
49866,59,64,-5,5
49867,54,66,-12,12
49868,98,95,3,3
49869,128,145,-17,17
49870,106,126,-20,20
49871,78,80,-2,2
49872,131,121,10,10
49873,69,67,2,2
49874,153,148,5,5
49875,71,73,-2,2
49876,67,73,-6,6
49877,107,117,-10,10
49878,75,101,-26,26
49879,87,91,-4,4
49880,94,82,12,12
49881,90,92,-2,2
49882,74,79,-5,5
49883,135,119,16,16
49884,134,127,7,7
49885,151,134,17,17
49886,92,103,-11,11
49887,92,102,-10,10
49888,80,95,-15,15
49889,91,100,-9,9
49890,89,95,-6,6
49891,86,84,2,2
49892,76,80,-4,4
49893,107,106,1,1
49894,140,131,9,9
49895,85,108,-23,23
49896,85,79,6,6
49897,69,69,0,0
49898,96,89,7,7
49899,62,62,0,0
49900,79,71,8,8
49901,138,114,24,24
49902,115,106,9,9
49903,106,108,-2,2
49904,93,98,-5,5
49905,122,127,-5,5
49906,106,102,4,4
49907,90,99,-9,9
49908,88,81,7,7
49909,72,74,-2,2
49910,84,95,-11,11
49911,138,141,-3,3
49912,92,103,-11,11
49913,95,101,-6,6
49914,86,83,3,3
49915,73,68,5,5
49916,70,72,-2,2
49917,61,64,-3,3
49918,161,150,11,11
49919,89,92,-3,3
49920,130,133,-3,3
49921,99,79,20,20
49922,79,75,4,4
49923,47,53,-6,6
49924,75,84,-9,9
49925,69,69,0,0
49926,78,86,-8,8
49927,45,47,-2,2
49928,67,78,-11,11
49929,99,108,-9,9
49930,92,101,-9,9
49931,116,116,0,0
49932,132,122,10,10
49933,88,91,-3,3
49934,94,97,-3,3
49935,112,128,-16,16
49936,40,57,-17,17
49937,58,63,-5,5
49938,88,82,6,6
49939,85,91,-6,6
49940,86,43,43,43
49941,145,144,1,1
49942,105,103,2,2
49943,99,97,2,2
49944,62,64,-2,2
49945,95,97,-2,2
49946,90,87,3,3
49947,57,51,6,6
49948,104,93,11,11
49949,70,69,1,1
49950,103,90,13,13
49951,102,94,8,8
49952,56,63,-7,7
49953,67,67,0,0
49954,65,73,-8,8
49955,65,70,-5,5
49956,100,135,-35,35
49957,77,93,-16,16
49958,140,128,12,12
49959,86,79,7,7
49960,123,121,2,2
49961,33,75,-42,42
49962,102,94,8,8
49963,116,113,3,3
49964,63,68,-5,5
49965,79,82,-3,3
49966,160,144,16,16
49967,60,65,-5,5
49968,65,62,3,3
49969,84,84,0,0
49970,67,66,1,1
49971,90,94,-4,4
49972,70,81,-11,11
49973,68,69,-1,1
49974,104,126,-22,22
49975,87,94,-7,7
49976,124,101,23,23
49977,128,126,2,2
49978,166,156,10,10
49979,72,77,-5,5
49980,54,54,0,0
49981,111,101,10,10
49982,93,84,9,9
49983,107,101,6,6
49984,137,139,-2,2
49985,89,89,0,0
49986,68,62,6,6
49987,52,58,-6,6
49988,75,77,-2,2
49989,79,76,3,3
49990,48,58,-10,10
49991,75,74,1,1
49992,85,90,-5,5
49993,78,80,-2,2
49994,101,100,1,1
49995,173,150,23,23
49996,90,86,4,4
49997,55,58,-3,3
49998,98,113,-15,15
49999,131,103,28,28
50000,149,139,10,10
50001,90,82,8,8
50002,51,56,-5,5
50003,68,64,4,4
50004,111,98,13,13
50005,77,82,-5,5
50006,150,127,23,23
50007,123,132,-9,9
50008,42,54,-12,12
50009,111,101,10,10
50010,73,88,-15,15
50011,77,80,-3,3
50012,74,58,16,16
50013,145,128,17,17
50014,77,62,15,15
50015,102,109,-7,7
50016,79,79,0,0
50017,65,65,0,0
50018,64,67,-3,3
50019,54,59,-5,5
50020,127,122,5,5
50021,126,141,-15,15
50022,83,84,-1,1
50023,108,104,4,4
50024,103,104,-1,1
50025,132,134,-2,2
50026,141,138,3,3
50027,132,139,-7,7
50028,71,75,-4,4
50029,111,115,-4,4
50030,133,134,-1,1
50031,102,100,2,2
50032,57,59,-2,2
50033,92,105,-13,13
50034,120,114,6,6
50035,85,83,2,2
50036,86,99,-13,13
50037,79,74,5,5
50038,69,79,-10,10
50039,63,61,2,2
50040,118,130,-12,12
50041,132,141,-9,9
50042,72,80,-8,8
50043,98,108,-10,10
50044,110,118,-8,8
50045,105,116,-11,11
50046,67,68,-1,1
50047,92,96,-4,4
50048,118,136,-18,18
50049,134,139,-5,5
50050,70,70,0,0
50051,129,111,18,18
50052,67,68,-1,1
50053,36,43,-7,7
50054,137,148,-11,11
50055,40,63,-23,23
50056,89,99,-10,10
50057,89,89,0,0
50058,83,84,-1,1
50059,70,87,-17,17
50060,125,113,12,12
50061,113,115,-2,2
50062,64,64,0,0
50063,101,107,-6,6
50064,92,104,-12,12
50065,118,117,1,1
50066,70,72,-2,2
50067,87,121,-34,34
50068,112,109,3,3
50069,195,185,10,10
50070,122,131,-9,9
50071,59,67,-8,8
50072,155,142,13,13
50073,131,127,4,4
50074,143,121,22,22
50075,117,102,15,15
50076,120,114,6,6
50077,113,106,7,7
50078,102,104,-2,2
50079,131,116,15,15
50080,105,102,3,3
50081,87,93,-6,6
50082,66,51,15,15
50083,122,133,-11,11
50084,116,109,7,7
50085,104,110,-6,6
50086,51,50,1,1
50087,90,96,-6,6
50088,87,76,11,11
50089,93,105,-12,12
50090,61,67,-6,6
50091,106,107,-1,1
50092,47,53,-6,6
50093,80,76,4,4
50094,74,69,5,5
50095,50,52,-2,2
50096,167,159,8,8
50097,56,55,1,1
50098,110,114,-4,4
50099,160,139,21,21
50100,105,111,-6,6
50101,63,64,-1,1
50102,97,109,-12,12
50103,98,101,-3,3
50104,108,107,1,1
50105,105,108,-3,3
50106,119,109,10,10
50107,144,145,-1,1
50108,65,66,-1,1
50109,112,113,-1,1
50110,113,102,11,11
50111,98,106,-8,8
50112,83,81,2,2
50113,170,162,8,8
50114,88,96,-8,8
50115,109,87,22,22
50116,92,90,2,2
50117,121,112,9,9
50118,58,56,2,2
50119,96,130,-34,34
50120,108,97,11,11
50121,150,150,0,0
50122,78,81,-3,3
50123,43,53,-10,10
50124,49,60,-11,11
50125,173,158,15,15
50126,100,97,3,3
50127,104,106,-2,2
50128,76,98,-22,22
50129,108,110,-2,2
50130,148,136,12,12
50131,74,73,1,1
50132,72,64,8,8
50133,78,77,1,1
50134,108,115,-7,7
50135,92,95,-3,3
50136,94,101,-7,7
50137,104,95,9,9
50138,102,113,-11,11
50139,70,67,3,3
50140,88,87,1,1
50141,104,112,-8,8
50142,115,95,20,20
50143,87,80,7,7
50144,110,117,-7,7
50145,70,63,7,7
50146,78,85,-7,7
50147,80,89,-9,9
50148,56,57,-1,1
50149,125,126,-1,1
50150,79,79,0,0
50151,90,87,3,3
50152,134,128,6,6
50153,123,127,-4,4
50154,116,102,14,14
50155,79,90,-11,11
50156,100,118,-18,18
50157,55,64,-9,9
50158,86,84,2,2
50159,125,119,6,6
50160,68,73,-5,5
50161,73,80,-7,7
50162,103,92,11,11
50163,172,161,11,11
50164,18,40,-22,22
50165,80,83,-3,3
50166,64,60,4,4
50167,90,94,-4,4
50168,100,103,-3,3
50169,52,66,-14,14
50170,199,169,30,30
50171,90,94,-4,4
50172,80,106,-26,26
50173,138,140,-2,2
50174,64,69,-5,5
50175,101,94,7,7
50176,116,141,-25,25
50177,134,121,13,13
50178,113,96,17,17
50179,84,87,-3,3
50180,55,74,-19,19
50181,194,183,11,11
50182,81,87,-6,6
50183,100,88,12,12
50184,97,98,-1,1
50185,64,66,-2,2
50186,55,64,-9,9
50187,68,72,-4,4
50188,103,109,-6,6
50189,102,95,7,7
50190,68,65,3,3
50191,95,89,6,6
50192,74,72,2,2
50193,77,47,30,30
50194,97,107,-10,10
50195,77,66,11,11
50196,124,120,4,4
50197,62,63,-1,1
50198,78,81,-3,3
50199,149,134,15,15
50200,53,65,-12,12
50201,80,84,-4,4
50202,82,90,-8,8
50203,69,72,-3,3
50204,80,91,-11,11
50205,45,51,-6,6
50206,66,66,0,0
50207,46,55,-9,9
50208,82,91,-9,9
50209,45,48,-3,3
50210,105,113,-8,8
50211,109,98,11,11
50212,89,91,-2,2
50213,69,70,-1,1
50214,132,109,23,23
50215,106,108,-2,2
50216,132,128,4,4
50217,141,144,-3,3
50218,282,283,-1,1
50219,151,168,-17,17
50220,93,96,-3,3
50221,129,140,-11,11
50222,82,99,-17,17
50223,72,84,-12,12
50224,86,82,4,4
50225,42,42,0,0
50226,85,82,3,3
50227,105,100,5,5
50228,110,102,8,8
50229,50,58,-8,8
50230,88,104,-16,16
50231,98,91,7,7
50232,85,78,7,7
50233,122,117,5,5
50234,122,132,-10,10
50235,124,129,-5,5
50236,77,74,3,3
50237,117,114,3,3
50238,98,116,-18,18
50239,90,84,6,6
50240,129,119,10,10
50241,88,110,-22,22
50242,73,77,-4,4
50243,77,74,3,3
50244,139,150,-11,11
50245,96,81,15,15
50246,102,87,15,15
50247,87,90,-3,3
50248,70,69,1,1
50249,159,160,-1,1
50250,60,66,-6,6
50251,69,73,-4,4
50252,113,111,2,2
50253,156,144,12,12
50254,118,111,7,7
50255,53,54,-1,1
50256,104,106,-2,2
50257,83,80,3,3
50258,67,59,8,8
50259,95,106,-11,11
50260,103,103,0,0
50261,132,142,-10,10
50262,115,109,6,6
50263,89,90,-1,1
50264,107,104,3,3
50265,99,112,-13,13
50266,97,93,4,4
50267,54,62,-8,8
50268,101,112,-11,11
50269,97,88,9,9
50270,81,80,1,1
50271,150,167,-17,17
50272,76,98,-22,22
50273,87,96,-9,9
50274,101,118,-17,17
50275,51,55,-4,4
50276,99,95,4,4
50277,76,76,0,0
50278,170,166,4,4
50279,129,112,17,17
50280,73,74,-1,1
50281,172,187,-15,15
50282,142,144,-2,2
50283,104,107,-3,3
50284,125,118,7,7
50285,51,53,-2,2
50286,127,124,3,3
50287,150,140,10,10
50288,71,67,4,4
50289,129,149,-20,20
50290,92,97,-5,5
50291,83,84,-1,1
50292,82,87,-5,5
50293,143,147,-4,4
50294,105,108,-3,3
50295,60,64,-4,4
50296,79,81,-2,2
50297,26,42,-16,16
50298,131,123,8,8
50299,90,90,0,0
50300,72,76,-4,4
50301,62,71,-9,9
50302,76,78,-2,2
50303,138,143,-5,5
50304,81,59,22,22
50305,108,106,2,2
50306,88,100,-12,12
50307,115,124,-9,9
50308,123,125,-2,2
50309,89,103,-14,14
50310,123,129,-6,6
50311,104,95,9,9
50312,67,66,1,1
50313,82,90,-8,8
50314,68,64,4,4
50315,72,66,6,6
50316,92,96,-4,4
50317,60,64,-4,4
50318,76,91,-15,15
50319,91,98,-7,7
50320,95,86,9,9
50321,101,111,-10,10
50322,96,100,-4,4
50323,122,113,9,9
50324,139,147,-8,8
50325,141,116,25,25
50326,89,90,-1,1
50327,103,114,-11,11
50328,51,58,-7,7
50329,75,89,-14,14
50330,107,81,26,26
50331,64,70,-6,6
50332,54,57,-3,3
50333,90,87,3,3
50334,75,80,-5,5
50335,136,125,11,11
50336,99,102,-3,3
50337,128,148,-20,20
50338,125,105,20,20
50339,131,122,9,9
50340,61,55,6,6
50341,60,60,0,0
50342,70,85,-15,15
50343,136,133,3,3
50344,91,88,3,3
50345,74,78,-4,4
50346,63,73,-10,10
50347,113,99,14,14
50348,78,72,6,6
50349,208,177,31,31
50350,153,128,25,25
50351,154,152,2,2
50352,92,86,6,6
50353,61,64,-3,3
50354,88,98,-10,10
50355,53,74,-21,21
50356,60,63,-3,3
50357,101,101,0,0
50358,108,104,4,4
50359,70,80,-10,10
50360,73,76,-3,3
50361,86,91,-5,5
50362,63,62,1,1
50363,105,116,-11,11
50364,72,69,3,3
50365,145,133,12,12
50366,71,76,-5,5
50367,148,126,22,22
50368,68,74,-6,6
50369,158,141,17,17
50370,176,175,1,1
50371,98,74,24,24
50372,151,139,12,12
50373,72,94,-22,22
50374,48,55,-7,7
50375,77,73,4,4
50376,65,65,0,0
50377,107,106,1,1
50378,93,80,13,13
50379,103,115,-12,12
50380,95,97,-2,2
50381,45,56,-11,11
50382,148,138,10,10
50383,130,132,-2,2
50384,123,118,5,5
50385,91,98,-7,7
50386,127,153,-26,26
50387,66,80,-14,14
50388,71,72,-1,1
50389,133,130,3,3
50390,111,116,-5,5
50391,92,97,-5,5
50392,72,72,0,0
50393,70,71,-1,1
50394,158,147,11,11
50395,56,60,-4,4
50396,63,66,-3,3
50397,73,72,1,1
50398,170,151,19,19
50399,118,122,-4,4
50400,83,88,-5,5
50401,59,67,-8,8
50402,95,91,4,4
50403,79,69,10,10
50404,79,74,5,5
50405,103,127,-24,24
50406,127,120,7,7
50407,93,95,-2,2
50408,82,84,-2,2
50409,48,53,-5,5
50410,90,89,1,1
50411,76,72,4,4
50412,91,95,-4,4
50413,43,50,-7,7
50414,66,71,-5,5
50415,55,63,-8,8
50416,93,98,-5,5
50417,102,96,6,6
50418,56,65,-9,9
50419,91,93,-2,2
50420,126,126,0,0
50421,78,86,-8,8
50422,81,79,2,2
50423,103,91,12,12
50424,114,112,2,2
50425,103,98,5,5
50426,137,135,2,2
50427,111,108,3,3
50428,71,69,2,2
50429,99,78,21,21
50430,118,114,4,4
50431,145,142,3,3
50432,83,78,5,5
50433,59,50,9,9
50434,79,83,-4,4
50435,60,62,-2,2
50436,59,61,-2,2
50437,109,118,-9,9
50438,74,81,-7,7
50439,125,130,-5,5
50440,112,85,27,27
50441,74,76,-2,2
50442,149,151,-2,2
50443,79,90,-11,11
50444,76,79,-3,3
50445,124,122,2,2
50446,62,71,-9,9
50447,59,70,-11,11
50448,190,172,18,18
50449,62,70,-8,8
50450,105,121,-16,16
50451,97,102,-5,5
50452,128,126,2,2
50453,113,111,2,2
50454,98,93,5,5
50455,37,45,-8,8
50456,136,141,-5,5
50457,79,94,-15,15
50458,47,53,-6,6
50459,98,86,12,12
50460,101,106,-5,5
50461,87,96,-9,9
50462,49,60,-11,11
50463,88,71,17,17
50464,92,87,5,5
50465,128,133,-5,5
50466,111,111,0,0
50467,106,103,3,3
50468,57,60,-3,3
50469,95,101,-6,6
50470,60,63,-3,3
50471,131,123,8,8
50472,88,83,5,5
50473,83,95,-12,12
50474,109,102,7,7
50475,114,111,3,3
50476,84,96,-12,12
50477,85,92,-7,7
50478,86,89,-3,3
50479,76,78,-2,2
50480,112,107,5,5
50481,106,118,-12,12
50482,56,60,-4,4
50483,120,128,-8,8
50484,53,64,-11,11
50485,32,48,-16,16
50486,184,181,3,3
50487,82,82,0,0
50488,66,66,0,0
50489,67,80,-13,13
50490,123,121,2,2
50491,123,111,12,12
50492,146,126,20,20
50493,74,72,2,2
50494,113,102,11,11
50495,102,102,0,0
50496,143,133,10,10
50497,88,87,1,1
50498,136,141,-5,5
50499,149,160,-11,11
50500,165,170,-5,5
50501,59,62,-3,3
50502,87,76,11,11
50503,85,72,13,13
50504,54,69,-15,15
50505,48,47,1,1
50506,73,72,1,1
50507,74,72,2,2
50508,125,131,-6,6
50509,71,64,7,7
50510,36,38,-2,2
50511,127,113,14,14
50512,71,68,3,3
50513,92,96,-4,4
50514,55,57,-2,2
50515,62,61,1,1
50516,76,71,5,5
50517,64,58,6,6
50518,129,134,-5,5
50519,147,137,10,10
50520,69,69,0,0
50521,76,73,3,3
50522,86,90,-4,4
50523,66,64,2,2
50524,76,71,5,5
50525,74,81,-7,7
50526,54,60,-6,6
50527,109,117,-8,8
50528,141,138,3,3
50529,55,62,-7,7
50530,121,107,14,14
50531,79,79,0,0
50532,80,81,-1,1
50533,156,149,7,7
50534,44,56,-12,12
50535,114,106,8,8
50536,105,109,-4,4
50537,73,76,-3,3
50538,84,81,3,3
50539,176,167,9,9
50540,62,61,1,1
50541,121,116,5,5
50542,114,131,-17,17
50543,87,91,-4,4
50544,77,105,-28,28
50545,64,66,-2,2
50546,165,152,13,13
50547,139,156,-17,17
50548,121,107,14,14
50549,97,91,6,6
50550,193,157,36,36
50551,125,140,-15,15
50552,76,102,-26,26
50553,54,53,1,1
50554,134,144,-10,10
50555,72,75,-3,3
50556,96,94,2,2
50557,37,44,-7,7
50558,125,117,8,8
50559,87,85,2,2
50560,33,41,-8,8
50561,71,75,-4,4
50562,53,57,-4,4
50563,59,60,-1,1
50564,110,99,11,11
50565,82,81,1,1
50566,110,108,2,2
50567,64,68,-4,4
50568,65,69,-4,4
50569,134,130,4,4
50570,58,61,-3,3
50571,90,94,-4,4
50572,79,102,-23,23
50573,66,73,-7,7
50574,88,102,-14,14
50575,89,132,-43,43
50576,124,118,6,6
50577,111,108,3,3
50578,144,140,4,4
50579,131,141,-10,10
50580,133,148,-15,15
50581,104,99,5,5
50582,63,66,-3,3
50583,72,67,5,5
50584,76,73,3,3
50585,59,60,-1,1
50586,110,102,8,8
50587,69,73,-4,4
50588,112,110,2,2
50589,41,54,-13,13
50590,135,135,0,0
50591,101,130,-29,29
50592,86,91,-5,5
50593,116,132,-16,16
50594,88,85,3,3
50595,74,87,-13,13
50596,41,50,-9,9
50597,91,107,-16,16
50598,164,148,16,16
50599,58,57,1,1
50600,203,164,39,39
50601,84,92,-8,8
50602,91,75,16,16
50603,98,111,-13,13
50604,123,121,2,2
50605,63,49,14,14
50606,88,81,7,7
50607,92,100,-8,8
50608,117,123,-6,6
50609,72,70,2,2
50610,69,65,4,4
50611,77,75,2,2
50612,77,78,-1,1
50613,73,69,4,4
50614,94,95,-1,1
50615,118,111,7,7
50616,98,98,0,0
50617,82,80,2,2
50618,137,136,1,1
50619,84,104,-20,20
50620,113,111,2,2
50621,145,139,6,6
50622,67,70,-3,3
50623,101,109,-8,8
50624,37,57,-20,20
50625,49,56,-7,7
50626,63,68,-5,5
50627,76,70,6,6
50628,216,186,30,30
50629,138,153,-15,15
50630,96,101,-5,5
50631,76,86,-10,10
50632,66,69,-3,3
50633,55,51,4,4
50634,92,95,-3,3
50635,83,94,-11,11
50636,107,115,-8,8
50637,124,119,5,5
50638,78,80,-2,2
50639,149,151,-2,2
50640,154,137,17,17
50641,67,67,0,0
50642,82,86,-4,4
50643,99,101,-2,2
50644,107,125,-18,18
50645,156,148,8,8
50646,174,197,-23,23
50647,103,100,3,3
50648,116,114,2,2
50649,44,47,-3,3
50650,108,104,4,4
50651,94,105,-11,11
50652,63,57,6,6
50653,95,91,4,4
50654,57,63,-6,6
50655,72,76,-4,4
50656,72,70,2,2
50657,101,111,-10,10
50658,94,111,-17,17
50659,86,77,9,9
50660,157,142,15,15
50661,56,61,-5,5
50662,77,81,-4,4
50663,76,88,-12,12
50664,164,168,-4,4
50665,68,78,-10,10
50666,65,75,-10,10
50667,124,124,0,0
50668,62,60,2,2
50669,138,129,9,9
50670,146,141,5,5
50671,135,151,-16,16
50672,124,108,16,16
50673,105,95,10,10
50674,71,66,5,5
50675,84,92,-8,8
50676,84,77,7,7
50677,70,74,-4,4
50678,112,106,6,6
50679,127,83,44,44
50680,51,93,-42,42
50681,104,102,2,2
50682,96,96,0,0
50683,97,84,13,13
50684,72,72,0,0
50685,117,117,0,0
50686,115,135,-20,20
50687,76,77,-1,1
50688,98,91,7,7
50689,70,76,-6,6
50690,97,106,-9,9
50691,131,139,-8,8
50692,50,57,-7,7
50693,68,73,-5,5
50694,64,63,1,1
50695,103,113,-10,10
50696,48,46,2,2
50697,106,112,-6,6
50698,80,82,-2,2
50699,131,125,6,6
50700,59,63,-4,4
50701,196,175,21,21
50702,143,146,-3,3
50703,74,71,3,3
50704,69,72,-3,3
50705,70,70,0,0
50706,114,110,4,4
50707,70,63,7,7
50708,42,46,-4,4
50709,112,126,-14,14
50710,79,72,7,7
50711,159,153,6,6
50712,121,115,6,6
50713,69,73,-4,4
50714,93,86,7,7
50715,90,79,11,11
50716,91,86,5,5
50717,65,61,4,4
50718,136,132,4,4
50719,65,65,0,0
50720,51,63,-12,12
50721,131,134,-3,3
50722,81,91,-10,10
50723,60,118,-58,58
50724,99,95,4,4
50725,37,77,-40,40
50726,131,117,14,14
50727,164,151,13,13
50728,63,69,-6,6
50729,208,186,22,22
50730,40,53,-13,13
50731,94,106,-12,12
50732,114,114,0,0
50733,72,81,-9,9
50734,83,81,2,2
50735,65,68,-3,3
50736,124,126,-2,2
50737,45,51,-6,6
50738,78,71,7,7
50739,139,133,6,6
50740,63,67,-4,4
50741,88,99,-11,11
50742,81,84,-3,3
50743,79,78,1,1
50744,106,105,1,1
50745,129,126,3,3
50746,107,118,-11,11
50747,67,71,-4,4
50748,119,115,4,4
50749,96,97,-1,1
50750,96,88,8,8
50751,64,77,-13,13
50752,110,106,4,4
50753,122,127,-5,5
50754,159,138,21,21
50755,84,88,-4,4
50756,78,82,-4,4
50757,186,156,30,30
50758,77,70,7,7
50759,95,89,6,6
50760,78,75,3,3
50761,84,101,-17,17
50762,115,114,1,1
50763,104,102,2,2
50764,84,77,7,7
50765,94,95,-1,1
50766,103,102,1,1
50767,120,118,2,2
50768,80,86,-6,6
50769,63,58,5,5
50770,113,110,3,3
50771,82,107,-25,25
50772,111,110,1,1
50773,103,116,-13,13
50774,122,128,-6,6
50775,81,85,-4,4
50776,141,146,-5,5
50777,122,129,-7,7
50778,136,128,8,8
50779,67,69,-2,2
50780,91,105,-14,14
50781,86,83,3,3
50782,97,89,8,8
50783,42,64,-22,22
50784,63,66,-3,3
50785,118,117,1,1
50786,81,93,-12,12
50787,62,58,4,4
50788,55,46,9,9
50789,89,88,1,1
50790,71,63,8,8
50791,57,62,-5,5
50792,83,91,-8,8
50793,153,148,5,5
50794,106,93,13,13
50795,122,107,15,15
50796,76,72,4,4
50797,90,95,-5,5
50798,70,82,-12,12
50799,33,41,-8,8
50800,83,82,1,1
50801,50,51,-1,1
50802,118,113,5,5
50803,115,108,7,7
50804,45,47,-2,2
50805,58,56,2,2
50806,38,56,-18,18
50807,97,94,3,3
50808,39,53,-14,14
50809,28,40,-12,12
50810,117,111,6,6
50811,115,103,12,12
50812,121,120,1,1
50813,105,116,-11,11
50814,88,86,2,2
50815,64,64,0,0
50816,85,92,-7,7
50817,103,78,25,25
50818,76,68,8,8
50819,60,62,-2,2
50820,73,83,-10,10
50821,70,67,3,3
50822,54,54,0,0
50823,83,88,-5,5
50824,77,77,0,0
50825,58,55,3,3
50826,105,91,14,14
50827,145,147,-2,2
50828,119,90,29,29
50829,100,100,0,0
50830,84,89,-5,5
50831,88,82,6,6
50832,90,92,-2,2
50833,65,76,-11,11
50834,131,133,-2,2
50835,76,88,-12,12
50836,166,172,-6,6
50837,52,60,-8,8
50838,156,160,-4,4
50839,139,149,-10,10
50840,80,77,3,3
50841,73,85,-12,12
50842,94,98,-4,4
50843,83,88,-5,5
50844,108,102,6,6
50845,71,70,1,1
50846,98,101,-3,3
50847,94,101,-7,7
50848,99,95,4,4
50849,29,33,-4,4
50850,85,76,9,9
50851,92,94,-2,2
50852,96,99,-3,3
50853,107,94,13,13
50854,31,58,-27,27
50855,80,74,6,6
50856,86,89,-3,3
50857,147,144,3,3
50858,113,119,-6,6
50859,58,65,-7,7
50860,69,74,-5,5
50861,81,83,-2,2
50862,105,108,-3,3
50863,146,118,28,28
50864,126,128,-2,2
50865,72,78,-6,6
50866,110,109,1,1
50867,140,152,-12,12
50868,93,86,7,7
50869,88,91,-3,3
50870,84,102,-18,18
50871,57,58,-1,1
50872,78,75,3,3
50873,76,70,6,6
50874,143,136,7,7
50875,108,140,-32,32
50876,45,59,-14,14
50877,87,97,-10,10
50878,77,79,-2,2
50879,96,112,-16,16
50880,84,91,-7,7
50881,60,62,-2,2
50882,74,83,-9,9
50883,83,89,-6,6
50884,69,66,3,3
50885,58,56,2,2
50886,73,74,-1,1
50887,81,86,-5,5
50888,106,77,29,29
50889,140,164,-24,24
50890,75,73,2,2
50891,102,110,-8,8
50892,137,107,30,30
50893,63,98,-35,35
50894,80,84,-4,4
50895,65,65,0,0
50896,151,143,8,8
50897,138,150,-12,12
50898,104,95,9,9
50899,142,129,13,13
50900,77,84,-7,7
50901,102,105,-3,3
50902,83,81,2,2
50903,74,82,-8,8
50904,113,118,-5,5
50905,115,104,11,11
50906,86,90,-4,4
50907,66,65,1,1
50908,123,112,11,11
50909,173,170,3,3
50910,138,142,-4,4
50911,121,130,-9,9
50912,187,182,5,5
50913,103,105,-2,2
50914,93,152,-59,59
50915,134,127,7,7
50916,84,80,4,4
50917,140,131,9,9
50918,139,133,6,6
50919,112,116,-4,4
50920,81,84,-3,3
50921,48,53,-5,5
50922,111,112,-1,1
50923,133,129,4,4
50924,158,152,6,6
50925,47,53,-6,6
50926,115,124,-9,9
50927,59,67,-8,8
50928,136,143,-7,7
50929,86,91,-5,5
50930,89,100,-11,11
50931,104,106,-2,2
50932,88,91,-3,3
50933,68,69,-1,1
50934,105,102,3,3
50935,122,120,2,2
50936,93,81,12,12
50937,172,158,14,14
50938,77,77,0,0
50939,141,139,2,2
50940,106,117,-11,11
50941,102,108,-6,6
50942,136,125,11,11
50943,83,81,2,2
50944,60,68,-8,8
50945,90,106,-16,16
50946,69,69,0,0
50947,96,96,0,0
50948,101,99,2,2
50949,90,77,13,13
50950,95,95,0,0
50951,80,91,-11,11
50952,91,92,-1,1
50953,125,106,19,19
50954,85,91,-6,6
50955,129,132,-3,3
50956,117,114,3,3
50957,77,75,2,2
50958,82,96,-14,14
50959,135,117,18,18
50960,120,105,15,15
50961,89,80,9,9
50962,161,160,1,1
50963,70,74,-4,4
50964,60,66,-6,6
50965,172,163,9,9
50966,136,138,-2,2
50967,86,77,9,9
50968,106,116,-10,10
50969,107,108,-1,1
50970,98,100,-2,2
50971,120,156,-36,36
50972,158,151,7,7
50973,61,64,-3,3
50974,101,96,5,5
50975,94,93,1,1
50976,60,70,-10,10
50977,68,69,-1,1
50978,99,65,34,34
50979,56,60,-4,4
50980,110,102,8,8
50981,102,109,-7,7
50982,83,90,-7,7
50983,92,88,4,4
50984,77,59,18,18
50985,125,152,-27,27
50986,79,70,9,9
50987,67,60,7,7
50988,113,112,1,1
50989,122,119,3,3
50990,131,133,-2,2
50991,104,102,2,2
50992,89,99,-10,10
50993,92,94,-2,2
50994,217,179,38,38
50995,45,53,-8,8
50996,69,77,-8,8
50997,112,127,-15,15
50998,146,124,22,22
50999,95,98,-3,3
51000,91,94,-3,3
51001,70,78,-8,8
51002,75,88,-13,13
51003,95,94,1,1
51004,112,106,6,6
51005,58,63,-5,5
51006,54,39,15,15
51007,94,107,-13,13
51008,108,107,1,1
51009,89,94,-5,5
51010,90,91,-1,1
51011,129,129,0,0
51012,105,101,4,4
51013,94,82,12,12
51014,132,154,-22,22
51015,95,61,34,34
51016,68,57,11,11
51017,97,93,4,4
51018,128,124,4,4
51019,116,132,-16,16
51020,93,92,1,1
51021,89,78,11,11
51022,176,184,-8,8
51023,172,177,-5,5
51024,54,60,-6,6
51025,60,66,-6,6
51026,39,45,-6,6
51027,96,82,14,14
51028,60,80,-20,20
51029,52,53,-1,1
51030,105,106,-1,1
51031,137,141,-4,4
51032,151,139,12,12
51033,108,116,-8,8
51034,100,99,1,1
51035,68,66,2,2
51036,99,102,-3,3
51037,100,104,-4,4
51038,112,102,10,10
51039,78,70,8,8
51040,110,116,-6,6
51041,70,71,-1,1
51042,122,120,2,2
51043,72,82,-10,10
51044,191,175,16,16
51045,106,114,-8,8
51046,102,99,3,3
51047,130,127,3,3
51048,83,90,-7,7
51049,70,77,-7,7
51050,93,105,-12,12
51051,98,90,8,8
51052,72,74,-2,2
51053,121,113,8,8
51054,157,149,8,8
51055,72,79,-7,7
51056,88,97,-9,9
51057,109,106,3,3
51058,129,128,1,1
51059,185,167,18,18
51060,82,93,-11,11
51061,45,49,-4,4
51062,47,55,-8,8
51063,75,84,-9,9
51064,107,100,7,7
51065,73,76,-3,3
51066,90,95,-5,5
51067,69,55,14,14
51068,100,119,-19,19
51069,87,81,6,6
51070,56,57,-1,1
51071,83,79,4,4
51072,140,131,9,9
51073,64,64,0,0
51074,97,79,18,18
51075,86,82,4,4
51076,129,122,7,7
51077,119,115,4,4
51078,85,87,-2,2
51079,109,114,-5,5
51080,92,89,3,3
51081,152,133,19,19
51082,74,75,-1,1
51083,147,231,-84,84
51084,117,104,13,13
51085,85,105,-20,20
51086,115,134,-19,19
51087,96,97,-1,1
51088,109,107,2,2
51089,70,68,2,2
51090,107,100,7,7
51091,71,82,-11,11
51092,80,86,-6,6
51093,117,116,1,1
51094,149,147,2,2
51095,74,71,3,3
51096,100,95,5,5
51097,131,133,-2,2
51098,100,106,-6,6
51099,72,85,-13,13
51100,92,103,-11,11
51101,68,68,0,0
51102,71,75,-4,4
51103,60,54,6,6
51104,74,72,2,2
51105,114,103,11,11
51106,44,57,-13,13
51107,104,117,-13,13
51108,143,131,12,12
51109,159,153,6,6
51110,76,81,-5,5
51111,93,95,-2,2
51112,91,95,-4,4
51113,91,98,-7,7
51114,188,172,16,16
51115,85,86,-1,1
51116,58,59,-1,1
51117,115,112,3,3
51118,51,56,-5,5
51119,49,52,-3,3
51120,108,118,-10,10
51121,92,95,-3,3
51122,102,103,-1,1
51123,113,110,3,3
51124,100,100,0,0
51125,80,77,3,3
51126,109,122,-13,13
51127,72,85,-13,13
51128,91,96,-5,5
51129,93,95,-2,2
51130,44,54,-10,10
51131,104,117,-13,13
51132,50,61,-11,11
51133,76,78,-2,2
51134,53,52,1,1
51135,119,119,0,0
51136,105,98,7,7
51137,110,122,-12,12
51138,148,141,7,7
51139,105,97,8,8
51140,139,124,15,15
51141,97,89,8,8
51142,113,102,11,11
51143,85,87,-2,2
51144,113,93,20,20
51145,60,62,-2,2
51146,66,59,7,7
51147,115,119,-4,4
51148,30,59,-29,29
51149,76,69,7,7
51150,73,85,-12,12
51151,72,83,-11,11
51152,141,122,19,19
51153,58,68,-10,10
51154,101,104,-3,3
51155,80,91,-11,11
51156,76,77,-1,1
51157,118,127,-9,9
51158,97,100,-3,3
51159,96,111,-15,15
51160,40,49,-9,9
51161,157,147,10,10
51162,125,118,7,7
51163,99,94,5,5
51164,66,74,-8,8
51165,117,99,18,18
51166,94,101,-7,7
51167,54,63,-9,9
51168,62,66,-4,4
51169,74,70,4,4
51170,166,146,20,20
51171,142,133,9,9
51172,81,85,-4,4
51173,110,120,-10,10
51174,114,110,4,4
51175,96,99,-3,3
51176,54,59,-5,5
51177,97,105,-8,8
51178,86,101,-15,15
51179,67,72,-5,5
51180,65,61,4,4
51181,89,96,-7,7
51182,86,89,-3,3
51183,71,80,-9,9
51184,146,152,-6,6
51185,81,68,13,13
51186,108,106,2,2
51187,116,102,14,14
51188,90,98,-8,8
51189,108,108,0,0
51190,127,109,18,18
51191,60,54,6,6
51192,66,56,10,10
51193,180,174,6,6
51194,52,58,-6,6
51195,93,97,-4,4
51196,127,126,1,1
51197,96,90,6,6
51198,110,99,11,11
51199,102,105,-3,3
51200,110,107,3,3
51201,72,71,1,1
51202,161,158,3,3
51203,89,79,10,10
51204,78,79,-1,1
51205,77,82,-5,5
51206,80,80,0,0
51207,78,78,0,0
51208,135,106,29,29
51209,88,86,2,2
51210,102,75,27,27
51211,73,73,0,0
51212,101,102,-1,1
51213,84,77,7,7
51214,87,80,7,7
51215,79,83,-4,4
51216,84,89,-5,5
51217,140,146,-6,6
51218,106,108,-2,2
51219,75,68,7,7
51220,94,97,-3,3
51221,79,84,-5,5
51222,93,91,2,2
51223,155,165,-10,10
51224,97,110,-13,13
51225,109,132,-23,23
51226,115,108,7,7
51227,126,118,8,8
51228,90,87,3,3
51229,72,72,0,0
51230,63,62,1,1
51231,105,101,4,4
51232,68,74,-6,6
51233,143,82,61,61
51234,116,111,5,5
51235,121,129,-8,8
51236,130,117,13,13
51237,75,77,-2,2
51238,70,77,-7,7
51239,109,89,20,20
51240,98,102,-4,4
51241,106,100,6,6
51242,76,80,-4,4
51243,60,52,8,8
51244,68,74,-6,6
51245,165,146,19,19
51246,90,106,-16,16
51247,178,149,29,29
51248,79,85,-6,6
51249,72,67,5,5
51250,87,91,-4,4
51251,82,77,5,5
51252,57,64,-7,7
51253,110,116,-6,6
51254,111,108,3,3
51255,70,84,-14,14
51256,112,105,7,7
51257,52,55,-3,3
51258,94,96,-2,2
51259,97,98,-1,1
51260,66,71,-5,5
51261,67,66,1,1
51262,66,66,0,0
51263,107,108,-1,1
51264,156,198,-42,42
51265,40,87,-47,47
51266,60,68,-8,8
51267,109,147,-38,38
51268,62,63,-1,1
51269,126,123,3,3
51270,96,79,17,17
51271,106,99,7,7
51272,109,98,11,11
51273,77,81,-4,4
51274,70,73,-3,3
51275,75,100,-25,25
51276,194,173,21,21
51277,24,28,-4,4
51278,94,100,-6,6
51279,102,93,9,9
51280,126,124,2,2
51281,150,132,18,18
51282,126,138,-12,12
51283,82,91,-9,9
51284,92,109,-17,17
51285,87,86,1,1
51286,122,125,-3,3
51287,129,114,15,15
51288,93,91,2,2
51289,62,81,-19,19
51290,148,137,11,11
51291,73,78,-5,5
51292,114,87,27,27
51293,82,83,-1,1
51294,99,102,-3,3
51295,181,180,1,1
51296,158,132,26,26
51297,100,97,3,3
51298,143,148,-5,5
51299,118,119,-1,1
51300,85,78,7,7
51301,127,140,-13,13
51302,83,98,-15,15
51303,95,96,-1,1
51304,63,60,3,3
51305,76,74,2,2
51306,111,111,0,0
51307,69,77,-8,8
51308,100,94,6,6
51309,47,51,-4,4
51310,83,91,-8,8
51311,85,90,-5,5
51312,74,76,-2,2
51313,53,74,-21,21
51314,75,80,-5,5
51315,71,85,-14,14
51316,108,107,1,1
51317,71,72,-1,1
51318,121,109,12,12
51319,100,113,-13,13
51320,113,116,-3,3
51321,86,76,10,10
51322,86,75,11,11
51323,115,113,2,2
51324,38,60,-22,22
51325,140,135,5,5
51326,119,137,-18,18
51327,104,115,-11,11
51328,135,133,2,2
51329,147,143,4,4
51330,116,115,1,1
51331,137,145,-8,8
51332,86,81,5,5
51333,96,100,-4,4
51334,76,70,6,6
51335,64,66,-2,2
51336,57,58,-1,1
51337,90,102,-12,12
51338,56,79,-23,23
51339,84,97,-13,13
51340,109,100,9,9
51341,124,131,-7,7
51342,138,131,7,7
51343,73,76,-3,3
51344,98,94,4,4
51345,93,88,5,5
51346,51,35,16,16
51347,54,56,-2,2
51348,62,61,1,1
51349,126,130,-4,4
51350,85,78,7,7
51351,86,83,3,3
51352,67,67,0,0
51353,80,79,1,1
51354,55,55,0,0
51355,115,112,3,3
51356,71,73,-2,2
51357,86,85,1,1
51358,120,120,0,0
51359,94,88,6,6
51360,71,73,-2,2
51361,106,122,-16,16
51362,101,104,-3,3
51363,41,52,-11,11
51364,77,70,7,7
51365,130,122,8,8
51366,154,149,5,5
51367,102,92,10,10
51368,56,61,-5,5
51369,108,115,-7,7
51370,74,78,-4,4
51371,33,106,-73,73
51372,109,113,-4,4
51373,113,117,-4,4
51374,115,111,4,4
51375,73,80,-7,7
51376,60,59,1,1
51377,115,113,2,2
51378,85,90,-5,5
51379,121,114,7,7
51380,128,123,5,5
51381,76,90,-14,14
51382,158,149,9,9
51383,109,88,21,21
51384,47,55,-8,8
51385,76,71,5,5
51386,75,69,6,6
51387,92,89,3,3
51388,92,98,-6,6
51389,110,103,7,7
51390,101,102,-1,1
51391,95,88,7,7
51392,107,100,7,7
51393,96,98,-2,2
51394,127,131,-4,4
51395,104,107,-3,3
51396,84,81,3,3
51397,44,51,-7,7
51398,112,120,-8,8
51399,94,114,-20,20
51400,65,66,-1,1
51401,67,74,-7,7
51402,106,90,16,16
51403,85,79,6,6
51404,75,87,-12,12
51405,72,69,3,3
51406,99,81,18,18
51407,63,71,-8,8
51408,157,154,3,3
51409,70,71,-1,1
51410,79,76,3,3
51411,99,94,5,5
51412,100,103,-3,3
51413,152,140,12,12
51414,111,117,-6,6
51415,73,81,-8,8
51416,117,114,3,3
51417,74,79,-5,5
51418,84,97,-13,13
51419,117,111,6,6
51420,70,74,-4,4
51421,72,80,-8,8
51422,62,64,-2,2
51423,90,99,-9,9
51424,123,115,8,8
51425,81,83,-2,2
51426,62,62,0,0
51427,74,70,4,4
51428,189,153,36,36
51429,97,96,1,1
51430,131,127,4,4
51431,66,73,-7,7
51432,131,116,15,15
51433,101,92,9,9
51434,205,210,-5,5
51435,92,103,-11,11
51436,74,88,-14,14
51437,108,100,8,8
51438,78,76,2,2
51439,69,76,-7,7
51440,92,87,5,5
51441,76,80,-4,4
51442,83,84,-1,1
51443,104,101,3,3
51444,85,82,3,3
51445,74,64,10,10
51446,134,142,-8,8
51447,119,112,7,7
51448,92,86,6,6
51449,88,92,-4,4
51450,126,132,-6,6
51451,100,98,2,2
51452,45,56,-11,11
51453,131,100,31,31
51454,55,59,-4,4
51455,180,161,19,19
51456,133,114,19,19
51457,94,58,36,36
51458,62,78,-16,16
51459,119,116,3,3
51460,183,157,26,26
51461,88,80,8,8
51462,115,90,25,25
51463,100,90,10,10
51464,64,68,-4,4
51465,83,107,-24,24
51466,138,143,-5,5
51467,62,67,-5,5
51468,193,168,25,25
51469,90,93,-3,3
51470,77,78,-1,1
51471,111,115,-4,4
51472,99,108,-9,9
51473,118,123,-5,5
51474,131,123,8,8
51475,71,62,9,9
51476,78,80,-2,2
51477,94,85,9,9
51478,92,95,-3,3
51479,97,103,-6,6
51480,89,82,7,7
51481,131,117,14,14
51482,119,101,18,18
51483,59,65,-6,6
51484,80,77,3,3
51485,116,113,3,3
51486,93,88,5,5
51487,72,77,-5,5
51488,185,161,24,24
51489,85,90,-5,5
51490,108,108,0,0
51491,84,83,1,1
51492,100,100,0,0
51493,109,93,16,16
51494,43,53,-10,10
51495,77,76,1,1
51496,87,83,4,4
51497,121,121,0,0
51498,109,116,-7,7
51499,83,91,-8,8
51500,108,99,9,9
51501,166,144,22,22
51502,68,70,-2,2
51503,112,126,-14,14
51504,103,110,-7,7
51505,106,108,-2,2
51506,33,48,-15,15
51507,56,56,0,0
51508,72,74,-2,2
51509,136,131,5,5
51510,79,80,-1,1
51511,143,137,6,6
51512,103,103,0,0
51513,75,73,2,2
51514,73,71,2,2
51515,68,70,-2,2
51516,68,80,-12,12
51517,102,92,10,10
51518,83,80,3,3
51519,70,76,-6,6
51520,88,89,-1,1
51521,124,122,2,2
51522,111,119,-8,8
51523,103,114,-11,11
51524,104,89,15,15
51525,122,128,-6,6
51526,119,119,0,0
51527,71,99,-28,28
51528,196,191,5,5
51529,70,82,-12,12
51530,70,88,-18,18
51531,88,85,3,3
51532,122,118,4,4
51533,102,98,4,4
51534,119,109,10,10
51535,138,138,0,0
51536,165,156,9,9
51537,94,110,-16,16
51538,52,58,-6,6
51539,86,86,0,0
51540,63,70,-7,7
51541,92,84,8,8
51542,65,65,0,0
51543,47,49,-2,2
51544,62,66,-4,4
51545,79,92,-13,13
51546,166,134,32,32
51547,96,96,0,0
51548,120,130,-10,10
51549,117,122,-5,5
51550,99,96,3,3
51551,124,132,-8,8
51552,138,117,21,21
51553,60,65,-5,5
51554,90,89,1,1
51555,76,83,-7,7
51556,113,138,-25,25
51557,129,131,-2,2
51558,80,75,5,5
51559,99,99,0,0
51560,87,86,1,1
51561,74,74,0,0
51562,70,73,-3,3
51563,50,56,-6,6
51564,83,89,-6,6
51565,150,145,5,5
51566,104,94,10,10
51567,107,109,-2,2
51568,101,99,2,2
51569,153,158,-5,5
51570,81,84,-3,3
51571,58,73,-15,15
51572,104,101,3,3
51573,64,68,-4,4
51574,58,60,-2,2
51575,137,150,-13,13
51576,132,110,22,22
51577,110,101,9,9
51578,120,121,-1,1
51579,92,99,-7,7
51580,83,117,-34,34
51581,41,55,-14,14
51582,194,197,-3,3
51583,79,78,1,1
51584,65,65,0,0
51585,126,130,-4,4
51586,125,147,-22,22
51587,148,139,9,9
51588,63,63,0,0
51589,82,83,-1,1
51590,127,121,6,6
51591,141,134,7,7
51592,98,100,-2,2
51593,140,138,2,2
51594,92,87,5,5
51595,78,85,-7,7
51596,72,70,2,2
51597,133,123,10,10
51598,82,90,-8,8
51599,53,63,-10,10
51600,68,69,-1,1
51601,135,151,-16,16
51602,76,96,-20,20
51603,84,74,10,10
51604,109,105,4,4
51605,115,123,-8,8
51606,32,39,-7,7
51607,202,187,15,15
51608,64,64,0,0
51609,69,68,1,1
51610,61,66,-5,5
51611,81,81,0,0
51612,81,85,-4,4
51613,103,104,-1,1
51614,73,69,4,4
51615,103,113,-10,10
51616,153,145,8,8
51617,78,81,-3,3
51618,100,92,8,8
51619,136,138,-2,2
51620,58,64,-6,6
51621,75,85,-10,10
51622,130,124,6,6
51623,127,116,11,11
51624,51,55,-4,4
51625,87,71,16,16
51626,99,95,4,4
51627,121,121,0,0
51628,83,86,-3,3
51629,65,82,-17,17
51630,86,89,-3,3
51631,129,130,-1,1
51632,77,87,-10,10
51633,63,71,-8,8
51634,70,74,-4,4
51635,75,76,-1,1
51636,75,84,-9,9
51637,132,129,3,3
51638,157,152,5,5
51639,130,126,4,4
51640,80,82,-2,2
51641,97,108,-11,11
51642,68,69,-1,1
51643,98,96,2,2
51644,81,86,-5,5
51645,51,56,-5,5
51646,84,85,-1,1
51647,79,75,4,4
51648,151,147,4,4
51649,82,83,-1,1
51650,127,122,5,5
51651,63,78,-15,15
51652,97,101,-4,4
51653,121,109,12,12
51654,157,145,12,12
51655,101,104,-3,3
51656,160,161,-1,1
51657,92,96,-4,4
51658,107,106,1,1
51659,108,90,18,18
51660,119,102,17,17
51661,61,70,-9,9
51662,112,109,3,3
51663,71,64,7,7
51664,99,102,-3,3
51665,68,72,-4,4
51666,116,153,-37,37
51667,64,81,-17,17
51668,124,116,8,8
51669,139,133,6,6
51670,80,85,-5,5
51671,157,146,11,11
51672,101,100,1,1
51673,114,114,0,0
51674,126,136,-10,10
51675,148,88,60,60
51676,77,85,-8,8
51677,187,172,15,15
51678,139,156,-17,17
51679,164,147,17,17
51680,98,97,1,1
51681,86,97,-11,11
51682,61,60,1,1
51683,143,153,-10,10
51684,57,62,-5,5
51685,52,57,-5,5
51686,92,104,-12,12
51687,108,97,11,11
51688,156,128,28,28
51689,159,149,10,10
51690,157,146,11,11
51691,102,95,7,7
51692,138,139,-1,1
51693,78,89,-11,11
51694,83,78,5,5
51695,108,98,10,10
51696,60,58,2,2
51697,142,129,13,13
51698,55,59,-4,4
51699,65,60,5,5
51700,125,124,1,1
51701,90,96,-6,6
51702,74,78,-4,4
51703,156,154,2,2
51704,76,81,-5,5
51705,94,104,-10,10
51706,84,79,5,5
51707,84,82,2,2
51708,68,79,-11,11
51709,144,142,2,2
51710,74,66,8,8
51711,104,105,-1,1
51712,98,65,33,33
51713,92,81,11,11
51714,106,125,-19,19
51715,94,98,-4,4
51716,91,100,-9,9
51717,61,51,10,10
51718,77,73,4,4
51719,71,71,0,0
51720,98,92,6,6
51721,73,85,-12,12
51722,103,110,-7,7
51723,124,117,7,7
51724,135,100,35,35
51725,118,119,-1,1
51726,96,99,-3,3
51727,54,62,-8,8
51728,112,104,8,8
51729,72,74,-2,2
51730,70,75,-5,5
51731,85,86,-1,1
51732,51,52,-1,1
51733,106,113,-7,7
51734,113,104,9,9
51735,76,76,0,0
51736,63,65,-2,2
51737,140,121,19,19
51738,103,97,6,6
51739,163,147,16,16
51740,126,122,4,4
51741,92,73,19,19
51742,40,62,-22,22
51743,33,33,0,0
51744,99,97,2,2
51745,113,100,13,13
51746,59,58,1,1
51747,88,111,-23,23
51748,58,65,-7,7
51749,98,98,0,0
51750,135,120,15,15
51751,92,92,0,0
51752,101,96,5,5
51753,116,115,1,1
51754,171,183,-12,12
51755,98,89,9,9
51756,99,95,4,4
51757,77,77,0,0
51758,99,95,4,4
51759,61,63,-2,2
51760,124,103,21,21
51761,36,43,-7,7
51762,124,116,8,8
51763,89,87,2,2
51764,144,139,5,5
51765,113,107,6,6
51766,157,149,8,8
51767,95,100,-5,5
51768,101,111,-10,10
51769,76,88,-12,12
51770,65,80,-15,15
51771,222,181,41,41
51772,123,116,7,7
51773,71,89,-18,18
51774,102,94,8,8
51775,96,96,0,0
51776,105,104,1,1
51777,81,77,4,4
51778,122,144,-22,22
51779,64,68,-4,4
51780,43,48,-5,5
51781,114,104,10,10
51782,62,62,0,0
51783,104,100,4,4
51784,175,187,-12,12
51785,98,101,-3,3
51786,87,87,0,0
51787,144,153,-9,9
51788,76,88,-12,12
51789,125,125,0,0
51790,70,60,10,10
51791,86,97,-11,11
51792,140,123,17,17
51793,44,54,-10,10
51794,101,97,4,4
51795,68,75,-7,7
51796,155,156,-1,1
51797,125,123,2,2
51798,49,59,-10,10
51799,140,140,0,0
51800,105,104,1,1
51801,192,185,7,7
51802,89,97,-8,8
51803,140,139,1,1
51804,140,135,5,5
51805,112,117,-5,5
51806,136,118,18,18
51807,76,87,-11,11
51808,64,77,-13,13
51809,64,77,-13,13
51810,83,88,-5,5
51811,72,64,8,8
51812,145,127,18,18
51813,113,105,8,8
51814,114,107,7,7
51815,154,151,3,3
51816,67,64,3,3
51817,197,180,17,17
51818,61,62,-1,1
51819,99,99,0,0
51820,91,92,-1,1
51821,181,157,24,24
51822,45,49,-4,4
51823,55,62,-7,7
51824,183,183,0,0
51825,106,110,-4,4
51826,57,44,13,13
51827,133,110,23,23
51828,36,49,-13,13
51829,98,103,-5,5
51830,54,52,2,2
51831,140,143,-3,3
51832,114,115,-1,1
51833,99,72,27,27
51834,69,72,-3,3
51835,144,134,10,10
51836,112,109,3,3
51837,101,102,-1,1
51838,88,79,9,9
51839,88,90,-2,2
51840,94,86,8,8
51841,67,61,6,6
51842,46,45,1,1
51843,72,66,6,6
51844,80,82,-2,2
51845,75,76,-1,1
51846,94,79,15,15
51847,117,126,-9,9
51848,67,72,-5,5
51849,71,74,-3,3
51850,67,85,-18,18
51851,68,67,1,1
51852,91,87,4,4
51853,71,78,-7,7
51854,114,114,0,0
51855,93,98,-5,5
51856,73,77,-4,4
51857,164,158,6,6
51858,132,131,1,1
51859,66,61,5,5
51860,153,139,14,14
51861,108,118,-10,10
51862,110,111,-1,1
51863,156,142,14,14
51864,162,144,18,18
51865,150,141,9,9
51866,125,122,3,3
51867,61,59,2,2
51868,95,92,3,3
51869,152,129,23,23
51870,125,138,-13,13
51871,119,114,5,5
51872,166,179,-13,13
51873,120,102,18,18
51874,58,62,-4,4
51875,45,45,0,0
51876,117,120,-3,3
51877,65,62,3,3
51878,105,113,-8,8
51879,70,70,0,0
51880,78,71,7,7
51881,91,89,2,2
51882,78,69,9,9
51883,116,133,-17,17
51884,132,117,15,15
51885,143,134,9,9
51886,117,133,-16,16
51887,147,153,-6,6
51888,63,72,-9,9
51889,80,96,-16,16
51890,98,98,0,0
51891,51,73,-22,22
51892,51,56,-5,5
51893,73,76,-3,3
51894,95,87,8,8
51895,100,87,13,13
51896,74,85,-11,11
51897,110,99,11,11
51898,78,79,-1,1
51899,54,64,-10,10
51900,115,106,9,9
51901,139,148,-9,9
51902,73,81,-8,8
51903,67,68,-1,1
51904,76,76,0,0
51905,108,112,-4,4
51906,104,104,0,0
51907,130,124,6,6
51908,116,122,-6,6
51909,57,68,-11,11
51910,102,109,-7,7
51911,108,99,9,9
51912,95,96,-1,1
51913,40,40,0,0
51914,76,83,-7,7
51915,71,71,0,0
51916,137,142,-5,5
51917,118,113,5,5
51918,129,142,-13,13
51919,67,79,-12,12
51920,72,72,0,0
51921,111,125,-14,14
51922,95,94,1,1
51923,130,133,-3,3
51924,116,118,-2,2
51925,68,75,-7,7
51926,103,105,-2,2
51927,95,100,-5,5
51928,117,125,-8,8
51929,62,65,-3,3
51930,75,88,-13,13
51931,56,66,-10,10
51932,120,116,4,4
51933,113,117,-4,4
51934,85,86,-1,1
51935,71,93,-22,22
51936,130,126,4,4
51937,87,94,-7,7
51938,156,137,19,19
51939,89,91,-2,2
51940,61,63,-2,2
51941,115,114,1,1
51942,144,139,5,5
51943,73,74,-1,1
51944,94,100,-6,6
51945,102,111,-9,9
51946,125,129,-4,4
51947,71,68,3,3
51948,140,138,2,2
51949,143,139,4,4
51950,77,75,2,2
51951,86,76,10,10
51952,70,78,-8,8
51953,101,97,4,4
51954,82,84,-2,2
51955,93,84,9,9
51956,55,66,-11,11
51957,138,145,-7,7
51958,88,100,-12,12
51959,81,95,-14,14
51960,176,164,12,12
51961,90,101,-11,11
51962,52,58,-6,6
51963,97,92,5,5
51964,45,60,-15,15
51965,114,118,-4,4
51966,155,155,0,0
51967,151,186,-35,35
51968,60,67,-7,7
51969,82,71,11,11
51970,96,95,1,1
51971,126,113,13,13
51972,90,98,-8,8
51973,83,73,10,10
51974,72,74,-2,2
51975,139,140,-1,1
51976,137,86,51,51
51977,119,121,-2,2
51978,115,104,11,11
51979,76,75,1,1
51980,80,98,-18,18
51981,101,92,9,9
51982,92,93,-1,1
51983,65,64,1,1
51984,89,86,3,3
51985,72,74,-2,2
51986,45,45,0,0
51987,69,68,1,1
51988,81,81,0,0
51989,95,95,0,0
51990,76,80,-4,4
51991,49,54,-5,5
51992,97,98,-1,1
51993,90,76,14,14
51994,130,131,-1,1
51995,74,81,-7,7
51996,46,54,-8,8
51997,74,84,-10,10
51998,108,104,4,4
51999,115,112,3,3
52000,37,46,-9,9
52001,79,77,2,2
52002,75,79,-4,4
52003,174,162,12,12
52004,107,103,4,4
52005,53,48,5,5
52006,83,70,13,13
52007,60,66,-6,6
52008,98,93,5,5
52009,57,61,-4,4
52010,54,58,-4,4
52011,83,83,0,0
52012,182,206,-24,24
52013,107,116,-9,9
52014,89,98,-9,9
52015,105,105,0,0
52016,109,105,4,4
52017,141,127,14,14
52018,121,117,4,4
52019,91,95,-4,4
52020,117,110,7,7
52021,58,47,11,11
52022,80,77,3,3
52023,88,85,3,3
52024,80,86,-6,6
52025,146,137,9,9
52026,105,102,3,3
52027,128,136,-8,8
52028,79,80,-1,1
52029,123,123,0,0
52030,85,79,6,6
52031,77,71,6,6
52032,70,67,3,3
52033,100,105,-5,5
52034,71,73,-2,2
52035,123,123,0,0
52036,85,93,-8,8
52037,113,88,25,25
52038,98,95,3,3
52039,67,78,-11,11
52040,130,143,-13,13
52041,176,162,14,14
52042,117,112,5,5
52043,130,120,10,10
52044,114,108,6,6
52045,108,107,1,1
52046,111,122,-11,11
52047,91,85,6,6
52048,153,138,15,15
52049,83,62,21,21
52050,91,94,-3,3
52051,103,110,-7,7
52052,123,117,6,6
52053,57,69,-12,12
52054,115,122,-7,7
52055,86,97,-11,11
52056,147,144,3,3
52057,116,138,-22,22
52058,87,83,4,4
52059,81,78,3,3
52060,58,49,9,9
52061,97,88,9,9
52062,138,144,-6,6
52063,74,72,2,2
52064,60,64,-4,4
52065,94,95,-1,1
52066,150,152,-2,2
52067,143,149,-6,6
52068,72,70,2,2
52069,80,88,-8,8
52070,94,97,-3,3
52071,85,84,1,1
52072,108,111,-3,3
52073,106,93,13,13
52074,86,90,-4,4
52075,160,151,9,9
52076,84,91,-7,7
52077,78,75,3,3
52078,89,99,-10,10
52079,76,88,-12,12
52080,57,60,-3,3
52081,93,96,-3,3
52082,92,94,-2,2
52083,79,96,-17,17
52084,105,103,2,2
52085,146,155,-9,9
52086,79,87,-8,8
52087,96,98,-2,2
52088,97,104,-7,7
52089,74,74,0,0
52090,79,90,-11,11
52091,90,90,0,0
52092,133,141,-8,8
52093,81,76,5,5
52094,140,134,6,6
52095,20,29,-9,9
52096,42,94,-52,52
52097,178,153,25,25
52098,57,58,-1,1
52099,91,96,-5,5
52100,125,153,-28,28
52101,77,74,3,3
52102,73,79,-6,6
52103,96,90,6,6
52104,63,56,7,7
52105,75,73,2,2
52106,117,119,-2,2
52107,135,141,-6,6
52108,105,115,-10,10
52109,141,134,7,7
52110,123,108,15,15
52111,71,87,-16,16
52112,108,98,10,10
52113,104,112,-8,8
52114,108,84,24,24
52115,93,97,-4,4
52116,102,99,3,3
52117,99,80,19,19
52118,95,104,-9,9
52119,53,61,-8,8
52120,117,104,13,13
52121,79,96,-17,17
52122,55,67,-12,12
52123,163,166,-3,3
52124,53,62,-9,9
52125,80,78,2,2
52126,124,125,-1,1
52127,75,71,4,4
52128,133,133,0,0
52129,83,78,5,5
52130,54,63,-9,9
52131,52,57,-5,5
52132,67,64,3,3
52133,75,70,5,5
52134,106,97,9,9
52135,140,139,1,1
52136,124,127,-3,3
52137,65,69,-4,4
52138,94,103,-9,9
52139,108,108,0,0
52140,132,118,14,14
52141,123,125,-2,2
52142,73,101,-28,28
52143,246,239,7,7
52144,91,91,0,0
52145,48,61,-13,13
52146,109,95,14,14
52147,120,108,12,12
52148,71,69,2,2
52149,44,34,10,10
52150,83,81,2,2
52151,77,84,-7,7
52152,108,106,2,2
52153,76,72,4,4
52154,116,114,2,2
52155,98,113,-15,15
52156,114,103,11,11
52157,142,137,5,5
52158,92,113,-21,21
52159,82,78,4,4
52160,86,88,-2,2
52161,65,63,2,2
52162,91,91,0,0
52163,158,145,13,13
52164,79,81,-2,2
52165,89,83,6,6
52166,54,56,-2,2
52167,144,132,12,12
52168,167,174,-7,7
52169,94,110,-16,16
52170,75,73,2,2
52171,110,111,-1,1
52172,113,100,13,13
52173,63,69,-6,6
52174,138,131,7,7
52175,101,83,18,18
52176,99,117,-18,18
52177,98,95,3,3
52178,138,161,-23,23
52179,116,125,-9,9
52180,53,64,-11,11
52181,97,98,-1,1
52182,79,71,8,8
52183,94,116,-22,22
52184,72,78,-6,6
52185,104,113,-9,9
52186,113,100,13,13
52187,105,123,-18,18
52188,84,83,1,1
52189,66,75,-9,9
52190,75,75,0,0
52191,106,102,4,4
52192,100,97,3,3
52193,75,85,-10,10
52194,45,49,-4,4
52195,126,130,-4,4
52196,102,96,6,6
52197,108,109,-1,1
52198,99,92,7,7
52199,146,125,21,21
52200,107,107,0,0
52201,105,108,-3,3
52202,58,69,-11,11
52203,114,118,-4,4
52204,151,142,9,9
52205,72,74,-2,2
52206,79,77,2,2
52207,131,122,9,9
52208,91,92,-1,1
52209,52,62,-10,10
52210,81,79,2,2
52211,85,80,5,5
52212,96,95,1,1
52213,42,51,-9,9
52214,73,62,11,11
52215,100,95,5,5
52216,104,91,13,13
52217,85,97,-12,12
52218,67,76,-9,9
52219,71,73,-2,2
52220,100,91,9,9
52221,134,116,18,18
52222,104,113,-9,9
52223,90,80,10,10
52224,96,124,-28,28
52225,61,91,-30,30
52226,65,71,-6,6
52227,139,140,-1,1
52228,46,57,-11,11
52229,70,74,-4,4
52230,142,135,7,7
52231,90,100,-10,10
52232,112,102,10,10
52233,113,106,7,7
52234,59,68,-9,9
52235,111,109,2,2
52236,84,80,4,4
52237,74,65,9,9
52238,78,69,9,9
52239,145,151,-6,6
52240,100,122,-22,22
52241,103,98,5,5
52242,55,57,-2,2
52243,93,99,-6,6
52244,78,83,-5,5
52245,80,77,3,3
52246,104,99,5,5
52247,66,68,-2,2
52248,68,63,5,5
52249,60,61,-1,1
52250,103,105,-2,2
52251,69,70,-1,1
52252,92,96,-4,4
52253,48,61,-13,13
52254,54,66,-12,12
52255,54,56,-2,2
52256,58,62,-4,4
52257,160,147,13,13
52258,83,78,5,5
52259,90,81,9,9
52260,71,132,-61,61
52261,168,172,-4,4
52262,137,130,7,7
52263,139,135,4,4
52264,74,72,2,2
52265,75,81,-6,6
52266,65,66,-1,1
52267,93,85,8,8
52268,94,99,-5,5
52269,65,79,-14,14
52270,110,112,-2,2
52271,29,44,-15,15
52272,91,87,4,4
52273,78,81,-3,3
52274,77,74,3,3
52275,93,100,-7,7
52276,158,158,0,0
52277,206,204,2,2
52278,98,94,4,4
52279,131,124,7,7
52280,115,114,1,1
52281,129,114,15,15
52282,97,86,11,11
52283,97,98,-1,1
52284,78,97,-19,19
52285,81,73,8,8
52286,107,113,-6,6
52287,80,103,-23,23
52288,67,75,-8,8
52289,66,79,-13,13
52290,56,60,-4,4
52291,72,77,-5,5
52292,50,56,-6,6
52293,70,105,-35,35
52294,128,121,7,7
52295,138,115,23,23
52296,38,48,-10,10
52297,113,111,2,2
52298,168,165,3,3
52299,115,113,2,2
52300,88,90,-2,2
52301,80,82,-2,2
52302,124,130,-6,6
52303,190,193,-3,3
52304,92,94,-2,2
52305,83,91,-8,8
52306,78,81,-3,3
52307,64,61,3,3
52308,121,126,-5,5
52309,74,72,2,2
52310,59,67,-8,8
52311,200,168,32,32
52312,157,139,18,18
52313,86,97,-11,11
52314,126,110,16,16
52315,75,87,-12,12
52316,95,118,-23,23
52317,118,106,12,12
52318,174,170,4,4
52319,148,138,10,10
52320,70,77,-7,7
52321,99,97,2,2
52322,73,75,-2,2
52323,178,144,34,34
52324,127,133,-6,6
52325,137,134,3,3
52326,35,49,-14,14
52327,58,66,-8,8
52328,104,111,-7,7
52329,85,78,7,7
52330,91,87,4,4
52331,40,44,-4,4
52332,83,85,-2,2
52333,100,100,0,0
52334,73,78,-5,5
52335,51,64,-13,13
52336,263,227,36,36
52337,87,95,-8,8
52338,85,81,4,4
52339,85,87,-2,2
52340,89,95,-6,6
52341,176,174,2,2
52342,103,105,-2,2
52343,128,134,-6,6
52344,166,168,-2,2
52345,92,96,-4,4
52346,100,107,-7,7
52347,98,89,9,9
52348,57,64,-7,7
52349,127,117,10,10
52350,86,88,-2,2
52351,144,132,12,12
52352,60,64,-4,4
52353,113,112,1,1
52354,113,102,11,11
52355,103,101,2,2
52356,90,92,-2,2
52357,56,58,-2,2
52358,47,58,-11,11
52359,105,111,-6,6
52360,61,63,-2,2
52361,128,130,-2,2
52362,55,84,-29,29
52363,67,68,-1,1
52364,65,69,-4,4
52365,116,106,10,10
52366,76,84,-8,8
52367,41,43,-2,2
52368,83,76,7,7
52369,82,76,6,6
52370,50,59,-9,9
52371,81,94,-13,13
52372,57,56,1,1
52373,83,77,6,6
52374,87,99,-12,12
52375,56,47,9,9
52376,68,71,-3,3
52377,71,76,-5,5
52378,77,74,3,3
52379,67,69,-2,2
52380,120,112,8,8
52381,74,81,-7,7
52382,121,131,-10,10
52383,73,75,-2,2
52384,53,51,2,2
52385,68,75,-7,7
52386,95,92,3,3
52387,103,103,0,0
52388,46,56,-10,10
52389,73,69,4,4
52390,148,144,4,4
52391,145,151,-6,6
52392,105,93,12,12
52393,71,72,-1,1
52394,43,53,-10,10
52395,106,107,-1,1
52396,114,128,-14,14
52397,80,69,11,11
52398,64,57,7,7
52399,125,125,0,0
52400,84,101,-17,17
52401,86,89,-3,3
52402,101,107,-6,6
52403,95,93,2,2
52404,90,94,-4,4
52405,93,89,4,4
52406,62,63,-1,1
52407,146,128,18,18
52408,87,85,2,2
52409,85,77,8,8
52410,134,130,4,4
52411,82,64,18,18
52412,46,54,-8,8
52413,73,72,1,1
52414,23,24,-1,1
52415,167,161,6,6
52416,116,101,15,15
52417,112,113,-1,1
52418,227,220,7,7
52419,108,123,-15,15
52420,93,97,-4,4
52421,76,69,7,7
52422,75,81,-6,6
52423,74,85,-11,11
52424,85,90,-5,5
52425,68,68,0,0
52426,93,88,5,5
52427,143,136,7,7
52428,132,127,5,5
52429,68,74,-6,6
52430,49,47,2,2
52431,116,102,14,14
52432,87,88,-1,1
52433,114,100,14,14
52434,133,126,7,7
52435,81,82,-1,1
52436,105,97,8,8
52437,88,85,3,3
52438,158,169,-11,11
52439,82,78,4,4
52440,91,95,-4,4
52441,158,146,12,12
52442,77,78,-1,1
52443,61,80,-19,19
52444,57,67,-10,10
52445,76,80,-4,4
52446,80,78,2,2
52447,90,93,-3,3
52448,75,69,6,6
52449,105,100,5,5
52450,99,104,-5,5
52451,134,128,6,6
52452,70,79,-9,9
52453,139,156,-17,17
52454,67,70,-3,3
52455,186,152,34,34
52456,101,104,-3,3
52457,142,131,11,11
52458,66,67,-1,1
52459,88,83,5,5
52460,79,80,-1,1
52461,80,79,1,1
52462,103,100,3,3
52463,133,152,-19,19
52464,21,55,-34,34
52465,98,89,9,9
52466,67,66,1,1
52467,117,141,-24,24
52468,71,75,-4,4
52469,45,56,-11,11
52470,90,82,8,8
52471,122,104,18,18
52472,133,139,-6,6
52473,70,65,5,5
52474,99,104,-5,5
52475,161,149,12,12
52476,123,124,-1,1
52477,116,104,12,12
52478,148,131,17,17
52479,55,51,4,4
52480,107,109,-2,2
52481,69,66,3,3
52482,103,114,-11,11
52483,50,56,-6,6
52484,76,80,-4,4
52485,98,102,-4,4
52486,63,67,-4,4
52487,69,73,-4,4
52488,115,113,2,2
52489,64,70,-6,6
52490,80,79,1,1
52491,93,89,4,4
52492,93,91,2,2
52493,107,112,-5,5
52494,91,95,-4,4
52495,73,79,-6,6
52496,163,162,1,1
52497,82,73,9,9
52498,133,74,59,59
52499,70,81,-11,11
52500,74,76,-2,2
52501,72,70,2,2
52502,51,52,-1,1
52503,192,169,23,23
52504,59,62,-3,3
52505,69,68,1,1
52506,47,54,-7,7
52507,146,161,-15,15
52508,149,134,15,15
52509,96,114,-18,18
52510,73,74,-1,1
52511,143,140,3,3
52512,101,107,-6,6
52513,96,103,-7,7
52514,108,116,-8,8
52515,77,81,-4,4
52516,45,59,-14,14
52517,89,94,-5,5
52518,160,150,10,10
52519,97,107,-10,10
52520,82,93,-11,11
52521,80,77,3,3
52522,70,67,3,3
52523,123,112,11,11
52524,109,100,9,9
52525,162,160,2,2
52526,129,109,20,20
52527,80,79,1,1
52528,49,57,-8,8
52529,129,108,21,21
52530,79,78,1,1
52531,89,98,-9,9
52532,92,101,-9,9
52533,87,82,5,5
52534,104,89,15,15
52535,106,91,15,15
52536,169,158,11,11
52537,96,102,-6,6
52538,66,65,1,1
52539,140,150,-10,10
52540,128,125,3,3
52541,82,84,-2,2
52542,128,120,8,8
52543,109,106,3,3
52544,59,66,-7,7
52545,61,62,-1,1
52546,109,96,13,13
52547,72,86,-14,14
52548,57,51,6,6
52549,94,101,-7,7
52550,86,84,2,2
52551,57,60,-3,3
52552,142,145,-3,3
52553,79,83,-4,4
52554,150,145,5,5
52555,122,137,-15,15
52556,106,103,3,3
52557,41,49,-8,8
52558,218,195,23,23
52559,106,103,3,3
52560,80,72,8,8
52561,87,79,8,8
52562,121,140,-19,19
52563,68,74,-6,6
52564,79,85,-6,6
52565,63,59,4,4
52566,57,62,-5,5
52567,132,141,-9,9
52568,86,98,-12,12
52569,92,90,2,2
52570,187,179,8,8
52571,97,91,6,6
52572,135,116,19,19
52573,126,113,13,13
52574,79,72,7,7
52575,69,85,-16,16
52576,142,137,5,5
52577,97,88,9,9
52578,104,110,-6,6
52579,112,110,2,2
52580,168,162,6,6
52581,145,126,19,19
52582,137,140,-3,3
52583,142,133,9,9
52584,81,73,8,8
52585,97,106,-9,9
52586,90,83,7,7
52587,121,141,-20,20
52588,71,81,-10,10
52589,61,60,1,1
52590,95,112,-17,17
52591,95,109,-14,14
52592,53,58,-5,5
52593,126,130,-4,4
52594,72,83,-11,11
52595,86,75,11,11
52596,141,130,11,11
52597,96,105,-9,9
52598,98,106,-8,8
52599,123,113,10,10
52600,46,40,6,6
52601,95,86,9,9
52602,127,122,5,5
52603,153,157,-4,4
52604,115,127,-12,12
52605,104,93,11,11
52606,53,56,-3,3
52607,95,91,4,4
52608,88,90,-2,2
52609,133,117,16,16
52610,88,91,-3,3
52611,25,49,-24,24
52612,142,133,9,9
52613,98,97,1,1
52614,93,93,0,0
52615,99,86,13,13
52616,152,148,4,4
52617,124,133,-9,9
52618,112,111,1,1
52619,134,120,14,14
52620,104,115,-11,11
52621,86,83,3,3
52622,117,111,6,6
52623,77,77,0,0
52624,88,91,-3,3
52625,72,67,5,5
52626,87,116,-29,29
52627,80,82,-2,2
52628,103,107,-4,4
52629,136,130,6,6
52630,105,117,-12,12
52631,96,96,0,0
52632,90,83,7,7
52633,53,58,-5,5
52634,77,78,-1,1
52635,60,58,2,2
52636,115,128,-13,13
52637,93,88,5,5
52638,91,81,10,10
52639,162,173,-11,11
52640,115,106,9,9
52641,148,156,-8,8
52642,68,78,-10,10
52643,79,94,-15,15
52644,53,49,4,4
52645,60,64,-4,4
52646,63,67,-4,4
52647,102,102,0,0
52648,111,110,1,1
52649,116,119,-3,3
52650,50,53,-3,3
52651,113,103,10,10
52652,46,56,-10,10
52653,62,55,7,7
52654,112,103,9,9
52655,58,87,-29,29
52656,85,92,-7,7
52657,111,108,3,3
52658,105,101,4,4
52659,113,119,-6,6
52660,174,178,-4,4
52661,125,122,3,3
52662,109,110,-1,1
52663,67,66,1,1
52664,76,71,5,5
52665,193,258,-65,65
52666,128,130,-2,2
52667,88,82,6,6
52668,70,76,-6,6
52669,63,66,-3,3
52670,148,90,58,58
52671,89,96,-7,7
52672,152,158,-6,6
52673,62,71,-9,9
52674,141,129,12,12
52675,48,51,-3,3
52676,185,172,13,13
52677,89,90,-1,1
52678,87,85,2,2
52679,50,45,5,5
52680,79,69,10,10
52681,124,129,-5,5
52682,109,103,6,6
52683,54,59,-5,5
52684,90,80,10,10
52685,85,83,2,2
52686,35,101,-66,66
52687,86,84,2,2
52688,47,53,-6,6
52689,103,84,19,19
52690,105,108,-3,3
52691,47,58,-11,11
52692,44,50,-6,6
52693,137,122,15,15
52694,69,80,-11,11
52695,47,50,-3,3
52696,63,63,0,0
52697,118,112,6,6
52698,83,92,-9,9
52699,80,91,-11,11
52700,119,101,18,18
52701,107,112,-5,5
52702,100,113,-13,13
52703,96,93,3,3
52704,90,126,-36,36
52705,136,118,18,18
52706,142,151,-9,9
52707,82,85,-3,3
52708,64,61,3,3
52709,89,88,1,1
52710,49,60,-11,11
52711,138,135,3,3
52712,74,77,-3,3
52713,55,74,-19,19
52714,147,131,16,16
52715,87,97,-10,10
52716,67,79,-12,12
52717,90,84,6,6
52718,72,86,-14,14
52719,110,106,4,4
52720,166,171,-5,5
52721,128,108,20,20
52722,70,76,-6,6
52723,95,98,-3,3
52724,58,55,3,3
52725,95,93,2,2
52726,78,84,-6,6
52727,99,111,-12,12
52728,79,71,8,8
52729,96,89,7,7
52730,87,94,-7,7
52731,57,67,-10,10
52732,67,70,-3,3
52733,84,95,-11,11
52734,73,76,-3,3
52735,77,79,-2,2
52736,65,68,-3,3
52737,34,53,-19,19
52738,103,108,-5,5
52739,117,118,-1,1
52740,73,68,5,5
52741,121,111,10,10
52742,67,69,-2,2
52743,118,104,14,14
52744,145,139,6,6
52745,83,85,-2,2
52746,105,102,3,3
52747,81,74,7,7
52748,92,97,-5,5
52749,44,50,-6,6
52750,104,109,-5,5
52751,45,55,-10,10
52752,96,93,3,3
52753,115,122,-7,7
52754,91,95,-4,4
52755,64,72,-8,8
52756,63,55,8,8
52757,83,80,3,3
52758,126,133,-7,7
52759,57,66,-9,9
52760,209,194,15,15
52761,153,146,7,7
52762,57,64,-7,7
52763,70,66,4,4
52764,118,131,-13,13
52765,110,103,7,7
52766,63,63,0,0
52767,117,116,1,1
52768,151,135,16,16
52769,135,139,-4,4
52770,75,74,1,1
52771,121,109,12,12
52772,142,154,-12,12
52773,107,120,-13,13
52774,87,95,-8,8
52775,83,84,-1,1
52776,54,53,1,1
52777,120,123,-3,3
52778,75,77,-2,2
52779,116,111,5,5
52780,80,85,-5,5
52781,132,150,-18,18
52782,61,65,-4,4
52783,70,79,-9,9
52784,57,51,6,6
52785,137,131,6,6
52786,112,103,9,9
52787,77,77,0,0
52788,78,80,-2,2
52789,94,97,-3,3
52790,85,86,-1,1
52791,61,68,-7,7
52792,80,80,0,0
52793,116,104,12,12
52794,64,88,-24,24
52795,69,67,2,2
52796,124,109,15,15
52797,78,70,8,8
52798,109,118,-9,9
52799,90,89,1,1
52800,148,139,9,9
52801,64,74,-10,10
52802,59,66,-7,7
52803,42,43,-1,1
52804,132,130,2,2
52805,132,128,4,4
52806,68,67,1,1
52807,173,183,-10,10
52808,73,69,4,4
52809,88,83,5,5
52810,95,91,4,4
52811,56,57,-1,1
52812,83,72,11,11
52813,131,143,-12,12
52814,65,67,-2,2
52815,77,76,1,1
52816,110,125,-15,15
52817,80,123,-43,43
52818,76,71,5,5
52819,73,68,5,5
52820,66,72,-6,6
52821,149,137,12,12
52822,55,64,-9,9
52823,60,62,-2,2
52824,151,144,7,7
52825,112,116,-4,4
52826,67,67,0,0
52827,67,82,-15,15
52828,77,85,-8,8
52829,114,106,8,8
52830,123,128,-5,5
52831,83,78,5,5
52832,42,56,-14,14
52833,104,114,-10,10
52834,90,92,-2,2
52835,107,120,-13,13
52836,153,141,12,12
52837,68,63,5,5
52838,41,45,-4,4
52839,82,82,0,0
52840,55,57,-2,2
52841,114,110,4,4
52842,92,96,-4,4
52843,90,88,2,2
52844,70,75,-5,5
52845,75,82,-7,7
52846,112,100,12,12
52847,76,93,-17,17
52848,107,86,21,21
52849,96,96,0,0
52850,107,104,3,3
52851,46,48,-2,2
52852,103,113,-10,10
52853,122,122,0,0
52854,117,102,15,15
52855,69,99,-30,30
52856,100,97,3,3
52857,70,62,8,8
52858,96,105,-9,9
52859,89,83,6,6
52860,112,109,3,3
52861,93,109,-16,16
52862,104,90,14,14
52863,79,81,-2,2
52864,150,150,0,0
52865,145,143,2,2
52866,135,136,-1,1
52867,61,65,-4,4
52868,75,79,-4,4
52869,63,65,-2,2
52870,77,79,-2,2
52871,115,108,7,7
52872,94,91,3,3
52873,60,57,3,3
52874,99,99,0,0
52875,162,142,20,20
52876,89,94,-5,5
52877,84,62,22,22
52878,90,99,-9,9
52879,132,133,-1,1
52880,106,107,-1,1
52881,50,49,1,1
52882,66,57,9,9
52883,153,145,8,8
52884,55,57,-2,2
52885,92,93,-1,1
52886,113,118,-5,5
52887,54,62,-8,8
52888,132,120,12,12
52889,116,105,11,11
52890,88,219,-131,131
52891,127,122,5,5
52892,80,82,-2,2
52893,125,113,12,12
52894,108,98,10,10
52895,104,107,-3,3
52896,62,67,-5,5
52897,76,75,1,1
52898,77,79,-2,2
52899,120,114,6,6
52900,71,77,-6,6
52901,54,66,-12,12
52902,115,123,-8,8
52903,138,143,-5,5
52904,95,91,4,4
52905,31,43,-12,12
52906,46,55,-9,9
52907,147,139,8,8
52908,129,142,-13,13
52909,82,70,12,12
52910,81,92,-11,11
52911,62,68,-6,6
52912,140,128,12,12
52913,101,99,2,2
52914,120,108,12,12
52915,48,48,0,0
52916,132,122,10,10
52917,164,160,4,4
52918,48,62,-14,14
52919,81,94,-13,13
52920,74,81,-7,7
52921,79,87,-8,8
52922,97,102,-5,5
52923,81,85,-4,4
52924,47,55,-8,8
52925,97,106,-9,9
52926,59,67,-8,8
52927,68,67,1,1
52928,67,68,-1,1
52929,66,65,1,1
52930,143,128,15,15
52931,88,86,2,2
52932,96,99,-3,3
52933,169,140,29,29
52934,106,102,4,4
52935,106,114,-8,8
52936,78,88,-10,10
52937,107,107,0,0
52938,132,133,-1,1
52939,88,84,4,4
52940,68,77,-9,9
52941,104,107,-3,3
52942,79,90,-11,11
52943,96,97,-1,1
52944,159,155,4,4
52945,133,137,-4,4
52946,81,93,-12,12
52947,67,73,-6,6
52948,86,85,1,1
52949,75,76,-1,1
52950,106,109,-3,3
52951,55,67,-12,12
52952,167,146,21,21
52953,33,41,-8,8
52954,114,127,-13,13
52955,153,128,25,25
52956,76,80,-4,4
52957,74,74,0,0
52958,152,152,0,0
52959,176,158,18,18
52960,86,80,6,6
52961,191,192,-1,1
52962,116,120,-4,4
52963,87,87,0,0
52964,133,128,5,5
52965,131,121,10,10
52966,96,92,4,4
52967,113,116,-3,3
52968,52,57,-5,5
52969,68,79,-11,11
52970,110,114,-4,4
52971,58,59,-1,1
52972,104,129,-25,25
52973,93,102,-9,9
52974,118,112,6,6
52975,92,94,-2,2
52976,77,78,-1,1
52977,43,52,-9,9
52978,19,41,-22,22
52979,156,144,12,12
52980,145,143,2,2
52981,85,96,-11,11
52982,85,80,5,5
52983,121,107,14,14
52984,76,77,-1,1
52985,137,145,-8,8
52986,76,80,-4,4
52987,91,95,-4,4
52988,93,90,3,3
52989,133,143,-10,10
52990,128,105,23,23
52991,106,109,-3,3
52992,77,82,-5,5
52993,104,101,3,3
52994,82,82,0,0
52995,77,81,-4,4
52996,91,102,-11,11
52997,73,100,-27,27
52998,144,138,6,6
52999,103,101,2,2
53000,97,73,24,24
53001,238,171,67,67
53002,87,89,-2,2
53003,135,124,11,11
53004,63,65,-2,2
53005,95,99,-4,4
53006,42,48,-6,6
53007,69,75,-6,6
53008,98,97,1,1
53009,147,146,1,1
53010,108,123,-15,15
53011,52,56,-4,4
53012,69,71,-2,2
53013,92,68,24,24
53014,129,128,1,1
53015,83,82,1,1
53016,108,107,1,1
53017,126,140,-14,14
53018,84,78,6,6
53019,86,72,14,14
53020,82,112,-30,30
53021,88,87,1,1
53022,101,90,11,11
53023,130,113,17,17
53024,83,81,2,2
53025,118,128,-10,10
53026,106,107,-1,1
53027,108,119,-11,11
53028,85,75,10,10
53029,133,129,4,4
53030,77,72,5,5
53031,110,106,4,4
53032,71,74,-3,3
53033,72,82,-10,10
53034,44,50,-6,6
53035,69,71,-2,2
53036,106,109,-3,3
53037,103,104,-1,1
53038,82,76,6,6
53039,119,141,-22,22
53040,94,101,-7,7
53041,67,67,0,0
53042,81,80,1,1
53043,102,100,2,2
53044,68,64,4,4
53045,154,144,10,10
53046,80,72,8,8
53047,120,106,14,14
53048,59,57,2,2
53049,149,140,9,9
53050,66,72,-6,6
53051,80,73,7,7
53052,61,71,-10,10
53053,40,47,-7,7
53054,80,84,-4,4
53055,54,60,-6,6
53056,90,89,1,1
53057,107,98,9,9
53058,62,64,-2,2
53059,157,157,0,0
53060,113,117,-4,4
53061,107,117,-10,10
53062,87,72,15,15
53063,90,86,4,4
53064,155,161,-6,6
53065,37,58,-21,21
53066,66,70,-4,4
53067,92,104,-12,12
53068,74,86,-12,12
53069,38,37,1,1
53070,83,76,7,7
53071,90,100,-10,10
53072,262,280,-18,18
53073,83,80,3,3
53074,65,67,-2,2
53075,84,83,1,1
53076,50,55,-5,5
53077,95,106,-11,11
53078,80,83,-3,3
53079,135,132,3,3
53080,75,75,0,0
53081,79,79,0,0
53082,179,173,6,6
53083,119,120,-1,1
53084,89,80,9,9
53085,58,71,-13,13
53086,98,102,-4,4
53087,58,65,-7,7
53088,62,60,2,2
53089,65,67,-2,2
53090,90,94,-4,4
53091,134,132,2,2
53092,61,62,-1,1
53093,142,144,-2,2
53094,71,79,-8,8
53095,147,122,25,25
53096,122,116,6,6
53097,151,138,13,13
53098,105,108,-3,3
53099,56,60,-4,4
53100,124,128,-4,4
53101,140,145,-5,5
53102,107,104,3,3
53103,103,113,-10,10
53104,98,100,-2,2
53105,63,62,1,1
53106,51,60,-9,9
53107,81,80,1,1
53108,65,73,-8,8
53109,150,152,-2,2
53110,134,121,13,13
53111,46,53,-7,7
53112,120,109,11,11
53113,80,87,-7,7
53114,93,95,-2,2
53115,176,162,14,14
53116,115,109,6,6
53117,128,143,-15,15
53118,143,137,6,6
53119,55,59,-4,4
53120,85,74,11,11
53121,102,95,7,7
53122,54,61,-7,7
53123,151,127,24,24
53124,83,72,11,11
53125,47,54,-7,7
53126,80,85,-5,5
53127,126,136,-10,10
53128,105,113,-8,8
53129,103,111,-8,8
53130,70,74,-4,4
53131,64,66,-2,2
53132,116,119,-3,3
53133,124,137,-13,13
53134,89,90,-1,1
53135,73,76,-3,3
53136,131,142,-11,11
53137,120,109,11,11
53138,102,95,7,7
53139,88,90,-2,2
53140,82,86,-4,4
53141,88,86,2,2
53142,135,110,25,25
53143,119,116,3,3
53144,67,76,-9,9
53145,55,57,-2,2
53146,170,166,4,4
53147,125,145,-20,20
53148,132,119,13,13
53149,146,137,9,9
53150,83,78,5,5
53151,85,79,6,6
53152,101,95,6,6
53153,84,87,-3,3
53154,135,128,7,7
53155,54,58,-4,4
53156,74,71,3,3
53157,72,75,-3,3
53158,112,97,15,15
53159,137,132,5,5
53160,82,67,15,15
53161,121,105,16,16
53162,83,90,-7,7
53163,112,116,-4,4
53164,66,59,7,7
53165,90,96,-6,6
53166,111,115,-4,4
53167,70,73,-3,3
53168,98,110,-12,12
53169,101,103,-2,2
53170,108,111,-3,3
53171,77,78,-1,1
53172,94,103,-9,9
53173,77,85,-8,8
53174,52,61,-9,9
53175,114,122,-8,8
53176,79,80,-1,1
53177,43,54,-11,11
53178,110,93,17,17
53179,51,50,1,1
53180,81,75,6,6
53181,122,113,9,9
53182,128,134,-6,6
53183,92,108,-16,16
53184,111,111,0,0
53185,106,94,12,12
53186,56,63,-7,7
53187,137,127,10,10
53188,75,75,0,0
53189,71,70,1,1
53190,67,73,-6,6
53191,89,86,3,3
53192,96,97,-1,1
53193,106,107,-1,1
53194,71,67,4,4
53195,128,123,5,5
53196,63,67,-4,4
53197,82,76,6,6
53198,67,65,2,2
53199,80,78,2,2
53200,124,119,5,5
53201,117,107,10,10
53202,115,126,-11,11
53203,107,96,11,11
53204,65,66,-1,1
53205,119,108,11,11
53206,88,105,-17,17
53207,53,60,-7,7
53208,156,145,11,11
53209,71,74,-3,3
53210,89,92,-3,3
53211,88,80,8,8
53212,113,107,6,6
53213,43,46,-3,3
53214,106,107,-1,1
53215,85,82,3,3
53216,108,134,-26,26
53217,70,60,10,10
53218,163,175,-12,12
53219,102,100,2,2
53220,74,73,1,1
53221,60,66,-6,6
53222,107,102,5,5
53223,59,56,3,3
53224,90,56,34,34
53225,134,131,3,3
53226,159,150,9,9
53227,99,91,8,8
53228,75,78,-3,3
53229,62,62,0,0
53230,93,94,-1,1
53231,101,100,1,1
53232,61,65,-4,4
53233,88,71,17,17
53234,99,106,-7,7
53235,45,54,-9,9
53236,65,73,-8,8
53237,120,113,7,7
53238,85,92,-7,7
53239,76,84,-8,8
53240,111,111,0,0
53241,75,73,2,2
53242,96,101,-5,5
53243,134,129,5,5
53244,62,58,4,4
53245,69,64,5,5
53246,95,96,-1,1
53247,93,86,7,7
53248,73,67,6,6
53249,89,83,6,6
53250,59,58,1,1
53251,73,65,8,8
53252,115,109,6,6
53253,86,82,4,4
53254,141,147,-6,6
53255,109,136,-27,27
53256,112,106,6,6
53257,74,82,-8,8
53258,57,60,-3,3
53259,61,68,-7,7
53260,104,107,-3,3
53261,111,98,13,13
53262,80,76,4,4
53263,107,101,6,6
53264,43,42,1,1
53265,71,82,-11,11
53266,54,57,-3,3
53267,74,82,-8,8
53268,77,73,4,4
53269,86,105,-19,19
53270,65,67,-2,2
53271,103,96,7,7
53272,67,69,-2,2
53273,77,67,10,10
53274,53,65,-12,12
53275,128,124,4,4
53276,75,82,-7,7
53277,111,134,-23,23
53278,94,93,1,1
53279,93,91,2,2
53280,131,106,25,25
53281,61,96,-35,35
53282,69,59,10,10
53283,70,64,6,6
53284,50,55,-5,5
53285,69,63,6,6
53286,101,93,8,8
53287,86,80,6,6
53288,98,90,8,8
53289,140,116,24,24
53290,88,91,-3,3
53291,51,57,-6,6
53292,72,79,-7,7
53293,109,117,-8,8
53294,67,78,-11,11
53295,114,120,-6,6
53296,98,98,0,0
53297,98,108,-10,10
53298,107,113,-6,6
53299,133,135,-2,2
53300,161,171,-10,10
53301,161,129,32,32
53302,125,128,-3,3
53303,90,98,-8,8
53304,112,115,-3,3
53305,61,64,-3,3
53306,186,186,0,0
53307,102,119,-17,17
53308,273,245,28,28
53309,125,126,-1,1
53310,124,131,-7,7
53311,115,117,-2,2
53312,86,87,-1,1
53313,67,67,0,0
53314,90,97,-7,7
53315,146,137,9,9
53316,64,67,-3,3
53317,78,78,0,0
53318,73,66,7,7
53319,132,127,5,5
53320,78,84,-6,6
53321,108,123,-15,15
53322,72,74,-2,2
53323,112,113,-1,1
53324,110,108,2,2
53325,157,143,14,14
53326,87,83,4,4
53327,63,55,8,8
53328,47,62,-15,15
53329,55,68,-13,13
53330,57,62,-5,5
53331,77,83,-6,6
53332,73,72,1,1
53333,52,54,-2,2
53334,60,78,-18,18
53335,171,181,-10,10
53336,153,155,-2,2
53337,128,120,8,8
53338,101,103,-2,2
53339,58,61,-3,3
53340,67,67,0,0
53341,58,60,-2,2
53342,69,75,-6,6
53343,198,178,20,20
53344,85,75,10,10
53345,96,84,12,12
53346,68,98,-30,30
53347,80,80,0,0
53348,56,60,-4,4
53349,67,72,-5,5
53350,57,61,-4,4
53351,39,40,-1,1
53352,81,81,0,0
53353,117,122,-5,5
53354,104,113,-9,9
53355,105,116,-11,11
53356,83,82,1,1
53357,135,143,-8,8
53358,76,67,9,9
53359,122,116,6,6
53360,78,88,-10,10
53361,37,41,-4,4
53362,134,122,12,12
53363,71,73,-2,2
53364,119,113,6,6
53365,23,41,-18,18
53366,145,129,16,16
53367,99,102,-3,3
53368,70,74,-4,4
53369,41,65,-24,24
53370,82,90,-8,8
53371,102,93,9,9
53372,64,63,1,1
53373,60,62,-2,2
53374,157,153,4,4
53375,144,114,30,30
53376,107,112,-5,5
53377,108,112,-4,4
53378,79,82,-3,3
53379,77,85,-8,8
53380,102,97,5,5
53381,62,65,-3,3
53382,87,86,1,1
53383,156,144,12,12
53384,59,56,3,3
53385,54,59,-5,5
53386,114,115,-1,1
53387,87,107,-20,20
53388,132,134,-2,2
53389,135,137,-2,2
53390,126,111,15,15
53391,105,111,-6,6
53392,95,106,-11,11
53393,101,105,-4,4
53394,51,58,-7,7
53395,63,76,-13,13
53396,149,145,4,4
53397,72,67,5,5
53398,147,133,14,14
53399,67,69,-2,2
53400,106,119,-13,13
53401,98,99,-1,1
53402,100,94,6,6
53403,93,116,-23,23
53404,69,68,1,1
53405,116,144,-28,28
53406,88,77,11,11
53407,114,138,-24,24
53408,53,55,-2,2
53409,55,60,-5,5
53410,86,96,-10,10
53411,110,99,11,11
53412,82,84,-2,2
53413,87,83,4,4
53414,60,58,2,2
53415,59,65,-6,6
53416,72,70,2,2
53417,99,88,11,11
53418,111,89,22,22
53419,105,111,-6,6
53420,110,102,8,8
53421,56,56,0,0
53422,126,138,-12,12
53423,75,80,-5,5
53424,56,65,-9,9
53425,119,141,-22,22
53426,98,100,-2,2
53427,171,189,-18,18
53428,169,143,26,26
53429,126,130,-4,4
53430,194,172,22,22
53431,112,100,12,12
53432,73,70,3,3
53433,106,112,-6,6
53434,101,88,13,13
53435,119,125,-6,6
53436,96,93,3,3
53437,58,82,-24,24
53438,89,89,0,0
53439,78,45,33,33
53440,85,101,-16,16
53441,87,94,-7,7
53442,70,83,-13,13
53443,50,56,-6,6
53444,51,57,-6,6
53445,91,85,6,6
53446,79,75,4,4
53447,98,89,9,9
53448,117,130,-13,13
53449,94,105,-11,11
53450,141,126,15,15
53451,133,128,5,5
53452,48,54,-6,6
53453,121,122,-1,1
53454,90,95,-5,5
53455,50,64,-14,14
53456,69,83,-14,14
53457,90,109,-19,19
53458,83,124,-41,41
53459,89,112,-23,23
53460,84,82,2,2
53461,72,43,29,29
53462,65,77,-12,12
53463,93,87,6,6
53464,70,72,-2,2
53465,68,70,-2,2
53466,128,139,-11,11
53467,102,90,12,12
53468,111,120,-9,9
53469,54,57,-3,3
53470,94,101,-7,7
53471,102,101,1,1
53472,104,102,2,2
53473,90,92,-2,2
53474,96,98,-2,2
53475,119,144,-25,25
53476,80,92,-12,12
53477,77,76,1,1
53478,228,295,-67,67
53479,134,125,9,9
53480,140,151,-11,11
53481,47,50,-3,3
53482,113,114,-1,1
53483,58,63,-5,5
53484,34,47,-13,13
53485,46,54,-8,8
53486,68,65,3,3
53487,68,65,3,3
53488,43,53,-10,10
53489,74,74,0,0
53490,88,96,-8,8
53491,130,136,-6,6
53492,112,97,15,15
53493,91,94,-3,3
53494,70,60,10,10
53495,137,133,4,4
53496,67,59,8,8
53497,90,85,5,5
53498,137,115,22,22
53499,83,89,-6,6
53500,105,114,-9,9
53501,78,86,-8,8
53502,93,81,12,12
53503,88,85,3,3
53504,65,63,2,2
53505,105,102,3,3
53506,131,134,-3,3
53507,52,53,-1,1
53508,48,58,-10,10
53509,127,127,0,0
53510,70,83,-13,13
53511,62,61,1,1
53512,119,116,3,3
53513,75,79,-4,4
53514,90,84,6,6
53515,60,62,-2,2
53516,133,139,-6,6
53517,86,78,8,8
53518,77,82,-5,5
53519,81,84,-3,3
53520,98,102,-4,4
53521,101,102,-1,1
53522,70,72,-2,2
53523,86,78,8,8
53524,111,122,-11,11
53525,99,101,-2,2
53526,62,64,-2,2
53527,111,101,10,10
53528,57,60,-3,3
53529,93,91,2,2
53530,77,89,-12,12
53531,122,118,4,4
53532,96,103,-7,7
53533,52,61,-9,9
53534,66,61,5,5
53535,102,95,7,7
53536,79,96,-17,17
53537,83,99,-16,16
53538,90,97,-7,7
53539,117,86,31,31
53540,87,91,-4,4
53541,127,120,7,7
53542,50,63,-13,13
53543,62,73,-11,11
53544,63,78,-15,15
53545,80,71,9,9
53546,111,135,-24,24
53547,53,53,0,0
53548,105,100,5,5
53549,97,88,9,9
53550,48,52,-4,4
53551,66,71,-5,5
53552,113,117,-4,4
53553,142,141,1,1
53554,42,45,-3,3
53555,55,56,-1,1
53556,111,106,5,5
53557,89,90,-1,1
53558,76,99,-23,23
53559,126,123,3,3
53560,103,100,3,3
53561,53,63,-10,10
53562,90,91,-1,1
53563,66,63,3,3
53564,60,66,-6,6
53565,49,54,-5,5
53566,230,218,12,12
53567,64,64,0,0
53568,104,103,1,1
53569,82,88,-6,6
53570,157,153,4,4
53571,53,55,-2,2
53572,93,97,-4,4
53573,76,71,5,5
53574,61,65,-4,4
53575,100,100,0,0
53576,52,62,-10,10
53577,69,67,2,2
53578,117,115,2,2
53579,124,122,2,2
53580,100,95,5,5
53581,149,137,12,12
53582,99,105,-6,6
53583,120,112,8,8
53584,79,82,-3,3
53585,177,161,16,16
53586,62,64,-2,2
53587,99,93,6,6
53588,157,148,9,9
53589,117,113,4,4
53590,98,92,6,6
53591,68,68,0,0
53592,85,82,3,3
53593,91,106,-15,15
53594,106,98,8,8
53595,129,114,15,15
53596,134,126,8,8
53597,85,82,3,3
53598,122,121,1,1
53599,89,86,3,3
53600,46,54,-8,8
53601,91,90,1,1
53602,136,126,10,10
53603,52,56,-4,4
53604,98,109,-11,11
53605,98,98,0,0
53606,129,120,9,9
53607,49,49,0,0
53608,75,75,0,0
53609,70,71,-1,1
53610,102,96,6,6
53611,114,106,8,8
53612,31,45,-14,14
53613,120,127,-7,7
53614,108,104,4,4
53615,84,92,-8,8
53616,61,66,-5,5
53617,150,146,4,4
53618,52,92,-40,40
53619,44,53,-9,9
53620,71,78,-7,7
53621,62,74,-12,12
53622,74,80,-6,6
53623,100,99,1,1
53624,83,95,-12,12
53625,82,88,-6,6
53626,149,136,13,13
53627,113,125,-12,12
53628,99,92,7,7
53629,94,94,0,0
53630,77,82,-5,5
53631,116,122,-6,6
53632,154,136,18,18
53633,84,80,4,4
53634,116,109,7,7
53635,169,164,5,5
53636,126,124,2,2
53637,31,45,-14,14
53638,84,83,1,1
53639,81,79,2,2
53640,109,104,5,5
53641,96,98,-2,2
53642,78,77,1,1
53643,100,108,-8,8
53644,101,95,6,6
53645,63,64,-1,1
53646,118,118,0,0
53647,119,118,1,1
53648,70,61,9,9
53649,82,66,16,16
53650,57,61,-4,4
53651,89,95,-6,6
53652,124,114,10,10
53653,67,76,-9,9
53654,87,74,13,13
53655,115,116,-1,1
53656,76,73,3,3
53657,63,64,-1,1
53658,105,97,8,8
53659,77,75,2,2
53660,124,133,-9,9
53661,84,76,8,8
53662,52,62,-10,10
53663,55,56,-1,1
53664,120,129,-9,9
53665,206,180,26,26
53666,67,77,-10,10
53667,93,98,-5,5
53668,67,65,2,2
53669,71,66,5,5
53670,87,80,7,7
53671,72,67,5,5
53672,108,105,3,3
53673,116,120,-4,4
53674,62,61,1,1
53675,61,70,-9,9
53676,57,64,-7,7
53677,100,98,2,2
53678,78,92,-14,14
53679,93,95,-2,2
53680,102,105,-3,3
53681,187,195,-8,8
53682,88,79,9,9
53683,100,102,-2,2
53684,169,172,-3,3
53685,160,163,-3,3
53686,142,136,6,6
53687,146,146,0,0
53688,81,90,-9,9
53689,41,47,-6,6
53690,111,92,19,19
53691,124,110,14,14
53692,114,119,-5,5
53693,133,147,-14,14
53694,88,85,3,3
53695,90,90,0,0
53696,76,71,5,5
53697,83,85,-2,2
53698,130,128,2,2
53699,48,62,-14,14
53700,85,101,-16,16
53701,77,81,-4,4
53702,130,141,-11,11
53703,118,110,8,8
53704,106,108,-2,2
53705,67,75,-8,8
53706,111,115,-4,4
53707,94,87,7,7
53708,69,70,-1,1
53709,76,92,-16,16
53710,96,93,3,3
53711,84,79,5,5
53712,144,114,30,30
53713,66,75,-9,9
53714,86,84,2,2
53715,56,71,-15,15
53716,103,111,-8,8
53717,154,145,9,9
53718,80,71,9,9
53719,89,99,-10,10
53720,63,68,-5,5
53721,90,65,25,25
53722,102,96,6,6
53723,132,139,-7,7
53724,103,111,-8,8
53725,138,143,-5,5
53726,107,104,3,3
53727,84,88,-4,4
53728,158,155,3,3
53729,143,138,5,5
53730,83,90,-7,7
53731,101,100,1,1
53732,42,52,-10,10
53733,156,151,5,5
53734,96,105,-9,9
53735,124,141,-17,17
53736,91,87,4,4
53737,139,130,9,9
53738,80,79,1,1
53739,95,92,3,3
53740,95,93,2,2
53741,83,84,-1,1
53742,88,94,-6,6
53743,120,129,-9,9
53744,79,87,-8,8
53745,114,114,0,0
53746,54,57,-3,3
53747,72,78,-6,6
53748,122,118,4,4
53749,125,135,-10,10
53750,100,98,2,2
53751,90,103,-13,13
53752,92,97,-5,5
53753,85,87,-2,2
53754,115,115,0,0
53755,76,74,2,2
53756,94,114,-20,20
53757,128,121,7,7
53758,49,83,-34,34
53759,134,122,12,12
53760,114,119,-5,5
53761,75,74,1,1
53762,71,68,3,3
53763,131,135,-4,4
53764,110,106,4,4
53765,113,107,6,6
53766,79,88,-9,9
53767,90,55,35,35
53768,112,101,11,11
53769,92,88,4,4
53770,141,133,8,8
53771,46,52,-6,6
53772,103,103,0,0
53773,124,127,-3,3
53774,98,93,5,5
53775,106,98,8,8
53776,95,87,8,8
53777,50,58,-8,8
53778,98,85,13,13
53779,127,124,3,3
53780,147,138,9,9
53781,136,131,5,5
53782,68,67,1,1
53783,133,131,2,2
53784,112,117,-5,5
53785,73,72,1,1
53786,104,102,2,2
53787,118,115,3,3
53788,84,94,-10,10
53789,66,69,-3,3
53790,74,75,-1,1
53791,71,67,4,4
53792,122,121,1,1
53793,88,88,0,0
53794,90,89,1,1
53795,44,50,-6,6
53796,68,87,-19,19
53797,72,80,-8,8
53798,141,131,10,10
53799,84,112,-28,28
53800,120,121,-1,1
53801,46,51,-5,5
53802,59,62,-3,3
53803,136,116,20,20
53804,47,56,-9,9
53805,57,65,-8,8
53806,64,78,-14,14
53807,114,111,3,3
53808,75,72,3,3
53809,72,79,-7,7
53810,58,57,1,1
53811,70,77,-7,7
53812,146,139,7,7
53813,83,101,-18,18
53814,116,133,-17,17
53815,143,147,-4,4
53816,118,115,3,3
53817,200,184,16,16
53818,116,100,16,16
53819,124,128,-4,4
53820,142,131,11,11
53821,184,160,24,24
53822,137,142,-5,5
53823,76,63,13,13
53824,96,95,1,1
53825,52,52,0,0
53826,91,90,1,1
53827,55,54,1,1
53828,95,84,11,11
53829,59,66,-7,7
53830,145,138,7,7
53831,84,61,23,23
53832,112,111,1,1
53833,63,71,-8,8
53834,60,67,-7,7
53835,134,122,12,12
53836,88,81,7,7
53837,72,67,5,5
53838,107,114,-7,7
53839,74,74,0,0
53840,94,75,19,19
53841,84,78,6,6
53842,55,61,-6,6
53843,30,37,-7,7
53844,31,51,-20,20
53845,77,82,-5,5
53846,74,77,-3,3
53847,99,92,7,7
53848,148,150,-2,2
53849,70,82,-12,12
53850,86,80,6,6
53851,124,136,-12,12
53852,144,151,-7,7
53853,77,75,2,2
53854,117,113,4,4
53855,78,81,-3,3
53856,53,67,-14,14
53857,105,98,7,7
53858,79,66,13,13
53859,127,129,-2,2
53860,94,88,6,6
53861,159,157,2,2
53862,90,91,-1,1
53863,71,79,-8,8
53864,156,144,12,12
53865,140,152,-12,12
53866,57,54,3,3
53867,91,89,2,2
53868,61,64,-3,3
53869,91,101,-10,10
53870,54,60,-6,6
53871,78,73,5,5
53872,133,113,20,20
53873,121,114,7,7
53874,151,144,7,7
53875,119,112,7,7
53876,76,105,-29,29
53877,98,83,15,15
53878,97,94,3,3
53879,41,49,-8,8
53880,149,178,-29,29
53881,119,120,-1,1
53882,80,86,-6,6
53883,67,66,1,1
53884,70,87,-17,17
53885,120,113,7,7
53886,125,123,2,2
53887,76,84,-8,8
53888,77,87,-10,10
53889,89,90,-1,1
53890,63,65,-2,2
53891,163,148,15,15
53892,51,54,-3,3
53893,68,63,5,5
53894,131,140,-9,9
53895,109,113,-4,4
53896,61,63,-2,2
53897,118,132,-14,14
53898,103,96,7,7
53899,137,126,11,11
53900,93,87,6,6
53901,116,98,18,18
53902,61,63,-2,2
53903,80,88,-8,8
53904,88,89,-1,1
53905,121,134,-13,13
53906,63,69,-6,6
53907,150,152,-2,2
53908,130,133,-3,3
53909,112,110,2,2
53910,48,56,-8,8
53911,159,146,13,13
53912,75,72,3,3
53913,66,67,-1,1
53914,75,76,-1,1
53915,70,75,-5,5
53916,80,77,3,3
53917,95,95,0,0
53918,57,43,14,14
53919,79,73,6,6
53920,69,64,5,5
53921,60,52,8,8
53922,115,112,3,3
53923,121,96,25,25
53924,71,65,6,6
53925,88,89,-1,1
53926,97,99,-2,2
53927,56,58,-2,2
53928,107,95,12,12
53929,35,56,-21,21
53930,112,106,6,6
53931,74,78,-4,4
53932,80,79,1,1
53933,89,107,-18,18
53934,81,90,-9,9
53935,142,144,-2,2
53936,109,100,9,9
53937,118,106,12,12
53938,93,90,3,3
53939,127,128,-1,1
53940,84,83,1,1
53941,135,142,-7,7
53942,128,131,-3,3
53943,88,78,10,10
53944,77,80,-3,3
53945,73,80,-7,7
53946,92,88,4,4
53947,163,167,-4,4
53948,117,113,4,4
53949,186,168,18,18
53950,118,132,-14,14
53951,79,72,7,7
53952,81,83,-2,2
53953,114,148,-34,34
53954,83,83,0,0
53955,89,73,16,16
53956,139,134,5,5
53957,85,86,-1,1
53958,52,57,-5,5
53959,112,102,10,10
53960,79,82,-3,3
53961,90,88,2,2
53962,102,103,-1,1
53963,86,82,4,4
53964,83,75,8,8
53965,149,143,6,6
53966,50,55,-5,5
53967,73,68,5,5
53968,66,74,-8,8
53969,106,101,5,5
53970,78,72,6,6
53971,85,88,-3,3
53972,97,97,0,0
53973,50,66,-16,16
53974,126,140,-14,14
53975,83,95,-12,12
53976,98,101,-3,3
53977,75,77,-2,2
53978,93,94,-1,1
53979,143,129,14,14
53980,142,125,17,17
53981,55,61,-6,6
53982,68,62,6,6
53983,61,62,-1,1
53984,68,69,-1,1
53985,119,100,19,19
53986,85,83,2,2
53987,56,52,4,4
53988,105,117,-12,12
53989,74,76,-2,2
53990,61,63,-2,2
53991,125,131,-6,6
53992,49,56,-7,7
53993,117,134,-17,17
53994,109,94,15,15
53995,108,122,-14,14
53996,153,151,2,2
53997,59,62,-3,3
53998,173,149,24,24
53999,90,87,3,3
54000,102,104,-2,2
54001,53,57,-4,4
54002,91,97,-6,6
54003,162,133,29,29
54004,129,123,6,6
54005,110,133,-23,23
54006,80,68,12,12
54007,94,96,-2,2
54008,107,120,-13,13
54009,57,64,-7,7
54010,109,110,-1,1
54011,73,73,0,0
54012,229,229,0,0
54013,170,167,3,3
54014,70,70,0,0
54015,104,116,-12,12
54016,83,81,2,2
54017,101,103,-2,2
54018,86,83,3,3
54019,108,115,-7,7
54020,96,98,-2,2
54021,80,87,-7,7
54022,68,69,-1,1
54023,91,87,4,4
54024,112,110,2,2
54025,122,117,5,5
54026,132,124,8,8
54027,96,98,-2,2
54028,81,86,-5,5
54029,80,94,-14,14
54030,101,96,5,5
54031,117,119,-2,2
54032,100,92,8,8
54033,83,103,-20,20
54034,93,93,0,0
54035,103,107,-4,4
54036,48,55,-7,7
54037,110,106,4,4
54038,128,122,6,6
54039,37,44,-7,7
54040,110,118,-8,8
54041,94,90,4,4
54042,127,148,-21,21
54043,70,68,2,2
54044,112,113,-1,1
54045,189,192,-3,3
54046,95,108,-13,13
54047,123,125,-2,2
54048,152,150,2,2
54049,85,82,3,3
54050,60,66,-6,6
54051,74,71,3,3
54052,89,97,-8,8
54053,97,88,9,9
54054,159,155,4,4
54055,90,99,-9,9
54056,76,80,-4,4
54057,83,100,-17,17
54058,71,82,-11,11
54059,105,97,8,8
54060,102,103,-1,1
54061,161,157,4,4
54062,123,119,4,4
54063,85,91,-6,6
54064,41,51,-10,10
54065,165,153,12,12
54066,60,86,-26,26
54067,123,118,5,5
54068,59,61,-2,2
54069,51,50,1,1
54070,160,163,-3,3
54071,134,165,-31,31
54072,87,90,-3,3
54073,91,85,6,6
54074,52,56,-4,4
54075,111,109,2,2
54076,139,152,-13,13
54077,65,65,0,0
54078,96,88,8,8
54079,92,85,7,7
54080,77,90,-13,13
54081,106,108,-2,2
54082,194,182,12,12
54083,127,128,-1,1
54084,121,106,15,15
54085,140,156,-16,16
54086,129,131,-2,2
54087,59,62,-3,3
54088,82,90,-8,8
54089,59,64,-5,5
54090,98,95,3,3
54091,214,193,21,21
54092,107,115,-8,8
54093,122,132,-10,10
54094,75,70,5,5
54095,52,51,1,1
54096,129,110,19,19
54097,59,64,-5,5
54098,64,91,-27,27
54099,144,139,5,5
54100,99,83,16,16
54101,156,159,-3,3
54102,173,177,-4,4
54103,82,84,-2,2
54104,145,124,21,21
54105,105,98,7,7
54106,102,112,-10,10
54107,69,71,-2,2
54108,51,43,8,8
54109,44,52,-8,8
54110,30,44,-14,14
54111,118,113,5,5
54112,85,76,9,9
54113,70,75,-5,5
54114,61,64,-3,3
54115,69,77,-8,8
54116,81,84,-3,3
54117,68,60,8,8
54118,149,139,10,10
54119,47,60,-13,13
54120,53,58,-5,5
54121,143,144,-1,1
54122,91,104,-13,13
54123,93,97,-4,4
54124,45,57,-12,12
54125,122,111,11,11
54126,112,113,-1,1
54127,165,151,14,14
54128,57,66,-9,9
54129,101,97,4,4
54130,54,69,-15,15
54131,55,59,-4,4
54132,74,69,5,5
54133,95,80,15,15
54134,58,100,-42,42
54135,114,131,-17,17
54136,73,94,-21,21
54137,81,81,0,0
54138,63,63,0,0
54139,139,159,-20,20
54140,96,91,5,5
54141,111,114,-3,3
54142,157,148,9,9
54143,167,165,2,2
54144,166,160,6,6
54145,115,125,-10,10
54146,80,73,7,7
54147,166,146,20,20
54148,89,92,-3,3
54149,69,71,-2,2
54150,34,43,-9,9
54151,92,90,2,2
54152,81,91,-10,10
54153,131,142,-11,11
54154,65,72,-7,7
54155,107,111,-4,4
54156,61,65,-4,4
54157,77,90,-13,13
54158,92,92,0,0
54159,175,178,-3,3
54160,154,151,3,3
54161,101,103,-2,2
54162,96,93,3,3
54163,82,87,-5,5
54164,72,68,4,4
54165,60,66,-6,6
54166,137,139,-2,2
54167,44,49,-5,5
54168,77,71,6,6
54169,111,111,0,0
54170,41,56,-15,15
54171,119,108,11,11
54172,83,83,0,0
54173,108,97,11,11
54174,128,121,7,7
54175,76,84,-8,8
54176,41,62,-21,21
54177,79,80,-1,1
54178,175,161,14,14
54179,115,106,9,9
54180,87,89,-2,2
54181,136,125,11,11
54182,76,71,5,5
54183,107,115,-8,8
54184,86,97,-11,11
54185,118,114,4,4
54186,98,93,5,5
54187,73,70,3,3
54188,176,154,22,22
54189,110,109,1,1
54190,73,77,-4,4
54191,73,63,10,10
54192,109,121,-12,12
54193,96,98,-2,2
54194,128,126,2,2
54195,65,59,6,6
54196,81,88,-7,7
54197,76,74,2,2
54198,81,93,-12,12
54199,55,48,7,7
54200,93,102,-9,9
54201,138,130,8,8
54202,127,122,5,5
54203,110,88,22,22
54204,97,99,-2,2
54205,106,119,-13,13
54206,70,66,4,4
54207,84,106,-22,22
54208,103,103,0,0
54209,109,96,13,13
54210,82,84,-2,2
54211,82,82,0,0
54212,75,80,-5,5
54213,96,86,10,10
54214,74,73,1,1
54215,50,57,-7,7
54216,80,74,6,6
54217,129,150,-21,21
54218,127,123,4,4
54219,101,118,-17,17
54220,94,106,-12,12
54221,80,90,-10,10
54222,51,55,-4,4
54223,98,104,-6,6
54224,93,97,-4,4
54225,138,124,14,14
54226,127,125,2,2
54227,115,114,1,1
54228,57,56,1,1
54229,62,67,-5,5
54230,125,131,-6,6
54231,74,77,-3,3
54232,104,97,7,7
54233,112,108,4,4
54234,101,103,-2,2
54235,81,68,13,13
54236,58,68,-10,10
54237,98,89,9,9
54238,60,62,-2,2
54239,60,69,-9,9
54240,119,109,10,10
54241,92,90,2,2
54242,79,85,-6,6
54243,72,67,5,5
54244,59,66,-7,7
54245,53,61,-8,8
54246,133,128,5,5
54247,81,93,-12,12
54248,167,156,11,11
54249,110,101,9,9
54250,62,72,-10,10
54251,77,75,2,2
54252,81,84,-3,3
54253,108,89,19,19
54254,107,97,10,10
54255,56,61,-5,5
54256,74,70,4,4
54257,55,67,-12,12
54258,41,49,-8,8
54259,95,90,5,5
54260,80,84,-4,4
54261,107,111,-4,4
54262,89,94,-5,5
54263,69,69,0,0
54264,89,90,-1,1
54265,125,116,9,9
54266,139,156,-17,17
54267,63,69,-6,6
54268,79,93,-14,14
54269,111,107,4,4
54270,80,88,-8,8
54271,89,106,-17,17
54272,65,66,-1,1
54273,139,136,3,3
54274,105,106,-1,1
54275,59,60,-1,1
54276,108,94,14,14
54277,71,73,-2,2
54278,57,68,-11,11
54279,65,64,1,1
54280,66,64,2,2
54281,171,166,5,5
54282,69,82,-13,13
54283,137,121,16,16
54284,62,65,-3,3
54285,92,92,0,0
54286,87,74,13,13
54287,131,115,16,16
54288,160,165,-5,5
54289,78,84,-6,6
54290,82,91,-9,9
54291,152,178,-26,26
54292,34,41,-7,7
54293,80,94,-14,14
54294,201,197,4,4
54295,89,90,-1,1
54296,88,91,-3,3
54297,137,141,-4,4
54298,58,61,-3,3
54299,87,104,-17,17
54300,106,115,-9,9
54301,67,69,-2,2
54302,57,59,-2,2
54303,83,78,5,5
54304,105,101,4,4
54305,187,167,20,20
54306,92,92,0,0
54307,43,52,-9,9
54308,130,133,-3,3
54309,103,102,1,1
54310,79,77,2,2
54311,176,174,2,2
54312,120,118,2,2
54313,75,70,5,5
54314,75,64,11,11
54315,77,66,11,11
54316,87,80,7,7
54317,49,47,2,2
54318,164,146,18,18
54319,142,129,13,13
54320,136,132,4,4
54321,51,64,-13,13
54322,79,91,-12,12
54323,173,177,-4,4
54324,118,134,-16,16
54325,75,78,-3,3
54326,87,98,-11,11
54327,66,65,1,1
54328,67,68,-1,1
54329,124,117,7,7
54330,62,65,-3,3
54331,88,92,-4,4
54332,87,89,-2,2
54333,125,134,-9,9
54334,107,89,18,18
54335,65,62,3,3
54336,50,56,-6,6
54337,80,71,9,9
54338,166,157,9,9
54339,142,131,11,11
54340,171,167,4,4
54341,57,53,4,4
54342,87,89,-2,2
54343,106,85,21,21
54344,95,98,-3,3
54345,108,97,11,11
54346,105,91,14,14
54347,112,107,5,5
54348,101,94,7,7
54349,89,82,7,7
54350,49,57,-8,8
54351,84,78,6,6
54352,101,114,-13,13
54353,66,60,6,6
54354,83,82,1,1
54355,58,54,4,4
54356,85,85,0,0
54357,91,123,-32,32
54358,53,78,-25,25
54359,94,94,0,0
54360,97,86,11,11
54361,76,85,-9,9
54362,45,58,-13,13
54363,49,55,-6,6
54364,150,154,-4,4
54365,104,100,4,4
54366,111,112,-1,1
54367,68,62,6,6
54368,93,102,-9,9
54369,100,97,3,3
54370,107,113,-6,6
54371,121,117,4,4
54372,60,61,-1,1
54373,134,138,-4,4
54374,127,125,2,2
54375,76,81,-5,5
54376,122,109,13,13
54377,71,71,0,0
54378,73,65,8,8
54379,74,71,3,3
54380,133,125,8,8
54381,78,71,7,7
54382,60,82,-22,22
54383,112,132,-20,20
54384,87,98,-11,11
54385,105,88,17,17
54386,62,69,-7,7
54387,76,75,1,1
54388,124,118,6,6
54389,108,115,-7,7
54390,63,65,-2,2
54391,192,193,-1,1
54392,63,79,-16,16
54393,94,92,2,2
54394,76,94,-18,18
54395,153,151,2,2
54396,145,141,4,4
54397,118,130,-12,12
54398,144,134,10,10
54399,80,83,-3,3
54400,81,79,2,2
54401,167,145,22,22
54402,112,91,21,21
54403,87,91,-4,4
54404,114,88,26,26
54405,96,105,-9,9
54406,72,92,-20,20
54407,148,154,-6,6
54408,105,114,-9,9
54409,138,150,-12,12
54410,80,88,-8,8
54411,79,83,-4,4
54412,92,86,6,6
54413,104,113,-9,9
54414,60,73,-13,13
54415,179,156,23,23
54416,86,87,-1,1
54417,32,45,-13,13
54418,134,108,26,26
54419,71,73,-2,2
54420,93,94,-1,1
54421,112,98,14,14
54422,117,120,-3,3
54423,112,116,-4,4
54424,83,85,-2,2
54425,111,102,9,9
54426,143,130,13,13
54427,84,68,16,16
54428,58,66,-8,8
54429,78,78,0,0
54430,116,109,7,7
54431,120,116,4,4
54432,102,94,8,8
54433,155,94,61,61
54434,106,107,-1,1
54435,79,78,1,1
54436,111,110,1,1
54437,72,72,0,0
54438,59,61,-2,2
54439,139,141,-2,2
54440,119,105,14,14
54441,100,96,4,4
54442,59,71,-12,12
54443,67,77,-10,10
54444,149,153,-4,4
54445,74,72,2,2
54446,96,93,3,3
54447,196,202,-6,6
54448,144,135,9,9
54449,101,94,7,7
54450,80,93,-13,13
54451,76,85,-9,9
54452,96,96,0,0
54453,112,109,3,3
54454,73,93,-20,20
54455,126,92,34,34
54456,92,91,1,1
54457,125,143,-18,18
54458,64,71,-7,7
54459,146,136,10,10
54460,77,102,-25,25
54461,148,142,6,6
54462,126,126,0,0
54463,95,97,-2,2
54464,58,60,-2,2
54465,146,139,7,7
54466,148,134,14,14
54467,104,108,-4,4
54468,129,124,5,5
54469,60,55,5,5
54470,83,78,5,5
54471,67,54,13,13
54472,132,125,7,7
54473,82,90,-8,8
54474,34,52,-18,18
54475,76,59,17,17
54476,116,115,1,1
54477,119,129,-10,10
54478,96,98,-2,2
54479,138,118,20,20
54480,80,81,-1,1
54481,109,94,15,15
54482,103,102,1,1
54483,57,65,-8,8
54484,41,42,-1,1
54485,121,125,-4,4
54486,87,82,5,5
54487,125,127,-2,2
54488,82,92,-10,10
54489,36,43,-7,7
54490,63,63,0,0
54491,112,122,-10,10
54492,90,84,6,6
54493,110,122,-12,12
54494,184,174,10,10
54495,97,108,-11,11
54496,64,69,-5,5
54497,115,108,7,7
54498,85,84,1,1
54499,60,63,-3,3
54500,68,76,-8,8
54501,118,112,6,6
54502,56,69,-13,13
54503,49,58,-9,9
54504,92,98,-6,6
54505,62,56,6,6
54506,131,119,12,12
54507,125,128,-3,3
54508,146,147,-1,1
54509,78,73,5,5
54510,69,64,5,5
54511,76,70,6,6
54512,66,68,-2,2
54513,71,76,-5,5
54514,97,105,-8,8
54515,264,253,11,11
54516,38,49,-11,11
54517,134,141,-7,7
54518,70,71,-1,1
54519,67,72,-5,5
54520,128,128,0,0
54521,138,113,25,25
54522,101,113,-12,12
54523,76,75,1,1
54524,42,47,-5,5
54525,138,117,21,21
54526,126,126,0,0
54527,80,77,3,3
54528,61,65,-4,4
54529,105,99,6,6
54530,113,105,8,8
54531,96,96,0,0
54532,97,101,-4,4
54533,74,84,-10,10
54534,129,122,7,7
54535,83,83,0,0
54536,87,73,14,14
54537,72,69,3,3
54538,120,117,3,3
54539,95,111,-16,16
54540,62,57,5,5
54541,54,58,-4,4
54542,80,86,-6,6
54543,109,97,12,12
54544,90,78,12,12
54545,30,32,-2,2
54546,103,104,-1,1
54547,91,104,-13,13
54548,92,83,9,9
54549,79,92,-13,13
54550,120,118,2,2
54551,131,123,8,8
54552,91,90,1,1
54553,64,61,3,3
54554,106,108,-2,2
54555,81,85,-4,4
54556,86,85,1,1
54557,190,190,0,0
54558,80,80,0,0
54559,108,116,-8,8
54560,136,126,10,10
54561,84,83,1,1
54562,122,120,2,2
54563,80,74,6,6
54564,80,74,6,6
54565,143,142,1,1
54566,31,39,-8,8
54567,96,98,-2,2
54568,74,71,3,3
54569,130,128,2,2
54570,99,97,2,2
54571,90,98,-8,8
54572,89,87,2,2
54573,122,112,10,10
54574,116,110,6,6
54575,111,113,-2,2
54576,129,114,15,15
54577,97,102,-5,5
54578,122,105,17,17
54579,94,116,-22,22
54580,78,81,-3,3
54581,101,99,2,2
54582,77,81,-4,4
54583,99,117,-18,18
54584,91,108,-17,17
54585,74,77,-3,3
54586,120,118,2,2
54587,109,102,7,7
54588,54,60,-6,6
54589,105,95,10,10
54590,140,159,-19,19
54591,175,169,6,6
54592,103,96,7,7
54593,80,84,-4,4
54594,71,77,-6,6
54595,101,94,7,7
54596,91,89,2,2
54597,75,89,-14,14
54598,51,63,-12,12
54599,59,64,-5,5
54600,108,99,9,9
54601,198,195,3,3
54602,48,48,0,0
54603,117,119,-2,2
54604,44,42,2,2
54605,105,103,2,2
54606,78,85,-7,7
54607,92,108,-16,16
54608,89,78,11,11
54609,68,66,2,2
54610,50,44,6,6
54611,83,78,5,5
54612,71,68,3,3
54613,96,114,-18,18
54614,146,139,7,7
54615,134,108,26,26
54616,73,85,-12,12
54617,84,113,-29,29
54618,86,93,-7,7
54619,152,141,11,11
54620,59,60,-1,1
54621,183,170,13,13
54622,50,59,-9,9
54623,83,84,-1,1
54624,103,102,1,1
54625,63,65,-2,2
54626,58,58,0,0
54627,79,78,1,1
54628,65,92,-27,27
54629,50,56,-6,6
54630,89,89,0,0
54631,132,131,1,1
54632,91,99,-8,8
54633,79,85,-6,6
54634,89,83,6,6
54635,117,128,-11,11
54636,89,86,3,3
54637,109,122,-13,13
54638,124,121,3,3
54639,97,99,-2,2
54640,131,129,2,2
54641,86,80,6,6
54642,77,77,0,0
54643,96,96,0,0
54644,94,102,-8,8
54645,74,72,2,2
54646,129,125,4,4
54647,104,102,2,2
54648,113,123,-10,10
54649,99,104,-5,5
54650,63,57,6,6
54651,95,103,-8,8
54652,68,77,-9,9
54653,194,178,16,16
54654,99,114,-15,15
54655,123,129,-6,6
54656,119,117,2,2
54657,108,100,8,8
54658,66,85,-19,19
54659,60,70,-10,10
54660,58,66,-8,8
54661,183,187,-4,4
54662,190,204,-14,14
54663,165,148,17,17
54664,80,88,-8,8
54665,166,157,9,9
54666,123,123,0,0
54667,131,138,-7,7
54668,62,61,1,1
54669,83,68,15,15
54670,125,117,8,8
54671,103,107,-4,4
54672,101,111,-10,10
54673,95,88,7,7
54674,59,65,-6,6
54675,107,102,5,5
54676,79,74,5,5
54677,87,80,7,7
54678,84,85,-1,1
54679,67,71,-4,4
54680,75,69,6,6
54681,85,83,2,2
54682,89,84,5,5
54683,105,120,-15,15
54684,71,82,-11,11
54685,150,129,21,21
54686,59,64,-5,5
54687,86,89,-3,3
54688,85,82,3,3
54689,110,107,3,3
54690,76,75,1,1
54691,100,104,-4,4
54692,109,100,9,9
54693,110,101,9,9
54694,97,122,-25,25
54695,109,117,-8,8
54696,188,188,0,0
54697,52,60,-8,8
54698,56,62,-6,6
54699,87,90,-3,3
54700,72,80,-8,8
54701,171,162,9,9
54702,109,113,-4,4
54703,86,93,-7,7
54704,140,142,-2,2
54705,113,108,5,5
54706,89,83,6,6
54707,102,98,4,4
54708,82,77,5,5
54709,87,85,2,2
54710,85,86,-1,1
54711,150,143,7,7
54712,151,122,29,29
54713,65,76,-11,11
54714,150,147,3,3
54715,102,107,-5,5
54716,88,85,3,3
54717,108,116,-8,8
54718,38,61,-23,23
54719,123,125,-2,2
54720,92,76,16,16
54721,120,105,15,15
54722,108,98,10,10
54723,72,69,3,3
54724,62,69,-7,7
54725,105,109,-4,4
54726,71,85,-14,14
54727,99,89,10,10
54728,88,87,1,1
54729,79,108,-29,29
54730,86,84,2,2
54731,116,106,10,10
54732,74,81,-7,7
54733,93,98,-5,5
54734,198,267,-69,69
54735,96,88,8,8
54736,78,79,-1,1
54737,57,55,2,2
54738,45,59,-14,14
54739,140,138,2,2
54740,76,71,5,5
54741,88,93,-5,5
54742,127,123,4,4
54743,50,59,-9,9
54744,101,104,-3,3
54745,71,83,-12,12
54746,141,127,14,14
54747,110,126,-16,16
54748,144,122,22,22
54749,114,118,-4,4
54750,66,66,0,0
54751,90,107,-17,17
54752,83,78,5,5
54753,143,125,18,18
54754,81,68,13,13
54755,41,41,0,0
54756,165,173,-8,8
54757,92,94,-2,2
54758,43,67,-24,24
54759,84,70,14,14
54760,58,63,-5,5
54761,74,70,4,4
54762,102,80,22,22
54763,62,71,-9,9
54764,115,106,9,9
54765,93,102,-9,9
54766,155,153,2,2
54767,173,185,-12,12
54768,145,137,8,8
54769,75,74,1,1
54770,116,107,9,9
54771,114,109,5,5
54772,115,117,-2,2
54773,123,121,2,2
54774,86,101,-15,15
54775,95,99,-4,4
54776,59,59,0,0
54777,123,125,-2,2
54778,111,117,-6,6
54779,109,132,-23,23
54780,92,87,5,5
54781,118,139,-21,21
54782,42,44,-2,2
54783,65,71,-6,6
54784,74,76,-2,2
54785,144,153,-9,9
54786,139,137,2,2
54787,71,79,-8,8
54788,66,64,2,2
54789,81,87,-6,6
54790,103,103,0,0
54791,65,62,3,3
54792,137,152,-15,15
54793,86,85,1,1
54794,64,55,9,9
54795,96,93,3,3
54796,76,85,-9,9
54797,56,62,-6,6
54798,59,60,-1,1
54799,70,68,2,2
54800,79,83,-4,4
54801,92,90,2,2
54802,64,72,-8,8
54803,141,145,-4,4
54804,111,105,6,6
54805,123,108,15,15
54806,55,63,-8,8
54807,58,59,-1,1
54808,105,90,15,15
54809,124,113,11,11
54810,76,81,-5,5
54811,72,89,-17,17
54812,68,85,-17,17
54813,39,49,-10,10
54814,83,76,7,7
54815,90,83,7,7
54816,84,52,32,32
54817,131,121,10,10
54818,100,93,7,7
54819,68,65,3,3
54820,199,183,16,16
54821,111,112,-1,1
54822,63,64,-1,1
54823,112,112,0,0
54824,58,68,-10,10
54825,167,167,0,0
54826,167,155,12,12
54827,204,180,24,24
54828,88,89,-1,1
54829,112,108,4,4
54830,109,112,-3,3
54831,74,54,20,20
54832,118,119,-1,1
54833,114,114,0,0
54834,52,56,-4,4
54835,79,80,-1,1
54836,63,66,-3,3
54837,34,46,-12,12
54838,75,61,14,14
54839,66,71,-5,5
54840,165,178,-13,13
54841,140,118,22,22
54842,68,69,-1,1
54843,119,114,5,5
54844,109,112,-3,3
54845,79,81,-2,2
54846,96,83,13,13
54847,96,90,6,6
54848,58,61,-3,3
54849,99,99,0,0
54850,68,73,-5,5
54851,61,55,6,6
54852,89,99,-10,10
54853,135,129,6,6
54854,60,66,-6,6
54855,92,97,-5,5
54856,84,77,7,7
54857,84,92,-8,8
54858,94,94,0,0
54859,101,114,-13,13
54860,119,116,3,3
54861,139,138,1,1
54862,84,88,-4,4
54863,204,170,34,34
54864,97,91,6,6
54865,79,91,-12,12
54866,101,107,-6,6
54867,86,89,-3,3
54868,84,82,2,2
54869,67,60,7,7
54870,98,94,4,4
54871,79,71,8,8
54872,90,82,8,8
54873,62,65,-3,3
54874,65,71,-6,6
54875,62,66,-4,4
54876,41,45,-4,4
54877,140,121,19,19
54878,167,162,5,5
54879,129,135,-6,6
54880,170,186,-16,16
54881,76,76,0,0
54882,88,91,-3,3
54883,57,62,-5,5
54884,55,62,-7,7
54885,81,70,11,11
54886,142,141,1,1
54887,118,106,12,12
54888,66,62,4,4
54889,61,70,-9,9
54890,97,107,-10,10
54891,88,92,-4,4
54892,101,105,-4,4
54893,64,76,-12,12
54894,116,113,3,3
54895,90,79,11,11
54896,87,98,-11,11
54897,98,90,8,8
54898,111,120,-9,9
54899,67,63,4,4
54900,51,56,-5,5
54901,123,139,-16,16
54902,59,65,-6,6
54903,67,65,2,2
54904,48,57,-9,9
54905,52,68,-16,16
54906,180,178,2,2
54907,61,65,-4,4
54908,162,147,15,15
54909,76,81,-5,5
54910,57,58,-1,1
54911,90,96,-6,6
54912,55,66,-11,11
54913,103,113,-10,10
54914,72,80,-8,8
54915,70,65,5,5
54916,154,148,6,6
54917,113,123,-10,10
54918,108,93,15,15
54919,50,63,-13,13
54920,45,61,-16,16
54921,71,68,3,3
54922,132,128,4,4
54923,164,159,5,5
54924,100,113,-13,13
54925,46,50,-4,4
54926,85,76,9,9
54927,88,82,6,6
54928,107,106,1,1
54929,84,80,4,4
54930,48,47,1,1
54931,98,104,-6,6
54932,154,157,-3,3
54933,115,115,0,0
54934,69,71,-2,2
54935,47,63,-16,16
54936,79,73,6,6
54937,74,72,2,2
54938,77,80,-3,3
54939,52,53,-1,1
54940,146,132,14,14
54941,74,83,-9,9
54942,122,128,-6,6
54943,83,100,-17,17
54944,134,119,15,15
54945,113,120,-7,7
54946,113,97,16,16
54947,100,121,-21,21
54948,77,77,0,0
54949,91,85,6,6
54950,112,141,-29,29
54951,109,105,4,4
54952,97,98,-1,1
54953,156,151,5,5
54954,128,116,12,12
54955,88,91,-3,3
54956,68,63,5,5
54957,69,73,-4,4
54958,137,134,3,3
54959,68,77,-9,9
54960,65,66,-1,1
54961,93,90,3,3
54962,58,61,-3,3
54963,55,63,-8,8
54964,121,114,7,7
54965,133,144,-11,11
54966,50,55,-5,5
54967,228,192,36,36
54968,101,94,7,7
54969,51,58,-7,7
54970,89,81,8,8
54971,63,72,-9,9
54972,70,83,-13,13
54973,41,48,-7,7
54974,114,110,4,4
54975,65,68,-3,3
54976,83,85,-2,2
54977,61,68,-7,7
54978,68,98,-30,30
54979,107,115,-8,8
54980,70,155,-85,85
54981,122,112,10,10
54982,44,54,-10,10
54983,138,145,-7,7
54984,178,181,-3,3
54985,94,79,15,15
54986,107,98,9,9
54987,63,65,-2,2
54988,84,99,-15,15
54989,124,117,7,7
54990,68,84,-16,16
54991,78,86,-8,8
54992,177,168,9,9
54993,49,63,-14,14
54994,60,74,-14,14
54995,63,77,-14,14
54996,39,56,-17,17
54997,88,90,-2,2
54998,150,156,-6,6
54999,105,106,-1,1
55000,88,84,4,4
55001,58,46,12,12
55002,47,56,-9,9
55003,135,125,10,10
55004,101,90,11,11
55005,61,62,-1,1
55006,114,103,11,11
55007,75,80,-5,5
55008,88,87,1,1
55009,69,65,4,4
55010,95,91,4,4
55011,120,148,-28,28
55012,148,165,-17,17
55013,80,81,-1,1
55014,54,57,-3,3
55015,85,74,11,11
55016,123,108,15,15
55017,101,114,-13,13
55018,108,112,-4,4
55019,62,69,-7,7
55020,68,82,-14,14
55021,55,64,-9,9
55022,103,107,-4,4
55023,115,116,-1,1
55024,94,92,2,2
55025,77,78,-1,1
55026,146,142,4,4
55027,62,63,-1,1
55028,57,62,-5,5
55029,204,191,13,13
55030,52,58,-6,6
55031,111,139,-28,28
55032,67,65,2,2
55033,116,115,1,1
55034,168,178,-10,10
55035,47,56,-9,9
55036,75,69,6,6
55037,92,84,8,8
55038,139,137,2,2
55039,130,119,11,11
55040,118,114,4,4
55041,72,76,-4,4
55042,90,89,1,1
55043,104,80,24,24
55044,99,106,-7,7
55045,98,106,-8,8
55046,84,84,0,0
55047,106,90,16,16
55048,69,71,-2,2
55049,72,76,-4,4
55050,86,89,-3,3
55051,122,108,14,14
55052,103,90,13,13
55053,113,111,2,2
55054,70,66,4,4
55055,73,91,-18,18
55056,79,74,5,5
55057,102,94,8,8
55058,79,70,9,9
55059,67,67,0,0
55060,61,61,0,0
55061,78,86,-8,8
55062,83,76,7,7
55063,91,88,3,3
55064,49,64,-15,15
55065,64,66,-2,2
55066,76,74,2,2
55067,155,151,4,4
55068,90,104,-14,14
55069,78,122,-44,44
55070,67,77,-10,10
55071,112,119,-7,7
55072,90,94,-4,4
55073,98,86,12,12
55074,93,97,-4,4
55075,103,120,-17,17
55076,64,69,-5,5
55077,94,100,-6,6
55078,58,59,-1,1
55079,76,87,-11,11
55080,153,146,7,7
55081,96,89,7,7
55082,151,144,7,7
55083,60,52,8,8
55084,87,82,5,5
55085,30,42,-12,12
55086,83,81,2,2
55087,107,113,-6,6
55088,114,111,3,3
55089,74,70,4,4
55090,99,122,-23,23
55091,120,119,1,1
55092,89,91,-2,2
55093,215,201,14,14
55094,53,61,-8,8
55095,74,79,-5,5
55096,112,109,3,3
55097,76,71,5,5
55098,69,69,0,0
55099,146,115,31,31
55100,92,87,5,5
55101,72,72,0,0
55102,184,210,-26,26
55103,50,57,-7,7
55104,82,80,2,2
55105,90,93,-3,3
55106,152,134,18,18
55107,41,46,-5,5
55108,149,147,2,2
55109,83,84,-1,1
55110,45,62,-17,17
55111,225,192,33,33
55112,169,147,22,22
55113,44,53,-9,9
55114,118,133,-15,15
55115,108,102,6,6
55116,125,117,8,8
55117,124,118,6,6
55118,65,83,-18,18
55119,164,153,11,11
55120,138,134,4,4
55121,87,93,-6,6
55122,51,59,-8,8
55123,98,103,-5,5
55124,64,74,-10,10
55125,63,67,-4,4
55126,101,104,-3,3
55127,90,86,4,4
55128,104,99,5,5
55129,140,143,-3,3
55130,121,123,-2,2
55131,107,116,-9,9
55132,85,87,-2,2
55133,116,120,-4,4
55134,55,67,-12,12
55135,74,80,-6,6
55136,178,168,10,10
55137,134,106,28,28
55138,62,67,-5,5
55139,113,121,-8,8
55140,75,77,-2,2
55141,84,83,1,1
55142,88,82,6,6
55143,68,84,-16,16
55144,46,55,-9,9
55145,150,157,-7,7
55146,99,80,19,19
55147,108,106,2,2
55148,118,66,52,52
55149,48,56,-8,8
55150,104,88,16,16
55151,73,67,6,6
55152,109,109,0,0
55153,62,68,-6,6
55154,91,71,20,20
55155,119,133,-14,14
55156,157,158,-1,1
55157,117,115,2,2
55158,60,62,-2,2
55159,90,78,12,12
55160,102,103,-1,1
55161,100,99,1,1
55162,99,94,5,5
55163,108,94,14,14
55164,90,89,1,1
55165,120,114,6,6
55166,97,98,-1,1
55167,78,78,0,0
55168,105,105,0,0
55169,160,160,0,0
55170,143,134,9,9
55171,112,124,-12,12
55172,152,99,53,53
55173,153,140,13,13
55174,65,64,1,1
55175,66,68,-2,2
55176,63,59,4,4
55177,55,86,-31,31
55178,75,79,-4,4
55179,91,80,11,11
55180,81,79,2,2
55181,138,128,10,10
55182,120,112,8,8
55183,86,88,-2,2
55184,75,67,8,8
55185,15,37,-22,22
55186,71,81,-10,10
55187,158,156,2,2
55188,102,91,11,11
55189,58,58,0,0
55190,54,48,6,6
55191,77,101,-24,24
55192,82,80,2,2
55193,69,67,2,2
55194,92,109,-17,17
55195,132,120,12,12
55196,109,112,-3,3
55197,192,180,12,12
55198,62,57,5,5
55199,41,51,-10,10
55200,120,118,2,2
55201,82,87,-5,5
55202,116,118,-2,2
55203,44,57,-13,13
55204,87,88,-1,1
55205,63,76,-13,13
55206,75,81,-6,6
55207,106,94,12,12
55208,198,197,1,1
55209,87,81,6,6
55210,45,57,-12,12
55211,95,95,0,0
55212,128,123,5,5
55213,72,74,-2,2
55214,80,86,-6,6
55215,144,169,-25,25
55216,83,83,0,0
55217,138,123,15,15
55218,107,99,8,8
55219,42,51,-9,9
55220,105,106,-1,1
55221,129,112,17,17
55222,78,74,4,4
55223,157,140,17,17
55224,135,132,3,3
55225,38,49,-11,11
55226,174,162,12,12
55227,83,88,-5,5
55228,79,75,4,4
55229,172,169,3,3
55230,76,67,9,9
55231,106,99,7,7
55232,102,94,8,8
55233,60,68,-8,8
55234,160,140,20,20
55235,58,60,-2,2
55236,66,67,-1,1
55237,93,92,1,1
55238,97,84,13,13
55239,99,111,-12,12
55240,232,219,13,13
55241,111,107,4,4
55242,57,54,3,3
55243,92,106,-14,14
55244,70,65,5,5
55245,58,65,-7,7
55246,58,62,-4,4
55247,80,91,-11,11
55248,119,110,9,9
55249,111,100,11,11
55250,73,76,-3,3
55251,72,71,1,1
55252,98,93,5,5
55253,114,112,2,2
55254,115,103,12,12
55255,180,47,133,133
55256,137,151,-14,14
55257,106,92,14,14
55258,116,109,7,7
55259,161,147,14,14
55260,53,57,-4,4
55261,160,146,14,14
55262,105,105,0,0
55263,85,83,2,2
55264,137,142,-5,5
55265,78,75,3,3
55266,152,153,-1,1
55267,107,94,13,13
55268,61,63,-2,2
55269,113,109,4,4
55270,145,132,13,13
55271,125,105,20,20
55272,63,68,-5,5
55273,83,91,-8,8
55274,139,133,6,6
55275,79,74,5,5
55276,136,131,5,5
55277,77,72,5,5
55278,101,90,11,11
55279,54,60,-6,6
55280,103,107,-4,4
55281,84,79,5,5
55282,62,64,-2,2
55283,149,141,8,8
55284,52,57,-5,5
55285,143,152,-9,9
55286,185,176,9,9
55287,121,115,6,6
55288,93,109,-16,16
55289,89,94,-5,5
55290,71,70,1,1
55291,96,91,5,5
55292,92,91,1,1
55293,132,126,6,6
55294,110,111,-1,1
55295,81,89,-8,8
55296,138,120,18,18
55297,121,127,-6,6
55298,136,124,12,12
55299,108,110,-2,2
55300,102,105,-3,3
55301,107,107,0,0
55302,123,125,-2,2
55303,78,73,5,5
55304,123,131,-8,8
55305,191,175,16,16
55306,83,85,-2,2
55307,66,71,-5,5
55308,147,140,7,7
55309,75,76,-1,1
55310,142,145,-3,3
55311,54,62,-8,8
55312,79,80,-1,1
55313,65,60,5,5
55314,69,66,3,3
55315,92,89,3,3
55316,116,93,23,23
55317,138,119,19,19
55318,60,60,0,0
55319,113,109,4,4
55320,107,109,-2,2
55321,71,81,-10,10
55322,87,78,9,9
55323,66,66,0,0
55324,115,119,-4,4
55325,88,98,-10,10
55326,59,66,-7,7
55327,109,97,12,12
55328,101,110,-9,9
55329,99,96,3,3
55330,84,85,-1,1
55331,79,64,15,15
55332,144,128,16,16
55333,74,82,-8,8
55334,67,68,-1,1
55335,79,97,-18,18
55336,69,68,1,1
55337,64,73,-9,9
55338,74,71,3,3
55339,122,154,-32,32
55340,88,94,-6,6
55341,85,101,-16,16
55342,135,143,-8,8
55343,150,137,13,13
55344,120,118,2,2
55345,85,84,1,1
55346,87,101,-14,14
55347,69,74,-5,5
55348,136,125,11,11
55349,139,122,17,17
55350,81,82,-1,1
55351,88,91,-3,3
55352,117,115,2,2
55353,127,138,-11,11
55354,83,87,-4,4
55355,53,61,-8,8
55356,41,41,0,0
55357,97,96,1,1
55358,169,177,-8,8
55359,112,111,1,1
55360,38,48,-10,10
55361,84,94,-10,10
55362,67,65,2,2
55363,92,86,6,6
55364,110,111,-1,1
55365,88,94,-6,6
55366,78,74,4,4
55367,84,85,-1,1
55368,69,69,0,0
55369,99,102,-3,3
55370,101,108,-7,7
55371,86,92,-6,6
55372,102,103,-1,1
55373,60,65,-5,5
55374,54,60,-6,6
55375,111,115,-4,4
55376,138,125,13,13
55377,82,79,3,3
55378,96,110,-14,14
55379,62,66,-4,4
55380,161,143,18,18
55381,73,83,-10,10
55382,92,114,-22,22
55383,115,119,-4,4
55384,150,136,14,14
55385,78,76,2,2
55386,93,101,-8,8
55387,80,79,1,1
55388,88,69,19,19
55389,89,84,5,5
55390,107,104,3,3
55391,76,73,3,3
55392,115,124,-9,9
55393,96,103,-7,7
55394,119,121,-2,2
55395,56,58,-2,2
55396,100,75,25,25
55397,101,96,5,5
55398,89,83,6,6
55399,75,77,-2,2
55400,106,95,11,11
55401,68,74,-6,6
55402,69,63,6,6
55403,83,77,6,6
55404,85,102,-17,17
55405,130,132,-2,2
55406,64,60,4,4
55407,44,56,-12,12
55408,83,78,5,5
55409,54,99,-45,45
55410,130,106,24,24
55411,91,94,-3,3
55412,59,83,-24,24
55413,109,104,5,5
55414,145,95,50,50
55415,65,62,3,3
55416,50,48,2,2
55417,147,150,-3,3
55418,90,82,8,8
55419,143,149,-6,6
55420,97,97,0,0
55421,111,112,-1,1
55422,63,64,-1,1
55423,70,83,-13,13
55424,109,94,15,15
55425,108,124,-16,16
55426,149,153,-4,4
55427,98,93,5,5
55428,137,128,9,9
55429,45,51,-6,6
55430,95,98,-3,3
55431,59,73,-14,14
55432,71,70,1,1
55433,117,123,-6,6
55434,73,78,-5,5
55435,80,71,9,9
55436,168,139,29,29
55437,149,141,8,8
55438,53,58,-5,5
55439,65,83,-18,18
55440,160,151,9,9
55441,83,87,-4,4
55442,88,89,-1,1
55443,98,90,8,8
55444,51,59,-8,8
55445,54,57,-3,3
55446,70,83,-13,13
55447,80,78,2,2
55448,169,157,12,12
55449,109,110,-1,1
55450,57,61,-4,4
55451,119,125,-6,6
55452,238,231,7,7
55453,132,127,5,5
55454,78,93,-15,15
55455,88,89,-1,1
55456,85,82,3,3
55457,27,44,-17,17
55458,62,64,-2,2
55459,131,130,1,1
55460,138,130,8,8
55461,43,93,-50,50
55462,58,70,-12,12
55463,76,77,-1,1
55464,72,80,-8,8
55465,121,106,15,15
55466,107,100,7,7
55467,81,86,-5,5
55468,49,67,-18,18
55469,113,104,9,9
55470,71,71,0,0
55471,44,48,-4,4
55472,81,81,0,0
55473,73,64,9,9
55474,85,105,-20,20
55475,100,98,2,2
55476,126,126,0,0
55477,96,99,-3,3
55478,67,68,-1,1
55479,114,124,-10,10
55480,97,83,14,14
55481,185,171,14,14
55482,55,56,-1,1
55483,177,178,-1,1
55484,85,100,-15,15
55485,117,123,-6,6
55486,157,151,6,6
55487,129,127,2,2
55488,94,101,-7,7
55489,87,98,-11,11
55490,139,133,6,6
55491,121,122,-1,1
55492,65,62,3,3
55493,58,63,-5,5
55494,98,100,-2,2
55495,37,70,-33,33
55496,63,72,-9,9
55497,193,195,-2,2
55498,101,103,-2,2
55499,69,84,-15,15
55500,133,133,0,0
55501,121,108,13,13
55502,91,99,-8,8
55503,85,86,-1,1
55504,67,81,-14,14
55505,117,114,3,3
55506,61,62,-1,1
55507,61,59,2,2
55508,97,102,-5,5
55509,81,89,-8,8
55510,89,102,-13,13
55511,58,58,0,0
55512,80,73,7,7
55513,96,80,16,16
55514,87,92,-5,5
55515,69,69,0,0
55516,116,128,-12,12
55517,138,141,-3,3
55518,65,63,2,2
55519,90,86,4,4
55520,87,78,9,9
55521,102,104,-2,2
55522,79,85,-6,6
55523,146,141,5,5
55524,130,123,7,7
55525,127,111,16,16
55526,96,90,6,6
55527,80,78,2,2
55528,132,175,-43,43
55529,115,99,16,16
55530,81,90,-9,9
55531,86,92,-6,6
55532,105,107,-2,2
55533,130,131,-1,1
55534,84,91,-7,7
55535,52,102,-50,50
55536,72,74,-2,2
55537,82,79,3,3
55538,115,102,13,13
55539,100,102,-2,2
55540,102,107,-5,5
55541,107,113,-6,6
55542,116,121,-5,5
55543,61,66,-5,5
55544,95,100,-5,5
55545,78,70,8,8
55546,78,67,11,11
55547,79,73,6,6
55548,82,87,-5,5
55549,71,87,-16,16
55550,128,123,5,5
55551,89,94,-5,5
55552,115,133,-18,18
55553,83,84,-1,1
55554,80,74,6,6
55555,79,100,-21,21
55556,69,88,-19,19
55557,123,123,0,0
55558,67,70,-3,3
55559,135,128,7,7
55560,134,165,-31,31
55561,133,132,1,1
55562,52,54,-2,2
55563,175,171,4,4
55564,95,90,5,5
55565,122,123,-1,1
55566,74,66,8,8
55567,73,76,-3,3
55568,53,60,-7,7
55569,69,75,-6,6
55570,103,114,-11,11
55571,45,50,-5,5
55572,107,89,18,18
55573,49,55,-6,6
55574,132,117,15,15
55575,89,92,-3,3
55576,62,69,-7,7
55577,109,112,-3,3
55578,81,85,-4,4
55579,72,76,-4,4
55580,52,53,-1,1
55581,74,87,-13,13
55582,36,46,-10,10
55583,68,72,-4,4
55584,73,80,-7,7
55585,89,86,3,3
55586,63,68,-5,5
55587,69,68,1,1
55588,103,122,-19,19
55589,53,58,-5,5
55590,103,103,0,0
55591,108,106,2,2
55592,109,144,-35,35
55593,187,204,-17,17
55594,69,73,-4,4
55595,124,109,15,15
55596,117,101,16,16
55597,94,99,-5,5
55598,44,45,-1,1
55599,120,106,14,14
55600,140,133,7,7
55601,131,127,4,4
55602,100,109,-9,9
55603,147,154,-7,7
55604,55,57,-2,2
55605,126,143,-17,17
55606,84,90,-6,6
55607,81,86,-5,5
55608,110,95,15,15
55609,68,77,-9,9
55610,90,98,-8,8
55611,79,85,-6,6
55612,108,111,-3,3
55613,69,75,-6,6
55614,67,66,1,1
55615,151,168,-17,17
55616,121,105,16,16
55617,67,81,-14,14
55618,100,91,9,9
55619,105,105,0,0
55620,105,116,-11,11
55621,92,100,-8,8
55622,107,101,6,6
55623,163,155,8,8
55624,110,112,-2,2
55625,115,104,11,11
55626,93,90,3,3
55627,143,125,18,18
55628,105,89,16,16
55629,102,102,0,0
55630,54,53,1,1
55631,117,111,6,6
55632,94,89,5,5
55633,121,110,11,11
55634,51,53,-2,2
55635,93,93,0,0
55636,136,119,17,17
55637,75,67,8,8
55638,83,69,14,14
55639,90,87,3,3
55640,110,113,-3,3
55641,69,64,5,5
55642,110,99,11,11
55643,78,89,-11,11
55644,85,85,0,0
55645,89,96,-7,7
55646,86,99,-13,13
55647,106,108,-2,2
55648,102,105,-3,3
55649,52,62,-10,10
55650,207,211,-4,4
55651,93,88,5,5
55652,113,131,-18,18
55653,97,103,-6,6
55654,80,91,-11,11
55655,118,129,-11,11
55656,90,95,-5,5
55657,88,97,-9,9
55658,96,93,3,3
55659,103,111,-8,8
55660,65,68,-3,3
55661,48,51,-3,3
55662,85,75,10,10
55663,104,91,13,13
55664,54,55,-1,1
55665,89,79,10,10
55666,132,127,5,5
55667,83,91,-8,8
55668,80,80,0,0
55669,76,69,7,7
55670,67,59,8,8
55671,89,88,1,1
55672,149,156,-7,7
55673,106,115,-9,9
55674,149,149,0,0
55675,52,57,-5,5
55676,58,64,-6,6
55677,70,78,-8,8
55678,78,75,3,3
55679,212,191,21,21
55680,105,106,-1,1
55681,101,88,13,13
55682,107,102,5,5
55683,145,138,7,7
55684,77,78,-1,1
55685,108,96,12,12
55686,97,104,-7,7
55687,90,84,6,6
55688,104,104,0,0
55689,99,101,-2,2
55690,94,93,1,1
55691,105,109,-4,4
55692,69,77,-8,8
55693,81,86,-5,5
55694,88,78,10,10
55695,112,130,-18,18
55696,93,98,-5,5
55697,130,131,-1,1
55698,145,127,18,18
55699,130,115,15,15
55700,62,64,-2,2
55701,99,103,-4,4
55702,67,66,1,1
55703,129,125,4,4
55704,72,77,-5,5
55705,96,93,3,3
55706,76,76,0,0
55707,102,96,6,6
55708,81,80,1,1
55709,157,160,-3,3
55710,100,108,-8,8
55711,122,119,3,3
55712,65,64,1,1
55713,82,73,9,9
55714,95,93,2,2
55715,133,142,-9,9
55716,108,104,4,4
55717,81,82,-1,1
55718,91,102,-11,11
55719,134,128,6,6
55720,146,138,8,8
55721,93,107,-14,14
55722,53,61,-8,8
55723,108,108,0,0
55724,93,89,4,4
55725,99,94,5,5
55726,158,129,29,29
55727,66,78,-12,12
55728,66,70,-4,4
55729,83,93,-10,10
55730,103,98,5,5
55731,54,49,5,5
55732,144,144,0,0
55733,88,99,-11,11
55734,105,96,9,9
55735,115,114,1,1
55736,125,121,4,4
55737,67,80,-13,13
55738,193,175,18,18
55739,127,105,22,22
55740,29,30,-1,1
55741,86,90,-4,4
55742,121,124,-3,3
55743,94,93,1,1
55744,125,127,-2,2
55745,174,158,16,16
55746,163,147,16,16
55747,128,109,19,19
55748,155,138,17,17
55749,123,132,-9,9
55750,100,102,-2,2
55751,80,84,-4,4
55752,121,112,9,9
55753,31,49,-18,18
55754,96,92,4,4
55755,80,71,9,9
55756,83,78,5,5
55757,82,80,2,2
55758,97,105,-8,8
55759,72,77,-5,5
55760,69,77,-8,8
55761,86,89,-3,3
55762,73,86,-13,13
55763,100,108,-8,8
55764,66,61,5,5
55765,83,78,5,5
55766,92,102,-10,10
55767,68,65,3,3
55768,118,125,-7,7
55769,97,131,-34,34
55770,62,61,1,1
55771,78,75,3,3
55772,48,61,-13,13
55773,98,95,3,3
55774,71,72,-1,1
55775,62,65,-3,3
55776,45,54,-9,9
55777,122,125,-3,3
55778,91,91,0,0
55779,71,139,-68,68
55780,68,66,2,2
55781,118,140,-22,22
55782,79,85,-6,6
55783,120,123,-3,3
55784,134,148,-14,14
55785,72,78,-6,6
55786,92,90,2,2
55787,49,62,-13,13
55788,100,101,-1,1
55789,90,95,-5,5
55790,71,79,-8,8
55791,83,85,-2,2
55792,71,93,-22,22
55793,90,97,-7,7
55794,168,195,-27,27
55795,68,75,-7,7
55796,50,60,-10,10
55797,59,60,-1,1
55798,52,81,-29,29
55799,104,114,-10,10
55800,95,105,-10,10
55801,57,64,-7,7
55802,211,207,4,4
55803,58,66,-8,8
55804,125,116,9,9
55805,99,81,18,18
55806,88,98,-10,10
55807,182,187,-5,5
55808,99,105,-6,6
55809,66,62,4,4
55810,169,148,21,21
55811,105,108,-3,3
55812,92,94,-2,2
55813,110,108,2,2
55814,111,109,2,2
55815,95,92,3,3
55816,74,71,3,3
55817,135,133,2,2
55818,51,102,-51,51
55819,78,84,-6,6
55820,118,111,7,7
55821,118,124,-6,6
55822,104,104,0,0
55823,37,50,-13,13
55824,96,91,5,5
55825,93,88,5,5
55826,60,93,-33,33
55827,102,100,2,2
55828,112,123,-11,11
55829,73,79,-6,6
55830,142,137,5,5
55831,67,70,-3,3
55832,69,68,1,1
55833,103,209,-106,106
55834,42,67,-25,25
55835,99,90,9,9
55836,181,167,14,14
55837,94,95,-1,1
55838,83,87,-4,4
55839,98,84,14,14
55840,151,140,11,11
55841,149,138,11,11
55842,92,100,-8,8
55843,129,144,-15,15
55844,79,72,7,7
55845,119,127,-8,8
55846,159,148,11,11
55847,63,73,-10,10
55848,74,71,3,3
55849,141,154,-13,13
55850,133,124,9,9
55851,106,107,-1,1
55852,180,164,16,16
55853,152,140,12,12
55854,85,91,-6,6
55855,118,104,14,14
55856,127,125,2,2
55857,143,155,-12,12
55858,80,89,-9,9
55859,123,122,1,1
55860,131,101,30,30
55861,53,53,0,0
55862,83,78,5,5
55863,97,92,5,5
55864,120,116,4,4
55865,71,70,1,1
55866,127,124,3,3
55867,68,71,-3,3
55868,79,79,0,0
55869,104,114,-10,10
55870,139,148,-9,9
55871,143,156,-13,13
55872,102,111,-9,9
55873,75,74,1,1
55874,105,99,6,6
55875,71,68,3,3
55876,52,58,-6,6
55877,73,86,-13,13
55878,95,86,9,9
55879,84,74,10,10
55880,77,80,-3,3
55881,63,76,-13,13
55882,80,94,-14,14
55883,111,108,3,3
55884,146,135,11,11
55885,136,150,-14,14
55886,58,63,-5,5
55887,77,72,5,5
55888,74,104,-30,30
55889,157,154,3,3
55890,113,101,12,12
55891,88,81,7,7
55892,98,99,-1,1
55893,70,74,-4,4
55894,70,81,-11,11
55895,95,93,2,2
55896,113,99,14,14
55897,65,65,0,0
55898,82,77,5,5
55899,89,95,-6,6
55900,90,80,10,10
55901,75,96,-21,21
55902,73,66,7,7
55903,45,55,-10,10
55904,75,91,-16,16
55905,89,90,-1,1
55906,127,127,0,0
55907,189,196,-7,7
55908,132,129,3,3
55909,95,96,-1,1
55910,113,102,11,11
55911,81,80,1,1
55912,121,124,-3,3
55913,73,77,-4,4
55914,107,103,4,4
55915,72,66,6,6
55916,110,121,-11,11
55917,69,73,-4,4
55918,149,150,-1,1
55919,63,69,-6,6
55920,115,120,-5,5
55921,105,103,2,2
55922,88,85,3,3
55923,65,68,-3,3
55924,87,93,-6,6
55925,94,104,-10,10
55926,125,122,3,3
55927,93,84,9,9
55928,112,110,2,2
55929,103,110,-7,7
55930,117,124,-7,7
55931,95,96,-1,1
55932,76,78,-2,2
55933,94,111,-17,17
55934,50,55,-5,5
55935,115,109,6,6
55936,105,82,23,23
55937,108,95,13,13
55938,141,145,-4,4
55939,102,100,2,2
55940,58,65,-7,7
55941,108,112,-4,4
55942,89,80,9,9
55943,71,72,-1,1
55944,59,57,2,2
55945,89,83,6,6
55946,57,59,-2,2
55947,106,102,4,4
55948,161,156,5,5
55949,92,85,7,7
55950,66,68,-2,2
55951,82,84,-2,2
55952,84,77,7,7
55953,115,107,8,8
55954,110,112,-2,2
55955,135,137,-2,2
55956,93,92,1,1
55957,134,158,-24,24
55958,105,91,14,14
55959,79,75,4,4
55960,25,35,-10,10
55961,124,132,-8,8
55962,29,29,0,0
55963,96,89,7,7
55964,125,125,0,0
55965,52,71,-19,19
55966,101,102,-1,1
55967,70,69,1,1
55968,98,92,6,6
55969,77,73,4,4
55970,167,158,9,9
55971,82,81,1,1
55972,91,93,-2,2
55973,70,71,-1,1
55974,74,62,12,12
55975,121,128,-7,7
55976,46,55,-9,9
55977,76,86,-10,10
55978,111,113,-2,2
55979,58,63,-5,5
55980,65,64,1,1
55981,53,57,-4,4
55982,109,124,-15,15
55983,80,84,-4,4
55984,88,83,5,5
55985,110,105,5,5
55986,98,88,10,10
55987,97,76,21,21
55988,128,124,4,4
55989,144,134,10,10
55990,82,87,-5,5
55991,131,123,8,8
55992,100,102,-2,2
55993,95,96,-1,1
55994,108,104,4,4
55995,82,89,-7,7
55996,73,66,7,7
55997,94,97,-3,3
55998,99,114,-15,15
55999,88,87,1,1
56000,157,156,1,1
56001,75,78,-3,3
56002,95,135,-40,40
56003,82,86,-4,4
56004,160,173,-13,13
56005,146,133,13,13
56006,166,170,-4,4
56007,76,77,-1,1
56008,139,145,-6,6
56009,110,109,1,1
56010,118,120,-2,2
56011,122,105,17,17
56012,50,61,-11,11
56013,59,61,-2,2
56014,112,112,0,0
56015,108,130,-22,22
56016,42,50,-8,8
56017,112,112,0,0
56018,126,121,5,5
56019,88,95,-7,7
56020,121,102,19,19
56021,83,83,0,0
56022,95,98,-3,3
56023,98,95,3,3
56024,104,112,-8,8
56025,66,64,2,2
56026,129,120,9,9
56027,85,81,4,4
56028,101,96,5,5
56029,68,69,-1,1
56030,86,77,9,9
56031,79,74,5,5
56032,91,89,2,2
56033,113,121,-8,8
56034,149,141,8,8
56035,76,78,-2,2
56036,107,102,5,5
56037,110,116,-6,6
56038,75,81,-6,6
56039,100,111,-11,11
56040,110,117,-7,7
56041,115,107,8,8
56042,128,125,3,3
56043,177,177,0,0
56044,105,107,-2,2
56045,79,140,-61,61
56046,126,127,-1,1
56047,135,172,-37,37
56048,66,63,3,3
56049,148,144,4,4
56050,128,125,3,3
56051,106,93,13,13
56052,99,85,14,14
56053,73,74,-1,1
56054,64,65,-1,1
56055,98,124,-26,26
56056,111,109,2,2
56057,124,135,-11,11
56058,117,118,-1,1
56059,94,92,2,2
56060,86,81,5,5
56061,80,63,17,17
56062,105,109,-4,4
56063,77,87,-10,10
56064,101,123,-22,22
56065,118,110,8,8
56066,130,101,29,29
56067,97,87,10,10
56068,77,79,-2,2
56069,76,83,-7,7
56070,122,126,-4,4
56071,116,135,-19,19
56072,67,72,-5,5
56073,109,107,2,2
56074,62,67,-5,5
56075,95,88,7,7
56076,130,125,5,5
56077,49,48,1,1
56078,64,64,0,0
56079,84,91,-7,7
56080,147,133,14,14
56081,121,111,10,10
56082,158,168,-10,10
56083,105,93,12,12
56084,99,107,-8,8
56085,108,116,-8,8
56086,159,162,-3,3
56087,87,82,5,5
56088,128,137,-9,9
56089,58,68,-10,10
56090,110,106,4,4
56091,187,185,2,2
56092,87,88,-1,1
56093,143,152,-9,9
56094,84,64,20,20
56095,132,130,2,2
56096,74,76,-2,2
56097,109,99,10,10
56098,86,97,-11,11
56099,111,105,6,6
56100,49,53,-4,4
56101,73,72,1,1
56102,125,134,-9,9
56103,75,76,-1,1
56104,78,68,10,10
56105,99,93,6,6
56106,103,123,-20,20
56107,106,108,-2,2
56108,57,58,-1,1
56109,139,137,2,2
56110,90,86,4,4
56111,67,74,-7,7
56112,60,64,-4,4
56113,46,49,-3,3
56114,56,48,8,8
56115,135,134,1,1
56116,52,59,-7,7
56117,102,106,-4,4
56118,79,83,-4,4
56119,75,78,-3,3
56120,118,118,0,0
56121,107,108,-1,1
56122,24,29,-5,5
56123,102,106,-4,4
56124,78,82,-4,4
56125,94,79,15,15
56126,109,94,15,15
56127,139,143,-4,4
56128,105,115,-10,10
56129,155,137,18,18
56130,53,57,-4,4
56131,82,97,-15,15
56132,159,168,-9,9
56133,105,103,2,2
56134,102,99,3,3
56135,78,82,-4,4
56136,67,63,4,4
56137,149,149,0,0
56138,84,75,9,9
56139,87,96,-9,9
56140,132,145,-13,13
56141,83,81,2,2
56142,75,65,10,10
56143,99,100,-1,1
56144,77,102,-25,25
56145,97,88,9,9
56146,132,113,19,19
56147,105,106,-1,1
56148,105,95,10,10
56149,59,56,3,3
56150,69,70,-1,1
56151,120,115,5,5
56152,59,64,-5,5
56153,105,92,13,13
56154,81,82,-1,1
56155,156,153,3,3
56156,62,72,-10,10
56157,63,71,-8,8
56158,156,140,16,16
56159,48,143,-95,95
56160,81,84,-3,3
56161,78,87,-9,9
56162,72,73,-1,1
56163,110,118,-8,8
56164,76,78,-2,2
56165,82,85,-3,3
56166,76,84,-8,8
56167,106,113,-7,7
56168,109,125,-16,16
56169,96,94,2,2
56170,129,126,3,3
56171,71,71,0,0
56172,124,132,-8,8
56173,107,107,0,0
56174,97,90,7,7
56175,113,93,20,20
56176,152,158,-6,6
56177,91,104,-13,13
56178,78,88,-10,10
56179,158,145,13,13
56180,117,112,5,5
56181,97,107,-10,10
56182,83,79,4,4
56183,132,126,6,6
56184,79,75,4,4
56185,101,106,-5,5
56186,135,133,2,2
56187,96,72,24,24
56188,82,76,6,6
56189,70,74,-4,4
56190,110,111,-1,1
56191,141,122,19,19
56192,61,64,-3,3
56193,97,87,10,10
56194,119,89,30,30
56195,67,76,-9,9
56196,92,105,-13,13
56197,84,78,6,6
56198,65,68,-3,3
56199,84,89,-5,5
56200,124,122,2,2
56201,135,125,10,10
56202,146,118,28,28
56203,109,117,-8,8
56204,145,156,-11,11
56205,89,87,2,2
56206,136,126,10,10
56207,85,81,4,4
56208,55,65,-10,10
56209,92,99,-7,7
56210,61,66,-5,5
56211,132,128,4,4
56212,65,83,-18,18
56213,112,117,-5,5
56214,107,98,9,9
56215,48,57,-9,9
56216,55,63,-8,8
56217,109,111,-2,2
56218,136,133,3,3
56219,94,94,0,0
56220,45,56,-11,11
56221,139,135,4,4
56222,72,81,-9,9
56223,156,146,10,10
56224,58,61,-3,3
56225,96,87,9,9
56226,83,86,-3,3
56227,94,89,5,5
56228,29,42,-13,13
56229,124,119,5,5
56230,71,80,-9,9
56231,146,137,9,9
56232,97,93,4,4
56233,104,112,-8,8
56234,32,43,-11,11
56235,140,128,12,12
56236,57,59,-2,2
56237,112,112,0,0
56238,70,77,-7,7
56239,92,85,7,7
56240,57,64,-7,7
56241,107,103,4,4
56242,76,80,-4,4
56243,81,80,1,1
56244,115,115,0,0
56245,22,74,-52,52
56246,96,106,-10,10
56247,84,99,-15,15
56248,103,107,-4,4
56249,126,109,17,17
56250,76,84,-8,8
56251,159,147,12,12
56252,74,66,8,8
56253,87,80,7,7
56254,46,60,-14,14
56255,33,52,-19,19
56256,76,64,12,12
56257,98,96,2,2
56258,73,65,8,8
56259,105,98,7,7
56260,51,62,-11,11
56261,94,79,15,15
56262,54,52,2,2
56263,86,95,-9,9
56264,60,60,0,0
56265,144,142,2,2
56266,74,65,9,9
56267,90,74,16,16
56268,100,106,-6,6
56269,107,110,-3,3
56270,129,123,6,6
56271,133,116,17,17
56272,70,67,3,3
56273,101,88,13,13
56274,60,68,-8,8
56275,200,175,25,25
56276,64,56,8,8
56277,143,140,3,3
56278,90,90,0,0
56279,72,61,11,11
56280,85,93,-8,8
56281,136,141,-5,5
56282,94,107,-13,13
56283,135,118,17,17
56284,102,104,-2,2
56285,71,84,-13,13
56286,74,75,-1,1
56287,122,132,-10,10
56288,86,89,-3,3
56289,40,47,-7,7
56290,109,114,-5,5
56291,113,120,-7,7
56292,110,97,13,13
56293,68,62,6,6
56294,130,118,12,12
56295,89,94,-5,5
56296,106,111,-5,5
56297,98,103,-5,5
56298,71,59,12,12
56299,128,136,-8,8
56300,158,144,14,14
56301,82,78,4,4
56302,42,53,-11,11
56303,67,67,0,0
56304,107,118,-11,11
56305,77,80,-3,3
56306,113,107,6,6
56307,73,71,2,2
56308,189,192,-3,3
56309,101,114,-13,13
56310,117,123,-6,6
56311,113,123,-10,10
56312,81,75,6,6
56313,113,111,2,2
56314,108,110,-2,2
56315,133,156,-23,23
56316,117,117,0,0
56317,119,119,0,0
56318,72,63,9,9
56319,72,86,-14,14
56320,105,112,-7,7
56321,70,71,-1,1
56322,66,67,-1,1
56323,152,139,13,13
56324,89,81,8,8
56325,20,39,-19,19
56326,72,73,-1,1
56327,89,81,8,8
56328,83,96,-13,13
56329,121,129,-8,8
56330,119,115,4,4
56331,101,103,-2,2
56332,84,84,0,0
56333,78,88,-10,10
56334,166,142,24,24
56335,117,118,-1,1
56336,141,151,-10,10
56337,123,116,7,7
56338,162,161,1,1
56339,50,73,-23,23
56340,60,54,6,6
56341,86,93,-7,7
56342,70,74,-4,4
56343,129,138,-9,9
56344,65,67,-2,2
56345,75,82,-7,7
56346,91,79,12,12
56347,55,65,-10,10
56348,82,83,-1,1
56349,102,113,-11,11
56350,74,72,2,2
56351,84,79,5,5
56352,128,123,5,5
56353,91,90,1,1
56354,120,130,-10,10
56355,85,90,-5,5
56356,108,124,-16,16
56357,72,74,-2,2
56358,90,80,10,10
56359,85,90,-5,5
56360,112,116,-4,4
56361,148,162,-14,14
56362,105,110,-5,5
56363,44,46,-2,2
56364,42,60,-18,18
56365,103,100,3,3
56366,93,84,9,9
56367,63,62,1,1
56368,169,181,-12,12
56369,65,66,-1,1
56370,74,68,6,6
56371,99,104,-5,5
56372,129,124,5,5
56373,93,95,-2,2
56374,139,132,7,7
56375,64,112,-48,48
56376,93,91,2,2
56377,53,66,-13,13
56378,110,108,2,2
56379,97,101,-4,4
56380,170,153,17,17
56381,56,66,-10,10
56382,172,163,9,9
56383,71,63,8,8
56384,161,158,3,3
56385,130,136,-6,6
56386,101,110,-9,9
56387,107,107,0,0
56388,101,106,-5,5
56389,64,72,-8,8
56390,75,74,1,1
56391,128,140,-12,12
56392,80,79,1,1
56393,129,126,3,3
56394,54,63,-9,9
56395,71,79,-8,8
56396,55,56,-1,1
56397,91,96,-5,5
56398,119,116,3,3
56399,94,96,-2,2
56400,158,153,5,5
56401,60,70,-10,10
56402,158,160,-2,2
56403,56,56,0,0
56404,121,130,-9,9
56405,79,66,13,13
56406,120,113,7,7
56407,64,67,-3,3
56408,62,74,-12,12
56409,80,75,5,5
56410,135,124,11,11
56411,102,123,-21,21
56412,115,106,9,9
56413,142,149,-7,7
56414,115,120,-5,5
56415,119,128,-9,9
56416,138,143,-5,5
56417,97,83,14,14
56418,80,83,-3,3
56419,97,100,-3,3
56420,111,103,8,8
56421,91,95,-4,4
56422,95,111,-16,16
56423,91,89,2,2
56424,101,92,9,9
56425,130,123,7,7
56426,89,99,-10,10
56427,86,91,-5,5
56428,178,161,17,17
56429,168,165,3,3
56430,63,46,17,17
56431,69,66,3,3
56432,186,168,18,18
56433,143,148,-5,5
56434,76,65,11,11
56435,87,92,-5,5
56436,46,55,-9,9
56437,81,82,-1,1
56438,43,53,-10,10
56439,125,117,8,8
56440,190,179,11,11
56441,112,114,-2,2
56442,161,150,11,11
56443,119,115,4,4
56444,98,99,-1,1
56445,122,118,4,4
56446,94,89,5,5
56447,68,73,-5,5
56448,103,92,11,11
56449,126,112,14,14
56450,75,79,-4,4
56451,123,120,3,3
56452,81,85,-4,4
56453,144,153,-9,9
56454,53,51,2,2
56455,164,158,6,6
56456,60,68,-8,8
56457,117,111,6,6
56458,121,132,-11,11
56459,90,97,-7,7
56460,86,83,3,3
56461,63,66,-3,3
56462,147,131,16,16
56463,103,104,-1,1
56464,68,72,-4,4
56465,91,81,10,10
56466,81,72,9,9
56467,71,75,-4,4
56468,63,63,0,0
56469,123,116,7,7
56470,105,104,1,1
56471,81,82,-1,1
56472,112,129,-17,17
56473,78,76,2,2
56474,85,81,4,4
56475,118,126,-8,8
56476,65,65,0,0
56477,127,132,-5,5
56478,83,89,-6,6
56479,91,92,-1,1
56480,62,68,-6,6
56481,75,86,-11,11
56482,88,97,-9,9
56483,163,155,8,8
56484,48,61,-13,13
56485,93,110,-17,17
56486,85,87,-2,2
56487,142,140,2,2
56488,93,96,-3,3
56489,73,72,1,1
56490,65,66,-1,1
56491,83,82,1,1
56492,77,76,1,1
56493,113,117,-4,4
56494,121,125,-4,4
56495,71,81,-10,10
56496,64,67,-3,3
56497,70,80,-10,10
56498,155,103,52,52
56499,59,64,-5,5
56500,80,79,1,1
56501,80,88,-8,8
56502,59,62,-3,3
56503,83,84,-1,1
56504,68,62,6,6
56505,77,87,-10,10
56506,121,110,11,11
56507,63,68,-5,5
56508,82,81,1,1
56509,145,154,-9,9
56510,63,70,-7,7
56511,124,135,-11,11
56512,83,93,-10,10
56513,175,174,1,1
56514,185,188,-3,3
56515,65,65,0,0
56516,61,68,-7,7
56517,76,75,1,1
56518,75,79,-4,4
56519,74,89,-15,15
56520,136,127,9,9
56521,47,45,2,2
56522,66,56,10,10
56523,131,126,5,5
56524,123,116,7,7
56525,118,121,-3,3
56526,58,62,-4,4
56527,89,88,1,1
56528,156,149,7,7
56529,55,66,-11,11
56530,115,112,3,3
56531,111,117,-6,6
56532,116,127,-11,11
56533,62,70,-8,8
56534,108,102,6,6
56535,120,142,-22,22
56536,112,111,1,1
56537,56,64,-8,8
56538,142,130,12,12
56539,91,78,13,13
56540,86,86,0,0
56541,121,120,1,1
56542,80,74,6,6
56543,103,94,9,9
56544,76,84,-8,8
56545,100,138,-38,38
56546,94,97,-3,3
56547,117,127,-10,10
56548,84,81,3,3
56549,87,89,-2,2
56550,127,130,-3,3
56551,90,69,21,21
56552,96,90,6,6
56553,56,58,-2,2
56554,74,80,-6,6
56555,98,102,-4,4
56556,107,110,-3,3
56557,125,119,6,6
56558,66,61,5,5
56559,91,107,-16,16
56560,154,155,-1,1
56561,151,132,19,19
56562,77,78,-1,1
56563,60,68,-8,8
56564,72,81,-9,9
56565,132,120,12,12
56566,74,78,-4,4
56567,63,60,3,3
56568,129,134,-5,5
56569,169,169,0,0
56570,88,104,-16,16
56571,129,128,1,1
56572,140,122,18,18
56573,80,87,-7,7
56574,94,98,-4,4
56575,49,58,-9,9
56576,145,149,-4,4
56577,97,101,-4,4
56578,94,99,-5,5
56579,83,88,-5,5
56580,135,135,0,0
56581,103,100,3,3
56582,40,44,-4,4
56583,119,148,-29,29
56584,60,62,-2,2
56585,44,52,-8,8
56586,104,113,-9,9
56587,49,60,-11,11
56588,70,60,10,10
56589,59,59,0,0
56590,114,129,-15,15
56591,65,63,2,2
56592,60,60,0,0
56593,121,130,-9,9
56594,115,111,4,4
56595,75,74,1,1
56596,74,74,0,0
56597,103,96,7,7
56598,59,64,-5,5
56599,125,136,-11,11
56600,94,92,2,2
56601,73,74,-1,1
56602,54,68,-14,14
56603,58,57,1,1
56604,174,172,2,2
56605,46,52,-6,6
56606,79,82,-3,3
56607,108,94,14,14
56608,50,62,-12,12
56609,120,109,11,11
56610,159,156,3,3
56611,171,183,-12,12
56612,81,78,3,3
56613,85,91,-6,6
56614,118,145,-27,27
56615,73,75,-2,2
56616,114,112,2,2
56617,77,70,7,7
56618,150,134,16,16
56619,72,87,-15,15
56620,64,85,-21,21
56621,85,87,-2,2
56622,112,135,-23,23
56623,57,58,-1,1
56624,101,83,18,18
56625,83,81,2,2
56626,74,78,-4,4
56627,142,142,0,0
56628,111,102,9,9
56629,135,121,14,14
56630,64,63,1,1
56631,75,71,4,4
56632,188,192,-4,4
56633,63,78,-15,15
56634,124,114,10,10
56635,42,58,-16,16
56636,136,125,11,11
56637,50,57,-7,7
56638,87,82,5,5
56639,140,123,17,17
56640,94,93,1,1
56641,94,99,-5,5
56642,61,77,-16,16
56643,86,86,0,0
56644,126,120,6,6
56645,63,67,-4,4
56646,82,82,0,0
56647,140,152,-12,12
56648,134,118,16,16
56649,79,70,9,9
56650,126,147,-21,21
56651,101,100,1,1
56652,103,112,-9,9
56653,70,69,1,1
56654,85,78,7,7
56655,84,90,-6,6
56656,58,71,-13,13
56657,139,130,9,9
56658,67,86,-19,19
56659,101,101,0,0
56660,83,84,-1,1
56661,66,66,0,0
56662,59,65,-6,6
56663,77,85,-8,8
56664,53,64,-11,11
56665,130,122,8,8
56666,59,70,-11,11
56667,94,88,6,6
56668,120,118,2,2
56669,108,108,0,0
56670,95,91,4,4
56671,67,66,1,1
56672,103,109,-6,6
56673,68,73,-5,5
56674,82,79,3,3
56675,111,111,0,0
56676,78,77,1,1
56677,59,61,-2,2
56678,72,85,-13,13
56679,101,84,17,17
56680,77,85,-8,8
56681,65,70,-5,5
56682,64,75,-11,11
56683,57,67,-10,10
56684,95,99,-4,4
56685,68,75,-7,7
56686,137,125,12,12
56687,65,70,-5,5
56688,82,75,7,7
56689,73,80,-7,7
56690,96,115,-19,19
56691,110,92,18,18
56692,139,130,9,9
56693,87,78,9,9
56694,113,108,5,5
56695,40,46,-6,6
56696,81,88,-7,7
56697,51,63,-12,12
56698,173,160,13,13
56699,72,100,-28,28
56700,107,105,2,2
56701,112,125,-13,13
56702,125,128,-3,3
56703,56,62,-6,6
56704,141,145,-4,4
56705,150,146,4,4
56706,136,146,-10,10
56707,127,122,5,5
56708,132,134,-2,2
56709,96,93,3,3
56710,35,50,-15,15
56711,86,82,4,4
56712,108,102,6,6
56713,149,136,13,13
56714,103,95,8,8
56715,144,146,-2,2
56716,135,128,7,7
56717,112,107,5,5
56718,86,99,-13,13
56719,54,60,-6,6
56720,78,83,-5,5
56721,72,80,-8,8
56722,87,91,-4,4
56723,79,97,-18,18
56724,109,127,-18,18
56725,120,112,8,8
56726,173,166,7,7
56727,57,62,-5,5
56728,40,45,-5,5
56729,82,89,-7,7
56730,70,80,-10,10
56731,86,98,-12,12
56732,98,106,-8,8
56733,134,146,-12,12
56734,45,49,-4,4
56735,129,126,3,3
56736,68,81,-13,13
56737,91,87,4,4
56738,113,100,13,13
56739,52,61,-9,9
56740,94,87,7,7
56741,94,104,-10,10
56742,113,110,3,3
56743,128,122,6,6
56744,99,104,-5,5
56745,105,96,9,9
56746,86,103,-17,17
56747,148,144,4,4
56748,138,125,13,13
56749,99,85,14,14
56750,94,103,-9,9
56751,73,76,-3,3
56752,153,135,18,18
56753,95,103,-8,8
56754,118,131,-13,13
56755,129,128,1,1
56756,50,63,-13,13
56757,123,129,-6,6
56758,142,135,7,7
56759,123,129,-6,6
56760,148,119,29,29
56761,107,110,-3,3
56762,98,108,-10,10
56763,112,117,-5,5
56764,137,130,7,7
56765,106,110,-4,4
56766,97,94,3,3
56767,96,96,0,0
56768,245,193,52,52
56769,115,113,2,2
56770,81,96,-15,15
56771,130,116,14,14
56772,86,75,11,11
56773,128,113,15,15
56774,73,72,1,1
56775,110,105,5,5
56776,130,118,12,12
56777,97,104,-7,7
56778,80,83,-3,3
56779,91,89,2,2
56780,88,84,4,4
56781,105,113,-8,8
56782,75,52,23,23
56783,93,112,-19,19
56784,115,117,-2,2
56785,133,131,2,2
56786,142,132,10,10
56787,62,80,-18,18
56788,78,91,-13,13
56789,91,78,13,13
56790,102,104,-2,2
56791,109,116,-7,7
56792,102,104,-2,2
56793,90,93,-3,3
56794,135,125,10,10
56795,31,56,-25,25
56796,143,139,4,4
56797,123,141,-18,18
56798,102,99,3,3
56799,59,59,0,0
56800,83,97,-14,14
56801,99,107,-8,8
56802,50,61,-11,11
56803,168,159,9,9
56804,80,83,-3,3
56805,104,126,-22,22
56806,117,118,-1,1
56807,113,118,-5,5
56808,73,96,-23,23
56809,72,84,-12,12
56810,144,137,7,7
56811,131,133,-2,2
56812,107,127,-20,20
56813,85,90,-5,5
56814,58,68,-10,10
56815,67,64,3,3
56816,62,60,2,2
56817,63,60,3,3
56818,148,149,-1,1
56819,139,123,16,16
56820,82,86,-4,4
56821,133,141,-8,8
56822,70,77,-7,7
56823,99,97,2,2
56824,115,118,-3,3
56825,121,124,-3,3
56826,107,116,-9,9
56827,113,105,8,8
56828,61,68,-7,7
56829,80,71,9,9
56830,78,79,-1,1
56831,68,68,0,0
56832,122,135,-13,13
56833,109,72,37,37
56834,71,74,-3,3
56835,60,71,-11,11
56836,125,131,-6,6
56837,68,55,13,13
56838,114,120,-6,6
56839,93,85,8,8
56840,75,66,9,9
56841,99,113,-14,14
56842,133,127,6,6
56843,78,79,-1,1
56844,45,46,-1,1
56845,87,80,7,7
56846,72,71,1,1
56847,129,127,2,2
56848,93,97,-4,4
56849,95,101,-6,6
56850,119,131,-12,12
56851,96,83,13,13
56852,45,71,-26,26
56853,151,138,13,13
56854,75,71,4,4
56855,84,89,-5,5
56856,75,69,6,6
56857,97,149,-52,52
56858,79,81,-2,2
56859,132,118,14,14
56860,108,110,-2,2
56861,115,117,-2,2
56862,89,98,-9,9
56863,84,102,-18,18
56864,132,137,-5,5
56865,94,90,4,4
56866,182,178,4,4
56867,170,159,11,11
56868,93,93,0,0
56869,70,78,-8,8
56870,38,53,-15,15
56871,102,107,-5,5
56872,139,125,14,14
56873,97,108,-11,11
56874,87,88,-1,1
56875,86,84,2,2
56876,76,88,-12,12
56877,91,88,3,3
56878,81,77,4,4
56879,86,85,1,1
56880,90,88,2,2
56881,73,81,-8,8
56882,122,127,-5,5
56883,81,81,0,0
56884,182,165,17,17
56885,73,75,-2,2
56886,108,109,-1,1
56887,70,64,6,6
56888,170,157,13,13
56889,98,94,4,4
56890,83,85,-2,2
56891,89,98,-9,9
56892,79,76,3,3
56893,77,88,-11,11
56894,82,91,-9,9
56895,79,81,-2,2
56896,165,150,15,15
56897,57,74,-17,17
56898,94,107,-13,13
56899,101,91,10,10
56900,170,178,-8,8
56901,68,73,-5,5
56902,121,118,3,3
56903,137,133,4,4
56904,72,70,2,2
56905,109,113,-4,4
56906,81,76,5,5
56907,71,80,-9,9
56908,135,142,-7,7
56909,105,101,4,4
56910,101,98,3,3
56911,71,83,-12,12
56912,93,100,-7,7
56913,75,80,-5,5
56914,68,134,-66,66
56915,107,114,-7,7
56916,76,77,-1,1
56917,127,114,13,13
56918,117,128,-11,11
56919,123,112,11,11
56920,158,150,8,8
56921,96,101,-5,5
56922,44,67,-23,23
56923,100,100,0,0
56924,69,70,-1,1
56925,77,83,-6,6
56926,66,73,-7,7
56927,71,64,7,7
56928,117,117,0,0
56929,103,114,-11,11
56930,99,102,-3,3
56931,131,141,-10,10
56932,50,68,-18,18
56933,39,47,-8,8
56934,74,76,-2,2
56935,51,57,-6,6
56936,91,94,-3,3
56937,104,119,-15,15
56938,76,71,5,5
56939,126,130,-4,4
56940,79,85,-6,6
56941,88,101,-13,13
56942,103,105,-2,2
56943,156,147,9,9
56944,153,144,9,9
56945,82,82,0,0
56946,69,79,-10,10
56947,85,91,-6,6
56948,90,104,-14,14
56949,118,109,9,9
56950,113,110,3,3
56951,63,73,-10,10
56952,39,52,-13,13
56953,125,120,5,5
56954,111,133,-22,22
56955,85,79,6,6
56956,69,77,-8,8
56957,164,161,3,3
56958,115,117,-2,2
56959,100,127,-27,27
56960,97,110,-13,13
56961,76,86,-10,10
56962,109,122,-13,13
56963,122,126,-4,4
56964,75,80,-5,5
56965,94,92,2,2
56966,73,73,0,0
56967,138,139,-1,1
56968,109,100,9,9
56969,84,92,-8,8
56970,65,69,-4,4
56971,97,97,0,0
56972,150,151,-1,1
56973,158,151,7,7
56974,74,79,-5,5
56975,64,67,-3,3
56976,102,88,14,14
56977,83,94,-11,11
56978,181,178,3,3
56979,149,147,2,2
56980,67,66,1,1
56981,108,117,-9,9
56982,126,115,11,11
56983,129,136,-7,7
56984,123,114,9,9
56985,88,79,9,9
56986,79,92,-13,13
56987,122,111,11,11
56988,88,85,3,3
56989,129,119,10,10
56990,82,79,3,3
56991,72,76,-4,4
56992,116,132,-16,16
56993,93,82,11,11
56994,82,77,5,5
56995,153,136,17,17
56996,169,152,17,17
56997,79,99,-20,20
56998,92,94,-2,2
56999,123,121,2,2
57000,75,82,-7,7
57001,162,176,-14,14
57002,79,82,-3,3
57003,90,89,1,1
57004,74,96,-22,22
57005,130,116,14,14
57006,128,120,8,8
57007,75,86,-11,11
57008,86,89,-3,3
57009,111,108,3,3
57010,100,89,11,11
57011,57,56,1,1
57012,126,128,-2,2
57013,61,62,-1,1
57014,79,74,5,5
57015,80,70,10,10
57016,49,56,-7,7
57017,83,89,-6,6
57018,65,72,-7,7
57019,76,80,-4,4
57020,99,96,3,3
57021,152,143,9,9
57022,74,84,-10,10
57023,90,83,7,7
57024,116,123,-7,7
57025,150,169,-19,19
57026,98,114,-16,16
57027,136,126,10,10
57028,109,110,-1,1
57029,131,143,-12,12
57030,44,53,-9,9
57031,52,59,-7,7
57032,73,76,-3,3
57033,160,145,15,15
57034,104,114,-10,10
57035,71,71,0,0
57036,52,58,-6,6
57037,69,66,3,3
57038,120,115,5,5
57039,51,51,0,0
57040,65,73,-8,8
57041,93,86,7,7
57042,62,84,-22,22
57043,108,114,-6,6
57044,86,97,-11,11
57045,65,72,-7,7
57046,151,159,-8,8
57047,82,90,-8,8
57048,54,58,-4,4
57049,57,60,-3,3
57050,87,110,-23,23
57051,75,82,-7,7
57052,76,81,-5,5
57053,144,149,-5,5
57054,82,89,-7,7
57055,70,73,-3,3
57056,65,67,-2,2
57057,130,136,-6,6
57058,179,189,-10,10
57059,143,151,-8,8
57060,128,125,3,3
57061,59,62,-3,3
57062,141,123,18,18
57063,91,80,11,11
57064,117,113,4,4
57065,103,102,1,1
57066,102,108,-6,6
57067,150,145,5,5
57068,91,85,6,6
57069,82,90,-8,8
57070,72,61,11,11
57071,146,128,18,18
57072,51,55,-4,4
57073,119,119,0,0
57074,94,100,-6,6
57075,113,114,-1,1
57076,115,108,7,7
57077,50,66,-16,16
57078,72,89,-17,17
57079,127,119,8,8
57080,67,77,-10,10
57081,76,72,4,4
57082,96,91,5,5
57083,137,146,-9,9
57084,189,180,9,9
57085,83,87,-4,4
57086,90,93,-3,3
57087,85,85,0,0
57088,99,95,4,4
57089,88,93,-5,5
57090,163,209,-46,46
57091,78,81,-3,3
57092,63,64,-1,1
57093,87,95,-8,8
57094,81,75,6,6
57095,117,129,-12,12
57096,86,77,9,9
57097,97,98,-1,1
57098,120,116,4,4
57099,61,60,1,1
57100,109,114,-5,5
57101,82,82,0,0
57102,98,91,7,7
57103,100,92,8,8
57104,114,98,16,16
57105,61,67,-6,6
57106,88,93,-5,5
57107,75,77,-2,2
57108,96,101,-5,5
57109,125,130,-5,5
57110,216,191,25,25
57111,91,93,-2,2
57112,149,141,8,8
57113,104,90,14,14
57114,69,71,-2,2
57115,65,69,-4,4
57116,116,106,10,10
57117,66,72,-6,6
57118,53,55,-2,2
57119,61,76,-15,15
57120,106,111,-5,5
57121,118,117,1,1
57122,145,144,1,1
57123,90,89,1,1
57124,76,73,3,3
57125,48,52,-4,4
57126,38,39,-1,1
57127,65,69,-4,4
57128,98,99,-1,1
57129,48,64,-16,16
57130,93,102,-9,9
57131,117,125,-8,8
57132,66,69,-3,3
57133,110,97,13,13
57134,121,115,6,6
57135,95,89,6,6
57136,81,83,-2,2
57137,48,66,-18,18
57138,80,85,-5,5
57139,136,159,-23,23
57140,55,51,4,4
57141,110,107,3,3
57142,104,122,-18,18
57143,89,94,-5,5
57144,90,122,-32,32
57145,111,115,-4,4
57146,85,89,-4,4
57147,113,120,-7,7
57148,100,101,-1,1
57149,147,149,-2,2
57150,86,98,-12,12
57151,76,76,0,0
57152,164,138,26,26
57153,130,106,24,24
57154,99,92,7,7
57155,40,51,-11,11
57156,175,186,-11,11
57157,148,131,17,17
57158,106,114,-8,8
57159,152,150,2,2
57160,91,93,-2,2
57161,98,72,26,26
57162,51,69,-18,18
57163,88,104,-16,16
57164,89,93,-4,4
57165,63,59,4,4
57166,84,90,-6,6
57167,75,68,7,7
57168,117,119,-2,2
57169,111,118,-7,7
57170,134,143,-9,9
57171,81,84,-3,3
57172,101,111,-10,10
57173,61,54,7,7
57174,116,117,-1,1
57175,77,79,-2,2
57176,121,76,45,45
57177,101,102,-1,1
57178,22,39,-17,17
57179,89,90,-1,1
57180,134,129,5,5
57181,132,143,-11,11
57182,48,54,-6,6
57183,102,103,-1,1
57184,90,77,13,13
57185,89,94,-5,5
57186,109,117,-8,8
57187,164,152,12,12
57188,93,102,-9,9
57189,93,97,-4,4
57190,63,70,-7,7
57191,99,103,-4,4
57192,72,64,8,8
57193,85,97,-12,12
57194,76,79,-3,3
57195,85,83,2,2
57196,125,85,40,40
57197,63,61,2,2
57198,47,59,-12,12
57199,123,124,-1,1
57200,88,89,-1,1
57201,75,68,7,7
57202,78,81,-3,3
57203,73,72,1,1
57204,113,125,-12,12
57205,88,82,6,6
57206,91,80,11,11
57207,99,98,1,1
57208,92,104,-12,12
57209,102,114,-12,12
57210,84,93,-9,9
57211,153,136,17,17
57212,117,119,-2,2
57213,61,52,9,9
57214,81,71,10,10
57215,148,155,-7,7
57216,88,71,17,17
57217,109,113,-4,4
57218,124,108,16,16
57219,44,56,-12,12
57220,75,103,-28,28
57221,107,113,-6,6
57222,74,78,-4,4
57223,75,72,3,3
57224,97,93,4,4
57225,95,90,5,5
57226,72,72,0,0
57227,71,75,-4,4
57228,100,99,1,1
57229,110,100,10,10
57230,67,67,0,0
57231,59,63,-4,4
57232,162,160,2,2
57233,97,104,-7,7
57234,66,76,-10,10
57235,87,88,-1,1
57236,142,148,-6,6
57237,77,86,-9,9
57238,61,60,1,1
57239,61,121,-60,60
57240,131,122,9,9
57241,84,86,-2,2
57242,77,84,-7,7
57243,60,64,-4,4
57244,77,78,-1,1
57245,47,51,-4,4
57246,71,84,-13,13
57247,118,129,-11,11
57248,105,115,-10,10
57249,137,144,-7,7
57250,48,59,-11,11
57251,81,87,-6,6
57252,105,84,21,21
57253,107,105,2,2
57254,149,140,9,9
57255,88,94,-6,6
57256,104,95,9,9
57257,130,120,10,10
57258,118,133,-15,15
57259,50,73,-23,23
57260,113,101,12,12
57261,48,57,-9,9
57262,105,109,-4,4
57263,63,73,-10,10
57264,63,68,-5,5
57265,65,66,-1,1
57266,105,112,-7,7
57267,38,49,-11,11
57268,57,47,10,10
57269,94,86,8,8
57270,87,81,6,6
57271,68,71,-3,3
57272,66,86,-20,20
57273,87,93,-6,6
57274,121,125,-4,4
57275,104,105,-1,1
57276,124,136,-12,12
57277,158,156,2,2
57278,30,45,-15,15
57279,101,116,-15,15
57280,86,78,8,8
57281,93,90,3,3
57282,123,139,-16,16
57283,102,98,4,4
57284,142,167,-25,25
57285,61,81,-20,20
57286,75,75,0,0
57287,125,140,-15,15
57288,95,95,0,0
57289,171,146,25,25
57290,96,124,-28,28
57291,123,127,-4,4
57292,106,113,-7,7
57293,62,60,2,2
57294,87,82,5,5
57295,57,62,-5,5
57296,56,56,0,0
57297,124,130,-6,6
57298,81,80,1,1
57299,109,97,12,12
57300,165,181,-16,16
57301,171,107,64,64
57302,104,102,2,2
57303,59,69,-10,10
57304,40,51,-11,11
57305,74,92,-18,18
57306,127,127,0,0
57307,73,86,-13,13
57308,130,125,5,5
57309,47,70,-23,23
57310,59,65,-6,6
57311,156,143,13,13
57312,101,96,5,5
57313,89,67,22,22
57314,95,103,-8,8
57315,60,72,-12,12
57316,91,92,-1,1
57317,74,73,1,1
57318,160,156,4,4
57319,114,118,-4,4
57320,148,141,7,7
57321,80,81,-1,1
57322,24,41,-17,17
57323,52,59,-7,7
57324,259,237,22,22
57325,44,50,-6,6
57326,149,135,14,14
57327,57,57,0,0
57328,126,137,-11,11
57329,142,135,7,7
57330,111,113,-2,2
57331,167,165,2,2
57332,76,77,-1,1
57333,69,63,6,6
57334,110,119,-9,9
57335,92,72,20,20
57336,99,87,12,12
57337,95,102,-7,7
57338,114,110,4,4
57339,91,104,-13,13
57340,104,104,0,0
57341,84,84,0,0
57342,164,146,18,18
57343,44,58,-14,14
57344,75,66,9,9
57345,95,92,3,3
57346,27,42,-15,15
57347,81,103,-22,22
57348,72,73,-1,1
57349,100,95,5,5
57350,131,111,20,20
57351,61,72,-11,11
57352,89,88,1,1
57353,65,69,-4,4
57354,53,63,-10,10
57355,103,117,-14,14
57356,129,134,-5,5
57357,114,114,0,0
57358,102,108,-6,6
57359,87,99,-12,12
57360,77,70,7,7
57361,72,86,-14,14
57362,71,73,-2,2
57363,67,60,7,7
57364,116,131,-15,15
57365,102,102,0,0
57366,83,78,5,5
57367,55,57,-2,2
57368,71,82,-11,11
57369,84,74,10,10
57370,98,100,-2,2
57371,101,102,-1,1
57372,82,79,3,3
57373,117,124,-7,7
57374,126,132,-6,6
57375,66,78,-12,12
57376,81,85,-4,4
57377,189,192,-3,3
57378,90,85,5,5
57379,86,85,1,1
57380,107,104,3,3
57381,117,150,-33,33
57382,54,53,1,1
57383,81,82,-1,1
57384,85,93,-8,8
57385,88,93,-5,5
57386,57,66,-9,9
57387,103,101,2,2
57388,103,101,2,2
57389,95,102,-7,7
57390,107,103,4,4
57391,91,98,-7,7
57392,111,139,-28,28
57393,200,183,17,17
57394,83,87,-4,4
57395,86,91,-5,5
57396,80,90,-10,10
57397,109,98,11,11
57398,69,70,-1,1
57399,78,75,3,3
57400,70,101,-31,31
57401,77,77,0,0
57402,69,66,3,3
57403,96,94,2,2
57404,121,122,-1,1
57405,90,100,-10,10
57406,152,150,2,2
57407,91,85,6,6
57408,89,89,0,0
57409,104,96,8,8
57410,88,70,18,18
57411,113,106,7,7
57412,81,94,-13,13
57413,92,97,-5,5
57414,112,94,18,18
57415,113,125,-12,12
57416,119,110,9,9
57417,68,69,-1,1
57418,183,164,19,19
57419,154,131,23,23
57420,115,113,2,2
57421,173,195,-22,22
57422,108,104,4,4
57423,124,144,-20,20
57424,71,65,6,6
57425,84,78,6,6
57426,80,72,8,8
57427,90,91,-1,1
57428,74,70,4,4
57429,89,74,15,15
57430,81,91,-10,10
57431,100,83,17,17
57432,136,137,-1,1
57433,55,58,-3,3
57434,105,102,3,3
57435,77,72,5,5
57436,192,182,10,10
57437,99,90,9,9
57438,90,95,-5,5
57439,134,132,2,2
57440,113,108,5,5
57441,90,87,3,3
57442,150,148,2,2
57443,52,54,-2,2
57444,102,99,3,3
57445,55,57,-2,2
57446,110,108,2,2
57447,57,52,5,5
57448,57,61,-4,4
57449,97,99,-2,2
57450,117,113,4,4
57451,83,97,-14,14
57452,121,109,12,12
57453,58,62,-4,4
57454,101,108,-7,7
57455,63,64,-1,1
57456,105,112,-7,7
57457,94,87,7,7
57458,138,141,-3,3
57459,62,64,-2,2
57460,113,123,-10,10
57461,50,56,-6,6
57462,90,99,-9,9
57463,135,140,-5,5
57464,68,55,13,13
57465,94,94,0,0
57466,63,59,4,4
57467,179,163,16,16
57468,78,83,-5,5
57469,197,177,20,20
57470,124,126,-2,2
57471,115,134,-19,19
57472,105,107,-2,2
57473,135,143,-8,8
57474,59,68,-9,9
57475,75,89,-14,14
57476,131,133,-2,2
57477,125,135,-10,10
57478,82,91,-9,9
57479,193,180,13,13
57480,23,31,-8,8
57481,67,70,-3,3
57482,204,187,17,17
57483,78,79,-1,1
57484,95,106,-11,11
57485,143,148,-5,5
57486,69,74,-5,5
57487,78,66,12,12
57488,185,181,4,4
57489,60,67,-7,7
57490,93,82,11,11
57491,49,55,-6,6
57492,151,131,20,20
57493,93,89,4,4
57494,109,109,0,0
57495,58,59,-1,1
57496,132,118,14,14
57497,85,74,11,11
57498,118,98,20,20
57499,69,70,-1,1
57500,76,74,2,2
57501,68,85,-17,17
57502,68,69,-1,1
57503,103,115,-12,12
57504,116,115,1,1
57505,189,158,31,31
57506,64,72,-8,8
57507,54,57,-3,3
57508,99,94,5,5
57509,140,135,5,5
57510,52,55,-3,3
57511,144,146,-2,2
57512,96,95,1,1
57513,60,77,-17,17
57514,131,125,6,6
57515,101,117,-16,16
57516,21,41,-20,20
57517,77,80,-3,3
57518,94,95,-1,1
57519,64,64,0,0
57520,77,84,-7,7
57521,89,96,-7,7
57522,68,72,-4,4
57523,100,92,8,8
57524,94,102,-8,8
57525,99,99,0,0
57526,104,110,-6,6
57527,76,82,-6,6
57528,41,53,-12,12
57529,89,83,6,6
57530,159,139,20,20
57531,145,126,19,19
57532,89,82,7,7
57533,117,114,3,3
57534,56,57,-1,1
57535,112,116,-4,4
57536,59,61,-2,2
57537,54,60,-6,6
57538,83,78,5,5
57539,70,72,-2,2
57540,64,64,0,0
57541,134,131,3,3
57542,107,122,-15,15
57543,81,77,4,4
57544,117,128,-11,11
57545,123,127,-4,4
57546,114,100,14,14
57547,173,157,16,16
57548,79,71,8,8
57549,117,111,6,6
57550,32,42,-10,10
57551,87,89,-2,2
57552,189,186,3,3
57553,70,80,-10,10
57554,155,137,18,18
57555,81,85,-4,4
57556,168,163,5,5
57557,114,115,-1,1
57558,153,145,8,8
57559,124,118,6,6
57560,51,57,-6,6
57561,105,109,-4,4
57562,101,118,-17,17
57563,86,91,-5,5
57564,129,134,-5,5
57565,122,108,14,14
57566,149,150,-1,1
57567,85,83,2,2
57568,73,72,1,1
57569,66,62,4,4
57570,180,149,31,31
57571,33,45,-12,12
57572,70,76,-6,6
57573,101,112,-11,11
57574,89,89,0,0
57575,120,126,-6,6
57576,121,115,6,6
57577,91,97,-6,6
57578,90,91,-1,1
57579,121,115,6,6
57580,154,167,-13,13
57581,110,105,5,5
57582,65,65,0,0
57583,107,125,-18,18
57584,141,138,3,3
57585,61,70,-9,9
57586,119,128,-9,9
57587,135,133,2,2
57588,185,179,6,6
57589,46,56,-10,10
57590,89,93,-4,4
57591,134,137,-3,3
57592,102,99,3,3
57593,138,126,12,12
57594,104,113,-9,9
57595,176,163,13,13
57596,112,117,-5,5
57597,135,133,2,2
57598,119,125,-6,6
57599,82,76,6,6
57600,99,112,-13,13
57601,119,119,0,0
57602,98,101,-3,3
57603,96,105,-9,9
57604,90,103,-13,13
57605,81,76,5,5
57606,65,70,-5,5
57607,120,106,14,14
57608,90,94,-4,4
57609,80,85,-5,5
57610,81,86,-5,5
57611,78,101,-23,23
57612,82,77,5,5
57613,155,144,11,11
57614,77,91,-14,14
57615,116,126,-10,10
57616,78,83,-5,5
57617,69,63,6,6
57618,64,67,-3,3
57619,88,86,2,2
57620,56,56,0,0
57621,62,58,4,4
57622,49,56,-7,7
57623,120,109,11,11
57624,154,143,11,11
57625,86,87,-1,1
57626,61,69,-8,8
57627,66,64,2,2
57628,145,134,11,11
57629,83,94,-11,11
57630,136,122,14,14
57631,88,100,-12,12
57632,71,63,8,8
57633,93,91,2,2
57634,97,91,6,6
57635,94,83,11,11
57636,97,97,0,0
57637,57,73,-16,16
57638,142,132,10,10
57639,119,123,-4,4
57640,87,96,-9,9
57641,131,140,-9,9
57642,119,128,-9,9
57643,76,70,6,6
57644,55,58,-3,3
57645,106,98,8,8
57646,70,76,-6,6
57647,103,111,-8,8
57648,96,88,8,8
57649,150,145,5,5
57650,128,132,-4,4
57651,38,38,0,0
57652,65,77,-12,12
57653,79,78,1,1
57654,96,92,4,4
57655,88,86,2,2
57656,185,198,-13,13
57657,81,79,2,2
57658,151,133,18,18
57659,94,90,4,4
57660,72,84,-12,12
57661,110,113,-3,3
57662,109,113,-4,4
57663,80,83,-3,3
57664,68,78,-10,10
57665,111,97,14,14
57666,67,75,-8,8
57667,95,92,3,3
57668,114,120,-6,6
57669,51,55,-4,4
57670,111,116,-5,5
57671,118,107,11,11
57672,157,150,7,7
57673,82,86,-4,4
57674,119,97,22,22
57675,73,68,5,5
57676,88,79,9,9
57677,46,54,-8,8
57678,61,88,-27,27
57679,81,85,-4,4
57680,117,121,-4,4
57681,87,100,-13,13
57682,71,62,9,9
57683,70,79,-9,9
57684,98,109,-11,11
57685,89,98,-9,9
57686,100,101,-1,1
57687,124,119,5,5
57688,166,165,1,1
57689,90,91,-1,1
57690,43,45,-2,2
57691,175,154,21,21
57692,104,101,3,3
57693,180,173,7,7
57694,57,60,-3,3
57695,36,51,-15,15
57696,144,146,-2,2
57697,136,122,14,14
57698,56,63,-7,7
57699,93,103,-10,10
57700,91,99,-8,8
57701,98,88,10,10
57702,82,71,11,11
57703,101,121,-20,20
57704,113,97,16,16
57705,53,59,-6,6
57706,55,62,-7,7
57707,120,109,11,11
57708,105,109,-4,4
57709,71,73,-2,2
57710,78,74,4,4
57711,165,164,1,1
57712,82,91,-9,9
57713,126,123,3,3
57714,114,107,7,7
57715,143,137,6,6
57716,118,100,18,18
57717,94,102,-8,8
57718,41,52,-11,11
57719,67,66,1,1
57720,83,71,12,12
57721,119,103,16,16
57722,62,67,-5,5
57723,55,56,-1,1
57724,95,102,-7,7
57725,91,106,-15,15
57726,68,73,-5,5
57727,144,141,3,3
57728,64,64,0,0
57729,43,57,-14,14
57730,81,89,-8,8
57731,94,91,3,3
57732,77,82,-5,5
57733,167,174,-7,7
57734,51,63,-12,12
57735,117,110,7,7
57736,93,101,-8,8
57737,71,74,-3,3
57738,64,68,-4,4
57739,168,169,-1,1
57740,98,101,-3,3
57741,38,47,-9,9
57742,124,113,11,11
57743,104,113,-9,9
57744,45,48,-3,3
57745,36,50,-14,14
57746,82,83,-1,1
57747,120,112,8,8
57748,108,116,-8,8
57749,43,49,-6,6
57750,85,81,4,4
57751,146,141,5,5
57752,82,107,-25,25
57753,115,111,4,4
57754,98,90,8,8
57755,87,78,9,9
57756,124,134,-10,10
57757,86,79,7,7
57758,92,110,-18,18
57759,109,95,14,14
57760,125,120,5,5
57761,140,141,-1,1
57762,84,141,-57,57
57763,66,64,2,2
57764,131,125,6,6
57765,81,71,10,10
57766,88,84,4,4
57767,143,158,-15,15
57768,74,80,-6,6
57769,118,124,-6,6
57770,56,63,-7,7
57771,61,52,9,9
57772,112,114,-2,2
57773,119,101,18,18
57774,102,94,8,8
57775,101,122,-21,21
57776,71,67,4,4
57777,118,114,4,4
57778,119,132,-13,13
57779,83,81,2,2
57780,133,114,19,19
57781,57,64,-7,7
57782,87,93,-6,6
57783,6,31,-25,25
57784,76,59,17,17
57785,124,124,0,0
57786,28,24,4,4
57787,65,62,3,3
57788,86,82,4,4
57789,111,124,-13,13
57790,59,71,-12,12
57791,94,98,-4,4
57792,97,121,-24,24
57793,115,107,8,8
57794,75,74,1,1
57795,144,141,3,3
57796,86,92,-6,6
57797,74,75,-1,1
57798,102,102,0,0
57799,79,65,14,14
57800,99,108,-9,9
57801,140,147,-7,7
57802,101,101,0,0
57803,156,142,14,14
57804,92,92,0,0
57805,70,74,-4,4
57806,59,65,-6,6
57807,116,112,4,4
57808,138,135,3,3
57809,136,150,-14,14
57810,61,60,1,1
57811,53,57,-4,4
57812,79,68,11,11
57813,90,84,6,6
57814,127,128,-1,1
57815,177,144,33,33
57816,110,124,-14,14
57817,129,118,11,11
57818,106,128,-22,22
57819,74,83,-9,9
57820,154,159,-5,5
57821,129,143,-14,14
57822,73,69,4,4
57823,77,87,-10,10
57824,84,89,-5,5
57825,103,101,2,2
57826,90,132,-42,42
57827,109,127,-18,18
57828,68,65,3,3
57829,72,71,1,1
57830,105,120,-15,15
57831,65,73,-8,8
57832,95,99,-4,4
57833,133,122,11,11
57834,103,96,7,7
57835,107,111,-4,4
57836,79,68,11,11
57837,116,104,12,12
57838,91,81,10,10
57839,72,74,-2,2
57840,66,88,-22,22
57841,147,132,15,15
57842,90,113,-23,23
57843,192,202,-10,10
57844,98,119,-21,21
57845,105,93,12,12
57846,44,56,-12,12
57847,102,98,4,4
57848,82,94,-12,12
57849,107,108,-1,1
57850,102,104,-2,2
57851,135,128,7,7
57852,157,134,23,23
57853,61,48,13,13
57854,155,137,18,18
57855,121,138,-17,17
57856,77,76,1,1
57857,142,139,3,3
57858,95,88,7,7
57859,104,94,10,10
57860,77,82,-5,5
57861,135,142,-7,7
57862,101,97,4,4
57863,65,67,-2,2
57864,108,110,-2,2
57865,46,64,-18,18
57866,196,186,10,10
57867,83,97,-14,14
57868,92,81,11,11
57869,66,66,0,0
57870,87,96,-9,9
57871,76,74,2,2
57872,24,43,-19,19
57873,94,108,-14,14
57874,85,70,15,15
57875,147,196,-49,49
57876,104,126,-22,22
57877,97,97,0,0
57878,159,143,16,16
57879,103,101,2,2
57880,114,115,-1,1
57881,133,145,-12,12
57882,66,66,0,0
57883,101,111,-10,10
57884,71,80,-9,9
57885,85,90,-5,5
57886,87,78,9,9
57887,116,105,11,11
57888,88,86,2,2
57889,64,65,-1,1
57890,48,65,-17,17
57891,55,56,-1,1
57892,61,92,-31,31
57893,86,90,-4,4
57894,56,57,-1,1
57895,58,56,2,2
57896,77,79,-2,2
57897,70,83,-13,13
57898,78,85,-7,7
57899,136,137,-1,1
57900,69,73,-4,4
57901,68,65,3,3
57902,102,97,5,5
57903,67,63,4,4
57904,82,78,4,4
57905,54,60,-6,6
57906,70,70,0,0
57907,83,78,5,5
57908,129,125,4,4
57909,43,49,-6,6
57910,46,58,-12,12
57911,119,123,-4,4
57912,50,55,-5,5
57913,76,77,-1,1
57914,168,164,4,4
57915,83,79,4,4
57916,116,113,3,3
57917,121,130,-9,9
57918,96,113,-17,17
57919,126,133,-7,7
57920,86,85,1,1
57921,85,82,3,3
57922,93,88,5,5
57923,52,57,-5,5
57924,129,127,2,2
57925,87,90,-3,3
57926,38,49,-11,11
57927,61,78,-17,17
57928,77,78,-1,1
57929,73,75,-2,2
57930,143,146,-3,3
57931,59,65,-6,6
57932,57,63,-6,6
57933,64,67,-3,3
57934,140,148,-8,8
57935,109,112,-3,3
57936,91,87,4,4
57937,64,61,3,3
57938,105,91,14,14
57939,121,111,10,10
57940,65,62,3,3
57941,80,96,-16,16
57942,75,85,-10,10
57943,90,86,4,4
57944,93,106,-13,13
57945,60,68,-8,8
57946,75,77,-2,2
57947,97,91,6,6
57948,130,127,3,3
57949,111,108,3,3
57950,82,80,2,2
57951,102,101,1,1
57952,72,78,-6,6
57953,180,192,-12,12
57954,71,89,-18,18
57955,92,84,8,8
57956,109,108,1,1
57957,113,117,-4,4
57958,117,102,15,15
57959,105,98,7,7
57960,85,80,5,5
57961,75,72,3,3
57962,77,80,-3,3
57963,79,81,-2,2
57964,106,98,8,8
57965,52,64,-12,12
57966,107,86,21,21
57967,89,96,-7,7
57968,150,142,8,8
57969,84,86,-2,2
57970,78,81,-3,3
57971,124,128,-4,4
57972,58,63,-5,5
57973,110,103,7,7
57974,108,112,-4,4
57975,95,96,-1,1
57976,139,133,6,6
57977,92,93,-1,1
57978,63,69,-6,6
57979,81,84,-3,3
57980,103,90,13,13
57981,75,78,-3,3
57982,75,85,-10,10
57983,125,124,1,1
57984,98,106,-8,8
57985,101,98,3,3
57986,73,90,-17,17
57987,95,89,6,6
57988,120,121,-1,1
57989,90,106,-16,16
57990,178,158,20,20
57991,111,120,-9,9
57992,90,93,-3,3
57993,91,77,14,14
57994,92,74,18,18
57995,77,77,0,0
57996,87,84,3,3
57997,121,114,7,7
57998,99,89,10,10
57999,119,133,-14,14
58000,85,98,-13,13
58001,102,103,-1,1
58002,102,98,4,4
58003,68,70,-2,2
58004,159,147,12,12
58005,91,82,9,9
58006,85,88,-3,3
58007,77,88,-11,11
58008,136,134,2,2
58009,182,141,41,41
58010,101,105,-4,4
58011,63,55,8,8
58012,89,101,-12,12
58013,78,80,-2,2
58014,104,97,7,7
58015,113,116,-3,3
58016,88,84,4,4
58017,87,93,-6,6
58018,182,176,6,6
58019,97,102,-5,5
58020,123,133,-10,10
58021,93,125,-32,32
58022,77,72,5,5
58023,87,79,8,8
58024,71,76,-5,5
58025,60,72,-12,12
58026,95,98,-3,3
58027,92,81,11,11
58028,78,76,2,2
58029,84,89,-5,5
58030,153,137,16,16
58031,140,141,-1,1
58032,99,88,11,11
58033,57,67,-10,10
58034,83,87,-4,4
58035,79,80,-1,1
58036,87,88,-1,1
58037,85,108,-23,23
58038,80,78,2,2
58039,69,73,-4,4
58040,68,64,4,4
58041,94,100,-6,6
58042,79,85,-6,6
58043,115,111,4,4
58044,59,59,0,0
58045,183,184,-1,1
58046,64,66,-2,2
58047,109,113,-4,4
58048,54,53,1,1
58049,62,61,1,1
58050,69,85,-16,16
58051,62,65,-3,3
58052,71,76,-5,5
58053,140,139,1,1
58054,73,73,0,0
58055,124,127,-3,3
58056,86,95,-9,9
58057,142,143,-1,1
58058,170,170,0,0
58059,69,69,0,0
58060,124,135,-11,11
58061,123,133,-10,10
58062,104,88,16,16
58063,65,74,-9,9
58064,110,113,-3,3
58065,80,66,14,14
58066,66,70,-4,4
58067,96,74,22,22
58068,116,126,-10,10
58069,74,72,2,2
58070,59,56,3,3
58071,64,58,6,6
58072,115,108,7,7
58073,89,84,5,5
58074,136,135,1,1
58075,51,53,-2,2
58076,73,74,-1,1
58077,68,54,14,14
58078,116,107,9,9
58079,135,139,-4,4
58080,29,48,-19,19
58081,96,90,6,6
58082,38,80,-42,42
58083,170,169,1,1
58084,125,123,2,2
58085,160,146,14,14
58086,108,117,-9,9
58087,144,140,4,4
58088,70,65,5,5
58089,100,88,12,12
58090,62,63,-1,1
58091,129,129,0,0
58092,99,84,15,15
58093,93,90,3,3
58094,108,100,8,8
58095,59,57,2,2
58096,43,44,-1,1
58097,119,109,10,10
58098,71,67,4,4
58099,147,168,-21,21
58100,60,67,-7,7
58101,79,86,-7,7
58102,64,70,-6,6
58103,73,75,-2,2
58104,105,100,5,5
58105,80,80,0,0
58106,79,82,-3,3
58107,90,91,-1,1
58108,89,80,9,9
58109,73,74,-1,1
58110,113,119,-6,6
58111,78,79,-1,1
58112,63,82,-19,19
58113,142,126,16,16
58114,145,150,-5,5
58115,95,103,-8,8
58116,101,96,5,5
58117,126,120,6,6
58118,154,148,6,6
58119,184,154,30,30
58120,116,125,-9,9
58121,84,87,-3,3
58122,129,137,-8,8
58123,74,65,9,9
58124,97,95,2,2
58125,88,111,-23,23
58126,102,113,-11,11
58127,69,78,-9,9
58128,73,81,-8,8
58129,77,67,10,10
58130,98,98,0,0
58131,78,84,-6,6
58132,108,91,17,17
58133,78,76,2,2
58134,86,87,-1,1
58135,70,69,1,1
58136,70,72,-2,2
58137,78,71,7,7
58138,81,80,1,1
58139,55,64,-9,9
58140,37,44,-7,7
58141,80,86,-6,6
58142,68,69,-1,1
58143,130,125,5,5
58144,100,107,-7,7
58145,71,80,-9,9
58146,97,97,0,0
58147,147,150,-3,3
58148,93,99,-6,6
58149,165,171,-6,6
58150,70,71,-1,1
58151,59,64,-5,5
58152,46,50,-4,4
58153,132,115,17,17
58154,90,86,4,4
58155,208,206,2,2
58156,124,131,-7,7
58157,92,108,-16,16
58158,75,84,-9,9
58159,103,110,-7,7
58160,47,50,-3,3
58161,72,66,6,6
58162,65,67,-2,2
58163,107,117,-10,10
58164,131,133,-2,2
58165,67,73,-6,6
58166,119,113,6,6
58167,63,69,-6,6
58168,153,146,7,7
58169,72,74,-2,2
58170,131,141,-10,10
58171,92,82,10,10
58172,70,75,-5,5
58173,93,100,-7,7
58174,48,66,-18,18
58175,75,73,2,2
58176,185,173,12,12
58177,90,103,-13,13
58178,53,60,-7,7
58179,130,124,6,6
58180,139,123,16,16
58181,92,96,-4,4
58182,77,112,-35,35
58183,130,113,17,17
58184,88,88,0,0
58185,68,73,-5,5
58186,144,119,25,25
58187,73,79,-6,6
58188,136,133,3,3
58189,115,112,3,3
58190,79,82,-3,3
58191,97,95,2,2
58192,70,68,2,2
58193,76,84,-8,8
58194,110,111,-1,1
58195,103,121,-18,18
58196,106,108,-2,2
58197,82,78,4,4
58198,82,89,-7,7
58199,64,69,-5,5
58200,108,108,0,0
58201,162,136,26,26
58202,64,73,-9,9
58203,42,47,-5,5
58204,128,120,8,8
58205,93,87,6,6
58206,83,77,6,6
58207,75,69,6,6
58208,113,117,-4,4
58209,131,122,9,9
58210,70,67,3,3
58211,82,89,-7,7
58212,53,56,-3,3
58213,92,98,-6,6
58214,123,118,5,5
58215,132,118,14,14
58216,71,72,-1,1
58217,83,86,-3,3
58218,52,60,-8,8
58219,102,102,0,0
58220,51,57,-6,6
58221,90,76,14,14
58222,121,132,-11,11
58223,125,111,14,14
58224,66,69,-3,3
58225,99,110,-11,11
58226,71,88,-17,17
58227,103,92,11,11
58228,87,88,-1,1
58229,130,132,-2,2
58230,74,75,-1,1
58231,171,177,-6,6
58232,146,131,15,15
58233,81,89,-8,8
58234,72,68,4,4
58235,81,94,-13,13
58236,58,73,-15,15
58237,111,104,7,7
58238,148,156,-8,8
58239,76,77,-1,1
58240,78,78,0,0
58241,91,102,-11,11
58242,91,97,-6,6
58243,70,77,-7,7
58244,155,136,19,19
58245,89,92,-3,3
58246,55,56,-1,1
58247,97,84,13,13
58248,71,60,11,11
58249,134,152,-18,18
58250,85,75,10,10
58251,76,71,5,5
58252,98,107,-9,9
58253,51,61,-10,10
58254,111,98,13,13
58255,59,67,-8,8
58256,112,105,7,7
58257,43,47,-4,4
58258,122,117,5,5
58259,62,60,2,2
58260,57,59,-2,2
58261,94,98,-4,4
58262,92,87,5,5
58263,113,129,-16,16
58264,125,120,5,5
58265,98,106,-8,8
58266,58,82,-24,24
58267,110,107,3,3
58268,69,68,1,1
58269,57,59,-2,2
58270,54,48,6,6
58271,69,66,3,3
58272,84,97,-13,13
58273,81,91,-10,10
58274,72,80,-8,8
58275,120,117,3,3
58276,59,59,0,0
58277,121,113,8,8
58278,54,68,-14,14
58279,62,57,5,5
58280,83,76,7,7
58281,85,76,9,9
58282,102,111,-9,9
58283,109,96,13,13
58284,128,137,-9,9
58285,128,119,9,9
58286,155,119,36,36
58287,75,83,-8,8
58288,44,48,-4,4
58289,106,121,-15,15
58290,122,111,11,11
58291,99,100,-1,1
58292,76,74,2,2
58293,93,95,-2,2
58294,59,64,-5,5
58295,115,104,11,11
58296,147,147,0,0
58297,104,107,-3,3
58298,56,63,-7,7
58299,119,111,8,8
58300,92,92,0,0
58301,55,62,-7,7
58302,70,65,5,5
58303,79,83,-4,4
58304,106,105,1,1
58305,141,140,1,1
58306,142,139,3,3
58307,100,100,0,0
58308,71,69,2,2
58309,37,42,-5,5
58310,58,56,2,2
58311,107,114,-7,7
58312,104,105,-1,1
58313,125,132,-7,7
58314,95,114,-19,19
58315,164,169,-5,5
58316,45,58,-13,13
58317,86,79,7,7
58318,101,98,3,3
58319,117,103,14,14
58320,85,114,-29,29
58321,60,65,-5,5
58322,141,151,-10,10
58323,101,110,-9,9
58324,113,97,16,16
58325,108,105,3,3
58326,86,87,-1,1
58327,121,115,6,6
58328,165,185,-20,20
58329,58,59,-1,1
58330,165,160,5,5
58331,99,94,5,5
58332,77,82,-5,5
58333,120,123,-3,3
58334,132,126,6,6
58335,138,126,12,12
58336,104,132,-28,28
58337,59,63,-4,4
58338,68,66,2,2
58339,76,79,-3,3
58340,81,93,-12,12
58341,126,122,4,4
58342,125,104,21,21
58343,39,45,-6,6
58344,103,96,7,7
58345,64,70,-6,6
58346,120,109,11,11
58347,53,52,1,1
58348,81,77,4,4
58349,128,120,8,8
58350,75,75,0,0
58351,67,63,4,4
58352,158,147,11,11
58353,77,91,-14,14
58354,140,146,-6,6
58355,75,83,-8,8
58356,114,125,-11,11
58357,82,80,2,2
58358,96,108,-12,12
58359,142,136,6,6
58360,84,91,-7,7
58361,84,60,24,24
58362,69,66,3,3
58363,63,71,-8,8
58364,83,80,3,3
58365,136,127,9,9
58366,107,107,0,0
58367,95,93,2,2
58368,157,148,9,9
58369,89,98,-9,9
58370,85,83,2,2
58371,102,101,1,1
58372,103,113,-10,10
58373,88,82,6,6
58374,100,95,5,5
58375,69,71,-2,2
58376,84,72,12,12
58377,32,51,-19,19
58378,52,57,-5,5
58379,156,136,20,20
58380,71,69,2,2
58381,114,74,40,40
58382,83,85,-2,2
58383,81,80,1,1
58384,164,161,3,3
58385,109,104,5,5
58386,89,95,-6,6
58387,125,118,7,7
58388,82,80,2,2
58389,73,74,-1,1
58390,117,145,-28,28
58391,69,69,0,0
58392,98,91,7,7
58393,114,95,19,19
58394,86,84,2,2
58395,112,105,7,7
58396,96,101,-5,5
58397,113,114,-1,1
58398,86,93,-7,7
58399,130,127,3,3
58400,80,87,-7,7
58401,134,148,-14,14
58402,158,156,2,2
58403,59,60,-1,1
58404,55,63,-8,8
58405,87,96,-9,9
58406,42,42,0,0
58407,76,77,-1,1
58408,62,61,1,1
58409,119,120,-1,1
58410,103,103,0,0
58411,172,154,18,18
58412,134,151,-17,17
58413,68,67,1,1
58414,62,59,3,3
58415,57,68,-11,11
58416,147,138,9,9
58417,93,94,-1,1
58418,116,121,-5,5
58419,161,156,5,5
58420,79,95,-16,16
58421,148,143,5,5
58422,118,112,6,6
58423,46,56,-10,10
58424,130,133,-3,3
58425,163,156,7,7
58426,56,67,-11,11
58427,74,69,5,5
58428,66,73,-7,7
58429,84,79,5,5
58430,76,87,-11,11
58431,88,85,3,3
58432,69,66,3,3
58433,60,64,-4,4
58434,75,70,5,5
58435,164,153,11,11
58436,71,78,-7,7
58437,125,112,13,13
58438,86,83,3,3
58439,62,55,7,7
58440,82,81,1,1
58441,55,59,-4,4
58442,58,76,-18,18
58443,52,67,-15,15
58444,107,106,1,1
58445,82,92,-10,10
58446,118,138,-20,20
58447,104,104,0,0
58448,65,65,0,0
58449,148,160,-12,12
58450,104,107,-3,3
58451,189,172,17,17
58452,126,132,-6,6
58453,92,106,-14,14
58454,122,128,-6,6
58455,75,83,-8,8
58456,99,94,5,5
58457,99,98,1,1
58458,154,148,6,6
58459,89,100,-11,11
58460,145,148,-3,3
58461,81,65,16,16
58462,146,161,-15,15
58463,171,166,5,5
58464,52,53,-1,1
58465,81,77,4,4
58466,102,108,-6,6
58467,137,152,-15,15
58468,43,48,-5,5
58469,93,99,-6,6
58470,62,64,-2,2
58471,110,115,-5,5
58472,78,72,6,6
58473,112,114,-2,2
58474,64,75,-11,11
58475,52,56,-4,4
58476,51,62,-11,11
58477,71,81,-10,10
58478,62,59,3,3
58479,54,57,-3,3
58480,81,60,21,21
58481,156,140,16,16
58482,76,80,-4,4
58483,74,69,5,5
58484,63,69,-6,6
58485,59,62,-3,3
58486,45,53,-8,8
58487,127,108,19,19
58488,110,96,14,14
58489,68,66,2,2
58490,89,95,-6,6
58491,64,67,-3,3
58492,116,123,-7,7
58493,68,66,2,2
58494,211,229,-18,18
58495,93,91,2,2
58496,79,80,-1,1
58497,84,86,-2,2
58498,73,71,2,2
58499,82,81,1,1
58500,80,99,-19,19
58501,75,76,-1,1
58502,83,83,0,0
58503,123,127,-4,4
58504,52,57,-5,5
58505,133,121,12,12
58506,90,91,-1,1
58507,70,63,7,7
58508,74,82,-8,8
58509,84,85,-1,1
58510,90,95,-5,5
58511,92,90,2,2
58512,55,52,3,3
58513,62,69,-7,7
58514,120,112,8,8
58515,84,92,-8,8
58516,83,76,7,7
58517,95,112,-17,17
58518,79,75,4,4
58519,89,100,-11,11
58520,149,148,1,1
58521,81,108,-27,27
58522,91,99,-8,8
58523,87,78,9,9
58524,76,75,1,1
58525,45,50,-5,5
58526,226,232,-6,6
58527,125,129,-4,4
58528,148,171,-23,23
58529,60,61,-1,1
58530,134,136,-2,2
58531,165,159,6,6
58532,129,127,2,2
58533,65,64,1,1
58534,89,88,1,1
58535,95,98,-3,3
58536,83,88,-5,5
58537,79,77,2,2
58538,111,105,6,6
58539,83,81,2,2
58540,121,116,5,5
58541,97,100,-3,3
58542,114,120,-6,6
58543,55,59,-4,4
58544,118,120,-2,2
58545,95,77,18,18
58546,80,74,6,6
58547,112,110,2,2
58548,127,118,9,9
58549,140,125,15,15
58550,100,173,-73,73
58551,50,55,-5,5
58552,130,127,3,3
58553,77,78,-1,1
58554,86,103,-17,17
58555,117,102,15,15
58556,163,148,15,15
58557,78,76,2,2
58558,118,111,7,7
58559,110,108,2,2
58560,93,84,9,9
58561,76,92,-16,16
58562,71,68,3,3
58563,85,81,4,4
58564,39,48,-9,9
58565,77,85,-8,8
58566,57,57,0,0
58567,68,68,0,0
58568,74,73,1,1
58569,80,77,3,3
58570,86,88,-2,2
58571,55,59,-4,4
58572,129,109,20,20
58573,181,177,4,4
58574,71,74,-3,3
58575,106,136,-30,30
58576,43,66,-23,23
58577,157,151,6,6
58578,68,65,3,3
58579,134,113,21,21
58580,137,156,-19,19
58581,71,75,-4,4
58582,48,51,-3,3
58583,45,55,-10,10
58584,75,83,-8,8
58585,67,81,-14,14
58586,108,106,2,2
58587,81,79,2,2
58588,94,102,-8,8
58589,229,228,1,1
58590,58,58,0,0
58591,75,75,0,0
58592,97,110,-13,13
58593,142,137,5,5
58594,196,155,41,41
58595,78,77,1,1
58596,101,117,-16,16
58597,100,103,-3,3
58598,82,82,0,0
58599,100,107,-7,7
58600,81,88,-7,7
58601,81,88,-7,7
58602,106,79,27,27
58603,74,72,2,2
58604,77,91,-14,14
58605,124,122,2,2
58606,35,44,-9,9
58607,76,80,-4,4
58608,106,114,-8,8
58609,83,89,-6,6
58610,82,81,1,1
58611,77,74,3,3
58612,113,113,0,0
58613,86,80,6,6
58614,115,103,12,12
58615,98,88,10,10
58616,69,79,-10,10
58617,90,100,-10,10
58618,99,96,3,3
58619,59,70,-11,11
58620,109,106,3,3
58621,72,79,-7,7
58622,130,128,2,2
58623,118,129,-11,11
58624,113,109,4,4
58625,98,97,1,1
58626,102,99,3,3
58627,142,130,12,12
58628,95,107,-12,12
58629,89,91,-2,2
58630,45,73,-28,28
58631,35,42,-7,7
58632,54,59,-5,5
58633,102,89,13,13
58634,27,38,-11,11
58635,66,61,5,5
58636,35,52,-17,17
58637,115,109,6,6
58638,148,155,-7,7
58639,98,92,6,6
58640,115,107,8,8
58641,79,93,-14,14
58642,84,87,-3,3
58643,147,146,1,1
58644,79,75,4,4
58645,62,61,1,1
58646,95,93,2,2
58647,71,67,4,4
58648,66,70,-4,4
58649,84,87,-3,3
58650,142,142,0,0
58651,142,126,16,16
58652,91,94,-3,3
58653,102,105,-3,3
58654,105,136,-31,31
58655,66,63,3,3
58656,83,94,-11,11
58657,63,64,-1,1
58658,66,73,-7,7
58659,109,116,-7,7
58660,71,56,15,15
58661,92,90,2,2
58662,139,140,-1,1
58663,117,123,-6,6
58664,120,127,-7,7
58665,94,110,-16,16
58666,99,98,1,1
58667,58,56,2,2
58668,129,136,-7,7
58669,66,76,-10,10
58670,126,101,25,25
58671,111,120,-9,9
58672,54,51,3,3
58673,153,110,43,43
58674,82,79,3,3
58675,56,59,-3,3
58676,59,66,-7,7
58677,146,145,1,1
58678,64,65,-1,1
58679,56,58,-2,2
58680,60,64,-4,4
58681,21,42,-21,21
58682,132,136,-4,4
58683,85,97,-12,12
58684,113,108,5,5
58685,81,80,1,1
58686,110,113,-3,3
58687,98,95,3,3
58688,86,90,-4,4
58689,102,104,-2,2
58690,129,143,-14,14
58691,89,81,8,8
58692,121,115,6,6
58693,104,100,4,4
58694,63,50,13,13
58695,138,99,39,39
58696,119,142,-23,23
58697,92,89,3,3
58698,113,115,-2,2
58699,97,92,5,5
58700,162,160,2,2
58701,41,53,-12,12
58702,112,116,-4,4
58703,124,110,14,14
58704,76,84,-8,8
58705,116,121,-5,5
58706,86,77,9,9
58707,69,68,1,1
58708,99,101,-2,2
58709,65,71,-6,6
58710,70,77,-7,7
58711,111,98,13,13
58712,79,67,12,12
58713,92,95,-3,3
58714,92,83,9,9
58715,126,129,-3,3
58716,109,108,1,1
58717,65,73,-8,8
58718,79,78,1,1
58719,160,154,6,6
58720,75,87,-12,12
58721,95,94,1,1
58722,97,95,2,2
58723,102,84,18,18
58724,75,68,7,7
58725,119,118,1,1
58726,31,30,1,1
58727,137,126,11,11
58728,99,111,-12,12
58729,135,126,9,9
58730,143,149,-6,6
58731,128,124,4,4
58732,135,129,6,6
58733,56,72,-16,16
58734,79,68,11,11
58735,157,137,20,20
58736,103,120,-17,17
58737,147,145,2,2
58738,78,79,-1,1
58739,124,128,-4,4
58740,57,65,-8,8
58741,63,81,-18,18
58742,79,84,-5,5
58743,87,89,-2,2
58744,105,99,6,6
58745,119,120,-1,1
58746,41,50,-9,9
58747,62,74,-12,12
58748,148,149,-1,1
58749,113,119,-6,6
58750,236,229,7,7
58751,49,57,-8,8
58752,78,90,-12,12
58753,105,109,-4,4
58754,136,126,10,10
58755,93,98,-5,5
58756,55,57,-2,2
58757,87,94,-7,7
58758,67,72,-5,5
58759,113,106,7,7
58760,52,61,-9,9
58761,102,136,-34,34
58762,149,135,14,14
58763,65,80,-15,15
58764,106,84,22,22
58765,88,79,9,9
58766,175,168,7,7
58767,116,102,14,14
58768,128,118,10,10
58769,86,88,-2,2
58770,154,102,52,52
58771,93,92,1,1
58772,65,99,-34,34
58773,119,123,-4,4
58774,81,74,7,7
58775,93,108,-15,15
58776,77,82,-5,5
58777,144,115,29,29
58778,105,116,-11,11
58779,111,98,13,13
58780,143,123,20,20
58781,96,95,1,1
58782,86,94,-8,8
58783,78,78,0,0
58784,136,128,8,8
58785,82,86,-4,4
58786,91,93,-2,2
58787,83,88,-5,5
58788,106,110,-4,4
58789,94,106,-12,12
58790,99,106,-7,7
58791,78,79,-1,1
58792,154,153,1,1
58793,77,67,10,10
58794,184,174,10,10
58795,192,188,4,4
58796,77,76,1,1
58797,105,107,-2,2
58798,62,63,-1,1
58799,103,100,3,3
58800,59,64,-5,5
58801,77,70,7,7
58802,155,158,-3,3
58803,90,88,2,2
58804,98,134,-36,36
58805,93,88,5,5
58806,132,138,-6,6
58807,115,109,6,6
58808,67,61,6,6
58809,198,199,-1,1
58810,90,95,-5,5
58811,114,115,-1,1
58812,108,113,-5,5
58813,77,73,4,4
58814,114,122,-8,8
58815,126,127,-1,1
58816,86,83,3,3
58817,67,70,-3,3
58818,108,115,-7,7
58819,92,94,-2,2
58820,123,121,2,2
58821,96,96,0,0
58822,64,66,-2,2
58823,166,164,2,2
58824,218,224,-6,6
58825,89,93,-4,4
58826,76,80,-4,4
58827,69,73,-4,4
58828,122,123,-1,1
58829,115,113,2,2
58830,87,84,3,3
58831,119,104,15,15
58832,95,89,6,6
58833,82,76,6,6
58834,57,61,-4,4
58835,100,112,-12,12
58836,86,76,10,10
58837,101,95,6,6
58838,65,60,5,5
58839,106,105,1,1
58840,75,78,-3,3
58841,142,137,5,5
58842,81,77,4,4
58843,77,85,-8,8
58844,59,57,2,2
58845,130,118,12,12
58846,100,94,6,6
58847,92,95,-3,3
58848,55,49,6,6
58849,101,136,-35,35
58850,66,66,0,0
58851,108,104,4,4
58852,83,86,-3,3
58853,69,65,4,4
58854,140,129,11,11
58855,87,77,10,10
58856,96,97,-1,1
58857,167,162,5,5
58858,72,71,1,1
58859,88,101,-13,13
58860,124,109,15,15
58861,91,94,-3,3
58862,51,54,-3,3
58863,87,81,6,6
58864,92,96,-4,4
58865,58,61,-3,3
58866,45,48,-3,3
58867,95,93,2,2
58868,134,123,11,11
58869,91,99,-8,8
58870,121,122,-1,1
58871,51,53,-2,2
58872,58,62,-4,4
58873,48,56,-8,8
58874,75,82,-7,7
58875,46,55,-9,9
58876,56,59,-3,3
58877,87,88,-1,1
58878,47,61,-14,14
58879,88,89,-1,1
58880,112,111,1,1
58881,56,60,-4,4
58882,104,108,-4,4
58883,61,64,-3,3
58884,96,92,4,4
58885,113,109,4,4
58886,66,62,4,4
58887,153,155,-2,2
58888,115,134,-19,19
58889,100,99,1,1
58890,73,71,2,2
58891,89,76,13,13
58892,101,115,-14,14
58893,82,91,-9,9
58894,89,97,-8,8
58895,94,103,-9,9
58896,93,93,0,0
58897,113,110,3,3
58898,129,115,14,14
58899,68,65,3,3
58900,68,65,3,3
58901,94,94,0,0
58902,157,147,10,10
58903,99,93,6,6
58904,54,64,-10,10
58905,123,120,3,3
58906,94,83,11,11
58907,183,182,1,1
58908,74,75,-1,1
58909,59,61,-2,2
58910,173,162,11,11
58911,122,128,-6,6
58912,75,66,9,9
58913,77,86,-9,9
58914,63,65,-2,2
58915,90,96,-6,6
58916,56,66,-10,10
58917,82,89,-7,7
58918,86,100,-14,14
58919,149,147,2,2
58920,108,98,10,10
58921,73,83,-10,10
58922,67,69,-2,2
58923,93,93,0,0
58924,55,59,-4,4
58925,108,120,-12,12
58926,118,115,3,3
58927,30,40,-10,10
58928,70,46,24,24
58929,94,100,-6,6
58930,84,70,14,14
58931,77,74,3,3
58932,64,63,1,1
58933,103,110,-7,7
58934,93,117,-24,24
58935,91,84,7,7
58936,65,73,-8,8
58937,108,108,0,0
58938,117,107,10,10
58939,45,50,-5,5
58940,113,112,1,1
58941,70,66,4,4
58942,75,94,-19,19
58943,79,87,-8,8
58944,59,59,0,0
58945,59,62,-3,3
58946,42,59,-17,17
58947,96,78,18,18
58948,109,102,7,7
58949,95,101,-6,6
58950,126,129,-3,3
58951,89,101,-12,12
58952,99,106,-7,7
58953,145,152,-7,7
58954,108,108,0,0
58955,84,82,2,2
58956,82,87,-5,5
58957,171,145,26,26
58958,103,99,4,4
58959,118,116,2,2
58960,180,174,6,6
58961,61,62,-1,1
58962,163,160,3,3
58963,135,158,-23,23
58964,152,149,3,3
58965,109,95,14,14
58966,61,70,-9,9
58967,108,113,-5,5
58968,181,188,-7,7
58969,104,114,-10,10
58970,105,100,5,5
58971,68,70,-2,2
58972,116,142,-26,26
58973,144,147,-3,3
58974,85,90,-5,5
58975,141,134,7,7
58976,152,159,-7,7
58977,114,115,-1,1
58978,143,136,7,7
58979,155,167,-12,12
58980,191,174,17,17
58981,102,97,5,5
58982,77,66,11,11
58983,97,102,-5,5
58984,85,93,-8,8
58985,82,78,4,4
58986,83,75,8,8
58987,64,64,0,0
58988,135,137,-2,2
58989,86,79,7,7
58990,59,61,-2,2
58991,71,61,10,10
58992,65,49,16,16
58993,134,120,14,14
58994,85,88,-3,3
58995,159,144,15,15
58996,145,155,-10,10
58997,66,75,-9,9
58998,71,71,0,0
58999,154,142,12,12
59000,159,159,0,0
59001,50,56,-6,6
59002,95,110,-15,15
59003,81,83,-2,2
59004,128,120,8,8
59005,79,82,-3,3
59006,93,85,8,8
59007,156,160,-4,4
59008,107,96,11,11
59009,48,57,-9,9
59010,49,49,0,0
59011,52,120,-68,68
59012,43,52,-9,9
59013,166,170,-4,4
59014,59,70,-11,11
59015,97,83,14,14
59016,143,147,-4,4
59017,107,107,0,0
59018,122,119,3,3
59019,77,78,-1,1
59020,77,72,5,5
59021,52,54,-2,2
59022,70,71,-1,1
59023,93,99,-6,6
59024,93,103,-10,10
59025,110,104,6,6
59026,53,47,6,6
59027,67,71,-4,4
59028,185,172,13,13
59029,90,73,17,17
59030,107,110,-3,3
59031,148,150,-2,2
59032,119,123,-4,4
59033,95,99,-4,4
59034,112,99,13,13
59035,171,178,-7,7
59036,110,101,9,9
59037,76,78,-2,2
59038,99,82,17,17
59039,94,104,-10,10
59040,107,113,-6,6
59041,73,76,-3,3
59042,133,121,12,12
59043,70,87,-17,17
59044,80,73,7,7
59045,149,157,-8,8
59046,78,46,32,32
59047,95,98,-3,3
59048,79,85,-6,6
59049,42,59,-17,17
59050,73,69,4,4
59051,346,258,88,88
59052,70,42,28,28
59053,75,81,-6,6
59054,144,151,-7,7
59055,63,64,-1,1
59056,80,84,-4,4
59057,124,118,6,6
59058,69,65,4,4
59059,99,100,-1,1
59060,140,118,22,22
59061,117,116,1,1
59062,58,69,-11,11
59063,84,87,-3,3
59064,47,54,-7,7
59065,86,85,1,1
59066,52,59,-7,7
59067,77,73,4,4
59068,69,70,-1,1
59069,107,105,2,2
59070,118,90,28,28
59071,81,101,-20,20
59072,109,111,-2,2
59073,97,100,-3,3
59074,85,85,0,0
59075,81,72,9,9
59076,65,67,-2,2
59077,101,120,-19,19
59078,90,100,-10,10
59079,68,80,-12,12
59080,59,55,4,4
59081,97,103,-6,6
59082,104,102,2,2
59083,52,57,-5,5
59084,58,62,-4,4
59085,64,67,-3,3
59086,92,91,1,1
59087,179,151,28,28
59088,112,103,9,9
59089,100,114,-14,14
59090,60,61,-1,1
59091,102,105,-3,3
59092,111,111,0,0
59093,100,97,3,3
59094,80,77,3,3
59095,89,91,-2,2
59096,124,136,-12,12
59097,70,72,-2,2
59098,85,94,-9,9
59099,79,83,-4,4
59100,74,68,6,6
59101,66,76,-10,10
59102,75,79,-4,4
59103,83,84,-1,1
59104,65,70,-5,5
59105,119,110,9,9
59106,102,100,2,2
59107,81,81,0,0
59108,77,71,6,6
59109,81,81,0,0
59110,94,105,-11,11
59111,103,102,1,1
59112,104,99,5,5
59113,118,103,15,15
59114,90,88,2,2
59115,71,75,-4,4
59116,114,108,6,6
59117,120,100,20,20
59118,85,83,2,2
59119,79,85,-6,6
59120,49,72,-23,23
59121,74,74,0,0
59122,99,96,3,3
59123,106,127,-21,21
59124,89,85,4,4
59125,21,44,-23,23
59126,114,115,-1,1
59127,90,105,-15,15
59128,129,123,6,6
59129,64,64,0,0
59130,44,54,-10,10
59131,150,141,9,9
59132,136,140,-4,4
59133,119,124,-5,5
59134,68,77,-9,9
59135,87,98,-11,11
59136,66,73,-7,7
59137,103,103,0,0
59138,117,118,-1,1
59139,111,94,17,17
59140,112,89,23,23
59141,101,97,4,4
59142,143,144,-1,1
59143,81,83,-2,2
59144,180,145,35,35
59145,61,60,1,1
59146,131,135,-4,4
59147,70,69,1,1
59148,107,109,-2,2
59149,135,123,12,12
59150,92,90,2,2
59151,81,84,-3,3
59152,108,111,-3,3
59153,90,81,9,9
59154,86,81,5,5
59155,127,115,12,12
59156,47,48,-1,1
59157,130,129,1,1
59158,84,89,-5,5
59159,79,81,-2,2
59160,91,87,4,4
59161,120,114,6,6
59162,80,73,7,7
59163,59,68,-9,9
59164,81,92,-11,11
59165,143,142,1,1
59166,117,112,5,5
59167,143,145,-2,2
59168,154,127,27,27
59169,57,58,-1,1
59170,69,73,-4,4
59171,44,50,-6,6
59172,84,91,-7,7
59173,96,85,11,11
59174,80,62,18,18
59175,61,79,-18,18
59176,64,80,-16,16
59177,67,71,-4,4
59178,108,98,10,10
59179,87,89,-2,2
59180,87,83,4,4
59181,112,92,20,20
59182,147,152,-5,5
59183,143,147,-4,4
59184,124,174,-50,50
59185,160,155,5,5
59186,109,107,2,2
59187,71,69,2,2
59188,138,134,4,4
59189,76,76,0,0
59190,96,90,6,6
59191,94,90,4,4
59192,44,49,-5,5
59193,83,87,-4,4
59194,49,54,-5,5
59195,75,82,-7,7
59196,104,108,-4,4
59197,75,73,2,2
59198,93,97,-4,4
59199,96,108,-12,12
59200,81,92,-11,11
59201,80,74,6,6
59202,97,93,4,4
59203,65,70,-5,5
59204,46,54,-8,8
59205,79,82,-3,3
59206,88,92,-4,4
59207,62,71,-9,9
59208,84,78,6,6
59209,70,77,-7,7
59210,129,141,-12,12
59211,104,73,31,31
59212,116,116,0,0
59213,126,124,2,2
59214,95,106,-11,11
59215,66,63,3,3
59216,81,76,5,5
59217,133,115,18,18
59218,95,94,1,1
59219,151,146,5,5
59220,88,89,-1,1
59221,110,110,0,0
59222,69,51,18,18
59223,106,97,9,9
59224,64,69,-5,5
59225,126,125,1,1
59226,41,47,-6,6
59227,97,96,1,1
59228,46,69,-23,23
59229,52,66,-14,14
59230,66,61,5,5
59231,81,83,-2,2
59232,81,85,-4,4
59233,85,86,-1,1
59234,35,54,-19,19
59235,118,110,8,8
59236,94,103,-9,9
59237,92,78,14,14
59238,55,62,-7,7
59239,99,112,-13,13
59240,68,69,-1,1
59241,56,57,-1,1
59242,97,103,-6,6
59243,110,120,-10,10
59244,152,141,11,11
59245,40,53,-13,13
59246,52,61,-9,9
59247,169,178,-9,9
59248,160,153,7,7
59249,78,84,-6,6
59250,77,88,-11,11
59251,40,52,-12,12
59252,93,123,-30,30
59253,115,115,0,0
59254,108,97,11,11
59255,69,74,-5,5
59256,126,158,-32,32
59257,133,148,-15,15
59258,116,112,4,4
59259,76,81,-5,5
59260,42,55,-13,13
59261,74,84,-10,10
59262,145,145,0,0
59263,72,71,1,1
59264,103,99,4,4
59265,67,71,-4,4
59266,139,128,11,11
59267,93,92,1,1
59268,112,98,14,14
59269,176,159,17,17
59270,70,74,-4,4
59271,158,135,23,23
59272,71,71,0,0
59273,47,51,-4,4
59274,93,94,-1,1
59275,57,70,-13,13
59276,75,73,2,2
59277,62,71,-9,9
59278,104,114,-10,10
59279,143,128,15,15
59280,83,73,10,10
59281,75,74,1,1
59282,92,93,-1,1
59283,60,53,7,7
59284,117,118,-1,1
59285,64,64,0,0
59286,61,63,-2,2
59287,87,79,8,8
59288,175,180,-5,5
59289,58,75,-17,17
59290,77,60,17,17
59291,96,82,14,14
59292,120,122,-2,2
59293,176,164,12,12
59294,132,133,-1,1
59295,67,65,2,2
59296,73,69,4,4
59297,120,139,-19,19
59298,71,75,-4,4
59299,63,58,5,5
59300,74,71,3,3
59301,35,62,-27,27
59302,129,119,10,10
59303,132,147,-15,15
59304,75,75,0,0
59305,122,104,18,18
59306,89,90,-1,1
59307,90,85,5,5
59308,71,79,-8,8
59309,92,80,12,12
59310,184,173,11,11
59311,59,87,-28,28
59312,90,92,-2,2
59313,100,117,-17,17
59314,83,82,1,1
59315,83,95,-12,12
59316,78,90,-12,12
59317,106,101,5,5
59318,107,113,-6,6
59319,45,55,-10,10
59320,82,84,-2,2
59321,85,97,-12,12
59322,109,95,14,14
59323,70,74,-4,4
59324,70,75,-5,5
59325,109,114,-5,5
59326,62,60,2,2
59327,63,72,-9,9
59328,67,74,-7,7
59329,38,48,-10,10
59330,45,53,-8,8
59331,111,94,17,17
59332,99,107,-8,8
59333,52,63,-11,11
59334,93,93,0,0
59335,103,122,-19,19
59336,86,92,-6,6
59337,69,72,-3,3
59338,52,78,-26,26
59339,215,177,38,38
59340,90,93,-3,3
59341,54,61,-7,7
59342,110,113,-3,3
59343,97,89,8,8
59344,150,122,28,28
59345,142,144,-2,2
59346,57,69,-12,12
59347,116,105,11,11
59348,177,181,-4,4
59349,109,102,7,7
59350,78,82,-4,4
59351,79,76,3,3
59352,51,56,-5,5
59353,80,90,-10,10
59354,99,113,-14,14
59355,49,53,-4,4
59356,153,143,10,10
59357,174,169,5,5
59358,100,104,-4,4
59359,147,147,0,0
59360,75,80,-5,5
59361,138,132,6,6
59362,78,73,5,5
59363,77,81,-4,4
59364,93,84,9,9
59365,148,151,-3,3
59366,176,158,18,18
59367,74,77,-3,3
59368,178,185,-7,7
59369,107,115,-8,8
59370,103,89,14,14
59371,125,127,-2,2
59372,119,116,3,3
59373,98,101,-3,3
59374,69,64,5,5
59375,72,68,4,4
59376,81,100,-19,19
59377,54,60,-6,6
59378,110,121,-11,11
59379,84,84,0,0
59380,148,150,-2,2
59381,61,61,0,0
59382,94,107,-13,13
59383,79,93,-14,14
59384,77,75,2,2
59385,83,85,-2,2
59386,102,81,21,21
59387,99,103,-4,4
59388,104,95,9,9
59389,128,125,3,3
59390,73,76,-3,3
59391,85,83,2,2
59392,123,135,-12,12
59393,87,91,-4,4
59394,135,119,16,16
59395,71,68,3,3
59396,81,97,-16,16
59397,64,70,-6,6
59398,71,75,-4,4
59399,105,100,5,5
59400,59,60,-1,1
59401,140,138,2,2
59402,161,150,11,11
59403,100,91,9,9
59404,89,85,4,4
59405,64,75,-11,11
59406,154,149,5,5
59407,167,137,30,30
59408,178,157,21,21
59409,88,79,9,9
59410,79,96,-17,17
59411,72,78,-6,6
59412,85,86,-1,1
59413,92,90,2,2
59414,71,78,-7,7
59415,60,63,-3,3
59416,66,65,1,1
59417,95,87,8,8
59418,82,80,2,2
59419,82,89,-7,7
59420,91,86,5,5
59421,121,122,-1,1
59422,78,81,-3,3
59423,148,151,-3,3
59424,95,87,8,8
59425,138,133,5,5
59426,61,63,-2,2
59427,66,65,1,1
59428,83,84,-1,1
59429,61,71,-10,10
59430,60,59,1,1
59431,56,60,-4,4
59432,127,124,3,3
59433,62,59,3,3
59434,133,149,-16,16
59435,79,76,3,3
59436,123,100,23,23
59437,53,62,-9,9
59438,79,90,-11,11
59439,126,122,4,4
59440,117,137,-20,20
59441,136,131,5,5
59442,81,113,-32,32
59443,105,125,-20,20
59444,118,128,-10,10
59445,66,65,1,1
59446,59,48,11,11
59447,129,126,3,3
59448,93,109,-16,16
59449,87,88,-1,1
59450,45,47,-2,2
59451,64,64,0,0
59452,121,127,-6,6
59453,168,159,9,9
59454,81,76,5,5
59455,99,100,-1,1
59456,117,102,15,15
59457,95,86,9,9
59458,66,71,-5,5
59459,122,105,17,17
59460,112,126,-14,14
59461,71,77,-6,6
59462,172,182,-10,10
59463,108,115,-7,7
59464,85,87,-2,2
59465,130,125,5,5
59466,64,69,-5,5
59467,74,82,-8,8
59468,63,69,-6,6
59469,145,123,22,22
59470,95,96,-1,1
59471,138,122,16,16
59472,105,112,-7,7
59473,51,57,-6,6
59474,109,117,-8,8
59475,91,106,-15,15
59476,70,62,8,8
59477,129,133,-4,4
59478,106,90,16,16
59479,82,79,3,3
59480,54,62,-8,8
59481,151,159,-8,8
59482,120,115,5,5
59483,151,131,20,20
59484,96,109,-13,13
59485,62,71,-9,9
59486,165,159,6,6
59487,138,129,9,9
59488,128,126,2,2
59489,80,72,8,8
59490,94,91,3,3
59491,86,94,-8,8
59492,130,136,-6,6
59493,154,135,19,19
59494,81,82,-1,1
59495,152,140,12,12
59496,52,69,-17,17
59497,65,69,-4,4
59498,109,89,20,20
59499,72,71,1,1
59500,103,102,1,1
59501,112,108,4,4
59502,65,76,-11,11
59503,77,70,7,7
59504,189,203,-14,14
59505,178,172,6,6
59506,48,38,10,10
59507,145,139,6,6
59508,47,70,-23,23
59509,146,143,3,3
59510,118,126,-8,8
59511,78,80,-2,2
59512,93,111,-18,18
59513,72,74,-2,2
59514,86,88,-2,2
59515,118,98,20,20
59516,87,89,-2,2
59517,42,51,-9,9
59518,87,100,-13,13
59519,87,83,4,4
59520,159,145,14,14
59521,96,107,-11,11
59522,50,51,-1,1
59523,76,90,-14,14
59524,111,113,-2,2
59525,140,140,0,0
59526,133,115,18,18
59527,89,96,-7,7
59528,94,91,3,3
59529,60,60,0,0
59530,67,68,-1,1
59531,166,144,22,22
59532,74,78,-4,4
59533,88,90,-2,2
59534,113,110,3,3
59535,114,107,7,7
59536,98,95,3,3
59537,52,61,-9,9
59538,109,111,-2,2
59539,51,53,-2,2
59540,92,84,8,8
59541,79,87,-8,8
59542,65,67,-2,2
59543,80,78,2,2
59544,130,114,16,16
59545,90,104,-14,14
59546,108,87,21,21
59547,84,94,-10,10
59548,160,150,10,10
59549,53,59,-6,6
59550,62,66,-4,4
59551,65,90,-25,25
59552,65,65,0,0
59553,61,68,-7,7
59554,35,45,-10,10
59555,113,101,12,12
59556,69,70,-1,1
59557,56,60,-4,4
59558,103,106,-3,3
59559,76,76,0,0
59560,106,126,-20,20
59561,157,153,4,4
59562,150,147,3,3
59563,79,74,5,5
59564,94,95,-1,1
59565,59,66,-7,7
59566,135,151,-16,16
59567,91,98,-7,7
59568,129,125,4,4
59569,80,73,7,7
59570,58,53,5,5
59571,96,84,12,12
59572,160,161,-1,1
59573,80,74,6,6
59574,55,65,-10,10
59575,101,87,14,14
59576,85,78,7,7
59577,68,71,-3,3
59578,95,105,-10,10
59579,110,101,9,9
59580,75,69,6,6
59581,73,66,7,7
59582,90,87,3,3
59583,78,80,-2,2
59584,148,137,11,11
59585,94,93,1,1
59586,64,68,-4,4
59587,186,158,28,28
59588,40,50,-10,10
59589,74,78,-4,4
59590,140,133,7,7
59591,103,103,0,0
59592,179,142,37,37
59593,209,170,39,39
59594,114,115,-1,1
59595,44,54,-10,10
59596,84,84,0,0
59597,55,61,-6,6
59598,150,150,0,0
59599,64,66,-2,2
59600,61,57,4,4
59601,89,86,3,3
59602,129,121,8,8
59603,61,58,3,3
59604,125,117,8,8
59605,129,128,1,1
59606,94,91,3,3
59607,86,75,11,11
59608,124,125,-1,1
59609,45,40,5,5
59610,131,124,7,7
59611,89,92,-3,3
59612,140,148,-8,8
59613,85,87,-2,2
59614,178,181,-3,3
59615,120,115,5,5
59616,135,129,6,6
59617,72,70,2,2
59618,45,37,8,8
59619,63,61,2,2
59620,62,66,-4,4
59621,87,82,5,5
59622,165,173,-8,8
59623,107,138,-31,31
59624,69,79,-10,10
59625,94,97,-3,3
59626,58,59,-1,1
59627,105,94,11,11
59628,115,115,0,0
59629,92,93,-1,1
59630,80,79,1,1
59631,154,168,-14,14
59632,61,53,8,8
59633,115,116,-1,1
59634,52,54,-2,2
59635,69,72,-3,3
59636,58,64,-6,6
59637,92,105,-13,13
59638,56,62,-6,6
59639,94,113,-19,19
59640,70,82,-12,12
59641,126,110,16,16
59642,77,85,-8,8
59643,77,74,3,3
59644,160,150,10,10
59645,69,67,2,2
59646,73,75,-2,2
59647,72,76,-4,4
59648,72,69,3,3
59649,124,82,42,42
59650,78,70,8,8
59651,81,79,2,2
59652,156,158,-2,2
59653,67,59,8,8
59654,118,116,2,2
59655,79,76,3,3
59656,81,76,5,5
59657,87,78,9,9
59658,57,74,-17,17
59659,70,218,-148,148
59660,147,113,34,34
59661,141,139,2,2
59662,42,57,-15,15
59663,89,94,-5,5
59664,94,95,-1,1
59665,103,104,-1,1
59666,100,106,-6,6
59667,56,57,-1,1
59668,85,110,-25,25
59669,77,78,-1,1
59670,89,82,7,7
59671,125,147,-22,22
59672,41,48,-7,7
59673,135,114,21,21
59674,70,79,-9,9
59675,51,56,-5,5
59676,86,94,-8,8
59677,100,106,-6,6
59678,103,142,-39,39
59679,62,66,-4,4
59680,153,141,12,12
59681,173,166,7,7
59682,137,141,-4,4
59683,107,99,8,8
59684,161,148,13,13
59685,139,139,0,0
59686,62,61,1,1
59687,71,68,3,3
59688,104,129,-25,25
59689,115,108,7,7
59690,144,145,-1,1
59691,76,81,-5,5
59692,168,163,5,5
59693,76,69,7,7
59694,78,80,-2,2
59695,94,125,-31,31
59696,92,71,21,21
59697,96,93,3,3
59698,131,120,11,11
59699,93,94,-1,1
59700,93,88,5,5
59701,60,64,-4,4
59702,78,67,11,11
59703,72,75,-3,3
59704,141,113,28,28
59705,116,114,2,2
59706,83,101,-18,18
59707,78,86,-8,8
59708,79,77,2,2
59709,113,113,0,0
59710,46,54,-8,8
59711,93,96,-3,3
59712,99,94,5,5
59713,103,117,-14,14
59714,98,95,3,3
59715,113,111,2,2
59716,121,134,-13,13
59717,58,65,-7,7
59718,92,89,3,3
59719,89,101,-12,12
59720,99,99,0,0
59721,89,92,-3,3
59722,79,89,-10,10
59723,138,141,-3,3
59724,79,81,-2,2
59725,73,80,-7,7
59726,88,88,0,0
59727,73,79,-6,6
59728,95,110,-15,15
59729,104,113,-9,9
59730,77,73,4,4
59731,54,60,-6,6
59732,128,128,0,0
59733,88,100,-12,12
59734,89,84,5,5
59735,100,104,-4,4
59736,132,129,3,3
59737,73,83,-10,10
59738,69,74,-5,5
59739,88,80,8,8
59740,127,122,5,5
59741,135,128,7,7
59742,71,66,5,5
59743,133,125,8,8
59744,98,98,0,0
59745,96,84,12,12
59746,121,110,11,11
59747,110,101,9,9
59748,63,64,-1,1
59749,149,138,11,11
59750,75,80,-5,5
59751,61,78,-17,17
59752,203,176,27,27
59753,106,112,-6,6
59754,90,84,6,6
59755,111,97,14,14
59756,98,84,14,14
59757,70,90,-20,20
59758,77,71,6,6
59759,65,65,0,0
59760,110,115,-5,5
59761,82,97,-15,15
59762,135,135,0,0
59763,133,130,3,3
59764,93,90,3,3
59765,96,102,-6,6
59766,83,97,-14,14
59767,83,88,-5,5
59768,114,99,15,15
59769,169,188,-19,19
59770,83,63,20,20
59771,87,91,-4,4
59772,80,93,-13,13
59773,64,69,-5,5
59774,185,176,9,9
59775,110,105,5,5
59776,109,108,1,1
59777,52,62,-10,10
59778,103,99,4,4
59779,34,47,-13,13
59780,69,113,-44,44
59781,154,144,10,10
59782,149,134,15,15
59783,81,69,12,12
59784,81,81,0,0
59785,68,71,-3,3
59786,93,84,9,9
59787,57,54,3,3
59788,129,130,-1,1
59789,98,102,-4,4
59790,117,117,0,0
59791,76,87,-11,11
59792,36,34,2,2
59793,130,121,9,9
59794,81,83,-2,2
59795,72,90,-18,18
59796,76,77,-1,1
59797,63,66,-3,3
59798,97,104,-7,7
59799,61,61,0,0
59800,85,83,2,2
59801,110,139,-29,29
59802,85,74,11,11
59803,77,95,-18,18
59804,127,117,10,10
59805,49,50,-1,1
59806,85,85,0,0
59807,83,97,-14,14
59808,132,143,-11,11
59809,136,137,-1,1
59810,73,70,3,3
59811,71,77,-6,6
59812,79,86,-7,7
59813,88,94,-6,6
59814,70,127,-57,57
59815,75,70,5,5
59816,46,46,0,0
59817,101,94,7,7
59818,128,139,-11,11
59819,92,91,1,1
59820,149,129,20,20
59821,122,107,15,15
59822,79,101,-22,22
59823,48,67,-19,19
59824,101,111,-10,10
59825,94,88,6,6
59826,125,120,5,5
59827,91,106,-15,15
59828,78,58,20,20
59829,121,127,-6,6
59830,166,154,12,12
59831,96,95,1,1
59832,124,148,-24,24
59833,159,163,-4,4
59834,66,76,-10,10
59835,82,74,8,8
59836,75,76,-1,1
59837,59,62,-3,3
59838,85,86,-1,1
59839,99,96,3,3
59840,148,139,9,9
59841,109,102,7,7
59842,81,88,-7,7
59843,99,88,11,11
59844,47,48,-1,1
59845,78,85,-7,7
59846,85,86,-1,1
59847,76,82,-6,6
59848,54,54,0,0
59849,106,115,-9,9
59850,83,81,2,2
59851,66,68,-2,2
59852,47,57,-10,10
59853,60,64,-4,4
59854,109,107,2,2
59855,122,121,1,1
59856,92,92,0,0
59857,102,96,6,6
59858,130,136,-6,6
59859,104,97,7,7
59860,106,97,9,9
59861,74,76,-2,2
59862,149,133,16,16
59863,46,64,-18,18
59864,55,61,-6,6
59865,81,81,0,0
59866,86,89,-3,3
59867,159,148,11,11
59868,49,56,-7,7
59869,76,85,-9,9
59870,109,106,3,3
59871,88,79,9,9
59872,66,67,-1,1
59873,95,98,-3,3
59874,123,119,4,4
59875,49,48,1,1
59876,60,60,0,0
59877,140,139,1,1
59878,72,63,9,9
59879,103,108,-5,5
59880,88,97,-9,9
59881,94,97,-3,3
59882,97,98,-1,1
59883,112,116,-4,4
59884,37,51,-14,14
59885,70,75,-5,5
59886,217,169,48,48
59887,159,150,9,9
59888,86,87,-1,1
59889,116,114,2,2
59890,76,77,-1,1
59891,159,147,12,12
59892,102,104,-2,2
59893,72,79,-7,7
59894,102,108,-6,6
59895,94,89,5,5
59896,56,57,-1,1
59897,136,142,-6,6
59898,78,71,7,7
59899,75,84,-9,9
59900,138,121,17,17
59901,79,79,0,0
59902,89,96,-7,7
59903,63,69,-6,6
59904,59,60,-1,1
59905,127,138,-11,11
59906,100,100,0,0
59907,60,61,-1,1
59908,100,101,-1,1
59909,108,92,16,16
59910,152,139,13,13
59911,118,117,1,1
59912,81,84,-3,3
59913,49,53,-4,4
59914,90,98,-8,8
59915,97,99,-2,2
59916,90,94,-4,4
59917,138,139,-1,1
59918,116,133,-17,17
59919,86,90,-4,4
59920,106,98,8,8
59921,155,152,3,3
59922,100,92,8,8
59923,66,69,-3,3
59924,84,82,2,2
59925,103,105,-2,2
59926,56,62,-6,6
59927,100,100,0,0
59928,93,93,0,0
59929,135,133,2,2
59930,32,43,-11,11
59931,93,111,-18,18
59932,107,130,-23,23
59933,62,67,-5,5
59934,59,59,0,0
59935,91,101,-10,10
59936,75,74,1,1
59937,73,69,4,4
59938,96,89,7,7
59939,115,113,2,2
59940,63,70,-7,7
59941,85,73,12,12
59942,72,81,-9,9
59943,158,163,-5,5
59944,91,84,7,7
59945,69,81,-12,12
59946,89,121,-32,32
59947,74,72,2,2
59948,104,299,-195,195
59949,49,55,-6,6
59950,99,100,-1,1
59951,127,123,4,4
59952,73,72,1,1
59953,49,58,-9,9
59954,87,94,-7,7
59955,157,148,9,9
59956,80,83,-3,3
59957,144,123,21,21
59958,83,97,-14,14
59959,131,135,-4,4
59960,95,101,-6,6
59961,141,139,2,2
59962,89,99,-10,10
59963,59,56,3,3
59964,86,80,6,6
59965,118,124,-6,6
59966,78,82,-4,4
59967,148,137,11,11
59968,59,57,2,2
59969,104,112,-8,8
59970,85,88,-3,3
59971,103,107,-4,4
59972,236,200,36,36
59973,66,68,-2,2
59974,50,69,-19,19
59975,77,78,-1,1
59976,114,103,11,11
59977,85,86,-1,1
59978,88,83,5,5
59979,74,78,-4,4
59980,71,69,2,2
59981,155,158,-3,3
59982,62,69,-7,7
59983,100,91,9,9
59984,82,92,-10,10
59985,113,108,5,5
59986,104,88,16,16
59987,104,102,2,2
59988,105,119,-14,14
59989,153,136,17,17
59990,76,75,1,1
59991,85,78,7,7
59992,119,127,-8,8
59993,106,104,2,2
59994,73,84,-11,11
59995,137,121,16,16
59996,79,81,-2,2
59997,186,181,5,5
59998,63,63,0,0
59999,93,91,2,2
60000,126,148,-22,22
60001,70,71,-1,1
60002,128,120,8,8
60003,61,65,-4,4
60004,83,76,7,7
60005,108,100,8,8
60006,87,101,-14,14
60007,97,107,-10,10
60008,62,67,-5,5
60009,129,143,-14,14
60010,124,106,18,18
60011,63,68,-5,5
60012,138,123,15,15
60013,53,54,-1,1
60014,76,69,7,7
60015,138,140,-2,2
60016,123,135,-12,12
60017,57,58,-1,1
60018,83,75,8,8
60019,96,105,-9,9
60020,119,123,-4,4
60021,72,67,5,5
60022,78,73,5,5
60023,106,97,9,9
60024,83,78,5,5
60025,71,65,6,6
60026,205,180,25,25
60027,59,63,-4,4
60028,57,62,-5,5
60029,90,87,3,3
60030,34,57,-23,23
60031,215,183,32,32
60032,85,89,-4,4
60033,158,162,-4,4
60034,136,120,16,16
60035,55,57,-2,2
60036,119,120,-1,1
60037,109,132,-23,23
60038,57,52,5,5
60039,92,90,2,2
60040,99,102,-3,3
60041,95,98,-3,3
60042,74,76,-2,2
60043,84,81,3,3
60044,107,104,3,3
60045,78,80,-2,2
60046,64,67,-3,3
60047,66,82,-16,16
60048,88,92,-4,4
60049,135,124,11,11
60050,139,136,3,3
60051,126,144,-18,18
60052,82,74,8,8
60053,70,65,5,5
60054,81,95,-14,14
60055,60,63,-3,3
60056,56,55,1,1
60057,131,124,7,7
60058,59,69,-10,10
60059,83,75,8,8
60060,145,131,14,14
60061,86,96,-10,10
60062,102,99,3,3
60063,77,81,-4,4
60064,136,124,12,12
60065,68,67,1,1
60066,81,72,9,9
60067,82,80,2,2
60068,85,71,14,14
60069,121,114,7,7
60070,69,65,4,4
60071,56,59,-3,3
60072,170,164,6,6
60073,123,127,-4,4
60074,71,69,2,2
60075,77,75,2,2
60076,140,134,6,6
60077,141,155,-14,14
60078,98,94,4,4
60079,93,91,2,2
60080,69,82,-13,13
60081,104,100,4,4
60082,53,62,-9,9
60083,75,79,-4,4
60084,120,119,1,1
60085,86,97,-11,11
60086,98,92,6,6
60087,84,87,-3,3
60088,88,87,1,1
60089,113,112,1,1
60090,74,78,-4,4
60091,91,77,14,14
60092,149,134,15,15
60093,82,75,7,7
60094,84,87,-3,3
60095,195,186,9,9
60096,117,126,-9,9
60097,120,120,0,0
60098,180,177,3,3
60099,80,93,-13,13
60100,122,121,1,1
60101,135,123,12,12
60102,159,160,-1,1
60103,107,105,2,2
60104,76,80,-4,4
60105,85,85,0,0
60106,87,81,6,6
60107,88,93,-5,5
60108,41,52,-11,11
60109,78,76,2,2
60110,61,58,3,3
60111,87,72,15,15
60112,129,115,14,14
60113,84,79,5,5
60114,142,119,23,23
60115,126,132,-6,6
60116,89,89,0,0
60117,74,67,7,7
60118,51,50,1,1
60119,141,128,13,13
60120,83,80,3,3
60121,120,159,-39,39
60122,144,137,7,7
60123,67,71,-4,4
60124,82,82,0,0
60125,67,69,-2,2
60126,85,88,-3,3
60127,62,57,5,5
60128,106,115,-9,9
60129,59,61,-2,2
60130,73,69,4,4
60131,145,144,1,1
60132,65,68,-3,3
60133,72,70,2,2
60134,118,114,4,4
60135,105,122,-17,17
60136,71,71,0,0
60137,96,99,-3,3
60138,111,101,10,10
60139,73,89,-16,16
60140,88,83,5,5
60141,210,207,3,3
60142,104,94,10,10
60143,76,67,9,9
60144,43,51,-8,8
60145,110,100,10,10
60146,93,81,12,12
60147,114,107,7,7
60148,190,184,6,6
60149,87,85,2,2
60150,85,97,-12,12
60151,95,92,3,3
60152,97,124,-27,27
60153,58,58,0,0
60154,126,138,-12,12
60155,145,136,9,9
60156,61,69,-8,8
60157,113,105,8,8
60158,42,39,3,3
60159,108,107,1,1
60160,93,86,7,7
60161,157,167,-10,10
60162,75,76,-1,1
60163,59,57,2,2
60164,101,101,0,0
60165,83,81,2,2
60166,95,92,3,3
60167,100,107,-7,7
60168,69,73,-4,4
60169,108,111,-3,3
60170,79,67,12,12
60171,105,104,1,1
60172,98,119,-21,21
60173,123,139,-16,16
60174,103,105,-2,2
60175,158,144,14,14
60176,98,103,-5,5
60177,128,134,-6,6
60178,54,52,2,2
60179,54,55,-1,1
60180,86,86,0,0
60181,119,122,-3,3
60182,67,69,-2,2
60183,114,115,-1,1
60184,104,97,7,7
60185,81,81,0,0
60186,84,79,5,5
60187,86,80,6,6
60188,93,99,-6,6
60189,75,72,3,3
60190,69,76,-7,7
60191,96,95,1,1
60192,117,108,9,9
60193,164,153,11,11
60194,121,116,5,5
60195,93,94,-1,1
60196,91,85,6,6
60197,144,148,-4,4
60198,101,101,0,0
60199,135,124,11,11
60200,102,107,-5,5
60201,83,93,-10,10
60202,88,88,0,0
60203,101,110,-9,9
60204,102,99,3,3
60205,102,115,-13,13
60206,105,90,15,15
60207,99,106,-7,7
60208,151,149,2,2
60209,67,78,-11,11
60210,164,149,15,15
60211,85,87,-2,2
60212,89,87,2,2
60213,59,56,3,3
60214,94,89,5,5
60215,123,116,7,7
60216,79,109,-30,30
60217,74,73,1,1
60218,176,170,6,6
60219,59,69,-10,10
60220,100,103,-3,3
60221,123,127,-4,4
60222,104,110,-6,6
60223,145,149,-4,4
60224,97,103,-6,6
60225,175,162,13,13
60226,63,68,-5,5
60227,124,120,4,4
60228,68,56,12,12
60229,139,143,-4,4
60230,78,77,1,1
60231,79,60,19,19
60232,48,73,-25,25
60233,141,123,18,18
60234,136,126,10,10
60235,123,121,2,2
60236,85,87,-2,2
60237,128,118,10,10
60238,97,88,9,9
60239,63,63,0,0
60240,141,150,-9,9
60241,87,88,-1,1
60242,93,100,-7,7
60243,54,55,-1,1
60244,133,111,22,22
60245,50,56,-6,6
60246,71,63,8,8
60247,75,86,-11,11
60248,165,171,-6,6
60249,64,71,-7,7
60250,95,84,11,11
60251,65,54,11,11
60252,106,103,3,3
60253,91,76,15,15
60254,70,79,-9,9
60255,124,130,-6,6
60256,48,51,-3,3
60257,74,79,-5,5
60258,64,64,0,0
60259,104,102,2,2
60260,82,85,-3,3
60261,82,86,-4,4
60262,147,149,-2,2
60263,123,109,14,14
60264,81,86,-5,5
60265,146,151,-5,5
60266,88,103,-15,15
60267,78,74,4,4
60268,118,128,-10,10
60269,160,144,16,16
60270,176,169,7,7
60271,133,118,15,15
60272,122,115,7,7
60273,74,76,-2,2
60274,75,82,-7,7
60275,116,120,-4,4
60276,116,114,2,2
60277,126,104,22,22
60278,53,59,-6,6
60279,58,78,-20,20
60280,169,164,5,5
60281,100,117,-17,17
60282,56,65,-9,9
60283,63,69,-6,6
60284,58,59,-1,1
60285,56,65,-9,9
60286,131,145,-14,14
60287,74,70,4,4
60288,143,124,19,19
60289,127,140,-13,13
60290,98,101,-3,3
60291,60,57,3,3
60292,65,70,-5,5
60293,76,71,5,5
60294,72,74,-2,2
60295,83,78,5,5
60296,41,43,-2,2
60297,91,74,17,17
60298,125,124,1,1
60299,119,132,-13,13
60300,92,88,4,4
60301,100,110,-10,10
60302,125,129,-4,4
60303,95,101,-6,6
60304,108,104,4,4
60305,118,115,3,3
60306,124,138,-14,14
60307,31,43,-12,12
60308,175,172,3,3
60309,122,130,-8,8
60310,117,130,-13,13
60311,30,57,-27,27
60312,184,166,18,18
60313,93,85,8,8
60314,98,91,7,7
60315,82,84,-2,2
60316,91,66,25,25
60317,67,77,-10,10
60318,103,76,27,27
60319,127,132,-5,5
60320,64,64,0,0
60321,70,79,-9,9
60322,68,71,-3,3
60323,87,105,-18,18
60324,103,99,4,4
60325,91,90,1,1
60326,77,82,-5,5
60327,70,67,3,3
60328,90,102,-12,12
60329,64,67,-3,3
60330,53,59,-6,6
60331,87,79,8,8
60332,112,99,13,13
60333,91,97,-6,6
60334,132,136,-4,4
60335,116,110,6,6
60336,99,106,-7,7
60337,80,79,1,1
60338,125,136,-11,11
60339,83,82,1,1
60340,123,135,-12,12
60341,126,120,6,6
60342,114,117,-3,3
60343,139,139,0,0
60344,135,148,-13,13
60345,61,55,6,6
60346,70,84,-14,14
60347,112,103,9,9
60348,79,74,5,5
60349,58,68,-10,10
60350,131,137,-6,6
60351,154,148,6,6
60352,85,86,-1,1
60353,116,115,1,1
60354,71,74,-3,3
60355,62,76,-14,14
60356,72,77,-5,5
60357,137,141,-4,4
60358,152,150,2,2
60359,85,94,-9,9
60360,63,62,1,1
60361,67,63,4,4
60362,108,119,-11,11
60363,120,137,-17,17
60364,103,107,-4,4
60365,96,104,-8,8
60366,108,108,0,0
60367,49,109,-60,60
60368,83,94,-11,11
60369,91,90,1,1
60370,112,107,5,5
60371,148,150,-2,2
60372,110,121,-11,11
60373,90,96,-6,6
60374,71,77,-6,6
60375,95,115,-20,20
60376,78,69,9,9
60377,102,125,-23,23
60378,99,89,10,10
60379,71,76,-5,5
60380,103,117,-14,14
60381,75,77,-2,2
60382,128,129,-1,1
60383,37,42,-5,5
60384,82,77,5,5
60385,82,91,-9,9
60386,105,112,-7,7
60387,96,89,7,7
60388,57,55,2,2
60389,135,140,-5,5
60390,87,97,-10,10
60391,75,83,-8,8
60392,75,89,-14,14
60393,127,126,1,1
60394,105,114,-9,9
60395,61,61,0,0
60396,66,92,-26,26
60397,140,129,11,11
60398,129,113,16,16
60399,150,126,24,24
60400,109,126,-17,17
60401,115,125,-10,10
60402,118,115,3,3
60403,58,66,-8,8
60404,79,76,3,3
60405,28,47,-19,19
60406,173,160,13,13
60407,89,95,-6,6
60408,95,94,1,1
60409,71,80,-9,9
60410,87,86,1,1
60411,77,73,4,4
60412,106,99,7,7
60413,88,93,-5,5
60414,74,76,-2,2
60415,66,77,-11,11
60416,64,80,-16,16
60417,115,119,-4,4
60418,59,75,-16,16
60419,142,116,26,26
60420,73,64,9,9
60421,138,124,14,14
60422,110,108,2,2
60423,81,91,-10,10
60424,143,155,-12,12
60425,137,124,13,13
60426,177,158,19,19
60427,100,105,-5,5
60428,112,116,-4,4
60429,136,91,45,45
60430,48,51,-3,3
60431,112,132,-20,20
60432,115,118,-3,3
60433,134,129,5,5
60434,97,114,-17,17
60435,86,84,2,2
60436,115,107,8,8
60437,80,85,-5,5
60438,157,154,3,3
60439,59,59,0,0
60440,118,121,-3,3
60441,64,73,-9,9
60442,123,121,2,2
60443,70,73,-3,3
60444,60,64,-4,4
60445,76,86,-10,10
60446,161,159,2,2
60447,129,143,-14,14
60448,66,66,0,0
60449,104,94,10,10
60450,86,86,0,0
60451,53,59,-6,6
60452,76,74,2,2
60453,202,187,15,15
60454,81,76,5,5
60455,136,141,-5,5
60456,80,77,3,3
60457,54,62,-8,8
60458,71,69,2,2
60459,37,50,-13,13
60460,92,85,7,7
60461,81,65,16,16
60462,94,126,-32,32
60463,116,113,3,3
60464,89,94,-5,5
60465,123,123,0,0
60466,95,94,1,1
60467,114,111,3,3
60468,134,137,-3,3
60469,153,123,30,30
60470,82,81,1,1
60471,104,91,13,13
60472,101,110,-9,9
60473,73,67,6,6
60474,121,128,-7,7
60475,147,124,23,23
60476,70,78,-8,8
60477,126,124,2,2
60478,284,245,39,39
60479,124,128,-4,4
60480,107,105,2,2
60481,78,74,4,4
60482,116,127,-11,11
60483,139,135,4,4
60484,127,113,14,14
60485,61,67,-6,6
60486,56,60,-4,4
60487,105,107,-2,2
60488,68,76,-8,8
60489,101,94,7,7
60490,64,59,5,5
60491,70,74,-4,4
60492,129,127,2,2
60493,86,87,-1,1
60494,71,73,-2,2
60495,57,157,-100,100
60496,63,78,-15,15
60497,100,89,11,11
60498,138,141,-3,3
60499,143,135,8,8
60500,123,121,2,2
60501,114,127,-13,13
60502,69,70,-1,1
60503,71,75,-4,4
60504,65,62,3,3
60505,94,111,-17,17
60506,73,80,-7,7
60507,77,77,0,0
60508,68,72,-4,4
60509,126,138,-12,12
60510,133,128,5,5
60511,111,118,-7,7
60512,80,80,0,0
60513,74,73,1,1
60514,91,91,0,0
60515,111,116,-5,5
60516,100,97,3,3
60517,191,176,15,15
60518,124,119,5,5
60519,55,64,-9,9
60520,113,109,4,4
60521,34,33,1,1
60522,108,89,19,19
60523,74,70,4,4
60524,163,144,19,19
60525,135,119,16,16
60526,86,107,-21,21
60527,122,120,2,2
60528,135,133,2,2
60529,68,71,-3,3
60530,75,68,7,7
60531,127,137,-10,10
60532,65,64,1,1
60533,83,85,-2,2
60534,103,96,7,7
60535,79,77,2,2
60536,77,78,-1,1
60537,116,123,-7,7
60538,123,123,0,0
60539,70,66,4,4
60540,66,71,-5,5
60541,102,108,-6,6
60542,108,131,-23,23
60543,64,59,5,5
60544,116,123,-7,7
60545,154,160,-6,6
60546,78,79,-1,1
60547,97,93,4,4
60548,64,69,-5,5
60549,109,107,2,2
60550,109,104,5,5
60551,110,117,-7,7
60552,124,120,4,4
60553,50,52,-2,2
60554,75,66,9,9
60555,112,122,-10,10
60556,72,78,-6,6
60557,113,120,-7,7
60558,70,84,-14,14
60559,112,93,19,19
60560,71,73,-2,2
60561,117,99,18,18
60562,88,80,8,8
60563,88,81,7,7
60564,96,77,19,19
60565,114,120,-6,6
60566,46,59,-13,13
60567,82,91,-9,9
60568,77,75,2,2
60569,68,78,-10,10
60570,79,89,-10,10
60571,78,85,-7,7
60572,48,53,-5,5
60573,55,59,-4,4
60574,110,122,-12,12
60575,106,101,5,5
60576,88,78,10,10
60577,90,96,-6,6
60578,84,89,-5,5
60579,78,88,-10,10
60580,108,122,-14,14
60581,52,66,-14,14
60582,162,115,47,47
60583,46,52,-6,6
60584,100,102,-2,2
60585,95,96,-1,1
60586,138,136,2,2
60587,53,61,-8,8
60588,100,85,15,15
60589,93,93,0,0
60590,90,108,-18,18
60591,103,101,2,2
60592,92,87,5,5
60593,52,56,-4,4
60594,104,100,4,4
60595,49,55,-6,6
60596,82,86,-4,4
60597,104,97,7,7
60598,167,155,12,12
60599,58,69,-11,11
60600,79,91,-12,12
60601,75,72,3,3
60602,70,73,-3,3
60603,78,79,-1,1
60604,70,82,-12,12
60605,130,128,2,2
60606,90,94,-4,4
60607,68,70,-2,2
60608,97,111,-14,14
60609,83,83,0,0
60610,51,56,-5,5
60611,70,74,-4,4
60612,35,45,-10,10
60613,24,42,-18,18
60614,113,100,13,13
60615,133,132,1,1
60616,90,99,-9,9
60617,84,84,0,0
60618,86,87,-1,1
60619,63,64,-1,1
60620,51,50,1,1
60621,153,149,4,4
60622,113,118,-5,5
60623,47,50,-3,3
60624,111,104,7,7
60625,67,66,1,1
60626,51,72,-21,21
60627,57,67,-10,10
60628,67,72,-5,5
60629,149,146,3,3
60630,71,72,-1,1
60631,100,106,-6,6
60632,94,104,-10,10
60633,61,64,-3,3
60634,100,95,5,5
60635,147,141,6,6
60636,92,91,1,1
60637,79,85,-6,6
60638,95,95,0,0
60639,155,158,-3,3
60640,88,89,-1,1
60641,149,133,16,16
60642,128,131,-3,3
60643,73,64,9,9
60644,124,130,-6,6
60645,78,78,0,0
60646,73,71,2,2
60647,104,103,1,1
60648,124,110,14,14
60649,65,64,1,1
60650,98,103,-5,5
60651,100,97,3,3
60652,79,71,8,8
60653,216,195,21,21
60654,77,80,-3,3
60655,64,79,-15,15
60656,43,52,-9,9
60657,124,111,13,13
60658,87,82,5,5
60659,98,99,-1,1
60660,91,89,2,2
60661,81,81,0,0
60662,109,119,-10,10
60663,61,79,-18,18
60664,86,89,-3,3
60665,126,121,5,5
60666,85,80,5,5
60667,94,113,-19,19
60668,68,66,2,2
60669,77,77,0,0
60670,72,75,-3,3
60671,107,109,-2,2
60672,83,85,-2,2
60673,116,123,-7,7
60674,59,61,-2,2
60675,53,55,-2,2
60676,137,128,9,9
60677,128,118,10,10
60678,97,99,-2,2
60679,97,98,-1,1
60680,75,72,3,3
60681,107,95,12,12
60682,96,75,21,21
60683,139,128,11,11
60684,62,63,-1,1
60685,90,86,4,4
60686,104,107,-3,3
60687,124,123,1,1
60688,107,113,-6,6
60689,124,132,-8,8
60690,105,97,8,8
60691,134,144,-10,10
60692,122,127,-5,5
60693,70,75,-5,5
60694,152,145,7,7
60695,95,89,6,6
60696,67,85,-18,18
60697,109,107,2,2
60698,170,189,-19,19
60699,80,83,-3,3
60700,88,82,6,6
60701,131,109,22,22
60702,84,81,3,3
60703,97,105,-8,8
60704,149,134,15,15
60705,79,83,-4,4
60706,93,107,-14,14
60707,81,86,-5,5
60708,125,131,-6,6
60709,82,88,-6,6
60710,79,80,-1,1
60711,65,65,0,0
60712,95,103,-8,8
60713,111,119,-8,8
60714,113,109,4,4
60715,119,120,-1,1
60716,68,74,-6,6
60717,135,123,12,12
60718,102,102,0,0
60719,96,119,-23,23
60720,107,131,-24,24
60721,86,85,1,1
60722,158,130,28,28
60723,141,130,11,11
60724,129,135,-6,6
60725,49,55,-6,6
60726,149,146,3,3
60727,114,114,0,0
60728,40,49,-9,9
60729,55,63,-8,8
60730,85,84,1,1
60731,65,61,4,4
60732,97,108,-11,11
60733,148,140,8,8
60734,141,132,9,9
60735,69,62,7,7
60736,80,85,-5,5
60737,158,139,19,19
60738,75,82,-7,7
60739,88,89,-1,1
60740,110,99,11,11
60741,82,82,0,0
60742,58,69,-11,11
60743,76,78,-2,2
60744,48,53,-5,5
60745,106,100,6,6
60746,108,110,-2,2
60747,191,168,23,23
60748,100,91,9,9
60749,58,60,-2,2
60750,117,107,10,10
60751,233,191,42,42
60752,78,93,-15,15
60753,83,77,6,6
60754,66,62,4,4
60755,55,55,0,0
60756,77,75,2,2
60757,102,99,3,3
60758,62,54,8,8
60759,71,74,-3,3
60760,139,151,-12,12
60761,132,145,-13,13
60762,94,103,-9,9
60763,107,112,-5,5
60764,60,72,-12,12
60765,94,119,-25,25
60766,72,62,10,10
60767,86,82,4,4
60768,75,79,-4,4
60769,87,85,2,2
60770,148,132,16,16
60771,120,114,6,6
60772,68,68,0,0
60773,81,72,9,9
60774,222,208,14,14
60775,68,62,6,6
60776,103,118,-15,15
60777,133,121,12,12
60778,135,98,37,37
60779,97,99,-2,2
60780,56,61,-5,5
60781,73,72,1,1
60782,110,130,-20,20
60783,116,126,-10,10
60784,46,50,-4,4
60785,119,122,-3,3
60786,42,45,-3,3
60787,71,81,-10,10
60788,80,76,4,4
60789,87,88,-1,1
60790,73,75,-2,2
60791,99,97,2,2
60792,36,65,-29,29
60793,70,71,-1,1
60794,55,57,-2,2
60795,104,103,1,1
60796,135,136,-1,1
60797,103,108,-5,5
60798,83,93,-10,10
60799,87,76,11,11
60800,78,76,2,2
60801,68,78,-10,10
60802,70,81,-11,11
60803,112,105,7,7
60804,99,101,-2,2
60805,103,111,-8,8
60806,87,90,-3,3
60807,105,100,5,5
60808,94,100,-6,6
60809,185,157,28,28
60810,167,176,-9,9
60811,67,75,-8,8
60812,98,86,12,12
60813,109,118,-9,9
60814,139,142,-3,3
60815,88,87,1,1
60816,117,118,-1,1
60817,101,102,-1,1
60818,124,138,-14,14
60819,182,150,32,32
60820,198,181,17,17
60821,115,117,-2,2
60822,92,96,-4,4
60823,77,71,6,6
60824,104,104,0,0
60825,75,84,-9,9
60826,93,91,2,2
60827,173,174,-1,1
60828,121,121,0,0
60829,141,122,19,19
60830,66,86,-20,20
60831,72,61,11,11
60832,104,114,-10,10
60833,103,109,-6,6
60834,81,79,2,2
60835,122,107,15,15
60836,131,127,4,4
60837,58,62,-4,4
60838,106,110,-4,4
60839,119,118,1,1
60840,57,56,1,1
60841,77,69,8,8
60842,67,67,0,0
60843,85,82,3,3
60844,62,65,-3,3
60845,140,143,-3,3
60846,72,78,-6,6
60847,125,128,-3,3
60848,166,151,15,15
60849,133,127,6,6
60850,101,86,15,15
60851,156,153,3,3
60852,68,70,-2,2
60853,70,74,-4,4
60854,127,130,-3,3
60855,89,82,7,7
60856,111,109,2,2
60857,154,134,20,20
60858,91,88,3,3
60859,59,64,-5,5
60860,105,105,0,0
60861,108,120,-12,12
60862,87,95,-8,8
60863,143,132,11,11
60864,88,85,3,3
60865,83,84,-1,1
60866,105,98,7,7
60867,96,101,-5,5
60868,95,91,4,4
60869,104,117,-13,13
60870,97,112,-15,15
60871,111,120,-9,9
60872,93,81,12,12
60873,54,53,1,1
60874,90,100,-10,10
60875,52,54,-2,2
60876,85,81,4,4
60877,114,111,3,3
60878,152,142,10,10
60879,79,60,19,19
60880,118,116,2,2
60881,85,67,18,18
60882,94,86,8,8
60883,49,58,-9,9
60884,56,65,-9,9
60885,156,138,18,18
60886,55,59,-4,4
60887,116,116,0,0
60888,84,86,-2,2
60889,105,106,-1,1
60890,122,118,4,4
60891,80,92,-12,12
60892,89,78,11,11
60893,117,116,1,1
60894,50,51,-1,1
60895,65,70,-5,5
60896,115,124,-9,9
60897,78,78,0,0
60898,112,121,-9,9
60899,84,78,6,6
60900,144,154,-10,10
60901,95,97,-2,2
60902,125,129,-4,4
60903,115,125,-10,10
60904,76,80,-4,4
60905,119,113,6,6
60906,133,153,-20,20
60907,90,87,3,3
60908,112,110,2,2
60909,76,78,-2,2
60910,147,146,1,1
60911,55,54,1,1
60912,131,124,7,7
60913,116,111,5,5
60914,84,80,4,4
60915,72,73,-1,1
60916,73,72,1,1
60917,43,43,0,0
60918,73,81,-8,8
60919,82,91,-9,9
60920,56,65,-9,9
60921,99,91,8,8
60922,105,95,10,10
60923,79,84,-5,5
60924,138,127,11,11
60925,111,118,-7,7
60926,36,46,-10,10
60927,138,133,5,5
60928,89,95,-6,6
60929,93,80,13,13
60930,132,133,-1,1
60931,108,102,6,6
60932,66,65,1,1
60933,71,78,-7,7
60934,65,71,-6,6
60935,200,200,0,0
60936,72,109,-37,37
60937,232,199,33,33
60938,75,77,-2,2
60939,186,193,-7,7
60940,125,125,0,0
60941,95,105,-10,10
60942,203,155,48,48
60943,176,164,12,12
60944,129,136,-7,7
60945,76,77,-1,1
60946,143,142,1,1
60947,49,53,-4,4
60948,92,81,11,11
60949,92,95,-3,3
60950,75,81,-6,6
60951,105,98,7,7
60952,155,140,15,15
60953,95,100,-5,5
60954,86,86,0,0
60955,132,125,7,7
60956,46,50,-4,4
60957,69,78,-9,9
60958,58,77,-19,19
60959,140,120,20,20
60960,70,76,-6,6
60961,89,104,-15,15
60962,84,73,11,11
60963,124,126,-2,2
60964,71,69,2,2
60965,127,134,-7,7
60966,69,73,-4,4
60967,111,96,15,15
60968,125,125,0,0
60969,85,87,-2,2
60970,76,81,-5,5
60971,85,92,-7,7
60972,55,59,-4,4
60973,92,92,0,0
60974,182,171,11,11
60975,89,89,0,0
60976,102,103,-1,1
60977,113,117,-4,4
60978,131,132,-1,1
60979,133,150,-17,17
60980,98,84,14,14
60981,154,135,19,19
60982,99,99,0,0
60983,114,114,0,0
60984,110,105,5,5
60985,125,95,30,30
60986,52,70,-18,18
60987,42,47,-5,5
60988,80,72,8,8
60989,83,86,-3,3
60990,143,139,4,4
60991,56,63,-7,7
60992,131,133,-2,2
60993,112,140,-28,28
60994,110,103,7,7
60995,104,100,4,4
60996,71,73,-2,2
60997,36,44,-8,8
60998,57,61,-4,4
60999,72,75,-3,3
61000,119,111,8,8
61001,194,175,19,19
61002,107,94,13,13
61003,123,108,15,15
61004,87,89,-2,2
61005,157,147,10,10
61006,75,76,-1,1
61007,94,96,-2,2
61008,85,80,5,5
61009,85,88,-3,3
61010,44,50,-6,6
61011,78,72,6,6
61012,97,87,10,10
61013,34,52,-18,18
61014,38,28,10,10
61015,93,84,9,9
61016,113,107,6,6
61017,130,135,-5,5
61018,46,48,-2,2
61019,94,100,-6,6
61020,144,135,9,9
61021,60,69,-9,9
61022,110,113,-3,3
61023,78,83,-5,5
61024,172,158,14,14
61025,117,149,-32,32
61026,60,75,-15,15
61027,114,105,9,9
61028,136,149,-13,13
61029,130,131,-1,1
61030,140,129,11,11
61031,58,65,-7,7
61032,87,87,0,0
61033,154,149,5,5
61034,84,86,-2,2
61035,78,74,4,4
61036,224,252,-28,28
61037,77,70,7,7
61038,114,112,2,2
61039,64,51,13,13
61040,145,135,10,10
61041,62,62,0,0
61042,123,125,-2,2
61043,126,124,2,2
61044,59,64,-5,5
61045,59,69,-10,10
61046,65,81,-16,16
61047,81,88,-7,7
61048,104,98,6,6
61049,94,103,-9,9
61050,131,137,-6,6
61051,60,64,-4,4
61052,111,99,12,12
61053,159,140,19,19
61054,145,137,8,8
61055,67,73,-6,6
61056,114,114,0,0
61057,82,81,1,1
61058,93,88,5,5
61059,53,58,-5,5
61060,83,83,0,0
61061,101,105,-4,4
61062,112,134,-22,22
61063,71,62,9,9
61064,86,81,5,5
61065,49,101,-52,52
61066,59,61,-2,2
61067,125,121,4,4
61068,157,167,-10,10
61069,90,96,-6,6
61070,160,167,-7,7
61071,128,115,13,13
61072,78,89,-11,11
61073,153,153,0,0
61074,87,96,-9,9
61075,133,113,20,20
61076,96,104,-8,8
61077,88,91,-3,3
61078,69,80,-11,11
61079,150,155,-5,5
61080,134,128,6,6
61081,122,121,1,1
61082,91,90,1,1
61083,156,134,22,22
61084,76,71,5,5
61085,44,50,-6,6
61086,117,121,-4,4
61087,110,114,-4,4
61088,101,95,6,6
61089,81,83,-2,2
61090,52,49,3,3
61091,164,160,4,4
61092,40,49,-9,9
61093,80,87,-7,7
61094,129,122,7,7
61095,131,116,15,15
61096,87,92,-5,5
61097,79,81,-2,2
61098,110,100,10,10
61099,120,118,2,2
61100,100,128,-28,28
61101,113,110,3,3
61102,97,122,-25,25
61103,75,76,-1,1
61104,85,97,-12,12
61105,49,56,-7,7
61106,103,121,-18,18
61107,177,166,11,11
61108,94,92,2,2
61109,130,123,7,7
61110,72,77,-5,5
61111,158,146,12,12
61112,47,55,-8,8
61113,74,85,-11,11
61114,101,103,-2,2
61115,51,60,-9,9
61116,83,84,-1,1
61117,142,135,7,7
61118,58,62,-4,4
61119,83,91,-8,8
61120,45,50,-5,5
61121,138,130,8,8
61122,152,136,16,16
61123,101,115,-14,14
61124,77,71,6,6
61125,52,75,-23,23
61126,89,80,9,9
61127,149,148,1,1
61128,78,68,10,10
61129,146,147,-1,1
61130,122,134,-12,12
61131,88,79,9,9
61132,131,144,-13,13
61133,67,71,-4,4
61134,107,103,4,4
61135,139,150,-11,11
61136,164,157,7,7
61137,134,139,-5,5
61138,71,72,-1,1
61139,87,78,9,9
61140,68,72,-4,4
61141,56,105,-49,49
61142,118,123,-5,5
61143,101,134,-33,33
61144,75,81,-6,6
61145,127,138,-11,11
61146,85,88,-3,3
61147,57,63,-6,6
61148,37,57,-20,20
61149,116,139,-23,23
61150,108,95,13,13
61151,137,137,0,0
61152,58,60,-2,2
61153,67,89,-22,22
61154,106,113,-7,7
61155,132,121,11,11
61156,102,100,2,2
61157,115,125,-10,10
61158,85,81,4,4
61159,107,113,-6,6
61160,49,55,-6,6
61161,139,145,-6,6
61162,126,137,-11,11
61163,135,143,-8,8
61164,69,63,6,6
61165,88,91,-3,3
61166,117,115,2,2
61167,77,58,19,19
61168,51,55,-4,4
61169,92,112,-20,20
61170,80,92,-12,12
61171,82,96,-14,14
61172,157,153,4,4
61173,83,78,5,5
61174,136,124,12,12
61175,147,140,7,7
61176,49,51,-2,2
61177,86,83,3,3
61178,125,114,11,11
61179,73,64,9,9
61180,99,116,-17,17
61181,102,112,-10,10
61182,101,98,3,3
61183,109,102,7,7
61184,126,130,-4,4
61185,142,130,12,12
61186,62,62,0,0
61187,113,112,1,1
61188,149,128,21,21
61189,61,65,-4,4
61190,66,74,-8,8
61191,122,129,-7,7
61192,89,95,-6,6
61193,76,78,-2,2
61194,74,86,-12,12
61195,61,65,-4,4
61196,44,56,-12,12
61197,107,132,-25,25
61198,104,91,13,13
61199,109,104,5,5
61200,140,130,10,10
61201,43,51,-8,8
61202,40,50,-10,10
61203,223,178,45,45
61204,95,96,-1,1
61205,47,58,-11,11
61206,71,64,7,7
61207,121,109,12,12
61208,119,124,-5,5
61209,135,130,5,5
61210,78,76,2,2
61211,96,86,10,10
61212,71,86,-15,15
61213,71,77,-6,6
61214,108,130,-22,22
61215,64,65,-1,1
61216,169,180,-11,11
61217,80,84,-4,4
61218,78,78,0,0
61219,100,94,6,6
61220,90,83,7,7
61221,108,101,7,7
61222,84,93,-9,9
61223,150,146,4,4
61224,91,71,20,20
61225,55,37,18,18
61226,83,89,-6,6
61227,119,155,-36,36
61228,86,86,0,0
61229,101,101,0,0
61230,89,78,11,11
61231,80,89,-9,9
61232,116,110,6,6
61233,146,151,-5,5
61234,64,80,-16,16
61235,175,165,10,10
61236,139,135,4,4
61237,79,73,6,6
61238,120,125,-5,5
61239,84,93,-9,9
61240,132,143,-11,11
61241,71,74,-3,3
61242,104,96,8,8
61243,60,58,2,2
61244,171,153,18,18
61245,93,90,3,3
61246,132,131,1,1
61247,55,53,2,2
61248,74,66,8,8
61249,126,118,8,8
61250,75,80,-5,5
61251,45,56,-11,11
61252,95,93,2,2
61253,154,131,23,23
61254,143,129,14,14
61255,111,114,-3,3
61256,97,109,-12,12
61257,203,199,4,4
61258,42,47,-5,5
61259,49,51,-2,2
61260,111,118,-7,7
61261,76,68,8,8
61262,79,82,-3,3
61263,70,85,-15,15
61264,57,57,0,0
61265,60,46,14,14
61266,119,116,3,3
61267,76,83,-7,7
61268,72,69,3,3
61269,124,120,4,4
61270,138,125,13,13
61271,118,118,0,0
61272,119,117,2,2
61273,94,84,10,10
61274,113,136,-23,23
61275,69,91,-22,22
61276,106,114,-8,8
61277,41,53,-12,12
61278,88,88,0,0
61279,124,137,-13,13
61280,51,58,-7,7
61281,70,75,-5,5
61282,112,114,-2,2
61283,100,97,3,3
61284,143,143,0,0
61285,87,93,-6,6
61286,61,61,0,0
61287,64,72,-8,8
61288,130,79,51,51
61289,81,82,-1,1
61290,73,64,9,9
61291,47,55,-8,8
61292,99,124,-25,25
61293,95,95,0,0
61294,105,116,-11,11
61295,126,128,-2,2
61296,108,111,-3,3
61297,67,69,-2,2
61298,72,80,-8,8
61299,65,61,4,4
61300,109,117,-8,8
61301,52,58,-6,6
61302,122,107,15,15
61303,59,69,-10,10
61304,117,143,-26,26
61305,79,73,6,6
61306,46,53,-7,7
61307,64,78,-14,14
61308,71,84,-13,13
61309,60,56,4,4
61310,70,69,1,1
61311,114,113,1,1
61312,101,106,-5,5
61313,138,130,8,8
61314,98,93,5,5
61315,92,100,-8,8
61316,196,185,11,11
61317,109,120,-11,11
61318,55,62,-7,7
61319,166,166,0,0
61320,68,68,0,0
61321,61,55,6,6
61322,79,76,3,3
61323,86,79,7,7
61324,90,96,-6,6
61325,128,126,2,2
61326,102,114,-12,12
61327,118,117,1,1
61328,86,89,-3,3
61329,105,107,-2,2
61330,78,81,-3,3
61331,96,95,1,1
61332,38,48,-10,10
61333,96,97,-1,1
61334,123,126,-3,3
61335,85,82,3,3
61336,117,110,7,7
61337,78,102,-24,24
61338,131,124,7,7
61339,82,86,-4,4
61340,87,93,-6,6
61341,81,87,-6,6
61342,59,58,1,1
61343,84,84,0,0
61344,89,97,-8,8
61345,65,66,-1,1
61346,131,136,-5,5
61347,55,59,-4,4
61348,66,51,15,15
61349,74,74,0,0
61350,84,68,16,16
61351,110,102,8,8
61352,63,69,-6,6
61353,97,88,9,9
61354,55,62,-7,7
61355,94,88,6,6
61356,148,141,7,7
61357,110,103,7,7
61358,161,155,6,6
61359,139,140,-1,1
61360,63,67,-4,4
61361,120,106,14,14
61362,79,82,-3,3
61363,131,143,-12,12
61364,150,124,26,26
61365,80,75,5,5
61366,37,38,-1,1
61367,116,109,7,7
61368,82,79,3,3
61369,130,121,9,9
61370,68,77,-9,9
61371,86,79,7,7
61372,90,81,9,9
61373,57,57,0,0
61374,149,137,12,12
61375,79,79,0,0
61376,126,126,0,0
61377,120,133,-13,13
61378,197,191,6,6
61379,62,64,-2,2
61380,88,84,4,4
61381,144,132,12,12
61382,99,100,-1,1
61383,101,129,-28,28
61384,111,108,3,3
61385,61,62,-1,1
61386,85,81,4,4
61387,96,87,9,9
61388,125,120,5,5
61389,107,99,8,8
61390,136,125,11,11
61391,148,144,4,4
61392,98,105,-7,7
61393,66,65,1,1
61394,95,79,16,16
61395,107,100,7,7
61396,47,56,-9,9
61397,78,78,0,0
61398,81,81,0,0
61399,72,77,-5,5
61400,84,96,-12,12
61401,145,152,-7,7
61402,77,79,-2,2
61403,90,83,7,7
61404,131,119,12,12
61405,91,90,1,1
61406,38,62,-24,24
61407,94,91,3,3
61408,111,108,3,3
61409,145,145,0,0
61410,84,86,-2,2
61411,87,75,12,12
61412,115,108,7,7
61413,95,89,6,6
61414,144,133,11,11
61415,90,85,5,5
61416,101,97,4,4
61417,91,89,2,2
61418,190,196,-6,6
61419,80,87,-7,7
61420,167,151,16,16
61421,83,79,4,4
61422,66,67,-1,1
61423,50,57,-7,7
61424,111,117,-6,6
61425,83,99,-16,16
61426,72,70,2,2
61427,73,65,8,8
61428,79,89,-10,10
61429,66,80,-14,14
61430,83,85,-2,2
61431,262,236,26,26
61432,108,125,-17,17
61433,117,112,5,5
61434,98,88,10,10
61435,85,87,-2,2
61436,63,70,-7,7
61437,190,175,15,15
61438,85,84,1,1
61439,123,105,18,18
61440,144,141,3,3
61441,75,76,-1,1
61442,97,87,10,10
61443,85,81,4,4
61444,69,69,0,0
61445,77,84,-7,7
61446,61,63,-2,2
61447,75,69,6,6
61448,97,115,-18,18
61449,70,70,0,0
61450,85,88,-3,3
61451,61,58,3,3
61452,77,73,4,4
61453,58,63,-5,5
61454,83,79,4,4
61455,91,86,5,5
61456,53,65,-12,12
61457,55,54,1,1
61458,87,90,-3,3
61459,80,91,-11,11
61460,53,65,-12,12
61461,133,117,16,16
61462,90,98,-8,8
61463,60,64,-4,4
61464,68,69,-1,1
61465,66,64,2,2
61466,112,117,-5,5
61467,139,119,20,20
61468,50,45,5,5
61469,120,127,-7,7
61470,77,81,-4,4
61471,81,75,6,6
61472,87,85,2,2
61473,43,52,-9,9
61474,68,69,-1,1
61475,58,58,0,0
61476,120,126,-6,6
61477,114,110,4,4
61478,173,149,24,24
61479,62,68,-6,6
61480,115,110,5,5
61481,213,176,37,37
61482,108,104,4,4
61483,53,67,-14,14
61484,85,78,7,7
61485,119,117,2,2
61486,74,82,-8,8
61487,93,96,-3,3
61488,72,68,4,4
61489,104,89,15,15
61490,88,93,-5,5
61491,56,69,-13,13
61492,139,133,6,6
61493,110,110,0,0
61494,93,76,17,17
61495,54,47,7,7
61496,83,98,-15,15
61497,73,65,8,8
61498,202,167,35,35
61499,95,101,-6,6
61500,51,61,-10,10
61501,141,122,19,19
61502,130,121,9,9
61503,89,100,-11,11
61504,67,66,1,1
61505,92,63,29,29
61506,138,150,-12,12
61507,50,53,-3,3
61508,85,77,8,8
61509,118,105,13,13
61510,84,87,-3,3
61511,95,93,2,2
61512,92,95,-3,3
61513,141,145,-4,4
61514,94,89,5,5
61515,117,131,-14,14
61516,82,69,13,13
61517,73,81,-8,8
61518,108,120,-12,12
61519,93,108,-15,15
61520,156,157,-1,1
61521,84,88,-4,4
61522,106,102,4,4
61523,91,100,-9,9
61524,88,95,-7,7
61525,78,69,9,9
61526,136,139,-3,3
61527,59,68,-9,9
61528,94,103,-9,9
61529,100,101,-1,1
61530,144,137,7,7
61531,89,107,-18,18
61532,67,68,-1,1
61533,28,39,-11,11
61534,114,118,-4,4
61535,123,147,-24,24
61536,85,73,12,12
61537,77,72,5,5
61538,89,111,-22,22
61539,90,96,-6,6
61540,80,83,-3,3
61541,114,115,-1,1
61542,46,56,-10,10
61543,123,113,10,10
61544,132,126,6,6
61545,106,116,-10,10
61546,93,92,1,1
61547,100,122,-22,22
61548,82,79,3,3
61549,170,183,-13,13
61550,103,122,-19,19
61551,60,63,-3,3
61552,101,117,-16,16
61553,101,97,4,4
61554,106,101,5,5
61555,53,67,-14,14
61556,45,42,3,3
61557,102,108,-6,6
61558,74,66,8,8
61559,107,119,-12,12
61560,95,97,-2,2
61561,96,91,5,5
61562,100,96,4,4
61563,40,56,-16,16
61564,85,75,10,10
61565,59,63,-4,4
61566,107,99,8,8
61567,157,142,15,15
61568,72,80,-8,8
61569,104,95,9,9
61570,53,64,-11,11
61571,131,132,-1,1
61572,147,133,14,14
61573,80,77,3,3
61574,135,126,9,9
61575,119,109,10,10
61576,128,137,-9,9
61577,126,121,5,5
61578,91,87,4,4
61579,102,96,6,6
61580,55,61,-6,6
61581,69,79,-10,10
61582,57,45,12,12
61583,53,63,-10,10
61584,109,97,12,12
61585,106,94,12,12
61586,106,110,-4,4
61587,128,103,25,25
61588,84,80,4,4
61589,73,76,-3,3
61590,137,110,27,27
61591,96,98,-2,2
61592,106,107,-1,1
61593,119,122,-3,3
61594,113,121,-8,8
61595,138,128,10,10
61596,52,55,-3,3
61597,115,118,-3,3
61598,66,67,-1,1
61599,114,121,-7,7
61600,46,45,1,1
61601,108,105,3,3
61602,85,74,11,11
61603,67,60,7,7
61604,66,64,2,2
61605,76,80,-4,4
61606,93,93,0,0
61607,145,168,-23,23
61608,122,114,8,8
61609,88,88,0,0
61610,59,64,-5,5
61611,77,82,-5,5
61612,84,86,-2,2
61613,71,73,-2,2
61614,93,86,7,7
61615,71,71,0,0
61616,40,60,-20,20
61617,165,152,13,13
61618,104,110,-6,6
61619,54,62,-8,8
61620,46,38,8,8
61621,70,64,6,6
61622,51,59,-8,8
61623,86,77,9,9
61624,86,87,-1,1
61625,90,84,6,6
61626,160,165,-5,5
61627,119,125,-6,6
61628,78,82,-4,4
61629,112,131,-19,19
61630,89,129,-40,40
61631,96,99,-3,3
61632,96,92,4,4
61633,96,81,15,15
61634,33,55,-22,22
61635,78,79,-1,1
61636,65,59,6,6
61637,69,73,-4,4
61638,85,89,-4,4
61639,71,70,1,1
61640,119,112,7,7
61641,100,100,0,0
61642,102,108,-6,6
61643,96,86,10,10
61644,77,72,5,5
61645,91,99,-8,8
61646,175,157,18,18
61647,96,96,0,0
61648,133,121,12,12
61649,107,126,-19,19
61650,98,99,-1,1
61651,94,100,-6,6
61652,67,73,-6,6
61653,116,115,1,1
61654,73,82,-9,9
61655,83,74,9,9
61656,75,74,1,1
61657,109,130,-21,21
61658,143,146,-3,3
61659,84,92,-8,8
61660,79,88,-9,9
61661,104,109,-5,5
61662,44,50,-6,6
61663,53,54,-1,1
61664,108,104,4,4
61665,86,91,-5,5
61666,119,110,9,9
61667,56,48,8,8
61668,88,90,-2,2
61669,118,123,-5,5
61670,102,98,4,4
61671,49,49,0,0
61672,99,93,6,6
61673,105,204,-99,99
61674,131,111,20,20
61675,78,72,6,6
61676,99,95,4,4
61677,23,26,-3,3
61678,126,118,8,8
61679,92,88,4,4
61680,85,87,-2,2
61681,61,66,-5,5
61682,137,143,-6,6
61683,74,76,-2,2
61684,129,131,-2,2
61685,156,155,1,1
61686,72,63,9,9
61687,151,144,7,7
61688,72,69,3,3
61689,81,85,-4,4
61690,128,121,7,7
61691,136,127,9,9
61692,111,121,-10,10
61693,150,134,16,16
61694,79,86,-7,7
61695,124,122,2,2
61696,133,134,-1,1
61697,106,115,-9,9
61698,71,73,-2,2
61699,69,69,0,0
61700,105,130,-25,25
61701,60,64,-4,4
61702,97,92,5,5
61703,129,147,-18,18
61704,70,76,-6,6
61705,137,148,-11,11
61706,110,105,5,5
61707,97,92,5,5
61708,149,176,-27,27
61709,63,60,3,3
61710,71,81,-10,10
61711,108,104,4,4
61712,127,133,-6,6
61713,92,96,-4,4
61714,41,49,-8,8
61715,87,90,-3,3
61716,95,91,4,4
61717,58,68,-10,10
61718,103,111,-8,8
61719,106,119,-13,13
61720,100,105,-5,5
61721,49,67,-18,18
61722,103,126,-23,23
61723,147,154,-7,7
61724,110,106,4,4
61725,121,139,-18,18
61726,66,59,7,7
61727,66,64,2,2
61728,75,73,2,2
61729,127,138,-11,11
61730,96,103,-7,7
61731,179,151,28,28
61732,153,162,-9,9
61733,89,84,5,5
61734,111,118,-7,7
61735,124,110,14,14
61736,86,74,12,12
61737,98,109,-11,11
61738,82,84,-2,2
61739,138,126,12,12
61740,98,88,10,10
61741,187,179,8,8
61742,141,138,3,3
61743,72,78,-6,6
61744,110,104,6,6
61745,87,89,-2,2
61746,60,61,-1,1
61747,71,73,-2,2
61748,123,131,-8,8
61749,57,61,-4,4
61750,113,123,-10,10
61751,148,151,-3,3
61752,73,77,-4,4
61753,62,69,-7,7
61754,108,123,-15,15
61755,105,101,4,4
61756,152,129,23,23
61757,51,54,-3,3
61758,127,110,17,17
61759,31,41,-10,10
61760,68,68,0,0
61761,163,167,-4,4
61762,160,141,19,19
61763,73,77,-4,4
61764,43,47,-4,4
61765,102,99,3,3
61766,91,109,-18,18
61767,136,128,8,8
61768,92,87,5,5
61769,60,68,-8,8
61770,45,56,-11,11
61771,111,90,21,21
61772,95,120,-25,25
61773,100,94,6,6
61774,139,158,-19,19
61775,99,89,10,10
61776,68,67,1,1
61777,55,57,-2,2
61778,110,90,20,20
61779,67,78,-11,11
61780,103,108,-5,5
61781,115,124,-9,9
61782,131,141,-10,10
61783,106,113,-7,7
61784,154,157,-3,3
61785,104,121,-17,17
61786,91,89,2,2
61787,139,143,-4,4
61788,56,55,1,1
61789,139,140,-1,1
61790,72,66,6,6
61791,144,143,1,1
61792,112,117,-5,5
61793,68,66,2,2
61794,88,81,7,7
61795,79,102,-23,23
61796,104,105,-1,1
61797,54,56,-2,2
61798,111,99,12,12
61799,87,86,1,1
61800,185,176,9,9
61801,92,99,-7,7
61802,68,78,-10,10
61803,91,92,-1,1
61804,84,71,13,13
61805,82,76,6,6
61806,126,132,-6,6
61807,71,77,-6,6
61808,72,70,2,2
61809,137,142,-5,5
61810,61,67,-6,6
61811,106,109,-3,3
61812,59,58,1,1
61813,77,59,18,18
61814,149,131,18,18
61815,63,63,0,0
61816,66,75,-9,9
61817,105,105,0,0
61818,85,79,6,6
61819,109,106,3,3
61820,81,88,-7,7
61821,60,67,-7,7
61822,40,51,-11,11
61823,95,92,3,3
61824,110,106,4,4
61825,68,65,3,3
61826,67,70,-3,3
61827,76,77,-1,1
61828,188,176,12,12
61829,59,62,-3,3
61830,131,125,6,6
61831,108,113,-5,5
61832,114,119,-5,5
61833,108,101,7,7
61834,104,105,-1,1
61835,94,101,-7,7
61836,47,48,-1,1
61837,77,69,8,8
61838,80,84,-4,4
61839,96,129,-33,33
61840,103,111,-8,8
61841,109,103,6,6
61842,66,76,-10,10
61843,98,96,2,2
61844,126,112,14,14
61845,97,119,-22,22
61846,99,97,2,2
61847,107,90,17,17
61848,129,145,-16,16
61849,87,91,-4,4
61850,69,67,2,2
61851,115,105,10,10
61852,99,101,-2,2
61853,99,94,5,5
61854,155,173,-18,18
61855,121,109,12,12
61856,123,131,-8,8
61857,91,92,-1,1
61858,68,81,-13,13
61859,118,106,12,12
61860,98,95,3,3
61861,108,104,4,4
61862,112,116,-4,4
61863,80,80,0,0
61864,92,131,-39,39
61865,116,113,3,3
61866,56,63,-7,7
61867,127,136,-9,9
61868,50,61,-11,11
61869,121,115,6,6
61870,157,144,13,13
61871,78,76,2,2
61872,85,73,12,12
61873,142,140,2,2
61874,42,49,-7,7
61875,62,64,-2,2
61876,61,66,-5,5
61877,75,77,-2,2
61878,82,85,-3,3
61879,107,107,0,0
61880,130,134,-4,4
61881,64,67,-3,3
61882,75,67,8,8
61883,109,109,0,0
61884,65,71,-6,6
61885,112,111,1,1
61886,88,98,-10,10
61887,140,132,8,8
61888,132,120,12,12
61889,108,115,-7,7
61890,92,82,10,10
61891,63,64,-1,1
61892,48,57,-9,9
61893,144,109,35,35
61894,104,105,-1,1
61895,107,105,2,2
61896,52,68,-16,16
61897,73,75,-2,2
61898,44,54,-10,10
61899,120,113,7,7
61900,87,86,1,1
61901,110,125,-15,15
61902,73,75,-2,2
61903,79,91,-12,12
61904,57,63,-6,6
61905,68,74,-6,6
61906,81,103,-22,22
61907,63,62,1,1
61908,41,49,-8,8
61909,71,64,7,7
61910,106,116,-10,10
61911,105,87,18,18
61912,183,146,37,37
61913,111,115,-4,4
61914,137,127,10,10
61915,51,58,-7,7
61916,40,48,-8,8
61917,70,87,-17,17
61918,120,120,0,0
61919,57,64,-7,7
61920,66,60,6,6
61921,140,129,11,11
61922,71,79,-8,8
61923,96,92,4,4
61924,108,115,-7,7
61925,134,140,-6,6
61926,97,107,-10,10
61927,44,49,-5,5
61928,49,49,0,0
61929,63,62,1,1
61930,97,103,-6,6
61931,38,42,-4,4
61932,68,65,3,3
61933,114,110,4,4
61934,105,114,-9,9
61935,36,50,-14,14
61936,69,64,5,5
61937,101,106,-5,5
61938,155,151,4,4
61939,53,72,-19,19
61940,151,125,26,26
61941,65,65,0,0
61942,64,64,0,0
61943,181,169,12,12
61944,110,119,-9,9
61945,93,96,-3,3
61946,183,151,32,32
61947,94,91,3,3
61948,91,87,4,4
61949,105,114,-9,9
61950,51,58,-7,7
61951,76,73,3,3
61952,60,71,-11,11
61953,72,67,5,5
61954,108,103,5,5
61955,119,126,-7,7
61956,98,111,-13,13
61957,119,121,-2,2
61958,122,117,5,5
61959,90,87,3,3
61960,55,57,-2,2
61961,62,65,-3,3
61962,41,64,-23,23
61963,86,89,-3,3
61964,58,56,2,2
61965,159,166,-7,7
61966,84,82,2,2
61967,101,98,3,3
61968,107,100,7,7
61969,150,145,5,5
61970,105,111,-6,6
61971,83,83,0,0
61972,78,90,-12,12
61973,51,59,-8,8
61974,83,93,-10,10
61975,111,105,6,6
61976,116,143,-27,27
61977,124,107,17,17
61978,116,114,2,2
61979,133,130,3,3
61980,143,138,5,5
61981,102,115,-13,13
61982,94,98,-4,4
61983,66,62,4,4
61984,76,78,-2,2
61985,108,100,8,8
61986,69,63,6,6
61987,90,83,7,7
61988,65,78,-13,13
61989,157,154,3,3
61990,81,71,10,10
61991,116,124,-8,8
61992,94,92,2,2
61993,98,111,-13,13
61994,149,142,7,7
61995,87,76,11,11
61996,124,123,1,1
61997,121,118,3,3
61998,157,153,4,4
61999,100,99,1,1
62000,129,135,-6,6
62001,97,97,0,0
62002,57,64,-7,7
62003,108,110,-2,2
62004,64,60,4,4
62005,195,165,30,30
62006,81,89,-8,8
62007,92,88,4,4
62008,139,153,-14,14
62009,67,69,-2,2
62010,78,89,-11,11
62011,56,59,-3,3
62012,90,86,4,4
62013,69,70,-1,1
62014,109,102,7,7
62015,67,69,-2,2
62016,65,74,-9,9
62017,67,75,-8,8
62018,128,111,17,17
62019,101,98,3,3
62020,103,111,-8,8
62021,66,67,-1,1
62022,78,79,-1,1
62023,121,114,7,7
62024,99,109,-10,10
62025,69,67,2,2
62026,64,66,-2,2
62027,66,67,-1,1
62028,76,79,-3,3
62029,91,95,-4,4
62030,49,64,-15,15
62031,222,189,33,33
62032,71,70,1,1
62033,155,160,-5,5
62034,80,83,-3,3
62035,94,84,10,10
62036,70,69,1,1
62037,106,102,4,4
62038,81,79,2,2
62039,90,85,5,5
62040,73,75,-2,2
62041,65,66,-1,1
62042,71,79,-8,8
62043,140,125,15,15
62044,109,120,-11,11
62045,72,72,0,0
62046,95,95,0,0
62047,92,89,3,3
62048,104,114,-10,10
62049,74,72,2,2
62050,102,106,-4,4
62051,75,83,-8,8
62052,100,95,5,5
62053,111,122,-11,11
62054,52,54,-2,2
62055,79,73,6,6
62056,99,103,-4,4
62057,140,144,-4,4
62058,181,195,-14,14
62059,106,107,-1,1
62060,59,54,5,5
62061,129,121,8,8
62062,95,102,-7,7
62063,50,64,-14,14
62064,71,66,5,5
62065,46,54,-8,8
62066,103,115,-12,12
62067,82,88,-6,6
62068,114,112,2,2
62069,114,102,12,12
62070,92,95,-3,3
62071,74,80,-6,6
62072,102,106,-4,4
62073,104,98,6,6
62074,86,83,3,3
62075,51,55,-4,4
62076,86,83,3,3
62077,78,77,1,1
62078,99,110,-11,11
62079,95,96,-1,1
62080,82,89,-7,7
62081,111,123,-12,12
62082,129,108,21,21
62083,90,117,-27,27
62084,139,145,-6,6
62085,72,85,-13,13
62086,55,61,-6,6
62087,165,159,6,6
62088,115,122,-7,7
62089,61,70,-9,9
62090,84,81,3,3
62091,136,130,6,6
62092,83,81,2,2
62093,27,52,-25,25
62094,108,106,2,2
62095,147,134,13,13
62096,120,110,10,10
62097,73,90,-17,17
62098,60,68,-8,8
62099,123,126,-3,3
62100,89,97,-8,8
62101,73,72,1,1
62102,64,67,-3,3
62103,62,68,-6,6
62104,100,104,-4,4
62105,100,84,16,16
62106,48,62,-14,14
62107,119,118,1,1
62108,53,56,-3,3
62109,142,153,-11,11
62110,58,64,-6,6
62111,100,120,-20,20
62112,77,76,1,1
62113,71,90,-19,19
62114,126,129,-3,3
62115,50,59,-9,9
62116,205,174,31,31
62117,60,62,-2,2
62118,91,94,-3,3
62119,70,71,-1,1
62120,90,93,-3,3
62121,159,173,-14,14
62122,75,82,-7,7
62123,116,95,21,21
62124,109,111,-2,2
62125,143,139,4,4
62126,112,108,4,4
62127,84,89,-5,5
62128,170,174,-4,4
62129,150,146,4,4
62130,109,104,5,5
62131,161,143,18,18
62132,99,105,-6,6
62133,127,94,33,33
62134,62,40,22,22
62135,133,140,-7,7
62136,101,121,-20,20
62137,127,105,22,22
62138,89,87,2,2
62139,95,91,4,4
62140,150,145,5,5
62141,49,55,-6,6
62142,92,98,-6,6
62143,92,90,2,2
62144,38,52,-14,14
62145,145,154,-9,9
62146,156,170,-14,14
62147,125,108,17,17
62148,51,59,-8,8
62149,134,115,19,19
62150,92,109,-17,17
62151,85,91,-6,6
62152,60,60,0,0
62153,67,73,-6,6
62154,99,111,-12,12
62155,159,177,-18,18
62156,86,89,-3,3
62157,75,44,31,31
62158,42,52,-10,10
62159,71,80,-9,9
62160,136,135,1,1
62161,67,75,-8,8
62162,112,102,10,10
62163,71,73,-2,2
62164,48,59,-11,11
62165,139,142,-3,3
62166,114,163,-49,49
62167,48,48,0,0
62168,86,90,-4,4
62169,119,99,20,20
62170,94,99,-5,5
62171,105,104,1,1
62172,104,90,14,14
62173,85,87,-2,2
62174,66,68,-2,2
62175,93,89,4,4
62176,88,99,-11,11
62177,67,65,2,2
62178,91,99,-8,8
62179,110,110,0,0
62180,80,79,1,1
62181,98,109,-11,11
62182,126,120,6,6
62183,52,59,-7,7
62184,63,70,-7,7
62185,91,104,-13,13
62186,103,97,6,6
62187,68,70,-2,2
62188,73,69,4,4
62189,95,99,-4,4
62190,100,99,1,1
62191,111,109,2,2
62192,100,96,4,4
62193,75,78,-3,3
62194,84,97,-13,13
62195,75,79,-4,4
62196,139,126,13,13
62197,105,109,-4,4
62198,84,96,-12,12
62199,137,127,10,10
62200,65,102,-37,37
62201,97,95,2,2
62202,78,84,-6,6
62203,122,124,-2,2
62204,72,75,-3,3
62205,80,101,-21,21
62206,132,107,25,25
62207,113,113,0,0
62208,121,123,-2,2
62209,72,78,-6,6
62210,95,100,-5,5
62211,124,125,-1,1
62212,122,116,6,6
62213,152,160,-8,8
62214,105,104,1,1
62215,103,111,-8,8
62216,111,109,2,2
62217,60,45,15,15
62218,75,106,-31,31
62219,69,70,-1,1
62220,85,79,6,6
62221,91,97,-6,6
62222,106,96,10,10
62223,76,85,-9,9
62224,43,49,-6,6
62225,65,67,-2,2
62226,180,189,-9,9
62227,38,64,-26,26
62228,86,90,-4,4
62229,77,89,-12,12
62230,110,120,-10,10
62231,111,113,-2,2
62232,134,112,22,22
62233,123,157,-34,34
62234,67,68,-1,1
62235,77,91,-14,14
62236,95,103,-8,8
62237,94,94,0,0
62238,131,138,-7,7
62239,88,106,-18,18
62240,130,128,2,2
62241,78,78,0,0
62242,98,93,5,5
62243,66,69,-3,3
62244,63,64,-1,1
62245,85,83,2,2
62246,82,89,-7,7
62247,82,90,-8,8
62248,104,97,7,7
62249,120,125,-5,5
62250,68,74,-6,6
62251,108,116,-8,8
62252,101,93,8,8
62253,102,99,3,3
62254,161,171,-10,10
62255,48,61,-13,13
62256,82,88,-6,6
62257,134,130,4,4
62258,102,96,6,6
62259,47,52,-5,5
62260,101,80,21,21
62261,103,93,10,10
62262,158,145,13,13
62263,79,91,-12,12
62264,126,120,6,6
62265,72,77,-5,5
62266,103,103,0,0
62267,86,95,-9,9
62268,73,84,-11,11
62269,150,125,25,25
62270,69,70,-1,1
62271,89,84,5,5
62272,102,101,1,1
62273,89,90,-1,1
62274,92,93,-1,1
62275,91,86,5,5
62276,69,65,4,4
62277,31,47,-16,16
62278,62,67,-5,5
62279,74,83,-9,9
62280,73,65,8,8
62281,92,81,11,11
62282,68,63,5,5
62283,121,118,3,3
62284,160,160,0,0
62285,124,115,9,9
62286,71,71,0,0
62287,98,92,6,6
62288,85,88,-3,3
62289,93,92,1,1
62290,87,93,-6,6
62291,210,181,29,29
62292,74,78,-4,4
62293,84,87,-3,3
62294,141,139,2,2
62295,68,67,1,1
62296,118,116,2,2
62297,75,77,-2,2
62298,150,142,8,8
62299,162,156,6,6
62300,59,60,-1,1
62301,82,91,-9,9
62302,118,120,-2,2
62303,94,105,-11,11
62304,75,92,-17,17
62305,71,75,-4,4
62306,131,129,2,2
62307,120,116,4,4
62308,91,89,2,2
62309,112,105,7,7
62310,145,149,-4,4
62311,93,83,10,10
62312,93,81,12,12
62313,89,74,15,15
62314,110,111,-1,1
62315,78,78,0,0
62316,80,76,4,4
62317,133,138,-5,5
62318,50,56,-6,6
62319,82,83,-1,1
62320,145,153,-8,8
62321,126,105,21,21
62322,105,109,-4,4
62323,159,175,-16,16
62324,118,124,-6,6
62325,142,152,-10,10
62326,108,122,-14,14
62327,110,115,-5,5
62328,106,97,9,9
62329,119,122,-3,3
62330,90,99,-9,9
62331,68,73,-5,5
62332,119,118,1,1
62333,162,166,-4,4
62334,76,80,-4,4
62335,89,83,6,6
62336,57,66,-9,9
62337,79,74,5,5
62338,72,80,-8,8
62339,110,98,12,12
62340,82,79,3,3
62341,76,71,5,5
62342,68,77,-9,9
62343,79,102,-23,23
62344,64,69,-5,5
62345,151,143,8,8
62346,64,67,-3,3
62347,110,98,12,12
62348,78,76,2,2
62349,123,125,-2,2
62350,118,125,-7,7
62351,58,62,-4,4
62352,140,133,7,7
62353,128,125,3,3
62354,57,59,-2,2
62355,101,112,-11,11
62356,106,98,8,8
62357,71,78,-7,7
62358,61,68,-7,7
62359,187,172,15,15
62360,123,115,8,8
62361,64,62,2,2
62362,59,62,-3,3
62363,83,78,5,5
62364,68,76,-8,8
62365,83,84,-1,1
62366,111,100,11,11
62367,86,101,-15,15
62368,87,95,-8,8
62369,97,104,-7,7
62370,76,84,-8,8
62371,91,103,-12,12
62372,169,166,3,3
62373,51,41,10,10
62374,57,78,-21,21
62375,168,168,0,0
62376,93,72,21,21
62377,93,91,2,2
62378,98,82,16,16
62379,76,84,-8,8
62380,142,143,-1,1
62381,60,65,-5,5
62382,118,114,4,4
62383,40,59,-19,19
62384,68,68,0,0
62385,75,77,-2,2
62386,97,106,-9,9
62387,124,116,8,8
62388,68,68,0,0
62389,89,80,9,9
62390,109,101,8,8
62391,53,58,-5,5
62392,112,108,4,4
62393,140,151,-11,11
62394,113,97,16,16
62395,105,121,-16,16
62396,69,73,-4,4
62397,98,112,-14,14
62398,150,141,9,9
62399,93,96,-3,3
62400,117,118,-1,1
62401,44,45,-1,1
62402,65,54,11,11
62403,78,72,6,6
62404,149,152,-3,3
62405,75,75,0,0
62406,82,77,5,5
62407,93,90,3,3
62408,129,141,-12,12
62409,46,55,-9,9
62410,56,47,9,9
62411,99,90,9,9
62412,31,48,-17,17
62413,113,109,4,4
62414,167,179,-12,12
62415,113,123,-10,10
62416,171,171,0,0
62417,71,62,9,9
62418,103,108,-5,5
62419,76,85,-9,9
62420,64,66,-2,2
62421,105,107,-2,2
62422,176,171,5,5
62423,127,133,-6,6
62424,118,112,6,6
62425,88,100,-12,12
62426,133,139,-6,6
62427,84,92,-8,8
62428,108,115,-7,7
62429,72,78,-6,6
62430,128,130,-2,2
62431,36,44,-8,8
62432,116,107,9,9
62433,105,109,-4,4
62434,85,93,-8,8
62435,48,53,-5,5
62436,142,140,2,2
62437,78,70,8,8
62438,72,79,-7,7
62439,255,215,40,40
62440,113,117,-4,4
62441,98,92,6,6
62442,143,151,-8,8
62443,85,110,-25,25
62444,111,96,15,15
62445,106,107,-1,1
62446,111,116,-5,5
62447,84,85,-1,1
62448,74,78,-4,4
62449,87,90,-3,3
62450,133,134,-1,1
62451,111,123,-12,12
62452,78,84,-6,6
62453,83,86,-3,3
62454,117,107,10,10
62455,97,89,8,8
62456,127,133,-6,6
62457,66,64,2,2
62458,124,122,2,2
62459,72,72,0,0
62460,108,93,15,15
62461,124,131,-7,7
62462,137,127,10,10
62463,84,86,-2,2
62464,175,172,3,3
62465,32,48,-16,16
62466,127,114,13,13
62467,139,138,1,1
62468,84,110,-26,26
62469,138,138,0,0
62470,147,153,-6,6
62471,49,55,-6,6
62472,87,94,-7,7
62473,71,75,-4,4
62474,89,83,6,6
62475,122,114,8,8
62476,110,122,-12,12
62477,112,105,7,7
62478,161,164,-3,3
62479,78,64,14,14
62480,84,94,-10,10
62481,96,96,0,0
62482,83,85,-2,2
62483,166,155,11,11
62484,69,72,-3,3
62485,48,55,-7,7
62486,84,59,25,25
62487,113,104,9,9
62488,89,90,-1,1
62489,51,57,-6,6
62490,101,99,2,2
62491,70,59,11,11
62492,107,99,8,8
62493,99,99,0,0
62494,142,125,17,17
62495,123,115,8,8
62496,81,70,11,11
62497,60,55,5,5
62498,139,132,7,7
62499,93,94,-1,1
62500,123,122,1,1
62501,101,84,17,17
62502,128,138,-10,10
62503,72,76,-4,4
62504,134,120,14,14
62505,89,88,1,1
62506,162,150,12,12
62507,129,115,14,14
62508,97,98,-1,1
62509,63,76,-13,13
62510,88,90,-2,2
62511,47,50,-3,3
62512,163,138,25,25
62513,169,175,-6,6
62514,88,75,13,13
62515,116,124,-8,8
62516,68,74,-6,6
62517,66,75,-9,9
62518,75,74,1,1
62519,79,94,-15,15
62520,132,136,-4,4
62521,64,69,-5,5
62522,154,140,14,14
62523,159,133,26,26
62524,97,105,-8,8
62525,151,139,12,12
62526,64,70,-6,6
62527,86,78,8,8
62528,86,112,-26,26
62529,105,102,3,3
62530,135,143,-8,8
62531,78,86,-8,8
62532,180,163,17,17
62533,126,113,13,13
62534,115,120,-5,5
62535,95,112,-17,17
62536,123,108,15,15
62537,49,40,9,9
62538,94,111,-17,17
62539,170,179,-9,9
62540,92,90,2,2
62541,101,104,-3,3
62542,93,95,-2,2
62543,123,135,-12,12
62544,83,90,-7,7
62545,122,115,7,7
62546,109,118,-9,9
62547,67,65,2,2
62548,59,64,-5,5
62549,79,76,3,3
62550,82,87,-5,5
62551,69,67,2,2
62552,83,101,-18,18
62553,116,110,6,6
62554,202,176,26,26
62555,92,110,-18,18
62556,95,100,-5,5
62557,104,105,-1,1
62558,124,124,0,0
62559,203,205,-2,2
62560,95,91,4,4
62561,131,124,7,7
62562,42,42,0,0
62563,106,92,14,14
62564,40,48,-8,8
62565,81,83,-2,2
62566,125,118,7,7
62567,82,87,-5,5
62568,121,119,2,2
62569,85,98,-13,13
62570,104,97,7,7
62571,82,84,-2,2
62572,76,74,2,2
62573,60,63,-3,3
62574,91,80,11,11
62575,96,83,13,13
62576,118,108,10,10
62577,101,93,8,8
62578,140,135,5,5
62579,153,155,-2,2
62580,115,122,-7,7
62581,38,59,-21,21
62582,74,84,-10,10
62583,28,58,-30,30
62584,65,68,-3,3
62585,113,117,-4,4
62586,109,100,9,9
62587,93,89,4,4
62588,87,89,-2,2
62589,54,62,-8,8
62590,125,120,5,5
62591,141,144,-3,3
62592,114,128,-14,14
62593,122,95,27,27
62594,138,147,-9,9
62595,98,96,2,2
62596,84,97,-13,13
62597,118,123,-5,5
62598,114,115,-1,1
62599,69,75,-6,6
62600,47,56,-9,9
62601,72,65,7,7
62602,72,69,3,3
62603,85,89,-4,4
62604,48,52,-4,4
62605,96,93,3,3
62606,90,91,-1,1
62607,99,90,9,9
62608,122,121,1,1
62609,60,58,2,2
62610,80,89,-9,9
62611,79,84,-5,5
62612,54,62,-8,8
62613,90,92,-2,2
62614,84,101,-17,17
62615,98,100,-2,2
62616,106,110,-4,4
62617,70,75,-5,5
62618,93,91,2,2
62619,81,77,4,4
62620,108,106,2,2
62621,66,68,-2,2
62622,92,90,2,2
62623,58,57,1,1
62624,80,76,4,4
62625,72,68,4,4
62626,92,90,2,2
62627,114,117,-3,3
62628,149,137,12,12
62629,85,83,2,2
62630,61,55,6,6
62631,104,94,10,10
62632,100,91,9,9
62633,132,125,7,7
62634,132,124,8,8
62635,114,101,13,13
62636,89,89,0,0
62637,52,55,-3,3
62638,51,54,-3,3
62639,109,108,1,1
62640,112,123,-11,11
62641,80,77,3,3
62642,158,182,-24,24
62643,103,99,4,4
62644,59,63,-4,4
62645,118,119,-1,1
62646,114,101,13,13
62647,101,103,-2,2
62648,64,62,2,2
62649,75,72,3,3
62650,110,96,14,14
62651,168,166,2,2
62652,109,101,8,8
62653,106,97,9,9
62654,32,81,-49,49
62655,86,100,-14,14
62656,185,149,36,36
62657,125,140,-15,15
62658,48,51,-3,3
62659,128,141,-13,13
62660,138,149,-11,11
62661,75,69,6,6
62662,84,104,-20,20
62663,115,97,18,18
62664,58,67,-9,9
62665,97,98,-1,1
62666,152,140,12,12
62667,94,95,-1,1
62668,114,122,-8,8
62669,130,134,-4,4
62670,61,69,-8,8
62671,185,170,15,15
62672,110,122,-12,12
62673,58,55,3,3
62674,79,80,-1,1
62675,79,80,-1,1
62676,93,95,-2,2
62677,129,129,0,0
62678,134,149,-15,15
62679,98,99,-1,1
62680,162,147,15,15
62681,83,85,-2,2
62682,107,96,11,11
62683,98,110,-12,12
62684,131,122,9,9
62685,57,60,-3,3
62686,153,136,17,17
62687,126,114,12,12
62688,89,88,1,1
62689,68,71,-3,3
62690,131,125,6,6
62691,68,66,2,2
62692,94,86,8,8
62693,135,131,4,4
62694,96,99,-3,3
62695,95,110,-15,15
62696,90,79,11,11
62697,55,62,-7,7
62698,108,112,-4,4
62699,36,43,-7,7
62700,73,75,-2,2
62701,73,85,-12,12
62702,102,105,-3,3
62703,52,54,-2,2
62704,22,41,-19,19
62705,102,91,11,11
62706,136,117,19,19
62707,83,77,6,6
62708,76,76,0,0
62709,135,124,11,11
62710,116,124,-8,8
62711,69,72,-3,3
62712,42,49,-7,7
62713,86,78,8,8
62714,131,130,1,1
62715,119,113,6,6
62716,65,65,0,0
62717,100,109,-9,9
62718,65,68,-3,3
62719,73,72,1,1
62720,63,63,0,0
62721,115,147,-32,32
62722,164,158,6,6
62723,146,145,1,1
62724,64,70,-6,6
62725,101,102,-1,1
62726,124,128,-4,4
62727,74,80,-6,6
62728,92,78,14,14
62729,90,92,-2,2
62730,93,106,-13,13
62731,76,83,-7,7
62732,133,140,-7,7
62733,54,61,-7,7
62734,147,131,16,16
62735,107,117,-10,10
62736,132,118,14,14
62737,129,118,11,11
62738,95,91,4,4
62739,78,92,-14,14
62740,93,92,1,1
62741,85,97,-12,12
62742,138,161,-23,23
62743,106,112,-6,6
62744,45,54,-9,9
62745,50,59,-9,9
62746,55,45,10,10
62747,44,70,-26,26
62748,70,60,10,10
62749,125,123,2,2
62750,82,87,-5,5
62751,80,78,2,2
62752,120,116,4,4
62753,100,91,9,9
62754,70,73,-3,3
62755,65,64,1,1
62756,96,100,-4,4
62757,93,92,1,1
62758,106,102,4,4
62759,168,152,16,16
62760,169,158,11,11
62761,95,57,38,38
62762,95,104,-9,9
62763,81,82,-1,1
62764,65,51,14,14
62765,64,56,8,8
62766,62,69,-7,7
62767,119,116,3,3
62768,93,80,13,13
62769,77,78,-1,1
62770,141,141,0,0
62771,66,63,3,3
62772,76,96,-20,20
62773,148,149,-1,1
62774,57,69,-12,12
62775,78,47,31,31
62776,134,121,13,13
62777,133,116,17,17
62778,66,87,-21,21
62779,75,76,-1,1
62780,97,97,0,0
62781,131,124,7,7
62782,171,161,10,10
62783,222,218,4,4
62784,102,102,0,0
62785,60,69,-9,9
62786,144,152,-8,8
62787,43,41,2,2
62788,82,79,3,3
62789,84,86,-2,2
62790,92,98,-6,6
62791,94,86,8,8
62792,179,182,-3,3
62793,119,120,-1,1
62794,61,68,-7,7
62795,93,98,-5,5
62796,53,58,-5,5
62797,142,138,4,4
62798,69,61,8,8
62799,90,100,-10,10
62800,139,126,13,13
62801,90,109,-19,19
62802,56,58,-2,2
62803,113,117,-4,4
62804,91,92,-1,1
62805,86,88,-2,2
62806,111,113,-2,2
62807,74,65,9,9
62808,139,133,6,6
62809,96,91,5,5
62810,105,101,4,4
62811,139,135,4,4
62812,61,68,-7,7
62813,70,77,-7,7
62814,70,82,-12,12
62815,61,60,1,1
62816,127,130,-3,3
62817,92,97,-5,5
62818,120,112,8,8
62819,52,47,5,5
62820,86,87,-1,1
62821,62,58,4,4
62822,101,123,-22,22
62823,85,102,-17,17
62824,96,103,-7,7
62825,105,109,-4,4
62826,122,122,0,0
62827,116,116,0,0
62828,98,87,11,11
62829,154,147,7,7
62830,100,95,5,5
62831,164,150,14,14
62832,162,155,7,7
62833,136,160,-24,24
62834,62,67,-5,5
62835,178,165,13,13
62836,109,95,14,14
62837,121,113,8,8
62838,108,118,-10,10
62839,84,79,5,5
62840,131,126,5,5
62841,122,121,1,1
62842,64,74,-10,10
62843,84,97,-13,13
62844,72,76,-4,4
62845,185,164,21,21
62846,77,76,1,1
62847,137,170,-33,33
62848,93,100,-7,7
62849,86,96,-10,10
62850,144,136,8,8
62851,78,80,-2,2
62852,61,66,-5,5
62853,129,123,6,6
62854,52,64,-12,12
62855,195,193,2,2
62856,87,84,3,3
62857,101,106,-5,5
62858,103,102,1,1
62859,169,155,14,14
62860,104,97,7,7
62861,80,83,-3,3
62862,40,56,-16,16
62863,90,97,-7,7
62864,89,94,-5,5
62865,105,111,-6,6
62866,86,97,-11,11
62867,133,138,-5,5
62868,89,91,-2,2
62869,64,59,5,5
62870,94,99,-5,5
62871,86,104,-18,18
62872,128,133,-5,5
62873,53,60,-7,7
62874,91,79,12,12
62875,74,70,4,4
62876,64,68,-4,4
62877,81,80,1,1
62878,66,73,-7,7
62879,76,70,6,6
62880,91,91,0,0
62881,76,68,8,8
62882,109,111,-2,2
62883,77,79,-2,2
62884,76,68,8,8
62885,110,110,0,0
62886,88,86,2,2
62887,120,116,4,4
62888,127,122,5,5
62889,106,112,-6,6
62890,201,187,14,14
62891,111,115,-4,4
62892,231,210,21,21
62893,59,67,-8,8
62894,150,142,8,8
62895,141,138,3,3
62896,62,59,3,3
62897,191,194,-3,3
62898,119,117,2,2
62899,72,80,-8,8
62900,103,98,5,5
62901,79,89,-10,10
62902,106,108,-2,2
62903,104,115,-11,11
62904,88,93,-5,5
62905,78,84,-6,6
62906,81,96,-15,15
62907,98,88,10,10
62908,123,124,-1,1
62909,142,339,-197,197
62910,74,69,5,5
62911,163,148,15,15
62912,102,102,0,0
62913,60,64,-4,4
62914,133,133,0,0
62915,59,62,-3,3
62916,47,59,-12,12
62917,86,97,-11,11
62918,124,113,11,11
62919,28,40,-12,12
62920,59,60,-1,1
62921,124,129,-5,5
62922,105,101,4,4
62923,103,94,9,9
62924,80,83,-3,3
62925,82,79,3,3
62926,84,92,-8,8
62927,128,136,-8,8
62928,101,109,-8,8
62929,72,74,-2,2
62930,89,84,5,5
62931,119,104,15,15
62932,181,175,6,6
62933,146,137,9,9
62934,58,66,-8,8
62935,80,86,-6,6
62936,37,47,-10,10
62937,45,59,-14,14
62938,95,115,-20,20
62939,108,100,8,8
62940,79,71,8,8
62941,85,75,10,10
62942,53,64,-11,11
62943,211,195,16,16
62944,103,94,9,9
62945,77,71,6,6
62946,75,74,1,1
62947,95,92,3,3
62948,102,86,16,16
62949,77,73,4,4
62950,54,52,2,2
62951,110,105,5,5
62952,121,114,7,7
62953,89,78,11,11
62954,93,87,6,6
62955,44,51,-7,7
62956,84,87,-3,3
62957,135,120,15,15
62958,66,60,6,6
62959,104,117,-13,13
62960,141,125,16,16
62961,98,92,6,6
62962,90,91,-1,1
62963,115,119,-4,4
62964,109,115,-6,6
62965,69,74,-5,5
62966,64,66,-2,2
62967,185,172,13,13
62968,114,108,6,6
62969,191,200,-9,9
62970,49,55,-6,6
62971,83,99,-16,16
62972,100,109,-9,9
62973,98,88,10,10
62974,69,79,-10,10
62975,103,93,10,10
62976,148,163,-15,15
62977,81,70,11,11
62978,151,147,4,4
62979,70,55,15,15
62980,88,83,5,5
62981,93,106,-13,13
62982,60,68,-8,8
62983,88,88,0,0
62984,63,69,-6,6
62985,92,103,-11,11
62986,108,111,-3,3
62987,78,90,-12,12
62988,156,146,10,10
62989,63,68,-5,5
62990,58,68,-10,10
62991,38,53,-15,15
62992,107,106,1,1
62993,101,102,-1,1
62994,65,64,1,1
62995,120,128,-8,8
62996,101,97,4,4
62997,106,95,11,11
62998,72,74,-2,2
62999,127,117,10,10
63000,65,64,1,1
63001,126,123,3,3
63002,113,111,2,2
63003,104,112,-8,8
63004,152,151,1,1
63005,57,61,-4,4
63006,83,78,5,5
63007,101,107,-6,6
63008,81,83,-2,2
63009,54,68,-14,14
63010,80,77,3,3
63011,83,93,-10,10
63012,31,45,-14,14
63013,64,67,-3,3
63014,159,168,-9,9
63015,133,129,4,4
63016,116,126,-10,10
63017,57,53,4,4
63018,99,76,23,23
63019,62,67,-5,5
63020,90,88,2,2
63021,117,103,14,14
63022,142,138,4,4
63023,177,165,12,12
63024,59,57,2,2
63025,89,94,-5,5
63026,69,69,0,0
63027,63,75,-12,12
63028,46,64,-18,18
63029,136,153,-17,17
63030,105,113,-8,8
63031,127,139,-12,12
63032,66,77,-11,11
63033,138,147,-9,9
63034,71,71,0,0
63035,97,92,5,5
63036,112,122,-10,10
63037,77,84,-7,7
63038,57,63,-6,6
63039,84,88,-4,4
63040,85,86,-1,1
63041,111,106,5,5
63042,123,119,4,4
63043,110,124,-14,14
63044,114,129,-15,15
63045,111,130,-19,19
63046,71,79,-8,8
63047,93,90,3,3
63048,343,249,94,94
63049,72,68,4,4
63050,186,170,16,16
63051,62,65,-3,3
63052,79,81,-2,2
63053,129,131,-2,2
63054,121,131,-10,10
63055,105,102,3,3
63056,157,148,9,9
63057,115,105,10,10
63058,78,75,3,3
63059,179,193,-14,14
63060,80,76,4,4
63061,113,119,-6,6
63062,87,92,-5,5
63063,95,91,4,4
63064,95,105,-10,10
63065,104,107,-3,3
63066,88,88,0,0
63067,61,72,-11,11
63068,63,63,0,0
63069,87,109,-22,22
63070,157,165,-8,8
63071,92,129,-37,37
63072,53,59,-6,6
63073,128,130,-2,2
63074,114,104,10,10
63075,95,102,-7,7
63076,102,99,3,3
63077,120,129,-9,9
63078,110,119,-9,9
63079,207,213,-6,6
63080,103,94,9,9
63081,55,57,-2,2
63082,98,97,1,1
63083,99,106,-7,7
63084,94,102,-8,8
63085,82,93,-11,11
63086,60,85,-25,25
63087,95,90,5,5
63088,113,104,9,9
63089,113,113,0,0
63090,105,95,10,10
63091,80,61,19,19
63092,104,116,-12,12
63093,97,102,-5,5
63094,62,61,1,1
63095,62,70,-8,8
63096,85,92,-7,7
63097,114,79,35,35
63098,72,70,2,2
63099,82,77,5,5
63100,94,84,10,10
63101,90,97,-7,7
63102,110,97,13,13
63103,90,86,4,4
63104,80,89,-9,9
63105,109,99,10,10
63106,61,67,-6,6
63107,185,181,4,4
63108,117,109,8,8
63109,139,141,-2,2
63110,56,64,-8,8
63111,74,74,0,0
63112,107,121,-14,14
63113,78,88,-10,10
63114,51,57,-6,6
63115,87,89,-2,2
63116,114,101,13,13
63117,83,86,-3,3
63118,137,135,2,2
63119,117,105,12,12
63120,87,92,-5,5
63121,69,67,2,2
63122,86,96,-10,10
63123,150,156,-6,6
63124,162,162,0,0
63125,87,94,-7,7
63126,68,69,-1,1
63127,68,68,0,0
63128,126,95,31,31
63129,109,96,13,13
63130,106,99,7,7
63131,114,111,3,3
63132,136,142,-6,6
63133,128,123,5,5
63134,109,106,3,3
63135,114,118,-4,4
63136,102,105,-3,3
63137,144,130,14,14
63138,52,46,6,6
63139,73,71,2,2
63140,116,120,-4,4
63141,111,99,12,12
63142,106,119,-13,13
63143,125,117,8,8
63144,119,111,8,8
63145,77,76,1,1
63146,78,76,2,2
63147,62,61,1,1
63148,80,88,-8,8
63149,101,105,-4,4
63150,130,133,-3,3
63151,165,138,27,27
63152,88,75,13,13
63153,97,101,-4,4
63154,125,102,23,23
63155,55,61,-6,6
63156,76,78,-2,2
63157,124,133,-9,9
63158,82,91,-9,9
63159,60,78,-18,18
63160,107,107,0,0
63161,109,103,6,6
63162,162,157,5,5
63163,95,126,-31,31
63164,54,55,-1,1
63165,125,134,-9,9
63166,107,100,7,7
63167,74,68,6,6
63168,155,146,9,9
63169,77,82,-5,5
63170,80,77,3,3
63171,122,118,4,4
63172,71,88,-17,17
63173,112,117,-5,5
63174,61,75,-14,14
63175,88,96,-8,8
63176,171,139,32,32
63177,98,95,3,3
63178,59,60,-1,1
63179,150,144,6,6
63180,94,92,2,2
63181,112,114,-2,2
63182,113,96,17,17
63183,92,95,-3,3
63184,121,128,-7,7
63185,101,102,-1,1
63186,82,82,0,0
63187,125,119,6,6
63188,74,74,0,0
63189,68,99,-31,31
63190,104,114,-10,10
63191,80,78,2,2
63192,101,95,6,6
63193,96,100,-4,4
63194,96,95,1,1
63195,79,92,-13,13
63196,75,73,2,2
63197,121,112,9,9
63198,173,168,5,5
63199,123,125,-2,2
63200,124,125,-1,1
63201,123,116,7,7
63202,129,136,-7,7
63203,119,109,10,10
63204,107,118,-11,11
63205,117,126,-9,9
63206,74,81,-7,7
63207,72,78,-6,6
63208,92,94,-2,2
63209,102,91,11,11
63210,123,144,-21,21
63211,119,131,-12,12
63212,71,71,0,0
63213,64,74,-10,10
63214,108,103,5,5
63215,140,129,11,11
63216,90,94,-4,4
63217,128,116,12,12
63218,99,100,-1,1
63219,82,93,-11,11
63220,156,159,-3,3
63221,137,134,3,3
63222,78,75,3,3
63223,95,97,-2,2
63224,82,95,-13,13
63225,90,95,-5,5
63226,64,72,-8,8
63227,73,76,-3,3
63228,53,68,-15,15
63229,123,126,-3,3
63230,62,70,-8,8
63231,92,104,-12,12
63232,123,128,-5,5
63233,125,118,7,7
63234,41,52,-11,11
63235,187,163,24,24
63236,91,90,1,1
63237,76,77,-1,1
63238,176,160,16,16
63239,93,99,-6,6
63240,87,94,-7,7
63241,89,91,-2,2
63242,88,73,15,15
63243,99,99,0,0
63244,134,124,10,10
63245,95,96,-1,1
63246,105,105,0,0
63247,42,53,-11,11
63248,96,98,-2,2
63249,50,61,-11,11
63250,63,58,5,5
63251,95,104,-9,9
63252,99,102,-3,3
63253,109,126,-17,17
63254,133,124,9,9
63255,90,82,8,8
63256,71,75,-4,4
63257,58,70,-12,12
63258,173,165,8,8
63259,77,74,3,3
63260,88,57,31,31
63261,72,68,4,4
63262,116,113,3,3
63263,61,66,-5,5
63264,94,89,5,5
63265,117,127,-10,10
63266,114,114,0,0
63267,147,137,10,10
63268,125,124,1,1
63269,100,107,-7,7
63270,101,90,11,11
63271,112,112,0,0
63272,94,84,10,10
63273,119,109,10,10
63274,154,152,2,2
63275,82,85,-3,3
63276,58,60,-2,2
63277,131,103,28,28
63278,82,61,21,21
63279,96,100,-4,4
63280,80,75,5,5
63281,118,119,-1,1
63282,51,70,-19,19
63283,164,156,8,8
63284,77,115,-38,38
63285,144,140,4,4
63286,132,136,-4,4
63287,89,92,-3,3
63288,78,75,3,3
63289,51,55,-4,4
63290,100,102,-2,2
63291,108,101,7,7
63292,143,130,13,13
63293,88,86,2,2
63294,67,62,5,5
63295,121,138,-17,17
63296,90,88,2,2
63297,65,75,-10,10
63298,79,82,-3,3
63299,144,135,9,9
63300,55,34,21,21
63301,78,81,-3,3
63302,82,98,-16,16
63303,78,73,5,5
63304,160,165,-5,5
63305,89,83,6,6
63306,101,113,-12,12
63307,114,107,7,7
63308,86,79,7,7
63309,155,156,-1,1
63310,105,112,-7,7
63311,76,73,3,3
63312,149,149,0,0
63313,99,106,-7,7
63314,120,106,14,14
63315,69,70,-1,1
63316,102,109,-7,7
63317,59,64,-5,5
63318,54,48,6,6
63319,107,94,13,13
63320,60,58,2,2
63321,70,58,12,12
63322,219,224,-5,5
63323,83,83,0,0
63324,68,73,-5,5
63325,89,102,-13,13
63326,68,81,-13,13
63327,108,116,-8,8
63328,94,104,-10,10
63329,90,88,2,2
63330,171,148,23,23
63331,35,42,-7,7
63332,39,49,-10,10
63333,80,123,-43,43
63334,69,68,1,1
63335,109,113,-4,4
63336,112,121,-9,9
63337,127,138,-11,11
63338,87,92,-5,5
63339,60,139,-79,79
63340,67,75,-8,8
63341,151,130,21,21
63342,115,115,0,0
63343,86,87,-1,1
63344,97,92,5,5
63345,128,123,5,5
63346,137,131,6,6
63347,102,108,-6,6
63348,76,79,-3,3
63349,33,33,0,0
63350,89,90,-1,1
63351,68,65,3,3
63352,55,60,-5,5
63353,104,112,-8,8
63354,98,109,-11,11
63355,67,68,-1,1
63356,103,67,36,36
63357,87,97,-10,10
63358,92,92,0,0
63359,97,97,0,0
63360,144,142,2,2
63361,94,110,-16,16
63362,95,88,7,7
63363,131,115,16,16
63364,102,104,-2,2
63365,132,130,2,2
63366,83,81,2,2
63367,127,133,-6,6
63368,71,74,-3,3
63369,86,85,1,1
63370,202,177,25,25
63371,181,178,3,3
63372,129,131,-2,2
63373,112,115,-3,3
63374,118,131,-13,13
63375,46,46,0,0
63376,120,109,11,11
63377,55,64,-9,9
63378,141,137,4,4
63379,92,91,1,1
63380,137,143,-6,6
63381,59,66,-7,7
63382,192,197,-5,5
63383,144,160,-16,16
63384,91,96,-5,5
63385,111,125,-14,14
63386,52,62,-10,10
63387,135,139,-4,4
63388,43,48,-5,5
63389,138,124,14,14
63390,159,137,22,22
63391,88,96,-8,8
63392,63,66,-3,3
63393,90,96,-6,6
63394,101,94,7,7
63395,72,74,-2,2
63396,64,60,4,4
63397,81,76,5,5
63398,94,92,2,2
63399,125,88,37,37
63400,64,62,2,2
63401,68,66,2,2
63402,77,82,-5,5
63403,125,131,-6,6
63404,68,69,-1,1
63405,131,135,-4,4
63406,72,75,-3,3
63407,113,108,5,5
63408,136,147,-11,11
63409,136,134,2,2
63410,129,121,8,8
63411,118,119,-1,1
63412,79,75,4,4
63413,98,93,5,5
63414,117,125,-8,8
63415,98,113,-15,15
63416,30,46,-16,16
63417,76,57,19,19
63418,87,84,3,3
63419,110,108,2,2
63420,80,80,0,0
63421,48,63,-15,15
63422,120,109,11,11
63423,98,98,0,0
63424,43,54,-11,11
63425,84,84,0,0
63426,62,67,-5,5
63427,165,169,-4,4
63428,56,63,-7,7
63429,85,91,-6,6
63430,109,120,-11,11
63431,149,139,10,10
63432,55,54,1,1
63433,89,95,-6,6
63434,68,76,-8,8
63435,68,73,-5,5
63436,146,146,0,0
63437,112,114,-2,2
63438,104,102,2,2
63439,49,30,19,19
63440,67,63,4,4
63441,70,69,1,1
63442,109,102,7,7
63443,56,56,0,0
63444,148,141,7,7
63445,97,106,-9,9
63446,79,78,1,1
63447,116,117,-1,1
63448,97,102,-5,5
63449,79,77,2,2
63450,74,68,6,6
63451,67,61,6,6
63452,118,113,5,5
63453,72,81,-9,9
63454,128,103,25,25
63455,113,122,-9,9
63456,103,110,-7,7
63457,86,96,-10,10
63458,59,67,-8,8
63459,114,124,-10,10
63460,125,137,-12,12
63461,105,102,3,3
63462,70,75,-5,5
63463,147,118,29,29
63464,90,84,6,6
63465,81,88,-7,7
63466,65,74,-9,9
63467,63,60,3,3
63468,110,108,2,2
63469,108,103,5,5
63470,62,87,-25,25
63471,107,112,-5,5
63472,47,55,-8,8
63473,76,83,-7,7
63474,92,97,-5,5
63475,129,119,10,10
63476,87,88,-1,1
63477,90,86,4,4
63478,75,79,-4,4
63479,69,80,-11,11
63480,61,62,-1,1
63481,76,72,4,4
63482,49,55,-6,6
63483,133,128,5,5
63484,147,157,-10,10
63485,115,95,20,20
63486,88,96,-8,8
63487,70,68,2,2
63488,77,80,-3,3
63489,64,65,-1,1
63490,182,158,24,24
63491,103,100,3,3
63492,91,88,3,3
63493,104,103,1,1
63494,67,65,2,2
63495,90,100,-10,10
63496,81,87,-6,6
63497,140,149,-9,9
63498,64,76,-12,12
63499,132,136,-4,4
63500,64,63,1,1
63501,117,112,5,5
63502,86,99,-13,13
63503,216,196,20,20
63504,129,131,-2,2
63505,107,111,-4,4
63506,114,121,-7,7
63507,99,97,2,2
63508,232,208,24,24
63509,81,87,-6,6
63510,117,122,-5,5
63511,142,148,-6,6
63512,33,34,-1,1
63513,80,91,-11,11
63514,95,92,3,3
63515,84,82,2,2
63516,111,115,-4,4
63517,53,60,-7,7
63518,47,57,-10,10
63519,80,85,-5,5
63520,81,81,0,0
63521,74,72,2,2
63522,49,56,-7,7
63523,124,120,4,4
63524,98,103,-5,5
63525,155,153,2,2
63526,58,68,-10,10
63527,111,118,-7,7
63528,99,117,-18,18
63529,124,121,3,3
63530,62,48,14,14
63531,55,170,-115,115
63532,72,71,1,1
63533,62,62,0,0
63534,74,72,2,2
63535,76,65,11,11
63536,102,89,13,13
63537,87,86,1,1
63538,136,122,14,14
63539,89,84,5,5
63540,68,67,1,1
63541,67,64,3,3
63542,97,99,-2,2
63543,123,128,-5,5
63544,170,155,15,15
63545,120,126,-6,6
63546,110,120,-10,10
63547,100,108,-8,8
63548,37,42,-5,5
63549,84,80,4,4
63550,62,63,-1,1
63551,145,146,-1,1
63552,106,113,-7,7
63553,115,110,5,5
63554,126,132,-6,6
63555,141,147,-6,6
63556,92,86,6,6
63557,110,115,-5,5
63558,59,69,-10,10
63559,90,83,7,7
63560,77,77,0,0
63561,70,77,-7,7
63562,77,74,3,3
63563,79,71,8,8
63564,154,153,1,1
63565,137,126,11,11
63566,106,120,-14,14
63567,116,112,4,4
63568,119,110,9,9
63569,65,60,5,5
63570,139,122,17,17
63571,145,127,18,18
63572,141,136,5,5
63573,119,112,7,7
63574,70,74,-4,4
63575,78,75,3,3
63576,75,77,-2,2
63577,100,99,1,1
63578,163,152,11,11
63579,162,164,-2,2
63580,153,142,11,11
63581,94,97,-3,3
63582,74,76,-2,2
63583,88,94,-6,6
63584,67,76,-9,9
63585,100,110,-10,10
63586,117,126,-9,9
63587,80,80,0,0
63588,95,88,7,7
63589,77,81,-4,4
63590,121,120,1,1
63591,141,137,4,4
63592,83,79,4,4
63593,55,56,-1,1
63594,87,85,2,2
63595,76,86,-10,10
63596,116,96,20,20
63597,162,187,-25,25
63598,114,119,-5,5
63599,79,70,9,9
63600,117,122,-5,5
63601,54,55,-1,1
63602,87,89,-2,2
63603,124,120,4,4
63604,101,102,-1,1
63605,53,55,-2,2
63606,133,123,10,10
63607,75,92,-17,17
63608,78,88,-10,10
63609,69,89,-20,20
63610,40,48,-8,8
63611,84,85,-1,1
63612,94,96,-2,2
63613,75,72,3,3
63614,95,97,-2,2
63615,82,90,-8,8
63616,75,73,2,2
63617,141,111,30,30
63618,98,102,-4,4
63619,101,111,-10,10
63620,49,52,-3,3
63621,45,37,8,8
63622,94,98,-4,4
63623,132,114,18,18
63624,122,112,10,10
63625,96,90,6,6
63626,89,81,8,8
63627,114,126,-12,12
63628,112,103,9,9
63629,55,57,-2,2
63630,63,67,-4,4
63631,133,125,8,8
63632,71,78,-7,7
63633,81,67,14,14
63634,104,114,-10,10
63635,97,85,12,12
63636,103,110,-7,7
63637,110,99,11,11
63638,91,97,-6,6
63639,60,66,-6,6
63640,58,66,-8,8
63641,91,89,2,2
63642,69,73,-4,4
63643,75,87,-12,12
63644,175,183,-8,8
63645,62,71,-9,9
63646,121,128,-7,7
63647,64,66,-2,2
63648,103,100,3,3
63649,109,63,46,46
63650,111,102,9,9
63651,87,83,4,4
63652,146,143,3,3
63653,68,66,2,2
63654,69,76,-7,7
63655,79,83,-4,4
63656,111,84,27,27
63657,72,68,4,4
63658,110,103,7,7
63659,106,105,1,1
63660,112,104,8,8
63661,85,76,9,9
63662,153,161,-8,8
63663,102,88,14,14
63664,75,77,-2,2
63665,123,115,8,8
63666,80,101,-21,21
63667,81,80,1,1
63668,76,74,2,2
63669,107,103,4,4
63670,163,172,-9,9
63671,75,83,-8,8
63672,83,80,3,3
63673,72,69,3,3
63674,73,78,-5,5
63675,47,59,-12,12
63676,127,120,7,7
63677,31,34,-3,3
63678,88,84,4,4
63679,131,122,9,9
63680,140,160,-20,20
63681,172,165,7,7
63682,86,83,3,3
63683,137,134,3,3
63684,108,111,-3,3
63685,67,66,1,1
63686,157,170,-13,13
63687,42,60,-18,18
63688,81,88,-7,7
63689,96,87,9,9
63690,189,171,18,18
63691,97,112,-15,15
63692,82,93,-11,11
63693,105,98,7,7
63694,107,98,9,9
63695,81,87,-6,6
63696,44,48,-4,4
63697,93,86,7,7
63698,63,66,-3,3
63699,46,97,-51,51
63700,128,130,-2,2
63701,133,157,-24,24
63702,40,45,-5,5
63703,119,114,5,5
63704,100,90,10,10
63705,96,99,-3,3
63706,84,89,-5,5
63707,188,183,5,5
63708,66,67,-1,1
63709,145,150,-5,5
63710,50,66,-16,16
63711,74,77,-3,3
63712,82,85,-3,3
63713,92,77,15,15
63714,131,133,-2,2
63715,69,68,1,1
63716,97,90,7,7
63717,137,131,6,6
63718,98,102,-4,4
63719,67,73,-6,6
63720,107,107,0,0
63721,49,52,-3,3
63722,76,77,-1,1
63723,66,68,-2,2
63724,170,145,25,25
63725,101,107,-6,6
63726,95,87,8,8
63727,76,52,24,24
63728,82,102,-20,20
63729,84,89,-5,5
63730,106,101,5,5
63731,64,82,-18,18
63732,91,92,-1,1
63733,86,87,-1,1
63734,54,57,-3,3
63735,82,90,-8,8
63736,89,87,2,2
63737,97,92,5,5
63738,161,137,24,24
63739,48,47,1,1
63740,109,107,2,2
63741,159,149,10,10
63742,106,114,-8,8
63743,181,163,18,18
63744,129,133,-4,4
63745,101,107,-6,6
63746,114,113,1,1
63747,126,122,4,4
63748,168,151,17,17
63749,95,106,-11,11
63750,80,81,-1,1
63751,96,99,-3,3
63752,35,48,-13,13
63753,73,72,1,1
63754,89,87,2,2
63755,107,105,2,2
63756,88,96,-8,8
63757,92,96,-4,4
63758,91,71,20,20
63759,91,83,8,8
63760,120,136,-16,16
63761,82,79,3,3
63762,80,84,-4,4
63763,55,56,-1,1
63764,76,68,8,8
63765,72,70,2,2
63766,105,104,1,1
63767,113,125,-12,12
63768,67,72,-5,5
63769,101,109,-8,8
63770,80,59,21,21
63771,80,82,-2,2
63772,96,90,6,6
63773,71,40,31,31
63774,148,157,-9,9
63775,72,73,-1,1
63776,127,126,1,1
63777,75,77,-2,2
63778,83,84,-1,1
63779,90,84,6,6
63780,86,98,-12,12
63781,75,68,7,7
63782,72,69,3,3
63783,70,66,4,4
63784,105,97,8,8
63785,41,42,-1,1
63786,68,75,-7,7
63787,86,88,-2,2
63788,64,61,3,3
63789,86,95,-9,9
63790,51,63,-12,12
63791,124,104,20,20
63792,88,96,-8,8
63793,93,92,1,1
63794,54,67,-13,13
63795,71,64,7,7
63796,132,143,-11,11
63797,101,92,9,9
63798,172,168,4,4
63799,176,167,9,9
63800,173,174,-1,1
63801,130,134,-4,4
63802,79,75,4,4
63803,102,102,0,0
63804,133,140,-7,7
63805,90,72,18,18
63806,102,99,3,3
63807,65,68,-3,3
63808,128,125,3,3
63809,159,136,23,23
63810,57,55,2,2
63811,171,168,3,3
63812,66,78,-12,12
63813,165,151,14,14
63814,51,60,-9,9
63815,111,109,2,2
63816,211,170,41,41
63817,89,81,8,8
63818,74,79,-5,5
63819,86,100,-14,14
63820,129,110,19,19
63821,67,68,-1,1
63822,112,103,9,9
63823,102,85,17,17
63824,76,71,5,5
63825,67,79,-12,12
63826,96,93,3,3
63827,115,117,-2,2
63828,95,101,-6,6
63829,129,126,3,3
63830,78,73,5,5
63831,58,66,-8,8
63832,93,86,7,7
63833,53,54,-1,1
63834,62,64,-2,2
63835,89,81,8,8
63836,110,117,-7,7
63837,109,124,-15,15
63838,34,55,-21,21
63839,94,80,14,14
63840,54,58,-4,4
63841,111,112,-1,1
63842,128,135,-7,7
63843,141,128,13,13
63844,92,90,2,2
63845,102,90,12,12
63846,94,100,-6,6
63847,130,127,3,3
63848,93,92,1,1
63849,86,76,10,10
63850,102,99,3,3
63851,137,128,9,9
63852,55,54,1,1
63853,118,119,-1,1
63854,121,110,11,11
63855,155,145,10,10
63856,71,76,-5,5
63857,140,131,9,9
63858,64,78,-14,14
63859,110,116,-6,6
63860,119,122,-3,3
63861,55,57,-2,2
63862,80,84,-4,4
63863,142,127,15,15
63864,44,58,-14,14
63865,111,118,-7,7
63866,113,111,2,2
63867,146,133,13,13
63868,169,161,8,8
63869,129,132,-3,3
63870,76,84,-8,8
63871,67,65,2,2
63872,75,63,12,12
63873,68,73,-5,5
63874,74,79,-5,5
63875,80,77,3,3
63876,33,44,-11,11
63877,91,84,7,7
63878,75,78,-3,3
63879,94,89,5,5
63880,142,118,24,24
63881,50,113,-63,63
63882,193,196,-3,3
63883,81,86,-5,5
63884,111,99,12,12
63885,130,119,11,11
63886,51,59,-8,8
63887,73,74,-1,1
63888,136,138,-2,2
63889,94,102,-8,8
63890,111,101,10,10
63891,119,105,14,14
63892,101,88,13,13
63893,79,73,6,6
63894,92,91,1,1
63895,84,73,11,11
63896,48,52,-4,4
63897,105,102,3,3
63898,87,76,11,11
63899,91,97,-6,6
63900,78,71,7,7
63901,136,153,-17,17
63902,123,133,-10,10
63903,130,127,3,3
63904,126,117,9,9
63905,84,93,-9,9
63906,122,126,-4,4
63907,124,125,-1,1
63908,117,110,7,7
63909,49,54,-5,5
63910,63,63,0,0
63911,64,66,-2,2
63912,57,58,-1,1
63913,37,53,-16,16
63914,38,49,-11,11
63915,56,57,-1,1
63916,137,132,5,5
63917,109,119,-10,10
63918,158,159,-1,1
63919,112,124,-12,12
63920,96,95,1,1
63921,99,102,-3,3
63922,68,71,-3,3
63923,94,100,-6,6
63924,118,105,13,13
63925,80,86,-6,6
63926,78,93,-15,15
63927,94,84,10,10
63928,172,167,5,5
63929,39,50,-11,11
63930,62,78,-16,16
63931,152,132,20,20
63932,120,108,12,12
63933,90,84,6,6
63934,105,99,6,6
63935,80,81,-1,1
63936,58,66,-8,8
63937,51,58,-7,7
63938,90,95,-5,5
63939,107,105,2,2
63940,71,76,-5,5
63941,61,63,-2,2
63942,111,131,-20,20
63943,88,96,-8,8
63944,56,67,-11,11
63945,93,92,1,1
63946,106,106,0,0
63947,96,90,6,6
63948,81,90,-9,9
63949,63,63,0,0
63950,112,120,-8,8
63951,120,118,2,2
63952,59,60,-1,1
63953,103,88,15,15
63954,50,61,-11,11
63955,115,101,14,14
63956,54,69,-15,15
63957,71,65,6,6
63958,59,61,-2,2
63959,115,116,-1,1
63960,47,57,-10,10
63961,100,105,-5,5
63962,77,61,16,16
63963,195,177,18,18
63964,118,116,2,2
63965,90,91,-1,1
63966,101,117,-16,16
63967,141,135,6,6
63968,153,142,11,11
63969,72,82,-10,10
63970,76,78,-2,2
63971,141,128,13,13
63972,168,169,-1,1
63973,189,160,29,29
63974,52,59,-7,7
63975,90,89,1,1
63976,81,90,-9,9
63977,54,56,-2,2
63978,128,120,8,8
63979,86,91,-5,5
63980,65,70,-5,5
63981,53,52,1,1
63982,57,67,-10,10
63983,90,71,19,19
63984,73,82,-9,9
63985,75,90,-15,15
63986,85,78,7,7
63987,143,144,-1,1
63988,44,56,-12,12
63989,81,75,6,6
63990,76,70,6,6
63991,126,132,-6,6
63992,46,57,-11,11
63993,139,128,11,11
63994,154,151,3,3
63995,161,170,-9,9
63996,59,55,4,4
63997,78,85,-7,7
63998,85,88,-3,3
63999,48,68,-20,20
64000,71,72,-1,1
64001,79,79,0,0
64002,65,68,-3,3
64003,78,84,-6,6
64004,117,124,-7,7
64005,51,58,-7,7
64006,153,94,59,59
64007,118,131,-13,13
64008,66,59,7,7
64009,75,79,-4,4
64010,102,109,-7,7
64011,85,86,-1,1
64012,64,68,-4,4
64013,95,107,-12,12
64014,160,132,28,28
64015,94,95,-1,1
64016,68,76,-8,8
64017,180,174,6,6
64018,52,67,-15,15
64019,106,115,-9,9
64020,85,86,-1,1
64021,115,139,-24,24
64022,57,57,0,0
64023,104,104,0,0
64024,53,60,-7,7
64025,79,70,9,9
64026,68,76,-8,8
64027,86,81,5,5
64028,121,106,15,15
64029,54,56,-2,2
64030,74,69,5,5
64031,122,139,-17,17
64032,67,52,15,15
64033,128,136,-8,8
64034,56,66,-10,10
64035,146,157,-11,11
64036,111,113,-2,2
64037,86,95,-9,9
64038,96,93,3,3
64039,144,161,-17,17
64040,73,75,-2,2
64041,50,54,-4,4
64042,179,173,6,6
64043,83,79,4,4
64044,62,70,-8,8
64045,103,116,-13,13
64046,101,99,2,2
64047,59,67,-8,8
64048,74,67,7,7
64049,72,63,9,9
64050,75,81,-6,6
64051,109,110,-1,1
64052,102,81,21,21
64053,143,121,22,22
64054,83,93,-10,10
64055,156,149,7,7
64056,124,108,16,16
64057,80,84,-4,4
64058,161,139,22,22
64059,54,62,-8,8
64060,75,99,-24,24
64061,155,115,40,40
64062,117,106,11,11
64063,130,131,-1,1
64064,225,172,53,53
64065,94,91,3,3
64066,63,62,1,1
64067,72,70,2,2
64068,179,179,0,0
64069,141,138,3,3
64070,82,78,4,4
64071,62,59,3,3
64072,122,140,-18,18
64073,79,79,0,0
64074,93,87,6,6
64075,137,151,-14,14
64076,110,117,-7,7
64077,137,147,-10,10
64078,84,77,7,7
64079,64,64,0,0
64080,64,57,7,7
64081,56,61,-5,5
64082,70,83,-13,13
64083,76,77,-1,1
64084,118,109,9,9
64085,88,85,3,3
64086,81,76,5,5
64087,129,134,-5,5
64088,64,72,-8,8
64089,97,90,7,7
64090,123,124,-1,1
64091,86,77,9,9
64092,97,98,-1,1
64093,115,118,-3,3
64094,96,95,1,1
64095,77,79,-2,2
64096,168,187,-19,19
64097,51,58,-7,7
64098,90,86,4,4
64099,56,72,-16,16
64100,71,79,-8,8
64101,107,119,-12,12
64102,94,91,3,3
64103,46,56,-10,10
64104,118,104,14,14
64105,129,128,1,1
64106,106,114,-8,8
64107,81,92,-11,11
64108,82,85,-3,3
64109,56,54,2,2
64110,79,81,-2,2
64111,71,78,-7,7
64112,148,153,-5,5
64113,205,198,7,7
64114,142,131,11,11
64115,85,78,7,7
64116,47,57,-10,10
64117,91,83,8,8
64118,108,105,3,3
64119,73,67,6,6
64120,102,108,-6,6
64121,129,142,-13,13
64122,130,150,-20,20
64123,103,98,5,5
64124,70,90,-20,20
64125,90,87,3,3
64126,118,139,-21,21
64127,85,83,2,2
64128,63,70,-7,7
64129,62,61,1,1
64130,93,90,3,3
64131,66,111,-45,45
64132,57,64,-7,7
64133,43,64,-21,21
64134,104,103,1,1
64135,131,125,6,6
64136,88,86,2,2
64137,79,84,-5,5
64138,83,74,9,9
64139,77,76,1,1
64140,82,92,-10,10
64141,109,111,-2,2
64142,118,112,6,6
64143,134,138,-4,4
64144,124,130,-6,6
64145,105,108,-3,3
64146,102,99,3,3
64147,109,99,10,10
64148,100,102,-2,2
64149,84,77,7,7
64150,88,91,-3,3
64151,86,89,-3,3
64152,92,90,2,2
64153,125,123,2,2
64154,70,67,3,3
64155,167,149,18,18
64156,151,141,10,10
64157,80,71,9,9
64158,125,114,11,11
64159,140,151,-11,11
64160,101,98,3,3
64161,68,64,4,4
64162,48,58,-10,10
64163,105,98,7,7
64164,72,72,0,0
64165,73,82,-9,9
64166,139,138,1,1
64167,88,89,-1,1
64168,65,109,-44,44
64169,100,101,-1,1
64170,150,146,4,4
64171,116,107,9,9
64172,64,65,-1,1
64173,115,109,6,6
64174,58,64,-6,6
64175,132,137,-5,5
64176,91,84,7,7
64177,75,70,5,5
64178,98,108,-10,10
64179,109,109,0,0
64180,115,111,4,4
64181,86,100,-14,14
64182,100,91,9,9
64183,77,77,0,0
64184,156,153,3,3
64185,63,59,4,4
64186,81,83,-2,2
64187,95,101,-6,6
64188,70,70,0,0
64189,100,101,-1,1
64190,92,89,3,3
64191,150,150,0,0
64192,99,106,-7,7
64193,133,135,-2,2
64194,46,54,-8,8
64195,99,91,8,8
64196,128,121,7,7
64197,77,83,-6,6
64198,77,74,3,3
64199,62,75,-13,13
64200,175,159,16,16
64201,183,191,-8,8
64202,80,79,1,1
64203,124,134,-10,10
64204,116,121,-5,5
64205,140,141,-1,1
64206,74,70,4,4
64207,104,122,-18,18
64208,43,55,-12,12
64209,191,178,13,13
64210,245,213,32,32
64211,94,92,2,2
64212,110,95,15,15
64213,86,88,-2,2
64214,49,58,-9,9
64215,116,121,-5,5
64216,58,57,1,1
64217,51,97,-46,46
64218,96,98,-2,2
64219,73,82,-9,9
64220,100,113,-13,13
64221,83,145,-62,62
64222,130,134,-4,4
64223,64,74,-10,10
64224,77,71,6,6
64225,126,131,-5,5
64226,52,55,-3,3
64227,84,79,5,5
64228,69,76,-7,7
64229,107,114,-7,7
64230,104,97,7,7
64231,55,59,-4,4
64232,87,101,-14,14
64233,88,88,0,0
64234,147,154,-7,7
64235,122,105,17,17
64236,120,108,12,12
64237,166,156,10,10
64238,80,88,-8,8
64239,122,131,-9,9
64240,43,49,-6,6
64241,121,117,4,4
64242,70,77,-7,7
64243,101,102,-1,1
64244,57,63,-6,6
64245,100,94,6,6
64246,52,64,-12,12
64247,69,75,-6,6
64248,52,51,1,1
64249,60,66,-6,6
64250,74,79,-5,5
64251,92,96,-4,4
64252,47,57,-10,10
64253,91,74,17,17
64254,72,82,-10,10
64255,45,47,-2,2
64256,70,82,-12,12
64257,119,113,6,6
64258,113,107,6,6
64259,51,57,-6,6
64260,56,61,-5,5
64261,95,91,4,4
64262,82,96,-14,14
64263,79,77,2,2
64264,70,73,-3,3
64265,78,86,-8,8
64266,94,92,2,2
64267,68,69,-1,1
64268,87,91,-4,4
64269,164,198,-34,34
64270,101,91,10,10
64271,145,139,6,6
64272,50,53,-3,3
64273,65,87,-22,22
64274,108,100,8,8
64275,77,69,8,8
64276,153,147,6,6
64277,113,112,1,1
64278,181,155,26,26
64279,52,57,-5,5
64280,96,101,-5,5
64281,139,130,9,9
64282,91,90,1,1
64283,73,81,-8,8
64284,77,76,1,1
64285,71,70,1,1
64286,51,59,-8,8
64287,90,88,2,2
64288,68,63,5,5
64289,73,78,-5,5
64290,94,103,-9,9
64291,69,70,-1,1
64292,90,97,-7,7
64293,154,160,-6,6
64294,163,153,10,10
64295,74,80,-6,6
64296,55,57,-2,2
64297,73,78,-5,5
64298,33,38,-5,5
64299,154,148,6,6
64300,70,55,15,15
64301,72,75,-3,3
64302,96,95,1,1
64303,117,131,-14,14
64304,127,108,19,19
64305,84,88,-4,4
64306,99,107,-8,8
64307,72,84,-12,12
64308,144,135,9,9
64309,74,80,-6,6
64310,75,73,2,2
64311,89,90,-1,1
64312,122,111,11,11
64313,165,164,1,1
64314,45,58,-13,13
64315,82,88,-6,6
64316,84,82,2,2
64317,166,162,4,4
64318,140,119,21,21
64319,96,109,-13,13
64320,73,69,4,4
64321,200,195,5,5
64322,113,97,16,16
64323,137,135,2,2
64324,87,88,-1,1
64325,127,126,1,1
64326,74,66,8,8
64327,89,84,5,5
64328,128,135,-7,7
64329,73,76,-3,3
64330,53,56,-3,3
64331,26,53,-27,27
64332,104,93,11,11
64333,91,89,2,2
64334,157,155,2,2
64335,93,90,3,3
64336,125,131,-6,6
64337,66,61,5,5
64338,125,129,-4,4
64339,144,124,20,20
64340,106,99,7,7
64341,129,119,10,10
64342,86,92,-6,6
64343,188,165,23,23
64344,142,138,4,4
64345,54,51,3,3
64346,185,167,18,18
64347,152,145,7,7
64348,55,59,-4,4
64349,74,79,-5,5
64350,132,143,-11,11
64351,80,77,3,3
64352,77,76,1,1
64353,67,65,2,2
64354,71,73,-2,2
64355,129,105,24,24
64356,116,115,1,1
64357,97,98,-1,1
64358,39,36,3,3
64359,44,56,-12,12
64360,73,75,-2,2
64361,78,74,4,4
64362,68,69,-1,1
64363,57,59,-2,2
64364,97,80,17,17
64365,77,79,-2,2
64366,159,169,-10,10
64367,144,131,13,13
64368,58,64,-6,6
64369,74,78,-4,4
64370,47,48,-1,1
64371,86,84,2,2
64372,95,81,14,14
64373,74,70,4,4
64374,84,103,-19,19
64375,175,177,-2,2
64376,47,50,-3,3
64377,110,104,6,6
64378,181,177,4,4
64379,117,103,14,14
64380,77,68,9,9
64381,88,80,8,8
64382,84,98,-14,14
64383,56,60,-4,4
64384,49,75,-26,26
64385,75,79,-4,4
64386,58,62,-4,4
64387,110,117,-7,7
64388,80,87,-7,7
64389,120,127,-7,7
64390,79,101,-22,22
64391,107,116,-9,9
64392,79,86,-7,7
64393,69,60,9,9
64394,36,46,-10,10
64395,106,103,3,3
64396,64,61,3,3
64397,91,90,1,1
64398,70,76,-6,6
64399,69,67,2,2
64400,75,78,-3,3
64401,54,62,-8,8
64402,69,74,-5,5
64403,105,124,-19,19
64404,67,73,-6,6
64405,28,42,-14,14
64406,57,61,-4,4
64407,46,50,-4,4
64408,52,59,-7,7
64409,122,126,-4,4
64410,101,105,-4,4
64411,129,118,11,11
64412,143,151,-8,8
64413,193,181,12,12
64414,55,60,-5,5
64415,92,95,-3,3
64416,107,92,15,15
64417,137,122,15,15
64418,100,103,-3,3
64419,61,87,-26,26
64420,113,99,14,14
64421,112,105,7,7
64422,78,67,11,11
64423,82,92,-10,10
64424,58,67,-9,9
64425,65,58,7,7
64426,52,61,-9,9
64427,106,102,4,4
64428,47,46,1,1
64429,72,86,-14,14
64430,75,76,-1,1
64431,135,142,-7,7
64432,87,94,-7,7
64433,175,156,19,19
64434,99,95,4,4
64435,50,58,-8,8
64436,90,88,2,2
64437,83,89,-6,6
64438,68,72,-4,4
64439,85,82,3,3
64440,73,75,-2,2
64441,58,69,-11,11
64442,78,81,-3,3
64443,89,102,-13,13
64444,49,50,-1,1
64445,73,68,5,5
64446,108,72,36,36
64447,60,64,-4,4
64448,142,152,-10,10
64449,217,207,10,10
64450,57,57,0,0
64451,61,61,0,0
64452,82,75,7,7
64453,73,77,-4,4
64454,108,117,-9,9
64455,139,157,-18,18
64456,80,78,2,2
64457,218,214,4,4
64458,119,111,8,8
64459,105,100,5,5
64460,57,62,-5,5
64461,106,126,-20,20
64462,74,82,-8,8
64463,77,88,-11,11
64464,143,133,10,10
64465,103,96,7,7
64466,120,121,-1,1
64467,124,105,19,19
64468,112,109,3,3
64469,105,105,0,0
64470,144,133,11,11
64471,97,92,5,5
64472,65,62,3,3
64473,74,68,6,6
64474,55,55,0,0
64475,80,84,-4,4
64476,115,117,-2,2
64477,145,143,2,2
64478,103,113,-10,10
64479,132,129,3,3
64480,46,48,-2,2
64481,59,62,-3,3
64482,83,81,2,2
64483,150,124,26,26
64484,182,176,6,6
64485,44,57,-13,13
64486,64,70,-6,6
64487,53,55,-2,2
64488,78,88,-10,10
64489,112,127,-15,15
64490,109,110,-1,1
64491,95,101,-6,6
64492,62,101,-39,39
64493,57,59,-2,2
64494,130,126,4,4
64495,101,106,-5,5
64496,135,137,-2,2
64497,100,118,-18,18
64498,107,119,-12,12
64499,97,97,0,0
64500,79,74,5,5
64501,80,81,-1,1
64502,94,72,22,22
64503,122,109,13,13
64504,57,56,1,1
64505,58,63,-5,5
64506,76,80,-4,4
64507,144,138,6,6
64508,51,51,0,0
64509,54,62,-8,8
64510,85,86,-1,1
64511,61,62,-1,1
64512,148,120,28,28
64513,33,44,-11,11
64514,99,77,22,22
64515,117,105,12,12
64516,82,84,-2,2
64517,54,76,-22,22
64518,144,136,8,8
64519,141,125,16,16
64520,80,91,-11,11
64521,203,184,19,19
64522,93,93,0,0
64523,65,52,13,13
64524,61,54,7,7
64525,139,140,-1,1
64526,84,93,-9,9
64527,72,82,-10,10
64528,68,75,-7,7
64529,56,67,-11,11
64530,101,100,1,1
64531,63,71,-8,8
64532,94,100,-6,6
64533,120,140,-20,20
64534,113,111,2,2
64535,32,40,-8,8
64536,94,109,-15,15
64537,116,117,-1,1
64538,101,95,6,6
64539,57,64,-7,7
64540,144,138,6,6
64541,76,74,2,2
64542,94,92,2,2
64543,80,90,-10,10
64544,100,113,-13,13
64545,150,129,21,21
64546,85,84,1,1
64547,77,77,0,0
64548,75,76,-1,1
64549,170,161,9,9
64550,138,144,-6,6
64551,74,74,0,0
64552,83,82,1,1
64553,193,194,-1,1
64554,95,86,9,9
64555,132,129,3,3
64556,69,74,-5,5
64557,120,142,-22,22
64558,102,99,3,3
64559,87,77,10,10
64560,133,117,16,16
64561,106,103,3,3
64562,90,92,-2,2
64563,61,59,2,2
64564,87,79,8,8
64565,130,117,13,13
64566,77,76,1,1
64567,80,98,-18,18
64568,95,82,13,13
64569,64,66,-2,2
64570,57,61,-4,4
64571,70,70,0,0
64572,111,114,-3,3
64573,54,61,-7,7
64574,142,171,-29,29
64575,52,62,-10,10
64576,47,55,-8,8
64577,133,147,-14,14
64578,140,143,-3,3
64579,60,64,-4,4
64580,186,148,38,38
64581,77,83,-6,6
64582,101,91,10,10
64583,59,59,0,0
64584,121,129,-8,8
64585,104,103,1,1
64586,155,140,15,15
64587,83,81,2,2
64588,77,79,-2,2
64589,123,109,14,14
64590,59,61,-2,2
64591,105,97,8,8
64592,75,82,-7,7
64593,116,113,3,3
64594,72,77,-5,5
64595,149,160,-11,11
64596,119,119,0,0
64597,63,65,-2,2
64598,87,83,4,4
64599,137,135,2,2
64600,82,76,6,6
64601,125,126,-1,1
64602,36,41,-5,5
64603,67,68,-1,1
64604,116,121,-5,5
64605,155,139,16,16
64606,103,86,17,17
64607,104,98,6,6
64608,143,142,1,1
64609,123,118,5,5
64610,121,123,-2,2
64611,87,70,17,17
64612,72,80,-8,8
64613,49,68,-19,19
64614,69,83,-14,14
64615,72,96,-24,24
64616,116,96,20,20
64617,138,140,-2,2
64618,97,89,8,8
64619,63,60,3,3
64620,109,103,6,6
64621,80,86,-6,6
64622,96,90,6,6
64623,98,91,7,7
64624,101,102,-1,1
64625,143,139,4,4
64626,90,88,2,2
64627,85,81,4,4
64628,120,113,7,7
64629,65,61,4,4
64630,161,140,21,21
64631,124,112,12,12
64632,103,98,5,5
64633,99,103,-4,4
64634,121,115,6,6
64635,122,116,6,6
64636,104,97,7,7
64637,160,161,-1,1
64638,109,86,23,23
64639,63,77,-14,14
64640,112,120,-8,8
64641,88,87,1,1
64642,88,89,-1,1
64643,101,119,-18,18
64644,50,54,-4,4
64645,170,183,-13,13
64646,64,74,-10,10
64647,102,109,-7,7
64648,93,96,-3,3
64649,132,123,9,9
64650,75,88,-13,13
64651,84,81,3,3
64652,60,69,-9,9
64653,103,115,-12,12
64654,58,54,4,4
64655,153,148,5,5
64656,135,126,9,9
64657,62,71,-9,9
64658,162,148,14,14
64659,74,83,-9,9
64660,90,82,8,8
64661,127,129,-2,2
64662,97,99,-2,2
64663,102,103,-1,1
64664,117,117,0,0
64665,38,47,-9,9
64666,114,102,12,12
64667,45,50,-5,5
64668,100,99,1,1
64669,61,60,1,1
64670,101,102,-1,1
64671,120,138,-18,18
64672,152,144,8,8
64673,84,86,-2,2
64674,100,87,13,13
64675,108,105,3,3
64676,124,144,-20,20
64677,148,163,-15,15
64678,46,55,-9,9
64679,119,127,-8,8
64680,118,112,6,6
64681,52,52,0,0
64682,104,113,-9,9
64683,82,106,-24,24
64684,100,91,9,9
64685,118,126,-8,8
64686,70,80,-10,10
64687,104,95,9,9
64688,141,143,-2,2
64689,97,99,-2,2
64690,24,45,-21,21
64691,192,168,24,24
64692,71,63,8,8
64693,78,95,-17,17
64694,46,56,-10,10
64695,79,89,-10,10
64696,153,174,-21,21
64697,88,97,-9,9
64698,64,74,-10,10
64699,81,77,4,4
64700,81,94,-13,13
64701,105,99,6,6
64702,88,87,1,1
64703,120,121,-1,1
64704,68,70,-2,2
64705,84,84,0,0
64706,121,114,7,7
64707,80,74,6,6
64708,138,136,2,2
64709,90,86,4,4
64710,87,89,-2,2
64711,92,93,-1,1
64712,111,114,-3,3
64713,77,77,0,0
64714,74,76,-2,2
64715,170,129,41,41
64716,77,87,-10,10
64717,117,127,-10,10
64718,151,130,21,21
64719,84,89,-5,5
64720,108,124,-16,16
64721,69,74,-5,5
64722,121,127,-6,6
64723,94,107,-13,13
64724,41,41,0,0
64725,140,125,15,15
64726,76,73,3,3
64727,85,78,7,7
64728,104,116,-12,12
64729,48,57,-9,9
64730,128,119,9,9
64731,68,66,2,2
64732,70,62,8,8
64733,93,87,6,6
64734,69,86,-17,17
64735,56,68,-12,12
64736,96,96,0,0
64737,50,66,-16,16
64738,64,71,-7,7
64739,69,75,-6,6
64740,89,91,-2,2
64741,75,82,-7,7
64742,77,78,-1,1
64743,68,65,3,3
64744,59,90,-31,31
64745,140,131,9,9
64746,79,74,5,5
64747,46,51,-5,5
64748,54,55,-1,1
64749,89,96,-7,7
64750,99,103,-4,4
64751,68,71,-3,3
64752,86,96,-10,10
64753,106,103,3,3
64754,82,89,-7,7
64755,97,130,-33,33
64756,29,53,-24,24
64757,99,84,15,15
64758,119,118,1,1
64759,102,104,-2,2
64760,104,112,-8,8
64761,148,125,23,23
64762,146,131,15,15
64763,107,96,11,11
64764,49,57,-8,8
64765,45,48,-3,3
64766,133,123,10,10
64767,102,109,-7,7
64768,110,119,-9,9
64769,100,101,-1,1
64770,112,108,4,4
64771,59,65,-6,6
64772,73,66,7,7
64773,115,129,-14,14
64774,88,89,-1,1
64775,77,95,-18,18
64776,133,121,12,12
64777,86,87,-1,1
64778,74,68,6,6
64779,125,131,-6,6
64780,97,102,-5,5
64781,71,71,0,0
64782,42,49,-7,7
64783,140,141,-1,1
64784,70,79,-9,9
64785,76,89,-13,13
64786,59,61,-2,2
64787,87,97,-10,10
64788,134,117,17,17
64789,173,154,19,19
64790,47,53,-6,6
64791,112,108,4,4
64792,94,100,-6,6
64793,81,76,5,5
64794,152,150,2,2
64795,56,64,-8,8
64796,72,73,-1,1
64797,82,83,-1,1
64798,68,71,-3,3
64799,87,94,-7,7
64800,116,135,-19,19
64801,49,49,0,0
64802,124,123,1,1
64803,146,139,7,7
64804,151,147,4,4
64805,67,89,-22,22
64806,57,95,-38,38
64807,147,147,0,0
64808,104,108,-4,4
64809,124,131,-7,7
64810,46,55,-9,9
64811,118,123,-5,5
64812,110,106,4,4
64813,82,83,-1,1
64814,97,99,-2,2
64815,104,101,3,3
64816,46,56,-10,10
64817,76,83,-7,7
64818,66,75,-9,9
64819,51,57,-6,6
64820,63,57,6,6
64821,81,82,-1,1
64822,110,113,-3,3
64823,160,168,-8,8
64824,65,66,-1,1
64825,43,55,-12,12
64826,67,141,-74,74
64827,104,102,2,2
64828,83,85,-2,2
64829,57,68,-11,11
64830,139,141,-2,2
64831,78,87,-9,9
64832,68,57,11,11
64833,91,86,5,5
64834,117,120,-3,3
64835,117,117,0,0
64836,110,115,-5,5
64837,67,64,3,3
64838,89,95,-6,6
64839,96,113,-17,17
64840,92,107,-15,15
64841,87,87,0,0
64842,92,83,9,9
64843,59,64,-5,5
64844,66,66,0,0
64845,160,158,2,2
64846,188,167,21,21
64847,96,99,-3,3
64848,75,81,-6,6
64849,140,139,1,1
64850,95,97,-2,2
64851,83,84,-1,1
64852,103,106,-3,3
64853,81,76,5,5
64854,87,93,-6,6
64855,90,92,-2,2
64856,66,67,-1,1
64857,100,98,2,2
64858,75,71,4,4
64859,50,50,0,0
64860,68,76,-8,8
64861,82,76,6,6
64862,72,82,-10,10
64863,56,64,-8,8
64864,113,115,-2,2
64865,41,51,-10,10
64866,56,57,-1,1
64867,92,92,0,0
64868,68,69,-1,1
64869,63,67,-4,4
64870,111,120,-9,9
64871,74,76,-2,2
64872,91,90,1,1
64873,84,144,-60,60
64874,107,125,-18,18
64875,95,93,2,2
64876,80,81,-1,1
64877,125,142,-17,17
64878,57,58,-1,1
64879,115,117,-2,2
64880,117,118,-1,1
64881,71,78,-7,7
64882,72,71,1,1
64883,199,185,14,14
64884,100,101,-1,1
64885,75,68,7,7
64886,78,78,0,0
64887,82,79,3,3
64888,85,88,-3,3
64889,53,58,-5,5
64890,89,91,-2,2
64891,111,108,3,3
64892,58,61,-3,3
64893,74,67,7,7
64894,106,118,-12,12
64895,139,132,7,7
64896,94,93,1,1
64897,66,63,3,3
64898,140,130,10,10
64899,100,112,-12,12
64900,60,60,0,0
64901,118,113,5,5
64902,108,102,6,6
64903,131,129,2,2
64904,141,164,-23,23
64905,107,81,26,26
64906,65,87,-22,22
64907,104,112,-8,8
64908,121,115,6,6
64909,93,114,-21,21
64910,85,89,-4,4
64911,77,78,-1,1
64912,113,105,8,8
64913,44,53,-9,9
64914,110,126,-16,16
64915,75,70,5,5
64916,65,79,-14,14
64917,59,62,-3,3
64918,102,92,10,10
64919,93,110,-17,17
64920,85,82,3,3
64921,57,61,-4,4
64922,129,136,-7,7
64923,45,57,-12,12
64924,60,84,-24,24
64925,89,98,-9,9
64926,93,94,-1,1
64927,104,105,-1,1
64928,55,61,-6,6
64929,83,91,-8,8
64930,137,126,11,11
64931,109,93,16,16
64932,69,64,5,5
64933,110,135,-25,25
64934,119,99,20,20
64935,97,89,8,8
64936,81,78,3,3
64937,104,105,-1,1
64938,71,78,-7,7
64939,50,60,-10,10
64940,136,139,-3,3
64941,70,65,5,5
64942,63,74,-11,11
64943,90,98,-8,8
64944,102,103,-1,1
64945,50,53,-3,3
64946,138,129,9,9
64947,103,118,-15,15
64948,127,124,3,3
64949,129,126,3,3
64950,144,144,0,0
64951,52,66,-14,14
64952,72,81,-9,9
64953,94,90,4,4
64954,77,72,5,5
64955,62,69,-7,7
64956,91,99,-8,8
64957,58,61,-3,3
64958,78,73,5,5
64959,63,65,-2,2
64960,111,99,12,12
64961,87,89,-2,2
64962,85,88,-3,3
64963,224,205,19,19
64964,99,100,-1,1
64965,84,80,4,4
64966,101,103,-2,2
64967,156,145,11,11
64968,50,54,-4,4
64969,82,85,-3,3
64970,190,196,-6,6
64971,127,140,-13,13
64972,61,61,0,0
64973,100,108,-8,8
64974,81,88,-7,7
64975,141,129,12,12
64976,80,81,-1,1
64977,67,69,-2,2
64978,90,94,-4,4
64979,81,74,7,7
64980,55,53,2,2
64981,85,83,2,2
64982,36,41,-5,5
64983,87,80,7,7
64984,73,85,-12,12
64985,90,91,-1,1
64986,69,59,10,10
64987,88,90,-2,2
64988,64,67,-3,3
64989,56,56,0,0
64990,130,111,19,19
64991,59,61,-2,2
64992,140,141,-1,1
64993,129,124,5,5
64994,122,117,5,5
64995,69,68,1,1
64996,65,76,-11,11
64997,103,110,-7,7
64998,36,45,-9,9
64999,193,204,-11,11
65000,123,124,-1,1
65001,77,76,1,1
65002,75,77,-2,2
65003,85,99,-14,14
65004,124,117,7,7
65005,148,157,-9,9
65006,92,101,-9,9
65007,70,50,20,20
65008,129,121,8,8
65009,51,53,-2,2
65010,98,95,3,3
65011,130,127,3,3
65012,134,135,-1,1
65013,89,84,5,5
65014,83,92,-9,9
65015,89,92,-3,3
65016,101,100,1,1
65017,110,95,15,15
65018,68,69,-1,1
65019,68,66,2,2
65020,72,77,-5,5
65021,77,87,-10,10
65022,147,147,0,0
65023,117,119,-2,2
65024,79,102,-23,23
65025,103,111,-8,8
65026,65,72,-7,7
65027,102,102,0,0
65028,66,73,-7,7
65029,101,85,16,16
65030,77,84,-7,7
65031,58,70,-12,12
65032,75,80,-5,5
65033,50,69,-19,19
65034,116,108,8,8
65035,78,74,4,4
65036,111,99,12,12
65037,35,36,-1,1
65038,94,102,-8,8
65039,136,127,9,9
65040,71,75,-4,4
65041,94,112,-18,18
65042,81,79,2,2
65043,54,71,-17,17
65044,94,93,1,1
65045,94,95,-1,1
65046,143,142,1,1
65047,82,90,-8,8
65048,156,152,4,4
65049,81,90,-9,9
65050,169,174,-5,5
65051,104,92,12,12
65052,107,112,-5,5
65053,69,88,-19,19
65054,123,109,14,14
65055,51,59,-8,8
65056,88,94,-6,6
65057,41,52,-11,11
65058,56,64,-8,8
65059,138,151,-13,13
65060,102,114,-12,12
65061,97,85,12,12
65062,124,142,-18,18
65063,124,120,4,4
65064,119,139,-20,20
65065,55,57,-2,2
65066,116,116,0,0
65067,60,60,0,0
65068,134,122,12,12
65069,63,95,-32,32
65070,73,63,10,10
65071,145,135,10,10
65072,111,113,-2,2
65073,110,119,-9,9
65074,194,183,11,11
65075,92,93,-1,1
65076,97,81,16,16
65077,116,118,-2,2
65078,61,57,4,4
65079,150,150,0,0
65080,45,65,-20,20
65081,99,93,6,6
65082,79,85,-6,6
65083,118,121,-3,3
65084,74,72,2,2
65085,108,105,3,3
65086,85,70,15,15
65087,89,83,6,6
65088,107,112,-5,5
65089,165,168,-3,3
65090,84,81,3,3
65091,132,129,3,3
65092,90,87,3,3
65093,144,130,14,14
65094,87,89,-2,2
65095,103,97,6,6
65096,98,104,-6,6
65097,88,94,-6,6
65098,125,123,2,2
65099,112,101,11,11
65100,51,57,-6,6
65101,105,103,2,2
65102,149,133,16,16
65103,109,106,3,3
65104,74,75,-1,1
65105,83,92,-9,9
65106,85,84,1,1
65107,75,68,7,7
65108,78,87,-9,9
65109,67,76,-9,9
65110,48,52,-4,4
65111,109,92,17,17
65112,92,91,1,1
65113,90,96,-6,6
65114,90,95,-5,5
65115,98,95,3,3
65116,76,78,-2,2
65117,83,85,-2,2
65118,148,150,-2,2
65119,99,100,-1,1
65120,68,71,-3,3
65121,79,81,-2,2
65122,98,108,-10,10
65123,194,173,21,21
65124,90,83,7,7
65125,70,66,4,4
65126,88,84,4,4
65127,66,62,4,4
65128,81,51,30,30
65129,122,116,6,6
65130,96,102,-6,6
65131,69,72,-3,3
65132,113,100,13,13
65133,61,68,-7,7
65134,101,89,12,12
65135,178,184,-6,6
65136,111,112,-1,1
65137,81,86,-5,5
65138,147,165,-18,18
65139,121,118,3,3
65140,78,83,-5,5
65141,86,87,-1,1
65142,54,57,-3,3
65143,46,52,-6,6
65144,62,71,-9,9
65145,94,112,-18,18
65146,101,99,2,2
65147,60,66,-6,6
65148,72,68,4,4
65149,75,88,-13,13
65150,148,143,5,5
65151,123,119,4,4
65152,81,87,-6,6
65153,126,123,3,3
65154,163,159,4,4
65155,105,102,3,3
65156,85,85,0,0
65157,102,103,-1,1
65158,89,91,-2,2
65159,123,127,-4,4
65160,62,63,-1,1
65161,78,84,-6,6
65162,98,96,2,2
65163,68,65,3,3
65164,99,103,-4,4
65165,112,102,10,10
65166,89,89,0,0
65167,89,97,-8,8
65168,83,80,3,3
65169,119,119,0,0
65170,92,115,-23,23
65171,77,87,-10,10
65172,74,68,6,6
65173,115,128,-13,13
65174,107,100,7,7
65175,98,93,5,5
65176,136,135,1,1
65177,42,51,-9,9
65178,119,118,1,1
65179,119,127,-8,8
65180,109,108,1,1
65181,113,116,-3,3
65182,164,156,8,8
65183,86,80,6,6
65184,97,96,1,1
65185,112,101,11,11
65186,124,133,-9,9
65187,84,102,-18,18
65188,77,78,-1,1
65189,87,92,-5,5
65190,52,58,-6,6
65191,112,113,-1,1
65192,78,69,9,9
65193,93,89,4,4
65194,115,126,-11,11
65195,76,77,-1,1
65196,209,192,17,17
65197,41,44,-3,3
65198,115,121,-6,6
65199,155,140,15,15
65200,53,60,-7,7
65201,72,73,-1,1
65202,110,87,23,23
65203,91,94,-3,3
65204,99,101,-2,2
65205,88,97,-9,9
65206,100,108,-8,8
65207,73,81,-8,8
65208,70,67,3,3
65209,126,129,-3,3
65210,102,105,-3,3
65211,97,92,5,5
65212,60,69,-9,9
65213,44,43,1,1
65214,62,72,-10,10
65215,52,57,-5,5
65216,128,129,-1,1
65217,168,148,20,20
65218,101,93,8,8
65219,106,111,-5,5
65220,191,176,15,15
65221,51,66,-15,15
65222,196,162,34,34
65223,92,103,-11,11
65224,47,52,-5,5
65225,115,107,8,8
65226,70,73,-3,3
65227,84,90,-6,6
65228,145,139,6,6
65229,102,95,7,7
65230,31,37,-6,6
65231,65,63,2,2
65232,92,89,3,3
65233,77,80,-3,3
65234,90,100,-10,10
65235,30,40,-10,10
65236,72,83,-11,11
65237,109,111,-2,2
65238,148,157,-9,9
65239,81,74,7,7
65240,75,74,1,1
65241,60,60,0,0
65242,147,150,-3,3
65243,95,72,23,23
65244,71,81,-10,10
65245,145,144,1,1
65246,91,99,-8,8
65247,48,73,-25,25
65248,94,88,6,6
65249,86,97,-11,11
65250,70,72,-2,2
65251,120,131,-11,11
65252,117,117,0,0
65253,118,101,17,17
65254,66,65,1,1
65255,70,76,-6,6
65256,51,56,-5,5
65257,80,81,-1,1
65258,78,83,-5,5
65259,136,122,14,14
65260,105,98,7,7
65261,94,82,12,12
65262,119,111,8,8
65263,119,115,4,4
65264,66,68,-2,2
65265,133,132,1,1
65266,106,98,8,8
65267,110,111,-1,1
65268,109,116,-7,7
65269,97,127,-30,30
65270,54,65,-11,11
65271,143,155,-12,12
65272,103,111,-8,8
65273,55,46,9,9
65274,72,70,2,2
65275,300,224,76,76
65276,110,108,2,2
65277,120,114,6,6
65278,114,120,-6,6
65279,65,67,-2,2
65280,51,54,-3,3
65281,107,104,3,3
65282,86,92,-6,6
65283,91,95,-4,4
65284,102,91,11,11
65285,72,65,7,7
65286,82,80,2,2
65287,134,128,6,6
65288,133,126,7,7
65289,79,81,-2,2
65290,146,140,6,6
65291,176,182,-6,6
65292,117,117,0,0
65293,82,87,-5,5
65294,105,97,8,8
65295,89,94,-5,5
65296,72,72,0,0
65297,71,63,8,8
65298,117,119,-2,2
65299,140,142,-2,2
65300,80,82,-2,2
65301,53,62,-9,9
65302,185,180,5,5
65303,111,97,14,14
65304,92,92,0,0
65305,91,90,1,1
65306,112,92,20,20
65307,59,63,-4,4
65308,106,105,1,1
65309,53,71,-18,18
65310,132,138,-6,6
65311,80,87,-7,7
65312,163,161,2,2
65313,58,61,-3,3
65314,138,130,8,8
65315,173,154,19,19
65316,64,67,-3,3
65317,78,71,7,7
65318,101,91,10,10
65319,103,106,-3,3
65320,87,100,-13,13
65321,105,103,2,2
65322,94,89,5,5
65323,89,98,-9,9
65324,63,76,-13,13
65325,92,85,7,7
65326,139,142,-3,3
65327,78,84,-6,6
65328,58,80,-22,22
65329,77,85,-8,8
65330,71,137,-66,66
65331,154,157,-3,3
65332,93,87,6,6
65333,61,61,0,0
65334,168,159,9,9
65335,139,137,2,2
65336,78,84,-6,6
65337,132,130,2,2
65338,56,60,-4,4
65339,78,80,-2,2
65340,86,94,-8,8
65341,68,70,-2,2
65342,31,54,-23,23
65343,60,59,1,1
65344,150,147,3,3
65345,117,119,-2,2
65346,104,97,7,7
65347,102,104,-2,2
65348,77,91,-14,14
65349,64,72,-8,8
65350,103,110,-7,7
65351,113,118,-5,5
65352,96,103,-7,7
65353,114,96,18,18
65354,126,124,2,2
65355,106,109,-3,3
65356,59,62,-3,3
65357,81,89,-8,8
65358,109,98,11,11
65359,121,124,-3,3
65360,70,69,1,1
65361,148,145,3,3
65362,94,85,9,9
65363,127,118,9,9
65364,117,116,1,1
65365,104,105,-1,1
65366,46,55,-9,9
65367,106,114,-8,8
65368,94,83,11,11
65369,124,112,12,12
65370,62,67,-5,5
65371,62,74,-12,12
65372,74,79,-5,5
65373,53,59,-6,6
65374,40,44,-4,4
65375,70,71,-1,1
65376,60,67,-7,7
65377,45,41,4,4
65378,111,111,0,0
65379,37,52,-15,15
65380,88,101,-13,13
65381,51,106,-55,55
65382,66,71,-5,5
65383,76,84,-8,8
65384,91,84,7,7
65385,121,120,1,1
65386,135,125,10,10
65387,87,95,-8,8
65388,99,104,-5,5
65389,106,101,5,5
65390,83,90,-7,7
65391,94,90,4,4
65392,76,75,1,1
65393,69,64,5,5
65394,100,117,-17,17
65395,118,106,12,12
65396,66,77,-11,11
65397,89,92,-3,3
65398,104,114,-10,10
65399,110,96,14,14
65400,106,96,10,10
65401,118,108,10,10
65402,83,92,-9,9
65403,85,77,8,8
65404,73,86,-13,13
65405,72,68,4,4
65406,61,54,7,7
65407,59,60,-1,1
65408,114,117,-3,3
65409,68,77,-9,9
65410,179,178,1,1
65411,70,73,-3,3
65412,91,90,1,1
65413,114,107,7,7
65414,108,109,-1,1
65415,79,76,3,3
65416,79,76,3,3
65417,125,118,7,7
65418,117,105,12,12
65419,68,85,-17,17
65420,79,77,2,2
65421,103,112,-9,9
65422,207,184,23,23
65423,63,76,-13,13
65424,117,121,-4,4
65425,63,67,-4,4
65426,71,76,-5,5
65427,74,89,-15,15
65428,55,54,1,1
65429,170,158,12,12
65430,69,65,4,4
65431,51,56,-5,5
65432,55,60,-5,5
65433,73,68,5,5
65434,89,111,-22,22
65435,173,153,20,20
65436,119,118,1,1
65437,85,119,-34,34
65438,94,96,-2,2
65439,104,93,11,11
65440,96,100,-4,4
65441,61,67,-6,6
65442,86,92,-6,6
65443,95,95,0,0
65444,161,165,-4,4
65445,80,81,-1,1
65446,112,114,-2,2
65447,75,78,-3,3
65448,141,124,17,17
65449,161,159,2,2
65450,99,107,-8,8
65451,94,92,2,2
65452,146,125,21,21
65453,72,75,-3,3
65454,105,98,7,7
65455,69,68,1,1
65456,113,100,13,13
65457,132,119,13,13
65458,121,121,0,0
65459,91,101,-10,10
65460,70,66,4,4
65461,96,91,5,5
65462,155,146,9,9
65463,130,142,-12,12
65464,186,157,29,29
65465,96,88,8,8
65466,146,151,-5,5
65467,113,109,4,4
65468,86,100,-14,14
65469,104,107,-3,3
65470,66,65,1,1
65471,96,91,5,5
65472,88,80,8,8
65473,111,102,9,9
65474,146,143,3,3
65475,86,67,19,19
65476,46,51,-5,5
65477,72,73,-1,1
65478,170,159,11,11
65479,35,45,-10,10
65480,90,90,0,0
65481,143,147,-4,4
65482,157,153,4,4
65483,62,70,-8,8
65484,65,69,-4,4
65485,75,74,1,1
65486,89,90,-1,1
65487,82,74,8,8
65488,80,84,-4,4
65489,56,56,0,0
65490,76,69,7,7
65491,113,125,-12,12
65492,104,118,-14,14
65493,99,98,1,1
65494,62,58,4,4
65495,140,134,6,6
65496,76,82,-6,6
65497,114,105,9,9
65498,108,113,-5,5
65499,81,74,7,7
65500,63,65,-2,2
65501,125,121,4,4
65502,70,63,7,7
65503,90,87,3,3
65504,37,46,-9,9
65505,92,126,-34,34
65506,96,103,-7,7
65507,85,79,6,6
65508,106,109,-3,3
65509,86,87,-1,1
65510,101,91,10,10
65511,101,95,6,6
65512,100,103,-3,3
65513,105,105,0,0
65514,71,80,-9,9
65515,58,61,-3,3
65516,179,166,13,13
65517,106,108,-2,2
65518,89,81,8,8
65519,84,66,18,18
65520,113,116,-3,3
65521,129,119,10,10
65522,87,102,-15,15
65523,122,126,-4,4
65524,109,110,-1,1
65525,78,85,-7,7
65526,96,94,2,2
65527,176,147,29,29
65528,114,114,0,0
65529,89,85,4,4
65530,115,110,5,5
65531,73,69,4,4
65532,68,72,-4,4
65533,148,153,-5,5
65534,70,79,-9,9
65535,108,99,9,9
65536,60,60,0,0
65537,98,88,10,10
65538,47,52,-5,5
65539,84,98,-14,14
65540,60,61,-1,1
65541,119,129,-10,10
65542,66,73,-7,7
65543,115,97,18,18
65544,172,158,14,14
65545,105,101,4,4
65546,83,80,3,3
65547,75,71,4,4
65548,48,51,-3,3
65549,100,105,-5,5
65550,59,61,-2,2
65551,67,63,4,4
65552,103,110,-7,7
65553,48,51,-3,3
65554,108,107,1,1
65555,77,69,8,8
65556,126,120,6,6
65557,82,104,-22,22
65558,38,43,-5,5
65559,99,94,5,5
65560,56,59,-3,3
65561,131,112,19,19
65562,96,84,12,12
65563,83,85,-2,2
65564,120,110,10,10
65565,102,99,3,3
65566,93,94,-1,1
65567,127,117,10,10
65568,67,60,7,7
65569,98,96,2,2
65570,77,70,7,7
65571,84,74,10,10
65572,96,92,4,4
65573,118,110,8,8
65574,84,89,-5,5
65575,70,85,-15,15
65576,100,109,-9,9
65577,118,112,6,6
65578,54,52,2,2
65579,170,161,9,9
65580,91,103,-12,12
65581,86,83,3,3
65582,82,91,-9,9
65583,123,115,8,8
65584,94,94,0,0
65585,86,73,13,13
65586,142,147,-5,5
65587,132,129,3,3
65588,140,135,5,5
65589,177,150,27,27
65590,54,72,-18,18
65591,51,58,-7,7
65592,130,125,5,5
65593,71,69,2,2
65594,61,65,-4,4
65595,93,89,4,4
65596,93,106,-13,13
65597,83,60,23,23
65598,104,94,10,10
65599,93,92,1,1
65600,88,91,-3,3
65601,89,100,-11,11
65602,154,173,-19,19
65603,53,58,-5,5
65604,85,85,0,0
65605,89,100,-11,11
65606,107,111,-4,4
65607,102,99,3,3
65608,88,100,-12,12
65609,35,41,-6,6
65610,118,110,8,8
65611,63,62,1,1
65612,56,62,-6,6
65613,41,43,-2,2
65614,108,121,-13,13
65615,137,138,-1,1
65616,70,57,13,13
65617,131,137,-6,6
65618,83,86,-3,3
65619,87,84,3,3
65620,87,89,-2,2
65621,134,134,0,0
65622,108,89,19,19
65623,73,59,14,14
65624,110,98,12,12
65625,100,84,16,16
65626,57,93,-36,36
65627,101,96,5,5
65628,124,112,12,12
65629,100,108,-8,8
65630,116,108,8,8
65631,124,109,15,15
65632,119,126,-7,7
65633,95,109,-14,14
65634,131,125,6,6
65635,46,57,-11,11
65636,119,113,6,6
65637,86,88,-2,2
65638,148,134,14,14
65639,63,64,-1,1
65640,84,77,7,7
65641,88,76,12,12
65642,125,119,6,6
65643,180,158,22,22
65644,92,94,-2,2
65645,73,80,-7,7
65646,54,59,-5,5
65647,125,126,-1,1
65648,158,159,-1,1
65649,115,115,0,0
65650,176,173,3,3
65651,71,93,-22,22
65652,109,109,0,0
65653,115,107,8,8
65654,135,125,10,10
65655,75,72,3,3
65656,71,77,-6,6
65657,74,81,-7,7
65658,123,135,-12,12
65659,85,92,-7,7
65660,124,112,12,12
65661,51,54,-3,3
65662,53,63,-10,10
65663,97,104,-7,7
65664,92,90,2,2
65665,122,127,-5,5
65666,183,171,12,12
65667,94,112,-18,18
65668,151,136,15,15
65669,65,68,-3,3
65670,146,154,-8,8
65671,68,80,-12,12
65672,186,178,8,8
65673,121,114,7,7
65674,77,81,-4,4
65675,99,120,-21,21
65676,102,104,-2,2
65677,80,84,-4,4
65678,123,120,3,3
65679,90,105,-15,15
65680,96,108,-12,12
65681,119,100,19,19
65682,136,132,4,4
65683,84,109,-25,25
65684,135,134,1,1
65685,84,103,-19,19
65686,56,60,-4,4
65687,81,79,2,2
65688,69,62,7,7
65689,89,65,24,24
65690,105,104,1,1
65691,113,122,-9,9
65692,79,76,3,3
65693,167,137,30,30
65694,85,79,6,6
65695,80,81,-1,1
65696,72,71,1,1
65697,129,136,-7,7
65698,155,140,15,15
65699,53,58,-5,5
65700,48,50,-2,2
65701,45,48,-3,3
65702,55,56,-1,1
65703,99,106,-7,7
65704,91,102,-11,11
65705,75,71,4,4
65706,84,81,3,3
65707,38,44,-6,6
65708,41,50,-9,9
65709,86,87,-1,1
65710,76,76,0,0
65711,53,61,-8,8
65712,63,63,0,0
65713,79,75,4,4
65714,145,138,7,7
65715,97,100,-3,3
65716,120,118,2,2
65717,74,70,4,4
65718,96,100,-4,4
65719,101,94,7,7
65720,94,97,-3,3
65721,92,82,10,10
65722,83,77,6,6
65723,122,114,8,8
65724,57,58,-1,1
65725,56,67,-11,11
65726,123,114,9,9
65727,104,102,2,2
65728,147,131,16,16
65729,190,190,0,0
65730,120,127,-7,7
65731,173,138,35,35
65732,52,60,-8,8
65733,134,139,-5,5
65734,110,126,-16,16
65735,84,83,1,1
65736,92,95,-3,3
65737,112,105,7,7
65738,60,62,-2,2
65739,76,81,-5,5
65740,159,150,9,9
65741,61,65,-4,4
65742,141,139,2,2
65743,107,107,0,0
65744,103,95,8,8
65745,129,129,0,0
65746,61,55,6,6
65747,77,78,-1,1
65748,84,89,-5,5
65749,78,79,-1,1
65750,47,55,-8,8
65751,140,136,4,4
65752,56,57,-1,1
65753,154,125,29,29
65754,77,86,-9,9
65755,85,71,14,14
65756,104,112,-8,8
65757,70,91,-21,21
65758,71,71,0,0
65759,63,61,2,2
65760,84,82,2,2
65761,110,87,23,23
65762,88,64,24,24
65763,74,78,-4,4
65764,72,88,-16,16
65765,46,55,-9,9
65766,94,95,-1,1
65767,93,92,1,1
65768,63,71,-8,8
65769,100,103,-3,3
65770,71,68,3,3
65771,113,123,-10,10
65772,88,83,5,5
65773,83,72,11,11
65774,76,87,-11,11
65775,83,77,6,6
65776,153,133,20,20
65777,134,142,-8,8
65778,91,91,0,0
65779,56,64,-8,8
65780,89,92,-3,3
65781,51,57,-6,6
65782,121,118,3,3
65783,107,110,-3,3
65784,97,153,-56,56
65785,79,87,-8,8
65786,115,115,0,0
65787,60,58,2,2
65788,105,98,7,7
65789,65,67,-2,2
65790,57,59,-2,2
65791,169,170,-1,1
65792,92,90,2,2
65793,104,121,-17,17
65794,68,68,0,0
65795,72,70,2,2
65796,92,98,-6,6
65797,124,104,20,20
65798,85,92,-7,7
65799,123,126,-3,3
65800,112,102,10,10
65801,138,148,-10,10
65802,205,193,12,12
65803,88,85,3,3
65804,82,79,3,3
65805,77,82,-5,5
65806,68,68,0,0
65807,125,120,5,5
65808,87,92,-5,5
65809,112,109,3,3
65810,66,73,-7,7
65811,132,124,8,8
65812,136,131,5,5
65813,232,220,12,12
65814,63,72,-9,9
65815,77,84,-7,7
65816,121,118,3,3
65817,161,150,11,11
65818,200,170,30,30
65819,65,65,0,0
65820,104,95,9,9
65821,129,122,7,7
65822,129,161,-32,32
65823,123,112,11,11
65824,72,78,-6,6
65825,59,61,-2,2
65826,94,119,-25,25
65827,102,108,-6,6
65828,74,78,-4,4
65829,64,67,-3,3
65830,48,53,-5,5
65831,80,84,-4,4
65832,112,104,8,8
65833,67,124,-57,57
65834,79,92,-13,13
65835,79,74,5,5
65836,51,59,-8,8
65837,213,194,19,19
65838,116,117,-1,1
65839,82,82,0,0
65840,88,93,-5,5
65841,154,154,0,0
65842,93,91,2,2
65843,115,104,11,11
65844,58,57,1,1
65845,89,92,-3,3
65846,69,66,3,3
65847,124,119,5,5
65848,87,90,-3,3
65849,114,117,-3,3
65850,75,80,-5,5
65851,46,63,-17,17
65852,54,59,-5,5
65853,63,64,-1,1
65854,54,55,-1,1
65855,70,75,-5,5
65856,98,93,5,5
65857,74,80,-6,6
65858,76,79,-3,3
65859,80,70,10,10
65860,73,144,-71,71
65861,108,98,10,10
65862,100,85,15,15
65863,64,60,4,4
65864,101,99,2,2
65865,75,78,-3,3
65866,66,77,-11,11
65867,142,143,-1,1
65868,47,50,-3,3
65869,71,70,1,1
65870,26,61,-35,35
65871,53,57,-4,4
65872,133,131,2,2
65873,96,97,-1,1
65874,91,69,22,22
65875,83,82,1,1
65876,103,108,-5,5
65877,89,82,7,7
65878,90,92,-2,2
65879,95,104,-9,9
65880,32,42,-10,10
65881,72,83,-11,11
65882,99,90,9,9
65883,115,123,-8,8
65884,86,98,-12,12
65885,93,114,-21,21
65886,129,124,5,5
65887,92,96,-4,4
65888,114,122,-8,8
65889,84,88,-4,4
65890,93,91,2,2
65891,89,106,-17,17
65892,59,63,-4,4
65893,63,64,-1,1
65894,59,63,-4,4
65895,115,120,-5,5
65896,144,120,24,24
65897,76,81,-5,5
65898,112,113,-1,1
65899,118,133,-15,15
65900,80,78,2,2
65901,106,112,-6,6
65902,92,93,-1,1
65903,65,69,-4,4
65904,130,134,-4,4
65905,108,103,5,5
65906,44,55,-11,11
65907,101,98,3,3
65908,72,90,-18,18
65909,67,71,-4,4
65910,73,80,-7,7
65911,184,179,5,5
65912,83,83,0,0
65913,77,79,-2,2
65914,113,110,3,3
65915,46,52,-6,6
65916,101,120,-19,19
65917,92,87,5,5
65918,122,115,7,7
65919,67,70,-3,3
65920,134,123,11,11
65921,82,79,3,3
65922,142,150,-8,8
65923,101,98,3,3
65924,119,128,-9,9
65925,44,48,-4,4
65926,105,109,-4,4
65927,99,102,-3,3
65928,127,123,4,4
65929,76,74,2,2
65930,107,97,10,10
65931,104,114,-10,10
65932,104,99,5,5
65933,100,100,0,0
65934,106,102,4,4
65935,66,61,5,5
65936,154,152,2,2
65937,124,128,-4,4
65938,118,121,-3,3
65939,79,78,1,1
65940,76,76,0,0
65941,89,82,7,7
65942,67,86,-19,19
65943,104,113,-9,9
65944,108,111,-3,3
65945,76,72,4,4
65946,47,55,-8,8
65947,98,101,-3,3
65948,137,153,-16,16
65949,111,107,4,4
65950,62,52,10,10
65951,37,46,-9,9
65952,69,70,-1,1
65953,115,134,-19,19
65954,98,108,-10,10
65955,62,55,7,7
65956,94,94,0,0
65957,46,49,-3,3
65958,97,93,4,4
65959,108,96,12,12
65960,124,117,7,7
65961,74,85,-11,11
65962,113,111,2,2
65963,96,95,1,1
65964,135,131,4,4
65965,81,80,1,1
65966,101,100,1,1
65967,109,119,-10,10
65968,121,126,-5,5
65969,62,63,-1,1
65970,105,120,-15,15
65971,105,96,9,9
65972,96,75,21,21
65973,90,71,19,19
65974,81,76,5,5
65975,137,133,4,4
65976,86,101,-15,15
65977,86,93,-7,7
65978,105,108,-3,3
65979,120,122,-2,2
65980,70,62,8,8
65981,90,77,13,13
65982,90,88,2,2
65983,79,79,0,0
65984,62,64,-2,2
65985,56,62,-6,6
65986,62,65,-3,3
65987,123,116,7,7
65988,108,114,-6,6
65989,73,77,-4,4
65990,92,83,9,9
65991,97,96,1,1
65992,94,97,-3,3
65993,119,129,-10,10
65994,125,119,6,6
65995,252,211,41,41
65996,124,118,6,6
65997,76,87,-11,11
65998,120,113,7,7
65999,83,88,-5,5
66000,82,81,1,1
66001,93,107,-14,14
66002,56,65,-9,9
66003,78,93,-15,15
66004,121,156,-35,35
66005,100,91,9,9
66006,91,82,9,9
66007,66,69,-3,3
66008,62,66,-4,4
66009,72,72,0,0
66010,77,79,-2,2
66011,93,89,4,4
66012,176,155,21,21
66013,55,59,-4,4
66014,75,82,-7,7
66015,60,66,-6,6
66016,143,76,67,67
66017,117,130,-13,13
66018,36,58,-22,22
66019,45,48,-3,3
66020,96,91,5,5
66021,81,92,-11,11
66022,106,100,6,6
66023,83,100,-17,17
66024,105,87,18,18
66025,80,91,-11,11
66026,43,75,-32,32
66027,103,101,2,2
66028,134,127,7,7
66029,53,57,-4,4
66030,115,102,13,13
66031,157,129,28,28
66032,67,69,-2,2
66033,104,125,-21,21
66034,148,151,-3,3
66035,116,112,4,4
66036,100,94,6,6
66037,63,62,1,1
66038,71,74,-3,3
66039,71,68,3,3
66040,67,75,-8,8
66041,105,114,-9,9
66042,102,95,7,7
66043,53,59,-6,6
66044,71,73,-2,2
66045,115,123,-8,8
66046,105,100,5,5
66047,62,84,-22,22
66048,119,114,5,5
66049,151,143,8,8
66050,55,63,-8,8
66051,76,83,-7,7
66052,37,46,-9,9
66053,126,106,20,20
66054,116,101,15,15
66055,119,120,-1,1
66056,86,78,8,8
66057,64,72,-8,8
66058,53,55,-2,2
66059,108,105,3,3
66060,118,119,-1,1
66061,126,118,8,8
66062,71,62,9,9
66063,99,100,-1,1
66064,49,57,-8,8
66065,87,80,7,7
66066,75,72,3,3
66067,89,98,-9,9
66068,94,86,8,8
66069,100,86,14,14
66070,80,66,14,14
66071,78,76,2,2
66072,65,73,-8,8
66073,104,98,6,6
66074,111,127,-16,16
66075,182,155,27,27
66076,69,74,-5,5
66077,67,67,0,0
66078,99,118,-19,19
66079,82,107,-25,25
66080,99,78,21,21
66081,66,67,-1,1
66082,162,156,6,6
66083,142,133,9,9
66084,84,89,-5,5
66085,70,85,-15,15
66086,106,101,5,5
66087,57,61,-4,4
66088,89,86,3,3
66089,119,119,0,0
66090,90,80,10,10
66091,59,63,-4,4
66092,80,76,4,4
66093,113,109,4,4
66094,47,57,-10,10
66095,72,72,0,0
66096,178,176,2,2
66097,76,80,-4,4
66098,96,98,-2,2
66099,83,84,-1,1
66100,63,59,4,4
66101,144,143,1,1
66102,42,54,-12,12
66103,52,47,5,5
66104,125,105,20,20
66105,63,71,-8,8
66106,69,66,3,3
66107,78,75,3,3
66108,63,96,-33,33
66109,80,86,-6,6
66110,101,92,9,9
66111,187,157,30,30
66112,163,149,14,14
66113,109,119,-10,10
66114,101,118,-17,17
66115,86,87,-1,1
66116,72,86,-14,14
66117,142,167,-25,25
66118,99,91,8,8
66119,64,61,3,3
66120,79,86,-7,7
66121,85,82,3,3
66122,107,90,17,17
66123,97,90,7,7
66124,116,118,-2,2
66125,67,76,-9,9
66126,89,106,-17,17
66127,122,103,19,19
66128,140,147,-7,7
66129,62,59,3,3
66130,119,134,-15,15
66131,117,114,3,3
66132,104,116,-12,12
66133,47,52,-5,5
66134,73,78,-5,5
66135,159,148,11,11
66136,101,112,-11,11
66137,77,67,10,10
66138,58,70,-12,12
66139,78,88,-10,10
66140,97,88,9,9
66141,76,78,-2,2
66142,88,92,-4,4
66143,64,67,-3,3
66144,81,97,-16,16
66145,69,68,1,1
66146,115,134,-19,19
66147,65,87,-22,22
66148,76,67,9,9
66149,58,71,-13,13
66150,33,43,-10,10
66151,133,119,14,14
66152,45,72,-27,27
66153,123,128,-5,5
66154,100,98,2,2
66155,82,84,-2,2
66156,83,79,4,4
66157,117,109,8,8
66158,74,65,9,9
66159,103,103,0,0
66160,72,75,-3,3
66161,142,126,16,16
66162,121,101,20,20
66163,82,79,3,3
66164,80,87,-7,7
66165,100,104,-4,4
66166,164,159,5,5
66167,95,98,-3,3
66168,57,56,1,1
66169,81,81,0,0
66170,39,41,-2,2
66171,123,120,3,3
66172,127,129,-2,2
66173,82,82,0,0
66174,105,93,12,12
66175,72,70,2,2
66176,37,48,-11,11
66177,85,88,-3,3
66178,152,144,8,8
66179,80,81,-1,1
66180,55,59,-4,4
66181,76,90,-14,14
66182,21,40,-19,19
66183,220,207,13,13
66184,159,143,16,16
66185,90,93,-3,3
66186,148,155,-7,7
66187,102,99,3,3
66188,83,71,12,12
66189,80,100,-20,20
66190,100,89,11,11
66191,111,101,10,10
66192,79,82,-3,3
66193,82,80,2,2
66194,82,82,0,0
66195,197,197,0,0
66196,188,178,10,10
66197,177,186,-9,9
66198,76,77,-1,1
66199,157,148,9,9
66200,49,57,-8,8
66201,44,44,0,0
66202,66,79,-13,13
66203,156,149,7,7
66204,111,122,-11,11
66205,69,76,-7,7
66206,188,170,18,18
66207,126,113,13,13
66208,73,73,0,0
66209,111,107,4,4
66210,94,94,0,0
66211,57,49,8,8
66212,132,128,4,4
66213,164,151,13,13
66214,55,64,-9,9
66215,139,138,1,1
66216,77,75,2,2
66217,43,59,-16,16
66218,96,89,7,7
66219,88,85,3,3
66220,74,73,1,1
66221,81,79,2,2
66222,84,88,-4,4
66223,100,99,1,1
66224,108,90,18,18
66225,44,57,-13,13
66226,77,82,-5,5
66227,79,80,-1,1
66228,111,107,4,4
66229,86,88,-2,2
66230,61,64,-3,3
66231,85,84,1,1
66232,45,51,-6,6
66233,81,73,8,8
66234,159,141,18,18
66235,80,75,5,5
66236,94,91,3,3
66237,89,90,-1,1
66238,96,93,3,3
66239,95,87,8,8
66240,127,113,14,14
66241,71,66,5,5
66242,68,62,6,6
66243,80,85,-5,5
66244,122,110,12,12
66245,136,137,-1,1
66246,95,96,-1,1
66247,89,96,-7,7
66248,88,94,-6,6
66249,44,46,-2,2
66250,121,118,3,3
66251,47,51,-4,4
66252,72,66,6,6
66253,72,68,4,4
66254,145,147,-2,2
66255,77,74,3,3
66256,129,135,-6,6
66257,65,73,-8,8
66258,121,126,-5,5
66259,92,92,0,0
66260,100,103,-3,3
66261,36,55,-19,19
66262,122,128,-6,6
66263,112,97,15,15
66264,76,73,3,3
66265,112,110,2,2
66266,75,83,-8,8
66267,81,81,0,0
66268,102,99,3,3
66269,43,43,0,0
66270,92,94,-2,2
66271,118,107,11,11
66272,73,73,0,0
66273,179,179,0,0
66274,63,68,-5,5
66275,128,139,-11,11
66276,161,135,26,26
66277,178,164,14,14
66278,90,86,4,4
66279,74,77,-3,3
66280,74,82,-8,8
66281,95,96,-1,1
66282,98,102,-4,4
66283,94,88,6,6
66284,115,118,-3,3
66285,131,139,-8,8
66286,99,77,22,22
66287,87,89,-2,2
66288,74,76,-2,2
66289,56,62,-6,6
66290,58,61,-3,3
66291,77,83,-6,6
66292,122,115,7,7
66293,70,72,-2,2
66294,40,49,-9,9
66295,106,111,-5,5
66296,100,100,0,0
66297,73,77,-4,4
66298,72,64,8,8
66299,99,102,-3,3
66300,135,139,-4,4
66301,184,159,25,25
66302,50,68,-18,18
66303,77,80,-3,3
66304,48,53,-5,5
66305,76,78,-2,2
66306,87,95,-8,8
66307,137,135,2,2
66308,110,125,-15,15
66309,84,87,-3,3
66310,74,77,-3,3
66311,83,75,8,8
66312,76,58,18,18
66313,107,132,-25,25
66314,78,76,2,2
66315,87,81,6,6
66316,64,72,-8,8
66317,60,62,-2,2
66318,94,104,-10,10
66319,80,73,7,7
66320,50,64,-14,14
66321,54,54,0,0
66322,65,63,2,2
66323,101,112,-11,11
66324,89,89,0,0
66325,127,126,1,1
66326,59,63,-4,4
66327,90,103,-13,13
66328,77,82,-5,5
66329,100,103,-3,3
66330,103,100,3,3
66331,33,56,-23,23
66332,61,66,-5,5
66333,63,79,-16,16
66334,47,59,-12,12
66335,51,52,-1,1
66336,141,137,4,4
66337,74,69,5,5
66338,74,78,-4,4
66339,85,96,-11,11
66340,149,139,10,10
66341,90,96,-6,6
66342,79,84,-5,5
66343,93,105,-12,12
66344,79,79,0,0
66345,146,136,10,10
66346,81,81,0,0
66347,83,103,-20,20
66348,196,196,0,0
66349,114,107,7,7
66350,102,96,6,6
66351,140,143,-3,3
66352,46,52,-6,6
66353,189,174,15,15
66354,102,101,1,1
66355,96,97,-1,1
66356,73,88,-15,15
66357,131,136,-5,5
66358,143,131,12,12
66359,94,73,21,21
66360,95,91,4,4
66361,131,129,2,2
66362,138,127,11,11
66363,55,57,-2,2
66364,40,53,-13,13
66365,97,92,5,5
66366,70,74,-4,4
66367,95,89,6,6
66368,86,80,6,6
66369,107,108,-1,1
66370,45,53,-8,8
66371,107,110,-3,3
66372,77,73,4,4
66373,75,71,4,4
66374,85,78,7,7
66375,81,89,-8,8
66376,100,99,1,1
66377,65,71,-6,6
66378,57,62,-5,5
66379,61,64,-3,3
66380,79,79,0,0
66381,104,103,1,1
66382,106,115,-9,9
66383,55,56,-1,1
66384,100,96,4,4
66385,89,89,0,0
66386,73,73,0,0
66387,77,84,-7,7
66388,59,60,-1,1
66389,71,77,-6,6
66390,52,59,-7,7
66391,58,56,2,2
66392,72,64,8,8
66393,90,80,10,10
66394,57,53,4,4
66395,82,98,-16,16
66396,92,89,3,3
66397,88,82,6,6
66398,49,60,-11,11
66399,91,82,9,9
66400,171,147,24,24
66401,75,94,-19,19
66402,82,77,5,5
66403,74,73,1,1
66404,116,114,2,2
66405,95,82,13,13
66406,116,114,2,2
66407,74,107,-33,33
66408,100,103,-3,3
66409,81,86,-5,5
66410,141,148,-7,7
66411,113,127,-14,14
66412,100,90,10,10
66413,80,70,10,10
66414,96,94,2,2
66415,83,83,0,0
66416,68,78,-10,10
66417,66,73,-7,7
66418,73,68,5,5
66419,169,169,0,0
66420,119,102,17,17
66421,82,99,-17,17
66422,85,74,11,11
66423,92,99,-7,7
66424,92,84,8,8
66425,164,165,-1,1
66426,131,133,-2,2
66427,106,128,-22,22
66428,72,71,1,1
66429,54,63,-9,9
66430,75,75,0,0
66431,62,62,0,0
66432,89,74,15,15
66433,63,60,3,3
66434,87,81,6,6
66435,136,135,1,1
66436,79,73,6,6
66437,86,98,-12,12
66438,71,76,-5,5
66439,68,67,1,1
66440,127,128,-1,1
66441,78,78,0,0
66442,43,49,-6,6
66443,82,85,-3,3
66444,61,55,6,6
66445,91,101,-10,10
66446,78,75,3,3
66447,121,123,-2,2
66448,83,86,-3,3
66449,169,174,-5,5
66450,56,61,-5,5
66451,78,58,20,20
66452,73,78,-5,5
66453,66,70,-4,4
66454,67,69,-2,2
66455,69,46,23,23
66456,96,100,-4,4
66457,118,112,6,6
66458,67,68,-1,1
66459,58,75,-17,17
66460,77,63,14,14
66461,164,149,15,15
66462,57,67,-10,10
66463,98,94,4,4
66464,97,98,-1,1
66465,58,62,-4,4
66466,107,111,-4,4
66467,70,79,-9,9
66468,121,115,6,6
66469,144,117,27,27
66470,157,157,0,0
66471,113,113,0,0
66472,66,64,2,2
66473,47,91,-44,44
66474,106,106,0,0
66475,77,75,2,2
66476,180,182,-2,2
66477,55,56,-1,1
66478,57,71,-14,14
66479,104,102,2,2
66480,120,117,3,3
66481,124,118,6,6
66482,157,165,-8,8
66483,185,187,-2,2
66484,63,64,-1,1
66485,158,149,9,9
66486,161,163,-2,2
66487,61,63,-2,2
66488,104,100,4,4
66489,65,73,-8,8
66490,174,156,18,18
66491,52,57,-5,5
66492,118,120,-2,2
66493,89,90,-1,1
66494,88,84,4,4
66495,88,95,-7,7
66496,62,70,-8,8
66497,67,70,-3,3
66498,118,120,-2,2
66499,113,126,-13,13
66500,99,105,-6,6
66501,68,74,-6,6
66502,50,52,-2,2
66503,123,124,-1,1
66504,97,96,1,1
66505,93,102,-9,9
66506,132,108,24,24
66507,70,82,-12,12
66508,65,63,2,2
66509,80,99,-19,19
66510,79,76,3,3
66511,96,106,-10,10
66512,69,78,-9,9
66513,142,136,6,6
66514,126,126,0,0
66515,88,118,-30,30
66516,57,61,-4,4
66517,68,70,-2,2
66518,97,112,-15,15
66519,128,130,-2,2
66520,129,139,-10,10
66521,92,96,-4,4
66522,146,127,19,19
66523,83,86,-3,3
66524,92,90,2,2
66525,207,170,37,37
66526,40,54,-14,14
66527,92,93,-1,1
66528,95,112,-17,17
66529,107,99,8,8
66530,51,52,-1,1
66531,210,191,19,19
66532,73,74,-1,1
66533,103,102,1,1
66534,120,114,6,6
66535,132,123,9,9
66536,112,87,25,25
66537,86,91,-5,5
66538,195,175,20,20
66539,69,70,-1,1
66540,91,92,-1,1
66541,57,69,-12,12
66542,112,113,-1,1
66543,72,83,-11,11
66544,90,81,9,9
66545,99,94,5,5
66546,46,53,-7,7
66547,51,55,-4,4
66548,107,105,2,2
66549,156,158,-2,2
66550,61,64,-3,3
66551,88,82,6,6
66552,107,110,-3,3
66553,121,101,20,20
66554,89,87,2,2
66555,99,100,-1,1
66556,87,97,-10,10
66557,46,53,-7,7
66558,152,157,-5,5
66559,67,71,-4,4
66560,164,155,9,9
66561,68,70,-2,2
66562,94,99,-5,5
66563,60,71,-11,11
66564,205,188,17,17
66565,92,90,2,2
66566,95,95,0,0
66567,67,62,5,5
66568,55,59,-4,4
66569,151,139,12,12
66570,160,150,10,10
66571,29,45,-16,16
66572,108,99,9,9
66573,112,128,-16,16
66574,109,164,-55,55
66575,86,87,-1,1
66576,75,78,-3,3
66577,60,70,-10,10
66578,64,75,-11,11
66579,64,86,-22,22
66580,110,110,0,0
66581,81,89,-8,8
66582,79,80,-1,1
66583,124,112,12,12
66584,94,98,-4,4
66585,73,93,-20,20
66586,111,115,-4,4
66587,107,114,-7,7
66588,71,69,2,2
66589,125,123,2,2
66590,123,109,14,14
66591,63,65,-2,2
66592,98,99,-1,1
66593,101,92,9,9
66594,129,134,-5,5
66595,96,102,-6,6
66596,58,59,-1,1
66597,162,157,5,5
66598,48,50,-2,2
66599,151,156,-5,5
66600,67,77,-10,10
66601,122,121,1,1
66602,100,98,2,2
66603,135,142,-7,7
66604,213,179,34,34
66605,129,132,-3,3
66606,61,67,-6,6
66607,70,74,-4,4
66608,88,115,-27,27
66609,75,81,-6,6
66610,159,166,-7,7
66611,100,99,1,1
66612,75,66,9,9
66613,120,140,-20,20
66614,70,91,-21,21
66615,129,114,15,15
66616,124,135,-11,11
66617,105,103,2,2
66618,60,61,-1,1
66619,76,75,1,1
66620,64,72,-8,8
66621,145,124,21,21
66622,95,120,-25,25
66623,104,114,-10,10
66624,148,137,11,11
66625,126,134,-8,8
66626,142,135,7,7
66627,67,67,0,0
66628,96,106,-10,10
66629,114,115,-1,1
66630,47,61,-14,14
66631,125,133,-8,8
66632,66,62,4,4
66633,203,229,-26,26
66634,58,64,-6,6
66635,114,109,5,5
66636,100,125,-25,25
66637,92,95,-3,3
66638,114,119,-5,5
66639,67,73,-6,6
66640,56,66,-10,10
66641,78,74,4,4
66642,62,68,-6,6
66643,77,82,-5,5
66644,104,98,6,6
66645,37,60,-23,23
66646,94,90,4,4
66647,108,100,8,8
66648,42,54,-12,12
66649,106,102,4,4
66650,74,75,-1,1
66651,116,96,20,20
66652,77,67,10,10
66653,123,131,-8,8
66654,89,101,-12,12
66655,74,74,0,0
66656,118,110,8,8
66657,73,75,-2,2
66658,69,86,-17,17
66659,79,83,-4,4
66660,58,65,-7,7
66661,172,145,27,27
66662,118,115,3,3
66663,140,127,13,13
66664,124,120,4,4
66665,111,105,6,6
66666,88,109,-21,21
66667,90,125,-35,35
66668,59,53,6,6
66669,139,139,0,0
66670,125,128,-3,3
66671,64,73,-9,9
66672,147,142,5,5
66673,50,62,-12,12
66674,81,84,-3,3
66675,105,94,11,11
66676,63,68,-5,5
66677,87,99,-12,12
66678,90,81,9,9
66679,47,48,-1,1
66680,134,124,10,10
66681,61,61,0,0
66682,73,96,-23,23
66683,73,64,9,9
66684,78,77,1,1
66685,134,118,16,16
66686,51,49,2,2
66687,108,97,11,11
66688,96,103,-7,7
66689,54,53,1,1
66690,122,118,4,4
66691,129,113,16,16
66692,86,81,5,5
66693,114,117,-3,3
66694,70,80,-10,10
66695,79,82,-3,3
66696,56,60,-4,4
66697,66,63,3,3
66698,89,83,6,6
66699,106,107,-1,1
66700,77,76,1,1
66701,82,80,2,2
66702,63,80,-17,17
66703,87,93,-6,6
66704,119,130,-11,11
66705,146,146,0,0
66706,71,67,4,4
66707,70,76,-6,6
66708,82,87,-5,5
66709,72,80,-8,8
66710,91,97,-6,6
66711,57,70,-13,13
66712,68,64,4,4
66713,92,85,7,7
66714,71,67,4,4
66715,100,88,12,12
66716,106,105,1,1
66717,64,61,3,3
66718,58,63,-5,5
66719,74,74,0,0
66720,104,125,-21,21
66721,133,131,2,2
66722,59,61,-2,2
66723,77,82,-5,5
66724,90,90,0,0
66725,116,96,20,20
66726,94,88,6,6
66727,102,103,-1,1
66728,130,121,9,9
66729,115,114,1,1
66730,79,71,8,8
66731,151,151,0,0
66732,88,107,-19,19
66733,188,181,7,7
66734,91,86,5,5
66735,81,76,5,5
66736,74,73,1,1
66737,80,78,2,2
66738,125,118,7,7
66739,140,130,10,10
66740,60,64,-4,4
66741,45,56,-11,11
66742,65,77,-12,12
66743,120,131,-11,11
66744,105,110,-5,5
66745,136,125,11,11
66746,31,65,-34,34
66747,77,84,-7,7
66748,79,84,-5,5
66749,96,99,-3,3
66750,40,63,-23,23
66751,54,60,-6,6
66752,94,90,4,4
66753,83,99,-16,16
66754,54,61,-7,7
66755,92,100,-8,8
66756,146,127,19,19
66757,172,160,12,12
66758,62,61,1,1
66759,155,143,12,12
66760,111,104,7,7
66761,99,97,2,2
66762,126,118,8,8
66763,55,65,-10,10
66764,202,197,5,5
66765,60,59,1,1
66766,97,91,6,6
66767,111,104,7,7
66768,114,112,2,2
66769,81,84,-3,3
66770,35,55,-20,20
66771,88,86,2,2
66772,62,69,-7,7
66773,84,91,-7,7
66774,96,89,7,7
66775,105,106,-1,1
66776,67,79,-12,12
66777,68,71,-3,3
66778,75,79,-4,4
66779,64,70,-6,6
66780,165,140,25,25
66781,92,126,-34,34
66782,136,129,7,7
66783,93,100,-7,7
66784,58,56,2,2
66785,72,76,-4,4
66786,87,91,-4,4
66787,53,59,-6,6
66788,138,145,-7,7
66789,98,98,0,0
66790,81,80,1,1
66791,82,84,-2,2
66792,140,152,-12,12
66793,92,86,6,6
66794,116,123,-7,7
66795,169,157,12,12
66796,76,79,-3,3
66797,70,69,1,1
66798,206,186,20,20
66799,118,109,9,9
66800,82,91,-9,9
66801,143,132,11,11
66802,113,104,9,9
66803,82,80,2,2
66804,72,74,-2,2
66805,53,52,1,1
66806,38,54,-16,16
66807,102,104,-2,2
66808,98,99,-1,1
66809,60,68,-8,8
66810,133,120,13,13
66811,108,107,1,1
66812,103,99,4,4
66813,58,60,-2,2
66814,80,80,0,0
66815,72,76,-4,4
66816,103,96,7,7
66817,115,123,-8,8
66818,66,76,-10,10
66819,134,145,-11,11
66820,129,126,3,3
66821,82,78,4,4
66822,92,93,-1,1
66823,72,69,3,3
66824,156,148,8,8
66825,97,94,3,3
66826,80,88,-8,8
66827,110,100,10,10
66828,112,95,17,17
66829,73,71,2,2
66830,93,98,-5,5
66831,84,95,-11,11
66832,69,69,0,0
66833,63,78,-15,15
66834,97,91,6,6
66835,51,63,-12,12
66836,117,121,-4,4
66837,102,119,-17,17
66838,63,67,-4,4
66839,90,122,-32,32
66840,75,74,1,1
66841,31,74,-43,43
66842,118,121,-3,3
66843,110,119,-9,9
66844,126,131,-5,5
66845,132,138,-6,6
66846,94,83,11,11
66847,55,64,-9,9
66848,119,109,10,10
66849,47,54,-7,7
66850,152,145,7,7
66851,38,44,-6,6
66852,96,113,-17,17
66853,79,73,6,6
66854,63,59,4,4
66855,120,120,0,0
66856,97,100,-3,3
66857,65,67,-2,2
66858,108,101,7,7
66859,146,139,7,7
66860,99,102,-3,3
66861,50,57,-7,7
66862,98,103,-5,5
66863,61,60,1,1
66864,67,81,-14,14
66865,102,102,0,0
66866,98,97,1,1
66867,127,116,11,11
66868,134,125,9,9
66869,107,99,8,8
66870,62,75,-13,13
66871,83,81,2,2
66872,41,47,-6,6
66873,65,72,-7,7
66874,73,82,-9,9
66875,81,87,-6,6
66876,85,76,9,9
66877,85,83,2,2
66878,117,112,5,5
66879,128,133,-5,5
66880,89,84,5,5
66881,42,46,-4,4
66882,125,135,-10,10
66883,68,69,-1,1
66884,72,78,-6,6
66885,96,104,-8,8
66886,134,139,-5,5
66887,122,112,10,10
66888,87,91,-4,4
66889,54,56,-2,2
66890,79,89,-10,10
66891,148,138,10,10
66892,66,68,-2,2
66893,142,144,-2,2
66894,106,95,11,11
66895,48,53,-5,5
66896,57,78,-21,21
66897,126,127,-1,1
66898,51,58,-7,7
66899,109,121,-12,12
66900,106,110,-4,4
66901,102,113,-11,11
66902,94,91,3,3
66903,112,124,-12,12
66904,140,122,18,18
66905,117,111,6,6
66906,112,95,17,17
66907,49,76,-27,27
66908,156,146,10,10
66909,89,87,2,2
66910,74,83,-9,9
66911,67,71,-4,4
66912,70,81,-11,11
66913,93,91,2,2
66914,93,88,5,5
66915,101,108,-7,7
66916,76,89,-13,13
66917,67,67,0,0
66918,106,102,4,4
66919,72,80,-8,8
66920,65,66,-1,1
66921,87,90,-3,3
66922,89,91,-2,2
66923,257,221,36,36
66924,175,182,-7,7
66925,69,67,2,2
66926,76,71,5,5
66927,65,60,5,5
66928,153,148,5,5
66929,68,72,-4,4
66930,116,115,1,1
66931,114,112,2,2
66932,76,90,-14,14
66933,65,68,-3,3
66934,104,102,2,2
66935,148,148,0,0
66936,43,51,-8,8
66937,90,88,2,2
66938,99,90,9,9
66939,128,140,-12,12
66940,110,113,-3,3
66941,42,79,-37,37
66942,120,123,-3,3
66943,135,115,20,20
66944,134,142,-8,8
66945,116,119,-3,3
66946,138,122,16,16
66947,125,120,5,5
66948,43,52,-9,9
66949,89,83,6,6
66950,126,115,11,11
66951,90,86,4,4
66952,77,83,-6,6
66953,91,87,4,4
66954,120,113,7,7
66955,63,64,-1,1
66956,88,89,-1,1
66957,50,59,-9,9
66958,110,113,-3,3
66959,71,68,3,3
66960,81,81,0,0
66961,120,115,5,5
66962,94,95,-1,1
66963,51,61,-10,10
66964,84,90,-6,6
66965,96,102,-6,6
66966,179,164,15,15
66967,57,63,-6,6
66968,114,124,-10,10
66969,111,115,-4,4
66970,111,101,10,10
66971,101,95,6,6
66972,53,54,-1,1
66973,97,97,0,0
66974,98,94,4,4
66975,50,55,-5,5
66976,82,91,-9,9
66977,108,92,16,16
66978,59,64,-5,5
66979,69,77,-8,8
66980,68,64,4,4
66981,69,84,-15,15
66982,73,85,-12,12
66983,28,42,-14,14
66984,75,79,-4,4
66985,68,70,-2,2
66986,110,115,-5,5
66987,99,112,-13,13
66988,72,78,-6,6
66989,74,81,-7,7
66990,70,78,-8,8
66991,109,104,5,5
66992,191,186,5,5
66993,54,57,-3,3
66994,119,107,12,12
66995,76,86,-10,10
66996,174,165,9,9
66997,87,83,4,4
66998,88,93,-5,5
66999,53,57,-4,4
67000,75,82,-7,7
67001,68,65,3,3
67002,118,125,-7,7
67003,114,109,5,5
67004,101,100,1,1
67005,102,108,-6,6
67006,82,81,1,1
67007,100,109,-9,9
67008,134,133,1,1
67009,140,139,1,1
67010,109,117,-8,8
67011,124,121,3,3
67012,157,130,27,27
67013,67,53,14,14
67014,117,120,-3,3
67015,64,65,-1,1
67016,89,101,-12,12
67017,52,49,3,3
67018,126,135,-9,9
67019,99,98,1,1
67020,82,79,3,3
67021,96,70,26,26
67022,85,95,-10,10
67023,68,79,-11,11
67024,132,128,4,4
67025,148,137,11,11
67026,56,57,-1,1
67027,173,158,15,15
67028,115,110,5,5
67029,99,99,0,0
67030,115,116,-1,1
67031,71,77,-6,6
67032,141,130,11,11
67033,111,110,1,1
67034,53,59,-6,6
67035,279,181,98,98
67036,101,89,12,12
67037,93,95,-2,2
67038,71,76,-5,5
67039,163,161,2,2
67040,52,55,-3,3
67041,109,109,0,0
67042,80,94,-14,14
67043,72,105,-33,33
67044,72,73,-1,1
67045,87,82,5,5
67046,82,90,-8,8
67047,74,84,-10,10
67048,156,146,10,10
67049,133,131,2,2
67050,123,118,5,5
67051,63,64,-1,1
67052,70,76,-6,6
67053,40,44,-4,4
67054,76,86,-10,10
67055,201,204,-3,3
67056,76,80,-4,4
67057,109,109,0,0
67058,116,115,1,1
67059,45,52,-7,7
67060,59,61,-2,2
67061,104,94,10,10
67062,122,159,-37,37
67063,108,104,4,4
67064,59,70,-11,11
67065,111,117,-6,6
67066,47,43,4,4
67067,123,121,2,2
67068,127,124,3,3
67069,98,101,-3,3
67070,90,91,-1,1
67071,70,80,-10,10
67072,102,97,5,5
67073,101,102,-1,1
67074,72,86,-14,14
67075,86,105,-19,19
67076,77,86,-9,9
67077,175,160,15,15
67078,85,88,-3,3
67079,109,110,-1,1
67080,143,142,1,1
67081,79,78,1,1
67082,81,89,-8,8
67083,110,103,7,7
67084,68,83,-15,15
67085,107,100,7,7
67086,115,115,0,0
67087,120,131,-11,11
67088,67,73,-6,6
67089,95,93,2,2
67090,116,119,-3,3
67091,83,85,-2,2
67092,97,91,6,6
67093,85,87,-2,2
67094,91,93,-2,2
67095,147,131,16,16
67096,60,68,-8,8
67097,104,98,6,6
67098,99,93,6,6
67099,142,131,11,11
67100,65,73,-8,8
67101,58,66,-8,8
67102,81,90,-9,9
67103,85,83,2,2
67104,158,148,10,10
67105,57,62,-5,5
67106,32,43,-11,11
67107,161,161,0,0
67108,139,132,7,7
67109,123,106,17,17
67110,141,144,-3,3
67111,127,128,-1,1
67112,65,67,-2,2
67113,177,172,5,5
67114,131,120,11,11
67115,140,130,10,10
67116,51,52,-1,1
67117,85,91,-6,6
67118,75,72,3,3
67119,103,102,1,1
67120,155,148,7,7
67121,85,84,1,1
67122,72,71,1,1
67123,80,69,11,11
67124,62,65,-3,3
67125,58,63,-5,5
67126,53,63,-10,10
67127,76,90,-14,14
67128,117,111,6,6
67129,75,76,-1,1
67130,138,143,-5,5
67131,82,81,1,1
67132,79,79,0,0
67133,83,92,-9,9
67134,79,76,3,3
67135,141,128,13,13
67136,76,73,3,3
67137,165,142,23,23
67138,150,144,6,6
67139,65,64,1,1
67140,37,46,-9,9
67141,55,57,-2,2
67142,227,229,-2,2
67143,82,88,-6,6
67144,70,70,0,0
67145,57,60,-3,3
67146,73,69,4,4
67147,78,68,10,10
67148,58,60,-2,2
67149,87,86,1,1
67150,48,59,-11,11
67151,127,134,-7,7
67152,65,65,0,0
67153,111,101,10,10
67154,74,79,-5,5
67155,103,98,5,5
67156,91,80,11,11
67157,188,185,3,3
67158,98,105,-7,7
67159,86,85,1,1
67160,68,67,1,1
67161,99,97,2,2
67162,68,69,-1,1
67163,87,84,3,3
67164,110,115,-5,5
67165,53,64,-11,11
67166,75,69,6,6
67167,113,108,5,5
67168,103,139,-36,36
67169,48,55,-7,7
67170,180,156,24,24
67171,67,75,-8,8
67172,69,80,-11,11
67173,114,125,-11,11
67174,82,85,-3,3
67175,152,147,5,5
67176,108,104,4,4
67177,126,129,-3,3
67178,126,140,-14,14
67179,68,90,-22,22
67180,111,107,4,4
67181,127,117,10,10
67182,106,97,9,9
67183,93,102,-9,9
67184,134,134,0,0
67185,65,74,-9,9
67186,129,118,11,11
67187,84,79,5,5
67188,64,68,-4,4
67189,147,141,6,6
67190,123,123,0,0
67191,102,95,7,7
67192,66,62,4,4
67193,56,65,-9,9
67194,99,109,-10,10
67195,92,86,6,6
67196,96,89,7,7
67197,125,138,-13,13
67198,85,82,3,3
67199,100,104,-4,4
67200,77,86,-9,9
67201,69,69,0,0
67202,95,95,0,0
67203,87,89,-2,2
67204,112,111,1,1
67205,124,117,7,7
67206,99,85,14,14
67207,65,61,4,4
67208,119,111,8,8
67209,66,70,-4,4
67210,89,83,6,6
67211,139,143,-4,4
67212,111,107,4,4
67213,81,95,-14,14
67214,100,102,-2,2
67215,82,76,6,6
67216,145,160,-15,15
67217,91,95,-4,4
67218,187,193,-6,6
67219,84,86,-2,2
67220,45,52,-7,7
67221,116,108,8,8
67222,69,79,-10,10
67223,80,87,-7,7
67224,44,38,6,6
67225,93,106,-13,13
67226,58,62,-4,4
67227,74,77,-3,3
67228,74,79,-5,5
67229,99,116,-17,17
67230,93,84,9,9
67231,67,86,-19,19
67232,108,101,7,7
67233,108,118,-10,10
67234,116,101,15,15
67235,127,98,29,29
67236,98,87,11,11
67237,115,117,-2,2
67238,131,124,7,7
67239,185,186,-1,1
67240,120,101,19,19
67241,75,77,-2,2
67242,165,137,28,28
67243,44,78,-34,34
67244,82,85,-3,3
67245,66,74,-8,8
67246,72,74,-2,2
67247,137,123,14,14
67248,66,76,-10,10
67249,79,95,-16,16
67250,48,55,-7,7
67251,76,72,4,4
67252,87,89,-2,2
67253,90,79,11,11
67254,67,72,-5,5
67255,139,135,4,4
67256,52,63,-11,11
67257,97,89,8,8
67258,135,129,6,6
67259,60,51,9,9
67260,65,69,-4,4
67261,61,52,9,9
67262,175,166,9,9
67263,146,132,14,14
67264,64,60,4,4
67265,122,119,3,3
67266,66,70,-4,4
67267,62,61,1,1
67268,97,111,-14,14
67269,117,126,-9,9
67270,72,73,-1,1
67271,66,90,-24,24
67272,147,129,18,18
67273,139,134,5,5
67274,143,146,-3,3
67275,106,97,9,9
67276,81,97,-16,16
67277,85,75,10,10
67278,112,101,11,11
67279,74,87,-13,13
67280,157,156,1,1
67281,76,79,-3,3
67282,69,71,-2,2
67283,133,131,2,2
67284,79,91,-12,12
67285,58,59,-1,1
67286,111,116,-5,5
67287,195,172,23,23
67288,129,101,28,28
67289,58,46,12,12
67290,101,113,-12,12
67291,186,191,-5,5
67292,76,74,2,2
67293,72,75,-3,3
67294,100,109,-9,9
67295,60,62,-2,2
67296,59,65,-6,6
67297,118,118,0,0
67298,195,183,12,12
67299,92,91,1,1
67300,245,240,5,5
67301,102,106,-4,4
67302,84,90,-6,6
67303,95,100,-5,5
67304,126,115,11,11
67305,101,97,4,4
67306,192,180,12,12
67307,118,112,6,6
67308,72,83,-11,11
67309,66,76,-10,10
67310,72,75,-3,3
67311,75,74,1,1
67312,47,51,-4,4
67313,53,60,-7,7
67314,75,84,-9,9
67315,77,94,-17,17
67316,133,129,4,4
67317,66,69,-3,3
67318,122,135,-13,13
67319,151,161,-10,10
67320,95,120,-25,25
67321,70,83,-13,13
67322,66,66,0,0
67323,101,95,6,6
67324,92,88,4,4
67325,94,90,4,4
67326,80,66,14,14
67327,86,90,-4,4
67328,99,91,8,8
67329,167,155,12,12
67330,104,94,10,10
67331,92,82,10,10
67332,82,83,-1,1
67333,93,89,4,4
67334,57,63,-6,6
67335,80,74,6,6
67336,154,137,17,17
67337,92,87,5,5
67338,121,107,14,14
67339,90,98,-8,8
67340,94,100,-6,6
67341,100,108,-8,8
67342,55,59,-4,4
67343,179,178,1,1
67344,157,141,16,16
67345,58,76,-18,18
67346,94,112,-18,18
67347,85,82,3,3
67348,55,66,-11,11
67349,72,65,7,7
67350,114,128,-14,14
67351,99,99,0,0
67352,75,69,6,6
67353,45,45,0,0
67354,58,61,-3,3
67355,110,103,7,7
67356,69,76,-7,7
67357,68,69,-1,1
67358,102,95,7,7
67359,77,79,-2,2
67360,85,82,3,3
67361,112,116,-4,4
67362,40,61,-21,21
67363,73,83,-10,10
67364,76,89,-13,13
67365,65,65,0,0
67366,72,106,-34,34
67367,89,112,-23,23
67368,110,112,-2,2
67369,91,91,0,0
67370,59,91,-32,32
67371,90,84,6,6
67372,84,84,0,0
67373,130,123,7,7
67374,63,62,1,1
67375,63,68,-5,5
67376,87,90,-3,3
67377,106,117,-11,11
67378,145,147,-2,2
67379,128,130,-2,2
67380,81,83,-2,2
67381,111,100,11,11
67382,76,86,-10,10
67383,53,62,-9,9
67384,82,92,-10,10
67385,100,106,-6,6
67386,74,89,-15,15
67387,105,111,-6,6
67388,58,59,-1,1
67389,102,108,-6,6
67390,113,107,6,6
67391,99,103,-4,4
67392,113,110,3,3
67393,55,67,-12,12
67394,98,91,7,7
67395,108,123,-15,15
67396,54,52,2,2
67397,99,98,1,1
67398,78,81,-3,3
67399,68,71,-3,3
67400,45,47,-2,2
67401,71,76,-5,5
67402,216,203,13,13
67403,103,104,-1,1
67404,77,77,0,0
67405,64,66,-2,2
67406,108,120,-12,12
67407,106,92,14,14
67408,124,117,7,7
67409,71,73,-2,2
67410,91,81,10,10
67411,80,90,-10,10
67412,122,116,6,6
67413,105,106,-1,1
67414,80,76,4,4
67415,142,126,16,16
67416,64,87,-23,23
67417,95,84,11,11
67418,112,122,-10,10
67419,83,80,3,3
67420,147,140,7,7
67421,47,52,-5,5
67422,80,88,-8,8
67423,104,112,-8,8
67424,71,74,-3,3
67425,67,67,0,0
67426,69,73,-4,4
67427,82,83,-1,1
67428,85,75,10,10
67429,144,134,10,10
67430,81,89,-8,8
67431,141,139,2,2
67432,86,87,-1,1
67433,176,180,-4,4
67434,74,64,10,10
67435,91,90,1,1
67436,102,88,14,14
67437,74,70,4,4
67438,97,91,6,6
67439,60,67,-7,7
67440,97,101,-4,4
67441,119,111,8,8
67442,97,107,-10,10
67443,70,73,-3,3
67444,102,83,19,19
67445,61,66,-5,5
67446,86,72,14,14
67447,45,48,-3,3
67448,51,54,-3,3
67449,130,119,11,11
67450,74,84,-10,10
67451,78,85,-7,7
67452,163,152,11,11
67453,52,67,-15,15
67454,99,97,2,2
67455,84,89,-5,5
67456,109,104,5,5
67457,84,80,4,4
67458,88,103,-15,15
67459,117,111,6,6
67460,186,178,8,8
67461,55,50,5,5
67462,65,76,-11,11
67463,119,147,-28,28
67464,71,75,-4,4
67465,87,73,14,14
67466,51,60,-9,9
67467,46,57,-11,11
67468,61,65,-4,4
67469,103,97,6,6
67470,84,79,5,5
67471,56,63,-7,7
67472,73,75,-2,2
67473,84,85,-1,1
67474,127,114,13,13
67475,178,169,9,9
67476,71,77,-6,6
67477,107,104,3,3
67478,111,107,4,4
67479,69,72,-3,3
67480,94,98,-4,4
67481,45,58,-13,13
67482,94,106,-12,12
67483,120,116,4,4
67484,63,66,-3,3
67485,78,58,20,20
67486,40,57,-17,17
67487,114,113,1,1
67488,112,109,3,3
67489,152,143,9,9
67490,184,160,24,24
67491,84,80,4,4
67492,122,112,10,10
67493,108,102,6,6
67494,64,76,-12,12
67495,114,111,3,3
67496,143,150,-7,7
67497,97,91,6,6
67498,99,100,-1,1
67499,145,150,-5,5
67500,63,84,-21,21
67501,111,116,-5,5
67502,68,75,-7,7
67503,108,122,-14,14
67504,94,81,13,13
67505,77,79,-2,2
67506,49,54,-5,5
67507,82,77,5,5
67508,66,67,-1,1
67509,74,68,6,6
67510,142,142,0,0
67511,82,84,-2,2
67512,87,82,5,5
67513,78,85,-7,7
67514,58,63,-5,5
67515,108,110,-2,2
67516,50,82,-32,32
67517,170,150,20,20
67518,74,82,-8,8
67519,102,107,-5,5
67520,95,87,8,8
67521,90,88,2,2
67522,118,108,10,10
67523,70,66,4,4
67524,111,108,3,3
67525,96,109,-13,13
67526,81,80,1,1
67527,110,99,11,11
67528,94,87,7,7
67529,99,113,-14,14
67530,107,110,-3,3
67531,129,133,-4,4
67532,135,129,6,6
67533,123,127,-4,4
67534,67,70,-3,3
67535,79,84,-5,5
67536,91,90,1,1
67537,72,75,-3,3
67538,150,156,-6,6
67539,117,126,-9,9
67540,60,69,-9,9
67541,102,103,-1,1
67542,32,45,-13,13
67543,65,66,-1,1
67544,163,151,12,12
67545,99,88,11,11
67546,76,75,1,1
67547,146,134,12,12
67548,137,140,-3,3
67549,131,132,-1,1
67550,152,150,2,2
67551,93,113,-20,20
67552,78,79,-1,1
67553,83,81,2,2
67554,109,108,1,1
67555,134,155,-21,21
67556,56,73,-17,17
67557,82,81,1,1
67558,50,38,12,12
67559,104,95,9,9
67560,78,78,0,0
67561,60,60,0,0
67562,137,126,11,11
67563,64,61,3,3
67564,144,143,1,1
67565,49,56,-7,7
67566,104,103,1,1
67567,66,69,-3,3
67568,71,71,0,0
67569,128,121,7,7
67570,84,98,-14,14
67571,141,147,-6,6
67572,97,91,6,6
67573,52,82,-30,30
67574,74,68,6,6
67575,98,118,-20,20
67576,71,71,0,0
67577,56,59,-3,3
67578,71,78,-7,7
67579,123,128,-5,5
67580,146,135,11,11
67581,77,74,3,3
67582,68,76,-8,8
67583,110,99,11,11
67584,85,88,-3,3
67585,162,130,32,32
67586,105,98,7,7
67587,68,67,1,1
67588,100,88,12,12
67589,103,102,1,1
67590,121,124,-3,3
67591,96,96,0,0
67592,199,157,42,42
67593,83,85,-2,2
67594,91,88,3,3
67595,61,60,1,1
67596,103,113,-10,10
67597,95,102,-7,7
67598,68,69,-1,1
67599,94,90,4,4
67600,54,57,-3,3
67601,160,138,22,22
67602,123,114,9,9
67603,154,149,5,5
67604,48,55,-7,7
67605,66,70,-4,4
67606,81,81,0,0
67607,56,57,-1,1
67608,160,152,8,8
67609,121,147,-26,26
67610,103,91,12,12
67611,126,121,5,5
67612,82,79,3,3
67613,63,82,-19,19
67614,88,82,6,6
67615,111,125,-14,14
67616,139,129,10,10
67617,103,113,-10,10
67618,74,80,-6,6
67619,133,122,11,11
67620,49,58,-9,9
67621,93,91,2,2
67622,86,86,0,0
67623,77,70,7,7
67624,56,74,-18,18
67625,66,67,-1,1
67626,132,130,2,2
67627,149,133,16,16
67628,39,41,-2,2
67629,117,110,7,7
67630,98,101,-3,3
67631,59,60,-1,1
67632,146,139,7,7
67633,106,104,2,2
67634,63,74,-11,11
67635,90,92,-2,2
67636,73,83,-10,10
67637,80,78,2,2
67638,89,81,8,8
67639,88,81,7,7
67640,51,54,-3,3
67641,85,83,2,2
67642,106,127,-21,21
67643,136,127,9,9
67644,46,56,-10,10
67645,107,112,-5,5
67646,154,161,-7,7
67647,109,109,0,0
67648,79,76,3,3
67649,94,79,15,15
67650,64,71,-7,7
67651,63,86,-23,23
67652,62,66,-4,4
67653,58,65,-7,7
67654,48,53,-5,5
67655,67,70,-3,3
67656,74,71,3,3
67657,94,91,3,3
67658,75,80,-5,5
67659,158,142,16,16
67660,134,122,12,12
67661,189,176,13,13
67662,62,68,-6,6
67663,73,72,1,1
67664,89,96,-7,7
67665,42,44,-2,2
67666,129,121,8,8
67667,65,65,0,0
67668,49,48,1,1
67669,163,150,13,13
67670,93,88,5,5
67671,185,157,28,28
67672,91,90,1,1
67673,43,51,-8,8
67674,163,166,-3,3
67675,65,69,-4,4
67676,49,41,8,8
67677,62,63,-1,1
67678,123,134,-11,11
67679,78,85,-7,7
67680,144,140,4,4
67681,75,106,-31,31
67682,83,78,5,5
67683,122,119,3,3
67684,92,97,-5,5
67685,101,108,-7,7
67686,75,93,-18,18
67687,130,128,2,2
67688,160,169,-9,9
67689,58,66,-8,8
67690,154,143,11,11
67691,101,105,-4,4
67692,54,67,-13,13
67693,177,167,10,10
67694,198,184,14,14
67695,98,115,-17,17
67696,87,99,-12,12
67697,116,120,-4,4
67698,63,56,7,7
67699,95,89,6,6
67700,57,59,-2,2
67701,64,57,7,7
67702,69,64,5,5
67703,79,83,-4,4
67704,89,99,-10,10
67705,53,53,0,0
67706,94,99,-5,5
67707,85,94,-9,9
67708,85,89,-4,4
67709,80,91,-11,11
67710,80,90,-10,10
67711,95,93,2,2
67712,95,92,3,3
67713,72,72,0,0
67714,59,64,-5,5
67715,122,112,10,10
67716,76,76,0,0
67717,103,93,10,10
67718,80,83,-3,3
67719,84,96,-12,12
67720,108,108,0,0
67721,94,96,-2,2
67722,128,122,6,6
67723,121,125,-4,4
67724,156,136,20,20
67725,120,112,8,8
67726,97,97,0,0
67727,87,97,-10,10
67728,116,110,6,6
67729,48,53,-5,5
67730,139,144,-5,5
67731,93,91,2,2
67732,184,201,-17,17
67733,62,60,2,2
67734,116,129,-13,13
67735,114,105,9,9
67736,104,99,5,5
67737,94,92,2,2
67738,169,161,8,8
67739,89,97,-8,8
67740,91,98,-7,7
67741,97,104,-7,7
67742,111,101,10,10
67743,69,71,-2,2
67744,120,108,12,12
67745,105,111,-6,6
67746,99,105,-6,6
67747,37,65,-28,28
67748,105,95,10,10
67749,69,66,3,3
67750,67,68,-1,1
67751,31,44,-13,13
67752,60,68,-8,8
67753,90,99,-9,9
67754,74,76,-2,2
67755,123,119,4,4
67756,97,94,3,3
67757,55,58,-3,3
67758,127,119,8,8
67759,122,127,-5,5
67760,103,115,-12,12
67761,141,139,2,2
67762,67,67,0,0
67763,113,118,-5,5
67764,135,133,2,2
67765,203,187,16,16
67766,88,89,-1,1
67767,94,100,-6,6
67768,103,105,-2,2
67769,86,92,-6,6
67770,143,139,4,4
67771,52,54,-2,2
67772,75,84,-9,9
67773,114,123,-9,9
67774,92,84,8,8
67775,113,116,-3,3
67776,123,127,-4,4
67777,68,78,-10,10
67778,86,105,-19,19
67779,27,41,-14,14
67780,126,118,8,8
67781,89,87,2,2
67782,113,127,-14,14
67783,106,104,2,2
67784,90,90,0,0
67785,82,78,4,4
67786,88,106,-18,18
67787,97,99,-2,2
67788,141,140,1,1
67789,123,113,10,10
67790,188,198,-10,10
67791,108,116,-8,8
67792,73,75,-2,2
67793,104,106,-2,2
67794,87,93,-6,6
67795,78,88,-10,10
67796,75,74,1,1
67797,153,143,10,10
67798,74,67,7,7
67799,129,123,6,6
67800,117,111,6,6
67801,82,90,-8,8
67802,103,104,-1,1
67803,93,81,12,12
67804,89,79,10,10
67805,44,45,-1,1
67806,76,80,-4,4
67807,79,92,-13,13
67808,87,89,-2,2
67809,38,46,-8,8
67810,120,124,-4,4
67811,88,95,-7,7
67812,155,139,16,16
67813,120,107,13,13
67814,89,89,0,0
67815,100,96,4,4
67816,66,62,4,4
67817,85,95,-10,10
67818,90,79,11,11
67819,126,123,3,3
67820,153,131,22,22
67821,83,82,1,1
67822,113,114,-1,1
67823,88,88,0,0
67824,152,154,-2,2
67825,104,100,4,4
67826,75,77,-2,2
67827,48,51,-3,3
67828,127,133,-6,6
67829,79,67,12,12
67830,117,111,6,6
67831,63,70,-7,7
67832,113,123,-10,10
67833,143,160,-17,17
67834,110,111,-1,1
67835,75,91,-16,16
67836,48,63,-15,15
67837,64,94,-30,30
67838,99,101,-2,2
67839,91,89,2,2
67840,111,108,3,3
67841,89,89,0,0
67842,141,155,-14,14
67843,101,99,2,2
67844,74,74,0,0
67845,124,109,15,15
67846,115,110,5,5
67847,94,98,-4,4
67848,110,109,1,1
67849,70,79,-9,9
67850,89,101,-12,12
67851,53,58,-5,5
67852,85,96,-11,11
67853,166,154,12,12
67854,77,73,4,4
67855,76,69,7,7
67856,137,137,0,0
67857,79,93,-14,14
67858,144,120,24,24
67859,57,53,4,4
67860,102,102,0,0
67861,77,81,-4,4
67862,105,118,-13,13
67863,99,96,3,3
67864,40,47,-7,7
67865,96,95,1,1
67866,99,94,5,5
67867,69,69,0,0
67868,111,104,7,7
67869,119,121,-2,2
67870,152,131,21,21
67871,138,127,11,11
67872,146,165,-19,19
67873,79,105,-26,26
67874,113,108,5,5
67875,65,73,-8,8
67876,135,122,13,13
67877,58,49,9,9
67878,68,78,-10,10
67879,103,92,11,11
67880,110,121,-11,11
67881,57,63,-6,6
67882,191,175,16,16
67883,87,82,5,5
67884,130,121,9,9
67885,94,91,3,3
67886,101,107,-6,6
67887,52,51,1,1
67888,134,136,-2,2
67889,75,70,5,5
67890,91,94,-3,3
67891,109,98,11,11
67892,96,91,5,5
67893,55,54,1,1
67894,114,104,10,10
67895,159,145,14,14
67896,74,74,0,0
67897,89,102,-13,13
67898,45,54,-9,9
67899,50,70,-20,20
67900,78,76,2,2
67901,136,149,-13,13
67902,81,78,3,3
67903,104,93,11,11
67904,42,53,-11,11
67905,45,53,-8,8
67906,91,76,15,15
67907,81,78,3,3
67908,73,76,-3,3
67909,163,146,17,17
67910,62,63,-1,1
67911,62,76,-14,14
67912,117,102,15,15
67913,91,99,-8,8
67914,81,99,-18,18
67915,183,165,18,18
67916,115,122,-7,7
67917,45,58,-13,13
67918,67,71,-4,4
67919,73,81,-8,8
67920,115,117,-2,2
67921,143,136,7,7
67922,122,107,15,15
67923,158,136,22,22
67924,132,134,-2,2
67925,56,56,0,0
67926,138,140,-2,2
67927,128,122,6,6
67928,170,156,14,14
67929,101,98,3,3
67930,147,157,-10,10
67931,116,121,-5,5
67932,97,123,-26,26
67933,116,116,0,0
67934,73,72,1,1
67935,58,58,0,0
67936,99,95,4,4
67937,148,155,-7,7
67938,56,58,-2,2
67939,144,149,-5,5
67940,73,66,7,7
67941,124,133,-9,9
67942,58,86,-28,28
67943,72,79,-7,7
67944,57,49,8,8
67945,77,71,6,6
67946,93,91,2,2
67947,136,128,8,8
67948,56,56,0,0
67949,106,95,11,11
67950,68,65,3,3
67951,107,110,-3,3
67952,137,135,2,2
67953,51,53,-2,2
67954,161,158,3,3
67955,75,75,0,0
67956,207,199,8,8
67957,134,153,-19,19
67958,139,128,11,11
67959,85,89,-4,4
67960,64,61,3,3
67961,57,64,-7,7
67962,87,93,-6,6
67963,143,146,-3,3
67964,89,96,-7,7
67965,78,94,-16,16
67966,73,89,-16,16
67967,188,186,2,2
67968,115,98,17,17
67969,119,98,21,21
67970,74,79,-5,5
67971,96,104,-8,8
67972,64,63,1,1
67973,117,123,-6,6
67974,127,119,8,8
67975,70,79,-9,9
67976,97,109,-12,12
67977,163,155,8,8
67978,143,120,23,23
67979,69,76,-7,7
67980,98,104,-6,6
67981,87,83,4,4
67982,100,103,-3,3
67983,111,123,-12,12
67984,129,131,-2,2
67985,94,81,13,13
67986,124,129,-5,5
67987,70,79,-9,9
67988,64,70,-6,6
67989,131,137,-6,6
67990,81,92,-11,11
67991,121,114,7,7
67992,139,129,10,10
67993,49,58,-9,9
67994,54,60,-6,6
67995,109,119,-10,10
67996,71,73,-2,2
67997,124,114,10,10
67998,110,93,17,17
67999,103,111,-8,8
68000,104,116,-12,12
68001,95,116,-21,21
68002,85,81,4,4
68003,83,75,8,8
68004,111,119,-8,8
68005,68,52,16,16
68006,76,75,1,1
68007,47,55,-8,8
68008,143,127,16,16
68009,64,67,-3,3
68010,102,102,0,0
68011,77,81,-4,4
68012,52,63,-11,11
68013,52,59,-7,7
68014,75,80,-5,5
68015,83,73,10,10
68016,70,69,1,1
68017,44,55,-11,11
68018,41,49,-8,8
68019,77,76,1,1
68020,53,55,-2,2
68021,132,137,-5,5
68022,112,116,-4,4
68023,81,75,6,6
68024,85,84,1,1
68025,90,100,-10,10
68026,51,52,-1,1
68027,55,64,-9,9
68028,45,62,-17,17
68029,52,57,-5,5
68030,98,99,-1,1
68031,72,66,6,6
68032,239,238,1,1
68033,123,113,10,10
68034,164,144,20,20
68035,75,87,-12,12
68036,145,143,2,2
68037,63,64,-1,1
68038,63,98,-35,35
68039,100,99,1,1
68040,110,119,-9,9
68041,76,88,-12,12
68042,94,102,-8,8
68043,109,94,15,15
68044,59,74,-15,15
68045,140,153,-13,13
68046,83,76,7,7
68047,136,127,9,9
68048,50,68,-18,18
68049,85,82,3,3
68050,113,99,14,14
68051,49,53,-4,4
68052,98,87,11,11
68053,80,72,8,8
68054,95,96,-1,1
68055,129,133,-4,4
68056,89,84,5,5
68057,115,110,5,5
68058,73,77,-4,4
68059,75,81,-6,6
68060,168,151,17,17
68061,52,58,-6,6
68062,76,71,5,5
68063,104,103,1,1
68064,124,115,9,9
68065,113,121,-8,8
68066,80,80,0,0
68067,79,108,-29,29
68068,89,88,1,1
68069,90,78,12,12
68070,46,54,-8,8
68071,80,76,4,4
68072,108,118,-10,10
68073,46,53,-7,7
68074,106,103,3,3
68075,139,136,3,3
68076,99,106,-7,7
68077,50,54,-4,4
68078,65,64,1,1
68079,69,72,-3,3
68080,125,120,5,5
68081,97,101,-4,4
68082,84,84,0,0
68083,114,110,4,4
68084,39,47,-8,8
68085,106,92,14,14
68086,88,92,-4,4
68087,80,93,-13,13
68088,178,147,31,31
68089,104,109,-5,5
68090,76,76,0,0
68091,108,95,13,13
68092,82,96,-14,14
68093,44,68,-24,24
68094,67,65,2,2
68095,69,71,-2,2
68096,69,54,15,15
68097,112,107,5,5
68098,151,140,11,11
68099,47,56,-9,9
68100,70,68,2,2
68101,86,83,3,3
68102,95,94,1,1
68103,68,71,-3,3
68104,44,53,-9,9
68105,70,80,-10,10
68106,132,135,-3,3
68107,66,70,-4,4
68108,104,101,3,3
68109,155,172,-17,17
68110,136,131,5,5
68111,74,68,6,6
68112,109,105,4,4
68113,88,100,-12,12
68114,156,145,11,11
68115,153,131,22,22
68116,83,73,10,10
68117,88,83,5,5
68118,167,172,-5,5
68119,44,45,-1,1
68120,124,121,3,3
68121,71,69,2,2
68122,131,124,7,7
68123,94,93,1,1
68124,64,69,-5,5
68125,81,84,-3,3
68126,69,63,6,6
68127,52,50,2,2
68128,84,90,-6,6
68129,59,65,-6,6
68130,117,113,4,4
68131,115,106,9,9
68132,86,94,-8,8
68133,111,107,4,4
68134,69,74,-5,5
68135,119,118,1,1
68136,73,71,2,2
68137,81,78,3,3
68138,79,96,-17,17
68139,89,102,-13,13
68140,51,54,-3,3
68141,63,67,-4,4
68142,87,94,-7,7
68143,116,113,3,3
68144,115,112,3,3
68145,111,114,-3,3
68146,38,37,1,1
68147,130,146,-16,16
68148,100,94,6,6
68149,60,59,1,1
68150,91,82,9,9
68151,67,72,-5,5
68152,73,69,4,4
68153,152,161,-9,9
68154,199,179,20,20
68155,156,144,12,12
68156,61,70,-9,9
68157,109,100,9,9
68158,69,75,-6,6
68159,87,90,-3,3
68160,65,71,-6,6
68161,83,88,-5,5
68162,94,90,4,4
68163,104,85,19,19
68164,72,76,-4,4
68165,74,91,-17,17
68166,93,83,10,10
68167,88,80,8,8
68168,88,85,3,3
68169,75,87,-12,12
68170,102,110,-8,8
68171,72,76,-4,4
68172,95,85,10,10
68173,98,97,1,1
68174,86,88,-2,2
68175,91,108,-17,17
68176,67,67,0,0
68177,73,79,-6,6
68178,129,133,-4,4
68179,64,64,0,0
68180,94,90,4,4
68181,123,128,-5,5
68182,89,83,6,6
68183,45,57,-12,12
68184,95,100,-5,5
68185,77,83,-6,6
68186,61,66,-5,5
68187,151,158,-7,7
68188,53,54,-1,1
68189,109,104,5,5
68190,84,90,-6,6
68191,86,96,-10,10
68192,105,103,2,2
68193,107,115,-8,8
68194,97,105,-8,8
68195,41,45,-4,4
68196,69,75,-6,6
68197,111,88,23,23
68198,40,49,-9,9
68199,140,142,-2,2
68200,65,67,-2,2
68201,149,122,27,27
68202,46,49,-3,3
68203,103,101,2,2
68204,80,86,-6,6
68205,41,55,-14,14
68206,97,135,-38,38
68207,65,72,-7,7
68208,124,156,-32,32
68209,65,66,-1,1
68210,85,81,4,4
68211,151,151,0,0
68212,75,68,7,7
68213,92,95,-3,3
68214,96,93,3,3
68215,120,84,36,36
68216,71,66,5,5
68217,77,79,-2,2
68218,84,89,-5,5
68219,100,100,0,0
68220,105,125,-20,20
68221,123,106,17,17
68222,53,58,-5,5
68223,178,165,13,13
68224,99,99,0,0
68225,64,69,-5,5
68226,78,86,-8,8
68227,108,100,8,8
68228,77,67,10,10
68229,157,168,-11,11
68230,72,79,-7,7
68231,68,71,-3,3
68232,87,76,11,11
68233,70,73,-3,3
68234,52,63,-11,11
68235,85,83,2,2
68236,100,104,-4,4
68237,71,72,-1,1
68238,109,119,-10,10
68239,154,176,-22,22
68240,96,75,21,21
68241,78,95,-17,17
68242,82,94,-12,12
68243,114,102,12,12
68244,103,106,-3,3
68245,118,111,7,7
68246,87,97,-10,10
68247,121,121,0,0
68248,94,101,-7,7
68249,62,57,5,5
68250,89,89,0,0
68251,105,98,7,7
68252,85,89,-4,4
68253,79,94,-15,15
68254,86,86,0,0
68255,100,101,-1,1
68256,104,100,4,4
68257,83,88,-5,5
68258,90,83,7,7
68259,112,130,-18,18
68260,69,73,-4,4
68261,121,103,18,18
68262,84,88,-4,4
68263,87,85,2,2
68264,92,94,-2,2
68265,147,149,-2,2
68266,86,84,2,2
68267,89,87,2,2
68268,52,67,-15,15
68269,110,112,-2,2
68270,145,125,20,20
68271,87,85,2,2
68272,107,91,16,16
68273,145,130,15,15
68274,55,55,0,0
68275,51,65,-14,14
68276,95,92,3,3
68277,101,100,1,1
68278,72,72,0,0
68279,90,82,8,8
68280,91,81,10,10
68281,94,113,-19,19
68282,60,68,-8,8
68283,59,58,1,1
68284,96,88,8,8
68285,55,59,-4,4
68286,101,84,17,17
68287,95,101,-6,6
68288,113,110,3,3
68289,77,71,6,6
68290,114,131,-17,17
68291,101,105,-4,4
68292,100,102,-2,2
68293,64,63,1,1
68294,100,87,13,13
68295,158,133,25,25
68296,81,84,-3,3
68297,62,64,-2,2
68298,136,127,9,9
68299,156,131,25,25
68300,160,147,13,13
68301,128,135,-7,7
68302,49,57,-8,8
68303,135,129,6,6
68304,81,89,-8,8
68305,85,83,2,2
68306,74,69,5,5
68307,141,132,9,9
68308,98,101,-3,3
68309,140,121,19,19
68310,102,102,0,0
68311,91,97,-6,6
68312,68,67,1,1
68313,117,116,1,1
68314,57,58,-1,1
68315,70,66,4,4
68316,203,175,28,28
68317,96,112,-16,16
68318,128,122,6,6
68319,81,76,5,5
68320,81,98,-17,17
68321,66,63,3,3
68322,128,124,4,4
68323,150,142,8,8
68324,79,82,-3,3
68325,68,72,-4,4
68326,57,63,-6,6
68327,63,76,-13,13
68328,110,102,8,8
68329,84,83,1,1
68330,84,76,8,8
68331,59,66,-7,7
68332,101,96,5,5
68333,73,74,-1,1
68334,82,91,-9,9
68335,163,160,3,3
68336,113,116,-3,3
68337,95,75,20,20
68338,73,77,-4,4
68339,83,74,9,9
68340,114,125,-11,11
68341,136,124,12,12
68342,86,93,-7,7
68343,81,81,0,0
68344,108,113,-5,5
68345,149,164,-15,15
68346,101,101,0,0
68347,78,79,-1,1
68348,126,122,4,4
68349,122,122,0,0
68350,112,101,11,11
68351,67,68,-1,1
68352,62,64,-2,2
68353,112,122,-10,10
68354,171,156,15,15
68355,65,61,4,4
68356,97,90,7,7
68357,43,50,-7,7
68358,71,70,1,1
68359,71,66,5,5
68360,55,50,5,5
68361,72,81,-9,9
68362,85,80,5,5
68363,190,172,18,18
68364,97,97,0,0
68365,100,104,-4,4
68366,75,77,-2,2
68367,130,110,20,20
68368,60,64,-4,4
68369,105,101,4,4
68370,85,83,2,2
68371,89,94,-5,5
68372,93,100,-7,7
68373,39,57,-18,18
68374,74,77,-3,3
68375,148,152,-4,4
68376,136,136,0,0
68377,61,76,-15,15
68378,181,177,4,4
68379,99,91,8,8
68380,165,161,4,4
68381,97,95,2,2
68382,116,106,10,10
68383,105,100,5,5
68384,50,54,-4,4
68385,71,79,-8,8
68386,115,109,6,6
68387,61,56,5,5
68388,101,102,-1,1
68389,80,84,-4,4
68390,100,102,-2,2
68391,79,90,-11,11
68392,121,112,9,9
68393,85,94,-9,9
68394,87,90,-3,3
68395,61,69,-8,8
68396,125,134,-9,9
68397,85,95,-10,10
68398,87,84,3,3
68399,64,72,-8,8
68400,66,68,-2,2
68401,85,86,-1,1
68402,159,149,10,10
68403,132,126,6,6
68404,96,106,-10,10
68405,100,110,-10,10
68406,76,75,1,1
68407,117,123,-6,6
68408,101,109,-8,8
68409,86,87,-1,1
68410,117,108,9,9
68411,96,91,5,5
68412,55,64,-9,9
68413,145,127,18,18
68414,68,79,-11,11
68415,71,67,4,4
68416,129,124,5,5
68417,121,125,-4,4
68418,92,85,7,7
68419,57,59,-2,2
68420,50,62,-12,12
68421,56,59,-3,3
68422,52,61,-9,9
68423,61,63,-2,2
68424,164,162,2,2
68425,119,119,0,0
68426,85,87,-2,2
68427,83,80,3,3
68428,149,135,14,14
68429,103,93,10,10
68430,61,44,17,17
68431,142,129,13,13
68432,80,81,-1,1
68433,49,62,-13,13
68434,109,107,2,2
68435,101,111,-10,10
68436,77,82,-5,5
68437,160,177,-17,17
68438,108,118,-10,10
68439,137,138,-1,1
68440,125,124,1,1
68441,76,82,-6,6
68442,145,126,19,19
68443,86,87,-1,1
68444,131,126,5,5
68445,99,107,-8,8
68446,97,99,-2,2
68447,67,63,4,4
68448,107,134,-27,27
68449,87,81,6,6
68450,104,89,15,15
68451,77,67,10,10
68452,49,57,-8,8
68453,152,143,9,9
68454,138,135,3,3
68455,183,165,18,18
68456,53,58,-5,5
68457,100,85,15,15
68458,71,74,-3,3
68459,73,91,-18,18
68460,108,98,10,10
68461,85,97,-12,12
68462,72,71,1,1
68463,92,88,4,4
68464,127,127,0,0
68465,61,83,-22,22
68466,86,96,-10,10
68467,56,54,2,2
68468,104,97,7,7
68469,86,83,3,3
68470,142,142,0,0
68471,78,84,-6,6
68472,96,86,10,10
68473,75,82,-7,7
68474,88,91,-3,3
68475,69,72,-3,3
68476,62,66,-4,4
68477,107,113,-6,6
68478,65,64,1,1
68479,129,146,-17,17
68480,86,89,-3,3
68481,77,70,7,7
68482,115,106,9,9
68483,87,84,3,3
68484,32,40,-8,8
68485,80,76,4,4
68486,107,107,0,0
68487,112,131,-19,19
68488,83,84,-1,1
68489,89,92,-3,3
68490,65,69,-4,4
68491,63,62,1,1
68492,56,61,-5,5
68493,99,85,14,14
68494,88,89,-1,1
68495,130,139,-9,9
68496,59,61,-2,2
68497,157,137,20,20
68498,94,104,-10,10
68499,94,94,0,0
68500,61,67,-6,6
68501,98,110,-12,12
68502,98,93,5,5
68503,108,97,11,11
68504,122,120,2,2
68505,115,122,-7,7
68506,49,60,-11,11
68507,79,82,-3,3
68508,96,116,-20,20
68509,81,88,-7,7
68510,54,59,-5,5
68511,70,72,-2,2
68512,141,133,8,8
68513,113,238,-125,125
68514,110,120,-10,10
68515,75,81,-6,6
68516,85,89,-4,4
68517,85,77,8,8
68518,105,102,3,3
68519,62,69,-7,7
68520,39,43,-4,4
68521,83,90,-7,7
68522,103,95,8,8
68523,69,67,2,2
68524,103,101,2,2
68525,82,77,5,5
68526,98,97,1,1
68527,134,125,9,9
68528,51,81,-30,30
68529,98,93,5,5
68530,58,61,-3,3
68531,66,74,-8,8
68532,66,63,3,3
68533,139,131,8,8
68534,182,173,9,9
68535,118,138,-20,20
68536,69,63,6,6
68537,61,67,-6,6
68538,101,84,17,17
68539,126,106,20,20
68540,87,81,6,6
68541,53,64,-11,11
68542,83,69,14,14
68543,113,118,-5,5
68544,109,98,11,11
68545,60,64,-4,4
68546,113,112,1,1
68547,84,96,-12,12
68548,60,65,-5,5
68549,56,87,-31,31
68550,52,56,-4,4
68551,111,105,6,6
68552,74,78,-4,4
68553,57,59,-2,2
68554,72,75,-3,3
68555,77,66,11,11
68556,93,92,1,1
68557,167,160,7,7
68558,64,64,0,0
68559,97,92,5,5
68560,106,107,-1,1
68561,165,157,8,8
68562,86,104,-18,18
68563,146,124,22,22
68564,98,98,0,0
68565,88,95,-7,7
68566,89,93,-4,4
68567,99,93,6,6
68568,86,88,-2,2
68569,95,107,-12,12
68570,70,62,8,8
68571,91,100,-9,9
68572,98,95,3,3
68573,92,91,1,1
68574,103,89,14,14
68575,91,87,4,4
68576,58,63,-5,5
68577,61,69,-8,8
68578,53,58,-5,5
68579,83,81,2,2
68580,56,60,-4,4
68581,84,96,-12,12
68582,73,84,-11,11
68583,73,74,-1,1
68584,81,83,-2,2
68585,69,65,4,4
68586,71,70,1,1
68587,107,113,-6,6
68588,111,109,2,2
68589,107,111,-4,4
68590,115,101,14,14
68591,75,72,3,3
68592,129,117,12,12
68593,94,92,2,2
68594,52,58,-6,6
68595,146,152,-6,6
68596,99,101,-2,2
68597,93,111,-18,18
68598,57,61,-4,4
68599,102,112,-10,10
68600,58,63,-5,5
68601,95,135,-40,40
68602,92,90,2,2
68603,99,98,1,1
68604,115,124,-9,9
68605,77,74,3,3
68606,176,177,-1,1
68607,97,101,-4,4
68608,153,139,14,14
68609,74,70,4,4
68610,182,171,11,11
68611,91,92,-1,1
68612,67,89,-22,22
68613,85,88,-3,3
68614,109,109,0,0
68615,113,111,2,2
68616,111,120,-9,9
68617,95,103,-8,8
68618,74,73,1,1
68619,110,105,5,5
68620,58,56,2,2
68621,135,120,15,15
68622,108,103,5,5
68623,112,110,2,2
68624,49,60,-11,11
68625,114,119,-5,5
68626,57,63,-6,6
68627,74,76,-2,2
68628,99,96,3,3
68629,96,90,6,6
68630,88,88,0,0
68631,79,86,-7,7
68632,82,72,10,10
68633,99,97,2,2
68634,116,111,5,5
68635,80,79,1,1
68636,120,112,8,8
68637,70,66,4,4
68638,74,64,10,10
68639,55,59,-4,4
68640,97,89,8,8
68641,74,73,1,1
68642,92,98,-6,6
68643,71,72,-1,1
68644,86,84,2,2
68645,66,66,0,0
68646,74,69,5,5
68647,90,90,0,0
68648,110,103,7,7
68649,94,97,-3,3
68650,101,100,1,1
68651,115,115,0,0
68652,91,97,-6,6
68653,102,106,-4,4
68654,116,123,-7,7
68655,130,130,0,0
68656,45,54,-9,9
68657,77,82,-5,5
68658,117,127,-10,10
68659,109,109,0,0
68660,94,92,2,2
68661,130,119,11,11
68662,37,51,-14,14
68663,73,78,-5,5
68664,79,70,9,9
68665,80,91,-11,11
68666,143,135,8,8
68667,69,75,-6,6
68668,143,141,2,2
68669,105,101,4,4
68670,150,140,10,10
68671,94,92,2,2
68672,107,111,-4,4
68673,64,72,-8,8
68674,154,139,15,15
68675,129,127,2,2
68676,118,118,0,0
68677,86,88,-2,2
68678,98,100,-2,2
68679,134,143,-9,9
68680,96,101,-5,5
68681,90,88,2,2
68682,173,175,-2,2
68683,83,88,-5,5
68684,168,158,10,10
68685,97,101,-4,4
68686,88,93,-5,5
68687,54,54,0,0
68688,142,122,20,20
68689,152,123,29,29
68690,75,84,-9,9
68691,73,66,7,7
68692,170,189,-19,19
68693,82,89,-7,7
68694,103,119,-16,16
68695,135,126,9,9
68696,98,97,1,1
68697,190,177,13,13
68698,110,94,16,16
68699,56,63,-7,7
68700,160,154,6,6
68701,86,104,-18,18
68702,105,107,-2,2
68703,42,52,-10,10
68704,148,167,-19,19
68705,78,78,0,0
68706,108,108,0,0
68707,81,82,-1,1
68708,135,138,-3,3
68709,84,98,-14,14
68710,115,108,7,7
68711,124,119,5,5
68712,67,79,-12,12
68713,97,91,6,6
68714,90,96,-6,6
68715,158,160,-2,2
68716,162,160,2,2
68717,165,148,17,17
68718,76,85,-9,9
68719,174,178,-4,4
68720,125,99,26,26
68721,155,144,11,11
68722,80,87,-7,7
68723,150,147,3,3
68724,54,58,-4,4
68725,119,105,14,14
68726,83,80,3,3
68727,56,68,-12,12
68728,69,80,-11,11
68729,94,93,1,1
68730,103,109,-6,6
68731,120,113,7,7
68732,119,125,-6,6
68733,92,92,0,0
68734,102,95,7,7
68735,75,74,1,1
68736,64,60,4,4
68737,175,150,25,25
68738,66,66,0,0
68739,69,69,0,0
68740,66,66,0,0
68741,42,49,-7,7
68742,222,191,31,31
68743,161,140,21,21
68744,139,125,14,14
68745,88,88,0,0
68746,81,78,3,3
68747,160,166,-6,6
68748,100,102,-2,2
68749,64,73,-9,9
68750,26,38,-12,12
68751,126,126,0,0
68752,49,57,-8,8
68753,101,96,5,5
68754,78,73,5,5
68755,82,82,0,0
68756,68,69,-1,1
68757,90,89,1,1
68758,78,76,2,2
68759,114,109,5,5
68760,160,145,15,15
68761,108,100,8,8
68762,93,97,-4,4
68763,52,55,-3,3
68764,142,137,5,5
68765,151,166,-15,15
68766,118,122,-4,4
68767,90,88,2,2
68768,103,94,9,9
68769,126,118,8,8
68770,121,111,10,10
68771,111,119,-8,8
68772,87,86,1,1
68773,48,52,-4,4
68774,86,77,9,9
68775,60,116,-56,56
68776,162,136,26,26
68777,98,92,6,6
68778,134,97,37,37
68779,147,155,-8,8
68780,113,127,-14,14
68781,79,70,9,9
68782,76,72,4,4
68783,72,80,-8,8
68784,59,68,-9,9
68785,151,134,17,17
68786,114,105,9,9
68787,71,71,0,0
68788,146,155,-9,9
68789,83,77,6,6
68790,65,54,11,11
68791,60,61,-1,1
68792,113,102,11,11
68793,146,132,14,14
68794,103,98,5,5
68795,123,121,2,2
68796,59,70,-11,11
68797,158,144,14,14
68798,114,102,12,12
68799,133,127,6,6
68800,151,137,14,14
68801,41,46,-5,5
68802,80,76,4,4
68803,71,70,1,1
68804,88,90,-2,2
68805,94,108,-14,14
68806,41,49,-8,8
68807,129,138,-9,9
68808,126,119,7,7
68809,132,112,20,20
68810,38,50,-12,12
68811,81,82,-1,1
68812,97,95,2,2
68813,99,95,4,4
68814,159,154,5,5
68815,113,111,2,2
68816,42,56,-14,14
68817,176,164,12,12
68818,96,87,9,9
68819,122,114,8,8
68820,134,136,-2,2
68821,63,62,1,1
68822,81,77,4,4
68823,94,95,-1,1
68824,122,115,7,7
68825,99,90,9,9
68826,103,111,-8,8
68827,77,114,-37,37
68828,90,101,-11,11
68829,139,119,20,20
68830,74,54,20,20
68831,83,83,0,0
68832,84,84,0,0
68833,108,101,7,7
68834,80,80,0,0
68835,117,123,-6,6
68836,81,64,17,17
68837,73,72,1,1
68838,146,134,12,12
68839,83,84,-1,1
68840,71,74,-3,3
68841,99,109,-10,10
68842,52,46,6,6
68843,97,102,-5,5
68844,80,77,3,3
68845,112,111,1,1
68846,57,74,-17,17
68847,105,102,3,3
68848,145,151,-6,6
68849,104,100,4,4
68850,94,85,9,9
68851,109,116,-7,7
68852,73,64,9,9
68853,54,51,3,3
68854,99,94,5,5
68855,204,190,14,14
68856,42,49,-7,7
68857,40,44,-4,4
68858,61,56,5,5
68859,98,100,-2,2
68860,88,94,-6,6
68861,107,122,-15,15
68862,101,98,3,3
68863,156,144,12,12
68864,43,56,-13,13
68865,85,90,-5,5
68866,130,122,8,8
68867,49,62,-13,13
68868,82,78,4,4
68869,105,98,7,7
68870,141,138,3,3
68871,124,137,-13,13
68872,149,171,-22,22
68873,61,57,4,4
68874,163,171,-8,8
68875,94,101,-7,7
68876,64,67,-3,3
68877,129,146,-17,17
68878,71,74,-3,3
68879,95,101,-6,6
68880,106,106,0,0
68881,103,88,15,15
68882,81,75,6,6
68883,89,82,7,7
68884,144,130,14,14
68885,64,75,-11,11
68886,37,113,-76,76
68887,87,84,3,3
68888,34,42,-8,8
68889,94,101,-7,7
68890,84,87,-3,3
68891,76,74,2,2
68892,79,77,2,2
68893,96,110,-14,14
68894,99,80,19,19
68895,102,103,-1,1
68896,66,67,-1,1
68897,96,86,10,10
68898,75,74,1,1
68899,98,97,1,1
68900,75,75,0,0
68901,106,107,-1,1
68902,85,87,-2,2
68903,104,117,-13,13
68904,83,96,-13,13
68905,92,93,-1,1
68906,110,127,-17,17
68907,89,111,-22,22
68908,148,143,5,5
68909,105,99,6,6
68910,90,89,1,1
68911,42,53,-11,11
68912,102,102,0,0
68913,142,144,-2,2
68914,122,119,3,3
68915,109,107,2,2
68916,101,111,-10,10
68917,89,93,-4,4
68918,118,126,-8,8
68919,146,144,2,2
68920,100,101,-1,1
68921,99,91,8,8
68922,62,56,6,6
68923,84,83,1,1
68924,62,66,-4,4
68925,190,180,10,10
68926,105,113,-8,8
68927,101,97,4,4
68928,69,72,-3,3
68929,105,100,5,5
68930,135,130,5,5
68931,162,163,-1,1
68932,96,96,0,0
68933,80,76,4,4
68934,83,87,-4,4
68935,133,125,8,8
68936,77,78,-1,1
68937,130,129,1,1
68938,143,153,-10,10
68939,83,89,-6,6
68940,77,85,-8,8
68941,148,137,11,11
68942,88,81,7,7
68943,47,53,-6,6
68944,66,55,11,11
68945,54,69,-15,15
68946,97,95,2,2
68947,80,94,-14,14
68948,51,73,-22,22
68949,122,119,3,3
68950,134,119,15,15
68951,152,144,8,8
68952,96,101,-5,5
68953,75,84,-9,9
68954,143,142,1,1
68955,164,162,2,2
68956,99,96,3,3
68957,149,154,-5,5
68958,126,114,12,12
68959,90,77,13,13
68960,102,105,-3,3
68961,18,43,-25,25
68962,103,147,-44,44
68963,130,113,17,17
68964,67,74,-7,7
68965,69,65,4,4
68966,84,83,1,1
68967,122,124,-2,2
68968,103,101,2,2
68969,65,61,4,4
68970,111,115,-4,4
68971,177,183,-6,6
68972,64,67,-3,3
68973,159,147,12,12
68974,123,142,-19,19
68975,67,69,-2,2
68976,138,156,-18,18
68977,88,99,-11,11
68978,94,113,-19,19
68979,114,113,1,1
68980,81,75,6,6
68981,68,65,3,3
68982,214,206,8,8
68983,145,134,11,11
68984,54,58,-4,4
68985,100,94,6,6
68986,146,145,1,1
68987,213,197,16,16
68988,106,118,-12,12
68989,57,57,0,0
68990,128,127,1,1
68991,97,98,-1,1
68992,90,95,-5,5
68993,102,108,-6,6
68994,153,142,11,11
68995,84,86,-2,2
68996,27,43,-16,16
68997,51,55,-4,4
68998,73,74,-1,1
68999,86,77,9,9
69000,77,77,0,0
69001,154,143,11,11
69002,107,102,5,5
69003,173,168,5,5
69004,80,90,-10,10
69005,92,76,16,16
69006,86,90,-4,4
69007,70,78,-8,8
69008,116,123,-7,7
69009,79,79,0,0
69010,101,106,-5,5
69011,138,138,0,0
69012,125,110,15,15
69013,65,66,-1,1
69014,82,81,1,1
69015,88,89,-1,1
69016,40,52,-12,12
69017,104,110,-6,6
69018,111,106,5,5
69019,81,84,-3,3
69020,67,79,-12,12
69021,91,99,-8,8
69022,135,142,-7,7
69023,155,167,-12,12
69024,89,81,8,8
69025,58,67,-9,9
69026,137,120,17,17
69027,69,70,-1,1
69028,84,87,-3,3
69029,110,97,13,13
69030,68,107,-39,39
69031,126,117,9,9
69032,185,154,31,31
69033,64,65,-1,1
69034,119,116,3,3
69035,133,114,19,19
69036,96,93,3,3
69037,54,56,-2,2
69038,90,88,2,2
69039,75,77,-2,2
69040,123,120,3,3
69041,91,88,3,3
69042,114,111,3,3
69043,49,76,-27,27
69044,119,116,3,3
69045,78,70,8,8
69046,105,97,8,8
69047,113,118,-5,5
69048,75,74,1,1
69049,162,162,0,0
69050,62,57,5,5
69051,93,79,14,14
69052,67,68,-1,1
69053,118,100,18,18
69054,76,76,0,0
69055,132,120,12,12
69056,43,51,-8,8
69057,69,75,-6,6
69058,99,99,0,0
69059,81,84,-3,3
69060,103,96,7,7
69061,87,84,3,3
69062,88,87,1,1
69063,92,89,3,3
69064,102,101,1,1
69065,53,59,-6,6
69066,80,74,6,6
69067,86,79,7,7
69068,107,112,-5,5
69069,165,171,-6,6
69070,43,49,-6,6
69071,84,87,-3,3
69072,129,128,1,1
69073,135,130,5,5
69074,32,75,-43,43
69075,49,55,-6,6
69076,91,96,-5,5
69077,72,76,-4,4
69078,85,90,-5,5
69079,75,83,-8,8
69080,95,116,-21,21
69081,132,123,9,9
69082,98,106,-8,8
69083,34,43,-9,9
69084,114,116,-2,2
69085,104,95,9,9
69086,111,103,8,8
69087,59,60,-1,1
69088,38,49,-11,11
69089,45,47,-2,2
69090,160,171,-11,11
69091,87,82,5,5
69092,78,82,-4,4
69093,180,149,31,31
69094,112,126,-14,14
69095,99,99,0,0
69096,77,78,-1,1
69097,64,73,-9,9
69098,93,78,15,15
69099,135,152,-17,17
69100,80,88,-8,8
69101,105,88,17,17
69102,93,93,0,0
69103,97,103,-6,6
69104,93,108,-15,15
69105,126,124,2,2
69106,100,99,1,1
69107,93,93,0,0
69108,116,126,-10,10
69109,89,95,-6,6
69110,72,93,-21,21
69111,158,127,31,31
69112,107,86,21,21
69113,57,62,-5,5
69114,95,103,-8,8
69115,199,191,8,8
69116,98,98,0,0
69117,50,50,0,0
69118,72,71,1,1
69119,86,82,4,4
69120,36,43,-7,7
69121,77,69,8,8
69122,144,146,-2,2
69123,101,118,-17,17
69124,141,145,-4,4
69125,136,133,3,3
69126,81,82,-1,1
69127,96,123,-27,27
69128,92,95,-3,3
69129,37,49,-12,12
69130,117,124,-7,7
69131,96,87,9,9
69132,120,133,-13,13
69133,58,64,-6,6
69134,147,115,32,32
69135,60,66,-6,6
69136,85,81,4,4
69137,71,60,11,11
69138,74,76,-2,2
69139,98,86,12,12
69140,59,52,7,7
69141,77,82,-5,5
69142,77,86,-9,9
69143,76,77,-1,1
69144,52,59,-7,7
69145,116,115,1,1
69146,78,86,-8,8
69147,74,66,8,8
69148,124,124,0,0
69149,58,58,0,0
69150,86,90,-4,4
69151,132,128,4,4
69152,108,106,2,2
69153,38,50,-12,12
69154,138,142,-4,4
69155,74,73,1,1
69156,73,71,2,2
69157,95,92,3,3
69158,129,156,-27,27
69159,102,84,18,18
69160,112,115,-3,3
69161,141,137,4,4
69162,76,81,-5,5
69163,142,139,3,3
69164,72,72,0,0
69165,163,155,8,8
69166,122,114,8,8
69167,44,47,-3,3
69168,104,109,-5,5
69169,72,87,-15,15
69170,60,55,5,5
69171,69,69,0,0
69172,113,111,2,2
69173,89,88,1,1
69174,42,35,7,7
69175,146,154,-8,8
69176,147,133,14,14
69177,132,142,-10,10
69178,107,87,20,20
69179,77,85,-8,8
69180,102,99,3,3
69181,153,142,11,11
69182,56,89,-33,33
69183,105,110,-5,5
69184,129,123,6,6
69185,99,94,5,5
69186,55,58,-3,3
69187,102,108,-6,6
69188,102,96,6,6
69189,111,110,1,1
69190,123,138,-15,15
69191,62,71,-9,9
69192,152,162,-10,10
69193,89,86,3,3
69194,94,94,0,0
69195,35,58,-23,23
69196,94,96,-2,2
69197,110,125,-15,15
69198,175,170,5,5
69199,105,96,9,9
69200,42,53,-11,11
69201,152,143,9,9
69202,149,137,12,12
69203,207,186,21,21
69204,152,158,-6,6
69205,88,96,-8,8
69206,94,92,2,2
69207,76,70,6,6
69208,84,83,1,1
69209,87,88,-1,1
69210,59,44,15,15
69211,112,115,-3,3
69212,110,96,14,14
69213,136,114,22,22
69214,81,104,-23,23
69215,177,165,12,12
69216,120,128,-8,8
69217,86,92,-6,6
69218,57,64,-7,7
69219,100,87,13,13
69220,134,142,-8,8
69221,75,73,2,2
69222,88,87,1,1
69223,82,83,-1,1
69224,54,64,-10,10
69225,74,68,6,6
69226,50,55,-5,5
69227,125,106,19,19
69228,85,86,-1,1
69229,148,122,26,26
69230,88,85,3,3
69231,58,68,-10,10
69232,124,112,12,12
69233,129,132,-3,3
69234,100,94,6,6
69235,76,74,2,2
69236,86,83,3,3
69237,57,70,-13,13
69238,84,81,3,3
69239,103,99,4,4
69240,87,92,-5,5
69241,114,113,1,1
69242,58,64,-6,6
69243,100,102,-2,2
69244,92,79,13,13
69245,78,86,-8,8
69246,73,86,-13,13
69247,73,81,-8,8
69248,106,113,-7,7
69249,135,146,-11,11
69250,95,103,-8,8
69251,75,82,-7,7
69252,116,130,-14,14
69253,58,60,-2,2
69254,135,122,13,13
69255,75,80,-5,5
69256,51,58,-7,7
69257,69,66,3,3
69258,97,114,-17,17
69259,73,74,-1,1
69260,91,95,-4,4
69261,156,149,7,7
69262,67,75,-8,8
69263,77,76,1,1
69264,133,138,-5,5
69265,129,154,-25,25
69266,110,111,-1,1
69267,121,134,-13,13
69268,150,134,16,16
69269,89,89,0,0
69270,71,137,-66,66
69271,119,106,13,13
69272,70,76,-6,6
69273,121,113,8,8
69274,116,120,-4,4
69275,123,125,-2,2
69276,95,89,6,6
69277,70,64,6,6
69278,111,90,21,21
69279,113,105,8,8
69280,92,90,2,2
69281,52,59,-7,7
69282,114,109,5,5
69283,106,105,1,1
69284,102,128,-26,26
69285,72,83,-11,11
69286,134,124,10,10
69287,101,99,2,2
69288,134,127,7,7
69289,111,120,-9,9
69290,99,90,9,9
69291,98,98,0,0
69292,94,102,-8,8
69293,44,47,-3,3
69294,92,107,-15,15
69295,81,74,7,7
69296,74,77,-3,3
69297,51,49,2,2
69298,135,133,2,2
69299,34,47,-13,13
69300,151,163,-12,12
69301,64,62,2,2
69302,105,114,-9,9
69303,117,108,9,9
69304,88,87,1,1
69305,100,99,1,1
69306,88,84,4,4
69307,84,89,-5,5
69308,189,185,4,4
69309,45,50,-5,5
69310,64,67,-3,3
69311,94,98,-4,4
69312,199,183,16,16
69313,80,74,6,6
69314,105,106,-1,1
69315,112,99,13,13
69316,59,44,15,15
69317,54,62,-8,8
69318,123,116,7,7
69319,59,63,-4,4
69320,186,172,14,14
69321,110,106,4,4
69322,117,110,7,7
69323,82,86,-4,4
69324,202,173,29,29
69325,129,119,10,10
69326,91,87,4,4
69327,131,121,10,10
69328,117,103,14,14
69329,82,75,7,7
69330,78,90,-12,12
69331,129,135,-6,6
69332,46,49,-3,3
69333,122,124,-2,2
69334,124,112,12,12
69335,186,203,-17,17
69336,103,100,3,3
69337,112,117,-5,5
69338,135,138,-3,3
69339,68,74,-6,6
69340,110,110,0,0
69341,57,57,0,0
69342,144,129,15,15
69343,115,109,6,6
69344,143,149,-6,6
69345,75,95,-20,20
69346,69,68,1,1
69347,140,134,6,6
69348,93,101,-8,8
69349,74,74,0,0
69350,165,164,1,1
69351,77,84,-7,7
69352,57,63,-6,6
69353,87,105,-18,18
69354,123,117,6,6
69355,78,88,-10,10
69356,120,121,-1,1
69357,100,101,-1,1
69358,112,112,0,0
69359,87,90,-3,3
69360,98,91,7,7
69361,106,111,-5,5
69362,91,99,-8,8
69363,107,107,0,0
69364,67,65,2,2
69365,125,129,-4,4
69366,61,54,7,7
69367,96,97,-1,1
69368,73,77,-4,4
69369,70,73,-3,3
69370,89,83,6,6
69371,114,115,-1,1
69372,74,86,-12,12
69373,133,128,5,5
69374,107,122,-15,15
69375,91,89,2,2
69376,83,81,2,2
69377,76,76,0,0
69378,75,82,-7,7
69379,83,73,10,10
69380,62,63,-1,1
69381,71,82,-11,11
69382,40,49,-9,9
69383,131,122,9,9
69384,138,145,-7,7
69385,43,49,-6,6
69386,76,86,-10,10
69387,128,146,-18,18
69388,62,65,-3,3
69389,128,118,10,10
69390,79,80,-1,1
69391,140,132,8,8
69392,94,116,-22,22
69393,96,96,0,0
69394,43,47,-4,4
69395,159,146,13,13
69396,62,60,2,2
69397,131,133,-2,2
69398,65,67,-2,2
69399,63,69,-6,6
69400,116,131,-15,15
69401,65,78,-13,13
69402,70,50,20,20
69403,56,63,-7,7
69404,95,94,1,1
69405,120,107,13,13
69406,93,96,-3,3
69407,92,85,7,7
69408,101,91,10,10
69409,106,102,4,4
69410,151,137,14,14
69411,98,100,-2,2
69412,63,64,-1,1
69413,120,122,-2,2
69414,93,95,-2,2
69415,89,82,7,7
69416,47,53,-6,6
69417,92,87,5,5
69418,95,91,4,4
69419,90,82,8,8
69420,116,108,8,8
69421,88,86,2,2
69422,107,114,-7,7
69423,168,172,-4,4
69424,49,55,-6,6
69425,111,102,9,9
69426,76,83,-7,7
69427,89,88,1,1
69428,72,82,-10,10
69429,131,136,-5,5
69430,61,77,-16,16
69431,106,90,16,16
69432,65,70,-5,5
69433,76,85,-9,9
69434,62,118,-56,56
69435,63,61,2,2
69436,77,70,7,7
69437,120,101,19,19
69438,109,116,-7,7
69439,93,92,1,1
69440,66,66,0,0
69441,72,71,1,1
69442,94,88,6,6
69443,143,139,4,4
69444,75,75,0,0
69445,99,99,0,0
69446,112,113,-1,1
69447,66,74,-8,8
69448,72,68,4,4
69449,46,57,-11,11
69450,100,114,-14,14
69451,89,82,7,7
69452,101,101,0,0
69453,63,62,1,1
69454,108,112,-4,4
69455,89,93,-4,4
69456,101,98,3,3
69457,94,90,4,4
69458,73,70,3,3
69459,148,121,27,27
69460,142,137,5,5
69461,92,85,7,7
69462,151,118,33,33
69463,119,121,-2,2
69464,61,63,-2,2
69465,124,122,2,2
69466,46,57,-11,11
69467,67,74,-7,7
69468,46,70,-24,24
69469,81,86,-5,5
69470,104,104,0,0
69471,47,53,-6,6
69472,88,83,5,5
69473,115,79,36,36
69474,92,120,-28,28
69475,100,87,13,13
69476,141,140,1,1
69477,107,112,-5,5
69478,127,120,7,7
69479,117,133,-16,16
69480,72,65,7,7
69481,81,88,-7,7
69482,100,138,-38,38
69483,84,105,-21,21
69484,70,66,4,4
69485,152,135,17,17
69486,32,50,-18,18
69487,121,118,3,3
69488,69,66,3,3
69489,63,64,-1,1
69490,76,79,-3,3
69491,81,84,-3,3
69492,106,107,-1,1
69493,69,77,-8,8
69494,54,60,-6,6
69495,92,85,7,7
69496,61,66,-5,5
69497,141,133,8,8
69498,78,78,0,0
69499,124,154,-30,30
69500,94,90,4,4
69501,66,68,-2,2
69502,156,160,-4,4
69503,80,105,-25,25
69504,84,83,1,1
69505,161,153,8,8
69506,106,106,0,0
69507,98,102,-4,4
69508,108,90,18,18
69509,109,105,4,4
69510,85,82,3,3
69511,74,87,-13,13
69512,74,75,-1,1
69513,88,101,-13,13
69514,128,125,3,3
69515,93,80,13,13
69516,140,123,17,17
69517,109,106,3,3
69518,58,57,1,1
69519,73,67,6,6
69520,86,83,3,3
69521,94,93,1,1
69522,332,294,38,38
69523,112,108,4,4
69524,48,55,-7,7
69525,73,83,-10,10
69526,116,112,4,4
69527,105,92,13,13
69528,65,68,-3,3
69529,108,109,-1,1
69530,83,89,-6,6
69531,81,94,-13,13
69532,155,161,-6,6
69533,110,98,12,12
69534,120,112,8,8
69535,92,86,6,6
69536,152,151,1,1
69537,131,138,-7,7
69538,48,67,-19,19
69539,68,70,-2,2
69540,74,74,0,0
69541,86,99,-13,13
69542,148,156,-8,8
69543,188,179,9,9
69544,79,88,-9,9
69545,125,120,5,5
69546,95,88,7,7
69547,63,64,-1,1
69548,78,75,3,3
69549,116,123,-7,7
69550,83,89,-6,6
69551,68,70,-2,2
69552,104,107,-3,3
69553,107,98,9,9
69554,93,92,1,1
69555,115,117,-2,2
69556,105,99,6,6
69557,76,87,-11,11
69558,129,110,19,19
69559,53,56,-3,3
69560,78,89,-11,11
69561,108,100,8,8
69562,39,50,-11,11
69563,81,72,9,9
69564,122,139,-17,17
69565,74,71,3,3
69566,63,64,-1,1
69567,115,99,16,16
69568,119,127,-8,8
69569,130,119,11,11
69570,103,127,-24,24
69571,107,108,-1,1
69572,69,76,-7,7
69573,130,118,12,12
69574,98,111,-13,13
69575,126,115,11,11
69576,119,107,12,12
69577,86,92,-6,6
69578,211,188,23,23
69579,82,84,-2,2
69580,64,67,-3,3
69581,96,82,14,14
69582,63,63,0,0
69583,102,103,-1,1
69584,119,132,-13,13
69585,82,97,-15,15
69586,119,112,7,7
69587,64,65,-1,1
69588,48,53,-5,5
69589,140,141,-1,1
69590,112,101,11,11
69591,93,120,-27,27
69592,88,90,-2,2
69593,93,89,4,4
69594,60,55,5,5
69595,66,63,3,3
69596,48,52,-4,4
69597,101,95,6,6
69598,54,60,-6,6
69599,99,101,-2,2
69600,81,86,-5,5
69601,155,150,5,5
69602,80,57,23,23
69603,69,77,-8,8
69604,65,76,-11,11
69605,81,85,-4,4
69606,100,100,0,0
69607,89,99,-10,10
69608,86,90,-4,4
69609,107,114,-7,7
69610,61,65,-4,4
69611,59,61,-2,2
69612,51,58,-7,7
69613,147,156,-9,9
69614,127,133,-6,6
69615,130,135,-5,5
69616,53,56,-3,3
69617,117,98,19,19
69618,132,127,5,5
69619,119,118,1,1
69620,107,93,14,14
69621,79,85,-6,6
69622,157,156,1,1
69623,125,121,4,4
69624,60,68,-8,8
69625,79,74,5,5
69626,80,89,-9,9
69627,151,130,21,21
69628,109,104,5,5
69629,64,68,-4,4
69630,111,104,7,7
69631,44,61,-17,17
69632,95,84,11,11
69633,137,135,2,2
69634,121,103,18,18
69635,51,60,-9,9
69636,53,50,3,3
69637,93,92,1,1
69638,91,93,-2,2
69639,125,118,7,7
69640,59,62,-3,3
69641,63,65,-2,2
69642,111,105,6,6
69643,117,122,-5,5
69644,74,69,5,5
69645,117,128,-11,11
69646,65,71,-6,6
69647,100,106,-6,6
69648,227,211,16,16
69649,145,179,-34,34
69650,82,88,-6,6
69651,93,80,13,13
69652,120,141,-21,21
69653,122,120,2,2
69654,121,110,11,11
69655,106,97,9,9
69656,95,112,-17,17
69657,71,69,2,2
69658,64,76,-12,12
69659,103,107,-4,4
69660,66,82,-16,16
69661,60,64,-4,4
69662,85,90,-5,5
69663,110,114,-4,4
69664,109,112,-3,3
69665,80,85,-5,5
69666,80,81,-1,1
69667,147,142,5,5
69668,107,106,1,1
69669,61,61,0,0
69670,163,162,1,1
69671,60,61,-1,1
69672,85,83,2,2
69673,152,157,-5,5
69674,90,89,1,1
69675,81,75,6,6
69676,76,71,5,5
69677,95,101,-6,6
69678,70,79,-9,9
69679,101,92,9,9
69680,65,65,0,0
69681,78,88,-10,10
69682,94,97,-3,3
69683,69,71,-2,2
69684,161,176,-15,15
69685,97,111,-14,14
69686,66,66,0,0
69687,171,170,1,1
69688,93,83,10,10
69689,98,97,1,1
69690,101,107,-6,6
69691,97,97,0,0
69692,74,69,5,5
69693,88,78,10,10
69694,184,172,12,12
69695,74,79,-5,5
69696,65,80,-15,15
69697,193,189,4,4
69698,103,95,8,8
69699,57,61,-4,4
69700,113,135,-22,22
69701,145,178,-33,33
69702,60,64,-4,4
69703,128,145,-17,17
69704,89,92,-3,3
69705,80,78,2,2
69706,79,75,4,4
69707,114,117,-3,3
69708,200,159,41,41
69709,133,131,2,2
69710,114,124,-10,10
69711,125,115,10,10
69712,82,82,0,0
69713,90,82,8,8
69714,95,96,-1,1
69715,140,138,2,2
69716,96,108,-12,12
69717,186,183,3,3
69718,89,108,-19,19
69719,57,68,-11,11
69720,76,88,-12,12
69721,64,65,-1,1
69722,138,121,17,17
69723,97,93,4,4
69724,95,107,-12,12
69725,157,155,2,2
69726,76,73,3,3
69727,77,78,-1,1
69728,110,101,9,9
69729,191,175,16,16
69730,70,74,-4,4
69731,100,116,-16,16
69732,98,99,-1,1
69733,64,78,-14,14
69734,106,108,-2,2
69735,95,96,-1,1
69736,70,73,-3,3
69737,132,112,20,20
69738,43,43,0,0
69739,177,170,7,7
69740,59,61,-2,2
69741,42,48,-6,6
69742,40,37,3,3
69743,82,42,40,40
69744,79,86,-7,7
69745,62,69,-7,7
69746,108,103,5,5
69747,103,111,-8,8
69748,92,94,-2,2
69749,63,64,-1,1
69750,65,72,-7,7
69751,144,155,-11,11
69752,92,86,6,6
69753,129,117,12,12
69754,137,140,-3,3
69755,122,129,-7,7
69756,48,65,-17,17
69757,85,73,12,12
69758,90,91,-1,1
69759,82,76,6,6
69760,112,105,7,7
69761,85,92,-7,7
69762,91,85,6,6
69763,78,82,-4,4
69764,69,65,4,4
69765,121,110,11,11
69766,68,68,0,0
69767,131,135,-4,4
69768,89,91,-2,2
69769,93,84,9,9
69770,54,52,2,2
69771,136,130,6,6
69772,35,61,-26,26
69773,178,161,17,17
69774,105,99,6,6
69775,145,141,4,4
69776,75,84,-9,9
69777,117,110,7,7
69778,63,62,1,1
69779,132,134,-2,2
69780,100,105,-5,5
69781,67,69,-2,2
69782,47,58,-11,11
69783,128,115,13,13
69784,119,119,0,0
69785,119,120,-1,1
69786,93,87,6,6
69787,121,120,1,1
69788,79,76,3,3
69789,166,143,23,23
69790,87,80,7,7
69791,85,93,-8,8
69792,80,118,-38,38
69793,68,63,5,5
69794,131,140,-9,9
69795,124,123,1,1
69796,146,152,-6,6
69797,71,63,8,8
69798,89,100,-11,11
69799,60,62,-2,2
69800,64,69,-5,5
69801,63,61,2,2
69802,61,66,-5,5
69803,119,137,-18,18
69804,83,92,-9,9
69805,96,103,-7,7
69806,116,144,-28,28
69807,122,115,7,7
69808,102,96,6,6
69809,85,93,-8,8
69810,129,129,0,0
69811,109,102,7,7
69812,41,48,-7,7
69813,95,107,-12,12
69814,131,118,13,13
69815,98,90,8,8
69816,105,108,-3,3
69817,35,48,-13,13
69818,65,70,-5,5
69819,69,71,-2,2
69820,72,67,5,5
69821,101,105,-4,4
69822,86,95,-9,9
69823,103,103,0,0
69824,110,106,4,4
69825,77,63,14,14
69826,98,76,22,22
69827,107,110,-3,3
69828,72,78,-6,6
69829,109,108,1,1
69830,68,63,5,5
69831,64,59,5,5
69832,158,153,5,5
69833,112,123,-11,11
69834,71,81,-10,10
69835,119,111,8,8
69836,63,64,-1,1
69837,66,66,0,0
69838,90,85,5,5
69839,114,117,-3,3
69840,81,91,-10,10
69841,136,131,5,5
69842,92,95,-3,3
69843,46,70,-24,24
69844,48,56,-8,8
69845,99,96,3,3
69846,63,62,1,1
69847,113,105,8,8
69848,77,75,2,2
69849,95,120,-25,25
69850,95,96,-1,1
69851,92,96,-4,4
69852,77,75,2,2
69853,108,112,-4,4
69854,80,82,-2,2
69855,106,104,2,2
69856,193,190,3,3
69857,138,129,9,9
69858,146,139,7,7
69859,146,135,11,11
69860,121,107,14,14
69861,134,122,12,12
69862,92,90,2,2
69863,109,101,8,8
69864,94,100,-6,6
69865,96,102,-6,6
69866,105,113,-8,8
69867,124,119,5,5
69868,101,100,1,1
69869,63,77,-14,14
69870,91,93,-2,2
69871,75,85,-10,10
69872,89,88,1,1
69873,134,125,9,9
69874,130,136,-6,6
69875,71,81,-10,10
69876,152,159,-7,7
69877,79,68,11,11
69878,82,75,7,7
69879,80,59,21,21
69880,51,62,-11,11
69881,134,127,7,7
69882,120,102,18,18
69883,88,88,0,0
69884,66,72,-6,6
69885,40,51,-11,11
69886,81,65,16,16
69887,125,118,7,7
69888,57,56,1,1
69889,127,118,9,9
69890,70,69,1,1
69891,144,103,41,41
69892,100,108,-8,8
69893,190,158,32,32
69894,79,81,-2,2
69895,95,72,23,23
69896,86,81,5,5
69897,75,58,17,17
69898,108,111,-3,3
69899,74,75,-1,1
69900,110,115,-5,5
69901,121,119,2,2
69902,75,77,-2,2
69903,193,175,18,18
69904,102,99,3,3
69905,83,96,-13,13
69906,161,145,16,16
69907,43,45,-2,2
69908,157,181,-24,24
69909,152,158,-6,6
69910,166,151,15,15
69911,61,66,-5,5
69912,123,126,-3,3
69913,77,68,9,9
69914,76,66,10,10
69915,103,112,-9,9
69916,73,68,5,5
69917,94,100,-6,6
69918,71,79,-8,8
69919,69,63,6,6
69920,46,39,7,7
69921,59,59,0,0
69922,109,95,14,14
69923,166,186,-20,20
69924,65,67,-2,2
69925,97,95,2,2
69926,170,162,8,8
69927,76,91,-15,15
69928,79,82,-3,3
69929,84,88,-4,4
69930,36,38,-2,2
69931,149,150,-1,1
69932,61,63,-2,2
69933,109,109,0,0
69934,160,144,16,16
69935,96,89,7,7
69936,139,139,0,0
69937,59,64,-5,5
69938,52,50,2,2
69939,148,124,24,24
69940,90,76,14,14
69941,68,62,6,6
69942,60,62,-2,2
69943,110,107,3,3
69944,80,94,-14,14
69945,37,42,-5,5
69946,75,81,-6,6
69947,62,72,-10,10
69948,66,69,-3,3
69949,99,113,-14,14
69950,105,98,7,7
69951,165,169,-4,4
69952,164,162,2,2
69953,93,87,6,6
69954,58,73,-15,15
69955,93,88,5,5
69956,37,45,-8,8
69957,68,68,0,0
69958,122,120,2,2
69959,36,37,-1,1
69960,109,110,-1,1
69961,111,91,20,20
69962,39,50,-11,11
69963,139,138,1,1
69964,109,113,-4,4
69965,169,161,8,8
69966,138,129,9,9
69967,104,132,-28,28
69968,170,177,-7,7
69969,66,65,1,1
69970,154,154,0,0
69971,46,76,-30,30
69972,136,115,21,21
69973,81,77,4,4
69974,390,340,50,50
69975,88,86,2,2
69976,66,79,-13,13
69977,69,73,-4,4
69978,48,60,-12,12
69979,136,119,17,17
69980,85,87,-2,2
69981,73,75,-2,2
69982,128,149,-21,21
69983,90,105,-15,15
69984,105,109,-4,4
69985,127,123,4,4
69986,102,109,-7,7
69987,111,110,1,1
69988,110,91,19,19
69989,92,89,3,3
69990,66,103,-37,37
69991,103,101,2,2
69992,111,113,-2,2
69993,120,127,-7,7
69994,96,99,-3,3
69995,141,127,14,14
69996,89,105,-16,16
69997,66,71,-5,5
69998,95,93,2,2
69999,83,92,-9,9
70000,62,61,1,1
70001,136,145,-9,9
70002,99,106,-7,7
70003,78,78,0,0
70004,79,88,-9,9
70005,86,83,3,3
70006,70,68,2,2
70007,128,132,-4,4
70008,100,78,22,22
70009,116,99,17,17
70010,165,188,-23,23
70011,125,114,11,11
70012,63,77,-14,14
70013,93,110,-17,17
70014,135,130,5,5
70015,61,62,-1,1
70016,55,64,-9,9
70017,95,91,4,4
70018,98,101,-3,3
70019,54,57,-3,3
70020,85,90,-5,5
70021,96,91,5,5
70022,132,78,54,54
70023,81,82,-1,1
70024,57,55,2,2
70025,71,68,3,3
70026,92,85,7,7
70027,99,90,9,9
70028,87,84,3,3
70029,116,104,12,12
70030,46,54,-8,8
70031,29,49,-20,20
70032,163,178,-15,15
70033,110,105,5,5
70034,68,70,-2,2
70035,62,70,-8,8
70036,60,59,1,1
70037,91,97,-6,6
70038,35,45,-10,10
70039,61,68,-7,7
70040,101,97,4,4
70041,135,129,6,6
70042,169,175,-6,6
70043,122,113,9,9
70044,182,176,6,6
70045,86,93,-7,7
70046,121,108,13,13
70047,65,65,0,0
70048,84,21,63,63
70049,98,85,13,13
70050,61,66,-5,5
70051,71,66,5,5
70052,54,57,-3,3
70053,130,127,3,3
70054,47,52,-5,5
70055,78,79,-1,1
70056,83,76,7,7
70057,119,108,11,11
70058,86,77,9,9
70059,92,105,-13,13
70060,76,86,-10,10
70061,80,104,-24,24
70062,103,98,5,5
70063,113,117,-4,4
70064,79,89,-10,10
70065,68,71,-3,3
70066,115,113,2,2
70067,62,64,-2,2
70068,107,122,-15,15
70069,115,109,6,6
70070,138,145,-7,7
70071,115,121,-6,6
70072,117,109,8,8
70073,92,158,-66,66
70074,122,117,5,5
70075,54,58,-4,4
70076,76,75,1,1
70077,96,92,4,4
70078,57,56,1,1
70079,108,98,10,10
70080,104,102,2,2
70081,107,99,8,8
70082,66,61,5,5
70083,57,60,-3,3
70084,72,75,-3,3
70085,63,99,-36,36
70086,119,109,10,10
70087,123,119,4,4
70088,86,85,1,1
70089,121,104,17,17
70090,72,64,8,8
70091,70,77,-7,7
70092,84,74,10,10
70093,72,81,-9,9
70094,61,61,0,0
70095,128,117,11,11
70096,90,92,-2,2
70097,138,157,-19,19
70098,80,87,-7,7
70099,134,116,18,18
70100,135,142,-7,7
70101,108,98,10,10
70102,114,101,13,13
70103,87,146,-59,59
70104,29,48,-19,19
70105,84,86,-2,2
70106,139,157,-18,18
70107,126,113,13,13
70108,61,54,7,7
70109,22,35,-13,13
70110,61,72,-11,11
70111,74,86,-12,12
70112,120,122,-2,2
70113,69,68,1,1
70114,61,67,-6,6
70115,88,90,-2,2
70116,102,106,-4,4
70117,107,112,-5,5
70118,103,104,-1,1
70119,89,88,1,1
70120,134,135,-1,1
70121,52,62,-10,10
70122,63,90,-27,27
70123,116,104,12,12
70124,123,127,-4,4
70125,101,101,0,0
70126,58,63,-5,5
70127,95,96,-1,1
70128,66,67,-1,1
70129,69,74,-5,5
70130,107,101,6,6
70131,118,128,-10,10
70132,155,138,17,17
70133,75,75,0,0
70134,103,91,12,12
70135,81,76,5,5
70136,94,99,-5,5
70137,64,65,-1,1
70138,135,134,1,1
70139,116,138,-22,22
70140,213,191,22,22
70141,87,98,-11,11
70142,109,126,-17,17
70143,149,144,5,5
70144,81,95,-14,14
70145,78,84,-6,6
70146,62,62,0,0
70147,73,76,-3,3
70148,68,63,5,5
70149,103,79,24,24
70150,121,115,6,6
70151,165,151,14,14
70152,105,102,3,3
70153,71,68,3,3
70154,139,144,-5,5
70155,75,94,-19,19
70156,146,154,-8,8
70157,88,88,0,0
70158,184,189,-5,5
70159,122,110,12,12
70160,50,68,-18,18
70161,98,102,-4,4
70162,28,61,-33,33
70163,68,62,6,6
70164,34,33,1,1
70165,88,77,11,11
70166,87,97,-10,10
70167,91,86,5,5
70168,97,94,3,3
70169,93,79,14,14
70170,46,62,-16,16
70171,63,65,-2,2
70172,54,59,-5,5
70173,68,70,-2,2
70174,100,117,-17,17
70175,51,54,-3,3
70176,92,101,-9,9
70177,111,101,10,10
70178,66,68,-2,2
70179,60,71,-11,11
70180,66,67,-1,1
70181,130,108,22,22
70182,125,113,12,12
70183,134,124,10,10
70184,139,144,-5,5
70185,105,113,-8,8
70186,70,74,-4,4
70187,106,94,12,12
70188,146,145,1,1
70189,144,141,3,3
70190,108,128,-20,20
70191,77,77,0,0
70192,99,102,-3,3
70193,79,76,3,3
70194,65,67,-2,2
70195,65,78,-13,13
70196,89,102,-13,13
70197,128,110,18,18
70198,95,127,-32,32
70199,131,129,2,2
70200,48,51,-3,3
70201,127,116,11,11
70202,102,106,-4,4
70203,127,115,12,12
70204,53,56,-3,3
70205,148,144,4,4
70206,173,165,8,8
70207,110,109,1,1
70208,61,66,-5,5
70209,65,71,-6,6
70210,83,83,0,0
70211,125,128,-3,3
70212,94,96,-2,2
70213,82,79,3,3
70214,95,84,11,11
70215,48,60,-12,12
70216,112,118,-6,6
70217,74,87,-13,13
70218,114,111,3,3
70219,64,70,-6,6
70220,109,101,8,8
70221,163,153,10,10
70222,136,144,-8,8
70223,218,190,28,28
70224,114,112,2,2
70225,152,144,8,8
70226,115,118,-3,3
70227,70,74,-4,4
70228,76,71,5,5
70229,101,105,-4,4
70230,122,112,10,10
70231,95,91,4,4
70232,112,135,-23,23
70233,114,111,3,3
70234,93,91,2,2
70235,56,71,-15,15
70236,110,134,-24,24
70237,97,100,-3,3
70238,86,96,-10,10
70239,87,93,-6,6
70240,55,55,0,0
70241,183,187,-4,4
70242,99,98,1,1
70243,102,103,-1,1
70244,113,108,5,5
70245,95,96,-1,1
70246,191,165,26,26
70247,82,91,-9,9
70248,55,60,-5,5
70249,60,69,-9,9
70250,81,81,0,0
70251,87,88,-1,1
70252,142,147,-5,5
70253,97,90,7,7
70254,116,99,17,17
70255,73,69,4,4
70256,87,93,-6,6
70257,102,89,13,13
70258,57,60,-3,3
70259,56,58,-2,2
70260,193,178,15,15
70261,99,102,-3,3
70262,61,67,-6,6
70263,90,82,8,8
70264,129,124,5,5
70265,86,81,5,5
70266,68,76,-8,8
70267,106,96,10,10
70268,101,109,-8,8
70269,139,129,10,10
70270,97,102,-5,5
70271,79,89,-10,10
70272,54,68,-14,14
70273,47,58,-11,11
70274,119,109,10,10
70275,93,80,13,13
70276,70,64,6,6
70277,109,113,-4,4
70278,55,72,-17,17
70279,127,131,-4,4
70280,76,78,-2,2
70281,35,49,-14,14
70282,66,65,1,1
70283,72,70,2,2
70284,91,102,-11,11
70285,128,132,-4,4
70286,123,131,-8,8
70287,129,131,-2,2
70288,106,100,6,6
70289,84,88,-4,4
70290,99,92,7,7
70291,59,54,5,5
70292,54,60,-6,6
70293,120,118,2,2
70294,188,168,20,20
70295,83,77,6,6
70296,146,126,20,20
70297,69,75,-6,6
70298,58,57,1,1
70299,173,159,14,14
70300,131,121,10,10
70301,150,136,14,14
70302,115,113,2,2
70303,107,94,13,13
70304,131,124,7,7
70305,101,112,-11,11
70306,105,91,14,14
70307,104,101,3,3
70308,138,140,-2,2
70309,62,64,-2,2
70310,88,92,-4,4
70311,44,56,-12,12
70312,116,119,-3,3
70313,84,82,2,2
70314,80,100,-20,20
70315,112,118,-6,6
70316,85,70,15,15
70317,82,75,7,7
70318,101,106,-5,5
70319,123,145,-22,22
70320,137,136,1,1
70321,112,97,15,15
70322,72,69,3,3
70323,100,99,1,1
70324,106,100,6,6
70325,64,56,8,8
70326,115,111,4,4
70327,44,45,-1,1
70328,112,114,-2,2
70329,113,109,4,4
70330,203,178,25,25
70331,113,97,16,16
70332,154,142,12,12
70333,88,90,-2,2
70334,88,99,-11,11
70335,56,60,-4,4
70336,116,114,2,2
70337,104,101,3,3
70338,96,90,6,6
70339,99,101,-2,2
70340,98,103,-5,5
70341,128,141,-13,13
70342,79,62,17,17
70343,97,107,-10,10
70344,68,75,-7,7
70345,93,88,5,5
70346,99,101,-2,2
70347,68,79,-11,11
70348,83,80,3,3
70349,85,94,-9,9
70350,89,100,-11,11
70351,95,88,7,7
70352,133,134,-1,1
70353,86,90,-4,4
70354,94,92,2,2
70355,63,69,-6,6
70356,134,134,0,0
70357,79,86,-7,7
70358,55,57,-2,2
70359,82,83,-1,1
70360,60,70,-10,10
70361,63,82,-19,19
70362,179,159,20,20
70363,127,131,-4,4
70364,65,66,-1,1
70365,101,106,-5,5
70366,112,110,2,2
70367,66,73,-7,7
70368,104,98,6,6
70369,80,100,-20,20
70370,84,89,-5,5
70371,57,64,-7,7
70372,55,55,0,0
70373,134,124,10,10
70374,125,112,13,13
70375,83,75,8,8
70376,66,72,-6,6
70377,59,88,-29,29
70378,117,114,3,3
70379,103,122,-19,19
70380,101,91,10,10
70381,128,128,0,0
70382,92,104,-12,12
70383,167,162,5,5
70384,79,81,-2,2
70385,121,123,-2,2
70386,85,77,8,8
70387,80,62,18,18
70388,26,37,-11,11
70389,52,52,0,0
70390,58,71,-13,13
70391,137,141,-4,4
70392,48,58,-10,10
70393,138,135,3,3
70394,81,66,15,15
70395,132,133,-1,1
70396,111,105,6,6
70397,115,126,-11,11
70398,129,123,6,6
70399,125,127,-2,2
70400,138,152,-14,14
70401,51,61,-10,10
70402,131,144,-13,13
70403,164,166,-2,2
70404,107,94,13,13
70405,102,100,2,2
70406,66,71,-5,5
70407,59,61,-2,2
70408,60,59,1,1
70409,145,143,2,2
70410,143,123,20,20
70411,121,133,-12,12
70412,98,108,-10,10
70413,107,97,10,10
70414,69,68,1,1
70415,154,155,-1,1
70416,93,95,-2,2
70417,93,93,0,0
70418,41,43,-2,2
70419,103,110,-7,7
70420,81,80,1,1
70421,105,95,10,10
70422,60,62,-2,2
70423,90,95,-5,5
70424,76,71,5,5
70425,98,102,-4,4
70426,70,75,-5,5
70427,49,58,-9,9
70428,113,111,2,2
70429,45,60,-15,15
70430,109,106,3,3
70431,53,57,-4,4
70432,98,82,16,16
70433,70,65,5,5
70434,91,89,2,2
70435,126,122,4,4
70436,68,55,13,13
70437,54,71,-17,17
70438,99,93,6,6
70439,85,90,-5,5
70440,85,83,2,2
70441,93,96,-3,3
70442,69,67,2,2
70443,59,59,0,0
70444,47,57,-10,10
70445,83,87,-4,4
70446,103,104,-1,1
70447,93,92,1,1
70448,125,146,-21,21
70449,97,94,3,3
70450,103,106,-3,3
70451,79,75,4,4
70452,103,122,-19,19
70453,132,124,8,8
70454,165,177,-12,12
70455,132,125,7,7
70456,88,87,1,1
70457,92,92,0,0
70458,75,75,0,0
70459,108,105,3,3
70460,98,88,10,10
70461,133,160,-27,27
70462,75,66,9,9
70463,187,203,-16,16
70464,123,112,11,11
70465,63,78,-15,15
70466,92,108,-16,16
70467,117,109,8,8
70468,98,90,8,8
70469,247,254,-7,7
70470,98,98,0,0
70471,102,100,2,2
70472,66,69,-3,3
70473,62,64,-2,2
70474,84,84,0,0
70475,52,53,-1,1
70476,107,101,6,6
70477,155,152,3,3
70478,118,116,2,2
70479,150,155,-5,5
70480,112,98,14,14
70481,106,97,9,9
70482,61,64,-3,3
70483,101,110,-9,9
70484,80,69,11,11
70485,65,76,-11,11
70486,86,82,4,4
70487,74,68,6,6
70488,163,144,19,19
70489,100,107,-7,7
70490,44,46,-2,2
70491,86,75,11,11
70492,119,115,4,4
70493,80,71,9,9
70494,57,71,-14,14
70495,136,81,55,55
70496,113,113,0,0
70497,75,78,-3,3
70498,41,45,-4,4
70499,125,135,-10,10
70500,77,90,-13,13
70501,97,92,5,5
70502,159,165,-6,6
70503,43,52,-9,9
70504,47,51,-4,4
70505,53,56,-3,3
70506,141,136,5,5
70507,79,76,3,3
70508,74,79,-5,5
70509,117,113,4,4
70510,39,48,-9,9
70511,74,80,-6,6
70512,131,131,0,0
70513,95,94,1,1
70514,152,141,11,11
70515,80,84,-4,4
70516,125,117,8,8
70517,114,105,9,9
70518,113,109,4,4
70519,58,64,-6,6
70520,98,91,7,7
70521,135,123,12,12
70522,88,97,-9,9
70523,147,152,-5,5
70524,83,82,1,1
70525,145,143,2,2
70526,144,151,-7,7
70527,142,140,2,2
70528,65,68,-3,3
70529,59,61,-2,2
70530,116,110,6,6
70531,51,56,-5,5
70532,48,57,-9,9
70533,113,126,-13,13
70534,87,85,2,2
70535,72,80,-8,8
70536,100,99,1,1
70537,66,72,-6,6
70538,106,119,-13,13
70539,128,130,-2,2
70540,71,67,4,4
70541,69,78,-9,9
70542,117,124,-7,7
70543,125,124,1,1
70544,105,99,6,6
70545,43,45,-2,2
70546,154,172,-18,18
70547,77,84,-7,7
70548,104,105,-1,1
70549,112,111,1,1
70550,84,89,-5,5
70551,69,75,-6,6
70552,135,128,7,7
70553,130,100,30,30
70554,117,141,-24,24
70555,47,58,-11,11
70556,114,115,-1,1
70557,100,109,-9,9
70558,129,136,-7,7
70559,59,55,4,4
70560,159,158,1,1
70561,61,71,-10,10
70562,51,58,-7,7
70563,92,92,0,0
70564,73,74,-1,1
70565,98,80,18,18
70566,117,119,-2,2
70567,100,112,-12,12
70568,54,73,-19,19
70569,76,87,-11,11
70570,132,132,0,0
70571,178,146,32,32
70572,91,90,1,1
70573,127,110,17,17
70574,75,69,6,6
70575,70,72,-2,2
70576,124,114,10,10
70577,125,134,-9,9
70578,80,87,-7,7
70579,59,63,-4,4
70580,82,91,-9,9
70581,130,119,11,11
70582,82,87,-5,5
70583,93,83,10,10
70584,82,90,-8,8
70585,160,154,6,6
70586,83,80,3,3
70587,128,128,0,0
70588,123,108,15,15
70589,98,86,12,12
70590,104,100,4,4
70591,109,101,8,8
70592,48,53,-5,5
70593,62,60,2,2
70594,63,61,2,2
70595,63,53,10,10
70596,115,111,4,4
70597,94,92,2,2
70598,94,94,0,0
70599,91,90,1,1
70600,141,146,-5,5
70601,162,160,2,2
70602,91,99,-8,8
70603,88,96,-8,8
70604,117,130,-13,13
70605,52,57,-5,5
70606,57,63,-6,6
70607,106,93,13,13
70608,77,90,-13,13
70609,58,61,-3,3
70610,85,81,4,4
70611,110,109,1,1
70612,74,82,-8,8
70613,97,103,-6,6
70614,58,65,-7,7
70615,92,94,-2,2
70616,97,104,-7,7
70617,73,72,1,1
70618,89,91,-2,2
70619,108,106,2,2
70620,129,121,8,8
70621,83,88,-5,5
70622,97,90,7,7
70623,88,85,3,3
70624,88,85,3,3
70625,74,78,-4,4
70626,103,106,-3,3
70627,93,83,10,10
70628,39,51,-12,12
70629,168,167,1,1
70630,102,87,15,15
70631,77,87,-10,10
70632,209,208,1,1
70633,88,87,1,1
70634,88,94,-6,6
70635,95,103,-8,8
70636,113,108,5,5
70637,109,110,-1,1
70638,93,92,1,1
70639,167,153,14,14
70640,55,74,-19,19
70641,115,113,2,2
70642,101,106,-5,5
70643,52,63,-11,11
70644,155,141,14,14
70645,47,56,-9,9
70646,123,140,-17,17
70647,71,71,0,0
70648,109,112,-3,3
70649,63,70,-7,7
70650,132,156,-24,24
70651,74,75,-1,1
70652,89,99,-10,10
70653,131,131,0,0
70654,71,74,-3,3
70655,100,84,16,16
70656,76,85,-9,9
70657,67,69,-2,2
70658,121,96,25,25
70659,45,57,-12,12
70660,79,74,5,5
70661,145,134,11,11
70662,242,209,33,33
70663,64,59,5,5
70664,146,129,17,17
70665,80,76,4,4
70666,135,144,-9,9
70667,94,78,16,16
70668,88,76,12,12
70669,119,130,-11,11
70670,129,119,10,10
70671,86,90,-4,4
70672,60,53,7,7
70673,148,162,-14,14
70674,43,58,-15,15
70675,41,43,-2,2
70676,272,239,33,33
70677,116,101,15,15
70678,86,83,3,3
70679,69,78,-9,9
70680,51,60,-9,9
70681,80,84,-4,4
70682,83,80,3,3
70683,108,112,-4,4
70684,66,66,0,0
70685,178,182,-4,4
70686,138,144,-6,6
70687,124,96,28,28
70688,58,57,1,1
70689,93,104,-11,11
70690,135,125,10,10
70691,98,84,14,14
70692,91,86,5,5
70693,83,76,7,7
70694,192,169,23,23
70695,119,102,17,17
70696,44,50,-6,6
70697,83,89,-6,6
70698,75,68,7,7
70699,216,200,16,16
70700,178,164,14,14
70701,81,83,-2,2
70702,56,66,-10,10
70703,85,88,-3,3
70704,87,80,7,7
70705,77,80,-3,3
70706,73,73,0,0
70707,122,124,-2,2
70708,169,151,18,18
70709,155,143,12,12
70710,111,111,0,0
70711,37,46,-9,9
70712,116,126,-10,10
70713,107,106,1,1
70714,63,68,-5,5
70715,97,99,-2,2
70716,108,100,8,8
70717,94,99,-5,5
70718,56,65,-9,9
70719,49,56,-7,7
70720,87,113,-26,26
70721,110,113,-3,3
70722,89,92,-3,3
70723,87,84,3,3
70724,127,126,1,1
70725,82,84,-2,2
70726,58,57,1,1
70727,69,75,-6,6
70728,66,63,3,3
70729,62,81,-19,19
70730,80,87,-7,7
70731,62,67,-5,5
70732,46,53,-7,7
70733,48,73,-25,25
70734,77,73,4,4
70735,99,121,-22,22
70736,98,109,-11,11
70737,87,87,0,0
70738,63,67,-4,4
70739,114,118,-4,4
70740,121,129,-8,8
70741,70,78,-8,8
70742,118,109,9,9
70743,116,113,3,3
70744,89,97,-8,8
70745,100,102,-2,2
70746,249,215,34,34
70747,202,170,32,32
70748,152,148,4,4
70749,140,137,3,3
70750,162,145,17,17
70751,90,89,1,1
70752,132,118,14,14
70753,79,67,12,12
70754,73,71,2,2
70755,115,105,10,10
70756,188,187,1,1
70757,72,69,3,3
70758,112,109,3,3
70759,131,134,-3,3
70760,128,125,3,3
70761,125,118,7,7
70762,133,134,-1,1
70763,159,140,19,19
70764,96,95,1,1
70765,85,80,5,5
70766,103,99,4,4
70767,74,78,-4,4
70768,139,138,1,1
70769,114,110,4,4
70770,35,47,-12,12
70771,56,56,0,0
70772,85,90,-5,5
70773,111,100,11,11
70774,107,117,-10,10
70775,138,138,0,0
70776,79,74,5,5
70777,89,94,-5,5
70778,97,86,11,11
70779,88,84,4,4
70780,77,82,-5,5
70781,83,79,4,4
70782,138,132,6,6
70783,109,111,-2,2
70784,58,63,-5,5
70785,65,79,-14,14
70786,97,102,-5,5
70787,95,93,2,2
70788,93,80,13,13
70789,80,89,-9,9
70790,88,87,1,1
70791,104,108,-4,4
70792,72,74,-2,2
70793,75,69,6,6
70794,88,86,2,2
70795,104,123,-19,19
70796,70,75,-5,5
70797,83,88,-5,5
70798,108,101,7,7
70799,84,74,10,10
70800,91,106,-15,15
70801,115,121,-6,6
70802,80,90,-10,10
70803,122,121,1,1
70804,116,109,7,7
70805,119,115,4,4
70806,105,110,-5,5
70807,80,88,-8,8
70808,63,86,-23,23
70809,108,115,-7,7
70810,73,78,-5,5
70811,116,118,-2,2
70812,101,84,17,17
70813,78,76,2,2
70814,137,136,1,1
70815,94,93,1,1
70816,63,57,6,6
70817,122,126,-4,4
70818,145,128,17,17
70819,110,106,4,4
70820,86,94,-8,8
70821,160,160,0,0
70822,149,138,11,11
70823,93,92,1,1
70824,77,75,2,2
70825,43,55,-12,12
70826,85,89,-4,4
70827,85,80,5,5
70828,71,71,0,0
70829,68,74,-6,6
70830,85,90,-5,5
70831,74,90,-16,16
70832,152,172,-20,20
70833,161,146,15,15
70834,130,132,-2,2
70835,83,83,0,0
70836,102,108,-6,6
70837,96,107,-11,11
70838,111,111,0,0
70839,41,44,-3,3
70840,54,62,-8,8
70841,119,112,7,7
70842,89,82,7,7
70843,105,97,8,8
70844,163,155,8,8
70845,102,109,-7,7
70846,90,89,1,1
70847,52,70,-18,18
70848,61,66,-5,5
70849,84,100,-16,16
70850,87,96,-9,9
70851,56,67,-11,11
70852,86,100,-14,14
70853,153,147,6,6
70854,130,122,8,8
70855,171,174,-3,3
70856,81,84,-3,3
70857,76,77,-1,1
70858,82,90,-8,8
70859,114,121,-7,7
70860,103,112,-9,9
70861,98,99,-1,1
70862,130,136,-6,6
70863,145,141,4,4
70864,66,77,-11,11
70865,136,128,8,8
70866,96,117,-21,21
70867,35,51,-16,16
70868,77,72,5,5
70869,108,105,3,3
70870,91,106,-15,15
70871,68,72,-4,4
70872,114,122,-8,8
70873,38,46,-8,8
70874,123,106,17,17
70875,81,87,-6,6
70876,96,95,1,1
70877,89,84,5,5
70878,129,153,-24,24
70879,93,89,4,4
70880,57,65,-8,8
70881,81,77,4,4
70882,137,128,9,9
70883,83,86,-3,3
70884,97,94,3,3
70885,100,94,6,6
70886,83,88,-5,5
70887,94,89,5,5
70888,87,90,-3,3
70889,154,143,11,11
70890,126,119,7,7
70891,74,77,-3,3
70892,87,89,-2,2
70893,62,71,-9,9
70894,61,63,-2,2
70895,94,85,9,9
70896,91,89,2,2
70897,67,72,-5,5
70898,87,85,2,2
70899,58,72,-14,14
70900,126,119,7,7
70901,102,105,-3,3
70902,97,108,-11,11
70903,60,61,-1,1
70904,84,92,-8,8
70905,168,129,39,39
70906,89,96,-7,7
70907,60,58,2,2
70908,99,109,-10,10
70909,119,107,12,12
70910,90,88,2,2
70911,150,155,-5,5
70912,95,92,3,3
70913,79,77,2,2
70914,45,55,-10,10
70915,101,100,1,1
70916,123,122,1,1
70917,145,148,-3,3
70918,56,60,-4,4
70919,83,86,-3,3
70920,48,57,-9,9
70921,65,66,-1,1
70922,102,109,-7,7
70923,75,73,2,2
70924,194,219,-25,25
70925,55,59,-4,4
70926,61,62,-1,1
70927,97,96,1,1
70928,123,127,-4,4
70929,47,51,-4,4
70930,99,101,-2,2
70931,88,88,0,0
70932,65,61,4,4
70933,71,72,-1,1
70934,140,136,4,4
70935,113,103,10,10
70936,70,82,-12,12
70937,123,131,-8,8
70938,113,105,8,8
70939,170,157,13,13
70940,101,95,6,6
70941,113,111,2,2
70942,102,88,14,14
70943,74,86,-12,12
70944,73,80,-7,7
70945,90,98,-8,8
70946,62,53,9,9
70947,104,121,-17,17
70948,119,133,-14,14
70949,71,64,7,7
70950,129,133,-4,4
70951,48,54,-6,6
70952,149,165,-16,16
70953,63,65,-2,2
70954,115,117,-2,2
70955,110,127,-17,17
70956,93,115,-22,22
70957,100,98,2,2
70958,90,95,-5,5
70959,46,56,-10,10
70960,126,125,1,1
70961,99,104,-5,5
70962,65,66,-1,1
70963,77,82,-5,5
70964,70,67,3,3
70965,82,97,-15,15
70966,91,96,-5,5
70967,142,131,11,11
70968,73,73,0,0
70969,146,145,1,1
70970,106,110,-4,4
70971,185,186,-1,1
70972,72,67,5,5
70973,119,108,11,11
70974,56,62,-6,6
70975,110,114,-4,4
70976,94,91,3,3
70977,79,90,-11,11
70978,50,52,-2,2
70979,86,88,-2,2
70980,73,74,-1,1
70981,81,79,2,2
70982,68,76,-8,8
70983,69,70,-1,1
70984,135,124,11,11
70985,162,105,57,57
70986,107,112,-5,5
70987,74,80,-6,6
70988,61,65,-4,4
70989,101,101,0,0
70990,70,70,0,0
70991,101,122,-21,21
70992,61,70,-9,9
70993,103,102,1,1
70994,47,111,-64,64
70995,87,86,1,1
70996,73,80,-7,7
70997,100,92,8,8
70998,97,93,4,4
70999,75,79,-4,4
71000,77,82,-5,5
71001,59,60,-1,1
71002,136,141,-5,5
71003,44,50,-6,6
71004,149,140,9,9
71005,85,93,-8,8
71006,132,130,2,2
71007,54,56,-2,2
71008,98,90,8,8
71009,102,109,-7,7
71010,122,123,-1,1
71011,70,75,-5,5
71012,121,94,27,27
71013,86,91,-5,5
71014,99,97,2,2
71015,71,66,5,5
71016,113,114,-1,1
71017,100,98,2,2
71018,61,67,-6,6
71019,69,71,-2,2
71020,103,114,-11,11
71021,122,135,-13,13
71022,90,85,5,5
71023,113,105,8,8
71024,99,101,-2,2
71025,100,98,2,2
71026,77,84,-7,7
71027,84,84,0,0
71028,101,92,9,9
71029,86,84,2,2
71030,43,43,0,0
71031,73,63,10,10
71032,128,128,0,0
71033,81,73,8,8
71034,67,59,8,8
71035,137,120,17,17
71036,77,81,-4,4
71037,52,63,-11,11
71038,103,112,-9,9
71039,107,107,0,0
71040,101,96,5,5
71041,80,82,-2,2
71042,114,119,-5,5
71043,112,120,-8,8
71044,118,110,8,8
71045,110,105,5,5
71046,88,86,2,2
71047,63,94,-31,31
71048,125,117,8,8
71049,126,122,4,4
71050,68,70,-2,2
71051,59,74,-15,15
71052,69,75,-6,6
71053,90,84,6,6
71054,108,119,-11,11
71055,80,88,-8,8
71056,63,69,-6,6
71057,52,56,-4,4
71058,72,78,-6,6
71059,76,81,-5,5
71060,92,100,-8,8
71061,133,162,-29,29
71062,65,73,-8,8
71063,69,67,2,2
71064,121,114,7,7
71065,92,94,-2,2
71066,67,78,-11,11
71067,134,124,10,10
71068,81,77,4,4
71069,68,83,-15,15
71070,67,66,1,1
71071,52,57,-5,5
71072,107,106,1,1
71073,120,116,4,4
71074,133,138,-5,5
71075,150,150,0,0
71076,124,141,-17,17
71077,86,88,-2,2
71078,29,36,-7,7
71079,170,155,15,15
71080,88,86,2,2
71081,158,138,20,20
71082,58,67,-9,9
71083,129,124,5,5
71084,94,101,-7,7
71085,116,118,-2,2
71086,159,155,4,4
71087,86,79,7,7
71088,174,167,7,7
71089,104,96,8,8
71090,90,84,6,6
71091,101,102,-1,1
71092,107,101,6,6
71093,133,115,18,18
71094,70,76,-6,6
71095,100,86,14,14
71096,174,174,0,0
71097,41,58,-17,17
71098,85,86,-1,1
71099,76,85,-9,9
71100,73,75,-2,2
71101,131,127,4,4
71102,83,81,2,2
71103,88,87,1,1
71104,128,131,-3,3
71105,86,88,-2,2
71106,163,162,1,1
71107,104,108,-4,4
71108,50,53,-3,3
71109,114,94,20,20
71110,108,108,0,0
71111,72,75,-3,3
71112,63,75,-12,12
71113,51,56,-5,5
71114,94,85,9,9
71115,76,73,3,3
71116,39,48,-9,9
71117,100,97,3,3
71118,64,69,-5,5
71119,87,85,2,2
71120,112,106,6,6
71121,105,111,-6,6
71122,84,87,-3,3
71123,135,133,2,2
71124,66,67,-1,1
71125,164,166,-2,2
71126,53,61,-8,8
71127,131,118,13,13
71128,97,99,-2,2
71129,44,57,-13,13
71130,85,78,7,7
71131,58,56,2,2
71132,105,97,8,8
71133,51,54,-3,3
71134,67,74,-7,7
71135,82,94,-12,12
71136,100,98,2,2
71137,154,141,13,13
71138,89,81,8,8
71139,88,82,6,6
71140,104,95,9,9
71141,82,70,12,12
71142,97,83,14,14
71143,87,91,-4,4
71144,71,66,5,5
71145,87,89,-2,2
71146,71,74,-3,3
71147,168,159,9,9
71148,124,116,8,8
71149,75,70,5,5
71150,137,120,17,17
71151,131,135,-4,4
71152,161,165,-4,4
71153,80,81,-1,1
71154,109,108,1,1
71155,65,63,2,2
71156,152,153,-1,1
71157,120,119,1,1
71158,116,124,-8,8
71159,82,94,-12,12
71160,214,202,12,12
71161,75,69,6,6
71162,95,76,19,19
71163,120,110,10,10
71164,126,119,7,7
71165,112,108,4,4
71166,115,120,-5,5
71167,94,89,5,5
71168,84,94,-10,10
71169,99,103,-4,4
71170,69,60,9,9
71171,62,65,-3,3
71172,106,103,3,3
71173,110,105,5,5
71174,78,80,-2,2
71175,161,190,-29,29
71176,140,107,33,33
71177,83,93,-10,10
71178,110,104,6,6
71179,50,58,-8,8
71180,160,147,13,13
71181,93,83,10,10
71182,161,161,0,0
71183,37,47,-10,10
71184,58,54,4,4
71185,109,120,-11,11
71186,99,107,-8,8
71187,124,143,-19,19
71188,65,61,4,4
71189,113,113,0,0
71190,114,119,-5,5
71191,127,106,21,21
71192,99,93,6,6
71193,83,82,1,1
71194,74,82,-8,8
71195,112,118,-6,6
71196,76,80,-4,4
71197,86,84,2,2
71198,59,65,-6,6
71199,185,135,50,50
71200,113,98,15,15
71201,90,90,0,0
71202,60,76,-16,16
71203,136,122,14,14
71204,94,99,-5,5
71205,100,96,4,4
71206,93,86,7,7
71207,80,85,-5,5
71208,138,118,20,20
71209,123,118,5,5
71210,84,75,9,9
71211,96,97,-1,1
71212,123,127,-4,4
71213,46,94,-48,48
71214,54,70,-16,16
71215,135,138,-3,3
71216,135,125,10,10
71217,79,84,-5,5
71218,127,119,8,8
71219,75,87,-12,12
71220,43,56,-13,13
71221,107,92,15,15
71222,86,78,8,8
71223,114,100,14,14
71224,56,46,10,10
71225,80,84,-4,4
71226,86,86,0,0
71227,62,65,-3,3
71228,78,68,10,10
71229,158,142,16,16
71230,96,114,-18,18
71231,88,89,-1,1
71232,62,57,5,5
71233,116,113,3,3
71234,103,114,-11,11
71235,108,113,-5,5
71236,96,98,-2,2
71237,65,64,1,1
71238,64,71,-7,7
71239,136,121,15,15
71240,92,95,-3,3
71241,66,64,2,2
71242,106,105,1,1
71243,168,154,14,14
71244,91,84,7,7
71245,90,93,-3,3
71246,83,81,2,2
71247,198,185,13,13
71248,98,92,6,6
71249,116,104,12,12
71250,77,77,0,0
71251,95,95,0,0
71252,113,100,13,13
71253,102,105,-3,3
71254,54,57,-3,3
71255,138,141,-3,3
71256,76,76,0,0
71257,58,60,-2,2
71258,74,79,-5,5
71259,93,93,0,0
71260,56,75,-19,19
71261,139,142,-3,3
71262,169,165,4,4
71263,131,126,5,5
71264,64,54,10,10
71265,89,87,2,2
71266,111,94,17,17
71267,149,146,3,3
71268,86,77,9,9
71269,67,93,-26,26
71270,54,58,-4,4
71271,47,59,-12,12
71272,43,58,-15,15
71273,90,94,-4,4
71274,139,120,19,19
71275,62,63,-1,1
71276,67,69,-2,2
71277,75,77,-2,2
71278,87,87,0,0
71279,82,83,-1,1
71280,41,48,-7,7
71281,86,89,-3,3
71282,151,131,20,20
71283,87,81,6,6
71284,107,103,4,4
71285,67,69,-2,2
71286,90,101,-11,11
71287,133,115,18,18
71288,42,41,1,1
71289,124,124,0,0
71290,66,71,-5,5
71291,74,75,-1,1
71292,54,55,-1,1
71293,123,112,11,11
71294,137,129,8,8
71295,67,66,1,1
71296,113,116,-3,3
71297,103,84,19,19
71298,161,151,10,10
71299,114,105,9,9
71300,112,79,33,33
71301,103,108,-5,5
71302,112,117,-5,5
71303,123,139,-16,16
71304,65,69,-4,4
71305,97,92,5,5
71306,68,65,3,3
71307,69,68,1,1
71308,69,74,-5,5
71309,143,139,4,4
71310,107,105,2,2
71311,59,78,-19,19
71312,125,122,3,3
71313,57,67,-10,10
71314,108,106,2,2
71315,86,84,2,2
71316,98,92,6,6
71317,82,80,2,2
71318,87,122,-35,35
71319,65,66,-1,1
71320,96,106,-10,10
71321,60,59,1,1
71322,77,84,-7,7
71323,81,85,-4,4
71324,147,142,5,5
71325,75,71,4,4
71326,75,76,-1,1
71327,85,99,-14,14
71328,94,87,7,7
71329,158,148,10,10
71330,103,69,34,34
71331,125,119,6,6
71332,119,137,-18,18
71333,109,121,-12,12
71334,64,62,2,2
71335,74,80,-6,6
71336,33,46,-13,13
71337,104,109,-5,5
71338,73,63,10,10
71339,148,133,15,15
71340,57,65,-8,8
71341,62,60,2,2
71342,143,144,-1,1
71343,96,107,-11,11
71344,61,63,-2,2
71345,126,130,-4,4
71346,66,90,-24,24
71347,97,109,-12,12
71348,58,65,-7,7
71349,85,87,-2,2
71350,207,205,2,2
71351,114,107,7,7
71352,105,108,-3,3
71353,92,87,5,5
71354,80,85,-5,5
71355,97,93,4,4
71356,93,85,8,8
71357,55,56,-1,1
71358,89,82,7,7
71359,116,104,12,12
71360,98,97,1,1
71361,79,76,3,3
71362,127,124,3,3
71363,112,112,0,0
71364,131,115,16,16
71365,92,99,-7,7
71366,81,90,-9,9
71367,236,223,13,13
71368,110,126,-16,16
71369,66,79,-13,13
71370,100,105,-5,5
71371,98,103,-5,5
71372,118,109,9,9
71373,91,104,-13,13
71374,162,137,25,25
71375,77,74,3,3
71376,67,75,-8,8
71377,131,123,8,8
71378,103,104,-1,1
71379,57,60,-3,3
71380,93,80,13,13
71381,72,87,-15,15
71382,67,56,11,11
71383,49,61,-12,12
71384,72,73,-1,1
71385,56,59,-3,3
71386,154,160,-6,6
71387,72,76,-4,4
71388,44,55,-11,11
71389,97,98,-1,1
71390,173,136,37,37
71391,151,141,10,10
71392,92,94,-2,2
71393,41,69,-28,28
71394,101,103,-2,2
71395,151,130,21,21
71396,112,108,4,4
71397,82,87,-5,5
71398,147,144,3,3
71399,104,96,8,8
71400,156,146,10,10
71401,69,68,1,1
71402,88,97,-9,9
71403,49,57,-8,8
71404,72,76,-4,4
71405,87,80,7,7
71406,83,83,0,0
71407,78,63,15,15
71408,109,122,-13,13
71409,118,133,-15,15
71410,146,194,-48,48
71411,95,98,-3,3
71412,139,138,1,1
71413,112,127,-15,15
71414,74,79,-5,5
71415,101,112,-11,11
71416,69,68,1,1
71417,60,66,-6,6
71418,52,56,-4,4
71419,70,65,5,5
71420,52,52,0,0
71421,93,95,-2,2
71422,75,70,5,5
71423,50,49,1,1
71424,64,65,-1,1
71425,167,141,26,26
71426,59,66,-7,7
71427,117,116,1,1
71428,97,101,-4,4
71429,93,91,2,2
71430,70,73,-3,3
71431,91,82,9,9
71432,52,59,-7,7
71433,97,104,-7,7
71434,66,63,3,3
71435,91,84,7,7
71436,72,119,-47,47
71437,113,109,4,4
71438,91,90,1,1
71439,50,61,-11,11
71440,85,97,-12,12
71441,167,162,5,5
71442,78,78,0,0
71443,149,145,4,4
71444,102,100,2,2
71445,116,111,5,5
71446,69,81,-12,12
71447,63,66,-3,3
71448,108,115,-7,7
71449,81,82,-1,1
71450,82,89,-7,7
71451,113,107,6,6
71452,83,89,-6,6
71453,97,90,7,7
71454,78,97,-19,19
71455,102,105,-3,3
71456,109,123,-14,14
71457,64,69,-5,5
71458,98,99,-1,1
71459,156,143,13,13
71460,126,130,-4,4
71461,90,94,-4,4
71462,122,112,10,10
71463,67,72,-5,5
71464,60,62,-2,2
71465,60,63,-3,3
71466,73,75,-2,2
71467,135,147,-12,12
71468,116,115,1,1
71469,92,94,-2,2
71470,116,124,-8,8
71471,76,73,3,3
71472,137,122,15,15
71473,38,63,-25,25
71474,212,205,7,7
71475,115,117,-2,2
71476,170,150,20,20
71477,140,164,-24,24
71478,194,168,26,26
71479,119,115,4,4
71480,46,57,-11,11
71481,67,67,0,0
71482,114,115,-1,1
71483,107,136,-29,29
71484,83,101,-18,18
71485,103,96,7,7
71486,75,84,-9,9
71487,117,99,18,18
71488,59,55,4,4
71489,68,92,-24,24
71490,117,106,11,11
71491,142,139,3,3
71492,50,57,-7,7
71493,72,77,-5,5
71494,114,135,-21,21
71495,161,168,-7,7
71496,104,106,-2,2
71497,241,211,30,30
71498,72,80,-8,8
71499,89,89,0,0
71500,76,70,6,6
71501,97,101,-4,4
71502,93,85,8,8
71503,73,66,7,7
71504,67,64,3,3
71505,89,88,1,1
71506,91,89,2,2
71507,112,110,2,2
71508,156,154,2,2
71509,59,64,-5,5
71510,71,75,-4,4
71511,35,40,-5,5
71512,60,59,1,1
71513,151,162,-11,11
71514,83,84,-1,1
71515,114,118,-4,4
71516,66,61,5,5
71517,68,78,-10,10
71518,128,134,-6,6
71519,168,135,33,33
71520,84,82,2,2
71521,87,91,-4,4
71522,94,95,-1,1
71523,44,58,-14,14
71524,93,96,-3,3
71525,135,130,5,5
71526,80,80,0,0
71527,105,106,-1,1
71528,86,92,-6,6
71529,115,110,5,5
71530,183,179,4,4
71531,120,119,1,1
71532,25,38,-13,13
71533,53,60,-7,7
71534,131,114,17,17
71535,164,148,16,16
71536,74,81,-7,7
71537,125,122,3,3
71538,91,112,-21,21
71539,106,101,5,5
71540,95,90,5,5
71541,75,69,6,6
71542,114,112,2,2
71543,70,66,4,4
71544,89,81,8,8
71545,37,39,-2,2
71546,90,85,5,5
71547,60,47,13,13
71548,106,117,-11,11
71549,59,69,-10,10
71550,114,128,-14,14
71551,69,75,-6,6
71552,96,101,-5,5
71553,90,79,11,11
71554,132,141,-9,9
71555,117,121,-4,4
71556,78,76,2,2
71557,63,72,-9,9
71558,96,96,0,0
71559,132,109,23,23
71560,83,78,5,5
71561,114,115,-1,1
71562,109,101,8,8
71563,97,88,9,9
71564,81,83,-2,2
71565,95,96,-1,1
71566,82,87,-5,5
71567,127,142,-15,15
71568,108,106,2,2
71569,91,111,-20,20
71570,87,92,-5,5
71571,92,95,-3,3
71572,165,186,-21,21
71573,85,88,-3,3
71574,50,62,-12,12
71575,62,66,-4,4
71576,97,91,6,6
71577,87,96,-9,9
71578,66,62,4,4
71579,76,76,0,0
71580,75,81,-6,6
71581,172,156,16,16
71582,45,53,-8,8
71583,86,90,-4,4
71584,73,87,-14,14
71585,189,168,21,21
71586,65,61,4,4
71587,76,77,-1,1
71588,95,93,2,2
71589,95,80,15,15
71590,87,95,-8,8
71591,108,113,-5,5
71592,91,75,16,16
71593,69,80,-11,11
71594,141,161,-20,20
71595,75,72,3,3
71596,82,88,-6,6
71597,55,62,-7,7
71598,55,66,-11,11
71599,121,113,8,8
71600,55,54,1,1
71601,131,118,13,13
71602,111,107,4,4
71603,52,63,-11,11
71604,141,132,9,9
71605,82,92,-10,10
71606,49,55,-6,6
71607,67,75,-8,8
71608,65,65,0,0
71609,116,128,-12,12
71610,112,110,2,2
71611,117,115,2,2
71612,137,129,8,8
71613,95,100,-5,5
71614,59,63,-4,4
71615,84,92,-8,8
71616,89,80,9,9
71617,137,125,12,12
71618,194,162,32,32
71619,144,151,-7,7
71620,106,100,6,6
71621,122,108,14,14
71622,67,71,-4,4
71623,104,115,-11,11
71624,114,107,7,7
71625,84,90,-6,6
71626,49,67,-18,18
71627,232,182,50,50
71628,79,70,9,9
71629,101,97,4,4
71630,105,111,-6,6
71631,104,104,0,0
71632,221,172,49,49
71633,124,116,8,8
71634,154,145,9,9
71635,110,100,10,10
71636,75,83,-8,8
71637,175,162,13,13
71638,162,162,0,0
71639,169,146,23,23
71640,82,101,-19,19
71641,69,57,12,12
71642,63,66,-3,3
71643,101,105,-4,4
71644,59,64,-5,5
71645,123,129,-6,6
71646,105,116,-11,11
71647,99,99,0,0
71648,58,66,-8,8
71649,103,102,1,1
71650,77,91,-14,14
71651,64,63,1,1
71652,49,53,-4,4
71653,96,99,-3,3
71654,78,80,-2,2
71655,124,128,-4,4
71656,66,92,-26,26
71657,163,160,3,3
71658,140,175,-35,35
71659,77,85,-8,8
71660,55,58,-3,3
71661,64,61,3,3
71662,73,80,-7,7
71663,86,91,-5,5
71664,87,84,3,3
71665,80,88,-8,8
71666,74,86,-12,12
71667,69,65,4,4
71668,118,117,1,1
71669,74,88,-14,14
71670,162,167,-5,5
71671,63,68,-5,5
71672,88,92,-4,4
71673,105,116,-11,11
71674,70,61,9,9
71675,86,94,-8,8
71676,82,83,-1,1
71677,181,187,-6,6
71678,60,63,-3,3
71679,139,149,-10,10
71680,45,46,-1,1
71681,84,83,1,1
71682,87,88,-1,1
71683,94,85,9,9
71684,94,101,-7,7
71685,102,118,-16,16
71686,82,83,-1,1
71687,102,85,17,17
71688,51,52,-1,1
71689,91,75,16,16
71690,92,94,-2,2
71691,119,123,-4,4
71692,98,100,-2,2
71693,92,90,2,2
71694,144,140,4,4
71695,117,116,1,1
71696,61,59,2,2
71697,55,56,-1,1
71698,89,88,1,1
71699,83,91,-8,8
71700,122,104,18,18
71701,101,107,-6,6
71702,71,77,-6,6
71703,183,190,-7,7
71704,79,90,-11,11
71705,68,83,-15,15
71706,124,117,7,7
71707,96,89,7,7
71708,82,80,2,2
71709,99,117,-18,18
71710,145,122,23,23
71711,143,150,-7,7
71712,131,127,4,4
71713,83,80,3,3
71714,118,142,-24,24
71715,65,68,-3,3
71716,52,61,-9,9
71717,78,73,5,5
71718,76,82,-6,6
71719,142,142,0,0
71720,90,79,11,11
71721,64,55,9,9
71722,70,68,2,2
71723,81,93,-12,12
71724,155,144,11,11
71725,94,109,-15,15
71726,64,67,-3,3
71727,83,78,5,5
71728,112,110,2,2
71729,112,94,18,18
71730,132,123,9,9
71731,84,82,2,2
71732,63,72,-9,9
71733,78,82,-4,4
71734,143,140,3,3
71735,71,76,-5,5
71736,94,92,2,2
71737,75,73,2,2
71738,54,62,-8,8
71739,81,72,9,9
71740,72,76,-4,4
71741,95,96,-1,1
71742,136,134,2,2
71743,89,86,3,3
71744,66,73,-7,7
71745,95,85,10,10
71746,85,85,0,0
71747,114,118,-4,4
71748,70,69,1,1
71749,70,51,19,19
71750,115,118,-3,3
71751,139,134,5,5
71752,104,99,5,5
71753,65,62,3,3
71754,145,135,10,10
71755,108,112,-4,4
71756,81,80,1,1
71757,85,78,7,7
71758,59,74,-15,15
71759,146,144,2,2
71760,89,104,-15,15
71761,94,99,-5,5
71762,82,77,5,5
71763,58,66,-8,8
71764,78,79,-1,1
71765,92,85,7,7
71766,65,66,-1,1
71767,100,94,6,6
71768,126,128,-2,2
71769,115,104,11,11
71770,64,65,-1,1
71771,67,74,-7,7
71772,114,108,6,6
71773,73,75,-2,2
71774,86,81,5,5
71775,92,84,8,8
71776,393,332,61,61
71777,121,146,-25,25
71778,77,86,-9,9
71779,106,99,7,7
71780,81,86,-5,5
71781,99,81,18,18
71782,150,151,-1,1
71783,98,96,2,2
71784,107,109,-2,2
71785,59,55,4,4
71786,53,69,-16,16
71787,99,95,4,4
71788,138,137,1,1
71789,58,69,-11,11
71790,85,86,-1,1
71791,129,123,6,6
71792,60,60,0,0
71793,67,66,1,1
71794,107,106,1,1
71795,42,51,-9,9
71796,73,67,6,6
71797,81,89,-8,8
71798,154,146,8,8
71799,84,92,-8,8
71800,67,67,0,0
71801,62,62,0,0
71802,93,94,-1,1
71803,119,114,5,5
71804,112,107,5,5
71805,146,132,14,14
71806,45,46,-1,1
71807,127,124,3,3
71808,87,82,5,5
71809,122,127,-5,5
71810,83,76,7,7
71811,116,117,-1,1
71812,95,104,-9,9
71813,101,102,-1,1
71814,132,137,-5,5
71815,116,112,4,4
71816,79,72,7,7
71817,94,105,-11,11
71818,131,116,15,15
71819,61,65,-4,4
71820,66,69,-3,3
71821,78,81,-3,3
71822,145,157,-12,12
71823,166,175,-9,9
71824,88,89,-1,1
71825,99,96,3,3
71826,85,88,-3,3
71827,62,65,-3,3
71828,85,93,-8,8
71829,103,110,-7,7
71830,123,131,-8,8
71831,43,52,-9,9
71832,89,95,-6,6
71833,61,67,-6,6
71834,65,66,-1,1
71835,81,80,1,1
71836,77,74,3,3
71837,118,113,5,5
71838,53,54,-1,1
71839,90,80,10,10
71840,101,123,-22,22
71841,88,84,4,4
71842,136,139,-3,3
71843,142,145,-3,3
71844,79,70,9,9
71845,124,126,-2,2
71846,69,76,-7,7
71847,55,60,-5,5
71848,84,85,-1,1
71849,34,39,-5,5
71850,86,78,8,8
71851,67,54,13,13
71852,234,214,20,20
71853,175,163,12,12
71854,50,63,-13,13
71855,75,71,4,4
71856,61,74,-13,13
71857,103,104,-1,1
71858,59,56,3,3
71859,83,98,-15,15
71860,50,53,-3,3
71861,89,92,-3,3
71862,65,75,-10,10
71863,140,129,11,11
71864,158,171,-13,13
71865,113,73,40,40
71866,118,135,-17,17
71867,172,142,30,30
71868,119,128,-9,9
71869,106,110,-4,4
71870,146,147,-1,1
71871,72,73,-1,1
71872,84,88,-4,4
71873,78,80,-2,2
71874,58,59,-1,1
71875,85,75,10,10
71876,137,129,8,8
71877,86,111,-25,25
71878,78,83,-5,5
71879,88,95,-7,7
71880,108,107,1,1
71881,104,101,3,3
71882,77,86,-9,9
71883,101,107,-6,6
71884,109,139,-30,30
71885,84,73,11,11
71886,70,63,7,7
71887,134,144,-10,10
71888,51,64,-13,13
71889,128,129,-1,1
71890,103,112,-9,9
71891,76,80,-4,4
71892,101,111,-10,10
71893,92,93,-1,1
71894,72,74,-2,2
71895,68,81,-13,13
71896,84,90,-6,6
71897,88,91,-3,3
71898,119,129,-10,10
71899,56,76,-20,20
71900,31,46,-15,15
71901,91,91,0,0
71902,163,171,-8,8
71903,124,112,12,12
71904,71,71,0,0
71905,101,113,-12,12
71906,112,132,-20,20
71907,103,99,4,4
71908,74,75,-1,1
71909,57,60,-3,3
71910,137,137,0,0
71911,124,115,9,9
71912,77,92,-15,15
71913,83,80,3,3
71914,66,77,-11,11
71915,110,103,7,7
71916,65,64,1,1
71917,98,107,-9,9
71918,87,83,4,4
71919,90,74,16,16
71920,140,136,4,4
71921,116,113,3,3
71922,128,121,7,7
71923,73,69,4,4
71924,155,178,-23,23
71925,96,104,-8,8
71926,115,118,-3,3
71927,63,67,-4,4
71928,57,58,-1,1
71929,113,104,9,9
71930,104,90,14,14
71931,53,66,-13,13
71932,62,66,-4,4
71933,53,56,-3,3
71934,71,71,0,0
71935,76,80,-4,4
71936,117,101,16,16
71937,57,60,-3,3
71938,79,80,-1,1
71939,69,80,-11,11
71940,78,75,3,3
71941,40,66,-26,26
71942,58,70,-12,12
71943,105,107,-2,2
71944,87,104,-17,17
71945,118,106,12,12
71946,101,112,-11,11
71947,32,41,-9,9
71948,75,74,1,1
71949,112,113,-1,1
71950,112,111,1,1
71951,124,129,-5,5
71952,68,70,-2,2
71953,72,68,4,4
71954,52,57,-5,5
71955,84,85,-1,1
71956,78,75,3,3
71957,106,95,11,11
71958,126,132,-6,6
71959,103,104,-1,1
71960,110,87,23,23
71961,91,89,2,2
71962,149,149,0,0
71963,55,58,-3,3
71964,113,112,1,1
71965,72,70,2,2
71966,79,89,-10,10
71967,125,117,8,8
71968,126,109,17,17
71969,156,128,28,28
71970,69,69,0,0
71971,59,61,-2,2
71972,92,112,-20,20
71973,65,63,2,2
71974,94,96,-2,2
71975,76,106,-30,30
71976,145,136,9,9
71977,141,147,-6,6
71978,71,75,-4,4
71979,91,90,1,1
71980,56,59,-3,3
71981,107,108,-1,1
71982,73,68,5,5
71983,120,132,-12,12
71984,109,65,44,44
71985,125,114,11,11
71986,80,84,-4,4
71987,55,59,-4,4
71988,92,93,-1,1
71989,125,123,2,2
71990,74,82,-8,8
71991,65,74,-9,9
71992,85,90,-5,5
71993,41,54,-13,13
71994,73,84,-11,11
71995,133,108,25,25
71996,48,55,-7,7
71997,81,75,6,6
71998,109,118,-9,9
71999,98,95,3,3
72000,123,116,7,7
72001,103,112,-9,9
72002,79,83,-4,4
72003,60,72,-12,12
72004,93,99,-6,6
72005,162,133,29,29
72006,121,109,12,12
72007,113,129,-16,16
72008,64,71,-7,7
72009,61,71,-10,10
72010,110,108,2,2
72011,106,106,0,0
72012,111,106,5,5
72013,72,80,-8,8
72014,50,52,-2,2
72015,58,57,1,1
72016,112,122,-10,10
72017,86,94,-8,8
72018,77,76,1,1
72019,116,113,3,3
72020,77,76,1,1
72021,156,144,12,12
72022,94,98,-4,4
72023,152,148,4,4
72024,153,154,-1,1
72025,91,98,-7,7
72026,114,115,-1,1
72027,54,61,-7,7
72028,68,67,1,1
72029,108,129,-21,21
72030,144,133,11,11
72031,122,121,1,1
72032,94,100,-6,6
72033,100,95,5,5
72034,63,70,-7,7
72035,109,107,2,2
72036,92,94,-2,2
72037,104,98,6,6
72038,80,70,10,10
72039,83,85,-2,2
72040,115,123,-8,8
72041,149,155,-6,6
72042,111,107,4,4
72043,64,68,-4,4
72044,117,108,9,9
72045,68,70,-2,2
72046,98,92,6,6
72047,58,59,-1,1
72048,109,104,5,5
72049,84,80,4,4
72050,59,65,-6,6
72051,122,110,12,12
72052,67,64,3,3
72053,74,68,6,6
72054,65,74,-9,9
72055,95,95,0,0
72056,90,92,-2,2
72057,71,71,0,0
72058,46,48,-2,2
72059,37,63,-26,26
72060,128,128,0,0
72061,110,106,4,4
72062,98,114,-16,16
72063,55,60,-5,5
72064,118,114,4,4
72065,28,42,-14,14
72066,164,161,3,3
72067,97,93,4,4
72068,149,129,20,20
72069,100,91,9,9
72070,102,108,-6,6
72071,99,107,-8,8
72072,170,151,19,19
72073,124,132,-8,8
72074,109,113,-4,4
72075,146,137,9,9
72076,170,182,-12,12
72077,85,75,10,10
72078,106,100,6,6
72079,96,99,-3,3
72080,105,103,2,2
72081,116,110,6,6
72082,61,68,-7,7
72083,114,120,-6,6
72084,105,99,6,6
72085,163,188,-25,25
72086,50,59,-9,9
72087,141,129,12,12
72088,79,86,-7,7
72089,129,123,6,6
72090,82,80,2,2
72091,61,67,-6,6
72092,69,64,5,5
72093,62,76,-14,14
72094,93,98,-5,5
72095,92,98,-6,6
72096,91,102,-11,11
72097,45,52,-7,7
72098,167,158,9,9
72099,71,70,1,1
72100,43,56,-13,13
72101,122,129,-7,7
72102,73,68,5,5
72103,99,100,-1,1
72104,82,88,-6,6
72105,119,111,8,8
72106,135,122,13,13
72107,46,55,-9,9
72108,102,105,-3,3
72109,66,61,5,5
72110,159,157,2,2
72111,93,92,1,1
72112,93,82,11,11
72113,71,81,-10,10
72114,106,87,19,19
72115,99,95,4,4
72116,145,157,-12,12
72117,102,119,-17,17
72118,146,151,-5,5
72119,129,136,-7,7
72120,105,114,-9,9
72121,119,114,5,5
72122,49,55,-6,6
72123,114,112,2,2
72124,137,134,3,3
72125,84,83,1,1
72126,63,65,-2,2
72127,120,112,8,8
72128,63,53,10,10
72129,153,149,4,4
72130,73,72,1,1
72131,110,103,7,7
72132,178,173,5,5
72133,73,104,-31,31
72134,80,75,5,5
72135,98,101,-3,3
72136,122,127,-5,5
72137,122,115,7,7
72138,95,90,5,5
72139,100,110,-10,10
72140,107,102,5,5
72141,86,69,17,17
72142,62,62,0,0
72143,77,78,-1,1
72144,49,54,-5,5
72145,68,68,0,0
72146,25,38,-13,13
72147,83,86,-3,3
72148,54,51,3,3
72149,122,133,-11,11
72150,115,120,-5,5
72151,92,87,5,5
72152,120,137,-17,17
72153,161,152,9,9
72154,100,95,5,5
72155,127,113,14,14
72156,56,74,-18,18
72157,120,121,-1,1
72158,319,250,69,69
72159,161,163,-2,2
72160,120,107,13,13
72161,119,115,4,4
72162,119,99,20,20
72163,155,143,12,12
72164,90,93,-3,3
72165,43,51,-8,8
72166,67,60,7,7
72167,75,72,3,3
72168,86,91,-5,5
72169,107,100,7,7
72170,109,113,-4,4
72171,105,110,-5,5
72172,120,122,-2,2
72173,57,65,-8,8
72174,81,85,-4,4
72175,114,110,4,4
72176,101,102,-1,1
72177,104,99,5,5
72178,105,92,13,13
72179,93,102,-9,9
72180,117,132,-15,15
72181,93,95,-2,2
72182,60,66,-6,6
72183,81,75,6,6
72184,96,96,0,0
72185,99,95,4,4
72186,88,82,6,6
72187,113,131,-18,18
72188,91,109,-18,18
72189,142,134,8,8
72190,95,90,5,5
72191,79,84,-5,5
72192,80,90,-10,10
72193,54,57,-3,3
72194,124,118,6,6
72195,86,91,-5,5
72196,154,136,18,18
72197,77,76,1,1
72198,129,113,16,16
72199,196,170,26,26
72200,78,82,-4,4
72201,63,65,-2,2
72202,176,152,24,24
72203,102,96,6,6
72204,102,100,2,2
72205,92,85,7,7
72206,145,135,10,10
72207,64,65,-1,1
72208,100,90,10,10
72209,96,119,-23,23
72210,96,86,10,10
72211,51,47,4,4
72212,61,74,-13,13
72213,129,129,0,0
72214,196,181,15,15
72215,61,65,-4,4
72216,86,83,3,3
72217,69,79,-10,10
72218,121,125,-4,4
72219,87,99,-12,12
72220,105,101,4,4
72221,67,92,-25,25
72222,71,86,-15,15
72223,165,145,20,20
72224,132,121,11,11
72225,171,158,13,13
72226,81,75,6,6
72227,142,133,9,9
72228,75,81,-6,6
72229,102,88,14,14
72230,86,95,-9,9
72231,136,130,6,6
72232,63,62,1,1
72233,122,134,-12,12
72234,89,93,-4,4
72235,97,107,-10,10
72236,67,71,-4,4
72237,105,99,6,6
72238,64,75,-11,11
72239,85,98,-13,13
72240,99,107,-8,8
72241,80,56,24,24
72242,115,97,18,18
72243,65,69,-4,4
72244,104,113,-9,9
72245,115,117,-2,2
72246,147,146,1,1
72247,105,102,3,3
72248,141,131,10,10
72249,163,145,18,18
72250,129,121,8,8
72251,90,99,-9,9
72252,73,78,-5,5
72253,101,92,9,9
72254,103,106,-3,3
72255,53,61,-8,8
72256,67,61,6,6
72257,78,80,-2,2
72258,75,71,4,4
72259,76,73,3,3
72260,105,110,-5,5
72261,103,99,4,4
72262,108,99,9,9
72263,154,133,21,21
72264,84,83,1,1
72265,125,128,-3,3
72266,71,69,2,2
72267,84,92,-8,8
72268,81,89,-8,8
72269,95,99,-4,4
72270,249,219,30,30
72271,101,101,0,0
72272,69,79,-10,10
72273,109,114,-5,5
72274,76,76,0,0
72275,92,97,-5,5
72276,56,61,-5,5
72277,85,91,-6,6
72278,51,58,-7,7
72279,117,100,17,17
72280,74,79,-5,5
72281,184,160,24,24
72282,82,88,-6,6
72283,93,100,-7,7
72284,87,77,10,10
72285,56,60,-4,4
72286,65,65,0,0
72287,95,88,7,7
72288,112,110,2,2
72289,110,114,-4,4
72290,137,138,-1,1
72291,73,72,1,1
72292,128,128,0,0
72293,99,91,8,8
72294,133,124,9,9
72295,109,108,1,1
72296,74,87,-13,13
72297,99,91,8,8
72298,23,48,-25,25
72299,87,92,-5,5
72300,175,147,28,28
72301,71,71,0,0
72302,64,70,-6,6
72303,74,82,-8,8
72304,127,126,1,1
72305,136,136,0,0
72306,114,113,1,1
72307,143,137,6,6
72308,115,111,4,4
72309,83,91,-8,8
72310,118,117,1,1
72311,64,63,1,1
72312,94,102,-8,8
72313,69,60,9,9
72314,142,144,-2,2
72315,75,73,2,2
72316,58,55,3,3
72317,19,39,-20,20
72318,83,93,-10,10
72319,59,61,-2,2
72320,99,101,-2,2
72321,69,80,-11,11
72322,95,86,9,9
72323,248,206,42,42
72324,129,111,18,18
72325,45,52,-7,7
72326,129,124,5,5
72327,99,108,-9,9
72328,98,97,1,1
72329,115,122,-7,7
72330,136,122,14,14
72331,111,101,10,10
72332,98,104,-6,6
72333,85,95,-10,10
72334,141,138,3,3
72335,94,107,-13,13
72336,94,91,3,3
72337,112,125,-13,13
72338,107,115,-8,8
72339,127,130,-3,3
72340,113,107,6,6
72341,131,117,14,14
72342,69,73,-4,4
72343,51,55,-4,4
72344,148,146,2,2
72345,79,70,9,9
72346,108,112,-4,4
72347,105,102,3,3
72348,82,109,-27,27
72349,152,145,7,7
72350,77,87,-10,10
72351,96,106,-10,10
72352,118,137,-19,19
72353,176,175,1,1
72354,161,170,-9,9
72355,74,80,-6,6
72356,89,88,1,1
72357,126,125,1,1
72358,105,126,-21,21
72359,102,103,-1,1
72360,74,79,-5,5
72361,122,125,-3,3
72362,80,80,0,0
72363,75,74,1,1
72364,148,154,-6,6
72365,129,115,14,14
72366,68,66,2,2
72367,74,90,-16,16
72368,96,79,17,17
72369,88,83,5,5
72370,53,65,-12,12
72371,79,78,1,1
72372,78,74,4,4
72373,69,75,-6,6
72374,134,127,7,7
72375,77,73,4,4
72376,144,119,25,25
72377,102,112,-10,10
72378,112,121,-9,9
72379,122,110,12,12
72380,87,86,1,1
72381,111,120,-9,9
72382,102,98,4,4
72383,73,76,-3,3
72384,86,88,-2,2
72385,74,72,2,2
72386,132,107,25,25
72387,128,132,-4,4
72388,130,129,1,1
72389,62,68,-6,6
72390,44,55,-11,11
72391,78,80,-2,2
72392,95,93,2,2
72393,95,74,21,21
72394,116,114,2,2
72395,80,81,-1,1
72396,57,65,-8,8
72397,84,99,-15,15
72398,122,106,16,16
72399,115,122,-7,7
72400,185,147,38,38
72401,144,132,12,12
72402,54,60,-6,6
72403,125,126,-1,1
72404,107,124,-17,17
72405,140,161,-21,21
72406,59,60,-1,1
72407,64,66,-2,2
72408,83,78,5,5
72409,56,56,0,0
72410,79,69,10,10
72411,58,61,-3,3
72412,92,94,-2,2
72413,138,119,19,19
72414,110,110,0,0
72415,197,166,31,31
72416,102,92,10,10
72417,75,74,1,1
72418,127,128,-1,1
72419,95,98,-3,3
72420,64,63,1,1
72421,68,77,-9,9
72422,174,162,12,12
72423,61,63,-2,2
72424,74,70,4,4
72425,106,116,-10,10
72426,60,67,-7,7
72427,73,90,-17,17
72428,92,99,-7,7
72429,189,158,31,31
72430,99,99,0,0
72431,147,142,5,5
72432,120,120,0,0
72433,75,83,-8,8
72434,57,59,-2,2
72435,56,56,0,0
72436,73,73,0,0
72437,67,67,0,0
72438,176,158,18,18
72439,131,130,1,1
72440,101,89,12,12
72441,77,77,0,0
72442,90,115,-25,25
72443,106,112,-6,6
72444,120,121,-1,1
72445,82,74,8,8
72446,117,118,-1,1
72447,57,70,-13,13
72448,57,67,-10,10
72449,104,109,-5,5
72450,85,70,15,15
72451,112,122,-10,10
72452,89,95,-6,6
72453,88,89,-1,1
72454,87,81,6,6
72455,103,117,-14,14
72456,151,138,13,13
72457,92,101,-9,9
72458,98,84,14,14
72459,63,80,-17,17
72460,88,99,-11,11
72461,85,83,2,2
72462,29,35,-6,6
72463,88,99,-11,11
72464,105,123,-18,18
72465,108,112,-4,4
72466,69,52,17,17
72467,100,106,-6,6
72468,67,75,-8,8
72469,78,71,7,7
72470,97,104,-7,7
72471,84,74,10,10
72472,57,66,-9,9
72473,124,108,16,16
72474,117,115,2,2
72475,101,96,5,5
72476,104,112,-8,8
72477,97,108,-11,11
72478,69,68,1,1
72479,105,105,0,0
72480,78,90,-12,12
72481,75,79,-4,4
72482,67,58,9,9
72483,182,175,7,7
72484,49,59,-10,10
72485,89,97,-8,8
72486,72,78,-6,6
72487,97,102,-5,5
72488,72,69,3,3
72489,66,60,6,6
72490,118,131,-13,13
72491,49,55,-6,6
72492,87,76,11,11
72493,157,130,27,27
72494,63,70,-7,7
72495,69,77,-8,8
72496,163,165,-2,2
72497,221,214,7,7
72498,60,61,-1,1
72499,97,97,0,0
72500,64,58,6,6
72501,87,94,-7,7
72502,101,99,2,2
72503,96,98,-2,2
72504,111,130,-19,19
72505,67,75,-8,8
72506,112,112,0,0
72507,92,89,3,3
72508,90,103,-13,13
72509,127,140,-13,13
72510,62,63,-1,1
72511,82,89,-7,7
72512,131,121,10,10
72513,66,63,3,3
72514,122,126,-4,4
72515,80,89,-9,9
72516,83,84,-1,1
72517,71,82,-11,11
72518,76,70,6,6
72519,130,141,-11,11
72520,72,66,6,6
72521,51,53,-2,2
72522,114,119,-5,5
72523,62,73,-11,11
72524,46,43,3,3
72525,58,72,-14,14
72526,84,89,-5,5
72527,69,74,-5,5
72528,59,112,-53,53
72529,65,66,-1,1
72530,175,182,-7,7
72531,135,125,10,10
72532,106,107,-1,1
72533,72,88,-16,16
72534,124,114,10,10
72535,126,125,1,1
72536,120,128,-8,8
72537,92,91,1,1
72538,68,64,4,4
72539,109,107,2,2
72540,74,84,-10,10
72541,61,63,-2,2
72542,96,97,-1,1
72543,115,126,-11,11
72544,88,90,-2,2
72545,112,107,5,5
72546,182,162,20,20
72547,156,154,2,2
72548,156,149,7,7
72549,103,90,13,13
72550,89,89,0,0
72551,114,105,9,9
72552,106,95,11,11
72553,85,81,4,4
72554,107,111,-4,4
72555,75,71,4,4
72556,84,90,-6,6
72557,120,123,-3,3
72558,95,89,6,6
72559,48,50,-2,2
72560,65,63,2,2
72561,59,72,-13,13
72562,85,76,9,9
72563,125,121,4,4
72564,89,87,2,2
72565,92,93,-1,1
72566,131,130,1,1
72567,83,78,5,5
72568,81,80,1,1
72569,82,76,6,6
72570,66,67,-1,1
72571,126,133,-7,7
72572,167,160,7,7
72573,103,120,-17,17
72574,119,105,14,14
72575,133,129,4,4
72576,138,143,-5,5
72577,136,132,4,4
72578,57,60,-3,3
72579,111,109,2,2
72580,75,76,-1,1
72581,64,69,-5,5
72582,111,107,4,4
72583,126,130,-4,4
72584,147,143,4,4
72585,188,159,29,29
72586,123,57,66,66
72587,87,100,-13,13
72588,77,75,2,2
72589,82,91,-9,9
72590,83,76,7,7
72591,69,79,-10,10
72592,136,145,-9,9
72593,53,66,-13,13
72594,81,77,4,4
72595,124,126,-2,2
72596,111,110,1,1
72597,120,117,3,3
72598,66,71,-5,5
72599,68,70,-2,2
72600,147,142,5,5
72601,193,183,10,10
72602,62,60,2,2
72603,113,117,-4,4
72604,83,92,-9,9
72605,114,115,-1,1
72606,138,131,7,7
72607,63,72,-9,9
72608,153,142,11,11
72609,75,88,-13,13
72610,104,77,27,27
72611,138,156,-18,18
72612,86,84,2,2
72613,85,87,-2,2
72614,132,132,0,0
72615,86,84,2,2
72616,60,68,-8,8
72617,119,110,9,9
72618,233,208,25,25
72619,125,139,-14,14
72620,128,123,5,5
72621,135,138,-3,3
72622,92,91,1,1
72623,134,130,4,4
72624,108,99,9,9
72625,154,138,16,16
72626,149,148,1,1
72627,112,106,6,6
72628,117,111,6,6
72629,158,145,13,13
72630,83,79,4,4
72631,92,102,-10,10
72632,80,78,2,2
72633,86,94,-8,8
72634,23,41,-18,18
72635,90,92,-2,2
72636,129,122,7,7
72637,122,126,-4,4
72638,49,62,-13,13
72639,58,66,-8,8
72640,115,106,9,9
72641,92,93,-1,1
72642,146,163,-17,17
72643,69,91,-22,22
72644,107,114,-7,7
72645,152,129,23,23
72646,106,86,20,20
72647,78,85,-7,7
72648,122,113,9,9
72649,97,115,-18,18
72650,62,66,-4,4
72651,125,127,-2,2
72652,172,156,16,16
72653,73,75,-2,2
72654,88,82,6,6
72655,69,81,-12,12
72656,72,67,5,5
72657,87,86,1,1
72658,53,62,-9,9
72659,65,71,-6,6
72660,117,103,14,14
72661,105,105,0,0
72662,168,164,4,4
72663,83,94,-11,11
72664,65,73,-8,8
72665,108,102,6,6
72666,45,51,-6,6
72667,123,117,6,6
72668,62,70,-8,8
72669,69,63,6,6
72670,65,68,-3,3
72671,88,109,-21,21
72672,70,68,2,2
72673,115,117,-2,2
72674,68,66,2,2
72675,109,104,5,5
72676,117,127,-10,10
72677,68,74,-6,6
72678,93,100,-7,7
72679,76,75,1,1
72680,147,143,4,4
72681,124,124,0,0
72682,146,154,-8,8
72683,104,107,-3,3
72684,85,82,3,3
72685,107,98,9,9
72686,131,120,11,11
72687,71,69,2,2
72688,78,73,5,5
72689,69,71,-2,2
72690,124,132,-8,8
72691,101,98,3,3
72692,64,58,6,6
72693,69,74,-5,5
72694,60,68,-8,8
72695,97,106,-9,9
72696,78,70,8,8
72697,106,138,-32,32
72698,102,102,0,0
72699,102,104,-2,2
72700,135,130,5,5
72701,84,95,-11,11
72702,132,133,-1,1
72703,81,73,8,8
72704,55,55,0,0
72705,80,81,-1,1
72706,89,103,-14,14
72707,218,365,-147,147
72708,68,64,4,4
72709,136,119,17,17
72710,78,71,7,7
72711,66,72,-6,6
72712,115,113,2,2
72713,102,96,6,6
72714,64,63,1,1
72715,32,34,-2,2
72716,61,54,7,7
72717,98,95,3,3
72718,87,78,9,9
72719,75,69,6,6
72720,131,122,9,9
72721,82,80,2,2
72722,102,96,6,6
72723,68,70,-2,2
72724,129,118,11,11
72725,147,147,0,0
72726,54,51,3,3
72727,95,98,-3,3
72728,181,167,14,14
72729,102,96,6,6
72730,49,61,-12,12
72731,100,89,11,11
72732,72,82,-10,10
72733,137,160,-23,23
72734,57,59,-2,2
72735,85,84,1,1
72736,69,72,-3,3
72737,44,49,-5,5
72738,102,99,3,3
72739,140,142,-2,2
72740,59,72,-13,13
72741,59,71,-12,12
72742,67,65,2,2
72743,96,98,-2,2
72744,54,45,9,9
72745,81,91,-10,10
72746,154,144,10,10
72747,134,139,-5,5
72748,100,86,14,14
72749,104,96,8,8
72750,92,97,-5,5
72751,63,70,-7,7
72752,115,105,10,10
72753,55,62,-7,7
72754,163,159,4,4
72755,122,125,-3,3
72756,106,103,3,3
72757,90,93,-3,3
72758,97,83,14,14
72759,69,78,-9,9
72760,86,90,-4,4
72761,87,90,-3,3
72762,134,120,14,14
72763,83,89,-6,6
72764,96,94,2,2
72765,75,67,8,8
72766,91,89,2,2
72767,74,70,4,4
72768,105,113,-8,8
72769,109,110,-1,1
72770,50,67,-17,17
72771,83,78,5,5
72772,101,104,-3,3
72773,98,107,-9,9
72774,78,76,2,2
72775,115,110,5,5
72776,151,144,7,7
72777,50,48,2,2
72778,111,117,-6,6
72779,75,80,-5,5
72780,191,181,10,10
72781,82,80,2,2
72782,133,134,-1,1
72783,131,128,3,3
72784,69,69,0,0
72785,112,101,11,11
72786,52,59,-7,7
72787,109,120,-11,11
72788,82,94,-12,12
72789,106,111,-5,5
72790,36,43,-7,7
72791,84,76,8,8
72792,103,113,-10,10
72793,56,59,-3,3
72794,78,72,6,6
72795,69,65,4,4
72796,67,67,0,0
72797,83,96,-13,13
72798,103,111,-8,8
72799,84,91,-7,7
72800,68,72,-4,4
72801,78,79,-1,1
72802,118,115,3,3
72803,112,112,0,0
72804,108,104,4,4
72805,113,114,-1,1
72806,116,98,18,18
72807,67,70,-3,3
72808,110,132,-22,22
72809,100,99,1,1
72810,111,106,5,5
72811,82,90,-8,8
72812,157,141,16,16
72813,75,80,-5,5
72814,102,94,8,8
72815,90,84,6,6
72816,60,68,-8,8
72817,88,92,-4,4
72818,96,97,-1,1
72819,117,147,-30,30
72820,76,89,-13,13
72821,166,159,7,7
72822,187,165,22,22
72823,73,65,8,8
72824,91,101,-10,10
72825,125,124,1,1
72826,60,62,-2,2
72827,91,98,-7,7
72828,99,104,-5,5
72829,80,74,6,6
72830,125,133,-8,8
72831,111,122,-11,11
72832,54,57,-3,3
72833,192,178,14,14
72834,159,147,12,12
72835,71,65,6,6
72836,80,75,5,5
72837,58,59,-1,1
72838,78,72,6,6
72839,146,134,12,12
72840,73,69,4,4
72841,178,162,16,16
72842,94,97,-3,3
72843,131,135,-4,4
72844,70,63,7,7
72845,126,114,12,12
72846,84,75,9,9
72847,80,81,-1,1
72848,214,189,25,25
72849,111,108,3,3
72850,134,132,2,2
72851,89,69,20,20
72852,124,140,-16,16
72853,112,101,11,11
72854,94,98,-4,4
72855,110,108,2,2
72856,143,138,5,5
72857,70,70,0,0
72858,112,115,-3,3
72859,88,83,5,5
72860,89,82,7,7
72861,78,78,0,0
72862,121,109,12,12
72863,69,73,-4,4
72864,82,82,0,0
72865,137,152,-15,15
72866,116,122,-6,6
72867,169,164,5,5
72868,108,96,12,12
72869,62,60,2,2
72870,66,80,-14,14
72871,126,124,2,2
72872,77,76,1,1
72873,170,149,21,21
72874,48,52,-4,4
72875,123,121,2,2
72876,135,132,3,3
72877,128,134,-6,6
72878,108,107,1,1
72879,102,87,15,15
72880,89,100,-11,11
72881,68,79,-11,11
72882,83,75,8,8
72883,174,150,24,24
72884,130,142,-12,12
72885,176,169,7,7
72886,87,95,-8,8
72887,69,67,2,2
72888,69,73,-4,4
72889,100,90,10,10
72890,164,178,-14,14
72891,94,100,-6,6
72892,82,73,9,9
72893,191,185,6,6
72894,99,109,-10,10
72895,78,84,-6,6
72896,68,68,0,0
72897,121,109,12,12
72898,128,124,4,4
72899,149,154,-5,5
72900,164,158,6,6
72901,74,77,-3,3
72902,67,63,4,4
72903,59,66,-7,7
72904,100,117,-17,17
72905,62,71,-9,9
72906,100,108,-8,8
72907,79,82,-3,3
72908,137,156,-19,19
72909,74,73,1,1
72910,94,101,-7,7
72911,119,103,16,16
72912,103,93,10,10
72913,95,101,-6,6
72914,60,60,0,0
72915,111,116,-5,5
72916,34,43,-9,9
72917,78,89,-11,11
72918,97,95,2,2
72919,111,118,-7,7
72920,85,91,-6,6
72921,149,138,11,11
72922,90,83,7,7
72923,49,56,-7,7
72924,138,128,10,10
72925,69,66,3,3
72926,79,74,5,5
72927,70,68,2,2
72928,82,85,-3,3
72929,79,84,-5,5
72930,85,94,-9,9
72931,89,92,-3,3
72932,67,67,0,0
72933,106,117,-11,11
72934,70,78,-8,8
72935,74,80,-6,6
72936,55,65,-10,10
72937,164,171,-7,7
72938,77,75,2,2
72939,57,57,0,0
72940,97,109,-12,12
72941,136,150,-14,14
72942,83,86,-3,3
72943,66,67,-1,1
72944,92,98,-6,6
72945,92,89,3,3
72946,71,71,0,0
72947,67,77,-10,10
72948,150,133,17,17
72949,69,71,-2,2
72950,132,121,11,11
72951,194,192,2,2
72952,137,138,-1,1
72953,68,73,-5,5
72954,90,106,-16,16
72955,113,109,4,4
72956,61,58,3,3
72957,160,145,15,15
72958,149,141,8,8
72959,48,54,-6,6
72960,128,128,0,0
72961,102,103,-1,1
72962,95,94,1,1
72963,68,68,0,0
72964,164,143,21,21
72965,92,98,-6,6
72966,100,97,3,3
72967,68,77,-9,9
72968,81,79,2,2
72969,87,81,6,6
72970,121,102,19,19
72971,95,103,-8,8
72972,99,83,16,16
72973,59,66,-7,7
72974,140,133,7,7
72975,109,75,34,34
72976,147,134,13,13
72977,84,85,-1,1
72978,111,99,12,12
72979,85,93,-8,8
72980,63,67,-4,4
72981,64,67,-3,3
72982,75,77,-2,2
72983,136,109,27,27
72984,140,142,-2,2
72985,45,48,-3,3
72986,159,151,8,8
72987,110,105,5,5
72988,54,72,-18,18
72989,129,134,-5,5
72990,170,172,-2,2
72991,111,114,-3,3
72992,72,66,6,6
72993,129,122,7,7
72994,67,74,-7,7
72995,159,168,-9,9
72996,60,65,-5,5
72997,91,90,1,1
72998,126,119,7,7
72999,240,211,29,29
73000,113,118,-5,5
73001,85,84,1,1
73002,54,50,4,4
73003,68,66,2,2
73004,89,89,0,0
73005,142,140,2,2
73006,146,125,21,21
73007,87,85,2,2
73008,122,133,-11,11
73009,81,49,32,32
73010,77,82,-5,5
73011,113,99,14,14
73012,182,184,-2,2
73013,111,106,5,5
73014,97,88,9,9
73015,90,87,3,3
73016,149,135,14,14
73017,62,83,-21,21
73018,121,126,-5,5
73019,90,90,0,0
73020,64,61,3,3
73021,158,156,2,2
73022,89,89,0,0
73023,93,92,1,1
73024,82,83,-1,1
73025,80,86,-6,6
73026,231,211,20,20
73027,52,60,-8,8
73028,185,178,7,7
73029,125,117,8,8
73030,116,112,4,4
73031,70,74,-4,4
73032,92,90,2,2
73033,135,142,-7,7
73034,83,83,0,0
73035,78,79,-1,1
73036,89,75,14,14
73037,98,90,8,8
73038,74,84,-10,10
73039,117,111,6,6
73040,65,217,-152,152
73041,80,87,-7,7
73042,82,80,2,2
73043,144,148,-4,4
73044,64,66,-2,2
73045,144,132,12,12
73046,46,52,-6,6
73047,29,40,-11,11
73048,81,80,1,1
73049,115,114,1,1
73050,99,100,-1,1
73051,80,80,0,0
73052,111,108,3,3
73053,113,111,2,2
73054,119,109,10,10
73055,49,38,11,11
73056,128,125,3,3
73057,168,156,12,12
73058,52,54,-2,2
73059,115,111,4,4
73060,230,189,41,41
73061,113,131,-18,18
73062,66,66,0,0
73063,102,107,-5,5
73064,52,59,-7,7
73065,94,95,-1,1
73066,69,74,-5,5
73067,146,148,-2,2
73068,130,127,3,3
73069,82,73,9,9
73070,51,51,0,0
73071,114,113,1,1
73072,58,67,-9,9
73073,70,77,-7,7
73074,74,77,-3,3
73075,75,72,3,3
73076,54,53,1,1
73077,134,137,-3,3
73078,46,50,-4,4
73079,79,71,8,8
73080,66,69,-3,3
73081,114,124,-10,10
73082,76,82,-6,6
73083,149,147,2,2
73084,126,123,3,3
73085,91,94,-3,3
73086,56,51,5,5
73087,131,137,-6,6
73088,119,126,-7,7
73089,119,118,1,1
73090,124,129,-5,5
73091,142,141,1,1
73092,215,195,20,20
73093,59,63,-4,4
73094,60,61,-1,1
73095,76,87,-11,11
73096,54,57,-3,3
73097,78,88,-10,10
73098,133,148,-15,15
73099,56,57,-1,1
73100,79,84,-5,5
73101,74,72,2,2
73102,55,69,-14,14
73103,62,67,-5,5
73104,47,55,-8,8
73105,112,127,-15,15
73106,112,108,4,4
73107,122,123,-1,1
73108,104,101,3,3
73109,81,105,-24,24
73110,76,99,-23,23
73111,61,63,-2,2
73112,230,196,34,34
73113,87,88,-1,1
73114,94,79,15,15
73115,83,75,8,8
73116,154,125,29,29
73117,140,131,9,9
73118,81,90,-9,9
73119,78,72,6,6
73120,112,114,-2,2
73121,133,117,16,16
73122,72,75,-3,3
73123,150,126,24,24
73124,133,138,-5,5
73125,74,68,6,6
73126,122,123,-1,1
73127,90,82,8,8
73128,69,68,1,1
73129,75,82,-7,7
73130,50,45,5,5
73131,135,122,13,13
73132,126,127,-1,1
73133,68,84,-16,16
73134,88,91,-3,3
73135,78,85,-7,7
73136,55,63,-8,8
73137,94,87,7,7
73138,57,58,-1,1
73139,70,76,-6,6
73140,150,153,-3,3
73141,67,71,-4,4
73142,78,78,0,0
73143,82,101,-19,19
73144,123,138,-15,15
73145,75,70,5,5
73146,151,156,-5,5
73147,79,81,-2,2
73148,116,111,5,5
73149,89,90,-1,1
73150,143,149,-6,6
73151,94,95,-1,1
73152,94,101,-7,7
73153,81,89,-8,8
73154,77,87,-10,10
73155,85,86,-1,1
73156,104,118,-14,14
73157,58,62,-4,4
73158,76,75,1,1
73159,72,75,-3,3
73160,90,78,12,12
73161,126,127,-1,1
73162,81,88,-7,7
73163,113,118,-5,5
73164,72,80,-8,8
73165,111,112,-1,1
73166,94,91,3,3
73167,77,74,3,3
73168,76,69,7,7
73169,91,79,12,12
73170,84,90,-6,6
73171,50,59,-9,9
73172,111,110,1,1
73173,160,151,9,9
73174,90,88,2,2
73175,165,183,-18,18
73176,153,139,14,14
73177,38,44,-6,6
73178,76,89,-13,13
73179,73,74,-1,1
73180,99,99,0,0
73181,64,64,0,0
73182,148,125,23,23
73183,146,150,-4,4
73184,86,86,0,0
73185,70,70,0,0
73186,74,69,5,5
73187,102,104,-2,2
73188,76,72,4,4
73189,115,110,5,5
73190,111,111,0,0
73191,67,62,5,5
73192,120,110,10,10
73193,72,76,-4,4
73194,93,97,-4,4
73195,256,227,29,29
73196,157,142,15,15
73197,70,78,-8,8
73198,95,111,-16,16
73199,99,93,6,6
73200,94,88,6,6
73201,81,75,6,6
73202,102,97,5,5
73203,107,105,2,2
73204,137,140,-3,3
73205,91,89,2,2
73206,90,94,-4,4
73207,68,73,-5,5
73208,59,61,-2,2
73209,86,85,1,1
73210,118,132,-14,14
73211,197,189,8,8
73212,55,46,9,9
73213,82,79,3,3
73214,96,99,-3,3
73215,88,95,-7,7
73216,72,90,-18,18
73217,56,38,18,18
73218,110,108,2,2
73219,75,72,3,3
73220,107,118,-11,11
73221,100,101,-1,1
73222,137,138,-1,1
73223,76,84,-8,8
73224,174,170,4,4
73225,101,110,-9,9
73226,85,86,-1,1
73227,53,60,-7,7
73228,108,108,0,0
73229,82,83,-1,1
73230,84,86,-2,2
73231,92,100,-8,8
73232,125,135,-10,10
73233,93,108,-15,15
73234,54,62,-8,8
73235,113,107,6,6
73236,196,188,8,8
73237,71,58,13,13
73238,75,77,-2,2
73239,46,58,-12,12
73240,107,122,-15,15
73241,82,85,-3,3
73242,88,109,-21,21
73243,57,57,0,0
73244,153,132,21,21
73245,131,127,4,4
73246,111,125,-14,14
73247,136,125,11,11
73248,58,65,-7,7
73249,85,88,-3,3
73250,98,103,-5,5
73251,80,90,-10,10
73252,82,90,-8,8
73253,74,69,5,5
73254,135,122,13,13
73255,88,86,2,2
73256,27,43,-16,16
73257,60,58,2,2
73258,82,82,0,0
73259,176,186,-10,10
73260,163,151,12,12
73261,130,133,-3,3
73262,120,114,6,6
73263,143,125,18,18
73264,138,142,-4,4
73265,88,88,0,0
73266,125,121,4,4
73267,81,83,-2,2
73268,56,59,-3,3
73269,70,68,2,2
73270,59,64,-5,5
73271,117,142,-25,25
73272,35,51,-16,16
73273,115,107,8,8
73274,59,66,-7,7
73275,88,85,3,3
73276,124,132,-8,8
73277,110,100,10,10
73278,118,117,1,1
73279,103,92,11,11
73280,121,128,-7,7
73281,78,82,-4,4
73282,69,71,-2,2
73283,129,133,-4,4
73284,75,69,6,6
73285,54,58,-4,4
73286,185,168,17,17
73287,105,96,9,9
73288,65,63,2,2
73289,145,133,12,12
73290,134,128,6,6
73291,102,93,9,9
73292,75,75,0,0
73293,106,105,1,1
73294,122,133,-11,11
73295,42,52,-10,10
73296,144,157,-13,13
73297,104,101,3,3
73298,117,109,8,8
73299,69,71,-2,2
73300,63,78,-15,15
73301,184,149,35,35
73302,96,92,4,4
73303,86,76,10,10
73304,98,103,-5,5
73305,78,81,-3,3
73306,91,90,1,1
73307,53,57,-4,4
73308,79,72,7,7
73309,141,121,20,20
73310,82,81,1,1
73311,49,55,-6,6
73312,109,98,11,11
73313,61,64,-3,3
73314,90,94,-4,4
73315,61,55,6,6
73316,94,110,-16,16
73317,134,127,7,7
73318,65,72,-7,7
73319,136,125,11,11
73320,164,157,7,7
73321,98,116,-18,18
73322,83,86,-3,3
73323,40,40,0,0
73324,67,85,-18,18
73325,90,88,2,2
73326,62,61,1,1
73327,60,61,-1,1
73328,115,100,15,15
73329,135,145,-10,10
73330,75,76,-1,1
73331,35,63,-28,28
73332,94,112,-18,18
73333,113,107,6,6
73334,133,127,6,6
73335,103,83,20,20
73336,108,92,16,16
73337,65,66,-1,1
73338,67,61,6,6
73339,121,113,8,8
73340,89,109,-20,20
73341,69,73,-4,4
73342,128,117,11,11
73343,99,94,5,5
73344,100,97,3,3
73345,88,79,9,9
73346,160,145,15,15
73347,94,82,12,12
73348,111,115,-4,4
73349,83,77,6,6
73350,51,62,-11,11
73351,126,126,0,0
73352,150,121,29,29
73353,57,60,-3,3
73354,63,68,-5,5
73355,112,117,-5,5
73356,196,184,12,12
73357,71,71,0,0
73358,152,144,8,8
73359,87,95,-8,8
73360,59,63,-4,4
73361,144,136,8,8
73362,122,120,2,2
73363,61,64,-3,3
73364,99,98,1,1
73365,74,64,10,10
73366,68,73,-5,5
73367,92,102,-10,10
73368,147,156,-9,9
73369,114,110,4,4
73370,64,64,0,0
73371,92,80,12,12
73372,85,80,5,5
73373,100,98,2,2
73374,142,133,9,9
73375,34,47,-13,13
73376,107,100,7,7
73377,110,107,3,3
73378,154,156,-2,2
73379,69,70,-1,1
73380,91,102,-11,11
73381,124,115,9,9
73382,71,70,1,1
73383,61,54,7,7
73384,110,98,12,12
73385,86,90,-4,4
73386,143,157,-14,14
73387,65,67,-2,2
73388,82,72,10,10
73389,90,101,-11,11
73390,156,173,-17,17
73391,177,172,5,5
73392,108,118,-10,10
73393,100,116,-16,16
73394,60,63,-3,3
73395,81,89,-8,8
73396,99,100,-1,1
73397,63,87,-24,24
73398,87,99,-12,12
73399,53,69,-16,16
73400,47,59,-12,12
73401,65,76,-11,11
73402,79,75,4,4
73403,65,69,-4,4
73404,99,102,-3,3
73405,61,63,-2,2
73406,101,107,-6,6
73407,75,68,7,7
73408,99,101,-2,2
73409,84,77,7,7
73410,130,133,-3,3
73411,147,136,11,11
73412,103,101,2,2
73413,48,55,-7,7
73414,88,85,3,3
73415,115,124,-9,9
73416,81,88,-7,7
73417,69,74,-5,5
73418,144,147,-3,3
73419,103,97,6,6
73420,84,80,4,4
73421,175,183,-8,8
73422,133,115,18,18
73423,88,92,-4,4
73424,112,122,-10,10
73425,98,107,-9,9
73426,79,77,2,2
73427,65,69,-4,4
73428,75,88,-13,13
73429,101,110,-9,9
73430,44,55,-11,11
73431,89,94,-5,5
73432,107,108,-1,1
73433,85,86,-1,1
73434,42,52,-10,10
73435,86,92,-6,6
73436,92,93,-1,1
73437,70,82,-12,12
73438,79,79,0,0
73439,39,56,-17,17
73440,90,92,-2,2
73441,126,106,20,20
73442,116,114,2,2
73443,69,79,-10,10
73444,51,53,-2,2
73445,107,104,3,3
73446,88,84,4,4
73447,104,89,15,15
73448,81,80,1,1
73449,78,80,-2,2
73450,87,86,1,1
73451,63,74,-11,11
73452,92,92,0,0
73453,125,134,-9,9
73454,113,112,1,1
73455,50,55,-5,5
73456,71,77,-6,6
73457,78,80,-2,2
73458,65,67,-2,2
73459,145,135,10,10
73460,64,65,-1,1
73461,83,84,-1,1
73462,162,146,16,16
73463,84,89,-5,5
73464,149,143,6,6
73465,68,67,1,1
73466,84,91,-7,7
73467,74,70,4,4
73468,106,107,-1,1
73469,87,92,-5,5
73470,102,133,-31,31
73471,142,133,9,9
73472,159,136,23,23
73473,49,52,-3,3
73474,133,130,3,3
73475,89,85,4,4
73476,47,49,-2,2
73477,111,121,-10,10
73478,79,77,2,2
73479,108,119,-11,11
73480,58,65,-7,7
73481,111,127,-16,16
73482,46,56,-10,10
73483,69,66,3,3
73484,144,143,1,1
73485,122,123,-1,1
73486,114,111,3,3
73487,60,61,-1,1
73488,75,81,-6,6
73489,79,73,6,6
73490,97,103,-6,6
73491,177,169,8,8
73492,111,106,5,5
73493,35,44,-9,9
73494,133,122,11,11
73495,58,58,0,0
73496,114,103,11,11
73497,80,89,-9,9
73498,133,124,9,9
73499,116,112,4,4
73500,88,65,23,23
73501,126,126,0,0
73502,135,124,11,11
73503,85,90,-5,5
73504,154,154,0,0
73505,118,104,14,14
73506,92,89,3,3
73507,146,148,-2,2
73508,63,64,-1,1
73509,77,65,12,12
73510,113,106,7,7
73511,110,208,-98,98
73512,63,59,4,4
73513,78,67,11,11
73514,130,118,12,12
73515,64,68,-4,4
73516,81,90,-9,9
73517,75,70,5,5
73518,41,48,-7,7
73519,139,130,9,9
73520,60,65,-5,5
73521,81,83,-2,2
73522,108,108,0,0
73523,102,96,6,6
73524,63,67,-4,4
73525,111,113,-2,2
73526,42,52,-10,10
73527,93,99,-6,6
73528,106,90,16,16
73529,92,88,4,4
73530,87,84,3,3
73531,100,102,-2,2
73532,73,76,-3,3
73533,65,63,2,2
73534,84,87,-3,3
73535,158,159,-1,1
73536,73,69,4,4
73537,116,128,-12,12
73538,79,87,-8,8
73539,114,110,4,4
73540,108,107,1,1
73541,89,91,-2,2
73542,65,75,-10,10
73543,123,122,1,1
73544,70,77,-7,7
73545,58,61,-3,3
73546,61,67,-6,6
73547,118,135,-17,17
73548,91,99,-8,8
73549,82,94,-12,12
73550,42,62,-20,20
73551,43,48,-5,5
73552,144,133,11,11
73553,60,69,-9,9
73554,29,46,-17,17
73555,111,103,8,8
73556,69,68,1,1
73557,192,178,14,14
73558,88,108,-20,20
73559,64,68,-4,4
73560,131,136,-5,5
73561,107,121,-14,14
73562,95,108,-13,13
73563,70,90,-20,20
73564,51,54,-3,3
73565,195,166,29,29
73566,77,76,1,1
73567,117,129,-12,12
73568,87,80,7,7
73569,46,50,-4,4
73570,71,67,4,4
73571,65,69,-4,4
73572,171,179,-8,8
73573,106,101,5,5
73574,82,81,1,1
73575,130,108,22,22
73576,58,67,-9,9
73577,105,114,-9,9
73578,121,105,16,16
73579,148,146,2,2
73580,87,91,-4,4
73581,98,99,-1,1
73582,74,92,-18,18
73583,138,140,-2,2
73584,95,104,-9,9
73585,104,97,7,7
73586,64,60,4,4
73587,74,82,-8,8
73588,126,106,20,20
73589,93,94,-1,1
73590,80,79,1,1
73591,62,63,-1,1
73592,56,64,-8,8
73593,91,98,-7,7
73594,202,184,18,18
73595,97,106,-9,9
73596,109,124,-15,15
73597,62,51,11,11
73598,156,148,8,8
73599,62,59,3,3
73600,156,162,-6,6
73601,60,64,-4,4
73602,67,68,-1,1
73603,109,121,-12,12
73604,129,126,3,3
73605,126,112,14,14
73606,141,132,9,9
73607,117,100,17,17
73608,167,163,4,4
73609,123,135,-12,12
73610,127,117,10,10
73611,70,66,4,4
73612,67,69,-2,2
73613,93,98,-5,5
73614,79,76,3,3
73615,80,79,1,1
73616,81,86,-5,5
73617,77,65,12,12
73618,57,62,-5,5
73619,125,138,-13,13
73620,137,111,26,26
73621,98,98,0,0
73622,76,74,2,2
73623,99,94,5,5
73624,88,90,-2,2
73625,71,66,5,5
73626,85,80,5,5
73627,93,89,4,4
73628,112,98,14,14
73629,63,67,-4,4
73630,79,92,-13,13
73631,90,99,-9,9
73632,71,72,-1,1
73633,67,82,-15,15
73634,147,127,20,20
73635,57,75,-18,18
73636,61,64,-3,3
73637,100,98,2,2
73638,79,64,15,15
73639,136,116,20,20
73640,88,97,-9,9
73641,67,68,-1,1
73642,173,156,17,17
73643,111,103,8,8
73644,96,88,8,8
73645,91,81,10,10
73646,90,84,6,6
73647,93,91,2,2
73648,99,101,-2,2
73649,57,59,-2,2
73650,71,70,1,1
73651,165,149,16,16
73652,91,104,-13,13
73653,59,59,0,0
73654,103,100,3,3
73655,72,79,-7,7
73656,95,99,-4,4
73657,86,77,9,9
73658,142,130,12,12
73659,92,92,0,0
73660,86,91,-5,5
73661,143,138,5,5
73662,37,49,-12,12
73663,66,72,-6,6
73664,121,112,9,9
73665,89,75,14,14
73666,54,69,-15,15
73667,64,66,-2,2
73668,48,52,-4,4
73669,33,42,-9,9
73670,154,144,10,10
73671,55,63,-8,8
73672,85,80,5,5
73673,68,72,-4,4
73674,88,87,1,1
73675,61,62,-1,1
73676,123,117,6,6
73677,98,106,-8,8
73678,161,159,2,2
73679,53,67,-14,14
73680,68,75,-7,7
73681,131,129,2,2
73682,100,100,0,0
73683,64,62,2,2
73684,109,110,-1,1
73685,87,85,2,2
73686,78,79,-1,1
73687,56,73,-17,17
73688,96,85,11,11
73689,104,97,7,7
73690,94,91,3,3
73691,66,63,3,3
73692,106,101,5,5
73693,132,151,-19,19
73694,142,130,12,12
73695,112,129,-17,17
73696,104,83,21,21
73697,129,123,6,6
73698,107,104,3,3
73699,137,150,-13,13
73700,81,82,-1,1
73701,57,55,2,2
73702,126,116,10,10
73703,57,65,-8,8
73704,141,116,25,25
73705,94,97,-3,3
73706,56,64,-8,8
73707,100,96,4,4
73708,65,66,-1,1
73709,153,161,-8,8
73710,106,110,-4,4
73711,65,64,1,1
73712,89,96,-7,7
73713,69,61,8,8
73714,172,159,13,13
73715,74,75,-1,1
73716,55,64,-9,9
73717,95,94,1,1
73718,80,82,-2,2
73719,72,68,4,4
73720,69,69,0,0
73721,77,81,-4,4
73722,136,134,2,2
73723,60,62,-2,2
73724,106,104,2,2
73725,98,89,9,9
73726,113,106,7,7
73727,66,60,6,6
73728,117,116,1,1
73729,75,81,-6,6
73730,123,122,1,1
73731,54,55,-1,1
73732,157,168,-11,11
73733,100,90,10,10
73734,74,78,-4,4
73735,61,66,-5,5
73736,72,76,-4,4
73737,81,76,5,5
73738,138,139,-1,1
73739,137,147,-10,10
73740,163,152,11,11
73741,65,72,-7,7
73742,130,130,0,0
73743,68,76,-8,8
73744,97,93,4,4
73745,167,165,2,2
73746,93,79,14,14
73747,63,67,-4,4
73748,91,89,2,2
73749,174,155,19,19
73750,138,129,9,9
73751,75,74,1,1
73752,129,143,-14,14
73753,116,110,6,6
73754,47,47,0,0
73755,116,107,9,9
73756,103,88,15,15
73757,112,102,10,10
73758,133,133,0,0
73759,55,55,0,0
73760,75,78,-3,3
73761,53,58,-5,5
73762,88,98,-10,10
73763,132,132,0,0
73764,35,43,-8,8
73765,45,62,-17,17
73766,67,69,-2,2
73767,124,117,7,7
73768,148,131,17,17
73769,138,123,15,15
73770,98,85,13,13
73771,81,83,-2,2
73772,54,58,-4,4
73773,35,39,-4,4
73774,69,62,7,7
73775,66,71,-5,5
73776,116,110,6,6
73777,86,84,2,2
73778,95,98,-3,3
73779,95,104,-9,9
73780,61,61,0,0
73781,79,75,4,4
73782,74,99,-25,25
73783,117,114,3,3
73784,63,70,-7,7
73785,138,108,30,30
73786,125,130,-5,5
73787,95,91,4,4
73788,66,68,-2,2
73789,53,59,-6,6
73790,83,81,2,2
73791,60,69,-9,9
73792,52,60,-8,8
73793,55,57,-2,2
73794,100,109,-9,9
73795,91,109,-18,18
73796,87,89,-2,2
73797,63,61,2,2
73798,122,96,26,26
73799,75,74,1,1
73800,57,67,-10,10
73801,55,58,-3,3
73802,110,103,7,7
73803,88,97,-9,9
73804,155,158,-3,3
73805,96,102,-6,6
73806,81,68,13,13
73807,102,88,14,14
73808,141,127,14,14
73809,105,110,-5,5
73810,68,71,-3,3
73811,80,80,0,0
73812,94,109,-15,15
73813,60,64,-4,4
73814,107,97,10,10
73815,112,111,1,1
73816,92,95,-3,3
73817,86,77,9,9
73818,131,111,20,20
73819,62,56,6,6
73820,146,154,-8,8
73821,67,82,-15,15
73822,77,80,-3,3
73823,101,110,-9,9
73824,80,109,-29,29
73825,97,89,8,8
73826,140,133,7,7
73827,128,144,-16,16
73828,108,106,2,2
73829,91,86,5,5
73830,91,95,-4,4
73831,87,83,4,4
73832,151,145,6,6
73833,91,93,-2,2
73834,161,155,6,6
73835,60,96,-36,36
73836,135,131,4,4
73837,73,89,-16,16
73838,88,102,-14,14
73839,71,72,-1,1
73840,80,81,-1,1
73841,50,55,-5,5
73842,106,105,1,1
73843,66,61,5,5
73844,90,92,-2,2
73845,122,88,34,34
73846,99,97,2,2
73847,73,76,-3,3
73848,60,53,7,7
73849,63,88,-25,25
73850,105,121,-16,16
73851,34,43,-9,9
73852,74,87,-13,13
73853,122,134,-12,12
73854,123,117,6,6
73855,66,63,3,3
73856,122,125,-3,3
73857,114,105,9,9
73858,165,158,7,7
73859,139,158,-19,19
73860,58,52,6,6
73861,70,74,-4,4
73862,71,67,4,4
73863,158,182,-24,24
73864,66,65,1,1
73865,166,135,31,31
73866,129,130,-1,1
73867,91,96,-5,5
73868,109,137,-28,28
73869,118,122,-4,4
73870,90,96,-6,6
73871,125,117,8,8
73872,94,98,-4,4
73873,107,94,13,13
73874,144,125,19,19
73875,83,90,-7,7
73876,71,78,-7,7
73877,93,81,12,12
73878,103,105,-2,2
73879,78,78,0,0
73880,33,77,-44,44
73881,44,78,-34,34
73882,129,117,12,12
73883,210,198,12,12
73884,98,91,7,7
73885,60,72,-12,12
73886,110,113,-3,3
73887,56,62,-6,6
73888,149,121,28,28
73889,86,85,1,1
73890,101,104,-3,3
73891,80,66,14,14
73892,96,99,-3,3
73893,66,77,-11,11
73894,73,75,-2,2
73895,87,75,12,12
73896,73,68,5,5
73897,96,82,14,14
73898,36,54,-18,18
73899,171,246,-75,75
73900,125,134,-9,9
73901,82,81,1,1
73902,79,81,-2,2
73903,148,138,10,10
73904,137,128,9,9
73905,82,85,-3,3
73906,72,95,-23,23
73907,57,54,3,3
73908,162,149,13,13
73909,148,144,4,4
73910,82,85,-3,3
73911,76,63,13,13
73912,72,66,6,6
73913,42,39,3,3
73914,102,106,-4,4
73915,61,71,-10,10
73916,107,109,-2,2
73917,72,61,11,11
73918,117,129,-12,12
73919,70,71,-1,1
73920,60,61,-1,1
73921,110,98,12,12
73922,94,94,0,0
73923,121,125,-4,4
73924,102,103,-1,1
73925,61,64,-3,3
73926,69,69,0,0
73927,51,63,-12,12
73928,113,121,-8,8
73929,148,178,-30,30
73930,129,129,0,0
73931,60,69,-9,9
73932,82,104,-22,22
73933,149,146,3,3
73934,64,66,-2,2
73935,95,102,-7,7
73936,105,107,-2,2
73937,129,121,8,8
73938,140,133,7,7
73939,143,148,-5,5
73940,67,66,1,1
73941,81,86,-5,5
73942,131,125,6,6
73943,61,61,0,0
73944,95,95,0,0
73945,121,115,6,6
73946,96,83,13,13
73947,159,151,8,8
73948,51,55,-4,4
73949,72,78,-6,6
73950,83,85,-2,2
73951,114,112,2,2
73952,90,95,-5,5
73953,72,68,4,4
73954,88,88,0,0
73955,149,151,-2,2
73956,69,66,3,3
73957,67,71,-4,4
73958,65,70,-5,5
73959,119,132,-13,13
73960,146,138,8,8
73961,75,90,-15,15
73962,175,155,20,20
73963,109,113,-4,4
73964,80,79,1,1
73965,99,95,4,4
73966,137,159,-22,22
73967,77,93,-16,16
73968,44,72,-28,28
73969,96,102,-6,6
73970,55,59,-4,4
73971,113,113,0,0
73972,108,106,2,2
73973,55,62,-7,7
73974,138,128,10,10
73975,74,77,-3,3
73976,69,75,-6,6
73977,131,115,16,16
73978,129,175,-46,46
73979,103,101,2,2
73980,50,55,-5,5
73981,90,93,-3,3
73982,42,40,2,2
73983,140,163,-23,23
73984,76,105,-29,29
73985,113,102,11,11
73986,43,60,-17,17
73987,73,85,-12,12
73988,116,112,4,4
73989,112,125,-13,13
73990,126,121,5,5
73991,98,108,-10,10
73992,83,94,-11,11
73993,51,50,1,1
73994,73,102,-29,29
73995,220,188,32,32
73996,72,88,-16,16
73997,63,64,-1,1
73998,107,107,0,0
73999,90,89,1,1
74000,50,56,-6,6
74001,100,98,2,2
74002,126,105,21,21
74003,73,74,-1,1
74004,88,93,-5,5
74005,65,78,-13,13
74006,73,68,5,5
74007,83,89,-6,6
74008,118,132,-14,14
74009,77,76,1,1
74010,175,167,8,8
74011,101,96,5,5
74012,72,67,5,5
74013,84,86,-2,2
74014,320,316,4,4
74015,86,104,-18,18
74016,48,51,-3,3
74017,82,71,11,11
74018,111,102,9,9
74019,83,74,9,9
74020,105,120,-15,15
74021,87,93,-6,6
74022,92,89,3,3
74023,106,107,-1,1
74024,179,180,-1,1
74025,123,106,17,17
74026,68,83,-15,15
74027,52,54,-2,2
74028,155,141,14,14
74029,97,111,-14,14
74030,78,77,1,1
74031,52,54,-2,2
74032,62,61,1,1
74033,92,90,2,2
74034,113,107,6,6
74035,141,129,12,12
74036,66,71,-5,5
74037,97,89,8,8
74038,80,104,-24,24
74039,71,93,-22,22
74040,117,116,1,1
74041,202,186,16,16
74042,89,82,7,7
74043,65,72,-7,7
74044,83,92,-9,9
74045,151,146,5,5
74046,68,64,4,4
74047,84,97,-13,13
74048,114,109,5,5
74049,67,71,-4,4
74050,48,52,-4,4
74051,108,108,0,0
74052,159,136,23,23
74053,84,91,-7,7
74054,153,139,14,14
74055,52,69,-17,17
74056,159,162,-3,3
74057,118,123,-5,5
74058,83,89,-6,6
74059,50,56,-6,6
74060,125,123,2,2
74061,41,95,-54,54
74062,62,75,-13,13
74063,85,84,1,1
74064,133,136,-3,3
74065,129,119,10,10
74066,97,93,4,4
74067,102,95,7,7
74068,23,36,-13,13
74069,74,81,-7,7
74070,41,56,-15,15
74071,108,118,-10,10
74072,104,111,-7,7
74073,108,95,13,13
74074,97,99,-2,2
74075,74,76,-2,2
74076,94,95,-1,1
74077,78,78,0,0
74078,117,122,-5,5
74079,119,117,2,2
74080,60,60,0,0
74081,86,81,5,5
74082,84,84,0,0
74083,72,74,-2,2
74084,93,93,0,0
74085,72,70,2,2
74086,156,146,10,10
74087,73,68,5,5
74088,108,122,-14,14
74089,126,145,-19,19
74090,93,103,-10,10
74091,79,75,4,4
74092,181,134,47,47
74093,83,78,5,5
74094,119,120,-1,1
74095,71,73,-2,2
74096,77,54,23,23
74097,104,126,-22,22
74098,72,78,-6,6
74099,68,70,-2,2
74100,98,98,0,0
74101,57,74,-17,17
74102,80,107,-27,27
74103,73,63,10,10
74104,191,178,13,13
74105,100,94,6,6
74106,132,116,16,16
74107,40,47,-7,7
74108,54,58,-4,4
74109,154,128,26,26
74110,139,133,6,6
74111,107,107,0,0
74112,128,117,11,11
74113,133,131,2,2
74114,83,78,5,5
74115,63,90,-27,27
74116,81,79,2,2
74117,163,157,6,6
74118,109,109,0,0
74119,63,65,-2,2
74120,90,89,1,1
74121,81,106,-25,25
74122,66,58,8,8
74123,120,120,0,0
74124,89,84,5,5
74125,67,69,-2,2
74126,85,80,5,5
74127,78,81,-3,3
74128,75,77,-2,2
74129,198,193,5,5
74130,92,82,10,10
74131,118,108,10,10
74132,57,62,-5,5
74133,155,163,-8,8
74134,86,88,-2,2
74135,67,63,4,4
74136,178,149,29,29
74137,68,71,-3,3
74138,85,80,5,5
74139,79,85,-6,6
74140,93,85,8,8
74141,50,60,-10,10
74142,58,61,-3,3
74143,104,101,3,3
74144,100,102,-2,2
74145,201,189,12,12
74146,105,114,-9,9
74147,105,110,-5,5
74148,90,98,-8,8
74149,68,66,2,2
74150,74,79,-5,5
74151,60,64,-4,4
74152,59,64,-5,5
74153,97,109,-12,12
74154,87,87,0,0
74155,55,62,-7,7
74156,111,105,6,6
74157,119,109,10,10
74158,115,109,6,6
74159,59,60,-1,1
74160,61,63,-2,2
74161,30,44,-14,14
74162,96,94,2,2
74163,131,124,7,7
74164,183,186,-3,3
74165,161,166,-5,5
74166,146,158,-12,12
74167,200,185,15,15
74168,100,98,2,2
74169,114,112,2,2
74170,108,104,4,4
74171,73,73,0,0
74172,75,67,8,8
74173,72,76,-4,4
74174,143,152,-9,9
74175,101,88,13,13
74176,66,73,-7,7
74177,164,135,29,29
74178,85,90,-5,5
74179,88,84,4,4
74180,98,99,-1,1
74181,54,99,-45,45
74182,95,99,-4,4
74183,64,72,-8,8
74184,144,129,15,15
74185,105,103,2,2
74186,102,105,-3,3
74187,114,98,16,16
74188,54,57,-3,3
74189,112,110,2,2
74190,181,161,20,20
74191,110,105,5,5
74192,75,58,17,17
74193,51,63,-12,12
74194,98,97,1,1
74195,85,82,3,3
74196,54,61,-7,7
74197,57,64,-7,7
74198,77,90,-13,13
74199,66,78,-12,12
74200,84,72,12,12
74201,102,108,-6,6
74202,124,121,3,3
74203,129,121,8,8
74204,195,195,0,0
74205,111,105,6,6
74206,109,128,-19,19
74207,68,67,1,1
74208,57,54,3,3
74209,76,86,-10,10
74210,99,97,2,2
74211,78,78,0,0
74212,124,130,-6,6
74213,83,80,3,3
74214,82,79,3,3
74215,73,74,-1,1
74216,66,68,-2,2
74217,102,105,-3,3
74218,107,118,-11,11
74219,101,100,1,1
74220,119,129,-10,10
74221,120,114,6,6
74222,69,73,-4,4
74223,80,98,-18,18
74224,113,113,0,0
74225,63,70,-7,7
74226,94,91,3,3
74227,146,145,1,1
74228,109,108,1,1
74229,117,108,9,9
74230,66,66,0,0
74231,151,139,12,12
74232,60,59,1,1
74233,146,162,-16,16
74234,135,124,11,11
74235,90,84,6,6
74236,48,57,-9,9
74237,71,73,-2,2
74238,155,160,-5,5
74239,86,79,7,7
74240,111,124,-13,13
74241,96,95,1,1
74242,137,151,-14,14
74243,81,88,-7,7
74244,60,64,-4,4
74245,83,105,-22,22
74246,106,90,16,16
74247,67,73,-6,6
74248,52,57,-5,5
74249,104,100,4,4
74250,73,81,-8,8
74251,87,67,20,20
74252,148,156,-8,8
74253,77,71,6,6
74254,92,97,-5,5
74255,201,191,10,10
74256,50,58,-8,8
74257,149,150,-1,1
74258,150,119,31,31
74259,89,106,-17,17
74260,131,121,10,10
74261,73,73,0,0
74262,83,97,-14,14
74263,155,162,-7,7
74264,80,65,15,15
74265,128,126,2,2
74266,59,50,9,9
74267,85,95,-10,10
74268,87,107,-20,20
74269,85,87,-2,2
74270,72,65,7,7
74271,72,76,-4,4
74272,56,59,-3,3
74273,127,133,-6,6
74274,73,76,-3,3
74275,94,81,13,13
74276,72,68,4,4
74277,48,55,-7,7
74278,130,131,-1,1
74279,103,90,13,13
74280,96,88,8,8
74281,140,134,6,6
74282,63,70,-7,7
74283,61,63,-2,2
74284,78,74,4,4
74285,75,71,4,4
74286,81,85,-4,4
74287,79,83,-4,4
74288,94,89,5,5
74289,117,122,-5,5
74290,59,61,-2,2
74291,84,77,7,7
74292,149,130,19,19
74293,109,111,-2,2
74294,46,60,-14,14
74295,131,116,15,15
74296,118,116,2,2
74297,83,101,-18,18
74298,68,87,-19,19
74299,70,87,-17,17
74300,49,53,-4,4
74301,73,76,-3,3
74302,132,135,-3,3
74303,93,86,7,7
74304,159,170,-11,11
74305,107,119,-12,12
74306,185,173,12,12
74307,143,140,3,3
74308,60,67,-7,7
74309,78,77,1,1
74310,106,101,5,5
74311,98,90,8,8
74312,101,92,9,9
74313,39,52,-13,13
74314,104,109,-5,5
74315,51,67,-16,16
74316,88,81,7,7
74317,83,83,0,0
74318,116,132,-16,16
74319,59,59,0,0
74320,88,81,7,7
74321,206,148,58,58
74322,147,115,32,32
74323,40,53,-13,13
74324,45,56,-11,11
74325,89,88,1,1
74326,146,147,-1,1
74327,76,83,-7,7
74328,92,76,16,16
74329,35,50,-15,15
74330,77,92,-15,15
74331,104,109,-5,5
74332,97,89,8,8
74333,135,137,-2,2
74334,63,65,-2,2
74335,54,60,-6,6
74336,117,122,-5,5
74337,79,77,2,2
74338,64,70,-6,6
74339,63,62,1,1
74340,63,68,-5,5
74341,80,80,0,0
74342,136,135,1,1
74343,106,93,13,13
74344,76,78,-2,2
74345,80,78,2,2
74346,126,129,-3,3
74347,96,77,19,19
74348,56,54,2,2
74349,124,128,-4,4
74350,137,130,7,7
74351,63,102,-39,39
74352,59,64,-5,5
74353,102,100,2,2
74354,41,46,-5,5
74355,84,88,-4,4
74356,99,102,-3,3
74357,108,125,-17,17
74358,125,123,2,2
74359,115,117,-2,2
74360,84,85,-1,1
74361,100,95,5,5
74362,128,136,-8,8
74363,60,62,-2,2
74364,77,86,-9,9
74365,63,59,4,4
74366,90,100,-10,10
74367,64,79,-15,15
74368,61,52,9,9
74369,99,105,-6,6
74370,97,103,-6,6
74371,65,61,4,4
74372,99,90,9,9
74373,181,161,20,20
74374,83,86,-3,3
74375,102,106,-4,4
74376,136,134,2,2
74377,56,58,-2,2
74378,132,130,2,2
74379,76,78,-2,2
74380,101,99,2,2
74381,110,97,13,13
74382,51,53,-2,2
74383,60,66,-6,6
74384,127,129,-2,2
74385,81,109,-28,28
74386,59,60,-1,1
74387,82,86,-4,4
74388,103,97,6,6
74389,99,99,0,0
74390,50,51,-1,1
74391,85,96,-11,11
74392,67,60,7,7
74393,125,128,-3,3
74394,93,87,6,6
74395,116,109,7,7
74396,68,80,-12,12
74397,77,71,6,6
74398,95,94,1,1
74399,59,72,-13,13
74400,111,106,5,5
74401,79,83,-4,4
74402,84,90,-6,6
74403,89,93,-4,4
74404,164,159,5,5
74405,72,72,0,0
74406,78,84,-6,6
74407,149,148,1,1
74408,95,80,15,15
74409,85,85,0,0
74410,96,94,2,2
74411,72,71,1,1
74412,112,105,7,7
74413,77,76,1,1
74414,40,42,-2,2
74415,110,116,-6,6
74416,59,71,-12,12
74417,107,109,-2,2
74418,66,80,-14,14
74419,87,78,9,9
74420,72,77,-5,5
74421,85,93,-8,8
74422,49,54,-5,5
74423,72,71,1,1
74424,156,135,21,21
74425,75,66,9,9
74426,83,70,13,13
74427,107,107,0,0
74428,97,90,7,7
74429,108,111,-3,3
74430,89,82,7,7
74431,103,116,-13,13
74432,133,147,-14,14
74433,56,53,3,3
74434,77,80,-3,3
74435,88,65,23,23
74436,106,139,-33,33
74437,134,149,-15,15
74438,81,88,-7,7
74439,126,119,7,7
74440,69,79,-10,10
74441,120,158,-38,38
74442,121,120,1,1
74443,62,64,-2,2
74444,85,81,4,4
74445,93,93,0,0
74446,111,108,3,3
74447,99,116,-17,17
74448,50,56,-6,6
74449,98,117,-19,19
74450,83,61,22,22
74451,94,103,-9,9
74452,144,141,3,3
74453,49,61,-12,12
74454,46,48,-2,2
74455,87,88,-1,1
74456,80,83,-3,3
74457,150,122,28,28
74458,67,75,-8,8
74459,39,44,-5,5
74460,82,79,3,3
74461,76,80,-4,4
74462,56,61,-5,5
74463,33,51,-18,18
74464,95,92,3,3
74465,67,62,5,5
74466,87,89,-2,2
74467,101,102,-1,1
74468,62,64,-2,2
74469,62,58,4,4
74470,93,91,2,2
74471,71,61,10,10
74472,79,76,3,3
74473,86,87,-1,1
74474,70,68,2,2
74475,117,117,0,0
74476,51,50,1,1
74477,168,166,2,2
74478,120,107,13,13
74479,99,96,3,3
74480,73,81,-8,8
74481,120,124,-4,4
74482,136,121,15,15
74483,57,89,-32,32
74484,89,84,5,5
74485,89,96,-7,7
74486,81,85,-4,4
74487,72,65,7,7
74488,104,102,2,2
74489,141,137,4,4
74490,79,80,-1,1
74491,167,151,16,16
74492,86,87,-1,1
74493,138,132,6,6
74494,66,67,-1,1
74495,59,66,-7,7
74496,110,130,-20,20
74497,82,80,2,2
74498,92,90,2,2
74499,62,59,3,3
74500,82,88,-6,6
74501,62,68,-6,6
74502,94,94,0,0
74503,135,139,-4,4
74504,227,247,-20,20
74505,85,82,3,3
74506,74,80,-6,6
74507,106,137,-31,31
74508,52,55,-3,3
74509,96,107,-11,11
74510,97,98,-1,1
74511,143,155,-12,12
74512,84,70,14,14
74513,77,69,8,8
74514,49,53,-4,4
74515,116,109,7,7
74516,67,98,-31,31
74517,74,81,-7,7
74518,83,84,-1,1
74519,77,79,-2,2
74520,113,115,-2,2
74521,125,118,7,7
74522,59,64,-5,5
74523,62,64,-2,2
74524,148,131,17,17
74525,56,65,-9,9
74526,85,88,-3,3
74527,158,130,28,28
74528,79,78,1,1
74529,87,88,-1,1
74530,115,139,-24,24
74531,62,63,-1,1
74532,78,73,5,5
74533,107,99,8,8
74534,129,130,-1,1
74535,109,105,4,4
74536,46,55,-9,9
74537,73,68,5,5
74538,47,53,-6,6
74539,57,56,1,1
74540,136,136,0,0
74541,74,74,0,0
74542,73,77,-4,4
74543,117,111,6,6
74544,64,48,16,16
74545,65,76,-11,11
74546,61,60,1,1
74547,40,56,-16,16
74548,84,85,-1,1
74549,96,87,9,9
74550,108,101,7,7
74551,148,152,-4,4
74552,111,109,2,2
74553,131,139,-8,8
74554,55,60,-5,5
74555,132,118,14,14
74556,156,140,16,16
74557,68,65,3,3
74558,109,79,30,30
74559,65,59,6,6
74560,78,68,10,10
74561,136,131,5,5
74562,190,197,-7,7
74563,157,151,6,6
74564,110,113,-3,3
74565,50,59,-9,9
74566,123,130,-7,7
74567,127,120,7,7
74568,88,96,-8,8
74569,116,116,0,0
74570,85,92,-7,7
74571,116,108,8,8
74572,181,159,22,22
74573,87,88,-1,1
74574,135,143,-8,8
74575,64,76,-12,12
74576,92,91,1,1
74577,59,66,-7,7
74578,81,70,11,11
74579,71,69,2,2
74580,130,135,-5,5
74581,96,87,9,9
74582,86,88,-2,2
74583,107,131,-24,24
74584,118,92,26,26
74585,93,95,-2,2
74586,88,93,-5,5
74587,54,63,-9,9
74588,101,112,-11,11
74589,58,63,-5,5
74590,109,104,5,5
74591,106,119,-13,13
74592,139,142,-3,3
74593,50,54,-4,4
74594,168,152,16,16
74595,115,123,-8,8
74596,70,74,-4,4
74597,92,104,-12,12
74598,133,114,19,19
74599,74,74,0,0
74600,159,169,-10,10
74601,120,113,7,7
74602,84,103,-19,19
74603,103,112,-9,9
74604,183,153,30,30
74605,139,139,0,0
74606,86,56,30,30
74607,82,84,-2,2
74608,61,75,-14,14
74609,123,100,23,23
74610,87,91,-4,4
74611,135,129,6,6
74612,99,87,12,12
74613,74,79,-5,5
74614,74,79,-5,5
74615,139,151,-12,12
74616,85,84,1,1
74617,70,79,-9,9
74618,106,110,-4,4
74619,123,123,0,0
74620,100,100,0,0
74621,61,64,-3,3
74622,92,109,-17,17
74623,132,134,-2,2
74624,59,64,-5,5
74625,226,201,25,25
74626,84,78,6,6
74627,165,179,-14,14
74628,83,95,-12,12
74629,115,124,-9,9
74630,159,153,6,6
74631,93,81,12,12
74632,126,134,-8,8
74633,51,57,-6,6
74634,118,119,-1,1
74635,80,73,7,7
74636,161,151,10,10
74637,91,88,3,3
74638,83,89,-6,6
74639,91,94,-3,3
74640,234,221,13,13
74641,78,75,3,3
74642,101,101,0,0
74643,72,70,2,2
74644,92,80,12,12
74645,44,62,-18,18
74646,76,82,-6,6
74647,106,106,0,0
74648,119,115,4,4
74649,111,98,13,13
74650,111,121,-10,10
74651,105,94,11,11
74652,62,72,-10,10
74653,113,119,-6,6
74654,94,94,0,0
74655,155,137,18,18
74656,59,60,-1,1
74657,86,97,-11,11
74658,61,59,2,2
74659,198,182,16,16
74660,83,77,6,6
74661,50,64,-14,14
74662,126,121,5,5
74663,95,88,7,7
74664,95,82,13,13
74665,24,45,-21,21
74666,90,95,-5,5
74667,47,51,-4,4
74668,64,75,-11,11
74669,107,108,-1,1
74670,94,84,10,10
74671,77,80,-3,3
74672,111,119,-8,8
74673,107,108,-1,1
74674,33,42,-9,9
74675,73,75,-2,2
74676,63,66,-3,3
74677,90,97,-7,7
74678,89,152,-63,63
74679,79,74,5,5
74680,128,135,-7,7
74681,91,84,7,7
74682,114,107,7,7
74683,103,94,9,9
74684,61,59,2,2
74685,122,120,2,2
74686,114,116,-2,2
74687,143,130,13,13
74688,75,75,0,0
74689,66,65,1,1
74690,90,95,-5,5
74691,108,86,22,22
74692,74,78,-4,4
74693,137,123,14,14
74694,121,113,8,8
74695,85,97,-12,12
74696,47,59,-12,12
74697,51,70,-19,19
74698,79,70,9,9
74699,80,67,13,13
74700,111,105,6,6
74701,126,125,1,1
74702,37,43,-6,6
74703,87,85,2,2
74704,102,104,-2,2
74705,73,79,-6,6
74706,81,93,-12,12
74707,85,73,12,12
74708,127,110,17,17
74709,127,116,11,11
74710,93,104,-11,11
74711,122,121,1,1
74712,175,139,36,36
74713,96,98,-2,2
74714,88,84,4,4
74715,162,142,20,20
74716,124,133,-9,9
74717,42,49,-7,7
74718,90,88,2,2
74719,91,98,-7,7
74720,129,130,-1,1
74721,53,64,-11,11
74722,75,78,-3,3
74723,88,75,13,13
74724,70,63,7,7
74725,185,181,4,4
74726,105,92,13,13
74727,128,127,1,1
74728,103,98,5,5
74729,100,111,-11,11
74730,71,65,6,6
74731,157,120,37,37
74732,103,109,-6,6
74733,118,118,0,0
74734,140,193,-53,53
74735,102,114,-12,12
74736,71,71,0,0
74737,143,153,-10,10
74738,58,63,-5,5
74739,96,110,-14,14
74740,112,113,-1,1
74741,85,86,-1,1
74742,92,100,-8,8
74743,81,88,-7,7
74744,102,105,-3,3
74745,43,46,-3,3
74746,87,79,8,8
74747,118,119,-1,1
74748,85,72,13,13
74749,100,106,-6,6
74750,83,91,-8,8
74751,83,77,6,6
74752,89,88,1,1
74753,50,56,-6,6
74754,134,130,4,4
74755,65,68,-3,3
74756,72,74,-2,2
74757,75,73,2,2
74758,78,77,1,1
74759,81,89,-8,8
74760,105,113,-8,8
74761,67,60,7,7
74762,136,80,56,56
74763,86,101,-15,15
74764,139,135,4,4
74765,78,81,-3,3
74766,38,46,-8,8
74767,78,77,1,1
74768,59,60,-1,1
74769,91,85,6,6
74770,152,127,25,25
74771,148,159,-11,11
74772,108,111,-3,3
74773,77,78,-1,1
74774,83,76,7,7
74775,89,85,4,4
74776,104,96,8,8
74777,117,122,-5,5
74778,151,145,6,6
74779,45,55,-10,10
74780,60,58,2,2
74781,125,127,-2,2
74782,41,50,-9,9
74783,49,57,-8,8
74784,140,135,5,5
74785,90,104,-14,14
74786,93,100,-7,7
74787,100,92,8,8
74788,125,112,13,13
74789,114,123,-9,9
74790,128,116,12,12
74791,60,59,1,1
74792,191,170,21,21
74793,140,152,-12,12
74794,82,82,0,0
74795,76,73,3,3
74796,117,116,1,1
74797,83,87,-4,4
74798,82,83,-1,1
74799,122,134,-12,12
74800,60,69,-9,9
74801,117,113,4,4
74802,96,80,16,16
74803,115,112,3,3
74804,134,137,-3,3
74805,109,111,-2,2
74806,91,89,2,2
74807,72,72,0,0
74808,96,85,11,11
74809,80,86,-6,6
74810,71,70,1,1
74811,95,74,21,21
74812,101,104,-3,3
74813,67,65,2,2
74814,87,95,-8,8
74815,89,93,-4,4
74816,62,59,3,3
74817,126,143,-17,17
74818,78,84,-6,6
74819,100,96,4,4
74820,96,93,3,3
74821,100,98,2,2
74822,59,69,-10,10
74823,93,88,5,5
74824,120,115,5,5
74825,70,68,2,2
74826,46,56,-10,10
74827,153,146,7,7
74828,91,95,-4,4
74829,94,114,-20,20
74830,74,85,-11,11
74831,87,73,14,14
74832,76,75,1,1
74833,56,59,-3,3
74834,104,131,-27,27
74835,126,125,1,1
74836,115,115,0,0
74837,107,119,-12,12
74838,41,52,-11,11
74839,75,75,0,0
74840,76,84,-8,8
74841,75,82,-7,7
74842,50,54,-4,4
74843,118,120,-2,2
74844,131,127,4,4
74845,92,135,-43,43
74846,113,97,16,16
74847,126,124,2,2
74848,65,73,-8,8
74849,128,129,-1,1
74850,89,91,-2,2
74851,100,91,9,9
74852,85,82,3,3
74853,166,149,17,17
74854,100,114,-14,14
74855,119,124,-5,5
74856,72,74,-2,2
74857,78,77,1,1
74858,70,67,3,3
74859,84,90,-6,6
74860,56,58,-2,2
74861,18,37,-19,19
74862,75,75,0,0
74863,107,116,-9,9
74864,86,79,7,7
74865,128,137,-9,9
74866,99,104,-5,5
74867,69,79,-10,10
74868,130,130,0,0
74869,127,130,-3,3
74870,188,180,8,8
74871,99,110,-11,11
74872,83,84,-1,1
74873,105,90,15,15
74874,56,64,-8,8
74875,84,86,-2,2
74876,43,54,-11,11
74877,104,120,-16,16
74878,93,92,1,1
74879,111,114,-3,3
74880,106,107,-1,1
74881,77,78,-1,1
74882,74,74,0,0
74883,138,145,-7,7
74884,47,56,-9,9
74885,158,155,3,3
74886,111,114,-3,3
74887,84,84,0,0
74888,129,135,-6,6
74889,76,86,-10,10
74890,84,86,-2,2
74891,67,70,-3,3
74892,61,59,2,2
74893,107,107,0,0
74894,79,71,8,8
74895,112,127,-15,15
74896,53,58,-5,5
74897,84,84,0,0
74898,46,52,-6,6
74899,115,107,8,8
74900,48,48,0,0
74901,51,57,-6,6
74902,73,77,-4,4
74903,81,99,-18,18
74904,53,57,-4,4
74905,144,130,14,14
74906,93,90,3,3
74907,63,79,-16,16
74908,47,50,-3,3
74909,117,108,9,9
74910,172,150,22,22
74911,57,66,-9,9
74912,143,138,5,5
74913,108,107,1,1
74914,140,111,29,29
74915,70,72,-2,2
74916,96,93,3,3
74917,107,116,-9,9
74918,116,117,-1,1
74919,120,120,0,0
74920,60,56,4,4
74921,77,87,-10,10
74922,112,115,-3,3
74923,97,107,-10,10
74924,183,203,-20,20
74925,95,96,-1,1
74926,92,93,-1,1
74927,76,87,-11,11
74928,99,106,-7,7
74929,85,62,23,23
74930,76,87,-11,11
74931,93,95,-2,2
74932,50,61,-11,11
74933,55,62,-7,7
74934,88,84,4,4
74935,97,115,-18,18
74936,83,81,2,2
74937,54,53,1,1
74938,86,92,-6,6
74939,77,90,-13,13
74940,282,325,-43,43
74941,136,142,-6,6
74942,91,80,11,11
74943,150,165,-15,15
74944,66,69,-3,3
74945,71,77,-6,6
74946,87,83,4,4
74947,87,91,-4,4
74948,119,124,-5,5
74949,148,138,10,10
74950,117,110,7,7
74951,85,85,0,0
74952,97,98,-1,1
74953,49,56,-7,7
74954,103,97,6,6
74955,38,41,-3,3
74956,86,95,-9,9
74957,49,51,-2,2
74958,103,93,10,10
74959,103,145,-42,42
74960,45,40,5,5
74961,103,106,-3,3
74962,83,91,-8,8
74963,95,88,7,7
74964,60,60,0,0
74965,102,141,-39,39
74966,138,150,-12,12
74967,83,66,17,17
74968,95,105,-10,10
74969,96,97,-1,1
74970,150,148,2,2
74971,53,55,-2,2
74972,133,120,13,13
74973,45,54,-9,9
74974,50,54,-4,4
74975,35,88,-53,53
74976,103,93,10,10
74977,58,56,2,2
74978,72,80,-8,8
74979,100,105,-5,5
74980,95,88,7,7
74981,109,102,7,7
74982,57,65,-8,8
74983,68,88,-20,20
74984,89,85,4,4
74985,129,126,3,3
74986,118,112,6,6
74987,114,105,9,9
74988,112,114,-2,2
74989,103,107,-4,4
74990,95,94,1,1
74991,130,138,-8,8
74992,95,86,9,9
74993,129,129,0,0
74994,84,82,2,2
74995,103,110,-7,7
74996,146,144,2,2
74997,84,87,-3,3
74998,143,134,9,9
74999,84,88,-4,4
75000,69,77,-8,8
75001,94,104,-10,10
75002,56,75,-19,19
75003,133,154,-21,21
75004,49,61,-12,12
75005,58,59,-1,1
75006,122,109,13,13
75007,117,122,-5,5
75008,87,91,-4,4
75009,113,109,4,4
75010,60,67,-7,7
75011,65,69,-4,4
75012,103,103,0,0
75013,152,140,12,12
75014,121,115,6,6
75015,119,118,1,1
75016,47,58,-11,11
75017,113,110,3,3
75018,101,102,-1,1
75019,73,84,-11,11
75020,88,101,-13,13
75021,156,147,9,9
75022,99,93,6,6
75023,86,81,5,5
75024,101,105,-4,4
75025,91,87,4,4
75026,59,57,2,2
75027,72,80,-8,8
75028,111,103,8,8
75029,108,93,15,15
75030,78,81,-3,3
75031,63,70,-7,7
75032,97,106,-9,9
75033,76,71,5,5
75034,94,99,-5,5
75035,83,79,4,4
75036,72,78,-6,6
75037,113,106,7,7
75038,126,127,-1,1
75039,86,98,-12,12
75040,67,65,2,2
75041,149,137,12,12
75042,89,82,7,7
75043,115,107,8,8
75044,111,99,12,12
75045,135,144,-9,9
75046,54,62,-8,8
75047,123,119,4,4
75048,82,93,-11,11
75049,26,49,-23,23
75050,66,65,1,1
75051,117,111,6,6
75052,135,142,-7,7
75053,70,69,1,1
75054,59,68,-9,9
75055,141,123,18,18
75056,64,66,-2,2
75057,126,135,-9,9
75058,97,87,10,10
75059,54,59,-5,5
75060,99,98,1,1
75061,138,137,1,1
75062,130,135,-5,5
75063,111,94,17,17
75064,81,83,-2,2
75065,97,99,-2,2
75066,146,136,10,10
75067,92,80,12,12
75068,68,57,11,11
75069,70,77,-7,7
75070,79,72,7,7
75071,57,68,-11,11
75072,70,61,9,9
75073,52,65,-13,13
75074,82,86,-4,4
75075,72,73,-1,1
75076,86,80,6,6
75077,124,107,17,17
75078,71,68,3,3
75079,75,52,23,23
75080,111,95,16,16
75081,85,70,15,15
75082,77,79,-2,2
75083,116,113,3,3
75084,121,133,-12,12
75085,63,61,2,2
75086,65,62,3,3
75087,92,105,-13,13
75088,115,108,7,7
75089,62,63,-1,1
75090,90,90,0,0
75091,50,53,-3,3
75092,81,85,-4,4
75093,33,49,-16,16
75094,141,133,8,8
75095,51,50,1,1
75096,32,46,-14,14
75097,89,104,-15,15
75098,117,103,14,14
75099,97,108,-11,11
75100,92,85,7,7
75101,71,71,0,0
75102,76,80,-4,4
75103,42,38,4,4
75104,84,98,-14,14
75105,87,90,-3,3
75106,153,152,1,1
75107,91,86,5,5
75108,59,79,-20,20
75109,69,73,-4,4
75110,109,95,14,14
75111,115,115,0,0
75112,169,174,-5,5
75113,67,73,-6,6
75114,96,92,4,4
75115,94,101,-7,7
75116,173,152,21,21
75117,96,96,0,0
75118,127,106,21,21
75119,58,59,-1,1
75120,69,64,5,5
75121,68,71,-3,3
75122,141,140,1,1
75123,110,137,-27,27
75124,46,95,-49,49
75125,56,110,-54,54
75126,99,99,0,0
75127,117,126,-9,9
75128,53,60,-7,7
75129,92,96,-4,4
75130,100,119,-19,19
75131,100,90,10,10
75132,92,103,-11,11
75133,67,68,-1,1
75134,148,133,15,15
75135,122,127,-5,5
75136,162,157,5,5
75137,86,92,-6,6
75138,165,153,12,12
75139,106,89,17,17
75140,84,101,-17,17
75141,97,95,2,2
75142,61,62,-1,1
75143,187,183,4,4
75144,153,161,-8,8
75145,57,61,-4,4
75146,101,101,0,0
75147,154,133,21,21
75148,108,110,-2,2
75149,55,57,-2,2
75150,113,102,11,11
75151,55,53,2,2
75152,101,76,25,25
75153,91,90,1,1
75154,89,89,0,0
75155,96,90,6,6
75156,52,58,-6,6
75157,54,59,-5,5
75158,69,66,3,3
75159,95,108,-13,13
75160,88,85,3,3
75161,126,124,2,2
75162,82,93,-11,11
75163,76,88,-12,12
75164,112,107,5,5
75165,117,115,2,2
75166,113,113,0,0
75167,97,95,2,2
75168,98,104,-6,6
75169,83,80,3,3
75170,76,75,1,1
75171,80,92,-12,12
75172,111,79,32,32
75173,135,132,3,3
75174,62,67,-5,5
75175,140,136,4,4
75176,68,70,-2,2
75177,141,158,-17,17
75178,53,65,-12,12
75179,140,150,-10,10
75180,74,70,4,4
75181,70,70,0,0
75182,78,90,-12,12
75183,103,102,1,1
75184,97,84,13,13
75185,75,71,4,4
75186,143,154,-11,11
75187,163,164,-1,1
75188,71,72,-1,1
75189,58,58,0,0
75190,69,64,5,5
75191,72,72,0,0
75192,158,158,0,0
75193,93,113,-20,20
75194,80,89,-9,9
75195,142,136,6,6
75196,46,49,-3,3
75197,76,77,-1,1
75198,129,166,-37,37
75199,82,79,3,3
75200,146,139,7,7
75201,93,94,-1,1
75202,113,108,5,5
75203,142,151,-9,9
75204,72,68,4,4
75205,74,68,6,6
75206,88,111,-23,23
75207,105,110,-5,5
75208,110,120,-10,10
75209,83,82,1,1
75210,27,48,-21,21
75211,136,131,5,5
75212,81,77,4,4
75213,98,95,3,3
75214,120,124,-4,4
75215,92,66,26,26
75216,145,159,-14,14
75217,137,136,1,1
75218,103,105,-2,2
75219,121,137,-16,16
75220,54,69,-15,15
75221,112,111,1,1
75222,76,81,-5,5
75223,89,91,-2,2
75224,160,144,16,16
75225,28,47,-19,19
75226,76,73,3,3
75227,165,163,2,2
75228,100,94,6,6
75229,152,111,41,41
75230,82,77,5,5
75231,94,95,-1,1
75232,60,65,-5,5
75233,125,123,2,2
75234,69,72,-3,3
75235,120,92,28,28
75236,91,91,0,0
75237,96,91,5,5
75238,45,46,-1,1
75239,56,59,-3,3
75240,76,73,3,3
75241,75,70,5,5
75242,79,86,-7,7
75243,124,102,22,22
75244,106,105,1,1
75245,122,112,10,10
75246,51,55,-4,4
75247,69,67,2,2
75248,85,98,-13,13
75249,115,157,-42,42
75250,115,108,7,7
75251,115,115,0,0
75252,60,70,-10,10
75253,76,76,0,0
75254,32,44,-12,12
75255,79,85,-6,6
75256,44,47,-3,3
75257,58,64,-6,6
75258,130,133,-3,3
75259,132,125,7,7
75260,79,79,0,0
75261,92,103,-11,11
75262,144,144,0,0
75263,54,59,-5,5
75264,133,119,14,14
75265,64,78,-14,14
75266,92,86,6,6
75267,156,152,4,4
75268,58,54,4,4
75269,82,75,7,7
75270,86,81,5,5
75271,173,173,0,0
75272,94,88,6,6
75273,60,63,-3,3
75274,108,99,9,9
75275,126,115,11,11
75276,56,50,6,6
75277,98,101,-3,3
75278,92,81,11,11
75279,117,105,12,12
75280,52,44,8,8
75281,94,89,5,5
75282,78,74,4,4
75283,76,103,-27,27
75284,67,66,1,1
75285,124,118,6,6
75286,128,137,-9,9
75287,73,66,7,7
75288,62,62,0,0
75289,100,108,-8,8
75290,130,147,-17,17
75291,61,67,-6,6
75292,262,231,31,31
75293,60,61,-1,1
75294,102,103,-1,1
75295,57,58,-1,1
75296,97,108,-11,11
75297,84,92,-8,8
75298,61,89,-28,28
75299,135,121,14,14
75300,104,89,15,15
75301,79,81,-2,2
75302,187,154,33,33
75303,62,59,3,3
75304,94,89,5,5
75305,94,104,-10,10
75306,94,79,15,15
75307,126,118,8,8
75308,126,117,9,9
75309,108,103,5,5
75310,60,55,5,5
75311,93,110,-17,17
75312,53,43,10,10
75313,61,63,-2,2
75314,79,81,-2,2
75315,74,73,1,1
75316,50,54,-4,4
75317,75,47,28,28
75318,40,56,-16,16
75319,47,51,-4,4
75320,78,98,-20,20
75321,51,59,-8,8
75322,97,100,-3,3
75323,54,48,6,6
75324,100,113,-13,13
75325,91,88,3,3
75326,48,53,-5,5
75327,46,54,-8,8
75328,153,158,-5,5
75329,123,132,-9,9
75330,52,58,-6,6
75331,92,82,10,10
75332,71,81,-10,10
75333,141,135,6,6
75334,46,50,-4,4
75335,72,77,-5,5
75336,84,86,-2,2
75337,82,91,-9,9
75338,78,75,3,3
75339,77,71,6,6
75340,93,79,14,14
75341,47,55,-8,8
75342,67,68,-1,1
75343,67,69,-2,2
75344,113,102,11,11
75345,179,184,-5,5
75346,95,98,-3,3
75347,164,160,4,4
75348,45,52,-7,7
75349,127,119,8,8
75350,118,121,-3,3
75351,96,86,10,10
75352,57,57,0,0
75353,151,163,-12,12
75354,69,79,-10,10
75355,79,97,-18,18
75356,86,83,3,3
75357,186,177,9,9
75358,147,133,14,14
75359,109,114,-5,5
75360,97,92,5,5
75361,110,110,0,0
75362,69,65,4,4
75363,65,67,-2,2
75364,119,103,16,16
75365,58,68,-10,10
75366,77,78,-1,1
75367,97,97,0,0
75368,95,94,1,1
75369,123,129,-6,6
75370,107,136,-29,29
75371,117,119,-2,2
75372,72,86,-14,14
75373,119,102,17,17
75374,103,112,-9,9
75375,129,128,1,1
75376,83,79,4,4
75377,248,234,14,14
75378,93,76,17,17
75379,129,128,1,1
75380,68,71,-3,3
75381,117,121,-4,4
75382,87,85,2,2
75383,118,110,8,8
75384,98,93,5,5
75385,103,114,-11,11
75386,69,74,-5,5
75387,110,104,6,6
75388,125,107,18,18
75389,113,123,-10,10
75390,112,116,-4,4
75391,81,76,5,5
75392,86,88,-2,2
75393,148,139,9,9
75394,102,95,7,7
75395,31,36,-5,5
75396,64,70,-6,6
75397,114,118,-4,4
75398,87,87,0,0
75399,127,126,1,1
75400,91,87,4,4
75401,74,66,8,8
75402,175,155,20,20
75403,223,191,32,32
75404,87,78,9,9
75405,67,66,1,1
75406,59,52,7,7
75407,104,106,-2,2
75408,64,85,-21,21
75409,149,154,-5,5
75410,125,121,4,4
75411,45,49,-4,4
75412,93,105,-12,12
75413,86,89,-3,3
75414,80,75,5,5
75415,73,76,-3,3
75416,92,87,5,5
75417,120,148,-28,28
75418,126,122,4,4
75419,73,76,-3,3
75420,54,63,-9,9
75421,65,65,0,0
75422,100,103,-3,3
75423,105,103,2,2
75424,85,78,7,7
75425,100,97,3,3
75426,81,90,-9,9
75427,67,69,-2,2
75428,174,164,10,10
75429,132,119,13,13
75430,127,105,22,22
75431,96,99,-3,3
75432,73,77,-4,4
75433,86,85,1,1
75434,73,72,1,1
75435,124,114,10,10
75436,75,75,0,0
75437,49,65,-16,16
75438,99,128,-29,29
75439,55,56,-1,1
75440,141,121,20,20
75441,62,74,-12,12
75442,75,66,9,9
75443,99,104,-5,5
75444,97,95,2,2
75445,104,106,-2,2
75446,96,95,1,1
75447,122,122,0,0
75448,101,79,22,22
75449,109,114,-5,5
75450,111,116,-5,5
75451,99,94,5,5
75452,77,89,-12,12
75453,118,133,-15,15
75454,89,76,13,13
75455,75,86,-11,11
75456,59,67,-8,8
75457,57,59,-2,2
75458,99,100,-1,1
75459,88,71,17,17
75460,106,109,-3,3
75461,101,101,0,0
75462,131,130,1,1
75463,127,137,-10,10
75464,65,57,8,8
75465,101,89,12,12
75466,140,134,6,6
75467,122,121,1,1
75468,80,72,8,8
75469,128,132,-4,4
75470,85,87,-2,2
75471,111,119,-8,8
75472,78,86,-8,8
75473,93,85,8,8
75474,42,51,-9,9
75475,66,62,4,4
75476,95,105,-10,10
75477,90,79,11,11
75478,100,91,9,9
75479,82,83,-1,1
75480,67,77,-10,10
75481,105,94,11,11
75482,110,113,-3,3
75483,56,60,-4,4
75484,37,43,-6,6
75485,65,69,-4,4
75486,72,72,0,0
75487,106,108,-2,2
75488,99,90,9,9
75489,104,99,5,5
75490,87,92,-5,5
75491,76,84,-8,8
75492,53,51,2,2
75493,57,63,-6,6
75494,69,66,3,3
75495,83,80,3,3
75496,56,63,-7,7
75497,78,83,-5,5
75498,95,105,-10,10
75499,78,72,6,6
75500,74,70,4,4
75501,82,112,-30,30
75502,95,95,0,0
75503,85,87,-2,2
75504,63,66,-3,3
75505,124,125,-1,1
75506,67,59,8,8
75507,112,98,14,14
75508,94,94,0,0
75509,69,71,-2,2
75510,121,135,-14,14
75511,82,80,2,2
75512,111,98,13,13
75513,126,125,1,1
75514,74,66,8,8
75515,81,81,0,0
75516,100,97,3,3
75517,148,137,11,11
75518,88,85,3,3
75519,70,70,0,0
75520,150,124,26,26
75521,88,89,-1,1
75522,28,41,-13,13
75523,93,85,8,8
75524,96,103,-7,7
75525,90,93,-3,3
75526,150,150,0,0
75527,75,74,1,1
75528,93,101,-8,8
75529,150,148,2,2
75530,123,109,14,14
75531,133,137,-4,4
75532,69,91,-22,22
75533,167,148,19,19
75534,46,44,2,2
75535,92,97,-5,5
75536,54,59,-5,5
75537,154,138,16,16
75538,45,48,-3,3
75539,137,140,-3,3
75540,115,108,7,7
75541,99,92,7,7
75542,93,84,9,9
75543,83,66,17,17
75544,115,110,5,5
75545,23,61,-38,38
75546,92,92,0,0
75547,85,93,-8,8
75548,80,77,3,3
75549,190,199,-9,9
75550,95,90,5,5
75551,153,142,11,11
75552,83,95,-12,12
75553,51,56,-5,5
75554,85,83,2,2
75555,85,92,-7,7
75556,59,68,-9,9
75557,172,165,7,7
75558,53,53,0,0
75559,128,113,15,15
75560,72,70,2,2
75561,130,128,2,2
75562,54,63,-9,9
75563,145,125,20,20
75564,94,105,-11,11
75565,111,108,3,3
75566,35,44,-9,9
75567,74,82,-8,8
75568,85,96,-11,11
75569,129,123,6,6
75570,49,54,-5,5
75571,56,70,-14,14
75572,99,94,5,5
75573,79,92,-13,13
75574,129,126,3,3
75575,74,76,-2,2
75576,78,77,1,1
75577,70,70,0,0
75578,157,183,-26,26
75579,98,104,-6,6
75580,66,79,-13,13
75581,75,77,-2,2
75582,76,78,-2,2
75583,94,102,-8,8
75584,100,84,16,16
75585,50,58,-8,8
75586,98,99,-1,1
75587,96,103,-7,7
75588,134,147,-13,13
75589,108,105,3,3
75590,212,209,3,3
75591,138,136,2,2
75592,88,88,0,0
75593,12,50,-38,38
75594,66,69,-3,3
75595,98,86,12,12
75596,110,112,-2,2
75597,75,73,2,2
75598,146,149,-3,3
75599,176,197,-21,21
75600,91,91,0,0
75601,88,92,-4,4
75602,51,57,-6,6
75603,190,172,18,18
75604,128,124,4,4
75605,74,80,-6,6
75606,83,87,-4,4
75607,64,75,-11,11
75608,127,115,12,12
75609,130,131,-1,1
75610,95,90,5,5
75611,66,147,-81,81
75612,46,32,14,14
75613,79,84,-5,5
75614,110,111,-1,1
75615,116,124,-8,8
75616,68,70,-2,2
75617,70,72,-2,2
75618,59,76,-17,17
75619,107,95,12,12
75620,77,88,-11,11
75621,97,124,-27,27
75622,160,153,7,7
75623,130,143,-13,13
75624,60,64,-4,4
75625,104,103,1,1
75626,91,86,5,5
75627,89,90,-1,1
75628,49,54,-5,5
75629,155,159,-4,4
75630,94,89,5,5
75631,146,146,0,0
75632,87,96,-9,9
75633,127,124,3,3
75634,79,88,-9,9
75635,93,101,-8,8
75636,121,136,-15,15
75637,74,72,2,2
75638,113,117,-4,4
75639,163,148,15,15
75640,122,101,21,21
75641,118,118,0,0
75642,56,63,-7,7
75643,129,119,10,10
75644,128,129,-1,1
75645,159,155,4,4
75646,62,64,-2,2
75647,108,119,-11,11
75648,72,72,0,0
75649,79,83,-4,4
75650,166,166,0,0
75651,62,68,-6,6
75652,144,144,0,0
75653,129,120,9,9
75654,72,72,0,0
75655,93,88,5,5
75656,86,91,-5,5
75657,126,118,8,8
75658,86,82,4,4
75659,87,83,4,4
75660,183,167,16,16
75661,68,84,-16,16
75662,80,85,-5,5
75663,63,80,-17,17
75664,61,60,1,1
75665,103,106,-3,3
75666,46,50,-4,4
75667,107,103,4,4
75668,127,136,-9,9
75669,89,81,8,8
75670,104,106,-2,2
75671,82,90,-8,8
75672,114,114,0,0
75673,82,85,-3,3
75674,109,124,-15,15
75675,105,106,-1,1
75676,67,73,-6,6
75677,64,59,5,5
75678,109,107,2,2
75679,50,57,-7,7
75680,49,49,0,0
75681,89,90,-1,1
75682,163,159,4,4
75683,64,72,-8,8
75684,180,157,23,23
75685,73,122,-49,49
75686,155,143,12,12
75687,106,104,2,2
75688,102,101,1,1
75689,142,121,21,21
75690,62,65,-3,3
75691,93,102,-9,9
75692,125,113,12,12
75693,71,78,-7,7
75694,62,79,-17,17
75695,129,140,-11,11
75696,109,127,-18,18
75697,174,165,9,9
75698,103,99,4,4
75699,124,122,2,2
75700,74,86,-12,12
75701,96,101,-5,5
75702,112,109,3,3
75703,78,81,-3,3
75704,59,60,-1,1
75705,54,61,-7,7
75706,86,81,5,5
75707,99,112,-13,13
75708,120,130,-10,10
75709,134,128,6,6
75710,141,122,19,19
75711,99,101,-2,2
75712,92,86,6,6
75713,121,131,-10,10
75714,74,74,0,0
75715,101,92,9,9
75716,14,107,-93,93
75717,80,81,-1,1
75718,88,82,6,6
75719,60,65,-5,5
75720,112,112,0,0
75721,153,144,9,9
75722,108,103,5,5
75723,98,99,-1,1
75724,78,109,-31,31
75725,115,136,-21,21
75726,71,68,3,3
75727,129,131,-2,2
75728,56,64,-8,8
75729,68,64,4,4
75730,80,76,4,4
75731,110,116,-6,6
75732,86,82,4,4
75733,139,119,20,20
75734,125,118,7,7
75735,73,75,-2,2
75736,122,118,4,4
75737,99,98,1,1
75738,78,76,2,2
75739,150,143,7,7
75740,112,91,21,21
75741,95,98,-3,3
75742,85,82,3,3
75743,67,63,4,4
75744,91,81,10,10
75745,110,110,0,0
75746,88,71,17,17
75747,115,133,-18,18
75748,78,89,-11,11
75749,89,103,-14,14
75750,71,71,0,0
75751,65,64,1,1
75752,67,83,-16,16
75753,144,142,2,2
75754,98,95,3,3
75755,78,76,2,2
75756,130,136,-6,6
75757,75,81,-6,6
75758,83,82,1,1
75759,72,76,-4,4
75760,106,103,3,3
75761,44,49,-5,5
75762,108,115,-7,7
75763,80,77,3,3
75764,98,103,-5,5
75765,97,97,0,0
75766,124,144,-20,20
75767,96,89,7,7
75768,71,67,4,4
75769,118,114,4,4
75770,115,121,-6,6
75771,88,87,1,1
75772,104,105,-1,1
75773,75,70,5,5
75774,115,114,1,1
75775,94,79,15,15
75776,97,106,-9,9
75777,71,83,-12,12
75778,73,97,-24,24
75779,64,67,-3,3
75780,61,64,-3,3
75781,46,48,-2,2
75782,81,82,-1,1
75783,56,62,-6,6
75784,99,100,-1,1
75785,131,151,-20,20
75786,75,84,-9,9
75787,74,69,5,5
75788,111,109,2,2
75789,136,131,5,5
75790,81,82,-1,1
75791,50,57,-7,7
75792,95,93,2,2
75793,108,136,-28,28
75794,62,109,-47,47
75795,78,79,-1,1
75796,92,88,4,4
75797,42,52,-10,10
75798,102,99,3,3
75799,104,106,-2,2
75800,55,73,-18,18
75801,69,74,-5,5
75802,90,94,-4,4
75803,63,86,-23,23
75804,101,113,-12,12
75805,43,56,-13,13
75806,69,71,-2,2
75807,109,99,10,10
75808,142,141,1,1
75809,140,138,2,2
75810,67,69,-2,2
75811,62,63,-1,1
75812,114,99,15,15
75813,107,117,-10,10
75814,85,107,-22,22
75815,167,156,11,11
75816,163,169,-6,6
75817,85,89,-4,4
75818,73,71,2,2
75819,109,94,15,15
75820,61,64,-3,3
75821,77,79,-2,2
75822,207,165,42,42
75823,99,104,-5,5
75824,182,168,14,14
75825,99,107,-8,8
75826,83,84,-1,1
75827,75,86,-11,11
75828,139,135,4,4
75829,47,55,-8,8
75830,65,80,-15,15
75831,143,123,20,20
75832,73,83,-10,10
75833,79,77,2,2
75834,85,75,10,10
75835,88,92,-4,4
75836,141,136,5,5
75837,71,98,-27,27
75838,96,101,-5,5
75839,153,139,14,14
75840,133,119,14,14
75841,80,94,-14,14
75842,171,173,-2,2
75843,125,123,2,2
75844,91,81,10,10
75845,61,69,-8,8
75846,131,123,8,8
75847,136,124,12,12
75848,58,60,-2,2
75849,93,96,-3,3
75850,88,94,-6,6
75851,68,73,-5,5
75852,129,133,-4,4
75853,127,120,7,7
75854,98,137,-39,39
75855,87,91,-4,4
75856,84,89,-5,5
75857,51,81,-30,30
75858,72,69,3,3
75859,144,130,14,14
75860,96,96,0,0
75861,61,66,-5,5
75862,86,86,0,0
75863,78,76,2,2
75864,51,56,-5,5
75865,151,132,19,19
75866,109,97,12,12
75867,108,122,-14,14
75868,80,78,2,2
75869,67,64,3,3
75870,125,133,-8,8
75871,75,76,-1,1
75872,176,160,16,16
75873,105,108,-3,3
75874,82,85,-3,3
75875,146,142,4,4
75876,49,120,-71,71
75877,68,82,-14,14
75878,119,131,-12,12
75879,40,42,-2,2
75880,118,119,-1,1
75881,65,68,-3,3
75882,92,91,1,1
75883,69,66,3,3
75884,110,113,-3,3
75885,94,95,-1,1
75886,152,184,-32,32
75887,118,110,8,8
75888,72,72,0,0
75889,141,127,14,14
75890,43,51,-8,8
75891,122,104,18,18
75892,73,79,-6,6
75893,92,63,29,29
75894,101,95,6,6
75895,66,84,-18,18
75896,70,67,3,3
75897,43,52,-9,9
75898,84,77,7,7
75899,83,99,-16,16
75900,71,68,3,3
75901,97,95,2,2
75902,116,110,6,6
75903,107,109,-2,2
75904,152,145,7,7
75905,130,158,-28,28
75906,49,41,8,8
75907,111,101,10,10
75908,124,109,15,15
75909,75,72,3,3
75910,112,132,-20,20
75911,111,125,-14,14
75912,97,91,6,6
75913,47,55,-8,8
75914,114,102,12,12
75915,107,129,-22,22
75916,93,93,0,0
75917,107,104,3,3
75918,114,116,-2,2
75919,124,140,-16,16
75920,133,120,13,13
75921,64,79,-15,15
75922,80,90,-10,10
75923,155,142,13,13
75924,98,98,0,0
75925,82,78,4,4
75926,50,54,-4,4
75927,64,66,-2,2
75928,97,102,-5,5
75929,123,121,2,2
75930,46,56,-10,10
75931,78,69,9,9
75932,122,114,8,8
75933,181,155,26,26
75934,64,66,-2,2
75935,56,58,-2,2
75936,72,75,-3,3
75937,141,138,3,3
75938,126,109,17,17
75939,71,64,7,7
75940,81,73,8,8
75941,137,136,1,1
75942,91,86,5,5
75943,117,116,1,1
75944,160,141,19,19
75945,101,96,5,5
75946,55,69,-14,14
75947,104,107,-3,3
75948,72,76,-4,4
75949,165,155,10,10
75950,74,63,11,11
75951,72,75,-3,3
75952,138,116,22,22
75953,87,91,-4,4
75954,66,62,4,4
75955,78,74,4,4
75956,80,75,5,5
75957,111,116,-5,5
75958,132,135,-3,3
75959,70,71,-1,1
75960,96,96,0,0
75961,127,127,0,0
75962,121,113,8,8
75963,57,58,-1,1
75964,203,185,18,18
75965,94,91,3,3
75966,81,99,-18,18
75967,52,53,-1,1
75968,150,141,9,9
75969,83,119,-36,36
75970,99,92,7,7
75971,64,65,-1,1
75972,79,88,-9,9
75973,81,87,-6,6
75974,47,55,-8,8
75975,54,59,-5,5
75976,152,154,-2,2
75977,44,56,-12,12
75978,87,86,1,1
75979,161,163,-2,2
75980,83,82,1,1
75981,75,78,-3,3
75982,111,122,-11,11
75983,60,58,2,2
75984,98,95,3,3
75985,74,79,-5,5
75986,81,77,4,4
75987,113,111,2,2
75988,110,104,6,6
75989,84,71,13,13
75990,57,63,-6,6
75991,70,66,4,4
75992,175,155,20,20
75993,95,89,6,6
75994,94,93,1,1
75995,107,97,10,10
75996,75,85,-10,10
75997,85,99,-14,14
75998,162,145,17,17
75999,93,94,-1,1
76000,73,75,-2,2
76001,86,84,2,2
76002,179,167,12,12
76003,202,192,10,10
76004,98,108,-10,10
76005,85,91,-6,6
76006,37,47,-10,10
76007,121,120,1,1
76008,128,110,18,18
76009,87,104,-17,17
76010,141,136,5,5
76011,70,72,-2,2
76012,151,176,-25,25
76013,116,112,4,4
76014,81,79,2,2
76015,81,71,10,10
76016,89,99,-10,10
76017,124,106,18,18
76018,94,98,-4,4
76019,56,62,-6,6
76020,151,150,1,1
76021,157,153,4,4
76022,70,75,-5,5
76023,154,158,-4,4
76024,130,132,-2,2
76025,121,119,2,2
76026,119,124,-5,5
76027,94,102,-8,8
76028,62,78,-16,16
76029,99,94,5,5
76030,82,80,2,2
76031,145,149,-4,4
76032,107,117,-10,10
76033,107,108,-1,1
76034,128,125,3,3
76035,52,59,-7,7
76036,103,107,-4,4
76037,70,70,0,0
76038,161,172,-11,11
76039,74,77,-3,3
76040,70,74,-4,4
76041,114,101,13,13
76042,150,150,0,0
76043,105,129,-24,24
76044,119,136,-17,17
76045,71,79,-8,8
76046,102,93,9,9
76047,43,63,-20,20
76048,84,90,-6,6
76049,70,70,0,0
76050,82,91,-9,9
76051,74,61,13,13
76052,98,99,-1,1
76053,55,63,-8,8
76054,110,114,-4,4
76055,145,158,-13,13
76056,80,75,5,5
76057,137,181,-44,44
76058,77,108,-31,31
76059,80,76,4,4
76060,73,70,3,3
76061,83,82,1,1
76062,100,96,4,4
76063,85,81,4,4
76064,101,108,-7,7
76065,79,82,-3,3
76066,89,87,2,2
76067,60,69,-9,9
76068,112,100,12,12
76069,173,176,-3,3
76070,60,61,-1,1
76071,41,67,-26,26
76072,57,71,-14,14
76073,88,90,-2,2
76074,101,100,1,1
76075,82,76,6,6
76076,100,103,-3,3
76077,85,83,2,2
76078,117,110,7,7
76079,83,89,-6,6
76080,162,145,17,17
76081,59,68,-9,9
76082,127,120,7,7
76083,170,151,19,19
76084,114,109,5,5
76085,111,114,-3,3
76086,44,47,-3,3
76087,91,101,-10,10
76088,76,82,-6,6
76089,64,71,-7,7
76090,67,67,0,0
76091,135,127,8,8
76092,75,75,0,0
76093,110,96,14,14
76094,84,83,1,1
76095,77,73,4,4
76096,97,106,-9,9
76097,85,92,-7,7
76098,61,59,2,2
76099,86,85,1,1
76100,75,69,6,6
76101,83,111,-28,28
76102,168,158,10,10
76103,97,94,3,3
76104,64,67,-3,3
76105,126,118,8,8
76106,85,90,-5,5
76107,111,124,-13,13
76108,87,86,1,1
76109,101,114,-13,13
76110,162,123,39,39
76111,143,149,-6,6
76112,123,126,-3,3
76113,82,78,4,4
76114,101,94,7,7
76115,92,111,-19,19
76116,87,107,-20,20
76117,93,83,10,10
76118,100,107,-7,7
76119,92,92,0,0
76120,85,77,8,8
76121,49,50,-1,1
76122,79,92,-13,13
76123,58,54,4,4
76124,85,94,-9,9
76125,61,67,-6,6
76126,140,138,2,2
76127,127,127,0,0
76128,152,160,-8,8
76129,67,62,5,5
76130,64,68,-4,4
76131,136,124,12,12
76132,74,75,-1,1
76133,100,95,5,5
76134,158,134,24,24
76135,80,91,-11,11
76136,88,89,-1,1
76137,110,116,-6,6
76138,74,70,4,4
76139,116,124,-8,8
76140,82,73,9,9
76141,117,112,5,5
76142,81,80,1,1
76143,74,77,-3,3
76144,104,95,9,9
76145,147,136,11,11
76146,82,77,5,5
76147,50,55,-5,5
76148,180,167,13,13
76149,182,193,-11,11
76150,63,76,-13,13
76151,190,164,26,26
76152,122,127,-5,5
76153,99,93,6,6
76154,66,74,-8,8
76155,53,74,-21,21
76156,63,67,-4,4
76157,125,146,-21,21
76158,112,105,7,7
76159,85,90,-5,5
76160,56,62,-6,6
76161,85,97,-12,12
76162,70,78,-8,8
76163,83,88,-5,5
76164,135,137,-2,2
76165,57,58,-1,1
76166,84,83,1,1
76167,90,106,-16,16
76168,59,55,4,4
76169,77,78,-1,1
76170,64,67,-3,3
76171,99,95,4,4
76172,109,99,10,10
76173,97,96,1,1
76174,92,85,7,7
76175,87,91,-4,4
76176,42,46,-4,4
76177,74,64,10,10
76178,162,177,-15,15
76179,125,103,22,22
76180,178,182,-4,4
76181,98,100,-2,2
76182,89,101,-12,12
76183,72,66,6,6
76184,78,75,3,3
76185,53,61,-8,8
76186,85,82,3,3
76187,122,119,3,3
76188,101,116,-15,15
76189,81,78,3,3
76190,128,91,37,37
76191,98,102,-4,4
76192,154,189,-35,35
76193,122,128,-6,6
76194,63,60,3,3
76195,83,90,-7,7
76196,98,95,3,3
76197,70,66,4,4
76198,89,98,-9,9
76199,111,119,-8,8
76200,44,63,-19,19
76201,48,61,-13,13
76202,104,100,4,4
76203,106,104,2,2
76204,148,136,12,12
76205,128,141,-13,13
76206,118,124,-6,6
76207,105,100,5,5
76208,141,148,-7,7
76209,115,111,4,4
76210,161,161,0,0
76211,71,90,-19,19
76212,149,127,22,22
76213,77,80,-3,3
76214,117,101,16,16
76215,119,117,2,2
76216,116,110,6,6
76217,88,83,5,5
76218,107,94,13,13
76219,72,85,-13,13
76220,137,155,-18,18
76221,122,124,-2,2
76222,126,131,-5,5
76223,50,56,-6,6
76224,119,101,18,18
76225,79,64,15,15
76226,124,140,-16,16
76227,128,124,4,4
76228,132,125,7,7
76229,90,85,5,5
76230,95,100,-5,5
76231,97,89,8,8
76232,63,67,-4,4
76233,109,104,5,5
76234,133,148,-15,15
76235,104,98,6,6
76236,35,74,-39,39
76237,72,79,-7,7
76238,65,75,-10,10
76239,120,119,1,1
76240,135,152,-17,17
76241,130,119,11,11
76242,137,140,-3,3
76243,81,82,-1,1
76244,83,84,-1,1
76245,51,62,-11,11
76246,77,77,0,0
76247,116,111,5,5
76248,72,83,-11,11
76249,97,107,-10,10
76250,78,74,4,4
76251,63,61,2,2
76252,130,140,-10,10
76253,158,149,9,9
76254,75,81,-6,6
76255,76,68,8,8
76256,101,103,-2,2
76257,44,58,-14,14
76258,74,74,0,0
76259,98,92,6,6
76260,134,132,2,2
76261,104,105,-1,1
76262,88,87,1,1
76263,179,192,-13,13
76264,46,58,-12,12
76265,141,131,10,10
76266,91,89,2,2
76267,72,73,-1,1
76268,82,85,-3,3
76269,73,106,-33,33
76270,139,138,1,1
76271,124,118,6,6
76272,100,83,17,17
76273,98,95,3,3
76274,80,76,4,4
76275,97,119,-22,22
76276,62,70,-8,8
76277,136,138,-2,2
76278,93,88,5,5
76279,104,100,4,4
76280,158,140,18,18
76281,105,96,9,9
76282,82,75,7,7
76283,150,151,-1,1
76284,161,164,-3,3
76285,68,64,4,4
76286,97,112,-15,15
76287,106,102,4,4
76288,75,69,6,6
76289,95,90,5,5
76290,84,92,-8,8
76291,144,115,29,29
76292,115,118,-3,3
76293,45,57,-12,12
76294,99,94,5,5
76295,91,89,2,2
76296,75,57,18,18
76297,134,106,28,28
76298,69,64,5,5
76299,74,85,-11,11
76300,53,52,1,1
76301,74,78,-4,4
76302,95,98,-3,3
76303,54,60,-6,6
76304,96,96,0,0
76305,93,91,2,2
76306,108,106,2,2
76307,104,113,-9,9
76308,80,77,3,3
76309,87,83,4,4
76310,98,102,-4,4
76311,60,68,-8,8
76312,65,74,-9,9
76313,75,77,-2,2
76314,80,81,-1,1
76315,81,88,-7,7
76316,123,118,5,5
76317,89,87,2,2
76318,142,141,1,1
76319,64,62,2,2
76320,100,115,-15,15
76321,45,61,-16,16
76322,118,112,6,6
76323,73,76,-3,3
76324,74,84,-10,10
76325,102,121,-19,19
76326,66,77,-11,11
76327,120,124,-4,4
76328,57,60,-3,3
76329,149,125,24,24
76330,131,135,-4,4
76331,81,75,6,6
76332,61,71,-10,10
76333,89,91,-2,2
76334,66,62,4,4
76335,64,72,-8,8
76336,76,77,-1,1
76337,124,117,7,7
76338,48,55,-7,7
76339,68,74,-6,6
76340,100,101,-1,1
76341,96,96,0,0
76342,50,51,-1,1
76343,85,88,-3,3
76344,85,83,2,2
76345,61,63,-2,2
76346,91,85,6,6
76347,72,71,1,1
76348,129,113,16,16
76349,104,99,5,5
76350,54,59,-5,5
76351,53,58,-5,5
76352,105,123,-18,18
76353,91,99,-8,8
76354,66,68,-2,2
76355,59,59,0,0
76356,118,115,3,3
76357,109,120,-11,11
76358,63,65,-2,2
76359,63,58,5,5
76360,68,73,-5,5
76361,166,198,-32,32
76362,84,70,14,14
76363,66,61,5,5
76364,100,112,-12,12
76365,104,98,6,6
76366,65,63,2,2
76367,57,62,-5,5
76368,99,105,-6,6
76369,96,106,-10,10
76370,71,69,2,2
76371,57,66,-9,9
76372,105,114,-9,9
76373,88,88,0,0
76374,54,53,1,1
76375,181,158,23,23
76376,100,91,9,9
76377,103,100,3,3
76378,138,130,8,8
76379,65,75,-10,10
76380,71,70,1,1
76381,70,71,-1,1
76382,72,68,4,4
76383,66,63,3,3
76384,79,76,3,3
76385,169,173,-4,4
76386,129,127,2,2
76387,129,115,14,14
76388,63,65,-2,2
76389,92,95,-3,3
76390,109,111,-2,2
76391,58,63,-5,5
76392,108,95,13,13
76393,107,94,13,13
76394,162,159,3,3
76395,57,57,0,0
76396,109,115,-6,6
76397,86,82,4,4
76398,91,86,5,5
76399,89,82,7,7
76400,93,92,1,1
76401,70,76,-6,6
76402,73,76,-3,3
76403,71,69,2,2
76404,59,62,-3,3
76405,166,159,7,7
76406,71,66,5,5
76407,71,64,7,7
76408,132,121,11,11
76409,103,117,-14,14
76410,114,108,6,6
76411,103,122,-19,19
76412,98,105,-7,7
76413,92,83,9,9
76414,102,106,-4,4
76415,113,123,-10,10
76416,130,154,-24,24
76417,56,64,-8,8
76418,127,124,3,3
76419,53,67,-14,14
76420,129,125,4,4
76421,93,89,4,4
76422,133,128,5,5
76423,93,87,6,6
76424,92,87,5,5
76425,45,56,-11,11
76426,96,94,2,2
76427,104,134,-30,30
76428,65,71,-6,6
76429,114,108,6,6
76430,52,56,-4,4
76431,80,84,-4,4
76432,135,143,-8,8
76433,78,108,-30,30
76434,69,67,2,2
76435,61,66,-5,5
76436,75,71,4,4
76437,131,138,-7,7
76438,108,123,-15,15
76439,96,90,6,6
76440,178,171,7,7
76441,171,185,-14,14
76442,81,81,0,0
76443,91,85,6,6
76444,69,74,-5,5
76445,146,126,20,20
76446,111,103,8,8
76447,65,71,-6,6
76448,86,84,2,2
76449,79,93,-14,14
76450,108,109,-1,1
76451,94,91,3,3
76452,107,101,6,6
76453,100,89,11,11
76454,121,111,10,10
76455,144,154,-10,10
76456,66,66,0,0
76457,40,48,-8,8
76458,99,102,-3,3
76459,32,48,-16,16
76460,69,90,-21,21
76461,145,140,5,5
76462,76,85,-9,9
76463,85,88,-3,3
76464,53,60,-7,7
76465,27,34,-7,7
76466,55,67,-12,12
76467,41,46,-5,5
76468,57,65,-8,8
76469,83,76,7,7
76470,77,69,8,8
76471,85,96,-11,11
76472,118,114,4,4
76473,55,57,-2,2
76474,62,68,-6,6
76475,111,113,-2,2
76476,108,104,4,4
76477,89,82,7,7
76478,97,82,15,15
76479,94,99,-5,5
76480,61,63,-2,2
76481,82,88,-6,6
76482,83,92,-9,9
76483,140,119,21,21
76484,152,141,11,11
76485,86,79,7,7
76486,33,41,-8,8
76487,88,77,11,11
76488,71,66,5,5
76489,97,119,-22,22
76490,81,94,-13,13
76491,129,129,0,0
76492,55,59,-4,4
76493,122,119,3,3
76494,103,103,0,0
76495,98,96,2,2
76496,89,89,0,0
76497,87,87,0,0
76498,79,82,-3,3
76499,98,114,-16,16
76500,49,47,2,2
76501,82,81,1,1
76502,120,125,-5,5
76503,108,108,0,0
76504,169,152,17,17
76505,161,145,16,16
76506,134,145,-11,11
76507,96,90,6,6
76508,56,42,14,14
76509,101,118,-17,17
76510,86,99,-13,13
76511,82,86,-4,4
76512,85,93,-8,8
76513,79,82,-3,3
76514,78,84,-6,6
76515,105,92,13,13
76516,142,137,5,5
76517,65,74,-9,9
76518,57,62,-5,5
76519,81,82,-1,1
76520,139,105,34,34
76521,84,76,8,8
76522,81,80,1,1
76523,154,147,7,7
76524,147,135,12,12
76525,153,145,8,8
76526,73,79,-6,6
76527,141,145,-4,4
76528,43,52,-9,9
76529,101,96,5,5
76530,42,51,-9,9
76531,78,81,-3,3
76532,97,115,-18,18
76533,65,72,-7,7
76534,58,62,-4,4
76535,79,87,-8,8
76536,95,101,-6,6
76537,105,115,-10,10
76538,37,43,-6,6
76539,82,57,25,25
76540,130,133,-3,3
76541,99,118,-19,19
76542,125,104,21,21
76543,51,66,-15,15
76544,87,88,-1,1
76545,147,159,-12,12
76546,61,67,-6,6
76547,122,105,17,17
76548,70,80,-10,10
76549,81,71,10,10
76550,93,92,1,1
76551,136,130,6,6
76552,61,62,-1,1
76553,75,90,-15,15
76554,118,110,8,8
76555,110,120,-10,10
76556,153,163,-10,10
76557,57,60,-3,3
76558,128,126,2,2
76559,118,104,14,14
76560,81,93,-12,12
76561,82,75,7,7
76562,126,125,1,1
76563,110,107,3,3
76564,91,97,-6,6
76565,106,98,8,8
76566,92,85,7,7
76567,74,80,-6,6
76568,119,118,1,1
76569,47,53,-6,6
76570,81,90,-9,9
76571,101,102,-1,1
76572,91,90,1,1
76573,68,70,-2,2
76574,119,119,0,0
76575,90,97,-7,7
76576,104,108,-4,4
76577,80,84,-4,4
76578,84,89,-5,5
76579,132,131,1,1
76580,32,68,-36,36
76581,139,136,3,3
76582,85,76,9,9
76583,83,79,4,4
76584,55,63,-8,8
76585,98,111,-13,13
76586,177,180,-3,3
76587,81,89,-8,8
76588,90,91,-1,1
76589,133,128,5,5
76590,85,73,12,12
76591,58,58,0,0
76592,133,139,-6,6
76593,81,79,2,2
76594,149,139,10,10
76595,107,107,0,0
76596,113,102,11,11
76597,108,97,11,11
76598,93,91,2,2
76599,100,89,11,11
76600,66,69,-3,3
76601,109,108,1,1
76602,77,94,-17,17
76603,208,183,25,25
76604,79,80,-1,1
76605,74,72,2,2
76606,74,79,-5,5
76607,131,128,3,3
76608,127,124,3,3
76609,77,89,-12,12
76610,100,84,16,16
76611,82,117,-35,35
76612,100,106,-6,6
76613,65,79,-14,14
76614,97,101,-4,4
76615,146,126,20,20
76616,99,90,9,9
76617,117,105,12,12
76618,71,78,-7,7
76619,60,61,-1,1
76620,75,75,0,0
76621,46,55,-9,9
76622,121,110,11,11
76623,55,55,0,0
76624,119,119,0,0
76625,178,173,5,5
76626,131,137,-6,6
76627,123,126,-3,3
76628,99,112,-13,13
76629,164,228,-64,64
76630,69,76,-7,7
76631,55,61,-6,6
76632,148,146,2,2
76633,67,75,-8,8
76634,138,143,-5,5
76635,115,104,11,11
76636,134,129,5,5
76637,91,88,3,3
76638,94,92,2,2
76639,114,110,4,4
76640,92,93,-1,1
76641,98,93,5,5
76642,41,45,-4,4
76643,49,57,-8,8
76644,59,70,-11,11
76645,90,82,8,8
76646,165,161,4,4
76647,53,60,-7,7
76648,67,61,6,6
76649,77,73,4,4
76650,87,84,3,3
76651,65,66,-1,1
76652,133,136,-3,3
76653,98,92,6,6
76654,103,105,-2,2
76655,85,77,8,8
76656,153,142,11,11
76657,85,83,2,2
76658,126,130,-4,4
76659,102,126,-24,24
76660,115,113,2,2
76661,78,61,17,17
76662,152,156,-4,4
76663,72,81,-9,9
76664,65,67,-2,2
76665,71,65,6,6
76666,134,125,9,9
76667,104,94,10,10
76668,54,62,-8,8
76669,133,125,8,8
76670,99,81,18,18
76671,69,70,-1,1
76672,169,173,-4,4
76673,94,93,1,1
76674,106,113,-7,7
76675,86,92,-6,6
76676,107,104,3,3
76677,52,62,-10,10
76678,71,75,-4,4
76679,87,83,4,4
76680,155,157,-2,2
76681,58,61,-3,3
76682,144,131,13,13
76683,111,108,3,3
76684,90,88,2,2
76685,74,66,8,8
76686,100,91,9,9
76687,112,111,1,1
76688,117,119,-2,2
76689,48,85,-37,37
76690,107,94,13,13
76691,144,146,-2,2
76692,86,79,7,7
76693,101,91,10,10
76694,94,99,-5,5
76695,129,121,8,8
76696,132,134,-2,2
76697,61,63,-2,2
76698,103,110,-7,7
76699,104,97,7,7
76700,135,107,28,28
76701,76,83,-7,7
76702,112,114,-2,2
76703,114,97,17,17
76704,69,61,8,8
76705,92,81,11,11
76706,80,88,-8,8
76707,139,117,22,22
76708,76,80,-4,4
76709,71,70,1,1
76710,100,103,-3,3
76711,106,103,3,3
76712,145,127,18,18
76713,76,82,-6,6
76714,92,108,-16,16
76715,49,56,-7,7
76716,110,106,4,4
76717,92,99,-7,7
76718,173,150,23,23
76719,98,101,-3,3
76720,175,153,22,22
76721,75,80,-5,5
76722,103,93,10,10
76723,111,136,-25,25
76724,215,221,-6,6
76725,131,118,13,13
76726,67,76,-9,9
76727,127,137,-10,10
76728,72,75,-3,3
76729,43,78,-35,35
76730,65,77,-12,12
76731,69,74,-5,5
76732,149,159,-10,10
76733,75,73,2,2
76734,81,82,-1,1
76735,76,67,9,9
76736,53,70,-17,17
76737,79,92,-13,13
76738,152,154,-2,2
76739,97,102,-5,5
76740,48,56,-8,8
76741,107,111,-4,4
76742,118,117,1,1
76743,78,77,1,1
76744,98,80,18,18
76745,121,115,6,6
76746,108,91,17,17
76747,59,65,-6,6
76748,95,105,-10,10
76749,98,91,7,7
76750,71,72,-1,1
76751,76,76,0,0
76752,100,117,-17,17
76753,70,66,4,4
76754,71,66,5,5
76755,94,71,23,23
76756,86,87,-1,1
76757,102,101,1,1
76758,106,99,7,7
76759,74,73,1,1
76760,49,69,-20,20
76761,103,110,-7,7
76762,70,78,-8,8
76763,168,168,0,0
76764,66,68,-2,2
76765,128,132,-4,4
76766,110,117,-7,7
76767,82,80,2,2
76768,92,92,0,0
76769,187,178,9,9
76770,101,122,-21,21
76771,47,54,-7,7
76772,72,76,-4,4
76773,77,77,0,0
76774,30,38,-8,8
76775,124,115,9,9
76776,218,200,18,18
76777,110,116,-6,6
76778,106,113,-7,7
76779,133,123,10,10
76780,88,74,14,14
76781,58,65,-7,7
76782,184,176,8,8
76783,152,130,22,22
76784,87,92,-5,5
76785,167,159,8,8
76786,93,92,1,1
76787,130,115,15,15
76788,96,90,6,6
76789,119,125,-6,6
76790,81,74,7,7
76791,52,56,-4,4
76792,66,61,5,5
76793,102,114,-12,12
76794,76,70,6,6
76795,117,104,13,13
76796,98,100,-2,2
76797,81,69,12,12
76798,99,105,-6,6
76799,81,71,10,10
76800,64,75,-11,11
76801,139,147,-8,8
76802,84,89,-5,5
76803,68,67,1,1
76804,42,52,-10,10
76805,73,72,1,1
76806,158,133,25,25
76807,101,95,6,6
76808,122,116,6,6
76809,76,99,-23,23
76810,129,149,-20,20
76811,99,95,4,4
76812,71,68,3,3
76813,80,84,-4,4
76814,141,135,6,6
76815,48,53,-5,5
76816,146,133,13,13
76817,83,87,-4,4
76818,102,110,-8,8
76819,87,88,-1,1
76820,83,76,7,7
76821,63,66,-3,3
76822,89,92,-3,3
76823,142,133,9,9
76824,90,96,-6,6
76825,97,88,9,9
76826,130,128,2,2
76827,88,89,-1,1
76828,146,156,-10,10
76829,118,102,16,16
76830,124,119,5,5
76831,108,124,-16,16
76832,53,62,-9,9
76833,78,80,-2,2
76834,54,57,-3,3
76835,121,119,2,2
76836,105,111,-6,6
76837,47,60,-13,13
76838,58,60,-2,2
76839,126,107,19,19
76840,165,143,22,22
76841,118,116,2,2
76842,54,61,-7,7
76843,98,94,4,4
76844,39,46,-7,7
76845,88,95,-7,7
76846,85,100,-15,15
76847,92,100,-8,8
76848,101,109,-8,8
76849,69,80,-11,11
76850,70,70,0,0
76851,57,87,-30,30
76852,89,96,-7,7
76853,165,146,19,19
76854,88,92,-4,4
76855,142,135,7,7
76856,109,120,-11,11
76857,105,111,-6,6
76858,94,100,-6,6
76859,124,123,1,1
76860,119,113,6,6
76861,41,45,-4,4
76862,102,102,0,0
76863,90,72,18,18
76864,126,123,3,3
76865,59,70,-11,11
76866,74,74,0,0
76867,104,115,-11,11
76868,101,97,4,4
76869,102,101,1,1
76870,123,124,-1,1
76871,90,84,6,6
76872,85,83,2,2
76873,85,99,-14,14
76874,57,58,-1,1
76875,73,77,-4,4
76876,73,82,-9,9
76877,106,99,7,7
76878,47,49,-2,2
76879,91,100,-9,9
76880,93,84,9,9
76881,63,74,-11,11
76882,80,79,1,1
76883,71,74,-3,3
76884,92,90,2,2
76885,125,120,5,5
76886,82,90,-8,8
76887,97,94,3,3
76888,59,50,9,9
76889,125,124,1,1
76890,115,104,11,11
76891,103,102,1,1
76892,97,101,-4,4
76893,89,82,7,7
76894,78,79,-1,1
76895,159,146,13,13
76896,117,124,-7,7
76897,100,99,1,1
76898,104,99,5,5
76899,97,103,-6,6
76900,114,99,15,15
76901,118,135,-17,17
76902,99,84,15,15
76903,98,94,4,4
76904,114,147,-33,33
76905,99,98,1,1
76906,95,96,-1,1
76907,68,74,-6,6
76908,119,113,6,6
76909,125,117,8,8
76910,74,81,-7,7
76911,97,93,4,4
76912,101,95,6,6
76913,157,155,2,2
76914,141,143,-2,2
76915,132,136,-4,4
76916,104,111,-7,7
76917,85,90,-5,5
76918,110,115,-5,5
76919,91,84,7,7
76920,53,57,-4,4
76921,81,86,-5,5
76922,78,84,-6,6
76923,79,87,-8,8
76924,73,67,6,6
76925,81,84,-3,3
76926,89,89,0,0
76927,78,74,4,4
76928,122,117,5,5
76929,64,78,-14,14
76930,52,58,-6,6
76931,87,97,-10,10
76932,134,145,-11,11
76933,104,103,1,1
76934,116,128,-12,12
76935,102,108,-6,6
76936,160,88,72,72
76937,83,67,16,16
76938,159,175,-16,16
76939,130,140,-10,10
76940,92,87,5,5
76941,95,87,8,8
76942,179,193,-14,14
76943,132,114,18,18
76944,53,52,1,1
76945,100,95,5,5
76946,105,92,13,13
76947,77,80,-3,3
76948,115,101,14,14
76949,126,129,-3,3
76950,91,87,4,4
76951,79,81,-2,2
76952,40,54,-14,14
76953,128,115,13,13
76954,145,152,-7,7
76955,153,145,8,8
76956,81,70,11,11
76957,113,127,-14,14
76958,138,120,18,18
76959,100,111,-11,11
76960,77,69,8,8
76961,71,73,-2,2
76962,110,106,4,4
76963,118,116,2,2
76964,137,135,2,2
76965,94,91,3,3
76966,65,66,-1,1
76967,52,71,-19,19
76968,74,70,4,4
76969,68,61,7,7
76970,101,106,-5,5
76971,104,108,-4,4
76972,138,134,4,4
76973,71,69,2,2
76974,140,125,15,15
76975,83,75,8,8
76976,91,92,-1,1
76977,125,122,3,3
76978,77,86,-9,9
76979,63,69,-6,6
76980,116,110,6,6
76981,102,101,1,1
76982,121,130,-9,9
76983,116,111,5,5
76984,181,184,-3,3
76985,112,123,-11,11
76986,151,173,-22,22
76987,127,125,2,2
76988,87,89,-2,2
76989,123,110,13,13
76990,74,86,-12,12
76991,161,154,7,7
76992,48,55,-7,7
76993,207,187,20,20
76994,124,122,2,2
76995,91,104,-13,13
76996,104,113,-9,9
76997,118,120,-2,2
76998,112,121,-9,9
76999,70,73,-3,3
77000,76,65,11,11
77001,133,118,15,15
77002,79,70,9,9
77003,56,69,-13,13
77004,111,139,-28,28
77005,48,56,-8,8
77006,80,75,5,5
77007,144,93,51,51
77008,39,44,-5,5
77009,91,92,-1,1
77010,97,101,-4,4
77011,93,88,5,5
77012,142,137,5,5
77013,116,124,-8,8
77014,86,72,14,14
77015,128,123,5,5
77016,101,114,-13,13
77017,53,67,-14,14
77018,153,143,10,10
77019,69,77,-8,8
77020,101,93,8,8
77021,146,148,-2,2
77022,107,101,6,6
77023,86,85,1,1
77024,44,55,-11,11
77025,64,69,-5,5
77026,90,71,19,19
77027,69,72,-3,3
77028,78,90,-12,12
77029,141,136,5,5
77030,54,41,13,13
77031,61,58,3,3
77032,140,117,23,23
77033,158,139,19,19
77034,96,97,-1,1
77035,159,165,-6,6
77036,155,146,9,9
77037,152,148,4,4
77038,62,65,-3,3
77039,84,69,15,15
77040,197,195,2,2
77041,123,131,-8,8
77042,80,82,-2,2
77043,25,32,-7,7
77044,140,143,-3,3
77045,65,77,-12,12
77046,67,98,-31,31
77047,62,64,-2,2
77048,71,68,3,3
77049,138,132,6,6
77050,73,70,3,3
77051,84,88,-4,4
77052,227,190,37,37
77053,97,91,6,6
77054,47,52,-5,5
77055,74,77,-3,3
77056,75,86,-11,11
77057,64,64,0,0
77058,107,108,-1,1
77059,60,81,-21,21
77060,70,82,-12,12
77061,117,105,12,12
77062,110,114,-4,4
77063,118,123,-5,5
77064,86,86,0,0
77065,61,71,-10,10
77066,72,71,1,1
77067,153,140,13,13
77068,92,99,-7,7
77069,117,122,-5,5
77070,79,80,-1,1
77071,111,96,15,15
77072,48,52,-4,4
77073,71,66,5,5
77074,100,104,-4,4
77075,90,85,5,5
77076,67,73,-6,6
77077,111,102,9,9
77078,68,63,5,5
77079,113,109,4,4
77080,78,105,-27,27
77081,94,95,-1,1
77082,86,86,0,0
77083,131,136,-5,5
77084,142,124,18,18
77085,83,85,-2,2
77086,62,70,-8,8
77087,74,70,4,4
77088,143,141,2,2
77089,163,158,5,5
77090,78,78,0,0
77091,42,50,-8,8
77092,69,68,1,1
77093,68,66,2,2
77094,132,125,7,7
77095,59,58,1,1
77096,107,111,-4,4
77097,107,109,-2,2
77098,49,53,-4,4
77099,114,115,-1,1
77100,87,80,7,7
77101,103,82,21,21
77102,122,117,5,5
77103,114,113,1,1
77104,172,158,14,14
77105,69,77,-8,8
77106,57,66,-9,9
77107,108,118,-10,10
77108,80,95,-15,15
77109,70,81,-11,11
77110,126,121,5,5
77111,102,99,3,3
77112,45,53,-8,8
77113,72,71,1,1
77114,174,163,11,11
77115,101,108,-7,7
77116,53,58,-5,5
77117,71,66,5,5
77118,157,178,-21,21
77119,139,136,3,3
77120,116,105,11,11
77121,86,81,5,5
77122,96,92,4,4
77123,107,108,-1,1
77124,98,102,-4,4
77125,89,96,-7,7
77126,117,132,-15,15
77127,108,115,-7,7
77128,54,60,-6,6
77129,116,117,-1,1
77130,111,100,11,11
77131,139,144,-5,5
77132,74,77,-3,3
77133,117,130,-13,13
77134,106,111,-5,5
77135,158,150,8,8
77136,97,96,1,1
77137,70,65,5,5
77138,106,117,-11,11
77139,82,70,12,12
77140,141,136,5,5
77141,132,129,3,3
77142,114,104,10,10
77143,145,136,9,9
77144,56,65,-9,9
77145,109,92,17,17
77146,131,117,14,14
77147,154,125,29,29
77148,73,67,6,6
77149,63,71,-8,8
77150,134,141,-7,7
77151,91,85,6,6
77152,127,119,8,8
77153,42,50,-8,8
77154,101,103,-2,2
77155,52,54,-2,2
77156,143,148,-5,5
77157,92,90,2,2
77158,84,92,-8,8
77159,101,106,-5,5
77160,117,108,9,9
77161,85,89,-4,4
77162,52,59,-7,7
77163,74,69,5,5
77164,78,70,8,8
77165,64,59,5,5
77166,90,99,-9,9
77167,59,64,-5,5
77168,53,63,-10,10
77169,94,100,-6,6
77170,77,77,0,0
77171,108,96,12,12
77172,138,137,1,1
77173,83,90,-7,7
77174,150,133,17,17
77175,108,101,7,7
77176,64,64,0,0
77177,101,104,-3,3
77178,92,85,7,7
77179,150,132,18,18
77180,133,140,-7,7
77181,42,54,-12,12
77182,43,54,-11,11
77183,63,67,-4,4
77184,82,88,-6,6
77185,56,56,0,0
77186,101,114,-13,13
77187,65,93,-28,28
77188,112,111,1,1
77189,50,57,-7,7
77190,130,128,2,2
77191,88,90,-2,2
77192,74,65,9,9
77193,129,142,-13,13
77194,57,69,-12,12
77195,110,111,-1,1
77196,99,112,-13,13
77197,77,74,3,3
77198,117,119,-2,2
77199,107,100,7,7
77200,62,63,-1,1
77201,75,78,-3,3
77202,97,103,-6,6
77203,54,72,-18,18
77204,80,78,2,2
77205,84,86,-2,2
77206,52,55,-3,3
77207,106,101,5,5
77208,99,119,-20,20
77209,92,82,10,10
77210,53,64,-11,11
77211,135,139,-4,4
77212,116,98,18,18
77213,96,102,-6,6
77214,116,113,3,3
77215,90,89,1,1
77216,187,155,32,32
77217,55,92,-37,37
77218,48,54,-6,6
77219,77,87,-10,10
77220,74,74,0,0
77221,97,103,-6,6
77222,159,145,14,14
77223,127,130,-3,3
77224,83,81,2,2
77225,67,65,2,2
77226,103,101,2,2
77227,68,67,1,1
77228,75,69,6,6
77229,88,91,-3,3
77230,82,111,-29,29
77231,128,121,7,7
77232,177,163,14,14
77233,140,130,10,10
77234,108,95,13,13
77235,59,57,2,2
77236,97,98,-1,1
77237,105,106,-1,1
77238,59,65,-6,6
77239,74,73,1,1
77240,63,69,-6,6
77241,53,57,-4,4
77242,67,67,0,0
77243,88,88,0,0
77244,116,121,-5,5
77245,141,147,-6,6
77246,123,130,-7,7
77247,111,103,8,8
77248,89,92,-3,3
77249,112,87,25,25
77250,118,112,6,6
77251,51,61,-10,10
77252,165,149,16,16
77253,70,82,-12,12
77254,92,93,-1,1
77255,156,138,18,18
77256,160,139,21,21
77257,64,65,-1,1
77258,137,126,11,11
77259,93,88,5,5
77260,124,138,-14,14
77261,77,84,-7,7
77262,128,130,-2,2
77263,79,73,6,6
77264,61,64,-3,3
77265,112,111,1,1
77266,45,52,-7,7
77267,67,61,6,6
77268,126,130,-4,4
77269,92,90,2,2
77270,74,82,-8,8
77271,67,70,-3,3
77272,105,104,1,1
77273,167,172,-5,5
77274,131,125,6,6
77275,84,120,-36,36
77276,110,116,-6,6
77277,72,75,-3,3
77278,71,146,-75,75
77279,115,129,-14,14
77280,159,149,10,10
77281,82,79,3,3
77282,100,111,-11,11
77283,70,61,9,9
77284,104,119,-15,15
77285,49,51,-2,2
77286,104,99,5,5
77287,101,116,-15,15
77288,66,67,-1,1
77289,87,79,8,8
77290,85,99,-14,14
77291,124,137,-13,13
77292,121,116,5,5
77293,97,97,0,0
77294,63,61,2,2
77295,93,93,0,0
77296,79,70,9,9
77297,49,45,4,4
77298,95,99,-4,4
77299,76,78,-2,2
77300,133,128,5,5
77301,66,74,-8,8
77302,85,125,-40,40
77303,228,260,-32,32
77304,124,133,-9,9
77305,90,78,12,12
77306,95,90,5,5
77307,54,62,-8,8
77308,82,110,-28,28
77309,155,138,17,17
77310,173,168,5,5
77311,171,146,25,25
77312,42,55,-13,13
77313,141,134,7,7
77314,92,83,9,9
77315,94,95,-1,1
77316,82,84,-2,2
77317,132,125,7,7
77318,124,121,3,3
77319,94,94,0,0
77320,60,67,-7,7
77321,58,67,-9,9
77322,102,109,-7,7
77323,112,117,-5,5
77324,121,122,-1,1
77325,133,141,-8,8
77326,54,65,-11,11
77327,105,118,-13,13
77328,82,86,-4,4
77329,104,100,4,4
77330,91,87,4,4
77331,103,112,-9,9
77332,96,106,-10,10
77333,147,167,-20,20
77334,95,94,1,1
77335,111,121,-10,10
77336,106,108,-2,2
77337,59,59,0,0
77338,77,73,4,4
77339,97,84,13,13
77340,73,67,6,6
77341,105,96,9,9
77342,122,119,3,3
77343,55,67,-12,12
77344,108,116,-8,8
77345,59,58,1,1
77346,124,125,-1,1
77347,116,114,2,2
77348,100,105,-5,5
77349,76,90,-14,14
77350,102,98,4,4
77351,95,119,-24,24
77352,138,132,6,6
77353,119,128,-9,9
77354,78,79,-1,1
77355,108,109,-1,1
77356,34,43,-9,9
77357,105,105,0,0
77358,120,114,6,6
77359,91,95,-4,4
77360,103,114,-11,11
77361,75,79,-4,4
77362,176,155,21,21
77363,85,83,2,2
77364,75,77,-2,2
77365,103,114,-11,11
77366,81,83,-2,2
77367,105,113,-8,8
77368,50,62,-12,12
77369,118,113,5,5
77370,163,152,11,11
77371,137,129,8,8
77372,167,166,1,1
77373,116,114,2,2
77374,52,53,-1,1
77375,115,108,7,7
77376,188,189,-1,1
77377,187,166,21,21
77378,84,80,4,4
77379,124,119,5,5
77380,95,93,2,2
77381,79,79,0,0
77382,72,69,3,3
77383,68,67,1,1
77384,116,125,-9,9
77385,83,71,12,12
77386,94,94,0,0
77387,63,58,5,5
77388,200,204,-4,4
77389,61,62,-1,1
77390,148,148,0,0
77391,56,61,-5,5
77392,110,101,9,9
77393,94,102,-8,8
77394,59,69,-10,10
77395,76,71,5,5
77396,67,80,-13,13
77397,102,100,2,2
77398,165,157,8,8
77399,79,86,-7,7
77400,74,67,7,7
77401,136,129,7,7
77402,116,114,2,2
77403,95,101,-6,6
77404,112,118,-6,6
77405,65,75,-10,10
77406,43,53,-10,10
77407,92,95,-3,3
77408,48,53,-5,5
77409,75,75,0,0
77410,118,125,-7,7
77411,99,96,3,3
77412,101,99,2,2
77413,41,65,-24,24
77414,78,90,-12,12
77415,129,113,16,16
77416,109,118,-9,9
77417,81,88,-7,7
77418,167,160,7,7
77419,55,79,-24,24
77420,202,173,29,29
77421,118,114,4,4
77422,122,127,-5,5
77423,67,69,-2,2
77424,67,65,2,2
77425,54,60,-6,6
77426,54,59,-5,5
77427,89,102,-13,13
77428,107,108,-1,1
77429,94,97,-3,3
77430,72,70,2,2
77431,127,126,1,1
77432,84,102,-18,18
77433,64,63,1,1
77434,96,96,0,0
77435,116,117,-1,1
77436,127,112,15,15
77437,128,125,3,3
77438,118,131,-13,13
77439,62,65,-3,3
77440,73,65,8,8
77441,36,42,-6,6
77442,165,142,23,23
77443,100,108,-8,8
77444,65,72,-7,7
77445,75,87,-12,12
77446,75,95,-20,20
77447,97,99,-2,2
77448,93,116,-23,23
77449,57,57,0,0
77450,59,69,-10,10
77451,85,86,-1,1
77452,99,115,-16,16
77453,87,96,-9,9
77454,102,116,-14,14
77455,75,79,-4,4
77456,92,97,-5,5
77457,79,88,-9,9
77458,50,59,-9,9
77459,48,58,-10,10
77460,217,181,36,36
77461,132,120,12,12
77462,101,105,-4,4
77463,82,83,-1,1
77464,116,119,-3,3
77465,112,98,14,14
77466,66,80,-14,14
77467,81,87,-6,6
77468,56,55,1,1
77469,97,92,5,5
77470,84,85,-1,1
77471,37,47,-10,10
77472,74,73,1,1
77473,127,131,-4,4
77474,54,57,-3,3
77475,80,77,3,3
77476,57,59,-2,2
77477,106,82,24,24
77478,91,91,0,0
77479,103,95,8,8
77480,114,98,16,16
77481,131,129,2,2
77482,85,76,9,9
77483,85,92,-7,7
77484,93,87,6,6
77485,74,72,2,2
77486,88,85,3,3
77487,52,51,1,1
77488,41,40,1,1
77489,82,85,-3,3
77490,112,101,11,11
77491,67,74,-7,7
77492,69,79,-10,10
77493,150,130,20,20
77494,93,98,-5,5
77495,63,60,3,3
77496,95,92,3,3
77497,46,52,-6,6
77498,72,76,-4,4
77499,77,79,-2,2
77500,87,101,-14,14
77501,121,137,-16,16
77502,149,124,25,25
77503,82,75,7,7
77504,57,59,-2,2
77505,127,104,23,23
77506,103,114,-11,11
77507,96,99,-3,3
77508,82,77,5,5
77509,161,154,7,7
77510,133,118,15,15
77511,73,73,0,0
77512,71,59,12,12
77513,168,118,50,50
77514,137,140,-3,3
77515,72,64,8,8
77516,77,82,-5,5
77517,114,101,13,13
77518,115,104,11,11
77519,70,62,8,8
77520,78,82,-4,4
77521,118,102,16,16
77522,88,84,4,4
77523,81,80,1,1
77524,118,115,3,3
77525,60,61,-1,1
77526,98,96,2,2
77527,99,91,8,8
77528,55,60,-5,5
77529,100,97,3,3
77530,75,80,-5,5
77531,77,64,13,13
77532,139,143,-4,4
77533,99,89,10,10
77534,106,109,-3,3
77535,92,97,-5,5
77536,87,87,0,0
77537,55,67,-12,12
77538,89,104,-15,15
77539,106,121,-15,15
77540,161,173,-12,12
77541,72,72,0,0
77542,119,103,16,16
77543,90,83,7,7
77544,110,110,0,0
77545,51,61,-10,10
77546,63,68,-5,5
77547,42,58,-16,16
77548,85,82,3,3
77549,144,146,-2,2
77550,69,77,-8,8
77551,43,58,-15,15
77552,94,97,-3,3
77553,178,175,3,3
77554,80,80,0,0
77555,65,67,-2,2
77556,62,62,0,0
77557,62,62,0,0
77558,144,138,6,6
77559,102,104,-2,2
77560,104,106,-2,2
77561,45,57,-12,12
77562,57,57,0,0
77563,132,114,18,18
77564,105,111,-6,6
77565,99,103,-4,4
77566,60,70,-10,10
77567,72,72,0,0
77568,122,133,-11,11
77569,141,134,7,7
77570,94,88,6,6
77571,89,93,-4,4
77572,43,54,-11,11
77573,160,159,1,1
77574,84,77,7,7
77575,84,89,-5,5
77576,90,89,1,1
77577,68,71,-3,3
77578,189,177,12,12
77579,77,82,-5,5
77580,59,63,-4,4
77581,139,151,-12,12
77582,98,103,-5,5
77583,147,132,15,15
77584,158,141,17,17
77585,97,93,4,4
77586,109,100,9,9
77587,112,108,4,4
77588,74,72,2,2
77589,155,143,12,12
77590,75,71,4,4
77591,129,135,-6,6
77592,189,190,-1,1
77593,98,101,-3,3
77594,68,69,-1,1
77595,100,100,0,0
77596,136,106,30,30
77597,144,130,14,14
77598,123,124,-1,1
77599,60,63,-3,3
77600,131,123,8,8
77601,74,83,-9,9
77602,148,125,23,23
77603,112,103,9,9
77604,60,58,2,2
77605,89,94,-5,5
77606,83,93,-10,10
77607,100,84,16,16
77608,70,78,-8,8
77609,119,116,3,3
77610,52,67,-15,15
77611,72,63,9,9
77612,127,111,16,16
77613,82,83,-1,1
77614,65,68,-3,3
77615,75,75,0,0
77616,65,74,-9,9
77617,80,105,-25,25
77618,95,123,-28,28
77619,74,83,-9,9
77620,107,106,1,1
77621,63,68,-5,5
77622,117,111,6,6
77623,83,78,5,5
77624,74,71,3,3
77625,56,66,-10,10
77626,143,148,-5,5
77627,61,72,-11,11
77628,92,107,-15,15
77629,147,156,-9,9
77630,68,80,-12,12
77631,95,85,10,10
77632,80,91,-11,11
77633,129,123,6,6
77634,133,152,-19,19
77635,47,61,-14,14
77636,65,62,3,3
77637,85,83,2,2
77638,100,97,3,3
77639,113,109,4,4
77640,104,98,6,6
77641,70,70,0,0
77642,16,36,-20,20
77643,102,95,7,7
77644,125,125,0,0
77645,83,92,-9,9
77646,114,110,4,4
77647,150,153,-3,3
77648,164,142,22,22
77649,97,103,-6,6
77650,71,72,-1,1
77651,78,79,-1,1
77652,128,109,19,19
77653,111,111,0,0
77654,78,76,2,2
77655,83,84,-1,1
77656,84,80,4,4
77657,81,84,-3,3
77658,103,118,-15,15
77659,91,98,-7,7
77660,79,70,9,9
77661,84,85,-1,1
77662,143,124,19,19
77663,97,100,-3,3
77664,85,78,7,7
77665,120,119,1,1
77666,88,101,-13,13
77667,114,100,14,14
77668,116,111,5,5
77669,72,79,-7,7
77670,101,96,5,5
77671,129,138,-9,9
77672,119,100,19,19
77673,86,89,-3,3
77674,75,83,-8,8
77675,76,75,1,1
77676,84,84,0,0
77677,75,82,-7,7
77678,124,130,-6,6
77679,177,196,-19,19
77680,75,78,-3,3
77681,117,125,-8,8
77682,99,162,-63,63
77683,50,48,2,2
77684,70,73,-3,3
77685,115,98,17,17
77686,60,60,0,0
77687,96,83,13,13
77688,142,128,14,14
77689,87,82,5,5
77690,112,120,-8,8
77691,116,102,14,14
77692,56,55,1,1
77693,158,156,2,2
77694,188,177,11,11
77695,181,161,20,20
77696,104,89,15,15
77697,159,164,-5,5
77698,122,124,-2,2
77699,69,75,-6,6
77700,105,99,6,6
77701,84,93,-9,9
77702,80,79,1,1
77703,62,62,0,0
77704,75,65,10,10
77705,72,84,-12,12
77706,86,82,4,4
77707,99,92,7,7
77708,59,62,-3,3
77709,104,106,-2,2
77710,78,80,-2,2
77711,97,102,-5,5
77712,129,124,5,5
77713,64,75,-11,11
77714,105,106,-1,1
77715,93,87,6,6
77716,92,94,-2,2
77717,40,47,-7,7
77718,98,104,-6,6
77719,132,138,-6,6
77720,67,74,-7,7
77721,51,84,-33,33
77722,81,96,-15,15
77723,142,153,-11,11
77724,145,134,11,11
77725,72,65,7,7
77726,102,105,-3,3
77727,87,87,0,0
77728,111,102,9,9
77729,80,84,-4,4
77730,85,105,-20,20
77731,144,130,14,14
77732,66,72,-6,6
77733,98,96,2,2
77734,91,91,0,0
77735,61,74,-13,13
77736,46,58,-12,12
77737,89,99,-10,10
77738,105,97,8,8
77739,102,90,12,12
77740,100,108,-8,8
77741,58,66,-8,8
77742,116,119,-3,3
77743,73,76,-3,3
77744,96,91,5,5
77745,89,82,7,7
77746,79,84,-5,5
77747,74,77,-3,3
77748,100,84,16,16
77749,35,45,-10,10
77750,49,53,-4,4
77751,79,84,-5,5
77752,102,105,-3,3
77753,104,89,15,15
77754,198,162,36,36
77755,136,133,3,3
77756,62,68,-6,6
77757,100,104,-4,4
77758,89,87,2,2
77759,131,131,0,0
77760,82,75,7,7
77761,157,132,25,25
77762,71,76,-5,5
77763,54,56,-2,2
77764,115,111,4,4
77765,80,85,-5,5
77766,69,71,-2,2
77767,80,75,5,5
77768,89,90,-1,1
77769,91,87,4,4
77770,171,152,19,19
77771,86,83,3,3
77772,120,115,5,5
77773,72,76,-4,4
77774,67,70,-3,3
77775,122,146,-24,24
77776,71,58,13,13
77777,119,121,-2,2
77778,80,83,-3,3
77779,110,109,1,1
77780,47,55,-8,8
77781,193,175,18,18
77782,80,79,1,1
77783,52,72,-20,20
77784,61,70,-9,9
77785,90,121,-31,31
77786,85,86,-1,1
77787,74,69,5,5
77788,85,95,-10,10
77789,125,146,-21,21
77790,150,142,8,8
77791,89,90,-1,1
77792,93,93,0,0
77793,131,128,3,3
77794,66,74,-8,8
77795,78,77,1,1
77796,151,157,-6,6
77797,91,85,6,6
77798,75,85,-10,10
77799,39,39,0,0
77800,54,58,-4,4
77801,106,98,8,8
77802,128,135,-7,7
77803,49,61,-12,12
77804,124,122,2,2
77805,76,82,-6,6
77806,89,87,2,2
77807,48,51,-3,3
77808,135,159,-24,24
77809,108,97,11,11
77810,113,124,-11,11
77811,97,95,2,2
77812,155,154,1,1
77813,154,154,0,0
77814,118,108,10,10
77815,87,78,9,9
77816,56,67,-11,11
77817,56,72,-16,16
77818,70,84,-14,14
77819,45,57,-12,12
77820,49,72,-23,23
77821,91,80,11,11
77822,76,70,6,6
77823,81,100,-19,19
77824,121,127,-6,6
77825,109,111,-2,2
77826,72,79,-7,7
77827,75,77,-2,2
77828,35,50,-15,15
77829,90,97,-7,7
77830,132,124,8,8
77831,140,177,-37,37
77832,75,84,-9,9
77833,76,76,0,0
77834,111,129,-18,18
77835,92,102,-10,10
77836,120,128,-8,8
77837,119,115,4,4
77838,78,82,-4,4
77839,86,91,-5,5
77840,60,67,-7,7
77841,158,145,13,13
77842,94,84,10,10
77843,126,119,7,7
77844,112,102,10,10
77845,112,106,6,6
77846,73,74,-1,1
77847,94,100,-6,6
77848,133,120,13,13
77849,70,61,9,9
77850,83,78,5,5
77851,117,116,1,1
77852,104,102,2,2
77853,109,111,-2,2
77854,173,146,27,27
77855,55,71,-16,16
77856,46,53,-7,7
77857,36,44,-8,8
77858,76,77,-1,1
77859,136,128,8,8
77860,102,98,4,4
77861,110,114,-4,4
77862,94,89,5,5
77863,80,80,0,0
77864,149,143,6,6
77865,249,238,11,11
77866,150,140,10,10
77867,49,58,-9,9
77868,58,58,0,0
77869,54,56,-2,2
77870,83,73,10,10
77871,119,105,14,14
77872,58,80,-22,22
77873,123,117,6,6
77874,125,119,6,6
77875,115,127,-12,12
77876,74,85,-11,11
77877,71,67,4,4
77878,162,149,13,13
77879,96,105,-9,9
77880,63,47,16,16
77881,87,90,-3,3
77882,74,61,13,13
77883,70,86,-16,16
77884,114,105,9,9
77885,72,68,4,4
77886,58,69,-11,11
77887,117,108,9,9
77888,77,94,-17,17
77889,57,63,-6,6
77890,142,125,17,17
77891,57,70,-13,13
77892,77,74,3,3
77893,100,127,-27,27
77894,92,103,-11,11
77895,53,60,-7,7
77896,98,100,-2,2
77897,96,96,0,0
77898,67,71,-4,4
77899,69,72,-3,3
77900,108,114,-6,6
77901,97,87,10,10
77902,75,71,4,4
77903,97,98,-1,1
77904,127,124,3,3
77905,87,80,7,7
77906,86,87,-1,1
77907,84,75,9,9
77908,86,83,3,3
77909,88,90,-2,2
77910,97,93,4,4
77911,86,89,-3,3
77912,79,89,-10,10
77913,183,171,12,12
77914,97,106,-9,9
77915,136,142,-6,6
77916,78,79,-1,1
77917,128,126,2,2
77918,116,110,6,6
77919,167,163,4,4
77920,143,130,13,13
77921,72,84,-12,12
77922,101,95,6,6
77923,89,86,3,3
77924,63,66,-3,3
77925,136,123,13,13
77926,129,128,1,1
77927,77,81,-4,4
77928,70,80,-10,10
77929,114,108,6,6
77930,100,114,-14,14
77931,133,119,14,14
77932,130,138,-8,8
77933,64,62,2,2
77934,105,106,-1,1
77935,171,146,25,25
77936,120,103,17,17
77937,95,102,-7,7
77938,72,81,-9,9
77939,75,70,5,5
77940,110,104,6,6
77941,119,115,4,4
77942,184,174,10,10
77943,132,141,-9,9
77944,128,134,-6,6
77945,78,91,-13,13
77946,124,131,-7,7
77947,123,131,-8,8
77948,105,96,9,9
77949,51,61,-10,10
77950,89,106,-17,17
77951,58,62,-4,4
77952,112,111,1,1
77953,97,88,9,9
77954,95,102,-7,7
77955,79,81,-2,2
77956,85,81,4,4
77957,135,116,19,19
77958,127,124,3,3
77959,95,85,10,10
77960,141,143,-2,2
77961,76,77,-1,1
77962,63,60,3,3
77963,106,91,15,15
77964,95,82,13,13
77965,91,86,5,5
77966,147,139,8,8
77967,124,114,10,10
77968,88,79,9,9
77969,70,71,-1,1
77970,80,96,-16,16
77971,41,46,-5,5
77972,59,62,-3,3
77973,97,103,-6,6
77974,61,63,-2,2
77975,148,141,7,7
77976,106,109,-3,3
77977,102,121,-19,19
77978,66,54,12,12
77979,75,68,7,7
77980,98,94,4,4
77981,58,52,6,6
77982,59,65,-6,6
77983,53,57,-4,4
77984,53,76,-23,23
77985,121,111,10,10
77986,101,92,9,9
77987,145,142,3,3
77988,57,63,-6,6
77989,74,70,4,4
77990,65,66,-1,1
77991,79,87,-8,8
77992,117,73,44,44
77993,65,63,2,2
77994,64,70,-6,6
77995,81,76,5,5
77996,125,106,19,19
77997,67,67,0,0
77998,69,74,-5,5
77999,59,62,-3,3
78000,126,122,4,4
78001,106,110,-4,4
78002,63,65,-2,2
78003,89,91,-2,2
78004,120,102,18,18
78005,97,97,0,0
78006,70,72,-2,2
78007,116,128,-12,12
78008,77,66,11,11
78009,49,51,-2,2
78010,71,68,3,3
78011,64,81,-17,17
78012,72,68,4,4
78013,128,118,10,10
78014,98,94,4,4
78015,66,72,-6,6
78016,112,120,-8,8
78017,51,70,-19,19
78018,85,84,1,1
78019,100,90,10,10
78020,92,82,10,10
78021,111,110,1,1
78022,100,121,-21,21
78023,96,103,-7,7
78024,166,161,5,5
78025,137,133,4,4
78026,72,73,-1,1
78027,115,119,-4,4
78028,88,77,11,11
78029,91,96,-5,5
78030,103,80,23,23
78031,47,50,-3,3
78032,86,88,-2,2
78033,136,129,7,7
78034,157,164,-7,7
78035,124,146,-22,22
78036,137,146,-9,9
78037,101,93,8,8
78038,74,64,10,10
78039,85,81,4,4
78040,45,46,-1,1
78041,168,146,22,22
78042,115,106,9,9
78043,116,123,-7,7
78044,84,96,-12,12
78045,102,105,-3,3
78046,59,64,-5,5
78047,106,117,-11,11
78048,60,59,1,1
78049,123,123,0,0
78050,85,79,6,6
78051,60,62,-2,2
78052,82,69,13,13
78053,160,151,9,9
78054,82,82,0,0
78055,83,80,3,3
78056,73,75,-2,2
78057,113,111,2,2
78058,95,90,5,5
78059,100,96,4,4
78060,40,48,-8,8
78061,80,77,3,3
78062,110,111,-1,1
78063,144,137,7,7
78064,115,106,9,9
78065,64,85,-21,21
78066,119,116,3,3
78067,102,107,-5,5
78068,159,148,11,11
78069,104,101,3,3
78070,91,89,2,2
78071,133,135,-2,2
78072,98,95,3,3
78073,96,100,-4,4
78074,134,135,-1,1
78075,160,155,5,5
78076,59,72,-13,13
78077,74,76,-2,2
78078,106,101,5,5
78079,64,65,-1,1
78080,90,103,-13,13
78081,67,66,1,1
78082,100,110,-10,10
78083,68,64,4,4
78084,159,163,-4,4
78085,87,86,1,1
78086,123,130,-7,7
78087,78,86,-8,8
78088,95,94,1,1
78089,56,69,-13,13
78090,102,103,-1,1
78091,108,78,30,30
78092,73,70,3,3
78093,111,109,2,2
78094,137,140,-3,3
78095,84,87,-3,3
78096,89,79,10,10
78097,70,82,-12,12
78098,78,74,4,4
78099,152,157,-5,5
78100,81,76,5,5
78101,49,56,-7,7
78102,69,71,-2,2
78103,102,102,0,0
78104,62,61,1,1
78105,91,85,6,6
78106,72,46,26,26
78107,47,46,1,1
78108,184,160,24,24
78109,103,101,2,2
78110,69,74,-5,5
78111,51,67,-16,16
78112,120,127,-7,7
78113,105,94,11,11
78114,46,58,-12,12
78115,75,81,-6,6
78116,71,78,-7,7
78117,45,52,-7,7
78118,80,93,-13,13
78119,79,86,-7,7
78120,78,76,2,2
78121,62,70,-8,8
78122,86,91,-5,5
78123,122,125,-3,3
78124,101,103,-2,2
78125,72,72,0,0
78126,141,147,-6,6
78127,69,70,-1,1
78128,93,97,-4,4
78129,55,55,0,0
78130,121,117,4,4
78131,105,116,-11,11
78132,99,87,12,12
78133,195,176,19,19
78134,76,73,3,3
78135,124,113,11,11
78136,100,87,13,13
78137,152,133,19,19
78138,108,103,5,5
78139,49,52,-3,3
78140,176,161,15,15
78141,104,200,-96,96
78142,81,66,15,15
78143,97,92,5,5
78144,58,61,-3,3
78145,110,99,11,11
78146,55,59,-4,4
78147,69,69,0,0
78148,107,134,-27,27
78149,71,72,-1,1
78150,88,101,-13,13
78151,43,56,-13,13
78152,117,111,6,6
78153,81,67,14,14
78154,75,77,-2,2
78155,108,116,-8,8
78156,63,66,-3,3
78157,74,75,-1,1
78158,68,71,-3,3
78159,62,64,-2,2
78160,52,60,-8,8
78161,78,82,-4,4
78162,108,113,-5,5
78163,188,168,20,20
78164,61,66,-5,5
78165,77,80,-3,3
78166,97,89,8,8
78167,67,61,6,6
78168,77,105,-28,28
78169,91,91,0,0
78170,69,67,2,2
78171,131,133,-2,2
78172,56,56,0,0
78173,49,59,-10,10
78174,126,119,7,7
78175,114,112,2,2
78176,90,83,7,7
78177,75,82,-7,7
78178,83,86,-3,3
78179,92,108,-16,16
78180,83,89,-6,6
78181,89,86,3,3
78182,85,86,-1,1
78183,70,68,2,2
78184,108,99,9,9
78185,71,76,-5,5
78186,68,65,3,3
78187,70,75,-5,5
78188,107,110,-3,3
78189,58,69,-11,11
78190,51,55,-4,4
78191,55,67,-12,12
78192,161,163,-2,2
78193,46,52,-6,6
78194,92,98,-6,6
78195,154,159,-5,5
78196,83,78,5,5
78197,128,126,2,2
78198,73,80,-7,7
78199,87,87,0,0
78200,122,112,10,10
78201,108,93,15,15
78202,76,87,-11,11
78203,59,73,-14,14
78204,83,86,-3,3
78205,92,102,-10,10
78206,96,100,-4,4
78207,105,84,21,21
78208,58,62,-4,4
78209,81,75,6,6
78210,110,103,7,7
78211,44,59,-15,15
78212,81,73,8,8
78213,63,67,-4,4
78214,78,72,6,6
78215,68,76,-8,8
78216,120,121,-1,1
78217,181,166,15,15
78218,141,135,6,6
78219,178,174,4,4
78220,64,60,4,4
78221,72,77,-5,5
78222,45,52,-7,7
78223,143,126,17,17
78224,145,137,8,8
78225,111,115,-4,4
78226,86,93,-7,7
78227,125,113,12,12
78228,79,76,3,3
78229,67,74,-7,7
78230,173,168,5,5
78231,81,89,-8,8
78232,88,100,-12,12
78233,63,62,1,1
78234,66,95,-29,29
78235,96,91,5,5
78236,100,91,9,9
78237,57,57,0,0
78238,125,112,13,13
78239,156,136,20,20
78240,125,128,-3,3
78241,133,137,-4,4
78242,66,63,3,3
78243,159,161,-2,2
78244,44,72,-28,28
78245,67,69,-2,2
78246,105,109,-4,4
78247,77,83,-6,6
78248,64,64,0,0
78249,62,103,-41,41
78250,69,65,4,4
78251,163,158,5,5
78252,62,69,-7,7
78253,50,52,-2,2
78254,100,105,-5,5
78255,108,100,8,8
78256,70,70,0,0
78257,97,94,3,3
78258,83,72,11,11
78259,137,157,-20,20
78260,70,72,-2,2
78261,122,102,20,20
78262,79,89,-10,10
78263,52,70,-18,18
78264,86,93,-7,7
78265,93,91,2,2
78266,93,117,-24,24
78267,62,64,-2,2
78268,109,103,6,6
78269,107,102,5,5
78270,83,78,5,5
78271,57,61,-4,4
78272,61,63,-2,2
78273,43,47,-4,4
78274,156,151,5,5
78275,102,101,1,1
78276,56,68,-12,12
78277,199,186,13,13
78278,103,111,-8,8
78279,77,73,4,4
78280,147,156,-9,9
78281,99,115,-16,16
78282,74,110,-36,36
78283,71,75,-4,4
78284,142,154,-12,12
78285,72,72,0,0
78286,28,43,-15,15
78287,99,110,-11,11
78288,145,167,-22,22
78289,51,58,-7,7
78290,132,134,-2,2
78291,102,105,-3,3
78292,69,66,3,3
78293,142,139,3,3
78294,52,52,0,0
78295,87,92,-5,5
78296,122,130,-8,8
78297,93,93,0,0
78298,85,96,-11,11
78299,101,99,2,2
78300,88,92,-4,4
78301,64,63,1,1
78302,131,128,3,3
78303,91,89,2,2
78304,174,157,17,17
78305,50,52,-2,2
78306,78,85,-7,7
78307,76,83,-7,7
78308,118,116,2,2
78309,56,55,1,1
78310,53,53,0,0
78311,98,98,0,0
78312,119,130,-11,11
78313,133,120,13,13
78314,66,62,4,4
78315,117,126,-9,9
78316,94,93,1,1
78317,79,86,-7,7
78318,114,110,4,4
78319,96,89,7,7
78320,81,93,-12,12
78321,83,82,1,1
78322,74,75,-1,1
78323,89,80,9,9
78324,73,87,-14,14
78325,160,159,1,1
78326,120,121,-1,1
78327,52,56,-4,4
78328,127,137,-10,10
78329,93,91,2,2
78330,108,118,-10,10
78331,95,92,3,3
78332,75,79,-4,4
78333,124,109,15,15
78334,90,95,-5,5
78335,101,107,-6,6
78336,44,50,-6,6
78337,113,116,-3,3
78338,64,66,-2,2
78339,135,129,6,6
78340,147,144,3,3
78341,112,122,-10,10
78342,63,67,-4,4
78343,91,98,-7,7
78344,93,75,18,18
78345,116,116,0,0
78346,124,123,1,1
78347,127,119,8,8
78348,114,124,-10,10
78349,137,108,29,29
78350,56,67,-11,11
78351,54,78,-24,24
78352,78,84,-6,6
78353,71,67,4,4
78354,72,75,-3,3
78355,67,77,-10,10
78356,48,51,-3,3
78357,115,133,-18,18
78358,53,57,-4,4
78359,95,99,-4,4
78360,56,75,-19,19
78361,45,45,0,0
78362,209,182,27,27
78363,85,97,-12,12
78364,80,79,1,1
78365,139,140,-1,1
78366,64,67,-3,3
78367,83,90,-7,7
78368,121,115,6,6
78369,102,116,-14,14
78370,94,96,-2,2
78371,119,115,4,4
78372,59,64,-5,5
78373,61,86,-25,25
78374,74,73,1,1
78375,76,74,2,2
78376,91,95,-4,4
78377,132,123,9,9
78378,54,64,-10,10
78379,74,80,-6,6
78380,96,96,0,0
78381,60,66,-6,6
78382,91,97,-6,6
78383,102,102,0,0
78384,131,132,-1,1
78385,95,87,8,8
78386,35,45,-10,10
78387,70,82,-12,12
78388,115,104,11,11
78389,63,66,-3,3
78390,70,80,-10,10
78391,73,71,2,2
78392,79,82,-3,3
78393,114,120,-6,6
78394,75,87,-12,12
78395,103,99,4,4
78396,111,114,-3,3
78397,110,109,1,1
78398,55,62,-7,7
78399,89,92,-3,3
78400,53,63,-10,10
78401,114,90,24,24
78402,104,106,-2,2
78403,45,47,-2,2
78404,122,118,4,4
78405,72,77,-5,5
78406,140,135,5,5
78407,132,126,6,6
78408,127,169,-42,42
78409,133,129,4,4
78410,66,63,3,3
78411,99,94,5,5
78412,112,114,-2,2
78413,104,87,17,17
78414,143,146,-3,3
78415,107,106,1,1
78416,122,113,9,9
78417,166,170,-4,4
78418,169,164,5,5
78419,165,184,-19,19
78420,147,128,19,19
78421,63,61,2,2
78422,71,81,-10,10
78423,59,57,2,2
78424,127,131,-4,4
78425,168,154,14,14
78426,43,53,-10,10
78427,103,102,1,1
78428,109,104,5,5
78429,99,106,-7,7
78430,71,77,-6,6
78431,94,106,-12,12
78432,104,106,-2,2
78433,96,102,-6,6
78434,85,78,7,7
78435,122,104,18,18
78436,85,82,3,3
78437,49,58,-9,9
78438,44,57,-13,13
78439,65,63,2,2
78440,78,80,-2,2
78441,117,117,0,0
78442,103,105,-2,2
78443,106,99,7,7
78444,97,100,-3,3
78445,167,177,-10,10
78446,50,56,-6,6
78447,134,138,-4,4
78448,100,109,-9,9
78449,81,91,-10,10
78450,108,129,-21,21
78451,55,62,-7,7
78452,82,86,-4,4
78453,94,116,-22,22
78454,94,95,-1,1
78455,61,67,-6,6
78456,141,148,-7,7
78457,79,84,-5,5
78458,71,76,-5,5
78459,48,53,-5,5
78460,140,132,8,8
78461,70,90,-20,20
78462,63,59,4,4
78463,137,130,7,7
78464,40,44,-4,4
78465,103,104,-1,1
78466,67,77,-10,10
78467,82,77,5,5
78468,119,124,-5,5
78469,131,130,1,1
78470,77,97,-20,20
78471,98,97,1,1
78472,148,162,-14,14
78473,91,83,8,8
78474,95,99,-4,4
78475,60,59,1,1
78476,72,73,-1,1
78477,123,121,2,2
78478,68,69,-1,1
78479,124,122,2,2
78480,128,131,-3,3
78481,114,124,-10,10
78482,90,97,-7,7
78483,108,109,-1,1
78484,114,104,10,10
78485,33,59,-26,26
78486,95,102,-7,7
78487,113,111,2,2
78488,57,59,-2,2
78489,71,70,1,1
78490,110,129,-19,19
78491,67,69,-2,2
78492,59,65,-6,6
78493,105,100,5,5
78494,132,120,12,12
78495,93,100,-7,7
78496,90,101,-11,11
78497,134,125,9,9
78498,32,41,-9,9
78499,108,150,-42,42
78500,81,79,2,2
78501,94,95,-1,1
78502,116,124,-8,8
78503,131,124,7,7
78504,63,73,-10,10
78505,96,90,6,6
78506,71,63,8,8
78507,71,65,6,6
78508,79,74,5,5
78509,115,118,-3,3
78510,48,62,-14,14
78511,85,82,3,3
78512,113,105,8,8
78513,89,88,1,1
78514,131,112,19,19
78515,91,98,-7,7
78516,72,73,-1,1
78517,169,144,25,25
78518,133,146,-13,13
78519,176,100,76,76
78520,118,125,-7,7
78521,71,83,-12,12
78522,65,65,0,0
78523,144,127,17,17
78524,72,91,-19,19
78525,70,74,-4,4
78526,70,72,-2,2
78527,117,108,9,9
78528,97,92,5,5
78529,57,60,-3,3
78530,61,86,-25,25
78531,80,80,0,0
78532,92,93,-1,1
78533,85,93,-8,8
78534,125,115,10,10
78535,90,98,-8,8
78536,80,71,9,9
78537,71,77,-6,6
78538,149,135,14,14
78539,69,56,13,13
78540,104,105,-1,1
78541,95,94,1,1
78542,129,110,19,19
78543,144,136,8,8
78544,61,71,-10,10
78545,130,126,4,4
78546,144,132,12,12
78547,39,47,-8,8
78548,114,113,1,1
78549,48,48,0,0
78550,94,94,0,0
78551,92,85,7,7
78552,101,96,5,5
78553,79,102,-23,23
78554,113,104,9,9
78555,69,80,-11,11
78556,41,48,-7,7
78557,69,74,-5,5
78558,108,109,-1,1
78559,66,67,-1,1
78560,93,93,0,0
78561,86,81,5,5
78562,79,85,-6,6
78563,80,88,-8,8
78564,87,108,-21,21
78565,179,153,26,26
78566,67,46,21,21
78567,71,81,-10,10
78568,86,74,12,12
78569,92,98,-6,6
78570,109,117,-8,8
78571,45,62,-17,17
78572,84,86,-2,2
78573,158,143,15,15
78574,92,95,-3,3
78575,75,68,7,7
78576,84,91,-7,7
78577,65,72,-7,7
78578,104,91,13,13
78579,44,46,-2,2
78580,198,166,32,32
78581,124,108,16,16
78582,134,125,9,9
78583,122,114,8,8
78584,77,74,3,3
78585,103,98,5,5
78586,98,97,1,1
78587,59,58,1,1
78588,87,71,16,16
78589,74,58,16,16
78590,67,74,-7,7
78591,85,73,12,12
78592,79,73,6,6
78593,96,93,3,3
78594,121,118,3,3
78595,98,123,-25,25
78596,145,136,9,9
78597,110,91,19,19
78598,144,147,-3,3
78599,85,82,3,3
78600,114,121,-7,7
78601,95,89,6,6
78602,51,62,-11,11
78603,97,97,0,0
78604,81,67,14,14
78605,81,80,1,1
78606,85,94,-9,9
78607,154,150,4,4
78608,125,124,1,1
78609,97,99,-2,2
78610,161,144,17,17
78611,144,131,13,13
78612,127,129,-2,2
78613,88,90,-2,2
78614,180,149,31,31
78615,90,96,-6,6
78616,66,68,-2,2
78617,95,103,-8,8
78618,94,103,-9,9
78619,75,81,-6,6
78620,65,70,-5,5
78621,111,122,-11,11
78622,67,68,-1,1
78623,86,81,5,5
78624,141,138,3,3
78625,102,96,6,6
78626,142,149,-7,7
78627,188,198,-10,10
78628,62,54,8,8
78629,104,119,-15,15
78630,63,65,-2,2
78631,100,96,4,4
78632,148,148,0,0
78633,103,110,-7,7
78634,122,120,2,2
78635,69,73,-4,4
78636,89,87,2,2
78637,113,101,12,12
78638,135,130,5,5
78639,158,150,8,8
78640,74,71,3,3
78641,54,60,-6,6
78642,106,110,-4,4
78643,56,82,-26,26
78644,113,110,3,3
78645,95,75,20,20
78646,134,134,0,0
78647,73,73,0,0
78648,51,54,-3,3
78649,50,51,-1,1
78650,33,41,-8,8
78651,130,130,0,0
78652,111,136,-25,25
78653,58,51,7,7
78654,103,105,-2,2
78655,136,131,5,5
78656,99,95,4,4
78657,99,93,6,6
78658,116,107,9,9
78659,149,129,20,20
78660,69,74,-5,5
78661,81,98,-17,17
78662,57,55,2,2
78663,85,81,4,4
78664,78,94,-16,16
78665,94,95,-1,1
78666,112,101,11,11
78667,141,122,19,19
78668,133,123,10,10
78669,85,98,-13,13
78670,100,105,-5,5
78671,62,64,-2,2
78672,121,118,3,3
78673,54,59,-5,5
78674,154,155,-1,1
78675,142,120,22,22
78676,104,120,-16,16
78677,103,101,2,2
78678,70,68,2,2
78679,118,101,17,17
78680,115,111,4,4
78681,145,141,4,4
78682,106,111,-5,5
78683,114,105,9,9
78684,87,99,-12,12
78685,155,135,20,20
78686,142,138,4,4
78687,132,131,1,1
78688,94,98,-4,4
78689,142,132,10,10
78690,150,148,2,2
78691,53,57,-4,4
78692,94,93,1,1
78693,85,100,-15,15
78694,62,69,-7,7
78695,53,55,-2,2
78696,81,84,-3,3
78697,175,173,2,2
78698,55,61,-6,6
78699,72,81,-9,9
78700,93,99,-6,6
78701,73,79,-6,6
78702,47,53,-6,6
78703,67,71,-4,4
78704,117,116,1,1
78705,104,112,-8,8
78706,76,77,-1,1
78707,99,84,15,15
78708,131,133,-2,2
78709,84,94,-10,10
78710,105,119,-14,14
78711,157,147,10,10
78712,111,120,-9,9
78713,91,103,-12,12
78714,74,84,-10,10
78715,79,75,4,4
78716,103,94,9,9
78717,119,112,7,7
78718,163,115,48,48
78719,69,71,-2,2
78720,112,103,9,9
78721,55,64,-9,9
78722,97,106,-9,9
78723,99,90,9,9
78724,58,63,-5,5
78725,125,115,10,10
78726,88,87,1,1
78727,81,74,7,7
78728,158,158,0,0
78729,55,50,5,5
78730,114,120,-6,6
78731,95,91,4,4
78732,87,116,-29,29
78733,139,110,29,29
78734,79,72,7,7
78735,75,59,16,16
78736,56,62,-6,6
78737,113,101,12,12
78738,148,147,1,1
78739,160,147,13,13
78740,97,93,4,4
78741,88,87,1,1
78742,89,89,0,0
78743,101,106,-5,5
78744,53,56,-3,3
78745,97,113,-16,16
78746,67,73,-6,6
78747,117,113,4,4
78748,72,65,7,7
78749,40,48,-8,8
78750,48,55,-7,7
78751,88,80,8,8
78752,95,62,33,33
78753,132,123,9,9
78754,63,66,-3,3
78755,95,100,-5,5
78756,84,87,-3,3
78757,33,41,-8,8
78758,70,68,2,2
78759,154,145,9,9
78760,163,150,13,13
78761,175,161,14,14
78762,92,93,-1,1
78763,150,147,3,3
78764,67,70,-3,3
78765,127,129,-2,2
78766,131,149,-18,18
78767,194,194,0,0
78768,113,117,-4,4
78769,106,117,-11,11
78770,88,83,5,5
78771,75,72,3,3
78772,56,71,-15,15
78773,86,99,-13,13
78774,66,64,2,2
78775,171,161,10,10
78776,127,119,8,8
78777,110,93,17,17
78778,93,95,-2,2
78779,89,95,-6,6
78780,72,83,-11,11
78781,98,94,4,4
78782,77,75,2,2
78783,93,97,-4,4
78784,112,103,9,9
78785,68,71,-3,3
78786,104,111,-7,7
78787,78,78,0,0
78788,69,77,-8,8
78789,48,53,-5,5
78790,65,76,-11,11
78791,109,116,-7,7
78792,90,111,-21,21
78793,141,131,10,10
78794,100,107,-7,7
78795,133,142,-9,9
78796,110,106,4,4
78797,54,54,0,0
78798,71,76,-5,5
78799,144,134,10,10
78800,57,55,2,2
78801,88,100,-12,12
78802,107,107,0,0
78803,128,130,-2,2
78804,93,100,-7,7
78805,136,148,-12,12
78806,107,102,5,5
78807,151,151,0,0
78808,114,110,4,4
78809,67,75,-8,8
78810,94,97,-3,3
78811,90,91,-1,1
78812,105,90,15,15
78813,132,125,7,7
78814,90,95,-5,5
78815,120,129,-9,9
78816,91,69,22,22
78817,155,146,9,9
78818,62,64,-2,2
78819,109,106,3,3
78820,100,104,-4,4
78821,160,146,14,14
78822,96,92,4,4
78823,104,118,-14,14
78824,93,94,-1,1
78825,72,77,-5,5
78826,59,68,-9,9
78827,74,71,3,3
78828,83,77,6,6
78829,92,79,13,13
78830,100,100,0,0
78831,87,83,4,4
78832,122,122,0,0
78833,78,77,1,1
78834,79,80,-1,1
78835,138,133,5,5
78836,158,135,23,23
78837,75,79,-4,4
78838,100,90,10,10
78839,134,133,1,1
78840,138,152,-14,14
78841,82,92,-10,10
78842,52,56,-4,4
78843,74,82,-8,8
78844,60,60,0,0
78845,49,48,1,1
78846,45,43,2,2
78847,83,82,1,1
78848,55,64,-9,9
78849,74,74,0,0
78850,96,87,9,9
78851,71,75,-4,4
78852,73,78,-5,5
78853,104,118,-14,14
78854,57,60,-3,3
78855,79,82,-3,3
78856,109,119,-10,10
78857,65,62,3,3
78858,129,149,-20,20
78859,75,74,1,1
78860,209,192,17,17
78861,102,92,10,10
78862,102,102,0,0
78863,142,131,11,11
78864,140,126,14,14
78865,44,49,-5,5
78866,102,110,-8,8
78867,89,79,10,10
78868,86,88,-2,2
78869,85,90,-5,5
78870,88,85,3,3
78871,77,83,-6,6
78872,123,122,1,1
78873,62,76,-14,14
78874,163,162,1,1
78875,114,120,-6,6
78876,55,66,-11,11
78877,112,110,2,2
78878,125,125,0,0
78879,123,107,16,16
78880,96,96,0,0
78881,111,99,12,12
78882,136,130,6,6
78883,75,79,-4,4
78884,134,136,-2,2
78885,77,87,-10,10
78886,98,111,-13,13
78887,94,87,7,7
78888,77,78,-1,1
78889,83,82,1,1
78890,97,108,-11,11
78891,82,80,2,2
78892,126,124,2,2
78893,159,185,-26,26
78894,100,98,2,2
78895,100,115,-15,15
78896,121,122,-1,1
78897,117,101,16,16
78898,81,88,-7,7
78899,90,91,-1,1
78900,68,63,5,5
78901,110,112,-2,2
78902,118,129,-11,11
78903,97,94,3,3
78904,81,79,2,2
78905,105,110,-5,5
78906,95,90,5,5
78907,66,87,-21,21
78908,109,109,0,0
78909,141,144,-3,3
78910,52,45,7,7
78911,80,77,3,3
78912,93,94,-1,1
78913,76,77,-1,1
78914,111,116,-5,5
78915,107,101,6,6
78916,132,124,8,8
78917,100,107,-7,7
78918,138,123,15,15
78919,122,126,-4,4
78920,105,110,-5,5
78921,85,87,-2,2
78922,96,72,24,24
78923,60,50,10,10
78924,106,100,6,6
78925,47,55,-8,8
78926,97,101,-4,4
78927,36,46,-10,10
78928,111,94,17,17
78929,121,121,0,0
78930,85,79,6,6
78931,95,112,-17,17
78932,78,79,-1,1
78933,113,121,-8,8
78934,72,69,3,3
78935,110,114,-4,4
78936,38,49,-11,11
78937,133,128,5,5
78938,52,69,-17,17
78939,49,54,-5,5
78940,57,61,-4,4
78941,209,161,48,48
78942,93,109,-16,16
78943,62,66,-4,4
78944,51,55,-4,4
78945,82,104,-22,22
78946,77,77,0,0
78947,165,144,21,21
78948,58,54,4,4
78949,108,104,4,4
78950,43,53,-10,10
78951,83,91,-8,8
78952,92,90,2,2
78953,127,124,3,3
78954,47,54,-7,7
78955,78,73,5,5
78956,62,26,36,36
78957,136,128,8,8
78958,121,127,-6,6
78959,79,84,-5,5
78960,83,87,-4,4
78961,100,102,-2,2
78962,86,106,-20,20
78963,89,94,-5,5
78964,74,73,1,1
78965,133,125,8,8
78966,107,98,9,9
78967,89,87,2,2
78968,72,67,5,5
78969,78,79,-1,1
78970,52,60,-8,8
78971,94,70,24,24
78972,107,102,5,5
78973,61,61,0,0
78974,224,197,27,27
78975,75,69,6,6
78976,53,56,-3,3
78977,95,100,-5,5
78978,63,62,1,1
78979,133,130,3,3
78980,45,47,-2,2
78981,65,66,-1,1
78982,93,88,5,5
78983,68,71,-3,3
78984,86,86,0,0
78985,116,111,5,5
78986,112,119,-7,7
78987,79,70,9,9
78988,83,82,1,1
78989,136,141,-5,5
78990,58,64,-6,6
78991,98,100,-2,2
78992,216,223,-7,7
78993,135,132,3,3
78994,87,90,-3,3
78995,99,101,-2,2
78996,85,79,6,6
78997,57,59,-2,2
78998,69,60,9,9
78999,72,74,-2,2
79000,42,60,-18,18
79001,50,58,-8,8
79002,120,119,1,1
79003,43,51,-8,8
79004,58,62,-4,4
79005,64,74,-10,10
79006,47,50,-3,3
79007,118,108,10,10
79008,91,120,-29,29
79009,115,117,-2,2
79010,132,138,-6,6
79011,124,123,1,1
79012,127,139,-12,12
79013,90,83,7,7
79014,142,136,6,6
79015,72,72,0,0
79016,91,97,-6,6
79017,93,95,-2,2
79018,159,161,-2,2
79019,76,84,-8,8
79020,89,96,-7,7
79021,127,113,14,14
79022,76,77,-1,1
79023,101,83,18,18
79024,95,96,-1,1
79025,82,83,-1,1
79026,109,111,-2,2
79027,108,102,6,6
79028,84,83,1,1
79029,184,187,-3,3
79030,77,74,3,3
79031,92,84,8,8
79032,57,65,-8,8
79033,104,95,9,9
79034,118,107,11,11
79035,111,124,-13,13
79036,78,66,12,12
79037,122,110,12,12
79038,72,70,2,2
79039,106,99,7,7
79040,61,61,0,0
79041,106,109,-3,3
79042,122,122,0,0
79043,119,118,1,1
79044,141,115,26,26
79045,114,116,-2,2
79046,124,123,1,1
79047,86,79,7,7
79048,43,61,-18,18
79049,177,163,14,14
79050,169,198,-29,29
79051,100,109,-9,9
79052,70,75,-5,5
79053,80,80,0,0
79054,82,81,1,1
79055,97,92,5,5
79056,112,107,5,5
79057,122,108,14,14
79058,62,64,-2,2
79059,146,126,20,20
79060,77,88,-11,11
79061,95,103,-8,8
79062,167,139,28,28
79063,62,97,-35,35
79064,112,145,-33,33
79065,56,60,-4,4
79066,126,119,7,7
79067,127,123,4,4
79068,221,201,20,20
79069,180,182,-2,2
79070,73,68,5,5
79071,53,55,-2,2
79072,82,94,-12,12
79073,58,56,2,2
79074,78,77,1,1
79075,130,127,3,3
79076,39,45,-6,6
79077,93,117,-24,24
79078,87,93,-6,6
79079,82,78,4,4
79080,130,143,-13,13
79081,74,79,-5,5
79082,93,95,-2,2
79083,69,82,-13,13
79084,57,56,1,1
79085,79,75,4,4
79086,120,119,1,1
79087,91,85,6,6
79088,99,117,-18,18
79089,100,96,4,4
79090,93,92,1,1
79091,78,86,-8,8
79092,82,90,-8,8
79093,242,225,17,17
79094,154,152,2,2
79095,63,67,-4,4
79096,52,54,-2,2
79097,106,102,4,4
79098,87,109,-22,22
79099,106,115,-9,9
79100,36,42,-6,6
79101,108,133,-25,25
79102,153,189,-36,36
79103,44,60,-16,16
79104,119,120,-1,1
79105,51,61,-10,10
79106,156,148,8,8
79107,114,119,-5,5
79108,123,114,9,9
79109,149,143,6,6
79110,90,85,5,5
79111,67,64,3,3
79112,179,176,3,3
79113,123,112,11,11
79114,88,87,1,1
79115,211,221,-10,10
79116,149,133,16,16
79117,58,65,-7,7
79118,85,80,5,5
79119,94,100,-6,6
79120,125,133,-8,8
79121,50,58,-8,8
79122,78,71,7,7
79123,91,94,-3,3
79124,166,173,-7,7
79125,89,82,7,7
79126,55,68,-13,13
79127,140,121,19,19
79128,122,120,2,2
79129,92,78,14,14
79130,59,58,1,1
79131,112,127,-15,15
79132,97,104,-7,7
79133,109,120,-11,11
79134,121,137,-16,16
79135,75,85,-10,10
79136,80,74,6,6
79137,104,106,-2,2
79138,130,131,-1,1
79139,148,158,-10,10
79140,54,50,4,4
79141,121,118,3,3
79142,65,83,-18,18
79143,51,63,-12,12
79144,142,126,16,16
79145,40,47,-7,7
79146,58,63,-5,5
79147,92,91,1,1
79148,71,72,-1,1
79149,96,90,6,6
79150,118,105,13,13
79151,54,59,-5,5
79152,91,106,-15,15
79153,70,72,-2,2
79154,85,81,4,4
79155,47,42,5,5
79156,137,137,0,0
79157,88,65,23,23
79158,73,72,1,1
79159,99,97,2,2
79160,68,66,2,2
79161,174,174,0,0
79162,119,122,-3,3
79163,84,85,-1,1
79164,103,118,-15,15
79165,174,170,4,4
79166,98,91,7,7
79167,86,72,14,14
79168,101,113,-12,12
79169,88,83,5,5
79170,78,71,7,7
79171,94,86,8,8
79172,131,133,-2,2
79173,104,98,6,6
79174,89,105,-16,16
79175,104,109,-5,5
79176,43,54,-11,11
79177,85,79,6,6
79178,66,60,6,6
79179,108,114,-6,6
79180,89,103,-14,14
79181,54,60,-6,6
79182,75,79,-4,4
79183,85,101,-16,16
79184,94,106,-12,12
79185,58,61,-3,3
79186,191,190,1,1
79187,63,64,-1,1
79188,73,66,7,7
79189,92,98,-6,6
79190,125,113,12,12
79191,90,80,10,10
79192,128,129,-1,1
79193,38,50,-12,12
79194,84,79,5,5
79195,85,85,0,0
79196,147,139,8,8
79197,54,54,0,0
79198,78,80,-2,2
79199,117,102,15,15
79200,78,86,-8,8
79201,83,88,-5,5
79202,125,152,-27,27
79203,108,116,-8,8
79204,94,100,-6,6
79205,45,52,-7,7
79206,120,106,14,14
79207,86,88,-2,2
79208,85,83,2,2
79209,50,49,1,1
79210,89,85,4,4
79211,90,85,5,5
79212,75,74,1,1
79213,110,112,-2,2
79214,82,77,5,5
79215,140,126,14,14
79216,102,110,-8,8
79217,78,77,1,1
79218,90,100,-10,10
79219,49,54,-5,5
79220,60,63,-3,3
79221,128,145,-17,17
79222,91,95,-4,4
79223,94,92,2,2
79224,101,96,5,5
79225,90,92,-2,2
79226,115,103,12,12
79227,111,101,10,10
79228,110,118,-8,8
79229,64,71,-7,7
79230,112,97,15,15
79231,88,76,12,12
79232,108,101,7,7
79233,100,99,1,1
79234,66,63,3,3
79235,142,131,11,11
79236,64,63,1,1
79237,140,130,10,10
79238,124,115,9,9
79239,66,64,2,2
79240,99,100,-1,1
79241,78,74,4,4
79242,103,117,-14,14
79243,121,123,-2,2
79244,96,89,7,7
79245,30,41,-11,11
79246,69,65,4,4
79247,97,98,-1,1
79248,81,75,6,6
79249,72,70,2,2
79250,93,88,5,5
79251,84,94,-10,10
79252,84,92,-8,8
79253,98,96,2,2
79254,57,78,-21,21
79255,81,89,-8,8
79256,88,90,-2,2
79257,98,100,-2,2
79258,171,173,-2,2
79259,76,80,-4,4
79260,126,133,-7,7
79261,90,90,0,0
79262,91,80,11,11
79263,94,84,10,10
79264,91,89,2,2
79265,122,120,2,2
79266,81,91,-10,10
79267,86,105,-19,19
79268,79,80,-1,1
79269,76,87,-11,11
79270,97,105,-8,8
79271,125,131,-6,6
79272,125,126,-1,1
79273,62,62,0,0
79274,63,70,-7,7
79275,81,83,-2,2
79276,115,93,22,22
79277,162,163,-1,1
79278,103,98,5,5
79279,64,60,4,4
79280,153,140,13,13
79281,69,89,-20,20
79282,132,120,12,12
79283,76,68,8,8
79284,63,76,-13,13
79285,65,66,-1,1
79286,89,108,-19,19
79287,165,129,36,36
79288,84,83,1,1
79289,89,87,2,2
79290,130,116,14,14
79291,73,65,8,8
79292,110,124,-14,14
79293,157,148,9,9
79294,82,89,-7,7
79295,100,97,3,3
79296,128,115,13,13
79297,122,113,9,9
79298,102,98,4,4
79299,102,99,3,3
79300,86,84,2,2
79301,124,126,-2,2
79302,157,154,3,3
79303,104,98,6,6
79304,94,97,-3,3
79305,59,60,-1,1
79306,103,97,6,6
79307,78,77,1,1
79308,73,72,1,1
79309,76,83,-7,7
79310,112,124,-12,12
79311,103,115,-12,12
79312,159,132,27,27
79313,42,51,-9,9
79314,83,81,2,2
79315,108,108,0,0
79316,129,133,-4,4
79317,129,135,-6,6
79318,145,137,8,8
79319,70,69,1,1
79320,71,73,-2,2
79321,60,69,-9,9
79322,100,93,7,7
79323,173,171,2,2
79324,156,149,7,7
79325,101,98,3,3
79326,99,106,-7,7
79327,130,131,-1,1
79328,68,112,-44,44
79329,138,131,7,7
79330,138,140,-2,2
79331,126,129,-3,3
79332,74,75,-1,1
79333,75,68,7,7
79334,79,75,4,4
79335,67,73,-6,6
79336,80,114,-34,34
79337,86,77,9,9
79338,57,62,-5,5
79339,111,121,-10,10
79340,95,93,2,2
79341,85,83,2,2
79342,88,86,2,2
79343,72,66,6,6
79344,22,68,-46,46
79345,97,81,16,16
79346,130,124,6,6
79347,55,57,-2,2
79348,95,92,3,3
79349,86,86,0,0
79350,53,58,-5,5
79351,66,67,-1,1
79352,122,139,-17,17
79353,130,119,11,11
79354,135,146,-11,11
79355,47,53,-6,6
79356,65,95,-30,30
79357,46,49,-3,3
79358,155,129,26,26
79359,60,65,-5,5
79360,75,76,-1,1
79361,97,101,-4,4
79362,142,124,18,18
79363,57,61,-4,4
79364,80,81,-1,1
79365,44,48,-4,4
79366,107,103,4,4
79367,39,61,-22,22
79368,163,170,-7,7
79369,152,155,-3,3
79370,119,122,-3,3
79371,98,87,11,11
79372,67,67,0,0
79373,61,61,0,0
79374,99,92,7,7
79375,62,65,-3,3
79376,68,71,-3,3
79377,72,80,-8,8
79378,83,84,-1,1
79379,103,103,0,0
79380,116,127,-11,11
79381,122,122,0,0
79382,88,94,-6,6
79383,129,115,14,14
79384,86,80,6,6
79385,82,87,-5,5
79386,83,77,6,6
79387,71,76,-5,5
79388,77,82,-5,5
79389,100,110,-10,10
79390,206,196,10,10
79391,152,162,-10,10
79392,58,60,-2,2
79393,141,133,8,8
79394,96,94,2,2
79395,149,135,14,14
79396,80,76,4,4
79397,48,49,-1,1
79398,75,76,-1,1
79399,95,96,-1,1
79400,126,138,-12,12
79401,74,72,2,2
79402,95,94,1,1
79403,59,62,-3,3
79404,164,171,-7,7
79405,95,96,-1,1
79406,46,49,-3,3
79407,88,88,0,0
79408,135,143,-8,8
79409,140,127,13,13
79410,103,105,-2,2
79411,69,70,-1,1
79412,144,116,28,28
79413,147,142,5,5
79414,105,134,-29,29
79415,154,120,34,34
79416,77,70,7,7
79417,74,78,-4,4
79418,132,129,3,3
79419,56,62,-6,6
79420,48,52,-4,4
79421,77,78,-1,1
79422,20,48,-28,28
79423,94,94,0,0
79424,66,68,-2,2
79425,72,67,5,5
79426,130,126,4,4
79427,282,254,28,28
79428,139,113,26,26
79429,99,108,-9,9
79430,67,65,2,2
79431,72,71,1,1
79432,96,104,-8,8
79433,76,81,-5,5
79434,119,113,6,6
79435,93,80,13,13
79436,61,73,-12,12
79437,79,74,5,5
79438,107,97,10,10
79439,152,168,-16,16
79440,85,79,6,6
79441,62,60,2,2
79442,103,98,5,5
79443,59,58,1,1
79444,109,125,-16,16
79445,84,90,-6,6
79446,85,57,28,28
79447,77,101,-24,24
79448,182,170,12,12
79449,105,119,-14,14
79450,165,160,5,5
79451,101,98,3,3
79452,91,87,4,4
79453,93,91,2,2
79454,105,114,-9,9
79455,98,103,-5,5
79456,140,147,-7,7
79457,150,136,14,14
79458,168,172,-4,4
79459,155,148,7,7
79460,75,65,10,10
79461,56,57,-1,1
79462,41,55,-14,14
79463,84,79,5,5
79464,46,53,-7,7
79465,168,168,0,0
79466,148,136,12,12
79467,92,95,-3,3
79468,93,89,4,4
79469,108,104,4,4
79470,52,61,-9,9
79471,100,100,0,0
79472,77,89,-12,12
79473,95,88,7,7
79474,67,70,-3,3
79475,84,72,12,12
79476,107,101,6,6
79477,80,78,2,2
79478,104,104,0,0
79479,86,94,-8,8
79480,90,84,6,6
79481,70,76,-6,6
79482,125,136,-11,11
79483,68,75,-7,7
79484,125,121,4,4
79485,133,135,-2,2
79486,77,68,9,9
79487,70,67,3,3
79488,182,160,22,22
79489,114,102,12,12
79490,114,120,-6,6
79491,183,190,-7,7
79492,57,66,-9,9
79493,111,119,-8,8
79494,49,55,-6,6
79495,58,58,0,0
79496,97,111,-14,14
79497,141,145,-4,4
79498,133,119,14,14
79499,115,112,3,3
79500,142,134,8,8
79501,53,57,-4,4
79502,69,65,4,4
79503,152,140,12,12
79504,52,55,-3,3
79505,145,139,6,6
79506,90,83,7,7
79507,125,118,7,7
79508,73,67,6,6
79509,72,73,-1,1
79510,69,80,-11,11
79511,146,143,3,3
79512,149,140,9,9
79513,79,76,3,3
79514,105,106,-1,1
79515,65,66,-1,1
79516,139,135,4,4
79517,123,122,1,1
79518,105,90,15,15
79519,40,46,-6,6
79520,65,67,-2,2
79521,134,137,-3,3
79522,123,116,7,7
79523,127,118,9,9
79524,39,56,-17,17
79525,104,117,-13,13
79526,48,57,-9,9
79527,78,82,-4,4
79528,102,98,4,4
79529,72,64,8,8
79530,130,136,-6,6
79531,107,110,-3,3
79532,90,95,-5,5
79533,85,91,-6,6
79534,103,112,-9,9
79535,118,100,18,18
79536,67,72,-5,5
79537,101,98,3,3
79538,108,94,14,14
79539,134,149,-15,15
79540,83,74,9,9
79541,103,74,29,29
79542,43,60,-17,17
79543,154,153,1,1
79544,137,129,8,8
79545,133,112,21,21
79546,165,124,41,41
79547,68,78,-10,10
79548,144,139,5,5
79549,112,106,6,6
79550,96,74,22,22
79551,84,83,1,1
79552,131,115,16,16
79553,95,97,-2,2
79554,166,156,10,10
79555,56,65,-9,9
79556,112,119,-7,7
79557,55,61,-6,6
79558,88,87,1,1
79559,81,75,6,6
79560,79,78,1,1
79561,105,104,1,1
79562,52,43,9,9
79563,131,135,-4,4
79564,101,114,-13,13
79565,98,96,2,2
79566,60,58,2,2
79567,66,65,1,1
79568,85,73,12,12
79569,81,73,8,8
79570,117,131,-14,14
79571,61,64,-3,3
79572,74,77,-3,3
79573,64,72,-8,8
79574,61,65,-4,4
79575,106,105,1,1
79576,82,81,1,1
79577,68,87,-19,19
79578,100,98,2,2
79579,111,98,13,13
79580,73,77,-4,4
79581,110,104,6,6
79582,110,120,-10,10
79583,150,132,18,18
79584,119,137,-18,18
79585,140,142,-2,2
79586,107,96,11,11
79587,31,60,-29,29
79588,111,114,-3,3
79589,93,100,-7,7
79590,73,77,-4,4
79591,75,87,-12,12
79592,106,123,-17,17
79593,46,45,1,1
79594,169,154,15,15
79595,128,128,0,0
79596,189,189,0,0
79597,119,111,8,8
79598,61,56,5,5
79599,109,113,-4,4
79600,129,120,9,9
79601,118,122,-4,4
79602,91,95,-4,4
79603,95,103,-8,8
79604,106,98,8,8
79605,188,173,15,15
79606,78,70,8,8
79607,59,73,-14,14
79608,66,59,7,7
79609,62,66,-4,4
79610,137,129,8,8
79611,82,90,-8,8
79612,115,117,-2,2
79613,102,132,-30,30
79614,50,51,-1,1
79615,119,130,-11,11
79616,159,168,-9,9
79617,146,126,20,20
79618,62,59,3,3
79619,72,74,-2,2
79620,82,88,-6,6
79621,64,64,0,0
79622,74,74,0,0
79623,104,96,8,8
79624,169,136,33,33
79625,86,88,-2,2
79626,178,176,2,2
79627,83,81,2,2
79628,115,106,9,9
79629,124,118,6,6
79630,123,152,-29,29
79631,90,96,-6,6
79632,51,59,-8,8
79633,99,95,4,4
79634,99,119,-20,20
79635,108,100,8,8
79636,124,118,6,6
79637,144,148,-4,4
79638,128,140,-12,12
79639,70,75,-5,5
79640,74,87,-13,13
79641,134,144,-10,10
79642,119,130,-11,11
79643,41,50,-9,9
79644,101,110,-9,9
79645,149,147,2,2
79646,121,114,7,7
79647,56,62,-6,6
79648,108,101,7,7
79649,72,79,-7,7
79650,98,103,-5,5
79651,67,66,1,1
79652,69,75,-6,6
79653,89,94,-5,5
79654,122,131,-9,9
79655,75,77,-2,2
79656,80,83,-3,3
79657,184,186,-2,2
79658,80,78,2,2
79659,136,135,1,1
79660,85,89,-4,4
79661,86,79,7,7
79662,99,103,-4,4
79663,161,159,2,2
79664,106,113,-7,7
79665,86,85,1,1
79666,160,153,7,7
79667,140,135,5,5
79668,157,157,0,0
79669,121,120,1,1
79670,61,67,-6,6
79671,108,113,-5,5
79672,110,111,-1,1
79673,101,96,5,5
79674,85,88,-3,3
79675,125,127,-2,2
79676,67,68,-1,1
79677,64,70,-6,6
79678,47,66,-19,19
79679,111,126,-15,15
79680,45,59,-14,14
79681,79,73,6,6
79682,102,100,2,2
79683,99,84,15,15
79684,121,128,-7,7
79685,75,82,-7,7
79686,172,169,3,3
79687,67,74,-7,7
79688,111,118,-7,7
79689,119,135,-16,16
79690,134,123,11,11
79691,139,143,-4,4
79692,67,75,-8,8
79693,100,129,-29,29
79694,64,69,-5,5
79695,105,101,4,4
79696,106,110,-4,4
79697,41,50,-9,9
79698,122,123,-1,1
79699,96,110,-14,14
79700,74,84,-10,10
79701,97,104,-7,7
79702,106,99,7,7
79703,58,58,0,0
79704,61,68,-7,7
79705,72,75,-3,3
79706,97,85,12,12
79707,104,108,-4,4
79708,90,90,0,0
79709,190,182,8,8
79710,113,107,6,6
79711,72,91,-19,19
79712,102,102,0,0
79713,143,109,34,34
79714,71,73,-2,2
79715,80,97,-17,17
79716,45,60,-15,15
79717,57,65,-8,8
79718,109,108,1,1
79719,80,82,-2,2
79720,54,62,-8,8
79721,75,85,-10,10
79722,80,88,-8,8
79723,73,77,-4,4
79724,216,183,33,33
79725,73,77,-4,4
79726,124,126,-2,2
79727,160,134,26,26
79728,140,138,2,2
79729,136,128,8,8
79730,68,65,3,3
79731,91,81,10,10
79732,69,66,3,3
79733,93,104,-11,11
79734,103,104,-1,1
79735,93,90,3,3
79736,53,54,-1,1
79737,116,103,13,13
79738,57,65,-8,8
79739,89,81,8,8
79740,58,60,-2,2
79741,136,129,7,7
79742,95,92,3,3
79743,59,67,-8,8
79744,169,157,12,12
79745,105,104,1,1
79746,119,100,19,19
79747,89,86,3,3
79748,132,115,17,17
79749,81,73,8,8
79750,52,50,2,2
79751,139,124,15,15
79752,60,68,-8,8
79753,128,128,0,0
79754,54,60,-6,6
79755,123,134,-11,11
79756,99,98,1,1
79757,36,55,-19,19
79758,40,46,-6,6
79759,114,117,-3,3
79760,89,90,-1,1
79761,68,70,-2,2
79762,96,87,9,9
79763,120,119,1,1
79764,85,85,0,0
79765,67,69,-2,2
79766,90,95,-5,5
79767,59,66,-7,7
79768,86,73,13,13
79769,187,176,11,11
79770,117,107,10,10
79771,50,57,-7,7
79772,90,81,9,9
79773,92,94,-2,2
79774,57,64,-7,7
79775,55,59,-4,4
79776,51,58,-7,7
79777,84,88,-4,4
79778,110,114,-4,4
79779,52,66,-14,14
79780,56,74,-18,18
79781,82,83,-1,1
79782,141,141,0,0
79783,104,110,-6,6
79784,113,113,0,0
79785,119,107,12,12
79786,124,125,-1,1
79787,79,71,8,8
79788,99,95,4,4
79789,133,124,9,9
79790,53,64,-11,11
79791,88,83,5,5
79792,58,55,3,3
79793,90,97,-7,7
79794,89,91,-2,2
79795,91,114,-23,23
79796,110,103,7,7
79797,77,80,-3,3
79798,71,73,-2,2
79799,77,84,-7,7
79800,115,107,8,8
79801,62,75,-13,13
79802,167,161,6,6
79803,105,118,-13,13
79804,100,102,-2,2
79805,100,104,-4,4
79806,111,116,-5,5
79807,92,87,5,5
79808,162,166,-4,4
79809,109,118,-9,9
79810,164,165,-1,1
79811,63,61,2,2
79812,67,73,-6,6
79813,158,152,6,6
79814,82,86,-4,4
79815,65,60,5,5
79816,118,111,7,7
79817,87,95,-8,8
79818,159,161,-2,2
79819,122,109,13,13
79820,102,104,-2,2
79821,63,67,-4,4
79822,94,95,-1,1
79823,100,109,-9,9
79824,87,68,19,19
79825,98,108,-10,10
79826,79,70,9,9
79827,104,100,4,4
79828,115,118,-3,3
79829,118,133,-15,15
79830,82,84,-2,2
79831,130,133,-3,3
79832,98,98,0,0
79833,141,146,-5,5
79834,197,190,7,7
79835,141,147,-6,6
79836,91,93,-2,2
79837,80,76,4,4
79838,104,93,11,11
79839,171,169,2,2
79840,292,248,44,44
79841,113,124,-11,11
79842,111,104,7,7
79843,116,127,-11,11
79844,66,64,2,2
79845,146,132,14,14
79846,62,65,-3,3
79847,105,100,5,5
79848,66,65,1,1
79849,59,63,-4,4
79850,74,85,-11,11
79851,91,78,13,13
79852,117,119,-2,2
79853,101,131,-30,30
79854,167,172,-5,5
79855,69,77,-8,8
79856,120,125,-5,5
79857,119,111,8,8
79858,130,120,10,10
79859,69,66,3,3
79860,97,108,-11,11
79861,76,77,-1,1
79862,183,163,20,20
79863,65,69,-4,4
79864,155,144,11,11
79865,80,71,9,9
79866,107,110,-3,3
79867,46,66,-20,20
79868,95,84,11,11
79869,72,71,1,1
79870,74,82,-8,8
79871,73,80,-7,7
79872,66,53,13,13
79873,76,67,9,9
79874,75,76,-1,1
79875,36,68,-32,32
79876,82,85,-3,3
79877,150,148,2,2
79878,88,93,-5,5
79879,40,51,-11,11
79880,82,92,-10,10
79881,166,164,2,2
79882,113,117,-4,4
79883,120,123,-3,3
79884,136,135,1,1
79885,53,66,-13,13
79886,233,267,-34,34
79887,78,81,-3,3
79888,112,111,1,1
79889,103,118,-15,15
79890,100,92,8,8
79891,86,88,-2,2
79892,69,72,-3,3
79893,109,109,0,0
79894,105,99,6,6
79895,51,88,-37,37
79896,99,103,-4,4
79897,138,147,-9,9
79898,42,103,-61,61
79899,87,90,-3,3
79900,141,137,4,4
79901,75,87,-12,12
79902,96,93,3,3
79903,56,57,-1,1
79904,122,124,-2,2
79905,65,75,-10,10
79906,113,92,21,21
79907,67,65,2,2
79908,83,89,-6,6
79909,91,81,10,10
79910,136,134,2,2
79911,85,80,5,5
79912,66,76,-10,10
79913,79,70,9,9
79914,73,65,8,8
79915,106,111,-5,5
79916,76,76,0,0
79917,149,133,16,16
79918,38,45,-7,7
79919,108,97,11,11
79920,91,101,-10,10
79921,105,102,3,3
79922,85,86,-1,1
79923,62,72,-10,10
79924,117,133,-16,16
79925,62,68,-6,6
79926,115,95,20,20
79927,85,70,15,15
79928,150,138,12,12
79929,132,80,52,52
79930,74,82,-8,8
79931,44,66,-22,22
79932,152,164,-12,12
79933,142,143,-1,1
79934,106,102,4,4
79935,97,103,-6,6
79936,97,89,8,8
79937,53,62,-9,9
79938,116,113,3,3
79939,141,145,-4,4
79940,109,118,-9,9
79941,90,87,3,3
79942,111,119,-8,8
79943,186,186,0,0
79944,133,130,3,3
79945,83,78,5,5
79946,69,79,-10,10
79947,73,74,-1,1
79948,154,146,8,8
79949,93,107,-14,14
79950,87,89,-2,2
79951,126,147,-21,21
79952,91,95,-4,4
79953,79,70,9,9
79954,82,88,-6,6
79955,112,99,13,13
79956,72,65,7,7
79957,179,182,-3,3
79958,67,74,-7,7
79959,61,81,-20,20
79960,134,106,28,28
79961,129,123,6,6
79962,79,77,2,2
79963,95,97,-2,2
79964,147,136,11,11
79965,86,102,-16,16
79966,64,64,0,0
79967,73,84,-11,11
79968,60,60,0,0
79969,122,127,-5,5
79970,91,90,1,1
79971,78,83,-5,5
79972,69,80,-11,11
79973,64,89,-25,25
79974,120,129,-9,9
79975,101,103,-2,2
79976,51,55,-4,4
79977,80,82,-2,2
79978,100,151,-51,51
79979,104,114,-10,10
79980,69,75,-6,6
79981,94,90,4,4
79982,110,115,-5,5
79983,157,164,-7,7
79984,56,64,-8,8
79985,118,122,-4,4
79986,29,41,-12,12
79987,110,152,-42,42
79988,102,69,33,33
79989,78,79,-1,1
79990,116,125,-9,9
79991,129,123,6,6
79992,124,128,-4,4
79993,69,84,-15,15
79994,94,95,-1,1
79995,105,95,10,10
79996,127,139,-12,12
79997,99,101,-2,2
79998,106,100,6,6
79999,45,53,-8,8
80000,73,69,4,4
80001,57,49,8,8
80002,71,64,7,7
80003,84,83,1,1
80004,91,92,-1,1
80005,93,92,1,1
80006,75,79,-4,4
80007,98,93,5,5
80008,76,76,0,0
80009,87,77,10,10
80010,100,109,-9,9
80011,101,112,-11,11
80012,63,83,-20,20
80013,94,88,6,6
80014,58,61,-3,3
80015,77,76,1,1
80016,136,122,14,14
80017,86,83,3,3
80018,109,100,9,9
80019,77,71,6,6
80020,146,141,5,5
80021,128,124,4,4
80022,164,152,12,12
80023,71,72,-1,1
80024,147,153,-6,6
80025,96,97,-1,1
80026,65,68,-3,3
80027,95,98,-3,3
80028,84,86,-2,2
80029,104,108,-4,4
80030,75,80,-5,5
80031,168,161,7,7
80032,200,186,14,14
80033,153,153,0,0
80034,171,175,-4,4
80035,111,125,-14,14
80036,65,73,-8,8
80037,85,96,-11,11
80038,98,87,11,11
80039,111,121,-10,10
80040,112,120,-8,8
80041,113,107,6,6
80042,148,139,9,9
80043,115,102,13,13
80044,63,75,-12,12
80045,95,90,5,5
80046,98,103,-5,5
80047,117,127,-10,10
80048,144,133,11,11
80049,115,130,-15,15
80050,124,121,3,3
80051,115,120,-5,5
80052,93,104,-11,11
80053,83,92,-9,9
80054,83,86,-3,3
80055,106,104,2,2
80056,104,102,2,2
80057,149,164,-15,15
80058,94,97,-3,3
80059,61,66,-5,5
80060,63,76,-13,13
80061,98,99,-1,1
80062,70,79,-9,9
80063,96,108,-12,12
80064,89,87,2,2
80065,120,140,-20,20
80066,85,84,1,1
80067,159,143,16,16
80068,144,145,-1,1
80069,63,67,-4,4
80070,102,96,6,6
80071,119,103,16,16
80072,106,98,8,8
80073,88,71,17,17
80074,54,60,-6,6
80075,58,65,-7,7
80076,130,122,8,8
80077,168,162,6,6
80078,73,74,-1,1
80079,133,140,-7,7
80080,98,101,-3,3
80081,86,82,4,4
80082,81,82,-1,1
80083,83,86,-3,3
80084,59,65,-6,6
80085,43,52,-9,9
80086,80,81,-1,1
80087,73,77,-4,4
80088,86,90,-4,4
80089,89,118,-29,29
80090,77,82,-5,5
80091,59,46,13,13
80092,64,103,-39,39
80093,82,76,6,6
80094,47,53,-6,6
80095,99,93,6,6
80096,104,107,-3,3
80097,62,69,-7,7
80098,70,74,-4,4
80099,65,69,-4,4
80100,79,67,12,12
80101,86,86,0,0
80102,105,103,2,2
80103,91,86,5,5
80104,117,107,10,10
80105,43,54,-11,11
80106,171,172,-1,1
80107,115,111,4,4
80108,111,122,-11,11
80109,73,77,-4,4
80110,118,108,10,10
80111,84,70,14,14
80112,96,105,-9,9
80113,115,107,8,8
80114,172,166,6,6
80115,138,132,6,6
80116,130,131,-1,1
80117,142,142,0,0
80118,92,89,3,3
80119,71,65,6,6
80120,42,49,-7,7
80121,93,94,-1,1
80122,116,116,0,0
80123,90,84,6,6
80124,74,86,-12,12
80125,56,62,-6,6
80126,139,123,16,16
80127,76,80,-4,4
80128,97,106,-9,9
80129,88,83,5,5
80130,70,68,2,2
80131,148,127,21,21
80132,70,76,-6,6
80133,112,120,-8,8
80134,81,71,10,10
80135,52,61,-9,9
80136,95,103,-8,8
80137,80,85,-5,5
80138,46,53,-7,7
80139,50,59,-9,9
80140,129,129,0,0
80141,90,91,-1,1
80142,132,110,22,22
80143,143,143,0,0
80144,130,158,-28,28
80145,147,140,7,7
80146,103,101,2,2
80147,61,55,6,6
80148,88,92,-4,4
80149,158,148,10,10
80150,50,59,-9,9
80151,115,110,5,5
80152,86,94,-8,8
80153,95,82,13,13
80154,135,158,-23,23
80155,84,82,2,2
80156,116,139,-23,23
80157,31,28,3,3
80158,86,97,-11,11
80159,87,85,2,2
80160,99,94,5,5
80161,61,71,-10,10
80162,66,61,5,5
80163,99,100,-1,1
80164,83,63,20,20
80165,63,62,1,1
80166,85,80,5,5
80167,90,95,-5,5
80168,114,113,1,1
80169,77,80,-3,3
80170,74,68,6,6
80171,85,92,-7,7
80172,49,80,-31,31
80173,29,42,-13,13
80174,77,75,2,2
80175,70,86,-16,16
80176,72,80,-8,8
80177,67,86,-19,19
80178,73,71,2,2
80179,112,103,9,9
80180,153,148,5,5
80181,120,123,-3,3
80182,96,98,-2,2
80183,104,104,0,0
80184,74,82,-8,8
80185,50,44,6,6
80186,74,72,2,2
80187,91,88,3,3
80188,100,102,-2,2
80189,45,60,-15,15
80190,96,101,-5,5
80191,57,64,-7,7
80192,117,115,2,2
80193,116,117,-1,1
80194,117,109,8,8
80195,85,81,4,4
80196,90,100,-10,10
80197,120,104,16,16
80198,63,70,-7,7
80199,131,154,-23,23
80200,55,60,-5,5
80201,159,173,-14,14
80202,95,81,14,14
80203,91,91,0,0
80204,52,59,-7,7
80205,73,68,5,5
80206,107,90,17,17
80207,73,81,-8,8
80208,144,139,5,5
80209,101,101,0,0
80210,84,82,2,2
80211,72,74,-2,2
80212,100,115,-15,15
80213,57,59,-2,2
80214,89,88,1,1
80215,85,77,8,8
80216,136,139,-3,3
80217,104,98,6,6
80218,180,172,8,8
80219,88,89,-1,1
80220,81,86,-5,5
80221,98,102,-4,4
80222,63,66,-3,3
80223,81,91,-10,10
80224,132,146,-14,14
80225,139,133,6,6
80226,156,147,9,9
80227,94,95,-1,1
80228,113,112,1,1
80229,155,175,-20,20
80230,106,101,5,5
80231,71,64,7,7
80232,98,105,-7,7
80233,48,122,-74,74
80234,54,63,-9,9
80235,86,83,3,3
80236,103,110,-7,7
80237,148,132,16,16
80238,73,70,3,3
80239,135,146,-11,11
80240,93,96,-3,3
80241,137,139,-2,2
80242,82,93,-11,11
80243,78,74,4,4
80244,95,97,-2,2
80245,74,73,1,1
80246,95,94,1,1
80247,64,65,-1,1
80248,100,112,-12,12
80249,95,102,-7,7
80250,28,43,-15,15
80251,38,53,-15,15
80252,92,94,-2,2
80253,134,141,-7,7
80254,68,69,-1,1
80255,117,114,3,3
80256,118,112,6,6
80257,79,73,6,6
80258,61,62,-1,1
80259,132,121,11,11
80260,98,104,-6,6
80261,70,80,-10,10
80262,117,109,8,8
80263,61,62,-1,1
80264,69,75,-6,6
80265,76,72,4,4
80266,56,63,-7,7
80267,108,110,-2,2
80268,70,74,-4,4
80269,53,60,-7,7
80270,94,101,-7,7
80271,158,153,5,5
80272,146,146,0,0
80273,94,92,2,2
80274,48,55,-7,7
80275,85,108,-23,23
80276,117,107,10,10
80277,119,107,12,12
80278,72,77,-5,5
80279,103,108,-5,5
80280,85,86,-1,1
80281,121,116,5,5
80282,66,81,-15,15
80283,177,179,-2,2
80284,85,84,1,1
80285,151,155,-4,4
80286,57,63,-6,6
80287,83,75,8,8
80288,68,65,3,3
80289,118,120,-2,2
80290,70,76,-6,6
80291,30,41,-11,11
80292,94,81,13,13
80293,68,76,-8,8
80294,153,158,-5,5
80295,81,77,4,4
80296,106,107,-1,1
80297,93,89,4,4
80298,152,153,-1,1
80299,117,117,0,0
80300,121,115,6,6
80301,104,106,-2,2
80302,130,124,6,6
80303,113,110,3,3
80304,108,102,6,6
80305,110,109,1,1
80306,76,86,-10,10
80307,119,116,3,3
80308,79,79,0,0
80309,96,107,-11,11
80310,74,86,-12,12
80311,71,72,-1,1
80312,79,74,5,5
80313,62,61,1,1
80314,67,70,-3,3
80315,149,137,12,12
80316,70,80,-10,10
80317,87,82,5,5
80318,302,216,86,86
80319,51,56,-5,5
80320,73,68,5,5
80321,47,56,-9,9
80322,138,115,23,23
80323,155,158,-3,3
80324,67,71,-4,4
80325,118,115,3,3
80326,73,88,-15,15
80327,67,78,-11,11
80328,43,58,-15,15
80329,101,118,-17,17
80330,89,79,10,10
80331,67,68,-1,1
80332,148,139,9,9
80333,131,129,2,2
80334,73,69,4,4
80335,135,151,-16,16
80336,71,69,2,2
80337,71,70,1,1
80338,108,100,8,8
80339,131,127,4,4
80340,115,144,-29,29
80341,56,88,-32,32
80342,84,82,2,2
80343,92,103,-11,11
80344,38,37,1,1
80345,134,130,4,4
80346,75,69,6,6
80347,124,122,2,2
80348,126,117,9,9
80349,103,119,-16,16
80350,57,51,6,6
80351,82,96,-14,14
80352,113,118,-5,5
80353,103,108,-5,5
80354,119,102,17,17
80355,259,242,17,17
80356,87,89,-2,2
80357,180,159,21,21
80358,84,91,-7,7
80359,110,120,-10,10
80360,116,113,3,3
80361,114,109,5,5
80362,124,150,-26,26
80363,92,91,1,1
80364,86,83,3,3
80365,85,85,0,0
80366,65,70,-5,5
80367,73,75,-2,2
80368,72,80,-8,8
80369,108,105,3,3
80370,47,48,-1,1
80371,96,107,-11,11
80372,66,71,-5,5
80373,70,76,-6,6
80374,134,127,7,7
80375,47,50,-3,3
80376,50,57,-7,7
80377,69,70,-1,1
80378,82,84,-2,2
80379,103,96,7,7
80380,79,79,0,0
80381,82,83,-1,1
80382,77,91,-14,14
80383,77,89,-12,12
80384,99,100,-1,1
80385,99,99,0,0
80386,156,161,-5,5
80387,82,72,10,10
80388,123,121,2,2
80389,75,72,3,3
80390,47,54,-7,7
80391,32,39,-7,7
80392,72,77,-5,5
80393,92,96,-4,4
80394,128,112,16,16
80395,100,106,-6,6
80396,78,88,-10,10
80397,141,135,6,6
80398,361,341,20,20
80399,142,123,19,19
80400,28,44,-16,16
80401,53,54,-1,1
80402,80,85,-5,5
80403,81,86,-5,5
80404,181,157,24,24
80405,55,60,-5,5
80406,81,77,4,4
80407,58,67,-9,9
80408,28,43,-15,15
80409,76,85,-9,9
80410,77,86,-9,9
80411,125,126,-1,1
80412,89,100,-11,11
80413,91,99,-8,8
80414,103,103,0,0
80415,97,107,-10,10
80416,90,80,10,10
80417,69,73,-4,4
80418,140,148,-8,8
80419,59,49,10,10
80420,140,133,7,7
80421,119,129,-10,10
80422,86,97,-11,11
80423,71,69,2,2
80424,179,180,-1,1
80425,119,104,15,15
80426,115,111,4,4
80427,61,53,8,8
80428,160,165,-5,5
80429,127,122,5,5
80430,186,164,22,22
80431,95,98,-3,3
80432,73,80,-7,7
80433,86,82,4,4
80434,64,76,-12,12
80435,164,153,11,11
80436,80,87,-7,7
80437,107,88,19,19
80438,138,126,12,12
80439,95,100,-5,5
80440,161,155,6,6
80441,81,67,14,14
80442,118,122,-4,4
80443,102,103,-1,1
80444,79,83,-4,4
80445,83,84,-1,1
80446,96,91,5,5
80447,99,103,-4,4
80448,101,93,8,8
80449,73,67,6,6
80450,151,153,-2,2
80451,86,95,-9,9
80452,107,101,6,6
80453,102,91,11,11
80454,87,88,-1,1
80455,110,105,5,5
80456,75,93,-18,18
80457,68,77,-9,9
80458,88,93,-5,5
80459,84,87,-3,3
80460,81,80,1,1
80461,78,79,-1,1
80462,73,72,1,1
80463,103,98,5,5
80464,175,166,9,9
80465,122,122,0,0
80466,106,102,4,4
80467,53,58,-5,5
80468,120,122,-2,2
80469,135,141,-6,6
80470,96,94,2,2
80471,69,71,-2,2
80472,86,88,-2,2
80473,94,109,-15,15
80474,46,50,-4,4
80475,93,83,10,10
80476,111,118,-7,7
80477,54,62,-8,8
80478,63,66,-3,3
80479,59,59,0,0
80480,61,62,-1,1
80481,68,68,0,0
80482,140,134,6,6
80483,79,75,4,4
80484,148,162,-14,14
80485,114,116,-2,2
80486,77,81,-4,4
80487,95,88,7,7
80488,53,55,-2,2
80489,102,98,4,4
80490,150,152,-2,2
80491,142,129,13,13
80492,123,120,3,3
80493,85,78,7,7
80494,86,81,5,5
80495,106,99,7,7
80496,123,125,-2,2
80497,99,102,-3,3
80498,78,71,7,7
80499,74,83,-9,9
80500,83,73,10,10
80501,68,95,-27,27
80502,100,101,-1,1
80503,71,67,4,4
80504,85,78,7,7
80505,105,115,-10,10
80506,132,131,1,1
80507,109,106,3,3
80508,95,94,1,1
80509,101,103,-2,2
80510,49,58,-9,9
80511,37,46,-9,9
80512,80,88,-8,8
80513,66,50,16,16
80514,70,69,1,1
80515,93,89,4,4
80516,54,63,-9,9
80517,99,110,-11,11
80518,100,94,6,6
80519,143,132,11,11
80520,67,64,3,3
80521,69,72,-3,3
80522,72,93,-21,21
80523,88,89,-1,1
80524,116,95,21,21
80525,103,105,-2,2
80526,129,135,-6,6
80527,112,113,-1,1
80528,47,50,-3,3
80529,80,74,6,6
80530,87,81,6,6
80531,102,102,0,0
80532,111,112,-1,1
80533,113,114,-1,1
80534,85,75,10,10
80535,57,63,-6,6
80536,110,98,12,12
80537,91,91,0,0
80538,127,122,5,5
80539,71,61,10,10
80540,110,106,4,4
80541,143,147,-4,4
80542,90,102,-12,12
80543,122,118,4,4
80544,124,117,7,7
80545,53,58,-5,5
80546,77,87,-10,10
80547,35,41,-6,6
80548,63,78,-15,15
80549,115,99,16,16
80550,128,115,13,13
80551,99,96,3,3
80552,90,95,-5,5
80553,80,76,4,4
80554,98,89,9,9
80555,95,85,10,10
80556,138,139,-1,1
80557,84,74,10,10
80558,129,142,-13,13
80559,101,97,4,4
80560,109,93,16,16
80561,142,154,-12,12
80562,72,59,13,13
80563,110,108,2,2
80564,52,55,-3,3
80565,66,81,-15,15
80566,69,63,6,6
80567,79,76,3,3
80568,69,66,3,3
80569,97,92,5,5
80570,96,94,2,2
80571,105,96,9,9
80572,144,139,5,5
80573,129,112,17,17
80574,75,84,-9,9
80575,111,97,14,14
80576,149,141,8,8
80577,110,109,1,1
80578,73,75,-2,2
80579,58,61,-3,3
80580,47,46,1,1
80581,82,91,-9,9
80582,70,64,6,6
80583,124,115,9,9
80584,78,77,1,1
80585,136,126,10,10
80586,147,143,4,4
80587,84,99,-15,15
80588,121,111,10,10
80589,63,60,3,3
80590,94,93,1,1
80591,125,118,7,7
80592,82,83,-1,1
80593,158,149,9,9
80594,67,70,-3,3
80595,61,71,-10,10
80596,119,127,-8,8
80597,65,68,-3,3
80598,86,85,1,1
80599,98,86,12,12
80600,143,145,-2,2
80601,105,102,3,3
80602,113,132,-19,19
80603,77,72,5,5
80604,107,121,-14,14
80605,58,63,-5,5
80606,145,155,-10,10
80607,52,64,-12,12
80608,109,100,9,9
80609,71,67,4,4
80610,64,71,-7,7
80611,129,130,-1,1
80612,83,87,-4,4
80613,40,58,-18,18
80614,102,109,-7,7
80615,65,65,0,0
80616,100,92,8,8
80617,131,131,0,0
80618,90,92,-2,2
80619,92,99,-7,7
80620,67,72,-5,5
80621,121,118,3,3
80622,126,117,9,9
80623,93,94,-1,1
80624,157,158,-1,1
80625,89,89,0,0
80626,53,67,-14,14
80627,96,86,10,10
80628,111,106,5,5
80629,121,115,6,6
80630,67,81,-14,14
80631,59,60,-1,1
80632,88,91,-3,3
80633,71,79,-8,8
80634,57,57,0,0
80635,118,106,12,12
80636,78,75,3,3
80637,118,107,11,11
80638,85,81,4,4
80639,102,99,3,3
80640,69,73,-4,4
80641,179,197,-18,18
80642,94,107,-13,13
80643,100,92,8,8
80644,91,83,8,8
80645,139,136,3,3
80646,77,80,-3,3
80647,64,65,-1,1
80648,64,70,-6,6
80649,137,138,-1,1
80650,113,94,19,19
80651,93,81,12,12
80652,100,111,-11,11
80653,88,91,-3,3
80654,87,83,4,4
80655,144,144,0,0
80656,41,56,-15,15
80657,51,60,-9,9
80658,78,60,18,18
80659,72,67,5,5
80660,66,62,4,4
80661,58,66,-8,8
80662,123,130,-7,7
80663,90,78,12,12
80664,56,53,3,3
80665,98,94,4,4
80666,91,92,-1,1
80667,126,127,-1,1
80668,68,44,24,24
80669,117,113,4,4
80670,46,55,-9,9
80671,71,78,-7,7
80672,111,120,-9,9
80673,89,85,4,4
80674,58,65,-7,7
80675,104,100,4,4
80676,110,107,3,3
80677,101,98,3,3
80678,203,208,-5,5
80679,90,93,-3,3
80680,82,81,1,1
80681,133,140,-7,7
80682,67,83,-16,16
80683,75,82,-7,7
80684,90,94,-4,4
80685,91,79,12,12
80686,91,99,-8,8
80687,67,48,19,19
80688,122,111,11,11
80689,59,69,-10,10
80690,40,58,-18,18
80691,104,102,2,2
80692,118,127,-9,9
80693,92,82,10,10
80694,157,181,-24,24
80695,65,68,-3,3
80696,60,69,-9,9
80697,100,105,-5,5
80698,31,31,0,0
80699,94,92,2,2
80700,45,54,-9,9
80701,109,105,4,4
80702,85,75,10,10
80703,86,91,-5,5
80704,185,168,17,17
80705,97,99,-2,2
80706,69,64,5,5
80707,194,187,7,7
80708,63,70,-7,7
80709,141,143,-2,2
80710,87,75,12,12
80711,131,138,-7,7
80712,152,137,15,15
80713,96,90,6,6
80714,111,107,4,4
80715,92,78,14,14
80716,108,104,4,4
80717,83,87,-4,4
80718,52,56,-4,4
80719,103,105,-2,2
80720,189,181,8,8
80721,80,65,15,15
80722,149,141,8,8
80723,146,153,-7,7
80724,66,62,4,4
80725,38,47,-9,9
80726,124,124,0,0
80727,55,61,-6,6
80728,141,123,18,18
80729,83,126,-43,43
80730,144,161,-17,17
80731,127,126,1,1
80732,80,74,6,6
80733,125,127,-2,2
80734,115,126,-11,11
80735,79,80,-1,1
80736,73,74,-1,1
80737,92,86,6,6
80738,84,87,-3,3
80739,103,106,-3,3
80740,104,101,3,3
80741,101,104,-3,3
80742,92,102,-10,10
80743,169,166,3,3
80744,53,54,-1,1
80745,114,104,10,10
80746,138,133,5,5
80747,86,84,2,2
80748,85,93,-8,8
80749,147,154,-7,7
80750,58,69,-11,11
80751,128,122,6,6
80752,65,81,-16,16
80753,89,85,4,4
80754,95,96,-1,1
80755,84,76,8,8
80756,115,110,5,5
80757,142,143,-1,1
80758,120,121,-1,1
80759,102,86,16,16
80760,121,153,-32,32
80761,48,58,-10,10
80762,127,101,26,26
80763,76,74,2,2
80764,133,134,-1,1
80765,108,112,-4,4
80766,67,66,1,1
80767,33,45,-12,12
80768,148,134,14,14
80769,115,103,12,12
80770,68,103,-35,35
80771,132,144,-12,12
80772,167,159,8,8
80773,145,161,-16,16
80774,126,126,0,0
80775,72,73,-1,1
80776,108,112,-4,4
80777,75,83,-8,8
80778,66,69,-3,3
80779,72,75,-3,3
80780,99,96,3,3
80781,67,66,1,1
80782,113,106,7,7
80783,108,100,8,8
80784,94,94,0,0
80785,57,62,-5,5
80786,97,77,20,20
80787,64,68,-4,4
80788,127,121,6,6
80789,90,89,1,1
80790,185,181,4,4
80791,110,100,10,10
80792,59,65,-6,6
80793,119,103,16,16
80794,88,107,-19,19
80795,196,143,53,53
80796,95,99,-4,4
80797,69,76,-7,7
80798,159,166,-7,7
80799,66,84,-18,18
80800,100,92,8,8
80801,90,101,-11,11
80802,71,71,0,0
80803,63,64,-1,1
80804,104,95,9,9
80805,64,69,-5,5
80806,67,75,-8,8
80807,71,78,-7,7
80808,155,130,25,25
80809,89,79,10,10
80810,128,127,1,1
80811,95,105,-10,10
80812,51,55,-4,4
80813,118,123,-5,5
80814,102,97,5,5
80815,124,106,18,18
80816,68,68,0,0
80817,50,57,-7,7
80818,86,83,3,3
80819,89,98,-9,9
80820,113,105,8,8
80821,126,137,-11,11
80822,64,79,-15,15
80823,120,130,-10,10
80824,62,58,4,4
80825,73,80,-7,7
80826,145,148,-3,3
80827,63,69,-6,6
80828,80,86,-6,6
80829,82,84,-2,2
80830,41,43,-2,2
80831,93,89,4,4
80832,107,109,-2,2
80833,60,68,-8,8
80834,93,91,2,2
80835,97,101,-4,4
80836,90,96,-6,6
80837,111,103,8,8
80838,57,71,-14,14
80839,75,75,0,0
80840,54,65,-11,11
80841,55,70,-15,15
80842,84,82,2,2
80843,95,99,-4,4
80844,101,92,9,9
80845,91,97,-6,6
80846,65,64,1,1
80847,59,62,-3,3
80848,112,106,6,6
80849,164,150,14,14
80850,61,67,-6,6
80851,75,77,-2,2
80852,149,149,0,0
80853,152,138,14,14
80854,65,70,-5,5
80855,90,86,4,4
80856,96,106,-10,10
80857,105,101,4,4
80858,75,87,-12,12
80859,61,63,-2,2
80860,102,100,2,2
80861,96,92,4,4
80862,96,81,15,15
80863,89,92,-3,3
80864,100,106,-6,6
80865,96,89,7,7
80866,57,69,-12,12
80867,67,73,-6,6
80868,148,147,1,1
80869,108,112,-4,4
80870,50,51,-1,1
80871,151,148,3,3
80872,72,76,-4,4
80873,55,60,-5,5
80874,166,150,16,16
80875,75,81,-6,6
80876,154,146,8,8
80877,71,81,-10,10
80878,77,72,5,5
80879,72,68,4,4
80880,79,82,-3,3
80881,166,149,17,17
80882,72,78,-6,6
80883,91,93,-2,2
80884,80,90,-10,10
80885,111,88,23,23
80886,81,93,-12,12
80887,74,66,8,8
80888,129,119,10,10
80889,120,130,-10,10
80890,79,86,-7,7
80891,95,81,14,14
80892,82,79,3,3
80893,124,106,18,18
80894,73,73,0,0
80895,328,477,-149,149
80896,95,95,0,0
80897,90,84,6,6
80898,105,113,-8,8
80899,131,128,3,3
80900,96,92,4,4
80901,64,78,-14,14
80902,129,113,16,16
80903,84,76,8,8
80904,126,124,2,2
80905,132,128,4,4
80906,108,104,4,4
80907,74,70,4,4
80908,122,121,1,1
80909,96,117,-21,21
80910,172,178,-6,6
80911,150,150,0,0
80912,82,84,-2,2
80913,119,122,-3,3
80914,42,47,-5,5
80915,125,104,21,21
80916,47,47,0,0
80917,78,73,5,5
80918,51,62,-11,11
80919,56,70,-14,14
80920,100,103,-3,3
80921,105,99,6,6
80922,241,200,41,41
80923,148,129,19,19
80924,49,55,-6,6
80925,116,115,1,1
80926,45,51,-6,6
80927,89,85,4,4
80928,83,89,-6,6
80929,106,104,2,2
80930,84,98,-14,14
80931,82,79,3,3
80932,69,69,0,0
80933,87,88,-1,1
80934,85,107,-22,22
80935,75,69,6,6
80936,142,146,-4,4
80937,84,89,-5,5
80938,112,105,7,7
80939,74,73,1,1
80940,82,90,-8,8
80941,96,103,-7,7
80942,106,92,14,14
80943,41,63,-22,22
80944,70,66,4,4
80945,62,66,-4,4
80946,108,116,-8,8
80947,115,100,15,15
80948,79,75,4,4
80949,101,100,1,1
80950,73,69,4,4
80951,69,73,-4,4
80952,42,51,-9,9
80953,130,117,13,13
80954,74,69,5,5
80955,69,71,-2,2
80956,112,96,16,16
80957,95,102,-7,7
80958,56,69,-13,13
80959,98,76,22,22
80960,93,100,-7,7
80961,93,94,-1,1
80962,99,98,1,1
80963,137,126,11,11
80964,127,126,1,1
80965,82,82,0,0
80966,58,71,-13,13
80967,83,70,13,13
80968,130,119,11,11
80969,99,86,13,13
80970,134,137,-3,3
80971,134,129,5,5
80972,73,72,1,1
80973,98,105,-7,7
80974,56,62,-6,6
80975,106,109,-3,3
80976,157,143,14,14
80977,70,72,-2,2
80978,105,104,1,1
80979,108,120,-12,12
80980,65,62,3,3
80981,82,81,1,1
80982,75,98,-23,23
80983,88,95,-7,7
80984,79,85,-6,6
80985,85,80,5,5
80986,98,115,-17,17
80987,70,64,6,6
80988,132,122,10,10
80989,121,102,19,19
80990,120,142,-22,22
80991,131,130,1,1
80992,100,106,-6,6
80993,103,97,6,6
80994,89,71,18,18
80995,87,87,0,0
80996,63,67,-4,4
80997,101,62,39,39
80998,80,81,-1,1
80999,60,59,1,1
81000,53,64,-11,11
81001,147,127,20,20
81002,83,91,-8,8
81003,91,95,-4,4
81004,120,115,5,5
81005,79,81,-2,2
81006,66,63,3,3
81007,126,115,11,11
81008,155,145,10,10
81009,73,78,-5,5
81010,75,65,10,10
81011,110,105,5,5
81012,87,95,-8,8
81013,92,83,9,9
81014,133,133,0,0
81015,100,95,5,5
81016,89,91,-2,2
81017,73,83,-10,10
81018,56,54,2,2
81019,117,103,14,14
81020,77,50,27,27
81021,58,61,-3,3
81022,132,131,1,1
81023,149,121,28,28
81024,60,62,-2,2
81025,88,88,0,0
81026,118,126,-8,8
81027,71,72,-1,1
81028,158,157,1,1
81029,143,137,6,6
81030,63,67,-4,4
81031,49,61,-12,12
81032,111,112,-1,1
81033,121,117,4,4
81034,97,90,7,7
81035,116,117,-1,1
81036,58,60,-2,2
81037,66,56,10,10
81038,63,66,-3,3
81039,54,56,-2,2
81040,83,85,-2,2
81041,66,70,-4,4
81042,48,55,-7,7
81043,69,71,-2,2
81044,39,50,-11,11
81045,158,118,40,40
81046,48,61,-13,13
81047,63,60,3,3
81048,93,87,6,6
81049,87,90,-3,3
81050,64,57,7,7
81051,148,119,29,29
81052,58,65,-7,7
81053,51,77,-26,26
81054,53,58,-5,5
81055,138,141,-3,3
81056,75,68,7,7
81057,94,92,2,2
81058,49,62,-13,13
81059,132,138,-6,6
81060,98,92,6,6
81061,97,113,-16,16
81062,100,82,18,18
81063,107,103,4,4
81064,65,63,2,2
81065,67,71,-4,4
81066,54,63,-9,9
81067,123,119,4,4
81068,133,115,18,18
81069,105,113,-8,8
81070,91,93,-2,2
81071,121,120,1,1
81072,81,90,-9,9
81073,59,69,-10,10
81074,154,141,13,13
81075,85,82,3,3
81076,80,95,-15,15
81077,181,190,-9,9
81078,112,112,0,0
81079,80,82,-2,2
81080,140,124,16,16
81081,92,84,8,8
81082,87,70,17,17
81083,62,83,-21,21
81084,136,129,7,7
81085,74,80,-6,6
81086,74,70,4,4
81087,45,54,-9,9
81088,87,90,-3,3
81089,81,82,-1,1
81090,37,45,-8,8
81091,73,73,0,0
81092,81,72,9,9
81093,119,137,-18,18
81094,139,138,1,1
81095,106,113,-7,7
81096,105,109,-4,4
81097,129,122,7,7
81098,97,98,-1,1
81099,94,121,-27,27
81100,89,116,-27,27
81101,84,83,1,1
81102,182,134,48,48
81103,44,56,-12,12
81104,98,92,6,6
81105,83,83,0,0
81106,159,155,4,4
81107,61,64,-3,3
81108,145,124,21,21
81109,113,143,-30,30
81110,74,77,-3,3
81111,44,44,0,0
81112,70,81,-11,11
81113,87,114,-27,27
81114,156,145,11,11
81115,78,78,0,0
81116,99,103,-4,4
81117,120,120,0,0
81118,100,115,-15,15
81119,90,85,5,5
81120,90,97,-7,7
81121,126,124,2,2
81122,59,56,3,3
81123,82,91,-9,9
81124,71,60,11,11
81125,87,83,4,4
81126,72,83,-11,11
81127,112,99,13,13
81128,65,64,1,1
81129,68,73,-5,5
81130,62,66,-4,4
81131,130,125,5,5
81132,60,58,2,2
81133,100,111,-11,11
81134,48,54,-6,6
81135,97,97,0,0
81136,85,85,0,0
81137,143,127,16,16
81138,112,108,4,4
81139,70,75,-5,5
81140,107,122,-15,15
81141,103,96,7,7
81142,79,72,7,7
81143,65,59,6,6
81144,74,69,5,5
81145,62,68,-6,6
81146,146,138,8,8
81147,138,140,-2,2
81148,109,104,5,5
81149,57,62,-5,5
81150,81,88,-7,7
81151,100,100,0,0
81152,55,72,-17,17
81153,71,78,-7,7
81154,137,136,1,1
81155,173,160,13,13
81156,53,59,-6,6
81157,69,70,-1,1
81158,115,105,10,10
81159,71,73,-2,2
81160,129,114,15,15
81161,142,131,11,11
81162,48,52,-4,4
81163,77,74,3,3
81164,81,92,-11,11
81165,103,104,-1,1
81166,75,73,2,2
81167,86,81,5,5
81168,105,116,-11,11
81169,61,62,-1,1
81170,109,98,11,11
81171,98,98,0,0
81172,153,157,-4,4
81173,50,59,-9,9
81174,178,166,12,12
81175,85,88,-3,3
81176,118,126,-8,8
81177,94,92,2,2
81178,116,102,14,14
81179,92,86,6,6
81180,96,95,1,1
81181,44,56,-12,12
81182,96,98,-2,2
81183,146,128,18,18
81184,90,80,10,10
81185,86,80,6,6
81186,112,117,-5,5
81187,102,116,-14,14
81188,47,54,-7,7
81189,107,100,7,7
81190,52,75,-23,23
81191,122,122,0,0
81192,84,79,5,5
81193,76,81,-5,5
81194,72,69,3,3
81195,181,174,7,7
81196,71,71,0,0
81197,92,99,-7,7
81198,152,147,5,5
81199,133,131,2,2
81200,97,86,11,11
81201,135,122,13,13
81202,75,73,2,2
81203,99,97,2,2
81204,92,112,-20,20
81205,113,122,-9,9
81206,65,64,1,1
81207,100,96,4,4
81208,124,136,-12,12
81209,82,80,2,2
81210,111,120,-9,9
81211,101,96,5,5
81212,60,69,-9,9
81213,141,129,12,12
81214,69,71,-2,2
81215,141,155,-14,14
81216,111,98,13,13
81217,169,154,15,15
81218,126,131,-5,5
81219,75,72,3,3
81220,120,109,11,11
81221,141,145,-4,4
81222,104,121,-17,17
81223,48,60,-12,12
81224,93,92,1,1
81225,140,137,3,3
81226,97,91,6,6
81227,110,110,0,0
81228,45,44,1,1
81229,92,87,5,5
81230,87,72,15,15
81231,90,79,11,11
81232,68,81,-13,13
81233,64,70,-6,6
81234,59,57,2,2
81235,135,138,-3,3
81236,52,59,-7,7
81237,121,137,-16,16
81238,78,86,-8,8
81239,97,71,26,26
81240,64,115,-51,51
81241,113,117,-4,4
81242,83,81,2,2
81243,79,76,3,3
81244,77,80,-3,3
81245,56,64,-8,8
81246,156,156,0,0
81247,134,135,-1,1
81248,66,68,-2,2
81249,113,117,-4,4
81250,89,88,1,1
81251,95,101,-6,6
81252,98,101,-3,3
81253,137,146,-9,9
81254,113,109,4,4
81255,173,159,14,14
81256,122,122,0,0
81257,92,90,2,2
81258,142,124,18,18
81259,82,73,9,9
81260,42,54,-12,12
81261,116,145,-29,29
81262,89,89,0,0
81263,140,123,17,17
81264,130,116,14,14
81265,80,84,-4,4
81266,113,119,-6,6
81267,60,65,-5,5
81268,143,165,-22,22
81269,86,81,5,5
81270,126,125,1,1
81271,75,71,4,4
81272,120,117,3,3
81273,125,116,9,9
81274,195,170,25,25
81275,71,70,1,1
81276,131,94,37,37
81277,111,113,-2,2
81278,89,95,-6,6
81279,93,93,0,0
81280,80,79,1,1
81281,80,72,8,8
81282,46,51,-5,5
81283,134,122,12,12
81284,83,77,6,6
81285,145,148,-3,3
81286,80,79,1,1
81287,82,72,10,10
81288,86,84,2,2
81289,62,73,-11,11
81290,46,57,-11,11
81291,112,114,-2,2
81292,99,100,-1,1
81293,145,143,2,2
81294,166,176,-10,10
81295,45,57,-12,12
81296,126,106,20,20
81297,89,85,4,4
81298,99,106,-7,7
81299,77,80,-3,3
81300,119,123,-4,4
81301,93,114,-21,21
81302,102,99,3,3
81303,62,65,-3,3
81304,57,81,-24,24
81305,63,66,-3,3
81306,56,50,6,6
81307,137,131,6,6
81308,101,100,1,1
81309,90,78,12,12
81310,136,142,-6,6
81311,70,68,2,2
81312,81,83,-2,2
81313,66,72,-6,6
81314,93,96,-3,3
81315,73,72,1,1
81316,90,92,-2,2
81317,83,83,0,0
81318,89,85,4,4
81319,103,113,-10,10
81320,105,103,2,2
81321,83,96,-13,13
81322,115,120,-5,5
81323,99,103,-4,4
81324,85,92,-7,7
81325,73,74,-1,1
81326,80,86,-6,6
81327,49,61,-12,12
81328,80,89,-9,9
81329,63,66,-3,3
81330,33,43,-10,10
81331,178,177,1,1
81332,105,134,-29,29
81333,41,61,-20,20
81334,92,101,-9,9
81335,98,99,-1,1
81336,71,74,-3,3
81337,30,42,-12,12
81338,62,67,-5,5
81339,126,150,-24,24
81340,102,108,-6,6
81341,122,123,-1,1
81342,79,87,-8,8
81343,152,151,1,1
81344,159,147,12,12
81345,161,166,-5,5
81346,71,75,-4,4
81347,84,91,-7,7
81348,118,106,12,12
81349,73,69,4,4
81350,118,110,8,8
81351,102,89,13,13
81352,69,81,-12,12
81353,101,95,6,6
81354,127,122,5,5
81355,84,85,-1,1
81356,40,44,-4,4
81357,70,75,-5,5
81358,135,123,12,12
81359,77,80,-3,3
81360,78,78,0,0
81361,70,72,-2,2
81362,73,77,-4,4
81363,85,86,-1,1
81364,106,100,6,6
81365,151,144,7,7
81366,153,159,-6,6
81367,133,109,24,24
81368,121,112,9,9
81369,110,110,0,0
81370,71,81,-10,10
81371,98,83,15,15
81372,126,140,-14,14
81373,86,88,-2,2
81374,77,79,-2,2
81375,198,182,16,16
81376,133,115,18,18
81377,124,136,-12,12
81378,90,88,2,2
81379,60,60,0,0
81380,80,92,-12,12
81381,47,54,-7,7
81382,82,72,10,10
81383,119,96,23,23
81384,66,70,-4,4
81385,136,131,5,5
81386,141,133,8,8
81387,50,65,-15,15
81388,71,81,-10,10
81389,98,121,-23,23
81390,121,109,12,12
81391,81,93,-12,12
81392,117,122,-5,5
81393,112,113,-1,1
81394,94,110,-16,16
81395,55,73,-18,18
81396,97,113,-16,16
81397,92,90,2,2
81398,137,143,-6,6
81399,54,59,-5,5
81400,140,135,5,5
81401,138,122,16,16
81402,85,85,0,0
81403,84,83,1,1
81404,104,97,7,7
81405,113,111,2,2
81406,109,116,-7,7
81407,76,90,-14,14
81408,79,78,1,1
81409,65,61,4,4
81410,81,81,0,0
81411,131,123,8,8
81412,204,198,6,6
81413,77,74,3,3
81414,161,159,2,2
81415,97,96,1,1
81416,110,99,11,11
81417,76,77,-1,1
81418,70,69,1,1
81419,122,131,-9,9
81420,52,57,-5,5
81421,121,118,3,3
81422,89,90,-1,1
81423,99,95,4,4
81424,62,65,-3,3
81425,117,119,-2,2
81426,92,105,-13,13
81427,169,176,-7,7
81428,122,117,5,5
81429,88,80,8,8
81430,94,76,18,18
81431,163,134,29,29
81432,72,78,-6,6
81433,87,98,-11,11
81434,104,118,-14,14
81435,51,55,-4,4
81436,57,61,-4,4
81437,149,160,-11,11
81438,87,101,-14,14
81439,109,112,-3,3
81440,120,121,-1,1
81441,79,74,5,5
81442,129,127,2,2
81443,162,155,7,7
81444,133,133,0,0
81445,82,82,0,0
81446,110,107,3,3
81447,180,150,30,30
81448,104,110,-6,6
81449,134,146,-12,12
81450,114,112,2,2
81451,130,176,-46,46
81452,94,103,-9,9
81453,182,175,7,7
81454,93,96,-3,3
81455,74,81,-7,7
81456,66,73,-7,7
81457,164,308,-144,144
81458,125,182,-57,57
81459,74,81,-7,7
81460,148,138,10,10
81461,69,85,-16,16
81462,98,95,3,3
81463,71,71,0,0
81464,107,106,1,1
81465,133,126,7,7
81466,72,61,11,11
81467,68,68,0,0
81468,97,88,9,9
81469,185,161,24,24
81470,184,184,0,0
81471,106,113,-7,7
81472,143,151,-8,8
81473,82,88,-6,6
81474,47,55,-8,8
81475,82,79,3,3
81476,97,89,8,8
81477,58,62,-4,4
81478,115,103,12,12
81479,137,125,12,12
81480,112,114,-2,2
81481,101,99,2,2
81482,56,59,-3,3
81483,80,73,7,7
81484,79,85,-6,6
81485,186,172,14,14
81486,79,70,9,9
81487,80,70,10,10
81488,85,87,-2,2
81489,123,114,9,9
81490,94,81,13,13
81491,71,88,-17,17
81492,83,89,-6,6
81493,45,56,-11,11
81494,120,152,-32,32
81495,165,158,7,7
81496,73,75,-2,2
81497,87,88,-1,1
81498,80,85,-5,5
81499,132,137,-5,5
81500,82,83,-1,1
81501,77,78,-1,1
81502,62,69,-7,7
81503,74,78,-4,4
81504,87,97,-10,10
81505,142,134,8,8
81506,119,106,13,13
81507,62,67,-5,5
