,original,predict,differ,abs
0,67,69,-2,2
1,58,62,-4,4
2,88,86,2,2
3,183,163,20,20
4,81,77,4,4
5,88,85,3,3
6,83,85,-2,2
7,183,152,31,31
8,81,78,3,3
9,117,114,3,3
10,64,57,7,7
11,59,65,-6,6
12,74,70,4,4
13,100,103,-3,3
14,103,98,5,5
15,66,63,3,3
16,97,92,5,5
17,120,104,16,16
18,79,79,0,0
19,110,112,-2,2
20,217,190,27,27
21,156,144,12,12
22,97,83,14,14
23,101,116,-15,15
24,82,74,8,8
25,127,114,13,13
26,112,107,5,5
27,191,159,32,32
28,48,54,-6,6
29,106,112,-6,6
30,133,126,7,7
31,57,58,-1,1
32,108,100,8,8
33,89,77,12,12
34,50,68,-18,18
35,62,61,1,1
36,102,94,8,8
37,55,54,1,1
38,89,101,-12,12
39,96,101,-5,5
40,70,68,2,2
41,115,113,2,2
42,82,78,4,4
43,102,96,6,6
44,167,136,31,31
45,82,84,-2,2
46,118,125,-7,7
47,85,76,9,9
48,93,90,3,3
49,111,90,21,21
50,77,67,10,10
51,136,127,9,9
52,109,93,16,16
53,85,89,-4,4
54,133,118,15,15
55,138,120,18,18
56,100,116,-16,16
57,130,122,8,8
58,96,98,-2,2
59,58,56,2,2
60,115,110,5,5
61,73,73,0,0
62,135,119,16,16
63,177,166,11,11
64,96,99,-3,3
65,77,79,-2,2
66,84,83,1,1
67,105,90,15,15
68,193,175,18,18
69,143,138,5,5
70,111,100,11,11
71,104,90,14,14
72,265,237,28,28
73,88,88,0,0
74,78,76,2,2
75,58,56,2,2
76,86,80,6,6
77,59,63,-4,4
78,139,134,5,5
79,96,89,7,7
80,90,83,7,7
81,83,78,5,5
82,133,124,9,9
83,141,135,6,6
84,72,64,8,8
85,75,70,5,5
86,43,52,-9,9
87,68,68,0,0
88,170,132,38,38
89,92,95,-3,3
90,64,84,-20,20
91,101,105,-4,4
92,82,75,7,7
93,81,72,9,9
94,75,73,2,2
95,99,93,6,6
96,45,54,-9,9
97,186,175,11,11
98,127,138,-11,11
99,100,100,0,0
100,66,64,2,2
101,129,105,24,24
102,107,106,1,1
103,128,119,9,9
104,90,80,10,10
105,68,67,1,1
106,107,105,2,2
107,90,83,7,7
108,89,88,1,1
109,70,69,1,1
110,174,144,30,30
111,90,72,18,18
112,76,75,1,1
113,67,62,5,5
114,76,83,-7,7
115,168,153,15,15
116,91,85,6,6
117,103,100,3,3
118,91,86,5,5
119,67,70,-3,3
120,118,118,0,0
121,51,54,-3,3
122,76,77,-1,1
123,110,114,-4,4
124,99,90,9,9
125,96,93,3,3
126,169,159,10,10
127,89,91,-2,2
128,94,96,-2,2
129,123,126,-3,3
130,186,166,20,20
131,132,125,7,7
132,102,86,16,16
133,78,79,-1,1
134,129,112,17,17
135,116,98,18,18
136,136,124,12,12
137,131,128,3,3
138,105,100,5,5
139,69,68,1,1
140,66,59,7,7
141,127,116,11,11
142,127,117,10,10
143,66,77,-11,11
144,112,116,-4,4
145,115,103,12,12
146,98,85,13,13
147,69,63,6,6
148,93,79,14,14
149,121,124,-3,3
150,92,92,0,0
151,73,70,3,3
152,139,131,8,8
153,80,81,-1,1
154,89,88,1,1
155,67,63,4,4
156,66,62,4,4
157,81,83,-2,2
158,59,60,-1,1
159,128,123,5,5
160,109,108,1,1
161,50,55,-5,5
162,74,63,11,11
163,80,79,1,1
164,132,125,7,7
165,51,53,-2,2
166,115,108,7,7
167,70,85,-15,15
168,159,140,19,19
169,151,147,4,4
170,94,94,0,0
171,81,90,-9,9
172,77,78,-1,1
173,42,51,-9,9
174,135,123,12,12
175,106,95,11,11
176,50,55,-5,5
177,162,136,26,26
178,130,109,21,21
179,120,100,20,20
180,84,85,-1,1
181,76,79,-3,3
182,67,65,2,2
183,75,67,8,8
184,39,52,-13,13
185,119,101,18,18
186,55,59,-4,4
187,90,82,8,8
188,124,123,1,1
189,171,161,10,10
190,70,67,3,3
191,137,130,7,7
192,127,128,-1,1
193,143,142,1,1
194,195,155,40,40
195,112,104,8,8
196,43,56,-13,13
197,114,104,10,10
198,111,107,4,4
199,80,78,2,2
200,128,105,23,23
201,176,168,8,8
202,64,59,5,5
203,142,132,10,10
204,100,88,12,12
205,63,55,8,8
206,145,129,16,16
207,101,93,8,8
208,78,71,7,7
209,98,89,9,9
210,147,143,4,4
211,50,55,-5,5
212,70,66,4,4
213,175,159,16,16
214,87,95,-8,8
215,87,75,12,12
216,108,118,-10,10
217,67,63,4,4
218,95,97,-2,2
219,89,94,-5,5
220,135,136,-1,1
221,79,87,-8,8
222,43,53,-10,10
223,195,156,39,39
224,83,85,-2,2
225,81,86,-5,5
226,63,69,-6,6
227,119,112,7,7
228,98,94,4,4
229,44,54,-10,10
230,47,57,-10,10
231,87,68,19,19
232,90,79,11,11
233,62,60,2,2
234,103,94,9,9
235,140,139,1,1
236,114,110,4,4
237,57,67,-10,10
238,81,75,6,6
239,74,93,-19,19
240,61,70,-9,9
241,43,53,-10,10
242,55,61,-6,6
243,100,86,14,14
244,124,108,16,16
245,107,104,3,3
246,121,120,1,1
247,86,91,-5,5
248,146,130,16,16
249,147,143,4,4
250,47,52,-5,5
251,124,111,13,13
252,89,89,0,0
253,50,57,-7,7
254,110,109,1,1
255,158,147,11,11
256,86,78,8,8
257,102,102,0,0
258,107,107,0,0
259,64,69,-5,5
260,136,123,13,13
261,125,105,20,20
262,115,100,15,15
263,71,67,4,4
264,80,77,3,3
265,82,83,-1,1
266,79,78,1,1
267,102,92,10,10
268,49,56,-7,7
269,109,108,1,1
270,52,54,-2,2
271,72,66,6,6
272,68,71,-3,3
273,151,149,2,2
274,112,107,5,5
275,97,109,-12,12
276,82,89,-7,7
277,72,76,-4,4
278,125,128,-3,3
279,128,125,3,3
280,94,91,3,3
281,76,67,9,9
282,71,72,-1,1
283,112,107,5,5
284,75,69,6,6
285,77,73,4,4
286,78,68,10,10
287,89,80,9,9
288,88,80,8,8
289,97,92,5,5
290,80,72,8,8
291,67,69,-2,2
292,83,84,-1,1
293,85,83,2,2
294,76,66,10,10
295,64,62,2,2
296,107,107,0,0
297,141,147,-6,6
298,130,119,11,11
299,51,62,-11,11
300,66,58,8,8
301,75,72,3,3
302,186,162,24,24
303,86,76,10,10
304,141,136,5,5
305,83,75,8,8
306,85,78,7,7
307,148,127,21,21
308,87,83,4,4
309,77,67,10,10
310,27,57,-30,30
311,88,88,0,0
312,92,83,9,9
313,86,89,-3,3
314,135,128,7,7
315,77,67,10,10
316,73,69,4,4
317,133,133,0,0
318,51,54,-3,3
319,125,115,10,10
320,98,106,-8,8
321,143,131,12,12
322,140,133,7,7
323,87,92,-5,5
324,89,72,17,17
325,69,69,0,0
326,96,74,22,22
327,127,117,10,10
328,79,74,5,5
329,137,120,17,17
330,85,85,0,0
331,84,83,1,1
332,52,60,-8,8
333,77,71,6,6
334,78,82,-4,4
335,104,93,11,11
336,89,90,-1,1
337,89,72,17,17
338,56,52,4,4
339,106,81,25,25
340,71,64,7,7
341,132,116,16,16
342,82,73,9,9
343,100,91,9,9
344,51,62,-11,11
345,66,61,5,5
346,85,73,12,12
347,112,110,2,2
348,34,55,-21,21
349,134,116,18,18
350,93,96,-3,3
351,114,129,-15,15
352,137,120,17,17
353,88,88,0,0
354,108,112,-4,4
355,106,93,13,13
356,146,172,-26,26
357,54,67,-13,13
358,170,133,37,37
359,86,71,15,15
360,110,91,19,19
361,82,75,7,7
362,101,91,10,10
363,64,68,-4,4
364,44,52,-8,8
365,84,77,7,7
366,60,59,1,1
367,101,103,-2,2
368,120,106,14,14
369,60,58,2,2
370,130,120,10,10
371,41,53,-12,12
372,116,104,12,12
373,58,57,1,1
374,77,71,6,6
375,96,96,0,0
376,88,91,-3,3
377,103,96,7,7
378,35,83,-48,48
379,64,60,4,4
380,86,73,13,13
381,89,88,1,1
382,108,103,5,5
383,116,104,12,12
384,82,80,2,2
385,65,68,-3,3
386,64,69,-5,5
387,134,126,8,8
388,65,66,-1,1
389,77,73,4,4
390,120,116,4,4
391,54,57,-3,3
392,90,87,3,3
393,87,87,0,0
394,97,92,5,5
395,17,58,-41,41
396,69,87,-18,18
397,31,54,-23,23
398,90,85,5,5
399,104,105,-1,1
400,97,90,7,7
401,52,62,-10,10
402,81,79,2,2
403,88,84,4,4
404,150,144,6,6
405,103,112,-9,9
406,47,52,-5,5
407,119,113,6,6
408,107,109,-2,2
409,88,62,26,26
410,85,82,3,3
411,95,96,-1,1
412,89,78,11,11
413,87,86,1,1
414,148,127,21,21
415,98,93,5,5
416,148,144,4,4
417,77,79,-2,2
418,70,70,0,0
419,64,63,1,1
420,110,124,-14,14
421,143,143,0,0
422,122,162,-40,40
423,82,80,2,2
424,112,106,6,6
425,128,126,2,2
426,148,141,7,7
427,80,74,6,6
428,56,66,-10,10
429,90,86,4,4
430,110,105,5,5
431,88,93,-5,5
432,91,83,8,8
433,99,93,6,6
434,122,113,9,9
435,66,61,5,5
436,106,97,9,9
437,65,58,7,7
438,164,144,20,20
439,68,65,3,3
440,48,65,-17,17
441,88,77,11,11
442,107,102,5,5
443,58,62,-4,4
444,91,84,7,7
445,113,102,11,11
446,107,96,11,11
447,101,91,10,10
448,72,81,-9,9
449,134,125,9,9
450,87,85,2,2
451,64,63,1,1
452,72,65,7,7
453,146,145,1,1
454,110,107,3,3
455,104,99,5,5
456,129,130,-1,1
457,134,136,-2,2
458,123,122,1,1
459,62,58,4,4
460,71,66,5,5
461,58,61,-3,3
462,88,81,7,7
463,134,127,7,7
464,81,76,5,5
465,77,88,-11,11
466,118,110,8,8
467,131,121,10,10
468,66,65,1,1
469,61,58,3,3
470,43,52,-9,9
471,121,114,7,7
472,101,107,-6,6
473,112,97,15,15
474,67,61,6,6
475,88,80,8,8
476,57,54,3,3
477,93,80,13,13
478,77,61,16,16
479,57,60,-3,3
480,55,65,-10,10
481,68,64,4,4
482,118,111,7,7
483,63,64,-1,1
484,110,110,0,0
485,58,56,2,2
486,119,102,17,17
487,110,134,-24,24
488,146,135,11,11
489,50,53,-3,3
490,104,97,7,7
491,136,122,14,14
492,145,143,2,2
493,110,93,17,17
494,124,124,0,0
495,117,112,5,5
496,134,125,9,9
497,98,83,15,15
498,104,122,-18,18
499,78,74,4,4
500,100,90,10,10
501,45,53,-8,8
502,108,110,-2,2
503,50,57,-7,7
504,69,71,-2,2
505,106,96,10,10
506,66,60,6,6
507,61,62,-1,1
508,96,89,7,7
509,96,87,9,9
510,53,54,-1,1
511,93,95,-2,2
512,80,70,10,10
513,73,71,2,2
514,70,75,-5,5
515,100,85,15,15
516,137,126,11,11
517,114,112,2,2
518,70,67,3,3
519,55,66,-11,11
520,108,87,21,21
521,138,133,5,5
522,95,91,4,4
523,142,133,9,9
524,83,80,3,3
525,122,109,13,13
526,97,93,4,4
527,56,57,-1,1
528,122,116,6,6
529,73,71,2,2
530,69,63,6,6
531,95,96,-1,1
532,68,74,-6,6
533,95,86,9,9
534,78,89,-11,11
535,90,84,6,6
536,106,102,4,4
537,42,53,-11,11
538,76,78,-2,2
539,157,158,-1,1
540,119,111,8,8
541,99,98,1,1
542,61,65,-4,4
543,102,94,8,8
544,92,90,2,2
545,124,107,17,17
546,82,83,-1,1
547,76,76,0,0
548,67,68,-1,1
549,148,133,15,15
550,74,74,0,0
551,66,68,-2,2
552,108,105,3,3
553,64,63,1,1
554,102,96,6,6
555,63,63,0,0
556,66,57,9,9
557,74,68,6,6
558,74,70,4,4
559,67,66,1,1
560,86,92,-6,6
561,81,90,-9,9
562,90,90,0,0
563,47,53,-6,6
564,68,74,-6,6
565,88,74,14,14
566,83,77,6,6
567,76,73,3,3
568,55,54,1,1
569,100,106,-6,6
570,108,118,-10,10
571,178,157,21,21
572,80,77,3,3
573,82,83,-1,1
574,149,124,25,25
575,69,69,0,0
576,70,73,-3,3
577,90,100,-10,10
578,91,87,4,4
579,75,64,11,11
580,88,81,7,7
581,134,120,14,14
582,49,55,-6,6
583,51,57,-6,6
584,113,107,6,6
585,88,85,3,3
586,53,59,-6,6
587,84,70,14,14
588,105,97,8,8
589,85,79,6,6
590,105,97,8,8
591,75,71,4,4
592,139,127,12,12
593,103,93,10,10
594,87,89,-2,2
595,65,74,-9,9
596,74,69,5,5
597,98,102,-4,4
598,110,101,9,9
599,112,104,8,8
600,88,80,8,8
601,85,80,5,5
602,55,55,0,0
603,86,78,8,8
604,124,120,4,4
605,114,109,5,5
606,57,56,1,1
607,56,59,-3,3
608,78,72,6,6
609,122,130,-8,8
610,79,66,13,13
611,81,71,10,10
612,117,108,9,9
613,112,116,-4,4
614,95,95,0,0
615,195,167,28,28
616,76,84,-8,8
617,104,91,13,13
618,112,103,9,9
619,103,104,-1,1
620,91,95,-4,4
621,105,95,10,10
622,127,103,24,24
623,60,62,-2,2
624,111,106,5,5
625,106,104,2,2
626,109,104,5,5
627,85,84,1,1
628,67,72,-5,5
629,81,80,1,1
630,83,82,1,1
631,56,61,-5,5
632,92,86,6,6
633,71,78,-7,7
634,95,85,10,10
635,93,91,2,2
636,144,141,3,3
637,53,58,-5,5
638,77,84,-7,7
639,71,69,2,2
640,95,96,-1,1
641,95,98,-3,3
642,61,55,6,6
643,141,123,18,18
644,133,120,13,13
645,94,85,9,9
646,112,109,3,3
647,84,80,4,4
648,92,89,3,3
649,84,79,5,5
650,94,92,2,2
651,72,71,1,1
652,102,115,-13,13
653,61,63,-2,2
654,108,110,-2,2
655,105,101,4,4
656,85,85,0,0
657,74,75,-1,1
658,50,54,-4,4
659,101,92,9,9
660,82,72,10,10
661,108,88,20,20
662,148,137,11,11
663,126,117,9,9
664,136,141,-5,5
665,75,75,0,0
666,36,52,-16,16
667,42,58,-16,16
668,69,64,5,5
669,126,116,10,10
670,109,93,16,16
671,90,83,7,7
672,116,104,12,12
673,151,177,-26,26
674,147,138,9,9
675,52,89,-37,37
676,107,107,0,0
677,90,87,3,3
678,162,142,20,20
679,103,100,3,3
680,150,131,19,19
681,62,84,-22,22
682,111,107,4,4
683,77,82,-5,5
684,166,161,5,5
685,151,151,0,0
686,116,113,3,3
687,79,76,3,3
688,94,113,-19,19
689,110,109,1,1
690,152,130,22,22
691,176,151,25,25
692,92,93,-1,1
693,156,140,16,16
694,92,92,0,0
695,77,71,6,6
696,32,55,-23,23
697,87,84,3,3
698,108,104,4,4
699,104,89,15,15
700,70,67,3,3
701,66,57,9,9
702,118,108,10,10
703,65,63,2,2
704,111,96,15,15
705,74,66,8,8
706,81,83,-2,2
707,88,77,11,11
708,87,81,6,6
709,116,118,-2,2
710,47,52,-5,5
711,95,95,0,0
712,44,52,-8,8
713,91,99,-8,8
714,83,82,1,1
715,137,129,8,8
716,80,77,3,3
717,147,128,19,19
718,119,121,-2,2
719,137,107,30,30
720,133,134,-1,1
721,89,88,1,1
722,150,137,13,13
723,108,103,5,5
724,96,76,20,20
725,88,81,7,7
726,140,124,16,16
727,128,128,0,0
728,53,56,-3,3
729,100,112,-12,12
730,58,68,-10,10
731,110,97,13,13
732,125,118,7,7
733,124,103,21,21
734,109,116,-7,7
735,122,119,3,3
736,95,91,4,4
737,93,92,1,1
738,85,73,12,12
739,98,81,17,17
740,68,75,-7,7
741,48,51,-3,3
742,97,97,0,0
743,81,79,2,2
744,88,79,9,9
745,91,106,-15,15
746,64,62,2,2
747,204,177,27,27
748,114,105,9,9
749,185,147,38,38
750,75,71,4,4
751,70,61,9,9
752,145,137,8,8
753,87,80,7,7
754,45,55,-10,10
755,73,69,4,4
756,125,124,1,1
757,60,60,0,0
758,95,92,3,3
759,119,96,23,23
760,76,69,7,7
761,56,57,-1,1
762,44,61,-17,17
763,98,96,2,2
764,86,76,10,10
765,161,138,23,23
766,102,114,-12,12
767,103,96,7,7
768,69,71,-2,2
769,151,146,5,5
770,92,71,21,21
771,80,85,-5,5
772,87,85,2,2
773,108,96,12,12
774,51,55,-4,4
775,110,106,4,4
776,64,58,6,6
777,73,68,5,5
778,92,85,7,7
779,93,87,6,6
780,103,97,6,6
781,49,55,-6,6
782,71,74,-3,3
783,70,64,6,6
784,67,63,4,4
785,100,93,7,7
786,93,96,-3,3
787,75,72,3,3
788,97,96,1,1
789,84,86,-2,2
790,140,122,18,18
791,151,136,15,15
792,78,80,-2,2
793,79,75,4,4
794,108,114,-6,6
795,95,94,1,1
796,98,88,10,10
797,119,119,0,0
798,83,91,-8,8
799,67,69,-2,2
800,64,63,1,1
801,102,94,8,8
802,75,72,3,3
803,68,79,-11,11
804,78,74,4,4
805,53,54,-1,1
806,126,118,8,8
807,89,89,0,0
808,85,93,-8,8
809,64,66,-2,2
810,85,80,5,5
811,74,67,7,7
812,66,62,4,4
813,79,69,10,10
814,125,105,20,20
815,119,108,11,11
816,26,54,-28,28
817,66,65,1,1
818,88,78,10,10
819,111,94,17,17
820,86,79,7,7
821,76,84,-8,8
822,86,78,8,8
823,145,127,18,18
824,46,53,-7,7
825,107,95,12,12
826,99,85,14,14
827,63,64,-1,1
828,68,67,1,1
829,100,87,13,13
830,110,114,-4,4
831,77,76,1,1
832,66,68,-2,2
833,64,60,4,4
834,77,80,-3,3
835,144,137,7,7
836,106,99,7,7
837,93,93,0,0
838,73,77,-4,4
839,103,102,1,1
840,105,105,0,0
841,75,73,2,2
842,83,76,7,7
843,112,107,5,5
844,156,142,14,14
845,156,140,16,16
846,77,77,0,0
847,76,74,2,2
848,95,91,4,4
849,41,53,-12,12
850,106,111,-5,5
851,135,124,11,11
852,92,94,-2,2
853,91,95,-4,4
854,112,105,7,7
855,84,86,-2,2
856,77,69,8,8
857,29,59,-30,30
858,64,64,0,0
859,143,120,23,23
860,59,55,4,4
861,155,145,10,10
862,207,158,49,49
863,129,114,15,15
864,115,104,11,11
865,108,94,14,14
866,162,141,21,21
867,69,71,-2,2
868,62,71,-9,9
869,79,90,-11,11
870,57,60,-3,3
871,90,87,3,3
872,98,93,5,5
873,108,102,6,6
874,80,96,-16,16
875,114,103,11,11
876,57,55,2,2
877,41,102,-61,61
878,90,83,7,7
879,84,69,15,15
880,87,85,2,2
881,70,77,-7,7
882,109,104,5,5
883,76,71,5,5
884,62,68,-6,6
885,83,77,6,6
886,124,124,0,0
887,122,123,-1,1
888,55,57,-2,2
889,108,113,-5,5
890,109,111,-2,2
891,52,67,-15,15
892,134,116,18,18
893,60,54,6,6
894,71,72,-1,1
895,123,112,11,11
896,60,62,-2,2
897,140,129,11,11
898,109,90,19,19
899,150,161,-11,11
900,74,74,0,0
901,94,81,13,13
902,71,72,-1,1
903,139,128,11,11
904,87,95,-8,8
905,72,71,1,1
906,53,53,0,0
907,163,141,22,22
908,111,91,20,20
909,70,63,7,7
910,46,57,-11,11
911,138,131,7,7
912,127,117,10,10
913,70,70,0,0
914,107,116,-9,9
915,64,62,2,2
916,69,77,-8,8
917,196,176,20,20
918,136,133,3,3
919,52,55,-3,3
920,79,81,-2,2
921,109,112,-3,3
922,78,76,2,2
923,115,110,5,5
924,77,79,-2,2
925,110,101,9,9
926,74,67,7,7
927,49,54,-5,5
928,55,58,-3,3
929,145,128,17,17
930,119,113,6,6
931,96,91,5,5
932,196,175,21,21
933,72,74,-2,2
934,90,97,-7,7
935,62,100,-38,38
936,118,104,14,14
937,137,135,2,2
938,79,74,5,5
939,152,139,13,13
940,87,94,-7,7
941,112,106,6,6
942,62,64,-2,2
943,72,75,-3,3
944,109,102,7,7
945,83,77,6,6
946,68,62,6,6
947,97,94,3,3
948,59,60,-1,1
949,173,144,29,29
950,73,67,6,6
951,85,86,-1,1
952,62,60,2,2
953,75,69,6,6
954,90,89,1,1
955,93,93,0,0
956,98,94,4,4
957,116,107,9,9
958,50,52,-2,2
959,106,104,2,2
960,114,104,10,10
961,98,87,11,11
962,184,170,14,14
963,69,70,-1,1
964,147,138,9,9
965,29,61,-32,32
966,108,112,-4,4
967,65,70,-5,5
968,96,90,6,6
969,84,84,0,0
970,70,65,5,5
971,162,146,16,16
972,112,109,3,3
973,71,69,2,2
974,139,126,13,13
975,72,76,-4,4
976,68,69,-1,1
977,76,75,1,1
978,87,87,0,0
979,52,54,-2,2
980,115,109,6,6
981,161,143,18,18
982,88,76,12,12
983,107,100,7,7
984,84,74,10,10
985,90,85,5,5
986,55,56,-1,1
987,138,126,12,12
988,90,81,9,9
989,114,101,13,13
990,111,122,-11,11
991,44,52,-8,8
992,111,115,-4,4
993,128,106,22,22
994,98,88,10,10
995,93,81,12,12
996,74,69,5,5
997,130,126,4,4
998,82,88,-6,6
999,178,150,28,28
1000,42,52,-10,10
1001,96,89,7,7
1002,39,54,-15,15
1003,75,75,0,0
1004,147,137,10,10
1005,102,101,1,1
1006,212,177,35,35
1007,64,62,2,2
1008,91,88,3,3
1009,39,52,-13,13
1010,92,98,-6,6
1011,159,143,16,16
1012,119,107,12,12
1013,128,122,6,6
1014,125,116,9,9
1015,63,66,-3,3
1016,117,107,10,10
1017,117,116,1,1
1018,35,51,-16,16
1019,108,106,2,2
1020,108,98,10,10
1021,77,72,5,5
1022,88,84,4,4
1023,45,53,-8,8
1024,88,96,-8,8
1025,110,97,13,13
1026,93,84,9,9
1027,77,80,-3,3
1028,144,128,16,16
1029,63,67,-4,4
1030,56,54,2,2
1031,143,130,13,13
1032,119,128,-9,9
1033,85,80,5,5
1034,94,88,6,6
1035,115,117,-2,2
1036,117,116,1,1
1037,71,65,6,6
1038,79,78,1,1
1039,119,83,36,36
1040,78,75,3,3
1041,101,109,-8,8
1042,89,92,-3,3
1043,91,92,-1,1
1044,112,106,6,6
1045,131,124,7,7
1046,43,52,-9,9
1047,162,150,12,12
1048,55,55,0,0
1049,116,113,3,3
1050,49,53,-4,4
1051,88,77,11,11
1052,108,105,3,3
1053,72,66,6,6
1054,115,105,10,10
1055,55,55,0,0
1056,146,131,15,15
1057,97,73,24,24
1058,81,78,3,3
1059,146,129,17,17
1060,133,121,12,12
1061,62,65,-3,3
1062,148,137,11,11
1063,98,87,11,11
1064,81,68,13,13
1065,73,73,0,0
1066,81,73,8,8
1067,148,134,14,14
1068,141,124,17,17
1069,56,60,-4,4
1070,123,117,6,6
1071,83,74,9,9
1072,117,115,2,2
1073,99,96,3,3
1074,99,100,-1,1
1075,64,61,3,3
1076,92,80,12,12
1077,40,52,-12,12
1078,183,159,24,24
1079,44,58,-14,14
1080,115,110,5,5
1081,49,62,-13,13
1082,127,118,9,9
1083,155,134,21,21
1084,81,86,-5,5
1085,92,81,11,11
1086,74,61,13,13
1087,108,105,3,3
1088,57,61,-4,4
1089,61,64,-3,3
1090,125,125,0,0
1091,97,85,12,12
1092,60,91,-31,31
1093,78,74,4,4
1094,71,76,-5,5
1095,84,82,2,2
1096,177,156,21,21
1097,80,73,7,7
1098,130,126,4,4
1099,81,82,-1,1
1100,88,84,4,4
1101,56,55,1,1
1102,149,136,13,13
1103,92,79,13,13
1104,90,87,3,3
1105,45,57,-12,12
1106,63,69,-6,6
1107,92,90,2,2
1108,124,121,3,3
1109,140,136,4,4
1110,122,130,-8,8
1111,47,53,-6,6
1112,67,70,-3,3
1113,199,171,28,28
1114,110,131,-21,21
1115,78,83,-5,5
1116,42,52,-10,10
1117,51,58,-7,7
1118,183,150,33,33
1119,160,153,7,7
1120,117,111,6,6
1121,70,69,1,1
1122,90,81,9,9
1123,101,105,-4,4
1124,73,71,2,2
1125,64,63,1,1
1126,69,66,3,3
1127,98,93,5,5
1128,121,115,6,6
1129,83,79,4,4
1130,170,158,12,12
1131,80,77,3,3
1132,68,69,-1,1
1133,130,132,-2,2
1134,66,72,-6,6
1135,65,79,-14,14
1136,95,91,4,4
1137,99,95,4,4
1138,95,112,-17,17
1139,174,158,16,16
1140,154,130,24,24
1141,121,104,17,17
1142,109,94,15,15
1143,87,98,-11,11
1144,61,56,5,5
1145,96,93,3,3
1146,96,90,6,6
1147,118,111,7,7
1148,97,87,10,10
1149,105,99,6,6
1150,87,82,5,5
1151,104,91,13,13
1152,80,84,-4,4
1153,54,60,-6,6
1154,92,85,7,7
1155,48,52,-4,4
1156,78,81,-3,3
1157,136,118,18,18
1158,139,122,17,17
1159,61,104,-43,43
1160,83,80,3,3
1161,103,106,-3,3
1162,128,121,7,7
1163,131,122,9,9
1164,76,75,1,1
1165,74,62,12,12
1166,135,130,5,5
1167,73,72,1,1
1168,115,116,-1,1
1169,81,85,-4,4
1170,140,127,13,13
1171,69,71,-2,2
1172,46,53,-7,7
1173,109,103,6,6
1174,197,167,30,30
1175,111,115,-4,4
1176,100,96,4,4
1177,77,72,5,5
1178,66,67,-1,1
1179,67,68,-1,1
1180,120,128,-8,8
1181,349,332,17,17
1182,78,73,5,5
1183,118,117,1,1
1184,51,60,-9,9
1185,82,82,0,0
1186,49,52,-3,3
1187,72,70,2,2
1188,112,276,-164,164
1189,140,114,26,26
1190,69,59,10,10
1191,94,92,2,2
1192,69,67,2,2
1193,96,98,-2,2
1194,77,114,-37,37
1195,92,97,-5,5
1196,141,139,2,2
1197,94,91,3,3
1198,92,76,16,16
1199,96,109,-13,13
1200,69,60,9,9
1201,35,53,-18,18
1202,78,74,4,4
1203,113,112,1,1
1204,99,88,11,11
1205,108,103,5,5
1206,118,105,13,13
1207,95,91,4,4
1208,106,105,1,1
1209,101,77,24,24
1210,77,86,-9,9
1211,97,88,9,9
1212,86,80,6,6
1213,60,58,2,2
1214,101,105,-4,4
1215,105,92,13,13
1216,73,73,0,0
1217,90,85,5,5
1218,121,109,12,12
1219,80,84,-4,4
1220,85,89,-4,4
1221,158,149,9,9
1222,75,74,1,1
1223,70,74,-4,4
1224,66,67,-1,1
1225,107,98,9,9
1226,182,168,14,14
1227,134,127,7,7
1228,103,94,9,9
1229,69,71,-2,2
1230,95,88,7,7
1231,33,51,-18,18
1232,58,56,2,2
1233,63,69,-6,6
1234,115,94,21,21
1235,111,99,12,12
1236,128,111,17,17
1237,141,126,15,15
1238,50,53,-3,3
1239,129,107,22,22
1240,49,57,-8,8
1241,91,84,7,7
1242,131,116,15,15
1243,120,101,19,19
1244,91,82,9,9
1245,108,106,2,2
1246,70,74,-4,4
1247,51,54,-3,3
1248,92,93,-1,1
1249,77,72,5,5
1250,149,133,16,16
1251,117,107,10,10
1252,144,139,5,5
1253,82,68,14,14
1254,107,107,0,0
1255,51,54,-3,3
1256,55,57,-2,2
1257,101,100,1,1
1258,99,92,7,7
1259,114,102,12,12
1260,55,65,-10,10
1261,83,79,4,4
1262,174,158,16,16
1263,136,124,12,12
1264,89,92,-3,3
1265,67,74,-7,7
1266,81,81,0,0
1267,122,119,3,3
1268,74,79,-5,5
1269,149,155,-6,6
1270,62,64,-2,2
1271,64,70,-6,6
1272,85,88,-3,3
1273,163,135,28,28
1274,72,69,3,3
1275,62,57,5,5
1276,50,56,-6,6
1277,57,63,-6,6
1278,82,89,-7,7
1279,58,58,0,0
1280,51,53,-2,2
1281,63,67,-4,4
1282,125,118,7,7
1283,78,81,-3,3
1284,57,54,3,3
1285,65,61,4,4
1286,111,114,-3,3
1287,90,81,9,9
1288,107,103,4,4
1289,81,75,6,6
1290,133,107,26,26
1291,111,114,-3,3
1292,64,69,-5,5
1293,56,72,-16,16
1294,51,60,-9,9
1295,64,65,-1,1
1296,156,141,15,15
1297,96,103,-7,7
1298,94,86,8,8
1299,65,91,-26,26
1300,167,148,19,19
1301,44,55,-11,11
1302,255,204,51,51
1303,80,73,7,7
1304,142,129,13,13
1305,73,60,13,13
1306,114,102,12,12
1307,81,70,11,11
1308,66,66,0,0
1309,91,87,4,4
1310,106,92,14,14
1311,84,88,-4,4
1312,120,111,9,9
1313,115,107,8,8
1314,130,122,8,8
1315,192,182,10,10
1316,150,134,16,16
1317,87,84,3,3
1318,69,71,-2,2
1319,170,167,3,3
1320,99,92,7,7
1321,72,76,-4,4
1322,106,96,10,10
1323,142,117,25,25
1324,44,53,-9,9
1325,87,92,-5,5
1326,72,72,0,0
1327,116,101,15,15
1328,66,65,1,1
1329,43,51,-8,8
1330,145,133,12,12
1331,92,86,6,6
1332,86,85,1,1
1333,87,91,-4,4
1334,71,68,3,3
1335,136,122,14,14
1336,73,75,-2,2
1337,81,83,-2,2
1338,65,62,3,3
1339,97,85,12,12
1340,61,59,2,2
1341,76,63,13,13
1342,55,57,-2,2
1343,100,90,10,10
1344,120,117,3,3
1345,110,119,-9,9
1346,103,98,5,5
1347,57,58,-1,1
1348,95,81,14,14
1349,82,84,-2,2
1350,105,108,-3,3
1351,68,70,-2,2
1352,177,155,22,22
1353,97,89,8,8
1354,150,126,24,24
1355,38,52,-14,14
1356,85,79,6,6
1357,79,78,1,1
1358,78,76,2,2
1359,98,94,4,4
1360,138,124,14,14
1361,92,79,13,13
1362,110,102,8,8
1363,135,136,-1,1
1364,96,95,1,1
1365,107,95,12,12
1366,84,85,-1,1
1367,82,74,8,8
1368,87,104,-17,17
1369,58,58,0,0
1370,55,54,1,1
1371,69,73,-4,4
1372,193,171,22,22
1373,102,106,-4,4
1374,105,95,10,10
1375,74,86,-12,12
1376,122,135,-13,13
1377,85,77,8,8
1378,103,96,7,7
1379,139,121,18,18
1380,91,81,10,10
1381,84,93,-9,9
1382,155,134,21,21
1383,73,67,6,6
1384,141,120,21,21
1385,70,67,3,3
1386,93,81,12,12
1387,100,86,14,14
1388,96,89,7,7
1389,56,58,-2,2
1390,93,112,-19,19
1391,97,115,-18,18
1392,43,54,-11,11
1393,58,55,3,3
1394,107,99,8,8
1395,118,110,8,8
1396,64,53,11,11
1397,114,96,18,18
1398,84,74,10,10
1399,68,69,-1,1
1400,170,140,30,30
1401,121,114,7,7
1402,180,164,16,16
1403,81,77,4,4
1404,131,117,14,14
1405,166,148,18,18
1406,83,81,2,2
1407,107,93,14,14
1408,95,94,1,1
1409,88,74,14,14
1410,149,135,14,14
1411,160,149,11,11
1412,112,108,4,4
1413,145,137,8,8
1414,38,51,-13,13
1415,104,98,6,6
1416,125,124,1,1
1417,86,81,5,5
1418,105,97,8,8
1419,44,53,-9,9
1420,116,100,16,16
1421,136,121,15,15
1422,149,132,17,17
1423,135,102,33,33
1424,51,59,-8,8
1425,94,100,-6,6
1426,88,95,-7,7
1427,128,125,3,3
1428,148,137,11,11
1429,103,106,-3,3
1430,59,61,-2,2
1431,75,72,3,3
1432,83,77,6,6
1433,73,71,2,2
1434,75,94,-19,19
1435,74,80,-6,6
1436,85,82,3,3
1437,74,63,11,11
1438,99,93,6,6
1439,122,120,2,2
1440,130,127,3,3
1441,61,64,-3,3
1442,48,54,-6,6
1443,111,111,0,0
1444,58,53,5,5
1445,61,72,-11,11
1446,129,124,5,5
1447,55,55,0,0
1448,159,142,17,17
1449,81,78,3,3
1450,44,54,-10,10
1451,64,60,4,4
1452,105,94,11,11
1453,131,127,4,4
1454,188,168,20,20
1455,107,99,8,8
1456,74,75,-1,1
1457,155,156,-1,1
1458,93,85,8,8
1459,125,119,6,6
1460,113,115,-2,2
1461,81,74,7,7
1462,73,69,4,4
1463,78,71,7,7
1464,124,106,18,18
1465,68,71,-3,3
1466,90,90,0,0
1467,108,94,14,14
1468,73,69,4,4
1469,92,86,6,6
1470,118,114,4,4
1471,70,59,11,11
1472,98,98,0,0
1473,70,65,5,5
1474,72,71,1,1
1475,107,92,15,15
1476,112,106,6,6
1477,118,111,7,7
1478,86,81,5,5
1479,114,88,26,26
1480,121,107,14,14
1481,120,104,16,16
1482,275,203,72,72
1483,98,86,12,12
1484,95,103,-8,8
1485,80,71,9,9
1486,126,125,1,1
1487,98,95,3,3
1488,133,139,-6,6
1489,61,61,0,0
1490,129,117,12,12
1491,117,108,9,9
1492,54,73,-19,19
1493,54,59,-5,5
1494,48,54,-6,6
1495,85,78,7,7
1496,56,73,-17,17
1497,77,85,-8,8
1498,140,120,20,20
1499,69,66,3,3
1500,88,86,2,2
1501,107,101,6,6
1502,81,79,2,2
1503,134,116,18,18
1504,80,78,2,2
1505,121,110,11,11
1506,111,101,10,10
1507,72,74,-2,2
1508,155,151,4,4
1509,61,65,-4,4
1510,70,73,-3,3
1511,55,58,-3,3
1512,74,74,0,0
1513,151,139,12,12
1514,38,53,-15,15
1515,164,174,-10,10
1516,66,75,-9,9
1517,58,55,3,3
1518,66,67,-1,1
1519,116,100,16,16
1520,71,84,-13,13
1521,99,98,1,1
1522,108,114,-6,6
1523,77,77,0,0
1524,56,60,-4,4
1525,126,107,19,19
1526,117,109,8,8
1527,71,62,9,9
1528,80,71,9,9
1529,69,67,2,2
1530,76,68,8,8
1531,137,125,12,12
1532,184,163,21,21
1533,131,114,17,17
1534,149,132,17,17
1535,95,90,5,5
1536,122,115,7,7
1537,54,61,-7,7
1538,88,89,-1,1
1539,83,82,1,1
1540,69,72,-3,3
1541,87,96,-9,9
1542,156,144,12,12
1543,118,115,3,3
1544,55,56,-1,1
1545,83,82,1,1
1546,81,90,-9,9
1547,101,109,-8,8
1548,73,72,1,1
1549,105,102,3,3
1550,82,83,-1,1
1551,65,66,-1,1
1552,78,75,3,3
1553,115,106,9,9
1554,133,115,18,18
1555,58,67,-9,9
1556,108,106,2,2
1557,128,124,4,4
1558,136,115,21,21
1559,37,54,-17,17
1560,95,98,-3,3
1561,121,114,7,7
1562,87,78,9,9
1563,100,115,-15,15
1564,89,81,8,8
1565,126,127,-1,1
1566,109,115,-6,6
1567,103,95,8,8
1568,150,133,17,17
1569,94,121,-27,27
1570,148,149,-1,1
1571,60,60,0,0
1572,70,69,1,1
1573,131,128,3,3
1574,70,62,8,8
1575,95,97,-2,2
1576,66,69,-3,3
1577,86,73,13,13
1578,91,82,9,9
1579,75,82,-7,7
1580,46,54,-8,8
1581,100,99,1,1
1582,98,91,7,7
1583,92,81,11,11
1584,112,98,14,14
1585,167,150,17,17
1586,90,93,-3,3
1587,109,100,9,9
1588,93,105,-12,12
1589,61,63,-2,2
1590,123,114,9,9
1591,93,93,0,0
1592,74,63,11,11
1593,36,54,-18,18
1594,89,80,9,9
1595,144,145,-1,1
1596,80,79,1,1
1597,114,106,8,8
1598,106,103,3,3
1599,57,58,-1,1
1600,70,76,-6,6
1601,112,109,3,3
1602,92,82,10,10
1603,106,95,11,11
1604,122,125,-3,3
1605,128,117,11,11
1606,109,105,4,4
1607,75,72,3,3
1608,120,103,17,17
1609,60,54,6,6
1610,137,120,17,17
1611,78,77,1,1
1612,93,92,1,1
1613,91,86,5,5
1614,84,81,3,3
1615,137,129,8,8
1616,43,54,-11,11
1617,74,65,9,9
1618,77,72,5,5
1619,114,111,3,3
1620,104,86,18,18
1621,101,99,2,2
1622,43,53,-10,10
1623,106,102,4,4
1624,90,84,6,6
1625,114,115,-1,1
1626,82,71,11,11
1627,62,68,-6,6
1628,112,103,9,9
1629,46,54,-8,8
1630,104,83,21,21
1631,106,99,7,7
1632,62,57,5,5
1633,123,116,7,7
1634,95,92,3,3
1635,64,68,-4,4
1636,76,80,-4,4
1637,104,97,7,7
1638,126,117,9,9
1639,144,131,13,13
1640,119,117,2,2
1641,74,66,8,8
1642,51,55,-4,4
1643,91,91,0,0
1644,86,91,-5,5
1645,95,83,12,12
1646,72,73,-1,1
1647,162,144,18,18
1648,87,79,8,8
1649,91,88,3,3
1650,122,131,-9,9
1651,70,68,2,2
1652,106,112,-6,6
1653,89,96,-7,7
1654,59,54,5,5
1655,44,53,-9,9
1656,74,64,10,10
1657,77,75,2,2
1658,135,121,14,14
1659,107,100,7,7
1660,64,61,3,3
1661,52,66,-14,14
1662,61,61,0,0
1663,74,72,2,2
1664,87,93,-6,6
1665,106,96,10,10
1666,64,62,2,2
1667,70,71,-1,1
1668,77,77,0,0
1669,62,64,-2,2
1670,67,65,2,2
1671,109,101,8,8
1672,118,114,4,4
1673,74,78,-4,4
1674,100,94,6,6
1675,83,93,-10,10
1676,83,71,12,12
1677,121,110,11,11
1678,79,80,-1,1
1679,46,52,-6,6
1680,92,82,10,10
1681,102,95,7,7
1682,103,90,13,13
1683,64,59,5,5
1684,101,93,8,8
1685,105,97,8,8
1686,55,57,-2,2
1687,66,62,4,4
1688,60,60,0,0
1689,62,64,-2,2
1690,150,145,5,5
1691,84,84,0,0
1692,98,103,-5,5
1693,59,62,-3,3
1694,57,59,-2,2
1695,88,119,-31,31
1696,146,142,4,4
1697,58,58,0,0
1698,73,64,9,9
1699,192,171,21,21
1700,58,55,3,3
1701,97,83,14,14
1702,84,80,4,4
1703,149,133,16,16
1704,162,136,26,26
1705,53,63,-10,10
1706,48,55,-7,7
1707,103,109,-6,6
1708,64,65,-1,1
1709,85,80,5,5
1710,64,65,-1,1
1711,73,68,5,5
1712,72,66,6,6
1713,136,110,26,26
1714,103,95,8,8
1715,161,143,18,18
1716,89,84,5,5
1717,102,89,13,13
1718,66,110,-44,44
1719,87,80,7,7
1720,101,97,4,4
1721,90,92,-2,2
1722,108,108,0,0
1723,59,63,-4,4
1724,118,108,10,10
1725,56,55,1,1
1726,195,173,22,22
1727,70,64,6,6
1728,90,87,3,3
1729,108,107,1,1
1730,118,126,-8,8
1731,74,73,1,1
1732,115,108,7,7
1733,31,53,-22,22
1734,121,119,2,2
1735,43,51,-8,8
1736,78,71,7,7
1737,63,63,0,0
1738,57,57,0,0
1739,53,57,-4,4
1740,63,64,-1,1
1741,88,83,5,5
1742,80,87,-7,7
1743,133,134,-1,1
1744,90,81,9,9
1745,130,125,5,5
1746,70,67,3,3
1747,169,145,24,24
1748,45,53,-8,8
1749,171,155,16,16
1750,84,79,5,5
1751,95,96,-1,1
1752,73,74,-1,1
1753,59,58,1,1
1754,82,87,-5,5
1755,101,91,10,10
1756,77,85,-8,8
1757,57,63,-6,6
1758,97,89,8,8
1759,69,69,0,0
1760,82,65,17,17
1761,60,77,-17,17
1762,70,68,2,2
1763,79,80,-1,1
1764,127,116,11,11
1765,92,104,-12,12
1766,119,119,0,0
1767,59,59,0,0
1768,66,73,-7,7
1769,44,54,-10,10
1770,46,53,-7,7
1771,129,110,19,19
1772,93,82,11,11
1773,98,118,-20,20
1774,89,80,9,9
1775,74,69,5,5
1776,96,92,4,4
1777,103,87,16,16
1778,84,88,-4,4
1779,75,72,3,3
1780,167,144,23,23
1781,85,82,3,3
1782,108,117,-9,9
1783,59,57,2,2
1784,101,97,4,4
1785,76,73,3,3
1786,118,110,8,8
1787,67,65,2,2
1788,53,62,-9,9
1789,108,104,4,4
1790,103,91,12,12
1791,130,133,-3,3
1792,83,79,4,4
1793,52,65,-13,13
1794,79,81,-2,2
1795,80,84,-4,4
1796,88,66,22,22
1797,55,59,-4,4
1798,53,58,-5,5
1799,116,104,12,12
1800,103,95,8,8
1801,73,76,-3,3
1802,72,71,1,1
1803,155,135,20,20
1804,205,191,14,14
1805,55,55,0,0
1806,119,115,4,4
1807,93,84,9,9
1808,81,81,0,0
1809,93,89,4,4
1810,121,119,2,2
1811,62,59,3,3
1812,61,64,-3,3
1813,113,108,5,5
1814,79,71,8,8
1815,130,127,3,3
1816,68,75,-7,7
1817,81,76,5,5
1818,114,101,13,13
1819,101,83,18,18
1820,63,55,8,8
1821,87,99,-12,12
1822,117,114,3,3
1823,114,110,4,4
1824,109,104,5,5
1825,96,90,6,6
1826,54,56,-2,2
1827,132,123,9,9
1828,85,84,1,1
1829,70,63,7,7
1830,60,54,6,6
1831,68,67,1,1
1832,48,53,-5,5
1833,75,77,-2,2
1834,126,115,11,11
1835,106,98,8,8
1836,60,58,2,2
1837,70,60,10,10
1838,52,53,-1,1
1839,86,76,10,10
1840,74,69,5,5
1841,118,104,14,14
1842,43,53,-10,10
1843,207,188,19,19
1844,97,85,12,12
1845,78,72,6,6
1846,100,99,1,1
1847,108,93,15,15
1848,73,70,3,3
1849,151,136,15,15
1850,45,54,-9,9
1851,81,74,7,7
1852,68,68,0,0
1853,140,142,-2,2
1854,121,111,10,10
1855,88,101,-13,13
1856,42,52,-10,10
1857,76,78,-2,2
1858,89,84,5,5
1859,61,63,-2,2
1860,98,85,13,13
1861,78,78,0,0
1862,54,56,-2,2
1863,128,141,-13,13
1864,160,145,15,15
1865,65,66,-1,1
1866,109,102,7,7
1867,149,150,-1,1
1868,112,103,9,9
1869,78,72,6,6
1870,61,56,5,5
1871,82,72,10,10
1872,54,55,-1,1
1873,45,53,-8,8
1874,102,93,9,9
1875,92,89,3,3
1876,121,114,7,7
1877,119,113,6,6
1878,84,75,9,9
1879,99,101,-2,2
1880,116,116,0,0
1881,119,110,9,9
1882,157,146,11,11
1883,119,101,18,18
1884,92,83,9,9
1885,60,66,-6,6
1886,101,98,3,3
1887,90,89,1,1
1888,132,130,2,2
1889,156,146,10,10
1890,101,96,5,5
1891,88,81,7,7
1892,141,112,29,29
1893,56,58,-2,2
1894,85,72,13,13
1895,182,155,27,27
1896,127,110,17,17
1897,76,71,5,5
1898,83,75,8,8
1899,59,61,-2,2
1900,33,54,-21,21
1901,38,53,-15,15
1902,90,75,15,15
1903,87,98,-11,11
1904,81,88,-7,7
1905,123,123,0,0
1906,111,104,7,7
1907,207,202,5,5
1908,140,129,11,11
1909,90,82,8,8
1910,67,69,-2,2
1911,102,126,-24,24
1912,65,64,1,1
1913,81,80,1,1
1914,75,74,1,1
1915,93,94,-1,1
1916,87,99,-12,12
1917,183,154,29,29
1918,95,93,2,2
1919,200,183,17,17
1920,95,89,6,6
1921,199,173,26,26
1922,87,72,15,15
1923,56,56,0,0
1924,55,62,-7,7
1925,90,95,-5,5
1926,64,68,-4,4
1927,57,57,0,0
1928,179,179,0,0
1929,78,73,5,5
1930,54,56,-2,2
1931,112,103,9,9
1932,69,82,-13,13
1933,73,76,-3,3
1934,64,67,-3,3
1935,65,68,-3,3
1936,63,60,3,3
1937,159,140,19,19
1938,71,75,-4,4
1939,90,84,6,6
1940,116,108,8,8
1941,110,103,7,7
1942,80,82,-2,2
1943,116,117,-1,1
1944,101,105,-4,4
1945,145,134,11,11
1946,144,137,7,7
1947,163,140,23,23
1948,115,118,-3,3
1949,115,117,-2,2
1950,102,99,3,3
1951,105,80,25,25
1952,61,57,4,4
1953,74,71,3,3
1954,88,83,5,5
1955,86,75,11,11
1956,98,96,2,2
1957,113,107,6,6
1958,82,70,12,12
1959,124,103,21,21
1960,76,70,6,6
1961,137,132,5,5
1962,88,95,-7,7
1963,130,117,13,13
1964,75,66,9,9
1965,97,81,16,16
1966,114,116,-2,2
1967,92,88,4,4
1968,106,102,4,4
1969,89,90,-1,1
1970,72,89,-17,17
1971,92,88,4,4
1972,66,65,1,1
1973,26,50,-24,24
1974,106,96,10,10
1975,82,83,-1,1
1976,112,108,4,4
1977,94,87,7,7
1978,106,99,7,7
1979,114,105,9,9
1980,85,98,-13,13
1981,144,139,5,5
1982,137,122,15,15
1983,56,61,-5,5
1984,62,55,7,7
1985,65,69,-4,4
1986,71,75,-4,4
1987,78,83,-5,5
1988,66,58,8,8
1989,106,105,1,1
1990,74,97,-23,23
1991,46,118,-72,72
1992,140,126,14,14
1993,129,119,10,10
1994,83,83,0,0
1995,81,82,-1,1
1996,49,53,-4,4
1997,124,114,10,10
1998,42,54,-12,12
1999,89,84,5,5
2000,101,88,13,13
2001,184,186,-2,2
2002,113,107,6,6
2003,212,185,27,27
2004,120,109,11,11
2005,95,92,3,3
2006,120,116,4,4
2007,97,92,5,5
2008,72,70,2,2
2009,80,67,13,13
2010,87,92,-5,5
2011,100,94,6,6
2012,185,168,17,17
2013,90,89,1,1
2014,77,78,-1,1
2015,67,68,-1,1
2016,63,66,-3,3
2017,74,71,3,3
2018,104,93,11,11
2019,129,122,7,7
2020,73,68,5,5
2021,128,115,13,13
2022,64,62,2,2
2023,88,74,14,14
2024,47,58,-11,11
2025,68,62,6,6
2026,75,68,7,7
2027,75,73,2,2
2028,80,82,-2,2
2029,61,63,-2,2
2030,74,71,3,3
2031,79,82,-3,3
2032,62,69,-7,7
2033,121,123,-2,2
2034,77,76,1,1
2035,104,104,0,0
2036,116,108,8,8
2037,61,74,-13,13
2038,86,79,7,7
2039,83,88,-5,5
2040,119,114,5,5
2041,109,113,-4,4
2042,83,92,-9,9
2043,66,65,1,1
2044,112,111,1,1
2045,110,106,4,4
2046,115,117,-2,2
2047,97,92,5,5
2048,115,109,6,6
2049,78,79,-1,1
2050,58,56,2,2
2051,98,100,-2,2
2052,104,98,6,6
2053,109,97,12,12
2054,143,131,12,12
2055,98,94,4,4
2056,56,60,-4,4
2057,61,60,1,1
2058,86,81,5,5
2059,73,73,0,0
2060,101,95,6,6
2061,165,141,24,24
2062,64,68,-4,4
2063,62,57,5,5
2064,68,64,4,4
2065,101,102,-1,1
2066,72,82,-10,10
2067,56,55,1,1
2068,109,94,15,15
2069,63,57,6,6
2070,48,54,-6,6
2071,134,129,5,5
2072,91,98,-7,7
2073,80,80,0,0
2074,112,104,8,8
2075,49,54,-5,5
2076,91,84,7,7
2077,75,79,-4,4
2078,86,74,12,12
2079,142,126,16,16
2080,79,71,8,8
2081,122,125,-3,3
2082,139,132,7,7
2083,79,64,15,15
2084,184,156,28,28
2085,134,156,-22,22
2086,99,92,7,7
2087,59,66,-7,7
2088,77,78,-1,1
2089,84,79,5,5
2090,116,116,0,0
2091,41,53,-12,12
2092,70,69,1,1
2093,39,54,-15,15
2094,82,82,0,0
2095,58,60,-2,2
2096,166,146,20,20
2097,71,72,-1,1
2098,119,108,11,11
2099,92,98,-6,6
2100,116,114,2,2
2101,121,108,13,13
2102,106,98,8,8
2103,82,79,3,3
2104,137,128,9,9
2105,113,111,2,2
2106,84,85,-1,1
2107,136,119,17,17
2108,57,58,-1,1
2109,142,129,13,13
2110,55,54,1,1
2111,82,81,1,1
2112,208,184,24,24
2113,101,84,17,17
2114,156,154,2,2
2115,175,150,25,25
2116,137,117,20,20
2117,105,116,-11,11
2118,84,86,-2,2
2119,78,75,3,3
2120,115,98,17,17
2121,74,70,4,4
2122,67,67,0,0
2123,46,54,-8,8
2124,123,116,7,7
2125,68,65,3,3
2126,110,113,-3,3
2127,95,90,5,5
2128,77,83,-6,6
2129,86,90,-4,4
2130,62,57,5,5
2131,91,79,12,12
2132,76,73,3,3
2133,92,73,19,19
2134,98,89,9,9
2135,108,102,6,6
2136,142,131,11,11
2137,111,77,34,34
2138,96,96,0,0
2139,86,81,5,5
2140,138,126,12,12
2141,89,88,1,1
2142,149,131,18,18
2143,82,84,-2,2
2144,135,129,6,6
2145,94,89,5,5
2146,79,79,0,0
2147,84,84,0,0
2148,44,74,-30,30
2149,46,59,-13,13
2150,96,92,4,4
2151,114,107,7,7
2152,57,59,-2,2
2153,79,73,6,6
2154,78,87,-9,9
2155,117,132,-15,15
2156,98,86,12,12
2157,57,55,2,2
2158,99,86,13,13
2159,97,90,7,7
2160,98,85,13,13
2161,70,65,5,5
2162,102,103,-1,1
2163,82,85,-3,3
2164,81,77,4,4
2165,69,69,0,0
2166,66,59,7,7
2167,97,81,16,16
2168,86,85,1,1
2169,58,56,2,2
2170,83,91,-8,8
2171,78,80,-2,2
2172,64,58,6,6
2173,127,97,30,30
2174,73,61,12,12
2175,70,78,-8,8
2176,93,93,0,0
2177,116,111,5,5
2178,103,88,15,15
2179,44,57,-13,13
2180,84,91,-7,7
2181,116,96,20,20
2182,102,105,-3,3
2183,56,56,0,0
2184,117,108,9,9
2185,111,106,5,5
2186,82,87,-5,5
2187,115,103,12,12
2188,96,102,-6,6
2189,137,106,31,31
2190,111,111,0,0
2191,63,67,-4,4
2192,65,61,4,4
2193,57,55,2,2
2194,82,71,11,11
2195,64,78,-14,14
2196,100,94,6,6
2197,68,64,4,4
2198,57,61,-4,4
2199,76,70,6,6
2200,138,129,9,9
2201,61,66,-5,5
2202,80,82,-2,2
2203,98,100,-2,2
2204,137,130,7,7
2205,101,93,8,8
2206,122,119,3,3
2207,75,80,-5,5
2208,118,109,9,9
2209,87,88,-1,1
2210,116,106,10,10
2211,97,96,1,1
2212,147,153,-6,6
2213,74,66,8,8
2214,55,59,-4,4
2215,110,93,17,17
2216,93,91,2,2
2217,64,69,-5,5
2218,105,111,-6,6
2219,70,94,-24,24
2220,92,81,11,11
2221,63,60,3,3
2222,93,90,3,3
2223,60,74,-14,14
2224,82,81,1,1
2225,108,104,4,4
2226,118,111,7,7
2227,167,157,10,10
2228,112,105,7,7
2229,85,82,3,3
2230,77,92,-15,15
2231,105,105,0,0
2232,144,134,10,10
2233,159,161,-2,2
2234,68,65,3,3
2235,42,54,-12,12
2236,111,120,-9,9
2237,67,74,-7,7
2238,135,120,15,15
2239,45,57,-12,12
2240,79,75,4,4
2241,117,115,2,2
2242,94,88,6,6
2243,44,77,-33,33
2244,94,101,-7,7
2245,140,121,19,19
2246,98,92,6,6
2247,66,70,-4,4
2248,63,66,-3,3
2249,65,72,-7,7
2250,104,103,1,1
2251,92,95,-3,3
2252,86,86,0,0
2253,81,81,0,0
2254,77,84,-7,7
2255,78,75,3,3
2256,48,54,-6,6
2257,39,53,-14,14
2258,47,52,-5,5
2259,94,100,-6,6
2260,161,147,14,14
2261,72,61,11,11
2262,35,53,-18,18
2263,89,95,-6,6
2264,69,90,-21,21
2265,102,103,-1,1
2266,79,93,-14,14
2267,107,91,16,16
2268,111,123,-12,12
2269,95,95,0,0
2270,102,99,3,3
2271,89,93,-4,4
2272,65,60,5,5
2273,108,103,5,5
2274,57,68,-11,11
2275,103,98,5,5
2276,151,122,29,29
2277,184,157,27,27
2278,78,75,3,3
2279,185,151,34,34
2280,63,67,-4,4
2281,131,121,10,10
2282,155,134,21,21
2283,87,78,9,9
2284,136,126,10,10
2285,104,104,0,0
2286,54,55,-1,1
2287,107,103,4,4
2288,64,60,4,4
2289,68,67,1,1
2290,90,89,1,1
2291,65,70,-5,5
2292,86,92,-6,6
2293,78,76,2,2
2294,72,64,8,8
2295,50,58,-8,8
2296,107,103,4,4
2297,101,214,-113,113
2298,104,97,7,7
2299,47,53,-6,6
2300,87,80,7,7
2301,102,103,-1,1
2302,103,91,12,12
2303,62,56,6,6
2304,57,59,-2,2
2305,68,73,-5,5
2306,109,104,5,5
2307,80,84,-4,4
2308,76,76,0,0
2309,97,97,0,0
2310,83,76,7,7
2311,116,110,6,6
2312,72,67,5,5
2313,49,56,-7,7
2314,108,107,1,1
2315,106,89,17,17
2316,135,117,18,18
2317,115,116,-1,1
2318,111,99,12,12
2319,95,82,13,13
2320,56,64,-8,8
2321,154,131,23,23
2322,106,100,6,6
2323,71,71,0,0
2324,92,84,8,8
2325,96,82,14,14
2326,75,75,0,0
2327,127,111,16,16
2328,66,67,-1,1
2329,78,71,7,7
2330,148,140,8,8
2331,95,87,8,8
2332,145,120,25,25
2333,80,83,-3,3
2334,48,52,-4,4
2335,73,78,-5,5
2336,128,130,-2,2
2337,38,56,-18,18
2338,180,166,14,14
2339,63,64,-1,1
2340,60,57,3,3
2341,149,139,10,10
2342,97,99,-2,2
2343,57,59,-2,2
2344,158,134,24,24
2345,85,88,-3,3
2346,83,72,11,11
2347,145,131,14,14
2348,76,73,3,3
2349,107,95,12,12
2350,177,160,17,17
2351,106,89,17,17
2352,73,72,1,1
2353,43,53,-10,10
2354,141,118,23,23
2355,100,101,-1,1
2356,81,96,-15,15
2357,267,210,57,57
2358,69,66,3,3
2359,114,113,1,1
2360,110,105,5,5
2361,107,108,-1,1
2362,95,82,13,13
2363,92,81,11,11
2364,166,142,24,24
2365,83,85,-2,2
2366,140,123,17,17
2367,102,93,9,9
2368,82,84,-2,2
2369,88,90,-2,2
2370,129,106,23,23
2371,171,165,6,6
2372,53,56,-3,3
2373,139,116,23,23
2374,131,115,16,16
2375,137,118,19,19
2376,65,67,-2,2
2377,83,83,0,0
2378,191,175,16,16
2379,65,58,7,7
2380,197,176,21,21
2381,101,98,3,3
2382,147,134,13,13
2383,159,150,9,9
2384,46,53,-7,7
2385,151,135,16,16
2386,104,95,9,9
2387,132,130,2,2
2388,67,63,4,4
2389,80,79,1,1
2390,198,178,20,20
2391,116,126,-10,10
2392,72,102,-30,30
2393,152,132,20,20
2394,63,71,-8,8
2395,61,62,-1,1
2396,112,107,5,5
2397,96,84,12,12
2398,90,83,7,7
2399,118,118,0,0
2400,102,101,1,1
2401,65,63,2,2
2402,93,93,0,0
2403,64,61,3,3
2404,88,114,-26,26
2405,116,107,9,9
2406,94,104,-10,10
2407,96,103,-7,7
2408,83,93,-10,10
2409,125,122,3,3
2410,71,65,6,6
2411,147,147,0,0
2412,117,118,-1,1
2413,125,117,8,8
2414,65,59,6,6
2415,69,72,-3,3
2416,72,68,4,4
2417,80,82,-2,2
2418,73,67,6,6
2419,62,65,-3,3
2420,126,119,7,7
2421,56,57,-1,1
2422,90,95,-5,5
2423,95,98,-3,3
2424,67,71,-4,4
2425,37,54,-17,17
2426,128,119,9,9
2427,63,60,3,3
2428,32,57,-25,25
2429,63,61,2,2
2430,42,54,-12,12
2431,90,89,1,1
2432,58,57,1,1
2433,159,136,23,23
2434,114,118,-4,4
2435,76,74,2,2
2436,71,68,3,3
2437,91,84,7,7
2438,144,127,17,17
2439,71,68,3,3
2440,70,73,-3,3
2441,109,106,3,3
2442,86,82,4,4
2443,114,111,3,3
2444,66,55,11,11
2445,92,81,11,11
2446,71,71,0,0
2447,92,84,8,8
2448,137,144,-7,7
2449,73,80,-7,7
2450,73,75,-2,2
2451,101,91,10,10
2452,119,108,11,11
2453,97,93,4,4
2454,110,100,10,10
2455,69,67,2,2
2456,81,75,6,6
2457,67,67,0,0
2458,139,127,12,12
2459,88,85,3,3
2460,114,104,10,10
2461,64,59,5,5
2462,86,81,5,5
2463,122,115,7,7
2464,122,112,10,10
2465,94,87,7,7
2466,128,126,2,2
2467,83,75,8,8
2468,92,86,6,6
2469,175,158,17,17
2470,141,135,6,6
2471,72,77,-5,5
2472,135,139,-4,4
2473,84,78,6,6
2474,123,111,12,12
2475,113,112,1,1
2476,135,125,10,10
2477,83,80,3,3
2478,58,62,-4,4
2479,146,141,5,5
2480,123,120,3,3
2481,50,53,-3,3
2482,67,76,-9,9
2483,80,83,-3,3
2484,136,127,9,9
2485,165,151,14,14
2486,84,76,8,8
2487,107,97,10,10
2488,151,143,8,8
2489,111,107,4,4
2490,51,59,-8,8
2491,78,78,0,0
2492,145,119,26,26
2493,54,58,-4,4
2494,86,78,8,8
2495,93,90,3,3
2496,117,105,12,12
2497,52,54,-2,2
2498,84,87,-3,3
2499,196,186,10,10
2500,70,62,8,8
2501,166,156,10,10
2502,103,85,18,18
2503,67,77,-10,10
2504,54,60,-6,6
2505,91,88,3,3
2506,124,119,5,5
2507,80,78,2,2
2508,111,108,3,3
2509,108,92,16,16
2510,134,135,-1,1
2511,98,96,2,2
2512,64,84,-20,20
2513,73,73,0,0
2514,94,92,2,2
2515,61,71,-10,10
2516,90,92,-2,2
2517,102,95,7,7
2518,150,132,18,18
2519,97,100,-3,3
2520,76,73,3,3
2521,58,59,-1,1
2522,90,76,14,14
2523,70,68,2,2
2524,65,65,0,0
2525,78,78,0,0
2526,53,58,-5,5
2527,83,73,10,10
2528,103,75,28,28
2529,74,69,5,5
2530,173,160,13,13
2531,63,66,-3,3
2532,104,98,6,6
2533,96,96,0,0
2534,110,117,-7,7
2535,83,79,4,4
2536,89,87,2,2
2537,95,98,-3,3
2538,74,78,-4,4
2539,55,53,2,2
2540,117,113,4,4
2541,32,51,-19,19
2542,64,71,-7,7
2543,103,84,19,19
2544,121,115,6,6
2545,129,115,14,14
2546,90,92,-2,2
2547,119,137,-18,18
2548,105,91,14,14
2549,78,71,7,7
2550,159,135,24,24
2551,73,74,-1,1
2552,128,121,7,7
2553,149,144,5,5
2554,129,109,20,20
2555,87,89,-2,2
2556,69,69,0,0
2557,120,110,10,10
2558,57,55,2,2
2559,107,113,-6,6
2560,56,57,-1,1
2561,128,83,45,45
2562,153,131,22,22
2563,114,120,-6,6
2564,96,97,-1,1
2565,111,104,7,7
2566,130,127,3,3
2567,88,88,0,0
2568,75,73,2,2
2569,85,87,-2,2
2570,105,98,7,7
2571,48,53,-5,5
2572,98,94,4,4
2573,62,67,-5,5
2574,142,131,11,11
2575,91,72,19,19
2576,85,85,0,0
2577,67,62,5,5
2578,116,105,11,11
2579,82,86,-4,4
2580,136,132,4,4
2581,145,120,25,25
2582,76,79,-3,3
2583,46,55,-9,9
2584,112,123,-11,11
2585,119,118,1,1
2586,75,86,-11,11
2587,58,66,-8,8
2588,90,96,-6,6
2589,106,109,-3,3
2590,117,110,7,7
2591,97,90,7,7
2592,142,142,0,0
2593,156,141,15,15
2594,136,88,48,48
2595,73,78,-5,5
2596,98,82,16,16
2597,79,82,-3,3
2598,130,129,1,1
2599,114,115,-1,1
2600,122,114,8,8
2601,87,77,10,10
2602,136,123,13,13
2603,157,140,17,17
2604,53,56,-3,3
2605,106,99,7,7
2606,62,64,-2,2
2607,87,88,-1,1
2608,75,70,5,5
2609,71,70,1,1
2610,87,83,4,4
2611,81,76,5,5
2612,110,103,7,7
2613,119,115,4,4
2614,103,95,8,8
2615,65,59,6,6
2616,137,116,21,21
2617,66,73,-7,7
2618,78,72,6,6
2619,93,95,-2,2
2620,117,107,10,10
2621,95,90,5,5
2622,88,82,6,6
2623,102,86,16,16
2624,49,54,-5,5
2625,82,75,7,7
2626,70,75,-5,5
2627,78,82,-4,4
2628,75,67,8,8
2629,80,87,-7,7
2630,133,118,15,15
2631,82,81,1,1
2632,147,105,42,42
2633,174,154,20,20
2634,65,65,0,0
2635,95,90,5,5
2636,105,92,13,13
2637,72,65,7,7
2638,78,79,-1,1
2639,137,130,7,7
2640,153,136,17,17
2641,131,144,-13,13
2642,53,57,-4,4
2643,88,77,11,11
2644,74,75,-1,1
2645,62,62,0,0
2646,97,103,-6,6
2647,121,114,7,7
2648,106,107,-1,1
2649,76,102,-26,26
2650,103,100,3,3
2651,87,74,13,13
2652,67,60,7,7
2653,68,88,-20,20
2654,123,109,14,14
2655,68,65,3,3
2656,115,109,6,6
2657,116,102,14,14
2658,95,89,6,6
2659,57,62,-5,5
2660,106,100,6,6
2661,85,81,4,4
2662,106,91,15,15
2663,87,81,6,6
2664,86,83,3,3
2665,84,85,-1,1
2666,60,57,3,3
2667,99,99,0,0
2668,84,94,-10,10
2669,60,58,2,2
2670,134,113,21,21
2671,130,126,4,4
2672,78,73,5,5
2673,62,62,0,0
2674,90,79,11,11
2675,105,104,1,1
2676,104,102,2,2
2677,102,96,6,6
2678,125,120,5,5
2679,74,65,9,9
2680,100,95,5,5
2681,103,104,-1,1
2682,77,64,13,13
2683,86,81,5,5
2684,97,100,-3,3
2685,81,85,-4,4
2686,88,92,-4,4
2687,52,56,-4,4
2688,59,66,-7,7
2689,89,81,8,8
2690,51,63,-12,12
2691,45,55,-10,10
2692,103,108,-5,5
2693,70,74,-4,4
2694,148,135,13,13
2695,91,95,-4,4
2696,45,53,-8,8
2697,146,141,5,5
2698,119,113,6,6
2699,107,111,-4,4
2700,170,148,22,22
2701,62,58,4,4
2702,130,107,23,23
2703,40,58,-18,18
2704,91,83,8,8
2705,61,61,0,0
2706,72,64,8,8
2707,113,110,3,3
2708,120,93,27,27
2709,52,59,-7,7
2710,43,55,-12,12
2711,63,57,6,6
2712,106,104,2,2
2713,109,106,3,3
2714,136,128,8,8
2715,100,97,3,3
2716,58,59,-1,1
2717,64,60,4,4
2718,135,132,3,3
2719,125,119,6,6
2720,91,103,-12,12
2721,81,80,1,1
2722,53,55,-2,2
2723,120,114,6,6
2724,96,95,1,1
2725,42,53,-11,11
2726,122,117,5,5
2727,67,61,6,6
2728,97,88,9,9
2729,65,64,1,1
2730,86,85,1,1
2731,72,66,6,6
2732,62,60,2,2
2733,72,65,7,7
2734,83,70,13,13
2735,129,125,4,4
2736,109,104,5,5
2737,72,82,-10,10
2738,78,81,-3,3
2739,175,169,6,6
2740,125,117,8,8
2741,65,59,6,6
2742,122,114,8,8
2743,79,80,-1,1
2744,35,53,-18,18
2745,86,90,-4,4
2746,120,108,12,12
2747,96,93,3,3
2748,152,144,8,8
2749,114,116,-2,2
2750,94,97,-3,3
2751,67,67,0,0
2752,94,96,-2,2
2753,145,122,23,23
2754,52,55,-3,3
2755,108,108,0,0
2756,86,93,-7,7
2757,91,89,2,2
2758,132,124,8,8
2759,160,151,9,9
2760,94,79,15,15
2761,136,119,17,17
2762,46,53,-7,7
2763,76,67,9,9
2764,66,70,-4,4
2765,72,70,2,2
2766,102,99,3,3
2767,77,77,0,0
2768,56,56,0,0
2769,139,137,2,2
2770,217,186,31,31
2771,105,105,0,0
2772,86,77,9,9
2773,172,148,24,24
2774,131,125,6,6
2775,141,128,13,13
2776,85,85,0,0
2777,68,59,9,9
2778,90,92,-2,2
2779,75,73,2,2
2780,82,80,2,2
2781,76,67,9,9
2782,92,88,4,4
2783,76,74,2,2
2784,108,103,5,5
2785,99,93,6,6
2786,65,68,-3,3
2787,101,106,-5,5
2788,196,173,23,23
2789,80,83,-3,3
2790,130,126,4,4
2791,57,67,-10,10
2792,105,92,13,13
2793,83,83,0,0
2794,75,85,-10,10
2795,37,53,-16,16
2796,92,97,-5,5
2797,70,68,2,2
2798,35,51,-16,16
2799,120,109,11,11
2800,87,73,14,14
2801,56,54,2,2
2802,84,79,5,5
2803,185,166,19,19
2804,95,76,19,19
2805,76,72,4,4
2806,60,59,1,1
2807,84,82,2,2
2808,67,65,2,2
2809,79,75,4,4
2810,106,99,7,7
2811,121,113,8,8
2812,81,89,-8,8
2813,93,87,6,6
2814,150,137,13,13
2815,104,105,-1,1
2816,95,90,5,5
2817,120,106,14,14
2818,140,137,3,3
2819,106,113,-7,7
2820,92,77,15,15
2821,75,72,3,3
2822,69,78,-9,9
2823,78,71,7,7
2824,57,58,-1,1
2825,71,65,6,6
2826,110,99,11,11
2827,90,87,3,3
2828,58,56,2,2
2829,52,55,-3,3
2830,108,107,1,1
2831,53,58,-5,5
2832,102,96,6,6
2833,89,90,-1,1
2834,158,138,20,20
2835,81,71,10,10
2836,93,100,-7,7
2837,127,116,11,11
2838,117,109,8,8
2839,105,93,12,12
2840,133,123,10,10
2841,106,95,11,11
2842,149,136,13,13
2843,117,109,8,8
2844,92,88,4,4
2845,74,73,1,1
2846,156,142,14,14
2847,90,84,6,6
2848,116,113,3,3
2849,118,111,7,7
2850,109,108,1,1
2851,110,106,4,4
2852,84,89,-5,5
2853,120,106,14,14
2854,145,136,9,9
2855,64,62,2,2
2856,95,110,-15,15
2857,54,57,-3,3
2858,109,100,9,9
2859,81,77,4,4
2860,74,74,0,0
2861,123,122,1,1
2862,88,82,6,6
2863,153,152,1,1
2864,119,123,-4,4
2865,100,92,8,8
2866,91,85,6,6
2867,85,68,17,17
2868,72,65,7,7
2869,137,121,16,16
2870,120,138,-18,18
2871,58,58,0,0
2872,106,100,6,6
2873,100,89,11,11
2874,75,75,0,0
2875,71,65,6,6
2876,90,85,5,5
2877,56,60,-4,4
2878,109,104,5,5
2879,97,100,-3,3
2880,95,88,7,7
2881,84,77,7,7
2882,64,61,3,3
2883,79,73,6,6
2884,66,66,0,0
2885,65,68,-3,3
2886,117,114,3,3
2887,143,137,6,6
2888,65,62,3,3
2889,80,76,4,4
2890,111,116,-5,5
2891,116,109,7,7
2892,80,128,-48,48
2893,89,89,0,0
2894,181,155,26,26
2895,95,84,11,11
2896,81,78,3,3
2897,172,143,29,29
2898,137,118,19,19
2899,83,80,3,3
2900,98,96,2,2
2901,131,119,12,12
2902,75,73,2,2
2903,160,145,15,15
2904,115,101,14,14
2905,124,121,3,3
2906,121,107,14,14
2907,113,104,9,9
2908,116,106,10,10
2909,62,66,-4,4
2910,94,87,7,7
2911,92,88,4,4
2912,144,130,14,14
2913,37,79,-42,42
2914,65,69,-4,4
2915,159,164,-5,5
2916,76,69,7,7
2917,116,112,4,4
2918,79,75,4,4
2919,89,98,-9,9
2920,79,74,5,5
2921,100,105,-5,5
2922,92,85,7,7
2923,90,86,4,4
2924,53,56,-3,3
2925,97,103,-6,6
2926,148,134,14,14
2927,104,108,-4,4
2928,57,54,3,3
2929,71,71,0,0
2930,116,122,-6,6
2931,191,177,14,14
2932,122,114,8,8
2933,60,62,-2,2
2934,125,143,-18,18
2935,69,76,-7,7
2936,98,95,3,3
2937,131,114,17,17
2938,105,104,1,1
2939,103,95,8,8
2940,60,64,-4,4
2941,67,65,2,2
2942,118,112,6,6
2943,58,77,-19,19
2944,76,70,6,6
2945,109,96,13,13
2946,72,69,3,3
2947,87,81,6,6
2948,57,59,-2,2
2949,85,84,1,1
2950,78,80,-2,2
2951,88,80,8,8
2952,75,70,5,5
2953,124,112,12,12
2954,84,88,-4,4
2955,112,103,9,9
2956,98,86,12,12
2957,152,138,14,14
2958,54,54,0,0
2959,121,120,1,1
2960,164,146,18,18
2961,58,59,-1,1
2962,164,153,11,11
2963,47,55,-8,8
2964,163,164,-1,1
2965,104,95,9,9
2966,66,69,-3,3
2967,111,106,5,5
2968,60,65,-5,5
2969,45,54,-9,9
2970,98,82,16,16
2971,129,115,14,14
2972,94,91,3,3
2973,100,97,3,3
2974,88,90,-2,2
2975,79,72,7,7
2976,73,75,-2,2
2977,125,117,8,8
2978,91,93,-2,2
2979,102,100,2,2
2980,137,125,12,12
2981,186,170,16,16
2982,67,67,0,0
2983,59,60,-1,1
2984,36,52,-16,16
2985,128,116,12,12
2986,80,72,8,8
2987,102,114,-12,12
2988,137,113,24,24
2989,58,61,-3,3
2990,94,91,3,3
2991,90,80,10,10
2992,110,98,12,12
2993,101,107,-6,6
2994,78,76,2,2
2995,121,103,18,18
2996,87,81,6,6
2997,81,86,-5,5
2998,70,72,-2,2
2999,142,130,12,12
3000,93,90,3,3
3001,98,85,13,13
3002,125,119,6,6
3003,65,60,5,5
3004,126,117,9,9
3005,77,73,4,4
3006,79,78,1,1
3007,85,86,-1,1
3008,65,62,3,3
3009,74,75,-1,1
3010,124,123,1,1
3011,112,97,15,15
3012,99,101,-2,2
3013,73,65,8,8
3014,97,92,5,5
3015,73,70,3,3
3016,58,77,-19,19
3017,172,156,16,16
3018,91,84,7,7
3019,67,66,1,1
3020,100,96,4,4
3021,110,108,2,2
3022,58,63,-5,5
3023,96,95,1,1
3024,69,75,-6,6
3025,91,89,2,2
3026,64,63,1,1
3027,71,69,2,2
3028,49,64,-15,15
3029,88,92,-4,4
3030,147,121,26,26
3031,71,66,5,5
3032,117,107,10,10
3033,89,92,-3,3
3034,95,88,7,7
3035,78,81,-3,3
3036,82,92,-10,10
3037,72,76,-4,4
3038,137,114,23,23
3039,122,125,-3,3
3040,115,105,10,10
3041,120,110,10,10
3042,119,118,1,1
3043,84,79,5,5
3044,88,80,8,8
3045,60,59,1,1
3046,115,109,6,6
3047,81,75,6,6
3048,136,141,-5,5
3049,85,91,-6,6
3050,100,106,-6,6
3051,118,118,0,0
3052,109,102,7,7
3053,61,74,-13,13
3054,105,101,4,4
3055,206,176,30,30
3056,112,106,6,6
3057,83,81,2,2
3058,181,171,10,10
3059,151,135,16,16
3060,104,101,3,3
3061,83,96,-13,13
3062,109,97,12,12
3063,62,62,0,0
3064,76,74,2,2
3065,86,90,-4,4
3066,127,110,17,17
3067,83,78,5,5
3068,122,104,18,18
3069,103,103,0,0
3070,107,103,4,4
3071,94,89,5,5
3072,103,86,17,17
3073,72,68,4,4
3074,66,66,0,0
3075,70,83,-13,13
3076,54,54,0,0
3077,57,65,-8,8
3078,165,157,8,8
3079,125,114,11,11
3080,125,125,0,0
3081,92,88,4,4
3082,53,52,1,1
3083,106,119,-13,13
3084,95,87,8,8
3085,94,85,9,9
3086,72,74,-2,2
3087,78,73,5,5
3088,113,107,6,6
3089,106,92,14,14
3090,101,94,7,7
3091,102,109,-7,7
3092,95,85,10,10
3093,69,71,-2,2
3094,74,66,8,8
3095,104,90,14,14
3096,78,79,-1,1
3097,86,88,-2,2
3098,41,52,-11,11
3099,86,84,2,2
3100,80,74,6,6
3101,182,157,25,25
3102,83,83,0,0
3103,65,62,3,3
3104,81,71,10,10
3105,159,145,14,14
3106,103,97,6,6
3107,102,92,10,10
3108,60,55,5,5
3109,142,120,22,22
3110,62,61,1,1
3111,129,120,9,9
3112,79,85,-6,6
3113,87,84,3,3
3114,127,112,15,15
3115,56,59,-3,3
3116,94,103,-9,9
3117,90,82,8,8
3118,62,68,-6,6
3119,60,65,-5,5
3120,110,128,-18,18
3121,98,97,1,1
3122,58,60,-2,2
3123,88,84,4,4
3124,35,51,-16,16
3125,138,131,7,7
3126,73,74,-1,1
3127,99,79,20,20
3128,87,79,8,8
3129,69,70,-1,1
3130,102,89,13,13
3131,89,90,-1,1
3132,106,93,13,13
3133,116,106,10,10
3134,69,68,1,1
3135,75,69,6,6
3136,91,81,10,10
3137,67,67,0,0
3138,133,133,0,0
3139,76,76,0,0
3140,103,90,13,13
3141,71,61,10,10
3142,135,123,12,12
3143,99,98,1,1
3144,104,96,8,8
3145,146,126,20,20
3146,57,55,2,2
3147,108,109,-1,1
3148,82,74,8,8
3149,106,94,12,12
3150,110,105,5,5
3151,98,96,2,2
3152,62,56,6,6
3153,102,99,3,3
3154,130,126,4,4
3155,108,94,14,14
3156,61,62,-1,1
3157,73,83,-10,10
3158,54,57,-3,3
3159,63,57,6,6
3160,140,117,23,23
3161,47,111,-64,64
3162,68,76,-8,8
3163,134,118,16,16
3164,106,98,8,8
3165,72,72,0,0
3166,107,104,3,3
3167,107,101,6,6
3168,53,55,-2,2
3169,112,102,10,10
3170,124,115,9,9
3171,103,96,7,7
3172,76,79,-3,3
3173,103,101,2,2
3174,92,93,-1,1
3175,40,53,-13,13
3176,79,75,4,4
3177,83,86,-3,3
3178,77,75,2,2
3179,75,69,6,6
3180,63,56,7,7
3181,134,126,8,8
3182,66,67,-1,1
3183,173,161,12,12
3184,100,84,16,16
3185,119,99,20,20
3186,143,137,6,6
3187,61,68,-7,7
3188,59,63,-4,4
3189,91,94,-3,3
3190,61,61,0,0
3191,127,120,7,7
3192,164,153,11,11
3193,81,75,6,6
3194,136,125,11,11
3195,73,77,-4,4
3196,72,71,1,1
3197,82,77,5,5
3198,79,76,3,3
3199,70,74,-4,4
3200,95,90,5,5
3201,63,61,2,2
3202,67,66,1,1
3203,127,124,3,3
3204,107,99,8,8
3205,58,59,-1,1
3206,91,89,2,2
3207,60,57,3,3
3208,94,102,-8,8
3209,90,73,17,17
3210,49,59,-10,10
3211,94,112,-18,18
3212,68,58,10,10
3213,86,73,13,13
3214,107,91,16,16
3215,54,61,-7,7
3216,88,77,11,11
3217,69,73,-4,4
3218,85,78,7,7
3219,99,91,8,8
3220,116,121,-5,5
3221,113,104,9,9
3222,42,57,-15,15
3223,36,51,-15,15
3224,52,58,-6,6
3225,88,76,12,12
3226,62,64,-2,2
3227,87,75,12,12
3228,97,107,-10,10
3229,94,93,1,1
3230,113,105,8,8
3231,168,150,18,18
3232,107,96,11,11
3233,130,122,8,8
3234,169,155,14,14
3235,84,86,-2,2
3236,151,119,32,32
3237,75,66,9,9
3238,73,70,3,3
3239,64,70,-6,6
3240,144,141,3,3
3241,86,84,2,2
3242,91,85,6,6
3243,76,70,6,6
3244,112,112,0,0
3245,46,64,-18,18
3246,51,61,-10,10
3247,116,104,12,12
3248,106,115,-9,9
3249,63,71,-8,8
3250,115,102,13,13
3251,151,155,-4,4
3252,70,65,5,5
3253,153,145,8,8
3254,66,63,3,3
3255,95,97,-2,2
3256,71,69,2,2
3257,75,75,0,0
3258,83,76,7,7
3259,75,66,9,9
3260,111,94,17,17
3261,95,94,1,1
3262,133,114,19,19
3263,56,54,2,2
3264,42,53,-11,11
3265,61,66,-5,5
3266,72,71,1,1
3267,60,59,1,1
3268,95,83,12,12
3269,115,122,-7,7
3270,101,102,-1,1
3271,65,64,1,1
3272,100,105,-5,5
3273,69,71,-2,2
3274,81,78,3,3
3275,82,82,0,0
3276,107,100,7,7
3277,112,113,-1,1
3278,99,92,7,7
3279,75,71,4,4
3280,161,145,16,16
3281,76,71,5,5
3282,142,133,9,9
3283,111,99,12,12
3284,78,78,0,0
3285,137,128,9,9
3286,40,52,-12,12
3287,65,67,-2,2
3288,88,87,1,1
3289,103,84,19,19
3290,143,157,-14,14
3291,37,51,-14,14
3292,65,61,4,4
3293,90,80,10,10
3294,97,82,15,15
3295,107,101,6,6
3296,104,106,-2,2
3297,151,132,19,19
3298,98,96,2,2
3299,91,94,-3,3
3300,90,80,10,10
3301,79,81,-2,2
3302,62,56,6,6
3303,83,76,7,7
3304,102,105,-3,3
3305,92,96,-4,4
3306,48,54,-6,6
3307,103,99,4,4
3308,65,58,7,7
3309,84,82,2,2
3310,57,57,0,0
3311,108,107,1,1
3312,80,77,3,3
3313,66,80,-14,14
3314,106,109,-3,3
3315,52,54,-2,2
3316,107,116,-9,9
3317,107,92,15,15
3318,57,58,-1,1
3319,137,131,6,6
3320,69,68,1,1
3321,90,80,10,10
3322,65,66,-1,1
3323,49,55,-6,6
3324,153,140,13,13
3325,119,108,11,11
3326,75,76,-1,1
3327,160,144,16,16
3328,140,135,5,5
3329,146,144,2,2
3330,104,84,20,20
3331,94,93,1,1
3332,60,54,6,6
3333,118,99,19,19
3334,71,68,3,3
3335,66,67,-1,1
3336,183,152,31,31
3337,103,88,15,15
3338,119,108,11,11
3339,107,114,-7,7
3340,92,83,9,9
3341,89,93,-4,4
3342,116,99,17,17
3343,84,76,8,8
3344,118,117,1,1
3345,52,57,-5,5
3346,75,79,-4,4
3347,163,146,17,17
3348,96,91,5,5
3349,104,106,-2,2
3350,135,134,1,1
3351,78,73,5,5
3352,127,115,12,12
3353,96,90,6,6
3354,123,104,19,19
3355,119,104,15,15
3356,83,84,-1,1
3357,107,104,3,3
3358,96,81,15,15
3359,105,99,6,6
3360,142,121,21,21
3361,67,72,-5,5
3362,67,75,-8,8
3363,126,118,8,8
3364,59,61,-2,2
3365,59,58,1,1
3366,74,73,1,1
3367,87,85,2,2
3368,69,69,0,0
3369,66,65,1,1
3370,117,102,15,15
3371,186,169,17,17
3372,63,65,-2,2
3373,125,121,4,4
3374,87,76,11,11
3375,97,97,0,0
3376,96,83,13,13
3377,49,53,-4,4
3378,105,107,-2,2
3379,48,52,-4,4
3380,111,101,10,10
3381,98,98,0,0
3382,123,108,15,15
3383,74,64,10,10
3384,55,56,-1,1
3385,124,120,4,4
3386,151,139,12,12
3387,54,52,2,2
3388,44,52,-8,8
3389,78,81,-3,3
3390,141,140,1,1
3391,85,90,-5,5
3392,40,64,-24,24
3393,77,72,5,5
3394,104,95,9,9
3395,71,62,9,9
3396,94,99,-5,5
3397,98,103,-5,5
3398,56,58,-2,2
3399,64,68,-4,4
3400,107,102,5,5
3401,58,62,-4,4
3402,40,52,-12,12
3403,107,90,17,17
3404,110,100,10,10
3405,124,109,15,15
3406,100,87,13,13
3407,88,93,-5,5
3408,131,105,26,26
3409,93,82,11,11
3410,134,128,6,6
3411,81,87,-6,6
3412,81,83,-2,2
3413,84,85,-1,1
3414,86,84,2,2
3415,152,148,4,4
3416,64,64,0,0
3417,73,78,-5,5
3418,118,112,6,6
3419,73,65,8,8
3420,88,75,13,13
3421,112,120,-8,8
3422,141,133,8,8
3423,150,148,2,2
3424,105,101,4,4
3425,163,147,16,16
3426,29,53,-24,24
3427,94,90,4,4
3428,67,70,-3,3
3429,98,112,-14,14
3430,89,87,2,2
3431,106,99,7,7
3432,100,97,3,3
3433,107,95,12,12
3434,64,65,-1,1
3435,45,53,-8,8
3436,77,78,-1,1
3437,144,127,17,17
3438,103,101,2,2
3439,67,107,-40,40
3440,38,52,-14,14
3441,116,106,10,10
3442,102,98,4,4
3443,119,108,11,11
3444,88,88,0,0
3445,111,103,8,8
3446,48,53,-5,5
3447,131,106,25,25
3448,86,81,5,5
3449,76,72,4,4
3450,80,86,-6,6
3451,99,90,9,9
3452,132,124,8,8
3453,91,102,-11,11
3454,105,100,5,5
3455,159,157,2,2
3456,117,107,10,10
3457,142,138,4,4
3458,69,61,8,8
3459,79,83,-4,4
3460,134,136,-2,2
3461,101,89,12,12
3462,94,89,5,5
3463,97,112,-15,15
3464,112,92,20,20
3465,70,65,5,5
3466,139,126,13,13
3467,120,108,12,12
3468,93,94,-1,1
3469,70,69,1,1
3470,77,70,7,7
3471,91,87,4,4
3472,57,54,3,3
3473,75,82,-7,7
3474,64,63,1,1
3475,88,87,1,1
3476,90,91,-1,1
3477,82,83,-1,1
3478,54,56,-2,2
3479,101,92,9,9
3480,102,105,-3,3
3481,92,88,4,4
3482,77,71,6,6
3483,76,75,1,1
3484,109,117,-8,8
3485,48,54,-6,6
3486,86,81,5,5
3487,91,86,5,5
3488,60,56,4,4
3489,117,114,3,3
3490,121,119,2,2
3491,129,133,-4,4
3492,90,95,-5,5
3493,106,80,26,26
3494,80,70,10,10
3495,129,107,22,22
3496,65,66,-1,1
3497,48,54,-6,6
3498,104,97,7,7
3499,72,66,6,6
3500,69,68,1,1
3501,115,108,7,7
3502,147,155,-8,8
3503,83,84,-1,1
3504,96,93,3,3
3505,83,75,8,8
3506,106,100,6,6
3507,83,82,1,1
3508,94,78,16,16
3509,101,82,19,19
3510,112,110,2,2
3511,56,62,-6,6
3512,106,103,3,3
3513,93,83,10,10
3514,83,88,-5,5
3515,60,59,1,1
3516,116,116,0,0
3517,127,108,19,19
3518,65,66,-1,1
3519,134,132,2,2
3520,45,58,-13,13
3521,74,78,-4,4
3522,107,104,3,3
3523,97,96,1,1
3524,145,135,10,10
3525,101,98,3,3
3526,104,84,20,20
3527,90,88,2,2
3528,98,93,5,5
3529,107,106,1,1
3530,66,67,-1,1
3531,76,80,-4,4
3532,39,51,-12,12
3533,89,84,5,5
3534,47,56,-9,9
3535,68,75,-7,7
3536,47,53,-6,6
3537,194,160,34,34
3538,107,114,-7,7
3539,155,141,14,14
3540,163,149,14,14
3541,93,78,15,15
3542,124,122,2,2
3543,28,53,-25,25
3544,101,104,-3,3
3545,70,71,-1,1
3546,61,63,-2,2
3547,92,82,10,10
3548,78,81,-3,3
3549,51,58,-7,7
3550,99,92,7,7
3551,95,91,4,4
3552,137,118,19,19
3553,90,81,9,9
3554,84,85,-1,1
3555,72,75,-3,3
3556,83,87,-4,4
3557,94,92,2,2
3558,86,82,4,4
3559,86,74,12,12
3560,87,89,-2,2
3561,104,109,-5,5
3562,58,60,-2,2
3563,50,64,-14,14
3564,44,54,-10,10
3565,83,80,3,3
3566,97,89,8,8
3567,146,127,19,19
3568,147,126,21,21
3569,107,101,6,6
3570,117,99,18,18
3571,152,149,3,3
3572,130,113,17,17
3573,157,143,14,14
3574,268,230,38,38
3575,90,80,10,10
3576,101,102,-1,1
3577,73,72,1,1
3578,120,117,3,3
3579,86,82,4,4
3580,144,126,18,18
3581,97,90,7,7
3582,93,86,7,7
3583,49,52,-3,3
3584,97,97,0,0
3585,99,86,13,13
3586,63,59,4,4
3587,135,121,14,14
3588,66,65,1,1
3589,71,68,3,3
3590,74,70,4,4
3591,160,138,22,22
3592,52,59,-7,7
3593,84,74,10,10
3594,127,128,-1,1
3595,82,82,0,0
3596,80,83,-3,3
3597,108,105,3,3
3598,104,108,-4,4
3599,106,95,11,11
3600,154,139,15,15
3601,54,57,-3,3
3602,91,96,-5,5
3603,115,123,-8,8
3604,98,100,-2,2
3605,117,114,3,3
3606,46,52,-6,6
3607,93,91,2,2
3608,50,55,-5,5
3609,110,144,-34,34
3610,101,96,5,5
3611,121,111,10,10
3612,129,129,0,0
3613,123,106,17,17
3614,55,70,-15,15
3615,97,80,17,17
3616,102,99,3,3
3617,127,131,-4,4
3618,66,75,-9,9
3619,75,72,3,3
3620,125,127,-2,2
3621,75,64,11,11
3622,137,139,-2,2
3623,76,71,5,5
3624,80,68,12,12
3625,93,90,3,3
3626,213,194,19,19
3627,73,66,7,7
3628,99,92,7,7
3629,152,140,12,12
3630,110,109,1,1
3631,53,63,-10,10
3632,83,75,8,8
3633,94,95,-1,1
3634,60,60,0,0
3635,150,136,14,14
3636,146,127,19,19
3637,156,157,-1,1
3638,99,95,4,4
3639,66,61,5,5
3640,85,71,14,14
3641,68,81,-13,13
3642,174,155,19,19
3643,112,96,16,16
3644,102,102,0,0
3645,96,93,3,3
3646,123,111,12,12
3647,62,66,-4,4
3648,42,52,-10,10
3649,84,76,8,8
3650,99,111,-12,12
3651,96,97,-1,1
3652,94,85,9,9
3653,88,79,9,9
3654,113,103,10,10
3655,136,134,2,2
3656,51,55,-4,4
3657,82,86,-4,4
3658,103,88,15,15
3659,109,98,11,11
3660,39,53,-14,14
3661,66,57,9,9
3662,68,61,7,7
3663,97,87,10,10
3664,85,79,6,6
3665,123,111,12,12
3666,134,127,7,7
3667,171,156,15,15
3668,88,82,6,6
3669,83,72,11,11
3670,52,55,-3,3
3671,90,86,4,4
3672,75,71,4,4
3673,80,75,5,5
3674,85,74,11,11
3675,113,120,-7,7
3676,85,70,15,15
3677,124,114,10,10
3678,126,114,12,12
3679,136,118,18,18
3680,111,106,5,5
3681,122,104,18,18
3682,84,82,2,2
3683,53,61,-8,8
3684,83,83,0,0
3685,132,126,6,6
3686,133,128,5,5
3687,96,89,7,7
3688,53,53,0,0
3689,87,96,-9,9
3690,63,59,4,4
3691,92,80,12,12
3692,73,78,-5,5
3693,142,128,14,14
3694,93,74,19,19
3695,69,63,6,6
3696,59,56,3,3
3697,120,122,-2,2
3698,52,54,-2,2
3699,50,54,-4,4
3700,80,85,-5,5
3701,68,68,0,0
3702,73,68,5,5
3703,245,194,51,51
3704,147,143,4,4
3705,75,71,4,4
3706,59,63,-4,4
3707,84,78,6,6
3708,92,86,6,6
3709,146,131,15,15
3710,183,174,9,9
3711,64,67,-3,3
3712,101,84,17,17
3713,102,98,4,4
3714,117,108,9,9
3715,178,166,12,12
3716,143,119,24,24
3717,68,71,-3,3
3718,90,78,12,12
3719,48,52,-4,4
3720,74,72,2,2
3721,63,59,4,4
3722,74,71,3,3
3723,83,84,-1,1
3724,89,93,-4,4
3725,112,101,11,11
3726,89,93,-4,4
3727,71,68,3,3
3728,72,72,0,0
3729,66,62,4,4
3730,173,165,8,8
3731,139,132,7,7
3732,94,95,-1,1
3733,48,54,-6,6
3734,102,98,4,4
3735,69,68,1,1
3736,67,61,6,6
3737,91,87,4,4
3738,109,107,2,2
3739,39,56,-17,17
3740,146,131,15,15
3741,103,101,2,2
3742,149,145,4,4
3743,78,69,9,9
3744,78,78,0,0
3745,76,63,13,13
3746,81,82,-1,1
3747,155,146,9,9
3748,76,78,-2,2
3749,113,102,11,11
3750,87,82,5,5
3751,81,68,13,13
3752,82,82,0,0
3753,107,108,-1,1
3754,148,140,8,8
3755,57,65,-8,8
3756,73,67,6,6
3757,112,99,13,13
3758,48,54,-6,6
3759,77,82,-5,5
3760,142,126,16,16
3761,142,122,20,20
3762,122,119,3,3
3763,67,66,1,1
3764,132,110,22,22
3765,134,146,-12,12
3766,96,81,15,15
3767,70,66,4,4
3768,84,83,1,1
3769,108,92,16,16
3770,159,147,12,12
3771,114,118,-4,4
3772,71,70,1,1
3773,88,92,-4,4
3774,95,90,5,5
3775,36,52,-16,16
3776,99,99,0,0
3777,54,59,-5,5
3778,148,131,17,17
3779,75,66,9,9
3780,64,71,-7,7
3781,170,158,12,12
3782,176,150,26,26
3783,143,125,18,18
3784,108,93,15,15
3785,94,154,-60,60
3786,102,112,-10,10
3787,92,97,-5,5
3788,132,127,5,5
3789,84,83,1,1
3790,152,138,14,14
3791,94,80,14,14
3792,103,101,2,2
3793,122,117,5,5
3794,79,83,-4,4
3795,81,65,16,16
3796,81,80,1,1
3797,65,57,8,8
3798,90,75,15,15
3799,85,85,0,0
3800,74,72,2,2
3801,110,101,9,9
3802,62,68,-6,6
3803,132,127,5,5
3804,94,91,3,3
3805,77,68,9,9
3806,69,75,-6,6
3807,90,84,6,6
3808,58,60,-2,2
3809,101,103,-2,2
3810,72,74,-2,2
3811,49,66,-17,17
3812,120,119,1,1
3813,60,69,-9,9
3814,140,147,-7,7
3815,53,55,-2,2
3816,66,63,3,3
3817,60,56,4,4
3818,103,103,0,0
3819,92,92,0,0
3820,158,133,25,25
3821,71,88,-17,17
3822,73,75,-2,2
3823,66,67,-1,1
3824,149,137,12,12
3825,146,135,11,11
3826,68,61,7,7
3827,108,105,3,3
3828,54,58,-4,4
3829,70,66,4,4
3830,98,93,5,5
3831,112,106,6,6
3832,64,61,3,3
3833,96,95,1,1
3834,124,130,-6,6
3835,73,74,-1,1
3836,75,71,4,4
3837,97,93,4,4
3838,100,97,3,3
3839,153,160,-7,7
3840,145,136,9,9
3841,98,87,11,11
3842,114,95,19,19
3843,111,92,19,19
3844,68,72,-4,4
3845,60,63,-3,3
3846,87,95,-8,8
3847,74,64,10,10
3848,54,61,-7,7
3849,77,71,6,6
3850,63,57,6,6
3851,120,109,11,11
3852,107,92,15,15
3853,75,74,1,1
3854,96,95,1,1
3855,50,55,-5,5
3856,152,126,26,26
3857,133,123,10,10
3858,140,137,3,3
3859,63,63,0,0
3860,82,87,-5,5
3861,101,106,-5,5
3862,78,71,7,7
3863,101,91,10,10
3864,74,71,3,3
3865,104,97,7,7
3866,97,95,2,2
3867,55,65,-10,10
3868,166,152,14,14
3869,110,98,12,12
3870,76,92,-16,16
3871,81,80,1,1
3872,128,119,9,9
3873,108,102,6,6
3874,68,64,4,4
3875,86,85,1,1
3876,79,74,5,5
3877,65,64,1,1
3878,148,141,7,7
3879,165,143,22,22
3880,96,97,-1,1
3881,61,61,0,0
3882,86,73,13,13
3883,65,61,4,4
3884,124,125,-1,1
3885,94,87,7,7
3886,55,56,-1,1
3887,71,68,3,3
3888,132,111,21,21
3889,55,55,0,0
3890,97,104,-7,7
3891,96,98,-2,2
3892,101,94,7,7
3893,100,84,16,16
3894,78,70,8,8
3895,132,131,1,1
3896,73,74,-1,1
3897,93,78,15,15
3898,51,55,-4,4
3899,136,128,8,8
3900,80,67,13,13
3901,159,158,1,1
3902,151,135,16,16
3903,64,60,4,4
3904,75,75,0,0
3905,151,124,27,27
3906,72,77,-5,5
3907,113,93,20,20
3908,88,88,0,0
3909,93,86,7,7
3910,62,69,-7,7
3911,59,67,-8,8
3912,104,98,6,6
3913,133,125,8,8
3914,66,74,-8,8
3915,90,94,-4,4
3916,98,91,7,7
3917,181,139,42,42
3918,68,60,8,8
3919,81,75,6,6
3920,148,137,11,11
3921,92,81,11,11
3922,109,99,10,10
3923,176,161,15,15
3924,236,197,39,39
3925,112,102,10,10
3926,74,73,1,1
3927,82,70,12,12
3928,78,73,5,5
3929,83,79,4,4
3930,89,87,2,2
3931,95,89,6,6
3932,177,159,18,18
3933,53,63,-10,10
3934,94,99,-5,5
3935,104,97,7,7
3936,63,65,-2,2
3937,94,90,4,4
3938,95,89,6,6
3939,122,109,13,13
3940,135,124,11,11
3941,170,146,24,24
3942,104,113,-9,9
3943,153,129,24,24
3944,70,93,-23,23
3945,124,109,15,15
3946,81,75,6,6
3947,143,131,12,12
3948,86,95,-9,9
3949,87,80,7,7
3950,92,93,-1,1
3951,111,101,10,10
3952,73,76,-3,3
3953,83,70,13,13
3954,117,108,9,9
3955,92,86,6,6
3956,70,76,-6,6
3957,107,101,6,6
3958,62,66,-4,4
3959,96,89,7,7
3960,93,87,6,6
3961,50,57,-7,7
3962,61,56,5,5
3963,118,117,1,1
3964,117,109,8,8
3965,116,104,12,12
3966,183,157,26,26
3967,56,60,-4,4
3968,67,63,4,4
3969,81,73,8,8
3970,117,105,12,12
3971,98,90,8,8
3972,63,57,6,6
3973,62,62,0,0
3974,84,88,-4,4
3975,156,141,15,15
3976,105,93,12,12
3977,89,78,11,11
3978,132,130,2,2
3979,106,103,3,3
3980,111,106,5,5
3981,150,147,3,3
3982,95,100,-5,5
3983,20,51,-31,31
3984,99,97,2,2
3985,103,102,1,1
3986,73,83,-10,10
3987,83,77,6,6
3988,69,67,2,2
3989,130,122,8,8
3990,106,97,9,9
3991,104,87,17,17
3992,125,128,-3,3
3993,121,96,25,25
3994,190,176,14,14
3995,116,113,3,3
3996,87,102,-15,15
3997,71,71,0,0
3998,71,77,-6,6
3999,146,147,-1,1
4000,97,95,2,2
4001,98,90,8,8
4002,127,125,2,2
4003,74,72,2,2
4004,47,59,-12,12
4005,92,85,7,7
4006,82,73,9,9
4007,118,109,9,9
4008,137,115,22,22
4009,101,94,7,7
4010,51,55,-4,4
4011,88,92,-4,4
4012,177,149,28,28
4013,82,74,8,8
4014,90,89,1,1
4015,99,88,11,11
4016,83,83,0,0
4017,104,95,9,9
4018,83,73,10,10
4019,57,68,-11,11
4020,155,146,9,9
4021,107,95,12,12
4022,72,75,-3,3
4023,72,67,5,5
4024,102,99,3,3
4025,90,84,6,6
4026,111,99,12,12
4027,123,110,13,13
4028,46,52,-6,6
4029,81,79,2,2
4030,95,78,17,17
4031,125,113,12,12
4032,105,95,10,10
4033,74,72,2,2
4034,166,143,23,23
4035,96,93,3,3
4036,70,64,6,6
4037,56,61,-5,5
4038,66,60,6,6
4039,85,82,3,3
4040,46,52,-6,6
4041,47,65,-18,18
4042,68,72,-4,4
4043,130,123,7,7
4044,141,135,6,6
4045,95,92,3,3
4046,111,98,13,13
4047,50,54,-4,4
4048,111,110,1,1
4049,100,104,-4,4
4050,72,67,5,5
4051,80,81,-1,1
4052,120,104,16,16
4053,180,160,20,20
4054,39,54,-15,15
4055,103,109,-6,6
4056,95,91,4,4
4057,146,147,-1,1
4058,110,100,10,10
4059,48,53,-5,5
4060,83,97,-14,14
4061,66,78,-12,12
4062,86,88,-2,2
4063,79,70,9,9
4064,113,112,1,1
4065,114,106,8,8
4066,86,71,15,15
4067,165,155,10,10
4068,69,79,-10,10
4069,124,118,6,6
4070,103,106,-3,3
4071,76,72,4,4
4072,118,112,6,6
4073,157,142,15,15
4074,107,99,8,8
4075,170,139,31,31
4076,58,56,2,2
4077,59,61,-2,2
4078,124,107,17,17
4079,142,120,22,22
4080,105,116,-11,11
4081,116,112,4,4
4082,140,133,7,7
4083,92,86,6,6
4084,130,129,1,1
4085,113,107,6,6
4086,129,135,-6,6
4087,73,81,-8,8
4088,100,99,1,1
4089,87,93,-6,6
4090,75,67,8,8
4091,87,89,-2,2
4092,113,94,19,19
4093,64,65,-1,1
4094,83,77,6,6
4095,75,72,3,3
4096,124,122,2,2
4097,87,82,5,5
4098,63,65,-2,2
4099,78,71,7,7
4100,86,85,1,1
4101,104,109,-5,5
4102,95,93,2,2
4103,119,121,-2,2
4104,99,103,-4,4
4105,54,60,-6,6
4106,73,70,3,3
4107,71,71,0,0
4108,83,80,3,3
4109,182,146,36,36
4110,74,81,-7,7
4111,133,126,7,7
4112,80,71,9,9
4113,98,103,-5,5
4114,98,98,0,0
4115,96,91,5,5
4116,84,70,14,14
4117,199,192,7,7
4118,153,133,20,20
4119,121,126,-5,5
4120,104,110,-6,6
4121,79,82,-3,3
4122,109,91,18,18
4123,74,77,-3,3
4124,48,56,-8,8
4125,127,120,7,7
4126,77,80,-3,3
4127,57,64,-7,7
4128,88,80,8,8
4129,76,65,11,11
4130,120,114,6,6
4131,86,90,-4,4
4132,62,68,-6,6
4133,60,59,1,1
4134,83,77,6,6
4135,90,88,2,2
4136,69,67,2,2
4137,65,65,0,0
4138,97,91,6,6
4139,107,99,8,8
4140,131,131,0,0
4141,118,107,11,11
4142,107,122,-15,15
4143,72,77,-5,5
4144,153,143,10,10
4145,83,77,6,6
4146,55,57,-2,2
4147,106,102,4,4
4148,97,99,-2,2
4149,176,161,15,15
4150,139,122,17,17
4151,84,93,-9,9
4152,112,99,13,13
4153,58,65,-7,7
4154,119,110,9,9
4155,75,74,1,1
4156,155,151,4,4
4157,71,60,11,11
4158,150,130,20,20
4159,94,92,2,2
4160,54,60,-6,6
4161,70,71,-1,1
4162,125,111,14,14
4163,36,52,-16,16
4164,78,78,0,0
4165,96,90,6,6
4166,100,92,8,8
4167,106,101,5,5
4168,129,113,16,16
4169,39,54,-15,15
4170,44,54,-10,10
4171,97,92,5,5
4172,80,85,-5,5
4173,52,54,-2,2
4174,102,95,7,7
4175,101,91,10,10
4176,90,86,4,4
4177,151,139,12,12
4178,82,77,5,5
4179,117,108,9,9
4180,63,74,-11,11
4181,135,128,7,7
4182,71,65,6,6
4183,96,104,-8,8
4184,123,115,8,8
4185,75,72,3,3
4186,60,62,-2,2
4187,103,103,0,0
4188,59,60,-1,1
4189,116,127,-11,11
4190,92,87,5,5
4191,76,64,12,12
4192,53,54,-1,1
4193,107,108,-1,1
4194,70,69,1,1
4195,101,94,7,7
4196,88,82,6,6
4197,84,82,2,2
4198,26,56,-30,30
4199,107,106,1,1
4200,121,116,5,5
4201,66,66,0,0
4202,75,80,-5,5
4203,140,139,1,1
4204,87,80,7,7
4205,57,54,3,3
4206,100,92,8,8
4207,183,154,29,29
4208,131,126,5,5
4209,98,120,-22,22
4210,70,72,-2,2
4211,80,75,5,5
4212,112,112,0,0
4213,164,163,1,1
4214,112,99,13,13
4215,49,53,-4,4
4216,69,73,-4,4
4217,64,73,-9,9
4218,78,80,-2,2
4219,116,123,-7,7
4220,113,101,12,12
4221,123,120,3,3
4222,101,103,-2,2
4223,100,102,-2,2
4224,84,79,5,5
4225,114,105,9,9
4226,109,93,16,16
4227,52,54,-2,2
4228,115,102,13,13
4229,106,103,3,3
4230,93,88,5,5
4231,69,74,-5,5
4232,149,136,13,13
4233,87,83,4,4
4234,103,94,9,9
4235,106,105,1,1
4236,76,89,-13,13
4237,124,128,-4,4
4238,115,117,-2,2
4239,82,76,6,6
4240,152,149,3,3
4241,138,129,9,9
4242,196,172,24,24
4243,133,110,23,23
4244,146,139,7,7
4245,105,107,-2,2
4246,92,98,-6,6
4247,71,65,6,6
4248,97,98,-1,1
4249,70,69,1,1
4250,107,114,-7,7
4251,80,79,1,1
4252,63,75,-12,12
4253,75,72,3,3
4254,75,76,-1,1
4255,75,76,-1,1
4256,104,89,15,15
4257,152,135,17,17
4258,71,65,6,6
4259,107,97,10,10
4260,161,147,14,14
4261,71,74,-3,3
4262,91,80,11,11
4263,98,88,10,10
4264,108,104,4,4
4265,78,71,7,7
4266,116,116,0,0
4267,108,93,15,15
4268,81,79,2,2
4269,65,71,-6,6
4270,111,110,1,1
4271,70,64,6,6
4272,55,59,-4,4
4273,102,94,8,8
4274,102,98,4,4
4275,56,58,-2,2
4276,100,86,14,14
4277,47,53,-6,6
4278,145,132,13,13
4279,108,98,10,10
4280,143,130,13,13
4281,123,116,7,7
4282,172,157,15,15
4283,60,64,-4,4
4284,105,97,8,8
4285,46,65,-19,19
4286,80,68,12,12
4287,114,113,1,1
4288,189,177,12,12
4289,82,73,9,9
4290,126,120,6,6
4291,157,139,18,18
4292,147,165,-18,18
4293,27,72,-45,45
4294,79,73,6,6
4295,75,70,5,5
4296,65,59,6,6
4297,68,62,6,6
4298,126,117,9,9
4299,133,126,7,7
4300,101,86,15,15
4301,80,77,3,3
4302,103,93,10,10
4303,95,89,6,6
4304,103,100,3,3
4305,113,104,9,9
4306,42,55,-13,13
4307,85,86,-1,1
4308,82,79,3,3
4309,104,101,3,3
4310,85,74,11,11
4311,107,82,25,25
4312,78,72,6,6
4313,66,65,1,1
4314,108,105,3,3
4315,90,97,-7,7
4316,88,90,-2,2
4317,59,58,1,1
4318,79,70,9,9
4319,69,71,-2,2
4320,135,127,8,8
4321,96,109,-13,13
4322,148,141,7,7
4323,31,53,-22,22
4324,65,79,-14,14
4325,86,79,7,7
4326,47,54,-7,7
4327,83,77,6,6
4328,170,170,0,0
4329,63,66,-3,3
4330,110,101,9,9
4331,182,158,24,24
4332,141,137,4,4
4333,94,94,0,0
4334,81,79,2,2
4335,87,86,1,1
4336,131,124,7,7
4337,117,102,15,15
4338,64,58,6,6
4339,150,159,-9,9
4340,93,96,-3,3
4341,88,83,5,5
4342,90,89,1,1
4343,86,85,1,1
4344,96,107,-11,11
4345,173,154,19,19
4346,104,95,9,9
4347,44,55,-11,11
4348,81,73,8,8
4349,71,63,8,8
4350,77,64,13,13
4351,82,71,11,11
4352,196,172,24,24
4353,126,117,9,9
4354,100,99,1,1
4355,159,142,17,17
4356,61,71,-10,10
4357,54,57,-3,3
4358,73,65,8,8
4359,73,77,-4,4
4360,88,80,8,8
4361,136,126,10,10
4362,94,90,4,4
4363,164,168,-4,4
4364,100,100,0,0
4365,126,116,10,10
4366,50,54,-4,4
4367,79,83,-4,4
4368,94,111,-17,17
4369,110,115,-5,5
4370,144,135,9,9
4371,62,55,7,7
4372,92,93,-1,1
4373,59,62,-3,3
4374,279,224,55,55
4375,149,136,13,13
4376,61,76,-15,15
4377,72,85,-13,13
4378,64,65,-1,1
4379,142,135,7,7
4380,56,54,2,2
4381,140,141,-1,1
4382,221,187,34,34
4383,111,94,17,17
4384,93,86,7,7
4385,110,108,2,2
4386,83,72,11,11
4387,65,70,-5,5
4388,154,144,10,10
4389,92,86,6,6
4390,144,130,14,14
4391,102,96,6,6
4392,131,118,13,13
4393,98,88,10,10
4394,104,95,9,9
4395,95,93,2,2
4396,108,111,-3,3
4397,89,85,4,4
4398,139,141,-2,2
4399,116,104,12,12
4400,58,60,-2,2
4401,140,136,4,4
4402,89,89,0,0
4403,103,98,5,5
4404,67,84,-17,17
4405,62,59,3,3
4406,162,152,10,10
4407,77,70,7,7
4408,99,98,1,1
4409,92,77,15,15
4410,105,101,4,4
4411,99,92,7,7
4412,82,93,-11,11
4413,139,124,15,15
4414,99,93,6,6
4415,82,83,-1,1
4416,95,95,0,0
4417,101,94,7,7
4418,85,86,-1,1
4419,102,96,6,6
4420,133,131,2,2
4421,76,71,5,5
4422,126,121,5,5
4423,101,95,6,6
4424,119,100,19,19
4425,152,149,3,3
4426,136,114,22,22
4427,87,86,1,1
4428,116,102,14,14
4429,60,62,-2,2
4430,96,91,5,5
4431,76,77,-1,1
4432,128,119,9,9
4433,85,85,0,0
4434,84,86,-2,2
4435,153,130,23,23
4436,72,62,10,10
4437,73,64,9,9
4438,108,92,16,16
4439,73,71,2,2
4440,94,87,7,7
4441,86,78,8,8
4442,89,77,12,12
4443,56,56,0,0
4444,195,169,26,26
4445,70,68,2,2
4446,64,62,2,2
4447,96,84,12,12
4448,103,108,-5,5
4449,131,118,13,13
4450,93,89,4,4
4451,122,121,1,1
4452,54,55,-1,1
4453,67,75,-8,8
4454,66,59,7,7
4455,110,110,0,0
4456,108,101,7,7
4457,119,118,1,1
4458,80,66,14,14
4459,60,65,-5,5
4460,88,80,8,8
4461,123,106,17,17
4462,59,58,1,1
4463,103,89,14,14
4464,93,90,3,3
4465,90,84,6,6
4466,157,145,12,12
4467,94,88,6,6
4468,79,74,5,5
4469,131,124,7,7
4470,50,60,-10,10
4471,111,103,8,8
4472,106,105,1,1
4473,104,101,3,3
4474,94,97,-3,3
4475,71,63,8,8
4476,168,145,23,23
4477,102,112,-10,10
4478,58,59,-1,1
4479,49,54,-5,5
4480,96,87,9,9
4481,74,76,-2,2
4482,135,132,3,3
4483,171,151,20,20
4484,70,72,-2,2
4485,118,118,0,0
4486,90,77,13,13
4487,101,111,-10,10
4488,97,93,4,4
4489,107,99,8,8
4490,87,79,8,8
4491,43,52,-9,9
4492,79,73,6,6
4493,106,97,9,9
4494,39,53,-14,14
4495,178,156,22,22
4496,74,79,-5,5
4497,36,51,-15,15
4498,68,67,1,1
4499,114,105,9,9
4500,80,80,0,0
4501,109,116,-7,7
4502,128,115,13,13
4503,87,95,-8,8
4504,110,98,12,12
4505,100,88,12,12
4506,128,126,2,2
4507,136,129,7,7
4508,129,125,4,4
4509,122,117,5,5
4510,102,96,6,6
4511,109,102,7,7
4512,58,62,-4,4
4513,122,115,7,7
4514,90,85,5,5
4515,57,55,2,2
4516,107,100,7,7
4517,168,157,11,11
4518,98,95,3,3
4519,120,107,13,13
4520,74,72,2,2
4521,88,81,7,7
4522,96,83,13,13
4523,64,72,-8,8
4524,55,59,-4,4
4525,94,89,5,5
4526,148,132,16,16
4527,92,101,-9,9
4528,95,102,-7,7
4529,110,101,9,9
4530,83,75,8,8
4531,139,130,9,9
4532,108,91,17,17
4533,78,76,2,2
4534,78,76,2,2
4535,98,94,4,4
4536,104,96,8,8
4537,68,61,7,7
4538,103,100,3,3
4539,66,63,3,3
4540,100,97,3,3
4541,123,115,8,8
4542,74,87,-13,13
4543,136,122,14,14
4544,47,53,-6,6
4545,92,89,3,3
4546,122,109,13,13
4547,125,125,0,0
4548,122,106,16,16
4549,61,58,3,3
4550,82,96,-14,14
4551,112,102,10,10
4552,48,54,-6,6
4553,146,146,0,0
4554,67,56,11,11
4555,115,107,8,8
4556,165,160,5,5
4557,87,91,-4,4
4558,40,52,-12,12
4559,55,54,1,1
4560,127,113,14,14
4561,70,73,-3,3
4562,99,101,-2,2
4563,45,54,-9,9
4564,95,88,7,7
4565,80,80,0,0
4566,47,53,-6,6
4567,99,109,-10,10
4568,118,116,2,2
4569,104,100,4,4
4570,75,74,1,1
4571,90,84,6,6
4572,82,81,1,1
4573,163,140,23,23
4574,93,85,8,8
4575,166,169,-3,3
4576,69,72,-3,3
4577,122,128,-6,6
4578,148,145,3,3
4579,56,58,-2,2
4580,66,61,5,5
4581,83,89,-6,6
4582,63,61,2,2
4583,108,95,13,13
4584,123,100,23,23
4585,161,160,1,1
4586,83,100,-17,17
4587,49,54,-5,5
4588,78,74,4,4
4589,101,100,1,1
4590,38,54,-16,16
4591,98,89,9,9
4592,174,147,27,27
4593,75,86,-11,11
4594,56,56,0,0
4595,138,121,17,17
4596,38,51,-13,13
4597,51,55,-4,4
4598,69,62,7,7
4599,98,98,0,0
4600,87,83,4,4
4601,88,84,4,4
4602,156,148,8,8
4603,140,129,11,11
4604,92,92,0,0
4605,49,56,-7,7
4606,82,83,-1,1
4607,217,235,-18,18
4608,99,100,-1,1
4609,110,99,11,11
4610,79,79,0,0
4611,69,62,7,7
4612,87,72,15,15
4613,84,77,7,7
4614,77,74,3,3
4615,78,70,8,8
4616,100,101,-1,1
4617,112,102,10,10
4618,130,118,12,12
4619,137,119,18,18
4620,125,113,12,12
4621,86,85,1,1
4622,152,135,17,17
4623,96,97,-1,1
4624,111,106,5,5
4625,99,105,-6,6
4626,56,58,-2,2
4627,211,199,12,12
4628,109,111,-2,2
4629,137,133,4,4
4630,74,75,-1,1
4631,120,120,0,0
4632,81,83,-2,2
4633,71,72,-1,1
4634,88,81,7,7
4635,111,102,9,9
4636,197,180,17,17
4637,85,77,8,8
4638,112,109,3,3
4639,44,62,-18,18
4640,86,87,-1,1
4641,72,79,-7,7
4642,59,59,0,0
4643,82,88,-6,6
4644,69,64,5,5
4645,91,83,8,8
4646,142,134,8,8
4647,84,66,18,18
4648,81,80,1,1
4649,101,95,6,6
4650,190,161,29,29
4651,107,97,10,10
4652,119,118,1,1
4653,77,72,5,5
4654,152,142,10,10
4655,64,58,6,6
4656,77,78,-1,1
4657,51,54,-3,3
4658,77,76,1,1
4659,84,84,0,0
4660,60,60,0,0
4661,107,101,6,6
4662,87,99,-12,12
4663,116,123,-7,7
4664,160,134,26,26
4665,116,113,3,3
4666,84,75,9,9
4667,113,110,3,3
4668,105,100,5,5
4669,55,53,2,2
4670,91,88,3,3
4671,113,101,12,12
4672,62,56,6,6
4673,75,71,4,4
4674,45,52,-7,7
4675,177,152,25,25
4676,131,132,-1,1
4677,112,107,5,5
4678,127,127,0,0
4679,146,117,29,29
4680,138,131,7,7
4681,93,95,-2,2
4682,65,67,-2,2
4683,168,162,6,6
4684,112,121,-9,9
4685,149,130,19,19
4686,140,140,0,0
4687,94,90,4,4
4688,141,132,9,9
4689,75,79,-4,4
4690,134,120,14,14
4691,95,84,11,11
4692,119,99,20,20
4693,95,97,-2,2
4694,65,64,1,1
4695,95,97,-2,2
4696,97,95,2,2
4697,132,128,4,4
4698,87,84,3,3
4699,124,108,16,16
4700,115,113,2,2
4701,45,53,-8,8
4702,110,101,9,9
4703,57,59,-2,2
4704,126,101,25,25
4705,50,53,-3,3
4706,132,126,6,6
4707,71,67,4,4
4708,88,78,10,10
4709,91,99,-8,8
4710,79,75,4,4
4711,47,52,-5,5
4712,103,107,-4,4
4713,38,53,-15,15
4714,68,61,7,7
4715,130,120,10,10
4716,157,148,9,9
4717,99,94,5,5
4718,62,56,6,6
4719,79,75,4,4
4720,74,74,0,0
4721,154,132,22,22
4722,36,61,-25,25
4723,81,80,1,1
4724,69,64,5,5
4725,39,53,-14,14
4726,106,101,5,5
4727,141,124,17,17
4728,71,67,4,4
4729,108,99,9,9
4730,142,130,12,12
4731,43,54,-11,11
4732,109,113,-4,4
4733,72,72,0,0
4734,110,97,13,13
4735,84,91,-7,7
4736,88,78,10,10
4737,156,143,13,13
4738,106,111,-5,5
4739,160,152,8,8
4740,105,99,6,6
4741,231,209,22,22
4742,111,97,14,14
4743,53,55,-2,2
4744,124,126,-2,2
4745,105,102,3,3
4746,144,136,8,8
4747,83,85,-2,2
4748,81,77,4,4
4749,96,94,2,2
4750,143,131,12,12
4751,118,103,15,15
4752,77,76,1,1
4753,116,115,1,1
4754,116,78,38,38
4755,76,74,2,2
4756,73,72,1,1
4757,92,81,11,11
4758,89,82,7,7
4759,58,55,3,3
4760,70,70,0,0
4761,134,125,9,9
4762,73,79,-6,6
4763,139,125,14,14
4764,59,64,-5,5
4765,59,61,-2,2
4766,72,68,4,4
4767,81,79,2,2
4768,96,88,8,8
4769,190,165,25,25
4770,131,116,15,15
4771,188,179,9,9
4772,141,146,-5,5
4773,103,98,5,5
4774,65,76,-11,11
4775,86,84,2,2
4776,64,65,-1,1
4777,115,116,-1,1
4778,58,64,-6,6
4779,150,136,14,14
4780,70,71,-1,1
4781,91,89,2,2
4782,104,96,8,8
4783,78,79,-1,1
4784,57,58,-1,1
4785,117,106,11,11
4786,82,79,3,3
4787,50,56,-6,6
4788,76,77,-1,1
4789,64,61,3,3
4790,140,132,8,8
4791,88,91,-3,3
4792,41,51,-10,10
4793,56,69,-13,13
4794,161,156,5,5
4795,107,88,19,19
4796,94,92,2,2
4797,71,61,10,10
4798,163,141,22,22
4799,99,89,10,10
4800,30,51,-21,21
4801,99,84,15,15
4802,161,133,28,28
4803,82,80,2,2
4804,92,85,7,7
4805,152,127,25,25
4806,131,106,25,25
4807,99,89,10,10
4808,50,54,-4,4
4809,80,83,-3,3
4810,99,95,4,4
4811,69,65,4,4
4812,67,74,-7,7
4813,143,119,24,24
4814,68,68,0,0
4815,65,68,-3,3
4816,94,91,3,3
4817,55,56,-1,1
4818,94,90,4,4
4819,45,52,-7,7
4820,140,133,7,7
4821,65,61,4,4
4822,62,65,-3,3
4823,94,96,-2,2
4824,129,120,9,9
4825,123,118,5,5
4826,80,73,7,7
4827,86,79,7,7
4828,112,114,-2,2
4829,89,82,7,7
4830,72,69,3,3
4831,65,68,-3,3
4832,90,88,2,2
4833,71,78,-7,7
4834,107,107,0,0
4835,140,131,9,9
4836,57,60,-3,3
4837,104,102,2,2
4838,56,62,-6,6
4839,103,96,7,7
4840,104,97,7,7
4841,78,75,3,3
4842,126,116,10,10
4843,101,92,9,9
4844,85,87,-2,2
4845,72,63,9,9
4846,57,59,-2,2
4847,51,57,-6,6
4848,102,103,-1,1
4849,85,85,0,0
4850,71,66,5,5
4851,87,79,8,8
4852,74,74,0,0
4853,104,97,7,7
4854,102,101,1,1
4855,181,160,21,21
4856,130,125,5,5
4857,75,85,-10,10
4858,102,97,5,5
4859,56,61,-5,5
4860,72,72,0,0
4861,90,91,-1,1
4862,66,70,-4,4
4863,82,75,7,7
4864,139,151,-12,12
4865,97,77,20,20
4866,83,82,1,1
4867,71,78,-7,7
4868,81,70,11,11
4869,80,69,11,11
4870,152,143,9,9
4871,54,55,-1,1
4872,51,55,-4,4
4873,142,120,22,22
4874,134,135,-1,1
4875,253,257,-4,4
4876,85,96,-11,11
4877,274,220,54,54
4878,180,150,30,30
4879,85,84,1,1
4880,68,74,-6,6
4881,126,118,8,8
4882,147,135,12,12
4883,67,65,2,2
4884,58,63,-5,5
4885,146,138,8,8
4886,170,165,5,5
4887,80,84,-4,4
4888,117,114,3,3
4889,72,70,2,2
4890,52,59,-7,7
4891,92,92,0,0
4892,88,82,6,6
4893,106,104,2,2
4894,93,87,6,6
4895,151,140,11,11
4896,90,84,6,6
4897,71,69,2,2
4898,63,64,-1,1
4899,171,148,23,23
4900,83,67,16,16
4901,125,113,12,12
4902,123,109,14,14
4903,119,108,11,11
4904,100,93,7,7
4905,97,106,-9,9
4906,82,73,9,9
4907,104,104,0,0
4908,84,78,6,6
4909,133,132,1,1
4910,66,67,-1,1
4911,328,260,68,68
4912,66,66,0,0
4913,129,119,10,10
4914,60,59,1,1
4915,107,116,-9,9
4916,88,76,12,12
4917,92,105,-13,13
4918,97,79,18,18
4919,95,94,1,1
4920,176,155,21,21
4921,93,86,7,7
4922,124,125,-1,1
4923,80,73,7,7
4924,117,113,4,4
4925,92,84,8,8
4926,137,113,24,24
4927,160,148,12,12
4928,114,106,8,8
4929,78,68,10,10
4930,73,70,3,3
4931,62,60,2,2
4932,85,87,-2,2
4933,52,58,-6,6
4934,53,57,-4,4
4935,98,77,21,21
4936,92,90,2,2
4937,100,98,2,2
4938,114,109,5,5
4939,139,135,4,4
4940,76,77,-1,1
4941,119,109,10,10
4942,41,52,-11,11
4943,53,56,-3,3
4944,268,247,21,21
4945,66,63,3,3
4946,130,115,15,15
4947,115,107,8,8
4948,157,153,4,4
4949,50,58,-8,8
4950,75,72,3,3
4951,79,71,8,8
4952,85,80,5,5
4953,42,67,-25,25
4954,85,76,9,9
4955,95,91,4,4
4956,72,77,-5,5
4957,90,98,-8,8
4958,81,74,7,7
4959,109,105,4,4
4960,146,150,-4,4
4961,131,115,16,16
4962,138,124,14,14
4963,32,53,-21,21
4964,86,84,2,2
4965,76,79,-3,3
4966,73,83,-10,10
4967,132,123,9,9
4968,136,126,10,10
4969,36,53,-17,17
4970,40,53,-13,13
4971,62,58,4,4
4972,99,103,-4,4
4973,63,72,-9,9
4974,90,78,12,12
4975,63,72,-9,9
4976,63,62,1,1
4977,73,80,-7,7
4978,73,73,0,0
4979,120,112,8,8
4980,161,141,20,20
4981,74,70,4,4
4982,74,62,12,12
4983,49,54,-5,5
4984,157,136,21,21
4985,123,116,7,7
4986,91,80,11,11
4987,115,100,15,15
4988,85,83,2,2
4989,66,65,1,1
4990,102,91,11,11
4991,98,91,7,7
4992,100,92,8,8
4993,105,118,-13,13
4994,84,87,-3,3
4995,95,86,9,9
4996,108,92,16,16
4997,62,59,3,3
4998,116,113,3,3
4999,79,72,7,7
5000,73,64,9,9
5001,50,60,-10,10
5002,97,90,7,7
5003,145,127,18,18
5004,152,132,20,20
5005,134,120,14,14
5006,110,100,10,10
5007,114,108,6,6
5008,72,64,8,8
5009,113,106,7,7
5010,58,64,-6,6
5011,50,53,-3,3
5012,29,50,-21,21
5013,71,66,5,5
5014,90,91,-1,1
5015,140,127,13,13
5016,123,112,11,11
5017,131,119,12,12
5018,50,53,-3,3
5019,82,79,3,3
5020,77,80,-3,3
5021,98,87,11,11
5022,83,72,11,11
5023,88,74,14,14
5024,122,108,14,14
5025,87,82,5,5
5026,107,100,7,7
5027,75,79,-4,4
5028,89,88,1,1
5029,124,121,3,3
5030,105,102,3,3
5031,62,57,5,5
5032,125,105,20,20
5033,94,92,2,2
5034,91,93,-2,2
5035,74,84,-10,10
5036,82,90,-8,8
5037,60,57,3,3
5038,69,68,1,1
5039,132,119,13,13
5040,76,73,3,3
5041,169,159,10,10
5042,101,98,3,3
5043,167,153,14,14
5044,79,80,-1,1
5045,78,87,-9,9
5046,61,60,1,1
5047,137,115,22,22
5048,116,99,17,17
5049,77,79,-2,2
5050,76,76,0,0
5051,157,158,-1,1
5052,90,96,-6,6
5053,79,73,6,6
5054,131,112,19,19
5055,118,100,18,18
5056,110,93,17,17
5057,151,130,21,21
5058,159,153,6,6
5059,95,96,-1,1
5060,78,71,7,7
5061,107,111,-4,4
5062,131,124,7,7
5063,87,90,-3,3
5064,42,52,-10,10
5065,66,65,1,1
5066,101,100,1,1
5067,140,130,10,10
5068,66,60,6,6
5069,43,52,-9,9
5070,100,94,6,6
5071,120,100,20,20
5072,76,61,15,15
5073,121,121,0,0
5074,78,76,2,2
5075,121,116,5,5
5076,51,55,-4,4
5077,101,102,-1,1
5078,136,131,5,5
5079,107,114,-7,7
5080,106,106,0,0
5081,116,104,12,12
5082,89,85,4,4
5083,65,65,0,0
5084,154,139,15,15
5085,130,118,12,12
5086,98,85,13,13
5087,75,86,-11,11
5088,81,79,2,2
5089,82,85,-3,3
5090,86,86,0,0
5091,93,93,0,0
5092,73,76,-3,3
5093,76,79,-3,3
5094,166,159,7,7
5095,98,93,5,5
5096,120,99,21,21
5097,67,68,-1,1
5098,81,78,3,3
5099,170,158,12,12
5100,40,53,-13,13
5101,101,93,8,8
5102,80,78,2,2
5103,121,101,20,20
5104,58,56,2,2
5105,115,104,11,11
5106,63,61,2,2
5107,87,87,0,0
5108,148,147,1,1
5109,102,96,6,6
5110,79,74,5,5
5111,118,104,14,14
5112,92,90,2,2
5113,110,108,2,2
5114,131,126,5,5
5115,139,144,-5,5
5116,68,73,-5,5
5117,122,121,1,1
5118,140,124,16,16
5119,124,116,8,8
5120,103,89,14,14
5121,59,71,-12,12
5122,80,80,0,0
5123,131,118,13,13
5124,104,96,8,8
5125,155,139,16,16
5126,89,89,0,0
5127,68,80,-12,12
5128,79,75,4,4
5129,110,105,5,5
5130,54,56,-2,2
5131,121,131,-10,10
5132,101,100,1,1
5133,109,108,1,1
5134,100,93,7,7
5135,132,126,6,6
5136,71,71,0,0
5137,89,88,1,1
5138,92,89,3,3
5139,91,87,4,4
5140,117,102,15,15
5141,100,94,6,6
5142,118,106,12,12
5143,160,127,33,33
5144,121,106,15,15
5145,88,91,-3,3
5146,152,143,9,9
5147,56,54,2,2
5148,51,67,-16,16
5149,110,90,20,20
5150,79,81,-2,2
5151,68,80,-12,12
5152,52,55,-3,3
5153,129,127,2,2
5154,81,71,10,10
5155,39,52,-13,13
5156,55,114,-59,59
5157,53,57,-4,4
5158,92,90,2,2
5159,72,70,2,2
5160,103,101,2,2
5161,141,125,16,16
5162,82,83,-1,1
5163,69,71,-2,2
5164,168,153,15,15
5165,65,65,0,0
5166,76,79,-3,3
5167,104,99,5,5
5168,89,88,1,1
5169,101,103,-2,2
5170,53,58,-5,5
5171,105,98,7,7
5172,90,78,12,12
5173,116,106,10,10
5174,137,127,10,10
5175,126,111,15,15
5176,43,52,-9,9
5177,65,69,-4,4
5178,76,70,6,6
5179,104,96,8,8
5180,88,79,9,9
5181,75,70,5,5
5182,82,78,4,4
5183,40,66,-26,26
5184,77,72,5,5
5185,66,65,1,1
5186,154,132,22,22
5187,86,79,7,7
5188,112,116,-4,4
5189,93,91,2,2
5190,130,144,-14,14
5191,177,159,18,18
5192,148,135,13,13
5193,80,80,0,0
5194,58,53,5,5
5195,115,104,11,11
5196,118,107,11,11
5197,66,61,5,5
5198,161,148,13,13
5199,80,82,-2,2
5200,105,94,11,11
5201,56,55,1,1
5202,66,66,0,0
5203,93,90,3,3
5204,105,94,11,11
5205,96,92,4,4
5206,62,61,1,1
5207,68,75,-7,7
5208,83,76,7,7
5209,110,103,7,7
5210,109,105,4,4
5211,147,131,16,16
5212,68,66,2,2
5213,121,105,16,16
5214,128,130,-2,2
5215,136,122,14,14
5216,110,100,10,10
5217,84,72,12,12
5218,93,87,6,6
5219,68,70,-2,2
5220,88,86,2,2
5221,89,92,-3,3
5222,134,131,3,3
5223,128,121,7,7
5224,79,74,5,5
5225,66,64,2,2
5226,58,54,4,4
5227,58,75,-17,17
5228,69,66,3,3
5229,56,58,-2,2
5230,85,85,0,0
5231,73,72,1,1
5232,97,90,7,7
5233,100,80,20,20
5234,82,70,12,12
5235,65,63,2,2
5236,90,93,-3,3
5237,66,78,-12,12
5238,58,55,3,3
5239,62,98,-36,36
5240,50,55,-5,5
5241,84,77,7,7
5242,82,80,2,2
5243,147,147,0,0
5244,91,80,11,11
5245,95,86,9,9
5246,121,115,6,6
5247,56,57,-1,1
5248,54,55,-1,1
5249,103,96,7,7
5250,86,71,15,15
5251,85,79,6,6
5252,97,73,24,24
5253,92,77,15,15
5254,59,58,1,1
5255,115,110,5,5
5256,116,107,9,9
5257,101,94,7,7
5258,120,90,30,30
5259,164,137,27,27
5260,55,52,3,3
5261,91,93,-2,2
5262,75,79,-4,4
5263,121,116,5,5
5264,57,59,-2,2
5265,38,57,-19,19
5266,92,82,10,10
5267,67,65,2,2
5268,120,111,9,9
5269,83,81,2,2
5270,138,131,7,7
5271,169,148,21,21
5272,59,66,-7,7
5273,47,52,-5,5
5274,46,56,-10,10
5275,123,124,-1,1
5276,142,129,13,13
5277,80,83,-3,3
5278,31,54,-23,23
5279,128,123,5,5
5280,112,96,16,16
5281,98,103,-5,5
5282,55,60,-5,5
5283,110,92,18,18
5284,91,93,-2,2
5285,112,89,23,23
5286,115,112,3,3
5287,73,65,8,8
5288,106,102,4,4
5289,93,87,6,6
5290,166,158,8,8
5291,128,133,-5,5
5292,112,102,10,10
5293,89,79,10,10
5294,74,71,3,3
5295,106,114,-8,8
5296,72,73,-1,1
5297,78,75,3,3
5298,92,88,4,4
5299,140,123,17,17
5300,103,93,10,10
5301,102,108,-6,6
5302,63,76,-13,13
5303,169,148,21,21
5304,78,75,3,3
5305,132,122,10,10
5306,50,64,-14,14
5307,127,109,18,18
5308,138,107,31,31
5309,61,54,7,7
5310,87,86,1,1
5311,109,109,0,0
5312,77,76,1,1
5313,92,103,-11,11
5314,84,75,9,9
5315,140,120,20,20
5316,79,81,-2,2
5317,87,81,6,6
5318,76,73,3,3
5319,54,57,-3,3
5320,77,87,-10,10
5321,28,57,-29,29
5322,85,68,17,17
5323,41,54,-13,13
5324,78,80,-2,2
5325,117,103,14,14
5326,99,95,4,4
5327,130,124,6,6
5328,58,61,-3,3
5329,76,71,5,5
5330,72,76,-4,4
5331,72,65,7,7
5332,130,114,16,16
5333,85,88,-3,3
5334,74,74,0,0
5335,117,102,15,15
5336,105,106,-1,1
5337,114,110,4,4
5338,94,93,1,1
5339,127,119,8,8
5340,100,91,9,9
5341,100,100,0,0
5342,114,102,12,12
5343,137,140,-3,3
5344,141,129,12,12
5345,186,166,20,20
5346,49,52,-3,3
5347,71,74,-3,3
5348,144,137,7,7
5349,108,83,25,25
5350,102,85,17,17
5351,129,120,9,9
5352,123,113,10,10
5353,48,52,-4,4
5354,70,65,5,5
5355,81,80,1,1
5356,72,75,-3,3
5357,76,75,1,1
5358,114,120,-6,6
5359,130,120,10,10
5360,113,118,-5,5
5361,57,58,-1,1
5362,77,77,0,0
5363,117,112,5,5
5364,79,70,9,9
5365,87,92,-5,5
5366,99,96,3,3
5367,211,186,25,25
5368,92,81,11,11
5369,119,105,14,14
5370,54,59,-5,5
5371,111,96,15,15
5372,67,65,2,2
5373,185,178,7,7
5374,68,78,-10,10
5375,190,160,30,30
5376,124,115,9,9
5377,80,83,-3,3
5378,78,71,7,7
5379,92,99,-7,7
5380,70,69,1,1
5381,51,64,-13,13
5382,89,89,0,0
5383,82,85,-3,3
5384,83,77,6,6
5385,204,177,27,27
5386,114,102,12,12
5387,62,61,1,1
5388,100,84,16,16
5389,143,151,-8,8
5390,89,83,6,6
5391,123,127,-4,4
5392,150,137,13,13
5393,135,107,28,28
5394,114,114,0,0
5395,94,97,-3,3
5396,158,145,13,13
5397,58,63,-5,5
5398,94,98,-4,4
5399,59,59,0,0
5400,81,92,-11,11
5401,70,68,2,2
5402,79,77,2,2
5403,49,57,-8,8
5404,85,79,6,6
5405,85,80,5,5
5406,55,53,2,2
5407,97,98,-1,1
5408,95,91,4,4
5409,129,119,10,10
5410,53,58,-5,5
5411,109,109,0,0
5412,92,89,3,3
5413,122,93,29,29
5414,102,99,3,3
5415,98,107,-9,9
5416,68,74,-6,6
5417,108,100,8,8
5418,92,80,12,12
5419,95,89,6,6
5420,65,62,3,3
5421,27,52,-25,25
5422,62,63,-1,1
5423,109,104,5,5
5424,72,70,2,2
5425,58,56,2,2
5426,121,104,17,17
5427,101,92,9,9
5428,63,68,-5,5
5429,38,52,-14,14
5430,145,134,11,11
5431,103,100,3,3
5432,215,223,-8,8
5433,122,110,12,12
5434,90,92,-2,2
5435,67,65,2,2
5436,98,100,-2,2
5437,106,112,-6,6
5438,119,118,1,1
5439,93,89,4,4
5440,48,58,-10,10
5441,87,83,4,4
5442,108,109,-1,1
5443,72,65,7,7
5444,124,115,9,9
5445,114,106,8,8
5446,43,54,-11,11
5447,109,102,7,7
5448,99,101,-2,2
5449,116,107,9,9
5450,72,88,-16,16
5451,122,127,-5,5
5452,98,91,7,7
5453,144,144,0,0
5454,78,69,9,9
5455,70,63,7,7
5456,114,103,11,11
5457,137,127,10,10
5458,113,100,13,13
5459,115,99,16,16
5460,85,82,3,3
5461,63,61,2,2
5462,114,116,-2,2
5463,88,86,2,2
5464,125,111,14,14
5465,116,111,5,5
5466,150,116,34,34
5467,78,76,2,2
5468,75,73,2,2
5469,81,85,-4,4
5470,116,125,-9,9
5471,64,62,2,2
5472,93,91,2,2
5473,96,87,9,9
5474,147,144,3,3
5475,77,71,6,6
5476,139,136,3,3
5477,64,64,0,0
5478,82,75,7,7
5479,70,68,2,2
5480,142,131,11,11
5481,99,90,9,9
5482,64,65,-1,1
5483,80,86,-6,6
5484,69,59,10,10
5485,64,65,-1,1
5486,99,96,3,3
5487,120,104,16,16
5488,80,71,9,9
5489,145,141,4,4
5490,161,144,17,17
5491,86,88,-2,2
5492,123,117,6,6
5493,91,84,7,7
5494,147,132,15,15
5495,92,86,6,6
5496,79,80,-1,1
5497,144,128,16,16
5498,72,67,5,5
5499,91,98,-7,7
5500,162,149,13,13
5501,76,81,-5,5
5502,82,83,-1,1
5503,63,70,-7,7
5504,71,71,0,0
5505,74,72,2,2
5506,152,134,18,18
5507,102,103,-1,1
5508,70,64,6,6
5509,46,54,-8,8
5510,85,93,-8,8
5511,81,80,1,1
5512,85,84,1,1
5513,108,93,15,15
5514,124,112,12,12
5515,81,83,-2,2
5516,97,120,-23,23
5517,137,134,3,3
5518,125,114,11,11
5519,90,95,-5,5
5520,83,78,5,5
5521,89,86,3,3
5522,124,108,16,16
5523,101,86,15,15
5524,103,99,4,4
5525,61,58,3,3
5526,85,74,11,11
5527,102,99,3,3
5528,83,95,-12,12
5529,91,92,-1,1
5530,131,101,30,30
5531,150,134,16,16
5532,107,104,3,3
5533,115,110,5,5
5534,126,118,8,8
5535,129,123,6,6
5536,95,89,6,6
5537,143,127,16,16
5538,115,112,3,3
5539,85,79,6,6
5540,164,151,13,13
5541,95,91,4,4
5542,137,137,0,0
5543,121,112,9,9
5544,83,80,3,3
5545,115,118,-3,3
5546,154,151,3,3
5547,115,110,5,5
5548,88,78,10,10
5549,116,113,3,3
5550,119,94,25,25
5551,30,50,-20,20
5552,100,89,11,11
5553,132,134,-2,2
5554,186,161,25,25
5555,82,84,-2,2
5556,176,137,39,39
5557,107,98,9,9
5558,89,78,11,11
5559,94,94,0,0
5560,51,53,-2,2
5561,138,136,2,2
5562,78,76,2,2
5563,59,59,0,0
5564,58,58,0,0
5565,67,66,1,1
5566,79,70,9,9
5567,54,54,0,0
5568,62,59,3,3
5569,83,78,5,5
5570,75,77,-2,2
5571,115,108,7,7
5572,114,111,3,3
5573,126,107,19,19
5574,88,96,-8,8
5575,69,60,9,9
5576,38,56,-18,18
5577,71,66,5,5
5578,66,64,2,2
5579,62,61,1,1
5580,75,66,9,9
5581,59,54,5,5
5582,97,101,-4,4
5583,81,86,-5,5
5584,69,76,-7,7
5585,81,74,7,7
5586,101,101,0,0
5587,97,88,9,9
5588,60,69,-9,9
5589,119,109,10,10
5590,113,130,-17,17
5591,130,109,21,21
5592,61,67,-6,6
5593,166,150,16,16
5594,51,55,-4,4
5595,140,132,8,8
5596,109,112,-3,3
5597,115,115,0,0
5598,112,100,12,12
5599,89,84,5,5
5600,65,65,0,0
5601,97,99,-2,2
5602,81,85,-4,4
5603,59,57,2,2
5604,52,53,-1,1
5605,74,85,-11,11
5606,76,78,-2,2
5607,111,75,36,36
5608,112,106,6,6
5609,66,67,-1,1
5610,96,87,9,9
5611,61,61,0,0
5612,162,148,14,14
5613,120,106,14,14
5614,68,80,-12,12
5615,61,72,-11,11
5616,110,103,7,7
5617,114,115,-1,1
5618,41,52,-11,11
5619,63,54,9,9
5620,77,72,5,5
5621,92,82,10,10
5622,80,76,4,4
5623,40,52,-12,12
5624,56,59,-3,3
5625,72,71,1,1
5626,123,109,14,14
5627,77,70,7,7
5628,107,104,3,3
5629,112,108,4,4
5630,72,74,-2,2
5631,99,101,-2,2
5632,118,107,11,11
5633,77,70,7,7
5634,139,127,12,12
5635,84,82,2,2
5636,62,64,-2,2
5637,100,96,4,4
5638,80,75,5,5
5639,91,94,-3,3
5640,113,103,10,10
5641,45,53,-8,8
5642,71,58,13,13
5643,122,101,21,21
5644,53,55,-2,2
5645,78,87,-9,9
5646,65,71,-6,6
5647,40,54,-14,14
5648,136,121,15,15
5649,120,109,11,11
5650,104,107,-3,3
5651,85,78,7,7
5652,89,85,4,4
5653,84,88,-4,4
5654,80,87,-7,7
5655,119,119,0,0
5656,105,99,6,6
5657,61,67,-6,6
5658,53,62,-9,9
5659,69,73,-4,4
5660,83,77,6,6
5661,122,97,25,25
5662,88,85,3,3
5663,88,79,9,9
5664,104,102,2,2
5665,94,86,8,8
5666,133,122,11,11
5667,53,66,-13,13
5668,73,75,-2,2
5669,92,85,7,7
5670,92,87,5,5
5671,91,85,6,6
5672,82,82,0,0
5673,87,88,-1,1
5674,135,121,14,14
5675,126,118,8,8
5676,94,88,6,6
5677,55,57,-2,2
5678,104,92,12,12
5679,127,117,10,10
5680,135,127,8,8
5681,145,127,18,18
5682,99,99,0,0
5683,96,99,-3,3
5684,103,89,14,14
5685,32,52,-20,20
5686,74,77,-3,3
5687,109,91,18,18
5688,59,61,-2,2
5689,101,93,8,8
5690,69,65,4,4
5691,71,82,-11,11
5692,101,91,10,10
5693,129,124,5,5
5694,114,110,4,4
5695,73,72,1,1
5696,179,150,29,29
5697,81,79,2,2
5698,127,115,12,12
5699,129,127,2,2
5700,57,54,3,3
5701,50,58,-8,8
5702,80,65,15,15
5703,116,109,7,7
5704,93,81,12,12
5705,164,136,28,28
5706,43,53,-10,10
5707,96,105,-9,9
5708,88,75,13,13
5709,66,59,7,7
5710,97,95,2,2
5711,86,83,3,3
5712,83,88,-5,5
5713,87,84,3,3
5714,61,63,-2,2
5715,81,84,-3,3
5716,164,149,15,15
5717,138,126,12,12
5718,115,111,4,4
5719,86,87,-1,1
5720,118,136,-18,18
5721,67,64,3,3
5722,87,90,-3,3
5723,74,67,7,7
5724,51,58,-7,7
5725,67,63,4,4
5726,84,77,7,7
5727,94,87,7,7
5728,69,66,3,3
5729,115,115,0,0
5730,48,55,-7,7
5731,77,71,6,6
5732,81,75,6,6
5733,110,114,-4,4
5734,74,87,-13,13
5735,54,60,-6,6
5736,84,84,0,0
5737,70,74,-4,4
5738,64,66,-2,2
5739,80,86,-6,6
5740,78,66,12,12
5741,83,90,-7,7
5742,81,76,5,5
5743,34,52,-18,18
5744,149,153,-4,4
5745,50,54,-4,4
5746,57,57,0,0
5747,75,74,1,1
5748,139,121,18,18
5749,48,53,-5,5
5750,61,62,-1,1
5751,96,85,11,11
5752,64,58,6,6
5753,90,95,-5,5
5754,81,76,5,5
5755,119,121,-2,2
5756,129,120,9,9
5757,111,112,-1,1
5758,79,79,0,0
5759,107,98,9,9
5760,77,79,-2,2
5761,67,63,4,4
5762,103,89,14,14
5763,60,61,-1,1
5764,115,114,1,1
5765,62,57,5,5
5766,71,74,-3,3
5767,67,74,-7,7
5768,46,52,-6,6
5769,52,55,-3,3
5770,55,58,-3,3
5771,95,86,9,9
5772,119,101,18,18
5773,156,154,2,2
5774,89,77,12,12
5775,130,108,22,22
5776,149,135,14,14
5777,53,63,-10,10
5778,103,96,7,7
5779,181,153,28,28
5780,88,86,2,2
5781,91,88,3,3
5782,79,68,11,11
5783,64,76,-12,12
5784,85,89,-4,4
5785,45,53,-8,8
5786,72,68,4,4
5787,118,106,12,12
5788,54,53,1,1
5789,98,97,1,1
5790,79,83,-4,4
5791,63,62,1,1
5792,27,51,-24,24
5793,142,129,13,13
5794,67,68,-1,1
5795,146,135,11,11
5796,80,84,-4,4
5797,68,78,-10,10
5798,92,92,0,0
5799,48,54,-6,6
5800,117,99,18,18
5801,98,97,1,1
5802,73,73,0,0
5803,84,81,3,3
5804,95,89,6,6
5805,120,115,5,5
5806,151,153,-2,2
5807,50,54,-4,4
5808,93,89,4,4
5809,150,139,11,11
5810,65,78,-13,13
5811,76,78,-2,2
5812,69,69,0,0
5813,91,87,4,4
5814,81,83,-2,2
5815,92,85,7,7
5816,127,141,-14,14
5817,100,91,9,9
5818,98,94,4,4
5819,109,99,10,10
5820,69,71,-2,2
5821,94,97,-3,3
5822,156,137,19,19
5823,82,90,-8,8
5824,62,66,-4,4
5825,56,56,0,0
5826,44,53,-9,9
5827,134,99,35,35
5828,75,74,1,1
5829,88,87,1,1
5830,63,66,-3,3
5831,106,104,2,2
5832,121,104,17,17
5833,94,96,-2,2
5834,89,91,-2,2
5835,45,54,-9,9
5836,76,77,-1,1
5837,85,83,2,2
5838,129,128,1,1
5839,113,107,6,6
5840,127,115,12,12
5841,129,139,-10,10
5842,92,87,5,5
5843,60,56,4,4
5844,91,74,17,17
5845,90,81,9,9
5846,143,134,9,9
5847,79,75,4,4
5848,118,156,-38,38
5849,65,63,2,2
5850,88,74,14,14
5851,102,102,0,0
5852,67,67,0,0
5853,104,94,10,10
5854,164,150,14,14
5855,145,131,14,14
5856,51,52,-1,1
5857,35,53,-18,18
5858,125,117,8,8
5859,78,78,0,0
5860,110,101,9,9
5861,133,128,5,5
5862,92,90,2,2
5863,89,93,-4,4
5864,66,64,2,2
5865,96,95,1,1
5866,74,72,2,2
5867,21,51,-30,30
5868,52,55,-3,3
5869,49,54,-5,5
5870,133,137,-4,4
5871,56,61,-5,5
5872,48,53,-5,5
5873,53,54,-1,1
5874,86,83,3,3
5875,81,90,-9,9
5876,139,135,4,4
5877,111,117,-6,6
5878,118,121,-3,3
5879,61,63,-2,2
5880,88,94,-6,6
5881,58,59,-1,1
5882,91,84,7,7
5883,110,103,7,7
5884,118,89,29,29
5885,109,99,10,10
5886,52,54,-2,2
5887,69,71,-2,2
5888,144,123,21,21
5889,87,81,6,6
5890,153,126,27,27
5891,49,54,-5,5
5892,106,108,-2,2
5893,85,83,2,2
5894,95,90,5,5
5895,99,96,3,3
5896,154,146,8,8
5897,64,77,-13,13
5898,74,69,5,5
5899,94,85,9,9
5900,83,65,18,18
5901,66,65,1,1
5902,48,54,-6,6
5903,87,95,-8,8
5904,28,55,-27,27
5905,63,56,7,7
5906,117,107,10,10
5907,169,156,13,13
5908,54,56,-2,2
5909,118,111,7,7
5910,77,69,8,8
5911,87,87,0,0
5912,259,217,42,42
5913,116,118,-2,2
5914,141,129,12,12
5915,63,68,-5,5
5916,194,168,26,26
5917,58,70,-12,12
5918,117,113,4,4
5919,101,94,7,7
5920,128,122,6,6
5921,99,84,15,15
5922,122,105,17,17
5923,146,131,15,15
5924,117,102,15,15
5925,85,88,-3,3
5926,156,142,14,14
5927,85,79,6,6
5928,149,149,0,0
5929,62,67,-5,5
5930,133,129,4,4
5931,76,77,-1,1
5932,67,64,3,3
5933,125,141,-16,16
5934,73,66,7,7
5935,106,88,18,18
5936,98,95,3,3
5937,113,108,5,5
5938,151,143,8,8
5939,91,84,7,7
5940,115,118,-3,3
5941,99,102,-3,3
5942,51,59,-8,8
5943,102,110,-8,8
5944,123,107,16,16
5945,71,65,6,6
5946,116,113,3,3
5947,118,113,5,5
5948,151,153,-2,2
5949,93,79,14,14
5950,77,77,0,0
5951,52,53,-1,1
5952,88,82,6,6
5953,56,58,-2,2
5954,152,149,3,3
5955,129,126,3,3
5956,75,80,-5,5
5957,98,91,7,7
5958,149,146,3,3
5959,73,69,4,4
5960,96,106,-10,10
5961,145,142,3,3
5962,88,78,10,10
5963,159,139,20,20
5964,178,154,24,24
5965,81,84,-3,3
5966,142,127,15,15
5967,97,86,11,11
5968,145,136,9,9
5969,91,88,3,3
5970,85,67,18,18
5971,87,73,14,14
5972,90,73,17,17
5973,68,66,2,2
5974,94,89,5,5
5975,101,91,10,10
5976,92,77,15,15
5977,71,76,-5,5
5978,113,111,2,2
5979,102,95,7,7
5980,114,113,1,1
5981,97,90,7,7
5982,47,55,-8,8
5983,60,60,0,0
5984,135,127,8,8
5985,58,56,2,2
5986,206,172,34,34
5987,68,68,0,0
5988,42,53,-11,11
5989,73,63,10,10
5990,83,73,10,10
5991,72,67,5,5
5992,111,75,36,36
5993,58,54,4,4
5994,130,136,-6,6
5995,111,108,3,3
5996,140,142,-2,2
5997,95,96,-1,1
5998,96,91,5,5
5999,91,79,12,12
6000,79,76,3,3
6001,74,70,4,4
6002,169,144,25,25
6003,117,115,2,2
6004,78,61,17,17
6005,115,113,2,2
6006,44,53,-9,9
6007,103,111,-8,8
6008,78,90,-12,12
6009,49,54,-5,5
6010,126,126,0,0
6011,93,81,12,12
6012,140,133,7,7
6013,85,84,1,1
6014,116,122,-6,6
6015,83,74,9,9
6016,96,101,-5,5
6017,143,128,15,15
6018,74,75,-1,1
6019,92,96,-4,4
6020,63,56,7,7
6021,49,59,-10,10
6022,144,137,7,7
6023,54,61,-7,7
6024,116,157,-41,41
6025,66,73,-7,7
6026,56,58,-2,2
6027,56,89,-33,33
6028,107,107,0,0
6029,140,131,9,9
6030,92,95,-3,3
6031,76,78,-2,2
6032,90,91,-1,1
6033,138,132,6,6
6034,71,61,10,10
6035,89,99,-10,10
6036,66,57,9,9
6037,60,59,1,1
6038,116,118,-2,2
6039,179,171,8,8
6040,90,76,14,14
6041,116,117,-1,1
6042,89,88,1,1
6043,95,86,9,9
6044,85,74,11,11
6045,53,55,-2,2
6046,166,157,9,9
6047,43,52,-9,9
6048,119,121,-2,2
6049,105,114,-9,9
6050,121,108,13,13
6051,73,69,4,4
6052,67,62,5,5
6053,119,116,3,3
6054,106,105,1,1
6055,72,63,9,9
6056,75,69,6,6
6057,70,74,-4,4
6058,143,128,15,15
6059,83,75,8,8
6060,83,73,10,10
6061,46,58,-12,12
6062,47,53,-6,6
6063,119,114,5,5
6064,108,96,12,12
6065,43,62,-19,19
6066,64,59,5,5
6067,83,83,0,0
6068,141,130,11,11
6069,107,101,6,6
6070,35,57,-22,22
6071,119,114,5,5
6072,88,78,10,10
6073,77,78,-1,1
6074,75,71,4,4
6075,140,130,10,10
6076,66,65,1,1
6077,121,123,-2,2
6078,47,57,-10,10
6079,68,71,-3,3
6080,112,103,9,9
6081,178,156,22,22
6082,87,92,-5,5
6083,164,142,22,22
6084,79,79,0,0
6085,71,69,2,2
6086,111,124,-13,13
6087,78,81,-3,3
6088,160,161,-1,1
6089,98,94,4,4
6090,115,150,-35,35
6091,95,101,-6,6
6092,65,64,1,1
6093,159,153,6,6
6094,85,84,1,1
6095,69,64,5,5
6096,116,111,5,5
6097,55,58,-3,3
6098,96,93,3,3
6099,94,84,10,10
6100,72,66,6,6
6101,94,80,14,14
6102,124,129,-5,5
6103,62,62,0,0
6104,79,71,8,8
6105,146,129,17,17
6106,42,53,-11,11
6107,85,79,6,6
6108,100,83,17,17
6109,131,108,23,23
6110,72,76,-4,4
6111,49,55,-6,6
6112,116,104,12,12
6113,102,97,5,5
6114,135,130,5,5
6115,138,125,13,13
6116,40,56,-16,16
6117,104,100,4,4
6118,99,93,6,6
6119,50,53,-3,3
6120,108,100,8,8
6121,106,101,5,5
6122,93,83,10,10
6123,155,149,6,6
6124,127,119,8,8
6125,78,75,3,3
6126,87,86,1,1
6127,73,73,0,0
6128,92,89,3,3
6129,86,80,6,6
6130,117,110,7,7
6131,65,58,7,7
6132,44,52,-8,8
6133,142,131,11,11
6134,83,87,-4,4
6135,104,94,10,10
6136,119,99,20,20
6137,112,105,7,7
6138,96,81,15,15
6139,58,63,-5,5
6140,44,58,-14,14
6141,107,106,1,1
6142,115,112,3,3
6143,87,88,-1,1
6144,102,95,7,7
6145,89,81,8,8
6146,119,111,8,8
6147,101,96,5,5
6148,55,58,-3,3
6149,92,83,9,9
6150,108,97,11,11
6151,57,56,1,1
6152,119,111,8,8
6153,133,125,8,8
6154,80,82,-2,2
6155,66,65,1,1
6156,114,104,10,10
6157,111,112,-1,1
6158,140,129,11,11
6159,108,82,26,26
6160,89,97,-8,8
6161,88,78,10,10
6162,76,80,-4,4
6163,80,81,-1,1
6164,98,85,13,13
6165,73,70,3,3
6166,136,124,12,12
6167,50,56,-6,6
6168,88,97,-9,9
6169,69,68,1,1
6170,151,139,12,12
6171,66,57,9,9
6172,73,66,7,7
6173,65,57,8,8
6174,72,73,-1,1
6175,52,54,-2,2
6176,108,87,21,21
6177,86,81,5,5
6178,34,60,-26,26
6179,183,173,10,10
6180,54,54,0,0
6181,122,121,1,1
6182,64,61,3,3
6183,75,74,1,1
6184,105,91,14,14
6185,65,67,-2,2
6186,84,90,-6,6
6187,101,97,4,4
6188,117,107,10,10
6189,148,140,8,8
6190,66,64,2,2
6191,106,108,-2,2
6192,147,126,21,21
6193,108,107,1,1
6194,133,100,33,33
6195,42,54,-12,12
6196,67,60,7,7
6197,117,108,9,9
6198,127,130,-3,3
6199,84,81,3,3
6200,72,66,6,6
6201,77,72,5,5
6202,83,75,8,8
6203,77,87,-10,10
6204,133,125,8,8
6205,61,68,-7,7
6206,75,79,-4,4
6207,81,78,3,3
6208,95,87,8,8
6209,115,105,10,10
6210,106,92,14,14
6211,85,72,13,13
6212,89,85,4,4
6213,103,95,8,8
6214,78,72,6,6
6215,83,79,4,4
6216,128,110,18,18
6217,64,67,-3,3
6218,87,80,7,7
6219,108,94,14,14
6220,108,104,4,4
6221,77,71,6,6
6222,65,71,-6,6
6223,56,57,-1,1
6224,69,61,8,8
6225,83,81,2,2
6226,93,96,-3,3
6227,85,82,3,3
6228,177,166,11,11
6229,52,54,-2,2
6230,35,54,-19,19
6231,128,112,16,16
6232,98,92,6,6
6233,83,77,6,6
6234,67,62,5,5
6235,102,100,2,2
6236,115,112,3,3
6237,103,96,7,7
6238,99,96,3,3
6239,100,95,5,5
6240,148,126,22,22
6241,67,64,3,3
6242,131,124,7,7
6243,76,72,4,4
6244,91,88,3,3
6245,110,87,23,23
6246,133,129,4,4
6247,77,86,-9,9
6248,151,144,7,7
6249,130,131,-1,1
6250,80,83,-3,3
6251,86,87,-1,1
6252,117,124,-7,7
6253,72,68,4,4
6254,104,104,0,0
6255,108,94,14,14
6256,103,103,0,0
6257,57,61,-4,4
6258,30,52,-22,22
6259,70,68,2,2
6260,93,100,-7,7
6261,75,69,6,6
6262,46,54,-8,8
6263,169,126,43,43
6264,88,83,5,5
6265,71,76,-5,5
6266,97,96,1,1
6267,133,119,14,14
6268,77,77,0,0
6269,93,94,-1,1
6270,52,66,-14,14
6271,124,130,-6,6
6272,60,88,-28,28
6273,53,59,-6,6
6274,98,94,4,4
6275,105,87,18,18
6276,92,84,8,8
6277,106,96,10,10
6278,55,58,-3,3
6279,94,93,1,1
6280,94,82,12,12
6281,67,67,0,0
6282,109,97,12,12
6283,61,63,-2,2
6284,49,56,-7,7
6285,99,90,9,9
6286,109,95,14,14
6287,73,66,7,7
6288,107,101,6,6
6289,82,77,5,5
6290,122,111,11,11
6291,50,53,-3,3
6292,102,92,10,10
6293,99,95,4,4
6294,40,52,-12,12
6295,61,56,5,5
6296,94,94,0,0
6297,55,58,-3,3
6298,66,62,4,4
6299,58,63,-5,5
6300,139,143,-4,4
6301,104,85,19,19
6302,74,70,4,4
6303,77,68,9,9
6304,77,68,9,9
6305,91,87,4,4
6306,74,68,6,6
6307,63,60,3,3
6308,56,56,0,0
6309,103,110,-7,7
6310,83,81,2,2
6311,69,74,-5,5
6312,165,142,23,23
6313,109,104,5,5
6314,93,77,16,16
6315,123,118,5,5
6316,142,133,9,9
6317,71,63,8,8
6318,102,99,3,3
6319,81,80,1,1
6320,178,149,29,29
6321,75,69,6,6
6322,68,68,0,0
6323,135,121,14,14
6324,103,100,3,3
6325,108,105,3,3
6326,62,76,-14,14
6327,95,96,-1,1
6328,114,103,11,11
6329,120,113,7,7
6330,124,122,2,2
6331,90,89,1,1
6332,29,56,-27,27
6333,69,70,-1,1
6334,61,70,-9,9
6335,85,76,9,9
6336,83,89,-6,6
6337,122,110,12,12
6338,148,136,12,12
6339,108,95,13,13
6340,96,98,-2,2
6341,75,74,1,1
6342,101,108,-7,7
6343,81,74,7,7
6344,98,100,-2,2
6345,95,88,7,7
6346,100,90,10,10
6347,96,97,-1,1
6348,161,164,-3,3
6349,84,75,9,9
6350,55,56,-1,1
6351,59,62,-3,3
6352,124,121,3,3
6353,137,132,5,5
6354,118,113,5,5
6355,144,119,25,25
6356,182,164,18,18
6357,126,114,12,12
6358,127,110,17,17
6359,111,103,8,8
6360,92,88,4,4
6361,106,100,6,6
6362,74,76,-2,2
6363,68,80,-12,12
6364,108,112,-4,4
6365,95,87,8,8
6366,103,101,2,2
6367,81,81,0,0
6368,86,87,-1,1
6369,170,148,22,22
6370,50,54,-4,4
6371,51,54,-3,3
6372,94,79,15,15
6373,146,149,-3,3
6374,74,75,-1,1
6375,100,91,9,9
6376,128,108,20,20
6377,74,65,9,9
6378,108,102,6,6
6379,77,79,-2,2
6380,63,65,-2,2
6381,50,53,-3,3
6382,109,99,10,10
6383,52,55,-3,3
6384,68,74,-6,6
6385,90,93,-3,3
6386,80,85,-5,5
6387,55,63,-8,8
6388,103,91,12,12
6389,84,86,-2,2
6390,90,77,13,13
6391,66,70,-4,4
6392,167,153,14,14
6393,82,81,1,1
6394,73,69,4,4
6395,86,89,-3,3
6396,71,75,-4,4
6397,80,85,-5,5
6398,92,92,0,0
6399,117,106,11,11
6400,51,62,-11,11
6401,94,94,0,0
6402,84,80,4,4
6403,135,132,3,3
6404,66,72,-6,6
6405,151,138,13,13
6406,92,90,2,2
6407,102,97,5,5
6408,116,100,16,16
6409,50,59,-9,9
6410,88,89,-1,1
6411,119,111,8,8
6412,107,103,4,4
6413,93,98,-5,5
6414,142,130,12,12
6415,52,54,-2,2
6416,115,111,4,4
6417,52,56,-4,4
6418,56,57,-1,1
6419,152,130,22,22
6420,83,71,12,12
6421,62,61,1,1
6422,64,75,-11,11
6423,119,106,13,13
6424,157,129,28,28
6425,51,58,-7,7
6426,118,113,5,5
6427,58,65,-7,7
6428,94,86,8,8
6429,45,55,-10,10
6430,120,108,12,12
6431,88,86,2,2
6432,84,87,-3,3
6433,131,126,5,5
6434,98,87,11,11
6435,50,53,-3,3
6436,88,70,18,18
6437,101,108,-7,7
6438,78,69,9,9
6439,40,60,-20,20
6440,103,109,-6,6
6441,96,87,9,9
6442,83,80,3,3
6443,93,89,4,4
6444,82,74,8,8
6445,103,94,9,9
6446,41,60,-19,19
6447,39,53,-14,14
6448,60,55,5,5
6449,137,121,16,16
6450,46,55,-9,9
6451,51,56,-5,5
6452,82,83,-1,1
6453,131,116,15,15
6454,66,72,-6,6
6455,76,68,8,8
6456,204,179,25,25
6457,106,103,3,3
6458,72,70,2,2
6459,145,138,7,7
6460,80,75,5,5
6461,89,90,-1,1
6462,148,143,5,5
6463,141,123,18,18
6464,59,62,-3,3
6465,51,52,-1,1
6466,88,81,7,7
6467,77,77,0,0
6468,103,105,-2,2
6469,94,84,10,10
6470,92,84,8,8
6471,82,74,8,8
6472,89,92,-3,3
6473,72,72,0,0
6474,135,124,11,11
6475,135,124,11,11
6476,85,80,5,5
6477,63,62,1,1
6478,173,154,19,19
6479,108,104,4,4
6480,141,114,27,27
6481,85,87,-2,2
6482,144,135,9,9
6483,66,64,2,2
6484,86,88,-2,2
6485,84,72,12,12
6486,107,97,10,10
6487,60,58,2,2
6488,62,68,-6,6
6489,174,164,10,10
6490,68,61,7,7
6491,74,79,-5,5
6492,67,65,2,2
6493,72,64,8,8
6494,117,105,12,12
6495,93,115,-22,22
6496,69,75,-6,6
6497,75,74,1,1
6498,84,80,4,4
6499,101,97,4,4
6500,78,75,3,3
6501,202,183,19,19
6502,97,103,-6,6
6503,79,75,4,4
6504,97,102,-5,5
6505,60,67,-7,7
6506,58,56,2,2
6507,113,116,-3,3
6508,63,63,0,0
6509,79,73,6,6
6510,94,91,3,3
6511,129,124,5,5
6512,142,131,11,11
6513,96,91,5,5
6514,83,74,9,9
6515,137,124,13,13
6516,99,87,12,12
6517,92,90,2,2
6518,92,98,-6,6
6519,69,63,6,6
6520,126,136,-10,10
6521,148,149,-1,1
6522,90,86,4,4
6523,94,85,9,9
6524,111,108,3,3
6525,86,92,-6,6
6526,49,64,-15,15
6527,124,115,9,9
6528,107,108,-1,1
6529,129,122,7,7
6530,58,54,4,4
6531,70,70,0,0
6532,70,73,-3,3
6533,91,82,9,9
6534,86,72,14,14
6535,102,101,1,1
6536,83,82,1,1
6537,119,115,4,4
6538,76,79,-3,3
6539,49,53,-4,4
6540,94,79,15,15
6541,124,99,25,25
6542,65,62,3,3
6543,96,107,-11,11
6544,170,162,8,8
6545,68,73,-5,5
6546,28,52,-24,24
6547,135,130,5,5
6548,151,125,26,26
6549,80,82,-2,2
6550,79,90,-11,11
6551,68,80,-12,12
6552,118,101,17,17
6553,73,70,3,3
6554,104,109,-5,5
6555,147,127,20,20
6556,91,101,-10,10
6557,147,122,25,25
6558,55,63,-8,8
6559,66,69,-3,3
6560,121,107,14,14
6561,70,69,1,1
6562,107,99,8,8
6563,153,145,8,8
6564,124,119,5,5
6565,59,66,-7,7
6566,90,83,7,7
6567,57,64,-7,7
6568,129,113,16,16
6569,98,99,-1,1
6570,152,137,15,15
6571,55,60,-5,5
6572,93,69,24,24
6573,61,56,5,5
6574,135,124,11,11
6575,72,65,7,7
6576,105,109,-4,4
6577,65,91,-26,26
6578,91,85,6,6
6579,117,108,9,9
6580,85,87,-2,2
6581,125,115,10,10
6582,57,63,-6,6
6583,151,132,19,19
6584,68,70,-2,2
6585,104,109,-5,5
6586,53,58,-5,5
6587,88,87,1,1
6588,91,84,7,7
6589,184,143,41,41
6590,99,95,4,4
6591,189,157,32,32
6592,186,159,27,27
6593,125,109,16,16
6594,62,73,-11,11
6595,103,101,2,2
6596,183,171,12,12
6597,62,55,7,7
6598,66,64,2,2
6599,73,69,4,4
6600,114,106,8,8
6601,123,119,4,4
6602,108,91,17,17
6603,115,105,10,10
6604,124,111,13,13
6605,66,78,-12,12
6606,104,84,20,20
6607,75,75,0,0
6608,108,111,-3,3
6609,81,78,3,3
6610,82,68,14,14
6611,80,70,10,10
6612,30,52,-22,22
6613,90,83,7,7
6614,62,62,0,0
6615,86,78,8,8
6616,56,57,-1,1
6617,95,94,1,1
6618,100,100,0,0
6619,102,95,7,7
6620,102,97,5,5
6621,59,55,4,4
6622,152,129,23,23
6623,163,157,6,6
6624,143,130,13,13
6625,162,150,12,12
6626,84,82,2,2
6627,78,80,-2,2
6628,92,95,-3,3
6629,79,81,-2,2
6630,78,70,8,8
6631,120,105,15,15
6632,99,90,9,9
6633,103,91,12,12
6634,76,78,-2,2
6635,80,75,5,5
6636,66,64,2,2
6637,128,122,6,6
6638,85,72,13,13
6639,100,98,2,2
6640,46,56,-10,10
6641,125,118,7,7
6642,111,113,-2,2
6643,119,112,7,7
6644,59,62,-3,3
6645,55,55,0,0
6646,158,146,12,12
6647,106,109,-3,3
6648,136,126,10,10
6649,108,99,9,9
6650,124,113,11,11
6651,106,101,5,5
6652,92,77,15,15
6653,118,121,-3,3
6654,108,99,9,9
6655,114,102,12,12
6656,51,60,-9,9
6657,85,77,8,8
6658,61,82,-21,21
6659,74,68,6,6
6660,67,64,3,3
6661,108,102,6,6
6662,132,126,6,6
6663,78,69,9,9
6664,102,105,-3,3
6665,175,144,31,31
6666,140,132,8,8
6667,93,83,10,10
6668,75,78,-3,3
6669,98,92,6,6
6670,98,86,12,12
6671,119,105,14,14
6672,121,139,-18,18
6673,94,93,1,1
6674,117,96,21,21
6675,108,109,-1,1
6676,87,104,-17,17
6677,100,91,9,9
6678,88,78,10,10
6679,86,67,19,19
6680,65,68,-3,3
6681,81,76,5,5
6682,89,85,4,4
6683,114,103,11,11
6684,108,105,3,3
6685,95,85,10,10
6686,100,95,5,5
6687,98,95,3,3
6688,88,84,4,4
6689,95,90,5,5
6690,92,91,1,1
6691,161,148,13,13
6692,57,57,0,0
6693,89,87,2,2
6694,67,54,13,13
6695,101,100,1,1
6696,102,106,-4,4
6697,84,81,3,3
6698,64,59,5,5
6699,127,123,4,4
6700,97,96,1,1
6701,101,100,1,1
6702,65,66,-1,1
6703,89,79,10,10
6704,70,69,1,1
6705,67,70,-3,3
6706,169,155,14,14
6707,59,67,-8,8
6708,163,140,23,23
6709,38,54,-16,16
6710,117,110,7,7
6711,53,57,-4,4
6712,52,55,-3,3
6713,120,116,4,4
6714,80,68,12,12
6715,52,56,-4,4
6716,127,139,-12,12
6717,87,94,-7,7
6718,54,86,-32,32
6719,66,61,5,5
6720,98,87,11,11
6721,112,111,1,1
6722,56,56,0,0
6723,114,109,5,5
6724,90,83,7,7
6725,87,85,2,2
6726,58,59,-1,1
6727,118,110,8,8
6728,96,97,-1,1
6729,102,107,-5,5
6730,84,86,-2,2
6731,111,102,9,9
6732,62,63,-1,1
6733,73,66,7,7
6734,69,69,0,0
6735,133,123,10,10
6736,87,79,8,8
6737,64,62,2,2
6738,85,87,-2,2
6739,103,93,10,10
6740,86,80,6,6
6741,68,68,0,0
6742,145,142,3,3
6743,74,64,10,10
6744,91,96,-5,5
6745,102,90,12,12
6746,128,124,4,4
6747,104,101,3,3
6748,110,116,-6,6
6749,56,56,0,0
6750,83,81,2,2
6751,109,110,-1,1
6752,77,70,7,7
6753,164,137,27,27
6754,137,126,11,11
6755,134,117,17,17
6756,172,159,13,13
6757,116,112,4,4
6758,80,73,7,7
6759,50,55,-5,5
6760,168,144,24,24
6761,68,71,-3,3
6762,88,91,-3,3
6763,48,55,-7,7
6764,60,55,5,5
6765,135,134,1,1
6766,75,63,12,12
6767,187,166,21,21
6768,78,72,6,6
6769,117,97,20,20
6770,109,113,-4,4
6771,79,69,10,10
6772,80,80,0,0
6773,72,70,2,2
6774,105,101,4,4
6775,130,133,-3,3
6776,108,109,-1,1
6777,39,54,-15,15
6778,94,98,-4,4
6779,76,79,-3,3
6780,84,84,0,0
6781,110,113,-3,3
6782,79,76,3,3
6783,129,106,23,23
6784,66,62,4,4
6785,73,74,-1,1
6786,90,82,8,8
6787,69,69,0,0
6788,76,62,14,14
6789,96,108,-12,12
6790,113,106,7,7
6791,118,115,3,3
6792,78,71,7,7
6793,92,82,10,10
6794,96,89,7,7
6795,111,116,-5,5
6796,143,143,0,0
6797,101,94,7,7
6798,99,98,1,1
6799,110,118,-8,8
6800,105,104,1,1
6801,79,77,2,2
6802,80,85,-5,5
6803,54,53,1,1
6804,86,78,8,8
6805,66,66,0,0
6806,96,89,7,7
6807,151,141,10,10
6808,78,93,-15,15
6809,82,90,-8,8
6810,93,88,5,5
6811,57,65,-8,8
6812,129,114,15,15
6813,89,86,3,3
6814,83,76,7,7
6815,72,80,-8,8
6816,85,85,0,0
6817,58,57,1,1
6818,69,71,-2,2
6819,69,79,-10,10
6820,55,55,0,0
6821,114,98,16,16
6822,145,125,20,20
6823,81,86,-5,5
6824,41,56,-15,15
6825,88,99,-11,11
6826,108,107,1,1
6827,104,99,5,5
6828,74,62,12,12
6829,111,106,5,5
6830,74,70,4,4
6831,82,78,4,4
6832,129,121,8,8
6833,75,77,-2,2
6834,137,122,15,15
6835,135,128,7,7
6836,93,82,11,11
6837,73,83,-10,10
6838,125,120,5,5
6839,110,115,-5,5
6840,147,150,-3,3
6841,86,91,-5,5
6842,96,86,10,10
6843,104,97,7,7
6844,110,111,-1,1
6845,80,76,4,4
6846,66,71,-5,5
6847,168,159,9,9
6848,123,130,-7,7
6849,138,133,5,5
6850,66,64,2,2
6851,66,59,7,7
6852,143,123,20,20
6853,88,76,12,12
6854,76,81,-5,5
6855,143,141,2,2
6856,108,95,13,13
6857,74,71,3,3
6858,76,71,5,5
6859,59,61,-2,2
6860,87,81,6,6
6861,113,101,12,12
6862,57,60,-3,3
6863,56,66,-10,10
6864,102,91,11,11
6865,74,75,-1,1
6866,89,88,1,1
6867,75,81,-6,6
6868,128,123,5,5
6869,106,106,0,0
6870,92,82,10,10
6871,138,136,2,2
6872,75,70,5,5
6873,103,100,3,3
6874,120,106,14,14
6875,136,124,12,12
6876,72,74,-2,2
6877,128,126,2,2
6878,128,121,7,7
6879,150,136,14,14
6880,86,77,9,9
6881,85,78,7,7
6882,62,56,6,6
6883,76,76,0,0
6884,123,116,7,7
6885,64,66,-2,2
6886,116,115,1,1
6887,62,62,0,0
6888,81,73,8,8
6889,118,107,11,11
6890,117,114,3,3
6891,123,108,15,15
6892,144,123,21,21
6893,109,106,3,3
6894,79,74,5,5
6895,97,100,-3,3
6896,87,80,7,7
6897,55,54,1,1
6898,65,65,0,0
6899,103,99,4,4
6900,90,74,16,16
6901,87,78,9,9
6902,43,51,-8,8
6903,92,87,5,5
6904,147,142,5,5
6905,106,100,6,6
6906,68,71,-3,3
6907,71,65,6,6
6908,97,93,4,4
6909,93,90,3,3
6910,69,83,-14,14
6911,92,92,0,0
6912,77,83,-6,6
6913,132,121,11,11
6914,87,87,0,0
6915,118,108,10,10
6916,58,56,2,2
6917,43,52,-9,9
6918,80,84,-4,4
6919,118,104,14,14
6920,107,114,-7,7
6921,132,124,8,8
6922,86,86,0,0
6923,114,103,11,11
6924,85,80,5,5
6925,66,72,-6,6
6926,65,62,3,3
6927,84,84,0,0
6928,122,117,5,5
6929,74,78,-4,4
6930,154,153,1,1
6931,93,89,4,4
6932,40,70,-30,30
6933,88,76,12,12
6934,84,85,-1,1
6935,67,68,-1,1
6936,113,113,0,0
6937,110,105,5,5
6938,217,181,36,36
6939,99,101,-2,2
6940,107,106,1,1
6941,120,114,6,6
6942,116,106,10,10
6943,70,77,-7,7
6944,86,80,6,6
6945,89,89,0,0
6946,75,70,5,5
6947,72,68,4,4
6948,75,74,1,1
6949,55,60,-5,5
6950,196,182,14,14
6951,114,105,9,9
6952,142,82,60,60
6953,76,74,2,2
6954,71,61,10,10
6955,80,84,-4,4
6956,81,76,5,5
6957,106,91,15,15
6958,126,118,8,8
6959,114,115,-1,1
6960,90,87,3,3
6961,134,124,10,10
6962,112,108,4,4
6963,86,83,3,3
6964,109,112,-3,3
6965,98,108,-10,10
6966,123,119,4,4
6967,48,52,-4,4
6968,89,84,5,5
6969,141,136,5,5
6970,122,117,5,5
6971,65,83,-18,18
6972,163,146,17,17
6973,106,100,6,6
6974,145,140,5,5
6975,65,59,6,6
6976,111,88,23,23
6977,110,106,4,4
6978,40,52,-12,12
6979,77,77,0,0
6980,81,77,4,4
6981,136,125,11,11
6982,124,125,-1,1
6983,107,107,0,0
6984,83,79,4,4
6985,137,122,15,15
6986,93,94,-1,1
6987,95,91,4,4
6988,82,87,-5,5
6989,91,88,3,3
6990,139,120,19,19
6991,49,53,-4,4
6992,36,53,-17,17
6993,76,65,11,11
6994,57,58,-1,1
6995,128,125,3,3
6996,77,89,-12,12
6997,86,88,-2,2
6998,144,134,10,10
6999,72,71,1,1
7000,48,54,-6,6
7001,86,78,8,8
7002,96,88,8,8
7003,67,67,0,0
7004,65,63,2,2
7005,132,115,17,17
7006,128,118,10,10
7007,115,107,8,8
7008,109,107,2,2
7009,63,63,0,0
7010,55,60,-5,5
7011,119,99,20,20
7012,70,62,8,8
7013,125,111,14,14
7014,146,131,15,15
7015,84,82,2,2
7016,120,117,3,3
7017,83,85,-2,2
7018,68,64,4,4
7019,106,96,10,10
7020,147,119,28,28
7021,81,77,4,4
7022,87,90,-3,3
7023,86,79,7,7
7024,67,72,-5,5
7025,100,91,9,9
7026,81,80,1,1
7027,70,74,-4,4
7028,94,83,11,11
7029,123,111,12,12
7030,121,109,12,12
7031,71,72,-1,1
7032,73,67,6,6
7033,79,74,5,5
7034,98,99,-1,1
7035,147,114,33,33
7036,86,82,4,4
7037,83,73,10,10
7038,117,106,11,11
7039,93,94,-1,1
7040,44,52,-8,8
7041,68,69,-1,1
7042,74,74,0,0
7043,76,91,-15,15
7044,96,86,10,10
7045,80,65,15,15
7046,73,82,-9,9
7047,93,83,10,10
7048,48,57,-9,9
7049,85,81,4,4
7050,140,131,9,9
7051,81,81,0,0
7052,57,59,-2,2
7053,93,84,9,9
7054,119,115,4,4
7055,129,134,-5,5
7056,88,80,8,8
7057,101,93,8,8
7058,91,88,3,3
7059,59,56,3,3
7060,109,115,-6,6
7061,89,79,10,10
7062,101,89,12,12
7063,116,106,10,10
7064,86,85,1,1
7065,113,105,8,8
7066,101,90,11,11
7067,110,109,1,1
7068,115,136,-21,21
7069,137,139,-2,2
7070,64,72,-8,8
7071,133,116,17,17
7072,80,84,-4,4
7073,61,59,2,2
7074,116,114,2,2
7075,154,142,12,12
7076,69,66,3,3
7077,123,122,1,1
7078,63,66,-3,3
7079,99,115,-16,16
7080,52,54,-2,2
7081,86,79,7,7
7082,79,73,6,6
7083,97,103,-6,6
7084,68,66,2,2
7085,79,83,-4,4
7086,82,71,11,11
7087,66,60,6,6
7088,28,52,-24,24
7089,54,64,-10,10
7090,76,72,4,4
7091,74,83,-9,9
7092,97,96,1,1
7093,82,77,5,5
7094,103,101,2,2
7095,61,55,6,6
7096,69,59,10,10
7097,60,63,-3,3
7098,61,87,-26,26
7099,100,103,-3,3
7100,100,97,3,3
7101,129,113,16,16
7102,184,159,25,25
7103,119,113,6,6
7104,91,78,13,13
7105,99,107,-8,8
7106,100,93,7,7
7107,58,63,-5,5
7108,70,69,1,1
7109,76,85,-9,9
7110,77,76,1,1
7111,70,62,8,8
7112,116,107,9,9
7113,149,140,9,9
7114,124,123,1,1
7115,139,110,29,29
7116,142,146,-4,4
7117,77,78,-1,1
7118,96,84,12,12
7119,215,175,40,40
7120,70,69,1,1
7121,118,114,4,4
7122,89,87,2,2
7123,106,94,12,12
7124,117,110,7,7
7125,60,60,0,0
7126,67,67,0,0
7127,149,146,3,3
7128,364,391,-27,27
7129,110,103,7,7
7130,106,92,14,14
7131,161,155,6,6
7132,119,128,-9,9
7133,113,136,-23,23
7134,100,100,0,0
7135,51,57,-6,6
7136,121,115,6,6
7137,108,106,2,2
7138,107,106,1,1
7139,62,60,2,2
7140,84,83,1,1
7141,93,77,16,16
7142,143,135,8,8
7143,136,126,10,10
7144,53,61,-8,8
7145,97,99,-2,2
7146,139,138,1,1
7147,126,127,-1,1
7148,46,54,-8,8
7149,172,161,11,11
7150,101,100,1,1
7151,89,85,4,4
7152,118,109,9,9
7153,71,72,-1,1
7154,120,119,1,1
7155,77,76,1,1
7156,145,127,18,18
7157,45,52,-7,7
7158,80,72,8,8
7159,58,63,-5,5
7160,117,104,13,13
7161,91,89,2,2
7162,192,171,21,21
7163,68,63,5,5
7164,71,61,10,10
7165,82,78,4,4
7166,84,80,4,4
7167,70,76,-6,6
7168,47,57,-10,10
7169,95,84,11,11
7170,59,63,-4,4
7171,154,136,18,18
7172,131,117,14,14
7173,98,96,2,2
7174,38,55,-17,17
7175,86,90,-4,4
7176,55,56,-1,1
7177,40,51,-11,11
7178,119,111,8,8
7179,247,206,41,41
7180,96,94,2,2
7181,69,71,-2,2
7182,87,93,-6,6
7183,93,94,-1,1
7184,84,80,4,4
7185,127,129,-2,2
7186,106,100,6,6
7187,62,59,3,3
7188,84,87,-3,3
7189,48,55,-7,7
7190,116,120,-4,4
7191,83,79,4,4
7192,123,120,3,3
7193,97,85,12,12
7194,119,103,16,16
7195,113,113,0,0
7196,70,74,-4,4
7197,123,121,2,2
7198,86,78,8,8
7199,49,57,-8,8
7200,113,108,5,5
7201,100,93,7,7
7202,131,122,9,9
7203,93,89,4,4
7204,92,81,11,11
7205,73,72,1,1
7206,61,58,3,3
7207,72,65,7,7
7208,91,85,6,6
7209,86,84,2,2
7210,82,75,7,7
7211,179,165,14,14
7212,121,106,15,15
7213,58,56,2,2
7214,83,70,13,13
7215,100,78,22,22
7216,84,76,8,8
7217,76,71,5,5
7218,83,71,12,12
7219,81,77,4,4
7220,119,113,6,6
7221,160,145,15,15
7222,97,99,-2,2
7223,143,152,-9,9
7224,49,65,-16,16
7225,188,160,28,28
7226,79,80,-1,1
7227,62,64,-2,2
7228,71,63,8,8
7229,114,122,-8,8
7230,167,162,5,5
7231,100,87,13,13
7232,90,77,13,13
7233,106,106,0,0
7234,129,126,3,3
7235,81,75,6,6
7236,52,58,-6,6
7237,86,80,6,6
7238,92,106,-14,14
7239,59,62,-3,3
7240,98,99,-1,1
7241,94,88,6,6
7242,173,158,15,15
7243,82,90,-8,8
7244,121,112,9,9
7245,84,74,10,10
7246,44,53,-9,9
7247,88,95,-7,7
7248,91,83,8,8
7249,97,87,10,10
7250,46,53,-7,7
7251,114,104,10,10
7252,108,98,10,10
7253,66,62,4,4
7254,71,68,3,3
7255,76,72,4,4
7256,159,149,10,10
7257,39,70,-31,31
7258,47,55,-8,8
7259,142,119,23,23
7260,124,127,-3,3
7261,109,107,2,2
7262,110,109,1,1
7263,59,55,4,4
7264,107,92,15,15
7265,59,56,3,3
7266,93,93,0,0
7267,96,98,-2,2
7268,40,62,-22,22
7269,124,119,5,5
7270,90,71,19,19
7271,52,55,-3,3
7272,95,85,10,10
7273,81,81,0,0
7274,171,147,24,24
7275,78,65,13,13
7276,97,80,17,17
7277,82,86,-4,4
7278,93,84,9,9
7279,106,107,-1,1
7280,129,113,16,16
7281,110,116,-6,6
7282,28,54,-26,26
7283,152,149,3,3
7284,113,99,14,14
7285,62,58,4,4
7286,51,56,-5,5
7287,167,160,7,7
7288,60,54,6,6
7289,176,159,17,17
7290,139,135,4,4
7291,193,173,20,20
7292,78,78,0,0
7293,76,71,5,5
7294,80,73,7,7
7295,86,98,-12,12
7296,102,92,10,10
7297,51,52,-1,1
7298,32,52,-20,20
7299,133,113,20,20
7300,160,142,18,18
7301,75,75,0,0
7302,84,74,10,10
7303,85,83,2,2
7304,89,88,1,1
7305,69,63,6,6
7306,113,107,6,6
7307,69,64,5,5
7308,76,78,-2,2
7309,56,75,-19,19
7310,86,75,11,11
7311,92,94,-2,2
7312,54,57,-3,3
7313,100,88,12,12
7314,37,53,-16,16
7315,140,133,7,7
7316,57,71,-14,14
7317,83,83,0,0
7318,75,63,12,12
7319,59,62,-3,3
7320,99,115,-16,16
7321,108,101,7,7
7322,93,95,-2,2
7323,78,82,-4,4
7324,166,159,7,7
7325,81,79,2,2
7326,80,77,3,3
7327,166,137,29,29
7328,56,55,1,1
7329,108,105,3,3
7330,88,85,3,3
7331,124,125,-1,1
7332,71,73,-2,2
7333,111,97,14,14
7334,77,88,-11,11
7335,84,78,6,6
7336,85,81,4,4
7337,103,87,16,16
7338,67,75,-8,8
7339,128,117,11,11
7340,54,54,0,0
7341,98,91,7,7
7342,115,123,-8,8
7343,80,72,8,8
7344,66,58,8,8
7345,84,78,6,6
7346,179,166,13,13
7347,70,74,-4,4
7348,93,94,-1,1
7349,139,147,-8,8
7350,136,120,16,16
7351,173,160,13,13
7352,112,99,13,13
7353,76,81,-5,5
7354,112,113,-1,1
7355,118,123,-5,5
7356,109,97,12,12
7357,101,105,-4,4
7358,105,92,13,13
7359,67,62,5,5
7360,131,118,13,13
7361,41,54,-13,13
7362,49,52,-3,3
7363,113,108,5,5
7364,137,133,4,4
7365,96,99,-3,3
7366,68,66,2,2
7367,110,111,-1,1
7368,70,70,0,0
7369,155,155,0,0
7370,58,57,1,1
7371,140,146,-6,6
7372,119,121,-2,2
7373,67,68,-1,1
7374,79,77,2,2
7375,68,66,2,2
7376,62,61,1,1
7377,48,54,-6,6
7378,104,104,0,0
7379,67,76,-9,9
7380,63,67,-4,4
7381,70,66,4,4
7382,83,85,-2,2
7383,66,66,0,0
7384,67,77,-10,10
7385,54,55,-1,1
7386,144,141,3,3
7387,68,67,1,1
7388,76,76,0,0
7389,62,56,6,6
7390,147,131,16,16
7391,80,96,-16,16
7392,53,58,-5,5
7393,73,70,3,3
7394,74,69,5,5
7395,63,67,-4,4
7396,111,107,4,4
7397,199,171,28,28
7398,90,85,5,5
7399,65,64,1,1
7400,68,61,7,7
7401,81,81,0,0
7402,95,90,5,5
7403,83,83,0,0
7404,99,82,17,17
7405,64,69,-5,5
7406,70,74,-4,4
7407,62,55,7,7
7408,60,60,0,0
7409,84,85,-1,1
7410,63,63,0,0
7411,91,91,0,0
7412,53,66,-13,13
7413,114,104,10,10
7414,102,96,6,6
7415,80,64,16,16
7416,85,90,-5,5
7417,112,114,-2,2
7418,86,79,7,7
7419,61,64,-3,3
7420,118,108,10,10
7421,108,86,22,22
7422,179,154,25,25
7423,87,86,1,1
7424,185,164,21,21
7425,91,87,4,4
7426,73,78,-5,5
7427,63,55,8,8
7428,159,139,20,20
7429,146,139,7,7
7430,75,79,-4,4
7431,73,73,0,0
7432,107,93,14,14
7433,93,85,8,8
7434,89,93,-4,4
7435,82,93,-11,11
7436,79,73,6,6
7437,50,56,-6,6
7438,69,70,-1,1
7439,89,89,0,0
7440,145,143,2,2
7441,84,86,-2,2
7442,115,117,-2,2
7443,103,116,-13,13
7444,90,95,-5,5
7445,57,54,3,3
7446,118,98,20,20
7447,99,99,0,0
7448,124,111,13,13
7449,102,109,-7,7
7450,97,93,4,4
7451,64,66,-2,2
7452,78,70,8,8
7453,121,118,3,3
7454,163,147,16,16
7455,63,58,5,5
7456,53,61,-8,8
7457,71,68,3,3
7458,79,80,-1,1
7459,102,102,0,0
7460,130,120,10,10
7461,114,106,8,8
7462,118,119,-1,1
7463,93,92,1,1
7464,78,66,12,12
7465,87,87,0,0
7466,107,94,13,13
7467,105,96,9,9
7468,135,124,11,11
7469,64,60,4,4
7470,80,73,7,7
7471,79,84,-5,5
7472,156,148,8,8
7473,123,124,-1,1
7474,81,87,-6,6
7475,91,91,0,0
7476,184,157,27,27
7477,62,67,-5,5
7478,76,80,-4,4
7479,112,106,6,6
7480,60,65,-5,5
7481,103,95,8,8
7482,83,85,-2,2
7483,69,68,1,1
7484,206,181,25,25
7485,78,79,-1,1
7486,82,70,12,12
7487,81,82,-1,1
7488,39,51,-12,12
7489,109,109,0,0
7490,32,59,-27,27
7491,65,68,-3,3
7492,88,82,6,6
7493,94,95,-1,1
7494,87,88,-1,1
7495,74,67,7,7
7496,88,80,8,8
7497,103,104,-1,1
7498,72,61,11,11
7499,83,83,0,0
7500,197,192,5,5
7501,41,52,-11,11
7502,76,73,3,3
7503,129,105,24,24
7504,40,60,-20,20
7505,136,132,4,4
7506,62,58,4,4
7507,66,64,2,2
7508,106,115,-9,9
7509,62,60,2,2
7510,109,98,11,11
7511,136,121,15,15
7512,100,91,9,9
7513,160,146,14,14
7514,105,97,8,8
7515,122,111,11,11
7516,98,95,3,3
7517,78,72,6,6
7518,75,75,0,0
7519,67,66,1,1
7520,56,59,-3,3
7521,60,56,4,4
7522,38,51,-13,13
7523,53,55,-2,2
7524,57,69,-12,12
7525,113,105,8,8
7526,83,74,9,9
7527,81,69,12,12
7528,136,135,1,1
7529,78,69,9,9
7530,89,83,6,6
7531,86,85,1,1
7532,68,72,-4,4
7533,156,148,8,8
7534,85,79,6,6
7535,126,120,6,6
7536,57,65,-8,8
7537,114,113,1,1
7538,113,100,13,13
7539,75,79,-4,4
7540,130,119,11,11
7541,79,62,17,17
7542,112,104,8,8
7543,120,119,1,1
7544,76,76,0,0
7545,86,79,7,7
7546,60,57,3,3
7547,52,57,-5,5
7548,80,69,11,11
7549,136,122,14,14
7550,71,73,-2,2
7551,152,146,6,6
7552,59,65,-6,6
7553,88,79,9,9
7554,71,65,6,6
7555,71,63,8,8
7556,88,90,-2,2
7557,44,52,-8,8
7558,95,97,-2,2
7559,99,91,8,8
7560,74,80,-6,6
7561,148,131,17,17
7562,74,69,5,5
7563,103,85,18,18
7564,70,62,8,8
7565,128,111,17,17
7566,70,72,-2,2
7567,69,70,-1,1
7568,95,75,20,20
7569,125,119,6,6
7570,87,91,-4,4
7571,130,124,6,6
7572,105,113,-8,8
7573,96,85,11,11
7574,90,88,2,2
7575,52,54,-2,2
7576,77,89,-12,12
7577,143,130,13,13
7578,97,104,-7,7
7579,81,80,1,1
7580,55,54,1,1
7581,122,127,-5,5
7582,59,62,-3,3
7583,106,99,7,7
7584,146,126,20,20
7585,62,60,2,2
7586,122,114,8,8
7587,166,149,17,17
7588,76,70,6,6
7589,82,84,-2,2
7590,114,107,7,7
7591,113,121,-8,8
7592,94,92,2,2
7593,113,111,2,2
7594,79,79,0,0
7595,106,100,6,6
7596,123,120,3,3
7597,118,110,8,8
7598,80,71,9,9
7599,94,90,4,4
7600,89,79,10,10
7601,64,55,9,9
7602,113,109,4,4
7603,137,126,11,11
7604,53,103,-50,50
7605,133,127,6,6
7606,65,85,-20,20
7607,78,81,-3,3
7608,40,51,-11,11
7609,60,61,-1,1
7610,52,54,-2,2
7611,136,125,11,11
7612,155,148,7,7
7613,94,95,-1,1
7614,75,73,2,2
7615,36,52,-16,16
7616,132,122,10,10
7617,117,109,8,8
7618,136,141,-5,5
7619,141,120,21,21
7620,65,67,-2,2
7621,96,77,19,19
7622,68,73,-5,5
7623,144,124,20,20
7624,148,140,8,8
7625,117,115,2,2
7626,60,69,-9,9
7627,98,95,3,3
7628,114,107,7,7
7629,139,117,22,22
7630,109,98,11,11
7631,69,76,-7,7
7632,105,95,10,10
7633,116,103,13,13
7634,72,65,7,7
7635,74,81,-7,7
7636,102,101,1,1
7637,62,55,7,7
7638,36,51,-15,15
7639,94,86,8,8
7640,78,77,1,1
7641,150,131,19,19
7642,81,77,4,4
7643,154,147,7,7
7644,115,116,-1,1
7645,44,55,-11,11
7646,88,89,-1,1
7647,80,74,6,6
7648,75,68,7,7
7649,58,57,1,1
7650,124,118,6,6
7651,90,85,5,5
7652,117,105,12,12
7653,93,85,8,8
7654,133,127,6,6
7655,71,62,9,9
7656,82,84,-2,2
7657,66,66,0,0
7658,69,68,1,1
7659,112,102,10,10
7660,114,103,11,11
7661,81,63,18,18
7662,110,111,-1,1
7663,76,67,9,9
7664,97,98,-1,1
7665,83,81,2,2
7666,73,71,2,2
7667,109,104,5,5
7668,67,65,2,2
7669,101,103,-2,2
7670,74,68,6,6
7671,122,114,8,8
7672,51,56,-5,5
7673,80,88,-8,8
7674,118,107,11,11
7675,87,78,9,9
7676,84,75,9,9
7677,135,123,12,12
7678,51,97,-46,46
7679,121,101,20,20
7680,60,57,3,3
7681,150,140,10,10
7682,41,53,-12,12
7683,55,54,1,1
7684,149,127,22,22
7685,136,128,8,8
7686,121,100,21,21
7687,121,113,8,8
7688,50,59,-9,9
7689,61,59,2,2
7690,129,116,13,13
7691,83,94,-11,11
7692,83,93,-10,10
7693,77,70,7,7
7694,110,97,13,13
7695,110,91,19,19
7696,108,111,-3,3
7697,95,98,-3,3
7698,91,82,9,9
7699,99,90,9,9
7700,105,102,3,3
7701,104,128,-24,24
7702,82,77,5,5
7703,68,68,0,0
7704,77,74,3,3
7705,103,95,8,8
7706,87,84,3,3
7707,55,55,0,0
7708,94,89,5,5
7709,67,62,5,5
7710,75,87,-12,12
7711,137,133,4,4
7712,69,70,-1,1
7713,67,65,2,2
7714,77,88,-11,11
7715,68,67,1,1
7716,117,110,7,7
7717,109,109,0,0
7718,164,141,23,23
7719,102,113,-11,11
7720,77,83,-6,6
7721,71,90,-19,19
7722,71,72,-1,1
7723,146,125,21,21
7724,40,52,-12,12
7725,121,110,11,11
7726,86,77,9,9
7727,99,92,7,7
7728,68,73,-5,5
7729,89,73,16,16
7730,71,73,-2,2
7731,72,68,4,4
7732,49,52,-3,3
7733,155,116,39,39
7734,145,140,5,5
7735,102,105,-3,3
7736,131,122,9,9
7737,101,81,20,20
7738,61,63,-2,2
7739,108,110,-2,2
7740,62,65,-3,3
7741,93,85,8,8
7742,84,78,6,6
7743,56,93,-37,37
7744,143,129,14,14
7745,145,133,12,12
7746,103,93,10,10
7747,88,85,3,3
7748,96,93,3,3
7749,63,61,2,2
7750,88,90,-2,2
7751,50,61,-11,11
7752,106,104,2,2
7753,89,71,18,18
7754,101,107,-6,6
7755,134,120,14,14
7756,91,83,8,8
7757,134,136,-2,2
7758,79,82,-3,3
7759,161,147,14,14
7760,127,124,3,3
7761,88,88,0,0
7762,61,65,-4,4
7763,60,72,-12,12
7764,102,88,14,14
7765,140,139,1,1
7766,69,70,-1,1
7767,101,106,-5,5
7768,175,164,11,11
7769,129,138,-9,9
7770,115,110,5,5
7771,88,99,-11,11
7772,79,76,3,3
7773,102,100,2,2
7774,43,52,-9,9
7775,97,95,2,2
7776,132,135,-3,3
7777,58,57,1,1
7778,89,92,-3,3
7779,90,92,-2,2
7780,98,103,-5,5
7781,102,99,3,3
7782,88,85,3,3
7783,106,99,7,7
7784,99,92,7,7
7785,151,138,13,13
7786,111,93,18,18
7787,65,64,1,1
7788,71,71,0,0
7789,79,90,-11,11
7790,65,63,2,2
7791,136,122,14,14
7792,151,151,0,0
7793,108,104,4,4
7794,121,107,14,14
7795,54,61,-7,7
7796,96,99,-3,3
7797,98,87,11,11
7798,62,66,-4,4
7799,78,79,-1,1
7800,97,95,2,2
7801,80,73,7,7
7802,65,66,-1,1
7803,74,72,2,2
7804,118,115,3,3
7805,109,96,13,13
7806,99,94,5,5
7807,78,85,-7,7
7808,59,68,-9,9
7809,84,88,-4,4
7810,108,107,1,1
7811,89,90,-1,1
7812,119,103,16,16
7813,182,160,22,22
7814,133,109,24,24
7815,90,95,-5,5
7816,144,149,-5,5
7817,109,103,6,6
7818,154,131,23,23
7819,54,56,-2,2
7820,59,61,-2,2
7821,120,113,7,7
7822,113,118,-5,5
7823,90,81,9,9
7824,119,103,16,16
7825,72,71,1,1
7826,173,159,14,14
7827,252,223,29,29
7828,123,130,-7,7
7829,178,163,15,15
7830,207,177,30,30
7831,86,86,0,0
7832,61,56,5,5
7833,82,85,-3,3
7834,77,74,3,3
7835,90,82,8,8
7836,85,101,-16,16
7837,133,140,-7,7
7838,67,67,0,0
7839,71,76,-5,5
7840,118,120,-2,2
7841,168,157,11,11
7842,101,101,0,0
7843,126,114,12,12
7844,127,120,7,7
7845,197,177,20,20
7846,67,66,1,1
7847,59,55,4,4
7848,139,128,11,11
7849,84,82,2,2
7850,75,73,2,2
7851,124,119,5,5
7852,61,61,0,0
7853,78,73,5,5
7854,102,87,15,15
7855,50,53,-3,3
7856,72,80,-8,8
7857,98,103,-5,5
7858,109,100,9,9
7859,97,87,10,10
7860,79,74,5,5
7861,73,70,3,3
7862,114,102,12,12
7863,118,112,6,6
7864,101,96,5,5
7865,103,99,4,4
7866,49,53,-4,4
7867,49,55,-6,6
7868,37,53,-16,16
7869,121,115,6,6
7870,69,70,-1,1
7871,126,125,1,1
7872,91,85,6,6
7873,119,111,8,8
7874,105,102,3,3
7875,129,120,9,9
7876,83,76,7,7
7877,99,94,5,5
7878,106,108,-2,2
7879,67,61,6,6
7880,132,127,5,5
7881,110,95,15,15
7882,72,65,7,7
7883,126,118,8,8
7884,129,138,-9,9
7885,74,71,3,3
7886,131,127,4,4
7887,97,96,1,1
7888,118,118,0,0
7889,124,116,8,8
7890,66,67,-1,1
7891,99,99,0,0
7892,93,85,8,8
7893,169,158,11,11
7894,109,114,-5,5
7895,194,170,24,24
7896,131,118,13,13
7897,67,65,2,2
7898,102,98,4,4
7899,126,118,8,8
7900,166,160,6,6
7901,52,59,-7,7
7902,129,136,-7,7
7903,175,161,14,14
7904,77,67,10,10
7905,52,54,-2,2
7906,73,63,10,10
7907,97,96,1,1
7908,49,54,-5,5
7909,112,107,5,5
7910,108,111,-3,3
7911,91,80,11,11
7912,84,103,-19,19
7913,35,53,-18,18
7914,182,180,2,2
7915,61,63,-2,2
7916,61,60,1,1
7917,79,76,3,3
7918,55,55,0,0
7919,64,65,-1,1
7920,142,128,14,14
7921,66,65,1,1
7922,74,79,-5,5
7923,150,136,14,14
7924,99,95,4,4
7925,106,106,0,0
7926,72,76,-4,4
7927,121,112,9,9
7928,114,110,4,4
7929,75,69,6,6
7930,65,69,-4,4
7931,116,114,2,2
7932,99,92,7,7
7933,199,177,22,22
7934,60,58,2,2
7935,67,61,6,6
7936,81,78,3,3
7937,178,134,44,44
7938,70,74,-4,4
7939,131,114,17,17
7940,149,131,18,18
7941,70,68,2,2
7942,97,102,-5,5
7943,104,88,16,16
7944,73,71,2,2
7945,74,78,-4,4
7946,87,93,-6,6
7947,112,109,3,3
7948,126,113,13,13
7949,86,102,-16,16
7950,134,123,11,11
7951,117,95,22,22
7952,61,60,1,1
7953,71,77,-6,6
7954,80,89,-9,9
7955,63,60,3,3
7956,70,62,8,8
7957,63,71,-8,8
7958,46,54,-8,8
7959,59,61,-2,2
7960,89,87,2,2
7961,134,124,10,10
7962,113,108,5,5
7963,73,83,-10,10
7964,122,111,11,11
7965,59,60,-1,1
7966,142,142,0,0
7967,175,165,10,10
7968,61,56,5,5
7969,142,146,-4,4
7970,68,57,11,11
7971,51,55,-4,4
7972,94,96,-2,2
7973,104,92,12,12
7974,85,80,5,5
7975,155,150,5,5
7976,157,158,-1,1
7977,115,108,7,7
7978,94,94,0,0
7979,86,90,-4,4
7980,115,116,-1,1
7981,85,81,4,4
7982,106,97,9,9
7983,64,62,2,2
7984,38,74,-36,36
7985,51,54,-3,3
7986,106,104,2,2
7987,101,104,-3,3
7988,46,57,-11,11
7989,85,73,12,12
7990,104,100,4,4
7991,95,95,0,0
7992,130,120,10,10
7993,151,138,13,13
7994,57,59,-2,2
7995,93,95,-2,2
7996,69,61,8,8
7997,39,52,-13,13
7998,76,78,-2,2
7999,84,74,10,10
8000,41,52,-11,11
8001,45,54,-9,9
8002,68,67,1,1
8003,82,78,4,4
8004,68,69,-1,1
8005,73,66,7,7
8006,49,71,-22,22
8007,93,88,5,5
8008,75,68,7,7
8009,85,75,10,10
8010,103,100,3,3
8011,129,121,8,8
8012,116,114,2,2
8013,77,75,2,2
8014,83,80,3,3
8015,104,93,11,11
8016,124,107,17,17
8017,89,87,2,2
8018,88,95,-7,7
8019,49,61,-12,12
8020,104,104,0,0
8021,107,101,6,6
8022,125,121,4,4
8023,57,59,-2,2
8024,104,95,9,9
8025,51,68,-17,17
8026,86,78,8,8
8027,96,97,-1,1
8028,190,173,17,17
8029,84,86,-2,2
8030,105,101,4,4
8031,94,89,5,5
8032,74,68,6,6
8033,100,89,11,11
8034,126,113,13,13
8035,73,69,4,4
8036,83,84,-1,1
8037,141,126,15,15
8038,124,123,1,1
8039,79,81,-2,2
8040,135,123,12,12
8041,81,68,13,13
8042,137,133,4,4
8043,75,74,1,1
8044,54,66,-12,12
8045,102,98,4,4
8046,157,133,24,24
8047,93,88,5,5
8048,155,134,21,21
8049,71,66,5,5
8050,109,101,8,8
8051,60,64,-4,4
8052,57,70,-13,13
8053,113,108,5,5
8054,130,127,3,3
8055,71,80,-9,9
8056,92,86,6,6
8057,148,123,25,25
8058,117,100,17,17
8059,68,69,-1,1
8060,161,144,17,17
8061,85,81,4,4
8062,65,59,6,6
8063,43,53,-10,10
8064,102,97,5,5
8065,69,60,9,9
8066,185,173,12,12
8067,133,122,11,11
8068,104,101,3,3
8069,105,104,1,1
8070,120,107,13,13
8071,85,79,6,6
8072,73,61,12,12
8073,158,159,-1,1
8074,76,73,3,3
8075,87,73,14,14
8076,148,126,22,22
8077,85,85,0,0
8078,98,80,18,18
8079,66,70,-4,4
8080,100,98,2,2
8081,110,109,1,1
8082,86,87,-1,1
8083,119,119,0,0
8084,75,67,8,8
8085,110,124,-14,14
8086,69,73,-4,4
8087,127,109,18,18
8088,98,89,9,9
8089,116,121,-5,5
8090,65,69,-4,4
8091,94,91,3,3
8092,58,54,4,4
8093,68,79,-11,11
8094,118,109,9,9
8095,27,51,-24,24
8096,74,67,7,7
8097,81,82,-1,1
8098,98,87,11,11
8099,56,61,-5,5
8100,101,98,3,3
8101,128,117,11,11
8102,104,102,2,2
8103,69,69,0,0
8104,130,109,21,21
8105,121,116,5,5
8106,42,81,-39,39
8107,89,94,-5,5
8108,71,61,10,10
8109,129,111,18,18
8110,59,67,-8,8
8111,101,100,1,1
8112,102,100,2,2
8113,109,112,-3,3
8114,94,86,8,8
8115,108,111,-3,3
8116,102,93,9,9
8117,89,89,0,0
8118,121,121,0,0
8119,122,130,-8,8
8120,67,68,-1,1
8121,51,60,-9,9
8122,89,82,7,7
8123,88,92,-4,4
8124,131,112,19,19
8125,103,98,5,5
8126,151,163,-12,12
8127,134,137,-3,3
8128,108,105,3,3
8129,92,88,4,4
8130,65,57,8,8
8131,81,79,2,2
8132,68,73,-5,5
8133,91,86,5,5
8134,114,105,9,9
8135,48,62,-14,14
8136,102,104,-2,2
8137,149,143,6,6
8138,108,103,5,5
8139,60,60,0,0
8140,103,105,-2,2
8141,65,69,-4,4
8142,119,117,2,2
8143,104,107,-3,3
8144,64,60,4,4
8145,48,54,-6,6
8146,55,56,-1,1
8147,75,77,-2,2
8148,44,61,-17,17
8149,73,81,-8,8
8150,54,55,-1,1
8151,54,59,-5,5
8152,52,57,-5,5
8153,95,82,13,13
8154,66,69,-3,3
8155,85,96,-11,11
8156,75,67,8,8
8157,95,102,-7,7
8158,95,86,9,9
8159,36,52,-16,16
8160,79,80,-1,1
8161,123,118,5,5
8162,81,69,12,12
8163,176,149,27,27
8164,60,54,6,6
8165,61,67,-6,6
8166,140,119,21,21
8167,127,118,9,9
8168,96,90,6,6
8169,99,86,13,13
8170,108,95,13,13
8171,58,60,-2,2
8172,51,60,-9,9
8173,95,87,8,8
8174,58,69,-11,11
8175,76,67,9,9
8176,116,105,11,11
8177,108,95,13,13
8178,168,148,20,20
8179,27,52,-25,25
8180,145,125,20,20
8181,53,58,-5,5
8182,67,67,0,0
8183,92,87,5,5
8184,78,71,7,7
8185,113,111,2,2
8186,141,135,6,6
8187,136,118,18,18
8188,103,106,-3,3
8189,86,83,3,3
8190,195,186,9,9
8191,75,69,6,6
8192,63,65,-2,2
8193,66,66,0,0
8194,127,122,5,5
8195,122,109,13,13
8196,54,99,-45,45
8197,101,100,1,1
8198,93,73,20,20
8199,64,66,-2,2
8200,108,107,1,1
8201,111,103,8,8
8202,77,64,13,13
8203,154,147,7,7
8204,94,82,12,12
8205,84,83,1,1
8206,76,88,-12,12
8207,87,77,10,10
8208,126,108,18,18
8209,82,79,3,3
8210,82,81,1,1
8211,80,77,3,3
8212,126,126,0,0
8213,64,64,0,0
8214,142,124,18,18
8215,143,130,13,13
8216,127,133,-6,6
8217,76,77,-1,1
8218,57,68,-11,11
8219,109,94,15,15
8220,141,133,8,8
8221,129,118,11,11
8222,114,103,11,11
8223,83,79,4,4
8224,149,142,7,7
8225,47,54,-7,7
8226,88,85,3,3
8227,88,84,4,4
8228,105,101,4,4
8229,93,100,-7,7
8230,109,88,21,21
8231,87,81,6,6
8232,43,52,-9,9
8233,81,74,7,7
8234,101,77,24,24
8235,80,65,15,15
8236,112,105,7,7
8237,92,96,-4,4
8238,102,98,4,4
8239,71,65,6,6
8240,166,150,16,16
8241,98,88,10,10
8242,129,112,17,17
8243,79,84,-5,5
8244,109,97,12,12
8245,145,131,14,14
8246,166,150,16,16
8247,76,82,-6,6
8248,46,54,-8,8
8249,113,104,9,9
8250,75,83,-8,8
8251,86,74,12,12
8252,76,76,0,0
8253,88,92,-4,4
8254,67,74,-7,7
8255,100,94,6,6
8256,71,79,-8,8
8257,59,60,-1,1
8258,181,166,15,15
8259,56,55,1,1
8260,114,93,21,21
8261,92,92,0,0
8262,100,97,3,3
8263,75,89,-14,14
8264,188,162,26,26
8265,51,54,-3,3
8266,84,92,-8,8
8267,171,175,-4,4
8268,66,59,7,7
8269,92,84,8,8
8270,122,119,3,3
8271,40,59,-19,19
8272,87,85,2,2
8273,122,114,8,8
8274,98,87,11,11
8275,96,90,6,6
8276,120,111,9,9
8277,82,83,-1,1
8278,88,81,7,7
8279,60,62,-2,2
8280,83,78,5,5
8281,81,66,15,15
8282,151,145,6,6
8283,187,167,20,20
8284,98,107,-9,9
8285,95,86,9,9
8286,77,74,3,3
8287,144,137,7,7
8288,81,81,0,0
8289,91,89,2,2
8290,149,144,5,5
8291,99,112,-13,13
8292,96,82,14,14
8293,129,126,3,3
8294,63,60,3,3
8295,86,80,6,6
8296,64,69,-5,5
8297,74,64,10,10
8298,93,89,4,4
8299,85,76,9,9
8300,248,210,38,38
8301,91,90,1,1
8302,58,57,1,1
8303,93,78,15,15
8304,93,94,-1,1
8305,55,58,-3,3
8306,102,104,-2,2
8307,107,95,12,12
8308,79,77,2,2
8309,84,77,7,7
8310,95,89,6,6
8311,110,105,5,5
8312,80,72,8,8
8313,44,63,-19,19
8314,96,90,6,6
8315,59,68,-9,9
8316,109,105,4,4
8317,198,180,18,18
8318,81,90,-9,9
8319,119,114,5,5
8320,106,103,3,3
8321,114,100,14,14
8322,51,55,-4,4
8323,110,103,7,7
8324,112,113,-1,1
8325,99,97,2,2
8326,80,72,8,8
8327,59,64,-5,5
8328,110,112,-2,2
8329,125,109,16,16
8330,137,126,11,11
8331,73,71,2,2
8332,190,173,17,17
8333,137,137,0,0
8334,46,54,-8,8
8335,124,124,0,0
8336,87,80,7,7
8337,114,99,15,15
8338,83,80,3,3
8339,85,82,3,3
8340,142,150,-8,8
8341,108,94,14,14
8342,129,126,3,3
8343,107,96,11,11
8344,109,107,2,2
8345,144,139,5,5
8346,76,74,2,2
8347,38,59,-21,21
8348,157,148,9,9
8349,55,55,0,0
8350,99,103,-4,4
8351,153,138,15,15
8352,74,68,6,6
8353,74,74,0,0
8354,78,74,4,4
8355,74,81,-7,7
8356,94,90,4,4
8357,112,98,14,14
8358,141,142,-1,1
8359,82,72,10,10
8360,160,155,5,5
8361,103,99,4,4
8362,110,101,9,9
8363,42,56,-14,14
8364,69,69,0,0
8365,59,57,2,2
8366,98,93,5,5
8367,75,66,9,9
8368,58,56,2,2
8369,74,66,8,8
8370,108,107,1,1
8371,66,76,-10,10
8372,105,95,10,10
8373,46,60,-14,14
8374,55,57,-2,2
8375,71,63,8,8
8376,115,110,5,5
8377,88,76,12,12
8378,47,52,-5,5
8379,174,153,21,21
8380,94,84,10,10
8381,74,73,1,1
8382,84,79,5,5
8383,85,72,13,13
8384,65,57,8,8
8385,39,52,-13,13
8386,118,104,14,14
8387,101,90,11,11
8388,78,80,-2,2
8389,97,106,-9,9
8390,104,96,8,8
8391,98,89,9,9
8392,81,89,-8,8
8393,112,107,5,5
8394,98,94,4,4
8395,96,100,-4,4
8396,53,53,0,0
8397,67,77,-10,10
8398,70,70,0,0
8399,114,97,17,17
8400,104,106,-2,2
8401,65,68,-3,3
8402,80,72,8,8
8403,96,81,15,15
8404,70,64,6,6
8405,105,101,4,4
8406,100,83,17,17
8407,160,139,21,21
8408,91,94,-3,3
8409,100,98,2,2
8410,119,98,21,21
8411,65,67,-2,2
8412,99,99,0,0
8413,172,136,36,36
8414,83,73,10,10
8415,85,73,12,12
8416,69,64,5,5
8417,59,61,-2,2
8418,93,93,0,0
8419,81,80,1,1
8420,75,74,1,1
8421,62,61,1,1
8422,115,102,13,13
8423,107,136,-29,29
8424,105,103,2,2
8425,51,58,-7,7
8426,76,80,-4,4
8427,88,90,-2,2
8428,145,134,11,11
8429,114,115,-1,1
8430,38,52,-14,14
8431,133,122,11,11
8432,74,71,3,3
8433,119,111,8,8
8434,96,88,8,8
8435,143,125,18,18
8436,60,59,1,1
8437,130,114,16,16
8438,120,108,12,12
8439,122,135,-13,13
8440,113,106,7,7
8441,68,71,-3,3
8442,98,91,7,7
8443,143,119,24,24
8444,77,71,6,6
8445,92,91,1,1
8446,61,57,4,4
8447,74,76,-2,2
8448,94,78,16,16
8449,102,97,5,5
8450,118,109,9,9
8451,119,112,7,7
8452,193,169,24,24
8453,95,93,2,2
8454,89,87,2,2
8455,129,119,10,10
8456,124,112,12,12
8457,84,76,8,8
8458,76,76,0,0
8459,55,56,-1,1
8460,143,130,13,13
8461,134,114,20,20
8462,88,88,0,0
8463,132,129,3,3
8464,114,96,18,18
8465,71,68,3,3
8466,79,70,9,9
8467,101,95,6,6
8468,134,131,3,3
8469,61,67,-6,6
8470,81,74,7,7
8471,107,108,-1,1
8472,86,78,8,8
8473,83,79,4,4
8474,94,94,0,0
8475,102,101,1,1
8476,110,122,-12,12
8477,137,134,3,3
8478,56,67,-11,11
8479,134,121,13,13
8480,80,85,-5,5
8481,46,55,-9,9
8482,111,107,4,4
8483,112,106,6,6
8484,121,115,6,6
8485,113,107,6,6
8486,91,95,-4,4
8487,47,54,-7,7
8488,65,62,3,3
8489,56,70,-14,14
8490,83,84,-1,1
8491,85,88,-3,3
8492,102,93,9,9
8493,80,79,1,1
8494,110,100,10,10
8495,141,139,2,2
8496,90,91,-1,1
8497,73,67,6,6
8498,60,59,1,1
8499,178,144,34,34
8500,124,128,-4,4
8501,108,97,11,11
8502,100,96,4,4
8503,78,79,-1,1
8504,115,114,1,1
8505,127,126,1,1
8506,47,54,-7,7
8507,58,60,-2,2
8508,151,130,21,21
8509,104,91,13,13
8510,56,62,-6,6
8511,79,83,-4,4
8512,67,68,-1,1
8513,109,106,3,3
8514,83,70,13,13
8515,101,78,23,23
8516,78,82,-4,4
8517,101,127,-26,26
8518,64,72,-8,8
8519,69,65,4,4
8520,81,78,3,3
8521,185,168,17,17
8522,89,78,11,11
8523,137,117,20,20
8524,98,90,8,8
8525,185,166,19,19
8526,62,67,-5,5
8527,135,126,9,9
8528,140,125,15,15
8529,166,161,5,5
8530,68,71,-3,3
8531,100,106,-6,6
8532,122,131,-9,9
8533,105,101,4,4
8534,129,123,6,6
8535,117,109,8,8
8536,74,73,1,1
8537,91,86,5,5
8538,96,94,2,2
8539,96,94,2,2
8540,76,81,-5,5
8541,106,94,12,12
8542,71,63,8,8
8543,43,52,-9,9
8544,88,81,7,7
8545,79,90,-11,11
8546,104,93,11,11
8547,82,81,1,1
8548,112,112,0,0
8549,104,101,3,3
8550,55,55,0,0
8551,90,85,5,5
8552,47,60,-13,13
8553,111,95,16,16
8554,127,118,9,9
8555,67,71,-4,4
8556,163,144,19,19
8557,154,145,9,9
8558,63,64,-1,1
8559,50,62,-12,12
8560,56,64,-8,8
8561,104,108,-4,4
8562,80,84,-4,4
8563,83,75,8,8
8564,64,63,1,1
8565,55,54,1,1
8566,84,71,13,13
8567,130,118,12,12
8568,85,84,1,1
8569,109,104,5,5
8570,153,131,22,22
8571,104,103,1,1
8572,129,120,9,9
8573,106,98,8,8
8574,173,164,9,9
8575,93,88,5,5
8576,93,85,8,8
8577,99,94,5,5
8578,66,64,2,2
8579,98,92,6,6
8580,110,136,-26,26
8581,50,62,-12,12
8582,104,99,5,5
8583,110,101,9,9
8584,60,71,-11,11
8585,102,95,7,7
8586,87,81,6,6
8587,133,127,6,6
8588,133,128,5,5
8589,122,102,20,20
8590,92,85,7,7
8591,139,130,9,9
8592,52,55,-3,3
8593,83,94,-11,11
8594,91,82,9,9
8595,65,62,3,3
8596,113,114,-1,1
8597,77,78,-1,1
8598,161,139,22,22
8599,92,88,4,4
8600,180,146,34,34
8601,77,74,3,3
8602,109,102,7,7
8603,81,82,-1,1
8604,98,100,-2,2
8605,54,53,1,1
8606,126,120,6,6
8607,91,90,1,1
8608,77,80,-3,3
8609,124,114,10,10
8610,78,77,1,1
8611,189,155,34,34
8612,80,76,4,4
8613,159,136,23,23
8614,73,77,-4,4
8615,90,95,-5,5
8616,62,59,3,3
8617,90,86,4,4
8618,134,136,-2,2
8619,121,97,24,24
8620,87,82,5,5
8621,59,59,0,0
8622,89,98,-9,9
8623,105,104,1,1
8624,97,88,9,9
8625,110,101,9,9
8626,141,118,23,23
8627,85,83,2,2
8628,132,127,5,5
8629,89,84,5,5
8630,75,77,-2,2
8631,81,74,7,7
8632,77,65,12,12
8633,104,94,10,10
8634,132,137,-5,5
8635,136,120,16,16
8636,82,82,0,0
8637,85,87,-2,2
8638,76,74,2,2
8639,109,124,-15,15
8640,51,59,-8,8
8641,85,88,-3,3
8642,58,59,-1,1
8643,161,154,7,7
8644,85,88,-3,3
8645,61,61,0,0
8646,82,80,2,2
8647,114,115,-1,1
8648,113,106,7,7
8649,82,77,5,5
8650,128,117,11,11
8651,113,113,0,0
8652,61,71,-10,10
8653,85,73,12,12
8654,112,101,11,11
8655,76,78,-2,2
8656,89,85,4,4
8657,142,126,16,16
8658,81,77,4,4
8659,143,135,8,8
8660,94,87,7,7
8661,134,105,29,29
8662,59,56,3,3
8663,55,58,-3,3
8664,75,79,-4,4
8665,87,88,-1,1
8666,69,56,13,13
8667,104,98,6,6
8668,57,54,3,3
8669,68,64,4,4
8670,169,154,15,15
8671,114,111,3,3
8672,92,85,7,7
8673,97,84,13,13
8674,121,116,5,5
8675,89,73,16,16
8676,116,112,4,4
8677,93,97,-4,4
8678,116,104,12,12
8679,125,123,2,2
8680,82,107,-25,25
8681,50,52,-2,2
8682,46,61,-15,15
8683,45,54,-9,9
8684,120,118,2,2
8685,93,86,7,7
8686,102,99,3,3
8687,126,119,7,7
8688,108,124,-16,16
8689,110,103,7,7
8690,101,95,6,6
8691,73,73,0,0
8692,58,57,1,1
8693,113,102,11,11
8694,136,134,2,2
8695,64,63,1,1
8696,125,152,-27,27
8697,88,77,11,11
8698,92,83,9,9
8699,106,99,7,7
8700,90,101,-11,11
8701,85,83,2,2
8702,80,74,6,6
8703,110,102,8,8
8704,80,75,5,5
8705,117,105,12,12
8706,47,62,-15,15
8707,112,102,10,10
8708,84,81,3,3
8709,116,105,11,11
8710,61,66,-5,5
8711,82,75,7,7
8712,164,137,27,27
8713,125,121,4,4
8714,80,82,-2,2
8715,66,64,2,2
8716,61,63,-2,2
8717,82,99,-17,17
8718,81,84,-3,3
8719,143,125,18,18
8720,145,124,21,21
8721,75,67,8,8
8722,60,79,-19,19
8723,86,87,-1,1
8724,99,101,-2,2
8725,112,106,6,6
8726,98,92,6,6
8727,96,84,12,12
8728,64,66,-2,2
8729,62,61,1,1
8730,123,125,-2,2
8731,83,82,1,1
8732,101,95,6,6
8733,27,50,-23,23
8734,167,153,14,14
8735,149,145,4,4
8736,94,88,6,6
8737,155,142,13,13
8738,39,51,-12,12
8739,62,61,1,1
8740,81,71,10,10
8741,58,56,2,2
8742,74,78,-4,4
8743,139,140,-1,1
8744,74,71,3,3
8745,84,85,-1,1
8746,155,116,39,39
8747,114,110,4,4
8748,152,229,-77,77
8749,104,88,16,16
8750,92,100,-8,8
8751,55,61,-6,6
8752,91,85,6,6
8753,90,77,13,13
8754,86,81,5,5
8755,76,96,-20,20
8756,86,87,-1,1
8757,49,54,-5,5
8758,105,104,1,1
8759,67,67,0,0
8760,96,118,-22,22
8761,105,103,2,2
8762,98,80,18,18
8763,114,111,3,3
8764,114,115,-1,1
8765,103,113,-10,10
8766,128,121,7,7
8767,110,98,12,12
8768,89,75,14,14
8769,67,61,6,6
8770,136,113,23,23
8771,154,136,18,18
8772,62,73,-11,11
8773,109,103,6,6
8774,91,88,3,3
8775,63,63,0,0
8776,172,155,17,17
8777,93,80,13,13
8778,81,75,6,6
8779,87,90,-3,3
8780,49,66,-17,17
8781,157,154,3,3
8782,87,82,5,5
8783,61,82,-21,21
8784,60,55,5,5
8785,129,120,9,9
8786,75,67,8,8
8787,86,91,-5,5
8788,37,52,-15,15
8789,110,108,2,2
8790,124,115,9,9
8791,65,67,-2,2
8792,148,148,0,0
8793,73,81,-8,8
8794,105,107,-2,2
8795,70,73,-3,3
8796,63,69,-6,6
8797,71,67,4,4
8798,71,72,-1,1
8799,68,71,-3,3
8800,96,84,12,12
8801,87,81,6,6
8802,88,88,0,0
8803,69,64,5,5
8804,83,82,1,1
8805,72,80,-8,8
8806,98,99,-1,1
8807,126,116,10,10
8808,45,57,-12,12
8809,52,54,-2,2
8810,103,102,1,1
8811,77,70,7,7
8812,83,72,11,11
8813,73,63,10,10
8814,108,103,5,5
8815,73,77,-4,4
8816,80,78,2,2
8817,57,60,-3,3
8818,63,63,0,0
8819,24,55,-31,31
8820,89,67,22,22
8821,61,64,-3,3
8822,97,95,2,2
8823,85,83,2,2
8824,143,139,4,4
8825,129,119,10,10
8826,75,80,-5,5
8827,71,73,-2,2
8828,92,84,8,8
8829,72,66,6,6
8830,91,76,15,15
8831,83,67,16,16
8832,75,82,-7,7
8833,66,63,3,3
8834,43,53,-10,10
8835,127,118,9,9
8836,125,126,-1,1
8837,44,53,-9,9
8838,51,58,-7,7
8839,54,54,0,0
8840,203,215,-12,12
8841,127,115,12,12
8842,102,95,7,7
8843,81,76,5,5
8844,69,66,3,3
8845,121,116,5,5
8846,85,77,8,8
8847,125,111,14,14
8848,138,121,17,17
8849,191,153,38,38
8850,92,93,-1,1
8851,94,87,7,7
8852,128,122,6,6
8853,35,57,-22,22
8854,104,101,3,3
8855,86,75,11,11
8856,132,118,14,14
8857,89,80,9,9
8858,48,53,-5,5
8859,75,61,14,14
8860,80,64,16,16
8861,100,93,7,7
8862,115,111,4,4
8863,135,123,12,12
8864,88,89,-1,1
8865,108,97,11,11
8866,141,141,0,0
8867,81,79,2,2
8868,147,139,8,8
8869,94,83,11,11
8870,86,82,4,4
8871,125,117,8,8
8872,62,60,2,2
8873,82,79,3,3
8874,123,113,10,10
8875,80,72,8,8
8876,108,97,11,11
8877,91,79,12,12
8878,124,113,11,11
8879,93,98,-5,5
8880,141,155,-14,14
8881,97,69,28,28
8882,177,159,18,18
8883,80,80,0,0
8884,133,145,-12,12
8885,98,102,-4,4
8886,104,90,14,14
8887,64,63,1,1
8888,170,148,22,22
8889,91,91,0,0
8890,98,95,3,3
8891,125,112,13,13
8892,65,67,-2,2
8893,86,88,-2,2
8894,75,63,12,12
8895,72,70,2,2
8896,53,68,-15,15
8897,93,80,13,13
8898,69,64,5,5
8899,95,84,11,11
8900,76,76,0,0
8901,73,70,3,3
8902,56,56,0,0
8903,92,88,4,4
8904,43,54,-11,11
8905,60,58,2,2
8906,74,80,-6,6
8907,85,88,-3,3
8908,91,89,2,2
8909,92,84,8,8
8910,91,84,7,7
8911,60,66,-6,6
8912,142,144,-2,2
8913,127,130,-3,3
8914,87,86,1,1
8915,130,138,-8,8
8916,104,97,7,7
8917,62,61,1,1
8918,125,121,4,4
8919,96,167,-71,71
8920,170,140,30,30
8921,103,118,-15,15
8922,185,162,23,23
8923,80,76,4,4
8924,56,62,-6,6
8925,105,115,-10,10
8926,63,65,-2,2
8927,88,89,-1,1
8928,79,80,-1,1
8929,60,71,-11,11
8930,84,86,-2,2
8931,123,126,-3,3
8932,107,102,5,5
8933,94,94,0,0
8934,70,72,-2,2
8935,141,117,24,24
8936,56,54,2,2
8937,166,155,11,11
8938,120,101,19,19
8939,137,121,16,16
8940,88,93,-5,5
8941,127,97,30,30
8942,157,145,12,12
8943,130,134,-4,4
8944,106,107,-1,1
8945,131,129,2,2
8946,54,57,-3,3
8947,132,123,9,9
8948,80,74,6,6
8949,81,85,-4,4
8950,128,112,16,16
8951,36,56,-20,20
8952,106,105,1,1
8953,85,85,0,0
8954,64,64,0,0
8955,81,80,1,1
8956,120,112,8,8
8957,130,117,13,13
8958,99,87,12,12
8959,70,64,6,6
8960,78,69,9,9
8961,112,113,-1,1
8962,82,78,4,4
8963,184,153,31,31
8964,129,132,-3,3
8965,111,103,8,8
8966,99,107,-8,8
8967,51,61,-10,10
8968,102,94,8,8
8969,66,67,-1,1
8970,74,74,0,0
8971,129,125,4,4
8972,54,57,-3,3
8973,117,128,-11,11
8974,120,114,6,6
8975,73,77,-4,4
8976,177,161,16,16
8977,157,148,9,9
8978,77,76,1,1
8979,55,59,-4,4
8980,132,120,12,12
8981,180,157,23,23
8982,72,65,7,7
8983,88,93,-5,5
8984,71,73,-2,2
8985,85,78,7,7
8986,51,52,-1,1
8987,61,66,-5,5
8988,76,65,11,11
8989,90,90,0,0
8990,64,71,-7,7
8991,67,85,-18,18
8992,95,91,4,4
8993,46,52,-6,6
8994,92,81,11,11
8995,121,135,-14,14
8996,93,91,2,2
8997,92,95,-3,3
8998,52,54,-2,2
8999,112,114,-2,2
9000,66,100,-34,34
9001,76,66,10,10
9002,157,144,13,13
9003,75,71,4,4
9004,68,66,2,2
9005,64,64,0,0
9006,135,120,15,15
9007,107,101,6,6
9008,79,91,-12,12
9009,82,80,2,2
9010,101,88,13,13
9011,142,155,-13,13
9012,108,105,3,3
9013,93,96,-3,3
9014,111,112,-1,1
9015,111,104,7,7
9016,101,86,15,15
9017,67,63,4,4
9018,58,55,3,3
9019,117,107,10,10
9020,100,92,8,8
9021,96,87,9,9
9022,106,101,5,5
9023,82,81,1,1
9024,57,62,-5,5
9025,95,85,10,10
9026,92,85,7,7
9027,78,77,1,1
9028,85,76,9,9
9029,46,53,-7,7
9030,60,65,-5,5
9031,68,71,-3,3
9032,90,85,5,5
9033,106,104,2,2
9034,72,67,5,5
9035,91,85,6,6
9036,142,131,11,11
9037,63,58,5,5
9038,55,54,1,1
9039,112,106,6,6
9040,165,155,10,10
9041,80,76,4,4
9042,58,56,2,2
9043,96,100,-4,4
9044,69,67,2,2
9045,85,94,-9,9
9046,74,73,1,1
9047,148,131,17,17
9048,61,55,6,6
9049,114,113,1,1
9050,117,110,7,7
9051,87,86,1,1
9052,148,137,11,11
9053,129,118,11,11
9054,100,90,10,10
9055,79,76,3,3
9056,84,81,3,3
9057,75,70,5,5
9058,101,98,3,3
9059,74,72,2,2
9060,98,81,17,17
9061,97,95,2,2
9062,58,54,4,4
9063,104,95,9,9
9064,122,114,8,8
9065,33,51,-18,18
9066,62,56,6,6
9067,59,62,-3,3
9068,66,70,-4,4
9069,112,105,7,7
9070,109,96,13,13
9071,67,67,0,0
9072,157,167,-10,10
9073,147,141,6,6
9074,114,106,8,8
9075,45,52,-7,7
9076,71,74,-3,3
9077,135,123,12,12
9078,64,55,9,9
9079,101,103,-2,2
9080,93,92,1,1
9081,92,86,6,6
9082,128,122,6,6
9083,90,78,12,12
9084,113,97,16,16
9085,62,62,0,0
9086,66,59,7,7
9087,69,69,0,0
9088,90,84,6,6
9089,69,61,8,8
9090,87,85,2,2
9091,70,80,-10,10
9092,88,84,4,4
9093,60,65,-5,5
9094,172,146,26,26
9095,94,91,3,3
9096,53,59,-6,6
9097,81,75,6,6
9098,103,97,6,6
9099,146,136,10,10
9100,93,89,4,4
9101,106,108,-2,2
9102,115,104,11,11
9103,171,152,19,19
9104,80,76,4,4
9105,89,76,13,13
9106,75,79,-4,4
9107,197,173,24,24
9108,52,59,-7,7
9109,56,59,-3,3
9110,76,72,4,4
9111,136,130,6,6
9112,127,125,2,2
9113,102,100,2,2
9114,100,97,3,3
9115,154,139,15,15
9116,127,130,-3,3
9117,115,106,9,9
9118,69,73,-4,4
9119,113,97,16,16
9120,116,113,3,3
9121,92,92,0,0
9122,95,99,-4,4
9123,81,72,9,9
9124,81,80,1,1
9125,148,142,6,6
9126,94,89,5,5
9127,117,114,3,3
9128,47,53,-6,6
9129,100,91,9,9
9130,133,123,10,10
9131,79,95,-16,16
9132,147,133,14,14
9133,62,62,0,0
9134,77,78,-1,1
9135,154,138,16,16
9136,112,112,0,0
9137,65,60,5,5
9138,42,54,-12,12
9139,114,114,0,0
9140,114,108,6,6
9141,77,66,11,11
9142,68,71,-3,3
9143,84,80,4,4
9144,120,119,1,1
9145,132,125,7,7
9146,113,118,-5,5
9147,86,78,8,8
9148,78,80,-2,2
9149,73,86,-13,13
9150,68,58,10,10
9151,93,95,-2,2
9152,113,121,-8,8
9153,58,60,-2,2
9154,63,59,4,4
9155,54,52,2,2
9156,123,101,22,22
9157,43,53,-10,10
9158,82,77,5,5
9159,144,133,11,11
9160,73,88,-15,15
9161,49,53,-4,4
9162,103,94,9,9
9163,179,169,10,10
9164,106,99,7,7
9165,93,98,-5,5
9166,135,137,-2,2
9167,120,116,4,4
9168,130,118,12,12
9169,79,88,-9,9
9170,82,77,5,5
9171,55,60,-5,5
9172,74,66,8,8
9173,153,143,10,10
9174,93,89,4,4
9175,107,102,5,5
9176,136,141,-5,5
9177,88,89,-1,1
9178,56,63,-7,7
9179,171,146,25,25
9180,115,109,6,6
9181,53,59,-6,6
9182,124,123,1,1
9183,117,102,15,15
9184,76,76,0,0
9185,168,149,19,19
9186,78,70,8,8
9187,42,53,-11,11
9188,74,75,-1,1
9189,156,128,28,28
9190,81,78,3,3
9191,88,75,13,13
9192,169,149,20,20
9193,74,69,5,5
9194,108,103,5,5
9195,98,86,12,12
9196,175,178,-3,3
9197,39,51,-12,12
9198,47,54,-7,7
9199,100,82,18,18
9200,105,90,15,15
9201,103,99,4,4
9202,114,110,4,4
9203,65,67,-2,2
9204,70,68,2,2
9205,79,81,-2,2
9206,96,97,-1,1
9207,123,124,-1,1
9208,94,89,5,5
9209,124,120,4,4
9210,102,93,9,9
9211,108,98,10,10
9212,78,83,-5,5
9213,111,108,3,3
9214,84,88,-4,4
9215,58,53,5,5
9216,124,116,8,8
9217,92,87,5,5
9218,75,76,-1,1
9219,64,54,10,10
9220,89,79,10,10
9221,88,92,-4,4
9222,58,62,-4,4
9223,116,110,6,6
9224,57,59,-2,2
9225,98,92,6,6
9226,138,139,-1,1
9227,87,90,-3,3
9228,58,55,3,3
9229,141,125,16,16
9230,72,68,4,4
9231,63,66,-3,3
9232,173,155,18,18
9233,113,103,10,10
9234,114,98,16,16
9235,95,85,10,10
9236,80,84,-4,4
9237,75,71,4,4
9238,113,108,5,5
9239,86,91,-5,5
9240,54,56,-2,2
9241,99,91,8,8
9242,149,134,15,15
9243,73,61,12,12
9244,86,77,9,9
9245,108,101,7,7
9246,74,69,5,5
9247,59,60,-1,1
9248,106,109,-3,3
9249,158,134,24,24
9250,45,64,-19,19
9251,77,74,3,3
9252,116,125,-9,9
9253,52,63,-11,11
9254,93,98,-5,5
9255,129,117,12,12
9256,63,67,-4,4
9257,41,53,-12,12
9258,62,60,2,2
9259,168,155,13,13
9260,117,112,5,5
9261,142,127,15,15
9262,112,100,12,12
9263,101,97,4,4
9264,86,81,5,5
9265,77,78,-1,1
9266,141,126,15,15
9267,80,89,-9,9
9268,107,117,-10,10
9269,90,87,3,3
9270,65,68,-3,3
9271,57,55,2,2
9272,89,80,9,9
9273,63,58,5,5
9274,121,113,8,8
9275,108,103,5,5
9276,83,82,1,1
9277,116,109,7,7
9278,66,69,-3,3
9279,128,124,4,4
9280,98,95,3,3
9281,76,77,-1,1
9282,130,119,11,11
9283,55,56,-1,1
9284,64,66,-2,2
9285,107,112,-5,5
9286,117,104,13,13
9287,124,115,9,9
9288,88,82,6,6
9289,44,52,-8,8
9290,89,83,6,6
9291,82,81,1,1
9292,78,73,5,5
9293,63,63,0,0
9294,60,57,3,3
9295,55,57,-2,2
9296,80,82,-2,2
9297,56,56,0,0
9298,68,69,-1,1
9299,177,166,11,11
9300,69,67,2,2
9301,63,67,-4,4
9302,116,102,14,14
9303,96,96,0,0
9304,142,114,28,28
9305,85,77,8,8
9306,56,61,-5,5
9307,91,86,5,5
9308,72,73,-1,1
9309,69,76,-7,7
9310,114,98,16,16
9311,131,127,4,4
9312,70,71,-1,1
9313,138,129,9,9
9314,103,95,8,8
9315,69,71,-2,2
9316,97,93,4,4
9317,98,111,-13,13
9318,117,104,13,13
9319,95,100,-5,5
9320,130,117,13,13
9321,174,149,25,25
9322,114,114,0,0
9323,87,94,-7,7
9324,92,90,2,2
9325,57,60,-3,3
9326,93,84,9,9
9327,90,89,1,1
9328,87,91,-4,4
9329,87,88,-1,1
9330,115,112,3,3
9331,103,104,-1,1
9332,66,65,1,1
9333,95,89,6,6
9334,98,92,6,6
9335,82,78,4,4
9336,63,58,5,5
9337,39,54,-15,15
9338,60,68,-8,8
9339,112,104,8,8
9340,159,145,14,14
9341,41,54,-13,13
9342,96,93,3,3
9343,117,109,8,8
9344,69,79,-10,10
9345,82,82,0,0
9346,125,111,14,14
9347,82,76,6,6
9348,65,71,-6,6
9349,92,80,12,12
9350,91,86,5,5
9351,91,85,6,6
9352,95,82,13,13
9353,28,53,-25,25
9354,64,57,7,7
9355,73,71,2,2
9356,122,108,14,14
9357,76,80,-4,4
9358,82,73,9,9
9359,134,123,11,11
9360,118,105,13,13
9361,72,72,0,0
9362,96,117,-21,21
9363,176,152,24,24
9364,156,143,13,13
9365,64,82,-18,18
9366,99,106,-7,7
9367,94,87,7,7
9368,84,71,13,13
9369,88,86,2,2
9370,144,141,3,3
9371,123,110,13,13
9372,99,102,-3,3
9373,63,81,-18,18
9374,64,67,-3,3
9375,141,124,17,17
9376,71,83,-12,12
9377,166,148,18,18
9378,118,108,10,10
9379,120,103,17,17
9380,145,129,16,16
9381,87,85,2,2
9382,90,88,2,2
9383,80,84,-4,4
9384,125,122,3,3
9385,59,54,5,5
9386,171,156,15,15
9387,72,66,6,6
9388,121,103,18,18
9389,47,53,-6,6
9390,73,80,-7,7
9391,124,101,23,23
9392,87,89,-2,2
9393,95,93,2,2
9394,77,74,3,3
9395,167,153,14,14
9396,53,72,-19,19
9397,89,82,7,7
9398,83,75,8,8
9399,77,82,-5,5
9400,127,121,6,6
9401,94,94,0,0
9402,95,80,15,15
9403,93,89,4,4
9404,74,73,1,1
9405,112,114,-2,2
9406,117,103,14,14
9407,69,65,4,4
9408,88,94,-6,6
9409,71,70,1,1
9410,57,54,3,3
9411,89,80,9,9
9412,98,106,-8,8
9413,123,116,7,7
9414,88,83,5,5
9415,136,119,17,17
9416,85,75,10,10
9417,93,85,8,8
9418,150,146,4,4
9419,50,55,-5,5
9420,77,78,-1,1
9421,87,89,-2,2
9422,123,113,10,10
9423,71,72,-1,1
9424,142,135,7,7
9425,78,77,1,1
9426,111,99,12,12
9427,54,65,-11,11
9428,66,66,0,0
9429,110,100,10,10
9430,96,88,8,8
9431,56,57,-1,1
9432,17,51,-34,34
9433,84,78,6,6
9434,108,104,4,4
9435,103,83,20,20
9436,102,98,4,4
9437,81,79,2,2
9438,125,120,5,5
9439,120,127,-7,7
9440,89,83,6,6
9441,73,64,9,9
9442,110,102,8,8
9443,86,82,4,4
9444,94,92,2,2
9445,76,68,8,8
9446,72,66,6,6
9447,41,52,-11,11
9448,129,122,7,7
9449,80,77,3,3
9450,92,82,10,10
9451,208,173,35,35
9452,170,159,11,11
9453,88,86,2,2
9454,43,53,-10,10
9455,65,61,4,4
9456,52,55,-3,3
9457,44,52,-8,8
9458,96,99,-3,3
9459,165,148,17,17
9460,92,79,13,13
9461,104,83,21,21
9462,131,124,7,7
9463,73,74,-1,1
9464,131,114,17,17
9465,51,71,-20,20
9466,63,66,-3,3
9467,107,107,0,0
9468,109,120,-11,11
9469,131,112,19,19
9470,96,89,7,7
9471,90,72,18,18
9472,60,66,-6,6
9473,106,105,1,1
9474,101,84,17,17
9475,67,64,3,3
9476,117,110,7,7
9477,76,78,-2,2
9478,78,70,8,8
9479,94,87,7,7
9480,95,92,3,3
9481,78,65,13,13
9482,133,126,7,7
9483,41,65,-24,24
9484,105,99,6,6
9485,102,92,10,10
9486,88,95,-7,7
9487,106,107,-1,1
9488,89,84,5,5
9489,98,112,-14,14
9490,128,114,14,14
9491,102,101,1,1
9492,132,132,0,0
9493,101,96,5,5
9494,144,135,9,9
9495,61,62,-1,1
9496,61,63,-2,2
9497,114,117,-3,3
9498,125,118,7,7
9499,70,67,3,3
9500,83,84,-1,1
9501,147,139,8,8
9502,97,95,2,2
9503,82,81,1,1
9504,87,78,9,9
9505,94,87,7,7
9506,54,61,-7,7
9507,71,75,-4,4
9508,105,95,10,10
9509,87,88,-1,1
9510,95,102,-7,7
9511,71,71,0,0
9512,76,80,-4,4
9513,123,114,9,9
9514,127,118,9,9
9515,84,90,-6,6
9516,48,56,-8,8
9517,108,90,18,18
9518,157,129,28,28
9519,54,57,-3,3
9520,100,86,14,14
9521,118,106,12,12
9522,57,56,1,1
9523,137,127,10,10
9524,80,83,-3,3
9525,48,54,-6,6
9526,49,52,-3,3
9527,94,89,5,5
9528,101,90,11,11
9529,64,66,-2,2
9530,114,120,-6,6
9531,82,75,7,7
9532,62,63,-1,1
9533,57,62,-5,5
9534,88,89,-1,1
9535,92,94,-2,2
9536,66,81,-15,15
9537,76,79,-3,3
9538,59,57,2,2
9539,89,83,6,6
9540,63,61,2,2
9541,51,52,-1,1
9542,123,116,7,7
9543,88,90,-2,2
9544,59,61,-2,2
9545,66,64,2,2
9546,135,116,19,19
9547,54,58,-4,4
9548,24,51,-27,27
9549,91,77,14,14
9550,166,152,14,14
9551,45,54,-9,9
9552,95,86,9,9
9553,99,97,2,2
9554,70,74,-4,4
9555,81,69,12,12
9556,97,86,11,11
9557,75,88,-13,13
9558,55,62,-7,7
9559,86,87,-1,1
9560,172,153,19,19
9561,65,77,-12,12
9562,174,151,23,23
9563,78,75,3,3
9564,81,84,-3,3
9565,68,64,4,4
9566,74,65,9,9
9567,46,52,-6,6
9568,119,123,-4,4
9569,48,55,-7,7
9570,112,110,2,2
9571,135,146,-11,11
9572,91,77,14,14
9573,103,92,11,11
9574,95,112,-17,17
9575,91,71,20,20
9576,201,165,36,36
9577,89,83,6,6
9578,71,64,7,7
9579,198,174,24,24
9580,93,79,14,14
9581,82,77,5,5
9582,132,123,9,9
9583,79,87,-8,8
9584,60,59,1,1
9585,72,81,-9,9
9586,107,107,0,0
9587,112,107,5,5
9588,99,100,-1,1
9589,104,109,-5,5
9590,68,68,0,0
9591,57,59,-2,2
9592,47,55,-8,8
9593,96,90,6,6
9594,95,102,-7,7
9595,43,52,-9,9
9596,116,101,15,15
9597,65,70,-5,5
9598,106,88,18,18
9599,117,121,-4,4
9600,96,89,7,7
9601,67,65,2,2
9602,100,84,16,16
9603,108,102,6,6
9604,103,97,6,6
9605,58,61,-3,3
9606,88,82,6,6
9607,133,121,12,12
9608,161,149,12,12
9609,95,86,9,9
9610,99,84,15,15
9611,69,61,8,8
9612,112,103,9,9
9613,127,112,15,15
9614,66,67,-1,1
9615,116,112,4,4
9616,105,109,-4,4
9617,100,89,11,11
9618,93,90,3,3
9619,79,84,-5,5
9620,121,110,11,11
9621,86,89,-3,3
9622,88,77,11,11
9623,177,147,30,30
9624,67,60,7,7
9625,73,72,1,1
9626,105,97,8,8
9627,115,108,7,7
9628,141,130,11,11
9629,75,73,2,2
9630,58,61,-3,3
9631,86,83,3,3
9632,137,127,10,10
9633,113,111,2,2
9634,92,85,7,7
9635,83,85,-2,2
9636,103,108,-5,5
9637,145,116,29,29
9638,84,78,6,6
9639,123,123,0,0
9640,104,98,6,6
9641,61,60,1,1
9642,79,91,-12,12
9643,90,109,-19,19
9644,115,112,3,3
9645,138,139,-1,1
9646,80,77,3,3
9647,92,92,0,0
9648,126,115,11,11
9649,62,54,8,8
9650,81,84,-3,3
9651,88,81,7,7
9652,90,90,0,0
9653,70,68,2,2
9654,113,104,9,9
9655,81,80,1,1
9656,70,78,-8,8
9657,87,80,7,7
9658,62,65,-3,3
9659,54,55,-1,1
9660,85,80,5,5
9661,76,71,5,5
9662,44,52,-8,8
9663,106,93,13,13
9664,116,106,10,10
9665,114,122,-8,8
9666,156,145,11,11
9667,127,111,16,16
9668,61,59,2,2
9669,57,53,4,4
9670,128,122,6,6
9671,90,79,11,11
9672,113,104,9,9
9673,81,72,9,9
9674,48,57,-9,9
9675,47,55,-8,8
9676,139,120,19,19
9677,154,142,12,12
9678,104,109,-5,5
9679,97,91,6,6
9680,123,115,8,8
9681,68,56,12,12
9682,94,92,2,2
9683,77,85,-8,8
9684,45,54,-9,9
9685,78,75,3,3
9686,75,77,-2,2
9687,79,73,6,6
9688,175,168,7,7
9689,117,109,8,8
9690,108,101,7,7
9691,106,106,0,0
9692,82,70,12,12
9693,112,98,14,14
9694,74,74,0,0
9695,117,115,2,2
9696,94,93,1,1
9697,226,196,30,30
9698,120,108,12,12
9699,40,53,-13,13
9700,40,98,-58,58
9701,119,117,2,2
9702,51,54,-3,3
9703,61,58,3,3
9704,119,109,10,10
9705,97,80,17,17
9706,70,72,-2,2
9707,101,87,14,14
9708,160,144,16,16
9709,88,82,6,6
9710,41,54,-13,13
9711,86,82,4,4
9712,76,79,-3,3
9713,66,72,-6,6
9714,110,110,0,0
9715,120,109,11,11
9716,97,94,3,3
9717,89,93,-4,4
9718,117,111,6,6
9719,59,63,-4,4
9720,145,135,10,10
9721,84,74,10,10
9722,78,82,-4,4
9723,65,63,2,2
9724,62,66,-4,4
9725,114,110,4,4
9726,76,77,-1,1
9727,51,56,-5,5
9728,131,138,-7,7
9729,162,162,0,0
9730,90,95,-5,5
9731,95,93,2,2
9732,49,59,-10,10
9733,81,80,1,1
9734,103,96,7,7
9735,136,133,3,3
9736,116,109,7,7
9737,74,68,6,6
9738,54,61,-7,7
9739,110,109,1,1
9740,113,99,14,14
9741,142,114,28,28
9742,130,102,28,28
9743,156,142,14,14
9744,186,179,7,7
9745,70,67,3,3
9746,115,102,13,13
9747,149,129,20,20
9748,135,119,16,16
9749,72,66,6,6
9750,143,135,8,8
9751,190,166,24,24
9752,117,124,-7,7
9753,124,103,21,21
9754,78,85,-7,7
9755,90,91,-1,1
9756,49,53,-4,4
9757,52,58,-6,6
9758,48,57,-9,9
9759,69,69,0,0
9760,69,73,-4,4
9761,40,55,-15,15
9762,89,92,-3,3
9763,85,81,4,4
9764,104,109,-5,5
9765,130,117,13,13
9766,110,87,23,23
9767,136,124,12,12
9768,91,78,13,13
9769,83,86,-3,3
9770,50,53,-3,3
9771,104,99,5,5
9772,83,73,10,10
9773,114,109,5,5
9774,119,128,-9,9
9775,88,81,7,7
9776,68,89,-21,21
9777,84,100,-16,16
9778,93,73,20,20
9779,56,55,1,1
9780,66,66,0,0
9781,60,62,-2,2
9782,58,61,-3,3
9783,142,137,5,5
9784,197,167,30,30
9785,53,54,-1,1
9786,86,98,-12,12
9787,85,83,2,2
9788,153,129,24,24
9789,58,60,-2,2
9790,78,71,7,7
9791,159,142,17,17
9792,129,124,5,5
9793,115,111,4,4
9794,64,60,4,4
9795,142,134,8,8
9796,83,77,6,6
9797,171,171,0,0
9798,137,133,4,4
9799,107,107,0,0
9800,101,86,15,15
9801,75,65,10,10
9802,103,96,7,7
9803,80,79,1,1
9804,51,55,-4,4
9805,92,79,13,13
9806,88,82,6,6
9807,96,96,0,0
9808,140,121,19,19
9809,107,105,2,2
9810,59,62,-3,3
9811,128,111,17,17
9812,80,77,3,3
9813,40,53,-13,13
9814,139,132,7,7
9815,79,71,8,8
9816,89,81,8,8
9817,127,122,5,5
9818,132,119,13,13
9819,104,105,-1,1
9820,100,83,17,17
9821,76,73,3,3
9822,182,145,37,37
9823,43,54,-11,11
9824,56,56,0,0
9825,140,130,10,10
9826,98,99,-1,1
9827,66,72,-6,6
9828,52,57,-5,5
9829,100,95,5,5
9830,131,113,18,18
9831,47,75,-28,28
9832,57,55,2,2
9833,58,61,-3,3
9834,100,93,7,7
9835,143,140,3,3
9836,81,71,10,10
9837,130,109,21,21
9838,63,70,-7,7
9839,84,96,-12,12
9840,86,84,2,2
9841,118,112,6,6
9842,109,96,13,13
9843,176,172,4,4
9844,68,69,-1,1
9845,102,101,1,1
9846,65,62,3,3
9847,88,87,1,1
9848,127,110,17,17
9849,56,56,0,0
9850,104,102,2,2
9851,105,92,13,13
9852,84,79,5,5
9853,27,64,-37,37
9854,95,96,-1,1
9855,77,74,3,3
9856,192,184,8,8
9857,78,67,11,11
9858,122,117,5,5
9859,80,83,-3,3
9860,94,79,15,15
9861,126,118,8,8
9862,44,54,-10,10
9863,73,76,-3,3
9864,104,80,24,24
9865,71,66,5,5
9866,65,70,-5,5
9867,96,76,20,20
9868,116,92,24,24
9869,103,101,2,2
9870,129,123,6,6
9871,143,133,10,10
9872,100,113,-13,13
9873,133,116,17,17
9874,64,63,1,1
9875,121,116,5,5
9876,61,66,-5,5
9877,55,62,-7,7
9878,49,54,-5,5
9879,86,81,5,5
9880,85,78,7,7
9881,61,56,5,5
9882,128,128,0,0
9883,91,75,16,16
9884,99,81,18,18
9885,92,86,6,6
9886,179,161,18,18
9887,114,97,17,17
9888,66,60,6,6
9889,78,83,-5,5
9890,69,67,2,2
9891,121,111,10,10
9892,85,70,15,15
9893,110,124,-14,14
9894,92,93,-1,1
9895,117,102,15,15
9896,174,158,16,16
9897,135,127,8,8
9898,64,59,5,5
9899,75,70,5,5
9900,97,103,-6,6
9901,120,120,0,0
9902,102,92,10,10
9903,91,86,5,5
9904,70,74,-4,4
9905,64,72,-8,8
9906,49,53,-4,4
9907,94,100,-6,6
9908,71,77,-6,6
9909,136,151,-15,15
9910,68,67,1,1
9911,122,117,5,5
9912,73,69,4,4
9913,114,109,5,5
9914,98,92,6,6
9915,104,99,5,5
9916,103,90,13,13
9917,108,97,11,11
9918,127,115,12,12
9919,130,130,0,0
9920,95,94,1,1
9921,89,77,12,12
9922,73,69,4,4
9923,157,135,22,22
9924,103,94,9,9
9925,105,98,7,7
9926,112,97,15,15
9927,109,97,12,12
9928,79,75,4,4
9929,92,106,-14,14
9930,72,65,7,7
9931,48,56,-8,8
9932,98,88,10,10
9933,111,110,1,1
9934,119,108,11,11
9935,139,117,22,22
9936,55,66,-11,11
9937,107,109,-2,2
9938,135,140,-5,5
9939,102,93,9,9
9940,88,86,2,2
9941,105,112,-7,7
9942,136,115,21,21
9943,82,82,0,0
9944,67,66,1,1
9945,123,117,6,6
9946,120,120,0,0
9947,94,96,-2,2
9948,51,53,-2,2
9949,95,83,12,12
9950,92,88,4,4
9951,154,123,31,31
9952,76,76,0,0
9953,59,55,4,4
9954,153,132,21,21
9955,66,71,-5,5
9956,96,101,-5,5
9957,131,123,8,8
9958,81,73,8,8
9959,80,80,0,0
9960,59,60,-1,1
9961,72,74,-2,2
9962,148,139,9,9
9963,123,129,-6,6
9964,72,67,5,5
9965,59,61,-2,2
9966,145,136,9,9
9967,95,92,3,3
9968,125,118,7,7
9969,79,76,3,3
9970,79,80,-1,1
9971,68,68,0,0
9972,135,134,1,1
9973,96,94,2,2
9974,64,63,1,1
9975,62,55,7,7
9976,102,96,6,6
9977,141,127,14,14
9978,82,72,10,10
9979,84,71,13,13
9980,85,81,4,4
9981,77,77,0,0
9982,107,96,11,11
9983,94,91,3,3
9984,84,71,13,13
9985,90,83,7,7
9986,127,119,8,8
9987,94,90,4,4
9988,142,156,-14,14
9989,88,90,-2,2
9990,104,94,10,10
9991,66,66,0,0
9992,48,53,-5,5
9993,76,71,5,5
9994,105,101,4,4
9995,62,55,7,7
9996,82,80,2,2
9997,123,120,3,3
9998,88,90,-2,2
9999,68,64,4,4
10000,171,145,26,26
10001,134,123,11,11
10002,81,76,5,5
10003,66,67,-1,1
10004,49,55,-6,6
10005,92,90,2,2
10006,121,116,5,5
10007,133,121,12,12
10008,147,130,17,17
10009,81,78,3,3
10010,69,72,-3,3
10011,83,82,1,1
10012,88,84,4,4
10013,59,54,5,5
10014,91,94,-3,3
10015,153,147,6,6
10016,114,104,10,10
10017,77,84,-7,7
10018,85,71,14,14
10019,80,72,8,8
10020,74,69,5,5
10021,169,154,15,15
10022,108,103,5,5
10023,121,119,2,2
10024,83,84,-1,1
10025,56,55,1,1
10026,74,72,2,2
10027,53,60,-7,7
10028,80,86,-6,6
10029,79,79,0,0
10030,117,109,8,8
10031,174,156,18,18
10032,77,72,5,5
10033,114,96,18,18
10034,79,75,4,4
10035,158,142,16,16
10036,80,75,5,5
10037,90,111,-21,21
10038,111,105,6,6
10039,155,136,19,19
10040,55,56,-1,1
10041,74,72,2,2
10042,62,66,-4,4
10043,138,133,5,5
10044,143,148,-5,5
10045,113,113,0,0
10046,100,100,0,0
10047,115,92,23,23
10048,49,53,-4,4
10049,139,139,0,0
10050,114,116,-2,2
10051,125,126,-1,1
10052,61,62,-1,1
10053,136,124,12,12
10054,77,72,5,5
10055,211,174,37,37
10056,66,59,7,7
10057,111,100,11,11
10058,122,120,2,2
10059,139,126,13,13
10060,121,107,14,14
10061,108,113,-5,5
10062,85,86,-1,1
10063,110,107,3,3
10064,62,71,-9,9
10065,107,100,7,7
10066,49,54,-5,5
10067,82,77,5,5
10068,92,89,3,3
10069,59,60,-1,1
10070,56,56,0,0
10071,105,93,12,12
10072,61,64,-3,3
10073,95,102,-7,7
10074,56,58,-2,2
10075,148,141,7,7
10076,123,121,2,2
10077,111,115,-4,4
10078,75,72,3,3
10079,139,146,-7,7
10080,68,68,0,0
10081,90,80,10,10
10082,150,150,0,0
10083,133,115,18,18
10084,49,56,-7,7
10085,62,66,-4,4
10086,111,99,12,12
10087,117,111,6,6
10088,151,143,8,8
10089,100,95,5,5
10090,42,54,-12,12
10091,78,73,5,5
10092,48,53,-5,5
10093,118,101,17,17
10094,70,65,5,5
10095,117,127,-10,10
10096,61,81,-20,20
10097,94,97,-3,3
10098,78,76,2,2
10099,170,151,19,19
10100,68,66,2,2
10101,78,68,10,10
10102,47,52,-5,5
10103,130,105,25,25
10104,80,75,5,5
10105,70,72,-2,2
10106,49,57,-8,8
10107,117,108,9,9
10108,86,85,1,1
10109,82,73,9,9
10110,54,55,-1,1
10111,160,148,12,12
10112,78,86,-8,8
10113,82,78,4,4
10114,59,57,2,2
10115,115,105,10,10
10116,86,87,-1,1
10117,119,103,16,16
10118,116,114,2,2
10119,90,92,-2,2
10120,75,75,0,0
10121,81,79,2,2
10122,87,88,-1,1
10123,108,99,9,9
10124,50,53,-3,3
10125,53,57,-4,4
10126,130,133,-3,3
10127,125,108,17,17
10128,118,108,10,10
10129,112,108,4,4
10130,62,64,-2,2
10131,105,102,3,3
10132,90,93,-3,3
10133,143,138,5,5
10134,58,56,2,2
10135,64,68,-4,4
10136,108,98,10,10
10137,98,80,18,18
10138,136,123,13,13
10139,101,109,-8,8
10140,85,87,-2,2
10141,92,93,-1,1
10142,144,130,14,14
10143,80,79,1,1
10144,110,93,17,17
10145,66,60,6,6
10146,73,67,6,6
10147,59,57,2,2
10148,88,89,-1,1
10149,74,83,-9,9
10150,61,63,-2,2
10151,125,113,12,12
10152,55,54,1,1
10153,115,109,6,6
10154,58,65,-7,7
10155,76,79,-3,3
10156,137,138,-1,1
10157,81,71,10,10
10158,116,110,6,6
10159,81,77,4,4
10160,94,89,5,5
10161,78,90,-12,12
10162,80,72,8,8
10163,99,92,7,7
10164,118,109,9,9
10165,137,124,13,13
10166,98,97,1,1
10167,71,66,5,5
10168,83,83,0,0
10169,132,136,-4,4
10170,69,67,2,2
10171,119,114,5,5
10172,101,107,-6,6
10173,92,91,1,1
10174,74,67,7,7
10175,95,93,2,2
10176,67,67,0,0
10177,50,58,-8,8
10178,106,96,10,10
10179,102,92,10,10
10180,359,270,89,89
10181,58,58,0,0
10182,94,88,6,6
10183,90,75,15,15
10184,88,79,9,9
10185,105,91,14,14
10186,75,74,1,1
10187,89,85,4,4
10188,86,81,5,5
10189,133,125,8,8
10190,35,53,-18,18
10191,88,78,10,10
10192,177,155,22,22
10193,100,91,9,9
10194,65,59,6,6
10195,104,99,5,5
10196,67,60,7,7
10197,86,84,2,2
10198,123,111,12,12
10199,108,97,11,11
10200,84,78,6,6
10201,54,60,-6,6
10202,95,92,3,3
10203,86,78,8,8
10204,70,80,-10,10
10205,84,75,9,9
10206,107,100,7,7
10207,45,53,-8,8
10208,85,85,0,0
10209,79,79,0,0
10210,125,121,4,4
10211,92,86,6,6
10212,74,74,0,0
10213,139,138,1,1
10214,84,76,8,8
10215,103,113,-10,10
10216,60,71,-11,11
10217,78,81,-3,3
10218,69,62,7,7
10219,131,125,6,6
10220,102,95,7,7
10221,69,72,-3,3
10222,58,63,-5,5
10223,43,52,-9,9
10224,29,53,-24,24
10225,86,85,1,1
10226,114,110,4,4
10227,38,52,-14,14
10228,113,117,-4,4
10229,74,83,-9,9
10230,67,65,2,2
10231,221,200,21,21
10232,103,101,2,2
10233,224,202,22,22
10234,82,94,-12,12
10235,104,94,10,10
10236,115,102,13,13
10237,70,82,-12,12
10238,92,90,2,2
10239,118,111,7,7
10240,159,137,22,22
10241,124,110,14,14
10242,165,134,31,31
10243,118,117,1,1
10244,79,72,7,7
10245,113,102,11,11
10246,61,64,-3,3
10247,112,104,8,8
10248,68,67,1,1
10249,71,77,-6,6
10250,127,115,12,12
10251,82,78,4,4
10252,63,62,1,1
10253,189,186,3,3
10254,73,75,-2,2
10255,76,67,9,9
10256,99,104,-5,5
10257,131,125,6,6
10258,88,86,2,2
10259,61,64,-3,3
10260,135,123,12,12
10261,52,60,-8,8
10262,114,108,6,6
10263,82,79,3,3
10264,106,98,8,8
10265,102,113,-11,11
10266,105,113,-8,8
10267,77,80,-3,3
10268,66,61,5,5
10269,129,113,16,16
10270,73,72,1,1
10271,77,72,5,5
10272,70,68,2,2
10273,40,54,-14,14
10274,55,64,-9,9
10275,130,129,1,1
10276,168,151,17,17
10277,76,64,12,12
10278,136,127,9,9
10279,104,104,0,0
10280,52,57,-5,5
10281,151,136,15,15
10282,74,75,-1,1
10283,60,67,-7,7
10284,90,82,8,8
10285,81,72,9,9
10286,118,117,1,1
10287,96,93,3,3
10288,96,89,7,7
10289,151,145,6,6
10290,125,113,12,12
10291,73,66,7,7
10292,107,99,8,8
10293,113,112,1,1
10294,118,119,-1,1
10295,71,76,-5,5
10296,68,69,-1,1
10297,65,66,-1,1
10298,48,54,-6,6
10299,73,75,-2,2
10300,86,103,-17,17
10301,45,53,-8,8
10302,87,82,5,5
10303,113,106,7,7
10304,137,131,6,6
10305,114,116,-2,2
10306,61,61,0,0
10307,106,91,15,15
10308,128,122,6,6
10309,111,108,3,3
10310,100,94,6,6
10311,100,90,10,10
10312,133,137,-4,4
10313,96,93,3,3
10314,133,125,8,8
10315,130,121,9,9
10316,78,81,-3,3
10317,130,107,23,23
10318,110,114,-4,4
10319,75,80,-5,5
10320,144,139,5,5
10321,81,83,-2,2
10322,63,69,-6,6
10323,122,117,5,5
10324,119,119,0,0
10325,99,93,6,6
10326,111,104,7,7
10327,143,119,24,24
10328,104,115,-11,11
10329,93,83,10,10
10330,72,76,-4,4
10331,79,82,-3,3
10332,128,124,4,4
10333,99,91,8,8
10334,76,81,-5,5
10335,100,98,2,2
10336,70,67,3,3
10337,148,142,6,6
10338,68,64,4,4
10339,100,106,-6,6
10340,74,86,-12,12
10341,86,77,9,9
10342,93,83,10,10
10343,138,115,23,23
10344,149,153,-4,4
10345,65,59,6,6
10346,89,91,-2,2
10347,117,76,41,41
10348,98,83,15,15
10349,127,120,7,7
10350,106,94,12,12
10351,68,61,7,7
10352,160,132,28,28
10353,83,86,-3,3
10354,129,110,19,19
10355,117,102,15,15
10356,74,79,-5,5
10357,101,94,7,7
10358,113,107,6,6
10359,121,105,16,16
10360,122,124,-2,2
10361,117,111,6,6
10362,131,132,-1,1
10363,68,58,10,10
10364,86,89,-3,3
10365,97,86,11,11
10366,125,116,9,9
10367,65,68,-3,3
10368,49,55,-6,6
10369,81,78,3,3
10370,103,102,1,1
10371,110,99,11,11
10372,86,86,0,0
10373,103,98,5,5
10374,103,103,0,0
10375,59,57,2,2
10376,119,104,15,15
10377,40,52,-12,12
10378,102,98,4,4
10379,120,110,10,10
10380,103,103,0,0
10381,101,96,5,5
10382,106,101,5,5
10383,110,108,2,2
10384,82,76,6,6
10385,88,76,12,12
10386,174,167,7,7
10387,99,87,12,12
10388,66,64,2,2
10389,105,105,0,0
10390,59,57,2,2
10391,128,108,20,20
10392,53,63,-10,10
10393,123,123,0,0
10394,88,80,8,8
10395,80,76,4,4
10396,72,82,-10,10
10397,73,75,-2,2
10398,60,59,1,1
10399,88,82,6,6
10400,82,79,3,3
10401,156,138,18,18
10402,163,137,26,26
10403,73,70,3,3
10404,105,94,11,11
10405,137,120,17,17
10406,74,76,-2,2
10407,85,75,10,10
10408,71,74,-3,3
10409,56,63,-7,7
10410,95,86,9,9
10411,48,56,-8,8
10412,113,112,1,1
10413,96,91,5,5
10414,111,106,5,5
10415,80,110,-30,30
10416,44,53,-9,9
10417,73,67,6,6
10418,132,106,26,26
10419,100,87,13,13
10420,126,113,13,13
10421,77,81,-4,4
10422,81,87,-6,6
10423,68,61,7,7
10424,73,89,-16,16
10425,100,98,2,2
10426,98,84,14,14
10427,60,58,2,2
10428,110,106,4,4
10429,102,97,5,5
10430,75,69,6,6
10431,138,136,2,2
10432,81,73,8,8
10433,108,113,-5,5
10434,148,131,17,17
10435,59,54,5,5
10436,88,88,0,0
10437,104,81,23,23
10438,72,64,8,8
10439,82,80,2,2
10440,93,92,1,1
10441,93,86,7,7
10442,160,147,13,13
10443,129,123,6,6
10444,113,114,-1,1
10445,116,92,24,24
10446,119,115,4,4
10447,86,81,5,5
10448,44,60,-16,16
10449,76,67,9,9
10450,61,62,-1,1
10451,80,87,-7,7
10452,99,85,14,14
10453,87,98,-11,11
10454,117,109,8,8
10455,50,68,-18,18
10456,150,132,18,18
10457,123,106,17,17
10458,100,74,26,26
10459,147,136,11,11
10460,185,177,8,8
10461,59,57,2,2
10462,81,72,9,9
10463,61,74,-13,13
10464,126,118,8,8
10465,82,82,0,0
10466,100,94,6,6
10467,81,72,9,9
10468,39,52,-13,13
10469,77,68,9,9
10470,51,55,-4,4
10471,98,104,-6,6
10472,133,140,-7,7
10473,80,76,4,4
10474,151,128,23,23
10475,88,76,12,12
10476,55,54,1,1
10477,72,79,-7,7
10478,75,83,-8,8
10479,77,68,9,9
10480,81,68,13,13
10481,144,138,6,6
10482,121,100,21,21
10483,57,56,1,1
10484,69,80,-11,11
10485,99,95,4,4
10486,64,68,-4,4
10487,130,106,24,24
10488,106,101,5,5
10489,72,70,2,2
10490,67,69,-2,2
10491,68,66,2,2
10492,79,83,-4,4
10493,81,81,0,0
10494,69,67,2,2
10495,67,64,3,3
10496,73,73,0,0
10497,39,53,-14,14
10498,112,115,-3,3
10499,71,72,-1,1
10500,132,117,15,15
10501,133,131,2,2
10502,95,89,6,6
10503,112,100,12,12
10504,112,97,15,15
10505,99,108,-9,9
10506,71,76,-5,5
10507,127,136,-9,9
10508,89,93,-4,4
10509,87,82,5,5
10510,124,111,13,13
10511,66,66,0,0
10512,92,93,-1,1
10513,80,74,6,6
10514,94,92,2,2
10515,146,147,-1,1
10516,139,135,4,4
10517,136,126,10,10
10518,63,59,4,4
10519,54,56,-2,2
10520,171,155,16,16
10521,91,83,8,8
10522,170,149,21,21
10523,147,134,13,13
10524,70,67,3,3
10525,140,139,1,1
10526,117,113,4,4
10527,72,69,3,3
10528,132,122,10,10
10529,63,63,0,0
10530,102,101,1,1
10531,81,80,1,1
10532,90,84,6,6
10533,87,88,-1,1
10534,127,118,9,9
10535,56,57,-1,1
10536,44,52,-8,8
10537,122,112,10,10
10538,111,105,6,6
10539,66,67,-1,1
10540,110,113,-3,3
10541,101,99,2,2
10542,119,117,2,2
10543,75,79,-4,4
10544,65,65,0,0
10545,55,57,-2,2
10546,76,83,-7,7
10547,70,69,1,1
10548,157,176,-19,19
10549,27,51,-24,24
10550,83,77,6,6
10551,125,118,7,7
10552,95,97,-2,2
10553,86,76,10,10
10554,116,114,2,2
10555,66,62,4,4
10556,144,157,-13,13
10557,96,98,-2,2
10558,94,90,4,4
10559,37,52,-15,15
10560,195,170,25,25
10561,108,106,2,2
10562,130,127,3,3
10563,78,79,-1,1
10564,57,61,-4,4
10565,72,65,7,7
10566,57,67,-10,10
10567,90,97,-7,7
10568,67,58,9,9
10569,157,149,8,8
10570,57,63,-6,6
10571,94,92,2,2
10572,69,72,-3,3
10573,86,83,3,3
10574,58,59,-1,1
10575,105,98,7,7
10576,74,72,2,2
10577,116,106,10,10
10578,78,72,6,6
10579,115,107,8,8
10580,64,62,2,2
10581,127,113,14,14
10582,77,75,2,2
10583,99,86,13,13
10584,68,70,-2,2
10585,101,108,-7,7
10586,88,82,6,6
10587,121,113,8,8
10588,100,96,4,4
10589,87,66,21,21
10590,80,70,10,10
10591,43,54,-11,11
10592,103,105,-2,2
10593,149,132,17,17
10594,67,70,-3,3
10595,110,109,1,1
10596,127,113,14,14
10597,55,57,-2,2
10598,133,123,10,10
10599,82,83,-1,1
10600,45,51,-6,6
10601,59,60,-1,1
10602,120,111,9,9
10603,103,106,-3,3
10604,145,140,5,5
10605,119,119,0,0
10606,75,79,-4,4
10607,74,68,6,6
10608,109,109,0,0
10609,148,136,12,12
10610,80,78,2,2
10611,68,65,3,3
10612,116,116,0,0
10613,114,100,14,14
10614,100,100,0,0
10615,72,70,2,2
10616,119,127,-8,8
10617,96,86,10,10
10618,58,62,-4,4
10619,132,133,-1,1
10620,169,159,10,10
10621,70,68,2,2
10622,90,80,10,10
10623,93,85,8,8
10624,107,123,-16,16
10625,124,110,14,14
10626,43,52,-9,9
10627,102,92,10,10
10628,107,101,6,6
10629,61,65,-4,4
10630,62,62,0,0
10631,72,63,9,9
10632,129,116,13,13
10633,74,72,2,2
10634,81,72,9,9
10635,107,93,14,14
10636,79,74,5,5
10637,43,51,-8,8
10638,72,75,-3,3
10639,102,85,17,17
10640,93,83,10,10
10641,90,87,3,3
10642,66,56,10,10
10643,125,115,10,10
10644,73,69,4,4
10645,78,66,12,12
10646,49,54,-5,5
10647,81,71,10,10
10648,74,79,-5,5
10649,78,73,5,5
10650,82,78,4,4
10651,92,104,-12,12
10652,110,88,22,22
10653,96,90,6,6
10654,83,83,0,0
10655,143,133,10,10
10656,88,75,13,13
10657,111,107,4,4
10658,54,55,-1,1
10659,66,68,-2,2
10660,68,79,-11,11
10661,57,62,-5,5
10662,169,139,30,30
10663,63,72,-9,9
10664,131,139,-8,8
10665,102,95,7,7
10666,47,55,-8,8
10667,58,66,-8,8
10668,127,120,7,7
10669,100,89,11,11
10670,109,110,-1,1
10671,109,99,10,10
10672,92,87,5,5
10673,93,87,6,6
10674,64,60,4,4
10675,95,97,-2,2
10676,97,88,9,9
10677,87,88,-1,1
10678,65,70,-5,5
10679,84,83,1,1
10680,140,115,25,25
10681,88,81,7,7
10682,56,53,3,3
10683,131,125,6,6
10684,107,98,9,9
10685,93,83,10,10
10686,125,111,14,14
10687,204,180,24,24
10688,128,112,16,16
10689,80,73,7,7
10690,161,171,-10,10
10691,114,107,7,7
10692,96,76,20,20
10693,79,81,-2,2
10694,60,58,2,2
10695,176,160,16,16
10696,41,52,-11,11
10697,50,57,-7,7
10698,45,53,-8,8
10699,168,132,36,36
10700,65,64,1,1
10701,57,54,3,3
10702,98,95,3,3
10703,77,73,4,4
10704,84,77,7,7
10705,76,81,-5,5
10706,75,83,-8,8
10707,93,88,5,5
10708,71,100,-29,29
10709,87,81,6,6
10710,65,65,0,0
10711,130,114,16,16
10712,74,59,15,15
10713,34,52,-18,18
10714,129,105,24,24
10715,114,114,0,0
10716,70,64,6,6
10717,50,59,-9,9
10718,93,80,13,13
10719,55,54,1,1
10720,94,79,15,15
10721,46,52,-6,6
10722,50,54,-4,4
10723,104,90,14,14
10724,118,110,8,8
10725,102,93,9,9
10726,84,79,5,5
10727,165,167,-2,2
10728,97,96,1,1
10729,92,89,3,3
10730,89,75,14,14
10731,76,74,2,2
10732,75,90,-15,15
10733,142,132,10,10
10734,96,93,3,3
10735,145,140,5,5
10736,87,86,1,1
10737,64,63,1,1
10738,48,60,-12,12
10739,94,88,6,6
10740,69,61,8,8
10741,66,57,9,9
10742,131,118,13,13
10743,98,91,7,7
10744,94,95,-1,1
10745,65,65,0,0
10746,89,88,1,1
10747,128,113,15,15
10748,144,132,12,12
10749,53,64,-11,11
10750,108,108,0,0
10751,29,52,-23,23
10752,58,56,2,2
10753,94,101,-7,7
10754,74,69,5,5
10755,133,125,8,8
10756,75,70,5,5
10757,87,76,11,11
10758,133,126,7,7
10759,74,71,3,3
10760,80,80,0,0
10761,52,55,-3,3
10762,116,110,6,6
10763,158,146,12,12
10764,224,193,31,31
10765,97,96,1,1
10766,128,114,14,14
10767,102,98,4,4
10768,114,102,12,12
10769,41,52,-11,11
10770,86,84,2,2
10771,42,54,-12,12
10772,111,102,9,9
10773,142,139,3,3
10774,68,71,-3,3
10775,65,66,-1,1
10776,116,115,1,1
10777,91,79,12,12
10778,157,146,11,11
10779,140,129,11,11
10780,126,111,15,15
10781,77,71,6,6
10782,86,85,1,1
10783,102,99,3,3
10784,95,89,6,6
10785,64,63,1,1
10786,103,109,-6,6
10787,55,64,-9,9
10788,77,78,-1,1
10789,160,141,19,19
10790,58,60,-2,2
10791,191,177,14,14
10792,121,122,-1,1
10793,77,66,11,11
10794,161,142,19,19
10795,65,63,2,2
10796,80,90,-10,10
10797,77,78,-1,1
10798,67,74,-7,7
10799,51,58,-7,7
10800,76,75,1,1
10801,155,135,20,20
10802,96,85,11,11
10803,65,65,0,0
10804,98,91,7,7
10805,101,94,7,7
10806,49,53,-4,4
10807,112,100,12,12
10808,81,65,16,16
10809,49,53,-4,4
10810,65,60,5,5
10811,90,83,7,7
10812,126,113,13,13
10813,48,53,-5,5
10814,120,110,10,10
10815,55,57,-2,2
10816,75,83,-8,8
10817,83,96,-13,13
10818,135,121,14,14
10819,131,124,7,7
10820,117,119,-2,2
10821,88,76,12,12
10822,92,90,2,2
10823,90,95,-5,5
10824,98,101,-3,3
10825,101,90,11,11
10826,138,131,7,7
10827,84,84,0,0
10828,104,103,1,1
10829,98,110,-12,12
10830,87,86,1,1
10831,102,105,-3,3
10832,81,81,0,0
10833,75,77,-2,2
10834,145,127,18,18
10835,114,107,7,7
10836,63,62,1,1
10837,51,55,-4,4
10838,109,105,4,4
10839,69,64,5,5
10840,87,94,-7,7
10841,72,64,8,8
10842,114,111,3,3
10843,96,81,15,15
10844,140,145,-5,5
10845,171,156,15,15
10846,97,94,3,3
10847,77,78,-1,1
10848,125,95,30,30
10849,75,72,3,3
10850,98,103,-5,5
10851,118,111,7,7
10852,120,110,10,10
10853,69,66,3,3
10854,57,60,-3,3
10855,129,114,15,15
10856,127,117,10,10
10857,81,80,1,1
10858,102,98,4,4
10859,154,137,17,17
10860,116,104,12,12
10861,47,52,-5,5
10862,124,113,11,11
10863,124,114,10,10
10864,138,122,16,16
10865,82,80,2,2
10866,120,111,9,9
10867,114,99,15,15
10868,90,85,5,5
10869,88,79,9,9
10870,53,54,-1,1
10871,84,75,9,9
10872,80,79,1,1
10873,147,135,12,12
10874,79,85,-6,6
10875,115,104,11,11
10876,80,73,7,7
10877,117,111,6,6
10878,123,114,9,9
10879,54,63,-9,9
10880,93,88,5,5
10881,145,137,8,8
10882,128,129,-1,1
10883,73,72,1,1
10884,51,53,-2,2
10885,65,63,2,2
10886,102,110,-8,8
10887,95,102,-7,7
10888,58,55,3,3
10889,49,58,-9,9
10890,113,111,2,2
10891,121,121,0,0
10892,148,137,11,11
10893,139,136,3,3
10894,96,106,-10,10
10895,143,131,12,12
10896,92,92,0,0
10897,78,75,3,3
10898,11,50,-39,39
10899,66,68,-2,2
10900,79,75,4,4
10901,70,67,3,3
10902,67,70,-3,3
10903,77,74,3,3
10904,144,139,5,5
10905,84,86,-2,2
10906,50,54,-4,4
10907,79,70,9,9
10908,90,97,-7,7
10909,62,58,4,4
10910,134,139,-5,5
10911,110,94,16,16
10912,78,98,-20,20
10913,142,124,18,18
10914,79,83,-4,4
10915,143,129,14,14
10916,80,85,-5,5
10917,37,51,-14,14
10918,70,65,5,5
10919,96,99,-3,3
10920,135,134,1,1
10921,76,71,5,5
10922,181,160,21,21
10923,105,107,-2,2
10924,49,52,-3,3
10925,65,71,-6,6
10926,139,129,10,10
10927,38,52,-14,14
10928,83,81,2,2
10929,56,60,-4,4
10930,120,101,19,19
10931,109,109,0,0
10932,160,148,12,12
10933,117,127,-10,10
10934,92,95,-3,3
10935,99,95,4,4
10936,114,109,5,5
10937,70,62,8,8
10938,93,96,-3,3
10939,112,99,13,13
10940,118,106,12,12
10941,72,62,10,10
10942,51,57,-6,6
10943,119,99,20,20
10944,85,80,5,5
10945,101,105,-4,4
10946,78,81,-3,3
10947,75,71,4,4
10948,69,78,-9,9
10949,120,109,11,11
10950,72,69,3,3
10951,64,74,-10,10
10952,80,77,3,3
10953,80,83,-3,3
10954,75,69,6,6
10955,76,71,5,5
10956,157,139,18,18
10957,80,96,-16,16
10958,117,111,6,6
10959,103,88,15,15
10960,129,107,22,22
10961,139,131,8,8
10962,98,91,7,7
10963,87,75,12,12
10964,165,141,24,24
10965,73,74,-1,1
10966,137,128,9,9
10967,150,148,2,2
10968,74,80,-6,6
10969,157,142,15,15
10970,82,97,-15,15
10971,74,64,10,10
10972,37,65,-28,28
10973,95,92,3,3
10974,104,95,9,9
10975,124,123,1,1
10976,37,53,-16,16
10977,80,103,-23,23
10978,80,86,-6,6
10979,88,78,10,10
10980,147,117,30,30
10981,65,69,-4,4
10982,101,96,5,5
10983,93,87,6,6
10984,71,73,-2,2
10985,64,56,8,8
10986,71,74,-3,3
10987,60,69,-9,9
10988,64,77,-13,13
10989,55,55,0,0
10990,48,69,-21,21
10991,141,123,18,18
10992,95,89,6,6
10993,58,60,-2,2
10994,95,89,6,6
10995,71,74,-3,3
10996,89,84,5,5
10997,125,116,9,9
10998,170,165,5,5
10999,153,143,10,10
11000,84,79,5,5
11001,137,130,7,7
11002,81,73,8,8
11003,77,88,-11,11
11004,75,78,-3,3
11005,110,105,5,5
11006,53,53,0,0
11007,92,83,9,9
11008,105,113,-8,8
11009,55,57,-2,2
11010,85,96,-11,11
11011,141,122,19,19
11012,126,127,-1,1
11013,82,79,3,3
11014,124,115,9,9
11015,76,90,-14,14
11016,126,108,18,18
11017,56,58,-2,2
11018,65,62,3,3
11019,91,96,-5,5
11020,65,69,-4,4
11021,84,85,-1,1
11022,95,91,4,4
11023,109,91,18,18
11024,74,64,10,10
11025,60,55,5,5
11026,65,63,2,2
11027,77,76,1,1
11028,79,76,3,3
11029,65,60,5,5
11030,110,105,5,5
11031,116,121,-5,5
11032,67,67,0,0
11033,83,83,0,0
11034,120,108,12,12
11035,157,128,29,29
11036,123,118,5,5
11037,80,76,4,4
11038,99,101,-2,2
11039,88,77,11,11
11040,67,81,-14,14
11041,134,126,8,8
11042,76,69,7,7
11043,96,100,-4,4
11044,83,84,-1,1
11045,57,63,-6,6
11046,93,88,5,5
11047,60,60,0,0
11048,85,80,5,5
11049,62,67,-5,5
11050,110,107,3,3
11051,108,106,2,2
11052,66,62,4,4
11053,67,78,-11,11
11054,71,64,7,7
11055,79,74,5,5
11056,145,144,1,1
11057,62,70,-8,8
11058,60,70,-10,10
11059,126,123,3,3
11060,120,120,0,0
11061,67,69,-2,2
11062,96,93,3,3
11063,54,53,1,1
11064,66,59,7,7
11065,101,95,6,6
11066,83,73,10,10
11067,120,106,14,14
11068,186,173,13,13
11069,72,71,1,1
11070,91,91,0,0
11071,158,138,20,20
11072,67,68,-1,1
11073,118,98,20,20
11074,63,58,5,5
11075,105,95,10,10
11076,124,97,27,27
11077,108,84,24,24
11078,121,111,10,10
11079,39,51,-12,12
11080,90,87,3,3
11081,218,213,5,5
11082,71,76,-5,5
11083,81,83,-2,2
11084,61,60,1,1
11085,86,76,10,10
11086,59,57,2,2
11087,168,162,6,6
11088,86,94,-8,8
11089,104,106,-2,2
11090,89,89,0,0
11091,80,75,5,5
11092,81,75,6,6
11093,87,75,12,12
11094,119,104,15,15
11095,136,122,14,14
11096,113,104,9,9
11097,68,75,-7,7
11098,86,71,15,15
11099,103,97,6,6
11100,72,78,-6,6
11101,142,140,2,2
11102,172,179,-7,7
11103,166,156,10,10
11104,96,106,-10,10
11105,106,115,-9,9
11106,125,113,12,12
11107,125,113,12,12
11108,75,99,-24,24
11109,94,83,11,11
11110,103,101,2,2
11111,58,58,0,0
11112,81,73,8,8
11113,133,115,18,18
11114,122,117,5,5
11115,99,100,-1,1
11116,67,65,2,2
11117,126,118,8,8
11118,91,83,8,8
11119,73,74,-1,1
11120,89,91,-2,2
11121,124,137,-13,13
11122,68,60,8,8
11123,126,119,7,7
11124,76,80,-4,4
11125,167,142,25,25
11126,36,52,-16,16
11127,137,131,6,6
11128,93,87,6,6
11129,115,111,4,4
11130,125,112,13,13
11131,79,75,4,4
11132,59,59,0,0
11133,90,88,2,2
11134,73,72,1,1
11135,74,71,3,3
11136,111,100,11,11
11137,129,119,10,10
11138,80,79,1,1
11139,97,89,8,8
11140,83,75,8,8
11141,129,122,7,7
11142,120,115,5,5
11143,93,81,12,12
11144,95,102,-7,7
11145,101,95,6,6
11146,93,89,4,4
11147,112,122,-10,10
11148,103,100,3,3
11149,60,66,-6,6
11150,95,103,-8,8
11151,62,65,-3,3
11152,69,68,1,1
11153,83,95,-12,12
11154,53,54,-1,1
11155,98,89,9,9
11156,101,105,-4,4
11157,73,82,-9,9
11158,94,102,-8,8
11159,55,59,-4,4
11160,93,105,-12,12
11161,70,70,0,0
11162,102,104,-2,2
11163,75,68,7,7
11164,77,64,13,13
11165,96,90,6,6
11166,93,101,-8,8
11167,78,83,-5,5
11168,155,139,16,16
11169,94,93,1,1
11170,66,65,1,1
11171,71,80,-9,9
11172,96,89,7,7
11173,143,137,6,6
11174,60,60,0,0
11175,79,83,-4,4
11176,93,83,10,10
11177,126,116,10,10
11178,128,114,14,14
11179,103,89,14,14
11180,95,89,6,6
11181,86,97,-11,11
11182,95,88,7,7
11183,68,66,2,2
11184,102,104,-2,2
11185,74,72,2,2
11186,94,117,-23,23
11187,83,66,17,17
11188,107,99,8,8
11189,65,60,5,5
11190,66,72,-6,6
11191,113,108,5,5
11192,164,142,22,22
11193,60,61,-1,1
11194,139,147,-8,8
11195,96,100,-4,4
11196,87,75,12,12
11197,113,106,7,7
11198,180,166,14,14
11199,106,98,8,8
11200,73,72,1,1
11201,121,120,1,1
11202,125,115,10,10
11203,62,63,-1,1
11204,56,57,-1,1
11205,81,76,5,5
11206,103,97,6,6
11207,107,97,10,10
11208,70,63,7,7
11209,107,98,9,9
11210,167,197,-30,30
11211,72,59,13,13
11212,123,111,12,12
11213,178,176,2,2
11214,142,144,-2,2
11215,138,120,18,18
11216,148,131,17,17
11217,141,132,9,9
11218,119,121,-2,2
11219,67,66,1,1
11220,126,135,-9,9
11221,35,73,-38,38
11222,86,87,-1,1
11223,82,91,-9,9
11224,135,158,-23,23
11225,111,99,12,12
11226,145,139,6,6
11227,99,79,20,20
11228,69,71,-2,2
11229,81,88,-7,7
11230,58,56,2,2
11231,58,66,-8,8
11232,141,118,23,23
11233,75,76,-1,1
11234,108,113,-5,5
11235,128,131,-3,3
11236,87,97,-10,10
11237,90,94,-4,4
11238,133,128,5,5
11239,73,68,5,5
11240,63,59,4,4
11241,73,74,-1,1
11242,136,135,1,1
11243,105,97,8,8
11244,60,60,0,0
11245,102,91,11,11
11246,100,93,7,7
11247,57,58,-1,1
11248,71,70,1,1
11249,76,73,3,3
11250,58,61,-3,3
11251,204,181,23,23
11252,96,91,5,5
11253,113,102,11,11
11254,114,91,23,23
11255,138,125,13,13
11256,79,85,-6,6
11257,142,126,16,16
11258,109,102,7,7
11259,141,135,6,6
11260,73,67,6,6
11261,89,76,13,13
11262,85,87,-2,2
11263,159,139,20,20
11264,107,98,9,9
11265,68,72,-4,4
11266,79,82,-3,3
11267,109,107,2,2
11268,78,69,9,9
11269,61,60,1,1
11270,102,98,4,4
11271,140,134,6,6
11272,156,145,11,11
11273,155,145,10,10
11274,118,106,12,12
11275,85,79,6,6
11276,162,146,16,16
11277,105,104,1,1
11278,100,95,5,5
11279,102,91,11,11
11280,130,119,11,11
11281,55,61,-6,6
11282,69,74,-5,5
11283,89,81,8,8
11284,39,54,-15,15
11285,139,127,12,12
11286,94,87,7,7
11287,79,71,8,8
11288,171,155,16,16
11289,139,129,10,10
11290,85,86,-1,1
11291,86,82,4,4
11292,114,101,13,13
11293,134,117,17,17
11294,51,54,-3,3
11295,47,55,-8,8
11296,56,61,-5,5
11297,72,69,3,3
11298,96,101,-5,5
11299,143,140,3,3
11300,115,97,18,18
11301,99,104,-5,5
11302,91,97,-6,6
11303,85,88,-3,3
11304,151,125,26,26
11305,42,57,-15,15
11306,125,113,12,12
11307,41,65,-24,24
11308,137,114,23,23
11309,100,92,8,8
11310,143,118,25,25
11311,174,160,14,14
11312,81,76,5,5
11313,106,102,4,4
11314,150,133,17,17
11315,66,65,1,1
11316,119,110,9,9
11317,133,112,21,21
11318,58,60,-2,2
11319,90,91,-1,1
11320,111,108,3,3
11321,157,135,22,22
11322,106,101,5,5
11323,121,112,9,9
11324,61,62,-1,1
11325,111,109,2,2
11326,88,85,3,3
11327,81,82,-1,1
11328,93,86,7,7
11329,77,76,1,1
11330,163,137,26,26
11331,104,100,4,4
11332,76,69,7,7
11333,52,53,-1,1
11334,87,93,-6,6
11335,104,95,9,9
11336,62,58,4,4
11337,112,109,3,3
11338,76,80,-4,4
11339,129,125,4,4
11340,106,112,-6,6
11341,63,63,0,0
11342,87,85,2,2
11343,106,108,-2,2
11344,86,70,16,16
11345,88,85,3,3
11346,89,86,3,3
11347,71,68,3,3
11348,116,100,16,16
11349,55,59,-4,4
11350,83,91,-8,8
11351,64,65,-1,1
11352,71,66,5,5
11353,128,112,16,16
11354,57,63,-6,6
11355,127,121,6,6
11356,47,52,-5,5
11357,94,86,8,8
11358,60,55,5,5
11359,60,65,-5,5
11360,55,65,-10,10
11361,97,97,0,0
11362,82,82,0,0
11363,109,102,7,7
11364,111,101,10,10
11365,61,59,2,2
11366,70,74,-4,4
11367,79,74,5,5
11368,107,102,5,5
11369,89,81,8,8
11370,60,56,4,4
11371,147,141,6,6
11372,83,81,2,2
11373,104,100,4,4
11374,134,132,2,2
11375,88,85,3,3
11376,35,52,-17,17
11377,117,124,-7,7
11378,78,75,3,3
11379,149,130,19,19
11380,85,81,4,4
11381,97,93,4,4
11382,115,120,-5,5
11383,109,92,17,17
11384,81,77,4,4
11385,81,82,-1,1
11386,93,96,-3,3
11387,123,127,-4,4
11388,95,93,2,2
11389,102,95,7,7
11390,57,54,3,3
11391,179,177,2,2
11392,126,124,2,2
11393,62,58,4,4
11394,65,73,-8,8
11395,109,98,11,11
11396,74,73,1,1
11397,113,109,4,4
11398,121,109,12,12
11399,114,102,12,12
11400,63,65,-2,2
11401,103,99,4,4
11402,80,74,6,6
11403,45,74,-29,29
11404,93,91,2,2
11405,121,106,15,15
11406,166,155,11,11
11407,63,72,-9,9
11408,66,58,8,8
11409,55,74,-19,19
11410,116,111,5,5
11411,96,90,6,6
11412,76,71,5,5
11413,54,61,-7,7
11414,108,106,2,2
11415,51,54,-3,3
11416,109,103,6,6
11417,75,71,4,4
11418,86,88,-2,2
11419,82,91,-9,9
11420,36,53,-17,17
11421,64,68,-4,4
11422,119,103,16,16
11423,53,63,-10,10
11424,73,73,0,0
11425,58,55,3,3
11426,41,54,-13,13
11427,58,62,-4,4
11428,118,113,5,5
11429,134,119,15,15
11430,75,73,2,2
11431,50,56,-6,6
11432,98,95,3,3
11433,33,52,-19,19
11434,109,97,12,12
11435,79,83,-4,4
11436,60,56,4,4
11437,100,101,-1,1
11438,85,72,13,13
11439,75,77,-2,2
11440,82,72,10,10
11441,57,58,-1,1
11442,164,156,8,8
11443,157,144,13,13
11444,76,68,8,8
11445,72,74,-2,2
11446,57,77,-20,20
11447,96,105,-9,9
11448,90,81,9,9
11449,100,92,8,8
11450,129,118,11,11
11451,91,81,10,10
11452,98,92,6,6
11453,102,97,5,5
11454,198,190,8,8
11455,78,70,8,8
11456,60,58,2,2
11457,173,161,12,12
11458,98,95,3,3
11459,72,69,3,3
11460,90,115,-25,25
11461,170,153,17,17
11462,163,142,21,21
11463,77,76,1,1
11464,66,72,-6,6
11465,67,61,6,6
11466,66,73,-7,7
11467,99,85,14,14
11468,86,82,4,4
11469,85,87,-2,2
11470,71,68,3,3
11471,136,123,13,13
11472,86,77,9,9
11473,60,63,-3,3
11474,119,117,2,2
11475,132,126,6,6
11476,114,111,3,3
11477,66,65,1,1
11478,147,134,13,13
11479,90,90,0,0
11480,112,103,9,9
11481,68,60,8,8
11482,119,109,10,10
11483,121,114,7,7
11484,70,93,-23,23
11485,124,113,11,11
11486,47,54,-7,7
11487,70,77,-7,7
11488,80,74,6,6
11489,44,53,-9,9
11490,75,80,-5,5
11491,65,66,-1,1
11492,80,69,11,11
11493,95,93,2,2
11494,124,114,10,10
11495,50,60,-10,10
11496,133,118,15,15
11497,77,73,4,4
11498,105,101,4,4
11499,70,66,4,4
11500,86,84,2,2
11501,97,82,15,15
11502,80,74,6,6
11503,98,100,-2,2
11504,106,105,1,1
11505,74,71,3,3
11506,66,66,0,0
11507,118,117,1,1
11508,110,94,16,16
11509,156,139,17,17
11510,67,62,5,5
11511,170,132,38,38
11512,117,100,17,17
11513,101,97,4,4
11514,130,119,11,11
11515,93,98,-5,5
11516,105,98,7,7
11517,41,61,-20,20
11518,84,68,16,16
11519,59,60,-1,1
11520,141,129,12,12
11521,47,66,-19,19
11522,114,91,23,23
11523,137,125,12,12
11524,126,132,-6,6
11525,62,60,2,2
11526,111,104,7,7
11527,74,77,-3,3
11528,81,76,5,5
11529,160,149,11,11
11530,102,96,6,6
11531,91,82,9,9
11532,83,82,1,1
11533,72,60,12,12
11534,68,71,-3,3
11535,126,110,16,16
11536,77,78,-1,1
11537,160,136,24,24
11538,106,103,3,3
11539,81,80,1,1
11540,170,134,36,36
11541,131,122,9,9
11542,50,64,-14,14
11543,115,105,10,10
11544,70,73,-3,3
11545,109,111,-2,2
11546,72,65,7,7
11547,74,75,-1,1
11548,67,67,0,0
11549,81,76,5,5
11550,83,82,1,1
11551,105,101,4,4
11552,95,97,-2,2
11553,133,118,15,15
11554,115,121,-6,6
11555,98,89,9,9
11556,55,59,-4,4
11557,109,104,5,5
11558,50,58,-8,8
11559,145,127,18,18
11560,89,75,14,14
11561,85,83,2,2
11562,85,83,2,2
11563,65,83,-18,18
11564,86,87,-1,1
11565,105,91,14,14
11566,53,54,-1,1
11567,60,62,-2,2
11568,121,109,12,12
11569,52,62,-10,10
11570,53,57,-4,4
11571,164,149,15,15
11572,92,93,-1,1
11573,100,97,3,3
11574,111,104,7,7
11575,67,63,4,4
11576,169,151,18,18
11577,86,78,8,8
11578,51,55,-4,4
11579,96,93,3,3
11580,97,80,17,17
11581,82,68,14,14
11582,75,76,-1,1
11583,103,94,9,9
11584,91,82,9,9
11585,108,103,5,5
11586,85,86,-1,1
11587,137,127,10,10
11588,88,89,-1,1
11589,167,145,22,22
11590,65,66,-1,1
11591,92,80,12,12
11592,98,85,13,13
11593,68,67,1,1
11594,65,63,2,2
11595,60,55,5,5
11596,71,63,8,8
11597,50,53,-3,3
11598,79,81,-2,2
11599,102,93,9,9
11600,85,77,8,8
11601,69,64,5,5
11602,105,102,3,3
11603,114,105,9,9
11604,77,76,1,1
11605,70,60,10,10
11606,80,78,2,2
11607,137,135,2,2
11608,105,100,5,5
11609,83,87,-4,4
11610,95,91,4,4
11611,70,75,-5,5
11612,183,166,17,17
11613,50,55,-5,5
11614,164,152,12,12
11615,125,111,14,14
11616,90,86,4,4
11617,108,102,6,6
11618,150,140,10,10
11619,90,85,5,5
11620,73,69,4,4
11621,86,94,-8,8
11622,91,97,-6,6
11623,108,106,2,2
11624,120,106,14,14
11625,127,103,24,24
11626,65,58,7,7
11627,121,89,32,32
11628,80,71,9,9
11629,89,72,17,17
11630,81,73,8,8
11631,96,74,22,22
11632,119,110,9,9
11633,118,116,2,2
11634,128,126,2,2
11635,56,68,-12,12
11636,56,67,-11,11
11637,86,78,8,8
11638,79,74,5,5
11639,116,102,14,14
11640,69,71,-2,2
11641,111,90,21,21
11642,81,93,-12,12
11643,56,58,-2,2
11644,119,118,1,1
11645,82,71,11,11
11646,81,73,8,8
11647,136,117,19,19
11648,127,126,1,1
11649,108,112,-4,4
11650,129,124,5,5
11651,74,90,-16,16
11652,63,78,-15,15
11653,168,148,20,20
11654,100,100,0,0
11655,66,69,-3,3
11656,70,79,-9,9
11657,101,94,7,7
11658,112,98,14,14
11659,102,86,16,16
11660,124,117,7,7
11661,82,79,3,3
11662,94,90,4,4
11663,70,79,-9,9
11664,72,75,-3,3
11665,67,63,4,4
11666,117,124,-7,7
11667,47,54,-7,7
11668,110,93,17,17
11669,93,87,6,6
11670,64,61,3,3
11671,134,130,4,4
11672,66,67,-1,1
11673,69,62,7,7
11674,99,103,-4,4
11675,137,126,11,11
11676,58,61,-3,3
11677,85,76,9,9
11678,94,84,10,10
11679,104,99,5,5
11680,108,103,5,5
11681,89,83,6,6
11682,176,158,18,18
11683,88,87,1,1
11684,46,54,-8,8
11685,94,92,2,2
11686,162,150,12,12
11687,92,88,4,4
11688,96,87,9,9
11689,124,119,5,5
11690,74,82,-8,8
11691,68,72,-4,4
11692,67,66,1,1
11693,90,91,-1,1
11694,87,82,5,5
11695,86,79,7,7
11696,68,70,-2,2
11697,90,85,5,5
11698,77,78,-1,1
11699,126,105,21,21
11700,126,113,13,13
11701,94,92,2,2
11702,172,161,11,11
11703,63,85,-22,22
11704,101,92,9,9
11705,148,138,10,10
11706,87,91,-4,4
11707,127,110,17,17
11708,121,99,22,22
11709,142,135,7,7
11710,73,72,1,1
11711,71,70,1,1
11712,103,126,-23,23
11713,39,52,-13,13
11714,99,98,1,1
11715,69,65,4,4
11716,182,158,24,24
11717,138,156,-18,18
11718,142,130,12,12
11719,114,117,-3,3
11720,54,68,-14,14
11721,93,84,9,9
11722,110,101,9,9
11723,38,52,-14,14
11724,133,128,5,5
11725,143,127,16,16
11726,125,122,3,3
11727,69,66,3,3
11728,120,116,4,4
11729,121,124,-3,3
11730,71,63,8,8
11731,97,90,7,7
11732,104,96,8,8
11733,97,87,10,10
11734,47,52,-5,5
11735,184,168,16,16
11736,110,117,-7,7
11737,67,66,1,1
11738,106,101,5,5
11739,66,78,-12,12
11740,118,106,12,12
11741,81,79,2,2
11742,83,81,2,2
11743,64,72,-8,8
11744,70,58,12,12
11745,50,54,-4,4
11746,93,81,12,12
11747,157,134,23,23
11748,51,54,-3,3
11749,77,73,4,4
11750,87,79,8,8
11751,119,108,11,11
11752,115,105,10,10
11753,85,70,15,15
11754,63,77,-14,14
11755,91,94,-3,3
11756,67,63,4,4
11757,64,71,-7,7
11758,127,132,-5,5
11759,67,66,1,1
11760,71,69,2,2
11761,96,84,12,12
11762,111,107,4,4
11763,62,61,1,1
11764,77,69,8,8
11765,174,166,8,8
11766,138,124,14,14
11767,65,64,1,1
11768,116,106,10,10
11769,47,53,-6,6
11770,119,111,8,8
11771,94,81,13,13
11772,122,117,5,5
11773,92,95,-3,3
11774,148,123,25,25
11775,67,70,-3,3
11776,101,98,3,3
11777,86,83,3,3
11778,53,59,-6,6
11779,77,78,-1,1
11780,126,110,16,16
11781,74,67,7,7
11782,91,89,2,2
11783,81,81,0,0
11784,43,53,-10,10
11785,114,104,10,10
11786,79,84,-5,5
11787,96,87,9,9
11788,106,94,12,12
11789,79,85,-6,6
11790,120,126,-6,6
11791,107,103,4,4
11792,98,93,5,5
11793,47,54,-7,7
11794,76,76,0,0
11795,85,81,4,4
11796,67,76,-9,9
11797,79,75,4,4
11798,90,97,-7,7
11799,84,75,9,9
11800,152,137,15,15
11801,152,135,17,17
11802,87,82,5,5
11803,65,63,2,2
11804,83,78,5,5
11805,205,182,23,23
11806,151,142,9,9
11807,114,95,19,19
11808,83,83,0,0
11809,66,71,-5,5
11810,66,70,-4,4
11811,105,97,8,8
11812,176,155,21,21
11813,166,155,11,11
11814,185,155,30,30
11815,108,104,4,4
11816,95,90,5,5
11817,67,79,-12,12
11818,87,86,1,1
11819,82,81,1,1
11820,121,111,10,10
11821,71,74,-3,3
11822,62,66,-4,4
11823,113,88,25,25
11824,104,99,5,5
11825,68,68,0,0
11826,93,93,0,0
11827,74,64,10,10
11828,60,60,0,0
11829,80,86,-6,6
11830,70,72,-2,2
11831,75,76,-1,1
11832,76,66,10,10
11833,75,69,6,6
11834,80,67,13,13
11835,45,54,-9,9
11836,93,105,-12,12
11837,99,106,-7,7
11838,77,78,-1,1
11839,89,82,7,7
11840,143,144,-1,1
11841,83,85,-2,2
11842,102,98,4,4
11843,122,119,3,3
11844,118,106,12,12
11845,132,106,26,26
11846,102,109,-7,7
11847,75,68,7,7
11848,105,105,0,0
11849,124,115,9,9
11850,75,70,5,5
11851,47,55,-8,8
11852,130,126,4,4
11853,147,136,11,11
11854,134,120,14,14
11855,71,70,1,1
11856,72,68,4,4
11857,42,54,-12,12
11858,97,89,8,8
11859,99,105,-6,6
11860,147,141,6,6
11861,127,121,6,6
11862,65,61,4,4
11863,73,86,-13,13
11864,54,61,-7,7
11865,87,85,2,2
11866,125,126,-1,1
11867,120,119,1,1
11868,75,70,5,5
11869,101,101,0,0
11870,139,131,8,8
11871,93,84,9,9
11872,85,86,-1,1
11873,162,145,17,17
11874,158,148,10,10
11875,234,188,46,46
11876,76,74,2,2
11877,68,63,5,5
11878,60,58,2,2
11879,115,101,14,14
11880,92,88,4,4
11881,99,76,23,23
11882,95,88,7,7
11883,69,79,-10,10
11884,53,58,-5,5
11885,100,93,7,7
11886,157,143,14,14
11887,103,94,9,9
11888,117,112,5,5
11889,100,92,8,8
11890,95,87,8,8
11891,146,126,20,20
11892,97,88,9,9
11893,49,56,-7,7
11894,83,83,0,0
11895,89,78,11,11
11896,97,97,0,0
11897,98,96,2,2
11898,99,95,4,4
11899,52,58,-6,6
11900,92,88,4,4
11901,128,130,-2,2
11902,60,55,5,5
11903,47,54,-7,7
11904,106,96,10,10
11905,78,66,12,12
11906,143,141,2,2
11907,90,83,7,7
11908,125,115,10,10
11909,80,86,-6,6
11910,114,104,10,10
11911,161,141,20,20
11912,120,109,11,11
11913,41,68,-27,27
11914,38,52,-14,14
11915,105,109,-4,4
11916,48,53,-5,5
11917,58,58,0,0
11918,112,104,8,8
11919,59,60,-1,1
11920,76,75,1,1
11921,118,113,5,5
11922,77,69,8,8
11923,51,56,-5,5
11924,76,66,10,10
11925,56,57,-1,1
11926,40,53,-13,13
11927,69,66,3,3
11928,77,74,3,3
11929,91,91,0,0
11930,149,138,11,11
11931,110,102,8,8
11932,115,115,0,0
11933,117,108,9,9
11934,93,86,7,7
11935,31,58,-27,27
11936,111,118,-7,7
11937,79,84,-5,5
11938,72,70,2,2
11939,44,54,-10,10
11940,89,86,3,3
11941,51,54,-3,3
11942,186,176,10,10
11943,144,124,20,20
11944,98,88,10,10
11945,68,65,3,3
11946,82,81,1,1
11947,110,102,8,8
11948,101,75,26,26
11949,73,72,1,1
11950,106,103,3,3
11951,50,54,-4,4
11952,128,118,10,10
11953,82,84,-2,2
11954,39,61,-22,22
11955,57,57,0,0
11956,100,95,5,5
11957,132,126,6,6
11958,58,61,-3,3
11959,65,60,5,5
11960,46,54,-8,8
11961,90,85,5,5
11962,132,120,12,12
11963,84,85,-1,1
11964,95,88,7,7
11965,152,145,7,7
11966,67,65,2,2
11967,96,102,-6,6
11968,78,78,0,0
11969,99,85,14,14
11970,71,73,-2,2
11971,116,105,11,11
11972,122,119,3,3
11973,81,76,5,5
11974,42,54,-12,12
11975,121,116,5,5
11976,144,130,14,14
11977,190,180,10,10
11978,132,122,10,10
11979,112,95,17,17
11980,106,85,21,21
11981,104,92,12,12
11982,79,72,7,7
11983,81,79,2,2
11984,92,107,-15,15
11985,55,56,-1,1
11986,85,73,12,12
11987,72,68,4,4
11988,48,52,-4,4
11989,92,101,-9,9
11990,44,52,-8,8
11991,112,102,10,10
11992,118,108,10,10
11993,74,77,-3,3
11994,102,88,14,14
11995,93,100,-7,7
11996,113,99,14,14
11997,89,89,0,0
11998,133,125,8,8
11999,45,54,-9,9
12000,53,54,-1,1
12001,139,130,9,9
12002,61,60,1,1
12003,85,98,-13,13
12004,67,64,3,3
12005,81,72,9,9
12006,33,53,-20,20
12007,74,75,-1,1
12008,81,77,4,4
12009,81,79,2,2
12010,114,107,7,7
12011,158,153,5,5
12012,59,65,-6,6
12013,60,64,-4,4
12014,111,101,10,10
12015,102,96,6,6
12016,89,76,13,13
12017,80,73,7,7
12018,73,75,-2,2
12019,53,53,0,0
12020,124,116,8,8
12021,108,101,7,7
12022,101,85,16,16
12023,93,94,-1,1
12024,69,66,3,3
12025,111,111,0,0
12026,74,75,-1,1
12027,80,76,4,4
12028,101,90,11,11
12029,127,135,-8,8
12030,78,72,6,6
12031,143,143,0,0
12032,114,121,-7,7
12033,49,71,-22,22
12034,115,115,0,0
12035,103,87,16,16
12036,84,86,-2,2
12037,88,87,1,1
12038,92,87,5,5
12039,108,107,1,1
12040,90,84,6,6
12041,65,65,0,0
12042,60,59,1,1
12043,72,71,1,1
12044,129,135,-6,6
12045,76,71,5,5
12046,109,112,-3,3
12047,88,96,-8,8
12048,60,59,1,1
12049,47,53,-6,6
12050,100,90,10,10
12051,117,121,-4,4
12052,125,109,16,16
12053,113,100,13,13
12054,54,56,-2,2
12055,111,110,1,1
12056,156,137,19,19
12057,110,102,8,8
12058,82,86,-4,4
12059,114,102,12,12
12060,68,72,-4,4
12061,66,76,-10,10
12062,90,89,1,1
12063,63,62,1,1
12064,100,97,3,3
12065,66,67,-1,1
12066,141,130,11,11
12067,79,74,5,5
12068,104,86,18,18
12069,140,124,16,16
12070,72,72,0,0
12071,39,53,-14,14
12072,118,108,10,10
12073,97,83,14,14
12074,95,103,-8,8
12075,86,86,0,0
12076,90,85,5,5
12077,86,94,-8,8
12078,95,90,5,5
12079,118,106,12,12
12080,94,85,9,9
12081,130,127,3,3
12082,58,58,0,0
12083,121,121,0,0
12084,125,123,2,2
12085,150,143,7,7
12086,102,95,7,7
12087,122,107,15,15
12088,109,102,7,7
12089,74,76,-2,2
12090,93,81,12,12
12091,53,56,-3,3
12092,117,119,-2,2
12093,93,92,1,1
12094,191,185,6,6
12095,142,115,27,27
12096,123,104,19,19
12097,83,85,-2,2
12098,127,117,10,10
12099,83,81,2,2
12100,85,78,7,7
12101,83,83,0,0
12102,94,83,11,11
12103,164,147,17,17
12104,72,63,9,9
12105,76,70,6,6
12106,122,104,18,18
12107,59,53,6,6
12108,87,84,3,3
12109,88,70,18,18
12110,61,60,1,1
12111,154,136,18,18
12112,159,141,18,18
12113,163,141,22,22
12114,104,94,10,10
12115,121,120,1,1
12116,116,104,12,12
12117,98,94,4,4
12118,84,87,-3,3
12119,42,54,-12,12
12120,78,73,5,5
12121,99,109,-10,10
12122,77,89,-12,12
12123,189,164,25,25
12124,66,77,-11,11
12125,144,141,3,3
12126,196,172,24,24
12127,107,100,7,7
12128,68,69,-1,1
12129,88,79,9,9
12130,36,52,-16,16
12131,107,100,7,7
12132,123,105,18,18
12133,62,63,-1,1
12134,207,183,24,24
12135,89,84,5,5
12136,74,74,0,0
12137,87,83,4,4
12138,135,126,9,9
12139,72,65,7,7
12140,183,137,46,46
12141,118,120,-2,2
12142,110,81,29,29
12143,111,106,5,5
12144,122,106,16,16
12145,90,91,-1,1
12146,121,116,5,5
12147,58,64,-6,6
12148,126,120,6,6
12149,105,96,9,9
12150,109,104,5,5
12151,71,74,-3,3
12152,148,136,12,12
12153,95,93,2,2
12154,103,97,6,6
12155,90,88,2,2
12156,77,74,3,3
12157,126,115,11,11
12158,141,131,10,10
12159,134,118,16,16
12160,49,53,-4,4
12161,99,95,4,4
12162,130,116,14,14
12163,74,68,6,6
12164,64,62,2,2
12165,196,170,26,26
12166,106,110,-4,4
12167,100,98,2,2
12168,88,84,4,4
12169,116,107,9,9
12170,107,107,0,0
12171,128,123,5,5
12172,93,79,14,14
12173,150,128,22,22
12174,92,81,11,11
12175,96,84,12,12
12176,115,108,7,7
12177,111,98,13,13
12178,87,87,0,0
12179,69,70,-1,1
12180,139,144,-5,5
12181,104,100,4,4
12182,115,114,1,1
12183,114,104,10,10
12184,58,63,-5,5
12185,77,73,4,4
12186,79,84,-5,5
12187,114,109,5,5
12188,111,114,-3,3
12189,102,97,5,5
12190,161,149,12,12
12191,197,175,22,22
12192,72,62,10,10
12193,142,134,8,8
12194,49,64,-15,15
12195,63,63,0,0
12196,135,130,5,5
12197,192,162,30,30
12198,47,53,-6,6
12199,110,105,5,5
12200,71,69,2,2
12201,108,109,-1,1
12202,137,138,-1,1
12203,128,115,13,13
12204,137,132,5,5
12205,148,139,9,9
12206,82,82,0,0
12207,70,77,-7,7
12208,60,58,2,2
12209,115,105,10,10
12210,76,72,4,4
12211,86,77,9,9
12212,97,94,3,3
12213,122,112,10,10
12214,104,94,10,10
12215,149,149,0,0
12216,73,71,2,2
12217,88,82,6,6
12218,93,85,8,8
12219,94,88,6,6
12220,110,99,11,11
12221,56,68,-12,12
12222,66,66,0,0
12223,73,74,-1,1
12224,96,97,-1,1
12225,121,108,13,13
12226,122,120,2,2
12227,94,89,5,5
12228,88,97,-9,9
12229,130,129,1,1
12230,63,65,-2,2
12231,141,126,15,15
12232,54,61,-7,7
12233,73,72,1,1
12234,71,69,2,2
12235,95,84,11,11
12236,121,104,17,17
12237,73,70,3,3
12238,125,121,4,4
12239,67,75,-8,8
12240,121,113,8,8
12241,109,105,4,4
12242,64,65,-1,1
12243,96,89,7,7
12244,119,127,-8,8
12245,93,94,-1,1
12246,75,73,2,2
12247,95,92,3,3
12248,66,68,-2,2
12249,99,94,5,5
12250,47,54,-7,7
12251,84,94,-10,10
12252,165,195,-30,30
12253,97,87,10,10
12254,73,76,-3,3
12255,37,55,-18,18
12256,104,92,12,12
12257,71,70,1,1
12258,65,64,1,1
12259,66,55,11,11
12260,63,59,4,4
12261,96,97,-1,1
12262,130,120,10,10
12263,141,134,7,7
12264,86,99,-13,13
12265,108,107,1,1
12266,128,112,16,16
12267,118,106,12,12
12268,83,74,9,9
12269,68,66,2,2
12270,84,82,2,2
12271,105,96,9,9
12272,61,73,-12,12
12273,73,74,-1,1
12274,65,65,0,0
12275,131,105,26,26
12276,118,108,10,10
12277,93,91,2,2
12278,76,70,6,6
12279,75,69,6,6
12280,65,68,-3,3
12281,70,62,8,8
12282,140,134,6,6
12283,95,88,7,7
12284,145,120,25,25
12285,82,70,12,12
12286,185,161,24,24
12287,71,68,3,3
12288,100,104,-4,4
12289,99,88,11,11
12290,64,64,0,0
12291,65,67,-2,2
12292,51,55,-4,4
12293,79,90,-11,11
12294,50,57,-7,7
12295,128,131,-3,3
12296,109,98,11,11
12297,106,86,20,20
12298,50,53,-3,3
12299,126,116,10,10
12300,105,99,6,6
12301,39,54,-15,15
12302,70,64,6,6
12303,134,95,39,39
12304,46,52,-6,6
12305,81,81,0,0
12306,115,109,6,6
12307,56,64,-8,8
12308,90,83,7,7
12309,107,99,8,8
12310,38,52,-14,14
12311,112,99,13,13
12312,86,84,2,2
12313,102,98,4,4
12314,81,84,-3,3
12315,133,122,11,11
12316,65,61,4,4
12317,67,73,-6,6
12318,63,64,-1,1
12319,105,95,10,10
12320,81,80,1,1
12321,97,98,-1,1
12322,96,98,-2,2
12323,113,126,-13,13
12324,91,90,1,1
12325,67,76,-9,9
12326,85,81,4,4
12327,102,100,2,2
12328,76,73,3,3
12329,190,182,8,8
12330,63,65,-2,2
12331,87,70,17,17
12332,140,128,12,12
12333,113,98,15,15
12334,102,98,4,4
12335,62,54,8,8
12336,57,55,2,2
12337,48,63,-15,15
12338,62,56,6,6
12339,94,104,-10,10
12340,95,101,-6,6
12341,183,163,20,20
12342,80,79,1,1
12343,164,153,11,11
12344,66,67,-1,1
12345,67,77,-10,10
12346,103,96,7,7
12347,69,77,-8,8
12348,118,113,5,5
12349,78,71,7,7
12350,66,63,3,3
12351,94,89,5,5
12352,92,92,0,0
12353,142,126,16,16
12354,55,63,-8,8
12355,101,99,2,2
12356,79,70,9,9
12357,122,123,-1,1
12358,123,106,17,17
12359,38,52,-14,14
12360,65,74,-9,9
12361,138,117,21,21
12362,76,71,5,5
12363,114,111,3,3
12364,79,82,-3,3
12365,114,102,12,12
12366,68,67,1,1
12367,78,75,3,3
12368,93,93,0,0
12369,103,103,0,0
12370,163,133,30,30
12371,101,103,-2,2
12372,126,118,8,8
12373,67,62,5,5
12374,78,76,2,2
12375,116,109,7,7
12376,128,124,4,4
12377,91,82,9,9
12378,142,125,17,17
12379,65,63,2,2
12380,145,150,-5,5
12381,61,57,4,4
12382,136,118,18,18
12383,84,77,7,7
12384,98,88,10,10
12385,87,86,1,1
12386,107,104,3,3
12387,115,124,-9,9
12388,106,95,11,11
12389,93,93,0,0
12390,80,69,11,11
12391,130,113,17,17
12392,115,102,13,13
12393,97,105,-8,8
12394,92,90,2,2
12395,88,84,4,4
12396,66,63,3,3
12397,66,63,3,3
12398,87,87,0,0
12399,106,100,6,6
12400,70,76,-6,6
12401,180,156,24,24
12402,87,95,-8,8
12403,89,79,10,10
12404,92,95,-3,3
12405,125,106,19,19
12406,88,97,-9,9
12407,109,103,6,6
12408,35,54,-19,19
12409,67,73,-6,6
12410,117,109,8,8
12411,190,166,24,24
12412,114,110,4,4
12413,137,128,9,9
12414,138,142,-4,4
12415,129,131,-2,2
12416,106,86,20,20
12417,63,65,-2,2
12418,58,62,-4,4
12419,57,61,-4,4
12420,86,86,0,0
12421,104,94,10,10
12422,97,95,2,2
12423,101,97,4,4
12424,137,122,15,15
12425,64,56,8,8
12426,176,186,-10,10
12427,93,83,10,10
12428,120,111,9,9
12429,108,104,4,4
12430,70,68,2,2
12431,97,88,9,9
12432,83,87,-4,4
12433,83,75,8,8
12434,150,151,-1,1
12435,64,64,0,0
12436,89,79,10,10
12437,96,91,5,5
12438,114,107,7,7
12439,119,117,2,2
12440,61,59,2,2
12441,96,90,6,6
12442,105,101,4,4
12443,61,58,3,3
12444,141,130,11,11
12445,86,79,7,7
12446,87,84,3,3
12447,90,77,13,13
12448,105,105,0,0
12449,91,82,9,9
12450,111,113,-2,2
12451,76,74,2,2
12452,87,85,2,2
12453,91,92,-1,1
12454,107,111,-4,4
12455,110,105,5,5
12456,124,126,-2,2
12457,128,116,12,12
12458,109,104,5,5
12459,71,66,5,5
12460,87,74,13,13
12461,148,138,10,10
12462,107,97,10,10
12463,134,125,9,9
12464,23,51,-28,28
12465,119,127,-8,8
12466,91,81,10,10
12467,25,59,-34,34
12468,61,70,-9,9
12469,101,96,5,5
12470,72,67,5,5
12471,95,98,-3,3
12472,47,52,-5,5
12473,97,93,4,4
12474,81,78,3,3
12475,59,55,4,4
12476,77,68,9,9
12477,138,118,20,20
12478,120,114,6,6
12479,136,133,3,3
12480,79,79,0,0
12481,63,62,1,1
12482,102,97,5,5
12483,158,138,20,20
12484,73,75,-2,2
12485,53,53,0,0
12486,83,83,0,0
12487,155,130,25,25
12488,139,118,21,21
12489,93,82,11,11
12490,128,127,1,1
12491,98,106,-8,8
12492,96,87,9,9
12493,153,135,18,18
12494,104,100,4,4
12495,115,96,19,19
12496,72,71,1,1
12497,90,84,6,6
12498,127,131,-4,4
12499,112,123,-11,11
12500,64,70,-6,6
12501,73,65,8,8
12502,72,76,-4,4
12503,73,85,-12,12
12504,56,56,0,0
12505,106,96,10,10
12506,144,128,16,16
12507,47,68,-21,21
12508,147,137,10,10
12509,95,88,7,7
12510,76,81,-5,5
12511,128,123,5,5
12512,81,69,12,12
12513,79,81,-2,2
12514,86,82,4,4
12515,44,54,-10,10
12516,87,87,0,0
12517,102,101,1,1
12518,116,113,3,3
12519,105,100,5,5
12520,113,120,-7,7
12521,152,133,19,19
12522,175,163,12,12
12523,70,67,3,3
12524,173,158,15,15
12525,87,78,9,9
12526,102,93,9,9
12527,88,87,1,1
12528,76,71,5,5
12529,110,98,12,12
12530,99,99,0,0
12531,71,68,3,3
12532,75,73,2,2
12533,105,99,6,6
12534,153,150,3,3
12535,100,110,-10,10
12536,90,82,8,8
12537,83,96,-13,13
12538,82,82,0,0
12539,49,56,-7,7
12540,69,67,2,2
12541,113,109,4,4
12542,63,62,1,1
12543,58,59,-1,1
12544,65,64,1,1
12545,145,136,9,9
12546,50,53,-3,3
12547,83,88,-5,5
12548,100,95,5,5
12549,76,72,4,4
12550,72,74,-2,2
12551,71,88,-17,17
12552,106,98,8,8
12553,127,132,-5,5
12554,96,89,7,7
12555,67,66,1,1
12556,140,132,8,8
12557,56,56,0,0
12558,108,103,5,5
12559,94,82,12,12
12560,59,57,2,2
12561,84,85,-1,1
12562,96,94,2,2
12563,92,102,-10,10
12564,186,175,11,11
12565,62,60,2,2
12566,164,144,20,20
12567,49,54,-5,5
12568,62,61,1,1
12569,50,61,-11,11
12570,128,123,5,5
12571,57,61,-4,4
12572,69,65,4,4
12573,48,56,-8,8
12574,132,118,14,14
12575,140,136,4,4
12576,107,99,8,8
12577,80,79,1,1
12578,78,75,3,3
12579,140,116,24,24
12580,78,76,2,2
12581,123,105,18,18
12582,87,90,-3,3
12583,91,103,-12,12
12584,119,125,-6,6
12585,107,102,5,5
12586,52,59,-7,7
12587,61,70,-9,9
12588,102,90,12,12
12589,79,71,8,8
12590,81,74,7,7
12591,72,67,5,5
12592,74,82,-8,8
12593,73,63,10,10
12594,114,84,30,30
12595,127,118,9,9
12596,92,76,16,16
12597,118,120,-2,2
12598,115,179,-64,64
12599,73,69,4,4
12600,93,91,2,2
12601,70,67,3,3
12602,73,68,5,5
12603,107,115,-8,8
12604,96,95,1,1
12605,101,82,19,19
12606,76,86,-10,10
12607,85,74,11,11
12608,111,107,4,4
12609,42,54,-12,12
12610,69,66,3,3
12611,97,84,13,13
12612,90,82,8,8
12613,96,90,6,6
12614,114,129,-15,15
12615,121,111,10,10
12616,68,69,-1,1
12617,45,54,-9,9
12618,73,70,3,3
12619,109,101,8,8
12620,175,160,15,15
12621,90,80,10,10
12622,70,68,2,2
12623,85,83,2,2
12624,62,65,-3,3
12625,89,91,-2,2
12626,132,121,11,11
12627,155,136,19,19
12628,99,99,0,0
12629,60,57,3,3
12630,110,99,11,11
12631,87,82,5,5
12632,98,104,-6,6
12633,80,89,-9,9
12634,127,119,8,8
12635,172,152,20,20
12636,181,158,23,23
12637,130,113,17,17
12638,76,71,5,5
12639,86,79,7,7
12640,105,98,7,7
12641,105,109,-4,4
12642,56,66,-10,10
12643,65,68,-3,3
12644,42,54,-12,12
12645,120,107,13,13
12646,65,61,4,4
12647,76,78,-2,2
12648,134,120,14,14
12649,28,65,-37,37
12650,96,89,7,7
12651,92,89,3,3
12652,53,54,-1,1
12653,66,59,7,7
12654,79,72,7,7
12655,101,109,-8,8
12656,78,93,-15,15
12657,88,92,-4,4
12658,136,123,13,13
12659,142,134,8,8
12660,73,68,5,5
12661,97,84,13,13
12662,80,70,10,10
12663,51,54,-3,3
12664,69,76,-7,7
12665,52,53,-1,1
12666,57,56,1,1
12667,100,110,-10,10
12668,147,138,9,9
12669,129,124,5,5
12670,92,98,-6,6
12671,107,90,17,17
12672,99,103,-4,4
12673,89,90,-1,1
12674,58,57,1,1
12675,103,87,16,16
12676,33,54,-21,21
12677,103,88,15,15
12678,88,89,-1,1
12679,81,79,2,2
12680,53,55,-2,2
12681,70,78,-8,8
12682,32,53,-21,21
12683,88,81,7,7
12684,99,111,-12,12
12685,110,104,6,6
12686,78,76,2,2
12687,99,96,3,3
12688,46,57,-11,11
12689,136,113,23,23
12690,75,68,7,7
12691,117,97,20,20
12692,93,78,15,15
12693,132,124,8,8
12694,70,70,0,0
12695,69,71,-2,2
12696,49,54,-5,5
12697,71,68,3,3
12698,118,111,7,7
12699,97,94,3,3
12700,76,87,-11,11
12701,195,151,44,44
12702,128,117,11,11
12703,66,59,7,7
12704,120,116,4,4
12705,73,74,-1,1
12706,62,67,-5,5
12707,104,87,17,17
12708,94,98,-4,4
12709,94,84,10,10
12710,110,95,15,15
12711,96,89,7,7
12712,107,97,10,10
12713,77,81,-4,4
12714,91,96,-5,5
12715,63,56,7,7
12716,128,107,21,21
12717,77,75,2,2
12718,67,71,-4,4
12719,124,107,17,17
12720,94,89,5,5
12721,64,62,2,2
12722,74,73,1,1
12723,88,87,1,1
12724,70,70,0,0
12725,78,75,3,3
12726,66,74,-8,8
12727,104,104,0,0
12728,134,138,-4,4
12729,92,85,7,7
12730,74,66,8,8
12731,93,86,7,7
12732,98,90,8,8
12733,100,89,11,11
12734,87,87,0,0
12735,101,93,8,8
12736,49,55,-6,6
12737,121,110,11,11
12738,84,93,-9,9
12739,158,147,11,11
12740,115,101,14,14
12741,125,109,16,16
12742,53,53,0,0
12743,80,83,-3,3
12744,68,65,3,3
12745,103,95,8,8
12746,107,103,4,4
12747,77,86,-9,9
12748,100,103,-3,3
12749,120,118,2,2
12750,91,87,4,4
12751,77,59,18,18
12752,132,119,13,13
12753,131,120,11,11
12754,43,60,-17,17
12755,45,54,-9,9
12756,124,111,13,13
12757,86,77,9,9
12758,107,98,9,9
12759,82,86,-4,4
12760,204,180,24,24
12761,107,98,9,9
12762,120,119,1,1
12763,140,129,11,11
12764,153,136,17,17
12765,83,79,4,4
12766,47,53,-6,6
12767,91,81,10,10
12768,68,54,14,14
12769,56,56,0,0
12770,77,80,-3,3
12771,37,53,-16,16
12772,117,105,12,12
12773,85,79,6,6
12774,101,93,8,8
12775,67,74,-7,7
12776,118,124,-6,6
12777,56,64,-8,8
12778,68,63,5,5
12779,65,76,-11,11
12780,105,97,8,8
12781,102,103,-1,1
12782,116,104,12,12
12783,69,66,3,3
12784,79,75,4,4
12785,105,99,6,6
12786,101,75,26,26
12787,106,89,17,17
12788,89,81,8,8
12789,77,75,2,2
12790,116,112,4,4
12791,111,99,12,12
12792,91,76,15,15
12793,74,67,7,7
12794,96,91,5,5
12795,119,122,-3,3
12796,124,113,11,11
12797,83,76,7,7
12798,59,65,-6,6
12799,87,82,5,5
12800,55,58,-3,3
12801,121,118,3,3
12802,94,88,6,6
12803,90,85,5,5
12804,181,161,20,20
12805,93,81,12,12
12806,72,71,1,1
12807,92,90,2,2
12808,153,139,14,14
12809,55,56,-1,1
12810,61,64,-3,3
12811,99,90,9,9
12812,82,82,0,0
12813,102,90,12,12
12814,148,140,8,8
12815,112,110,2,2
12816,172,162,10,10
12817,133,124,9,9
12818,97,97,0,0
12819,70,74,-4,4
12820,70,76,-6,6
12821,98,82,16,16
12822,96,103,-7,7
12823,69,66,3,3
12824,90,81,9,9
12825,138,126,12,12
12826,132,124,8,8
12827,153,150,3,3
12828,86,70,16,16
12829,108,97,11,11
12830,80,86,-6,6
12831,154,132,22,22
12832,116,118,-2,2
12833,103,93,10,10
12834,104,105,-1,1
12835,116,107,9,9
12836,107,89,18,18
12837,96,87,9,9
12838,90,89,1,1
12839,50,57,-7,7
12840,104,99,5,5
12841,72,65,7,7
12842,106,95,11,11
12843,87,82,5,5
12844,124,119,5,5
12845,27,52,-25,25
12846,133,117,16,16
12847,122,108,14,14
12848,124,134,-10,10
12849,89,91,-2,2
12850,97,119,-22,22
12851,84,87,-3,3
12852,140,138,2,2
12853,136,122,14,14
12854,20,51,-31,31
12855,93,94,-1,1
12856,85,84,1,1
12857,74,74,0,0
12858,103,89,14,14
12859,75,75,0,0
12860,46,54,-8,8
12861,84,102,-18,18
12862,75,73,2,2
12863,53,56,-3,3
12864,52,76,-24,24
12865,87,87,0,0
12866,109,94,15,15
12867,105,91,14,14
12868,67,66,1,1
12869,154,128,26,26
12870,84,83,1,1
12871,128,118,10,10
12872,113,114,-1,1
12873,87,76,11,11
12874,101,101,0,0
12875,96,96,0,0
12876,39,53,-14,14
12877,133,125,8,8
12878,191,183,8,8
12879,60,60,0,0
12880,125,114,11,11
12881,75,76,-1,1
12882,40,55,-15,15
12883,103,92,11,11
12884,79,76,3,3
12885,185,170,15,15
12886,124,114,10,10
12887,109,111,-2,2
12888,89,96,-7,7
12889,67,65,2,2
12890,47,56,-9,9
12891,76,67,9,9
12892,122,122,0,0
12893,106,95,11,11
12894,142,120,22,22
12895,96,78,18,18
12896,52,54,-2,2
12897,96,93,3,3
12898,117,118,-1,1
12899,69,72,-3,3
12900,89,81,8,8
12901,72,69,3,3
12902,180,163,17,17
12903,94,86,8,8
12904,53,57,-4,4
12905,93,96,-3,3
12906,161,140,21,21
12907,137,130,7,7
12908,129,122,7,7
12909,89,80,9,9
12910,102,96,6,6
12911,159,150,9,9
12912,67,67,0,0
12913,67,74,-7,7
12914,97,91,6,6
12915,71,65,6,6
12916,153,147,6,6
12917,100,95,5,5
12918,92,97,-5,5
12919,79,83,-4,4
12920,79,79,0,0
12921,73,66,7,7
12922,133,128,5,5
12923,51,54,-3,3
12924,139,123,16,16
12925,115,117,-2,2
12926,89,87,2,2
12927,124,121,3,3
12928,90,84,6,6
12929,128,121,7,7
12930,131,118,13,13
12931,71,66,5,5
12932,113,104,9,9
12933,127,127,0,0
12934,61,64,-3,3
12935,113,110,3,3
12936,112,83,29,29
12937,75,70,5,5
12938,125,106,19,19
12939,73,73,0,0
12940,100,107,-7,7
12941,187,167,20,20
12942,101,91,10,10
12943,103,89,14,14
12944,99,105,-6,6
12945,65,62,3,3
12946,116,108,8,8
12947,97,107,-10,10
12948,83,85,-2,2
12949,90,98,-8,8
12950,101,96,5,5
12951,97,99,-2,2
12952,107,104,3,3
12953,119,126,-7,7
12954,78,69,9,9
12955,79,79,0,0
12956,74,76,-2,2
12957,150,137,13,13
12958,83,90,-7,7
12959,131,135,-4,4
12960,68,72,-4,4
12961,222,182,40,40
12962,88,80,8,8
12963,109,99,10,10
12964,149,143,6,6
12965,82,89,-7,7
12966,33,53,-20,20
12967,97,103,-6,6
12968,88,84,4,4
12969,127,124,3,3
12970,70,69,1,1
12971,86,81,5,5
12972,63,60,3,3
12973,101,95,6,6
12974,85,82,3,3
12975,97,83,14,14
12976,68,66,2,2
12977,79,89,-10,10
12978,182,164,18,18
12979,68,70,-2,2
12980,68,67,1,1
12981,81,75,6,6
12982,118,105,13,13
12983,93,88,5,5
12984,117,96,21,21
12985,144,133,11,11
12986,134,116,18,18
12987,69,65,4,4
12988,133,125,8,8
12989,88,89,-1,1
12990,63,58,5,5
12991,116,112,4,4
12992,113,119,-6,6
12993,103,92,11,11
12994,127,108,19,19
12995,116,114,2,2
12996,114,105,9,9
12997,123,111,12,12
12998,72,66,6,6
12999,107,97,10,10
13000,121,104,17,17
13001,100,84,16,16
13002,87,87,0,0
13003,102,90,12,12
13004,155,157,-2,2
13005,72,77,-5,5
13006,84,84,0,0
13007,86,90,-4,4
13008,115,114,1,1
13009,100,95,5,5
13010,81,69,12,12
13011,51,56,-5,5
13012,54,54,0,0
13013,86,81,5,5
13014,92,86,6,6
13015,60,63,-3,3
13016,112,109,3,3
13017,92,85,7,7
13018,87,85,2,2
13019,95,92,3,3
13020,80,74,6,6
13021,139,134,5,5
13022,103,93,10,10
13023,120,125,-5,5
13024,75,81,-6,6
13025,51,52,-1,1
13026,76,69,7,7
13027,67,71,-4,4
13028,165,153,12,12
13029,84,87,-3,3
13030,83,86,-3,3
13031,61,56,5,5
13032,159,146,13,13
13033,64,73,-9,9
13034,140,132,8,8
13035,65,76,-11,11
13036,68,70,-2,2
13037,67,57,10,10
13038,87,87,0,0
13039,109,107,2,2
13040,116,109,7,7
13041,94,108,-14,14
13042,135,120,15,15
13043,77,72,5,5
13044,55,54,1,1
13045,61,58,3,3
13046,73,73,0,0
13047,139,115,24,24
13048,106,113,-7,7
13049,78,83,-5,5
13050,74,62,12,12
13051,99,91,8,8
13052,88,90,-2,2
13053,93,81,12,12
13054,69,64,5,5
13055,235,198,37,37
13056,83,84,-1,1
13057,101,81,20,20
13058,66,71,-5,5
13059,58,58,0,0
13060,119,118,1,1
13061,129,120,9,9
13062,82,78,4,4
13063,168,153,15,15
13064,72,72,0,0
13065,125,111,14,14
13066,82,75,7,7
13067,97,86,11,11
13068,56,63,-7,7
13069,123,133,-10,10
13070,79,70,9,9
13071,84,77,7,7
13072,112,104,8,8
13073,80,82,-2,2
13074,106,102,4,4
13075,60,64,-4,4
13076,72,72,0,0
13077,96,100,-4,4
13078,60,59,1,1
13079,117,93,24,24
13080,66,73,-7,7
13081,78,78,0,0
13082,55,56,-1,1
13083,164,140,24,24
13084,184,161,23,23
13085,78,78,0,0
13086,61,65,-4,4
13087,109,122,-13,13
13088,101,100,1,1
13089,79,76,3,3
13090,51,54,-3,3
13091,64,61,3,3
13092,62,61,1,1
13093,144,134,10,10
13094,57,59,-2,2
13095,50,54,-4,4
13096,81,76,5,5
13097,99,96,3,3
13098,97,95,2,2
13099,129,112,17,17
13100,104,96,8,8
13101,93,97,-4,4
13102,84,76,8,8
13103,90,88,2,2
13104,112,114,-2,2
13105,69,67,2,2
13106,69,71,-2,2
13107,107,88,19,19
13108,145,124,21,21
13109,84,73,11,11
13110,51,55,-4,4
13111,100,89,11,11
13112,82,85,-3,3
13113,71,82,-11,11
13114,104,94,10,10
13115,67,75,-8,8
13116,89,89,0,0
13117,61,68,-7,7
13118,74,79,-5,5
13119,101,103,-2,2
13120,67,71,-4,4
13121,72,74,-2,2
13122,70,65,5,5
13123,158,150,8,8
13124,94,90,4,4
13125,84,76,8,8
13126,120,115,5,5
13127,152,143,9,9
13128,137,124,13,13
13129,82,88,-6,6
13130,116,105,11,11
13131,112,102,10,10
13132,99,90,9,9
13133,150,144,6,6
13134,66,60,6,6
13135,81,71,10,10
13136,50,54,-4,4
13137,133,129,4,4
13138,65,65,0,0
13139,65,63,2,2
13140,80,78,2,2
13141,53,53,0,0
13142,108,97,11,11
13143,80,62,18,18
13144,126,126,0,0
13145,73,76,-3,3
13146,58,55,3,3
13147,80,75,5,5
13148,62,62,0,0
13149,64,65,-1,1
13150,55,56,-1,1
13151,81,78,3,3
13152,97,96,1,1
13153,78,69,9,9
13154,101,85,16,16
13155,72,78,-6,6
13156,112,105,7,7
13157,84,81,3,3
13158,68,71,-3,3
13159,102,103,-1,1
13160,117,123,-6,6
13161,88,81,7,7
13162,127,110,17,17
13163,64,61,3,3
13164,87,85,2,2
13165,80,78,2,2
13166,101,85,16,16
13167,122,112,10,10
13168,67,61,6,6
13169,131,125,6,6
13170,97,92,5,5
13171,135,113,22,22
13172,88,85,3,3
13173,115,124,-9,9
13174,134,117,17,17
13175,116,112,4,4
13176,79,79,0,0
13177,45,52,-7,7
13178,100,97,3,3
13179,85,102,-17,17
13180,63,67,-4,4
13181,89,85,4,4
13182,76,72,4,4
13183,138,121,17,17
13184,123,121,2,2
13185,74,79,-5,5
13186,43,57,-14,14
13187,66,71,-5,5
13188,86,103,-17,17
13189,115,123,-8,8
13190,30,63,-33,33
13191,66,67,-1,1
13192,208,169,39,39
13193,90,82,8,8
13194,71,64,7,7
13195,94,82,12,12
13196,171,153,18,18
13197,55,55,0,0
13198,43,55,-12,12
13199,67,70,-3,3
13200,143,117,26,26
13201,98,94,4,4
13202,100,94,6,6
13203,108,99,9,9
13204,91,76,15,15
13205,131,121,10,10
13206,79,64,15,15
13207,153,149,4,4
13208,37,52,-15,15
13209,46,53,-7,7
13210,241,202,39,39
13211,89,84,5,5
13212,72,65,7,7
13213,100,89,11,11
13214,83,81,2,2
13215,98,98,0,0
13216,128,119,9,9
13217,162,115,47,47
13218,81,76,5,5
13219,98,93,5,5
13220,70,74,-4,4
13221,182,160,22,22
13222,71,69,2,2
13223,173,165,8,8
13224,54,54,0,0
13225,66,65,1,1
13226,85,77,8,8
13227,93,91,2,2
13228,71,109,-38,38
13229,163,155,8,8
13230,86,80,6,6
13231,74,68,6,6
13232,148,138,10,10
13233,112,106,6,6
13234,90,75,15,15
13235,64,58,6,6
13236,78,92,-14,14
13237,115,117,-2,2
13238,105,93,12,12
13239,90,87,3,3
13240,117,109,8,8
13241,103,88,15,15
13242,139,147,-8,8
13243,107,109,-2,2
13244,118,127,-9,9
13245,94,80,14,14
13246,56,55,1,1
13247,97,90,7,7
13248,77,68,9,9
13249,117,91,26,26
13250,125,122,3,3
13251,67,70,-3,3
13252,73,68,5,5
13253,152,135,17,17
13254,73,68,5,5
13255,121,113,8,8
13256,166,153,13,13
13257,90,85,5,5
13258,96,100,-4,4
13259,149,149,0,0
13260,61,65,-4,4
13261,144,130,14,14
13262,121,118,3,3
13263,131,113,18,18
13264,58,54,4,4
13265,51,56,-5,5
13266,54,68,-14,14
13267,72,70,2,2
13268,99,101,-2,2
13269,124,106,18,18
13270,105,102,3,3
13271,100,93,7,7
13272,153,147,6,6
13273,76,79,-3,3
13274,120,107,13,13
13275,94,90,4,4
13276,85,75,10,10
13277,84,86,-2,2
13278,53,65,-12,12
13279,106,105,1,1
13280,108,109,-1,1
13281,140,126,14,14
13282,113,106,7,7
13283,57,68,-11,11
13284,108,102,6,6
13285,123,108,15,15
13286,108,99,9,9
13287,83,77,6,6
13288,99,81,18,18
13289,78,79,-1,1
13290,96,95,1,1
13291,58,55,3,3
13292,82,78,4,4
13293,148,143,5,5
13294,86,91,-5,5
13295,81,69,12,12
13296,119,114,5,5
13297,97,97,0,0
13298,118,113,5,5
13299,92,83,9,9
13300,102,104,-2,2
13301,72,71,1,1
13302,64,59,5,5
13303,86,86,0,0
13304,57,64,-7,7
13305,102,96,6,6
13306,67,60,7,7
13307,88,89,-1,1
13308,139,118,21,21
13309,61,64,-3,3
13310,77,73,4,4
13311,158,152,6,6
13312,130,114,16,16
13313,132,129,3,3
13314,187,179,8,8
13315,79,74,5,5
13316,96,100,-4,4
13317,76,75,1,1
13318,71,70,1,1
13319,78,77,1,1
13320,209,191,18,18
13321,75,70,5,5
13322,146,127,19,19
13323,100,91,9,9
13324,80,87,-7,7
13325,70,70,0,0
13326,65,66,-1,1
13327,95,98,-3,3
13328,80,78,2,2
13329,69,67,2,2
13330,132,130,2,2
13331,77,67,10,10
13332,98,89,9,9
13333,94,92,2,2
13334,86,81,5,5
13335,90,78,12,12
13336,75,69,6,6
13337,130,101,29,29
13338,87,93,-6,6
13339,141,125,16,16
13340,161,141,20,20
13341,68,76,-8,8
13342,97,89,8,8
13343,125,111,14,14
13344,36,51,-15,15
13345,115,106,9,9
13346,68,59,9,9
13347,106,98,8,8
13348,96,106,-10,10
13349,82,81,1,1
13350,73,62,11,11
13351,89,75,14,14
13352,75,68,7,7
13353,85,94,-9,9
13354,134,135,-1,1
13355,90,79,11,11
13356,83,83,0,0
13357,129,103,26,26
13358,140,131,9,9
13359,60,67,-7,7
13360,82,74,8,8
13361,153,136,17,17
13362,80,89,-9,9
13363,119,115,4,4
13364,108,97,11,11
13365,54,58,-4,4
13366,99,100,-1,1
13367,130,150,-20,20
13368,100,93,7,7
13369,59,55,4,4
13370,84,90,-6,6
13371,117,113,4,4
13372,60,61,-1,1
13373,55,55,0,0
13374,96,95,1,1
13375,73,80,-7,7
13376,64,75,-11,11
13377,75,75,0,0
13378,55,59,-4,4
13379,90,82,8,8
13380,142,140,2,2
13381,139,133,6,6
13382,118,106,12,12
13383,120,108,12,12
13384,112,109,3,3
13385,43,53,-10,10
13386,106,104,2,2
13387,187,172,15,15
13388,117,117,0,0
13389,111,105,6,6
13390,188,176,12,12
13391,156,131,25,25
13392,136,135,1,1
13393,88,86,2,2
13394,29,52,-23,23
13395,107,89,18,18
13396,113,92,21,21
13397,93,88,5,5
13398,81,80,1,1
13399,22,53,-31,31
13400,69,67,2,2
13401,168,148,20,20
13402,147,130,17,17
13403,105,109,-4,4
13404,145,126,19,19
13405,58,63,-5,5
13406,60,64,-4,4
13407,150,145,5,5
13408,70,67,3,3
13409,69,72,-3,3
13410,140,136,4,4
13411,88,79,9,9
13412,120,114,6,6
13413,63,61,2,2
13414,81,85,-4,4
13415,66,59,7,7
13416,91,79,12,12
13417,131,131,0,0
13418,126,101,25,25
13419,138,132,6,6
13420,103,105,-2,2
13421,103,99,4,4
13422,50,63,-13,13
13423,64,70,-6,6
13424,75,76,-1,1
13425,67,63,4,4
13426,97,90,7,7
13427,109,109,0,0
13428,137,126,11,11
13429,71,66,5,5
13430,98,86,12,12
13431,82,95,-13,13
13432,65,66,-1,1
13433,117,98,19,19
13434,148,147,1,1
13435,190,161,29,29
13436,84,73,11,11
13437,110,97,13,13
13438,138,127,11,11
13439,74,73,1,1
13440,130,112,18,18
13441,79,74,5,5
13442,92,104,-12,12
13443,137,138,-1,1
13444,104,89,15,15
13445,160,128,32,32
13446,90,85,5,5
13447,101,97,4,4
13448,123,118,5,5
13449,73,69,4,4
13450,66,66,0,0
13451,124,117,7,7
13452,173,142,31,31
13453,142,125,17,17
13454,32,52,-20,20
13455,104,100,4,4
13456,65,81,-16,16
13457,60,61,-1,1
13458,71,74,-3,3
13459,56,55,1,1
13460,122,119,3,3
13461,135,140,-5,5
13462,162,151,11,11
13463,96,105,-9,9
13464,126,129,-3,3
13465,74,74,0,0
13466,102,105,-3,3
13467,80,75,5,5
13468,88,79,9,9
13469,92,78,14,14
13470,107,107,0,0
13471,87,78,9,9
13472,58,59,-1,1
13473,80,71,9,9
13474,79,69,10,10
13475,114,119,-5,5
13476,78,86,-8,8
13477,75,76,-1,1
13478,168,163,5,5
13479,114,110,4,4
13480,59,66,-7,7
13481,152,151,1,1
13482,66,63,3,3
13483,98,89,9,9
13484,70,73,-3,3
13485,101,84,17,17
13486,130,122,8,8
13487,114,104,10,10
13488,63,64,-1,1
13489,181,159,22,22
13490,86,82,4,4
13491,107,116,-9,9
13492,59,58,1,1
13493,74,72,2,2
13494,134,128,6,6
13495,199,162,37,37
13496,58,62,-4,4
13497,99,95,4,4
13498,103,105,-2,2
13499,183,158,25,25
13500,96,92,4,4
13501,99,101,-2,2
13502,113,102,11,11
13503,88,75,13,13
13504,88,88,0,0
13505,128,116,12,12
13506,82,89,-7,7
13507,80,73,7,7
13508,53,55,-2,2
13509,47,54,-7,7
13510,102,87,15,15
13511,97,91,6,6
13512,68,67,1,1
13513,125,108,17,17
13514,110,114,-4,4
13515,77,71,6,6
13516,127,114,13,13
13517,87,87,0,0
13518,107,90,17,17
13519,105,108,-3,3
13520,153,124,29,29
13521,61,65,-4,4
13522,33,76,-43,43
13523,146,135,11,11
13524,100,105,-5,5
13525,170,148,22,22
13526,134,119,15,15
13527,78,92,-14,14
13528,73,65,8,8
13529,60,60,0,0
13530,64,61,3,3
13531,99,92,7,7
13532,80,86,-6,6
13533,65,63,2,2
13534,67,58,9,9
13535,141,118,23,23
13536,60,64,-4,4
13537,138,138,0,0
13538,154,144,10,10
13539,58,57,1,1
13540,114,117,-3,3
13541,132,118,14,14
13542,98,96,2,2
13543,80,85,-5,5
13544,105,102,3,3
13545,84,90,-6,6
13546,78,81,-3,3
13547,154,142,12,12
13548,67,68,-1,1
13549,95,105,-10,10
13550,125,115,10,10
13551,128,115,13,13
13552,42,51,-9,9
13553,204,180,24,24
13554,98,97,1,1
13555,112,104,8,8
13556,132,122,10,10
13557,139,123,16,16
13558,93,88,5,5
13559,146,132,14,14
13560,56,57,-1,1
13561,65,59,6,6
13562,124,113,11,11
13563,103,104,-1,1
13564,86,77,9,9
13565,60,65,-5,5
13566,98,96,2,2
13567,80,113,-33,33
13568,89,97,-8,8
13569,148,128,20,20
13570,40,52,-12,12
13571,80,84,-4,4
13572,70,78,-8,8
13573,82,70,12,12
13574,133,138,-5,5
13575,75,78,-3,3
13576,75,68,7,7
13577,120,99,21,21
13578,50,56,-6,6
13579,111,121,-10,10
13580,86,84,2,2
13581,115,115,0,0
13582,63,59,4,4
13583,93,92,1,1
13584,104,91,13,13
13585,153,148,5,5
13586,51,56,-5,5
13587,128,114,14,14
13588,92,84,8,8
13589,51,60,-9,9
13590,84,82,2,2
13591,104,99,5,5
13592,101,90,11,11
13593,83,89,-6,6
13594,69,75,-6,6
13595,96,90,6,6
13596,83,78,5,5
13597,54,68,-14,14
13598,83,66,17,17
13599,54,57,-3,3
13600,61,58,3,3
13601,116,98,18,18
13602,113,100,13,13
13603,76,68,8,8
13604,87,83,4,4
13605,59,55,4,4
13606,141,133,8,8
13607,97,97,0,0
13608,89,79,10,10
13609,131,126,5,5
13610,71,64,7,7
13611,60,56,4,4
13612,39,52,-13,13
13613,68,75,-7,7
13614,61,60,1,1
13615,107,103,4,4
13616,95,91,4,4
13617,94,109,-15,15
13618,82,85,-3,3
13619,110,109,1,1
13620,113,110,3,3
13621,107,97,10,10
13622,161,135,26,26
13623,180,152,28,28
13624,101,99,2,2
13625,88,81,7,7
13626,87,87,0,0
13627,115,115,0,0
13628,121,113,8,8
13629,139,132,7,7
13630,123,115,8,8
13631,63,59,4,4
13632,122,106,16,16
13633,68,69,-1,1
13634,110,95,15,15
13635,57,80,-23,23
13636,82,74,8,8
13637,95,92,3,3
13638,134,129,5,5
13639,98,83,15,15
13640,128,114,14,14
13641,95,92,3,3
13642,104,125,-21,21
13643,175,156,19,19
13644,109,94,15,15
13645,164,144,20,20
13646,118,109,9,9
13647,70,68,2,2
13648,54,63,-9,9
13649,145,139,6,6
13650,68,67,1,1
13651,82,79,3,3
13652,61,60,1,1
13653,92,91,1,1
13654,89,84,5,5
13655,96,88,8,8
13656,122,112,10,10
13657,79,78,1,1
13658,75,73,2,2
13659,108,102,6,6
13660,43,53,-10,10
13661,67,66,1,1
13662,75,78,-3,3
13663,67,67,0,0
13664,88,88,0,0
13665,55,59,-4,4
13666,96,105,-9,9
13667,60,59,1,1
13668,125,112,13,13
13669,56,63,-7,7
13670,111,105,6,6
13671,105,116,-11,11
13672,77,95,-18,18
13673,89,90,-1,1
13674,79,79,0,0
13675,107,107,0,0
13676,124,113,11,11
13677,119,115,4,4
13678,57,77,-20,20
13679,127,120,7,7
13680,64,70,-6,6
13681,96,97,-1,1
13682,89,78,11,11
13683,71,73,-2,2
13684,76,73,3,3
13685,110,106,4,4
13686,120,126,-6,6
13687,98,87,11,11
13688,84,87,-3,3
13689,233,209,24,24
13690,75,65,10,10
13691,107,86,21,21
13692,76,76,0,0
13693,84,83,1,1
13694,86,81,5,5
13695,103,93,10,10
13696,106,92,14,14
13697,150,124,26,26
13698,73,66,7,7
13699,130,137,-7,7
13700,132,115,17,17
13701,139,131,8,8
13702,115,111,4,4
13703,155,144,11,11
13704,75,80,-5,5
13705,70,72,-2,2
13706,127,113,14,14
13707,65,60,5,5
13708,100,105,-5,5
13709,170,153,17,17
13710,135,134,1,1
13711,75,72,3,3
13712,164,165,-1,1
13713,125,106,19,19
13714,104,107,-3,3
13715,53,55,-2,2
13716,146,139,7,7
13717,102,83,19,19
13718,70,71,-1,1
13719,54,60,-6,6
13720,108,106,2,2
13721,97,97,0,0
13722,104,98,6,6
13723,140,135,5,5
13724,94,103,-9,9
13725,62,74,-12,12
13726,105,92,13,13
13727,48,54,-6,6
13728,63,65,-2,2
13729,64,55,9,9
13730,51,55,-4,4
13731,63,57,6,6
13732,121,115,6,6
13733,120,108,12,12
13734,86,84,2,2
13735,91,88,3,3
13736,55,60,-5,5
13737,98,97,1,1
13738,69,58,11,11
13739,45,53,-8,8
13740,126,134,-8,8
13741,169,157,12,12
13742,95,84,11,11
13743,106,103,3,3
13744,91,84,7,7
13745,126,113,13,13
13746,67,68,-1,1
13747,55,56,-1,1
13748,74,78,-4,4
13749,87,73,14,14
13750,87,84,3,3
13751,83,69,14,14
13752,114,123,-9,9
13753,125,123,2,2
13754,120,112,8,8
13755,86,76,10,10
13756,66,67,-1,1
13757,106,100,6,6
13758,62,55,7,7
13759,87,102,-15,15
13760,68,62,6,6
13761,77,76,1,1
13762,106,99,7,7
13763,101,94,7,7
13764,93,83,10,10
13765,63,81,-18,18
13766,53,58,-5,5
13767,116,113,3,3
13768,116,114,2,2
13769,92,113,-21,21
13770,80,83,-3,3
13771,93,89,4,4
13772,129,120,9,9
13773,97,95,2,2
13774,51,57,-6,6
13775,98,86,12,12
13776,80,106,-26,26
13777,74,74,0,0
13778,157,139,18,18
13779,163,157,6,6
13780,62,63,-1,1
13781,107,101,6,6
13782,107,90,17,17
13783,107,101,6,6
13784,83,79,4,4
13785,117,98,19,19
13786,94,97,-3,3
13787,65,64,1,1
13788,61,66,-5,5
13789,79,82,-3,3
13790,137,135,2,2
13791,141,125,16,16
13792,95,93,2,2
13793,101,99,2,2
13794,95,93,2,2
13795,142,124,18,18
13796,107,90,17,17
13797,80,75,5,5
13798,91,93,-2,2
13799,71,69,2,2
13800,81,76,5,5
13801,96,88,8,8
13802,151,134,17,17
13803,75,82,-7,7
13804,69,68,1,1
13805,70,68,2,2
13806,66,68,-2,2
13807,100,97,3,3
13808,107,97,10,10
13809,116,106,10,10
13810,59,62,-3,3
13811,90,88,2,2
13812,60,55,5,5
13813,55,56,-1,1
13814,66,67,-1,1
13815,90,91,-1,1
13816,80,84,-4,4
13817,151,78,73,73
13818,91,82,9,9
13819,59,62,-3,3
13820,73,70,3,3
13821,51,57,-6,6
13822,95,94,1,1
13823,92,89,3,3
13824,61,60,1,1
13825,80,76,4,4
13826,107,117,-10,10
13827,79,77,2,2
13828,167,144,23,23
13829,58,60,-2,2
13830,104,96,8,8
13831,106,115,-9,9
13832,61,56,5,5
13833,111,113,-2,2
13834,97,104,-7,7
13835,101,94,7,7
13836,67,72,-5,5
13837,56,60,-4,4
13838,57,60,-3,3
13839,82,64,18,18
13840,95,91,4,4
13841,69,73,-4,4
13842,58,60,-2,2
13843,105,98,7,7
13844,163,141,22,22
13845,61,62,-1,1
13846,90,71,19,19
13847,220,189,31,31
13848,96,79,17,17
13849,44,53,-9,9
13850,59,62,-3,3
13851,60,60,0,0
13852,64,66,-2,2
13853,94,91,3,3
13854,151,133,18,18
13855,75,73,2,2
13856,75,72,3,3
13857,79,69,10,10
13858,70,76,-6,6
13859,107,107,0,0
13860,145,135,10,10
13861,70,66,4,4
13862,75,68,7,7
13863,141,130,11,11
13864,66,69,-3,3
13865,79,69,10,10
13866,111,96,15,15
13867,112,97,15,15
13868,125,128,-3,3
13869,121,122,-1,1
13870,108,99,9,9
13871,74,77,-3,3
13872,106,111,-5,5
13873,118,115,3,3
13874,162,143,19,19
13875,142,104,38,38
13876,65,66,-1,1
13877,59,57,2,2
13878,91,80,11,11
13879,75,68,7,7
13880,125,113,12,12
13881,146,133,13,13
13882,84,77,7,7
13883,95,91,4,4
13884,88,79,9,9
13885,95,88,7,7
13886,54,59,-5,5
13887,68,59,9,9
13888,250,239,11,11
13889,64,66,-2,2
13890,89,81,8,8
13891,63,62,1,1
13892,47,61,-14,14
13893,113,108,5,5
13894,118,106,12,12
13895,77,73,4,4
13896,175,150,25,25
13897,87,82,5,5
13898,85,84,1,1
13899,107,93,14,14
13900,77,63,14,14
13901,112,117,-5,5
13902,67,68,-1,1
13903,124,130,-6,6
13904,69,67,2,2
13905,170,162,8,8
13906,91,78,13,13
13907,69,68,1,1
13908,69,59,10,10
13909,102,99,3,3
13910,87,95,-8,8
13911,61,62,-1,1
13912,140,113,27,27
13913,56,64,-8,8
13914,50,52,-2,2
13915,71,63,8,8
13916,46,55,-9,9
13917,102,100,2,2
13918,72,64,8,8
13919,102,101,1,1
13920,98,91,7,7
13921,114,113,1,1
13922,83,84,-1,1
13923,75,74,1,1
13924,92,82,10,10
13925,107,105,2,2
13926,166,148,18,18
13927,72,74,-2,2
13928,43,55,-12,12
13929,98,81,17,17
13930,141,130,11,11
13931,112,92,20,20
13932,149,135,14,14
13933,17,51,-34,34
13934,63,69,-6,6
13935,127,117,10,10
13936,128,119,9,9
13937,64,69,-5,5
13938,59,62,-3,3
13939,45,56,-11,11
13940,104,98,6,6
13941,82,78,4,4
13942,52,52,0,0
13943,96,84,12,12
13944,108,102,6,6
13945,122,119,3,3
13946,105,99,6,6
13947,72,74,-2,2
13948,75,69,6,6
13949,111,106,5,5
13950,86,78,8,8
13951,121,117,4,4
13952,86,80,6,6
13953,66,62,4,4
13954,93,91,2,2
13955,128,132,-4,4
13956,142,129,13,13
13957,87,71,16,16
13958,84,85,-1,1
13959,103,100,3,3
13960,113,101,12,12
13961,136,129,7,7
13962,74,68,6,6
13963,108,119,-11,11
13964,89,93,-4,4
13965,84,81,3,3
13966,98,93,5,5
13967,51,59,-8,8
13968,53,53,0,0
13969,88,86,2,2
13970,96,85,11,11
13971,105,110,-5,5
13972,95,85,10,10
13973,119,95,24,24
13974,79,70,9,9
13975,110,89,21,21
13976,68,64,4,4
13977,98,96,2,2
13978,162,155,7,7
13979,124,121,3,3
13980,54,54,0,0
13981,89,95,-6,6
13982,55,61,-6,6
13983,147,123,24,24
13984,118,104,14,14
13985,28,57,-29,29
13986,115,108,7,7
13987,87,83,4,4
13988,129,118,11,11
13989,100,92,8,8
13990,119,112,7,7
13991,95,92,3,3
13992,130,125,5,5
13993,57,54,3,3
13994,103,85,18,18
13995,100,93,7,7
13996,95,88,7,7
13997,61,58,3,3
13998,59,61,-2,2
13999,126,111,15,15
14000,162,164,-2,2
14001,98,96,2,2
14002,134,107,27,27
14003,118,109,9,9
14004,57,60,-3,3
14005,84,86,-2,2
14006,84,75,9,9
14007,120,125,-5,5
14008,163,153,10,10
14009,64,64,0,0
14010,83,74,9,9
14011,69,79,-10,10
14012,135,99,36,36
14013,86,78,8,8
14014,60,54,6,6
14015,77,77,0,0
14016,92,87,5,5
14017,85,78,7,7
14018,161,146,15,15
14019,126,104,22,22
14020,63,62,1,1
14021,93,101,-8,8
14022,73,70,3,3
14023,107,104,3,3
14024,74,74,0,0
14025,73,64,9,9
14026,108,89,19,19
14027,182,163,19,19
14028,134,115,19,19
14029,67,66,1,1
14030,91,87,4,4
14031,131,148,-17,17
14032,146,134,12,12
14033,80,76,4,4
14034,139,124,15,15
14035,188,176,12,12
14036,150,137,13,13
14037,74,72,2,2
14038,115,113,2,2
14039,87,78,9,9
14040,83,67,16,16
14041,71,67,4,4
14042,95,91,4,4
14043,110,101,9,9
14044,91,87,4,4
14045,108,103,5,5
14046,51,54,-3,3
14047,71,72,-1,1
14048,50,58,-8,8
14049,66,67,-1,1
14050,56,66,-10,10
14051,108,106,2,2
14052,114,102,12,12
14053,86,72,14,14
14054,88,84,4,4
14055,66,58,8,8
14056,111,107,4,4
14057,53,59,-6,6
14058,94,87,7,7
14059,74,72,2,2
14060,129,127,2,2
14061,75,77,-2,2
14062,198,174,24,24
14063,76,70,6,6
14064,94,91,3,3
14065,70,64,6,6
14066,172,145,27,27
14067,61,60,1,1
14068,80,74,6,6
14069,102,94,8,8
14070,114,108,6,6
14071,70,69,1,1
14072,75,82,-7,7
14073,112,100,12,12
14074,44,53,-9,9
14075,145,160,-15,15
14076,68,88,-20,20
14077,148,136,12,12
14078,56,56,0,0
14079,81,81,0,0
14080,73,71,2,2
14081,122,123,-1,1
14082,75,76,-1,1
14083,121,120,1,1
14084,139,135,4,4
14085,63,61,2,2
14086,125,119,6,6
14087,85,78,7,7
14088,112,114,-2,2
14089,114,104,10,10
14090,134,120,14,14
14091,98,107,-9,9
14092,75,82,-7,7
14093,135,113,22,22
14094,96,96,0,0
14095,102,96,6,6
14096,150,145,5,5
14097,186,160,26,26
14098,63,58,5,5
14099,116,102,14,14
14100,83,68,15,15
14101,110,93,17,17
14102,104,98,6,6
14103,71,66,5,5
14104,111,118,-7,7
14105,106,107,-1,1
14106,147,141,6,6
14107,67,66,1,1
14108,212,188,24,24
14109,83,84,-1,1
14110,174,147,27,27
14111,113,120,-7,7
14112,68,77,-9,9
14113,159,156,3,3
14114,52,57,-5,5
14115,123,119,4,4
14116,112,109,3,3
14117,69,76,-7,7
14118,61,60,1,1
14119,63,61,2,2
14120,70,68,2,2
14121,65,69,-4,4
14122,145,142,3,3
14123,121,121,0,0
14124,60,54,6,6
14125,187,159,28,28
14126,24,51,-27,27
14127,136,133,3,3
14128,65,73,-8,8
14129,67,64,3,3
14130,189,176,13,13
14131,83,100,-17,17
14132,76,75,1,1
14133,91,85,6,6
14134,74,84,-10,10
14135,55,63,-8,8
14136,107,95,12,12
14137,160,141,19,19
14138,149,133,16,16
14139,96,85,11,11
14140,88,82,6,6
14141,118,110,8,8
14142,91,86,5,5
14143,92,91,1,1
14144,74,71,3,3
14145,118,118,0,0
14146,81,96,-15,15
14147,95,89,6,6
14148,68,70,-2,2
14149,132,114,18,18
14150,49,52,-3,3
14151,115,110,5,5
14152,148,139,9,9
14153,109,120,-11,11
14154,104,92,12,12
14155,159,153,6,6
14156,83,71,12,12
14157,47,54,-7,7
14158,92,85,7,7
14159,101,102,-1,1
14160,57,58,-1,1
14161,40,52,-12,12
14162,153,137,16,16
14163,163,136,27,27
14164,66,67,-1,1
14165,90,84,6,6
14166,55,53,2,2
14167,52,60,-8,8
14168,96,94,2,2
14169,115,109,6,6
14170,47,62,-15,15
14171,77,87,-10,10
14172,76,76,0,0
14173,115,113,2,2
14174,93,92,1,1
14175,120,88,32,32
14176,83,83,0,0
14177,119,108,11,11
14178,40,53,-13,13
14179,47,55,-8,8
14180,55,54,1,1
14181,96,90,6,6
14182,88,89,-1,1
14183,74,85,-11,11
14184,80,86,-6,6
14185,68,64,4,4
14186,144,135,9,9
14187,101,92,9,9
14188,116,111,5,5
14189,63,60,3,3
14190,51,53,-2,2
14191,123,113,10,10
14192,145,133,12,12
14193,107,93,14,14
14194,109,104,5,5
14195,115,114,1,1
14196,59,58,1,1
14197,63,68,-5,5
14198,190,172,18,18
14199,69,65,4,4
14200,77,77,0,0
14201,78,83,-5,5
14202,85,91,-6,6
14203,112,91,21,21
14204,82,80,2,2
14205,150,142,8,8
14206,72,72,0,0
14207,105,105,0,0
14208,80,76,4,4
14209,39,52,-13,13
14210,102,105,-3,3
14211,68,75,-7,7
14212,95,89,6,6
14213,24,51,-27,27
14214,50,54,-4,4
14215,66,57,9,9
14216,69,71,-2,2
14217,120,112,8,8
14218,140,118,22,22
14219,69,72,-3,3
14220,187,142,45,45
14221,107,101,6,6
14222,67,64,3,3
14223,126,125,1,1
14224,112,119,-7,7
14225,93,99,-6,6
14226,89,88,1,1
14227,93,97,-4,4
14228,48,53,-5,5
14229,153,142,11,11
14230,67,63,4,4
14231,48,57,-9,9
14232,58,66,-8,8
14233,179,156,23,23
14234,91,89,2,2
14235,123,122,1,1
14236,70,70,0,0
14237,32,56,-24,24
14238,96,81,15,15
14239,53,59,-6,6
14240,99,98,1,1
14241,133,115,18,18
14242,77,84,-7,7
14243,47,66,-19,19
14244,55,54,1,1
14245,85,75,10,10
14246,135,126,9,9
14247,103,92,11,11
14248,62,70,-8,8
14249,73,73,0,0
14250,117,125,-8,8
14251,112,104,8,8
14252,34,52,-18,18
14253,46,53,-7,7
14254,68,64,4,4
14255,42,53,-11,11
14256,88,97,-9,9
14257,88,87,1,1
14258,78,78,0,0
14259,74,78,-4,4
14260,145,130,15,15
14261,144,135,9,9
14262,146,142,4,4
14263,50,54,-4,4
14264,134,111,23,23
14265,81,74,7,7
14266,81,72,9,9
14267,64,63,1,1
14268,134,127,7,7
14269,177,168,9,9
14270,115,99,16,16
14271,105,102,3,3
14272,142,126,16,16
14273,104,99,5,5
14274,74,78,-4,4
14275,177,152,25,25
14276,47,52,-5,5
14277,127,125,2,2
14278,186,162,24,24
14279,81,89,-8,8
14280,78,73,5,5
14281,155,133,22,22
14282,170,130,40,40
14283,97,89,8,8
14284,94,85,9,9
14285,77,78,-1,1
14286,83,80,3,3
14287,109,105,4,4
14288,92,90,2,2
14289,93,89,4,4
14290,63,83,-20,20
14291,85,82,3,3
14292,92,96,-4,4
14293,68,61,7,7
14294,111,114,-3,3
14295,181,164,17,17
14296,57,59,-2,2
14297,93,95,-2,2
14298,68,75,-7,7
14299,95,95,0,0
14300,123,106,17,17
14301,58,60,-2,2
14302,159,140,19,19
14303,97,83,14,14
14304,82,79,3,3
14305,70,66,4,4
14306,87,73,14,14
14307,63,64,-1,1
14308,138,127,11,11
14309,124,120,4,4
14310,90,83,7,7
14311,72,68,4,4
14312,82,85,-3,3
14313,102,115,-13,13
14314,149,127,22,22
14315,127,116,11,11
14316,127,101,26,26
14317,80,76,4,4
14318,79,64,15,15
14319,126,126,0,0
14320,160,145,15,15
14321,88,86,2,2
14322,57,55,2,2
14323,117,114,3,3
14324,88,80,8,8
14325,117,115,2,2
14326,108,104,4,4
14327,122,127,-5,5
14328,126,110,16,16
14329,137,131,6,6
14330,119,101,18,18
14331,94,92,2,2
14332,89,67,22,22
14333,65,59,6,6
14334,80,74,6,6
14335,73,77,-4,4
14336,137,117,20,20
14337,112,108,4,4
14338,93,91,2,2
14339,121,94,27,27
14340,94,92,2,2
14341,74,75,-1,1
14342,126,118,8,8
14343,102,86,16,16
14344,61,58,3,3
14345,107,108,-1,1
14346,187,164,23,23
14347,129,115,14,14
14348,96,98,-2,2
14349,85,75,10,10
14350,89,88,1,1
14351,65,56,9,9
14352,67,71,-4,4
14353,95,84,11,11
14354,90,78,12,12
14355,70,82,-12,12
14356,51,56,-5,5
14357,67,72,-5,5
14358,105,88,17,17
14359,72,86,-14,14
14360,73,64,9,9
14361,90,86,4,4
14362,60,56,4,4
14363,125,117,8,8
14364,128,111,17,17
14365,114,107,7,7
14366,80,65,15,15
14367,130,112,18,18
14368,170,176,-6,6
14369,163,149,14,14
14370,121,106,15,15
14371,65,66,-1,1
14372,110,107,3,3
14373,86,85,1,1
14374,136,131,5,5
14375,95,91,4,4
14376,82,77,5,5
14377,117,108,9,9
14378,122,118,4,4
14379,61,58,3,3
14380,49,54,-5,5
14381,188,158,30,30
14382,61,64,-3,3
14383,164,156,8,8
14384,64,67,-3,3
14385,100,91,9,9
14386,75,71,4,4
14387,90,81,9,9
14388,83,75,8,8
14389,74,80,-6,6
14390,88,85,3,3
14391,110,97,13,13
14392,104,99,5,5
14393,61,67,-6,6
14394,80,82,-2,2
14395,121,108,13,13
14396,72,73,-1,1
14397,80,77,3,3
14398,38,52,-14,14
14399,136,113,23,23
14400,85,87,-2,2
14401,86,85,1,1
14402,129,119,10,10
14403,58,60,-2,2
14404,73,77,-4,4
14405,135,129,6,6
14406,106,114,-8,8
14407,53,55,-2,2
14408,54,61,-7,7
14409,62,73,-11,11
14410,91,91,0,0
14411,61,59,2,2
14412,56,64,-8,8
14413,53,54,-1,1
14414,67,63,4,4
14415,81,83,-2,2
14416,77,82,-5,5
14417,92,88,4,4
14418,181,160,21,21
14419,68,70,-2,2
14420,73,73,0,0
14421,102,92,10,10
14422,85,86,-1,1
14423,78,76,2,2
14424,85,77,8,8
14425,86,92,-6,6
14426,61,58,3,3
14427,60,61,-1,1
14428,70,81,-11,11
14429,63,65,-2,2
14430,141,143,-2,2
14431,82,76,6,6
14432,125,110,15,15
14433,25,52,-27,27
14434,124,112,12,12
14435,42,53,-11,11
14436,123,122,1,1
14437,50,64,-14,14
14438,94,97,-3,3
14439,175,156,19,19
14440,119,118,1,1
14441,97,96,1,1
14442,112,104,8,8
14443,105,98,7,7
14444,85,81,4,4
14445,117,117,0,0
14446,140,127,13,13
14447,117,102,15,15
14448,45,52,-7,7
14449,73,77,-4,4
14450,71,80,-9,9
14451,41,52,-11,11
14452,134,121,13,13
14453,102,98,4,4
14454,69,68,1,1
14455,98,99,-1,1
14456,113,101,12,12
14457,90,90,0,0
14458,67,67,0,0
14459,83,85,-2,2
14460,64,66,-2,2
14461,192,156,36,36
14462,93,76,17,17
14463,111,109,2,2
14464,122,123,-1,1
14465,89,96,-7,7
14466,77,94,-17,17
14467,66,64,2,2
14468,57,56,1,1
14469,84,86,-2,2
14470,90,88,2,2
14471,103,99,4,4
14472,144,137,7,7
14473,120,105,15,15
14474,105,97,8,8
14475,121,116,5,5
14476,51,94,-43,43
14477,91,74,17,17
14478,73,77,-4,4
14479,60,59,1,1
14480,50,53,-3,3
14481,94,100,-6,6
14482,107,92,15,15
14483,62,57,5,5
14484,77,75,2,2
14485,109,101,8,8
14486,113,102,11,11
14487,95,95,0,0
14488,153,145,8,8
14489,146,127,19,19
14490,75,75,0,0
14491,97,98,-1,1
14492,96,96,0,0
14493,112,125,-13,13
14494,93,100,-7,7
14495,88,83,5,5
14496,143,124,19,19
14497,131,127,4,4
14498,92,90,2,2
14499,77,72,5,5
14500,94,86,8,8
14501,60,71,-11,11
14502,70,67,3,3
14503,73,69,4,4
14504,115,105,10,10
14505,111,108,3,3
14506,41,52,-11,11
14507,49,54,-5,5
14508,141,133,8,8
14509,85,74,11,11
14510,89,85,4,4
14511,84,72,12,12
14512,102,97,5,5
14513,100,96,4,4
14514,72,70,2,2
14515,99,90,9,9
14516,68,63,5,5
14517,63,56,7,7
14518,156,156,0,0
14519,113,101,12,12
14520,109,97,12,12
14521,141,129,12,12
14522,173,156,17,17
14523,95,100,-5,5
14524,89,92,-3,3
14525,103,96,7,7
14526,71,71,0,0
14527,81,77,4,4
14528,93,91,2,2
14529,138,142,-4,4
14530,94,79,15,15
14531,168,154,14,14
14532,56,58,-2,2
14533,70,62,8,8
14534,143,117,26,26
14535,115,111,4,4
14536,78,70,8,8
14537,71,64,7,7
14538,61,58,3,3
14539,174,157,17,17
14540,136,132,4,4
14541,137,135,2,2
14542,64,57,7,7
14543,98,93,5,5
14544,61,63,-2,2
14545,79,75,4,4
14546,58,59,-1,1
14547,88,86,2,2
14548,83,80,3,3
14549,58,61,-3,3
14550,113,99,14,14
14551,65,63,2,2
14552,98,97,1,1
14553,98,89,9,9
14554,119,102,17,17
14555,81,82,-1,1
14556,107,105,2,2
14557,69,63,6,6
14558,102,99,3,3
14559,64,65,-1,1
14560,92,97,-5,5
14561,91,77,14,14
14562,76,66,10,10
14563,120,113,7,7
14564,131,121,10,10
14565,73,62,11,11
14566,113,87,26,26
14567,46,63,-17,17
14568,31,52,-21,21
14569,86,84,2,2
14570,124,127,-3,3
14571,69,63,6,6
14572,103,96,7,7
14573,78,84,-6,6
14574,85,76,9,9
14575,43,53,-10,10
14576,102,100,2,2
14577,64,69,-5,5
14578,112,117,-5,5
14579,104,97,7,7
14580,116,114,2,2
14581,72,70,2,2
14582,86,93,-7,7
14583,45,55,-10,10
14584,90,93,-3,3
14585,204,180,24,24
14586,38,52,-14,14
14587,95,74,21,21
14588,102,104,-2,2
14589,193,177,16,16
14590,130,115,15,15
14591,47,53,-6,6
14592,132,129,3,3
14593,176,138,38,38
14594,67,69,-2,2
14595,100,101,-1,1
14596,73,61,12,12
14597,44,53,-9,9
14598,65,67,-2,2
14599,34,51,-17,17
14600,56,67,-11,11
14601,87,85,2,2
14602,87,105,-18,18
14603,44,55,-11,11
14604,115,104,11,11
14605,82,78,4,4
14606,134,133,1,1
14607,161,144,17,17
14608,61,56,5,5
14609,150,137,13,13
14610,106,97,9,9
14611,68,66,2,2
14612,106,93,13,13
14613,96,92,4,4
14614,142,142,0,0
14615,74,65,9,9
14616,47,54,-7,7
14617,130,129,1,1
14618,121,119,2,2
14619,104,100,4,4
14620,79,76,3,3
14621,85,75,10,10
14622,92,85,7,7
14623,52,92,-40,40
14624,144,156,-12,12
14625,92,75,17,17
14626,58,55,3,3
14627,116,121,-5,5
14628,71,76,-5,5
14629,65,58,7,7
14630,86,74,12,12
14631,51,56,-5,5
14632,51,55,-4,4
14633,169,155,14,14
14634,117,120,-3,3
14635,94,91,3,3
14636,77,71,6,6
14637,61,62,-1,1
14638,64,63,1,1
14639,38,56,-18,18
14640,54,55,-1,1
14641,70,70,0,0
14642,77,80,-3,3
14643,127,112,15,15
14644,58,58,0,0
14645,84,81,3,3
14646,89,90,-1,1
14647,52,53,-1,1
14648,73,72,1,1
14649,64,71,-7,7
14650,53,60,-7,7
14651,112,103,9,9
14652,92,92,0,0
14653,90,75,15,15
14654,72,69,3,3
14655,99,100,-1,1
14656,84,74,10,10
14657,90,91,-1,1
14658,135,132,3,3
14659,91,82,9,9
14660,81,85,-4,4
14661,119,108,11,11
14662,70,69,1,1
14663,62,59,3,3
14664,80,78,2,2
14665,69,64,5,5
14666,107,112,-5,5
14667,145,132,13,13
14668,137,121,16,16
14669,94,92,2,2
14670,158,131,27,27
14671,174,170,4,4
14672,100,100,0,0
14673,141,128,13,13
14674,131,123,8,8
14675,168,152,16,16
14676,98,92,6,6
14677,116,119,-3,3
14678,101,96,5,5
14679,89,101,-12,12
14680,119,108,11,11
14681,139,130,9,9
14682,25,52,-27,27
14683,106,105,1,1
14684,161,154,7,7
14685,123,115,8,8
14686,87,82,5,5
14687,58,61,-3,3
14688,62,66,-4,4
14689,89,83,6,6
14690,81,78,3,3
14691,70,61,9,9
14692,78,71,7,7
14693,163,150,13,13
14694,46,67,-21,21
14695,57,57,0,0
14696,108,100,8,8
14697,148,113,35,35
14698,74,74,0,0
14699,54,58,-4,4
14700,64,74,-10,10
14701,162,134,28,28
14702,124,109,15,15
14703,75,75,0,0
14704,76,72,4,4
14705,81,88,-7,7
14706,56,63,-7,7
14707,90,81,9,9
14708,70,73,-3,3
14709,66,79,-13,13
14710,75,73,2,2
14711,95,109,-14,14
14712,123,120,3,3
14713,125,117,8,8
14714,44,53,-9,9
14715,141,134,7,7
14716,53,57,-4,4
14717,97,94,3,3
14718,100,99,1,1
14719,78,93,-15,15
14720,199,174,25,25
14721,124,111,13,13
14722,56,65,-9,9
14723,62,56,6,6
14724,109,99,10,10
14725,149,126,23,23
14726,101,100,1,1
14727,129,113,16,16
14728,138,116,22,22
14729,118,118,0,0
14730,151,141,10,10
14731,58,55,3,3
14732,148,142,6,6
14733,89,89,0,0
14734,93,91,2,2
14735,111,96,15,15
14736,131,124,7,7
14737,106,106,0,0
14738,123,117,6,6
14739,119,133,-14,14
14740,106,103,3,3
14741,121,111,10,10
14742,74,62,12,12
14743,94,94,0,0
14744,83,73,10,10
14745,159,145,14,14
14746,126,112,14,14
14747,71,69,2,2
14748,52,59,-7,7
14749,139,137,2,2
14750,98,92,6,6
14751,94,93,1,1
14752,58,54,4,4
14753,126,124,2,2
14754,65,63,2,2
14755,98,84,14,14
14756,170,153,17,17
14757,71,76,-5,5
14758,63,73,-10,10
14759,74,76,-2,2
14760,119,109,10,10
14761,73,83,-10,10
14762,88,84,4,4
14763,96,95,1,1
14764,125,121,4,4
14765,119,117,2,2
14766,88,87,1,1
14767,98,90,8,8
14768,103,115,-12,12
14769,95,88,7,7
14770,80,79,1,1
14771,88,84,4,4
14772,50,56,-6,6
14773,81,73,8,8
14774,72,63,9,9
14775,56,57,-1,1
14776,54,56,-2,2
14777,70,78,-8,8
14778,92,80,12,12
14779,79,77,2,2
14780,64,65,-1,1
14781,121,112,9,9
14782,55,56,-1,1
14783,110,104,6,6
14784,142,132,10,10
14785,160,146,14,14
14786,61,57,4,4
14787,59,63,-4,4
14788,102,106,-4,4
14789,95,87,8,8
14790,62,65,-3,3
14791,142,135,7,7
14792,91,74,17,17
14793,114,104,10,10
14794,54,56,-2,2
14795,93,97,-4,4
14796,96,90,6,6
14797,75,70,5,5
14798,95,91,4,4
14799,59,59,0,0
14800,87,72,15,15
14801,121,104,17,17
14802,85,87,-2,2
14803,74,73,1,1
14804,94,93,1,1
14805,117,114,3,3
14806,136,129,7,7
14807,51,58,-7,7
14808,143,129,14,14
14809,110,106,4,4
14810,112,103,9,9
14811,59,56,3,3
14812,69,63,6,6
14813,92,86,6,6
14814,92,93,-1,1
14815,125,112,13,13
14816,93,83,10,10
14817,94,82,12,12
14818,183,153,30,30
14819,158,152,6,6
14820,126,117,9,9
14821,201,170,31,31
14822,96,82,14,14
14823,69,82,-13,13
14824,112,122,-10,10
14825,60,64,-4,4
14826,81,72,9,9
14827,229,201,28,28
14828,81,75,6,6
14829,49,55,-6,6
14830,98,88,10,10
14831,104,97,7,7
14832,117,103,14,14
14833,91,90,1,1
14834,96,84,12,12
14835,82,76,6,6
14836,193,157,36,36
14837,75,77,-2,2
14838,101,95,6,6
14839,128,109,19,19
14840,103,100,3,3
14841,84,77,7,7
14842,162,139,23,23
14843,117,111,6,6
14844,104,121,-17,17
14845,85,81,4,4
14846,90,87,3,3
14847,67,66,1,1
14848,91,76,15,15
14849,152,142,10,10
14850,60,57,3,3
14851,107,102,5,5
14852,114,127,-13,13
14853,95,93,2,2
14854,85,84,1,1
14855,72,97,-25,25
14856,66,87,-21,21
14857,81,82,-1,1
14858,112,103,9,9
14859,39,52,-13,13
14860,125,132,-7,7
14861,67,64,3,3
14862,103,91,12,12
14863,44,61,-17,17
14864,52,53,-1,1
14865,58,61,-3,3
14866,105,103,2,2
14867,55,64,-9,9
14868,107,123,-16,16
14869,102,107,-5,5
14870,61,74,-13,13
14871,129,124,5,5
14872,72,68,4,4
14873,144,132,12,12
14874,67,68,-1,1
14875,131,114,17,17
14876,59,60,-1,1
14877,142,132,10,10
14878,80,81,-1,1
14879,95,85,10,10
14880,62,64,-2,2
14881,99,100,-1,1
14882,69,75,-6,6
14883,36,53,-17,17
14884,53,56,-3,3
14885,174,148,26,26
14886,120,112,8,8
14887,60,69,-9,9
14888,44,54,-10,10
14889,104,101,3,3
14890,70,64,6,6
14891,80,75,5,5
14892,72,67,5,5
14893,114,119,-5,5
14894,110,105,5,5
14895,69,62,7,7
14896,108,101,7,7
14897,136,127,9,9
14898,62,62,0,0
14899,170,163,7,7
14900,109,99,10,10
14901,85,84,1,1
14902,93,82,11,11
14903,117,110,7,7
14904,102,78,24,24
14905,123,111,12,12
14906,91,102,-11,11
14907,65,65,0,0
14908,52,63,-11,11
14909,139,119,20,20
14910,88,86,2,2
14911,67,79,-12,12
14912,143,135,8,8
14913,153,148,5,5
14914,65,64,1,1
14915,84,81,3,3
14916,101,109,-8,8
14917,90,110,-20,20
14918,75,73,2,2
14919,95,89,6,6
14920,197,161,36,36
14921,60,59,1,1
14922,152,144,8,8
14923,69,64,5,5
14924,79,80,-1,1
14925,63,74,-11,11
14926,114,109,5,5
14927,94,83,11,11
14928,107,96,11,11
14929,94,92,2,2
14930,68,64,4,4
14931,95,89,6,6
14932,123,108,15,15
14933,81,75,6,6
14934,141,122,19,19
14935,78,78,0,0
14936,100,103,-3,3
14937,120,114,6,6
14938,36,64,-28,28
14939,81,85,-4,4
14940,118,95,23,23
14941,122,122,0,0
14942,80,71,9,9
14943,130,114,16,16
14944,44,52,-8,8
14945,170,160,10,10
14946,74,88,-14,14
14947,66,69,-3,3
14948,192,170,22,22
14949,84,84,0,0
14950,116,132,-16,16
14951,81,76,5,5
14952,43,52,-9,9
14953,69,69,0,0
14954,63,59,4,4
14955,94,88,6,6
14956,84,78,6,6
14957,56,53,3,3
14958,106,109,-3,3
14959,152,121,31,31
14960,92,85,7,7
14961,68,65,3,3
14962,87,88,-1,1
14963,88,96,-8,8
14964,78,76,2,2
14965,64,69,-5,5
14966,147,135,12,12
14967,57,56,1,1
14968,81,84,-3,3
14969,59,61,-2,2
14970,70,67,3,3
14971,87,91,-4,4
14972,90,78,12,12
14973,87,73,14,14
14974,49,57,-8,8
14975,160,131,29,29
14976,131,113,18,18
14977,83,85,-2,2
14978,44,52,-8,8
14979,44,54,-10,10
14980,52,65,-13,13
14981,102,104,-2,2
14982,69,70,-1,1
14983,99,94,5,5
14984,81,86,-5,5
14985,91,96,-5,5
14986,87,81,6,6
14987,57,55,2,2
14988,82,83,-1,1
14989,56,56,0,0
14990,76,71,5,5
14991,79,79,0,0
14992,78,70,8,8
14993,121,103,18,18
14994,119,95,24,24
14995,68,72,-4,4
14996,146,130,16,16
14997,106,87,19,19
14998,132,114,18,18
14999,47,55,-8,8
15000,70,65,5,5
15001,114,94,20,20
15002,71,65,6,6
15003,85,94,-9,9
15004,132,121,11,11
15005,33,51,-18,18
15006,16,51,-35,35
15007,68,69,-1,1
15008,62,62,0,0
15009,84,88,-4,4
15010,50,55,-5,5
15011,91,89,2,2
15012,116,108,8,8
15013,97,87,10,10
15014,126,123,3,3
15015,102,102,0,0
15016,111,92,19,19
15017,113,105,8,8
15018,149,131,18,18
15019,87,70,17,17
15020,120,104,16,16
15021,124,120,4,4
15022,145,126,19,19
15023,78,74,4,4
15024,158,150,8,8
15025,47,54,-7,7
15026,228,195,33,33
15027,86,91,-5,5
15028,97,91,6,6
15029,105,95,10,10
15030,59,63,-4,4
15031,134,111,23,23
15032,122,119,3,3
15033,116,128,-12,12
15034,72,77,-5,5
15035,95,103,-8,8
15036,48,53,-5,5
15037,71,66,5,5
15038,164,157,7,7
15039,80,76,4,4
15040,96,83,13,13
15041,133,117,16,16
15042,121,128,-7,7
15043,122,120,2,2
15044,99,89,10,10
15045,96,84,12,12
15046,41,53,-12,12
15047,157,131,26,26
15048,104,82,22,22
15049,65,71,-6,6
15050,103,107,-4,4
15051,118,110,8,8
15052,99,93,6,6
15053,126,108,18,18
15054,106,100,6,6
15055,55,53,2,2
15056,75,71,4,4
15057,69,72,-3,3
15058,107,103,4,4
15059,122,116,6,6
15060,63,64,-1,1
15061,107,98,9,9
15062,96,109,-13,13
15063,62,72,-10,10
15064,72,71,1,1
15065,152,134,18,18
15066,65,66,-1,1
15067,78,73,5,5
15068,115,110,5,5
15069,113,97,16,16
15070,113,92,21,21
15071,105,98,7,7
15072,116,113,3,3
15073,158,145,13,13
15074,57,61,-4,4
15075,141,139,2,2
15076,82,78,4,4
15077,106,102,4,4
15078,96,86,10,10
15079,104,97,7,7
15080,98,89,9,9
15081,83,92,-9,9
15082,138,124,14,14
15083,148,136,12,12
15084,71,76,-5,5
15085,90,94,-4,4
15086,134,117,17,17
15087,129,131,-2,2
15088,127,121,6,6
15089,77,74,3,3
15090,69,74,-5,5
15091,102,98,4,4
15092,69,68,1,1
15093,65,63,2,2
15094,102,109,-7,7
15095,56,67,-11,11
15096,123,110,13,13
15097,73,68,5,5
15098,61,70,-9,9
15099,102,114,-12,12
15100,98,94,4,4
15101,80,75,5,5
15102,85,86,-1,1
15103,61,64,-3,3
15104,127,122,5,5
15105,68,63,5,5
15106,127,129,-2,2
15107,71,69,2,2
15108,71,56,15,15
15109,149,135,14,14
15110,91,80,11,11
15111,98,100,-2,2
15112,51,56,-5,5
15113,90,85,5,5
15114,105,113,-8,8
15115,84,81,3,3
15116,98,90,8,8
15117,188,186,2,2
15118,57,58,-1,1
15119,135,107,28,28
15120,107,96,11,11
15121,166,152,14,14
15122,102,93,9,9
15123,162,149,13,13
15124,74,67,7,7
15125,81,78,3,3
15126,58,58,0,0
15127,93,78,15,15
15128,67,62,5,5
15129,136,137,-1,1
15130,122,120,2,2
15131,114,114,0,0
15132,66,59,7,7
15133,121,108,13,13
15134,82,85,-3,3
15135,110,99,11,11
15136,63,66,-3,3
15137,108,101,7,7
15138,77,72,5,5
15139,86,78,8,8
15140,74,68,6,6
15141,101,103,-2,2
15142,114,118,-4,4
15143,105,95,10,10
15144,106,103,3,3
15145,83,77,6,6
15146,169,155,14,14
15147,71,69,2,2
15148,87,90,-3,3
15149,67,70,-3,3
15150,86,105,-19,19
15151,244,215,29,29
15152,96,78,18,18
15153,136,126,10,10
15154,64,62,2,2
15155,131,134,-3,3
15156,142,144,-2,2
15157,63,74,-11,11
15158,56,59,-3,3
15159,65,63,2,2
15160,116,103,13,13
15161,57,56,1,1
15162,109,112,-3,3
15163,114,121,-7,7
15164,68,60,8,8
15165,114,108,6,6
15166,64,79,-15,15
15167,112,118,-6,6
15168,47,56,-9,9
15169,66,61,5,5
15170,81,83,-2,2
15171,127,122,5,5
15172,109,107,2,2
15173,72,65,7,7
15174,94,93,1,1
15175,46,52,-6,6
15176,113,79,34,34
15177,70,69,1,1
15178,80,82,-2,2
15179,64,64,0,0
15180,113,101,12,12
15181,56,64,-8,8
15182,112,103,9,9
15183,50,62,-12,12
15184,101,93,8,8
15185,173,156,17,17
15186,57,53,4,4
15187,104,96,8,8
15188,90,84,6,6
15189,76,71,5,5
15190,94,91,3,3
15191,105,119,-14,14
15192,121,115,6,6
15193,126,130,-4,4
15194,127,107,20,20
15195,116,111,5,5
15196,88,76,12,12
15197,62,71,-9,9
15198,190,177,13,13
15199,91,109,-18,18
15200,68,71,-3,3
15201,102,92,10,10
15202,150,115,35,35
15203,85,85,0,0
15204,45,52,-7,7
15205,106,106,0,0
15206,64,57,7,7
15207,152,146,6,6
15208,124,123,1,1
15209,77,80,-3,3
15210,80,84,-4,4
15211,68,58,10,10
15212,131,128,3,3
15213,141,126,15,15
15214,138,117,21,21
15215,139,146,-7,7
15216,54,60,-6,6
15217,81,81,0,0
15218,131,127,4,4
15219,105,101,4,4
15220,88,76,12,12
15221,97,93,4,4
15222,132,122,10,10
15223,80,82,-2,2
15224,83,82,1,1
15225,56,60,-4,4
15226,68,76,-8,8
15227,88,80,8,8
15228,101,101,0,0
15229,123,111,12,12
15230,123,126,-3,3
15231,56,70,-14,14
15232,139,133,6,6
15233,102,99,3,3
15234,53,57,-4,4
15235,145,134,11,11
15236,94,95,-1,1
15237,126,118,8,8
15238,92,80,12,12
15239,82,78,4,4
15240,74,78,-4,4
15241,165,131,34,34
15242,99,99,0,0
15243,139,137,2,2
15244,84,70,14,14
15245,85,77,8,8
15246,63,65,-2,2
15247,174,144,30,30
15248,127,106,21,21
15249,93,98,-5,5
15250,106,101,5,5
15251,108,133,-25,25
15252,93,88,5,5
15253,98,78,20,20
15254,91,86,5,5
15255,68,66,2,2
15256,98,95,3,3
15257,264,240,24,24
15258,105,89,16,16
15259,71,76,-5,5
15260,57,53,4,4
15261,99,92,7,7
15262,87,78,9,9
15263,109,105,4,4
15264,132,129,3,3
15265,66,71,-5,5
15266,99,96,3,3
15267,70,61,9,9
15268,111,103,8,8
15269,124,115,9,9
15270,53,59,-6,6
15271,113,100,13,13
15272,69,57,12,12
15273,69,72,-3,3
15274,80,74,6,6
15275,87,83,4,4
15276,117,105,12,12
15277,105,91,14,14
15278,64,55,9,9
15279,41,52,-11,11
15280,60,57,3,3
15281,93,91,2,2
15282,74,65,9,9
15283,100,92,8,8
15284,75,67,8,8
15285,117,100,17,17
15286,129,126,3,3
15287,145,136,9,9
15288,102,101,1,1
15289,147,138,9,9
15290,55,56,-1,1
15291,91,79,12,12
15292,46,59,-13,13
15293,211,170,41,41
15294,125,127,-2,2
15295,76,71,5,5
15296,84,80,4,4
15297,104,101,3,3
15298,62,65,-3,3
15299,77,78,-1,1
15300,100,91,9,9
15301,83,83,0,0
15302,90,87,3,3
15303,181,153,28,28
15304,132,138,-6,6
15305,88,83,5,5
15306,85,84,1,1
15307,69,72,-3,3
15308,59,55,4,4
15309,42,53,-11,11
15310,138,127,11,11
15311,75,66,9,9
15312,116,116,0,0
15313,76,86,-10,10
15314,85,82,3,3
15315,60,61,-1,1
15316,101,101,0,0
15317,117,122,-5,5
15318,73,77,-4,4
15319,65,73,-8,8
15320,136,134,2,2
15321,40,52,-12,12
15322,61,60,1,1
15323,138,130,8,8
15324,55,61,-6,6
15325,87,77,10,10
15326,60,58,2,2
15327,42,53,-11,11
15328,184,178,6,6
15329,136,133,3,3
15330,46,66,-20,20
15331,157,115,42,42
15332,99,98,1,1
15333,64,58,6,6
15334,95,89,6,6
15335,138,130,8,8
15336,63,66,-3,3
15337,72,65,7,7
15338,52,58,-6,6
15339,90,78,12,12
15340,78,85,-7,7
15341,97,97,0,0
15342,118,110,8,8
15343,89,88,1,1
15344,55,60,-5,5
15345,109,100,9,9
15346,64,70,-6,6
15347,103,94,9,9
15348,96,90,6,6
15349,101,93,8,8
15350,130,120,10,10
15351,67,76,-9,9
15352,65,67,-2,2
15353,80,77,3,3
15354,90,83,7,7
15355,86,79,7,7
15356,62,58,4,4
15357,162,146,16,16
15358,107,110,-3,3
15359,42,51,-9,9
15360,104,100,4,4
15361,125,118,7,7
15362,93,96,-3,3
15363,163,171,-8,8
15364,42,54,-12,12
15365,127,118,9,9
15366,94,98,-4,4
15367,88,86,2,2
15368,147,138,9,9
15369,155,142,13,13
15370,107,93,14,14
15371,65,62,3,3
15372,94,106,-12,12
15373,77,79,-2,2
15374,128,124,4,4
15375,70,69,1,1
15376,51,58,-7,7
15377,101,101,0,0
15378,108,90,18,18
15379,169,152,17,17
15380,56,58,-2,2
15381,114,101,13,13
15382,129,135,-6,6
15383,98,91,7,7
15384,62,70,-8,8
15385,52,54,-2,2
15386,125,104,21,21
15387,123,109,14,14
15388,107,102,5,5
15389,100,98,2,2
15390,153,159,-6,6
15391,81,85,-4,4
15392,82,78,4,4
15393,97,96,1,1
15394,28,51,-23,23
15395,123,124,-1,1
15396,66,76,-10,10
15397,91,87,4,4
15398,95,93,2,2
15399,66,69,-3,3
15400,105,106,-1,1
15401,64,61,3,3
15402,106,98,8,8
15403,136,123,13,13
15404,87,85,2,2
15405,71,65,6,6
15406,116,115,1,1
15407,88,92,-4,4
15408,53,55,-2,2
15409,126,109,17,17
15410,144,126,18,18
15411,74,75,-1,1
15412,63,63,0,0
15413,72,70,2,2
15414,73,67,6,6
15415,76,78,-2,2
15416,88,81,7,7
15417,78,76,2,2
15418,103,96,7,7
15419,76,66,10,10
15420,41,79,-38,38
15421,231,196,35,35
15422,134,129,5,5
15423,126,102,24,24
15424,138,125,13,13
15425,103,107,-4,4
15426,90,92,-2,2
15427,73,69,4,4
15428,63,72,-9,9
15429,81,85,-4,4
15430,120,98,22,22
15431,92,93,-1,1
15432,100,97,3,3
15433,51,57,-6,6
15434,116,115,1,1
15435,97,94,3,3
15436,87,69,18,18
15437,138,123,15,15
15438,52,59,-7,7
15439,36,52,-16,16
15440,167,158,9,9
15441,80,89,-9,9
15442,117,110,7,7
15443,91,78,13,13
15444,163,149,14,14
15445,112,119,-7,7
15446,75,78,-3,3
15447,119,108,11,11
15448,61,66,-5,5
15449,71,66,5,5
15450,117,113,4,4
15451,115,126,-11,11
15452,99,100,-1,1
15453,125,120,5,5
15454,100,97,3,3
15455,153,131,22,22
15456,146,143,3,3
15457,157,140,17,17
15458,104,105,-1,1
15459,130,117,13,13
15460,137,135,2,2
15461,105,110,-5,5
15462,101,90,11,11
15463,110,109,1,1
15464,97,87,10,10
15465,87,75,12,12
15466,107,105,2,2
15467,87,86,1,1
15468,90,71,19,19
15469,90,83,7,7
15470,118,114,4,4
15471,57,63,-6,6
15472,108,111,-3,3
15473,51,57,-6,6
15474,56,74,-18,18
15475,53,65,-12,12
15476,55,60,-5,5
15477,68,74,-6,6
15478,61,65,-4,4
15479,142,136,6,6
15480,83,74,9,9
15481,56,60,-4,4
15482,60,68,-8,8
15483,59,63,-4,4
15484,119,114,5,5
15485,60,66,-6,6
15486,60,62,-2,2
15487,106,98,8,8
15488,78,78,0,0
15489,83,77,6,6
15490,63,63,0,0
15491,147,133,14,14
15492,182,162,20,20
15493,129,122,7,7
15494,97,99,-2,2
15495,115,106,9,9
15496,105,108,-3,3
15497,102,105,-3,3
15498,127,126,1,1
15499,157,144,13,13
15500,84,78,6,6
15501,152,132,20,20
15502,74,78,-4,4
15503,79,75,4,4
15504,123,121,2,2
15505,135,132,3,3
15506,82,79,3,3
15507,111,107,4,4
15508,62,85,-23,23
15509,59,63,-4,4
15510,77,85,-8,8
15511,63,65,-2,2
15512,81,80,1,1
15513,56,56,0,0
15514,69,71,-2,2
15515,65,68,-3,3
15516,82,79,3,3
15517,91,87,4,4
15518,190,156,34,34
15519,185,165,20,20
15520,131,116,15,15
15521,65,62,3,3
15522,158,142,16,16
15523,144,147,-3,3
15524,73,78,-5,5
15525,80,87,-7,7
15526,152,135,17,17
15527,62,65,-3,3
15528,64,66,-2,2
15529,65,68,-3,3
15530,146,133,13,13
15531,124,115,9,9
15532,108,99,9,9
15533,131,121,10,10
15534,107,107,0,0
15535,104,101,3,3
15536,78,72,6,6
15537,115,118,-3,3
15538,159,142,17,17
15539,103,106,-3,3
15540,101,101,0,0
15541,63,61,2,2
15542,160,150,10,10
15543,61,63,-2,2
15544,60,58,2,2
15545,130,131,-1,1
15546,96,89,7,7
15547,84,83,1,1
15548,93,84,9,9
15549,110,109,1,1
15550,66,63,3,3
15551,77,67,10,10
15552,103,101,2,2
15553,78,77,1,1
15554,147,135,12,12
15555,87,91,-4,4
15556,84,75,9,9
15557,83,74,9,9
15558,69,65,4,4
15559,180,167,13,13
15560,140,130,10,10
15561,57,59,-2,2
15562,120,111,9,9
15563,62,61,1,1
15564,79,75,4,4
15565,127,124,3,3
15566,64,68,-4,4
15567,81,71,10,10
15568,100,92,8,8
15569,118,115,3,3
15570,85,73,12,12
15571,77,84,-7,7
15572,104,94,10,10
15573,72,68,4,4
15574,101,91,10,10
15575,95,95,0,0
15576,98,91,7,7
15577,62,57,5,5
15578,98,86,12,12
15579,113,122,-9,9
15580,62,60,2,2
15581,52,59,-7,7
15582,112,95,17,17
15583,80,79,1,1
15584,106,111,-5,5
15585,63,63,0,0
15586,49,59,-10,10
15587,72,73,-1,1
15588,117,97,20,20
15589,116,105,11,11
15590,94,86,8,8
15591,95,92,3,3
15592,83,89,-6,6
15593,119,113,6,6
15594,106,106,0,0
15595,92,81,11,11
15596,70,74,-4,4
15597,133,122,11,11
15598,64,60,4,4
15599,169,153,16,16
15600,93,86,7,7
15601,102,102,0,0
15602,87,77,10,10
15603,71,71,0,0
15604,62,64,-2,2
15605,59,54,5,5
15606,85,81,4,4
15607,72,71,1,1
15608,50,54,-4,4
15609,92,88,4,4
15610,127,117,10,10
15611,57,56,1,1
15612,107,99,8,8
15613,65,60,5,5
15614,82,82,0,0
15615,81,84,-3,3
15616,98,94,4,4
15617,82,75,7,7
15618,110,121,-11,11
15619,166,153,13,13
15620,107,100,7,7
15621,50,55,-5,5
15622,148,129,19,19
15623,70,65,5,5
15624,100,88,12,12
15625,108,101,7,7
15626,113,109,4,4
15627,53,62,-9,9
15628,126,122,4,4
15629,72,70,2,2
15630,197,172,25,25
15631,47,54,-7,7
15632,89,81,8,8
15633,143,124,19,19
15634,119,116,3,3
15635,76,79,-3,3
15636,73,76,-3,3
15637,68,71,-3,3
15638,111,102,9,9
15639,121,105,16,16
15640,92,97,-5,5
15641,113,105,8,8
15642,98,95,3,3
15643,152,153,-1,1
15644,80,80,0,0
15645,82,76,6,6
15646,128,118,10,10
15647,49,55,-6,6
15648,128,126,2,2
15649,63,61,2,2
15650,52,56,-4,4
15651,89,84,5,5
15652,68,59,9,9
15653,109,104,5,5
15654,83,78,5,5
15655,97,93,4,4
15656,73,73,0,0
15657,75,68,7,7
15658,127,115,12,12
15659,52,71,-19,19
15660,69,60,9,9
15661,152,139,13,13
15662,87,84,3,3
15663,130,109,21,21
15664,72,78,-6,6
15665,114,113,1,1
15666,75,68,7,7
15667,136,120,16,16
15668,77,72,5,5
15669,88,83,5,5
15670,64,70,-6,6
15671,90,78,12,12
15672,174,166,8,8
15673,57,63,-6,6
15674,56,63,-7,7
15675,78,73,5,5
15676,81,73,8,8
15677,67,58,9,9
15678,123,108,15,15
15679,146,135,11,11
15680,123,121,2,2
15681,98,99,-1,1
15682,61,63,-2,2
15683,109,107,2,2
15684,76,80,-4,4
15685,121,118,3,3
15686,81,79,2,2
15687,38,57,-19,19
15688,70,70,0,0
15689,83,75,8,8
15690,100,94,6,6
15691,79,86,-7,7
15692,98,100,-2,2
15693,79,70,9,9
15694,196,170,26,26
15695,137,131,6,6
15696,67,67,0,0
15697,87,85,2,2
15698,79,77,2,2
15699,84,80,4,4
15700,104,113,-9,9
15701,105,112,-7,7
15702,113,101,12,12
15703,54,56,-2,2
15704,77,71,6,6
15705,124,120,4,4
15706,103,98,5,5
15707,175,149,26,26
15708,67,60,7,7
15709,86,85,1,1
15710,65,68,-3,3
15711,74,70,4,4
15712,85,64,21,21
15713,77,73,4,4
15714,94,91,3,3
15715,163,139,24,24
15716,107,100,7,7
15717,126,119,7,7
15718,97,88,9,9
15719,80,75,5,5
15720,150,147,3,3
15721,67,73,-6,6
15722,120,99,21,21
15723,86,94,-8,8
15724,80,76,4,4
15725,79,75,4,4
15726,98,90,8,8
15727,100,102,-2,2
15728,105,102,3,3
15729,140,152,-12,12
15730,110,96,14,14
15731,101,89,12,12
15732,50,58,-8,8
15733,132,121,11,11
15734,160,152,8,8
15735,119,104,15,15
15736,94,86,8,8
15737,83,80,3,3
15738,92,87,5,5
15739,76,64,12,12
15740,103,99,4,4
15741,93,93,0,0
15742,67,72,-5,5
15743,104,113,-9,9
15744,123,117,6,6
15745,90,76,14,14
15746,75,77,-2,2
15747,120,111,9,9
15748,66,60,6,6
15749,106,103,3,3
15750,120,109,11,11
15751,98,79,19,19
15752,105,104,1,1
15753,97,95,2,2
15754,101,92,9,9
15755,80,80,0,0
15756,87,81,6,6
15757,68,60,8,8
15758,160,144,16,16
15759,77,76,1,1
15760,65,67,-2,2
15761,90,88,2,2
15762,34,54,-20,20
15763,90,95,-5,5
15764,83,70,13,13
15765,47,52,-5,5
15766,47,67,-20,20
15767,106,111,-5,5
15768,63,64,-1,1
15769,96,94,2,2
15770,108,113,-5,5
15771,85,83,2,2
15772,157,136,21,21
15773,90,66,24,24
15774,116,115,1,1
15775,132,125,7,7
15776,123,111,12,12
15777,118,110,8,8
15778,45,54,-9,9
15779,60,58,2,2
15780,179,152,27,27
15781,111,109,2,2
15782,118,118,0,0
15783,87,94,-7,7
15784,51,57,-6,6
15785,37,54,-17,17
15786,91,87,4,4
15787,69,70,-1,1
15788,130,110,20,20
15789,102,106,-4,4
15790,93,98,-5,5
15791,129,120,9,9
15792,54,53,1,1
15793,70,68,2,2
15794,125,110,15,15
15795,59,61,-2,2
15796,46,51,-5,5
15797,64,68,-4,4
15798,113,96,17,17
15799,110,92,18,18
15800,46,54,-8,8
15801,134,138,-4,4
15802,71,81,-10,10
15803,143,136,7,7
15804,63,61,2,2
15805,120,111,9,9
15806,86,74,12,12
15807,74,78,-4,4
15808,118,120,-2,2
15809,61,64,-3,3
15810,65,60,5,5
15811,136,120,16,16
15812,85,86,-1,1
15813,105,86,19,19
15814,146,136,10,10
15815,98,101,-3,3
15816,30,53,-23,23
15817,76,73,3,3
15818,148,134,14,14
15819,126,109,17,17
15820,121,111,10,10
15821,173,121,52,52
15822,68,79,-11,11
15823,100,100,0,0
15824,109,109,0,0
15825,73,78,-5,5
15826,97,93,4,4
15827,92,86,6,6
15828,97,89,8,8
15829,88,94,-6,6
15830,159,138,21,21
15831,104,97,7,7
15832,65,64,1,1
15833,84,77,7,7
15834,82,81,1,1
15835,100,105,-5,5
15836,105,102,3,3
15837,70,76,-6,6
15838,77,70,7,7
15839,111,106,5,5
15840,96,84,12,12
15841,98,105,-7,7
15842,89,86,3,3
15843,62,65,-3,3
15844,144,124,20,20
15845,134,122,12,12
15846,96,95,1,1
15847,64,73,-9,9
15848,74,71,3,3
15849,113,104,9,9
15850,125,127,-2,2
15851,122,109,13,13
15852,66,70,-4,4
15853,46,53,-7,7
15854,115,112,3,3
15855,59,61,-2,2
15856,76,69,7,7
15857,97,91,6,6
15858,125,121,4,4
15859,138,107,31,31
15860,24,51,-27,27
15861,34,51,-17,17
15862,77,74,3,3
15863,112,118,-6,6
15864,123,115,8,8
15865,88,85,3,3
15866,130,118,12,12
15867,108,104,4,4
15868,52,54,-2,2
15869,112,113,-1,1
15870,41,51,-10,10
15871,68,76,-8,8
15872,111,106,5,5
15873,97,99,-2,2
15874,73,73,0,0
15875,75,70,5,5
15876,79,89,-10,10
15877,62,70,-8,8
15878,75,89,-14,14
15879,128,120,8,8
15880,113,111,2,2
15881,49,52,-3,3
15882,65,61,4,4
15883,64,63,1,1
15884,97,103,-6,6
15885,117,103,14,14
15886,62,60,2,2
15887,75,90,-15,15
15888,80,84,-4,4
15889,63,66,-3,3
15890,50,57,-7,7
15891,112,107,5,5
15892,129,123,6,6
15893,78,72,6,6
15894,102,100,2,2
15895,101,91,10,10
15896,67,67,0,0
15897,49,54,-5,5
15898,184,161,23,23
15899,81,76,5,5
15900,70,65,5,5
15901,95,83,12,12
15902,111,100,11,11
15903,141,128,13,13
15904,105,110,-5,5
15905,54,53,1,1
15906,78,74,4,4
15907,155,136,19,19
15908,134,122,12,12
15909,88,76,12,12
15910,66,73,-7,7
15911,64,68,-4,4
15912,60,67,-7,7
15913,94,88,6,6
15914,103,88,15,15
15915,146,135,11,11
15916,74,83,-9,9
15917,73,64,9,9
15918,62,64,-2,2
15919,103,98,5,5
15920,126,116,10,10
15921,96,87,9,9
15922,160,141,19,19
15923,118,112,6,6
15924,128,113,15,15
15925,191,172,19,19
15926,123,111,12,12
15927,107,101,6,6
15928,55,54,1,1
15929,47,54,-7,7
15930,55,55,0,0
15931,58,60,-2,2
15932,107,103,4,4
15933,76,72,4,4
15934,96,80,16,16
15935,57,55,2,2
15936,110,113,-3,3
15937,79,73,6,6
15938,65,68,-3,3
15939,123,108,15,15
15940,61,52,9,9
15941,65,72,-7,7
15942,113,103,10,10
15943,49,52,-3,3
15944,82,89,-7,7
15945,98,97,1,1
15946,75,76,-1,1
15947,112,113,-1,1
15948,113,100,13,13
15949,94,91,3,3
15950,58,55,3,3
15951,64,66,-2,2
15952,105,109,-4,4
15953,101,97,4,4
15954,68,69,-1,1
15955,101,91,10,10
15956,52,54,-2,2
15957,70,66,4,4
15958,97,126,-29,29
15959,117,104,13,13
15960,68,68,0,0
15961,127,106,21,21
15962,69,73,-4,4
15963,90,94,-4,4
15964,40,56,-16,16
15965,114,104,10,10
15966,98,96,2,2
15967,66,67,-1,1
15968,67,79,-12,12
15969,190,178,12,12
15970,104,97,7,7
15971,74,83,-9,9
15972,69,54,15,15
15973,86,92,-6,6
15974,102,90,12,12
15975,122,111,11,11
15976,142,125,17,17
15977,103,85,18,18
15978,164,147,17,17
15979,110,122,-12,12
15980,64,63,1,1
15981,74,69,5,5
15982,61,57,4,4
15983,63,66,-3,3
15984,100,84,16,16
15985,107,103,4,4
15986,102,95,7,7
15987,31,52,-21,21
15988,147,130,17,17
15989,60,61,-1,1
15990,86,80,6,6
15991,114,121,-7,7
15992,103,112,-9,9
15993,75,74,1,1
15994,95,101,-6,6
15995,87,75,12,12
15996,99,83,16,16
15997,114,110,4,4
15998,76,81,-5,5
15999,120,120,0,0
16000,90,82,8,8
16001,64,60,4,4
16002,113,103,10,10
16003,66,61,5,5
16004,123,104,19,19
16005,132,116,16,16
16006,124,103,21,21
16007,56,57,-1,1
16008,125,127,-2,2
16009,101,99,2,2
16010,89,81,8,8
16011,57,64,-7,7
16012,98,86,12,12
16013,101,98,3,3
16014,82,84,-2,2
16015,128,132,-4,4
16016,56,58,-2,2
16017,162,155,7,7
16018,84,91,-7,7
16019,79,72,7,7
16020,53,57,-4,4
16021,55,60,-5,5
16022,62,60,2,2
16023,73,75,-2,2
16024,42,51,-9,9
16025,127,135,-8,8
16026,52,55,-3,3
16027,121,121,0,0
16028,75,81,-6,6
16029,89,82,7,7
16030,64,61,3,3
16031,36,52,-16,16
16032,89,78,11,11
16033,72,63,9,9
16034,148,141,7,7
16035,106,102,4,4
16036,158,154,4,4
16037,131,121,10,10
16038,130,125,5,5
16039,77,70,7,7
16040,136,121,15,15
16041,102,99,3,3
16042,86,85,1,1
16043,89,80,9,9
16044,101,89,12,12
16045,99,95,4,4
16046,100,90,10,10
16047,69,70,-1,1
16048,92,79,13,13
16049,69,71,-2,2
16050,128,118,10,10
16051,151,138,13,13
16052,39,52,-13,13
16053,44,54,-10,10
16054,74,78,-4,4
16055,82,74,8,8
16056,140,125,15,15
16057,120,103,17,17
16058,79,63,16,16
16059,89,89,0,0
16060,158,176,-18,18
16061,105,123,-18,18
16062,113,112,1,1
16063,58,56,2,2
16064,95,88,7,7
16065,82,85,-3,3
16066,140,125,15,15
16067,66,70,-4,4
16068,94,90,4,4
16069,116,114,2,2
16070,70,77,-7,7
16071,90,87,3,3
16072,73,81,-8,8
16073,62,100,-38,38
16074,55,56,-1,1
16075,87,83,4,4
16076,97,98,-1,1
16077,75,71,4,4
16078,113,104,9,9
16079,148,124,24,24
16080,144,160,-16,16
16081,64,56,8,8
16082,117,100,17,17
16083,89,83,6,6
16084,106,100,6,6
16085,130,111,19,19
16086,91,97,-6,6
16087,52,53,-1,1
16088,54,60,-6,6
16089,117,98,19,19
16090,127,128,-1,1
16091,104,89,15,15
16092,122,113,9,9
16093,67,64,3,3
16094,73,76,-3,3
16095,84,81,3,3
16096,63,59,4,4
16097,199,180,19,19
16098,138,146,-8,8
16099,85,79,6,6
16100,112,112,0,0
16101,100,99,1,1
16102,184,179,5,5
16103,90,86,4,4
16104,55,60,-5,5
16105,142,128,14,14
16106,124,122,2,2
16107,83,92,-9,9
16108,79,85,-6,6
16109,52,71,-19,19
16110,92,90,2,2
16111,71,70,1,1
16112,47,53,-6,6
16113,83,81,2,2
16114,68,65,3,3
16115,65,69,-4,4
16116,99,90,9,9
16117,114,118,-4,4
16118,98,98,0,0
16119,84,101,-17,17
16120,181,152,29,29
16121,51,54,-3,3
16122,95,79,16,16
16123,77,74,3,3
16124,70,73,-3,3
16125,103,94,9,9
16126,106,91,15,15
16127,70,78,-8,8
16128,92,88,4,4
16129,104,111,-7,7
16130,49,58,-9,9
16131,62,70,-8,8
16132,52,55,-3,3
16133,88,84,4,4
16134,84,74,10,10
16135,80,80,0,0
16136,55,57,-2,2
16137,84,76,8,8
16138,158,128,30,30
16139,76,68,8,8
16140,58,63,-5,5
16141,94,80,14,14
16142,44,53,-9,9
16143,96,91,5,5
16144,134,119,15,15
16145,124,116,8,8
16146,137,133,4,4
16147,139,126,13,13
16148,40,52,-12,12
16149,64,64,0,0
16150,100,96,4,4
16151,90,89,1,1
16152,88,83,5,5
16153,80,78,2,2
16154,67,65,2,2
16155,96,92,4,4
16156,74,62,12,12
16157,80,69,11,11
16158,54,59,-5,5
16159,133,126,7,7
16160,71,66,5,5
16161,151,133,18,18
16162,150,141,9,9
16163,107,105,2,2
16164,104,104,0,0
16165,96,91,5,5
16166,164,153,11,11
16167,61,72,-11,11
16168,95,92,3,3
16169,120,112,8,8
16170,107,106,1,1
16171,116,103,13,13
16172,89,83,6,6
16173,42,52,-10,10
16174,74,73,1,1
16175,100,104,-4,4
16176,66,59,7,7
16177,105,104,1,1
16178,108,90,18,18
16179,144,140,4,4
16180,118,119,-1,1
16181,82,76,6,6
16182,164,133,31,31
16183,125,124,1,1
16184,68,72,-4,4
16185,102,99,3,3
16186,109,113,-4,4
16187,111,95,16,16
16188,115,101,14,14
16189,58,54,4,4
16190,109,96,13,13
16191,90,86,4,4
16192,99,90,9,9
16193,124,132,-8,8
16194,147,114,33,33
16195,67,63,4,4
16196,89,88,1,1
16197,77,67,10,10
16198,106,124,-18,18
16199,78,77,1,1
16200,58,67,-9,9
16201,119,108,11,11
16202,74,78,-4,4
16203,80,77,3,3
16204,143,131,12,12
16205,160,135,25,25
16206,117,108,9,9
16207,79,70,9,9
16208,103,100,3,3
16209,88,71,17,17
16210,74,78,-4,4
16211,96,96,0,0
16212,94,110,-16,16
16213,66,62,4,4
16214,43,55,-12,12
16215,137,126,11,11
16216,89,83,6,6
16217,95,98,-3,3
16218,172,165,7,7
16219,37,52,-15,15
16220,75,76,-1,1
16221,112,108,4,4
16222,98,99,-1,1
16223,137,128,9,9
16224,122,110,12,12
16225,55,53,2,2
16226,65,60,5,5
16227,105,105,0,0
16228,67,69,-2,2
16229,115,102,13,13
16230,35,63,-28,28
16231,95,90,5,5
16232,62,55,7,7
16233,60,58,2,2
16234,142,124,18,18
16235,74,82,-8,8
16236,100,92,8,8
16237,179,98,81,81
16238,173,149,24,24
16239,161,152,9,9
16240,76,74,2,2
16241,79,87,-8,8
16242,116,103,13,13
16243,58,59,-1,1
16244,83,78,5,5
16245,48,55,-7,7
16246,74,70,4,4
16247,57,65,-8,8
16248,84,77,7,7
16249,114,100,14,14
16250,72,59,13,13
16251,96,100,-4,4
16252,113,132,-19,19
16253,105,94,11,11
16254,149,130,19,19
16255,62,62,0,0
16256,72,60,12,12
16257,77,73,4,4
16258,152,137,15,15
16259,94,84,10,10
16260,115,108,7,7
16261,56,54,2,2
16262,65,65,0,0
16263,111,100,11,11
16264,73,78,-5,5
16265,75,71,4,4
16266,90,86,4,4
16267,121,123,-2,2
16268,111,101,10,10
16269,179,158,21,21
16270,136,133,3,3
16271,111,109,2,2
16272,35,65,-30,30
16273,90,84,6,6
16274,58,56,2,2
16275,172,153,19,19
16276,77,72,5,5
16277,81,72,9,9
16278,31,52,-21,21
16279,87,89,-2,2
16280,63,77,-14,14
16281,114,101,13,13
16282,96,92,4,4
16283,83,79,4,4
16284,117,120,-3,3
16285,121,99,22,22
16286,89,87,2,2
16287,106,104,2,2
16288,108,97,11,11
16289,121,113,8,8
16290,160,141,19,19
16291,110,104,6,6
16292,87,74,13,13
16293,107,104,3,3
16294,117,115,2,2
16295,74,74,0,0
16296,96,93,3,3
16297,133,123,10,10
16298,81,89,-8,8
16299,81,80,1,1
16300,76,73,3,3
16301,57,61,-4,4
16302,131,132,-1,1
16303,91,80,11,11
16304,39,56,-17,17
16305,119,108,11,11
16306,138,124,14,14
16307,105,107,-2,2
16308,77,72,5,5
16309,132,131,1,1
16310,58,60,-2,2
16311,42,52,-10,10
16312,67,65,2,2
16313,54,54,0,0
16314,74,70,4,4
16315,95,94,1,1
16316,73,67,6,6
16317,75,86,-11,11
16318,58,63,-5,5
16319,112,101,11,11
16320,114,100,14,14
16321,118,119,-1,1
16322,63,61,2,2
16323,59,67,-8,8
16324,56,56,0,0
16325,66,63,3,3
16326,64,66,-2,2
16327,100,88,12,12
16328,97,94,3,3
16329,155,138,17,17
16330,93,80,13,13
16331,123,117,6,6
16332,89,75,14,14
16333,76,80,-4,4
16334,178,165,13,13
16335,67,57,10,10
16336,112,102,10,10
16337,105,101,4,4
16338,95,87,8,8
16339,81,79,2,2
16340,67,75,-8,8
16341,79,69,10,10
16342,117,119,-2,2
16343,72,75,-3,3
16344,103,102,1,1
16345,109,102,7,7
16346,59,60,-1,1
16347,101,95,6,6
16348,112,108,4,4
16349,158,140,18,18
16350,119,115,4,4
16351,92,85,7,7
16352,38,52,-14,14
16353,66,70,-4,4
16354,69,79,-10,10
16355,51,59,-8,8
16356,200,158,42,42
16357,93,83,10,10
16358,97,94,3,3
16359,171,134,37,37
16360,65,72,-7,7
16361,102,93,9,9
16362,72,69,3,3
16363,55,56,-1,1
16364,118,96,22,22
16365,86,78,8,8
16366,135,120,15,15
16367,78,70,8,8
16368,115,114,1,1
16369,140,140,0,0
16370,61,63,-2,2
16371,48,55,-7,7
16372,78,72,6,6
16373,195,181,14,14
16374,48,59,-11,11
16375,71,66,5,5
16376,126,119,7,7
16377,207,178,29,29
16378,111,95,16,16
16379,75,84,-9,9
16380,106,101,5,5
16381,84,78,6,6
16382,140,131,9,9
16383,77,93,-16,16
16384,88,84,4,4
16385,63,62,1,1
16386,146,132,14,14
16387,43,53,-10,10
16388,87,84,3,3
16389,63,58,5,5
16390,92,99,-7,7
16391,64,69,-5,5
16392,107,93,14,14
16393,114,103,11,11
16394,76,67,9,9
16395,108,114,-6,6
16396,61,57,4,4
16397,157,148,9,9
16398,161,141,20,20
16399,81,78,3,3
16400,42,52,-10,10
16401,120,87,33,33
16402,118,98,20,20
16403,99,92,7,7
16404,78,79,-1,1
16405,39,52,-13,13
16406,62,62,0,0
16407,93,79,14,14
16408,51,56,-5,5
16409,63,81,-18,18
16410,131,136,-5,5
16411,117,97,20,20
16412,96,87,9,9
16413,158,147,11,11
16414,88,87,1,1
16415,77,82,-5,5
16416,84,82,2,2
16417,123,118,5,5
16418,84,76,8,8
16419,122,120,2,2
16420,88,88,0,0
16421,73,62,11,11
16422,198,176,22,22
16423,87,75,12,12
16424,76,81,-5,5
16425,85,85,0,0
16426,86,92,-6,6
16427,161,159,2,2
16428,132,103,29,29
16429,65,57,8,8
16430,65,56,9,9
16431,155,140,15,15
16432,94,96,-2,2
16433,91,83,8,8
16434,94,104,-10,10
16435,132,125,7,7
16436,74,74,0,0
16437,134,127,7,7
16438,186,171,15,15
16439,117,109,8,8
16440,128,120,8,8
16441,49,56,-7,7
16442,52,54,-2,2
16443,54,53,1,1
16444,49,57,-8,8
16445,61,64,-3,3
16446,87,82,5,5
16447,121,123,-2,2
16448,110,107,3,3
16449,29,53,-24,24
16450,75,69,6,6
16451,119,119,0,0
16452,100,90,10,10
16453,73,89,-16,16
16454,71,74,-3,3
16455,61,81,-20,20
16456,91,102,-11,11
16457,68,76,-8,8
16458,79,76,3,3
16459,141,141,0,0
16460,89,88,1,1
16461,132,123,9,9
16462,110,105,5,5
16463,70,72,-2,2
16464,49,53,-4,4
16465,99,97,2,2
16466,60,55,5,5
16467,94,91,3,3
16468,89,84,5,5
16469,149,138,11,11
16470,78,70,8,8
16471,133,134,-1,1
16472,134,134,0,0
16473,65,69,-4,4
16474,117,101,16,16
16475,96,90,6,6
16476,130,110,20,20
16477,138,130,8,8
16478,85,86,-1,1
16479,128,120,8,8
16480,84,79,5,5
16481,127,110,17,17
16482,67,67,0,0
16483,149,151,-2,2
16484,77,71,6,6
16485,91,89,2,2
16486,137,124,13,13
16487,142,131,11,11
16488,68,71,-3,3
16489,129,126,3,3
16490,120,106,14,14
16491,38,54,-16,16
16492,109,103,6,6
16493,101,88,13,13
16494,66,94,-28,28
16495,61,67,-6,6
16496,107,101,6,6
16497,112,94,18,18
16498,114,123,-9,9
16499,96,94,2,2
16500,136,126,10,10
16501,60,63,-3,3
16502,108,95,13,13
16503,109,102,7,7
16504,98,91,7,7
16505,53,67,-14,14
16506,68,58,10,10
16507,114,107,7,7
16508,181,172,9,9
16509,121,108,13,13
16510,67,63,4,4
16511,78,67,11,11
16512,74,70,4,4
16513,47,53,-6,6
16514,113,116,-3,3
16515,41,52,-11,11
16516,57,64,-7,7
16517,68,59,9,9
16518,88,91,-3,3
16519,76,87,-11,11
16520,96,94,2,2
16521,45,52,-7,7
16522,119,111,8,8
16523,104,107,-3,3
16524,111,102,9,9
16525,62,55,7,7
16526,94,90,4,4
16527,86,79,7,7
16528,78,85,-7,7
16529,132,127,5,5
16530,105,100,5,5
16531,141,120,21,21
16532,59,58,1,1
16533,205,158,47,47
16534,91,85,6,6
16535,87,102,-15,15
16536,87,82,5,5
16537,102,82,20,20
16538,94,82,12,12
16539,77,75,2,2
16540,61,61,0,0
16541,152,133,19,19
16542,85,84,1,1
16543,120,111,9,9
16544,83,88,-5,5
16545,135,129,6,6
16546,52,54,-2,2
16547,79,72,7,7
16548,50,56,-6,6
16549,152,137,15,15
16550,80,70,10,10
16551,83,85,-2,2
16552,163,153,10,10
16553,75,83,-8,8
16554,72,69,3,3
16555,93,87,6,6
16556,118,98,20,20
16557,84,83,1,1
16558,72,67,5,5
16559,75,74,1,1
16560,79,77,2,2
16561,84,84,0,0
16562,88,88,0,0
16563,99,95,4,4
16564,59,60,-1,1
16565,112,106,6,6
16566,128,107,21,21
16567,115,108,7,7
16568,101,112,-11,11
16569,60,57,3,3
16570,80,84,-4,4
16571,134,131,3,3
16572,72,70,2,2
16573,160,143,17,17
16574,123,118,5,5
16575,111,103,8,8
16576,61,66,-5,5
16577,68,68,0,0
16578,131,134,-3,3
16579,135,118,17,17
16580,217,205,12,12
16581,56,55,1,1
16582,86,89,-3,3
16583,104,97,7,7
16584,87,92,-5,5
16585,76,74,2,2
16586,137,123,14,14
16587,86,84,2,2
16588,53,55,-2,2
16589,82,83,-1,1
16590,52,53,-1,1
16591,85,80,5,5
16592,110,100,10,10
16593,58,56,2,2
16594,103,103,0,0
16595,40,53,-13,13
16596,70,66,4,4
16597,50,52,-2,2
16598,69,70,-1,1
16599,108,109,-1,1
16600,82,71,11,11
16601,138,125,13,13
16602,103,100,3,3
16603,119,105,14,14
16604,111,96,15,15
16605,154,137,17,17
16606,131,119,12,12
16607,67,65,2,2
16608,76,69,7,7
16609,104,99,5,5
16610,134,116,18,18
16611,41,56,-15,15
16612,54,55,-1,1
16613,116,110,6,6
16614,58,58,0,0
16615,74,81,-7,7
16616,101,100,1,1
16617,62,60,2,2
16618,141,134,7,7
16619,93,85,8,8
16620,98,93,5,5
16621,88,96,-8,8
16622,33,52,-19,19
16623,115,120,-5,5
16624,86,82,4,4
16625,156,140,16,16
16626,66,62,4,4
16627,93,80,13,13
16628,61,61,0,0
16629,128,119,9,9
16630,161,138,23,23
16631,51,55,-4,4
16632,59,65,-6,6
16633,97,92,5,5
16634,157,137,20,20
16635,91,97,-6,6
16636,67,57,10,10
16637,90,91,-1,1
16638,82,79,3,3
16639,104,95,9,9
16640,96,91,5,5
16641,122,124,-2,2
16642,86,80,6,6
16643,126,120,6,6
16644,87,81,6,6
16645,77,79,-2,2
16646,117,106,11,11
16647,144,124,20,20
16648,86,73,13,13
16649,61,56,5,5
16650,79,95,-16,16
16651,96,89,7,7
16652,89,93,-4,4
16653,89,93,-4,4
16654,110,102,8,8
16655,87,74,13,13
16656,39,53,-14,14
16657,98,91,7,7
16658,151,139,12,12
16659,89,84,5,5
16660,67,66,1,1
16661,71,67,4,4
16662,119,108,11,11
16663,86,83,3,3
16664,147,134,13,13
16665,51,52,-1,1
16666,83,89,-6,6
16667,83,81,2,2
16668,54,56,-2,2
16669,138,117,21,21
16670,64,63,1,1
16671,80,75,5,5
16672,58,63,-5,5
16673,92,85,7,7
16674,56,70,-14,14
16675,114,119,-5,5
16676,58,60,-2,2
16677,51,54,-3,3
16678,111,103,8,8
16679,66,75,-9,9
16680,64,64,0,0
16681,99,104,-5,5
16682,73,66,7,7
16683,110,93,17,17
16684,99,108,-9,9
16685,92,82,10,10
16686,57,54,3,3
16687,138,128,10,10
16688,156,151,5,5
16689,113,104,9,9
16690,37,52,-15,15
16691,119,110,9,9
16692,109,108,1,1
16693,137,127,10,10
16694,187,141,46,46
16695,77,81,-4,4
16696,78,70,8,8
16697,89,89,0,0
16698,144,140,4,4
16699,111,104,7,7
16700,46,55,-9,9
16701,119,112,7,7
16702,89,74,15,15
16703,85,72,13,13
16704,155,131,24,24
16705,164,160,4,4
16706,176,160,16,16
16707,61,63,-2,2
16708,143,141,2,2
16709,66,56,10,10
16710,138,122,16,16
16711,107,101,6,6
16712,80,72,8,8
16713,95,88,7,7
16714,94,101,-7,7
16715,90,84,6,6
16716,65,66,-1,1
16717,75,67,8,8
16718,54,56,-2,2
16719,84,81,3,3
16720,129,114,15,15
16721,142,117,25,25
16722,96,100,-4,4
16723,112,112,0,0
16724,93,79,14,14
16725,57,57,0,0
16726,36,53,-17,17
16727,46,54,-8,8
16728,94,94,0,0
16729,57,62,-5,5
16730,106,107,-1,1
16731,130,126,4,4
16732,62,62,0,0
16733,89,90,-1,1
16734,137,125,12,12
16735,107,109,-2,2
16736,58,56,2,2
16737,73,68,5,5
16738,86,86,0,0
16739,103,93,10,10
16740,121,117,4,4
16741,66,57,9,9
16742,87,90,-3,3
16743,59,55,4,4
16744,109,108,1,1
16745,79,86,-7,7
16746,68,65,3,3
16747,66,66,0,0
16748,72,68,4,4
16749,100,92,8,8
16750,102,97,5,5
16751,55,58,-3,3
16752,98,87,11,11
16753,107,103,4,4
16754,77,65,12,12
16755,76,78,-2,2
16756,65,65,0,0
16757,134,114,20,20
16758,39,54,-15,15
16759,123,122,1,1
16760,64,61,3,3
16761,105,97,8,8
16762,66,66,0,0
16763,203,185,18,18
16764,144,114,30,30
16765,75,79,-4,4
16766,106,99,7,7
16767,104,99,5,5
16768,73,77,-4,4
16769,83,68,15,15
16770,81,93,-12,12
16771,83,83,0,0
16772,100,102,-2,2
16773,103,93,10,10
16774,76,71,5,5
16775,66,65,1,1
16776,72,72,0,0
16777,87,95,-8,8
16778,81,95,-14,14
16779,109,100,9,9
16780,103,90,13,13
16781,112,117,-5,5
16782,170,153,17,17
16783,89,85,4,4
16784,73,76,-3,3
16785,59,57,2,2
16786,135,124,11,11
16787,61,63,-2,2
16788,78,80,-2,2
16789,125,110,15,15
16790,64,72,-8,8
16791,54,56,-2,2
16792,119,111,8,8
16793,92,94,-2,2
16794,117,109,8,8
16795,88,77,11,11
16796,99,93,6,6
16797,48,54,-6,6
16798,123,118,5,5
16799,113,112,1,1
16800,98,95,3,3
16801,66,61,5,5
16802,82,75,7,7
16803,38,72,-34,34
16804,86,83,3,3
16805,135,139,-4,4
16806,140,130,10,10
16807,73,68,5,5
16808,95,93,2,2
16809,40,53,-13,13
16810,67,84,-17,17
16811,160,145,15,15
16812,121,109,12,12
16813,104,84,20,20
16814,98,93,5,5
16815,125,111,14,14
16816,119,102,17,17
16817,109,110,-1,1
16818,73,73,0,0
16819,212,182,30,30
16820,81,73,8,8
16821,104,97,7,7
16822,44,54,-10,10
16823,82,64,18,18
16824,181,150,31,31
16825,50,53,-3,3
16826,90,98,-8,8
16827,87,81,6,6
16828,76,86,-10,10
16829,211,192,19,19
16830,104,93,11,11
16831,114,105,9,9
16832,143,139,4,4
16833,142,133,9,9
16834,153,161,-8,8
16835,60,58,2,2
16836,60,63,-3,3
16837,111,90,21,21
16838,143,146,-3,3
16839,76,78,-2,2
16840,73,70,3,3
16841,76,66,10,10
16842,75,72,3,3
16843,58,61,-3,3
16844,57,57,0,0
16845,112,103,9,9
16846,151,132,19,19
16847,51,53,-2,2
16848,64,66,-2,2
16849,80,79,1,1
16850,89,81,8,8
16851,155,141,14,14
16852,97,89,8,8
16853,82,84,-2,2
16854,122,113,9,9
16855,110,110,0,0
16856,91,83,8,8
16857,27,62,-35,35
16858,55,56,-1,1
16859,107,100,7,7
16860,61,64,-3,3
16861,67,73,-6,6
16862,111,115,-4,4
16863,95,90,5,5
16864,129,122,7,7
16865,165,169,-4,4
16866,139,124,15,15
16867,97,125,-28,28
16868,88,83,5,5
16869,64,71,-7,7
16870,83,75,8,8
16871,118,110,8,8
16872,81,75,6,6
16873,78,72,6,6
16874,164,158,6,6
16875,60,86,-26,26
16876,23,53,-30,30
16877,60,59,1,1
16878,58,61,-3,3
16879,102,103,-1,1
16880,100,95,5,5
16881,103,102,1,1
16882,98,85,13,13
16883,136,134,2,2
16884,110,103,7,7
16885,95,92,3,3
16886,113,107,6,6
16887,143,151,-8,8
16888,141,132,9,9
16889,117,105,12,12
16890,63,68,-5,5
16891,83,72,11,11
16892,52,55,-3,3
16893,95,103,-8,8
16894,85,83,2,2
16895,75,80,-5,5
16896,137,128,9,9
16897,81,78,3,3
16898,55,69,-14,14
16899,128,104,24,24
16900,135,112,23,23
16901,107,96,11,11
16902,68,69,-1,1
16903,95,92,3,3
16904,131,117,14,14
16905,106,99,7,7
16906,84,97,-13,13
16907,120,117,3,3
16908,69,68,1,1
16909,93,94,-1,1
16910,100,94,6,6
16911,152,136,16,16
16912,139,142,-3,3
16913,109,103,6,6
16914,122,113,9,9
16915,70,69,1,1
16916,89,79,10,10
16917,81,68,13,13
16918,59,58,1,1
16919,74,73,1,1
16920,121,101,20,20
16921,88,79,9,9
16922,72,89,-17,17
16923,107,102,5,5
16924,47,58,-11,11
16925,105,98,7,7
16926,61,69,-8,8
16927,116,110,6,6
16928,110,99,11,11
16929,63,58,5,5
16930,121,111,10,10
16931,52,54,-2,2
16932,92,77,15,15
16933,102,114,-12,12
16934,86,84,2,2
16935,171,179,-8,8
16936,97,103,-6,6
16937,105,89,16,16
16938,127,122,5,5
16939,84,89,-5,5
16940,99,86,13,13
16941,65,59,6,6
16942,86,71,15,15
16943,107,94,13,13
16944,84,80,4,4
16945,136,121,15,15
16946,82,72,10,10
16947,52,56,-4,4
16948,103,112,-9,9
16949,102,98,4,4
16950,126,115,11,11
16951,185,160,25,25
16952,143,130,13,13
16953,48,61,-13,13
16954,142,114,28,28
16955,58,62,-4,4
16956,164,152,12,12
16957,95,90,5,5
16958,191,180,11,11
16959,115,112,3,3
16960,58,63,-5,5
16961,121,113,8,8
16962,101,94,7,7
16963,79,81,-2,2
16964,84,84,0,0
16965,69,64,5,5
16966,153,147,6,6
16967,67,72,-5,5
16968,69,80,-11,11
16969,71,74,-3,3
16970,94,94,0,0
16971,110,107,3,3
16972,105,101,4,4
16973,88,92,-4,4
16974,93,93,0,0
16975,70,63,7,7
16976,65,68,-3,3
16977,62,66,-4,4
16978,120,108,12,12
16979,55,59,-4,4
16980,73,77,-4,4
16981,102,96,6,6
16982,71,69,2,2
16983,111,123,-12,12
16984,156,147,9,9
16985,89,93,-4,4
16986,67,62,5,5
16987,71,72,-1,1
16988,71,73,-2,2
16989,108,96,12,12
16990,72,68,4,4
16991,80,72,8,8
16992,104,86,18,18
16993,111,109,2,2
16994,58,55,3,3
16995,68,62,6,6
16996,92,84,8,8
16997,161,145,16,16
16998,107,92,15,15
16999,66,74,-8,8
17000,76,80,-4,4
17001,105,97,8,8
17002,140,126,14,14
17003,77,72,5,5
17004,70,73,-3,3
17005,133,120,13,13
17006,50,58,-8,8
17007,66,65,1,1
17008,60,70,-10,10
17009,72,74,-2,2
17010,123,101,22,22
17011,88,84,4,4
17012,110,103,7,7
17013,94,87,7,7
17014,88,80,8,8
17015,82,72,10,10
17016,107,119,-12,12
17017,69,63,6,6
17018,85,84,1,1
17019,81,82,-1,1
17020,57,58,-1,1
17021,124,109,15,15
17022,126,120,6,6
17023,59,56,3,3
17024,78,80,-2,2
17025,112,113,-1,1
17026,87,94,-7,7
17027,101,87,14,14
17028,101,93,8,8
17029,150,142,8,8
17030,135,120,15,15
17031,146,139,7,7
17032,61,60,1,1
17033,103,94,9,9
17034,134,119,15,15
17035,68,68,0,0
17036,84,73,11,11
17037,59,60,-1,1
17038,115,109,6,6
17039,98,80,18,18
17040,118,121,-3,3
17041,97,97,0,0
17042,94,101,-7,7
17043,143,125,18,18
17044,119,114,5,5
17045,82,88,-6,6
17046,86,92,-6,6
17047,79,80,-1,1
17048,178,174,4,4
17049,151,132,19,19
17050,133,124,9,9
17051,71,77,-6,6
17052,56,56,0,0
17053,61,57,4,4
17054,69,74,-5,5
17055,95,95,0,0
17056,98,89,9,9
17057,88,88,0,0
17058,86,84,2,2
17059,79,81,-2,2
17060,77,70,7,7
17061,88,100,-12,12
17062,110,101,9,9
17063,138,136,2,2
17064,98,101,-3,3
17065,99,89,10,10
17066,73,67,6,6
17067,143,132,11,11
17068,44,54,-10,10
17069,136,120,16,16
17070,150,135,15,15
17071,125,118,7,7
17072,134,122,12,12
17073,93,97,-4,4
17074,107,100,7,7
17075,38,53,-15,15
17076,133,140,-7,7
17077,151,142,9,9
17078,104,105,-1,1
17079,83,75,8,8
17080,124,103,21,21
17081,161,153,8,8
17082,72,69,3,3
17083,77,80,-3,3
17084,111,108,3,3
17085,107,101,6,6
17086,107,109,-2,2
17087,98,102,-4,4
17088,168,154,14,14
17089,100,87,13,13
17090,70,69,1,1
17091,68,63,5,5
17092,74,64,10,10
17093,129,125,4,4
17094,121,117,4,4
17095,69,63,6,6
17096,121,116,5,5
17097,103,98,5,5
17098,187,176,11,11
17099,61,59,2,2
17100,81,72,9,9
17101,117,121,-4,4
17102,46,59,-13,13
17103,77,74,3,3
17104,85,86,-1,1
17105,47,54,-7,7
17106,81,77,4,4
17107,99,85,14,14
17108,152,149,3,3
17109,58,66,-8,8
17110,45,55,-10,10
17111,87,83,4,4
17112,100,78,22,22
17113,41,54,-13,13
17114,184,150,34,34
17115,72,69,3,3
17116,38,52,-14,14
17117,79,94,-15,15
17118,98,84,14,14
17119,71,71,0,0
17120,62,63,-1,1
17121,90,78,12,12
17122,97,81,16,16
17123,52,54,-2,2
17124,74,65,9,9
17125,154,141,13,13
17126,99,92,7,7
17127,44,53,-9,9
17128,85,79,6,6
17129,128,117,11,11
17130,128,109,19,19
17131,78,88,-10,10
17132,62,64,-2,2
17133,112,117,-5,5
17134,63,67,-4,4
17135,88,85,3,3
17136,51,53,-2,2
17137,129,124,5,5
17138,65,61,4,4
17139,56,57,-1,1
17140,102,91,11,11
17141,87,80,7,7
17142,129,124,5,5
17143,61,64,-3,3
17144,79,74,5,5
17145,57,64,-7,7
17146,171,148,23,23
17147,90,88,2,2
17148,96,88,8,8
17149,91,86,5,5
17150,47,55,-8,8
17151,87,96,-9,9
17152,86,97,-11,11
17153,133,129,4,4
17154,133,122,11,11
17155,89,90,-1,1
17156,64,56,8,8
17157,54,56,-2,2
17158,99,109,-10,10
17159,91,88,3,3
17160,76,78,-2,2
17161,75,72,3,3
17162,72,68,4,4
17163,107,108,-1,1
17164,39,53,-14,14
17165,99,91,8,8
17166,121,113,8,8
17167,89,81,8,8
17168,132,127,5,5
17169,108,114,-6,6
17170,84,72,12,12
17171,104,99,5,5
17172,68,65,3,3
17173,55,57,-2,2
17174,74,67,7,7
17175,85,85,0,0
17176,63,59,4,4
17177,77,74,3,3
17178,103,100,3,3
17179,66,65,1,1
17180,77,67,10,10
17181,112,102,10,10
17182,127,134,-7,7
17183,100,101,-1,1
17184,59,62,-3,3
17185,111,101,10,10
17186,29,53,-24,24
17187,77,76,1,1
17188,98,95,3,3
17189,108,103,5,5
17190,196,182,14,14
17191,79,74,5,5
17192,150,144,6,6
17193,99,90,9,9
17194,73,68,5,5
17195,75,74,1,1
17196,62,70,-8,8
17197,77,78,-1,1
17198,100,86,14,14
17199,139,135,4,4
17200,80,74,6,6
17201,151,117,34,34
17202,125,122,3,3
17203,70,74,-4,4
17204,141,130,11,11
17205,76,80,-4,4
17206,74,80,-6,6
17207,108,94,14,14
17208,146,120,26,26
17209,65,61,4,4
17210,92,100,-8,8
17211,98,93,5,5
17212,112,116,-4,4
17213,155,134,21,21
17214,109,101,8,8
17215,127,114,13,13
17216,40,54,-14,14
17217,106,112,-6,6
17218,106,115,-9,9
17219,68,65,3,3
17220,73,72,1,1
17221,69,66,3,3
17222,93,93,0,0
17223,95,89,6,6
17224,99,92,7,7
17225,108,100,8,8
17226,77,76,1,1
17227,76,73,3,3
17228,102,99,3,3
17229,117,105,12,12
17230,88,84,4,4
17231,82,79,3,3
17232,99,93,6,6
17233,147,130,17,17
17234,66,64,2,2
17235,79,69,10,10
17236,62,67,-5,5
17237,175,160,15,15
17238,101,98,3,3
17239,64,67,-3,3
17240,74,75,-1,1
17241,72,84,-12,12
17242,64,66,-2,2
17243,73,68,5,5
17244,48,57,-9,9
17245,186,164,22,22
17246,100,117,-17,17
17247,120,110,10,10
17248,53,62,-9,9
17249,120,105,15,15
17250,98,100,-2,2
17251,34,53,-19,19
17252,97,91,6,6
17253,118,108,10,10
17254,128,108,20,20
17255,90,82,8,8
17256,63,65,-2,2
17257,160,139,21,21
17258,177,145,32,32
17259,185,168,17,17
17260,104,101,3,3
17261,68,67,1,1
17262,119,117,2,2
17263,110,97,13,13
17264,67,57,10,10
17265,56,58,-2,2
17266,160,144,16,16
17267,103,113,-10,10
17268,68,67,1,1
17269,112,113,-1,1
17270,75,69,6,6
17271,101,102,-1,1
17272,89,106,-17,17
17273,57,66,-9,9
17274,65,64,1,1
17275,95,101,-6,6
17276,93,93,0,0
17277,100,92,8,8
17278,127,127,0,0
17279,105,92,13,13
17280,58,55,3,3
17281,70,71,-1,1
17282,146,140,6,6
17283,90,83,7,7
17284,75,70,5,5
17285,92,89,3,3
17286,122,115,7,7
17287,77,77,0,0
17288,50,56,-6,6
17289,69,73,-4,4
17290,36,53,-17,17
17291,97,86,11,11
17292,81,82,-1,1
17293,127,130,-3,3
17294,142,135,7,7
17295,98,100,-2,2
17296,91,77,14,14
17297,84,83,1,1
17298,94,91,3,3
17299,71,78,-7,7
17300,87,75,12,12
17301,109,104,5,5
17302,58,53,5,5
17303,63,66,-3,3
17304,65,62,3,3
17305,45,53,-8,8
17306,87,71,16,16
17307,64,64,0,0
17308,82,80,2,2
17309,156,148,8,8
17310,138,113,25,25
17311,76,80,-4,4
17312,134,123,11,11
17313,115,107,8,8
17314,92,93,-1,1
17315,126,122,4,4
17316,103,103,0,0
17317,56,60,-4,4
17318,125,131,-6,6
17319,108,91,17,17
17320,69,66,3,3
17321,151,138,13,13
17322,88,91,-3,3
17323,101,96,5,5
17324,165,159,6,6
17325,151,126,25,25
17326,82,78,4,4
17327,65,61,4,4
17328,93,93,0,0
17329,102,97,5,5
17330,71,71,0,0
17331,66,67,-1,1
17332,101,98,3,3
17333,109,97,12,12
17334,67,59,8,8
17335,150,137,13,13
17336,71,61,10,10
17337,93,94,-1,1
17338,106,108,-2,2
17339,127,117,10,10
17340,167,158,9,9
17341,67,72,-5,5
17342,137,130,7,7
17343,90,85,5,5
17344,48,54,-6,6
17345,79,71,8,8
17346,72,77,-5,5
17347,139,132,7,7
17348,81,82,-1,1
17349,124,119,5,5
17350,114,102,12,12
17351,75,75,0,0
17352,73,73,0,0
17353,90,79,11,11
17354,156,149,7,7
17355,107,104,3,3
17356,88,85,3,3
17357,135,141,-6,6
17358,120,103,17,17
17359,55,66,-11,11
17360,58,62,-4,4
17361,104,107,-3,3
17362,53,52,1,1
17363,65,59,6,6
17364,71,69,2,2
17365,36,55,-19,19
17366,135,120,15,15
17367,159,148,11,11
17368,118,101,17,17
17369,93,96,-3,3
17370,91,90,1,1
17371,66,70,-4,4
17372,68,61,7,7
17373,81,75,6,6
17374,138,138,0,0
17375,68,67,1,1
17376,128,125,3,3
17377,97,104,-7,7
17378,83,85,-2,2
17379,194,174,20,20
17380,63,60,3,3
17381,68,62,6,6
17382,68,66,2,2
17383,89,91,-2,2
17384,103,91,12,12
17385,113,119,-6,6
17386,95,91,4,4
17387,93,80,13,13
17388,68,66,2,2
17389,57,53,4,4
17390,58,62,-4,4
17391,174,149,25,25
17392,71,69,2,2
17393,106,93,13,13
17394,63,61,2,2
17395,63,54,9,9
17396,126,114,12,12
17397,104,97,7,7
17398,83,81,2,2
17399,80,81,-1,1
17400,175,158,17,17
17401,77,94,-17,17
17402,146,129,17,17
17403,78,73,5,5
17404,114,99,15,15
17405,86,96,-10,10
17406,149,140,9,9
17407,170,159,11,11
17408,121,111,10,10
17409,61,58,3,3
17410,64,55,9,9
17411,67,59,8,8
17412,99,104,-5,5
17413,185,160,25,25
17414,56,65,-9,9
17415,99,94,5,5
17416,75,80,-5,5
17417,85,73,12,12
17418,92,82,10,10
17419,91,81,10,10
17420,80,72,8,8
17421,56,65,-9,9
17422,80,72,8,8
17423,135,123,12,12
17424,98,119,-21,21
17425,150,149,1,1
17426,53,62,-9,9
17427,106,100,6,6
17428,74,74,0,0
17429,196,176,20,20
17430,88,81,7,7
17431,47,55,-8,8
17432,101,106,-5,5
17433,110,100,10,10
17434,116,112,4,4
17435,96,100,-4,4
17436,65,58,7,7
17437,55,54,1,1
17438,140,136,4,4
17439,94,79,15,15
17440,89,77,12,12
17441,101,91,10,10
17442,80,69,11,11
17443,112,99,13,13
17444,106,110,-4,4
17445,103,107,-4,4
17446,60,60,0,0
17447,95,99,-4,4
17448,87,87,0,0
17449,45,54,-9,9
17450,92,90,2,2
17451,108,99,9,9
17452,98,90,8,8
17453,62,63,-1,1
17454,107,102,5,5
17455,74,65,9,9
17456,137,117,20,20
17457,75,72,3,3
17458,66,64,2,2
17459,100,88,12,12
17460,129,137,-8,8
17461,79,76,3,3
17462,111,98,13,13
17463,88,93,-5,5
17464,63,63,0,0
17465,95,99,-4,4
17466,74,72,2,2
17467,108,105,3,3
17468,115,104,11,11
17469,96,93,3,3
17470,146,127,19,19
17471,178,161,17,17
17472,171,154,17,17
17473,171,150,21,21
17474,151,141,10,10
17475,90,90,0,0
17476,94,82,12,12
17477,89,76,13,13
17478,71,70,1,1
17479,223,199,24,24
17480,66,66,0,0
17481,116,110,6,6
17482,69,64,5,5
17483,153,138,15,15
17484,48,56,-8,8
17485,83,80,3,3
17486,177,158,19,19
17487,70,84,-14,14
17488,80,82,-2,2
17489,77,78,-1,1
17490,69,65,4,4
17491,81,72,9,9
17492,115,113,2,2
17493,96,101,-5,5
17494,94,83,11,11
17495,46,54,-8,8
17496,88,98,-10,10
17497,90,75,15,15
17498,89,85,4,4
17499,65,60,5,5
17500,78,72,6,6
17501,76,73,3,3
17502,116,101,15,15
17503,127,111,16,16
17504,146,142,4,4
17505,89,90,-1,1
17506,42,60,-18,18
17507,73,65,8,8
17508,61,59,2,2
17509,79,70,9,9
17510,105,98,7,7
17511,64,60,4,4
17512,115,114,1,1
17513,66,71,-5,5
17514,75,70,5,5
17515,82,81,1,1
17516,46,55,-9,9
17517,106,104,2,2
17518,74,79,-5,5
17519,58,74,-16,16
17520,89,89,0,0
17521,76,69,7,7
17522,90,77,13,13
17523,108,103,5,5
17524,89,96,-7,7
17525,75,69,6,6
17526,98,90,8,8
17527,87,80,7,7
17528,65,65,0,0
17529,121,103,18,18
17530,63,65,-2,2
17531,139,141,-2,2
17532,80,79,1,1
17533,75,70,5,5
17534,64,67,-3,3
17535,48,51,-3,3
17536,115,109,6,6
17537,82,80,2,2
17538,120,114,6,6
17539,141,136,5,5
17540,67,68,-1,1
17541,48,61,-13,13
17542,117,107,10,10
17543,173,161,12,12
17544,74,78,-4,4
17545,53,62,-9,9
17546,33,56,-23,23
17547,79,82,-3,3
17548,76,69,7,7
17549,119,103,16,16
17550,139,124,15,15
17551,77,75,2,2
17552,115,108,7,7
17553,67,72,-5,5
17554,105,91,14,14
17555,127,123,4,4
17556,84,80,4,4
17557,106,107,-1,1
17558,79,86,-7,7
17559,96,98,-2,2
17560,82,74,8,8
17561,146,134,12,12
17562,98,95,3,3
17563,116,117,-1,1
17564,42,53,-11,11
17565,82,80,2,2
17566,71,70,1,1
17567,103,90,13,13
17568,60,61,-1,1
17569,86,82,4,4
17570,137,123,14,14
17571,105,94,11,11
17572,68,70,-2,2
17573,94,95,-1,1
17574,190,172,18,18
17575,61,59,2,2
17576,112,107,5,5
17577,72,62,10,10
17578,137,120,17,17
17579,85,84,1,1
17580,190,173,17,17
17581,145,145,0,0
17582,100,101,-1,1
17583,143,129,14,14
17584,81,78,3,3
17585,58,61,-3,3
17586,79,87,-8,8
17587,119,110,9,9
17588,63,64,-1,1
17589,106,96,10,10
17590,111,99,12,12
17591,90,88,2,2
17592,134,133,1,1
17593,129,111,18,18
17594,67,67,0,0
17595,128,125,3,3
17596,43,52,-9,9
17597,58,58,0,0
17598,123,122,1,1
17599,63,61,2,2
17600,61,64,-3,3
17601,74,60,14,14
17602,117,97,20,20
17603,132,105,27,27
17604,73,60,13,13
17605,127,120,7,7
17606,170,161,9,9
17607,101,99,2,2
17608,118,101,17,17
17609,73,70,3,3
17610,82,81,1,1
17611,100,97,3,3
17612,62,64,-2,2
17613,80,70,10,10
17614,50,54,-4,4
17615,68,66,2,2
17616,163,144,19,19
17617,49,54,-5,5
17618,75,73,2,2
17619,133,121,12,12
17620,115,111,4,4
17621,102,101,1,1
17622,74,74,0,0
17623,161,140,21,21
17624,130,127,3,3
17625,122,110,12,12
17626,109,98,11,11
17627,120,122,-2,2
17628,72,57,15,15
17629,90,92,-2,2
17630,80,89,-9,9
17631,103,110,-7,7
17632,134,123,11,11
17633,93,87,6,6
17634,82,78,4,4
17635,184,161,23,23
17636,84,81,3,3
17637,62,61,1,1
17638,65,63,2,2
17639,68,70,-2,2
17640,118,113,5,5
17641,81,80,1,1
17642,116,111,5,5
17643,116,113,3,3
17644,85,75,10,10
17645,55,58,-3,3
17646,91,87,4,4
17647,79,78,1,1
17648,24,54,-30,30
17649,155,139,16,16
17650,97,86,11,11
17651,69,76,-7,7
17652,105,99,6,6
17653,158,154,4,4
17654,129,126,3,3
17655,115,103,12,12
17656,92,95,-3,3
17657,82,85,-3,3
17658,100,97,3,3
17659,66,57,9,9
17660,46,55,-9,9
17661,141,143,-2,2
17662,128,121,7,7
17663,101,79,22,22
17664,103,92,11,11
17665,75,69,6,6
17666,125,117,8,8
17667,50,53,-3,3
17668,67,62,5,5
17669,91,91,0,0
17670,95,91,4,4
17671,133,119,14,14
17672,124,118,6,6
17673,59,55,4,4
17674,138,127,11,11
17675,132,124,8,8
17676,109,102,7,7
17677,72,75,-3,3
17678,84,84,0,0
17679,107,101,6,6
17680,73,77,-4,4
17681,76,74,2,2
17682,122,106,16,16
17683,107,107,0,0
17684,38,52,-14,14
17685,127,114,13,13
17686,82,73,9,9
17687,189,165,24,24
17688,115,108,7,7
17689,100,94,6,6
17690,70,64,6,6
17691,81,65,16,16
17692,150,155,-5,5
17693,94,85,9,9
17694,88,82,6,6
17695,81,81,0,0
17696,148,140,8,8
17697,75,83,-8,8
17698,90,82,8,8
17699,124,116,8,8
17700,46,53,-7,7
17701,103,106,-3,3
17702,101,91,10,10
17703,93,92,1,1
17704,105,104,1,1
17705,91,90,1,1
17706,138,131,7,7
17707,85,82,3,3
17708,102,92,10,10
17709,72,82,-10,10
17710,81,74,7,7
17711,118,111,7,7
17712,114,117,-3,3
17713,118,111,7,7
17714,79,80,-1,1
17715,149,131,18,18
17716,74,77,-3,3
17717,46,53,-7,7
17718,76,68,8,8
17719,80,74,6,6
17720,124,134,-10,10
17721,126,130,-4,4
17722,57,53,4,4
17723,91,99,-8,8
17724,206,171,35,35
17725,122,105,17,17
17726,89,91,-2,2
17727,108,106,2,2
17728,170,149,21,21
17729,89,87,2,2
17730,90,84,6,6
17731,85,83,2,2
17732,80,69,11,11
17733,105,89,16,16
17734,84,68,16,16
17735,97,92,5,5
17736,60,58,2,2
17737,39,53,-14,14
17738,103,91,12,12
17739,122,118,4,4
17740,105,105,0,0
17741,72,75,-3,3
17742,72,75,-3,3
17743,126,113,13,13
17744,113,103,10,10
17745,88,83,5,5
17746,121,115,6,6
17747,88,90,-2,2
17748,72,66,6,6
17749,65,71,-6,6
17750,74,78,-4,4
17751,112,111,1,1
17752,53,53,0,0
17753,138,127,11,11
17754,108,105,3,3
17755,65,64,1,1
17756,72,72,0,0
17757,122,108,14,14
17758,48,59,-11,11
17759,93,85,8,8
17760,124,113,11,11
17761,92,88,4,4
17762,66,68,-2,2
17763,69,64,5,5
17764,144,150,-6,6
17765,103,101,2,2
17766,96,91,5,5
17767,107,101,6,6
17768,129,123,6,6
17769,60,59,1,1
17770,72,68,4,4
17771,53,54,-1,1
17772,117,98,19,19
17773,109,107,2,2
17774,73,69,4,4
17775,121,111,10,10
17776,193,180,13,13
17777,69,73,-4,4
17778,80,64,16,16
17779,135,115,20,20
17780,47,53,-6,6
17781,75,69,6,6
17782,135,139,-4,4
17783,97,92,5,5
17784,76,76,0,0
17785,108,100,8,8
17786,110,108,2,2
17787,87,88,-1,1
17788,59,57,2,2
17789,163,148,15,15
17790,80,76,4,4
17791,169,145,24,24
17792,91,91,0,0
17793,122,113,9,9
17794,97,90,7,7
17795,63,68,-5,5
17796,139,138,1,1
17797,76,74,2,2
17798,80,74,6,6
17799,79,73,6,6
17800,112,106,6,6
17801,94,89,5,5
17802,103,103,0,0
17803,53,58,-5,5
17804,70,72,-2,2
17805,156,150,6,6
17806,29,57,-28,28
17807,128,130,-2,2
17808,125,122,3,3
17809,126,97,29,29
17810,50,80,-30,30
17811,152,141,11,11
17812,195,155,40,40
17813,76,78,-2,2
17814,87,85,2,2
17815,80,72,8,8
17816,66,61,5,5
17817,72,71,1,1
17818,104,111,-7,7
17819,67,62,5,5
17820,109,105,4,4
17821,146,136,10,10
17822,59,70,-11,11
17823,78,71,7,7
17824,73,67,6,6
17825,139,129,10,10
17826,103,95,8,8
17827,112,114,-2,2
17828,99,85,14,14
17829,68,73,-5,5
17830,53,61,-8,8
17831,152,124,28,28
17832,55,57,-2,2
17833,96,101,-5,5
17834,78,77,1,1
17835,69,89,-20,20
17836,54,54,0,0
17837,118,105,13,13
17838,120,102,18,18
17839,45,61,-16,16
17840,94,88,6,6
17841,141,136,5,5
17842,81,83,-2,2
17843,85,86,-1,1
17844,100,98,2,2
17845,104,104,0,0
17846,189,156,33,33
17847,79,68,11,11
17848,98,93,5,5
17849,53,54,-1,1
17850,139,126,13,13
17851,96,108,-12,12
17852,75,72,3,3
17853,74,74,0,0
17854,142,138,4,4
17855,135,144,-9,9
17856,40,54,-14,14
17857,176,153,23,23
17858,55,57,-2,2
17859,70,76,-6,6
17860,71,72,-1,1
17861,55,64,-9,9
17862,168,158,10,10
17863,146,127,19,19
17864,111,107,4,4
17865,117,96,21,21
17866,64,63,1,1
17867,106,95,11,11
17868,110,97,13,13
17869,79,77,2,2
17870,95,85,10,10
17871,121,112,9,9
17872,129,124,5,5
17873,98,82,16,16
17874,60,57,3,3
17875,53,58,-5,5
17876,121,108,13,13
17877,112,127,-15,15
17878,54,57,-3,3
17879,76,74,2,2
17880,126,129,-3,3
17881,131,117,14,14
17882,45,53,-8,8
17883,135,128,7,7
17884,95,84,11,11
17885,80,70,10,10
17886,96,89,7,7
17887,143,128,15,15
17888,59,61,-2,2
17889,140,131,9,9
17890,73,72,1,1
17891,109,109,0,0
17892,116,123,-7,7
17893,42,52,-10,10
17894,44,52,-8,8
17895,151,143,8,8
17896,109,109,0,0
17897,106,86,20,20
17898,131,103,28,28
17899,139,127,12,12
17900,77,70,7,7
17901,127,117,10,10
17902,79,86,-7,7
17903,140,133,7,7
17904,63,59,4,4
17905,121,120,1,1
17906,65,59,6,6
17907,146,133,13,13
17908,110,97,13,13
17909,101,103,-2,2
17910,35,52,-17,17
17911,105,96,9,9
17912,154,152,2,2
17913,72,67,5,5
17914,98,98,0,0
17915,126,129,-3,3
17916,142,131,11,11
17917,98,111,-13,13
17918,82,85,-3,3
17919,86,96,-10,10
17920,79,73,6,6
17921,111,96,15,15
17922,74,69,5,5
17923,58,56,2,2
17924,48,53,-5,5
17925,74,70,4,4
17926,123,113,10,10
17927,40,54,-14,14
17928,80,63,17,17
17929,63,59,4,4
17930,115,97,18,18
17931,107,106,1,1
17932,80,72,8,8
17933,85,80,5,5
17934,166,147,19,19
17935,71,78,-7,7
17936,56,62,-6,6
17937,48,57,-9,9
17938,96,88,8,8
17939,54,55,-1,1
17940,124,121,3,3
17941,92,91,1,1
17942,51,57,-6,6
17943,62,65,-3,3
17944,89,80,9,9
17945,141,129,12,12
17946,87,69,18,18
17947,75,82,-7,7
17948,81,75,6,6
17949,65,81,-16,16
17950,90,81,9,9
17951,85,81,4,4
17952,71,74,-3,3
17953,61,65,-4,4
17954,104,98,6,6
17955,98,100,-2,2
17956,68,68,0,0
17957,77,71,6,6
17958,90,85,5,5
17959,71,84,-13,13
17960,59,71,-12,12
17961,109,93,16,16
17962,105,103,2,2
17963,175,156,19,19
17964,83,88,-5,5
17965,139,128,11,11
17966,68,66,2,2
17967,88,90,-2,2
17968,75,67,8,8
17969,104,107,-3,3
17970,126,110,16,16
17971,91,91,0,0
17972,94,95,-1,1
17973,89,84,5,5
17974,41,54,-13,13
17975,91,106,-15,15
17976,81,79,2,2
17977,72,65,7,7
17978,146,124,22,22
17979,80,79,1,1
17980,141,113,28,28
17981,104,90,14,14
17982,111,93,18,18
17983,115,114,1,1
17984,67,65,2,2
17985,132,122,10,10
17986,118,116,2,2
17987,79,70,9,9
17988,67,76,-9,9
17989,158,133,25,25
17990,90,78,12,12
17991,78,74,4,4
17992,52,60,-8,8
17993,67,66,1,1
17994,57,69,-12,12
17995,93,91,2,2
17996,73,69,4,4
17997,100,101,-1,1
17998,150,130,20,20
17999,68,66,2,2
18000,74,73,1,1
18001,100,96,4,4
18002,92,95,-3,3
18003,101,103,-2,2
18004,96,87,9,9
18005,161,142,19,19
18006,71,74,-3,3
18007,97,92,5,5
18008,62,62,0,0
18009,70,69,1,1
18010,106,97,9,9
18011,67,71,-4,4
18012,56,66,-10,10
18013,75,67,8,8
18014,47,54,-7,7
18015,78,71,7,7
18016,62,55,7,7
18017,68,68,0,0
18018,106,95,11,11
18019,125,107,18,18
18020,84,94,-10,10
18021,107,101,6,6
18022,63,60,3,3
18023,76,84,-8,8
18024,98,85,13,13
18025,139,115,24,24
18026,94,92,2,2
18027,142,136,6,6
18028,121,113,8,8
18029,79,75,4,4
18030,123,119,4,4
18031,82,81,1,1
18032,174,161,13,13
18033,116,115,1,1
18034,51,56,-5,5
18035,157,139,18,18
18036,57,59,-2,2
18037,71,65,6,6
18038,30,52,-22,22
18039,102,97,5,5
18040,140,121,19,19
18041,156,151,5,5
18042,44,53,-9,9
18043,157,142,15,15
18044,91,88,3,3
18045,111,118,-7,7
18046,107,106,1,1
18047,83,86,-3,3
18048,83,78,5,5
18049,103,92,11,11
18050,84,73,11,11
18051,79,76,3,3
18052,119,102,17,17
18053,66,72,-6,6
18054,34,56,-22,22
18055,134,125,9,9
18056,108,101,7,7
18057,60,67,-7,7
18058,33,52,-19,19
18059,105,108,-3,3
18060,71,73,-2,2
18061,92,92,0,0
18062,62,64,-2,2
18063,54,57,-3,3
18064,85,84,1,1
18065,154,132,22,22
18066,109,98,11,11
18067,120,132,-12,12
18068,55,53,2,2
18069,102,110,-8,8
18070,58,56,2,2
18071,34,52,-18,18
18072,91,88,3,3
18073,110,100,10,10
18074,117,103,14,14
18075,102,124,-22,22
18076,95,88,7,7
18077,38,53,-15,15
18078,88,78,10,10
18079,107,88,19,19
18080,113,112,1,1
18081,58,59,-1,1
18082,56,62,-6,6
18083,68,69,-1,1
18084,59,58,1,1
18085,169,162,7,7
18086,70,61,9,9
18087,117,109,8,8
18088,84,81,3,3
18089,150,150,0,0
18090,123,127,-4,4
18091,72,69,3,3
18092,108,108,0,0
18093,87,83,4,4
18094,123,142,-19,19
18095,79,76,3,3
18096,112,122,-10,10
18097,77,73,4,4
18098,123,112,11,11
18099,109,113,-4,4
18100,82,72,10,10
18101,57,67,-10,10
18102,120,109,11,11
18103,117,119,-2,2
18104,53,55,-2,2
18105,72,76,-4,4
18106,90,79,11,11
18107,92,103,-11,11
18108,88,79,9,9
18109,55,69,-14,14
18110,62,54,8,8
18111,108,108,0,0
18112,85,73,12,12
18113,66,79,-13,13
18114,165,157,8,8
18115,124,128,-4,4
18116,75,79,-4,4
18117,54,54,0,0
18118,141,132,9,9
18119,67,65,2,2
18120,94,93,1,1
18121,102,108,-6,6
18122,119,119,0,0
18123,53,57,-4,4
18124,122,130,-8,8
18125,60,60,0,0
18126,88,90,-2,2
18127,101,101,0,0
18128,64,64,0,0
18129,48,64,-16,16
18130,75,69,6,6
18131,53,65,-12,12
18132,123,104,19,19
18133,90,83,7,7
18134,137,135,2,2
18135,95,96,-1,1
18136,88,104,-16,16
18137,106,108,-2,2
18138,155,143,12,12
18139,75,67,8,8
18140,62,61,1,1
18141,91,82,9,9
18142,58,55,3,3
18143,51,59,-8,8
18144,120,116,4,4
18145,94,94,0,0
18146,112,101,11,11
18147,84,98,-14,14
18148,67,70,-3,3
18149,83,81,2,2
18150,162,147,15,15
18151,122,116,6,6
18152,36,51,-15,15
18153,127,120,7,7
18154,75,85,-10,10
18155,119,102,17,17
18156,147,133,14,14
18157,105,99,6,6
18158,55,60,-5,5
18159,90,83,7,7
18160,57,56,1,1
18161,100,96,4,4
18162,63,59,4,4
18163,58,61,-3,3
18164,140,142,-2,2
18165,107,99,8,8
18166,71,78,-7,7
18167,145,140,5,5
18168,64,68,-4,4
18169,94,81,13,13
18170,71,63,8,8
18171,68,72,-4,4
18172,109,96,13,13
18173,67,66,1,1
18174,81,79,2,2
18175,101,89,12,12
18176,135,118,17,17
18177,60,55,5,5
18178,154,138,16,16
18179,131,115,16,16
18180,97,85,12,12
18181,65,64,1,1
18182,132,121,11,11
18183,95,94,1,1
18184,97,87,10,10
18185,122,110,12,12
18186,80,84,-4,4
18187,89,79,10,10
18188,97,80,17,17
18189,106,101,5,5
18190,101,100,1,1
18191,116,124,-8,8
18192,70,83,-13,13
18193,44,53,-9,9
18194,149,138,11,11
18195,95,95,0,0
18196,79,74,5,5
18197,114,109,5,5
18198,77,65,12,12
18199,121,111,10,10
18200,80,81,-1,1
18201,117,102,15,15
18202,150,133,17,17
18203,85,78,7,7
18204,72,82,-10,10
18205,112,104,8,8
18206,91,82,9,9
18207,61,56,5,5
18208,126,114,12,12
18209,78,71,7,7
18210,129,123,6,6
18211,71,69,2,2
18212,72,74,-2,2
18213,166,155,11,11
18214,134,124,10,10
18215,36,53,-17,17
18216,63,68,-5,5
18217,73,69,4,4
18218,88,87,1,1
18219,88,91,-3,3
18220,113,116,-3,3
18221,138,127,11,11
18222,88,67,21,21
18223,127,122,5,5
18224,216,198,18,18
18225,108,103,5,5
18226,137,129,8,8
18227,66,76,-10,10
18228,68,75,-7,7
18229,100,92,8,8
18230,50,54,-4,4
18231,130,128,2,2
18232,100,100,0,0
18233,201,158,43,43
18234,53,54,-1,1
18235,65,64,1,1
18236,60,56,4,4
18237,177,161,16,16
18238,88,78,10,10
18239,64,64,0,0
18240,141,139,2,2
18241,87,88,-1,1
18242,144,134,10,10
18243,118,103,15,15
18244,84,85,-1,1
18245,80,84,-4,4
18246,131,130,1,1
18247,61,62,-1,1
18248,93,86,7,7
18249,78,86,-8,8
18250,58,57,1,1
18251,99,85,14,14
18252,107,96,11,11
18253,119,114,5,5
18254,104,111,-7,7
18255,87,92,-5,5
18256,88,80,8,8
18257,131,126,5,5
18258,126,121,5,5
18259,125,113,12,12
18260,99,105,-6,6
18261,127,120,7,7
18262,34,54,-20,20
18263,77,68,9,9
18264,88,87,1,1
18265,106,115,-9,9
18266,104,94,10,10
18267,78,84,-6,6
18268,78,72,6,6
18269,211,182,29,29
18270,68,58,10,10
18271,110,105,5,5
18272,86,82,4,4
18273,102,98,4,4
18274,82,73,9,9
18275,57,56,1,1
18276,106,103,3,3
18277,52,57,-5,5
18278,60,56,4,4
18279,78,78,0,0
18280,66,60,6,6
18281,134,125,9,9
18282,61,63,-2,2
18283,88,80,8,8
18284,95,94,1,1
18285,79,78,1,1
18286,109,106,3,3
18287,74,75,-1,1
18288,82,72,10,10
18289,77,75,2,2
18290,89,84,5,5
18291,115,102,13,13
18292,64,62,2,2
18293,143,128,15,15
18294,189,171,18,18
18295,27,54,-27,27
18296,82,89,-7,7
18297,127,133,-6,6
18298,121,104,17,17
18299,103,101,2,2
18300,55,57,-2,2
18301,163,154,9,9
18302,93,92,1,1
18303,95,91,4,4
18304,123,123,0,0
18305,59,59,0,0
18306,112,98,14,14
18307,76,75,1,1
18308,77,78,-1,1
18309,62,63,-1,1
18310,71,70,1,1
18311,60,58,2,2
18312,141,140,1,1
18313,91,91,0,0
18314,96,87,9,9
18315,58,59,-1,1
18316,93,88,5,5
18317,165,161,4,4
18318,199,181,18,18
18319,98,94,4,4
18320,152,144,8,8
18321,81,72,9,9
18322,93,83,10,10
18323,122,109,13,13
18324,83,82,1,1
18325,82,82,0,0
18326,61,62,-1,1
18327,87,88,-1,1
18328,44,53,-9,9
18329,90,99,-9,9
18330,50,53,-3,3
18331,122,113,9,9
18332,82,79,3,3
18333,101,102,-1,1
18334,93,92,1,1
18335,132,118,14,14
18336,111,112,-1,1
18337,96,77,19,19
18338,47,54,-7,7
18339,113,109,4,4
18340,182,170,12,12
18341,107,123,-16,16
18342,99,106,-7,7
18343,72,70,2,2
18344,84,86,-2,2
18345,55,55,0,0
18346,154,151,3,3
18347,39,53,-14,14
18348,107,100,7,7
18349,89,92,-3,3
18350,114,116,-2,2
18351,99,100,-1,1
18352,76,79,-3,3
18353,61,65,-4,4
18354,112,96,16,16
18355,79,75,4,4
18356,81,76,5,5
18357,80,81,-1,1
18358,49,66,-17,17
18359,48,62,-14,14
18360,113,106,7,7
18361,91,88,3,3
18362,76,74,2,2
18363,144,143,1,1
18364,67,65,2,2
18365,81,69,12,12
18366,111,105,6,6
18367,78,74,4,4
18368,53,59,-6,6
18369,77,77,0,0
18370,71,84,-13,13
18371,76,68,8,8
18372,65,64,1,1
18373,90,89,1,1
18374,165,151,14,14
18375,188,173,15,15
18376,58,156,-98,98
18377,81,76,5,5
18378,65,64,1,1
18379,91,90,1,1
18380,116,112,4,4
18381,145,129,16,16
18382,111,114,-3,3
18383,146,133,13,13
18384,119,103,16,16
18385,91,91,0,0
18386,116,116,0,0
18387,48,56,-8,8
18388,107,116,-9,9
18389,63,61,2,2
18390,120,107,13,13
18391,86,80,6,6
18392,93,91,2,2
18393,89,91,-2,2
18394,95,94,1,1
18395,90,80,10,10
18396,104,99,5,5
18397,144,137,7,7
18398,119,107,12,12
18399,82,81,1,1
18400,61,69,-8,8
18401,93,96,-3,3
18402,142,127,15,15
18403,73,70,3,3
18404,133,113,20,20
18405,128,130,-2,2
18406,104,98,6,6
18407,90,85,5,5
18408,88,93,-5,5
18409,65,75,-10,10
18410,102,96,6,6
18411,176,153,23,23
18412,90,91,-1,1
18413,241,204,37,37
18414,115,97,18,18
18415,69,66,3,3
18416,94,82,12,12
18417,123,115,8,8
18418,96,105,-9,9
18419,90,92,-2,2
18420,59,60,-1,1
18421,76,74,2,2
18422,72,68,4,4
18423,70,72,-2,2
18424,67,64,3,3
18425,83,82,1,1
18426,205,173,32,32
18427,62,67,-5,5
18428,214,198,16,16
18429,79,67,12,12
18430,142,125,17,17
18431,88,79,9,9
18432,107,108,-1,1
18433,120,107,13,13
18434,108,103,5,5
18435,102,91,11,11
18436,64,66,-2,2
18437,86,91,-5,5
18438,70,69,1,1
18439,130,108,22,22
18440,97,84,13,13
18441,85,86,-1,1
18442,67,62,5,5
18443,142,111,31,31
18444,48,56,-8,8
18445,88,80,8,8
18446,123,123,0,0
18447,69,76,-7,7
18448,92,87,5,5
18449,69,71,-2,2
18450,45,52,-7,7
18451,64,60,4,4
18452,84,75,9,9
18453,131,122,9,9
18454,78,78,0,0
18455,32,53,-21,21
18456,85,74,11,11
18457,100,90,10,10
18458,99,79,20,20
18459,125,111,14,14
18460,91,78,13,13
18461,196,175,21,21
18462,94,114,-20,20
18463,54,57,-3,3
18464,134,121,13,13
18465,168,144,24,24
18466,64,58,6,6
18467,73,75,-2,2
18468,96,84,12,12
18469,82,70,12,12
18470,48,59,-11,11
18471,65,69,-4,4
18472,121,117,4,4
18473,102,102,0,0
18474,69,68,1,1
18475,92,87,5,5
18476,79,76,3,3
18477,107,108,-1,1
18478,76,90,-14,14
18479,73,77,-4,4
18480,75,69,6,6
18481,150,148,2,2
18482,149,138,11,11
18483,144,128,16,16
18484,113,109,4,4
18485,62,68,-6,6
18486,108,106,2,2
18487,103,105,-2,2
18488,58,91,-33,33
18489,42,56,-14,14
18490,115,98,17,17
18491,58,86,-28,28
18492,115,99,16,16
18493,109,97,12,12
18494,51,52,-1,1
18495,70,64,6,6
18496,68,86,-18,18
18497,143,131,12,12
18498,83,70,13,13
18499,116,106,10,10
18500,45,53,-8,8
18501,90,84,6,6
18502,67,64,3,3
18503,100,100,0,0
18504,113,113,0,0
18505,30,54,-24,24
18506,98,95,3,3
18507,67,69,-2,2
18508,53,59,-6,6
18509,105,102,3,3
18510,123,121,2,2
18511,57,58,-1,1
18512,125,108,17,17
18513,98,90,8,8
18514,111,107,4,4
18515,122,110,12,12
18516,117,113,4,4
18517,74,73,1,1
18518,84,80,4,4
18519,143,134,9,9
18520,121,110,11,11
18521,121,114,7,7
18522,99,93,6,6
18523,103,90,13,13
18524,104,91,13,13
18525,63,58,5,5
18526,222,182,40,40
18527,113,103,10,10
18528,88,88,0,0
18529,122,100,22,22
18530,109,114,-5,5
18531,72,67,5,5
18532,64,61,3,3
18533,144,131,13,13
18534,82,78,4,4
18535,82,84,-2,2
18536,162,149,13,13
18537,112,117,-5,5
18538,62,62,0,0
18539,78,92,-14,14
18540,48,52,-4,4
18541,90,87,3,3
18542,130,112,18,18
18543,70,70,0,0
18544,141,144,-3,3
18545,138,127,11,11
18546,126,92,34,34
18547,71,70,1,1
18548,89,93,-4,4
18549,138,128,10,10
18550,70,61,9,9
18551,123,111,12,12
18552,72,73,-1,1
18553,107,105,2,2
18554,58,55,3,3
18555,90,81,9,9
18556,136,134,2,2
18557,163,149,14,14
18558,108,98,10,10
18559,83,69,14,14
18560,117,110,7,7
18561,142,132,10,10
18562,69,65,4,4
18563,100,87,13,13
18564,211,180,31,31
18565,148,149,-1,1
18566,82,78,4,4
18567,86,87,-1,1
18568,201,183,18,18
18569,113,116,-3,3
18570,126,121,5,5
18571,64,57,7,7
18572,98,91,7,7
18573,51,53,-2,2
18574,93,102,-9,9
18575,60,59,1,1
18576,82,77,5,5
18577,95,107,-12,12
18578,94,81,13,13
18579,81,78,3,3
18580,111,108,3,3
18581,63,67,-4,4
18582,55,57,-2,2
18583,142,133,9,9
18584,139,123,16,16
18585,118,111,7,7
18586,209,170,39,39
18587,73,67,6,6
18588,103,103,0,0
18589,118,119,-1,1
18590,124,116,8,8
18591,79,88,-9,9
18592,124,115,9,9
18593,129,125,4,4
18594,91,81,10,10
18595,83,87,-4,4
18596,120,101,19,19
18597,91,83,8,8
18598,101,93,8,8
18599,117,107,10,10
18600,154,140,14,14
18601,83,81,2,2
18602,113,110,3,3
18603,83,85,-2,2
18604,106,111,-5,5
18605,47,54,-7,7
18606,63,61,2,2
18607,99,92,7,7
18608,47,65,-18,18
18609,111,99,12,12
18610,111,103,8,8
18611,152,138,14,14
18612,91,99,-8,8
18613,111,110,1,1
18614,103,111,-8,8
18615,80,82,-2,2
18616,133,125,8,8
18617,83,76,7,7
18618,67,61,6,6
18619,124,125,-1,1
18620,93,98,-5,5
18621,80,78,2,2
18622,64,69,-5,5
18623,74,87,-13,13
18624,92,88,4,4
18625,122,109,13,13
18626,92,104,-12,12
18627,111,111,0,0
18628,148,121,27,27
18629,102,89,13,13
18630,101,98,3,3
18631,89,86,3,3
18632,94,101,-7,7
18633,78,75,3,3
18634,88,75,13,13
18635,87,91,-4,4
18636,59,55,4,4
18637,75,79,-4,4
18638,101,101,0,0
18639,96,97,-1,1
18640,64,61,3,3
18641,106,98,8,8
18642,90,90,0,0
18643,95,96,-1,1
18644,107,105,2,2
18645,95,95,0,0
18646,78,83,-5,5
18647,124,150,-26,26
18648,142,141,1,1
18649,73,67,6,6
18650,111,110,1,1
18651,92,75,17,17
18652,205,173,32,32
18653,93,79,14,14
18654,87,95,-8,8
18655,43,52,-9,9
18656,51,59,-8,8
18657,102,100,2,2
18658,85,95,-10,10
18659,152,144,8,8
18660,69,68,1,1
18661,47,55,-8,8
18662,52,58,-6,6
18663,94,97,-3,3
18664,149,136,13,13
18665,81,66,15,15
18666,96,82,14,14
18667,88,85,3,3
18668,81,72,9,9
18669,129,119,10,10
18670,107,127,-20,20
18671,93,82,11,11
18672,90,89,1,1
18673,72,73,-1,1
18674,82,79,3,3
18675,73,72,1,1
18676,102,99,3,3
18677,52,59,-7,7
18678,79,85,-6,6
18679,131,118,13,13
18680,56,54,2,2
18681,58,54,4,4
18682,66,64,2,2
18683,58,60,-2,2
18684,76,78,-2,2
18685,83,77,6,6
18686,84,78,6,6
18687,100,95,5,5
18688,114,102,12,12
18689,112,109,3,3
18690,104,94,10,10
18691,110,108,2,2
18692,160,156,4,4
18693,98,95,3,3
18694,122,121,1,1
18695,39,52,-13,13
18696,120,119,1,1
18697,84,81,3,3
18698,64,85,-21,21
18699,87,93,-6,6
18700,102,96,6,6
18701,87,86,1,1
18702,76,70,6,6
18703,132,125,7,7
18704,65,59,6,6
18705,136,114,22,22
18706,87,73,14,14
18707,93,86,7,7
18708,130,121,9,9
18709,96,89,7,7
18710,93,87,6,6
18711,67,73,-6,6
18712,116,113,3,3
18713,81,87,-6,6
18714,107,110,-3,3
18715,70,64,6,6
18716,113,106,7,7
18717,78,80,-2,2
18718,93,85,8,8
18719,62,70,-8,8
18720,43,52,-9,9
18721,81,74,7,7
18722,85,79,6,6
18723,128,112,16,16
18724,110,108,2,2
18725,37,53,-16,16
18726,66,71,-5,5
18727,56,55,1,1
18728,95,93,2,2
18729,95,92,3,3
18730,92,89,3,3
18731,99,100,-1,1
18732,75,80,-5,5
18733,186,152,34,34
18734,30,53,-23,23
18735,63,63,0,0
18736,60,58,2,2
18737,38,53,-15,15
18738,70,77,-7,7
18739,85,80,5,5
18740,71,62,9,9
18741,122,121,1,1
18742,45,60,-15,15
18743,94,86,8,8
18744,133,123,10,10
18745,89,78,11,11
18746,85,76,9,9
18747,80,80,0,0
18748,141,126,15,15
18749,108,101,7,7
18750,39,55,-16,16
18751,85,99,-14,14
18752,99,96,3,3
18753,81,74,7,7
18754,123,119,4,4
18755,98,93,5,5
18756,81,82,-1,1
18757,110,109,1,1
18758,64,70,-6,6
18759,75,81,-6,6
18760,59,54,5,5
18761,66,72,-6,6
18762,81,68,13,13
18763,92,89,3,3
18764,115,105,10,10
18765,129,126,3,3
18766,99,90,9,9
18767,72,75,-3,3
18768,91,87,4,4
18769,69,71,-2,2
18770,80,69,11,11
18771,89,93,-4,4
18772,92,99,-7,7
18773,95,89,6,6
18774,166,145,21,21
18775,61,57,4,4
18776,59,53,6,6
18777,42,59,-17,17
18778,53,57,-4,4
18779,101,97,4,4
18780,90,79,11,11
18781,116,105,11,11
18782,83,74,9,9
18783,89,85,4,4
18784,121,115,6,6
18785,74,59,15,15
18786,113,96,17,17
18787,85,86,-1,1
18788,137,127,10,10
18789,72,82,-10,10
18790,78,67,11,11
18791,113,118,-5,5
18792,144,114,30,30
18793,54,55,-1,1
18794,74,69,5,5
18795,72,68,4,4
18796,73,70,3,3
18797,163,135,28,28
18798,96,94,2,2
18799,90,86,4,4
18800,64,61,3,3
18801,61,63,-2,2
18802,79,77,2,2
18803,118,119,-1,1
18804,70,68,2,2
18805,108,106,2,2
18806,83,104,-21,21
18807,55,57,-2,2
18808,139,134,5,5
18809,49,54,-5,5
18810,159,146,13,13
18811,30,58,-28,28
18812,111,111,0,0
18813,112,108,4,4
18814,149,148,1,1
18815,104,97,7,7
18816,166,134,32,32
18817,76,71,5,5
18818,128,131,-3,3
18819,54,61,-7,7
18820,99,100,-1,1
18821,53,54,-1,1
18822,98,90,8,8
18823,94,95,-1,1
18824,144,145,-1,1
18825,47,55,-8,8
18826,124,127,-3,3
18827,137,145,-8,8
18828,55,54,1,1
18829,79,69,10,10
18830,103,100,3,3
18831,67,72,-5,5
18832,45,53,-8,8
18833,129,114,15,15
18834,33,55,-22,22
18835,108,104,4,4
18836,68,64,4,4
18837,165,151,14,14
18838,108,93,15,15
18839,142,115,27,27
18840,108,106,2,2
18841,56,60,-4,4
18842,73,76,-3,3
18843,121,113,8,8
18844,139,138,1,1
18845,124,116,8,8
18846,59,58,1,1
18847,98,114,-16,16
18848,42,52,-10,10
18849,94,99,-5,5
18850,120,107,13,13
18851,64,65,-1,1
18852,52,57,-5,5
18853,193,170,23,23
18854,99,91,8,8
18855,73,77,-4,4
18856,166,131,35,35
18857,116,111,5,5
18858,69,78,-9,9
18859,67,65,2,2
18860,81,73,8,8
18861,112,100,12,12
18862,120,103,17,17
18863,67,56,11,11
18864,105,86,19,19
18865,146,129,17,17
18866,110,97,13,13
18867,90,86,4,4
18868,94,82,12,12
18869,106,114,-8,8
18870,95,90,5,5
18871,112,110,2,2
18872,104,89,15,15
18873,60,62,-2,2
18874,93,74,19,19
18875,171,162,9,9
18876,57,61,-4,4
18877,106,96,10,10
18878,83,85,-2,2
18879,65,57,8,8
18880,111,108,3,3
18881,117,113,4,4
18882,71,74,-3,3
18883,46,66,-20,20
18884,87,98,-11,11
18885,80,74,6,6
18886,58,59,-1,1
18887,47,76,-29,29
18888,196,168,28,28
18889,100,100,0,0
18890,122,121,1,1
18891,126,125,1,1
18892,61,62,-1,1
18893,68,72,-4,4
18894,90,95,-5,5
18895,96,100,-4,4
18896,154,151,3,3
18897,153,148,5,5
18898,83,79,4,4
18899,130,123,7,7
18900,110,99,11,11
18901,122,114,8,8
18902,85,76,9,9
18903,55,56,-1,1
18904,85,80,5,5
18905,122,116,6,6
18906,71,66,5,5
18907,149,135,14,14
18908,101,94,7,7
18909,81,91,-10,10
18910,95,88,7,7
18911,120,111,9,9
18912,137,137,0,0
18913,132,140,-8,8
18914,83,74,9,9
18915,121,112,9,9
18916,121,112,9,9
18917,125,135,-10,10
18918,81,80,1,1
18919,137,135,2,2
18920,89,85,4,4
18921,113,105,8,8
18922,23,53,-30,30
18923,123,104,19,19
18924,172,159,13,13
18925,64,61,3,3
18926,122,126,-4,4
18927,67,65,2,2
18928,86,82,4,4
18929,42,54,-12,12
18930,126,117,9,9
18931,148,128,20,20
18932,81,73,8,8
18933,78,78,0,0
18934,74,70,4,4
18935,52,56,-4,4
18936,67,66,1,1
18937,69,67,2,2
18938,76,79,-3,3
18939,56,58,-2,2
18940,103,107,-4,4
18941,86,93,-7,7
18942,67,77,-10,10
18943,74,76,-2,2
18944,61,59,2,2
18945,42,56,-14,14
18946,106,100,6,6
18947,59,57,2,2
18948,65,59,6,6
18949,148,147,1,1
18950,161,144,17,17
18951,140,125,15,15
18952,140,132,8,8
18953,70,77,-7,7
18954,157,141,16,16
18955,70,77,-7,7
18956,110,115,-5,5
18957,132,147,-15,15
18958,40,62,-22,22
18959,115,102,13,13
18960,165,157,8,8
18961,46,61,-15,15
18962,108,114,-6,6
18963,145,133,12,12
18964,153,135,18,18
18965,64,62,2,2
18966,104,103,1,1
18967,104,91,13,13
18968,103,89,14,14
18969,99,104,-5,5
18970,58,59,-1,1
18971,78,73,5,5
18972,116,111,5,5
18973,95,108,-13,13
18974,77,70,7,7
18975,100,89,11,11
18976,147,137,10,10
18977,73,70,3,3
18978,90,91,-1,1
18979,91,86,5,5
18980,136,125,11,11
18981,156,139,17,17
18982,71,68,3,3
18983,65,62,3,3
18984,82,79,3,3
18985,116,112,4,4
18986,134,120,14,14
18987,70,71,-1,1
18988,98,96,2,2
18989,194,168,26,26
18990,58,62,-4,4
18991,111,147,-36,36
18992,55,57,-2,2
18993,105,102,3,3
18994,85,82,3,3
18995,105,95,10,10
18996,83,88,-5,5
18997,96,86,10,10
18998,83,76,7,7
18999,153,142,11,11
19000,81,77,4,4
19001,60,60,0,0
19002,137,130,7,7
19003,140,129,11,11
19004,88,89,-1,1
19005,124,122,2,2
19006,101,93,8,8
19007,84,74,10,10
19008,99,94,5,5
19009,59,54,5,5
19010,83,90,-7,7
19011,113,115,-2,2
19012,83,89,-6,6
19013,65,65,0,0
19014,52,57,-5,5
19015,120,119,1,1
19016,102,87,15,15
19017,50,72,-22,22
19018,134,134,0,0
19019,90,88,2,2
19020,79,71,8,8
19021,78,83,-5,5
19022,122,110,12,12
19023,69,71,-2,2
19024,72,68,4,4
19025,71,70,1,1
19026,112,94,18,18
19027,111,95,16,16
19028,96,98,-2,2
19029,96,90,6,6
19030,67,66,1,1
19031,102,103,-1,1
19032,71,75,-4,4
19033,147,138,9,9
19034,123,123,0,0
19035,89,70,19,19
19036,72,78,-6,6
19037,81,82,-1,1
19038,61,60,1,1
19039,79,73,6,6
19040,112,101,11,11
19041,167,163,4,4
19042,74,76,-2,2
19043,122,108,14,14
19044,78,83,-5,5
19045,64,68,-4,4
19046,72,74,-2,2
19047,90,80,10,10
19048,86,74,12,12
19049,122,111,11,11
19050,70,60,10,10
19051,80,75,5,5
19052,55,54,1,1
19053,86,77,9,9
19054,117,114,3,3
19055,95,91,4,4
19056,88,88,0,0
19057,123,107,16,16
19058,102,93,9,9
19059,73,66,7,7
19060,33,52,-19,19
19061,133,115,18,18
19062,65,71,-6,6
19063,75,61,14,14
19064,39,52,-13,13
19065,119,107,12,12
19066,88,87,1,1
19067,110,97,13,13
19068,59,62,-3,3
19069,94,99,-5,5
19070,90,84,6,6
19071,64,62,2,2
19072,111,108,3,3
19073,95,93,2,2
19074,77,74,3,3
19075,60,58,2,2
19076,151,138,13,13
19077,90,82,8,8
19078,65,66,-1,1
19079,100,108,-8,8
19080,59,61,-2,2
19081,89,86,3,3
19082,91,96,-5,5
19083,152,137,15,15
19084,58,58,0,0
19085,98,104,-6,6
19086,111,102,9,9
19087,94,83,11,11
19088,98,97,1,1
19089,99,88,11,11
19090,132,122,10,10
19091,99,113,-14,14
19092,163,166,-3,3
19093,105,91,14,14
19094,109,107,2,2
19095,49,56,-7,7
19096,97,109,-12,12
19097,153,140,13,13
19098,73,98,-25,25
19099,71,70,1,1
19100,89,80,9,9
19101,110,93,17,17
19102,73,71,2,2
19103,151,125,26,26
19104,146,136,10,10
19105,74,71,3,3
19106,76,67,9,9
19107,57,115,-58,58
19108,96,82,14,14
19109,143,122,21,21
19110,98,77,21,21
19111,74,74,0,0
19112,78,72,6,6
19113,139,150,-11,11
19114,81,81,0,0
19115,74,77,-3,3
19116,81,79,2,2
19117,149,154,-5,5
19118,59,64,-5,5
19119,92,94,-2,2
19120,88,82,6,6
19121,94,91,3,3
19122,106,101,5,5
19123,143,122,21,21
19124,61,64,-3,3
19125,84,76,8,8
19126,107,106,1,1
19127,129,125,4,4
19128,80,75,5,5
19129,89,89,0,0
19130,159,144,15,15
19131,44,52,-8,8
19132,116,114,2,2
19133,79,75,4,4
19134,82,72,10,10
19135,77,75,2,2
19136,124,108,16,16
19137,97,97,0,0
19138,62,67,-5,5
19139,65,66,-1,1
19140,78,70,8,8
19141,105,100,5,5
19142,107,112,-5,5
19143,60,61,-1,1
19144,63,61,2,2
19145,71,66,5,5
19146,122,121,1,1
19147,76,73,3,3
19148,137,136,1,1
19149,89,85,4,4
19150,87,90,-3,3
19151,147,140,7,7
19152,121,133,-12,12
19153,91,78,13,13
19154,62,61,1,1
19155,77,84,-7,7
19156,95,91,4,4
19157,71,70,1,1
19158,129,134,-5,5
19159,114,111,3,3
19160,196,176,20,20
19161,113,109,4,4
19162,122,109,13,13
19163,120,108,12,12
19164,104,112,-8,8
19165,99,94,5,5
19166,80,78,2,2
19167,69,73,-4,4
19168,100,103,-3,3
19169,63,63,0,0
19170,145,128,17,17
19171,55,55,0,0
19172,91,84,7,7
19173,148,135,13,13
19174,75,67,8,8
19175,106,102,4,4
19176,179,158,21,21
19177,86,92,-6,6
19178,72,72,0,0
19179,127,130,-3,3
19180,68,62,6,6
19181,69,83,-14,14
19182,136,133,3,3
19183,91,86,5,5
19184,102,102,0,0
19185,128,113,15,15
19186,94,91,3,3
19187,105,100,5,5
19188,146,132,14,14
19189,72,64,8,8
19190,105,98,7,7
19191,137,127,10,10
19192,169,157,12,12
19193,130,147,-17,17
19194,126,121,5,5
19195,125,114,11,11
19196,102,99,3,3
19197,74,70,4,4
19198,74,82,-8,8
19199,97,94,3,3
19200,113,104,9,9
19201,54,55,-1,1
19202,127,106,21,21
19203,73,78,-5,5
19204,145,143,2,2
19205,117,109,8,8
19206,123,114,9,9
19207,188,158,30,30
19208,75,78,-3,3
19209,76,82,-6,6
19210,45,55,-10,10
19211,86,81,5,5
19212,74,75,-1,1
19213,103,110,-7,7
19214,140,120,20,20
19215,95,94,1,1
19216,102,100,2,2
19217,34,52,-18,18
19218,101,93,8,8
19219,62,69,-7,7
19220,81,85,-4,4
19221,84,85,-1,1
19222,114,121,-7,7
19223,90,79,11,11
19224,66,89,-23,23
19225,98,95,3,3
19226,68,71,-3,3
19227,115,106,9,9
19228,101,72,29,29
19229,137,121,16,16
19230,125,122,3,3
19231,84,85,-1,1
19232,43,55,-12,12
19233,99,90,9,9
19234,126,122,4,4
19235,97,94,3,3
19236,105,90,15,15
19237,74,78,-4,4
19238,108,101,7,7
19239,70,67,3,3
19240,49,54,-5,5
19241,133,124,9,9
19242,105,97,8,8
19243,147,142,5,5
19244,98,93,5,5
19245,124,114,10,10
19246,73,71,2,2
19247,78,69,9,9
19248,106,106,0,0
19249,63,59,4,4
19250,87,86,1,1
19251,80,74,6,6
19252,101,94,7,7
19253,80,77,3,3
19254,107,93,14,14
19255,65,69,-4,4
19256,62,58,4,4
19257,124,122,2,2
19258,37,52,-15,15
19259,109,100,9,9
19260,48,55,-7,7
19261,152,132,20,20
19262,163,149,14,14
19263,126,116,10,10
19264,62,85,-23,23
19265,128,132,-4,4
19266,104,101,3,3
19267,110,120,-10,10
19268,79,80,-1,1
19269,79,77,2,2
19270,145,134,11,11
19271,74,78,-4,4
19272,59,61,-2,2
19273,107,103,4,4
19274,88,91,-3,3
19275,47,66,-19,19
19276,111,111,0,0
19277,108,100,8,8
19278,133,112,21,21
19279,155,154,1,1
19280,85,81,4,4
19281,135,115,20,20
19282,104,94,10,10
19283,149,148,1,1
19284,78,76,2,2
19285,76,73,3,3
19286,96,96,0,0
19287,130,113,17,17
19288,90,83,7,7
19289,55,77,-22,22
19290,123,125,-2,2
19291,65,62,3,3
19292,69,64,5,5
19293,50,56,-6,6
19294,51,60,-9,9
19295,81,67,14,14
19296,108,102,6,6
19297,81,81,0,0
19298,42,51,-9,9
19299,141,117,24,24
19300,66,71,-5,5
19301,103,96,7,7
19302,147,134,13,13
19303,105,86,19,19
19304,136,111,25,25
19305,58,62,-4,4
19306,108,91,17,17
19307,63,59,4,4
19308,116,111,5,5
19309,147,132,15,15
19310,73,68,5,5
19311,92,91,1,1
19312,63,63,0,0
19313,98,98,0,0
19314,153,144,9,9
19315,98,92,6,6
19316,68,73,-5,5
19317,70,57,13,13
19318,69,127,-58,58
19319,68,62,6,6
19320,66,62,4,4
19321,83,75,8,8
19322,113,100,13,13
19323,123,109,14,14
19324,39,53,-14,14
19325,127,111,16,16
19326,119,114,5,5
19327,80,74,6,6
19328,202,205,-3,3
19329,71,76,-5,5
19330,49,54,-5,5
19331,73,83,-10,10
19332,90,96,-6,6
19333,86,79,7,7
19334,71,81,-10,10
19335,62,68,-6,6
19336,89,82,7,7
19337,205,176,29,29
19338,157,128,29,29
19339,95,108,-13,13
19340,54,62,-8,8
19341,86,81,5,5
19342,105,105,0,0
19343,51,61,-10,10
19344,56,62,-6,6
19345,142,141,1,1
19346,151,133,18,18
19347,72,65,7,7
19348,71,76,-5,5
19349,73,69,4,4
19350,58,58,0,0
19351,175,190,-15,15
19352,132,125,7,7
19353,102,99,3,3
19354,115,110,5,5
19355,92,102,-10,10
19356,77,75,2,2
19357,113,109,4,4
19358,103,98,5,5
19359,147,153,-6,6
19360,93,108,-15,15
19361,105,105,0,0
19362,95,86,9,9
19363,158,144,14,14
19364,117,113,4,4
19365,113,118,-5,5
19366,84,72,12,12
19367,64,68,-4,4
19368,98,95,3,3
19369,91,95,-4,4
19370,106,93,13,13
19371,57,64,-7,7
19372,130,122,8,8
19373,67,73,-6,6
19374,60,64,-4,4
19375,80,72,8,8
19376,109,105,4,4
19377,56,81,-25,25
19378,61,69,-8,8
19379,162,148,14,14
19380,105,98,7,7
19381,118,108,10,10
19382,88,81,7,7
19383,61,54,7,7
19384,101,93,8,8
19385,130,128,2,2
19386,116,104,12,12
19387,66,76,-10,10
19388,67,71,-4,4
19389,68,75,-7,7
19390,54,54,0,0
19391,76,72,4,4
19392,91,88,3,3
19393,48,53,-5,5
19394,108,103,5,5
19395,50,55,-5,5
19396,121,124,-3,3
19397,55,55,0,0
19398,99,85,14,14
19399,109,105,4,4
19400,129,119,10,10
19401,59,54,5,5
19402,193,178,15,15
19403,115,107,8,8
19404,168,158,10,10
19405,109,104,5,5
19406,79,87,-8,8
19407,69,63,6,6
19408,124,121,3,3
19409,86,95,-9,9
19410,108,101,7,7
19411,57,57,0,0
19412,69,61,8,8
19413,73,74,-1,1
19414,93,98,-5,5
19415,108,101,7,7
19416,47,54,-7,7
19417,96,88,8,8
19418,136,137,-1,1
19419,62,54,8,8
19420,35,54,-19,19
19421,168,168,0,0
19422,72,61,11,11
19423,53,55,-2,2
19424,181,166,15,15
19425,106,96,10,10
19426,110,116,-6,6
19427,71,69,2,2
19428,81,85,-4,4
19429,66,62,4,4
19430,96,99,-3,3
19431,94,83,11,11
19432,101,89,12,12
19433,56,56,0,0
19434,161,139,22,22
19435,120,107,13,13
19436,90,89,1,1
19437,74,76,-2,2
19438,119,110,9,9
19439,120,110,10,10
19440,116,133,-17,17
19441,72,70,2,2
19442,100,86,14,14
19443,72,71,1,1
19444,152,146,6,6
19445,65,72,-7,7
19446,84,77,7,7
19447,100,97,3,3
19448,116,101,15,15
19449,88,85,3,3
19450,94,101,-7,7
19451,76,71,5,5
19452,70,73,-3,3
19453,72,84,-12,12
19454,114,109,5,5
19455,95,92,3,3
19456,88,79,9,9
19457,103,117,-14,14
19458,82,78,4,4
19459,66,74,-8,8
19460,126,110,16,16
19461,215,222,-7,7
19462,127,123,4,4
19463,71,69,2,2
19464,106,90,16,16
19465,125,121,4,4
19466,98,90,8,8
19467,80,92,-12,12
19468,76,78,-2,2
19469,126,120,6,6
19470,45,53,-8,8
19471,98,95,3,3
19472,75,74,1,1
19473,76,67,9,9
19474,103,104,-1,1
19475,149,142,7,7
19476,110,107,3,3
19477,71,69,2,2
19478,121,127,-6,6
19479,86,82,4,4
19480,44,55,-11,11
19481,126,120,6,6
19482,145,125,20,20
19483,94,101,-7,7
19484,49,56,-7,7
19485,99,92,7,7
19486,75,85,-10,10
19487,77,90,-13,13
19488,65,70,-5,5
19489,117,109,8,8
19490,87,80,7,7
19491,87,96,-9,9
19492,138,135,3,3
19493,66,66,0,0
19494,100,85,15,15
19495,107,95,12,12
19496,82,104,-22,22
19497,76,82,-6,6
19498,67,77,-10,10
19499,40,52,-12,12
19500,88,91,-3,3
19501,184,163,21,21
19502,92,82,10,10
19503,134,129,5,5
19504,105,102,3,3
19505,112,108,4,4
19506,70,69,1,1
19507,70,74,-4,4
19508,57,59,-2,2
19509,120,112,8,8
19510,98,100,-2,2
19511,115,104,11,11
19512,84,93,-9,9
19513,97,90,7,7
19514,85,83,2,2
19515,67,67,0,0
19516,93,79,14,14
19517,123,119,4,4
19518,52,92,-40,40
19519,113,104,9,9
19520,63,63,0,0
19521,97,89,8,8
19522,103,95,8,8
19523,91,95,-4,4
19524,74,75,-1,1
19525,110,117,-7,7
19526,162,148,14,14
19527,98,95,3,3
19528,103,95,8,8
19529,96,103,-7,7
19530,35,54,-19,19
19531,85,89,-4,4
19532,69,70,-1,1
19533,80,69,11,11
19534,60,62,-2,2
19535,87,96,-9,9
19536,77,72,5,5
19537,139,130,9,9
19538,51,56,-5,5
19539,122,107,15,15
19540,125,111,14,14
19541,63,59,4,4
19542,125,114,11,11
19543,85,91,-6,6
19544,112,109,3,3
19545,58,63,-5,5
19546,104,101,3,3
19547,120,110,10,10
19548,43,53,-10,10
19549,90,99,-9,9
19550,29,52,-23,23
19551,92,80,12,12
19552,99,79,20,20
19553,55,57,-2,2
19554,66,61,5,5
19555,78,75,3,3
19556,67,62,5,5
19557,91,80,11,11
19558,143,125,18,18
19559,86,93,-7,7
19560,57,68,-11,11
19561,96,86,10,10
19562,101,110,-9,9
19563,58,55,3,3
19564,113,102,11,11
19565,44,52,-8,8
19566,140,118,22,22
19567,150,144,6,6
19568,117,118,-1,1
19569,86,86,0,0
19570,99,91,8,8
19571,114,101,13,13
19572,81,76,5,5
19573,64,56,8,8
19574,132,127,5,5
19575,82,81,1,1
19576,141,129,12,12
19577,68,80,-12,12
19578,137,122,15,15
19579,75,69,6,6
19580,71,68,3,3
19581,59,74,-15,15
19582,45,52,-7,7
19583,70,65,5,5
19584,107,99,8,8
19585,59,58,1,1
19586,41,53,-12,12
19587,65,70,-5,5
19588,50,52,-2,2
19589,88,88,0,0
19590,114,112,2,2
19591,64,57,7,7
19592,154,143,11,11
19593,64,68,-4,4
19594,46,64,-18,18
19595,120,113,7,7
19596,80,78,2,2
19597,52,53,-1,1
19598,88,106,-18,18
19599,65,87,-22,22
19600,49,56,-7,7
19601,82,91,-9,9
19602,108,115,-7,7
19603,59,65,-6,6
19604,68,68,0,0
19605,99,87,12,12
19606,100,95,5,5
19607,100,90,10,10
19608,156,142,14,14
19609,91,95,-4,4
19610,152,142,10,10
19611,125,110,15,15
19612,60,61,-1,1
19613,43,53,-10,10
19614,48,56,-8,8
19615,94,96,-2,2
19616,70,64,6,6
19617,52,54,-2,2
19618,70,68,2,2
19619,154,134,20,20
19620,133,128,5,5
19621,72,71,1,1
19622,79,82,-3,3
19623,111,113,-2,2
19624,72,70,2,2
19625,147,148,-1,1
19626,94,87,7,7
19627,41,53,-12,12
19628,79,86,-7,7
19629,61,60,1,1
19630,68,73,-5,5
19631,70,65,5,5
19632,80,82,-2,2
19633,58,64,-6,6
19634,45,53,-8,8
19635,187,161,26,26
19636,84,80,4,4
19637,76,73,3,3
19638,154,141,13,13
19639,139,127,12,12
19640,173,156,17,17
19641,75,65,10,10
19642,148,134,14,14
19643,174,158,16,16
19644,100,105,-5,5
19645,29,51,-22,22
19646,102,91,11,11
19647,67,68,-1,1
19648,51,53,-2,2
19649,133,110,23,23
19650,36,52,-16,16
19651,66,59,7,7
19652,65,59,6,6
19653,73,72,1,1
19654,151,140,11,11
19655,87,79,8,8
19656,138,139,-1,1
19657,65,63,2,2
19658,97,90,7,7
19659,84,83,1,1
19660,171,152,19,19
19661,110,105,5,5
19662,120,110,10,10
19663,99,93,6,6
19664,135,144,-9,9
19665,90,86,4,4
19666,70,66,4,4
19667,99,98,1,1
19668,58,57,1,1
19669,109,129,-20,20
19670,77,77,0,0
19671,74,73,1,1
19672,134,129,5,5
19673,130,113,17,17
19674,65,63,2,2
19675,109,100,9,9
19676,75,78,-3,3
19677,125,119,6,6
19678,99,92,7,7
19679,147,140,7,7
19680,160,144,16,16
19681,49,53,-4,4
19682,62,65,-3,3
19683,332,296,36,36
19684,127,121,6,6
19685,34,51,-17,17
19686,145,133,12,12
19687,108,97,11,11
19688,66,67,-1,1
19689,65,65,0,0
19690,157,141,16,16
19691,89,80,9,9
19692,97,103,-6,6
19693,116,109,7,7
19694,102,97,5,5
19695,118,120,-2,2
19696,161,151,10,10
19697,97,90,7,7
19698,40,51,-11,11
19699,63,60,3,3
19700,70,78,-8,8
19701,83,76,7,7
19702,100,101,-1,1
19703,76,73,3,3
19704,105,99,6,6
19705,72,81,-9,9
19706,69,83,-14,14
19707,136,131,5,5
19708,126,106,20,20
19709,130,131,-1,1
19710,116,115,1,1
19711,87,80,7,7
19712,100,99,1,1
19713,100,89,11,11
19714,55,57,-2,2
19715,92,90,2,2
19716,101,92,9,9
19717,149,142,7,7
19718,98,84,14,14
19719,89,86,3,3
19720,40,65,-25,25
19721,91,86,5,5
19722,103,103,0,0
19723,88,80,8,8
19724,76,86,-10,10
19725,43,55,-12,12
19726,60,64,-4,4
19727,165,146,19,19
19728,148,148,0,0
19729,114,108,6,6
19730,97,81,16,16
19731,141,139,2,2
19732,82,87,-5,5
19733,89,85,4,4
19734,141,135,6,6
19735,31,54,-23,23
19736,87,97,-10,10
19737,83,83,0,0
19738,64,64,0,0
19739,68,71,-3,3
19740,75,68,7,7
19741,102,97,5,5
19742,54,60,-6,6
19743,108,111,-3,3
19744,104,89,15,15
19745,132,129,3,3
19746,77,71,6,6
19747,130,123,7,7
19748,46,54,-8,8
19749,83,69,14,14
19750,79,79,0,0
19751,180,158,22,22
19752,118,123,-5,5
19753,105,112,-7,7
19754,93,94,-1,1
19755,81,75,6,6
19756,61,64,-3,3
19757,142,136,6,6
19758,93,91,2,2
19759,100,96,4,4
19760,146,134,12,12
19761,64,65,-1,1
19762,116,107,9,9
19763,55,64,-9,9
19764,55,62,-7,7
19765,86,94,-8,8
19766,90,88,2,2
19767,146,138,8,8
19768,55,54,1,1
19769,76,74,2,2
19770,48,58,-10,10
19771,84,65,19,19
19772,62,59,3,3
19773,93,85,8,8
19774,104,98,6,6
19775,108,105,3,3
19776,83,89,-6,6
19777,57,56,1,1
19778,76,75,1,1
19779,100,123,-23,23
19780,96,93,3,3
19781,124,92,32,32
19782,55,69,-14,14
19783,61,62,-1,1
19784,104,98,6,6
19785,70,74,-4,4
19786,94,82,12,12
19787,64,64,0,0
19788,113,114,-1,1
19789,92,92,0,0
19790,136,136,0,0
19791,115,100,15,15
19792,103,110,-7,7
19793,84,84,0,0
19794,60,61,-1,1
19795,83,111,-28,28
19796,127,122,5,5
19797,137,121,16,16
19798,64,56,8,8
19799,180,165,15,15
19800,144,128,16,16
19801,82,74,8,8
19802,89,78,11,11
19803,122,128,-6,6
19804,85,84,1,1
19805,127,115,12,12
19806,86,77,9,9
19807,81,85,-4,4
19808,102,89,13,13
19809,104,77,27,27
19810,47,54,-7,7
19811,163,137,26,26
19812,102,99,3,3
19813,152,129,23,23
19814,139,125,14,14
19815,88,75,13,13
19816,57,55,2,2
19817,79,69,10,10
19818,60,55,5,5
19819,104,92,12,12
19820,92,86,6,6
19821,74,70,4,4
19822,94,87,7,7
19823,102,102,0,0
19824,109,99,10,10
19825,86,79,7,7
19826,85,76,9,9
19827,86,76,10,10
19828,158,136,22,22
19829,78,75,3,3
19830,72,68,4,4
19831,127,119,8,8
19832,81,80,1,1
19833,99,98,1,1
19834,64,67,-3,3
19835,137,135,2,2
19836,99,99,0,0
19837,74,78,-4,4
19838,80,86,-6,6
19839,99,105,-6,6
19840,95,92,3,3
19841,48,54,-6,6
19842,77,73,4,4
19843,88,94,-6,6
19844,99,93,6,6
19845,87,77,10,10
19846,75,77,-2,2
19847,103,105,-2,2
19848,190,173,17,17
19849,88,70,18,18
19850,85,85,0,0
19851,59,54,5,5
19852,63,77,-14,14
19853,85,83,2,2
19854,67,85,-18,18
19855,76,81,-5,5
19856,115,108,7,7
19857,62,61,1,1
19858,61,66,-5,5
19859,147,138,9,9
19860,153,139,14,14
19861,68,61,7,7
19862,106,112,-6,6
19863,79,75,4,4
19864,165,146,19,19
19865,63,60,3,3
19866,106,104,2,2
19867,74,76,-2,2
19868,135,125,10,10
19869,76,79,-3,3
19870,113,115,-2,2
19871,77,74,3,3
19872,67,70,-3,3
19873,93,107,-14,14
19874,170,157,13,13
19875,77,83,-6,6
19876,88,81,7,7
19877,103,97,6,6
19878,85,84,1,1
19879,82,71,11,11
19880,70,76,-6,6
19881,94,101,-7,7
19882,44,53,-9,9
19883,103,91,12,12
19884,99,95,4,4
19885,67,62,5,5
19886,56,58,-2,2
19887,94,92,2,2
19888,77,77,0,0
19889,68,68,0,0
19890,125,111,14,14
19891,110,106,4,4
19892,102,86,16,16
19893,57,53,4,4
19894,68,84,-16,16
19895,75,74,1,1
19896,101,93,8,8
19897,57,54,3,3
19898,93,104,-11,11
19899,52,61,-9,9
19900,57,62,-5,5
19901,123,105,18,18
19902,111,114,-3,3
19903,62,64,-2,2
19904,89,98,-9,9
19905,114,104,10,10
19906,45,54,-9,9
19907,79,72,7,7
19908,134,122,12,12
19909,101,93,8,8
19910,92,84,8,8
19911,74,67,7,7
19912,95,91,4,4
19913,49,56,-7,7
19914,86,79,7,7
19915,50,66,-16,16
19916,55,58,-3,3
19917,49,52,-3,3
19918,87,88,-1,1
19919,59,65,-6,6
19920,108,108,0,0
19921,88,82,6,6
19922,118,121,-3,3
19923,108,99,9,9
19924,38,69,-31,31
19925,94,85,9,9
19926,35,57,-22,22
19927,114,112,2,2
19928,124,110,14,14
19929,108,110,-2,2
19930,129,135,-6,6
19931,69,70,-1,1
19932,108,110,-2,2
19933,66,71,-5,5
19934,62,58,4,4
19935,107,106,1,1
19936,65,63,2,2
19937,169,144,25,25
19938,115,107,8,8
19939,116,109,7,7
19940,87,85,2,2
19941,62,66,-4,4
19942,128,117,11,11
19943,126,126,0,0
19944,139,137,2,2
19945,217,185,32,32
19946,147,144,3,3
19947,117,104,13,13
19948,181,172,9,9
19949,101,124,-23,23
19950,66,68,-2,2
19951,77,71,6,6
19952,110,107,3,3
19953,186,173,13,13
19954,60,59,1,1
19955,68,69,-1,1
19956,125,120,5,5
19957,52,54,-2,2
19958,75,72,3,3
19959,109,111,-2,2
19960,44,59,-15,15
19961,123,124,-1,1
19962,123,111,12,12
19963,69,65,4,4
19964,51,55,-4,4
19965,148,129,19,19
19966,104,90,14,14
19967,64,64,0,0
19968,82,88,-6,6
19969,82,78,4,4
19970,135,132,3,3
19971,54,57,-3,3
19972,88,77,11,11
19973,88,77,11,11
19974,102,98,4,4
19975,45,53,-8,8
19976,85,81,4,4
19977,117,104,13,13
19978,124,109,15,15
19979,60,68,-8,8
19980,40,59,-19,19
19981,133,126,7,7
19982,101,104,-3,3
19983,80,75,5,5
19984,90,106,-16,16
19985,85,82,3,3
19986,68,70,-2,2
19987,150,141,9,9
19988,86,78,8,8
19989,105,104,1,1
19990,45,53,-8,8
19991,149,153,-4,4
19992,74,75,-1,1
19993,40,55,-15,15
19994,75,80,-5,5
19995,47,58,-11,11
19996,70,74,-4,4
19997,56,55,1,1
19998,46,52,-6,6
19999,98,101,-3,3
20000,107,97,10,10
20001,121,106,15,15
20002,192,177,15,15
20003,50,55,-5,5
20004,62,75,-13,13
20005,93,87,6,6
20006,96,86,10,10
20007,72,68,4,4
20008,134,134,0,0
20009,98,97,1,1
20010,159,137,22,22
20011,115,108,7,7
20012,54,56,-2,2
20013,60,61,-1,1
20014,80,75,5,5
20015,103,102,1,1
20016,89,81,8,8
20017,118,117,1,1
20018,109,100,9,9
20019,65,70,-5,5
20020,62,68,-6,6
20021,100,94,6,6
20022,127,126,1,1
20023,54,59,-5,5
20024,113,102,11,11
20025,122,114,8,8
20026,140,122,18,18
20027,71,68,3,3
20028,86,90,-4,4
20029,94,95,-1,1
20030,124,114,10,10
20031,59,60,-1,1
20032,115,104,11,11
20033,61,59,2,2
20034,65,60,5,5
20035,79,79,0,0
20036,122,107,15,15
20037,97,103,-6,6
20038,64,66,-2,2
20039,107,98,9,9
20040,109,104,5,5
20041,70,66,4,4
20042,63,60,3,3
20043,104,100,4,4
20044,88,75,13,13
20045,91,88,3,3
20046,136,134,2,2
20047,67,64,3,3
20048,65,59,6,6
20049,97,97,0,0
20050,114,114,0,0
20051,122,129,-7,7
20052,76,70,6,6
20053,96,98,-2,2
20054,90,80,10,10
20055,68,63,5,5
20056,78,79,-1,1
20057,158,141,17,17
20058,77,81,-4,4
20059,65,61,4,4
20060,126,113,13,13
20061,102,94,8,8
20062,96,87,9,9
20063,120,125,-5,5
20064,44,53,-9,9
20065,68,69,-1,1
20066,170,162,8,8
20067,40,53,-13,13
20068,43,54,-11,11
20069,95,85,10,10
20070,114,100,14,14
20071,60,62,-2,2
20072,35,53,-18,18
20073,70,64,6,6
20074,126,119,7,7
20075,68,67,1,1
20076,137,137,0,0
20077,154,125,29,29
20078,139,132,7,7
20079,103,99,4,4
20080,82,71,11,11
20081,94,100,-6,6
20082,136,124,12,12
20083,81,71,10,10
20084,51,55,-4,4
20085,126,121,5,5
20086,89,122,-33,33
20087,88,89,-1,1
20088,77,65,12,12
20089,83,84,-1,1
20090,77,66,11,11
20091,84,80,4,4
20092,82,71,11,11
20093,65,63,2,2
20094,113,97,16,16
20095,78,83,-5,5
20096,54,54,0,0
20097,94,100,-6,6
20098,59,65,-6,6
20099,117,121,-4,4
20100,78,63,15,15
20101,48,52,-4,4
20102,54,65,-11,11
20103,99,103,-4,4
20104,71,71,0,0
20105,136,124,12,12
20106,45,54,-9,9
20107,84,84,0,0
20108,82,83,-1,1
20109,45,54,-9,9
20110,125,102,23,23
20111,50,55,-5,5
20112,71,72,-1,1
20113,89,82,7,7
20114,61,66,-5,5
20115,105,93,12,12
20116,143,136,7,7
20117,185,160,25,25
20118,48,52,-4,4
20119,98,97,1,1
20120,38,51,-13,13
20121,92,85,7,7
20122,139,129,10,10
20123,99,87,12,12
20124,106,102,4,4
20125,60,76,-16,16
20126,96,78,18,18
20127,138,140,-2,2
20128,83,82,1,1
20129,152,119,33,33
20130,115,113,2,2
20131,84,90,-6,6
20132,133,124,9,9
20133,128,119,9,9
20134,78,76,2,2
20135,93,90,3,3
20136,105,102,3,3
20137,90,89,1,1
20138,205,169,36,36
20139,80,77,3,3
20140,80,76,4,4
20141,118,95,23,23
20142,60,68,-8,8
20143,101,97,4,4
20144,95,91,4,4
20145,130,138,-8,8
20146,113,103,10,10
20147,79,86,-7,7
20148,88,80,8,8
20149,109,102,7,7
20150,98,83,15,15
20151,70,67,3,3
20152,92,85,7,7
20153,157,158,-1,1
20154,44,53,-9,9
20155,95,84,11,11
20156,87,78,9,9
20157,109,88,21,21
20158,111,107,4,4
20159,86,77,9,9
20160,149,145,4,4
20161,111,103,8,8
20162,45,53,-8,8
20163,150,140,10,10
20164,89,79,10,10
20165,67,75,-8,8
20166,87,89,-2,2
20167,150,131,19,19
20168,124,102,22,22
20169,96,89,7,7
20170,125,122,3,3
20171,116,126,-10,10
20172,80,75,5,5
20173,156,128,28,28
20174,159,154,5,5
20175,108,104,4,4
20176,90,87,3,3
20177,117,105,12,12
20178,139,123,16,16
20179,87,83,4,4
20180,79,68,11,11
20181,103,97,6,6
20182,157,136,21,21
20183,159,159,0,0
20184,46,77,-31,31
20185,84,85,-1,1
20186,62,70,-8,8
20187,99,100,-1,1
20188,62,60,2,2
20189,87,99,-12,12
20190,186,174,12,12
20191,104,94,10,10
20192,83,80,3,3
20193,82,77,5,5
20194,82,82,0,0
20195,116,112,4,4
20196,48,53,-5,5
20197,72,78,-6,6
20198,81,78,3,3
20199,89,96,-7,7
20200,66,66,0,0
20201,99,101,-2,2
20202,97,91,6,6
20203,83,81,2,2
20204,57,56,1,1
20205,95,92,3,3
20206,81,77,4,4
20207,77,84,-7,7
20208,65,66,-1,1
20209,109,102,7,7
20210,58,58,0,0
20211,38,56,-18,18
20212,109,103,6,6
20213,128,120,8,8
20214,68,60,8,8
20215,134,130,4,4
20216,80,81,-1,1
20217,197,175,22,22
20218,105,103,2,2
20219,78,77,1,1
20220,99,113,-14,14
20221,88,81,7,7
20222,105,98,7,7
20223,63,72,-9,9
20224,76,98,-22,22
20225,80,79,1,1
20226,68,70,-2,2
20227,97,96,1,1
20228,107,97,10,10
20229,96,75,21,21
20230,120,123,-3,3
20231,110,99,11,11
20232,67,68,-1,1
20233,154,132,22,22
20234,133,115,18,18
20235,98,88,10,10
20236,93,86,7,7
20237,93,93,0,0
20238,95,97,-2,2
20239,96,87,9,9
20240,66,66,0,0
20241,54,55,-1,1
20242,89,85,4,4
20243,165,147,18,18
20244,189,173,16,16
20245,62,66,-4,4
20246,49,55,-6,6
20247,59,58,1,1
20248,82,77,5,5
20249,75,77,-2,2
20250,121,111,10,10
20251,116,95,21,21
20252,185,174,11,11
20253,139,132,7,7
20254,73,76,-3,3
20255,147,139,8,8
20256,109,115,-6,6
20257,119,112,7,7
20258,83,75,8,8
20259,122,120,2,2
20260,84,90,-6,6
20261,130,121,9,9
20262,137,139,-2,2
20263,96,98,-2,2
20264,81,76,5,5
20265,123,113,10,10
20266,83,70,13,13
20267,104,96,8,8
20268,121,104,17,17
20269,130,116,14,14
20270,104,95,9,9
20271,107,96,11,11
20272,121,111,10,10
20273,76,76,0,0
20274,59,64,-5,5
20275,127,126,1,1
20276,179,172,7,7
20277,70,73,-3,3
20278,83,81,2,2
20279,83,85,-2,2
20280,52,63,-11,11
20281,58,63,-5,5
20282,116,115,1,1
20283,57,62,-5,5
20284,107,99,8,8
20285,164,153,11,11
20286,110,101,9,9
20287,101,95,6,6
20288,159,146,13,13
20289,103,111,-8,8
20290,133,134,-1,1
20291,59,73,-14,14
20292,93,100,-7,7
20293,129,113,16,16
20294,49,66,-17,17
20295,98,93,5,5
20296,100,93,7,7
20297,131,128,3,3
20298,140,136,4,4
20299,87,85,2,2
20300,138,124,14,14
20301,145,139,6,6
20302,124,114,10,10
20303,111,106,5,5
20304,128,116,12,12
20305,83,71,12,12
20306,90,97,-7,7
20307,96,90,6,6
20308,160,148,12,12
20309,75,74,1,1
20310,83,88,-5,5
20311,115,108,7,7
20312,78,83,-5,5
20313,91,88,3,3
20314,60,60,0,0
20315,92,87,5,5
20316,107,91,16,16
20317,94,100,-6,6
20318,75,101,-26,26
20319,60,59,1,1
20320,58,66,-8,8
20321,103,98,5,5
20322,68,65,3,3
20323,141,123,18,18
20324,89,95,-6,6
20325,172,149,23,23
20326,147,141,6,6
20327,94,83,11,11
20328,128,118,10,10
20329,76,74,2,2
20330,97,86,11,11
20331,110,105,5,5
20332,89,86,3,3
20333,72,65,7,7
20334,104,107,-3,3
20335,82,97,-15,15
20336,87,82,5,5
20337,96,94,2,2
20338,94,103,-9,9
20339,158,140,18,18
20340,102,99,3,3
20341,62,64,-2,2
20342,53,60,-7,7
20343,98,92,6,6
20344,96,88,8,8
20345,79,83,-4,4
20346,131,112,19,19
20347,44,53,-9,9
20348,102,88,14,14
20349,69,70,-1,1
20350,106,106,0,0
20351,128,129,-1,1
20352,49,60,-11,11
20353,123,108,15,15
20354,191,159,32,32
20355,116,100,16,16
20356,127,114,13,13
20357,42,52,-10,10
20358,124,96,28,28
20359,92,98,-6,6
20360,143,124,19,19
20361,68,66,2,2
20362,111,105,6,6
20363,120,128,-8,8
20364,93,84,9,9
20365,46,54,-8,8
20366,116,114,2,2
20367,84,81,3,3
20368,39,52,-13,13
20369,70,62,8,8
20370,59,68,-9,9
20371,107,125,-18,18
20372,59,57,2,2
20373,115,105,10,10
20374,92,97,-5,5
20375,105,110,-5,5
20376,110,99,11,11
20377,60,57,3,3
20378,119,105,14,14
20379,106,107,-1,1
20380,90,88,2,2
20381,63,65,-2,2
20382,103,96,7,7
20383,105,107,-2,2
20384,98,98,0,0
20385,48,55,-7,7
20386,110,130,-20,20
20387,119,102,17,17
20388,86,88,-2,2
20389,82,97,-15,15
20390,65,62,3,3
20391,89,87,2,2
20392,118,117,1,1
20393,146,128,18,18
20394,65,74,-9,9
20395,125,122,3,3
20396,87,86,1,1
20397,89,93,-4,4
20398,75,73,2,2
20399,87,82,5,5
20400,130,128,2,2
20401,51,54,-3,3
20402,129,131,-2,2
20403,81,78,3,3
20404,80,76,4,4
20405,66,70,-4,4
20406,47,54,-7,7
20407,103,103,0,0
20408,77,88,-11,11
20409,60,71,-11,11
20410,133,127,6,6
20411,66,65,1,1
20412,161,147,14,14
20413,101,101,0,0
20414,80,83,-3,3
20415,124,124,0,0
20416,140,127,13,13
20417,120,109,11,11
20418,141,124,17,17
20419,90,89,1,1
20420,54,59,-5,5
20421,63,61,2,2
20422,115,114,1,1
20423,59,67,-8,8
20424,68,69,-1,1
20425,51,57,-6,6
20426,56,59,-3,3
20427,69,79,-10,10
20428,71,70,1,1
20429,103,105,-2,2
20430,94,97,-3,3
20431,157,158,-1,1
20432,122,112,10,10
20433,111,105,6,6
20434,120,122,-2,2
20435,103,91,12,12
20436,62,69,-7,7
20437,130,127,3,3
20438,81,78,3,3
20439,166,137,29,29
20440,79,82,-3,3
20441,90,87,3,3
20442,91,93,-2,2
20443,44,54,-10,10
20444,87,90,-3,3
20445,117,111,6,6
20446,101,103,-2,2
20447,106,109,-3,3
20448,102,93,9,9
20449,74,65,9,9
20450,175,152,23,23
20451,71,79,-8,8
20452,122,117,5,5
20453,165,149,16,16
20454,134,121,13,13
20455,192,161,31,31
20456,80,67,13,13
20457,65,61,4,4
20458,105,107,-2,2
20459,121,110,11,11
20460,84,87,-3,3
20461,106,102,4,4
20462,91,82,9,9
20463,174,166,8,8
20464,64,61,3,3
20465,58,62,-4,4
20466,76,64,12,12
20467,70,74,-4,4
20468,143,133,10,10
20469,92,85,7,7
20470,94,93,1,1
20471,95,88,7,7
20472,119,108,11,11
20473,101,89,12,12
20474,110,107,3,3
20475,144,148,-4,4
20476,129,136,-7,7
20477,79,76,3,3
20478,99,101,-2,2
20479,85,80,5,5
20480,142,125,17,17
20481,77,83,-6,6
20482,62,62,0,0
20483,122,120,2,2
20484,106,108,-2,2
20485,52,53,-1,1
20486,79,86,-7,7
20487,95,81,14,14
20488,77,82,-5,5
20489,89,86,3,3
20490,70,71,-1,1
20491,97,91,6,6
20492,100,105,-5,5
20493,79,71,8,8
20494,138,133,5,5
20495,123,106,17,17
20496,152,126,26,26
20497,135,128,7,7
20498,83,82,1,1
20499,118,100,18,18
20500,91,84,7,7
20501,83,81,2,2
20502,77,76,1,1
20503,69,69,0,0
20504,68,69,-1,1
20505,139,128,11,11
20506,171,157,14,14
20507,80,79,1,1
20508,83,77,6,6
20509,108,98,10,10
20510,92,90,2,2
20511,59,59,0,0
20512,74,68,6,6
20513,62,61,1,1
20514,138,126,12,12
20515,55,57,-2,2
20516,85,77,8,8
20517,77,74,3,3
20518,39,52,-13,13
20519,65,64,1,1
20520,109,110,-1,1
20521,91,89,2,2
20522,74,71,3,3
20523,74,77,-3,3
20524,154,138,16,16
20525,153,136,17,17
20526,40,52,-12,12
20527,110,106,4,4
20528,63,61,2,2
20529,114,107,7,7
20530,114,118,-4,4
20531,62,73,-11,11
20532,81,69,12,12
20533,49,56,-7,7
20534,63,58,5,5
20535,93,87,6,6
20536,76,68,8,8
20537,146,137,9,9
20538,87,75,12,12
20539,162,148,14,14
20540,91,96,-5,5
20541,107,124,-17,17
20542,82,86,-4,4
20543,97,89,8,8
20544,42,54,-12,12
20545,81,76,5,5
20546,115,110,5,5
20547,120,112,8,8
20548,62,66,-4,4
20549,131,133,-2,2
20550,82,82,0,0
20551,59,64,-5,5
20552,127,126,1,1
20553,100,89,11,11
20554,92,85,7,7
20555,55,62,-7,7
20556,111,104,7,7
20557,92,86,6,6
20558,111,113,-2,2
20559,189,153,36,36
20560,93,79,14,14
20561,61,57,4,4
20562,50,52,-2,2
20563,62,63,-1,1
20564,46,53,-7,7
20565,145,144,1,1
20566,82,83,-1,1
20567,83,80,3,3
20568,78,73,5,5
20569,69,63,6,6
20570,117,100,17,17
20571,142,130,12,12
20572,111,110,1,1
20573,72,68,4,4
20574,95,87,8,8
20575,141,121,20,20
20576,179,156,23,23
20577,85,89,-4,4
20578,286,215,71,71
20579,87,79,8,8
20580,93,89,4,4
20581,87,81,6,6
20582,49,59,-10,10
20583,87,88,-1,1
20584,143,113,30,30
20585,98,110,-12,12
20586,70,70,0,0
20587,112,109,3,3
20588,53,57,-4,4
20589,55,58,-3,3
20590,88,82,6,6
20591,113,109,4,4
20592,86,83,3,3
20593,59,61,-2,2
20594,62,59,3,3
20595,71,78,-7,7
20596,102,118,-16,16
20597,69,72,-3,3
20598,117,113,4,4
20599,79,80,-1,1
20600,131,128,3,3
20601,45,54,-9,9
20602,81,81,0,0
20603,62,71,-9,9
20604,82,83,-1,1
20605,86,83,3,3
20606,52,52,0,0
20607,79,78,1,1
20608,108,96,12,12
20609,62,63,-1,1
20610,94,92,2,2
20611,74,82,-8,8
20612,136,119,17,17
20613,151,131,20,20
20614,145,146,-1,1
20615,99,93,6,6
20616,169,173,-4,4
20617,69,71,-2,2
20618,54,56,-2,2
20619,93,82,11,11
20620,106,103,3,3
20621,77,74,3,3
20622,100,106,-6,6
20623,96,102,-6,6
20624,56,57,-1,1
20625,99,91,8,8
20626,115,115,0,0
20627,90,84,6,6
20628,56,62,-6,6
20629,83,73,10,10
20630,117,105,12,12
20631,75,76,-1,1
20632,88,83,5,5
20633,80,76,4,4
20634,150,122,28,28
20635,126,111,15,15
20636,92,90,2,2
20637,117,111,6,6
20638,75,76,-1,1
20639,92,80,12,12
20640,72,74,-2,2
20641,45,53,-8,8
20642,55,68,-13,13
20643,123,127,-4,4
20644,127,116,11,11
20645,128,127,1,1
20646,161,152,9,9
20647,130,122,8,8
20648,87,78,9,9
20649,223,171,52,52
20650,79,83,-4,4
20651,155,135,20,20
20652,77,77,0,0
20653,82,71,11,11
20654,101,101,0,0
20655,89,93,-4,4
20656,106,104,2,2
20657,68,58,10,10
20658,98,94,4,4
20659,102,102,0,0
20660,88,77,11,11
20661,102,95,7,7
20662,173,150,23,23
20663,52,64,-12,12
20664,114,108,6,6
20665,85,71,14,14
20666,86,83,3,3
20667,77,72,5,5
20668,81,78,3,3
20669,89,83,6,6
20670,149,134,15,15
20671,68,76,-8,8
20672,77,71,6,6
20673,83,81,2,2
20674,71,69,2,2
20675,71,72,-1,1
20676,91,92,-1,1
20677,56,65,-9,9
20678,80,82,-2,2
20679,129,116,13,13
20680,95,91,4,4
20681,114,100,14,14
20682,149,131,18,18
20683,74,72,2,2
20684,84,74,10,10
20685,72,64,8,8
20686,119,108,11,11
20687,82,73,9,9
20688,94,113,-19,19
20689,89,96,-7,7
20690,45,53,-8,8
20691,77,64,13,13
20692,169,162,7,7
20693,100,85,15,15
20694,114,105,9,9
20695,95,89,6,6
20696,97,109,-12,12
20697,224,196,28,28
20698,96,94,2,2
20699,66,72,-6,6
20700,97,95,2,2
20701,113,109,4,4
20702,107,106,1,1
20703,59,71,-12,12
20704,148,145,3,3
20705,66,60,6,6
20706,151,149,2,2
20707,87,77,10,10
20708,119,106,13,13
20709,63,56,7,7
20710,122,110,12,12
20711,75,71,4,4
20712,142,132,10,10
20713,33,53,-20,20
20714,86,84,2,2
20715,33,51,-18,18
20716,144,117,27,27
20717,124,116,8,8
20718,77,76,1,1
20719,144,135,9,9
20720,88,92,-4,4
20721,87,92,-5,5
20722,45,53,-8,8
20723,104,86,18,18
20724,70,72,-2,2
20725,87,81,6,6
20726,139,131,8,8
20727,136,132,4,4
20728,85,75,10,10
20729,106,107,-1,1
20730,134,122,12,12
20731,98,92,6,6
20732,77,78,-1,1
20733,131,127,4,4
20734,125,138,-13,13
20735,76,74,2,2
20736,110,97,13,13
20737,123,111,12,12
20738,56,54,2,2
20739,62,64,-2,2
20740,59,57,2,2
20741,96,99,-3,3
20742,107,95,12,12
20743,126,127,-1,1
20744,114,114,0,0
20745,85,88,-3,3
20746,63,58,5,5
20747,59,72,-13,13
20748,80,70,10,10
20749,93,83,10,10
20750,82,87,-5,5
20751,73,64,9,9
20752,133,119,14,14
20753,145,128,17,17
20754,78,77,1,1
20755,89,85,4,4
20756,81,81,0,0
20757,100,98,2,2
20758,129,134,-5,5
20759,80,79,1,1
20760,122,110,12,12
20761,26,53,-27,27
20762,151,137,14,14
20763,118,120,-2,2
20764,146,130,16,16
20765,75,72,3,3
20766,80,98,-18,18
20767,52,63,-11,11
20768,128,111,17,17
20769,76,89,-13,13
20770,73,73,0,0
20771,55,55,0,0
20772,94,94,0,0
20773,115,105,10,10
20774,70,71,-1,1
20775,125,108,17,17
20776,50,52,-2,2
20777,90,90,0,0
20778,110,106,4,4
20779,120,121,-1,1
20780,62,63,-1,1
20781,78,88,-10,10
20782,132,126,6,6
20783,46,52,-6,6
20784,140,144,-4,4
20785,97,90,7,7
20786,53,56,-3,3
20787,93,94,-1,1
20788,145,132,13,13
20789,84,84,0,0
20790,121,121,0,0
20791,124,120,4,4
20792,65,60,5,5
20793,129,131,-2,2
20794,111,105,6,6
20795,81,67,14,14
20796,87,71,16,16
20797,64,68,-4,4
20798,92,82,10,10
20799,74,71,3,3
20800,78,74,4,4
20801,72,81,-9,9
20802,101,99,2,2
20803,35,52,-17,17
20804,171,153,18,18
20805,54,56,-2,2
20806,155,162,-7,7
20807,151,146,5,5
20808,45,54,-9,9
20809,87,84,3,3
20810,115,105,10,10
20811,75,66,9,9
20812,89,89,0,0
20813,134,118,16,16
20814,65,66,-1,1
20815,51,53,-2,2
20816,33,52,-19,19
20817,85,94,-9,9
20818,114,108,6,6
20819,120,113,7,7
20820,83,83,0,0
20821,106,108,-2,2
20822,41,54,-13,13
20823,101,115,-14,14
20824,134,124,10,10
20825,132,127,5,5
20826,53,62,-9,9
20827,89,79,10,10
20828,120,117,3,3
20829,106,111,-5,5
20830,165,142,23,23
20831,59,69,-10,10
20832,77,76,1,1
20833,105,97,8,8
20834,113,110,3,3
20835,85,83,2,2
20836,57,56,1,1
20837,101,106,-5,5
20838,109,104,5,5
20839,129,133,-4,4
20840,75,85,-10,10
20841,143,134,9,9
20842,48,55,-7,7
20843,115,122,-7,7
20844,57,106,-49,49
20845,76,72,4,4
20846,79,75,4,4
20847,107,102,5,5
20848,61,65,-4,4
20849,134,132,2,2
20850,93,90,3,3
20851,141,135,6,6
20852,81,71,10,10
20853,65,76,-11,11
20854,148,134,14,14
20855,70,76,-6,6
20856,78,85,-7,7
20857,46,53,-7,7
20858,108,110,-2,2
20859,94,92,2,2
20860,165,156,9,9
20861,83,90,-7,7
20862,131,126,5,5
20863,91,79,12,12
20864,86,114,-28,28
20865,99,97,2,2
20866,111,91,20,20
20867,93,86,7,7
20868,82,77,5,5
20869,60,71,-11,11
20870,89,82,7,7
20871,153,143,10,10
20872,102,101,1,1
20873,92,96,-4,4
20874,102,97,5,5
20875,118,120,-2,2
20876,75,68,7,7
20877,176,159,17,17
20878,129,117,12,12
20879,69,79,-10,10
20880,83,78,5,5
20881,124,117,7,7
20882,68,63,5,5
20883,102,95,7,7
20884,63,61,2,2
20885,96,106,-10,10
20886,120,124,-4,4
20887,75,78,-3,3
20888,111,109,2,2
20889,181,154,27,27
20890,82,83,-1,1
20891,132,123,9,9
20892,48,65,-17,17
20893,75,76,-1,1
20894,64,61,3,3
20895,41,52,-11,11
20896,64,76,-12,12
20897,97,96,1,1
20898,77,81,-4,4
20899,91,83,8,8
20900,51,55,-4,4
20901,68,70,-2,2
20902,121,122,-1,1
20903,86,83,3,3
20904,59,62,-3,3
20905,107,103,4,4
20906,84,86,-2,2
20907,55,55,0,0
20908,76,91,-15,15
20909,93,82,11,11
20910,40,52,-12,12
20911,118,101,17,17
20912,156,148,8,8
20913,126,119,7,7
20914,74,70,4,4
20915,96,96,0,0
20916,121,114,7,7
20917,76,66,10,10
20918,122,126,-4,4
20919,89,80,9,9
20920,59,57,2,2
20921,84,73,11,11
20922,83,75,8,8
20923,73,66,7,7
20924,63,59,4,4
20925,64,69,-5,5
20926,125,113,12,12
20927,101,86,15,15
20928,122,125,-3,3
20929,63,63,0,0
20930,107,107,0,0
20931,68,69,-1,1
20932,74,73,1,1
20933,102,103,-1,1
20934,119,118,1,1
20935,106,95,11,11
20936,66,65,1,1
20937,87,87,0,0
20938,85,83,2,2
20939,66,57,9,9
20940,145,134,11,11
20941,180,151,29,29
20942,75,75,0,0
20943,63,74,-11,11
20944,144,137,7,7
20945,66,67,-1,1
20946,49,58,-9,9
20947,98,97,1,1
20948,77,65,12,12
20949,105,101,4,4
20950,81,96,-15,15
20951,92,80,12,12
20952,104,107,-3,3
20953,151,142,9,9
20954,51,54,-3,3
20955,124,125,-1,1
20956,84,81,3,3
20957,58,59,-1,1
20958,108,99,9,9
20959,41,52,-11,11
20960,151,135,16,16
20961,113,100,13,13
20962,138,128,10,10
20963,70,72,-2,2
20964,106,107,-1,1
20965,95,98,-3,3
20966,121,118,3,3
20967,66,63,3,3
20968,98,93,5,5
20969,70,71,-1,1
20970,142,130,12,12
20971,139,137,2,2
20972,62,63,-1,1
20973,138,142,-4,4
20974,70,69,1,1
20975,138,110,28,28
20976,105,95,10,10
20977,61,60,1,1
20978,113,114,-1,1
20979,173,146,27,27
20980,94,89,5,5
20981,90,80,10,10
20982,112,104,8,8
20983,43,52,-9,9
20984,140,138,2,2
20985,197,190,7,7
20986,116,102,14,14
20987,229,196,33,33
20988,119,111,8,8
20989,80,66,14,14
20990,115,112,3,3
20991,61,66,-5,5
20992,41,52,-11,11
20993,101,93,8,8
20994,185,175,10,10
20995,46,56,-10,10
20996,221,193,28,28
20997,113,103,10,10
20998,60,60,0,0
20999,116,93,23,23
21000,125,116,9,9
21001,99,95,4,4
21002,97,111,-14,14
21003,171,150,21,21
21004,79,79,0,0
21005,73,72,1,1
21006,80,84,-4,4
21007,148,129,19,19
21008,111,124,-13,13
21009,110,109,1,1
21010,84,88,-4,4
21011,60,67,-7,7
21012,94,85,9,9
21013,57,59,-2,2
21014,118,113,5,5
21015,115,112,3,3
21016,118,125,-7,7
21017,133,120,13,13
21018,67,69,-2,2
21019,148,140,8,8
21020,34,85,-51,51
21021,59,58,1,1
21022,71,69,2,2
21023,59,57,2,2
21024,58,66,-8,8
21025,61,56,5,5
21026,105,98,7,7
21027,144,133,11,11
21028,135,126,9,9
21029,120,114,6,6
21030,180,166,14,14
21031,177,149,28,28
21032,115,124,-9,9
21033,138,126,12,12
21034,113,93,20,20
21035,97,93,4,4
21036,88,77,11,11
21037,108,114,-6,6
21038,106,100,6,6
21039,81,73,8,8
21040,105,100,5,5
21041,30,52,-22,22
21042,97,96,1,1
21043,39,55,-16,16
21044,57,59,-2,2
21045,92,109,-17,17
21046,85,77,8,8
21047,94,86,8,8
21048,165,141,24,24
21049,119,113,6,6
21050,120,108,12,12
21051,139,126,13,13
21052,42,52,-10,10
21053,78,76,2,2
21054,78,78,0,0
21055,73,66,7,7
21056,84,83,1,1
21057,159,143,16,16
21058,84,82,2,2
21059,133,126,7,7
21060,87,89,-2,2
21061,147,130,17,17
21062,83,78,5,5
21063,51,66,-15,15
21064,107,100,7,7
21065,62,60,2,2
21066,94,85,9,9
21067,62,60,2,2
21068,79,76,3,3
21069,177,148,29,29
21070,104,82,22,22
21071,85,92,-7,7
21072,100,95,5,5
21073,69,68,1,1
21074,119,119,0,0
21075,90,75,15,15
21076,82,75,7,7
21077,54,54,0,0
21078,115,96,19,19
21079,74,69,5,5
21080,113,107,6,6
21081,56,59,-3,3
21082,68,74,-6,6
21083,195,173,22,22
21084,150,130,20,20
21085,62,67,-5,5
21086,71,69,2,2
21087,81,77,4,4
21088,131,124,7,7
21089,90,81,9,9
21090,86,91,-5,5
21091,168,167,1,1
21092,101,93,8,8
21093,109,103,6,6
21094,71,105,-34,34
21095,67,68,-1,1
21096,115,104,11,11
21097,95,98,-3,3
21098,84,81,3,3
21099,74,83,-9,9
21100,69,66,3,3
21101,63,70,-7,7
21102,127,116,11,11
21103,82,84,-2,2
21104,78,76,2,2
21105,78,78,0,0
21106,147,136,11,11
21107,96,91,5,5
21108,72,83,-11,11
21109,65,61,4,4
21110,107,104,3,3
21111,119,107,12,12
21112,101,91,10,10
21113,162,141,21,21
21114,119,112,7,7
21115,93,92,1,1
21116,102,100,2,2
21117,145,134,11,11
21118,94,88,6,6
21119,83,82,1,1
21120,166,148,18,18
21121,63,64,-1,1
21122,90,85,5,5
21123,53,55,-2,2
21124,103,102,1,1
21125,117,106,11,11
21126,99,97,2,2
21127,44,56,-12,12
21128,149,138,11,11
21129,104,95,9,9
21130,225,205,20,20
21131,101,97,4,4
21132,101,96,5,5
21133,76,66,10,10
21134,80,74,6,6
21135,70,64,6,6
21136,130,103,27,27
21137,148,131,17,17
21138,70,77,-7,7
21139,137,140,-3,3
21140,59,57,2,2
21141,71,74,-3,3
21142,134,126,8,8
21143,116,100,16,16
21144,104,101,3,3
21145,63,68,-5,5
21146,61,59,2,2
21147,89,107,-18,18
21148,61,57,4,4
21149,97,96,1,1
21150,102,97,5,5
21151,63,64,-1,1
21152,165,154,11,11
21153,88,95,-7,7
21154,112,97,15,15
21155,90,85,5,5
21156,179,164,15,15
21157,89,91,-2,2
21158,19,50,-31,31
21159,123,114,9,9
21160,111,130,-19,19
21161,89,83,6,6
21162,86,94,-8,8
21163,92,92,0,0
21164,93,87,6,6
21165,91,88,3,3
21166,70,68,2,2
21167,105,101,4,4
21168,85,79,6,6
21169,78,70,8,8
21170,112,108,4,4
21171,96,93,3,3
21172,54,56,-2,2
21173,121,105,16,16
21174,131,124,7,7
21175,66,66,0,0
21176,61,66,-5,5
21177,80,78,2,2
21178,89,82,7,7
21179,74,66,8,8
21180,65,76,-11,11
21181,101,103,-2,2
21182,97,85,12,12
21183,108,107,1,1
21184,96,101,-5,5
21185,132,126,6,6
21186,62,60,2,2
21187,82,73,9,9
21188,154,133,21,21
21189,82,76,6,6
21190,50,53,-3,3
21191,68,63,5,5
21192,124,122,2,2
21193,74,69,5,5
21194,149,145,4,4
21195,59,60,-1,1
21196,56,59,-3,3
21197,58,57,1,1
21198,151,152,-1,1
21199,113,103,10,10
21200,74,96,-22,22
21201,71,65,6,6
21202,86,81,5,5
21203,65,62,3,3
21204,69,72,-3,3
21205,161,148,13,13
21206,89,87,2,2
21207,36,54,-18,18
21208,55,53,2,2
21209,97,91,6,6
21210,89,77,12,12
21211,64,61,3,3
21212,98,98,0,0
21213,89,82,7,7
21214,44,52,-8,8
21215,162,147,15,15
21216,126,131,-5,5
21217,82,83,-1,1
21218,77,84,-7,7
21219,81,82,-1,1
21220,137,128,9,9
21221,69,65,4,4
21222,86,83,3,3
21223,67,70,-3,3
21224,101,96,5,5
21225,74,76,-2,2
21226,71,70,1,1
21227,66,64,2,2
21228,104,105,-1,1
21229,111,125,-14,14
21230,86,87,-1,1
21231,96,93,3,3
21232,79,74,5,5
21233,183,180,3,3
21234,89,85,4,4
21235,133,118,15,15
21236,80,76,4,4
21237,72,69,3,3
21238,109,95,14,14
21239,107,100,7,7
21240,84,78,6,6
21241,67,59,8,8
21242,102,93,9,9
21243,66,176,-110,110
21244,132,132,0,0
21245,103,100,3,3
21246,91,90,1,1
21247,111,110,1,1
21248,110,101,9,9
21249,156,152,4,4
21250,44,53,-9,9
21251,48,55,-7,7
21252,79,84,-5,5
21253,58,54,4,4
21254,134,119,15,15
21255,105,100,5,5
21256,79,73,6,6
21257,124,157,-33,33
21258,109,94,15,15
21259,79,74,5,5
21260,66,70,-4,4
21261,93,86,7,7
21262,93,92,1,1
21263,85,93,-8,8
21264,92,87,5,5
21265,103,103,0,0
21266,104,96,8,8
21267,108,104,4,4
21268,82,75,7,7
21269,92,95,-3,3
21270,41,55,-14,14
21271,47,55,-8,8
21272,79,79,0,0
21273,101,106,-5,5
21274,66,68,-2,2
21275,83,79,4,4
21276,89,71,18,18
21277,55,57,-2,2
21278,137,127,10,10
21279,92,82,10,10
21280,131,126,5,5
21281,99,92,7,7
21282,100,103,-3,3
21283,82,72,10,10
21284,57,61,-4,4
21285,74,78,-4,4
21286,79,77,2,2
21287,83,80,3,3
21288,118,109,9,9
21289,133,150,-17,17
21290,129,124,5,5
21291,70,85,-15,15
21292,145,134,11,11
21293,149,113,36,36
21294,113,117,-4,4
21295,56,63,-7,7
21296,44,52,-8,8
21297,89,97,-8,8
21298,90,90,0,0
21299,74,69,5,5
21300,117,104,13,13
21301,65,56,9,9
21302,48,56,-8,8
21303,92,86,6,6
21304,72,70,2,2
21305,83,73,10,10
21306,63,64,-1,1
21307,135,124,11,11
21308,147,143,4,4
21309,142,141,1,1
21310,122,107,15,15
21311,77,69,8,8
21312,106,100,6,6
21313,65,70,-5,5
21314,70,64,6,6
21315,124,111,13,13
21316,100,95,5,5
21317,56,58,-2,2
21318,72,68,4,4
21319,83,77,6,6
21320,66,64,2,2
21321,45,53,-8,8
21322,162,154,8,8
21323,85,86,-1,1
21324,115,111,4,4
21325,122,116,6,6
21326,72,68,4,4
21327,68,69,-1,1
21328,65,65,0,0
21329,84,77,7,7
21330,161,136,25,25
21331,149,133,16,16
21332,109,100,9,9
21333,57,62,-5,5
21334,85,80,5,5
21335,100,91,9,9
21336,171,132,39,39
21337,73,76,-3,3
21338,78,78,0,0
21339,67,76,-9,9
21340,122,126,-4,4
21341,84,72,12,12
21342,171,149,22,22
21343,87,85,2,2
21344,140,121,19,19
21345,86,91,-5,5
21346,85,87,-2,2
21347,50,54,-4,4
21348,78,77,1,1
21349,67,58,9,9
21350,81,75,6,6
21351,75,75,0,0
21352,91,89,2,2
21353,119,116,3,3
21354,138,134,4,4
21355,58,57,1,1
21356,137,124,13,13
21357,88,93,-5,5
21358,122,113,9,9
21359,106,95,11,11
21360,101,103,-2,2
21361,88,87,1,1
21362,83,71,12,12
21363,80,75,5,5
21364,111,111,0,0
21365,183,168,15,15
21366,73,69,4,4
21367,97,88,9,9
21368,55,61,-6,6
21369,116,121,-5,5
21370,78,76,2,2
21371,99,98,1,1
21372,141,127,14,14
21373,56,57,-1,1
21374,65,62,3,3
21375,72,71,1,1
21376,99,71,28,28
21377,96,83,13,13
21378,69,72,-3,3
21379,94,101,-7,7
21380,98,86,12,12
21381,55,60,-5,5
21382,107,103,4,4
21383,68,62,6,6
21384,84,85,-1,1
21385,65,63,2,2
21386,177,150,27,27
21387,62,58,4,4
21388,182,157,25,25
21389,72,55,17,17
21390,151,140,11,11
21391,80,72,8,8
21392,122,121,1,1
21393,136,118,18,18
21394,141,127,14,14
21395,88,79,9,9
21396,88,77,11,11
21397,127,120,7,7
21398,92,93,-1,1
21399,74,66,8,8
21400,111,105,6,6
21401,204,188,16,16
21402,111,100,11,11
21403,59,56,3,3
21404,129,108,21,21
21405,107,99,8,8
21406,104,93,11,11
21407,76,74,2,2
21408,113,114,-1,1
21409,110,107,3,3
21410,69,64,5,5
21411,67,67,0,0
21412,85,80,5,5
21413,94,93,1,1
21414,93,85,8,8
21415,90,87,3,3
21416,61,53,8,8
21417,56,53,3,3
21418,114,102,12,12
21419,71,65,6,6
21420,86,86,0,0
21421,114,113,1,1
21422,50,54,-4,4
21423,155,145,10,10
21424,108,116,-8,8
21425,104,83,21,21
21426,89,84,5,5
21427,75,69,6,6
21428,149,139,10,10
21429,94,85,9,9
21430,63,74,-11,11
21431,127,131,-4,4
21432,103,100,3,3
21433,90,80,10,10
21434,64,67,-3,3
21435,144,131,13,13
21436,119,106,13,13
21437,45,57,-12,12
21438,78,73,5,5
21439,45,57,-12,12
21440,113,111,2,2
21441,89,92,-3,3
21442,122,121,1,1
21443,93,90,3,3
21444,54,56,-2,2
21445,89,77,12,12
21446,85,79,6,6
21447,101,99,2,2
21448,132,140,-8,8
21449,47,52,-5,5
21450,83,77,6,6
21451,89,79,10,10
21452,77,73,4,4
21453,150,130,20,20
21454,130,109,21,21
21455,85,84,1,1
21456,114,107,7,7
21457,155,145,10,10
21458,63,59,4,4
21459,94,93,1,1
21460,42,51,-9,9
21461,138,135,3,3
21462,78,83,-5,5
21463,79,76,3,3
21464,95,89,6,6
21465,80,67,13,13
21466,80,90,-10,10
21467,39,55,-16,16
21468,143,130,13,13
21469,88,82,6,6
21470,47,53,-6,6
21471,70,69,1,1
21472,174,155,19,19
21473,148,140,8,8
21474,185,161,24,24
21475,122,125,-3,3
21476,138,130,8,8
21477,99,92,7,7
21478,50,55,-5,5
21479,104,90,14,14
21480,69,65,4,4
21481,127,115,12,12
21482,59,65,-6,6
21483,89,85,4,4
21484,81,81,0,0
21485,64,70,-6,6
21486,124,120,4,4
21487,75,82,-7,7
21488,102,94,8,8
21489,156,140,16,16
21490,81,78,3,3
21491,90,82,8,8
21492,58,73,-15,15
21493,153,131,22,22
21494,100,92,8,8
21495,133,117,16,16
21496,133,118,15,15
21497,68,71,-3,3
21498,104,99,5,5
21499,74,69,5,5
21500,138,122,16,16
21501,83,83,0,0
21502,125,132,-7,7
21503,98,98,0,0
21504,92,83,9,9
21505,39,51,-12,12
21506,93,92,1,1
21507,47,55,-8,8
21508,72,78,-6,6
21509,138,127,11,11
21510,81,82,-1,1
21511,102,99,3,3
21512,146,134,12,12
21513,80,72,8,8
21514,76,72,4,4
21515,130,138,-8,8
21516,138,123,15,15
21517,69,76,-7,7
21518,134,118,16,16
21519,73,74,-1,1
21520,55,58,-3,3
21521,68,71,-3,3
21522,78,91,-13,13
21523,85,81,4,4
21524,118,110,8,8
21525,80,81,-1,1
21526,153,152,1,1
21527,81,66,15,15
21528,85,84,1,1
21529,117,112,5,5
21530,126,123,3,3
21531,34,52,-18,18
21532,72,64,8,8
21533,138,124,14,14
21534,82,85,-3,3
21535,113,111,2,2
21536,63,67,-4,4
21537,80,67,13,13
21538,67,65,2,2
21539,117,127,-10,10
21540,120,108,12,12
21541,75,70,5,5
21542,117,107,10,10
21543,103,103,0,0
21544,149,153,-4,4
21545,169,159,10,10
21546,85,94,-9,9
21547,91,82,9,9
21548,121,120,1,1
21549,95,110,-15,15
21550,123,123,0,0
21551,36,54,-18,18
21552,71,69,2,2
21553,106,100,6,6
21554,101,88,13,13
21555,60,73,-13,13
21556,68,63,5,5
21557,76,69,7,7
21558,91,81,10,10
21559,84,78,6,6
21560,97,99,-2,2
21561,75,79,-4,4
21562,44,52,-8,8
21563,78,66,12,12
21564,55,56,-1,1
21565,106,111,-5,5
21566,125,118,7,7
21567,185,158,27,27
21568,148,161,-13,13
21569,156,141,15,15
21570,128,118,10,10
21571,96,89,7,7
21572,99,87,12,12
21573,63,69,-6,6
21574,78,83,-5,5
21575,162,128,34,34
21576,75,71,4,4
21577,103,99,4,4
21578,110,97,13,13
21579,116,110,6,6
21580,51,59,-8,8
21581,126,121,5,5
21582,37,56,-19,19
21583,109,104,5,5
21584,115,116,-1,1
21585,70,66,4,4
21586,94,96,-2,2
21587,113,107,6,6
21588,91,87,4,4
21589,71,69,2,2
21590,55,58,-3,3
21591,63,69,-6,6
21592,59,59,0,0
21593,81,79,2,2
21594,135,132,3,3
21595,95,90,5,5
21596,67,74,-7,7
21597,80,76,4,4
21598,73,81,-8,8
21599,98,88,10,10
21600,104,94,10,10
21601,63,58,5,5
21602,60,58,2,2
21603,117,110,7,7
21604,60,58,2,2
21605,127,121,6,6
21606,121,99,22,22
21607,118,114,4,4
21608,80,76,4,4
21609,77,76,1,1
21610,104,92,12,12
21611,182,192,-10,10
21612,90,91,-1,1
21613,49,53,-4,4
21614,86,83,3,3
21615,88,84,4,4
21616,114,99,15,15
21617,56,55,1,1
21618,66,57,9,9
21619,68,82,-14,14
21620,88,85,3,3
21621,45,72,-27,27
21622,231,206,25,25
21623,136,121,15,15
21624,69,65,4,4
21625,123,125,-2,2
21626,60,55,5,5
21627,72,69,3,3
21628,84,83,1,1
21629,123,120,3,3
21630,58,68,-10,10
21631,58,57,1,1
21632,71,64,7,7
21633,97,87,10,10
21634,61,60,1,1
21635,57,62,-5,5
21636,172,160,12,12
21637,62,66,-4,4
21638,112,99,13,13
21639,126,120,6,6
21640,85,80,5,5
21641,105,110,-5,5
21642,100,97,3,3
21643,117,128,-11,11
21644,76,85,-9,9
21645,85,79,6,6
21646,187,158,29,29
21647,145,133,12,12
21648,64,73,-9,9
21649,107,98,9,9
21650,140,133,7,7
21651,46,57,-11,11
21652,63,57,6,6
21653,93,87,6,6
21654,111,107,4,4
21655,60,61,-1,1
21656,120,112,8,8
21657,67,69,-2,2
21658,157,146,11,11
21659,133,129,4,4
21660,112,114,-2,2
21661,119,127,-8,8
21662,86,82,4,4
21663,128,125,3,3
21664,109,100,9,9
21665,133,121,12,12
21666,62,57,5,5
21667,167,149,18,18
21668,122,110,12,12
21669,42,52,-10,10
21670,66,62,4,4
21671,110,104,6,6
21672,84,92,-8,8
21673,115,107,8,8
21674,174,159,15,15
21675,85,82,3,3
21676,100,94,6,6
21677,56,62,-6,6
21678,72,66,6,6
21679,87,85,2,2
21680,70,87,-17,17
21681,76,72,4,4
21682,89,85,4,4
21683,69,66,3,3
21684,175,154,21,21
21685,191,165,26,26
21686,66,64,2,2
21687,145,137,8,8
21688,127,110,17,17
21689,54,54,0,0
21690,70,63,7,7
21691,67,61,6,6
21692,77,72,5,5
21693,119,120,-1,1
21694,38,54,-16,16
21695,77,75,2,2
21696,49,52,-3,3
21697,63,75,-12,12
21698,40,52,-12,12
21699,69,81,-12,12
21700,35,52,-17,17
21701,93,85,8,8
21702,61,72,-11,11
21703,50,54,-4,4
21704,113,112,1,1
21705,123,109,14,14
21706,75,73,2,2
21707,94,85,9,9
21708,71,74,-3,3
21709,114,115,-1,1
21710,68,63,5,5
21711,129,138,-9,9
21712,61,59,2,2
21713,92,83,9,9
21714,76,65,11,11
21715,106,92,14,14
21716,123,113,10,10
21717,89,88,1,1
21718,88,91,-3,3
21719,48,57,-9,9
21720,87,86,1,1
21721,53,60,-7,7
21722,120,107,13,13
21723,105,107,-2,2
21724,117,108,9,9
21725,128,115,13,13
21726,173,150,23,23
21727,85,80,5,5
21728,97,86,11,11
21729,101,91,10,10
21730,67,67,0,0
21731,71,71,0,0
21732,89,78,11,11
21733,85,93,-8,8
21734,83,79,4,4
21735,78,70,8,8
21736,76,73,3,3
21737,115,108,7,7
21738,68,61,7,7
21739,75,70,5,5
21740,106,89,17,17
21741,76,71,5,5
21742,123,109,14,14
21743,82,81,1,1
21744,82,84,-2,2
21745,162,150,12,12
21746,64,68,-4,4
21747,66,55,11,11
21748,48,52,-4,4
21749,86,87,-1,1
21750,59,65,-6,6
21751,118,111,7,7
21752,75,72,3,3
21753,138,122,16,16
21754,50,53,-3,3
21755,96,82,14,14
21756,68,69,-1,1
21757,83,81,2,2
21758,93,107,-14,14
21759,78,82,-4,4
21760,45,52,-7,7
21761,85,84,1,1
21762,123,109,14,14
21763,42,52,-10,10
21764,84,79,5,5
21765,123,116,7,7
21766,45,53,-8,8
21767,88,87,1,1
21768,85,80,5,5
21769,79,66,13,13
21770,75,70,5,5
21771,125,120,5,5
21772,33,62,-29,29
21773,84,87,-3,3
21774,117,119,-2,2
21775,79,77,2,2
21776,190,175,15,15
21777,112,109,3,3
21778,86,85,1,1
21779,115,107,8,8
21780,74,68,6,6
21781,85,84,1,1
21782,28,51,-23,23
21783,45,54,-9,9
21784,115,109,6,6
21785,92,83,9,9
21786,78,72,6,6
21787,129,122,7,7
21788,119,102,17,17
21789,78,76,2,2
21790,78,62,16,16
21791,211,178,33,33
21792,95,99,-4,4
21793,101,96,5,5
21794,163,146,17,17
21795,168,152,16,16
21796,109,102,7,7
21797,98,99,-1,1
21798,61,60,1,1
21799,131,127,4,4
21800,74,71,3,3
21801,66,73,-7,7
21802,130,118,12,12
21803,71,66,5,5
21804,135,134,1,1
21805,88,80,8,8
21806,150,160,-10,10
21807,152,129,23,23
21808,117,91,26,26
21809,133,128,5,5
21810,77,76,1,1
21811,75,68,7,7
21812,63,61,2,2
21813,73,66,7,7
21814,72,69,3,3
21815,62,74,-12,12
21816,98,100,-2,2
21817,103,93,10,10
21818,167,172,-5,5
21819,73,76,-3,3
21820,68,61,7,7
21821,104,98,6,6
21822,96,93,3,3
21823,165,156,9,9
21824,128,122,6,6
21825,147,137,10,10
21826,139,132,7,7
21827,156,137,19,19
21828,86,86,0,0
21829,78,77,1,1
21830,78,70,8,8
21831,89,83,6,6
21832,115,105,10,10
21833,122,114,8,8
21834,47,59,-12,12
21835,60,71,-11,11
21836,87,97,-10,10
21837,77,77,0,0
21838,115,101,14,14
21839,105,86,19,19
21840,120,113,7,7
21841,95,86,9,9
21842,103,94,9,9
21843,57,56,1,1
21844,132,117,15,15
21845,118,107,11,11
21846,134,114,20,20
21847,85,93,-8,8
21848,130,130,0,0
21849,107,111,-4,4
21850,112,101,11,11
21851,63,61,2,2
21852,176,159,17,17
21853,83,77,6,6
21854,88,95,-7,7
21855,141,118,23,23
21856,121,110,11,11
21857,119,105,14,14
21858,51,59,-8,8
21859,60,65,-5,5
21860,103,83,20,20
21861,122,113,9,9
21862,79,76,3,3
21863,103,94,9,9
21864,86,82,4,4
21865,58,62,-4,4
21866,103,99,4,4
21867,89,80,9,9
21868,94,85,9,9
21869,115,115,0,0
21870,151,161,-10,10
21871,97,92,5,5
21872,88,80,8,8
21873,78,76,2,2
21874,79,76,3,3
21875,51,60,-9,9
21876,77,83,-6,6
21877,98,85,13,13
21878,160,130,30,30
21879,114,110,4,4
21880,95,94,1,1
21881,77,78,-1,1
21882,75,75,0,0
21883,142,127,15,15
21884,72,71,1,1
21885,150,133,17,17
21886,67,70,-3,3
21887,104,100,4,4
21888,95,95,0,0
21889,116,104,12,12
21890,43,73,-30,30
21891,98,98,0,0
21892,85,75,10,10
21893,93,87,6,6
21894,106,99,7,7
21895,99,96,3,3
21896,179,162,17,17
21897,61,76,-15,15
21898,77,77,0,0
21899,64,62,2,2
21900,90,91,-1,1
21901,106,111,-5,5
21902,67,64,3,3
21903,102,97,5,5
21904,94,80,14,14
21905,92,86,6,6
21906,81,75,6,6
21907,84,75,9,9
21908,131,131,0,0
21909,96,93,3,3
21910,89,83,6,6
21911,107,97,10,10
21912,73,76,-3,3
21913,81,72,9,9
21914,69,74,-5,5
21915,73,72,1,1
21916,150,143,7,7
21917,115,98,17,17
21918,90,84,6,6
21919,63,69,-6,6
21920,138,123,15,15
21921,125,122,3,3
21922,111,108,3,3
21923,124,104,20,20
21924,37,52,-15,15
21925,114,109,5,5
21926,67,64,3,3
21927,116,116,0,0
21928,134,139,-5,5
21929,58,59,-1,1
21930,75,68,7,7
21931,119,108,11,11
21932,94,86,8,8
21933,72,67,5,5
21934,144,141,3,3
21935,86,82,4,4
21936,112,108,4,4
21937,57,56,1,1
21938,121,124,-3,3
21939,118,113,5,5
21940,79,75,4,4
21941,53,54,-1,1
21942,61,55,6,6
21943,90,93,-3,3
21944,114,110,4,4
21945,101,100,1,1
21946,180,169,11,11
21947,136,146,-10,10
21948,100,97,3,3
21949,107,105,2,2
21950,95,96,-1,1
21951,75,74,1,1
21952,86,86,0,0
21953,71,80,-9,9
21954,126,122,4,4
21955,125,118,7,7
21956,162,151,11,11
21957,71,72,-1,1
21958,60,56,4,4
21959,118,121,-3,3
21960,104,73,31,31
21961,117,110,7,7
21962,144,131,13,13
21963,78,79,-1,1
21964,95,91,4,4
21965,157,148,9,9
21966,70,67,3,3
21967,68,66,2,2
21968,125,115,10,10
21969,111,92,19,19
21970,112,103,9,9
21971,118,106,12,12
21972,71,61,10,10
21973,126,111,15,15
21974,96,90,6,6
21975,59,71,-12,12
21976,82,89,-7,7
21977,101,103,-2,2
21978,80,80,0,0
21979,61,59,2,2
21980,89,92,-3,3
21981,107,89,18,18
21982,55,58,-3,3
21983,99,90,9,9
21984,131,132,-1,1
21985,80,72,8,8
21986,110,91,19,19
21987,94,92,2,2
21988,32,50,-18,18
21989,105,99,6,6
21990,103,105,-2,2
21991,152,148,4,4
21992,136,116,20,20
21993,78,69,9,9
21994,68,64,4,4
21995,68,79,-11,11
21996,36,51,-15,15
21997,111,110,1,1
21998,64,57,7,7
21999,70,69,1,1
22000,89,84,5,5
22001,103,98,5,5
22002,79,74,5,5
22003,175,164,11,11
22004,103,102,1,1
22005,84,77,7,7
22006,79,72,7,7
22007,93,96,-3,3
22008,124,115,9,9
22009,106,101,5,5
22010,144,126,18,18
22011,100,93,7,7
22012,70,68,2,2
22013,122,124,-2,2
22014,101,98,3,3
22015,125,118,7,7
22016,94,88,6,6
22017,134,140,-6,6
22018,69,69,0,0
22019,119,106,13,13
22020,106,98,8,8
22021,122,120,2,2
22022,54,59,-5,5
22023,89,84,5,5
22024,76,88,-12,12
22025,86,83,3,3
22026,144,127,17,17
22027,93,81,12,12
22028,105,107,-2,2
22029,101,100,1,1
22030,81,90,-9,9
22031,85,80,5,5
22032,157,131,26,26
22033,112,112,0,0
22034,76,77,-1,1
22035,85,91,-6,6
22036,141,117,24,24
22037,87,91,-4,4
22038,71,79,-8,8
22039,104,108,-4,4
22040,73,76,-3,3
22041,143,128,15,15
22042,92,96,-4,4
22043,80,81,-1,1
22044,98,96,2,2
22045,80,70,10,10
22046,54,57,-3,3
22047,134,138,-4,4
22048,70,65,5,5
22049,114,109,5,5
22050,80,68,12,12
22051,90,81,9,9
22052,82,88,-6,6
22053,103,96,7,7
22054,82,79,3,3
22055,92,86,6,6
22056,82,78,4,4
22057,66,66,0,0
22058,124,155,-31,31
22059,61,67,-6,6
22060,63,69,-6,6
22061,91,92,-1,1
22062,72,68,4,4
22063,54,65,-11,11
22064,87,82,5,5
22065,104,110,-6,6
22066,61,63,-2,2
22067,125,106,19,19
22068,129,124,5,5
22069,33,53,-20,20
22070,97,97,0,0
22071,73,86,-13,13
22072,154,134,20,20
22073,74,69,5,5
22074,125,121,4,4
22075,54,56,-2,2
22076,68,72,-4,4
22077,91,81,10,10
22078,68,65,3,3
22079,92,105,-13,13
22080,117,99,18,18
22081,98,108,-10,10
22082,124,108,16,16
22083,71,74,-3,3
22084,66,64,2,2
22085,37,53,-16,16
22086,108,100,8,8
22087,59,59,0,0
22088,84,82,2,2
22089,162,147,15,15
22090,108,106,2,2
22091,120,106,14,14
22092,102,108,-6,6
22093,68,81,-13,13
22094,146,124,22,22
22095,116,115,1,1
22096,66,66,0,0
22097,67,67,0,0
22098,46,55,-9,9
22099,92,82,10,10
22100,150,129,21,21
22101,58,57,1,1
22102,103,101,2,2
22103,112,95,17,17
22104,90,98,-8,8
22105,98,95,3,3
22106,54,58,-4,4
22107,76,76,0,0
22108,77,81,-4,4
22109,111,99,12,12
22110,118,118,0,0
22111,125,119,6,6
22112,94,96,-2,2
22113,73,76,-3,3
22114,173,160,13,13
22115,155,147,8,8
22116,120,126,-6,6
22117,86,73,13,13
22118,115,105,10,10
22119,149,131,18,18
22120,68,86,-18,18
22121,130,107,23,23
22122,65,66,-1,1
22123,63,58,5,5
22124,39,55,-16,16
22125,82,76,6,6
22126,74,63,11,11
22127,57,70,-13,13
22128,105,104,1,1
22129,106,104,2,2
22130,126,140,-14,14
22131,113,108,5,5
22132,109,107,2,2
22133,95,95,0,0
22134,86,72,14,14
22135,99,93,6,6
22136,65,80,-15,15
22137,70,68,2,2
22138,66,60,6,6
22139,45,53,-8,8
22140,77,73,4,4
22141,50,56,-6,6
22142,105,101,4,4
22143,101,105,-4,4
22144,62,66,-4,4
22145,82,89,-7,7
22146,69,60,9,9
22147,122,134,-12,12
22148,147,141,6,6
22149,220,198,22,22
22150,69,67,2,2
22151,93,86,7,7
22152,111,106,5,5
22153,152,143,9,9
22154,124,122,2,2
22155,43,54,-11,11
22156,112,95,17,17
22157,83,77,6,6
22158,140,133,7,7
22159,110,110,0,0
22160,71,76,-5,5
22161,96,104,-8,8
22162,148,141,7,7
22163,53,59,-6,6
22164,120,108,12,12
22165,188,176,12,12
22166,29,53,-24,24
22167,117,108,9,9
22168,104,99,5,5
22169,81,76,5,5
22170,124,121,3,3
22171,103,110,-7,7
22172,139,131,8,8
22173,79,66,13,13
22174,133,123,10,10
22175,112,112,0,0
22176,99,101,-2,2
22177,101,91,10,10
22178,75,67,8,8
22179,110,103,7,7
22180,121,116,5,5
22181,110,109,1,1
22182,68,79,-11,11
22183,99,92,7,7
22184,67,72,-5,5
22185,72,76,-4,4
22186,151,128,23,23
22187,87,89,-2,2
22188,83,78,5,5
22189,58,65,-7,7
22190,56,55,1,1
22191,72,68,4,4
22192,91,84,7,7
22193,61,57,4,4
22194,95,78,17,17
22195,101,88,13,13
22196,98,92,6,6
22197,128,129,-1,1
22198,183,162,21,21
22199,68,67,1,1
22200,97,90,7,7
22201,74,75,-1,1
22202,127,124,3,3
22203,91,86,5,5
22204,95,91,4,4
22205,83,80,3,3
22206,130,124,6,6
22207,143,84,59,59
22208,68,70,-2,2
22209,72,66,6,6
22210,81,77,4,4
22211,63,65,-2,2
22212,92,82,10,10
22213,70,80,-10,10
22214,114,117,-3,3
22215,119,101,18,18
22216,130,122,8,8
22217,94,95,-1,1
22218,104,104,0,0
22219,99,104,-5,5
22220,55,63,-8,8
22221,111,109,2,2
22222,101,87,14,14
22223,86,83,3,3
22224,89,88,1,1
22225,91,105,-14,14
22226,140,134,6,6
22227,74,74,0,0
22228,82,82,0,0
22229,103,83,20,20
22230,104,86,18,18
22231,75,79,-4,4
22232,92,97,-5,5
22233,53,56,-3,3
22234,74,78,-4,4
22235,38,52,-14,14
22236,141,127,14,14
22237,91,96,-5,5
22238,97,88,9,9
22239,115,106,9,9
22240,141,133,8,8
22241,72,79,-7,7
22242,87,85,2,2
22243,114,109,5,5
22244,96,86,10,10
22245,68,76,-8,8
22246,123,126,-3,3
22247,91,83,8,8
22248,91,82,9,9
22249,116,117,-1,1
22250,49,70,-21,21
22251,57,55,2,2
22252,124,120,4,4
22253,88,97,-9,9
22254,129,120,9,9
22255,55,56,-1,1
22256,188,163,25,25
22257,64,67,-3,3
22258,71,70,1,1
22259,45,59,-14,14
22260,93,101,-8,8
22261,68,64,4,4
22262,161,162,-1,1
22263,69,76,-7,7
22264,113,113,0,0
22265,74,84,-10,10
22266,58,62,-4,4
22267,149,147,2,2
22268,49,53,-4,4
22269,96,92,4,4
22270,122,113,9,9
22271,92,78,14,14
22272,124,122,2,2
22273,93,92,1,1
22274,149,148,1,1
22275,179,163,16,16
22276,147,143,4,4
22277,121,115,6,6
22278,62,61,1,1
22279,50,55,-5,5
22280,54,56,-2,2
22281,104,90,14,14
22282,73,68,5,5
22283,101,96,5,5
22284,71,76,-5,5
22285,90,84,6,6
22286,71,66,5,5
22287,72,72,0,0
22288,61,80,-19,19
22289,65,59,6,6
22290,81,79,2,2
22291,37,54,-17,17
22292,65,68,-3,3
22293,128,118,10,10
22294,55,77,-22,22
22295,55,63,-8,8
22296,131,106,25,25
22297,67,62,5,5
22298,138,129,9,9
22299,66,62,4,4
22300,62,60,2,2
22301,187,171,16,16
22302,127,116,11,11
22303,105,108,-3,3
22304,78,75,3,3
22305,94,91,3,3
22306,94,91,3,3
22307,108,104,4,4
22308,135,126,9,9
22309,78,72,6,6
22310,87,91,-4,4
22311,59,59,0,0
22312,134,140,-6,6
22313,89,81,8,8
22314,79,78,1,1
22315,27,53,-26,26
22316,74,63,11,11
22317,56,61,-5,5
22318,121,123,-2,2
22319,88,87,1,1
22320,145,141,4,4
22321,99,98,1,1
22322,127,110,17,17
22323,85,81,4,4
22324,91,73,18,18
22325,184,177,7,7
22326,76,73,3,3
22327,86,85,1,1
22328,88,76,12,12
22329,156,143,13,13
22330,106,104,2,2
22331,102,88,14,14
22332,106,97,9,9
22333,87,83,4,4
22334,60,64,-4,4
22335,82,78,4,4
22336,112,99,13,13
22337,118,119,-1,1
22338,75,63,12,12
22339,94,93,1,1
22340,57,63,-6,6
22341,96,91,5,5
22342,67,62,5,5
22343,78,86,-8,8
22344,114,99,15,15
22345,70,66,4,4
22346,60,63,-3,3
22347,91,85,6,6
22348,86,78,8,8
22349,84,82,2,2
22350,75,71,4,4
22351,133,135,-2,2
22352,193,167,26,26
22353,68,68,0,0
22354,139,132,7,7
22355,57,69,-12,12
22356,110,111,-1,1
22357,83,89,-6,6
22358,159,127,32,32
22359,110,104,6,6
22360,150,127,23,23
22361,95,102,-7,7
22362,139,122,17,17
22363,72,67,5,5
22364,147,127,20,20
22365,89,81,8,8
22366,136,126,10,10
22367,47,52,-5,5
22368,158,152,6,6
22369,111,110,1,1
22370,99,87,12,12
22371,112,107,5,5
22372,82,86,-4,4
22373,38,54,-16,16
22374,82,77,5,5
22375,80,77,3,3
22376,119,104,15,15
22377,68,70,-2,2
22378,117,110,7,7
22379,76,71,5,5
22380,94,92,2,2
22381,68,69,-1,1
22382,49,56,-7,7
22383,59,58,1,1
22384,135,137,-2,2
22385,111,107,4,4
22386,102,90,12,12
22387,118,114,4,4
22388,90,85,5,5
22389,62,68,-6,6
22390,104,99,5,5
22391,120,107,13,13
22392,105,104,1,1
22393,131,121,10,10
22394,103,107,-4,4
22395,117,111,6,6
22396,92,89,3,3
22397,70,70,0,0
22398,108,104,4,4
22399,71,69,2,2
22400,58,64,-6,6
22401,91,73,18,18
22402,98,86,12,12
22403,40,55,-15,15
22404,92,79,13,13
22405,100,102,-2,2
22406,138,139,-1,1
22407,132,117,15,15
22408,101,102,-1,1
22409,71,76,-5,5
22410,86,78,8,8
22411,107,102,5,5
22412,85,81,4,4
22413,68,69,-1,1
22414,80,75,5,5
22415,125,114,11,11
22416,99,89,10,10
22417,122,108,14,14
22418,190,161,29,29
22419,109,88,21,21
22420,83,70,13,13
22421,121,137,-16,16
22422,79,91,-12,12
22423,142,147,-5,5
22424,63,62,1,1
22425,66,63,3,3
22426,114,95,19,19
22427,80,74,6,6
22428,72,71,1,1
22429,190,174,16,16
22430,91,86,5,5
22431,152,136,16,16
22432,74,59,15,15
22433,88,90,-2,2
22434,181,175,6,6
22435,118,116,2,2
22436,131,120,11,11
22437,64,106,-42,42
22438,86,83,3,3
22439,74,80,-6,6
22440,79,75,4,4
22441,99,98,1,1
22442,169,158,11,11
22443,68,58,10,10
22444,79,73,6,6
22445,181,153,28,28
22446,119,105,14,14
22447,120,107,13,13
22448,67,70,-3,3
22449,67,74,-7,7
22450,76,70,6,6
22451,87,80,7,7
22452,91,96,-5,5
22453,161,145,16,16
22454,58,56,2,2
22455,57,62,-5,5
22456,95,85,10,10
22457,63,66,-3,3
22458,64,63,1,1
22459,55,57,-2,2
22460,136,135,1,1
22461,107,100,7,7
22462,83,86,-3,3
22463,52,64,-12,12
22464,127,132,-5,5
22465,90,91,-1,1
22466,141,130,11,11
22467,87,90,-3,3
22468,99,94,5,5
22469,67,66,1,1
22470,79,75,4,4
22471,102,98,4,4
22472,168,157,11,11
22473,154,147,7,7
22474,118,111,7,7
22475,68,79,-11,11
22476,109,101,8,8
22477,41,51,-10,10
22478,65,68,-3,3
22479,108,97,11,11
22480,26,53,-27,27
22481,99,104,-5,5
22482,137,128,9,9
22483,180,167,13,13
22484,223,171,52,52
22485,103,100,3,3
22486,91,90,1,1
22487,120,110,10,10
22488,73,72,1,1
22489,69,73,-4,4
22490,76,80,-4,4
22491,73,58,15,15
22492,41,54,-13,13
22493,143,140,3,3
22494,121,132,-11,11
22495,97,103,-6,6
22496,86,89,-3,3
22497,80,81,-1,1
22498,105,113,-8,8
22499,111,93,18,18
22500,133,139,-6,6
22501,120,113,7,7
22502,156,162,-6,6
22503,100,105,-5,5
22504,41,54,-13,13
22505,94,99,-5,5
22506,59,57,2,2
22507,71,65,6,6
22508,68,66,2,2
22509,102,91,11,11
22510,134,124,10,10
22511,60,54,6,6
22512,169,138,31,31
22513,80,80,0,0
22514,126,142,-16,16
22515,146,127,19,19
22516,128,131,-3,3
22517,67,62,5,5
22518,92,94,-2,2
22519,72,72,0,0
22520,79,79,0,0
22521,102,92,10,10
22522,62,64,-2,2
22523,59,60,-1,1
22524,116,102,14,14
22525,96,88,8,8
22526,86,82,4,4
22527,68,73,-5,5
22528,90,91,-1,1
22529,90,78,12,12
22530,141,128,13,13
22531,109,104,5,5
22532,51,66,-15,15
22533,107,99,8,8
22534,130,123,7,7
22535,103,102,1,1
22536,49,59,-10,10
22537,106,95,11,11
22538,87,83,4,4
22539,68,67,1,1
22540,88,87,1,1
22541,79,85,-6,6
22542,104,89,15,15
22543,94,90,4,4
22544,123,110,13,13
22545,98,86,12,12
22546,123,113,10,10
22547,104,101,3,3
22548,60,65,-5,5
22549,70,79,-9,9
22550,89,82,7,7
22551,122,109,13,13
22552,55,55,0,0
22553,141,130,11,11
22554,80,80,0,0
22555,97,97,0,0
22556,126,113,13,13
22557,73,74,-1,1
22558,63,73,-10,10
22559,151,132,19,19
22560,109,101,8,8
22561,161,153,8,8
22562,80,78,2,2
22563,126,107,19,19
22564,89,81,8,8
22565,95,86,9,9
22566,163,141,22,22
22567,121,108,13,13
22568,80,80,0,0
22569,79,65,14,14
22570,94,85,9,9
22571,143,127,16,16
22572,95,88,7,7
22573,108,103,5,5
22574,94,97,-3,3
22575,102,91,11,11
22576,84,87,-3,3
22577,80,77,3,3
22578,135,120,15,15
22579,98,78,20,20
22580,113,110,3,3
22581,85,103,-18,18
22582,97,87,10,10
22583,67,67,0,0
22584,135,125,10,10
22585,31,51,-20,20
22586,154,148,6,6
22587,136,131,5,5
22588,35,56,-21,21
22589,145,134,11,11
22590,76,69,7,7
22591,89,94,-5,5
22592,84,90,-6,6
22593,82,96,-14,14
22594,76,72,4,4
22595,88,91,-3,3
22596,85,73,12,12
22597,109,114,-5,5
22598,165,149,16,16
22599,88,92,-4,4
22600,54,56,-2,2
22601,93,82,11,11
22602,66,66,0,0
22603,75,74,1,1
22604,55,55,0,0
22605,72,73,-1,1
22606,113,107,6,6
22607,127,121,6,6
22608,53,52,1,1
22609,94,96,-2,2
22610,90,88,2,2
22611,65,74,-9,9
22612,60,65,-5,5
22613,59,53,6,6
22614,107,102,5,5
22615,93,102,-9,9
22616,128,111,17,17
22617,55,59,-4,4
22618,93,89,4,4
22619,79,71,8,8
22620,148,132,16,16
22621,129,119,10,10
22622,51,60,-9,9
22623,92,93,-1,1
22624,93,104,-11,11
22625,114,114,0,0
22626,72,73,-1,1
22627,92,94,-2,2
22628,81,75,6,6
22629,69,77,-8,8
22630,93,84,9,9
22631,189,173,16,16
22632,71,71,0,0
22633,87,82,5,5
22634,48,89,-41,41
22635,94,86,8,8
22636,116,126,-10,10
22637,62,66,-4,4
22638,240,202,38,38
22639,104,97,7,7
22640,80,86,-6,6
22641,66,57,9,9
22642,100,93,7,7
22643,133,126,7,7
22644,103,93,10,10
22645,137,138,-1,1
22646,165,149,16,16
22647,125,116,9,9
22648,86,74,12,12
22649,95,87,8,8
22650,103,112,-9,9
22651,140,121,19,19
22652,95,96,-1,1
22653,68,70,-2,2
22654,52,58,-6,6
22655,77,70,7,7
22656,121,112,9,9
22657,107,107,0,0
22658,98,91,7,7
22659,100,90,10,10
22660,81,79,2,2
22661,46,52,-6,6
22662,162,152,10,10
22663,136,126,10,10
22664,85,88,-3,3
22665,83,72,11,11
22666,135,119,16,16
22667,39,52,-13,13
22668,61,63,-2,2
22669,73,58,15,15
22670,87,73,14,14
22671,76,77,-1,1
22672,84,99,-15,15
22673,94,79,15,15
22674,163,162,1,1
22675,80,83,-3,3
22676,86,102,-16,16
22677,152,132,20,20
22678,100,107,-7,7
22679,75,67,8,8
22680,92,85,7,7
22681,84,79,5,5
22682,144,133,11,11
22683,69,67,2,2
22684,109,108,1,1
22685,109,94,15,15
22686,88,71,17,17
22687,67,67,0,0
22688,115,107,8,8
22689,125,128,-3,3
22690,95,96,-1,1
22691,87,80,7,7
22692,98,97,1,1
22693,83,92,-9,9
22694,101,94,7,7
22695,51,53,-2,2
22696,108,101,7,7
22697,136,134,2,2
22698,208,203,5,5
22699,121,114,7,7
22700,84,75,9,9
22701,86,78,8,8
22702,148,144,4,4
22703,110,115,-5,5
22704,117,110,7,7
22705,96,96,0,0
22706,69,67,2,2
22707,137,129,8,8
22708,66,58,8,8
22709,89,72,17,17
22710,44,52,-8,8
22711,136,125,11,11
22712,128,112,16,16
22713,73,72,1,1
22714,155,149,6,6
22715,89,69,20,20
22716,87,72,15,15
22717,147,130,17,17
22718,64,60,4,4
22719,37,52,-15,15
22720,122,112,10,10
22721,44,63,-19,19
22722,126,118,8,8
22723,60,67,-7,7
22724,148,139,9,9
22725,134,127,7,7
22726,87,75,12,12
22727,135,133,2,2
22728,90,83,7,7
22729,60,56,4,4
22730,86,73,13,13
22731,150,145,5,5
22732,59,70,-11,11
22733,111,97,14,14
22734,54,57,-3,3
22735,158,136,22,22
22736,135,114,21,21
22737,32,54,-22,22
22738,63,62,1,1
22739,117,98,19,19
22740,83,85,-2,2
22741,54,59,-5,5
22742,151,137,14,14
22743,64,66,-2,2
22744,44,53,-9,9
22745,138,130,8,8
22746,48,59,-11,11
22747,123,109,14,14
22748,97,95,2,2
22749,59,59,0,0
22750,96,96,0,0
22751,19,50,-31,31
22752,112,106,6,6
22753,131,140,-9,9
22754,153,148,5,5
22755,100,96,4,4
22756,183,170,13,13
22757,121,113,8,8
22758,129,117,12,12
22759,93,100,-7,7
22760,89,92,-3,3
22761,92,86,6,6
22762,81,97,-16,16
22763,133,121,12,12
22764,77,79,-2,2
22765,63,64,-1,1
22766,66,58,8,8
22767,74,78,-4,4
22768,150,149,1,1
22769,76,85,-9,9
22770,68,62,6,6
22771,73,68,5,5
22772,93,88,5,5
22773,90,73,17,17
22774,81,94,-13,13
22775,59,58,1,1
22776,160,137,23,23
22777,47,53,-6,6
22778,109,128,-19,19
22779,133,124,9,9
22780,114,115,-1,1
22781,89,77,12,12
22782,86,78,8,8
22783,95,81,14,14
22784,149,150,-1,1
22785,86,79,7,7
22786,112,108,4,4
22787,61,103,-42,42
22788,32,52,-20,20
22789,141,134,7,7
22790,106,95,11,11
22791,62,66,-4,4
22792,98,96,2,2
22793,169,133,36,36
22794,75,88,-13,13
22795,113,104,9,9
22796,69,69,0,0
22797,54,61,-7,7
22798,72,76,-4,4
22799,140,140,0,0
22800,86,90,-4,4
22801,106,99,7,7
22802,81,77,4,4
22803,109,95,14,14
22804,120,104,16,16
22805,103,91,12,12
22806,201,169,32,32
22807,115,128,-13,13
22808,94,82,12,12
22809,110,121,-11,11
22810,90,90,0,0
22811,117,107,10,10
22812,80,70,10,10
22813,136,126,10,10
22814,95,95,0,0
22815,121,102,19,19
22816,38,52,-14,14
22817,100,85,15,15
22818,83,83,0,0
22819,102,97,5,5
22820,100,95,5,5
22821,67,67,0,0
22822,88,120,-32,32
22823,68,63,5,5
22824,145,135,10,10
22825,86,81,5,5
22826,107,97,10,10
22827,85,97,-12,12
22828,102,105,-3,3
22829,132,129,3,3
22830,61,61,0,0
22831,70,63,7,7
22832,91,88,3,3
22833,139,131,8,8
22834,51,55,-4,4
22835,39,52,-13,13
22836,100,88,12,12
22837,93,90,3,3
22838,89,93,-4,4
22839,92,98,-6,6
22840,35,53,-18,18
22841,93,83,10,10
22842,64,68,-4,4
22843,62,55,7,7
22844,102,82,20,20
22845,101,96,5,5
22846,93,87,6,6
22847,63,62,1,1
22848,88,84,4,4
22849,80,84,-4,4
22850,134,87,47,47
22851,77,73,4,4
22852,73,71,2,2
22853,57,59,-2,2
22854,118,87,31,31
22855,134,130,4,4
22856,127,120,7,7
22857,88,84,4,4
22858,91,84,7,7
22859,110,108,2,2
22860,46,52,-6,6
22861,105,100,5,5
22862,103,108,-5,5
22863,108,98,10,10
22864,93,98,-5,5
22865,75,78,-3,3
22866,131,125,6,6
22867,130,124,6,6
22868,89,83,6,6
22869,49,100,-51,51
22870,120,121,-1,1
22871,151,156,-5,5
22872,92,87,5,5
22873,77,79,-2,2
22874,126,127,-1,1
22875,100,101,-1,1
22876,54,55,-1,1
22877,110,100,10,10
22878,133,127,6,6
22879,119,118,1,1
22880,126,114,12,12
22881,42,53,-11,11
22882,63,65,-2,2
22883,170,163,7,7
22884,68,77,-9,9
22885,114,107,7,7
22886,115,99,16,16
22887,64,68,-4,4
22888,90,88,2,2
22889,126,109,17,17
22890,72,83,-11,11
22891,116,135,-19,19
22892,151,149,2,2
22893,98,78,20,20
22894,135,124,11,11
22895,132,118,14,14
22896,166,146,20,20
22897,109,100,9,9
22898,73,70,3,3
22899,43,54,-11,11
22900,60,58,2,2
22901,95,98,-3,3
22902,185,164,21,21
22903,116,110,6,6
22904,120,114,6,6
22905,117,110,7,7
22906,80,83,-3,3
22907,54,57,-3,3
22908,94,93,1,1
22909,104,105,-1,1
22910,167,164,3,3
22911,183,173,10,10
22912,125,125,0,0
22913,67,62,5,5
22914,127,112,15,15
22915,108,104,4,4
22916,110,102,8,8
22917,72,69,3,3
22918,76,75,1,1
22919,60,59,1,1
22920,127,109,18,18
22921,60,58,2,2
22922,117,108,9,9
22923,62,61,1,1
22924,98,87,11,11
22925,64,63,1,1
22926,90,84,6,6
22927,155,145,10,10
22928,69,67,2,2
22929,91,82,9,9
22930,91,81,10,10
22931,97,84,13,13
22932,116,102,14,14
22933,100,95,5,5
22934,81,79,2,2
22935,77,69,8,8
22936,46,52,-6,6
22937,86,93,-7,7
22938,98,87,11,11
22939,128,98,30,30
22940,53,54,-1,1
22941,86,84,2,2
22942,106,103,3,3
22943,118,109,9,9
22944,132,131,1,1
22945,179,171,8,8
22946,72,64,8,8
22947,57,56,1,1
22948,159,143,16,16
22949,56,60,-4,4
22950,90,95,-5,5
22951,84,83,1,1
22952,120,120,0,0
22953,99,86,13,13
22954,121,106,15,15
22955,96,94,2,2
22956,46,58,-12,12
22957,84,87,-3,3
22958,79,76,3,3
22959,165,150,15,15
22960,72,73,-1,1
22961,75,74,1,1
22962,116,113,3,3
22963,117,114,3,3
22964,95,87,8,8
22965,138,140,-2,2
22966,64,65,-1,1
22967,70,72,-2,2
22968,51,55,-4,4
22969,74,81,-7,7
22970,105,103,2,2
22971,137,130,7,7
22972,93,88,5,5
22973,72,77,-5,5
22974,83,76,7,7
22975,113,104,9,9
22976,97,90,7,7
22977,76,76,0,0
22978,65,61,4,4
22979,159,146,13,13
22980,72,69,3,3
22981,127,115,12,12
22982,94,87,7,7
22983,83,79,4,4
22984,84,83,1,1
22985,60,64,-4,4
22986,100,98,2,2
22987,108,108,0,0
22988,118,110,8,8
22989,76,74,2,2
22990,87,73,14,14
22991,50,55,-5,5
22992,38,52,-14,14
22993,146,123,23,23
22994,114,110,4,4
22995,52,55,-3,3
22996,84,86,-2,2
22997,122,121,1,1
22998,102,92,10,10
22999,181,163,18,18
23000,98,91,7,7
23001,39,52,-13,13
23002,84,65,19,19
23003,145,109,36,36
23004,124,125,-1,1
23005,110,117,-7,7
23006,57,59,-2,2
23007,88,82,6,6
23008,64,65,-1,1
23009,195,177,18,18
23010,131,131,0,0
23011,124,118,6,6
23012,79,95,-16,16
23013,66,63,3,3
23014,100,103,-3,3
23015,82,74,8,8
23016,81,84,-3,3
23017,85,77,8,8
23018,192,181,11,11
23019,112,107,5,5
23020,166,148,18,18
23021,101,96,5,5
23022,82,70,12,12
23023,89,75,14,14
23024,94,83,11,11
23025,79,87,-8,8
23026,108,113,-5,5
23027,117,107,10,10
23028,123,109,14,14
23029,81,75,6,6
23030,87,75,12,12
23031,66,64,2,2
23032,35,52,-17,17
23033,102,89,13,13
23034,145,126,19,19
23035,62,59,3,3
23036,121,110,11,11
23037,69,66,3,3
23038,142,128,14,14
23039,74,67,7,7
23040,92,84,8,8
23041,63,56,7,7
23042,71,71,0,0
23043,148,127,21,21
23044,72,78,-6,6
23045,75,71,4,4
23046,118,118,0,0
23047,103,103,0,0
23048,136,114,22,22
23049,126,127,-1,1
23050,93,96,-3,3
23051,101,101,0,0
23052,133,117,16,16
23053,83,84,-1,1
23054,91,92,-1,1
23055,52,52,0,0
23056,100,97,3,3
23057,88,83,5,5
23058,80,84,-4,4
23059,83,90,-7,7
23060,90,83,7,7
23061,69,92,-23,23
23062,85,75,10,10
23063,107,94,13,13
23064,103,90,13,13
23065,60,58,2,2
23066,152,149,3,3
23067,40,52,-12,12
23068,87,79,8,8
23069,78,73,5,5
23070,145,138,7,7
23071,47,56,-9,9
23072,139,123,16,16
23073,94,86,8,8
23074,138,152,-14,14
23075,115,97,18,18
23076,94,90,4,4
23077,106,98,8,8
23078,85,75,10,10
23079,82,77,5,5
23080,61,58,3,3
23081,160,145,15,15
23082,157,151,6,6
23083,87,87,0,0
23084,135,122,13,13
23085,120,111,9,9
23086,104,98,6,6
23087,165,137,28,28
23088,88,81,7,7
23089,67,71,-4,4
23090,87,80,7,7
23091,66,67,-1,1
23092,74,68,6,6
23093,76,76,0,0
23094,62,64,-2,2
23095,79,78,1,1
23096,91,89,2,2
23097,70,61,9,9
23098,148,133,15,15
23099,135,120,15,15
23100,74,77,-3,3
23101,78,73,5,5
23102,93,88,5,5
23103,124,115,9,9
23104,129,128,1,1
23105,98,88,10,10
23106,72,65,7,7
23107,53,59,-6,6
23108,138,131,7,7
23109,184,148,36,36
23110,85,83,2,2
23111,82,74,8,8
23112,105,110,-5,5
23113,99,93,6,6
23114,65,66,-1,1
23115,73,65,8,8
23116,66,60,6,6
23117,102,101,1,1
23118,85,72,13,13
23119,188,181,7,7
23120,81,197,-116,116
23121,124,117,7,7
23122,59,60,-1,1
23123,108,104,4,4
23124,92,91,1,1
23125,100,94,6,6
23126,105,103,2,2
23127,93,91,2,2
23128,155,141,14,14
23129,71,65,6,6
23130,65,55,10,10
23131,94,86,8,8
23132,122,125,-3,3
23133,70,68,2,2
23134,65,64,1,1
23135,160,148,12,12
23136,115,108,7,7
23137,134,128,6,6
23138,101,99,2,2
23139,105,100,5,5
23140,93,90,3,3
23141,94,82,12,12
23142,82,72,10,10
23143,90,85,5,5
23144,78,66,12,12
23145,145,136,9,9
23146,120,115,5,5
23147,94,90,4,4
23148,95,81,14,14
23149,115,125,-10,10
23150,49,55,-6,6
23151,134,128,6,6
23152,88,78,10,10
23153,82,82,0,0
23154,67,64,3,3
23155,71,60,11,11
23156,56,67,-11,11
23157,88,81,7,7
23158,34,52,-18,18
23159,62,74,-12,12
23160,82,80,2,2
23161,111,112,-1,1
23162,48,52,-4,4
23163,102,104,-2,2
23164,143,127,16,16
23165,47,52,-5,5
23166,76,73,3,3
23167,119,112,7,7
23168,64,62,2,2
23169,72,65,7,7
23170,141,128,13,13
23171,64,55,9,9
23172,127,111,16,16
23173,72,73,-1,1
23174,111,104,7,7
23175,104,81,23,23
23176,77,81,-4,4
23177,133,133,0,0
23178,113,108,5,5
23179,110,104,6,6
23180,89,84,5,5
23181,125,121,4,4
23182,127,107,20,20
23183,68,62,6,6
23184,99,105,-6,6
23185,86,87,-1,1
23186,111,107,4,4
23187,118,102,16,16
23188,74,74,0,0
23189,132,116,16,16
23190,99,91,8,8
23191,139,135,4,4
23192,107,104,3,3
23193,70,74,-4,4
23194,77,67,10,10
23195,101,100,1,1
23196,103,100,3,3
23197,86,85,1,1
23198,104,87,17,17
23199,100,102,-2,2
23200,150,133,17,17
23201,69,65,4,4
23202,129,121,8,8
23203,162,157,5,5
23204,111,118,-7,7
23205,133,127,6,6
23206,87,82,5,5
23207,74,80,-6,6
23208,95,98,-3,3
23209,110,116,-6,6
23210,124,118,6,6
23211,155,141,14,14
23212,74,60,14,14
23213,80,73,7,7
23214,90,81,9,9
23215,100,95,5,5
23216,112,95,17,17
23217,81,63,18,18
23218,73,79,-6,6
23219,122,114,8,8
23220,130,119,11,11
23221,129,121,8,8
23222,123,114,9,9
23223,84,82,2,2
23224,63,64,-1,1
23225,144,129,15,15
23226,91,151,-60,60
23227,66,73,-7,7
23228,95,91,4,4
23229,129,118,11,11
23230,75,73,2,2
23231,152,181,-29,29
23232,119,92,27,27
23233,107,105,2,2
23234,184,163,21,21
23235,84,86,-2,2
23236,123,113,10,10
23237,167,141,26,26
23238,59,55,4,4
23239,68,73,-5,5
23240,119,92,27,27
23241,77,68,9,9
23242,70,74,-4,4
23243,79,70,9,9
23244,114,114,0,0
23245,75,72,3,3
23246,64,55,9,9
23247,127,110,17,17
23248,52,57,-5,5
23249,67,60,7,7
23250,73,75,-2,2
23251,85,74,11,11
23252,63,65,-2,2
23253,88,77,11,11
23254,89,101,-12,12
23255,133,112,21,21
23256,82,81,1,1
23257,115,99,16,16
23258,97,97,0,0
23259,81,89,-8,8
23260,102,92,10,10
23261,68,60,8,8
23262,64,60,4,4
23263,70,67,3,3
23264,73,76,-3,3
23265,59,64,-5,5
23266,136,123,13,13
23267,103,106,-3,3
23268,137,118,19,19
23269,73,72,1,1
23270,83,80,3,3
23271,95,84,11,11
23272,138,124,14,14
23273,86,78,8,8
23274,66,83,-17,17
23275,134,156,-22,22
23276,116,109,7,7
23277,70,69,1,1
23278,118,110,8,8
23279,131,119,12,12
23280,40,62,-22,22
23281,82,79,3,3
23282,78,73,5,5
23283,97,86,11,11
23284,89,91,-2,2
23285,133,123,10,10
23286,76,69,7,7
23287,152,131,21,21
23288,92,87,5,5
23289,62,60,2,2
23290,179,152,27,27
23291,127,110,17,17
23292,115,109,6,6
23293,54,64,-10,10
23294,136,113,23,23
23295,76,78,-2,2
23296,62,69,-7,7
23297,78,77,1,1
23298,182,156,26,26
23299,67,64,3,3
23300,110,96,14,14
23301,92,83,9,9
23302,150,131,19,19
23303,122,122,0,0
23304,62,66,-4,4
23305,109,98,11,11
23306,123,112,11,11
23307,107,106,1,1
23308,50,59,-9,9
23309,62,62,0,0
23310,115,111,4,4
23311,41,53,-12,12
23312,106,100,6,6
23313,58,56,2,2
23314,67,62,5,5
23315,64,57,7,7
23316,71,89,-18,18
23317,83,87,-4,4
23318,157,166,-9,9
23319,90,87,3,3
23320,100,105,-5,5
23321,92,92,0,0
23322,87,99,-12,12
23323,76,86,-10,10
23324,101,102,-1,1
23325,56,52,4,4
23326,65,67,-2,2
23327,70,71,-1,1
23328,57,58,-1,1
23329,112,136,-24,24
23330,50,70,-20,20
23331,47,57,-10,10
23332,140,148,-8,8
23333,51,53,-2,2
23334,61,70,-9,9
23335,78,76,2,2
23336,70,63,7,7
23337,98,89,9,9
23338,152,136,16,16
23339,99,99,0,0
23340,93,94,-1,1
23341,90,85,5,5
23342,51,58,-7,7
23343,94,85,9,9
23344,82,84,-2,2
23345,137,126,11,11
23346,85,89,-4,4
23347,131,134,-3,3
23348,110,96,14,14
23349,70,64,6,6
23350,99,103,-4,4
23351,146,131,15,15
23352,37,52,-15,15
23353,94,82,12,12
23354,124,116,8,8
23355,91,101,-10,10
23356,85,85,0,0
23357,58,62,-4,4
23358,78,83,-5,5
23359,62,63,-1,1
23360,51,56,-5,5
23361,85,88,-3,3
23362,64,65,-1,1
23363,108,115,-7,7
23364,89,90,-1,1
23365,120,114,6,6
23366,131,116,15,15
23367,50,53,-3,3
23368,109,101,8,8
23369,82,76,6,6
23370,115,104,11,11
23371,121,109,12,12
23372,193,174,19,19
23373,66,64,2,2
23374,125,115,10,10
23375,64,64,0,0
23376,105,94,11,11
23377,47,54,-7,7
23378,57,71,-14,14
23379,105,93,12,12
23380,124,119,5,5
23381,90,96,-6,6
23382,126,111,15,15
23383,89,93,-4,4
23384,122,112,10,10
23385,116,109,7,7
23386,80,72,8,8
23387,92,86,6,6
23388,62,82,-20,20
23389,144,139,5,5
23390,45,58,-13,13
23391,139,135,4,4
23392,117,107,10,10
23393,99,100,-1,1
23394,98,95,3,3
23395,87,86,1,1
23396,171,140,31,31
23397,127,105,22,22
23398,114,107,7,7
23399,100,102,-2,2
23400,71,78,-7,7
23401,143,122,21,21
23402,84,79,5,5
23403,89,80,9,9
23404,85,77,8,8
23405,69,67,2,2
23406,145,151,-6,6
23407,115,114,1,1
23408,116,109,7,7
23409,114,111,3,3
23410,58,55,3,3
23411,79,73,6,6
23412,73,75,-2,2
23413,114,116,-2,2
23414,140,139,1,1
23415,92,94,-2,2
23416,111,106,5,5
23417,131,131,0,0
23418,76,76,0,0
23419,94,94,0,0
23420,91,95,-4,4
23421,76,71,5,5
23422,115,105,10,10
23423,65,62,3,3
23424,113,113,0,0
23425,85,87,-2,2
23426,214,218,-4,4
23427,211,187,24,24
23428,41,52,-11,11
23429,78,72,6,6
23430,161,148,13,13
23431,79,72,7,7
23432,51,56,-5,5
23433,103,103,0,0
23434,73,73,0,0
23435,55,59,-4,4
23436,136,114,22,22
23437,131,126,5,5
23438,77,76,1,1
23439,80,75,5,5
23440,110,104,6,6
23441,54,56,-2,2
23442,111,112,-1,1
23443,84,84,0,0
23444,70,63,7,7
23445,70,65,5,5
23446,106,95,11,11
23447,97,93,4,4
23448,100,93,7,7
23449,135,127,8,8
23450,86,82,4,4
23451,42,53,-11,11
23452,132,131,1,1
23453,73,73,0,0
23454,125,118,7,7
23455,83,82,1,1
23456,125,121,4,4
23457,120,112,8,8
23458,110,104,6,6
23459,197,172,25,25
23460,111,103,8,8
23461,86,90,-4,4
23462,76,69,7,7
23463,150,134,16,16
23464,115,113,2,2
23465,89,93,-4,4
23466,176,160,16,16
23467,64,67,-3,3
23468,120,112,8,8
23469,121,114,7,7
23470,64,72,-8,8
23471,49,63,-14,14
23472,70,63,7,7
23473,112,105,7,7
23474,89,92,-3,3
23475,107,104,3,3
23476,155,148,7,7
23477,73,76,-3,3
23478,129,129,0,0
23479,161,146,15,15
23480,89,85,4,4
23481,113,108,5,5
23482,99,93,6,6
23483,127,125,2,2
23484,115,111,4,4
23485,78,73,5,5
23486,155,156,-1,1
23487,54,54,0,0
23488,89,86,3,3
23489,115,105,10,10
23490,82,80,2,2
23491,165,155,10,10
23492,90,82,8,8
23493,87,86,1,1
23494,115,102,13,13
23495,70,65,5,5
23496,85,73,12,12
23497,101,98,3,3
23498,118,125,-7,7
23499,135,113,22,22
23500,74,73,1,1
23501,108,114,-6,6
23502,134,127,7,7
23503,109,101,8,8
23504,77,74,3,3
23505,71,63,8,8
23506,78,69,9,9
23507,125,106,19,19
23508,90,85,5,5
23509,47,56,-9,9
23510,89,80,9,9
23511,102,92,10,10
23512,94,93,1,1
23513,137,130,7,7
23514,110,98,12,12
23515,100,94,6,6
23516,125,114,11,11
23517,57,89,-32,32
23518,120,113,7,7
23519,149,137,12,12
23520,69,71,-2,2
23521,91,93,-2,2
23522,69,67,2,2
23523,143,126,17,17
23524,112,102,10,10
23525,108,95,13,13
23526,83,88,-5,5
23527,102,102,0,0
23528,55,55,0,0
23529,101,94,7,7
23530,39,51,-12,12
23531,173,166,7,7
23532,98,93,5,5
23533,136,126,10,10
23534,62,61,1,1
23535,188,152,36,36
23536,98,95,3,3
23537,132,119,13,13
23538,89,98,-9,9
23539,106,108,-2,2
23540,101,105,-4,4
23541,150,132,18,18
23542,194,164,30,30
23543,108,108,0,0
23544,78,89,-11,11
23545,70,68,2,2
23546,93,97,-4,4
23547,65,70,-5,5
23548,113,99,14,14
23549,129,119,10,10
23550,94,93,1,1
23551,108,102,6,6
23552,90,89,1,1
23553,68,68,0,0
23554,98,100,-2,2
23555,96,109,-13,13
23556,85,95,-10,10
23557,137,136,1,1
23558,112,106,6,6
23559,168,148,20,20
23560,87,91,-4,4
23561,134,119,15,15
23562,75,79,-4,4
23563,135,124,11,11
23564,81,75,6,6
23565,96,102,-6,6
23566,91,93,-2,2
23567,104,87,17,17
23568,105,94,11,11
23569,56,56,0,0
23570,111,103,8,8
23571,56,67,-11,11
23572,62,61,1,1
23573,103,97,6,6
23574,144,141,3,3
23575,101,96,5,5
23576,79,68,11,11
23577,102,91,11,11
23578,121,116,5,5
23579,140,133,7,7
23580,135,127,8,8
23581,80,74,6,6
23582,51,59,-8,8
23583,152,124,28,28
23584,94,92,2,2
23585,52,54,-2,2
23586,78,77,1,1
23587,82,83,-1,1
23588,75,70,5,5
23589,117,109,8,8
23590,136,125,11,11
23591,92,88,4,4
23592,55,52,3,3
23593,126,110,16,16
23594,55,56,-1,1
23595,43,52,-9,9
23596,83,86,-3,3
23597,116,119,-3,3
23598,113,108,5,5
23599,60,60,0,0
23600,100,100,0,0
23601,100,105,-5,5
23602,113,106,7,7
23603,123,134,-11,11
23604,69,68,1,1
23605,113,128,-15,15
23606,71,75,-4,4
23607,132,118,14,14
23608,151,143,8,8
23609,57,56,1,1
23610,105,102,3,3
23611,188,164,24,24
23612,79,73,6,6
23613,151,144,7,7
23614,137,132,5,5
23615,42,52,-10,10
23616,144,132,12,12
23617,41,54,-13,13
23618,82,79,3,3
23619,91,84,7,7
23620,65,66,-1,1
23621,65,63,2,2
23622,103,103,0,0
23623,116,110,6,6
23624,149,142,7,7
23625,202,173,29,29
23626,61,59,2,2
23627,78,74,4,4
23628,154,132,22,22
23629,87,88,-1,1
23630,93,83,10,10
23631,134,135,-1,1
23632,116,115,1,1
23633,124,122,2,2
23634,148,140,8,8
23635,140,135,5,5
23636,69,63,6,6
23637,107,102,5,5
23638,99,94,5,5
23639,137,120,17,17
23640,165,135,30,30
23641,102,91,11,11
23642,116,105,11,11
23643,95,74,21,21
23644,86,103,-17,17
23645,88,96,-8,8
23646,108,104,4,4
23647,153,145,8,8
23648,69,64,5,5
23649,76,71,5,5
23650,103,98,5,5
23651,79,88,-9,9
23652,129,112,17,17
23653,87,85,2,2
23654,67,67,0,0
23655,81,77,4,4
23656,118,110,8,8
23657,69,65,4,4
23658,63,67,-4,4
23659,77,76,1,1
23660,113,108,5,5
23661,143,134,9,9
23662,57,58,-1,1
23663,86,82,4,4
23664,36,66,-30,30
23665,128,106,22,22
23666,111,104,7,7
23667,68,71,-3,3
23668,60,67,-7,7
23669,90,87,3,3
23670,99,91,8,8
23671,80,73,7,7
23672,79,84,-5,5
23673,84,88,-4,4
23674,77,64,13,13
23675,132,125,7,7
23676,94,65,29,29
23677,95,93,2,2
23678,67,65,2,2
23679,134,121,13,13
23680,148,143,5,5
23681,92,86,6,6
23682,85,74,11,11
23683,69,76,-7,7
23684,107,114,-7,7
23685,113,122,-9,9
23686,49,54,-5,5
23687,31,51,-20,20
23688,72,77,-5,5
23689,135,131,4,4
23690,126,115,11,11
23691,67,70,-3,3
23692,70,73,-3,3
23693,64,66,-2,2
23694,70,91,-21,21
23695,88,78,10,10
23696,66,71,-5,5
23697,80,86,-6,6
23698,82,94,-12,12
23699,85,84,1,1
23700,128,121,7,7
23701,116,112,4,4
23702,74,62,12,12
23703,107,102,5,5
23704,74,71,3,3
23705,133,112,21,21
23706,91,84,7,7
23707,100,99,1,1
23708,90,77,13,13
23709,41,54,-13,13
23710,117,107,10,10
23711,91,94,-3,3
23712,108,117,-9,9
23713,61,63,-2,2
23714,201,178,23,23
23715,112,106,6,6
23716,62,57,5,5
23717,70,70,0,0
23718,79,74,5,5
23719,85,74,11,11
23720,138,126,12,12
23721,132,126,6,6
23722,46,56,-10,10
23723,172,159,13,13
23724,120,105,15,15
23725,120,112,8,8
23726,96,97,-1,1
23727,108,99,9,9
23728,125,124,1,1
23729,72,77,-5,5
23730,110,95,15,15
23731,51,62,-11,11
23732,127,120,7,7
23733,109,106,3,3
23734,70,65,5,5
23735,91,85,6,6
23736,53,62,-9,9
23737,195,179,16,16
23738,63,68,-5,5
23739,97,97,0,0
23740,109,101,8,8
23741,116,110,6,6
23742,52,65,-13,13
23743,66,74,-8,8
23744,70,66,4,4
23745,143,138,5,5
23746,61,103,-42,42
23747,105,92,13,13
23748,58,55,3,3
23749,141,136,5,5
23750,64,58,6,6
23751,126,122,4,4
23752,154,145,9,9
23753,103,92,11,11
23754,54,57,-3,3
23755,100,97,3,3
23756,99,97,2,2
23757,84,88,-4,4
23758,67,68,-1,1
23759,51,62,-11,11
23760,118,115,3,3
23761,139,120,19,19
23762,83,80,3,3
23763,127,124,3,3
23764,98,90,8,8
23765,86,80,6,6
23766,53,55,-2,2
23767,111,112,-1,1
23768,82,82,0,0
23769,101,90,11,11
23770,79,78,1,1
23771,82,90,-8,8
23772,101,89,12,12
23773,172,151,21,21
23774,49,61,-12,12
23775,144,131,13,13
23776,79,76,3,3
23777,71,75,-4,4
23778,109,106,3,3
23779,97,90,7,7
23780,134,123,11,11
23781,139,151,-12,12
23782,103,96,7,7
23783,104,96,8,8
23784,45,57,-12,12
23785,124,129,-5,5
23786,77,81,-4,4
23787,92,91,1,1
23788,54,55,-1,1
23789,96,92,4,4
23790,77,64,13,13
23791,99,89,10,10
23792,46,52,-6,6
23793,128,123,5,5
23794,114,120,-6,6
23795,183,163,20,20
23796,74,74,0,0
23797,152,132,20,20
23798,95,82,13,13
23799,84,69,15,15
23800,103,97,6,6
23801,118,109,9,9
23802,82,95,-13,13
23803,161,161,0,0
23804,93,80,13,13
23805,91,81,10,10
23806,106,98,8,8
23807,91,81,10,10
23808,52,55,-3,3
23809,89,85,4,4
23810,80,80,0,0
23811,112,114,-2,2
23812,69,62,7,7
23813,68,65,3,3
23814,219,195,24,24
23815,89,89,0,0
23816,127,117,10,10
23817,84,90,-6,6
23818,85,78,7,7
23819,28,73,-45,45
23820,141,124,17,17
23821,92,90,2,2
23822,130,117,13,13
23823,59,61,-2,2
23824,143,123,20,20
23825,145,129,16,16
23826,73,69,4,4
23827,177,166,11,11
23828,169,147,22,22
23829,54,61,-7,7
23830,128,111,17,17
23831,52,58,-6,6
23832,129,127,2,2
23833,99,98,1,1
23834,119,100,19,19
23835,75,78,-3,3
23836,119,107,12,12
23837,103,95,8,8
23838,130,124,6,6
23839,119,109,10,10
23840,100,93,7,7
23841,159,161,-2,2
23842,75,69,6,6
23843,86,86,0,0
23844,123,114,9,9
23845,74,76,-2,2
23846,50,62,-12,12
23847,57,53,4,4
23848,50,55,-5,5
23849,71,71,0,0
23850,96,90,6,6
23851,76,72,4,4
23852,130,118,12,12
23853,62,68,-6,6
23854,92,86,6,6
23855,98,101,-3,3
23856,67,57,10,10
23857,231,211,20,20
23858,68,58,10,10
23859,59,55,4,4
23860,82,69,13,13
23861,67,72,-5,5
23862,88,81,7,7
23863,138,119,19,19
23864,81,69,12,12
23865,117,114,3,3
23866,67,69,-2,2
23867,57,63,-6,6
23868,53,54,-1,1
23869,87,83,4,4
23870,123,125,-2,2
23871,128,119,9,9
23872,80,83,-3,3
23873,95,92,3,3
23874,105,105,0,0
23875,92,93,-1,1
23876,97,88,9,9
23877,96,99,-3,3
23878,114,101,13,13
23879,57,60,-3,3
23880,174,148,26,26
23881,98,92,6,6
23882,96,84,12,12
23883,34,56,-22,22
23884,53,56,-3,3
23885,70,68,2,2
23886,100,101,-1,1
23887,112,113,-1,1
23888,86,87,-1,1
23889,106,98,8,8
23890,75,71,4,4
23891,97,109,-12,12
23892,93,93,0,0
23893,105,80,25,25
23894,108,104,4,4
23895,137,139,-2,2
23896,99,99,0,0
23897,71,69,2,2
23898,157,151,6,6
23899,111,102,9,9
23900,102,88,14,14
23901,144,133,11,11
23902,86,79,7,7
23903,63,72,-9,9
23904,97,84,13,13
23905,30,53,-23,23
23906,77,78,-1,1
23907,111,99,12,12
23908,77,68,9,9
23909,41,52,-11,11
23910,82,83,-1,1
23911,144,132,12,12
23912,117,109,8,8
23913,94,86,8,8
23914,58,59,-1,1
23915,101,93,8,8
23916,105,91,14,14
23917,99,106,-7,7
23918,88,80,8,8
23919,69,74,-5,5
23920,67,58,9,9
23921,51,60,-9,9
23922,120,113,7,7
23923,60,59,1,1
23924,90,83,7,7
23925,81,77,4,4
23926,163,164,-1,1
23927,142,124,18,18
23928,65,66,-1,1
23929,156,145,11,11
23930,52,56,-4,4
23931,74,66,8,8
23932,115,108,7,7
23933,126,129,-3,3
23934,48,54,-6,6
23935,129,125,4,4
23936,160,143,17,17
23937,110,112,-2,2
23938,121,124,-3,3
23939,97,90,7,7
23940,110,128,-18,18
23941,135,128,7,7
23942,153,147,6,6
23943,103,121,-18,18
23944,103,94,9,9
23945,119,108,11,11
23946,76,78,-2,2
23947,195,193,2,2
23948,57,58,-1,1
23949,59,67,-8,8
23950,146,139,7,7
23951,91,78,13,13
23952,101,92,9,9
23953,240,195,45,45
23954,88,89,-1,1
23955,83,70,13,13
23956,77,77,0,0
23957,82,93,-11,11
23958,82,92,-10,10
23959,119,104,15,15
23960,106,96,10,10
23961,101,106,-5,5
23962,78,80,-2,2
23963,82,79,3,3
23964,82,81,1,1
23965,126,108,18,18
23966,87,94,-7,7
23967,96,92,4,4
23968,68,67,1,1
23969,100,91,9,9
23970,71,74,-3,3
23971,91,97,-6,6
23972,118,112,6,6
23973,93,93,0,0
23974,87,85,2,2
23975,75,78,-3,3
23976,64,60,4,4
23977,94,87,7,7
23978,45,53,-8,8
23979,97,84,13,13
23980,115,106,9,9
23981,84,71,13,13
23982,139,123,16,16
23983,155,155,0,0
23984,65,66,-1,1
23985,72,75,-3,3
23986,65,67,-2,2
23987,45,57,-12,12
23988,92,94,-2,2
23989,148,139,9,9
23990,163,137,26,26
23991,80,72,8,8
23992,131,117,14,14
23993,74,70,4,4
23994,62,63,-1,1
23995,65,60,5,5
23996,110,94,16,16
23997,119,87,32,32
23998,110,101,9,9
23999,89,89,0,0
24000,104,109,-5,5
24001,110,116,-6,6
24002,83,78,5,5
24003,134,128,6,6
24004,110,112,-2,2
24005,74,78,-4,4
24006,152,144,8,8
24007,103,98,5,5
24008,47,53,-6,6
24009,104,94,10,10
24010,59,63,-4,4
24011,76,64,12,12
24012,82,83,-1,1
24013,100,99,1,1
24014,127,120,7,7
24015,70,63,7,7
24016,71,72,-1,1
24017,83,90,-7,7
24018,80,79,1,1
24019,102,100,2,2
24020,70,78,-8,8
24021,89,81,8,8
24022,75,72,3,3
24023,104,96,8,8
24024,84,68,16,16
24025,56,57,-1,1
24026,55,60,-5,5
24027,141,147,-6,6
24028,82,81,1,1
24029,182,159,23,23
24030,154,150,4,4
24031,86,82,4,4
24032,78,73,5,5
24033,91,85,6,6
24034,115,113,2,2
24035,112,113,-1,1
24036,98,112,-14,14
24037,83,74,9,9
24038,58,58,0,0
24039,72,66,6,6
24040,46,65,-19,19
24041,54,55,-1,1
24042,99,96,3,3
24043,100,124,-24,24
24044,114,110,4,4
24045,56,53,3,3
24046,49,56,-7,7
24047,63,59,4,4
24048,63,62,1,1
24049,72,73,-1,1
24050,97,90,7,7
24051,59,59,0,0
24052,123,122,1,1
24053,109,110,-1,1
24054,108,103,5,5
24055,95,99,-4,4
24056,94,88,6,6
24057,59,61,-2,2
24058,80,82,-2,2
24059,140,131,9,9
24060,102,99,3,3
24061,65,67,-2,2
24062,117,104,13,13
24063,63,61,2,2
24064,77,81,-4,4
24065,137,94,43,43
24066,114,112,2,2
24067,78,68,10,10
24068,45,53,-8,8
24069,84,89,-5,5
24070,96,108,-12,12
24071,62,64,-2,2
24072,67,73,-6,6
24073,178,148,30,30
24074,78,83,-5,5
24075,112,106,6,6
24076,99,81,18,18
24077,94,94,0,0
24078,86,73,13,13
24079,116,105,11,11
24080,64,58,6,6
24081,51,55,-4,4
24082,176,147,29,29
24083,120,105,15,15
24084,121,103,18,18
24085,84,81,3,3
24086,108,104,4,4
24087,97,93,4,4
24088,91,90,1,1
24089,117,116,1,1
24090,102,88,14,14
24091,53,55,-2,2
24092,82,77,5,5
24093,63,62,1,1
24094,50,85,-35,35
24095,121,107,14,14
24096,33,54,-21,21
24097,75,69,6,6
24098,98,98,0,0
24099,95,85,10,10
24100,94,89,5,5
24101,43,53,-10,10
24102,88,96,-8,8
24103,72,71,1,1
24104,118,104,14,14
24105,76,78,-2,2
24106,58,56,2,2
24107,104,85,19,19
24108,115,108,7,7
24109,63,56,7,7
24110,105,106,-1,1
24111,59,56,3,3
24112,58,55,3,3
24113,146,131,15,15
24114,82,85,-3,3
24115,114,118,-4,4
24116,95,86,9,9
24117,46,54,-8,8
24118,122,111,11,11
24119,78,78,0,0
24120,97,88,9,9
24121,111,109,2,2
24122,161,142,19,19
24123,157,150,7,7
24124,90,94,-4,4
24125,69,67,2,2
24126,78,74,4,4
24127,111,102,9,9
24128,56,57,-1,1
24129,83,67,16,16
24130,186,166,20,20
24131,76,80,-4,4
24132,76,79,-3,3
24133,136,127,9,9
24134,87,82,5,5
24135,87,78,9,9
24136,72,77,-5,5
24137,64,72,-8,8
24138,162,154,8,8
24139,59,61,-2,2
24140,77,71,6,6
24141,58,56,2,2
24142,65,60,5,5
24143,103,93,10,10
24144,74,67,7,7
24145,83,68,15,15
24146,62,60,2,2
24147,115,100,15,15
24148,88,91,-3,3
24149,79,84,-5,5
24150,102,95,7,7
24151,76,68,8,8
24152,72,71,1,1
24153,127,124,3,3
24154,57,58,-1,1
24155,123,118,5,5
24156,108,100,8,8
24157,179,157,22,22
24158,56,78,-22,22
24159,129,129,0,0
24160,76,80,-4,4
24161,160,133,27,27
24162,108,93,15,15
24163,65,69,-4,4
24164,80,73,7,7
24165,68,79,-11,11
24166,125,147,-22,22
24167,55,55,0,0
24168,101,105,-4,4
24169,102,92,10,10
24170,151,149,2,2
24171,98,121,-23,23
24172,72,81,-9,9
24173,124,116,8,8
24174,113,105,8,8
24175,84,70,14,14
24176,51,60,-9,9
24177,73,69,4,4
24178,58,60,-2,2
24179,103,99,4,4
24180,89,72,17,17
24181,103,103,0,0
24182,122,115,7,7
24183,62,62,0,0
24184,152,133,19,19
24185,49,57,-8,8
24186,76,77,-1,1
24187,107,100,7,7
24188,63,80,-17,17
24189,132,123,9,9
24190,167,105,62,62
24191,105,94,11,11
24192,160,153,7,7
24193,86,82,4,4
24194,105,94,11,11
24195,88,88,0,0
24196,102,95,7,7
24197,102,113,-11,11
24198,101,109,-8,8
24199,48,56,-8,8
24200,131,131,0,0
24201,45,52,-7,7
24202,100,99,1,1
24203,77,73,4,4
24204,131,134,-3,3
24205,106,104,2,2
24206,115,106,9,9
24207,140,124,16,16
24208,111,111,0,0
24209,100,98,2,2
24210,55,59,-4,4
24211,80,72,8,8
24212,98,99,-1,1
24213,61,58,3,3
24214,106,97,9,9
24215,91,91,0,0
24216,96,88,8,8
24217,88,80,8,8
24218,79,80,-1,1
24219,108,114,-6,6
24220,108,107,1,1
24221,137,115,22,22
24222,110,108,2,2
24223,67,66,1,1
24224,81,75,6,6
24225,74,74,0,0
24226,95,102,-7,7
24227,36,52,-16,16
24228,96,92,4,4
24229,80,83,-3,3
24230,86,76,10,10
24231,145,149,-4,4
24232,163,157,6,6
24233,57,55,2,2
24234,91,96,-5,5
24235,100,100,0,0
24236,55,55,0,0
24237,118,108,10,10
24238,183,175,8,8
24239,79,80,-1,1
24240,82,67,15,15
24241,107,101,6,6
24242,47,53,-6,6
24243,103,105,-2,2
24244,78,74,4,4
24245,114,110,4,4
24246,127,114,13,13
24247,65,69,-4,4
24248,149,150,-1,1
24249,72,66,6,6
24250,75,77,-2,2
24251,99,97,2,2
24252,91,86,5,5
24253,50,61,-11,11
24254,116,111,5,5
24255,150,128,22,22
24256,136,133,3,3
24257,145,100,45,45
24258,64,70,-6,6
24259,81,76,5,5
24260,76,67,9,9
24261,91,76,15,15
24262,64,56,8,8
24263,52,64,-12,12
24264,85,86,-1,1
24265,93,90,3,3
24266,80,85,-5,5
24267,84,89,-5,5
24268,71,65,6,6
24269,73,67,6,6
24270,54,58,-4,4
24271,87,76,11,11
24272,88,95,-7,7
24273,50,55,-5,5
24274,122,113,9,9
24275,98,95,3,3
24276,82,74,8,8
24277,173,153,20,20
24278,78,72,6,6
24279,106,95,11,11
24280,103,108,-5,5
24281,78,72,6,6
24282,57,62,-5,5
24283,125,129,-4,4
24284,103,105,-2,2
24285,100,97,3,3
24286,78,77,1,1
24287,122,107,15,15
24288,122,128,-6,6
24289,135,120,15,15
24290,110,90,20,20
24291,174,150,24,24
24292,54,54,0,0
24293,43,52,-9,9
24294,82,75,7,7
24295,91,79,12,12
24296,104,92,12,12
24297,148,135,13,13
24298,30,51,-21,21
24299,115,106,9,9
24300,122,110,12,12
24301,126,112,14,14
24302,68,72,-4,4
24303,119,98,21,21
24304,124,125,-1,1
24305,81,71,10,10
24306,74,68,6,6
24307,75,72,3,3
24308,57,63,-6,6
24309,92,75,17,17
24310,79,69,10,10
24311,118,119,-1,1
24312,62,65,-3,3
24313,86,76,10,10
24314,57,54,3,3
24315,93,102,-9,9
24316,111,96,15,15
24317,77,72,5,5
24318,66,71,-5,5
24319,142,106,36,36
24320,117,99,18,18
24321,48,52,-4,4
24322,195,167,28,28
24323,100,97,3,3
24324,103,82,21,21
24325,59,68,-9,9
24326,76,71,5,5
24327,108,106,2,2
24328,127,121,6,6
24329,91,79,12,12
24330,67,68,-1,1
24331,157,138,19,19
24332,120,125,-5,5
24333,79,79,0,0
24334,95,95,0,0
24335,103,101,2,2
24336,126,114,12,12
24337,73,91,-18,18
24338,53,62,-9,9
24339,126,121,5,5
24340,78,69,9,9
24341,128,125,3,3
24342,51,55,-4,4
24343,76,72,4,4
24344,130,128,2,2
24345,87,85,2,2
24346,76,78,-2,2
24347,71,64,7,7
24348,115,109,6,6
24349,119,115,4,4
24350,75,71,4,4
24351,75,80,-5,5
24352,93,86,7,7
24353,128,128,0,0
24354,127,142,-15,15
24355,94,90,4,4
24356,133,117,16,16
24357,53,53,0,0
24358,146,125,21,21
24359,117,126,-9,9
24360,74,72,2,2
24361,126,117,9,9
24362,41,55,-14,14
24363,143,137,6,6
24364,90,86,4,4
24365,73,79,-6,6
24366,156,146,10,10
24367,72,66,6,6
24368,59,58,1,1
24369,27,56,-29,29
24370,93,95,-2,2
24371,87,90,-3,3
24372,44,58,-14,14
24373,182,173,9,9
24374,90,87,3,3
24375,170,151,19,19
24376,128,124,4,4
24377,102,93,9,9
24378,99,95,4,4
24379,106,98,8,8
24380,86,77,9,9
24381,127,111,16,16
24382,99,86,13,13
24383,101,100,1,1
24384,155,146,9,9
24385,184,153,31,31
24386,98,94,4,4
24387,95,95,0,0
24388,108,127,-19,19
24389,103,105,-2,2
24390,147,139,8,8
24391,100,90,10,10
24392,76,95,-19,19
24393,308,234,74,74
24394,71,75,-4,4
24395,80,82,-2,2
24396,88,76,12,12
24397,92,99,-7,7
24398,105,107,-2,2
24399,63,67,-4,4
24400,89,84,5,5
24401,77,86,-9,9
24402,94,94,0,0
24403,72,83,-11,11
24404,65,61,4,4
24405,132,119,13,13
24406,90,83,7,7
24407,83,82,1,1
24408,35,67,-32,32
24409,163,152,11,11
24410,73,71,2,2
24411,117,111,6,6
24412,87,80,7,7
24413,70,74,-4,4
24414,189,170,19,19
24415,81,76,5,5
24416,59,64,-5,5
24417,110,111,-1,1
24418,103,105,-2,2
24419,89,87,2,2
24420,90,78,12,12
24421,475,357,118,118
24422,66,59,7,7
24423,97,97,0,0
24424,89,80,9,9
24425,106,101,5,5
24426,81,76,5,5
24427,143,137,6,6
24428,113,106,7,7
24429,83,84,-1,1
24430,276,254,22,22
24431,88,83,5,5
24432,91,91,0,0
24433,179,149,30,30
24434,175,127,48,48
24435,86,86,0,0
24436,60,60,0,0
24437,86,82,4,4
24438,104,95,9,9
24439,144,132,12,12
24440,93,91,2,2
24441,98,96,2,2
24442,59,65,-6,6
24443,112,143,-31,31
24444,98,106,-8,8
24445,60,60,0,0
24446,72,63,9,9
24447,42,52,-10,10
24448,57,55,2,2
24449,138,122,16,16
24450,99,91,8,8
24451,134,128,6,6
24452,96,79,17,17
24453,101,106,-5,5
24454,88,95,-7,7
24455,79,82,-3,3
24456,61,57,4,4
24457,77,64,13,13
24458,119,112,7,7
24459,124,110,14,14
24460,77,77,0,0
24461,81,78,3,3
24462,70,70,0,0
24463,120,129,-9,9
24464,90,96,-6,6
24465,88,90,-2,2
24466,49,57,-8,8
24467,70,68,2,2
24468,90,87,3,3
24469,70,63,7,7
24470,119,102,17,17
24471,99,96,3,3
24472,79,83,-4,4
24473,112,104,8,8
24474,63,63,0,0
24475,40,53,-13,13
24476,145,134,11,11
24477,82,76,6,6
24478,87,81,6,6
24479,75,67,8,8
24480,71,66,5,5
24481,84,77,7,7
24482,85,76,9,9
24483,101,88,13,13
24484,111,93,18,18
24485,90,90,0,0
24486,63,63,0,0
24487,174,168,6,6
24488,106,101,5,5
24489,64,69,-5,5
24490,33,52,-19,19
24491,100,111,-11,11
24492,185,156,29,29
24493,68,66,2,2
24494,29,51,-22,22
24495,45,52,-7,7
24496,58,60,-2,2
24497,120,106,14,14
24498,124,110,14,14
24499,70,64,6,6
24500,104,104,0,0
24501,101,92,9,9
24502,92,91,1,1
24503,81,75,6,6
24504,59,57,2,2
24505,84,83,1,1
24506,67,71,-4,4
24507,105,95,10,10
24508,81,80,1,1
24509,56,58,-2,2
24510,115,113,2,2
24511,117,108,9,9
24512,95,85,10,10
24513,134,121,13,13
24514,89,89,0,0
24515,136,131,5,5
24516,100,97,3,3
24517,95,106,-11,11
24518,73,75,-2,2
24519,58,64,-6,6
24520,157,137,20,20
24521,77,75,2,2
24522,54,56,-2,2
24523,90,96,-6,6
24524,85,90,-5,5
24525,71,69,2,2
24526,73,68,5,5
24527,87,88,-1,1
24528,57,58,-1,1
24529,64,62,2,2
24530,72,69,3,3
24531,184,152,32,32
24532,152,119,33,33
24533,88,88,0,0
24534,90,85,5,5
24535,96,99,-3,3
24536,117,102,15,15
24537,65,60,5,5
24538,101,89,12,12
24539,130,130,0,0
24540,189,162,27,27
24541,80,81,-1,1
24542,72,73,-1,1
24543,99,97,2,2
24544,131,120,11,11
24545,120,124,-4,4
24546,64,64,0,0
24547,59,53,6,6
24548,69,68,1,1
24549,44,54,-10,10
24550,85,91,-6,6
24551,51,64,-13,13
24552,70,71,-1,1
24553,61,67,-6,6
24554,110,120,-10,10
24555,69,72,-3,3
24556,56,57,-1,1
24557,125,134,-9,9
24558,91,82,9,9
24559,53,61,-8,8
24560,91,90,1,1
24561,42,54,-12,12
24562,85,85,0,0
24563,33,51,-18,18
24564,94,81,13,13
24565,143,134,9,9
24566,72,61,11,11
24567,85,84,1,1
24568,132,129,3,3
24569,103,95,8,8
24570,131,107,24,24
24571,72,69,3,3
24572,109,108,1,1
24573,104,102,2,2
24574,128,118,10,10
24575,147,135,12,12
24576,90,87,3,3
24577,44,55,-11,11
24578,84,84,0,0
24579,129,130,-1,1
24580,76,88,-12,12
24581,82,89,-7,7
24582,155,129,26,26
24583,141,123,18,18
24584,110,117,-7,7
24585,117,119,-2,2
24586,112,109,3,3
24587,109,111,-2,2
24588,63,54,9,9
24589,68,68,0,0
24590,140,128,12,12
24591,42,55,-13,13
24592,97,105,-8,8
24593,73,64,9,9
24594,49,54,-5,5
24595,163,132,31,31
24596,116,115,1,1
24597,98,107,-9,9
24598,97,93,4,4
24599,76,78,-2,2
24600,84,77,7,7
24601,52,53,-1,1
24602,134,123,11,11
24603,62,56,6,6
24604,123,121,2,2
24605,55,56,-1,1
24606,80,81,-1,1
24607,77,75,2,2
24608,121,128,-7,7
24609,45,54,-9,9
24610,66,70,-4,4
24611,59,59,0,0
24612,45,53,-8,8
24613,63,60,3,3
24614,65,76,-11,11
24615,95,88,7,7
24616,84,78,6,6
24617,110,124,-14,14
24618,83,81,2,2
24619,133,113,20,20
24620,111,104,7,7
24621,69,69,0,0
24622,43,53,-10,10
24623,97,98,-1,1
24624,78,89,-11,11
24625,75,72,3,3
24626,130,118,12,12
24627,73,74,-1,1
24628,156,149,7,7
24629,110,92,18,18
24630,132,126,6,6
24631,108,107,1,1
24632,97,98,-1,1
24633,139,126,13,13
24634,88,81,7,7
24635,136,121,15,15
24636,115,105,10,10
24637,141,129,12,12
24638,125,116,9,9
24639,114,105,9,9
24640,127,118,9,9
24641,87,89,-2,2
24642,126,121,5,5
24643,83,88,-5,5
24644,68,62,6,6
24645,100,94,6,6
24646,67,69,-2,2
24647,79,68,11,11
24648,123,111,12,12
24649,49,56,-7,7
24650,73,81,-8,8
24651,105,95,10,10
24652,86,83,3,3
24653,78,83,-5,5
24654,97,87,10,10
24655,95,98,-3,3
24656,46,57,-11,11
24657,105,110,-5,5
24658,157,138,19,19
24659,97,110,-13,13
24660,130,113,17,17
24661,114,122,-8,8
24662,56,59,-3,3
24663,37,51,-14,14
24664,133,128,5,5
24665,80,95,-15,15
24666,56,55,1,1
24667,64,62,2,2
24668,78,77,1,1
24669,96,87,9,9
24670,90,82,8,8
24671,126,112,14,14
24672,85,83,2,2
24673,60,54,6,6
24674,92,86,6,6
24675,105,102,3,3
24676,92,88,4,4
24677,85,82,3,3
24678,187,159,28,28
24679,108,113,-5,5
24680,64,63,1,1
24681,99,90,9,9
24682,92,88,4,4
24683,111,109,2,2
24684,83,73,10,10
24685,92,86,6,6
24686,68,58,10,10
24687,158,132,26,26
24688,54,57,-3,3
24689,86,74,12,12
24690,94,88,6,6
24691,102,95,7,7
24692,55,55,0,0
24693,52,58,-6,6
24694,69,77,-8,8
24695,97,91,6,6
24696,59,63,-4,4
24697,86,82,4,4
24698,104,101,3,3
24699,119,125,-6,6
24700,124,104,20,20
24701,99,97,2,2
24702,94,88,6,6
24703,129,129,0,0
24704,134,113,21,21
24705,58,64,-6,6
24706,131,115,16,16
24707,100,87,13,13
24708,97,86,11,11
24709,75,69,6,6
24710,133,124,9,9
24711,87,79,8,8
24712,76,73,3,3
24713,55,54,1,1
24714,167,158,9,9
24715,108,110,-2,2
24716,64,64,0,0
24717,56,65,-9,9
24718,49,74,-25,25
24719,55,54,1,1
24720,80,94,-14,14
24721,55,56,-1,1
24722,169,151,18,18
24723,156,144,12,12
24724,102,90,12,12
24725,94,89,5,5
24726,92,88,4,4
24727,116,125,-9,9
24728,120,119,1,1
24729,107,101,6,6
24730,113,105,8,8
24731,75,74,1,1
24732,67,63,4,4
24733,98,85,13,13
24734,193,163,30,30
24735,165,158,7,7
24736,92,79,13,13
24737,53,55,-2,2
24738,82,87,-5,5
24739,113,116,-3,3
24740,89,94,-5,5
24741,93,83,10,10
24742,94,89,5,5
24743,87,79,8,8
24744,145,122,23,23
24745,142,127,15,15
24746,115,109,6,6
24747,82,85,-3,3
24748,87,91,-4,4
24749,74,69,5,5
24750,61,75,-14,14
24751,125,114,11,11
24752,74,71,3,3
24753,129,118,11,11
24754,88,81,7,7
24755,93,92,1,1
24756,83,79,4,4
24757,123,110,13,13
24758,103,98,5,5
24759,136,132,4,4
24760,88,83,5,5
24761,94,88,6,6
24762,71,74,-3,3
24763,80,83,-3,3
24764,73,70,3,3
24765,90,78,12,12
24766,81,80,1,1
24767,85,87,-2,2
24768,48,55,-7,7
24769,122,127,-5,5
24770,120,115,5,5
24771,100,100,0,0
24772,123,109,14,14
24773,154,131,23,23
24774,49,56,-7,7
24775,110,94,16,16
24776,90,92,-2,2
24777,103,97,6,6
24778,69,73,-4,4
24779,113,103,10,10
24780,102,96,6,6
24781,80,105,-25,25
24782,45,53,-8,8
24783,154,139,15,15
24784,116,102,14,14
24785,125,115,10,10
24786,182,153,29,29
24787,68,62,6,6
24788,82,68,14,14
24789,78,74,4,4
24790,60,72,-12,12
24791,119,106,13,13
24792,76,74,2,2
24793,102,97,5,5
24794,94,105,-11,11
24795,76,78,-2,2
24796,52,54,-2,2
24797,82,66,16,16
24798,117,114,3,3
24799,110,99,11,11
24800,165,145,20,20
24801,79,70,9,9
24802,132,123,9,9
24803,118,109,9,9
24804,95,86,9,9
24805,74,74,0,0
24806,52,71,-19,19
24807,104,104,0,0
24808,103,124,-21,21
24809,119,112,7,7
24810,99,98,1,1
24811,141,127,14,14
24812,62,58,4,4
24813,95,92,3,3
24814,115,108,7,7
24815,97,105,-8,8
24816,46,64,-18,18
24817,122,126,-4,4
24818,121,117,4,4
24819,102,104,-2,2
24820,148,134,14,14
24821,71,66,5,5
24822,114,90,24,24
24823,126,113,13,13
24824,84,76,8,8
24825,83,78,5,5
24826,101,84,17,17
24827,98,94,4,4
24828,121,109,12,12
24829,84,92,-8,8
24830,56,65,-9,9
24831,90,73,17,17
24832,85,79,6,6
24833,87,81,6,6
24834,113,114,-1,1
24835,140,134,6,6
24836,116,111,5,5
24837,120,123,-3,3
24838,82,77,5,5
24839,150,132,18,18
24840,89,84,5,5
24841,72,67,5,5
24842,106,105,1,1
24843,66,70,-4,4
24844,67,67,0,0
24845,78,73,5,5
24846,118,109,9,9
24847,83,92,-9,9
24848,133,129,4,4
24849,127,118,9,9
24850,178,155,23,23
24851,70,68,2,2
24852,50,55,-5,5
24853,121,107,14,14
24854,127,117,10,10
24855,62,54,8,8
24856,74,71,3,3
24857,79,76,3,3
24858,95,86,9,9
24859,103,102,1,1
24860,113,99,14,14
24861,58,74,-16,16
24862,162,119,43,43
24863,43,52,-9,9
24864,73,66,7,7
24865,60,61,-1,1
24866,134,119,15,15
24867,66,66,0,0
24868,42,59,-17,17
24869,89,83,6,6
24870,82,65,17,17
24871,133,122,11,11
24872,28,53,-25,25
24873,120,102,18,18
24874,60,55,5,5
24875,59,64,-5,5
24876,54,56,-2,2
24877,81,84,-3,3
24878,102,96,6,6
24879,47,55,-8,8
24880,90,74,16,16
24881,123,107,16,16
24882,83,79,4,4
24883,92,103,-11,11
24884,105,99,6,6
24885,108,90,18,18
24886,114,120,-6,6
24887,57,59,-2,2
24888,67,63,4,4
24889,85,88,-3,3
24890,68,69,-1,1
24891,55,56,-1,1
24892,93,86,7,7
24893,61,64,-3,3
24894,61,59,2,2
24895,87,85,2,2
24896,85,80,5,5
24897,88,85,3,3
24898,57,55,2,2
24899,65,64,1,1
24900,58,60,-2,2
24901,118,109,9,9
24902,94,92,2,2
24903,164,152,12,12
24904,74,75,-1,1
24905,106,144,-38,38
24906,97,110,-13,13
24907,117,110,7,7
24908,123,118,5,5
24909,72,79,-7,7
24910,73,68,5,5
24911,105,140,-35,35
24912,53,59,-6,6
24913,63,63,0,0
24914,85,77,8,8
24915,136,141,-5,5
24916,113,100,13,13
24917,92,99,-7,7
24918,97,96,1,1
24919,95,103,-8,8
24920,106,99,7,7
24921,167,154,13,13
24922,121,125,-4,4
24923,42,53,-11,11
24924,80,83,-3,3
24925,48,62,-14,14
24926,116,110,6,6
24927,117,110,7,7
24928,67,65,2,2
24929,69,68,1,1
24930,114,99,15,15
24931,134,116,18,18
24932,91,86,5,5
24933,88,82,6,6
24934,130,126,4,4
24935,187,168,19,19
24936,99,99,0,0
24937,95,101,-6,6
24938,151,141,10,10
24939,97,94,3,3
24940,66,64,2,2
24941,39,52,-13,13
24942,114,111,3,3
24943,124,109,15,15
24944,109,106,3,3
24945,92,106,-14,14
24946,50,54,-4,4
24947,139,126,13,13
24948,116,113,3,3
24949,79,73,6,6
24950,69,82,-13,13
24951,95,95,0,0
24952,112,111,1,1
24953,57,65,-8,8
24954,57,58,-1,1
24955,112,119,-7,7
24956,77,76,1,1
24957,79,82,-3,3
24958,115,108,7,7
24959,52,58,-6,6
24960,121,101,20,20
24961,93,91,2,2
24962,51,56,-5,5
24963,71,71,0,0
24964,126,124,2,2
24965,149,131,18,18
24966,91,106,-15,15
24967,142,133,9,9
24968,55,63,-8,8
24969,110,110,0,0
24970,197,187,10,10
24971,85,78,7,7
24972,115,108,7,7
24973,111,99,12,12
24974,136,118,18,18
24975,57,60,-3,3
24976,100,86,14,14
24977,121,108,13,13
24978,105,94,11,11
24979,145,145,0,0
24980,93,87,6,6
24981,104,101,3,3
24982,104,91,13,13
24983,89,78,11,11
24984,82,76,6,6
24985,137,120,17,17
24986,112,98,14,14
24987,99,90,9,9
24988,94,93,1,1
24989,140,128,12,12
24990,75,78,-3,3
24991,114,110,4,4
24992,71,67,4,4
24993,155,129,26,26
24994,71,69,2,2
24995,61,57,4,4
24996,84,92,-8,8
24997,75,70,5,5
24998,128,133,-5,5
24999,247,228,19,19
25000,101,103,-2,2
25001,113,97,16,16
25002,116,109,7,7
25003,112,105,7,7
25004,83,84,-1,1
25005,52,59,-7,7
25006,73,55,18,18
25007,43,57,-14,14
25008,96,97,-1,1
25009,49,59,-10,10
25010,57,63,-6,6
25011,104,121,-17,17
25012,86,81,5,5
25013,66,66,0,0
25014,69,80,-11,11
25015,92,96,-4,4
25016,120,117,3,3
25017,124,124,0,0
25018,109,97,12,12
25019,90,99,-9,9
25020,88,82,6,6
25021,60,58,2,2
25022,100,104,-4,4
25023,171,191,-20,20
25024,55,56,-1,1
25025,143,136,7,7
25026,104,99,5,5
25027,120,115,5,5
25028,132,123,9,9
25029,142,137,5,5
25030,68,66,2,2
25031,74,69,5,5
25032,107,101,6,6
25033,82,74,8,8
25034,48,52,-4,4
25035,83,74,9,9
25036,66,67,-1,1
25037,90,88,2,2
25038,114,114,0,0
25039,123,101,22,22
25040,140,123,17,17
25041,71,63,8,8
25042,112,101,11,11
25043,175,168,7,7
25044,148,128,20,20
25045,87,80,7,7
25046,156,150,6,6
25047,44,54,-10,10
25048,105,99,6,6
25049,120,122,-2,2
25050,65,63,2,2
25051,120,115,5,5
25052,69,66,3,3
25053,91,97,-6,6
25054,135,114,21,21
25055,133,130,3,3
25056,81,81,0,0
25057,74,62,12,12
25058,144,141,3,3
25059,146,134,12,12
25060,95,81,14,14
25061,223,180,43,43
25062,126,106,20,20
25063,49,53,-4,4
25064,102,99,3,3
25065,116,106,10,10
25066,60,60,0,0
25067,154,142,12,12
25068,134,108,26,26
25069,100,97,3,3
25070,76,65,11,11
25071,74,68,6,6
25072,77,66,11,11
25073,88,86,2,2
25074,76,81,-5,5
25075,81,77,4,4
25076,165,149,16,16
25077,108,106,2,2
25078,53,59,-6,6
25079,59,60,-1,1
25080,85,100,-15,15
25081,98,89,9,9
25082,58,58,0,0
25083,105,101,4,4
25084,148,130,18,18
25085,159,132,27,27
25086,163,157,6,6
25087,102,93,9,9
25088,71,92,-21,21
25089,156,134,22,22
25090,97,88,9,9
25091,97,89,8,8
25092,72,68,4,4
25093,83,105,-22,22
25094,81,69,12,12
25095,103,95,8,8
25096,95,93,2,2
25097,82,93,-11,11
25098,121,110,11,11
25099,78,79,-1,1
25100,98,89,9,9
25101,145,140,5,5
25102,122,117,5,5
25103,123,108,15,15
25104,76,71,5,5
25105,195,170,25,25
25106,48,52,-4,4
25107,59,68,-9,9
25108,73,72,1,1
25109,73,72,1,1
25110,63,56,7,7
25111,178,145,33,33
25112,69,66,3,3
25113,96,94,2,2
25114,67,65,2,2
25115,46,53,-7,7
25116,88,89,-1,1
25117,47,56,-9,9
25118,45,52,-7,7
25119,47,54,-7,7
25120,123,111,12,12
25121,124,116,8,8
25122,167,153,14,14
25123,136,122,14,14
25124,72,75,-3,3
25125,109,102,7,7
25126,74,71,3,3
25127,80,72,8,8
25128,126,119,7,7
25129,119,106,13,13
25130,60,60,0,0
25131,98,94,4,4
25132,128,109,19,19
25133,96,88,8,8
25134,109,106,3,3
25135,135,127,8,8
25136,86,76,10,10
25137,125,120,5,5
25138,71,74,-3,3
25139,137,131,6,6
25140,86,89,-3,3
25141,150,149,1,1
25142,83,91,-8,8
25143,57,56,1,1
25144,87,84,3,3
25145,58,69,-11,11
25146,74,79,-5,5
25147,168,139,29,29
25148,145,129,16,16
25149,65,63,2,2
25150,76,76,0,0
25151,114,107,7,7
25152,151,147,4,4
25153,146,151,-5,5
25154,65,65,0,0
25155,77,85,-8,8
25156,165,140,25,25
25157,89,107,-18,18
25158,107,99,8,8
25159,96,109,-13,13
25160,115,112,3,3
25161,74,66,8,8
25162,160,149,11,11
25163,82,82,0,0
25164,80,74,6,6
25165,94,96,-2,2
25166,97,94,3,3
25167,48,65,-17,17
25168,79,66,13,13
25169,16,51,-35,35
25170,100,96,4,4
25171,51,72,-21,21
25172,86,81,5,5
25173,108,109,-1,1
25174,46,52,-6,6
25175,55,60,-5,5
25176,112,117,-5,5
25177,84,80,4,4
25178,100,94,6,6
25179,150,134,16,16
25180,138,126,12,12
25181,92,87,5,5
25182,66,65,1,1
25183,103,97,6,6
25184,96,91,5,5
25185,148,144,4,4
25186,81,78,3,3
25187,45,71,-26,26
25188,126,120,6,6
25189,168,152,16,16
25190,76,77,-1,1
25191,134,137,-3,3
25192,83,82,1,1
25193,118,106,12,12
25194,117,103,14,14
25195,100,102,-2,2
25196,96,96,0,0
25197,122,113,9,9
25198,76,81,-5,5
25199,96,105,-9,9
25200,103,92,11,11
25201,70,71,-1,1
25202,209,174,35,35
25203,75,72,3,3
25204,54,69,-15,15
25205,111,108,3,3
25206,70,63,7,7
25207,100,102,-2,2
25208,108,95,13,13
25209,56,62,-6,6
25210,172,173,-1,1
25211,67,68,-1,1
25212,118,101,17,17
25213,47,56,-9,9
25214,69,66,3,3
25215,85,87,-2,2
25216,63,57,6,6
25217,267,231,36,36
25218,101,93,8,8
25219,126,113,13,13
25220,99,99,0,0
25221,124,126,-2,2
25222,145,126,19,19
25223,83,73,10,10
25224,96,84,12,12
25225,149,160,-11,11
25226,65,63,2,2
25227,83,74,9,9
25228,51,54,-3,3
25229,73,85,-12,12
25230,164,138,26,26
25231,76,80,-4,4
25232,86,81,5,5
25233,128,111,17,17
25234,126,108,18,18
25235,75,70,5,5
25236,85,83,2,2
25237,59,55,4,4
25238,80,72,8,8
25239,115,106,9,9
25240,96,89,7,7
25241,57,60,-3,3
25242,78,71,7,7
25243,92,82,10,10
25244,114,107,7,7
25245,97,87,10,10
25246,67,67,0,0
25247,68,87,-19,19
25248,88,85,3,3
25249,58,61,-3,3
25250,86,90,-4,4
25251,81,75,6,6
25252,80,77,3,3
25253,107,110,-3,3
25254,65,61,4,4
25255,77,72,5,5
25256,30,56,-26,26
25257,81,81,0,0
25258,91,96,-5,5
25259,62,69,-7,7
25260,78,84,-6,6
25261,103,95,8,8
25262,113,103,10,10
25263,121,111,10,10
25264,75,71,4,4
25265,113,108,5,5
25266,52,57,-5,5
25267,93,97,-4,4
25268,51,61,-10,10
25269,128,111,17,17
25270,86,73,13,13
25271,107,101,6,6
25272,105,99,6,6
25273,195,178,17,17
25274,64,59,5,5
25275,56,65,-9,9
25276,38,85,-47,47
25277,111,125,-14,14
25278,72,70,2,2
25279,103,101,2,2
25280,93,85,8,8
25281,90,95,-5,5
25282,64,74,-10,10
25283,142,126,16,16
25284,96,101,-5,5
25285,85,84,1,1
25286,99,94,5,5
25287,52,57,-5,5
25288,117,131,-14,14
25289,76,74,2,2
25290,80,75,5,5
25291,99,84,15,15
25292,103,95,8,8
25293,60,64,-4,4
25294,96,95,1,1
25295,112,106,6,6
25296,77,69,8,8
25297,126,108,18,18
25298,125,121,4,4
25299,132,130,2,2
25300,79,83,-4,4
25301,106,103,3,3
25302,35,53,-18,18
25303,85,76,9,9
25304,63,59,4,4
25305,65,71,-6,6
25306,23,56,-33,33
25307,73,72,1,1
25308,103,104,-1,1
25309,79,75,4,4
25310,81,82,-1,1
25311,54,54,0,0
25312,77,76,1,1
25313,90,86,4,4
25314,92,89,3,3
25315,54,57,-3,3
25316,101,102,-1,1
25317,102,91,11,11
25318,77,83,-6,6
25319,113,119,-6,6
25320,166,150,16,16
25321,74,76,-2,2
25322,116,115,1,1
25323,127,131,-4,4
25324,89,83,6,6
25325,101,98,3,3
25326,103,103,0,0
25327,127,121,6,6
25328,83,73,10,10
25329,123,120,3,3
25330,118,117,1,1
25331,160,148,12,12
25332,79,76,3,3
25333,76,68,8,8
25334,51,54,-3,3
25335,110,112,-2,2
25336,112,125,-13,13
25337,73,68,5,5
25338,90,82,8,8
25339,87,85,2,2
25340,97,94,3,3
25341,51,54,-3,3
25342,175,164,11,11
25343,51,56,-5,5
25344,96,91,5,5
25345,96,78,18,18
25346,87,90,-3,3
25347,98,88,10,10
25348,195,166,29,29
25349,74,68,6,6
25350,111,97,14,14
25351,62,59,3,3
25352,62,72,-10,10
25353,50,57,-7,7
25354,77,73,4,4
25355,68,58,10,10
25356,72,72,0,0
25357,82,72,10,10
25358,69,68,1,1
25359,133,129,4,4
25360,57,58,-1,1
25361,87,99,-12,12
25362,86,78,8,8
25363,53,80,-27,27
25364,111,136,-25,25
25365,85,91,-6,6
25366,68,68,0,0
25367,82,87,-5,5
25368,125,111,14,14
25369,127,112,15,15
25370,46,81,-35,35
25371,125,122,3,3
25372,133,119,14,14
25373,84,86,-2,2
25374,70,63,7,7
25375,130,111,19,19
25376,86,83,3,3
25377,161,151,10,10
25378,100,120,-20,20
25379,107,106,1,1
25380,89,92,-3,3
25381,62,54,8,8
25382,75,75,0,0
25383,82,80,2,2
25384,104,105,-1,1
25385,83,90,-7,7
25386,109,95,14,14
25387,57,57,0,0
25388,125,117,8,8
25389,87,72,15,15
25390,201,162,39,39
25391,75,75,0,0
25392,80,79,1,1
25393,143,153,-10,10
25394,120,114,6,6
25395,146,139,7,7
25396,70,64,6,6
25397,93,90,3,3
25398,110,107,3,3
25399,43,54,-11,11
25400,97,88,9,9
25401,70,61,9,9
25402,85,83,2,2
25403,91,98,-7,7
25404,85,87,-2,2
25405,120,108,12,12
25406,70,71,-1,1
25407,61,68,-7,7
25408,67,66,1,1
25409,156,140,16,16
25410,45,55,-10,10
25411,121,122,-1,1
25412,93,101,-8,8
25413,111,117,-6,6
25414,72,75,-3,3
25415,44,52,-8,8
25416,140,139,1,1
25417,52,59,-7,7
25418,70,70,0,0
25419,117,112,5,5
25420,60,63,-3,3
25421,73,83,-10,10
25422,107,99,8,8
25423,90,94,-4,4
25424,59,66,-7,7
25425,102,103,-1,1
25426,73,72,1,1
25427,86,88,-2,2
25428,58,59,-1,1
25429,66,65,1,1
25430,62,94,-32,32
25431,130,122,8,8
25432,121,104,17,17
25433,114,102,12,12
25434,128,121,7,7
25435,106,104,2,2
25436,94,81,13,13
25437,139,133,6,6
25438,57,55,2,2
25439,62,72,-10,10
25440,59,63,-4,4
25441,134,114,20,20
25442,88,84,4,4
25443,67,70,-3,3
25444,91,88,3,3
25445,79,69,10,10
25446,99,95,4,4
25447,135,139,-4,4
25448,118,114,4,4
25449,97,93,4,4
25450,96,83,13,13
25451,81,78,3,3
25452,93,95,-2,2
25453,108,110,-2,2
25454,69,64,5,5
25455,106,107,-1,1
25456,80,81,-1,1
25457,108,103,5,5
25458,95,84,11,11
25459,41,51,-10,10
25460,97,89,8,8
25461,161,129,32,32
25462,96,94,2,2
25463,86,93,-7,7
25464,123,109,14,14
25465,84,76,8,8
25466,81,83,-2,2
25467,99,97,2,2
25468,108,97,11,11
25469,57,63,-6,6
25470,82,82,0,0
25471,117,138,-21,21
25472,78,83,-5,5
25473,206,182,24,24
25474,70,68,2,2
25475,66,69,-3,3
25476,132,111,21,21
25477,73,67,6,6
25478,53,59,-6,6
25479,47,56,-9,9
25480,73,79,-6,6
25481,72,72,0,0
25482,96,85,11,11
25483,182,164,18,18
25484,80,72,8,8
25485,98,87,11,11
25486,103,100,3,3
25487,182,169,13,13
25488,136,141,-5,5
25489,101,98,3,3
25490,81,73,8,8
25491,161,139,22,22
25492,83,87,-4,4
25493,57,66,-9,9
25494,119,104,15,15
25495,103,94,9,9
25496,143,123,20,20
25497,61,97,-36,36
25498,117,107,10,10
25499,113,108,5,5
25500,94,95,-1,1
25501,70,72,-2,2
25502,116,116,0,0
25503,102,89,13,13
25504,154,141,13,13
25505,91,81,10,10
25506,105,110,-5,5
25507,114,116,-2,2
25508,160,154,6,6
25509,94,88,6,6
25510,151,128,23,23
25511,170,152,18,18
25512,76,68,8,8
25513,74,70,4,4
25514,101,99,2,2
25515,62,57,5,5
25516,84,83,1,1
25517,109,107,2,2
25518,106,97,9,9
25519,119,106,13,13
25520,89,91,-2,2
25521,53,54,-1,1
25522,37,53,-16,16
25523,97,92,5,5
25524,91,85,6,6
25525,94,85,9,9
25526,111,92,19,19
25527,203,190,13,13
25528,71,66,5,5
25529,63,64,-1,1
25530,55,59,-4,4
25531,87,77,10,10
25532,125,133,-8,8
25533,101,102,-1,1
25534,98,82,16,16
25535,116,119,-3,3
25536,79,80,-1,1
25537,206,182,24,24
25538,102,108,-6,6
25539,153,136,17,17
25540,86,88,-2,2
25541,60,58,2,2
25542,95,103,-8,8
25543,156,143,13,13
25544,90,79,11,11
25545,131,118,13,13
25546,107,97,10,10
25547,56,58,-2,2
25548,96,93,3,3
25549,67,74,-7,7
25550,66,67,-1,1
25551,116,111,5,5
25552,97,97,0,0
25553,132,120,12,12
25554,87,89,-2,2
25555,94,94,0,0
25556,50,53,-3,3
25557,104,90,14,14
25558,179,175,4,4
25559,121,99,22,22
25560,54,59,-5,5
25561,86,73,13,13
25562,29,55,-26,26
25563,109,103,6,6
25564,81,87,-6,6
25565,75,82,-7,7
25566,179,157,22,22
25567,59,54,5,5
25568,122,110,12,12
25569,209,183,26,26
25570,53,57,-4,4
25571,79,68,11,11
25572,97,91,6,6
25573,99,101,-2,2
25574,50,54,-4,4
25575,81,84,-3,3
25576,77,72,5,5
25577,179,155,24,24
25578,100,101,-1,1
25579,57,63,-6,6
25580,88,88,0,0
25581,47,54,-7,7
25582,92,90,2,2
25583,94,80,14,14
25584,49,68,-19,19
25585,155,130,25,25
25586,93,94,-1,1
25587,160,138,22,22
25588,34,53,-19,19
25589,109,97,12,12
25590,112,105,7,7
25591,65,61,4,4
25592,76,67,9,9
25593,82,86,-4,4
25594,97,77,20,20
25595,72,72,0,0
25596,95,98,-3,3
25597,59,65,-6,6
25598,52,54,-2,2
25599,81,72,9,9
25600,87,80,7,7
25601,129,116,13,13
25602,57,77,-20,20
25603,54,56,-2,2
25604,122,101,21,21
25605,90,87,3,3
25606,136,125,11,11
25607,55,59,-4,4
25608,69,74,-5,5
25609,118,106,12,12
25610,103,99,4,4
25611,70,68,2,2
25612,43,53,-10,10
25613,66,71,-5,5
25614,140,137,3,3
25615,89,91,-2,2
25616,147,117,30,30
25617,112,105,7,7
25618,78,65,13,13
25619,40,53,-13,13
25620,55,58,-3,3
25621,77,72,5,5
25622,80,90,-10,10
25623,71,71,0,0
25624,82,81,1,1
25625,82,84,-2,2
25626,93,97,-4,4
25627,68,65,3,3
25628,96,83,13,13
25629,116,109,7,7
25630,53,69,-16,16
25631,87,77,10,10
25632,116,112,4,4
25633,102,93,9,9
25634,89,81,8,8
25635,121,112,9,9
25636,92,86,6,6
25637,29,58,-29,29
25638,98,84,14,14
25639,70,62,8,8
25640,127,115,12,12
25641,208,183,25,25
25642,85,77,8,8
25643,84,87,-3,3
25644,92,91,1,1
25645,118,126,-8,8
25646,66,68,-2,2
25647,79,79,0,0
25648,167,144,23,23
25649,174,161,13,13
25650,92,88,4,4
25651,90,96,-6,6
25652,103,94,9,9
25653,85,79,6,6
25654,43,51,-8,8
25655,144,138,6,6
25656,66,59,7,7
25657,33,59,-26,26
25658,50,62,-12,12
25659,68,64,4,4
25660,152,156,-4,4
25661,102,92,10,10
25662,45,52,-7,7
25663,67,66,1,1
25664,59,61,-2,2
25665,92,97,-5,5
25666,138,132,6,6
25667,152,139,13,13
25668,79,72,7,7
25669,122,120,2,2
25670,122,113,9,9
25671,59,63,-4,4
25672,164,139,25,25
25673,93,136,-43,43
25674,86,90,-4,4
25675,133,122,11,11
25676,95,103,-8,8
25677,86,91,-5,5
25678,76,70,6,6
25679,152,141,11,11
25680,99,84,15,15
25681,62,59,3,3
25682,92,94,-2,2
25683,105,96,9,9
25684,95,85,10,10
25685,103,76,27,27
25686,64,68,-4,4
25687,113,124,-11,11
25688,139,136,3,3
25689,116,104,12,12
25690,109,116,-7,7
25691,110,107,3,3
25692,102,97,5,5
25693,108,111,-3,3
25694,83,68,15,15
25695,151,140,11,11
25696,84,87,-3,3
25697,109,96,13,13
25698,136,126,10,10
25699,109,102,7,7
25700,136,113,23,23
25701,109,101,8,8
25702,68,71,-3,3
25703,76,69,7,7
25704,81,79,2,2
25705,102,97,5,5
25706,139,131,8,8
25707,86,85,1,1
25708,105,97,8,8
25709,58,64,-6,6
25710,35,53,-18,18
25711,49,58,-9,9
25712,82,77,5,5
25713,70,75,-5,5
25714,79,76,3,3
25715,66,59,7,7
25716,122,115,7,7
25717,77,71,6,6
25718,120,111,9,9
25719,155,132,23,23
25720,123,122,1,1
25721,74,80,-6,6
25722,88,86,2,2
25723,143,135,8,8
25724,88,73,15,15
25725,57,62,-5,5
25726,130,119,11,11
25727,81,85,-4,4
25728,83,86,-3,3
25729,173,142,31,31
25730,66,65,1,1
25731,91,90,1,1
25732,70,66,4,4
25733,73,58,15,15
25734,72,77,-5,5
25735,73,71,2,2
25736,109,115,-6,6
25737,106,67,39,39
25738,72,68,4,4
25739,80,82,-2,2
25740,188,164,24,24
25741,112,105,7,7
25742,116,108,8,8
25743,115,101,14,14
25744,97,93,4,4
25745,171,161,10,10
25746,96,96,0,0
25747,97,87,10,10
25748,60,62,-2,2
25749,119,102,17,17
25750,144,135,9,9
25751,64,63,1,1
25752,55,59,-4,4
25753,92,88,4,4
25754,92,86,6,6
25755,133,132,1,1
25756,62,62,0,0
25757,143,134,9,9
25758,92,94,-2,2
25759,95,111,-16,16
25760,43,52,-9,9
25761,110,105,5,5
25762,94,81,13,13
25763,68,66,2,2
25764,81,78,3,3
25765,150,130,20,20
25766,129,120,9,9
25767,133,117,16,16
25768,105,97,8,8
25769,66,83,-17,17
25770,91,91,0,0
25771,90,75,15,15
25772,117,93,24,24
25773,140,130,10,10
25774,165,158,7,7
25775,95,93,2,2
25776,85,77,8,8
25777,158,142,16,16
25778,138,138,0,0
25779,96,94,2,2
25780,122,114,8,8
25781,65,59,6,6
25782,63,63,0,0
25783,111,104,7,7
25784,80,94,-14,14
25785,79,80,-1,1
25786,100,87,13,13
25787,81,83,-2,2
25788,92,89,3,3
25789,75,90,-15,15
25790,82,81,1,1
25791,79,84,-5,5
25792,57,67,-10,10
25793,148,117,31,31
25794,79,77,2,2
25795,122,112,10,10
25796,82,82,0,0
25797,61,63,-2,2
25798,38,52,-14,14
25799,94,99,-5,5
25800,101,84,17,17
25801,89,80,9,9
25802,68,62,6,6
25803,47,59,-12,12
25804,90,82,8,8
25805,60,63,-3,3
25806,114,104,10,10
25807,80,85,-5,5
25808,127,108,19,19
25809,102,107,-5,5
25810,69,63,6,6
25811,53,65,-12,12
25812,59,66,-7,7
25813,95,95,0,0
25814,64,62,2,2
25815,144,145,-1,1
25816,71,70,1,1
25817,100,102,-2,2
25818,116,114,2,2
25819,104,97,7,7
25820,177,173,4,4
25821,108,103,5,5
25822,132,118,14,14
25823,118,102,16,16
25824,135,144,-9,9
25825,115,108,7,7
25826,73,71,2,2
25827,133,119,14,14
25828,95,90,5,5
25829,80,78,2,2
25830,48,71,-23,23
25831,158,147,11,11
25832,73,74,-1,1
25833,94,87,7,7
25834,74,94,-20,20
25835,154,151,3,3
25836,127,124,3,3
25837,73,68,5,5
25838,89,83,6,6
25839,61,63,-2,2
25840,87,80,7,7
25841,65,79,-14,14
25842,81,85,-4,4
25843,99,95,4,4
25844,83,85,-2,2
25845,90,91,-1,1
25846,82,80,2,2
25847,115,103,12,12
25848,137,134,3,3
25849,78,75,3,3
25850,94,80,14,14
25851,101,100,1,1
25852,96,91,5,5
25853,77,72,5,5
25854,112,100,12,12
25855,138,134,4,4
25856,98,91,7,7
25857,91,91,0,0
25858,143,131,12,12
25859,153,143,10,10
25860,40,53,-13,13
25861,69,63,6,6
25862,67,66,1,1
25863,43,55,-12,12
25864,104,99,5,5
25865,117,104,13,13
25866,84,75,9,9
25867,84,86,-2,2
25868,74,66,8,8
25869,75,69,6,6
25870,147,145,2,2
25871,94,94,0,0
25872,92,86,6,6
25873,71,73,-2,2
25874,84,79,5,5
25875,78,99,-21,21
25876,83,79,4,4
25877,84,90,-6,6
25878,42,57,-15,15
25879,149,142,7,7
25880,95,97,-2,2
25881,132,115,17,17
25882,83,92,-9,9
25883,131,128,3,3
25884,62,65,-3,3
25885,87,88,-1,1
25886,91,81,10,10
25887,155,162,-7,7
25888,73,77,-4,4
25889,98,98,0,0
25890,72,67,5,5
25891,75,80,-5,5
25892,147,136,11,11
25893,54,61,-7,7
25894,128,116,12,12
25895,98,93,5,5
25896,111,106,5,5
25897,81,81,0,0
25898,87,76,11,11
25899,28,63,-35,35
25900,123,117,6,6
25901,82,73,9,9
25902,82,73,9,9
25903,113,102,11,11
25904,121,130,-9,9
25905,124,117,7,7
25906,85,80,5,5
25907,82,81,1,1
25908,107,107,0,0
25909,113,109,4,4
25910,74,80,-6,6
25911,97,86,11,11
25912,56,61,-5,5
25913,89,85,4,4
25914,132,119,13,13
25915,134,126,8,8
25916,93,95,-2,2
25917,128,131,-3,3
25918,121,119,2,2
25919,132,134,-2,2
25920,114,111,3,3
25921,93,87,6,6
25922,132,122,10,10
25923,139,116,23,23
25924,59,59,0,0
25925,185,160,25,25
25926,47,56,-9,9
25927,68,68,0,0
25928,122,125,-3,3
25929,130,129,1,1
25930,98,96,2,2
25931,42,54,-12,12
25932,125,120,5,5
25933,56,61,-5,5
25934,129,123,6,6
25935,60,79,-19,19
25936,51,55,-4,4
25937,78,74,4,4
25938,62,69,-7,7
25939,80,92,-12,12
25940,39,52,-13,13
25941,120,116,4,4
25942,100,89,11,11
25943,112,116,-4,4
25944,85,80,5,5
25945,118,109,9,9
25946,124,126,-2,2
25947,56,57,-1,1
25948,97,96,1,1
25949,83,89,-6,6
25950,91,90,1,1
25951,68,68,0,0
25952,108,110,-2,2
25953,87,85,2,2
25954,57,59,-2,2
25955,70,63,7,7
25956,87,87,0,0
25957,111,98,13,13
25958,79,83,-4,4
25959,117,102,15,15
25960,95,95,0,0
25961,139,126,13,13
25962,52,55,-3,3
25963,47,97,-50,50
25964,104,101,3,3
25965,89,77,12,12
25966,86,90,-4,4
25967,90,81,9,9
25968,113,105,8,8
25969,89,88,1,1
25970,94,95,-1,1
25971,134,125,9,9
25972,63,61,2,2
25973,102,94,8,8
25974,146,129,17,17
25975,140,135,5,5
25976,73,72,1,1
25977,127,119,8,8
25978,47,55,-8,8
25979,90,103,-13,13
25980,77,75,2,2
25981,136,124,12,12
25982,121,116,5,5
25983,82,71,11,11
25984,114,122,-8,8
25985,114,104,10,10
25986,80,76,4,4
25987,82,74,8,8
25988,79,74,5,5
25989,107,108,-1,1
25990,113,94,19,19
25991,114,106,8,8
25992,52,58,-6,6
25993,67,66,1,1
25994,74,75,-1,1
25995,113,109,4,4
25996,77,71,6,6
25997,125,127,-2,2
25998,60,57,3,3
25999,78,77,1,1
26000,94,92,2,2
26001,102,94,8,8
26002,115,104,11,11
26003,114,105,9,9
26004,115,115,0,0
26005,109,101,8,8
26006,107,111,-4,4
26007,80,74,6,6
26008,111,102,9,9
26009,36,55,-19,19
26010,78,74,4,4
26011,87,81,6,6
26012,74,72,2,2
26013,70,76,-6,6
26014,64,64,0,0
26015,51,54,-3,3
26016,97,96,1,1
26017,106,101,5,5
26018,150,144,6,6
26019,105,97,8,8
26020,80,82,-2,2
26021,81,79,2,2
26022,78,78,0,0
26023,103,105,-2,2
26024,68,67,1,1
26025,69,69,0,0
26026,100,111,-11,11
26027,100,78,22,22
26028,171,154,17,17
26029,102,93,9,9
26030,98,84,14,14
26031,81,87,-6,6
26032,86,76,10,10
26033,47,55,-8,8
26034,83,80,3,3
26035,139,134,5,5
26036,71,74,-3,3
26037,142,134,8,8
26038,65,59,6,6
26039,68,64,4,4
26040,63,62,1,1
26041,105,89,16,16
26042,53,62,-9,9
26043,126,115,11,11
26044,137,132,5,5
26045,64,60,4,4
26046,126,131,-5,5
26047,117,104,13,13
26048,65,88,-23,23
26049,133,133,0,0
26050,64,57,7,7
26051,96,87,9,9
26052,92,90,2,2
26053,99,102,-3,3
26054,148,143,5,5
26055,54,54,0,0
26056,99,76,23,23
26057,89,91,-2,2
26058,63,59,4,4
26059,90,87,3,3
26060,71,78,-7,7
26061,82,70,12,12
26062,89,86,3,3
26063,58,62,-4,4
26064,88,93,-5,5
26065,91,91,0,0
26066,29,51,-22,22
26067,63,70,-7,7
26068,73,73,0,0
26069,68,59,9,9
26070,76,82,-6,6
26071,73,64,9,9
26072,152,134,18,18
26073,113,94,19,19
26074,57,58,-1,1
26075,81,76,5,5
26076,102,109,-7,7
26077,87,106,-19,19
26078,106,104,2,2
26079,83,86,-3,3
26080,164,147,17,17
26081,122,100,22,22
26082,68,71,-3,3
26083,79,70,9,9
26084,57,57,0,0
26085,116,118,-2,2
26086,57,57,0,0
26087,105,88,17,17
26088,95,84,11,11
26089,164,156,8,8
26090,159,155,4,4
26091,92,77,15,15
26092,100,108,-8,8
26093,64,57,7,7
26094,121,152,-31,31
26095,157,141,16,16
26096,116,106,10,10
26097,46,54,-8,8
26098,106,96,10,10
26099,67,71,-4,4
26100,83,84,-1,1
26101,66,59,7,7
26102,105,104,1,1
26103,166,159,7,7
26104,109,88,21,21
26105,75,71,4,4
26106,86,81,5,5
26107,91,82,9,9
26108,76,71,5,5
26109,149,151,-2,2
26110,102,90,12,12
26111,76,77,-1,1
26112,64,60,4,4
26113,108,99,9,9
26114,99,92,7,7
26115,104,103,1,1
26116,136,138,-2,2
26117,72,84,-12,12
26118,92,76,16,16
26119,70,68,2,2
26120,69,69,0,0
26121,154,137,17,17
26122,129,120,9,9
26123,102,95,7,7
26124,107,99,8,8
26125,107,103,4,4
26126,75,66,9,9
26127,108,103,5,5
26128,96,87,9,9
26129,80,81,-1,1
26130,73,72,1,1
26131,129,123,6,6
26132,57,56,1,1
26133,92,87,5,5
26134,70,77,-7,7
26135,61,66,-5,5
26136,52,65,-13,13
26137,145,133,12,12
26138,74,76,-2,2
26139,75,67,8,8
26140,134,127,7,7
26141,105,106,-1,1
26142,108,92,16,16
26143,98,95,3,3
26144,96,83,13,13
26145,135,127,8,8
26146,103,100,3,3
26147,84,78,6,6
26148,132,120,12,12
26149,114,94,20,20
26150,87,77,10,10
26151,55,58,-3,3
26152,65,58,7,7
26153,48,55,-7,7
26154,64,62,2,2
26155,113,97,16,16
26156,137,122,15,15
26157,124,118,6,6
26158,47,54,-7,7
26159,103,93,10,10
26160,136,127,9,9
26161,80,75,5,5
26162,65,87,-22,22
26163,117,103,14,14
26164,113,113,0,0
26165,71,65,6,6
26166,132,135,-3,3
26167,102,82,20,20
26168,191,169,22,22
26169,127,112,15,15
26170,102,101,1,1
26171,104,94,10,10
26172,113,109,4,4
26173,74,87,-13,13
26174,143,134,9,9
26175,73,64,9,9
26176,143,136,7,7
26177,120,108,12,12
26178,95,92,3,3
26179,84,84,0,0
26180,146,136,10,10
26181,70,66,4,4
26182,125,103,22,22
26183,79,76,3,3
26184,77,81,-4,4
26185,69,62,7,7
26186,100,95,5,5
26187,190,164,26,26
26188,90,91,-1,1
26189,67,81,-14,14
26190,179,172,7,7
26191,68,78,-10,10
26192,79,90,-11,11
26193,149,129,20,20
26194,87,70,17,17
26195,58,77,-19,19
26196,176,173,3,3
26197,67,64,3,3
26198,76,75,1,1
26199,127,120,7,7
26200,73,66,7,7
26201,68,65,3,3
26202,70,67,3,3
26203,101,85,16,16
26204,122,126,-4,4
26205,95,90,5,5
26206,90,87,3,3
26207,85,87,-2,2
26208,138,128,10,10
26209,115,113,2,2
26210,122,110,12,12
26211,59,57,2,2
26212,51,54,-3,3
26213,106,94,12,12
26214,110,108,2,2
26215,111,107,4,4
26216,62,79,-17,17
26217,93,79,14,14
26218,46,52,-6,6
26219,107,104,3,3
26220,144,127,17,17
26221,92,78,14,14
26222,92,90,2,2
26223,95,104,-9,9
26224,154,143,11,11
26225,54,54,0,0
26226,102,99,3,3
26227,61,65,-4,4
26228,109,111,-2,2
26229,155,124,31,31
26230,83,72,11,11
26231,79,78,1,1
26232,102,98,4,4
26233,133,114,19,19
26234,134,136,-2,2
26235,81,73,8,8
26236,151,139,12,12
26237,46,53,-7,7
26238,97,93,4,4
26239,62,58,4,4
26240,114,109,5,5
26241,83,82,1,1
26242,114,105,9,9
26243,87,93,-6,6
26244,110,94,16,16
26245,232,214,18,18
26246,35,56,-21,21
26247,96,92,4,4
26248,87,92,-5,5
26249,52,55,-3,3
26250,89,83,6,6
26251,84,73,11,11
26252,84,81,3,3
26253,151,142,9,9
26254,51,55,-4,4
26255,112,96,16,16
26256,189,173,16,16
26257,68,64,4,4
26258,77,70,7,7
26259,62,63,-1,1
26260,112,110,2,2
26261,95,92,3,3
26262,81,84,-3,3
26263,108,94,14,14
26264,96,91,5,5
26265,58,56,2,2
26266,84,80,4,4
26267,116,102,14,14
26268,97,97,0,0
26269,92,85,7,7
26270,101,105,-4,4
26271,56,56,0,0
26272,74,77,-3,3
26273,115,103,12,12
26274,74,77,-3,3
26275,58,55,3,3
26276,129,124,5,5
26277,91,89,2,2
26278,59,59,0,0
26279,52,54,-2,2
26280,73,70,3,3
26281,69,62,7,7
26282,119,93,26,26
26283,126,114,12,12
26284,114,88,26,26
26285,100,104,-4,4
26286,86,81,5,5
26287,116,127,-11,11
26288,72,66,6,6
26289,61,65,-4,4
26290,83,73,10,10
26291,94,93,1,1
26292,90,92,-2,2
26293,93,94,-1,1
26294,31,52,-21,21
26295,163,151,12,12
26296,99,90,9,9
26297,46,54,-8,8
26298,55,55,0,0
26299,75,78,-3,3
26300,72,74,-2,2
26301,107,96,11,11
26302,89,94,-5,5
26303,66,56,10,10
26304,67,70,-3,3
26305,145,140,5,5
26306,151,138,13,13
26307,153,128,25,25
26308,56,55,1,1
26309,97,97,0,0
26310,162,149,13,13
26311,90,85,5,5
26312,106,93,13,13
26313,27,52,-25,25
26314,93,81,12,12
26315,105,101,4,4
26316,123,129,-6,6
26317,61,67,-6,6
26318,64,58,6,6
26319,109,106,3,3
26320,153,142,11,11
26321,81,73,8,8
26322,167,141,26,26
26323,100,92,8,8
26324,40,54,-14,14
26325,84,89,-5,5
26326,126,122,4,4
26327,69,68,1,1
26328,54,53,1,1
26329,41,54,-13,13
26330,86,90,-4,4
26331,71,61,10,10
26332,97,93,4,4
26333,131,126,5,5
26334,42,54,-12,12
26335,102,98,4,4
26336,83,83,0,0
26337,187,161,26,26
26338,180,165,15,15
26339,73,73,0,0
26340,108,128,-20,20
26341,57,61,-4,4
26342,121,112,9,9
26343,88,90,-2,2
26344,105,100,5,5
26345,80,88,-8,8
26346,86,91,-5,5
26347,124,116,8,8
26348,117,108,9,9
26349,112,104,8,8
26350,66,59,7,7
26351,94,98,-4,4
26352,107,106,1,1
26353,45,52,-7,7
26354,121,114,7,7
26355,82,72,10,10
26356,69,68,1,1
26357,160,140,20,20
26358,119,104,15,15
26359,58,57,1,1
26360,100,96,4,4
26361,72,69,3,3
26362,67,65,2,2
26363,66,66,0,0
26364,119,110,9,9
26365,138,138,0,0
26366,65,61,4,4
26367,105,108,-3,3
26368,36,55,-19,19
26369,69,68,1,1
26370,78,71,7,7
26371,131,114,17,17
26372,109,113,-4,4
26373,75,67,8,8
26374,63,58,5,5
26375,53,60,-7,7
26376,105,106,-1,1
26377,64,68,-4,4
26378,70,73,-3,3
26379,26,51,-25,25
26380,181,162,19,19
26381,66,64,2,2
26382,130,135,-5,5
26383,122,118,4,4
26384,94,87,7,7
26385,124,122,2,2
26386,70,71,-1,1
26387,114,111,3,3
26388,93,85,8,8
26389,106,108,-2,2
26390,96,92,4,4
26391,90,89,1,1
26392,118,115,3,3
26393,63,84,-21,21
26394,79,83,-4,4
26395,43,55,-12,12
26396,112,112,0,0
26397,45,57,-12,12
26398,114,115,-1,1
26399,107,96,11,11
26400,83,79,4,4
26401,40,52,-12,12
26402,98,97,1,1
26403,115,108,7,7
26404,92,99,-7,7
26405,131,132,-1,1
26406,106,85,21,21
26407,99,91,8,8
26408,67,63,4,4
26409,171,156,15,15
26410,128,109,19,19
26411,88,81,7,7
26412,56,60,-4,4
26413,113,103,10,10
26414,62,58,4,4
26415,81,68,13,13
26416,83,82,1,1
26417,113,99,14,14
26418,100,100,0,0
26419,91,86,5,5
26420,79,85,-6,6
26421,156,139,17,17
26422,113,109,4,4
26423,67,78,-11,11
26424,129,115,14,14
26425,89,89,0,0
26426,66,64,2,2
26427,102,104,-2,2
26428,131,122,9,9
26429,111,102,9,9
26430,47,52,-5,5
26431,37,56,-19,19
26432,92,91,1,1
26433,91,85,6,6
26434,101,96,5,5
26435,43,56,-13,13
26436,78,68,10,10
26437,102,100,2,2
26438,92,89,3,3
26439,96,100,-4,4
26440,109,105,4,4
26441,98,102,-4,4
26442,131,115,16,16
26443,104,109,-5,5
26444,96,119,-23,23
26445,98,94,4,4
26446,66,64,2,2
26447,75,74,1,1
26448,70,67,3,3
26449,49,55,-6,6
26450,110,96,14,14
26451,128,108,20,20
26452,50,53,-3,3
26453,85,83,2,2
26454,59,55,4,4
26455,41,53,-12,12
26456,71,69,2,2
26457,117,107,10,10
26458,91,90,1,1
26459,64,63,1,1
26460,118,117,1,1
26461,43,53,-10,10
26462,134,125,9,9
26463,101,92,9,9
26464,109,91,18,18
26465,114,115,-1,1
26466,118,121,-3,3
26467,70,77,-7,7
26468,102,97,5,5
26469,157,152,5,5
26470,308,257,51,51
26471,104,111,-7,7
26472,106,93,13,13
26473,74,67,7,7
26474,148,136,12,12
26475,106,100,6,6
26476,74,70,4,4
26477,118,108,10,10
26478,114,111,3,3
26479,60,57,3,3
26480,135,118,17,17
26481,60,57,3,3
26482,62,67,-5,5
26483,120,119,1,1
26484,150,157,-7,7
26485,112,99,13,13
26486,87,83,4,4
26487,100,95,5,5
26488,52,60,-8,8
26489,82,81,1,1
26490,136,134,2,2
26491,65,65,0,0
26492,104,90,14,14
26493,134,126,8,8
26494,104,87,17,17
26495,119,116,3,3
26496,119,112,7,7
26497,60,69,-9,9
26498,155,150,5,5
26499,129,125,4,4
26500,46,55,-9,9
26501,58,61,-3,3
26502,73,60,13,13
26503,114,97,17,17
26504,85,93,-8,8
26505,77,70,7,7
26506,89,81,8,8
26507,186,164,22,22
26508,74,71,3,3
26509,80,67,13,13
26510,108,105,3,3
26511,112,80,32,32
26512,38,51,-13,13
26513,61,54,7,7
26514,109,99,10,10
26515,46,52,-6,6
26516,139,122,17,17
26517,85,83,2,2
26518,97,86,11,11
26519,60,70,-10,10
26520,36,55,-19,19
26521,89,95,-6,6
26522,147,135,12,12
26523,94,74,20,20
26524,88,80,8,8
26525,120,107,13,13
26526,75,82,-7,7
26527,95,91,4,4
26528,90,84,6,6
26529,46,54,-8,8
26530,49,54,-5,5
26531,145,133,12,12
26532,93,80,13,13
26533,48,55,-7,7
26534,93,89,4,4
26535,76,68,8,8
26536,51,57,-6,6
26537,102,92,10,10
26538,86,82,4,4
26539,88,80,8,8
26540,97,98,-1,1
26541,139,125,14,14
26542,163,150,13,13
26543,91,97,-6,6
26544,139,121,18,18
26545,56,63,-7,7
26546,56,68,-12,12
26547,84,76,8,8
26548,85,84,1,1
26549,55,57,-2,2
26550,82,77,5,5
26551,90,80,10,10
26552,102,89,13,13
26553,46,53,-7,7
26554,151,141,10,10
26555,90,80,10,10
26556,78,106,-28,28
26557,70,60,10,10
26558,126,111,15,15
26559,114,113,1,1
26560,135,115,20,20
26561,209,180,29,29
26562,163,149,14,14
26563,62,60,2,2
26564,79,86,-7,7
26565,90,83,7,7
26566,126,113,13,13
26567,161,140,21,21
26568,119,107,12,12
26569,65,77,-12,12
26570,75,102,-27,27
26571,94,83,11,11
26572,57,55,2,2
26573,60,58,2,2
26574,62,59,3,3
26575,61,61,0,0
26576,174,158,16,16
26577,65,67,-2,2
26578,122,120,2,2
26579,103,119,-16,16
26580,66,65,1,1
26581,110,97,13,13
26582,59,68,-9,9
26583,120,106,14,14
26584,101,96,5,5
26585,94,86,8,8
26586,125,116,9,9
26587,76,70,6,6
26588,66,69,-3,3
26589,85,90,-5,5
26590,101,99,2,2
26591,79,76,3,3
26592,179,161,18,18
26593,73,78,-5,5
26594,97,100,-3,3
26595,40,57,-17,17
26596,75,73,2,2
26597,157,148,9,9
26598,77,78,-1,1
26599,108,111,-3,3
26600,129,118,11,11
26601,100,93,7,7
26602,76,89,-13,13
26603,40,52,-12,12
26604,72,73,-1,1
26605,81,75,6,6
26606,122,108,14,14
26607,77,67,10,10
26608,162,151,11,11
26609,52,54,-2,2
26610,86,76,10,10
26611,61,56,5,5
26612,139,125,14,14
26613,122,111,11,11
26614,129,127,2,2
26615,64,61,3,3
26616,53,55,-2,2
26617,163,143,20,20
26618,76,87,-11,11
26619,47,52,-5,5
26620,57,60,-3,3
26621,142,127,15,15
26622,89,76,13,13
26623,100,101,-1,1
26624,126,129,-3,3
26625,149,133,16,16
26626,102,91,11,11
26627,51,57,-6,6
26628,131,109,22,22
26629,113,107,6,6
26630,128,113,15,15
26631,84,73,11,11
26632,88,83,5,5
26633,96,91,5,5
26634,131,110,21,21
26635,142,132,10,10
26636,139,129,10,10
26637,62,66,-4,4
26638,162,161,1,1
26639,100,95,5,5
26640,94,89,5,5
26641,118,106,12,12
26642,140,118,22,22
26643,105,99,6,6
26644,54,59,-5,5
26645,80,78,2,2
26646,54,56,-2,2
26647,82,86,-4,4
26648,78,76,2,2
26649,81,77,4,4
26650,55,54,1,1
26651,142,142,0,0
26652,152,135,17,17
26653,121,110,11,11
26654,109,102,7,7
26655,80,87,-7,7
26656,73,72,1,1
26657,154,114,40,40
26658,122,120,2,2
26659,85,83,2,2
26660,65,66,-1,1
26661,127,114,13,13
26662,44,53,-9,9
26663,90,92,-2,2
26664,115,108,7,7
26665,124,117,7,7
26666,148,145,3,3
26667,49,53,-4,4
26668,77,77,0,0
26669,173,159,14,14
26670,68,77,-9,9
26671,149,143,6,6
26672,73,72,1,1
26673,54,57,-3,3
26674,90,78,12,12
26675,73,72,1,1
26676,74,75,-1,1
26677,49,52,-3,3
26678,79,71,8,8
26679,117,117,0,0
26680,57,64,-7,7
26681,123,107,16,16
26682,94,91,3,3
26683,124,103,21,21
26684,74,74,0,0
26685,63,61,2,2
26686,116,102,14,14
26687,93,82,11,11
26688,115,115,0,0
26689,64,65,-1,1
26690,117,118,-1,1
26691,74,76,-2,2
26692,49,55,-6,6
26693,72,63,9,9
26694,86,85,1,1
26695,52,55,-3,3
26696,87,82,5,5
26697,152,141,11,11
26698,61,65,-4,4
26699,67,69,-2,2
26700,64,71,-7,7
26701,100,95,5,5
26702,135,115,20,20
26703,120,115,5,5
26704,124,111,13,13
26705,105,105,0,0
26706,144,137,7,7
26707,100,97,3,3
26708,80,83,-3,3
26709,73,85,-12,12
26710,82,80,2,2
26711,76,67,9,9
26712,115,111,4,4
26713,106,100,6,6
26714,125,124,1,1
26715,86,78,8,8
26716,94,90,4,4
26717,80,81,-1,1
26718,145,127,18,18
26719,122,111,11,11
26720,122,115,7,7
26721,115,108,7,7
26722,66,63,3,3
26723,85,77,8,8
26724,95,96,-1,1
26725,110,95,15,15
26726,49,63,-14,14
26727,80,91,-11,11
26728,101,92,9,9
26729,77,74,3,3
26730,89,94,-5,5
26731,130,113,17,17
26732,106,115,-9,9
26733,56,55,1,1
26734,68,62,6,6
26735,152,138,14,14
26736,113,114,-1,1
26737,98,94,4,4
26738,125,113,12,12
26739,71,68,3,3
26740,123,107,16,16
26741,97,74,23,23
26742,77,76,1,1
26743,56,61,-5,5
26744,127,118,9,9
26745,49,57,-8,8
26746,115,107,8,8
26747,61,60,1,1
26748,97,91,6,6
26749,101,98,3,3
26750,77,80,-3,3
26751,117,124,-7,7
26752,90,96,-6,6
26753,120,112,8,8
26754,80,79,1,1
26755,71,67,4,4
26756,54,55,-1,1
26757,80,81,-1,1
26758,110,105,5,5
26759,71,87,-16,16
26760,82,83,-1,1
26761,68,77,-9,9
26762,78,84,-6,6
26763,69,64,5,5
26764,87,94,-7,7
26765,94,83,11,11
26766,137,127,10,10
26767,57,58,-1,1
26768,56,54,2,2
26769,57,66,-9,9
26770,62,57,5,5
26771,63,69,-6,6
26772,165,151,14,14
26773,115,103,12,12
26774,133,127,6,6
26775,94,80,14,14
26776,107,105,2,2
26777,106,100,6,6
26778,112,113,-1,1
26779,93,89,4,4
26780,55,59,-4,4
26781,85,84,1,1
26782,41,52,-11,11
26783,120,106,14,14
26784,99,94,5,5
26785,83,70,13,13
26786,84,82,2,2
26787,110,104,6,6
26788,124,131,-7,7
26789,122,109,13,13
26790,38,52,-14,14
26791,120,112,8,8
26792,97,92,5,5
26793,61,64,-3,3
26794,113,112,1,1
26795,74,63,11,11
26796,79,72,7,7
26797,125,105,20,20
26798,81,76,5,5
26799,125,115,10,10
26800,123,118,5,5
26801,90,92,-2,2
26802,48,56,-8,8
26803,55,58,-3,3
26804,62,71,-9,9
26805,64,73,-9,9
26806,91,92,-1,1
26807,145,139,6,6
26808,86,80,6,6
26809,66,71,-5,5
26810,116,121,-5,5
26811,76,75,1,1
26812,88,92,-4,4
26813,103,105,-2,2
26814,97,100,-3,3
26815,138,124,14,14
26816,75,72,3,3
26817,92,82,10,10
26818,149,141,8,8
26819,60,59,1,1
26820,108,107,1,1
26821,30,51,-21,21
26822,89,80,9,9
26823,49,56,-7,7
26824,97,86,11,11
26825,128,110,18,18
26826,96,91,5,5
26827,96,89,7,7
26828,63,56,7,7
26829,76,72,4,4
26830,106,107,-1,1
26831,79,83,-4,4
26832,127,112,15,15
26833,45,54,-9,9
26834,105,110,-5,5
26835,90,82,8,8
26836,43,52,-9,9
26837,235,167,68,68
26838,50,55,-5,5
26839,111,100,11,11
26840,69,62,7,7
26841,52,139,-87,87
26842,105,102,3,3
26843,49,54,-5,5
26844,66,68,-2,2
26845,64,63,1,1
26846,75,63,12,12
26847,70,70,0,0
26848,96,86,10,10
26849,86,86,0,0
26850,109,103,6,6
26851,357,221,136,136
26852,74,70,4,4
26853,96,98,-2,2
26854,101,101,0,0
26855,86,86,0,0
26856,97,84,13,13
26857,47,52,-5,5
26858,76,85,-9,9
26859,139,125,14,14
26860,127,122,5,5
26861,119,106,13,13
26862,133,123,10,10
26863,190,181,9,9
26864,119,107,12,12
26865,96,91,5,5
26866,31,52,-21,21
26867,94,105,-11,11
26868,112,123,-11,11
26869,104,98,6,6
26870,162,140,22,22
26871,128,117,11,11
26872,142,136,6,6
26873,107,74,33,33
26874,120,101,19,19
26875,57,61,-4,4
26876,157,140,17,17
26877,94,90,4,4
26878,109,114,-5,5
26879,58,64,-6,6
26880,108,90,18,18
26881,88,81,7,7
26882,123,127,-4,4
26883,85,83,2,2
26884,136,136,0,0
26885,72,73,-1,1
26886,77,74,3,3
26887,59,56,3,3
26888,154,139,15,15
26889,63,77,-14,14
26890,40,53,-13,13
26891,142,142,0,0
26892,160,145,15,15
26893,68,61,7,7
26894,91,76,15,15
26895,77,81,-4,4
26896,135,128,7,7
26897,134,186,-52,52
26898,172,163,9,9
26899,131,149,-18,18
26900,86,87,-1,1
26901,67,67,0,0
26902,55,55,0,0
26903,148,138,10,10
26904,66,69,-3,3
26905,120,99,21,21
26906,83,79,4,4
26907,101,91,10,10
26908,83,71,12,12
26909,106,122,-16,16
26910,99,97,2,2
26911,67,65,2,2
26912,130,124,6,6
26913,79,79,0,0
26914,43,57,-14,14
26915,146,128,18,18
26916,57,61,-4,4
26917,100,108,-8,8
26918,139,117,22,22
26919,114,95,19,19
26920,61,60,1,1
26921,77,91,-14,14
26922,102,105,-3,3
26923,104,95,9,9
26924,145,141,4,4
26925,81,85,-4,4
26926,87,89,-2,2
26927,135,137,-2,2
26928,117,114,3,3
26929,82,71,11,11
26930,118,115,3,3
26931,106,110,-4,4
26932,123,119,4,4
26933,109,104,5,5
26934,66,64,2,2
26935,86,82,4,4
26936,104,104,0,0
26937,61,71,-10,10
26938,59,81,-22,22
26939,68,69,-1,1
26940,68,69,-1,1
26941,63,65,-2,2
26942,85,77,8,8
26943,135,132,3,3
26944,117,119,-2,2
26945,134,120,14,14
26946,104,100,4,4
26947,73,73,0,0
26948,79,77,2,2
26949,137,127,10,10
26950,106,91,15,15
26951,80,67,13,13
26952,175,157,18,18
26953,96,99,-3,3
26954,137,120,17,17
26955,119,113,6,6
26956,118,108,10,10
26957,135,126,9,9
26958,127,99,28,28
26959,103,101,2,2
26960,87,86,1,1
26961,90,69,21,21
26962,50,56,-6,6
26963,68,68,0,0
26964,75,73,2,2
26965,150,149,1,1
26966,107,93,14,14
26967,122,112,10,10
26968,48,53,-5,5
26969,141,138,3,3
26970,96,86,10,10
26971,93,90,3,3
26972,85,79,6,6
26973,55,55,0,0
26974,51,54,-3,3
26975,99,93,6,6
26976,52,60,-8,8
26977,79,66,13,13
26978,110,104,6,6
26979,121,111,10,10
26980,37,53,-16,16
26981,92,90,2,2
26982,66,55,11,11
26983,148,120,28,28
26984,83,77,6,6
26985,175,156,19,19
26986,88,76,12,12
26987,110,102,8,8
26988,79,80,-1,1
26989,64,56,8,8
26990,124,110,14,14
26991,129,116,13,13
26992,91,86,5,5
26993,59,55,4,4
26994,49,64,-15,15
26995,132,124,8,8
26996,76,108,-32,32
26997,110,97,13,13
26998,61,59,2,2
26999,90,88,2,2
27000,126,117,9,9
27001,98,95,3,3
27002,59,58,1,1
27003,93,94,-1,1
27004,76,68,8,8
27005,75,65,10,10
27006,85,86,-1,1
27007,149,133,16,16
27008,89,84,5,5
27009,112,105,7,7
27010,88,76,12,12
27011,65,59,6,6
27012,86,84,2,2
27013,64,59,5,5
27014,81,90,-9,9
27015,86,85,1,1
27016,70,66,4,4
27017,150,126,24,24
27018,102,91,11,11
27019,92,79,13,13
27020,47,62,-15,15
27021,92,96,-4,4
27022,108,101,7,7
27023,85,83,2,2
27024,127,120,7,7
27025,114,107,7,7
27026,89,76,13,13
27027,98,100,-2,2
27028,47,52,-5,5
27029,95,98,-3,3
27030,174,165,9,9
27031,74,71,3,3
27032,214,193,21,21
27033,35,54,-19,19
27034,202,193,9,9
27035,83,73,10,10
27036,125,112,13,13
27037,109,93,16,16
27038,54,58,-4,4
27039,56,58,-2,2
27040,71,74,-3,3
27041,81,77,4,4
27042,78,76,2,2
27043,61,56,5,5
27044,77,72,5,5
27045,114,101,13,13
27046,59,58,1,1
27047,116,118,-2,2
27048,49,63,-14,14
27049,66,80,-14,14
27050,91,74,17,17
27051,98,94,4,4
27052,73,71,2,2
27053,78,75,3,3
27054,105,103,2,2
27055,112,102,10,10
27056,84,85,-1,1
27057,78,67,11,11
27058,112,118,-6,6
27059,178,148,30,30
27060,134,131,3,3
27061,93,83,10,10
27062,99,96,3,3
27063,67,68,-1,1
27064,76,80,-4,4
27065,80,72,8,8
27066,74,66,8,8
27067,83,81,2,2
27068,99,107,-8,8
27069,70,58,12,12
27070,64,67,-3,3
27071,128,119,9,9
27072,93,74,19,19
27073,65,61,4,4
27074,40,52,-12,12
27075,133,122,11,11
27076,97,98,-1,1
27077,89,93,-4,4
27078,73,71,2,2
27079,102,89,13,13
27080,62,58,4,4
27081,91,89,2,2
27082,147,133,14,14
27083,70,65,5,5
27084,71,69,2,2
27085,86,83,3,3
27086,62,62,0,0
27087,104,88,16,16
27088,72,66,6,6
27089,52,53,-1,1
27090,38,55,-17,17
27091,67,72,-5,5
27092,196,176,20,20
27093,47,54,-7,7
27094,51,56,-5,5
27095,88,80,8,8
27096,96,91,5,5
27097,42,52,-10,10
27098,101,99,2,2
27099,105,98,7,7
27100,70,65,5,5
27101,87,98,-11,11
27102,120,118,2,2
27103,71,65,6,6
27104,118,107,11,11
27105,71,80,-9,9
27106,101,107,-6,6
27107,80,73,7,7
27108,107,93,14,14
27109,87,76,11,11
27110,60,74,-14,14
27111,56,54,2,2
27112,79,81,-2,2
27113,148,139,9,9
27114,75,71,4,4
27115,53,55,-2,2
27116,88,83,5,5
27117,104,123,-19,19
27118,77,68,9,9
27119,53,55,-2,2
27120,114,112,2,2
27121,74,67,7,7
27122,73,81,-8,8
27123,127,113,14,14
27124,81,73,8,8
27125,127,125,2,2
27126,139,121,18,18
27127,78,75,3,3
27128,79,73,6,6
27129,115,103,12,12
27130,125,108,17,17
27131,141,134,7,7
27132,127,107,20,20
27133,105,102,3,3
27134,57,60,-3,3
27135,99,99,0,0
27136,91,84,7,7
27137,98,85,13,13
27138,114,121,-7,7
27139,74,71,3,3
27140,143,122,21,21
27141,68,70,-2,2
27142,159,141,18,18
27143,69,64,5,5
27144,72,64,8,8
27145,48,55,-7,7
27146,110,107,3,3
27147,86,81,5,5
27148,72,73,-1,1
27149,80,69,11,11
27150,70,70,0,0
27151,37,51,-14,14
27152,79,75,4,4
27153,53,53,0,0
27154,82,77,5,5
27155,55,65,-10,10
27156,72,78,-6,6
27157,104,98,6,6
27158,81,79,2,2
27159,131,131,0,0
27160,110,115,-5,5
27161,70,71,-1,1
27162,96,99,-3,3
27163,56,63,-7,7
27164,76,82,-6,6
27165,87,85,2,2
27166,100,89,11,11
27167,51,61,-10,10
27168,67,65,2,2
27169,50,54,-4,4
27170,72,86,-14,14
27171,69,68,1,1
27172,96,98,-2,2
27173,90,79,11,11
27174,84,84,0,0
27175,136,133,3,3
27176,83,78,5,5
27177,93,94,-1,1
27178,130,143,-13,13
27179,111,105,6,6
27180,107,113,-6,6
27181,112,114,-2,2
27182,27,50,-23,23
27183,156,136,20,20
27184,102,87,15,15
27185,122,119,3,3
27186,114,103,11,11
27187,39,53,-14,14
27188,137,126,11,11
27189,86,81,5,5
27190,83,76,7,7
27191,148,139,9,9
27192,108,104,4,4
27193,102,93,9,9
27194,95,92,3,3
27195,52,59,-7,7
27196,78,80,-2,2
27197,99,96,3,3
27198,124,121,3,3
27199,94,98,-4,4
27200,120,119,1,1
27201,102,104,-2,2
27202,128,123,5,5
27203,64,57,7,7
27204,78,75,3,3
27205,65,72,-7,7
27206,128,127,1,1
27207,88,81,7,7
27208,63,72,-9,9
27209,86,89,-3,3
27210,102,97,5,5
27211,120,93,27,27
27212,95,100,-5,5
27213,83,78,5,5
27214,96,104,-8,8
27215,75,75,0,0
27216,50,54,-4,4
27217,69,67,2,2
27218,118,102,16,16
27219,103,105,-2,2
27220,88,88,0,0
27221,83,80,3,3
27222,113,101,12,12
27223,89,77,12,12
27224,92,85,7,7
27225,96,95,1,1
27226,97,116,-19,19
27227,57,55,2,2
27228,70,70,0,0
27229,79,84,-5,5
27230,81,79,2,2
27231,106,101,5,5
27232,178,159,19,19
27233,141,133,8,8
27234,97,92,5,5
27235,152,146,6,6
27236,82,78,4,4
27237,62,58,4,4
27238,69,71,-2,2
27239,145,135,10,10
27240,80,74,6,6
27241,124,118,6,6
27242,128,122,6,6
27243,147,128,19,19
27244,181,173,8,8
27245,92,92,0,0
27246,48,54,-6,6
27247,144,137,7,7
27248,54,60,-6,6
27249,116,107,9,9
27250,106,93,13,13
27251,72,67,5,5
27252,139,125,14,14
27253,153,150,3,3
27254,105,92,13,13
27255,152,137,15,15
27256,137,117,20,20
27257,123,122,1,1
27258,49,56,-7,7
27259,80,75,5,5
27260,63,56,7,7
27261,35,62,-27,27
27262,53,56,-3,3
27263,80,82,-2,2
27264,56,56,0,0
27265,143,140,3,3
27266,160,145,15,15
27267,98,94,4,4
27268,98,88,10,10
27269,83,84,-1,1
27270,117,122,-5,5
27271,143,133,10,10
27272,91,94,-3,3
27273,60,64,-4,4
27274,106,96,10,10
27275,33,54,-21,21
27276,65,62,3,3
27277,79,72,7,7
27278,47,53,-6,6
27279,78,72,6,6
27280,108,105,3,3
27281,59,66,-7,7
27282,75,77,-2,2
27283,130,127,3,3
27284,75,84,-9,9
27285,89,87,2,2
27286,85,75,10,10
27287,127,118,9,9
27288,71,78,-7,7
27289,103,96,7,7
27290,40,54,-14,14
27291,57,71,-14,14
27292,142,131,11,11
27293,61,70,-9,9
27294,77,70,7,7
27295,95,97,-2,2
27296,90,65,25,25
27297,101,99,2,2
27298,64,57,7,7
27299,154,124,30,30
27300,90,84,6,6
27301,103,99,4,4
27302,134,124,10,10
27303,96,69,27,27
27304,48,53,-5,5
27305,88,78,10,10
27306,126,118,8,8
27307,80,72,8,8
27308,66,62,4,4
27309,43,53,-10,10
27310,71,63,8,8
27311,102,97,5,5
27312,78,72,6,6
27313,99,94,5,5
27314,110,104,6,6
27315,105,100,5,5
27316,103,108,-5,5
27317,103,97,6,6
27318,62,79,-17,17
27319,92,94,-2,2
27320,68,75,-7,7
27321,94,92,2,2
27322,97,97,0,0
27323,50,63,-13,13
27324,46,63,-17,17
27325,76,66,10,10
27326,127,103,24,24
27327,55,57,-2,2
27328,62,58,4,4
27329,114,114,0,0
27330,70,68,2,2
27331,110,109,1,1
27332,115,111,4,4
27333,102,88,14,14
27334,105,110,-5,5
27335,99,88,11,11
27336,122,119,3,3
27337,69,70,-1,1
27338,69,60,9,9
27339,79,77,2,2
27340,67,70,-3,3
27341,76,70,6,6
27342,54,55,-1,1
27343,96,91,5,5
27344,90,83,7,7
27345,73,66,7,7
27346,76,76,0,0
27347,48,54,-6,6
27348,104,108,-4,4
27349,64,64,0,0
27350,76,73,3,3
27351,106,103,3,3
27352,58,60,-2,2
27353,118,116,2,2
27354,78,79,-1,1
27355,119,115,4,4
27356,64,66,-2,2
27357,144,112,32,32
27358,112,94,18,18
27359,60,59,1,1
27360,58,80,-22,22
27361,148,156,-8,8
27362,70,62,8,8
27363,193,164,29,29
27364,90,93,-3,3
27365,50,54,-4,4
27366,94,85,9,9
27367,114,100,14,14
27368,57,62,-5,5
27369,72,82,-10,10
27370,97,80,17,17
27371,121,111,10,10
27372,96,89,7,7
27373,78,80,-2,2
27374,124,127,-3,3
27375,156,145,11,11
27376,103,93,10,10
27377,117,114,3,3
27378,75,62,13,13
27379,101,100,1,1
27380,45,53,-8,8
27381,60,59,1,1
27382,124,123,1,1
27383,129,122,7,7
27384,90,89,1,1
27385,79,83,-4,4
27386,64,63,1,1
27387,87,91,-4,4
27388,138,131,7,7
27389,106,103,3,3
27390,96,94,2,2
27391,124,117,7,7
27392,78,70,8,8
27393,99,91,8,8
27394,208,167,41,41
27395,111,105,6,6
27396,107,98,9,9
27397,92,81,11,11
27398,87,79,8,8
27399,108,116,-8,8
27400,70,64,6,6
27401,115,112,3,3
27402,86,86,0,0
27403,86,77,9,9
27404,165,157,8,8
27405,59,94,-35,35
27406,111,115,-4,4
27407,196,168,28,28
27408,99,95,4,4
27409,121,92,29,29
27410,57,54,3,3
27411,78,71,7,7
27412,98,95,3,3
27413,90,79,11,11
27414,89,90,-1,1
27415,97,87,10,10
27416,77,73,4,4
27417,78,74,4,4
27418,95,103,-8,8
27419,98,94,4,4
27420,126,112,14,14
27421,107,107,0,0
27422,83,80,3,3
27423,129,128,1,1
27424,93,90,3,3
27425,210,166,44,44
27426,112,109,3,3
27427,51,54,-3,3
27428,93,77,16,16
27429,61,67,-6,6
27430,76,82,-6,6
27431,107,104,3,3
27432,115,96,19,19
27433,106,104,2,2
27434,77,76,1,1
27435,102,103,-1,1
27436,54,61,-7,7
27437,81,69,12,12
27438,64,74,-10,10
27439,134,126,8,8
27440,124,108,16,16
27441,49,62,-13,13
27442,90,94,-4,4
27443,72,63,9,9
27444,76,75,1,1
27445,114,101,13,13
27446,59,67,-8,8
27447,97,108,-11,11
27448,96,87,9,9
27449,177,138,39,39
27450,111,106,5,5
27451,105,107,-2,2
27452,78,86,-8,8
27453,85,92,-7,7
27454,71,64,7,7
27455,114,108,6,6
27456,78,76,2,2
27457,164,154,10,10
27458,75,76,-1,1
27459,128,120,8,8
27460,105,115,-10,10
27461,75,71,4,4
27462,87,86,1,1
27463,104,94,10,10
27464,130,119,11,11
27465,101,102,-1,1
27466,81,80,1,1
27467,75,70,5,5
27468,115,108,7,7
27469,80,70,10,10
27470,54,66,-12,12
27471,93,94,-1,1
27472,142,116,26,26
27473,41,54,-13,13
27474,78,77,1,1
27475,62,61,1,1
27476,68,75,-7,7
27477,45,55,-10,10
27478,99,91,8,8
27479,92,82,10,10
27480,88,74,14,14
27481,134,134,0,0
27482,112,103,9,9
27483,97,99,-2,2
27484,131,131,0,0
27485,71,65,6,6
27486,39,52,-13,13
27487,68,68,0,0
27488,47,62,-15,15
27489,60,57,3,3
27490,151,120,31,31
27491,81,70,11,11
27492,104,94,10,10
27493,99,102,-3,3
27494,103,95,8,8
27495,84,80,4,4
27496,92,91,1,1
27497,108,106,2,2
27498,124,116,8,8
27499,68,70,-2,2
27500,107,101,6,6
27501,97,76,21,21
27502,108,98,10,10
27503,54,59,-5,5
27504,75,74,1,1
27505,43,53,-10,10
27506,105,107,-2,2
27507,103,110,-7,7
27508,85,89,-4,4
27509,121,115,6,6
27510,85,84,1,1
27511,102,93,9,9
27512,113,116,-3,3
27513,70,72,-2,2
27514,120,110,10,10
27515,106,93,13,13
27516,72,74,-2,2
27517,89,86,3,3
27518,90,81,9,9
27519,52,55,-3,3
27520,78,76,2,2
27521,88,91,-3,3
27522,290,221,69,69
27523,98,91,7,7
27524,94,97,-3,3
27525,130,112,18,18
27526,50,63,-13,13
27527,102,94,8,8
27528,72,70,2,2
27529,79,71,8,8
27530,101,100,1,1
27531,88,76,12,12
27532,75,75,0,0
27533,109,115,-6,6
27534,68,64,4,4
27535,117,111,6,6
27536,112,109,3,3
27537,149,132,17,17
27538,94,98,-4,4
27539,73,70,3,3
27540,86,77,9,9
27541,68,72,-4,4
27542,94,88,6,6
27543,96,94,2,2
27544,86,108,-22,22
27545,84,83,1,1
27546,98,86,12,12
27547,149,131,18,18
27548,92,91,1,1
27549,72,64,8,8
27550,108,105,3,3
27551,85,94,-9,9
27552,92,89,3,3
27553,72,75,-3,3
27554,73,74,-1,1
27555,91,90,1,1
27556,167,164,3,3
27557,78,84,-6,6
27558,50,60,-10,10
27559,96,74,22,22
27560,105,98,7,7
27561,102,101,1,1
27562,106,94,12,12
27563,138,123,15,15
27564,123,116,7,7
27565,76,71,5,5
27566,95,90,5,5
27567,87,82,5,5
27568,154,147,7,7
27569,75,67,8,8
27570,137,122,15,15
27571,98,80,18,18
27572,96,94,2,2
27573,68,68,0,0
27574,66,72,-6,6
27575,96,95,1,1
27576,99,95,4,4
27577,53,63,-10,10
27578,36,61,-25,25
27579,79,85,-6,6
27580,108,101,7,7
27581,20,51,-31,31
27582,95,91,4,4
27583,78,77,1,1
27584,114,109,5,5
27585,89,96,-7,7
27586,118,130,-12,12
27587,163,143,20,20
27588,64,62,2,2
27589,50,52,-2,2
27590,65,63,2,2
27591,91,85,6,6
27592,126,123,3,3
27593,96,92,4,4
27594,115,108,7,7
27595,114,108,6,6
27596,139,116,23,23
27597,45,59,-14,14
27598,155,148,7,7
27599,77,71,6,6
27600,105,88,17,17
27601,156,129,27,27
27602,90,87,3,3
27603,105,92,13,13
27604,36,53,-17,17
27605,134,131,3,3
27606,111,118,-7,7
27607,61,55,6,6
27608,97,93,4,4
27609,76,74,2,2
27610,81,81,0,0
27611,71,67,4,4
27612,99,90,9,9
27613,98,96,2,2
27614,89,82,7,7
27615,153,141,12,12
27616,110,109,1,1
27617,61,59,2,2
27618,72,75,-3,3
27619,107,101,6,6
27620,107,104,3,3
27621,116,107,9,9
27622,116,107,9,9
27623,71,70,1,1
27624,95,92,3,3
27625,99,98,1,1
27626,59,56,3,3
27627,107,123,-16,16
27628,130,117,13,13
27629,95,75,20,20
27630,165,140,25,25
27631,171,149,22,22
27632,93,98,-5,5
27633,79,84,-5,5
27634,175,156,19,19
27635,121,117,4,4
27636,155,148,7,7
27637,174,164,10,10
27638,81,68,13,13
27639,57,54,3,3
27640,180,147,33,33
27641,116,107,9,9
27642,162,150,12,12
27643,77,73,4,4
27644,78,73,5,5
27645,111,101,10,10
27646,87,75,12,12
27647,37,53,-16,16
27648,176,159,17,17
27649,69,73,-4,4
27650,72,74,-2,2
27651,91,89,2,2
27652,102,98,4,4
27653,81,79,2,2
27654,142,134,8,8
27655,189,162,27,27
27656,200,172,28,28
27657,61,64,-3,3
27658,89,85,4,4
27659,94,95,-1,1
27660,88,84,4,4
27661,85,75,10,10
27662,88,84,4,4
27663,52,56,-4,4
27664,61,77,-16,16
27665,79,76,3,3
27666,141,127,14,14
27667,83,77,6,6
27668,112,142,-30,30
27669,123,115,8,8
27670,54,54,0,0
27671,66,61,5,5
27672,117,111,6,6
27673,73,70,3,3
27674,70,80,-10,10
27675,66,61,5,5
27676,105,116,-11,11
27677,77,74,3,3
27678,100,94,6,6
27679,167,140,27,27
27680,73,69,4,4
27681,130,120,10,10
27682,87,68,19,19
27683,85,77,8,8
27684,69,66,3,3
27685,73,72,1,1
27686,77,77,0,0
27687,138,130,8,8
27688,80,84,-4,4
27689,55,54,1,1
27690,117,102,15,15
27691,110,105,5,5
27692,60,60,0,0
27693,96,86,10,10
27694,85,75,10,10
27695,106,109,-3,3
27696,94,92,2,2
27697,69,75,-6,6
27698,125,124,1,1
27699,179,156,23,23
27700,86,80,6,6
27701,129,121,8,8
27702,82,82,0,0
27703,91,76,15,15
27704,150,139,11,11
27705,57,60,-3,3
27706,70,62,8,8
27707,134,123,11,11
27708,71,71,0,0
27709,74,80,-6,6
27710,83,78,5,5
27711,82,95,-13,13
27712,70,69,1,1
27713,82,87,-5,5
27714,52,58,-6,6
27715,93,83,10,10
27716,54,68,-14,14
27717,136,129,7,7
27718,72,68,4,4
27719,86,108,-22,22
27720,108,111,-3,3
27721,93,86,7,7
27722,57,72,-15,15
27723,78,78,0,0
27724,130,114,16,16
27725,83,85,-2,2
27726,116,91,25,25
27727,103,88,15,15
27728,79,79,0,0
27729,43,53,-10,10
27730,100,96,4,4
27731,77,71,6,6
27732,127,120,7,7
27733,83,77,6,6
27734,134,146,-12,12
27735,108,91,17,17
27736,122,109,13,13
27737,86,86,0,0
27738,71,68,3,3
27739,111,104,7,7
27740,132,115,17,17
27741,200,182,18,18
27742,77,73,4,4
27743,131,111,20,20
27744,75,77,-2,2
27745,66,62,4,4
27746,83,79,4,4
27747,155,139,16,16
27748,104,87,17,17
27749,85,78,7,7
27750,149,128,21,21
27751,198,227,-29,29
27752,68,78,-10,10
27753,143,104,39,39
27754,118,100,18,18
27755,75,77,-2,2
27756,150,163,-13,13
27757,52,54,-2,2
27758,153,142,11,11
27759,88,96,-8,8
27760,101,113,-12,12
27761,74,67,7,7
27762,102,96,6,6
27763,140,128,12,12
27764,71,64,7,7
27765,110,91,19,19
27766,110,109,1,1
27767,63,61,2,2
27768,66,67,-1,1
27769,49,56,-7,7
27770,54,52,2,2
27771,86,83,3,3
27772,58,55,3,3
27773,54,56,-2,2
27774,60,63,-3,3
27775,77,70,7,7
27776,70,74,-4,4
27777,91,87,4,4
27778,112,108,4,4
27779,89,83,6,6
27780,80,74,6,6
27781,95,92,3,3
27782,98,86,12,12
27783,91,88,3,3
27784,117,110,7,7
27785,76,77,-1,1
27786,126,145,-19,19
27787,131,114,17,17
27788,65,68,-3,3
27789,90,81,9,9
27790,77,74,3,3
27791,114,111,3,3
27792,88,81,7,7
27793,90,84,6,6
27794,84,90,-6,6
27795,135,117,18,18
27796,95,86,9,9
27797,94,101,-7,7
27798,106,98,8,8
27799,75,71,4,4
27800,115,109,6,6
27801,143,139,4,4
27802,60,59,1,1
27803,68,66,2,2
27804,73,67,6,6
27805,168,141,27,27
27806,99,99,0,0
27807,108,102,6,6
27808,77,84,-7,7
27809,60,55,5,5
27810,79,70,9,9
27811,103,114,-11,11
27812,120,120,0,0
27813,137,142,-5,5
27814,80,88,-8,8
27815,78,76,2,2
27816,49,55,-6,6
27817,97,101,-4,4
27818,104,103,1,1
27819,172,153,19,19
27820,154,140,14,14
27821,93,92,1,1
27822,103,91,12,12
27823,51,56,-5,5
27824,72,70,2,2
27825,81,82,-1,1
27826,69,59,10,10
27827,111,98,13,13
27828,106,103,3,3
27829,143,127,16,16
27830,46,53,-7,7
27831,118,119,-1,1
27832,136,114,22,22
27833,103,93,10,10
27834,115,114,1,1
27835,100,92,8,8
27836,130,116,14,14
27837,146,128,18,18
27838,106,99,7,7
27839,160,149,11,11
27840,151,116,35,35
27841,111,103,8,8
27842,132,115,17,17
27843,70,59,11,11
27844,95,92,3,3
27845,113,107,6,6
27846,100,118,-18,18
27847,84,77,7,7
27848,144,121,23,23
27849,75,76,-1,1
27850,127,123,4,4
27851,35,51,-16,16
27852,48,59,-11,11
27853,52,55,-3,3
27854,110,107,3,3
27855,109,104,5,5
27856,72,73,-1,1
27857,99,93,6,6
27858,58,56,2,2
27859,81,70,11,11
27860,96,82,14,14
27861,71,68,3,3
27862,122,97,25,25
27863,151,138,13,13
27864,92,85,7,7
27865,69,68,1,1
27866,111,102,9,9
27867,106,96,10,10
27868,122,117,5,5
27869,100,78,22,22
27870,62,62,0,0
27871,77,73,4,4
27872,111,106,5,5
27873,68,74,-6,6
27874,97,87,10,10
27875,118,87,31,31
27876,118,115,3,3
27877,97,99,-2,2
27878,78,77,1,1
27879,146,136,10,10
27880,99,97,2,2
27881,76,72,4,4
27882,64,57,7,7
27883,48,53,-5,5
27884,89,86,3,3
27885,59,59,0,0
27886,74,76,-2,2
27887,72,71,1,1
27888,83,76,7,7
27889,83,65,18,18
27890,97,95,2,2
27891,100,90,10,10
27892,181,171,10,10
27893,37,52,-15,15
27894,64,63,1,1
27895,84,72,12,12
27896,68,62,6,6
27897,54,54,0,0
27898,85,81,4,4
27899,75,75,0,0
27900,98,91,7,7
27901,147,130,17,17
27902,138,130,8,8
27903,61,59,2,2
27904,83,88,-5,5
27905,158,134,24,24
27906,119,105,14,14
27907,88,81,7,7
27908,119,114,5,5
27909,118,100,18,18
27910,68,63,5,5
27911,49,56,-7,7
27912,112,98,14,14
27913,113,101,12,12
27914,83,88,-5,5
27915,81,84,-3,3
27916,31,52,-21,21
27917,87,75,12,12
27918,144,132,12,12
27919,133,135,-2,2
27920,137,129,8,8
27921,95,95,0,0
27922,80,77,3,3
27923,109,102,7,7
27924,90,90,0,0
27925,70,65,5,5
27926,66,68,-2,2
27927,81,69,12,12
27928,156,148,8,8
27929,70,75,-5,5
27930,95,101,-6,6
27931,109,95,14,14
27932,61,104,-43,43
27933,40,55,-15,15
27934,138,140,-2,2
27935,96,87,9,9
27936,53,62,-9,9
27937,85,88,-3,3
27938,137,120,17,17
27939,113,107,6,6
27940,127,118,9,9
27941,77,69,8,8
27942,66,67,-1,1
27943,36,54,-18,18
27944,83,85,-2,2
27945,120,102,18,18
27946,55,62,-7,7
27947,61,65,-4,4
27948,68,62,6,6
27949,93,92,1,1
27950,173,162,11,11
27951,58,62,-4,4
27952,75,75,0,0
27953,83,69,14,14
27954,141,143,-2,2
27955,67,65,2,2
27956,35,58,-23,23
27957,63,68,-5,5
27958,52,56,-4,4
27959,183,163,20,20
27960,52,55,-3,3
27961,72,66,6,6
27962,77,78,-1,1
27963,61,57,4,4
27964,124,112,12,12
27965,78,79,-1,1
27966,123,119,4,4
27967,122,116,6,6
27968,88,90,-2,2
27969,74,76,-2,2
27970,66,70,-4,4
27971,69,77,-8,8
27972,92,90,2,2
27973,79,72,7,7
27974,45,67,-22,22
27975,115,110,5,5
27976,143,134,9,9
27977,99,99,0,0
27978,129,129,0,0
27979,103,100,3,3
27980,90,98,-8,8
27981,88,85,3,3
27982,123,120,3,3
27983,175,145,30,30
27984,95,87,8,8
27985,105,104,1,1
27986,65,69,-4,4
27987,66,58,8,8
27988,137,121,16,16
27989,84,83,1,1
27990,110,101,9,9
27991,118,104,14,14
27992,114,110,4,4
27993,97,106,-9,9
27994,90,82,8,8
27995,124,120,4,4
27996,158,152,6,6
27997,67,87,-20,20
27998,96,88,8,8
27999,97,91,6,6
28000,108,100,8,8
28001,106,101,5,5
28002,56,55,1,1
28003,69,70,-1,1
28004,41,57,-16,16
28005,67,63,4,4
28006,172,162,10,10
28007,53,55,-2,2
28008,94,83,11,11
28009,121,114,7,7
28010,97,83,14,14
28011,91,93,-2,2
28012,117,88,29,29
28013,125,136,-11,11
28014,59,60,-1,1
28015,114,99,15,15
28016,87,79,8,8
28017,106,104,2,2
28018,77,75,2,2
28019,135,114,21,21
28020,145,122,23,23
28021,72,69,3,3
28022,53,61,-8,8
28023,149,132,17,17
28024,101,100,1,1
28025,76,61,15,15
28026,87,94,-7,7
28027,73,64,9,9
28028,107,102,5,5
28029,67,65,2,2
28030,67,71,-4,4
28031,80,79,1,1
28032,91,87,4,4
28033,91,87,4,4
28034,104,105,-1,1
28035,66,57,9,9
28036,90,86,4,4
28037,71,76,-5,5
28038,118,99,19,19
28039,87,92,-5,5
28040,68,66,2,2
28041,114,116,-2,2
28042,117,116,1,1
28043,130,115,15,15
28044,134,136,-2,2
28045,125,118,7,7
28046,74,68,6,6
28047,88,80,8,8
28048,56,72,-16,16
28049,116,102,14,14
28050,145,136,9,9
28051,75,67,8,8
28052,71,80,-9,9
28053,50,55,-5,5
28054,97,95,2,2
28055,55,53,2,2
28056,52,54,-2,2
28057,154,122,32,32
28058,132,118,14,14
28059,180,152,28,28
28060,68,67,1,1
28061,86,85,1,1
28062,147,144,3,3
28063,68,81,-13,13
28064,80,74,6,6
28065,98,85,13,13
28066,109,111,-2,2
28067,88,88,0,0
28068,78,83,-5,5
28069,86,72,14,14
28070,42,52,-10,10
28071,74,86,-12,12
28072,137,130,7,7
28073,110,102,8,8
28074,76,85,-9,9
28075,64,65,-1,1
28076,150,135,15,15
28077,116,99,17,17
28078,74,73,1,1
28079,69,62,7,7
28080,55,52,3,3
28081,114,117,-3,3
28082,178,171,7,7
28083,78,74,4,4
28084,71,66,5,5
28085,80,85,-5,5
28086,119,124,-5,5
28087,59,61,-2,2
28088,75,63,12,12
28089,77,85,-8,8
28090,64,68,-4,4
28091,118,105,13,13
28092,141,133,8,8
28093,144,144,0,0
28094,118,114,4,4
28095,90,73,17,17
28096,96,93,3,3
28097,107,100,7,7
28098,141,142,-1,1
28099,71,58,13,13
28100,94,84,10,10
28101,196,166,30,30
28102,93,99,-6,6
28103,122,101,21,21
28104,78,79,-1,1
28105,83,100,-17,17
28106,84,76,8,8
28107,65,59,6,6
28108,165,156,9,9
28109,116,126,-10,10
28110,91,74,17,17
28111,69,62,7,7
28112,87,75,12,12
28113,94,96,-2,2
28114,113,105,8,8
28115,169,163,6,6
28116,112,97,15,15
28117,85,85,0,0
28118,113,101,12,12
28119,145,130,15,15
28120,53,56,-3,3
28121,97,93,4,4
28122,102,106,-4,4
28123,107,114,-7,7
28124,88,80,8,8
28125,76,71,5,5
28126,46,52,-6,6
28127,83,82,1,1
28128,99,90,9,9
28129,118,113,5,5
28130,85,75,10,10
28131,112,113,-1,1
28132,120,103,17,17
28133,246,201,45,45
28134,124,109,15,15
28135,64,67,-3,3
28136,118,104,14,14
28137,118,109,9,9
28138,78,77,1,1
28139,74,76,-2,2
28140,86,79,7,7
28141,90,71,19,19
28142,132,138,-6,6
28143,125,116,9,9
28144,70,68,2,2
28145,69,63,6,6
28146,119,111,8,8
28147,144,131,13,13
28148,172,151,21,21
28149,83,78,5,5
28150,99,87,12,12
28151,104,99,5,5
28152,127,116,11,11
28153,78,71,7,7
28154,110,95,15,15
28155,53,54,-1,1
28156,79,86,-7,7
28157,47,53,-6,6
28158,123,120,3,3
28159,132,125,7,7
28160,104,103,1,1
28161,127,121,6,6
28162,105,87,18,18
28163,65,71,-6,6
28164,100,96,4,4
28165,192,161,31,31
28166,61,85,-24,24
28167,106,111,-5,5
28168,38,71,-33,33
28169,186,156,30,30
28170,166,145,21,21
28171,122,110,12,12
28172,141,132,9,9
28173,122,127,-5,5
28174,39,58,-19,19
28175,117,116,1,1
28176,128,120,8,8
28177,148,136,12,12
28178,118,111,7,7
28179,96,92,4,4
28180,72,75,-3,3
28181,76,68,8,8
28182,63,60,3,3
28183,84,90,-6,6
28184,102,96,6,6
28185,75,69,6,6
28186,92,89,3,3
28187,69,67,2,2
28188,94,82,12,12
28189,70,64,6,6
28190,112,97,15,15
28191,87,75,12,12
28192,68,66,2,2
28193,123,135,-12,12
28194,81,69,12,12
28195,116,123,-7,7
28196,82,85,-3,3
28197,149,126,23,23
28198,60,72,-12,12
28199,59,65,-6,6
28200,110,95,15,15
28201,89,122,-33,33
28202,114,109,5,5
28203,128,117,11,11
28204,57,62,-5,5
28205,77,79,-2,2
28206,85,82,3,3
28207,194,185,9,9
28208,72,86,-14,14
28209,75,77,-2,2
28210,57,81,-24,24
28211,165,149,16,16
28212,99,95,4,4
28213,84,81,3,3
28214,89,88,1,1
28215,64,65,-1,1
28216,115,120,-5,5
28217,81,84,-3,3
28218,96,101,-5,5
28219,134,128,6,6
28220,74,70,4,4
28221,121,135,-14,14
28222,81,91,-10,10
28223,58,57,1,1
28224,77,67,10,10
28225,97,92,5,5
28226,66,62,4,4
28227,104,100,4,4
28228,112,111,1,1
28229,59,57,2,2
28230,151,133,18,18
28231,111,98,13,13
28232,133,126,7,7
28233,76,76,0,0
28234,93,96,-3,3
28235,76,72,4,4
28236,85,77,8,8
28237,151,145,6,6
28238,76,75,1,1
28239,79,73,6,6
28240,172,178,-6,6
28241,148,130,18,18
28242,89,88,1,1
28243,87,75,12,12
28244,128,121,7,7
28245,71,69,2,2
28246,72,65,7,7
28247,77,77,0,0
28248,100,92,8,8
28249,107,106,1,1
28250,86,81,5,5
28251,81,70,11,11
28252,93,89,4,4
28253,56,54,2,2
28254,138,121,17,17
28255,77,79,-2,2
28256,175,164,11,11
28257,72,69,3,3
28258,93,89,4,4
28259,92,84,8,8
28260,104,114,-10,10
28261,132,116,16,16
28262,81,82,-1,1
28263,71,71,0,0
28264,140,138,2,2
28265,102,94,8,8
28266,53,56,-3,3
28267,87,89,-2,2
28268,147,137,10,10
28269,93,99,-6,6
28270,65,65,0,0
28271,154,137,17,17
28272,222,187,35,35
28273,107,95,12,12
28274,81,73,8,8
28275,59,61,-2,2
28276,63,60,3,3
28277,100,96,4,4
28278,89,78,11,11
28279,70,64,6,6
28280,90,88,2,2
28281,135,132,3,3
28282,112,103,9,9
28283,102,97,5,5
28284,126,124,2,2
28285,87,89,-2,2
28286,98,95,3,3
28287,128,109,19,19
28288,54,56,-2,2
28289,88,84,4,4
28290,79,73,6,6
28291,177,157,20,20
28292,110,101,9,9
28293,68,72,-4,4
28294,126,123,3,3
28295,115,110,5,5
28296,105,107,-2,2
28297,86,81,5,5
28298,66,96,-30,30
28299,65,58,7,7
28300,78,84,-6,6
28301,87,83,4,4
28302,108,101,7,7
28303,46,57,-11,11
28304,106,100,6,6
28305,127,112,15,15
28306,137,134,3,3
28307,84,73,11,11
28308,73,78,-5,5
28309,70,64,6,6
28310,76,69,7,7
28311,84,78,6,6
28312,125,92,33,33
28313,73,75,-2,2
28314,176,164,12,12
28315,97,88,9,9
28316,128,122,6,6
28317,74,73,1,1
28318,145,130,15,15
28319,93,92,1,1
28320,70,69,1,1
28321,67,78,-11,11
28322,84,82,2,2
28323,59,60,-1,1
28324,92,87,5,5
28325,112,103,9,9
28326,51,56,-5,5
28327,56,56,0,0
28328,92,87,5,5
28329,49,56,-7,7
28330,98,99,-1,1
28331,71,74,-3,3
28332,72,73,-1,1
28333,68,74,-6,6
28334,87,88,-1,1
28335,121,111,10,10
28336,94,91,3,3
28337,76,83,-7,7
28338,112,105,7,7
28339,69,58,11,11
28340,113,110,3,3
28341,129,128,1,1
28342,105,107,-2,2
28343,99,104,-5,5
28344,58,62,-4,4
28345,130,115,15,15
28346,85,80,5,5
28347,73,66,7,7
28348,56,54,2,2
28349,97,103,-6,6
28350,104,105,-1,1
28351,73,71,2,2
28352,111,99,12,12
28353,73,64,9,9
28354,98,85,13,13
28355,102,105,-3,3
28356,80,74,6,6
28357,47,53,-6,6
28358,102,109,-7,7
28359,76,74,2,2
28360,69,81,-12,12
28361,85,85,0,0
28362,111,112,-1,1
28363,34,51,-17,17
28364,137,136,1,1
28365,79,76,3,3
28366,72,78,-6,6
28367,62,68,-6,6
28368,91,85,6,6
28369,82,80,2,2
28370,120,130,-10,10
28371,92,96,-4,4
28372,110,107,3,3
28373,122,113,9,9
28374,119,109,10,10
28375,183,171,12,12
28376,61,66,-5,5
28377,97,85,12,12
28378,117,114,3,3
28379,71,72,-1,1
28380,100,84,16,16
28381,119,106,13,13
28382,94,80,14,14
28383,94,96,-2,2
28384,97,81,16,16
28385,62,57,5,5
28386,74,71,3,3
28387,104,105,-1,1
28388,143,140,3,3
28389,74,72,2,2
28390,126,117,9,9
28391,64,68,-4,4
28392,97,88,9,9
28393,82,80,2,2
28394,56,62,-6,6
28395,98,99,-1,1
28396,139,129,10,10
28397,102,104,-2,2
28398,100,100,0,0
28399,115,93,22,22
28400,138,117,21,21
28401,39,52,-13,13
28402,132,125,7,7
28403,127,128,-1,1
28404,98,86,12,12
28405,83,69,14,14
28406,106,109,-3,3
28407,161,142,19,19
28408,77,65,12,12
28409,76,84,-8,8
28410,96,86,10,10
28411,107,105,2,2
28412,85,249,-164,164
28413,79,78,1,1
28414,102,95,7,7
28415,57,56,1,1
28416,79,78,1,1
28417,76,84,-8,8
28418,82,83,-1,1
28419,56,55,1,1
28420,84,77,7,7
28421,110,98,12,12
28422,183,157,26,26
28423,118,119,-1,1
28424,100,91,9,9
28425,109,94,15,15
28426,101,93,8,8
28427,57,62,-5,5
28428,89,105,-16,16
28429,148,131,17,17
28430,202,188,14,14
28431,137,139,-2,2
28432,91,84,7,7
28433,112,109,3,3
28434,68,67,1,1
28435,83,78,5,5
28436,72,66,6,6
28437,79,75,4,4
28438,116,109,7,7
28439,54,56,-2,2
28440,87,87,0,0
28441,82,80,2,2
28442,104,96,8,8
28443,126,118,8,8
28444,106,106,0,0
28445,116,108,8,8
28446,91,92,-1,1
28447,77,73,4,4
28448,123,140,-17,17
28449,145,133,12,12
28450,88,80,8,8
28451,95,106,-11,11
28452,79,83,-4,4
28453,91,95,-4,4
28454,133,122,11,11
28455,165,166,-1,1
28456,61,65,-4,4
28457,63,65,-2,2
28458,120,114,6,6
28459,54,55,-1,1
28460,145,136,9,9
28461,130,124,6,6
28462,68,65,3,3
28463,55,57,-2,2
28464,90,84,6,6
28465,102,89,13,13
28466,52,55,-3,3
28467,102,99,3,3
28468,162,155,7,7
28469,85,91,-6,6
28470,81,81,0,0
28471,57,54,3,3
28472,82,75,7,7
28473,135,91,44,44
28474,43,53,-10,10
28475,82,71,11,11
28476,66,68,-2,2
28477,102,96,6,6
28478,70,69,1,1
28479,151,138,13,13
28480,127,123,4,4
28481,77,65,12,12
28482,137,121,16,16
28483,83,72,11,11
28484,183,161,22,22
28485,43,53,-10,10
28486,129,125,4,4
28487,58,56,2,2
28488,73,75,-2,2
28489,67,59,8,8
28490,57,59,-2,2
28491,133,141,-8,8
28492,76,74,2,2
28493,87,86,1,1
28494,76,77,-1,1
28495,99,87,12,12
28496,95,92,3,3
28497,56,60,-4,4
28498,146,134,12,12
28499,123,102,21,21
28500,93,112,-19,19
28501,71,67,4,4
28502,97,86,11,11
28503,122,106,16,16
28504,97,97,0,0
28505,86,79,7,7
28506,87,87,0,0
28507,134,120,14,14
28508,99,102,-3,3
28509,135,124,11,11
28510,85,79,6,6
28511,132,123,9,9
28512,54,56,-2,2
28513,77,82,-5,5
28514,63,68,-5,5
28515,138,134,4,4
28516,58,60,-2,2
28517,141,124,17,17
28518,161,152,9,9
28519,105,112,-7,7
28520,107,110,-3,3
28521,153,155,-2,2
28522,90,90,0,0
28523,147,142,5,5
28524,92,92,0,0
28525,34,53,-19,19
28526,90,93,-3,3
28527,50,56,-6,6
28528,83,75,8,8
28529,127,133,-6,6
28530,59,54,5,5
28531,57,60,-3,3
28532,115,114,1,1
28533,91,91,0,0
28534,143,128,15,15
28535,119,109,10,10
28536,97,93,4,4
28537,155,143,12,12
28538,128,116,12,12
28539,67,65,2,2
28540,60,61,-1,1
28541,103,92,11,11
28542,128,115,13,13
28543,100,90,10,10
28544,71,69,2,2
28545,85,83,2,2
28546,74,70,4,4
28547,172,135,37,37
28548,73,70,3,3
28549,51,61,-10,10
28550,76,73,3,3
28551,110,103,7,7
28552,125,110,15,15
28553,49,56,-7,7
28554,145,131,14,14
28555,81,74,7,7
28556,79,94,-15,15
28557,108,103,5,5
28558,95,89,6,6
28559,66,55,11,11
28560,78,74,4,4
28561,41,55,-14,14
28562,89,77,12,12
28563,60,59,1,1
28564,88,80,8,8
28565,54,60,-6,6
28566,112,101,11,11
28567,135,116,19,19
28568,123,116,7,7
28569,76,91,-15,15
28570,82,77,5,5
28571,38,52,-14,14
28572,51,54,-3,3
28573,33,52,-19,19
28574,100,93,7,7
28575,64,69,-5,5
28576,98,99,-1,1
28577,104,93,11,11
28578,108,107,1,1
28579,112,105,7,7
28580,54,56,-2,2
28581,75,75,0,0
28582,89,94,-5,5
28583,137,123,14,14
28584,66,60,6,6
28585,81,80,1,1
28586,91,95,-4,4
28587,84,83,1,1
28588,52,57,-5,5
28589,64,68,-4,4
28590,176,165,11,11
28591,59,63,-4,4
28592,70,63,7,7
28593,69,62,7,7
28594,83,102,-19,19
28595,71,75,-4,4
28596,61,61,0,0
28597,65,61,4,4
28598,94,111,-17,17
28599,53,54,-1,1
28600,66,59,7,7
28601,93,89,4,4
28602,66,61,5,5
28603,75,69,6,6
28604,96,98,-2,2
28605,66,61,5,5
28606,158,125,33,33
28607,80,64,16,16
28608,67,60,7,7
28609,67,67,0,0
28610,79,76,3,3
28611,57,60,-3,3
28612,66,69,-3,3
28613,44,53,-9,9
28614,59,55,4,4
28615,150,130,20,20
28616,128,118,10,10
28617,74,73,1,1
28618,38,52,-14,14
28619,51,53,-2,2
28620,123,120,3,3
28621,61,55,6,6
28622,77,63,14,14
28623,61,62,-1,1
28624,94,86,8,8
28625,104,107,-3,3
28626,62,70,-8,8
28627,115,105,10,10
28628,122,103,19,19
28629,96,93,3,3
28630,84,82,2,2
28631,119,108,11,11
28632,99,92,7,7
28633,85,80,5,5
28634,118,104,14,14
28635,144,125,19,19
28636,54,56,-2,2
28637,152,133,19,19
28638,47,55,-8,8
28639,67,64,3,3
28640,81,79,2,2
28641,125,120,5,5
28642,104,92,12,12
28643,63,70,-7,7
28644,71,61,10,10
28645,56,59,-3,3
28646,144,133,11,11
28647,125,131,-6,6
28648,64,61,3,3
28649,108,93,15,15
28650,87,78,9,9
28651,66,69,-3,3
28652,83,85,-2,2
28653,102,97,5,5
28654,120,113,7,7
28655,114,110,4,4
28656,114,104,10,10
28657,148,137,11,11
28658,100,95,5,5
28659,76,69,7,7
28660,53,59,-6,6
28661,104,105,-1,1
28662,101,104,-3,3
28663,93,89,4,4
28664,50,56,-6,6
28665,47,53,-6,6
28666,137,129,8,8
28667,109,101,8,8
28668,83,94,-11,11
28669,32,51,-19,19
28670,69,63,6,6
28671,92,84,8,8
28672,78,80,-2,2
28673,96,108,-12,12
28674,92,78,14,14
28675,53,58,-5,5
28676,144,138,6,6
28677,107,94,13,13
28678,112,105,7,7
28679,72,63,9,9
28680,108,97,11,11
28681,84,74,10,10
28682,54,57,-3,3
28683,82,111,-29,29
28684,98,86,12,12
28685,73,74,-1,1
28686,50,61,-11,11
28687,89,87,2,2
28688,66,63,3,3
28689,140,135,5,5
28690,97,92,5,5
28691,77,82,-5,5
28692,106,80,26,26
28693,73,71,2,2
28694,122,110,12,12
28695,80,78,2,2
28696,60,59,1,1
28697,90,80,10,10
28698,83,83,0,0
28699,86,86,0,0
28700,33,52,-19,19
28701,134,122,12,12
28702,117,117,0,0
28703,60,61,-1,1
28704,116,107,9,9
28705,110,115,-5,5
28706,129,122,7,7
28707,88,84,4,4
28708,76,71,5,5
28709,171,154,17,17
28710,98,80,18,18
28711,100,92,8,8
28712,66,62,4,4
28713,140,123,17,17
28714,101,83,18,18
28715,61,56,5,5
28716,89,82,7,7
28717,93,91,2,2
28718,101,90,11,11
28719,63,68,-5,5
28720,85,84,1,1
28721,94,96,-2,2
28722,114,128,-14,14
28723,104,104,0,0
28724,78,75,3,3
28725,108,120,-12,12
28726,57,56,1,1
28727,38,53,-15,15
28728,69,70,-1,1
28729,106,101,5,5
28730,77,75,2,2
28731,235,218,17,17
28732,98,97,1,1
28733,111,104,7,7
28734,70,84,-14,14
28735,102,94,8,8
28736,92,94,-2,2
28737,67,72,-5,5
28738,83,85,-2,2
28739,71,69,2,2
28740,92,71,21,21
28741,59,61,-2,2
28742,90,87,3,3
28743,71,65,6,6
28744,52,58,-6,6
28745,109,89,20,20
28746,105,112,-7,7
28747,79,74,5,5
28748,81,73,8,8
28749,84,85,-1,1
28750,80,70,10,10
28751,56,63,-7,7
28752,84,80,4,4
28753,44,52,-8,8
28754,85,84,1,1
28755,62,63,-1,1
28756,83,74,9,9
28757,59,74,-15,15
28758,92,85,7,7
28759,99,102,-3,3
28760,131,141,-10,10
28761,58,60,-2,2
28762,164,145,19,19
28763,132,113,19,19
28764,73,66,7,7
28765,82,82,0,0
28766,57,61,-4,4
28767,97,102,-5,5
28768,26,55,-29,29
28769,107,95,12,12
28770,88,77,11,11
28771,84,85,-1,1
28772,82,81,1,1
28773,141,136,5,5
28774,78,72,6,6
28775,146,138,8,8
28776,84,76,8,8
28777,93,82,11,11
28778,74,72,2,2
28779,139,123,16,16
28780,125,122,3,3
28781,65,67,-2,2
28782,101,103,-2,2
28783,114,117,-3,3
28784,54,58,-4,4
28785,99,89,10,10
28786,83,83,0,0
28787,128,119,9,9
28788,90,92,-2,2
28789,77,73,4,4
28790,68,57,11,11
28791,78,88,-10,10
28792,76,74,2,2
28793,85,78,7,7
28794,106,105,1,1
28795,207,165,42,42
28796,105,102,3,3
28797,110,110,0,0
28798,86,77,9,9
28799,166,131,35,35
28800,118,112,6,6
28801,99,93,6,6
28802,80,85,-5,5
28803,27,55,-28,28
28804,125,106,19,19
28805,92,91,1,1
28806,85,77,8,8
28807,91,89,2,2
28808,61,56,5,5
28809,86,76,10,10
28810,50,55,-5,5
28811,101,100,1,1
28812,79,63,16,16
28813,82,96,-14,14
28814,63,56,7,7
28815,100,91,9,9
28816,103,84,19,19
28817,150,134,16,16
28818,86,74,12,12
28819,72,78,-6,6
28820,54,55,-1,1
28821,136,132,4,4
28822,60,57,3,3
28823,118,107,11,11
28824,64,56,8,8
28825,78,72,6,6
28826,76,66,10,10
28827,145,134,11,11
28828,62,69,-7,7
28829,98,95,3,3
28830,100,100,0,0
28831,142,128,14,14
28832,77,85,-8,8
28833,81,88,-7,7
28834,79,79,0,0
28835,78,73,5,5
28836,84,89,-5,5
28837,63,59,4,4
28838,94,89,5,5
28839,89,83,6,6
28840,78,73,5,5
28841,132,135,-3,3
28842,151,135,16,16
28843,156,138,18,18
28844,41,54,-13,13
28845,106,103,3,3
28846,99,98,1,1
28847,42,54,-12,12
28848,79,72,7,7
28849,60,73,-13,13
28850,136,134,2,2
28851,130,126,4,4
28852,136,136,0,0
28853,81,72,9,9
28854,112,107,5,5
28855,60,60,0,0
28856,93,75,18,18
28857,103,105,-2,2
28858,180,160,20,20
28859,93,87,6,6
28860,172,161,11,11
28861,95,108,-13,13
28862,79,88,-9,9
28863,55,59,-4,4
28864,105,104,1,1
28865,118,110,8,8
28866,111,103,8,8
28867,66,69,-3,3
28868,146,123,23,23
28869,81,107,-26,26
28870,75,68,7,7
28871,79,80,-1,1
28872,64,61,3,3
28873,97,97,0,0
28874,103,98,5,5
28875,68,68,0,0
28876,74,78,-4,4
28877,80,72,8,8
28878,90,70,20,20
28879,59,58,1,1
28880,109,107,2,2
28881,90,86,4,4
28882,71,75,-4,4
28883,108,102,6,6
28884,83,72,11,11
28885,130,119,11,11
28886,85,85,0,0
28887,49,58,-9,9
28888,73,71,2,2
28889,104,102,2,2
28890,131,124,7,7
28891,69,67,2,2
28892,102,95,7,7
28893,74,72,2,2
28894,58,58,0,0
28895,167,148,19,19
28896,144,131,13,13
28897,108,106,2,2
28898,70,68,2,2
28899,84,81,3,3
28900,50,53,-3,3
28901,68,69,-1,1
28902,128,128,0,0
28903,106,105,1,1
28904,63,62,1,1
28905,61,101,-40,40
28906,82,73,9,9
28907,100,102,-2,2
28908,92,87,5,5
28909,75,81,-6,6
28910,132,123,9,9
28911,85,90,-5,5
28912,183,160,23,23
28913,115,104,11,11
28914,125,121,4,4
28915,99,94,5,5
28916,102,98,4,4
28917,125,125,0,0
28918,75,72,3,3
28919,173,158,15,15
28920,66,69,-3,3
28921,90,78,12,12
28922,88,85,3,3
28923,124,122,2,2
28924,70,69,1,1
28925,93,83,10,10
28926,64,56,8,8
28927,60,54,6,6
28928,134,131,3,3
28929,104,95,9,9
28930,44,52,-8,8
28931,109,93,16,16
28932,68,60,8,8
28933,81,79,2,2
28934,103,98,5,5
28935,99,97,2,2
28936,80,76,4,4
28937,104,104,0,0
28938,67,70,-3,3
28939,126,116,10,10
28940,53,54,-1,1
28941,135,122,13,13
28942,95,78,17,17
28943,95,96,-1,1
28944,63,65,-2,2
28945,140,121,19,19
28946,71,77,-6,6
28947,79,74,5,5
28948,47,74,-27,27
28949,87,93,-6,6
28950,57,58,-1,1
28951,81,77,4,4
28952,53,57,-4,4
28953,88,93,-5,5
28954,109,109,0,0
28955,85,84,1,1
28956,114,106,8,8
28957,81,80,1,1
28958,85,91,-6,6
28959,95,91,4,4
28960,61,69,-8,8
28961,65,63,2,2
28962,47,64,-17,17
28963,57,55,2,2
28964,66,73,-7,7
28965,86,87,-1,1
28966,76,73,3,3
28967,143,126,17,17
28968,79,93,-14,14
28969,87,74,13,13
28970,99,92,7,7
28971,103,109,-6,6
28972,83,72,11,11
28973,116,112,4,4
28974,128,119,9,9
28975,159,148,11,11
28976,113,100,13,13
28977,124,113,11,11
28978,81,85,-4,4
28979,66,55,11,11
28980,82,64,18,18
28981,58,64,-6,6
28982,101,103,-2,2
28983,67,75,-8,8
28984,97,82,15,15
28985,78,79,-1,1
28986,104,104,0,0
28987,117,111,6,6
28988,82,87,-5,5
28989,125,124,1,1
28990,152,145,7,7
28991,92,94,-2,2
28992,128,114,14,14
28993,68,68,0,0
28994,101,90,11,11
28995,96,93,3,3
28996,98,96,2,2
28997,134,120,14,14
28998,106,106,0,0
28999,54,56,-2,2
29000,88,93,-5,5
29001,66,60,6,6
29002,99,94,5,5
29003,82,79,3,3
29004,118,120,-2,2
29005,66,61,5,5
29006,96,89,7,7
29007,139,131,8,8
29008,25,54,-29,29
29009,123,110,13,13
29010,130,122,8,8
29011,92,85,7,7
29012,80,78,2,2
29013,67,58,9,9
29014,71,65,6,6
29015,92,92,0,0
29016,113,97,16,16
29017,67,76,-9,9
29018,58,60,-2,2
29019,39,83,-44,44
29020,78,80,-2,2
29021,113,94,19,19
29022,50,55,-5,5
29023,66,61,5,5
29024,88,82,6,6
29025,88,95,-7,7
29026,131,114,17,17
29027,64,77,-13,13
29028,91,86,5,5
29029,101,84,17,17
29030,110,100,10,10
29031,56,63,-7,7
29032,77,74,3,3
29033,129,123,6,6
29034,91,101,-10,10
29035,97,99,-2,2
29036,98,96,2,2
29037,75,75,0,0
29038,109,87,22,22
29039,64,69,-5,5
29040,71,72,-1,1
29041,54,55,-1,1
29042,59,61,-2,2
29043,145,134,11,11
29044,86,75,11,11
29045,56,55,1,1
29046,79,82,-3,3
29047,114,113,1,1
29048,65,68,-3,3
29049,104,91,13,13
29050,61,67,-6,6
29051,155,146,9,9
29052,106,98,8,8
29053,48,63,-15,15
29054,173,139,34,34
29055,31,53,-22,22
29056,87,88,-1,1
29057,147,139,8,8
29058,79,81,-2,2
29059,92,101,-9,9
29060,100,85,15,15
29061,118,123,-5,5
29062,83,77,6,6
29063,72,70,2,2
29064,101,93,8,8
29065,83,84,-1,1
29066,94,92,2,2
29067,103,106,-3,3
29068,73,72,1,1
29069,179,164,15,15
29070,115,102,13,13
29071,85,79,6,6
29072,101,96,5,5
29073,130,125,5,5
29074,155,155,0,0
29075,65,63,2,2
29076,116,116,0,0
29077,71,75,-4,4
29078,78,83,-5,5
29079,129,125,4,4
29080,78,69,9,9
29081,141,127,14,14
29082,139,122,17,17
29083,90,83,7,7
29084,174,157,17,17
29085,92,87,5,5
29086,76,75,1,1
29087,40,52,-12,12
29088,36,53,-17,17
29089,78,72,6,6
29090,89,91,-2,2
29091,63,64,-1,1
29092,79,72,7,7
29093,127,110,17,17
29094,61,67,-6,6
29095,118,75,43,43
29096,112,99,13,13
29097,131,123,8,8
29098,78,75,3,3
29099,95,90,5,5
29100,75,74,1,1
29101,170,154,16,16
29102,97,96,1,1
29103,62,61,1,1
29104,130,118,12,12
29105,116,127,-11,11
29106,72,75,-3,3
29107,89,82,7,7
29108,95,95,0,0
29109,82,79,3,3
29110,54,59,-5,5
29111,102,96,6,6
29112,106,100,6,6
29113,138,128,10,10
29114,90,91,-1,1
29115,53,64,-11,11
29116,111,91,20,20
29117,91,85,6,6
29118,84,86,-2,2
29119,116,100,16,16
29120,119,108,11,11
29121,82,80,2,2
29122,102,92,10,10
29123,64,63,1,1
29124,40,54,-14,14
29125,104,104,0,0
29126,73,70,3,3
29127,92,86,6,6
29128,127,104,23,23
29129,155,143,12,12
29130,82,81,1,1
29131,86,83,3,3
29132,61,55,6,6
29133,136,122,14,14
29134,123,128,-5,5
29135,40,54,-14,14
29136,103,92,11,11
29137,145,141,4,4
29138,92,95,-3,3
29139,60,81,-21,21
29140,71,66,5,5
29141,63,62,1,1
29142,51,57,-6,6
29143,92,88,4,4
29144,48,59,-11,11
29145,66,66,0,0
29146,165,146,19,19
29147,114,105,9,9
29148,48,59,-11,11
29149,121,110,11,11
29150,134,125,9,9
29151,68,63,5,5
29152,34,53,-19,19
29153,68,62,6,6
29154,72,73,-1,1
29155,63,61,2,2
29156,59,65,-6,6
29157,94,92,2,2
29158,59,55,4,4
29159,77,84,-7,7
29160,119,105,14,14
29161,134,130,4,4
29162,120,112,8,8
29163,90,81,9,9
29164,79,73,6,6
29165,70,68,2,2
29166,103,96,7,7
29167,111,92,19,19
29168,62,61,1,1
29169,139,117,22,22
29170,138,135,3,3
29171,213,197,16,16
29172,73,72,1,1
29173,116,112,4,4
29174,135,129,6,6
29175,77,66,11,11
29176,89,78,11,11
29177,40,52,-12,12
29178,82,73,9,9
29179,101,106,-5,5
29180,81,90,-9,9
29181,159,149,10,10
29182,89,91,-2,2
29183,74,78,-4,4
29184,106,101,5,5
29185,53,61,-8,8
29186,98,115,-17,17
29187,96,92,4,4
29188,116,115,1,1
29189,68,69,-1,1
29190,74,72,2,2
29191,167,159,8,8
29192,90,97,-7,7
29193,106,96,10,10
29194,62,55,7,7
29195,46,53,-7,7
29196,68,76,-8,8
29197,73,70,3,3
29198,78,73,5,5
29199,58,59,-1,1
29200,129,120,9,9
29201,79,85,-6,6
29202,92,84,8,8
29203,34,54,-20,20
29204,81,63,18,18
29205,73,63,10,10
29206,171,160,11,11
29207,90,95,-5,5
29208,70,81,-11,11
29209,199,187,12,12
29210,68,62,6,6
29211,161,151,10,10
29212,46,57,-11,11
29213,61,63,-2,2
29214,112,107,5,5
29215,133,119,14,14
29216,91,79,12,12
29217,80,87,-7,7
29218,160,130,30,30
29219,90,86,4,4
29220,103,90,13,13
29221,87,73,14,14
29222,148,132,16,16
29223,183,126,57,57
29224,87,79,8,8
29225,161,147,14,14
29226,80,74,6,6
29227,128,124,4,4
29228,123,115,8,8
29229,159,139,20,20
29230,48,52,-4,4
29231,77,79,-2,2
29232,87,83,4,4
29233,53,54,-1,1
29234,118,109,9,9
29235,89,67,22,22
29236,76,72,4,4
29237,145,129,16,16
29238,125,106,19,19
29239,97,102,-5,5
29240,49,55,-6,6
29241,62,74,-12,12
29242,81,85,-4,4
29243,136,131,5,5
29244,100,97,3,3
29245,187,190,-3,3
29246,105,104,1,1
29247,176,159,17,17
29248,113,106,7,7
29249,115,116,-1,1
29250,86,86,0,0
29251,120,105,15,15
29252,74,79,-5,5
29253,86,94,-8,8
29254,99,106,-7,7
29255,70,64,6,6
29256,109,111,-2,2
29257,110,98,12,12
29258,102,101,1,1
29259,156,142,14,14
29260,107,107,0,0
29261,53,56,-3,3
29262,121,112,9,9
29263,97,94,3,3
29264,103,110,-7,7
29265,66,61,5,5
29266,108,119,-11,11
29267,59,63,-4,4
29268,64,67,-3,3
29269,70,69,1,1
29270,86,81,5,5
29271,118,109,9,9
29272,61,63,-2,2
29273,120,106,14,14
29274,112,102,10,10
29275,176,147,29,29
29276,61,61,0,0
29277,89,97,-8,8
29278,115,100,15,15
29279,112,99,13,13
29280,110,105,5,5
29281,92,88,4,4
29282,124,112,12,12
29283,60,58,2,2
29284,70,64,6,6
29285,98,87,11,11
29286,77,76,1,1
29287,60,55,5,5
29288,149,142,7,7
29289,135,126,9,9
29290,71,67,4,4
29291,47,55,-8,8
29292,141,123,18,18
29293,76,82,-6,6
29294,85,76,9,9
29295,66,66,0,0
29296,86,83,3,3
29297,144,132,12,12
29298,74,77,-3,3
29299,181,162,19,19
29300,79,80,-1,1
29301,106,94,12,12
29302,138,125,13,13
29303,91,69,22,22
29304,76,72,4,4
29305,140,124,16,16
29306,77,76,1,1
29307,54,62,-8,8
29308,71,72,-1,1
29309,110,96,14,14
29310,90,83,7,7
29311,116,116,0,0
29312,83,78,5,5
29313,59,66,-7,7
29314,92,88,4,4
29315,144,131,13,13
29316,67,56,11,11
29317,105,97,8,8
29318,62,59,3,3
29319,136,122,14,14
29320,111,111,0,0
29321,64,68,-4,4
29322,73,58,15,15
29323,86,92,-6,6
29324,84,81,3,3
29325,74,75,-1,1
29326,135,128,7,7
29327,119,107,12,12
29328,83,86,-3,3
29329,102,97,5,5
29330,84,89,-5,5
29331,66,113,-47,47
29332,47,53,-6,6
29333,97,87,10,10
29334,106,102,4,4
29335,75,73,2,2
29336,108,114,-6,6
29337,154,138,16,16
29338,91,84,7,7
29339,75,77,-2,2
29340,155,134,21,21
29341,75,83,-8,8
29342,211,178,33,33
29343,69,63,6,6
29344,52,54,-2,2
29345,84,66,18,18
29346,89,86,3,3
29347,79,73,6,6
29348,78,82,-4,4
29349,90,81,9,9
29350,305,250,55,55
29351,83,85,-2,2
29352,193,176,17,17
29353,124,125,-1,1
29354,46,53,-7,7
29355,85,74,11,11
29356,84,85,-1,1
29357,98,93,5,5
29358,72,73,-1,1
29359,60,62,-2,2
29360,102,96,6,6
29361,92,83,9,9
29362,102,100,2,2
29363,74,80,-6,6
29364,114,103,11,11
29365,86,93,-7,7
29366,114,110,4,4
29367,151,153,-2,2
29368,91,87,4,4
29369,78,66,12,12
29370,153,141,12,12
29371,80,88,-8,8
29372,108,105,3,3
29373,88,74,14,14
29374,153,134,19,19
29375,71,72,-1,1
29376,95,94,1,1
29377,127,113,14,14
29378,139,136,3,3
29379,46,52,-6,6
29380,124,118,6,6
29381,93,92,1,1
29382,114,102,12,12
29383,93,80,13,13
29384,67,63,4,4
29385,110,107,3,3
29386,63,63,0,0
29387,70,62,8,8
29388,87,81,6,6
29389,122,115,7,7
29390,107,107,0,0
29391,153,139,14,14
29392,94,92,2,2
29393,101,97,4,4
29394,78,79,-1,1
29395,82,91,-9,9
29396,88,82,6,6
29397,94,78,16,16
29398,37,54,-17,17
29399,67,64,3,3
29400,85,76,9,9
29401,105,87,18,18
29402,40,64,-24,24
29403,194,170,24,24
29404,123,116,7,7
29405,87,74,13,13
29406,102,95,7,7
29407,145,130,15,15
29408,68,65,3,3
29409,159,133,26,26
29410,82,81,1,1
29411,83,70,13,13
29412,82,76,6,6
29413,69,59,10,10
29414,103,96,7,7
29415,105,101,4,4
29416,100,107,-7,7
29417,55,55,0,0
29418,80,80,0,0
29419,73,79,-6,6
29420,51,81,-30,30
29421,124,114,10,10
29422,52,53,-1,1
29423,115,129,-14,14
29424,116,107,9,9
29425,101,102,-1,1
29426,63,59,4,4
29427,52,56,-4,4
29428,84,75,9,9
29429,142,134,8,8
29430,71,71,0,0
29431,82,89,-7,7
29432,85,91,-6,6
29433,74,68,6,6
29434,61,53,8,8
29435,107,107,0,0
29436,98,93,5,5
29437,80,79,1,1
29438,69,76,-7,7
29439,64,64,0,0
29440,137,122,15,15
29441,77,71,6,6
29442,94,100,-6,6
29443,86,81,5,5
29444,60,64,-4,4
29445,54,64,-10,10
29446,62,61,1,1
29447,86,84,2,2
29448,60,56,4,4
29449,64,63,1,1
29450,91,92,-1,1
29451,71,66,5,5
29452,78,84,-6,6
29453,104,97,7,7
29454,103,103,0,0
29455,167,164,3,3
29456,129,109,20,20
29457,125,136,-11,11
29458,108,110,-2,2
29459,77,77,0,0
29460,121,122,-1,1
29461,77,72,5,5
29462,61,68,-7,7
29463,67,65,2,2
29464,96,86,10,10
29465,113,120,-7,7
29466,70,68,2,2
29467,79,69,10,10
29468,91,92,-1,1
29469,86,92,-6,6
29470,74,73,1,1
29471,78,83,-5,5
29472,117,93,24,24
29473,82,68,14,14
29474,79,80,-1,1
29475,138,143,-5,5
29476,92,83,9,9
29477,69,63,6,6
29478,81,87,-6,6
29479,73,73,0,0
29480,100,101,-1,1
29481,51,52,-1,1
29482,60,62,-2,2
29483,109,98,11,11
29484,131,125,6,6
29485,71,72,-1,1
29486,77,79,-2,2
29487,97,105,-8,8
29488,69,64,5,5
29489,124,112,12,12
29490,69,66,3,3
29491,131,122,9,9
29492,87,88,-1,1
29493,178,166,12,12
29494,111,107,4,4
29495,122,105,17,17
29496,155,138,17,17
29497,136,109,27,27
29498,113,118,-5,5
29499,64,67,-3,3
29500,111,103,8,8
29501,94,91,3,3
29502,58,61,-3,3
29503,89,80,9,9
29504,82,77,5,5
29505,87,92,-5,5
29506,50,60,-10,10
29507,79,71,8,8
29508,140,121,19,19
29509,134,210,-76,76
29510,119,106,13,13
29511,140,139,1,1
29512,119,113,6,6
29513,52,55,-3,3
29514,124,132,-8,8
29515,131,104,27,27
29516,45,54,-9,9
29517,70,66,4,4
29518,99,96,3,3
29519,82,76,6,6
29520,73,68,5,5
29521,120,121,-1,1
29522,107,109,-2,2
29523,88,86,2,2
29524,82,77,5,5
29525,59,57,2,2
29526,90,95,-5,5
29527,56,62,-6,6
29528,113,108,5,5
29529,78,69,9,9
29530,61,66,-5,5
29531,89,86,3,3
29532,44,55,-11,11
29533,62,58,4,4
29534,111,110,1,1
29535,75,73,2,2
29536,74,71,3,3
29537,79,69,10,10
29538,89,88,1,1
29539,94,90,4,4
29540,116,108,8,8
29541,120,107,13,13
29542,180,161,19,19
29543,48,52,-4,4
29544,85,82,3,3
29545,112,100,12,12
29546,114,95,19,19
29547,78,74,4,4
29548,111,122,-11,11
29549,71,71,0,0
29550,64,65,-1,1
29551,47,52,-5,5
29552,85,86,-1,1
29553,90,94,-4,4
29554,137,118,19,19
29555,138,133,5,5
29556,64,59,5,5
29557,78,72,6,6
29558,42,53,-11,11
29559,98,92,6,6
29560,59,53,6,6
29561,76,84,-8,8
29562,106,98,8,8
29563,33,52,-19,19
29564,121,117,4,4
29565,108,94,14,14
29566,76,78,-2,2
29567,64,59,5,5
29568,73,61,12,12
29569,112,103,9,9
29570,105,95,10,10
29571,59,67,-8,8
29572,205,170,35,35
29573,78,82,-4,4
29574,79,85,-6,6
29575,123,116,7,7
29576,83,79,4,4
29577,115,109,6,6
29578,75,74,1,1
29579,86,87,-1,1
29580,111,120,-9,9
29581,82,106,-24,24
29582,157,148,9,9
29583,58,56,2,2
29584,101,94,7,7
29585,99,94,5,5
29586,96,94,2,2
29587,133,139,-6,6
29588,93,90,3,3
29589,79,74,5,5
29590,87,67,20,20
29591,101,104,-3,3
29592,73,68,5,5
29593,76,71,5,5
29594,110,95,15,15
29595,100,95,5,5
29596,87,84,3,3
29597,126,126,0,0
29598,81,71,10,10
29599,70,76,-6,6
29600,139,132,7,7
29601,74,70,4,4
29602,147,116,31,31
29603,92,83,9,9
29604,133,109,24,24
29605,87,84,3,3
29606,96,96,0,0
29607,70,95,-25,25
29608,75,79,-4,4
29609,121,115,6,6
29610,88,84,4,4
29611,96,96,0,0
29612,196,136,60,60
29613,90,92,-2,2
29614,110,105,5,5
29615,59,59,0,0
29616,131,123,8,8
29617,56,56,0,0
29618,98,101,-3,3
29619,94,86,8,8
29620,73,77,-4,4
29621,52,55,-3,3
29622,97,86,11,11
29623,119,109,10,10
29624,94,82,12,12
29625,144,133,11,11
29626,128,117,11,11
29627,81,72,9,9
29628,101,91,10,10
29629,138,125,13,13
29630,68,64,4,4
29631,124,99,25,25
29632,61,72,-11,11
29633,118,104,14,14
29634,69,69,0,0
29635,84,82,2,2
29636,175,149,26,26
29637,54,54,0,0
29638,72,77,-5,5
29639,82,71,11,11
29640,102,88,14,14
29641,107,98,9,9
29642,110,104,6,6
29643,128,119,9,9
29644,132,130,2,2
29645,80,76,4,4
29646,60,62,-2,2
29647,54,57,-3,3
29648,89,90,-1,1
29649,90,93,-3,3
29650,62,77,-15,15
29651,64,80,-16,16
29652,74,68,6,6
29653,123,196,-73,73
29654,77,74,3,3
29655,79,74,5,5
29656,88,87,1,1
29657,77,82,-5,5
29658,96,99,-3,3
29659,80,76,4,4
29660,104,99,5,5
29661,46,56,-10,10
29662,70,76,-6,6
29663,93,96,-3,3
29664,103,95,8,8
29665,117,102,15,15
29666,80,79,1,1
29667,93,88,5,5
29668,88,89,-1,1
29669,101,91,10,10
29670,69,69,0,0
29671,97,92,5,5
29672,56,57,-1,1
29673,101,94,7,7
29674,122,115,7,7
29675,95,95,0,0
29676,113,108,5,5
29677,150,135,15,15
29678,164,158,6,6
29679,87,84,3,3
29680,128,119,9,9
29681,66,69,-3,3
29682,68,57,11,11
29683,120,110,10,10
29684,151,144,7,7
29685,72,64,8,8
29686,89,93,-4,4
29687,231,210,21,21
29688,49,63,-14,14
29689,68,60,8,8
29690,81,74,7,7
29691,96,94,2,2
29692,123,105,18,18
29693,88,84,4,4
29694,188,169,19,19
29695,78,67,11,11
29696,78,73,5,5
29697,105,104,1,1
29698,102,96,6,6
29699,74,82,-8,8
29700,74,78,-4,4
29701,63,65,-2,2
29702,106,99,7,7
29703,90,80,10,10
29704,100,94,6,6
29705,106,97,9,9
29706,74,74,0,0
29707,75,77,-2,2
29708,119,126,-7,7
29709,115,109,6,6
29710,125,111,14,14
29711,106,97,9,9
29712,113,110,3,3
29713,81,77,4,4
29714,84,76,8,8
29715,79,86,-7,7
29716,129,116,13,13
29717,55,55,0,0
29718,99,98,1,1
29719,88,89,-1,1
29720,129,108,21,21
29721,92,88,4,4
29722,113,113,0,0
29723,67,65,2,2
29724,96,104,-8,8
29725,64,70,-6,6
29726,132,136,-4,4
29727,172,149,23,23
29728,104,104,0,0
29729,83,72,11,11
29730,70,82,-12,12
29731,104,97,7,7
29732,78,66,12,12
29733,66,77,-11,11
29734,81,79,2,2
29735,63,66,-3,3
29736,74,78,-4,4
29737,109,89,20,20
29738,70,66,4,4
29739,91,78,13,13
29740,95,92,3,3
29741,76,74,2,2
29742,68,63,5,5
29743,92,87,5,5
29744,65,65,0,0
29745,36,52,-16,16
29746,105,104,1,1
29747,110,104,6,6
29748,121,114,7,7
29749,49,52,-3,3
29750,98,79,19,19
29751,117,105,12,12
29752,52,98,-46,46
29753,84,86,-2,2
29754,148,139,9,9
29755,63,60,3,3
29756,63,69,-6,6
29757,92,92,0,0
29758,85,77,8,8
29759,93,85,8,8
29760,88,70,18,18
29761,80,78,2,2
29762,83,82,1,1
29763,61,65,-4,4
29764,76,73,3,3
29765,81,86,-5,5
29766,75,65,10,10
29767,61,55,6,6
29768,110,104,6,6
29769,91,84,7,7
29770,63,57,6,6
29771,126,123,3,3
29772,102,89,13,13
29773,102,93,9,9
29774,107,99,8,8
29775,49,54,-5,5
29776,71,74,-3,3
29777,70,82,-12,12
29778,94,93,1,1
29779,201,180,21,21
29780,80,83,-3,3
29781,62,58,4,4
29782,97,93,4,4
29783,77,75,2,2
29784,74,86,-12,12
29785,55,61,-6,6
29786,88,82,6,6
29787,27,51,-24,24
29788,64,60,4,4
29789,95,106,-11,11
29790,74,72,2,2
29791,99,103,-4,4
29792,68,66,2,2
29793,65,66,-1,1
29794,97,96,1,1
29795,73,73,0,0
29796,88,97,-9,9
29797,121,123,-2,2
29798,102,93,9,9
29799,101,102,-1,1
29800,78,84,-6,6
29801,156,139,17,17
29802,76,81,-5,5
29803,66,62,4,4
29804,91,98,-7,7
29805,82,74,8,8
29806,150,142,8,8
29807,46,53,-7,7
29808,164,155,9,9
29809,134,127,7,7
29810,124,113,11,11
29811,75,76,-1,1
29812,64,70,-6,6
29813,207,185,22,22
29814,125,125,0,0
29815,143,125,18,18
29816,79,70,9,9
29817,62,61,1,1
29818,149,146,3,3
29819,136,130,6,6
29820,48,55,-7,7
29821,117,105,12,12
29822,50,55,-5,5
29823,88,81,7,7
29824,62,62,0,0
29825,37,53,-16,16
29826,142,123,19,19
29827,59,59,0,0
29828,123,115,8,8
29829,78,75,3,3
29830,117,107,10,10
29831,84,87,-3,3
29832,191,167,24,24
29833,176,151,25,25
29834,68,65,3,3
29835,58,55,3,3
29836,74,71,3,3
29837,166,153,13,13
29838,178,163,15,15
29839,102,101,1,1
29840,106,96,10,10
29841,121,121,0,0
29842,157,148,9,9
29843,60,57,3,3
29844,116,105,11,11
29845,133,129,4,4
29846,50,54,-4,4
29847,90,88,2,2
29848,138,123,15,15
29849,216,198,18,18
29850,114,110,4,4
29851,107,103,4,4
29852,68,59,9,9
29853,52,58,-6,6
29854,139,127,12,12
29855,98,86,12,12
29856,143,131,12,12
29857,97,85,12,12
29858,80,82,-2,2
29859,60,58,2,2
29860,104,99,5,5
29861,102,104,-2,2
29862,155,145,10,10
29863,157,140,17,17
29864,122,101,21,21
29865,89,85,4,4
29866,68,64,4,4
29867,68,65,3,3
29868,102,104,-2,2
29869,107,109,-2,2
29870,62,59,3,3
29871,145,142,3,3
29872,92,86,6,6
29873,113,101,12,12
29874,72,64,8,8
29875,67,64,3,3
29876,86,82,4,4
29877,78,78,0,0
29878,94,92,2,2
29879,103,87,16,16
29880,145,142,3,3
29881,74,79,-5,5
29882,128,129,-1,1
29883,146,117,29,29
29884,54,60,-6,6
29885,162,142,20,20
29886,150,145,5,5
29887,57,62,-5,5
29888,118,117,1,1
29889,37,54,-17,17
29890,121,106,15,15
29891,130,116,14,14
29892,62,63,-1,1
29893,66,66,0,0
29894,119,97,22,22
29895,120,105,15,15
29896,100,106,-6,6
29897,121,126,-5,5
29898,85,89,-4,4
29899,99,91,8,8
29900,63,65,-2,2
29901,98,84,14,14
29902,62,58,4,4
29903,78,73,5,5
29904,61,59,2,2
29905,110,98,12,12
29906,90,86,4,4
29907,125,97,28,28
29908,59,57,2,2
29909,83,71,12,12
29910,103,111,-8,8
29911,66,63,3,3
29912,131,124,7,7
29913,72,75,-3,3
29914,56,60,-4,4
29915,110,109,1,1
29916,72,72,0,0
29917,120,122,-2,2
29918,82,81,1,1
29919,79,80,-1,1
29920,169,154,15,15
29921,140,143,-3,3
29922,139,123,16,16
29923,53,58,-5,5
29924,93,101,-8,8
29925,95,86,9,9
29926,91,84,7,7
29927,96,89,7,7
29928,115,109,6,6
29929,80,71,9,9
29930,61,63,-2,2
29931,125,127,-2,2
29932,79,71,8,8
29933,113,102,11,11
29934,113,115,-2,2
29935,79,78,1,1
29936,143,124,19,19
29937,69,80,-11,11
29938,71,92,-21,21
29939,67,64,3,3
29940,53,54,-1,1
29941,132,136,-4,4
29942,129,120,9,9
29943,85,81,4,4
29944,107,106,1,1
29945,143,131,12,12
29946,57,57,0,0
29947,99,94,5,5
29948,54,62,-8,8
29949,102,107,-5,5
29950,64,61,3,3
29951,86,93,-7,7
29952,88,81,7,7
29953,170,147,23,23
29954,71,73,-2,2
29955,127,124,3,3
29956,61,60,1,1
29957,63,65,-2,2
29958,46,54,-8,8
29959,78,71,7,7
29960,85,89,-4,4
29961,86,73,13,13
29962,91,81,10,10
29963,75,67,8,8
29964,75,72,3,3
29965,73,96,-23,23
29966,74,73,1,1
29967,69,73,-4,4
29968,77,67,10,10
29969,119,114,5,5
29970,77,86,-9,9
29971,143,134,9,9
29972,132,129,3,3
29973,89,90,-1,1
29974,60,57,3,3
29975,131,128,3,3
29976,83,75,8,8
29977,80,72,8,8
29978,92,82,10,10
29979,187,177,10,10
29980,128,123,5,5
29981,151,136,15,15
29982,44,54,-10,10
29983,83,79,4,4
29984,78,70,8,8
29985,81,80,1,1
29986,73,77,-4,4
29987,138,132,6,6
29988,45,53,-8,8
29989,58,62,-4,4
29990,105,104,1,1
29991,103,98,5,5
29992,91,89,2,2
29993,48,54,-6,6
29994,74,79,-5,5
29995,104,88,16,16
29996,69,70,-1,1
29997,62,61,1,1
29998,140,148,-8,8
29999,129,146,-17,17
30000,98,92,6,6
30001,99,92,7,7
30002,71,63,8,8
30003,149,154,-5,5
30004,101,100,1,1
30005,114,121,-7,7
30006,181,162,19,19
30007,112,116,-4,4
30008,112,107,5,5
30009,95,91,4,4
30010,133,125,8,8
30011,168,147,21,21
30012,24,52,-28,28
30013,119,108,11,11
30014,102,94,8,8
30015,84,79,5,5
30016,134,122,12,12
30017,69,64,5,5
30018,66,62,4,4
30019,74,66,8,8
30020,113,108,5,5
30021,64,67,-3,3
30022,79,76,3,3
30023,103,84,19,19
30024,107,101,6,6
30025,66,73,-7,7
30026,88,85,3,3
30027,158,155,3,3
30028,123,107,16,16
30029,73,81,-8,8
30030,105,102,3,3
30031,65,66,-1,1
30032,119,117,2,2
30033,68,65,3,3
30034,64,63,1,1
30035,74,71,3,3
30036,23,50,-27,27
30037,97,92,5,5
30038,124,116,8,8
30039,72,72,0,0
30040,132,124,8,8
30041,42,54,-12,12
30042,121,107,14,14
30043,89,83,6,6
30044,113,100,13,13
30045,114,107,7,7
30046,57,54,3,3
30047,63,63,0,0
30048,121,117,4,4
30049,144,130,14,14
30050,118,111,7,7
30051,64,63,1,1
30052,121,110,11,11
30053,135,123,12,12
30054,80,84,-4,4
30055,110,98,12,12
30056,100,97,3,3
30057,94,97,-3,3
30058,83,76,7,7
30059,87,93,-6,6
30060,67,65,2,2
30061,95,99,-4,4
30062,88,79,9,9
30063,93,93,0,0
30064,91,75,16,16
30065,133,120,13,13
30066,77,94,-17,17
30067,106,108,-2,2
30068,53,60,-7,7
30069,89,90,-1,1
30070,154,126,28,28
30071,98,102,-4,4
30072,54,57,-3,3
30073,79,78,1,1
30074,115,110,5,5
30075,135,131,4,4
30076,81,76,5,5
30077,56,67,-11,11
30078,54,64,-10,10
30079,73,62,11,11
30080,80,83,-3,3
30081,114,103,11,11
30082,170,171,-1,1
30083,124,114,10,10
30084,63,59,4,4
30085,93,104,-11,11
30086,77,72,5,5
30087,178,165,13,13
30088,67,62,5,5
30089,72,63,9,9
30090,60,59,1,1
30091,64,62,2,2
30092,85,77,8,8
30093,158,146,12,12
30094,124,109,15,15
30095,70,110,-40,40
30096,61,65,-4,4
30097,110,117,-7,7
30098,94,99,-5,5
30099,161,142,19,19
30100,98,95,3,3
30101,165,147,18,18
30102,82,84,-2,2
30103,102,107,-5,5
30104,105,101,4,4
30105,85,93,-8,8
30106,106,108,-2,2
30107,91,83,8,8
30108,86,88,-2,2
30109,44,53,-9,9
30110,96,100,-4,4
30111,114,106,8,8
30112,83,79,4,4
30113,24,53,-29,29
30114,75,77,-2,2
30115,140,137,3,3
30116,46,53,-7,7
30117,80,78,2,2
30118,82,95,-13,13
30119,125,118,7,7
30120,56,58,-2,2
30121,76,73,3,3
30122,44,52,-8,8
30123,102,90,12,12
30124,146,135,11,11
30125,46,52,-6,6
30126,80,81,-1,1
30127,117,121,-4,4
30128,85,73,12,12
30129,60,56,4,4
30130,81,86,-5,5
30131,42,53,-11,11
30132,79,89,-10,10
30133,98,87,11,11
30134,110,100,10,10
30135,74,69,5,5
30136,54,56,-2,2
30137,113,115,-2,2
30138,78,87,-9,9
30139,52,52,0,0
30140,449,441,8,8
30141,121,118,3,3
30142,68,63,5,5
30143,35,54,-19,19
30144,36,52,-16,16
30145,81,86,-5,5
30146,155,143,12,12
30147,207,174,33,33
30148,105,106,-1,1
30149,66,70,-4,4
30150,105,87,18,18
30151,63,56,7,7
30152,97,90,7,7
30153,114,103,11,11
30154,69,68,1,1
30155,181,170,11,11
30156,58,64,-6,6
30157,56,58,-2,2
30158,41,54,-13,13
30159,61,63,-2,2
30160,108,113,-5,5
30161,113,103,10,10
30162,46,52,-6,6
30163,85,81,4,4
30164,109,107,2,2
30165,144,141,3,3
30166,45,77,-32,32
30167,56,56,0,0
30168,71,63,8,8
30169,83,74,9,9
30170,72,73,-1,1
30171,92,79,13,13
30172,97,109,-12,12
30173,52,56,-4,4
30174,135,132,3,3
30175,69,70,-1,1
30176,88,90,-2,2
30177,79,73,6,6
30178,74,69,5,5
30179,74,72,2,2
30180,102,107,-5,5
30181,154,132,22,22
30182,225,199,26,26
30183,98,103,-5,5
30184,77,76,1,1
30185,164,138,26,26
30186,144,109,35,35
30187,75,67,8,8
30188,142,143,-1,1
30189,115,112,3,3
30190,81,79,2,2
30191,103,104,-1,1
30192,94,99,-5,5
30193,76,90,-14,14
30194,50,58,-8,8
30195,108,116,-8,8
30196,146,133,13,13
30197,90,86,4,4
30198,129,121,8,8
30199,74,83,-9,9
30200,105,99,6,6
30201,91,87,4,4
30202,121,124,-3,3
30203,109,90,19,19
30204,85,98,-13,13
30205,111,113,-2,2
30206,136,126,10,10
30207,74,69,5,5
30208,89,93,-4,4
30209,102,97,5,5
30210,63,55,8,8
30211,113,112,1,1
30212,92,78,14,14
30213,87,88,-1,1
30214,98,92,6,6
30215,111,110,1,1
30216,116,105,11,11
30217,133,135,-2,2
30218,160,143,17,17
30219,86,84,2,2
30220,132,125,7,7
30221,110,105,5,5
30222,53,55,-2,2
30223,95,90,5,5
30224,88,86,2,2
30225,56,55,1,1
30226,75,75,0,0
30227,76,75,1,1
30228,47,54,-7,7
30229,96,87,9,9
30230,39,58,-19,19
30231,159,134,25,25
30232,61,60,1,1
30233,53,54,-1,1
30234,84,82,2,2
30235,85,78,7,7
30236,82,86,-4,4
30237,88,90,-2,2
30238,87,71,16,16
30239,111,106,5,5
30240,161,144,17,17
30241,131,126,5,5
30242,89,80,9,9
30243,156,142,14,14
30244,61,60,1,1
30245,94,98,-4,4
30246,102,83,19,19
30247,167,163,4,4
30248,182,159,23,23
30249,59,55,4,4
30250,162,139,23,23
30251,132,124,8,8
30252,66,60,6,6
30253,88,84,4,4
30254,106,87,19,19
30255,59,60,-1,1
30256,86,89,-3,3
30257,45,54,-9,9
30258,42,54,-12,12
30259,54,56,-2,2
30260,79,80,-1,1
30261,139,139,0,0
30262,98,99,-1,1
30263,113,111,2,2
30264,87,81,6,6
30265,55,58,-3,3
30266,47,52,-5,5
30267,93,99,-6,6
30268,55,56,-1,1
30269,113,136,-23,23
30270,87,75,12,12
30271,138,133,5,5
30272,106,92,14,14
30273,76,76,0,0
30274,89,83,6,6
30275,90,81,9,9
30276,119,111,8,8
30277,106,101,5,5
30278,89,82,7,7
30279,80,81,-1,1
30280,77,77,0,0
30281,138,123,15,15
30282,99,91,8,8
30283,70,76,-6,6
30284,107,101,6,6
30285,64,65,-1,1
30286,123,118,5,5
30287,75,78,-3,3
30288,46,58,-12,12
30289,94,92,2,2
30290,68,62,6,6
30291,116,121,-5,5
30292,68,73,-5,5
30293,42,53,-11,11
30294,74,63,11,11
30295,102,101,1,1
30296,111,104,7,7
30297,102,106,-4,4
30298,155,163,-8,8
30299,97,98,-1,1
30300,75,69,6,6
30301,158,162,-4,4
30302,66,57,9,9
30303,72,66,6,6
30304,197,156,41,41
30305,133,111,22,22
30306,103,106,-3,3
30307,119,110,9,9
30308,88,88,0,0
30309,56,59,-3,3
30310,59,66,-7,7
30311,73,83,-10,10
30312,100,94,6,6
30313,83,75,8,8
30314,104,100,4,4
30315,91,93,-2,2
30316,86,85,1,1
30317,62,59,3,3
30318,90,98,-8,8
30319,79,69,10,10
30320,127,121,6,6
30321,108,114,-6,6
30322,38,66,-28,28
30323,63,73,-10,10
30324,55,56,-1,1
30325,111,88,23,23
30326,53,58,-5,5
30327,77,72,5,5
30328,143,139,4,4
30329,136,125,11,11
30330,47,57,-10,10
30331,85,78,7,7
30332,96,87,9,9
30333,87,83,4,4
30334,87,82,5,5
30335,144,124,20,20
30336,105,93,12,12
30337,96,100,-4,4
30338,78,81,-3,3
30339,140,147,-7,7
30340,69,65,4,4
30341,41,55,-14,14
30342,73,79,-6,6
30343,75,74,1,1
30344,54,61,-7,7
30345,71,71,0,0
30346,92,94,-2,2
30347,78,73,5,5
30348,106,100,6,6
30349,77,75,2,2
30350,74,73,1,1
30351,59,57,2,2
30352,94,103,-9,9
30353,86,79,7,7
30354,102,109,-7,7
30355,87,91,-4,4
30356,121,117,4,4
30357,75,66,9,9
30358,108,101,7,7
30359,174,149,25,25
30360,119,109,10,10
30361,84,86,-2,2
30362,98,94,4,4
30363,84,87,-3,3
30364,89,80,9,9
30365,87,77,10,10
30366,43,57,-14,14
30367,95,98,-3,3
30368,62,64,-2,2
30369,97,101,-4,4
30370,110,103,7,7
30371,102,105,-3,3
30372,95,97,-2,2
30373,84,85,-1,1
30374,88,91,-3,3
30375,101,97,4,4
30376,154,146,8,8
30377,159,146,13,13
30378,103,95,8,8
30379,75,74,1,1
30380,119,102,17,17
30381,27,50,-23,23
30382,77,79,-2,2
30383,169,145,24,24
30384,151,145,6,6
30385,72,64,8,8
30386,145,121,24,24
30387,62,64,-2,2
30388,52,66,-14,14
30389,69,75,-6,6
30390,74,72,2,2
30391,102,82,20,20
30392,91,93,-2,2
30393,93,88,5,5
30394,81,77,4,4
30395,137,129,8,8
30396,157,153,4,4
30397,48,53,-5,5
30398,122,119,3,3
30399,64,66,-2,2
30400,175,156,19,19
30401,74,61,13,13
30402,47,53,-6,6
30403,103,96,7,7
30404,88,91,-3,3
30405,64,76,-12,12
30406,94,91,3,3
30407,111,103,8,8
30408,209,178,31,31
30409,80,76,4,4
30410,108,107,1,1
30411,103,100,3,3
30412,93,116,-23,23
30413,86,88,-2,2
30414,105,97,8,8
30415,110,102,8,8
30416,82,84,-2,2
30417,69,62,7,7
30418,43,52,-9,9
30419,74,78,-4,4
30420,131,111,20,20
30421,137,131,6,6
30422,110,122,-12,12
30423,61,62,-1,1
30424,90,85,5,5
30425,78,70,8,8
30426,82,82,0,0
30427,82,83,-1,1
30428,66,62,4,4
30429,136,133,3,3
30430,112,97,15,15
30431,71,70,1,1
30432,114,109,5,5
30433,105,144,-39,39
30434,93,78,15,15
30435,122,124,-2,2
30436,167,157,10,10
30437,67,62,5,5
30438,62,75,-13,13
30439,116,106,10,10
30440,120,108,12,12
30441,126,118,8,8
30442,110,103,7,7
30443,85,85,0,0
30444,124,121,3,3
30445,129,128,1,1
30446,99,114,-15,15
30447,172,156,16,16
30448,76,77,-1,1
30449,64,62,2,2
30450,138,123,15,15
30451,59,57,2,2
30452,123,113,10,10
30453,140,102,38,38
30454,67,67,0,0
30455,211,183,28,28
30456,155,138,17,17
30457,84,93,-9,9
30458,125,122,3,3
30459,72,67,5,5
30460,121,123,-2,2
30461,121,121,0,0
30462,141,138,3,3
30463,67,66,1,1
30464,73,96,-23,23
30465,107,107,0,0
30466,72,65,7,7
30467,65,66,-1,1
30468,82,77,5,5
30469,87,76,11,11
30470,87,78,9,9
30471,52,56,-4,4
30472,84,78,6,6
30473,81,75,6,6
30474,75,79,-4,4
30475,126,126,0,0
30476,45,55,-10,10
30477,48,54,-6,6
30478,77,77,0,0
30479,150,127,23,23
30480,100,94,6,6
30481,128,128,0,0
30482,86,82,4,4
30483,72,61,11,11
30484,108,101,7,7
30485,61,56,5,5
30486,121,118,3,3
30487,132,125,7,7
30488,112,116,-4,4
30489,148,139,9,9
30490,89,99,-10,10
30491,47,55,-8,8
30492,75,71,4,4
30493,113,124,-11,11
30494,82,85,-3,3
30495,82,79,3,3
30496,155,139,16,16
30497,114,105,9,9
30498,85,91,-6,6
30499,97,96,1,1
30500,117,103,14,14
30501,57,58,-1,1
30502,121,116,5,5
30503,50,53,-3,3
30504,32,56,-24,24
30505,126,116,10,10
30506,85,83,2,2
30507,45,55,-10,10
30508,105,98,7,7
30509,84,86,-2,2
30510,99,86,13,13
30511,129,95,34,34
30512,115,108,7,7
30513,127,126,1,1
30514,42,63,-21,21
30515,86,91,-5,5
30516,106,101,5,5
30517,108,99,9,9
30518,143,133,10,10
30519,98,104,-6,6
30520,131,104,27,27
30521,117,112,5,5
30522,82,71,11,11
30523,79,78,1,1
30524,58,56,2,2
30525,96,88,8,8
30526,105,92,13,13
30527,103,92,11,11
30528,72,84,-12,12
30529,108,112,-4,4
30530,155,146,9,9
30531,164,145,19,19
30532,60,56,4,4
30533,130,119,11,11
30534,123,114,9,9
30535,104,101,3,3
30536,79,72,7,7
30537,136,125,11,11
30538,130,125,5,5
30539,135,115,20,20
30540,77,73,4,4
30541,136,126,10,10
30542,107,82,25,25
30543,127,112,15,15
30544,116,111,5,5
30545,132,126,6,6
30546,88,78,10,10
30547,74,69,5,5
30548,71,80,-9,9
30549,53,56,-3,3
30550,57,55,2,2
30551,189,169,20,20
30552,49,53,-4,4
30553,124,125,-1,1
30554,127,119,8,8
30555,45,60,-15,15
30556,110,118,-8,8
30557,104,102,2,2
30558,82,82,0,0
30559,133,125,8,8
30560,229,200,29,29
30561,64,68,-4,4
30562,107,93,14,14
30563,109,104,5,5
30564,174,152,22,22
30565,176,159,17,17
30566,101,89,12,12
30567,113,103,10,10
30568,139,124,15,15
30569,56,57,-1,1
30570,75,73,2,2
30571,89,86,3,3
30572,34,55,-21,21
30573,130,127,3,3
30574,81,72,9,9
30575,103,111,-8,8
30576,99,98,1,1
30577,136,134,2,2
30578,37,52,-15,15
30579,82,76,6,6
30580,125,119,6,6
30581,121,114,7,7
30582,94,88,6,6
30583,67,64,3,3
30584,110,115,-5,5
30585,82,78,4,4
30586,106,113,-7,7
30587,154,141,13,13
30588,97,91,6,6
30589,65,66,-1,1
30590,81,84,-3,3
30591,53,55,-2,2
30592,123,109,14,14
30593,123,107,16,16
30594,60,54,6,6
30595,59,61,-2,2
30596,71,97,-26,26
30597,154,140,14,14
30598,89,85,4,4
30599,89,78,11,11
30600,95,84,11,11
30601,78,76,2,2
30602,79,80,-1,1
30603,132,128,4,4
30604,124,124,0,0
30605,125,118,7,7
30606,73,68,5,5
30607,109,110,-1,1
30608,84,79,5,5
30609,114,111,3,3
30610,98,97,1,1
30611,229,203,26,26
30612,118,116,2,2
30613,105,103,2,2
30614,56,60,-4,4
30615,86,80,6,6
30616,72,74,-2,2
30617,144,159,-15,15
30618,151,138,13,13
30619,91,87,4,4
30620,134,132,2,2
30621,142,133,9,9
30622,119,116,3,3
30623,115,106,9,9
30624,122,121,1,1
30625,121,109,12,12
30626,145,149,-4,4
30627,151,143,8,8
30628,99,75,24,24
30629,90,89,1,1
30630,115,138,-23,23
30631,65,79,-14,14
30632,90,87,3,3
30633,78,77,1,1
30634,65,72,-7,7
30635,77,77,0,0
30636,64,63,1,1
30637,204,193,11,11
30638,134,137,-3,3
30639,144,125,19,19
30640,127,126,1,1
30641,88,76,12,12
30642,61,63,-2,2
30643,118,116,2,2
30644,91,87,4,4
30645,143,117,26,26
30646,166,143,23,23
30647,77,68,9,9
30648,97,88,9,9
30649,97,98,-1,1
30650,98,82,16,16
30651,71,68,3,3
30652,77,70,7,7
30653,145,135,10,10
30654,127,118,9,9
30655,144,134,10,10
30656,128,116,12,12
30657,148,138,10,10
30658,67,62,5,5
30659,147,145,2,2
30660,85,92,-7,7
30661,98,95,3,3
30662,72,70,2,2
30663,74,76,-2,2
30664,111,113,-2,2
30665,80,74,6,6
30666,73,68,5,5
30667,79,77,2,2
30668,90,75,15,15
30669,104,94,10,10
30670,70,68,2,2
30671,99,99,0,0
30672,64,64,0,0
30673,68,67,1,1
30674,96,87,9,9
30675,44,53,-9,9
30676,84,83,1,1
30677,81,74,7,7
30678,152,139,13,13
30679,69,71,-2,2
30680,86,93,-7,7
30681,89,93,-4,4
30682,151,143,8,8
30683,80,84,-4,4
30684,97,96,1,1
30685,55,53,2,2
30686,126,113,13,13
30687,110,116,-6,6
30688,112,119,-7,7
30689,156,136,20,20
30690,52,66,-14,14
30691,88,86,2,2
30692,98,101,-3,3
30693,131,121,10,10
30694,114,104,10,10
30695,154,151,3,3
30696,52,55,-3,3
30697,134,131,3,3
30698,60,56,4,4
30699,68,66,2,2
30700,119,115,4,4
30701,61,67,-6,6
30702,94,99,-5,5
30703,98,101,-3,3
30704,103,108,-5,5
30705,120,117,3,3
30706,97,92,5,5
30707,126,111,15,15
30708,103,98,5,5
30709,97,97,0,0
30710,89,82,7,7
30711,69,65,4,4
30712,58,59,-1,1
30713,109,99,10,10
30714,91,76,15,15
30715,76,71,5,5
30716,206,185,21,21
30717,109,94,15,15
30718,167,153,14,14
30719,124,110,14,14
30720,68,64,4,4
30721,162,131,31,31
30722,92,86,6,6
30723,160,155,5,5
30724,107,103,4,4
30725,104,86,18,18
30726,72,64,8,8
30727,59,60,-1,1
30728,102,91,11,11
30729,110,116,-6,6
30730,71,67,4,4
30731,96,85,11,11
30732,117,111,6,6
30733,67,67,0,0
30734,64,69,-5,5
30735,111,106,5,5
30736,54,53,1,1
30737,70,69,1,1
30738,89,82,7,7
30739,125,127,-2,2
30740,81,88,-7,7
30741,132,116,16,16
30742,122,119,3,3
30743,83,85,-2,2
30744,49,59,-10,10
30745,134,111,23,23
30746,86,85,1,1
30747,87,81,6,6
30748,113,108,5,5
30749,147,142,5,5
30750,57,69,-12,12
30751,81,75,6,6
30752,84,90,-6,6
30753,130,121,9,9
30754,103,95,8,8
30755,57,57,0,0
30756,58,61,-3,3
30757,147,122,25,25
30758,136,129,7,7
30759,78,77,1,1
30760,92,89,3,3
30761,69,71,-2,2
30762,151,134,17,17
30763,155,149,6,6
30764,80,84,-4,4
30765,71,62,9,9
30766,113,164,-51,51
30767,129,110,19,19
30768,113,107,6,6
30769,82,85,-3,3
30770,69,60,9,9
30771,95,90,5,5
30772,86,85,1,1
30773,86,76,10,10
30774,73,66,7,7
30775,84,85,-1,1
30776,99,91,8,8
30777,159,139,20,20
30778,94,95,-1,1
30779,93,91,2,2
30780,52,54,-2,2
30781,92,90,2,2
30782,77,82,-5,5
30783,83,83,0,0
30784,145,138,7,7
30785,89,81,8,8
30786,98,91,7,7
30787,128,129,-1,1
30788,70,81,-11,11
30789,85,83,2,2
30790,94,92,2,2
30791,63,72,-9,9
30792,120,102,18,18
30793,93,98,-5,5
30794,113,106,7,7
30795,164,162,2,2
30796,121,114,7,7
30797,61,55,6,6
30798,100,98,2,2
30799,67,59,8,8
30800,107,107,0,0
30801,56,56,0,0
30802,79,77,2,2
30803,116,143,-27,27
30804,139,132,7,7
30805,112,115,-3,3
30806,92,88,4,4
30807,108,100,8,8
30808,124,124,0,0
30809,158,155,3,3
30810,106,87,19,19
30811,132,121,11,11
30812,100,93,7,7
30813,64,94,-30,30
30814,128,119,9,9
30815,53,52,1,1
30816,54,53,1,1
30817,81,79,2,2
30818,67,66,1,1
30819,97,112,-15,15
30820,129,112,17,17
30821,122,104,18,18
30822,139,131,8,8
30823,44,52,-8,8
30824,131,124,7,7
30825,67,70,-3,3
30826,115,104,11,11
30827,53,56,-3,3
30828,84,79,5,5
30829,124,116,8,8
30830,74,64,10,10
30831,104,112,-8,8
30832,70,73,-3,3
30833,112,110,2,2
30834,90,74,16,16
30835,83,98,-15,15
30836,71,71,0,0
30837,81,74,7,7
30838,124,136,-12,12
30839,161,158,3,3
30840,52,57,-5,5
30841,78,80,-2,2
30842,57,54,3,3
30843,113,108,5,5
30844,105,94,11,11
30845,119,105,14,14
30846,48,60,-12,12
30847,123,112,11,11
30848,96,88,8,8
30849,124,110,14,14
30850,129,124,5,5
30851,125,119,6,6
30852,104,103,1,1
30853,117,114,3,3
30854,151,142,9,9
30855,125,119,6,6
30856,87,94,-7,7
30857,71,69,2,2
30858,58,56,2,2
30859,127,125,2,2
30860,143,124,19,19
30861,78,73,5,5
30862,114,120,-6,6
30863,49,54,-5,5
30864,86,87,-1,1
30865,81,86,-5,5
30866,85,82,3,3
30867,158,130,28,28
30868,57,55,2,2
30869,109,105,4,4
30870,95,90,5,5
30871,45,52,-7,7
30872,76,86,-10,10
30873,83,80,3,3
30874,100,112,-12,12
30875,65,77,-12,12
30876,76,78,-2,2
30877,47,56,-9,9
30878,70,71,-1,1
30879,157,150,7,7
30880,204,169,35,35
30881,88,81,7,7
30882,93,85,8,8
30883,53,59,-6,6
30884,97,96,1,1
30885,84,81,3,3
30886,66,71,-5,5
30887,73,74,-1,1
30888,64,64,0,0
30889,102,91,11,11
30890,56,60,-4,4
30891,73,74,-1,1
30892,78,81,-3,3
30893,64,71,-7,7
30894,89,89,0,0
30895,108,107,1,1
30896,79,68,11,11
30897,99,95,4,4
30898,104,102,2,2
30899,174,154,20,20
30900,76,76,0,0
30901,67,74,-7,7
30902,103,96,7,7
30903,72,68,4,4
30904,65,77,-12,12
30905,79,80,-1,1
30906,39,67,-28,28
30907,42,52,-10,10
30908,43,54,-11,11
30909,130,123,7,7
30910,56,55,1,1
30911,67,68,-1,1
30912,61,60,1,1
30913,79,67,12,12
30914,122,97,25,25
30915,121,111,10,10
30916,87,75,12,12
30917,95,99,-4,4
30918,76,73,3,3
30919,98,83,15,15
30920,149,144,5,5
30921,37,52,-15,15
30922,91,76,15,15
30923,99,94,5,5
30924,64,68,-4,4
30925,113,107,6,6
30926,82,81,1,1
30927,71,71,0,0
30928,103,106,-3,3
30929,58,62,-4,4
30930,112,105,7,7
30931,61,59,2,2
30932,60,67,-7,7
30933,118,118,0,0
30934,48,55,-7,7
30935,86,73,13,13
30936,61,68,-7,7
30937,123,110,13,13
30938,151,139,12,12
30939,50,54,-4,4
30940,123,126,-3,3
30941,186,168,18,18
30942,59,64,-5,5
30943,141,135,6,6
30944,130,143,-13,13
30945,83,76,7,7
30946,63,62,1,1
30947,168,146,22,22
30948,88,84,4,4
30949,49,57,-8,8
30950,47,56,-9,9
30951,81,84,-3,3
30952,176,146,30,30
30953,58,60,-2,2
30954,48,52,-4,4
30955,117,114,3,3
30956,115,99,16,16
30957,120,112,8,8
30958,90,86,4,4
30959,46,54,-8,8
30960,113,122,-9,9
30961,64,66,-2,2
30962,126,113,13,13
30963,153,131,22,22
30964,114,106,8,8
30965,182,172,10,10
30966,114,111,3,3
30967,91,90,1,1
30968,116,104,12,12
30969,135,121,14,14
30970,70,67,3,3
30971,80,72,8,8
30972,50,64,-14,14
30973,90,90,0,0
30974,50,55,-5,5
30975,144,118,26,26
30976,77,76,1,1
30977,81,70,11,11
30978,41,51,-10,10
30979,80,80,0,0
30980,97,88,9,9
30981,65,65,0,0
30982,70,69,1,1
30983,176,171,5,5
30984,143,133,10,10
30985,79,75,4,4
30986,122,113,9,9
30987,135,128,7,7
30988,85,91,-6,6
30989,50,62,-12,12
30990,88,81,7,7
30991,120,106,14,14
30992,134,126,8,8
30993,74,77,-3,3
30994,86,88,-2,2
30995,95,90,5,5
30996,56,60,-4,4
30997,92,86,6,6
30998,86,86,0,0
30999,70,87,-17,17
31000,81,78,3,3
31001,113,111,2,2
31002,99,90,9,9
31003,77,76,1,1
31004,31,53,-22,22
31005,99,92,7,7
31006,85,79,6,6
31007,80,85,-5,5
31008,92,88,4,4
31009,56,60,-4,4
31010,139,144,-5,5
31011,51,53,-2,2
31012,36,66,-30,30
31013,126,111,15,15
31014,76,76,0,0
31015,96,107,-11,11
31016,87,90,-3,3
31017,117,108,9,9
31018,102,102,0,0
31019,89,90,-1,1
31020,107,86,21,21
31021,79,77,2,2
31022,89,85,4,4
31023,67,61,6,6
31024,114,107,7,7
31025,69,68,1,1
31026,115,95,20,20
31027,168,166,2,2
31028,84,95,-11,11
31029,79,66,13,13
31030,133,130,3,3
31031,123,103,20,20
31032,102,110,-8,8
31033,123,110,13,13
31034,97,84,13,13
31035,89,86,3,3
31036,92,95,-3,3
31037,171,146,25,25
31038,72,65,7,7
31039,92,96,-4,4
31040,54,60,-6,6
31041,113,114,-1,1
31042,110,94,16,16
31043,64,62,2,2
31044,64,63,1,1
31045,69,62,7,7
31046,81,78,3,3
31047,101,98,3,3
31048,92,91,1,1
31049,85,89,-4,4
31050,58,55,3,3
31051,124,111,13,13
31052,81,74,7,7
31053,108,98,10,10
31054,93,86,7,7
31055,70,61,9,9
31056,119,90,29,29
31057,65,64,1,1
31058,90,80,10,10
31059,53,54,-1,1
31060,73,75,-2,2
31061,52,64,-12,12
31062,97,98,-1,1
31063,118,102,16,16
31064,95,87,8,8
31065,89,84,5,5
31066,66,63,3,3
31067,75,78,-3,3
31068,107,98,9,9
31069,63,59,4,4
31070,148,129,19,19
31071,110,107,3,3
31072,96,99,-3,3
31073,123,119,4,4
31074,123,107,16,16
31075,106,92,14,14
31076,101,95,6,6
31077,105,102,3,3
31078,94,99,-5,5
31079,53,64,-11,11
31080,53,64,-11,11
31081,116,113,3,3
31082,122,124,-2,2
31083,96,101,-5,5
31084,117,110,7,7
31085,105,98,7,7
31086,74,73,1,1
31087,43,54,-11,11
31088,110,106,4,4
31089,71,71,0,0
31090,72,65,7,7
31091,109,104,5,5
31092,142,136,6,6
31093,69,60,9,9
31094,127,130,-3,3
31095,113,117,-4,4
31096,61,62,-1,1
31097,108,105,3,3
31098,83,75,8,8
31099,58,61,-3,3
31100,107,101,6,6
31101,108,124,-16,16
31102,97,89,8,8
31103,101,87,14,14
31104,101,101,0,0
31105,123,108,15,15
31106,68,66,2,2
31107,89,80,9,9
31108,47,53,-6,6
31109,128,110,18,18
31110,117,109,8,8
31111,94,85,9,9
31112,111,100,11,11
31113,51,54,-3,3
31114,65,73,-8,8
31115,79,95,-16,16
31116,140,132,8,8
31117,152,127,25,25
31118,108,106,2,2
31119,115,103,12,12
31120,78,88,-10,10
31121,100,97,3,3
31122,69,69,0,0
31123,127,122,5,5
31124,64,58,6,6
31125,148,139,9,9
31126,105,97,8,8
31127,123,115,8,8
31128,56,55,1,1
31129,60,68,-8,8
31130,100,90,10,10
31131,77,96,-19,19
31132,89,106,-17,17
31133,63,67,-4,4
31134,70,66,4,4
31135,74,66,8,8
31136,74,79,-5,5
31137,149,127,22,22
31138,60,63,-3,3
31139,115,159,-44,44
31140,65,67,-2,2
31141,95,86,9,9
31142,126,133,-7,7
31143,84,90,-6,6
31144,114,98,16,16
31145,130,118,12,12
31146,117,104,13,13
31147,135,137,-2,2
31148,110,110,0,0
31149,74,68,6,6
31150,91,90,1,1
31151,102,96,6,6
31152,76,82,-6,6
31153,81,96,-15,15
31154,117,110,7,7
31155,58,61,-3,3
31156,52,67,-15,15
31157,44,60,-16,16
31158,126,128,-2,2
31159,102,99,3,3
31160,68,60,8,8
31161,96,109,-13,13
31162,116,100,16,16
31163,96,88,8,8
31164,44,55,-11,11
31165,49,53,-4,4
31166,109,105,4,4
31167,40,55,-15,15
31168,84,113,-29,29
31169,57,57,0,0
31170,85,88,-3,3
31171,44,54,-10,10
31172,77,71,6,6
31173,70,77,-7,7
31174,63,68,-5,5
31175,75,73,2,2
31176,88,85,3,3
31177,98,91,7,7
31178,66,79,-13,13
31179,78,69,9,9
31180,95,98,-3,3
31181,99,121,-22,22
31182,20,89,-69,69
31183,88,89,-1,1
31184,165,152,13,13
31185,127,118,9,9
31186,55,57,-2,2
31187,145,136,9,9
31188,72,67,5,5
31189,84,75,9,9
31190,62,62,0,0
31191,107,94,13,13
31192,113,92,21,21
31193,64,64,0,0
31194,132,110,22,22
31195,80,75,5,5
31196,64,67,-3,3
31197,58,64,-6,6
31198,53,65,-12,12
31199,101,95,6,6
31200,97,87,10,10
31201,93,92,1,1
31202,87,74,13,13
31203,78,74,4,4
31204,70,59,11,11
31205,119,80,39,39
31206,66,68,-2,2
31207,82,86,-4,4
31208,117,98,19,19
31209,106,97,9,9
31210,79,76,3,3
31211,129,152,-23,23
31212,95,82,13,13
31213,66,67,-1,1
31214,63,60,3,3
31215,128,126,2,2
31216,86,76,10,10
31217,87,87,0,0
31218,115,113,2,2
31219,126,120,6,6
31220,66,101,-35,35
31221,138,131,7,7
31222,118,101,17,17
31223,105,101,4,4
31224,59,66,-7,7
31225,51,56,-5,5
31226,45,60,-15,15
31227,79,76,3,3
31228,103,91,12,12
31229,86,107,-21,21
31230,63,59,4,4
31231,104,100,4,4
31232,144,134,10,10
31233,160,143,17,17
31234,55,56,-1,1
31235,83,80,3,3
31236,104,98,6,6
31237,61,63,-2,2
31238,92,96,-4,4
31239,72,73,-1,1
31240,103,94,9,9
31241,192,159,33,33
31242,89,81,8,8
31243,76,69,7,7
31244,70,74,-4,4
31245,81,72,9,9
31246,96,92,4,4
31247,120,110,10,10
31248,88,86,2,2
31249,81,70,11,11
31250,91,89,2,2
31251,104,91,13,13
31252,71,65,6,6
31253,51,53,-2,2
31254,138,128,10,10
31255,88,66,22,22
31256,64,70,-6,6
31257,108,108,0,0
31258,120,113,7,7
31259,78,96,-18,18
31260,158,134,24,24
31261,185,158,27,27
31262,168,165,3,3
31263,96,100,-4,4
31264,100,79,21,21
31265,48,99,-51,51
31266,80,77,3,3
31267,49,54,-5,5
31268,108,104,4,4
31269,71,71,0,0
31270,111,105,6,6
31271,75,70,5,5
31272,117,113,4,4
31273,156,133,23,23
31274,111,98,13,13
31275,108,109,-1,1
31276,54,58,-4,4
31277,83,89,-6,6
31278,91,78,13,13
31279,53,59,-6,6
31280,46,55,-9,9
31281,39,52,-13,13
31282,97,104,-7,7
31283,97,104,-7,7
31284,93,83,10,10
31285,173,154,19,19
31286,76,72,4,4
31287,146,134,12,12
31288,128,130,-2,2
31289,81,73,8,8
31290,90,86,4,4
31291,109,108,1,1
31292,123,108,15,15
31293,100,93,7,7
31294,77,82,-5,5
31295,77,74,3,3
31296,109,112,-3,3
31297,85,80,5,5
31298,94,88,6,6
31299,57,55,2,2
31300,51,54,-3,3
31301,50,59,-9,9
31302,80,71,9,9
31303,73,67,6,6
31304,68,72,-4,4
31305,153,131,22,22
31306,120,122,-2,2
31307,99,98,1,1
31308,97,92,5,5
31309,82,75,7,7
31310,85,91,-6,6
31311,84,71,13,13
31312,93,101,-8,8
31313,55,58,-3,3
31314,53,54,-1,1
31315,148,136,12,12
31316,115,118,-3,3
31317,116,109,7,7
31318,109,94,15,15
31319,72,75,-3,3
31320,85,84,1,1
31321,78,66,12,12
31322,133,120,13,13
31323,89,84,5,5
31324,53,62,-9,9
31325,145,150,-5,5
31326,75,68,7,7
31327,60,62,-2,2
31328,71,66,5,5
31329,62,64,-2,2
31330,165,145,20,20
31331,51,67,-16,16
31332,146,150,-4,4
31333,64,60,4,4
31334,75,80,-5,5
31335,79,72,7,7
31336,85,85,0,0
31337,100,95,5,5
31338,119,107,12,12
31339,106,108,-2,2
31340,79,76,3,3
31341,163,146,17,17
31342,121,123,-2,2
31343,66,71,-5,5
31344,114,108,6,6
31345,77,77,0,0
31346,57,62,-5,5
31347,87,89,-2,2
31348,86,76,10,10
31349,71,72,-1,1
31350,124,117,7,7
31351,65,60,5,5
31352,111,101,10,10
31353,62,65,-3,3
31354,94,81,13,13
31355,76,75,1,1
31356,122,129,-7,7
31357,136,146,-10,10
31358,76,72,4,4
31359,82,94,-12,12
31360,62,59,3,3
31361,65,60,5,5
31362,63,68,-5,5
31363,50,53,-3,3
31364,56,67,-11,11
31365,80,84,-4,4
31366,95,82,13,13
31367,94,91,3,3
31368,90,74,16,16
31369,116,95,21,21
31370,113,100,13,13
31371,70,65,5,5
31372,31,51,-20,20
31373,70,75,-5,5
31374,72,67,5,5
31375,92,81,11,11
31376,82,77,5,5
31377,58,66,-8,8
31378,104,105,-1,1
31379,75,72,3,3
31380,90,89,1,1
31381,130,122,8,8
31382,126,119,7,7
31383,89,84,5,5
31384,108,104,4,4
31385,51,56,-5,5
31386,132,128,4,4
31387,91,92,-1,1
31388,109,112,-3,3
31389,103,115,-12,12
31390,87,77,10,10
31391,123,121,2,2
31392,109,96,13,13
31393,77,87,-10,10
31394,96,95,1,1
31395,82,81,1,1
31396,111,109,2,2
31397,72,66,6,6
31398,117,106,11,11
31399,117,110,7,7
31400,137,130,7,7
31401,107,91,16,16
31402,91,91,0,0
31403,110,105,5,5
31404,76,80,-4,4
31405,83,74,9,9
31406,142,136,6,6
31407,97,92,5,5
31408,54,54,0,0
31409,71,73,-2,2
31410,91,97,-6,6
31411,100,98,2,2
31412,47,53,-6,6
31413,114,102,12,12
31414,65,55,10,10
31415,33,51,-18,18
31416,88,81,7,7
31417,102,102,0,0
31418,72,80,-8,8
31419,95,92,3,3
31420,100,96,4,4
31421,200,186,14,14
31422,147,128,19,19
31423,98,102,-4,4
31424,111,107,4,4
31425,105,103,2,2
31426,89,85,4,4
31427,108,104,4,4
31428,35,61,-26,26
31429,54,60,-6,6
31430,124,118,6,6
31431,90,75,15,15
31432,130,123,7,7
31433,138,125,13,13
31434,143,122,21,21
31435,74,72,2,2
31436,47,61,-14,14
31437,64,63,1,1
31438,174,168,6,6
31439,96,88,8,8
31440,132,128,4,4
31441,66,69,-3,3
31442,105,102,3,3
31443,128,125,3,3
31444,99,97,2,2
31445,70,67,3,3
31446,62,57,5,5
31447,78,75,3,3
31448,93,92,1,1
31449,89,69,20,20
31450,104,108,-4,4
31451,74,69,5,5
31452,102,84,18,18
31453,58,58,0,0
31454,89,85,4,4
31455,84,74,10,10
31456,128,111,17,17
31457,91,92,-1,1
31458,80,68,12,12
31459,84,90,-6,6
31460,100,99,1,1
31461,115,107,8,8
31462,92,91,1,1
31463,155,151,4,4
31464,175,145,30,30
31465,79,75,4,4
31466,70,62,8,8
31467,64,69,-5,5
31468,111,109,2,2
31469,83,82,1,1
31470,92,91,1,1
31471,153,142,11,11
31472,138,127,11,11
31473,90,104,-14,14
31474,104,108,-4,4
31475,52,52,0,0
31476,72,74,-2,2
31477,76,76,0,0
31478,69,67,2,2
31479,145,129,16,16
31480,67,64,3,3
31481,79,75,4,4
31482,103,94,9,9
31483,145,143,2,2
31484,86,83,3,3
31485,112,103,9,9
31486,130,121,9,9
31487,173,151,22,22
31488,75,74,1,1
31489,195,158,37,37
31490,93,90,3,3
31491,102,92,10,10
31492,64,58,6,6
31493,68,65,3,3
31494,58,66,-8,8
31495,93,77,16,16
31496,119,98,21,21
31497,54,52,2,2
31498,72,86,-14,14
31499,82,81,1,1
31500,130,118,12,12
31501,75,76,-1,1
31502,73,77,-4,4
31503,72,73,-1,1
31504,243,247,-4,4
31505,62,79,-17,17
31506,79,70,9,9
31507,129,129,0,0
31508,119,105,14,14
31509,121,118,3,3
31510,135,127,8,8
31511,64,57,7,7
31512,84,81,3,3
31513,68,69,-1,1
31514,89,80,9,9
31515,59,55,4,4
31516,67,73,-6,6
31517,108,111,-3,3
31518,55,57,-2,2
31519,161,132,29,29
31520,75,75,0,0
31521,113,104,9,9
31522,102,96,6,6
31523,116,109,7,7
31524,134,127,7,7
31525,161,127,34,34
31526,122,99,23,23
31527,103,96,7,7
31528,75,74,1,1
31529,162,137,25,25
31530,76,83,-7,7
31531,57,60,-3,3
31532,74,77,-3,3
31533,78,69,9,9
31534,68,65,3,3
31535,101,91,10,10
31536,66,66,0,0
31537,61,65,-4,4
31538,120,108,12,12
31539,62,59,3,3
31540,149,125,24,24
31541,85,88,-3,3
31542,126,110,16,16
31543,192,175,17,17
31544,94,88,6,6
31545,69,70,-1,1
31546,99,83,16,16
31547,114,101,13,13
31548,75,76,-1,1
31549,113,122,-9,9
31550,165,146,19,19
31551,133,122,11,11
31552,86,90,-4,4
31553,72,63,9,9
31554,97,94,3,3
31555,113,154,-41,41
31556,110,109,1,1
31557,119,120,-1,1
31558,60,60,0,0
31559,72,82,-10,10
31560,110,102,8,8
31561,151,132,19,19
31562,70,66,4,4
31563,89,90,-1,1
31564,112,103,9,9
31565,70,70,0,0
31566,64,64,0,0
31567,155,152,3,3
31568,103,97,6,6
31569,115,104,11,11
31570,57,53,4,4
31571,92,97,-5,5
31572,96,86,10,10
31573,61,59,2,2
31574,144,125,19,19
31575,75,75,0,0
31576,138,122,16,16
31577,103,103,0,0
31578,118,102,16,16
31579,80,84,-4,4
31580,107,98,9,9
31581,84,79,5,5
31582,87,80,7,7
31583,56,57,-1,1
31584,129,127,2,2
31585,94,88,6,6
31586,72,80,-8,8
31587,193,160,33,33
31588,141,122,19,19
31589,98,93,5,5
31590,116,120,-4,4
31591,154,141,13,13
31592,116,115,1,1
31593,75,81,-6,6
31594,107,95,12,12
31595,83,76,7,7
31596,103,106,-3,3
31597,99,94,5,5
31598,109,110,-1,1
31599,95,90,5,5
31600,85,75,10,10
31601,81,74,7,7
31602,112,90,22,22
31603,82,73,9,9
31604,56,55,1,1
31605,64,63,1,1
31606,105,116,-11,11
31607,118,112,6,6
31608,82,82,0,0
31609,96,95,1,1
31610,69,64,5,5
31611,128,125,3,3
31612,88,93,-5,5
31613,90,82,8,8
31614,141,131,10,10
31615,75,81,-6,6
31616,108,104,4,4
31617,153,141,12,12
31618,101,95,6,6
31619,76,76,0,0
31620,86,91,-5,5
31621,49,54,-5,5
31622,130,122,8,8
31623,95,90,5,5
31624,33,52,-19,19
31625,156,151,5,5
31626,49,54,-5,5
31627,89,81,8,8
31628,86,73,13,13
31629,80,76,4,4
31630,97,93,4,4
31631,59,65,-6,6
31632,153,141,12,12
31633,51,53,-2,2
31634,88,72,16,16
31635,145,149,-4,4
31636,165,170,-5,5
31637,74,79,-5,5
31638,80,86,-6,6
31639,101,93,8,8
31640,46,52,-6,6
31641,62,60,2,2
31642,107,91,16,16
31643,66,66,0,0
31644,153,144,9,9
31645,75,70,5,5
31646,49,57,-8,8
31647,120,121,-1,1
31648,131,122,9,9
31649,106,103,3,3
31650,147,135,12,12
31651,81,82,-1,1
31652,94,92,2,2
31653,57,68,-11,11
31654,61,69,-8,8
31655,47,53,-6,6
31656,53,54,-1,1
31657,117,107,10,10
31658,98,74,24,24
31659,48,52,-4,4
31660,190,179,11,11
31661,68,71,-3,3
31662,106,97,9,9
31663,57,67,-10,10
31664,131,127,4,4
31665,132,120,12,12
31666,74,73,1,1
31667,125,122,3,3
31668,86,86,0,0
31669,49,53,-4,4
31670,95,80,15,15
31671,67,60,7,7
31672,82,85,-3,3
31673,93,100,-7,7
31674,52,59,-7,7
31675,55,57,-2,2
31676,111,103,8,8
31677,73,66,7,7
31678,72,80,-8,8
31679,160,150,10,10
31680,97,99,-2,2
31681,95,86,9,9
31682,117,91,26,26
31683,67,59,8,8
31684,55,58,-3,3
31685,103,92,11,11
31686,108,110,-2,2
31687,82,73,9,9
31688,155,139,16,16
31689,87,90,-3,3
31690,88,81,7,7
31691,84,97,-13,13
31692,66,78,-12,12
31693,59,57,2,2
31694,80,75,5,5
31695,120,122,-2,2
31696,92,90,2,2
31697,36,51,-15,15
31698,89,77,12,12
31699,113,100,13,13
31700,86,85,1,1
31701,117,134,-17,17
31702,78,72,6,6
31703,72,76,-4,4
31704,76,66,10,10
31705,76,73,3,3
31706,87,84,3,3
31707,76,93,-17,17
31708,79,62,17,17
31709,51,52,-1,1
31710,121,124,-3,3
31711,100,87,13,13
31712,83,82,1,1
31713,84,69,15,15
31714,100,104,-4,4
31715,125,114,11,11
31716,73,66,7,7
31717,59,60,-1,1
31718,79,77,2,2
31719,76,81,-5,5
31720,108,109,-1,1
31721,64,74,-10,10
31722,101,92,9,9
31723,140,120,20,20
31724,89,89,0,0
31725,72,67,5,5
31726,82,84,-2,2
31727,68,67,1,1
31728,41,53,-12,12
31729,77,77,0,0
31730,150,135,15,15
31731,121,111,10,10
31732,96,108,-12,12
31733,50,54,-4,4
31734,45,55,-10,10
31735,118,119,-1,1
31736,108,102,6,6
31737,74,67,7,7
31738,148,134,14,14
31739,109,103,6,6
31740,53,55,-2,2
31741,69,64,5,5
31742,75,76,-1,1
31743,75,85,-10,10
31744,93,90,3,3
31745,36,53,-17,17
31746,62,69,-7,7
31747,139,134,5,5
31748,67,66,1,1
31749,199,184,15,15
31750,61,58,3,3
31751,66,64,2,2
31752,58,56,2,2
31753,58,59,-1,1
31754,98,102,-4,4
31755,65,59,6,6
31756,96,93,3,3
31757,105,103,2,2
31758,44,54,-10,10
31759,116,112,4,4
31760,87,78,9,9
31761,94,98,-4,4
31762,130,132,-2,2
31763,103,97,6,6
31764,85,80,5,5
31765,94,99,-5,5
31766,78,74,4,4
31767,120,112,8,8
31768,48,54,-6,6
31769,107,95,12,12
31770,87,87,0,0
31771,115,113,2,2
31772,122,116,6,6
31773,137,119,18,18
31774,19,52,-33,33
31775,90,94,-4,4
31776,45,53,-8,8
31777,53,60,-7,7
31778,132,113,19,19
31779,54,53,1,1
31780,123,127,-4,4
31781,88,99,-11,11
31782,90,81,9,9
31783,112,105,7,7
31784,67,64,3,3
31785,50,58,-8,8
31786,65,65,0,0
31787,44,54,-10,10
31788,86,93,-7,7
31789,65,65,0,0
31790,80,95,-15,15
31791,128,114,14,14
31792,166,134,32,32
31793,105,94,11,11
31794,77,73,4,4
31795,113,111,2,2
31796,82,80,2,2
31797,94,94,0,0
31798,123,115,8,8
31799,118,115,3,3
31800,159,142,17,17
31801,100,82,18,18
31802,95,80,15,15
31803,128,127,1,1
31804,67,76,-9,9
31805,131,115,16,16
31806,78,74,4,4
31807,58,59,-1,1
31808,126,114,12,12
31809,136,135,1,1
31810,75,70,5,5
31811,100,94,6,6
31812,52,53,-1,1
31813,94,81,13,13
31814,64,70,-6,6
31815,65,64,1,1
31816,85,84,1,1
31817,100,95,5,5
31818,134,126,8,8
31819,88,86,2,2
31820,87,84,3,3
31821,112,105,7,7
31822,222,194,28,28
31823,103,91,12,12
31824,131,149,-18,18
31825,143,135,8,8
31826,89,89,0,0
31827,144,124,20,20
31828,90,85,5,5
31829,117,108,9,9
31830,41,52,-11,11
31831,161,153,8,8
31832,87,89,-2,2
31833,67,65,2,2
31834,89,96,-7,7
31835,58,53,5,5
31836,54,55,-1,1
31837,66,60,6,6
31838,62,67,-5,5
31839,46,52,-6,6
31840,116,113,3,3
31841,146,142,4,4
31842,153,149,4,4
31843,110,94,16,16
31844,83,69,14,14
31845,138,126,12,12
31846,117,103,14,14
31847,86,77,9,9
31848,170,154,16,16
31849,96,99,-3,3
31850,57,54,3,3
31851,102,89,13,13
31852,96,92,4,4
31853,88,84,4,4
31854,117,117,0,0
31855,83,95,-12,12
31856,94,102,-8,8
31857,68,75,-7,7
31858,81,72,9,9
31859,165,155,10,10
31860,93,81,12,12
31861,169,155,14,14
31862,79,81,-2,2
31863,91,80,11,11
31864,96,91,5,5
31865,107,88,19,19
31866,98,90,8,8
31867,81,69,12,12
31868,125,124,1,1
31869,111,103,8,8
31870,50,55,-5,5
31871,102,100,2,2
31872,94,82,12,12
31873,57,55,2,2
31874,110,102,8,8
31875,89,80,9,9
31876,69,63,6,6
31877,116,110,6,6
31878,135,115,20,20
31879,76,69,7,7
31880,98,83,15,15
31881,72,68,4,4
31882,68,73,-5,5
31883,77,72,5,5
31884,125,135,-10,10
31885,115,102,13,13
31886,136,120,16,16
31887,80,71,9,9
31888,82,80,2,2
31889,76,77,-1,1
31890,82,74,8,8
31891,138,125,13,13
31892,108,98,10,10
31893,153,141,12,12
31894,76,73,3,3
31895,100,87,13,13
31896,97,97,0,0
31897,119,112,7,7
31898,35,51,-16,16
31899,39,52,-13,13
31900,102,91,11,11
31901,93,104,-11,11
31902,122,112,10,10
31903,88,79,9,9
31904,84,82,2,2
31905,207,180,27,27
31906,67,68,-1,1
31907,111,108,3,3
31908,75,71,4,4
31909,112,93,19,19
31910,59,57,2,2
31911,66,63,3,3
31912,161,153,8,8
31913,80,83,-3,3
31914,64,71,-7,7
31915,123,79,44,44
31916,123,112,11,11
31917,144,138,6,6
31918,61,62,-1,1
31919,85,73,12,12
31920,100,91,9,9
31921,100,90,10,10
31922,65,57,8,8
31923,75,71,4,4
31924,104,88,16,16
31925,112,118,-6,6
31926,93,87,6,6
31927,69,62,7,7
31928,58,59,-1,1
31929,120,100,20,20
31930,131,115,16,16
31931,101,88,13,13
31932,156,150,6,6
31933,83,76,7,7
31934,62,65,-3,3
31935,94,91,3,3
31936,87,87,0,0
31937,182,162,20,20
31938,132,124,8,8
31939,100,100,0,0
31940,74,74,0,0
31941,57,63,-6,6
31942,95,92,3,3
31943,64,56,8,8
31944,99,96,3,3
31945,102,107,-5,5
31946,144,125,19,19
31947,152,132,20,20
31948,66,59,7,7
31949,57,59,-2,2
31950,73,79,-6,6
31951,85,80,5,5
31952,111,102,9,9
31953,78,77,1,1
31954,87,79,8,8
31955,58,63,-5,5
31956,125,116,9,9
31957,98,91,7,7
31958,127,116,11,11
31959,125,113,12,12
31960,107,106,1,1
31961,57,65,-8,8
31962,161,146,15,15
31963,109,99,10,10
31964,110,95,15,15
31965,64,62,2,2
31966,304,299,5,5
31967,75,73,2,2
31968,161,159,2,2
31969,85,93,-8,8
31970,124,105,19,19
31971,53,54,-1,1
31972,98,99,-1,1
31973,124,117,7,7
31974,67,59,8,8
31975,59,65,-6,6
31976,115,100,15,15
31977,91,82,9,9
31978,108,104,4,4
31979,82,83,-1,1
31980,104,91,13,13
31981,65,74,-9,9
31982,107,102,5,5
31983,140,139,1,1
31984,83,80,3,3
31985,128,138,-10,10
31986,65,56,9,9
31987,70,71,-1,1
31988,160,155,5,5
31989,94,90,4,4
31990,74,67,7,7
31991,99,99,0,0
31992,105,97,8,8
31993,65,66,-1,1
31994,46,54,-8,8
31995,72,69,3,3
31996,53,54,-1,1
31997,110,105,5,5
31998,100,88,12,12
31999,65,69,-4,4
32000,102,95,7,7
32001,128,122,6,6
32002,90,80,10,10
32003,139,142,-3,3
32004,145,121,24,24
32005,89,81,8,8
32006,68,75,-7,7
32007,64,63,1,1
32008,79,82,-3,3
32009,86,73,13,13
32010,60,65,-5,5
32011,101,92,9,9
32012,36,52,-16,16
32013,103,96,7,7
32014,52,54,-2,2
32015,152,142,10,10
32016,80,88,-8,8
32017,142,124,18,18
32018,129,114,15,15
32019,140,113,27,27
32020,49,56,-7,7
32021,147,146,1,1
32022,100,90,10,10
32023,59,64,-5,5
32024,106,104,2,2
32025,88,87,1,1
32026,86,84,2,2
32027,106,92,14,14
32028,110,103,7,7
32029,43,51,-8,8
32030,114,117,-3,3
32031,77,70,7,7
32032,103,98,5,5
32033,125,122,3,3
32034,65,63,2,2
32035,105,99,6,6
32036,98,110,-12,12
32037,132,141,-9,9
32038,119,103,16,16
32039,80,81,-1,1
32040,107,104,3,3
32041,94,81,13,13
32042,59,74,-15,15
32043,109,108,1,1
32044,144,142,2,2
32045,45,54,-9,9
32046,66,56,10,10
32047,122,121,1,1
32048,88,85,3,3
32049,53,54,-1,1
32050,58,64,-6,6
32051,68,66,2,2
32052,104,96,8,8
32053,129,127,2,2
32054,55,55,0,0
32055,80,65,15,15
32056,100,102,-2,2
32057,64,73,-9,9
32058,150,142,8,8
32059,80,74,6,6
32060,96,86,10,10
32061,83,80,3,3
32062,39,52,-13,13
32063,112,95,17,17
32064,146,132,14,14
32065,91,96,-5,5
32066,77,84,-7,7
32067,121,118,3,3
32068,113,110,3,3
32069,132,133,-1,1
32070,102,101,1,1
32071,71,67,4,4
32072,81,76,5,5
32073,60,69,-9,9
32074,112,94,18,18
32075,95,86,9,9
32076,116,105,11,11
32077,85,84,1,1
32078,116,121,-5,5
32079,107,104,3,3
32080,156,136,20,20
32081,84,84,0,0
32082,77,73,4,4
32083,111,100,11,11
32084,61,85,-24,24
32085,124,124,0,0
32086,106,94,12,12
32087,116,112,4,4
32088,64,75,-11,11
32089,108,100,8,8
32090,76,71,5,5
32091,72,72,0,0
32092,75,73,2,2
32093,66,65,1,1
32094,128,132,-4,4
32095,189,156,33,33
32096,120,118,2,2
32097,64,61,3,3
32098,141,137,4,4
32099,96,91,5,5
32100,170,158,12,12
32101,83,78,5,5
32102,101,100,1,1
32103,81,87,-6,6
32104,43,52,-9,9
32105,150,139,11,11
32106,70,63,7,7
32107,89,76,13,13
32108,115,103,12,12
32109,103,99,4,4
32110,54,59,-5,5
32111,63,59,4,4
32112,127,130,-3,3
32113,96,80,16,16
32114,79,90,-11,11
32115,83,84,-1,1
32116,108,97,11,11
32117,116,104,12,12
32118,121,113,8,8
32119,127,108,19,19
32120,109,108,1,1
32121,96,91,5,5
32122,82,81,1,1
32123,103,128,-25,25
32124,142,133,9,9
32125,161,142,19,19
32126,126,124,2,2
32127,78,69,9,9
32128,157,150,7,7
32129,63,65,-2,2
32130,64,61,3,3
32131,90,81,9,9
32132,95,97,-2,2
32133,146,138,8,8
32134,56,58,-2,2
32135,48,55,-7,7
32136,68,67,1,1
32137,94,95,-1,1
32138,87,83,4,4
32139,122,106,16,16
32140,126,110,16,16
32141,55,72,-17,17
32142,61,60,1,1
32143,89,96,-7,7
32144,62,69,-7,7
32145,71,66,5,5
32146,87,89,-2,2
32147,39,51,-12,12
32148,123,110,13,13
32149,79,82,-3,3
32150,109,100,9,9
32151,101,105,-4,4
32152,107,99,8,8
32153,114,104,10,10
32154,81,90,-9,9
32155,167,154,13,13
32156,71,72,-1,1
32157,65,68,-3,3
32158,76,70,6,6
32159,94,89,5,5
32160,162,147,15,15
32161,86,98,-12,12
32162,162,154,8,8
32163,50,60,-10,10
32164,109,97,12,12
32165,70,63,7,7
32166,69,68,1,1
32167,36,56,-20,20
32168,117,104,13,13
32169,104,83,21,21
32170,107,106,1,1
32171,66,66,0,0
32172,98,94,4,4
32173,113,115,-2,2
32174,57,59,-2,2
32175,117,109,8,8
32176,79,86,-7,7
32177,88,82,6,6
32178,101,97,4,4
32179,98,94,4,4
32180,164,173,-9,9
32181,108,103,5,5
32182,79,72,7,7
32183,77,84,-7,7
32184,81,79,2,2
32185,111,104,7,7
32186,108,104,4,4
32187,104,95,9,9
32188,51,55,-4,4
32189,79,82,-3,3
32190,141,131,10,10
32191,105,97,8,8
32192,79,84,-5,5
32193,121,106,15,15
32194,85,92,-7,7
32195,60,58,2,2
32196,76,69,7,7
32197,66,61,5,5
32198,140,125,15,15
32199,115,94,21,21
32200,135,115,20,20
32201,137,142,-5,5
32202,108,111,-3,3
32203,56,61,-5,5
32204,145,134,11,11
32205,107,95,12,12
32206,75,67,8,8
32207,73,78,-5,5
32208,58,58,0,0
32209,73,66,7,7
32210,100,91,9,9
32211,154,139,15,15
32212,89,80,9,9
32213,86,77,9,9
32214,218,179,39,39
32215,96,93,3,3
32216,72,72,0,0
32217,136,143,-7,7
32218,197,176,21,21
32219,75,81,-6,6
32220,138,130,8,8
32221,112,116,-4,4
32222,97,97,0,0
32223,50,57,-7,7
32224,144,126,18,18
32225,62,61,1,1
32226,91,97,-6,6
32227,108,105,3,3
32228,111,107,4,4
32229,154,138,16,16
32230,84,86,-2,2
32231,181,170,11,11
32232,80,78,2,2
32233,134,125,9,9
32234,78,84,-6,6
32235,243,207,36,36
32236,59,54,5,5
32237,83,69,14,14
32238,76,61,15,15
32239,88,82,6,6
32240,62,62,0,0
32241,81,76,5,5
32242,127,124,3,3
32243,119,110,9,9
32244,70,73,-3,3
32245,114,96,18,18
32246,91,87,4,4
32247,120,104,16,16
32248,61,56,5,5
32249,73,71,2,2
32250,77,81,-4,4
32251,175,167,8,8
32252,86,81,5,5
32253,125,113,12,12
32254,109,98,11,11
32255,90,94,-4,4
32256,71,72,-1,1
32257,64,64,0,0
32258,91,82,9,9
32259,116,110,6,6
32260,63,60,3,3
32261,79,75,4,4
32262,56,54,2,2
32263,144,134,10,10
32264,130,112,18,18
32265,73,72,1,1
32266,64,61,3,3
32267,146,126,20,20
32268,30,55,-25,25
32269,107,107,0,0
32270,80,82,-2,2
32271,94,110,-16,16
32272,57,57,0,0
32273,85,84,1,1
32274,157,143,14,14
32275,131,129,2,2
32276,170,138,32,32
32277,115,118,-3,3
32278,124,105,19,19
32279,83,80,3,3
32280,139,127,12,12
32281,104,101,3,3
32282,54,57,-3,3
32283,117,109,8,8
32284,84,92,-8,8
32285,97,87,10,10
32286,50,53,-3,3
32287,57,66,-9,9
32288,84,81,3,3
32289,70,72,-2,2
32290,75,78,-3,3
32291,33,65,-32,32
32292,110,124,-14,14
32293,60,60,0,0
32294,66,66,0,0
32295,121,110,11,11
32296,97,93,4,4
32297,128,117,11,11
32298,82,75,7,7
32299,110,103,7,7
32300,135,129,6,6
32301,96,92,4,4
32302,79,68,11,11
32303,82,73,9,9
32304,112,97,15,15
32305,119,117,2,2
32306,113,88,25,25
32307,129,123,6,6
32308,30,51,-21,21
32309,143,136,7,7
32310,48,55,-7,7
32311,70,72,-2,2
32312,66,95,-29,29
32313,117,120,-3,3
32314,49,52,-3,3
32315,73,74,-1,1
32316,104,108,-4,4
32317,78,87,-9,9
32318,94,94,0,0
32319,39,53,-14,14
32320,163,148,15,15
32321,131,125,6,6
32322,78,80,-2,2
32323,107,109,-2,2
32324,40,53,-13,13
32325,83,79,4,4
32326,88,97,-9,9
32327,104,97,7,7
32328,116,104,12,12
32329,144,125,19,19
32330,93,92,1,1
32331,89,86,3,3
32332,110,105,5,5
32333,62,84,-22,22
32334,100,97,3,3
32335,79,80,-1,1
32336,80,77,3,3
32337,120,118,2,2
32338,84,96,-12,12
32339,88,91,-3,3
32340,132,131,1,1
32341,93,84,9,9
32342,79,81,-2,2
32343,27,51,-24,24
32344,97,93,4,4
32345,167,147,20,20
32346,146,149,-3,3
32347,45,54,-9,9
32348,53,57,-4,4
32349,57,56,1,1
32350,40,52,-12,12
32351,77,87,-10,10
32352,120,111,9,9
32353,87,95,-8,8
32354,189,165,24,24
32355,84,85,-1,1
32356,68,68,0,0
32357,85,86,-1,1
32358,75,77,-2,2
32359,58,56,2,2
32360,67,65,2,2
32361,58,55,3,3
32362,38,52,-14,14
32363,63,66,-3,3
32364,82,89,-7,7
32365,111,120,-9,9
32366,168,146,22,22
32367,67,64,3,3
32368,92,89,3,3
32369,43,52,-9,9
32370,126,113,13,13
32371,94,89,5,5
32372,108,115,-7,7
32373,80,86,-6,6
32374,159,141,18,18
32375,101,78,23,23
32376,71,61,10,10
32377,77,79,-2,2
32378,53,58,-5,5
32379,96,98,-2,2
32380,144,123,21,21
32381,96,97,-1,1
32382,120,119,1,1
32383,91,86,5,5
32384,57,64,-7,7
32385,95,97,-2,2
32386,114,113,1,1
32387,115,117,-2,2
32388,63,55,8,8
32389,103,90,13,13
32390,213,190,23,23
32391,82,88,-6,6
32392,113,100,13,13
32393,75,75,0,0
32394,122,123,-1,1
32395,82,67,15,15
32396,112,99,13,13
32397,114,108,6,6
32398,62,54,8,8
32399,145,129,16,16
32400,153,153,0,0
32401,102,74,28,28
32402,65,67,-2,2
32403,79,68,11,11
32404,85,86,-1,1
32405,69,63,6,6
32406,69,72,-3,3
32407,106,88,18,18
32408,73,65,8,8
32409,95,84,11,11
32410,68,73,-5,5
32411,72,73,-1,1
32412,71,74,-3,3
32413,135,125,10,10
32414,115,108,7,7
32415,75,76,-1,1
32416,57,57,0,0
32417,33,54,-21,21
32418,73,69,4,4
32419,147,139,8,8
32420,100,96,4,4
32421,81,78,3,3
32422,130,123,7,7
32423,63,61,2,2
32424,75,77,-2,2
32425,97,103,-6,6
32426,80,84,-4,4
32427,67,64,3,3
32428,135,130,5,5
32429,48,53,-5,5
32430,113,114,-1,1
32431,62,61,1,1
32432,66,61,5,5
32433,62,59,3,3
32434,140,147,-7,7
32435,82,85,-3,3
32436,86,84,2,2
32437,123,128,-5,5
32438,134,125,9,9
32439,63,64,-1,1
32440,142,129,13,13
32441,63,63,0,0
32442,94,84,10,10
32443,72,74,-2,2
32444,146,136,10,10
32445,90,70,20,20
32446,57,57,0,0
32447,51,59,-8,8
32448,64,66,-2,2
32449,80,84,-4,4
32450,105,100,5,5
32451,109,106,3,3
32452,99,106,-7,7
32453,209,179,30,30
32454,82,70,12,12
32455,49,55,-6,6
32456,72,64,8,8
32457,62,63,-1,1
32458,50,55,-5,5
32459,153,144,9,9
32460,140,112,28,28
32461,95,86,9,9
32462,81,74,7,7
32463,114,99,15,15
32464,130,125,5,5
32465,31,51,-20,20
32466,86,88,-2,2
32467,100,103,-3,3
32468,58,57,1,1
32469,58,57,1,1
32470,95,81,14,14
32471,121,120,1,1
32472,83,82,1,1
32473,152,137,15,15
32474,138,135,3,3
32475,128,128,0,0
32476,92,101,-9,9
32477,64,67,-3,3
32478,72,78,-6,6
32479,110,109,1,1
32480,57,56,1,1
32481,99,91,8,8
32482,98,91,7,7
32483,73,82,-9,9
32484,53,55,-2,2
32485,55,67,-12,12
32486,61,59,2,2
32487,239,202,37,37
32488,86,85,1,1
32489,133,112,21,21
32490,80,78,2,2
32491,76,68,8,8
32492,79,66,13,13
32493,140,122,18,18
32494,97,97,0,0
32495,74,61,13,13
32496,142,125,17,17
32497,82,80,2,2
32498,62,61,1,1
32499,101,107,-6,6
32500,69,82,-13,13
32501,171,150,21,21
32502,69,75,-6,6
32503,72,68,4,4
32504,93,89,4,4
32505,78,81,-3,3
32506,68,67,1,1
32507,54,55,-1,1
32508,110,108,2,2
32509,69,79,-10,10
32510,92,85,7,7
32511,65,61,4,4
32512,28,53,-25,25
32513,65,64,1,1
32514,69,61,8,8
32515,119,101,18,18
32516,78,71,7,7
32517,75,70,5,5
32518,70,66,4,4
32519,57,65,-8,8
32520,88,88,0,0
32521,80,71,9,9
32522,113,112,1,1
32523,63,64,-1,1
32524,91,85,6,6
32525,141,122,19,19
32526,88,82,6,6
32527,46,53,-7,7
32528,109,104,5,5
32529,98,98,0,0
32530,177,160,17,17
32531,142,136,6,6
32532,56,58,-2,2
32533,166,140,26,26
32534,70,65,5,5
32535,64,63,1,1
32536,70,69,1,1
32537,66,74,-8,8
32538,104,90,14,14
32539,131,116,15,15
32540,82,84,-2,2
32541,65,63,2,2
32542,95,90,5,5
32543,79,71,8,8
32544,86,81,5,5
32545,84,78,6,6
32546,103,83,20,20
32547,77,73,4,4
32548,125,110,15,15
32549,122,116,6,6
32550,64,58,6,6
32551,95,104,-9,9
32552,79,80,-1,1
32553,67,62,5,5
32554,160,146,14,14
32555,103,97,6,6
32556,114,106,8,8
32557,74,76,-2,2
32558,123,115,8,8
32559,50,57,-7,7
32560,53,55,-2,2
32561,195,187,8,8
32562,71,70,1,1
32563,171,145,26,26
32564,90,94,-4,4
32565,75,73,2,2
32566,84,88,-4,4
32567,86,102,-16,16
32568,101,101,0,0
32569,131,112,19,19
32570,159,134,25,25
32571,52,63,-11,11
32572,119,108,11,11
32573,85,79,6,6
32574,97,93,4,4
32575,73,73,0,0
32576,54,59,-5,5
32577,73,67,6,6
32578,127,111,16,16
32579,164,156,8,8
32580,104,89,15,15
32581,57,59,-2,2
32582,40,53,-13,13
32583,103,98,5,5
32584,149,131,18,18
32585,105,95,10,10
32586,184,159,25,25
32587,74,70,4,4
32588,145,127,18,18
32589,74,80,-6,6
32590,83,90,-7,7
32591,82,72,10,10
32592,85,91,-6,6
32593,133,133,0,0
32594,68,65,3,3
32595,56,77,-21,21
32596,183,164,19,19
32597,66,62,4,4
32598,115,122,-7,7
32599,86,80,6,6
32600,64,68,-4,4
32601,41,52,-11,11
32602,97,113,-16,16
32603,76,74,2,2
32604,64,65,-1,1
32605,67,64,3,3
32606,92,84,8,8
32607,86,86,0,0
32608,86,83,3,3
32609,114,110,4,4
32610,134,115,19,19
32611,80,70,10,10
32612,151,160,-9,9
32613,99,93,6,6
32614,144,136,8,8
32615,118,104,14,14
32616,74,71,3,3
32617,85,74,11,11
32618,51,57,-6,6
32619,57,59,-2,2
32620,152,140,12,12
32621,80,78,2,2
32622,83,72,11,11
32623,69,62,7,7
32624,126,134,-8,8
32625,178,157,21,21
32626,101,107,-6,6
32627,110,108,2,2
32628,53,58,-5,5
32629,89,94,-5,5
32630,97,98,-1,1
32631,81,74,7,7
32632,87,80,7,7
32633,52,53,-1,1
32634,98,90,8,8
32635,109,103,6,6
32636,103,96,7,7
32637,90,73,17,17
32638,73,69,4,4
32639,157,143,14,14
32640,106,95,11,11
32641,144,131,13,13
32642,105,104,1,1
32643,191,167,24,24
32644,79,72,7,7
32645,113,98,15,15
32646,66,62,4,4
32647,62,78,-16,16
32648,71,75,-4,4
32649,93,93,0,0
32650,90,77,13,13
32651,81,76,5,5
32652,97,97,0,0
32653,43,60,-17,17
32654,150,132,18,18
32655,78,72,6,6
32656,122,104,18,18
32657,76,73,3,3
32658,50,59,-9,9
32659,78,86,-8,8
32660,68,76,-8,8
32661,92,79,13,13
32662,65,68,-3,3
32663,112,102,10,10
32664,69,70,-1,1
32665,86,84,2,2
32666,73,69,4,4
32667,99,93,6,6
32668,99,89,10,10
32669,70,75,-5,5
32670,88,82,6,6
32671,66,63,3,3
32672,123,109,14,14
32673,72,60,12,12
32674,120,124,-4,4
32675,51,59,-8,8
32676,68,61,7,7
32677,103,104,-1,1
32678,76,71,5,5
32679,77,86,-9,9
32680,143,150,-7,7
32681,128,125,3,3
32682,87,76,11,11
32683,47,56,-9,9
32684,119,115,4,4
32685,119,111,8,8
32686,52,56,-4,4
32687,123,99,24,24
32688,78,78,0,0
32689,135,134,1,1
32690,65,62,3,3
32691,50,53,-3,3
32692,59,74,-15,15
32693,95,82,13,13
32694,74,84,-10,10
32695,127,108,19,19
32696,135,110,25,25
32697,80,76,4,4
32698,81,83,-2,2
32699,102,96,6,6
32700,131,125,6,6
32701,96,85,11,11
32702,100,102,-2,2
32703,104,97,7,7
32704,112,108,4,4
32705,103,87,16,16
32706,96,92,4,4
32707,86,79,7,7
32708,130,128,2,2
32709,47,53,-6,6
32710,118,105,13,13
32711,81,75,6,6
32712,117,92,25,25
32713,77,78,-1,1
32714,129,121,8,8
32715,111,88,23,23
32716,131,117,14,14
32717,67,68,-1,1
32718,66,67,-1,1
32719,111,115,-4,4
32720,71,77,-6,6
32721,58,55,3,3
32722,61,77,-16,16
32723,65,62,3,3
32724,91,96,-5,5
32725,126,120,6,6
32726,79,63,16,16
32727,98,89,9,9
32728,83,103,-20,20
32729,46,52,-6,6
32730,71,71,0,0
32731,56,64,-8,8
32732,74,66,8,8
32733,86,79,7,7
32734,125,113,12,12
32735,71,64,7,7
32736,62,65,-3,3
32737,96,60,36,36
32738,145,120,25,25
32739,73,69,4,4
32740,67,66,1,1
32741,87,85,2,2
32742,79,67,12,12
32743,93,92,1,1
32744,72,70,2,2
32745,68,62,6,6
32746,72,69,3,3
32747,132,119,13,13
32748,75,69,6,6
32749,86,86,0,0
32750,101,91,10,10
32751,193,185,8,8
32752,124,115,9,9
32753,96,86,10,10
32754,102,103,-1,1
32755,48,53,-5,5
32756,95,83,12,12
32757,172,164,8,8
32758,174,162,12,12
32759,171,145,26,26
32760,64,58,6,6
32761,90,91,-1,1
32762,77,79,-2,2
32763,79,76,3,3
32764,82,81,1,1
32765,128,120,8,8
32766,96,94,2,2
32767,88,83,5,5
32768,78,75,3,3
32769,115,115,0,0
32770,75,81,-6,6
32771,132,122,10,10
32772,161,144,17,17
32773,117,106,11,11
32774,61,56,5,5
32775,84,70,14,14
32776,102,103,-1,1
32777,108,105,3,3
32778,108,117,-9,9
32779,156,142,14,14
32780,107,99,8,8
32781,74,66,8,8
32782,185,183,2,2
32783,61,75,-14,14
32784,106,99,7,7
32785,73,75,-2,2
32786,83,73,10,10
32787,53,56,-3,3
32788,216,187,29,29
32789,90,86,4,4
32790,94,101,-7,7
32791,113,115,-2,2
32792,48,55,-7,7
32793,125,136,-11,11
32794,58,58,0,0
32795,112,104,8,8
32796,91,80,11,11
32797,90,98,-8,8
32798,104,95,9,9
32799,59,63,-4,4
32800,74,79,-5,5
32801,99,105,-6,6
32802,76,81,-5,5
32803,101,94,7,7
32804,143,132,11,11
32805,66,66,0,0
32806,108,93,15,15
32807,126,115,11,11
32808,102,90,12,12
32809,106,109,-3,3
32810,84,76,8,8
32811,133,125,8,8
32812,68,67,1,1
32813,133,129,4,4
32814,91,90,1,1
32815,148,139,9,9
32816,131,120,11,11
32817,105,95,10,10
32818,111,115,-4,4
32819,50,53,-3,3
32820,118,103,15,15
32821,56,62,-6,6
32822,76,78,-2,2
32823,141,123,18,18
32824,162,144,18,18
32825,144,141,3,3
32826,131,136,-5,5
32827,57,57,0,0
32828,105,108,-3,3
32829,74,69,5,5
32830,118,138,-20,20
32831,157,147,10,10
32832,105,100,5,5
32833,90,84,6,6
32834,96,100,-4,4
32835,161,152,9,9
32836,83,76,7,7
32837,145,130,15,15
32838,55,55,0,0
32839,113,119,-6,6
32840,72,73,-1,1
32841,199,178,21,21
32842,57,68,-11,11
32843,86,88,-2,2
32844,124,112,12,12
32845,59,68,-9,9
32846,65,53,12,12
32847,82,76,6,6
32848,127,118,9,9
32849,82,84,-2,2
32850,101,88,13,13
32851,105,96,9,9
32852,94,92,2,2
32853,125,114,11,11
32854,96,78,18,18
32855,48,52,-4,4
32856,68,70,-2,2
32857,98,96,2,2
32858,152,136,16,16
32859,139,113,26,26
32860,80,85,-5,5
32861,113,108,5,5
32862,102,111,-9,9
32863,94,89,5,5
32864,56,60,-4,4
32865,112,109,3,3
32866,71,67,4,4
32867,163,153,10,10
32868,95,97,-2,2
32869,165,152,13,13
32870,100,99,1,1
32871,104,95,9,9
32872,68,76,-8,8
32873,152,137,15,15
32874,62,68,-6,6
32875,56,59,-3,3
32876,87,84,3,3
32877,48,55,-7,7
32878,85,81,4,4
32879,82,97,-15,15
32880,70,88,-18,18
32881,80,75,5,5
32882,100,102,-2,2
32883,158,141,17,17
32884,143,133,10,10
32885,76,70,6,6
32886,64,64,0,0
32887,121,114,7,7
32888,72,75,-3,3
32889,53,54,-1,1
32890,202,178,24,24
32891,54,55,-1,1
32892,58,55,3,3
32893,125,119,6,6
32894,74,64,10,10
32895,58,97,-39,39
32896,144,138,6,6
32897,124,121,3,3
32898,84,82,2,2
32899,27,60,-33,33
32900,84,74,10,10
32901,176,144,32,32
32902,44,53,-9,9
32903,66,68,-2,2
32904,73,83,-10,10
32905,71,83,-12,12
32906,42,70,-28,28
32907,61,80,-19,19
32908,71,65,6,6
32909,90,96,-6,6
32910,74,67,7,7
32911,109,93,16,16
32912,124,116,8,8
32913,94,91,3,3
32914,158,162,-4,4
32915,97,81,16,16
32916,73,64,9,9
32917,90,96,-6,6
32918,64,59,5,5
32919,144,145,-1,1
32920,104,105,-1,1
32921,186,159,27,27
32922,102,93,9,9
32923,85,81,4,4
32924,96,99,-3,3
32925,122,116,6,6
32926,97,88,9,9
32927,96,91,5,5
32928,50,52,-2,2
32929,110,121,-11,11
32930,89,83,6,6
32931,98,92,6,6
32932,123,123,0,0
32933,53,60,-7,7
32934,114,108,6,6
32935,152,150,2,2
32936,146,146,0,0
32937,134,120,14,14
32938,105,107,-2,2
32939,38,71,-33,33
32940,99,93,6,6
32941,107,100,7,7
32942,92,78,14,14
32943,120,118,2,2
32944,129,125,4,4
32945,95,88,7,7
32946,90,88,2,2
32947,103,100,3,3
32948,114,104,10,10
32949,59,61,-2,2
32950,36,77,-41,41
32951,99,96,3,3
32952,76,70,6,6
32953,149,118,31,31
32954,106,88,18,18
32955,61,68,-7,7
32956,47,66,-19,19
32957,158,159,-1,1
32958,54,57,-3,3
32959,50,55,-5,5
32960,98,91,7,7
32961,94,86,8,8
32962,67,65,2,2
32963,49,54,-5,5
32964,146,137,9,9
32965,135,120,15,15
32966,87,74,13,13
32967,98,99,-1,1
32968,59,58,1,1
32969,86,80,6,6
32970,62,64,-2,2
32971,113,104,9,9
32972,93,92,1,1
32973,75,80,-5,5
32974,83,77,6,6
32975,138,129,9,9
32976,67,68,-1,1
32977,84,72,12,12
32978,117,113,4,4
32979,64,65,-1,1
32980,80,73,7,7
32981,85,87,-2,2
32982,67,68,-1,1
32983,96,95,1,1
32984,72,70,2,2
32985,63,75,-12,12
32986,151,130,21,21
32987,49,59,-10,10
32988,103,78,25,25
32989,32,51,-19,19
32990,70,65,5,5
32991,135,133,2,2
32992,55,57,-2,2
32993,99,97,2,2
32994,114,112,2,2
32995,82,74,8,8
32996,119,119,0,0
32997,104,103,1,1
32998,123,112,11,11
32999,113,113,0,0
33000,153,149,4,4
33001,89,86,3,3
33002,48,68,-20,20
33003,113,104,9,9
33004,83,82,1,1
33005,129,113,16,16
33006,67,71,-4,4
33007,96,90,6,6
33008,92,90,2,2
33009,103,91,12,12
33010,121,102,19,19
33011,48,56,-8,8
33012,98,87,11,11
33013,112,106,6,6
33014,107,106,1,1
33015,92,78,14,14
33016,72,73,-1,1
33017,86,82,4,4
33018,86,84,2,2
33019,120,109,11,11
33020,65,66,-1,1
33021,86,82,4,4
33022,138,121,17,17
33023,74,79,-5,5
33024,60,60,0,0
33025,125,112,13,13
33026,61,65,-4,4
33027,99,94,5,5
33028,150,136,14,14
33029,69,64,5,5
33030,41,55,-14,14
33031,108,95,13,13
33032,163,161,2,2
33033,121,112,9,9
33034,72,70,2,2
33035,109,102,7,7
33036,133,134,-1,1
33037,74,74,0,0
33038,119,117,2,2
33039,77,77,0,0
33040,97,104,-7,7
33041,76,74,2,2
33042,102,93,9,9
33043,88,80,8,8
33044,139,129,10,10
33045,93,86,7,7
33046,171,152,19,19
33047,115,129,-14,14
33048,73,70,3,3
33049,102,94,8,8
33050,97,94,3,3
33051,107,109,-2,2
33052,180,165,15,15
33053,78,75,3,3
33054,279,245,34,34
33055,86,87,-1,1
33056,80,79,1,1
33057,131,134,-3,3
33058,49,58,-9,9
33059,100,92,8,8
33060,53,62,-9,9
33061,116,106,10,10
33062,61,58,3,3
33063,73,64,9,9
33064,70,60,10,10
33065,56,55,1,1
33066,69,65,4,4
33067,76,71,5,5
33068,57,60,-3,3
33069,36,51,-15,15
33070,75,84,-9,9
33071,62,59,3,3
33072,78,73,5,5
33073,112,109,3,3
33074,85,78,7,7
33075,164,142,22,22
33076,52,62,-10,10
33077,102,99,3,3
33078,34,51,-17,17
33079,52,56,-4,4
33080,63,76,-13,13
33081,60,58,2,2
33082,145,136,9,9
33083,74,75,-1,1
33084,106,110,-4,4
33085,53,55,-2,2
33086,114,115,-1,1
33087,135,133,2,2
33088,119,112,7,7
33089,84,94,-10,10
33090,62,61,1,1
33091,150,143,7,7
33092,178,188,-10,10
33093,125,121,4,4
33094,125,118,7,7
33095,56,58,-2,2
33096,83,82,1,1
33097,79,92,-13,13
33098,66,65,1,1
33099,62,62,0,0
33100,77,79,-2,2
33101,113,109,4,4
33102,119,117,2,2
33103,100,86,14,14
33104,121,114,7,7
33105,102,93,9,9
33106,106,114,-8,8
33107,67,63,4,4
33108,104,93,11,11
33109,133,128,5,5
33110,138,126,12,12
33111,62,71,-9,9
33112,110,113,-3,3
33113,140,128,12,12
33114,80,74,6,6
33115,103,102,1,1
33116,114,105,9,9
33117,55,58,-3,3
33118,91,87,4,4
33119,38,58,-20,20
33120,89,72,17,17
33121,129,118,11,11
33122,30,64,-34,34
33123,103,95,8,8
33124,100,99,1,1
33125,87,90,-3,3
33126,99,92,7,7
33127,87,81,6,6
33128,91,91,0,0
33129,105,96,9,9
33130,104,97,7,7
33131,46,55,-9,9
33132,86,74,12,12
33133,59,74,-15,15
33134,135,133,2,2
33135,47,52,-5,5
33136,108,91,17,17
33137,108,95,13,13
33138,120,116,4,4
33139,50,72,-22,22
33140,102,115,-13,13
33141,129,133,-4,4
33142,82,117,-35,35
33143,141,122,19,19
33144,87,81,6,6
33145,108,100,8,8
33146,113,119,-6,6
33147,166,151,15,15
33148,82,76,6,6
33149,34,60,-26,26
33150,57,57,0,0
33151,128,130,-2,2
33152,86,86,0,0
33153,70,66,4,4
33154,106,101,5,5
33155,111,108,3,3
33156,89,97,-8,8
33157,28,50,-22,22
33158,102,99,3,3
33159,159,136,23,23
33160,170,149,21,21
33161,98,99,-1,1
33162,77,77,0,0
33163,118,119,-1,1
33164,96,90,6,6
33165,51,58,-7,7
33166,63,57,6,6
33167,70,66,4,4
33168,99,104,-5,5
33169,58,56,2,2
33170,60,59,1,1
33171,78,81,-3,3
33172,45,60,-15,15
33173,89,98,-9,9
33174,69,69,0,0
33175,84,86,-2,2
33176,73,68,5,5
33177,178,156,22,22
33178,63,66,-3,3
33179,108,100,8,8
33180,105,104,1,1
33181,43,51,-8,8
33182,82,77,5,5
33183,76,78,-2,2
33184,143,126,17,17
33185,91,83,8,8
33186,63,65,-2,2
33187,136,124,12,12
33188,83,73,10,10
33189,128,118,10,10
33190,63,66,-3,3
33191,72,74,-2,2
33192,96,95,1,1
33193,66,61,5,5
33194,89,99,-10,10
33195,74,65,9,9
33196,69,69,0,0
33197,86,82,4,4
33198,105,97,8,8
33199,92,92,0,0
33200,49,58,-9,9
33201,151,132,19,19
33202,87,89,-2,2
33203,86,81,5,5
33204,55,55,0,0
33205,113,121,-8,8
33206,96,91,5,5
33207,84,77,7,7
33208,102,96,6,6
33209,85,86,-1,1
33210,141,132,9,9
33211,90,74,16,16
33212,57,58,-1,1
33213,80,86,-6,6
33214,111,105,6,6
33215,82,119,-37,37
33216,85,83,2,2
33217,85,76,9,9
33218,67,65,2,2
33219,86,79,7,7
33220,102,91,11,11
33221,71,71,0,0
33222,130,146,-16,16
33223,76,78,-2,2
33224,70,71,-1,1
33225,86,91,-5,5
33226,55,55,0,0
33227,97,95,2,2
33228,98,115,-17,17
33229,70,60,10,10
33230,102,93,9,9
33231,79,69,10,10
33232,104,95,9,9
33233,70,61,9,9
33234,94,87,7,7
33235,103,103,0,0
33236,102,107,-5,5
33237,102,95,7,7
33238,67,64,3,3
33239,165,152,13,13
33240,73,89,-16,16
33241,149,128,21,21
33242,92,90,2,2
33243,57,65,-8,8
33244,76,62,14,14
33245,129,116,13,13
33246,66,68,-2,2
33247,132,120,12,12
33248,108,101,7,7
33249,162,157,5,5
33250,104,98,6,6
33251,98,104,-6,6
33252,81,79,2,2
33253,106,109,-3,3
33254,134,137,-3,3
33255,118,114,4,4
33256,156,136,20,20
33257,73,70,3,3
33258,106,103,3,3
33259,64,59,5,5
33260,66,63,3,3
33261,126,106,20,20
33262,103,102,1,1
33263,57,59,-2,2
33264,158,155,3,3
33265,103,99,4,4
33266,103,101,2,2
33267,172,154,18,18
33268,137,133,4,4
33269,95,88,7,7
33270,127,116,11,11
33271,87,82,5,5
33272,136,116,20,20
33273,51,54,-3,3
33274,95,88,7,7
33275,100,99,1,1
33276,140,128,12,12
33277,102,102,0,0
33278,69,64,5,5
33279,148,137,11,11
33280,121,131,-10,10
33281,133,129,4,4
33282,106,107,-1,1
33283,95,91,4,4
33284,71,83,-12,12
33285,148,140,8,8
33286,188,171,17,17
33287,111,108,3,3
33288,88,87,1,1
33289,71,83,-12,12
33290,83,84,-1,1
33291,44,52,-8,8
33292,69,65,4,4
33293,44,56,-12,12
33294,111,104,7,7
33295,105,109,-4,4
33296,76,76,0,0
33297,95,91,4,4
33298,181,165,16,16
33299,128,115,13,13
33300,81,77,4,4
33301,175,148,27,27
33302,57,56,1,1
33303,70,64,6,6
33304,77,69,8,8
33305,61,61,0,0
33306,108,107,1,1
33307,69,72,-3,3
33308,61,63,-2,2
33309,116,109,7,7
33310,50,54,-4,4
33311,95,84,11,11
33312,62,68,-6,6
33313,161,146,15,15
33314,101,103,-2,2
33315,84,76,8,8
33316,87,90,-3,3
33317,71,71,0,0
33318,56,60,-4,4
33319,77,76,1,1
33320,100,120,-20,20
33321,74,73,1,1
33322,59,65,-6,6
33323,117,111,6,6
33324,102,98,4,4
33325,97,90,7,7
33326,77,73,4,4
33327,128,136,-8,8
33328,89,87,2,2
33329,67,66,1,1
33330,69,73,-4,4
33331,104,104,0,0
33332,55,60,-5,5
33333,62,64,-2,2
33334,101,94,7,7
33335,78,72,6,6
33336,86,71,15,15
33337,81,78,3,3
33338,104,92,12,12
33339,57,54,3,3
33340,101,88,13,13
33341,84,77,7,7
33342,73,78,-5,5
33343,106,105,1,1
33344,102,104,-2,2
33345,71,70,1,1
33346,144,138,6,6
33347,131,110,21,21
33348,82,72,10,10
33349,83,72,11,11
33350,169,154,15,15
33351,70,65,5,5
33352,158,141,17,17
33353,162,128,34,34
33354,104,92,12,12
33355,52,55,-3,3
33356,59,59,0,0
33357,70,68,2,2
33358,112,115,-3,3
33359,106,95,11,11
33360,130,120,10,10
33361,111,99,12,12
33362,117,103,14,14
33363,118,122,-4,4
33364,74,78,-4,4
33365,52,56,-4,4
33366,97,107,-10,10
33367,72,71,1,1
33368,84,74,10,10
33369,50,54,-4,4
33370,101,98,3,3
33371,52,54,-2,2
33372,85,86,-1,1
33373,90,84,6,6
33374,66,72,-6,6
33375,132,115,17,17
33376,91,92,-1,1
33377,46,52,-6,6
33378,36,53,-17,17
33379,94,93,1,1
33380,65,65,0,0
33381,85,81,4,4
33382,78,74,4,4
33383,140,141,-1,1
33384,79,80,-1,1
33385,108,106,2,2
33386,84,79,5,5
33387,89,87,2,2
33388,119,105,14,14
33389,52,54,-2,2
33390,130,113,17,17
33391,57,56,1,1
33392,128,120,8,8
33393,106,94,12,12
33394,65,59,6,6
33395,75,80,-5,5
33396,153,146,7,7
33397,42,52,-10,10
33398,70,64,6,6
33399,157,146,11,11
33400,153,141,12,12
33401,93,85,8,8
33402,85,78,7,7
33403,70,78,-8,8
33404,84,85,-1,1
33405,61,59,2,2
33406,80,81,-1,1
33407,60,55,5,5
33408,60,61,-1,1
33409,122,117,5,5
33410,87,87,0,0
33411,207,160,47,47
33412,102,105,-3,3
33413,52,59,-7,7
33414,75,77,-2,2
33415,62,61,1,1
33416,82,88,-6,6
33417,144,123,21,21
33418,130,128,2,2
33419,90,77,13,13
33420,71,74,-3,3
33421,77,71,6,6
33422,72,68,4,4
33423,46,52,-6,6
33424,55,63,-8,8
33425,64,94,-30,30
33426,73,67,6,6
33427,76,80,-4,4
33428,100,98,2,2
33429,108,92,16,16
33430,130,121,9,9
33431,136,124,12,12
33432,89,85,4,4
33433,79,82,-3,3
33434,110,99,11,11
33435,125,126,-1,1
33436,79,86,-7,7
33437,32,51,-19,19
33438,97,122,-25,25
33439,135,124,11,11
33440,93,93,0,0
33441,111,105,6,6
33442,87,97,-10,10
33443,131,113,18,18
33444,72,66,6,6
33445,72,80,-8,8
33446,192,158,34,34
33447,129,113,16,16
33448,102,95,7,7
33449,86,72,14,14
33450,134,119,15,15
33451,157,149,8,8
33452,75,75,0,0
33453,93,90,3,3
33454,96,89,7,7
33455,105,100,5,5
33456,110,106,4,4
33457,137,122,15,15
33458,194,183,11,11
33459,82,80,2,2
33460,102,111,-9,9
33461,92,91,1,1
33462,119,94,25,25
33463,113,106,7,7
33464,85,85,0,0
33465,66,67,-1,1
33466,145,134,11,11
33467,112,108,4,4
33468,133,128,5,5
33469,113,99,14,14
33470,175,146,29,29
33471,113,115,-2,2
33472,59,59,0,0
33473,97,97,0,0
33474,74,73,1,1
33475,53,54,-1,1
33476,108,106,2,2
33477,133,119,14,14
33478,46,52,-6,6
33479,135,120,15,15
33480,111,102,9,9
33481,117,107,10,10
33482,69,68,1,1
33483,175,152,23,23
33484,83,77,6,6
33485,80,82,-2,2
33486,95,99,-4,4
33487,80,76,4,4
33488,71,69,2,2
33489,61,58,3,3
33490,83,80,3,3
33491,168,152,16,16
33492,78,72,6,6
33493,79,84,-5,5
33494,112,114,-2,2
33495,73,72,1,1
33496,71,83,-12,12
33497,86,86,0,0
33498,105,110,-5,5
33499,103,93,10,10
33500,81,77,4,4
33501,70,70,0,0
33502,107,91,16,16
33503,150,145,5,5
33504,70,60,10,10
33505,80,83,-3,3
33506,48,59,-11,11
33507,100,107,-7,7
33508,52,59,-7,7
33509,97,95,2,2
33510,172,157,15,15
33511,28,51,-23,23
33512,42,71,-29,29
33513,120,112,8,8
33514,60,62,-2,2
33515,118,104,14,14
33516,175,150,25,25
33517,69,68,1,1
33518,50,55,-5,5
33519,90,88,2,2
33520,109,104,5,5
33521,63,69,-6,6
33522,63,63,0,0
33523,54,58,-4,4
33524,115,111,4,4
33525,61,59,2,2
33526,91,89,2,2
33527,76,89,-13,13
33528,72,75,-3,3
33529,64,65,-1,1
33530,47,54,-7,7
33531,67,61,6,6
33532,111,102,9,9
33533,102,128,-26,26
33534,68,61,7,7
33535,101,82,19,19
33536,154,131,23,23
33537,71,74,-3,3
33538,77,73,4,4
33539,74,70,4,4
33540,95,94,1,1
33541,98,95,3,3
33542,87,80,7,7
33543,134,131,3,3
33544,118,113,5,5
33545,146,138,8,8
33546,82,91,-9,9
33547,85,68,17,17
33548,68,87,-19,19
33549,62,61,1,1
33550,79,65,14,14
33551,33,53,-20,20
33552,130,113,17,17
33553,88,73,15,15
33554,132,127,5,5
33555,69,75,-6,6
33556,98,86,12,12
33557,113,97,16,16
33558,84,83,1,1
33559,78,73,5,5
33560,121,109,12,12
33561,69,69,0,0
33562,70,82,-12,12
33563,89,90,-1,1
33564,97,95,2,2
33565,89,86,3,3
33566,128,117,11,11
33567,149,136,13,13
33568,115,109,6,6
33569,68,77,-9,9
33570,44,55,-11,11
33571,36,53,-17,17
33572,64,80,-16,16
33573,75,63,12,12
33574,85,83,2,2
33575,90,86,4,4
33576,98,110,-12,12
33577,110,98,12,12
33578,91,94,-3,3
33579,179,153,26,26
33580,97,78,19,19
33581,65,67,-2,2
33582,111,113,-2,2
33583,191,162,29,29
33584,181,149,32,32
33585,58,65,-7,7
33586,90,73,17,17
33587,101,92,9,9
33588,164,139,25,25
33589,117,102,15,15
33590,84,88,-4,4
33591,112,101,11,11
33592,117,102,15,15
33593,80,80,0,0
33594,150,133,17,17
33595,94,94,0,0
33596,115,114,1,1
33597,157,135,22,22
33598,69,71,-2,2
33599,61,59,2,2
33600,97,94,3,3
33601,74,77,-3,3
33602,90,89,1,1
33603,59,58,1,1
33604,121,103,18,18
33605,102,89,13,13
33606,107,109,-2,2
33607,102,105,-3,3
33608,256,248,8,8
33609,75,75,0,0
33610,80,78,2,2
33611,67,68,-1,1
33612,122,111,11,11
33613,65,59,6,6
33614,74,79,-5,5
33615,86,84,2,2
33616,206,189,17,17
33617,139,136,3,3
33618,76,75,1,1
33619,186,168,18,18
33620,111,110,1,1
33621,80,70,10,10
33622,148,140,8,8
33623,76,78,-2,2
33624,123,137,-14,14
33625,79,92,-13,13
33626,118,107,11,11
33627,51,53,-2,2
33628,88,102,-14,14
33629,157,147,10,10
33630,84,86,-2,2
33631,129,118,11,11
33632,131,114,17,17
33633,74,89,-15,15
33634,93,92,1,1
33635,88,88,0,0
33636,74,77,-3,3
33637,102,97,5,5
33638,143,132,11,11
33639,67,63,4,4
33640,197,175,22,22
33641,98,87,11,11
33642,117,104,13,13
33643,120,115,5,5
33644,118,120,-2,2
33645,63,55,8,8
33646,139,138,1,1
33647,144,140,4,4
33648,96,92,4,4
33649,110,87,23,23
33650,121,116,5,5
33651,68,79,-11,11
33652,84,105,-21,21
33653,118,111,7,7
33654,96,95,1,1
33655,78,81,-3,3
33656,27,54,-27,27
33657,157,143,14,14
33658,137,122,15,15
33659,107,104,3,3
33660,95,93,2,2
33661,45,55,-10,10
33662,69,100,-31,31
33663,196,169,27,27
33664,108,91,17,17
33665,88,79,9,9
33666,199,170,29,29
33667,111,112,-1,1
33668,179,153,26,26
33669,157,146,11,11
33670,82,73,9,9
33671,77,70,7,7
33672,56,56,0,0
33673,63,66,-3,3
33674,196,169,27,27
33675,89,92,-3,3
33676,126,114,12,12
33677,39,51,-12,12
33678,80,87,-7,7
33679,97,89,8,8
33680,85,75,10,10
33681,58,58,0,0
33682,132,122,10,10
33683,54,64,-10,10
33684,99,92,7,7
33685,91,90,1,1
33686,75,66,9,9
33687,57,67,-10,10
33688,66,67,-1,1
33689,105,108,-3,3
33690,51,54,-3,3
33691,134,120,14,14
33692,27,54,-27,27
33693,71,66,5,5
33694,65,60,5,5
33695,112,86,26,26
33696,100,101,-1,1
33697,56,58,-2,2
33698,74,69,5,5
33699,137,125,12,12
33700,96,98,-2,2
33701,113,119,-6,6
33702,56,56,0,0
33703,91,93,-2,2
33704,179,170,9,9
33705,54,54,0,0
33706,90,93,-3,3
33707,92,91,1,1
33708,87,76,11,11
33709,122,107,15,15
33710,150,130,20,20
33711,90,83,7,7
33712,98,91,7,7
33713,59,61,-2,2
33714,122,116,6,6
33715,150,144,6,6
33716,74,70,4,4
33717,65,67,-2,2
33718,53,59,-6,6
33719,93,90,3,3
33720,108,99,9,9
33721,70,77,-7,7
33722,135,124,11,11
33723,87,92,-5,5
33724,65,73,-8,8
33725,55,53,2,2
33726,40,52,-12,12
33727,88,80,8,8
33728,168,147,21,21
33729,37,52,-15,15
33730,80,66,14,14
33731,92,79,13,13
33732,157,136,21,21
33733,121,119,2,2
33734,119,116,3,3
33735,131,102,29,29
33736,112,99,13,13
33737,71,81,-10,10
33738,73,75,-2,2
33739,99,94,5,5
33740,81,69,12,12
33741,70,69,1,1
33742,91,82,9,9
33743,63,61,2,2
33744,65,61,4,4
33745,92,99,-7,7
33746,83,77,6,6
33747,62,66,-4,4
33748,137,128,9,9
33749,194,167,27,27
33750,104,96,8,8
33751,136,131,5,5
33752,149,139,10,10
33753,109,102,7,7
33754,70,65,5,5
33755,121,111,10,10
33756,73,71,2,2
33757,97,86,11,11
33758,105,96,9,9
33759,131,122,9,9
33760,118,108,10,10
33761,97,91,6,6
33762,49,54,-5,5
33763,110,106,4,4
33764,87,89,-2,2
33765,107,104,3,3
33766,72,65,7,7
33767,173,155,18,18
33768,117,116,1,1
33769,91,92,-1,1
33770,93,76,17,17
33771,34,51,-17,17
33772,75,67,8,8
33773,110,110,0,0
33774,76,81,-5,5
33775,122,148,-26,26
33776,94,95,-1,1
33777,60,60,0,0
33778,96,96,0,0
33779,92,92,0,0
33780,155,135,20,20
33781,116,102,14,14
33782,113,107,6,6
33783,70,65,5,5
33784,127,130,-3,3
33785,104,110,-6,6
33786,103,105,-2,2
33787,66,58,8,8
33788,58,59,-1,1
33789,47,58,-11,11
33790,124,121,3,3
33791,47,53,-6,6
33792,134,116,18,18
33793,126,112,14,14
33794,133,129,4,4
33795,101,98,3,3
33796,48,56,-8,8
33797,69,77,-8,8
33798,62,60,2,2
33799,112,96,16,16
33800,124,124,0,0
33801,68,64,4,4
33802,70,63,7,7
33803,98,95,3,3
33804,61,74,-13,13
33805,98,103,-5,5
33806,128,115,13,13
33807,112,102,10,10
33808,62,63,-1,1
33809,106,95,11,11
33810,90,77,13,13
33811,57,58,-1,1
33812,127,121,6,6
33813,83,78,5,5
33814,123,115,8,8
33815,99,89,10,10
33816,114,114,0,0
33817,124,123,1,1
33818,63,62,1,1
33819,169,156,13,13
33820,86,82,4,4
33821,97,95,2,2
33822,95,83,12,12
33823,97,96,1,1
33824,120,104,16,16
33825,100,92,8,8
33826,127,130,-3,3
33827,65,67,-2,2
33828,74,73,1,1
33829,146,134,12,12
33830,93,92,1,1
33831,76,75,1,1
33832,127,119,8,8
33833,61,61,0,0
33834,81,83,-2,2
33835,132,100,32,32
33836,69,61,8,8
33837,56,67,-11,11
33838,103,96,7,7
33839,110,111,-1,1
33840,102,95,7,7
33841,74,66,8,8
33842,111,111,0,0
33843,74,73,1,1
33844,58,57,1,1
33845,96,97,-1,1
33846,67,66,1,1
33847,57,60,-3,3
33848,104,95,9,9
33849,60,68,-8,8
33850,50,58,-8,8
33851,120,113,7,7
33852,73,71,2,2
33853,45,52,-7,7
33854,95,94,1,1
33855,125,128,-3,3
33856,106,100,6,6
33857,80,70,10,10
33858,138,129,9,9
33859,105,105,0,0
33860,100,104,-4,4
33861,89,84,5,5
33862,161,132,29,29
33863,115,118,-3,3
33864,109,97,12,12
33865,120,109,11,11
33866,64,60,4,4
33867,85,82,3,3
33868,139,131,8,8
33869,56,61,-5,5
33870,100,98,2,2
33871,61,63,-2,2
33872,87,90,-3,3
33873,78,71,7,7
33874,135,121,14,14
33875,149,143,6,6
33876,123,113,10,10
33877,114,95,19,19
33878,106,109,-3,3
33879,121,102,19,19
33880,103,112,-9,9
33881,133,127,6,6
33882,83,77,6,6
33883,90,82,8,8
33884,43,53,-10,10
33885,195,166,29,29
33886,82,73,9,9
33887,121,112,9,9
33888,77,74,3,3
33889,80,83,-3,3
33890,56,58,-2,2
33891,70,63,7,7
33892,57,55,2,2
33893,98,99,-1,1
33894,85,84,1,1
33895,102,95,7,7
33896,114,97,17,17
33897,153,134,19,19
33898,61,58,3,3
33899,99,95,4,4
33900,77,71,6,6
33901,89,74,15,15
33902,79,72,7,7
33903,108,113,-5,5
33904,102,81,21,21
33905,54,62,-8,8
33906,101,88,13,13
33907,131,117,14,14
33908,56,62,-6,6
33909,110,102,8,8
33910,78,70,8,8
33911,153,136,17,17
33912,73,76,-3,3
33913,105,93,12,12
33914,57,67,-10,10
33915,95,104,-9,9
33916,56,63,-7,7
33917,107,98,9,9
33918,62,77,-15,15
33919,157,145,12,12
33920,94,86,8,8
33921,84,69,15,15
33922,131,126,5,5
33923,75,71,4,4
33924,122,115,7,7
33925,114,118,-4,4
33926,61,56,5,5
33927,137,136,1,1
33928,72,67,5,5
33929,115,98,17,17
33930,49,83,-34,34
33931,98,87,11,11
33932,114,115,-1,1
33933,79,72,7,7
33934,75,68,7,7
33935,111,86,25,25
33936,84,82,2,2
33937,61,61,0,0
33938,70,73,-3,3
33939,103,102,1,1
33940,119,102,17,17
33941,62,65,-3,3
33942,94,80,14,14
33943,161,142,19,19
33944,253,210,43,43
33945,112,110,2,2
33946,63,70,-7,7
33947,90,82,8,8
33948,124,117,7,7
33949,85,69,16,16
33950,167,152,15,15
33951,115,90,25,25
33952,113,99,14,14
33953,95,91,4,4
33954,93,89,4,4
33955,138,120,18,18
33956,74,73,1,1
33957,52,59,-7,7
33958,104,96,8,8
33959,143,130,13,13
33960,74,82,-8,8
33961,69,66,3,3
33962,133,125,8,8
33963,82,78,4,4
33964,98,89,9,9
33965,77,72,5,5
33966,142,137,5,5
33967,84,85,-1,1
33968,95,98,-3,3
33969,83,76,7,7
33970,114,100,14,14
33971,53,74,-21,21
33972,91,85,6,6
33973,122,123,-1,1
33974,89,110,-21,21
33975,81,82,-1,1
33976,110,112,-2,2
33977,96,88,8,8
33978,119,110,9,9
33979,80,81,-1,1
33980,108,96,12,12
33981,71,66,5,5
33982,80,75,5,5
33983,157,153,4,4
33984,85,72,13,13
33985,47,56,-9,9
33986,68,58,10,10
33987,86,68,18,18
33988,71,68,3,3
33989,64,59,5,5
33990,65,63,2,2
33991,155,154,1,1
33992,108,112,-4,4
33993,188,162,26,26
33994,109,108,1,1
33995,64,65,-1,1
33996,120,134,-14,14
33997,72,69,3,3
33998,55,60,-5,5
33999,69,66,3,3
34000,186,159,27,27
34001,96,107,-11,11
34002,77,79,-2,2
34003,83,83,0,0
34004,79,70,9,9
34005,55,66,-11,11
34006,155,137,18,18
34007,91,88,3,3
34008,48,55,-7,7
34009,122,116,6,6
34010,75,88,-13,13
34011,109,108,1,1
34012,110,104,6,6
34013,79,74,5,5
34014,69,65,4,4
34015,78,79,-1,1
34016,129,126,3,3
34017,131,122,9,9
34018,45,54,-9,9
34019,96,90,6,6
34020,105,119,-14,14
34021,128,123,5,5
34022,139,128,11,11
34023,116,103,13,13
34024,81,75,6,6
34025,77,79,-2,2
34026,100,95,5,5
34027,68,63,5,5
34028,70,74,-4,4
34029,222,229,-7,7
34030,22,52,-30,30
34031,121,114,7,7
34032,67,67,0,0
34033,87,76,11,11
34034,58,56,2,2
34035,69,77,-8,8
34036,71,79,-8,8
34037,54,63,-9,9
34038,60,56,4,4
34039,87,84,3,3
34040,101,95,6,6
34041,61,60,1,1
34042,141,123,18,18
34043,121,125,-4,4
34044,102,92,10,10
34045,78,81,-3,3
34046,96,108,-12,12
34047,56,55,1,1
34048,101,84,17,17
34049,64,65,-1,1
34050,55,61,-6,6
34051,89,76,13,13
34052,84,72,12,12
34053,90,84,6,6
34054,166,147,19,19
34055,85,107,-22,22
34056,94,90,4,4
34057,130,131,-1,1
34058,146,147,-1,1
34059,77,91,-14,14
34060,97,88,9,9
34061,102,94,8,8
34062,150,144,6,6
34063,104,100,4,4
34064,90,88,2,2
34065,70,68,2,2
34066,45,53,-8,8
34067,76,67,9,9
34068,90,102,-12,12
34069,63,59,4,4
34070,123,116,7,7
34071,91,74,17,17
34072,102,86,16,16
34073,120,107,13,13
34074,48,67,-19,19
34075,42,52,-10,10
34076,85,82,3,3
34077,67,61,6,6
34078,73,61,12,12
34079,67,64,3,3
34080,87,86,1,1
34081,172,150,22,22
34082,128,130,-2,2
34083,116,113,3,3
34084,102,93,9,9
34085,134,130,4,4
34086,94,101,-7,7
34087,55,55,0,0
34088,175,167,8,8
34089,71,71,0,0
34090,53,57,-4,4
34091,92,97,-5,5
34092,111,103,8,8
34093,120,118,2,2
34094,107,113,-6,6
34095,48,54,-6,6
34096,85,76,9,9
34097,122,133,-11,11
34098,90,93,-3,3
34099,70,65,5,5
34100,63,64,-1,1
34101,110,98,12,12
34102,56,59,-3,3
34103,96,100,-4,4
34104,79,77,2,2
34105,56,55,1,1
34106,115,99,16,16
34107,60,66,-6,6
34108,59,59,0,0
34109,74,71,3,3
34110,110,114,-4,4
34111,99,110,-11,11
34112,106,101,5,5
34113,62,55,7,7
34114,93,90,3,3
34115,59,55,4,4
34116,88,78,10,10
34117,75,82,-7,7
34118,78,68,10,10
34119,67,68,-1,1
34120,118,106,12,12
34121,66,62,4,4
34122,69,66,3,3
34123,110,98,12,12
34124,102,98,4,4
34125,127,122,5,5
34126,99,96,3,3
34127,127,128,-1,1
34128,97,81,16,16
34129,52,53,-1,1
34130,56,59,-3,3
34131,64,62,2,2
34132,111,101,10,10
34133,114,108,6,6
34134,162,139,23,23
34135,56,66,-10,10
34136,35,53,-18,18
34137,83,81,2,2
34138,151,147,4,4
34139,77,76,1,1
34140,65,69,-4,4
34141,67,66,1,1
34142,81,75,6,6
34143,56,55,1,1
34144,67,66,1,1
34145,59,55,4,4
34146,142,118,24,24
34147,79,78,1,1
34148,104,99,5,5
34149,68,66,2,2
34150,67,71,-4,4
34151,56,57,-1,1
34152,66,63,3,3
34153,31,53,-22,22
34154,121,108,13,13
34155,115,106,9,9
34156,68,62,6,6
34157,103,102,1,1
34158,71,71,0,0
34159,115,115,0,0
34160,122,107,15,15
34161,99,92,7,7
34162,112,106,6,6
34163,215,209,6,6
34164,68,71,-3,3
34165,84,79,5,5
34166,82,79,3,3
34167,82,78,4,4
34168,95,86,9,9
34169,80,79,1,1
34170,121,107,14,14
34171,103,90,13,13
34172,74,75,-1,1
34173,59,57,2,2
34174,106,94,12,12
34175,62,55,7,7
34176,49,52,-3,3
34177,62,62,0,0
34178,151,142,9,9
34179,178,144,34,34
34180,96,95,1,1
34181,91,92,-1,1
34182,74,71,3,3
34183,78,83,-5,5
34184,95,114,-19,19
34185,109,104,5,5
34186,59,60,-1,1
34187,64,55,9,9
34188,122,105,17,17
34189,106,105,1,1
34190,137,127,10,10
34191,79,72,7,7
34192,45,54,-9,9
34193,96,89,7,7
34194,53,56,-3,3
34195,121,107,14,14
34196,138,136,2,2
34197,107,97,10,10
34198,90,85,5,5
34199,83,81,2,2
34200,65,63,2,2
34201,68,74,-6,6
34202,50,54,-4,4
34203,44,68,-24,24
34204,78,82,-4,4
34205,74,73,1,1
34206,67,63,4,4
34207,116,101,15,15
34208,50,52,-2,2
34209,100,89,11,11
34210,52,54,-2,2
34211,70,64,6,6
34212,92,88,4,4
34213,130,116,14,14
34214,139,140,-1,1
34215,96,85,11,11
34216,98,87,11,11
34217,49,55,-6,6
34218,90,74,16,16
34219,103,104,-1,1
34220,39,53,-14,14
34221,172,142,30,30
34222,104,91,13,13
34223,63,64,-1,1
34224,78,70,8,8
34225,65,67,-2,2
34226,58,57,1,1
34227,140,135,5,5
34228,95,101,-6,6
34229,77,68,9,9
34230,122,109,13,13
34231,63,55,8,8
34232,26,53,-27,27
34233,78,77,1,1
34234,60,65,-5,5
34235,80,77,3,3
34236,96,93,3,3
34237,62,62,0,0
34238,77,80,-3,3
34239,101,90,11,11
34240,103,99,4,4
34241,87,91,-4,4
34242,132,123,9,9
34243,223,181,42,42
34244,117,106,11,11
34245,151,132,19,19
34246,87,94,-7,7
34247,103,96,7,7
34248,59,66,-7,7
34249,150,125,25,25
34250,100,90,10,10
34251,92,78,14,14
34252,65,73,-8,8
34253,72,68,4,4
34254,48,52,-4,4
34255,114,102,12,12
34256,63,56,7,7
34257,139,129,10,10
34258,86,82,4,4
34259,96,80,16,16
34260,80,75,5,5
34261,126,107,19,19
34262,112,104,8,8
34263,99,108,-9,9
34264,83,73,10,10
34265,62,58,4,4
34266,53,66,-13,13
34267,40,52,-12,12
34268,103,97,6,6
34269,87,92,-5,5
34270,66,66,0,0
34271,116,103,13,13
34272,107,93,14,14
34273,121,115,6,6
34274,114,95,19,19
34275,111,107,4,4
34276,105,103,2,2
34277,103,103,0,0
34278,106,90,16,16
34279,126,115,11,11
34280,104,99,5,5
34281,77,73,4,4
34282,114,109,5,5
34283,77,74,3,3
34284,83,82,1,1
34285,78,84,-6,6
34286,81,82,-1,1
34287,64,61,3,3
34288,134,123,11,11
34289,78,77,1,1
34290,137,126,11,11
34291,80,71,9,9
34292,145,128,17,17
34293,103,104,-1,1
34294,101,96,5,5
34295,87,80,7,7
34296,83,81,2,2
34297,98,86,12,12
34298,133,131,2,2
34299,114,114,0,0
34300,119,103,16,16
34301,94,89,5,5
34302,85,85,0,0
34303,162,151,11,11
34304,85,71,14,14
34305,62,56,6,6
34306,83,74,9,9
34307,99,92,7,7
34308,79,80,-1,1
34309,95,95,0,0
34310,140,135,5,5
34311,165,149,16,16
34312,104,94,10,10
34313,110,118,-8,8
34314,138,167,-29,29
34315,117,127,-10,10
34316,120,113,7,7
34317,67,74,-7,7
34318,82,77,5,5
34319,110,97,13,13
34320,110,98,12,12
34321,63,69,-6,6
34322,54,55,-1,1
34323,128,129,-1,1
34324,90,78,12,12
34325,99,97,2,2
34326,121,140,-19,19
34327,47,58,-11,11
34328,88,78,10,10
34329,96,86,10,10
34330,83,101,-18,18
34331,91,76,15,15
34332,100,96,4,4
34333,68,70,-2,2
34334,44,53,-9,9
34335,94,87,7,7
34336,48,53,-5,5
34337,63,59,4,4
34338,114,108,6,6
34339,88,77,11,11
34340,105,95,10,10
34341,67,67,0,0
34342,61,54,7,7
34343,120,116,4,4
34344,111,97,14,14
34345,102,93,9,9
34346,111,102,9,9
34347,48,54,-6,6
34348,102,104,-2,2
34349,101,96,5,5
34350,88,89,-1,1
34351,58,65,-7,7
34352,64,66,-2,2
34353,65,64,1,1
34354,156,142,14,14
34355,84,80,4,4
34356,169,146,23,23
34357,130,108,22,22
34358,51,59,-8,8
34359,60,56,4,4
34360,109,93,16,16
34361,107,106,1,1
34362,133,138,-5,5
34363,73,71,2,2
34364,117,110,7,7
34365,105,96,9,9
34366,118,134,-16,16
34367,107,101,6,6
34368,89,87,2,2
34369,130,117,13,13
34370,107,108,-1,1
34371,86,83,3,3
34372,87,89,-2,2
34373,166,151,15,15
34374,91,88,3,3
34375,83,73,10,10
34376,90,103,-13,13
34377,60,66,-6,6
34378,73,73,0,0
34379,133,116,17,17
34380,131,124,7,7
34381,128,144,-16,16
34382,93,87,6,6
34383,48,55,-7,7
34384,126,101,25,25
34385,62,70,-8,8
34386,50,59,-9,9
34387,70,67,3,3
34388,111,106,5,5
34389,89,80,9,9
34390,94,97,-3,3
34391,38,55,-17,17
34392,76,87,-11,11
34393,92,89,3,3
34394,66,62,4,4
34395,84,80,4,4
34396,72,70,2,2
34397,79,74,5,5
34398,78,77,1,1
34399,61,59,2,2
34400,68,65,3,3
34401,114,100,14,14
34402,84,83,1,1
34403,51,59,-8,8
34404,96,84,12,12
34405,74,66,8,8
34406,64,70,-6,6
34407,79,75,4,4
34408,89,79,10,10
34409,150,143,7,7
34410,137,118,19,19
34411,62,63,-1,1
34412,120,110,10,10
34413,75,66,9,9
34414,63,65,-2,2
34415,144,145,-1,1
34416,83,73,10,10
34417,71,97,-26,26
34418,125,119,6,6
34419,71,70,1,1
34420,90,90,0,0
34421,57,60,-3,3
34422,68,74,-6,6
34423,117,102,15,15
34424,142,135,7,7
34425,95,84,11,11
34426,91,93,-2,2
34427,86,87,-1,1
34428,119,120,-1,1
34429,71,80,-9,9
34430,97,88,9,9
34431,92,92,0,0
34432,86,93,-7,7
34433,48,59,-11,11
34434,50,54,-4,4
34435,105,128,-23,23
34436,105,108,-3,3
34437,127,110,17,17
34438,108,105,3,3
34439,71,66,5,5
34440,73,75,-2,2
34441,68,74,-6,6
34442,147,128,19,19
34443,142,139,3,3
34444,39,52,-13,13
34445,91,77,14,14
34446,79,81,-2,2
34447,84,76,8,8
34448,123,119,4,4
34449,63,73,-10,10
34450,196,175,21,21
34451,161,155,6,6
34452,152,122,30,30
34453,144,129,15,15
34454,96,93,3,3
34455,125,124,1,1
34456,82,77,5,5
34457,128,114,14,14
34458,160,156,4,4
34459,43,53,-10,10
34460,68,68,0,0
34461,108,81,27,27
34462,74,71,3,3
34463,52,60,-8,8
34464,107,111,-4,4
34465,64,68,-4,4
34466,89,82,7,7
34467,85,72,13,13
34468,73,74,-1,1
34469,177,172,5,5
34470,111,105,6,6
34471,67,75,-8,8
34472,76,67,9,9
34473,152,131,21,21
34474,90,89,1,1
34475,79,77,2,2
34476,99,100,-1,1
34477,78,72,6,6
34478,131,119,12,12
34479,100,88,12,12
34480,74,78,-4,4
34481,99,97,2,2
34482,135,130,5,5
34483,104,103,1,1
34484,67,62,5,5
34485,102,85,17,17
34486,48,56,-8,8
34487,243,216,27,27
34488,97,90,7,7
34489,112,107,5,5
34490,118,118,0,0
34491,77,81,-4,4
34492,73,60,13,13
34493,99,96,3,3
34494,60,77,-17,17
34495,155,148,7,7
34496,125,119,6,6
34497,202,158,44,44
34498,82,87,-5,5
34499,100,88,12,12
34500,78,72,6,6
34501,59,65,-6,6
34502,48,55,-7,7
34503,121,119,2,2
34504,128,115,13,13
34505,96,101,-5,5
34506,133,119,14,14
34507,107,103,4,4
34508,106,98,8,8
34509,111,120,-9,9
34510,48,66,-18,18
34511,79,83,-4,4
34512,121,104,17,17
34513,147,135,12,12
34514,113,111,2,2
34515,58,57,1,1
34516,93,83,10,10
34517,109,104,5,5
34518,85,87,-2,2
34519,69,73,-4,4
34520,70,68,2,2
34521,81,88,-7,7
34522,47,52,-5,5
34523,121,106,15,15
34524,151,131,20,20
34525,80,80,0,0
34526,60,58,2,2
34527,133,124,9,9
34528,65,67,-2,2
34529,162,152,10,10
34530,73,69,4,4
34531,108,96,12,12
34532,87,84,3,3
34533,101,105,-4,4
34534,90,87,3,3
34535,130,139,-9,9
34536,133,122,11,11
34537,139,130,9,9
34538,95,97,-2,2
34539,96,91,5,5
34540,66,66,0,0
34541,69,72,-3,3
34542,69,65,4,4
34543,86,82,4,4
34544,95,91,4,4
34545,91,85,6,6
34546,189,157,32,32
34547,109,106,3,3
34548,63,63,0,0
34549,156,150,6,6
34550,64,65,-1,1
34551,117,109,8,8
34552,55,55,0,0
34553,115,117,-2,2
34554,103,96,7,7
34555,155,142,13,13
34556,78,74,4,4
34557,159,159,0,0
34558,73,63,10,10
34559,188,169,19,19
34560,150,145,5,5
34561,103,91,12,12
34562,80,79,1,1
34563,92,90,2,2
34564,121,119,2,2
34565,113,112,1,1
34566,106,97,9,9
34567,72,63,9,9
34568,120,112,8,8
34569,49,54,-5,5
34570,124,126,-2,2
34571,82,81,1,1
34572,145,148,-3,3
34573,61,57,4,4
34574,108,101,7,7
34575,53,56,-3,3
34576,117,106,11,11
34577,88,87,1,1
34578,122,93,29,29
34579,56,62,-6,6
34580,161,141,20,20
34581,115,109,6,6
34582,100,97,3,3
34583,149,145,4,4
34584,126,116,10,10
34585,74,71,3,3
34586,124,113,11,11
34587,101,95,6,6
34588,83,93,-10,10
34589,105,96,9,9
34590,143,132,11,11
34591,153,143,10,10
34592,54,54,0,0
34593,52,71,-19,19
34594,87,82,5,5
34595,63,61,2,2
34596,84,87,-3,3
34597,96,92,4,4
34598,59,65,-6,6
34599,141,129,12,12
34600,121,106,15,15
34601,21,50,-29,29
34602,93,85,8,8
34603,126,123,3,3
34604,91,86,5,5
34605,126,115,11,11
34606,79,73,6,6
34607,133,132,1,1
34608,72,74,-2,2
34609,117,94,23,23
34610,51,61,-10,10
34611,92,88,4,4
34612,78,83,-5,5
34613,70,72,-2,2
34614,77,76,1,1
34615,94,84,10,10
34616,75,73,2,2
34617,93,90,3,3
34618,75,63,12,12
34619,149,138,11,11
34620,99,96,3,3
34621,94,104,-10,10
34622,98,89,9,9
34623,68,67,1,1
34624,101,141,-40,40
34625,115,103,12,12
34626,87,80,7,7
34627,100,110,-10,10
34628,80,87,-7,7
34629,133,121,12,12
34630,54,56,-2,2
34631,164,150,14,14
34632,98,95,3,3
34633,75,77,-2,2
34634,77,68,9,9
34635,126,119,7,7
34636,124,114,10,10
34637,89,88,1,1
34638,77,77,0,0
34639,162,143,19,19
34640,129,109,20,20
34641,126,119,7,7
34642,90,78,12,12
34643,145,133,12,12
34644,59,66,-7,7
34645,79,74,5,5
34646,100,84,16,16
34647,136,123,13,13
34648,53,60,-7,7
34649,109,100,9,9
34650,79,75,4,4
34651,111,105,6,6
34652,172,134,38,38
34653,142,135,7,7
34654,81,79,2,2
34655,100,95,5,5
34656,71,69,2,2
34657,37,53,-16,16
34658,91,84,7,7
34659,85,81,4,4
34660,96,95,1,1
34661,96,90,6,6
34662,72,64,8,8
34663,58,56,2,2
34664,128,131,-3,3
34665,90,78,12,12
34666,79,75,4,4
34667,57,57,0,0
34668,164,134,30,30
34669,147,116,31,31
34670,42,52,-10,10
34671,92,99,-7,7
34672,73,73,0,0
34673,80,78,2,2
34674,82,77,5,5
34675,82,81,1,1
34676,124,114,10,10
34677,87,91,-4,4
34678,93,91,2,2
34679,151,128,23,23
34680,88,83,5,5
34681,99,90,9,9
34682,104,98,6,6
34683,80,78,2,2
34684,91,78,13,13
34685,116,129,-13,13
34686,136,122,14,14
34687,76,105,-29,29
34688,125,128,-3,3
34689,99,84,15,15
34690,112,112,0,0
34691,103,113,-10,10
34692,152,137,15,15
34693,122,111,11,11
34694,74,70,4,4
34695,106,106,0,0
34696,76,70,6,6
34697,59,62,-3,3
34698,100,116,-16,16
34699,58,60,-2,2
34700,69,70,-1,1
34701,120,122,-2,2
34702,74,71,3,3
34703,55,56,-1,1
34704,89,88,1,1
34705,79,76,3,3
34706,137,134,3,3
34707,81,80,1,1
34708,64,72,-8,8
34709,170,159,11,11
34710,69,67,2,2
34711,72,68,4,4
34712,73,71,2,2
34713,66,70,-4,4
34714,114,108,6,6
34715,96,101,-5,5
34716,67,66,1,1
34717,83,79,4,4
34718,72,67,5,5
34719,150,142,8,8
34720,56,54,2,2
34721,66,69,-3,3
34722,53,61,-8,8
34723,169,142,27,27
34724,66,66,0,0
34725,105,107,-2,2
34726,101,97,4,4
34727,78,79,-1,1
34728,130,123,7,7
34729,140,127,13,13
34730,91,104,-13,13
34731,89,76,13,13
34732,73,73,0,0
34733,111,102,9,9
34734,111,109,2,2
34735,154,137,17,17
34736,56,62,-6,6
34737,136,124,12,12
34738,101,87,14,14
34739,120,120,0,0
34740,62,54,8,8
34741,105,102,3,3
34742,76,76,0,0
34743,161,155,6,6
34744,88,90,-2,2
34745,51,55,-4,4
34746,108,107,1,1
34747,101,94,7,7
34748,74,73,1,1
34749,189,160,29,29
34750,46,56,-10,10
34751,58,58,0,0
34752,100,80,20,20
34753,171,140,31,31
34754,45,53,-8,8
34755,87,68,19,19
34756,57,55,2,2
34757,137,118,19,19
34758,72,69,3,3
34759,115,106,9,9
34760,98,93,5,5
34761,58,61,-3,3
34762,87,107,-20,20
34763,79,75,4,4
34764,79,69,10,10
34765,67,64,3,3
34766,32,51,-19,19
34767,76,75,1,1
34768,80,69,11,11
34769,106,90,16,16
34770,54,61,-7,7
34771,75,77,-2,2
34772,149,139,10,10
34773,110,94,16,16
34774,106,107,-1,1
34775,130,125,5,5
34776,49,52,-3,3
34777,119,121,-2,2
34778,75,77,-2,2
34779,89,87,2,2
34780,63,59,4,4
34781,64,55,9,9
34782,116,110,6,6
34783,79,69,10,10
34784,92,92,0,0
34785,70,74,-4,4
34786,120,111,9,9
34787,165,151,14,14
34788,187,181,6,6
34789,82,77,5,5
34790,53,69,-16,16
34791,88,80,8,8
34792,75,68,7,7
34793,66,61,5,5
34794,80,79,1,1
34795,113,100,13,13
34796,48,54,-6,6
34797,52,55,-3,3
34798,169,154,15,15
34799,100,105,-5,5
34800,71,79,-8,8
34801,103,109,-6,6
34802,127,122,5,5
34803,132,126,6,6
34804,136,127,9,9
34805,67,58,9,9
34806,127,124,3,3
34807,142,138,4,4
34808,114,112,2,2
34809,71,75,-4,4
34810,77,75,2,2
34811,86,94,-8,8
34812,166,142,24,24
34813,116,108,8,8
34814,42,52,-10,10
34815,91,79,12,12
34816,81,74,7,7
34817,109,101,8,8
34818,164,155,9,9
34819,119,117,2,2
34820,79,70,9,9
34821,122,114,8,8
34822,67,66,1,1
34823,96,89,7,7
34824,81,75,6,6
34825,110,77,33,33
34826,142,134,8,8
34827,30,53,-23,23
34828,102,97,5,5
34829,128,112,16,16
34830,127,133,-6,6
34831,55,84,-29,29
34832,125,146,-21,21
34833,85,84,1,1
34834,82,79,3,3
34835,99,105,-6,6
34836,142,138,4,4
34837,99,104,-5,5
34838,96,101,-5,5
34839,87,99,-12,12
34840,76,70,6,6
34841,95,101,-6,6
34842,61,62,-1,1
34843,58,64,-6,6
34844,88,88,0,0
34845,87,93,-6,6
34846,89,83,6,6
34847,100,91,9,9
34848,87,89,-2,2
34849,86,81,5,5
34850,43,54,-11,11
34851,33,51,-18,18
34852,97,93,4,4
34853,130,115,15,15
34854,149,130,19,19
34855,139,119,20,20
34856,71,72,-1,1
34857,53,66,-13,13
34858,69,62,7,7
34859,114,99,15,15
34860,60,67,-7,7
34861,53,56,-3,3
34862,80,72,8,8
34863,75,60,15,15
34864,101,114,-13,13
34865,147,137,10,10
34866,100,86,14,14
34867,112,114,-2,2
34868,61,61,0,0
34869,68,66,2,2
34870,41,59,-18,18
34871,72,74,-2,2
34872,69,76,-7,7
34873,135,120,15,15
34874,112,107,5,5
34875,63,61,2,2
34876,83,75,8,8
34877,74,73,1,1
34878,85,88,-3,3
34879,91,79,12,12
34880,150,144,6,6
34881,96,89,7,7
34882,61,80,-19,19
34883,51,67,-16,16
34884,61,61,0,0
34885,143,150,-7,7
34886,64,64,0,0
34887,59,59,0,0
34888,67,76,-9,9
34889,65,87,-22,22
34890,142,126,16,16
34891,66,64,2,2
34892,73,76,-3,3
34893,107,100,7,7
34894,112,96,16,16
34895,104,103,1,1
34896,46,54,-8,8
34897,83,67,16,16
34898,89,82,7,7
34899,73,61,12,12
34900,59,59,0,0
34901,59,57,2,2
34902,112,102,10,10
34903,75,79,-4,4
34904,68,70,-2,2
34905,80,87,-7,7
34906,70,81,-11,11
34907,77,78,-1,1
34908,49,55,-6,6
34909,91,86,5,5
34910,65,58,7,7
34911,77,74,3,3
34912,130,113,17,17
34913,77,75,2,2
34914,175,166,9,9
34915,103,107,-4,4
34916,79,76,3,3
34917,74,68,6,6
34918,98,102,-4,4
34919,111,108,3,3
34920,105,116,-11,11
34921,106,105,1,1
34922,43,53,-10,10
34923,91,95,-4,4
34924,88,86,2,2
34925,121,109,12,12
34926,111,100,11,11
34927,65,66,-1,1
34928,63,56,7,7
34929,91,95,-4,4
34930,70,71,-1,1
34931,117,106,11,11
34932,56,62,-6,6
34933,153,148,5,5
34934,135,129,6,6
34935,66,65,1,1
34936,97,96,1,1
34937,94,95,-1,1
34938,79,76,3,3
34939,89,81,8,8
34940,117,105,12,12
34941,50,55,-5,5
34942,172,169,3,3
34943,71,76,-5,5
34944,94,85,9,9
34945,146,142,4,4
34946,57,57,0,0
34947,91,90,1,1
34948,44,56,-12,12
34949,124,117,7,7
34950,117,96,21,21
34951,93,82,11,11
34952,100,101,-1,1
34953,167,150,17,17
34954,97,92,5,5
34955,117,107,10,10
34956,142,127,15,15
34957,62,61,1,1
34958,99,101,-2,2
34959,83,80,3,3
34960,61,65,-4,4
34961,80,84,-4,4
34962,85,75,10,10
34963,102,100,2,2
34964,127,126,1,1
34965,123,124,-1,1
34966,117,111,6,6
34967,102,111,-9,9
34968,100,94,6,6
34969,105,96,9,9
34970,116,95,21,21
34971,104,106,-2,2
34972,70,64,6,6
34973,71,75,-4,4
34974,59,67,-8,8
34975,86,79,7,7
34976,121,97,24,24
34977,104,94,10,10
34978,93,83,10,10
34979,78,75,3,3
34980,124,116,8,8
34981,83,84,-1,1
34982,126,117,9,9
34983,91,89,2,2
34984,89,100,-11,11
34985,79,71,8,8
34986,110,106,4,4
34987,80,77,3,3
34988,116,110,6,6
34989,133,113,20,20
34990,91,106,-15,15
34991,94,83,11,11
34992,160,139,21,21
34993,107,112,-5,5
34994,61,68,-7,7
34995,74,62,12,12
34996,80,77,3,3
34997,50,58,-8,8
34998,98,97,1,1
34999,47,55,-8,8
35000,63,76,-13,13
35001,92,97,-5,5
35002,97,92,5,5
35003,101,102,-1,1
35004,48,59,-11,11
35005,114,112,2,2
35006,106,100,6,6
35007,98,90,8,8
35008,133,127,6,6
35009,98,80,18,18
35010,41,53,-12,12
35011,85,84,1,1
35012,102,101,1,1
35013,97,85,12,12
35014,49,56,-7,7
35015,50,57,-7,7
35016,86,87,-1,1
35017,96,104,-8,8
35018,110,98,12,12
35019,95,90,5,5
35020,89,78,11,11
35021,92,86,6,6
35022,109,102,7,7
35023,75,75,0,0
35024,61,56,5,5
35025,82,88,-6,6
35026,88,88,0,0
35027,139,127,12,12
35028,67,80,-13,13
35029,106,105,1,1
35030,108,106,2,2
35031,80,83,-3,3
35032,78,83,-5,5
35033,87,84,3,3
35034,57,59,-2,2
35035,63,61,2,2
35036,105,86,19,19
35037,129,108,21,21
35038,65,59,6,6
35039,93,90,3,3
35040,50,54,-4,4
35041,30,56,-26,26
35042,81,75,6,6
35043,55,66,-11,11
35044,76,72,4,4
35045,135,119,16,16
35046,55,57,-2,2
35047,140,136,4,4
35048,92,81,11,11
35049,124,121,3,3
35050,100,97,3,3
35051,40,52,-12,12
35052,50,54,-4,4
35053,85,84,1,1
35054,87,95,-8,8
35055,136,122,14,14
35056,65,66,-1,1
35057,97,77,20,20
35058,80,74,6,6
35059,99,91,8,8
35060,69,70,-1,1
35061,97,100,-3,3
35062,65,60,5,5
35063,67,67,0,0
35064,108,106,2,2
35065,105,107,-2,2
35066,98,88,10,10
35067,73,69,4,4
35068,87,82,5,5
35069,80,68,12,12
35070,115,113,2,2
35071,129,110,19,19
35072,62,61,1,1
35073,141,124,17,17
35074,165,148,17,17
35075,167,154,13,13
35076,128,110,18,18
35077,163,143,20,20
35078,49,63,-14,14
35079,73,80,-7,7
35080,117,150,-33,33
35081,182,156,26,26
35082,91,80,11,11
35083,73,75,-2,2
35084,130,129,1,1
35085,92,88,4,4
35086,164,133,31,31
35087,100,109,-9,9
35088,106,108,-2,2
35089,155,151,4,4
35090,84,83,1,1
35091,115,118,-3,3
35092,74,73,1,1
35093,62,56,6,6
35094,76,76,0,0
35095,82,88,-6,6
35096,116,101,15,15
35097,84,79,5,5
35098,61,66,-5,5
35099,155,133,22,22
35100,87,142,-55,55
35101,118,114,4,4
35102,126,127,-1,1
35103,123,120,3,3
35104,72,77,-5,5
35105,106,100,6,6
35106,119,107,12,12
35107,79,78,1,1
35108,70,80,-10,10
35109,129,111,18,18
35110,93,80,13,13
35111,98,85,13,13
35112,164,162,2,2
35113,110,112,-2,2
35114,108,102,6,6
35115,79,75,4,4
35116,140,137,3,3
35117,81,85,-4,4
35118,84,91,-7,7
35119,64,59,5,5
35120,101,98,3,3
35121,65,66,-1,1
35122,71,77,-6,6
35123,66,70,-4,4
35124,81,80,1,1
35125,82,92,-10,10
35126,101,104,-3,3
35127,95,94,1,1
35128,95,95,0,0
35129,177,164,13,13
35130,148,147,1,1
35131,83,85,-2,2
35132,79,75,4,4
35133,87,81,6,6
35134,120,115,5,5
35135,140,156,-16,16
35136,117,108,9,9
35137,88,83,5,5
35138,79,67,12,12
35139,89,91,-2,2
35140,83,74,9,9
35141,79,91,-12,12
35142,118,115,3,3
35143,79,80,-1,1
35144,95,84,11,11
35145,62,60,2,2
35146,67,70,-3,3
35147,63,63,0,0
35148,99,82,17,17
35149,164,153,11,11
35150,71,60,11,11
35151,49,58,-9,9
35152,88,86,2,2
35153,93,78,15,15
35154,90,86,4,4
35155,96,79,17,17
35156,91,87,4,4
35157,41,52,-11,11
35158,94,90,4,4
35159,58,56,2,2
35160,87,87,0,0
35161,100,92,8,8
35162,117,112,5,5
35163,106,100,6,6
35164,65,72,-7,7
35165,126,121,5,5
35166,92,91,1,1
35167,78,85,-7,7
35168,98,91,7,7
35169,102,114,-12,12
35170,115,99,16,16
35171,93,85,8,8
35172,48,58,-10,10
35173,64,66,-2,2
35174,168,166,2,2
35175,95,80,15,15
35176,125,117,8,8
35177,128,132,-4,4
35178,137,114,23,23
35179,62,57,5,5
35180,76,73,3,3
35181,66,63,3,3
35182,50,54,-4,4
35183,98,89,9,9
35184,101,102,-1,1
35185,77,77,0,0
35186,97,95,2,2
35187,116,102,14,14
35188,118,108,10,10
35189,157,152,5,5
35190,48,54,-6,6
35191,86,86,0,0
35192,79,93,-14,14
35193,93,83,10,10
35194,58,57,1,1
35195,65,63,2,2
35196,203,172,31,31
35197,59,57,2,2
35198,103,97,6,6
35199,35,54,-19,19
35200,95,96,-1,1
35201,89,91,-2,2
35202,122,110,12,12
35203,97,89,8,8
35204,84,78,6,6
35205,146,121,25,25
35206,129,114,15,15
35207,76,80,-4,4
35208,79,73,6,6
35209,92,88,4,4
35210,82,69,13,13
35211,111,100,11,11
35212,88,79,9,9
35213,155,141,14,14
35214,75,64,11,11
35215,109,104,5,5
35216,64,57,7,7
35217,76,69,7,7
35218,114,112,2,2
35219,84,77,7,7
35220,90,84,6,6
35221,49,53,-4,4
35222,103,101,2,2
35223,140,131,9,9
35224,64,67,-3,3
35225,171,162,9,9
35226,89,86,3,3
35227,57,60,-3,3
35228,99,68,31,31
35229,62,60,2,2
35230,191,174,17,17
35231,108,99,9,9
35232,116,108,8,8
35233,157,140,17,17
35234,98,110,-12,12
35235,167,161,6,6
35236,89,79,10,10
35237,65,68,-3,3
35238,103,102,1,1
35239,107,102,5,5
35240,66,60,6,6
35241,137,125,12,12
35242,68,61,7,7
35243,64,57,7,7
35244,137,124,13,13
35245,101,96,5,5
35246,120,107,13,13
35247,99,97,2,2
35248,58,64,-6,6
35249,93,95,-2,2
35250,48,66,-18,18
35251,96,111,-15,15
35252,68,68,0,0
35253,95,96,-1,1
35254,117,102,15,15
35255,61,65,-4,4
35256,122,118,4,4
35257,77,85,-8,8
35258,69,75,-6,6
35259,105,93,12,12
35260,126,120,6,6
35261,67,59,8,8
35262,122,117,5,5
35263,96,89,7,7
35264,188,159,29,29
35265,72,65,7,7
35266,122,109,13,13
35267,53,62,-9,9
35268,49,61,-12,12
35269,131,115,16,16
35270,118,98,20,20
35271,68,59,9,9
35272,84,88,-4,4
35273,80,83,-3,3
35274,95,106,-11,11
35275,54,54,0,0
35276,80,81,-1,1
35277,55,59,-4,4
35278,50,53,-3,3
35279,141,130,11,11
35280,118,107,11,11
35281,64,69,-5,5
35282,132,113,19,19
35283,81,75,6,6
35284,49,52,-3,3
35285,86,81,5,5
35286,107,103,4,4
35287,123,118,5,5
35288,109,96,13,13
35289,121,109,12,12
35290,89,93,-4,4
35291,57,62,-5,5
35292,123,109,14,14
35293,102,105,-3,3
35294,143,126,17,17
35295,57,57,0,0
35296,84,77,7,7
35297,73,65,8,8
35298,124,121,3,3
35299,86,76,10,10
35300,128,123,5,5
35301,146,124,22,22
35302,92,82,10,10
35303,68,77,-9,9
35304,88,83,5,5
35305,147,139,8,8
35306,134,129,5,5
35307,91,89,2,2
35308,137,127,10,10
35309,130,128,2,2
35310,103,95,8,8
35311,78,87,-9,9
35312,85,77,8,8
35313,57,56,1,1
35314,159,137,22,22
35315,80,81,-1,1
35316,113,121,-8,8
35317,152,134,18,18
35318,163,144,19,19
35319,137,114,23,23
35320,116,113,3,3
35321,144,129,15,15
35322,61,65,-4,4
35323,158,139,19,19
35324,120,140,-20,20
35325,64,65,-1,1
35326,106,99,7,7
35327,60,64,-4,4
35328,87,91,-4,4
35329,72,64,8,8
35330,92,91,1,1
35331,164,147,17,17
35332,121,122,-1,1
35333,63,65,-2,2
35334,108,103,5,5
35335,70,64,6,6
35336,66,71,-5,5
35337,81,125,-44,44
35338,84,81,3,3
35339,69,70,-1,1
35340,161,156,5,5
35341,73,68,5,5
35342,62,57,5,5
35343,66,67,-1,1
35344,80,84,-4,4
35345,110,123,-13,13
35346,145,131,14,14
35347,32,61,-29,29
35348,62,66,-4,4
35349,191,173,18,18
35350,84,81,3,3
35351,96,86,10,10
35352,87,75,12,12
35353,54,56,-2,2
35354,85,82,3,3
35355,118,107,11,11
35356,52,54,-2,2
35357,102,84,18,18
35358,66,69,-3,3
35359,151,145,6,6
35360,129,133,-4,4
35361,61,56,5,5
35362,102,104,-2,2
35363,88,89,-1,1
35364,61,69,-8,8
35365,77,85,-8,8
35366,79,78,1,1
35367,110,100,10,10
35368,96,89,7,7
35369,74,65,9,9
35370,120,115,5,5
35371,134,123,11,11
35372,66,65,1,1
35373,61,57,4,4
35374,130,118,12,12
35375,60,62,-2,2
35376,66,65,1,1
35377,115,107,8,8
35378,99,92,7,7
35379,55,54,1,1
35380,104,91,13,13
35381,104,100,4,4
35382,97,95,2,2
35383,48,55,-7,7
35384,51,55,-4,4
35385,51,53,-2,2
35386,80,77,3,3
35387,57,55,2,2
35388,77,61,16,16
35389,128,120,8,8
35390,141,135,6,6
35391,77,72,5,5
35392,132,123,9,9
35393,110,104,6,6
35394,43,51,-8,8
35395,110,112,-2,2
35396,85,74,11,11
35397,92,93,-1,1
35398,49,53,-4,4
35399,69,67,2,2
35400,64,63,1,1
35401,82,74,8,8
35402,59,66,-7,7
35403,69,65,4,4
35404,66,66,0,0
35405,92,85,7,7
35406,101,85,16,16
35407,62,70,-8,8
35408,126,110,16,16
35409,119,117,2,2
35410,117,98,19,19
35411,162,147,15,15
35412,100,93,7,7
35413,107,113,-6,6
35414,49,59,-10,10
35415,75,75,0,0
35416,85,77,8,8
35417,87,69,18,18
35418,58,55,3,3
35419,86,102,-16,16
35420,54,54,0,0
35421,149,142,7,7
35422,99,92,7,7
35423,118,112,6,6
35424,88,89,-1,1
35425,128,138,-10,10
35426,121,117,4,4
35427,62,66,-4,4
35428,32,51,-19,19
35429,152,134,18,18
35430,58,55,3,3
35431,77,83,-6,6
35432,127,106,21,21
35433,109,101,8,8
35434,116,110,6,6
35435,83,79,4,4
35436,70,77,-7,7
35437,101,90,11,11
35438,70,65,5,5
35439,117,101,16,16
35440,93,97,-4,4
35441,72,73,-1,1
35442,131,127,4,4
35443,64,66,-2,2
35444,160,147,13,13
35445,86,76,10,10
35446,84,87,-3,3
35447,56,59,-3,3
35448,94,86,8,8
35449,149,129,20,20
35450,128,111,17,17
35451,97,102,-5,5
35452,178,162,16,16
35453,102,96,6,6
35454,53,54,-1,1
35455,124,109,15,15
35456,79,82,-3,3
35457,136,144,-8,8
35458,71,77,-6,6
35459,54,54,0,0
35460,97,87,10,10
35461,72,73,-1,1
35462,169,143,26,26
35463,80,75,5,5
35464,53,58,-5,5
35465,64,58,6,6
35466,52,55,-3,3
35467,38,51,-13,13
35468,78,73,5,5
35469,160,82,78,78
35470,113,101,12,12
35471,90,91,-1,1
35472,63,61,2,2
35473,79,75,4,4
35474,56,61,-5,5
35475,241,220,21,21
35476,68,69,-1,1
35477,145,140,5,5
35478,69,64,5,5
35479,107,98,9,9
35480,79,83,-4,4
35481,123,116,7,7
35482,97,86,11,11
35483,77,72,5,5
35484,66,132,-66,66
35485,83,78,5,5
35486,82,82,0,0
35487,78,78,0,0
35488,89,80,9,9
35489,76,63,13,13
35490,61,62,-1,1
35491,116,107,9,9
35492,128,131,-3,3
35493,130,127,3,3
35494,46,52,-6,6
35495,105,99,6,6
35496,150,124,26,26
35497,156,149,7,7
35498,69,67,2,2
35499,89,82,7,7
35500,77,71,6,6
35501,123,119,4,4
35502,97,86,11,11
35503,87,76,11,11
35504,80,76,4,4
35505,79,78,1,1
35506,58,62,-4,4
35507,53,55,-2,2
35508,105,105,0,0
35509,74,78,-4,4
35510,101,102,-1,1
35511,56,58,-2,2
35512,115,104,11,11
35513,141,144,-3,3
35514,116,107,9,9
35515,47,54,-7,7
35516,43,52,-9,9
35517,80,83,-3,3
35518,91,92,-1,1
35519,75,81,-6,6
35520,114,100,14,14
35521,79,80,-1,1
35522,106,95,11,11
35523,69,60,9,9
35524,87,73,14,14
35525,118,123,-5,5
35526,84,83,1,1
35527,90,94,-4,4
35528,97,84,13,13
35529,57,57,0,0
35530,132,128,4,4
35531,90,105,-15,15
35532,108,106,2,2
35533,132,114,18,18
35534,76,81,-5,5
35535,38,52,-14,14
35536,52,58,-6,6
35537,68,61,7,7
35538,141,138,3,3
35539,90,90,0,0
35540,72,64,8,8
35541,74,67,7,7
35542,89,82,7,7
35543,72,68,4,4
35544,78,61,17,17
35545,67,63,4,4
35546,94,87,7,7
35547,65,63,2,2
35548,75,69,6,6
35549,76,80,-4,4
35550,78,69,9,9
35551,70,76,-6,6
35552,124,107,17,17
35553,123,112,11,11
35554,185,158,27,27
35555,126,107,19,19
35556,104,99,5,5
35557,79,75,4,4
35558,74,62,12,12
35559,82,79,3,3
35560,47,54,-7,7
35561,40,51,-11,11
35562,102,97,5,5
35563,68,74,-6,6
35564,95,97,-2,2
35565,111,99,12,12
35566,74,73,1,1
35567,63,69,-6,6
35568,118,111,7,7
35569,181,160,21,21
35570,63,66,-3,3
35571,73,71,2,2
35572,76,76,0,0
35573,80,76,4,4
35574,99,97,2,2
35575,83,87,-4,4
35576,48,53,-5,5
35577,140,121,19,19
35578,101,103,-2,2
35579,76,87,-11,11
35580,84,92,-8,8
35581,95,82,13,13
35582,60,61,-1,1
35583,78,73,5,5
35584,125,119,6,6
35585,90,88,2,2
35586,99,93,6,6
35587,58,54,4,4
35588,128,124,4,4
35589,67,64,3,3
35590,96,108,-12,12
35591,96,85,11,11
35592,141,129,12,12
35593,77,80,-3,3
35594,114,95,19,19
35595,86,80,6,6
35596,175,158,17,17
35597,129,120,9,9
35598,50,55,-5,5
35599,70,61,9,9
35600,224,192,32,32
35601,146,133,13,13
35602,81,75,6,6
35603,97,86,11,11
35604,118,126,-8,8
35605,77,63,14,14
35606,73,69,4,4
35607,85,82,3,3
35608,102,93,9,9
35609,130,119,11,11
35610,133,131,2,2
35611,129,119,10,10
35612,80,76,4,4
35613,93,94,-1,1
35614,91,81,10,10
35615,41,88,-47,47
35616,82,85,-3,3
35617,67,64,3,3
35618,85,80,5,5
35619,75,77,-2,2
35620,118,114,4,4
35621,118,96,22,22
35622,79,74,5,5
35623,63,60,3,3
35624,170,160,10,10
35625,73,74,-1,1
35626,114,86,28,28
35627,154,153,1,1
35628,54,68,-14,14
35629,115,103,12,12
35630,49,120,-71,71
35631,99,100,-1,1
35632,80,76,4,4
35633,152,144,8,8
35634,71,67,4,4
35635,118,140,-22,22
35636,106,95,11,11
35637,106,111,-5,5
35638,173,144,29,29
35639,89,91,-2,2
35640,65,62,3,3
35641,93,85,8,8
35642,109,104,5,5
35643,126,123,3,3
35644,143,154,-11,11
35645,127,127,0,0
35646,114,99,15,15
35647,84,87,-3,3
35648,68,75,-7,7
35649,60,64,-4,4
35650,111,107,4,4
35651,127,132,-5,5
35652,83,74,9,9
35653,98,92,6,6
35654,83,68,15,15
35655,77,75,2,2
35656,51,55,-4,4
35657,88,86,2,2
35658,48,58,-10,10
35659,147,140,7,7
35660,66,79,-13,13
35661,100,92,8,8
35662,76,75,1,1
35663,59,60,-1,1
35664,116,106,10,10
35665,61,64,-3,3
35666,155,143,12,12
35667,99,103,-4,4
35668,112,106,6,6
35669,70,58,12,12
35670,79,80,-1,1
35671,96,99,-3,3
35672,90,96,-6,6
35673,104,93,11,11
35674,99,93,6,6
35675,81,84,-3,3
35676,134,141,-7,7
35677,126,120,6,6
35678,160,119,41,41
35679,75,72,3,3
35680,104,106,-2,2
35681,150,131,19,19
35682,120,114,6,6
35683,90,88,2,2
35684,120,106,14,14
35685,142,132,10,10
35686,75,68,7,7
35687,102,82,20,20
35688,162,145,17,17
35689,74,70,4,4
35690,75,71,4,4
35691,99,95,4,4
35692,130,125,5,5
35693,53,53,0,0
35694,127,125,2,2
35695,103,89,14,14
35696,94,86,8,8
35697,76,85,-9,9
35698,83,84,-1,1
35699,195,167,28,28
35700,58,67,-9,9
35701,51,65,-14,14
35702,153,140,13,13
35703,190,169,21,21
35704,87,84,3,3
35705,96,92,4,4
35706,100,88,12,12
35707,74,72,2,2
35708,67,66,1,1
35709,124,116,8,8
35710,74,67,7,7
35711,111,94,17,17
35712,93,111,-18,18
35713,107,94,13,13
35714,70,60,10,10
35715,154,141,13,13
35716,125,107,18,18
35717,107,92,15,15
35718,69,81,-12,12
35719,101,101,0,0
35720,95,82,13,13
35721,96,84,12,12
35722,85,78,7,7
35723,70,92,-22,22
35724,68,63,5,5
35725,61,59,2,2
35726,155,147,8,8
35727,58,63,-5,5
35728,72,69,3,3
35729,47,53,-6,6
35730,98,97,1,1
35731,145,130,15,15
35732,52,56,-4,4
35733,120,100,20,20
35734,78,72,6,6
35735,56,58,-2,2
35736,89,91,-2,2
35737,82,81,1,1
35738,104,104,0,0
35739,128,134,-6,6
35740,159,131,28,28
35741,79,82,-3,3
35742,109,100,9,9
35743,120,115,5,5
35744,79,85,-6,6
35745,73,62,11,11
35746,64,55,9,9
35747,97,87,10,10
35748,135,108,27,27
35749,81,85,-4,4
35750,91,85,6,6
35751,58,53,5,5
35752,78,66,12,12
35753,77,71,6,6
35754,47,53,-6,6
35755,167,150,17,17
35756,65,85,-20,20
35757,152,140,12,12
35758,159,147,12,12
35759,89,108,-19,19
35760,205,181,24,24
35761,108,99,9,9
35762,101,89,12,12
35763,129,125,4,4
35764,123,115,8,8
35765,90,87,3,3
35766,138,123,15,15
35767,105,90,15,15
35768,93,81,12,12
35769,129,114,15,15
35770,110,92,18,18
35771,86,95,-9,9
35772,72,71,1,1
35773,122,112,10,10
35774,37,51,-14,14
35775,173,161,12,12
35776,97,82,15,15
35777,45,53,-8,8
35778,97,82,15,15
35779,85,86,-1,1
35780,83,85,-2,2
35781,105,95,10,10
35782,138,127,11,11
35783,98,87,11,11
35784,128,116,12,12
35785,94,81,13,13
35786,131,111,20,20
35787,67,69,-2,2
35788,176,161,15,15
35789,116,111,5,5
35790,116,116,0,0
35791,80,64,16,16
35792,84,79,5,5
35793,69,71,-2,2
35794,165,157,8,8
35795,55,66,-11,11
35796,123,120,3,3
35797,117,119,-2,2
35798,81,70,11,11
35799,86,80,6,6
35800,185,170,15,15
35801,104,105,-1,1
35802,89,89,0,0
35803,85,78,7,7
35804,156,134,22,22
35805,72,68,4,4
35806,95,73,22,22
35807,86,74,12,12
35808,72,65,7,7
35809,168,142,26,26
35810,42,53,-11,11
35811,93,91,2,2
35812,103,86,17,17
35813,83,81,2,2
35814,137,128,9,9
35815,117,122,-5,5
35816,77,83,-6,6
35817,79,88,-9,9
35818,121,115,6,6
35819,110,118,-8,8
35820,101,93,8,8
35821,88,98,-10,10
35822,91,86,5,5
35823,166,146,20,20
35824,63,60,3,3
35825,92,89,3,3
35826,138,121,17,17
35827,110,112,-2,2
35828,151,141,10,10
35829,121,123,-2,2
35830,73,67,6,6
35831,77,71,6,6
35832,197,185,12,12
35833,94,75,19,19
35834,67,69,-2,2
35835,147,123,24,24
35836,92,106,-14,14
35837,138,132,6,6
35838,71,79,-8,8
35839,93,84,9,9
35840,115,105,10,10
35841,90,81,9,9
35842,137,126,11,11
35843,136,132,4,4
35844,63,61,2,2
35845,68,66,2,2
35846,105,99,6,6
35847,61,57,4,4
35848,75,75,0,0
35849,120,115,5,5
35850,145,138,7,7
35851,106,101,5,5
35852,171,151,20,20
35853,87,88,-1,1
35854,112,96,16,16
35855,75,76,-1,1
35856,84,85,-1,1
35857,55,54,1,1
35858,57,57,0,0
35859,71,64,7,7
35860,150,132,18,18
35861,42,60,-18,18
35862,95,91,4,4
35863,100,102,-2,2
35864,77,68,9,9
35865,134,139,-5,5
35866,100,80,20,20
35867,117,116,1,1
35868,74,102,-28,28
35869,106,98,8,8
35870,121,109,12,12
35871,115,103,12,12
35872,137,125,12,12
35873,80,77,3,3
35874,81,84,-3,3
35875,50,55,-5,5
35876,60,65,-5,5
35877,143,121,22,22
35878,80,85,-5,5
35879,72,69,3,3
35880,74,68,6,6
35881,125,117,8,8
35882,111,98,13,13
35883,99,95,4,4
35884,72,70,2,2
35885,84,73,11,11
35886,52,54,-2,2
35887,54,53,1,1
35888,63,61,2,2
35889,101,94,7,7
35890,65,57,8,8
35891,74,79,-5,5
35892,141,135,6,6
35893,84,80,4,4
35894,156,135,21,21
35895,105,90,15,15
35896,130,119,11,11
35897,74,77,-3,3
35898,97,103,-6,6
35899,111,112,-1,1
35900,65,65,0,0
35901,124,116,8,8
35902,80,77,3,3
35903,93,86,7,7
35904,122,114,8,8
35905,84,89,-5,5
35906,92,92,0,0
35907,52,72,-20,20
35908,86,89,-3,3
35909,69,74,-5,5
35910,114,104,10,10
35911,68,64,4,4
35912,123,124,-1,1
35913,104,115,-11,11
35914,119,103,16,16
35915,123,100,23,23
35916,99,88,11,11
35917,117,128,-11,11
35918,94,95,-1,1
35919,126,118,8,8
35920,148,130,18,18
35921,112,102,10,10
35922,168,161,7,7
35923,81,74,7,7
35924,100,92,8,8
35925,78,77,1,1
35926,109,102,7,7
35927,120,110,10,10
35928,119,122,-3,3
35929,83,102,-19,19
35930,138,127,11,11
35931,63,67,-4,4
35932,63,58,5,5
35933,88,79,9,9
35934,50,55,-5,5
35935,171,154,17,17
35936,111,96,15,15
35937,154,151,3,3
35938,131,113,18,18
35939,110,100,10,10
35940,74,73,1,1
35941,116,116,0,0
35942,112,110,2,2
35943,89,87,2,2
35944,109,110,-1,1
35945,68,67,1,1
35946,77,74,3,3
35947,69,66,3,3
35948,54,64,-10,10
35949,74,70,4,4
35950,140,134,6,6
35951,92,80,12,12
35952,47,54,-7,7
35953,49,58,-9,9
35954,72,70,2,2
35955,79,81,-2,2
35956,45,55,-10,10
35957,53,59,-6,6
35958,114,115,-1,1
35959,64,68,-4,4
35960,63,57,6,6
35961,113,100,13,13
35962,103,92,11,11
35963,109,101,8,8
35964,94,89,5,5
35965,65,60,5,5
35966,94,80,14,14
35967,142,135,7,7
35968,38,52,-14,14
35969,91,98,-7,7
35970,86,79,7,7
35971,150,136,14,14
35972,66,65,1,1
35973,68,62,6,6
35974,62,56,6,6
35975,53,52,1,1
35976,53,56,-3,3
35977,117,108,9,9
35978,89,90,-1,1
35979,96,81,15,15
35980,109,106,3,3
35981,100,93,7,7
35982,132,116,16,16
35983,125,124,1,1
35984,47,57,-10,10
35985,76,84,-8,8
35986,80,78,2,2
35987,108,123,-15,15
35988,72,72,0,0
35989,79,74,5,5
35990,103,96,7,7
35991,93,89,4,4
35992,90,79,11,11
35993,76,72,4,4
35994,88,80,8,8
35995,70,72,-2,2
35996,162,133,29,29
35997,86,75,11,11
35998,62,59,3,3
35999,78,75,3,3
36000,51,55,-4,4
36001,131,104,27,27
36002,81,76,5,5
36003,100,102,-2,2
36004,107,101,6,6
36005,71,71,0,0
36006,99,94,5,5
36007,128,116,12,12
36008,102,100,2,2
36009,111,117,-6,6
36010,114,113,1,1
36011,145,128,17,17
36012,123,107,16,16
36013,64,65,-1,1
36014,138,128,10,10
36015,120,123,-3,3
36016,96,92,4,4
36017,143,138,5,5
36018,79,77,2,2
36019,139,139,0,0
36020,124,115,9,9
36021,76,80,-4,4
36022,67,67,0,0
36023,65,70,-5,5
36024,62,60,2,2
36025,184,168,16,16
36026,102,96,6,6
36027,60,61,-1,1
36028,79,86,-7,7
36029,63,62,1,1
36030,70,58,12,12
36031,91,96,-5,5
36032,68,72,-4,4
36033,86,89,-3,3
36034,97,106,-9,9
36035,78,84,-6,6
36036,110,84,26,26
36037,94,82,12,12
36038,68,79,-11,11
36039,150,139,11,11
36040,81,74,7,7
36041,58,60,-2,2
36042,48,53,-5,5
36043,76,72,4,4
36044,102,93,9,9
36045,74,74,0,0
36046,60,62,-2,2
36047,75,81,-6,6
36048,92,83,9,9
36049,62,62,0,0
36050,91,90,1,1
36051,93,89,4,4
36052,146,141,5,5
36053,94,84,10,10
36054,88,87,1,1
36055,124,119,5,5
36056,92,93,-1,1
36057,87,107,-20,20
36058,113,119,-6,6
36059,99,91,8,8
36060,90,87,3,3
36061,95,84,11,11
36062,61,59,2,2
36063,139,122,17,17
36064,106,114,-8,8
36065,42,52,-10,10
36066,95,95,0,0
36067,121,125,-4,4
36068,130,134,-4,4
36069,121,118,3,3
36070,74,70,4,4
36071,84,81,3,3
36072,70,68,2,2
36073,73,74,-1,1
36074,116,104,12,12
36075,120,112,8,8
36076,151,135,16,16
36077,80,78,2,2
36078,90,90,0,0
36079,68,72,-4,4
36080,102,97,5,5
36081,180,165,15,15
36082,44,75,-31,31
36083,170,154,16,16
36084,99,84,15,15
36085,130,120,10,10
36086,78,101,-23,23
36087,107,99,8,8
36088,93,97,-4,4
36089,146,134,12,12
36090,97,85,12,12
36091,107,96,11,11
36092,116,108,8,8
36093,81,90,-9,9
36094,84,76,8,8
36095,88,96,-8,8
36096,77,65,12,12
36097,65,63,2,2
36098,158,140,18,18
36099,76,80,-4,4
36100,56,54,2,2
36101,119,117,2,2
36102,82,75,7,7
36103,52,60,-8,8
36104,44,55,-11,11
36105,122,108,14,14
36106,92,93,-1,1
36107,87,82,5,5
36108,152,149,3,3
36109,97,92,5,5
36110,127,111,16,16
36111,61,61,0,0
36112,58,65,-7,7
36113,94,90,4,4
36114,123,119,4,4
36115,141,116,25,25
36116,61,66,-5,5
36117,151,158,-7,7
36118,117,109,8,8
36119,88,87,1,1
36120,71,64,7,7
36121,131,127,4,4
36122,98,87,11,11
36123,54,59,-5,5
36124,133,119,14,14
36125,68,59,9,9
36126,49,55,-6,6
36127,106,99,7,7
36128,144,131,13,13
36129,105,101,4,4
36130,59,60,-1,1
36131,65,65,0,0
36132,136,124,12,12
36133,58,55,3,3
36134,49,55,-6,6
36135,47,52,-5,5
36136,87,84,3,3
36137,81,89,-8,8
36138,110,96,14,14
36139,119,113,6,6
36140,114,106,8,8
36141,77,66,11,11
36142,114,109,5,5
36143,112,107,5,5
36144,86,103,-17,17
36145,91,87,4,4
36146,136,118,18,18
36147,52,57,-5,5
36148,85,86,-1,1
36149,97,88,9,9
36150,151,133,18,18
36151,118,107,11,11
36152,156,132,24,24
36153,61,56,5,5
36154,107,97,10,10
36155,173,161,12,12
36156,86,89,-3,3
36157,74,76,-2,2
36158,90,82,8,8
36159,61,62,-1,1
36160,112,110,2,2
36161,114,103,11,11
36162,86,88,-2,2
36163,115,112,3,3
36164,128,124,4,4
36165,62,64,-2,2
36166,81,83,-2,2
36167,102,100,2,2
36168,104,102,2,2
36169,70,77,-7,7
36170,85,77,8,8
36171,59,61,-2,2
36172,112,99,13,13
36173,141,144,-3,3
36174,103,111,-8,8
36175,89,85,4,4
36176,83,77,6,6
36177,54,54,0,0
36178,70,73,-3,3
36179,75,77,-2,2
36180,124,117,7,7
36181,64,62,2,2
36182,137,122,15,15
36183,112,118,-6,6
36184,60,68,-8,8
36185,103,106,-3,3
36186,76,70,6,6
36187,100,82,18,18
36188,68,68,0,0
36189,72,79,-7,7
36190,52,55,-3,3
36191,91,88,3,3
36192,57,54,3,3
36193,71,58,13,13
36194,99,101,-2,2
36195,117,128,-11,11
36196,179,162,17,17
36197,109,101,8,8
36198,33,72,-39,39
36199,101,98,3,3
36200,105,94,11,11
36201,88,83,5,5
36202,152,155,-3,3
36203,88,76,12,12
36204,140,125,15,15
36205,123,104,19,19
36206,129,122,7,7
36207,57,57,0,0
36208,53,54,-1,1
36209,65,65,0,0
36210,72,67,5,5
36211,127,135,-8,8
36212,62,67,-5,5
36213,47,53,-6,6
36214,101,95,6,6
36215,58,53,5,5
36216,90,92,-2,2
36217,71,68,3,3
36218,148,132,16,16
36219,131,120,11,11
36220,173,166,7,7
36221,140,125,15,15
36222,88,87,1,1
36223,105,107,-2,2
36224,129,113,16,16
36225,105,94,11,11
36226,113,122,-9,9
36227,83,88,-5,5
36228,58,60,-2,2
36229,59,58,1,1
36230,110,86,24,24
36231,106,107,-1,1
36232,95,92,3,3
36233,101,76,25,25
36234,56,61,-5,5
36235,134,132,2,2
36236,118,113,5,5
36237,114,98,16,16
36238,70,70,0,0
36239,68,68,0,0
36240,66,71,-5,5
36241,92,85,7,7
36242,113,112,1,1
36243,108,101,7,7
36244,91,95,-4,4
36245,146,144,2,2
36246,114,108,6,6
36247,103,103,0,0
36248,108,138,-30,30
36249,60,59,1,1
36250,62,61,1,1
36251,102,97,5,5
36252,110,110,0,0
36253,194,160,34,34
36254,53,56,-3,3
36255,102,95,7,7
36256,175,149,26,26
36257,66,58,8,8
36258,108,101,7,7
36259,112,103,9,9
36260,154,135,19,19
36261,121,121,0,0
36262,66,61,5,5
36263,84,78,6,6
36264,72,69,3,3
36265,97,86,11,11
36266,125,117,8,8
36267,53,55,-2,2
36268,56,59,-3,3
36269,139,137,2,2
36270,76,81,-5,5
36271,98,92,6,6
36272,64,65,-1,1
36273,102,94,8,8
36274,63,66,-3,3
36275,125,120,5,5
36276,133,110,23,23
36277,61,58,3,3
36278,57,57,0,0
36279,87,82,5,5
36280,65,67,-2,2
36281,45,55,-10,10
36282,105,107,-2,2
36283,123,105,18,18
36284,96,84,12,12
36285,146,145,1,1
36286,65,67,-2,2
36287,93,83,10,10
36288,67,67,0,0
36289,112,86,26,26
36290,128,114,14,14
36291,78,76,2,2
36292,73,70,3,3
36293,89,82,7,7
36294,62,57,5,5
36295,127,127,0,0
36296,126,109,17,17
36297,80,77,3,3
36298,84,87,-3,3
36299,85,99,-14,14
36300,65,63,2,2
36301,63,64,-1,1
36302,42,54,-12,12
36303,84,80,4,4
36304,73,70,3,3
36305,50,53,-3,3
36306,107,122,-15,15
36307,108,98,10,10
36308,65,65,0,0
36309,150,120,30,30
36310,101,96,5,5
36311,51,54,-3,3
36312,74,70,4,4
36313,79,75,4,4
36314,117,103,14,14
36315,71,80,-9,9
36316,70,72,-2,2
36317,75,70,5,5
36318,38,54,-16,16
36319,104,104,0,0
36320,97,91,6,6
36321,117,108,9,9
36322,78,73,5,5
36323,58,68,-10,10
36324,133,130,3,3
36325,51,55,-4,4
36326,117,115,2,2
36327,82,72,10,10
36328,155,138,17,17
36329,102,104,-2,2
36330,137,128,9,9
36331,85,79,6,6
36332,132,130,2,2
36333,35,53,-18,18
36334,72,76,-4,4
36335,119,121,-2,2
36336,90,81,9,9
36337,69,68,1,1
36338,76,78,-2,2
36339,85,84,1,1
36340,114,100,14,14
36341,84,102,-18,18
36342,78,77,1,1
36343,55,61,-6,6
36344,102,100,2,2
36345,163,137,26,26
36346,69,67,2,2
36347,126,116,10,10
36348,43,52,-9,9
36349,61,59,2,2
36350,54,56,-2,2
36351,109,100,9,9
36352,102,115,-13,13
36353,80,80,0,0
36354,206,170,36,36
36355,51,54,-3,3
36356,89,77,12,12
36357,72,79,-7,7
36358,127,121,6,6
36359,76,80,-4,4
36360,107,101,6,6
36361,71,65,6,6
36362,66,60,6,6
36363,76,71,5,5
36364,184,160,24,24
36365,129,123,6,6
36366,55,56,-1,1
36367,110,107,3,3
36368,75,76,-1,1
36369,61,66,-5,5
36370,136,122,14,14
36371,103,87,16,16
36372,115,118,-3,3
36373,55,57,-2,2
36374,113,102,11,11
36375,89,77,12,12
36376,121,104,17,17
36377,80,92,-12,12
36378,141,131,10,10
36379,150,159,-9,9
36380,90,80,10,10
36381,73,75,-2,2
36382,137,152,-15,15
36383,107,94,13,13
36384,86,81,5,5
36385,112,109,3,3
36386,46,56,-10,10
36387,72,74,-2,2
36388,99,100,-1,1
36389,63,63,0,0
36390,126,99,27,27
36391,64,62,2,2
36392,90,99,-9,9
36393,59,60,-1,1
36394,66,59,7,7
36395,114,93,21,21
36396,102,90,12,12
36397,77,75,2,2
36398,90,74,16,16
36399,68,67,1,1
36400,78,68,10,10
36401,71,69,2,2
36402,49,53,-4,4
36403,83,80,3,3
36404,112,119,-7,7
36405,102,107,-5,5
36406,134,108,26,26
36407,57,56,1,1
36408,71,71,0,0
36409,163,151,12,12
36410,130,113,17,17
36411,123,130,-7,7
36412,117,113,4,4
36413,78,74,4,4
36414,39,52,-13,13
36415,49,54,-5,5
36416,57,58,-1,1
36417,51,56,-5,5
36418,123,105,18,18
36419,92,91,1,1
36420,93,90,3,3
36421,77,73,4,4
36422,197,152,45,45
36423,112,110,2,2
36424,63,70,-7,7
36425,83,86,-3,3
36426,68,84,-16,16
36427,105,97,8,8
36428,62,70,-8,8
36429,71,64,7,7
36430,91,86,5,5
36431,85,79,6,6
36432,197,185,12,12
36433,124,111,13,13
36434,119,113,6,6
36435,130,134,-4,4
36436,81,74,7,7
36437,92,91,1,1
36438,71,67,4,4
36439,67,60,7,7
36440,99,87,12,12
36441,94,92,2,2
36442,114,118,-4,4
36443,167,147,20,20
36444,120,108,12,12
36445,125,105,20,20
36446,70,63,7,7
36447,114,103,11,11
36448,95,88,7,7
36449,46,58,-12,12
36450,101,102,-1,1
36451,61,56,5,5
36452,90,96,-6,6
36453,67,141,-74,74
36454,157,139,18,18
36455,79,73,6,6
36456,105,97,8,8
36457,112,98,14,14
36458,89,89,0,0
36459,105,101,4,4
36460,124,112,12,12
36461,65,60,5,5
36462,73,69,4,4
36463,66,68,-2,2
36464,61,63,-2,2
36465,125,134,-9,9
36466,122,123,-1,1
36467,76,70,6,6
36468,90,92,-2,2
36469,176,149,27,27
36470,62,67,-5,5
36471,139,130,9,9
36472,43,52,-9,9
36473,67,70,-3,3
36474,50,54,-4,4
36475,66,63,3,3
36476,59,62,-3,3
36477,81,69,12,12
36478,83,71,12,12
36479,92,87,5,5
36480,76,81,-5,5
36481,62,58,4,4
36482,64,77,-13,13
36483,92,95,-3,3
36484,123,114,9,9
36485,84,71,13,13
36486,88,88,0,0
36487,58,60,-2,2
36488,87,85,2,2
36489,73,71,2,2
36490,44,56,-12,12
36491,123,115,8,8
36492,76,69,7,7
36493,82,87,-5,5
36494,84,78,6,6
36495,69,69,0,0
36496,80,81,-1,1
36497,104,98,6,6
36498,81,76,5,5
36499,79,82,-3,3
36500,90,100,-10,10
36501,105,98,7,7
36502,140,131,9,9
36503,85,83,2,2
36504,96,87,9,9
36505,102,98,4,4
36506,81,76,5,5
36507,117,107,10,10
36508,68,64,4,4
36509,79,78,1,1
36510,143,131,12,12
36511,66,57,9,9
36512,52,54,-2,2
36513,109,96,13,13
36514,40,54,-14,14
36515,140,126,14,14
36516,115,107,8,8
36517,74,85,-11,11
36518,61,64,-3,3
36519,66,67,-1,1
36520,92,73,19,19
36521,48,69,-21,21
36522,116,112,4,4
36523,141,127,14,14
36524,113,103,10,10
36525,89,80,9,9
36526,139,121,18,18
36527,134,128,6,6
36528,152,144,8,8
36529,88,83,5,5
36530,93,89,4,4
36531,161,143,18,18
36532,90,91,-1,1
36533,68,64,4,4
36534,148,129,19,19
36535,82,76,6,6
36536,96,88,8,8
36537,171,164,7,7
36538,96,104,-8,8
36539,66,69,-3,3
36540,113,102,11,11
36541,78,77,1,1
36542,82,76,6,6
36543,61,59,2,2
36544,82,75,7,7
36545,99,107,-8,8
36546,225,172,53,53
36547,81,74,7,7
36548,62,59,3,3
36549,66,65,1,1
36550,44,63,-19,19
36551,74,85,-11,11
36552,83,79,4,4
36553,109,103,6,6
36554,51,58,-7,7
36555,121,113,8,8
36556,83,68,15,15
36557,81,89,-8,8
36558,53,58,-5,5
36559,73,80,-7,7
36560,109,99,10,10
36561,151,144,7,7
36562,115,107,8,8
36563,122,112,10,10
36564,116,111,5,5
36565,107,99,8,8
36566,109,93,16,16
36567,72,70,2,2
36568,43,61,-18,18
36569,78,72,6,6
36570,127,112,15,15
36571,50,56,-6,6
36572,96,90,6,6
36573,53,58,-5,5
36574,37,52,-15,15
36575,94,82,12,12
36576,56,62,-6,6
36577,27,51,-24,24
36578,38,59,-21,21
36579,109,109,0,0
36580,109,102,7,7
36581,70,74,-4,4
36582,60,62,-2,2
36583,82,88,-6,6
36584,67,63,4,4
36585,67,67,0,0
36586,78,73,5,5
36587,62,71,-9,9
36588,49,54,-5,5
36589,109,95,14,14
36590,88,89,-1,1
36591,81,89,-8,8
36592,82,87,-5,5
36593,90,83,7,7
36594,79,79,0,0
36595,97,87,10,10
36596,75,78,-3,3
36597,104,93,11,11
36598,84,86,-2,2
36599,146,137,9,9
36600,62,59,3,3
36601,104,105,-1,1
36602,106,101,5,5
36603,92,88,4,4
36604,92,86,6,6
36605,92,92,0,0
36606,71,66,5,5
36607,91,92,-1,1
36608,87,82,5,5
36609,79,91,-12,12
36610,86,96,-10,10
36611,128,108,20,20
36612,186,169,17,17
36613,138,124,14,14
36614,89,79,10,10
36615,168,151,17,17
36616,46,54,-8,8
36617,93,90,3,3
36618,72,72,0,0
36619,110,99,11,11
36620,99,85,14,14
36621,51,54,-3,3
36622,93,92,1,1
36623,99,91,8,8
36624,126,116,10,10
36625,64,64,0,0
36626,209,185,24,24
36627,102,96,6,6
36628,98,100,-2,2
36629,79,67,12,12
36630,85,87,-2,2
36631,64,63,1,1
36632,83,75,8,8
36633,121,99,22,22
36634,111,100,11,11
36635,72,69,3,3
36636,97,92,5,5
36637,96,84,12,12
36638,64,64,0,0
36639,128,122,6,6
36640,34,53,-19,19
36641,124,96,28,28
36642,84,73,11,11
36643,132,120,12,12
36644,55,55,0,0
36645,118,114,4,4
36646,47,55,-8,8
36647,74,70,4,4
36648,75,70,5,5
36649,93,88,5,5
36650,171,144,27,27
36651,81,81,0,0
36652,62,63,-1,1
36653,81,74,7,7
36654,83,70,13,13
36655,65,65,0,0
36656,61,62,-1,1
36657,83,83,0,0
36658,102,97,5,5
36659,78,75,3,3
36660,85,80,5,5
36661,122,112,10,10
36662,60,57,3,3
36663,151,150,1,1
36664,72,75,-3,3
36665,93,91,2,2
36666,99,90,9,9
36667,95,98,-3,3
36668,105,98,7,7
36669,83,68,15,15
36670,128,128,0,0
36671,76,100,-24,24
36672,114,97,17,17
36673,125,122,3,3
36674,88,81,7,7
36675,117,121,-4,4
36676,54,56,-2,2
36677,102,99,3,3
36678,60,55,5,5
36679,47,65,-18,18
36680,76,68,8,8
36681,53,56,-3,3
36682,83,87,-4,4
36683,148,146,2,2
36684,101,91,10,10
36685,126,115,11,11
36686,124,181,-57,57
36687,114,108,6,6
36688,74,79,-5,5
36689,83,92,-9,9
36690,109,99,10,10
36691,89,95,-6,6
36692,76,76,0,0
36693,53,56,-3,3
36694,78,74,4,4
36695,60,58,2,2
36696,136,123,13,13
36697,42,56,-14,14
36698,126,111,15,15
36699,99,101,-2,2
36700,96,97,-1,1
36701,45,54,-9,9
36702,77,71,6,6
36703,167,144,23,23
36704,102,124,-22,22
36705,92,94,-2,2
36706,61,60,1,1
36707,138,126,12,12
36708,117,124,-7,7
36709,127,114,13,13
36710,92,74,18,18
36711,83,81,2,2
36712,69,66,3,3
36713,189,164,25,25
36714,89,75,14,14
36715,154,142,12,12
36716,78,78,0,0
36717,92,87,5,5
36718,151,148,3,3
36719,138,139,-1,1
36720,73,68,5,5
36721,152,146,6,6
36722,122,113,9,9
36723,71,63,8,8
36724,118,114,4,4
36725,93,76,17,17
36726,104,98,6,6
36727,85,78,7,7
36728,91,86,5,5
36729,50,53,-3,3
36730,102,85,17,17
36731,120,112,8,8
36732,111,102,9,9
36733,71,74,-3,3
36734,57,54,3,3
36735,161,123,38,38
36736,53,54,-1,1
36737,122,130,-8,8
36738,125,122,3,3
36739,83,78,5,5
36740,74,78,-4,4
36741,78,75,3,3
36742,51,53,-2,2
36743,167,133,34,34
36744,78,77,1,1
36745,207,180,27,27
36746,120,115,5,5
36747,142,141,1,1
36748,71,79,-8,8
36749,144,118,26,26
36750,55,54,1,1
36751,75,64,11,11
36752,113,114,-1,1
36753,100,104,-4,4
36754,56,60,-4,4
36755,137,120,17,17
36756,92,89,3,3
36757,142,126,16,16
36758,114,112,2,2
36759,47,52,-5,5
36760,61,56,5,5
36761,130,119,11,11
36762,68,72,-4,4
36763,72,81,-9,9
36764,39,53,-14,14
36765,116,118,-2,2
36766,135,119,16,16
36767,121,113,8,8
36768,126,117,9,9
36769,115,124,-9,9
36770,92,86,6,6
36771,137,118,19,19
36772,67,64,3,3
36773,58,54,4,4
36774,74,74,0,0
36775,66,57,9,9
36776,70,62,8,8
36777,89,103,-14,14
36778,85,89,-4,4
36779,77,74,3,3
36780,54,57,-3,3
36781,103,104,-1,1
36782,45,55,-10,10
36783,35,62,-27,27
36784,84,107,-23,23
36785,61,70,-9,9
36786,114,103,11,11
36787,47,54,-7,7
36788,86,80,6,6
36789,92,96,-4,4
36790,61,60,1,1
36791,96,91,5,5
36792,48,53,-5,5
36793,115,120,-5,5
36794,209,177,32,32
36795,89,85,4,4
36796,63,54,9,9
36797,68,68,0,0
36798,88,92,-4,4
36799,63,69,-6,6
36800,121,127,-6,6
36801,146,153,-7,7
36802,64,59,5,5
36803,75,71,4,4
36804,118,119,-1,1
36805,121,117,4,4
36806,87,78,9,9
36807,80,77,3,3
36808,80,81,-1,1
36809,107,92,15,15
36810,137,126,11,11
36811,96,85,11,11
36812,74,71,3,3
36813,90,76,14,14
36814,70,61,9,9
36815,45,53,-8,8
36816,63,57,6,6
36817,122,111,11,11
36818,80,76,4,4
36819,91,92,-1,1
36820,241,206,35,35
36821,49,53,-4,4
36822,115,119,-4,4
36823,136,98,38,38
36824,87,73,14,14
36825,90,98,-8,8
36826,86,78,8,8
36827,126,117,9,9
36828,63,76,-13,13
36829,68,65,3,3
36830,83,72,11,11
36831,101,95,6,6
36832,82,106,-24,24
36833,105,108,-3,3
36834,141,138,3,3
36835,67,72,-5,5
36836,29,51,-22,22
36837,96,94,2,2
36838,69,62,7,7
36839,62,63,-1,1
36840,68,71,-3,3
36841,96,81,15,15
36842,122,124,-2,2
36843,109,111,-2,2
36844,83,76,7,7
36845,127,116,11,11
36846,115,125,-10,10
36847,95,86,9,9
36848,64,58,6,6
36849,80,81,-1,1
36850,285,257,28,28
36851,88,85,3,3
36852,154,114,40,40
36853,163,147,16,16
36854,68,109,-41,41
36855,72,75,-3,3
36856,184,170,14,14
36857,87,78,9,9
36858,58,59,-1,1
36859,110,111,-1,1
36860,62,68,-6,6
36861,53,54,-1,1
36862,158,153,5,5
36863,87,100,-13,13
36864,70,77,-7,7
36865,72,72,0,0
36866,141,117,24,24
36867,94,84,10,10
36868,48,57,-9,9
36869,56,55,1,1
36870,169,147,22,22
36871,81,99,-18,18
36872,71,67,4,4
36873,97,84,13,13
36874,73,72,1,1
36875,90,90,0,0
36876,122,113,9,9
36877,68,58,10,10
36878,128,112,16,16
36879,68,66,2,2
36880,128,126,2,2
36881,80,76,4,4
36882,76,65,11,11
36883,131,134,-3,3
36884,96,95,1,1
36885,118,122,-4,4
36886,112,102,10,10
36887,174,154,20,20
36888,44,55,-11,11
36889,92,90,2,2
36890,66,67,-1,1
36891,90,89,1,1
36892,144,131,13,13
36893,110,99,11,11
36894,164,139,25,25
36895,85,78,7,7
36896,87,97,-10,10
36897,126,137,-11,11
36898,70,68,2,2
36899,111,104,7,7
36900,56,53,3,3
36901,50,55,-5,5
36902,93,92,1,1
36903,66,67,-1,1
36904,77,71,6,6
36905,59,58,1,1
36906,95,96,-1,1
36907,79,74,5,5
36908,84,81,3,3
36909,81,74,7,7
36910,118,101,17,17
36911,62,59,3,3
36912,113,108,5,5
36913,89,77,12,12
36914,109,96,13,13
36915,157,140,17,17
36916,144,157,-13,13
36917,113,100,13,13
36918,136,118,18,18
36919,55,56,-1,1
36920,100,125,-25,25
36921,127,112,15,15
36922,137,130,7,7
36923,77,71,6,6
36924,75,71,4,4
36925,96,96,0,0
36926,183,162,21,21
36927,100,90,10,10
36928,66,60,6,6
36929,87,86,1,1
36930,76,74,2,2
36931,79,94,-15,15
36932,84,77,7,7
36933,101,95,6,6
36934,110,105,5,5
36935,97,91,6,6
36936,55,57,-2,2
36937,94,82,12,12
36938,65,64,1,1
36939,78,74,4,4
36940,69,65,4,4
36941,171,158,13,13
36942,78,74,4,4
36943,58,58,0,0
36944,79,76,3,3
36945,90,79,11,11
36946,43,51,-8,8
36947,80,91,-11,11
36948,121,123,-2,2
36949,186,158,28,28
36950,87,85,2,2
36951,25,50,-25,25
36952,77,82,-5,5
36953,111,107,4,4
36954,60,58,2,2
36955,70,71,-1,1
36956,145,126,19,19
36957,83,84,-1,1
36958,87,73,14,14
36959,79,70,9,9
36960,110,107,3,3
36961,70,63,7,7
36962,157,146,11,11
36963,95,91,4,4
36964,62,64,-2,2
36965,83,82,1,1
36966,64,63,1,1
36967,240,215,25,25
36968,77,76,1,1
36969,171,148,23,23
36970,111,106,5,5
36971,98,86,12,12
36972,60,59,1,1
36973,94,91,3,3
36974,117,108,9,9
36975,113,111,2,2
36976,149,153,-4,4
36977,84,81,3,3
36978,50,54,-4,4
36979,109,117,-8,8
36980,77,84,-7,7
36981,125,119,6,6
36982,74,82,-8,8
36983,80,77,3,3
36984,70,71,-1,1
36985,79,77,2,2
36986,125,104,21,21
36987,102,84,18,18
36988,72,68,4,4
36989,99,100,-1,1
36990,73,80,-7,7
36991,104,91,13,13
36992,99,90,9,9
36993,97,88,9,9
36994,135,130,5,5
36995,80,80,0,0
36996,146,138,8,8
36997,59,62,-3,3
36998,95,93,2,2
36999,159,136,23,23
37000,73,63,10,10
37001,94,90,4,4
37002,159,126,33,33
37003,178,153,25,25
37004,58,55,3,3
37005,88,82,6,6
37006,88,92,-4,4
37007,81,86,-5,5
37008,79,71,8,8
37009,54,55,-1,1
37010,88,80,8,8
37011,75,67,8,8
37012,101,85,16,16
37013,89,77,12,12
37014,51,56,-5,5
37015,121,114,7,7
37016,110,109,1,1
37017,99,84,15,15
37018,63,64,-1,1
37019,113,112,1,1
37020,137,134,3,3
37021,114,121,-7,7
37022,87,81,6,6
37023,176,144,32,32
37024,136,124,12,12
37025,104,95,9,9
37026,131,96,35,35
37027,100,110,-10,10
37028,110,112,-2,2
37029,54,55,-1,1
37030,99,96,3,3
37031,55,63,-8,8
37032,141,122,19,19
37033,142,134,8,8
37034,125,107,18,18
37035,114,120,-6,6
37036,121,114,7,7
37037,138,123,15,15
37038,66,74,-8,8
37039,108,100,8,8
37040,137,124,13,13
37041,57,59,-2,2
37042,97,96,1,1
37043,114,99,15,15
37044,124,142,-18,18
37045,66,68,-2,2
37046,51,56,-5,5
37047,162,142,20,20
37048,161,147,14,14
37049,116,105,11,11
37050,111,108,3,3
37051,143,138,5,5
37052,41,53,-12,12
37053,97,81,16,16
37054,49,55,-6,6
37055,156,141,15,15
37056,48,54,-6,6
37057,82,75,7,7
37058,58,56,2,2
37059,81,73,8,8
37060,81,77,4,4
37061,68,64,4,4
37062,120,119,1,1
37063,28,51,-23,23
37064,84,94,-10,10
37065,96,97,-1,1
37066,79,77,2,2
37067,446,390,56,56
37068,132,124,8,8
37069,131,122,9,9
37070,60,67,-7,7
37071,78,70,8,8
37072,113,108,5,5
37073,67,63,4,4
37074,83,78,5,5
37075,77,66,11,11
37076,82,79,3,3
37077,60,59,1,1
37078,112,107,5,5
37079,124,110,14,14
37080,150,126,24,24
37081,87,81,6,6
37082,129,113,16,16
37083,151,139,12,12
37084,36,52,-16,16
37085,100,97,3,3
37086,57,100,-43,43
37087,108,111,-3,3
37088,78,81,-3,3
37089,72,65,7,7
37090,69,81,-12,12
37091,108,105,3,3
37092,87,79,8,8
37093,51,63,-12,12
37094,48,53,-5,5
37095,98,106,-8,8
37096,31,61,-30,30
37097,140,115,25,25
37098,74,68,6,6
37099,95,97,-2,2
37100,87,81,6,6
37101,120,118,2,2
37102,83,75,8,8
37103,81,94,-13,13
37104,75,77,-2,2
37105,87,88,-1,1
37106,145,138,7,7
37107,98,90,8,8
37108,52,53,-1,1
37109,83,78,5,5
37110,55,70,-15,15
37111,110,113,-3,3
37112,125,127,-2,2
37113,87,74,13,13
37114,101,95,6,6
37115,81,69,12,12
37116,143,129,14,14
37117,218,182,36,36
37118,79,73,6,6
37119,97,85,12,12
37120,58,60,-2,2
37121,116,115,1,1
37122,76,68,8,8
37123,94,92,2,2
37124,79,89,-10,10
37125,60,58,2,2
37126,103,106,-3,3
37127,51,54,-3,3
37128,113,101,12,12
37129,83,95,-12,12
37130,121,114,7,7
37131,87,71,16,16
37132,152,139,13,13
37133,97,88,9,9
37134,169,160,9,9
37135,73,83,-10,10
37136,141,140,1,1
37137,88,72,16,16
37138,75,158,-83,83
37139,78,74,4,4
37140,114,105,9,9
37141,95,79,16,16
37142,100,103,-3,3
37143,94,93,1,1
37144,62,63,-1,1
37145,75,98,-23,23
37146,91,91,0,0
37147,155,129,26,26
37148,82,75,7,7
37149,120,114,6,6
37150,154,134,20,20
37151,45,53,-8,8
37152,69,68,1,1
37153,70,73,-3,3
37154,129,129,0,0
37155,83,75,8,8
37156,102,93,9,9
37157,34,54,-20,20
37158,84,76,8,8
37159,93,84,9,9
37160,173,151,22,22
37161,81,82,-1,1
37162,112,119,-7,7
37163,141,129,12,12
37164,117,109,8,8
37165,87,90,-3,3
37166,89,99,-10,10
37167,138,138,0,0
37168,77,78,-1,1
37169,71,72,-1,1
37170,108,109,-1,1
37171,84,77,7,7
37172,90,95,-5,5
37173,156,138,18,18
37174,90,90,0,0
37175,91,89,2,2
37176,64,62,2,2
37177,66,64,2,2
37178,59,55,4,4
37179,124,111,13,13
37180,49,54,-5,5
37181,108,105,3,3
37182,83,81,2,2
37183,115,99,16,16
37184,59,61,-2,2
37185,51,63,-12,12
37186,90,81,9,9
37187,77,87,-10,10
37188,59,54,5,5
37189,100,94,6,6
37190,138,121,17,17
37191,237,209,28,28
37192,71,71,0,0
37193,51,54,-3,3
37194,160,157,3,3
37195,162,131,31,31
37196,121,114,7,7
37197,122,108,14,14
37198,64,57,7,7
37199,78,74,4,4
37200,107,130,-23,23
37201,102,105,-3,3
37202,74,79,-5,5
37203,90,94,-4,4
37204,65,57,8,8
37205,85,87,-2,2
37206,88,89,-1,1
37207,95,95,0,0
37208,92,90,2,2
37209,148,122,26,26
37210,89,83,6,6
37211,63,62,1,1
37212,98,86,12,12
37213,74,72,2,2
37214,69,66,3,3
37215,58,59,-1,1
37216,148,128,20,20
37217,75,76,-1,1
37218,128,122,6,6
37219,63,71,-8,8
37220,113,90,23,23
37221,88,90,-2,2
37222,68,59,9,9
37223,98,92,6,6
37224,79,79,0,0
37225,69,70,-1,1
37226,284,241,43,43
37227,76,73,3,3
37228,98,98,0,0
37229,73,75,-2,2
37230,135,129,6,6
37231,71,65,6,6
37232,85,78,7,7
37233,58,60,-2,2
37234,110,107,3,3
37235,63,62,1,1
37236,91,89,2,2
37237,72,77,-5,5
37238,111,127,-16,16
37239,75,64,11,11
37240,127,121,6,6
37241,157,133,24,24
37242,136,130,6,6
37243,66,61,5,5
37244,53,54,-1,1
37245,76,78,-2,2
37246,76,67,9,9
37247,123,128,-5,5
37248,90,84,6,6
37249,62,63,-1,1
37250,93,110,-17,17
37251,150,131,19,19
37252,114,110,4,4
37253,99,81,18,18
37254,85,77,8,8
37255,68,62,6,6
37256,54,54,0,0
37257,64,60,4,4
37258,126,123,3,3
37259,52,54,-2,2
37260,119,112,7,7
37261,112,107,5,5
37262,257,213,44,44
37263,75,77,-2,2
37264,58,56,2,2
37265,87,82,5,5
37266,50,53,-3,3
37267,79,84,-5,5
37268,142,128,14,14
37269,122,122,0,0
37270,69,72,-3,3
37271,82,78,4,4
37272,83,81,2,2
37273,87,79,8,8
37274,132,124,8,8
37275,110,119,-9,9
37276,98,81,17,17
37277,93,89,4,4
37278,112,115,-3,3
37279,101,91,10,10
37280,97,98,-1,1
37281,111,115,-4,4
37282,53,56,-3,3
37283,78,96,-18,18
37284,104,94,10,10
37285,86,77,9,9
37286,109,104,5,5
37287,136,124,12,12
37288,113,116,-3,3
37289,53,57,-4,4
37290,85,73,12,12
37291,142,124,18,18
37292,141,129,12,12
37293,87,84,3,3
37294,79,73,6,6
37295,171,147,24,24
37296,104,106,-2,2
37297,91,114,-23,23
37298,70,67,3,3
37299,93,94,-1,1
37300,115,113,2,2
37301,49,63,-14,14
37302,115,98,17,17
37303,85,77,8,8
37304,96,94,2,2
37305,112,104,8,8
37306,133,133,0,0
37307,114,107,7,7
37308,78,93,-15,15
37309,158,141,17,17
37310,73,65,8,8
37311,44,52,-8,8
37312,160,152,8,8
37313,114,114,0,0
37314,163,115,48,48
37315,113,104,9,9
37316,92,98,-6,6
37317,35,54,-19,19
37318,135,126,9,9
37319,113,108,5,5
37320,105,89,16,16
37321,79,72,7,7
37322,130,113,17,17
37323,129,122,7,7
37324,81,79,2,2
37325,71,75,-4,4
37326,233,191,42,42
37327,79,85,-6,6
37328,88,84,4,4
37329,121,122,-1,1
37330,132,116,16,16
37331,179,159,20,20
37332,199,174,25,25
37333,133,121,12,12
37334,127,115,12,12
37335,71,73,-2,2
37336,59,59,0,0
37337,92,88,4,4
37338,98,92,6,6
37339,93,79,14,14
37340,103,74,29,29
37341,114,116,-2,2
37342,80,82,-2,2
37343,84,81,3,3
37344,95,84,11,11
37345,141,129,12,12
37346,184,160,24,24
37347,138,112,26,26
37348,59,58,1,1
37349,172,157,15,15
37350,146,132,14,14
37351,72,74,-2,2
37352,139,134,5,5
37353,108,104,4,4
37354,91,96,-5,5
37355,38,52,-14,14
37356,44,58,-14,14
37357,86,79,7,7
37358,68,73,-5,5
37359,68,58,10,10
37360,100,98,2,2
37361,135,117,18,18
37362,30,55,-25,25
37363,149,133,16,16
37364,93,90,3,3
37365,132,129,3,3
37366,61,60,1,1
37367,104,103,1,1
37368,119,110,9,9
37369,61,64,-3,3
37370,79,79,0,0
37371,48,57,-9,9
37372,80,65,15,15
37373,145,158,-13,13
37374,65,69,-4,4
37375,68,64,4,4
37376,68,69,-1,1
37377,78,78,0,0
37378,65,60,5,5
37379,98,89,9,9
37380,102,105,-3,3
37381,115,95,20,20
37382,71,67,4,4
37383,63,65,-2,2
37384,64,76,-12,12
37385,97,94,3,3
37386,102,86,16,16
37387,101,100,1,1
37388,34,52,-18,18
37389,70,69,1,1
37390,53,63,-10,10
37391,92,89,3,3
37392,83,81,2,2
37393,101,103,-2,2
37394,76,70,6,6
37395,76,79,-3,3
37396,111,101,10,10
37397,49,65,-16,16
37398,55,62,-7,7
37399,115,105,10,10
37400,126,119,7,7
37401,121,107,14,14
37402,145,132,13,13
37403,60,76,-16,16
37404,73,61,12,12
37405,63,63,0,0
37406,71,71,0,0
37407,81,80,1,1
37408,98,95,3,3
37409,138,133,5,5
37410,69,71,-2,2
37411,172,172,0,0
37412,57,67,-10,10
37413,119,106,13,13
37414,65,65,0,0
37415,54,55,-1,1
37416,86,89,-3,3
37417,116,112,4,4
37418,145,130,15,15
37419,102,105,-3,3
37420,108,102,6,6
37421,63,61,2,2
37422,125,117,8,8
37423,90,89,1,1
37424,139,134,5,5
37425,94,88,6,6
37426,86,85,1,1
37427,44,63,-19,19
37428,89,93,-4,4
37429,82,75,7,7
37430,114,100,14,14
37431,60,57,3,3
37432,103,99,4,4
37433,58,55,3,3
37434,108,110,-2,2
37435,140,140,0,0
37436,160,149,11,11
37437,54,55,-1,1
37438,106,100,6,6
37439,140,136,4,4
37440,101,97,4,4
37441,120,112,8,8
37442,118,110,8,8
37443,116,107,9,9
37444,108,102,6,6
37445,205,193,12,12
37446,192,174,18,18
37447,97,94,3,3
37448,59,59,0,0
37449,60,66,-6,6
37450,51,53,-2,2
37451,48,53,-5,5
37452,118,110,8,8
37453,209,183,26,26
37454,64,63,1,1
37455,76,79,-3,3
37456,130,120,10,10
37457,83,87,-4,4
37458,69,76,-7,7
37459,66,56,10,10
37460,81,87,-6,6
37461,116,130,-14,14
37462,91,92,-1,1
37463,178,166,12,12
37464,148,154,-6,6
37465,160,150,10,10
37466,116,121,-5,5
37467,87,86,1,1
37468,93,90,3,3
37469,71,70,1,1
37470,121,113,8,8
37471,85,71,14,14
37472,75,75,0,0
37473,101,95,6,6
37474,72,70,2,2
37475,60,63,-3,3
37476,102,90,12,12
37477,111,101,10,10
37478,81,85,-4,4
37479,75,86,-11,11
37480,107,106,1,1
37481,75,77,-2,2
37482,67,73,-6,6
37483,126,124,2,2
37484,106,103,3,3
37485,126,122,4,4
37486,104,102,2,2
37487,65,70,-5,5
37488,92,89,3,3
37489,78,71,7,7
37490,127,117,10,10
37491,88,86,2,2
37492,35,69,-34,34
37493,87,81,6,6
37494,53,63,-10,10
37495,108,106,2,2
37496,89,86,3,3
37497,79,72,7,7
37498,79,85,-6,6
37499,138,118,20,20
37500,92,81,11,11
37501,84,80,4,4
37502,65,64,1,1
37503,74,71,3,3
37504,147,137,10,10
37505,96,93,3,3
37506,124,116,8,8
37507,84,86,-2,2
37508,118,111,7,7
37509,80,75,5,5
37510,89,92,-3,3
37511,154,152,2,2
37512,96,96,0,0
37513,73,79,-6,6
37514,218,181,37,37
37515,108,102,6,6
37516,156,143,13,13
37517,56,62,-6,6
37518,105,95,10,10
37519,103,125,-22,22
37520,98,99,-1,1
37521,161,150,11,11
37522,150,122,28,28
37523,50,54,-4,4
37524,99,95,4,4
37525,62,62,0,0
37526,102,99,3,3
37527,86,79,7,7
37528,81,75,6,6
37529,51,54,-3,3
37530,100,90,10,10
37531,74,68,6,6
37532,65,57,8,8
37533,95,92,3,3
37534,99,95,4,4
37535,84,87,-3,3
37536,114,92,22,22
37537,99,84,15,15
37538,58,54,4,4
37539,49,53,-4,4
37540,119,108,11,11
37541,83,83,0,0
37542,96,99,-3,3
37543,70,73,-3,3
37544,108,102,6,6
37545,128,110,18,18
37546,75,72,3,3
37547,72,67,5,5
37548,88,73,15,15
37549,71,68,3,3
37550,103,92,11,11
37551,109,99,10,10
37552,77,79,-2,2
37553,74,70,4,4
37554,105,93,12,12
37555,56,55,1,1
37556,95,88,7,7
37557,152,133,19,19
37558,62,60,2,2
37559,128,121,7,7
37560,108,96,12,12
37561,58,61,-3,3
37562,144,125,19,19
37563,109,98,11,11
37564,66,61,5,5
37565,114,113,1,1
37566,150,125,25,25
37567,98,91,7,7
37568,151,138,13,13
37569,73,68,5,5
37570,84,77,7,7
37571,126,118,8,8
37572,50,55,-5,5
37573,101,111,-10,10
37574,56,58,-2,2
37575,95,93,2,2
37576,65,66,-1,1
37577,141,114,27,27
37578,94,83,11,11
37579,67,68,-1,1
37580,55,59,-4,4
37581,65,62,3,3
37582,52,64,-12,12
37583,95,85,10,10
37584,158,144,14,14
37585,106,52,54,54
37586,101,95,6,6
37587,96,91,5,5
37588,132,131,1,1
37589,91,84,7,7
37590,80,77,3,3
37591,209,183,26,26
37592,71,78,-7,7
37593,94,97,-3,3
37594,93,79,14,14
37595,103,100,3,3
37596,69,73,-4,4
37597,190,180,10,10
37598,92,86,6,6
37599,105,91,14,14
37600,69,74,-5,5
37601,54,66,-12,12
37602,59,59,0,0
37603,82,82,0,0
37604,84,81,3,3
37605,30,56,-26,26
37606,150,136,14,14
37607,65,59,6,6
37608,88,79,9,9
37609,80,74,6,6
37610,174,156,18,18
37611,134,152,-18,18
37612,82,77,5,5
37613,77,66,11,11
37614,65,68,-3,3
37615,49,55,-6,6
37616,95,93,2,2
37617,67,64,3,3
37618,69,62,7,7
37619,125,129,-4,4
37620,124,125,-1,1
37621,81,81,0,0
37622,93,89,4,4
37623,148,119,29,29
37624,158,137,21,21
37625,107,103,4,4
37626,138,123,15,15
37627,106,104,2,2
37628,102,106,-4,4
37629,151,143,8,8
37630,103,103,0,0
37631,77,68,9,9
37632,139,128,11,11
37633,122,118,4,4
37634,86,76,10,10
37635,85,79,6,6
37636,76,67,9,9
37637,115,101,14,14
37638,137,122,15,15
37639,113,116,-3,3
37640,155,133,22,22
37641,66,75,-9,9
37642,75,67,8,8
37643,120,117,3,3
37644,116,98,18,18
37645,152,142,10,10
37646,56,58,-2,2
37647,205,171,34,34
37648,96,93,3,3
37649,101,89,12,12
37650,100,98,2,2
37651,94,86,8,8
37652,130,117,13,13
37653,61,77,-16,16
37654,123,113,10,10
37655,111,117,-6,6
37656,136,135,1,1
37657,166,142,24,24
37658,85,90,-5,5
37659,99,94,5,5
37660,58,58,0,0
37661,98,88,10,10
37662,88,73,15,15
37663,164,142,22,22
37664,67,66,1,1
37665,112,93,19,19
37666,105,98,7,7
37667,151,132,19,19
37668,80,65,15,15
37669,121,124,-3,3
37670,179,140,39,39
37671,151,138,13,13
37672,116,113,3,3
37673,93,89,4,4
37674,96,92,4,4
37675,112,125,-13,13
37676,45,52,-7,7
37677,100,91,9,9
37678,71,79,-8,8
37679,72,63,9,9
37680,124,110,14,14
37681,54,54,0,0
37682,135,121,14,14
37683,125,110,15,15
37684,125,99,26,26
37685,104,113,-9,9
37686,76,75,1,1
37687,106,128,-22,22
37688,76,72,4,4
37689,87,85,2,2
37690,146,134,12,12
37691,91,79,12,12
37692,72,84,-12,12
37693,149,141,8,8
37694,82,76,6,6
37695,157,141,16,16
37696,138,125,13,13
37697,122,118,4,4
37698,105,100,5,5
37699,88,79,9,9
37700,157,161,-4,4
37701,108,95,13,13
37702,94,84,10,10
37703,102,102,0,0
37704,51,59,-8,8
37705,84,83,1,1
37706,67,79,-12,12
37707,128,113,15,15
37708,130,128,2,2
37709,165,146,19,19
37710,100,109,-9,9
37711,121,125,-4,4
37712,74,78,-4,4
37713,58,56,2,2
37714,88,97,-9,9
37715,105,109,-4,4
37716,116,111,5,5
37717,103,94,9,9
37718,101,100,1,1
37719,108,111,-3,3
37720,75,86,-11,11
37721,106,106,0,0
37722,69,70,-1,1
37723,87,85,2,2
37724,68,74,-6,6
37725,51,54,-3,3
37726,61,64,-3,3
37727,110,106,4,4
37728,104,95,9,9
37729,70,66,4,4
37730,47,54,-7,7
37731,69,81,-12,12
37732,48,56,-8,8
37733,92,85,7,7
37734,116,110,6,6
37735,94,95,-1,1
37736,79,80,-1,1
37737,116,130,-14,14
37738,133,131,2,2
37739,70,73,-3,3
37740,153,143,10,10
37741,41,81,-40,40
37742,73,72,1,1
37743,109,109,0,0
37744,145,128,17,17
37745,106,105,1,1
37746,89,79,10,10
37747,69,76,-7,7
37748,73,71,2,2
37749,61,61,0,0
37750,127,120,7,7
37751,104,101,3,3
37752,103,99,4,4
37753,107,96,11,11
37754,116,114,2,2
37755,66,73,-7,7
37756,130,118,12,12
37757,102,89,13,13
37758,102,99,3,3
37759,72,78,-6,6
37760,98,87,11,11
37761,55,55,0,0
37762,90,93,-3,3
37763,116,110,6,6
37764,64,68,-4,4
37765,113,103,10,10
37766,75,76,-1,1
37767,75,89,-14,14
37768,119,112,7,7
37769,81,72,9,9
37770,74,69,5,5
37771,156,144,12,12
37772,93,89,4,4
37773,84,81,3,3
37774,118,134,-16,16
37775,70,66,4,4
37776,197,183,14,14
37777,57,58,-1,1
37778,41,62,-21,21
37779,110,113,-3,3
37780,94,86,8,8
37781,121,104,17,17
37782,77,76,1,1
37783,104,78,26,26
37784,98,89,9,9
37785,101,95,6,6
37786,65,75,-10,10
37787,140,124,16,16
37788,113,102,11,11
37789,103,86,17,17
37790,84,74,10,10
37791,75,71,4,4
37792,136,120,16,16
37793,123,118,5,5
37794,117,120,-3,3
37795,107,96,11,11
37796,64,59,5,5
37797,61,64,-3,3
37798,216,172,44,44
37799,94,95,-1,1
37800,96,92,4,4
37801,83,100,-17,17
37802,42,56,-14,14
37803,93,99,-6,6
37804,61,64,-3,3
37805,101,74,27,27
37806,118,111,7,7
37807,100,102,-2,2
37808,107,124,-17,17
37809,98,99,-1,1
37810,64,58,6,6
37811,215,197,18,18
37812,127,119,8,8
37813,91,84,7,7
37814,113,125,-12,12
37815,82,79,3,3
37816,120,122,-2,2
37817,72,68,4,4
37818,77,89,-12,12
37819,79,86,-7,7
37820,67,71,-4,4
37821,89,89,0,0
37822,54,56,-2,2
37823,97,97,0,0
37824,82,80,2,2
37825,91,96,-5,5
37826,83,76,7,7
37827,54,63,-9,9
37828,116,114,2,2
37829,80,84,-4,4
37830,75,72,3,3
37831,187,179,8,8
37832,78,85,-7,7
37833,95,97,-2,2
37834,87,83,4,4
37835,74,79,-5,5
37836,67,63,4,4
37837,66,59,7,7
37838,78,71,7,7
37839,107,99,8,8
37840,59,55,4,4
37841,92,93,-1,1
37842,41,56,-15,15
37843,130,117,13,13
37844,100,100,0,0
37845,88,80,8,8
37846,67,62,5,5
37847,100,89,11,11
37848,99,102,-3,3
37849,69,67,2,2
37850,115,114,1,1
37851,116,107,9,9
37852,49,53,-4,4
37853,91,94,-3,3
37854,67,79,-12,12
37855,105,99,6,6
37856,137,131,6,6
37857,72,80,-8,8
37858,61,60,1,1
37859,86,81,5,5
37860,91,94,-3,3
37861,85,81,4,4
37862,83,70,13,13
37863,68,59,9,9
37864,103,93,10,10
37865,106,95,11,11
37866,139,110,29,29
37867,115,115,0,0
37868,48,54,-6,6
37869,159,151,8,8
37870,61,55,6,6
37871,113,118,-5,5
37872,101,96,5,5
37873,77,71,6,6
37874,134,130,4,4
37875,67,59,8,8
37876,106,101,5,5
37877,57,55,2,2
37878,95,97,-2,2
37879,93,94,-1,1
37880,95,80,15,15
37881,179,164,15,15
37882,153,159,-6,6
37883,62,66,-4,4
37884,69,64,5,5
37885,165,157,8,8
37886,180,178,2,2
37887,87,82,5,5
37888,110,106,4,4
37889,116,117,-1,1
37890,159,159,0,0
37891,99,99,0,0
37892,114,110,4,4
37893,102,87,15,15
37894,154,147,7,7
37895,91,89,2,2
37896,124,108,16,16
37897,91,86,5,5
37898,41,53,-12,12
37899,45,53,-8,8
37900,71,85,-14,14
37901,76,75,1,1
37902,99,103,-4,4
37903,111,101,10,10
37904,97,87,10,10
37905,124,108,16,16
37906,96,99,-3,3
37907,79,80,-1,1
37908,122,124,-2,2
37909,115,95,20,20
37910,89,85,4,4
37911,73,68,5,5
37912,111,109,2,2
37913,89,94,-5,5
37914,138,127,11,11
37915,100,107,-7,7
37916,78,81,-3,3
37917,83,84,-1,1
37918,86,91,-5,5
37919,135,136,-1,1
37920,114,110,4,4
37921,56,59,-3,3
37922,149,151,-2,2
37923,81,77,4,4
37924,79,76,3,3
37925,103,101,2,2
37926,56,65,-9,9
37927,150,133,17,17
37928,78,76,2,2
37929,78,76,2,2
37930,41,52,-11,11
37931,121,104,17,17
37932,123,113,10,10
37933,76,85,-9,9
37934,103,94,9,9
37935,35,60,-25,25
37936,124,115,9,9
37937,55,59,-4,4
37938,88,81,7,7
37939,90,85,5,5
37940,120,96,24,24
37941,71,68,3,3
37942,79,78,1,1
37943,62,67,-5,5
37944,86,81,5,5
37945,64,65,-1,1
37946,131,136,-5,5
37947,146,130,16,16
37948,86,76,10,10
37949,98,88,10,10
37950,183,154,29,29
37951,91,91,0,0
37952,77,74,3,3
37953,142,135,7,7
37954,79,76,3,3
37955,41,53,-12,12
37956,105,103,2,2
37957,197,178,19,19
37958,115,110,5,5
37959,71,67,4,4
37960,140,137,3,3
37961,130,120,10,10
37962,83,79,4,4
37963,108,121,-13,13
37964,67,68,-1,1
37965,70,79,-9,9
37966,93,92,1,1
37967,64,68,-4,4
37968,98,110,-12,12
37969,115,110,5,5
37970,62,60,2,2
37971,88,87,1,1
37972,61,60,1,1
37973,198,175,23,23
37974,101,107,-6,6
37975,66,60,6,6
37976,31,54,-23,23
37977,94,89,5,5
37978,93,100,-7,7
37979,117,151,-34,34
37980,99,99,0,0
37981,36,52,-16,16
37982,76,75,1,1
37983,67,72,-5,5
37984,78,82,-4,4
37985,50,58,-8,8
37986,55,54,1,1
37987,92,91,1,1
37988,94,84,10,10
37989,137,131,6,6
37990,102,99,3,3
37991,113,104,9,9
37992,89,77,12,12
37993,124,128,-4,4
37994,82,78,4,4
37995,60,66,-6,6
37996,125,109,16,16
37997,78,84,-6,6
37998,143,130,13,13
37999,142,139,3,3
38000,106,94,12,12
38001,124,108,16,16
38002,52,60,-8,8
38003,97,112,-15,15
38004,80,76,4,4
38005,107,109,-2,2
38006,141,134,7,7
38007,57,58,-1,1
38008,89,77,12,12
38009,104,108,-4,4
38010,154,140,14,14
38011,76,83,-7,7
38012,95,81,14,14
38013,179,156,23,23
38014,64,78,-14,14
38015,119,104,15,15
38016,108,117,-9,9
38017,114,105,9,9
38018,92,89,3,3
38019,109,103,6,6
38020,139,137,2,2
38021,130,128,2,2
38022,112,103,9,9
38023,123,109,14,14
38024,125,114,11,11
38025,66,58,8,8
38026,77,84,-7,7
38027,87,84,3,3
38028,97,103,-6,6
38029,56,57,-1,1
38030,146,130,16,16
38031,71,73,-2,2
38032,176,160,16,16
38033,96,84,12,12
38034,105,95,10,10
38035,127,119,8,8
38036,82,83,-1,1
38037,137,143,-6,6
38038,120,112,8,8
38039,82,78,4,4
38040,73,66,7,7
38041,78,69,9,9
38042,83,80,3,3
38043,83,77,6,6
38044,74,75,-1,1
38045,81,79,2,2
38046,178,154,24,24
38047,96,103,-7,7
38048,48,54,-6,6
38049,74,78,-4,4
38050,143,130,13,13
38051,94,83,11,11
38052,142,134,8,8
38053,144,141,3,3
38054,114,113,1,1
38055,91,94,-3,3
38056,127,123,4,4
38057,65,75,-10,10
38058,152,136,16,16
38059,106,99,7,7
38060,140,128,12,12
38061,96,99,-3,3
38062,72,102,-30,30
38063,71,79,-8,8
38064,116,109,7,7
38065,156,140,16,16
38066,57,54,3,3
38067,24,58,-34,34
38068,122,114,8,8
38069,118,106,12,12
38070,96,92,4,4
38071,86,80,6,6
38072,163,147,16,16
38073,60,64,-4,4
38074,80,73,7,7
38075,78,72,6,6
38076,82,75,7,7
38077,113,100,13,13
38078,104,109,-5,5
38079,154,164,-10,10
38080,34,53,-19,19
38081,111,112,-1,1
38082,103,96,7,7
38083,88,83,5,5
38084,112,111,1,1
38085,115,105,10,10
38086,60,54,6,6
38087,150,136,14,14
38088,116,111,5,5
38089,80,76,4,4
38090,112,97,15,15
38091,116,111,5,5
38092,83,87,-4,4
38093,161,140,21,21
38094,65,70,-5,5
38095,74,74,0,0
38096,72,62,10,10
38097,185,154,31,31
38098,89,73,16,16
38099,90,87,3,3
38100,175,153,22,22
38101,96,86,10,10
38102,96,87,9,9
38103,111,109,2,2
38104,46,52,-6,6
38105,105,114,-9,9
38106,69,70,-1,1
38107,117,110,7,7
38108,91,85,6,6
38109,70,73,-3,3
38110,150,128,22,22
38111,122,122,0,0
38112,98,101,-3,3
38113,100,87,13,13
38114,160,135,25,25
38115,139,128,11,11
38116,170,154,16,16
38117,79,82,-3,3
38118,132,121,11,11
38119,121,118,3,3
38120,118,117,1,1
38121,102,87,15,15
38122,98,92,6,6
38123,115,118,-3,3
38124,159,151,8,8
38125,92,91,1,1
38126,41,65,-24,24
38127,84,83,1,1
38128,132,142,-10,10
38129,109,90,19,19
38130,78,84,-6,6
38131,114,102,12,12
38132,121,110,11,11
38133,93,84,9,9
38134,115,112,3,3
38135,44,53,-9,9
38136,74,71,3,3
38137,49,54,-5,5
38138,165,150,15,15
38139,83,79,4,4
38140,158,140,18,18
38141,101,85,16,16
38142,118,110,8,8
38143,94,91,3,3
38144,117,130,-13,13
38145,109,103,6,6
38146,73,86,-13,13
38147,76,77,-1,1
38148,138,130,8,8
38149,113,103,10,10
38150,96,92,4,4
38151,73,74,-1,1
38152,112,102,10,10
38153,63,69,-6,6
38154,104,90,14,14
38155,82,85,-3,3
38156,54,57,-3,3
38157,84,81,3,3
38158,133,134,-1,1
38159,101,97,4,4
38160,108,110,-2,2
38161,83,76,7,7
38162,78,78,0,0
38163,82,73,9,9
38164,76,75,1,1
38165,90,82,8,8
38166,105,99,6,6
38167,61,59,2,2
38168,102,112,-10,10
38169,104,116,-12,12
38170,72,70,2,2
38171,74,63,11,11
38172,92,92,0,0
38173,85,81,4,4
38174,99,94,5,5
38175,111,119,-8,8
38176,67,70,-3,3
38177,76,72,4,4
38178,113,95,18,18
38179,107,97,10,10
38180,117,110,7,7
38181,116,115,1,1
38182,97,95,2,2
38183,125,118,7,7
38184,112,113,-1,1
38185,71,77,-6,6
38186,115,112,3,3
38187,59,78,-19,19
38188,97,90,7,7
38189,124,110,14,14
38190,45,53,-8,8
38191,87,84,3,3
38192,103,116,-13,13
38193,64,62,2,2
38194,100,89,11,11
38195,97,79,18,18
38196,121,115,6,6
38197,111,115,-4,4
38198,74,71,3,3
38199,118,143,-25,25
38200,91,85,6,6
38201,89,86,3,3
38202,105,83,22,22
38203,79,79,0,0
38204,68,68,0,0
38205,125,122,3,3
38206,87,81,6,6
38207,123,106,17,17
38208,93,90,3,3
38209,100,91,9,9
38210,64,59,5,5
38211,108,100,8,8
38212,68,57,11,11
38213,86,86,0,0
38214,107,91,16,16
38215,73,73,0,0
38216,128,131,-3,3
38217,119,107,12,12
38218,54,56,-2,2
38219,72,69,3,3
38220,73,76,-3,3
38221,159,147,12,12
38222,83,84,-1,1
38223,97,90,7,7
38224,131,121,10,10
38225,69,70,-1,1
38226,86,71,15,15
38227,119,114,5,5
38228,100,88,12,12
38229,102,104,-2,2
38230,67,61,6,6
38231,53,60,-7,7
38232,85,89,-4,4
38233,168,151,17,17
38234,61,59,2,2
38235,77,72,5,5
38236,85,89,-4,4
38237,69,65,4,4
38238,124,116,8,8
38239,89,74,15,15
38240,148,141,7,7
38241,143,125,18,18
38242,57,75,-18,18
38243,144,131,13,13
38244,66,66,0,0
38245,83,92,-9,9
38246,120,113,7,7
38247,131,126,5,5
38248,51,54,-3,3
38249,77,59,18,18
38250,62,64,-2,2
38251,125,128,-3,3
38252,87,81,6,6
38253,89,84,5,5
38254,162,147,15,15
38255,109,110,-1,1
38256,126,127,-1,1
38257,87,89,-2,2
38258,87,97,-10,10
38259,116,111,5,5
38260,51,56,-5,5
38261,65,56,9,9
38262,95,84,11,11
38263,86,73,13,13
38264,98,97,1,1
38265,74,72,2,2
38266,87,105,-18,18
38267,113,106,7,7
38268,70,85,-15,15
38269,119,104,15,15
38270,180,160,20,20
38271,94,82,12,12
38272,67,73,-6,6
38273,85,82,3,3
38274,147,143,4,4
38275,79,66,13,13
38276,76,74,2,2
38277,60,55,5,5
38278,55,58,-3,3
38279,95,97,-2,2
38280,127,112,15,15
38281,100,93,7,7
38282,85,83,2,2
38283,127,120,7,7
38284,101,86,15,15
38285,70,68,2,2
38286,102,97,5,5
38287,73,73,0,0
38288,107,106,1,1
38289,129,128,1,1
38290,114,104,10,10
38291,45,56,-11,11
38292,52,54,-2,2
38293,69,69,0,0
38294,71,71,0,0
38295,65,65,0,0
38296,211,170,41,41
38297,113,126,-13,13
38298,97,95,2,2
38299,60,65,-5,5
38300,184,144,40,40
38301,106,100,6,6
38302,121,117,4,4
38303,112,114,-2,2
38304,137,134,3,3
38305,104,101,3,3
38306,124,118,6,6
38307,72,64,8,8
38308,116,104,12,12
38309,76,73,3,3
38310,99,102,-3,3
38311,75,76,-1,1
38312,81,80,1,1
38313,69,70,-1,1
38314,72,77,-5,5
38315,87,72,15,15
38316,93,88,5,5
38317,136,127,9,9
38318,101,90,11,11
38319,89,84,5,5
38320,112,108,4,4
38321,65,65,0,0
38322,118,107,11,11
38323,92,84,8,8
38324,80,83,-3,3
38325,98,92,6,6
38326,70,64,6,6
38327,127,112,15,15
38328,149,124,25,25
38329,70,66,4,4
38330,139,135,4,4
38331,82,78,4,4
38332,91,91,0,0
38333,39,72,-33,33
38334,82,91,-9,9
38335,105,97,8,8
38336,147,137,10,10
38337,104,107,-3,3
38338,117,92,25,25
38339,91,99,-8,8
38340,90,92,-2,2
38341,104,91,13,13
38342,47,55,-8,8
38343,56,56,0,0
38344,110,112,-2,2
38345,43,59,-16,16
38346,120,110,10,10
38347,70,69,1,1
38348,75,75,0,0
38349,77,80,-3,3
38350,72,68,4,4
38351,105,98,7,7
38352,218,181,37,37
38353,56,63,-7,7
38354,100,102,-2,2
38355,123,134,-11,11
38356,130,119,11,11
38357,63,57,6,6
38358,89,88,1,1
38359,60,65,-5,5
38360,65,73,-8,8
38361,118,113,5,5
38362,86,87,-1,1
38363,166,163,3,3
38364,106,106,0,0
38365,58,63,-5,5
38366,141,124,17,17
38367,96,91,5,5
38368,106,96,10,10
38369,110,112,-2,2
38370,64,61,3,3
38371,83,79,4,4
38372,92,103,-11,11
38373,70,68,2,2
38374,122,123,-1,1
38375,86,85,1,1
38376,105,90,15,15
38377,99,101,-2,2
38378,57,54,3,3
38379,79,76,3,3
38380,59,55,4,4
38381,70,70,0,0
38382,104,96,8,8
38383,86,87,-1,1
38384,112,118,-6,6
38385,102,99,3,3
38386,63,67,-4,4
38387,118,108,10,10
38388,63,58,5,5
38389,104,118,-14,14
38390,86,86,0,0
38391,167,147,20,20
38392,164,148,16,16
38393,85,86,-1,1
38394,111,109,2,2
38395,121,109,12,12
38396,94,90,4,4
38397,77,85,-8,8
38398,35,52,-17,17
38399,95,89,6,6
38400,133,131,2,2
38401,85,85,0,0
38402,67,59,8,8
38403,114,110,4,4
38404,157,144,13,13
38405,157,142,15,15
38406,94,101,-7,7
38407,54,63,-9,9
38408,64,57,7,7
38409,109,103,6,6
38410,71,70,1,1
38411,73,74,-1,1
38412,76,80,-4,4
38413,130,112,18,18
38414,79,73,6,6
38415,142,143,-1,1
38416,89,85,4,4
38417,105,107,-2,2
38418,78,87,-9,9
38419,64,60,4,4
38420,63,68,-5,5
38421,89,88,1,1
38422,171,162,9,9
38423,111,96,15,15
38424,86,74,12,12
38425,102,95,7,7
38426,61,61,0,0
38427,85,82,3,3
38428,134,116,18,18
38429,81,79,2,2
38430,142,133,9,9
38431,80,72,8,8
38432,83,79,4,4
38433,121,107,14,14
38434,67,58,9,9
38435,100,112,-12,12
38436,129,126,3,3
38437,102,104,-2,2
38438,126,122,4,4
38439,98,96,2,2
38440,63,59,4,4
38441,72,76,-4,4
38442,88,93,-5,5
38443,64,66,-2,2
38444,107,111,-4,4
38445,89,77,12,12
38446,93,91,2,2
38447,146,134,12,12
38448,101,105,-4,4
38449,87,82,5,5
38450,97,94,3,3
38451,78,63,15,15
38452,130,111,19,19
38453,85,71,14,14
38454,77,71,6,6
38455,44,51,-7,7
38456,96,89,7,7
38457,89,80,9,9
38458,117,112,5,5
38459,41,51,-10,10
38460,113,112,1,1
38461,103,82,21,21
38462,161,143,18,18
38463,196,181,15,15
38464,64,69,-5,5
38465,82,74,8,8
38466,66,90,-24,24
38467,80,75,5,5
38468,54,59,-5,5
38469,104,107,-3,3
38470,55,55,0,0
38471,57,55,2,2
38472,49,55,-6,6
38473,70,68,2,2
38474,74,79,-5,5
38475,33,58,-25,25
38476,83,87,-4,4
38477,89,86,3,3
38478,102,91,11,11
38479,156,153,3,3
38480,36,54,-18,18
38481,62,58,4,4
38482,102,92,10,10
38483,87,94,-7,7
38484,50,54,-4,4
38485,89,95,-6,6
38486,100,94,6,6
38487,98,84,14,14
38488,56,58,-2,2
38489,75,69,6,6
38490,98,82,16,16
38491,117,105,12,12
38492,235,200,35,35
38493,54,54,0,0
38494,68,59,9,9
38495,116,120,-4,4
38496,32,52,-20,20
38497,55,54,1,1
38498,82,81,1,1
38499,119,112,7,7
38500,183,175,8,8
38501,112,82,30,30
38502,57,67,-10,10
38503,120,112,8,8
38504,77,82,-5,5
38505,68,74,-6,6
38506,126,115,11,11
38507,68,62,6,6
38508,103,91,12,12
38509,110,114,-4,4
38510,122,98,24,24
38511,100,111,-11,11
38512,74,73,1,1
38513,185,156,29,29
38514,118,123,-5,5
38515,41,55,-14,14
38516,91,89,2,2
38517,83,71,12,12
38518,79,84,-5,5
38519,82,69,13,13
38520,84,86,-2,2
38521,70,61,9,9
38522,97,101,-4,4
38523,99,96,3,3
38524,108,100,8,8
38525,85,81,4,4
38526,132,123,9,9
38527,99,94,5,5
38528,62,55,7,7
38529,80,75,5,5
38530,96,83,13,13
38531,98,85,13,13
38532,109,106,3,3
38533,124,124,0,0
38534,101,107,-6,6
38535,118,116,2,2
38536,57,56,1,1
38537,79,80,-1,1
38538,86,86,0,0
38539,77,73,4,4
38540,132,118,14,14
38541,74,63,11,11
38542,108,100,8,8
38543,137,119,18,18
38544,102,100,2,2
38545,150,138,12,12
38546,51,54,-3,3
38547,77,71,6,6
38548,59,55,4,4
38549,42,54,-12,12
38550,141,135,6,6
38551,132,119,13,13
38552,67,62,5,5
38553,108,101,7,7
38554,144,143,1,1
38555,69,68,1,1
38556,85,79,6,6
38557,64,63,1,1
38558,65,65,0,0
38559,221,201,20,20
38560,70,69,1,1
38561,56,55,1,1
38562,62,61,1,1
38563,88,101,-13,13
38564,108,109,-1,1
38565,178,154,24,24
38566,74,67,7,7
38567,85,92,-7,7
38568,61,65,-4,4
38569,111,76,35,35
38570,103,105,-2,2
38571,110,104,6,6
38572,74,68,6,6
38573,172,155,17,17
38574,87,97,-10,10
38575,141,140,1,1
38576,86,76,10,10
38577,89,97,-8,8
38578,106,86,20,20
38579,103,95,8,8
38580,115,96,19,19
38581,61,64,-3,3
38582,102,101,1,1
38583,64,62,2,2
38584,121,109,12,12
38585,61,64,-3,3
38586,75,70,5,5
38587,43,53,-10,10
38588,84,76,8,8
38589,118,111,7,7
38590,50,56,-6,6
38591,81,65,16,16
38592,160,145,15,15
38593,121,108,13,13
38594,77,75,2,2
38595,124,116,8,8
38596,140,124,16,16
38597,56,58,-2,2
38598,92,82,10,10
38599,99,93,6,6
38600,169,153,16,16
38601,102,108,-6,6
38602,149,141,8,8
38603,161,161,0,0
38604,73,76,-3,3
38605,81,79,2,2
38606,76,73,3,3
38607,131,117,14,14
38608,155,155,0,0
38609,87,84,3,3
38610,62,59,3,3
38611,87,71,16,16
38612,78,83,-5,5
38613,74,72,2,2
38614,49,71,-22,22
38615,92,85,7,7
38616,133,124,9,9
38617,149,138,11,11
38618,120,119,1,1
38619,89,79,10,10
38620,102,96,6,6
38621,62,63,-1,1
38622,57,55,2,2
38623,43,61,-18,18
38624,72,72,0,0
38625,58,61,-3,3
38626,66,61,5,5
38627,73,76,-3,3
38628,112,91,21,21
38629,158,138,20,20
38630,70,80,-10,10
38631,136,125,11,11
38632,85,79,6,6
38633,37,52,-15,15
38634,87,89,-2,2
38635,130,130,0,0
38636,88,88,0,0
38637,57,59,-2,2
38638,117,109,8,8
38639,105,93,12,12
38640,75,75,0,0
38641,153,144,9,9
38642,90,99,-9,9
38643,130,114,16,16
38644,86,85,1,1
38645,124,125,-1,1
38646,83,82,1,1
38647,145,125,20,20
38648,77,77,0,0
38649,64,63,1,1
38650,129,122,7,7
38651,109,96,13,13
38652,94,85,9,9
38653,84,77,7,7
38654,64,61,3,3
38655,90,87,3,3
38656,171,156,15,15
38657,93,95,-2,2
38658,121,122,-1,1
38659,72,76,-4,4
38660,72,78,-6,6
38661,85,82,3,3
38662,86,77,9,9
38663,93,92,1,1
38664,94,78,16,16
38665,118,116,2,2
38666,72,59,13,13
38667,64,61,3,3
38668,127,108,19,19
38669,64,59,5,5
38670,75,72,3,3
38671,57,60,-3,3
38672,61,61,0,0
38673,74,83,-9,9
38674,53,65,-12,12
38675,80,81,-1,1
38676,83,79,4,4
38677,124,116,8,8
38678,81,85,-4,4
38679,84,88,-4,4
38680,128,112,16,16
38681,93,90,3,3
38682,79,82,-3,3
38683,81,95,-14,14
38684,81,79,2,2
38685,104,102,2,2
38686,82,79,3,3
38687,84,67,17,17
38688,71,70,1,1
38689,62,59,3,3
38690,66,68,-2,2
38691,63,62,1,1
38692,77,75,2,2
38693,56,57,-1,1
38694,155,143,12,12
38695,143,126,17,17
38696,75,72,3,3
38697,92,97,-5,5
38698,108,101,7,7
38699,105,98,7,7
38700,63,58,5,5
38701,117,111,6,6
38702,123,103,20,20
38703,69,72,-3,3
38704,119,121,-2,2
38705,92,99,-7,7
38706,94,87,7,7
38707,80,78,2,2
38708,101,94,7,7
38709,150,141,9,9
38710,92,82,10,10
38711,97,91,6,6
38712,100,96,4,4
38713,74,86,-12,12
38714,157,147,10,10
38715,65,69,-4,4
38716,97,89,8,8
38717,79,76,3,3
38718,86,82,4,4
38719,91,82,9,9
38720,51,53,-2,2
38721,110,108,2,2
38722,106,102,4,4
38723,50,56,-6,6
38724,76,70,6,6
38725,126,117,9,9
38726,73,71,2,2
38727,80,81,-1,1
38728,90,81,9,9
38729,94,76,18,18
38730,99,93,6,6
38731,140,126,14,14
38732,92,87,5,5
38733,96,94,2,2
38734,107,104,3,3
38735,120,107,13,13
38736,141,136,5,5
38737,58,60,-2,2
38738,99,93,6,6
38739,75,71,4,4
38740,118,103,15,15
38741,93,92,1,1
38742,104,88,16,16
38743,81,81,0,0
38744,107,97,10,10
38745,91,107,-16,16
38746,87,85,2,2
38747,53,61,-8,8
38748,147,137,10,10
38749,108,97,11,11
38750,76,72,4,4
38751,59,58,1,1
38752,85,91,-6,6
38753,82,78,4,4
38754,57,58,-1,1
38755,37,52,-15,15
38756,129,125,4,4
38757,57,56,1,1
38758,67,67,0,0
38759,76,69,7,7
38760,85,77,8,8
38761,130,119,11,11
38762,106,99,7,7
38763,104,111,-7,7
38764,88,88,0,0
38765,65,59,6,6
38766,75,73,2,2
38767,145,129,16,16
38768,149,139,10,10
38769,44,53,-9,9
38770,69,62,7,7
38771,93,92,1,1
38772,78,73,5,5
38773,63,65,-2,2
38774,78,83,-5,5
38775,85,78,7,7
38776,55,54,1,1
38777,73,86,-13,13
38778,107,101,6,6
38779,131,123,8,8
38780,87,84,3,3
38781,40,55,-15,15
38782,139,116,23,23
38783,85,87,-2,2
38784,163,164,-1,1
38785,64,68,-4,4
38786,193,172,21,21
38787,86,92,-6,6
38788,98,96,2,2
38789,51,57,-6,6
38790,128,119,9,9
38791,141,120,21,21
38792,84,80,4,4
38793,142,131,11,11
38794,59,64,-5,5
38795,108,96,12,12
38796,39,53,-14,14
38797,156,145,11,11
38798,107,108,-1,1
38799,99,102,-3,3
38800,166,147,19,19
38801,85,80,5,5
38802,84,82,2,2
38803,98,91,7,7
38804,76,68,8,8
38805,138,121,17,17
38806,93,85,8,8
38807,182,150,32,32
38808,149,128,21,21
38809,132,116,16,16
38810,127,113,14,14
38811,70,68,2,2
38812,57,56,1,1
38813,176,173,3,3
38814,68,67,1,1
38815,46,52,-6,6
38816,66,64,2,2
38817,113,117,-4,4
38818,135,133,2,2
38819,48,53,-5,5
38820,135,126,9,9
38821,70,72,-2,2
38822,91,91,0,0
38823,125,115,10,10
38824,109,91,18,18
38825,53,55,-2,2
38826,91,88,3,3
38827,70,66,4,4
38828,65,70,-5,5
38829,125,108,17,17
38830,72,69,3,3
38831,103,98,5,5
38832,103,80,23,23
38833,101,77,24,24
38834,117,119,-2,2
38835,63,62,1,1
38836,164,157,7,7
38837,57,64,-7,7
38838,120,116,4,4
38839,133,122,11,11
38840,83,86,-3,3
38841,64,64,0,0
38842,102,93,9,9
38843,70,65,5,5
38844,124,125,-1,1
38845,106,92,14,14
38846,156,141,15,15
38847,67,68,-1,1
38848,147,139,8,8
38849,113,114,-1,1
38850,121,117,4,4
38851,97,92,5,5
38852,59,65,-6,6
38853,50,62,-12,12
38854,118,103,15,15
38855,56,55,1,1
38856,87,76,11,11
38857,89,94,-5,5
38858,65,68,-3,3
38859,62,61,1,1
38860,138,130,8,8
38861,149,142,7,7
38862,69,63,6,6
38863,76,79,-3,3
38864,65,71,-6,6
38865,70,64,6,6
38866,133,135,-2,2
38867,77,74,3,3
38868,93,93,0,0
38869,105,131,-26,26
38870,67,69,-2,2
38871,84,76,8,8
38872,83,92,-9,9
38873,46,52,-6,6
38874,102,95,7,7
38875,80,73,7,7
38876,106,102,4,4
38877,91,91,0,0
38878,70,63,7,7
38879,213,185,28,28
38880,84,83,1,1
38881,124,104,20,20
38882,113,104,9,9
38883,89,89,0,0
38884,112,104,8,8
38885,78,71,7,7
38886,60,57,3,3
38887,119,104,15,15
38888,58,59,-1,1
38889,109,96,13,13
38890,113,130,-17,17
38891,101,84,17,17
38892,61,57,4,4
38893,76,74,2,2
38894,84,79,5,5
38895,86,87,-1,1
38896,108,98,10,10
38897,102,87,15,15
38898,151,142,9,9
38899,66,65,1,1
38900,71,64,7,7
38901,66,69,-3,3
38902,131,126,5,5
38903,49,53,-4,4
38904,99,102,-3,3
38905,69,74,-5,5
38906,72,60,12,12
38907,179,152,27,27
38908,152,140,12,12
38909,70,70,0,0
38910,63,65,-2,2
38911,104,103,1,1
38912,22,61,-39,39
38913,105,100,5,5
38914,174,162,12,12
38915,123,118,5,5
38916,34,51,-17,17
38917,76,76,0,0
38918,114,105,9,9
38919,84,96,-12,12
38920,114,97,17,17
38921,236,191,45,45
38922,86,88,-2,2
38923,91,79,12,12
38924,109,107,2,2
38925,99,85,14,14
38926,79,66,13,13
38927,51,55,-4,4
38928,201,176,25,25
38929,60,57,3,3
38930,89,91,-2,2
38931,84,82,2,2
38932,40,54,-14,14
38933,68,63,5,5
38934,58,60,-2,2
38935,73,69,4,4
38936,121,117,4,4
38937,55,54,1,1
38938,91,90,1,1
38939,57,60,-3,3
38940,68,59,9,9
38941,93,72,21,21
38942,59,63,-4,4
38943,76,68,8,8
38944,99,101,-2,2
38945,85,97,-12,12
38946,113,101,12,12
38947,107,93,14,14
38948,184,165,19,19
38949,80,75,5,5
38950,99,92,7,7
38951,180,158,22,22
38952,94,101,-7,7
38953,37,52,-15,15
38954,59,67,-8,8
38955,65,62,3,3
38956,93,92,1,1
38957,88,89,-1,1
38958,92,93,-1,1
38959,128,110,18,18
38960,111,112,-1,1
38961,128,162,-34,34
38962,48,55,-7,7
38963,116,119,-3,3
38964,54,55,-1,1
38965,57,65,-8,8
38966,61,64,-3,3
38967,79,77,2,2
38968,61,59,2,2
38969,122,117,5,5
38970,89,84,5,5
38971,121,108,13,13
38972,119,109,10,10
38973,108,118,-10,10
38974,100,100,0,0
38975,58,57,1,1
38976,106,91,15,15
38977,88,89,-1,1
38978,103,87,16,16
38979,31,53,-22,22
38980,34,55,-21,21
38981,87,84,3,3
38982,111,105,6,6
38983,101,99,2,2
38984,41,54,-13,13
38985,60,66,-6,6
38986,115,109,6,6
38987,136,130,6,6
38988,74,65,9,9
38989,84,72,12,12
38990,110,103,7,7
38991,73,73,0,0
38992,126,114,12,12
38993,77,71,6,6
38994,129,121,8,8
38995,123,120,3,3
38996,99,89,10,10
38997,88,66,22,22
38998,61,67,-6,6
38999,74,72,2,2
39000,107,97,10,10
39001,122,108,14,14
39002,60,61,-1,1
39003,188,174,14,14
39004,84,74,10,10
39005,146,143,3,3
39006,154,148,6,6
39007,114,113,1,1
39008,117,109,8,8
39009,163,158,5,5
39010,74,72,2,2
39011,113,105,8,8
39012,68,71,-3,3
39013,137,126,11,11
39014,86,87,-1,1
39015,136,133,3,3
39016,77,70,7,7
39017,156,138,18,18
39018,146,130,16,16
39019,62,57,5,5
39020,66,73,-7,7
39021,121,119,2,2
39022,161,137,24,24
39023,102,107,-5,5
39024,67,61,6,6
39025,129,125,4,4
39026,120,122,-2,2
39027,174,162,12,12
39028,179,161,18,18
39029,92,84,8,8
39030,112,109,3,3
39031,110,96,14,14
39032,97,96,1,1
39033,68,61,7,7
39034,117,116,1,1
39035,155,136,19,19
39036,60,60,0,0
39037,167,137,30,30
39038,115,109,6,6
39039,134,130,4,4
39040,48,56,-8,8
39041,89,76,13,13
39042,42,55,-13,13
39043,31,52,-21,21
39044,105,96,9,9
39045,138,124,14,14
39046,97,82,15,15
39047,83,80,3,3
39048,54,59,-5,5
39049,65,62,3,3
39050,94,98,-4,4
39051,86,82,4,4
39052,88,92,-4,4
39053,63,58,5,5
39054,144,135,9,9
39055,62,60,2,2
39056,63,75,-12,12
39057,98,93,5,5
39058,60,58,2,2
39059,49,53,-4,4
39060,96,86,10,10
39061,71,73,-2,2
39062,120,107,13,13
39063,150,121,29,29
39064,80,74,6,6
39065,58,58,0,0
39066,64,68,-4,4
39067,140,133,7,7
39068,124,124,0,0
39069,97,85,12,12
39070,161,133,28,28
39071,50,61,-11,11
39072,101,102,-1,1
39073,44,54,-10,10
39074,99,100,-1,1
39075,171,149,22,22
39076,43,52,-9,9
39077,93,101,-8,8
39078,139,131,8,8
39079,120,112,8,8
39080,98,104,-6,6
39081,101,101,0,0
39082,80,74,6,6
39083,63,56,7,7
39084,149,142,7,7
39085,132,117,15,15
39086,71,69,2,2
39087,92,95,-3,3
39088,61,72,-11,11
39089,110,108,2,2
39090,67,63,4,4
39091,38,73,-35,35
39092,89,105,-16,16
39093,86,87,-1,1
39094,157,163,-6,6
39095,63,69,-6,6
39096,56,58,-2,2
39097,96,98,-2,2
39098,58,61,-3,3
39099,164,152,12,12
39100,107,102,5,5
39101,131,118,13,13
39102,119,109,10,10
39103,103,101,2,2
39104,58,58,0,0
39105,158,137,21,21
39106,148,128,20,20
39107,107,109,-2,2
39108,108,93,15,15
39109,85,70,15,15
39110,76,79,-3,3
39111,72,62,10,10
39112,133,125,8,8
39113,71,69,2,2
39114,90,78,12,12
39115,105,100,5,5
39116,107,107,0,0
39117,84,81,3,3
39118,67,70,-3,3
39119,154,142,12,12
39120,63,74,-11,11
39121,182,151,31,31
39122,130,119,11,11
39123,126,124,2,2
39124,135,123,12,12
39125,86,83,3,3
39126,90,92,-2,2
39127,69,65,4,4
39128,99,104,-5,5
39129,81,84,-3,3
39130,92,88,4,4
39131,83,79,4,4
39132,76,67,9,9
39133,79,70,9,9
39134,59,62,-3,3
39135,100,97,3,3
39136,60,67,-7,7
39137,76,77,-1,1
39138,110,96,14,14
39139,112,106,6,6
39140,93,93,0,0
39141,101,100,1,1
39142,107,108,-1,1
39143,180,159,21,21
39144,109,105,4,4
39145,85,75,10,10
39146,123,113,10,10
39147,90,89,1,1
39148,118,113,5,5
39149,108,97,11,11
39150,95,89,6,6
39151,119,107,12,12
39152,115,93,22,22
39153,145,130,15,15
39154,46,60,-14,14
39155,59,63,-4,4
39156,127,127,0,0
39157,114,108,6,6
39158,101,98,3,3
39159,134,124,10,10
39160,99,95,4,4
39161,143,131,12,12
39162,136,126,10,10
39163,152,139,13,13
39164,103,97,6,6
39165,79,75,4,4
39166,83,77,6,6
39167,125,109,16,16
39168,74,88,-14,14
39169,44,53,-9,9
39170,100,102,-2,2
39171,111,107,4,4
39172,65,59,6,6
39173,102,96,6,6
39174,109,100,9,9
39175,80,69,11,11
39176,117,109,8,8
39177,121,112,9,9
39178,154,138,16,16
39179,55,58,-3,3
39180,90,91,-1,1
39181,137,112,25,25
39182,53,57,-4,4
39183,137,134,3,3
39184,64,62,2,2
39185,133,116,17,17
39186,38,51,-13,13
39187,105,87,18,18
39188,45,53,-8,8
39189,133,119,14,14
39190,121,117,4,4
39191,138,122,16,16
39192,84,71,13,13
39193,79,78,1,1
39194,48,55,-7,7
39195,51,62,-11,11
39196,90,89,1,1
39197,79,74,5,5
39198,73,67,6,6
39199,82,71,11,11
39200,90,92,-2,2
39201,98,74,24,24
39202,56,59,-3,3
39203,100,90,10,10
39204,55,66,-11,11
39205,116,122,-6,6
39206,61,57,4,4
39207,77,71,6,6
39208,131,121,10,10
39209,115,114,1,1
39210,94,84,10,10
39211,80,75,5,5
39212,57,59,-2,2
39213,112,102,10,10
39214,98,89,9,9
39215,136,132,4,4
39216,125,107,18,18
39217,90,95,-5,5
39218,81,81,0,0
39219,123,115,8,8
39220,114,115,-1,1
39221,35,68,-33,33
39222,55,58,-3,3
39223,110,103,7,7
39224,52,54,-2,2
39225,191,165,26,26
39226,48,57,-9,9
39227,70,61,9,9
39228,116,111,5,5
39229,114,112,2,2
39230,71,72,-1,1
39231,130,115,15,15
39232,92,88,4,4
39233,111,110,1,1
39234,150,140,10,10
39235,112,127,-15,15
39236,85,83,2,2
39237,75,72,3,3
39238,64,62,2,2
39239,65,64,1,1
39240,164,150,14,14
39241,63,69,-6,6
39242,105,102,3,3
39243,96,93,3,3
39244,102,84,18,18
39245,84,70,14,14
39246,72,78,-6,6
39247,118,117,1,1
39248,110,104,6,6
39249,81,80,1,1
39250,109,111,-2,2
39251,76,66,10,10
39252,64,63,1,1
39253,133,115,18,18
39254,143,124,19,19
39255,72,72,0,0
39256,74,81,-7,7
39257,41,53,-12,12
39258,65,64,1,1
39259,73,66,7,7
39260,63,68,-5,5
39261,175,153,22,22
39262,85,93,-8,8
39263,82,77,5,5
39264,48,53,-5,5
39265,97,88,9,9
39266,86,90,-4,4
39267,66,66,0,0
39268,80,74,6,6
39269,84,84,0,0
39270,90,86,4,4
39271,76,82,-6,6
39272,90,91,-1,1
39273,128,127,1,1
39274,76,83,-7,7
39275,84,80,4,4
39276,116,113,3,3
39277,72,74,-2,2
39278,88,78,10,10
39279,58,60,-2,2
39280,80,74,6,6
39281,122,109,13,13
39282,84,89,-5,5
39283,62,62,0,0
39284,78,69,9,9
39285,113,108,5,5
39286,152,138,14,14
39287,68,69,-1,1
39288,72,65,7,7
39289,104,103,1,1
39290,100,95,5,5
39291,92,83,9,9
39292,95,78,17,17
39293,66,60,6,6
39294,78,80,-2,2
39295,117,102,15,15
39296,109,86,23,23
39297,157,139,18,18
39298,100,82,18,18
39299,101,90,11,11
39300,68,59,9,9
39301,137,115,22,22
39302,144,144,0,0
39303,152,143,9,9
39304,121,105,16,16
39305,83,82,1,1
39306,86,97,-11,11
39307,72,63,9,9
39308,82,91,-9,9
39309,115,104,11,11
39310,44,52,-8,8
39311,130,131,-1,1
39312,84,82,2,2
39313,104,96,8,8
39314,70,63,7,7
39315,152,123,29,29
39316,66,65,1,1
39317,137,110,27,27
39318,86,80,6,6
39319,130,106,24,24
39320,105,91,14,14
39321,79,76,3,3
39322,79,74,5,5
39323,68,62,6,6
39324,86,79,7,7
39325,90,95,-5,5
39326,174,151,23,23
39327,41,52,-11,11
39328,109,95,14,14
39329,98,89,9,9
39330,79,81,-2,2
39331,107,110,-3,3
39332,138,130,8,8
39333,49,52,-3,3
39334,68,74,-6,6
39335,465,375,90,90
39336,102,88,14,14
39337,108,109,-1,1
39338,98,98,0,0
39339,70,60,10,10
39340,90,87,3,3
39341,103,100,3,3
39342,84,68,16,16
39343,128,131,-3,3
39344,205,180,25,25
39345,149,131,18,18
39346,51,57,-6,6
39347,64,66,-2,2
39348,155,135,20,20
39349,61,64,-3,3
39350,91,86,5,5
39351,69,74,-5,5
39352,51,62,-11,11
39353,59,56,3,3
39354,110,95,15,15
39355,145,125,20,20
39356,86,94,-8,8
39357,192,178,14,14
39358,80,66,14,14
39359,62,59,3,3
39360,116,115,1,1
39361,94,99,-5,5
39362,60,57,3,3
39363,128,139,-11,11
39364,129,123,6,6
39365,111,109,2,2
39366,137,127,10,10
39367,164,140,24,24
39368,119,108,11,11
39369,90,84,6,6
39370,114,115,-1,1
39371,26,52,-26,26
39372,107,107,0,0
39373,68,65,3,3
39374,118,117,1,1
39375,124,112,12,12
39376,170,154,16,16
39377,61,62,-1,1
39378,136,133,3,3
39379,196,149,47,47
39380,87,71,16,16
39381,95,104,-9,9
39382,108,106,2,2
39383,151,139,12,12
39384,67,66,1,1
39385,149,139,10,10
39386,113,104,9,9
39387,50,71,-21,21
39388,79,84,-5,5
39389,103,99,4,4
39390,80,74,6,6
39391,172,164,8,8
39392,105,110,-5,5
39393,82,81,1,1
39394,47,54,-7,7
39395,54,56,-2,2
39396,80,71,9,9
39397,64,59,5,5
39398,150,135,15,15
39399,134,122,12,12
39400,61,68,-7,7
39401,108,102,6,6
39402,116,116,0,0
39403,101,115,-14,14
39404,81,78,3,3
39405,90,91,-1,1
39406,71,71,0,0
39407,119,112,7,7
39408,133,130,3,3
39409,125,127,-2,2
39410,70,64,6,6
39411,182,160,22,22
39412,114,118,-4,4
39413,136,145,-9,9
39414,76,76,0,0
39415,114,98,16,16
39416,46,54,-8,8
39417,97,108,-11,11
39418,70,73,-3,3
39419,63,55,8,8
39420,100,90,10,10
39421,114,102,12,12
39422,52,53,-1,1
39423,130,128,2,2
39424,108,93,15,15
39425,133,115,18,18
39426,26,53,-27,27
39427,75,74,1,1
39428,112,113,-1,1
39429,73,63,10,10
39430,44,54,-10,10
39431,75,72,3,3
39432,93,90,3,3
39433,60,71,-11,11
39434,83,79,4,4
39435,140,126,14,14
39436,100,101,-1,1
39437,107,94,13,13
39438,95,75,20,20
39439,111,96,15,15
39440,112,101,11,11
39441,67,70,-3,3
39442,52,55,-3,3
39443,113,96,17,17
39444,77,73,4,4
39445,135,127,8,8
39446,61,58,3,3
39447,58,67,-9,9
39448,60,62,-2,2
39449,100,93,7,7
39450,49,56,-7,7
39451,71,66,5,5
39452,104,102,2,2
39453,49,54,-5,5
39454,141,131,10,10
39455,113,111,2,2
39456,74,66,8,8
39457,135,131,4,4
39458,61,64,-3,3
39459,115,112,3,3
39460,89,94,-5,5
39461,76,73,3,3
39462,111,117,-6,6
39463,61,68,-7,7
39464,54,57,-3,3
39465,95,99,-4,4
39466,125,120,5,5
39467,168,159,9,9
39468,71,65,6,6
39469,80,75,5,5
39470,224,209,15,15
39471,87,87,0,0
39472,65,64,1,1
39473,130,132,-2,2
39474,111,110,1,1
39475,76,68,8,8
39476,111,100,11,11
39477,88,93,-5,5
39478,97,93,4,4
39479,118,115,3,3
39480,93,77,16,16
39481,131,117,14,14
39482,82,82,0,0
39483,153,137,16,16
39484,76,78,-2,2
39485,105,111,-6,6
39486,38,51,-13,13
39487,56,67,-11,11
39488,75,71,4,4
39489,40,56,-16,16
39490,139,135,4,4
39491,78,92,-14,14
39492,72,70,2,2
39493,123,127,-4,4
39494,71,64,7,7
39495,144,136,8,8
39496,51,57,-6,6
39497,63,62,1,1
39498,51,56,-5,5
39499,98,90,8,8
39500,83,78,5,5
39501,75,87,-12,12
39502,108,106,2,2
39503,100,89,11,11
39504,61,55,6,6
39505,76,74,2,2
39506,156,218,-62,62
39507,69,66,3,3
39508,219,203,16,16
39509,112,110,2,2
39510,86,88,-2,2
39511,53,56,-3,3
39512,108,102,6,6
39513,82,78,4,4
39514,89,77,12,12
39515,125,113,12,12
39516,96,113,-17,17
39517,113,106,7,7
39518,61,68,-7,7
39519,39,53,-14,14
39520,65,75,-10,10
39521,101,97,4,4
39522,188,160,28,28
39523,73,66,7,7
39524,51,63,-12,12
39525,126,121,5,5
39526,95,113,-18,18
39527,85,100,-15,15
39528,112,107,5,5
39529,117,117,0,0
39530,109,91,18,18
39531,47,59,-12,12
39532,63,72,-9,9
39533,92,90,2,2
39534,78,75,3,3
39535,100,89,11,11
39536,137,119,18,18
39537,163,147,16,16
39538,74,77,-3,3
39539,64,72,-8,8
39540,87,71,16,16
39541,87,87,0,0
39542,120,124,-4,4
39543,129,116,13,13
39544,137,127,10,10
39545,65,61,4,4
39546,67,64,3,3
39547,83,82,1,1
39548,91,84,7,7
39549,88,79,9,9
39550,47,56,-9,9
39551,119,115,4,4
39552,76,73,3,3
39553,96,90,6,6
39554,69,74,-5,5
39555,91,87,4,4
39556,95,93,2,2
39557,89,95,-6,6
39558,89,80,9,9
39559,106,102,4,4
39560,86,67,19,19
39561,119,106,13,13
39562,76,79,-3,3
39563,95,85,10,10
39564,93,85,8,8
39565,93,77,16,16
39566,87,84,3,3
39567,142,140,2,2
39568,81,78,3,3
39569,54,54,0,0
39570,131,118,13,13
39571,53,55,-2,2
39572,132,126,6,6
39573,83,81,2,2
39574,77,65,12,12
39575,86,89,-3,3
39576,135,121,14,14
39577,114,108,6,6
39578,75,84,-9,9
39579,62,70,-8,8
39580,96,88,8,8
39581,88,80,8,8
39582,58,58,0,0
39583,55,58,-3,3
39584,70,66,4,4
39585,162,142,20,20
39586,98,85,13,13
39587,73,66,7,7
39588,52,57,-5,5
39589,86,81,5,5
39590,133,114,19,19
39591,102,100,2,2
39592,137,130,7,7
39593,58,55,3,3
39594,94,77,17,17
39595,158,140,18,18
39596,88,86,2,2
39597,81,86,-5,5
39598,88,73,15,15
39599,170,167,3,3
39600,132,123,9,9
39601,160,150,10,10
39602,69,69,0,0
39603,78,77,1,1
39604,47,64,-17,17
39605,122,115,7,7
39606,46,61,-15,15
39607,81,83,-2,2
39608,173,167,6,6
39609,36,99,-63,63
39610,84,73,11,11
39611,118,98,20,20
39612,113,99,14,14
39613,162,149,13,13
39614,98,101,-3,3
39615,96,90,6,6
39616,71,71,0,0
39617,68,64,4,4
39618,85,77,8,8
39619,34,60,-26,26
39620,69,75,-6,6
39621,69,71,-2,2
39622,128,116,12,12
39623,99,101,-2,2
39624,121,118,3,3
39625,179,154,25,25
39626,92,95,-3,3
39627,171,165,6,6
39628,94,92,2,2
39629,112,112,0,0
39630,79,69,10,10
39631,57,63,-6,6
39632,72,79,-7,7
39633,161,135,26,26
39634,132,123,9,9
39635,126,112,14,14
39636,78,80,-2,2
39637,72,67,5,5
39638,88,91,-3,3
39639,93,87,6,6
39640,56,55,1,1
39641,179,159,20,20
39642,99,89,10,10
39643,143,124,19,19
39644,25,51,-26,26
39645,85,77,8,8
39646,50,54,-4,4
39647,110,101,9,9
39648,133,119,14,14
39649,103,92,11,11
39650,149,139,10,10
39651,146,143,3,3
39652,65,68,-3,3
39653,117,127,-10,10
39654,53,54,-1,1
39655,155,136,19,19
39656,127,121,6,6
39657,87,87,0,0
39658,167,146,21,21
39659,74,69,5,5
39660,65,68,-3,3
39661,50,56,-6,6
39662,109,103,6,6
39663,65,62,3,3
39664,98,89,9,9
39665,128,118,10,10
39666,132,125,7,7
39667,174,167,7,7
39668,81,79,2,2
39669,69,66,3,3
39670,77,69,8,8
39671,69,66,3,3
39672,68,69,-1,1
39673,132,130,2,2
39674,152,158,-6,6
39675,87,85,2,2
39676,30,55,-25,25
39677,98,87,11,11
39678,99,91,8,8
39679,116,113,3,3
39680,100,94,6,6
39681,137,121,16,16
39682,63,63,0,0
39683,82,87,-5,5
39684,99,111,-12,12
39685,58,59,-1,1
39686,68,69,-1,1
39687,121,110,11,11
39688,91,77,14,14
39689,61,76,-15,15
39690,46,56,-10,10
39691,107,112,-5,5
39692,80,76,4,4
39693,78,79,-1,1
39694,83,75,8,8
39695,139,130,9,9
39696,113,111,2,2
39697,109,111,-2,2
39698,168,153,15,15
39699,148,133,15,15
39700,90,80,10,10
39701,49,55,-6,6
39702,91,95,-4,4
39703,48,53,-5,5
39704,99,101,-2,2
39705,125,124,1,1
39706,77,92,-15,15
39707,89,85,4,4
39708,85,74,11,11
39709,85,78,7,7
39710,60,65,-5,5
39711,100,94,6,6
39712,61,62,-1,1
39713,87,84,3,3
39714,79,79,0,0
39715,48,54,-6,6
39716,90,96,-6,6
39717,85,79,6,6
39718,77,69,8,8
39719,56,60,-4,4
39720,55,55,0,0
39721,148,134,14,14
39722,108,98,10,10
39723,69,62,7,7
39724,151,135,16,16
39725,98,79,19,19
39726,87,86,1,1
39727,76,71,5,5
39728,84,77,7,7
39729,39,53,-14,14
39730,105,99,6,6
39731,68,90,-22,22
39732,58,69,-11,11
39733,81,78,3,3
39734,108,109,-1,1
39735,98,98,0,0
39736,148,126,22,22
39737,71,72,-1,1
39738,108,98,10,10
39739,68,72,-4,4
39740,82,82,0,0
39741,159,139,20,20
39742,109,95,14,14
39743,113,104,9,9
39744,106,100,6,6
39745,124,111,13,13
39746,74,71,3,3
39747,23,51,-28,28
39748,94,85,9,9
39749,69,67,2,2
39750,63,68,-5,5
39751,49,59,-10,10
39752,83,76,7,7
39753,65,60,5,5
39754,122,90,32,32
39755,110,104,6,6
39756,145,136,9,9
39757,128,109,19,19
39758,61,56,5,5
39759,135,123,12,12
39760,62,54,8,8
39761,143,117,26,26
39762,59,61,-2,2
39763,133,126,7,7
39764,84,89,-5,5
39765,127,119,8,8
39766,75,69,6,6
39767,128,118,10,10
39768,85,89,-4,4
39769,127,109,18,18
39770,66,73,-7,7
39771,45,58,-13,13
39772,89,87,2,2
39773,82,76,6,6
39774,98,89,9,9
39775,51,71,-20,20
39776,112,113,-1,1
39777,70,70,0,0
39778,75,58,17,17
39779,97,92,5,5
39780,59,74,-15,15
39781,51,53,-2,2
39782,53,56,-3,3
39783,56,68,-12,12
39784,67,58,9,9
39785,66,69,-3,3
39786,89,83,6,6
39787,94,79,15,15
39788,77,80,-3,3
39789,41,53,-12,12
39790,85,82,3,3
39791,72,67,5,5
39792,108,106,2,2
39793,105,100,5,5
39794,67,68,-1,1
39795,97,90,7,7
39796,76,73,3,3
39797,133,138,-5,5
39798,93,88,5,5
39799,40,52,-12,12
39800,66,60,6,6
39801,43,54,-11,11
39802,145,131,14,14
39803,135,115,20,20
39804,64,66,-2,2
39805,76,88,-12,12
39806,55,55,0,0
39807,78,70,8,8
39808,103,96,7,7
39809,141,139,2,2
39810,152,145,7,7
39811,110,118,-8,8
39812,122,110,12,12
39813,78,77,1,1
39814,82,78,4,4
39815,104,87,17,17
39816,112,103,9,9
39817,69,63,6,6
39818,48,53,-5,5
39819,60,63,-3,3
39820,54,54,0,0
39821,128,114,14,14
39822,61,56,5,5
39823,108,118,-10,10
39824,86,85,1,1
39825,74,79,-5,5
39826,168,150,18,18
39827,76,69,7,7
39828,80,77,3,3
39829,96,87,9,9
39830,74,68,6,6
39831,59,55,4,4
39832,143,134,9,9
39833,68,57,11,11
39834,76,76,0,0
39835,97,97,0,0
39836,66,66,0,0
39837,94,88,6,6
39838,159,145,14,14
39839,76,63,13,13
39840,121,119,2,2
39841,123,123,0,0
39842,80,78,2,2
39843,77,75,2,2
39844,52,58,-6,6
39845,115,117,-2,2
39846,180,152,28,28
39847,70,66,4,4
39848,79,78,1,1
39849,112,97,15,15
39850,89,89,0,0
39851,83,79,4,4
39852,108,110,-2,2
39853,67,66,1,1
39854,86,80,6,6
39855,82,83,-1,1
39856,156,142,14,14
39857,141,124,17,17
39858,154,142,12,12
39859,63,60,3,3
39860,52,55,-3,3
39861,122,109,13,13
39862,69,75,-6,6
39863,93,87,6,6
39864,106,109,-3,3
39865,76,84,-8,8
39866,97,84,13,13
39867,96,93,3,3
39868,116,113,3,3
39869,98,94,4,4
39870,89,83,6,6
39871,137,132,5,5
39872,88,71,17,17
39873,115,112,3,3
39874,135,128,7,7
39875,99,97,2,2
39876,68,71,-3,3
39877,98,94,4,4
39878,119,111,8,8
39879,77,70,7,7
39880,74,79,-5,5
39881,115,108,7,7
39882,67,66,1,1
39883,79,81,-2,2
39884,107,106,1,1
39885,83,80,3,3
39886,74,78,-4,4
39887,160,151,9,9
39888,56,61,-5,5
39889,74,71,3,3
39890,95,94,1,1
39891,141,140,1,1
39892,98,95,3,3
39893,84,81,3,3
39894,118,108,10,10
39895,58,55,3,3
39896,54,60,-6,6
39897,74,73,1,1
39898,69,69,0,0
39899,123,104,19,19
39900,59,59,0,0
39901,50,59,-9,9
39902,56,56,0,0
39903,55,61,-6,6
39904,145,126,19,19
39905,89,83,6,6
39906,74,67,7,7
39907,67,69,-2,2
39908,100,98,2,2
39909,99,96,3,3
39910,64,66,-2,2
39911,49,56,-7,7
39912,144,135,9,9
39913,65,64,1,1
39914,57,58,-1,1
39915,74,73,1,1
39916,82,84,-2,2
39917,80,72,8,8
39918,167,173,-6,6
39919,55,54,1,1
39920,98,99,-1,1
39921,69,69,0,0
39922,60,62,-2,2
39923,149,136,13,13
39924,170,157,13,13
39925,56,59,-3,3
39926,120,110,10,10
39927,114,110,4,4
39928,123,116,7,7
39929,67,72,-5,5
39930,145,134,11,11
39931,72,68,4,4
39932,85,78,7,7
39933,117,111,6,6
39934,87,102,-15,15
39935,66,68,-2,2
39936,116,119,-3,3
39937,53,61,-8,8
39938,109,102,7,7
39939,26,51,-25,25
39940,51,54,-3,3
39941,65,60,5,5
39942,89,76,13,13
39943,110,90,20,20
39944,70,69,1,1
39945,46,54,-8,8
39946,119,109,10,10
39947,127,116,11,11
39948,95,86,9,9
39949,68,66,2,2
39950,73,70,3,3
39951,112,103,9,9
39952,152,151,1,1
39953,83,78,5,5
39954,115,109,6,6
39955,131,105,26,26
39956,49,52,-3,3
39957,118,95,23,23
39958,94,79,15,15
39959,120,117,3,3
39960,64,73,-9,9
39961,145,128,17,17
39962,63,64,-1,1
39963,62,58,4,4
39964,55,54,1,1
39965,113,115,-2,2
39966,62,71,-9,9
39967,80,74,6,6
39968,100,90,10,10
39969,72,75,-3,3
39970,75,71,4,4
39971,104,97,7,7
39972,56,56,0,0
39973,116,123,-7,7
39974,87,87,0,0
39975,109,102,7,7
39976,107,109,-2,2
39977,63,67,-4,4
39978,127,127,0,0
39979,124,106,18,18
39980,67,63,4,4
39981,229,171,58,58
39982,144,122,22,22
39983,110,108,2,2
39984,70,63,7,7
39985,102,97,5,5
39986,153,128,25,25
39987,82,79,3,3
39988,50,53,-3,3
39989,54,58,-4,4
39990,97,87,10,10
39991,75,77,-2,2
39992,83,76,7,7
39993,88,81,7,7
39994,129,117,12,12
39995,91,75,16,16
39996,115,99,16,16
39997,96,91,5,5
39998,177,166,11,11
39999,109,105,4,4
40000,91,87,4,4
40001,102,97,5,5
40002,75,66,9,9
40003,67,68,-1,1
40004,85,83,2,2
40005,133,120,13,13
40006,122,112,10,10
40007,99,96,3,3
40008,72,74,-2,2
40009,80,80,0,0
40010,61,59,2,2
40011,118,107,11,11
40012,112,109,3,3
40013,69,73,-4,4
40014,156,144,12,12
40015,140,132,8,8
40016,55,54,1,1
40017,85,89,-4,4
40018,104,92,12,12
40019,113,103,10,10
40020,61,69,-8,8
40021,110,113,-3,3
40022,142,121,21,21
40023,93,87,6,6
40024,49,55,-6,6
40025,139,133,6,6
40026,42,52,-10,10
40027,80,72,8,8
40028,138,128,10,10
40029,148,140,8,8
40030,28,57,-29,29
40031,54,59,-5,5
40032,85,73,12,12
40033,84,79,5,5
40034,161,138,23,23
40035,80,77,3,3
40036,108,118,-10,10
40037,91,89,2,2
40038,92,81,11,11
40039,92,96,-4,4
40040,91,86,5,5
40041,146,127,19,19
40042,59,67,-8,8
40043,109,96,13,13
40044,67,68,-1,1
40045,89,89,0,0
40046,156,136,20,20
40047,106,96,10,10
40048,71,73,-2,2
40049,161,146,15,15
40050,97,90,7,7
40051,95,88,7,7
40052,128,122,6,6
40053,79,88,-9,9
40054,127,133,-6,6
40055,88,88,0,0
40056,63,62,1,1
40057,47,54,-7,7
40058,67,76,-9,9
40059,44,52,-8,8
40060,70,64,6,6
40061,59,56,3,3
40062,115,111,4,4
40063,123,125,-2,2
40064,49,53,-4,4
40065,81,78,3,3
40066,55,60,-5,5
40067,105,92,13,13
40068,120,114,6,6
40069,95,96,-1,1
40070,73,77,-4,4
40071,76,77,-1,1
40072,95,87,8,8
40073,35,51,-16,16
40074,85,77,8,8
40075,65,76,-11,11
40076,125,118,7,7
40077,62,57,5,5
40078,95,94,1,1
40079,139,128,11,11
40080,77,79,-2,2
40081,65,61,4,4
40082,53,59,-6,6
40083,83,69,14,14
40084,62,52,10,10
40085,74,71,3,3
40086,32,52,-20,20
40087,67,65,2,2
40088,134,119,15,15
40089,78,81,-3,3
40090,88,82,6,6
40091,81,83,-2,2
40092,60,63,-3,3
40093,117,98,19,19
40094,61,64,-3,3
40095,147,134,13,13
40096,217,182,35,35
40097,84,82,2,2
40098,67,63,4,4
40099,158,163,-5,5
40100,51,59,-8,8
40101,91,90,1,1
40102,72,67,5,5
40103,121,118,3,3
40104,76,66,10,10
40105,117,106,11,11
40106,63,60,3,3
40107,82,85,-3,3
40108,87,95,-8,8
40109,77,72,5,5
40110,67,68,-1,1
40111,129,100,29,29
40112,56,58,-2,2
40113,60,65,-5,5
40114,130,112,18,18
40115,106,112,-6,6
40116,73,66,7,7
40117,89,85,4,4
40118,85,91,-6,6
40119,71,65,6,6
40120,206,203,3,3
40121,142,139,3,3
40122,106,104,2,2
40123,98,94,4,4
40124,60,69,-9,9
40125,113,111,2,2
40126,57,60,-3,3
40127,73,69,4,4
40128,186,149,37,37
40129,87,90,-3,3
40130,122,109,13,13
40131,80,83,-3,3
40132,130,115,15,15
40133,106,100,6,6
40134,175,184,-9,9
40135,135,121,14,14
40136,115,107,8,8
40137,80,73,7,7
40138,125,106,19,19
40139,85,92,-7,7
40140,85,74,11,11
40141,143,133,10,10
40142,92,85,7,7
40143,74,58,16,16
40144,66,75,-9,9
40145,68,66,2,2
40146,103,93,10,10
40147,82,79,3,3
40148,57,58,-1,1
40149,102,106,-4,4
40150,117,114,3,3
40151,79,83,-4,4
40152,179,148,31,31
40153,111,114,-3,3
40154,59,62,-3,3
40155,90,82,8,8
40156,82,105,-23,23
40157,120,111,9,9
40158,89,87,2,2
40159,76,71,5,5
40160,74,66,8,8
40161,54,56,-2,2
40162,51,57,-6,6
40163,71,72,-1,1
40164,116,94,22,22
40165,84,74,10,10
40166,107,98,9,9
40167,83,78,5,5
40168,170,149,21,21
40169,118,113,5,5
40170,115,105,10,10
40171,78,86,-8,8
40172,155,143,12,12
40173,143,137,6,6
40174,80,85,-5,5
40175,64,74,-10,10
40176,97,85,12,12
40177,92,87,5,5
40178,63,63,0,0
40179,196,166,30,30
40180,70,78,-8,8
40181,95,91,4,4
40182,73,72,1,1
40183,64,71,-7,7
40184,86,95,-9,9
40185,93,94,-1,1
40186,81,74,7,7
40187,132,102,30,30
40188,89,67,22,22
40189,80,68,12,12
40190,61,61,0,0
40191,148,145,3,3
40192,104,97,7,7
40193,105,104,1,1
40194,94,85,9,9
40195,72,74,-2,2
40196,71,68,3,3
40197,115,110,5,5
40198,100,93,7,7
40199,64,63,1,1
40200,88,87,1,1
40201,175,171,4,4
40202,153,152,1,1
40203,58,53,5,5
40204,143,139,4,4
40205,49,54,-5,5
40206,62,56,6,6
40207,72,71,1,1
40208,112,107,5,5
40209,90,78,12,12
40210,88,81,7,7
40211,92,83,9,9
40212,25,62,-37,37
40213,97,91,6,6
40214,133,119,14,14
40215,86,85,1,1
40216,81,76,5,5
40217,164,144,20,20
40218,64,57,7,7
40219,79,73,6,6
40220,108,102,6,6
40221,62,68,-6,6
40222,84,83,1,1
40223,187,176,11,11
40224,70,76,-6,6
40225,119,106,13,13
40226,86,95,-9,9
40227,118,109,9,9
40228,79,81,-2,2
40229,77,75,2,2
40230,85,89,-4,4
40231,107,89,18,18
40232,76,76,0,0
40233,54,52,2,2
40234,66,64,2,2
40235,64,68,-4,4
40236,56,69,-13,13
40237,147,147,0,0
40238,92,76,16,16
40239,119,109,10,10
40240,61,71,-10,10
40241,112,102,10,10
40242,116,118,-2,2
40243,68,75,-7,7
40244,153,140,13,13
40245,114,120,-6,6
40246,115,109,6,6
40247,91,90,1,1
40248,68,70,-2,2
40249,111,103,8,8
40250,79,66,13,13
40251,57,62,-5,5
40252,114,111,3,3
40253,66,69,-3,3
40254,96,80,16,16
40255,83,92,-9,9
40256,93,80,13,13
40257,83,73,10,10
40258,80,72,8,8
40259,82,78,4,4
40260,114,110,4,4
40261,49,62,-13,13
40262,67,71,-4,4
40263,79,75,4,4
40264,77,75,2,2
40265,64,67,-3,3
40266,177,162,15,15
40267,71,73,-2,2
40268,99,88,11,11
40269,90,83,7,7
40270,107,101,6,6
40271,103,91,12,12
40272,144,134,10,10
40273,81,74,7,7
40274,69,68,1,1
40275,63,80,-17,17
40276,105,105,0,0
40277,100,88,12,12
40278,118,118,0,0
40279,89,74,15,15
40280,90,84,6,6
40281,88,88,0,0
40282,69,66,3,3
40283,59,58,1,1
40284,84,78,6,6
40285,143,138,5,5
40286,112,119,-7,7
40287,143,143,0,0
40288,78,81,-3,3
40289,38,53,-15,15
40290,107,90,17,17
40291,57,61,-4,4
40292,62,88,-26,26
40293,79,78,1,1
40294,72,74,-2,2
40295,85,79,6,6
40296,83,83,0,0
40297,69,66,3,3
40298,62,60,2,2
40299,80,82,-2,2
40300,55,65,-10,10
40301,77,67,10,10
40302,77,84,-7,7
40303,81,86,-5,5
40304,88,80,8,8
40305,75,83,-8,8
40306,103,101,2,2
40307,63,59,4,4
40308,115,99,16,16
40309,149,140,9,9
40310,48,53,-5,5
40311,67,61,6,6
40312,167,142,25,25
40313,116,112,4,4
40314,40,56,-16,16
40315,93,91,2,2
40316,98,90,8,8
40317,105,94,11,11
40318,150,135,15,15
40319,174,144,30,30
40320,156,132,24,24
40321,61,88,-27,27
40322,124,125,-1,1
40323,61,59,2,2
40324,58,57,1,1
40325,147,144,3,3
40326,80,85,-5,5
40327,115,101,14,14
40328,139,132,7,7
40329,73,72,1,1
40330,208,187,21,21
40331,92,96,-4,4
40332,63,57,6,6
40333,126,111,15,15
40334,31,51,-20,20
40335,55,73,-18,18
40336,154,142,12,12
40337,110,105,5,5
40338,62,57,5,5
40339,124,112,12,12
40340,81,74,7,7
40341,78,64,14,14
40342,122,130,-8,8
40343,110,117,-7,7
40344,100,82,18,18
40345,112,104,8,8
40346,58,57,1,1
40347,92,84,8,8
40348,143,134,9,9
40349,76,69,7,7
40350,62,68,-6,6
40351,72,75,-3,3
40352,96,93,3,3
40353,98,92,6,6
40354,209,173,36,36
40355,81,76,5,5
40356,65,68,-3,3
40357,111,94,17,17
40358,158,140,18,18
40359,106,105,1,1
40360,124,109,15,15
40361,90,78,12,12
40362,95,90,5,5
40363,86,90,-4,4
40364,89,81,8,8
40365,59,68,-9,9
40366,132,115,17,17
40367,91,72,19,19
40368,90,81,9,9
40369,85,82,3,3
40370,77,87,-10,10
40371,68,58,10,10
40372,77,83,-6,6
40373,125,124,1,1
40374,53,55,-2,2
40375,100,101,-1,1
40376,128,120,8,8
40377,78,68,10,10
40378,73,88,-15,15
40379,79,76,3,3
40380,89,91,-2,2
40381,101,97,4,4
40382,93,103,-10,10
40383,93,92,1,1
40384,62,62,0,0
40385,113,110,3,3
40386,117,105,12,12
40387,133,120,13,13
40388,107,110,-3,3
40389,64,85,-21,21
40390,48,56,-8,8
40391,103,97,6,6
40392,91,95,-4,4
40393,121,121,0,0
40394,109,107,2,2
40395,92,89,3,3
40396,118,103,15,15
40397,82,83,-1,1
40398,76,65,11,11
40399,98,91,7,7
40400,118,105,13,13
40401,124,125,-1,1
40402,120,96,24,24
40403,85,89,-4,4
40404,112,104,8,8
40405,88,86,2,2
40406,65,57,8,8
40407,48,52,-4,4
40408,66,73,-7,7
40409,106,80,26,26
40410,174,142,32,32
40411,161,147,14,14
40412,42,79,-37,37
40413,65,70,-5,5
40414,47,58,-11,11
40415,100,109,-9,9
40416,91,87,4,4
40417,59,59,0,0
40418,77,84,-7,7
40419,83,76,7,7
40420,91,84,7,7
40421,91,83,8,8
40422,163,154,9,9
40423,89,81,8,8
40424,144,143,1,1
40425,107,110,-3,3
40426,75,75,0,0
40427,210,198,12,12
40428,168,152,16,16
40429,116,102,14,14
40430,67,74,-7,7
40431,66,66,0,0
40432,23,51,-28,28
40433,99,90,9,9
40434,66,63,3,3
40435,56,57,-1,1
40436,92,88,4,4
40437,132,121,11,11
40438,67,70,-3,3
40439,42,55,-13,13
40440,123,120,3,3
40441,44,53,-9,9
40442,117,112,5,5
40443,109,104,5,5
40444,106,99,7,7
40445,92,91,1,1
40446,88,78,10,10
40447,74,74,0,0
40448,114,121,-7,7
40449,146,126,20,20
40450,105,100,5,5
40451,91,91,0,0
40452,124,115,9,9
40453,178,162,16,16
40454,98,89,9,9
40455,145,146,-1,1
40456,76,75,1,1
40457,100,96,4,4
40458,128,103,25,25
40459,152,140,12,12
40460,40,53,-13,13
40461,65,70,-5,5
40462,107,109,-2,2
40463,90,83,7,7
40464,100,105,-5,5
40465,71,79,-8,8
40466,55,59,-4,4
40467,80,75,5,5
40468,131,114,17,17
40469,28,52,-24,24
40470,93,93,0,0
40471,149,150,-1,1
40472,88,87,1,1
40473,50,56,-6,6
40474,82,88,-6,6
40475,125,113,12,12
40476,131,112,19,19
40477,93,98,-5,5
40478,83,77,6,6
40479,149,149,0,0
40480,74,75,-1,1
40481,124,122,2,2
40482,174,143,31,31
40483,83,106,-23,23
40484,119,116,3,3
40485,85,77,8,8
40486,70,63,7,7
40487,197,179,18,18
40488,131,119,12,12
40489,130,116,14,14
40490,73,77,-4,4
40491,97,93,4,4
40492,85,88,-3,3
40493,198,166,32,32
40494,100,92,8,8
40495,81,91,-10,10
40496,71,73,-2,2
40497,97,94,3,3
40498,77,86,-9,9
40499,88,85,3,3
40500,90,79,11,11
40501,74,76,-2,2
40502,70,68,2,2
40503,63,59,4,4
40504,149,134,15,15
40505,97,83,14,14
40506,65,73,-8,8
40507,81,77,4,4
40508,100,96,4,4
40509,79,87,-8,8
40510,106,105,1,1
40511,79,80,-1,1
40512,137,128,9,9
40513,82,85,-3,3
40514,68,60,8,8
40515,100,88,12,12
40516,40,53,-13,13
40517,57,57,0,0
40518,73,77,-4,4
40519,85,85,0,0
40520,135,126,9,9
40521,126,120,6,6
40522,158,148,10,10
40523,110,104,6,6
40524,125,127,-2,2
40525,115,104,11,11
40526,112,110,2,2
40527,71,75,-4,4
40528,121,129,-8,8
40529,97,102,-5,5
40530,104,97,7,7
40531,97,92,5,5
40532,54,56,-2,2
40533,76,76,0,0
40534,132,105,27,27
40535,98,100,-2,2
40536,107,100,7,7
40537,119,107,12,12
40538,125,116,9,9
40539,96,95,1,1
40540,49,54,-5,5
40541,89,74,15,15
40542,101,89,12,12
40543,86,93,-7,7
40544,43,53,-10,10
40545,40,56,-16,16
40546,109,102,7,7
40547,49,56,-7,7
40548,99,97,2,2
40549,120,92,28,28
40550,70,80,-10,10
40551,177,150,27,27
40552,59,69,-10,10
40553,90,88,2,2
40554,99,92,7,7
40555,99,96,3,3
40556,113,96,17,17
40557,87,80,7,7
40558,120,114,6,6
40559,122,106,16,16
40560,156,143,13,13
40561,90,80,10,10
40562,109,103,6,6
40563,59,68,-9,9
40564,110,110,0,0
40565,64,62,2,2
40566,76,75,1,1
40567,93,85,8,8
40568,81,85,-4,4
40569,155,141,14,14
40570,77,83,-6,6
40571,52,55,-3,3
40572,48,55,-7,7
40573,94,94,0,0
40574,72,77,-5,5
40575,78,90,-12,12
40576,108,103,5,5
40577,74,81,-7,7
40578,67,64,3,3
40579,88,80,8,8
40580,127,120,7,7
40581,88,100,-12,12
40582,53,73,-20,20
40583,101,97,4,4
40584,105,100,5,5
40585,120,113,7,7
40586,63,71,-8,8
40587,50,56,-6,6
40588,67,65,2,2
40589,121,117,4,4
40590,76,75,1,1
40591,95,77,18,18
40592,97,92,5,5
40593,63,70,-7,7
40594,135,125,10,10
40595,61,63,-2,2
40596,79,75,4,4
40597,133,118,15,15
40598,97,100,-3,3
40599,78,64,14,14
40600,96,87,9,9
40601,47,52,-5,5
40602,139,118,21,21
40603,99,92,7,7
40604,113,97,16,16
40605,94,86,8,8
40606,100,99,1,1
40607,71,79,-8,8
40608,102,103,-1,1
40609,113,106,7,7
40610,85,80,5,5
40611,75,63,12,12
40612,62,55,7,7
40613,111,82,29,29
40614,80,75,5,5
40615,117,110,7,7
40616,107,104,3,3
40617,75,73,2,2
40618,82,84,-2,2
40619,73,74,-1,1
40620,110,104,6,6
40621,115,108,7,7
40622,151,141,10,10
40623,60,66,-6,6
40624,51,56,-5,5
40625,76,68,8,8
40626,115,102,13,13
40627,79,76,3,3
40628,85,84,1,1
40629,84,84,0,0
40630,136,117,19,19
40631,76,77,-1,1
40632,30,54,-24,24
40633,141,126,15,15
40634,83,76,7,7
40635,81,85,-4,4
40636,79,83,-4,4
40637,113,107,6,6
40638,88,79,9,9
40639,145,160,-15,15
40640,156,144,12,12
40641,80,84,-4,4
40642,103,96,7,7
40643,116,108,8,8
40644,76,67,9,9
40645,123,120,3,3
40646,93,91,2,2
40647,103,104,-1,1
40648,67,63,4,4
40649,102,105,-3,3
40650,92,78,14,14
40651,86,83,3,3
40652,56,58,-2,2
40653,80,80,0,0
40654,137,130,7,7
40655,48,58,-10,10
40656,87,69,18,18
40657,112,115,-3,3
40658,74,68,6,6
40659,87,84,3,3
40660,101,101,0,0
40661,58,61,-3,3
40662,116,106,10,10
40663,97,87,10,10
40664,65,61,4,4
40665,98,85,13,13
40666,98,85,13,13
40667,156,141,15,15
40668,88,85,3,3
40669,85,89,-4,4
40670,64,56,8,8
40671,72,73,-1,1
40672,107,108,-1,1
40673,87,99,-12,12
40674,115,107,8,8
40675,102,88,14,14
40676,120,107,13,13
40677,87,90,-3,3
40678,81,79,2,2
40679,53,56,-3,3
40680,71,82,-11,11
40681,78,75,3,3
40682,104,93,11,11
40683,113,115,-2,2
40684,51,53,-2,2
40685,65,71,-6,6
40686,109,124,-15,15
40687,78,81,-3,3
40688,105,91,14,14
40689,93,96,-3,3
40690,103,96,7,7
40691,113,95,18,18
40692,77,83,-6,6
40693,135,120,15,15
40694,82,67,15,15
40695,84,79,5,5
40696,56,63,-7,7
40697,54,54,0,0
40698,146,129,17,17
40699,149,136,13,13
40700,91,81,10,10
40701,61,57,4,4
40702,117,118,-1,1
40703,46,53,-7,7
40704,159,148,11,11
40705,94,82,12,12
40706,153,131,22,22
40707,108,101,7,7
40708,85,76,9,9
40709,69,71,-2,2
40710,295,250,45,45
40711,74,74,0,0
40712,103,98,5,5
40713,80,73,7,7
40714,68,69,-1,1
40715,120,117,3,3
40716,86,82,4,4
40717,118,108,10,10
40718,74,75,-1,1
40719,99,81,18,18
40720,76,67,9,9
40721,134,119,15,15
40722,97,102,-5,5
40723,66,71,-5,5
40724,92,96,-4,4
40725,50,56,-6,6
40726,83,83,0,0
40727,98,97,1,1
40728,72,69,3,3
40729,71,65,6,6
40730,71,76,-5,5
40731,78,81,-3,3
40732,81,81,0,0
40733,126,123,3,3
40734,71,68,3,3
40735,70,68,2,2
40736,141,132,9,9
40737,75,68,7,7
40738,85,72,13,13
40739,89,87,2,2
40740,82,82,0,0
40741,174,146,28,28
40742,77,75,2,2
40743,113,120,-7,7
40744,165,153,12,12
40745,55,54,1,1
40746,94,82,12,12
40747,81,86,-5,5
40748,103,95,8,8
40749,87,80,7,7
40750,68,83,-15,15
40751,205,200,5,5
40752,85,82,3,3
40753,66,64,2,2
40754,68,66,2,2
40755,87,84,3,3
40756,101,88,13,13
40757,115,106,9,9
40758,69,68,1,1
40759,144,130,14,14
40760,97,92,5,5
40761,107,104,3,3
40762,88,96,-8,8
40763,138,129,9,9
40764,90,77,13,13
40765,129,129,0,0
40766,66,65,1,1
40767,75,72,3,3
40768,118,108,10,10
40769,99,92,7,7
40770,77,71,6,6
40771,89,84,5,5
40772,95,95,0,0
40773,56,55,1,1
40774,115,109,6,6
40775,59,58,1,1
40776,117,111,6,6
40777,110,107,3,3
40778,120,97,23,23
40779,98,79,19,19
40780,121,119,2,2
40781,100,80,20,20
40782,85,80,5,5
40783,106,99,7,7
40784,165,143,22,22
40785,65,70,-5,5
40786,58,57,1,1
40787,165,152,13,13
40788,56,59,-3,3
40789,62,69,-7,7
40790,85,74,11,11
40791,93,94,-1,1
40792,57,62,-5,5
40793,97,94,3,3
40794,96,95,1,1
40795,45,53,-8,8
40796,114,110,4,4
40797,77,69,8,8
40798,77,83,-6,6
40799,89,81,8,8
40800,70,68,2,2
40801,84,87,-3,3
40802,89,100,-11,11
40803,104,103,1,1
40804,88,83,5,5
40805,68,65,3,3
40806,67,69,-2,2
40807,51,55,-4,4
40808,144,142,2,2
40809,135,129,6,6
40810,89,86,3,3
40811,122,111,11,11
40812,110,97,13,13
40813,81,78,3,3
40814,147,146,1,1
40815,60,60,0,0
40816,137,139,-2,2
40817,110,108,2,2
40818,125,118,7,7
40819,89,89,0,0
40820,129,137,-8,8
40821,70,59,11,11
40822,149,145,4,4
40823,72,82,-10,10
40824,96,95,1,1
40825,76,79,-3,3
40826,154,145,9,9
40827,220,183,37,37
40828,106,106,0,0
40829,95,98,-3,3
40830,158,156,2,2
40831,140,130,10,10
40832,86,84,2,2
40833,96,80,16,16
40834,100,92,8,8
40835,70,69,1,1
40836,64,64,0,0
40837,147,134,13,13
40838,75,74,1,1
40839,80,73,7,7
40840,161,139,22,22
40841,83,98,-15,15
40842,89,78,11,11
40843,169,151,18,18
40844,85,81,4,4
40845,151,146,5,5
40846,85,76,9,9
40847,61,65,-4,4
40848,62,59,3,3
40849,118,107,11,11
40850,97,91,6,6
40851,118,107,11,11
40852,104,90,14,14
40853,44,52,-8,8
40854,101,92,9,9
40855,69,69,0,0
40856,52,56,-4,4
40857,115,112,3,3
40858,56,56,0,0
40859,110,116,-6,6
40860,96,112,-16,16
40861,88,82,6,6
40862,94,93,1,1
40863,60,58,2,2
40864,108,103,5,5
40865,114,98,16,16
40866,87,83,4,4
40867,102,95,7,7
40868,75,68,7,7
40869,56,54,2,2
40870,123,122,1,1
40871,29,53,-24,24
40872,70,78,-8,8
40873,87,82,5,5
40874,48,58,-10,10
40875,108,96,12,12
40876,164,157,7,7
40877,125,105,20,20
40878,66,65,1,1
40879,190,168,22,22
40880,91,86,5,5
40881,116,95,21,21
40882,96,92,4,4
40883,86,80,6,6
40884,157,155,2,2
40885,149,129,20,20
40886,54,57,-3,3
40887,81,78,3,3
40888,97,97,0,0
40889,128,117,11,11
40890,96,93,3,3
40891,121,117,4,4
40892,131,121,10,10
40893,133,114,19,19
40894,130,121,9,9
40895,97,89,8,8
40896,68,73,-5,5
40897,118,102,16,16
40898,91,84,7,7
40899,90,98,-8,8
40900,65,62,3,3
40901,143,126,17,17
40902,80,66,14,14
40903,96,74,22,22
40904,104,95,9,9
40905,112,108,4,4
40906,86,81,5,5
40907,91,87,4,4
40908,205,167,38,38
40909,73,82,-9,9
40910,101,93,8,8
40911,73,74,-1,1
40912,90,81,9,9
40913,191,183,8,8
40914,90,88,2,2
40915,149,141,8,8
40916,73,80,-7,7
40917,152,146,6,6
40918,115,104,11,11
40919,88,89,-1,1
40920,86,80,6,6
40921,103,99,4,4
40922,37,53,-16,16
40923,83,74,9,9
40924,76,64,12,12
40925,56,53,3,3
40926,130,121,9,9
40927,67,61,6,6
40928,78,67,11,11
40929,105,102,3,3
40930,101,96,5,5
40931,88,82,6,6
40932,83,83,0,0
40933,108,104,4,4
40934,67,59,8,8
40935,107,101,6,6
40936,43,54,-11,11
40937,71,76,-5,5
40938,99,85,14,14
40939,120,124,-4,4
40940,132,115,17,17
40941,30,55,-25,25
40942,88,83,5,5
40943,82,92,-10,10
40944,59,64,-5,5
40945,68,73,-5,5
40946,120,104,16,16
40947,60,58,2,2
40948,103,96,7,7
40949,110,102,8,8
40950,114,105,9,9
40951,90,85,5,5
40952,192,172,20,20
40953,100,96,4,4
40954,119,114,5,5
40955,91,80,11,11
40956,98,93,5,5
40957,51,54,-3,3
40958,94,86,8,8
40959,98,101,-3,3
40960,71,65,6,6
40961,106,118,-12,12
40962,78,80,-2,2
40963,66,70,-4,4
40964,79,80,-1,1
40965,85,83,2,2
40966,147,138,9,9
40967,68,63,5,5
40968,66,64,2,2
40969,81,77,4,4
40970,133,125,8,8
40971,120,112,8,8
40972,71,74,-3,3
40973,169,160,9,9
40974,159,142,17,17
40975,57,63,-6,6
40976,73,74,-1,1
40977,44,53,-9,9
40978,85,85,0,0
40979,49,59,-10,10
40980,54,55,-1,1
40981,89,81,8,8
40982,62,67,-5,5
40983,88,79,9,9
40984,93,96,-3,3
40985,66,67,-1,1
40986,69,65,4,4
40987,138,141,-3,3
40988,88,86,2,2
40989,102,99,3,3
40990,45,53,-8,8
40991,48,54,-6,6
40992,106,104,2,2
40993,158,133,25,25
40994,125,114,11,11
40995,64,75,-11,11
40996,153,148,5,5
40997,66,63,3,3
40998,87,89,-2,2
40999,90,82,8,8
41000,105,100,5,5
41001,51,55,-4,4
41002,148,128,20,20
41003,123,128,-5,5
41004,59,56,3,3
41005,88,74,14,14
41006,91,92,-1,1
41007,77,75,2,2
41008,98,93,5,5
41009,84,85,-1,1
41010,97,87,10,10
41011,129,112,17,17
41012,158,150,8,8
41013,99,100,-1,1
41014,153,145,8,8
41015,140,122,18,18
41016,97,86,11,11
41017,116,114,2,2
41018,108,96,12,12
41019,117,111,6,6
41020,112,103,9,9
41021,70,72,-2,2
41022,117,120,-3,3
41023,186,171,15,15
41024,88,84,4,4
41025,40,53,-13,13
41026,69,69,0,0
41027,138,117,21,21
41028,68,68,0,0
41029,194,160,34,34
41030,141,128,13,13
41031,66,72,-6,6
41032,87,90,-3,3
41033,112,106,6,6
41034,120,104,16,16
41035,117,105,12,12
41036,116,113,3,3
41037,113,118,-5,5
41038,109,114,-5,5
41039,116,110,6,6
41040,107,97,10,10
41041,156,137,19,19
41042,54,58,-4,4
41043,96,86,10,10
41044,116,110,6,6
41045,105,96,9,9
41046,53,54,-1,1
41047,146,134,12,12
41048,111,118,-7,7
41049,55,55,0,0
41050,130,118,12,12
41051,89,81,8,8
41052,99,107,-8,8
41053,101,86,15,15
41054,107,105,2,2
41055,56,56,0,0
41056,72,70,2,2
41057,141,132,9,9
41058,49,54,-5,5
41059,50,54,-4,4
41060,106,91,15,15
41061,71,69,2,2
41062,82,94,-12,12
41063,112,99,13,13
41064,114,114,0,0
41065,91,88,3,3
41066,79,75,4,4
41067,87,89,-2,2
41068,72,68,4,4
41069,140,132,8,8
41070,79,82,-3,3
41071,103,89,14,14
41072,105,103,2,2
41073,80,80,0,0
41074,63,62,1,1
41075,89,82,7,7
41076,58,62,-4,4
41077,71,64,7,7
41078,91,93,-2,2
41079,64,56,8,8
41080,134,122,12,12
41081,144,133,11,11
41082,46,66,-20,20
41083,79,86,-7,7
41084,137,122,15,15
41085,71,68,3,3
41086,88,79,9,9
41087,99,87,12,12
41088,77,75,2,2
41089,71,69,2,2
41090,66,64,2,2
41091,57,61,-4,4
41092,107,103,4,4
41093,157,146,11,11
41094,59,66,-7,7
41095,107,111,-4,4
41096,150,130,20,20
41097,97,96,1,1
41098,56,58,-2,2
41099,122,111,11,11
41100,118,106,12,12
41101,98,76,22,22
41102,87,92,-5,5
41103,84,74,10,10
41104,67,62,5,5
41105,97,97,0,0
41106,110,107,3,3
41107,75,76,-1,1
41108,49,59,-10,10
41109,121,127,-6,6
41110,124,118,6,6
41111,86,81,5,5
41112,91,86,5,5
41113,74,67,7,7
41114,87,76,11,11
41115,61,64,-3,3
41116,76,72,4,4
41117,169,158,11,11
41118,79,76,3,3
41119,85,90,-5,5
41120,129,115,14,14
41121,68,67,1,1
41122,88,106,-18,18
41123,136,118,18,18
41124,81,78,3,3
41125,143,141,2,2
41126,66,60,6,6
41127,90,91,-1,1
41128,69,65,4,4
41129,129,127,2,2
41130,77,83,-6,6
41131,128,123,5,5
41132,110,108,2,2
41133,125,121,4,4
41134,82,78,4,4
41135,147,129,18,18
41136,77,73,4,4
41137,81,63,18,18
41138,91,86,5,5
41139,106,87,19,19
41140,65,64,1,1
41141,59,60,-1,1
41142,107,109,-2,2
41143,75,83,-8,8
41144,86,96,-10,10
41145,92,88,4,4
41146,87,84,3,3
41147,115,119,-4,4
41148,70,69,1,1
41149,78,65,13,13
41150,77,74,3,3
41151,142,146,-4,4
41152,161,152,9,9
41153,145,126,19,19
41154,102,97,5,5
41155,68,68,0,0
41156,81,83,-2,2
41157,92,80,12,12
41158,91,90,1,1
41159,87,82,5,5
41160,168,152,16,16
41161,58,55,3,3
41162,119,96,23,23
41163,55,55,0,0
41164,69,69,0,0
41165,69,68,1,1
41166,99,99,0,0
41167,72,69,3,3
41168,82,82,0,0
41169,134,120,14,14
41170,88,76,12,12
41171,61,64,-3,3
41172,77,75,2,2
41173,106,101,5,5
41174,89,86,3,3
41175,90,86,4,4
41176,102,108,-6,6
41177,77,73,4,4
41178,63,62,1,1
41179,76,77,-1,1
41180,67,60,7,7
41181,64,70,-6,6
41182,66,66,0,0
41183,126,120,6,6
41184,91,96,-5,5
41185,148,124,24,24
41186,111,97,14,14
41187,58,64,-6,6
41188,93,87,6,6
41189,80,72,8,8
41190,173,156,17,17
41191,80,77,3,3
41192,117,108,9,9
41193,69,57,12,12
41194,115,107,8,8
41195,122,107,15,15
41196,76,73,3,3
41197,89,68,21,21
41198,92,103,-11,11
41199,101,93,8,8
41200,156,139,17,17
41201,88,87,1,1
41202,61,61,0,0
41203,80,74,6,6
41204,128,119,9,9
41205,101,89,12,12
41206,114,108,6,6
41207,142,118,24,24
41208,53,54,-1,1
41209,138,129,9,9
41210,49,53,-4,4
41211,146,126,20,20
41212,91,79,12,12
41213,136,138,-2,2
41214,60,66,-6,6
41215,147,129,18,18
41216,86,82,4,4
41217,71,70,1,1
41218,127,149,-22,22
41219,62,66,-4,4
41220,109,99,10,10
41221,69,70,-1,1
41222,186,174,12,12
41223,44,54,-10,10
41224,39,52,-13,13
41225,89,88,1,1
41226,113,112,1,1
41227,65,61,4,4
41228,63,66,-3,3
41229,61,63,-2,2
41230,132,118,14,14
41231,70,72,-2,2
41232,179,165,14,14
41233,103,108,-5,5
41234,118,105,13,13
41235,71,72,-1,1
41236,156,136,20,20
41237,95,86,9,9
41238,108,107,1,1
41239,92,88,4,4
41240,125,108,17,17
41241,103,90,13,13
41242,87,73,14,14
41243,57,64,-7,7
41244,95,92,3,3
41245,207,195,12,12
41246,72,76,-4,4
41247,158,149,9,9
41248,78,77,1,1
41249,59,64,-5,5
41250,77,72,5,5
41251,78,73,5,5
41252,120,103,17,17
41253,137,127,10,10
41254,71,67,4,4
41255,117,108,9,9
41256,97,94,3,3
41257,108,107,1,1
41258,64,66,-2,2
41259,125,115,10,10
41260,57,57,0,0
41261,47,57,-10,10
41262,110,93,17,17
41263,173,166,7,7
41264,70,64,6,6
41265,112,106,6,6
41266,69,69,0,0
41267,95,89,6,6
41268,50,55,-5,5
41269,60,58,2,2
41270,108,106,2,2
41271,88,87,1,1
41272,141,154,-13,13
41273,65,65,0,0
41274,111,117,-6,6
41275,110,97,13,13
41276,156,123,33,33
41277,70,87,-17,17
41278,77,82,-5,5
41279,111,102,9,9
41280,77,77,0,0
41281,132,140,-8,8
41282,94,83,11,11
41283,87,88,-1,1
41284,71,76,-5,5
41285,69,72,-3,3
41286,57,60,-3,3
41287,63,65,-2,2
41288,170,159,11,11
41289,99,93,6,6
41290,91,88,3,3
41291,75,77,-2,2
41292,155,143,12,12
41293,169,153,16,16
41294,121,107,14,14
41295,56,58,-2,2
41296,73,70,3,3
41297,142,84,58,58
41298,76,83,-7,7
41299,117,111,6,6
41300,113,114,-1,1
41301,63,56,7,7
41302,146,129,17,17
41303,71,64,7,7
41304,68,64,4,4
41305,96,93,3,3
41306,64,66,-2,2
41307,79,67,12,12
41308,77,74,3,3
41309,54,58,-4,4
41310,81,81,0,0
41311,106,105,1,1
41312,130,113,17,17
41313,63,61,2,2
41314,74,74,0,0
41315,87,83,4,4
41316,97,89,8,8
41317,136,137,-1,1
41318,78,72,6,6
41319,114,100,14,14
41320,172,180,-8,8
41321,69,84,-15,15
41322,55,63,-8,8
41323,68,63,5,5
41324,84,79,5,5
41325,64,62,2,2
41326,44,54,-10,10
41327,98,91,7,7
41328,118,120,-2,2
41329,115,102,13,13
41330,151,139,12,12
41331,66,67,-1,1
41332,150,128,22,22
41333,94,85,9,9
41334,83,86,-3,3
41335,138,124,14,14
41336,96,93,3,3
41337,117,108,9,9
41338,32,55,-23,23
41339,167,152,15,15
41340,162,135,27,27
41341,120,118,2,2
41342,84,81,3,3
41343,64,60,4,4
41344,147,140,7,7
41345,74,77,-3,3
41346,42,56,-14,14
41347,65,74,-9,9
41348,87,78,9,9
41349,101,107,-6,6
41350,64,59,5,5
41351,54,62,-8,8
41352,99,97,2,2
41353,60,61,-1,1
41354,62,60,2,2
41355,134,121,13,13
41356,79,81,-2,2
41357,74,68,6,6
41358,103,108,-5,5
41359,160,156,4,4
41360,103,96,7,7
41361,96,92,4,4
41362,66,59,7,7
41363,72,63,9,9
41364,69,70,-1,1
41365,115,105,10,10
41366,74,66,8,8
41367,47,54,-7,7
41368,116,100,16,16
41369,75,84,-9,9
41370,74,83,-9,9
41371,138,126,12,12
41372,83,83,0,0
41373,78,78,0,0
41374,144,131,13,13
41375,94,87,7,7
41376,91,85,6,6
41377,97,100,-3,3
41378,79,77,2,2
41379,87,86,1,1
41380,50,54,-4,4
41381,61,58,3,3
41382,66,75,-9,9
41383,83,79,4,4
41384,69,58,11,11
41385,117,99,18,18
41386,123,109,14,14
41387,152,122,30,30
41388,53,54,-1,1
41389,41,68,-27,27
41390,120,107,13,13
41391,50,56,-6,6
41392,103,98,5,5
41393,59,76,-17,17
41394,146,127,19,19
41395,74,64,10,10
41396,119,105,14,14
41397,100,100,0,0
41398,109,97,12,12
41399,140,123,17,17
41400,104,95,9,9
41401,118,116,2,2
41402,129,115,14,14
41403,62,61,1,1
41404,80,80,0,0
41405,67,69,-2,2
41406,45,53,-8,8
41407,111,109,2,2
41408,110,110,0,0
41409,68,68,0,0
41410,84,95,-11,11
41411,132,115,17,17
41412,67,62,5,5
41413,66,67,-1,1
41414,53,66,-13,13
41415,88,89,-1,1
41416,115,115,0,0
41417,142,139,3,3
41418,134,131,3,3
41419,108,104,4,4
41420,63,65,-2,2
41421,68,64,4,4
41422,96,83,13,13
41423,73,76,-3,3
41424,88,87,1,1
41425,107,94,13,13
41426,114,125,-11,11
41427,132,124,8,8
41428,64,70,-6,6
41429,73,65,8,8
41430,109,96,13,13
41431,65,66,-1,1
41432,138,109,29,29
41433,103,94,9,9
41434,132,119,13,13
41435,67,68,-1,1
41436,70,68,2,2
41437,114,127,-13,13
41438,54,59,-5,5
41439,87,79,8,8
41440,57,63,-6,6
41441,163,159,4,4
41442,83,82,1,1
41443,48,54,-6,6
41444,62,69,-7,7
41445,110,95,15,15
41446,64,65,-1,1
41447,154,144,10,10
41448,119,111,8,8
41449,81,85,-4,4
41450,76,70,6,6
41451,125,100,25,25
41452,82,76,6,6
41453,140,132,8,8
41454,58,54,4,4
41455,90,79,11,11
41456,94,86,8,8
41457,70,67,3,3
41458,126,110,16,16
41459,42,54,-12,12
41460,96,84,12,12
41461,144,125,19,19
41462,84,76,8,8
41463,91,85,6,6
41464,89,81,8,8
41465,68,71,-3,3
41466,74,73,1,1
41467,73,70,3,3
41468,95,83,12,12
41469,141,123,18,18
41470,144,127,17,17
41471,115,116,-1,1
41472,126,111,15,15
41473,81,73,8,8
41474,70,65,5,5
41475,101,100,1,1
41476,36,57,-21,21
41477,103,93,10,10
41478,50,55,-5,5
41479,108,92,16,16
41480,168,166,2,2
41481,89,96,-7,7
41482,128,115,13,13
41483,87,73,14,14
41484,72,65,7,7
41485,166,149,17,17
41486,75,69,6,6
41487,116,113,3,3
41488,66,65,1,1
41489,89,92,-3,3
41490,72,77,-5,5
41491,103,111,-8,8
41492,82,83,-1,1
41493,108,108,0,0
41494,115,100,15,15
41495,154,161,-7,7
41496,96,94,2,2
41497,70,65,5,5
41498,105,97,8,8
41499,103,104,-1,1
41500,80,79,1,1
41501,167,130,37,37
41502,131,128,3,3
41503,87,84,3,3
41504,83,79,4,4
41505,221,187,34,34
41506,67,64,3,3
41507,114,108,6,6
41508,88,73,15,15
41509,80,74,6,6
41510,183,168,15,15
41511,67,74,-7,7
41512,172,156,16,16
41513,56,58,-2,2
41514,60,57,3,3
41515,60,56,4,4
41516,77,78,-1,1
41517,85,73,12,12
41518,64,65,-1,1
41519,88,92,-4,4
41520,143,122,21,21
41521,148,141,7,7
41522,73,75,-2,2
41523,97,97,0,0
41524,85,91,-6,6
41525,62,57,5,5
41526,82,76,6,6
41527,63,61,2,2
41528,55,54,1,1
41529,133,119,14,14
41530,96,97,-1,1
41531,98,92,6,6
41532,67,64,3,3
41533,104,107,-3,3
41534,118,159,-41,41
41535,83,90,-7,7
41536,110,111,-1,1
41537,138,126,12,12
41538,79,72,7,7
41539,75,65,10,10
41540,67,67,0,0
41541,59,57,2,2
41542,63,58,5,5
41543,125,113,12,12
41544,156,154,2,2
41545,88,81,7,7
41546,106,99,7,7
41547,88,83,5,5
41548,126,121,5,5
41549,71,75,-4,4
41550,109,102,7,7
41551,61,95,-34,34
41552,100,103,-3,3
41553,157,130,27,27
41554,168,154,14,14
41555,110,101,9,9
41556,92,95,-3,3
41557,118,120,-2,2
41558,159,154,5,5
41559,67,64,3,3
41560,78,87,-9,9
41561,93,91,2,2
41562,76,72,4,4
41563,156,140,16,16
41564,63,68,-5,5
41565,87,85,2,2
41566,79,73,6,6
41567,56,57,-1,1
41568,65,62,3,3
41569,99,94,5,5
41570,90,75,15,15
41571,108,106,2,2
41572,59,56,3,3
41573,48,72,-24,24
41574,73,67,6,6
41575,111,97,14,14
41576,69,66,3,3
41577,149,126,23,23
41578,87,74,13,13
41579,87,80,7,7
41580,85,80,5,5
41581,112,97,15,15
41582,78,86,-8,8
41583,74,81,-7,7
41584,85,84,1,1
41585,77,76,1,1
41586,113,103,10,10
41587,106,103,3,3
41588,61,70,-9,9
41589,82,88,-6,6
41590,115,111,4,4
41591,51,57,-6,6
41592,109,89,20,20
41593,61,64,-3,3
41594,60,63,-3,3
41595,129,119,10,10
41596,152,120,32,32
41597,90,84,6,6
41598,204,182,22,22
41599,95,86,9,9
41600,81,85,-4,4
41601,75,73,2,2
41602,95,86,9,9
41603,108,108,0,0
41604,140,122,18,18
41605,47,58,-11,11
41606,92,76,16,16
41607,127,121,6,6
41608,64,73,-9,9
41609,86,70,16,16
41610,83,74,9,9
41611,86,91,-5,5
41612,110,104,6,6
41613,128,131,-3,3
41614,152,142,10,10
41615,106,106,0,0
41616,71,71,0,0
41617,70,76,-6,6
41618,71,69,2,2
41619,80,83,-3,3
41620,10,50,-40,40
41621,95,84,11,11
41622,88,81,7,7
41623,55,53,2,2
41624,96,79,17,17
41625,114,99,15,15
41626,113,104,9,9
41627,115,105,10,10
41628,50,55,-5,5
41629,130,122,8,8
41630,130,122,8,8
41631,85,83,2,2
41632,72,69,3,3
41633,177,157,20,20
41634,90,95,-5,5
41635,131,133,-2,2
41636,68,69,-1,1
41637,46,53,-7,7
41638,96,97,-1,1
41639,161,144,17,17
41640,60,58,2,2
41641,73,74,-1,1
41642,50,54,-4,4
41643,60,54,6,6
41644,122,114,8,8
41645,136,126,10,10
41646,90,80,10,10
41647,131,123,8,8
41648,95,86,9,9
41649,66,66,0,0
41650,105,112,-7,7
41651,82,77,5,5
41652,107,100,7,7
41653,61,58,3,3
41654,136,119,17,17
41655,128,133,-5,5
41656,66,72,-6,6
41657,125,121,4,4
41658,69,65,4,4
41659,68,76,-8,8
41660,84,85,-1,1
41661,47,55,-8,8
41662,77,74,3,3
41663,113,100,13,13
41664,155,149,6,6
41665,88,89,-1,1
41666,76,72,4,4
41667,104,141,-37,37
41668,43,54,-11,11
41669,69,73,-4,4
41670,94,97,-3,3
41671,121,116,5,5
41672,178,159,19,19
41673,69,62,7,7
41674,113,113,0,0
41675,118,112,6,6
41676,86,83,3,3
41677,71,69,2,2
41678,112,107,5,5
41679,114,102,12,12
41680,68,64,4,4
41681,75,70,5,5
41682,103,95,8,8
41683,71,74,-3,3
41684,57,55,2,2
41685,88,85,3,3
41686,165,149,16,16
41687,79,79,0,0
41688,133,127,6,6
41689,125,112,13,13
41690,91,105,-14,14
41691,117,115,2,2
41692,108,97,11,11
41693,101,96,5,5
41694,61,60,1,1
41695,170,152,18,18
41696,152,137,15,15
41697,86,84,2,2
41698,89,81,8,8
41699,137,127,10,10
41700,107,102,5,5
41701,145,128,17,17
41702,152,151,1,1
41703,89,77,12,12
41704,81,73,8,8
41705,102,101,1,1
41706,85,89,-4,4
41707,70,69,1,1
41708,85,80,5,5
41709,105,102,3,3
41710,79,70,9,9
41711,55,61,-6,6
41712,94,87,7,7
41713,49,54,-5,5
41714,42,53,-11,11
41715,302,272,30,30
41716,116,103,13,13
41717,68,70,-2,2
41718,81,81,0,0
41719,98,108,-10,10
41720,120,105,15,15
41721,135,131,4,4
41722,85,86,-1,1
41723,76,75,1,1
41724,125,117,8,8
41725,26,51,-25,25
41726,111,88,23,23
41727,152,129,23,23
41728,85,79,6,6
41729,99,99,0,0
41730,98,105,-7,7
41731,99,90,9,9
41732,81,75,6,6
41733,98,106,-8,8
41734,101,84,17,17
41735,64,63,1,1
41736,185,174,11,11
41737,97,93,4,4
41738,93,99,-6,6
41739,65,65,0,0
41740,89,86,3,3
41741,53,56,-3,3
41742,96,90,6,6
41743,133,120,13,13
41744,149,126,23,23
41745,155,140,15,15
41746,86,77,9,9
41747,64,59,5,5
41748,133,117,16,16
41749,119,123,-4,4
41750,70,71,-1,1
41751,57,57,0,0
41752,56,62,-6,6
41753,55,54,1,1
41754,57,59,-2,2
41755,106,106,0,0
41756,85,86,-1,1
41757,80,75,5,5
41758,71,84,-13,13
41759,79,89,-10,10
41760,72,77,-5,5
41761,67,59,8,8
41762,200,180,20,20
41763,55,58,-3,3
41764,103,99,4,4
41765,80,75,5,5
41766,113,109,4,4
41767,34,62,-28,28
41768,77,78,-1,1
41769,145,138,7,7
41770,143,143,0,0
41771,100,92,8,8
41772,53,60,-7,7
41773,61,88,-27,27
41774,109,114,-5,5
41775,86,75,11,11
41776,72,71,1,1
41777,86,87,-1,1
41778,115,120,-5,5
41779,74,78,-4,4
41780,85,80,5,5
41781,97,91,6,6
41782,111,103,8,8
41783,63,75,-12,12
41784,104,100,4,4
41785,101,97,4,4
41786,110,101,9,9
41787,72,78,-6,6
41788,128,117,11,11
41789,74,84,-10,10
41790,108,95,13,13
41791,110,104,6,6
41792,68,67,1,1
41793,41,52,-11,11
41794,153,151,2,2
41795,115,113,2,2
41796,58,66,-8,8
41797,45,64,-19,19
41798,92,88,4,4
41799,57,58,-1,1
41800,125,111,14,14
41801,82,85,-3,3
41802,61,63,-2,2
41803,148,133,15,15
41804,72,68,4,4
41805,108,103,5,5
41806,97,102,-5,5
41807,134,116,18,18
41808,50,53,-3,3
41809,66,62,4,4
41810,61,56,5,5
41811,91,84,7,7
41812,133,125,8,8
41813,131,107,24,24
41814,67,76,-9,9
41815,112,104,8,8
41816,100,109,-9,9
41817,193,173,20,20
41818,90,81,9,9
41819,77,73,4,4
41820,80,80,0,0
41821,117,111,6,6
41822,87,86,1,1
41823,64,65,-1,1
41824,61,59,2,2
41825,120,119,1,1
41826,119,115,4,4
41827,137,124,13,13
41828,54,60,-6,6
41829,162,141,21,21
41830,152,154,-2,2
41831,69,61,8,8
41832,80,77,3,3
41833,92,91,1,1
41834,96,83,13,13
41835,107,107,0,0
41836,71,73,-2,2
41837,83,87,-4,4
41838,89,89,0,0
41839,121,112,9,9
41840,81,81,0,0
41841,112,109,3,3
41842,147,127,20,20
41843,62,63,-1,1
41844,129,122,7,7
41845,74,80,-6,6
41846,168,142,26,26
41847,47,52,-5,5
41848,128,130,-2,2
41849,49,55,-6,6
41850,56,56,0,0
41851,89,83,6,6
41852,67,64,3,3
41853,68,73,-5,5
41854,114,113,1,1
41855,137,138,-1,1
41856,122,114,8,8
41857,74,74,0,0
41858,67,64,3,3
41859,129,122,7,7
41860,139,137,2,2
41861,62,64,-2,2
41862,100,97,3,3
41863,88,83,5,5
41864,64,63,1,1
41865,92,83,9,9
41866,119,132,-13,13
41867,81,79,2,2
41868,59,58,1,1
41869,106,98,8,8
41870,94,81,13,13
41871,112,93,19,19
41872,80,82,-2,2
41873,101,105,-4,4
41874,135,120,15,15
41875,135,122,13,13
41876,104,93,11,11
41877,85,79,6,6
41878,176,160,16,16
41879,79,75,4,4
41880,69,61,8,8
41881,41,52,-11,11
41882,47,54,-7,7
41883,67,67,0,0
41884,69,74,-5,5
41885,51,54,-3,3
41886,73,81,-8,8
41887,108,100,8,8
41888,47,53,-6,6
41889,120,124,-4,4
41890,117,109,8,8
41891,91,96,-5,5
41892,110,110,0,0
41893,82,79,3,3
41894,97,93,4,4
41895,92,91,1,1
41896,72,66,6,6
41897,74,63,11,11
41898,80,90,-10,10
41899,49,54,-5,5
41900,133,120,13,13
41901,85,86,-1,1
41902,116,107,9,9
41903,72,69,3,3
41904,125,117,8,8
41905,91,89,2,2
41906,103,98,5,5
41907,110,104,6,6
41908,102,104,-2,2
41909,111,96,15,15
41910,50,64,-14,14
41911,50,54,-4,4
41912,106,97,9,9
41913,79,75,4,4
41914,138,119,19,19
41915,110,112,-2,2
41916,59,60,-1,1
41917,72,70,2,2
41918,190,163,27,27
41919,93,85,8,8
41920,47,55,-8,8
41921,46,58,-12,12
41922,135,123,12,12
41923,56,70,-14,14
41924,67,65,2,2
41925,101,98,3,3
41926,78,74,4,4
41927,61,74,-13,13
41928,43,62,-19,19
41929,142,136,6,6
41930,88,90,-2,2
41931,119,115,4,4
41932,146,124,22,22
41933,93,92,1,1
41934,109,107,2,2
41935,105,100,5,5
41936,98,98,0,0
41937,75,70,5,5
41938,78,78,0,0
41939,101,106,-5,5
41940,88,99,-11,11
41941,133,134,-1,1
41942,66,65,1,1
41943,101,94,7,7
41944,94,92,2,2
41945,86,80,6,6
41946,95,87,8,8
41947,96,98,-2,2
41948,83,79,4,4
41949,119,95,24,24
41950,116,111,5,5
41951,92,83,9,9
41952,89,94,-5,5
41953,215,204,11,11
41954,96,93,3,3
41955,138,123,15,15
41956,73,71,2,2
41957,72,78,-6,6
41958,83,90,-7,7
41959,119,108,11,11
41960,83,79,4,4
41961,140,121,19,19
41962,164,144,20,20
41963,105,94,11,11
41964,109,85,24,24
41965,100,88,12,12
41966,95,94,1,1
41967,85,78,7,7
41968,83,79,4,4
41969,148,139,9,9
41970,95,93,2,2
41971,110,121,-11,11
41972,104,110,-6,6
41973,125,136,-11,11
41974,110,117,-7,7
41975,109,103,6,6
41976,87,80,7,7
41977,166,157,9,9
41978,68,79,-11,11
41979,104,89,15,15
41980,127,99,28,28
41981,60,63,-3,3
41982,106,90,16,16
41983,58,59,-1,1
41984,59,56,3,3
41985,98,92,6,6
41986,150,152,-2,2
41987,107,106,1,1
41988,75,81,-6,6
41989,95,93,2,2
41990,82,82,0,0
41991,101,83,18,18
41992,63,69,-6,6
41993,81,66,15,15
41994,60,61,-1,1
41995,121,110,11,11
41996,110,97,13,13
41997,73,78,-5,5
41998,62,67,-5,5
41999,66,68,-2,2
42000,87,87,0,0
42001,130,132,-2,2
42002,84,86,-2,2
42003,142,137,5,5
42004,61,61,0,0
42005,109,101,8,8
42006,147,130,17,17
42007,37,57,-20,20
42008,246,183,63,63
42009,61,68,-7,7
42010,111,105,6,6
42011,92,91,1,1
42012,133,140,-7,7
42013,161,143,18,18
42014,128,133,-5,5
42015,73,61,12,12
42016,115,112,3,3
42017,159,147,12,12
42018,75,69,6,6
42019,85,95,-10,10
42020,79,81,-2,2
42021,103,93,10,10
42022,109,103,6,6
42023,89,84,5,5
42024,158,152,6,6
42025,86,84,2,2
42026,114,99,15,15
42027,145,134,11,11
42028,83,78,5,5
42029,142,137,5,5
42030,48,56,-8,8
42031,69,68,1,1
42032,90,103,-13,13
42033,152,133,19,19
42034,72,74,-2,2
42035,93,92,1,1
42036,59,60,-1,1
42037,142,130,12,12
42038,95,82,13,13
42039,152,127,25,25
42040,87,84,3,3
42041,79,67,12,12
42042,80,79,1,1
42043,89,87,2,2
42044,74,67,7,7
42045,78,73,5,5
42046,100,96,4,4
42047,92,93,-1,1
42048,135,130,5,5
42049,112,109,3,3
42050,109,106,3,3
42051,86,73,13,13
42052,80,73,7,7
42053,92,98,-6,6
42054,93,95,-2,2
42055,111,110,1,1
42056,64,63,1,1
42057,96,77,19,19
42058,79,88,-9,9
42059,148,154,-6,6
42060,74,78,-4,4
42061,91,82,9,9
42062,85,80,5,5
42063,104,94,10,10
42064,132,131,1,1
42065,75,81,-6,6
42066,175,171,4,4
42067,77,70,7,7
42068,92,90,2,2
42069,150,138,12,12
42070,35,85,-50,50
42071,79,76,3,3
42072,57,61,-4,4
42073,70,60,10,10
42074,117,130,-13,13
42075,84,77,7,7
42076,51,77,-26,26
42077,88,96,-8,8
42078,83,78,5,5
42079,89,75,14,14
42080,79,76,3,3
42081,76,79,-3,3
42082,50,60,-10,10
42083,102,95,7,7
42084,111,123,-12,12
42085,82,83,-1,1
42086,114,123,-9,9
42087,99,87,12,12
42088,111,100,11,11
42089,99,98,1,1
42090,68,65,3,3
42091,159,136,23,23
42092,78,78,0,0
42093,43,54,-11,11
42094,64,62,2,2
42095,77,78,-1,1
42096,38,53,-15,15
42097,39,52,-13,13
42098,87,93,-6,6
42099,89,77,12,12
42100,101,99,2,2
42101,115,111,4,4
42102,101,92,9,9
42103,52,56,-4,4
42104,68,70,-2,2
42105,57,60,-3,3
42106,97,85,12,12
42107,80,84,-4,4
42108,95,90,5,5
42109,155,141,14,14
42110,74,74,0,0
42111,104,89,15,15
42112,63,72,-9,9
42113,28,52,-24,24
42114,96,88,8,8
42115,104,102,2,2
42116,118,113,5,5
42117,81,74,7,7
42118,58,63,-5,5
42119,85,88,-3,3
42120,59,62,-3,3
42121,91,101,-10,10
42122,120,108,12,12
42123,58,58,0,0
42124,89,77,12,12
42125,101,104,-3,3
42126,89,85,4,4
42127,68,62,6,6
42128,122,108,14,14
42129,71,77,-6,6
42130,71,70,1,1
42131,75,90,-15,15
42132,130,128,2,2
42133,103,87,16,16
42134,114,105,9,9
42135,145,134,11,11
42136,108,101,7,7
42137,102,101,1,1
42138,107,100,7,7
42139,97,92,5,5
42140,94,82,12,12
42141,70,70,0,0
42142,91,91,0,0
42143,92,93,-1,1
42144,60,64,-4,4
42145,83,81,2,2
42146,92,83,9,9
42147,106,104,2,2
42148,47,58,-11,11
42149,72,66,6,6
42150,137,126,11,11
42151,69,71,-2,2
42152,69,58,11,11
42153,123,117,6,6
42154,77,78,-1,1
42155,74,64,10,10
42156,144,143,1,1
42157,132,127,5,5
42158,109,101,8,8
42159,93,89,4,4
42160,56,57,-1,1
42161,125,114,11,11
42162,54,62,-8,8
42163,127,114,13,13
42164,96,97,-1,1
42165,106,89,17,17
42166,98,96,2,2
42167,97,92,5,5
42168,65,62,3,3
42169,91,80,11,11
42170,90,89,1,1
42171,135,121,14,14
42172,109,118,-9,9
42173,101,92,9,9
42174,80,80,0,0
42175,105,103,2,2
42176,64,62,2,2
42177,155,145,10,10
42178,119,116,3,3
42179,76,66,10,10
42180,122,111,11,11
42181,59,59,0,0
42182,63,61,2,2
42183,92,95,-3,3
42184,101,96,5,5
42185,100,94,6,6
42186,88,93,-5,5
42187,98,90,8,8
42188,153,131,22,22
42189,92,84,8,8
42190,76,64,12,12
42191,110,101,9,9
42192,86,88,-2,2
42193,130,123,7,7
42194,126,127,-1,1
42195,78,69,9,9
42196,77,76,1,1
42197,104,102,2,2
42198,126,129,-3,3
42199,79,75,4,4
42200,117,122,-5,5
42201,45,54,-9,9
42202,100,101,-1,1
42203,83,70,13,13
42204,134,127,7,7
42205,83,78,5,5
42206,90,96,-6,6
42207,86,90,-4,4
42208,89,84,5,5
42209,60,67,-7,7
42210,78,78,0,0
42211,120,117,3,3
42212,72,71,1,1
42213,104,102,2,2
42214,188,163,25,25
42215,93,86,7,7
42216,159,140,19,19
42217,80,73,7,7
42218,96,97,-1,1
42219,114,110,4,4
42220,113,112,1,1
42221,62,68,-6,6
42222,140,134,6,6
42223,157,141,16,16
42224,61,66,-5,5
42225,95,103,-8,8
42226,130,123,7,7
42227,134,137,-3,3
42228,84,85,-1,1
42229,83,77,6,6
42230,96,96,0,0
42231,85,76,9,9
42232,117,118,-1,1
42233,49,53,-4,4
42234,55,56,-1,1
42235,116,96,20,20
42236,65,63,2,2
42237,86,87,-1,1
42238,58,69,-11,11
42239,55,61,-6,6
42240,109,99,10,10
42241,109,95,14,14
42242,115,107,8,8
42243,131,104,27,27
42244,79,78,1,1
42245,74,76,-2,2
42246,114,107,7,7
42247,125,112,13,13
42248,90,80,10,10
42249,81,78,3,3
42250,109,97,12,12
42251,90,82,8,8
42252,58,60,-2,2
42253,67,68,-1,1
42254,88,78,10,10
42255,71,84,-13,13
42256,118,125,-7,7
42257,109,108,1,1
42258,75,95,-20,20
42259,38,51,-13,13
42260,173,156,17,17
42261,153,150,3,3
42262,66,59,7,7
42263,58,59,-1,1
42264,44,57,-13,13
42265,86,77,9,9
42266,100,94,6,6
42267,86,91,-5,5
42268,106,103,3,3
42269,80,75,5,5
42270,84,76,8,8
42271,76,72,4,4
42272,96,88,8,8
42273,90,89,1,1
42274,116,120,-4,4
42275,196,161,35,35
42276,103,98,5,5
42277,95,99,-4,4
42278,68,63,5,5
42279,96,82,14,14
42280,109,99,10,10
42281,86,84,2,2
42282,174,161,13,13
42283,78,80,-2,2
42284,47,53,-6,6
42285,96,93,3,3
42286,92,86,6,6
42287,79,67,12,12
42288,85,79,6,6
42289,113,114,-1,1
42290,96,93,3,3
42291,80,74,6,6
42292,43,52,-9,9
42293,93,99,-6,6
42294,63,70,-7,7
42295,96,84,12,12
42296,103,97,6,6
42297,53,61,-8,8
42298,99,92,7,7
42299,79,81,-2,2
42300,70,65,5,5
42301,106,90,16,16
42302,104,133,-29,29
42303,141,132,9,9
42304,99,84,15,15
42305,96,89,7,7
42306,55,54,1,1
42307,99,95,4,4
42308,116,114,2,2
42309,64,89,-25,25
42310,152,133,19,19
42311,63,65,-2,2
42312,78,70,8,8
42313,123,131,-8,8
42314,126,123,3,3
42315,79,73,6,6
42316,92,70,22,22
42317,94,98,-4,4
42318,200,173,27,27
42319,157,148,9,9
42320,80,75,5,5
42321,57,57,0,0
42322,141,129,12,12
42323,60,63,-3,3
42324,85,76,9,9
42325,54,55,-1,1
42326,159,151,8,8
42327,150,129,21,21
42328,87,79,8,8
42329,47,62,-15,15
42330,96,92,4,4
42331,82,79,3,3
42332,74,67,7,7
42333,120,118,2,2
42334,109,87,22,22
42335,86,89,-3,3
42336,129,114,15,15
42337,196,171,25,25
42338,178,153,25,25
42339,105,94,11,11
42340,61,65,-4,4
42341,67,69,-2,2
42342,109,103,6,6
42343,111,120,-9,9
42344,52,64,-12,12
42345,89,78,11,11
42346,71,82,-11,11
42347,111,107,4,4
42348,40,53,-13,13
42349,79,82,-3,3
42350,99,90,9,9
42351,96,91,5,5
42352,63,58,5,5
42353,103,121,-18,18
42354,97,105,-8,8
42355,90,90,0,0
42356,119,101,18,18
42357,176,150,26,26
42358,97,91,6,6
42359,131,140,-9,9
42360,86,73,13,13
42361,77,71,6,6
42362,84,80,4,4
42363,70,66,4,4
42364,109,103,6,6
42365,121,116,5,5
42366,125,133,-8,8
42367,150,121,29,29
42368,103,94,9,9
42369,151,129,22,22
42370,58,58,0,0
42371,64,61,3,3
42372,122,120,2,2
42373,104,90,14,14
42374,92,82,10,10
42375,100,97,3,3
42376,142,126,16,16
42377,93,83,10,10
42378,120,110,10,10
42379,75,76,-1,1
42380,106,97,9,9
42381,60,62,-2,2
42382,83,82,1,1
42383,98,96,2,2
42384,56,53,3,3
42385,37,53,-16,16
42386,97,82,15,15
42387,152,142,10,10
42388,97,88,9,9
42389,76,68,8,8
42390,80,89,-9,9
42391,56,61,-5,5
42392,108,92,16,16
42393,128,101,27,27
42394,117,107,10,10
42395,103,96,7,7
42396,31,57,-26,26
42397,84,76,8,8
42398,92,90,2,2
42399,115,124,-9,9
42400,128,128,0,0
42401,128,116,12,12
42402,75,78,-3,3
42403,72,77,-5,5
42404,95,89,6,6
42405,56,59,-3,3
42406,83,78,5,5
42407,97,97,0,0
42408,109,94,15,15
42409,126,115,11,11
42410,135,135,0,0
42411,75,75,0,0
42412,73,64,9,9
42413,89,86,3,3
42414,94,91,3,3
42415,81,77,4,4
42416,78,77,1,1
42417,79,69,10,10
42418,78,78,0,0
42419,105,105,0,0
42420,112,107,5,5
42421,75,67,8,8
42422,98,93,5,5
42423,94,88,6,6
42424,56,64,-8,8
42425,92,82,10,10
42426,68,68,0,0
42427,104,101,3,3
42428,144,121,23,23
42429,50,57,-7,7
42430,51,57,-6,6
42431,61,72,-11,11
42432,83,88,-5,5
42433,28,52,-24,24
42434,99,100,-1,1
42435,83,85,-2,2
42436,162,145,17,17
42437,104,95,9,9
42438,88,90,-2,2
42439,95,88,7,7
42440,116,108,8,8
42441,144,127,17,17
42442,69,56,13,13
42443,102,110,-8,8
42444,116,114,2,2
42445,61,63,-2,2
42446,108,103,5,5
42447,55,55,0,0
42448,142,131,11,11
42449,156,143,13,13
42450,129,114,15,15
42451,180,161,19,19
42452,111,113,-2,2
42453,179,169,10,10
42454,89,87,2,2
42455,114,105,9,9
42456,96,87,9,9
42457,117,114,3,3
42458,64,65,-1,1
42459,57,59,-2,2
42460,54,58,-4,4
42461,95,83,12,12
42462,89,68,21,21
42463,109,96,13,13
42464,76,75,1,1
42465,67,65,2,2
42466,65,63,2,2
42467,76,81,-5,5
42468,92,86,6,6
42469,92,88,4,4
42470,74,68,6,6
42471,92,81,11,11
42472,80,72,8,8
42473,89,89,0,0
42474,43,52,-9,9
42475,69,71,-2,2
42476,88,89,-1,1
42477,84,90,-6,6
42478,115,112,3,3
42479,56,54,2,2
42480,95,99,-4,4
42481,80,90,-10,10
42482,80,77,3,3
42483,98,91,7,7
42484,49,53,-4,4
42485,91,80,11,11
42486,64,69,-5,5
42487,53,62,-9,9
42488,85,74,11,11
42489,98,91,7,7
42490,100,88,12,12
42491,69,70,-1,1
42492,48,52,-4,4
42493,105,92,13,13
42494,163,144,19,19
42495,150,143,7,7
42496,85,85,0,0
42497,128,124,4,4
42498,99,100,-1,1
42499,103,94,9,9
42500,128,110,18,18
42501,107,105,2,2
42502,55,62,-7,7
42503,84,92,-8,8
42504,90,92,-2,2
42505,90,93,-3,3
42506,72,67,5,5
42507,91,91,0,0
42508,87,93,-6,6
42509,84,67,17,17
42510,42,53,-11,11
42511,65,68,-3,3
42512,131,127,4,4
42513,48,58,-10,10
42514,109,99,10,10
42515,85,92,-7,7
42516,66,60,6,6
42517,83,87,-4,4
42518,46,51,-5,5
42519,141,131,10,10
42520,59,63,-4,4
42521,87,81,6,6
42522,84,86,-2,2
42523,86,90,-4,4
42524,127,115,12,12
42525,111,116,-5,5
42526,102,102,0,0
42527,65,67,-2,2
42528,70,67,3,3
42529,61,65,-4,4
42530,104,101,3,3
42531,111,105,6,6
42532,202,180,22,22
42533,100,89,11,11
42534,136,132,4,4
42535,35,52,-17,17
42536,40,52,-12,12
42537,115,106,9,9
42538,116,108,8,8
42539,72,64,8,8
42540,108,104,4,4
42541,106,114,-8,8
42542,62,63,-1,1
42543,127,112,15,15
42544,94,86,8,8
42545,89,79,10,10
42546,70,69,1,1
42547,72,76,-4,4
42548,98,84,14,14
42549,96,87,9,9
42550,108,112,-4,4
42551,142,117,25,25
42552,77,75,2,2
42553,67,63,4,4
42554,81,85,-4,4
42555,54,55,-1,1
42556,124,118,6,6
42557,110,109,1,1
42558,101,97,4,4
42559,86,87,-1,1
42560,117,108,9,9
42561,111,104,7,7
42562,136,121,15,15
42563,78,72,6,6
42564,62,76,-14,14
42565,231,197,34,34
42566,180,175,5,5
42567,91,85,6,6
42568,134,130,4,4
42569,80,78,2,2
42570,100,98,2,2
42571,123,118,5,5
42572,109,102,7,7
42573,70,64,6,6
42574,57,57,0,0
42575,148,135,13,13
42576,76,71,5,5
42577,70,68,2,2
42578,82,82,0,0
42579,102,105,-3,3
42580,198,179,19,19
42581,56,55,1,1
42582,94,94,0,0
42583,97,95,2,2
42584,103,92,11,11
42585,81,75,6,6
42586,102,95,7,7
42587,85,84,1,1
42588,165,143,22,22
42589,50,58,-8,8
42590,124,117,7,7
42591,101,94,7,7
42592,79,72,7,7
42593,138,138,0,0
42594,191,142,49,49
42595,162,152,10,10
42596,126,116,10,10
42597,103,100,3,3
42598,49,54,-5,5
42599,113,115,-2,2
42600,100,94,6,6
42601,118,115,3,3
42602,117,118,-1,1
42603,84,85,-1,1
42604,110,98,12,12
42605,128,109,19,19
42606,105,100,5,5
42607,59,56,3,3
42608,91,85,6,6
42609,68,60,8,8
42610,72,79,-7,7
42611,135,127,8,8
42612,79,92,-13,13
42613,107,105,2,2
42614,30,52,-22,22
42615,70,70,0,0
42616,105,102,3,3
42617,92,89,3,3
42618,177,165,12,12
42619,84,86,-2,2
42620,67,76,-9,9
42621,150,121,29,29
42622,65,83,-18,18
42623,69,68,1,1
42624,94,88,6,6
42625,87,71,16,16
42626,73,79,-6,6
42627,70,73,-3,3
42628,93,81,12,12
42629,110,104,6,6
42630,87,73,14,14
42631,109,109,0,0
42632,71,73,-2,2
42633,103,103,0,0
42634,152,138,14,14
42635,70,72,-2,2
42636,125,103,22,22
42637,91,90,1,1
42638,172,161,11,11
42639,60,70,-10,10
42640,99,123,-24,24
42641,61,59,2,2
42642,91,88,3,3
42643,94,84,10,10
42644,135,120,15,15
42645,43,57,-14,14
42646,83,87,-4,4
42647,93,88,5,5
42648,116,108,8,8
42649,131,105,26,26
42650,140,143,-3,3
42651,101,105,-4,4
42652,160,143,17,17
42653,157,131,26,26
42654,147,166,-19,19
42655,151,145,6,6
42656,162,152,10,10
42657,52,95,-43,43
42658,77,72,5,5
42659,86,80,6,6
42660,86,88,-2,2
42661,91,81,10,10
42662,118,108,10,10
42663,103,96,7,7
42664,103,101,2,2
42665,74,72,2,2
42666,119,109,10,10
42667,89,84,5,5
42668,107,96,11,11
42669,109,141,-32,32
42670,85,88,-3,3
42671,70,67,3,3
42672,86,79,7,7
42673,105,100,5,5
42674,98,94,4,4
42675,75,74,1,1
42676,50,57,-7,7
42677,67,67,0,0
42678,76,68,8,8
42679,80,71,9,9
42680,124,121,3,3
42681,60,70,-10,10
42682,73,70,3,3
42683,52,53,-1,1
42684,102,99,3,3
42685,29,52,-23,23
42686,66,71,-5,5
42687,80,67,13,13
42688,76,74,2,2
42689,107,100,7,7
42690,68,58,10,10
42691,129,114,15,15
42692,51,54,-3,3
42693,131,130,1,1
42694,73,75,-2,2
42695,157,143,14,14
42696,96,102,-6,6
42697,19,55,-36,36
42698,109,97,12,12
42699,67,68,-1,1
42700,132,126,6,6
42701,156,119,37,37
42702,85,92,-7,7
42703,90,86,4,4
42704,85,76,9,9
42705,44,56,-12,12
42706,150,135,15,15
42707,65,66,-1,1
42708,91,100,-9,9
42709,63,75,-12,12
42710,80,80,0,0
42711,163,160,3,3
42712,110,96,14,14
42713,100,97,3,3
42714,89,77,12,12
42715,51,56,-5,5
42716,97,101,-4,4
42717,82,82,0,0
42718,85,81,4,4
42719,73,77,-4,4
42720,80,68,12,12
42721,50,57,-7,7
42722,81,74,7,7
42723,68,67,1,1
42724,76,75,1,1
42725,75,69,6,6
42726,82,88,-6,6
42727,78,76,2,2
42728,53,68,-15,15
42729,55,56,-1,1
42730,41,53,-12,12
42731,95,92,3,3
42732,55,55,0,0
42733,99,113,-14,14
42734,64,70,-6,6
42735,93,101,-8,8
42736,61,55,6,6
42737,95,90,5,5
42738,116,116,0,0
42739,83,71,12,12
42740,82,73,9,9
42741,137,113,24,24
42742,69,73,-4,4
42743,69,61,8,8
42744,60,54,6,6
42745,81,87,-6,6
42746,128,122,6,6
42747,78,71,7,7
42748,79,80,-1,1
42749,74,80,-6,6
42750,69,71,-2,2
42751,140,129,11,11
42752,108,111,-3,3
42753,61,56,5,5
42754,142,137,5,5
42755,42,53,-11,11
42756,68,62,6,6
42757,74,73,1,1
42758,94,95,-1,1
42759,164,148,16,16
42760,77,72,5,5
42761,94,82,12,12
42762,192,185,7,7
42763,121,117,4,4
42764,61,59,2,2
42765,120,120,0,0
42766,103,99,4,4
42767,89,82,7,7
42768,100,89,11,11
42769,97,85,12,12
42770,64,67,-3,3
42771,165,157,8,8
42772,74,70,4,4
42773,65,65,0,0
42774,39,60,-21,21
42775,183,161,22,22
42776,82,82,0,0
42777,111,107,4,4
42778,150,132,18,18
42779,89,75,14,14
42780,116,108,8,8
42781,106,103,3,3
42782,129,128,1,1
42783,59,61,-2,2
42784,161,132,29,29
42785,108,121,-13,13
42786,63,74,-11,11
42787,114,107,7,7
42788,80,84,-4,4
42789,81,83,-2,2
42790,72,71,1,1
42791,99,90,9,9
42792,98,80,18,18
42793,111,96,15,15
42794,120,110,10,10
42795,119,110,9,9
42796,69,72,-3,3
42797,137,125,12,12
42798,130,125,5,5
42799,106,89,17,17
42800,58,60,-2,2
42801,144,135,9,9
42802,117,114,3,3
42803,146,150,-4,4
42804,137,127,10,10
42805,116,119,-3,3
42806,86,77,9,9
42807,89,84,5,5
42808,107,99,8,8
42809,108,107,1,1
42810,109,94,15,15
42811,53,59,-6,6
42812,79,70,9,9
42813,59,61,-2,2
42814,84,78,6,6
42815,156,139,17,17
42816,121,112,9,9
42817,66,63,3,3
42818,74,71,3,3
42819,47,97,-50,50
42820,106,99,7,7
42821,98,85,13,13
42822,68,59,9,9
42823,58,65,-7,7
42824,86,86,0,0
42825,87,88,-1,1
42826,85,89,-4,4
42827,143,134,9,9
42828,168,144,24,24
42829,63,70,-7,7
42830,72,113,-41,41
42831,170,173,-3,3
42832,139,138,1,1
42833,104,106,-2,2
42834,66,56,10,10
42835,78,75,3,3
42836,66,60,6,6
42837,78,72,6,6
42838,178,153,25,25
42839,176,161,15,15
42840,77,67,10,10
42841,51,54,-3,3
42842,112,87,25,25
42843,110,122,-12,12
42844,140,138,2,2
42845,120,105,15,15
42846,88,86,2,2
42847,85,90,-5,5
42848,166,147,19,19
42849,71,69,2,2
42850,112,116,-4,4
42851,73,66,7,7
42852,80,76,4,4
42853,113,123,-10,10
42854,62,63,-1,1
42855,94,71,23,23
42856,145,142,3,3
42857,131,135,-4,4
42858,103,100,3,3
42859,98,99,-1,1
42860,84,75,9,9
42861,133,117,16,16
42862,144,131,13,13
42863,141,124,17,17
42864,119,99,20,20
42865,87,81,6,6
42866,79,81,-2,2
42867,63,68,-5,5
42868,89,91,-2,2
42869,38,53,-15,15
42870,99,100,-1,1
42871,114,102,12,12
42872,129,113,16,16
42873,155,145,10,10
42874,87,69,18,18
42875,70,66,4,4
42876,112,100,12,12
42877,137,129,8,8
42878,92,83,9,9
42879,145,135,10,10
42880,154,128,26,26
42881,130,122,8,8
42882,45,59,-14,14
42883,63,57,6,6
42884,58,56,2,2
42885,96,95,1,1
42886,102,95,7,7
42887,118,123,-5,5
42888,119,112,7,7
42889,75,71,4,4
42890,115,114,1,1
42891,94,93,1,1
42892,108,102,6,6
42893,101,93,8,8
42894,136,129,7,7
42895,110,107,3,3
42896,127,119,8,8
42897,94,78,16,16
42898,124,106,18,18
42899,68,70,-2,2
42900,128,113,15,15
42901,138,129,9,9
42902,83,82,1,1
42903,125,104,21,21
42904,63,65,-2,2
42905,133,104,29,29
42906,77,71,6,6
42907,94,88,6,6
42908,116,99,17,17
42909,93,91,2,2
42910,84,85,-1,1
42911,125,116,9,9
42912,123,124,-1,1
42913,92,84,8,8
42914,155,142,13,13
42915,86,189,-103,103
42916,75,73,2,2
42917,74,76,-2,2
42918,78,77,1,1
42919,96,83,13,13
42920,113,116,-3,3
42921,139,153,-14,14
42922,95,87,8,8
42923,83,81,2,2
42924,128,122,6,6
42925,102,98,4,4
42926,124,134,-10,10
42927,71,71,0,0
42928,63,65,-2,2
42929,71,68,3,3
42930,131,129,2,2
42931,115,128,-13,13
42932,91,85,6,6
42933,92,94,-2,2
42934,59,55,4,4
42935,138,135,3,3
42936,71,66,5,5
42937,53,63,-10,10
42938,103,99,4,4
42939,85,78,7,7
42940,92,89,3,3
42941,109,120,-11,11
42942,74,82,-8,8
42943,100,95,5,5
42944,111,105,6,6
42945,112,105,7,7
42946,112,99,13,13
42947,31,51,-20,20
42948,57,76,-19,19
42949,194,172,22,22
42950,75,67,8,8
42951,119,113,6,6
42952,106,101,5,5
42953,89,75,14,14
42954,75,70,5,5
42955,77,75,2,2
42956,68,70,-2,2
42957,48,53,-5,5
42958,53,54,-1,1
42959,91,88,3,3
42960,90,102,-12,12
42961,57,65,-8,8
42962,81,78,3,3
42963,113,108,5,5
42964,89,84,5,5
42965,74,68,6,6
42966,89,85,4,4
42967,73,76,-3,3
42968,54,57,-3,3
42969,77,76,1,1
42970,108,93,15,15
42971,59,67,-8,8
42972,218,192,26,26
42973,118,124,-6,6
42974,86,88,-2,2
42975,153,141,12,12
42976,123,118,5,5
42977,117,114,3,3
42978,51,54,-3,3
42979,77,72,5,5
42980,59,58,1,1
42981,69,75,-6,6
42982,67,72,-5,5
42983,83,75,8,8
42984,137,120,17,17
42985,96,84,12,12
42986,68,68,0,0
42987,91,97,-6,6
42988,81,84,-3,3
42989,79,64,15,15
42990,50,53,-3,3
42991,78,77,1,1
42992,32,51,-19,19
42993,64,61,3,3
42994,80,83,-3,3
42995,99,90,9,9
42996,131,131,0,0
42997,48,52,-4,4
42998,77,69,8,8
42999,128,124,4,4
43000,120,116,4,4
43001,55,57,-2,2
43002,79,68,11,11
43003,85,80,5,5
43004,148,133,15,15
43005,136,126,10,10
43006,111,120,-9,9
43007,105,127,-22,22
43008,93,88,5,5
43009,79,72,7,7
43010,87,81,6,6
43011,69,70,-1,1
43012,109,105,4,4
43013,156,142,14,14
43014,106,103,3,3
43015,105,102,3,3
43016,42,53,-11,11
43017,84,78,6,6
43018,15,51,-36,36
43019,89,92,-3,3
43020,179,163,16,16
43021,65,66,-1,1
43022,108,111,-3,3
43023,40,52,-12,12
43024,89,80,9,9
43025,138,124,14,14
43026,134,131,3,3
43027,102,95,7,7
43028,103,98,5,5
43029,143,122,21,21
43030,65,67,-2,2
43031,74,69,5,5
43032,116,104,12,12
43033,79,79,0,0
43034,74,73,1,1
43035,91,70,21,21
43036,99,91,8,8
43037,64,62,2,2
43038,120,108,12,12
43039,103,91,12,12
43040,90,85,5,5
43041,51,53,-2,2
43042,96,84,12,12
43043,77,72,5,5
43044,142,138,4,4
43045,77,68,9,9
43046,90,82,8,8
43047,141,130,11,11
43048,85,87,-2,2
43049,98,86,12,12
43050,146,136,10,10
43051,120,107,13,13
43052,107,106,1,1
43053,97,97,0,0
43054,125,125,0,0
43055,81,84,-3,3
43056,99,98,1,1
43057,90,89,1,1
43058,53,56,-3,3
43059,88,76,12,12
43060,70,63,7,7
43061,57,73,-16,16
43062,77,71,6,6
43063,51,62,-11,11
43064,110,109,1,1
43065,72,72,0,0
43066,101,97,4,4
43067,177,152,25,25
43068,153,135,18,18
43069,157,147,10,10
43070,67,62,5,5
43071,63,62,1,1
43072,208,177,31,31
43073,84,77,7,7
43074,69,68,1,1
43075,110,93,17,17
43076,85,67,18,18
43077,37,51,-14,14
43078,142,117,25,25
43079,82,85,-3,3
43080,81,87,-6,6
43081,94,92,2,2
43082,143,137,6,6
43083,118,106,12,12
43084,86,92,-6,6
43085,76,80,-4,4
43086,73,63,10,10
43087,131,110,21,21
43088,53,68,-15,15
43089,66,65,1,1
43090,101,100,1,1
43091,115,113,2,2
43092,136,127,9,9
43093,61,83,-22,22
43094,86,85,1,1
43095,71,75,-4,4
43096,81,79,2,2
43097,69,76,-7,7
43098,36,52,-16,16
43099,157,148,9,9
43100,57,61,-4,4
43101,73,67,6,6
43102,185,160,25,25
43103,62,56,6,6
43104,123,120,3,3
43105,65,63,2,2
43106,73,67,6,6
43107,98,95,3,3
43108,101,93,8,8
43109,104,95,9,9
43110,83,82,1,1
43111,58,61,-3,3
43112,85,82,3,3
43113,55,58,-3,3
43114,80,67,13,13
43115,66,62,4,4
43116,83,73,10,10
43117,107,110,-3,3
43118,104,94,10,10
43119,44,55,-11,11
43120,63,68,-5,5
43121,85,76,9,9
43122,133,125,8,8
43123,59,58,1,1
43124,130,100,30,30
43125,74,71,3,3
43126,62,59,3,3
43127,109,97,12,12
43128,71,71,0,0
43129,55,88,-33,33
43130,142,131,11,11
43131,117,115,2,2
43132,110,101,9,9
43133,35,61,-26,26
43134,85,84,1,1
43135,63,59,4,4
43136,79,85,-6,6
43137,101,94,7,7
43138,73,72,1,1
43139,150,145,5,5
43140,164,138,26,26
43141,121,111,10,10
43142,56,58,-2,2
43143,82,84,-2,2
43144,115,124,-9,9
43145,103,90,13,13
43146,80,74,6,6
43147,90,97,-7,7
43148,103,95,8,8
43149,122,123,-1,1
43150,113,111,2,2
43151,62,68,-6,6
43152,120,116,4,4
43153,94,96,-2,2
43154,93,88,5,5
43155,52,54,-2,2
43156,89,79,10,10
43157,72,58,14,14
43158,65,56,9,9
43159,92,83,9,9
43160,59,63,-4,4
43161,86,96,-10,10
43162,119,107,12,12
43163,64,67,-3,3
43164,142,108,34,34
43165,80,78,2,2
43166,68,67,1,1
43167,85,85,0,0
43168,69,65,4,4
43169,157,141,16,16
43170,120,100,20,20
43171,135,125,10,10
43172,72,66,6,6
43173,99,82,17,17
43174,88,91,-3,3
43175,101,95,6,6
43176,72,72,0,0
43177,166,158,8,8
43178,49,54,-5,5
43179,89,81,8,8
43180,113,100,13,13
43181,113,103,10,10
43182,85,84,1,1
43183,67,76,-9,9
43184,89,87,2,2
43185,63,63,0,0
43186,52,93,-41,41
43187,127,116,11,11
43188,106,101,5,5
43189,120,99,21,21
43190,97,111,-14,14
43191,57,61,-4,4
43192,68,78,-10,10
43193,105,106,-1,1
43194,106,109,-3,3
43195,133,126,7,7
43196,63,71,-8,8
43197,58,59,-1,1
43198,106,108,-2,2
43199,103,91,12,12
43200,71,72,-1,1
43201,103,101,2,2
43202,42,53,-11,11
43203,91,81,10,10
43204,103,107,-4,4
43205,90,87,3,3
43206,103,101,2,2
43207,111,103,8,8
43208,132,114,18,18
43209,115,108,7,7
43210,121,124,-3,3
43211,122,106,16,16
43212,132,123,9,9
43213,32,53,-21,21
43214,110,101,9,9
43215,87,91,-4,4
43216,135,127,8,8
43217,102,94,8,8
43218,82,84,-2,2
43219,131,117,14,14
43220,102,103,-1,1
43221,52,54,-2,2
43222,100,106,-6,6
43223,100,90,10,10
43224,90,91,-1,1
43225,85,85,0,0
43226,61,64,-3,3
43227,154,157,-3,3
43228,137,123,14,14
43229,107,96,11,11
43230,98,93,5,5
43231,92,85,7,7
43232,191,157,34,34
43233,113,117,-4,4
43234,104,100,4,4
43235,62,56,6,6
43236,80,76,4,4
43237,50,52,-2,2
43238,100,81,19,19
43239,126,122,4,4
43240,113,101,12,12
43241,69,70,-1,1
43242,62,59,3,3
43243,52,69,-17,17
43244,118,113,5,5
43245,59,62,-3,3
43246,40,54,-14,14
43247,93,90,3,3
43248,105,108,-3,3
43249,127,116,11,11
43250,84,91,-7,7
43251,93,101,-8,8
43252,121,126,-5,5
43253,94,96,-2,2
43254,64,66,-2,2
43255,109,101,8,8
43256,123,130,-7,7
43257,130,119,11,11
43258,138,130,8,8
43259,67,69,-2,2
43260,99,93,6,6
43261,84,77,7,7
43262,112,121,-9,9
43263,103,100,3,3
43264,60,57,3,3
43265,90,105,-15,15
43266,131,132,-1,1
43267,47,53,-6,6
43268,90,82,8,8
43269,81,81,0,0
43270,84,79,5,5
43271,81,81,0,0
43272,105,108,-3,3
43273,67,69,-2,2
43274,86,86,0,0
43275,140,139,1,1
43276,78,68,10,10
43277,96,87,9,9
43278,102,100,2,2
43279,43,52,-9,9
43280,71,79,-8,8
43281,91,93,-2,2
43282,84,79,5,5
43283,125,116,9,9
43284,50,60,-10,10
43285,90,91,-1,1
43286,68,60,8,8
43287,129,119,10,10
43288,133,133,0,0
43289,72,88,-16,16
43290,150,140,10,10
43291,179,156,23,23
43292,96,90,6,6
43293,72,65,7,7
43294,178,149,29,29
43295,89,84,5,5
43296,129,113,16,16
43297,84,75,9,9
43298,87,78,9,9
43299,82,73,9,9
43300,82,89,-7,7
43301,91,85,6,6
43302,112,112,0,0
43303,88,91,-3,3
43304,100,105,-5,5
43305,164,150,14,14
43306,89,90,-1,1
43307,72,74,-2,2
43308,111,113,-2,2
43309,123,125,-2,2
43310,163,140,23,23
43311,65,66,-1,1
43312,130,130,0,0
43313,145,135,10,10
43314,92,88,4,4
43315,50,58,-8,8
43316,73,86,-13,13
43317,57,59,-2,2
43318,89,73,16,16
43319,82,78,4,4
43320,67,62,5,5
43321,91,98,-7,7
43322,112,105,7,7
43323,73,69,4,4
43324,64,60,4,4
43325,119,128,-9,9
43326,61,59,2,2
43327,26,50,-24,24
43328,67,68,-1,1
43329,178,156,22,22
43330,97,78,19,19
43331,132,108,24,24
43332,121,122,-1,1
43333,143,115,28,28
43334,92,96,-4,4
43335,78,80,-2,2
43336,99,99,0,0
43337,68,63,5,5
43338,61,59,2,2
43339,139,137,2,2
43340,162,151,11,11
43341,86,81,5,5
43342,106,100,6,6
43343,48,52,-4,4
43344,125,113,12,12
43345,123,118,5,5
43346,117,109,8,8
43347,229,194,35,35
43348,83,85,-2,2
43349,72,110,-38,38
43350,130,123,7,7
43351,49,56,-7,7
43352,124,120,4,4
43353,123,123,0,0
43354,127,128,-1,1
43355,78,77,1,1
43356,87,106,-19,19
43357,129,112,17,17
43358,97,89,8,8
43359,129,135,-6,6
43360,69,66,3,3
43361,84,81,3,3
43362,122,104,18,18
43363,158,136,22,22
43364,77,83,-6,6
43365,86,94,-8,8
43366,100,103,-3,3
43367,93,95,-2,2
43368,117,107,10,10
43369,139,127,12,12
43370,100,91,9,9
43371,162,145,17,17
43372,68,68,0,0
43373,68,66,2,2
43374,85,74,11,11
43375,105,91,14,14
43376,174,151,23,23
43377,85,85,0,0
43378,108,95,13,13
43379,67,69,-2,2
43380,115,110,5,5
43381,63,61,2,2
43382,107,101,6,6
43383,99,101,-2,2
43384,52,55,-3,3
43385,87,81,6,6
43386,125,91,34,34
43387,64,57,7,7
43388,101,103,-2,2
43389,118,113,5,5
43390,129,123,6,6
43391,100,98,2,2
43392,71,65,6,6
43393,70,76,-6,6
43394,70,76,-6,6
43395,101,79,22,22
43396,71,73,-2,2
43397,70,68,2,2
43398,115,107,8,8
43399,56,57,-1,1
43400,106,100,6,6
43401,125,118,7,7
43402,104,101,3,3
43403,84,79,5,5
43404,64,64,0,0
43405,82,80,2,2
43406,99,101,-2,2
43407,167,150,17,17
43408,107,102,5,5
43409,91,83,8,8
43410,83,84,-1,1
43411,89,73,16,16
43412,92,83,9,9
43413,114,103,11,11
43414,126,102,24,24
43415,133,120,13,13
43416,51,57,-6,6
43417,87,79,8,8
43418,67,64,3,3
43419,67,62,5,5
43420,142,130,12,12
43421,139,124,15,15
43422,125,106,19,19
43423,81,74,7,7
43424,210,176,34,34
43425,113,104,9,9
43426,57,65,-8,8
43427,94,93,1,1
43428,121,97,24,24
43429,107,101,6,6
43430,38,55,-17,17
43431,81,83,-2,2
43432,126,107,19,19
43433,248,224,24,24
43434,92,89,3,3
43435,153,137,16,16
43436,127,126,1,1
43437,45,54,-9,9
43438,81,99,-18,18
43439,164,156,8,8
43440,140,140,0,0
43441,114,109,5,5
43442,115,111,4,4
43443,87,78,9,9
43444,57,57,0,0
43445,51,53,-2,2
43446,95,102,-7,7
43447,33,54,-21,21
43448,128,119,9,9
43449,101,92,9,9
43450,75,75,0,0
43451,138,130,8,8
43452,136,118,18,18
43453,63,80,-17,17
43454,80,69,11,11
43455,90,100,-10,10
43456,47,53,-6,6
43457,96,94,2,2
43458,62,60,2,2
43459,98,90,8,8
43460,140,132,8,8
43461,84,72,12,12
43462,143,136,7,7
43463,84,85,-1,1
43464,151,142,9,9
43465,87,74,13,13
43466,107,112,-5,5
43467,118,107,11,11
43468,60,65,-5,5
43469,82,82,0,0
43470,167,154,13,13
43471,110,97,13,13
43472,98,93,5,5
43473,83,82,1,1
43474,76,73,3,3
43475,93,98,-5,5
43476,102,98,4,4
43477,76,63,13,13
43478,76,80,-4,4
43479,115,110,5,5
43480,77,81,-4,4
43481,98,93,5,5
43482,149,136,13,13
43483,78,72,6,6
43484,119,118,1,1
43485,121,110,11,11
43486,46,74,-28,28
43487,67,74,-7,7
43488,129,111,18,18
43489,114,114,0,0
43490,73,71,2,2
43491,118,112,6,6
43492,90,90,0,0
43493,165,154,11,11
43494,147,141,6,6
43495,52,52,0,0
43496,111,120,-9,9
43497,160,139,21,21
43498,88,91,-3,3
43499,105,100,5,5
43500,105,92,13,13
43501,90,90,0,0
43502,120,120,0,0
43503,89,67,22,22
43504,79,78,1,1
43505,82,89,-7,7
43506,122,121,1,1
43507,96,91,5,5
43508,48,54,-6,6
43509,70,63,7,7
43510,65,73,-8,8
43511,78,79,-1,1
43512,133,129,4,4
43513,48,53,-5,5
43514,90,85,5,5
43515,54,60,-6,6
43516,104,88,16,16
43517,91,80,11,11
43518,112,105,7,7
43519,63,65,-2,2
43520,113,104,9,9
43521,99,81,18,18
43522,100,95,5,5
43523,69,68,1,1
43524,122,111,11,11
43525,84,81,3,3
43526,119,102,17,17
43527,103,92,11,11
43528,91,101,-10,10
43529,55,60,-5,5
43530,64,64,0,0
43531,87,83,4,4
43532,220,194,26,26
43533,85,86,-1,1
43534,63,65,-2,2
43535,64,62,2,2
43536,109,112,-3,3
43537,80,74,6,6
43538,91,85,6,6
43539,146,142,4,4
43540,125,119,6,6
43541,130,131,-1,1
43542,127,136,-9,9
43543,113,99,14,14
43544,125,122,3,3
43545,84,81,3,3
43546,111,106,5,5
43547,138,123,15,15
43548,47,54,-7,7
43549,75,82,-7,7
43550,98,103,-5,5
43551,163,150,13,13
43552,140,123,17,17
43553,50,57,-7,7
43554,77,72,5,5
43555,64,58,6,6
43556,76,72,4,4
43557,108,103,5,5
43558,53,53,0,0
43559,65,72,-7,7
43560,197,175,22,22
43561,182,164,18,18
43562,71,67,4,4
43563,134,112,22,22
43564,126,112,14,14
43565,54,57,-3,3
43566,132,134,-2,2
43567,86,78,8,8
43568,106,104,2,2
43569,53,59,-6,6
43570,87,86,1,1
43571,80,78,2,2
43572,150,144,6,6
43573,49,53,-4,4
43574,137,96,41,41
43575,51,54,-3,3
43576,90,79,11,11
43577,125,118,7,7
43578,110,111,-1,1
43579,112,112,0,0
43580,51,54,-3,3
43581,105,91,14,14
43582,110,108,2,2
43583,93,94,-1,1
43584,169,155,14,14
43585,97,79,18,18
43586,97,77,20,20
43587,89,90,-1,1
43588,75,75,0,0
43589,119,114,5,5
43590,93,94,-1,1
43591,53,58,-5,5
43592,121,100,21,21
43593,61,77,-16,16
43594,98,101,-3,3
43595,92,90,2,2
43596,63,58,5,5
43597,101,84,17,17
43598,180,156,24,24
43599,70,68,2,2
43600,66,66,0,0
43601,121,176,-55,55
43602,100,95,5,5
43603,151,141,10,10
43604,44,65,-21,21
43605,93,90,3,3
43606,79,72,7,7
43607,133,119,14,14
43608,51,56,-5,5
43609,111,109,2,2
43610,83,78,5,5
43611,93,97,-4,4
43612,78,64,14,14
43613,75,72,3,3
43614,133,129,4,4
43615,128,113,15,15
43616,98,102,-4,4
43617,137,116,21,21
43618,79,82,-3,3
43619,90,84,6,6
43620,62,63,-1,1
43621,170,160,10,10
43622,123,118,5,5
43623,57,63,-6,6
43624,87,95,-8,8
43625,35,55,-20,20
43626,76,84,-8,8
43627,95,81,14,14
43628,63,65,-2,2
43629,74,72,2,2
43630,125,127,-2,2
43631,115,111,4,4
43632,63,61,2,2
43633,141,130,11,11
43634,78,76,2,2
43635,71,70,1,1
43636,90,85,5,5
43637,235,208,27,27
43638,118,104,14,14
43639,65,67,-2,2
43640,98,88,10,10
43641,97,103,-6,6
43642,48,56,-8,8
43643,110,107,3,3
43644,96,92,4,4
43645,119,109,10,10
43646,141,129,12,12
43647,80,78,2,2
43648,88,105,-17,17
43649,93,89,4,4
43650,141,135,6,6
43651,59,79,-20,20
43652,98,94,4,4
43653,66,75,-9,9
43654,91,90,1,1
43655,90,85,5,5
43656,111,107,4,4
43657,96,93,3,3
43658,103,92,11,11
43659,59,59,0,0
43660,68,69,-1,1
43661,73,68,5,5
43662,60,62,-2,2
43663,75,91,-16,16
43664,65,66,-1,1
43665,91,89,2,2
43666,53,63,-10,10
43667,97,97,0,0
43668,66,60,6,6
43669,94,93,1,1
43670,97,91,6,6
43671,81,79,2,2
43672,134,124,10,10
43673,96,99,-3,3
43674,115,116,-1,1
43675,51,70,-19,19
43676,75,77,-2,2
43677,157,138,19,19
43678,86,86,0,0
43679,147,145,2,2
43680,85,83,2,2
43681,88,91,-3,3
43682,46,53,-7,7
43683,119,115,4,4
43684,109,96,13,13
43685,142,140,2,2
43686,95,98,-3,3
43687,93,97,-4,4
43688,79,76,3,3
43689,142,133,9,9
43690,83,84,-1,1
43691,93,90,3,3
43692,149,110,39,39
43693,114,98,16,16
43694,99,88,11,11
43695,125,120,5,5
43696,116,102,14,14
43697,131,131,0,0
43698,103,94,9,9
43699,79,69,10,10
43700,171,159,12,12
43701,69,74,-5,5
43702,78,86,-8,8
43703,67,77,-10,10
43704,82,79,3,3
43705,110,110,0,0
43706,171,152,19,19
43707,46,54,-8,8
43708,60,58,2,2
43709,179,157,22,22
43710,68,70,-2,2
43711,66,61,5,5
43712,67,65,2,2
43713,87,101,-14,14
43714,61,62,-1,1
43715,61,64,-3,3
43716,122,123,-1,1
43717,96,94,2,2
43718,106,91,15,15
43719,54,55,-1,1
43720,76,75,1,1
43721,111,112,-1,1
43722,44,53,-9,9
43723,163,154,9,9
43724,71,59,12,12
43725,74,69,5,5
43726,97,96,1,1
43727,134,122,12,12
43728,82,72,10,10
43729,79,94,-15,15
43730,138,121,17,17
43731,82,93,-11,11
43732,152,143,9,9
43733,111,106,5,5
43734,123,112,11,11
43735,77,68,9,9
43736,146,130,16,16
43737,82,81,1,1
43738,69,71,-2,2
43739,91,94,-3,3
43740,166,147,19,19
43741,53,54,-1,1
43742,71,66,5,5
43743,84,79,5,5
43744,68,69,-1,1
43745,94,102,-8,8
43746,101,125,-24,24
43747,106,101,5,5
43748,93,88,5,5
43749,69,70,-1,1
43750,136,117,19,19
43751,90,83,7,7
43752,87,73,14,14
43753,64,58,6,6
43754,62,97,-35,35
43755,77,81,-4,4
43756,47,61,-14,14
43757,122,114,8,8
43758,67,69,-2,2
43759,87,90,-3,3
43760,84,72,12,12
43761,68,65,3,3
43762,60,64,-4,4
43763,75,74,1,1
43764,90,81,9,9
43765,69,83,-14,14
43766,77,71,6,6
43767,82,77,5,5
43768,127,121,6,6
43769,58,60,-2,2
43770,151,134,17,17
43771,125,131,-6,6
43772,114,109,5,5
43773,106,110,-4,4
43774,85,85,0,0
43775,92,87,5,5
43776,70,66,4,4
43777,124,119,5,5
43778,97,100,-3,3
43779,71,75,-4,4
43780,146,142,4,4
43781,93,92,1,1
43782,91,81,10,10
43783,63,61,2,2
43784,60,58,2,2
43785,84,96,-12,12
43786,192,181,11,11
43787,93,83,10,10
43788,133,117,16,16
43789,95,90,5,5
43790,65,60,5,5
43791,81,88,-7,7
43792,107,108,-1,1
43793,131,116,15,15
43794,130,127,3,3
43795,68,61,7,7
43796,77,77,0,0
43797,112,114,-2,2
43798,67,72,-5,5
43799,91,88,3,3
43800,90,84,6,6
43801,125,123,2,2
43802,69,63,6,6
43803,106,102,4,4
43804,110,97,13,13
43805,65,61,4,4
43806,87,89,-2,2
43807,60,54,6,6
43808,91,83,8,8
43809,153,132,21,21
43810,95,90,5,5
43811,150,135,15,15
43812,61,67,-6,6
43813,169,170,-1,1
43814,76,77,-1,1
43815,93,92,1,1
43816,75,67,8,8
43817,76,83,-7,7
43818,85,98,-13,13
43819,63,69,-6,6
43820,86,86,0,0
43821,111,101,10,10
43822,81,76,5,5
43823,225,173,52,52
43824,49,69,-20,20
43825,90,90,0,0
43826,67,63,4,4
43827,109,111,-2,2
43828,103,90,13,13
43829,73,65,8,8
43830,137,131,6,6
43831,93,93,0,0
43832,68,68,0,0
43833,82,95,-13,13
43834,66,68,-2,2
43835,110,92,18,18
43836,170,168,2,2
43837,104,98,6,6
43838,73,76,-3,3
43839,137,121,16,16
43840,55,54,1,1
43841,52,58,-6,6
43842,95,84,11,11
43843,48,53,-5,5
43844,67,75,-8,8
43845,64,62,2,2
43846,71,71,0,0
43847,77,72,5,5
43848,66,59,7,7
43849,78,74,4,4
43850,71,74,-3,3
43851,117,115,2,2
43852,83,70,13,13
43853,43,55,-12,12
43854,100,87,13,13
43855,50,61,-11,11
43856,140,138,2,2
43857,86,97,-11,11
43858,63,61,2,2
43859,91,89,2,2
43860,113,105,8,8
43861,63,63,0,0
43862,61,60,1,1
43863,78,83,-5,5
43864,34,53,-19,19
43865,90,99,-9,9
43866,47,53,-6,6
43867,64,70,-6,6
43868,58,63,-5,5
43869,116,117,-1,1
43870,117,112,5,5
43871,84,89,-5,5
43872,105,104,1,1
43873,86,84,2,2
43874,68,67,1,1
43875,131,134,-3,3
43876,77,79,-2,2
43877,76,68,8,8
43878,117,103,14,14
43879,97,90,7,7
43880,123,116,7,7
43881,98,98,0,0
43882,71,68,3,3
43883,127,118,9,9
43884,56,54,2,2
43885,122,108,14,14
43886,49,56,-7,7
43887,60,62,-2,2
43888,115,105,10,10
43889,78,80,-2,2
43890,46,54,-8,8
43891,119,113,6,6
43892,129,141,-12,12
43893,66,62,4,4
43894,142,134,8,8
43895,79,76,3,3
43896,71,75,-4,4
43897,144,133,11,11
43898,106,108,-2,2
43899,77,75,2,2
43900,74,77,-3,3
43901,69,65,4,4
43902,88,80,8,8
43903,59,60,-1,1
43904,123,115,8,8
43905,54,57,-3,3
43906,43,52,-9,9
43907,155,135,20,20
43908,68,67,1,1
43909,131,125,6,6
43910,146,133,13,13
43911,102,80,22,22
43912,80,79,1,1
43913,57,63,-6,6
43914,81,78,3,3
43915,104,112,-8,8
43916,39,52,-13,13
43917,78,77,1,1
43918,112,105,7,7
43919,44,80,-36,36
43920,79,74,5,5
43921,132,126,6,6
43922,117,123,-6,6
43923,80,82,-2,2
43924,88,74,14,14
43925,61,61,0,0
43926,57,53,4,4
43927,123,118,5,5
43928,60,62,-2,2
43929,113,104,9,9
43930,64,68,-4,4
43931,101,91,10,10
43932,143,139,4,4
43933,71,75,-4,4
43934,80,69,11,11
43935,70,64,6,6
43936,45,55,-10,10
43937,44,55,-11,11
43938,92,83,9,9
43939,67,69,-2,2
43940,63,54,9,9
43941,139,130,9,9
43942,127,114,13,13
43943,69,63,6,6
43944,136,126,10,10
43945,109,112,-3,3
43946,120,116,4,4
43947,63,62,1,1
43948,50,54,-4,4
43949,97,89,8,8
43950,103,84,19,19
43951,89,82,7,7
43952,85,77,8,8
43953,173,158,15,15
43954,128,123,5,5
43955,171,165,6,6
43956,49,56,-7,7
43957,99,81,18,18
43958,129,131,-2,2
43959,85,85,0,0
43960,102,94,8,8
43961,124,120,4,4
43962,122,105,17,17
43963,137,127,10,10
43964,89,89,0,0
43965,51,52,-1,1
43966,81,95,-14,14
43967,88,76,12,12
43968,76,80,-4,4
43969,111,115,-4,4
43970,86,84,2,2
43971,131,120,11,11
43972,23,52,-29,29
43973,109,105,4,4
43974,84,79,5,5
43975,101,99,2,2
43976,139,131,8,8
43977,58,69,-11,11
43978,71,72,-1,1
43979,95,77,18,18
43980,70,67,3,3
43981,65,69,-4,4
43982,95,89,6,6
43983,109,99,10,10
43984,57,56,1,1
43985,103,97,6,6
43986,184,156,28,28
43987,80,75,5,5
43988,103,102,1,1
43989,94,120,-26,26
43990,62,60,2,2
43991,110,88,22,22
43992,109,110,-1,1
43993,47,53,-6,6
43994,107,109,-2,2
43995,184,157,27,27
43996,122,131,-9,9
43997,155,147,8,8
43998,66,70,-4,4
43999,63,59,4,4
44000,104,116,-12,12
44001,100,85,15,15
44002,82,96,-14,14
44003,162,153,9,9
44004,122,122,0,0
44005,78,130,-52,52
44006,71,62,9,9
44007,131,108,23,23
44008,113,100,13,13
44009,84,87,-3,3
44010,65,62,3,3
44011,81,81,0,0
44012,93,78,15,15
44013,67,66,1,1
44014,148,127,21,21
44015,72,74,-2,2
44016,106,93,13,13
44017,79,85,-6,6
44018,113,112,1,1
44019,66,60,6,6
44020,68,60,8,8
44021,63,59,4,4
44022,81,95,-14,14
44023,117,109,8,8
44024,70,104,-34,34
44025,78,74,4,4
44026,165,164,1,1
44027,40,53,-13,13
44028,85,88,-3,3
44029,73,115,-42,42
44030,104,96,8,8
44031,129,113,16,16
44032,116,101,15,15
44033,115,105,10,10
44034,82,77,5,5
44035,84,84,0,0
44036,82,86,-4,4
44037,29,60,-31,31
44038,64,74,-10,10
44039,66,55,11,11
44040,114,109,5,5
44041,146,127,19,19
44042,65,60,5,5
44043,42,53,-11,11
44044,157,152,5,5
44045,89,83,6,6
44046,116,129,-13,13
44047,54,54,0,0
44048,77,73,4,4
44049,79,81,-2,2
44050,137,130,7,7
44051,67,62,5,5
44052,105,108,-3,3
44053,149,113,36,36
44054,57,59,-2,2
44055,104,109,-5,5
44056,89,97,-8,8
44057,82,85,-3,3
44058,106,119,-13,13
44059,191,174,17,17
44060,87,81,6,6
44061,58,56,2,2
44062,114,106,8,8
44063,114,115,-1,1
44064,118,106,12,12
44065,159,146,13,13
44066,58,55,3,3
44067,95,90,5,5
44068,74,74,0,0
44069,135,117,18,18
44070,134,128,6,6
44071,87,80,7,7
44072,130,112,18,18
44073,119,112,7,7
44074,142,131,11,11
44075,152,147,5,5
44076,105,98,7,7
44077,63,62,1,1
44078,92,90,2,2
44079,75,69,6,6
44080,96,92,4,4
44081,75,67,8,8
44082,56,54,2,2
44083,72,67,5,5
44084,89,102,-13,13
44085,58,59,-1,1
44086,76,71,5,5
44087,90,104,-14,14
44088,73,80,-7,7
44089,78,76,2,2
44090,110,116,-6,6
44091,174,146,28,28
44092,104,87,17,17
44093,94,94,0,0
44094,165,144,21,21
44095,107,93,14,14
44096,78,74,4,4
44097,90,84,6,6
44098,124,116,8,8
44099,129,113,16,16
44100,66,63,3,3
44101,73,78,-5,5
44102,139,136,3,3
44103,72,76,-4,4
44104,140,130,10,10
44105,93,97,-4,4
44106,135,121,14,14
44107,56,57,-1,1
44108,76,70,6,6
44109,102,101,1,1
44110,102,99,3,3
44111,130,119,11,11
44112,152,147,5,5
44113,76,72,4,4
44114,178,168,10,10
44115,85,74,11,11
44116,78,70,8,8
44117,97,112,-15,15
44118,113,114,-1,1
44119,81,85,-4,4
44120,65,73,-8,8
44121,42,58,-16,16
44122,72,80,-8,8
44123,115,108,7,7
44124,80,84,-4,4
44125,39,53,-14,14
44126,85,77,8,8
44127,101,90,11,11
44128,158,145,13,13
44129,91,92,-1,1
44130,68,64,4,4
44131,112,115,-3,3
44132,161,153,8,8
44133,147,150,-3,3
44134,63,64,-1,1
44135,60,78,-18,18
44136,84,83,1,1
44137,112,111,1,1
44138,129,115,14,14
44139,136,132,4,4
44140,130,122,8,8
44141,74,72,2,2
44142,111,107,4,4
44143,118,115,3,3
44144,60,57,3,3
44145,59,67,-8,8
44146,90,89,1,1
44147,72,75,-3,3
44148,118,113,5,5
44149,63,62,1,1
44150,91,86,5,5
44151,106,107,-1,1
44152,89,85,4,4
44153,111,110,1,1
44154,131,122,9,9
44155,85,93,-8,8
44156,97,98,-1,1
44157,41,57,-16,16
44158,104,103,1,1
44159,137,134,3,3
44160,110,102,8,8
44161,50,77,-27,27
44162,143,127,16,16
44163,110,103,7,7
44164,79,77,2,2
44165,79,81,-2,2
44166,71,75,-4,4
44167,116,114,2,2
44168,89,84,5,5
44169,85,88,-3,3
44170,62,67,-5,5
44171,105,90,15,15
44172,110,110,0,0
44173,68,76,-8,8
44174,125,121,4,4
44175,120,112,8,8
44176,118,110,8,8
44177,63,60,3,3
44178,42,53,-11,11
44179,49,57,-8,8
44180,96,91,5,5
44181,107,104,3,3
44182,108,109,-1,1
44183,94,92,2,2
44184,89,84,5,5
44185,117,110,7,7
44186,120,120,0,0
44187,71,69,2,2
44188,71,73,-2,2
44189,58,61,-3,3
44190,90,99,-9,9
44191,118,106,12,12
44192,43,63,-20,20
44193,78,73,5,5
44194,159,145,14,14
44195,99,107,-8,8
44196,92,94,-2,2
44197,148,129,19,19
44198,97,84,13,13
44199,84,88,-4,4
44200,45,52,-7,7
44201,63,64,-1,1
44202,117,107,10,10
44203,122,116,6,6
44204,115,105,10,10
44205,110,101,9,9
44206,114,103,11,11
44207,71,70,1,1
44208,132,133,-1,1
44209,73,70,3,3
44210,137,128,9,9
44211,79,66,13,13
44212,79,68,11,11
44213,106,103,3,3
44214,99,90,9,9
44215,77,96,-19,19
44216,127,126,1,1
44217,96,85,11,11
44218,66,62,4,4
44219,63,62,1,1
44220,95,95,0,0
44221,97,89,8,8
44222,42,52,-10,10
44223,60,54,6,6
44224,59,63,-4,4
44225,66,64,2,2
44226,140,99,41,41
44227,64,65,-1,1
44228,72,70,2,2
44229,85,83,2,2
44230,119,95,24,24
44231,99,91,8,8
44232,133,122,11,11
44233,75,77,-2,2
44234,66,62,4,4
44235,102,92,10,10
44236,63,67,-4,4
44237,133,124,9,9
44238,144,135,9,9
44239,141,121,20,20
44240,97,103,-6,6
44241,90,92,-2,2
44242,124,121,3,3
44243,123,121,2,2
44244,191,164,27,27
44245,62,58,4,4
44246,58,62,-4,4
44247,98,88,10,10
44248,113,107,6,6
44249,107,95,12,12
44250,106,103,3,3
44251,95,89,6,6
44252,144,132,12,12
44253,50,53,-3,3
44254,195,165,30,30
44255,122,99,23,23
44256,97,77,20,20
44257,71,60,11,11
44258,153,140,13,13
44259,67,68,-1,1
44260,51,57,-6,6
44261,65,67,-2,2
44262,78,76,2,2
44263,87,81,6,6
44264,72,75,-3,3
44265,81,78,3,3
44266,149,136,13,13
44267,119,101,18,18
44268,102,87,15,15
44269,93,87,6,6
44270,116,110,6,6
44271,125,119,6,6
44272,138,128,10,10
44273,75,81,-6,6
44274,100,95,5,5
44275,107,92,15,15
44276,91,112,-21,21
44277,135,126,9,9
44278,47,57,-10,10
44279,95,82,13,13
44280,88,95,-7,7
44281,71,62,9,9
44282,110,121,-11,11
44283,108,104,4,4
44284,49,63,-14,14
44285,48,56,-8,8
44286,93,91,2,2
44287,94,91,3,3
44288,140,133,7,7
44289,68,60,8,8
44290,79,83,-4,4
44291,147,139,8,8
44292,107,93,14,14
44293,77,73,4,4
44294,87,84,3,3
44295,183,171,12,12
44296,123,108,15,15
44297,143,130,13,13
44298,94,90,4,4
44299,96,86,10,10
44300,85,90,-5,5
44301,112,108,4,4
44302,82,81,1,1
44303,103,97,6,6
44304,98,99,-1,1
44305,104,103,1,1
44306,81,74,7,7
44307,57,57,0,0
44308,113,125,-12,12
44309,80,76,4,4
44310,117,109,8,8
44311,68,61,7,7
44312,76,75,1,1
44313,69,78,-9,9
44314,86,93,-7,7
44315,107,91,16,16
44316,63,58,5,5
44317,127,118,9,9
44318,87,83,4,4
44319,82,79,3,3
44320,92,85,7,7
44321,78,78,0,0
44322,117,109,8,8
44323,93,98,-5,5
44324,116,114,2,2
44325,51,55,-4,4
44326,80,73,7,7
44327,126,126,0,0
44328,48,66,-18,18
44329,183,172,11,11
44330,61,60,1,1
44331,128,126,2,2
44332,95,82,13,13
44333,107,92,15,15
44334,87,90,-3,3
44335,136,130,6,6
44336,49,53,-4,4
44337,77,71,6,6
44338,114,106,8,8
44339,139,124,15,15
44340,90,90,0,0
44341,164,164,0,0
44342,124,130,-6,6
44343,115,115,0,0
44344,111,102,9,9
44345,144,136,8,8
44346,72,77,-5,5
44347,121,109,12,12
44348,131,116,15,15
44349,99,106,-7,7
44350,55,61,-6,6
44351,125,112,13,13
44352,43,53,-10,10
44353,75,69,6,6
44354,71,67,4,4
44355,62,62,0,0
44356,86,81,5,5
44357,78,77,1,1
44358,101,97,4,4
44359,81,79,2,2
44360,144,125,19,19
44361,121,104,17,17
44362,84,80,4,4
44363,91,83,8,8
44364,108,122,-14,14
44365,84,80,4,4
44366,96,87,9,9
44367,130,126,4,4
44368,53,54,-1,1
44369,111,117,-6,6
44370,65,56,9,9
44371,138,122,16,16
44372,39,52,-13,13
44373,54,60,-6,6
44374,48,53,-5,5
44375,62,59,3,3
44376,110,106,4,4
44377,88,89,-1,1
44378,92,82,10,10
44379,124,114,10,10
44380,86,85,1,1
44381,89,97,-8,8
44382,96,99,-3,3
44383,50,54,-4,4
44384,92,81,11,11
44385,70,67,3,3
44386,101,97,4,4
44387,143,131,12,12
44388,128,132,-4,4
44389,83,83,0,0
44390,59,60,-1,1
44391,131,120,11,11
44392,79,71,8,8
44393,66,61,5,5
44394,110,99,11,11
44395,99,92,7,7
44396,100,101,-1,1
44397,92,88,4,4
44398,115,102,13,13
44399,87,77,10,10
44400,105,91,14,14
44401,77,76,1,1
44402,93,92,1,1
44403,124,119,5,5
44404,71,73,-2,2
44405,68,65,3,3
44406,107,112,-5,5
44407,130,125,5,5
44408,32,53,-21,21
44409,96,107,-11,11
44410,82,77,5,5
44411,73,68,5,5
44412,57,77,-20,20
44413,60,61,-1,1
44414,61,67,-6,6
44415,127,110,17,17
44416,67,61,6,6
44417,148,132,16,16
44418,111,100,11,11
44419,119,105,14,14
44420,86,77,9,9
44421,88,83,5,5
44422,68,62,6,6
44423,65,70,-5,5
44424,64,67,-3,3
44425,158,129,29,29
44426,144,121,23,23
44427,91,95,-4,4
44428,63,62,1,1
44429,88,91,-3,3
44430,122,104,18,18
44431,51,57,-6,6
44432,124,127,-3,3
44433,118,99,19,19
44434,49,53,-4,4
44435,94,82,12,12
44436,69,65,4,4
44437,168,151,17,17
44438,79,82,-3,3
44439,70,73,-3,3
44440,199,186,13,13
44441,43,56,-13,13
44442,85,85,0,0
44443,51,54,-3,3
44444,135,125,10,10
44445,57,73,-16,16
44446,191,187,4,4
44447,94,97,-3,3
44448,109,111,-2,2
44449,76,72,4,4
44450,175,165,10,10
44451,126,125,1,1
44452,143,130,13,13
44453,101,97,4,4
44454,50,75,-25,25
44455,84,86,-2,2
44456,94,87,7,7
44457,110,105,5,5
44458,170,139,31,31
44459,149,134,15,15
44460,94,94,0,0
44461,102,100,2,2
44462,118,123,-5,5
44463,112,111,1,1
44464,108,105,3,3
44465,58,60,-2,2
44466,39,102,-63,63
44467,112,103,9,9
44468,107,116,-9,9
44469,61,61,0,0
44470,99,92,7,7
44471,62,70,-8,8
44472,119,106,13,13
44473,105,93,12,12
44474,93,83,10,10
44475,109,102,7,7
44476,132,121,11,11
44477,83,103,-20,20
44478,46,54,-8,8
44479,170,153,17,17
44480,217,180,37,37
44481,119,115,4,4
44482,140,144,-4,4
44483,106,100,6,6
44484,100,95,5,5
44485,61,61,0,0
44486,111,124,-13,13
44487,117,99,18,18
44488,68,76,-8,8
44489,94,89,5,5
44490,74,68,6,6
44491,109,112,-3,3
44492,98,112,-14,14
44493,103,93,10,10
44494,78,87,-9,9
44495,80,80,0,0
44496,83,79,4,4
44497,76,81,-5,5
44498,110,105,5,5
44499,152,138,14,14
44500,81,69,12,12
44501,133,128,5,5
44502,66,60,6,6
44503,102,96,6,6
44504,102,101,1,1
44505,53,58,-5,5
44506,139,132,7,7
44507,133,119,14,14
44508,57,57,0,0
44509,61,62,-1,1
44510,116,102,14,14
44511,97,92,5,5
44512,187,162,25,25
44513,62,59,3,3
44514,102,95,7,7
44515,62,70,-8,8
44516,48,53,-5,5
44517,108,111,-3,3
44518,68,61,7,7
44519,112,108,4,4
44520,154,138,16,16
44521,76,75,1,1
44522,110,109,1,1
44523,89,88,1,1
44524,128,122,6,6
44525,61,67,-6,6
44526,60,66,-6,6
44527,143,138,5,5
44528,107,110,-3,3
44529,76,64,12,12
44530,79,81,-2,2
44531,65,60,5,5
44532,104,103,1,1
44533,145,134,11,11
44534,86,72,14,14
44535,83,79,4,4
44536,88,97,-9,9
44537,178,158,20,20
44538,116,119,-3,3
44539,105,120,-15,15
44540,72,76,-4,4
44541,77,74,3,3
44542,56,65,-9,9
44543,109,92,17,17
44544,45,53,-8,8
44545,106,97,9,9
44546,42,51,-9,9
44547,118,116,2,2
44548,102,95,7,7
44549,47,68,-21,21
44550,70,69,1,1
44551,103,99,4,4
44552,123,122,1,1
44553,170,156,14,14
44554,124,125,-1,1
44555,98,96,2,2
44556,57,65,-8,8
44557,122,127,-5,5
44558,59,55,4,4
44559,107,93,14,14
44560,73,66,7,7
44561,65,63,2,2
44562,53,56,-3,3
44563,152,139,13,13
44564,81,79,2,2
44565,87,78,9,9
44566,77,71,6,6
44567,129,130,-1,1
44568,165,154,11,11
44569,111,108,3,3
44570,108,107,1,1
44571,67,71,-4,4
44572,78,73,5,5
44573,105,94,11,11
44574,72,65,7,7
44575,75,83,-8,8
44576,85,78,7,7
44577,57,55,2,2
44578,115,119,-4,4
44579,74,71,3,3
44580,170,157,13,13
44581,90,92,-2,2
44582,85,86,-1,1
44583,65,69,-4,4
44584,45,52,-7,7
44585,160,134,26,26
44586,160,140,20,20
44587,99,102,-3,3
44588,62,69,-7,7
44589,121,119,2,2
44590,129,116,13,13
44591,98,100,-2,2
44592,104,98,6,6
44593,69,66,3,3
44594,75,67,8,8
44595,95,86,9,9
44596,118,117,1,1
44597,94,129,-35,35
44598,100,101,-1,1
44599,129,115,14,14
44600,118,109,9,9
44601,57,153,-96,96
44602,68,66,2,2
44603,123,120,3,3
44604,93,84,9,9
44605,53,70,-17,17
44606,92,86,6,6
44607,78,78,0,0
44608,175,142,33,33
44609,115,125,-10,10
44610,70,73,-3,3
44611,161,137,24,24
44612,61,62,-1,1
44613,64,60,4,4
44614,86,88,-2,2
44615,84,80,4,4
44616,152,126,26,26
44617,116,108,8,8
44618,53,57,-4,4
44619,57,59,-2,2
44620,68,73,-5,5
44621,178,163,15,15
44622,93,84,9,9
44623,120,111,9,9
44624,136,129,7,7
44625,39,53,-14,14
44626,102,92,10,10
44627,167,164,3,3
44628,65,61,4,4
44629,50,61,-11,11
44630,80,75,5,5
44631,126,118,8,8
44632,67,65,2,2
44633,59,68,-9,9
44634,116,109,7,7
44635,95,92,3,3
44636,57,56,1,1
44637,75,80,-5,5
44638,99,95,4,4
44639,94,91,3,3
44640,65,61,4,4
44641,90,87,3,3
44642,126,110,16,16
44643,86,92,-6,6
44644,103,99,4,4
44645,92,102,-10,10
44646,120,113,7,7
44647,86,80,6,6
44648,19,51,-32,32
44649,138,127,11,11
44650,86,83,3,3
44651,126,119,7,7
44652,103,95,8,8
44653,89,84,5,5
44654,71,71,0,0
44655,63,60,3,3
44656,76,74,2,2
44657,154,140,14,14
44658,64,64,0,0
44659,73,71,2,2
44660,61,60,1,1
44661,57,64,-7,7
44662,142,141,1,1
44663,193,173,20,20
44664,58,71,-13,13
44665,89,96,-7,7
44666,88,85,3,3
44667,121,112,9,9
44668,110,105,5,5
44669,116,105,11,11
44670,100,89,11,11
44671,62,59,3,3
44672,100,102,-2,2
44673,146,121,25,25
44674,33,52,-19,19
44675,105,105,0,0
44676,93,88,5,5
44677,48,57,-9,9
44678,74,73,1,1
44679,55,56,-1,1
44680,77,70,7,7
44681,83,73,10,10
44682,162,146,16,16
44683,59,60,-1,1
44684,196,180,16,16
44685,95,85,10,10
44686,64,61,3,3
44687,107,107,0,0
44688,163,147,16,16
44689,78,74,4,4
44690,66,73,-7,7
44691,62,71,-9,9
44692,109,96,13,13
44693,77,75,2,2
44694,125,114,11,11
44695,103,93,10,10
44696,81,76,5,5
44697,50,53,-3,3
44698,116,127,-11,11
44699,70,76,-6,6
44700,68,63,5,5
44701,96,86,10,10
44702,155,128,27,27
44703,128,127,1,1
44704,75,74,1,1
44705,116,109,7,7
44706,88,84,4,4
44707,100,87,13,13
44708,73,72,1,1
44709,140,138,2,2
44710,106,103,3,3
44711,87,87,0,0
44712,78,87,-9,9
44713,92,84,8,8
44714,109,99,10,10
44715,69,73,-4,4
44716,174,158,16,16
44717,60,57,3,3
44718,61,57,4,4
44719,59,62,-3,3
44720,124,117,7,7
44721,85,79,6,6
44722,136,109,27,27
44723,118,120,-2,2
44724,81,81,0,0
44725,80,77,3,3
44726,69,65,4,4
44727,60,62,-2,2
44728,63,65,-2,2
44729,46,52,-6,6
44730,61,59,2,2
44731,65,75,-10,10
44732,104,107,-3,3
44733,144,128,16,16
44734,73,84,-11,11
44735,77,76,1,1
44736,96,92,4,4
44737,71,80,-9,9
44738,74,74,0,0
44739,60,63,-3,3
44740,80,80,0,0
44741,74,78,-4,4
44742,168,144,24,24
44743,145,132,13,13
44744,86,90,-4,4
44745,137,130,7,7
44746,121,115,6,6
44747,91,78,13,13
44748,68,67,1,1
44749,78,67,11,11
44750,84,86,-2,2
44751,150,132,18,18
44752,103,88,15,15
44753,79,77,2,2
44754,63,67,-4,4
44755,70,65,5,5
44756,229,204,25,25
44757,130,137,-7,7
44758,81,82,-1,1
44759,112,97,15,15
44760,134,112,22,22
44761,82,79,3,3
44762,152,199,-47,47
44763,90,94,-4,4
44764,105,112,-7,7
44765,138,131,7,7
44766,95,92,3,3
44767,86,78,8,8
44768,91,81,10,10
44769,58,72,-14,14
44770,130,113,17,17
44771,154,133,21,21
44772,69,72,-3,3
44773,158,129,29,29
44774,136,128,8,8
44775,56,59,-3,3
44776,86,80,6,6
44777,49,55,-6,6
44778,138,129,9,9
44779,100,94,6,6
44780,146,137,9,9
44781,56,59,-3,3
44782,79,77,2,2
44783,53,55,-2,2
44784,59,57,2,2
44785,64,58,6,6
44786,108,96,12,12
44787,66,69,-3,3
44788,117,111,6,6
44789,60,56,4,4
44790,51,54,-3,3
44791,104,95,9,9
44792,92,102,-10,10
44793,87,75,12,12
44794,84,101,-17,17
44795,155,143,12,12
44796,100,102,-2,2
44797,43,54,-11,11
44798,72,60,12,12
44799,124,128,-4,4
44800,116,132,-16,16
44801,159,135,24,24
44802,91,98,-7,7
44803,71,64,7,7
44804,158,145,13,13
44805,71,70,1,1
44806,102,92,10,10
44807,117,108,9,9
44808,94,93,1,1
44809,79,85,-6,6
44810,51,56,-5,5
44811,63,59,4,4
44812,55,59,-4,4
44813,152,127,25,25
44814,78,61,17,17
44815,54,55,-1,1
44816,80,75,5,5
44817,59,60,-1,1
44818,84,83,1,1
44819,110,101,9,9
44820,124,106,18,18
44821,92,73,19,19
44822,126,126,0,0
44823,130,116,14,14
44824,89,89,0,0
44825,109,101,8,8
44826,87,92,-5,5
44827,75,64,11,11
44828,225,201,24,24
44829,182,171,11,11
44830,82,83,-1,1
44831,54,60,-6,6
44832,187,161,26,26
44833,128,130,-2,2
44834,87,75,12,12
44835,92,81,11,11
44836,58,66,-8,8
44837,63,62,1,1
44838,100,89,11,11
44839,102,108,-6,6
44840,46,56,-10,10
44841,89,97,-8,8
44842,61,57,4,4
44843,134,131,3,3
44844,69,67,2,2
44845,118,112,6,6
44846,153,142,11,11
44847,115,107,8,8
44848,88,81,7,7
44849,91,89,2,2
44850,51,68,-17,17
44851,68,77,-9,9
44852,155,138,17,17
44853,52,54,-2,2
44854,71,71,0,0
44855,100,92,8,8
44856,81,73,8,8
44857,168,152,16,16
44858,80,73,7,7
44859,83,78,5,5
44860,90,92,-2,2
44861,99,92,7,7
44862,45,53,-8,8
44863,110,107,3,3
44864,118,99,19,19
44865,98,94,4,4
44866,162,146,16,16
44867,54,58,-4,4
44868,80,79,1,1
44869,91,79,12,12
44870,81,68,13,13
44871,89,85,4,4
44872,58,54,4,4
44873,194,189,5,5
44874,78,80,-2,2
44875,63,59,4,4
44876,61,60,1,1
44877,98,93,5,5
44878,95,91,4,4
44879,97,85,12,12
44880,96,106,-10,10
44881,89,82,7,7
44882,154,139,15,15
44883,51,58,-7,7
44884,117,95,22,22
44885,42,62,-20,20
44886,92,84,8,8
44887,91,89,2,2
44888,162,159,3,3
44889,75,73,2,2
44890,104,103,1,1
44891,117,110,7,7
44892,74,78,-4,4
44893,52,53,-1,1
44894,77,74,3,3
44895,83,75,8,8
44896,71,71,0,0
44897,57,55,2,2
44898,62,62,0,0
44899,114,105,9,9
44900,58,64,-6,6
44901,120,119,1,1
44902,74,68,6,6
44903,95,82,13,13
44904,63,67,-4,4
44905,84,92,-8,8
44906,57,62,-5,5
44907,70,72,-2,2
44908,71,77,-6,6
44909,71,59,12,12
44910,140,118,22,22
44911,116,117,-1,1
44912,62,66,-4,4
44913,96,104,-8,8
44914,73,72,1,1
44915,79,76,3,3
44916,97,83,14,14
44917,80,69,11,11
44918,76,76,0,0
44919,67,65,2,2
44920,176,161,15,15
44921,71,83,-12,12
44922,89,84,5,5
44923,75,71,4,4
44924,142,129,13,13
44925,96,93,3,3
44926,70,71,-1,1
44927,134,121,13,13
44928,123,115,8,8
44929,71,79,-8,8
44930,45,56,-11,11
44931,102,98,4,4
44932,130,126,4,4
44933,134,126,8,8
44934,71,75,-4,4
44935,111,122,-11,11
44936,134,116,18,18
44937,131,109,22,22
44938,136,157,-21,21
44939,116,109,7,7
44940,156,141,15,15
44941,139,125,14,14
44942,102,97,5,5
44943,69,74,-5,5
44944,81,74,7,7
44945,109,109,0,0
44946,94,87,7,7
44947,77,69,8,8
44948,173,167,6,6
44949,70,72,-2,2
44950,77,81,-4,4
44951,95,87,8,8
44952,96,88,8,8
44953,90,87,3,3
44954,47,68,-21,21
44955,116,117,-1,1
44956,84,71,13,13
44957,62,66,-4,4
44958,128,134,-6,6
44959,83,78,5,5
44960,90,93,-3,3
44961,86,83,3,3
44962,113,108,5,5
44963,153,129,24,24
44964,90,84,6,6
44965,96,96,0,0
44966,76,82,-6,6
44967,73,76,-3,3
44968,98,92,6,6
44969,23,55,-32,32
44970,57,59,-2,2
44971,65,71,-6,6
44972,107,105,2,2
44973,140,130,10,10
44974,112,98,14,14
44975,149,152,-3,3
44976,100,78,22,22
44977,100,94,6,6
44978,64,57,7,7
44979,89,84,5,5
44980,154,138,16,16
44981,53,56,-3,3
44982,45,53,-8,8
44983,61,64,-3,3
44984,108,103,5,5
44985,88,76,12,12
44986,109,111,-2,2
44987,143,118,25,25
44988,91,97,-6,6
44989,102,100,2,2
44990,61,70,-9,9
44991,85,84,1,1
44992,121,102,19,19
44993,65,59,6,6
44994,56,53,3,3
44995,103,97,6,6
44996,111,91,20,20
44997,102,94,8,8
44998,99,81,18,18
44999,97,115,-18,18
45000,79,75,4,4
45001,139,129,10,10
45002,107,88,19,19
45003,166,163,3,3
45004,51,57,-6,6
45005,75,66,9,9
45006,113,106,7,7
45007,69,69,0,0
45008,129,124,5,5
45009,197,182,15,15
45010,104,102,2,2
45011,99,99,0,0
45012,86,73,13,13
45013,95,82,13,13
45014,138,123,15,15
45015,78,72,6,6
45016,47,84,-37,37
45017,56,58,-2,2
45018,62,64,-2,2
45019,64,67,-3,3
45020,105,81,24,24
45021,104,94,10,10
45022,140,128,12,12
45023,84,107,-23,23
45024,126,127,-1,1
45025,82,78,4,4
45026,75,72,3,3
45027,92,93,-1,1
45028,77,73,4,4
45029,100,94,6,6
45030,140,135,5,5
45031,67,56,11,11
45032,117,120,-3,3
45033,54,56,-2,2
45034,81,80,1,1
45035,130,123,7,7
45036,100,93,7,7
45037,86,81,5,5
45038,57,61,-4,4
45039,115,104,11,11
45040,147,141,6,6
45041,86,84,2,2
45042,39,53,-14,14
45043,79,75,4,4
45044,89,93,-4,4
45045,70,62,8,8
45046,73,77,-4,4
45047,113,101,12,12
45048,99,99,0,0
45049,78,75,3,3
45050,132,127,5,5
45051,79,84,-5,5
45052,143,131,12,12
45053,57,58,-1,1
45054,49,52,-3,3
45055,85,83,2,2
45056,49,77,-28,28
45057,96,86,10,10
45058,87,84,3,3
45059,151,117,34,34
45060,147,136,11,11
45061,94,93,1,1
45062,91,88,3,3
45063,56,55,1,1
45064,123,127,-4,4
45065,188,160,28,28
45066,55,55,0,0
45067,117,103,14,14
45068,106,97,9,9
45069,109,116,-7,7
45070,61,57,4,4
45071,46,58,-12,12
45072,62,61,1,1
45073,102,93,9,9
45074,62,57,5,5
45075,85,82,3,3
45076,89,85,4,4
45077,96,91,5,5
45078,132,123,9,9
45079,94,91,3,3
45080,118,101,17,17
45081,73,70,3,3
45082,69,69,0,0
45083,57,62,-5,5
45084,86,88,-2,2
45085,130,112,18,18
45086,144,131,13,13
45087,67,64,3,3
45088,64,94,-30,30
45089,85,76,9,9
45090,104,108,-4,4
45091,109,96,13,13
45092,110,107,3,3
45093,129,116,13,13
45094,97,89,8,8
45095,85,79,6,6
45096,104,93,11,11
45097,77,82,-5,5
45098,81,85,-4,4
45099,97,89,8,8
45100,130,137,-7,7
45101,67,67,0,0
45102,55,57,-2,2
45103,92,82,10,10
45104,83,85,-2,2
45105,135,137,-2,2
45106,69,61,8,8
45107,109,108,1,1
45108,98,83,15,15
45109,95,87,8,8
45110,121,116,5,5
45111,80,69,11,11
45112,79,76,3,3
45113,123,123,0,0
45114,117,110,7,7
45115,59,60,-1,1
45116,89,88,1,1
45117,82,81,1,1
45118,117,103,14,14
45119,69,70,-1,1
45120,123,105,18,18
45121,57,64,-7,7
45122,87,74,13,13
45123,105,101,4,4
45124,108,104,4,4
45125,76,70,6,6
45126,74,99,-25,25
45127,84,70,14,14
45128,96,94,2,2
45129,78,74,4,4
45130,76,81,-5,5
45131,88,92,-4,4
45132,89,92,-3,3
45133,90,93,-3,3
45134,60,58,2,2
45135,53,57,-4,4
45136,67,65,2,2
45137,89,86,3,3
45138,149,125,24,24
45139,95,94,1,1
45140,109,109,0,0
45141,169,162,7,7
45142,78,72,6,6
45143,122,114,8,8
45144,48,65,-17,17
45145,108,114,-6,6
45146,90,88,2,2
45147,147,133,14,14
45148,69,66,3,3
45149,112,98,14,14
45150,158,145,13,13
45151,123,132,-9,9
45152,42,55,-13,13
45153,135,120,15,15
45154,148,131,17,17
45155,109,103,6,6
45156,73,67,6,6
45157,88,84,4,4
45158,90,81,9,9
45159,55,55,0,0
45160,83,86,-3,3
45161,54,53,1,1
45162,85,87,-2,2
45163,75,69,6,6
45164,121,119,2,2
45165,65,63,2,2
45166,77,68,9,9
45167,102,94,8,8
45168,104,110,-6,6
45169,67,59,8,8
45170,134,116,18,18
45171,107,96,11,11
45172,87,89,-2,2
45173,168,154,14,14
45174,145,136,9,9
45175,127,127,0,0
45176,168,147,21,21
45177,113,100,13,13
45178,64,70,-6,6
45179,64,65,-1,1
45180,83,85,-2,2
45181,83,80,3,3
45182,125,110,15,15
45183,61,58,3,3
45184,40,57,-17,17
45185,57,54,3,3
45186,153,137,16,16
45187,101,104,-3,3
45188,83,80,3,3
45189,89,96,-7,7
45190,111,109,2,2
45191,77,77,0,0
45192,127,117,10,10
45193,128,116,12,12
45194,146,128,18,18
45195,49,55,-6,6
45196,49,62,-13,13
45197,57,63,-6,6
45198,89,81,8,8
45199,88,102,-14,14
45200,153,148,5,5
45201,71,71,0,0
45202,135,133,2,2
45203,109,95,14,14
45204,73,68,5,5
45205,185,153,32,32
45206,69,66,3,3
45207,109,109,0,0
45208,74,75,-1,1
45209,181,147,34,34
45210,96,96,0,0
45211,93,104,-11,11
45212,60,58,2,2
45213,104,103,1,1
45214,67,53,14,14
45215,89,93,-4,4
45216,128,112,16,16
45217,100,93,7,7
45218,96,92,4,4
45219,90,80,10,10
45220,68,64,4,4
45221,126,114,12,12
45222,54,59,-5,5
45223,106,104,2,2
45224,63,61,2,2
45225,113,92,21,21
45226,45,56,-11,11
45227,98,86,12,12
45228,156,140,16,16
45229,52,55,-3,3
45230,134,118,16,16
45231,74,73,1,1
45232,102,97,5,5
45233,100,94,6,6
45234,62,65,-3,3
45235,82,73,9,9
45236,105,91,14,14
45237,69,71,-2,2
45238,124,128,-4,4
45239,118,110,8,8
45240,82,83,-1,1
45241,63,67,-4,4
45242,70,65,5,5
45243,68,64,4,4
45244,121,106,15,15
45245,73,71,2,2
45246,51,56,-5,5
45247,81,72,9,9
45248,146,128,18,18
45249,88,86,2,2
45250,101,94,7,7
45251,126,130,-4,4
45252,119,117,2,2
45253,113,117,-4,4
45254,172,146,26,26
45255,81,72,9,9
45256,90,86,4,4
45257,110,104,6,6
45258,134,132,2,2
45259,37,55,-18,18
45260,62,61,1,1
45261,65,65,0,0
45262,52,53,-1,1
45263,76,79,-3,3
45264,116,111,5,5
45265,98,123,-25,25
45266,61,59,2,2
45267,84,83,1,1
45268,153,137,16,16
45269,72,63,9,9
45270,77,74,3,3
45271,86,85,1,1
45272,99,103,-4,4
45273,124,114,10,10
45274,66,73,-7,7
45275,76,73,3,3
45276,67,55,12,12
45277,133,114,19,19
45278,91,89,2,2
45279,71,77,-6,6
45280,207,190,17,17
45281,65,65,0,0
45282,97,99,-2,2
45283,131,127,4,4
45284,120,106,14,14
45285,59,60,-1,1
45286,124,115,9,9
45287,74,70,4,4
45288,101,97,4,4
45289,85,85,0,0
45290,85,85,0,0
45291,137,122,15,15
45292,76,69,7,7
45293,136,133,3,3
45294,139,132,7,7
45295,49,55,-6,6
45296,136,125,11,11
45297,75,66,9,9
45298,109,103,6,6
45299,53,55,-2,2
45300,110,108,2,2
45301,59,61,-2,2
45302,119,113,6,6
45303,86,78,8,8
45304,139,126,13,13
45305,132,117,15,15
45306,191,171,20,20
45307,87,78,9,9
45308,90,86,4,4
45309,122,117,5,5
45310,73,64,9,9
45311,122,107,15,15
45312,93,92,1,1
45313,46,57,-11,11
45314,84,89,-5,5
45315,103,88,15,15
45316,39,52,-13,13
45317,96,100,-4,4
45318,72,70,2,2
45319,146,130,16,16
45320,80,89,-9,9
45321,68,75,-7,7
45322,49,54,-5,5
45323,110,102,8,8
45324,117,114,3,3
45325,121,106,15,15
45326,55,65,-10,10
45327,149,150,-1,1
45328,78,75,3,3
45329,60,66,-6,6
45330,161,151,10,10
45331,95,99,-4,4
45332,75,63,12,12
45333,92,93,-1,1
45334,112,121,-9,9
45335,67,70,-3,3
45336,91,86,5,5
45337,109,96,13,13
45338,177,158,19,19
45339,105,108,-3,3
45340,82,74,8,8
45341,89,73,16,16
45342,109,102,7,7
45343,67,77,-10,10
45344,117,119,-2,2
45345,96,93,3,3
45346,49,55,-6,6
45347,110,99,11,11
45348,57,57,0,0
45349,118,93,25,25
45350,120,106,14,14
45351,77,81,-4,4
45352,107,92,15,15
45353,60,65,-5,5
45354,70,60,10,10
45355,115,109,6,6
45356,70,73,-3,3
45357,70,62,8,8
45358,96,111,-15,15
45359,72,78,-6,6
45360,72,66,6,6
45361,67,73,-6,6
45362,170,149,21,21
45363,57,54,3,3
45364,67,62,5,5
45365,85,84,1,1
45366,95,105,-10,10
45367,119,136,-17,17
45368,84,75,9,9
45369,65,85,-20,20
45370,225,209,16,16
45371,97,94,3,3
45372,81,79,2,2
45373,104,100,4,4
45374,23,57,-34,34
45375,75,74,1,1
45376,115,111,4,4
45377,111,95,16,16
45378,60,57,3,3
45379,72,71,1,1
45380,100,97,3,3
45381,85,78,7,7
45382,60,59,1,1
45383,55,66,-11,11
45384,120,118,2,2
45385,121,124,-3,3
45386,79,75,4,4
45387,89,85,4,4
45388,127,114,13,13
45389,86,82,4,4
45390,58,58,0,0
45391,99,85,14,14
45392,126,125,1,1
45393,53,55,-2,2
45394,55,58,-3,3
45395,107,107,0,0
45396,67,61,6,6
45397,83,89,-6,6
45398,81,81,0,0
45399,92,87,5,5
45400,109,102,7,7
45401,148,140,8,8
45402,115,115,0,0
45403,124,112,12,12
45404,103,101,2,2
45405,122,122,0,0
45406,104,101,3,3
45407,58,56,2,2
45408,68,66,2,2
45409,83,86,-3,3
45410,51,65,-14,14
45411,84,81,3,3
45412,129,133,-4,4
45413,64,65,-1,1
45414,150,134,16,16
45415,48,55,-7,7
45416,67,55,12,12
45417,72,71,1,1
45418,101,93,8,8
45419,68,62,6,6
45420,135,117,18,18
45421,98,97,1,1
45422,73,72,1,1
45423,93,98,-5,5
45424,161,150,11,11
45425,58,58,0,0
45426,125,122,3,3
45427,91,93,-2,2
45428,82,76,6,6
45429,82,85,-3,3
45430,89,104,-15,15
45431,45,54,-9,9
45432,56,89,-33,33
45433,152,165,-13,13
45434,110,99,11,11
45435,81,74,7,7
45436,43,54,-11,11
45437,154,150,4,4
45438,82,68,14,14
45439,104,103,1,1
45440,78,85,-7,7
45441,130,117,13,13
45442,66,74,-8,8
45443,86,86,0,0
45444,98,101,-3,3
45445,106,102,4,4
45446,78,83,-5,5
45447,89,77,12,12
45448,84,83,1,1
45449,111,97,14,14
45450,73,71,2,2
45451,115,133,-18,18
45452,174,159,15,15
45453,87,71,16,16
45454,102,98,4,4
45455,77,65,12,12
45456,37,51,-14,14
45457,131,125,6,6
45458,104,99,5,5
45459,109,137,-28,28
45460,89,82,7,7
45461,108,102,6,6
45462,158,140,18,18
45463,69,67,2,2
45464,89,79,10,10
45465,42,51,-9,9
45466,97,80,17,17
45467,70,73,-3,3
45468,116,111,5,5
45469,138,144,-6,6
45470,110,107,3,3
45471,105,93,12,12
45472,51,60,-9,9
45473,94,98,-4,4
45474,75,69,6,6
45475,129,131,-2,2
45476,88,81,7,7
45477,100,83,17,17
45478,79,74,5,5
45479,176,162,14,14
45480,86,79,7,7
45481,88,92,-4,4
45482,105,110,-5,5
45483,140,126,14,14
45484,72,67,5,5
45485,111,98,13,13
45486,105,96,9,9
45487,191,171,20,20
45488,120,115,5,5
45489,99,98,1,1
45490,45,55,-10,10
45491,94,87,7,7
45492,80,85,-5,5
45493,85,82,3,3
45494,74,66,8,8
45495,78,77,1,1
45496,131,116,15,15
45497,95,90,5,5
45498,59,57,2,2
45499,72,59,13,13
45500,108,107,1,1
45501,71,74,-3,3
45502,74,68,6,6
45503,134,134,0,0
45504,101,100,1,1
45505,68,63,5,5
45506,127,119,8,8
45507,195,159,36,36
45508,73,71,2,2
45509,77,72,5,5
45510,79,69,10,10
45511,59,54,5,5
45512,115,100,15,15
45513,79,76,3,3
45514,91,89,2,2
45515,82,76,6,6
45516,72,69,3,3
45517,63,70,-7,7
45518,89,88,1,1
45519,69,75,-6,6
45520,62,91,-29,29
45521,45,54,-9,9
45522,87,89,-2,2
45523,75,80,-5,5
45524,105,101,4,4
45525,93,96,-3,3
45526,104,97,7,7
45527,86,88,-2,2
45528,159,151,8,8
45529,93,79,14,14
45530,112,108,4,4
45531,120,112,8,8
45532,62,57,5,5
45533,108,101,7,7
45534,124,122,2,2
45535,167,144,23,23
45536,163,153,10,10
45537,113,105,8,8
45538,98,86,12,12
45539,64,73,-9,9
45540,120,111,9,9
45541,52,52,0,0
45542,42,52,-10,10
45543,131,134,-3,3
45544,95,78,17,17
45545,85,84,1,1
45546,71,65,6,6
45547,116,105,11,11
45548,91,77,14,14
45549,94,87,7,7
45550,52,57,-5,5
45551,84,98,-14,14
45552,61,60,1,1
45553,101,101,0,0
45554,97,94,3,3
45555,96,99,-3,3
45556,141,140,1,1
45557,124,114,10,10
45558,72,69,3,3
45559,79,126,-47,47
45560,155,153,2,2
45561,112,118,-6,6
45562,63,60,3,3
45563,73,73,0,0
45564,67,68,-1,1
45565,61,58,3,3
45566,114,104,10,10
45567,33,52,-19,19
45568,64,62,2,2
45569,79,73,6,6
45570,149,152,-3,3
45571,97,92,5,5
45572,84,79,5,5
45573,134,130,4,4
45574,85,92,-7,7
45575,123,107,16,16
45576,97,86,11,11
45577,69,64,5,5
45578,116,101,15,15
45579,92,82,10,10
45580,125,121,4,4
45581,103,92,11,11
45582,99,87,12,12
45583,154,152,2,2
45584,102,97,5,5
45585,53,55,-2,2
45586,104,105,-1,1
45587,218,179,39,39
45588,57,56,1,1
45589,154,155,-1,1
45590,141,138,3,3
45591,113,115,-2,2
45592,69,69,0,0
45593,87,97,-10,10
45594,126,118,8,8
45595,99,102,-3,3
45596,85,87,-2,2
45597,78,82,-4,4
45598,85,71,14,14
45599,77,70,7,7
45600,97,90,7,7
45601,67,73,-6,6
45602,114,107,7,7
45603,130,130,0,0
45604,127,114,13,13
45605,66,63,3,3
45606,74,76,-2,2
45607,117,110,7,7
45608,57,55,2,2
45609,169,156,13,13
45610,79,78,1,1
45611,122,130,-8,8
45612,117,116,1,1
45613,82,81,1,1
45614,119,112,7,7
45615,105,99,6,6
45616,121,106,15,15
45617,107,103,4,4
45618,63,63,0,0
45619,76,74,2,2
45620,141,117,24,24
45621,76,73,3,3
45622,189,150,39,39
45623,78,74,4,4
45624,105,113,-8,8
45625,69,70,-1,1
45626,95,101,-6,6
45627,55,60,-5,5
45628,85,72,13,13
45629,62,66,-4,4
45630,72,73,-1,1
45631,91,86,5,5
45632,78,87,-9,9
45633,69,64,5,5
45634,58,57,1,1
45635,104,94,10,10
45636,90,88,2,2
45637,45,59,-14,14
45638,109,94,15,15
45639,174,169,5,5
45640,102,109,-7,7
45641,72,76,-4,4
45642,93,90,3,3
45643,88,113,-25,25
45644,147,131,16,16
45645,116,111,5,5
45646,71,90,-19,19
45647,59,62,-3,3
45648,110,98,12,12
45649,112,100,12,12
45650,67,64,3,3
45651,63,68,-5,5
45652,99,81,18,18
45653,71,68,3,3
45654,61,66,-5,5
45655,145,173,-28,28
45656,59,60,-1,1
45657,91,94,-3,3
45658,97,96,1,1
45659,67,67,0,0
45660,75,69,6,6
45661,107,90,17,17
45662,47,61,-14,14
45663,111,110,1,1
45664,122,108,14,14
45665,145,135,10,10
45666,133,112,21,21
45667,90,84,6,6
45668,153,142,11,11
45669,83,70,13,13
45670,44,56,-12,12
45671,64,63,1,1
45672,74,76,-2,2
45673,98,96,2,2
45674,117,79,38,38
45675,83,87,-4,4
45676,52,56,-4,4
45677,74,75,-1,1
45678,128,119,9,9
45679,75,72,3,3
45680,71,68,3,3
45681,72,69,3,3
45682,80,73,7,7
45683,98,91,7,7
45684,138,130,8,8
45685,161,149,12,12
45686,152,145,7,7
45687,117,108,9,9
45688,96,98,-2,2
45689,76,75,1,1
45690,150,144,6,6
45691,71,73,-2,2
45692,127,129,-2,2
45693,93,94,-1,1
45694,116,114,2,2
45695,128,118,10,10
45696,47,55,-8,8
45697,53,55,-2,2
45698,173,159,14,14
45699,84,96,-12,12
45700,74,68,6,6
45701,40,52,-12,12
45702,125,101,24,24
45703,100,107,-7,7
45704,62,62,0,0
45705,120,107,13,13
45706,163,132,31,31
45707,111,105,6,6
45708,62,69,-7,7
45709,104,106,-2,2
45710,96,87,9,9
45711,71,64,7,7
45712,94,94,0,0
45713,109,102,7,7
45714,46,52,-6,6
45715,94,86,8,8
45716,52,54,-2,2
45717,88,77,11,11
45718,68,73,-5,5
45719,193,188,5,5
45720,137,122,15,15
45721,109,105,4,4
45722,97,97,0,0
45723,114,101,13,13
45724,90,86,4,4
45725,57,72,-15,15
45726,119,107,12,12
45727,157,145,12,12
45728,86,77,9,9
45729,108,100,8,8
45730,82,82,0,0
45731,111,102,9,9
45732,110,102,8,8
45733,108,91,17,17
45734,92,80,12,12
45735,38,51,-13,13
45736,92,90,2,2
45737,92,85,7,7
45738,68,62,6,6
45739,74,77,-3,3
45740,83,83,0,0
45741,106,85,21,21
45742,86,81,5,5
45743,78,68,10,10
45744,155,154,1,1
45745,116,112,4,4
45746,129,97,32,32
45747,99,94,5,5
45748,114,102,12,12
45749,103,92,11,11
45750,82,70,12,12
45751,50,53,-3,3
45752,86,81,5,5
45753,82,77,5,5
45754,82,88,-6,6
45755,50,59,-9,9
45756,88,73,15,15
45757,86,79,7,7
45758,103,96,7,7
45759,60,62,-2,2
45760,68,63,5,5
45761,86,68,18,18
45762,85,78,7,7
45763,80,71,9,9
45764,58,64,-6,6
45765,63,75,-12,12
45766,117,110,7,7
45767,97,103,-6,6
45768,59,60,-1,1
45769,66,66,0,0
45770,121,117,4,4
45771,77,69,8,8
45772,47,52,-5,5
45773,61,66,-5,5
45774,128,118,10,10
45775,225,201,24,24
45776,145,130,15,15
45777,125,126,-1,1
45778,40,56,-16,16
45779,94,84,10,10
45780,103,96,7,7
45781,137,124,13,13
45782,151,138,13,13
45783,98,98,0,0
45784,115,107,8,8
45785,77,70,7,7
45786,75,95,-20,20
45787,75,79,-4,4
45788,117,107,10,10
45789,133,128,5,5
45790,89,94,-5,5
45791,92,88,4,4
45792,66,64,2,2
45793,26,51,-25,25
45794,135,119,16,16
45795,82,83,-1,1
45796,44,54,-10,10
45797,79,68,11,11
45798,135,135,0,0
45799,122,128,-6,6
45800,177,164,13,13
45801,93,82,11,11
45802,54,53,1,1
45803,104,114,-10,10
45804,69,62,7,7
45805,64,65,-1,1
45806,113,118,-5,5
45807,69,63,6,6
45808,127,126,1,1
45809,115,109,6,6
45810,75,72,3,3
45811,81,74,7,7
45812,35,52,-17,17
45813,120,116,4,4
45814,86,84,2,2
45815,111,99,12,12
45816,149,127,22,22
45817,86,80,6,6
45818,122,113,9,9
45819,80,83,-3,3
45820,91,82,9,9
45821,106,99,7,7
45822,30,75,-45,45
45823,84,80,4,4
45824,159,122,37,37
45825,76,79,-3,3
45826,73,72,1,1
45827,78,75,3,3
45828,271,226,45,45
45829,138,136,2,2
45830,72,74,-2,2
45831,77,65,12,12
45832,94,89,5,5
45833,101,96,5,5
45834,72,70,2,2
45835,101,104,-3,3
45836,120,113,7,7
45837,159,153,6,6
45838,78,74,4,4
45839,78,79,-1,1
45840,106,99,7,7
45841,87,90,-3,3
45842,62,64,-2,2
45843,106,106,0,0
45844,127,128,-1,1
45845,101,99,2,2
45846,56,58,-2,2
45847,41,55,-14,14
45848,83,82,1,1
45849,128,123,5,5
45850,86,73,13,13
45851,82,84,-2,2
45852,104,98,6,6
45853,116,129,-13,13
45854,115,112,3,3
45855,81,79,2,2
45856,82,92,-10,10
45857,88,80,8,8
45858,115,114,1,1
45859,170,158,12,12
45860,110,106,4,4
45861,228,192,36,36
45862,161,138,23,23
45863,72,72,0,0
45864,171,146,25,25
45865,117,106,11,11
45866,116,113,3,3
45867,60,55,5,5
45868,113,114,-1,1
45869,121,109,12,12
45870,41,55,-14,14
45871,98,89,9,9
45872,83,77,6,6
45873,56,56,0,0
45874,107,98,9,9
45875,90,78,12,12
45876,91,91,0,0
45877,68,69,-1,1
45878,131,115,16,16
45879,95,85,10,10
45880,93,89,4,4
45881,99,95,4,4
45882,195,159,36,36
45883,124,110,14,14
45884,124,112,12,12
45885,44,72,-28,28
45886,63,63,0,0
45887,175,156,19,19
45888,127,111,16,16
45889,113,113,0,0
45890,118,94,24,24
45891,99,104,-5,5
45892,89,85,4,4
45893,64,66,-2,2
45894,73,74,-1,1
45895,104,93,11,11
45896,50,61,-11,11
45897,94,75,19,19
45898,115,112,3,3
45899,91,87,4,4
45900,80,71,9,9
45901,81,84,-3,3
45902,80,83,-3,3
45903,100,92,8,8
45904,123,119,4,4
45905,89,83,6,6
45906,71,66,5,5
45907,162,133,29,29
45908,152,128,24,24
45909,69,68,1,1
45910,81,85,-4,4
45911,71,71,0,0
45912,90,81,9,9
45913,104,96,8,8
45914,106,97,9,9
45915,66,63,3,3
45916,66,62,4,4
45917,79,87,-8,8
45918,45,53,-8,8
45919,89,82,7,7
45920,105,86,19,19
45921,59,55,4,4
45922,103,91,12,12
45923,116,117,-1,1
45924,93,88,5,5
45925,116,128,-12,12
45926,133,120,13,13
45927,86,80,6,6
45928,86,73,13,13
45929,65,62,3,3
45930,139,123,16,16
45931,117,116,1,1
45932,67,62,5,5
45933,119,99,20,20
45934,81,100,-19,19
45935,127,120,7,7
45936,142,132,10,10
45937,87,83,4,4
45938,70,66,4,4
45939,79,78,1,1
45940,119,112,7,7
45941,73,66,7,7
45942,72,60,12,12
45943,87,89,-2,2
45944,108,101,7,7
45945,120,115,5,5
45946,82,77,5,5
45947,97,95,2,2
45948,73,77,-4,4
45949,69,63,6,6
45950,96,93,3,3
45951,44,52,-8,8
45952,104,94,10,10
45953,68,72,-4,4
45954,108,79,29,29
45955,81,82,-1,1
45956,124,113,11,11
45957,91,78,13,13
45958,116,128,-12,12
45959,41,54,-13,13
45960,93,90,3,3
45961,100,99,1,1
45962,70,78,-8,8
45963,82,80,2,2
45964,124,105,19,19
45965,168,147,21,21
45966,81,72,9,9
45967,124,125,-1,1
45968,74,68,6,6
45969,191,164,27,27
45970,99,103,-4,4
45971,72,70,2,2
45972,92,96,-4,4
45973,122,116,6,6
45974,104,96,8,8
45975,93,87,6,6
45976,50,54,-4,4
45977,79,83,-4,4
45978,86,83,3,3
45979,147,150,-3,3
45980,129,137,-8,8
45981,135,139,-4,4
45982,124,106,18,18
45983,91,89,2,2
45984,80,88,-8,8
45985,150,147,3,3
45986,113,106,7,7
45987,74,64,10,10
45988,165,143,22,22
45989,105,90,15,15
45990,49,55,-6,6
45991,96,98,-2,2
45992,115,110,5,5
45993,132,120,12,12
45994,111,99,12,12
45995,44,95,-51,51
45996,98,84,14,14
45997,52,53,-1,1
45998,78,80,-2,2
45999,71,70,1,1
46000,30,51,-21,21
46001,116,115,1,1
46002,128,143,-15,15
46003,75,81,-6,6
46004,47,55,-8,8
46005,89,90,-1,1
46006,88,75,13,13
46007,102,98,4,4
46008,48,52,-4,4
46009,59,55,4,4
46010,131,121,10,10
46011,71,69,2,2
46012,81,82,-1,1
46013,110,103,7,7
46014,154,139,15,15
46015,120,115,5,5
46016,155,131,24,24
46017,109,101,8,8
46018,71,78,-7,7
46019,81,81,0,0
46020,58,59,-1,1
46021,69,78,-9,9
46022,134,121,13,13
46023,99,94,5,5
46024,71,70,1,1
46025,99,95,4,4
46026,76,75,1,1
46027,98,81,17,17
46028,68,67,1,1
46029,105,90,15,15
46030,109,100,9,9
46031,143,145,-2,2
46032,112,102,10,10
46033,82,99,-17,17
46034,59,57,2,2
46035,170,152,18,18
46036,84,89,-5,5
46037,84,93,-9,9
46038,97,97,0,0
46039,241,204,37,37
46040,216,182,34,34
46041,121,114,7,7
46042,72,65,7,7
46043,61,62,-1,1
46044,76,72,4,4
46045,140,137,3,3
46046,101,91,10,10
46047,92,80,12,12
46048,65,59,6,6
46049,62,65,-3,3
46050,62,64,-2,2
46051,172,144,28,28
46052,82,77,5,5
46053,118,114,4,4
46054,99,93,6,6
46055,121,113,8,8
46056,108,103,5,5
46057,96,73,23,23
46058,145,131,14,14
46059,111,131,-20,20
46060,46,52,-6,6
46061,74,64,10,10
46062,96,90,6,6
46063,60,57,3,3
46064,110,128,-18,18
46065,78,78,0,0
46066,114,94,20,20
46067,154,159,-5,5
46068,165,145,20,20
46069,42,52,-10,10
46070,91,84,7,7
46071,100,99,1,1
46072,110,87,23,23
46073,67,72,-5,5
46074,68,70,-2,2
46075,137,112,25,25
46076,87,88,-1,1
46077,93,84,9,9
46078,86,83,3,3
46079,200,194,6,6
46080,119,110,9,9
46081,176,160,16,16
46082,75,72,3,3
46083,125,114,11,11
46084,74,78,-4,4
46085,102,91,11,11
46086,53,55,-2,2
46087,107,100,7,7
46088,95,86,9,9
46089,120,121,-1,1
46090,88,85,3,3
46091,66,72,-6,6
46092,94,80,14,14
46093,137,133,4,4
46094,67,74,-7,7
46095,83,76,7,7
46096,56,56,0,0
46097,139,121,18,18
46098,100,90,10,10
46099,78,87,-9,9
46100,103,91,12,12
46101,59,65,-6,6
46102,47,54,-7,7
46103,65,58,7,7
46104,112,98,14,14
46105,132,111,21,21
46106,82,86,-4,4
46107,118,111,7,7
46108,109,92,17,17
46109,91,84,7,7
46110,67,66,1,1
46111,83,80,3,3
46112,79,77,2,2
46113,26,54,-28,28
46114,44,56,-12,12
46115,71,73,-2,2
46116,86,80,6,6
46117,77,74,3,3
46118,53,59,-6,6
46119,98,87,11,11
46120,144,118,26,26
46121,89,78,11,11
46122,67,66,1,1
46123,147,128,19,19
46124,127,124,3,3
46125,85,79,6,6
46126,66,63,3,3
46127,89,76,13,13
46128,89,88,1,1
46129,75,69,6,6
46130,72,65,7,7
46131,101,100,1,1
46132,126,95,31,31
46133,62,56,6,6
46134,83,78,5,5
46135,151,140,11,11
46136,102,105,-3,3
46137,215,195,20,20
46138,149,135,14,14
46139,133,123,10,10
46140,90,81,9,9
46141,100,83,17,17
46142,57,54,3,3
46143,61,63,-2,2
46144,41,51,-10,10
46145,137,120,17,17
46146,164,148,16,16
46147,242,219,23,23
46148,99,94,5,5
46149,51,53,-2,2
46150,68,66,2,2
46151,78,70,8,8
46152,120,111,9,9
46153,87,81,6,6
46154,105,94,11,11
46155,112,102,10,10
46156,87,85,2,2
46157,88,86,2,2
46158,71,67,4,4
46159,125,117,8,8
46160,73,72,1,1
46161,108,104,4,4
46162,76,73,3,3
46163,45,55,-10,10
46164,100,95,5,5
46165,76,74,2,2
46166,158,147,11,11
46167,92,90,2,2
46168,77,80,-3,3
46169,44,53,-9,9
46170,115,114,1,1
46171,85,88,-3,3
46172,109,102,7,7
46173,89,89,0,0
46174,39,58,-19,19
46175,66,65,1,1
46176,62,67,-5,5
46177,89,90,-1,1
46178,130,124,6,6
46179,92,88,4,4
46180,138,115,23,23
46181,118,103,15,15
46182,219,232,-13,13
46183,104,102,2,2
46184,94,96,-2,2
46185,100,83,17,17
46186,54,53,1,1
46187,153,131,22,22
46188,84,82,2,2
46189,91,96,-5,5
46190,46,52,-6,6
46191,53,63,-10,10
46192,77,69,8,8
46193,80,71,9,9
46194,138,123,15,15
46195,80,73,7,7
46196,138,114,24,24
46197,141,127,14,14
46198,91,84,7,7
46199,176,153,23,23
46200,117,113,4,4
46201,69,74,-5,5
46202,108,110,-2,2
46203,101,92,9,9
46204,135,122,13,13
46205,115,112,3,3
46206,102,101,1,1
46207,56,61,-5,5
46208,96,95,1,1
46209,69,66,3,3
46210,106,108,-2,2
46211,151,147,4,4
46212,110,102,8,8
46213,112,102,10,10
46214,134,120,14,14
46215,65,63,2,2
46216,66,63,3,3
46217,97,95,2,2
46218,109,107,2,2
46219,141,129,12,12
46220,78,90,-12,12
46221,94,109,-15,15
46222,64,69,-5,5
46223,47,57,-10,10
46224,79,74,5,5
46225,104,106,-2,2
46226,39,58,-19,19
46227,62,69,-7,7
46228,123,115,8,8
46229,144,123,21,21
46230,108,109,-1,1
46231,183,149,34,34
46232,85,80,5,5
46233,49,56,-7,7
46234,40,52,-12,12
46235,27,53,-26,26
46236,107,104,3,3
46237,135,138,-3,3
46238,129,112,17,17
46239,77,74,3,3
46240,61,69,-8,8
46241,58,70,-12,12
46242,144,132,12,12
46243,53,56,-3,3
46244,95,96,-1,1
46245,82,71,11,11
46246,73,74,-1,1
46247,174,168,6,6
46248,101,92,9,9
46249,100,126,-26,26
46250,81,71,10,10
46251,94,88,6,6
46252,76,76,0,0
46253,70,70,0,0
46254,100,98,2,2
46255,79,66,13,13
46256,83,79,4,4
46257,90,90,0,0
46258,136,127,9,9
46259,61,61,0,0
46260,106,105,1,1
46261,90,87,3,3
46262,32,51,-19,19
46263,100,103,-3,3
46264,74,65,9,9
46265,62,64,-2,2
46266,101,89,12,12
46267,104,91,13,13
46268,94,80,14,14
46269,95,93,2,2
46270,134,127,7,7
46271,134,127,7,7
46272,77,69,8,8
46273,80,94,-14,14
46274,90,85,5,5
46275,128,111,17,17
46276,108,100,8,8
46277,64,69,-5,5
46278,44,60,-16,16
46279,115,104,11,11
46280,49,59,-10,10
46281,64,74,-10,10
46282,64,65,-1,1
46283,128,116,12,12
46284,69,68,1,1
46285,73,67,6,6
46286,38,52,-14,14
46287,71,71,0,0
46288,94,94,0,0
46289,89,89,0,0
46290,63,65,-2,2
46291,116,100,16,16
46292,83,84,-1,1
46293,38,53,-15,15
46294,57,62,-5,5
46295,84,82,2,2
46296,552,409,143,143
46297,75,68,7,7
46298,70,67,3,3
46299,90,98,-8,8
46300,181,186,-5,5
46301,109,108,1,1
46302,99,108,-9,9
46303,99,95,4,4
46304,73,69,4,4
46305,71,74,-3,3
46306,125,125,0,0
46307,142,135,7,7
46308,125,118,7,7
46309,99,92,7,7
46310,127,114,13,13
46311,134,114,20,20
46312,87,77,10,10
46313,99,102,-3,3
46314,116,115,1,1
46315,57,59,-2,2
46316,160,142,18,18
46317,104,95,9,9
46318,106,105,1,1
46319,82,83,-1,1
46320,149,133,16,16
46321,122,120,2,2
46322,46,54,-8,8
46323,44,56,-12,12
46324,47,57,-10,10
46325,46,64,-18,18
46326,103,102,1,1
46327,118,112,6,6
46328,62,59,3,3
46329,61,64,-3,3
46330,90,86,4,4
46331,87,77,10,10
46332,163,143,20,20
46333,108,108,0,0
46334,68,71,-3,3
46335,128,117,11,11
46336,132,147,-15,15
46337,48,64,-16,16
46338,66,62,4,4
46339,62,67,-5,5
46340,77,85,-8,8
46341,47,60,-13,13
46342,124,110,14,14
46343,95,100,-5,5
46344,65,57,8,8
46345,70,70,0,0
46346,133,127,6,6
46347,98,99,-1,1
46348,138,140,-2,2
46349,93,91,2,2
46350,136,125,11,11
46351,119,113,6,6
46352,102,107,-5,5
46353,106,120,-14,14
46354,75,71,4,4
46355,58,55,3,3
46356,130,111,19,19
46357,85,85,0,0
46358,102,107,-5,5
46359,66,63,3,3
46360,83,96,-13,13
46361,85,87,-2,2
46362,122,113,9,9
46363,107,109,-2,2
46364,68,73,-5,5
46365,58,61,-3,3
46366,87,78,9,9
46367,67,69,-2,2
46368,74,76,-2,2
46369,68,61,7,7
46370,104,92,12,12
46371,158,151,7,7
46372,131,117,14,14
46373,103,97,6,6
46374,109,107,2,2
46375,64,63,1,1
46376,123,109,14,14
46377,111,98,13,13
46378,38,51,-13,13
46379,59,56,3,3
46380,46,61,-15,15
46381,101,102,-1,1
46382,149,133,16,16
46383,116,106,10,10
46384,62,77,-15,15
46385,78,79,-1,1
46386,92,86,6,6
46387,109,99,10,10
46388,94,94,0,0
46389,107,107,0,0
46390,75,77,-2,2
46391,64,68,-4,4
46392,30,51,-21,21
46393,127,122,5,5
46394,67,65,2,2
46395,109,108,1,1
46396,187,164,23,23
46397,90,89,1,1
46398,123,114,9,9
46399,72,65,7,7
46400,124,118,6,6
46401,110,108,2,2
46402,108,108,0,0
46403,65,68,-3,3
46404,116,115,1,1
46405,77,88,-11,11
46406,40,54,-14,14
46407,108,104,4,4
46408,159,146,13,13
46409,60,60,0,0
46410,116,104,12,12
46411,124,133,-9,9
46412,94,95,-1,1
46413,90,77,13,13
46414,30,52,-22,22
46415,89,86,3,3
46416,89,78,11,11
46417,111,114,-3,3
46418,84,85,-1,1
46419,49,54,-5,5
46420,75,60,15,15
46421,136,113,23,23
46422,41,85,-44,44
46423,72,70,2,2
46424,173,157,16,16
46425,70,73,-3,3
46426,90,91,-1,1
46427,153,149,4,4
46428,138,140,-2,2
46429,147,137,10,10
46430,116,125,-9,9
46431,148,135,13,13
46432,117,110,7,7
46433,103,95,8,8
46434,123,113,10,10
46435,151,132,19,19
46436,126,122,4,4
46437,105,111,-6,6
46438,111,110,1,1
46439,71,61,10,10
46440,99,107,-8,8
46441,59,68,-9,9
46442,104,93,11,11
46443,60,55,5,5
46444,88,83,5,5
46445,63,57,6,6
46446,186,164,22,22
46447,97,86,11,11
46448,128,116,12,12
46449,162,139,23,23
46450,74,68,6,6
46451,92,82,10,10
46452,153,139,14,14
46453,97,94,3,3
46454,116,109,7,7
46455,161,130,31,31
46456,73,74,-1,1
46457,107,104,3,3
46458,112,122,-10,10
46459,89,80,9,9
46460,92,85,7,7
46461,83,81,2,2
46462,108,113,-5,5
46463,108,109,-1,1
46464,49,52,-3,3
46465,64,62,2,2
46466,109,112,-3,3
46467,52,55,-3,3
46468,139,133,6,6
46469,90,86,4,4
46470,90,88,2,2
46471,70,70,0,0
46472,97,100,-3,3
46473,56,59,-3,3
46474,64,75,-11,11
46475,67,61,6,6
46476,48,54,-6,6
46477,69,64,5,5
46478,93,88,5,5
46479,144,131,13,13
46480,145,146,-1,1
46481,142,140,2,2
46482,150,141,9,9
46483,58,54,4,4
46484,120,105,15,15
46485,102,96,6,6
46486,142,138,4,4
46487,100,101,-1,1
46488,125,121,4,4
46489,84,90,-6,6
46490,123,117,6,6
46491,145,147,-2,2
46492,86,86,0,0
46493,73,72,1,1
46494,97,92,5,5
46495,57,58,-1,1
46496,122,115,7,7
46497,71,60,11,11
46498,99,96,3,3
46499,83,72,11,11
46500,165,146,19,19
46501,193,164,29,29
46502,104,96,8,8
46503,110,120,-10,10
46504,65,64,1,1
46505,72,73,-1,1
46506,76,74,2,2
46507,173,161,12,12
46508,76,88,-12,12
46509,95,91,4,4
46510,96,93,3,3
46511,82,76,6,6
46512,91,97,-6,6
46513,88,82,6,6
46514,104,104,0,0
46515,114,117,-3,3
46516,109,98,11,11
46517,74,70,4,4
46518,137,124,13,13
46519,93,89,4,4
46520,88,87,1,1
46521,55,67,-12,12
46522,72,68,4,4
46523,71,88,-17,17
46524,110,92,18,18
46525,114,112,2,2
46526,128,130,-2,2
46527,65,69,-4,4
46528,114,113,1,1
46529,97,88,9,9
46530,117,142,-25,25
46531,72,75,-3,3
46532,92,84,8,8
46533,64,61,3,3
46534,125,126,-1,1
46535,99,96,3,3
46536,56,62,-6,6
46537,54,55,-1,1
46538,122,115,7,7
46539,178,169,9,9
46540,179,164,15,15
46541,80,75,5,5
46542,109,101,8,8
46543,83,82,1,1
46544,103,93,10,10
46545,61,64,-3,3
46546,125,112,13,13
46547,96,88,8,8
46548,96,114,-18,18
46549,97,90,7,7
46550,108,91,17,17
46551,89,86,3,3
46552,55,54,1,1
46553,87,126,-39,39
46554,49,56,-7,7
46555,94,94,0,0
46556,93,115,-22,22
46557,75,70,5,5
46558,65,65,0,0
46559,52,53,-1,1
46560,83,79,4,4
46561,123,102,21,21
46562,92,83,9,9
46563,74,77,-3,3
46564,109,96,13,13
46565,52,58,-6,6
46566,76,65,11,11
46567,116,108,8,8
46568,83,74,9,9
46569,82,77,5,5
46570,144,133,11,11
46571,35,53,-18,18
46572,155,142,13,13
46573,136,121,15,15
46574,123,117,6,6
46575,81,75,6,6
46576,66,72,-6,6
46577,131,118,13,13
46578,133,115,18,18
46579,71,67,4,4
46580,82,81,1,1
46581,82,80,2,2
46582,42,52,-10,10
46583,137,144,-7,7
46584,140,153,-13,13
46585,58,62,-4,4
46586,117,103,14,14
46587,69,79,-10,10
46588,85,85,0,0
46589,52,55,-3,3
46590,87,94,-7,7
46591,135,139,-4,4
46592,64,65,-1,1
46593,129,105,24,24
46594,190,174,16,16
46595,68,75,-7,7
46596,82,72,10,10
46597,75,75,0,0
46598,149,127,22,22
46599,84,78,6,6
46600,54,54,0,0
46601,98,90,8,8
46602,99,83,16,16
46603,125,120,5,5
46604,86,86,0,0
46605,95,89,6,6
46606,75,75,0,0
46607,80,75,5,5
46608,118,113,5,5
46609,91,80,11,11
46610,106,97,9,9
46611,85,90,-5,5
46612,153,143,10,10
46613,103,101,2,2
46614,159,152,7,7
46615,69,65,4,4
46616,166,133,33,33
46617,109,104,5,5
46618,133,119,14,14
46619,191,166,25,25
46620,113,91,22,22
46621,124,108,16,16
46622,139,131,8,8
46623,88,86,2,2
46624,43,82,-39,39
46625,71,72,-1,1
46626,116,110,6,6
46627,115,102,13,13
46628,118,113,5,5
46629,62,65,-3,3
46630,106,103,3,3
46631,116,128,-12,12
46632,137,125,12,12
46633,201,168,33,33
46634,53,56,-3,3
46635,73,73,0,0
46636,46,54,-8,8
46637,90,85,5,5
46638,126,123,3,3
46639,113,110,3,3
46640,80,70,10,10
46641,102,88,14,14
46642,161,138,23,23
46643,103,99,4,4
46644,119,125,-6,6
46645,54,59,-5,5
46646,159,142,17,17
46647,87,77,10,10
46648,59,54,5,5
46649,59,62,-3,3
46650,90,85,5,5
46651,59,62,-3,3
46652,104,96,8,8
46653,131,126,5,5
46654,60,60,0,0
46655,68,63,5,5
46656,86,80,6,6
46657,88,81,7,7
46658,146,137,9,9
46659,62,62,0,0
46660,152,143,9,9
46661,104,99,5,5
46662,67,64,3,3
46663,102,101,1,1
46664,96,95,1,1
46665,99,106,-7,7
46666,99,99,0,0
46667,76,77,-1,1
46668,97,96,1,1
46669,83,85,-2,2
46670,112,111,1,1
46671,63,63,0,0
46672,136,137,-1,1
46673,74,74,0,0
46674,172,145,27,27
46675,136,114,22,22
46676,120,122,-2,2
46677,116,112,4,4
46678,126,114,12,12
46679,114,102,12,12
46680,72,73,-1,1
46681,104,99,5,5
46682,147,144,3,3
46683,103,101,2,2
46684,81,68,13,13
46685,80,78,2,2
46686,101,95,6,6
46687,125,106,19,19
46688,92,77,15,15
46689,84,79,5,5
46690,80,105,-25,25
46691,150,140,10,10
46692,61,59,2,2
46693,112,106,6,6
46694,112,101,11,11
46695,67,57,10,10
46696,137,125,12,12
46697,58,63,-5,5
46698,105,97,8,8
46699,88,90,-2,2
46700,76,70,6,6
46701,88,83,5,5
46702,108,111,-3,3
46703,97,89,8,8
46704,141,137,4,4
46705,64,75,-11,11
46706,51,57,-6,6
46707,101,88,13,13
46708,158,148,10,10
46709,97,94,3,3
46710,79,79,0,0
46711,69,66,3,3
46712,97,100,-3,3
46713,90,90,0,0
46714,85,88,-3,3
46715,90,84,6,6
46716,120,111,9,9
46717,61,61,0,0
46718,145,142,3,3
46719,77,75,2,2
46720,49,60,-11,11
46721,81,79,2,2
46722,70,67,3,3
46723,107,92,15,15
46724,87,81,6,6
46725,66,64,2,2
46726,108,104,4,4
46727,86,75,11,11
46728,68,69,-1,1
46729,84,71,13,13
46730,72,71,1,1
46731,67,70,-3,3
46732,73,70,3,3
46733,81,79,2,2
46734,65,56,9,9
46735,130,108,22,22
46736,47,53,-6,6
46737,117,112,5,5
46738,141,119,22,22
46739,204,169,35,35
46740,85,81,4,4
46741,116,119,-3,3
46742,118,106,12,12
46743,110,109,1,1
46744,100,91,9,9
46745,93,88,5,5
46746,53,63,-10,10
46747,86,75,11,11
46748,70,67,3,3
46749,80,78,2,2
46750,146,143,3,3
46751,72,71,1,1
46752,154,147,7,7
46753,206,193,13,13
46754,72,70,2,2
46755,141,132,9,9
46756,83,102,-19,19
46757,141,138,3,3
46758,97,102,-5,5
46759,137,125,12,12
46760,124,120,4,4
46761,84,83,1,1
46762,102,112,-10,10
46763,22,57,-35,35
46764,97,95,2,2
46765,59,60,-1,1
46766,124,122,2,2
46767,198,181,17,17
46768,93,81,12,12
46769,96,90,6,6
46770,99,92,7,7
46771,191,149,42,42
46772,88,80,8,8
46773,88,79,9,9
46774,114,106,8,8
46775,85,91,-6,6
46776,85,68,17,17
46777,63,67,-4,4
46778,129,104,25,25
46779,142,142,0,0
46780,66,75,-9,9
46781,64,59,5,5
46782,72,68,4,4
46783,143,140,3,3
46784,73,65,8,8
46785,92,90,2,2
46786,80,86,-6,6
46787,123,115,8,8
46788,67,69,-2,2
46789,87,101,-14,14
46790,81,66,15,15
46791,77,98,-21,21
46792,70,65,5,5
46793,120,115,5,5
46794,119,117,2,2
46795,116,113,3,3
46796,193,182,11,11
46797,90,91,-1,1
46798,113,123,-10,10
46799,109,101,8,8
46800,85,81,4,4
46801,63,63,0,0
46802,56,55,1,1
46803,131,131,0,0
46804,108,105,3,3
46805,58,59,-1,1
46806,57,63,-6,6
46807,98,115,-17,17
46808,86,99,-13,13
46809,60,62,-2,2
46810,54,61,-7,7
46811,160,144,16,16
46812,91,100,-9,9
46813,179,144,35,35
46814,68,84,-16,16
46815,143,136,7,7
46816,86,71,15,15
46817,115,115,0,0
46818,139,118,21,21
46819,95,93,2,2
46820,66,77,-11,11
46821,66,62,4,4
46822,143,135,8,8
46823,87,79,8,8
46824,85,88,-3,3
46825,77,80,-3,3
46826,77,67,10,10
46827,91,82,9,9
46828,80,77,3,3
46829,23,50,-27,27
46830,92,89,3,3
46831,109,96,13,13
46832,115,102,13,13
46833,93,95,-2,2
46834,67,68,-1,1
46835,150,141,9,9
46836,78,65,13,13
46837,159,153,6,6
46838,124,106,18,18
46839,93,102,-9,9
46840,133,130,3,3
46841,79,81,-2,2
46842,62,63,-1,1
46843,73,69,4,4
46844,66,64,2,2
46845,69,63,6,6
46846,146,153,-7,7
46847,73,64,9,9
46848,91,97,-6,6
46849,67,64,3,3
46850,80,95,-15,15
46851,96,87,9,9
46852,75,71,4,4
46853,72,80,-8,8
46854,87,79,8,8
46855,93,83,10,10
46856,115,106,9,9
46857,142,133,9,9
46858,168,138,30,30
46859,149,133,16,16
46860,91,85,6,6
46861,69,72,-3,3
46862,112,102,10,10
46863,83,77,6,6
46864,63,62,1,1
46865,84,84,0,0
46866,113,100,13,13
46867,98,92,6,6
46868,174,165,9,9
46869,103,92,11,11
46870,32,73,-41,41
46871,126,124,2,2
46872,132,128,4,4
46873,49,54,-5,5
46874,107,103,4,4
46875,121,125,-4,4
46876,132,115,17,17
46877,75,72,3,3
46878,71,72,-1,1
46879,69,75,-6,6
46880,158,148,10,10
46881,73,68,5,5
46882,146,126,20,20
46883,49,59,-10,10
46884,124,120,4,4
46885,71,65,6,6
46886,43,53,-10,10
46887,94,95,-1,1
46888,120,127,-7,7
46889,107,102,5,5
46890,83,74,9,9
46891,111,101,10,10
46892,79,77,2,2
46893,93,95,-2,2
46894,130,123,7,7
46895,119,108,11,11
46896,80,73,7,7
46897,80,69,11,11
46898,76,73,3,3
46899,101,100,1,1
46900,131,122,9,9
46901,91,92,-1,1
46902,81,86,-5,5
46903,102,101,1,1
46904,108,88,20,20
46905,79,75,4,4
46906,121,106,15,15
46907,135,132,3,3
46908,68,78,-10,10
46909,104,109,-5,5
46910,44,51,-7,7
46911,103,104,-1,1
46912,136,136,0,0
46913,107,90,17,17
46914,78,88,-10,10
46915,75,75,0,0
46916,37,53,-16,16
46917,24,50,-26,26
46918,166,154,12,12
46919,134,124,10,10
46920,116,110,6,6
46921,85,82,3,3
46922,130,127,3,3
46923,150,135,15,15
46924,103,94,9,9
46925,92,85,7,7
46926,127,124,3,3
46927,72,70,2,2
46928,95,96,-1,1
46929,56,57,-1,1
46930,170,144,26,26
46931,106,94,12,12
46932,78,78,0,0
46933,135,132,3,3
46934,113,102,11,11
46935,191,172,19,19
46936,61,66,-5,5
46937,95,82,13,13
46938,119,112,7,7
46939,114,99,15,15
46940,88,83,5,5
46941,71,65,6,6
46942,76,73,3,3
46943,50,57,-7,7
46944,69,63,6,6
46945,51,74,-23,23
46946,74,82,-8,8
46947,79,75,4,4
46948,74,85,-11,11
46949,113,114,-1,1
46950,99,104,-5,5
46951,86,85,1,1
46952,91,83,8,8
46953,83,93,-10,10
46954,106,95,11,11
46955,66,62,4,4
46956,74,65,9,9
46957,78,74,4,4
46958,101,99,2,2
46959,78,77,1,1
46960,91,98,-7,7
46961,94,95,-1,1
46962,86,86,0,0
46963,64,65,-1,1
46964,98,77,21,21
46965,100,106,-6,6
46966,148,131,17,17
46967,96,99,-3,3
46968,135,117,18,18
46969,123,128,-5,5
46970,65,64,1,1
46971,86,77,9,9
46972,86,79,7,7
46973,93,89,4,4
46974,106,103,3,3
46975,122,109,13,13
46976,75,83,-8,8
46977,86,82,4,4
46978,51,55,-4,4
46979,56,58,-2,2
46980,125,129,-4,4
46981,92,83,9,9
46982,108,112,-4,4
46983,151,136,15,15
46984,83,83,0,0
46985,66,73,-7,7
46986,138,120,18,18
46987,120,120,0,0
46988,79,71,8,8
46989,86,90,-4,4
46990,163,155,8,8
46991,112,111,1,1
46992,98,88,10,10
46993,40,66,-26,26
46994,85,86,-1,1
46995,73,76,-3,3
46996,84,89,-5,5
46997,127,123,4,4
46998,113,100,13,13
46999,116,107,9,9
47000,91,92,-1,1
47001,91,73,18,18
47002,50,56,-6,6
47003,78,78,0,0
47004,90,89,1,1
47005,125,113,12,12
47006,84,87,-3,3
47007,79,73,6,6
47008,69,65,4,4
47009,115,97,18,18
47010,227,224,3,3
47011,107,108,-1,1
47012,136,157,-21,21
47013,88,83,5,5
47014,117,117,0,0
47015,81,82,-1,1
47016,150,138,12,12
47017,101,113,-12,12
47018,169,154,15,15
47019,75,77,-2,2
47020,146,139,7,7
47021,96,90,6,6
47022,66,68,-2,2
47023,73,70,3,3
47024,85,93,-8,8
47025,104,87,17,17
47026,53,55,-2,2
47027,148,150,-2,2
47028,119,106,13,13
47029,45,51,-6,6
47030,72,70,2,2
47031,126,123,3,3
47032,64,60,4,4
47033,119,115,4,4
47034,89,92,-3,3
47035,139,132,7,7
47036,111,113,-2,2
47037,100,97,3,3
47038,82,80,2,2
47039,138,129,9,9
47040,47,52,-5,5
47041,167,144,23,23
47042,63,63,0,0
47043,118,108,10,10
47044,201,190,11,11
47045,82,85,-3,3
47046,91,93,-2,2
47047,81,78,3,3
47048,91,84,7,7
47049,119,104,15,15
47050,88,79,9,9
47051,76,77,-1,1
47052,86,83,3,3
47053,47,56,-9,9
47054,134,125,9,9
47055,96,92,4,4
47056,82,75,7,7
47057,82,77,5,5
47058,89,85,4,4
47059,99,101,-2,2
47060,93,94,-1,1
47061,87,85,2,2
47062,62,77,-15,15
47063,58,55,3,3
47064,82,82,0,0
47065,142,138,4,4
47066,101,93,8,8
47067,127,114,13,13
47068,46,55,-9,9
47069,116,107,9,9
47070,54,60,-6,6
47071,71,67,4,4
47072,121,133,-12,12
47073,80,79,1,1
47074,86,83,3,3
47075,119,110,9,9
47076,71,75,-4,4
47077,171,153,18,18
47078,126,110,16,16
47079,57,55,2,2
47080,99,97,2,2
47081,55,62,-7,7
47082,77,76,1,1
47083,110,101,9,9
47084,77,98,-21,21
47085,111,107,4,4
47086,164,152,12,12
47087,104,94,10,10
47088,85,82,3,3
47089,75,76,-1,1
47090,119,106,13,13
47091,82,82,0,0
47092,122,108,14,14
47093,111,108,3,3
47094,102,91,11,11
47095,54,54,0,0
47096,96,89,7,7
47097,65,67,-2,2
47098,135,132,3,3
47099,79,72,7,7
47100,92,75,17,17
47101,56,58,-2,2
47102,109,94,15,15
47103,124,120,4,4
47104,65,66,-1,1
47105,84,81,3,3
47106,107,101,6,6
47107,114,102,12,12
47108,92,82,10,10
47109,129,116,13,13
47110,159,145,14,14
47111,80,80,0,0
47112,106,102,4,4
47113,76,74,2,2
47114,81,88,-7,7
47115,115,110,5,5
47116,89,96,-7,7
47117,66,70,-4,4
47118,49,55,-6,6
47119,74,69,5,5
47120,77,69,8,8
47121,98,93,5,5
47122,181,157,24,24
47123,65,66,-1,1
47124,125,118,7,7
47125,120,119,1,1
47126,92,80,12,12
47127,125,114,11,11
47128,97,92,5,5
47129,113,97,16,16
47130,69,68,1,1
47131,41,52,-11,11
47132,112,107,5,5
47133,93,81,12,12
47134,77,73,4,4
47135,114,121,-7,7
47136,90,86,4,4
47137,119,122,-3,3
47138,85,93,-8,8
47139,99,104,-5,5
47140,113,87,26,26
47141,112,116,-4,4
47142,43,53,-10,10
47143,73,69,4,4
47144,149,140,9,9
47145,72,73,-1,1
47146,62,64,-2,2
47147,74,75,-1,1
47148,197,174,23,23
47149,93,99,-6,6
47150,103,75,28,28
47151,96,91,5,5
47152,191,154,37,37
47153,116,108,8,8
47154,75,69,6,6
47155,99,103,-4,4
47156,94,84,10,10
47157,124,127,-3,3
47158,83,80,3,3
47159,131,121,10,10
47160,108,93,15,15
47161,108,117,-9,9
47162,77,74,3,3
47163,77,65,12,12
47164,126,118,8,8
47165,59,72,-13,13
47166,101,108,-7,7
47167,121,112,9,9
47168,116,119,-3,3
47169,124,113,11,11
47170,69,61,8,8
47171,160,144,16,16
47172,67,73,-6,6
47173,111,114,-3,3
47174,80,98,-18,18
47175,44,54,-10,10
47176,89,81,8,8
47177,92,85,7,7
47178,105,108,-3,3
47179,113,94,19,19
47180,83,82,1,1
47181,54,56,-2,2
47182,47,56,-9,9
47183,105,96,9,9
47184,65,61,4,4
47185,118,104,14,14
47186,115,100,15,15
47187,92,94,-2,2
47188,69,59,10,10
47189,42,53,-11,11
47190,64,58,6,6
47191,119,118,1,1
47192,142,123,19,19
47193,117,104,13,13
47194,67,71,-4,4
47195,157,142,15,15
47196,57,60,-3,3
47197,122,107,15,15
47198,84,73,11,11
47199,112,110,2,2
47200,96,96,0,0
47201,75,72,3,3
47202,86,83,3,3
47203,168,147,21,21
47204,128,110,18,18
47205,111,106,5,5
47206,95,93,2,2
47207,74,80,-6,6
47208,101,85,16,16
47209,69,63,6,6
47210,160,154,6,6
47211,139,122,17,17
47212,24,58,-34,34
47213,89,83,6,6
47214,102,100,2,2
47215,49,53,-4,4
47216,94,102,-8,8
47217,76,69,7,7
47218,170,139,31,31
47219,158,145,13,13
47220,31,82,-51,51
47221,66,68,-2,2
47222,106,87,19,19
47223,60,67,-7,7
47224,77,79,-2,2
47225,68,65,3,3
47226,129,121,8,8
47227,60,57,3,3
47228,106,104,2,2
47229,64,60,4,4
47230,67,66,1,1
47231,85,82,3,3
47232,79,69,10,10
47233,175,156,19,19
47234,20,57,-37,37
47235,169,147,22,22
47236,90,91,-1,1
47237,74,72,2,2
47238,68,79,-11,11
47239,52,60,-8,8
47240,81,84,-3,3
47241,106,106,0,0
47242,113,109,4,4
47243,64,63,1,1
47244,98,94,4,4
47245,120,118,2,2
47246,85,79,6,6
47247,70,62,8,8
47248,121,110,11,11
47249,132,118,14,14
47250,50,52,-2,2
47251,68,75,-7,7
47252,55,57,-2,2
47253,122,108,14,14
47254,107,94,13,13
47255,69,72,-3,3
47256,115,107,8,8
47257,118,112,6,6
47258,184,201,-17,17
47259,78,86,-8,8
47260,47,53,-6,6
47261,65,65,0,0
47262,109,92,17,17
47263,89,77,12,12
47264,141,134,7,7
47265,68,86,-18,18
47266,167,142,25,25
47267,68,74,-6,6
47268,86,91,-5,5
47269,93,87,6,6
47270,91,85,6,6
47271,65,70,-5,5
47272,132,127,5,5
47273,91,90,1,1
47274,71,65,6,6
47275,71,62,9,9
47276,120,112,8,8
47277,118,107,11,11
47278,117,113,4,4
47279,157,148,9,9
47280,73,75,-2,2
47281,108,108,0,0
47282,82,68,14,14
47283,122,113,9,9
47284,143,141,2,2
47285,172,153,19,19
47286,76,61,15,15
47287,130,132,-2,2
47288,61,60,1,1
47289,65,68,-3,3
47290,128,119,9,9
47291,98,88,10,10
47292,161,159,2,2
47293,56,55,1,1
47294,97,132,-35,35
47295,176,188,-12,12
47296,125,115,10,10
47297,115,104,11,11
47298,81,76,5,5
47299,103,98,5,5
47300,53,56,-3,3
47301,173,162,11,11
47302,132,119,13,13
47303,129,117,12,12
47304,120,116,4,4
47305,123,110,13,13
47306,203,156,47,47
47307,59,54,5,5
47308,67,67,0,0
47309,132,116,16,16
47310,182,157,25,25
47311,143,137,6,6
47312,97,83,14,14
47313,91,82,9,9
47314,96,103,-7,7
47315,91,86,5,5
47316,87,79,8,8
47317,143,141,2,2
47318,65,61,4,4
47319,78,65,13,13
47320,78,76,2,2
47321,140,132,8,8
47322,93,93,0,0
47323,52,54,-2,2
47324,95,97,-2,2
47325,96,84,12,12
47326,72,70,2,2
47327,113,110,3,3
47328,97,91,6,6
47329,77,75,2,2
47330,71,71,0,0
47331,58,58,0,0
47332,72,68,4,4
47333,210,173,37,37
47334,97,86,11,11
47335,141,140,1,1
47336,130,126,4,4
47337,105,102,3,3
47338,66,73,-7,7
47339,78,84,-6,6
47340,96,97,-1,1
47341,120,114,6,6
47342,57,60,-3,3
47343,162,148,14,14
47344,134,129,5,5
47345,161,141,20,20
47346,171,161,10,10
47347,91,95,-4,4
47348,46,52,-6,6
47349,128,116,12,12
47350,113,97,16,16
47351,96,87,9,9
47352,55,58,-3,3
47353,101,101,0,0
47354,146,133,13,13
47355,83,120,-37,37
47356,41,54,-13,13
47357,117,114,3,3
47358,118,119,-1,1
47359,89,91,-2,2
47360,88,85,3,3
47361,37,51,-14,14
47362,68,69,-1,1
47363,53,55,-2,2
47364,106,99,7,7
47365,125,114,11,11
47366,79,77,2,2
47367,100,92,8,8
47368,99,104,-5,5
47369,99,99,0,0
47370,130,117,13,13
47371,75,80,-5,5
47372,101,93,8,8
47373,90,87,3,3
47374,154,133,21,21
47375,116,106,10,10
47376,60,69,-9,9
47377,144,141,3,3
47378,75,73,2,2
47379,110,102,8,8
47380,124,124,0,0
47381,79,89,-10,10
47382,38,52,-14,14
47383,90,87,3,3
47384,84,75,9,9
47385,76,78,-2,2
47386,88,89,-1,1
47387,124,127,-3,3
47388,76,79,-3,3
47389,84,80,4,4
47390,75,73,2,2
47391,78,75,3,3
47392,48,54,-6,6
47393,70,77,-7,7
47394,125,116,9,9
47395,129,125,4,4
47396,75,67,8,8
47397,91,97,-6,6
47398,108,105,3,3
47399,100,90,10,10
47400,56,65,-9,9
47401,140,120,20,20
47402,62,58,4,4
47403,224,177,47,47
47404,109,112,-3,3
47405,159,153,6,6
47406,90,90,0,0
47407,125,115,10,10
47408,96,94,2,2
47409,74,88,-14,14
47410,109,111,-2,2
47411,84,80,4,4
47412,50,58,-8,8
47413,146,131,15,15
47414,116,100,16,16
47415,93,85,8,8
47416,92,82,10,10
47417,72,65,7,7
47418,159,136,23,23
47419,79,75,4,4
47420,117,105,12,12
47421,92,78,14,14
47422,102,98,4,4
47423,61,61,0,0
47424,55,55,0,0
47425,91,74,17,17
47426,94,84,10,10
47427,64,65,-1,1
47428,121,111,10,10
47429,50,53,-3,3
47430,91,86,5,5
47431,87,83,4,4
47432,100,90,10,10
47433,60,60,0,0
47434,139,130,9,9
47435,77,72,5,5
47436,54,58,-4,4
47437,117,93,24,24
47438,105,113,-8,8
47439,105,98,7,7
47440,78,77,1,1
47441,108,96,12,12
47442,111,118,-7,7
47443,112,114,-2,2
47444,69,65,4,4
47445,100,103,-3,3
47446,96,90,6,6
47447,31,62,-31,31
47448,75,69,6,6
47449,68,69,-1,1
47450,53,56,-3,3
47451,63,63,0,0
47452,85,78,7,7
47453,126,121,5,5
47454,107,103,4,4
47455,130,122,8,8
47456,65,63,2,2
47457,73,70,3,3
47458,107,109,-2,2
47459,121,115,6,6
47460,99,98,1,1
47461,92,90,2,2
47462,170,156,14,14
47463,85,66,19,19
47464,142,136,6,6
47465,86,83,3,3
47466,63,62,1,1
47467,121,109,12,12
47468,84,90,-6,6
47469,66,62,4,4
47470,60,59,1,1
47471,68,61,7,7
47472,113,124,-11,11
47473,101,96,5,5
47474,48,56,-8,8
47475,154,148,6,6
47476,160,145,15,15
47477,102,89,13,13
47478,94,93,1,1
47479,84,77,7,7
47480,107,110,-3,3
47481,66,68,-2,2
47482,87,90,-3,3
47483,84,72,12,12
47484,86,88,-2,2
47485,101,71,30,30
47486,83,75,8,8
47487,70,61,9,9
47488,104,87,17,17
47489,78,72,6,6
47490,69,65,4,4
47491,172,152,20,20
47492,66,75,-9,9
47493,96,88,8,8
47494,73,73,0,0
47495,122,128,-6,6
47496,66,74,-8,8
47497,78,77,1,1
47498,70,124,-54,54
47499,62,67,-5,5
47500,64,61,3,3
47501,189,165,24,24
47502,101,97,4,4
47503,83,79,4,4
47504,88,78,10,10
47505,108,100,8,8
47506,109,102,7,7
47507,50,54,-4,4
47508,100,94,6,6
47509,98,92,6,6
47510,74,65,9,9
47511,151,132,19,19
47512,67,68,-1,1
47513,145,128,17,17
47514,99,92,7,7
47515,79,77,2,2
47516,66,70,-4,4
47517,87,79,8,8
47518,104,90,14,14
47519,75,68,7,7
47520,81,71,10,10
47521,79,84,-5,5
47522,82,77,5,5
47523,202,173,29,29
47524,64,58,6,6
47525,142,135,7,7
47526,77,90,-13,13
47527,95,100,-5,5
47528,127,123,4,4
47529,89,92,-3,3
47530,136,139,-3,3
47531,63,67,-4,4
47532,123,113,10,10
47533,113,103,10,10
47534,98,96,2,2
47535,136,116,20,20
47536,124,110,14,14
47537,124,115,9,9
47538,162,139,23,23
47539,81,91,-10,10
47540,93,91,2,2
47541,83,84,-1,1
47542,127,108,19,19
47543,60,63,-3,3
47544,83,83,0,0
47545,60,61,-1,1
47546,103,110,-7,7
47547,93,76,17,17
47548,78,76,2,2
47549,97,88,9,9
47550,73,67,6,6
47551,128,116,12,12
47552,92,95,-3,3
47553,37,53,-16,16
47554,154,139,15,15
47555,60,63,-3,3
47556,94,88,6,6
47557,103,98,5,5
47558,72,73,-1,1
47559,65,70,-5,5
47560,85,87,-2,2
47561,111,104,7,7
47562,88,87,1,1
47563,110,96,14,14
47564,102,94,8,8
47565,59,58,1,1
47566,89,74,15,15
47567,113,98,15,15
47568,65,69,-4,4
47569,148,137,11,11
47570,83,81,2,2
47571,81,78,3,3
47572,88,81,7,7
47573,67,69,-2,2
47574,44,52,-8,8
47575,98,100,-2,2
47576,89,85,4,4
47577,85,83,2,2
47578,165,139,26,26
47579,58,68,-10,10
47580,118,107,11,11
47581,138,114,24,24
47582,85,75,10,10
47583,77,77,0,0
47584,58,62,-4,4
47585,78,71,7,7
47586,94,103,-9,9
47587,51,60,-9,9
47588,109,113,-4,4
47589,72,76,-4,4
47590,71,68,3,3
47591,83,88,-5,5
47592,97,93,4,4
47593,81,80,1,1
47594,192,193,-1,1
47595,152,134,18,18
47596,101,97,4,4
47597,65,58,7,7
47598,77,76,1,1
47599,130,118,12,12
47600,124,94,30,30
47601,89,92,-3,3
47602,105,110,-5,5
47603,85,80,5,5
47604,147,139,8,8
47605,108,117,-9,9
47606,86,83,3,3
47607,66,68,-2,2
47608,62,61,1,1
47609,74,66,8,8
47610,144,118,26,26
47611,77,71,6,6
47612,53,56,-3,3
47613,81,73,8,8
47614,121,114,7,7
47615,71,67,4,4
47616,75,67,8,8
47617,105,92,13,13
47618,98,102,-4,4
47619,133,130,3,3
47620,115,115,0,0
47621,56,56,0,0
47622,139,130,9,9
47623,108,107,1,1
47624,207,176,31,31
47625,43,57,-14,14
47626,135,123,12,12
47627,122,119,3,3
47628,61,67,-6,6
47629,97,87,10,10
47630,77,71,6,6
47631,123,102,21,21
47632,59,62,-3,3
47633,113,114,-1,1
47634,125,117,8,8
47635,88,85,3,3
47636,72,65,7,7
47637,137,132,5,5
47638,113,100,13,13
47639,112,101,11,11
47640,60,64,-4,4
47641,106,101,5,5
47642,143,137,6,6
47643,91,89,2,2
47644,95,86,9,9
47645,155,132,23,23
47646,106,106,0,0
47647,103,113,-10,10
47648,142,123,19,19
47649,76,68,8,8
47650,115,118,-3,3
47651,96,116,-20,20
47652,103,92,11,11
47653,106,106,0,0
47654,67,63,4,4
47655,100,93,7,7
47656,103,92,11,11
47657,72,70,2,2
47658,142,129,13,13
47659,32,59,-27,27
47660,137,131,6,6
47661,57,62,-5,5
47662,69,73,-4,4
47663,47,53,-6,6
47664,82,75,7,7
47665,113,102,11,11
47666,81,87,-6,6
47667,96,94,2,2
47668,67,64,3,3
47669,138,125,13,13
47670,73,68,5,5
47671,62,77,-15,15
47672,45,54,-9,9
47673,106,98,8,8
47674,65,62,3,3
47675,79,79,0,0
47676,109,112,-3,3
47677,147,133,14,14
47678,67,62,5,5
47679,94,89,5,5
47680,73,70,3,3
47681,57,64,-7,7
47682,124,109,15,15
47683,68,70,-2,2
47684,89,80,9,9
47685,105,91,14,14
47686,64,73,-9,9
47687,78,83,-5,5
47688,108,96,12,12
47689,171,157,14,14
47690,92,83,9,9
47691,63,63,0,0
47692,66,68,-2,2
47693,85,87,-2,2
47694,134,125,9,9
47695,73,70,3,3
47696,85,82,3,3
47697,81,70,11,11
47698,119,111,8,8
47699,64,60,4,4
47700,73,68,5,5
47701,120,103,17,17
47702,122,113,9,9
47703,97,100,-3,3
47704,69,70,-1,1
47705,88,85,3,3
47706,86,83,3,3
47707,87,83,4,4
47708,152,139,13,13
47709,65,64,1,1
47710,37,55,-18,18
47711,125,106,19,19
47712,117,122,-5,5
47713,72,70,2,2
47714,120,134,-14,14
47715,67,66,1,1
47716,147,138,9,9
47717,142,132,10,10
47718,111,96,15,15
47719,104,101,3,3
47720,90,80,10,10
47721,76,73,3,3
47722,82,69,13,13
47723,122,93,29,29
47724,176,152,24,24
47725,97,74,23,23
47726,84,82,2,2
47727,94,86,8,8
47728,175,170,5,5
47729,90,90,0,0
47730,62,62,0,0
47731,116,102,14,14
47732,137,127,10,10
47733,141,128,13,13
47734,96,100,-4,4
47735,99,92,7,7
47736,66,59,7,7
47737,183,166,17,17
47738,64,60,4,4
47739,137,140,-3,3
47740,51,56,-5,5
47741,35,54,-19,19
47742,137,122,15,15
47743,151,148,3,3
47744,115,109,6,6
47745,94,87,7,7
47746,42,55,-13,13
47747,57,65,-8,8
47748,102,102,0,0
47749,59,57,2,2
47750,73,82,-9,9
47751,80,76,4,4
47752,102,105,-3,3
47753,111,106,5,5
47754,150,145,5,5
47755,149,134,15,15
47756,129,116,13,13
47757,35,60,-25,25
47758,50,56,-6,6
47759,85,79,6,6
47760,90,84,6,6
47761,129,111,18,18
47762,111,109,2,2
47763,80,83,-3,3
47764,165,156,9,9
47765,69,68,1,1
47766,132,115,17,17
47767,145,130,15,15
47768,51,55,-4,4
47769,152,135,17,17
47770,64,60,4,4
47771,168,152,16,16
47772,100,102,-2,2
47773,72,63,9,9
47774,86,85,1,1
47775,67,71,-4,4
47776,71,70,1,1
47777,156,143,13,13
47778,92,85,7,7
47779,93,92,1,1
47780,95,97,-2,2
47781,113,106,7,7
47782,105,96,9,9
47783,77,80,-3,3
47784,96,102,-6,6
47785,103,103,0,0
47786,76,88,-12,12
47787,77,70,7,7
47788,103,91,12,12
47789,80,77,3,3
47790,72,74,-2,2
47791,98,93,5,5
47792,94,81,13,13
47793,145,148,-3,3
47794,57,54,3,3
47795,95,86,9,9
47796,97,75,22,22
47797,160,140,20,20
47798,161,151,10,10
47799,71,65,6,6
47800,95,85,10,10
47801,100,96,4,4
47802,57,55,2,2
47803,96,92,4,4
47804,70,68,2,2
47805,51,77,-26,26
47806,70,68,2,2
47807,27,53,-26,26
47808,93,83,10,10
47809,110,104,6,6
47810,128,119,9,9
47811,146,144,2,2
47812,81,68,13,13
47813,100,91,9,9
47814,77,68,9,9
47815,57,58,-1,1
47816,110,102,8,8
47817,90,89,1,1
47818,105,110,-5,5
47819,91,78,13,13
47820,158,148,10,10
47821,79,73,6,6
47822,52,53,-1,1
47823,86,79,7,7
47824,100,96,4,4
47825,65,63,2,2
47826,116,104,12,12
47827,75,68,7,7
47828,95,88,7,7
47829,71,73,-2,2
47830,87,90,-3,3
47831,79,67,12,12
47832,77,70,7,7
47833,55,57,-2,2
47834,94,90,4,4
47835,99,96,3,3
47836,98,96,2,2
47837,95,104,-9,9
47838,123,120,3,3
47839,76,88,-12,12
47840,157,155,2,2
47841,75,76,-1,1
47842,114,106,8,8
47843,47,53,-6,6
47844,110,103,7,7
47845,122,110,12,12
47846,89,98,-9,9
47847,65,68,-3,3
47848,63,67,-4,4
47849,140,125,15,15
47850,101,97,4,4
47851,132,125,7,7
47852,175,171,4,4
47853,79,71,8,8
47854,97,87,10,10
47855,108,92,16,16
47856,76,66,10,10
47857,80,72,8,8
47858,114,98,16,16
47859,160,157,3,3
47860,101,87,14,14
47861,143,126,17,17
47862,40,55,-15,15
47863,151,138,13,13
47864,111,119,-8,8
47865,105,118,-13,13
47866,93,85,8,8
47867,121,119,2,2
47868,162,145,17,17
47869,91,96,-5,5
47870,86,82,4,4
47871,133,131,2,2
47872,69,72,-3,3
47873,110,108,2,2
47874,76,69,7,7
47875,70,75,-5,5
47876,129,106,23,23
47877,105,95,10,10
47878,118,110,8,8
47879,51,55,-4,4
47880,155,141,14,14
47881,80,76,4,4
47882,91,103,-12,12
47883,87,80,7,7
47884,61,70,-9,9
47885,65,63,2,2
47886,85,83,2,2
47887,89,84,5,5
47888,62,63,-1,1
47889,85,87,-2,2
47890,65,70,-5,5
47891,127,118,9,9
47892,94,93,1,1
47893,106,101,5,5
47894,72,68,4,4
47895,115,108,7,7
47896,100,87,13,13
47897,56,55,1,1
47898,78,87,-9,9
47899,100,95,5,5
47900,94,87,7,7
47901,104,95,9,9
47902,76,82,-6,6
47903,100,92,8,8
47904,114,102,12,12
47905,94,80,14,14
47906,92,91,1,1
47907,51,54,-3,3
47908,129,123,6,6
47909,30,51,-21,21
47910,91,100,-9,9
47911,72,71,1,1
47912,99,96,3,3
47913,59,56,3,3
47914,103,93,10,10
47915,140,118,22,22
47916,71,72,-1,1
47917,77,75,2,2
47918,108,108,0,0
47919,87,73,14,14
47920,150,141,9,9
47921,108,112,-4,4
47922,78,73,5,5
47923,143,129,14,14
47924,109,113,-4,4
47925,81,80,1,1
47926,82,87,-5,5
47927,46,52,-6,6
47928,142,127,15,15
47929,54,54,0,0
47930,89,89,0,0
47931,53,53,0,0
47932,73,66,7,7
47933,74,70,4,4
47934,43,52,-9,9
47935,89,87,2,2
47936,71,73,-2,2
47937,62,78,-16,16
47938,59,64,-5,5
47939,114,106,8,8
47940,56,56,0,0
47941,94,95,-1,1
47942,102,107,-5,5
47943,112,102,10,10
47944,75,74,1,1
47945,77,86,-9,9
47946,124,117,7,7
47947,128,113,15,15
47948,70,75,-5,5
47949,84,129,-45,45
47950,151,138,13,13
47951,113,102,11,11
47952,85,78,7,7
47953,82,102,-20,20
47954,163,158,5,5
47955,124,131,-7,7
47956,80,74,6,6
47957,122,141,-19,19
47958,88,77,11,11
47959,66,61,5,5
47960,83,80,3,3
47961,118,109,9,9
47962,57,56,1,1
47963,66,70,-4,4
47964,108,101,7,7
47965,93,95,-2,2
47966,51,53,-2,2
47967,171,153,18,18
47968,114,98,16,16
47969,45,55,-10,10
47970,86,80,6,6
47971,62,68,-6,6
47972,67,66,1,1
47973,76,76,0,0
47974,108,111,-3,3
47975,100,115,-15,15
47976,139,129,10,10
47977,115,112,3,3
47978,144,111,33,33
47979,90,78,12,12
47980,91,77,14,14
47981,75,76,-1,1
47982,135,125,10,10
47983,67,73,-6,6
47984,117,98,19,19
47985,127,112,15,15
47986,59,57,2,2
47987,48,54,-6,6
47988,69,66,3,3
47989,93,77,16,16
47990,123,121,2,2
47991,131,136,-5,5
47992,105,101,4,4
47993,121,122,-1,1
47994,111,111,0,0
47995,43,53,-10,10
47996,131,121,10,10
47997,133,121,12,12
47998,74,73,1,1
47999,154,127,27,27
48000,36,52,-16,16
48001,83,88,-5,5
48002,114,110,4,4
48003,115,103,12,12
48004,117,108,9,9
48005,129,115,14,14
48006,119,112,7,7
48007,65,67,-2,2
48008,88,88,0,0
48009,80,66,14,14
48010,43,52,-9,9
48011,68,69,-1,1
48012,157,139,18,18
48013,104,99,5,5
48014,56,54,2,2
48015,52,58,-6,6
48016,115,108,7,7
48017,64,60,4,4
48018,139,129,10,10
48019,58,57,1,1
48020,105,103,2,2
48021,196,182,14,14
48022,117,102,15,15
48023,108,89,19,19
48024,109,120,-11,11
48025,53,53,0,0
48026,97,85,12,12
48027,89,89,0,0
48028,136,125,11,11
48029,156,156,0,0
48030,107,94,13,13
48031,48,51,-3,3
48032,108,110,-2,2
48033,151,131,20,20
48034,71,83,-12,12
48035,99,90,9,9
48036,119,98,21,21
48037,131,126,5,5
48038,72,72,0,0
48039,112,104,8,8
48040,142,147,-5,5
48041,130,123,7,7
48042,103,104,-1,1
48043,136,124,12,12
48044,61,60,1,1
48045,93,88,5,5
48046,124,121,3,3
48047,44,53,-9,9
48048,166,164,2,2
48049,134,132,2,2
48050,85,79,6,6
48051,56,63,-7,7
48052,58,64,-6,6
48053,95,91,4,4
48054,113,107,6,6
48055,80,86,-6,6
48056,105,93,12,12
48057,56,53,3,3
48058,79,83,-4,4
48059,77,83,-6,6
48060,90,85,5,5
48061,68,72,-4,4
48062,65,67,-2,2
48063,95,92,3,3
48064,51,57,-6,6
48065,99,89,10,10
48066,81,69,12,12
48067,116,96,20,20
48068,72,69,3,3
48069,55,61,-6,6
48070,144,138,6,6
48071,74,78,-4,4
48072,135,135,0,0
48073,60,63,-3,3
48074,76,84,-8,8
48075,144,115,29,29
48076,141,119,22,22
48077,80,60,20,20
48078,74,80,-6,6
48079,83,80,3,3
48080,76,68,8,8
48081,100,94,6,6
48082,97,90,7,7
48083,141,116,25,25
48084,109,105,4,4
48085,87,104,-17,17
48086,104,99,5,5
48087,69,65,4,4
48088,60,66,-6,6
48089,71,74,-3,3
48090,64,64,0,0
48091,69,73,-4,4
48092,92,87,5,5
48093,93,85,8,8
48094,88,82,6,6
48095,11,51,-40,40
48096,132,116,16,16
48097,62,66,-4,4
48098,73,87,-14,14
48099,110,96,14,14
48100,84,86,-2,2
48101,63,57,6,6
48102,110,106,4,4
48103,61,60,1,1
48104,81,86,-5,5
48105,107,107,0,0
48106,161,138,23,23
48107,66,61,5,5
48108,59,67,-8,8
48109,115,119,-4,4
48110,113,105,8,8
48111,125,123,2,2
48112,104,100,4,4
48113,90,86,4,4
48114,84,79,5,5
48115,101,99,2,2
48116,151,135,16,16
48117,127,113,14,14
48118,102,91,11,11
48119,85,86,-1,1
48120,64,67,-3,3
48121,114,110,4,4
48122,104,96,8,8
48123,99,102,-3,3
48124,60,59,1,1
48125,102,104,-2,2
48126,125,116,9,9
48127,109,119,-10,10
48128,106,96,10,10
48129,91,88,3,3
48130,54,67,-13,13
48131,86,99,-13,13
48132,108,112,-4,4
48133,61,64,-3,3
48134,63,77,-14,14
48135,112,108,4,4
48136,35,52,-17,17
48137,86,80,6,6
48138,79,81,-2,2
48139,112,108,4,4
48140,180,171,9,9
48141,94,82,12,12
48142,125,114,11,11
48143,82,75,7,7
48144,94,98,-4,4
48145,83,75,8,8
48146,93,94,-1,1
48147,89,86,3,3
48148,63,63,0,0
48149,120,119,1,1
48150,91,75,16,16
48151,102,124,-22,22
48152,70,71,-1,1
48153,66,61,5,5
48154,73,65,8,8
48155,122,104,18,18
48156,50,57,-7,7
48157,65,68,-3,3
48158,146,134,12,12
48159,72,74,-2,2
48160,109,95,14,14
48161,67,69,-2,2
48162,138,128,10,10
48163,78,78,0,0
48164,143,135,8,8
48165,82,77,5,5
48166,147,147,0,0
48167,115,108,7,7
48168,107,109,-2,2
48169,60,62,-2,2
48170,95,82,13,13
48171,95,94,1,1
48172,39,52,-13,13
48173,75,81,-6,6
48174,61,64,-3,3
48175,194,197,-3,3
48176,67,71,-4,4
48177,104,93,11,11
48178,79,78,1,1
48179,57,75,-18,18
48180,45,52,-7,7
48181,66,71,-5,5
48182,70,69,1,1
48183,61,74,-13,13
48184,93,85,8,8
48185,104,98,6,6
48186,122,132,-10,10
48187,64,63,1,1
48188,68,68,0,0
48189,132,129,3,3
48190,55,56,-1,1
48191,117,113,4,4
48192,89,80,9,9
48193,83,88,-5,5
48194,94,104,-10,10
48195,59,58,1,1
48196,149,136,13,13
48197,77,79,-2,2
48198,92,92,0,0
48199,84,75,9,9
48200,71,69,2,2
48201,75,68,7,7
48202,123,110,13,13
48203,108,112,-4,4
48204,90,91,-1,1
48205,99,84,15,15
48206,38,54,-16,16
48207,59,65,-6,6
48208,104,97,7,7
48209,114,121,-7,7
48210,83,84,-1,1
48211,182,154,28,28
48212,89,92,-3,3
48213,77,66,11,11
48214,146,130,16,16
48215,74,73,1,1
48216,73,66,7,7
48217,71,68,3,3
48218,70,61,9,9
48219,139,137,2,2
48220,75,63,12,12
48221,110,124,-14,14
48222,106,104,2,2
48223,150,143,7,7
48224,132,122,10,10
48225,108,93,15,15
48226,56,58,-2,2
48227,133,127,6,6
48228,123,108,15,15
48229,58,55,3,3
48230,73,79,-6,6
48231,118,105,13,13
48232,83,79,4,4
48233,66,61,5,5
48234,83,81,2,2
48235,89,87,2,2
48236,87,92,-5,5
48237,95,88,7,7
48238,57,60,-3,3
48239,124,123,1,1
48240,136,131,5,5
48241,102,98,4,4
48242,123,122,1,1
48243,53,55,-2,2
48244,59,67,-8,8
48245,150,128,22,22
48246,140,122,18,18
48247,88,81,7,7
48248,140,129,11,11
48249,86,86,0,0
48250,106,95,11,11
48251,127,136,-9,9
48252,88,77,11,11
48253,99,102,-3,3
48254,83,78,5,5
48255,81,80,1,1
48256,151,133,18,18
48257,144,141,3,3
48258,55,55,0,0
48259,66,60,6,6
48260,103,97,6,6
48261,100,92,8,8
48262,76,65,11,11
48263,115,111,4,4
48264,135,122,13,13
48265,128,109,19,19
48266,163,139,24,24
48267,81,77,4,4
48268,88,83,5,5
48269,86,108,-22,22
48270,147,131,16,16
48271,179,161,18,18
48272,98,89,9,9
48273,91,84,7,7
48274,145,136,9,9
48275,53,57,-4,4
48276,122,122,0,0
48277,79,73,6,6
48278,118,125,-7,7
48279,100,82,18,18
48280,76,69,7,7
48281,148,138,10,10
48282,55,74,-19,19
48283,80,78,2,2
48284,129,135,-6,6
48285,52,60,-8,8
48286,108,104,4,4
48287,71,69,2,2
48288,49,53,-4,4
48289,111,99,12,12
48290,97,86,11,11
48291,106,96,10,10
48292,31,58,-27,27
48293,62,65,-3,3
48294,140,152,-12,12
48295,102,92,10,10
48296,68,57,11,11
48297,66,66,0,0
48298,98,99,-1,1
48299,29,51,-22,22
48300,162,149,13,13
48301,68,68,0,0
48302,39,53,-14,14
48303,61,60,1,1
48304,126,127,-1,1
48305,82,66,16,16
48306,95,83,12,12
48307,86,89,-3,3
48308,91,88,3,3
48309,68,81,-13,13
48310,70,68,2,2
48311,56,54,2,2
48312,113,110,3,3
48313,83,71,12,12
48314,185,163,22,22
48315,133,123,10,10
48316,98,92,6,6
48317,47,55,-8,8
48318,86,79,7,7
48319,115,103,12,12
48320,121,111,10,10
48321,130,128,2,2
48322,116,112,4,4
48323,55,54,1,1
48324,88,83,5,5
48325,158,149,9,9
48326,208,191,17,17
48327,104,92,12,12
48328,109,103,6,6
48329,94,98,-4,4
48330,49,55,-6,6
48331,66,69,-3,3
48332,135,147,-12,12
48333,112,97,15,15
48334,75,71,4,4
48335,99,91,8,8
48336,98,96,2,2
48337,77,82,-5,5
48338,108,94,14,14
48339,81,79,2,2
48340,99,107,-8,8
48341,113,91,22,22
48342,68,73,-5,5
48343,111,111,0,0
48344,57,63,-6,6
48345,141,122,19,19
48346,96,91,5,5
48347,57,64,-7,7
48348,86,80,6,6
48349,64,79,-15,15
48350,58,55,3,3
48351,68,67,1,1
48352,79,73,6,6
48353,128,123,5,5
48354,133,119,14,14
48355,129,129,0,0
48356,98,85,13,13
48357,126,107,19,19
48358,68,70,-2,2
48359,98,87,11,11
48360,76,63,13,13
48361,151,128,23,23
48362,143,137,6,6
48363,81,83,-2,2
48364,154,135,19,19
48365,99,97,2,2
48366,58,59,-1,1
48367,40,52,-12,12
48368,101,100,1,1
48369,88,80,8,8
48370,102,91,11,11
48371,82,76,6,6
48372,80,74,6,6
48373,77,73,4,4
48374,91,85,6,6
48375,133,125,8,8
48376,160,142,18,18
48377,137,129,8,8
48378,110,98,12,12
48379,78,68,10,10
48380,83,78,5,5
48381,68,77,-9,9
48382,85,89,-4,4
48383,90,86,4,4
48384,51,56,-5,5
48385,95,89,6,6
48386,133,119,14,14
48387,63,65,-2,2
48388,64,61,3,3
48389,64,57,7,7
48390,128,123,5,5
48391,94,95,-1,1
48392,87,82,5,5
48393,49,54,-5,5
48394,66,63,3,3
48395,53,54,-1,1
48396,99,98,1,1
48397,55,59,-4,4
48398,166,153,13,13
48399,179,159,20,20
48400,100,91,9,9
48401,97,93,4,4
48402,139,123,16,16
48403,59,61,-2,2
48404,175,155,20,20
48405,123,123,0,0
48406,72,71,1,1
48407,77,83,-6,6
48408,86,75,11,11
48409,52,57,-5,5
48410,122,129,-7,7
48411,83,79,4,4
48412,109,112,-3,3
48413,123,110,13,13
48414,72,71,1,1
48415,86,83,3,3
48416,97,107,-10,10
48417,98,89,9,9
48418,98,84,14,14
48419,72,66,6,6
48420,160,139,21,21
48421,61,57,4,4
48422,91,89,2,2
48423,65,60,5,5
48424,145,128,17,17
48425,60,58,2,2
48426,125,112,13,13
48427,57,58,-1,1
48428,117,110,7,7
48429,104,98,6,6
48430,141,128,13,13
48431,65,65,0,0
48432,78,67,11,11
48433,74,72,2,2
48434,82,80,2,2
48435,83,83,0,0
48436,79,81,-2,2
48437,79,78,1,1
48438,73,73,0,0
48439,154,129,25,25
48440,89,84,5,5
48441,83,87,-4,4
48442,79,76,3,3
48443,167,146,21,21
48444,103,112,-9,9
48445,89,86,3,3
48446,199,171,28,28
48447,63,70,-7,7
48448,67,59,8,8
48449,152,151,1,1
48450,98,98,0,0
48451,78,79,-1,1
48452,78,73,5,5
48453,119,123,-4,4
48454,93,95,-2,2
48455,121,120,1,1
48456,105,87,18,18
48457,184,139,45,45
48458,60,61,-1,1
48459,167,140,27,27
48460,51,56,-5,5
48461,114,114,0,0
48462,59,58,1,1
48463,98,103,-5,5
48464,62,64,-2,2
48465,74,61,13,13
48466,87,80,7,7
48467,84,74,10,10
48468,63,60,3,3
48469,103,90,13,13
48470,133,114,19,19
48471,125,107,18,18
48472,137,132,5,5
48473,82,72,10,10
48474,145,138,7,7
48475,111,110,1,1
48476,117,109,8,8
48477,61,58,3,3
48478,107,108,-1,1
48479,127,118,9,9
48480,50,54,-4,4
48481,75,68,7,7
48482,173,158,15,15
48483,162,142,20,20
48484,72,80,-8,8
48485,104,99,5,5
48486,84,75,9,9
48487,84,73,11,11
48488,99,94,5,5
48489,109,105,4,4
48490,125,125,0,0
48491,100,98,2,2
48492,108,108,0,0
48493,118,117,1,1
48494,70,73,-3,3
48495,67,57,10,10
48496,39,53,-14,14
48497,87,85,2,2
48498,71,80,-9,9
48499,65,65,0,0
48500,185,159,26,26
48501,89,82,7,7
48502,94,88,6,6
48503,68,68,0,0
48504,66,59,7,7
48505,126,118,8,8
48506,99,98,1,1
48507,100,95,5,5
48508,85,76,9,9
48509,38,55,-17,17
48510,170,151,19,19
48511,109,93,16,16
48512,90,79,11,11
48513,58,59,-1,1
48514,52,59,-7,7
48515,162,167,-5,5
48516,60,61,-1,1
48517,99,92,7,7
48518,80,73,7,7
48519,82,90,-8,8
48520,112,106,6,6
48521,81,71,10,10
48522,112,123,-11,11
48523,160,140,20,20
48524,44,53,-9,9
48525,60,62,-2,2
48526,87,76,11,11
48527,66,58,8,8
48528,54,53,1,1
48529,158,134,24,24
48530,125,120,5,5
48531,61,62,-1,1
48532,179,159,20,20
48533,174,142,32,32
48534,86,98,-12,12
48535,86,94,-8,8
48536,79,97,-18,18
48537,60,59,1,1
48538,78,72,6,6
48539,128,125,3,3
48540,111,101,10,10
48541,98,94,4,4
48542,142,115,27,27
48543,65,62,3,3
48544,142,120,22,22
48545,176,162,14,14
48546,88,80,8,8
48547,165,153,12,12
48548,85,86,-1,1
48549,85,76,9,9
48550,88,88,0,0
48551,97,102,-5,5
48552,125,117,8,8
48553,99,91,8,8
48554,83,78,5,5
48555,97,90,7,7
48556,96,91,5,5
48557,62,63,-1,1
48558,99,106,-7,7
48559,57,58,-1,1
48560,77,81,-4,4
48561,77,79,-2,2
48562,104,122,-18,18
48563,114,103,11,11
48564,94,87,7,7
48565,67,76,-9,9
48566,112,103,9,9
48567,128,116,12,12
48568,93,90,3,3
48569,115,119,-4,4
48570,63,58,5,5
48571,67,73,-6,6
48572,136,134,2,2
48573,96,106,-10,10
48574,97,105,-8,8
48575,97,103,-6,6
48576,100,95,5,5
48577,60,60,0,0
48578,155,170,-15,15
48579,80,87,-7,7
48580,92,104,-12,12
48581,130,122,8,8
48582,139,120,19,19
48583,121,114,7,7
48584,58,63,-5,5
48585,73,76,-3,3
48586,98,92,6,6
48587,95,96,-1,1
48588,126,113,13,13
48589,112,106,6,6
48590,82,84,-2,2
48591,105,95,10,10
48592,68,78,-10,10
48593,67,76,-9,9
48594,121,118,3,3
48595,164,136,28,28
48596,107,107,0,0
48597,110,104,6,6
48598,125,121,4,4
48599,71,66,5,5
48600,77,80,-3,3
48601,97,93,4,4
48602,114,120,-6,6
48603,140,135,5,5
48604,57,64,-7,7
48605,99,94,5,5
48606,99,90,9,9
48607,52,55,-3,3
48608,83,74,9,9
48609,173,233,-60,60
48610,94,98,-4,4
48611,47,54,-7,7
48612,58,62,-4,4
48613,61,66,-5,5
48614,82,94,-12,12
48615,53,65,-12,12
48616,53,56,-3,3
48617,77,77,0,0
48618,88,92,-4,4
48619,74,72,2,2
48620,74,68,6,6
48621,150,137,13,13
48622,135,134,1,1
48623,176,170,6,6
48624,53,59,-6,6
48625,140,132,8,8
48626,106,109,-3,3
48627,189,163,26,26
48628,104,113,-9,9
48629,71,83,-12,12
48630,66,60,6,6
48631,82,86,-4,4
48632,111,123,-12,12
48633,114,97,17,17
48634,140,135,5,5
48635,95,99,-4,4
48636,152,141,11,11
48637,101,105,-4,4
48638,67,58,9,9
48639,47,61,-14,14
48640,73,80,-7,7
48641,84,100,-16,16
48642,92,80,12,12
48643,157,148,9,9
48644,128,126,2,2
48645,96,108,-12,12
48646,91,84,7,7
48647,92,85,7,7
48648,132,123,9,9
48649,170,155,15,15
48650,103,85,18,18
48651,46,55,-9,9
48652,123,105,18,18
48653,91,74,17,17
48654,111,110,1,1
48655,144,139,5,5
48656,73,75,-2,2
48657,116,106,10,10
48658,137,135,2,2
48659,131,119,12,12
48660,37,53,-16,16
48661,84,87,-3,3
48662,91,83,8,8
48663,175,164,11,11
48664,137,134,3,3
48665,91,81,10,10
48666,41,55,-14,14
48667,88,74,14,14
48668,86,79,7,7
48669,67,67,0,0
48670,181,157,24,24
48671,108,100,8,8
48672,51,56,-5,5
48673,145,133,12,12
48674,87,84,3,3
48675,42,53,-11,11
48676,92,88,4,4
48677,196,168,28,28
48678,43,52,-9,9
48679,108,105,3,3
48680,131,116,15,15
48681,105,105,0,0
48682,77,78,-1,1
48683,80,78,2,2
48684,144,131,13,13
48685,120,126,-6,6
48686,70,69,1,1
48687,62,60,2,2
48688,40,52,-12,12
48689,80,72,8,8
48690,93,84,9,9
48691,41,54,-13,13
48692,90,98,-8,8
48693,82,75,7,7
48694,85,84,1,1
48695,103,93,10,10
48696,119,108,11,11
48697,65,64,1,1
48698,85,76,9,9
48699,114,103,11,11
48700,95,88,7,7
48701,39,52,-13,13
48702,89,82,7,7
48703,116,113,3,3
48704,133,134,-1,1
48705,76,76,0,0
48706,146,128,18,18
48707,55,59,-4,4
48708,170,159,11,11
48709,76,71,5,5
48710,89,88,1,1
48711,76,96,-20,20
48712,107,94,13,13
48713,69,64,5,5
48714,94,100,-6,6
48715,106,100,6,6
48716,91,77,14,14
48717,158,153,5,5
48718,110,105,5,5
48719,69,69,0,0
48720,90,81,9,9
48721,99,88,11,11
48722,74,70,4,4
48723,94,96,-2,2
48724,70,66,4,4
48725,81,88,-7,7
48726,136,139,-3,3
48727,89,89,0,0
48728,113,112,1,1
48729,110,96,14,14
48730,137,131,6,6
48731,100,96,4,4
48732,114,102,12,12
48733,122,103,19,19
48734,27,51,-24,24
48735,105,109,-4,4
48736,65,72,-7,7
48737,120,121,-1,1
48738,68,69,-1,1
48739,158,141,17,17
48740,76,79,-3,3
48741,123,115,8,8
48742,71,65,6,6
48743,86,86,0,0
48744,68,73,-5,5
48745,118,110,8,8
48746,36,52,-16,16
48747,26,52,-26,26
48748,55,56,-1,1
48749,87,85,2,2
48750,117,106,11,11
48751,36,52,-16,16
48752,112,96,16,16
48753,73,67,6,6
48754,93,87,6,6
48755,122,109,13,13
48756,117,111,6,6
48757,116,126,-10,10
48758,95,88,7,7
48759,51,57,-6,6
48760,81,75,6,6
48761,88,72,16,16
48762,62,62,0,0
48763,84,67,17,17
48764,69,71,-2,2
48765,62,62,0,0
48766,101,104,-3,3
48767,112,110,2,2
48768,182,156,26,26
48769,51,60,-9,9
48770,89,86,3,3
48771,123,122,1,1
48772,91,87,4,4
48773,67,70,-3,3
48774,150,129,21,21
48775,61,66,-5,5
48776,107,99,8,8
48777,53,57,-4,4
48778,79,81,-2,2
48779,143,148,-5,5
48780,115,114,1,1
48781,66,67,-1,1
48782,104,98,6,6
48783,154,153,1,1
48784,96,86,10,10
48785,165,159,6,6
48786,124,122,2,2
48787,108,101,7,7
48788,106,109,-3,3
48789,124,124,0,0
48790,91,95,-4,4
48791,98,115,-17,17
48792,74,78,-4,4
48793,146,143,3,3
48794,136,134,2,2
48795,96,109,-13,13
48796,117,113,4,4
48797,113,103,10,10
48798,118,105,13,13
48799,151,133,18,18
48800,157,148,9,9
48801,98,81,17,17
48802,136,131,5,5
48803,119,128,-9,9
48804,66,63,3,3
48805,144,132,12,12
48806,118,114,4,4
48807,186,179,7,7
48808,91,91,0,0
48809,99,93,6,6
48810,78,79,-1,1
48811,81,83,-2,2
48812,77,81,-4,4
48813,51,54,-3,3
48814,81,81,0,0
48815,110,105,5,5
48816,83,79,4,4
48817,75,86,-11,11
48818,73,72,1,1
48819,113,110,3,3
48820,84,74,10,10
48821,94,88,6,6
48822,77,88,-11,11
48823,101,91,10,10
48824,100,86,14,14
48825,68,63,5,5
48826,65,70,-5,5
48827,159,154,5,5
48828,66,71,-5,5
48829,149,121,28,28
48830,81,95,-14,14
48831,56,56,0,0
48832,149,157,-8,8
48833,56,56,0,0
48834,110,103,7,7
48835,61,62,-1,1
48836,57,56,1,1
48837,107,106,1,1
48838,58,63,-5,5
48839,106,103,3,3
48840,145,121,24,24
48841,70,73,-3,3
48842,115,111,4,4
48843,106,83,23,23
48844,144,132,12,12
48845,129,114,15,15
48846,127,126,1,1
48847,223,178,45,45
48848,147,141,6,6
48849,95,86,9,9
48850,34,51,-17,17
48851,66,59,7,7
48852,88,87,1,1
48853,91,82,9,9
48854,90,79,11,11
48855,131,125,6,6
48856,61,66,-5,5
48857,66,64,2,2
48858,125,128,-3,3
48859,69,63,6,6
48860,73,78,-5,5
48861,87,86,1,1
48862,89,85,4,4
48863,69,72,-3,3
48864,114,112,2,2
48865,64,65,-1,1
48866,146,133,13,13
48867,93,94,-1,1
48868,54,60,-6,6
48869,171,168,3,3
48870,63,62,1,1
48871,70,78,-8,8
48872,61,62,-1,1
48873,75,71,4,4
48874,158,134,24,24
48875,65,76,-11,11
48876,93,90,3,3
48877,97,86,11,11
48878,126,97,29,29
48879,122,116,6,6
48880,128,135,-7,7
48881,109,105,4,4
48882,90,81,9,9
48883,167,154,13,13
48884,79,66,13,13
48885,56,60,-4,4
48886,117,108,9,9
48887,80,76,4,4
48888,48,53,-5,5
48889,72,70,2,2
48890,69,67,2,2
48891,105,97,8,8
48892,103,95,8,8
48893,94,89,5,5
48894,91,81,10,10
48895,117,109,8,8
48896,168,151,17,17
48897,60,60,0,0
48898,93,100,-7,7
48899,110,101,9,9
48900,61,57,4,4
48901,133,123,10,10
48902,124,102,22,22
48903,131,124,7,7
48904,81,79,2,2
48905,78,71,7,7
48906,117,109,8,8
48907,116,108,8,8
48908,75,77,-2,2
48909,50,55,-5,5
48910,76,69,7,7
48911,120,111,9,9
48912,96,89,7,7
48913,99,115,-16,16
48914,163,149,14,14
48915,136,124,12,12
48916,150,135,15,15
48917,87,94,-7,7
48918,116,112,4,4
48919,127,113,14,14
48920,73,70,3,3
48921,110,106,4,4
48922,65,66,-1,1
48923,74,73,1,1
48924,98,92,6,6
48925,74,68,6,6
48926,105,101,4,4
48927,92,91,1,1
48928,80,80,0,0
48929,111,108,3,3
48930,93,87,6,6
48931,69,66,3,3
48932,76,80,-4,4
48933,59,57,2,2
48934,127,119,8,8
48935,45,54,-9,9
48936,100,75,25,25
48937,111,109,2,2
48938,165,189,-24,24
48939,161,165,-4,4
48940,108,106,2,2
48941,85,75,10,10
48942,131,130,1,1
48943,28,54,-26,26
48944,92,82,10,10
48945,55,55,0,0
48946,134,123,11,11
48947,112,100,12,12
48948,123,106,17,17
48949,137,130,7,7
48950,72,80,-8,8
48951,116,104,12,12
48952,136,127,9,9
48953,122,119,3,3
48954,120,115,5,5
48955,85,76,9,9
48956,98,100,-2,2
48957,108,121,-13,13
48958,95,94,1,1
48959,71,69,2,2
48960,160,141,19,19
48961,112,112,0,0
48962,98,100,-2,2
48963,72,67,5,5
48964,102,97,5,5
48965,95,84,11,11
48966,130,117,13,13
48967,96,91,5,5
48968,123,114,9,9
48969,100,103,-3,3
48970,172,162,10,10
48971,55,58,-3,3
48972,60,74,-14,14
48973,101,101,0,0
48974,90,101,-11,11
48975,76,82,-6,6
48976,80,76,4,4
48977,100,106,-6,6
48978,61,63,-2,2
48979,75,72,3,3
48980,81,98,-17,17
48981,121,114,7,7
48982,81,80,1,1
48983,139,136,3,3
48984,86,72,14,14
48985,94,88,6,6
48986,121,115,6,6
48987,83,73,10,10
48988,127,126,1,1
48989,49,64,-15,15
48990,83,90,-7,7
48991,76,71,5,5
48992,113,106,7,7
48993,73,66,7,7
48994,85,83,2,2
48995,97,91,6,6
48996,82,76,6,6
48997,103,101,2,2
48998,68,67,1,1
48999,65,65,0,0
49000,46,63,-17,17
49001,108,98,10,10
49002,96,102,-6,6
49003,133,125,8,8
49004,97,92,5,5
49005,62,56,6,6
49006,95,95,0,0
49007,132,116,16,16
49008,164,148,16,16
49009,62,59,3,3
49010,81,78,3,3
49011,91,91,0,0
49012,73,71,2,2
49013,73,73,0,0
49014,105,111,-6,6
49015,75,75,0,0
49016,73,64,9,9
49017,94,95,-1,1
49018,112,118,-6,6
49019,107,94,13,13
49020,79,73,6,6
49021,128,129,-1,1
49022,100,90,10,10
49023,68,68,0,0
49024,84,69,15,15
49025,115,129,-14,14
49026,68,67,1,1
49027,50,53,-3,3
49028,80,81,-1,1
49029,71,72,-1,1
49030,115,111,4,4
49031,103,110,-7,7
49032,112,105,7,7
49033,95,86,9,9
49034,132,128,4,4
49035,108,106,2,2
49036,89,93,-4,4
49037,96,86,10,10
49038,110,103,7,7
49039,103,169,-66,66
49040,113,93,20,20
49041,72,77,-5,5
49042,85,90,-5,5
49043,106,106,0,0
49044,101,96,5,5
49045,117,125,-8,8
49046,67,74,-7,7
49047,82,76,6,6
49048,61,61,0,0
49049,64,63,1,1
49050,86,88,-2,2
49051,89,86,3,3
49052,49,54,-5,5
49053,136,113,23,23
49054,137,132,5,5
49055,79,69,10,10
49056,127,109,18,18
49057,130,118,12,12
49058,119,125,-6,6
49059,83,74,9,9
49060,98,98,0,0
49061,124,118,6,6
49062,72,85,-13,13
49063,114,116,-2,2
49064,144,129,15,15
49065,117,104,13,13
49066,68,68,0,0
49067,41,53,-12,12
49068,88,91,-3,3
49069,156,141,15,15
49070,85,80,5,5
49071,99,94,5,5
49072,71,84,-13,13
49073,152,134,18,18
49074,86,78,8,8
49075,95,84,11,11
49076,100,94,6,6
49077,99,98,1,1
49078,137,113,24,24
49079,78,68,10,10
49080,142,127,15,15
49081,80,89,-9,9
49082,70,67,3,3
49083,112,101,11,11
49084,116,116,0,0
49085,76,77,-1,1
49086,128,116,12,12
49087,101,91,10,10
49088,111,105,6,6
49089,71,67,4,4
49090,129,122,7,7
49091,170,155,15,15
49092,136,113,23,23
49093,105,93,12,12
49094,117,105,12,12
49095,102,92,10,10
49096,77,76,1,1
49097,103,108,-5,5
49098,53,55,-2,2
49099,94,99,-5,5
49100,73,64,9,9
49101,65,62,3,3
49102,107,120,-13,13
49103,78,83,-5,5
49104,83,76,7,7
49105,117,113,4,4
49106,33,51,-18,18
49107,97,96,1,1
49108,119,118,1,1
49109,74,70,4,4
49110,96,88,8,8
49111,113,112,1,1
49112,68,79,-11,11
49113,78,72,6,6
49114,123,99,24,24
49115,121,123,-2,2
49116,74,70,4,4
49117,100,90,10,10
49118,71,69,2,2
49119,46,52,-6,6
49120,90,89,1,1
49121,63,71,-8,8
49122,94,99,-5,5
49123,83,84,-1,1
49124,86,87,-1,1
49125,116,117,-1,1
49126,107,99,8,8
49127,111,119,-8,8
49128,211,190,21,21
49129,71,64,7,7
49130,57,66,-9,9
49131,135,122,13,13
49132,111,105,6,6
49133,97,87,10,10
49134,139,132,7,7
49135,96,95,1,1
49136,91,85,6,6
49137,131,125,6,6
49138,134,122,12,12
49139,81,79,2,2
49140,123,113,10,10
49141,122,123,-1,1
49142,149,141,8,8
49143,122,108,14,14
49144,114,104,10,10
49145,112,98,14,14
49146,110,99,11,11
49147,111,113,-2,2
49148,50,54,-4,4
49149,52,54,-2,2
49150,119,125,-6,6
49151,67,65,2,2
49152,135,131,4,4
49153,81,72,9,9
49154,122,103,19,19
49155,130,127,3,3
49156,60,63,-3,3
49157,108,116,-8,8
49158,97,96,1,1
49159,50,55,-5,5
49160,77,68,9,9
49161,106,92,14,14
49162,100,103,-3,3
49163,70,73,-3,3
49164,99,99,0,0
49165,108,108,0,0
49166,138,122,16,16
49167,132,129,3,3
49168,73,75,-2,2
49169,73,78,-5,5
49170,111,98,13,13
49171,101,98,3,3
49172,123,120,3,3
49173,80,122,-42,42
49174,56,54,2,2
49175,101,89,12,12
49176,119,116,3,3
49177,125,137,-12,12
49178,107,103,4,4
49179,141,132,9,9
49180,110,119,-9,9
49181,91,80,11,11
49182,67,65,2,2
49183,91,90,1,1
49184,62,64,-2,2
49185,66,61,5,5
49186,51,70,-19,19
49187,26,54,-28,28
49188,112,110,2,2
49189,85,74,11,11
49190,173,150,23,23
49191,65,58,7,7
49192,71,71,0,0
49193,48,66,-18,18
49194,113,113,0,0
49195,111,108,3,3
49196,76,78,-2,2
49197,72,70,2,2
49198,104,94,10,10
49199,113,105,8,8
49200,80,75,5,5
49201,129,131,-2,2
49202,80,74,6,6
49203,99,97,2,2
49204,98,100,-2,2
49205,186,172,14,14
49206,84,82,2,2
49207,46,52,-6,6
49208,81,90,-9,9
49209,62,57,5,5
49210,85,80,5,5
49211,63,58,5,5
49212,114,118,-4,4
49213,91,87,4,4
49214,100,112,-12,12
49215,53,54,-1,1
49216,127,109,18,18
49217,93,81,12,12
49218,59,61,-2,2
49219,52,52,0,0
49220,100,93,7,7
49221,73,76,-3,3
49222,110,109,1,1
49223,88,71,17,17
49224,87,84,3,3
49225,53,54,-1,1
49226,96,94,2,2
49227,70,82,-12,12
49228,80,88,-8,8
49229,80,75,5,5
49230,78,71,7,7
49231,45,52,-7,7
49232,97,90,7,7
49233,172,154,18,18
49234,92,91,1,1
49235,72,71,1,1
49236,125,128,-3,3
49237,72,71,1,1
49238,156,143,13,13
49239,61,60,1,1
49240,118,119,-1,1
49241,89,108,-19,19
49242,126,103,23,23
49243,121,107,14,14
49244,63,73,-10,10
49245,96,86,10,10
49246,123,109,14,14
49247,80,83,-3,3
49248,120,116,4,4
49249,75,75,0,0
49250,128,123,5,5
49251,166,153,13,13
49252,129,120,9,9
49253,74,79,-5,5
49254,70,75,-5,5
49255,75,73,2,2
49256,115,94,21,21
49257,109,104,5,5
49258,86,81,5,5
49259,90,88,2,2
49260,95,87,8,8
49261,102,105,-3,3
49262,178,159,19,19
49263,140,128,12,12
49264,148,139,9,9
49265,75,76,-1,1
49266,94,83,11,11
49267,83,84,-1,1
49268,184,168,16,16
49269,98,88,10,10
49270,36,51,-15,15
49271,68,66,2,2
49272,88,84,4,4
49273,71,66,5,5
49274,80,75,5,5
49275,81,77,4,4
49276,98,104,-6,6
49277,99,86,13,13
49278,41,54,-13,13
49279,51,61,-10,10
49280,161,147,14,14
49281,76,73,3,3
49282,103,97,6,6
49283,86,77,9,9
49284,111,104,7,7
49285,132,118,14,14
49286,91,82,9,9
49287,114,94,20,20
49288,106,95,11,11
49289,140,131,9,9
49290,54,55,-1,1
49291,231,194,37,37
49292,74,73,1,1
49293,59,58,1,1
49294,149,128,21,21
49295,98,87,11,11
49296,96,89,7,7
49297,98,101,-3,3
49298,29,51,-22,22
49299,80,76,4,4
49300,115,105,10,10
49301,75,68,7,7
49302,93,91,2,2
49303,86,82,4,4
49304,67,59,8,8
49305,56,54,2,2
49306,120,116,4,4
49307,188,159,29,29
49308,31,53,-22,22
49309,51,61,-10,10
49310,55,57,-2,2
49311,81,82,-1,1
49312,75,76,-1,1
49313,63,65,-2,2
49314,85,82,3,3
49315,32,53,-21,21
49316,83,86,-3,3
49317,86,88,-2,2
49318,122,101,21,21
49319,46,56,-10,10
49320,122,109,13,13
49321,101,99,2,2
49322,55,66,-11,11
49323,80,77,3,3
49324,106,102,4,4
49325,79,87,-8,8
49326,143,140,3,3
49327,124,123,1,1
49328,128,123,5,5
49329,88,91,-3,3
49330,98,98,0,0
49331,207,179,28,28
49332,133,119,14,14
49333,46,52,-6,6
49334,115,121,-6,6
49335,75,60,15,15
49336,93,86,7,7
49337,99,102,-3,3
49338,107,108,-1,1
49339,99,92,7,7
49340,78,74,4,4
49341,104,90,14,14
49342,112,114,-2,2
49343,75,72,3,3
49344,84,88,-4,4
49345,87,91,-4,4
49346,83,75,8,8
49347,151,136,15,15
49348,23,54,-31,31
49349,168,149,19,19
49350,62,63,-1,1
49351,65,60,5,5
49352,68,68,0,0
49353,110,111,-1,1
49354,159,138,21,21
49355,44,53,-9,9
49356,144,135,9,9
49357,71,68,3,3
49358,71,62,9,9
49359,131,109,22,22
49360,148,93,55,55
49361,116,114,2,2
49362,117,100,17,17
49363,116,128,-12,12
49364,95,86,9,9
49365,59,65,-6,6
49366,41,54,-13,13
49367,80,85,-5,5
49368,66,68,-2,2
49369,98,84,14,14
49370,186,168,18,18
49371,109,99,10,10
49372,97,121,-24,24
49373,74,64,10,10
49374,113,111,2,2
49375,61,56,5,5
49376,108,107,1,1
49377,123,108,15,15
49378,78,77,1,1
49379,57,62,-5,5
49380,42,56,-14,14
49381,118,124,-6,6
49382,59,56,3,3
49383,96,103,-7,7
49384,69,69,0,0
49385,94,81,13,13
49386,84,90,-6,6
49387,182,171,11,11
49388,44,54,-10,10
49389,74,83,-9,9
49390,84,67,17,17
49391,173,150,23,23
49392,73,78,-5,5
49393,67,65,2,2
49394,84,85,-1,1
49395,106,101,5,5
49396,80,83,-3,3
49397,79,87,-8,8
49398,61,57,4,4
49399,73,77,-4,4
49400,50,53,-3,3
49401,94,91,3,3
49402,86,91,-5,5
49403,71,65,6,6
49404,60,69,-9,9
49405,126,120,6,6
49406,60,57,3,3
49407,65,59,6,6
49408,83,79,4,4
49409,47,52,-5,5
49410,234,183,51,51
49411,101,82,19,19
49412,111,103,8,8
49413,65,57,8,8
49414,50,56,-6,6
49415,63,69,-6,6
49416,121,123,-2,2
49417,63,53,10,10
49418,105,96,9,9
49419,51,59,-8,8
49420,85,73,12,12
49421,154,130,24,24
49422,130,118,12,12
49423,95,91,4,4
49424,55,55,0,0
49425,95,94,1,1
49426,154,143,11,11
49427,109,103,6,6
49428,57,63,-6,6
49429,109,101,8,8
49430,125,110,15,15
49431,85,75,10,10
49432,76,67,9,9
49433,66,76,-10,10
49434,89,79,10,10
49435,64,59,5,5
49436,46,59,-13,13
49437,79,77,2,2
49438,114,112,2,2
49439,73,66,7,7
49440,130,126,4,4
49441,78,68,10,10
49442,62,64,-2,2
49443,49,53,-4,4
49444,65,69,-4,4
49445,66,67,-1,1
49446,72,76,-4,4
49447,81,78,3,3
49448,131,128,3,3
49449,113,110,3,3
49450,103,97,6,6
49451,60,60,0,0
49452,61,62,-1,1
49453,62,59,3,3
49454,79,75,4,4
49455,111,121,-10,10
49456,108,101,7,7
49457,124,99,25,25
49458,93,104,-11,11
49459,121,121,0,0
49460,49,57,-8,8
49461,72,76,-4,4
49462,86,68,18,18
49463,64,62,2,2
49464,95,78,17,17
49465,108,109,-1,1
49466,148,138,10,10
49467,71,64,7,7
49468,85,97,-12,12
49469,72,76,-4,4
49470,107,103,4,4
49471,121,105,16,16
49472,119,113,6,6
49473,81,101,-20,20
49474,94,92,2,2
49475,147,118,29,29
49476,101,97,4,4
49477,106,106,0,0
49478,59,59,0,0
49479,70,66,4,4
49480,52,55,-3,3
49481,89,77,12,12
49482,128,121,7,7
49483,111,114,-3,3
49484,146,139,7,7
49485,49,54,-5,5
49486,110,99,11,11
49487,119,100,19,19
49488,96,96,0,0
49489,119,110,9,9
49490,140,131,9,9
49491,124,119,5,5
49492,90,81,9,9
49493,68,67,1,1
49494,92,98,-6,6
49495,163,144,19,19
49496,77,68,9,9
49497,103,95,8,8
49498,126,107,19,19
49499,70,73,-3,3
49500,127,113,14,14
49501,76,78,-2,2
49502,138,129,9,9
49503,88,91,-3,3
49504,58,79,-21,21
49505,68,62,6,6
49506,146,137,9,9
49507,139,135,4,4
49508,71,76,-5,5
49509,143,131,12,12
49510,123,100,23,23
49511,55,56,-1,1
49512,93,91,2,2
49513,74,77,-3,3
49514,122,112,10,10
49515,79,79,0,0
49516,75,72,3,3
49517,72,79,-7,7
49518,122,118,4,4
49519,82,78,4,4
49520,66,64,2,2
49521,67,68,-1,1
49522,62,60,2,2
49523,108,95,13,13
49524,82,83,-1,1
49525,93,94,-1,1
49526,57,59,-2,2
49527,73,74,-1,1
49528,116,97,19,19
49529,97,85,12,12
49530,107,103,4,4
49531,69,67,2,2
49532,118,112,6,6
49533,112,108,4,4
49534,75,75,0,0
49535,128,131,-3,3
49536,96,95,1,1
49537,81,82,-1,1
49538,149,131,18,18
49539,65,67,-2,2
49540,28,51,-23,23
49541,92,90,2,2
49542,82,75,7,7
49543,65,75,-10,10
49544,130,124,6,6
49545,85,81,4,4
49546,105,102,3,3
49547,119,114,5,5
49548,124,109,15,15
49549,89,84,5,5
49550,52,54,-2,2
49551,95,86,9,9
49552,111,122,-11,11
49553,110,93,17,17
49554,104,98,6,6
49555,107,112,-5,5
49556,79,76,3,3
49557,98,86,12,12
49558,113,109,4,4
49559,59,59,0,0
49560,86,79,7,7
49561,40,53,-13,13
49562,59,56,3,3
49563,108,105,3,3
49564,49,60,-11,11
49565,86,73,13,13
49566,84,73,11,11
49567,93,88,5,5
49568,74,70,4,4
49569,73,73,0,0
49570,89,91,-2,2
49571,83,86,-3,3
49572,94,95,-1,1
49573,103,93,10,10
49574,117,122,-5,5
49575,162,145,17,17
49576,72,80,-8,8
49577,107,109,-2,2
49578,122,113,9,9
49579,108,104,4,4
49580,96,77,19,19
49581,98,91,7,7
49582,111,111,0,0
49583,51,54,-3,3
49584,70,76,-6,6
49585,64,63,1,1
49586,47,54,-7,7
49587,45,52,-7,7
49588,69,85,-16,16
49589,91,87,4,4
49590,77,63,14,14
49591,83,79,4,4
49592,73,66,7,7
49593,70,69,1,1
49594,228,170,58,58
49595,50,58,-8,8
49596,69,68,1,1
49597,88,80,8,8
49598,76,75,1,1
49599,80,73,7,7
49600,73,70,3,3
49601,86,84,2,2
49602,103,122,-19,19
49603,135,123,12,12
49604,75,80,-5,5
49605,78,77,1,1
49606,114,97,17,17
49607,112,115,-3,3
49608,66,69,-3,3
49609,94,83,11,11
49610,86,75,11,11
49611,86,77,9,9
49612,115,119,-4,4
49613,81,73,8,8
49614,96,99,-3,3
49615,100,83,17,17
49616,137,125,12,12
49617,71,68,3,3
49618,77,71,6,6
49619,102,96,6,6
49620,83,84,-1,1
49621,87,87,0,0
49622,123,102,21,21
49623,65,71,-6,6
49624,59,65,-6,6
49625,98,93,5,5
49626,127,131,-4,4
49627,141,122,19,19
49628,55,55,0,0
49629,63,65,-2,2
49630,102,92,10,10
49631,63,69,-6,6
49632,108,99,9,9
49633,105,101,4,4
49634,57,53,4,4
49635,64,54,10,10
49636,83,78,5,5
49637,97,93,4,4
49638,97,95,2,2
49639,84,90,-6,6
49640,117,112,5,5
49641,99,88,11,11
49642,106,102,4,4
49643,101,93,8,8
49644,91,80,11,11
49645,131,120,11,11
49646,162,152,10,10
49647,81,77,4,4
49648,56,60,-4,4
49649,120,103,17,17
49650,103,89,14,14
49651,43,52,-9,9
49652,59,59,0,0
49653,90,81,9,9
49654,116,108,8,8
49655,55,54,1,1
49656,97,88,9,9
49657,99,88,11,11
49658,52,56,-4,4
49659,32,52,-20,20
49660,91,99,-8,8
49661,92,83,9,9
49662,52,55,-3,3
49663,159,137,22,22
49664,144,127,17,17
49665,115,112,3,3
49666,44,55,-11,11
49667,114,116,-2,2
49668,183,161,22,22
49669,94,87,7,7
49670,82,91,-9,9
49671,85,69,16,16
49672,71,68,3,3
49673,151,135,16,16
49674,98,93,5,5
49675,116,111,5,5
49676,108,96,12,12
49677,85,82,3,3
49678,96,101,-5,5
49679,94,104,-10,10
49680,59,63,-4,4
49681,81,74,7,7
49682,125,120,5,5
49683,64,69,-5,5
49684,106,95,11,11
49685,89,89,0,0
49686,91,80,11,11
49687,72,61,11,11
49688,69,74,-5,5
49689,94,75,19,19
49690,133,120,13,13
49691,115,112,3,3
49692,92,86,6,6
49693,171,148,23,23
49694,108,103,5,5
49695,102,85,17,17
49696,133,135,-2,2
49697,89,75,14,14
49698,93,86,7,7
49699,39,63,-24,24
49700,119,108,11,11
49701,116,111,5,5
49702,71,60,11,11
49703,121,122,-1,1
49704,109,100,9,9
49705,121,100,21,21
49706,87,90,-3,3
49707,73,83,-10,10
49708,103,89,14,14
49709,50,55,-5,5
49710,53,55,-2,2
49711,94,92,2,2
49712,143,145,-2,2
49713,68,63,5,5
49714,148,131,17,17
49715,54,53,1,1
49716,121,106,15,15
49717,116,118,-2,2
49718,91,97,-6,6
49719,74,69,5,5
49720,68,64,4,4
49721,129,122,7,7
49722,69,64,5,5
49723,43,53,-10,10
49724,125,113,12,12
49725,101,107,-6,6
49726,188,158,30,30
49727,135,117,18,18
49728,57,60,-3,3
49729,96,97,-1,1
49730,68,65,3,3
49731,154,134,20,20
49732,101,101,0,0
49733,48,58,-10,10
49734,62,73,-11,11
49735,182,158,24,24
49736,83,87,-4,4
49737,52,56,-4,4
49738,97,77,20,20
49739,108,102,6,6
49740,90,90,0,0
49741,88,80,8,8
49742,109,105,4,4
49743,84,95,-11,11
49744,93,102,-9,9
49745,87,81,6,6
49746,75,72,3,3
49747,77,77,0,0
49748,159,137,22,22
49749,56,55,1,1
49750,135,111,24,24
49751,42,53,-11,11
49752,42,52,-10,10
49753,82,94,-12,12
49754,106,106,0,0
49755,98,103,-5,5
49756,59,62,-3,3
49757,158,134,24,24
49758,109,113,-4,4
49759,93,90,3,3
49760,174,157,17,17
49761,91,89,2,2
49762,138,113,25,25
49763,104,96,8,8
49764,92,94,-2,2
49765,67,71,-4,4
49766,87,90,-3,3
49767,135,121,14,14
49768,102,89,13,13
49769,164,148,16,16
49770,67,70,-3,3
49771,106,84,22,22
49772,88,94,-6,6
49773,109,107,2,2
49774,97,83,14,14
49775,49,55,-6,6
49776,124,114,10,10
49777,64,61,3,3
49778,160,143,17,17
49779,108,103,5,5
49780,71,68,3,3
49781,108,99,9,9
49782,87,82,5,5
49783,181,159,22,22
49784,100,90,10,10
49785,52,53,-1,1
49786,128,119,9,9
49787,84,78,6,6
49788,123,110,13,13
49789,131,124,7,7
49790,113,112,1,1
49791,127,125,2,2
49792,85,86,-1,1
49793,71,71,0,0
49794,108,107,1,1
49795,74,66,8,8
49796,160,141,19,19
49797,72,78,-6,6
49798,75,71,4,4
49799,122,120,2,2
49800,85,83,2,2
49801,74,80,-6,6
49802,44,70,-26,26
49803,110,120,-10,10
49804,64,69,-5,5
49805,40,54,-14,14
49806,124,111,13,13
49807,88,86,2,2
49808,123,116,7,7
49809,122,120,2,2
49810,122,115,7,7
49811,104,96,8,8
49812,100,101,-1,1
49813,83,76,7,7
49814,50,55,-5,5
49815,93,89,4,4
49816,91,85,6,6
49817,78,77,1,1
49818,121,109,12,12
49819,90,83,7,7
49820,53,57,-4,4
49821,112,101,11,11
49822,82,80,2,2
49823,167,150,17,17
49824,97,89,8,8
49825,63,59,4,4
49826,112,107,5,5
49827,102,81,21,21
49828,78,76,2,2
49829,124,117,7,7
49830,60,57,3,3
49831,59,54,5,5
49832,55,63,-8,8
49833,154,139,15,15
49834,86,85,1,1
49835,102,89,13,13
49836,70,72,-2,2
49837,47,56,-9,9
49838,79,62,17,17
49839,62,57,5,5
49840,114,129,-15,15
49841,117,101,16,16
49842,60,61,-1,1
49843,86,72,14,14
49844,152,147,5,5
49845,168,160,8,8
49846,124,128,-4,4
49847,60,57,3,3
49848,125,111,14,14
49849,62,67,-5,5
49850,88,90,-2,2
49851,66,62,4,4
49852,175,152,23,23
49853,88,85,3,3
49854,45,54,-9,9
49855,74,67,7,7
49856,135,128,7,7
49857,106,100,6,6
49858,130,113,17,17
49859,79,83,-4,4
49860,81,79,2,2
49861,65,73,-8,8
49862,107,91,16,16
49863,97,86,11,11
49864,76,83,-7,7
49865,116,102,14,14
49866,59,57,2,2
49867,54,61,-7,7
49868,98,93,5,5
49869,128,141,-13,13
49870,106,99,7,7
49871,78,77,1,1
49872,131,126,5,5
49873,69,65,4,4
49874,153,153,0,0
49875,71,74,-3,3
49876,67,70,-3,3
49877,107,96,11,11
49878,75,95,-20,20
49879,87,86,1,1
49880,94,82,12,12
49881,90,98,-8,8
49882,74,73,1,1
49883,135,126,9,9
49884,134,123,11,11
49885,151,134,17,17
49886,92,95,-3,3
49887,92,93,-1,1
49888,80,79,1,1
49889,91,91,0,0
49890,89,88,1,1
49891,86,78,8,8
49892,76,72,4,4
49893,107,103,4,4
49894,140,112,28,28
49895,85,100,-15,15
49896,85,82,3,3
49897,69,62,7,7
49898,96,92,4,4
49899,62,57,5,5
49900,79,73,6,6
49901,138,115,23,23
49902,115,99,16,16
49903,106,94,12,12
49904,93,85,8,8
49905,122,111,11,11
49906,106,92,14,14
49907,90,84,6,6
49908,88,72,16,16
49909,72,68,4,4
49910,84,91,-7,7
49911,138,134,4,4
49912,92,93,-1,1
49913,95,91,4,4
49914,86,79,7,7
49915,73,62,11,11
49916,70,78,-8,8
49917,61,63,-2,2
49918,161,141,20,20
49919,89,77,12,12
49920,130,120,10,10
49921,99,68,31,31
49922,79,77,2,2
49923,47,61,-14,14
49924,75,86,-11,11
49925,69,66,3,3
49926,78,76,2,2
49927,45,51,-6,6
49928,67,75,-8,8
49929,99,97,2,2
49930,92,99,-7,7
49931,116,108,8,8
49932,132,117,15,15
49933,88,90,-2,2
49934,94,95,-1,1
49935,112,116,-4,4
49936,40,54,-14,14
49937,58,56,2,2
49938,88,76,12,12
49939,85,78,7,7
49940,86,72,14,14
49941,145,135,10,10
49942,105,97,8,8
49943,99,90,9,9
49944,62,63,-1,1
49945,95,93,2,2
49946,90,77,13,13
49947,57,53,4,4
49948,104,94,10,10
49949,70,69,1,1
49950,103,88,15,15
49951,102,90,12,12
49952,56,59,-3,3
49953,67,66,1,1
49954,65,65,0,0
49955,65,72,-7,7
49956,100,127,-27,27
49957,77,83,-6,6
49958,140,121,19,19
49959,86,74,12,12
49960,123,115,8,8
49961,33,73,-40,40
49962,102,96,6,6
49963,116,108,8,8
49964,63,65,-2,2
49965,79,79,0,0
49966,160,145,15,15
49967,60,60,0,0
49968,65,59,6,6
49969,84,82,2,2
49970,67,67,0,0
49971,90,90,0,0
49972,70,80,-10,10
49973,68,68,0,0
49974,104,112,-8,8
49975,87,83,4,4
49976,124,106,18,18
49977,128,120,8,8
49978,166,157,9,9
49979,72,75,-3,3
49980,54,55,-1,1
49981,111,96,15,15
49982,93,85,8,8
49983,107,98,9,9
49984,137,127,10,10
49985,89,80,9,9
49986,68,57,11,11
49987,52,53,-1,1
49988,75,83,-8,8
49989,79,74,5,5
49990,48,55,-7,7
49991,75,68,7,7
49992,85,75,10,10
49993,78,77,1,1
49994,101,92,9,9
49995,173,147,26,26
49996,90,80,10,10
49997,55,55,0,0
49998,98,98,0,0
49999,131,108,23,23
50000,149,132,17,17
50001,90,88,2,2
50002,51,55,-4,4
50003,68,69,-1,1
50004,111,98,13,13
50005,77,80,-3,3
50006,150,134,16,16
50007,123,116,7,7
50008,42,55,-13,13
50009,111,106,5,5
50010,73,74,-1,1
50011,77,77,0,0
50012,74,94,-20,20
50013,145,127,18,18
50014,77,65,12,12
50015,102,101,1,1
50016,79,78,1,1
50017,65,63,2,2
50018,64,65,-1,1
50019,54,55,-1,1
50020,127,113,14,14
50021,126,127,-1,1
50022,83,81,2,2
50023,108,93,15,15
50024,103,96,7,7
50025,132,127,5,5
50026,141,119,22,22
50027,132,125,7,7
50028,71,71,0,0
50029,111,104,7,7
50030,133,117,16,16
50031,102,100,2,2
50032,57,57,0,0
50033,92,102,-10,10
50034,120,104,16,16
50035,85,77,8,8
50036,86,88,-2,2
50037,79,69,10,10
50038,69,75,-6,6
50039,63,54,9,9
50040,118,116,2,2
50041,132,121,11,11
50042,72,71,1,1
50043,98,108,-10,10
50044,110,104,6,6
50045,105,103,2,2
50046,67,66,1,1
50047,92,92,0,0
50048,118,129,-11,11
50049,134,118,16,16
50050,70,67,3,3
50051,129,117,12,12
50052,67,61,6,6
50053,36,66,-30,30
50054,137,139,-2,2
50055,40,54,-14,14
50056,89,84,5,5
50057,89,84,5,5
50058,83,77,6,6
50059,70,88,-18,18
50060,125,120,5,5
50061,113,100,13,13
50062,64,62,2,2
50063,101,88,13,13
50064,92,80,12,12
50065,118,111,7,7
50066,70,70,0,0
50067,87,114,-27,27
50068,112,101,11,11
50069,195,183,12,12
50070,122,114,8,8
50071,59,59,0,0
50072,155,139,16,16
50073,131,117,14,14
50074,143,118,25,25
50075,117,99,18,18
50076,120,110,10,10
50077,113,103,10,10
50078,102,94,8,8
50079,131,116,15,15
50080,105,94,11,11
50081,87,86,1,1
50082,66,66,0,0
50083,122,132,-10,10
50084,116,96,20,20
50085,104,97,7,7
50086,51,54,-3,3
50087,90,88,2,2
50088,87,84,3,3
50089,93,101,-8,8
50090,61,66,-5,5
50091,106,108,-2,2
50092,47,55,-8,8
50093,80,76,4,4
50094,74,70,4,4
50095,50,57,-7,7
50096,167,153,14,14
50097,56,55,1,1
50098,110,116,-6,6
50099,160,129,31,31
50100,105,107,-2,2
50101,63,59,4,4
50102,97,92,5,5
50103,98,91,7,7
50104,108,105,3,3
50105,105,100,5,5
50106,119,104,15,15
50107,144,125,19,19
50108,65,62,3,3
50109,112,101,11,11
50110,113,99,14,14
50111,98,103,-5,5
50112,83,76,7,7
50113,170,154,16,16
50114,88,89,-1,1
50115,109,96,13,13
50116,92,86,6,6
50117,121,118,3,3
50118,58,53,5,5
50119,96,122,-26,26
50120,108,100,8,8
50121,150,141,9,9
50122,78,75,3,3
50123,43,53,-10,10
50124,49,56,-7,7
50125,173,148,25,25
50126,100,94,6,6
50127,104,95,9,9
50128,76,88,-12,12
50129,108,103,5,5
50130,148,135,13,13
50131,74,75,-1,1
50132,72,64,8,8
50133,78,66,12,12
50134,108,105,3,3
50135,92,92,0,0
50136,94,97,-3,3
50137,104,104,0,0
50138,102,106,-4,4
50139,70,68,2,2
50140,88,82,6,6
50141,104,104,0,0
50142,115,95,20,20
50143,87,75,12,12
50144,110,105,5,5
50145,70,75,-5,5
50146,78,76,2,2
50147,80,79,1,1
50148,56,57,-1,1
50149,125,118,7,7
50150,79,73,6,6
50151,90,77,13,13
50152,134,125,9,9
50153,123,117,6,6
50154,116,98,18,18
50155,79,77,2,2
50156,100,110,-10,10
50157,55,57,-2,2
50158,86,80,6,6
50159,125,128,-3,3
50160,68,68,0,0
50161,73,76,-3,3
50162,103,93,10,10
50163,172,166,6,6
50164,18,49,-31,31
50165,80,78,2,2
50166,64,61,3,3
50167,90,85,5,5
50168,100,101,-1,1
50169,52,60,-8,8
50170,199,171,28,28
50171,90,90,0,0
50172,80,92,-12,12
50173,138,138,0,0
50174,64,69,-5,5
50175,101,95,6,6
50176,116,123,-7,7
50177,134,112,22,22
50178,113,104,9,9
50179,84,79,5,5
50180,55,68,-13,13
50181,194,171,23,23
50182,81,84,-3,3
50183,100,96,4,4
50184,97,96,1,1
50185,64,61,3,3
50186,55,58,-3,3
50187,68,73,-5,5
50188,103,100,3,3
50189,102,88,14,14
50190,68,63,5,5
50191,95,88,7,7
50192,74,74,0,0
50193,77,66,11,11
50194,97,103,-6,6
50195,77,68,9,9
50196,124,115,9,9
50197,62,64,-2,2
50198,78,82,-4,4
50199,149,137,12,12
50200,53,59,-6,6
50201,80,84,-4,4
50202,82,88,-6,6
50203,69,68,1,1
50204,80,88,-8,8
50205,45,54,-9,9
50206,66,65,1,1
50207,46,55,-9,9
50208,82,83,-1,1
50209,45,54,-9,9
50210,105,98,7,7
50211,109,96,13,13
50212,89,88,1,1
50213,69,66,3,3
50214,132,107,25,25
50215,106,102,4,4
50216,132,125,7,7
50217,141,134,7,7
50218,282,241,41,41
50219,151,159,-8,8
50220,93,82,11,11
50221,129,127,2,2
50222,82,88,-6,6
50223,72,72,0,0
50224,86,82,4,4
50225,42,51,-9,9
50226,85,75,10,10
50227,105,91,14,14
50228,110,103,7,7
50229,50,55,-5,5
50230,88,98,-10,10
50231,98,84,14,14
50232,85,76,9,9
50233,122,118,4,4
50234,122,142,-20,20
50235,124,112,12,12
50236,77,79,-2,2
50237,117,109,8,8
50238,98,107,-9,9
50239,90,82,8,8
50240,129,115,14,14
50241,88,93,-5,5
50242,73,72,1,1
50243,77,79,-2,2
50244,139,143,-4,4
50245,96,89,7,7
50246,102,93,9,9
50247,87,88,-1,1
50248,70,68,2,2
50249,159,147,12,12
50250,60,59,1,1
50251,69,62,7,7
50252,113,111,2,2
50253,156,140,16,16
50254,118,103,15,15
50255,53,55,-2,2
50256,104,106,-2,2
50257,83,75,8,8
50258,67,61,6,6
50259,95,104,-9,9
50260,103,97,6,6
50261,132,138,-6,6
50262,115,105,10,10
50263,89,88,1,1
50264,107,94,13,13
50265,99,99,0,0
50266,97,96,1,1
50267,54,56,-2,2
50268,101,95,6,6
50269,97,85,12,12
50270,81,84,-3,3
50271,150,152,-2,2
50272,76,99,-23,23
50273,87,88,-1,1
50274,101,113,-12,12
50275,51,54,-3,3
50276,99,95,4,4
50277,76,74,2,2
50278,170,151,19,19
50279,129,107,22,22
50280,73,78,-5,5
50281,172,168,4,4
50282,142,131,11,11
50283,104,100,4,4
50284,125,111,14,14
50285,51,54,-3,3
50286,127,123,4,4
50287,150,132,18,18
50288,71,76,-5,5
50289,129,129,0,0
50290,92,97,-5,5
50291,83,78,5,5
50292,82,83,-1,1
50293,143,145,-2,2
50294,105,100,5,5
50295,60,58,2,2
50296,79,83,-4,4
50297,26,51,-25,25
50298,131,110,21,21
50299,90,79,11,11
50300,72,67,5,5
50301,62,63,-1,1
50302,76,68,8,8
50303,138,127,11,11
50304,81,88,-7,7
50305,108,94,14,14
50306,88,93,-5,5
50307,115,117,-2,2
50308,123,113,10,10
50309,89,93,-4,4
50310,123,117,6,6
50311,104,93,11,11
50312,67,61,6,6
50313,82,87,-5,5
50314,68,63,5,5
50315,72,67,5,5
50316,92,87,5,5
50317,60,59,1,1
50318,76,87,-11,11
50319,91,89,2,2
50320,95,82,13,13
50321,101,101,0,0
50322,96,96,0,0
50323,122,114,8,8
50324,139,129,10,10
50325,141,111,30,30
50326,89,80,9,9
50327,103,113,-10,10
50328,51,57,-6,6
50329,75,82,-7,7
50330,107,117,-10,10
50331,64,63,1,1
50332,54,54,0,0
50333,90,82,8,8
50334,75,79,-4,4
50335,136,123,13,13
50336,99,105,-6,6
50337,128,132,-4,4
50338,125,102,23,23
50339,131,116,15,15
50340,61,55,6,6
50341,60,57,3,3
50342,70,80,-10,10
50343,136,135,1,1
50344,91,78,13,13
50345,74,71,3,3
50346,63,67,-4,4
50347,113,101,12,12
50348,78,65,13,13
50349,208,179,29,29
50350,153,139,14,14
50351,154,143,11,11
50352,92,88,4,4
50353,61,59,2,2
50354,88,92,-4,4
50355,53,69,-16,16
50356,60,57,3,3
50357,101,93,8,8
50358,108,105,3,3
50359,70,65,5,5
50360,73,69,4,4
50361,86,86,0,0
50362,63,60,3,3
50363,105,103,2,2
50364,72,63,9,9
50365,145,129,16,16
50366,71,66,5,5
50367,148,131,17,17
50368,68,76,-8,8
50369,158,140,18,18
50370,176,159,17,17
50371,98,75,23,23
50372,151,136,15,15
50373,72,89,-17,17
50374,48,55,-7,7
50375,77,72,5,5
50376,65,62,3,3
50377,107,106,1,1
50378,93,85,8,8
50379,103,108,-5,5
50380,95,89,6,6
50381,45,54,-9,9
50382,148,139,9,9
50383,130,119,11,11
50384,123,114,9,9
50385,91,88,3,3
50386,127,145,-18,18
50387,66,72,-6,6
50388,71,68,3,3
50389,133,122,11,11
50390,111,115,-4,4
50391,92,98,-6,6
50392,72,68,4,4
50393,70,67,3,3
50394,158,146,12,12
50395,56,54,2,2
50396,63,67,-4,4
50397,73,69,4,4
50398,170,152,18,18
50399,118,119,-1,1
50400,83,92,-9,9
50401,59,63,-4,4
50402,95,77,18,18
50403,79,60,19,19
50404,79,74,5,5
50405,103,115,-12,12
50406,127,121,6,6
50407,93,96,-3,3
50408,82,77,5,5
50409,48,52,-4,4
50410,90,89,1,1
50411,76,64,12,12
50412,91,92,-1,1
50413,43,52,-9,9
50414,66,67,-1,1
50415,55,58,-3,3
50416,93,88,5,5
50417,102,94,8,8
50418,56,55,1,1
50419,91,88,3,3
50420,126,125,1,1
50421,78,83,-5,5
50422,81,76,5,5
50423,103,100,3,3
50424,114,104,10,10
50425,103,99,4,4
50426,137,134,3,3
50427,111,106,5,5
50428,71,70,1,1
50429,99,85,14,14
50430,118,112,6,6
50431,145,129,16,16
50432,83,77,6,6
50433,59,55,4,4
50434,79,80,-1,1
50435,60,56,4,4
50436,59,56,3,3
50437,109,110,-1,1
50438,74,75,-1,1
50439,125,129,-4,4
50440,112,101,11,11
50441,74,69,5,5
50442,149,138,11,11
50443,79,82,-3,3
50444,76,75,1,1
50445,124,115,9,9
50446,62,62,0,0
50447,59,73,-14,14
50448,190,166,24,24
50449,62,71,-9,9
50450,105,110,-5,5
50451,97,76,21,21
50452,128,118,10,10
50453,113,108,5,5
50454,98,87,11,11
50455,37,51,-14,14
50456,136,132,4,4
50457,79,91,-12,12
50458,47,57,-10,10
50459,98,84,14,14
50460,101,104,-3,3
50461,87,84,3,3
50462,49,57,-8,8
50463,88,73,15,15
50464,92,86,6,6
50465,128,120,8,8
50466,111,104,7,7
50467,106,100,6,6
50468,57,62,-5,5
50469,95,101,-6,6
50470,60,57,3,3
50471,131,117,14,14
50472,88,80,8,8
50473,83,84,-1,1
50474,109,103,6,6
50475,114,108,6,6
50476,84,86,-2,2
50477,85,83,2,2
50478,86,84,2,2
50479,76,77,-1,1
50480,112,94,18,18
50481,106,107,-1,1
50482,56,59,-3,3
50483,120,123,-3,3
50484,53,57,-4,4
50485,32,59,-27,27
50486,184,173,11,11
50487,82,74,8,8
50488,66,62,4,4
50489,67,74,-7,7
50490,123,120,3,3
50491,123,114,9,9
50492,146,123,23,23
50493,74,73,1,1
50494,113,99,14,14
50495,102,103,-1,1
50496,143,124,19,19
50497,88,83,5,5
50498,136,123,13,13
50499,149,144,5,5
50500,165,153,12,12
50501,59,60,-1,1
50502,87,83,4,4
50503,85,76,9,9
50504,54,59,-5,5
50505,48,63,-15,15
50506,73,65,8,8
50507,74,68,6,6
50508,125,129,-4,4
50509,71,62,9,9
50510,36,51,-15,15
50511,127,109,18,18
50512,71,65,6,6
50513,92,86,6,6
50514,55,57,-2,2
50515,62,56,6,6
50516,76,64,12,12
50517,64,60,4,4
50518,129,122,7,7
50519,147,136,11,11
50520,69,71,-2,2
50521,76,68,8,8
50522,86,84,2,2
50523,66,56,10,10
50524,76,71,5,5
50525,74,76,-2,2
50526,54,56,-2,2
50527,109,108,1,1
50528,141,131,10,10
50529,55,58,-3,3
50530,121,105,16,16
50531,79,81,-2,2
50532,80,72,8,8
50533,156,150,6,6
50534,44,54,-10,10
50535,114,100,14,14
50536,105,97,8,8
50537,73,74,-1,1
50538,84,82,2,2
50539,176,160,16,16
50540,62,58,4,4
50541,121,111,10,10
50542,114,111,3,3
50543,87,92,-5,5
50544,77,84,-7,7
50545,64,60,4,4
50546,165,147,18,18
50547,139,141,-2,2
50548,121,113,8,8
50549,97,92,5,5
50550,193,162,31,31
50551,125,123,2,2
50552,76,90,-14,14
50553,54,53,1,1
50554,134,136,-2,2
50555,72,71,1,1
50556,96,90,6,6
50557,37,51,-14,14
50558,125,112,13,13
50559,87,77,10,10
50560,33,56,-23,23
50561,71,69,2,2
50562,53,55,-2,2
50563,59,59,0,0
50564,110,98,12,12
50565,82,83,-1,1
50566,110,103,7,7
50567,64,57,7,7
50568,65,64,1,1
50569,134,118,16,16
50570,58,59,-1,1
50571,90,95,-5,5
50572,79,80,-1,1
50573,66,77,-11,11
50574,88,97,-9,9
50575,89,115,-26,26
50576,124,116,8,8
50577,111,105,6,6
50578,144,124,20,20
50579,131,132,-1,1
50580,133,121,12,12
50581,104,100,4,4
50582,63,67,-4,4
50583,72,62,10,10
50584,76,71,5,5
50585,59,54,5,5
50586,110,101,9,9
50587,69,64,5,5
50588,112,105,7,7
50589,41,55,-14,14
50590,135,124,11,11
50591,101,117,-16,16
50592,86,79,7,7
50593,116,122,-6,6
50594,88,86,2,2
50595,74,82,-8,8
50596,41,54,-13,13
50597,91,95,-4,4
50598,164,149,15,15
50599,58,53,5,5
50600,203,165,38,38
50601,84,85,-1,1
50602,91,73,18,18
50603,98,97,1,1
50604,123,125,-2,2
50605,63,60,3,3
50606,88,77,11,11
50607,92,98,-6,6
50608,117,110,7,7
50609,72,59,13,13
50610,69,66,3,3
50611,77,73,4,4
50612,77,73,4,4
50613,73,68,5,5
50614,94,90,4,4
50615,118,110,8,8
50616,98,95,3,3
50617,82,80,2,2
50618,137,118,19,19
50619,84,91,-7,7
50620,113,105,8,8
50621,145,124,21,21
50622,67,65,2,2
50623,101,101,0,0
50624,37,66,-29,29
50625,49,58,-9,9
50626,63,69,-6,6
50627,76,71,5,5
50628,216,172,44,44
50629,138,135,3,3
50630,96,93,3,3
50631,76,86,-10,10
50632,66,63,3,3
50633,55,54,1,1
50634,92,86,6,6
50635,83,85,-2,2
50636,107,120,-13,13
50637,124,110,14,14
50638,78,71,7,7
50639,149,144,5,5
50640,154,144,10,10
50641,67,63,4,4
50642,82,79,3,3
50643,99,100,-1,1
50644,107,104,3,3
50645,156,145,11,11
50646,174,180,-6,6
50647,103,98,5,5
50648,116,113,3,3
50649,44,53,-9,9
50650,108,104,4,4
50651,94,99,-5,5
50652,63,67,-4,4
50653,95,91,4,4
50654,57,58,-1,1
50655,72,72,0,0
50656,72,72,0,0
50657,101,98,3,3
50658,94,113,-19,19
50659,86,72,14,14
50660,157,141,16,16
50661,56,57,-1,1
50662,77,77,0,0
50663,76,85,-9,9
50664,164,155,9,9
50665,68,75,-7,7
50666,65,71,-6,6
50667,124,119,5,5
50668,62,60,2,2
50669,138,121,17,17
50670,146,137,9,9
50671,135,149,-14,14
50672,124,108,16,16
50673,105,97,8,8
50674,71,65,6,6
50675,84,78,6,6
50676,84,70,14,14
50677,70,66,4,4
50678,112,101,11,11
50679,127,124,3,3
50680,51,123,-72,72
50681,104,101,3,3
50682,96,100,-4,4
50683,97,84,13,13
50684,72,74,-2,2
50685,117,107,10,10
50686,115,122,-7,7
50687,76,79,-3,3
50688,98,98,0,0
50689,70,72,-2,2
50690,97,99,-2,2
50691,131,141,-10,10
50692,50,54,-4,4
50693,68,63,5,5
50694,64,60,4,4
50695,103,102,1,1
50696,48,52,-4,4
50697,106,98,8,8
50698,80,79,1,1
50699,131,127,4,4
50700,59,62,-3,3
50701,196,176,20,20
50702,143,146,-3,3
50703,74,68,6,6
50704,69,73,-4,4
50705,70,73,-3,3
50706,114,100,14,14
50707,70,65,5,5
50708,42,51,-9,9
50709,112,117,-5,5
50710,79,63,16,16
50711,159,150,9,9
50712,121,104,17,17
50713,69,72,-3,3
50714,93,78,15,15
50715,90,90,0,0
50716,91,95,-4,4
50717,65,67,-2,2
50718,136,139,-3,3
50719,65,68,-3,3
50720,51,56,-5,5
50721,131,116,15,15
50722,81,79,2,2
50723,60,113,-53,53
50724,99,92,7,7
50725,37,70,-33,33
50726,131,117,14,14
50727,164,134,30,30
50728,63,65,-2,2
50729,208,174,34,34
50730,40,53,-13,13
50731,94,100,-6,6
50732,114,110,4,4
50733,72,74,-2,2
50734,83,74,9,9
50735,65,68,-3,3
50736,124,123,1,1
50737,45,52,-7,7
50738,78,73,5,5
50739,139,127,12,12
50740,63,63,0,0
50741,88,90,-2,2
50742,81,79,2,2
50743,79,63,16,16
50744,106,100,6,6
50745,129,117,12,12
50746,107,110,-3,3
50747,67,72,-5,5
50748,119,113,6,6
50749,96,99,-3,3
50750,96,84,12,12
50751,64,67,-3,3
50752,110,99,11,11
50753,122,121,1,1
50754,159,155,4,4
50755,84,86,-2,2
50756,78,70,8,8
50757,186,179,7,7
50758,77,76,1,1
50759,95,87,8,8
50760,78,75,3,3
50761,84,100,-16,16
50762,115,106,9,9
50763,104,104,0,0
50764,84,74,10,10
50765,94,85,9,9
50766,103,93,10,10
50767,120,115,5,5
50768,80,82,-2,2
50769,63,54,9,9
50770,113,116,-3,3
50771,82,85,-3,3
50772,111,110,1,1
50773,103,100,3,3
50774,122,113,9,9
50775,81,78,3,3
50776,141,137,4,4
50777,122,119,3,3
50778,136,127,9,9
50779,67,70,-3,3
50780,91,98,-7,7
50781,86,86,0,0
50782,97,88,9,9
50783,42,66,-24,24
50784,63,64,-1,1
50785,118,112,6,6
50786,81,89,-8,8
50787,62,57,5,5
50788,55,62,-7,7
50789,89,89,0,0
50790,71,70,1,1
50791,57,63,-6,6
50792,83,82,1,1
50793,153,137,16,16
50794,106,95,11,11
50795,122,107,15,15
50796,76,74,2,2
50797,90,91,-1,1
50798,70,81,-11,11
50799,33,52,-19,19
50800,83,77,6,6
50801,50,58,-8,8
50802,118,108,10,10
50803,115,107,8,8
50804,45,54,-9,9
50805,58,55,3,3
50806,38,55,-17,17
50807,97,103,-6,6
50808,39,58,-19,19
50809,28,52,-24,24
50810,117,116,1,1
50811,115,101,14,14
50812,121,112,9,9
50813,105,105,0,0
50814,88,82,6,6
50815,64,72,-8,8
50816,85,83,2,2
50817,103,86,17,17
50818,76,74,2,2
50819,60,63,-3,3
50820,73,74,-1,1
50821,70,62,8,8
50822,54,55,-1,1
50823,83,90,-7,7
50824,77,74,3,3
50825,58,54,4,4
50826,105,93,12,12
50827,145,135,10,10
50828,119,102,17,17
50829,100,94,6,6
50830,84,85,-1,1
50831,88,76,12,12
50832,90,80,10,10
50833,65,72,-7,7
50834,131,123,8,8
50835,76,89,-13,13
50836,166,162,4,4
50837,52,54,-2,2
50838,156,151,5,5
50839,139,145,-6,6
50840,80,74,6,6
50841,73,77,-4,4
50842,94,89,5,5
50843,83,81,2,2
50844,108,96,12,12
50845,71,64,7,7
50846,98,104,-6,6
50847,94,88,6,6
50848,99,93,6,6
50849,29,53,-24,24
50850,85,78,7,7
50851,92,90,2,2
50852,96,95,1,1
50853,107,98,9,9
50854,31,54,-23,23
50855,80,61,19,19
50856,86,80,6,6
50857,147,133,14,14
50858,113,111,2,2
50859,58,56,2,2
50860,69,71,-2,2
50861,81,82,-1,1
50862,105,102,3,3
50863,146,124,22,22
50864,126,119,7,7
50865,72,69,3,3
50866,110,102,8,8
50867,140,135,5,5
50868,93,84,9,9
50869,88,86,2,2
50870,84,97,-13,13
50871,57,57,0,0
50872,78,72,6,6
50873,76,72,4,4
50874,143,122,21,21
50875,108,132,-24,24
50876,45,60,-15,15
50877,87,87,0,0
50878,77,77,0,0
50879,96,110,-14,14
50880,84,78,6,6
50881,60,63,-3,3
50882,74,77,-3,3
50883,83,77,6,6
50884,69,64,5,5
50885,58,55,3,3
50886,73,69,4,4
50887,81,85,-4,4
50888,106,102,4,4
50889,140,143,-3,3
50890,75,78,-3,3
50891,102,103,-1,1
50892,137,115,22,22
50893,63,90,-27,27
50894,80,72,8,8
50895,65,70,-5,5
50896,151,139,12,12
50897,138,132,6,6
50898,104,91,13,13
50899,142,132,10,10
50900,77,84,-7,7
50901,102,102,0,0
50902,83,82,1,1
50903,74,79,-5,5
50904,113,106,7,7
50905,115,108,7,7
50906,86,91,-5,5
50907,66,59,7,7
50908,123,111,12,12
50909,173,157,16,16
50910,138,140,-2,2
50911,121,115,6,6
50912,187,174,13,13
50913,103,89,14,14
50914,93,142,-49,49
50915,134,124,10,10
50916,84,76,8,8
50917,140,127,13,13
50918,139,121,18,18
50919,112,118,-6,6
50920,81,77,4,4
50921,48,53,-5,5
50922,111,102,9,9
50923,133,119,14,14
50924,158,142,16,16
50925,47,54,-7,7
50926,115,120,-5,5
50927,59,64,-5,5
50928,136,124,12,12
50929,86,87,-1,1
50930,89,94,-5,5
50931,104,104,0,0
50932,88,87,1,1
50933,68,66,2,2
50934,105,92,13,13
50935,122,108,14,14
50936,93,84,9,9
50937,172,153,19,19
50938,77,84,-7,7
50939,141,131,10,10
50940,106,109,-3,3
50941,102,104,-2,2
50942,136,122,14,14
50943,83,73,10,10
50944,60,61,-1,1
50945,90,101,-11,11
50946,69,70,-1,1
50947,96,92,4,4
50948,101,101,0,0
50949,90,76,14,14
50950,95,97,-2,2
50951,80,89,-9,9
50952,91,92,-1,1
50953,125,111,14,14
50954,85,76,9,9
50955,129,126,3,3
50956,117,116,1,1
50957,77,75,2,2
50958,82,85,-3,3
50959,135,125,10,10
50960,120,110,10,10
50961,89,78,11,11
50962,161,153,8,8
50963,70,70,0,0
50964,60,63,-3,3
50965,172,158,14,14
50966,136,125,11,11
50967,86,77,9,9
50968,106,106,0,0
50969,107,110,-3,3
50970,98,96,2,2
50971,120,141,-21,21
50972,158,149,9,9
50973,61,58,3,3
50974,101,93,8,8
50975,94,95,-1,1
50976,60,67,-7,7
50977,68,67,1,1
50978,99,77,22,22
50979,56,55,1,1
50980,110,94,16,16
50981,102,98,4,4
50982,83,84,-1,1
50983,92,91,1,1
50984,77,68,9,9
50985,125,131,-6,6
50986,79,69,10,10
50987,67,64,3,3
50988,113,108,5,5
50989,122,118,4,4
50990,131,124,7,7
50991,104,94,10,10
50992,89,102,-13,13
50993,92,88,4,4
50994,217,153,64,64
50995,45,60,-15,15
50996,69,79,-10,10
50997,112,112,0,0
50998,146,120,26,26
50999,95,96,-1,1
51000,91,93,-2,2
51001,70,72,-2,2
51002,75,82,-7,7
51003,95,94,1,1
51004,112,95,17,17
51005,58,58,0,0
51006,54,53,1,1
51007,94,93,1,1
51008,108,97,11,11
51009,89,88,1,1
51010,90,87,3,3
51011,129,122,7,7
51012,105,95,10,10
51013,94,89,5,5
51014,132,142,-10,10
51015,95,84,11,11
51016,68,60,8,8
51017,97,87,10,10
51018,128,114,14,14
51019,116,112,4,4
51020,93,91,2,2
51021,89,79,10,10
51022,176,168,8,8
51023,172,161,11,11
51024,54,55,-1,1
51025,60,63,-3,3
51026,39,64,-25,25
51027,96,82,14,14
51028,60,74,-14,14
51029,52,52,0,0
51030,105,99,6,6
51031,137,130,7,7
51032,151,131,20,20
51033,108,119,-11,11
51034,100,93,7,7
51035,68,70,-2,2
51036,99,96,3,3
51037,100,98,2,2
51038,112,102,10,10
51039,78,66,12,12
51040,110,106,4,4
51041,70,61,9,9
51042,122,111,11,11
51043,72,79,-7,7
51044,191,169,22,22
51045,106,102,4,4
51046,102,97,5,5
51047,130,112,18,18
51048,83,78,5,5
51049,70,68,2,2
51050,93,96,-3,3
51051,98,90,8,8
51052,72,68,4,4
51053,121,108,13,13
51054,157,145,12,12
51055,72,76,-4,4
51056,88,83,5,5
51057,109,105,4,4
51058,129,115,14,14
51059,185,164,21,21
51060,82,87,-5,5
51061,45,52,-7,7
51062,47,58,-11,11
51063,75,80,-5,5
51064,107,93,14,14
51065,73,74,-1,1
51066,90,86,4,4
51067,69,69,0,0
51068,100,108,-8,8
51069,87,76,11,11
51070,56,56,0,0
51071,83,75,8,8
51072,140,133,7,7
51073,64,55,9,9
51074,97,88,9,9
51075,86,83,3,3
51076,129,110,19,19
51077,119,105,14,14
51078,85,83,2,2
51079,109,96,13,13
51080,92,89,3,3
51081,152,131,21,21
51082,74,75,-1,1
51083,147,206,-59,59
51084,117,113,4,4
51085,85,91,-6,6
51086,115,123,-8,8
51087,96,88,8,8
51088,109,106,3,3
51089,70,70,0,0
51090,107,99,8,8
51091,71,79,-8,8
51092,80,80,0,0
51093,117,110,7,7
51094,149,142,7,7
51095,74,73,1,1
51096,100,91,9,9
51097,131,129,2,2
51098,100,96,4,4
51099,72,65,7,7
51100,92,105,-13,13
51101,68,65,3,3
51102,71,75,-4,4
51103,60,56,4,4
51104,74,74,0,0
51105,114,105,9,9
51106,44,55,-11,11
51107,104,110,-6,6
51108,143,136,7,7
51109,159,140,19,19
51110,76,74,2,2
51111,93,90,3,3
51112,91,89,2,2
51113,91,91,0,0
51114,188,158,30,30
51115,85,82,3,3
51116,58,54,4,4
51117,115,105,10,10
51118,51,59,-8,8
51119,49,53,-4,4
51120,108,107,1,1
51121,92,94,-2,2
51122,102,101,1,1
51123,113,107,6,6
51124,100,95,5,5
51125,80,72,8,8
51126,109,113,-4,4
51127,72,69,3,3
51128,91,91,0,0
51129,93,90,3,3
51130,44,54,-10,10
51131,104,104,0,0
51132,50,60,-10,10
51133,76,75,1,1
51134,53,54,-1,1
51135,119,109,10,10
51136,105,93,12,12
51137,110,122,-12,12
51138,148,142,6,6
51139,105,94,11,11
51140,139,127,12,12
51141,97,83,14,14
51142,113,100,13,13
51143,85,81,4,4
51144,113,103,10,10
51145,60,59,1,1
51146,66,58,8,8
51147,115,109,6,6
51148,30,92,-62,62
51149,76,71,5,5
51150,73,75,-2,2
51151,72,77,-5,5
51152,141,132,9,9
51153,58,68,-10,10
51154,101,96,5,5
51155,80,70,10,10
51156,76,74,2,2
51157,118,116,2,2
51158,97,93,4,4
51159,96,108,-12,12
51160,40,53,-13,13
51161,157,142,15,15
51162,125,117,8,8
51163,99,90,9,9
51164,66,62,4,4
51165,117,111,6,6
51166,94,99,-5,5
51167,54,58,-4,4
51168,62,58,4,4
51169,74,69,5,5
51170,166,152,14,14
51171,142,142,0,0
51172,81,89,-8,8
51173,110,116,-6,6
51174,114,103,11,11
51175,96,90,6,6
51176,54,57,-3,3
51177,97,95,2,2
51178,86,95,-9,9
51179,67,70,-3,3
51180,65,66,-1,1
51181,89,91,-2,2
51182,86,90,-4,4
51183,71,72,-1,1
51184,146,138,8,8
51185,81,69,12,12
51186,108,102,6,6
51187,116,111,5,5
51188,90,93,-3,3
51189,108,94,14,14
51190,127,117,10,10
51191,60,61,-1,1
51192,66,60,6,6
51193,180,170,10,10
51194,52,55,-3,3
51195,93,89,4,4
51196,127,123,4,4
51197,96,85,11,11
51198,110,88,22,22
51199,102,104,-2,2
51200,110,104,6,6
51201,72,62,10,10
51202,161,146,15,15
51203,89,77,12,12
51204,78,74,4,4
51205,77,84,-7,7
51206,80,75,5,5
51207,78,75,3,3
51208,135,118,17,17
51209,88,77,11,11
51210,102,84,18,18
51211,73,71,2,2
51212,101,96,5,5
51213,84,78,6,6
51214,87,83,4,4
51215,79,84,-5,5
51216,84,86,-2,2
51217,140,132,8,8
51218,106,106,0,0
51219,75,64,11,11
51220,94,89,5,5
51221,79,82,-3,3
51222,93,90,3,3
51223,155,148,7,7
51224,97,96,1,1
51225,109,118,-9,9
51226,115,100,15,15
51227,126,115,11,11
51228,90,89,1,1
51229,72,75,-3,3
51230,63,58,5,5
51231,105,100,5,5
51232,68,65,3,3
51233,143,130,13,13
51234,116,116,0,0
51235,121,120,1,1
51236,130,105,25,25
51237,75,71,4,4
51238,70,76,-6,6
51239,109,94,15,15
51240,98,90,8,8
51241,106,87,19,19
51242,76,75,1,1
51243,60,57,3,3
51244,68,70,-2,2
51245,165,143,22,22
51246,90,101,-11,11
51247,178,158,20,20
51248,79,81,-2,2
51249,72,61,11,11
51250,87,82,5,5
51251,82,78,4,4
51252,57,56,1,1
51253,110,110,0,0
51254,111,108,3,3
51255,70,78,-8,8
51256,112,110,2,2
51257,52,54,-2,2
51258,94,85,9,9
51259,97,96,1,1
51260,66,63,3,3
51261,67,71,-4,4
51262,66,69,-3,3
51263,107,105,2,2
51264,156,181,-25,25
51265,40,86,-46,46
51266,60,63,-3,3
51267,109,130,-21,21
51268,62,63,-1,1
51269,126,109,17,17
51270,96,98,-2,2
51271,106,94,12,12
51272,109,95,14,14
51273,77,74,3,3
51274,70,64,6,6
51275,75,93,-18,18
51276,194,174,20,20
51277,24,51,-27,27
51278,94,92,2,2
51279,102,89,13,13
51280,126,118,8,8
51281,150,125,25,25
51282,126,120,6,6
51283,82,89,-7,7
51284,92,100,-8,8
51285,87,80,7,7
51286,122,127,-5,5
51287,129,125,4,4
51288,93,89,4,4
51289,62,65,-3,3
51290,148,140,8,8
51291,73,71,2,2
51292,114,104,10,10
51293,82,79,3,3
51294,99,98,1,1
51295,181,156,25,25
51296,158,136,22,22
51297,100,99,1,1
51298,143,131,12,12
51299,118,114,4,4
51300,85,81,4,4
51301,127,125,2,2
51302,83,88,-5,5
51303,95,89,6,6
51304,63,57,6,6
51305,76,71,5,5
51306,111,115,-4,4
51307,69,71,-2,2
51308,100,86,14,14
51309,47,54,-7,7
51310,83,89,-6,6
51311,85,85,0,0
51312,74,72,2,2
51313,53,70,-17,17
51314,75,77,-2,2
51315,71,83,-12,12
51316,108,101,7,7
51317,71,70,1,1
51318,121,115,6,6
51319,100,104,-4,4
51320,113,114,-1,1
51321,86,76,10,10
51322,86,73,13,13
51323,115,109,6,6
51324,38,56,-18,18
51325,140,129,11,11
51326,119,120,-1,1
51327,104,102,2,2
51328,135,113,22,22
51329,147,125,22,22
51330,116,104,12,12
51331,137,127,10,10
51332,86,86,0,0
51333,96,93,3,3
51334,76,72,4,4
51335,64,56,8,8
51336,57,54,3,3
51337,90,99,-9,9
51338,56,69,-13,13
51339,84,89,-5,5
51340,109,98,11,11
51341,124,116,8,8
51342,138,123,15,15
51343,73,68,5,5
51344,98,94,4,4
51345,93,78,15,15
51346,51,52,-1,1
51347,54,54,0,0
51348,62,61,1,1
51349,126,120,6,6
51350,85,81,4,4
51351,86,70,16,16
51352,67,62,5,5
51353,80,81,-1,1
51354,55,58,-3,3
51355,115,107,8,8
51356,71,69,2,2
51357,86,81,5,5
51358,120,114,6,6
51359,94,86,8,8
51360,71,68,3,3
51361,106,112,-6,6
51362,101,92,9,9
51363,41,52,-11,11
51364,77,66,11,11
51365,130,112,18,18
51366,154,141,13,13
51367,102,89,13,13
51368,56,57,-1,1
51369,108,99,9,9
51370,74,77,-3,3
51371,33,99,-66,66
51372,109,104,5,5
51373,113,107,6,6
51374,115,111,4,4
51375,73,73,0,0
51376,60,69,-9,9
51377,115,103,12,12
51378,85,90,-5,5
51379,121,105,16,16
51380,128,121,7,7
51381,76,86,-10,10
51382,158,147,11,11
51383,109,104,5,5
51384,47,53,-6,6
51385,76,67,9,9
51386,75,65,10,10
51387,92,80,12,12
51388,92,91,1,1
51389,110,89,21,21
51390,101,92,9,9
51391,95,88,7,7
51392,107,102,5,5
51393,96,94,2,2
51394,127,120,7,7
51395,104,101,3,3
51396,84,74,10,10
51397,44,52,-8,8
51398,112,114,-2,2
51399,94,100,-6,6
51400,65,63,2,2
51401,67,71,-4,4
51402,106,102,4,4
51403,85,75,10,10
51404,75,85,-10,10
51405,72,66,6,6
51406,99,75,24,24
51407,63,63,0,0
51408,157,147,10,10
51409,70,66,4,4
51410,79,71,8,8
51411,99,90,9,9
51412,100,99,1,1
51413,152,138,14,14
51414,111,116,-5,5
51415,73,73,0,0
51416,117,111,6,6
51417,74,73,1,1
51418,84,88,-4,4
51419,117,109,8,8
51420,70,70,0,0
51421,72,76,-4,4
51422,62,60,2,2
51423,90,94,-4,4
51424,123,107,16,16
51425,81,79,2,2
51426,62,61,1,1
51427,74,71,3,3
51428,189,165,24,24
51429,97,100,-3,3
51430,131,124,7,7
51431,66,71,-5,5
51432,131,123,8,8
51433,101,87,14,14
51434,205,190,15,15
51435,92,93,-1,1
51436,74,81,-7,7
51437,108,99,9,9
51438,78,70,8,8
51439,69,72,-3,3
51440,92,83,9,9
51441,76,74,2,2
51442,83,80,3,3
51443,104,94,10,10
51444,85,77,8,8
51445,74,70,4,4
51446,134,128,6,6
51447,119,108,11,11
51448,92,83,9,9
51449,88,84,4,4
51450,126,127,-1,1
51451,100,96,4,4
51452,45,55,-10,10
51453,131,114,17,17
51454,55,55,0,0
51455,180,162,18,18
51456,133,109,24,24
51457,94,64,30,30
51458,62,80,-18,18
51459,119,111,8,8
51460,183,167,16,16
51461,88,80,8,8
51462,115,90,25,25
51463,100,84,16,16
51464,64,72,-8,8
51465,83,101,-18,18
51466,138,132,6,6
51467,62,70,-8,8
51468,193,164,29,29
51469,90,76,14,14
51470,77,87,-10,10
51471,111,102,9,9
51472,99,85,14,14
51473,118,120,-2,2
51474,131,118,13,13
51475,71,64,7,7
51476,78,78,0,0
51477,94,84,10,10
51478,92,92,0,0
51479,97,93,4,4
51480,89,85,4,4
51481,131,115,16,16
51482,119,96,23,23
51483,59,62,-3,3
51484,80,80,0,0
51485,116,102,14,14
51486,93,83,10,10
51487,72,76,-4,4
51488,185,154,31,31
51489,85,86,-1,1
51490,108,112,-4,4
51491,84,86,-2,2
51492,100,99,1,1
51493,109,82,27,27
51494,43,53,-10,10
51495,77,74,3,3
51496,87,78,9,9
51497,121,108,13,13
51498,109,109,0,0
51499,83,86,-3,3
51500,108,92,16,16
51501,166,141,25,25
51502,68,64,4,4
51503,112,120,-8,8
51504,103,103,0,0
51505,106,107,-1,1
51506,33,51,-18,18
51507,56,54,2,2
51508,72,68,4,4
51509,136,130,6,6
51510,79,77,2,2
51511,143,120,23,23
51512,103,94,9,9
51513,75,80,-5,5
51514,73,72,1,1
51515,68,68,0,0
51516,68,80,-12,12
51517,102,82,20,20
51518,83,80,3,3
51519,70,79,-9,9
51520,88,81,7,7
51521,124,117,7,7
51522,111,108,3,3
51523,103,106,-3,3
51524,104,93,11,11
51525,122,112,10,10
51526,119,115,4,4
51527,71,99,-28,28
51528,196,182,14,14
51529,70,64,6,6
51530,70,80,-10,10
51531,88,83,5,5
51532,122,115,7,7
51533,102,91,11,11
51534,119,111,8,8
51535,138,126,12,12
51536,165,141,24,24
51537,94,98,-4,4
51538,52,54,-2,2
51539,86,77,9,9
51540,63,68,-5,5
51541,92,81,11,11
51542,65,59,6,6
51543,47,54,-7,7
51544,62,62,0,0
51545,79,88,-9,9
51546,166,133,33,33
51547,96,86,10,10
51548,120,125,-5,5
51549,117,110,7,7
51550,99,90,9,9
51551,124,125,-1,1
51552,138,120,18,18
51553,60,63,-3,3
51554,90,85,5,5
51555,76,77,-1,1
51556,113,127,-14,14
51557,129,124,5,5
51558,80,78,2,2
51559,99,88,11,11
51560,87,87,0,0
51561,74,74,0,0
51562,70,67,3,3
51563,50,55,-5,5
51564,83,77,6,6
51565,150,134,16,16
51566,104,97,7,7
51567,107,102,5,5
51568,101,91,10,10
51569,153,141,12,12
51570,81,80,1,1
51571,58,70,-12,12
51572,104,96,8,8
51573,64,62,2,2
51574,58,56,2,2
51575,137,131,6,6
51576,132,105,27,27
51577,110,106,4,4
51578,120,115,5,5
51579,92,88,4,4
51580,83,110,-27,27
51581,41,53,-12,12
51582,194,202,-8,8
51583,79,69,10,10
51584,65,64,1,1
51585,126,127,-1,1
51586,125,132,-7,7
51587,148,136,12,12
51588,63,61,2,2
51589,82,85,-3,3
51590,127,119,8,8
51591,141,126,15,15
51592,98,101,-3,3
51593,140,136,4,4
51594,92,83,9,9
51595,78,82,-4,4
51596,72,73,-1,1
51597,133,113,20,20
51598,82,87,-5,5
51599,53,59,-6,6
51600,68,66,2,2
51601,135,122,13,13
51602,76,90,-14,14
51603,84,73,11,11
51604,109,102,7,7
51605,115,116,-1,1
51606,32,52,-20,20
51607,202,166,36,36
51608,64,59,5,5
51609,69,65,4,4
51610,61,59,2,2
51611,81,71,10,10
51612,81,87,-6,6
51613,103,94,9,9
51614,73,69,4,4
51615,103,114,-11,11
51616,153,147,6,6
51617,78,76,2,2
51618,100,93,7,7
51619,136,139,-3,3
51620,58,59,-1,1
51621,75,79,-4,4
51622,130,110,20,20
51623,127,111,16,16
51624,51,58,-7,7
51625,87,74,13,13
51626,99,97,2,2
51627,121,108,13,13
51628,83,83,0,0
51629,65,65,0,0
51630,86,84,2,2
51631,129,124,5,5
51632,77,85,-8,8
51633,63,69,-6,6
51634,70,66,4,4
51635,75,77,-2,2
51636,75,73,2,2
51637,132,125,7,7
51638,157,148,9,9
51639,130,130,0,0
51640,80,84,-4,4
51641,97,98,-1,1
51642,68,64,4,4
51643,98,98,0,0
51644,81,82,-1,1
51645,51,54,-3,3
51646,84,83,1,1
51647,79,78,1,1
51648,151,135,16,16
51649,82,78,4,4
51650,127,119,8,8
51651,63,67,-4,4
51652,97,91,6,6
51653,121,110,11,11
51654,157,143,14,14
51655,101,93,8,8
51656,160,155,5,5
51657,92,88,4,4
51658,107,110,-3,3
51659,108,90,18,18
51660,119,100,19,19
51661,61,64,-3,3
51662,112,102,10,10
51663,71,66,5,5
51664,99,95,4,4
51665,68,75,-7,7
51666,116,116,0,0
51667,64,70,-6,6
51668,124,126,-2,2
51669,139,130,9,9
51670,80,74,6,6
51671,157,144,13,13
51672,101,94,7,7
51673,114,103,11,11
51674,126,122,4,4
51675,148,139,9,9
51676,77,78,-1,1
51677,187,170,17,17
51678,139,130,9,9
51679,164,146,18,18
51680,98,98,0,0
51681,86,87,-1,1
51682,61,61,0,0
51683,143,142,1,1
51684,57,55,2,2
51685,52,56,-4,4
51686,92,102,-10,10
51687,108,101,7,7
51688,156,134,22,22
51689,159,139,20,20
51690,157,140,17,17
51691,102,94,8,8
51692,138,124,14,14
51693,78,78,0,0
51694,83,70,13,13
51695,108,89,19,19
51696,60,56,4,4
51697,142,116,26,26
51698,55,56,-1,1
51699,65,64,1,1
51700,125,118,7,7
51701,90,90,0,0
51702,74,73,1,1
51703,156,140,16,16
51704,76,72,4,4
51705,94,95,-1,1
51706,84,81,3,3
51707,84,75,9,9
51708,68,74,-6,6
51709,144,130,14,14
51710,74,68,6,6
51711,104,105,-1,1
51712,98,72,26,26
51713,92,91,1,1
51714,106,101,5,5
51715,94,88,6,6
51716,91,93,-2,2
51717,61,58,3,3
51718,77,71,6,6
51719,71,73,-2,2
51720,98,92,6,6
51721,73,74,-1,1
51722,103,105,-2,2
51723,124,112,12,12
51724,135,118,17,17
51725,118,120,-2,2
51726,96,100,-4,4
51727,54,58,-4,4
51728,112,98,14,14
51729,72,72,0,0
51730,70,73,-3,3
51731,85,80,5,5
51732,51,52,-1,1
51733,106,112,-6,6
51734,113,99,14,14
51735,76,68,8,8
51736,63,68,-5,5
51737,140,116,24,24
51738,103,92,11,11
51739,163,157,6,6
51740,126,122,4,4
51741,92,104,-12,12
51742,40,55,-15,15
51743,33,53,-20,20
51744,99,96,3,3
51745,113,99,14,14
51746,59,56,3,3
51747,88,103,-15,15
51748,58,57,1,1
51749,98,94,4,4
51750,135,117,18,18
51751,92,91,1,1
51752,101,97,4,4
51753,116,108,8,8
51754,171,160,11,11
51755,98,84,14,14
51756,99,92,7,7
51757,77,71,6,6
51758,99,91,8,8
51759,61,56,5,5
51760,124,99,25,25
51761,36,51,-15,15
51762,124,107,17,17
51763,89,83,6,6
51764,144,139,5,5
51765,113,106,7,7
51766,157,140,17,17
51767,95,88,7,7
51768,101,102,-1,1
51769,76,74,2,2
51770,65,72,-7,7
51771,222,172,50,50
51772,123,111,12,12
51773,71,89,-18,18
51774,102,91,11,11
51775,96,95,1,1
51776,105,98,7,7
51777,81,83,-2,2
51778,122,131,-9,9
51779,64,65,-1,1
51780,43,69,-26,26
51781,114,100,14,14
51782,62,63,-1,1
51783,104,107,-3,3
51784,175,175,0,0
51785,98,106,-8,8
51786,87,79,8,8
51787,144,133,11,11
51788,76,85,-9,9
51789,125,119,6,6
51790,70,70,0,0
51791,86,93,-7,7
51792,140,111,29,29
51793,44,54,-10,10
51794,101,92,9,9
51795,68,67,1,1
51796,155,149,6,6
51797,125,121,4,4
51798,49,55,-6,6
51799,140,138,2,2
51800,105,93,12,12
51801,192,186,6,6
51802,89,72,17,17
51803,140,129,11,11
51804,140,131,9,9
51805,112,112,0,0
51806,136,117,19,19
51807,76,82,-6,6
51808,64,67,-3,3
51809,64,75,-11,11
51810,83,83,0,0
51811,72,65,7,7
51812,145,139,6,6
51813,113,98,15,15
51814,114,99,15,15
51815,154,136,18,18
51816,67,64,3,3
51817,197,166,31,31
51818,61,60,1,1
51819,99,93,6,6
51820,91,90,1,1
51821,181,149,32,32
51822,45,52,-7,7
51823,55,57,-2,2
51824,183,191,-8,8
51825,106,107,-1,1
51826,57,65,-8,8
51827,133,119,14,14
51828,36,53,-17,17
51829,98,102,-4,4
51830,54,53,1,1
51831,140,135,5,5
51832,114,109,5,5
51833,99,95,4,4
51834,69,67,2,2
51835,144,132,12,12
51836,112,116,-4,4
51837,101,92,9,9
51838,88,78,10,10
51839,88,84,4,4
51840,94,78,16,16
51841,67,62,5,5
51842,46,59,-13,13
51843,72,64,8,8
51844,80,70,10,10
51845,75,72,3,3
51846,94,83,11,11
51847,117,116,1,1
51848,67,70,-3,3
51849,71,72,-1,1
51850,67,79,-12,12
51851,68,62,6,6
51852,91,88,3,3
51853,71,71,0,0
51854,114,111,3,3
51855,93,95,-2,2
51856,73,78,-5,5
51857,164,140,24,24
51858,132,114,18,18
51859,66,59,7,7
51860,153,130,23,23
51861,108,113,-5,5
51862,110,102,8,8
51863,156,136,20,20
51864,162,147,15,15
51865,150,138,12,12
51866,125,115,10,10
51867,61,61,0,0
51868,95,90,5,5
51869,152,127,25,25
51870,125,124,1,1
51871,119,100,19,19
51872,166,171,-5,5
51873,120,101,19,19
51874,58,56,2,2
51875,45,52,-7,7
51876,117,124,-7,7
51877,65,60,5,5
51878,105,105,0,0
51879,70,68,2,2
51880,78,72,6,6
51881,91,84,7,7
51882,78,69,9,9
51883,116,126,-10,10
51884,132,113,19,19
51885,143,130,13,13
51886,117,117,0,0
51887,147,148,-1,1
51888,63,65,-2,2
51889,80,89,-9,9
51890,98,90,8,8
51891,51,62,-11,11
51892,51,55,-4,4
51893,73,67,6,6
51894,95,84,11,11
51895,100,95,5,5
51896,74,79,-5,5
51897,110,96,14,14
51898,78,77,1,1
51899,54,60,-6,6
51900,115,111,4,4
51901,139,122,17,17
51902,73,78,-5,5
51903,67,66,1,1
51904,76,76,0,0
51905,108,99,9,9
51906,104,100,4,4
51907,130,124,6,6
51908,116,112,4,4
51909,57,59,-2,2
51910,102,103,-1,1
51911,108,99,9,9
51912,95,83,12,12
51913,40,52,-12,12
51914,76,82,-6,6
51915,71,63,8,8
51916,137,132,5,5
51917,118,105,13,13
51918,129,122,7,7
51919,67,75,-8,8
51920,72,70,2,2
51921,111,117,-6,6
51922,95,93,2,2
51923,130,135,-5,5
51924,116,117,-1,1
51925,68,66,2,2
51926,103,97,6,6
51927,95,94,1,1
51928,117,112,5,5
51929,62,55,7,7
51930,75,80,-5,5
51931,56,64,-8,8
51932,120,101,19,19
51933,113,109,4,4
51934,85,78,7,7
51935,71,86,-15,15
51936,130,129,1,1
51937,87,90,-3,3
51938,156,141,15,15
51939,89,85,4,4
51940,61,58,3,3
51941,115,107,8,8
51942,144,129,15,15
51943,73,80,-7,7
51944,94,92,2,2
51945,102,94,8,8
51946,125,121,4,4
51947,71,61,10,10
51948,140,129,11,11
51949,143,130,13,13
51950,77,76,1,1
51951,86,73,13,13
51952,70,64,6,6
51953,101,86,15,15
51954,82,76,6,6
51955,93,85,8,8
51956,55,59,-4,4
51957,138,140,-2,2
51958,88,84,4,4
51959,81,80,1,1
51960,176,148,28,28
51961,90,92,-2,2
51962,52,58,-6,6
51963,97,90,7,7
51964,45,56,-11,11
51965,114,116,-2,2
51966,155,139,16,16
51967,151,161,-10,10
51968,60,62,-2,2
51969,82,73,9,9
51970,96,93,3,3
51971,126,109,17,17
51972,90,87,3,3
51973,83,68,15,15
51974,72,76,-4,4
51975,139,129,10,10
51976,137,128,9,9
51977,119,113,6,6
51978,115,93,22,22
51979,76,70,6,6
51980,80,94,-14,14
51981,101,90,11,11
51982,92,86,6,6
51983,65,65,0,0
51984,89,90,-1,1
51985,72,67,5,5
51986,45,53,-8,8
51987,69,68,1,1
51988,81,78,3,3
51989,95,93,2,2
51990,76,72,4,4
51991,49,55,-6,6
51992,97,95,2,2
51993,90,78,12,12
51994,130,122,8,8
51995,74,75,-1,1
51996,46,55,-9,9
51997,74,79,-5,5
51998,108,100,8,8
51999,115,115,0,0
52000,37,51,-14,14
52001,79,73,6,6
52002,75,78,-3,3
52003,174,145,29,29
52004,107,98,9,9
52005,53,53,0,0
52006,83,86,-3,3
52007,60,56,4,4
52008,98,99,-1,1
52009,57,60,-3,3
52010,54,54,0,0
52011,83,76,7,7
52012,182,191,-9,9
52013,107,111,-4,4
52014,89,97,-8,8
52015,105,99,6,6
52016,109,109,0,0
52017,141,124,17,17
52018,121,117,4,4
52019,91,102,-11,11
52020,117,107,10,10
52021,58,62,-4,4
52022,80,67,13,13
52023,88,81,7,7
52024,80,79,1,1
52025,146,134,12,12
52026,105,99,6,6
52027,128,136,-8,8
52028,79,73,6,6
52029,123,121,2,2
52030,85,81,4,4
52031,77,71,6,6
52032,70,64,6,6
52033,100,96,4,4
52034,71,67,4,4
52035,123,112,11,11
52036,85,87,-2,2
52037,113,109,4,4
52038,98,92,6,6
52039,67,75,-8,8
52040,130,126,4,4
52041,176,151,25,25
52042,117,111,6,6
52043,130,120,10,10
52044,114,106,8,8
52045,108,107,1,1
52046,111,112,-1,1
52047,91,85,6,6
52048,153,132,21,21
52049,83,99,-16,16
52050,91,90,1,1
52051,103,101,2,2
52052,123,119,4,4
52053,57,59,-2,2
52054,115,105,10,10
52055,86,88,-2,2
52056,147,133,14,14
52057,116,127,-11,11
52058,87,84,3,3
52059,81,72,9,9
52060,58,55,3,3
52061,97,82,15,15
52062,138,140,-2,2
52063,74,69,5,5
52064,60,70,-10,10
52065,94,93,1,1
52066,150,135,15,15
52067,143,134,9,9
52068,72,71,1,1
52069,80,81,-1,1
52070,94,91,3,3
52071,85,79,6,6
52072,108,98,10,10
52073,106,90,16,16
52074,86,86,0,0
52075,160,144,16,16
52076,84,79,5,5
52077,78,69,9,9
52078,89,90,-1,1
52079,76,81,-5,5
52080,57,54,3,3
52081,93,89,4,4
52082,92,93,-1,1
52083,79,93,-14,14
52084,105,101,4,4
52085,146,139,7,7
52086,79,84,-5,5
52087,96,96,0,0
52088,97,93,4,4
52089,74,70,4,4
52090,79,82,-3,3
52091,90,83,7,7
52092,133,126,7,7
52093,81,81,0,0
52094,140,125,15,15
52095,20,50,-30,30
52096,42,86,-44,44
52097,178,149,29,29
52098,57,68,-11,11
52099,91,95,-4,4
52100,125,136,-11,11
52101,77,71,6,6
52102,73,74,-1,1
52103,96,98,-2,2
52104,63,62,1,1
52105,75,74,1,1
52106,117,109,8,8
52107,135,128,7,7
52108,105,108,-3,3
52109,141,135,6,6
52110,123,107,16,16
52111,71,84,-13,13
52112,108,92,16,16
52113,104,103,1,1
52114,108,101,7,7
52115,93,90,3,3
52116,102,92,10,10
52117,99,86,13,13
52118,95,97,-2,2
52119,53,55,-2,2
52120,117,95,22,22
52121,79,85,-6,6
52122,55,64,-9,9
52123,163,151,12,12
52124,53,56,-3,3
52125,80,76,4,4
52126,124,112,12,12
52127,75,68,7,7
52128,133,127,6,6
52129,83,80,3,3
52130,54,60,-6,6
52131,52,55,-3,3
52132,67,69,-2,2
52133,75,70,5,5
52134,106,96,10,10
52135,140,129,11,11
52136,124,125,-1,1
52137,65,69,-4,4
52138,94,98,-4,4
52139,108,105,3,3
52140,132,113,19,19
52141,123,115,8,8
52142,73,82,-9,9
52143,246,221,25,25
52144,91,79,12,12
52145,48,54,-6,6
52146,109,94,15,15
52147,120,105,15,15
52148,71,60,11,11
52149,44,52,-8,8
52150,83,77,6,6
52151,77,69,8,8
52152,108,97,11,11
52153,76,72,4,4
52154,116,96,20,20
52155,98,108,-10,10
52156,114,101,13,13
52157,142,125,17,17
52158,92,101,-9,9
52159,82,75,7,7
52160,86,81,5,5
52161,65,65,0,0
52162,91,85,6,6
52163,158,151,7,7
52164,79,74,5,5
52165,89,79,10,10
52166,54,53,1,1
52167,144,119,25,25
52168,167,162,5,5
52169,94,98,-4,4
52170,75,72,3,3
52171,110,114,-4,4
52172,113,104,9,9
52173,63,61,2,2
52174,138,128,10,10
52175,101,89,12,12
52176,99,106,-7,7
52177,98,97,1,1
52178,138,145,-7,7
52179,116,114,2,2
52180,53,64,-11,11
52181,97,94,3,3
52182,79,63,16,16
52183,94,105,-11,11
52184,72,75,-3,3
52185,104,107,-3,3
52186,113,99,14,14
52187,105,106,-1,1
52188,84,82,2,2
52189,66,66,0,0
52190,75,74,1,1
52191,106,98,8,8
52192,100,92,8,8
52193,75,80,-5,5
52194,45,54,-9,9
52195,126,127,-1,1
52196,102,93,9,9
52197,108,102,6,6
52198,99,89,10,10
52199,146,125,21,21
52200,107,105,2,2
52201,105,110,-5,5
52202,58,61,-3,3
52203,114,118,-4,4
52204,151,127,24,24
52205,72,67,5,5
52206,79,70,9,9
52207,131,114,17,17
52208,91,86,5,5
52209,52,55,-3,3
52210,81,66,15,15
52211,85,67,18,18
52212,96,86,10,10
52213,42,53,-11,11
52214,73,63,10,10
52215,100,93,7,7
52216,104,97,7,7
52217,85,90,-5,5
52218,67,72,-5,5
52219,71,72,-1,1
52220,100,90,10,10
52221,134,107,27,27
52222,104,105,-1,1
52223,90,79,11,11
52224,96,121,-25,25
52225,61,86,-25,25
52226,65,68,-3,3
52227,139,130,9,9
52228,46,57,-11,11
52229,70,69,1,1
52230,142,127,15,15
52231,90,89,1,1
52232,112,99,13,13
52233,113,101,12,12
52234,59,62,-3,3
52235,111,103,8,8
52236,84,71,13,13
52237,74,68,6,6
52238,78,68,10,10
52239,145,143,2,2
52240,100,116,-16,16
52241,103,96,7,7
52242,55,54,1,1
52243,93,90,3,3
52244,78,72,6,6
52245,80,74,6,6
52246,104,91,13,13
52247,66,67,-1,1
52248,68,59,9,9
52249,60,55,5,5
52250,103,113,-10,10
52251,69,67,2,2
52252,92,85,7,7
52253,48,56,-8,8
52254,54,59,-5,5
52255,54,54,0,0
52256,58,61,-3,3
52257,160,140,20,20
52258,83,77,6,6
52259,90,81,9,9
52260,71,116,-45,45
52261,168,165,3,3
52262,137,136,1,1
52263,139,135,4,4
52264,74,66,8,8
52265,75,77,-2,2
52266,65,58,7,7
52267,93,78,15,15
52268,94,88,6,6
52269,65,73,-8,8
52270,110,109,1,1
52271,29,51,-22,22
52272,91,86,5,5
52273,78,73,5,5
52274,77,73,4,4
52275,93,90,3,3
52276,158,142,16,16
52277,206,184,22,22
52278,98,99,-1,1
52279,131,122,9,9
52280,115,106,9,9
52281,129,108,21,21
52282,97,89,8,8
52283,97,87,10,10
52284,78,86,-8,8
52285,81,81,0,0
52286,107,103,4,4
52287,80,78,2,2
52288,67,68,-1,1
52289,66,73,-7,7
52290,56,55,1,1
52291,72,68,4,4
52292,50,55,-5,5
52293,70,99,-29,29
52294,128,115,13,13
52295,138,139,-1,1
52296,38,52,-14,14
52297,113,106,7,7
52298,168,157,11,11
52299,115,100,15,15
52300,88,83,5,5
52301,80,75,5,5
52302,124,126,-2,2
52303,190,173,17,17
52304,92,94,-2,2
52305,83,80,3,3
52306,78,80,-2,2
52307,64,56,8,8
52308,121,116,5,5
52309,74,74,0,0
52310,59,58,1,1
52311,200,151,49,49
52312,157,142,15,15
52313,86,82,4,4
52314,126,116,10,10
52315,75,73,2,2
52316,95,105,-10,10
52317,118,102,16,16
52318,174,155,19,19
52319,148,133,15,15
52320,70,74,-4,4
52321,99,94,5,5
52322,73,73,0,0
52323,178,150,28,28
52324,127,120,7,7
52325,137,133,4,4
52326,35,53,-18,18
52327,58,58,0,0
52328,104,104,0,0
52329,85,81,4,4
52330,91,86,5,5
52331,40,52,-12,12
52332,83,81,2,2
52333,100,101,-1,1
52334,73,75,-2,2
52335,51,56,-5,5
52336,263,191,72,72
52337,87,85,2,2
52338,85,81,4,4
52339,85,83,2,2
52340,89,82,7,7
52341,176,162,14,14
52342,103,98,5,5
52343,128,129,-1,1
52344,166,160,6,6
52345,92,105,-13,13
52346,100,94,6,6
52347,98,85,13,13
52348,57,58,-1,1
52349,127,113,14,14
52350,86,86,0,0
52351,144,141,3,3
52352,60,60,0,0
52353,113,106,7,7
52354,113,106,7,7
52355,103,96,7,7
52356,90,83,7,7
52357,56,55,1,1
52358,47,54,-7,7
52359,105,104,1,1
52360,61,61,0,0
52361,128,132,-4,4
52362,55,75,-20,20
52363,67,61,6,6
52364,65,64,1,1
52365,116,106,10,10
52366,76,76,0,0
52367,41,53,-12,12
52368,83,73,10,10
52369,82,88,-6,6
52370,50,56,-6,6
52371,81,86,-5,5
52372,57,53,4,4
52373,83,78,5,5
52374,87,93,-6,6
52375,56,59,-3,3
52376,68,64,4,4
52377,71,62,9,9
52378,77,78,-1,1
52379,67,62,5,5
52380,120,104,16,16
52381,74,73,1,1
52382,121,117,4,4
52383,73,73,0,0
52384,53,59,-6,6
52385,68,68,0,0
52386,95,88,7,7
52387,103,102,1,1
52388,46,53,-7,7
52389,73,63,10,10
52390,148,133,15,15
52391,145,125,20,20
52392,105,93,12,12
52393,71,73,-2,2
52394,43,53,-10,10
52395,106,103,3,3
52396,114,108,6,6
52397,80,75,5,5
52398,64,85,-21,21
52399,125,113,12,12
52400,84,88,-4,4
52401,86,86,0,0
52402,101,92,9,9
52403,95,89,6,6
52404,90,91,-1,1
52405,93,87,6,6
52406,62,62,0,0
52407,146,135,11,11
52408,87,86,1,1
52409,85,71,14,14
52410,134,112,22,22
52411,82,75,7,7
52412,46,56,-10,10
52413,73,64,9,9
52414,23,51,-28,28
52415,167,144,23,23
52416,116,94,22,22
52417,112,113,-1,1
52418,227,198,29,29
52419,108,108,0,0
52420,93,90,3,3
52421,76,75,1,1
52422,75,74,1,1
52423,74,80,-6,6
52424,85,74,11,11
52425,68,68,0,0
52426,93,81,12,12
52427,143,129,14,14
52428,132,119,13,13
52429,68,67,1,1
52430,49,61,-12,12
52431,116,105,11,11
52432,87,79,8,8
52433,114,99,15,15
52434,133,121,12,12
52435,81,75,6,6
52436,105,93,12,12
52437,88,88,0,0
52438,158,130,28,28
52439,82,71,11,11
52440,91,90,1,1
52441,158,145,13,13
52442,77,79,-2,2
52443,61,83,-22,22
52444,57,58,-1,1
52445,76,78,-2,2
52446,80,80,0,0
52447,90,95,-5,5
52448,75,62,13,13
52449,105,97,8,8
52450,99,93,6,6
52451,134,131,3,3
52452,70,72,-2,2
52453,139,141,-2,2
52454,67,65,2,2
52455,186,160,26,26
52456,101,95,6,6
52457,142,129,13,13
52458,66,63,3,3
52459,88,81,7,7
52460,79,81,-2,2
52461,80,79,1,1
52462,103,108,-5,5
52463,133,137,-4,4
52464,21,70,-49,49
52465,98,80,18,18
52466,67,62,5,5
52467,117,136,-19,19
52468,71,69,2,2
52469,45,54,-9,9
52470,90,80,10,10
52471,122,99,23,23
52472,133,119,14,14
52473,70,69,1,1
52474,99,101,-2,2
52475,161,144,17,17
52476,123,110,13,13
52477,116,106,10,10
52478,148,124,24,24
52479,55,52,3,3
52480,107,106,1,1
52481,69,64,5,5
52482,103,115,-12,12
52483,50,55,-5,5
52484,76,75,1,1
52485,98,95,3,3
52486,63,65,-2,2
52487,69,63,6,6
52488,115,108,7,7
52489,64,58,6,6
52490,80,77,3,3
52491,93,82,11,11
52492,93,88,5,5
52493,107,96,11,11
52494,91,87,4,4
52495,73,85,-12,12
52496,163,139,24,24
52497,82,76,6,6
52498,133,121,12,12
52499,70,76,-6,6
52500,74,74,0,0
52501,72,71,1,1
52502,51,53,-2,2
52503,192,161,31,31
52504,59,65,-6,6
52505,69,65,4,4
52506,47,53,-6,6
52507,146,149,-3,3
52508,149,131,18,18
52509,96,107,-11,11
52510,73,63,10,10
52511,143,127,16,16
52512,101,103,-2,2
52513,96,94,2,2
52514,108,113,-5,5
52515,77,75,2,2
52516,45,54,-9,9
52517,89,93,-4,4
52518,160,143,17,17
52519,97,98,-1,1
52520,82,79,3,3
52521,80,73,7,7
52522,70,68,2,2
52523,123,109,14,14
52524,109,98,11,11
52525,162,151,11,11
52526,129,121,8,8
52527,80,74,6,6
52528,49,55,-6,6
52529,129,109,20,20
52530,79,71,8,8
52531,89,94,-5,5
52532,92,92,0,0
52533,87,79,8,8
52534,104,93,11,11
52535,106,89,17,17
52536,169,159,10,10
52537,96,105,-9,9
52538,66,65,1,1
52539,140,130,10,10
52540,128,113,15,15
52541,82,72,10,10
52542,128,114,14,14
52543,109,107,2,2
52544,59,62,-3,3
52545,61,62,-1,1
52546,109,85,24,24
52547,72,75,-3,3
52548,57,65,-8,8
52549,94,96,-2,2
52550,86,85,1,1
52551,57,59,-2,2
52552,142,125,17,17
52553,79,86,-7,7
52554,150,139,11,11
52555,122,124,-2,2
52556,106,109,-3,3
52557,41,53,-12,12
52558,218,186,32,32
52559,106,95,11,11
52560,80,74,6,6
52561,87,85,2,2
52562,121,127,-6,6
52563,68,64,4,4
52564,79,81,-2,2
52565,63,60,3,3
52566,57,68,-11,11
52567,132,128,4,4
52568,86,86,0,0
52569,92,86,6,6
52570,187,159,28,28
52571,97,91,6,6
52572,135,124,11,11
52573,126,107,19,19
52574,79,80,-1,1
52575,69,76,-7,7
52576,142,134,8,8
52577,97,89,8,8
52578,104,109,-5,5
52579,112,110,2,2
52580,168,162,6,6
52581,145,124,21,21
52582,137,124,13,13
52583,142,123,19,19
52584,81,76,5,5
52585,97,90,7,7
52586,90,75,15,15
52587,121,133,-12,12
52588,71,75,-4,4
52589,61,58,3,3
52590,95,109,-14,14
52591,95,113,-18,18
52592,53,65,-12,12
52593,126,121,5,5
52594,72,77,-5,5
52595,86,77,9,9
52596,141,138,3,3
52597,96,100,-4,4
52598,98,102,-4,4
52599,123,116,7,7
52600,46,56,-10,10
52601,95,79,16,16
52602,127,117,10,10
52603,153,129,24,24
52604,115,107,8,8
52605,104,93,11,11
52606,53,57,-4,4
52607,95,87,8,8
52608,88,82,6,6
52609,133,114,19,19
52610,88,84,4,4
52611,25,52,-27,27
52612,142,120,22,22
52613,98,100,-2,2
52614,93,87,6,6
52615,99,91,8,8
52616,152,138,14,14
52617,124,120,4,4
52618,112,110,2,2
52619,134,114,20,20
52620,104,105,-1,1
52621,86,79,7,7
52622,117,114,3,3
52623,77,77,0,0
52624,88,87,1,1
52625,72,67,5,5
52626,87,103,-16,16
52627,80,75,5,5
52628,103,98,5,5
52629,136,129,7,7
52630,105,109,-4,4
52631,96,92,4,4
52632,90,79,11,11
52633,53,54,-1,1
52634,77,74,3,3
52635,60,58,2,2
52636,115,116,-1,1
52637,93,87,6,6
52638,91,77,14,14
52639,162,153,9,9
52640,115,98,17,17
52641,148,149,-1,1
52642,68,69,-1,1
52643,79,79,0,0
52644,53,55,-2,2
52645,60,59,1,1
52646,63,69,-6,6
52647,102,99,3,3
52648,111,99,12,12
52649,116,109,7,7
52650,50,52,-2,2
52651,113,102,11,11
52652,46,55,-9,9
52653,62,60,2,2
52654,112,108,4,4
52655,58,61,-3,3
52656,85,85,0,0
52657,111,99,12,12
52658,105,102,3,3
52659,113,120,-7,7
52660,174,153,21,21
52661,125,113,12,12
52662,109,103,6,6
52663,67,65,2,2
52664,76,67,9,9
52665,193,240,-47,47
52666,128,120,8,8
52667,88,82,6,6
52668,70,73,-3,3
52669,63,61,2,2
52670,148,127,21,21
52671,89,95,-6,6
52672,152,142,10,10
52673,62,63,-1,1
52674,141,115,26,26
52675,48,54,-6,6
52676,185,165,20,20
52677,89,82,7,7
52678,87,82,5,5
52679,50,65,-15,15
52680,79,70,9,9
52681,124,130,-6,6
52682,109,101,8,8
52683,54,57,-3,3
52684,90,83,7,7
52685,85,83,2,2
52686,35,93,-58,58
52687,86,82,4,4
52688,47,57,-10,10
52689,103,92,11,11
52690,105,103,2,2
52691,47,59,-12,12
52692,44,53,-9,9
52693,137,122,15,15
52694,69,73,-4,4
52695,47,52,-5,5
52696,63,61,2,2
52697,118,115,3,3
52698,83,85,-2,2
52699,80,91,-11,11
52700,119,95,24,24
52701,107,112,-5,5
52702,100,110,-10,10
52703,96,97,-1,1
52704,90,96,-6,6
52705,136,123,13,13
52706,142,142,0,0
52707,82,80,2,2
52708,64,54,10,10
52709,89,87,2,2
52710,49,56,-7,7
52711,138,121,17,17
52712,74,64,10,10
52713,55,70,-15,15
52714,147,121,26,26
52715,87,87,0,0
52716,67,77,-10,10
52717,90,79,11,11
52718,72,87,-15,15
52719,110,103,7,7
52720,166,159,7,7
52721,128,103,25,25
52722,70,74,-4,4
52723,95,95,0,0
52724,58,56,2,2
52725,95,93,2,2
52726,78,81,-3,3
52727,99,97,2,2
52728,79,72,7,7
52729,96,78,18,18
52730,87,78,9,9
52731,57,61,-4,4
52732,67,64,3,3
52733,84,86,-2,2
52734,73,73,0,0
52735,77,73,4,4
52736,65,62,3,3
52737,34,53,-19,19
52738,103,98,5,5
52739,117,118,-1,1
52740,73,64,9,9
52741,121,110,11,11
52742,67,70,-3,3
52743,118,94,24,24
52744,145,138,7,7
52745,83,83,0,0
52746,105,96,9,9
52747,81,66,15,15
52748,92,92,0,0
52749,44,53,-9,9
52750,104,100,4,4
52751,45,54,-9,9
52752,96,88,8,8
52753,115,114,1,1
52754,91,94,-3,3
52755,64,74,-10,10
52756,63,59,4,4
52757,83,87,-4,4
52758,126,122,4,4
52759,57,61,-4,4
52760,209,182,27,27
52761,153,131,22,22
52762,57,58,-1,1
52763,70,65,5,5
52764,118,123,-5,5
52765,110,108,2,2
52766,63,54,9,9
52767,117,106,11,11
52768,151,125,26,26
52769,135,140,-5,5
52770,75,70,5,5
52771,121,110,11,11
52772,142,142,0,0
52773,107,100,7,7
52774,87,84,3,3
52775,83,84,-1,1
52776,54,53,1,1
52777,120,113,7,7
52778,75,76,-1,1
52779,116,112,4,4
52780,80,77,3,3
52781,132,131,1,1
52782,61,64,-3,3
52783,70,74,-4,4
52784,57,54,3,3
52785,137,128,9,9
52786,112,92,20,20
52787,77,75,2,2
52788,78,78,0,0
52789,94,97,-3,3
52790,85,84,1,1
52791,61,56,5,5
52792,80,76,4,4
52793,116,105,11,11
52794,64,78,-14,14
52795,69,72,-3,3
52796,124,104,20,20
52797,78,67,11,11
52798,109,108,1,1
52799,90,81,9,9
52800,148,140,8,8
52801,64,66,-2,2
52802,59,58,1,1
52803,42,53,-11,11
52804,132,126,6,6
52805,132,124,8,8
52806,68,60,8,8
52807,173,170,3,3
52808,73,67,6,6
52809,88,87,1,1
52810,95,88,7,7
52811,56,57,-1,1
52812,83,72,11,11
52813,131,128,3,3
52814,65,73,-8,8
52815,77,75,2,2
52816,110,112,-2,2
52817,80,107,-27,27
52818,76,68,8,8
52819,73,73,0,0
52820,66,67,-1,1
52821,149,129,20,20
52822,55,58,-3,3
52823,60,54,6,6
52824,151,144,7,7
52825,112,113,-1,1
52826,67,62,5,5
52827,67,81,-14,14
52828,77,80,-3,3
52829,114,115,-1,1
52830,123,128,-5,5
52831,83,78,5,5
52832,42,57,-15,15
52833,104,107,-3,3
52834,90,87,3,3
52835,107,112,-5,5
52836,153,133,20,20
52837,68,65,3,3
52838,41,52,-11,11
52839,82,79,3,3
52840,55,57,-2,2
52841,114,104,10,10
52842,92,84,8,8
52843,90,91,-1,1
52844,70,66,4,4
52845,75,77,-2,2
52846,112,91,21,21
52847,76,79,-3,3
52848,107,75,32,32
52849,96,94,2,2
52850,107,101,6,6
52851,46,54,-8,8
52852,103,110,-7,7
52853,122,115,7,7
52854,117,109,8,8
52855,69,78,-9,9
52856,100,102,-2,2
52857,70,59,11,11
52858,96,99,-3,3
52859,89,83,6,6
52860,112,109,3,3
52861,93,107,-14,14
52862,104,96,8,8
52863,79,75,4,4
52864,150,133,17,17
52865,145,132,13,13
52866,135,131,4,4
52867,61,62,-1,1
52868,75,76,-1,1
52869,63,58,5,5
52870,77,78,-1,1
52871,115,119,-4,4
52872,94,85,9,9
52873,60,58,2,2
52874,99,97,2,2
52875,162,162,0,0
52876,89,92,-3,3
52877,84,92,-8,8
52878,90,95,-5,5
52879,132,118,14,14
52880,106,94,12,12
52881,50,53,-3,3
52882,66,61,5,5
52883,153,137,16,16
52884,55,55,0,0
52885,92,83,9,9
52886,113,108,5,5
52887,54,55,-1,1
52888,132,123,9,9
52889,116,99,17,17
52890,88,212,-124,124
52891,127,119,8,8
52892,80,83,-3,3
52893,125,109,16,16
52894,108,94,14,14
52895,104,98,6,6
52896,62,69,-7,7
52897,76,79,-3,3
52898,77,79,-2,2
52899,120,110,10,10
52900,71,71,0,0
52901,54,63,-9,9
52902,115,118,-3,3
52903,138,136,2,2
52904,95,86,9,9
52905,31,51,-20,20
52906,46,54,-8,8
52907,147,125,22,22
52908,129,131,-2,2
52909,82,66,16,16
52910,81,84,-3,3
52911,62,58,4,4
52912,140,128,12,12
52913,101,97,4,4
52914,120,101,19,19
52915,48,52,-4,4
52916,132,120,12,12
52917,164,141,23,23
52918,48,59,-11,11
52919,81,89,-8,8
52920,74,75,-1,1
52921,79,91,-12,12
52922,97,93,4,4
52923,81,86,-5,5
52924,47,55,-8,8
52925,97,101,-4,4
52926,59,65,-6,6
52927,68,61,7,7
52928,67,64,3,3
52929,66,67,-1,1
52930,143,124,19,19
52931,88,85,3,3
52932,96,91,5,5
52933,169,135,34,34
52934,106,91,15,15
52935,106,100,6,6
52936,78,76,2,2
52937,107,111,-4,4
52938,132,132,0,0
52939,88,72,16,16
52940,68,77,-9,9
52941,104,96,8,8
52942,79,73,6,6
52943,96,85,11,11
52944,159,147,12,12
52945,133,131,2,2
52946,81,80,1,1
52947,67,70,-3,3
52948,86,86,0,0
52949,75,73,2,2
52950,106,107,-1,1
52951,55,59,-4,4
52952,167,140,27,27
52953,33,53,-20,20
52954,114,121,-7,7
52955,153,128,25,25
52956,76,75,1,1
52957,74,79,-5,5
52958,152,147,5,5
52959,176,138,38,38
52960,86,78,8,8
52961,191,162,29,29
52962,116,113,3,3
52963,87,81,6,6
52964,133,126,7,7
52965,131,132,-1,1
52966,96,91,5,5
52967,113,111,2,2
52968,52,56,-4,4
52969,68,76,-8,8
52970,110,103,7,7
52971,58,58,0,0
52972,104,116,-12,12
52973,93,90,3,3
52974,118,115,3,3
52975,92,91,1,1
52976,77,78,-1,1
52977,43,53,-10,10
52978,19,52,-33,33
52979,156,129,27,27
52980,145,139,6,6
52981,85,85,0,0
52982,85,71,14,14
52983,121,107,14,14
52984,76,70,6,6
52985,137,139,-2,2
52986,76,74,2,2
52987,91,84,7,7
52988,93,86,7,7
52989,133,135,-2,2
52990,128,113,15,15
52991,106,104,2,2
52992,77,76,1,1
52993,104,93,11,11
52994,82,78,4,4
52995,77,75,2,2
52996,91,100,-9,9
52997,73,93,-20,20
52998,144,133,11,11
52999,103,95,8,8
53000,97,108,-11,11
53001,238,208,30,30
53002,87,79,8,8
53003,135,124,11,11
53004,63,63,0,0
53005,95,87,8,8
53006,42,52,-10,10
53007,69,70,-1,1
53008,98,86,12,12
53009,147,135,12,12
53010,108,109,-1,1
53011,52,54,-2,2
53012,69,64,5,5
53013,92,73,19,19
53014,129,125,4,4
53015,83,84,-1,1
53016,108,108,0,0
53017,126,125,1,1
53018,84,79,5,5
53019,86,72,14,14
53020,82,97,-15,15
53021,88,88,0,0
53022,101,84,17,17
53023,130,115,15,15
53024,83,83,0,0
53025,118,122,-4,4
53026,106,100,6,6
53027,108,109,-1,1
53028,85,64,21,21
53029,133,120,13,13
53030,77,71,6,6
53031,110,97,13,13
53032,71,79,-8,8
53033,72,77,-5,5
53034,44,53,-9,9
53035,69,61,8,8
53036,106,95,11,11
53037,103,95,8,8
53038,82,73,9,9
53039,119,122,-3,3
53040,94,95,-1,1
53041,67,67,0,0
53042,81,75,6,6
53043,102,92,10,10
53044,68,62,6,6
53045,154,130,24,24
53046,80,73,7,7
53047,120,108,12,12
53048,59,75,-16,16
53049,149,141,8,8
53050,66,71,-5,5
53051,80,64,16,16
53052,61,62,-1,1
53053,40,52,-12,12
53054,80,83,-3,3
53055,54,54,0,0
53056,90,107,-17,17
53057,107,98,9,9
53058,62,63,-1,1
53059,157,155,2,2
53060,113,107,6,6
53061,107,116,-9,9
53062,87,71,16,16
53063,90,86,4,4
53064,155,137,18,18
53065,37,54,-17,17
53066,66,69,-3,3
53067,92,93,-1,1
53068,74,69,5,5
53069,38,51,-13,13
53070,83,74,9,9
53071,90,96,-6,6
53072,262,309,-47,47
53073,83,82,1,1
53074,65,61,4,4
53075,84,73,11,11
53076,50,56,-6,6
53077,95,100,-5,5
53078,80,84,-4,4
53079,135,120,15,15
53080,75,69,6,6
53081,79,80,-1,1
53082,179,165,14,14
53083,119,115,4,4
53084,89,73,16,16
53085,58,66,-8,8
53086,98,100,-2,2
53087,58,56,2,2
53088,62,62,0,0
53089,65,66,-1,1
53090,90,84,6,6
53091,134,117,17,17
53092,61,63,-2,2
53093,142,132,10,10
53094,71,73,-2,2
53095,147,118,29,29
53096,122,118,4,4
53097,151,136,15,15
53098,105,100,5,5
53099,56,57,-1,1
53100,124,124,0,0
53101,140,140,0,0
53102,107,100,7,7
53103,103,103,0,0
53104,98,88,10,10
53105,63,56,7,7
53106,51,56,-5,5
53107,81,77,4,4
53108,65,70,-5,5
53109,150,137,13,13
53110,134,128,6,6
53111,46,53,-7,7
53112,120,103,17,17
53113,80,82,-2,2
53114,93,86,7,7
53115,176,149,27,27
53116,115,117,-2,2
53117,128,119,9,9
53118,143,128,15,15
53119,55,54,1,1
53120,85,72,13,13
53121,102,92,10,10
53122,54,55,-1,1
53123,151,120,31,31
53124,83,75,8,8
53125,47,53,-6,6
53126,80,76,4,4
53127,126,115,11,11
53128,105,107,-2,2
53129,103,105,-2,2
53130,70,75,-5,5
53131,64,62,2,2
53132,116,109,7,7
53133,124,130,-6,6
53134,89,82,7,7
53135,73,72,1,1
53136,131,129,2,2
53137,120,107,13,13
53138,102,91,11,11
53139,88,78,10,10
53140,82,78,4,4
53141,88,84,4,4
53142,135,109,26,26
53143,119,113,6,6
53144,67,69,-2,2
53145,55,53,2,2
53146,170,157,13,13
53147,125,133,-8,8
53148,132,113,19,19
53149,146,138,8,8
53150,83,77,6,6
53151,85,76,9,9
53152,101,99,2,2
53153,84,83,1,1
53154,135,120,15,15
53155,54,54,0,0
53156,74,60,14,14
53157,72,71,1,1
53158,112,91,21,21
53159,137,129,8,8
53160,82,68,14,14
53161,121,106,15,15
53162,83,80,3,3
53163,112,114,-2,2
53164,66,59,7,7
53165,90,80,10,10
53166,111,115,-4,4
53167,70,75,-5,5
53168,98,99,-1,1
53169,101,93,8,8
53170,108,96,12,12
53171,77,74,3,3
53172,94,95,-1,1
53173,77,80,-3,3
53174,52,63,-11,11
53175,114,111,3,3
53176,79,76,3,3
53177,43,55,-12,12
53178,110,96,14,14
53179,51,60,-9,9
53180,81,78,3,3
53181,122,110,12,12
53182,128,128,0,0
53183,92,105,-13,13
53184,111,104,7,7
53185,106,95,11,11
53186,56,61,-5,5
53187,137,118,19,19
53188,75,66,9,9
53189,71,68,3,3
53190,67,65,2,2
53191,89,84,5,5
53192,96,96,0,0
53193,106,106,0,0
53194,71,67,4,4
53195,128,114,14,14
53196,63,65,-2,2
53197,82,73,9,9
53198,67,66,1,1
53199,80,75,5,5
53200,124,115,9,9
53201,117,110,7,7
53202,115,124,-9,9
53203,107,107,0,0
53204,65,64,1,1
53205,119,115,4,4
53206,88,93,-5,5
53207,53,57,-4,4
53208,156,140,16,16
53209,71,68,3,3
53210,89,86,3,3
53211,88,76,12,12
53212,113,109,4,4
53213,43,54,-11,11
53214,106,101,5,5
53215,85,81,4,4
53216,108,122,-14,14
53217,70,60,10,10
53218,163,145,18,18
53219,102,101,1,1
53220,74,72,2,2
53221,60,60,0,0
53222,107,100,7,7
53223,59,81,-22,22
53224,90,69,21,21
53225,134,121,13,13
53226,159,146,13,13
53227,99,87,12,12
53228,75,75,0,0
53229,62,55,7,7
53230,93,89,4,4
53231,101,95,6,6
53232,61,65,-4,4
53233,88,75,13,13
53234,99,99,0,0
53235,45,54,-9,9
53236,65,65,0,0
53237,120,104,16,16
53238,85,83,2,2
53239,76,76,0,0
53240,111,98,13,13
53241,75,74,1,1
53242,96,93,3,3
53243,134,113,21,21
53244,62,59,3,3
53245,69,63,6,6
53246,95,93,2,2
53247,93,83,10,10
53248,73,72,1,1
53249,89,73,16,16
53250,59,55,4,4
53251,73,67,6,6
53252,115,115,0,0
53253,86,83,3,3
53254,141,153,-12,12
53255,109,127,-18,18
53256,112,95,17,17
53257,74,75,-1,1
53258,57,58,-1,1
53259,61,63,-2,2
53260,104,101,3,3
53261,111,94,17,17
53262,80,79,1,1
53263,107,98,9,9
53264,43,55,-12,12
53265,71,78,-7,7
53266,54,54,0,0
53267,74,79,-5,5
53268,77,70,7,7
53269,86,94,-8,8
53270,65,67,-2,2
53271,103,87,16,16
53272,67,71,-4,4
53273,77,65,12,12
53274,53,61,-8,8
53275,128,106,22,22
53276,75,75,0,0
53277,111,129,-18,18
53278,94,91,3,3
53279,93,86,7,7
53280,131,116,15,15
53281,61,85,-24,24
53282,69,64,5,5
53283,70,62,8,8
53284,50,55,-5,5
53285,69,66,3,3
53286,101,92,9,9
53287,86,76,10,10
53288,98,91,7,7
53289,140,103,37,37
53290,88,85,3,3
53291,51,54,-3,3
53292,72,74,-2,2
53293,109,110,-1,1
53294,67,75,-8,8
53295,114,107,7,7
53296,98,88,10,10
53297,98,101,-3,3
53298,107,112,-5,5
53299,133,139,-6,6
53300,161,150,11,11
53301,161,126,35,35
53302,125,117,8,8
53303,90,86,4,4
53304,112,112,0,0
53305,61,62,-1,1
53306,186,173,13,13
53307,102,108,-6,6
53308,273,250,23,23
53309,125,125,0,0
53310,124,126,-2,2
53311,115,103,12,12
53312,86,80,6,6
53313,67,67,0,0
53314,90,87,3,3
53315,146,134,12,12
53316,64,62,2,2
53317,78,74,4,4
53318,73,68,5,5
53319,132,119,13,13
53320,78,76,2,2
53321,108,110,-2,2
53322,72,65,7,7
53323,112,114,-2,2
53324,110,105,5,5
53325,157,141,16,16
53326,87,80,7,7
53327,63,58,5,5
53328,47,55,-8,8
53329,55,62,-7,7
53330,57,57,0,0
53331,77,79,-2,2
53332,73,70,3,3
53333,52,56,-4,4
53334,60,71,-11,11
53335,171,174,-3,3
53336,153,137,16,16
53337,128,121,7,7
53338,101,95,6,6
53339,58,58,0,0
53340,67,63,4,4
53341,58,62,-4,4
53342,69,64,5,5
53343,198,159,39,39
53344,85,78,7,7
53345,96,82,14,14
53346,68,88,-20,20
53347,80,74,6,6
53348,56,61,-5,5
53349,67,65,2,2
53350,57,56,1,1
53351,39,55,-16,16
53352,81,86,-5,5
53353,117,110,7,7
53354,104,102,2,2
53355,105,107,-2,2
53356,83,77,6,6
53357,135,130,5,5
53358,76,64,12,12
53359,122,110,12,12
53360,78,73,5,5
53361,37,53,-16,16
53362,134,119,15,15
53363,71,66,5,5
53364,119,107,12,12
53365,23,55,-32,32
53366,145,133,12,12
53367,99,97,2,2
53368,70,77,-7,7
53369,41,58,-17,17
53370,82,88,-6,6
53371,102,92,10,10
53372,64,60,4,4
53373,60,60,0,0
53374,157,139,18,18
53375,144,123,21,21
53376,107,104,3,3
53377,108,112,-4,4
53378,79,80,-1,1
53379,77,84,-7,7
53380,102,96,6,6
53381,62,63,-1,1
53382,87,86,1,1
53383,156,138,18,18
53384,59,58,1,1
53385,54,59,-5,5
53386,114,109,5,5
53387,87,96,-9,9
53388,132,125,7,7
53389,135,127,8,8
53390,126,105,21,21
53391,105,105,0,0
53392,95,99,-4,4
53393,101,93,8,8
53394,51,58,-7,7
53395,63,69,-6,6
53396,149,140,9,9
53397,72,62,10,10
53398,147,135,12,12
53399,67,63,4,4
53400,106,107,-1,1
53401,98,101,-3,3
53402,100,87,13,13
53403,93,100,-7,7
53404,69,74,-5,5
53405,116,130,-14,14
53406,88,84,4,4
53407,114,131,-17,17
53408,53,56,-3,3
53409,55,56,-1,1
53410,86,89,-3,3
53411,110,99,11,11
53412,82,77,5,5
53413,87,78,9,9
53414,60,58,2,2
53415,59,56,3,3
53416,72,64,8,8
53417,99,83,16,16
53418,111,94,17,17
53419,105,102,3,3
53420,110,102,8,8
53421,56,57,-1,1
53422,126,130,-4,4
53423,75,80,-5,5
53424,56,56,0,0
53425,119,129,-10,10
53426,98,92,6,6
53427,171,159,12,12
53428,169,139,30,30
53429,126,124,2,2
53430,194,161,33,33
53431,112,101,11,11
53432,73,70,3,3
53433,106,100,6,6
53434,101,86,15,15
53435,119,105,14,14
53436,96,80,16,16
53437,58,64,-6,6
53438,89,92,-3,3
53439,78,80,-2,2
53440,85,85,0,0
53441,87,83,4,4
53442,70,75,-5,5
53443,50,60,-10,10
53444,51,56,-5,5
53445,91,85,6,6
53446,79,78,1,1
53447,98,94,4,4
53448,117,120,-3,3
53449,94,98,-4,4
53450,141,129,12,12
53451,133,130,3,3
53452,48,52,-4,4
53453,121,113,8,8
53454,90,89,1,1
53455,50,60,-10,10
53456,69,75,-6,6
53457,90,98,-8,8
53458,83,83,0,0
53459,89,98,-9,9
53460,84,81,3,3
53461,72,64,8,8
53462,65,67,-2,2
53463,93,87,6,6
53464,70,64,6,6
53465,68,68,0,0
53466,128,135,-7,7
53467,102,81,21,21
53468,111,111,0,0
53469,54,53,1,1
53470,94,100,-6,6
53471,102,92,10,10
53472,104,97,7,7
53473,90,89,1,1
53474,96,96,0,0
53475,119,129,-10,10
53476,80,82,-2,2
53477,77,73,4,4
53478,228,257,-29,29
53479,134,109,25,25
53480,140,147,-7,7
53481,47,54,-7,7
53482,113,107,6,6
53483,58,57,1,1
53484,34,52,-18,18
53485,46,53,-7,7
53486,68,60,8,8
53487,68,68,0,0
53488,43,53,-10,10
53489,74,80,-6,6
53490,88,87,1,1
53491,130,137,-7,7
53492,112,90,22,22
53493,91,83,8,8
53494,70,69,1,1
53495,137,129,8,8
53496,67,60,7,7
53497,90,78,12,12
53498,137,118,19,19
53499,83,87,-4,4
53500,105,110,-5,5
53501,78,78,0,0
53502,93,75,18,18
53503,88,77,11,11
53504,65,63,2,2
53505,105,94,11,11
53506,131,130,1,1
53507,52,54,-2,2
53508,48,56,-8,8
53509,127,128,-1,1
53510,70,82,-12,12
53511,62,55,7,7
53512,119,116,3,3
53513,75,74,1,1
53514,90,78,12,12
53515,60,69,-9,9
53516,133,123,10,10
53517,86,79,7,7
53518,77,81,-4,4
53519,81,79,2,2
53520,98,97,1,1
53521,101,99,2,2
53522,70,69,1,1
53523,86,77,9,9
53524,111,109,2,2
53525,99,89,10,10
53526,62,61,1,1
53527,111,108,3,3
53528,57,56,1,1
53529,93,91,2,2
53530,77,75,2,2
53531,122,115,7,7
53532,96,97,-1,1
53533,52,54,-2,2
53534,66,58,8,8
53535,102,96,6,6
53536,79,92,-13,13
53537,83,90,-7,7
53538,90,88,2,2
53539,117,106,11,11
53540,87,84,3,3
53541,127,111,16,16
53542,50,57,-7,7
53543,62,62,0,0
53544,63,71,-8,8
53545,80,69,11,11
53546,111,128,-17,17
53547,53,54,-1,1
53548,105,102,3,3
53549,97,84,13,13
53550,48,52,-4,4
53551,66,68,-2,2
53552,113,110,3,3
53553,142,130,12,12
53554,42,52,-10,10
53555,55,53,2,2
53556,111,95,16,16
53557,89,83,6,6
53558,76,87,-11,11
53559,126,112,14,14
53560,103,99,4,4
53561,53,57,-4,4
53562,90,87,3,3
53563,66,56,10,10
53564,60,66,-6,6
53565,49,56,-7,7
53566,230,193,37,37
53567,64,60,4,4
53568,104,101,3,3
53569,82,79,3,3
53570,157,144,13,13
53571,53,56,-3,3
53572,93,96,-3,3
53573,76,70,6,6
53574,61,64,-3,3
53575,100,85,15,15
53576,52,56,-4,4
53577,69,66,3,3
53578,117,113,4,4
53579,124,116,8,8
53580,100,102,-2,2
53581,149,122,27,27
53582,99,96,3,3
53583,120,100,20,20
53584,79,83,-4,4
53585,177,163,14,14
53586,62,62,0,0
53587,99,90,9,9
53588,157,138,19,19
53589,117,118,-1,1
53590,98,91,7,7
53591,68,61,7,7
53592,85,79,6,6
53593,91,96,-5,5
53594,106,92,14,14
53595,129,121,8,8
53596,134,117,17,17
53597,85,82,3,3
53598,122,118,4,4
53599,89,85,4,4
53600,46,53,-7,7
53601,91,92,-1,1
53602,136,128,8,8
53603,52,53,-1,1
53604,98,99,-1,1
53605,98,87,11,11
53606,129,121,8,8
53607,49,54,-5,5
53608,75,67,8,8
53609,70,73,-3,3
53610,102,91,11,11
53611,114,107,7,7
53612,31,52,-21,21
53613,120,108,12,12
53614,108,101,7,7
53615,84,85,-1,1
53616,61,61,0,0
53617,150,145,5,5
53618,52,82,-30,30
53619,44,53,-9,9
53620,71,73,-2,2
53621,62,62,0,0
53622,74,74,0,0
53623,100,96,4,4
53624,83,84,-1,1
53625,82,85,-3,3
53626,149,126,23,23
53627,113,116,-3,3
53628,99,88,11,11
53629,94,92,2,2
53630,77,81,-4,4
53631,116,126,-10,10
53632,154,148,6,6
53633,84,82,2,2
53634,116,98,18,18
53635,169,153,16,16
53636,126,116,10,10
53637,31,52,-21,21
53638,84,81,3,3
53639,81,74,7,7
53640,109,102,7,7
53641,96,95,1,1
53642,78,72,6,6
53643,100,95,5,5
53644,101,94,7,7
53645,63,68,-5,5
53646,118,110,8,8
53647,119,107,12,12
53648,70,64,6,6
53649,82,73,9,9
53650,57,58,-1,1
53651,89,90,-1,1
53652,124,111,13,13
53653,67,66,1,1
53654,87,75,12,12
53655,115,104,11,11
53656,76,69,7,7
53657,63,63,0,0
53658,105,99,6,6
53659,77,71,6,6
53660,124,121,3,3
53661,84,75,9,9
53662,52,55,-3,3
53663,55,57,-2,2
53664,120,107,13,13
53665,206,169,37,37
53666,67,70,-3,3
53667,93,91,2,2
53668,67,65,2,2
53669,71,63,8,8
53670,87,77,10,10
53671,72,64,8,8
53672,108,103,5,5
53673,116,105,11,11
53674,62,55,7,7
53675,61,66,-5,5
53676,57,58,-1,1
53677,100,92,8,8
53678,78,71,7,7
53679,93,92,1,1
53680,102,100,2,2
53681,187,172,15,15
53682,88,77,11,11
53683,100,97,3,3
53684,169,154,15,15
53685,160,161,-1,1
53686,142,132,10,10
53687,146,140,6,6
53688,81,82,-1,1
53689,41,53,-12,12
53690,111,88,23,23
53691,124,112,12,12
53692,114,114,0,0
53693,133,136,-3,3
53694,88,73,15,15
53695,90,79,11,11
53696,76,74,2,2
53697,83,89,-6,6
53698,130,123,7,7
53699,48,59,-11,11
53700,85,95,-10,10
53701,77,73,4,4
53702,130,124,6,6
53703,118,99,19,19
53704,106,99,7,7
53705,67,69,-2,2
53706,111,108,3,3
53707,94,84,10,10
53708,69,66,3,3
53709,76,88,-12,12
53710,96,84,12,12
53711,84,75,9,9
53712,144,112,32,32
53713,66,76,-10,10
53714,86,80,6,6
53715,56,59,-3,3
53716,103,109,-6,6
53717,154,138,16,16
53718,80,73,7,7
53719,89,87,2,2
53720,63,67,-4,4
53721,90,88,2,2
53722,102,85,17,17
53723,132,125,7,7
53724,103,99,4,4
53725,138,128,10,10
53726,107,100,7,7
53727,84,84,0,0
53728,158,139,19,19
53729,143,137,6,6
53730,83,82,1,1
53731,101,91,10,10
53732,42,53,-11,11
53733,156,139,17,17
53734,96,96,0,0
53735,124,125,-1,1
53736,91,89,2,2
53737,139,128,11,11
53738,80,73,7,7
53739,95,85,10,10
53740,95,87,8,8
53741,83,86,-3,3
53742,88,88,0,0
53743,120,116,4,4
53744,79,77,2,2
53745,114,103,11,11
53746,54,57,-3,3
53747,72,75,-3,3
53748,122,106,16,16
53749,125,123,2,2
53750,100,95,5,5
53751,90,95,-5,5
53752,92,86,6,6
53753,85,78,7,7
53754,115,108,7,7
53755,76,66,10,10
53756,94,101,-7,7
53757,128,112,16,16
53758,49,84,-35,35
53759,134,119,15,15
53760,114,111,3,3
53761,75,71,4,4
53762,71,66,5,5
53763,131,125,6,6
53764,110,103,7,7
53765,113,102,11,11
53766,79,86,-7,7
53767,90,85,5,5
53768,112,93,19,19
53769,92,91,1,1
53770,141,129,12,12
53771,46,53,-7,7
53772,103,97,6,6
53773,124,119,5,5
53774,98,91,7,7
53775,106,88,18,18
53776,95,83,12,12
53777,50,54,-4,4
53778,98,89,9,9
53779,127,121,6,6
53780,147,141,6,6
53781,136,124,12,12
53782,68,63,5,5
53783,133,122,11,11
53784,112,107,5,5
53785,73,66,7,7
53786,104,102,2,2
53787,118,111,7,7
53788,84,90,-6,6
53789,66,64,2,2
53790,74,68,6,6
53791,71,59,12,12
53792,122,112,10,10
53793,88,87,1,1
53794,90,91,-1,1
53795,44,54,-10,10
53796,68,79,-11,11
53797,72,77,-5,5
53798,141,129,12,12
53799,84,103,-19,19
53800,120,110,10,10
53801,46,52,-6,6
53802,59,57,2,2
53803,136,124,12,12
53804,47,56,-9,9
53805,57,59,-2,2
53806,64,76,-12,12
53807,114,95,19,19
53808,75,65,10,10
53809,72,73,-1,1
53810,58,54,4,4
53811,70,70,0,0
53812,146,131,15,15
53813,83,94,-11,11
53814,116,128,-12,12
53815,143,138,5,5
53816,118,104,14,14
53817,200,167,33,33
53818,116,99,17,17
53819,124,113,11,11
53820,142,138,4,4
53821,184,152,32,32
53822,137,123,14,14
53823,76,75,1,1
53824,96,90,6,6
53825,52,53,-1,1
53826,91,77,14,14
53827,55,54,1,1
53828,95,82,13,13
53829,59,60,-1,1
53830,145,143,2,2
53831,84,66,18,18
53832,112,112,0,0
53833,63,74,-11,11
53834,60,63,-3,3
53835,134,125,9,9
53836,88,76,12,12
53837,72,73,-1,1
53838,107,112,-5,5
53839,74,72,2,2
53840,94,80,14,14
53841,84,78,6,6
53842,55,76,-21,21
53843,30,52,-22,22
53844,31,53,-22,22
53845,77,80,-3,3
53846,74,70,4,4
53847,99,82,17,17
53848,148,138,10,10
53849,70,74,-4,4
53850,86,77,9,9
53851,124,136,-12,12
53852,144,134,10,10
53853,77,68,9,9
53854,117,104,13,13
53855,78,67,11,11
53856,53,63,-10,10
53857,105,96,9,9
53858,79,66,13,13
53859,127,113,14,14
53860,94,81,13,13
53861,159,151,8,8
53862,90,86,4,4
53863,71,72,-1,1
53864,156,140,16,16
53865,140,134,6,6
53866,57,55,2,2
53867,91,90,1,1
53868,61,59,2,2
53869,91,92,-1,1
53870,54,56,-2,2
53871,78,70,8,8
53872,133,112,21,21
53873,121,107,14,14
53874,151,144,7,7
53875,119,111,8,8
53876,76,106,-30,30
53877,98,92,6,6
53878,97,92,5,5
53879,41,52,-11,11
53880,149,154,-5,5
53881,119,112,7,7
53882,80,78,2,2
53883,67,61,6,6
53884,70,72,-2,2
53885,120,110,10,10
53886,125,121,4,4
53887,76,73,3,3
53888,77,78,-1,1
53889,89,91,-2,2
53890,63,56,7,7
53891,163,148,15,15
53892,51,53,-2,2
53893,68,63,5,5
53894,131,130,1,1
53895,109,102,7,7
53896,61,55,6,6
53897,118,126,-8,8
53898,103,98,5,5
53899,137,112,25,25
53900,93,84,9,9
53901,116,95,21,21
53902,61,63,-2,2
53903,80,81,-1,1
53904,88,85,3,3
53905,121,122,-1,1
53906,63,61,2,2
53907,150,136,14,14
53908,130,120,10,10
53909,112,105,7,7
53910,48,55,-7,7
53911,159,150,9,9
53912,75,67,8,8
53913,66,71,-5,5
53914,75,72,3,3
53915,70,66,4,4
53916,80,70,10,10
53917,95,93,2,2
53918,57,54,3,3
53919,79,69,10,10
53920,69,63,6,6
53921,60,65,-5,5
53922,115,102,13,13
53923,121,96,25,25
53924,71,60,11,11
53925,88,80,8,8
53926,97,93,4,4
53927,56,62,-6,6
53928,107,94,13,13
53929,35,53,-18,18
53930,112,111,1,1
53931,74,75,-1,1
53932,80,79,1,1
53933,89,94,-5,5
53934,81,84,-3,3
53935,142,136,6,6
53936,109,109,0,0
53937,118,101,17,17
53938,93,87,6,6
53939,127,122,5,5
53940,84,83,1,1
53941,135,128,7,7
53942,128,122,6,6
53943,88,78,10,10
53944,77,81,-4,4
53945,73,75,-2,2
53946,92,81,11,11
53947,163,154,9,9
53948,117,107,10,10
53949,186,171,15,15
53950,118,122,-4,4
53951,79,64,15,15
53952,81,81,0,0
53953,114,121,-7,7
53954,83,78,5,5
53955,89,75,14,14
53956,139,137,2,2
53957,85,81,4,4
53958,52,56,-4,4
53959,112,99,13,13
53960,79,77,2,2
53961,90,79,11,11
53962,102,96,6,6
53963,86,83,3,3
53964,83,77,6,6
53965,149,131,18,18
53966,50,55,-5,5
53967,73,68,5,5
53968,66,64,2,2
53969,106,107,-1,1
53970,78,71,7,7
53971,85,82,3,3
53972,97,108,-11,11
53973,50,58,-8,8
53974,126,130,-4,4
53975,83,89,-6,6
53976,98,87,11,11
53977,75,70,5,5
53978,93,87,6,6
53979,143,126,17,17
53980,142,116,26,26
53981,55,62,-7,7
53982,68,66,2,2
53983,61,59,2,2
53984,68,63,5,5
53985,119,99,20,20
53986,85,75,10,10
53987,56,53,3,3
53988,105,107,-2,2
53989,74,71,3,3
53990,61,59,2,2
53991,125,121,4,4
53992,49,53,-4,4
53993,117,118,-1,1
53994,109,108,1,1
53995,108,120,-12,12
53996,153,152,1,1
53997,59,56,3,3
53998,173,152,21,21
53999,90,88,2,2
54000,102,94,8,8
54001,53,56,-3,3
54002,91,96,-5,5
54003,162,124,38,38
54004,129,124,5,5
54005,110,104,6,6
54006,80,70,10,10
54007,94,81,13,13
54008,107,99,8,8
54009,57,60,-3,3
54010,109,104,5,5
54011,73,69,4,4
54012,229,196,33,33
54013,170,159,11,11
54014,70,62,8,8
54015,104,102,2,2
54016,83,76,7,7
54017,101,91,10,10
54018,86,87,-1,1
54019,108,104,4,4
54020,96,92,4,4
54021,80,84,-4,4
54022,68,67,1,1
54023,91,84,7,7
54024,112,110,2,2
54025,122,110,12,12
54026,132,120,12,12
54027,96,94,2,2
54028,81,86,-5,5
54029,80,90,-10,10
54030,101,95,6,6
54031,117,108,9,9
54032,100,93,7,7
54033,83,94,-11,11
54034,93,89,4,4
54035,103,101,2,2
54036,48,62,-14,14
54037,110,103,7,7
54038,128,115,13,13
54039,37,53,-16,16
54040,110,111,-1,1
54041,94,91,3,3
54042,127,136,-9,9
54043,70,64,6,6
54044,112,103,9,9
54045,189,179,10,10
54046,95,98,-3,3
54047,123,122,1,1
54048,152,142,10,10
54049,85,82,3,3
54050,60,62,-2,2
54051,74,65,9,9
54052,89,86,3,3
54053,97,96,1,1
54054,159,138,21,21
54055,90,87,3,3
54056,76,74,2,2
54057,83,92,-9,9
54058,71,76,-5,5
54059,105,90,15,15
54060,102,100,2,2
54061,161,144,17,17
54062,123,106,17,17
54063,85,80,5,5
54064,41,52,-11,11
54065,165,148,17,17
54066,60,84,-24,24
54067,123,120,3,3
54068,59,54,5,5
54069,51,52,-1,1
54070,160,149,11,11
54071,134,142,-8,8
54072,87,90,-3,3
54073,91,87,4,4
54074,52,54,-2,2
54075,111,101,10,10
54076,139,137,2,2
54077,65,69,-4,4
54078,96,92,4,4
54079,92,84,8,8
54080,77,83,-6,6
54081,106,110,-4,4
54082,194,177,17,17
54083,127,117,10,10
54084,121,98,23,23
54085,140,140,0,0
54086,129,122,7,7
54087,59,64,-5,5
54088,82,86,-4,4
54089,59,60,-1,1
54090,98,91,7,7
54091,214,176,38,38
54092,107,102,5,5
54093,122,122,0,0
54094,75,68,7,7
54095,52,54,-2,2
54096,129,118,11,11
54097,59,57,2,2
54098,64,66,-2,2
54099,144,130,14,14
54100,99,94,5,5
54101,156,136,20,20
54102,173,155,18,18
54103,82,78,4,4
54104,145,126,19,19
54105,105,91,14,14
54106,102,108,-6,6
54107,69,64,5,5
54108,51,59,-8,8
54109,44,54,-10,10
54110,30,53,-23,23
54111,118,101,17,17
54112,85,77,8,8
54113,70,68,2,2
54114,61,72,-11,11
54115,69,65,4,4
54116,81,77,4,4
54117,68,59,9,9
54118,149,138,11,11
54119,47,61,-14,14
54120,53,57,-4,4
54121,143,133,10,10
54122,91,97,-6,6
54123,93,89,4,4
54124,45,54,-9,9
54125,122,114,8,8
54126,112,101,11,11
54127,165,140,25,25
54128,57,60,-3,3
54129,101,99,2,2
54130,54,59,-5,5
54131,55,55,0,0
54132,74,68,6,6
54133,95,90,5,5
54134,58,84,-26,26
54135,114,120,-6,6
54136,73,88,-15,15
54137,81,74,7,7
54138,63,58,5,5
54139,139,139,0,0
54140,96,91,5,5
54141,111,104,7,7
54142,157,141,16,16
54143,167,156,11,11
54144,166,134,32,32
54145,115,113,2,2
54146,80,75,5,5
54147,166,135,31,31
54148,89,84,5,5
54149,69,61,8,8
54150,34,53,-19,19
54151,92,87,5,5
54152,81,84,-3,3
54153,131,130,1,1
54154,65,66,-1,1
54155,107,103,4,4
54156,61,63,-2,2
54157,77,79,-2,2
54158,92,92,0,0
54159,175,167,8,8
54160,154,147,7,7
54161,101,98,3,3
54162,96,87,9,9
54163,82,76,6,6
54164,72,68,4,4
54165,60,61,-1,1
54166,137,118,19,19
54167,44,54,-10,10
54168,77,67,10,10
54169,111,104,7,7
54170,41,54,-13,13
54171,119,105,14,14
54172,83,83,0,0
54173,108,98,10,10
54174,128,108,20,20
54175,76,89,-13,13
54176,41,58,-17,17
54177,79,78,1,1
54178,175,159,16,16
54179,115,103,12,12
54180,87,93,-6,6
54181,136,119,17,17
54182,76,71,5,5
54183,107,112,-5,5
54184,86,89,-3,3
54185,118,102,16,16
54186,98,90,8,8
54187,73,66,7,7
54188,176,157,19,19
54189,110,94,16,16
54190,73,69,4,4
54191,73,74,-1,1
54192,109,114,-5,5
54193,96,100,-4,4
54194,128,112,16,16
54195,65,60,5,5
54196,81,85,-4,4
54197,76,74,2,2
54198,81,86,-5,5
54199,55,52,3,3
54200,93,88,5,5
54201,138,138,0,0
54202,127,114,13,13
54203,110,88,22,22
54204,97,86,11,11
54205,106,112,-6,6
54206,70,73,-3,3
54207,84,95,-11,11
54208,103,96,7,7
54209,109,94,15,15
54210,82,75,7,7
54211,82,80,2,2
54212,75,68,7,7
54213,96,90,6,6
54214,74,73,1,1
54215,50,55,-5,5
54216,80,72,8,8
54217,129,132,-3,3
54218,127,123,4,4
54219,101,104,-3,3
54220,94,85,9,9
54221,80,79,1,1
54222,51,55,-4,4
54223,98,94,4,4
54224,93,93,0,0
54225,138,132,6,6
54226,127,112,15,15
54227,115,104,11,11
54228,57,57,0,0
54229,62,62,0,0
54230,125,124,1,1
54231,74,81,-7,7
54232,104,91,13,13
54233,112,109,3,3
54234,101,92,9,9
54235,81,70,11,11
54236,58,60,-2,2
54237,98,82,16,16
54238,60,57,3,3
54239,60,60,0,0
54240,119,105,14,14
54241,92,82,10,10
54242,79,81,-2,2
54243,72,71,1,1
54244,59,63,-4,4
54245,53,55,-2,2
54246,133,123,10,10
54247,81,87,-6,6
54248,167,147,20,20
54249,110,100,10,10
54250,62,61,1,1
54251,77,72,5,5
54252,81,88,-7,7
54253,108,88,20,20
54254,107,96,11,11
54255,56,58,-2,2
54256,74,71,3,3
54257,55,69,-14,14
54258,41,52,-11,11
54259,95,86,9,9
54260,80,80,0,0
54261,107,102,5,5
54262,89,88,1,1
54263,69,63,6,6
54264,89,79,10,10
54265,125,111,14,14
54266,139,138,1,1
54267,63,63,0,0
54268,79,85,-6,6
54269,111,113,-2,2
54270,80,79,1,1
54271,89,92,-3,3
54272,65,60,5,5
54273,139,123,16,16
54274,105,99,6,6
54275,59,58,1,1
54276,108,93,15,15
54277,71,72,-1,1
54278,57,63,-6,6
54279,65,61,4,4
54280,66,60,6,6
54281,171,163,8,8
54282,69,89,-20,20
54283,137,118,19,19
54284,62,62,0,0
54285,92,85,7,7
54286,87,79,8,8
54287,131,121,10,10
54288,160,157,3,3
54289,78,78,0,0
54290,82,89,-7,7
54291,152,158,-6,6
54292,34,52,-18,18
54293,80,88,-8,8
54294,201,182,19,19
54295,89,86,3,3
54296,88,90,-2,2
54297,137,126,11,11
54298,58,57,1,1
54299,87,96,-9,9
54300,106,104,2,2
54301,67,65,2,2
54302,57,53,4,4
54303,83,72,11,11
54304,105,88,17,17
54305,187,155,32,32
54306,92,87,5,5
54307,43,53,-10,10
54308,130,129,1,1
54309,103,95,8,8
54310,79,74,5,5
54311,176,158,18,18
54312,120,104,16,16
54313,75,72,3,3
54314,75,66,9,9
54315,77,70,7,7
54316,87,81,6,6
54317,49,60,-11,11
54318,164,133,31,31
54319,142,125,17,17
54320,136,128,8,8
54321,51,56,-5,5
54322,79,78,1,1
54323,173,157,16,16
54324,118,110,8,8
54325,75,71,4,4
54326,87,89,-2,2
54327,66,63,3,3
54328,67,66,1,1
54329,124,114,10,10
54330,62,61,1,1
54331,88,89,-1,1
54332,87,81,6,6
54333,125,122,3,3
54334,107,82,25,25
54335,65,60,5,5
54336,50,57,-7,7
54337,80,72,8,8
54338,166,152,14,14
54339,142,131,11,11
54340,171,154,17,17
54341,57,59,-2,2
54342,87,84,3,3
54343,106,97,9,9
54344,95,99,-4,4
54345,108,95,13,13
54346,105,93,12,12
54347,112,106,6,6
54348,101,82,19,19
54349,89,82,7,7
54350,49,55,-6,6
54351,84,80,4,4
54352,101,98,3,3
54353,66,64,2,2
54354,83,74,9,9
54355,58,58,0,0
54356,85,88,-3,3
54357,91,108,-17,17
54358,53,64,-11,11
54359,94,92,2,2
54360,97,79,18,18
54361,76,72,4,4
54362,45,59,-14,14
54363,49,54,-5,5
54364,150,143,7,7
54365,104,92,12,12
54366,111,114,-3,3
54367,68,61,7,7
54368,93,95,-2,2
54369,100,97,3,3
54370,107,102,5,5
54371,121,118,3,3
54372,60,65,-5,5
54373,134,131,3,3
54374,127,119,8,8
54375,76,73,3,3
54376,122,107,15,15
54377,71,66,5,5
54378,73,76,-3,3
54379,74,67,7,7
54380,133,125,8,8
54381,78,67,11,11
54382,60,72,-12,12
54383,112,123,-11,11
54384,87,89,-2,2
54385,105,94,11,11
54386,62,64,-2,2
54387,76,72,4,4
54388,124,110,14,14
54389,108,111,-3,3
54390,63,59,4,4
54391,192,168,24,24
54392,63,72,-9,9
54393,94,91,3,3
54394,76,94,-18,18
54395,153,140,13,13
54396,145,132,13,13
54397,118,119,-1,1
54398,144,144,0,0
54399,80,84,-4,4
54400,81,73,8,8
54401,167,145,22,22
54402,112,84,28,28
54403,87,90,-3,3
54404,114,81,33,33
54405,96,97,-1,1
54406,72,71,1,1
54407,148,142,6,6
54408,105,102,3,3
54409,138,139,-1,1
54410,80,78,2,2
54411,79,81,-2,2
54412,92,82,10,10
54413,104,106,-2,2
54414,60,71,-11,11
54415,179,158,21,21
54416,86,80,6,6
54417,32,62,-30,30
54418,134,106,28,28
54419,71,68,3,3
54420,93,89,4,4
54421,112,105,7,7
54422,117,110,7,7
54423,112,105,7,7
54424,83,82,1,1
54425,111,108,3,3
54426,143,136,7,7
54427,84,90,-6,6
54428,58,61,-3,3
54429,78,77,1,1
54430,116,103,13,13
54431,120,104,16,16
54432,102,89,13,13
54433,155,88,67,67
54434,106,103,3,3
54435,79,67,12,12
54436,111,115,-4,4
54437,72,68,4,4
54438,59,57,2,2
54439,139,136,3,3
54440,119,110,9,9
54441,100,90,10,10
54442,59,71,-12,12
54443,67,72,-5,5
54444,149,146,3,3
54445,74,70,4,4
54446,96,95,1,1
54447,196,183,13,13
54448,144,138,6,6
54449,101,89,12,12
54450,80,90,-10,10
54451,76,82,-6,6
54452,96,96,0,0
54453,112,102,10,10
54454,73,90,-17,17
54455,126,118,8,8
54456,92,85,7,7
54457,125,125,0,0
54458,64,68,-4,4
54459,146,134,12,12
54460,77,94,-17,17
54461,148,138,10,10
54462,126,116,10,10
54463,95,97,-2,2
54464,58,54,4,4
54465,146,128,18,18
54466,148,128,20,20
54467,104,102,2,2
54468,129,112,17,17
54469,60,55,5,5
54470,83,78,5,5
54471,67,57,10,10
54472,132,119,13,13
54473,82,85,-3,3
54474,34,58,-24,24
54475,76,85,-9,9
54476,116,116,0,0
54477,119,120,-1,1
54478,96,97,-1,1
54479,138,123,15,15
54480,80,77,3,3
54481,109,111,-2,2
54482,103,95,8,8
54483,57,60,-3,3
54484,41,52,-11,11
54485,121,113,8,8
54486,87,76,11,11
54487,125,116,9,9
54488,82,89,-7,7
54489,36,51,-15,15
54490,63,61,2,2
54491,112,108,4,4
54492,90,80,10,10
54493,110,115,-5,5
54494,184,156,28,28
54495,97,95,2,2
54496,64,68,-4,4
54497,115,103,12,12
54498,85,78,7,7
54499,60,61,-1,1
54500,68,73,-5,5
54501,118,110,8,8
54502,56,67,-11,11
54503,49,61,-12,12
54504,92,95,-3,3
54505,62,61,1,1
54506,131,114,17,17
54507,125,120,5,5
54508,146,141,5,5
54509,78,78,0,0
54510,69,66,3,3
54511,76,68,8,8
54512,66,67,-1,1
54513,71,71,0,0
54514,97,98,-1,1
54515,264,234,30,30
54516,38,52,-14,14
54517,134,135,-1,1
54518,70,63,7,7
54519,67,65,2,2
54520,128,119,9,9
54521,138,100,38,38
54522,101,110,-9,9
54523,76,72,4,4
54524,42,53,-11,11
54525,138,119,19,19
54526,126,117,9,9
54527,80,75,5,5
54528,61,59,2,2
54529,105,86,19,19
54530,113,108,5,5
54531,96,95,1,1
54532,97,93,4,4
54533,74,82,-8,8
54534,129,125,4,4
54535,83,74,9,9
54536,87,81,6,6
54537,72,66,6,6
54538,120,109,11,11
54539,95,113,-18,18
54540,62,62,0,0
54541,54,58,-4,4
54542,80,81,-1,1
54543,109,98,11,11
54544,90,82,8,8
54545,30,51,-21,21
54546,103,96,7,7
54547,91,99,-8,8
54548,92,80,12,12
54549,79,83,-4,4
54550,120,116,4,4
54551,131,120,11,11
54552,91,88,3,3
54553,64,62,2,2
54554,106,102,4,4
54555,81,78,3,3
54556,86,78,8,8
54557,190,181,9,9
54558,80,72,8,8
54559,108,111,-3,3
54560,136,137,-1,1
54561,84,80,4,4
54562,122,119,3,3
54563,80,72,8,8
54564,80,72,8,8
54565,143,131,12,12
54566,31,54,-23,23
54567,96,89,7,7
54568,74,63,11,11
54569,130,120,10,10
54570,99,92,7,7
54571,90,95,-5,5
54572,89,77,12,12
54573,122,101,21,21
54574,116,111,5,5
54575,111,112,-1,1
54576,129,116,13,13
54577,97,95,2,2
54578,122,102,20,20
54579,94,115,-21,21
54580,78,79,-1,1
54581,101,93,8,8
54582,77,80,-3,3
54583,99,101,-2,2
54584,91,103,-12,12
54585,74,70,4,4
54586,120,115,5,5
54587,109,94,15,15
54588,54,60,-6,6
54589,105,93,12,12
54590,140,141,-1,1
54591,175,159,16,16
54592,103,89,14,14
54593,80,80,0,0
54594,71,75,-4,4
54595,101,93,8,8
54596,91,90,1,1
54597,75,80,-5,5
54598,51,54,-3,3
54599,59,59,0,0
54600,108,99,9,9
54601,198,170,28,28
54602,48,52,-4,4
54603,117,109,8,8
54604,44,52,-8,8
54605,105,103,2,2
54606,78,79,-1,1
54607,92,98,-6,6
54608,89,84,5,5
54609,68,62,6,6
54610,50,62,-12,12
54611,83,71,12,12
54612,71,68,3,3
54613,96,114,-18,18
54614,146,133,13,13
54615,134,104,30,30
54616,73,97,-24,24
54617,84,104,-20,20
54618,86,89,-3,3
54619,152,136,16,16
54620,59,58,1,1
54621,183,164,19,19
54622,50,55,-5,5
54623,83,79,4,4
54624,103,92,11,11
54625,63,59,4,4
54626,58,60,-2,2
54627,79,71,8,8
54628,65,83,-18,18
54629,50,58,-8,8
54630,89,78,11,11
54631,132,114,18,18
54632,91,96,-5,5
54633,79,81,-2,2
54634,89,77,12,12
54635,117,116,1,1
54636,89,76,13,13
54637,109,109,0,0
54638,124,115,9,9
54639,97,90,7,7
54640,131,127,4,4
54641,86,83,3,3
54642,77,74,3,3
54643,96,95,1,1
54644,94,88,6,6
54645,74,70,4,4
54646,129,122,7,7
54647,104,96,8,8
54648,113,116,-3,3
54649,99,94,5,5
54650,63,54,9,9
54651,95,89,6,6
54652,68,77,-9,9
54653,194,153,41,41
54654,99,105,-6,6
54655,123,131,-8,8
54656,119,113,6,6
54657,108,94,14,14
54658,66,79,-13,13
54659,60,64,-4,4
54660,58,62,-4,4
54661,183,164,19,19
54662,190,174,16,16
54663,165,139,26,26
54664,80,86,-6,6
54665,166,149,17,17
54666,123,124,-1,1
54667,131,128,3,3
54668,62,68,-6,6
54669,83,71,12,12
54670,125,109,16,16
54671,103,107,-4,4
54672,101,102,-1,1
54673,95,87,8,8
54674,59,62,-3,3
54675,107,97,10,10
54676,79,65,14,14
54677,87,75,12,12
54678,84,87,-3,3
54679,67,67,0,0
54680,75,72,3,3
54681,85,77,8,8
54682,89,78,11,11
54683,105,114,-9,9
54684,71,71,0,0
54685,150,130,20,20
54686,59,60,-1,1
54687,86,81,5,5
54688,85,83,2,2
54689,110,107,3,3
54690,76,67,9,9
54691,100,93,7,7
54692,109,94,15,15
54693,110,108,2,2
54694,97,106,-9,9
54695,109,106,3,3
54696,188,167,21,21
54697,52,55,-3,3
54698,56,60,-4,4
54699,87,84,3,3
54700,72,67,5,5
54701,171,158,13,13
54702,109,100,9,9
54703,86,86,0,0
54704,140,128,12,12
54705,113,104,9,9
54706,89,87,2,2
54707,102,95,7,7
54708,82,77,5,5
54709,87,80,7,7
54710,85,81,4,4
54711,150,134,16,16
54712,151,131,20,20
54713,65,74,-9,9
54714,150,138,12,12
54715,102,96,6,6
54716,88,82,6,6
54717,108,104,4,4
54718,38,55,-17,17
54719,123,119,4,4
54720,92,79,13,13
54721,120,111,9,9
54722,108,98,10,10
54723,72,64,8,8
54724,62,58,4,4
54725,105,101,4,4
54726,71,83,-12,12
54727,99,82,17,17
54728,88,83,5,5
54729,79,82,-3,3
54730,86,84,2,2
54731,116,101,15,15
54732,74,77,-3,3
54733,93,92,1,1
54734,198,163,35,35
54735,96,91,5,5
54736,78,70,8,8
54737,57,54,3,3
54738,45,54,-9,9
54739,140,132,8,8
54740,76,71,5,5
54741,88,87,1,1
54742,127,122,5,5
54743,50,55,-5,5
54744,101,106,-5,5
54745,71,73,-2,2
54746,141,123,18,18
54747,110,114,-4,4
54748,144,122,22,22
54749,114,119,-5,5
54750,66,59,7,7
54751,90,92,-2,2
54752,83,77,6,6
54753,143,127,16,16
54754,81,76,5,5
54755,41,54,-13,13
54756,165,153,12,12
54757,92,96,-4,4
54758,43,66,-23,23
54759,84,73,11,11
54760,58,70,-12,12
54761,74,65,9,9
54762,102,79,23,23
54763,62,72,-10,10
54764,115,104,11,11
54765,93,96,-3,3
54766,155,133,22,22
54767,173,168,5,5
54768,145,135,10,10
54769,75,75,0,0
54770,116,104,12,12
54771,114,116,-2,2
54772,115,115,0,0
54773,123,115,8,8
54774,86,95,-9,9
54775,95,86,9,9
54776,59,59,0,0
54777,123,119,4,4
54778,111,108,3,3
54779,109,120,-11,11
54780,92,85,7,7
54781,118,124,-6,6
54782,42,52,-10,10
54783,65,64,1,1
54784,74,71,3,3
54785,144,143,1,1
54786,139,123,16,16
54787,71,74,-3,3
54788,66,60,6,6
54789,81,80,1,1
54790,103,106,-3,3
54791,65,59,6,6
54792,137,142,-5,5
54793,86,88,-2,2
54794,64,54,10,10
54795,96,96,0,0
54796,76,83,-7,7
54797,56,56,0,0
54798,59,61,-2,2
54799,70,69,1,1
54800,79,71,8,8
54801,92,83,9,9
54802,64,71,-7,7
54803,141,138,3,3
54804,111,108,3,3
54805,123,103,20,20
54806,55,59,-4,4
54807,58,56,2,2
54808,105,85,20,20
54809,124,106,18,18
54810,76,69,7,7
54811,72,82,-10,10
54812,68,73,-5,5
54813,39,53,-14,14
54814,83,73,10,10
54815,90,85,5,5
54816,84,67,17,17
54817,131,114,17,17
54818,100,91,9,9
54819,68,69,-1,1
54820,199,168,31,31
54821,111,105,6,6
54822,63,58,5,5
54823,112,109,3,3
54824,58,59,-1,1
54825,167,155,12,12
54826,167,150,17,17
54827,204,179,25,25
54828,88,86,2,2
54829,112,114,-2,2
54830,109,106,3,3
54831,74,62,12,12
54832,118,116,2,2
54833,114,111,3,3
54834,52,55,-3,3
54835,79,75,4,4
54836,63,58,5,5
54837,34,51,-17,17
54838,75,74,1,1
54839,66,63,3,3
54840,165,162,3,3
54841,140,102,38,38
54842,68,69,-1,1
54843,119,106,13,13
54844,109,105,4,4
54845,79,74,5,5
54846,96,81,15,15
54847,96,89,7,7
54848,58,55,3,3
54849,99,95,4,4
54850,68,70,-2,2
54851,61,62,-1,1
54852,89,90,-1,1
54853,135,120,15,15
54854,60,63,-3,3
54855,92,90,2,2
54856,84,75,9,9
54857,84,87,-3,3
54858,94,89,5,5
54859,101,107,-6,6
54860,119,111,8,8
54861,139,142,-3,3
54862,84,80,4,4
54863,204,154,50,50
54864,97,93,4,4
54865,79,82,-3,3
54866,101,100,1,1
54867,86,80,6,6
54868,84,72,12,12
54869,67,66,1,1
54870,98,98,0,0
54871,79,77,2,2
54872,90,76,14,14
54873,62,63,-1,1
54874,65,64,1,1
54875,62,67,-5,5
54876,41,51,-10,10
54877,140,123,17,17
54878,167,147,20,20
54879,129,125,4,4
54880,170,179,-9,9
54881,76,75,1,1
54882,88,82,6,6
54883,57,57,0,0
54884,55,56,-1,1
54885,81,75,6,6
54886,142,127,15,15
54887,118,106,12,12
54888,66,60,6,6
54889,61,68,-7,7
54890,97,95,2,2
54891,88,82,6,6
54892,101,98,3,3
54893,64,70,-6,6
54894,116,108,8,8
54895,90,82,8,8
54896,87,94,-7,7
54897,98,86,12,12
54898,111,107,4,4
54899,67,62,5,5
54900,51,55,-4,4
54901,123,119,4,4
54902,59,61,-2,2
54903,67,64,3,3
54904,48,55,-7,7
54905,52,64,-12,12
54906,180,175,5,5
54907,61,63,-2,2
54908,162,145,17,17
54909,76,75,1,1
54910,57,56,1,1
54911,90,83,7,7
54912,55,62,-7,7
54913,103,105,-2,2
54914,72,76,-4,4
54915,70,61,9,9
54916,154,133,21,21
54917,113,109,4,4
54918,108,95,13,13
54919,50,62,-12,12
54920,45,61,-16,16
54921,71,59,12,12
54922,132,121,11,11
54923,164,148,16,16
54924,100,99,1,1
54925,46,54,-8,8
54926,85,78,7,7
54927,88,80,8,8
54928,107,109,-2,2
54929,84,78,6,6
54930,48,54,-6,6
54931,98,95,3,3
54932,154,140,14,14
54933,115,110,5,5
54934,69,69,0,0
54935,47,55,-8,8
54936,79,66,13,13
54937,74,66,8,8
54938,77,79,-2,2
54939,52,58,-6,6
54940,146,135,11,11
54941,74,80,-6,6
54942,122,113,9,9
54943,83,104,-21,21
54944,134,105,29,29
54945,113,112,1,1
54946,113,105,8,8
54947,100,110,-10,10
54948,77,71,6,6
54949,91,83,8,8
54950,112,140,-28,28
54951,109,96,13,13
54952,97,86,11,11
54953,156,146,10,10
54954,128,115,13,13
54955,88,86,2,2
54956,68,67,1,1
54957,69,70,-1,1
54958,137,130,7,7
54959,68,77,-9,9
54960,65,63,2,2
54961,93,85,8,8
54962,58,55,3,3
54963,55,59,-4,4
54964,121,111,10,10
54965,133,128,5,5
54966,50,55,-5,5
54967,228,199,29,29
54968,101,90,11,11
54969,51,54,-3,3
54970,89,84,5,5
54971,63,72,-9,9
54972,70,75,-5,5
54973,41,52,-11,11
54974,114,107,7,7
54975,65,69,-4,4
54976,83,84,-1,1
54977,61,56,5,5
54978,68,69,-1,1
54979,107,104,3,3
54980,70,138,-68,68
54981,122,105,17,17
54982,44,54,-10,10
54983,138,135,3,3
54984,178,169,9,9
54985,94,87,7,7
54986,107,91,16,16
54987,63,61,2,2
54988,84,90,-6,6
54989,124,110,14,14
54990,68,80,-12,12
54991,78,78,0,0
54992,177,160,17,17
54993,49,58,-9,9
54994,60,61,-1,1
54995,63,71,-8,8
54996,39,62,-23,23
54997,88,86,2,2
54998,150,140,10,10
54999,105,99,6,6
55000,88,81,7,7
55001,58,60,-2,2
55002,47,54,-7,7
55003,135,117,18,18
55004,101,94,7,7
55005,61,61,0,0
55006,114,96,18,18
55007,75,72,3,3
55008,88,77,11,11
55009,69,65,4,4
55010,95,84,11,11
55011,120,132,-12,12
55012,148,155,-7,7
55013,80,75,5,5
55014,54,54,0,0
55015,85,82,3,3
55016,123,90,33,33
55017,101,100,1,1
55018,108,109,-1,1
55019,62,64,-2,2
55020,68,81,-13,13
55021,55,57,-2,2
55022,103,103,0,0
55023,115,104,11,11
55024,94,85,9,9
55025,77,73,4,4
55026,146,129,17,17
55027,62,65,-3,3
55028,57,58,-1,1
55029,204,175,29,29
55030,52,64,-12,12
55031,111,126,-15,15
55032,67,61,6,6
55033,116,106,10,10
55034,168,161,7,7
55035,47,52,-5,5
55036,75,69,6,6
55037,92,83,9,9
55038,139,136,3,3
55039,130,135,-5,5
55040,118,105,13,13
55041,72,73,-1,1
55042,90,94,-4,4
55043,104,79,25,25
55044,99,101,-2,2
55045,98,93,5,5
55046,84,84,0,0
55047,106,88,18,18
55048,69,64,5,5
55049,72,75,-3,3
55050,86,83,3,3
55051,122,108,14,14
55052,103,86,17,17
55053,113,111,2,2
55054,70,58,12,12
55055,73,87,-14,14
55056,79,73,6,6
55057,102,90,12,12
55058,79,78,1,1
55059,67,63,4,4
55060,61,58,3,3
55061,78,82,-4,4
55062,83,76,7,7
55063,91,80,11,11
55064,49,56,-7,7
55065,64,63,1,1
55066,76,76,0,0
55067,155,146,9,9
55068,90,85,5,5
55069,78,107,-29,29
55070,67,72,-5,5
55071,112,104,8,8
55072,90,85,5,5
55073,98,98,0,0
55074,93,89,4,4
55075,103,103,0,0
55076,64,65,-1,1
55077,94,96,-2,2
55078,58,59,-1,1
55079,76,79,-3,3
55080,153,140,13,13
55081,96,83,13,13
55082,151,143,8,8
55083,60,66,-6,6
55084,87,77,10,10
55085,30,52,-22,22
55086,83,71,12,12
55087,107,113,-6,6
55088,114,103,11,11
55089,74,71,3,3
55090,99,108,-9,9
55091,120,114,6,6
55092,89,84,5,5
55093,215,188,27,27
55094,53,57,-4,4
55095,74,72,2,2
55096,112,103,9,9
55097,76,77,-1,1
55098,69,65,4,4
55099,146,129,17,17
55100,92,86,6,6
55101,72,69,3,3
55102,184,170,14,14
55103,50,53,-3,3
55104,82,75,7,7
55105,90,84,6,6
55106,152,135,17,17
55107,41,56,-15,15
55108,149,135,14,14
55109,83,77,6,6
55110,45,58,-13,13
55111,225,193,32,32
55112,169,149,20,20
55113,44,53,-9,9
55114,118,116,2,2
55115,108,99,9,9
55116,125,112,13,13
55117,124,121,3,3
55118,65,80,-15,15
55119,164,145,19,19
55120,138,129,9,9
55121,87,86,1,1
55122,51,55,-4,4
55123,98,101,-3,3
55124,64,62,2,2
55125,63,68,-5,5
55126,101,99,2,2
55127,90,79,11,11
55128,104,91,13,13
55129,140,128,12,12
55130,121,106,15,15
55131,107,102,5,5
55132,85,85,0,0
55133,116,110,6,6
55134,55,60,-5,5
55135,74,80,-6,6
55136,178,138,40,40
55137,134,112,22,22
55138,62,61,1,1
55139,113,104,9,9
55140,75,67,8,8
55141,84,79,5,5
55142,88,75,13,13
55143,68,77,-9,9
55144,46,53,-7,7
55145,150,158,-8,8
55146,99,80,19,19
55147,108,100,8,8
55148,118,79,39,39
55149,48,58,-10,10
55150,104,88,16,16
55151,73,60,13,13
55152,109,97,12,12
55153,62,61,1,1
55154,91,75,16,16
55155,119,112,7,7
55156,157,142,15,15
55157,117,108,9,9
55158,60,62,-2,2
55159,90,86,4,4
55160,102,96,6,6
55161,100,88,12,12
55162,99,94,5,5
55163,108,92,16,16
55164,90,81,9,9
55165,120,114,6,6
55166,97,91,6,6
55167,78,76,2,2
55168,105,101,4,4
55169,160,144,16,16
55170,143,129,14,14
55171,112,111,1,1
55172,152,140,12,12
55173,153,137,16,16
55174,65,61,4,4
55175,66,70,-4,4
55176,63,65,-2,2
55177,55,78,-23,23
55178,75,70,5,5
55179,91,81,10,10
55180,81,75,6,6
55181,138,124,14,14
55182,120,108,12,12
55183,86,80,6,6
55184,75,72,3,3
55185,15,50,-35,35
55186,71,67,4,4
55187,158,144,14,14
55188,102,86,16,16
55189,58,57,1,1
55190,54,56,-2,2
55191,77,84,-7,7
55192,82,75,7,7
55193,69,66,3,3
55194,92,94,-2,2
55195,132,132,0,0
55196,109,104,5,5
55197,192,168,24,24
55198,62,58,4,4
55199,41,53,-12,12
55200,120,111,9,9
55201,82,79,3,3
55202,116,107,9,9
55203,44,55,-11,11
55204,87,79,8,8
55205,63,71,-8,8
55206,75,77,-2,2
55207,106,96,10,10
55208,198,180,18,18
55209,87,75,12,12
55210,45,53,-8,8
55211,95,89,6,6
55212,128,117,11,11
55213,72,69,3,3
55214,80,83,-3,3
55215,144,143,1,1
55216,83,74,9,9
55217,138,132,6,6
55218,107,94,13,13
55219,42,54,-12,12
55220,105,101,4,4
55221,129,116,13,13
55222,78,77,1,1
55223,157,135,22,22
55224,135,125,10,10
55225,38,52,-14,14
55226,174,154,20,20
55227,83,80,3,3
55228,79,71,8,8
55229,172,159,13,13
55230,76,60,16,16
55231,106,82,24,24
55232,102,104,-2,2
55233,60,66,-6,6
55234,160,140,20,20
55235,58,57,1,1
55236,66,68,-2,2
55237,93,85,8,8
55238,97,87,10,10
55239,99,102,-3,3
55240,232,213,19,19
55241,111,100,11,11
55242,57,64,-7,7
55243,92,100,-8,8
55244,70,62,8,8
55245,58,66,-8,8
55246,58,54,4,4
55247,80,80,0,0
55248,119,104,15,15
55249,111,99,12,12
55250,73,71,2,2
55251,72,65,7,7
55252,98,88,10,10
55253,114,117,-3,3
55254,115,102,13,13
55255,180,58,122,122
55256,137,141,-4,4
55257,106,88,18,18
55258,116,113,3,3
55259,161,145,16,16
55260,53,56,-3,3
55261,160,142,18,18
55262,105,104,1,1
55263,85,82,3,3
55264,137,132,5,5
55265,78,79,-1,1
55266,152,149,3,3
55267,107,100,7,7
55268,61,62,-1,1
55269,113,96,17,17
55270,145,136,9,9
55271,125,113,12,12
55272,63,61,2,2
55273,83,83,0,0
55274,139,117,22,22
55275,79,72,7,7
55276,136,129,7,7
55277,77,75,2,2
55278,101,86,15,15
55279,54,60,-6,6
55280,103,100,3,3
55281,84,80,4,4
55282,62,62,0,0
55283,149,146,3,3
55284,52,54,-2,2
55285,143,135,8,8
55286,185,162,23,23
55287,121,108,13,13
55288,93,103,-10,10
55289,89,85,4,4
55290,71,68,3,3
55291,96,86,10,10
55292,92,77,15,15
55293,132,121,11,11
55294,110,109,1,1
55295,81,79,2,2
55296,138,128,10,10
55297,121,123,-2,2
55298,136,122,14,14
55299,108,113,-5,5
55300,102,97,5,5
55301,107,113,-6,6
55302,123,114,9,9
55303,78,72,6,6
55304,123,126,-3,3
55305,191,159,32,32
55306,83,73,10,10
55307,66,66,0,0
55308,147,132,15,15
55309,75,66,9,9
55310,142,142,0,0
55311,54,57,-3,3
55312,79,81,-2,2
55313,65,55,10,10
55314,69,69,0,0
55315,92,87,5,5
55316,116,89,27,27
55317,138,107,31,31
55318,60,62,-2,2
55319,113,107,6,6
55320,107,102,5,5
55321,71,79,-8,8
55322,87,80,7,7
55323,66,69,-3,3
55324,115,113,2,2
55325,88,85,3,3
55326,59,67,-8,8
55327,109,99,10,10
55328,101,97,4,4
55329,99,85,14,14
55330,84,79,5,5
55331,79,72,7,7
55332,144,121,23,23
55333,74,78,-4,4
55334,67,70,-3,3
55335,79,79,0,0
55336,69,67,2,2
55337,64,67,-3,3
55338,74,65,9,9
55339,122,141,-19,19
55340,88,90,-2,2
55341,85,96,-11,11
55342,135,141,-6,6
55343,150,131,19,19
55344,120,111,9,9
55345,85,79,6,6
55346,87,88,-1,1
55347,69,73,-4,4
55348,136,118,18,18
55349,139,112,27,27
55350,81,80,1,1
55351,88,88,0,0
55352,117,111,6,6
55353,127,132,-5,5
55354,83,82,1,1
55355,53,56,-3,3
55356,41,52,-11,11
55357,97,95,2,2
55358,169,154,15,15
55359,112,98,14,14
55360,38,52,-14,14
55361,84,79,5,5
55362,67,67,0,0
55363,92,83,9,9
55364,110,102,8,8
55365,88,94,-6,6
55366,78,72,6,6
55367,84,87,-3,3
55368,69,69,0,0
55369,99,92,7,7
55370,101,109,-8,8
55371,86,81,5,5
55372,102,103,-1,1
55373,60,62,-2,2
55374,54,54,0,0
55375,111,117,-6,6
55376,138,125,13,13
55377,82,71,11,11
55378,96,106,-10,10
55379,62,65,-3,3
55380,161,150,11,11
55381,73,72,1,1
55382,92,86,6,6
55383,115,111,4,4
55384,150,138,12,12
55385,78,78,0,0
55386,93,86,7,7
55387,80,74,6,6
55388,88,92,-4,4
55389,89,85,4,4
55390,107,103,4,4
55391,76,66,10,10
55392,115,117,-2,2
55393,96,93,3,3
55394,119,111,8,8
55395,56,58,-2,2
55396,100,114,-14,14
55397,101,90,11,11
55398,89,79,10,10
55399,75,78,-3,3
55400,106,99,7,7
55401,68,67,1,1
55402,69,61,8,8
55403,83,75,8,8
55404,85,89,-4,4
55405,130,123,7,7
55406,64,62,2,2
55407,44,55,-11,11
55408,83,73,10,10
55409,54,89,-35,35
55410,130,110,20,20
55411,91,91,0,0
55412,59,76,-17,17
55413,109,91,18,18
55414,145,137,8,8
55415,65,60,5,5
55416,50,52,-2,2
55417,147,129,18,18
55418,90,91,-1,1
55419,143,138,5,5
55420,97,92,5,5
55421,111,104,7,7
55422,63,61,2,2
55423,70,83,-13,13
55424,109,91,18,18
55425,108,113,-5,5
55426,149,137,12,12
55427,98,92,6,6
55428,137,127,10,10
55429,45,54,-9,9
55430,95,88,7,7
55431,59,71,-12,12
55432,71,64,7,7
55433,117,115,2,2
55434,73,73,0,0
55435,80,78,2,2
55436,168,138,30,30
55437,149,146,3,3
55438,53,52,1,1
55439,65,69,-4,4
55440,160,138,22,22
55441,83,78,5,5
55442,88,87,1,1
55443,98,80,18,18
55444,51,55,-4,4
55445,54,61,-7,7
55446,70,73,-3,3
55447,80,82,-2,2
55448,169,138,31,31
55449,109,104,5,5
55450,57,59,-2,2
55451,119,117,2,2
55452,238,205,33,33
55453,132,127,5,5
55454,78,80,-2,2
55455,88,79,9,9
55456,85,84,1,1
55457,27,62,-35,35
55458,62,65,-3,3
55459,131,119,12,12
55460,138,124,14,14
55461,43,93,-50,50
55462,58,66,-8,8
55463,76,76,0,0
55464,72,81,-9,9
55465,121,90,31,31
55466,107,100,7,7
55467,81,82,-1,1
55468,49,70,-21,21
55469,113,101,12,12
55470,71,64,7,7
55471,44,52,-8,8
55472,81,76,5,5
55473,73,64,9,9
55474,85,87,-2,2
55475,100,94,6,6
55476,126,113,13,13
55477,96,90,6,6
55478,67,68,-1,1
55479,114,118,-4,4
55480,97,75,22,22
55481,185,154,31,31
55482,55,57,-2,2
55483,177,169,8,8
55484,85,81,4,4
55485,117,111,6,6
55486,157,141,16,16
55487,129,118,11,11
55488,94,96,-2,2
55489,87,89,-2,2
55490,139,117,22,22
55491,121,117,4,4
55492,65,56,9,9
55493,58,64,-6,6
55494,98,92,6,6
55495,37,55,-18,18
55496,63,65,-2,2
55497,193,179,14,14
55498,101,103,-2,2
55499,69,83,-14,14
55500,133,123,10,10
55501,121,103,18,18
55502,91,90,1,1
55503,85,85,0,0
55504,67,71,-4,4
55505,117,112,5,5
55506,61,55,6,6
55507,61,62,-1,1
55508,97,104,-7,7
55509,81,81,0,0
55510,89,90,-1,1
55511,58,62,-4,4
55512,80,69,11,11
55513,96,81,15,15
55514,87,86,1,1
55515,69,72,-3,3
55516,116,123,-7,7
55517,138,141,-3,3
55518,65,64,1,1
55519,90,82,8,8
55520,87,84,3,3
55521,102,94,8,8
55522,79,87,-8,8
55523,146,143,3,3
55524,130,113,17,17
55525,127,107,20,20
55526,96,87,9,9
55527,80,74,6,6
55528,132,122,10,10
55529,115,94,21,21
55530,81,88,-7,7
55531,86,85,1,1
55532,105,94,11,11
55533,130,121,9,9
55534,84,81,3,3
55535,52,92,-40,40
55536,72,65,7,7
55537,82,79,3,3
55538,115,109,6,6
55539,100,94,6,6
55540,102,95,7,7
55541,107,103,4,4
55542,116,110,6,6
55543,61,57,4,4
55544,95,92,3,3
55545,78,71,7,7
55546,78,78,0,0
55547,79,68,11,11
55548,82,83,-1,1
55549,71,71,0,0
55550,128,113,15,15
55551,89,90,-1,1
55552,115,131,-16,16
55553,83,71,12,12
55554,80,69,11,11
55555,79,91,-12,12
55556,69,80,-11,11
55557,123,111,12,12
55558,67,68,-1,1
55559,135,123,12,12
55560,134,147,-13,13
55561,133,124,9,9
55562,52,55,-3,3
55563,175,159,16,16
55564,95,80,15,15
55565,122,116,6,6
55566,74,70,4,4
55567,73,76,-3,3
55568,53,60,-7,7
55569,69,68,1,1
55570,103,109,-6,6
55571,45,52,-7,7
55572,107,101,6,6
55573,49,57,-8,8
55574,132,113,19,19
55575,89,87,2,2
55576,62,62,0,0
55577,109,102,7,7
55578,81,78,3,3
55579,72,76,-4,4
55580,52,54,-2,2
55581,74,74,0,0
55582,36,52,-16,16
55583,68,70,-2,2
55584,73,75,-2,2
55585,89,88,1,1
55586,63,59,4,4
55587,69,72,-3,3
55588,103,113,-10,10
55589,53,57,-4,4
55590,103,103,0,0
55591,108,94,14,14
55592,109,153,-44,44
55593,187,176,11,11
55594,69,66,3,3
55595,124,109,15,15
55596,117,115,2,2
55597,94,89,5,5
55598,44,62,-18,18
55599,120,108,12,12
55600,140,137,3,3
55601,131,118,13,13
55602,100,104,-4,4
55603,147,141,6,6
55604,55,54,1,1
55605,126,126,0,0
55606,84,87,-3,3
55607,81,84,-3,3
55608,110,87,23,23
55609,68,69,-1,1
55610,90,92,-2,2
55611,79,77,2,2
55612,108,108,0,0
55613,69,70,-1,1
55614,67,63,4,4
55615,151,150,1,1
55616,121,111,10,10
55617,67,72,-5,5
55618,100,89,11,11
55619,105,104,1,1
55620,105,113,-8,8
55621,92,93,-1,1
55622,107,108,-1,1
55623,163,152,11,11
55624,110,105,5,5
55625,115,103,12,12
55626,93,80,13,13
55627,143,128,15,15
55628,105,81,24,24
55629,102,93,9,9
55630,54,55,-1,1
55631,117,115,2,2
55632,94,85,9,9
55633,121,101,20,20
55634,51,55,-4,4
55635,93,96,-3,3
55636,136,134,2,2
55637,75,66,9,9
55638,83,72,11,11
55639,90,81,9,9
55640,110,105,5,5
55641,69,65,4,4
55642,110,107,3,3
55643,78,80,-2,2
55644,85,77,8,8
55645,89,85,4,4
55646,86,95,-9,9
55647,106,107,-1,1
55648,102,98,4,4
55649,52,57,-5,5
55650,207,195,12,12
55651,93,84,9,9
55652,113,110,3,3
55653,97,94,3,3
55654,80,89,-9,9
55655,118,125,-7,7
55656,90,87,3,3
55657,88,96,-8,8
55658,96,95,1,1
55659,103,107,-4,4
55660,65,64,1,1
55661,48,53,-5,5
55662,85,71,14,14
55663,104,98,6,6
55664,54,56,-2,2
55665,89,75,14,14
55666,132,129,3,3
55667,83,84,-1,1
55668,80,78,2,2
55669,76,77,-1,1
55670,67,60,7,7
55671,89,82,7,7
55672,149,138,11,11
55673,106,112,-6,6
55674,149,141,8,8
55675,52,55,-3,3
55676,58,63,-5,5
55677,70,74,-4,4
55678,78,73,5,5
55679,212,178,34,34
55680,105,94,11,11
55681,101,86,15,15
55682,107,93,14,14
55683,145,137,8,8
55684,77,75,2,2
55685,108,90,18,18
55686,97,94,3,3
55687,90,75,15,15
55688,104,101,3,3
55689,99,94,5,5
55690,94,86,8,8
55691,105,108,-3,3
55692,69,71,-2,2
55693,81,86,-5,5
55694,88,86,2,2
55695,112,112,0,0
55696,93,90,3,3
55697,130,125,5,5
55698,145,123,22,22
55699,130,120,10,10
55700,62,79,-17,17
55701,99,96,3,3
55702,67,64,3,3
55703,129,115,14,14
55704,72,71,1,1
55705,96,89,7,7
55706,76,78,-2,2
55707,102,95,7,7
55708,81,77,4,4
55709,157,146,11,11
55710,100,99,1,1
55711,122,112,10,10
55712,65,63,2,2
55713,82,72,10,10
55714,95,88,7,7
55715,133,135,-2,2
55716,108,103,5,5
55717,81,78,3,3
55718,91,88,3,3
55719,134,122,12,12
55720,146,136,10,10
55721,93,94,-1,1
55722,53,55,-2,2
55723,108,96,12,12
55724,93,83,10,10
55725,99,88,11,11
55726,158,140,18,18
55727,66,70,-4,4
55728,66,62,4,4
55729,83,86,-3,3
55730,103,91,12,12
55731,54,58,-4,4
55732,144,131,13,13
55733,88,98,-10,10
55734,105,90,15,15
55735,115,103,12,12
55736,125,116,9,9
55737,67,72,-5,5
55738,193,165,28,28
55739,127,104,23,23
55740,29,53,-24,24
55741,86,84,2,2
55742,121,119,2,2
55743,94,83,11,11
55744,125,111,14,14
55745,174,167,7,7
55746,163,148,15,15
55747,128,111,17,17
55748,155,140,15,15
55749,123,126,-3,3
55750,100,94,6,6
55751,80,85,-5,5
55752,121,113,8,8
55753,31,52,-21,21
55754,96,85,11,11
55755,80,74,6,6
55756,83,77,6,6
55757,82,78,4,4
55758,97,96,1,1
55759,72,70,2,2
55760,69,71,-2,2
55761,86,82,4,4
55762,73,84,-11,11
55763,100,101,-1,1
55764,66,66,0,0
55765,83,68,15,15
55766,92,95,-3,3
55767,68,65,3,3
55768,118,119,-1,1
55769,97,115,-18,18
55770,62,63,-1,1
55771,78,70,8,8
55772,48,54,-6,6
55773,98,90,8,8
55774,71,72,-1,1
55775,62,65,-3,3
55776,45,71,-26,26
55777,122,118,4,4
55778,91,82,9,9
55779,71,136,-65,65
55780,68,60,8,8
55781,118,115,3,3
55782,79,80,-1,1
55783,120,120,0,0
55784,134,140,-6,6
55785,72,73,-1,1
55786,92,86,6,6
55787,49,64,-15,15
55788,100,96,4,4
55789,90,90,0,0
55790,71,70,1,1
55791,83,81,2,2
55792,71,72,-1,1
55793,90,94,-4,4
55794,168,160,8,8
55795,68,81,-13,13
55796,50,59,-9,9
55797,59,55,4,4
55798,52,66,-14,14
55799,104,98,6,6
55800,95,95,0,0
55801,57,64,-7,7
55802,211,192,19,19
55803,58,59,-1,1
55804,125,116,9,9
55805,99,94,5,5
55806,88,95,-7,7
55807,182,167,15,15
55808,99,94,5,5
55809,66,57,9,9
55810,169,153,16,16
55811,105,96,9,9
55812,92,90,2,2
55813,110,100,10,10
55814,111,102,9,9
55815,95,86,9,9
55816,74,70,4,4
55817,135,113,22,22
55818,51,89,-38,38
55819,78,72,6,6
55820,118,105,13,13
55821,118,112,6,6
55822,104,100,4,4
55823,37,53,-16,16
55824,96,93,3,3
55825,93,85,8,8
55826,60,85,-25,25
55827,102,93,9,9
55828,112,109,3,3
55829,73,77,-4,4
55830,142,129,13,13
55831,67,65,2,2
55832,69,62,7,7
55833,103,182,-79,79
55834,42,69,-27,27
55835,99,81,18,18
55836,181,156,25,25
55837,94,86,8,8
55838,83,81,2,2
55839,98,82,16,16
55840,151,131,20,20
55841,149,125,24,24
55842,92,94,-2,2
55843,129,134,-5,5
55844,79,72,7,7
55845,119,121,-2,2
55846,159,145,14,14
55847,63,68,-5,5
55848,74,71,3,3
55849,141,140,1,1
55850,133,123,10,10
55851,106,97,9,9
55852,180,162,18,18
55853,152,128,24,24
55854,85,75,10,10
55855,118,104,14,14
55856,127,120,7,7
55857,143,140,3,3
55858,80,87,-7,7
55859,123,116,7,7
55860,131,120,11,11
55861,53,52,1,1
55862,83,72,11,11
55863,97,86,11,11
55864,120,116,4,4
55865,71,66,5,5
55866,127,108,19,19
55867,68,68,0,0
55868,79,76,3,3
55869,104,111,-7,7
55870,139,138,1,1
55871,143,144,-1,1
55872,102,109,-7,7
55873,75,67,8,8
55874,105,104,1,1
55875,71,59,12,12
55876,52,56,-4,4
55877,73,72,1,1
55878,95,84,11,11
55879,84,77,7,7
55880,77,73,4,4
55881,63,69,-6,6
55882,80,88,-8,8
55883,111,100,11,11
55884,146,126,20,20
55885,136,138,-2,2
55886,58,58,0,0
55887,77,71,6,6
55888,74,97,-23,23
55889,157,146,11,11
55890,113,110,3,3
55891,88,80,8,8
55892,98,96,2,2
55893,70,71,-1,1
55894,70,78,-8,8
55895,95,91,4,4
55896,113,93,20,20
55897,65,65,0,0
55898,82,68,14,14
55899,89,91,-2,2
55900,90,81,9,9
55901,75,89,-14,14
55902,73,62,11,11
55903,45,53,-8,8
55904,75,82,-7,7
55905,89,81,8,8
55906,127,106,21,21
55907,189,176,13,13
55908,132,123,9,9
55909,95,89,6,6
55910,113,101,12,12
55911,81,80,1,1
55912,121,122,-1,1
55913,73,72,1,1
55914,107,98,9,9
55915,72,70,2,2
55916,110,113,-3,3
55917,69,68,1,1
55918,149,133,16,16
55919,63,63,0,0
55920,115,106,9,9
55921,105,98,7,7
55922,88,87,1,1
55923,65,67,-2,2
55924,87,84,3,3
55925,94,95,-1,1
55926,125,120,5,5
55927,93,81,12,12
55928,112,104,8,8
55929,103,87,16,16
55930,117,111,6,6
55931,95,90,5,5
55932,76,73,3,3
55933,94,101,-7,7
55934,50,53,-3,3
55935,115,114,1,1
55936,105,94,11,11
55937,108,98,10,10
55938,141,133,8,8
55939,102,93,9,9
55940,58,66,-8,8
55941,108,98,10,10
55942,89,79,10,10
55943,71,76,-5,5
55944,59,59,0,0
55945,89,81,8,8
55946,57,57,0,0
55947,106,95,11,11
55948,161,135,26,26
55949,92,85,7,7
55950,66,66,0,0
55951,82,80,2,2
55952,84,74,10,10
55953,115,98,17,17
55954,110,104,6,6
55955,135,126,9,9
55956,93,90,3,3
55957,134,145,-11,11
55958,105,92,13,13
55959,79,74,5,5
55960,25,53,-28,28
55961,124,126,-2,2
55962,29,51,-22,22
55963,96,83,13,13
55964,125,119,6,6
55965,52,58,-6,6
55966,101,99,2,2
55967,70,65,5,5
55968,98,90,8,8
55969,77,67,10,10
55970,167,145,22,22
55971,82,79,3,3
55972,91,83,8,8
55973,70,67,3,3
55974,74,71,3,3
55975,121,115,6,6
55976,46,69,-23,23
55977,76,74,2,2
55978,111,113,-2,2
55979,58,58,0,0
55980,65,62,3,3
55981,53,54,-1,1
55982,109,113,-4,4
55983,80,80,0,0
55984,88,87,1,1
55985,110,105,5,5
55986,98,86,12,12
55987,97,104,-7,7
55988,128,112,16,16
55989,144,132,12,12
55990,82,79,3,3
55991,131,119,12,12
55992,100,95,5,5
55993,95,92,3,3
55994,108,101,7,7
55995,82,81,1,1
55996,73,62,11,11
55997,94,96,-2,2
55998,99,104,-5,5
55999,88,80,8,8
56000,157,152,5,5
56001,75,73,2,2
56002,95,96,-1,1
56003,82,75,7,7
56004,160,163,-3,3
56005,146,136,10,10
56006,166,165,1,1
56007,76,73,3,3
56008,139,130,9,9
56009,110,107,3,3
56010,118,121,-3,3
56011,122,106,16,16
56012,50,58,-8,8
56013,59,61,-2,2
56014,112,108,4,4
56015,108,117,-9,9
56016,42,52,-10,10
56017,112,113,-1,1
56018,126,111,15,15
56019,88,91,-3,3
56020,121,102,19,19
56021,83,76,7,7
56022,95,98,-3,3
56023,98,86,12,12
56024,104,102,2,2
56025,66,68,-2,2
56026,129,124,5,5
56027,85,72,13,13
56028,101,99,2,2
56029,68,73,-5,5
56030,86,85,1,1
56031,79,73,6,6
56032,91,90,1,1
56033,113,116,-3,3
56034,149,137,12,12
56035,76,74,2,2
56036,107,102,5,5
56037,110,103,7,7
56038,75,76,-1,1
56039,100,101,-1,1
56040,110,113,-3,3
56041,115,108,7,7
56042,128,122,6,6
56043,177,155,22,22
56044,105,97,8,8
56045,79,140,-61,61
56046,126,120,6,6
56047,135,140,-5,5
56048,66,63,3,3
56049,148,137,11,11
56050,128,118,10,10
56051,106,87,19,19
56052,99,81,18,18
56053,73,62,11,11
56054,64,64,0,0
56055,98,117,-19,19
56056,111,102,9,9
56057,124,122,2,2
56058,117,107,10,10
56059,94,89,5,5
56060,86,75,11,11
56061,80,75,5,5
56062,105,108,-3,3
56063,77,79,-2,2
56064,101,95,6,6
56065,118,109,9,9
56066,130,105,25,25
56067,97,95,2,2
56068,77,76,1,1
56069,76,75,1,1
56070,122,126,-4,4
56071,116,132,-16,16
56072,67,77,-10,10
56073,109,96,13,13
56074,62,64,-2,2
56075,95,81,14,14
56076,130,122,8,8
56077,49,67,-18,18
56078,64,59,5,5
56079,84,80,4,4
56080,147,121,26,26
56081,121,107,14,14
56082,158,151,7,7
56083,105,91,14,14
56084,99,99,0,0
56085,108,109,-1,1
56086,159,152,7,7
56087,87,82,5,5
56088,128,135,-7,7
56089,58,67,-9,9
56090,110,108,2,2
56091,187,172,15,15
56092,87,85,2,2
56093,143,141,2,2
56094,84,76,8,8
56095,132,130,2,2
56096,74,70,4,4
56097,109,108,1,1
56098,86,103,-17,17
56099,111,104,7,7
56100,49,56,-7,7
56101,73,68,5,5
56102,125,130,-5,5
56103,75,70,5,5
56104,78,74,4,4
56105,99,93,6,6
56106,103,107,-4,4
56107,106,95,11,11
56108,57,56,1,1
56109,139,128,11,11
56110,90,79,11,11
56111,67,64,3,3
56112,60,63,-3,3
56113,46,53,-7,7
56114,56,64,-8,8
56115,135,121,14,14
56116,52,55,-3,3
56117,102,91,11,11
56118,79,76,3,3
56119,75,75,0,0
56120,118,115,3,3
56121,107,108,-1,1
56122,24,50,-26,26
56123,102,92,10,10
56124,78,79,-1,1
56125,94,80,14,14
56126,109,88,21,21
56127,139,128,11,11
56128,105,104,1,1
56129,155,143,12,12
56130,53,55,-2,2
56131,82,88,-6,6
56132,159,155,4,4
56133,105,96,9,9
56134,102,99,3,3
56135,78,74,4,4
56136,67,63,4,4
56137,149,144,5,5
56138,84,85,-1,1
56139,87,89,-2,2
56140,132,133,-1,1
56141,83,79,4,4
56142,75,73,2,2
56143,99,94,5,5
56144,77,83,-6,6
56145,97,89,8,8
56146,132,108,24,24
56147,105,107,-2,2
56148,105,84,21,21
56149,59,55,4,4
56150,69,62,7,7
56151,120,110,10,10
56152,59,61,-2,2
56153,105,89,16,16
56154,81,76,5,5
56155,156,149,7,7
56156,62,65,-3,3
56157,63,62,1,1
56158,156,136,20,20
56159,48,137,-89,89
56160,81,78,3,3
56161,78,75,3,3
56162,72,63,9,9
56163,110,102,8,8
56164,76,80,-4,4
56165,82,77,5,5
56166,76,73,3,3
56167,106,100,6,6
56168,109,113,-4,4
56169,96,88,8,8
56170,129,128,1,1
56171,71,66,5,5
56172,124,131,-7,7
56173,107,102,5,5
56174,97,92,5,5
56175,113,97,16,16
56176,152,135,17,17
56177,91,107,-16,16
56178,78,73,5,5
56179,158,142,16,16
56180,117,109,8,8
56181,97,92,5,5
56182,83,76,7,7
56183,132,119,13,13
56184,79,77,2,2
56185,101,101,0,0
56186,135,120,15,15
56187,96,70,26,26
56188,82,72,10,10
56189,70,73,-3,3
56190,110,100,10,10
56191,141,121,20,20
56192,61,59,2,2
56193,97,90,7,7
56194,119,92,27,27
56195,67,67,0,0
56196,92,102,-10,10
56197,84,68,16,16
56198,65,67,-2,2
56199,84,86,-2,2
56200,124,109,15,15
56201,135,128,7,7
56202,146,128,18,18
56203,109,109,0,0
56204,145,141,4,4
56205,89,80,9,9
56206,136,126,10,10
56207,85,82,3,3
56208,55,61,-6,6
56209,92,100,-8,8
56210,61,60,1,1
56211,132,117,15,15
56212,65,69,-4,4
56213,112,113,-1,1
56214,107,94,13,13
56215,48,53,-5,5
56216,55,57,-2,2
56217,109,103,6,6
56218,136,127,9,9
56219,94,93,1,1
56220,45,55,-10,10
56221,139,124,15,15
56222,72,79,-7,7
56223,156,135,21,21
56224,58,61,-3,3
56225,96,83,13,13
56226,83,78,5,5
56227,94,86,8,8
56228,29,52,-23,23
56229,124,116,8,8
56230,71,73,-2,2
56231,146,126,20,20
56232,97,85,12,12
56233,104,102,2,2
56234,32,53,-21,21
56235,140,125,15,15
56236,57,55,2,2
56237,112,109,3,3
56238,70,74,-4,4
56239,92,81,11,11
56240,57,62,-5,5
56241,107,112,-5,5
56242,76,75,1,1
56243,81,76,5,5
56244,115,120,-5,5
56245,22,64,-42,42
56246,96,95,1,1
56247,84,92,-8,8
56248,103,96,7,7
56249,126,109,17,17
56250,76,71,5,5
56251,159,143,16,16
56252,74,62,12,12
56253,87,74,13,13
56254,46,55,-9,9
56255,33,53,-20,20
56256,76,63,13,13
56257,98,94,4,4
56258,73,68,5,5
56259,105,93,12,12
56260,51,59,-8,8
56261,94,81,13,13
56262,54,69,-15,15
56263,86,88,-2,2
56264,60,61,-1,1
56265,144,135,9,9
56266,74,60,14,14
56267,90,89,1,1
56268,100,102,-2,2
56269,107,113,-6,6
56270,129,108,21,21
56271,133,120,13,13
56272,70,72,-2,2
56273,101,90,11,11
56274,60,65,-5,5
56275,200,169,31,31
56276,64,59,5,5
56277,143,133,10,10
56278,90,83,7,7
56279,72,65,7,7
56280,85,88,-3,3
56281,136,132,4,4
56282,94,98,-4,4
56283,135,118,17,17
56284,102,91,11,11
56285,71,78,-7,7
56286,74,73,1,1
56287,122,126,-4,4
56288,86,81,5,5
56289,40,52,-12,12
56290,109,111,-2,2
56291,113,106,7,7
56292,110,103,7,7
56293,68,60,8,8
56294,130,126,4,4
56295,89,89,0,0
56296,106,103,3,3
56297,98,94,4,4
56298,71,57,14,14
56299,128,125,3,3
56300,158,136,22,22
56301,82,76,6,6
56302,42,53,-11,11
56303,67,65,2,2
56304,107,110,-3,3
56305,77,74,3,3
56306,113,113,0,0
56307,73,68,5,5
56308,189,173,16,16
56309,101,101,0,0
56310,117,125,-8,8
56311,113,111,2,2
56312,81,72,9,9
56313,113,104,9,9
56314,108,96,12,12
56315,133,136,-3,3
56316,117,111,6,6
56317,119,115,4,4
56318,72,65,7,7
56319,72,84,-12,12
56320,105,105,0,0
56321,70,64,6,6
56322,66,60,6,6
56323,152,134,18,18
56324,89,82,7,7
56325,20,50,-30,30
56326,72,73,-1,1
56327,89,82,7,7
56328,83,87,-4,4
56329,121,130,-9,9
56330,119,106,13,13
56331,101,98,3,3
56332,84,82,2,2
56333,78,80,-2,2
56334,166,148,18,18
56335,117,112,5,5
56336,141,140,1,1
56337,123,116,7,7
56338,162,149,13,13
56339,50,58,-8,8
56340,60,57,3,3
56341,86,88,-2,2
56342,70,74,-4,4
56343,129,124,5,5
56344,65,67,-2,2
56345,75,78,-3,3
56346,91,72,19,19
56347,55,60,-5,5
56348,82,83,-1,1
56349,102,104,-2,2
56350,74,69,5,5
56351,84,80,4,4
56352,128,118,10,10
56353,91,88,3,3
56354,120,114,6,6
56355,85,83,2,2
56356,108,113,-5,5
56357,72,70,2,2
56358,90,80,10,10
56359,85,86,-1,1
56360,112,107,5,5
56361,148,142,6,6
56362,105,104,1,1
56363,44,52,-8,8
56364,42,58,-16,16
56365,103,91,12,12
56366,93,80,13,13
56367,63,62,1,1
56368,169,171,-2,2
56369,65,61,4,4
56370,74,74,0,0
56371,99,96,3,3
56372,129,128,1,1
56373,93,84,9,9
56374,139,131,8,8
56375,64,108,-44,44
56376,93,86,7,7
56377,53,66,-13,13
56378,110,102,8,8
56379,97,89,8,8
56380,170,152,18,18
56381,56,64,-8,8
56382,172,170,2,2
56383,71,69,2,2
56384,161,139,22,22
56385,130,133,-3,3
56386,101,99,2,2
56387,107,103,4,4
56388,101,95,6,6
56389,64,69,-5,5
56390,75,70,5,5
56391,128,127,1,1
56392,80,77,3,3
56393,129,126,3,3
56394,54,57,-3,3
56395,71,75,-4,4
56396,55,53,2,2
56397,91,93,-2,2
56398,119,106,13,13
56399,94,88,6,6
56400,158,142,16,16
56401,60,65,-5,5
56402,158,151,7,7
56403,56,56,0,0
56404,121,117,4,4
56405,79,68,11,11
56406,120,111,9,9
56407,64,67,-3,3
56408,62,80,-18,18
56409,80,77,3,3
56410,135,125,10,10
56411,102,117,-15,15
56412,115,102,13,13
56413,142,141,1,1
56414,115,128,-13,13
56415,119,122,-3,3
56416,138,131,7,7
56417,97,87,10,10
56418,80,71,9,9
56419,97,96,1,1
56420,111,108,3,3
56421,91,90,1,1
56422,95,95,0,0
56423,91,90,1,1
56424,101,87,14,14
56425,130,125,5,5
56426,89,86,3,3
56427,86,92,-6,6
56428,178,157,21,21
56429,168,156,12,12
56430,63,64,-1,1
56431,69,61,8,8
56432,186,162,24,24
56433,143,133,10,10
56434,76,63,13,13
56435,87,90,-3,3
56436,46,56,-10,10
56437,81,81,0,0
56438,43,54,-11,11
56439,125,114,11,11
56440,190,175,15,15
56441,112,94,18,18
56442,161,152,9,9
56443,119,108,11,11
56444,98,97,1,1
56445,122,112,10,10
56446,94,90,4,4
56447,68,72,-4,4
56448,103,86,17,17
56449,126,104,22,22
56450,75,69,6,6
56451,123,106,17,17
56452,81,76,5,5
56453,144,144,0,0
56454,53,52,1,1
56455,164,144,20,20
56456,60,62,-2,2
56457,117,111,6,6
56458,121,119,2,2
56459,90,90,0,0
56460,86,80,6,6
56461,63,65,-2,2
56462,147,132,15,15
56463,103,98,5,5
56464,68,66,2,2
56465,91,85,6,6
56466,81,67,14,14
56467,71,68,3,3
56468,63,64,-1,1
56469,123,120,3,3
56470,105,97,8,8
56471,81,83,-2,2
56472,112,118,-6,6
56473,78,78,0,0
56474,85,81,4,4
56475,118,114,4,4
56476,65,58,7,7
56477,127,131,-4,4
56478,83,82,1,1
56479,91,83,8,8
56480,62,62,0,0
56481,75,75,0,0
56482,88,91,-3,3
56483,163,150,13,13
56484,48,61,-13,13
56485,93,99,-6,6
56486,85,84,1,1
56487,142,137,5,5
56488,93,96,-3,3
56489,73,70,3,3
56490,65,67,-2,2
56491,83,78,5,5
56492,77,74,3,3
56493,113,107,6,6
56494,121,111,10,10
56495,71,72,-1,1
56496,64,59,5,5
56497,70,76,-6,6
56498,155,143,12,12
56499,59,56,3,3
56500,80,72,8,8
56501,80,80,0,0
56502,59,60,-1,1
56503,83,72,11,11
56504,68,60,8,8
56505,77,83,-6,6
56506,121,101,20,20
56507,63,71,-8,8
56508,82,77,5,5
56509,145,141,4,4
56510,63,68,-5,5
56511,124,119,5,5
56512,83,89,-6,6
56513,175,165,10,10
56514,185,172,13,13
56515,65,62,3,3
56516,61,59,2,2
56517,76,72,4,4
56518,75,77,-2,2
56519,74,88,-14,14
56520,136,119,17,17
56521,47,63,-16,16
56522,66,58,8,8
56523,131,122,9,9
56524,123,103,20,20
56525,118,111,7,7
56526,58,55,3,3
56527,89,80,9,9
56528,156,141,15,15
56529,55,60,-5,5
56530,115,100,15,15
56531,111,102,9,9
56532,116,122,-6,6
56533,62,69,-7,7
56534,108,96,12,12
56535,120,125,-5,5
56536,112,109,3,3
56537,56,62,-6,6
56538,142,138,4,4
56539,91,79,12,12
56540,86,82,4,4
56541,121,118,3,3
56542,80,73,7,7
56543,103,100,3,3
56544,76,78,-2,2
56545,100,123,-23,23
56546,94,89,5,5
56547,117,120,-3,3
56548,84,78,6,6
56549,87,88,-1,1
56550,127,114,13,13
56551,90,102,-12,12
56552,96,87,9,9
56553,56,55,1,1
56554,74,70,4,4
56555,98,89,9,9
56556,107,112,-5,5
56557,125,102,23,23
56558,66,59,7,7
56559,91,94,-3,3
56560,154,156,-2,2
56561,151,128,23,23
56562,77,74,3,3
56563,60,58,2,2
56564,72,77,-5,5
56565,132,113,19,19
56566,74,71,3,3
56567,63,64,-1,1
56568,129,126,3,3
56569,169,156,13,13
56570,88,95,-7,7
56571,129,119,10,10
56572,140,129,11,11
56573,80,86,-6,6
56574,94,93,1,1
56575,49,56,-7,7
56576,145,136,9,9
56577,97,97,0,0
56578,94,92,2,2
56579,83,78,5,5
56580,135,128,7,7
56581,103,96,7,7
56582,40,55,-15,15
56583,119,133,-14,14
56584,60,63,-3,3
56585,44,53,-9,9
56586,104,104,0,0
56587,49,55,-6,6
56588,70,90,-20,20
56589,59,61,-2,2
56590,114,119,-5,5
56591,65,63,2,2
56592,60,60,0,0
56593,121,128,-7,7
56594,115,105,10,10
56595,75,69,6,6
56596,74,68,6,6
56597,103,98,5,5
56598,59,58,1,1
56599,125,126,-1,1
56600,94,88,6,6
56601,73,70,3,3
56602,54,56,-2,2
56603,58,55,3,3
56604,174,162,12,12
56605,46,53,-7,7
56606,79,78,1,1
56607,108,96,12,12
56608,50,60,-10,10
56609,120,105,15,15
56610,159,143,16,16
56611,171,163,8,8
56612,81,82,-1,1
56613,85,82,3,3
56614,118,130,-12,12
56615,73,73,0,0
56616,114,107,7,7
56617,77,67,10,10
56618,150,129,21,21
56619,72,74,-2,2
56620,64,81,-17,17
56621,85,95,-10,10
56622,112,110,2,2
56623,57,55,2,2
56624,101,95,6,6
56625,83,84,-1,1
56626,74,68,6,6
56627,142,129,13,13
56628,111,95,16,16
56629,135,116,19,19
56630,64,64,0,0
56631,75,65,10,10
56632,188,176,12,12
56633,63,77,-14,14
56634,124,112,12,12
56635,42,55,-13,13
56636,136,118,18,18
56637,50,55,-5,5
56638,87,85,2,2
56639,140,128,12,12
56640,94,93,1,1
56641,94,89,5,5
56642,61,71,-10,10
56643,86,83,3,3
56644,126,108,18,18
56645,63,60,3,3
56646,82,76,6,6
56647,140,137,3,3
56648,134,119,15,15
56649,79,77,2,2
56650,126,130,-4,4
56651,101,103,-2,2
56652,103,97,6,6
56653,70,63,7,7
56654,85,71,14,14
56655,84,86,-2,2
56656,58,60,-2,2
56657,139,122,17,17
56658,67,74,-7,7
56659,101,102,-1,1
56660,83,83,0,0
56661,66,60,6,6
56662,59,59,0,0
56663,77,77,0,0
56664,53,60,-7,7
56665,130,123,7,7
56666,59,62,-3,3
56667,94,78,16,16
56668,120,111,9,9
56669,108,97,11,11
56670,95,85,10,10
56671,67,63,4,4
56672,103,99,4,4
56673,68,62,6,6
56674,82,74,8,8
56675,111,111,0,0
56676,78,74,4,4
56677,59,62,-3,3
56678,72,76,-4,4
56679,101,94,7,7
56680,77,82,-5,5
56681,65,61,4,4
56682,64,69,-5,5
56683,57,63,-6,6
56684,95,98,-3,3
56685,68,66,2,2
56686,137,119,18,18
56687,65,65,0,0
56688,82,80,2,2
56689,73,75,-2,2
56690,96,105,-9,9
56691,110,101,9,9
56692,139,133,6,6
56693,87,72,15,15
56694,113,95,18,18
56695,40,52,-12,12
56696,81,80,1,1
56697,51,56,-5,5
56698,173,154,19,19
56699,72,80,-8,8
56700,107,102,5,5
56701,112,111,1,1
56702,125,114,11,11
56703,56,56,0,0
56704,141,122,19,19
56705,150,134,16,16
56706,136,133,3,3
56707,127,117,10,10
56708,132,135,-3,3
56709,96,86,10,10
56710,35,54,-19,19
56711,86,83,3,3
56712,108,94,14,14
56713,149,137,12,12
56714,103,102,1,1
56715,144,150,-6,6
56716,135,116,19,19
56717,112,101,11,11
56718,86,95,-9,9
56719,54,54,0,0
56720,78,72,6,6
56721,72,67,5,5
56722,87,90,-3,3
56723,79,93,-14,14
56724,109,121,-12,12
56725,120,103,17,17
56726,173,152,21,21
56727,57,63,-6,6
56728,40,52,-12,12
56729,82,83,-1,1
56730,70,73,-3,3
56731,86,89,-3,3
56732,98,96,2,2
56733,134,139,-5,5
56734,45,52,-7,7
56735,129,115,14,14
56736,68,72,-4,4
56737,91,80,11,11
56738,113,106,7,7
56739,52,57,-5,5
56740,94,87,7,7
56741,94,99,-5,5
56742,113,108,5,5
56743,128,110,18,18
56744,99,101,-2,2
56745,105,97,8,8
56746,86,102,-16,16
56747,148,140,8,8
56748,138,119,19,19
56749,99,79,20,20
56750,94,94,0,0
56751,73,75,-2,2
56752,153,134,19,19
56753,95,96,-1,1
56754,118,123,-5,5
56755,129,117,12,12
56756,50,62,-12,12
56757,123,114,9,9
56758,142,134,8,8
56759,123,117,6,6
56760,148,138,10,10
56761,107,102,5,5
56762,98,100,-2,2
56763,112,108,4,4
56764,137,125,12,12
56765,106,103,3,3
56766,97,84,13,13
56767,96,97,-1,1
56768,245,180,65,65
56769,115,102,13,13
56770,81,73,8,8
56771,130,105,25,25
56772,86,77,9,9
56773,128,121,7,7
56774,73,70,3,3
56775,110,99,11,11
56776,130,119,11,11
56777,97,93,4,4
56778,80,82,-2,2
56779,91,87,4,4
56780,88,77,11,11
56781,105,100,5,5
56782,75,73,2,2
56783,93,97,-4,4
56784,115,107,8,8
56785,133,122,11,11
56786,142,117,25,25
56787,62,70,-8,8
56788,78,77,1,1
56789,91,83,8,8
56790,102,92,10,10
56791,109,104,5,5
56792,102,92,10,10
56793,90,81,9,9
56794,135,115,20,20
56795,31,55,-24,24
56796,143,134,9,9
56797,123,110,13,13
56798,102,92,10,10
56799,59,56,3,3
56800,83,83,0,0
56801,99,92,7,7
56802,50,63,-13,13
56803,168,142,26,26
56804,80,79,1,1
56805,104,114,-10,10
56806,117,107,10,10
56807,113,115,-2,2
56808,73,91,-18,18
56809,72,72,0,0
56810,144,126,18,18
56811,131,128,3,3
56812,107,118,-11,11
56813,85,84,1,1
56814,58,64,-6,6
56815,67,61,6,6
56816,62,59,3,3
56817,63,55,8,8
56818,148,146,2,2
56819,139,121,18,18
56820,82,87,-5,5
56821,133,123,10,10
56822,70,70,0,0
56823,99,100,-1,1
56824,115,108,7,7
56825,121,116,5,5
56826,107,109,-2,2
56827,113,97,16,16
56828,61,64,-3,3
56829,80,74,6,6
56830,78,74,4,4
56831,68,62,6,6
56832,122,127,-5,5
56833,109,98,11,11
56834,71,64,7,7
56835,60,66,-6,6
56836,125,114,11,11
56837,68,69,-1,1
56838,114,110,4,4
56839,93,79,14,14
56840,75,76,-1,1
56841,99,95,4,4
56842,133,124,9,9
56843,78,81,-3,3
56844,45,56,-11,11
56845,87,73,14,14
56846,72,78,-6,6
56847,129,122,7,7
56848,93,86,7,7
56849,95,97,-2,2
56850,119,119,0,0
56851,96,81,15,15
56852,45,55,-10,10
56853,151,137,14,14
56854,75,69,6,6
56855,84,83,1,1
56856,75,71,4,4
56857,97,132,-35,35
56858,79,80,-1,1
56859,132,122,10,10
56860,108,102,6,6
56861,115,104,11,11
56862,89,94,-5,5
56863,84,83,1,1
56864,132,123,9,9
56865,94,84,10,10
56866,182,171,11,11
56867,170,150,20,20
56868,93,89,4,4
56869,70,73,-3,3
56870,38,55,-17,17
56871,102,107,-5,5
56872,139,127,12,12
56873,97,103,-6,6
56874,87,83,4,4
56875,86,75,11,11
56876,76,84,-8,8
56877,91,94,-3,3
56878,81,75,6,6
56879,86,75,11,11
56880,90,84,6,6
56881,73,75,-2,2
56882,122,117,5,5
56883,81,75,6,6
56884,182,162,20,20
56885,73,71,2,2
56886,108,101,7,7
56887,70,64,6,6
56888,170,152,18,18
56889,98,90,8,8
56890,83,82,1,1
56891,89,93,-4,4
56892,79,78,1,1
56893,77,79,-2,2
56894,82,86,-4,4
56895,79,80,-1,1
56896,165,146,19,19
56897,57,65,-8,8
56898,94,96,-2,2
56899,101,87,14,14
56900,170,170,0,0
56901,68,71,-3,3
56902,121,111,10,10
56903,137,124,13,13
56904,72,67,5,5
56905,109,103,6,6
56906,81,74,7,7
56907,71,72,-1,1
56908,135,130,5,5
56909,105,99,6,6
56910,101,90,11,11
56911,71,75,-4,4
56912,93,91,2,2
56913,75,70,5,5
56914,68,131,-63,63
56915,107,100,7,7
56916,76,73,3,3
56917,127,115,12,12
56918,117,120,-3,3
56919,123,105,18,18
56920,158,156,2,2
56921,96,94,2,2
56922,44,57,-13,13
56923,100,96,4,4
56924,69,68,1,1
56925,77,83,-6,6
56926,66,69,-3,3
56927,71,62,9,9
56928,117,108,9,9
56929,103,104,-1,1
56930,99,92,7,7
56931,131,124,7,7
56932,50,57,-7,7
56933,39,53,-14,14
56934,74,68,6,6
56935,51,53,-2,2
56936,91,93,-2,2
56937,104,105,-1,1
56938,76,74,2,2
56939,126,120,6,6
56940,79,78,1,1
56941,88,89,-1,1
56942,103,100,3,3
56943,156,138,18,18
56944,153,141,12,12
56945,82,77,5,5
56946,69,72,-3,3
56947,85,87,-2,2
56948,90,99,-9,9
56949,118,107,11,11
56950,113,113,0,0
56951,63,70,-7,7
56952,39,57,-18,18
56953,125,114,11,11
56954,111,131,-20,20
56955,85,80,5,5
56956,69,71,-2,2
56957,164,150,14,14
56958,115,111,4,4
56959,100,113,-13,13
56960,97,94,3,3
56961,76,85,-9,9
56962,109,116,-7,7
56963,122,111,11,11
56964,75,78,-3,3
56965,94,93,1,1
56966,73,65,8,8
56967,138,123,15,15
56968,109,87,22,22
56969,84,90,-6,6
56970,65,60,5,5
56971,97,93,4,4
56972,150,136,14,14
56973,158,150,8,8
56974,74,70,4,4
56975,64,66,-2,2
56976,102,99,3,3
56977,83,92,-9,9
56978,181,153,28,28
56979,149,133,16,16
56980,67,61,6,6
56981,108,110,-2,2
56982,126,119,7,7
56983,129,117,12,12
56984,123,115,8,8
56985,88,80,8,8
56986,79,84,-5,5
56987,122,103,19,19
56988,88,76,12,12
56989,129,127,2,2
56990,82,77,5,5
56991,72,71,1,1
56992,116,107,9,9
56993,93,95,-2,2
56994,82,76,6,6
56995,153,149,4,4
56996,169,150,19,19
56997,79,89,-10,10
56998,92,89,3,3
56999,123,113,10,10
57000,75,92,-17,17
57001,162,158,4,4
57002,79,77,2,2
57003,90,84,6,6
57004,74,84,-10,10
57005,130,120,10,10
57006,128,116,12,12
57007,75,84,-9,9
57008,86,80,6,6
57009,111,109,2,2
57010,100,94,6,6
57011,57,61,-4,4
57012,126,119,7,7
57013,61,64,-3,3
57014,79,78,1,1
57015,80,67,13,13
57016,49,55,-6,6
57017,83,81,2,2
57018,65,65,0,0
57019,76,76,0,0
57020,99,94,5,5
57021,152,134,18,18
57022,74,76,-2,2
57023,90,93,-3,3
57024,116,121,-5,5
57025,150,148,2,2
57026,98,104,-6,6
57027,136,121,15,15
57028,109,102,7,7
57029,131,140,-9,9
57030,44,54,-10,10
57031,52,55,-3,3
57032,73,71,2,2
57033,160,128,32,32
57034,104,98,6,6
57035,71,64,7,7
57036,52,55,-3,3
57037,69,61,8,8
57038,120,104,16,16
57039,51,52,-1,1
57040,65,71,-6,6
57041,93,85,8,8
57042,62,73,-11,11
57043,108,98,10,10
57044,86,87,-1,1
57045,65,67,-2,2
57046,151,141,10,10
57047,82,85,-3,3
57048,54,55,-1,1
57049,57,58,-1,1
57050,87,83,4,4
57051,75,77,-2,2
57052,76,78,-2,2
57053,144,134,10,10
57054,82,82,0,0
57055,70,66,4,4
57056,65,66,-1,1
57057,130,129,1,1
57058,179,176,3,3
57059,143,143,0,0
57060,128,119,9,9
57061,59,56,3,3
57062,141,130,11,11
57063,91,86,5,5
57064,117,106,11,11
57065,103,100,3,3
57066,102,103,-1,1
57067,150,123,27,27
57068,91,81,10,10
57069,82,83,-1,1
57070,72,63,9,9
57071,146,128,18,18
57072,51,54,-3,3
57073,119,120,-1,1
57074,94,91,3,3
57075,113,98,15,15
57076,115,108,7,7
57077,50,56,-6,6
57078,72,86,-14,14
57079,127,118,9,9
57080,67,80,-13,13
57081,76,75,1,1
57082,96,104,-8,8
57083,137,144,-7,7
57084,189,173,16,16
57085,83,81,2,2
57086,90,90,0,0
57087,85,80,5,5
57088,99,96,3,3
57089,88,85,3,3
57090,163,147,16,16
57091,78,79,-1,1
57092,63,58,5,5
57093,87,88,-1,1
57094,81,83,-2,2
57095,117,125,-8,8
57096,86,76,10,10
57097,97,93,4,4
57098,120,114,6,6
57099,61,55,6,6
57100,109,110,-1,1
57101,82,79,3,3
57102,98,86,12,12
57103,100,88,12,12
57104,114,103,11,11
57105,61,62,-1,1
57106,88,92,-4,4
57107,75,77,-2,2
57108,96,94,2,2
57109,125,125,0,0
57110,216,190,26,26
57111,91,88,3,3
57112,149,167,-18,18
57113,104,92,12,12
57114,69,70,-1,1
57115,65,64,1,1
57116,116,101,15,15
57117,66,65,1,1
57118,53,58,-5,5
57119,61,68,-7,7
57120,106,107,-1,1
57121,118,104,14,14
57122,145,137,8,8
57123,90,81,9,9
57124,76,71,5,5
57125,48,53,-5,5
57126,38,53,-15,15
57127,65,65,0,0
57128,98,88,10,10
57129,48,62,-14,14
57130,93,93,0,0
57131,117,117,0,0
57132,66,67,-1,1
57133,110,96,14,14
57134,121,114,7,7
57135,95,87,8,8
57136,81,78,3,3
57137,48,57,-9,9
57138,80,82,-2,2
57139,136,140,-4,4
57140,55,58,-3,3
57141,110,97,13,13
57142,104,115,-11,11
57143,89,77,12,12
57144,90,100,-10,10
57145,111,109,2,2
57146,85,92,-7,7
57147,113,109,4,4
57148,100,98,2,2
57149,147,129,18,18
57150,86,92,-6,6
57151,76,81,-5,5
57152,164,137,27,27
57153,130,113,17,17
57154,99,90,9,9
57155,40,54,-14,14
57156,175,171,4,4
57157,148,139,9,9
57158,106,104,2,2
57159,152,144,8,8
57160,91,93,-2,2
57161,98,93,5,5
57162,51,62,-11,11
57163,88,89,-1,1
57164,89,84,5,5
57165,63,61,2,2
57166,84,81,3,3
57167,75,69,6,6
57168,117,102,15,15
57169,111,107,4,4
57170,134,144,-10,10
57171,81,88,-7,7
57172,101,102,-1,1
57173,61,57,4,4
57174,116,112,4,4
57175,77,79,-2,2
57176,121,115,6,6
57177,101,95,6,6
57178,22,52,-30,30
57179,89,84,5,5
57180,134,131,3,3
57181,132,130,2,2
57182,48,53,-5,5
57183,102,96,6,6
57184,90,83,7,7
57185,89,87,2,2
57186,109,110,-1,1
57187,164,143,21,21
57188,93,93,0,0
57189,93,95,-2,2
57190,63,73,-10,10
57191,99,97,2,2
57192,72,67,5,5
57193,85,82,3,3
57194,76,78,-2,2
57195,85,81,4,4
57196,125,85,40,40
57197,63,61,2,2
57198,47,56,-9,9
57199,123,120,3,3
57200,88,97,-9,9
57201,75,69,6,6
57202,78,76,2,2
57203,73,60,13,13
57204,113,122,-9,9
57205,88,82,6,6
57206,91,77,14,14
57207,99,96,3,3
57208,92,97,-5,5
57209,102,103,-1,1
57210,84,84,0,0
57211,153,143,10,10
57212,117,120,-3,3
57213,61,61,0,0
57214,81,76,5,5
57215,148,141,7,7
57216,88,74,14,14
57217,109,104,5,5
57218,124,117,7,7
57219,44,55,-11,11
57220,75,76,-1,1
57221,107,106,1,1
57222,74,76,-2,2
57223,75,65,10,10
57224,97,86,11,11
57225,95,82,13,13
57226,72,64,8,8
57227,71,66,5,5
57228,100,95,5,5
57229,110,94,16,16
57230,67,58,9,9
57231,59,57,2,2
57232,162,143,19,19
57233,97,95,2,2
57234,66,68,-2,2
57235,87,81,6,6
57236,142,137,5,5
57237,77,77,0,0
57238,61,55,6,6
57239,61,110,-49,49
57240,131,116,15,15
57241,84,84,0,0
57242,77,79,-2,2
57243,60,58,2,2
57244,77,79,-2,2
57245,47,52,-5,5
57246,71,74,-3,3
57247,118,115,3,3
57248,105,114,-9,9
57249,137,127,10,10
57250,48,66,-18,18
57251,81,82,-1,1
57252,105,86,19,19
57253,107,102,5,5
57254,149,135,14,14
57255,88,78,10,10
57256,104,94,10,10
57257,130,109,21,21
57258,118,115,3,3
57259,50,65,-15,15
57260,113,101,12,12
57261,48,54,-6,6
57262,105,105,0,0
57263,63,70,-7,7
57264,63,65,-2,2
57265,65,69,-4,4
57266,105,105,0,0
57267,38,54,-16,16
57268,57,62,-5,5
57269,94,88,6,6
57270,87,76,11,11
57271,68,68,0,0
57272,66,72,-6,6
57273,87,89,-2,2
57274,121,110,11,11
57275,104,94,10,10
57276,124,122,2,2
57277,158,138,20,20
57278,30,51,-21,21
57279,101,111,-10,10
57280,86,73,13,13
57281,93,86,7,7
57282,123,132,-9,9
57283,102,86,16,16
57284,142,149,-7,7
57285,61,73,-12,12
57286,75,78,-3,3
57287,125,126,-1,1
57288,95,88,7,7
57289,171,157,14,14
57290,96,124,-28,28
57291,123,118,5,5
57292,106,110,-4,4
57293,62,64,-2,2
57294,87,82,5,5
57295,57,58,-1,1
57296,56,53,3,3
57297,124,113,11,11
57298,81,76,5,5
57299,109,93,16,16
57300,165,162,3,3
57301,171,162,9,9
57302,104,99,5,5
57303,59,63,-4,4
57304,40,53,-13,13
57305,74,85,-11,11
57306,127,119,8,8
57307,73,81,-8,8
57308,130,118,12,12
57309,47,63,-16,16
57310,59,58,1,1
57311,156,136,20,20
57312,101,89,12,12
57313,89,75,14,14
57314,95,90,5,5
57315,60,68,-8,8
57316,91,89,2,2
57317,74,73,1,1
57318,160,141,19,19
57319,114,106,8,8
57320,148,138,10,10
57321,80,71,9,9
57322,24,51,-27,27
57323,52,56,-4,4
57324,259,213,46,46
57325,44,53,-9,9
57326,149,138,11,11
57327,57,59,-2,2
57328,126,126,0,0
57329,142,125,17,17
57330,111,112,-1,1
57331,167,152,15,15
57332,76,74,2,2
57333,69,64,5,5
57334,110,114,-4,4
57335,92,106,-14,14
57336,99,84,15,15
57337,95,93,2,2
57338,114,101,13,13
57339,91,92,-1,1
57340,104,99,5,5
57341,84,83,1,1
57342,164,139,25,25
57343,44,55,-11,11
57344,75,66,9,9
57345,95,91,4,4
57346,27,52,-25,25
57347,81,81,0,0
57348,72,72,0,0
57349,100,89,11,11
57350,131,113,18,18
57351,61,66,-5,5
57352,89,85,4,4
57353,65,68,-3,3
57354,53,63,-10,10
57355,103,108,-5,5
57356,129,121,8,8
57357,114,98,16,16
57358,102,97,5,5
57359,87,90,-3,3
57360,77,66,11,11
57361,72,70,2,2
57362,71,75,-4,4
57363,67,60,7,7
57364,116,111,5,5
57365,102,92,10,10
57366,83,77,6,6
57367,55,55,0,0
57368,71,82,-11,11
57369,84,76,8,8
57370,98,94,4,4
57371,101,85,16,16
57372,82,71,11,11
57373,117,114,3,3
57374,126,125,1,1
57375,66,72,-6,6
57376,81,85,-4,4
57377,189,177,12,12
57378,90,77,13,13
57379,86,79,7,7
57380,107,97,10,10
57381,117,128,-11,11
57382,54,55,-1,1
57383,81,86,-5,5
57384,85,75,10,10
57385,88,92,-4,4
57386,57,60,-3,3
57387,103,96,7,7
57388,103,95,8,8
57389,95,88,7,7
57390,107,103,4,4
57391,91,86,5,5
57392,111,122,-11,11
57393,200,176,24,24
57394,83,84,-1,1
57395,86,81,5,5
57396,80,81,-1,1
57397,109,110,-1,1
57398,69,67,2,2
57399,78,73,5,5
57400,70,77,-7,7
57401,77,74,3,3
57402,69,60,9,9
57403,96,83,13,13
57404,121,139,-18,18
57405,90,94,-4,4
57406,152,136,16,16
57407,91,82,9,9
57408,89,84,5,5
57409,104,96,8,8
57410,88,68,20,20
57411,113,104,9,9
57412,81,90,-9,9
57413,92,81,11,11
57414,112,97,15,15
57415,113,116,-3,3
57416,119,103,16,16
57417,68,67,1,1
57418,183,152,31,31
57419,154,138,16,16
57420,115,114,1,1
57421,173,182,-9,9
57422,108,99,9,9
57423,124,129,-5,5
57424,71,64,7,7
57425,84,75,9,9
57426,80,85,-5,5
57427,90,98,-8,8
57428,74,66,8,8
57429,89,77,12,12
57430,81,89,-8,8
57431,100,87,13,13
57432,136,129,7,7
57433,55,56,-1,1
57434,105,105,0,0
57435,77,74,3,3
57436,192,175,17,17
57437,99,88,11,11
57438,90,85,5,5
57439,134,119,15,15
57440,113,106,7,7
57441,90,80,10,10
57442,150,128,22,22
57443,52,55,-3,3
57444,102,96,6,6
57445,55,56,-1,1
57446,110,108,2,2
57447,57,57,0,0
57448,57,61,-4,4
57449,97,92,5,5
57450,117,117,0,0
57451,83,86,-3,3
57452,121,111,10,10
57453,58,61,-3,3
57454,101,96,5,5
57455,63,64,-1,1
57456,105,103,2,2
57457,94,84,10,10
57458,138,128,10,10
57459,62,60,2,2
57460,113,114,-1,1
57461,50,56,-6,6
57462,90,88,2,2
57463,135,132,3,3
57464,68,60,8,8
57465,94,88,6,6
57466,63,62,1,1
57467,179,158,21,21
57468,78,72,6,6
57469,197,161,36,36
57470,124,120,4,4
57471,115,118,-3,3
57472,105,99,6,6
57473,135,128,7,7
57474,59,60,-1,1
57475,75,83,-8,8
57476,131,122,9,9
57477,125,123,2,2
57478,82,88,-6,6
57479,193,174,19,19
57480,23,51,-28,28
57481,67,63,4,4
57482,204,184,20,20
57483,78,81,-3,3
57484,95,97,-2,2
57485,143,136,7,7
57486,69,66,3,3
57487,78,72,6,6
57488,185,172,13,13
57489,60,61,-1,1
57490,93,82,11,11
57491,49,54,-5,5
57492,151,130,21,21
57493,93,87,6,6
57494,109,96,13,13
57495,58,56,2,2
57496,132,112,20,20
57497,85,75,10,10
57498,118,94,24,24
57499,69,72,-3,3
57500,76,77,-1,1
57501,68,72,-4,4
57502,68,68,0,0
57503,103,111,-8,8
57504,116,107,9,9
57505,189,157,32,32
57506,64,67,-3,3
57507,54,54,0,0
57508,99,101,-2,2
57509,140,123,17,17
57510,52,55,-3,3
57511,144,136,8,8
57512,96,91,5,5
57513,60,80,-20,20
57514,131,125,6,6
57515,101,107,-6,6
57516,21,69,-48,48
57517,77,74,3,3
57518,94,93,1,1
57519,64,61,3,3
57520,77,65,12,12
57521,89,85,4,4
57522,68,67,1,1
57523,100,82,18,18
57524,94,87,7,7
57525,99,92,7,7
57526,104,105,-1,1
57527,76,73,3,3
57528,41,52,-11,11
57529,89,76,13,13
57530,159,132,27,27
57531,145,123,22,22
57532,89,79,10,10
57533,117,117,0,0
57534,56,63,-7,7
57535,112,106,6,6
57536,59,58,1,1
57537,54,55,-1,1
57538,83,74,9,9
57539,70,71,-1,1
57540,64,65,-1,1
57541,134,127,7,7
57542,107,115,-8,8
57543,81,79,2,2
57544,117,118,-1,1
57545,123,121,2,2
57546,114,99,15,15
57547,173,153,20,20
57548,79,67,12,12
57549,117,103,14,14
57550,32,52,-20,20
57551,87,80,7,7
57552,189,170,19,19
57553,70,77,-7,7
57554,155,128,27,27
57555,81,80,1,1
57556,168,152,16,16
57557,114,107,7,7
57558,153,151,2,2
57559,124,107,17,17
57560,51,54,-3,3
57561,105,107,-2,2
57562,101,113,-12,12
57563,86,84,2,2
57564,129,116,13,13
57565,122,109,13,13
57566,149,133,16,16
57567,85,79,6,6
57568,73,67,6,6
57569,66,69,-3,3
57570,180,154,26,26
57571,33,53,-20,20
57572,70,73,-3,3
57573,101,112,-11,11
57574,89,94,-5,5
57575,120,117,3,3
57576,121,111,10,10
57577,91,92,-1,1
57578,90,86,4,4
57579,121,113,8,8
57580,154,147,7,7
57581,110,102,8,8
57582,65,56,9,9
57583,107,115,-8,8
57584,141,129,12,12
57585,61,63,-2,2
57586,119,116,3,3
57587,135,128,7,7
57588,185,157,28,28
57589,46,54,-8,8
57590,89,87,2,2
57591,134,126,8,8
57592,102,95,7,7
57593,138,135,3,3
57594,104,92,12,12
57595,176,155,21,21
57596,112,104,8,8
57597,135,124,11,11
57598,119,111,8,8
57599,82,72,10,10
57600,99,99,0,0
57601,119,106,13,13
57602,98,106,-8,8
57603,96,97,-1,1
57604,90,93,-3,3
57605,81,69,12,12
57606,65,64,1,1
57607,120,113,7,7
57608,90,82,8,8
57609,80,83,-3,3
57610,81,87,-6,6
57611,78,95,-17,17
57612,82,74,8,8
57613,155,132,23,23
57614,77,72,5,5
57615,116,115,1,1
57616,78,77,1,1
57617,69,64,5,5
57618,64,64,0,0
57619,88,86,2,2
57620,56,61,-5,5
57621,62,64,-2,2
57622,49,56,-7,7
57623,120,103,17,17
57624,154,142,12,12
57625,86,88,-2,2
57626,61,66,-5,5
57627,66,63,3,3
57628,145,120,25,25
57629,83,87,-4,4
57630,136,123,13,13
57631,88,94,-6,6
57632,71,85,-14,14
57633,93,85,8,8
57634,97,90,7,7
57635,94,85,9,9
57636,97,98,-1,1
57637,57,66,-9,9
57638,142,137,5,5
57639,119,111,8,8
57640,87,89,-2,2
57641,131,133,-2,2
57642,119,121,-2,2
57643,76,70,6,6
57644,55,53,2,2
57645,106,97,9,9
57646,70,73,-3,3
57647,103,98,5,5
57648,96,81,15,15
57649,150,141,9,9
57650,128,127,1,1
57651,38,54,-16,16
57652,65,77,-12,12
57653,79,74,5,5
57654,96,86,10,10
57655,88,82,6,6
57656,185,186,-1,1
57657,81,73,8,8
57658,151,133,18,18
57659,94,91,3,3
57660,72,70,2,2
57661,110,102,8,8
57662,109,98,11,11
57663,80,69,11,11
57664,68,70,-2,2
57665,111,96,15,15
57666,67,68,-1,1
57667,95,87,8,8
57668,114,111,3,3
57669,51,54,-3,3
57670,111,103,8,8
57671,118,104,14,14
57672,157,131,26,26
57673,82,83,-1,1
57674,119,94,25,25
57675,73,72,1,1
57676,88,78,10,10
57677,46,52,-6,6
57678,61,67,-6,6
57679,81,81,0,0
57680,117,112,5,5
57681,87,84,3,3
57682,71,61,10,10
57683,70,65,5,5
57684,98,104,-6,6
57685,89,86,3,3
57686,100,87,13,13
57687,124,108,16,16
57688,166,148,18,18
57689,90,78,12,12
57690,43,54,-11,11
57691,175,152,23,23
57692,104,106,-2,2
57693,180,165,15,15
57694,57,55,2,2
57695,36,54,-18,18
57696,144,147,-3,3
57697,136,125,11,11
57698,56,55,1,1
57699,93,93,0,0
57700,91,87,4,4
57701,98,96,2,2
57702,82,65,17,17
57703,101,108,-7,7
57704,113,112,1,1
57705,53,60,-7,7
57706,55,57,-2,2
57707,120,106,14,14
57708,105,94,11,11
57709,71,73,-2,2
57710,78,75,3,3
57711,165,158,7,7
57712,82,83,-1,1
57713,126,112,14,14
57714,114,105,9,9
57715,143,130,13,13
57716,118,114,4,4
57717,94,96,-2,2
57718,41,52,-11,11
57719,67,64,3,3
57720,83,78,5,5
57721,119,97,22,22
57722,62,63,-1,1
57723,55,54,1,1
57724,95,91,4,4
57725,91,90,1,1
57726,68,67,1,1
57727,144,142,2,2
57728,64,63,1,1
57729,43,60,-17,17
57730,81,84,-3,3
57731,94,78,16,16
57732,77,73,4,4
57733,167,164,3,3
57734,51,56,-5,5
57735,117,103,14,14
57736,93,89,4,4
57737,71,72,-1,1
57738,64,66,-2,2
57739,168,152,16,16
57740,98,94,4,4
57741,38,52,-14,14
57742,124,113,11,11
57743,104,110,-6,6
57744,45,54,-9,9
57745,36,52,-16,16
57746,82,80,2,2
57747,120,106,14,14
57748,108,111,-3,3
57749,43,52,-9,9
57750,85,76,9,9
57751,146,129,17,17
57752,82,94,-12,12
57753,115,103,12,12
57754,98,85,13,13
57755,87,80,7,7
57756,124,122,2,2
57757,86,83,3,3
57758,92,105,-13,13
57759,109,90,19,19
57760,125,117,8,8
57761,140,144,-4,4
57762,84,95,-11,11
57763,66,68,-2,2
57764,131,114,17,17
57765,81,71,10,10
57766,88,82,6,6
57767,143,148,-5,5
57768,74,77,-3,3
57769,118,120,-2,2
57770,56,60,-4,4
57771,61,61,0,0
57772,112,111,1,1
57773,119,104,15,15
57774,102,91,11,11
57775,101,120,-19,19
57776,71,66,5,5
57777,118,112,6,6
57778,119,127,-8,8
57779,83,85,-2,2
57780,133,116,17,17
57781,57,55,2,2
57782,87,79,8,8
57783,6,51,-45,45
57784,76,83,-7,7
57785,124,114,10,10
57786,28,51,-23,23
57787,65,60,5,5
57788,86,76,10,10
57789,111,110,1,1
57790,59,65,-6,6
57791,94,91,3,3
57792,97,110,-13,13
57793,115,114,1,1
57794,75,75,0,0
57795,144,130,14,14
57796,86,94,-8,8
57797,74,73,1,1
57798,102,101,1,1
57799,79,74,5,5
57800,99,91,8,8
57801,140,143,-3,3
57802,101,98,3,3
57803,156,139,17,17
57804,92,84,8,8
57805,70,70,0,0
57806,59,73,-14,14
57807,116,107,9,9
57808,138,129,9,9
57809,136,134,2,2
57810,61,61,0,0
57811,53,56,-3,3
57812,79,73,6,6
57813,90,83,7,7
57814,127,115,12,12
57815,177,145,32,32
57816,110,116,-6,6
57817,129,121,8,8
57818,106,122,-16,16
57819,74,74,0,0
57820,154,148,6,6
57821,129,122,7,7
57822,73,69,4,4
57823,77,82,-5,5
57824,84,87,-3,3
57825,103,94,9,9
57826,90,116,-26,26
57827,109,98,11,11
57828,68,62,6,6
57829,72,64,8,8
57830,105,111,-6,6
57831,65,64,1,1
57832,95,86,9,9
57833,133,126,7,7
57834,103,90,13,13
57835,107,109,-2,2
57836,79,74,5,5
57837,116,106,10,10
57838,91,81,10,10
57839,72,83,-11,11
57840,66,83,-17,17
57841,147,130,17,17
57842,90,99,-9,9
57843,192,196,-4,4
57844,98,111,-13,13
57845,105,99,6,6
57846,44,55,-11,11
57847,102,86,16,16
57848,82,86,-4,4
57849,107,101,6,6
57850,102,97,5,5
57851,135,119,16,16
57852,157,137,20,20
57853,61,55,6,6
57854,155,141,14,14
57855,121,124,-3,3
57856,77,71,6,6
57857,142,133,9,9
57858,95,81,14,14
57859,104,95,9,9
57860,77,76,1,1
57861,135,125,10,10
57862,101,97,4,4
57863,65,62,3,3
57864,108,100,8,8
57865,46,55,-9,9
57866,196,181,15,15
57867,83,79,4,4
57868,92,80,12,12
57869,66,59,7,7
57870,87,78,9,9
57871,76,73,3,3
57872,24,69,-45,45
57873,94,100,-6,6
57874,85,71,14,14
57875,147,185,-38,38
57876,104,108,-4,4
57877,97,90,7,7
57878,159,138,21,21
57879,103,96,7,7
57880,114,112,2,2
57881,133,129,4,4
57882,66,65,1,1
57883,101,100,1,1
57884,71,68,3,3
57885,85,80,5,5
57886,87,70,17,17
57887,116,95,21,21
57888,88,75,13,13
57889,64,59,5,5
57890,48,56,-8,8
57891,55,58,-3,3
57892,61,85,-24,24
57893,86,93,-7,7
57894,56,55,1,1
57895,58,54,4,4
57896,77,76,1,1
57897,70,71,-1,1
57898,78,81,-3,3
57899,136,125,11,11
57900,69,68,1,1
57901,68,62,6,6
57902,102,93,9,9
57903,67,64,3,3
57904,82,75,7,7
57905,54,54,0,0
57906,70,76,-6,6
57907,83,73,10,10
57908,129,113,16,16
57909,43,52,-9,9
57910,46,61,-15,15
57911,119,114,5,5
57912,50,53,-3,3
57913,76,71,5,5
57914,168,151,17,17
57915,83,79,4,4
57916,116,99,17,17
57917,121,131,-10,10
57918,96,99,-3,3
57919,126,127,-1,1
57920,86,84,2,2
57921,85,74,11,11
57922,93,77,16,16
57923,52,56,-4,4
57924,129,122,7,7
57925,87,78,9,9
57926,38,53,-15,15
57927,61,73,-12,12
57928,77,75,2,2
57929,73,66,7,7
57930,143,143,0,0
57931,59,61,-2,2
57932,57,61,-4,4
57933,64,66,-2,2
57934,140,128,12,12
57935,109,112,-3,3
57936,91,86,5,5
57937,64,66,-2,2
57938,105,87,18,18
57939,121,105,16,16
57940,65,59,6,6
57941,80,79,1,1
57942,75,70,5,5
57943,90,79,11,11
57944,93,98,-5,5
57945,60,62,-2,2
57946,75,73,2,2
57947,97,96,1,1
57948,130,117,13,13
57949,111,99,12,12
57950,82,71,11,11
57951,102,95,7,7
57952,72,67,5,5
57953,180,175,5,5
57954,71,79,-8,8
57955,92,88,4,4
57956,109,103,6,6
57957,113,101,12,12
57958,117,103,14,14
57959,105,100,5,5
57960,85,78,7,7
57961,75,64,11,11
57962,77,74,3,3
57963,79,76,3,3
57964,106,97,9,9
57965,52,61,-9,9
57966,107,79,28,28
57967,89,88,1,1
57968,150,137,13,13
57969,84,80,4,4
57970,78,79,-1,1
57971,124,110,14,14
57972,58,58,0,0
57973,110,107,3,3
57974,108,106,2,2
57975,95,106,-11,11
57976,139,119,20,20
57977,92,89,3,3
57978,63,70,-7,7
57979,81,81,0,0
57980,103,87,16,16
57981,75,72,3,3
57982,75,83,-8,8
57983,125,115,10,10
57984,98,96,2,2
57985,101,97,4,4
57986,73,81,-8,8
57987,95,89,6,6
57988,120,105,15,15
57989,90,100,-10,10
57990,178,153,25,25
57991,111,113,-2,2
57992,90,88,2,2
57993,91,74,17,17
57994,92,77,15,15
57995,77,74,3,3
57996,87,79,8,8
57997,121,116,5,5
57998,99,85,14,14
57999,119,120,-1,1
58000,85,89,-4,4
58001,102,100,2,2
58002,102,94,8,8
58003,68,61,7,7
58004,159,135,24,24
58005,91,73,18,18
58006,85,87,-2,2
58007,77,80,-3,3
58008,136,126,10,10
58009,182,157,25,25
58010,101,95,6,6
58011,63,57,6,6
58012,89,99,-10,10
58013,78,73,5,5
58014,104,96,8,8
58015,113,109,4,4
58016,88,88,0,0
58017,87,81,6,6
58018,182,154,28,28
58019,97,89,8,8
58020,123,119,4,4
58021,93,116,-23,23
58022,77,64,13,13
58023,87,82,5,5
58024,71,69,2,2
58025,60,60,0,0
58026,95,98,-3,3
58027,92,82,10,10
58028,78,72,6,6
58029,84,87,-3,3
58030,153,137,16,16
58031,140,140,0,0
58032,99,81,18,18
58033,57,59,-2,2
58034,83,85,-2,2
58035,79,72,7,7
58036,87,86,1,1
58037,85,101,-16,16
58038,80,77,3,3
58039,69,71,-2,2
58040,68,68,0,0
58041,94,95,-1,1
58042,79,83,-4,4
58043,115,108,7,7
58044,59,59,0,0
58045,183,176,7,7
58046,64,64,0,0
58047,109,96,13,13
58048,54,54,0,0
58049,62,60,2,2
58050,69,79,-10,10
58051,62,55,7,7
58052,71,69,2,2
58053,140,128,12,12
58054,73,69,4,4
58055,124,118,6,6
58056,86,87,-1,1
58057,142,145,-3,3
58058,170,159,11,11
58059,69,66,3,3
58060,124,122,2,2
58061,123,123,0,0
58062,104,84,20,20
58063,65,69,-4,4
58064,110,104,6,6
58065,80,76,4,4
58066,66,65,1,1
58067,96,92,4,4
58068,116,115,1,1
58069,74,74,0,0
58070,59,61,-2,2
58071,64,57,7,7
58072,115,114,1,1
58073,89,80,9,9
58074,136,119,17,17
58075,51,53,-2,2
58076,73,68,5,5
58077,68,81,-13,13
58078,116,110,6,6
58079,135,135,0,0
58080,29,52,-23,23
58081,96,81,15,15
58082,38,63,-25,25
58083,170,161,9,9
58084,125,119,6,6
58085,160,140,20,20
58086,108,113,-5,5
58087,144,134,10,10
58088,70,61,9,9
58089,100,93,7,7
58090,62,61,1,1
58091,129,118,11,11
58092,99,88,11,11
58093,93,100,-7,7
58094,108,91,17,17
58095,59,56,3,3
58096,43,60,-17,17
58097,119,102,17,17
58098,71,61,10,10
58099,147,152,-5,5
58100,60,59,1,1
58101,79,87,-8,8
58102,64,66,-2,2
58103,73,72,1,1
58104,105,105,0,0
58105,80,74,6,6
58106,79,80,-1,1
58107,90,82,8,8
58108,89,77,12,12
58109,73,67,6,6
58110,113,111,2,2
58111,78,84,-6,6
58112,63,78,-15,15
58113,142,127,15,15
58114,145,153,-8,8
58115,95,92,3,3
58116,101,98,3,3
58117,126,108,18,18
58118,154,135,19,19
58119,184,150,34,34
58120,116,118,-2,2
58121,84,83,1,1
58122,129,129,0,0
58123,74,74,0,0
58124,97,88,9,9
58125,88,104,-16,16
58126,102,102,0,0
58127,69,67,2,2
58128,73,78,-5,5
58129,77,67,10,10
58130,98,95,3,3
58131,78,80,-2,2
58132,108,85,23,23
58133,78,76,2,2
58134,86,93,-7,7
58135,70,63,7,7
58136,70,72,-2,2
58137,78,73,5,5
58138,81,74,7,7
58139,55,59,-4,4
58140,37,52,-15,15
58141,80,76,4,4
58142,68,65,3,3
58143,130,127,3,3
58144,100,90,10,10
58145,71,74,-3,3
58146,97,91,6,6
58147,147,137,10,10
58148,93,92,1,1
58149,165,156,9,9
58150,70,72,-2,2
58151,59,66,-7,7
58152,46,54,-8,8
58153,132,111,21,21
58154,90,73,17,17
58155,208,182,26,26
58156,124,125,-1,1
58157,92,96,-4,4
58158,75,72,3,3
58159,103,98,5,5
58160,47,54,-7,7
58161,72,59,13,13
58162,65,64,1,1
58163,107,109,-2,2
58164,131,126,5,5
58165,67,75,-8,8
58166,119,113,6,6
58167,63,64,-1,1
58168,153,135,18,18
58169,72,73,-1,1
58170,131,139,-8,8
58171,92,85,7,7
58172,70,69,1,1
58173,93,96,-3,3
58174,48,63,-15,15
58175,75,69,6,6
58176,185,173,12,12
58177,90,76,14,14
58178,53,54,-1,1
58179,130,123,7,7
58180,139,135,4,4
58181,92,93,-1,1
58182,77,101,-24,24
58183,130,115,15,15
58184,88,76,12,12
58185,68,73,-5,5
58186,144,119,25,25
58187,73,73,0,0
58188,136,132,4,4
58189,115,105,10,10
58190,79,82,-3,3
58191,97,93,4,4
58192,70,65,5,5
58193,76,78,-2,2
58194,110,104,6,6
58195,103,104,-1,1
58196,106,102,4,4
58197,82,79,3,3
58198,82,83,-1,1
58199,64,63,1,1
58200,108,107,1,1
58201,162,145,17,17
58202,64,67,-3,3
58203,42,52,-10,10
58204,128,123,5,5
58205,93,84,9,9
58206,83,80,3,3
58207,75,64,11,11
58208,113,102,11,11
58209,131,117,14,14
58210,70,61,9,9
58211,82,81,1,1
58212,53,55,-2,2
58213,92,92,0,0
58214,123,110,13,13
58215,132,120,12,12
58216,71,69,2,2
58217,83,81,2,2
58218,52,56,-4,4
58219,102,95,7,7
58220,51,56,-5,5
58221,90,81,9,9
58222,121,125,-4,4
58223,125,120,5,5
58224,66,62,4,4
58225,99,103,-4,4
58226,71,80,-9,9
58227,103,99,4,4
58228,87,90,-3,3
58229,130,127,3,3
58230,74,70,4,4
58231,171,148,23,23
58232,146,122,24,24
58233,81,75,6,6
58234,72,67,5,5
58235,81,93,-12,12
58236,58,59,-1,1
58237,111,102,9,9
58238,148,139,9,9
58239,76,74,2,2
58240,78,71,7,7
58241,91,91,0,0
58242,91,90,1,1
58243,70,72,-2,2
58244,155,131,24,24
58245,89,89,0,0
58246,55,54,1,1
58247,97,82,15,15
58248,71,69,2,2
58249,134,132,2,2
58250,85,74,11,11
58251,76,71,5,5
58252,98,103,-5,5
58253,51,56,-5,5
58254,111,101,10,10
58255,59,62,-3,3
58256,112,105,7,7
58257,43,52,-9,9
58258,122,107,15,15
58259,62,74,-12,12
58260,57,56,1,1
58261,94,97,-3,3
58262,92,86,6,6
58263,113,117,-4,4
58264,125,113,12,12
58265,98,97,1,1
58266,58,62,-4,4
58267,110,99,11,11
58268,69,70,-1,1
58269,57,67,-10,10
58270,54,53,1,1
58271,69,66,3,3
58272,84,88,-4,4
58273,81,89,-8,8
58274,72,71,1,1
58275,120,106,14,14
58276,59,66,-7,7
58277,121,108,13,13
58278,54,60,-6,6
58279,62,64,-2,2
58280,83,73,10,10
58281,85,76,9,9
58282,102,103,-1,1
58283,109,93,16,16
58284,128,133,-5,5
58285,128,111,17,17
58286,155,116,39,39
58287,75,76,-1,1
58288,44,52,-8,8
58289,106,105,1,1
58290,122,105,17,17
58291,99,89,10,10
58292,76,74,2,2
58293,93,84,9,9
58294,59,61,-2,2
58295,115,102,13,13
58296,147,136,11,11
58297,104,105,-1,1
58298,56,57,-1,1
58299,119,111,8,8
58300,92,86,6,6
58301,55,57,-2,2
58302,70,61,9,9
58303,79,79,0,0
58304,106,100,6,6
58305,141,123,18,18
58306,142,132,10,10
58307,100,100,0,0
58308,71,67,4,4
58309,37,52,-15,15
58310,58,58,0,0
58311,107,110,-3,3
58312,104,97,7,7
58313,125,117,8,8
58314,95,121,-26,26
58315,164,149,15,15
58316,45,56,-11,11
58317,86,78,8,8
58318,101,96,5,5
58319,117,104,13,13
58320,85,89,-4,4
58321,60,60,0,0
58322,141,144,-3,3
58323,101,100,1,1
58324,113,97,16,16
58325,108,108,0,0
58326,86,80,6,6
58327,121,108,13,13
58328,165,173,-8,8
58329,58,57,1,1
58330,165,152,13,13
58331,99,100,-1,1
58332,77,79,-2,2
58333,120,112,8,8
58334,132,118,14,14
58335,138,118,20,20
58336,104,124,-20,20
58337,59,56,3,3
58338,68,61,7,7
58339,76,74,2,2
58340,81,82,-1,1
58341,126,116,10,10
58342,125,91,34,34
58343,39,54,-15,15
58344,103,84,19,19
58345,64,68,-4,4
58346,120,109,11,11
58347,53,59,-6,6
58348,81,72,9,9
58349,128,118,10,10
58350,75,74,1,1
58351,67,56,11,11
58352,158,134,24,24
58353,77,89,-12,12
58354,140,137,3,3
58355,75,80,-5,5
58356,114,114,0,0
58357,82,78,4,4
58358,96,96,0,0
58359,142,124,18,18
58360,84,94,-10,10
58361,84,64,20,20
58362,69,65,4,4
58363,63,61,2,2
58364,83,85,-2,2
58365,136,130,6,6
58366,107,98,9,9
58367,95,93,2,2
58368,157,132,25,25
58369,89,89,0,0
58370,85,79,6,6
58371,102,100,2,2
58372,103,104,-1,1
58373,88,82,6,6
58374,100,91,9,9
58375,69,62,7,7
58376,84,73,11,11
58377,32,53,-21,21
58378,52,56,-4,4
58379,156,141,15,15
58380,71,60,11,11
58381,114,109,5,5
58382,83,82,1,1
58383,81,79,2,2
58384,164,139,25,25
58385,109,102,7,7
58386,89,94,-5,5
58387,125,104,21,21
58388,82,72,10,10
58389,73,73,0,0
58390,117,132,-15,15
58391,69,70,-1,1
58392,98,91,7,7
58393,114,100,14,14
58394,86,83,3,3
58395,112,97,15,15
58396,96,96,0,0
58397,113,104,9,9
58398,86,91,-5,5
58399,130,119,11,11
58400,80,74,6,6
58401,134,128,6,6
58402,158,150,8,8
58403,59,55,4,4
58404,55,56,-1,1
58405,87,85,2,2
58406,42,53,-11,11
58407,76,72,4,4
58408,62,55,7,7
58409,119,111,8,8
58410,103,100,3,3
58411,172,164,8,8
58412,134,129,5,5
58413,68,63,5,5
58414,62,57,5,5
58415,57,61,-4,4
58416,147,128,19,19
58417,93,87,6,6
58418,116,107,9,9
58419,161,151,10,10
58420,79,92,-13,13
58421,148,140,8,8
58422,118,111,7,7
58423,46,57,-11,11
58424,130,125,5,5
58425,163,147,16,16
58426,56,58,-2,2
58427,74,68,6,6
58428,66,72,-6,6
58429,84,71,13,13
58430,76,80,-4,4
58431,88,81,7,7
58432,69,69,0,0
58433,60,61,-1,1
58434,75,73,2,2
58435,164,147,17,17
58436,71,80,-9,9
58437,125,100,25,25
58438,86,88,-2,2
58439,62,57,5,5
58440,82,78,4,4
58441,55,55,0,0
58442,58,70,-12,12
58443,52,60,-8,8
58444,107,98,9,9
58445,82,90,-8,8
58446,118,114,4,4
58447,104,95,9,9
58448,65,64,1,1
58449,148,150,-2,2
58450,104,101,3,3
58451,189,169,20,20
58452,126,124,2,2
58453,92,80,12,12
58454,122,113,9,9
58455,75,74,1,1
58456,99,95,4,4
58457,99,92,7,7
58458,154,147,7,7
58459,89,92,-3,3
58460,145,139,6,6
58461,81,68,13,13
58462,146,148,-2,2
58463,171,161,10,10
58464,52,54,-2,2
58465,81,73,8,8
58466,102,95,7,7
58467,137,142,-5,5
58468,43,52,-9,9
58469,93,95,-2,2
58470,62,60,2,2
58471,110,96,14,14
58472,78,69,9,9
58473,112,115,-3,3
58474,64,68,-4,4
58475,52,55,-3,3
58476,51,68,-17,17
58477,71,75,-4,4
58478,62,63,-1,1
58479,54,55,-1,1
58480,81,63,18,18
58481,156,129,27,27
58482,76,74,2,2
58483,74,64,10,10
58484,63,67,-4,4
58485,59,53,6,6
58486,45,53,-8,8
58487,127,106,21,21
58488,110,99,11,11
58489,68,66,2,2
58490,89,85,4,4
58491,64,60,4,4
58492,116,117,-1,1
58493,68,72,-4,4
58494,211,201,10,10
58495,93,84,9,9
58496,79,76,3,3
58497,84,81,3,3
58498,73,66,7,7
58499,82,73,9,9
58500,80,91,-11,11
58501,75,74,1,1
58502,83,85,-2,2
58503,123,116,7,7
58504,52,56,-4,4
58505,133,119,14,14
58506,90,85,5,5
58507,70,67,3,3
58508,74,79,-5,5
58509,84,84,0,0
58510,90,91,-1,1
58511,92,92,0,0
58512,55,64,-9,9
58513,62,63,-1,1
58514,120,114,6,6
58515,84,80,4,4
58516,83,73,10,10
58517,95,109,-14,14
58518,79,72,7,7
58519,89,89,0,0
58520,149,138,11,11
58521,81,107,-26,26
58522,91,91,0,0
58523,87,73,14,14
58524,76,75,1,1
58525,45,53,-8,8
58526,226,210,16,16
58527,125,116,9,9
58528,148,152,-4,4
58529,60,58,2,2
58530,134,128,6,6
58531,165,148,17,17
58532,129,117,12,12
58533,65,59,6,6
58534,89,83,6,6
58535,95,93,2,2
58536,83,79,4,4
58537,79,72,7,7
58538,111,99,12,12
58539,83,76,7,7
58540,121,116,5,5
58541,97,94,3,3
58542,114,109,5,5
58543,55,54,1,1
58544,118,107,11,11
58545,95,88,7,7
58546,80,79,1,1
58547,112,111,1,1
58548,127,117,10,10
58549,140,128,12,12
58550,100,161,-61,61
58551,50,54,-4,4
58552,130,123,7,7
58553,77,74,3,3
58554,86,91,-5,5
58555,117,98,19,19
58556,163,150,13,13
58557,78,72,6,6
58558,118,109,9,9
58559,110,111,-1,1
58560,93,82,11,11
58561,76,89,-13,13
58562,71,61,10,10
58563,85,85,0,0
58564,39,52,-13,13
58565,77,80,-3,3
58566,57,55,2,2
58567,68,67,1,1
58568,74,69,5,5
58569,80,73,7,7
58570,86,87,-1,1
58571,55,56,-1,1
58572,129,104,25,25
58573,181,177,4,4
58574,71,68,3,3
58575,106,126,-20,20
58576,43,55,-12,12
58577,157,149,8,8
58578,68,69,-1,1
58579,134,121,13,13
58580,137,137,0,0
58581,71,70,1,1
58582,48,53,-5,5
58583,45,52,-7,7
58584,75,73,2,2
58585,67,77,-10,10
58586,108,95,13,13
58587,81,77,4,4
58588,94,92,2,2
58589,229,205,24,24
58590,58,59,-1,1
58591,75,78,-3,3
58592,97,111,-14,14
58593,142,135,7,7
58594,196,156,40,40
58595,78,78,0,0
58596,101,107,-6,6
58597,100,93,7,7
58598,82,72,10,10
58599,100,96,4,4
58600,81,84,-3,3
58601,81,87,-6,6
58602,106,129,-23,23
58603,74,63,11,11
58604,77,85,-8,8
58605,124,114,10,10
58606,35,52,-17,17
58607,76,76,0,0
58608,106,98,8,8
58609,83,85,-2,2
58610,82,81,1,1
58611,77,76,1,1
58612,113,109,4,4
58613,86,79,7,7
58614,115,107,8,8
58615,98,92,6,6
58616,69,75,-6,6
58617,90,91,-1,1
58618,99,89,10,10
58619,59,66,-7,7
58620,109,96,13,13
58621,72,74,-2,2
58622,130,119,11,11
58623,118,115,3,3
58624,113,109,4,4
58625,98,93,5,5
58626,102,90,12,12
58627,142,121,21,21
58628,95,98,-3,3
58629,89,87,2,2
58630,45,64,-19,19
58631,35,50,-15,15
58632,54,55,-1,1
58633,102,85,17,17
58634,27,51,-24,24
58635,66,63,3,3
58636,35,52,-17,17
58637,115,102,13,13
58638,148,135,13,13
58639,98,86,12,12
58640,115,110,5,5
58641,79,84,-5,5
58642,84,81,3,3
58643,147,139,8,8
58644,79,71,8,8
58645,62,60,2,2
58646,95,80,15,15
58647,71,71,0,0
58648,66,66,0,0
58649,84,82,2,2
58650,142,127,15,15
58651,142,124,18,18
58652,91,87,4,4
58653,102,97,5,5
58654,105,131,-26,26
58655,66,62,4,4
58656,83,85,-2,2
58657,63,62,1,1
58658,66,68,-2,2
58659,109,118,-9,9
58660,71,73,-2,2
58661,92,89,3,3
58662,139,141,-2,2
58663,117,115,2,2
58664,120,114,6,6
58665,94,108,-14,14
58666,99,95,4,4
58667,58,57,1,1
58668,129,122,7,7
58669,66,74,-8,8
58670,126,97,29,29
58671,111,113,-2,2
58672,54,56,-2,2
58673,153,125,28,28
58674,82,80,2,2
58675,56,58,-2,2
58676,59,60,-1,1
58677,146,131,15,15
58678,64,66,-2,2
58679,56,56,0,0
58680,60,59,1,1
58681,21,57,-36,36
58682,132,132,0,0
58683,85,83,2,2
58684,113,105,8,8
58685,81,77,4,4
58686,110,107,3,3
58687,98,92,6,6
58688,86,88,-2,2
58689,102,95,7,7
58690,129,140,-11,11
58691,89,80,9,9
58692,121,120,1,1
58693,104,96,8,8
58694,63,68,-5,5
58695,138,130,8,8
58696,119,132,-13,13
58697,92,87,5,5
58698,113,102,11,11
58699,97,93,4,4
58700,162,141,21,21
58701,41,53,-12,12
58702,112,109,3,3
58703,124,114,10,10
58704,76,70,6,6
58705,116,115,1,1
58706,86,81,5,5
58707,69,62,7,7
58708,99,104,-5,5
58709,65,64,1,1
58710,70,79,-9,9
58711,111,93,18,18
58712,79,73,6,6
58713,92,92,0,0
58714,92,78,14,14
58715,126,121,5,5
58716,109,96,13,13
58717,65,72,-7,7
58718,79,75,4,4
58719,160,151,9,9
58720,75,77,-2,2
58721,95,87,8,8
58722,97,90,7,7
58723,102,96,6,6
58724,75,67,8,8
58725,119,117,2,2
58726,31,51,-20,20
58727,137,121,16,16
58728,99,105,-6,6
58729,135,125,10,10
58730,143,139,4,4
58731,128,122,6,6
58732,135,131,4,4
58733,56,59,-3,3
58734,79,71,8,8
58735,157,134,23,23
58736,103,112,-9,9
58737,147,137,10,10
58738,78,76,2,2
58739,124,117,7,7
58740,57,66,-9,9
58741,63,76,-13,13
58742,79,75,4,4
58743,87,90,-3,3
58744,105,93,12,12
58745,119,107,12,12
58746,41,52,-11,11
58747,62,65,-3,3
58748,148,145,3,3
58749,113,105,8,8
58750,236,205,31,31
58751,49,55,-6,6
58752,78,80,-2,2
58753,105,103,2,2
58754,136,124,12,12
58755,93,91,2,2
58756,55,58,-3,3
58757,87,87,0,0
58758,67,72,-5,5
58759,113,99,14,14
58760,52,55,-3,3
58761,102,124,-22,22
58762,149,122,27,27
58763,65,72,-7,7
58764,106,97,9,9
58765,88,83,5,5
58766,175,150,25,25
58767,116,116,0,0
58768,128,121,7,7
58769,86,85,1,1
58770,154,134,20,20
58771,93,88,5,5
58772,65,90,-25,25
58773,119,114,5,5
58774,81,78,3,3
58775,93,107,-14,14
58776,77,79,-2,2
58777,144,115,29,29
58778,105,102,3,3
58779,111,87,24,24
58780,143,123,20,20
58781,96,89,7,7
58782,86,95,-9,9
58783,78,72,6,6
58784,136,127,9,9
58785,82,77,5,5
58786,91,84,7,7
58787,83,85,-2,2
58788,106,109,-3,3
58789,94,93,1,1
58790,99,99,0,0
58791,78,69,9,9
58792,154,138,16,16
58793,77,62,15,15
58794,184,163,21,21
58795,192,173,19,19
58796,77,72,5,5
58797,105,107,-2,2
58798,62,65,-3,3
58799,103,97,6,6
58800,59,60,-1,1
58801,77,68,9,9
58802,155,150,5,5
58803,90,82,8,8
58804,98,115,-17,17
58805,93,90,3,3
58806,132,125,7,7
58807,115,109,6,6
58808,67,64,3,3
58809,198,183,15,15
58810,90,80,10,10
58811,114,109,5,5
58812,108,102,6,6
58813,77,79,-2,2
58814,114,119,-5,5
58815,126,132,-6,6
58816,86,80,6,6
58817,67,66,1,1
58818,108,101,7,7
58819,92,90,2,2
58820,123,119,4,4
58821,96,100,-4,4
58822,64,62,2,2
58823,166,150,16,16
58824,218,206,12,12
58825,89,91,-2,2
58826,76,81,-5,5
58827,69,67,2,2
58828,122,118,4,4
58829,115,110,5,5
58830,87,103,-16,16
58831,119,111,8,8
58832,95,87,8,8
58833,82,79,3,3
58834,57,60,-3,3
58835,100,101,-1,1
58836,86,78,8,8
58837,101,89,12,12
58838,65,57,8,8
58839,106,101,5,5
58840,75,69,6,6
58841,142,128,14,14
58842,81,73,8,8
58843,77,77,0,0
58844,59,56,3,3
58845,130,114,16,16
58846,100,86,14,14
58847,92,94,-2,2
58848,55,59,-4,4
58849,101,122,-21,21
58850,66,61,5,5
58851,108,92,16,16
58852,83,80,3,3
58853,69,65,4,4
58854,140,122,18,18
58855,87,83,4,4
58856,96,92,4,4
58857,167,141,26,26
58858,72,68,4,4
58859,88,86,2,2
58860,124,115,9,9
58861,91,92,-1,1
58862,51,54,-3,3
58863,87,67,20,20
58864,92,92,0,0
58865,58,58,0,0
58866,45,52,-7,7
58867,95,82,13,13
58868,134,120,14,14
58869,91,87,4,4
58870,121,110,11,11
58871,51,53,-2,2
58872,58,57,1,1
58873,48,56,-8,8
58874,75,76,-1,1
58875,46,55,-9,9
58876,56,58,-2,2
58877,87,80,7,7
58878,47,61,-14,14
58879,88,90,-2,2
58880,112,102,10,10
58881,56,60,-4,4
58882,104,101,3,3
58883,61,55,6,6
58884,96,94,2,2
58885,113,102,11,11
58886,66,59,7,7
58887,153,148,5,5
58888,115,118,-3,3
58889,100,96,4,4
58890,73,67,6,6
58891,89,72,17,17
58892,101,107,-6,6
58893,82,88,-6,6
58894,89,95,-6,6
58895,94,94,0,0
58896,93,83,10,10
58897,113,111,2,2
58898,129,120,9,9
58899,68,61,7,7
58900,68,60,8,8
58901,94,88,6,6
58902,157,143,14,14
58903,99,91,8,8
58904,54,60,-6,6
58905,123,110,13,13
58906,94,79,15,15
58907,183,170,13,13
58908,74,66,8,8
58909,59,56,3,3
58910,173,151,22,22
58911,122,109,13,13
58912,75,70,5,5
58913,77,78,-1,1
58914,63,62,1,1
58915,90,94,-4,4
58916,56,62,-6,6
58917,82,77,5,5
58918,86,100,-14,14
58919,149,141,8,8
58920,108,101,7,7
58921,73,67,6,6
58922,67,68,-1,1
58923,93,91,2,2
58924,55,54,1,1
58925,108,111,-3,3
58926,118,112,6,6
58927,30,53,-23,23
58928,70,61,9,9
58929,94,92,2,2
58930,84,76,8,8
58931,77,68,9,9
58932,64,58,6,6
58933,103,99,4,4
58934,93,113,-20,20
58935,91,82,9,9
58936,65,65,0,0
58937,108,96,12,12
58938,117,100,17,17
58939,45,54,-9,9
58940,113,115,-2,2
58941,70,64,6,6
58942,75,90,-15,15
58943,79,75,4,4
58944,59,56,3,3
58945,59,58,1,1
58946,42,58,-16,16
58947,96,84,12,12
58948,109,100,9,9
58949,95,101,-6,6
58950,126,122,4,4
58951,89,89,0,0
58952,99,95,4,4
58953,145,140,5,5
58954,108,97,11,11
58955,84,80,4,4
58956,82,86,-4,4
58957,171,152,19,19
58958,103,91,12,12
58959,118,104,14,14
58960,180,154,26,26
58961,61,63,-2,2
58962,163,140,23,23
58963,135,139,-4,4
58964,152,132,20,20
58965,109,91,18,18
58966,61,62,-1,1
58967,108,106,2,2
58968,181,176,5,5
58969,104,107,-3,3
58970,105,98,7,7
58971,68,71,-3,3
58972,116,138,-22,22
58973,144,129,15,15
58974,85,76,9,9
58975,141,144,-3,3
58976,152,147,5,5
58977,114,116,-2,2
58978,143,129,14,14
58979,155,143,12,12
58980,191,165,26,26
58981,102,92,10,10
58982,77,71,6,6
58983,97,98,-1,1
58984,85,90,-5,5
58985,82,76,6,6
58986,83,74,9,9
58987,64,62,2,2
58988,135,129,6,6
58989,86,77,9,9
58990,59,54,5,5
58991,71,60,11,11
58992,65,59,6,6
58993,134,123,11,11
58994,85,86,-1,1
58995,159,146,13,13
58996,145,141,4,4
58997,66,64,2,2
58998,71,74,-3,3
58999,154,131,23,23
59000,159,158,1,1
59001,50,56,-6,6
59002,95,98,-3,3
59003,81,73,8,8
59004,128,111,17,17
59005,79,75,4,4
59006,93,96,-3,3
59007,156,148,8,8
59008,107,98,9,9
59009,48,54,-6,6
59010,49,54,-5,5
59011,52,111,-59,59
59012,43,54,-11,11
59013,166,150,16,16
59014,59,59,0,0
59015,97,89,8,8
59016,143,147,-4,4
59017,107,112,-5,5
59018,122,115,7,7
59019,77,67,10,10
59020,77,75,2,2
59021,52,54,-2,2
59022,70,69,1,1
59023,93,87,6,6
59024,93,104,-11,11
59025,110,112,-2,2
59026,53,56,-3,3
59027,67,62,5,5
59028,185,171,14,14
59029,90,76,14,14
59030,107,100,7,7
59031,148,147,1,1
59032,119,116,3,3
59033,95,103,-8,8
59034,112,90,22,22
59035,171,168,3,3
59036,110,90,20,20
59037,76,79,-3,3
59038,99,92,7,7
59039,94,97,-3,3
59040,107,110,-3,3
59041,73,70,3,3
59042,133,111,22,22
59043,70,77,-7,7
59044,80,66,14,14
59045,149,135,14,14
59046,78,62,16,16
59047,95,90,5,5
59048,79,83,-4,4
59049,42,54,-12,12
59050,73,68,5,5
59051,346,259,87,87
59052,70,69,1,1
59053,75,74,1,1
59054,144,136,8,8
59055,63,61,2,2
59056,80,74,6,6
59057,124,107,17,17
59058,69,65,4,4
59059,99,93,6,6
59060,140,113,27,27
59061,117,109,8,8
59062,58,64,-6,6
59063,84,80,4,4
59064,47,52,-5,5
59065,86,78,8,8
59066,52,56,-4,4
59067,77,79,-2,2
59068,69,67,2,2
59069,107,97,10,10
59070,118,102,16,16
59071,81,87,-6,6
59072,109,97,12,12
59073,97,103,-6,6
59074,85,80,5,5
59075,81,71,10,10
59076,65,59,6,6
59077,101,111,-10,10
59078,90,93,-3,3
59079,68,73,-5,5
59080,59,55,4,4
59081,97,94,3,3
59082,104,98,6,6
59083,52,54,-2,2
59084,58,59,-1,1
59085,64,69,-5,5
59086,92,88,4,4
59087,179,156,23,23
59088,112,101,11,11
59089,100,108,-8,8
59090,60,57,3,3
59091,102,100,2,2
59092,111,102,9,9
59093,100,88,12,12
59094,80,76,4,4
59095,89,82,7,7
59096,124,126,-2,2
59097,70,68,2,2
59098,85,90,-5,5
59099,79,83,-4,4
59100,74,75,-1,1
59101,66,63,3,3
59102,75,77,-2,2
59103,83,80,3,3
59104,65,69,-4,4
59105,119,115,4,4
59106,102,99,3,3
59107,81,81,0,0
59108,77,76,1,1
59109,81,77,4,4
59110,94,92,2,2
59111,103,101,2,2
59112,104,99,5,5
59113,118,101,17,17
59114,90,81,9,9
59115,71,71,0,0
59116,114,102,12,12
59117,120,93,27,27
59118,85,77,8,8
59119,79,81,-2,2
59120,49,57,-8,8
59121,74,65,9,9
59122,99,95,4,4
59123,106,113,-7,7
59124,89,90,-1,1
59125,21,61,-40,40
59126,114,110,4,4
59127,90,94,-4,4
59128,129,119,10,10
59129,64,58,6,6
59130,44,53,-9,9
59131,150,130,20,20
59132,136,128,8,8
59133,119,119,0,0
59134,68,73,-5,5
59135,87,88,-1,1
59136,66,69,-3,3
59137,103,98,5,5
59138,117,113,4,4
59139,111,91,20,20
59140,112,85,27,27
59141,101,91,10,10
59142,143,138,5,5
59143,81,79,2,2
59144,180,151,29,29
59145,61,61,0,0
59146,131,122,9,9
59147,70,70,0,0
59148,107,102,5,5
59149,135,115,20,20
59150,92,83,9,9
59151,81,76,5,5
59152,108,102,6,6
59153,90,83,7,7
59154,86,74,12,12
59155,127,114,13,13
59156,47,56,-9,9
59157,130,121,9,9
59158,84,87,-3,3
59159,79,75,4,4
59160,91,88,3,3
59161,120,103,17,17
59162,80,77,3,3
59163,59,61,-2,2
59164,81,88,-7,7
59165,143,139,4,4
59166,117,95,22,22
59167,143,134,9,9
59168,154,118,36,36
59169,57,59,-2,2
59170,69,65,4,4
59171,44,53,-9,9
59172,84,87,-3,3
59173,96,91,5,5
59174,80,75,5,5
59175,61,73,-12,12
59176,64,73,-9,9
59177,67,69,-2,2
59178,108,100,8,8
59179,87,85,2,2
59180,87,83,4,4
59181,112,94,18,18
59182,147,135,12,12
59183,143,134,9,9
59184,124,108,16,16
59185,160,142,18,18
59186,109,107,2,2
59187,71,65,6,6
59188,138,125,13,13
59189,76,72,4,4
59190,96,87,9,9
59191,94,86,8,8
59192,44,52,-8,8
59193,83,85,-2,2
59194,49,54,-5,5
59195,75,83,-8,8
59196,104,107,-3,3
59197,75,72,3,3
59198,93,87,6,6
59199,96,100,-4,4
59200,81,83,-2,2
59201,80,76,4,4
59202,97,79,18,18
59203,65,69,-4,4
59204,46,54,-8,8
59205,79,77,2,2
59206,88,86,2,2
59207,62,71,-9,9
59208,84,70,14,14
59209,70,68,2,2
59210,129,130,-1,1
59211,104,73,31,31
59212,116,118,-2,2
59213,126,116,10,10
59214,95,96,-1,1
59215,66,64,2,2
59216,81,76,5,5
59217,133,110,23,23
59218,95,96,-1,1
59219,151,132,19,19
59220,88,87,1,1
59221,110,106,4,4
59222,69,63,6,6
59223,106,93,13,13
59224,64,68,-4,4
59225,126,106,20,20
59226,41,54,-13,13
59227,97,93,4,4
59228,46,73,-27,27
59229,52,64,-12,12
59230,66,55,11,11
59231,81,75,6,6
59232,81,81,0,0
59233,85,78,7,7
59234,35,54,-19,19
59235,118,108,10,10
59236,94,88,6,6
59237,92,85,7,7
59238,55,56,-1,1
59239,99,93,6,6
59240,68,66,2,2
59241,56,57,-1,1
59242,97,100,-3,3
59243,110,111,-1,1
59244,152,135,17,17
59245,40,52,-12,12
59246,52,61,-9,9
59247,169,162,7,7
59248,160,142,18,18
59249,78,69,9,9
59250,77,86,-9,9
59251,40,52,-12,12
59252,93,110,-17,17
59253,115,102,13,13
59254,108,110,-2,2
59255,69,69,0,0
59256,126,146,-20,20
59257,133,138,-5,5
59258,116,110,6,6
59259,76,83,-7,7
59260,42,53,-11,11
59261,74,79,-5,5
59262,145,130,15,15
59263,72,63,9,9
59264,103,110,-7,7
59265,67,67,0,0
59266,139,116,23,23
59267,93,88,5,5
59268,112,102,10,10
59269,176,161,15,15
59270,70,66,4,4
59271,158,126,32,32
59272,71,68,3,3
59273,47,52,-5,5
59274,93,78,15,15
59275,57,62,-5,5
59276,75,65,10,10
59277,62,72,-10,10
59278,104,113,-9,9
59279,143,134,9,9
59280,83,78,5,5
59281,75,67,8,8
59282,92,89,3,3
59283,60,82,-22,22
59284,117,110,7,7
59285,64,64,0,0
59286,61,60,1,1
59287,87,74,13,13
59288,175,171,4,4
59289,58,61,-3,3
59290,77,64,13,13
59291,96,76,20,20
59292,120,118,2,2
59293,176,157,19,19
59294,132,124,8,8
59295,67,68,-1,1
59296,73,71,2,2
59297,120,137,-17,17
59298,71,73,-2,2
59299,63,59,4,4
59300,74,64,10,10
59301,35,56,-21,21
59302,129,114,15,15
59303,132,130,2,2
59304,75,77,-2,2
59305,122,110,12,12
59306,89,79,10,10
59307,90,78,12,12
59308,71,72,-1,1
59309,92,81,11,11
59310,184,155,29,29
59311,59,81,-22,22
59312,90,88,2,2
59313,100,106,-6,6
59314,83,78,5,5
59315,83,81,2,2
59316,78,77,1,1
59317,106,100,6,6
59318,107,107,0,0
59319,45,52,-7,7
59320,82,83,-1,1
59321,85,92,-7,7
59322,109,84,25,25
59323,70,71,-1,1
59324,70,71,-1,1
59325,109,110,-1,1
59326,62,60,2,2
59327,63,70,-7,7
59328,67,71,-4,4
59329,38,52,-14,14
59330,45,53,-8,8
59331,111,99,12,12
59332,99,107,-8,8
59333,52,57,-5,5
59334,93,90,3,3
59335,103,113,-10,10
59336,86,82,4,4
59337,69,64,5,5
59338,52,80,-28,28
59339,215,168,47,47
59340,90,82,8,8
59341,54,55,-1,1
59342,110,103,7,7
59343,97,84,13,13
59344,150,113,37,37
59345,142,124,18,18
59346,57,71,-14,14
59347,116,108,8,8
59348,177,154,23,23
59349,109,102,7,7
59350,78,75,3,3
59351,79,78,1,1
59352,51,54,-3,3
59353,80,76,4,4
59354,99,104,-5,5
59355,49,53,-4,4
59356,153,150,3,3
59357,174,158,16,16
59358,100,95,5,5
59359,147,129,18,18
59360,75,85,-10,10
59361,138,125,13,13
59362,78,71,7,7
59363,77,80,-3,3
59364,93,80,13,13
59365,148,131,17,17
59366,176,153,23,23
59367,74,69,5,5
59368,178,176,2,2
59369,107,110,-3,3
59370,103,93,10,10
59371,125,117,8,8
59372,119,109,10,10
59373,98,96,2,2
59374,69,62,7,7
59375,72,67,5,5
59376,81,93,-12,12
59377,54,57,-3,3
59378,110,108,2,2
59379,84,81,3,3
59380,148,140,8,8
59381,61,57,4,4
59382,94,98,-4,4
59383,79,88,-9,9
59384,77,73,4,4
59385,83,79,4,4
59386,102,87,15,15
59387,99,92,7,7
59388,104,96,8,8
59389,128,130,-2,2
59390,73,76,-3,3
59391,85,81,4,4
59392,123,131,-8,8
59393,87,92,-5,5
59394,135,113,22,22
59395,71,65,6,6
59396,81,90,-9,9
59397,64,56,8,8
59398,71,64,7,7
59399,105,100,5,5
59400,59,54,5,5
59401,140,125,15,15
59402,161,146,15,15
59403,100,86,14,14
59404,89,86,3,3
59405,64,66,-2,2
59406,154,145,9,9
59407,167,129,38,38
59408,178,157,21,21
59409,88,76,12,12
59410,79,98,-19,19
59411,72,79,-7,7
59412,85,80,5,5
59413,92,88,4,4
59414,71,80,-9,9
59415,60,64,-4,4
59416,66,58,8,8
59417,95,81,14,14
59418,82,78,4,4
59419,82,84,-2,2
59420,91,78,13,13
59421,121,105,16,16
59422,78,74,4,4
59423,148,137,11,11
59424,95,92,3,3
59425,138,135,3,3
59426,61,63,-2,2
59427,66,66,0,0
59428,83,77,6,6
59429,61,66,-5,5
59430,60,59,1,1
59431,56,61,-5,5
59432,127,119,8,8
59433,62,58,4,4
59434,133,124,9,9
59435,79,70,9,9
59436,123,101,22,22
59437,53,56,-3,3
59438,79,75,4,4
59439,126,106,20,20
59440,117,126,-9,9
59441,136,127,9,9
59442,81,102,-21,21
59443,105,123,-18,18
59444,118,118,0,0
59445,66,63,3,3
59446,59,60,-1,1
59447,129,123,6,6
59448,93,96,-3,3
59449,87,88,-1,1
59450,45,52,-7,7
59451,64,60,4,4
59452,121,118,3,3
59453,168,141,27,27
59454,81,72,9,9
59455,99,87,12,12
59456,117,98,19,19
59457,95,81,14,14
59458,66,64,2,2
59459,122,111,11,11
59460,112,117,-5,5
59461,71,78,-7,7
59462,172,169,3,3
59463,108,95,13,13
59464,85,80,5,5
59465,130,120,10,10
59466,64,60,4,4
59467,74,77,-3,3
59468,63,63,0,0
59469,145,138,7,7
59470,95,94,1,1
59471,138,135,3,3
59472,105,99,6,6
59473,51,56,-5,5
59474,109,111,-2,2
59475,91,103,-12,12
59476,70,65,5,5
59477,129,120,9,9
59478,106,86,20,20
59479,82,73,9,9
59480,54,54,0,0
59481,151,153,-2,2
59482,120,111,9,9
59483,151,141,10,10
59484,96,99,-3,3
59485,62,64,-2,2
59486,165,151,14,14
59487,138,124,14,14
59488,128,122,6,6
59489,80,67,13,13
59490,94,94,0,0
59491,86,85,1,1
59492,130,120,10,10
59493,154,137,17,17
59494,81,80,1,1
59495,152,141,11,11
59496,52,65,-13,13
59497,65,61,4,4
59498,109,86,23,23
59499,72,68,4,4
59500,103,93,10,10
59501,112,95,17,17
59502,65,69,-4,4
59503,77,83,-6,6
59504,189,183,6,6
59505,178,163,15,15
59506,48,52,-4,4
59507,145,133,12,12
59508,47,60,-13,13
59509,146,132,14,14
59510,118,114,4,4
59511,78,78,0,0
59512,93,96,-3,3
59513,72,67,5,5
59514,86,85,1,1
59515,118,105,13,13
59516,87,84,3,3
59517,42,54,-12,12
59518,87,92,-5,5
59519,87,88,-1,1
59520,159,146,13,13
59521,96,93,3,3
59522,50,56,-6,6
59523,76,91,-15,15
59524,111,115,-4,4
59525,140,128,12,12
59526,133,117,16,16
59527,89,95,-6,6
59528,94,93,1,1
59529,60,54,6,6
59530,67,65,2,2
59531,166,139,27,27
59532,74,76,-2,2
59533,88,86,2,2
59534,113,104,9,9
59535,114,108,6,6
59536,98,86,12,12
59537,52,60,-8,8
59538,109,101,8,8
59539,51,53,-2,2
59540,92,86,6,6
59541,79,80,-1,1
59542,65,67,-2,2
59543,80,82,-2,2
59544,130,118,12,12
59545,90,92,-2,2
59546,108,94,14,14
59547,84,86,-2,2
59548,160,148,12,12
59549,53,56,-3,3
59550,62,67,-5,5
59551,65,71,-6,6
59552,65,65,0,0
59553,61,58,3,3
59554,35,52,-17,17
59555,113,108,5,5
59556,69,71,-2,2
59557,56,56,0,0
59558,103,109,-6,6
59559,76,72,4,4
59560,106,109,-3,3
59561,157,147,10,10
59562,150,141,9,9
59563,79,76,3,3
59564,94,91,3,3
59565,59,61,-2,2
59566,135,150,-15,15
59567,91,91,0,0
59568,129,118,11,11
59569,80,82,-2,2
59570,58,55,3,3
59571,96,80,16,16
59572,160,156,4,4
59573,80,73,7,7
59574,55,57,-2,2
59575,101,94,7,7
59576,85,74,11,11
59577,68,66,2,2
59578,95,109,-14,14
59579,110,101,9,9
59580,75,71,4,4
59581,73,78,-5,5
59582,90,88,2,2
59583,78,78,0,0
59584,148,130,18,18
59585,94,90,4,4
59586,64,63,1,1
59587,186,158,28,28
59588,40,54,-14,14
59589,74,74,0,0
59590,140,127,13,13
59591,103,91,12,12
59592,179,143,36,36
59593,209,163,46,46
59594,114,110,4,4
59595,44,53,-9,9
59596,84,75,9,9
59597,55,55,0,0
59598,150,136,14,14
59599,64,61,3,3
59600,61,67,-6,6
59601,89,87,2,2
59602,129,113,16,16
59603,61,60,1,1
59604,125,102,23,23
59605,129,118,11,11
59606,94,93,1,1
59607,86,78,8,8
59608,124,122,2,2
59609,45,62,-17,17
59610,131,114,17,17
59611,89,82,7,7
59612,140,138,2,2
59613,85,88,-3,3
59614,178,160,18,18
59615,120,113,7,7
59616,135,120,15,15
59617,72,65,7,7
59618,45,52,-7,7
59619,63,61,2,2
59620,62,69,-7,7
59621,87,87,0,0
59622,165,163,2,2
59623,107,123,-16,16
59624,69,77,-8,8
59625,94,88,6,6
59626,58,60,-2,2
59627,105,98,7,7
59628,115,110,5,5
59629,92,82,10,10
59630,80,75,5,5
59631,154,150,4,4
59632,61,53,8,8
59633,115,110,5,5
59634,52,52,0,0
59635,69,68,1,1
59636,58,60,-2,2
59637,92,95,-3,3
59638,56,57,-1,1
59639,94,105,-11,11
59640,70,70,0,0
59641,126,96,30,30
59642,77,77,0,0
59643,77,69,8,8
59644,160,153,7,7
59645,69,70,-1,1
59646,73,73,0,0
59647,72,72,0,0
59648,72,66,6,6
59649,124,121,3,3
59650,78,74,4,4
59651,81,76,5,5
59652,156,146,10,10
59653,67,61,6,6
59654,118,113,5,5
59655,79,67,12,12
59656,81,76,5,5
59657,87,76,11,11
59658,57,69,-12,12
59659,70,187,-117,117
59660,147,108,39,39
59661,141,125,16,16
59662,42,69,-27,27
59663,89,93,-4,4
59664,94,93,1,1
59665,103,100,3,3
59666,100,96,4,4
59667,56,59,-3,3
59668,85,78,7,7
59669,77,71,6,6
59670,89,85,4,4
59671,125,131,-6,6
59672,41,55,-14,14
59673,135,113,22,22
59674,70,78,-8,8
59675,51,52,-1,1
59676,86,91,-5,5
59677,100,94,6,6
59678,103,105,-2,2
59679,62,60,2,2
59680,153,127,26,26
59681,173,158,15,15
59682,137,141,-4,4
59683,107,89,18,18
59684,161,142,19,19
59685,139,135,4,4
59686,62,55,7,7
59687,71,63,8,8
59688,104,121,-17,17
59689,115,109,6,6
59690,144,134,10,10
59691,76,74,2,2
59692,168,152,16,16
59693,76,72,4,4
59694,78,79,-1,1
59695,94,115,-21,21
59696,92,88,4,4
59697,96,86,10,10
59698,131,118,13,13
59699,93,94,-1,1
59700,93,80,13,13
59701,60,66,-6,6
59702,78,65,13,13
59703,72,78,-6,6
59704,141,104,37,37
59705,116,104,12,12
59706,83,85,-2,2
59707,78,80,-2,2
59708,79,77,2,2
59709,113,110,3,3
59710,46,54,-8,8
59711,93,97,-4,4
59712,99,87,12,12
59713,103,109,-6,6
59714,98,85,13,13
59715,113,101,12,12
59716,121,132,-11,11
59717,58,59,-1,1
59718,92,88,4,4
59719,89,92,-3,3
59720,99,97,2,2
59721,89,86,3,3
59722,79,80,-1,1
59723,138,124,14,14
59724,79,75,4,4
59725,73,73,0,0
59726,88,81,7,7
59727,73,84,-11,11
59728,95,96,-1,1
59729,104,101,3,3
59730,77,69,8,8
59731,54,57,-3,3
59732,128,123,5,5
59733,88,90,-2,2
59734,89,82,7,7
59735,100,102,-2,2
59736,132,126,6,6
59737,73,75,-2,2
59738,69,70,-1,1
59739,88,78,10,10
59740,127,123,4,4
59741,135,133,2,2
59742,71,65,6,6
59743,133,126,7,7
59744,98,95,3,3
59745,96,80,16,16
59746,121,112,9,9
59747,110,97,13,13
59748,63,67,-4,4
59749,149,138,11,11
59750,75,86,-11,11
59751,61,67,-6,6
59752,203,171,32,32
59753,106,102,4,4
59754,90,87,3,3
59755,111,92,19,19
59756,98,87,11,11
59757,70,82,-12,12
59758,77,70,7,7
59759,65,66,-1,1
59760,110,102,8,8
59761,82,93,-11,11
59762,135,126,9,9
59763,133,126,7,7
59764,93,88,5,5
59765,96,100,-4,4
59766,83,79,4,4
59767,83,81,2,2
59768,114,100,14,14
59769,169,171,-2,2
59770,83,71,12,12
59771,87,85,2,2
59772,80,86,-6,6
59773,64,67,-3,3
59774,185,163,22,22
59775,110,95,15,15
59776,109,95,14,14
59777,52,57,-5,5
59778,103,98,5,5
59779,34,52,-18,18
59780,69,112,-43,43
59781,154,142,12,12
59782,149,138,11,11
59783,81,73,8,8
59784,81,79,2,2
59785,68,65,3,3
59786,93,81,12,12
59787,57,58,-1,1
59788,129,125,4,4
59789,98,93,5,5
59790,117,121,-4,4
59791,76,80,-4,4
59792,36,51,-15,15
59793,130,123,7,7
59794,81,78,3,3
59795,72,78,-6,6
59796,76,78,-2,2
59797,63,65,-2,2
59798,97,94,3,3
59799,61,63,-2,2
59800,85,83,2,2
59801,110,126,-16,16
59802,85,79,6,6
59803,77,89,-12,12
59804,127,116,11,11
59805,49,53,-4,4
59806,85,81,4,4
59807,83,88,-5,5
59808,132,134,-2,2
59809,136,131,5,5
59810,73,67,6,6
59811,71,74,-3,3
59812,79,70,9,9
59813,88,94,-6,6
59814,70,125,-55,55
59815,75,66,9,9
59816,46,52,-6,6
59817,101,92,9,9
59818,128,136,-8,8
59819,92,82,10,10
59820,149,122,27,27
59821,122,86,36,36
59822,79,95,-16,16
59823,48,71,-23,23
59824,101,97,4,4
59825,94,89,5,5
59826,125,122,3,3
59827,91,97,-6,6
59828,78,77,1,1
59829,121,111,10,10
59830,166,140,26,26
59831,96,92,4,4
59832,124,135,-11,11
59833,159,141,18,18
59834,66,66,0,0
59835,82,71,11,11
59836,75,75,0,0
59837,59,55,4,4
59838,85,82,3,3
59839,99,84,15,15
59840,148,132,16,16
59841,109,98,11,11
59842,81,78,3,3
59843,99,89,10,10
59844,47,54,-7,7
59845,78,75,3,3
59846,85,80,5,5
59847,76,84,-8,8
59848,54,55,-1,1
59849,106,106,0,0
59850,83,76,7,7
59851,66,63,3,3
59852,47,59,-12,12
59853,60,68,-8,8
59854,109,105,4,4
59855,122,116,6,6
59856,92,85,7,7
59857,102,88,14,14
59858,130,134,-4,4
59859,104,97,7,7
59860,106,89,17,17
59861,74,74,0,0
59862,149,142,7,7
59863,46,57,-11,11
59864,55,53,2,2
59865,81,78,3,3
59866,86,88,-2,2
59867,159,143,16,16
59868,49,55,-6,6
59869,76,78,-2,2
59870,109,106,3,3
59871,88,72,16,16
59872,66,67,-1,1
59873,95,91,4,4
59874,123,111,12,12
59875,49,55,-6,6
59876,60,55,5,5
59877,140,132,8,8
59878,72,66,6,6
59879,103,103,0,0
59880,88,95,-7,7
59881,94,89,5,5
59882,97,87,10,10
59883,112,104,8,8
59884,37,55,-18,18
59885,70,71,-1,1
59886,217,196,21,21
59887,159,135,24,24
59888,86,83,3,3
59889,116,113,3,3
59890,76,68,8,8
59891,159,139,20,20
59892,102,94,8,8
59893,72,69,3,3
59894,102,100,2,2
59895,94,79,15,15
59896,56,55,1,1
59897,136,136,0,0
59898,78,76,2,2
59899,75,79,-4,4
59900,138,132,6,6
59901,79,73,6,6
59902,89,89,0,0
59903,63,70,-7,7
59904,59,55,4,4
59905,127,122,5,5
59906,100,84,16,16
59907,60,61,-1,1
59908,100,96,4,4
59909,108,96,12,12
59910,152,139,13,13
59911,118,115,3,3
59912,81,81,0,0
59913,49,54,-5,5
59914,90,81,9,9
59915,97,89,8,8
59916,90,82,8,8
59917,138,129,9,9
59918,116,127,-11,11
59919,86,85,1,1
59920,106,91,15,15
59921,155,136,19,19
59922,100,92,8,8
59923,66,66,0,0
59924,84,80,4,4
59925,103,100,3,3
59926,56,61,-5,5
59927,100,89,11,11
59928,93,87,6,6
59929,135,133,2,2
59930,32,52,-20,20
59931,93,100,-7,7
59932,107,126,-19,19
59933,62,64,-2,2
59934,59,59,0,0
59935,91,89,2,2
59936,75,77,-2,2
59937,73,72,1,1
59938,96,96,0,0
59939,115,113,2,2
59940,63,66,-3,3
59941,85,88,-3,3
59942,72,81,-9,9
59943,158,164,-6,6
59944,91,81,10,10
59945,69,73,-4,4
59946,89,109,-20,20
59947,74,74,0,0
59948,104,264,-160,160
59949,49,56,-7,7
59950,99,88,11,11
59951,127,118,9,9
59952,73,76,-3,3
59953,49,56,-7,7
59954,87,81,6,6
59955,157,140,17,17
59956,80,87,-7,7
59957,144,116,28,28
59958,83,88,-5,5
59959,131,129,2,2
59960,95,97,-2,2
59961,141,135,6,6
59962,89,101,-12,12
59963,59,56,3,3
59964,86,80,6,6
59965,118,110,8,8
59966,78,82,-4,4
59967,148,131,17,17
59968,59,53,6,6
59969,104,104,0,0
59970,85,79,6,6
59971,103,104,-1,1
59972,236,191,45,45
59973,66,80,-14,14
59974,50,65,-15,15
59975,77,68,9,9
59976,114,93,21,21
59977,85,78,7,7
59978,88,86,2,2
59979,74,67,7,7
59980,71,72,-1,1
59981,155,141,14,14
59982,62,67,-5,5
59983,100,88,12,12
59984,82,88,-6,6
59985,113,108,5,5
59986,104,101,3,3
59987,104,97,7,7
59988,105,122,-17,17
59989,153,136,17,17
59990,76,70,6,6
59991,85,71,14,14
59992,119,124,-5,5
59993,106,90,16,16
59994,73,78,-5,5
59995,137,123,14,14
59996,79,71,8,8
59997,186,170,16,16
59998,63,63,0,0
59999,93,85,8,8
60000,126,134,-8,8
60001,70,63,7,7
60002,128,114,14,14
60003,61,62,-1,1
60004,83,73,10,10
60005,108,95,13,13
60006,87,92,-5,5
60007,97,95,2,2
60008,62,63,-1,1
60009,129,122,7,7
60010,124,107,17,17
60011,63,65,-2,2
60012,138,127,11,11
60013,53,53,0,0
60014,76,69,7,7
60015,138,136,2,2
60016,123,127,-4,4
60017,57,54,3,3
60018,83,76,7,7
60019,96,98,-2,2
60020,119,125,-6,6
60021,72,68,4,4
60022,78,66,12,12
60023,106,90,16,16
60024,83,72,11,11
60025,71,62,9,9
60026,205,169,36,36
60027,59,63,-4,4
60028,57,57,0,0
60029,90,87,3,3
60030,34,71,-37,37
60031,215,170,45,45
60032,85,87,-2,2
60033,158,147,11,11
60034,136,122,14,14
60035,55,54,1,1
60036,119,111,8,8
60037,109,140,-31,31
60038,57,61,-4,4
60039,92,81,11,11
60040,99,88,11,11
60041,95,89,6,6
60042,74,64,10,10
60043,84,75,9,9
60044,107,99,8,8
60045,78,70,8,8
60046,64,66,-2,2
60047,66,74,-8,8
60048,88,81,7,7
60049,135,112,23,23
60050,139,124,15,15
60051,126,144,-18,18
60052,82,79,3,3
60053,70,62,8,8
60054,81,83,-2,2
60055,60,62,-2,2
60056,56,56,0,0
60057,131,121,10,10
60058,59,60,-1,1
60059,83,70,13,13
60060,145,138,7,7
60061,86,82,4,4
60062,102,99,3,3
60063,77,76,1,1
60064,136,116,20,20
60065,68,72,-4,4
60066,81,74,7,7
60067,82,74,8,8
60068,85,81,4,4
60069,121,117,4,4
60070,69,69,0,0
60071,56,59,-3,3
60072,170,153,17,17
60073,123,122,1,1
60074,71,66,5,5
60075,77,80,-3,3
60076,140,127,13,13
60077,141,126,15,15
60078,98,93,5,5
60079,93,78,15,15
60080,69,77,-8,8
60081,104,100,4,4
60082,53,63,-10,10
60083,75,77,-2,2
60084,120,115,5,5
60085,86,88,-2,2
60086,98,90,8,8
60087,84,80,4,4
60088,88,80,8,8
60089,113,109,4,4
60090,74,72,2,2
60091,91,82,9,9
60092,149,127,22,22
60093,82,80,2,2
60094,84,75,9,9
60095,195,180,15,15
60096,117,121,-4,4
60097,120,119,1,1
60098,180,162,18,18
60099,80,85,-5,5
60100,122,116,6,6
60101,135,125,10,10
60102,159,154,5,5
60103,107,107,0,0
60104,76,79,-3,3
60105,85,82,3,3
60106,87,79,8,8
60107,88,79,9,9
60108,41,53,-12,12
60109,78,70,8,8
60110,61,61,0,0
60111,87,82,5,5
60112,129,113,16,16
60113,84,81,3,3
60114,142,122,20,20
60115,126,122,4,4
60116,89,84,5,5
60117,74,64,10,10
60118,51,54,-3,3
60119,141,125,16,16
60120,83,74,9,9
60121,120,148,-28,28
60122,144,133,11,11
60123,67,72,-5,5
60124,82,84,-2,2
60125,67,73,-6,6
60126,85,80,5,5
60127,62,54,8,8
60128,106,102,4,4
60129,59,58,1,1
60130,73,66,7,7
60131,145,132,13,13
60132,65,60,5,5
60133,72,68,4,4
60134,118,102,16,16
60135,105,112,-7,7
60136,71,67,4,4
60137,96,95,1,1
60138,111,103,8,8
60139,73,87,-14,14
60140,88,81,7,7
60141,210,192,18,18
60142,104,96,8,8
60143,76,70,6,6
60144,43,53,-10,10
60145,110,99,11,11
60146,93,82,11,11
60147,114,108,6,6
60148,190,176,14,14
60149,87,82,5,5
60150,85,71,14,14
60151,95,95,0,0
60152,97,111,-14,14
60153,58,55,3,3
60154,126,129,-3,3
60155,145,126,19,19
60156,61,65,-4,4
60157,113,93,20,20
60158,42,53,-11,11
60159,108,97,11,11
60160,93,79,14,14
60161,157,152,5,5
60162,75,72,3,3
60163,59,63,-4,4
60164,101,85,16,16
60165,83,75,8,8
60166,95,88,7,7
60167,100,93,7,7
60168,69,64,5,5
60169,108,110,-2,2
60170,79,73,6,6
60171,105,97,8,8
60172,98,107,-9,9
60173,123,127,-4,4
60174,103,98,5,5
60175,158,146,12,12
60176,98,92,6,6
60177,128,121,7,7
60178,54,55,-1,1
60179,54,63,-9,9
60180,86,85,1,1
60181,119,115,4,4
60182,67,63,4,4
60183,114,110,4,4
60184,104,98,6,6
60185,81,82,-1,1
60186,84,79,5,5
60187,86,81,5,5
60188,93,89,4,4
60189,75,67,8,8
60190,69,70,-1,1
60191,96,86,10,10
60192,117,114,3,3
60193,164,144,20,20
60194,121,112,9,9
60195,93,84,9,9
60196,91,84,7,7
60197,144,133,11,11
60198,101,99,2,2
60199,135,114,21,21
60200,102,97,5,5
60201,83,83,0,0
60202,88,77,11,11
60203,101,104,-3,3
60204,102,103,-1,1
60205,102,106,-4,4
60206,105,96,9,9
60207,99,103,-4,4
60208,151,136,15,15
60209,67,70,-3,3
60210,164,132,32,32
60211,85,83,2,2
60212,89,91,-2,2
60213,59,59,0,0
60214,94,79,15,15
60215,123,114,9,9
60216,79,94,-15,15
60217,74,69,5,5
60218,176,161,15,15
60219,59,68,-9,9
60220,100,100,0,0
60221,123,119,4,4
60222,104,102,2,2
60223,145,145,0,0
60224,97,95,2,2
60225,175,158,17,17
60226,63,60,3,3
60227,124,120,4,4
60228,68,63,5,5
60229,139,125,14,14
60230,78,68,10,10
60231,79,69,10,10
60232,48,60,-12,12
60233,141,136,5,5
60234,136,118,18,18
60235,123,126,-3,3
60236,85,84,1,1
60237,128,115,13,13
60238,97,90,7,7
60239,63,63,0,0
60240,141,143,-2,2
60241,87,82,5,5
60242,93,101,-8,8
60243,54,54,0,0
60244,133,111,22,22
60245,50,57,-7,7
60246,71,68,3,3
60247,75,69,6,6
60248,165,152,13,13
60249,64,61,3,3
60250,95,84,11,11
60251,65,57,8,8
60252,106,101,5,5
60253,91,76,15,15
60254,70,75,-5,5
60255,124,118,6,6
60256,48,53,-5,5
60257,74,69,5,5
60258,64,58,6,6
60259,104,99,5,5
60260,82,80,2,2
60261,82,81,1,1
60262,147,144,3,3
60263,123,99,24,24
60264,81,84,-3,3
60265,146,145,1,1
60266,88,81,7,7
60267,78,75,3,3
60268,118,119,-1,1
60269,160,151,9,9
60270,176,159,17,17
60271,133,114,19,19
60272,122,116,6,6
60273,74,77,-3,3
60274,75,75,0,0
60275,116,114,2,2
60276,116,109,7,7
60277,126,116,10,10
60278,53,55,-2,2
60279,58,80,-22,22
60280,169,156,13,13
60281,100,108,-8,8
60282,56,61,-5,5
60283,63,69,-6,6
60284,58,57,1,1
60285,56,65,-9,9
60286,131,130,1,1
60287,74,65,9,9
60288,143,127,16,16
60289,127,125,2,2
60290,98,93,5,5
60291,60,56,4,4
60292,65,81,-16,16
60293,76,64,12,12
60294,72,71,1,1
60295,83,81,2,2
60296,41,52,-11,11
60297,91,82,9,9
60298,125,125,0,0
60299,119,122,-3,3
60300,92,75,17,17
60301,100,110,-10,10
60302,125,116,9,9
60303,95,94,1,1
60304,108,98,10,10
60305,118,113,5,5
60306,124,131,-7,7
60307,31,52,-21,21
60308,175,164,11,11
60309,122,116,6,6
60310,117,120,-3,3
60311,30,56,-26,26
60312,184,158,26,26
60313,93,86,7,7
60314,98,93,5,5
60315,82,79,3,3
60316,91,78,13,13
60317,67,75,-8,8
60318,103,75,28,28
60319,127,130,-3,3
60320,64,61,3,3
60321,70,78,-8,8
60322,68,68,0,0
60323,87,95,-8,8
60324,103,98,5,5
60325,91,86,5,5
60326,77,68,9,9
60327,70,61,9,9
60328,90,89,1,1
60329,64,64,0,0
60330,53,56,-3,3
60331,87,76,11,11
60332,112,101,11,11
60333,91,83,8,8
60334,132,128,4,4
60335,116,113,3,3
60336,99,100,-1,1
60337,80,73,7,7
60338,125,122,3,3
60339,83,73,10,10
60340,123,127,-4,4
60341,126,115,11,11
60342,114,114,0,0
60343,139,125,14,14
60344,135,136,-1,1
60345,61,58,3,3
60346,70,71,-1,1
60347,112,104,8,8
60348,79,74,5,5
60349,58,66,-8,8
60350,131,137,-6,6
60351,154,139,15,15
60352,85,83,2,2
60353,116,99,17,17
60354,71,76,-5,5
60355,62,70,-8,8
60356,72,74,-2,2
60357,137,132,5,5
60358,152,146,6,6
60359,85,80,5,5
60360,63,63,0,0
60361,67,56,11,11
60362,108,111,-3,3
60363,120,122,-2,2
60364,103,97,6,6
60365,96,100,-4,4
60366,108,111,-3,3
60367,49,101,-52,52
60368,83,87,-4,4
60369,91,82,9,9
60370,112,103,9,9
60371,148,133,15,15
60372,110,115,-5,5
60373,90,85,5,5
60374,71,65,6,6
60375,95,100,-5,5
60376,78,70,8,8
60377,102,98,4,4
60378,99,90,9,9
60379,71,69,2,2
60380,103,99,4,4
60381,75,76,-1,1
60382,128,125,3,3
60383,37,53,-16,16
60384,82,74,8,8
60385,82,88,-6,6
60386,105,105,0,0
60387,96,91,5,5
60388,57,55,2,2
60389,135,134,1,1
60390,87,84,3,3
60391,75,80,-5,5
60392,75,81,-6,6
60393,127,115,12,12
60394,105,101,4,4
60395,61,57,4,4
60396,66,92,-26,26
60397,140,129,11,11
60398,129,126,3,3
60399,150,132,18,18
60400,109,103,6,6
60401,115,120,-5,5
60402,118,108,10,10
60403,58,62,-4,4
60404,79,66,13,13
60405,28,55,-27,27
60406,173,146,27,27
60407,89,93,-4,4
60408,95,83,12,12
60409,71,76,-5,5
60410,87,87,0,0
60411,77,68,9,9
60412,106,102,4,4
60413,88,87,1,1
60414,74,74,0,0
60415,66,78,-12,12
60416,64,77,-13,13
60417,115,117,-2,2
60418,59,61,-2,2
60419,142,127,15,15
60420,73,61,12,12
60421,138,127,11,11
60422,110,103,7,7
60423,81,86,-5,5
60424,143,148,-5,5
60425,137,120,17,17
60426,177,157,20,20
60427,100,99,1,1
60428,112,114,-2,2
60429,136,134,2,2
60430,48,53,-5,5
60431,112,130,-18,18
60432,115,112,3,3
60433,134,129,5,5
60434,97,99,-2,2
60435,86,79,7,7
60436,115,105,10,10
60437,80,72,8,8
60438,157,140,17,17
60439,59,56,3,3
60440,118,112,6,6
60441,64,71,-7,7
60442,123,111,12,12
60443,70,73,-3,3
60444,60,63,-3,3
60445,76,80,-4,4
60446,161,148,13,13
60447,129,134,-5,5
60448,66,63,3,3
60449,104,94,10,10
60450,86,76,10,10
60451,53,54,-1,1
60452,76,72,4,4
60453,202,171,31,31
60454,81,73,8,8
60455,136,130,6,6
60456,80,67,13,13
60457,54,58,-4,4
60458,71,63,8,8
60459,37,52,-15,15
60460,92,88,4,4
60461,81,86,-5,5
60462,94,114,-20,20
60463,116,106,10,10
60464,89,89,0,0
60465,123,108,15,15
60466,95,87,8,8
60467,114,105,9,9
60468,134,134,0,0
60469,153,146,7,7
60470,82,78,4,4
60471,104,96,8,8
60472,101,101,0,0
60473,73,61,12,12
60474,121,121,0,0
60475,147,125,22,22
60476,70,75,-5,5
60477,126,118,8,8
60478,284,230,54,54
60479,124,126,-2,2
60480,107,106,1,1
60481,78,76,2,2
60482,116,108,8,8
60483,139,125,14,14
60484,127,119,8,8
60485,61,64,-3,3
60486,56,59,-3,3
60487,105,95,10,10
60488,68,70,-2,2
60489,101,91,10,10
60490,64,63,1,1
60491,70,69,1,1
60492,129,124,5,5
60493,86,78,8,8
60494,71,64,7,7
60495,57,142,-85,85
60496,63,78,-15,15
60497,100,88,12,12
60498,138,139,-1,1
60499,143,129,14,14
60500,123,113,10,10
60501,114,113,1,1
60502,69,66,3,3
60503,71,69,2,2
60504,65,55,10,10
60505,94,103,-9,9
60506,73,75,-2,2
60507,77,78,-1,1
60508,68,69,-1,1
60509,126,131,-5,5
60510,133,123,10,10
60511,111,120,-9,9
60512,80,78,2,2
60513,74,78,-4,4
60514,91,87,4,4
60515,111,113,-2,2
60516,100,98,2,2
60517,191,158,33,33
60518,124,106,18,18
60519,55,59,-4,4
60520,113,100,13,13
60521,34,51,-17,17
60522,108,94,14,14
60523,74,67,7,7
60524,163,141,22,22
60525,135,113,22,22
60526,86,98,-12,12
60527,122,114,8,8
60528,135,125,10,10
60529,68,76,-8,8
60530,75,72,3,3
60531,127,132,-5,5
60532,65,66,-1,1
60533,83,84,-1,1
60534,103,90,13,13
60535,79,75,4,4
60536,77,73,4,4
60537,116,115,1,1
60538,123,113,10,10
60539,70,64,6,6
60540,66,69,-3,3
60541,102,107,-5,5
60542,108,125,-17,17
60543,64,55,9,9
60544,116,123,-7,7
60545,154,150,4,4
60546,78,79,-1,1
60547,97,96,1,1
60548,64,65,-1,1
60549,109,102,7,7
60550,109,97,12,12
60551,110,112,-2,2
60552,124,113,11,11
60553,50,53,-3,3
60554,75,69,6,6
60555,112,110,2,2
60556,72,77,-5,5
60557,113,104,9,9
60558,70,76,-6,6
60559,112,82,30,30
60560,71,68,3,3
60561,117,112,5,5
60562,88,79,9,9
60563,88,75,13,13
60564,96,86,10,10
60565,114,114,0,0
60566,46,56,-10,10
60567,82,84,-2,2
60568,77,74,3,3
60569,68,76,-8,8
60570,79,85,-6,6
60571,78,73,5,5
60572,48,53,-5,5
60573,55,57,-2,2
60574,110,110,0,0
60575,106,99,7,7
60576,88,75,13,13
60577,90,93,-3,3
60578,84,86,-2,2
60579,78,83,-5,5
60580,108,114,-6,6
60581,52,61,-9,9
60582,162,131,31,31
60583,46,54,-8,8
60584,100,106,-6,6
60585,95,88,7,7
60586,138,131,7,7
60587,53,57,-4,4
60588,100,88,12,12
60589,93,89,4,4
60590,90,107,-17,17
60591,103,101,2,2
60592,92,80,12,12
60593,52,53,-1,1
60594,104,101,3,3
60595,49,55,-6,6
60596,82,74,8,8
60597,104,95,9,9
60598,167,158,9,9
60599,58,63,-5,5
60600,79,75,4,4
60601,75,63,12,12
60602,70,74,-4,4
60603,78,79,-1,1
60604,70,66,4,4
60605,130,128,2,2
60606,90,90,0,0
60607,68,67,1,1
60608,97,96,1,1
60609,83,82,1,1
60610,51,58,-7,7
60611,70,72,-2,2
60612,35,70,-35,35
60613,24,71,-47,47
60614,113,93,20,20
60615,133,124,9,9
60616,90,91,-1,1
60617,84,77,7,7
60618,86,82,4,4
60619,63,59,4,4
60620,51,54,-3,3
60621,153,138,15,15
60622,113,105,8,8
60623,47,55,-8,8
60624,111,100,11,11
60625,67,58,9,9
60626,51,73,-22,22
60627,57,64,-7,7
60628,67,62,5,5
60629,149,136,13,13
60630,71,66,5,5
60631,100,106,-6,6
60632,94,95,-1,1
60633,61,60,1,1
60634,100,87,13,13
60635,147,136,11,11
60636,92,88,4,4
60637,79,80,-1,1
60638,95,93,2,2
60639,155,148,7,7
60640,88,77,11,11
60641,149,147,2,2
60642,128,122,6,6
60643,73,57,16,16
60644,124,112,12,12
60645,78,80,-2,2
60646,73,72,1,1
60647,104,96,8,8
60648,124,101,23,23
60649,65,68,-3,3
60650,98,96,2,2
60651,100,93,7,7
60652,79,72,7,7
60653,216,175,41,41
60654,77,77,0,0
60655,64,71,-7,7
60656,43,52,-9,9
60657,124,110,14,14
60658,87,85,2,2
60659,98,91,7,7
60660,91,84,7,7
60661,81,74,7,7
60662,109,114,-5,5
60663,61,73,-12,12
60664,86,88,-2,2
60665,126,118,8,8
60666,85,77,8,8
60667,94,110,-16,16
60668,68,67,1,1
60669,77,70,7,7
60670,72,67,5,5
60671,107,105,2,2
60672,83,79,4,4
60673,116,113,3,3
60674,59,56,3,3
60675,53,54,-1,1
60676,137,133,4,4
60677,128,116,12,12
60678,97,92,5,5
60679,97,96,1,1
60680,75,73,2,2
60681,107,93,14,14
60682,96,89,7,7
60683,139,126,13,13
60684,62,60,2,2
60685,90,81,9,9
60686,104,104,0,0
60687,124,113,11,11
60688,107,103,4,4
60689,124,128,-4,4
60690,105,97,8,8
60691,134,132,2,2
60692,122,113,9,9
60693,70,75,-5,5
60694,152,145,7,7
60695,95,89,6,6
60696,67,85,-18,18
60697,109,97,12,12
60698,170,194,-24,24
60699,80,74,6,6
60700,88,80,8,8
60701,131,97,34,34
60702,84,76,8,8
60703,97,99,-2,2
60704,149,125,24,24
60705,79,83,-4,4
60706,93,101,-8,8
60707,81,82,-1,1
60708,125,122,3,3
60709,82,80,2,2
60710,79,77,2,2
60711,65,59,6,6
60712,95,91,4,4
60713,111,116,-5,5
60714,113,105,8,8
60715,119,118,1,1
60716,68,71,-3,3
60717,135,111,24,24
60718,102,86,16,16
60719,96,105,-9,9
60720,107,106,1,1
60721,86,79,7,7
60722,158,130,28,28
60723,141,127,14,14
60724,129,127,2,2
60725,49,53,-4,4
60726,149,139,10,10
60727,114,109,5,5
60728,40,53,-13,13
60729,55,56,-1,1
60730,85,76,9,9
60731,65,60,5,5
60732,97,101,-4,4
60733,148,137,11,11
60734,141,126,15,15
60735,69,61,8,8
60736,80,76,4,4
60737,158,136,22,22
60738,75,78,-3,3
60739,88,85,3,3
60740,110,99,11,11
60741,82,82,0,0
60742,58,65,-7,7
60743,76,67,9,9
60744,48,53,-5,5
60745,106,87,19,19
60746,108,102,6,6
60747,191,163,28,28
60748,100,94,6,6
60749,58,60,-2,2
60750,117,114,3,3
60751,233,182,51,51
60752,78,77,1,1
60753,83,75,8,8
60754,66,67,-1,1
60755,55,55,0,0
60756,77,80,-3,3
60757,102,93,9,9
60758,62,58,4,4
60759,71,69,2,2
60760,139,135,4,4
60761,132,133,-1,1
60762,94,95,-1,1
60763,107,111,-4,4
60764,60,68,-8,8
60765,94,106,-12,12
60766,72,62,10,10
60767,86,81,5,5
60768,75,78,-3,3
60769,87,84,3,3
60770,148,130,18,18
60771,120,107,13,13
60772,68,71,-3,3
60773,81,74,7,7
60774,222,198,24,24
60775,68,66,2,2
60776,103,106,-3,3
60777,133,108,25,25
60778,135,110,25,25
60779,97,89,8,8
60780,56,56,0,0
60781,73,69,4,4
60782,110,112,-2,2
60783,116,110,6,6
60784,46,52,-6,6
60785,119,107,12,12
60786,42,55,-13,13
60787,71,81,-10,10
60788,80,63,17,17
60789,87,87,0,0
60790,73,71,2,2
60791,99,91,8,8
60792,36,55,-19,19
60793,70,64,6,6
60794,55,54,1,1
60795,104,98,6,6
60796,135,129,6,6
60797,103,92,11,11
60798,83,82,1,1
60799,87,75,12,12
60800,78,70,8,8
60801,68,76,-8,8
60802,70,75,-5,5
60803,112,97,15,15
60804,99,99,0,0
60805,103,101,2,2
60806,87,81,6,6
60807,105,99,6,6
60808,94,91,3,3
60809,185,163,22,22
60810,167,153,14,14
60811,67,71,-4,4
60812,98,78,20,20
60813,109,107,2,2
60814,139,130,9,9
60815,88,81,7,7
60816,117,106,11,11
60817,101,108,-7,7
60818,124,131,-7,7
60819,182,148,34,34
60820,198,160,38,38
60821,115,109,6,6
60822,92,92,0,0
60823,77,71,6,6
60824,104,102,2,2
60825,75,66,9,9
60826,93,79,14,14
60827,173,164,9,9
60828,121,117,4,4
60829,141,114,27,27
60830,66,76,-10,10
60831,72,64,8,8
60832,104,109,-5,5
60833,103,95,8,8
60834,81,77,4,4
60835,122,99,23,23
60836,131,117,14,14
60837,58,57,1,1
60838,106,101,5,5
60839,119,102,17,17
60840,57,55,2,2
60841,77,72,5,5
60842,67,57,10,10
60843,85,79,6,6
60844,62,64,-2,2
60845,140,128,12,12
60846,72,76,-4,4
60847,125,120,5,5
60848,166,150,16,16
60849,133,119,14,14
60850,101,78,23,23
60851,156,143,13,13
60852,68,68,0,0
60853,70,65,5,5
60854,127,121,6,6
60855,89,82,7,7
60856,111,93,18,18
60857,154,130,24,24
60858,91,83,8,8
60859,59,60,-1,1
60860,105,100,5,5
60861,108,120,-12,12
60862,87,92,-5,5
60863,143,133,10,10
60864,88,84,4,4
60865,83,86,-3,3
60866,105,96,9,9
60867,96,96,0,0
60868,95,86,9,9
60869,104,107,-3,3
60870,97,112,-15,15
60871,111,109,2,2
60872,93,87,6,6
60873,54,53,1,1
60874,90,92,-2,2
60875,52,53,-1,1
60876,85,85,0,0
60877,114,110,4,4
60878,152,154,-2,2
60879,79,65,14,14
60880,118,121,-3,3
60881,85,69,16,16
60882,94,84,10,10
60883,49,54,-5,5
60884,56,57,-1,1
60885,156,138,18,18
60886,55,53,2,2
60887,116,112,4,4
60888,84,81,3,3
60889,105,97,8,8
60890,122,111,11,11
60891,80,85,-5,5
60892,89,74,15,15
60893,117,104,13,13
60894,50,52,-2,2
60895,65,67,-2,2
60896,115,114,1,1
60897,78,76,2,2
60898,112,110,2,2
60899,84,75,9,9
60900,144,139,5,5
60901,95,84,11,11
60902,125,121,4,4
60903,115,127,-12,12
60904,76,70,6,6
60905,119,114,5,5
60906,133,145,-12,12
60907,90,78,12,12
60908,112,106,6,6
60909,76,67,9,9
60910,147,131,16,16
60911,55,57,-2,2
60912,131,114,17,17
60913,116,102,14,14
60914,84,80,4,4
60915,72,68,4,4
60916,73,74,-1,1
60917,43,54,-11,11
60918,73,69,4,4
60919,82,88,-6,6
60920,56,59,-3,3
60921,99,89,10,10
60922,105,105,0,0
60923,79,84,-5,5
60924,138,119,19,19
60925,111,115,-4,4
60926,36,51,-15,15
60927,138,127,11,11
60928,89,89,0,0
60929,93,80,13,13
60930,132,130,2,2
60931,108,99,9,9
60932,66,65,1,1
60933,71,67,4,4
60934,65,60,5,5
60935,200,177,23,23
60936,72,102,-30,30
60937,232,215,17,17
60938,75,73,2,2
60939,186,153,33,33
60940,125,113,12,12
60941,95,103,-8,8
60942,203,158,45,45
60943,176,148,28,28
60944,129,121,8,8
60945,76,74,2,2
60946,143,133,10,10
60947,49,54,-5,5
60948,92,87,5,5
60949,92,89,3,3
60950,75,82,-7,7
60951,105,93,12,12
60952,155,128,27,27
60953,95,97,-2,2
60954,86,91,-5,5
60955,132,118,14,14
60956,46,54,-8,8
60957,69,73,-4,4
60958,58,69,-11,11
60959,140,125,15,15
60960,70,61,9,9
60961,89,84,5,5
60962,84,65,19,19
60963,124,115,9,9
60964,71,71,0,0
60965,127,119,8,8
60966,69,67,2,2
60967,111,98,13,13
60968,125,123,2,2
60969,85,88,-3,3
60970,76,70,6,6
60971,85,86,-1,1
60972,55,57,-2,2
60973,92,90,2,2
60974,182,158,24,24
60975,89,83,6,6
60976,102,92,10,10
60977,113,112,1,1
60978,131,133,-2,2
60979,133,136,-3,3
60980,98,91,7,7
60981,154,133,21,21
60982,99,94,5,5
60983,114,110,4,4
60984,110,99,11,11
60985,125,97,28,28
60986,52,62,-10,10
60987,42,54,-12,12
60988,80,73,7,7
60989,83,79,4,4
60990,143,132,11,11
60991,56,60,-4,4
60992,131,122,9,9
60993,112,124,-12,12
60994,110,106,4,4
60995,104,97,7,7
60996,71,70,1,1
60997,36,52,-16,16
60998,57,58,-1,1
60999,72,80,-8,8
61000,119,99,20,20
61001,194,169,25,25
61002,107,94,13,13
61003,123,119,4,4
61004,87,80,7,7
61005,157,146,11,11
61006,75,75,0,0
61007,94,92,2,2
61008,85,86,-1,1
61009,85,91,-6,6
61010,44,52,-8,8
61011,78,80,-2,2
61012,97,75,22,22
61013,34,59,-25,25
61014,38,51,-13,13
61015,93,86,7,7
61016,113,101,12,12
61017,130,120,10,10
61018,46,52,-6,6
61019,94,97,-3,3
61020,144,124,20,20
61021,60,59,1,1
61022,110,108,2,2
61023,78,78,0,0
61024,172,156,16,16
61025,117,126,-9,9
61026,60,70,-10,10
61027,114,96,18,18
61028,136,138,-2,2
61029,130,132,-2,2
61030,140,127,13,13
61031,58,62,-4,4
61032,87,79,8,8
61033,154,138,16,16
61034,84,79,5,5
61035,78,69,9,9
61036,224,247,-23,23
61037,77,72,5,5
61038,114,106,8,8
61039,64,74,-10,10
61040,145,133,12,12
61041,62,60,2,2
61042,123,116,7,7
61043,126,119,7,7
61044,59,70,-11,11
61045,59,67,-8,8
61046,65,75,-10,10
61047,81,82,-1,1
61048,104,90,14,14
61049,94,91,3,3
61050,131,122,9,9
61051,60,58,2,2
61052,111,98,13,13
61053,159,138,21,21
61054,145,137,8,8
61055,67,60,7,7
61056,114,105,9,9
61057,82,75,7,7
61058,93,94,-1,1
61059,53,62,-9,9
61060,83,89,-6,6
61061,101,101,0,0
61062,112,122,-10,10
61063,71,59,12,12
61064,86,75,11,11
61065,49,97,-48,48
61066,59,57,2,2
61067,125,113,12,12
61068,157,147,10,10
61069,90,90,0,0
61070,160,156,4,4
61071,128,105,23,23
61072,78,79,-1,1
61073,153,143,10,10
61074,87,90,-3,3
61075,133,119,14,14
61076,96,96,0,0
61077,88,93,-5,5
61078,69,76,-7,7
61079,150,155,-5,5
61080,134,117,17,17
61081,122,116,6,6
61082,91,87,4,4
61083,156,138,18,18
61084,76,76,0,0
61085,44,53,-9,9
61086,117,118,-1,1
61087,110,103,7,7
61088,101,81,20,20
61089,81,73,8,8
61090,52,55,-3,3
61091,164,153,11,11
61092,40,51,-11,11
61093,80,83,-3,3
61094,129,119,10,10
61095,131,116,15,15
61096,87,89,-2,2
61097,79,73,6,6
61098,110,102,8,8
61099,120,110,10,10
61100,100,114,-14,14
61101,113,111,2,2
61102,97,113,-16,16
61103,75,67,8,8
61104,85,92,-7,7
61105,49,53,-4,4
61106,103,114,-11,11
61107,177,158,19,19
61108,94,95,-1,1
61109,130,123,7,7
61110,72,73,-1,1
61111,158,145,13,13
61112,47,54,-7,7
61113,74,85,-11,11
61114,101,102,-1,1
61115,51,61,-10,10
61116,83,79,4,4
61117,142,131,11,11
61118,58,61,-3,3
61119,83,83,0,0
61120,45,52,-7,7
61121,138,131,7,7
61122,152,138,14,14
61123,101,100,1,1
61124,77,66,11,11
61125,52,76,-24,24
61126,89,77,12,12
61127,149,131,18,18
61128,78,68,10,10
61129,146,139,7,7
61130,122,119,3,3
61131,88,77,11,11
61132,131,128,3,3
61133,67,63,4,4
61134,107,89,18,18
61135,139,135,4,4
61136,164,144,20,20
61137,134,120,14,14
61138,71,67,4,4
61139,87,75,12,12
61140,68,67,1,1
61141,56,103,-47,47
61142,118,115,3,3
61143,101,95,6,6
61144,75,76,-1,1
61145,127,133,-6,6
61146,85,85,0,0
61147,57,76,-19,19
61148,37,53,-16,16
61149,116,110,6,6
61150,108,100,8,8
61151,137,126,11,11
61152,58,60,-2,2
61153,67,84,-17,17
61154,106,101,5,5
61155,132,110,22,22
61156,102,89,13,13
61157,115,115,0,0
61158,85,83,2,2
61159,107,103,4,4
61160,49,53,-4,4
61161,139,145,-6,6
61162,126,124,2,2
61163,135,136,-1,1
61164,69,61,8,8
61165,88,77,11,11
61166,117,110,7,7
61167,77,72,5,5
61168,51,58,-7,7
61169,92,101,-9,9
61170,80,83,-3,3
61171,82,80,2,2
61172,157,146,11,11
61173,83,79,4,4
61174,136,120,16,16
61175,147,130,17,17
61176,49,54,-5,5
61177,86,81,5,5
61178,125,113,12,12
61179,73,65,8,8
61180,99,107,-8,8
61181,102,102,0,0
61182,101,100,1,1
61183,109,97,12,12
61184,126,118,8,8
61185,142,118,24,24
61186,62,63,-1,1
61187,113,107,6,6
61188,149,120,29,29
61189,61,59,2,2
61190,66,69,-3,3
61191,122,110,12,12
61192,89,87,2,2
61193,76,75,1,1
61194,74,82,-8,8
61195,61,65,-4,4
61196,44,53,-9,9
61197,107,117,-10,10
61198,104,94,10,10
61199,109,105,4,4
61200,140,124,16,16
61201,43,53,-10,10
61202,40,52,-12,12
61203,223,185,38,38
61204,95,87,8,8
61205,47,55,-8,8
61206,71,64,7,7
61207,121,103,18,18
61208,119,117,2,2
61209,135,126,9,9
61210,78,69,9,9
61211,96,84,12,12
61212,71,67,4,4
61213,71,77,-6,6
61214,108,126,-18,18
61215,64,67,-3,3
61216,169,170,-1,1
61217,80,77,3,3
61218,78,77,1,1
61219,100,91,9,9
61220,90,84,6,6
61221,108,100,8,8
61222,84,83,1,1
61223,150,138,12,12
61224,91,102,-11,11
61225,55,74,-19,19
61226,83,79,4,4
61227,119,152,-33,33
61228,86,85,1,1
61229,101,105,-4,4
61230,89,72,17,17
61231,80,79,1,1
61232,116,105,11,11
61233,146,142,4,4
61234,64,70,-6,6
61235,175,158,17,17
61236,139,133,6,6
61237,79,70,9,9
61238,120,109,11,11
61239,84,87,-3,3
61240,132,128,4,4
61241,71,69,2,2
61242,104,90,14,14
61243,60,62,-2,2
61244,171,146,25,25
61245,93,90,3,3
61246,132,122,10,10
61247,55,57,-2,2
61248,74,56,18,18
61249,126,107,19,19
61250,75,75,0,0
61251,45,56,-11,11
61252,95,88,7,7
61253,154,130,24,24
61254,143,125,18,18
61255,111,104,7,7
61256,97,99,-2,2
61257,203,208,-5,5
61258,42,53,-11,11
61259,49,52,-3,3
61260,111,105,6,6
61261,76,61,15,15
61262,79,73,6,6
61263,70,76,-6,6
61264,57,59,-2,2
61265,60,59,1,1
61266,119,119,0,0
61267,76,77,-1,1
61268,72,64,8,8
61269,124,106,18,18
61270,138,111,27,27
61271,118,112,6,6
61272,119,107,12,12
61273,94,76,18,18
61274,113,128,-15,15
61275,69,82,-13,13
61276,106,94,12,12
61277,41,52,-11,11
61278,88,78,10,10
61279,124,131,-7,7
61280,51,55,-4,4
61281,70,77,-7,7
61282,112,108,4,4
61283,100,94,6,6
61284,143,130,13,13
61285,87,90,-3,3
61286,61,61,0,0
61287,64,66,-2,2
61288,130,124,6,6
61289,81,75,6,6
61290,73,66,7,7
61291,47,54,-7,7
61292,99,109,-10,10
61293,95,88,7,7
61294,105,101,4,4
61295,126,123,3,3
61296,108,95,13,13
61297,67,68,-1,1
61298,72,80,-8,8
61299,65,60,5,5
61300,109,101,8,8
61301,52,54,-2,2
61302,122,108,14,14
61303,59,62,-3,3
61304,117,122,-5,5
61305,79,70,9,9
61306,46,54,-8,8
61307,64,70,-6,6
61308,71,82,-11,11
61309,60,59,1,1
61310,70,67,3,3
61311,114,109,5,5
61312,101,98,3,3
61313,138,134,4,4
61314,98,85,13,13
61315,92,93,-1,1
61316,196,172,24,24
61317,109,109,0,0
61318,55,55,0,0
61319,166,159,7,7
61320,68,67,1,1
61321,61,63,-2,2
61322,79,77,2,2
61323,86,77,9,9
61324,90,81,9,9
61325,128,120,8,8
61326,102,98,4,4
61327,118,106,12,12
61328,86,80,6,6
61329,105,101,4,4
61330,78,73,5,5
61331,96,92,4,4
61332,38,52,-14,14
61333,96,96,0,0
61334,123,117,6,6
61335,85,78,7,7
61336,117,104,13,13
61337,78,100,-22,22
61338,131,129,2,2
61339,82,79,3,3
61340,87,88,-1,1
61341,81,77,4,4
61342,59,55,4,4
61343,84,80,4,4
61344,89,91,-2,2
61345,65,61,4,4
61346,131,131,0,0
61347,55,58,-3,3
61348,66,76,-10,10
61349,74,70,4,4
61350,84,66,18,18
61351,110,98,12,12
61352,63,74,-11,11
61353,97,82,15,15
61354,55,63,-8,8
61355,94,93,1,1
61356,148,139,9,9
61357,110,98,12,12
61358,161,149,12,12
61359,139,126,13,13
61360,63,72,-9,9
61361,120,112,8,8
61362,79,81,-2,2
61363,131,131,0,0
61364,150,127,23,23
61365,80,81,-1,1
61366,37,51,-14,14
61367,116,110,6,6
61368,82,78,4,4
61369,130,124,6,6
61370,68,73,-5,5
61371,86,81,5,5
61372,90,76,14,14
61373,57,55,2,2
61374,149,130,19,19
61375,79,78,1,1
61376,126,124,2,2
61377,120,128,-8,8
61378,197,173,24,24
61379,62,57,5,5
61380,88,84,4,4
61381,144,131,13,13
61382,99,87,12,12
61383,101,115,-14,14
61384,111,97,14,14
61385,61,61,0,0
61386,85,78,7,7
61387,96,91,5,5
61388,125,120,5,5
61389,107,96,11,11
61390,136,118,18,18
61391,148,138,10,10
61392,98,99,-1,1
61393,66,59,7,7
61394,95,78,17,17
61395,107,88,19,19
61396,47,57,-10,10
61397,78,75,3,3
61398,81,74,7,7
61399,72,71,1,1
61400,84,92,-8,8
61401,145,146,-1,1
61402,77,73,4,4
61403,90,82,8,8
61404,131,117,14,14
61405,91,80,11,11
61406,38,68,-30,30
61407,94,89,5,5
61408,111,105,6,6
61409,145,137,8,8
61410,84,83,1,1
61411,87,77,10,10
61412,115,105,10,10
61413,95,84,11,11
61414,144,126,18,18
61415,90,83,7,7
61416,101,90,11,11
61417,91,87,4,4
61418,190,176,14,14
61419,80,78,2,2
61420,167,147,20,20
61421,83,71,12,12
61422,66,62,4,4
61423,50,55,-5,5
61424,111,107,4,4
61425,83,87,-4,4
61426,72,65,7,7
61427,73,69,4,4
61428,79,80,-1,1
61429,66,70,-4,4
61430,83,77,6,6
61431,262,229,33,33
61432,108,112,-4,4
61433,117,108,9,9
61434,98,81,17,17
61435,85,86,-1,1
61436,63,59,4,4
61437,190,172,18,18
61438,85,80,5,5
61439,123,111,12,12
61440,144,136,8,8
61441,75,76,-1,1
61442,97,92,5,5
61443,85,71,14,14
61444,69,62,7,7
61445,77,77,0,0
61446,61,63,-2,2
61447,75,70,5,5
61448,97,118,-21,21
61449,70,67,3,3
61450,85,75,10,10
61451,61,65,-4,4
61452,77,70,7,7
61453,58,61,-3,3
61454,83,75,8,8
61455,91,93,-2,2
61456,53,58,-5,5
61457,55,54,1,1
61458,87,86,1,1
61459,80,82,-2,2
61460,53,60,-7,7
61461,133,121,12,12
61462,90,93,-3,3
61463,60,65,-5,5
61464,68,67,1,1
61465,66,54,12,12
61466,112,110,2,2
61467,139,129,10,10
61468,50,55,-5,5
61469,120,118,2,2
61470,77,74,3,3
61471,81,69,12,12
61472,87,79,8,8
61473,43,56,-13,13
61474,68,59,9,9
61475,58,55,3,3
61476,120,121,-1,1
61477,114,99,15,15
61478,173,154,19,19
61479,62,62,0,0
61480,115,102,13,13
61481,213,186,27,27
61482,108,103,5,5
61483,53,63,-10,10
61484,85,74,11,11
61485,119,116,3,3
61486,74,77,-3,3
61487,93,84,9,9
61488,72,69,3,3
61489,104,84,20,20
61490,88,89,-1,1
61491,56,63,-7,7
61492,139,127,12,12
61493,110,109,1,1
61494,93,86,7,7
61495,54,52,2,2
61496,83,85,-2,2
61497,73,65,8,8
61498,202,173,29,29
61499,95,90,5,5
61500,51,56,-5,5
61501,141,122,19,19
61502,130,125,5,5
61503,89,91,-2,2
61504,67,62,5,5
61505,92,93,-1,1
61506,138,139,-1,1
61507,50,52,-2,2
61508,85,75,10,10
61509,118,100,18,18
61510,84,80,4,4
61511,95,87,8,8
61512,92,94,-2,2
61513,141,143,-2,2
61514,94,97,-3,3
61515,117,113,4,4
61516,82,66,16,16
61517,73,76,-3,3
61518,108,96,12,12
61519,93,103,-10,10
61520,156,151,5,5
61521,84,83,1,1
61522,106,89,17,17
61523,91,93,-2,2
61524,88,85,3,3
61525,78,69,9,9
61526,136,127,9,9
61527,59,65,-6,6
61528,94,99,-5,5
61529,100,95,5,5
61530,144,133,11,11
61531,89,108,-19,19
61532,67,70,-3,3
61533,28,52,-24,24
61534,114,106,8,8
61535,123,131,-8,8
61536,85,69,16,16
61537,77,77,0,0
61538,89,102,-13,13
61539,90,83,7,7
61540,80,82,-2,2
61541,114,116,-2,2
61542,46,54,-8,8
61543,123,111,12,12
61544,132,128,4,4
61545,106,115,-9,9
61546,93,92,1,1
61547,100,118,-18,18
61548,82,75,7,7
61549,170,165,5,5
61550,103,115,-12,12
61551,60,63,-3,3
61552,101,112,-11,11
61553,101,94,7,7
61554,106,97,9,9
61555,53,64,-11,11
61556,45,52,-7,7
61557,102,115,-13,13
61558,74,67,7,7
61559,107,114,-7,7
61560,95,94,1,1
61561,96,86,10,10
61562,100,94,6,6
61563,40,54,-14,14
61564,85,78,7,7
61565,59,59,0,0
61566,107,92,15,15
61567,157,140,17,17
61568,72,73,-1,1
61569,104,89,15,15
61570,53,59,-6,6
61571,131,122,9,9
61572,147,133,14,14
61573,80,77,3,3
61574,135,126,9,9
61575,119,110,9,9
61576,128,113,15,15
61577,126,117,9,9
61578,91,78,13,13
61579,102,87,15,15
61580,55,62,-7,7
61581,69,65,4,4
61582,57,66,-9,9
61583,53,55,-2,2
61584,109,90,19,19
61585,106,86,20,20
61586,106,105,1,1
61587,128,113,15,15
61588,84,77,7,7
61589,73,72,1,1
61590,137,111,26,26
61591,96,95,1,1
61592,106,101,5,5
61593,119,113,6,6
61594,113,109,4,4
61595,138,132,6,6
61596,52,56,-4,4
61597,115,106,9,9
61598,66,65,1,1
61599,114,113,1,1
61600,46,66,-20,20
61601,108,101,7,7
61602,85,78,7,7
61603,67,60,7,7
61604,66,59,7,7
61605,76,79,-3,3
61606,93,84,9,9
61607,145,146,-1,1
61608,122,112,10,10
61609,88,80,8,8
61610,59,60,-1,1
61611,77,76,1,1
61612,84,84,0,0
61613,71,75,-4,4
61614,93,85,8,8
61615,71,67,4,4
61616,40,55,-15,15
61617,165,149,16,16
61618,104,101,3,3
61619,54,55,-1,1
61620,46,54,-8,8
61621,70,67,3,3
61622,51,54,-3,3
61623,86,79,7,7
61624,86,79,7,7
61625,90,84,6,6
61626,160,151,9,9
61627,119,109,10,10
61628,78,83,-5,5
61629,112,121,-9,9
61630,89,84,5,5
61631,96,100,-4,4
61632,96,94,2,2
61633,96,95,1,1
61634,33,53,-20,20
61635,78,71,7,7
61636,65,60,5,5
61637,69,69,0,0
61638,85,84,1,1
61639,71,60,11,11
61640,119,103,16,16
61641,100,92,8,8
61642,102,97,5,5
61643,96,82,14,14
61644,77,71,6,6
61645,91,90,1,1
61646,175,154,21,21
61647,96,97,-1,1
61648,133,122,11,11
61649,107,122,-15,15
61650,98,88,10,10
61651,94,96,-2,2
61652,67,63,4,4
61653,116,117,-1,1
61654,73,78,-5,5
61655,83,70,13,13
61656,75,77,-2,2
61657,109,117,-8,8
61658,143,142,1,1
61659,84,83,1,1
61660,79,78,1,1
61661,104,98,6,6
61662,44,52,-8,8
61663,53,53,0,0
61664,108,99,9,9
61665,86,90,-4,4
61666,119,116,3,3
61667,56,56,0,0
61668,88,91,-3,3
61669,118,114,4,4
61670,102,100,2,2
61671,49,53,-4,4
61672,99,92,7,7
61673,105,184,-79,79
61674,131,108,23,23
61675,78,69,9,9
61676,99,88,11,11
61677,23,51,-28,28
61678,126,122,4,4
61679,92,87,5,5
61680,85,90,-5,5
61681,61,64,-3,3
61682,137,136,1,1
61683,74,73,1,1
61684,129,117,12,12
61685,156,149,7,7
61686,72,65,7,7
61687,151,131,20,20
61688,72,62,10,10
61689,81,82,-1,1
61690,128,115,13,13
61691,136,121,15,15
61692,111,109,2,2
61693,150,147,3,3
61694,79,77,2,2
61695,124,117,7,7
61696,133,119,14,14
61697,106,112,-6,6
61698,71,71,0,0
61699,69,62,7,7
61700,105,108,-3,3
61701,60,56,4,4
61702,97,92,5,5
61703,129,130,-1,1
61704,70,66,4,4
61705,137,134,3,3
61706,110,96,14,14
61707,97,91,6,6
61708,149,158,-9,9
61709,63,64,-1,1
61710,71,71,0,0
61711,108,97,11,11
61712,127,121,6,6
61713,92,94,-2,2
61714,41,55,-14,14
61715,87,80,7,7
61716,95,88,7,7
61717,58,60,-2,2
61718,103,110,-7,7
61719,106,99,7,7
61720,100,103,-3,3
61721,49,58,-9,9
61722,103,116,-13,13
61723,147,149,-2,2
61724,110,103,7,7
61725,121,133,-12,12
61726,66,63,3,3
61727,66,64,2,2
61728,75,70,5,5
61729,127,131,-4,4
61730,96,91,5,5
61731,179,156,23,23
61732,153,144,9,9
61733,89,78,11,11
61734,111,110,1,1
61735,124,100,24,24
61736,86,72,14,14
61737,98,102,-4,4
61738,82,82,0,0
61739,138,115,23,23
61740,98,83,15,15
61741,187,169,18,18
61742,141,128,13,13
61743,72,76,-4,4
61744,110,101,9,9
61745,87,89,-2,2
61746,60,59,1,1
61747,71,68,3,3
61748,123,120,3,3
61749,57,60,-3,3
61750,113,113,0,0
61751,148,140,8,8
61752,73,73,0,0
61753,62,69,-7,7
61754,108,123,-15,15
61755,105,99,6,6
61756,152,116,36,36
61757,51,53,-2,2
61758,127,119,8,8
61759,31,75,-44,44
61760,68,65,3,3
61761,163,143,20,20
61762,160,142,18,18
61763,73,75,-2,2
61764,43,52,-9,9
61765,102,98,4,4
61766,91,103,-12,12
61767,136,114,22,22
61768,92,83,9,9
61769,60,59,1,1
61770,45,54,-9,9
61771,111,101,10,10
61772,95,98,-3,3
61773,100,94,6,6
61774,139,138,1,1
61775,99,89,10,10
61776,68,71,-3,3
61777,55,55,0,0
61778,110,96,14,14
61779,67,71,-4,4
61780,103,95,8,8
61781,115,107,8,8
61782,131,140,-9,9
61783,106,111,-5,5
61784,154,147,7,7
61785,104,108,-4,4
61786,91,84,7,7
61787,139,138,1,1
61788,56,59,-3,3
61789,139,127,12,12
61790,72,62,10,10
61791,144,137,7,7
61792,112,109,3,3
61793,68,62,6,6
61794,88,86,2,2
61795,79,89,-10,10
61796,104,103,1,1
61797,54,53,1,1
61798,111,98,13,13
61799,87,86,1,1
61800,185,167,18,18
61801,92,85,7,7
61802,68,72,-4,4
61803,91,83,8,8
61804,84,78,6,6
61805,82,80,2,2
61806,126,117,9,9
61807,71,70,1,1
61808,72,66,6,6
61809,137,135,2,2
61810,61,67,-6,6
61811,106,101,5,5
61812,59,54,5,5
61813,77,71,6,6
61814,149,122,27,27
61815,63,64,-1,1
61816,66,68,-2,2
61817,105,99,6,6
61818,85,81,4,4
61819,109,92,17,17
61820,81,85,-4,4
61821,60,63,-3,3
61822,40,52,-12,12
61823,95,85,10,10
61824,110,93,17,17
61825,68,60,8,8
61826,67,66,1,1
61827,76,73,3,3
61828,188,173,15,15
61829,59,57,2,2
61830,131,114,17,17
61831,108,100,8,8
61832,114,114,0,0
61833,108,101,7,7
61834,104,96,8,8
61835,94,91,3,3
61836,47,53,-6,6
61837,77,65,12,12
61838,80,82,-2,2
61839,96,87,9,9
61840,103,99,4,4
61841,109,108,1,1
61842,66,72,-6,6
61843,98,87,11,11
61844,126,107,19,19
61845,97,107,-10,10
61846,99,94,5,5
61847,107,107,0,0
61848,129,126,3,3
61849,87,89,-2,2
61850,69,67,2,2
61851,115,104,11,11
61852,99,98,1,1
61853,99,91,8,8
61854,155,156,-1,1
61855,121,113,8,8
61856,123,123,0,0
61857,91,87,4,4
61858,68,75,-7,7
61859,118,104,14,14
61860,98,98,0,0
61861,108,101,7,7
61862,112,105,7,7
61863,80,70,10,10
61864,92,125,-33,33
61865,116,106,10,10
61866,56,60,-4,4
61867,127,122,5,5
61868,50,54,-4,4
61869,121,105,16,16
61870,157,146,11,11
61871,78,73,5,5
61872,85,77,8,8
61873,142,136,6,6
61874,42,52,-10,10
61875,62,65,-3,3
61876,61,65,-4,4
61877,75,76,-1,1
61878,82,82,0,0
61879,107,100,7,7
61880,130,127,3,3
61881,64,69,-5,5
61882,75,71,4,4
61883,109,100,9,9
61884,65,73,-8,8
61885,112,112,0,0
61886,88,90,-2,2
61887,140,129,11,11
61888,132,121,11,11
61889,108,109,-1,1
61890,92,73,19,19
61891,63,59,4,4
61892,48,53,-5,5
61893,144,117,27,27
61894,104,100,4,4
61895,107,98,9,9
61896,52,69,-17,17
61897,73,72,1,1
61898,44,53,-9,9
61899,120,112,8,8
61900,87,80,7,7
61901,110,115,-5,5
61902,73,70,3,3
61903,79,84,-5,5
61904,57,60,-3,3
61905,68,68,0,0
61906,81,96,-15,15
61907,63,59,4,4
61908,41,53,-12,12
61909,71,63,8,8
61910,106,107,-1,1
61911,105,92,13,13
61912,183,146,37,37
61913,111,115,-4,4
61914,137,127,10,10
61915,51,55,-4,4
61916,40,52,-12,12
61917,70,75,-5,5
61918,120,110,10,10
61919,57,62,-5,5
61920,66,63,3,3
61921,140,118,22,22
61922,71,76,-5,5
61923,96,90,6,6
61924,108,103,5,5
61925,134,141,-7,7
61926,97,91,6,6
61927,44,52,-8,8
61928,49,56,-7,7
61929,63,57,6,6
61930,97,98,-1,1
61931,38,51,-13,13
61932,68,63,5,5
61933,114,102,12,12
61934,105,105,0,0
61935,36,52,-16,16
61936,69,61,8,8
61937,101,94,7,7
61938,155,139,16,16
61939,53,67,-14,14
61940,151,137,14,14
61941,65,62,3,3
61942,64,63,1,1
61943,181,158,23,23
61944,110,109,1,1
61945,93,93,0,0
61946,183,161,22,22
61947,94,89,5,5
61948,91,88,3,3
61949,105,104,1,1
61950,51,55,-4,4
61951,76,74,2,2
61952,60,69,-9,9
61953,72,67,5,5
61954,108,103,5,5
61955,119,110,9,9
61956,98,108,-10,10
61957,119,107,12,12
61958,122,114,8,8
61959,90,88,2,2
61960,55,56,-1,1
61961,62,58,4,4
61962,41,56,-15,15
61963,86,79,7,7
61964,58,58,0,0
61965,159,152,7,7
61966,84,83,1,1
61967,101,97,4,4
61968,107,93,14,14
61969,150,138,12,12
61970,105,105,0,0
61971,83,80,3,3
61972,78,84,-6,6
61973,51,56,-5,5
61974,83,90,-7,7
61975,111,109,2,2
61976,116,120,-4,4
61977,124,96,28,28
61978,116,107,9,9
61979,133,122,11,11
61980,143,131,12,12
61981,102,100,2,2
61982,94,92,2,2
61983,66,65,1,1
61984,76,80,-4,4
61985,108,98,10,10
61986,69,60,9,9
61987,90,76,14,14
61988,65,73,-8,8
61989,157,150,7,7
61990,81,72,9,9
61991,116,118,-2,2
61992,94,90,4,4
61993,98,112,-14,14
61994,149,134,15,15
61995,87,85,2,2
61996,124,120,4,4
61997,121,117,4,4
61998,157,137,20,20
61999,100,90,10,10
62000,129,126,3,3
62001,97,93,4,4
62002,57,55,2,2
62003,108,99,9,9
62004,64,58,6,6
62005,195,165,30,30
62006,81,75,6,6
62007,92,87,5,5
62008,139,139,0,0
62009,67,63,4,4
62010,78,83,-5,5
62011,56,62,-6,6
62012,90,85,5,5
62013,69,71,-2,2
62014,109,96,13,13
62015,67,63,4,4
62016,65,68,-3,3
62017,67,73,-6,6
62018,128,110,18,18
62019,101,93,8,8
62020,103,97,6,6
62021,66,61,5,5
62022,78,79,-1,1
62023,121,113,8,8
62024,99,102,-3,3
62025,69,58,11,11
62026,64,66,-2,2
62027,66,62,4,4
62028,76,76,0,0
62029,91,87,4,4
62030,49,59,-10,10
62031,222,177,45,45
62032,71,63,8,8
62033,155,148,7,7
62034,80,81,-1,1
62035,94,73,21,21
62036,70,64,6,6
62037,106,102,4,4
62038,81,83,-2,2
62039,90,78,12,12
62040,73,72,1,1
62041,65,59,6,6
62042,71,74,-3,3
62043,140,115,25,25
62044,109,112,-3,3
62045,72,69,3,3
62046,95,101,-6,6
62047,92,80,12,12
62048,104,105,-1,1
62049,74,73,1,1
62050,102,97,5,5
62051,75,77,-2,2
62052,100,92,8,8
62053,111,114,-3,3
62054,52,53,-1,1
62055,79,67,12,12
62056,99,92,7,7
62057,140,138,2,2
62058,181,173,8,8
62059,106,99,7,7
62060,59,53,6,6
62061,129,114,15,15
62062,95,109,-14,14
62063,50,60,-10,10
62064,71,65,6,6
62065,46,58,-12,12
62066,103,107,-4,4
62067,82,81,1,1
62068,114,103,11,11
62069,114,109,5,5
62070,92,90,2,2
62071,74,77,-3,3
62072,102,99,3,3
62073,104,100,4,4
62074,86,76,10,10
62075,51,69,-18,18
62076,86,80,6,6
62077,78,79,-1,1
62078,99,100,-1,1
62079,95,85,10,10
62080,82,80,2,2
62081,111,109,2,2
62082,129,113,16,16
62083,90,108,-18,18
62084,139,123,16,16
62085,72,77,-5,5
62086,55,56,-1,1
62087,165,150,15,15
62088,115,113,2,2
62089,61,69,-8,8
62090,84,77,7,7
62091,136,133,3,3
62092,83,77,6,6
62093,27,84,-57,57
62094,108,104,4,4
62095,147,130,17,17
62096,120,118,2,2
62097,73,86,-13,13
62098,60,67,-7,7
62099,123,122,1,1
62100,89,89,0,0
62101,73,62,11,11
62102,64,64,0,0
62103,62,63,-1,1
62104,100,92,8,8
62105,100,88,12,12
62106,48,62,-14,14
62107,119,107,12,12
62108,53,57,-4,4
62109,142,138,4,4
62110,58,57,1,1
62111,100,107,-7,7
62112,77,70,7,7
62113,71,83,-12,12
62114,126,120,6,6
62115,50,55,-5,5
62116,205,160,45,45
62117,60,62,-2,2
62118,91,86,5,5
62119,70,75,-5,5
62120,90,91,-1,1
62121,159,142,17,17
62122,75,72,3,3
62123,116,92,24,24
62124,109,112,-3,3
62125,143,131,12,12
62126,112,99,13,13
62127,84,83,1,1
62128,170,166,4,4
62129,150,142,8,8
62130,109,101,8,8
62131,161,147,14,14
62132,99,101,-2,2
62133,127,109,18,18
62134,62,83,-21,21
62135,133,121,12,12
62136,101,104,-3,3
62137,127,115,12,12
62138,89,83,6,6
62139,95,89,6,6
62140,150,132,18,18
62141,49,54,-5,5
62142,92,90,2,2
62143,92,87,5,5
62144,38,53,-15,15
62145,145,145,0,0
62146,156,154,2,2
62147,125,119,6,6
62148,51,57,-6,6
62149,134,107,27,27
62150,92,99,-7,7
62151,85,91,-6,6
62152,60,60,0,0
62153,67,68,-1,1
62154,99,104,-5,5
62155,159,152,7,7
62156,86,90,-4,4
62157,75,62,13,13
62158,42,52,-10,10
62159,71,74,-3,3
62160,136,136,0,0
62161,67,76,-9,9
62162,112,106,6,6
62163,71,73,-2,2
62164,48,59,-11,11
62165,139,135,4,4
62166,114,142,-28,28
62167,48,52,-4,4
62168,86,82,4,4
62169,119,111,8,8
62170,94,89,5,5
62171,105,104,1,1
62172,104,92,12,12
62173,85,84,1,1
62174,66,61,5,5
62175,93,85,8,8
62176,88,92,-4,4
62177,67,64,3,3
62178,91,97,-6,6
62179,110,105,5,5
62180,80,71,9,9
62181,98,104,-6,6
62182,126,119,7,7
62183,52,59,-7,7
62184,63,67,-4,4
62185,91,90,1,1
62186,103,103,0,0
62187,68,66,2,2
62188,73,76,-3,3
62189,95,94,1,1
62190,100,95,5,5
62191,111,94,17,17
62192,100,102,-2,2
62193,75,76,-1,1
62194,84,86,-2,2
62195,75,73,2,2
62196,139,123,16,16
62197,105,106,-1,1
62198,84,92,-8,8
62199,137,122,15,15
62200,65,94,-29,29
62201,97,86,11,11
62202,78,78,0,0
62203,122,124,-2,2
62204,72,74,-2,2
62205,80,94,-14,14
62206,132,117,15,15
62207,113,103,10,10
62208,121,114,7,7
62209,72,70,2,2
62210,95,98,-3,3
62211,124,119,5,5
62212,122,117,5,5
62213,152,145,7,7
62214,105,96,9,9
62215,103,105,-2,2
62216,111,102,9,9
62217,60,60,0,0
62218,75,92,-17,17
62219,69,70,-1,1
62220,85,75,10,10
62221,91,89,2,2
62222,106,94,12,12
62223,76,82,-6,6
62224,43,52,-9,9
62225,65,61,4,4
62226,180,173,7,7
62227,38,58,-20,20
62228,86,81,5,5
62229,77,76,1,1
62230,110,107,3,3
62231,111,109,2,2
62232,134,125,9,9
62233,123,123,0,0
62234,67,66,1,1
62235,77,81,-4,4
62236,95,101,-6,6
62237,94,89,5,5
62238,131,122,9,9
62239,88,98,-10,10
62240,130,122,8,8
62241,78,74,4,4
62242,98,95,3,3
62243,66,62,4,4
62244,63,65,-2,2
62245,85,81,4,4
62246,82,81,1,1
62247,82,86,-4,4
62248,104,99,5,5
62249,120,113,7,7
62250,68,67,1,1
62251,108,108,0,0
62252,101,94,7,7
62253,102,94,8,8
62254,161,155,6,6
62255,48,57,-9,9
62256,82,88,-6,6
62257,134,124,10,10
62258,102,93,9,9
62259,47,55,-8,8
62260,101,72,29,29
62261,103,94,9,9
62262,158,139,19,19
62263,79,80,-1,1
62264,126,119,7,7
62265,72,78,-6,6
62266,103,98,5,5
62267,86,93,-7,7
62268,73,80,-7,7
62269,150,136,14,14
62270,69,62,7,7
62271,89,84,5,5
62272,102,91,11,11
62273,89,85,4,4
62274,92,92,0,0
62275,91,81,10,10
62276,69,70,-1,1
62277,31,53,-22,22
62278,62,63,-1,1
62279,74,75,-1,1
62280,73,65,8,8
62281,92,77,15,15
62282,68,69,-1,1
62283,121,112,9,9
62284,160,152,8,8
62285,124,117,7,7
62286,71,67,4,4
62287,98,86,12,12
62288,85,80,5,5
62289,93,82,11,11
62290,87,75,12,12
62291,210,171,39,39
62292,74,72,2,2
62293,84,86,-2,2
62294,141,134,7,7
62295,68,68,0,0
62296,118,114,4,4
62297,75,75,0,0
62298,150,138,12,12
62299,162,152,10,10
62300,59,60,-1,1
62301,82,79,3,3
62302,118,109,9,9
62303,94,96,-2,2
62304,75,89,-14,14
62305,71,68,3,3
62306,131,121,10,10
62307,120,108,12,12
62308,91,90,1,1
62309,112,102,10,10
62310,145,141,4,4
62311,93,81,12,12
62312,93,83,10,10
62313,89,75,14,14
62314,110,100,10,10
62315,78,76,2,2
62316,80,76,4,4
62317,133,130,3,3
62318,50,55,-5,5
62319,82,75,7,7
62320,145,118,27,27
62321,126,106,20,20
62322,105,99,6,6
62323,159,150,9,9
62324,118,118,0,0
62325,142,130,12,12
62326,108,96,12,12
62327,110,107,3,3
62328,106,92,14,14
62329,119,115,4,4
62330,90,88,2,2
62331,68,70,-2,2
62332,119,107,12,12
62333,162,144,18,18
62334,76,79,-3,3
62335,89,79,10,10
62336,57,60,-3,3
62337,79,78,1,1
62338,72,80,-8,8
62339,110,95,15,15
62340,82,76,6,6
62341,76,70,6,6
62342,68,72,-4,4
62343,79,100,-21,21
62344,64,66,-2,2
62345,151,131,20,20
62346,64,62,2,2
62347,110,102,8,8
62348,78,69,9,9
62349,123,116,7,7
62350,118,111,7,7
62351,58,63,-5,5
62352,140,126,14,14
62353,128,112,16,16
62354,57,54,3,3
62355,101,100,1,1
62356,106,98,8,8
62357,71,75,-4,4
62358,61,59,2,2
62359,187,153,34,34
62360,123,107,16,16
62361,64,59,5,5
62362,59,63,-4,4
62363,83,80,3,3
62364,68,69,-1,1
62365,83,74,9,9
62366,111,100,11,11
62367,86,90,-4,4
62368,87,82,5,5
62369,97,89,8,8
62370,76,75,1,1
62371,91,90,1,1
62372,169,144,25,25
62373,51,53,-2,2
62374,57,68,-11,11
62375,168,163,5,5
62376,93,70,23,23
62377,93,87,6,6
62378,98,81,17,17
62379,76,84,-8,8
62380,142,133,9,9
62381,60,60,0,0
62382,118,107,11,11
62383,40,60,-20,20
62384,68,59,9,9
62385,75,69,6,6
62386,97,91,6,6
62387,124,119,5,5
62388,68,59,9,9
62389,89,85,4,4
62390,109,105,4,4
62391,53,53,0,0
62392,112,103,9,9
62393,140,140,0,0
62394,113,101,12,12
62395,105,112,-7,7
62396,69,64,5,5
62397,98,117,-19,19
62398,150,142,8,8
62399,93,88,5,5
62400,117,120,-3,3
62401,44,52,-8,8
62402,65,58,7,7
62403,78,69,9,9
62404,149,141,8,8
62405,75,70,5,5
62406,82,82,0,0
62407,93,84,9,9
62408,129,127,2,2
62409,46,54,-8,8
62410,56,53,3,3
62411,99,82,17,17
62412,31,52,-21,21
62413,113,108,5,5
62414,167,164,3,3
62415,113,110,3,3
62416,171,165,6,6
62417,71,71,0,0
62418,103,100,3,3
62419,76,78,-2,2
62420,64,55,9,9
62421,105,104,1,1
62422,176,162,14,14
62423,127,112,15,15
62424,118,100,18,18
62425,88,97,-9,9
62426,133,128,5,5
62427,84,91,-7,7
62428,108,105,3,3
62429,72,69,3,3
62430,128,122,6,6
62431,36,53,-17,17
62432,116,101,15,15
62433,105,105,0,0
62434,85,85,0,0
62435,48,53,-5,5
62436,142,121,21,21
62437,78,61,17,17
62438,72,74,-2,2
62439,255,226,29,29
62440,113,112,1,1
62441,98,86,12,12
62442,143,125,18,18
62443,85,104,-19,19
62444,111,110,1,1
62445,106,99,7,7
62446,111,107,4,4
62447,84,76,8,8
62448,74,73,1,1
62449,87,88,-1,1
62450,133,130,3,3
62451,111,112,-1,1
62452,78,76,2,2
62453,83,85,-2,2
62454,117,101,16,16
62455,97,90,7,7
62456,127,124,3,3
62457,66,67,-1,1
62458,124,112,12,12
62459,72,70,2,2
62460,108,93,15,15
62461,124,123,1,1
62462,137,113,24,24
62463,84,82,2,2
62464,175,166,9,9
62465,32,51,-19,19
62466,127,110,17,17
62467,139,137,2,2
62468,84,107,-23,23
62469,138,137,1,1
62470,147,141,6,6
62471,49,54,-5,5
62472,87,81,6,6
62473,71,72,-1,1
62474,89,74,15,15
62475,122,115,7,7
62476,110,112,-2,2
62477,112,111,1,1
62478,161,138,23,23
62479,78,85,-7,7
62480,84,84,0,0
62481,96,84,12,12
62482,83,80,3,3
62483,166,137,29,29
62484,69,62,7,7
62485,48,55,-7,7
62486,84,69,15,15
62487,113,92,21,21
62488,89,88,1,1
62489,51,55,-4,4
62490,101,99,2,2
62491,70,66,4,4
62492,107,97,10,10
62493,99,91,8,8
62494,142,128,14,14
62495,123,108,15,15
62496,81,75,6,6
62497,60,57,3,3
62498,139,126,13,13
62499,93,86,7,7
62500,123,127,-4,4
62501,101,77,24,24
62502,128,122,6,6
62503,72,69,3,3
62504,134,118,16,16
62505,89,86,3,3
62506,162,147,15,15
62507,129,108,21,21
62508,97,93,4,4
62509,63,70,-7,7
62510,88,88,0,0
62511,47,53,-6,6
62512,163,146,17,17
62513,169,166,3,3
62514,88,82,6,6
62515,116,110,6,6
62516,68,67,1,1
62517,66,65,1,1
62518,75,75,0,0
62519,79,82,-3,3
62520,132,130,2,2
62521,64,67,-3,3
62522,154,144,10,10
62523,159,128,31,31
62524,97,95,2,2
62525,151,141,10,10
62526,64,67,-3,3
62527,86,73,13,13
62528,86,102,-16,16
62529,105,100,5,5
62530,135,131,4,4
62531,78,84,-6,6
62532,180,153,27,27
62533,126,112,14,14
62534,115,114,1,1
62535,95,102,-7,7
62536,123,105,18,18
62537,49,62,-13,13
62538,94,96,-2,2
62539,170,158,12,12
62540,92,89,3,3
62541,101,104,-3,3
62542,93,91,2,2
62543,123,136,-13,13
62544,83,70,13,13
62545,122,101,21,21
62546,109,117,-8,8
62547,67,58,9,9
62548,59,62,-3,3
62549,79,72,7,7
62550,82,85,-3,3
62551,69,68,1,1
62552,83,89,-6,6
62553,116,105,11,11
62554,202,167,35,35
62555,92,99,-7,7
62556,95,85,10,10
62557,104,102,2,2
62558,124,112,12,12
62559,203,178,25,25
62560,95,91,4,4
62561,131,124,7,7
62562,42,52,-10,10
62563,106,83,23,23
62564,40,54,-14,14
62565,81,80,1,1
62566,125,108,17,17
62567,82,79,3,3
62568,121,110,11,11
62569,85,94,-9,9
62570,104,89,15,15
62571,82,76,6,6
62572,76,70,6,6
62573,60,59,1,1
62574,91,71,20,20
62575,96,82,14,14
62576,118,110,8,8
62577,101,92,9,9
62578,140,136,4,4
62579,153,146,7,7
62580,115,122,-7,7
62581,38,58,-20,20
62582,74,74,0,0
62583,28,58,-30,30
62584,65,66,-1,1
62585,113,115,-2,2
62586,109,107,2,2
62587,93,90,3,3
62588,87,81,6,6
62589,54,56,-2,2
62590,125,116,9,9
62591,141,134,7,7
62592,114,117,-3,3
62593,122,113,9,9
62594,138,134,4,4
62595,98,90,8,8
62596,84,80,4,4
62597,118,112,6,6
62598,114,110,4,4
62599,69,71,-2,2
62600,47,57,-10,10
62601,72,62,10,10
62602,72,58,14,14
62603,85,83,2,2
62604,48,52,-4,4
62605,96,89,7,7
62606,90,84,6,6
62607,99,88,11,11
62608,122,121,1,1
62609,60,63,-3,3
62610,80,82,-2,2
62611,79,82,-3,3
62612,54,55,-1,1
62613,90,89,1,1
62614,84,85,-1,1
62615,98,95,3,3
62616,106,99,7,7
62617,70,73,-3,3
62618,93,82,11,11
62619,81,75,6,6
62620,108,100,8,8
62621,66,65,1,1
62622,92,86,6,6
62623,58,54,4,4
62624,80,76,4,4
62625,72,75,-3,3
62626,92,85,7,7
62627,114,119,-5,5
62628,149,129,20,20
62629,85,78,7,7
62630,61,54,7,7
62631,104,92,12,12
62632,100,89,11,11
62633,132,126,6,6
62634,132,122,10,10
62635,114,98,16,16
62636,89,88,1,1
62637,52,53,-1,1
62638,51,53,-2,2
62639,109,109,0,0
62640,112,119,-7,7
62641,80,73,7,7
62642,158,169,-11,11
62643,103,87,16,16
62644,59,59,0,0
62645,118,105,13,13
62646,114,105,9,9
62647,101,92,9,9
62648,64,64,0,0
62649,75,72,3,3
62650,110,94,16,16
62651,168,172,-4,4
62652,109,95,14,14
62653,106,102,4,4
62654,32,74,-42,42
62655,86,88,-2,2
62656,185,143,42,42
62657,125,128,-3,3
62658,48,54,-6,6
62659,128,125,3,3
62660,138,137,1,1
62661,75,67,8,8
62662,84,102,-18,18
62663,115,97,18,18
62664,58,68,-10,10
62665,97,93,4,4
62666,152,133,19,19
62667,94,95,-1,1
62668,114,109,5,5
62669,130,131,-1,1
62670,61,60,1,1
62671,185,160,25,25
62672,110,103,7,7
62673,58,57,1,1
62674,79,83,-4,4
62675,79,74,5,5
62676,93,84,9,9
62677,129,122,7,7
62678,134,122,12,12
62679,98,100,-2,2
62680,162,152,10,10
62681,83,82,1,1
62682,107,89,18,18
62683,98,103,-5,5
62684,131,114,17,17
62685,57,55,2,2
62686,153,135,18,18
62687,126,119,7,7
62688,89,85,4,4
62689,68,64,4,4
62690,131,118,13,13
62691,68,76,-8,8
62692,94,83,11,11
62693,135,119,16,16
62694,96,93,3,3
62695,95,99,-4,4
62696,90,85,5,5
62697,55,57,-2,2
62698,108,110,-2,2
62699,36,52,-16,16
62700,73,66,7,7
62701,73,80,-7,7
62702,102,94,8,8
62703,52,53,-1,1
62704,22,73,-51,51
62705,102,89,13,13
62706,136,117,19,19
62707,83,85,-2,2
62708,76,75,1,1
62709,135,130,5,5
62710,116,115,1,1
62711,69,69,0,0
62712,42,52,-10,10
62713,86,71,15,15
62714,131,114,17,17
62715,119,110,9,9
62716,65,64,1,1
62717,100,104,-4,4
62718,65,67,-2,2
62719,73,72,1,1
62720,63,62,1,1
62721,115,147,-32,32
62722,164,141,23,23
62723,146,142,4,4
62724,64,66,-2,2
62725,101,92,9,9
62726,124,114,10,10
62727,74,80,-6,6
62728,92,76,16,16
62729,90,86,4,4
62730,93,87,6,6
62731,76,78,-2,2
62732,133,129,4,4
62733,54,56,-2,2
62734,147,117,30,30
62735,107,108,-1,1
62736,132,115,17,17
62737,129,115,14,14
62738,95,88,7,7
62739,78,84,-6,6
62740,93,82,11,11
62741,85,90,-5,5
62742,138,145,-7,7
62743,106,104,2,2
62744,45,54,-9,9
62745,50,55,-5,5
62746,55,60,-5,5
62747,44,62,-18,18
62748,70,67,3,3
62749,125,117,8,8
62750,82,78,4,4
62751,80,76,4,4
62752,120,114,6,6
62753,100,94,6,6
62754,70,65,5,5
62755,65,63,2,2
62756,96,98,-2,2
62757,93,90,3,3
62758,106,96,10,10
62759,168,147,21,21
62760,169,154,15,15
62761,95,86,9,9
62762,95,93,2,2
62763,81,74,7,7
62764,65,73,-8,8
62765,64,71,-7,7
62766,62,72,-10,10
62767,119,111,8,8
62768,93,85,8,8
62769,77,72,5,5
62770,141,133,8,8
62771,66,67,-1,1
62772,76,86,-10,10
62773,148,136,12,12
62774,57,68,-11,11
62775,78,66,12,12
62776,134,110,24,24
62777,133,121,12,12
62778,66,68,-2,2
62779,75,69,6,6
62780,97,89,8,8
62781,131,119,12,12
62782,171,156,15,15
62783,222,202,20,20
62784,102,102,0,0
62785,60,59,1,1
62786,144,142,2,2
62787,43,55,-12,12
62788,82,75,7,7
62789,84,82,2,2
62790,92,95,-3,3
62791,94,74,20,20
62792,179,169,10,10
62793,119,116,3,3
62794,61,65,-4,4
62795,93,97,-4,4
62796,53,56,-3,3
62797,142,138,4,4
62798,69,65,4,4
62799,90,89,1,1
62800,139,132,7,7
62801,90,107,-17,17
62802,56,55,1,1
62803,113,115,-2,2
62804,91,84,7,7
62805,86,82,4,4
62806,111,100,11,11
62807,74,64,10,10
62808,139,122,17,17
62809,96,83,13,13
62810,105,95,10,10
62811,139,133,6,6
62812,61,62,-1,1
62813,70,70,0,0
62814,70,73,-3,3
62815,61,58,3,3
62816,127,131,-4,4
62817,92,96,-4,4
62818,120,106,14,14
62819,52,56,-4,4
62820,86,85,1,1
62821,62,59,3,3
62822,101,119,-18,18
62823,85,96,-11,11
62824,96,96,0,0
62825,105,102,3,3
62826,122,118,4,4
62827,116,110,6,6
62828,98,78,20,20
62829,154,142,12,12
62830,100,89,11,11
62831,164,149,15,15
62832,162,150,12,12
62833,136,138,-2,2
62834,62,67,-5,5
62835,178,164,14,14
62836,109,89,20,20
62837,121,103,18,18
62838,108,116,-8,8
62839,84,87,-3,3
62840,131,116,15,15
62841,122,106,16,16
62842,64,70,-6,6
62843,84,82,2,2
62844,72,72,0,0
62845,185,158,27,27
62846,77,73,4,4
62847,137,152,-15,15
62848,93,99,-6,6
62849,86,95,-9,9
62850,144,123,21,21
62851,78,80,-2,2
62852,61,63,-2,2
62853,129,113,16,16
62854,52,63,-11,11
62855,195,173,22,22
62856,87,88,-1,1
62857,101,102,-1,1
62858,103,99,4,4
62859,169,150,19,19
62860,104,99,5,5
62861,80,74,6,6
62862,40,58,-18,18
62863,90,92,-2,2
62864,89,93,-4,4
62865,105,99,6,6
62866,86,89,-3,3
62867,133,121,12,12
62868,89,84,5,5
62869,64,60,4,4
62870,94,100,-6,6
62871,86,90,-4,4
62872,128,119,9,9
62873,53,56,-3,3
62874,91,78,13,13
62875,74,69,5,5
62876,64,63,1,1
62877,81,68,13,13
62878,66,67,-1,1
62879,76,66,10,10
62880,91,85,6,6
62881,76,72,4,4
62882,109,96,13,13
62883,77,70,7,7
62884,76,75,1,1
62885,110,94,16,16
62886,88,82,6,6
62887,120,110,10,10
62888,127,119,8,8
62889,106,106,0,0
62890,201,178,23,23
62891,111,105,6,6
62892,231,197,34,34
62893,59,63,-4,4
62894,150,135,15,15
62895,141,129,12,12
62896,62,58,4,4
62897,191,179,12,12
62898,119,114,5,5
62899,72,77,-5,5
62900,103,99,4,4
62901,79,82,-3,3
62902,106,105,1,1
62903,104,115,-11,11
62904,88,92,-4,4
62905,78,80,-2,2
62906,81,88,-7,7
62907,98,99,-1,1
62908,123,117,6,6
62909,142,129,13,13
62910,74,71,3,3
62911,163,145,18,18
62912,102,87,15,15
62913,60,60,0,0
62914,133,109,24,24
62915,59,59,0,0
62916,47,56,-9,9
62917,86,85,1,1
62918,124,113,11,11
62919,28,51,-23,23
62920,59,60,-1,1
62921,124,133,-9,9
62922,105,100,5,5
62923,103,93,10,10
62924,80,77,3,3
62925,82,76,6,6
62926,84,77,7,7
62927,128,122,6,6
62928,101,102,-1,1
62929,72,69,3,3
62930,89,78,11,11
62931,119,113,6,6
62932,181,168,13,13
62933,146,140,6,6
62934,58,60,-2,2
62935,80,68,12,12
62936,37,53,-16,16
62937,45,54,-9,9
62938,95,102,-7,7
62939,108,102,6,6
62940,79,72,7,7
62941,85,73,12,12
62942,53,59,-6,6
62943,211,183,28,28
62944,103,99,4,4
62945,77,73,4,4
62946,75,69,6,6
62947,95,93,2,2
62948,102,90,12,12
62949,77,75,2,2
62950,54,59,-5,5
62951,110,102,8,8
62952,121,108,13,13
62953,89,72,17,17
62954,93,97,-4,4
62955,44,54,-10,10
62956,84,93,-9,9
62957,135,119,16,16
62958,66,61,5,5
62959,104,109,-5,5
62960,141,129,12,12
62961,98,91,7,7
62962,90,95,-5,5
62963,115,107,8,8
62964,109,106,3,3
62965,69,73,-4,4
62966,64,62,2,2
62967,185,161,24,24
62968,114,107,7,7
62969,191,156,35,35
62970,49,53,-4,4
62971,83,84,-1,1
62972,100,98,2,2
62973,98,87,11,11
62974,69,78,-9,9
62975,103,87,16,16
62976,148,147,1,1
62977,81,72,9,9
62978,151,143,8,8
62979,70,60,10,10
62980,88,80,8,8
62981,93,94,-1,1
62982,60,74,-14,14
62983,88,78,10,10
62984,63,66,-3,3
62985,92,82,10,10
62986,108,108,0,0
62987,78,84,-6,6
62988,156,136,20,20
62989,63,60,3,3
62990,58,66,-8,8
62991,38,53,-15,15
62992,107,96,11,11
62993,101,92,9,9
62994,65,73,-8,8
62995,120,117,3,3
62996,101,88,13,13
62997,106,93,13,13
62998,72,67,5,5
62999,127,112,15,15
63000,65,67,-2,2
63001,126,108,18,18
63002,113,110,3,3
63003,104,110,-6,6
63004,152,139,13,13
63005,57,59,-2,2
63006,83,74,9,9
63007,101,100,1,1
63008,81,79,2,2
63009,54,62,-8,8
63010,80,77,3,3
63011,83,85,-2,2
63012,31,52,-21,21
63013,64,63,1,1
63014,159,155,4,4
63015,133,125,8,8
63016,116,117,-1,1
63017,57,54,3,3
63018,99,92,7,7
63019,62,58,4,4
63020,90,86,4,4
63021,117,112,5,5
63022,142,125,17,17
63023,177,155,22,22
63024,59,59,0,0
63025,89,98,-9,9
63026,69,64,5,5
63027,63,68,-5,5
63028,46,70,-24,24
63029,136,138,-2,2
63030,105,115,-10,10
63031,127,129,-2,2
63032,66,71,-5,5
63033,138,132,6,6
63034,71,69,2,2
63035,97,95,2,2
63036,112,109,3,3
63037,77,78,-1,1
63038,57,58,-1,1
63039,84,86,-2,2
63040,85,75,10,10
63041,111,99,12,12
63042,123,115,8,8
63043,110,112,-2,2
63044,114,117,-3,3
63045,111,130,-19,19
63046,71,78,-7,7
63047,93,83,10,10
63048,343,293,50,50
63049,72,71,1,1
63050,186,156,30,30
63051,62,60,2,2
63052,79,78,1,1
63053,129,129,0,0
63054,121,131,-10,10
63055,105,97,8,8
63056,157,141,16,16
63057,115,104,11,11
63058,78,73,5,5
63059,179,178,1,1
63060,80,78,2,2
63061,113,116,-3,3
63062,87,88,-1,1
63063,95,92,3,3
63064,95,97,-2,2
63065,104,98,6,6
63066,88,83,5,5
63067,61,64,-3,3
63068,63,54,9,9
63069,87,101,-14,14
63070,157,158,-1,1
63071,92,116,-24,24
63072,53,54,-1,1
63073,128,115,13,13
63074,114,107,7,7
63075,95,89,6,6
63076,102,100,2,2
63077,120,118,2,2
63078,110,115,-5,5
63079,207,183,24,24
63080,103,98,5,5
63081,55,56,-1,1
63082,98,93,5,5
63083,99,97,2,2
63084,94,92,2,2
63085,82,88,-6,6
63086,60,82,-22,22
63087,95,100,-5,5
63088,113,100,13,13
63089,113,110,3,3
63090,105,97,8,8
63091,80,65,15,15
63092,104,106,-2,2
63093,97,92,5,5
63094,62,66,-4,4
63095,62,73,-11,11
63096,85,89,-4,4
63097,114,113,1,1
63098,72,61,11,11
63099,82,75,7,7
63100,94,85,9,9
63101,90,90,0,0
63102,110,98,12,12
63103,90,82,8,8
63104,80,80,0,0
63105,109,94,15,15
63106,61,65,-4,4
63107,185,171,14,14
63108,117,112,5,5
63109,139,131,8,8
63110,56,58,-2,2
63111,74,72,2,2
63112,107,108,-1,1
63113,78,84,-6,6
63114,51,54,-3,3
63115,87,84,3,3
63116,114,108,6,6
63117,83,78,5,5
63118,137,122,15,15
63119,117,108,9,9
63120,87,91,-4,4
63121,69,73,-4,4
63122,86,87,-1,1
63123,150,145,5,5
63124,162,152,10,10
63125,87,86,1,1
63126,68,63,5,5
63127,68,66,2,2
63128,126,97,29,29
63129,109,98,11,11
63130,106,114,-8,8
63131,114,107,7,7
63132,136,138,-2,2
63133,128,107,21,21
63134,109,112,-3,3
63135,114,111,3,3
63136,102,102,0,0
63137,144,130,14,14
63138,52,55,-3,3
63139,73,83,-10,10
63140,116,108,8,8
63141,111,95,16,16
63142,106,105,1,1
63143,125,121,4,4
63144,119,96,23,23
63145,77,78,-1,1
63146,78,73,5,5
63147,62,59,3,3
63148,80,84,-4,4
63149,101,101,0,0
63150,130,130,0,0
63151,165,146,19,19
63152,88,74,14,14
63153,97,99,-2,2
63154,125,111,14,14
63155,55,60,-5,5
63156,76,79,-3,3
63157,124,126,-2,2
63158,82,84,-2,2
63159,60,64,-4,4
63160,107,101,6,6
63161,109,109,0,0
63162,162,143,19,19
63163,95,111,-16,16
63164,54,54,0,0
63165,125,117,8,8
63166,107,94,13,13
63167,74,65,9,9
63168,155,142,13,13
63169,77,80,-3,3
63170,80,71,9,9
63171,122,120,2,2
63172,71,74,-3,3
63173,112,99,13,13
63174,61,67,-6,6
63175,88,89,-1,1
63176,171,149,22,22
63177,98,87,11,11
63178,59,61,-2,2
63179,150,142,8,8
63180,94,91,3,3
63181,112,109,3,3
63182,113,91,22,22
63183,92,88,4,4
63184,121,118,3,3
63185,101,94,7,7
63186,82,77,5,5
63187,125,106,19,19
63188,74,72,2,2
63189,68,69,-1,1
63190,104,104,0,0
63191,80,77,3,3
63192,101,89,12,12
63193,96,99,-3,3
63194,96,91,5,5
63195,79,84,-5,5
63196,75,71,4,4
63197,121,118,3,3
63198,173,155,18,18
63199,123,112,11,11
63200,124,112,12,12
63201,123,115,8,8
63202,129,126,3,3
63203,119,101,18,18
63204,107,107,0,0
63205,117,107,10,10
63206,74,74,0,0
63207,72,75,-3,3
63208,92,99,-7,7
63209,102,92,10,10
63210,123,128,-5,5
63211,119,123,-4,4
63212,71,71,0,0
63213,64,69,-5,5
63214,108,102,6,6
63215,140,121,19,19
63216,90,89,1,1
63217,128,110,18,18
63218,99,96,3,3
63219,82,93,-11,11
63220,156,146,10,10
63221,137,129,8,8
63222,78,66,12,12
63223,95,93,2,2
63224,82,92,-10,10
63225,90,91,-1,1
63226,64,63,1,1
63227,73,77,-4,4
63228,53,60,-7,7
63229,123,117,6,6
63230,62,64,-2,2
63231,92,97,-5,5
63232,123,111,12,12
63233,125,112,13,13
63234,41,53,-12,12
63235,187,169,18,18
63236,91,86,5,5
63237,76,75,1,1
63238,176,154,22,22
63239,93,97,-4,4
63240,87,88,-1,1
63241,89,91,-2,2
63242,88,82,6,6
63243,99,85,14,14
63244,134,115,19,19
63245,95,93,2,2
63246,105,102,3,3
63247,42,55,-13,13
63248,96,86,10,10
63249,50,60,-10,10
63250,63,61,2,2
63251,95,102,-7,7
63252,99,92,7,7
63253,109,119,-10,10
63254,133,116,17,17
63255,90,79,11,11
63256,71,69,2,2
63257,58,73,-15,15
63258,173,156,17,17
63259,77,69,8,8
63260,88,70,18,18
63261,72,70,2,2
63262,116,105,11,11
63263,61,61,0,0
63264,94,81,13,13
63265,117,119,-2,2
63266,114,111,3,3
63267,147,131,16,16
63268,125,114,11,11
63269,100,96,4,4
63270,101,88,13,13
63271,112,108,4,4
63272,94,80,14,14
63273,119,109,10,10
63274,154,146,8,8
63275,82,79,3,3
63276,58,63,-5,5
63277,131,111,20,20
63278,82,91,-9,9
63279,96,93,3,3
63280,80,72,8,8
63281,118,117,1,1
63282,51,65,-14,14
63283,164,148,16,16
63284,77,99,-22,22
63285,144,138,6,6
63286,132,129,3,3
63287,89,86,3,3
63288,78,70,8,8
63289,51,57,-6,6
63290,100,100,0,0
63291,108,102,6,6
63292,143,125,18,18
63293,88,82,6,6
63294,67,63,4,4
63295,121,122,-1,1
63296,90,80,10,10
63297,65,65,0,0
63298,79,77,2,2
63299,144,132,12,12
63300,55,57,-2,2
63301,78,79,-1,1
63302,82,88,-6,6
63303,78,76,2,2
63304,160,154,6,6
63305,89,77,12,12
63306,101,106,-5,5
63307,114,92,22,22
63308,86,78,8,8
63309,155,149,6,6
63310,105,107,-2,2
63311,76,70,6,6
63312,149,134,15,15
63313,99,106,-7,7
63314,120,107,13,13
63315,69,68,1,1
63316,102,97,5,5
63317,59,57,2,2
63318,54,64,-10,10
63319,107,95,12,12
63320,60,60,0,0
63321,70,62,8,8
63322,219,200,19,19
63323,83,78,5,5
63324,68,64,4,4
63325,89,86,3,3
63326,68,72,-4,4
63327,108,110,-2,2
63328,94,97,-3,3
63329,90,91,-1,1
63330,171,158,13,13
63331,35,51,-16,16
63332,39,54,-15,15
63333,80,113,-33,33
63334,69,66,3,3
63335,109,106,3,3
63336,112,115,-3,3
63337,127,125,2,2
63338,87,81,6,6
63339,60,121,-61,61
63340,67,72,-5,5
63341,151,138,13,13
63342,115,107,8,8
63343,86,88,-2,2
63344,97,83,14,14
63345,128,115,13,13
63346,137,117,20,20
63347,102,96,6,6
63348,76,78,-2,2
63349,33,51,-18,18
63350,89,85,4,4
63351,68,63,5,5
63352,55,57,-2,2
63353,104,102,2,2
63354,98,97,1,1
63355,67,62,5,5
63356,103,95,8,8
63357,87,83,4,4
63358,92,88,4,4
63359,97,82,15,15
63360,144,131,13,13
63361,94,104,-10,10
63362,95,81,14,14
63363,131,115,16,16
63364,102,91,11,11
63365,132,127,5,5
63366,83,83,0,0
63367,127,126,1,1
63368,71,66,5,5
63369,86,84,2,2
63370,202,171,31,31
63371,181,158,23,23
63372,129,125,4,4
63373,112,105,7,7
63374,118,111,7,7
63375,46,52,-6,6
63376,120,102,18,18
63377,55,65,-10,10
63378,141,126,15,15
63379,92,84,8,8
63380,137,134,3,3
63381,59,59,0,0
63382,192,184,8,8
63383,144,139,5,5
63384,91,91,0,0
63385,111,110,1,1
63386,52,60,-8,8
63387,135,122,13,13
63388,43,59,-16,16
63389,138,117,21,21
63390,159,139,20,20
63391,88,91,-3,3
63392,63,63,0,0
63393,90,88,2,2
63394,101,91,10,10
63395,72,69,3,3
63396,64,61,3,3
63397,81,73,8,8
63398,94,90,4,4
63399,125,121,4,4
63400,64,62,2,2
63401,68,66,2,2
63402,77,82,-5,5
63403,125,123,2,2
63404,68,67,1,1
63405,131,126,5,5
63406,72,66,6,6
63407,113,103,10,10
63408,136,134,2,2
63409,136,122,14,14
63410,129,112,17,17
63411,118,107,11,11
63412,79,75,4,4
63413,98,91,7,7
63414,117,110,7,7
63415,98,101,-3,3
63416,30,56,-26,26
63417,76,75,1,1
63418,87,79,8,8
63419,110,100,10,10
63420,80,80,0,0
63421,48,60,-12,12
63422,120,110,10,10
63423,98,100,-2,2
63424,43,53,-10,10
63425,84,80,4,4
63426,62,61,1,1
63427,165,159,6,6
63428,56,57,-1,1
63429,85,80,5,5
63430,109,95,14,14
63431,149,133,16,16
63432,55,56,-1,1
63433,89,89,0,0
63434,68,73,-5,5
63435,68,66,2,2
63436,146,138,8,8
63437,112,106,6,6
63438,104,94,10,10
63439,49,62,-13,13
63440,67,61,6,6
63441,70,74,-4,4
63442,109,99,10,10
63443,56,55,1,1
63444,148,138,10,10
63445,97,95,2,2
63446,79,77,2,2
63447,116,103,13,13
63448,97,92,5,5
63449,79,78,1,1
63450,74,66,8,8
63451,67,57,10,10
63452,118,108,10,10
63453,72,74,-2,2
63454,128,103,25,25
63455,113,111,2,2
63456,103,107,-4,4
63457,86,88,-2,2
63458,59,63,-4,4
63459,114,116,-2,2
63460,125,128,-3,3
63461,105,98,7,7
63462,70,68,2,2
63463,147,129,18,18
63464,90,79,11,11
63465,81,84,-3,3
63466,65,72,-7,7
63467,63,61,2,2
63468,110,106,4,4
63469,108,93,15,15
63470,62,75,-13,13
63471,107,99,8,8
63472,47,53,-6,6
63473,76,75,1,1
63474,92,88,4,4
63475,129,123,6,6
63476,87,86,1,1
63477,90,77,13,13
63478,75,74,1,1
63479,69,69,0,0
63480,61,62,-1,1
63481,76,71,5,5
63482,49,53,-4,4
63483,133,118,15,15
63484,147,145,2,2
63485,115,98,17,17
63486,88,93,-5,5
63487,70,67,3,3
63488,77,73,4,4
63489,64,61,3,3
63490,182,158,24,24
63491,103,92,11,11
63492,91,92,-1,1
63493,104,96,8,8
63494,67,59,8,8
63495,90,91,-1,1
63496,81,82,-1,1
63497,140,131,9,9
63498,64,66,-2,2
63499,132,126,6,6
63500,64,60,4,4
63501,117,109,8,8
63502,86,93,-7,7
63503,216,181,35,35
63504,129,116,13,13
63505,107,101,6,6
63506,114,105,9,9
63507,99,86,13,13
63508,232,190,42,42
63509,81,80,1,1
63510,117,114,3,3
63511,142,136,6,6
63512,33,51,-18,18
63513,80,80,0,0
63514,95,81,14,14
63515,84,78,6,6
63516,111,114,-3,3
63517,53,56,-3,3
63518,47,57,-10,10
63519,80,78,2,2
63520,81,77,4,4
63521,74,69,5,5
63522,49,54,-5,5
63523,124,106,18,18
63524,98,90,8,8
63525,155,150,5,5
63526,58,58,0,0
63527,111,101,10,10
63528,99,110,-11,11
63529,124,112,12,12
63530,62,62,0,0
63531,55,57,-2,2
63532,72,69,3,3
63533,62,68,-6,6
63534,74,68,6,6
63535,76,62,14,14
63536,102,95,7,7
63537,87,85,2,2
63538,136,125,11,11
63539,89,81,8,8
63540,68,65,3,3
63541,67,67,0,0
63542,97,99,-2,2
63543,123,111,12,12
63544,170,149,21,21
63545,120,117,3,3
63546,110,112,-2,2
63547,100,97,3,3
63548,37,54,-17,17
63549,84,67,17,17
63550,62,61,1,1
63551,145,128,17,17
63552,106,99,7,7
63553,115,102,13,13
63554,126,125,1,1
63555,141,144,-3,3
63556,92,85,7,7
63557,110,107,3,3
63558,59,66,-7,7
63559,90,81,9,9
63560,77,73,4,4
63561,70,69,1,1
63562,77,71,6,6
63563,79,70,9,9
63564,154,140,14,14
63565,137,134,3,3
63566,106,104,2,2
63567,116,107,9,9
63568,119,104,15,15
63569,65,57,8,8
63570,139,128,11,11
63571,145,130,15,15
63572,141,133,8,8
63573,119,108,11,11
63574,70,72,-2,2
63575,78,76,2,2
63576,75,63,12,12
63577,100,91,9,9
63578,163,145,18,18
63579,162,148,14,14
63580,153,142,11,11
63581,94,94,0,0
63582,74,69,5,5
63583,88,85,3,3
63584,67,71,-4,4
63585,100,107,-7,7
63586,117,119,-2,2
63587,80,73,7,7
63588,95,82,13,13
63589,77,74,3,3
63590,121,112,9,9
63591,141,129,12,12
63592,83,71,12,12
63593,55,58,-3,3
63594,87,75,12,12
63595,76,76,0,0
63596,116,102,14,14
63597,162,185,-23,23
63598,114,107,7,7
63599,79,78,1,1
63600,117,119,-2,2
63601,54,55,-1,1
63602,87,88,-1,1
63603,124,121,3,3
63604,101,96,5,5
63605,53,54,-1,1
63606,133,125,8,8
63607,75,87,-12,12
63608,78,89,-11,11
63609,69,78,-9,9
63610,40,53,-13,13
63611,84,79,5,5
63612,94,92,2,2
63613,75,66,9,9
63614,95,94,1,1
63615,82,94,-12,12
63616,75,70,5,5
63617,141,113,28,28
63618,98,99,-1,1
63619,101,108,-7,7
63620,49,53,-4,4
63621,45,52,-7,7
63622,94,92,2,2
63623,132,107,25,25
63624,122,104,18,18
63625,96,95,1,1
63626,89,83,6,6
63627,114,111,3,3
63628,112,101,11,11
63629,55,64,-9,9
63630,63,62,1,1
63631,133,110,23,23
63632,71,79,-8,8
63633,81,69,12,12
63634,104,104,0,0
63635,97,77,20,20
63636,103,107,-4,4
63637,110,96,14,14
63638,91,89,2,2
63639,60,59,1,1
63640,58,62,-4,4
63641,91,87,4,4
63642,69,71,-2,2
63643,75,83,-8,8
63644,175,170,5,5
63645,62,61,1,1
63646,121,118,3,3
63647,64,63,1,1
63648,103,95,8,8
63649,109,71,38,38
63650,111,96,15,15
63651,87,78,9,9
63652,146,130,16,16
63653,68,69,-1,1
63654,69,69,0,0
63655,79,79,0,0
63656,111,118,-7,7
63657,72,67,5,5
63658,110,100,10,10
63659,106,103,3,3
63660,112,100,12,12
63661,85,73,12,12
63662,153,149,4,4
63663,102,82,20,20
63664,75,77,-2,2
63665,123,111,12,12
63666,80,90,-10,10
63667,81,82,-1,1
63668,76,75,1,1
63669,107,119,-12,12
63670,163,151,12,12
63671,75,81,-6,6
63672,83,78,5,5
63673,72,64,8,8
63674,73,73,0,0
63675,47,61,-14,14
63676,127,118,9,9
63677,31,54,-23,23
63678,88,79,9,9
63679,131,126,5,5
63680,140,146,-6,6
63681,172,158,14,14
63682,86,77,9,9
63683,137,125,12,12
63684,108,102,6,6
63685,67,69,-2,2
63686,157,164,-7,7
63687,42,55,-13,13
63688,81,81,0,0
63689,96,83,13,13
63690,189,177,12,12
63691,97,105,-8,8
63692,82,87,-5,5
63693,105,92,13,13
63694,107,94,13,13
63695,81,80,1,1
63696,44,53,-9,9
63697,93,91,2,2
63698,63,59,4,4
63699,46,89,-43,43
63700,128,130,-2,2
63701,133,126,7,7
63702,40,52,-12,12
63703,119,108,11,11
63704,100,90,10,10
63705,96,90,6,6
63706,84,82,2,2
63707,188,174,14,14
63708,66,67,-1,1
63709,145,136,9,9
63710,50,58,-8,8
63711,74,70,4,4
63712,82,81,1,1
63713,92,89,3,3
63714,131,124,7,7
63715,69,65,4,4
63716,97,83,14,14
63717,137,128,9,9
63718,98,96,2,2
63719,67,67,0,0
63720,107,109,-2,2
63721,49,53,-4,4
63722,76,74,2,2
63723,66,64,2,2
63724,170,151,19,19
63725,101,100,1,1
63726,95,79,16,16
63727,76,67,9,9
63728,82,77,5,5
63729,84,78,6,6
63730,106,99,7,7
63731,64,73,-9,9
63732,91,87,4,4
63733,86,81,5,5
63734,54,55,-1,1
63735,82,96,-14,14
63736,89,89,0,0
63737,97,95,2,2
63738,161,143,18,18
63739,48,52,-4,4
63740,109,101,8,8
63741,159,145,14,14
63742,106,105,1,1
63743,181,151,30,30
63744,129,128,1,1
63745,101,104,-3,3
63746,114,103,11,11
63747,126,113,13,13
63748,168,144,24,24
63749,95,94,1,1
63750,80,81,-1,1
63751,96,88,8,8
63752,35,64,-29,29
63753,73,74,-1,1
63754,89,82,7,7
63755,107,94,13,13
63756,88,86,2,2
63757,92,94,-2,2
63758,91,80,11,11
63759,91,80,11,11
63760,120,131,-11,11
63761,82,79,3,3
63762,80,82,-2,2
63763,55,55,0,0
63764,76,68,8,8
63765,72,67,5,5
63766,105,93,12,12
63767,113,107,6,6
63768,67,63,4,4
63769,101,102,-1,1
63770,80,86,-6,6
63771,80,83,-3,3
63772,96,85,11,11
63773,71,78,-7,7
63774,148,142,6,6
63775,72,67,5,5
63776,127,127,0,0
63777,75,74,1,1
63778,83,83,0,0
63779,90,91,-1,1
63780,86,86,0,0
63781,75,72,3,3
63782,72,71,1,1
63783,70,59,11,11
63784,105,101,4,4
63785,41,59,-18,18
63786,68,68,0,0
63787,86,80,6,6
63788,64,59,5,5
63789,86,87,-1,1
63790,51,59,-8,8
63791,124,109,15,15
63792,88,90,-2,2
63793,93,91,2,2
63794,54,67,-13,13
63795,71,61,10,10
63796,132,129,3,3
63797,101,93,8,8
63798,172,147,25,25
63799,176,163,13,13
63800,173,164,9,9
63801,130,122,8,8
63802,79,74,5,5
63803,102,102,0,0
63804,133,121,12,12
63805,90,70,20,20
63806,102,95,7,7
63807,65,62,3,3
63808,128,120,8,8
63809,159,122,37,37
63810,57,62,-5,5
63811,171,153,18,18
63812,66,70,-4,4
63813,165,144,21,21
63814,51,55,-4,4
63815,111,107,4,4
63816,211,174,37,37
63817,89,82,7,7
63818,74,76,-2,2
63819,86,92,-6,6
63820,129,103,26,26
63821,67,60,7,7
63822,112,109,3,3
63823,102,77,25,25
63824,76,72,4,4
63825,67,77,-10,10
63826,96,88,8,8
63827,115,115,0,0
63828,95,96,-1,1
63829,129,121,8,8
63830,78,72,6,6
63831,58,62,-4,4
63832,93,88,5,5
63833,53,53,0,0
63834,62,62,0,0
63835,89,86,3,3
63836,110,101,9,9
63837,109,116,-7,7
63838,34,61,-27,27
63839,94,76,18,18
63840,54,55,-1,1
63841,111,108,3,3
63842,128,126,2,2
63843,141,134,7,7
63844,92,85,7,7
63845,102,83,19,19
63846,94,98,-4,4
63847,130,119,11,11
63848,93,95,-2,2
63849,86,71,15,15
63850,102,99,3,3
63851,137,115,22,22
63852,55,52,3,3
63853,118,111,7,7
63854,121,112,9,9
63855,155,140,15,15
63856,71,76,-5,5
63857,140,134,6,6
63858,64,69,-5,5
63859,110,116,-6,6
63860,119,120,-1,1
63861,55,60,-5,5
63862,80,83,-3,3
63863,142,121,21,21
63864,44,54,-10,10
63865,111,111,0,0
63866,113,106,7,7
63867,146,126,20,20
63868,169,161,8,8
63869,129,117,12,12
63870,76,80,-4,4
63871,67,61,6,6
63872,75,74,1,1
63873,68,67,1,1
63874,74,76,-2,2
63875,80,75,5,5
63876,33,52,-19,19
63877,91,88,3,3
63878,75,68,7,7
63879,94,86,8,8
63880,142,125,17,17
63881,50,107,-57,57
63882,193,184,9,9
63883,81,83,-2,2
63884,111,101,10,10
63885,130,125,5,5
63886,51,56,-5,5
63887,73,68,5,5
63888,136,137,-1,1
63889,94,90,4,4
63890,111,94,17,17
63891,119,111,8,8
63892,101,101,0,0
63893,79,70,9,9
63894,92,88,4,4
63895,84,74,10,10
63896,48,56,-8,8
63897,105,105,0,0
63898,87,75,12,12
63899,91,92,-1,1
63900,78,83,-5,5
63901,136,140,-4,4
63902,123,120,3,3
63903,130,124,6,6
63904,126,115,11,11
63905,84,91,-7,7
63906,122,122,0,0
63907,124,122,2,2
63908,117,106,11,11
63909,49,53,-4,4
63910,63,59,4,4
63911,64,61,3,3
63912,57,60,-3,3
63913,37,54,-17,17
63914,38,52,-14,14
63915,56,55,1,1
63916,137,124,13,13
63917,109,110,-1,1
63918,158,146,12,12
63919,112,118,-6,6
63920,96,102,-6,6
63921,99,99,0,0
63922,68,68,0,0
63923,94,92,2,2
63924,118,116,2,2
63925,80,82,-2,2
63926,78,81,-3,3
63927,94,88,6,6
63928,172,162,10,10
63929,39,53,-14,14
63930,62,73,-11,11
63931,152,130,22,22
63932,120,106,14,14
63933,90,79,11,11
63934,105,94,11,11
63935,80,73,7,7
63936,58,61,-3,3
63937,51,56,-5,5
63938,90,84,6,6
63939,107,97,10,10
63940,71,70,1,1
63941,61,65,-4,4
63942,111,126,-15,15
63943,88,90,-2,2
63944,56,58,-2,2
63945,93,87,6,6
63946,106,99,7,7
63947,96,91,5,5
63948,81,84,-3,3
63949,63,58,5,5
63950,112,113,-1,1
63951,120,104,16,16
63952,59,55,4,4
63953,103,92,11,11
63954,50,55,-5,5
63955,115,90,25,25
63956,54,65,-11,11
63957,71,69,2,2
63958,59,57,2,2
63959,115,104,11,11
63960,47,56,-9,9
63961,100,94,6,6
63962,77,75,2,2
63963,195,167,28,28
63964,118,111,7,7
63965,90,88,2,2
63966,101,96,5,5
63967,141,129,12,12
63968,153,140,13,13
63969,72,76,-4,4
63970,76,80,-4,4
63971,141,116,25,25
63972,168,144,24,24
63973,189,154,35,35
63974,52,54,-2,2
63975,90,87,3,3
63976,81,83,-2,2
63977,54,58,-4,4
63978,128,113,15,15
63979,86,88,-2,2
63980,65,68,-3,3
63981,53,55,-2,2
63982,57,64,-7,7
63983,90,72,18,18
63984,73,75,-2,2
63985,75,81,-6,6
63986,85,79,6,6
63987,143,135,8,8
63988,44,57,-13,13
63989,81,71,10,10
63990,76,80,-4,4
63991,126,117,9,9
63992,46,55,-9,9
63993,139,119,20,20
63994,154,138,16,16
63995,161,156,5,5
63996,59,55,4,4
63997,78,81,-3,3
63998,85,82,3,3
63999,48,59,-11,11
64000,71,67,4,4
64001,79,82,-3,3
64002,65,62,3,3
64003,78,74,4,4
64004,117,112,5,5
64005,51,54,-3,3
64006,153,86,67,67
64007,118,118,0,0
64008,66,63,3,3
64009,75,78,-3,3
64010,102,106,-4,4
64011,85,81,4,4
64012,64,65,-1,1
64013,95,94,1,1
64014,160,139,21,21
64015,94,85,9,9
64016,68,78,-10,10
64017,180,166,14,14
64018,52,76,-24,24
64019,106,106,0,0
64020,85,84,1,1
64021,115,124,-9,9
64022,57,56,1,1
64023,104,100,4,4
64024,53,57,-4,4
64025,79,70,9,9
64026,68,77,-9,9
64027,86,73,13,13
64028,121,109,12,12
64029,54,56,-2,2
64030,74,69,5,5
64031,122,135,-13,13
64032,67,66,1,1
64033,128,126,2,2
64034,56,56,0,0
64035,146,136,10,10
64036,111,114,-3,3
64037,86,88,-2,2
64038,96,85,11,11
64039,144,142,2,2
64040,73,72,1,1
64041,50,54,-4,4
64042,179,167,12,12
64043,83,86,-3,3
64044,62,59,3,3
64045,103,97,6,6
64046,101,98,3,3
64047,59,60,-1,1
64048,74,65,9,9
64049,72,65,7,7
64050,75,84,-9,9
64051,109,108,1,1
64052,102,84,18,18
64053,143,132,11,11
64054,83,93,-10,10
64055,156,150,6,6
64056,124,112,12,12
64057,80,76,4,4
64058,161,140,21,21
64059,54,58,-4,4
64060,75,86,-11,11
64061,155,129,26,26
64062,117,103,14,14
64063,130,124,6,6
64064,225,186,39,39
64065,94,88,6,6
64066,63,60,3,3
64067,72,67,5,5
64068,179,164,15,15
64069,141,134,7,7
64070,82,71,11,11
64071,62,56,6,6
64072,122,119,3,3
64073,79,71,8,8
64074,93,77,16,16
64075,137,155,-18,18
64076,110,109,1,1
64077,137,128,9,9
64078,84,70,14,14
64079,64,62,2,2
64080,64,56,8,8
64081,56,62,-6,6
64082,70,72,-2,2
64083,76,75,1,1
64084,118,107,11,11
64085,88,78,10,10
64086,81,72,9,9
64087,129,115,14,14
64088,64,68,-4,4
64089,97,89,8,8
64090,123,121,2,2
64091,86,72,14,14
64092,97,90,7,7
64093,115,116,-1,1
64094,96,100,-4,4
64095,77,76,1,1
64096,168,170,-2,2
64097,51,55,-4,4
64098,90,82,8,8
64099,56,60,-4,4
64100,71,75,-4,4
64101,107,104,3,3
64102,94,83,11,11
64103,46,55,-9,9
64104,118,105,13,13
64105,129,113,16,16
64106,106,108,-2,2
64107,81,80,1,1
64108,82,74,8,8
64109,56,56,0,0
64110,79,69,10,10
64111,71,67,4,4
64112,148,146,2,2
64113,205,176,29,29
64114,142,120,22,22
64115,85,75,10,10
64116,47,54,-7,7
64117,91,86,5,5
64118,108,98,10,10
64119,73,67,6,6
64120,102,102,0,0
64121,129,134,-5,5
64122,130,154,-24,24
64123,103,90,13,13
64124,70,89,-19,19
64125,90,83,7,7
64126,118,127,-9,9
64127,85,70,15,15
64128,63,66,-3,3
64129,62,60,2,2
64130,93,90,3,3
64131,66,82,-16,16
64132,57,55,2,2
64133,43,55,-12,12
64134,104,92,12,12
64135,131,118,13,13
64136,88,78,10,10
64137,79,78,1,1
64138,83,68,15,15
64139,77,69,8,8
64140,82,80,2,2
64141,109,101,8,8
64142,118,110,8,8
64143,134,130,4,4
64144,124,128,-4,4
64145,105,108,-3,3
64146,102,92,10,10
64147,109,102,7,7
64148,100,95,5,5
64149,84,87,-3,3
64150,88,80,8,8
64151,86,80,6,6
64152,92,77,15,15
64153,125,114,11,11
64154,70,65,5,5
64155,167,133,34,34
64156,151,153,-2,2
64157,80,67,13,13
64158,125,102,23,23
64159,140,145,-5,5
64160,101,97,4,4
64161,68,62,6,6
64162,48,56,-8,8
64163,105,98,7,7
64164,72,65,7,7
64165,73,73,0,0
64166,139,131,8,8
64167,88,87,1,1
64168,65,98,-33,33
64169,100,94,6,6
64170,150,144,6,6
64171,116,111,5,5
64172,64,64,0,0
64173,115,102,13,13
64174,58,61,-3,3
64175,132,136,-4,4
64176,91,82,9,9
64177,75,66,9,9
64178,98,98,0,0
64179,109,100,9,9
64180,115,100,15,15
64181,86,91,-5,5
64182,100,84,16,16
64183,77,72,5,5
64184,156,154,2,2
64185,63,59,4,4
64186,81,81,0,0
64187,95,86,9,9
64188,70,68,2,2
64189,100,98,2,2
64190,92,88,4,4
64191,150,142,8,8
64192,99,104,-5,5
64193,133,120,13,13
64194,46,54,-8,8
64195,99,87,12,12
64196,128,114,14,14
64197,77,76,1,1
64198,77,76,1,1
64199,62,65,-3,3
64200,175,144,31,31
64201,183,163,20,20
64202,80,83,-3,3
64203,124,121,3,3
64204,116,108,8,8
64205,140,138,2,2
64206,74,65,9,9
64207,104,118,-14,14
64208,43,55,-12,12
64209,191,171,20,20
64210,245,231,14,14
64211,94,84,10,10
64212,110,98,12,12
64213,86,84,2,2
64214,49,61,-12,12
64215,116,114,2,2
64216,58,59,-1,1
64217,51,66,-15,15
64218,96,92,4,4
64219,73,75,-2,2
64220,100,98,2,2
64221,83,129,-46,46
64222,130,120,10,10
64223,64,67,-3,3
64224,77,78,-1,1
64225,126,127,-1,1
64226,52,54,-2,2
64227,84,77,7,7
64228,69,80,-11,11
64229,107,119,-12,12
64230,104,88,16,16
64231,55,55,0,0
64232,87,90,-3,3
64233,88,91,-3,3
64234,147,144,3,3
64235,122,112,10,10
64236,120,108,12,12
64237,166,152,14,14
64238,80,86,-6,6
64239,122,117,5,5
64240,43,52,-9,9
64241,121,106,15,15
64242,70,72,-2,2
64243,101,95,6,6
64244,57,59,-2,2
64245,100,92,8,8
64246,52,57,-5,5
64247,69,67,2,2
64248,52,53,-1,1
64249,60,61,-1,1
64250,74,67,7,7
64251,92,92,0,0
64252,47,54,-7,7
64253,91,92,-1,1
64254,72,72,0,0
64255,45,52,-7,7
64256,70,76,-6,6
64257,119,117,2,2
64258,113,113,0,0
64259,51,56,-5,5
64260,56,59,-3,3
64261,95,89,6,6
64262,82,90,-8,8
64263,79,77,2,2
64264,70,70,0,0
64265,78,75,3,3
64266,94,91,3,3
64267,68,64,4,4
64268,87,86,1,1
64269,164,170,-6,6
64270,101,90,11,11
64271,145,138,7,7
64272,50,56,-6,6
64273,65,77,-12,12
64274,108,94,14,14
64275,77,74,3,3
64276,153,130,23,23
64277,113,102,11,11
64278,181,149,32,32
64279,52,55,-3,3
64280,96,96,0,0
64281,139,127,12,12
64282,91,91,0,0
64283,73,71,2,2
64284,77,75,2,2
64285,71,70,1,1
64286,51,57,-6,6
64287,90,86,4,4
64288,68,62,6,6
64289,73,71,2,2
64290,94,100,-6,6
64291,69,64,5,5
64292,90,87,3,3
64293,154,150,4,4
64294,163,136,27,27
64295,74,74,0,0
64296,55,59,-4,4
64297,73,76,-3,3
64298,33,51,-18,18
64299,154,137,17,17
64300,70,55,15,15
64301,72,72,0,0
64302,96,98,-2,2
64303,117,112,5,5
64304,127,119,8,8
64305,84,88,-4,4
64306,99,101,-2,2
64307,72,69,3,3
64308,144,128,16,16
64309,74,74,0,0
64310,75,75,0,0
64311,89,80,9,9
64312,122,111,11,11
64313,165,151,14,14
64314,45,55,-10,10
64315,82,85,-3,3
64316,84,77,7,7
64317,166,155,11,11
64318,140,126,14,14
64319,96,100,-4,4
64320,73,68,5,5
64321,200,178,22,22
64322,113,106,7,7
64323,137,126,11,11
64324,87,87,0,0
64325,127,120,7,7
64326,74,60,14,14
64327,89,82,7,7
64328,128,133,-5,5
64329,73,74,-1,1
64330,53,54,-1,1
64331,26,54,-28,28
64332,104,103,1,1
64333,91,79,12,12
64334,157,145,12,12
64335,93,84,9,9
64336,125,126,-1,1
64337,66,59,7,7
64338,125,113,12,12
64339,144,114,30,30
64340,106,95,11,11
64341,129,113,16,16
64342,86,93,-7,7
64343,188,170,18,18
64344,142,124,18,18
64345,54,55,-1,1
64346,185,147,38,38
64347,152,142,10,10
64348,55,54,1,1
64349,74,76,-2,2
64350,132,131,1,1
64351,80,72,8,8
64352,77,73,4,4
64353,67,76,-9,9
64354,71,65,6,6
64355,129,111,18,18
64356,116,103,13,13
64357,97,86,11,11
64358,39,51,-12,12
64359,44,54,-10,10
64360,73,70,3,3
64361,78,72,6,6
64362,68,61,7,7
64363,57,55,2,2
64364,97,76,21,21
64365,77,73,4,4
64366,159,149,10,10
64367,144,127,17,17
64368,58,59,-1,1
64369,74,80,-6,6
64370,47,55,-8,8
64371,86,83,3,3
64372,95,80,15,15
64373,74,71,3,3
64374,84,95,-11,11
64375,175,163,12,12
64376,47,52,-5,5
64377,110,97,13,13
64378,181,162,19,19
64379,117,112,5,5
64380,77,67,10,10
64381,88,77,11,11
64382,84,87,-3,3
64383,56,54,2,2
64384,49,60,-11,11
64385,75,79,-4,4
64386,58,57,1,1
64387,110,111,-1,1
64388,80,76,4,4
64389,120,126,-6,6
64390,79,94,-15,15
64391,107,108,-1,1
64392,79,73,6,6
64393,69,69,0,0
64394,36,56,-20,20
64395,106,102,4,4
64396,64,62,2,2
64397,91,94,-3,3
64398,70,71,-1,1
64399,69,67,2,2
64400,75,77,-2,2
64401,54,54,0,0
64402,69,74,-5,5
64403,105,112,-7,7
64404,67,68,-1,1
64405,28,51,-23,23
64406,57,56,1,1
64407,46,52,-6,6
64408,52,57,-5,5
64409,122,119,3,3
64410,101,92,9,9
64411,129,118,11,11
64412,143,145,-2,2
64413,193,169,24,24
64414,55,57,-2,2
64415,92,86,6,6
64416,107,85,22,22
64417,137,117,20,20
64418,100,97,3,3
64419,61,70,-9,9
64420,113,98,15,15
64421,112,103,9,9
64422,78,69,9,9
64423,82,86,-4,4
64424,58,66,-8,8
64425,65,56,9,9
64426,52,59,-7,7
64427,106,104,2,2
64428,47,56,-9,9
64429,72,80,-8,8
64430,75,77,-2,2
64431,135,135,0,0
64432,87,86,1,1
64433,175,158,17,17
64434,99,103,-4,4
64435,50,56,-6,6
64436,90,85,5,5
64437,83,88,-5,5
64438,68,68,0,0
64439,85,83,2,2
64440,73,76,-3,3
64441,58,68,-10,10
64442,78,72,6,6
64443,89,95,-6,6
64444,49,56,-7,7
64445,73,62,11,11
64446,108,79,29,29
64447,60,66,-6,6
64448,142,119,23,23
64449,217,181,36,36
64450,57,54,3,3
64451,61,58,3,3
64452,82,75,7,7
64453,73,72,1,1
64454,108,101,7,7
64455,139,138,1,1
64456,80,77,3,3
64457,218,195,23,23
64458,119,113,6,6
64459,105,101,4,4
64460,57,60,-3,3
64461,106,110,-4,4
64462,74,79,-5,5
64463,77,79,-2,2
64464,143,132,11,11
64465,103,97,6,6
64466,120,113,7,7
64467,124,109,15,15
64468,112,103,9,9
64469,105,91,14,14
64470,144,139,5,5
64471,97,87,10,10
64472,65,62,3,3
64473,74,71,3,3
64474,55,57,-2,2
64475,80,79,1,1
64476,115,107,8,8
64477,145,140,5,5
64478,103,107,-4,4
64479,132,116,16,16
64480,46,67,-21,21
64481,59,55,4,4
64482,83,75,8,8
64483,150,137,13,13
64484,182,165,17,17
64485,44,56,-12,12
64486,64,76,-12,12
64487,53,55,-2,2
64488,78,81,-3,3
64489,112,116,-4,4
64490,109,99,10,10
64491,95,102,-7,7
64492,62,81,-19,19
64493,57,61,-4,4
64494,130,126,4,4
64495,101,91,10,10
64496,135,135,0,0
64497,100,114,-14,14
64498,107,112,-5,5
64499,97,100,-3,3
64500,79,73,6,6
64501,80,82,-2,2
64502,94,68,26,26
64503,122,113,9,9
64504,57,58,-1,1
64505,58,61,-3,3
64506,76,71,5,5
64507,144,122,22,22
64508,51,54,-3,3
64509,54,57,-3,3
64510,85,84,1,1
64511,61,63,-2,2
64512,148,120,28,28
64513,33,51,-18,18
64514,99,93,6,6
64515,117,108,9,9
64516,82,76,6,6
64517,54,77,-23,23
64518,144,128,16,16
64519,141,132,9,9
64520,80,87,-7,7
64521,203,174,29,29
64522,93,88,5,5
64523,65,63,2,2
64524,61,57,4,4
64525,139,129,10,10
64526,84,80,4,4
64527,72,76,-4,4
64528,68,72,-4,4
64529,56,68,-12,12
64530,101,98,3,3
64531,63,72,-9,9
64532,94,93,1,1
64533,120,116,4,4
64534,113,115,-2,2
64535,32,51,-19,19
64536,94,103,-9,9
64537,116,113,3,3
64538,101,93,8,8
64539,57,60,-3,3
64540,144,131,13,13
64541,76,75,1,1
64542,94,89,5,5
64543,80,78,2,2
64544,100,94,6,6
64545,150,134,16,16
64546,85,88,-3,3
64547,77,71,6,6
64548,75,71,4,4
64549,170,150,20,20
64550,138,139,-1,1
64551,74,71,3,3
64552,83,79,4,4
64553,193,177,16,16
64554,95,82,13,13
64555,132,122,10,10
64556,69,65,4,4
64557,120,127,-7,7
64558,102,95,7,7
64559,87,82,5,5
64560,133,109,24,24
64561,106,101,5,5
64562,90,94,-4,4
64563,61,63,-2,2
64564,87,86,1,1
64565,130,118,12,12
64566,77,79,-2,2
64567,80,95,-15,15
64568,95,77,18,18
64569,64,62,2,2
64570,57,64,-7,7
64571,70,68,2,2
64572,111,102,9,9
64573,54,59,-5,5
64574,142,156,-14,14
64575,52,56,-4,4
64576,47,57,-10,10
64577,133,130,3,3
64578,140,140,0,0
64579,60,65,-5,5
64580,186,155,31,31
64581,77,73,4,4
64582,101,92,9,9
64583,59,58,1,1
64584,121,125,-4,4
64585,104,106,-2,2
64586,155,125,30,30
64587,83,77,6,6
64588,77,70,7,7
64589,123,108,15,15
64590,59,56,3,3
64591,105,86,19,19
64592,75,81,-6,6
64593,116,101,15,15
64594,72,71,1,1
64595,149,150,-1,1
64596,119,110,9,9
64597,63,71,-8,8
64598,87,79,8,8
64599,137,123,14,14
64600,82,71,11,11
64601,125,115,10,10
64602,36,52,-16,16
64603,67,67,0,0
64604,116,112,4,4
64605,155,139,16,16
64606,103,86,17,17
64607,104,95,9,9
64608,143,134,9,9
64609,123,117,6,6
64610,121,109,12,12
64611,87,79,8,8
64612,72,73,-1,1
64613,49,63,-14,14
64614,69,77,-8,8
64615,72,89,-17,17
64616,116,88,28,28
64617,138,140,-2,2
64618,97,98,-1,1
64619,63,59,4,4
64620,109,100,9,9
64621,80,80,0,0
64622,96,89,7,7
64623,98,84,14,14
64624,101,102,-1,1
64625,143,124,19,19
64626,90,85,5,5
64627,85,78,7,7
64628,120,119,1,1
64629,65,61,4,4
64630,161,138,23,23
64631,124,103,21,21
64632,103,100,3,3
64633,99,93,6,6
64634,121,122,-1,1
64635,122,116,6,6
64636,104,110,-6,6
64637,160,159,1,1
64638,109,86,23,23
64639,63,62,1,1
64640,112,106,6,6
64641,88,81,7,7
64642,88,83,5,5
64643,101,106,-5,5
64644,50,54,-4,4
64645,170,169,1,1
64646,64,70,-6,6
64647,102,111,-9,9
64648,93,86,7,7
64649,132,121,11,11
64650,75,77,-2,2
64651,84,74,10,10
64652,60,62,-2,2
64653,103,111,-8,8
64654,58,61,-3,3
64655,153,130,23,23
64656,135,121,14,14
64657,62,74,-12,12
64658,162,140,22,22
64659,74,74,0,0
64660,90,79,11,11
64661,127,121,6,6
64662,97,98,-1,1
64663,102,95,7,7
64664,117,111,6,6
64665,38,52,-14,14
64666,114,106,8,8
64667,45,52,-7,7
64668,100,96,4,4
64669,61,57,4,4
64670,101,86,15,15
64671,120,119,1,1
64672,152,138,14,14
64673,84,86,-2,2
64674,100,89,11,11
64675,108,101,7,7
64676,124,130,-6,6
64677,148,147,1,1
64678,46,53,-7,7
64679,119,114,5,5
64680,118,103,15,15
64681,52,61,-9,9
64682,104,108,-4,4
64683,82,98,-16,16
64684,100,86,14,14
64685,118,103,15,15
64686,70,71,-1,1
64687,104,85,19,19
64688,141,128,13,13
64689,97,93,4,4
64690,24,54,-30,30
64691,192,161,31,31
64692,71,62,9,9
64693,78,82,-4,4
64694,46,54,-8,8
64695,79,79,0,0
64696,153,128,25,25
64697,88,98,-10,10
64698,64,69,-5,5
64699,81,70,11,11
64700,81,78,3,3
64701,105,96,9,9
64702,88,90,-2,2
64703,120,122,-2,2
64704,68,65,3,3
64705,84,81,3,3
64706,121,109,12,12
64707,80,67,13,13
64708,138,136,2,2
64709,90,80,10,10
64710,87,90,-3,3
64711,92,88,4,4
64712,111,116,-5,5
64713,77,71,6,6
64714,74,73,1,1
64715,170,140,30,30
64716,77,74,3,3
64717,117,119,-2,2
64718,151,131,20,20
64719,84,85,-1,1
64720,108,111,-3,3
64721,69,71,-2,2
64722,121,120,1,1
64723,94,98,-4,4
64724,41,52,-11,11
64725,140,130,10,10
64726,76,66,10,10
64727,85,74,11,11
64728,104,104,0,0
64729,48,55,-7,7
64730,128,127,1,1
64731,68,64,4,4
64732,70,69,1,1
64733,93,81,12,12
64734,69,82,-13,13
64735,56,58,-2,2
64736,96,94,2,2
64737,50,57,-7,7
64738,64,67,-3,3
64739,69,75,-6,6
64740,89,80,9,9
64741,75,79,-4,4
64742,77,78,-1,1
64743,68,62,6,6
64744,59,87,-28,28
64745,140,114,26,26
64746,79,70,9,9
64747,46,52,-6,6
64748,54,54,0,0
64749,89,89,0,0
64750,99,101,-2,2
64751,68,66,2,2
64752,86,92,-6,6
64753,106,89,17,17
64754,82,74,8,8
64755,97,119,-22,22
64756,29,54,-25,25
64757,99,91,8,8
64758,119,116,3,3
64759,102,99,3,3
64760,104,102,2,2
64761,148,121,27,27
64762,146,135,11,11
64763,107,97,10,10
64764,49,57,-8,8
64765,45,52,-7,7
64766,133,123,10,10
64767,102,103,-1,1
64768,110,110,0,0
64769,100,96,4,4
64770,112,102,10,10
64771,59,66,-7,7
64772,73,61,12,12
64773,115,123,-8,8
64774,88,83,5,5
64775,77,84,-7,7
64776,133,125,8,8
64777,86,86,0,0
64778,74,64,10,10
64779,125,118,7,7
64780,97,97,0,0
64781,71,62,9,9
64782,42,53,-11,11
64783,140,133,7,7
64784,70,64,6,6
64785,76,75,1,1
64786,59,59,0,0
64787,87,92,-5,5
64788,134,115,19,19
64789,173,156,17,17
64790,47,54,-7,7
64791,112,97,15,15
64792,94,100,-6,6
64793,81,74,7,7
64794,152,147,5,5
64795,56,59,-3,3
64796,72,70,2,2
64797,82,79,3,3
64798,68,65,3,3
64799,87,87,0,0
64800,116,127,-11,11
64801,49,52,-3,3
64802,124,118,6,6
64803,146,146,0,0
64804,151,137,14,14
64805,67,82,-15,15
64806,57,90,-33,33
64807,147,142,5,5
64808,104,104,0,0
64809,124,121,3,3
64810,46,54,-8,8
64811,118,114,4,4
64812,110,107,3,3
64813,82,77,5,5
64814,97,85,12,12
64815,104,93,11,11
64816,46,52,-6,6
64817,76,82,-6,6
64818,66,67,-1,1
64819,51,52,-1,1
64820,63,55,8,8
64821,81,76,5,5
64822,110,108,2,2
64823,160,150,10,10
64824,65,63,2,2
64825,43,53,-10,10
64826,67,115,-48,48
64827,104,98,6,6
64828,83,89,-6,6
64829,57,68,-11,11
64830,139,128,11,11
64831,78,74,4,4
64832,68,61,7,7
64833,91,85,6,6
64834,117,115,2,2
64835,117,107,10,10
64836,110,110,0,0
64837,67,68,-1,1
64838,89,87,2,2
64839,96,102,-6,6
64840,92,98,-6,6
64841,87,84,3,3
64842,92,80,12,12
64843,59,64,-5,5
64844,66,64,2,2
64845,160,153,7,7
64846,188,159,29,29
64847,96,94,2,2
64848,75,79,-4,4
64849,140,127,13,13
64850,95,89,6,6
64851,83,82,1,1
64852,103,101,2,2
64853,81,82,-1,1
64854,87,83,4,4
64855,90,90,0,0
64856,66,65,1,1
64857,100,91,9,9
64858,75,69,6,6
64859,50,53,-3,3
64860,68,68,0,0
64861,82,77,5,5
64862,72,65,7,7
64863,56,58,-2,2
64864,113,107,6,6
64865,41,53,-12,12
64866,56,62,-6,6
64867,92,85,7,7
64868,68,67,1,1
64869,63,61,2,2
64870,111,111,0,0
64871,74,75,-1,1
64872,91,88,3,3
64873,84,129,-45,45
64874,107,108,-1,1
64875,95,91,4,4
64876,80,69,11,11
64877,125,124,1,1
64878,57,56,1,1
64879,115,119,-4,4
64880,117,107,10,10
64881,71,73,-2,2
64882,72,67,5,5
64883,199,168,31,31
64884,100,102,-2,2
64885,75,65,10,10
64886,78,72,6,6
64887,82,75,7,7
64888,85,84,1,1
64889,53,60,-7,7
64890,89,85,4,4
64891,111,97,14,14
64892,58,61,-3,3
64893,74,67,7,7
64894,106,117,-11,11
64895,139,133,6,6
64896,94,88,6,6
64897,66,64,2,2
64898,140,117,23,23
64899,100,94,6,6
64900,60,59,1,1
64901,118,102,16,16
64902,108,94,14,14
64903,131,113,18,18
64904,141,147,-6,6
64905,107,109,-2,2
64906,65,71,-6,6
64907,104,107,-3,3
64908,121,119,2,2
64909,93,98,-5,5
64910,85,89,-4,4
64911,77,70,7,7
64912,113,104,9,9
64913,44,54,-10,10
64914,110,121,-11,11
64915,75,65,10,10
64916,65,70,-5,5
64917,59,56,3,3
64918,102,88,14,14
64919,93,109,-16,16
64920,85,83,2,2
64921,57,58,-1,1
64922,129,116,13,13
64923,45,59,-14,14
64924,60,74,-14,14
64925,89,91,-2,2
64926,93,91,2,2
64927,104,97,7,7
64928,55,58,-3,3
64929,83,87,-4,4
64930,137,127,10,10
64931,109,95,14,14
64932,69,66,3,3
64933,110,117,-7,7
64934,119,96,23,23
64935,97,88,9,9
64936,81,79,2,2
64937,104,99,5,5
64938,71,76,-5,5
64939,50,59,-9,9
64940,136,122,14,14
64941,70,65,5,5
64942,63,67,-4,4
64943,90,91,-1,1
64944,102,95,7,7
64945,50,54,-4,4
64946,138,122,16,16
64947,103,119,-16,16
64948,127,120,7,7
64949,129,129,0,0
64950,144,132,12,12
64951,52,59,-7,7
64952,72,71,1,1
64953,94,94,0,0
64954,77,68,9,9
64955,62,66,-4,4
64956,91,89,2,2
64957,58,56,2,2
64958,78,76,2,2
64959,63,61,2,2
64960,111,98,13,13
64961,87,85,2,2
64962,85,76,9,9
64963,224,184,40,40
64964,99,90,9,9
64965,84,76,8,8
64966,101,97,4,4
64967,156,130,26,26
64968,50,53,-3,3
64969,82,77,5,5
64970,190,181,9,9
64971,127,127,0,0
64972,61,61,0,0
64973,100,100,0,0
64974,81,81,0,0
64975,141,121,20,20
64976,80,71,9,9
64977,67,65,2,2
64978,90,88,2,2
64979,81,74,7,7
64980,55,55,0,0
64981,85,85,0,0
64982,36,53,-17,17
64983,87,72,15,15
64984,73,81,-8,8
64985,90,82,8,8
64986,69,62,7,7
64987,88,82,6,6
64988,64,65,-1,1
64989,56,59,-3,3
64990,130,118,12,12
64991,59,56,3,3
64992,140,139,1,1
64993,129,114,15,15
64994,122,116,6,6
64995,69,65,4,4
64996,65,73,-8,8
64997,103,97,6,6
64998,36,52,-16,16
64999,193,185,8,8
65000,123,114,9,9
65001,77,73,4,4
65002,75,68,7,7
65003,85,91,-6,6
65004,124,121,3,3
65005,148,143,5,5
65006,92,93,-1,1
65007,70,69,1,1
65008,129,117,12,12
65009,51,53,-2,2
65010,98,83,15,15
65011,130,116,14,14
65012,134,124,10,10
65013,89,83,6,6
65014,83,90,-7,7
65015,89,85,4,4
65016,101,92,9,9
65017,110,95,15,15
65018,68,67,1,1
65019,68,61,7,7
65020,72,71,1,1
65021,77,78,-1,1
65022,147,127,20,20
65023,117,109,8,8
65024,79,93,-14,14
65025,103,101,2,2
65026,65,68,-3,3
65027,102,96,6,6
65028,66,65,1,1
65029,101,89,12,12
65030,77,75,2,2
65031,58,61,-3,3
65032,75,76,-1,1
65033,50,68,-18,18
65034,116,109,7,7
65035,78,73,5,5
65036,111,98,13,13
65037,35,51,-16,16
65038,94,84,10,10
65039,136,122,14,14
65040,71,65,6,6
65041,94,103,-9,9
65042,81,73,8,8
65043,54,60,-6,6
65044,94,84,10,10
65045,94,92,2,2
65046,143,133,10,10
65047,82,78,4,4
65048,156,136,20,20
65049,81,81,0,0
65050,169,154,15,15
65051,104,101,3,3
65052,107,104,3,3
65053,69,80,-11,11
65054,123,100,23,23
65055,51,55,-4,4
65056,88,93,-5,5
65057,41,53,-12,12
65058,56,62,-6,6
65059,138,130,8,8
65060,102,94,8,8
65061,97,87,10,10
65062,124,123,1,1
65063,124,114,10,10
65064,119,125,-6,6
65065,55,56,-1,1
65066,116,112,4,4
65067,60,55,5,5
65068,134,117,17,17
65069,63,86,-23,23
65070,73,74,-1,1
65071,145,135,10,10
65072,111,108,3,3
65073,110,116,-6,6
65074,194,167,27,27
65075,92,94,-2,2
65076,97,85,12,12
65077,116,112,4,4
65078,61,57,4,4
65079,150,139,11,11
65080,45,56,-11,11
65081,99,85,14,14
65082,79,72,7,7
65083,118,118,0,0
65084,74,70,4,4
65085,108,102,6,6
65086,85,79,6,6
65087,89,75,14,14
65088,107,106,1,1
65089,165,162,3,3
65090,84,78,6,6
65091,132,119,13,13
65092,90,82,8,8
65093,144,116,28,28
65094,87,89,-2,2
65095,103,85,18,18
65096,98,100,-2,2
65097,88,83,5,5
65098,125,116,9,9
65099,112,96,16,16
65100,51,59,-8,8
65101,105,102,3,3
65102,149,125,24,24
65103,109,104,5,5
65104,74,72,2,2
65105,83,80,3,3
65106,85,85,0,0
65107,75,67,8,8
65108,78,82,-4,4
65109,67,66,1,1
65110,48,56,-8,8
65111,109,88,21,21
65112,92,84,8,8
65113,90,90,0,0
65114,90,82,8,8
65115,98,93,5,5
65116,76,71,5,5
65117,83,86,-3,3
65118,148,144,4,4
65119,99,96,3,3
65120,68,66,2,2
65121,79,68,11,11
65122,98,96,2,2
65123,194,179,15,15
65124,90,80,10,10
65125,70,64,6,6
65126,88,86,2,2
65127,66,66,0,0
65128,81,65,16,16
65129,122,115,7,7
65130,96,94,2,2
65131,69,69,0,0
65132,113,95,18,18
65133,61,68,-7,7
65134,101,79,22,22
65135,178,157,21,21
65136,111,103,8,8
65137,81,73,8,8
65138,147,155,-8,8
65139,121,111,10,10
65140,78,71,7,7
65141,86,80,6,6
65142,54,55,-1,1
65143,46,52,-6,6
65144,62,65,-3,3
65145,94,89,5,5
65146,101,98,3,3
65147,60,65,-5,5
65148,72,64,8,8
65149,75,81,-6,6
65150,148,136,12,12
65151,123,111,12,12
65152,81,91,-10,10
65153,126,124,2,2
65154,163,145,18,18
65155,105,101,4,4
65156,85,81,4,4
65157,102,92,10,10
65158,89,83,6,6
65159,123,122,1,1
65160,62,56,6,6
65161,78,85,-7,7
65162,98,89,9,9
65163,68,64,4,4
65164,99,100,-1,1
65165,112,100,12,12
65166,89,80,9,9
65167,89,89,0,0
65168,83,74,9,9
65169,119,112,7,7
65170,92,96,-4,4
65171,77,78,-1,1
65172,74,70,4,4
65173,115,130,-15,15
65174,107,99,8,8
65175,98,86,12,12
65176,136,120,16,16
65177,42,58,-16,16
65178,119,117,2,2
65179,119,118,1,1
65180,109,98,11,11
65181,113,110,3,3
65182,164,153,11,11
65183,86,81,5,5
65184,97,95,2,2
65185,112,113,-1,1
65186,124,117,7,7
65187,84,96,-12,12
65188,77,78,-1,1
65189,87,81,6,6
65190,52,54,-2,2
65191,112,104,8,8
65192,78,75,3,3
65193,93,90,3,3
65194,115,124,-9,9
65195,76,68,8,8
65196,209,182,27,27
65197,41,61,-20,20
65198,115,108,7,7
65199,155,137,18,18
65200,53,54,-1,1
65201,72,70,2,2
65202,110,80,30,30
65203,91,91,0,0
65204,99,92,7,7
65205,88,92,-4,4
65206,100,94,6,6
65207,73,83,-10,10
65208,70,65,5,5
65209,126,118,8,8
65210,102,95,7,7
65211,97,88,9,9
65212,60,63,-3,3
65213,44,58,-14,14
65214,62,64,-2,2
65215,52,57,-5,5
65216,128,118,10,10
65217,168,157,11,11
65218,101,98,3,3
65219,106,103,3,3
65220,191,165,26,26
65221,51,61,-10,10
65222,196,160,36,36
65223,92,94,-2,2
65224,47,54,-7,7
65225,115,104,11,11
65226,70,63,7,7
65227,84,91,-7,7
65228,145,136,9,9
65229,102,103,-1,1
65230,31,51,-20,20
65231,65,61,4,4
65232,92,86,6,6
65233,77,80,-3,3
65234,90,89,1,1
65235,30,51,-21,21
65236,72,78,-6,6
65237,109,108,1,1
65238,148,145,3,3
65239,81,71,10,10
65240,75,70,5,5
65241,60,59,1,1
65242,147,133,14,14
65243,95,75,20,20
65244,71,73,-2,2
65245,145,145,0,0
65246,91,92,-1,1
65247,48,67,-19,19
65248,94,92,2,2
65249,86,89,-3,3
65250,70,67,3,3
65251,120,117,3,3
65252,117,113,4,4
65253,118,90,28,28
65254,66,65,1,1
65255,70,65,5,5
65256,51,54,-3,3
65257,80,81,-1,1
65258,78,81,-3,3
65259,136,116,20,20
65260,105,102,3,3
65261,94,84,10,10
65262,119,109,10,10
65263,119,116,3,3
65264,66,63,3,3
65265,133,121,12,12
65266,106,98,8,8
65267,110,92,18,18
65268,109,99,10,10
65269,97,109,-12,12
65270,54,58,-4,4
65271,143,130,13,13
65272,103,105,-2,2
65273,55,59,-4,4
65274,72,69,3,3
65275,300,238,62,62
65276,110,104,6,6
65277,120,118,2,2
65278,114,120,-6,6
65279,65,63,2,2
65280,51,55,-4,4
65281,107,95,12,12
65282,86,88,-2,2
65283,91,88,3,3
65284,102,91,11,11
65285,72,67,5,5
65286,82,78,4,4
65287,134,120,14,14
65288,133,120,13,13
65289,79,82,-3,3
65290,146,139,7,7
65291,176,142,34,34
65292,117,112,5,5
65293,82,83,-1,1
65294,105,97,8,8
65295,89,88,1,1
65296,72,75,-3,3
65297,71,60,11,11
65298,117,117,0,0
65299,140,125,15,15
65300,80,82,-2,2
65301,53,54,-1,1
65302,185,173,12,12
65303,111,97,14,14
65304,92,94,-2,2
65305,91,84,7,7
65306,112,95,17,17
65307,59,60,-1,1
65308,106,95,11,11
65309,53,60,-7,7
65310,132,125,7,7
65311,80,82,-2,2
65312,163,154,9,9
65313,58,62,-4,4
65314,138,120,18,18
65315,173,160,13,13
65316,64,67,-3,3
65317,78,75,3,3
65318,101,105,-4,4
65319,103,95,8,8
65320,87,76,11,11
65321,105,98,7,7
65322,94,86,8,8
65323,89,84,5,5
65324,63,70,-7,7
65325,92,85,7,7
65326,139,134,5,5
65327,78,80,-2,2
65328,58,77,-19,19
65329,77,79,-2,2
65330,71,99,-28,28
65331,154,149,5,5
65332,93,87,6,6
65333,61,60,1,1
65334,168,150,18,18
65335,139,124,15,15
65336,78,74,4,4
65337,132,120,12,12
65338,56,54,2,2
65339,78,81,-3,3
65340,86,84,2,2
65341,68,66,2,2
65342,31,59,-28,28
65343,60,61,-1,1
65344,150,136,14,14
65345,117,109,8,8
65346,104,98,6,6
65347,102,100,2,2
65348,77,83,-6,6
65349,64,66,-2,2
65350,103,102,1,1
65351,113,102,11,11
65352,96,92,4,4
65353,114,91,23,23
65354,126,117,9,9
65355,106,105,1,1
65356,59,60,-1,1
65357,81,81,0,0
65358,109,99,10,10
65359,121,123,-2,2
65360,70,64,6,6
65361,148,138,10,10
65362,94,88,6,6
65363,127,113,14,14
65364,117,115,2,2
65365,104,96,8,8
65366,46,54,-8,8
65367,106,115,-9,9
65368,94,84,10,10
65369,124,109,15,15
65370,62,65,-3,3
65371,62,75,-13,13
65372,74,80,-6,6
65373,53,58,-5,5
65374,40,55,-15,15
65375,70,67,3,3
65376,60,59,1,1
65377,45,54,-9,9
65378,111,106,5,5
65379,37,54,-17,17
65380,88,99,-11,11
65381,51,102,-51,51
65382,66,65,1,1
65383,76,72,4,4
65384,91,83,8,8
65385,121,116,5,5
65386,135,121,14,14
65387,87,91,-4,4
65388,99,94,5,5
65389,106,101,5,5
65390,83,84,-1,1
65391,94,83,11,11
65392,76,74,2,2
65393,69,65,4,4
65394,100,108,-8,8
65395,118,113,5,5
65396,66,81,-15,15
65397,89,89,0,0
65398,104,117,-13,13
65399,110,91,19,19
65400,106,98,8,8
65401,118,115,3,3
65402,83,86,-3,3
65403,85,79,6,6
65404,73,81,-8,8
65405,72,64,8,8
65406,61,62,-1,1
65407,59,59,0,0
65408,114,114,0,0
65409,68,72,-4,4
65410,179,167,12,12
65411,70,69,1,1
65412,91,85,6,6
65413,114,106,8,8
65414,108,101,7,7
65415,79,80,-1,1
65416,79,72,7,7
65417,125,121,4,4
65418,117,93,24,24
65419,68,72,-4,4
65420,79,75,4,4
65421,103,110,-7,7
65422,207,176,31,31
65423,63,64,-1,1
65424,117,110,7,7
65425,63,60,3,3
65426,71,68,3,3
65427,74,81,-7,7
65428,55,60,-5,5
65429,170,153,17,17
65430,69,67,2,2
65431,51,60,-9,9
65432,55,57,-2,2
65433,73,72,1,1
65434,89,101,-12,12
65435,173,148,25,25
65436,119,115,4,4
65437,85,88,-3,3
65438,94,95,-1,1
65439,104,86,18,18
65440,96,93,3,3
65441,61,64,-3,3
65442,86,87,-1,1
65443,95,90,5,5
65444,161,146,15,15
65445,80,79,1,1
65446,112,103,9,9
65447,75,80,-5,5
65448,141,127,14,14
65449,161,153,8,8
65450,99,96,3,3
65451,94,88,6,6
65452,146,127,19,19
65453,72,68,4,4
65454,105,88,17,17
65455,69,67,2,2
65456,113,104,9,9
65457,132,108,24,24
65458,121,119,2,2
65459,91,91,0,0
65460,70,66,4,4
65461,96,92,4,4
65462,155,141,14,14
65463,130,132,-2,2
65464,186,156,30,30
65465,96,95,1,1
65466,146,149,-3,3
65467,113,104,9,9
65468,86,85,1,1
65469,104,100,4,4
65470,66,61,5,5
65471,96,86,10,10
65472,88,75,13,13
65473,111,100,11,11
65474,146,126,20,20
65475,86,68,18,18
65476,46,52,-6,6
65477,72,69,3,3
65478,170,146,24,24
65479,35,52,-17,17
65480,90,89,1,1
65481,143,138,5,5
65482,157,142,15,15
65483,62,70,-8,8
65484,65,58,7,7
65485,75,69,6,6
65486,89,87,2,2
65487,82,72,10,10
65488,80,81,-1,1
65489,56,55,1,1
65490,76,70,6,6
65491,113,108,5,5
65492,104,106,-2,2
65493,99,92,7,7
65494,62,60,2,2
65495,140,139,1,1
65496,76,76,0,0
65497,114,109,5,5
65498,108,110,-2,2
65499,81,70,11,11
65500,63,60,3,3
65501,125,116,9,9
65502,70,58,12,12
65503,90,89,1,1
65504,37,52,-15,15
65505,92,100,-8,8
65506,96,99,-3,3
65507,85,81,4,4
65508,106,106,0,0
65509,86,77,9,9
65510,101,86,15,15
65511,101,96,5,5
65512,100,100,0,0
65513,105,95,10,10
65514,71,74,-3,3
65515,58,56,2,2
65516,179,157,22,22
65517,106,101,5,5
65518,89,82,7,7
65519,84,75,9,9
65520,113,104,9,9
65521,129,116,13,13
65522,87,90,-3,3
65523,122,121,1,1
65524,109,105,4,4
65525,78,84,-6,6
65526,96,92,4,4
65527,176,148,28,28
65528,114,107,7,7
65529,89,74,15,15
65530,115,100,15,15
65531,73,63,10,10
65532,68,69,-1,1
65533,148,137,11,11
65534,70,66,4,4
65535,108,98,10,10
65536,60,56,4,4
65537,98,84,14,14
65538,47,53,-6,6
65539,84,89,-5,5
65540,60,56,4,4
65541,119,122,-3,3
65542,66,68,-2,2
65543,115,107,8,8
65544,172,146,26,26
65545,105,94,11,11
65546,83,76,7,7
65547,75,66,9,9
65548,48,53,-5,5
65549,100,98,2,2
65550,59,64,-5,5
65551,67,61,6,6
65552,103,109,-6,6
65553,48,52,-4,4
65554,108,114,-6,6
65555,77,61,16,16
65556,126,118,8,8
65557,82,95,-13,13
65558,38,59,-21,21
65559,99,90,9,9
65560,56,61,-5,5
65561,131,114,17,17
65562,96,83,13,13
65563,83,84,-1,1
65564,120,108,12,12
65565,102,86,16,16
65566,93,93,0,0
65567,127,117,10,10
65568,67,57,10,10
65569,98,92,6,6
65570,77,67,10,10
65571,84,73,11,11
65572,96,88,8,8
65573,118,109,9,9
65574,84,80,4,4
65575,70,82,-12,12
65576,100,98,2,2
65577,118,108,10,10
65578,54,56,-2,2
65579,170,154,16,16
65580,91,95,-4,4
65581,86,79,7,7
65582,82,84,-2,2
65583,123,119,4,4
65584,94,91,3,3
65585,86,74,12,12
65586,142,144,-2,2
65587,132,109,23,23
65588,140,129,11,11
65589,177,148,29,29
65590,54,61,-7,7
65591,51,56,-5,5
65592,130,116,14,14
65593,71,70,1,1
65594,61,59,2,2
65595,93,87,6,6
65596,93,98,-5,5
65597,83,77,6,6
65598,104,91,13,13
65599,93,94,-1,1
65600,88,81,7,7
65601,89,87,2,2
65602,154,144,10,10
65603,53,56,-3,3
65604,85,79,6,6
65605,89,93,-4,4
65606,107,105,2,2
65607,102,98,4,4
65608,88,91,-3,3
65609,35,52,-17,17
65610,118,109,9,9
65611,63,59,4,4
65612,56,62,-6,6
65613,41,57,-16,16
65614,108,104,4,4
65615,137,131,6,6
65616,70,62,8,8
65617,131,133,-2,2
65618,83,71,12,12
65619,87,82,5,5
65620,87,91,-4,4
65621,134,127,7,7
65622,108,86,22,22
65623,73,89,-16,16
65624,110,104,6,6
65625,100,76,24,24
65626,57,78,-21,21
65627,101,97,4,4
65628,124,116,8,8
65629,100,97,3,3
65630,116,115,1,1
65631,124,103,21,21
65632,119,120,-1,1
65633,95,107,-12,12
65634,131,119,12,12
65635,46,54,-8,8
65636,119,106,13,13
65637,86,77,9,9
65638,148,140,8,8
65639,63,66,-3,3
65640,84,78,6,6
65641,88,81,7,7
65642,125,109,16,16
65643,180,153,27,27
65644,92,96,-4,4
65645,73,74,-1,1
65646,54,57,-3,3
65647,125,125,0,0
65648,158,146,12,12
65649,115,108,7,7
65650,176,164,12,12
65651,71,85,-14,14
65652,109,114,-5,5
65653,115,107,8,8
65654,135,125,10,10
65655,75,73,2,2
65656,71,73,-2,2
65657,74,82,-8,8
65658,123,126,-3,3
65659,85,82,3,3
65660,124,114,10,10
65661,51,57,-6,6
65662,53,58,-5,5
65663,97,100,-3,3
65664,92,90,2,2
65665,122,120,2,2
65666,183,156,27,27
65667,94,97,-3,3
65668,151,135,16,16
65669,65,64,1,1
65670,146,137,9,9
65671,68,75,-7,7
65672,186,136,50,50
65673,121,106,15,15
65674,77,74,3,3
65675,99,106,-7,7
65676,102,102,0,0
65677,80,76,4,4
65678,123,118,5,5
65679,90,93,-3,3
65680,96,95,1,1
65681,119,95,24,24
65682,136,130,6,6
65683,84,77,7,7
65684,135,127,8,8
65685,84,101,-17,17
65686,56,55,1,1
65687,81,82,-1,1
65688,69,60,9,9
65689,89,75,14,14
65690,105,97,8,8
65691,113,108,5,5
65692,79,73,6,6
65693,167,146,21,21
65694,85,75,10,10
65695,80,77,3,3
65696,72,72,0,0
65697,129,122,7,7
65698,155,130,25,25
65699,53,57,-4,4
65700,48,55,-7,7
65701,45,53,-8,8
65702,55,57,-2,2
65703,99,96,3,3
65704,91,88,3,3
65705,75,70,5,5
65706,84,80,4,4
65707,38,55,-17,17
65708,41,58,-17,17
65709,86,83,3,3
65710,76,68,8,8
65711,53,56,-3,3
65712,63,65,-2,2
65713,79,72,7,7
65714,145,131,14,14
65715,97,95,2,2
65716,120,115,5,5
65717,74,72,2,2
65718,96,93,3,3
65719,101,89,12,12
65720,94,96,-2,2
65721,92,81,11,11
65722,83,69,14,14
65723,122,102,20,20
65724,57,57,0,0
65725,56,61,-5,5
65726,123,119,4,4
65727,104,98,6,6
65728,147,128,19,19
65729,190,185,5,5
65730,120,109,11,11
65731,173,158,15,15
65732,52,53,-1,1
65733,134,119,15,15
65734,110,98,12,12
65735,84,78,6,6
65736,92,92,0,0
65737,112,98,14,14
65738,60,62,-2,2
65739,76,73,3,3
65740,159,140,19,19
65741,61,67,-6,6
65742,141,123,18,18
65743,107,102,5,5
65744,103,88,15,15
65745,129,125,4,4
65746,61,61,0,0
65747,77,69,8,8
65748,84,84,0,0
65749,78,76,2,2
65750,47,54,-7,7
65751,140,126,14,14
65752,56,55,1,1
65753,154,136,18,18
65754,77,83,-6,6
65755,85,69,16,16
65756,104,110,-6,6
65757,70,84,-14,14
65758,71,71,0,0
65759,63,60,3,3
65760,84,80,4,4
65761,110,96,14,14
65762,88,94,-6,6
65763,74,75,-1,1
65764,72,84,-12,12
65765,46,53,-7,7
65766,94,90,4,4
65767,93,99,-6,6
65768,63,62,1,1
65769,100,98,2,2
65770,71,67,4,4
65771,113,110,3,3
65772,88,81,7,7
65773,83,66,17,17
65774,76,82,-6,6
65775,83,70,13,13
65776,153,128,25,25
65777,134,129,5,5
65778,91,88,3,3
65779,56,58,-2,2
65780,89,88,1,1
65781,51,55,-4,4
65782,121,112,9,9
65783,107,104,3,3
65784,97,140,-43,43
65785,79,76,3,3
65786,115,108,7,7
65787,60,62,-2,2
65788,105,100,5,5
65789,65,67,-2,2
65790,57,58,-1,1
65791,169,149,20,20
65792,92,90,2,2
65793,104,115,-11,11
65794,68,65,3,3
65795,72,66,6,6
65796,92,88,4,4
65797,124,119,5,5
65798,85,81,4,4
65799,123,117,6,6
65800,112,102,10,10
65801,138,144,-6,6
65802,205,179,26,26
65803,88,86,2,2
65804,82,81,1,1
65805,77,79,-2,2
65806,68,65,3,3
65807,125,117,8,8
65808,87,80,7,7
65809,112,113,-1,1
65810,66,74,-8,8
65811,132,119,13,13
65812,136,115,21,21
65813,232,200,32,32
65814,63,66,-3,3
65815,77,80,-3,3
65816,121,113,8,8
65817,161,142,19,19
65818,200,154,46,46
65819,65,61,4,4
65820,104,90,14,14
65821,129,108,21,21
65822,129,142,-13,13
65823,123,113,10,10
65824,72,74,-2,2
65825,59,58,1,1
65826,94,100,-6,6
65827,102,112,-10,10
65828,74,70,4,4
65829,64,62,2,2
65830,48,54,-6,6
65831,80,79,1,1
65832,112,98,14,14
65833,67,117,-50,50
65834,79,82,-3,3
65835,79,81,-2,2
65836,51,55,-4,4
65837,213,187,26,26
65838,116,117,-1,1
65839,82,80,2,2
65840,88,86,2,2
65841,154,153,1,1
65842,93,85,8,8
65843,115,110,5,5
65844,58,55,3,3
65845,89,95,-6,6
65846,69,67,2,2
65847,124,110,14,14
65848,87,83,4,4
65849,114,113,1,1
65850,75,76,-1,1
65851,46,64,-18,18
65852,54,56,-2,2
65853,63,58,5,5
65854,54,54,0,0
65855,70,64,6,6
65856,98,89,9,9
65857,74,72,2,2
65858,76,68,8,8
65859,80,73,7,7
65860,73,129,-56,56
65861,108,104,4,4
65862,100,89,11,11
65863,64,56,8,8
65864,101,100,1,1
65865,75,72,3,3
65866,66,71,-5,5
65867,142,127,15,15
65868,47,54,-7,7
65869,71,64,7,7
65870,26,54,-28,28
65871,53,57,-4,4
65872,133,128,5,5
65873,96,94,2,2
65874,91,101,-10,10
65875,83,74,9,9
65876,103,102,1,1
65877,89,79,10,10
65878,90,90,0,0
65879,95,102,-7,7
65880,32,52,-20,20
65881,72,74,-2,2
65882,99,80,19,19
65883,115,111,4,4
65884,86,93,-7,7
65885,93,105,-12,12
65886,129,114,15,15
65887,92,88,4,4
65888,114,111,3,3
65889,84,84,0,0
65890,93,88,5,5
65891,89,101,-12,12
65892,59,58,1,1
65893,63,64,-1,1
65894,59,60,-1,1
65895,115,110,5,5
65896,144,120,24,24
65897,76,80,-4,4
65898,112,104,8,8
65899,118,127,-9,9
65900,80,82,-2,2
65901,106,98,8,8
65902,92,95,-3,3
65903,65,65,0,0
65904,130,134,-4,4
65905,108,97,11,11
65906,44,57,-13,13
65907,101,100,1,1
65908,72,75,-3,3
65909,67,66,1,1
65910,73,71,2,2
65911,184,164,20,20
65912,83,75,8,8
65913,77,74,3,3
65914,113,105,8,8
65915,46,52,-6,6
65916,101,104,-3,3
65917,92,94,-2,2
65918,122,109,13,13
65919,67,60,7,7
65920,134,120,14,14
65921,82,81,1,1
65922,142,137,5,5
65923,101,88,13,13
65924,119,121,-2,2
65925,44,53,-9,9
65926,105,103,2,2
65927,99,100,-1,1
65928,127,115,12,12
65929,76,72,4,4
65930,107,93,14,14
65931,104,109,-5,5
65932,104,94,10,10
65933,100,97,3,3
65934,106,95,11,11
65935,66,62,4,4
65936,154,133,21,21
65937,124,122,2,2
65938,118,115,3,3
65939,79,76,3,3
65940,76,75,1,1
65941,89,81,8,8
65942,67,70,-3,3
65943,104,101,3,3
65944,108,90,18,18
65945,76,74,2,2
65946,47,54,-7,7
65947,98,100,-2,2
65948,137,136,1,1
65949,111,103,8,8
65950,62,60,2,2
65951,37,52,-15,15
65952,69,64,5,5
65953,115,117,-2,2
65954,98,96,2,2
65955,62,61,1,1
65956,94,88,6,6
65957,46,68,-22,22
65958,97,83,14,14
65959,108,94,14,14
65960,124,119,5,5
65961,74,85,-11,11
65962,113,108,5,5
65963,96,99,-3,3
65964,135,122,13,13
65965,81,86,-5,5
65966,101,96,5,5
65967,109,113,-4,4
65968,121,115,6,6
65969,62,54,8,8
65970,105,111,-6,6
65971,105,90,15,15
65972,96,78,18,18
65973,90,65,25,25
65974,81,72,9,9
65975,137,124,13,13
65976,86,79,7,7
65977,86,87,-1,1
65978,105,108,-3,3
65979,120,110,10,10
65980,70,63,7,7
65981,90,84,6,6
65982,90,87,3,3
65983,79,79,0,0
65984,62,61,1,1
65985,56,61,-5,5
65986,62,60,2,2
65987,123,108,15,15
65988,108,107,1,1
65989,73,72,1,1
65990,92,82,10,10
65991,97,88,9,9
65992,94,88,6,6
65993,119,113,6,6
65994,125,117,8,8
65995,252,208,44,44
65996,124,122,2,2
65997,76,81,-5,5
65998,120,115,5,5
65999,83,79,4,4
66000,82,82,0,0
66001,93,92,1,1
66002,56,58,-2,2
66003,78,88,-10,10
66004,121,145,-24,24
66005,100,87,13,13
66006,91,79,12,12
66007,66,63,3,3
66008,62,59,3,3
66009,72,69,3,3
66010,77,79,-2,2
66011,93,86,7,7
66012,176,147,29,29
66013,55,55,0,0
66014,75,76,-1,1
66015,60,58,2,2
66016,143,129,14,14
66017,117,118,-1,1
66018,36,57,-21,21
66019,45,52,-7,7
66020,96,92,4,4
66021,81,86,-5,5
66022,106,96,10,10
66023,83,85,-2,2
66024,105,95,10,10
66025,80,83,-3,3
66026,43,54,-11,11
66027,103,102,1,1
66028,134,120,14,14
66029,53,54,-1,1
66030,115,102,13,13
66031,157,131,26,26
66032,67,78,-11,11
66033,104,114,-10,10
66034,148,141,7,7
66035,116,106,10,10
66036,100,91,9,9
66037,63,65,-2,2
66038,71,76,-5,5
66039,71,64,7,7
66040,67,72,-5,5
66041,105,108,-3,3
66042,102,98,4,4
66043,53,56,-3,3
66044,71,70,1,1
66045,115,116,-1,1
66046,105,96,9,9
66047,62,76,-14,14
66048,119,111,8,8
66049,151,135,16,16
66050,55,61,-6,6
66051,76,77,-1,1
66052,37,53,-16,16
66053,126,95,31,31
66054,116,89,27,27
66055,119,115,4,4
66056,86,79,7,7
66057,64,69,-5,5
66058,53,58,-5,5
66059,108,97,11,11
66060,118,108,10,10
66061,126,121,5,5
66062,71,65,6,6
66063,99,97,2,2
66064,49,53,-4,4
66065,87,85,2,2
66066,75,68,7,7
66067,89,87,2,2
66068,94,86,8,8
66069,100,91,9,9
66070,80,70,10,10
66071,78,74,4,4
66072,65,69,-4,4
66073,104,97,7,7
66074,111,116,-5,5
66075,182,143,39,39
66076,69,67,2,2
66077,67,65,2,2
66078,99,113,-14,14
66079,82,75,7,7
66080,99,81,18,18
66081,66,63,3,3
66082,162,147,15,15
66083,142,124,18,18
66084,84,81,3,3
66085,70,82,-12,12
66086,106,101,5,5
66087,57,59,-2,2
66088,89,77,12,12
66089,119,109,10,10
66090,90,82,8,8
66091,59,66,-7,7
66092,80,75,5,5
66093,113,103,10,10
66094,47,54,-7,7
66095,72,71,1,1
66096,178,177,1,1
66097,76,85,-9,9
66098,96,99,-3,3
66099,83,81,2,2
66100,63,63,0,0
66101,144,136,8,8
66102,42,55,-13,13
66103,52,55,-3,3
66104,125,108,17,17
66105,63,63,0,0
66106,69,56,13,13
66107,78,71,7,7
66108,63,80,-17,17
66109,80,84,-4,4
66110,101,99,2,2
66111,187,143,44,44
66112,163,144,19,19
66113,109,109,0,0
66114,101,108,-7,7
66115,86,84,2,2
66116,72,84,-12,12
66117,142,164,-22,22
66118,99,82,17,17
66119,64,65,-1,1
66120,79,77,2,2
66121,85,75,10,10
66122,107,81,26,26
66123,97,93,4,4
66124,116,108,8,8
66125,67,65,2,2
66126,89,99,-10,10
66127,122,107,15,15
66128,140,136,4,4
66129,62,57,5,5
66130,119,127,-8,8
66131,117,106,11,11
66132,104,112,-8,8
66133,47,53,-6,6
66134,73,73,0,0
66135,159,128,31,31
66136,101,98,3,3
66137,77,64,13,13
66138,58,57,1,1
66139,78,75,3,3
66140,97,88,9,9
66141,76,72,4,4
66142,88,87,1,1
66143,64,66,-2,2
66144,81,88,-7,7
66145,69,65,4,4
66146,115,127,-12,12
66147,65,82,-17,17
66148,76,65,11,11
66149,58,60,-2,2
66150,33,53,-20,20
66151,133,121,12,12
66152,45,66,-21,21
66153,123,121,2,2
66154,100,94,6,6
66155,82,83,-1,1
66156,83,81,2,2
66157,117,102,15,15
66158,74,69,5,5
66159,103,100,3,3
66160,72,72,0,0
66161,142,124,18,18
66162,121,106,15,15
66163,82,77,5,5
66164,80,73,7,7
66165,100,100,0,0
66166,164,154,10,10
66167,95,88,7,7
66168,57,59,-2,2
66169,81,71,10,10
66170,39,51,-12,12
66171,123,116,7,7
66172,127,116,11,11
66173,82,79,3,3
66174,105,101,4,4
66175,72,67,5,5
66176,37,52,-15,15
66177,85,87,-2,2
66178,152,140,12,12
66179,80,71,9,9
66180,55,57,-2,2
66181,76,86,-10,10
66182,21,53,-32,32
66183,220,187,33,33
66184,159,135,24,24
66185,90,90,0,0
66186,148,142,6,6
66187,102,93,9,9
66188,83,76,7,7
66189,80,92,-12,12
66190,100,83,17,17
66191,111,97,14,14
66192,79,81,-2,2
66193,82,77,5,5
66194,82,79,3,3
66195,197,176,21,21
66196,188,160,28,28
66197,177,170,7,7
66198,76,73,3,3
66199,157,163,-6,6
66200,49,56,-7,7
66201,44,59,-15,15
66202,66,67,-1,1
66203,156,137,19,19
66204,111,117,-6,6
66205,69,76,-7,7
66206,188,167,21,21
66207,126,105,21,21
66208,73,66,7,7
66209,111,100,11,11
66210,94,83,11,11
66211,57,69,-12,12
66212,132,119,13,13
66213,164,152,12,12
66214,55,57,-2,2
66215,139,124,15,15
66216,77,69,8,8
66217,43,55,-12,12
66218,96,86,10,10
66219,88,83,5,5
66220,74,69,5,5
66221,81,80,1,1
66222,84,85,-1,1
66223,100,95,5,5
66224,108,92,16,16
66225,44,60,-16,16
66226,77,81,-4,4
66227,79,81,-2,2
66228,111,107,4,4
66229,86,81,5,5
66230,61,60,1,1
66231,85,79,6,6
66232,45,64,-19,19
66233,81,71,10,10
66234,159,141,18,18
66235,80,72,8,8
66236,94,82,12,12
66237,89,85,4,4
66238,96,91,5,5
66239,95,80,15,15
66240,127,103,24,24
66241,71,61,10,10
66242,68,65,3,3
66243,80,85,-5,5
66244,122,110,12,12
66245,136,127,9,9
66246,95,91,4,4
66247,89,83,6,6
66248,88,88,0,0
66249,44,53,-9,9
66250,121,108,13,13
66251,47,54,-7,7
66252,72,70,2,2
66253,72,69,3,3
66254,145,154,-9,9
66255,77,77,0,0
66256,129,135,-6,6
66257,65,66,-1,1
66258,121,109,12,12
66259,92,86,6,6
66260,100,100,0,0
66261,36,53,-17,17
66262,122,110,12,12
66263,112,96,16,16
66264,76,68,8,8
66265,112,118,-6,6
66266,75,78,-3,3
66267,81,79,2,2
66268,102,84,18,18
66269,43,67,-24,24
66270,92,89,3,3
66271,118,101,17,17
66272,73,69,4,4
66273,179,175,4,4
66274,63,68,-5,5
66275,128,129,-1,1
66276,161,157,4,4
66277,178,147,31,31
66278,90,82,8,8
66279,74,72,2,2
66280,74,74,0,0
66281,95,95,0,0
66282,98,96,2,2
66283,94,86,8,8
66284,115,115,0,0
66285,131,129,2,2
66286,99,76,23,23
66287,87,82,5,5
66288,74,75,-1,1
66289,56,60,-4,4
66290,58,60,-2,2
66291,77,80,-3,3
66292,122,104,18,18
66293,70,72,-2,2
66294,40,53,-13,13
66295,106,105,1,1
66296,100,100,0,0
66297,73,74,-1,1
66298,72,61,11,11
66299,99,98,1,1
66300,135,132,3,3
66301,184,156,28,28
66302,50,66,-16,16
66303,77,74,3,3
66304,48,54,-6,6
66305,76,64,12,12
66306,87,90,-3,3
66307,137,122,15,15
66308,110,111,-1,1
66309,84,85,-1,1
66310,74,77,-3,3
66311,83,71,12,12
66312,76,74,2,2
66313,107,129,-22,22
66314,78,69,9,9
66315,87,79,8,8
66316,64,66,-2,2
66317,60,62,-2,2
66318,94,95,-1,1
66319,80,72,8,8
66320,50,56,-6,6
66321,54,55,-1,1
66322,65,61,4,4
66323,101,109,-8,8
66324,89,82,7,7
66325,127,122,5,5
66326,59,66,-7,7
66327,90,94,-4,4
66328,77,79,-2,2
66329,100,102,-2,2
66330,103,100,3,3
66331,33,56,-23,23
66332,61,62,-1,1
66333,63,75,-12,12
66334,47,54,-7,7
66335,51,54,-3,3
66336,141,137,4,4
66337,74,71,3,3
66338,74,73,1,1
66339,85,79,6,6
66340,149,131,18,18
66341,90,87,3,3
66342,79,83,-4,4
66343,93,102,-9,9
66344,79,75,4,4
66345,146,140,6,6
66346,81,76,5,5
66347,83,102,-19,19
66348,196,177,19,19
66349,114,100,14,14
66350,102,96,6,6
66351,140,128,12,12
66352,46,53,-7,7
66353,189,164,25,25
66354,102,99,3,3
66355,96,87,9,9
66356,73,82,-9,9
66357,131,130,1,1
66358,143,126,17,17
66359,94,108,-14,14
66360,95,92,3,3
66361,131,120,11,11
66362,138,126,12,12
66363,55,60,-5,5
66364,40,53,-13,13
66365,97,87,10,10
66366,70,76,-6,6
66367,95,90,5,5
66368,86,75,11,11
66369,107,96,11,11
66370,45,57,-12,12
66371,107,103,4,4
66372,77,68,9,9
66373,75,69,6,6
66374,85,83,2,2
66375,81,81,0,0
66376,100,87,13,13
66377,65,72,-7,7
66378,57,59,-2,2
66379,61,58,3,3
66380,79,76,3,3
66381,104,100,4,4
66382,106,103,3,3
66383,55,53,2,2
66384,100,90,10,10
66385,89,89,0,0
66386,73,70,3,3
66387,77,81,-4,4
66388,59,58,1,1
66389,71,73,-2,2
66390,52,64,-12,12
66391,58,56,2,2
66392,72,66,6,6
66393,90,82,8,8
66394,57,62,-5,5
66395,82,93,-11,11
66396,92,86,6,6
66397,88,75,13,13
66398,49,57,-8,8
66399,91,80,11,11
66400,171,155,16,16
66401,75,86,-11,11
66402,82,79,3,3
66403,74,69,5,5
66404,116,114,2,2
66405,95,78,17,17
66406,116,99,17,17
66407,74,99,-25,25
66408,100,95,5,5
66409,81,86,-5,5
66410,141,148,-7,7
66411,113,104,9,9
66412,100,90,10,10
66413,80,71,9,9
66414,96,87,9,9
66415,83,82,1,1
66416,68,74,-6,6
66417,66,60,6,6
66418,73,73,0,0
66419,169,160,9,9
66420,119,100,19,19
66421,82,89,-7,7
66422,85,81,4,4
66423,92,103,-11,11
66424,92,91,1,1
66425,164,149,15,15
66426,131,126,5,5
66427,106,117,-11,11
66428,72,67,5,5
66429,54,55,-1,1
66430,75,75,0,0
66431,62,62,0,0
66432,89,87,2,2
66433,63,58,5,5
66434,87,80,7,7
66435,136,117,19,19
66436,79,77,2,2
66437,86,85,1,1
66438,71,72,-1,1
66439,68,62,6,6
66440,127,118,9,9
66441,78,83,-5,5
66442,43,51,-8,8
66443,82,76,6,6
66444,61,64,-3,3
66445,91,97,-6,6
66446,78,77,1,1
66447,121,117,4,4
66448,83,83,0,0
66449,169,164,5,5
66450,56,59,-3,3
66451,78,62,16,16
66452,73,73,0,0
66453,66,68,-2,2
66454,67,61,6,6
66455,69,63,6,6
66456,96,92,4,4
66457,118,105,13,13
66458,67,67,0,0
66459,58,61,-3,3
66460,77,63,14,14
66461,164,142,22,22
66462,57,64,-7,7
66463,98,95,3,3
66464,97,91,6,6
66465,58,60,-2,2
66466,107,106,1,1
66467,70,73,-3,3
66468,121,110,11,11
66469,144,127,17,17
66470,157,144,13,13
66471,113,109,4,4
66472,66,62,4,4
66473,47,69,-22,22
66474,106,93,13,13
66475,77,77,0,0
66476,180,171,9,9
66477,55,59,-4,4
66478,57,68,-11,11
66479,104,102,2,2
66480,120,115,5,5
66481,124,113,11,11
66482,157,155,2,2
66483,185,175,10,10
66484,63,65,-2,2
66485,158,133,25,25
66486,161,157,4,4
66487,61,64,-3,3
66488,104,103,1,1
66489,65,61,4,4
66490,174,159,15,15
66491,52,57,-5,5
66492,118,103,15,15
66493,89,84,5,5
66494,88,82,6,6
66495,88,87,1,1
66496,62,68,-6,6
66497,67,63,4,4
66498,118,106,12,12
66499,113,114,-1,1
66500,99,103,-4,4
66501,68,67,1,1
66502,50,52,-2,2
66503,123,116,7,7
66504,97,86,11,11
66505,93,105,-12,12
66506,132,115,17,17
66507,70,70,0,0
66508,65,61,4,4
66509,80,92,-12,12
66510,79,73,6,6
66511,96,91,5,5
66512,69,75,-6,6
66513,142,133,9,9
66514,126,121,5,5
66515,88,104,-16,16
66516,57,56,1,1
66517,68,60,8,8
66518,97,104,-7,7
66519,128,124,4,4
66520,129,136,-7,7
66521,92,85,7,7
66522,146,120,26,26
66523,83,83,0,0
66524,92,82,10,10
66525,207,175,32,32
66526,40,54,-14,14
66527,92,90,2,2
66528,95,103,-8,8
66529,107,99,8,8
66530,51,55,-4,4
66531,210,177,33,33
66532,73,68,5,5
66533,103,93,10,10
66534,120,115,5,5
66535,132,110,22,22
66536,112,103,9,9
66537,86,80,6,6
66538,195,181,14,14
66539,69,68,1,1
66540,91,88,3,3
66541,57,70,-13,13
66542,112,102,10,10
66543,72,80,-8,8
66544,90,82,8,8
66545,99,95,4,4
66546,46,55,-9,9
66547,51,57,-6,6
66548,107,102,5,5
66549,156,149,7,7
66550,61,61,0,0
66551,88,80,8,8
66552,107,96,11,11
66553,121,106,15,15
66554,89,78,11,11
66555,99,100,-1,1
66556,87,88,-1,1
66557,46,54,-8,8
66558,152,148,4,4
66559,67,65,2,2
66560,164,154,10,10
66561,68,70,-2,2
66562,94,90,4,4
66563,60,63,-3,3
66564,205,170,35,35
66565,92,86,6,6
66566,95,85,10,10
66567,67,57,10,10
66568,55,59,-4,4
66569,151,129,22,22
66570,160,143,17,17
66571,29,51,-22,22
66572,108,103,5,5
66573,112,115,-3,3
66574,109,153,-44,44
66575,86,76,10,10
66576,75,76,-1,1
66577,60,62,-2,2
66578,64,67,-3,3
66579,64,82,-18,18
66580,110,111,-1,1
66581,81,83,-2,2
66582,79,76,3,3
66583,124,110,14,14
66584,94,92,2,2
66585,73,87,-14,14
66586,111,99,12,12
66587,107,99,8,8
66588,71,66,5,5
66589,125,119,6,6
66590,123,107,16,16
66591,63,60,3,3
66592,98,97,1,1
66593,101,88,13,13
66594,129,122,7,7
66595,96,91,5,5
66596,58,58,0,0
66597,162,154,8,8
66598,48,52,-4,4
66599,151,137,14,14
66600,67,63,4,4
66601,122,111,11,11
66602,100,100,0,0
66603,135,138,-3,3
66604,213,168,45,45
66605,129,133,-4,4
66606,61,66,-5,5
66607,70,73,-3,3
66608,88,84,4,4
66609,75,74,1,1
66610,159,153,6,6
66611,100,102,-2,2
66612,75,68,7,7
66613,120,131,-11,11
66614,70,71,-1,1
66615,129,114,15,15
66616,124,97,27,27
66617,105,98,7,7
66618,60,55,5,5
66619,76,66,10,10
66620,64,71,-7,7
66621,145,126,19,19
66622,95,104,-9,9
66623,104,106,-2,2
66624,148,134,14,14
66625,126,121,5,5
66626,142,127,15,15
66627,67,67,0,0
66628,96,99,-3,3
66629,114,106,8,8
66630,47,56,-9,9
66631,125,128,-3,3
66632,66,70,-4,4
66633,203,212,-9,9
66634,58,64,-6,6
66635,114,104,10,10
66636,100,117,-17,17
66637,92,97,-5,5
66638,114,116,-2,2
66639,67,69,-2,2
66640,56,58,-2,2
66641,78,73,5,5
66642,62,58,4,4
66643,77,86,-9,9
66644,104,94,10,10
66645,37,54,-17,17
66646,94,89,5,5
66647,108,93,15,15
66648,42,54,-12,12
66649,106,100,6,6
66650,74,69,5,5
66651,116,98,18,18
66652,77,61,16,16
66653,123,119,4,4
66654,89,93,-4,4
66655,74,68,6,6
66656,118,113,5,5
66657,73,74,-1,1
66658,69,82,-13,13
66659,79,74,5,5
66660,58,61,-3,3
66661,172,140,32,32
66662,118,104,14,14
66663,140,128,12,12
66664,124,122,2,2
66665,111,98,13,13
66666,88,99,-11,11
66667,90,111,-21,21
66668,59,55,4,4
66669,139,134,5,5
66670,125,124,1,1
66671,64,63,1,1
66672,147,129,18,18
66673,50,59,-9,9
66674,81,81,0,0
66675,105,98,7,7
66676,63,66,-3,3
66677,87,91,-4,4
66678,90,82,8,8
66679,47,54,-7,7
66680,134,126,8,8
66681,61,59,2,2
66682,73,88,-15,15
66683,73,68,5,5
66684,78,80,-2,2
66685,134,121,13,13
66686,51,52,-1,1
66687,108,96,12,12
66688,96,87,9,9
66689,54,73,-19,19
66690,122,118,4,4
66691,129,123,6,6
66692,86,73,13,13
66693,114,106,8,8
66694,70,71,-1,1
66695,79,79,0,0
66696,56,57,-1,1
66697,66,66,0,0
66698,89,79,10,10
66699,106,96,10,10
66700,77,78,-1,1
66701,82,77,5,5
66702,63,79,-16,16
66703,87,81,6,6
66704,119,121,-2,2
66705,146,133,13,13
66706,71,62,9,9
66707,70,79,-9,9
66708,82,82,0,0
66709,72,72,0,0
66710,91,92,-1,1
66711,57,66,-9,9
66712,68,65,3,3
66713,92,84,8,8
66714,71,71,0,0
66715,100,93,7,7
66716,106,91,15,15
66717,64,55,9,9
66718,58,65,-7,7
66719,74,69,5,5
66720,104,110,-6,6
66721,133,118,15,15
66722,59,56,3,3
66723,77,74,3,3
66724,90,85,5,5
66725,116,91,25,25
66726,94,87,7,7
66727,102,100,2,2
66728,130,122,8,8
66729,115,112,3,3
66730,79,73,6,6
66731,151,136,15,15
66732,88,97,-9,9
66733,188,160,28,28
66734,91,92,-1,1
66735,81,73,8,8
66736,74,76,-2,2
66737,80,80,0,0
66738,125,114,11,11
66739,140,130,10,10
66740,60,63,-3,3
66741,45,54,-9,9
66742,65,67,-2,2
66743,120,115,5,5
66744,105,102,3,3
66745,136,133,3,3
66746,31,60,-29,29
66747,77,77,0,0
66748,79,85,-6,6
66749,96,93,3,3
66750,40,58,-18,18
66751,54,56,-2,2
66752,94,80,14,14
66753,83,104,-21,21
66754,54,55,-1,1
66755,92,89,3,3
66756,146,125,21,21
66757,172,156,16,16
66758,62,59,3,3
66759,155,148,7,7
66760,111,98,13,13
66761,99,93,6,6
66762,126,107,19,19
66763,55,55,0,0
66764,202,185,17,17
66765,60,59,1,1
66766,97,86,11,11
66767,111,103,8,8
66768,114,108,6,6
66769,81,71,10,10
66770,35,56,-21,21
66771,88,88,0,0
66772,62,66,-4,4
66773,84,82,2,2
66774,96,85,11,11
66775,105,101,4,4
66776,67,70,-3,3
66777,68,72,-4,4
66778,75,71,4,4
66779,64,66,-2,2
66780,165,141,24,24
66781,92,119,-27,27
66782,136,112,24,24
66783,93,91,2,2
66784,58,55,3,3
66785,72,71,1,1
66786,87,83,4,4
66787,53,59,-6,6
66788,138,123,15,15
66789,98,102,-4,4
66790,81,80,1,1
66791,82,83,-1,1
66792,140,141,-1,1
66793,92,88,4,4
66794,116,111,5,5
66795,169,153,16,16
66796,76,80,-4,4
66797,70,67,3,3
66798,206,176,30,30
66799,118,107,11,11
66800,82,84,-2,2
66801,143,134,9,9
66802,113,101,12,12
66803,82,77,5,5
66804,72,72,0,0
66805,53,55,-2,2
66806,38,56,-18,18
66807,102,95,7,7
66808,98,97,1,1
66809,60,66,-6,6
66810,133,121,12,12
66811,108,96,12,12
66812,103,93,10,10
66813,58,62,-4,4
66814,80,76,4,4
66815,72,69,3,3
66816,103,95,8,8
66817,115,120,-5,5
66818,66,72,-6,6
66819,134,124,10,10
66820,129,117,12,12
66821,82,82,0,0
66822,92,87,5,5
66823,72,65,7,7
66824,156,145,11,11
66825,97,97,0,0
66826,80,76,4,4
66827,110,92,18,18
66828,112,100,12,12
66829,73,68,5,5
66830,93,96,-3,3
66831,84,93,-9,9
66832,69,61,8,8
66833,63,73,-10,10
66834,97,93,4,4
66835,51,62,-11,11
66836,117,109,8,8
66837,102,108,-6,6
66838,63,64,-1,1
66839,90,109,-19,19
66840,75,73,2,2
66841,31,77,-46,46
66842,118,118,0,0
66843,110,121,-11,11
66844,126,117,9,9
66845,132,133,-1,1
66846,94,84,10,10
66847,55,69,-14,14
66848,119,106,13,13
66849,47,52,-5,5
66850,152,133,19,19
66851,38,67,-29,29
66852,96,108,-12,12
66853,79,68,11,11
66854,63,58,5,5
66855,120,116,4,4
66856,97,82,15,15
66857,65,60,5,5
66858,108,104,4,4
66859,146,137,9,9
66860,99,101,-2,2
66861,50,54,-4,4
66862,98,93,5,5
66863,61,55,6,6
66864,67,69,-2,2
66865,102,93,9,9
66866,98,88,10,10
66867,127,115,12,12
66868,134,119,15,15
66869,107,101,6,6
66870,62,63,-1,1
66871,83,80,3,3
66872,41,52,-11,11
66873,65,71,-6,6
66874,73,76,-3,3
66875,81,75,6,6
66876,85,79,6,6
66877,85,70,15,15
66878,117,109,8,8
66879,128,130,-2,2
66880,89,85,4,4
66881,42,53,-11,11
66882,125,137,-12,12
66883,68,66,2,2
66884,72,76,-4,4
66885,96,94,2,2
66886,134,124,10,10
66887,122,118,4,4
66888,87,88,-1,1
66889,54,58,-4,4
66890,79,75,4,4
66891,148,132,16,16
66892,66,69,-3,3
66893,142,126,16,16
66894,106,92,14,14
66895,48,52,-4,4
66896,57,68,-11,11
66897,126,116,10,10
66898,51,59,-8,8
66899,109,113,-4,4
66900,106,106,0,0
66901,102,96,6,6
66902,94,90,4,4
66903,112,103,9,9
66904,140,127,13,13
66905,117,115,2,2
66906,112,85,27,27
66907,49,66,-17,17
66908,156,138,18,18
66909,89,79,10,10
66910,74,76,-2,2
66911,67,74,-7,7
66912,70,80,-10,10
66913,93,96,-3,3
66914,93,93,0,0
66915,101,99,2,2
66916,76,84,-8,8
66917,67,65,2,2
66918,106,96,10,10
66919,72,77,-5,5
66920,65,61,4,4
66921,87,86,1,1
66922,89,82,7,7
66923,257,276,-19,19
66924,175,165,10,10
66925,69,62,7,7
66926,76,67,9,9
66927,65,61,4,4
66928,153,138,15,15
66929,68,69,-1,1
66930,116,101,15,15
66931,114,120,-6,6
66932,76,75,1,1
66933,65,59,6,6
66934,104,95,9,9
66935,148,134,14,14
66936,43,53,-10,10
66937,90,86,4,4
66938,99,96,3,3
66939,128,126,2,2
66940,110,108,2,2
66941,42,67,-25,25
66942,120,112,8,8
66943,135,108,27,27
66944,134,130,4,4
66945,116,117,-1,1
66946,138,120,18,18
66947,125,110,15,15
66948,43,53,-10,10
66949,89,79,10,10
66950,126,104,22,22
66951,90,80,10,10
66952,77,77,0,0
66953,91,89,2,2
66954,120,104,16,16
66955,63,59,4,4
66956,88,82,6,6
66957,50,54,-4,4
66958,110,108,2,2
66959,71,68,3,3
66960,81,77,4,4
66961,120,112,8,8
66962,94,89,5,5
66963,51,60,-9,9
66964,84,84,0,0
66965,96,90,6,6
66966,179,155,24,24
66967,57,57,0,0
66968,114,112,2,2
66969,111,110,1,1
66970,111,99,12,12
66971,101,89,12,12
66972,53,53,0,0
66973,97,92,5,5
66974,98,87,11,11
66975,50,55,-5,5
66976,82,80,2,2
66977,108,97,11,11
66978,59,60,-1,1
66979,69,71,-2,2
66980,68,69,-1,1
66981,69,75,-6,6
66982,73,73,0,0
66983,28,52,-24,24
66984,75,72,3,3
66985,68,62,6,6
66986,110,107,3,3
66987,99,104,-5,5
66988,72,68,4,4
66989,74,71,3,3
66990,70,74,-4,4
66991,109,95,14,14
66992,191,178,13,13
66993,54,56,-2,2
66994,119,114,5,5
66995,76,74,2,2
66996,174,160,14,14
66997,87,85,2,2
66998,88,82,6,6
66999,53,57,-4,4
67000,75,74,1,1
67001,68,61,7,7
67002,118,119,-1,1
67003,114,102,12,12
67004,101,99,2,2
67005,102,96,6,6
67006,82,81,1,1
67007,100,99,1,1
67008,134,129,5,5
67009,140,134,6,6
67010,109,111,-2,2
67011,124,117,7,7
67012,157,133,24,24
67013,67,67,0,0
67014,117,114,3,3
67015,64,60,4,4
67016,89,93,-4,4
67017,52,52,0,0
67018,126,116,10,10
67019,99,97,2,2
67020,82,76,6,6
67021,96,80,16,16
67022,85,78,7,7
67023,68,81,-13,13
67024,132,119,13,13
67025,148,134,14,14
67026,56,55,1,1
67027,173,168,5,5
67028,115,112,3,3
67029,99,96,3,3
67030,115,118,-3,3
67031,71,74,-3,3
67032,141,133,8,8
67033,111,104,7,7
67034,53,57,-4,4
67035,279,211,68,68
67036,101,82,19,19
67037,93,87,6,6
67038,71,63,8,8
67039,163,152,11,11
67040,52,54,-2,2
67041,109,105,4,4
67042,80,85,-5,5
67043,72,105,-33,33
67044,72,68,4,4
67045,87,83,4,4
67046,82,82,0,0
67047,74,72,2,2
67048,156,141,15,15
67049,133,119,14,14
67050,123,109,14,14
67051,63,60,3,3
67052,70,71,-1,1
67053,40,51,-11,11
67054,76,81,-5,5
67055,201,187,14,14
67056,76,81,-5,5
67057,109,108,1,1
67058,116,116,0,0
67059,45,53,-8,8
67060,59,58,1,1
67061,104,89,15,15
67062,122,141,-19,19
67063,108,93,15,15
67064,59,63,-4,4
67065,111,118,-7,7
67066,47,52,-5,5
67067,123,118,5,5
67068,127,114,13,13
67069,98,94,4,4
67070,90,89,1,1
67071,70,73,-3,3
67072,102,97,5,5
67073,101,97,4,4
67074,72,87,-15,15
67075,86,101,-15,15
67076,77,76,1,1
67077,175,150,25,25
67078,85,81,4,4
67079,109,103,6,6
67080,143,125,18,18
67081,79,85,-6,6
67082,81,76,5,5
67083,110,96,14,14
67084,68,75,-7,7
67085,107,99,8,8
67086,115,110,5,5
67087,120,115,5,5
67088,67,68,-1,1
67089,95,83,12,12
67090,116,111,5,5
67091,83,82,1,1
67092,97,86,11,11
67093,85,88,-3,3
67094,91,95,-4,4
67095,147,131,16,16
67096,60,64,-4,4
67097,104,96,8,8
67098,99,94,5,5
67099,142,124,18,18
67100,65,65,0,0
67101,58,57,1,1
67102,81,87,-6,6
67103,85,81,4,4
67104,158,145,13,13
67105,57,57,0,0
67106,32,51,-19,19
67107,161,145,16,16
67108,139,125,14,14
67109,123,114,9,9
67110,141,139,2,2
67111,127,122,5,5
67112,65,64,1,1
67113,177,157,20,20
67114,131,123,8,8
67115,140,129,11,11
67116,51,56,-5,5
67117,85,83,2,2
67118,75,74,1,1
67119,103,94,9,9
67120,155,130,25,25
67121,85,78,7,7
67122,72,70,2,2
67123,80,68,12,12
67124,62,61,1,1
67125,58,58,0,0
67126,53,58,-5,5
67127,76,83,-7,7
67128,117,116,1,1
67129,75,67,8,8
67130,138,124,14,14
67131,82,74,8,8
67132,79,78,1,1
67133,83,91,-8,8
67134,79,72,7,7
67135,141,127,14,14
67136,76,69,7,7
67137,165,148,17,17
67138,150,145,5,5
67139,65,61,4,4
67140,37,52,-15,15
67141,55,57,-2,2
67142,227,200,27,27
67143,82,82,0,0
67144,70,66,4,4
67145,57,58,-1,1
67146,73,67,6,6
67147,78,73,5,5
67148,58,59,-1,1
67149,87,84,3,3
67150,48,56,-8,8
67151,127,126,1,1
67152,65,56,9,9
67153,111,91,20,20
67154,74,74,0,0
67155,103,94,9,9
67156,91,79,12,12
67157,188,190,-2,2
67158,98,107,-9,9
67159,86,82,4,4
67160,68,59,9,9
67161,99,94,5,5
67162,68,67,1,1
67163,87,79,8,8
67164,110,107,3,3
67165,53,60,-7,7
67166,75,73,2,2
67167,113,107,6,6
67168,103,119,-16,16
67169,48,59,-11,11
67170,180,157,23,23
67171,67,74,-7,7
67172,69,70,-1,1
67173,114,121,-7,7
67174,82,71,11,11
67175,152,141,11,11
67176,108,106,2,2
67177,126,118,8,8
67178,126,131,-5,5
67179,68,72,-4,4
67180,111,100,11,11
67181,127,109,18,18
67182,106,95,11,11
67183,93,100,-7,7
67184,134,131,3,3
67185,65,69,-4,4
67186,129,110,19,19
67187,84,83,1,1
67188,64,65,-1,1
67189,147,135,12,12
67190,123,113,10,10
67191,102,98,4,4
67192,66,57,9,9
67193,56,59,-3,3
67194,99,105,-6,6
67195,92,84,8,8
67196,96,91,5,5
67197,125,132,-7,7
67198,85,78,7,7
67199,100,91,9,9
67200,77,76,1,1
67201,69,67,2,2
67202,95,93,2,2
67203,87,79,8,8
67204,112,106,6,6
67205,124,118,6,6
67206,99,89,10,10
67207,65,59,6,6
67208,119,95,24,24
67209,66,69,-3,3
67210,89,80,9,9
67211,139,118,21,21
67212,111,96,15,15
67213,81,88,-7,7
67214,100,96,4,4
67215,82,74,8,8
67216,145,151,-6,6
67217,91,90,1,1
67218,187,173,14,14
67219,84,81,3,3
67220,45,54,-9,9
67221,116,112,4,4
67222,69,64,5,5
67223,80,82,-2,2
67224,44,51,-7,7
67225,93,96,-3,3
67226,58,55,3,3
67227,74,78,-4,4
67228,74,72,2,2
67229,99,108,-9,9
67230,93,97,-4,4
67231,67,61,6,6
67232,108,105,3,3
67233,108,110,-2,2
67234,116,99,17,17
67235,127,108,19,19
67236,98,91,7,7
67237,115,119,-4,4
67238,131,127,4,4
67239,185,163,22,22
67240,120,103,17,17
67241,75,76,-1,1
67242,165,130,35,35
67243,44,66,-22,22
67244,82,81,1,1
67245,66,75,-9,9
67246,72,73,-1,1
67247,137,123,14,14
67248,66,67,-1,1
67249,79,90,-11,11
67250,48,55,-7,7
67251,76,74,2,2
67252,87,79,8,8
67253,90,82,8,8
67254,67,71,-4,4
67255,139,133,6,6
67256,52,55,-3,3
67257,97,89,8,8
67258,135,122,13,13
67259,60,56,4,4
67260,65,66,-1,1
67261,61,55,6,6
67262,175,156,19,19
67263,146,126,20,20
67264,64,75,-11,11
67265,122,118,4,4
67266,66,66,0,0
67267,62,61,1,1
67268,97,99,-2,2
67269,117,120,-3,3
67270,72,73,-1,1
67271,66,81,-15,15
67272,147,126,21,21
67273,139,122,17,17
67274,143,145,-2,2
67275,106,105,1,1
67276,81,89,-8,8
67277,85,70,15,15
67278,112,102,10,10
67279,74,81,-7,7
67280,157,143,14,14
67281,76,69,7,7
67282,69,64,5,5
67283,133,122,11,11
67284,79,86,-7,7
67285,58,60,-2,2
67286,111,110,1,1
67287,195,162,33,33
67288,129,111,18,18
67289,58,86,-28,28
67290,101,106,-5,5
67291,186,166,20,20
67292,76,65,11,11
67293,72,69,3,3
67294,100,103,-3,3
67295,60,62,-2,2
67296,59,63,-4,4
67297,118,107,11,11
67298,195,165,30,30
67299,92,85,7,7
67300,245,228,17,17
67301,102,110,-8,8
67302,84,80,4,4
67303,95,89,6,6
67304,126,116,10,10
67305,101,89,12,12
67306,192,166,26,26
67307,118,114,4,4
67308,72,77,-5,5
67309,66,67,-1,1
67310,72,71,1,1
67311,75,75,0,0
67312,47,54,-7,7
67313,53,56,-3,3
67314,75,80,-5,5
67315,77,86,-9,9
67316,133,136,-3,3
67317,66,65,1,1
67318,122,122,0,0
67319,151,142,9,9
67320,95,106,-11,11
67321,70,76,-6,6
67322,66,65,1,1
67323,101,96,5,5
67324,92,83,9,9
67325,94,84,10,10
67326,80,68,12,12
67327,86,90,-4,4
67328,99,89,10,10
67329,167,141,26,26
67330,104,93,11,11
67331,92,83,9,9
67332,82,91,-9,9
67333,93,87,6,6
67334,57,57,0,0
67335,80,72,8,8
67336,154,128,26,26
67337,92,84,8,8
67338,121,108,13,13
67339,90,97,-7,7
67340,94,90,4,4
67341,100,99,1,1
67342,55,60,-5,5
67343,179,169,10,10
67344,157,136,21,21
67345,58,70,-12,12
67346,94,104,-10,10
67347,85,76,9,9
67348,55,60,-5,5
67349,72,60,12,12
67350,114,110,4,4
67351,99,97,2,2
67352,75,69,6,6
67353,45,55,-10,10
67354,58,56,2,2
67355,110,101,9,9
67356,69,74,-5,5
67357,68,64,4,4
67358,102,92,10,10
67359,77,82,-5,5
67360,85,79,6,6
67361,112,112,0,0
67362,40,54,-14,14
67363,73,72,1,1
67364,76,77,-1,1
67365,65,63,2,2
67366,72,82,-10,10
67367,89,108,-19,19
67368,110,112,-2,2
67369,91,85,6,6
67370,59,83,-24,24
67371,90,79,11,11
67372,84,83,1,1
67373,130,119,11,11
67374,63,58,5,5
67375,63,63,0,0
67376,87,81,6,6
67377,106,109,-3,3
67378,145,129,16,16
67379,128,122,6,6
67380,81,80,1,1
67381,111,94,17,17
67382,76,79,-3,3
67383,53,62,-9,9
67384,82,75,7,7
67385,100,93,7,7
67386,74,80,-6,6
67387,105,105,0,0
67388,58,58,0,0
67389,102,101,1,1
67390,113,103,10,10
67391,99,101,-2,2
67392,113,107,6,6
67393,55,60,-5,5
67394,98,87,11,11
67395,108,107,1,1
67396,54,54,0,0
67397,99,93,6,6
67398,78,76,2,2
67399,68,76,-8,8
67400,45,54,-9,9
67401,71,76,-5,5
67402,216,188,28,28
67403,103,99,4,4
67404,77,73,4,4
67405,64,67,-3,3
67406,108,107,1,1
67407,106,83,23,23
67408,124,102,22,22
67409,71,68,3,3
67410,91,79,12,12
67411,80,82,-2,2
67412,122,120,2,2
67413,105,103,2,2
67414,80,82,-2,2
67415,142,115,27,27
67416,64,89,-25,25
67417,95,74,21,21
67418,112,120,-8,8
67419,83,73,10,10
67420,147,133,14,14
67421,47,54,-7,7
67422,80,80,0,0
67423,104,108,-4,4
67424,71,75,-4,4
67425,67,61,6,6
67426,69,73,-4,4
67427,82,79,3,3
67428,85,72,13,13
67429,144,138,6,6
67430,81,86,-5,5
67431,141,135,6,6
67432,86,77,9,9
67433,176,162,14,14
67434,74,68,6,6
67435,91,86,5,5
67436,102,81,21,21
67437,74,67,7,7
67438,97,90,7,7
67439,60,61,-1,1
67440,97,96,1,1
67441,119,115,4,4
67442,97,99,-2,2
67443,70,70,0,0
67444,102,90,12,12
67445,61,67,-6,6
67446,86,76,10,10
67447,45,51,-6,6
67448,51,55,-4,4
67449,130,128,2,2
67450,74,74,0,0
67451,78,80,-2,2
67452,163,155,8,8
67453,52,59,-7,7
67454,99,101,-2,2
67455,84,84,0,0
67456,109,101,8,8
67457,84,83,1,1
67458,88,95,-7,7
67459,117,106,11,11
67460,186,161,25,25
67461,55,53,2,2
67462,65,78,-13,13
67463,119,133,-14,14
67464,71,72,-1,1
67465,87,81,6,6
67466,51,56,-5,5
67467,46,53,-7,7
67468,61,61,0,0
67469,103,86,17,17
67470,84,79,5,5
67471,56,58,-2,2
67472,73,74,-1,1
67473,84,78,6,6
67474,127,106,21,21
67475,178,167,11,11
67476,71,71,0,0
67477,107,100,7,7
67478,111,97,14,14
67479,69,70,-1,1
67480,94,93,1,1
67481,45,55,-10,10
67482,94,91,3,3
67483,120,119,1,1
67484,63,66,-3,3
67485,78,72,6,6
67486,40,54,-14,14
67487,114,105,9,9
67488,112,101,11,11
67489,152,138,14,14
67490,184,152,32,32
67491,84,79,5,5
67492,122,106,16,16
67493,108,94,14,14
67494,64,60,4,4
67495,114,108,6,6
67496,143,139,4,4
67497,97,82,15,15
67498,99,91,8,8
67499,145,144,1,1
67500,63,66,-3,3
67501,111,107,4,4
67502,68,69,-1,1
67503,108,115,-7,7
67504,94,78,16,16
67505,77,75,2,2
67506,49,61,-12,12
67507,82,78,4,4
67508,66,65,1,1
67509,74,68,6,6
67510,142,144,-2,2
67511,82,85,-3,3
67512,87,79,8,8
67513,78,76,2,2
67514,58,64,-6,6
67515,108,103,5,5
67516,50,79,-29,29
67517,170,151,19,19
67518,74,74,0,0
67519,102,98,4,4
67520,95,93,2,2
67521,90,82,8,8
67522,118,111,7,7
67523,70,66,4,4
67524,111,107,4,4
67525,96,103,-7,7
67526,81,79,2,2
67527,110,102,8,8
67528,94,87,7,7
67529,99,101,-2,2
67530,107,102,5,5
67531,129,128,1,1
67532,135,116,19,19
67533,123,112,11,11
67534,67,68,-1,1
67535,79,77,2,2
67536,91,94,-3,3
67537,72,67,5,5
67538,150,151,-1,1
67539,117,122,-5,5
67540,60,63,-3,3
67541,102,100,2,2
67542,32,52,-20,20
67543,65,65,0,0
67544,163,153,10,10
67545,99,90,9,9
67546,76,71,5,5
67547,146,123,23,23
67548,137,123,14,14
67549,131,126,5,5
67550,152,135,17,17
67551,93,101,-8,8
67552,78,73,5,5
67553,83,78,5,5
67554,109,95,14,14
67555,134,135,-1,1
67556,56,72,-16,16
67557,82,75,7,7
67558,50,54,-4,4
67559,104,103,1,1
67560,78,80,-2,2
67561,60,60,0,0
67562,137,123,14,14
67563,64,60,4,4
67564,144,138,6,6
67565,49,53,-4,4
67566,104,96,8,8
67567,66,63,3,3
67568,71,66,5,5
67569,128,115,13,13
67570,84,102,-18,18
67571,141,140,1,1
67572,97,89,8,8
67573,52,59,-7,7
67574,74,75,-1,1
67575,98,108,-10,10
67576,71,68,3,3
67577,56,64,-8,8
67578,71,75,-4,4
67579,123,110,13,13
67580,146,122,24,24
67581,77,72,5,5
67582,68,71,-3,3
67583,110,89,21,21
67584,85,79,6,6
67585,162,126,36,36
67586,105,87,18,18
67587,68,65,3,3
67588,100,87,13,13
67589,103,96,7,7
67590,121,106,15,15
67591,96,80,16,16
67592,199,169,30,30
67593,83,78,5,5
67594,91,88,3,3
67595,61,64,-3,3
67596,103,107,-4,4
67597,95,92,3,3
67598,68,70,-2,2
67599,94,87,7,7
67600,54,55,-1,1
67601,160,128,32,32
67602,123,105,18,18
67603,154,129,25,25
67604,48,57,-9,9
67605,66,71,-5,5
67606,81,79,2,2
67607,56,61,-5,5
67608,160,132,28,28
67609,121,149,-28,28
67610,103,85,18,18
67611,126,116,10,10
67612,82,76,6,6
67613,63,74,-11,11
67614,88,86,2,2
67615,111,111,0,0
67616,139,126,13,13
67617,103,99,4,4
67618,74,75,-1,1
67619,133,118,15,15
67620,49,57,-8,8
67621,93,86,7,7
67622,86,82,4,4
67623,77,67,10,10
67624,56,70,-14,14
67625,66,58,8,8
67626,132,121,11,11
67627,149,126,23,23
67628,39,52,-13,13
67629,117,112,5,5
67630,98,94,4,4
67631,59,59,0,0
67632,146,134,12,12
67633,106,92,14,14
67634,63,65,-2,2
67635,90,89,1,1
67636,73,76,-3,3
67637,80,75,5,5
67638,89,85,4,4
67639,88,85,3,3
67640,51,54,-3,3
67641,85,82,3,3
67642,106,119,-13,13
67643,136,125,11,11
67644,46,52,-6,6
67645,107,109,-2,2
67646,154,150,4,4
67647,109,104,5,5
67648,79,74,5,5
67649,94,82,12,12
67650,64,62,2,2
67651,63,66,-3,3
67652,62,58,4,4
67653,58,61,-3,3
67654,48,54,-6,6
67655,67,69,-2,2
67656,74,73,1,1
67657,94,86,8,8
67658,75,67,8,8
67659,158,139,19,19
67660,134,120,14,14
67661,189,166,23,23
67662,62,69,-7,7
67663,73,70,3,3
67664,89,91,-2,2
67665,42,52,-10,10
67666,129,116,13,13
67667,65,71,-6,6
67668,49,54,-5,5
67669,163,144,19,19
67670,93,87,6,6
67671,185,160,25,25
67672,91,86,5,5
67673,43,54,-11,11
67674,163,155,8,8
67675,65,66,-1,1
67676,49,54,-5,5
67677,62,60,2,2
67678,123,126,-3,3
67679,78,76,2,2
67680,144,129,15,15
67681,75,97,-22,22
67682,83,77,6,6
67683,122,97,25,25
67684,92,86,6,6
67685,101,95,6,6
67686,75,82,-7,7
67687,130,114,16,16
67688,160,148,12,12
67689,58,63,-5,5
67690,154,138,16,16
67691,101,87,14,14
67692,54,62,-8,8
67693,177,166,11,11
67694,198,166,32,32
67695,98,99,-1,1
67696,87,97,-10,10
67697,116,105,11,11
67698,63,60,3,3
67699,95,86,9,9
67700,57,59,-2,2
67701,64,57,7,7
67702,69,56,13,13
67703,79,75,4,4
67704,89,97,-8,8
67705,53,56,-3,3
67706,94,93,1,1
67707,85,90,-5,5
67708,85,82,3,3
67709,80,88,-8,8
67710,80,86,-6,6
67711,95,84,11,11
67712,95,88,7,7
67713,72,76,-4,4
67714,59,62,-3,3
67715,122,99,23,23
67716,76,71,5,5
67717,103,86,17,17
67718,80,80,0,0
67719,84,81,3,3
67720,108,104,4,4
67721,94,91,3,3
67722,128,119,9,9
67723,121,114,7,7
67724,156,135,21,21
67725,120,112,8,8
67726,97,92,5,5
67727,87,99,-12,12
67728,116,107,9,9
67729,48,53,-5,5
67730,139,131,8,8
67731,93,83,10,10
67732,184,182,2,2
67733,62,59,3,3
67734,116,119,-3,3
67735,114,104,10,10
67736,104,95,9,9
67737,94,100,-6,6
67738,169,157,12,12
67739,89,88,1,1
67740,91,96,-5,5
67741,97,95,2,2
67742,111,108,3,3
67743,69,68,1,1
67744,120,112,8,8
67745,105,119,-14,14
67746,99,97,2,2
67747,37,64,-27,27
67748,105,89,16,16
67749,69,70,-1,1
67750,67,65,2,2
67751,31,57,-26,26
67752,60,62,-2,2
67753,90,90,0,0
67754,74,70,4,4
67755,123,109,14,14
67756,97,96,1,1
67757,55,53,2,2
67758,127,116,11,11
67759,122,114,8,8
67760,103,100,3,3
67761,141,133,8,8
67762,67,64,3,3
67763,113,115,-2,2
67764,135,129,6,6
67765,203,176,27,27
67766,88,88,0,0
67767,94,97,-3,3
67768,103,98,5,5
67769,86,80,6,6
67770,143,136,7,7
67771,52,53,-1,1
67772,75,83,-8,8
67773,114,117,-3,3
67774,92,84,8,8
67775,113,104,9,9
67776,123,119,4,4
67777,68,71,-3,3
67778,86,91,-5,5
67779,27,51,-24,24
67780,126,123,3,3
67781,89,81,8,8
67782,113,97,16,16
67783,106,94,12,12
67784,90,81,9,9
67785,82,72,10,10
67786,88,91,-3,3
67787,97,88,9,9
67788,141,124,17,17
67789,123,109,14,14
67790,188,186,2,2
67791,108,102,6,6
67792,73,72,1,1
67793,104,104,0,0
67794,87,88,-1,1
67795,78,79,-1,1
67796,75,70,5,5
67797,153,136,17,17
67798,74,67,7,7
67799,129,112,17,17
67800,117,107,10,10
67801,82,83,-1,1
67802,103,94,9,9
67803,93,79,14,14
67804,89,88,1,1
67805,44,62,-18,18
67806,76,71,5,5
67807,79,91,-12,12
67808,87,85,2,2
67809,38,52,-14,14
67810,120,116,4,4
67811,88,90,-2,2
67812,155,131,24,24
67813,120,105,15,15
67814,89,77,12,12
67815,100,91,9,9
67816,66,61,5,5
67817,85,89,-4,4
67818,90,75,15,15
67819,126,119,7,7
67820,153,127,26,26
67821,83,79,4,4
67822,113,100,13,13
67823,88,89,-1,1
67824,152,150,2,2
67825,104,93,11,11
67826,75,72,3,3
67827,48,52,-4,4
67828,127,114,13,13
67829,79,73,6,6
67830,117,113,4,4
67831,63,68,-5,5
67832,113,116,-3,3
67833,143,150,-7,7
67834,110,105,5,5
67835,75,83,-8,8
67836,48,55,-7,7
67837,64,90,-26,26
67838,99,95,4,4
67839,91,83,8,8
67840,111,99,12,12
67841,89,84,5,5
67842,141,126,15,15
67843,101,88,13,13
67844,74,69,5,5
67845,124,107,17,17
67846,115,119,-4,4
67847,94,102,-8,8
67848,110,113,-3,3
67849,70,69,1,1
67850,89,91,-2,2
67851,53,55,-2,2
67852,85,91,-6,6
67853,166,145,21,21
67854,77,70,7,7
67855,76,70,6,6
67856,137,137,0,0
67857,79,81,-2,2
67858,144,116,28,28
67859,57,57,0,0
67860,102,98,4,4
67861,77,76,1,1
67862,105,107,-2,2
67863,99,91,8,8
67864,40,52,-12,12
67865,96,88,8,8
67866,99,98,1,1
67867,69,63,6,6
67868,111,101,10,10
67869,119,119,0,0
67870,152,141,11,11
67871,138,127,11,11
67872,146,151,-5,5
67873,79,94,-15,15
67874,113,104,9,9
67875,65,71,-6,6
67876,135,116,19,19
67877,58,53,5,5
67878,68,75,-7,7
67879,103,94,9,9
67880,110,112,-2,2
67881,57,58,-1,1
67882,191,168,23,23
67883,87,79,8,8
67884,130,114,16,16
67885,94,91,3,3
67886,101,102,-1,1
67887,52,54,-2,2
67888,134,128,6,6
67889,75,74,1,1
67890,91,94,-3,3
67891,109,107,2,2
67892,96,88,8,8
67893,55,56,-1,1
67894,114,106,8,8
67895,159,142,17,17
67896,74,70,4,4
67897,89,95,-6,6
67898,45,56,-11,11
67899,50,68,-18,18
67900,78,71,7,7
67901,136,134,2,2
67902,81,77,4,4
67903,104,92,12,12
67904,42,53,-11,11
67905,45,54,-9,9
67906,91,80,11,11
67907,81,81,0,0
67908,73,73,0,0
67909,163,147,16,16
67910,62,58,4,4
67911,62,76,-14,14
67912,117,97,20,20
67913,91,91,0,0
67914,81,86,-5,5
67915,183,151,32,32
67916,115,112,3,3
67917,45,53,-8,8
67918,67,68,-1,1
67919,73,66,7,7
67920,115,111,4,4
67921,143,128,15,15
67922,122,109,13,13
67923,158,134,24,24
67924,132,121,11,11
67925,56,60,-4,4
67926,138,132,6,6
67927,128,113,15,15
67928,170,148,22,22
67929,101,96,5,5
67930,147,137,10,10
67931,116,113,3,3
67932,97,108,-11,11
67933,116,117,-1,1
67934,73,70,3,3
67935,58,55,3,3
67936,99,87,12,12
67937,148,144,4,4
67938,56,56,0,0
67939,144,142,2,2
67940,73,68,5,5
67941,124,128,-4,4
67942,58,82,-24,24
67943,72,72,0,0
67944,57,55,2,2
67945,77,64,13,13
67946,93,86,7,7
67947,136,122,14,14
67948,56,58,-2,2
67949,106,94,12,12
67950,68,61,7,7
67951,107,99,8,8
67952,137,127,10,10
67953,51,57,-6,6
67954,161,149,12,12
67955,75,71,4,4
67956,207,174,33,33
67957,134,134,0,0
67958,139,133,6,6
67959,85,82,3,3
67960,64,67,-3,3
67961,57,56,1,1
67962,87,84,3,3
67963,143,128,15,15
67964,89,87,2,2
67965,78,71,7,7
67966,73,87,-14,14
67967,188,187,1,1
67968,115,98,17,17
67969,119,90,29,29
67970,74,79,-5,5
67971,96,94,2,2
67972,64,65,-1,1
67973,117,111,6,6
67974,127,127,0,0
67975,70,73,-3,3
67976,97,100,-3,3
67977,163,150,13,13
67978,143,125,18,18
67979,69,75,-6,6
67980,98,102,-4,4
67981,87,82,5,5
67982,100,98,2,2
67983,111,117,-6,6
67984,129,131,-2,2
67985,94,79,15,15
67986,124,118,6,6
67987,70,72,-2,2
67988,64,62,2,2
67989,131,116,15,15
67990,81,88,-7,7
67991,121,109,12,12
67992,139,126,13,13
67993,49,57,-8,8
67994,54,58,-4,4
67995,109,108,1,1
67996,71,78,-7,7
67997,124,107,17,17
67998,110,95,15,15
67999,103,105,-2,2
68000,104,108,-4,4
68001,95,109,-14,14
68002,85,71,14,14
68003,83,74,9,9
68004,111,115,-4,4
68005,68,57,11,11
68006,76,70,6,6
68007,47,53,-6,6
68008,143,123,20,20
68009,64,62,2,2
68010,102,100,2,2
68011,77,78,-1,1
68012,52,57,-5,5
68013,52,55,-3,3
68014,75,77,-2,2
68015,83,77,6,6
68016,70,63,7,7
68017,44,53,-9,9
68018,41,53,-12,12
68019,77,70,7,7
68020,53,54,-1,1
68021,132,128,4,4
68022,112,98,14,14
68023,81,75,6,6
68024,85,82,3,3
68025,90,88,2,2
68026,51,54,-3,3
68027,55,65,-10,10
68028,45,69,-24,24
68029,52,55,-3,3
68030,98,92,6,6
68031,72,71,1,1
68032,239,209,30,30
68033,123,106,17,17
68034,164,145,19,19
68035,75,70,5,5
68036,145,138,7,7
68037,63,66,-3,3
68038,63,95,-32,32
68039,100,104,-4,4
68040,110,109,1,1
68041,76,87,-11,11
68042,94,96,-2,2
68043,109,93,16,16
68044,59,69,-10,10
68045,140,147,-7,7
68046,83,74,9,9
68047,136,121,15,15
68048,50,59,-9,9
68049,85,77,8,8
68050,113,99,14,14
68051,49,55,-6,6
68052,98,80,18,18
68053,80,64,16,16
68054,95,92,3,3
68055,129,129,0,0
68056,89,79,10,10
68057,115,106,9,9
68058,73,76,-3,3
68059,75,80,-5,5
68060,168,145,23,23
68061,52,58,-6,6
68062,76,70,6,6
68063,104,99,5,5
68064,124,106,18,18
68065,113,113,0,0
68066,80,74,6,6
68067,79,100,-21,21
68068,89,83,6,6
68069,90,73,17,17
68070,46,53,-7,7
68071,80,70,10,10
68072,108,114,-6,6
68073,46,54,-8,8
68074,106,96,10,10
68075,139,126,13,13
68076,99,99,0,0
68077,50,53,-3,3
68078,65,65,0,0
68079,69,67,2,2
68080,125,118,7,7
68081,97,89,8,8
68082,84,85,-1,1
68083,114,116,-2,2
68084,39,52,-13,13
68085,106,96,10,10
68086,88,90,-2,2
68087,80,80,0,0
68088,178,155,23,23
68089,104,111,-7,7
68090,76,68,8,8
68091,108,91,17,17
68092,82,89,-7,7
68093,44,56,-12,12
68094,67,61,6,6
68095,69,74,-5,5
68096,69,61,8,8
68097,112,103,9,9
68098,151,130,21,21
68099,47,54,-7,7
68100,70,66,4,4
68101,86,81,5,5
68102,95,91,4,4
68103,68,70,-2,2
68104,44,57,-13,13
68105,70,73,-3,3
68106,132,116,16,16
68107,66,68,-2,2
68108,104,97,7,7
68109,155,138,17,17
68110,136,128,8,8
68111,74,72,2,2
68112,109,105,4,4
68113,88,89,-1,1
68114,156,158,-2,2
68115,153,148,5,5
68116,83,72,11,11
68117,88,79,9,9
68118,167,165,2,2
68119,44,53,-9,9
68120,124,104,20,20
68121,71,66,5,5
68122,131,111,20,20
68123,94,82,12,12
68124,64,63,1,1
68125,81,78,3,3
68126,69,66,3,3
68127,52,54,-2,2
68128,84,79,5,5
68129,59,59,0,0
68130,117,113,4,4
68131,115,101,14,14
68132,86,83,3,3
68133,111,100,11,11
68134,69,73,-4,4
68135,119,106,13,13
68136,73,68,5,5
68137,81,77,4,4
68138,79,84,-5,5
68139,89,97,-8,8
68140,51,53,-2,2
68141,63,63,0,0
68142,87,86,1,1
68143,116,110,6,6
68144,115,103,12,12
68145,111,111,0,0
68146,38,54,-16,16
68147,130,130,0,0
68148,100,89,11,11
68149,60,56,4,4
68150,91,80,11,11
68151,67,64,3,3
68152,73,65,8,8
68153,152,142,10,10
68154,199,174,25,25
68155,156,144,12,12
68156,61,64,-3,3
68157,109,95,14,14
68158,69,69,0,0
68159,87,86,1,1
68160,65,67,-2,2
68161,83,81,2,2
68162,94,92,2,2
68163,104,85,19,19
68164,72,76,-4,4
68165,74,85,-11,11
68166,93,77,16,16
68167,88,80,8,8
68168,88,76,12,12
68169,75,83,-8,8
68170,102,98,4,4
68171,72,70,2,2
68172,95,81,14,14
68173,98,92,6,6
68174,86,83,3,3
68175,91,105,-14,14
68176,67,63,4,4
68177,73,74,-1,1
68178,129,128,1,1
68179,64,61,3,3
68180,94,93,1,1
68181,123,105,18,18
68182,89,85,4,4
68183,45,54,-9,9
68184,95,91,4,4
68185,77,74,3,3
68186,61,66,-5,5
68187,151,150,1,1
68188,53,55,-2,2
68189,109,100,9,9
68190,84,85,-1,1
68191,86,86,0,0
68192,105,99,6,6
68193,107,111,-4,4
68194,97,101,-4,4
68195,41,52,-11,11
68196,69,67,2,2
68197,111,83,28,28
68198,40,52,-12,12
68199,140,129,11,11
68200,65,67,-2,2
68201,149,121,28,28
68202,46,53,-7,7
68203,103,97,6,6
68204,80,78,2,2
68205,41,53,-12,12
68206,97,126,-29,29
68207,65,61,4,4
68208,124,146,-22,22
68209,65,64,1,1
68210,85,77,8,8
68211,151,142,9,9
68212,75,71,4,4
68213,92,91,1,1
68214,96,88,8,8
68215,120,119,1,1
68216,71,67,4,4
68217,77,79,-2,2
68218,84,91,-7,7
68219,100,106,-6,6
68220,105,111,-6,6
68221,123,110,13,13
68222,53,57,-4,4
68223,178,169,9,9
68224,99,93,6,6
68225,64,62,2,2
68226,78,81,-3,3
68227,108,102,6,6
68228,77,76,1,1
68229,157,141,16,16
68230,72,79,-7,7
68231,68,67,1,1
68232,87,76,11,11
68233,70,77,-7,7
68234,52,60,-8,8
68235,85,75,10,10
68236,100,104,-4,4
68237,71,68,3,3
68238,109,111,-2,2
68239,154,159,-5,5
68240,96,74,22,22
68241,78,83,-5,5
68242,82,91,-9,9
68243,114,106,8,8
68244,103,103,0,0
68245,118,118,0,0
68246,87,87,0,0
68247,121,123,-2,2
68248,94,93,1,1
68249,62,59,3,3
68250,89,82,7,7
68251,105,98,7,7
68252,85,77,8,8
68253,79,85,-6,6
68254,86,82,4,4
68255,100,94,6,6
68256,104,97,7,7
68257,83,80,3,3
68258,90,80,10,10
68259,112,125,-13,13
68260,69,71,-2,2
68261,121,98,23,23
68262,84,89,-5,5
68263,87,80,7,7
68264,92,92,0,0
68265,147,141,6,6
68266,86,85,1,1
68267,89,79,10,10
68268,52,65,-13,13
68269,110,105,5,5
68270,145,132,13,13
68271,87,83,4,4
68272,107,84,23,23
68273,145,114,31,31
68274,55,57,-2,2
68275,51,58,-7,7
68276,95,92,3,3
68277,101,95,6,6
68278,72,64,8,8
68279,90,83,7,7
68280,91,77,14,14
68281,94,92,2,2
68282,60,65,-5,5
68283,59,58,1,1
68284,96,86,10,10
68285,55,57,-2,2
68286,101,84,17,17
68287,95,95,0,0
68288,113,100,13,13
68289,77,68,9,9
68290,114,122,-8,8
68291,101,107,-6,6
68292,100,105,-5,5
68293,64,68,-4,4
68294,100,93,7,7
68295,158,133,25,25
68296,81,80,1,1
68297,62,64,-2,2
68298,136,126,10,10
68299,156,140,16,16
68300,160,144,16,16
68301,128,123,5,5
68302,49,53,-4,4
68303,135,118,17,17
68304,81,82,-1,1
68305,85,85,0,0
68306,74,66,8,8
68307,141,127,14,14
68308,98,90,8,8
68309,140,125,15,15
68310,102,88,14,14
68311,91,100,-9,9
68312,68,64,4,4
68313,117,103,14,14
68314,57,54,3,3
68315,70,67,3,3
68316,203,161,42,42
68317,96,110,-14,14
68318,128,126,2,2
68319,81,72,9,9
68320,81,89,-8,8
68321,66,59,7,7
68322,128,118,10,10
68323,150,138,12,12
68324,79,84,-5,5
68325,68,71,-3,3
68326,57,65,-8,8
68327,63,70,-7,7
68328,110,107,3,3
68329,84,79,5,5
68330,84,71,13,13
68331,59,63,-4,4
68332,101,83,18,18
68333,73,76,-3,3
68334,82,81,1,1
68335,163,149,14,14
68336,113,106,7,7
68337,95,74,21,21
68338,73,74,-1,1
68339,83,82,1,1
68340,114,109,5,5
68341,136,110,26,26
68342,86,82,4,4
68343,81,74,7,7
68344,108,106,2,2
68345,149,146,3,3
68346,101,97,4,4
68347,78,79,-1,1
68348,126,112,14,14
68349,122,128,-6,6
68350,112,98,14,14
68351,67,60,7,7
68352,62,58,4,4
68353,112,109,3,3
68354,171,150,21,21
68355,65,62,3,3
68356,97,84,13,13
68357,43,52,-9,9
68358,71,60,11,11
68359,71,69,2,2
68360,55,54,1,1
68361,72,82,-10,10
68362,85,80,5,5
68363,190,160,30,30
68364,97,93,4,4
68365,100,94,6,6
68366,75,76,-1,1
68367,130,111,19,19
68368,60,58,2,2
68369,105,99,6,6
68370,85,82,3,3
68371,89,91,-2,2
68372,93,90,3,3
68373,39,69,-30,30
68374,74,62,12,12
68375,148,145,3,3
68376,136,122,14,14
68377,61,70,-9,9
68378,181,159,22,22
68379,99,90,9,9
68380,165,151,14,14
68381,97,90,7,7
68382,116,102,14,14
68383,105,109,-4,4
68384,50,53,-3,3
68385,71,81,-10,10
68386,115,105,10,10
68387,61,56,5,5
68388,101,99,2,2
68389,80,77,3,3
68390,100,104,-4,4
68391,79,88,-9,9
68392,121,114,7,7
68393,85,92,-7,7
68394,87,89,-2,2
68395,61,62,-1,1
68396,125,125,0,0
68397,85,87,-2,2
68398,87,85,2,2
68399,64,68,-4,4
68400,66,65,1,1
68401,85,85,0,0
68402,159,138,21,21
68403,132,129,3,3
68404,96,95,1,1
68405,100,104,-4,4
68406,76,70,6,6
68407,117,116,1,1
68408,101,111,-10,10
68409,86,83,3,3
68410,117,108,9,9
68411,96,87,9,9
68412,55,57,-2,2
68413,145,126,19,19
68414,68,71,-3,3
68415,71,66,5,5
68416,129,121,8,8
68417,121,118,3,3
68418,92,77,15,15
68419,57,58,-1,1
68420,50,58,-8,8
68421,56,59,-3,3
68422,52,56,-4,4
68423,61,58,3,3
68424,164,144,20,20
68425,119,111,8,8
68426,85,74,11,11
68427,83,77,6,6
68428,149,131,18,18
68429,103,91,12,12
68430,61,65,-4,4
68431,142,135,7,7
68432,80,82,-2,2
68433,49,55,-6,6
68434,109,94,15,15
68435,101,95,6,6
68436,77,75,2,2
68437,160,164,-4,4
68438,108,108,0,0
68439,137,126,11,11
68440,125,119,6,6
68441,76,76,0,0
68442,145,126,19,19
68443,86,85,1,1
68444,131,120,11,11
68445,99,100,-1,1
68446,97,94,3,3
68447,67,61,6,6
68448,107,120,-13,13
68449,87,84,3,3
68450,104,97,7,7
68451,77,72,5,5
68452,49,55,-6,6
68453,152,131,21,21
68454,138,129,9,9
68455,183,163,20,20
68456,53,58,-5,5
68457,100,93,7,7
68458,71,72,-1,1
68459,73,84,-11,11
68460,108,102,6,6
68461,85,86,-1,1
68462,72,71,1,1
68463,92,88,4,4
68464,127,116,11,11
68465,61,80,-19,19
68466,86,96,-10,10
68467,56,55,1,1
68468,104,93,11,11
68469,86,86,0,0
68470,142,139,3,3
68471,78,85,-7,7
68472,96,81,15,15
68473,75,79,-4,4
68474,88,83,5,5
68475,69,65,4,4
68476,62,62,0,0
68477,107,104,3,3
68478,65,66,-1,1
68479,129,131,-2,2
68480,86,89,-3,3
68481,77,68,9,9
68482,115,95,20,20
68483,87,80,7,7
68484,32,52,-20,20
68485,80,85,-5,5
68486,107,99,8,8
68487,112,120,-8,8
68488,83,78,5,5
68489,89,92,-3,3
68490,65,62,3,3
68491,63,66,-3,3
68492,56,58,-2,2
68493,99,82,17,17
68494,88,87,1,1
68495,130,126,4,4
68496,59,59,0,0
68497,157,121,36,36
68498,94,103,-9,9
68499,94,92,2,2
68500,61,62,-1,1
68501,98,96,2,2
68502,98,92,6,6
68503,108,97,11,11
68504,122,115,7,7
68505,115,114,1,1
68506,49,53,-4,4
68507,79,78,1,1
68508,96,99,-3,3
68509,81,87,-6,6
68510,54,54,0,0
68511,70,76,-6,6
68512,141,129,12,12
68513,113,212,-99,99
68514,110,110,0,0
68515,75,77,-2,2
68516,85,91,-6,6
68517,85,76,9,9
68518,105,100,5,5
68519,62,65,-3,3
68520,39,54,-15,15
68521,83,81,2,2
68522,103,95,8,8
68523,69,73,-4,4
68524,103,97,6,6
68525,82,72,10,10
68526,98,93,5,5
68527,134,121,13,13
68528,51,64,-13,13
68529,98,93,5,5
68530,58,60,-2,2
68531,66,72,-6,6
68532,66,65,1,1
68533,139,120,19,19
68534,182,160,22,22
68535,118,124,-6,6
68536,69,62,7,7
68537,61,67,-6,6
68538,101,92,9,9
68539,126,95,31,31
68540,87,83,4,4
68541,53,56,-3,3
68542,83,76,7,7
68543,113,118,-5,5
68544,109,96,13,13
68545,60,57,3,3
68546,113,111,2,2
68547,84,89,-5,5
68548,60,55,5,5
68549,56,57,-1,1
68550,52,54,-2,2
68551,111,102,9,9
68552,74,78,-4,4
68553,57,57,0,0
68554,72,72,0,0
68555,77,78,-1,1
68556,93,87,6,6
68557,167,143,24,24
68558,64,64,0,0
68559,97,87,10,10
68560,106,103,3,3
68561,165,141,24,24
68562,86,101,-15,15
68563,146,128,18,18
68564,98,92,6,6
68565,88,83,5,5
68566,89,84,5,5
68567,99,94,5,5
68568,86,82,4,4
68569,95,105,-10,10
68570,70,63,7,7
68571,91,96,-5,5
68572,98,92,6,6
68573,92,83,9,9
68574,103,93,10,10
68575,91,80,11,11
68576,58,70,-12,12
68577,61,62,-1,1
68578,53,55,-2,2
68579,83,77,6,6
68580,56,57,-1,1
68581,84,83,1,1
68582,73,75,-2,2
68583,73,69,4,4
68584,81,80,1,1
68585,69,70,-1,1
68586,71,78,-7,7
68587,107,112,-5,5
68588,111,108,3,3
68589,107,95,12,12
68590,115,94,21,21
68591,75,76,-1,1
68592,129,115,14,14
68593,94,86,8,8
68594,52,55,-3,3
68595,146,138,8,8
68596,99,101,-2,2
68597,93,103,-10,10
68598,57,60,-3,3
68599,102,109,-7,7
68600,58,64,-6,6
68601,95,131,-36,36
68602,92,87,5,5
68603,99,92,7,7
68604,115,113,2,2
68605,77,74,3,3
68606,176,167,9,9
68607,97,100,-3,3
68608,153,133,20,20
68609,74,69,5,5
68610,182,156,26,26
68611,91,94,-3,3
68612,67,73,-6,6
68613,85,93,-8,8
68614,109,101,8,8
68615,113,101,12,12
68616,111,107,4,4
68617,95,103,-8,8
68618,74,70,4,4
68619,110,103,7,7
68620,58,57,1,1
68621,135,120,15,15
68622,108,108,0,0
68623,112,113,-1,1
68624,49,55,-6,6
68625,114,114,0,0
68626,57,59,-2,2
68627,74,65,9,9
68628,99,96,3,3
68629,96,88,8,8
68630,88,81,7,7
68631,79,83,-4,4
68632,82,70,12,12
68633,99,94,5,5
68634,116,104,12,12
68635,80,77,3,3
68636,120,111,9,9
68637,70,64,6,6
68638,74,73,1,1
68639,55,63,-8,8
68640,97,87,10,10
68641,74,74,0,0
68642,92,95,-3,3
68643,71,70,1,1
68644,86,81,5,5
68645,66,59,7,7
68646,74,66,8,8
68647,90,84,6,6
68648,110,103,7,7
68649,94,90,4,4
68650,101,96,5,5
68651,115,111,4,4
68652,91,90,1,1
68653,102,100,2,2
68654,116,119,-3,3
68655,130,125,5,5
68656,45,55,-10,10
68657,77,77,0,0
68658,117,125,-8,8
68659,109,107,2,2
68660,94,88,6,6
68661,130,121,9,9
68662,37,53,-16,16
68663,73,74,-1,1
68664,79,69,10,10
68665,80,86,-6,6
68666,143,119,24,24
68667,69,67,2,2
68668,143,134,9,9
68669,105,103,2,2
68670,150,131,19,19
68671,94,84,10,10
68672,107,95,12,12
68673,64,58,6,6
68674,154,128,26,26
68675,129,119,10,10
68676,118,107,11,11
68677,86,82,4,4
68678,98,95,3,3
68679,134,136,-2,2
68680,96,96,0,0
68681,90,87,3,3
68682,173,166,7,7
68683,83,80,3,3
68684,168,158,10,10
68685,97,92,5,5
68686,88,86,2,2
68687,54,55,-1,1
68688,142,118,24,24
68689,152,138,14,14
68690,75,83,-8,8
68691,73,72,1,1
68692,170,171,-1,1
68693,82,79,3,3
68694,103,109,-6,6
68695,135,121,14,14
68696,98,97,1,1
68697,190,169,21,21
68698,110,92,18,18
68699,56,64,-8,8
68700,160,143,17,17
68701,86,96,-10,10
68702,105,100,5,5
68703,42,53,-11,11
68704,148,153,-5,5
68705,78,68,10,10
68706,108,105,3,3
68707,81,79,2,2
68708,135,126,9,9
68709,84,89,-5,5
68710,115,103,12,12
68711,124,111,13,13
68712,67,73,-6,6
68713,97,91,6,6
68714,90,86,4,4
68715,158,139,19,19
68716,162,145,17,17
68717,165,157,8,8
68718,76,76,0,0
68719,174,163,11,11
68720,125,112,13,13
68721,155,144,11,11
68722,80,84,-4,4
68723,150,149,1,1
68724,54,58,-4,4
68725,119,102,17,17
68726,83,74,9,9
68727,56,61,-5,5
68728,69,79,-10,10
68729,94,93,1,1
68730,103,104,-1,1
68731,120,108,12,12
68732,119,121,-2,2
68733,92,89,3,3
68734,102,97,5,5
68735,75,73,2,2
68736,64,61,3,3
68737,175,154,21,21
68738,66,63,3,3
68739,69,69,0,0
68740,66,63,3,3
68741,42,51,-9,9
68742,222,197,25,25
68743,161,150,11,11
68744,139,116,23,23
68745,88,86,2,2
68746,81,70,11,11
68747,160,149,11,11
68748,100,97,3,3
68749,64,67,-3,3
68750,26,51,-25,25
68751,126,117,9,9
68752,49,54,-5,5
68753,101,97,4,4
68754,78,71,7,7
68755,82,76,6,6
68756,68,68,0,0
68757,90,84,6,6
68758,78,74,4,4
68759,114,112,2,2
68760,160,146,14,14
68761,108,102,6,6
68762,93,88,5,5
68763,52,53,-1,1
68764,142,126,16,16
68765,151,153,-2,2
68766,118,118,0,0
68767,90,87,3,3
68768,103,91,12,12
68769,126,117,9,9
68770,121,111,10,10
68771,111,109,2,2
68772,87,81,6,6
68773,48,54,-6,6
68774,86,71,15,15
68775,60,99,-39,39
68776,162,138,24,24
68777,98,86,12,12
68778,134,124,10,10
68779,147,137,10,10
68780,113,112,1,1
68781,79,74,5,5
68782,76,67,9,9
68783,72,80,-8,8
68784,59,65,-6,6
68785,151,137,14,14
68786,114,108,6,6
68787,71,76,-5,5
68788,146,133,13,13
68789,83,77,6,6
68790,65,62,3,3
68791,60,58,2,2
68792,113,97,16,16
68793,146,126,20,20
68794,103,102,1,1
68795,123,112,11,11
68796,59,64,-5,5
68797,158,134,24,24
68798,114,96,18,18
68799,133,115,18,18
68800,151,137,14,14
68801,41,53,-12,12
68802,80,75,5,5
68803,71,63,8,8
68804,88,87,1,1
68805,94,100,-6,6
68806,41,57,-16,16
68807,129,138,-9,9
68808,126,113,13,13
68809,132,112,20,20
68810,38,52,-14,14
68811,81,82,-1,1
68812,97,96,1,1
68813,99,94,5,5
68814,159,147,12,12
68815,113,114,-1,1
68816,42,57,-15,15
68817,176,156,20,20
68818,96,82,14,14
68819,122,118,4,4
68820,134,133,1,1
68821,63,63,0,0
68822,81,73,8,8
68823,94,96,-2,2
68824,122,110,12,12
68825,99,85,14,14
68826,103,105,-2,2
68827,77,101,-24,24
68828,90,96,-6,6
68829,139,120,19,19
68830,74,76,-2,2
68831,83,82,1,1
68832,84,80,4,4
68833,108,98,10,10
68834,80,85,-5,5
68835,117,111,6,6
68836,81,77,4,4
68837,73,74,-1,1
68838,146,131,15,15
68839,83,80,3,3
68840,71,65,6,6
68841,99,103,-4,4
68842,52,59,-7,7
68843,97,103,-6,6
68844,80,74,6,6
68845,112,107,5,5
68846,57,70,-13,13
68847,105,101,4,4
68848,145,142,3,3
68849,104,91,13,13
68850,94,87,7,7
68851,109,106,3,3
68852,73,74,-1,1
68853,54,56,-2,2
68854,99,88,11,11
68855,204,181,23,23
68856,42,55,-13,13
68857,40,53,-13,13
68858,61,56,5,5
68859,98,96,2,2
68860,88,89,-1,1
68861,107,115,-8,8
68862,101,98,3,3
68863,156,141,15,15
68864,43,53,-10,10
68865,85,77,8,8
68866,130,115,15,15
68867,49,56,-7,7
68868,82,76,6,6
68869,105,102,3,3
68870,141,149,-8,8
68871,124,124,0,0
68872,149,153,-4,4
68873,61,54,7,7
68874,163,148,15,15
68875,94,97,-3,3
68876,64,65,-1,1
68877,129,137,-8,8
68878,71,75,-4,4
68879,95,100,-5,5
68880,106,109,-3,3
68881,103,76,27,27
68882,81,74,7,7
68883,89,79,10,10
68884,144,132,12,12
68885,64,70,-6,6
68886,37,115,-78,78
68887,87,74,13,13
68888,34,51,-17,17
68889,94,92,2,2
68890,84,86,-2,2
68891,76,70,6,6
68892,79,73,6,6
68893,96,99,-3,3
68894,99,91,8,8
68895,102,98,4,4
68896,66,62,4,4
68897,96,81,15,15
68898,75,74,1,1
68899,98,85,13,13
68900,75,70,5,5
68901,106,96,10,10
68902,85,81,4,4
68903,104,113,-9,9
68904,83,83,0,0
68905,92,89,3,3
68906,110,123,-13,13
68907,89,103,-14,14
68908,148,132,16,16
68909,105,99,6,6
68910,90,78,12,12
68911,42,54,-12,12
68912,102,100,2,2
68913,142,133,9,9
68914,122,110,12,12
68915,109,93,16,16
68916,101,101,0,0
68917,89,92,-3,3
68918,118,110,8,8
68919,146,128,18,18
68920,100,102,-2,2
68921,99,91,8,8
68922,62,57,5,5
68923,84,73,11,11
68924,62,68,-6,6
68925,190,166,24,24
68926,105,104,1,1
68927,101,90,11,11
68928,69,74,-5,5
68929,105,98,7,7
68930,135,126,9,9
68931,162,161,1,1
68932,96,92,4,4
68933,80,73,7,7
68934,83,82,1,1
68935,133,123,10,10
68936,77,74,3,3
68937,130,120,10,10
68938,143,154,-11,11
68939,83,83,0,0
68940,77,77,0,0
68941,148,137,11,11
68942,88,81,7,7
68943,47,52,-5,5
68944,66,57,9,9
68945,54,64,-10,10
68946,97,89,8,8
68947,80,82,-2,2
68948,51,63,-12,12
68949,122,124,-2,2
68950,134,117,17,17
68951,152,143,9,9
68952,96,99,-3,3
68953,75,80,-5,5
68954,143,138,5,5
68955,164,155,9,9
68956,99,96,3,3
68957,149,149,0,0
68958,126,115,11,11
68959,90,80,10,10
68960,102,102,0,0
68961,18,55,-37,37
68962,103,131,-28,28
68963,130,118,12,12
68964,67,69,-2,2
68965,69,62,7,7
68966,84,82,2,2
68967,122,120,2,2
68968,103,92,11,11
68969,65,59,6,6
68970,111,113,-2,2
68971,177,168,9,9
68972,64,58,6,6
68973,159,148,11,11
68974,123,122,1,1
68975,67,69,-2,2
68976,138,137,1,1
68977,88,94,-6,6
68978,94,104,-10,10
68979,114,99,15,15
68980,81,74,7,7
68981,68,63,5,5
68982,214,182,32,32
68983,145,126,19,19
68984,54,57,-3,3
68985,100,86,14,14
68986,146,138,8,8
68987,213,180,33,33
68988,106,110,-4,4
68989,57,55,2,2
68990,128,123,5,5
68991,97,91,6,6
68992,90,96,-6,6
68993,102,94,8,8
68994,153,132,21,21
68995,84,79,5,5
68996,27,55,-28,28
68997,51,54,-3,3
68998,73,74,-1,1
68999,86,83,3,3
69000,77,69,8,8
69001,154,132,22,22
69002,107,100,7,7
69003,173,161,12,12
69004,80,80,0,0
69005,92,88,4,4
69006,86,81,5,5
69007,70,71,-1,1
69008,116,118,-2,2
69009,79,78,1,1
69010,101,95,6,6
69011,138,129,9,9
69012,125,106,19,19
69013,65,64,1,1
69014,82,82,0,0
69015,88,86,2,2
69016,40,55,-15,15
69017,104,105,-1,1
69018,111,109,2,2
69019,81,76,5,5
69020,67,75,-8,8
69021,91,96,-5,5
69022,135,126,9,9
69023,155,160,-5,5
69024,89,80,9,9
69025,58,69,-11,11
69026,137,122,15,15
69027,69,65,4,4
69028,84,81,3,3
69029,110,90,20,20
69030,68,91,-23,23
69031,126,109,17,17
69032,185,141,44,44
69033,64,62,2,2
69034,119,111,8,8
69035,133,126,7,7
69036,96,88,8,8
69037,54,57,-3,3
69038,90,88,2,2
69039,75,70,5,5
69040,123,121,2,2
69041,91,89,2,2
69042,114,109,5,5
69043,49,80,-31,31
69044,119,104,15,15
69045,78,69,9,9
69046,105,95,10,10
69047,113,108,5,5
69048,75,69,6,6
69049,162,151,11,11
69050,62,57,5,5
69051,93,79,14,14
69052,67,61,6,6
69053,118,115,3,3
69054,76,72,4,4
69055,132,121,11,11
69056,43,52,-9,9
69057,69,73,-4,4
69058,99,100,-1,1
69059,81,75,6,6
69060,103,100,3,3
69061,87,76,11,11
69062,88,80,8,8
69063,92,86,6,6
69064,102,89,13,13
69065,53,55,-2,2
69066,80,80,0,0
69067,86,71,15,15
69068,107,108,-1,1
69069,165,163,2,2
69070,43,52,-9,9
69071,84,74,10,10
69072,129,119,10,10
69073,135,126,9,9
69074,32,64,-32,32
69075,49,59,-10,10
69076,91,87,4,4
69077,72,69,3,3
69078,85,77,8,8
69079,75,79,-4,4
69080,95,112,-17,17
69081,132,120,12,12
69082,98,100,-2,2
69083,34,51,-17,17
69084,114,107,7,7
69085,104,97,7,7
69086,111,98,13,13
69087,59,56,3,3
69088,38,52,-14,14
69089,45,54,-9,9
69090,160,162,-2,2
69091,87,80,7,7
69092,78,81,-3,3
69093,180,143,37,37
69094,112,113,-1,1
69095,99,98,1,1
69096,77,77,0,0
69097,64,77,-13,13
69098,93,70,23,23
69099,135,143,-8,8
69100,80,78,2,2
69101,105,89,16,16
69102,93,93,0,0
69103,97,96,1,1
69104,93,99,-6,6
69105,126,107,19,19
69106,100,93,7,7
69107,93,92,1,1
69108,116,111,5,5
69109,89,84,5,5
69110,72,82,-10,10
69111,158,137,21,21
69112,107,91,16,16
69113,57,60,-3,3
69114,95,97,-2,2
69115,199,176,23,23
69116,98,95,3,3
69117,50,57,-7,7
69118,72,66,6,6
69119,86,75,11,11
69120,36,69,-33,33
69121,77,61,16,16
69122,144,141,3,3
69123,101,116,-15,15
69124,141,134,7,7
69125,136,119,17,17
69126,81,74,7,7
69127,96,112,-16,16
69128,92,87,5,5
69129,37,52,-15,15
69130,117,113,4,4
69131,96,88,8,8
69132,120,130,-10,10
69133,58,59,-1,1
69134,147,125,22,22
69135,60,60,0,0
69136,85,79,6,6
69137,71,62,9,9
69138,74,66,8,8
69139,98,97,1,1
69140,59,56,3,3
69141,77,77,0,0
69142,77,79,-2,2
69143,76,78,-2,2
69144,52,57,-5,5
69145,116,109,7,7
69146,78,82,-4,4
69147,74,73,1,1
69148,124,118,6,6
69149,58,56,2,2
69150,86,79,7,7
69151,132,118,14,14
69152,108,93,15,15
69153,38,52,-14,14
69154,138,133,5,5
69155,74,69,5,5
69156,73,75,-2,2
69157,95,80,15,15
69158,129,134,-5,5
69159,102,91,11,11
69160,112,102,10,10
69161,141,134,7,7
69162,76,72,4,4
69163,142,133,9,9
69164,72,69,3,3
69165,163,151,12,12
69166,122,114,8,8
69167,44,54,-10,10
69168,104,95,9,9
69169,72,80,-8,8
69170,60,59,1,1
69171,69,65,4,4
69172,113,102,11,11
69173,89,85,4,4
69174,42,52,-10,10
69175,146,135,11,11
69176,147,122,25,25
69177,132,139,-7,7
69178,107,100,7,7
69179,77,78,-1,1
69180,102,100,2,2
69181,153,135,18,18
69182,56,78,-22,22
69183,105,106,-1,1
69184,129,122,7,7
69185,99,87,12,12
69186,55,56,-1,1
69187,102,107,-5,5
69188,102,93,9,9
69189,111,109,2,2
69190,123,121,2,2
69191,62,64,-2,2
69192,152,157,-5,5
69193,89,81,8,8
69194,94,87,7,7
69195,35,56,-21,21
69196,94,87,7,7
69197,110,109,1,1
69198,175,167,8,8
69199,105,93,12,12
69200,42,54,-12,12
69201,152,139,13,13
69202,149,128,21,21
69203,207,175,32,32
69204,152,150,2,2
69205,88,95,-7,7
69206,94,89,5,5
69207,76,68,8,8
69208,84,80,4,4
69209,87,82,5,5
69210,59,61,-2,2
69211,112,107,5,5
69212,110,99,11,11
69213,136,113,23,23
69214,81,90,-9,9
69215,177,152,25,25
69216,120,117,3,3
69217,86,84,2,2
69218,57,58,-1,1
69219,100,80,20,20
69220,134,126,8,8
69221,75,67,8,8
69222,88,80,8,8
69223,82,87,-5,5
69224,54,60,-6,6
69225,74,66,8,8
69226,50,55,-5,5
69227,125,108,17,17
69228,85,84,1,1
69229,148,136,12,12
69230,88,89,-1,1
69231,58,69,-11,11
69232,124,101,23,23
69233,129,126,3,3
69234,100,95,5,5
69235,76,74,2,2
69236,86,73,13,13
69237,57,65,-8,8
69238,84,84,0,0
69239,103,92,11,11
69240,87,84,3,3
69241,114,114,0,0
69242,58,60,-2,2
69243,100,91,9,9
69244,92,91,1,1
69245,78,80,-2,2
69246,73,84,-11,11
69247,73,67,6,6
69248,106,101,5,5
69249,135,131,4,4
69250,95,109,-14,14
69251,75,76,-1,1
69252,116,118,-2,2
69253,58,54,4,4
69254,135,122,13,13
69255,75,74,1,1
69256,51,56,-5,5
69257,69,66,3,3
69258,97,105,-8,8
69259,73,74,-1,1
69260,91,93,-2,2
69261,156,144,12,12
69262,67,68,-1,1
69263,77,72,5,5
69264,133,133,0,0
69265,129,137,-8,8
69266,110,102,8,8
69267,121,132,-11,11
69268,150,140,10,10
69269,89,85,4,4
69270,71,81,-10,10
69271,119,103,16,16
69272,70,76,-6,6
69273,121,124,-3,3
69274,116,118,-2,2
69275,123,124,-1,1
69276,95,86,9,9
69277,70,63,7,7
69278,111,87,24,24
69279,113,103,10,10
69280,92,78,14,14
69281,52,58,-6,6
69282,114,107,7,7
69283,106,102,4,4
69284,102,112,-10,10
69285,72,81,-9,9
69286,134,111,23,23
69287,101,96,5,5
69288,134,120,14,14
69289,111,110,1,1
69290,99,96,3,3
69291,98,87,11,11
69292,94,93,1,1
69293,44,52,-8,8
69294,92,92,0,0
69295,81,77,4,4
69296,74,73,1,1
69297,51,52,-1,1
69298,135,125,10,10
69299,34,53,-19,19
69300,151,145,6,6
69301,64,64,0,0
69302,105,105,0,0
69303,117,99,18,18
69304,88,86,2,2
69305,100,98,2,2
69306,88,81,7,7
69307,84,83,1,1
69308,189,173,16,16
69309,45,53,-8,8
69310,64,64,0,0
69311,94,92,2,2
69312,199,171,28,28
69313,80,74,6,6
69314,105,103,2,2
69315,112,105,7,7
69316,59,58,1,1
69317,54,60,-6,6
69318,123,113,10,10
69319,59,59,0,0
69320,186,165,21,21
69321,110,109,1,1
69322,117,106,11,11
69323,82,79,3,3
69324,202,165,37,37
69325,129,105,24,24
69326,91,93,-2,2
69327,131,106,25,25
69328,117,106,11,11
69329,82,72,10,10
69330,78,81,-3,3
69331,129,120,9,9
69332,46,52,-6,6
69333,122,123,-1,1
69334,124,110,14,14
69335,186,180,6,6
69336,103,98,5,5
69337,112,115,-3,3
69338,135,136,-1,1
69339,68,69,-1,1
69340,110,106,4,4
69341,57,57,0,0
69342,144,132,12,12
69343,115,99,16,16
69344,143,135,8,8
69345,75,80,-5,5
69346,69,60,9,9
69347,140,124,16,16
69348,93,98,-5,5
69349,74,71,3,3
69350,165,155,10,10
69351,77,80,-3,3
69352,57,58,-1,1
69353,87,99,-12,12
69354,123,122,1,1
69355,78,78,0,0
69356,120,115,5,5
69357,100,95,5,5
69358,112,107,5,5
69359,87,87,0,0
69360,98,82,16,16
69361,106,97,9,9
69362,91,97,-6,6
69363,107,103,4,4
69364,67,63,4,4
69365,125,119,6,6
69366,61,60,1,1
69367,96,94,2,2
69368,73,70,3,3
69369,70,65,5,5
69370,89,82,7,7
69371,114,106,8,8
69372,74,73,1,1
69373,133,108,25,25
69374,107,110,-3,3
69375,91,87,4,4
69376,83,74,9,9
69377,76,70,6,6
69378,75,79,-4,4
69379,83,75,8,8
69380,62,59,3,3
69381,71,78,-7,7
69382,40,54,-14,14
69383,131,118,13,13
69384,138,136,2,2
69385,43,53,-10,10
69386,76,81,-5,5
69387,128,147,-19,19
69388,62,60,2,2
69389,128,118,10,10
69390,79,81,-2,2
69391,140,124,16,16
69392,94,97,-3,3
69393,96,95,1,1
69394,43,54,-11,11
69395,159,143,16,16
69396,62,56,6,6
69397,131,118,13,13
69398,65,66,-1,1
69399,63,65,-2,2
69400,116,120,-4,4
69401,65,77,-12,12
69402,70,66,4,4
69403,56,59,-3,3
69404,95,92,3,3
69405,120,109,11,11
69406,93,96,-3,3
69407,92,89,3,3
69408,101,89,12,12
69409,106,107,-1,1
69410,151,136,15,15
69411,98,89,9,9
69412,63,60,3,3
69413,120,117,3,3
69414,93,89,4,4
69415,89,83,6,6
69416,47,52,-5,5
69417,92,92,0,0
69418,95,84,11,11
69419,90,80,10,10
69420,116,105,11,11
69421,88,86,2,2
69422,107,110,-3,3
69423,168,169,-1,1
69424,49,52,-3,3
69425,111,99,12,12
69426,76,78,-2,2
69427,89,83,6,6
69428,72,70,2,2
69429,131,127,4,4
69430,61,72,-11,11
69431,106,96,10,10
69432,65,67,-2,2
69433,76,75,1,1
69434,62,91,-29,29
69435,63,61,2,2
69436,77,75,2,2
69437,120,109,11,11
69438,109,110,-1,1
69439,93,86,7,7
69440,66,63,3,3
69441,72,67,5,5
69442,94,85,9,9
69443,143,122,21,21
69444,75,74,1,1
69445,99,96,3,3
69446,112,109,3,3
69447,66,64,2,2
69448,72,67,5,5
69449,46,57,-11,11
69450,100,97,3,3
69451,89,79,10,10
69452,101,97,4,4
69453,63,60,3,3
69454,108,102,6,6
69455,89,91,-2,2
69456,101,92,9,9
69457,94,88,6,6
69458,73,75,-2,2
69459,148,114,34,34
69460,142,133,9,9
69461,92,89,3,3
69462,151,133,18,18
69463,119,110,9,9
69464,61,64,-3,3
69465,124,122,2,2
69466,46,58,-12,12
69467,67,72,-5,5
69468,46,60,-14,14
69469,81,75,6,6
69470,104,103,1,1
69471,47,53,-6,6
69472,88,85,3,3
69473,115,81,34,34
69474,92,103,-11,11
69475,100,84,16,16
69476,141,129,12,12
69477,107,102,5,5
69478,127,106,21,21
69479,117,119,-2,2
69480,72,70,2,2
69481,81,81,0,0
69482,100,123,-23,23
69483,84,99,-15,15
69484,70,63,7,7
69485,152,132,20,20
69486,32,53,-21,21
69487,121,120,1,1
69488,69,67,2,2
69489,63,66,-3,3
69490,76,71,5,5
69491,81,84,-3,3
69492,106,97,9,9
69493,69,75,-6,6
69494,54,58,-4,4
69495,92,86,6,6
69496,61,63,-2,2
69497,141,120,21,21
69498,78,74,4,4
69499,124,135,-11,11
69500,94,91,3,3
69501,66,67,-1,1
69502,156,154,2,2
69503,80,99,-19,19
69504,84,86,-2,2
69505,161,153,8,8
69506,106,94,12,12
69507,98,92,6,6
69508,108,102,6,6
69509,109,100,9,9
69510,85,81,4,4
69511,74,79,-5,5
69512,74,71,3,3
69513,88,94,-6,6
69514,128,115,13,13
69515,93,87,6,6
69516,140,132,8,8
69517,109,101,8,8
69518,58,55,3,3
69519,73,59,14,14
69520,86,84,2,2
69521,94,86,8,8
69522,332,290,42,42
69523,112,99,13,13
69524,48,53,-5,5
69525,73,75,-2,2
69526,116,108,8,8
69527,105,90,15,15
69528,65,63,2,2
69529,108,99,9,9
69530,83,90,-7,7
69531,81,83,-2,2
69532,155,153,2,2
69533,110,93,17,17
69534,120,104,16,16
69535,92,80,12,12
69536,152,133,19,19
69537,131,133,-2,2
69538,48,62,-14,14
69539,68,66,2,2
69540,74,71,3,3
69541,86,94,-8,8
69542,148,151,-3,3
69543,188,168,20,20
69544,79,87,-8,8
69545,125,112,13,13
69546,95,79,16,16
69547,63,59,4,4
69548,78,69,9,9
69549,116,113,3,3
69550,83,78,5,5
69551,68,66,2,2
69552,104,106,-2,2
69553,107,102,5,5
69554,93,81,12,12
69555,115,108,7,7
69556,105,83,22,22
69557,76,91,-15,15
69558,129,111,18,18
69559,53,54,-1,1
69560,78,86,-8,8
69561,108,96,12,12
69562,39,53,-14,14
69563,81,74,7,7
69564,122,122,0,0
69565,74,66,8,8
69566,63,67,-4,4
69567,115,111,4,4
69568,119,119,0,0
69569,130,120,10,10
69570,103,123,-20,20
69571,107,106,1,1
69572,69,78,-9,9
69573,130,120,10,10
69574,98,110,-12,12
69575,126,111,15,15
69576,119,102,17,17
69577,86,89,-3,3
69578,211,188,23,23
69579,82,79,3,3
69580,64,61,3,3
69581,96,75,21,21
69582,63,62,1,1
69583,102,98,4,4
69584,119,124,-5,5
69585,82,85,-3,3
69586,119,106,13,13
69587,64,60,4,4
69588,48,53,-5,5
69589,140,128,12,12
69590,112,102,10,10
69591,93,101,-8,8
69592,88,87,1,1
69593,93,89,4,4
69594,60,59,1,1
69595,66,65,1,1
69596,48,55,-7,7
69597,101,91,10,10
69598,54,58,-4,4
69599,99,89,10,10
69600,81,76,5,5
69601,155,140,15,15
69602,80,78,2,2
69603,69,65,4,4
69604,65,74,-9,9
69605,81,86,-5,5
69606,100,103,-3,3
69607,89,96,-7,7
69608,86,85,1,1
69609,107,107,0,0
69610,61,63,-2,2
69611,59,55,4,4
69612,51,56,-5,5
69613,147,145,2,2
69614,127,115,12,12
69615,130,133,-3,3
69616,53,54,-1,1
69617,117,91,26,26
69618,132,126,6,6
69619,119,109,10,10
69620,107,90,17,17
69621,79,90,-11,11
69622,157,146,11,11
69623,125,103,22,22
69624,60,61,-1,1
69625,79,65,14,14
69626,80,81,-1,1
69627,151,131,20,20
69628,109,96,13,13
69629,64,64,0,0
69630,111,93,18,18
69631,44,57,-13,13
69632,95,83,12,12
69633,137,124,13,13
69634,121,97,24,24
69635,51,57,-6,6
69636,53,63,-10,10
69637,93,90,3,3
69638,91,91,0,0
69639,125,108,17,17
69640,59,63,-4,4
69641,63,61,2,2
69642,111,92,19,19
69643,117,115,2,2
69644,74,71,3,3
69645,117,116,1,1
69646,65,60,5,5
69647,100,82,18,18
69648,227,204,23,23
69649,145,164,-19,19
69650,82,81,1,1
69651,93,76,17,17
69652,120,123,-3,3
69653,122,111,11,11
69654,121,113,8,8
69655,106,88,18,18
69656,95,97,-2,2
69657,71,68,3,3
69658,64,67,-3,3
69659,103,96,7,7
69660,66,77,-11,11
69661,60,65,-5,5
69662,85,80,5,5
69663,110,105,5,5
69664,109,108,1,1
69665,80,88,-8,8
69666,80,68,12,12
69667,147,144,3,3
69668,107,111,-4,4
69669,61,59,2,2
69670,163,151,12,12
69671,60,55,5,5
69672,85,80,5,5
69673,152,152,0,0
69674,90,88,2,2
69675,81,78,3,3
69676,76,69,7,7
69677,95,89,6,6
69678,70,68,2,2
69679,101,93,8,8
69680,65,59,6,6
69681,78,85,-7,7
69682,94,94,0,0
69683,69,68,1,1
69684,161,155,6,6
69685,97,97,0,0
69686,66,72,-6,6
69687,171,150,21,21
69688,93,78,15,15
69689,98,86,12,12
69690,101,105,-4,4
69691,97,92,5,5
69692,74,78,-4,4
69693,88,73,15,15
69694,184,171,13,13
69695,74,77,-3,3
69696,65,74,-9,9
69697,193,167,26,26
69698,103,93,10,10
69699,57,60,-3,3
69700,113,126,-13,13
69701,145,160,-15,15
69702,60,58,2,2
69703,128,131,-3,3
69704,89,84,5,5
69705,80,76,4,4
69706,79,70,9,9
69707,114,107,7,7
69708,200,181,19,19
69709,133,126,7,7
69710,114,106,8,8
69711,125,113,12,12
69712,82,78,4,4
69713,90,80,10,10
69714,95,89,6,6
69715,140,138,2,2
69716,96,98,-2,2
69717,186,169,17,17
69718,89,98,-9,9
69719,57,58,-1,1
69720,76,74,2,2
69721,64,62,2,2
69722,138,124,14,14
69723,97,86,11,11
69724,95,99,-4,4
69725,157,152,5,5
69726,76,68,8,8
69727,77,81,-4,4
69728,110,107,3,3
69729,191,168,23,23
69730,70,61,9,9
69731,100,110,-10,10
69732,98,98,0,0
69733,64,65,-1,1
69734,106,101,5,5
69735,95,93,2,2
69736,70,72,-2,2
69737,132,116,16,16
69738,43,52,-9,9
69739,177,150,27,27
69740,59,57,2,2
69741,42,52,-10,10
69742,40,51,-11,11
69743,82,70,12,12
69744,79,83,-4,4
69745,62,72,-10,10
69746,108,98,10,10
69747,103,111,-8,8
69748,92,88,4,4
69749,63,67,-4,4
69750,65,65,0,0
69751,144,139,5,5
69752,92,86,6,6
69753,129,123,6,6
69754,137,133,4,4
69755,122,124,-2,2
69756,48,63,-15,15
69757,85,64,21,21
69758,90,94,-4,4
69759,82,69,13,13
69760,112,100,12,12
69761,85,83,2,2
69762,91,84,7,7
69763,78,77,1,1
69764,69,70,-1,1
69765,121,105,16,16
69766,68,71,-3,3
69767,131,126,5,5
69768,89,85,4,4
69769,93,88,5,5
69770,54,54,0,0
69771,136,130,6,6
69772,35,71,-36,36
69773,178,150,28,28
69774,105,95,10,10
69775,145,138,7,7
69776,75,77,-2,2
69777,117,103,14,14
69778,63,65,-2,2
69779,132,128,4,4
69780,100,99,1,1
69781,67,67,0,0
69782,47,54,-7,7
69783,128,109,19,19
69784,119,118,1,1
69785,119,119,0,0
69786,93,75,18,18
69787,121,118,3,3
69788,79,71,8,8
69789,166,147,19,19
69790,87,77,10,10
69791,85,84,1,1
69792,80,77,3,3
69793,68,72,-4,4
69794,131,128,3,3
69795,124,116,8,8
69796,146,146,0,0
69797,71,64,7,7
69798,89,93,-4,4
69799,60,64,-4,4
69800,64,60,4,4
69801,63,75,-12,12
69802,61,61,0,0
69803,119,93,26,26
69804,83,84,-1,1
69805,96,94,2,2
69806,116,127,-11,11
69807,122,115,7,7
69808,102,90,12,12
69809,85,84,1,1
69810,129,128,1,1
69811,109,95,14,14
69812,41,52,-11,11
69813,95,95,0,0
69814,131,109,22,22
69815,98,79,19,19
69816,105,97,8,8
69817,35,52,-17,17
69818,65,61,4,4
69819,69,62,7,7
69820,72,67,5,5
69821,101,100,1,1
69822,86,81,5,5
69823,103,102,1,1
69824,110,94,16,16
69825,77,65,12,12
69826,98,75,23,23
69827,107,101,6,6
69828,72,79,-7,7
69829,109,106,3,3
69830,68,61,7,7
69831,64,60,4,4
69832,158,147,11,11
69833,112,116,-4,4
69834,71,80,-9,9
69835,119,108,11,11
69836,63,61,2,2
69837,66,65,1,1
69838,90,84,6,6
69839,114,118,-4,4
69840,81,82,-1,1
69841,136,122,14,14
69842,92,87,5,5
69843,46,63,-17,17
69844,48,56,-8,8
69845,99,85,14,14
69846,63,65,-2,2
69847,113,108,5,5
69848,77,78,-1,1
69849,95,102,-7,7
69850,95,93,2,2
69851,92,90,2,2
69852,77,72,5,5
69853,108,100,8,8
69854,80,76,4,4
69855,106,100,6,6
69856,193,179,14,14
69857,138,124,14,14
69858,146,142,4,4
69859,146,142,4,4
69860,121,108,13,13
69861,134,119,15,15
69862,92,91,1,1
69863,109,100,9,9
69864,94,96,-2,2
69865,96,99,-3,3
69866,105,115,-10,10
69867,124,123,1,1
69868,101,91,10,10
69869,63,71,-8,8
69870,91,91,0,0
69871,75,80,-5,5
69872,89,97,-8,8
69873,134,127,7,7
69874,130,122,8,8
69875,71,80,-9,9
69876,152,144,8,8
69877,79,62,17,17
69878,82,66,16,16
69879,80,90,-10,10
69880,51,58,-7,7
69881,134,126,8,8
69882,120,103,17,17
69883,88,82,6,6
69884,66,71,-5,5
69885,40,53,-13,13
69886,81,72,9,9
69887,125,108,17,17
69888,57,59,-2,2
69889,127,112,15,15
69890,70,61,9,9
69891,144,94,50,50
69892,100,109,-9,9
69893,190,165,25,25
69894,79,76,3,3
69895,95,72,23,23
69896,86,71,15,15
69897,75,61,14,14
69898,108,99,9,9
69899,74,71,3,3
69900,110,116,-6,6
69901,121,109,12,12
69902,75,77,-2,2
69903,193,159,34,34
69904,102,92,10,10
69905,83,83,0,0
69906,161,153,8,8
69907,43,65,-22,22
69908,157,169,-12,12
69909,152,152,0,0
69910,166,149,17,17
69911,61,57,4,4
69912,123,113,10,10
69913,77,64,13,13
69914,76,66,10,10
69915,103,108,-5,5
69916,73,68,5,5
69917,94,90,4,4
69918,71,75,-4,4
69919,69,72,-3,3
69920,46,52,-6,6
69921,59,57,2,2
69922,109,99,10,10
69923,166,160,6,6
69924,65,65,0,0
69925,97,86,11,11
69926,170,147,23,23
69927,76,75,1,1
69928,79,76,3,3
69929,84,88,-4,4
69930,36,53,-17,17
69931,149,144,5,5
69932,61,56,5,5
69933,109,106,3,3
69934,160,137,23,23
69935,96,86,10,10
69936,139,137,2,2
69937,59,59,0,0
69938,52,56,-4,4
69939,148,131,17,17
69940,90,71,19,19
69941,68,58,10,10
69942,60,63,-3,3
69943,110,106,4,4
69944,80,93,-13,13
69945,37,52,-15,15
69946,75,84,-9,9
69947,62,68,-6,6
69948,66,65,1,1
69949,99,105,-6,6
69950,105,102,3,3
69951,165,148,17,17
69952,164,153,11,11
69953,93,92,1,1
69954,58,74,-16,16
69955,93,87,6,6
69956,37,52,-15,15
69957,68,71,-3,3
69958,122,120,2,2
69959,36,51,-15,15
69960,109,104,5,5
69961,111,102,9,9
69962,39,53,-14,14
69963,139,130,9,9
69964,109,110,-1,1
69965,169,159,10,10
69966,138,132,6,6
69967,104,115,-11,11
69968,170,169,1,1
69969,66,64,2,2
69970,154,146,8,8
69971,46,61,-15,15
69972,136,119,17,17
69973,81,79,2,2
69974,390,313,77,77
69975,88,81,7,7
69976,66,76,-10,10
69977,69,67,2,2
69978,48,57,-9,9
69979,136,119,17,17
69980,85,82,3,3
69981,73,68,5,5
69982,128,131,-3,3
69983,90,94,-4,4
69984,105,103,2,2
69985,127,118,9,9
69986,102,99,3,3
69987,111,106,5,5
69988,110,95,15,15
69989,92,85,7,7
69990,66,98,-32,32
69991,103,98,5,5
69992,111,97,14,14
69993,120,116,4,4
69994,96,97,-1,1
69995,141,132,9,9
69996,89,102,-13,13
69997,66,66,0,0
69998,95,81,14,14
69999,83,88,-5,5
70000,62,59,3,3
70001,136,134,2,2
70002,99,90,9,9
70003,78,66,12,12
70004,79,83,-4,4
70005,86,78,8,8
70006,70,69,1,1
70007,128,126,2,2
70008,100,74,26,26
70009,116,99,17,17
70010,165,174,-9,9
70011,125,116,9,9
70012,63,71,-8,8
70013,93,96,-3,3
70014,135,117,18,18
70015,61,61,0,0
70016,55,69,-14,14
70017,95,87,8,8
70018,98,93,5,5
70019,54,54,0,0
70020,85,83,2,2
70021,96,82,14,14
70022,132,127,5,5
70023,81,83,-2,2
70024,57,59,-2,2
70025,71,62,9,9
70026,92,90,2,2
70027,99,84,15,15
70028,87,80,7,7
70029,116,96,20,20
70030,46,53,-7,7
70031,29,50,-21,21
70032,163,165,-2,2
70033,110,100,10,10
70034,68,66,2,2
70035,62,62,0,0
70036,60,55,5,5
70037,91,92,-1,1
70038,35,52,-17,17
70039,61,67,-6,6
70040,101,83,18,18
70041,135,126,9,9
70042,169,162,7,7
70043,122,109,13,13
70044,182,168,14,14
70045,86,86,0,0
70046,121,111,10,10
70047,65,58,7,7
70048,84,82,2,2
70049,98,89,9,9
70050,61,64,-3,3
70051,71,80,-9,9
70052,54,57,-3,3
70053,130,116,14,14
70054,47,54,-7,7
70055,78,73,5,5
70056,83,71,12,12
70057,119,103,16,16
70058,86,77,9,9
70059,92,90,2,2
70060,76,76,0,0
70061,80,86,-6,6
70062,103,93,10,10
70063,113,104,9,9
70064,79,81,-2,2
70065,68,67,1,1
70066,115,110,5,5
70067,62,69,-7,7
70068,107,112,-5,5
70069,115,103,12,12
70070,138,135,3,3
70071,115,115,0,0
70072,117,104,13,13
70073,92,139,-47,47
70074,122,109,13,13
70075,54,58,-4,4
70076,76,76,0,0
70077,96,87,9,9
70078,57,59,-2,2
70079,108,104,4,4
70080,104,103,1,1
70081,107,101,6,6
70082,66,61,5,5
70083,57,64,-7,7
70084,72,68,4,4
70085,63,93,-30,30
70086,119,117,2,2
70087,123,109,14,14
70088,86,83,3,3
70089,121,101,20,20
70090,72,61,11,11
70091,70,69,1,1
70092,84,73,11,11
70093,72,76,-4,4
70094,61,59,2,2
70095,128,109,19,19
70096,90,88,2,2
70097,138,143,-5,5
70098,80,78,2,2
70099,134,104,30,30
70100,135,132,3,3
70101,108,98,10,10
70102,114,102,12,12
70103,87,84,3,3
70104,29,55,-26,26
70105,84,81,3,3
70106,139,134,5,5
70107,126,111,15,15
70108,61,59,2,2
70109,22,51,-29,29
70110,61,70,-9,9
70111,74,81,-7,7
70112,120,109,11,11
70113,69,65,4,4
70114,61,65,-4,4
70115,88,89,-1,1
70116,102,100,2,2
70117,107,105,2,2
70118,103,97,6,6
70119,89,89,0,0
70120,134,129,5,5
70121,52,62,-10,10
70122,63,88,-25,25
70123,116,103,13,13
70124,123,128,-5,5
70125,101,89,12,12
70126,58,60,-2,2
70127,95,95,0,0
70128,66,62,4,4
70129,69,65,4,4
70130,107,95,12,12
70131,118,124,-6,6
70132,155,131,24,24
70133,75,73,2,2
70134,103,92,11,11
70135,81,72,9,9
70136,94,90,4,4
70137,64,63,1,1
70138,135,125,10,10
70139,116,130,-14,14
70140,213,177,36,36
70141,87,84,3,3
70142,109,122,-13,13
70143,149,140,9,9
70144,81,94,-13,13
70145,78,72,6,6
70146,62,60,2,2
70147,73,75,-2,2
70148,68,59,9,9
70149,103,76,27,27
70150,121,103,18,18
70151,165,143,22,22
70152,105,95,10,10
70153,71,62,9,9
70154,139,138,1,1
70155,75,94,-19,19
70156,146,149,-3,3
70157,88,92,-4,4
70158,184,176,8,8
70159,122,108,14,14
70160,50,69,-19,19
70161,98,95,3,3
70162,28,77,-49,49
70163,68,59,9,9
70164,34,51,-17,17
70165,88,77,11,11
70166,87,86,1,1
70167,91,85,6,6
70168,97,91,6,6
70169,93,75,18,18
70170,46,56,-10,10
70171,63,59,4,4
70172,54,60,-6,6
70173,68,69,-1,1
70174,100,111,-11,11
70175,51,53,-2,2
70176,92,91,1,1
70177,111,109,2,2
70178,66,65,1,1
70179,60,71,-11,11
70180,66,61,5,5
70181,130,110,20,20
70182,125,106,19,19
70183,134,131,3,3
70184,139,134,5,5
70185,105,103,2,2
70186,70,69,1,1
70187,106,97,9,9
70188,146,123,23,23
70189,144,139,5,5
70190,108,121,-13,13
70191,77,77,0,0
70192,99,89,10,10
70193,79,77,2,2
70194,65,64,1,1
70195,65,76,-11,11
70196,89,93,-4,4
70197,128,111,17,17
70198,95,114,-19,19
70199,131,137,-6,6
70200,48,52,-4,4
70201,127,113,14,14
70202,102,103,-1,1
70203,127,121,6,6
70204,53,56,-3,3
70205,148,126,22,22
70206,173,154,19,19
70207,110,100,10,10
70208,61,64,-3,3
70209,65,64,1,1
70210,83,75,8,8
70211,125,122,3,3
70212,94,87,7,7
70213,82,75,7,7
70214,95,85,10,10
70215,48,56,-8,8
70216,112,105,7,7
70217,74,73,1,1
70218,114,104,10,10
70219,64,67,-3,3
70220,109,96,13,13
70221,163,145,18,18
70222,136,130,6,6
70223,218,182,36,36
70224,114,100,14,14
70225,152,143,9,9
70226,115,115,0,0
70227,70,74,-4,4
70228,76,73,3,3
70229,101,96,5,5
70230,122,108,14,14
70231,95,83,12,12
70232,112,138,-26,26
70233,114,109,5,5
70234,93,88,5,5
70235,56,66,-10,10
70236,110,121,-11,11
70237,97,95,2,2
70238,86,96,-10,10
70239,87,81,6,6
70240,55,67,-12,12
70241,183,184,-1,1
70242,99,95,4,4
70243,102,98,4,4
70244,113,104,9,9
70245,95,89,6,6
70246,191,164,27,27
70247,82,82,0,0
70248,55,54,1,1
70249,60,61,-1,1
70250,81,71,10,10
70251,87,84,3,3
70252,142,138,4,4
70253,97,78,19,19
70254,116,96,20,20
70255,73,69,4,4
70256,87,90,-3,3
70257,102,93,9,9
70258,57,61,-4,4
70259,56,62,-6,6
70260,193,156,37,37
70261,99,97,2,2
70262,61,65,-4,4
70263,90,84,6,6
70264,129,128,1,1
70265,86,85,1,1
70266,68,73,-5,5
70267,106,91,15,15
70268,101,104,-3,3
70269,139,126,13,13
70270,97,102,-5,5
70271,79,84,-5,5
70272,54,59,-5,5
70273,47,55,-8,8
70274,119,106,13,13
70275,93,89,4,4
70276,70,69,1,1
70277,109,107,2,2
70278,55,64,-9,9
70279,127,130,-3,3
70280,76,74,2,2
70281,35,52,-17,17
70282,66,63,3,3
70283,72,70,2,2
70284,91,99,-8,8
70285,128,128,0,0
70286,123,120,3,3
70287,129,122,7,7
70288,106,93,13,13
70289,84,86,-2,2
70290,99,84,15,15
70291,59,56,3,3
70292,54,60,-6,6
70293,120,115,5,5
70294,188,158,30,30
70295,83,79,4,4
70296,146,126,20,20
70297,69,68,1,1
70298,58,60,-2,2
70299,173,148,25,25
70300,131,118,13,13
70301,150,137,13,13
70302,115,107,8,8
70303,107,95,12,12
70304,131,128,3,3
70305,101,98,3,3
70306,105,90,15,15
70307,104,99,5,5
70308,138,121,17,17
70309,62,58,4,4
70310,88,90,-2,2
70311,44,54,-10,10
70312,116,115,1,1
70313,84,80,4,4
70314,80,96,-16,16
70315,112,105,7,7
70316,85,80,5,5
70317,82,71,11,11
70318,101,98,3,3
70319,123,120,3,3
70320,137,126,11,11
70321,112,89,23,23
70322,72,75,-3,3
70323,100,91,9,9
70324,106,95,11,11
70325,64,55,9,9
70326,115,102,13,13
70327,44,54,-10,10
70328,112,105,7,7
70329,113,98,15,15
70330,203,173,30,30
70331,113,98,15,15
70332,154,146,8,8
70333,88,90,-2,2
70334,88,97,-9,9
70335,56,56,0,0
70336,116,110,6,6
70337,104,97,7,7
70338,96,90,6,6
70339,99,94,5,5
70340,98,101,-3,3
70341,128,132,-4,4
70342,79,78,1,1
70343,97,104,-7,7
70344,68,73,-5,5
70345,93,80,13,13
70346,99,96,3,3
70347,68,67,1,1
70348,83,74,9,9
70349,85,81,4,4
70350,89,92,-3,3
70351,95,89,6,6
70352,133,123,10,10
70353,86,82,4,4
70354,94,89,5,5
70355,63,72,-9,9
70356,134,128,6,6
70357,79,82,-3,3
70358,55,54,1,1
70359,82,84,-2,2
70360,60,62,-2,2
70361,63,71,-8,8
70362,179,158,21,21
70363,127,120,7,7
70364,65,62,3,3
70365,101,97,4,4
70366,112,103,9,9
70367,66,67,-1,1
70368,104,98,6,6
70369,80,95,-15,15
70370,84,70,14,14
70371,57,60,-3,3
70372,55,56,-1,1
70373,134,124,10,10
70374,125,115,10,10
70375,83,80,3,3
70376,66,62,4,4
70377,59,82,-23,23
70378,117,110,7,7
70379,103,119,-16,16
70380,101,88,13,13
70381,128,125,3,3
70382,92,96,-4,4
70383,167,151,16,16
70384,79,75,4,4
70385,121,110,11,11
70386,85,74,11,11
70387,80,61,19,19
70388,26,53,-27,27
70389,52,55,-3,3
70390,58,65,-7,7
70391,137,127,10,10
70392,48,54,-6,6
70393,138,124,14,14
70394,81,64,17,17
70395,132,126,6,6
70396,111,103,8,8
70397,115,111,4,4
70398,129,124,5,5
70399,125,118,7,7
70400,138,157,-19,19
70401,51,55,-4,4
70402,131,137,-6,6
70403,164,160,4,4
70404,107,88,19,19
70405,102,95,7,7
70406,66,64,2,2
70407,59,59,0,0
70408,60,58,2,2
70409,145,134,11,11
70410,143,131,12,12
70411,121,116,5,5
70412,98,100,-2,2
70413,107,90,17,17
70414,69,64,5,5
70415,154,146,8,8
70416,93,92,1,1
70417,93,94,-1,1
70418,41,51,-10,10
70419,103,103,0,0
70420,81,78,3,3
70421,105,92,13,13
70422,60,56,4,4
70423,90,90,0,0
70424,76,73,3,3
70425,98,97,1,1
70426,70,66,4,4
70427,49,58,-9,9
70428,113,103,10,10
70429,45,58,-13,13
70430,109,100,9,9
70431,53,54,-1,1
70432,98,77,21,21
70433,70,65,5,5
70434,91,84,7,7
70435,126,113,13,13
70436,68,59,9,9
70437,54,72,-18,18
70438,99,90,9,9
70439,85,86,-1,1
70440,85,76,9,9
70441,93,92,1,1
70442,69,66,3,3
70443,59,58,1,1
70444,47,58,-11,11
70445,83,79,4,4
70446,103,106,-3,3
70447,93,80,13,13
70448,125,129,-4,4
70449,97,94,3,3
70450,103,106,-3,3
70451,79,75,4,4
70452,103,109,-6,6
70453,132,121,11,11
70454,165,162,3,3
70455,132,123,9,9
70456,88,84,4,4
70457,92,82,10,10
70458,75,70,5,5
70459,108,95,13,13
70460,98,92,6,6
70461,133,142,-9,9
70462,75,68,7,7
70463,187,180,7,7
70464,123,114,9,9
70465,63,77,-14,14
70466,92,101,-9,9
70467,117,113,4,4
70468,98,82,16,16
70469,247,225,22,22
70470,98,98,0,0
70471,102,82,20,20
70472,66,76,-10,10
70473,62,58,4,4
70474,84,84,0,0
70475,52,52,0,0
70476,107,99,8,8
70477,155,136,19,19
70478,118,116,2,2
70479,150,147,3,3
70480,112,99,13,13
70481,106,102,4,4
70482,61,60,1,1
70483,101,98,3,3
70484,80,68,12,12
70485,65,78,-13,13
70486,86,80,6,6
70487,74,69,5,5
70488,163,144,19,19
70489,100,101,-1,1
70490,44,52,-8,8
70491,86,72,14,14
70492,119,110,9,9
70493,80,73,7,7
70494,57,63,-6,6
70495,136,118,18,18
70496,113,112,1,1
70497,75,71,4,4
70498,41,60,-19,19
70499,125,135,-10,10
70500,77,73,4,4
70501,97,85,12,12
70502,159,155,4,4
70503,43,53,-10,10
70504,47,53,-6,6
70505,53,55,-2,2
70506,141,126,15,15
70507,79,80,-1,1
70508,74,69,5,5
70509,117,113,4,4
70510,39,54,-15,15
70511,74,75,-1,1
70512,131,131,0,0
70513,95,93,2,2
70514,152,132,20,20
70515,80,80,0,0
70516,125,103,22,22
70517,114,113,1,1
70518,113,100,13,13
70519,58,68,-10,10
70520,98,86,12,12
70521,135,122,13,13
70522,88,94,-6,6
70523,147,139,8,8
70524,83,80,3,3
70525,145,132,13,13
70526,144,139,5,5
70527,142,129,13,13
70528,65,66,-1,1
70529,59,65,-6,6
70530,116,111,5,5
70531,51,56,-5,5
70532,48,54,-6,6
70533,113,116,-3,3
70534,87,66,21,21
70535,72,78,-6,6
70536,100,95,5,5
70537,66,63,3,3
70538,106,109,-3,3
70539,128,114,14,14
70540,71,64,7,7
70541,69,74,-5,5
70542,117,127,-10,10
70543,125,119,6,6
70544,105,97,8,8
70545,43,59,-16,16
70546,154,154,0,0
70547,77,76,1,1
70548,104,102,2,2
70549,112,103,9,9
70550,84,80,4,4
70551,69,65,4,4
70552,135,117,18,18
70553,130,115,15,15
70554,117,118,-1,1
70555,47,56,-9,9
70556,114,114,0,0
70557,100,99,1,1
70558,129,133,-4,4
70559,59,61,-2,2
70560,159,146,13,13
70561,61,60,1,1
70562,51,58,-7,7
70563,92,85,7,7
70564,73,74,-1,1
70565,98,79,19,19
70566,117,107,10,10
70567,100,105,-5,5
70568,54,67,-13,13
70569,76,69,7,7
70570,132,127,5,5
70571,178,130,48,48
70572,91,92,-1,1
70573,127,112,15,15
70574,75,68,7,7
70575,70,68,2,2
70576,124,116,8,8
70577,125,124,1,1
70578,80,79,1,1
70579,59,59,0,0
70580,82,85,-3,3
70581,130,125,5,5
70582,82,86,-4,4
70583,93,82,11,11
70584,82,85,-3,3
70585,160,138,22,22
70586,83,76,7,7
70587,128,109,19,19
70588,123,110,13,13
70589,98,90,8,8
70590,104,89,15,15
70591,109,100,9,9
70592,48,53,-5,5
70593,62,58,4,4
70594,63,60,3,3
70595,63,65,-2,2
70596,115,102,13,13
70597,94,84,10,10
70598,94,95,-1,1
70599,91,86,5,5
70600,141,136,5,5
70601,162,148,14,14
70602,91,89,2,2
70603,88,90,-2,2
70604,117,120,-3,3
70605,52,54,-2,2
70606,57,59,-2,2
70607,106,86,20,20
70608,77,81,-4,4
70609,58,60,-2,2
70610,85,78,7,7
70611,110,101,9,9
70612,74,76,-2,2
70613,97,84,13,13
70614,58,61,-3,3
70615,92,95,-3,3
70616,97,93,4,4
70617,73,73,0,0
70618,89,90,-1,1
70619,108,99,9,9
70620,129,117,12,12
70621,83,78,5,5
70622,97,89,8,8
70623,88,84,4,4
70624,88,80,8,8
70625,74,78,-4,4
70626,103,102,1,1
70627,93,83,10,10
70628,39,52,-13,13
70629,168,150,18,18
70630,102,88,14,14
70631,77,79,-2,2
70632,209,199,10,10
70633,88,81,7,7
70634,88,87,1,1
70635,95,98,-3,3
70636,113,102,11,11
70637,109,110,-1,1
70638,93,94,-1,1
70639,167,148,19,19
70640,55,72,-17,17
70641,115,108,7,7
70642,101,101,0,0
70643,52,60,-8,8
70644,155,149,6,6
70645,47,58,-11,11
70646,123,124,-1,1
70647,71,65,6,6
70648,109,109,0,0
70649,63,69,-6,6
70650,132,140,-8,8
70651,74,77,-3,3
70652,89,95,-6,6
70653,131,125,6,6
70654,71,72,-1,1
70655,100,80,20,20
70656,76,85,-9,9
70657,67,65,2,2
70658,121,106,15,15
70659,45,59,-14,14
70660,79,62,17,17
70661,145,140,5,5
70662,242,196,46,46
70663,64,70,-6,6
70664,146,132,14,14
70665,80,77,3,3
70666,135,131,4,4
70667,94,86,8,8
70668,88,77,11,11
70669,119,116,3,3
70670,129,119,10,10
70671,86,81,5,5
70672,60,59,1,1
70673,148,145,3,3
70674,43,54,-11,11
70675,41,57,-16,16
70676,272,231,41,41
70677,116,98,18,18
70678,86,79,7,7
70679,69,69,0,0
70680,51,56,-5,5
70681,80,77,3,3
70682,83,77,6,6
70683,108,98,10,10
70684,66,60,6,6
70685,178,174,4,4
70686,138,134,4,4
70687,124,104,20,20
70688,58,60,-2,2
70689,93,88,5,5
70690,135,122,13,13
70691,98,79,19,19
70692,91,79,12,12
70693,83,75,8,8
70694,192,174,18,18
70695,119,101,18,18
70696,44,54,-10,10
70697,83,84,-1,1
70698,75,77,-2,2
70699,216,194,22,22
70700,178,165,13,13
70701,81,78,3,3
70702,56,65,-9,9
70703,85,82,3,3
70704,87,82,5,5
70705,77,70,7,7
70706,73,76,-3,3
70707,122,116,6,6
70708,169,143,26,26
70709,155,135,20,20
70710,111,105,6,6
70711,37,52,-15,15
70712,116,116,0,0
70713,107,102,5,5
70714,63,68,-5,5
70715,97,85,12,12
70716,108,87,21,21
70717,94,90,4,4
70718,56,60,-4,4
70719,49,54,-5,5
70720,87,87,0,0
70721,110,103,7,7
70722,89,89,0,0
70723,87,78,9,9
70724,127,124,3,3
70725,82,79,3,3
70726,58,55,3,3
70727,69,70,-1,1
70728,66,60,6,6
70729,62,76,-14,14
70730,80,80,0,0
70731,62,61,1,1
70732,46,53,-7,7
70733,48,66,-18,18
70734,77,71,6,6
70735,99,111,-12,12
70736,98,96,2,2
70737,87,85,2,2
70738,63,67,-4,4
70739,114,114,0,0
70740,121,125,-4,4
70741,70,68,2,2
70742,118,104,14,14
70743,116,110,6,6
70744,89,89,0,0
70745,100,94,6,6
70746,249,253,-4,4
70747,202,172,30,30
70748,152,140,12,12
70749,140,127,13,13
70750,162,144,18,18
70751,90,84,6,6
70752,132,113,19,19
70753,79,66,13,13
70754,73,68,5,5
70755,115,100,15,15
70756,188,167,21,21
70757,72,72,0,0
70758,112,108,4,4
70759,131,120,11,11
70760,128,122,6,6
70761,125,118,7,7
70762,133,124,9,9
70763,159,141,18,18
70764,96,90,6,6
70765,85,85,0,0
70766,103,99,4,4
70767,74,67,7,7
70768,139,133,6,6
70769,114,108,6,6
70770,35,51,-16,16
70771,56,62,-6,6
70772,85,88,-3,3
70773,111,94,17,17
70774,107,106,1,1
70775,138,134,4,4
70776,79,71,8,8
70777,89,86,3,3
70778,97,87,10,10
70779,88,79,9,9
70780,77,77,0,0
70781,83,74,9,9
70782,138,133,5,5
70783,109,105,4,4
70784,58,66,-8,8
70785,65,66,-1,1
70786,97,99,-2,2
70787,95,95,0,0
70788,93,86,7,7
70789,80,80,0,0
70790,88,74,14,14
70791,104,105,-1,1
70792,72,73,-1,1
70793,75,70,5,5
70794,88,87,1,1
70795,104,106,-2,2
70796,70,68,2,2
70797,83,85,-2,2
70798,108,94,14,14
70799,84,79,5,5
70800,91,92,-1,1
70801,115,108,7,7
70802,80,81,-1,1
70803,122,120,2,2
70804,116,109,7,7
70805,119,110,9,9
70806,105,95,10,10
70807,80,82,-2,2
70808,63,77,-14,14
70809,108,114,-6,6
70810,73,68,5,5
70811,116,114,2,2
70812,101,89,12,12
70813,78,79,-1,1
70814,137,133,4,4
70815,94,96,-2,2
70816,63,56,7,7
70817,122,129,-7,7
70818,145,131,14,14
70819,110,97,13,13
70820,86,76,10,10
70821,160,149,11,11
70822,149,133,16,16
70823,93,84,9,9
70824,77,66,11,11
70825,43,54,-11,11
70826,85,88,-3,3
70827,85,75,10,10
70828,71,67,4,4
70829,68,72,-4,4
70830,85,84,1,1
70831,74,78,-4,4
70832,152,159,-7,7
70833,161,142,19,19
70834,130,129,1,1
70835,83,75,8,8
70836,102,98,4,4
70837,96,103,-7,7
70838,111,110,1,1
70839,41,51,-10,10
70840,54,58,-4,4
70841,119,110,9,9
70842,89,74,15,15
70843,105,90,15,15
70844,163,151,12,12
70845,102,94,8,8
70846,90,84,6,6
70847,52,64,-12,12
70848,61,59,2,2
70849,84,94,-10,10
70850,87,89,-2,2
70851,56,70,-14,14
70852,86,95,-9,9
70853,153,139,14,14
70854,130,111,19,19
70855,171,151,20,20
70856,81,79,2,2
70857,76,69,7,7
70858,82,84,-2,2
70859,114,118,-4,4
70860,103,103,0,0
70861,98,95,3,3
70862,130,125,5,5
70863,145,124,21,21
70864,66,80,-14,14
70865,136,107,29,29
70866,96,106,-10,10
70867,35,52,-17,17
70868,77,71,6,6
70869,108,96,12,12
70870,91,102,-11,11
70871,68,71,-3,3
70872,114,111,3,3
70873,38,53,-15,15
70874,123,99,24,24
70875,81,76,5,5
70876,96,85,11,11
70877,89,80,9,9
70878,129,139,-10,10
70879,93,89,4,4
70880,57,57,0,0
70881,81,74,7,7
70882,137,122,15,15
70883,83,70,13,13
70884,97,93,4,4
70885,100,98,2,2
70886,83,83,0,0
70887,94,82,12,12
70888,87,99,-12,12
70889,154,145,9,9
70890,126,103,23,23
70891,74,71,3,3
70892,87,89,-2,2
70893,62,68,-6,6
70894,61,61,0,0
70895,94,80,14,14
70896,91,81,10,10
70897,67,64,3,3
70898,87,79,8,8
70899,58,65,-7,7
70900,126,116,10,10
70901,102,95,7,7
70902,97,94,3,3
70903,60,64,-4,4
70904,84,81,3,3
70905,168,126,42,42
70906,89,85,4,4
70907,60,59,1,1
70908,99,96,3,3
70909,119,108,11,11
70910,90,86,4,4
70911,150,141,9,9
70912,95,91,4,4
70913,79,77,2,2
70914,45,54,-9,9
70915,101,92,9,9
70916,123,115,8,8
70917,145,137,8,8
70918,56,58,-2,2
70919,83,81,2,2
70920,48,58,-10,10
70921,65,62,3,3
70922,102,104,-2,2
70923,75,70,5,5
70924,194,195,-1,1
70925,55,59,-4,4
70926,61,60,1,1
70927,97,89,8,8
70928,123,123,0,0
70929,47,54,-7,7
70930,99,108,-9,9
70931,88,84,4,4
70932,65,62,3,3
70933,71,70,1,1
70934,140,131,9,9
70935,113,104,9,9
70936,70,72,-2,2
70937,123,118,5,5
70938,113,93,20,20
70939,170,149,21,21
70940,101,104,-3,3
70941,113,100,13,13
70942,102,94,8,8
70943,74,76,-2,2
70944,73,74,-1,1
70945,90,93,-3,3
70946,62,59,3,3
70947,104,118,-14,14
70948,119,116,3,3
70949,71,63,8,8
70950,129,130,-1,1
70951,48,54,-6,6
70952,149,147,2,2
70953,63,60,3,3
70954,115,110,5,5
70955,110,110,0,0
70956,93,117,-24,24
70957,100,100,0,0
70958,90,88,2,2
70959,46,56,-10,10
70960,126,114,12,12
70961,99,93,6,6
70962,65,60,5,5
70963,77,74,3,3
70964,70,64,6,6
70965,82,87,-5,5
70966,91,90,1,1
70967,142,129,13,13
70968,73,65,8,8
70969,146,130,16,16
70970,106,102,4,4
70971,185,170,15,15
70972,72,72,0,0
70973,119,103,16,16
70974,56,59,-3,3
70975,110,98,12,12
70976,94,88,6,6
70977,79,85,-6,6
70978,50,53,-3,3
70979,86,80,6,6
70980,73,70,3,3
70981,81,79,2,2
70982,68,71,-3,3
70983,69,71,-2,2
70984,135,119,16,16
70985,162,136,26,26
70986,107,96,11,11
70987,74,73,1,1
70988,61,63,-2,2
70989,101,87,14,14
70990,70,63,7,7
70991,101,117,-16,16
70992,61,60,1,1
70993,103,97,6,6
70994,47,108,-61,61
70995,87,83,4,4
70996,73,72,1,1
70997,100,86,14,14
70998,97,82,15,15
70999,75,77,-2,2
71000,77,71,6,6
71001,59,56,3,3
71002,136,134,2,2
71003,44,53,-9,9
71004,149,132,17,17
71005,85,86,-1,1
71006,132,127,5,5
71007,54,57,-3,3
71008,98,88,10,10
71009,102,104,-2,2
71010,122,116,6,6
71011,70,63,7,7
71012,121,117,4,4
71013,86,82,4,4
71014,99,95,4,4
71015,71,66,5,5
71016,113,103,10,10
71017,100,96,4,4
71018,61,58,3,3
71019,69,73,-4,4
71020,103,110,-7,7
71021,122,135,-13,13
71022,90,79,11,11
71023,113,99,14,14
71024,99,105,-6,6
71025,100,85,15,15
71026,77,81,-4,4
71027,84,75,9,9
71028,101,92,9,9
71029,86,82,4,4
71030,43,52,-9,9
71031,73,76,-3,3
71032,128,117,11,11
71033,81,68,13,13
71034,67,56,11,11
71035,137,125,12,12
71036,77,72,5,5
71037,52,57,-5,5
71038,103,108,-5,5
71039,107,98,9,9
71040,101,92,9,9
71041,80,78,2,2
71042,114,109,5,5
71043,112,109,3,3
71044,118,99,19,19
71045,110,107,3,3
71046,88,78,10,10
71047,63,83,-20,20
71048,125,113,12,12
71049,126,108,18,18
71050,68,76,-8,8
71051,59,61,-2,2
71052,69,71,-2,2
71053,90,78,12,12
71054,108,107,1,1
71055,80,80,0,0
71056,63,61,2,2
71057,52,56,-4,4
71058,72,77,-5,5
71059,76,80,-4,4
71060,92,85,7,7
71061,133,150,-17,17
71062,65,69,-4,4
71063,69,67,2,2
71064,121,107,14,14
71065,92,83,9,9
71066,67,68,-1,1
71067,134,124,10,10
71068,81,74,7,7
71069,68,76,-8,8
71070,67,67,0,0
71071,52,55,-3,3
71072,107,102,5,5
71073,120,111,9,9
71074,133,125,8,8
71075,150,129,21,21
71076,124,134,-10,10
71077,86,84,2,2
71078,29,51,-22,22
71079,170,148,22,22
71080,88,81,7,7
71081,158,145,13,13
71082,58,57,1,1
71083,129,121,8,8
71084,94,90,4,4
71085,116,109,7,7
71086,159,148,11,11
71087,86,78,8,8
71088,174,168,6,6
71089,104,93,11,11
71090,90,78,12,12
71091,101,93,8,8
71092,107,106,1,1
71093,133,115,18,18
71094,70,62,8,8
71095,100,95,5,5
71096,174,163,11,11
71097,41,54,-13,13
71098,85,81,4,4
71099,76,72,4,4
71100,73,74,-1,1
71101,131,120,11,11
71102,83,79,4,4
71103,88,91,-3,3
71104,128,123,5,5
71105,86,84,2,2
71106,163,153,10,10
71107,104,102,2,2
71108,50,55,-5,5
71109,114,93,21,21
71110,108,107,1,1
71111,72,73,-1,1
71112,63,62,1,1
71113,51,55,-4,4
71114,94,87,7,7
71115,76,67,9,9
71116,39,52,-13,13
71117,100,94,6,6
71118,64,63,1,1
71119,87,84,3,3
71120,112,103,9,9
71121,105,102,3,3
71122,84,85,-1,1
71123,135,126,9,9
71124,66,60,6,6
71125,164,153,11,11
71126,53,57,-4,4
71127,131,117,14,14
71128,97,91,6,6
71129,44,56,-12,12
71130,85,85,0,0
71131,58,54,4,4
71132,105,110,-5,5
71133,51,54,-3,3
71134,67,65,2,2
71135,82,88,-6,6
71136,100,90,10,10
71137,154,135,19,19
71138,89,91,-2,2
71139,88,79,9,9
71140,104,84,20,20
71141,82,71,11,11
71142,97,92,5,5
71143,87,100,-13,13
71144,71,60,11,11
71145,87,89,-2,2
71146,71,71,0,0
71147,168,150,18,18
71148,124,112,12,12
71149,75,64,11,11
71150,137,103,34,34
71151,131,118,13,13
71152,161,159,2,2
71153,80,75,5,5
71154,109,103,6,6
71155,65,66,-1,1
71156,152,149,3,3
71157,120,109,11,11
71158,116,112,4,4
71159,82,97,-15,15
71160,214,178,36,36
71161,75,70,5,5
71162,95,86,9,9
71163,120,109,11,11
71164,126,122,4,4
71165,112,105,7,7
71166,115,122,-7,7
71167,94,87,7,7
71168,84,84,0,0
71169,99,97,2,2
71170,69,63,6,6
71171,62,60,2,2
71172,106,104,2,2
71173,110,98,12,12
71174,78,79,-1,1
71175,161,174,-13,13
71176,140,100,40,40
71177,83,96,-13,13
71178,110,96,14,14
71179,50,54,-4,4
71180,160,140,20,20
71181,93,83,10,10
71182,161,152,9,9
71183,37,52,-15,15
71184,58,52,6,6
71185,109,118,-9,9
71186,99,100,-1,1
71187,124,140,-16,16
71188,65,63,2,2
71189,113,106,7,7
71190,114,119,-5,5
71191,127,113,14,14
71192,99,88,11,11
71193,83,76,7,7
71194,74,77,-3,3
71195,112,114,-2,2
71196,76,72,4,4
71197,86,78,8,8
71198,59,67,-8,8
71199,185,156,29,29
71200,113,89,24,24
71201,90,85,5,5
71202,60,67,-7,7
71203,136,114,22,22
71204,94,90,4,4
71205,100,91,9,9
71206,93,86,7,7
71207,80,78,2,2
71208,138,116,22,22
71209,123,114,9,9
71210,84,80,4,4
71211,96,97,-1,1
71212,123,116,7,7
71213,46,85,-39,39
71214,54,59,-5,5
71215,135,127,8,8
71216,135,114,21,21
71217,79,79,0,0
71218,127,116,11,11
71219,75,75,0,0
71220,43,61,-18,18
71221,107,85,22,22
71222,86,77,9,9
71223,114,114,0,0
71224,56,54,2,2
71225,80,76,4,4
71226,86,79,7,7
71227,62,56,6,6
71228,78,67,11,11
71229,158,155,3,3
71230,96,111,-15,15
71231,88,83,5,5
71232,62,57,5,5
71233,116,101,15,15
71234,103,105,-2,2
71235,108,116,-8,8
71236,96,89,7,7
71237,65,65,0,0
71238,64,68,-4,4
71239,136,123,13,13
71240,92,94,-2,2
71241,66,63,3,3
71242,106,103,3,3
71243,168,146,22,22
71244,91,85,6,6
71245,90,93,-3,3
71246,83,79,4,4
71247,198,179,19,19
71248,98,95,3,3
71249,116,93,23,23
71250,77,79,-2,2
71251,95,84,11,11
71252,113,108,5,5
71253,102,93,9,9
71254,54,55,-1,1
71255,138,139,-1,1
71256,76,71,5,5
71257,58,55,3,3
71258,74,70,4,4
71259,93,91,2,2
71260,56,74,-18,18
71261,139,139,0,0
71262,169,160,9,9
71263,131,122,9,9
71264,64,54,10,10
71265,89,92,-3,3
71266,111,98,13,13
71267,149,137,12,12
71268,86,78,8,8
71269,67,85,-18,18
71270,54,54,0,0
71271,47,55,-8,8
71272,43,55,-12,12
71273,90,87,3,3
71274,139,119,20,20
71275,62,62,0,0
71276,67,74,-7,7
71277,75,78,-3,3
71278,87,82,5,5
71279,82,78,4,4
71280,41,53,-12,12
71281,86,87,-1,1
71282,151,132,19,19
71283,87,80,7,7
71284,107,103,4,4
71285,67,62,5,5
71286,90,97,-7,7
71287,133,124,9,9
71288,42,51,-9,9
71289,124,109,15,15
71290,66,61,5,5
71291,74,74,0,0
71292,54,55,-1,1
71293,123,112,11,11
71294,137,132,5,5
71295,67,61,6,6
71296,113,113,0,0
71297,103,91,12,12
71298,161,141,20,20
71299,114,103,11,11
71300,112,118,-6,6
71301,103,101,2,2
71302,112,110,2,2
71303,123,125,-2,2
71304,65,64,1,1
71305,97,86,11,11
71306,68,60,8,8
71307,69,72,-3,3
71308,69,62,7,7
71309,143,128,15,15
71310,107,102,5,5
71311,59,80,-21,21
71312,125,115,10,10
71313,57,64,-7,7
71314,108,108,0,0
71315,86,86,0,0
71316,98,92,6,6
71317,82,77,5,5
71318,87,116,-29,29
71319,65,65,0,0
71320,96,84,12,12
71321,60,58,2,2
71322,77,73,4,4
71323,81,75,6,6
71324,147,137,10,10
71325,75,66,9,9
71326,75,68,7,7
71327,85,91,-6,6
71328,94,89,5,5
71329,158,148,10,10
71330,103,80,23,23
71331,125,110,15,15
71332,119,139,-20,20
71333,109,101,8,8
71334,64,57,7,7
71335,74,74,0,0
71336,33,52,-19,19
71337,104,95,9,9
71338,73,76,-3,3
71339,148,121,27,27
71340,57,62,-5,5
71341,62,58,4,4
71342,143,134,9,9
71343,96,106,-10,10
71344,61,63,-2,2
71345,126,118,8,8
71346,66,80,-14,14
71347,97,96,1,1
71348,58,59,-1,1
71349,85,83,2,2
71350,207,172,35,35
71351,114,103,11,11
71352,105,97,8,8
71353,92,89,3,3
71354,80,76,4,4
71355,97,94,3,3
71356,93,90,3,3
71357,55,55,0,0
71358,89,81,8,8
71359,116,112,4,4
71360,98,98,0,0
71361,79,68,11,11
71362,127,124,3,3
71363,112,100,12,12
71364,131,110,21,21
71365,92,92,0,0
71366,81,76,5,5
71367,236,201,35,35
71368,110,118,-8,8
71369,66,71,-5,5
71370,100,103,-3,3
71371,98,96,2,2
71372,118,99,19,19
71373,91,91,0,0
71374,162,138,24,24
71375,77,71,6,6
71376,67,66,1,1
71377,131,124,7,7
71378,103,103,0,0
71379,57,59,-2,2
71380,93,81,12,12
71381,72,77,-5,5
71382,67,58,9,9
71383,49,61,-12,12
71384,72,69,3,3
71385,56,55,1,1
71386,154,174,-20,20
71387,72,77,-5,5
71388,44,57,-13,13
71389,97,96,1,1
71390,173,139,34,34
71391,151,139,12,12
71392,92,82,10,10
71393,41,56,-15,15
71394,101,103,-2,2
71395,151,131,20,20
71396,112,96,16,16
71397,82,79,3,3
71398,147,132,15,15
71399,104,84,20,20
71400,156,137,19,19
71401,69,65,4,4
71402,88,88,0,0
71403,49,55,-6,6
71404,72,73,-1,1
71405,87,83,4,4
71406,83,74,9,9
71407,78,67,11,11
71408,109,107,2,2
71409,118,122,-4,4
71410,146,186,-40,40
71411,95,85,10,10
71412,139,126,13,13
71413,112,111,1,1
71414,74,78,-4,4
71415,101,103,-2,2
71416,69,65,4,4
71417,60,60,0,0
71418,52,54,-2,2
71419,70,70,0,0
71420,52,55,-3,3
71421,93,94,-1,1
71422,75,77,-2,2
71423,50,62,-12,12
71424,64,67,-3,3
71425,167,142,25,25
71426,59,59,0,0
71427,117,115,2,2
71428,97,94,3,3
71429,93,97,-4,4
71430,70,73,-3,3
71431,91,81,10,10
71432,52,54,-2,2
71433,97,97,0,0
71434,66,57,9,9
71435,91,86,5,5
71436,72,108,-36,36
71437,113,105,8,8
71438,91,85,6,6
71439,50,61,-11,11
71440,85,93,-8,8
71441,167,156,11,11
71442,78,77,1,1
71443,149,136,13,13
71444,102,91,11,11
71445,116,111,5,5
71446,69,75,-6,6
71447,63,63,0,0
71448,108,109,-1,1
71449,81,74,7,7
71450,82,76,6,6
71451,113,109,4,4
71452,83,82,1,1
71453,97,85,12,12
71454,78,90,-12,12
71455,102,100,2,2
71456,109,107,2,2
71457,64,73,-9,9
71458,98,94,4,4
71459,156,133,23,23
71460,126,120,6,6
71461,90,87,3,3
71462,122,114,8,8
71463,67,71,-4,4
71464,60,57,3,3
71465,60,62,-2,2
71466,73,68,5,5
71467,135,135,0,0
71468,116,109,7,7
71469,92,87,5,5
71470,116,110,6,6
71471,76,67,9,9
71472,137,129,8,8
71473,38,54,-16,16
71474,212,186,26,26
71475,115,106,9,9
71476,170,153,17,17
71477,140,147,-7,7
71478,194,156,38,38
71479,119,108,11,11
71480,46,54,-8,8
71481,67,63,4,4
71482,114,107,7,7
71483,107,121,-14,14
71484,83,95,-12,12
71485,103,93,10,10
71486,75,80,-5,5
71487,117,141,-24,24
71488,59,56,3,3
71489,68,89,-21,21
71490,117,114,3,3
71491,142,124,18,18
71492,50,55,-5,5
71493,72,70,2,2
71494,114,122,-8,8
71495,161,153,8,8
71496,104,96,8,8
71497,241,210,31,31
71498,72,72,0,0
71499,89,92,-3,3
71500,76,75,1,1
71501,97,94,3,3
71502,93,83,10,10
71503,73,62,11,11
71504,67,59,8,8
71505,89,87,2,2
71506,91,91,0,0
71507,112,110,2,2
71508,156,151,5,5
71509,59,64,-5,5
71510,71,74,-3,3
71511,35,51,-16,16
71512,60,57,3,3
71513,151,148,3,3
71514,83,83,0,0
71515,114,115,-1,1
71516,66,60,6,6
71517,68,71,-3,3
71518,128,120,8,8
71519,168,140,28,28
71520,84,80,4,4
71521,87,85,2,2
71522,94,88,6,6
71523,44,56,-12,12
71524,93,95,-2,2
71525,135,119,16,16
71526,80,74,6,6
71527,105,91,14,14
71528,86,86,0,0
71529,115,110,5,5
71530,183,158,25,25
71531,120,110,10,10
71532,25,55,-30,30
71533,53,54,-1,1
71534,131,112,19,19
71535,164,148,16,16
71536,74,73,1,1
71537,125,111,14,14
71538,91,93,-2,2
71539,106,90,16,16
71540,95,89,6,6
71541,75,68,7,7
71542,114,103,11,11
71543,70,63,7,7
71544,89,80,9,9
71545,37,52,-15,15
71546,90,84,6,6
71547,60,61,-1,1
71548,106,104,2,2
71549,59,63,-4,4
71550,114,119,-5,5
71551,69,64,5,5
71552,96,94,2,2
71553,90,83,7,7
71554,132,136,-4,4
71555,117,116,1,1
71556,78,79,-1,1
71557,63,66,-3,3
71558,96,102,-6,6
71559,132,103,29,29
71560,83,77,6,6
71561,114,105,9,9
71562,109,99,10,10
71563,97,85,12,12
71564,81,81,0,0
71565,95,90,5,5
71566,82,80,2,2
71567,127,126,1,1
71568,108,108,0,0
71569,91,101,-10,10
71570,87,80,7,7
71571,92,84,8,8
71572,165,147,18,18
71573,85,80,5,5
71574,50,57,-7,7
71575,62,57,5,5
71576,97,93,4,4
71577,87,87,0,0
71578,66,60,6,6
71579,76,72,4,4
71580,75,76,-1,1
71581,172,158,14,14
71582,45,54,-9,9
71583,86,87,-1,1
71584,73,78,-5,5
71585,189,156,33,33
71586,65,66,-1,1
71587,76,74,2,2
71588,95,92,3,3
71589,95,86,9,9
71590,87,83,4,4
71591,108,103,5,5
71592,91,78,13,13
71593,69,75,-6,6
71594,141,142,-1,1
71595,75,73,2,2
71596,82,84,-2,2
71597,55,56,-1,1
71598,55,63,-8,8
71599,121,114,7,7
71600,55,56,-1,1
71601,131,116,15,15
71602,111,100,11,11
71603,52,61,-9,9
71604,141,128,13,13
71605,82,78,4,4
71606,49,52,-3,3
71607,67,76,-9,9
71608,65,63,2,2
71609,116,113,3,3
71610,112,109,3,3
71611,117,109,8,8
71612,137,128,9,9
71613,95,99,-4,4
71614,59,62,-3,3
71615,84,91,-7,7
71616,89,76,13,13
71617,137,131,6,6
71618,194,160,34,34
71619,144,126,18,18
71620,106,91,15,15
71621,122,105,17,17
71622,67,73,-6,6
71623,104,104,0,0
71624,114,109,5,5
71625,84,87,-3,3
71626,49,64,-15,15
71627,232,186,46,46
71628,79,73,6,6
71629,101,101,0,0
71630,105,99,6,6
71631,104,103,1,1
71632,221,178,43,43
71633,124,105,19,19
71634,154,138,16,16
71635,110,103,7,7
71636,75,74,1,1
71637,175,157,18,18
71638,162,157,5,5
71639,169,144,25,25
71640,82,91,-9,9
71641,69,65,4,4
71642,63,65,-2,2
71643,101,104,-3,3
71644,59,56,3,3
71645,123,122,1,1
71646,105,104,1,1
71647,99,84,15,15
71648,58,64,-6,6
71649,103,94,9,9
71650,77,82,-5,5
71651,64,57,7,7
71652,49,55,-6,6
71653,96,86,10,10
71654,78,75,3,3
71655,124,126,-2,2
71656,66,86,-20,20
71657,163,145,18,18
71658,140,139,1,1
71659,77,76,1,1
71660,55,63,-8,8
71661,64,59,5,5
71662,73,82,-9,9
71663,86,84,2,2
71664,87,84,3,3
71665,80,80,0,0
71666,74,77,-3,3
71667,69,61,8,8
71668,118,114,4,4
71669,74,76,-2,2
71670,162,149,13,13
71671,63,67,-4,4
71672,88,82,6,6
71673,105,102,3,3
71674,70,61,9,9
71675,86,87,-1,1
71676,82,78,4,4
71677,181,168,13,13
71678,60,59,1,1
71679,139,131,8,8
71680,45,52,-7,7
71681,84,82,2,2
71682,87,79,8,8
71683,94,82,12,12
71684,94,92,2,2
71685,102,120,-18,18
71686,82,81,1,1
71687,102,86,16,16
71688,51,52,-1,1
71689,91,89,2,2
71690,92,88,4,4
71691,119,113,6,6
71692,98,98,0,0
71693,92,85,7,7
71694,144,133,11,11
71695,117,117,0,0
71696,61,56,5,5
71697,55,56,-1,1
71698,89,82,7,7
71699,83,79,4,4
71700,122,106,16,16
71701,101,99,2,2
71702,71,71,0,0
71703,183,173,10,10
71704,79,80,-1,1
71705,68,78,-10,10
71706,124,115,9,9
71707,96,88,8,8
71708,82,76,6,6
71709,99,102,-3,3
71710,145,124,21,21
71711,143,136,7,7
71712,131,130,1,1
71713,83,77,6,6
71714,118,125,-7,7
71715,65,68,-3,3
71716,52,57,-5,5
71717,78,74,4,4
71718,76,72,4,4
71719,142,123,19,19
71720,90,82,8,8
71721,64,65,-1,1
71722,70,67,3,3
71723,81,84,-3,3
71724,155,143,12,12
71725,94,103,-9,9
71726,64,62,2,2
71727,83,78,5,5
71728,112,102,10,10
71729,112,93,19,19
71730,132,123,9,9
71731,84,74,10,10
71732,63,65,-2,2
71733,78,81,-3,3
71734,143,131,12,12
71735,71,73,-2,2
71736,94,89,5,5
71737,75,75,0,0
71738,54,63,-9,9
71739,81,70,11,11
71740,72,76,-4,4
71741,95,86,9,9
71742,136,119,17,17
71743,89,80,9,9
71744,66,68,-2,2
71745,95,87,8,8
71746,85,80,5,5
71747,114,109,5,5
71748,70,65,5,5
71749,70,79,-9,9
71750,115,114,1,1
71751,139,130,9,9
71752,104,96,8,8
71753,65,62,3,3
71754,145,128,17,17
71755,108,98,10,10
71756,81,81,0,0
71757,85,69,16,16
71758,59,64,-5,5
71759,146,145,1,1
71760,89,99,-10,10
71761,94,90,4,4
71762,82,78,4,4
71763,58,63,-5,5
71764,78,75,3,3
71765,92,77,15,15
71766,65,62,3,3
71767,100,91,9,9
71768,126,116,10,10
71769,115,104,11,11
71770,64,59,5,5
71771,67,69,-2,2
71772,114,102,12,12
71773,73,69,4,4
71774,86,80,6,6
71775,92,80,12,12
71776,393,358,35,35
71777,121,131,-10,10
71778,77,81,-4,4
71779,106,87,19,19
71780,81,79,2,2
71781,99,80,19,19
71782,150,142,8,8
71783,98,96,2,2
71784,107,108,-1,1
71785,59,57,2,2
71786,53,59,-6,6
71787,99,91,8,8
71788,138,130,8,8
71789,58,61,-3,3
71790,85,76,9,9
71791,129,118,11,11
71792,60,59,1,1
71793,67,63,4,4
71794,107,96,11,11
71795,42,56,-14,14
71796,73,71,2,2
71797,81,85,-4,4
71798,154,128,26,26
71799,84,78,6,6
71800,67,68,-1,1
71801,62,56,6,6
71802,93,83,10,10
71803,119,109,10,10
71804,112,103,9,9
71805,146,135,11,11
71806,45,53,-8,8
71807,127,117,10,10
71808,87,83,4,4
71809,122,116,6,6
71810,83,77,6,6
71811,116,108,8,8
71812,95,97,-2,2
71813,101,102,-1,1
71814,132,124,8,8
71815,116,102,14,14
71816,79,68,11,11
71817,94,86,8,8
71818,131,117,14,14
71819,61,60,1,1
71820,66,65,1,1
71821,78,79,-1,1
71822,145,146,-1,1
71823,166,155,11,11
71824,88,79,9,9
71825,99,88,11,11
71826,85,87,-2,2
71827,62,61,1,1
71828,85,85,0,0
71829,103,99,4,4
71830,123,142,-19,19
71831,43,54,-11,11
71832,89,91,-2,2
71833,61,62,-1,1
71834,65,66,-1,1
71835,81,76,5,5
71836,77,69,8,8
71837,118,110,8,8
71838,53,54,-1,1
71839,90,77,13,13
71840,101,111,-10,10
71841,88,84,4,4
71842,136,128,8,8
71843,142,130,12,12
71844,79,71,8,8
71845,124,121,3,3
71846,69,66,3,3
71847,55,59,-4,4
71848,84,83,1,1
71849,34,51,-17,17
71850,86,76,10,10
71851,67,68,-1,1
71852,234,200,34,34
71853,175,163,12,12
71854,50,55,-5,5
71855,75,65,10,10
71856,61,60,1,1
71857,103,94,9,9
71858,59,57,2,2
71859,83,91,-8,8
71860,50,53,-3,3
71861,89,84,5,5
71862,65,70,-5,5
71863,140,121,19,19
71864,158,147,11,11
71865,113,111,2,2
71866,118,120,-2,2
71867,172,150,22,22
71868,119,117,2,2
71869,106,102,4,4
71870,146,140,6,6
71871,72,71,1,1
71872,84,79,5,5
71873,78,79,-1,1
71874,58,54,4,4
71875,85,74,11,11
71876,137,123,14,14
71877,86,111,-25,25
71878,78,70,8,8
71879,88,89,-1,1
71880,108,95,13,13
71881,104,90,14,14
71882,77,86,-9,9
71883,101,99,2,2
71884,109,106,3,3
71885,84,78,6,6
71886,70,64,6,6
71887,134,130,4,4
71888,51,57,-6,6
71889,128,124,4,4
71890,103,112,-9,9
71891,76,77,-1,1
71892,101,108,-7,7
71893,92,91,1,1
71894,72,74,-2,2
71895,68,69,-1,1
71896,84,83,1,1
71897,88,84,4,4
71898,119,122,-3,3
71899,56,59,-3,3
71900,31,52,-21,21
71901,91,90,1,1
71902,163,147,16,16
71903,124,110,14,14
71904,71,65,6,6
71905,101,90,11,11
71906,112,138,-26,26
71907,103,99,4,4
71908,74,70,4,4
71909,57,58,-1,1
71910,137,130,7,7
71911,124,105,19,19
71912,77,87,-10,10
71913,83,78,5,5
71914,66,77,-11,11
71915,110,97,13,13
71916,65,67,-2,2
71917,98,99,-1,1
71918,87,80,7,7
71919,90,81,9,9
71920,140,133,7,7
71921,116,110,6,6
71922,128,115,13,13
71923,73,67,6,6
71924,155,168,-13,13
71925,96,100,-4,4
71926,115,115,0,0
71927,63,62,1,1
71928,57,53,4,4
71929,113,114,-1,1
71930,104,92,12,12
71931,53,57,-4,4
71932,62,64,-2,2
71933,53,55,-2,2
71934,71,65,6,6
71935,76,75,1,1
71936,117,108,9,9
71937,57,61,-4,4
71938,79,68,11,11
71939,69,80,-11,11
71940,78,72,6,6
71941,40,57,-17,17
71942,58,70,-12,12
71943,105,94,11,11
71944,87,97,-10,10
71945,118,100,18,18
71946,101,111,-10,10
71947,32,51,-19,19
71948,75,75,0,0
71949,112,108,4,4
71950,112,99,13,13
71951,124,127,-3,3
71952,68,65,3,3
71953,72,67,5,5
71954,52,57,-5,5
71955,84,79,5,5
71956,78,73,5,5
71957,106,84,22,22
71958,126,122,4,4
71959,103,102,1,1
71960,110,90,20,20
71961,91,79,12,12
71962,149,131,18,18
71963,55,53,2,2
71964,113,104,9,9
71965,72,69,3,3
71966,79,79,0,0
71967,125,120,5,5
71968,126,110,16,16
71969,156,158,-2,2
71970,69,66,3,3
71971,59,55,4,4
71972,92,107,-15,15
71973,65,65,0,0
71974,94,91,3,3
71975,76,85,-9,9
71976,145,135,10,10
71977,141,134,7,7
71978,71,71,0,0
71979,91,88,3,3
71980,56,61,-5,5
71981,107,109,-2,2
71982,73,65,8,8
71983,120,130,-10,10
71984,109,72,37,37
71985,125,113,12,12
71986,80,76,4,4
71987,55,55,0,0
71988,92,90,2,2
71989,125,115,10,10
71990,74,71,3,3
71991,65,72,-7,7
71992,85,83,2,2
71993,41,55,-14,14
71994,73,80,-7,7
71995,133,99,34,34
71996,48,54,-6,6
71997,81,75,6,6
71998,109,115,-6,6
71999,98,94,4,4
72000,123,113,10,10
72001,103,104,-1,1
72002,79,77,2,2
72003,60,64,-4,4
72004,93,91,2,2
72005,162,128,34,34
72006,121,110,11,11
72007,113,118,-5,5
72008,64,66,-2,2
72009,61,66,-5,5
72010,110,102,8,8
72011,106,98,8,8
72012,111,101,10,10
72013,72,79,-7,7
72014,50,54,-4,4
72015,58,54,4,4
72016,112,116,-4,4
72017,86,95,-9,9
72018,77,71,6,6
72019,116,109,7,7
72020,77,77,0,0
72021,156,134,22,22
72022,94,95,-1,1
72023,152,134,18,18
72024,153,141,12,12
72025,91,89,2,2
72026,114,104,10,10
72027,54,56,-2,2
72028,68,62,6,6
72029,108,127,-19,19
72030,144,133,11,11
72031,122,111,11,11
72032,94,93,1,1
72033,100,88,12,12
72034,63,66,-3,3
72035,109,100,9,9
72036,92,78,14,14
72037,104,95,9,9
72038,80,67,13,13
72039,83,78,5,5
72040,115,113,2,2
72041,149,147,2,2
72042,111,111,0,0
72043,64,72,-8,8
72044,117,103,14,14
72045,68,67,1,1
72046,98,86,12,12
72047,58,59,-1,1
72048,109,94,15,15
72049,84,76,8,8
72050,59,64,-5,5
72051,122,105,17,17
72052,67,73,-6,6
72053,74,66,8,8
72054,65,66,-1,1
72055,95,86,9,9
72056,90,87,3,3
72057,71,68,3,3
72058,46,51,-5,5
72059,37,61,-24,24
72060,128,116,12,12
72061,110,103,7,7
72062,98,101,-3,3
72063,55,54,1,1
72064,118,104,14,14
72065,28,51,-23,23
72066,164,152,12,12
72067,97,97,0,0
72068,149,131,18,18
72069,100,89,11,11
72070,102,104,-2,2
72071,99,96,3,3
72072,170,144,26,26
72073,124,122,2,2
72074,109,115,-6,6
72075,146,128,18,18
72076,170,162,8,8
72077,85,62,23,23
72078,106,97,9,9
72079,96,93,3,3
72080,105,95,10,10
72081,116,101,15,15
72082,61,61,0,0
72083,114,109,5,5
72084,105,101,4,4
72085,163,162,1,1
72086,50,54,-4,4
72087,141,114,27,27
72088,79,83,-4,4
72089,129,116,13,13
72090,82,76,6,6
72091,61,59,2,2
72092,69,70,-1,1
72093,62,71,-9,9
72094,93,89,4,4
72095,92,93,-1,1
72096,91,100,-9,9
72097,45,52,-7,7
72098,167,149,18,18
72099,71,68,3,3
72100,43,58,-15,15
72101,122,119,3,3
72102,73,63,10,10
72103,99,91,8,8
72104,82,76,6,6
72105,119,105,14,14
72106,135,117,18,18
72107,46,53,-7,7
72108,102,92,10,10
72109,66,65,1,1
72110,159,153,6,6
72111,93,84,9,9
72112,93,81,12,12
72113,71,67,4,4
72114,106,84,22,22
72115,99,88,11,11
72116,145,150,-5,5
72117,102,110,-8,8
72118,146,137,9,9
72119,129,121,8,8
72120,105,111,-6,6
72121,119,106,13,13
72122,49,53,-4,4
72123,114,105,9,9
72124,137,128,9,9
72125,84,80,4,4
72126,63,60,3,3
72127,120,107,13,13
72128,63,59,4,4
72129,153,131,22,22
72130,73,80,-7,7
72131,110,97,13,13
72132,178,161,17,17
72133,73,96,-23,23
72134,80,65,15,15
72135,98,93,5,5
72136,122,117,5,5
72137,122,118,4,4
72138,95,92,3,3
72139,100,100,0,0
72140,107,107,0,0
72141,86,72,14,14
72142,62,58,4,4
72143,77,76,1,1
72144,49,54,-5,5
72145,68,70,-2,2
72146,25,51,-26,26
72147,83,75,8,8
72148,54,53,1,1
72149,122,117,5,5
72150,115,113,2,2
72151,92,81,11,11
72152,120,123,-3,3
72153,161,143,18,18
72154,100,91,9,9
72155,127,124,3,3
72156,56,59,-3,3
72157,120,111,9,9
72158,319,271,48,48
72159,161,141,20,20
72160,120,107,13,13
72161,119,101,18,18
72162,119,102,17,17
72163,155,129,26,26
72164,90,90,0,0
72165,43,53,-10,10
72166,67,58,9,9
72167,75,63,12,12
72168,86,80,6,6
72169,107,98,9,9
72170,109,104,5,5
72171,105,107,-2,2
72172,120,121,-1,1
72173,57,61,-4,4
72174,81,81,0,0
72175,114,106,8,8
72176,101,92,9,9
72177,104,89,15,15
72178,105,91,14,14
72179,93,91,2,2
72180,117,108,9,9
72181,93,83,10,10
72182,60,59,1,1
72183,81,63,18,18
72184,96,90,6,6
72185,99,98,1,1
72186,88,80,8,8
72187,113,112,1,1
72188,91,94,-3,3
72189,142,126,16,16
72190,95,94,1,1
72191,79,81,-2,2
72192,80,90,-10,10
72193,54,56,-2,2
72194,124,108,16,16
72195,86,89,-3,3
72196,154,129,25,25
72197,77,79,-2,2
72198,129,110,19,19
72199,196,162,34,34
72200,78,76,2,2
72201,63,68,-5,5
72202,176,155,21,21
72203,102,98,4,4
72204,102,102,0,0
72205,92,86,6,6
72206,145,130,15,15
72207,64,63,1,1
72208,100,88,12,12
72209,96,106,-10,10
72210,96,80,16,16
72211,51,53,-2,2
72212,61,73,-12,12
72213,129,118,11,11
72214,196,168,28,28
72215,61,60,1,1
72216,86,82,4,4
72217,69,75,-6,6
72218,121,106,15,15
72219,87,91,-4,4
72220,105,89,16,16
72221,67,77,-10,10
72222,71,84,-13,13
72223,165,146,19,19
72224,132,124,8,8
72225,171,156,15,15
72226,81,72,9,9
72227,142,134,8,8
72228,75,74,1,1
72229,102,91,11,11
72230,86,86,0,0
72231,136,125,11,11
72232,63,59,4,4
72233,122,121,1,1
72234,89,90,-1,1
72235,97,100,-3,3
72236,67,65,2,2
72237,105,98,7,7
72238,64,63,1,1
72239,85,92,-7,7
72240,99,100,-1,1
72241,80,65,15,15
72242,115,105,10,10
72243,65,63,2,2
72244,104,90,14,14
72245,115,106,9,9
72246,147,138,9,9
72247,105,100,5,5
72248,141,133,8,8
72249,163,149,14,14
72250,129,117,12,12
72251,90,87,3,3
72252,73,74,-1,1
72253,101,81,20,20
72254,103,101,2,2
72255,53,57,-4,4
72256,67,71,-4,4
72257,78,78,0,0
72258,75,69,6,6
72259,76,74,2,2
72260,105,98,7,7
72261,103,90,13,13
72262,108,107,1,1
72263,154,129,25,25
72264,84,86,-2,2
72265,125,115,10,10
72266,71,68,3,3
72267,84,86,-2,2
72268,81,77,4,4
72269,95,92,3,3
72270,249,200,49,49
72271,101,98,3,3
72272,69,69,0,0
72273,109,109,0,0
72274,76,73,3,3
72275,92,90,2,2
72276,56,62,-6,6
72277,85,91,-6,6
72278,51,55,-4,4
72279,117,101,16,16
72280,74,73,1,1
72281,184,161,23,23
72282,82,84,-2,2
72283,93,97,-4,4
72284,87,78,9,9
72285,56,57,-1,1
72286,65,59,6,6
72287,95,84,11,11
72288,112,113,-1,1
72289,110,108,2,2
72290,137,130,7,7
72291,73,71,2,2
72292,128,119,9,9
72293,99,83,16,16
72294,133,124,9,9
72295,109,102,7,7
72296,74,83,-9,9
72297,99,86,13,13
72298,23,53,-30,30
72299,87,94,-7,7
72300,175,160,15,15
72301,71,75,-4,4
72302,64,68,-4,4
72303,74,81,-7,7
72304,127,119,8,8
72305,136,136,0,0
72306,114,108,6,6
72307,143,135,8,8
72308,115,112,3,3
72309,83,89,-6,6
72310,118,109,9,9
72311,64,64,0,0
72312,94,91,3,3
72313,69,60,9,9
72314,142,131,11,11
72315,75,68,7,7
72316,58,61,-3,3
72317,19,51,-32,32
72318,83,84,-1,1
72319,59,59,0,0
72320,99,96,3,3
72321,69,73,-4,4
72322,95,86,9,9
72323,248,192,56,56
72324,129,118,11,11
72325,45,54,-9,9
72326,129,125,4,4
72327,99,91,8,8
72328,98,94,4,4
72329,115,116,-1,1
72330,136,134,2,2
72331,111,98,13,13
72332,98,99,-1,1
72333,85,88,-3,3
72334,141,132,9,9
72335,94,100,-6,6
72336,94,93,1,1
72337,112,114,-2,2
72338,107,103,4,4
72339,127,123,4,4
72340,113,99,14,14
72341,131,107,24,24
72342,69,72,-3,3
72343,51,54,-3,3
72344,148,132,16,16
72345,79,66,13,13
72346,108,105,3,3
72347,105,111,-6,6
72348,82,95,-13,13
72349,152,155,-3,3
72350,77,79,-2,2
72351,96,102,-6,6
72352,118,124,-6,6
72353,176,165,11,11
72354,161,160,1,1
72355,74,67,7,7
72356,89,97,-8,8
72357,126,129,-3,3
72358,105,101,4,4
72359,102,98,4,4
72360,74,79,-5,5
72361,122,110,12,12
72362,80,79,1,1
72363,75,72,3,3
72364,148,138,10,10
72365,129,121,8,8
72366,68,65,3,3
72367,74,84,-10,10
72368,96,82,14,14
72369,88,81,7,7
72370,53,67,-14,14
72371,79,78,1,1
72372,78,75,3,3
72373,69,70,-1,1
72374,134,119,15,15
72375,77,72,5,5
72376,144,122,22,22
72377,102,99,3,3
72378,112,115,-3,3
72379,122,114,8,8
72380,87,83,4,4
72381,111,112,-1,1
72382,102,93,9,9
72383,73,75,-2,2
72384,86,83,3,3
72385,74,70,4,4
72386,132,118,14,14
72387,128,126,2,2
72388,130,118,12,12
72389,62,60,2,2
72390,44,52,-8,8
72391,78,77,1,1
72392,95,91,4,4
72393,95,82,13,13
72394,116,111,5,5
72395,80,78,2,2
72396,57,58,-1,1
72397,84,95,-11,11
72398,122,111,11,11
72399,115,114,1,1
72400,185,152,33,33
72401,144,117,27,27
72402,54,56,-2,2
72403,125,120,5,5
72404,107,111,-4,4
72405,140,143,-3,3
72406,59,60,-1,1
72407,64,62,2,2
72408,83,82,1,1
72409,56,55,1,1
72410,79,69,10,10
72411,58,55,3,3
72412,92,94,-2,2
72413,138,130,8,8
72414,110,99,11,11
72415,197,168,29,29
72416,102,96,6,6
72417,75,70,5,5
72418,127,114,13,13
72419,95,98,-3,3
72420,64,57,7,7
72421,68,72,-4,4
72422,174,158,16,16
72423,61,61,0,0
72424,74,67,7,7
72425,106,102,4,4
72426,60,61,-1,1
72427,73,80,-7,7
72428,92,84,8,8
72429,189,155,34,34
72430,99,87,12,12
72431,147,134,13,13
72432,120,113,7,7
72433,75,73,2,2
72434,57,55,2,2
72435,56,56,0,0
72436,73,69,4,4
72437,67,63,4,4
72438,176,151,25,25
72439,131,124,7,7
72440,101,97,4,4
72441,77,70,7,7
72442,90,110,-20,20
72443,106,107,-1,1
72444,120,115,5,5
72445,82,76,6,6
72446,117,113,4,4
72447,57,74,-17,17
72448,57,67,-10,10
72449,104,95,9,9
72450,85,79,6,6
72451,112,108,4,4
72452,89,88,1,1
72453,88,99,-11,11
72454,87,75,12,12
72455,103,119,-16,16
72456,151,129,22,22
72457,92,92,0,0
72458,98,88,10,10
72459,63,73,-10,10
72460,88,87,1,1
72461,85,80,5,5
72462,29,51,-22,22
72463,88,95,-7,7
72464,105,105,0,0
72465,108,100,8,8
72466,69,66,3,3
72467,100,94,6,6
72468,67,70,-3,3
72469,78,66,12,12
72470,97,97,0,0
72471,84,74,10,10
72472,57,65,-8,8
72473,124,111,13,13
72474,117,108,9,9
72475,101,89,12,12
72476,104,105,-1,1
72477,97,104,-7,7
72478,69,64,5,5
72479,105,103,2,2
72480,78,82,-4,4
72481,75,66,9,9
72482,67,60,7,7
72483,182,157,25,25
72484,49,53,-4,4
72485,89,88,1,1
72486,72,67,5,5
72487,97,95,2,2
72488,72,69,3,3
72489,66,62,4,4
72490,118,122,-4,4
72491,49,57,-8,8
72492,87,77,10,10
72493,157,131,26,26
72494,63,66,-3,3
72495,69,77,-8,8
72496,163,159,4,4
72497,221,198,23,23
72498,60,66,-6,6
72499,97,98,-1,1
72500,64,58,6,6
72501,87,97,-10,10
72502,101,101,0,0
72503,96,93,3,3
72504,111,115,-4,4
72505,67,67,0,0
72506,112,110,2,2
72507,92,84,8,8
72508,90,95,-5,5
72509,127,128,-1,1
72510,62,67,-5,5
72511,82,86,-4,4
72512,131,109,22,22
72513,66,60,6,6
72514,122,124,-2,2
72515,80,90,-10,10
72516,83,86,-3,3
72517,71,77,-6,6
72518,76,68,8,8
72519,130,132,-2,2
72520,72,58,14,14
72521,51,54,-3,3
72522,114,115,-1,1
72523,62,66,-4,4
72524,46,53,-7,7
72525,58,62,-4,4
72526,84,88,-4,4
72527,69,64,5,5
72528,59,110,-51,51
72529,65,66,-1,1
72530,175,163,12,12
72531,135,130,5,5
72532,106,103,3,3
72533,72,77,-5,5
72534,124,119,5,5
72535,126,116,10,10
72536,120,117,3,3
72537,92,88,4,4
72538,68,64,4,4
72539,109,101,8,8
72540,74,83,-9,9
72541,61,64,-3,3
72542,96,90,6,6
72543,115,121,-6,6
72544,88,90,-2,2
72545,112,107,5,5
72546,182,154,28,28
72547,156,139,17,17
72548,156,143,13,13
72549,103,86,17,17
72550,89,83,6,6
72551,114,101,13,13
72552,106,89,17,17
72553,85,73,12,12
72554,107,93,14,14
72555,75,71,4,4
72556,84,82,2,2
72557,120,114,6,6
72558,95,83,12,12
72559,48,58,-10,10
72560,65,58,7,7
72561,59,66,-7,7
72562,85,77,8,8
72563,125,117,8,8
72564,89,83,6,6
72565,92,81,11,11
72566,131,128,3,3
72567,83,79,4,4
72568,81,72,9,9
72569,82,73,9,9
72570,66,64,2,2
72571,126,123,3,3
72572,167,149,18,18
72573,103,102,1,1
72574,119,109,10,10
72575,133,126,7,7
72576,138,136,2,2
72577,136,123,13,13
72578,57,57,0,0
72579,111,103,8,8
72580,75,77,-2,2
72581,64,61,3,3
72582,111,112,-1,1
72583,126,123,3,3
72584,147,132,15,15
72585,188,156,32,32
72586,123,69,54,54
72587,87,92,-5,5
72588,77,76,1,1
72589,82,72,10,10
72590,83,83,0,0
72591,69,77,-8,8
72592,136,132,4,4
72593,53,59,-6,6
72594,81,79,2,2
72595,124,120,4,4
72596,111,99,12,12
72597,120,114,6,6
72598,66,73,-7,7
72599,68,62,6,6
72600,147,147,0,0
72601,193,165,28,28
72602,62,59,3,3
72603,113,110,3,3
72604,83,82,1,1
72605,114,114,0,0
72606,138,131,7,7
72607,63,70,-7,7
72608,153,131,22,22
72609,75,77,-2,2
72610,104,100,4,4
72611,138,136,2,2
72612,86,72,14,14
72613,85,85,0,0
72614,132,128,4,4
72615,86,81,5,5
72616,60,64,-4,4
72617,119,108,11,11
72618,233,193,40,40
72619,125,129,-4,4
72620,128,119,9,9
72621,135,132,3,3
72622,92,83,9,9
72623,134,119,15,15
72624,108,101,7,7
72625,154,135,19,19
72626,149,142,7,7
72627,112,102,10,10
72628,117,111,6,6
72629,158,148,10,10
72630,83,78,5,5
72631,92,87,5,5
72632,80,73,7,7
72633,86,84,2,2
72634,23,51,-28,28
72635,90,85,5,5
72636,129,126,3,3
72637,122,111,11,11
72638,49,59,-10,10
72639,58,62,-4,4
72640,115,102,13,13
72641,92,85,7,7
72642,146,158,-12,12
72643,69,84,-15,15
72644,107,110,-3,3
72645,152,135,17,17
72646,106,89,17,17
72647,78,75,3,3
72648,122,106,16,16
72649,97,101,-4,4
72650,62,64,-2,2
72651,125,122,3,3
72652,172,150,22,22
72653,73,74,-1,1
72654,88,85,3,3
72655,69,70,-1,1
72656,72,64,8,8
72657,87,86,1,1
72658,53,56,-3,3
72659,65,64,1,1
72660,117,109,8,8
72661,105,104,1,1
72662,168,150,18,18
72663,83,92,-9,9
72664,65,66,-1,1
72665,108,101,7,7
72666,45,54,-9,9
72667,123,107,16,16
72668,62,66,-4,4
72669,69,72,-3,3
72670,65,67,-2,2
72671,88,95,-7,7
72672,70,70,0,0
72673,115,106,9,9
72674,68,60,8,8
72675,109,106,3,3
72676,117,114,3,3
72677,68,68,0,0
72678,93,85,8,8
72679,76,69,7,7
72680,147,128,19,19
72681,124,115,9,9
72682,146,137,9,9
72683,104,111,-7,7
72684,85,85,0,0
72685,107,88,19,19
72686,131,113,18,18
72687,71,67,4,4
72688,78,70,8,8
72689,69,71,-2,2
72690,124,126,-2,2
72691,101,88,13,13
72692,64,57,7,7
72693,69,66,3,3
72694,60,63,-3,3
72695,97,89,8,8
72696,78,74,4,4
72697,106,123,-17,17
72698,102,93,9,9
72699,102,94,8,8
72700,135,128,7,7
72701,84,91,-7,7
72702,132,117,15,15
72703,81,74,7,7
72704,55,52,3,3
72705,80,70,10,10
72706,89,96,-7,7
72707,218,365,-147,147
72708,68,64,4,4
72709,136,111,25,25
72710,78,70,8,8
72711,66,69,-3,3
72712,115,111,4,4
72713,102,90,12,12
72714,64,68,-4,4
72715,32,51,-19,19
72716,61,55,6,6
72717,98,97,1,1
72718,87,70,17,17
72719,75,59,16,16
72720,131,118,13,13
72721,82,93,-11,11
72722,102,90,12,12
72723,68,60,8,8
72724,129,124,5,5
72725,147,137,10,10
72726,54,55,-1,1
72727,95,93,2,2
72728,181,163,18,18
72729,102,103,-1,1
72730,49,56,-7,7
72731,100,90,10,10
72732,72,72,0,0
72733,137,137,0,0
72734,57,54,3,3
72735,85,77,8,8
72736,69,67,2,2
72737,44,52,-8,8
72738,102,100,2,2
72739,140,133,7,7
72740,59,59,0,0
72741,59,68,-9,9
72742,67,62,5,5
72743,96,95,1,1
72744,54,59,-5,5
72745,81,75,6,6
72746,154,143,11,11
72747,134,136,-2,2
72748,100,78,22,22
72749,104,93,11,11
72750,92,97,-5,5
72751,63,63,0,0
72752,115,92,23,23
72753,55,57,-2,2
72754,163,149,14,14
72755,122,123,-1,1
72756,106,99,7,7
72757,90,91,-1,1
72758,97,89,8,8
72759,69,69,0,0
72760,86,81,5,5
72761,87,82,5,5
72762,134,115,19,19
72763,83,83,0,0
72764,96,93,3,3
72765,75,69,6,6
72766,91,80,11,11
72767,74,67,7,7
72768,105,103,2,2
72769,109,102,7,7
72770,50,65,-15,15
72771,83,69,14,14
72772,101,92,9,9
72773,98,100,-2,2
72774,78,77,1,1
72775,115,97,18,18
72776,151,137,14,14
72777,50,55,-5,5
72778,111,106,5,5
72779,75,84,-9,9
72780,191,168,23,23
72781,82,76,6,6
72782,133,116,17,17
72783,131,126,5,5
72784,69,65,4,4
72785,112,103,9,9
72786,52,58,-6,6
72787,109,114,-5,5
72788,82,85,-3,3
72789,106,108,-2,2
72790,36,53,-17,17
72791,84,83,1,1
72792,103,93,10,10
72793,56,58,-2,2
72794,78,75,3,3
72795,69,69,0,0
72796,67,66,1,1
72797,83,85,-2,2
72798,103,101,2,2
72799,84,82,2,2
72800,68,72,-4,4
72801,78,74,4,4
72802,118,105,13,13
72803,112,105,7,7
72804,108,107,1,1
72805,113,107,6,6
72806,116,97,19,19
72807,67,64,3,3
72808,110,109,1,1
72809,100,89,11,11
72810,111,95,16,16
72811,82,86,-4,4
72812,157,146,11,11
72813,75,75,0,0
72814,102,97,5,5
72815,90,90,0,0
72816,60,61,-1,1
72817,88,87,1,1
72818,96,93,3,3
72819,117,132,-15,15
72820,76,81,-5,5
72821,166,143,23,23
72822,187,147,40,40
72823,73,64,9,9
72824,91,94,-3,3
72825,125,122,3,3
72826,60,64,-4,4
72827,91,84,7,7
72828,99,108,-9,9
72829,80,67,13,13
72830,125,121,4,4
72831,111,115,-4,4
72832,54,57,-3,3
72833,192,169,23,23
72834,159,142,17,17
72835,71,65,6,6
72836,80,83,-3,3
72837,58,60,-2,2
72838,78,69,9,9
72839,146,128,18,18
72840,73,67,6,6
72841,178,148,30,30
72842,94,91,3,3
72843,131,119,12,12
72844,70,58,12,12
72845,126,122,4,4
72846,84,79,5,5
72847,80,81,-1,1
72848,214,177,37,37
72849,111,104,7,7
72850,134,132,2,2
72851,89,89,0,0
72852,124,135,-11,11
72853,112,99,13,13
72854,94,102,-8,8
72855,110,102,8,8
72856,143,137,6,6
72857,70,70,0,0
72858,112,112,0,0
72859,88,83,5,5
72860,89,78,11,11
72861,78,71,7,7
72862,121,110,11,11
72863,69,68,1,1
72864,82,78,4,4
72865,137,162,-25,25
72866,116,111,5,5
72867,169,149,20,20
72868,108,95,13,13
72869,62,59,3,3
72870,66,81,-15,15
72871,126,112,14,14
72872,77,66,11,11
72873,170,151,19,19
72874,48,56,-8,8
72875,123,108,15,15
72876,135,126,9,9
72877,128,125,3,3
72878,108,104,4,4
72879,102,91,11,11
72880,89,85,4,4
72881,68,67,1,1
72882,83,73,10,10
72883,174,164,10,10
72884,130,103,27,27
72885,176,156,20,20
72886,87,91,-4,4
72887,69,60,9,9
72888,69,72,-3,3
72889,100,81,19,19
72890,164,149,15,15
72891,94,99,-5,5
72892,82,76,6,6
72893,191,177,14,14
72894,99,99,0,0
72895,78,78,0,0
72896,68,68,0,0
72897,121,102,19,19
72898,128,115,13,13
72899,149,136,13,13
72900,164,145,19,19
72901,74,72,2,2
72902,67,58,9,9
72903,59,64,-5,5
72904,100,113,-13,13
72905,62,72,-10,10
72906,100,99,1,1
72907,79,78,1,1
72908,137,149,-12,12
72909,74,72,2,2
72910,94,88,6,6
72911,119,93,26,26
72912,103,94,9,9
72913,95,91,4,4
72914,60,56,4,4
72915,111,101,10,10
72916,34,51,-17,17
72917,78,84,-6,6
72918,97,92,5,5
72919,111,105,6,6
72920,85,87,-2,2
72921,149,135,14,14
72922,90,79,11,11
72923,49,55,-6,6
72924,138,126,12,12
72925,69,66,3,3
72926,79,71,8,8
72927,70,64,6,6
72928,82,80,2,2
72929,79,77,2,2
72930,85,92,-7,7
72931,89,81,8,8
72932,67,69,-2,2
72933,106,111,-5,5
72934,70,76,-6,6
72935,74,80,-6,6
72936,55,62,-7,7
72937,164,152,12,12
72938,77,70,7,7
72939,57,54,3,3
72940,97,108,-11,11
72941,136,141,-5,5
72942,83,79,4,4
72943,66,65,1,1
72944,92,94,-2,2
72945,92,90,2,2
72946,71,60,11,11
72947,67,72,-5,5
72948,150,133,17,17
72949,69,71,-2,2
72950,132,119,13,13
72951,194,176,18,18
72952,137,129,8,8
72953,68,68,0,0
72954,90,91,-1,1
72955,113,106,7,7
72956,61,55,6,6
72957,160,142,18,18
72958,149,139,10,10
72959,48,58,-10,10
72960,128,124,4,4
72961,102,96,6,6
72962,95,94,1,1
72963,68,60,8,8
72964,164,145,19,19
72965,92,95,-3,3
72966,100,87,13,13
72967,68,73,-5,5
72968,81,80,1,1
72969,87,77,10,10
72970,121,95,26,26
72971,95,94,1,1
72972,99,73,26,26
72973,59,64,-5,5
72974,140,127,13,13
72975,109,92,17,17
72976,147,133,14,14
72977,84,82,2,2
72978,111,105,6,6
72979,85,85,0,0
72980,63,69,-6,6
72981,64,61,3,3
72982,75,67,8,8
72983,136,116,20,20
72984,140,135,5,5
72985,45,54,-9,9
72986,159,149,10,10
72987,110,97,13,13
72988,54,64,-10,10
72989,129,123,6,6
72990,170,172,-2,2
72991,111,107,4,4
72992,72,64,8,8
72993,129,120,9,9
72994,67,67,0,0
72995,159,162,-3,3
72996,60,64,-4,4
72997,91,88,3,3
72998,126,108,18,18
72999,240,190,50,50
73000,113,105,8,8
73001,85,74,11,11
73002,54,67,-13,13
73003,68,64,4,4
73004,89,80,9,9
73005,142,128,14,14
73006,146,130,16,16
73007,87,83,4,4
73008,122,119,3,3
73009,81,63,18,18
73010,77,75,2,2
73011,113,98,15,15
73012,182,177,5,5
73013,111,98,13,13
73014,97,83,14,14
73015,90,83,7,7
73016,149,134,15,15
73017,62,72,-10,10
73018,121,114,7,7
73019,90,84,6,6
73020,64,60,4,4
73021,158,143,15,15
73022,89,85,4,4
73023,93,85,8,8
73024,82,74,8,8
73025,80,77,3,3
73026,231,213,18,18
73027,52,55,-3,3
73028,185,158,27,27
73029,125,126,-1,1
73030,116,107,9,9
73031,70,69,1,1
73032,92,83,9,9
73033,135,135,0,0
73034,83,88,-5,5
73035,78,78,0,0
73036,89,84,5,5
73037,98,92,6,6
73038,74,75,-1,1
73039,117,112,5,5
73040,65,195,-130,130
73041,80,77,3,3
73042,82,74,8,8
73043,144,143,1,1
73044,64,61,3,3
73045,144,134,10,10
73046,46,52,-6,6
73047,29,52,-23,23
73048,81,77,4,4
73049,115,108,7,7
73050,99,90,9,9
73051,80,74,6,6
73052,111,103,8,8
73053,113,109,4,4
73054,119,96,23,23
73055,49,56,-7,7
73056,128,120,8,8
73057,168,149,19,19
73058,52,54,-2,2
73059,115,109,6,6
73060,230,188,42,42
73061,113,125,-12,12
73062,66,59,7,7
73063,102,98,4,4
73064,52,54,-2,2
73065,94,89,5,5
73066,69,67,2,2
73067,146,149,-3,3
73068,130,122,8,8
73069,82,71,11,11
73070,51,54,-3,3
73071,114,104,10,10
73072,58,68,-10,10
73073,70,75,-5,5
73074,74,68,6,6
73075,75,63,12,12
73076,54,55,-1,1
73077,134,130,4,4
73078,46,52,-6,6
73079,79,73,6,6
73080,66,74,-8,8
73081,114,111,3,3
73082,76,83,-7,7
73083,149,137,12,12
73084,126,113,13,13
73085,91,96,-5,5
73086,56,57,-1,1
73087,131,123,8,8
73088,119,126,-7,7
73089,119,110,9,9
73090,124,119,5,5
73091,142,134,8,8
73092,215,178,37,37
73093,59,56,3,3
73094,60,57,3,3
73095,76,78,-2,2
73096,54,55,-1,1
73097,78,82,-4,4
73098,133,137,-4,4
73099,56,54,2,2
73100,79,77,2,2
73101,74,64,10,10
73102,55,63,-8,8
73103,62,55,7,7
73104,47,53,-6,6
73105,112,111,1,1
73106,112,100,12,12
73107,122,111,11,11
73108,104,100,4,4
73109,81,95,-14,14
73110,76,82,-6,6
73111,61,57,4,4
73112,230,176,54,54
73113,87,81,6,6
73114,94,86,8,8
73115,83,77,6,6
73116,154,129,25,25
73117,140,127,13,13
73118,81,82,-1,1
73119,78,74,4,4
73120,112,99,13,13
73121,133,119,14,14
73122,72,74,-2,2
73123,150,119,31,31
73124,133,123,10,10
73125,74,64,10,10
73126,122,116,6,6
73127,90,87,3,3
73128,69,63,6,6
73129,75,79,-4,4
73130,50,56,-6,6
73131,135,125,10,10
73132,126,115,11,11
73133,68,83,-15,15
73134,88,85,3,3
73135,78,81,-3,3
73136,55,57,-2,2
73137,94,97,-3,3
73138,57,65,-8,8
73139,70,68,2,2
73140,150,141,9,9
73141,67,71,-4,4
73142,78,79,-1,1
73143,82,81,1,1
73144,123,122,1,1
73145,75,65,10,10
73146,151,146,5,5
73147,79,72,7,7
73148,116,103,13,13
73149,89,82,7,7
73150,143,134,9,9
73151,94,95,-1,1
73152,94,98,-4,4
73153,81,84,-3,3
73154,77,82,-5,5
73155,85,83,2,2
73156,104,108,-4,4
73157,58,57,1,1
73158,76,79,-3,3
73159,72,71,1,1
73160,90,83,7,7
73161,126,129,-3,3
73162,81,78,3,3
73163,113,109,4,4
73164,72,76,-4,4
73165,111,108,3,3
73166,94,87,7,7
73167,77,71,6,6
73168,76,67,9,9
73169,91,82,9,9
73170,84,81,3,3
73171,50,61,-11,11
73172,111,111,0,0
73173,160,148,12,12
73174,90,79,11,11
73175,165,163,2,2
73176,153,130,23,23
73177,38,54,-16,16
73178,76,88,-12,12
73179,73,69,4,4
73180,99,100,-1,1
73181,64,66,-2,2
73182,148,133,15,15
73183,146,139,7,7
73184,86,84,2,2
73185,70,71,-1,1
73186,74,68,6,6
73187,102,93,9,9
73188,76,65,11,11
73189,115,98,17,17
73190,111,101,10,10
73191,67,65,2,2
73192,120,120,0,0
73193,72,70,2,2
73194,93,86,7,7
73195,256,225,31,31
73196,157,143,14,14
73197,70,67,3,3
73198,95,99,-4,4
73199,99,98,1,1
73200,94,89,5,5
73201,81,74,7,7
73202,102,92,10,10
73203,107,106,1,1
73204,137,120,17,17
73205,91,90,1,1
73206,90,92,-2,2
73207,68,66,2,2
73208,59,60,-1,1
73209,86,84,2,2
73210,118,124,-6,6
73211,197,177,20,20
73212,55,60,-5,5
73213,82,73,9,9
73214,96,97,-1,1
73215,88,95,-7,7
73216,72,79,-7,7
73217,56,67,-11,11
73218,110,100,10,10
73219,75,67,8,8
73220,107,109,-2,2
73221,100,104,-4,4
73222,137,122,15,15
73223,76,74,2,2
73224,174,160,14,14
73225,101,100,1,1
73226,85,84,1,1
73227,53,57,-4,4
73228,108,89,19,19
73229,82,78,4,4
73230,84,89,-5,5
73231,92,89,3,3
73232,125,133,-8,8
73233,93,98,-5,5
73234,54,58,-4,4
73235,113,101,12,12
73236,196,175,21,21
73237,71,65,6,6
73238,75,69,6,6
73239,46,56,-10,10
73240,107,104,3,3
73241,82,85,-3,3
73242,88,99,-11,11
73243,57,54,3,3
73244,153,129,24,24
73245,131,130,1,1
73246,111,122,-11,11
73247,136,133,3,3
73248,58,59,-1,1
73249,85,83,2,2
73250,98,86,12,12
73251,80,78,2,2
73252,82,89,-7,7
73253,74,68,6,6
73254,135,118,17,17
73255,88,86,2,2
73256,27,52,-25,25
73257,60,64,-4,4
73258,82,77,5,5
73259,176,162,14,14
73260,163,134,29,29
73261,130,129,1,1
73262,120,111,9,9
73263,143,114,29,29
73264,138,137,1,1
73265,88,78,10,10
73266,125,120,5,5
73267,81,76,5,5
73268,56,54,2,2
73269,70,71,-1,1
73270,59,59,0,0
73271,117,126,-9,9
73272,35,54,-19,19
73273,115,99,16,16
73274,59,60,-1,1
73275,88,77,11,11
73276,124,124,0,0
73277,110,94,16,16
73278,118,106,12,12
73279,103,90,13,13
73280,121,116,5,5
73281,78,75,3,3
73282,69,69,0,0
73283,129,121,8,8
73284,75,68,7,7
73285,54,53,1,1
73286,185,161,24,24
73287,105,96,9,9
73288,65,61,4,4
73289,145,127,18,18
73290,134,120,14,14
73291,102,95,7,7
73292,75,71,4,4
73293,106,93,13,13
73294,122,114,8,8
73295,42,53,-11,11
73296,144,141,3,3
73297,104,93,11,11
73298,117,107,10,10
73299,69,69,0,0
73300,63,71,-8,8
73301,184,146,38,38
73302,96,90,6,6
73303,86,76,10,10
73304,98,95,3,3
73305,78,74,4,4
73306,91,85,6,6
73307,53,54,-1,1
73308,79,75,4,4
73309,141,127,14,14
73310,82,76,6,6
73311,49,53,-4,4
73312,109,97,12,12
73313,61,61,0,0
73314,90,92,-2,2
73315,61,57,4,4
73316,94,100,-6,6
73317,134,128,6,6
73318,65,68,-3,3
73319,136,123,13,13
73320,164,149,15,15
73321,98,100,-2,2
73322,83,79,4,4
73323,40,52,-12,12
73324,67,76,-9,9
73325,90,85,5,5
73326,62,58,4,4
73327,60,57,3,3
73328,115,100,15,15
73329,135,129,6,6
73330,75,72,3,3
73331,35,58,-23,23
73332,94,100,-6,6
73333,113,102,11,11
73334,133,124,9,9
73335,103,78,25,25
73336,108,97,11,11
73337,65,67,-2,2
73338,67,57,10,10
73339,121,112,9,9
73340,89,97,-8,8
73341,69,68,1,1
73342,128,122,6,6
73343,99,87,12,12
73344,100,94,6,6
73345,88,75,13,13
73346,160,146,14,14
73347,94,84,10,10
73348,111,108,3,3
73349,83,74,9,9
73350,51,60,-9,9
73351,126,114,12,12
73352,150,128,22,22
73353,57,56,1,1
73354,63,66,-3,3
73355,112,107,5,5
73356,196,173,23,23
73357,71,73,-2,2
73358,152,138,14,14
73359,87,84,3,3
73360,59,61,-2,2
73361,144,134,10,10
73362,122,107,15,15
73363,61,67,-6,6
73364,99,105,-6,6
73365,74,66,8,8
73366,68,67,1,1
73367,92,93,-1,1
73368,147,141,6,6
73369,114,108,6,6
73370,64,62,2,2
73371,92,76,16,16
73372,85,76,9,9
73373,100,89,11,11
73374,142,126,16,16
73375,34,57,-23,23
73376,107,91,16,16
73377,110,100,10,10
73378,154,138,16,16
73379,69,71,-2,2
73380,91,99,-8,8
73381,124,109,15,15
73382,71,64,7,7
73383,61,55,6,6
73384,110,103,7,7
73385,86,86,0,0
73386,143,128,15,15
73387,65,65,0,0
73388,82,75,7,7
73389,90,94,-4,4
73390,156,154,2,2
73391,177,162,15,15
73392,108,102,6,6
73393,100,108,-8,8
73394,60,67,-7,7
73395,81,88,-7,7
73396,99,98,1,1
73397,63,82,-19,19
73398,87,96,-9,9
73399,53,56,-3,3
73400,47,55,-8,8
73401,65,72,-7,7
73402,79,71,8,8
73403,65,66,-1,1
73404,99,99,0,0
73405,61,59,2,2
73406,101,107,-6,6
73407,75,64,11,11
73408,99,101,-2,2
73409,84,82,2,2
73410,130,117,13,13
73411,147,129,18,18
73412,103,99,4,4
73413,48,54,-6,6
73414,88,83,5,5
73415,115,106,9,9
73416,81,78,3,3
73417,69,76,-7,7
73418,144,140,4,4
73419,103,91,12,12
73420,84,78,6,6
73421,175,171,4,4
73422,133,114,19,19
73423,88,86,2,2
73424,112,105,7,7
73425,98,96,2,2
73426,79,73,6,6
73427,65,61,4,4
73428,75,85,-10,10
73429,101,101,0,0
73430,44,54,-10,10
73431,89,84,5,5
73432,107,103,4,4
73433,85,83,2,2
73434,42,53,-11,11
73435,86,88,-2,2
73436,92,84,8,8
73437,70,71,-1,1
73438,79,76,3,3
73439,39,58,-19,19
73440,90,84,6,6
73441,126,115,11,11
73442,116,109,7,7
73443,69,70,-1,1
73444,51,56,-5,5
73445,107,97,10,10
73446,88,86,2,2
73447,104,91,13,13
73448,81,68,13,13
73449,78,74,4,4
73450,87,84,3,3
73451,63,73,-10,10
73452,92,89,3,3
73453,125,126,-1,1
73454,113,105,8,8
73455,50,53,-3,3
73456,71,64,7,7
73457,78,79,-1,1
73458,65,63,2,2
73459,145,132,13,13
73460,64,56,8,8
73461,83,79,4,4
73462,162,136,26,26
73463,84,82,2,2
73464,149,141,8,8
73465,68,69,-1,1
73466,84,84,0,0
73467,74,64,10,10
73468,106,102,4,4
73469,87,90,-3,3
73470,102,113,-11,11
73471,142,120,22,22
73472,159,144,15,15
73473,49,55,-6,6
73474,133,132,1,1
73475,89,84,5,5
73476,47,53,-6,6
73477,111,109,2,2
73478,79,73,6,6
73479,108,115,-7,7
73480,58,60,-2,2
73481,111,112,-1,1
73482,46,54,-8,8
73483,69,66,3,3
73484,144,139,5,5
73485,122,116,6,6
73486,114,108,6,6
73487,60,58,2,2
73488,75,78,-3,3
73489,79,78,1,1
73490,97,97,0,0
73491,177,169,8,8
73492,111,100,11,11
73493,35,57,-22,22
73494,133,112,21,21
73495,58,57,1,1
73496,114,96,18,18
73497,80,80,0,0
73498,133,113,20,20
73499,116,115,1,1
73500,88,70,18,18
73501,126,111,15,15
73502,135,121,14,14
73503,85,85,0,0
73504,154,147,7,7
73505,118,109,9,9
73506,92,86,6,6
73507,146,145,1,1
73508,63,64,-1,1
73509,77,80,-3,3
73510,113,104,9,9
73511,110,106,4,4
73512,63,66,-3,3
73513,78,71,7,7
73514,130,117,13,13
73515,64,57,7,7
73516,81,81,0,0
73517,75,63,12,12
73518,41,55,-14,14
73519,139,130,9,9
73520,60,57,3,3
73521,81,82,-1,1
73522,108,99,9,9
73523,102,95,7,7
73524,63,62,1,1
73525,111,102,9,9
73526,42,54,-12,12
73527,93,90,3,3
73528,106,107,-1,1
73529,92,83,9,9
73530,87,83,4,4
73531,100,100,0,0
73532,73,72,1,1
73533,65,60,5,5
73534,84,88,-4,4
73535,158,147,11,11
73536,73,69,4,4
73537,116,122,-6,6
73538,79,86,-7,7
73539,114,106,8,8
73540,108,105,3,3
73541,89,82,7,7
73542,65,73,-8,8
73543,123,113,10,10
73544,70,72,-2,2
73545,58,58,0,0
73546,61,65,-4,4
73547,118,132,-14,14
73548,91,95,-4,4
73549,82,84,-2,2
73550,42,57,-15,15
73551,43,52,-9,9
73552,144,125,19,19
73553,60,69,-9,9
73554,29,71,-42,42
73555,111,96,15,15
73556,69,66,3,3
73557,192,161,31,31
73558,88,99,-11,11
73559,64,61,3,3
73560,131,123,8,8
73561,107,111,-4,4
73562,95,101,-6,6
73563,70,72,-2,2
73564,51,54,-3,3
73565,195,173,22,22
73566,77,76,1,1
73567,117,116,1,1
73568,87,76,11,11
73569,46,54,-8,8
73570,71,68,3,3
73571,65,60,5,5
73572,171,172,-1,1
73573,106,104,2,2
73574,82,81,1,1
73575,130,116,14,14
73576,58,64,-6,6
73577,105,103,2,2
73578,121,116,5,5
73579,148,150,-2,2
73580,87,82,5,5
73581,98,102,-4,4
73582,74,80,-6,6
73583,138,133,5,5
73584,95,95,0,0
73585,104,100,4,4
73586,64,58,6,6
73587,74,73,1,1
73588,126,103,23,23
73589,93,97,-4,4
73590,80,77,3,3
73591,62,65,-3,3
73592,56,59,-3,3
73593,91,89,2,2
73594,202,174,28,28
73595,97,99,-2,2
73596,109,117,-8,8
73597,62,56,6,6
73598,156,148,8,8
73599,62,58,4,4
73600,156,147,9,9
73601,60,62,-2,2
73602,67,63,4,4
73603,109,108,1,1
73604,129,116,13,13
73605,126,115,11,11
73606,141,129,12,12
73607,117,100,17,17
73608,167,155,12,12
73609,123,125,-2,2
73610,127,110,17,17
73611,70,62,8,8
73612,67,67,0,0
73613,93,87,6,6
73614,79,72,7,7
73615,80,80,0,0
73616,81,84,-3,3
73617,77,73,4,4
73618,57,63,-6,6
73619,125,131,-6,6
73620,137,120,17,17
73621,98,100,-2,2
73622,76,71,5,5
73623,99,83,16,16
73624,88,87,1,1
73625,71,69,2,2
73626,85,78,7,7
73627,93,92,1,1
73628,112,98,14,14
73629,63,66,-3,3
73630,79,89,-10,10
73631,90,85,5,5
73632,71,67,4,4
73633,67,80,-13,13
73634,147,124,23,23
73635,57,74,-17,17
73636,61,59,2,2
73637,100,91,9,9
73638,79,73,6,6
73639,136,108,28,28
73640,88,88,0,0
73641,67,65,2,2
73642,173,160,13,13
73643,111,97,14,14
73644,96,78,18,18
73645,91,82,9,9
73646,90,78,12,12
73647,93,85,8,8
73648,99,97,2,2
73649,57,54,3,3
73650,71,67,4,4
73651,165,145,20,20
73652,91,99,-8,8
73653,59,60,-1,1
73654,103,99,4,4
73655,72,70,2,2
73656,95,89,6,6
73657,86,71,15,15
73658,142,115,27,27
73659,92,89,3,3
73660,86,88,-2,2
73661,143,131,12,12
73662,37,53,-16,16
73663,66,67,-1,1
73664,121,111,10,10
73665,89,88,1,1
73666,54,67,-13,13
73667,64,61,3,3
73668,48,53,-5,5
73669,33,52,-19,19
73670,154,144,10,10
73671,55,56,-1,1
73672,85,75,10,10
73673,68,65,3,3
73674,88,87,1,1
73675,61,65,-4,4
73676,123,111,12,12
73677,98,99,-1,1
73678,161,149,12,12
73679,53,58,-5,5
73680,68,70,-2,2
73681,131,119,12,12
73682,100,93,7,7
73683,64,62,2,2
73684,109,114,-5,5
73685,87,83,4,4
73686,78,77,1,1
73687,56,60,-4,4
73688,96,88,8,8
73689,104,97,7,7
73690,94,91,3,3
73691,66,63,3,3
73692,106,96,10,10
73693,132,139,-7,7
73694,142,114,28,28
73695,112,112,0,0
73696,104,75,29,29
73697,129,130,-1,1
73698,107,100,7,7
73699,137,138,-1,1
73700,81,84,-3,3
73701,57,53,4,4
73702,126,113,13,13
73703,57,69,-12,12
73704,141,124,17,17
73705,94,86,8,8
73706,56,64,-8,8
73707,100,88,12,12
73708,65,69,-4,4
73709,153,140,13,13
73710,106,106,0,0
73711,65,64,1,1
73712,89,88,1,1
73713,69,59,10,10
73714,172,155,17,17
73715,74,73,1,1
73716,55,61,-6,6
73717,95,91,4,4
73718,80,79,1,1
73719,72,73,-1,1
73720,69,67,2,2
73721,77,83,-6,6
73722,136,123,13,13
73723,60,60,0,0
73724,106,94,12,12
73725,98,90,8,8
73726,113,108,5,5
73727,66,64,2,2
73728,117,104,13,13
73729,75,74,1,1
73730,123,116,7,7
73731,54,54,0,0
73732,157,158,-1,1
73733,100,93,7,7
73734,74,74,0,0
73735,61,61,0,0
73736,72,73,-1,1
73737,81,73,8,8
73738,138,140,-2,2
73739,137,136,1,1
73740,163,141,22,22
73741,65,77,-12,12
73742,130,125,5,5
73743,68,73,-5,5
73744,97,88,9,9
73745,167,149,18,18
73746,93,72,21,21
73747,63,66,-3,3
73748,91,83,8,8
73749,174,152,22,22
73750,138,117,21,21
73751,75,73,2,2
73752,129,131,-2,2
73753,116,100,16,16
73754,47,52,-5,5
73755,116,102,14,14
73756,103,94,9,9
73757,112,100,12,12
73758,133,121,12,12
73759,55,63,-8,8
73760,75,78,-3,3
73761,53,56,-3,3
73762,88,96,-8,8
73763,132,126,6,6
73764,35,52,-17,17
73765,45,57,-12,12
73766,67,66,1,1
73767,124,107,17,17
73768,148,134,14,14
73769,138,122,16,16
73770,98,92,6,6
73771,81,79,2,2
73772,54,56,-2,2
73773,35,52,-17,17
73774,69,62,7,7
73775,66,63,3,3
73776,116,106,10,10
73777,86,79,7,7
73778,95,94,1,1
73779,95,97,-2,2
73780,61,59,2,2
73781,79,75,4,4
73782,74,91,-17,17
73783,117,110,7,7
73784,63,62,1,1
73785,138,115,23,23
73786,125,120,5,5
73787,95,92,3,3
73788,66,67,-1,1
73789,53,54,-1,1
73790,83,79,4,4
73791,60,64,-4,4
73792,52,56,-4,4
73793,55,54,1,1
73794,100,102,-2,2
73795,91,103,-12,12
73796,87,83,4,4
73797,63,55,8,8
73798,122,92,30,30
73799,75,69,6,6
73800,57,66,-9,9
73801,55,57,-2,2
73802,110,98,12,12
73803,88,87,1,1
73804,155,156,-1,1
73805,96,96,0,0
73806,81,81,0,0
73807,102,94,8,8
73808,141,121,20,20
73809,105,100,5,5
73810,68,61,7,7
73811,80,70,10,10
73812,94,97,-3,3
73813,60,59,1,1
73814,107,87,20,20
73815,112,106,6,6
73816,92,89,3,3
73817,86,71,15,15
73818,131,110,21,21
73819,62,56,6,6
73820,146,140,6,6
73821,67,76,-9,9
73822,77,74,3,3
73823,101,100,1,1
73824,80,75,5,5
73825,97,79,18,18
73826,140,123,17,17
73827,128,133,-5,5
73828,108,104,4,4
73829,91,84,7,7
73830,91,89,2,2
73831,87,81,6,6
73832,151,126,25,25
73833,91,95,-4,4
73834,161,139,22,22
73835,60,68,-8,8
73836,135,119,16,16
73837,73,81,-8,8
73838,88,95,-7,7
73839,71,65,6,6
73840,80,80,0,0
73841,50,54,-4,4
73842,106,97,9,9
73843,66,63,3,3
73844,90,95,-5,5
73845,122,121,1,1
73846,99,89,10,10
73847,73,72,1,1
73848,60,59,1,1
73849,63,84,-21,21
73850,105,117,-12,12
73851,34,52,-18,18
73852,74,79,-5,5
73853,122,114,8,8
73854,123,104,19,19
73855,66,61,5,5
73856,122,110,12,12
73857,114,102,12,12
73858,165,156,9,9
73859,139,147,-8,8
73860,58,54,4,4
73861,70,70,0,0
73862,71,62,9,9
73863,158,172,-14,14
73864,66,61,5,5
73865,166,130,36,36
73866,129,124,5,5
73867,91,87,4,4
73868,109,124,-15,15
73869,118,125,-7,7
73870,90,89,1,1
73871,125,117,8,8
73872,94,85,9,9
73873,107,93,14,14
73874,144,118,26,26
73875,83,75,8,8
73876,71,73,-2,2
73877,93,90,3,3
73878,103,97,6,6
73879,78,77,1,1
73880,33,75,-42,42
73881,44,76,-32,32
73882,129,116,13,13
73883,210,182,28,28
73884,98,86,12,12
73885,60,77,-17,17
73886,110,97,13,13
73887,56,59,-3,3
73888,149,133,16,16
73889,86,82,4,4
73890,101,93,8,8
73891,80,76,4,4
73892,96,93,3,3
73893,66,65,1,1
73894,73,68,5,5
73895,87,68,19,19
73896,73,67,6,6
73897,96,86,10,10
73898,36,54,-18,18
73899,171,182,-11,11
73900,125,117,8,8
73901,82,84,-2,2
73902,79,70,9,9
73903,148,132,16,16
73904,137,126,11,11
73905,82,81,1,1
73906,72,91,-19,19
73907,57,59,-2,2
73908,162,153,9,9
73909,148,128,20,20
73910,82,75,7,7
73911,76,72,4,4
73912,72,65,7,7
73913,42,51,-9,9
73914,102,105,-3,3
73915,61,65,-4,4
73916,107,106,1,1
73917,72,62,10,10
73918,117,122,-5,5
73919,70,67,3,3
73920,60,57,3,3
73921,110,90,20,20
73922,94,92,2,2
73923,121,124,-3,3
73924,102,101,1,1
73925,61,62,-1,1
73926,69,65,4,4
73927,51,61,-10,10
73928,113,120,-7,7
73929,148,160,-12,12
73930,129,113,16,16
73931,60,60,0,0
73932,82,98,-16,16
73933,149,134,15,15
73934,64,59,5,5
73935,95,94,1,1
73936,105,96,9,9
73937,129,123,6,6
73938,140,131,9,9
73939,143,142,1,1
73940,67,62,5,5
73941,81,78,3,3
73942,131,113,18,18
73943,61,57,4,4
73944,95,90,5,5
73945,121,113,8,8
73946,96,83,13,13
73947,159,131,28,28
73948,51,55,-4,4
73949,72,73,-1,1
73950,83,79,4,4
73951,114,105,9,9
73952,90,92,-2,2
73953,72,67,5,5
73954,88,77,11,11
73955,149,133,16,16
73956,69,65,4,4
73957,67,69,-2,2
73958,65,72,-7,7
73959,119,120,-1,1
73960,146,125,21,21
73961,75,81,-6,6
73962,175,152,23,23
73963,109,109,0,0
73964,80,75,5,5
73965,99,88,11,11
73966,137,125,12,12
73967,77,91,-14,14
73968,44,67,-23,23
73969,96,86,10,10
73970,55,56,-1,1
73971,113,100,13,13
73972,108,101,7,7
73973,55,54,1,1
73974,138,113,25,25
73975,74,69,5,5
73976,69,70,-1,1
73977,131,124,7,7
73978,129,150,-21,21
73979,103,100,3,3
73980,50,54,-4,4
73981,90,92,-2,2
73982,42,51,-9,9
73983,140,147,-7,7
73984,76,87,-11,11
73985,113,105,8,8
73986,43,55,-12,12
73987,73,84,-11,11
73988,116,113,3,3
73989,112,117,-5,5
73990,126,124,2,2
73991,98,97,1,1
73992,83,84,-1,1
73993,51,66,-15,15
73994,73,90,-17,17
73995,220,178,42,42
73996,72,78,-6,6
73997,63,61,2,2
73998,107,102,5,5
73999,90,80,10,10
74000,50,60,-10,10
74001,100,93,7,7
74002,126,112,14,14
74003,73,69,4,4
74004,88,90,-2,2
74005,65,77,-12,12
74006,73,66,7,7
74007,83,77,6,6
74008,118,119,-1,1
74009,77,68,9,9
74010,175,161,14,14
74011,101,91,10,10
74012,72,69,3,3
74013,84,84,0,0
74014,320,345,-25,25
74015,86,95,-9,9
74016,48,54,-6,6
74017,82,72,10,10
74018,111,97,14,14
74019,83,80,3,3
74020,105,111,-6,6
74021,87,90,-3,3
74022,92,90,2,2
74023,106,98,8,8
74024,179,165,14,14
74025,123,111,12,12
74026,68,73,-5,5
74027,52,53,-1,1
74028,155,126,29,29
74029,97,104,-7,7
74030,78,79,-1,1
74031,52,53,-1,1
74032,62,62,0,0
74033,92,90,2,2
74034,113,102,11,11
74035,141,129,12,12
74036,66,69,-3,3
74037,97,84,13,13
74038,80,97,-17,17
74039,71,89,-18,18
74040,117,109,8,8
74041,202,175,27,27
74042,89,81,8,8
74043,65,68,-3,3
74044,83,87,-4,4
74045,151,133,18,18
74046,68,60,8,8
74047,84,88,-4,4
74048,114,104,10,10
74049,67,64,3,3
74050,48,55,-7,7
74051,108,106,2,2
74052,159,133,26,26
74053,84,76,8,8
74054,153,136,17,17
74055,52,67,-15,15
74056,159,144,15,15
74057,118,115,3,3
74058,83,86,-3,3
74059,50,54,-4,4
74060,125,113,12,12
74061,41,91,-50,50
74062,62,69,-7,7
74063,85,73,12,12
74064,133,128,5,5
74065,129,116,13,13
74066,97,90,7,7
74067,102,103,-1,1
74068,23,51,-28,28
74069,74,75,-1,1
74070,41,54,-13,13
74071,108,111,-3,3
74072,104,98,6,6
74073,108,90,18,18
74074,97,88,9,9
74075,74,75,-1,1
74076,94,89,5,5
74077,78,72,6,6
74078,117,115,2,2
74079,119,115,4,4
74080,60,55,5,5
74081,86,78,8,8
74082,84,84,0,0
74083,72,70,2,2
74084,93,95,-2,2
74085,72,71,1,1
74086,156,130,26,26
74087,73,74,-1,1
74088,108,95,13,13
74089,126,131,-5,5
74090,93,89,4,4
74091,79,64,15,15
74092,181,149,32,32
74093,83,74,9,9
74094,119,110,9,9
74095,71,67,4,4
74096,77,68,9,9
74097,104,121,-17,17
74098,72,75,-3,3
74099,68,66,2,2
74100,98,93,5,5
74101,57,75,-18,18
74102,80,100,-20,20
74103,73,67,6,6
74104,191,163,28,28
74105,100,91,9,9
74106,132,112,20,20
74107,40,52,-12,12
74108,54,55,-1,1
74109,154,145,9,9
74110,139,130,9,9
74111,107,100,7,7
74112,128,116,12,12
74113,133,122,11,11
74114,83,70,13,13
74115,63,84,-21,21
74116,81,76,5,5
74117,163,147,16,16
74118,109,106,3,3
74119,63,60,3,3
74120,90,85,5,5
74121,81,91,-10,10
74122,66,62,4,4
74123,120,121,-1,1
74124,89,83,6,6
74125,67,71,-4,4
74126,85,80,5,5
74127,78,77,1,1
74128,75,78,-3,3
74129,198,178,20,20
74130,92,92,0,0
74131,118,105,13,13
74132,57,59,-2,2
74133,155,139,16,16
74134,86,80,6,6
74135,67,63,4,4
74136,178,142,36,36
74137,68,69,-1,1
74138,85,80,5,5
74139,79,82,-3,3
74140,93,83,10,10
74141,50,55,-5,5
74142,58,60,-2,2
74143,104,102,2,2
74144,100,92,8,8
74145,201,178,23,23
74146,105,101,4,4
74147,105,105,0,0
74148,90,88,2,2
74149,68,74,-6,6
74150,74,75,-1,1
74151,60,57,3,3
74152,59,77,-18,18
74153,97,101,-4,4
74154,87,80,7,7
74155,55,63,-8,8
74156,111,97,14,14
74157,119,100,19,19
74158,115,114,1,1
74159,59,55,4,4
74160,61,60,1,1
74161,30,67,-37,37
74162,96,88,8,8
74163,131,110,21,21
74164,183,164,19,19
74165,161,159,2,2
74166,146,139,7,7
74167,200,176,24,24
74168,100,98,2,2
74169,114,108,6,6
74170,108,103,5,5
74171,73,69,4,4
74172,75,68,7,7
74173,72,69,3,3
74174,143,144,-1,1
74175,101,89,12,12
74176,66,68,-2,2
74177,164,140,24,24
74178,85,82,3,3
74179,88,83,5,5
74180,98,97,1,1
74181,54,89,-35,35
74182,95,94,1,1
74183,64,67,-3,3
74184,144,133,11,11
74185,105,99,6,6
74186,102,107,-5,5
74187,114,94,20,20
74188,54,59,-5,5
74189,112,98,14,14
74190,181,156,25,25
74191,110,100,10,10
74192,75,64,11,11
74193,51,60,-9,9
74194,98,90,8,8
74195,85,86,-1,1
74196,54,64,-10,10
74197,57,60,-3,3
74198,77,85,-8,8
74199,66,77,-11,11
74200,84,75,9,9
74201,102,103,-1,1
74202,124,121,3,3
74203,129,121,8,8
74204,195,175,20,20
74205,111,105,6,6
74206,109,115,-6,6
74207,68,65,3,3
74208,57,56,1,1
74209,76,84,-8,8
74210,99,93,6,6
74211,78,84,-6,6
74212,124,114,10,10
74213,83,74,9,9
74214,82,74,8,8
74215,73,66,7,7
74216,66,67,-1,1
74217,102,99,3,3
74218,107,111,-4,4
74219,101,95,6,6
74220,119,118,1,1
74221,120,123,-3,3
74222,69,71,-2,2
74223,80,94,-14,14
74224,113,109,4,4
74225,63,67,-4,4
74226,94,81,13,13
74227,146,143,3,3
74228,109,103,6,6
74229,117,103,14,14
74230,66,65,1,1
74231,151,126,25,25
74232,60,56,4,4
74233,146,152,-6,6
74234,135,127,8,8
74235,90,80,10,10
74236,48,57,-9,9
74237,71,67,4,4
74238,155,149,6,6
74239,86,71,15,15
74240,111,120,-9,9
74241,96,89,7,7
74242,137,144,-7,7
74243,81,86,-5,5
74244,60,62,-2,2
74245,83,95,-12,12
74246,106,101,5,5
74247,67,68,-1,1
74248,52,54,-2,2
74249,104,97,7,7
74250,73,79,-6,6
74251,87,91,-4,4
74252,148,143,5,5
74253,77,70,7,7
74254,92,88,4,4
74255,201,178,23,23
74256,50,53,-3,3
74257,149,137,12,12
74258,150,124,26,26
74259,89,93,-4,4
74260,131,118,13,13
74261,73,67,6,6
74262,83,86,-3,3
74263,155,147,8,8
74264,80,62,18,18
74265,128,125,3,3
74266,59,57,2,2
74267,85,92,-7,7
74268,87,101,-14,14
74269,85,79,6,6
74270,72,68,4,4
74271,72,71,1,1
74272,56,56,0,0
74273,127,119,8,8
74274,73,68,5,5
74275,94,78,16,16
74276,72,66,6,6
74277,48,53,-5,5
74278,130,110,20,20
74279,103,85,18,18
74280,96,79,17,17
74281,140,133,7,7
74282,63,65,-2,2
74283,61,59,2,2
74284,78,73,5,5
74285,75,66,9,9
74286,81,82,-1,1
74287,79,82,-3,3
74288,94,94,0,0
74289,117,108,9,9
74290,59,56,3,3
74291,84,78,6,6
74292,149,135,14,14
74293,109,107,2,2
74294,46,54,-8,8
74295,131,116,15,15
74296,118,107,11,11
74297,83,88,-5,5
74298,68,79,-11,11
74299,70,82,-12,12
74300,49,54,-5,5
74301,73,67,6,6
74302,132,129,3,3
74303,93,83,10,10
74304,159,154,5,5
74305,107,105,2,2
74306,185,158,27,27
74307,143,132,11,11
74308,60,66,-6,6
74309,78,70,8,8
74310,106,107,-1,1
74311,98,87,11,11
74312,101,85,16,16
74313,39,59,-20,20
74314,104,104,0,0
74315,51,63,-12,12
74316,88,79,9,9
74317,83,78,5,5
74318,116,127,-11,11
74319,59,57,2,2
74320,88,82,6,6
74321,206,167,39,39
74322,147,118,29,29
74323,40,54,-14,14
74324,45,54,-9,9
74325,89,89,0,0
74326,146,132,14,14
74327,76,77,-1,1
74328,92,69,23,23
74329,35,53,-18,18
74330,77,90,-13,13
74331,104,107,-3,3
74332,97,83,14,14
74333,135,126,9,9
74334,63,58,5,5
74335,54,56,-2,2
74336,117,117,0,0
74337,79,73,6,6
74338,64,67,-3,3
74339,63,62,1,1
74340,63,62,1,1
74341,80,78,2,2
74342,136,128,8,8
74343,106,85,21,21
74344,76,72,4,4
74345,80,77,3,3
74346,126,115,11,11
74347,96,88,8,8
74348,56,57,-1,1
74349,124,122,2,2
74350,137,130,7,7
74351,63,71,-8,8
74352,59,64,-5,5
74353,102,95,7,7
74354,41,52,-11,11
74355,84,84,0,0
74356,99,99,0,0
74357,108,113,-5,5
74358,125,123,2,2
74359,115,105,10,10
74360,84,79,5,5
74361,100,104,-4,4
74362,128,124,4,4
74363,60,61,-1,1
74364,77,79,-2,2
74365,63,58,5,5
74366,90,99,-9,9
74367,64,73,-9,9
74368,61,57,4,4
74369,99,101,-2,2
74370,97,98,-1,1
74371,65,60,5,5
74372,99,97,2,2
74373,181,158,23,23
74374,83,85,-2,2
74375,102,98,4,4
74376,136,140,-4,4
74377,56,55,1,1
74378,132,121,11,11
74379,76,75,1,1
74380,101,93,8,8
74381,110,90,20,20
74382,51,54,-3,3
74383,60,64,-4,4
74384,127,123,4,4
74385,81,104,-23,23
74386,59,60,-1,1
74387,82,78,4,4
74388,103,96,7,7
74389,99,93,6,6
74390,50,52,-2,2
74391,85,95,-10,10
74392,67,60,7,7
74393,125,111,14,14
74394,93,86,7,7
74395,116,108,8,8
74396,68,74,-6,6
74397,77,75,2,2
74398,95,94,1,1
74399,59,64,-5,5
74400,111,95,16,16
74401,79,80,-1,1
74402,84,87,-3,3
74403,89,93,-4,4
74404,164,151,13,13
74405,72,68,4,4
74406,78,78,0,0
74407,149,147,2,2
74408,95,77,18,18
74409,85,77,8,8
74410,96,95,1,1
74411,72,62,10,10
74412,112,96,16,16
74413,77,72,5,5
74414,40,54,-14,14
74415,110,105,5,5
74416,59,68,-9,9
74417,107,100,7,7
74418,66,76,-10,10
74419,87,82,5,5
74420,72,70,2,2
74421,85,88,-3,3
74422,49,53,-4,4
74423,72,75,-3,3
74424,156,152,4,4
74425,75,58,17,17
74426,83,74,9,9
74427,107,104,3,3
74428,97,84,13,13
74429,108,95,13,13
74430,89,77,12,12
74431,103,112,-9,9
74432,133,127,6,6
74433,56,54,2,2
74434,77,75,2,2
74435,88,91,-3,3
74436,106,110,-4,4
74437,134,131,3,3
74438,81,84,-3,3
74439,126,120,6,6
74440,69,67,2,2
74441,120,154,-34,34
74442,121,110,11,11
74443,62,61,1,1
74444,85,79,6,6
74445,93,84,9,9
74446,111,105,6,6
74447,99,114,-15,15
74448,50,54,-4,4
74449,98,100,-2,2
74450,83,71,12,12
74451,94,97,-3,3
74452,144,135,9,9
74453,49,59,-10,10
74454,46,52,-6,6
74455,87,89,-2,2
74456,80,82,-2,2
74457,150,123,27,27
74458,67,73,-6,6
74459,39,52,-13,13
74460,82,77,5,5
74461,76,75,1,1
74462,56,55,1,1
74463,33,53,-20,20
74464,95,88,7,7
74465,67,57,10,10
74466,87,90,-3,3
74467,101,91,10,10
74468,62,62,0,0
74469,62,66,-4,4
74470,93,81,12,12
74471,71,58,13,13
74472,79,79,0,0
74473,86,77,9,9
74474,70,71,-1,1
74475,117,109,8,8
74476,51,70,-19,19
74477,168,148,20,20
74478,120,105,15,15
74479,99,88,11,11
74480,73,77,-4,4
74481,120,116,4,4
74482,136,122,14,14
74483,57,69,-12,12
74484,89,80,9,9
74485,89,91,-2,2
74486,81,84,-3,3
74487,72,59,13,13
74488,104,97,7,7
74489,141,127,14,14
74490,79,75,4,4
74491,167,152,15,15
74492,86,80,6,6
74493,138,118,20,20
74494,66,65,1,1
74495,59,56,3,3
74496,110,117,-7,7
74497,82,74,8,8
74498,92,90,2,2
74499,62,58,4,4
74500,82,69,13,13
74501,62,68,-6,6
74502,94,83,11,11
74503,135,149,-14,14
74504,227,222,5,5
74505,85,82,3,3
74506,74,82,-8,8
74507,106,135,-29,29
74508,52,58,-6,6
74509,96,106,-10,10
74510,97,94,3,3
74511,143,138,5,5
74512,84,71,13,13
74513,77,66,11,11
74514,49,52,-3,3
74515,116,109,7,7
74516,67,90,-23,23
74517,74,77,-3,3
74518,83,80,3,3
74519,77,72,5,5
74520,113,107,6,6
74521,125,114,11,11
74522,59,57,2,2
74523,62,65,-3,3
74524,148,138,10,10
74525,56,65,-9,9
74526,85,94,-9,9
74527,158,135,23,23
74528,79,83,-4,4
74529,87,78,9,9
74530,115,136,-21,21
74531,62,59,3,3
74532,78,75,3,3
74533,107,95,12,12
74534,129,121,8,8
74535,109,100,9,9
74536,46,55,-9,9
74537,73,67,6,6
74538,47,54,-7,7
74539,57,58,-1,1
74540,136,132,4,4
74541,74,68,6,6
74542,73,69,4,4
74543,117,111,6,6
74544,64,66,-2,2
74545,65,71,-6,6
74546,61,61,0,0
74547,40,54,-14,14
74548,84,79,5,5
74549,96,97,-1,1
74550,108,95,13,13
74551,148,140,8,8
74552,111,107,4,4
74553,131,127,4,4
74554,55,61,-6,6
74555,132,122,10,10
74556,156,120,36,36
74557,68,67,1,1
74558,109,103,6,6
74559,65,60,5,5
74560,78,68,10,10
74561,136,122,14,14
74562,190,181,9,9
74563,157,148,9,9
74564,110,107,3,3
74565,50,58,-8,8
74566,123,127,-4,4
74567,127,123,4,4
74568,88,86,2,2
74569,116,110,6,6
74570,85,89,-4,4
74571,116,106,10,10
74572,181,164,17,17
74573,87,87,0,0
74574,135,132,3,3
74575,64,76,-12,12
74576,92,87,5,5
74577,59,59,0,0
74578,81,69,12,12
74579,71,67,4,4
74580,130,129,1,1
74581,96,83,13,13
74582,86,76,10,10
74583,107,119,-12,12
74584,118,107,11,11
74585,93,91,2,2
74586,88,91,-3,3
74587,54,60,-6,6
74588,101,98,3,3
74589,58,59,-1,1
74590,109,98,11,11
74591,106,107,-1,1
74592,139,129,10,10
74593,50,55,-5,5
74594,168,159,9,9
74595,115,116,-1,1
74596,70,72,-2,2
74597,92,83,9,9
74598,133,125,8,8
74599,74,72,2,2
74600,159,155,4,4
74601,120,115,5,5
74602,84,99,-15,15
74603,103,106,-3,3
74604,183,146,37,37
74605,139,126,13,13
74606,86,84,2,2
74607,82,82,0,0
74608,61,69,-8,8
74609,123,97,26,26
74610,87,84,3,3
74611,135,129,6,6
74612,99,90,9,9
74613,74,69,5,5
74614,74,76,-2,2
74615,139,137,2,2
74616,85,81,4,4
74617,70,70,0,0
74618,106,98,8,8
74619,123,119,4,4
74620,100,97,3,3
74621,61,60,1,1
74622,92,89,3,3
74623,132,131,1,1
74624,59,61,-2,2
74625,226,193,33,33
74626,84,73,11,11
74627,165,161,4,4
74628,83,87,-4,4
74629,115,108,7,7
74630,159,140,19,19
74631,93,80,13,13
74632,126,128,-2,2
74633,51,54,-3,3
74634,118,110,8,8
74635,80,69,11,11
74636,161,138,23,23
74637,91,88,3,3
74638,83,80,3,3
74639,91,87,4,4
74640,234,206,28,28
74641,78,72,6,6
74642,101,91,10,10
74643,72,70,2,2
74644,92,70,22,22
74645,44,61,-17,17
74646,76,75,1,1
74647,106,99,7,7
74648,119,100,19,19
74649,111,92,19,19
74650,111,114,-3,3
74651,105,94,11,11
74652,62,63,-1,1
74653,113,114,-1,1
74654,94,95,-1,1
74655,155,136,19,19
74656,59,58,1,1
74657,86,96,-10,10
74658,61,63,-2,2
74659,198,169,29,29
74660,83,81,2,2
74661,50,59,-9,9
74662,126,117,9,9
74663,95,84,11,11
74664,95,84,11,11
74665,24,52,-28,28
74666,90,93,-3,3
74667,47,54,-7,7
74668,64,70,-6,6
74669,107,106,1,1
74670,94,82,12,12
74671,77,75,2,2
74672,111,121,-10,10
74673,107,106,1,1
74674,33,51,-18,18
74675,73,68,5,5
74676,63,65,-2,2
74677,90,90,0,0
74678,89,162,-73,73
74679,79,69,10,10
74680,128,125,3,3
74681,91,89,2,2
74682,114,103,11,11
74683,103,93,10,10
74684,61,54,7,7
74685,122,126,-4,4
74686,114,107,7,7
74687,143,133,10,10
74688,75,75,0,0
74689,66,60,6,6
74690,90,89,1,1
74691,108,88,20,20
74692,74,75,-1,1
74693,137,129,8,8
74694,121,104,17,17
74695,85,98,-13,13
74696,47,54,-7,7
74697,51,62,-11,11
74698,79,71,8,8
74699,80,74,6,6
74700,111,105,6,6
74701,126,131,-5,5
74702,37,53,-16,16
74703,87,83,4,4
74704,102,98,4,4
74705,73,69,4,4
74706,81,89,-8,8
74707,85,70,15,15
74708,127,115,12,12
74709,127,108,19,19
74710,93,101,-8,8
74711,122,120,2,2
74712,175,151,24,24
74713,96,92,4,4
74714,88,80,8,8
74715,162,136,26,26
74716,124,130,-6,6
74717,42,52,-10,10
74718,90,87,3,3
74719,91,87,4,4
74720,129,123,6,6
74721,53,55,-2,2
74722,75,74,1,1
74723,88,81,7,7
74724,70,62,8,8
74725,185,169,16,16
74726,105,97,8,8
74727,128,115,13,13
74728,103,96,7,7
74729,100,101,-1,1
74730,71,70,1,1
74731,157,132,25,25
74732,103,106,-3,3
74733,118,111,7,7
74734,140,170,-30,30
74735,102,102,0,0
74736,71,65,6,6
74737,143,139,4,4
74738,58,62,-4,4
74739,96,96,0,0
74740,112,106,6,6
74741,85,81,4,4
74742,92,98,-6,6
74743,81,86,-5,5
74744,102,95,7,7
74745,43,63,-20,20
74746,87,81,6,6
74747,118,110,8,8
74748,85,75,10,10
74749,100,100,0,0
74750,83,89,-6,6
74751,83,66,17,17
74752,89,83,6,6
74753,50,55,-5,5
74754,134,123,11,11
74755,65,57,8,8
74756,72,73,-1,1
74757,75,66,9,9
74758,78,73,5,5
74759,81,84,-3,3
74760,105,109,-4,4
74761,67,64,3,3
74762,136,67,69,69
74763,86,98,-12,12
74764,139,126,13,13
74765,78,71,7,7
74766,38,59,-21,21
74767,78,71,7,7
74768,59,55,4,4
74769,91,84,7,7
74770,152,135,17,17
74771,148,147,1,1
74772,108,102,6,6
74773,77,70,7,7
74774,83,75,8,8
74775,89,80,9,9
74776,104,89,15,15
74777,117,117,0,0
74778,151,140,11,11
74779,45,55,-10,10
74780,60,55,5,5
74781,125,123,2,2
74782,41,55,-14,14
74783,49,54,-5,5
74784,140,130,10,10
74785,90,89,1,1
74786,93,91,2,2
74787,100,83,17,17
74788,125,112,13,13
74789,114,115,-1,1
74790,128,125,3,3
74791,60,61,-1,1
74792,191,169,22,22
74793,140,135,5,5
74794,82,86,-4,4
74795,76,67,9,9
74796,117,114,3,3
74797,83,84,-1,1
74798,82,76,6,6
74799,122,127,-5,5
74800,60,62,-2,2
74801,117,113,4,4
74802,96,88,8,8
74803,115,111,4,4
74804,134,127,7,7
74805,109,105,4,4
74806,91,77,14,14
74807,72,71,1,1
74808,96,87,9,9
74809,80,80,0,0
74810,71,74,-3,3
74811,95,82,13,13
74812,101,100,1,1
74813,67,64,3,3
74814,87,93,-6,6
74815,89,87,2,2
74816,62,62,0,0
74817,126,147,-21,21
74818,78,83,-5,5
74819,100,102,-2,2
74820,96,90,6,6
74821,100,95,5,5
74822,59,59,0,0
74823,93,89,4,4
74824,120,114,6,6
74825,70,73,-3,3
74826,46,54,-8,8
74827,153,141,12,12
74828,91,86,5,5
74829,94,94,0,0
74830,74,77,-3,3
74831,87,73,14,14
74832,76,76,0,0
74833,56,59,-3,3
74834,104,119,-15,15
74835,126,119,7,7
74836,115,109,6,6
74837,107,109,-2,2
74838,41,55,-14,14
74839,75,65,10,10
74840,76,80,-4,4
74841,75,76,-1,1
74842,50,53,-3,3
74843,118,115,3,3
74844,131,123,8,8
74845,92,132,-40,40
74846,113,105,8,8
74847,126,108,18,18
74848,65,70,-5,5
74849,128,121,7,7
74850,89,86,3,3
74851,100,85,15,15
74852,85,78,7,7
74853,166,145,21,21
74854,100,109,-9,9
74855,119,117,2,2
74856,72,64,8,8
74857,78,77,1,1
74858,70,61,9,9
74859,84,80,4,4
74860,56,55,1,1
74861,18,50,-32,32
74862,75,77,-2,2
74863,107,112,-5,5
74864,86,77,9,9
74865,128,125,3,3
74866,99,99,0,0
74867,69,73,-4,4
74868,130,115,15,15
74869,127,121,6,6
74870,188,167,21,21
74871,99,96,3,3
74872,83,78,5,5
74873,105,92,13,13
74874,56,58,-2,2
74875,84,79,5,5
74876,43,54,-11,11
74877,104,113,-9,9
74878,93,92,1,1
74879,111,115,-4,4
74880,106,114,-8,8
74881,77,71,6,6
74882,74,67,7,7
74883,138,132,6,6
74884,47,52,-5,5
74885,158,147,11,11
74886,111,106,5,5
74887,84,85,-1,1
74888,129,134,-5,5
74889,76,76,0,0
74890,84,79,5,5
74891,67,66,1,1
74892,61,56,5,5
74893,107,96,11,11
74894,79,68,11,11
74895,112,115,-3,3
74896,53,55,-2,2
74897,84,80,4,4
74898,46,56,-10,10
74899,115,104,11,11
74900,48,52,-4,4
74901,51,54,-3,3
74902,73,86,-13,13
74903,81,96,-15,15
74904,53,54,-1,1
74905,144,133,11,11
74906,93,85,8,8
74907,63,74,-11,11
74908,47,52,-5,5
74909,117,97,20,20
74910,172,127,45,45
74911,57,62,-5,5
74912,143,134,9,9
74913,108,109,-1,1
74914,140,124,16,16
74915,70,70,0,0
74916,96,94,2,2
74917,107,105,2,2
74918,116,105,11,11
74919,120,116,4,4
74920,60,54,6,6
74921,77,81,-4,4
74922,112,111,1,1
74923,97,105,-8,8
74924,183,180,3,3
74925,95,90,5,5
74926,92,85,7,7
74927,76,87,-11,11
74928,99,97,2,2
74929,85,77,8,8
74930,76,76,0,0
74931,93,88,5,5
74932,50,55,-5,5
74933,55,58,-3,3
74934,88,87,1,1
74935,97,103,-6,6
74936,83,82,1,1
74937,54,53,1,1
74938,86,77,9,9
74939,77,82,-5,5
74940,282,327,-45,45
74941,136,123,13,13
74942,91,76,15,15
74943,150,152,-2,2
74944,66,66,0,0
74945,71,77,-6,6
74946,87,82,5,5
74947,87,89,-2,2
74948,119,114,5,5
74949,148,133,15,15
74950,117,108,9,9
74951,85,83,2,2
74952,97,90,7,7
74953,49,58,-9,9
74954,103,103,0,0
74955,38,51,-13,13
74956,86,94,-8,8
74957,49,54,-5,5
74958,103,95,8,8
74959,103,122,-19,19
74960,45,57,-12,12
74961,103,95,8,8
74962,83,74,9,9
74963,95,85,10,10
74964,60,67,-7,7
74965,102,107,-5,5
74966,138,143,-5,5
74967,83,79,4,4
74968,95,95,0,0
74969,96,90,6,6
74970,150,144,6,6
74971,53,53,0,0
74972,133,115,18,18
74973,45,54,-9,9
74974,50,53,-3,3
74975,35,81,-46,46
74976,103,91,12,12
74977,58,56,2,2
74978,72,73,-1,1
74979,100,102,-2,2
74980,95,88,7,7
74981,109,96,13,13
74982,57,67,-10,10
74983,68,82,-14,14
74984,89,82,7,7
74985,129,120,9,9
74986,118,110,8,8
74987,114,109,5,5
74988,112,105,7,7
74989,103,93,10,10
74990,95,90,5,5
74991,130,135,-5,5
74992,95,81,14,14
74993,129,121,8,8
74994,84,79,5,5
74995,103,104,-1,1
74996,146,134,12,12
74997,84,90,-6,6
74998,143,130,13,13
74999,84,84,0,0
75000,69,75,-6,6
75001,94,98,-4,4
75002,56,70,-14,14
75003,133,126,7,7
75004,49,59,-10,10
75005,58,55,3,3
75006,122,107,15,15
75007,117,113,4,4
75008,87,82,5,5
75009,113,110,3,3
75010,60,61,-1,1
75011,65,66,-1,1
75012,103,97,6,6
75013,152,135,17,17
75014,121,116,5,5
75015,119,112,7,7
75016,47,55,-8,8
75017,113,100,13,13
75018,101,98,3,3
75019,73,81,-8,8
75020,88,94,-6,6
75021,156,135,21,21
75022,99,90,9,9
75023,86,87,-1,1
75024,101,99,2,2
75025,91,86,5,5
75026,59,63,-4,4
75027,72,71,1,1
75028,111,96,15,15
75029,108,105,3,3
75030,78,79,-1,1
75031,63,63,0,0
75032,97,97,0,0
75033,76,74,2,2
75034,94,105,-11,11
75035,83,79,4,4
75036,72,67,5,5
75037,113,95,18,18
75038,126,117,9,9
75039,86,95,-9,9
75040,67,58,9,9
75041,149,135,14,14
75042,89,80,9,9
75043,115,99,16,16
75044,111,97,14,14
75045,135,136,-1,1
75046,54,56,-2,2
75047,123,122,1,1
75048,82,85,-3,3
75049,26,53,-27,27
75050,66,63,3,3
75051,117,103,14,14
75052,135,138,-3,3
75053,70,63,7,7
75054,59,58,1,1
75055,141,137,4,4
75056,64,57,7,7
75057,126,123,3,3
75058,97,93,4,4
75059,54,55,-1,1
75060,99,95,4,4
75061,138,121,17,17
75062,130,131,-1,1
75063,111,87,24,24
75064,81,81,0,0
75065,97,91,6,6
75066,146,135,11,11
75067,92,84,8,8
75068,68,59,9,9
75069,70,70,0,0
75070,79,70,9,9
75071,57,64,-7,7
75072,70,68,2,2
75073,52,57,-5,5
75074,82,88,-6,6
75075,72,73,-1,1
75076,86,79,7,7
75077,124,107,17,17
75078,71,67,4,4
75079,75,63,12,12
75080,111,99,12,12
75081,85,71,14,14
75082,77,74,3,3
75083,116,116,0,0
75084,121,126,-5,5
75085,63,57,6,6
75086,65,60,5,5
75087,92,90,2,2
75088,115,108,7,7
75089,62,57,5,5
75090,90,83,7,7
75091,50,53,-3,3
75092,81,82,-1,1
75093,33,51,-18,18
75094,141,130,11,11
75095,51,53,-2,2
75096,32,55,-23,23
75097,89,101,-12,12
75098,117,110,7,7
75099,97,101,-4,4
75100,92,81,11,11
75101,71,68,3,3
75102,76,75,1,1
75103,42,57,-15,15
75104,84,91,-7,7
75105,87,92,-5,5
75106,153,137,16,16
75107,91,89,2,2
75108,59,83,-24,24
75109,69,64,5,5
75110,109,98,11,11
75111,115,105,10,10
75112,169,161,8,8
75113,67,66,1,1
75114,96,93,3,3
75115,94,92,2,2
75116,173,141,32,32
75117,96,87,9,9
75118,127,100,27,27
75119,58,57,1,1
75120,69,64,5,5
75121,68,66,2,2
75122,141,132,9,9
75123,110,127,-17,17
75124,46,87,-41,41
75125,56,115,-59,59
75126,99,105,-6,6
75127,117,113,4,4
75128,53,54,-1,1
75129,92,86,6,6
75130,100,108,-8,8
75131,100,87,13,13
75132,92,97,-5,5
75133,67,61,6,6
75134,148,128,20,20
75135,122,120,2,2
75136,162,146,16,16
75137,86,84,2,2
75138,165,142,23,23
75139,106,96,10,10
75140,84,96,-12,12
75141,97,92,5,5
75142,61,61,0,0
75143,187,175,12,12
75144,153,154,-1,1
75145,57,65,-8,8
75146,101,97,4,4
75147,154,123,31,31
75148,108,102,6,6
75149,55,54,1,1
75150,113,98,15,15
75151,55,59,-4,4
75152,101,90,11,11
75153,91,93,-2,2
75154,89,86,3,3
75155,96,86,10,10
75156,52,62,-10,10
75157,54,56,-2,2
75158,69,69,0,0
75159,95,106,-11,11
75160,88,78,10,10
75161,126,121,5,5
75162,82,88,-6,6
75163,76,78,-2,2
75164,112,101,11,11
75165,117,107,10,10
75166,113,108,5,5
75167,97,86,11,11
75168,98,94,4,4
75169,83,77,6,6
75170,76,67,9,9
75171,80,72,8,8
75172,111,106,5,5
75173,135,122,13,13
75174,62,64,-2,2
75175,140,131,9,9
75176,68,66,2,2
75177,141,140,1,1
75178,53,59,-6,6
75179,140,134,6,6
75180,74,70,4,4
75181,70,70,0,0
75182,78,85,-7,7
75183,103,94,9,9
75184,97,95,2,2
75185,75,74,1,1
75186,143,137,6,6
75187,163,147,16,16
75188,71,68,3,3
75189,58,57,1,1
75190,69,70,-1,1
75191,72,69,3,3
75192,158,150,8,8
75193,93,96,-3,3
75194,80,78,2,2
75195,142,126,16,16
75196,46,65,-19,19
75197,76,69,7,7
75198,129,159,-30,30
75199,82,78,4,4
75200,146,132,14,14
75201,93,87,6,6
75202,113,104,9,9
75203,142,142,0,0
75204,72,68,4,4
75205,74,71,3,3
75206,88,101,-13,13
75207,105,112,-7,7
75208,110,112,-2,2
75209,83,79,4,4
75210,27,60,-33,33
75211,136,129,7,7
75212,81,78,3,3
75213,98,89,9,9
75214,120,115,5,5
75215,92,73,19,19
75216,145,125,20,20
75217,137,129,8,8
75218,103,107,-4,4
75219,121,131,-10,10
75220,54,66,-12,12
75221,112,106,6,6
75222,76,75,1,1
75223,89,82,7,7
75224,160,130,30,30
75225,28,54,-26,26
75226,76,67,9,9
75227,165,154,11,11
75228,100,88,12,12
75229,152,131,21,21
75230,82,75,7,7
75231,94,82,12,12
75232,60,61,-1,1
75233,125,121,4,4
75234,69,69,0,0
75235,120,89,31,31
75236,91,85,6,6
75237,96,88,8,8
75238,45,54,-9,9
75239,56,61,-5,5
75240,76,70,6,6
75241,75,76,-1,1
75242,79,78,1,1
75243,124,110,14,14
75244,106,93,13,13
75245,122,115,7,7
75246,51,61,-10,10
75247,69,67,2,2
75248,85,89,-4,4
75249,115,144,-29,29
75250,115,105,10,10
75251,115,105,10,10
75252,60,66,-6,6
75253,76,73,3,3
75254,32,52,-20,20
75255,79,77,2,2
75256,44,54,-10,10
75257,58,59,-1,1
75258,130,121,9,9
75259,132,121,11,11
75260,79,76,3,3
75261,92,89,3,3
75262,144,140,4,4
75263,54,59,-5,5
75264,133,117,16,16
75265,64,73,-9,9
75266,92,89,3,3
75267,156,146,10,10
75268,58,58,0,0
75269,82,69,13,13
75270,86,83,3,3
75271,173,157,16,16
75272,94,86,8,8
75273,60,64,-4,4
75274,108,101,7,7
75275,126,121,5,5
75276,56,58,-2,2
75277,98,98,0,0
75278,92,78,14,14
75279,117,103,14,14
75280,52,52,0,0
75281,94,86,8,8
75282,78,71,7,7
75283,76,99,-23,23
75284,67,63,4,4
75285,124,127,-3,3
75286,128,121,7,7
75287,73,64,9,9
75288,62,58,4,4
75289,100,102,-2,2
75290,130,124,6,6
75291,61,61,0,0
75292,262,212,50,50
75293,60,56,4,4
75294,102,108,-6,6
75295,57,56,1,1
75296,97,100,-3,3
75297,84,86,-2,2
75298,61,82,-21,21
75299,135,122,13,13
75300,104,82,22,22
75301,79,77,2,2
75302,187,151,36,36
75303,62,56,6,6
75304,94,88,6,6
75305,94,101,-7,7
75306,94,84,10,10
75307,126,113,13,13
75308,126,109,17,17
75309,108,99,9,9
75310,60,53,7,7
75311,93,102,-9,9
75312,53,61,-8,8
75313,61,61,0,0
75314,79,77,2,2
75315,74,69,5,5
75316,50,53,-3,3
75317,75,61,14,14
75318,40,55,-15,15
75319,47,54,-7,7
75320,78,80,-2,2
75321,51,55,-4,4
75322,97,96,1,1
75323,54,54,0,0
75324,100,97,3,3
75325,91,85,6,6
75326,48,55,-7,7
75327,46,54,-8,8
75328,153,140,13,13
75329,123,117,6,6
75330,52,59,-7,7
75331,92,81,11,11
75332,71,78,-7,7
75333,141,124,17,17
75334,46,52,-6,6
75335,72,72,0,0
75336,84,78,6,6
75337,82,86,-4,4
75338,78,74,4,4
75339,77,66,11,11
75340,93,77,16,16
75341,47,52,-5,5
75342,67,64,3,3
75343,67,65,2,2
75344,113,101,12,12
75345,179,161,18,18
75346,95,93,2,2
75347,164,151,13,13
75348,45,54,-9,9
75349,127,113,14,14
75350,118,117,1,1
75351,96,88,8,8
75352,57,54,3,3
75353,151,140,11,11
75354,69,85,-16,16
75355,79,73,6,6
75356,86,82,4,4
75357,186,169,17,17
75358,147,131,16,16
75359,109,110,-1,1
75360,97,85,12,12
75361,110,101,9,9
75362,69,63,6,6
75363,65,68,-3,3
75364,119,110,9,9
75365,58,65,-7,7
75366,77,72,5,5
75367,97,97,0,0
75368,95,93,2,2
75369,123,124,-1,1
75370,107,126,-19,19
75371,117,108,9,9
75372,72,80,-8,8
75373,119,107,12,12
75374,103,95,8,8
75375,129,127,2,2
75376,83,74,9,9
75377,248,236,12,12
75378,93,82,11,11
75379,129,125,4,4
75380,68,74,-6,6
75381,117,113,4,4
75382,87,84,3,3
75383,118,106,12,12
75384,98,90,8,8
75385,103,104,-1,1
75386,69,67,2,2
75387,110,100,10,10
75388,125,114,11,11
75389,113,110,3,3
75390,112,104,8,8
75391,81,73,8,8
75392,86,87,-1,1
75393,148,135,13,13
75394,102,92,10,10
75395,31,54,-23,23
75396,64,66,-2,2
75397,114,117,-3,3
75398,87,88,-1,1
75399,127,115,12,12
75400,91,93,-2,2
75401,74,67,7,7
75402,175,152,23,23
75403,223,182,41,41
75404,87,75,12,12
75405,67,62,5,5
75406,59,54,5,5
75407,104,87,17,17
75408,64,86,-22,22
75409,149,152,-3,3
75410,125,116,9,9
75411,45,54,-9,9
75412,93,93,0,0
75413,86,85,1,1
75414,80,72,8,8
75415,73,60,13,13
75416,92,82,10,10
75417,120,133,-13,13
75418,126,114,12,12
75419,73,71,2,2
75420,54,59,-5,5
75421,65,66,-1,1
75422,100,94,6,6
75423,105,95,10,10
75424,85,77,8,8
75425,100,89,11,11
75426,81,86,-5,5
75427,67,66,1,1
75428,174,159,15,15
75429,132,122,10,10
75430,127,99,28,28
75431,96,99,-3,3
75432,73,69,4,4
75433,86,78,8,8
75434,73,70,3,3
75435,124,117,7,7
75436,75,68,7,7
75437,49,57,-8,8
75438,99,125,-26,26
75439,55,55,0,0
75440,141,107,34,34
75441,62,68,-6,6
75442,75,68,7,7
75443,99,93,6,6
75444,97,89,8,8
75445,104,98,6,6
75446,96,85,11,11
75447,122,114,8,8
75448,101,82,19,19
75449,109,109,0,0
75450,111,107,4,4
75451,99,86,13,13
75452,77,81,-4,4
75453,118,118,0,0
75454,89,77,12,12
75455,75,78,-3,3
75456,59,60,-1,1
75457,57,62,-5,5
75458,99,88,11,11
75459,88,77,11,11
75460,106,94,12,12
75461,101,101,0,0
75462,131,121,10,10
75463,127,118,9,9
75464,65,59,6,6
75465,101,86,15,15
75466,140,129,11,11
75467,122,114,8,8
75468,80,78,2,2
75469,128,130,-2,2
75470,85,85,0,0
75471,111,108,3,3
75472,78,85,-7,7
75473,93,89,4,4
75474,42,52,-10,10
75475,66,54,12,12
75476,95,98,-3,3
75477,90,71,19,19
75478,100,102,-2,2
75479,82,77,5,5
75480,67,75,-8,8
75481,105,97,8,8
75482,110,96,14,14
75483,56,58,-2,2
75484,37,53,-16,16
75485,65,68,-3,3
75486,72,69,3,3
75487,106,102,4,4
75488,99,87,12,12
75489,104,98,6,6
75490,87,85,2,2
75491,76,82,-6,6
75492,53,53,0,0
75493,57,60,-3,3
75494,69,60,9,9
75495,83,75,8,8
75496,56,58,-2,2
75497,78,74,4,4
75498,95,99,-4,4
75499,78,77,1,1
75500,74,70,4,4
75501,82,99,-17,17
75502,95,87,8,8
75503,85,78,7,7
75504,63,66,-3,3
75505,124,120,4,4
75506,67,59,8,8
75507,112,106,6,6
75508,94,89,5,5
75509,69,64,5,5
75510,121,126,-5,5
75511,82,82,0,0
75512,111,104,7,7
75513,126,122,4,4
75514,74,65,9,9
75515,81,73,8,8
75516,100,98,2,2
75517,148,132,16,16
75518,88,86,2,2
75519,70,66,4,4
75520,150,128,22,22
75521,88,79,9,9
75522,28,51,-23,23
75523,93,86,7,7
75524,96,102,-6,6
75525,90,86,4,4
75526,150,152,-2,2
75527,75,78,-3,3
75528,93,102,-9,9
75529,150,138,12,12
75530,123,95,28,28
75531,133,131,2,2
75532,69,82,-13,13
75533,167,134,33,33
75534,46,59,-13,13
75535,92,91,1,1
75536,54,56,-2,2
75537,154,134,20,20
75538,45,52,-7,7
75539,137,130,7,7
75540,115,105,10,10
75541,99,86,13,13
75542,93,85,8,8
75543,83,75,8,8
75544,115,99,16,16
75545,23,54,-31,31
75546,92,92,0,0
75547,85,83,2,2
75548,80,70,10,10
75549,190,178,12,12
75550,95,87,8,8
75551,153,129,24,24
75552,83,84,-1,1
75553,51,57,-6,6
75554,85,79,6,6
75555,85,87,-2,2
75556,59,64,-5,5
75557,172,154,18,18
75558,53,57,-4,4
75559,128,110,18,18
75560,72,70,2,2
75561,130,117,13,13
75562,54,57,-3,3
75563,145,115,30,30
75564,94,97,-3,3
75565,111,106,5,5
75566,35,64,-29,29
75567,74,76,-2,2
75568,85,87,-2,2
75569,129,116,13,13
75570,49,57,-8,8
75571,56,62,-6,6
75572,99,92,7,7
75573,79,93,-14,14
75574,129,118,11,11
75575,74,72,2,2
75576,78,85,-7,7
75577,70,68,2,2
75578,157,161,-4,4
75579,98,97,1,1
75580,66,69,-3,3
75581,75,76,-1,1
75582,76,69,7,7
75583,94,99,-5,5
75584,100,89,11,11
75585,50,53,-3,3
75586,98,95,3,3
75587,96,95,1,1
75588,134,129,5,5
75589,108,93,15,15
75590,212,190,22,22
75591,138,132,6,6
75592,88,80,8,8
75593,12,51,-39,39
75594,66,63,3,3
75595,98,86,12,12
75596,110,100,10,10
75597,75,73,2,2
75598,146,138,8,8
75599,176,173,3,3
75600,91,81,10,10
75601,88,80,8,8
75602,51,54,-3,3
75603,190,165,25,25
75604,128,119,9,9
75605,74,70,4,4
75606,83,84,-1,1
75607,64,67,-3,3
75608,127,121,6,6
75609,130,114,16,16
75610,95,83,12,12
75611,66,140,-74,74
75612,46,56,-10,10
75613,79,78,1,1
75614,110,100,10,10
75615,116,108,8,8
75616,68,69,-1,1
75617,70,78,-8,8
75618,59,70,-11,11
75619,107,92,15,15
75620,77,84,-7,7
75621,97,112,-15,15
75622,160,146,14,14
75623,130,135,-5,5
75624,60,58,2,2
75625,104,95,9,9
75626,91,88,3,3
75627,89,98,-9,9
75628,49,54,-5,5
75629,155,143,12,12
75630,94,90,4,4
75631,146,139,7,7
75632,87,90,-3,3
75633,127,117,10,10
75634,79,82,-3,3
75635,93,89,4,4
75636,121,124,-3,3
75637,74,66,8,8
75638,113,109,4,4
75639,163,147,16,16
75640,122,105,17,17
75641,118,116,2,2
75642,56,57,-1,1
75643,129,114,15,15
75644,128,115,13,13
75645,159,141,18,18
75646,62,65,-3,3
75647,108,106,2,2
75648,72,67,5,5
75649,79,78,1,1
75650,166,156,10,10
75651,62,67,-5,5
75652,144,140,4,4
75653,129,118,11,11
75654,72,71,1,1
75655,93,81,12,12
75656,86,95,-9,9
75657,126,117,9,9
75658,86,82,4,4
75659,87,85,2,2
75660,183,163,20,20
75661,68,67,1,1
75662,80,74,6,6
75663,63,68,-5,5
75664,61,64,-3,3
75665,103,99,4,4
75666,46,53,-7,7
75667,107,94,13,13
75668,127,120,7,7
75669,89,83,6,6
75670,104,99,5,5
75671,82,83,-1,1
75672,114,114,0,0
75673,82,77,5,5
75674,109,108,1,1
75675,105,98,7,7
75676,67,68,-1,1
75677,64,61,3,3
75678,109,102,7,7
75679,50,53,-3,3
75680,49,55,-6,6
75681,89,90,-1,1
75682,163,152,11,11
75683,64,70,-6,6
75684,180,160,20,20
75685,73,118,-45,45
75686,155,141,14,14
75687,106,101,5,5
75688,102,91,11,11
75689,142,133,9,9
75690,62,61,1,1
75691,93,89,4,4
75692,125,100,25,25
75693,71,68,3,3
75694,62,68,-6,6
75695,129,118,11,11
75696,109,116,-7,7
75697,174,154,20,20
75698,103,102,1,1
75699,124,108,16,16
75700,74,75,-1,1
75701,96,87,9,9
75702,112,104,8,8
75703,78,79,-1,1
75704,59,60,-1,1
75705,54,56,-2,2
75706,86,79,7,7
75707,99,108,-9,9
75708,120,130,-10,10
75709,134,123,11,11
75710,141,127,14,14
75711,99,100,-1,1
75712,92,89,3,3
75713,121,114,7,7
75714,74,70,4,4
75715,101,86,15,15
75716,14,96,-82,82
75717,80,77,3,3
75718,88,79,9,9
75719,60,64,-4,4
75720,112,109,3,3
75721,153,128,25,25
75722,108,101,7,7
75723,98,97,1,1
75724,78,94,-16,16
75725,115,138,-23,23
75726,71,68,3,3
75727,129,122,7,7
75728,56,58,-2,2
75729,68,64,4,4
75730,80,78,2,2
75731,110,118,-8,8
75732,86,92,-6,6
75733,139,128,11,11
75734,125,117,8,8
75735,73,70,3,3
75736,122,112,10,10
75737,99,98,1,1
75738,78,73,5,5
75739,150,133,17,17
75740,112,88,24,24
75741,95,96,-1,1
75742,85,79,6,6
75743,67,70,-3,3
75744,91,83,8,8
75745,110,95,15,15
75746,88,68,20,20
75747,115,123,-8,8
75748,78,75,3,3
75749,89,96,-7,7
75750,71,68,3,3
75751,65,60,5,5
75752,67,77,-10,10
75753,144,130,14,14
75754,98,97,1,1
75755,78,72,6,6
75756,130,129,1,1
75757,75,74,1,1
75758,83,75,8,8
75759,72,67,5,5
75760,106,99,7,7
75761,44,53,-9,9
75762,108,102,6,6
75763,80,65,15,15
75764,98,101,-3,3
75765,97,93,4,4
75766,124,128,-4,4
75767,96,83,13,13
75768,71,71,0,0
75769,118,115,3,3
75770,115,106,9,9
75771,88,83,5,5
75772,104,97,7,7
75773,75,66,9,9
75774,115,102,13,13
75775,94,81,13,13
75776,97,94,3,3
75777,71,69,2,2
75778,73,80,-7,7
75779,64,66,-2,2
75780,61,64,-3,3
75781,46,54,-8,8
75782,81,78,3,3
75783,56,58,-2,2
75784,99,93,6,6
75785,131,137,-6,6
75786,75,82,-7,7
75787,74,66,8,8
75788,111,106,5,5
75789,136,124,12,12
75790,81,73,8,8
75791,50,55,-5,5
75792,95,90,5,5
75793,108,118,-10,10
75794,62,102,-40,40
75795,78,76,2,2
75796,92,85,7,7
75797,42,53,-11,11
75798,102,105,-3,3
75799,104,104,0,0
75800,55,66,-11,11
75801,69,73,-4,4
75802,90,86,4,4
75803,63,65,-2,2
75804,101,103,-2,2
75805,43,54,-11,11
75806,69,74,-5,5
75807,109,103,6,6
75808,142,138,4,4
75809,140,132,8,8
75810,67,68,-1,1
75811,62,62,0,0
75812,114,99,15,15
75813,107,100,7,7
75814,85,97,-12,12
75815,167,154,13,13
75816,163,156,7,7
75817,85,86,-1,1
75818,73,79,-6,6
75819,109,101,8,8
75820,61,63,-2,2
75821,77,80,-3,3
75822,207,172,35,35
75823,99,94,5,5
75824,182,154,28,28
75825,99,93,6,6
75826,83,85,-2,2
75827,75,75,0,0
75828,139,131,8,8
75829,47,53,-6,6
75830,65,78,-13,13
75831,143,112,31,31
75832,73,72,1,1
75833,79,81,-2,2
75834,85,76,9,9
75835,88,89,-1,1
75836,141,128,13,13
75837,71,91,-20,20
75838,96,87,9,9
75839,153,137,16,16
75840,133,117,16,16
75841,80,82,-2,2
75842,171,167,4,4
75843,125,124,1,1
75844,91,81,10,10
75845,61,63,-2,2
75846,131,115,16,16
75847,136,110,26,26
75848,58,59,-1,1
75849,93,85,8,8
75850,88,84,4,4
75851,68,67,1,1
75852,129,123,6,6
75853,127,109,18,18
75854,98,139,-41,41
75855,87,85,2,2
75856,84,80,4,4
75857,51,75,-24,24
75858,72,69,3,3
75859,144,133,11,11
75860,96,95,1,1
75861,61,55,6,6
75862,86,80,6,6
75863,78,71,7,7
75864,51,60,-9,9
75865,151,138,13,13
75866,109,98,11,11
75867,108,111,-3,3
75868,80,73,7,7
75869,67,56,11,11
75870,125,134,-9,9
75871,75,66,9,9
75872,176,169,7,7
75873,105,102,3,3
75874,82,87,-5,5
75875,146,139,7,7
75876,49,87,-38,38
75877,68,84,-16,16
75878,119,115,4,4
75879,40,52,-12,12
75880,118,115,3,3
75881,65,61,4,4
75882,92,97,-5,5
75883,69,63,6,6
75884,110,101,9,9
75885,94,86,8,8
75886,152,168,-16,16
75887,118,112,6,6
75888,72,70,2,2
75889,141,128,13,13
75890,43,52,-9,9
75891,122,110,12,12
75892,73,71,2,2
75893,92,90,2,2
75894,101,109,-8,8
75895,66,63,3,3
75896,70,63,7,7
75897,43,52,-9,9
75898,84,74,10,10
75899,83,95,-12,12
75900,71,66,5,5
75901,97,83,14,14
75902,116,109,7,7
75903,107,114,-7,7
75904,152,139,13,13
75905,130,141,-11,11
75906,49,53,-4,4
75907,111,102,9,9
75908,124,102,22,22
75909,75,71,4,4
75910,112,126,-14,14
75911,111,110,1,1
75912,97,93,4,4
75913,47,53,-6,6
75914,114,96,18,18
75915,107,111,-4,4
75916,93,90,3,3
75917,107,103,4,4
75918,114,109,5,5
75919,124,125,-1,1
75920,133,115,18,18
75921,64,64,0,0
75922,80,78,2,2
75923,155,136,19,19
75924,98,104,-6,6
75925,82,67,15,15
75926,50,54,-4,4
75927,64,58,6,6
75928,97,102,-5,5
75929,123,108,15,15
75930,46,55,-9,9
75931,78,68,10,10
75932,122,114,8,8
75933,181,156,25,25
75934,64,68,-4,4
75935,56,58,-2,2
75936,72,83,-11,11
75937,141,127,14,14
75938,126,116,10,10
75939,71,60,11,11
75940,81,66,15,15
75941,137,121,16,16
75942,91,87,4,4
75943,117,106,11,11
75944,160,151,9,9
75945,101,84,17,17
75946,55,61,-6,6
75947,104,104,0,0
75948,72,70,2,2
75949,165,153,12,12
75950,74,65,9,9
75951,72,69,3,3
75952,138,113,25,25
75953,87,83,4,4
75954,66,61,5,5
75955,78,83,-5,5
75956,80,72,8,8
75957,111,110,1,1
75958,132,123,9,9
75959,70,67,3,3
75960,96,90,6,6
75961,127,122,5,5
75962,121,113,8,8
75963,57,56,1,1
75964,203,184,19,19
75965,94,89,5,5
75966,81,90,-9,9
75967,52,52,0,0
75968,150,132,18,18
75969,83,107,-24,24
75970,99,85,14,14
75971,64,61,3,3
75972,79,77,2,2
75973,81,79,2,2
75974,47,53,-6,6
75975,54,58,-4,4
75976,152,135,17,17
75977,44,54,-10,10
75978,87,84,3,3
75979,161,145,16,16
75980,83,80,3,3
75981,75,75,0,0
75982,111,115,-4,4
75983,60,54,6,6
75984,98,87,11,11
75985,74,78,-4,4
75986,81,73,8,8
75987,113,108,5,5
75988,110,98,12,12
75989,84,85,-1,1
75990,57,55,2,2
75991,70,70,0,0
75992,175,150,25,25
75993,95,94,1,1
75994,94,91,3,3
75995,107,102,5,5
75996,75,74,1,1
75997,85,88,-3,3
75998,162,136,26,26
75999,93,89,4,4
76000,73,76,-3,3
76001,86,84,2,2
76002,179,161,18,18
76003,202,183,19,19
76004,98,99,-1,1
76005,85,86,-1,1
76006,37,52,-15,15
76007,121,111,10,10
76008,128,117,11,11
76009,87,91,-4,4
76010,141,137,4,4
76011,70,60,10,10
76012,151,149,2,2
76013,116,111,5,5
76014,81,73,8,8
76015,81,73,8,8
76016,89,87,2,2
76017,124,102,22,22
76018,94,91,3,3
76019,56,63,-7,7
76020,151,138,13,13
76021,157,146,11,11
76022,70,69,1,1
76023,154,140,14,14
76024,130,123,7,7
76025,121,110,11,11
76026,119,119,0,0
76027,94,95,-1,1
76028,62,67,-5,5
76029,99,87,12,12
76030,82,71,11,11
76031,145,141,4,4
76032,107,116,-9,9
76033,107,105,2,2
76034,128,113,15,15
76035,52,54,-2,2
76036,103,97,6,6
76037,70,69,1,1
76038,161,154,7,7
76039,74,74,0,0
76040,70,68,2,2
76041,114,103,11,11
76042,150,145,5,5
76043,105,116,-11,11
76044,119,123,-4,4
76045,71,75,-4,4
76046,102,93,9,9
76047,43,59,-16,16
76048,84,80,4,4
76049,70,75,-5,5
76050,82,78,4,4
76051,74,63,11,11
76052,98,93,5,5
76053,55,64,-9,9
76054,110,107,3,3
76055,145,148,-3,3
76056,80,76,4,4
76057,137,119,18,18
76058,77,88,-11,11
76059,80,72,8,8
76060,73,64,9,9
76061,83,72,11,11
76062,100,88,12,12
76063,85,80,5,5
76064,101,101,0,0
76065,79,77,2,2
76066,89,95,-6,6
76067,60,62,-2,2
76068,112,90,22,22
76069,173,157,16,16
76070,60,56,4,4
76071,41,57,-16,16
76072,57,63,-6,6
76073,88,88,0,0
76074,101,89,12,12
76075,82,68,14,14
76076,100,94,6,6
76077,85,85,0,0
76078,117,96,21,21
76079,83,82,1,1
76080,162,136,26,26
76081,59,58,1,1
76082,127,117,10,10
76083,170,148,22,22
76084,114,103,11,11
76085,111,102,9,9
76086,44,53,-9,9
76087,91,93,-2,2
76088,76,80,-4,4
76089,64,68,-4,4
76090,67,61,6,6
76091,135,124,11,11
76092,75,72,3,3
76093,110,104,6,6
76094,84,74,10,10
76095,77,69,8,8
76096,97,95,2,2
76097,85,88,-3,3
76098,61,57,4,4
76099,86,82,4,4
76100,75,70,5,5
76101,83,105,-22,22
76102,168,155,13,13
76103,97,97,0,0
76104,64,65,-1,1
76105,126,109,17,17
76106,85,87,-2,2
76107,111,107,4,4
76108,87,79,8,8
76109,101,108,-7,7
76110,162,113,49,49
76111,143,140,3,3
76112,123,109,14,14
76113,82,75,7,7
76114,101,96,5,5
76115,92,100,-8,8
76116,87,92,-5,5
76117,93,81,12,12
76118,100,106,-6,6
76119,92,82,10,10
76120,85,74,11,11
76121,49,55,-6,6
76122,79,87,-8,8
76123,58,56,2,2
76124,85,88,-3,3
76125,61,59,2,2
76126,140,132,8,8
76127,127,127,0,0
76128,152,140,12,12
76129,67,61,6,6
76130,64,60,4,4
76131,136,126,10,10
76132,74,69,5,5
76133,100,85,15,15
76134,158,137,21,21
76135,80,82,-2,2
76136,88,84,4,4
76137,110,114,-4,4
76138,74,63,11,11
76139,116,119,-3,3
76140,82,76,6,6
76141,117,107,10,10
76142,81,77,4,4
76143,74,71,3,3
76144,104,102,2,2
76145,147,128,19,19
76146,82,74,8,8
76147,50,54,-4,4
76148,180,156,24,24
76149,182,176,6,6
76150,63,72,-9,9
76151,190,157,33,33
76152,122,135,-13,13
76153,99,89,10,10
76154,66,68,-2,2
76155,53,67,-14,14
76156,63,63,0,0
76157,125,130,-5,5
76158,112,99,13,13
76159,85,84,1,1
76160,56,58,-2,2
76161,85,78,7,7
76162,70,74,-4,4
76163,83,87,-4,4
76164,135,128,7,7
76165,57,56,1,1
76166,84,79,5,5
76167,90,99,-9,9
76168,59,72,-13,13
76169,77,70,7,7
76170,64,57,7,7
76171,99,100,-1,1
76172,109,100,9,9
76173,97,98,-1,1
76174,92,83,9,9
76175,87,90,-3,3
76176,42,52,-10,10
76177,74,80,-6,6
76178,162,168,-6,6
76179,125,111,14,14
76180,178,170,8,8
76181,98,105,-7,7
76182,89,93,-4,4
76183,72,64,8,8
76184,78,73,5,5
76185,53,58,-5,5
76186,85,75,10,10
76187,122,114,8,8
76188,101,103,-2,2
76189,81,77,4,4
76190,128,88,40,40
76191,98,97,1,1
76192,154,156,-2,2
76193,122,122,0,0
76194,63,57,6,6
76195,83,87,-4,4
76196,98,94,4,4
76197,70,71,-1,1
76198,89,99,-10,10
76199,111,117,-6,6
76200,44,56,-12,12
76201,48,55,-7,7
76202,104,100,4,4
76203,106,101,5,5
76204,148,125,23,23
76205,128,125,3,3
76206,118,110,8,8
76207,105,88,17,17
76208,141,141,0,0
76209,115,100,15,15
76210,161,146,15,15
76211,71,89,-18,18
76212,149,135,14,14
76213,77,74,3,3
76214,117,106,11,11
76215,119,111,8,8
76216,116,101,15,15
76217,88,83,5,5
76218,107,106,1,1
76219,72,81,-9,9
76220,137,143,-6,6
76221,122,120,2,2
76222,126,118,8,8
76223,50,60,-10,10
76224,119,101,18,18
76225,79,71,8,8
76226,124,123,1,1
76227,128,125,3,3
76228,132,112,20,20
76229,90,84,6,6
76230,95,92,3,3
76231,97,86,11,11
76232,63,64,-1,1
76233,109,102,7,7
76234,133,135,-2,2
76235,104,100,4,4
76236,35,75,-40,40
76237,72,69,3,3
76238,65,68,-3,3
76239,120,104,16,16
76240,135,149,-14,14
76241,130,115,15,15
76242,137,131,6,6
76243,81,74,7,7
76244,83,84,-1,1
76245,51,55,-4,4
76246,77,81,-4,4
76247,116,104,12,12
76248,72,76,-4,4
76249,97,98,-1,1
76250,78,71,7,7
76251,63,60,3,3
76252,130,129,1,1
76253,158,149,9,9
76254,75,79,-4,4
76255,76,73,3,3
76256,101,96,5,5
76257,44,54,-10,10
76258,74,69,5,5
76259,98,87,11,11
76260,134,135,-1,1
76261,104,97,7,7
76262,88,84,4,4
76263,179,164,15,15
76264,46,54,-8,8
76265,141,131,10,10
76266,91,78,13,13
76267,72,73,-1,1
76268,82,77,5,5
76269,73,73,0,0
76270,139,126,13,13
76271,124,116,8,8
76272,100,93,7,7
76273,98,91,7,7
76274,80,81,-1,1
76275,97,110,-13,13
76276,62,65,-3,3
76277,136,130,6,6
76278,93,85,8,8
76279,104,102,2,2
76280,158,148,10,10
76281,105,96,9,9
76282,82,64,18,18
76283,150,142,8,8
76284,161,140,21,21
76285,68,64,4,4
76286,97,96,1,1
76287,106,98,8,8
76288,75,70,5,5
76289,95,92,3,3
76290,84,79,5,5
76291,144,127,17,17
76292,115,112,3,3
76293,45,54,-9,9
76294,99,93,6,6
76295,91,85,6,6
76296,75,66,9,9
76297,134,113,21,21
76298,69,64,5,5
76299,74,69,5,5
76300,53,57,-4,4
76301,74,77,-3,3
76302,95,91,4,4
76303,54,61,-7,7
76304,96,89,7,7
76305,93,88,5,5
76306,108,103,5,5
76307,104,116,-12,12
76308,80,76,4,4
76309,87,74,13,13
76310,98,101,-3,3
76311,60,61,-1,1
76312,65,63,2,2
76313,75,79,-4,4
76314,80,87,-7,7
76315,81,88,-7,7
76316,123,111,12,12
76317,89,95,-6,6
76318,142,132,10,10
76319,64,57,7,7
76320,100,102,-2,2
76321,45,59,-14,14
76322,118,106,12,12
76323,73,74,-1,1
76324,74,73,1,1
76325,102,100,2,2
76326,66,75,-9,9
76327,120,118,2,2
76328,57,55,2,2
76329,149,128,21,21
76330,131,130,1,1
76331,81,74,7,7
76332,61,61,0,0
76333,89,87,2,2
76334,66,61,5,5
76335,64,61,3,3
76336,76,78,-2,2
76337,124,114,10,10
76338,48,57,-9,9
76339,68,65,3,3
76340,100,99,1,1
76341,96,92,4,4
76342,50,52,-2,2
76343,85,87,-2,2
76344,85,85,0,0
76345,61,65,-4,4
76346,91,75,16,16
76347,72,67,5,5
76348,129,112,17,17
76349,104,94,10,10
76350,54,63,-9,9
76351,53,55,-2,2
76352,105,109,-4,4
76353,91,103,-12,12
76354,66,76,-10,10
76355,59,57,2,2
76356,118,113,5,5
76357,109,111,-2,2
76358,63,63,0,0
76359,63,57,6,6
76360,68,62,6,6
76361,166,166,0,0
76362,84,73,11,11
76363,66,61,5,5
76364,100,105,-5,5
76365,104,94,10,10
76366,65,62,3,3
76367,57,57,0,0
76368,99,91,8,8
76369,96,109,-13,13
76370,71,66,5,5
76371,57,60,-3,3
76372,105,108,-3,3
76373,88,78,10,10
76374,54,57,-3,3
76375,181,153,28,28
76376,100,96,4,4
76377,103,97,6,6
76378,138,123,15,15
76379,65,65,0,0
76380,71,73,-2,2
76381,70,67,3,3
76382,72,67,5,5
76383,66,60,6,6
76384,79,75,4,4
76385,169,157,12,12
76386,129,113,16,16
76387,129,103,26,26
76388,63,60,3,3
76389,92,85,7,7
76390,109,107,2,2
76391,58,59,-1,1
76392,108,96,12,12
76393,107,93,14,14
76394,162,150,12,12
76395,57,57,0,0
76396,109,113,-4,4
76397,86,85,1,1
76398,91,82,9,9
76399,89,78,11,11
76400,93,93,0,0
76401,70,63,7,7
76402,73,73,0,0
76403,71,67,4,4
76404,59,58,1,1
76405,166,155,11,11
76406,71,63,8,8
76407,71,60,11,11
76408,132,112,20,20
76409,103,108,-5,5
76410,114,101,13,13
76411,103,108,-5,5
76412,98,91,7,7
76413,92,80,12,12
76414,102,110,-8,8
76415,113,113,0,0
76416,130,146,-16,16
76417,56,63,-7,7
76418,127,117,10,10
76419,53,66,-13,13
76420,129,122,7,7
76421,93,88,5,5
76422,133,118,15,15
76423,93,89,4,4
76424,92,90,2,2
76425,45,54,-9,9
76426,96,82,14,14
76427,104,121,-17,17
76428,65,60,5,5
76429,114,104,10,10
76430,52,54,-2,2
76431,80,80,0,0
76432,135,130,5,5
76433,78,99,-21,21
76434,69,63,6,6
76435,61,57,4,4
76436,75,67,8,8
76437,131,127,4,4
76438,108,114,-6,6
76439,96,92,4,4
76440,178,157,21,21
76441,171,162,9,9
76442,81,74,7,7
76443,91,81,10,10
76444,69,72,-3,3
76445,146,132,14,14
76446,111,92,19,19
76447,65,64,1,1
76448,86,81,5,5
76449,79,86,-7,7
76450,108,94,14,14
76451,94,92,2,2
76452,107,105,2,2
76453,100,92,8,8
76454,121,105,16,16
76455,144,148,-4,4
76456,66,66,0,0
76457,40,52,-12,12
76458,99,98,1,1
76459,32,52,-20,20
76460,69,65,4,4
76461,145,137,8,8
76462,76,77,-1,1
76463,85,80,5,5
76464,53,56,-3,3
76465,27,53,-26,26
76466,55,68,-13,13
76467,41,53,-12,12
76468,57,59,-2,2
76469,83,73,10,10
76470,77,73,4,4
76471,85,90,-5,5
76472,118,104,14,14
76473,55,56,-1,1
76474,62,57,5,5
76475,111,104,7,7
76476,108,103,5,5
76477,89,91,-2,2
76478,97,87,10,10
76479,94,98,-4,4
76480,61,61,0,0
76481,82,86,-4,4
76482,83,84,-1,1
76483,140,118,22,22
76484,152,126,26,26
76485,86,79,7,7
76486,33,52,-19,19
76487,88,84,4,4
76488,71,66,5,5
76489,97,109,-12,12
76490,81,82,-1,1
76491,129,118,11,11
76492,55,56,-1,1
76493,122,119,3,3
76494,103,108,-5,5
76495,98,89,9,9
76496,89,81,8,8
76497,87,79,8,8
76498,79,81,-2,2
76499,98,105,-7,7
76500,49,65,-16,16
76501,82,79,3,3
76502,120,114,6,6
76503,108,103,5,5
76504,169,151,18,18
76505,161,147,14,14
76506,134,132,2,2
76507,96,94,2,2
76508,56,65,-9,9
76509,101,100,1,1
76510,86,89,-3,3
76511,82,77,5,5
76512,85,88,-3,3
76513,79,71,8,8
76514,78,79,-1,1
76515,105,93,12,12
76516,142,130,12,12
76517,65,74,-9,9
76518,57,62,-5,5
76519,81,79,2,2
76520,139,107,32,32
76521,84,77,7,7
76522,81,78,3,3
76523,154,132,22,22
76524,147,133,14,14
76525,153,137,16,16
76526,73,75,-2,2
76527,141,125,16,16
76528,43,53,-10,10
76529,101,95,6,6
76530,42,54,-12,12
76531,78,75,3,3
76532,97,106,-9,9
76533,65,67,-2,2
76534,58,60,-2,2
76535,79,87,-8,8
76536,95,90,5,5
76537,105,115,-10,10
76538,37,52,-15,15
76539,82,92,-10,10
76540,130,121,9,9
76541,99,102,-3,3
76542,125,100,25,25
76543,51,65,-14,14
76544,87,83,4,4
76545,147,146,1,1
76546,61,55,6,6
76547,122,116,6,6
76548,70,76,-6,6
76549,81,71,10,10
76550,93,87,6,6
76551,136,132,4,4
76552,61,62,-1,1
76553,75,79,-4,4
76554,118,100,18,18
76555,110,111,-1,1
76556,153,154,-1,1
76557,57,56,1,1
76558,128,111,17,17
76559,118,102,16,16
76560,81,86,-5,5
76561,82,76,6,6
76562,126,117,9,9
76563,110,102,8,8
76564,91,91,0,0
76565,106,82,24,24
76566,92,84,8,8
76567,74,77,-3,3
76568,119,113,6,6
76569,47,53,-6,6
76570,81,87,-6,6
76571,101,92,9,9
76572,91,85,6,6
76573,68,68,0,0
76574,119,108,11,11
76575,90,82,8,8
76576,104,105,-1,1
76577,80,82,-2,2
76578,84,86,-2,2
76579,132,115,17,17
76580,32,66,-34,34
76581,139,129,10,10
76582,85,76,9,9
76583,83,82,1,1
76584,55,57,-2,2
76585,98,105,-7,7
76586,177,163,14,14
76587,81,83,-2,2
76588,90,96,-6,6
76589,133,115,18,18
76590,85,67,18,18
76591,58,54,4,4
76592,133,124,9,9
76593,81,76,5,5
76594,149,132,17,17
76595,107,101,6,6
76596,113,91,22,22
76597,108,95,13,13
76598,93,85,8,8
76599,100,88,12,12
76600,66,69,-3,3
76601,109,97,12,12
76602,77,84,-7,7
76603,208,172,36,36
76604,79,83,-4,4
76605,74,64,10,10
76606,74,69,5,5
76607,131,117,14,14
76608,127,110,17,17
76609,77,70,7,7
76610,100,75,25,25
76611,82,105,-23,23
76612,100,101,-1,1
76613,65,70,-5,5
76614,97,98,-1,1
76615,146,124,22,22
76616,99,82,17,17
76617,117,103,14,14
76618,71,70,1,1
76619,60,62,-2,2
76620,75,73,2,2
76621,46,56,-10,10
76622,121,103,18,18
76623,55,56,-1,1
76624,119,116,3,3
76625,178,163,15,15
76626,131,124,7,7
76627,123,111,12,12
76628,99,98,1,1
76629,164,150,14,14
76630,69,68,1,1
76631,55,57,-2,2
76632,148,145,3,3
76633,67,63,4,4
76634,138,133,5,5
76635,115,104,11,11
76636,134,123,11,11
76637,91,98,-7,7
76638,94,87,7,7
76639,114,102,12,12
76640,92,85,7,7
76641,98,94,4,4
76642,41,52,-11,11
76643,49,56,-7,7
76644,59,69,-10,10
76645,90,84,6,6
76646,165,150,15,15
76647,53,59,-6,6
76648,67,62,5,5
76649,77,70,7,7
76650,87,79,8,8
76651,65,62,3,3
76652,133,124,9,9
76653,98,92,6,6
76654,103,99,4,4
76655,85,77,8,8
76656,153,139,14,14
76657,85,72,13,13
76658,126,128,-2,2
76659,102,110,-8,8
76660,115,109,6,6
76661,78,85,-7,7
76662,152,150,2,2
76663,72,69,3,3
76664,65,62,3,3
76665,71,68,3,3
76666,134,130,4,4
76667,104,101,3,3
76668,54,61,-7,7
76669,133,120,13,13
76670,99,79,20,20
76671,69,67,2,2
76672,169,156,13,13
76673,94,94,0,0
76674,106,105,1,1
76675,86,86,0,0
76676,107,100,7,7
76677,52,56,-4,4
76678,71,74,-3,3
76679,87,78,9,9
76680,155,153,2,2
76681,58,62,-4,4
76682,144,128,16,16
76683,111,101,10,10
76684,90,86,4,4
76685,74,61,13,13
76686,100,88,12,12
76687,112,105,7,7
76688,117,115,2,2
76689,48,88,-40,40
76690,107,92,15,15
76691,144,133,11,11
76692,86,75,11,11
76693,101,92,9,9
76694,94,92,2,2
76695,129,112,17,17
76696,132,128,4,4
76697,61,61,0,0
76698,103,106,-3,3
76699,104,93,11,11
76700,135,114,21,21
76701,76,77,-1,1
76702,112,110,2,2
76703,114,92,22,22
76704,69,61,8,8
76705,92,79,13,13
76706,80,79,1,1
76707,139,124,15,15
76708,76,69,7,7
76709,71,66,5,5
76710,100,99,1,1
76711,106,93,13,13
76712,145,133,12,12
76713,76,83,-7,7
76714,92,100,-8,8
76715,49,53,-4,4
76716,110,101,9,9
76717,92,91,1,1
76718,173,138,35,35
76719,98,94,4,4
76720,175,146,29,29
76721,75,83,-8,8
76722,103,86,17,17
76723,111,124,-13,13
76724,215,196,19,19
76725,131,121,10,10
76726,67,71,-4,4
76727,127,132,-5,5
76728,72,71,1,1
76729,43,66,-23,23
76730,65,65,0,0
76731,69,65,4,4
76732,149,148,1,1
76733,75,69,6,6
76734,81,80,1,1
76735,76,63,13,13
76736,53,60,-7,7
76737,79,87,-8,8
76738,152,133,19,19
76739,97,96,1,1
76740,48,52,-4,4
76741,107,105,2,2
76742,118,114,4,4
76743,78,74,4,4
76744,98,94,4,4
76745,121,109,12,12
76746,108,97,11,11
76747,59,56,3,3
76748,95,95,0,0
76749,98,96,2,2
76750,71,67,4,4
76751,76,72,4,4
76752,100,106,-6,6
76753,70,67,3,3
76754,71,60,11,11
76755,94,70,24,24
76756,86,86,0,0
76757,102,102,0,0
76758,106,101,5,5
76759,74,82,-8,8
76760,49,59,-10,10
76761,103,93,10,10
76762,70,70,0,0
76763,168,158,10,10
76764,66,69,-3,3
76765,128,128,0,0
76766,110,101,9,9
76767,82,70,12,12
76768,92,80,12,12
76769,187,172,15,15
76770,101,115,-14,14
76771,47,54,-7,7
76772,72,69,3,3
76773,77,74,3,3
76774,30,51,-21,21
76775,124,120,4,4
76776,218,181,37,37
76777,110,109,1,1
76778,106,106,0,0
76779,133,118,15,15
76780,88,74,14,14
76781,58,56,2,2
76782,184,155,29,29
76783,152,129,23,23
76784,87,88,-1,1
76785,167,143,24,24
76786,93,95,-2,2
76787,130,106,24,24
76788,96,83,13,13
76789,119,120,-1,1
76790,81,79,2,2
76791,52,55,-3,3
76792,66,60,6,6
76793,102,104,-2,2
76794,76,69,7,7
76795,117,100,17,17
76796,98,90,8,8
76797,81,82,-1,1
76798,99,103,-4,4
76799,81,73,8,8
76800,64,68,-4,4
76801,139,137,2,2
76802,84,82,2,2
76803,68,65,3,3
76804,42,54,-12,12
76805,73,62,11,11
76806,158,118,40,40
76807,101,101,0,0
76808,122,111,11,11
76809,76,82,-6,6
76810,129,149,-20,20
76811,99,86,13,13
76812,71,63,8,8
76813,80,73,7,7
76814,141,123,18,18
76815,48,53,-5,5
76816,146,130,16,16
76817,83,84,-1,1
76818,102,99,3,3
76819,87,85,2,2
76820,83,74,9,9
76821,63,72,-9,9
76822,89,85,4,4
76823,142,129,13,13
76824,90,95,-5,5
76825,97,90,7,7
76826,130,124,6,6
76827,88,83,5,5
76828,146,142,4,4
76829,118,102,16,16
76830,124,116,8,8
76831,108,115,-7,7
76832,53,55,-2,2
76833,78,76,2,2
76834,54,57,-3,3
76835,121,106,15,15
76836,105,111,-6,6
76837,47,58,-11,11
76838,58,59,-1,1
76839,126,111,15,15
76840,165,143,22,22
76841,118,110,8,8
76842,54,56,-2,2
76843,98,91,7,7
76844,39,52,-13,13
76845,88,91,-3,3
76846,85,85,0,0
76847,92,98,-6,6
76848,101,95,6,6
76849,69,72,-3,3
76850,70,62,8,8
76851,57,90,-33,33
76852,89,86,3,3
76853,165,150,15,15
76854,88,86,2,2
76855,142,129,13,13
76856,109,110,-1,1
76857,105,101,4,4
76858,94,92,2,2
76859,124,116,8,8
76860,119,111,8,8
76861,41,53,-12,12
76862,102,96,6,6
76863,90,70,20,20
76864,126,124,2,2
76865,59,72,-13,13
76866,74,69,5,5
76867,104,106,-2,2
76868,101,95,6,6
76869,102,96,6,6
76870,123,123,0,0
76871,90,85,5,5
76872,85,76,9,9
76873,85,92,-7,7
76874,57,55,2,2
76875,73,72,1,1
76876,73,73,0,0
76877,106,110,-4,4
76878,47,52,-5,5
76879,91,92,-1,1
76880,93,78,15,15
76881,63,71,-8,8
76882,80,77,3,3
76883,71,67,4,4
76884,92,84,8,8
76885,125,113,12,12
76886,82,92,-10,10
76887,97,97,0,0
76888,59,56,3,3
76889,125,133,-8,8
76890,115,102,13,13
76891,103,97,6,6
76892,97,93,4,4
76893,89,86,3,3
76894,78,75,3,3
76895,159,141,18,18
76896,117,121,-4,4
76897,100,91,9,9
76898,104,102,2,2
76899,97,105,-8,8
76900,114,103,11,11
76901,118,121,-3,3
76902,99,81,18,18
76903,98,89,9,9
76904,114,109,5,5
76905,99,94,5,5
76906,95,90,5,5
76907,68,72,-4,4
76908,119,109,10,10
76909,125,110,15,15
76910,74,73,1,1
76911,97,87,10,10
76912,101,96,5,5
76913,157,146,11,11
76914,141,129,12,12
76915,132,130,2,2
76916,104,104,0,0
76917,85,86,-1,1
76918,110,106,4,4
76919,91,98,-7,7
76920,53,53,0,0
76921,81,79,2,2
76922,78,77,1,1
76923,79,89,-10,10
76924,73,67,6,6
76925,81,81,0,0
76926,89,80,9,9
76927,78,74,4,4
76928,122,105,17,17
76929,64,68,-4,4
76930,52,55,-3,3
76931,87,88,-1,1
76932,134,127,7,7
76933,104,93,11,11
76934,116,115,1,1
76935,102,101,1,1
76936,160,131,29,29
76937,83,75,8,8
76938,159,155,4,4
76939,130,131,-1,1
76940,92,86,6,6
76941,95,84,11,11
76942,179,178,1,1
76943,132,107,25,25
76944,53,54,-1,1
76945,100,92,8,8
76946,105,92,13,13
76947,77,76,1,1
76948,115,109,6,6
76949,126,120,6,6
76950,91,91,0,0
76951,79,81,-2,2
76952,40,53,-13,13
76953,128,118,10,10
76954,145,134,11,11
76955,153,137,16,16
76956,81,74,7,7
76957,113,116,-3,3
76958,138,118,20,20
76959,100,102,-2,2
76960,77,68,9,9
76961,71,70,1,1
76962,110,109,1,1
76963,118,110,8,8
76964,137,133,4,4
76965,94,89,5,5
76966,65,62,3,3
76967,52,69,-17,17
76968,74,76,-2,2
76969,68,63,5,5
76970,101,101,0,0
76971,104,98,6,6
76972,138,126,12,12
76973,71,67,4,4
76974,140,120,20,20
76975,83,81,2,2
76976,91,87,4,4
76977,125,111,14,14
76978,77,81,-4,4
76979,63,56,7,7
76980,116,105,11,11
76981,102,100,2,2
76982,121,123,-2,2
76983,116,108,8,8
76984,181,163,18,18
76985,112,118,-6,6
76986,151,148,3,3
76987,127,116,11,11
76988,87,83,4,4
76989,123,116,7,7
76990,74,83,-9,9
76991,161,148,13,13
76992,48,52,-4,4
76993,207,186,21,21
76994,124,121,3,3
76995,91,97,-6,6
76996,104,98,6,6
76997,118,119,-1,1
76998,112,107,5,5
76999,70,69,1,1
77000,76,69,7,7
77001,133,119,14,14
77002,79,70,9,9
77003,56,64,-8,8
77004,111,129,-18,18
77005,48,56,-8,8
77006,80,65,15,15
77007,144,138,6,6
77008,39,51,-12,12
77009,91,90,1,1
77010,97,92,5,5
77011,93,83,10,10
77012,142,124,18,18
77013,116,107,9,9
77014,86,80,6,6
77015,128,126,2,2
77016,101,106,-5,5
77017,53,62,-9,9
77018,153,138,15,15
77019,69,78,-9,9
77020,101,90,11,11
77021,146,140,6,6
77022,107,103,4,4
77023,86,85,1,1
77024,44,53,-9,9
77025,64,69,-5,5
77026,90,68,22,22
77027,69,70,-1,1
77028,78,89,-11,11
77029,141,126,15,15
77030,54,53,1,1
77031,61,55,6,6
77032,140,121,19,19
77033,158,132,26,26
77034,96,88,8,8
77035,159,146,13,13
77036,155,127,28,28
77037,152,133,19,19
77038,62,56,6,6
77039,84,76,8,8
77040,197,173,24,24
77041,123,114,9,9
77042,80,81,-1,1
77043,25,53,-28,28
77044,140,139,1,1
77045,65,68,-3,3
77046,67,91,-24,24
77047,62,67,-5,5
77048,71,69,2,2
77049,138,132,6,6
77050,73,71,2,2
77051,84,85,-1,1
77052,227,187,40,40
77053,97,88,9,9
77054,47,52,-5,5
77055,74,74,0,0
77056,75,73,2,2
77057,64,65,-1,1
77058,107,105,2,2
77059,60,62,-2,2
77060,70,70,0,0
77061,117,96,21,21
77062,110,112,-2,2
77063,118,112,6,6
77064,86,81,5,5
77065,61,70,-9,9
77066,72,69,3,3
77067,153,137,16,16
77068,92,91,1,1
77069,117,115,2,2
77070,79,76,3,3
77071,111,97,14,14
77072,48,52,-4,4
77073,71,61,10,10
77074,100,95,5,5
77075,90,81,9,9
77076,67,68,-1,1
77077,111,105,6,6
77078,68,65,3,3
77079,113,102,11,11
77080,78,88,-10,10
77081,94,89,5,5
77082,86,86,0,0
77083,131,126,5,5
77084,142,123,19,19
77085,83,89,-6,6
77086,62,78,-16,16
77087,74,68,6,6
77088,143,133,10,10
77089,163,153,10,10
77090,78,71,7,7
77091,42,52,-10,10
77092,69,69,0,0
77093,68,68,0,0
77094,132,120,12,12
77095,59,57,2,2
77096,107,102,5,5
77097,107,107,0,0
77098,49,54,-5,5
77099,114,111,3,3
77100,87,83,4,4
77101,103,82,21,21
77102,122,110,12,12
77103,114,109,5,5
77104,172,152,20,20
77105,69,70,-1,1
77106,57,62,-5,5
77107,108,102,6,6
77108,80,95,-15,15
77109,70,72,-2,2
77110,126,121,5,5
77111,102,91,11,11
77112,45,55,-10,10
77113,72,66,6,6
77114,174,147,27,27
77115,101,104,-3,3
77116,53,55,-2,2
77117,71,66,5,5
77118,157,156,1,1
77119,139,129,10,10
77120,116,100,16,16
77121,86,75,11,11
77122,96,86,10,10
77123,107,106,1,1
77124,98,104,-6,6
77125,89,90,-1,1
77126,117,121,-4,4
77127,108,102,6,6
77128,54,54,0,0
77129,116,115,1,1
77130,111,107,4,4
77131,139,136,3,3
77132,74,69,5,5
77133,117,118,-1,1
77134,106,110,-4,4
77135,158,131,27,27
77136,97,95,2,2
77137,70,63,7,7
77138,106,107,-1,1
77139,82,75,7,7
77140,141,120,21,21
77141,132,123,9,9
77142,114,102,12,12
77143,145,129,16,16
77144,56,57,-1,1
77145,109,93,16,16
77146,131,114,17,17
77147,154,109,45,45
77148,73,67,6,6
77149,63,67,-4,4
77150,134,142,-8,8
77151,91,80,11,11
77152,127,117,10,10
77153,42,52,-10,10
77154,101,102,-1,1
77155,52,54,-2,2
77156,143,136,7,7
77157,92,84,8,8
77158,84,79,5,5
77159,101,112,-11,11
77160,117,114,3,3
77161,85,82,3,3
77162,52,56,-4,4
77163,74,63,11,11
77164,78,64,14,14
77165,64,64,0,0
77166,90,90,0,0
77167,59,63,-4,4
77168,53,62,-9,9
77169,94,97,-3,3
77170,77,74,3,3
77171,108,84,24,24
77172,138,127,11,11
77173,83,82,1,1
77174,150,132,18,18
77175,108,99,9,9
77176,64,64,0,0
77177,101,111,-10,10
77178,92,83,9,9
77179,150,132,18,18
77180,133,126,7,7
77181,42,56,-14,14
77182,43,53,-10,10
77183,63,60,3,3
77184,82,83,-1,1
77185,56,53,3,3
77186,101,108,-7,7
77187,65,75,-10,10
77188,112,107,5,5
77189,50,54,-4,4
77190,130,116,14,14
77191,88,96,-8,8
77192,74,69,5,5
77193,129,129,0,0
77194,57,63,-6,6
77195,110,106,4,4
77196,99,97,2,2
77197,77,68,9,9
77198,117,106,11,11
77199,107,96,11,11
77200,62,58,4,4
77201,75,76,-1,1
77202,97,102,-5,5
77203,54,60,-6,6
77204,80,74,6,6
77205,84,78,6,6
77206,52,54,-2,2
77207,106,102,4,4
77208,99,112,-13,13
77209,92,86,6,6
77210,53,60,-7,7
77211,135,129,6,6
77212,116,95,21,21
77213,96,100,-4,4
77214,116,107,9,9
77215,90,84,6,6
77216,187,149,38,38
77217,55,90,-35,35
77218,48,62,-14,14
77219,77,80,-3,3
77220,74,76,-2,2
77221,97,102,-5,5
77222,159,147,12,12
77223,127,119,8,8
77224,83,81,2,2
77225,67,67,0,0
77226,103,89,14,14
77227,68,61,7,7
77228,75,70,5,5
77229,88,86,2,2
77230,82,106,-24,24
77231,128,112,16,16
77232,177,155,22,22
77233,140,127,13,13
77234,108,86,22,22
77235,59,54,5,5
77236,97,96,1,1
77237,105,101,4,4
77238,59,58,1,1
77239,74,70,4,4
77240,63,60,3,3
77241,53,56,-3,3
77242,67,68,-1,1
77243,88,85,3,3
77244,116,108,8,8
77245,141,135,6,6
77246,123,118,5,5
77247,111,108,3,3
77248,89,82,7,7
77249,112,107,5,5
77250,118,114,4,4
77251,51,54,-3,3
77252,165,137,28,28
77253,70,71,-1,1
77254,92,79,13,13
77255,156,128,28,28
77256,160,137,23,23
77257,64,62,2,2
77258,137,131,6,6
77259,93,85,8,8
77260,124,120,4,4
77261,77,75,2,2
77262,128,123,5,5
77263,79,65,14,14
77264,61,75,-14,14
77265,112,100,12,12
77266,45,53,-8,8
77267,67,65,2,2
77268,126,119,7,7
77269,92,85,7,7
77270,74,72,2,2
77271,67,74,-7,7
77272,105,96,9,9
77273,167,160,7,7
77274,131,124,7,7
77275,84,122,-38,38
77276,110,115,-5,5
77277,72,77,-5,5
77278,71,111,-40,40
77279,115,114,1,1
77280,159,149,10,10
77281,82,93,-11,11
77282,100,110,-10,10
77283,70,61,9,9
77284,104,102,2,2
77285,49,54,-5,5
77286,104,103,1,1
77287,101,102,-1,1
77288,66,69,-3,3
77289,87,87,0,0
77290,85,91,-6,6
77291,124,128,-4,4
77292,121,108,13,13
77293,97,86,11,11
77294,63,60,3,3
77295,93,93,0,0
77296,79,70,9,9
77297,49,54,-5,5
77298,95,92,3,3
77299,76,77,-1,1
77300,133,128,5,5
77301,66,66,0,0
77302,85,91,-6,6
77303,228,254,-26,26
77304,124,126,-2,2
77305,90,81,9,9
77306,95,89,6,6
77307,54,59,-5,5
77308,82,89,-7,7
77309,155,135,20,20
77310,173,155,18,18
77311,171,150,21,21
77312,42,57,-15,15
77313,141,136,5,5
77314,92,82,10,10
77315,94,88,6,6
77316,82,84,-2,2
77317,132,120,12,12
77318,124,113,11,11
77319,94,86,8,8
77320,60,61,-1,1
77321,58,61,-3,3
77322,102,106,-4,4
77323,112,105,7,7
77324,121,115,6,6
77325,133,135,-2,2
77326,54,66,-12,12
77327,105,106,-1,1
77328,82,84,-2,2
77329,104,93,11,11
77330,91,80,11,11
77331,103,105,-2,2
77332,96,101,-5,5
77333,147,153,-6,6
77334,95,93,2,2
77335,111,113,-2,2
77336,106,107,-1,1
77337,59,57,2,2
77338,77,71,6,6
77339,97,77,20,20
77340,73,59,14,14
77341,105,96,9,9
77342,122,112,10,10
77343,55,64,-9,9
77344,108,104,4,4
77345,59,58,1,1
77346,124,121,3,3
77347,116,115,1,1
77348,100,91,9,9
77349,76,77,-1,1
77350,102,89,13,13
77351,95,99,-4,4
77352,138,122,16,16
77353,119,112,7,7
77354,78,78,0,0
77355,108,107,1,1
77356,34,52,-18,18
77357,105,105,0,0
77358,120,109,11,11
77359,91,88,3,3
77360,103,109,-6,6
77361,75,72,3,3
77362,176,152,24,24
77363,85,76,9,9
77364,75,71,4,4
77365,103,104,-1,1
77366,81,81,0,0
77367,105,110,-5,5
77368,50,60,-10,10
77369,118,110,8,8
77370,163,150,13,13
77371,137,123,14,14
77372,167,159,8,8
77373,116,111,5,5
77374,52,56,-4,4
77375,115,106,9,9
77376,188,175,13,13
77377,187,164,23,23
77378,84,78,6,6
77379,124,116,8,8
77380,95,93,2,2
77381,79,85,-6,6
77382,72,62,10,10
77383,68,64,4,4
77384,116,110,6,6
77385,83,100,-17,17
77386,94,85,9,9
77387,63,62,1,1
77388,200,198,2,2
77389,61,61,0,0
77390,148,133,15,15
77391,56,57,-1,1
77392,110,107,3,3
77393,94,94,0,0
77394,59,69,-10,10
77395,76,69,7,7
77396,67,72,-5,5
77397,102,105,-3,3
77398,165,139,26,26
77399,79,77,2,2
77400,74,67,7,7
77401,136,121,15,15
77402,116,102,14,14
77403,95,98,-3,3
77404,112,105,7,7
77405,65,68,-3,3
77406,43,53,-10,10
77407,92,87,5,5
77408,48,54,-6,6
77409,75,73,2,2
77410,118,115,3,3
77411,99,86,13,13
77412,101,94,7,7
77413,41,61,-20,20
77414,78,81,-3,3
77415,129,110,19,19
77416,109,113,-4,4
77417,81,75,6,6
77418,167,147,20,20
77419,55,77,-22,22
77420,202,169,33,33
77421,118,109,9,9
77422,122,120,2,2
77423,67,65,2,2
77424,67,64,3,3
77425,54,55,-1,1
77426,54,60,-6,6
77427,89,89,0,0
77428,107,101,6,6
77429,94,92,2,2
77430,72,63,9,9
77431,127,124,3,3
77432,84,94,-10,10
77433,64,63,1,1
77434,96,94,2,2
77435,116,107,9,9
77436,127,119,8,8
77437,128,116,12,12
77438,118,126,-8,8
77439,62,63,-1,1
77440,73,64,9,9
77441,36,51,-15,15
77442,165,138,27,27
77443,100,100,0,0
77444,65,65,0,0
77445,75,75,0,0
77446,75,85,-10,10
77447,97,100,-3,3
77448,93,98,-5,5
77449,57,60,-3,3
77450,59,60,-1,1
77451,85,81,4,4
77452,99,104,-5,5
77453,87,85,2,2
77454,102,109,-7,7
77455,75,77,-2,2
77456,92,89,3,3
77457,79,85,-6,6
77458,50,58,-8,8
77459,48,55,-7,7
77460,217,176,41,41
77461,132,115,17,17
77462,101,96,5,5
77463,82,79,3,3
77464,116,117,-1,1
77465,112,96,16,16
77466,66,76,-10,10
77467,81,83,-2,2
77468,56,56,0,0
77469,97,84,13,13
77470,84,73,11,11
77471,37,53,-16,16
77472,74,69,5,5
77473,127,122,5,5
77474,54,57,-3,3
77475,80,75,5,5
77476,57,55,2,2
77477,106,81,25,25
77478,91,85,6,6
77479,103,101,2,2
77480,114,98,16,16
77481,131,130,1,1
77482,85,79,6,6
77483,85,83,2,2
77484,93,92,1,1
77485,74,65,9,9
77486,88,88,0,0
77487,52,55,-3,3
77488,41,51,-10,10
77489,82,79,3,3
77490,112,105,7,7
77491,67,59,8,8
77492,69,78,-9,9
77493,150,132,18,18
77494,93,93,0,0
77495,63,60,3,3
77496,95,82,13,13
77497,46,53,-7,7
77498,72,68,4,4
77499,77,79,-2,2
77500,87,87,0,0
77501,121,120,1,1
77502,149,133,16,16
77503,82,68,14,14
77504,57,55,2,2
77505,127,109,18,18
77506,103,92,11,11
77507,96,93,3,3
77508,82,76,6,6
77509,161,144,17,17
77510,133,123,10,10
77511,73,67,6,6
77512,71,59,12,12
77513,168,162,6,6
77514,137,131,6,6
77515,72,67,5,5
77516,77,79,-2,2
77517,114,110,4,4
77518,115,110,5,5
77519,70,63,7,7
77520,78,80,-2,2
77521,118,113,5,5
77522,88,82,6,6
77523,81,74,7,7
77524,118,118,0,0
77525,60,58,2,2
77526,98,96,2,2
77527,99,85,14,14
77528,55,55,0,0
77529,100,95,5,5
77530,75,74,1,1
77531,77,68,9,9
77532,139,133,6,6
77533,99,88,11,11
77534,106,105,1,1
77535,92,96,-4,4
77536,87,84,3,3
77537,55,61,-6,6
77538,89,91,-2,2
77539,106,109,-3,3
77540,161,154,7,7
77541,72,74,-2,2
77542,119,101,18,18
77543,90,79,11,11
77544,110,105,5,5
77545,51,54,-3,3
77546,63,64,-1,1
77547,42,55,-13,13
77548,85,75,10,10
77549,144,129,15,15
77550,69,72,-3,3
77551,43,54,-11,11
77552,94,97,-3,3
77553,178,177,1,1
77554,80,77,3,3
77555,65,64,1,1
77556,62,61,1,1
77557,62,57,5,5
77558,144,139,5,5
77559,102,95,7,7
77560,104,100,4,4
77561,45,56,-11,11
77562,57,58,-1,1
77563,132,104,28,28
77564,105,94,11,11
77565,99,94,5,5
77566,60,66,-6,6
77567,72,73,-1,1
77568,122,121,1,1
77569,141,133,8,8
77570,94,84,10,10
77571,89,94,-5,5
77572,43,54,-11,11
77573,160,142,18,18
77574,84,70,14,14
77575,84,76,8,8
77576,90,94,-4,4
77577,68,66,2,2
77578,189,170,19,19
77579,77,86,-9,9
77580,59,61,-2,2
77581,139,131,8,8
77582,98,92,6,6
77583,147,131,16,16
77584,158,132,26,26
77585,97,88,9,9
77586,109,109,0,0
77587,112,104,8,8
77588,74,70,4,4
77589,155,137,18,18
77590,75,70,5,5
77591,129,114,15,15
77592,189,171,18,18
77593,98,98,0,0
77594,68,69,-1,1
77595,100,97,3,3
77596,136,118,18,18
77597,144,131,13,13
77598,123,120,3,3
77599,60,57,3,3
77600,131,119,12,12
77601,74,77,-3,3
77602,148,114,34,34
77603,112,102,10,10
77604,60,65,-5,5
77605,89,80,9,9
77606,83,86,-3,3
77607,100,91,9,9
77608,70,70,0,0
77609,119,123,-4,4
77610,52,58,-6,6
77611,72,72,0,0
77612,127,119,8,8
77613,82,81,1,1
77614,65,59,6,6
77615,75,65,10,10
77616,65,64,1,1
77617,80,95,-15,15
77618,95,115,-20,20
77619,74,78,-4,4
77620,107,100,7,7
77621,63,64,-1,1
77622,117,112,5,5
77623,83,67,16,16
77624,74,67,7,7
77625,56,58,-2,2
77626,143,142,1,1
77627,61,66,-5,5
77628,92,91,1,1
77629,147,154,-7,7
77630,68,78,-10,10
77631,95,89,6,6
77632,80,82,-2,2
77633,129,115,14,14
77634,133,143,-10,10
77635,47,54,-7,7
77636,65,55,10,10
77637,85,78,7,7
77638,100,92,8,8
77639,113,106,7,7
77640,104,96,8,8
77641,70,63,7,7
77642,16,51,-35,35
77643,102,94,8,8
77644,125,109,16,16
77645,83,81,2,2
77646,114,95,19,19
77647,150,142,8,8
77648,164,144,20,20
77649,97,89,8,8
77650,71,66,5,5
77651,78,75,3,3
77652,128,121,7,7
77653,111,100,11,11
77654,78,73,5,5
77655,83,78,5,5
77656,84,75,9,9
77657,81,80,1,1
77658,103,108,-5,5
77659,91,92,-1,1
77660,79,75,4,4
77661,84,83,1,1
77662,143,118,25,25
77663,97,91,6,6
77664,85,81,4,4
77665,120,106,14,14
77666,88,96,-8,8
77667,114,92,22,22
77668,116,105,11,11
77669,72,78,-6,6
77670,101,91,10,10
77671,129,120,9,9
77672,119,104,15,15
77673,86,87,-1,1
77674,75,80,-5,5
77675,76,70,6,6
77676,84,73,11,11
77677,75,74,1,1
77678,124,117,7,7
77679,177,176,1,1
77680,75,71,4,4
77681,117,113,4,4
77682,99,120,-21,21
77683,50,54,-4,4
77684,70,76,-6,6
77685,115,107,8,8
77686,60,61,-1,1
77687,96,89,7,7
77688,142,133,9,9
77689,87,79,8,8
77690,112,109,3,3
77691,116,99,17,17
77692,56,56,0,0
77693,158,153,5,5
77694,188,173,15,15
77695,181,159,22,22
77696,104,85,19,19
77697,159,150,9,9
77698,122,125,-3,3
77699,69,73,-4,4
77700,105,97,8,8
77701,84,88,-4,4
77702,80,77,3,3
77703,62,59,3,3
77704,75,71,4,4
77705,72,76,-4,4
77706,86,82,4,4
77707,99,107,-8,8
77708,59,59,0,0
77709,104,92,12,12
77710,78,76,2,2
77711,97,97,0,0
77712,129,118,11,11
77713,64,71,-7,7
77714,105,95,10,10
77715,93,81,12,12
77716,92,89,3,3
77717,40,52,-12,12
77718,98,102,-4,4
77719,132,129,3,3
77720,67,74,-7,7
77721,51,79,-28,28
77722,81,89,-8,8
77723,142,136,6,6
77724,145,134,11,11
77725,72,67,5,5
77726,102,93,9,9
77727,87,80,7,7
77728,111,106,5,5
77729,80,73,7,7
77730,85,81,4,4
77731,144,128,16,16
77732,66,71,-5,5
77733,98,88,10,10
77734,91,91,0,0
77735,61,63,-2,2
77736,46,55,-9,9
77737,89,95,-6,6
77738,105,93,12,12
77739,102,89,13,13
77740,100,98,2,2
77741,58,62,-4,4
77742,116,114,2,2
77743,73,75,-2,2
77744,96,92,4,4
77745,89,83,6,6
77746,79,82,-3,3
77747,74,71,3,3
77748,100,88,12,12
77749,35,55,-20,20
77750,49,52,-3,3
77751,79,72,7,7
77752,102,88,14,14
77753,104,79,25,25
77754,198,168,30,30
77755,136,119,17,17
77756,62,70,-8,8
77757,100,96,4,4
77758,89,84,5,5
77759,131,121,10,10
77760,82,80,2,2
77761,157,143,14,14
77762,71,70,1,1
77763,54,53,1,1
77764,115,117,-2,2
77765,80,76,4,4
77766,69,64,5,5
77767,80,68,12,12
77768,89,88,1,1
77769,91,87,4,4
77770,171,139,32,32
77771,86,76,10,10
77772,120,114,6,6
77773,72,70,2,2
77774,67,60,7,7
77775,122,137,-15,15
77776,71,73,-2,2
77777,119,115,4,4
77778,80,75,5,5
77779,110,96,14,14
77780,47,53,-6,6
77781,193,165,28,28
77782,80,74,6,6
77783,52,57,-5,5
77784,61,59,2,2
77785,90,95,-5,5
77786,85,80,5,5
77787,74,71,3,3
77788,85,82,3,3
77789,125,142,-17,17
77790,150,136,14,14
77791,89,85,4,4
77792,93,86,7,7
77793,131,129,2,2
77794,66,68,-2,2
77795,78,68,10,10
77796,151,142,9,9
77797,91,91,0,0
77798,75,79,-4,4
77799,39,51,-12,12
77800,54,54,0,0
77801,106,96,10,10
77802,128,125,3,3
77803,49,60,-11,11
77804,124,119,5,5
77805,76,73,3,3
77806,89,82,7,7
77807,48,55,-7,7
77808,135,147,-12,12
77809,108,108,0,0
77810,113,102,11,11
77811,97,94,3,3
77812,155,150,5,5
77813,154,134,20,20
77814,118,103,15,15
77815,87,77,10,10
77816,56,61,-5,5
77817,56,71,-15,15
77818,70,78,-8,8
77819,45,54,-9,9
77820,49,74,-25,25
77821,91,77,14,14
77822,76,72,4,4
77823,81,97,-16,16
77824,121,116,5,5
77825,109,103,6,6
77826,72,75,-3,3
77827,75,71,4,4
77828,35,54,-19,19
77829,90,92,-2,2
77830,132,124,8,8
77831,140,153,-13,13
77832,75,79,-4,4
77833,76,72,4,4
77834,111,127,-16,16
77835,92,96,-4,4
77836,120,128,-8,8
77837,119,112,7,7
77838,78,84,-6,6
77839,86,80,6,6
77840,60,65,-5,5
77841,158,142,16,16
77842,94,84,10,10
77843,126,115,11,11
77844,112,97,15,15
77845,112,100,12,12
77846,73,74,-1,1
77847,94,95,-1,1
77848,133,116,17,17
77849,70,62,8,8
77850,83,75,8,8
77851,117,112,5,5
77852,104,97,7,7
77853,109,101,8,8
77854,173,145,28,28
77855,55,67,-12,12
77856,46,54,-8,8
77857,36,51,-15,15
77858,76,77,-1,1
77859,136,124,12,12
77860,102,98,4,4
77861,110,103,7,7
77862,94,86,8,8
77863,80,78,2,2
77864,149,136,13,13
77865,249,211,38,38
77866,150,149,1,1
77867,49,55,-6,6
77868,58,57,1,1
77869,54,54,0,0
77870,83,69,14,14
77871,119,104,15,15
77872,58,61,-3,3
77873,123,107,16,16
77874,125,112,13,13
77875,115,118,-3,3
77876,74,82,-8,8
77877,71,64,7,7
77878,162,138,24,24
77879,96,95,1,1
77880,63,64,-1,1
77881,87,89,-2,2
77882,74,63,11,11
77883,70,86,-16,16
77884,114,113,1,1
77885,72,67,5,5
77886,58,64,-6,6
77887,117,104,13,13
77888,77,95,-18,18
77889,57,64,-7,7
77890,142,129,13,13
77891,57,62,-5,5
77892,77,72,5,5
77893,100,118,-18,18
77894,92,104,-12,12
77895,53,56,-3,3
77896,98,87,11,11
77897,96,93,3,3
77898,67,62,5,5
77899,69,67,2,2
77900,108,107,1,1
77901,97,89,8,8
77902,75,68,7,7
77903,97,97,0,0
77904,127,113,14,14
77905,87,81,6,6
77906,86,79,7,7
77907,84,73,11,11
77908,86,84,2,2
77909,88,84,4,4
77910,97,93,4,4
77911,86,77,9,9
77912,79,84,-5,5
77913,183,165,18,18
77914,97,93,4,4
77915,136,129,7,7
77916,78,75,3,3
77917,128,122,6,6
77918,116,107,9,9
77919,167,156,11,11
77920,143,150,-7,7
77921,72,76,-4,4
77922,101,97,4,4
77923,89,87,2,2
77924,63,59,4,4
77925,136,124,12,12
77926,129,124,5,5
77927,77,78,-1,1
77928,70,78,-8,8
77929,114,106,8,8
77930,100,109,-9,9
77931,133,120,13,13
77932,130,124,6,6
77933,64,59,5,5
77934,105,96,9,9
77935,171,147,24,24
77936,120,108,12,12
77937,95,89,6,6
77938,72,72,0,0
77939,75,67,8,8
77940,110,94,16,16
77941,119,105,14,14
77942,184,158,26,26
77943,132,124,8,8
77944,128,131,-3,3
77945,78,89,-11,11
77946,124,119,5,5
77947,123,121,2,2
77948,105,89,16,16
77949,51,61,-10,10
77950,89,98,-9,9
77951,58,58,0,0
77952,112,101,11,11
77953,97,94,3,3
77954,95,94,1,1
77955,79,77,2,2
77956,85,82,3,3
77957,135,115,20,20
77958,127,125,2,2
77959,95,82,13,13
77960,141,141,0,0
77961,76,78,-2,2
77962,63,61,2,2
77963,106,99,7,7
77964,95,86,9,9
77965,91,88,3,3
77966,147,139,8,8
77967,124,112,12,12
77968,88,76,12,12
77969,70,71,-1,1
77970,80,88,-8,8
77971,41,52,-11,11
77972,59,59,0,0
77973,97,100,-3,3
77974,61,60,1,1
77975,148,129,19,19
77976,106,93,13,13
77977,102,109,-7,7
77978,66,65,1,1
77979,75,70,5,5
77980,98,88,10,10
77981,58,54,4,4
77982,59,59,0,0
77983,53,54,-1,1
77984,53,73,-20,20
77985,121,104,17,17
77986,101,85,16,16
77987,145,129,16,16
77988,57,56,1,1
77989,74,67,7,7
77990,65,64,1,1
77991,79,85,-6,6
77992,117,115,2,2
77993,65,63,2,2
77994,64,70,-6,6
77995,81,71,10,10
77996,125,102,23,23
77997,67,65,2,2
77998,69,66,3,3
77999,59,55,4,4
78000,126,114,12,12
78001,106,103,3,3
78002,63,62,1,1
78003,89,92,-3,3
78004,120,97,23,23
78005,97,98,-1,1
78006,70,66,4,4
78007,116,117,-1,1
78008,77,64,13,13
78009,49,53,-4,4
78010,71,65,6,6
78011,64,73,-9,9
78012,72,60,12,12
78013,128,107,21,21
78014,98,90,8,8
78015,66,64,2,2
78016,112,110,2,2
78017,51,60,-9,9
78018,85,79,6,6
78019,100,91,9,9
78020,92,87,5,5
78021,111,108,3,3
78022,100,116,-16,16
78023,96,91,5,5
78024,166,145,21,21
78025,137,140,-3,3
78026,72,68,4,4
78027,115,115,0,0
78028,88,81,7,7
78029,91,87,4,4
78030,103,104,-1,1
78031,47,57,-10,10
78032,86,89,-3,3
78033,136,123,13,13
78034,157,152,5,5
78035,124,123,1,1
78036,137,131,6,6
78037,101,102,-1,1
78038,74,64,10,10
78039,85,74,11,11
78040,45,53,-8,8
78041,168,151,17,17
78042,115,100,15,15
78043,116,124,-8,8
78044,84,87,-3,3
78045,102,98,4,4
78046,59,68,-9,9
78047,106,108,-2,2
78048,60,71,-11,11
78049,123,113,10,10
78050,85,72,13,13
78051,60,64,-4,4
78052,82,69,13,13
78053,160,140,20,20
78054,82,79,3,3
78055,83,83,0,0
78056,73,76,-3,3
78057,113,114,-1,1
78058,95,80,15,15
78059,100,91,9,9
78060,40,56,-16,16
78061,80,81,-1,1
78062,110,104,6,6
78063,144,139,5,5
78064,115,102,13,13
78065,64,73,-9,9
78066,119,104,15,15
78067,102,101,1,1
78068,159,132,27,27
78069,104,95,9,9
78070,91,88,3,3
78071,133,128,5,5
78072,98,93,5,5
78073,96,100,-4,4
78074,134,125,9,9
78075,160,141,19,19
78076,59,67,-8,8
78077,74,74,0,0
78078,106,91,15,15
78079,64,59,5,5
78080,90,94,-4,4
78081,67,64,3,3
78082,100,96,4,4
78083,68,67,1,1
78084,159,147,12,12
78085,87,86,1,1
78086,123,126,-3,3
78087,78,75,3,3
78088,95,84,11,11
78089,56,68,-12,12
78090,102,100,2,2
78091,108,93,15,15
78092,73,67,6,6
78093,111,109,2,2
78094,137,125,12,12
78095,84,85,-1,1
78096,89,79,10,10
78097,70,77,-7,7
78098,78,80,-2,2
78099,152,142,10,10
78100,81,82,-1,1
78101,49,56,-7,7
78102,69,70,-1,1
78103,102,85,17,17
78104,62,65,-3,3
78105,91,88,3,3
78106,72,62,10,10
78107,47,54,-7,7
78108,184,150,34,34
78109,103,88,15,15
78110,69,71,-2,2
78111,51,59,-8,8
78112,120,126,-6,6
78113,105,82,23,23
78114,46,56,-10,10
78115,75,71,4,4
78116,71,65,6,6
78117,45,53,-8,8
78118,80,84,-4,4
78119,79,87,-8,8
78120,78,74,4,4
78121,62,71,-9,9
78122,86,81,5,5
78123,122,117,5,5
78124,101,91,10,10
78125,72,70,2,2
78126,141,131,10,10
78127,69,70,-1,1
78128,93,84,9,9
78129,55,55,0,0
78130,121,112,9,9
78131,105,107,-2,2
78132,99,84,15,15
78133,195,165,30,30
78134,76,74,2,2
78135,124,113,11,11
78136,100,80,20,20
78137,152,148,4,4
78138,108,101,7,7
78139,49,55,-6,6
78140,176,156,20,20
78141,104,185,-81,81
78142,81,63,18,18
78143,97,94,3,3
78144,58,56,2,2
78145,110,100,10,10
78146,55,62,-7,7
78147,69,67,2,2
78148,107,127,-20,20
78149,71,65,6,6
78150,88,87,1,1
78151,43,55,-12,12
78152,117,116,1,1
78153,81,65,16,16
78154,75,76,-1,1
78155,108,104,4,4
78156,63,62,1,1
78157,74,77,-3,3
78158,68,67,1,1
78159,62,62,0,0
78160,52,55,-3,3
78161,78,85,-7,7
78162,108,114,-6,6
78163,188,151,37,37
78164,61,62,-1,1
78165,77,71,6,6
78166,97,85,12,12
78167,67,75,-8,8
78168,77,101,-24,24
78169,91,91,0,0
78170,69,67,2,2
78171,131,130,1,1
78172,56,57,-1,1
78173,49,55,-6,6
78174,126,121,5,5
78175,114,107,7,7
78176,90,90,0,0
78177,75,81,-6,6
78178,83,71,12,12
78179,92,96,-4,4
78180,83,82,1,1
78181,89,75,14,14
78182,85,83,2,2
78183,70,63,7,7
78184,108,103,5,5
78185,71,72,-1,1
78186,68,62,6,6
78187,70,69,1,1
78188,107,108,-1,1
78189,58,64,-6,6
78190,51,54,-3,3
78191,55,61,-6,6
78192,161,154,7,7
78193,46,60,-14,14
78194,92,85,7,7
78195,154,141,13,13
78196,83,82,1,1
78197,128,121,7,7
78198,73,74,-1,1
78199,87,84,3,3
78200,122,107,15,15
78201,108,89,19,19
78202,76,87,-11,11
78203,59,65,-6,6
78204,83,84,-1,1
78205,92,89,3,3
78206,96,92,4,4
78207,105,94,11,11
78208,58,64,-6,6
78209,81,73,8,8
78210,110,96,14,14
78211,44,56,-12,12
78212,81,75,6,6
78213,63,68,-5,5
78214,78,76,2,2
78215,68,69,-1,1
78216,120,123,-3,3
78217,181,159,22,22
78218,141,132,9,9
78219,178,155,23,23
78220,64,59,5,5
78221,72,72,0,0
78222,45,53,-8,8
78223,143,125,18,18
78224,145,125,20,20
78225,111,105,6,6
78226,86,83,3,3
78227,125,126,-1,1
78228,79,78,1,1
78229,67,71,-4,4
78230,173,151,22,22
78231,81,80,1,1
78232,88,90,-2,2
78233,63,63,0,0
78234,66,87,-21,21
78235,96,89,7,7
78236,100,81,19,19
78237,57,53,4,4
78238,125,109,16,16
78239,156,143,13,13
78240,125,118,7,7
78241,133,128,5,5
78242,66,65,1,1
78243,159,157,2,2
78244,44,64,-20,20
78245,67,58,9,9
78246,105,101,4,4
78247,77,72,5,5
78248,64,69,-5,5
78249,62,83,-21,21
78250,69,63,6,6
78251,163,141,22,22
78252,62,63,-1,1
78253,50,53,-3,3
78254,100,97,3,3
78255,108,98,10,10
78256,70,68,2,2
78257,97,89,8,8
78258,83,74,9,9
78259,137,142,-5,5
78260,70,65,5,5
78261,122,97,25,25
78262,79,84,-5,5
78263,52,72,-20,20
78264,86,91,-5,5
78265,93,82,11,11
78266,93,103,-10,10
78267,62,64,-2,2
78268,109,92,17,17
78269,107,107,0,0
78270,83,83,0,0
78271,57,59,-2,2
78272,61,65,-4,4
78273,43,53,-10,10
78274,156,132,24,24
78275,102,91,11,11
78276,56,64,-8,8
78277,199,174,25,25
78278,103,103,0,0
78279,77,76,1,1
78280,147,148,-1,1
78281,99,107,-8,8
78282,74,107,-33,33
78283,71,65,6,6
78284,142,133,9,9
78285,72,62,10,10
78286,28,75,-47,47
78287,99,105,-6,6
78288,145,145,0,0
78289,51,52,-1,1
78290,132,128,4,4
78291,102,98,4,4
78292,69,70,-1,1
78293,142,132,10,10
78294,52,54,-2,2
78295,87,92,-5,5
78296,122,122,0,0
78297,93,97,-4,4
78298,85,88,-3,3
78299,101,93,8,8
78300,88,89,-1,1
78301,64,61,3,3
78302,131,120,11,11
78303,91,87,4,4
78304,174,151,23,23
78305,50,53,-3,3
78306,78,81,-3,3
78307,76,81,-5,5
78308,118,112,6,6
78309,56,60,-4,4
78310,53,53,0,0
78311,98,101,-3,3
78312,119,118,1,1
78313,133,124,9,9
78314,66,63,3,3
78315,117,118,-1,1
78316,94,90,4,4
78317,79,82,-3,3
78318,114,112,2,2
78319,96,81,15,15
78320,81,82,-1,1
78321,83,84,-1,1
78322,74,76,-2,2
78323,89,84,5,5
78324,73,78,-5,5
78325,160,149,11,11
78326,120,108,12,12
78327,52,57,-5,5
78328,127,127,0,0
78329,93,85,8,8
78330,108,114,-6,6
78331,95,93,2,2
78332,75,72,3,3
78333,124,108,16,16
78334,90,88,2,2
78335,101,101,0,0
78336,44,54,-10,10
78337,113,103,10,10
78338,64,71,-7,7
78339,135,122,13,13
78340,147,134,13,13
78341,112,111,1,1
78342,63,65,-2,2
78343,91,102,-11,11
78344,93,69,24,24
78345,116,107,9,9
78346,124,127,-3,3
78347,127,123,4,4
78348,114,118,-4,4
78349,137,110,27,27
78350,56,56,0,0
78351,54,59,-5,5
78352,78,79,-1,1
78353,71,73,-2,2
78354,72,71,1,1
78355,67,72,-5,5
78356,48,52,-4,4
78357,115,131,-16,16
78358,53,55,-2,2
78359,95,89,6,6
78360,56,67,-11,11
78361,45,52,-7,7
78362,209,183,26,26
78363,85,94,-9,9
78364,80,75,5,5
78365,139,138,1,1
78366,64,63,1,1
78367,83,85,-2,2
78368,121,113,8,8
78369,102,107,-5,5
78370,94,86,8,8
78371,119,109,10,10
78372,59,63,-4,4
78373,61,84,-23,23
78374,74,67,7,7
78375,76,73,3,3
78376,91,91,0,0
78377,132,116,16,16
78378,54,57,-3,3
78379,74,73,1,1
78380,96,84,12,12
78381,60,67,-7,7
78382,91,95,-4,4
78383,102,101,1,1
78384,131,126,5,5
78385,95,88,7,7
78386,35,52,-17,17
78387,70,74,-4,4
78388,115,102,13,13
78389,63,63,0,0
78390,70,76,-6,6
78391,73,68,5,5
78392,79,77,2,2
78393,114,114,0,0
78394,75,83,-8,8
78395,103,98,5,5
78396,111,102,9,9
78397,110,112,-2,2
78398,55,59,-4,4
78399,89,94,-5,5
78400,53,61,-8,8
78401,114,101,13,13
78402,104,101,3,3
78403,45,52,-7,7
78404,122,112,10,10
78405,72,73,-1,1
78406,140,130,10,10
78407,132,117,15,15
78408,127,147,-20,20
78409,133,125,8,8
78410,66,63,3,3
78411,99,95,4,4
78412,112,109,3,3
78413,104,85,19,19
78414,143,130,13,13
78415,107,95,12,12
78416,122,120,2,2
78417,166,157,9,9
78418,169,158,11,11
78419,165,162,3,3
78420,147,122,25,25
78421,63,58,5,5
78422,71,73,-2,2
78423,59,58,1,1
78424,127,124,3,3
78425,168,148,20,20
78426,43,54,-11,11
78427,103,89,14,14
78428,109,100,9,9
78429,99,100,-1,1
78430,71,68,3,3
78431,94,91,3,3
78432,104,98,6,6
78433,96,94,2,2
78434,85,76,9,9
78435,122,103,19,19
78436,85,84,1,1
78437,49,54,-5,5
78438,44,62,-18,18
78439,65,59,6,6
78440,78,78,0,0
78441,117,110,7,7
78442,103,91,12,12
78443,106,89,17,17
78444,97,102,-5,5
78445,167,172,-5,5
78446,50,54,-4,4
78447,134,120,14,14
78448,100,104,-4,4
78449,81,79,2,2
78450,108,113,-5,5
78451,55,61,-6,6
78452,82,84,-2,2
78453,94,108,-14,14
78454,94,86,8,8
78455,61,59,2,2
78456,141,135,6,6
78457,79,77,2,2
78458,71,80,-9,9
78459,48,55,-7,7
78460,140,135,5,5
78461,70,76,-6,6
78462,63,61,2,2
78463,137,123,14,14
78464,40,52,-12,12
78465,103,95,8,8
78466,67,74,-7,7
78467,82,76,6,6
78468,119,118,1,1
78469,131,124,7,7
78470,77,90,-13,13
78471,98,91,7,7
78472,148,149,-1,1
78473,91,83,8,8
78474,95,97,-2,2
78475,60,56,4,4
78476,72,71,1,1
78477,123,115,8,8
78478,68,64,4,4
78479,124,120,4,4
78480,128,123,5,5
78481,114,111,3,3
78482,90,83,7,7
78483,108,107,1,1
78484,114,107,7,7
78485,33,57,-24,24
78486,95,91,4,4
78487,113,107,6,6
78488,57,58,-1,1
78489,71,67,4,4
78490,110,99,11,11
78491,67,70,-3,3
78492,59,61,-2,2
78493,105,104,1,1
78494,132,117,15,15
78495,93,99,-6,6
78496,90,95,-5,5
78497,134,119,15,15
78498,32,52,-20,20
78499,108,140,-32,32
78500,81,71,10,10
78501,94,92,2,2
78502,116,118,-2,2
78503,131,126,5,5
78504,63,71,-8,8
78505,96,92,4,4
78506,71,60,11,11
78507,71,63,8,8
78508,79,86,-7,7
78509,115,106,9,9
78510,48,67,-19,19
78511,85,76,9,9
78512,113,102,11,11
78513,89,88,1,1
78514,131,123,8,8
78515,91,91,0,0
78516,72,67,5,5
78517,169,149,20,20
78518,133,127,6,6
78519,176,153,23,23
78520,118,120,-2,2
78521,71,77,-6,6
78522,65,70,-5,5
78523,144,120,24,24
78524,72,80,-8,8
78525,70,74,-4,4
78526,70,68,2,2
78527,117,101,16,16
78528,97,92,5,5
78529,57,56,1,1
78530,61,78,-17,17
78531,80,75,5,5
78532,92,86,6,6
78533,85,85,0,0
78534,125,109,16,16
78535,90,97,-7,7
78536,80,72,8,8
78537,71,75,-4,4
78538,149,129,20,20
78539,69,65,4,4
78540,104,96,8,8
78541,95,87,8,8
78542,129,108,21,21
78543,144,121,23,23
78544,61,60,1,1
78545,130,111,19,19
78546,144,129,15,15
78547,39,53,-14,14
78548,114,102,12,12
78549,48,52,-4,4
78550,94,83,11,11
78551,92,84,8,8
78552,101,84,17,17
78553,79,86,-7,7
78554,113,97,16,16
78555,69,71,-2,2
78556,41,54,-13,13
78557,69,73,-4,4
78558,108,104,4,4
78559,66,64,2,2
78560,93,79,14,14
78561,86,77,9,9
78562,79,71,8,8
78563,80,81,-1,1
78564,87,79,8,8
78565,179,154,25,25
78566,67,65,2,2
78567,71,76,-5,5
78568,86,76,10,10
78569,92,91,1,1
78570,109,107,2,2
78571,45,57,-12,12
78572,84,80,4,4
78573,158,145,13,13
78574,92,82,10,10
78575,75,70,5,5
78576,84,80,4,4
78577,65,72,-7,7
78578,104,90,14,14
78579,44,53,-9,9
78580,198,156,42,42
78581,124,113,11,11
78582,134,115,19,19
78583,122,108,14,14
78584,77,74,3,3
78585,103,96,7,7
78586,98,89,9,9
78587,59,54,5,5
78588,87,68,19,19
78589,74,64,10,10
78590,67,71,-4,4
78591,85,82,3,3
78592,79,69,10,10
78593,96,99,-3,3
78594,121,117,4,4
78595,98,105,-7,7
78596,145,125,20,20
78597,110,102,8,8
78598,144,138,6,6
78599,85,80,5,5
78600,114,119,-5,5
78601,95,90,5,5
78602,51,60,-9,9
78603,97,90,7,7
78604,81,67,14,14
78605,81,76,5,5
78606,85,80,5,5
78607,154,147,7,7
78608,125,117,8,8
78609,97,98,-1,1
78610,161,139,22,22
78611,144,121,23,23
78612,127,117,10,10
78613,88,82,6,6
78614,180,160,20,20
78615,90,93,-3,3
78616,66,70,-4,4
78617,95,88,7,7
78618,94,100,-6,6
78619,75,77,-2,2
78620,65,70,-5,5
78621,111,116,-5,5
78622,67,62,5,5
78623,86,90,-4,4
78624,141,123,18,18
78625,102,94,8,8
78626,142,138,4,4
78627,188,172,16,16
78628,62,57,5,5
78629,104,110,-6,6
78630,63,61,2,2
78631,100,90,10,10
78632,148,133,15,15
78633,103,105,-2,2
78634,122,124,-2,2
78635,69,69,0,0
78636,89,82,7,7
78637,113,88,25,25
78638,135,128,7,7
78639,158,135,23,23
78640,74,62,12,12
78641,54,54,0,0
78642,106,102,4,4
78643,56,84,-28,28
78644,113,104,9,9
78645,95,83,12,12
78646,134,126,8,8
78647,73,72,1,1
78648,51,52,-1,1
78649,50,54,-4,4
78650,33,51,-18,18
78651,130,113,17,17
78652,111,125,-14,14
78653,58,57,1,1
78654,103,96,7,7
78655,136,135,1,1
78656,99,95,4,4
78657,99,91,8,8
78658,116,106,10,10
78659,149,136,13,13
78660,69,67,2,2
78661,81,87,-6,6
78662,57,58,-1,1
78663,85,77,8,8
78664,78,92,-14,14
78665,94,89,5,5
78666,112,100,12,12
78667,141,114,27,27
78668,133,118,15,15
78669,85,90,-5,5
78670,100,104,-4,4
78671,62,59,3,3
78672,121,111,10,10
78673,54,57,-3,3
78674,154,144,10,10
78675,142,124,18,18
78676,104,116,-12,12
78677,103,97,6,6
78678,70,64,6,6
78679,118,111,7,7
78680,115,111,4,4
78681,145,139,6,6
78682,106,107,-1,1
78683,114,107,7,7
78684,87,79,8,8
78685,155,134,21,21
78686,142,129,13,13
78687,132,118,14,14
78688,94,87,7,7
78689,142,135,7,7
78690,150,141,9,9
78691,53,58,-5,5
78692,94,88,6,6
78693,85,96,-11,11
78694,62,67,-5,5
78695,53,53,0,0
78696,81,86,-5,5
78697,175,163,12,12
78698,55,54,1,1
78699,72,80,-8,8
78700,93,87,6,6
78701,73,79,-6,6
78702,47,55,-8,8
78703,67,68,-1,1
78704,117,107,10,10
78705,104,102,2,2
78706,76,72,4,4
78707,99,82,17,17
78708,131,116,15,15
78709,84,88,-4,4
78710,105,114,-9,9
78711,157,128,29,29
78712,111,114,-3,3
78713,91,91,0,0
78714,74,85,-11,11
78715,79,77,2,2
78716,103,91,12,12
78717,119,108,11,11
78718,163,140,23,23
78719,69,70,-1,1
78720,112,104,8,8
78721,55,62,-7,7
78722,97,96,1,1
78723,99,86,13,13
78724,58,65,-7,7
78725,125,105,20,20
78726,88,76,12,12
78727,81,79,2,2
78728,158,154,4,4
78729,55,66,-11,11
78730,114,115,-1,1
78731,95,91,4,4
78732,87,101,-14,14
78733,139,119,20,20
78734,79,73,6,6
78735,75,65,10,10
78736,56,59,-3,3
78737,113,126,-13,13
78738,148,134,14,14
78739,160,137,23,23
78740,97,89,8,8
78741,88,88,0,0
78742,89,84,5,5
78743,101,93,8,8
78744,53,57,-4,4
78745,97,107,-10,10
78746,67,68,-1,1
78747,117,107,10,10
78748,72,62,10,10
78749,40,53,-13,13
78750,48,53,-5,5
78751,88,78,10,10
78752,95,81,14,14
78753,132,121,11,11
78754,63,59,4,4
78755,95,90,5,5
78756,84,80,4,4
78757,33,51,-18,18
78758,70,69,1,1
78759,154,144,10,10
78760,163,145,18,18
78761,175,152,23,23
78762,92,83,9,9
78763,150,143,7,7
78764,67,67,0,0
78765,127,127,0,0
78766,131,123,8,8
78767,194,166,28,28
78768,113,103,10,10
78769,106,99,7,7
78770,88,78,10,10
78771,75,73,2,2
78772,56,70,-14,14
78773,86,94,-8,8
78774,66,61,5,5
78775,171,157,14,14
78776,127,116,11,11
78777,110,103,7,7
78778,93,94,-1,1
78779,89,83,6,6
78780,72,81,-9,9
78781,98,85,13,13
78782,77,77,0,0
78783,93,88,5,5
78784,112,93,19,19
78785,68,64,4,4
78786,104,110,-6,6
78787,78,73,5,5
78788,69,78,-9,9
78789,48,54,-6,6
78790,65,68,-3,3
78791,109,107,2,2
78792,90,102,-12,12
78793,141,129,12,12
78794,100,98,2,2
78795,133,126,7,7
78796,110,98,12,12
78797,54,55,-1,1
78798,71,67,4,4
78799,144,133,11,11
78800,57,67,-10,10
78801,88,87,1,1
78802,107,97,10,10
78803,128,117,11,11
78804,93,95,-2,2
78805,136,132,4,4
78806,107,88,19,19
78807,151,137,14,14
78808,114,107,7,7
78809,67,63,4,4
78810,94,91,3,3
78811,90,80,10,10
78812,105,91,14,14
78813,132,115,17,17
78814,90,84,6,6
78815,120,121,-1,1
78816,91,100,-9,9
78817,155,145,10,10
78818,62,61,1,1
78819,109,99,10,10
78820,100,104,-4,4
78821,160,134,26,26
78822,96,91,5,5
78823,104,106,-2,2
78824,93,89,4,4
78825,72,70,2,2
78826,59,74,-15,15
78827,74,69,5,5
78828,83,72,11,11
78829,92,81,11,11
78830,100,101,-1,1
78831,87,82,5,5
78832,122,118,4,4
78833,78,74,4,4
78834,79,68,11,11
78835,138,116,22,22
78836,158,144,14,14
78837,75,74,1,1
78838,100,91,9,9
78839,134,117,17,17
78840,138,147,-9,9
78841,82,87,-5,5
78842,52,53,-1,1
78843,74,76,-2,2
78844,60,56,4,4
78845,49,59,-10,10
78846,45,58,-13,13
78847,83,79,4,4
78848,55,57,-2,2
78849,74,67,7,7
78850,96,88,8,8
78851,71,71,0,0
78852,73,68,5,5
78853,104,111,-7,7
78854,57,55,2,2
78855,79,73,6,6
78856,109,105,4,4
78857,65,60,5,5
78858,129,138,-9,9
78859,75,68,7,7
78860,209,172,37,37
78861,102,92,10,10
78862,102,102,0,0
78863,142,124,18,18
78864,140,112,28,28
78865,44,51,-7,7
78866,102,104,-2,2
78867,89,76,13,13
78868,86,77,9,9
78869,85,83,2,2
78870,88,80,8,8
78871,77,81,-4,4
78872,123,126,-3,3
78873,62,71,-9,9
78874,163,150,13,13
78875,114,112,2,2
78876,55,60,-5,5
78877,112,111,1,1
78878,125,119,6,6
78879,123,120,3,3
78880,96,91,5,5
78881,111,102,9,9
78882,136,119,17,17
78883,75,74,1,1
78884,134,131,3,3
78885,77,82,-5,5
78886,98,95,3,3
78887,94,87,7,7
78888,77,77,0,0
78889,83,76,7,7
78890,97,84,13,13
78891,82,79,3,3
78892,126,118,8,8
78893,159,144,15,15
78894,100,106,-6,6
78895,100,110,-10,10
78896,121,116,5,5
78897,117,95,22,22
78898,81,81,0,0
78899,90,87,3,3
78900,68,65,3,3
78901,110,107,3,3
78902,118,123,-5,5
78903,97,92,5,5
78904,81,72,9,9
78905,105,100,5,5
78906,95,83,12,12
78907,66,81,-15,15
78908,109,107,2,2
78909,141,136,5,5
78910,52,63,-11,11
78911,80,70,10,10
78912,93,82,11,11
78913,76,72,4,4
78914,111,108,3,3
78915,107,96,11,11
78916,132,121,11,11
78917,100,98,2,2
78918,138,124,14,14
78919,122,109,13,13
78920,105,102,3,3
78921,85,81,4,4
78922,96,77,19,19
78923,60,59,1,1
78924,106,99,7,7
78925,47,62,-15,15
78926,97,91,6,6
78927,36,52,-16,16
78928,111,96,15,15
78929,121,127,-6,6
78930,85,72,13,13
78931,95,83,12,12
78932,78,76,2,2
78933,113,113,0,0
78934,72,68,4,4
78935,110,114,-4,4
78936,38,53,-15,15
78937,133,125,8,8
78938,52,76,-24,24
78939,49,55,-6,6
78940,57,59,-2,2
78941,209,158,51,51
78942,93,96,-3,3
78943,62,61,1,1
78944,51,56,-5,5
78945,82,103,-21,21
78946,77,70,7,7
78947,165,142,23,23
78948,58,59,-1,1
78949,108,100,8,8
78950,43,54,-11,11
78951,83,80,3,3
78952,92,86,6,6
78953,127,113,14,14
78954,47,53,-6,6
78955,78,74,4,4
78956,62,62,0,0
78957,136,120,16,16
78958,121,121,0,0
78959,79,81,-2,2
78960,83,91,-8,8
78961,100,99,1,1
78962,86,97,-11,11
78963,89,90,-1,1
78964,74,64,10,10
78965,133,127,6,6
78966,107,103,4,4
78967,89,81,8,8
78968,72,71,1,1
78969,78,81,-3,3
78970,52,54,-2,2
78971,94,92,2,2
78972,107,102,5,5
78973,61,56,5,5
78974,224,188,36,36
78975,75,65,10,10
78976,53,59,-6,6
78977,95,93,2,2
78978,63,59,4,4
78979,133,130,3,3
78980,45,54,-9,9
78981,65,60,5,5
78982,93,86,7,7
78983,68,74,-6,6
78984,86,86,0,0
78985,116,109,7,7
78986,112,109,3,3
78987,79,70,9,9
78988,83,74,9,9
78989,136,138,-2,2
78990,58,59,-1,1
78991,98,88,10,10
78992,216,207,9,9
78993,135,126,9,9
78994,87,81,6,6
78995,99,90,9,9
78996,85,80,5,5
78997,57,59,-2,2
78998,69,62,7,7
78999,72,71,1,1
79000,42,53,-11,11
79001,50,55,-5,5
79002,120,110,10,10
79003,43,53,-10,10
79004,58,54,4,4
79005,64,69,-5,5
79006,47,53,-6,6
79007,118,102,16,16
79008,91,111,-20,20
79009,115,113,2,2
79010,132,127,5,5
79011,124,115,9,9
79012,127,137,-10,10
79013,90,81,9,9
79014,142,137,5,5
79015,72,73,-1,1
79016,91,94,-3,3
79017,93,95,-2,2
79018,159,148,11,11
79019,76,77,-1,1
79020,89,92,-3,3
79021,127,101,26,26
79022,76,74,2,2
79023,101,90,11,11
79024,95,91,4,4
79025,82,79,3,3
79026,109,103,6,6
79027,108,99,9,9
79028,84,85,-1,1
79029,184,170,14,14
79030,77,71,6,6
79031,92,77,15,15
79032,57,60,-3,3
79033,104,94,10,10
79034,118,115,3,3
79035,111,103,8,8
79036,78,64,14,14
79037,122,107,15,15
79038,72,68,4,4
79039,106,89,17,17
79040,61,59,2,2
79041,106,104,2,2
79042,122,119,3,3
79043,119,110,9,9
79044,141,122,19,19
79045,114,105,9,9
79046,124,110,14,14
79047,86,75,11,11
79048,43,57,-14,14
79049,177,165,12,12
79050,169,173,-4,4
79051,100,99,1,1
79052,70,70,0,0
79053,80,80,0,0
79054,82,82,0,0
79055,97,88,9,9
79056,112,98,14,14
79057,122,111,11,11
79058,62,60,2,2
79059,146,123,23,23
79060,77,83,-6,6
79061,95,93,2,2
79062,167,143,24,24
79063,62,85,-23,23
79064,112,128,-16,16
79065,56,58,-2,2
79066,126,104,22,22
79067,127,110,17,17
79068,221,194,27,27
79069,180,160,20,20
79070,73,65,8,8
79071,53,57,-4,4
79072,82,86,-4,4
79073,58,57,1,1
79074,78,73,5,5
79075,130,121,9,9
79076,39,51,-12,12
79077,93,109,-16,16
79078,87,76,11,11
79079,82,74,8,8
79080,130,125,5,5
79081,74,70,4,4
79082,93,84,9,9
79083,69,74,-5,5
79084,57,58,-1,1
79085,79,71,8,8
79086,120,112,8,8
79087,91,79,12,12
79088,99,106,-7,7
79089,100,91,9,9
79090,93,88,5,5
79091,78,78,0,0
79092,82,82,0,0
79093,242,205,37,37
79094,154,144,10,10
79095,63,60,3,3
79096,52,55,-3,3
79097,106,99,7,7
79098,87,100,-13,13
79099,106,106,0,0
79100,36,52,-16,16
79101,108,126,-18,18
79102,153,176,-23,23
79103,44,58,-14,14
79104,119,112,7,7
79105,51,56,-5,5
79106,156,137,19,19
79107,114,128,-14,14
79108,123,115,8,8
79109,149,133,16,16
79110,90,80,10,10
79111,67,68,-1,1
79112,179,166,13,13
79113,123,117,6,6
79114,88,87,1,1
79115,211,189,22,22
79116,149,131,18,18
79117,58,59,-1,1
79118,85,80,5,5
79119,94,88,6,6
79120,125,127,-2,2
79121,50,57,-7,7
79122,78,70,8,8
79123,91,83,8,8
79124,166,152,14,14
79125,89,80,9,9
79126,55,62,-7,7
79127,140,128,12,12
79128,122,121,1,1
79129,92,74,18,18
79130,59,62,-3,3
79131,112,117,-5,5
79132,97,95,2,2
79133,109,108,1,1
79134,121,139,-18,18
79135,75,73,2,2
79136,80,73,7,7
79137,104,99,5,5
79138,130,125,5,5
79139,148,143,5,5
79140,54,53,1,1
79141,121,106,15,15
79142,65,78,-13,13
79143,51,56,-5,5
79144,142,120,22,22
79145,40,51,-11,11
79146,58,62,-4,4
79147,92,86,6,6
79148,71,71,0,0
79149,96,90,6,6
79150,118,107,11,11
79151,54,60,-6,6
79152,91,92,-1,1
79153,70,64,6,6
79154,85,79,6,6
79155,47,60,-13,13
79156,137,128,9,9
79157,88,98,-10,10
79158,73,74,-1,1
79159,99,93,6,6
79160,68,69,-1,1
79161,174,165,9,9
79162,119,121,-2,2
79163,84,80,4,4
79164,103,114,-11,11
79165,174,162,12,12
79166,98,92,6,6
79167,86,68,18,18
79168,101,102,-1,1
79169,88,73,15,15
79170,78,71,7,7
79171,94,86,8,8
79172,131,122,9,9
79173,104,90,14,14
79174,89,95,-6,6
79175,104,115,-11,11
79176,43,54,-11,11
79177,85,82,3,3
79178,66,68,-2,2
79179,108,112,-4,4
79180,89,100,-11,11
79181,54,59,-5,5
79182,75,71,4,4
79183,85,89,-4,4
79184,94,88,6,6
79185,58,62,-4,4
79186,191,172,19,19
79187,63,59,4,4
79188,73,66,7,7
79189,92,88,4,4
79190,125,110,15,15
79191,90,83,7,7
79192,128,123,5,5
79193,38,52,-14,14
79194,84,73,11,11
79195,85,77,8,8
79196,147,134,13,13
79197,54,55,-1,1
79198,78,75,3,3
79199,117,103,14,14
79200,78,79,-1,1
79201,83,73,10,10
79202,125,145,-20,20
79203,108,104,4,4
79204,94,90,4,4
79205,45,54,-9,9
79206,120,116,4,4
79207,86,81,5,5
79208,85,85,0,0
79209,50,54,-4,4
79210,89,82,7,7
79211,90,82,8,8
79212,75,73,2,2
79213,110,111,-1,1
79214,82,79,3,3
79215,140,132,8,8
79216,102,101,1,1
79217,78,81,-3,3
79218,90,86,4,4
79219,49,54,-5,5
79220,60,58,2,2
79221,128,136,-8,8
79222,91,93,-2,2
79223,94,91,3,3
79224,101,91,10,10
79225,90,84,6,6
79226,115,109,6,6
79227,111,92,19,19
79228,110,117,-7,7
79229,64,68,-4,4
79230,112,94,18,18
79231,88,95,-7,7
79232,108,95,13,13
79233,100,97,3,3
79234,66,66,0,0
79235,142,119,23,23
79236,64,64,0,0
79237,140,128,12,12
79238,124,114,10,10
79239,66,66,0,0
79240,99,86,13,13
79241,78,69,9,9
79242,103,107,-4,4
79243,121,113,8,8
79244,96,85,11,11
79245,30,53,-23,23
79246,69,61,8,8
79247,97,85,12,12
79248,81,73,8,8
79249,72,69,3,3
79250,93,81,12,12
79251,84,89,-5,5
79252,84,89,-5,5
79253,98,96,2,2
79254,57,68,-11,11
79255,81,80,1,1
79256,88,92,-4,4
79257,98,92,6,6
79258,171,154,17,17
79259,76,73,3,3
79260,126,129,-3,3
79261,90,88,2,2
79262,91,78,13,13
79263,94,82,12,12
79264,91,79,12,12
79265,122,119,3,3
79266,81,83,-2,2
79267,86,101,-15,15
79268,79,74,5,5
79269,76,81,-5,5
79270,97,102,-5,5
79271,125,140,-15,15
79272,125,125,0,0
79273,62,63,-1,1
79274,63,67,-4,4
79275,81,80,1,1
79276,115,94,21,21
79277,162,155,7,7
79278,103,95,8,8
79279,64,65,-1,1
79280,153,133,20,20
79281,69,76,-7,7
79282,132,119,13,13
79283,76,67,9,9
79284,63,73,-10,10
79285,65,64,1,1
79286,89,78,11,11
79287,165,137,28,28
79288,84,78,6,6
79289,89,78,11,11
79290,130,119,11,11
79291,73,64,9,9
79292,110,118,-8,8
79293,157,134,23,23
79294,82,83,-1,1
79295,100,97,3,3
79296,128,118,10,10
79297,122,116,6,6
79298,102,99,3,3
79299,102,88,14,14
79300,86,73,13,13
79301,124,121,3,3
79302,157,140,17,17
79303,104,97,7,7
79304,94,92,2,2
79305,59,58,1,1
79306,103,94,9,9
79307,78,69,9,9
79308,73,74,-1,1
79309,76,72,4,4
79310,112,125,-13,13
79311,103,107,-4,4
79312,159,129,30,30
79313,42,53,-11,11
79314,83,74,9,9
79315,108,106,2,2
79316,129,116,13,13
79317,129,121,8,8
79318,145,129,16,16
79319,70,69,1,1
79320,71,64,7,7
79321,60,63,-3,3
79322,100,93,7,7
79323,173,159,14,14
79324,156,137,19,19
79325,101,94,7,7
79326,99,95,4,4
79327,130,123,7,7
79328,68,123,-55,55
79329,138,124,14,14
79330,138,131,7,7
79331,126,123,3,3
79332,74,68,6,6
79333,75,70,5,5
79334,79,74,5,5
79335,67,68,-1,1
79336,80,118,-38,38
79337,86,74,12,12
79338,57,57,0,0
79339,111,118,-7,7
79340,95,93,2,2
79341,85,75,10,10
79342,88,80,8,8
79343,72,70,2,2
79344,22,86,-64,64
79345,97,82,15,15
79346,130,113,17,17
79347,55,59,-4,4
79348,95,84,11,11
79349,86,82,4,4
79350,53,55,-2,2
79351,66,65,1,1
79352,122,127,-5,5
79353,130,125,5,5
79354,135,127,8,8
79355,47,52,-5,5
79356,65,98,-33,33
79357,46,52,-6,6
79358,155,128,27,27
79359,60,61,-1,1
79360,75,77,-2,2
79361,97,84,13,13
79362,142,120,22,22
79363,57,67,-10,10
79364,80,75,5,5
79365,44,53,-9,9
79366,107,104,3,3
79367,39,56,-17,17
79368,163,156,7,7
79369,152,157,-5,5
79370,119,111,8,8
79371,98,81,17,17
79372,67,80,-13,13
79373,61,57,4,4
79374,99,96,3,3
79375,62,63,-1,1
79376,68,61,7,7
79377,72,75,-3,3
79378,83,85,-2,2
79379,103,90,13,13
79380,116,123,-7,7
79381,122,120,2,2
79382,88,88,0,0
79383,129,118,11,11
79384,86,80,6,6
79385,82,81,1,1
79386,83,86,-3,3
79387,71,80,-9,9
79388,77,74,3,3
79389,100,101,-1,1
79390,206,186,20,20
79391,152,164,-12,12
79392,58,55,3,3
79393,141,133,8,8
79394,96,81,15,15
79395,149,126,23,23
79396,80,70,10,10
79397,48,52,-4,4
79398,75,75,0,0
79399,95,86,9,9
79400,126,124,2,2
79401,74,68,6,6
79402,95,86,9,9
79403,59,65,-6,6
79404,164,153,11,11
79405,95,88,7,7
79406,46,64,-18,18
79407,88,84,4,4
79408,135,138,-3,3
79409,140,124,16,16
79410,103,100,3,3
79411,69,64,5,5
79412,144,124,20,20
79413,147,129,18,18
79414,105,111,-6,6
79415,154,122,32,32
79416,77,74,3,3
79417,74,75,-1,1
79418,132,120,12,12
79419,56,60,-4,4
79420,48,54,-6,6
79421,77,73,4,4
79422,20,55,-35,35
79423,94,97,-3,3
79424,66,71,-5,5
79425,72,69,3,3
79426,130,114,16,16
79427,282,227,55,55
79428,139,112,27,27
79429,99,110,-11,11
79430,67,69,-2,2
79431,72,73,-1,1
79432,96,102,-6,6
79433,76,74,2,2
79434,119,110,9,9
79435,93,80,13,13
79436,61,66,-5,5
79437,79,69,10,10
79438,107,97,10,10
79439,152,150,2,2
79440,85,73,12,12
79441,62,76,-14,14
79442,103,88,15,15
79443,59,60,-1,1
79444,109,111,-2,2
79445,84,90,-6,6
79446,85,84,1,1
79447,77,86,-9,9
79448,182,166,16,16
79449,105,105,0,0
79450,165,156,9,9
79451,101,94,7,7
79452,91,84,7,7
79453,93,88,5,5
79454,105,102,3,3
79455,98,98,0,0
79456,140,133,7,7
79457,150,135,15,15
79458,168,146,22,22
79459,155,140,15,15
79460,75,64,11,11
79461,56,54,2,2
79462,41,54,-13,13
79463,84,81,3,3
79464,46,52,-6,6
79465,168,155,13,13
79466,148,131,17,17
79467,92,91,1,1
79468,93,85,8,8
79469,108,96,12,12
79470,52,54,-2,2
79471,100,92,8,8
79472,77,83,-6,6
79473,95,86,9,9
79474,67,64,3,3
79475,84,72,12,12
79476,107,103,4,4
79477,80,72,8,8
79478,104,97,7,7
79479,86,82,4,4
79480,90,77,13,13
79481,70,77,-7,7
79482,125,131,-6,6
79483,68,64,4,4
79484,125,120,5,5
79485,133,129,4,4
79486,77,72,5,5
79487,70,73,-3,3
79488,182,161,21,21
79489,114,97,17,17
79490,114,107,7,7
79491,183,167,16,16
79492,57,63,-6,6
79493,111,108,3,3
79494,49,54,-5,5
79495,58,60,-2,2
79496,97,104,-7,7
79497,141,141,0,0
79498,133,126,7,7
79499,115,99,16,16
79500,142,127,15,15
79501,53,56,-3,3
79502,69,64,5,5
79503,152,127,25,25
79504,52,54,-2,2
79505,145,138,7,7
79506,90,86,4,4
79507,125,112,13,13
79508,73,61,12,12
79509,72,68,4,4
79510,69,78,-9,9
79511,146,126,20,20
79512,149,140,9,9
79513,79,76,3,3
79514,105,109,-4,4
79515,65,60,5,5
79516,139,120,19,19
79517,123,114,9,9
79518,105,83,22,22
79519,40,53,-13,13
79520,65,66,-1,1
79521,134,125,9,9
79522,123,113,10,10
79523,127,112,15,15
79524,39,68,-29,29
79525,104,109,-5,5
79526,48,54,-6,6
79527,78,84,-6,6
79528,102,95,7,7
79529,72,59,13,13
79530,130,125,5,5
79531,107,104,3,3
79532,90,87,3,3
79533,85,77,8,8
79534,103,100,3,3
79535,118,108,10,10
79536,67,73,-6,6
79537,101,82,19,19
79538,108,96,12,12
79539,134,144,-10,10
79540,83,73,10,10
79541,103,93,10,10
79542,43,58,-15,15
79543,154,133,21,21
79544,137,130,7,7
79545,133,119,14,14
79546,165,139,26,26
79547,68,68,0,0
79548,144,136,8,8
79549,112,108,4,4
79550,96,93,3,3
79551,84,73,11,11
79552,131,111,20,20
79553,95,88,7,7
79554,166,142,24,24
79555,56,59,-3,3
79556,112,105,7,7
79557,55,57,-2,2
79558,88,85,3,3
79559,81,71,10,10
79560,79,74,5,5
79561,105,103,2,2
79562,52,54,-2,2
79563,131,119,12,12
79564,101,99,2,2
79565,98,80,18,18
79566,60,58,2,2
79567,66,67,-1,1
79568,85,73,12,12
79569,81,74,7,7
79570,117,120,-3,3
79571,61,57,4,4
79572,74,76,-2,2
79573,64,65,-1,1
79574,61,59,2,2
79575,106,100,6,6
79576,82,78,4,4
79577,68,82,-14,14
79578,100,102,-2,2
79579,111,89,22,22
79580,73,77,-4,4
79581,110,104,6,6
79582,110,111,-1,1
79583,150,139,11,11
79584,119,120,-1,1
79585,140,136,4,4
79586,107,95,12,12
79587,31,55,-24,24
79588,111,102,9,9
79589,93,95,-2,2
79590,73,73,0,0
79591,75,78,-3,3
79592,106,113,-7,7
79593,46,57,-11,11
79594,169,153,16,16
79595,128,119,9,9
79596,189,176,13,13
79597,119,112,7,7
79598,61,55,6,6
79599,109,106,3,3
79600,129,112,17,17
79601,118,118,0,0
79602,91,87,4,4
79603,95,92,3,3
79604,106,88,18,18
79605,188,167,21,21
79606,78,73,5,5
79607,59,70,-11,11
79608,66,60,6,6
79609,62,66,-4,4
79610,137,128,9,9
79611,82,79,3,3
79612,115,113,2,2
79613,102,98,4,4
79614,50,72,-22,22
79615,119,116,3,3
79616,159,154,5,5
79617,146,137,9,9
79618,62,58,4,4
79619,72,62,10,10
79620,82,76,6,6
79621,64,62,2,2
79622,74,73,1,1
79623,104,92,12,12
79624,169,124,45,45
79625,86,86,0,0
79626,178,175,3,3
79627,83,78,5,5
79628,115,108,7,7
79629,124,121,3,3
79630,123,144,-21,21
79631,90,88,2,2
79632,51,54,-3,3
79633,99,93,6,6
79634,99,119,-20,20
79635,108,93,15,15
79636,124,105,19,19
79637,144,136,8,8
79638,128,132,-4,4
79639,70,69,1,1
79640,74,79,-5,5
79641,134,132,2,2
79642,119,119,0,0
79643,41,53,-12,12
79644,101,101,0,0
79645,149,134,15,15
79646,121,111,10,10
79647,56,54,2,2
79648,108,99,9,9
79649,72,73,-1,1
79650,98,87,11,11
79651,67,60,7,7
79652,69,65,4,4
79653,89,83,6,6
79654,122,127,-5,5
79655,75,74,1,1
79656,80,82,-2,2
79657,184,176,8,8
79658,80,75,5,5
79659,136,128,8,8
79660,85,82,3,3
79661,86,79,7,7
79662,99,104,-5,5
79663,161,154,7,7
79664,106,109,-3,3
79665,86,85,1,1
79666,160,143,17,17
79667,140,141,-1,1
79668,157,148,9,9
79669,121,117,4,4
79670,61,66,-5,5
79671,108,100,8,8
79672,110,105,5,5
79673,101,91,10,10
79674,85,82,3,3
79675,125,119,6,6
79676,67,66,1,1
79677,64,65,-1,1
79678,47,64,-17,17
79679,111,114,-3,3
79680,45,55,-10,10
79681,79,66,13,13
79682,102,94,8,8
79683,99,79,20,20
79684,121,113,8,8
79685,75,82,-7,7
79686,172,157,15,15
79687,67,72,-5,5
79688,111,101,10,10
79689,119,121,-2,2
79690,134,120,14,14
79691,139,127,12,12
79692,67,66,1,1
79693,100,111,-11,11
79694,64,65,-1,1
79695,105,103,2,2
79696,106,98,8,8
79697,41,54,-13,13
79698,122,113,9,9
79699,96,95,1,1
79700,74,75,-1,1
79701,97,88,9,9
79702,106,98,8,8
79703,58,55,3,3
79704,61,62,-1,1
79705,72,66,6,6
79706,97,95,2,2
79707,104,101,3,3
79708,90,87,3,3
79709,190,171,19,19
79710,113,118,-5,5
79711,72,91,-19,19
79712,102,94,8,8
79713,143,114,29,29
79714,71,67,4,4
79715,80,82,-2,2
79716,45,55,-10,10
79717,57,59,-2,2
79718,109,104,5,5
79719,80,76,4,4
79720,54,60,-6,6
79721,75,79,-4,4
79722,80,80,0,0
79723,73,72,1,1
79724,216,181,35,35
79725,73,76,-3,3
79726,124,116,8,8
79727,160,121,39,39
79728,140,128,12,12
79729,136,125,11,11
79730,68,61,7,7
79731,91,88,3,3
79732,69,58,11,11
79733,93,99,-6,6
79734,103,97,6,6
79735,93,92,1,1
79736,53,57,-4,4
79737,116,107,9,9
79738,57,71,-14,14
79739,89,84,5,5
79740,58,58,0,0
79741,136,128,8,8
79742,95,92,3,3
79743,59,66,-7,7
79744,169,148,21,21
79745,105,104,1,1
79746,119,96,23,23
79747,89,85,4,4
79748,132,118,14,14
79749,81,71,10,10
79750,52,52,0,0
79751,139,113,26,26
79752,60,60,0,0
79753,128,116,12,12
79754,54,54,0,0
79755,123,120,3,3
79756,99,94,5,5
79757,36,55,-19,19
79758,40,52,-12,12
79759,114,111,3,3
79760,89,75,14,14
79761,68,69,-1,1
79762,96,81,15,15
79763,120,113,7,7
79764,85,82,3,3
79765,67,60,7,7
79766,90,85,5,5
79767,59,56,3,3
79768,86,76,10,10
79769,187,170,17,17
79770,117,108,9,9
79771,50,59,-9,9
79772,90,84,6,6
79773,92,82,10,10
79774,57,60,-3,3
79775,55,56,-1,1
79776,51,58,-7,7
79777,84,81,3,3
79778,110,106,4,4
79779,52,66,-14,14
79780,56,63,-7,7
79781,82,78,4,4
79782,141,134,7,7
79783,104,95,9,9
79784,113,113,0,0
79785,119,106,13,13
79786,124,117,7,7
79787,79,78,1,1
79788,99,89,10,10
79789,133,115,18,18
79790,53,55,-2,2
79791,88,84,4,4
79792,58,58,0,0
79793,90,90,0,0
79794,89,94,-5,5
79795,91,94,-3,3
79796,110,104,6,6
79797,77,75,2,2
79798,71,71,0,0
79799,77,77,0,0
79800,115,115,0,0
79801,62,75,-13,13
79802,167,158,9,9
79803,105,108,-3,3
79804,100,93,7,7
79805,100,104,-4,4
79806,111,114,-3,3
79807,92,86,6,6
79808,162,151,11,11
79809,109,106,3,3
79810,164,147,17,17
79811,63,56,7,7
79812,67,70,-3,3
79813,158,154,4,4
79814,82,78,4,4
79815,65,57,8,8
79816,118,106,12,12
79817,87,90,-3,3
79818,159,151,8,8
79819,122,110,12,12
79820,102,100,2,2
79821,63,67,-4,4
79822,94,91,3,3
79823,100,99,1,1
79824,87,65,22,22
79825,98,87,11,11
79826,79,72,7,7
79827,104,93,11,11
79828,115,102,13,13
79829,118,131,-13,13
79830,82,77,5,5
79831,130,117,13,13
79832,98,99,-1,1
79833,141,136,5,5
79834,197,170,27,27
79835,141,137,4,4
79836,91,89,2,2
79837,80,75,5,5
79838,104,89,15,15
79839,171,156,15,15
79840,292,236,56,56
79841,113,111,2,2
79842,111,102,9,9
79843,116,111,5,5
79844,66,60,6,6
79845,146,138,8,8
79846,62,62,0,0
79847,105,96,9,9
79848,66,65,1,1
79849,59,56,3,3
79850,74,73,1,1
79851,91,79,12,12
79852,117,109,8,8
79853,101,105,-4,4
79854,167,164,3,3
79855,69,65,4,4
79856,120,115,5,5
79857,119,110,9,9
79858,130,116,14,14
79859,69,65,4,4
79860,97,100,-3,3
79861,76,78,-2,2
79862,183,166,17,17
79863,65,71,-6,6
79864,155,136,19,19
79865,80,74,6,6
79866,107,107,0,0
79867,46,64,-18,18
79868,95,89,6,6
79869,72,73,-1,1
79870,74,78,-4,4
79871,73,70,3,3
79872,66,61,5,5
79873,76,80,-4,4
79874,75,76,-1,1
79875,36,59,-23,23
79876,82,80,2,2
79877,150,136,14,14
79878,88,91,-3,3
79879,40,52,-12,12
79880,82,78,4,4
79881,166,152,14,14
79882,113,106,7,7
79883,120,118,2,2
79884,136,129,7,7
79885,53,57,-4,4
79886,233,237,-4,4
79887,78,72,6,6
79888,112,105,7,7
79889,103,112,-9,9
79890,100,91,9,9
79891,86,89,-3,3
79892,69,70,-1,1
79893,109,105,4,4
79894,105,97,8,8
79895,51,81,-30,30
79896,99,106,-7,7
79897,138,137,1,1
79898,42,86,-44,44
79899,87,78,9,9
79900,141,131,10,10
79901,75,83,-8,8
79902,96,90,6,6
79903,56,56,0,0
79904,122,110,12,12
79905,65,64,1,1
79906,113,98,15,15
79907,67,59,8,8
79908,83,80,3,3
79909,91,75,16,16
79910,136,133,3,3
79911,85,76,9,9
79912,66,67,-1,1
79913,79,61,18,18
79914,73,67,6,6
79915,106,101,5,5
79916,76,72,4,4
79917,149,135,14,14
79918,38,57,-19,19
79919,108,98,10,10
79920,91,90,1,1
79921,105,98,7,7
79922,85,84,1,1
79923,62,71,-9,9
79924,117,128,-11,11
79925,62,66,-4,4
79926,115,103,12,12
79927,85,69,16,16
79928,150,146,4,4
79929,132,131,1,1
79930,74,74,0,0
79931,44,62,-18,18
79932,152,150,2,2
79933,142,141,1,1
79934,106,105,1,1
79935,97,100,-3,3
79936,97,84,13,13
79937,53,59,-6,6
79938,116,113,3,3
79939,141,132,9,9
79940,109,104,5,5
79941,90,82,8,8
79942,111,109,2,2
79943,186,177,9,9
79944,133,124,9,9
79945,83,75,8,8
79946,69,78,-9,9
79947,73,75,-2,2
79948,154,136,18,18
79949,93,100,-7,7
79950,87,81,6,6
79951,126,124,2,2
79952,91,90,1,1
79953,79,76,3,3
79954,82,82,0,0
79955,112,87,25,25
79956,72,64,8,8
79957,179,167,12,12
79958,67,71,-4,4
79959,61,77,-16,16
79960,134,119,15,15
79961,129,115,14,14
79962,79,73,6,6
79963,95,92,3,3
79964,147,132,15,15
79965,86,88,-2,2
79966,64,66,-2,2
79967,73,75,-2,2
79968,60,59,1,1
79969,122,125,-3,3
79970,91,92,-1,1
79971,78,82,-4,4
79972,69,74,-5,5
79973,64,81,-17,17
79974,120,108,12,12
79975,101,99,2,2
79976,51,54,-3,3
79977,80,84,-4,4
79978,100,135,-35,35
79979,104,102,2,2
79980,69,74,-5,5
79981,94,91,3,3
79982,110,117,-7,7
79983,157,151,6,6
79984,56,58,-2,2
79985,118,116,2,2
79986,29,51,-22,22
79987,110,134,-24,24
79988,102,100,2,2
79989,78,77,1,1
79990,116,124,-8,8
79991,129,126,3,3
79992,124,128,-4,4
79993,69,82,-13,13
79994,94,93,1,1
79995,105,92,13,13
79996,127,135,-8,8
79997,99,95,4,4
79998,106,90,16,16
79999,45,53,-8,8
80000,73,68,5,5
80001,57,58,-1,1
80002,71,69,2,2
80003,84,84,0,0
80004,91,89,2,2
80005,93,85,8,8
80006,75,77,-2,2
80007,98,88,10,10
80008,76,70,6,6
80009,87,84,3,3
80010,100,103,-3,3
80011,101,91,10,10
80012,63,72,-9,9
80013,94,82,12,12
80014,58,62,-4,4
80015,77,65,12,12
80016,136,121,15,15
80017,86,88,-2,2
80018,109,99,10,10
80019,77,73,4,4
80020,146,132,14,14
80021,128,124,4,4
80022,164,149,15,15
80023,71,70,1,1
80024,147,146,1,1
80025,96,90,6,6
80026,65,62,3,3
80027,95,90,5,5
80028,84,83,1,1
80029,104,96,8,8
80030,75,74,1,1
80031,168,158,10,10
80032,200,169,31,31
80033,153,152,1,1
80034,171,163,8,8
80035,111,118,-7,7
80036,65,74,-9,9
80037,85,91,-6,6
80038,98,84,14,14
80039,111,107,4,4
80040,112,106,6,6
80041,113,104,9,9
80042,148,127,21,21
80043,115,112,3,3
80044,63,67,-4,4
80045,95,84,11,11
80046,98,97,1,1
80047,117,114,3,3
80048,144,131,13,13
80049,115,119,-4,4
80050,124,113,11,11
80051,115,115,0,0
80052,93,95,-2,2
80053,83,82,1,1
80054,83,80,3,3
80055,106,103,3,3
80056,104,101,3,3
80057,149,160,-11,11
80058,94,96,-2,2
80059,61,61,0,0
80060,63,72,-9,9
80061,98,95,3,3
80062,70,74,-4,4
80063,96,97,-1,1
80064,89,81,8,8
80065,120,141,-21,21
80066,85,73,12,12
80067,159,130,29,29
80068,144,142,2,2
80069,63,65,-2,2
80070,102,99,3,3
80071,119,105,14,14
80072,106,105,1,1
80073,88,72,16,16
80074,54,55,-1,1
80075,58,60,-2,2
80076,130,114,16,16
80077,168,145,23,23
80078,73,69,4,4
80079,133,132,1,1
80080,98,98,0,0
80081,86,78,8,8
80082,81,81,0,0
80083,83,79,4,4
80084,59,60,-1,1
80085,43,52,-9,9
80086,80,78,2,2
80087,73,75,-2,2
80088,86,79,7,7
80089,89,110,-21,21
80090,77,75,2,2
80091,59,54,5,5
80092,64,92,-28,28
80093,82,74,8,8
80094,47,53,-6,6
80095,99,78,21,21
80096,104,100,4,4
80097,62,64,-2,2
80098,70,74,-4,4
80099,65,65,0,0
80100,79,74,5,5
80101,86,83,3,3
80102,105,98,7,7
80103,91,94,-3,3
80104,117,104,13,13
80105,43,53,-10,10
80106,171,153,18,18
80107,115,109,6,6
80108,111,110,1,1
80109,73,71,2,2
80110,118,107,11,11
80111,84,75,9,9
80112,96,95,1,1
80113,115,112,3,3
80114,172,154,18,18
80115,138,128,10,10
80116,130,113,17,17
80117,142,130,12,12
80118,92,93,-1,1
80119,71,66,5,5
80120,42,53,-11,11
80121,93,85,8,8
80122,116,100,16,16
80123,90,77,13,13
80124,74,74,0,0
80125,56,60,-4,4
80126,139,120,19,19
80127,76,81,-5,5
80128,97,98,-1,1
80129,88,89,-1,1
80130,70,68,2,2
80131,148,135,13,13
80132,70,64,6,6
80133,112,110,2,2
80134,81,65,16,16
80135,52,56,-4,4
80136,95,97,-2,2
80137,80,80,0,0
80138,46,52,-6,6
80139,50,55,-5,5
80140,129,122,7,7
80141,90,89,1,1
80142,132,110,22,22
80143,143,128,15,15
80144,130,143,-13,13
80145,147,134,13,13
80146,103,94,9,9
80147,61,62,-1,1
80148,88,91,-3,3
80149,158,142,16,16
80150,50,57,-7,7
80151,115,110,5,5
80152,86,83,3,3
80153,95,88,7,7
80154,135,138,-3,3
80155,84,85,-1,1
80156,116,131,-15,15
80157,31,51,-20,20
80158,86,82,4,4
80159,87,76,11,11
80160,99,88,11,11
80161,61,63,-2,2
80162,66,62,4,4
80163,99,94,5,5
80164,83,67,16,16
80165,63,61,2,2
80166,85,74,11,11
80167,90,88,2,2
80168,114,105,9,9
80169,77,74,3,3
80170,74,77,-3,3
80171,85,81,4,4
80172,49,87,-38,38
80173,29,53,-24,24
80174,77,68,9,9
80175,70,71,-1,1
80176,72,76,-4,4
80177,67,82,-15,15
80178,73,72,1,1
80179,112,97,15,15
80180,153,146,7,7
80181,120,114,6,6
80182,96,94,2,2
80183,104,97,7,7
80184,74,77,-3,3
80185,50,63,-13,13
80186,74,70,4,4
80187,91,83,8,8
80188,100,96,4,4
80189,45,56,-11,11
80190,96,96,0,0
80191,57,55,2,2
80192,117,105,12,12
80193,116,104,12,12
80194,117,115,2,2
80195,85,89,-4,4
80196,90,90,0,0
80197,120,101,19,19
80198,63,71,-8,8
80199,131,140,-9,9
80200,55,58,-3,3
80201,159,153,6,6
80202,95,85,10,10
80203,91,87,4,4
80204,52,55,-3,3
80205,73,65,8,8
80206,107,100,7,7
80207,73,75,-2,2
80208,144,127,17,17
80209,101,106,-5,5
80210,84,74,10,10
80211,72,78,-6,6
80212,100,108,-8,8
80213,57,57,0,0
80214,89,77,12,12
80215,85,81,4,4
80216,136,130,6,6
80217,104,103,1,1
80218,180,155,25,25
80219,88,84,4,4
80220,81,86,-5,5
80221,98,92,6,6
80222,63,57,6,6
80223,81,91,-10,10
80224,132,136,-4,4
80225,139,133,6,6
80226,156,137,19,19
80227,94,93,1,1
80228,113,114,-1,1
80229,155,166,-11,11
80230,106,91,15,15
80231,71,71,0,0
80232,98,100,-2,2
80233,48,128,-80,80
80234,54,56,-2,2
80235,86,79,7,7
80236,103,100,3,3
80237,148,133,15,15
80238,73,65,8,8
80239,135,135,0,0
80240,93,87,6,6
80241,137,134,3,3
80242,82,75,7,7
80243,78,70,8,8
80244,95,97,-2,2
80245,74,69,5,5
80246,95,92,3,3
80247,64,66,-2,2
80248,100,101,-1,1
80249,95,95,0,0
80250,28,54,-26,26
80251,38,53,-15,15
80252,92,87,5,5
80253,134,130,4,4
80254,68,69,-1,1
80255,117,109,8,8
80256,118,107,11,11
80257,79,73,6,6
80258,61,61,0,0
80259,132,118,14,14
80260,98,104,-6,6
80261,70,71,-1,1
80262,117,107,10,10
80263,61,55,6,6
80264,69,69,0,0
80265,76,65,11,11
80266,56,59,-3,3
80267,108,101,7,7
80268,70,64,6,6
80269,53,56,-3,3
80270,94,91,3,3
80271,158,149,9,9
80272,146,136,10,10
80273,94,93,1,1
80274,48,54,-6,6
80275,85,85,0,0
80276,117,100,17,17
80277,119,106,13,13
80278,72,75,-3,3
80279,103,97,6,6
80280,85,80,5,5
80281,121,105,16,16
80282,66,76,-10,10
80283,177,176,1,1
80284,85,78,7,7
80285,151,148,3,3
80286,57,58,-1,1
80287,83,67,16,16
80288,68,64,4,4
80289,118,117,1,1
80290,70,65,5,5
80291,30,62,-32,32
80292,94,99,-5,5
80293,68,69,-1,1
80294,153,151,2,2
80295,81,74,7,7
80296,106,100,6,6
80297,93,80,13,13
80298,152,147,5,5
80299,117,115,2,2
80300,121,111,10,10
80301,104,105,-1,1
80302,130,113,17,17
80303,113,105,8,8
80304,108,96,12,12
80305,110,97,13,13
80306,76,83,-7,7
80307,119,113,6,6
80308,79,66,13,13
80309,96,92,4,4
80310,74,84,-10,10
80311,71,63,8,8
80312,79,68,11,11
80313,62,63,-1,1
80314,67,68,-1,1
80315,149,127,22,22
80316,70,70,0,0
80317,87,83,4,4
80318,302,266,36,36
80319,51,56,-5,5
80320,73,69,4,4
80321,47,53,-6,6
80322,138,124,14,14
80323,155,140,15,15
80324,67,72,-5,5
80325,118,122,-4,4
80326,73,71,2,2
80327,67,68,-1,1
80328,43,60,-17,17
80329,101,102,-1,1
80330,89,80,9,9
80331,67,69,-2,2
80332,148,142,6,6
80333,131,122,9,9
80334,73,65,8,8
80335,135,134,1,1
80336,71,76,-5,5
80337,71,67,4,4
80338,108,91,17,17
80339,131,116,15,15
80340,115,126,-11,11
80341,56,63,-7,7
80342,84,78,6,6
80343,92,92,0,0
80344,38,51,-13,13
80345,134,115,19,19
80346,75,76,-1,1
80347,124,106,18,18
80348,126,122,4,4
80349,103,113,-10,10
80350,57,58,-1,1
80351,82,87,-5,5
80352,113,110,3,3
80353,103,110,-7,7
80354,119,104,15,15
80355,259,271,-12,12
80356,87,83,4,4
80357,180,146,34,34
80358,84,85,-1,1
80359,110,115,-5,5
80360,116,101,15,15
80361,114,113,1,1
80362,124,131,-7,7
80363,92,80,12,12
80364,86,90,-4,4
80365,85,85,0,0
80366,65,65,0,0
80367,73,69,4,4
80368,72,72,0,0
80369,108,107,1,1
80370,47,54,-7,7
80371,96,94,2,2
80372,66,69,-3,3
80373,70,75,-5,5
80374,134,125,9,9
80375,47,55,-8,8
80376,50,55,-5,5
80377,69,74,-5,5
80378,82,78,4,4
80379,103,96,7,7
80380,79,73,6,6
80381,82,80,2,2
80382,77,82,-5,5
80383,77,77,0,0
80384,99,94,5,5
80385,99,96,3,3
80386,156,158,-2,2
80387,82,74,8,8
80388,123,109,14,14
80389,75,66,9,9
80390,47,54,-7,7
80391,32,53,-21,21
80392,72,72,0,0
80393,92,87,5,5
80394,128,102,26,26
80395,100,101,-1,1
80396,78,82,-4,4
80397,141,128,13,13
80398,361,292,69,69
80399,142,126,16,16
80400,28,65,-37,37
80401,53,55,-2,2
80402,80,80,0,0
80403,81,83,-2,2
80404,181,149,32,32
80405,55,61,-6,6
80406,81,77,4,4
80407,58,58,0,0
80408,28,53,-25,25
80409,76,79,-3,3
80410,77,81,-4,4
80411,125,117,8,8
80412,89,97,-8,8
80413,91,86,5,5
80414,103,105,-2,2
80415,97,95,2,2
80416,90,77,13,13
80417,69,70,-1,1
80418,140,133,7,7
80419,59,60,-1,1
80420,140,130,10,10
80421,119,116,3,3
80422,86,89,-3,3
80423,71,68,3,3
80424,179,163,16,16
80425,119,99,20,20
80426,115,104,11,11
80427,61,66,-5,5
80428,160,155,5,5
80429,127,125,2,2
80430,186,180,6,6
80431,95,90,5,5
80432,73,77,-4,4
80433,86,78,8,8
80434,64,66,-2,2
80435,164,149,15,15
80436,80,74,6,6
80437,107,120,-13,13
80438,138,123,15,15
80439,95,90,5,5
80440,161,143,18,18
80441,81,77,4,4
80442,118,111,7,7
80443,102,96,6,6
80444,79,76,3,3
80445,83,79,4,4
80446,96,80,16,16
80447,99,97,2,2
80448,101,95,6,6
80449,73,72,1,1
80450,151,137,14,14
80451,86,90,-4,4
80452,107,98,9,9
80453,102,91,11,11
80454,87,83,4,4
80455,110,100,10,10
80456,75,83,-8,8
80457,68,84,-16,16
80458,88,90,-2,2
80459,84,79,5,5
80460,81,75,6,6
80461,78,77,1,1
80462,73,71,2,2
80463,103,92,11,11
80464,175,155,20,20
80465,122,112,10,10
80466,106,101,5,5
80467,53,53,0,0
80468,120,115,5,5
80469,135,132,3,3
80470,96,92,4,4
80471,69,66,3,3
80472,86,81,5,5
80473,94,93,1,1
80474,46,52,-6,6
80475,93,90,3,3
80476,111,110,1,1
80477,54,57,-3,3
80478,63,60,3,3
80479,59,65,-6,6
80480,61,62,-1,1
80481,68,74,-6,6
80482,140,119,21,21
80483,79,72,7,7
80484,148,147,1,1
80485,114,110,4,4
80486,77,80,-3,3
80487,95,80,15,15
80488,53,52,1,1
80489,102,103,-1,1
80490,150,146,4,4
80491,142,115,27,27
80492,123,126,-3,3
80493,85,75,10,10
80494,86,75,11,11
80495,106,94,12,12
80496,123,110,13,13
80497,99,93,6,6
80498,78,68,10,10
80499,74,68,6,6
80500,83,77,6,6
80501,68,95,-27,27
80502,100,103,-3,3
80503,71,65,6,6
80504,85,67,18,18
80505,105,96,9,9
80506,132,125,7,7
80507,109,93,16,16
80508,95,89,6,6
80509,101,93,8,8
80510,49,55,-6,6
80511,37,52,-15,15
80512,80,84,-4,4
80513,66,55,11,11
80514,70,70,0,0
80515,93,81,12,12
80516,54,60,-6,6
80517,99,103,-4,4
80518,100,95,5,5
80519,143,134,9,9
80520,67,65,2,2
80521,69,67,2,2
80522,72,87,-15,15
80523,88,92,-4,4
80524,116,88,28,28
80525,103,99,4,4
80526,129,126,3,3
80527,112,102,10,10
80528,47,52,-5,5
80529,80,75,5,5
80530,87,82,5,5
80531,102,102,0,0
80532,111,107,4,4
80533,113,111,2,2
80534,85,78,7,7
80535,57,64,-7,7
80536,110,101,9,9
80537,91,89,2,2
80538,127,120,7,7
80539,71,67,4,4
80540,110,98,12,12
80541,143,133,10,10
80542,90,91,-1,1
80543,122,105,17,17
80544,124,110,14,14
80545,53,54,-1,1
80546,77,78,-1,1
80547,35,51,-16,16
80548,63,73,-10,10
80549,115,105,10,10
80550,128,120,8,8
80551,99,96,3,3
80552,90,94,-4,4
80553,80,76,4,4
80554,98,93,5,5
80555,95,89,6,6
80556,138,132,6,6
80557,84,80,4,4
80558,129,127,2,2
80559,101,87,14,14
80560,109,92,17,17
80561,142,137,5,5
80562,72,57,15,15
80563,110,105,5,5
80564,52,52,0,0
80565,66,79,-13,13
80566,69,69,0,0
80567,79,73,6,6
80568,69,66,3,3
80569,97,91,6,6
80570,96,87,9,9
80571,105,97,8,8
80572,144,134,10,10
80573,129,116,13,13
80574,75,75,0,0
80575,111,99,12,12
80576,149,136,13,13
80577,110,103,7,7
80578,73,71,2,2
80579,58,60,-2,2
80580,47,52,-5,5
80581,82,84,-2,2
80582,70,68,2,2
80583,124,100,24,24
80584,78,76,2,2
80585,136,124,12,12
80586,147,145,2,2
80587,84,97,-13,13
80588,121,109,12,12
80589,63,61,2,2
80590,94,88,6,6
80591,125,123,2,2
80592,82,88,-6,6
80593,158,136,22,22
80594,67,68,-1,1
80595,61,67,-6,6
80596,119,116,3,3
80597,65,68,-3,3
80598,86,88,-2,2
80599,98,81,17,17
80600,143,137,6,6
80601,105,104,1,1
80602,113,123,-10,10
80603,77,70,7,7
80604,107,109,-2,2
80605,58,64,-6,6
80606,145,137,8,8
80607,52,68,-16,16
80608,109,98,11,11
80609,71,71,0,0
80610,64,67,-3,3
80611,129,117,12,12
80612,83,84,-1,1
80613,40,59,-19,19
80614,102,104,-2,2
80615,65,59,6,6
80616,100,83,17,17
80617,131,123,8,8
80618,90,82,8,8
80619,92,94,-2,2
80620,67,77,-10,10
80621,121,113,8,8
80622,126,110,16,16
80623,93,92,1,1
80624,157,145,12,12
80625,89,84,5,5
80626,53,58,-5,5
80627,96,87,9,9
80628,111,97,14,14
80629,121,114,7,7
80630,67,76,-9,9
80631,59,56,3,3
80632,88,87,1,1
80633,71,80,-9,9
80634,57,56,1,1
80635,118,108,10,10
80636,78,70,8,8
80637,118,109,9,9
80638,85,82,3,3
80639,102,99,3,3
80640,69,72,-3,3
80641,179,176,3,3
80642,94,105,-11,11
80643,100,98,2,2
80644,91,81,10,10
80645,139,142,-3,3
80646,77,79,-2,2
80647,64,63,1,1
80648,64,60,4,4
80649,137,130,7,7
80650,113,110,3,3
80651,93,82,11,11
80652,100,102,-2,2
80653,88,82,6,6
80654,87,83,4,4
80655,144,135,9,9
80656,41,54,-13,13
80657,51,58,-7,7
80658,78,73,5,5
80659,72,66,6,6
80660,66,64,2,2
80661,58,65,-7,7
80662,123,118,5,5
80663,90,81,9,9
80664,56,55,1,1
80665,98,81,17,17
80666,91,84,7,7
80667,126,112,14,14
80668,68,63,5,5
80669,117,104,13,13
80670,46,55,-9,9
80671,71,73,-2,2
80672,111,100,11,11
80673,89,82,7,7
80674,58,62,-4,4
80675,104,101,3,3
80676,110,98,12,12
80677,101,96,5,5
80678,203,207,-4,4
80679,90,89,1,1
80680,82,76,6,6
80681,133,114,19,19
80682,67,64,3,3
80683,75,72,3,3
80684,90,81,9,9
80685,91,81,10,10
80686,91,89,2,2
80687,67,63,4,4
80688,122,113,9,9
80689,59,60,-1,1
80690,40,54,-14,14
80691,104,93,11,11
80692,118,114,4,4
80693,92,80,12,12
80694,157,157,0,0
80695,65,65,0,0
80696,60,63,-3,3
80697,100,95,5,5
80698,31,51,-20,20
80699,94,85,9,9
80700,45,54,-9,9
80701,109,99,10,10
80702,85,72,13,13
80703,86,91,-5,5
80704,185,159,26,26
80705,97,92,5,5
80706,69,59,10,10
80707,194,175,19,19
80708,63,76,-13,13
80709,141,134,7,7
80710,87,70,17,17
80711,131,120,11,11
80712,152,135,17,17
80713,96,90,6,6
80714,111,107,4,4
80715,92,79,13,13
80716,108,98,10,10
80717,83,75,8,8
80718,52,55,-3,3
80719,103,101,2,2
80720,189,168,21,21
80721,80,65,15,15
80722,149,135,14,14
80723,146,127,19,19
80724,66,59,7,7
80725,38,52,-14,14
80726,124,128,-4,4
80727,55,58,-3,3
80728,141,112,29,29
80729,83,114,-31,31
80730,144,142,2,2
80731,127,124,3,3
80732,80,68,12,12
80733,125,115,10,10
80734,115,104,11,11
80735,79,76,3,3
80736,73,72,1,1
80737,92,71,21,21
80738,84,84,0,0
80739,103,99,4,4
80740,104,109,-5,5
80741,101,101,0,0
80742,92,90,2,2
80743,169,145,24,24
80744,53,55,-2,2
80745,114,98,16,16
80746,138,137,1,1
80747,86,80,6,6
80748,85,82,3,3
80749,147,141,6,6
80750,58,63,-5,5
80751,128,122,6,6
80752,65,65,0,0
80753,89,82,7,7
80754,95,93,2,2
80755,84,86,-2,2
80756,115,103,12,12
80757,142,128,14,14
80758,120,109,11,11
80759,102,100,2,2
80760,121,136,-15,15
80761,48,56,-8,8
80762,127,101,26,26
80763,76,65,11,11
80764,133,120,13,13
80765,108,98,10,10
80766,67,64,3,3
80767,33,52,-19,19
80768,148,129,19,19
80769,115,94,21,21
80770,68,93,-25,25
80771,132,138,-6,6
80772,167,149,18,18
80773,145,146,-1,1
80774,126,122,4,4
80775,72,61,11,11
80776,108,109,-1,1
80777,75,75,0,0
80778,66,72,-6,6
80779,72,66,6,6
80780,99,90,9,9
80781,67,63,4,4
80782,113,109,4,4
80783,108,98,10,10
80784,94,86,8,8
80785,57,63,-6,6
80786,97,88,9,9
80787,64,65,-1,1
80788,127,119,8,8
80789,90,78,12,12
80790,185,172,13,13
80791,110,95,15,15
80792,59,63,-4,4
80793,119,109,10,10
80794,88,94,-6,6
80795,196,175,21,21
80796,95,91,4,4
80797,69,74,-5,5
80798,159,158,1,1
80799,66,83,-17,17
80800,100,81,19,19
80801,90,93,-3,3
80802,71,64,7,7
80803,63,64,-1,1
80804,104,91,13,13
80805,64,69,-5,5
80806,67,74,-7,7
80807,71,73,-2,2
80808,155,137,18,18
80809,89,78,11,11
80810,128,118,10,10
80811,95,95,0,0
80812,51,53,-2,2
80813,118,108,10,10
80814,102,98,4,4
80815,124,118,6,6
80816,68,69,-1,1
80817,50,54,-4,4
80818,86,88,-2,2
80819,89,86,3,3
80820,113,98,15,15
80821,126,116,10,10
80822,64,74,-10,10
80823,120,119,1,1
80824,62,65,-3,3
80825,73,86,-13,13
80826,145,133,12,12
80827,63,62,1,1
80828,80,85,-5,5
80829,82,79,3,3
80830,41,52,-11,11
80831,93,92,1,1
80832,107,99,8,8
80833,60,60,0,0
80834,93,86,7,7
80835,97,93,4,4
80836,90,87,3,3
80837,111,114,-3,3
80838,57,60,-3,3
80839,75,69,6,6
80840,54,60,-6,6
80841,55,70,-15,15
80842,84,83,1,1
80843,95,90,5,5
80844,101,85,16,16
80845,91,86,5,5
80846,65,65,0,0
80847,59,60,-1,1
80848,112,103,9,9
80849,164,157,7,7
80850,61,65,-4,4
80851,75,75,0,0
80852,149,135,14,14
80853,152,135,17,17
80854,65,65,0,0
80855,90,82,8,8
80856,96,96,0,0
80857,105,100,5,5
80858,75,84,-9,9
80859,61,60,1,1
80860,102,93,9,9
80861,96,87,9,9
80862,96,83,13,13
80863,89,81,8,8
80864,100,98,2,2
80865,96,85,11,11
80866,57,61,-4,4
80867,67,71,-4,4
80868,148,140,8,8
80869,108,101,7,7
80870,50,52,-2,2
80871,151,136,15,15
80872,72,77,-5,5
80873,55,59,-4,4
80874,166,136,30,30
80875,75,77,-2,2
80876,154,130,24,24
80877,71,73,-2,2
80878,77,77,0,0
80879,72,62,10,10
80880,79,80,-1,1
80881,166,147,19,19
80882,72,72,0,0
80883,91,85,6,6
80884,80,80,0,0
80885,111,84,27,27
80886,81,84,-3,3
80887,74,69,5,5
80888,129,120,9,9
80889,120,111,9,9
80890,79,72,7,7
80891,95,85,10,10
80892,82,85,-3,3
80893,124,111,13,13
80894,73,68,5,5
80895,328,441,-113,113
80896,95,84,11,11
80897,90,82,8,8
80898,105,101,4,4
80899,131,124,7,7
80900,96,91,5,5
80901,64,62,2,2
80902,129,105,24,24
80903,84,73,11,11
80904,126,116,10,10
80905,132,126,6,6
80906,108,105,3,3
80907,74,69,5,5
80908,122,114,8,8
80909,96,103,-7,7
80910,172,171,1,1
80911,150,134,16,16
80912,82,79,3,3
80913,119,118,1,1
80914,42,52,-10,10
80915,125,109,16,16
80916,47,52,-5,5
80917,78,68,10,10
80918,51,56,-5,5
80919,56,60,-4,4
80920,100,104,-4,4
80921,105,98,7,7
80922,241,183,58,58
80923,148,130,18,18
80924,49,53,-4,4
80925,116,110,6,6
80926,45,54,-9,9
80927,89,79,10,10
80928,83,83,0,0
80929,106,104,2,2
80930,84,90,-6,6
80931,82,76,6,6
80932,69,70,-1,1
80933,87,86,1,1
80934,85,99,-14,14
80935,75,66,9,9
80936,142,136,6,6
80937,84,81,3,3
80938,112,92,20,20
80939,74,76,-2,2
80940,82,83,-1,1
80941,96,95,1,1
80942,106,100,6,6
80943,41,57,-16,16
80944,70,66,4,4
80945,62,61,1,1
80946,108,104,4,4
80947,115,101,14,14
80948,79,73,6,6
80949,101,97,4,4
80950,73,69,4,4
80951,69,70,-1,1
80952,42,53,-11,11
80953,130,119,11,11
80954,74,64,10,10
80955,69,68,1,1
80956,112,103,9,9
80957,95,95,0,0
80958,56,57,-1,1
80959,98,83,15,15
80960,93,94,-1,1
80961,93,84,9,9
80962,99,98,1,1
80963,137,123,14,14
80964,127,124,3,3
80965,82,76,6,6
80966,58,67,-9,9
80967,83,75,8,8
80968,130,118,12,12
80969,99,80,19,19
80970,134,128,6,6
80971,134,119,15,15
80972,73,68,5,5
80973,98,108,-10,10
80974,56,56,0,0
80975,106,106,0,0
80976,157,141,16,16
80977,70,68,2,2
80978,105,100,5,5
80979,108,112,-4,4
80980,65,66,-1,1
80981,82,74,8,8
80982,75,72,3,3
80983,88,88,0,0
80984,79,78,1,1
80985,85,90,-5,5
80986,98,92,6,6
80987,70,69,1,1
80988,132,131,1,1
80989,121,104,17,17
80990,120,132,-12,12
80991,131,115,16,16
80992,100,103,-3,3
80993,103,98,5,5
80994,89,87,2,2
80995,87,85,2,2
80996,63,66,-3,3
80997,101,80,21,21
80998,80,70,10,10
80999,60,57,3,3
81000,53,57,-4,4
81001,147,129,18,18
81002,83,79,4,4
81003,91,87,4,4
81004,120,108,12,12
81005,79,75,4,4
81006,66,60,6,6
81007,126,99,27,27
81008,155,135,20,20
81009,73,72,1,1
81010,75,68,7,7
81011,110,108,2,2
81012,87,83,4,4
81013,92,86,6,6
81014,133,130,3,3
81015,100,92,8,8
81016,89,85,4,4
81017,73,72,1,1
81018,56,59,-3,3
81019,117,105,12,12
81020,77,65,12,12
81021,58,54,4,4
81022,132,129,3,3
81023,149,122,27,27
81024,60,57,3,3
81025,88,80,8,8
81026,118,106,12,12
81027,71,74,-3,3
81028,158,148,10,10
81029,143,124,19,19
81030,63,69,-6,6
81031,49,59,-10,10
81032,111,103,8,8
81033,121,118,3,3
81034,97,84,13,13
81035,116,108,8,8
81036,58,58,0,0
81037,66,62,4,4
81038,63,63,0,0
81039,54,54,0,0
81040,83,84,-1,1
81041,66,67,-1,1
81042,48,53,-5,5
81043,69,75,-6,6
81044,39,64,-25,25
81045,158,130,28,28
81046,48,54,-6,6
81047,63,59,4,4
81048,93,94,-1,1
81049,87,84,3,3
81050,64,72,-8,8
81051,148,114,34,34
81052,58,59,-1,1
81053,51,59,-8,8
81054,53,58,-5,5
81055,138,130,8,8
81056,75,75,0,0
81057,94,90,4,4
81058,49,57,-8,8
81059,132,136,-4,4
81060,98,92,6,6
81061,97,101,-4,4
81062,100,89,11,11
81063,107,97,10,10
81064,65,64,1,1
81065,67,67,0,0
81066,54,54,0,0
81067,123,116,7,7
81068,133,117,16,16
81069,105,120,-15,15
81070,91,92,-1,1
81071,121,115,6,6
81072,81,85,-4,4
81073,59,65,-6,6
81074,154,131,23,23
81075,85,82,3,3
81076,80,92,-12,12
81077,181,169,12,12
81078,112,102,10,10
81079,80,76,4,4
81080,140,124,16,16
81081,92,75,17,17
81082,87,77,10,10
81083,62,77,-15,15
81084,136,120,16,16
81085,74,68,6,6
81086,74,68,6,6
81087,45,56,-11,11
81088,87,84,3,3
81089,81,74,7,7
81090,37,51,-14,14
81091,73,67,6,6
81092,81,79,2,2
81093,119,114,5,5
81094,139,133,6,6
81095,106,106,0,0
81096,105,102,3,3
81097,129,120,9,9
81098,97,97,0,0
81099,94,113,-19,19
81100,89,108,-19,19
81101,84,80,4,4
81102,182,157,25,25
81103,44,53,-9,9
81104,98,89,9,9
81105,83,77,6,6
81106,159,147,12,12
81107,61,59,2,2
81108,145,121,24,24
81109,113,129,-16,16
81110,74,74,0,0
81111,44,60,-16,16
81112,70,78,-8,8
81113,87,102,-15,15
81114,156,139,17,17
81115,78,76,2,2
81116,99,82,17,17
81117,120,107,13,13
81118,100,106,-6,6
81119,90,82,8,8
81120,90,92,-2,2
81121,126,123,3,3
81122,59,52,7,7
81123,82,76,6,6
81124,71,84,-13,13
81125,87,78,9,9
81126,72,77,-5,5
81127,112,103,9,9
81128,65,61,4,4
81129,68,68,0,0
81130,62,64,-2,2
81131,130,126,4,4
81132,60,63,-3,3
81133,100,101,-1,1
81134,48,54,-6,6
81135,97,94,3,3
81136,85,76,9,9
81137,143,116,27,27
81138,112,109,3,3
81139,70,72,-2,2
81140,107,116,-9,9
81141,103,98,5,5
81142,79,70,9,9
81143,65,59,6,6
81144,74,67,7,7
81145,62,63,-1,1
81146,146,139,7,7
81147,138,130,8,8
81148,109,104,5,5
81149,57,55,2,2
81150,81,81,0,0
81151,100,95,5,5
81152,55,62,-7,7
81153,71,71,0,0
81154,137,117,20,20
81155,173,159,14,14
81156,53,59,-6,6
81157,69,67,2,2
81158,115,97,18,18
81159,71,75,-4,4
81160,129,117,12,12
81161,142,124,18,18
81162,48,53,-5,5
81163,77,77,0,0
81164,81,88,-7,7
81165,103,94,9,9
81166,75,72,3,3
81167,86,79,7,7
81168,105,105,0,0
81169,61,55,6,6
81170,109,100,9,9
81171,98,89,9,9
81172,153,146,7,7
81173,50,57,-7,7
81174,178,157,21,21
81175,85,75,10,10
81176,118,113,5,5
81177,94,79,15,15
81178,116,94,22,22
81179,92,82,10,10
81180,96,92,4,4
81181,44,56,-12,12
81182,96,89,7,7
81183,146,121,25,25
81184,90,72,18,18
81185,86,83,3,3
81186,112,111,1,1
81187,102,109,-7,7
81188,47,53,-6,6
81189,107,95,12,12
81190,52,66,-14,14
81191,122,119,3,3
81192,84,73,11,11
81193,76,72,4,4
81194,72,72,0,0
81195,181,167,14,14
81196,71,73,-2,2
81197,92,92,0,0
81198,152,142,10,10
81199,133,130,3,3
81200,97,97,0,0
81201,135,128,7,7
81202,75,79,-4,4
81203,99,94,5,5
81204,92,117,-25,25
81205,113,115,-2,2
81206,65,60,5,5
81207,100,98,2,2
81208,124,122,2,2
81209,82,75,7,7
81210,111,111,0,0
81211,101,96,5,5
81212,60,60,0,0
81213,141,126,15,15
81214,69,69,0,0
81215,141,136,5,5
81216,111,97,14,14
81217,169,158,11,11
81218,126,114,12,12
81219,75,78,-3,3
81220,120,108,12,12
81221,141,141,0,0
81222,104,115,-11,11
81223,48,55,-7,7
81224,93,88,5,5
81225,140,127,13,13
81226,97,82,15,15
81227,110,98,12,12
81228,45,52,-7,7
81229,92,91,1,1
81230,87,74,13,13
81231,90,79,11,11
81232,68,69,-1,1
81233,64,67,-3,3
81234,59,55,4,4
81235,135,125,10,10
81236,52,57,-5,5
81237,121,123,-2,2
81238,78,77,1,1
81239,97,96,1,1
81240,64,88,-24,24
81241,113,111,2,2
81242,83,79,4,4
81243,79,72,7,7
81244,77,81,-4,4
81245,56,60,-4,4
81246,156,147,9,9
81247,134,123,11,11
81248,66,68,-2,2
81249,113,111,2,2
81250,89,83,6,6
81251,95,97,-2,2
81252,98,96,2,2
81253,137,136,1,1
81254,113,99,14,14
81255,173,153,20,20
81256,122,113,9,9
81257,92,84,8,8
81258,142,129,13,13
81259,82,72,10,10
81260,42,52,-10,10
81261,116,131,-15,15
81262,89,86,3,3
81263,140,129,11,11
81264,130,105,25,25
81265,80,73,7,7
81266,113,115,-2,2
81267,60,59,1,1
81268,143,165,-22,22
81269,86,77,9,9
81270,126,112,14,14
81271,75,67,8,8
81272,120,108,12,12
81273,125,111,14,14
81274,195,174,21,21
81275,71,68,3,3
81276,131,123,8,8
81277,111,105,6,6
81278,89,93,-4,4
81279,93,88,5,5
81280,80,79,1,1
81281,80,72,8,8
81282,46,53,-7,7
81283,134,121,13,13
81284,83,79,4,4
81285,145,136,9,9
81286,80,79,1,1
81287,82,67,15,15
81288,86,72,14,14
81289,62,67,-5,5
81290,46,53,-7,7
81291,112,103,9,9
81292,99,93,6,6
81293,145,127,18,18
81294,166,158,8,8
81295,45,54,-9,9
81296,126,106,20,20
81297,89,82,7,7
81298,99,102,-3,3
81299,77,73,4,4
81300,119,105,14,14
81301,93,107,-14,14
81302,102,104,-2,2
81303,62,59,3,3
81304,57,59,-2,2
81305,63,65,-2,2
81306,56,65,-9,9
81307,137,130,7,7
81308,101,94,7,7
81309,90,78,12,12
81310,136,124,12,12
81311,70,65,5,5
81312,81,80,1,1
81313,66,64,2,2
81314,93,88,5,5
81315,73,70,3,3
81316,90,85,5,5
81317,83,81,2,2
81318,89,78,11,11
81319,103,103,0,0
81320,105,93,12,12
81321,83,99,-16,16
81322,115,113,2,2
81323,99,100,-1,1
81324,85,87,-2,2
81325,73,75,-2,2
81326,80,82,-2,2
81327,49,56,-7,7
81328,80,74,6,6
81329,63,66,-3,3
81330,33,51,-18,18
81331,178,174,4,4
81332,105,123,-18,18
81333,41,55,-14,14
81334,92,92,0,0
81335,98,92,6,6
81336,71,72,-1,1
81337,30,51,-21,21
81338,62,62,0,0
81339,126,137,-11,11
81340,102,97,5,5
81341,122,118,4,4
81342,79,77,2,2
81343,152,138,14,14
81344,159,140,19,19
81345,161,155,6,6
81346,71,62,9,9
81347,84,83,1,1
81348,118,101,17,17
81349,73,71,2,2
81350,118,113,5,5
81351,102,84,18,18
81352,69,76,-7,7
81353,101,88,13,13
81354,127,113,14,14
81355,84,77,7,7
81356,40,52,-12,12
81357,70,65,5,5
81358,135,119,16,16
81359,77,76,1,1
81360,78,76,2,2
81361,70,68,2,2
81362,73,76,-3,3
81363,85,81,4,4
81364,106,98,8,8
81365,151,139,12,12
81366,153,147,6,6
81367,133,117,16,16
81368,121,111,10,10
81369,110,104,6,6
81370,71,77,-6,6
81371,98,95,3,3
81372,126,124,2,2
81373,86,83,3,3
81374,77,77,0,0
81375,198,165,33,33
81376,133,126,7,7
81377,124,124,0,0
81378,90,81,9,9
81379,60,60,0,0
81380,80,88,-8,8
81381,47,53,-6,6
81382,82,69,13,13
81383,119,93,26,26
81384,66,64,2,2
81385,136,115,21,21
81386,141,126,15,15
81387,50,60,-10,10
81388,71,75,-4,4
81389,98,94,4,4
81390,121,103,18,18
81391,81,87,-6,6
81392,117,108,9,9
81393,112,109,3,3
81394,94,89,5,5
81395,55,71,-16,16
81396,97,106,-9,9
81397,92,95,-3,3
81398,137,134,3,3
81399,54,55,-1,1
81400,140,134,6,6
81401,138,124,14,14
81402,85,80,5,5
81403,84,88,-4,4
81404,104,99,5,5
81405,113,109,4,4
81406,109,113,-4,4
81407,76,89,-13,13
81408,79,79,0,0
81409,65,60,5,5
81410,81,76,5,5
81411,131,111,20,20
81412,204,171,33,33
81413,77,72,5,5
81414,161,138,23,23
81415,97,95,2,2
81416,110,94,16,16
81417,76,72,4,4
81418,70,65,5,5
81419,122,118,4,4
81420,52,57,-5,5
81421,121,113,8,8
81422,89,85,4,4
81423,99,87,12,12
81424,62,62,0,0
81425,117,107,10,10
81426,92,94,-2,2
81427,169,154,15,15
81428,122,110,12,12
81429,88,86,2,2
81430,94,87,7,7
81431,163,128,35,35
81432,72,68,4,4
81433,87,91,-4,4
81434,104,109,-5,5
81435,51,56,-5,5
81436,57,55,2,2
81437,149,137,12,12
81438,87,86,1,1
81439,109,107,2,2
81440,120,108,12,12
81441,79,71,8,8
81442,129,122,7,7
81443,162,143,19,19
81444,133,128,5,5
81445,82,77,5,5
81446,110,107,3,3
81447,180,150,30,30
81448,104,96,8,8
81449,134,127,7,7
81450,114,102,12,12
81451,130,136,-6,6
81452,94,95,-1,1
81453,182,156,26,26
81454,93,94,-1,1
81455,74,76,-2,2
81456,66,66,0,0
81457,164,280,-116,116
81458,125,159,-34,34
81459,74,79,-5,5
81460,148,140,8,8
81461,69,68,1,1
81462,98,89,9,9
81463,71,72,-1,1
81464,107,99,8,8
81465,133,114,19,19
81466,72,66,6,6
81467,68,65,3,3
81468,97,91,6,6
81469,185,150,35,35
81470,184,169,15,15
81471,106,111,-5,5
81472,143,137,6,6
81473,82,93,-11,11
81474,47,57,-10,10
81475,82,72,10,10
81476,97,81,16,16
81477,58,58,0,0
81478,115,102,13,13
81479,137,114,23,23
81480,112,107,5,5
81481,101,95,6,6
81482,56,55,1,1
81483,80,74,6,6
81484,79,79,0,0
81485,186,159,27,27
81486,79,69,10,10
81487,80,70,10,10
81488,85,73,12,12
81489,123,107,16,16
81490,94,81,13,13
81491,71,82,-11,11
81492,83,80,3,3
81493,45,53,-8,8
81494,120,143,-23,23
81495,165,151,14,14
81496,73,70,3,3
81497,87,81,6,6
81498,80,80,0,0
81499,132,132,0,0
81500,82,74,8,8
81501,77,73,4,4
81502,62,65,-3,3
81503,74,73,1,1
81504,87,89,-2,2
81505,142,132,10,10
81506,119,106,13,13
81507,62,60,2,2
