,original,predict,differ,abs
0,67,75,-8,8
1,58,60,-2,2
2,88,95,-7,7
3,183,168,15,15
4,81,80,1,1
5,88,82,6,6
6,83,85,-2,2
7,183,152,31,31
8,81,86,-5,5
9,117,119,-2,2
10,64,57,7,7
11,59,63,-4,4
12,74,70,4,4
13,100,105,-5,5
14,103,94,9,9
15,66,69,-3,3
16,97,96,1,1
17,120,108,12,12
18,79,76,3,3
19,110,117,-7,7
20,217,205,12,12
21,156,147,9,9
22,97,77,20,20
23,101,119,-18,18
24,82,79,3,3
25,127,119,8,8
26,112,105,7,7
27,191,169,22,22
28,48,53,-5,5
29,106,108,-2,2
30,133,120,13,13
31,57,67,-10,10
32,108,108,0,0
33,89,80,9,9
34,50,63,-13,13
35,62,49,13,13
36,102,102,0,0
37,55,55,0,0
38,89,102,-13,13
39,96,102,-6,6
40,70,77,-7,7
41,115,117,-2,2
42,82,78,4,4
43,102,98,4,4
44,167,149,18,18
45,82,86,-4,4
46,118,133,-15,15
47,85,77,8,8
48,93,99,-6,6
49,111,107,4,4
50,77,71,6,6
51,136,130,6,6
52,109,103,6,6
53,85,92,-7,7
54,133,125,8,8
55,138,128,10,10
56,100,109,-9,9
57,130,130,0,0
58,96,108,-12,12
59,58,58,0,0
60,115,119,-4,4
61,73,71,2,2
62,135,127,8,8
63,177,170,7,7
64,96,101,-5,5
65,77,80,-3,3
66,84,85,-1,1
67,105,90,15,15
68,193,181,12,12
69,143,140,3,3
70,111,111,0,0
71,104,96,8,8
72,265,254,11,11
73,88,90,-2,2
74,78,78,0,0
75,58,64,-6,6
76,86,82,4,4
77,59,65,-6,6
78,139,131,8,8
79,96,90,6,6
80,90,81,9,9
81,83,94,-11,11
82,133,121,12,12
83,141,130,11,11
84,72,67,5,5
85,75,83,-8,8
86,43,49,-6,6
87,68,71,-3,3
88,170,139,31,31
89,92,97,-5,5
90,64,89,-25,25
91,101,105,-4,4
92,82,73,9,9
93,81,73,8,8
94,75,76,-1,1
95,99,90,9,9
96,45,53,-8,8
97,186,187,-1,1
98,127,135,-8,8
99,100,109,-9,9
100,66,67,-1,1
101,129,107,22,22
102,107,116,-9,9
103,128,124,4,4
104,90,88,2,2
105,68,75,-7,7
106,107,105,2,2
107,90,81,9,9
108,89,98,-9,9
109,70,72,-2,2
110,174,162,12,12
111,90,65,25,25
112,76,71,5,5
113,67,61,6,6
114,76,85,-9,9
115,168,164,4,4
116,91,89,2,2
117,103,102,1,1
118,91,85,6,6
119,67,66,1,1
120,118,129,-11,11
121,51,57,-6,6
122,76,86,-10,10
123,110,115,-5,5
124,99,91,8,8
125,96,100,-4,4
126,169,205,-36,36
127,89,103,-14,14
128,94,91,3,3
129,123,133,-10,10
130,186,181,5,5
131,132,121,11,11
132,102,109,-7,7
133,78,81,-3,3
134,129,116,13,13
135,116,100,16,16
136,136,132,4,4
137,131,126,5,5
138,105,104,1,1
139,69,64,5,5
140,66,65,1,1
141,127,122,5,5
142,127,123,4,4
143,66,79,-13,13
144,112,127,-15,15
145,115,106,9,9
146,98,87,11,11
147,69,64,5,5
148,93,86,7,7
149,121,131,-10,10
150,92,97,-5,5
151,73,74,-1,1
152,139,129,10,10
153,80,80,0,0
154,89,89,0,0
155,67,65,2,2
156,66,67,-1,1
157,81,81,0,0
158,59,64,-5,5
159,128,129,-1,1
160,109,109,0,0
161,50,54,-4,4
162,74,75,-1,1
163,80,86,-6,6
164,132,127,5,5
165,51,61,-10,10
166,115,111,4,4
167,70,95,-25,25
168,159,145,14,14
169,151,151,0,0
170,94,100,-6,6
171,81,91,-10,10
172,77,87,-10,10
173,42,45,-3,3
174,135,109,26,26
175,106,100,6,6
176,50,61,-11,11
177,162,143,19,19
178,130,116,14,14
179,120,109,11,11
180,84,83,1,1
181,76,77,-1,1
182,67,76,-9,9
183,75,67,8,8
184,39,42,-3,3
185,119,95,24,24
186,55,58,-3,3
187,90,83,7,7
188,124,117,7,7
189,171,178,-7,7
190,70,71,-1,1
191,137,130,7,7
192,127,128,-1,1
193,143,143,0,0
194,195,157,38,38
195,112,109,3,3
196,43,60,-17,17
197,114,114,0,0
198,111,98,13,13
199,80,79,1,1
200,128,113,15,15
201,176,168,8,8
202,64,62,2,2
203,142,137,5,5
204,100,86,14,14
205,63,55,8,8
206,145,132,13,13
207,101,94,7,7
208,78,79,-1,1
209,98,93,5,5
210,147,141,6,6
211,50,55,-5,5
212,70,67,3,3
213,175,162,13,13
214,87,100,-13,13
215,87,82,5,5
216,108,129,-21,21
217,67,66,1,1
218,95,102,-7,7
219,89,89,0,0
220,135,143,-8,8
221,79,90,-11,11
222,43,60,-17,17
223,195,152,43,43
224,83,91,-8,8
225,81,85,-4,4
226,63,68,-5,5
227,119,117,2,2
228,98,92,6,6
229,44,53,-9,9
230,47,57,-10,10
231,87,73,14,14
232,90,81,9,9
233,62,72,-10,10
234,103,109,-6,6
235,140,134,6,6
236,114,113,1,1
237,57,73,-16,16
238,81,83,-2,2
239,74,100,-26,26
240,61,70,-9,9
241,43,49,-6,6
242,55,59,-4,4
243,100,90,10,10
244,124,114,10,10
245,107,107,0,0
246,121,130,-9,9
247,86,97,-11,11
248,146,126,20,20
249,147,144,3,3
250,47,43,4,4
251,124,120,4,4
252,89,87,2,2
253,50,56,-6,6
254,110,110,0,0
255,158,153,5,5
256,86,85,1,1
257,102,110,-8,8
258,107,108,-1,1
259,64,62,2,2
260,136,134,2,2
261,125,112,13,13
262,115,99,16,16
263,71,73,-2,2
264,80,80,0,0
265,82,89,-7,7
266,79,90,-11,11
267,102,100,2,2
268,49,69,-20,20
269,109,117,-8,8
270,52,51,1,1
271,72,70,2,2
272,68,70,-2,2
273,151,147,4,4
274,112,111,1,1
275,97,118,-21,21
276,82,86,-4,4
277,72,82,-10,10
278,125,133,-8,8
279,128,129,-1,1
280,94,100,-6,6
281,76,71,5,5
282,71,78,-7,7
283,112,115,-3,3
284,75,80,-5,5
285,77,78,-1,1
286,78,75,3,3
287,89,87,2,2
288,88,85,3,3
289,97,96,1,1
290,80,80,0,0
291,67,71,-4,4
292,83,93,-10,10
293,85,114,-29,29
294,76,74,2,2
295,64,53,11,11
296,107,116,-9,9
297,141,175,-34,34
298,130,127,3,3
299,51,61,-10,10
300,66,66,0,0
301,75,84,-9,9
302,186,210,-24,24
303,86,74,12,12
304,141,142,-1,1
305,83,76,7,7
306,85,81,4,4
307,148,128,20,20
308,87,83,4,4
309,77,69,8,8
310,27,39,-12,12
311,88,93,-5,5
312,92,88,4,4
313,86,95,-9,9
314,135,129,6,6
315,77,73,4,4
316,73,65,8,8
317,133,145,-12,12
318,51,50,1,1
319,125,127,-2,2
320,98,105,-7,7
321,143,132,11,11
322,140,143,-3,3
323,87,96,-9,9
324,89,77,12,12
325,69,80,-11,11
326,96,82,14,14
327,127,122,5,5
328,79,76,3,3
329,137,128,9,9
330,85,85,0,0
331,84,96,-12,12
332,52,56,-4,4
333,77,71,6,6
334,78,87,-9,9
335,104,95,9,9
336,89,97,-8,8
337,89,60,29,29
338,56,62,-6,6
339,106,87,19,19
340,71,57,14,14
341,132,123,9,9
342,82,79,3,3
343,100,82,18,18
344,51,58,-7,7
345,66,66,0,0
346,85,78,7,7
347,112,117,-5,5
348,34,57,-23,23
349,134,128,6,6
350,93,101,-8,8
351,114,130,-16,16
352,137,124,13,13
353,88,90,-2,2
354,108,110,-2,2
355,106,100,6,6
356,146,203,-57,57
357,54,63,-9,9
358,170,145,25,25
359,86,78,8,8
360,110,99,11,11
361,82,91,-9,9
362,101,94,7,7
363,64,69,-5,5
364,44,51,-7,7
365,84,81,3,3
366,60,57,3,3
367,101,105,-4,4
368,120,107,13,13
369,60,63,-3,3
370,130,127,3,3
371,41,52,-11,11
372,116,111,5,5
373,58,57,1,1
374,77,70,7,7
375,96,101,-5,5
376,88,95,-7,7
377,103,99,4,4
378,35,81,-46,46
379,64,61,3,3
380,86,81,5,5
381,89,90,-1,1
382,108,106,2,2
383,116,107,9,9
384,82,86,-4,4
385,65,69,-4,4
386,64,66,-2,2
387,134,130,4,4
388,65,62,3,3
389,77,78,-1,1
390,120,120,0,0
391,54,56,-2,2
392,90,88,2,2
393,87,95,-8,8
394,97,96,1,1
395,17,19,-2,2
396,69,93,-24,24
397,31,57,-26,26
398,90,98,-8,8
399,104,114,-10,10
400,97,98,-1,1
401,52,60,-8,8
402,81,78,3,3
403,88,84,4,4
404,150,149,1,1
405,103,107,-4,4
406,47,52,-5,5
407,119,112,7,7
408,107,114,-7,7
409,88,52,36,36
410,85,82,3,3
411,95,97,-2,2
412,89,82,7,7
413,87,87,0,0
414,148,139,9,9
415,98,93,5,5
416,148,144,4,4
417,77,78,-1,1
418,70,75,-5,5
419,64,60,4,4
420,110,117,-7,7
421,143,154,-11,11
422,122,173,-51,51
423,82,81,1,1
424,112,118,-6,6
425,128,142,-14,14
426,148,148,0,0
427,80,80,0,0
428,56,48,8,8
429,90,93,-3,3
430,110,109,1,1
431,88,97,-9,9
432,91,79,12,12
433,99,97,2,2
434,122,113,9,9
435,66,66,0,0
436,106,98,8,8
437,65,61,4,4
438,164,154,10,10
439,68,65,3,3
440,48,72,-24,24
441,88,77,11,11
442,107,172,-65,65
443,58,67,-9,9
444,91,90,1,1
445,113,110,3,3
446,107,102,5,5
447,101,93,8,8
448,72,76,-4,4
449,134,131,3,3
450,87,84,3,3
451,64,67,-3,3
452,72,70,2,2
453,146,151,-5,5
454,110,112,-2,2
455,104,100,4,4
456,129,137,-8,8
457,134,131,3,3
458,123,125,-2,2
459,62,66,-4,4
460,71,83,-12,12
461,58,65,-7,7
462,88,78,10,10
463,134,131,3,3
464,81,80,1,1
465,77,89,-12,12
466,118,112,6,6
467,131,118,13,13
468,66,60,6,6
469,61,69,-8,8
470,43,42,1,1
471,121,123,-2,2
472,101,106,-5,5
473,112,99,13,13
474,67,63,4,4
475,88,85,3,3
476,57,48,9,9
477,93,89,4,4
478,77,61,16,16
479,57,60,-3,3
480,55,72,-17,17
481,68,69,-1,1
482,118,108,10,10
483,63,67,-4,4
484,110,118,-8,8
485,58,62,-4,4
486,119,109,10,10
487,110,141,-31,31
488,146,143,3,3
489,50,46,4,4
490,104,96,8,8
491,136,134,2,2
492,145,146,-1,1
493,110,109,1,1
494,124,126,-2,2
495,117,118,-1,1
496,134,125,9,9
497,98,83,15,15
498,104,154,-50,50
499,78,72,6,6
500,100,97,3,3
501,45,61,-16,16
502,108,114,-6,6
503,50,77,-27,27
504,69,75,-6,6
505,106,105,1,1
506,66,62,4,4
507,61,66,-5,5
508,96,96,0,0
509,96,86,10,10
510,53,59,-6,6
511,93,101,-8,8
512,80,76,4,4
513,73,77,-4,4
514,70,81,-11,11
515,100,97,3,3
516,137,128,9,9
517,114,117,-3,3
518,70,68,2,2
519,55,68,-13,13
520,108,96,12,12
521,138,139,-1,1
522,95,97,-2,2
523,142,140,2,2
524,83,80,3,3
525,122,116,6,6
526,97,103,-6,6
527,56,72,-16,16
528,122,120,2,2
529,73,78,-5,5
530,69,57,12,12
531,95,91,4,4
532,68,71,-3,3
533,95,91,4,4
534,78,94,-16,16
535,90,96,-6,6
536,106,113,-7,7
537,42,48,-6,6
538,76,88,-12,12
539,157,162,-5,5
540,119,106,13,13
541,99,99,0,0
542,61,66,-5,5
543,102,93,9,9
544,92,97,-5,5
545,124,116,8,8
546,82,86,-4,4
547,76,77,-1,1
548,67,73,-6,6
549,148,139,9,9
550,74,75,-1,1
551,66,75,-9,9
552,108,108,0,0
553,64,64,0,0
554,102,99,3,3
555,63,51,12,12
556,66,61,5,5
557,74,68,6,6
558,74,74,0,0
559,67,70,-3,3
560,86,96,-10,10
561,81,90,-9,9
562,90,95,-5,5
563,47,50,-3,3
564,68,73,-5,5
565,88,78,10,10
566,83,95,-12,12
567,76,71,5,5
568,55,63,-8,8
569,100,104,-4,4
570,108,127,-19,19
571,178,158,20,20
572,80,80,0,0
573,82,88,-6,6
574,149,130,19,19
575,69,72,-3,3
576,70,79,-9,9
577,90,106,-16,16
578,91,90,1,1
579,75,74,1,1
580,88,85,3,3
581,134,125,9,9
582,49,60,-11,11
583,51,54,-3,3
584,113,110,3,3
585,88,86,2,2
586,53,68,-15,15
587,84,80,4,4
588,105,98,7,7
589,85,81,4,4
590,105,98,7,7
591,75,77,-2,2
592,139,133,6,6
593,103,96,7,7
594,87,90,-3,3
595,65,69,-4,4
596,74,73,1,1
597,98,112,-14,14
598,110,103,7,7
599,112,106,6,6
600,88,67,21,21
601,85,85,0,0
602,55,60,-5,5
603,86,82,4,4
604,124,124,0,0
605,114,117,-3,3
606,57,58,-1,1
607,56,62,-6,6
608,78,70,8,8
609,122,139,-17,17
610,79,75,4,4
611,81,74,7,7
612,117,113,4,4
613,112,119,-7,7
614,95,92,3,3
615,195,171,24,24
616,76,87,-11,11
617,104,91,13,13
618,112,108,4,4
619,103,114,-11,11
620,91,97,-6,6
621,105,98,7,7
622,127,117,10,10
623,60,62,-2,2
624,111,112,-1,1
625,106,106,0,0
626,109,107,2,2
627,85,82,3,3
628,67,68,-1,1
629,81,86,-5,5
630,83,87,-4,4
631,56,65,-9,9
632,92,93,-1,1
633,71,80,-9,9
634,95,98,-3,3
635,93,98,-5,5
636,144,140,4,4
637,53,42,11,11
638,77,90,-13,13
639,71,63,8,8
640,95,106,-11,11
641,95,103,-8,8
642,61,57,4,4
643,141,129,12,12
644,133,123,10,10
645,94,90,4,4
646,112,112,0,0
647,84,80,4,4
648,92,97,-5,5
649,84,84,0,0
650,94,101,-7,7
651,72,72,0,0
652,102,117,-15,15
653,61,68,-7,7
654,108,109,-1,1
655,105,98,7,7
656,85,89,-4,4
657,74,77,-3,3
658,50,53,-3,3
659,101,102,-1,1
660,82,73,9,9
661,108,97,11,11
662,148,144,4,4
663,126,128,-2,2
664,136,144,-8,8
665,75,76,-1,1
666,36,43,-7,7
667,42,54,-12,12
668,69,68,1,1
669,126,121,5,5
670,109,98,11,11
671,90,98,-8,8
672,116,112,4,4
673,151,176,-25,25
674,147,140,7,7
675,52,90,-38,38
676,107,106,1,1
677,90,101,-11,11
678,162,146,16,16
679,103,103,0,0
680,150,136,14,14
681,62,83,-21,21
682,111,113,-2,2
683,77,88,-11,11
684,166,172,-6,6
685,151,158,-7,7
686,116,120,-4,4
687,79,78,1,1
688,94,121,-27,27
689,110,120,-10,10
690,152,137,15,15
691,176,165,11,11
692,92,95,-3,3
693,156,144,12,12
694,92,101,-9,9
695,77,70,7,7
696,32,49,-17,17
697,87,93,-6,6
698,108,106,2,2
699,104,92,12,12
700,70,64,6,6
701,66,49,17,17
702,118,120,-2,2
703,65,65,0,0
704,111,99,12,12
705,74,66,8,8
706,81,89,-8,8
707,88,79,9,9
708,87,92,-5,5
709,116,127,-11,11
710,47,42,5,5
711,95,99,-4,4
712,44,56,-12,12
713,91,108,-17,17
714,83,87,-4,4
715,137,136,1,1
716,80,82,-2,2
717,147,137,10,10
718,119,117,2,2
719,137,110,27,27
720,133,143,-10,10
721,89,91,-2,2
722,150,138,12,12
723,108,106,2,2
724,96,82,14,14
725,88,80,8,8
726,140,126,14,14
727,128,124,4,4
728,53,64,-11,11
729,100,114,-14,14
730,58,64,-6,6
731,110,100,10,10
732,125,120,5,5
733,124,113,11,11
734,109,121,-12,12
735,122,124,-2,2
736,95,94,1,1
737,93,87,6,6
738,85,81,4,4
739,98,82,16,16
740,68,72,-4,4
741,48,39,9,9
742,97,98,-1,1
743,81,83,-2,2
744,88,81,7,7
745,91,112,-21,21
746,64,62,2,2
747,204,197,7,7
748,114,109,5,5
749,185,152,33,33
750,75,76,-1,1
751,70,78,-8,8
752,145,143,2,2
753,87,84,3,3
754,45,57,-12,12
755,73,69,4,4
756,125,128,-3,3
757,60,67,-7,7
758,95,88,7,7
759,119,94,25,25
760,76,72,4,4
761,56,65,-9,9
762,44,43,1,1
763,98,97,1,1
764,86,75,11,11
765,161,138,23,23
766,102,129,-27,27
767,103,110,-7,7
768,69,85,-16,16
769,151,154,-3,3
770,92,74,18,18
771,80,93,-13,13
772,87,88,-1,1
773,108,105,3,3
774,51,56,-5,5
775,110,108,2,2
776,64,62,2,2
777,73,72,1,1
778,92,84,8,8
779,93,93,0,0
780,103,98,5,5
781,49,41,8,8
782,71,75,-4,4
783,70,71,-1,1
784,67,60,7,7
785,100,96,4,4
786,93,96,-3,3
787,75,78,-3,3
788,97,98,-1,1
789,84,85,-1,1
790,140,126,14,14
791,151,144,7,7
792,78,80,-2,2
793,79,85,-6,6
794,108,122,-14,14
795,95,100,-5,5
796,98,88,10,10
797,119,119,0,0
798,83,97,-14,14
799,67,67,0,0
800,64,71,-7,7
801,102,85,17,17
802,75,72,3,3
803,68,76,-8,8
804,78,70,8,8
805,53,52,1,1
806,126,120,6,6
807,89,90,-1,1
808,85,99,-14,14
809,64,66,-2,2
810,85,80,5,5
811,74,58,16,16
812,66,61,5,5
813,79,78,1,1
814,125,113,12,12
815,119,107,12,12
816,26,42,-16,16
817,66,71,-5,5
818,88,76,12,12
819,111,101,10,10
820,86,81,5,5
821,76,81,-5,5
822,86,84,2,2
823,145,138,7,7
824,46,53,-7,7
825,107,97,10,10
826,99,92,7,7
827,63,57,6,6
828,68,63,5,5
829,100,85,15,15
830,110,112,-2,2
831,77,83,-6,6
832,66,75,-9,9
833,64,50,14,14
834,77,87,-10,10
835,144,146,-2,2
836,106,101,5,5
837,93,111,-18,18
838,73,74,-1,1
839,103,108,-5,5
840,105,108,-3,3
841,75,79,-4,4
842,83,84,-1,1
843,112,109,3,3
844,156,140,16,16
845,156,142,14,14
846,77,83,-6,6
847,76,84,-8,8
848,95,94,1,1
849,41,53,-12,12
850,106,114,-8,8
851,135,125,10,10
852,92,96,-4,4
853,91,97,-6,6
854,112,110,2,2
855,84,84,0,0
856,77,73,4,4
857,29,54,-25,25
858,64,66,-2,2
859,143,128,15,15
860,59,58,1,1
861,155,138,17,17
862,207,169,38,38
863,129,111,18,18
864,115,103,12,12
865,108,106,2,2
866,162,144,18,18
867,69,77,-8,8
868,62,79,-17,17
869,79,86,-7,7
870,57,61,-4,4
871,90,84,6,6
872,98,96,2,2
873,108,107,1,1
874,80,105,-25,25
875,114,106,8,8
876,57,67,-10,10
877,41,111,-70,70
878,90,82,8,8
879,84,72,12,12
880,87,90,-3,3
881,70,77,-7,7
882,109,113,-4,4
883,76,78,-2,2
884,62,54,8,8
885,83,76,7,7
886,124,131,-7,7
887,122,125,-3,3
888,55,60,-5,5
889,108,121,-13,13
890,109,110,-1,1
891,52,109,-57,57
892,134,119,15,15
893,60,59,1,1
894,71,83,-12,12
895,123,114,9,9
896,60,65,-5,5
897,140,130,10,10
898,109,98,11,11
899,150,202,-52,52
900,74,76,-2,2
901,94,80,14,14
902,71,73,-2,2
903,139,132,7,7
904,87,99,-12,12
905,72,68,4,4
906,53,50,3,3
907,163,150,13,13
908,111,96,15,15
909,70,60,10,10
910,46,39,7,7
911,138,124,14,14
912,127,128,-1,1
913,70,120,-50,50
914,107,119,-12,12
915,64,62,2,2
916,69,76,-7,7
917,196,189,7,7
918,136,136,0,0
919,52,69,-17,17
920,79,88,-9,9
921,109,110,-1,1
922,78,85,-7,7
923,115,115,0,0
924,77,87,-10,10
925,110,102,8,8
926,74,64,10,10
927,49,53,-4,4
928,55,63,-8,8
929,145,129,16,16
930,119,118,1,1
931,96,87,9,9
932,196,195,1,1
933,72,84,-12,12
934,90,107,-17,17
935,62,101,-39,39
936,118,116,2,2
937,137,141,-4,4
938,79,85,-6,6
939,152,135,17,17
940,87,95,-8,8
941,112,111,1,1
942,62,71,-9,9
943,72,78,-6,6
944,109,97,12,12
945,83,72,11,11
946,68,76,-8,8
947,97,99,-2,2
948,59,58,1,1
949,173,163,10,10
950,73,66,7,7
951,85,89,-4,4
952,62,62,0,0
953,75,75,0,0
954,90,96,-6,6
955,93,88,5,5
956,98,98,0,0
957,116,105,11,11
958,50,48,2,2
959,106,113,-7,7
960,114,114,0,0
961,98,96,2,2
962,184,178,6,6
963,69,73,-4,4
964,147,134,13,13
965,29,58,-29,29
966,108,108,0,0
967,65,67,-2,2
968,96,90,6,6
969,84,90,-6,6
970,70,65,5,5
971,162,147,15,15
972,112,119,-7,7
973,71,68,3,3
974,139,136,3,3
975,72,78,-6,6
976,68,72,-4,4
977,76,89,-13,13
978,87,105,-18,18
979,52,52,0,0
980,115,116,-1,1
981,161,149,12,12
982,88,79,9,9
983,107,109,-2,2
984,84,83,1,1
985,90,91,-1,1
986,55,53,2,2
987,138,123,15,15
988,90,87,3,3
989,114,116,-2,2
990,111,133,-22,22
991,44,51,-7,7
992,111,114,-3,3
993,128,109,19,19
994,98,100,-2,2
995,93,82,11,11
996,74,72,2,2
997,130,131,-1,1
998,82,96,-14,14
999,178,159,19,19
1000,42,64,-22,22
1001,96,92,4,4
1002,39,54,-15,15
1003,75,75,0,0
1004,147,140,7,7
1005,102,105,-3,3
1006,212,193,19,19
1007,64,63,1,1
1008,91,84,7,7
1009,39,43,-4,4
1010,92,104,-12,12
1011,159,147,12,12
1012,119,114,5,5
1013,128,128,0,0
1014,125,110,15,15
1015,63,79,-16,16
1016,117,106,11,11
1017,117,124,-7,7
1018,35,56,-21,21
1019,108,109,-1,1
1020,108,95,13,13
1021,77,76,1,1
1022,88,90,-2,2
1023,45,51,-6,6
1024,88,90,-2,2
1025,110,100,10,10
1026,93,80,13,13
1027,77,80,-3,3
1028,144,134,10,10
1029,63,68,-5,5
1030,56,52,4,4
1031,143,128,15,15
1032,119,128,-9,9
1033,85,79,6,6
1034,94,85,9,9
1035,115,128,-13,13
1036,117,118,-1,1
1037,71,74,-3,3
1038,79,83,-4,4
1039,119,90,29,29
1040,78,79,-1,1
1041,101,117,-16,16
1042,89,93,-4,4
1043,91,104,-13,13
1044,112,106,6,6
1045,131,128,3,3
1046,43,52,-9,9
1047,162,157,5,5
1048,55,59,-4,4
1049,116,114,2,2
1050,49,48,1,1
1051,88,79,9,9
1052,108,112,-4,4
1053,72,64,8,8
1054,115,108,7,7
1055,55,58,-3,3
1056,146,139,7,7
1057,97,68,29,29
1058,81,80,1,1
1059,146,137,9,9
1060,133,129,4,4
1061,62,68,-6,6
1062,148,143,5,5
1063,98,93,5,5
1064,81,74,7,7
1065,73,75,-2,2
1066,81,68,13,13
1067,148,139,9,9
1068,141,124,17,17
1069,56,50,6,6
1070,123,112,11,11
1071,83,79,4,4
1072,117,126,-9,9
1073,99,103,-4,4
1074,99,100,-1,1
1075,64,69,-5,5
1076,92,78,14,14
1077,40,48,-8,8
1078,183,194,-11,11
1079,44,55,-11,11
1080,115,113,2,2
1081,49,62,-13,13
1082,127,120,7,7
1083,155,162,-7,7
1084,81,93,-12,12
1085,92,64,28,28
1086,74,71,3,3
1087,108,111,-3,3
1088,57,60,-3,3
1089,61,70,-9,9
1090,125,115,10,10
1091,97,84,13,13
1092,60,100,-40,40
1093,78,72,6,6
1094,71,76,-5,5
1095,84,78,6,6
1096,177,149,28,28
1097,80,79,1,1
1098,130,129,1,1
1099,81,63,18,18
1100,88,103,-15,15
1101,56,62,-6,6
1102,149,142,7,7
1103,92,86,6,6
1104,90,95,-5,5
1105,45,48,-3,3
1106,63,68,-5,5
1107,92,98,-6,6
1108,124,128,-4,4
1109,140,138,2,2
1110,122,135,-13,13
1111,47,56,-9,9
1112,67,72,-5,5
1113,199,177,22,22
1114,110,150,-40,40
1115,78,79,-1,1
1116,42,45,-3,3
1117,51,54,-3,3
1118,183,184,-1,1
1119,160,160,0,0
1120,117,125,-8,8
1121,70,64,6,6
1122,90,90,0,0
1123,101,110,-9,9
1124,73,65,8,8
1125,64,65,-1,1
1126,69,69,0,0
1127,98,93,5,5
1128,121,119,2,2
1129,83,88,-5,5
1130,170,161,9,9
1131,80,67,13,13
1132,68,64,4,4
1133,130,144,-14,14
1134,66,74,-8,8
1135,65,66,-1,1
1136,95,89,6,6
1137,99,102,-3,3
1138,95,118,-23,23
1139,174,166,8,8
1140,154,138,16,16
1141,121,106,15,15
1142,109,98,11,11
1143,87,109,-22,22
1144,61,49,12,12
1145,96,99,-3,3
1146,96,99,-3,3
1147,118,107,11,11
1148,97,93,4,4
1149,105,98,7,7
1150,87,86,1,1
1151,104,96,8,8
1152,80,75,5,5
1153,54,73,-19,19
1154,92,94,-2,2
1155,48,60,-12,12
1156,78,87,-9,9
1157,136,121,15,15
1158,139,120,19,19
1159,61,117,-56,56
1160,83,75,8,8
1161,103,114,-11,11
1162,128,120,8,8
1163,131,122,9,9
1164,76,91,-15,15
1165,74,71,3,3
1166,135,127,8,8
1167,73,74,-1,1
1168,115,118,-3,3
1169,81,102,-21,21
1170,140,126,14,14
1171,69,71,-2,2
1172,46,52,-6,6
1173,109,108,1,1
1174,197,173,24,24
1175,111,120,-9,9
1176,100,97,3,3
1177,77,72,5,5
1178,66,68,-2,2
1179,67,67,0,0
1180,120,134,-14,14
1181,349,387,-38,38
1182,78,78,0,0
1183,118,123,-5,5
1184,51,69,-18,18
1185,82,83,-1,1
1186,49,44,5,5
1187,72,71,1,1
1188,112,312,-200,200
1189,140,117,23,23
1190,69,77,-8,8
1191,94,97,-3,3
1192,69,73,-4,4
1193,96,103,-7,7
1194,77,125,-48,48
1195,92,101,-9,9
1196,141,134,7,7
1197,94,109,-15,15
1198,92,73,19,19
1199,96,108,-12,12
1200,69,59,10,10
1201,35,54,-19,19
1202,78,75,3,3
1203,113,114,-1,1
1204,99,92,7,7
1205,108,112,-4,4
1206,118,112,6,6
1207,95,93,2,2
1208,106,118,-12,12
1209,101,82,19,19
1210,77,92,-15,15
1211,97,100,-3,3
1212,86,85,1,1
1213,60,61,-1,1
1214,101,110,-9,9
1215,105,93,12,12
1216,73,81,-8,8
1217,90,87,3,3
1218,121,110,11,11
1219,80,84,-4,4
1220,85,93,-8,8
1221,158,156,2,2
1222,75,77,-2,2
1223,70,75,-5,5
1224,66,73,-7,7
1225,107,110,-3,3
1226,182,176,6,6
1227,134,129,5,5
1228,103,101,2,2
1229,69,80,-11,11
1230,95,89,6,6
1231,33,49,-16,16
1232,58,58,0,0
1233,63,70,-7,7
1234,115,92,23,23
1235,111,94,17,17
1236,128,112,16,16
1237,141,130,11,11
1238,50,48,2,2
1239,129,112,17,17
1240,49,59,-10,10
1241,91,93,-2,2
1242,131,126,5,5
1243,120,94,26,26
1244,91,87,4,4
1245,108,114,-6,6
1246,70,75,-5,5
1247,51,55,-4,4
1248,92,93,-1,1
1249,77,72,5,5
1250,149,139,10,10
1251,117,110,7,7
1252,144,149,-5,5
1253,82,78,4,4
1254,107,108,-1,1
1255,51,54,-3,3
1256,55,66,-11,11
1257,101,106,-5,5
1258,99,100,-1,1
1259,114,107,7,7
1260,55,64,-9,9
1261,83,81,2,2
1262,174,171,3,3
1263,136,127,9,9
1264,89,91,-2,2
1265,67,82,-15,15
1266,81,77,4,4
1267,122,120,2,2
1268,74,80,-6,6
1269,149,161,-12,12
1270,62,60,2,2
1271,64,68,-4,4
1272,85,88,-3,3
1273,163,142,21,21
1274,72,124,-52,52
1275,62,60,2,2
1276,50,54,-4,4
1277,57,67,-10,10
1278,82,91,-9,9
1279,58,52,6,6
1280,51,54,-3,3
1281,63,63,0,0
1282,125,114,11,11
1283,78,88,-10,10
1284,57,54,3,3
1285,65,74,-9,9
1286,111,113,-2,2
1287,90,88,2,2
1288,107,102,5,5
1289,81,73,8,8
1290,133,117,16,16
1291,111,123,-12,12
1292,64,74,-10,10
1293,56,73,-17,17
1294,51,54,-3,3
1295,64,56,8,8
1296,156,146,10,10
1297,96,102,-6,6
1298,94,75,19,19
1299,65,98,-33,33
1300,167,153,14,14
1301,44,38,6,6
1302,255,221,34,34
1303,80,79,1,1
1304,142,132,10,10
1305,73,67,6,6
1306,114,109,5,5
1307,81,78,3,3
1308,66,75,-9,9
1309,91,82,9,9
1310,106,98,8,8
1311,84,90,-6,6
1312,120,130,-10,10
1313,115,108,7,7
1314,130,122,8,8
1315,192,193,-1,1
1316,150,139,11,11
1317,87,87,0,0
1318,69,71,-2,2
1319,170,168,2,2
1320,99,88,11,11
1321,72,84,-12,12
1322,106,105,1,1
1323,142,117,25,25
1324,44,47,-3,3
1325,87,96,-9,9
1326,72,92,-20,20
1327,116,105,11,11
1328,66,68,-2,2
1329,43,51,-8,8
1330,145,139,6,6
1331,92,90,2,2
1332,86,90,-4,4
1333,87,101,-14,14
1334,71,70,1,1
1335,136,114,22,22
1336,73,70,3,3
1337,81,80,1,1
1338,65,53,12,12
1339,97,83,14,14
1340,61,63,-2,2
1341,76,68,8,8
1342,55,58,-3,3
1343,100,94,6,6
1344,120,123,-3,3
1345,110,112,-2,2
1346,103,97,6,6
1347,57,57,0,0
1348,95,83,12,12
1349,82,86,-4,4
1350,105,120,-15,15
1351,68,69,-1,1
1352,177,156,21,21
1353,97,101,-4,4
1354,150,129,21,21
1355,38,48,-10,10
1356,85,86,-1,1
1357,79,79,0,0
1358,78,82,-4,4
1359,98,97,1,1
1360,138,119,19,19
1361,92,84,8,8
1362,110,102,8,8
1363,135,141,-6,6
1364,96,101,-5,5
1365,107,98,9,9
1366,84,93,-9,9
1367,82,79,3,3
1368,87,102,-15,15
1369,58,61,-3,3
1370,55,55,0,0
1371,69,75,-6,6
1372,193,174,19,19
1373,102,106,-4,4
1374,105,102,3,3
1375,74,92,-18,18
1376,122,135,-13,13
1377,85,86,-1,1
1378,103,92,11,11
1379,139,122,17,17
1380,91,86,5,5
1381,84,97,-13,13
1382,155,139,16,16
1383,73,70,3,3
1384,141,129,12,12
1385,70,70,0,0
1386,93,88,5,5
1387,100,92,8,8
1388,96,96,0,0
1389,56,60,-4,4
1390,93,123,-30,30
1391,97,131,-34,34
1392,43,48,-5,5
1393,58,53,5,5
1394,107,105,2,2
1395,118,114,4,4
1396,64,65,-1,1
1397,114,89,25,25
1398,84,83,1,1
1399,68,77,-9,9
1400,170,152,18,18
1401,121,115,6,6
1402,180,168,12,12
1403,81,75,6,6
1404,131,121,10,10
1405,166,158,8,8
1406,83,82,1,1
1407,107,96,11,11
1408,95,89,6,6
1409,88,74,14,14
1410,149,133,16,16
1411,160,146,14,14
1412,112,115,-3,3
1413,145,137,8,8
1414,38,47,-9,9
1415,104,101,3,3
1416,125,130,-5,5
1417,86,86,0,0
1418,105,101,4,4
1419,44,56,-12,12
1420,116,111,5,5
1421,136,134,2,2
1422,149,137,12,12
1423,135,111,24,24
1424,51,56,-5,5
1425,94,105,-11,11
1426,88,94,-6,6
1427,128,127,1,1
1428,148,137,11,11
1429,103,98,5,5
1430,59,65,-6,6
1431,75,78,-3,3
1432,83,87,-4,4
1433,73,73,0,0
1434,75,100,-25,25
1435,74,80,-6,6
1436,85,82,3,3
1437,74,52,22,22
1438,99,99,0,0
1439,122,134,-12,12
1440,130,138,-8,8
1441,61,70,-9,9
1442,48,53,-5,5
1443,111,112,-1,1
1444,58,53,5,5
1445,61,76,-15,15
1446,129,130,-1,1
1447,55,54,1,1
1448,159,156,3,3
1449,81,81,0,0
1450,44,55,-11,11
1451,64,64,0,0
1452,105,99,6,6
1453,131,131,0,0
1454,188,176,12,12
1455,107,101,6,6
1456,74,72,2,2
1457,155,176,-21,21
1458,93,83,10,10
1459,125,118,7,7
1460,113,112,1,1
1461,81,82,-1,1
1462,73,67,6,6
1463,78,80,-2,2
1464,124,112,12,12
1465,68,74,-6,6
1466,90,98,-8,8
1467,108,98,10,10
1468,73,73,0,0
1469,92,91,1,1
1470,118,111,7,7
1471,70,67,3,3
1472,98,100,-2,2
1473,70,61,9,9
1474,72,72,0,0
1475,107,97,10,10
1476,112,114,-2,2
1477,118,114,4,4
1478,86,84,2,2
1479,114,95,19,19
1480,121,107,14,14
1481,120,113,7,7
1482,275,251,24,24
1483,98,90,8,8
1484,95,113,-18,18
1485,80,68,12,12
1486,126,130,-4,4
1487,98,102,-4,4
1488,133,136,-3,3
1489,61,60,1,1
1490,129,123,6,6
1491,117,113,4,4
1492,54,73,-19,19
1493,54,61,-7,7
1494,48,59,-11,11
1495,85,85,0,0
1496,56,71,-15,15
1497,77,85,-8,8
1498,140,134,6,6
1499,69,71,-2,2
1500,88,85,3,3
1501,107,108,-1,1
1502,81,91,-10,10
1503,134,122,12,12
1504,80,86,-6,6
1505,121,117,4,4
1506,111,98,13,13
1507,72,73,-1,1
1508,155,153,2,2
1509,61,67,-6,6
1510,70,80,-10,10
1511,55,53,2,2
1512,74,73,1,1
1513,151,143,8,8
1514,38,45,-7,7
1515,164,192,-28,28
1516,66,76,-10,10
1517,58,61,-3,3
1518,66,67,-1,1
1519,116,98,18,18
1520,71,91,-20,20
1521,99,96,3,3
1522,108,113,-5,5
1523,77,82,-5,5
1524,56,59,-3,3
1525,126,116,10,10
1526,117,110,7,7
1527,71,63,8,8
1528,80,76,4,4
1529,69,77,-8,8
1530,76,74,2,2
1531,137,134,3,3
1532,184,166,18,18
1533,131,126,5,5
1534,149,137,12,12
1535,95,92,3,3
1536,122,119,3,3
1537,54,63,-9,9
1538,88,88,0,0
1539,83,84,-1,1
1540,69,69,0,0
1541,87,100,-13,13
1542,156,149,7,7
1543,118,110,8,8
1544,55,63,-8,8
1545,83,87,-4,4
1546,81,101,-20,20
1547,101,112,-11,11
1548,73,70,3,3
1549,105,104,1,1
1550,82,85,-3,3
1551,65,63,2,2
1552,78,81,-3,3
1553,115,114,1,1
1554,133,123,10,10
1555,58,67,-9,9
1556,108,115,-7,7
1557,128,135,-7,7
1558,136,125,11,11
1559,37,49,-12,12
1560,95,112,-17,17
1561,121,115,6,6
1562,87,84,3,3
1563,100,128,-28,28
1564,89,78,11,11
1565,126,131,-5,5
1566,109,118,-9,9
1567,103,99,4,4
1568,150,129,21,21
1569,94,128,-34,34
1570,148,151,-3,3
1571,60,78,-18,18
1572,70,76,-6,6
1573,131,133,-2,2
1574,70,81,-11,11
1575,95,102,-7,7
1576,66,67,-1,1
1577,86,80,6,6
1578,91,87,4,4
1579,75,74,1,1
1580,46,51,-5,5
1581,100,100,0,0
1582,98,91,7,7
1583,92,81,11,11
1584,112,100,12,12
1585,167,147,20,20
1586,90,99,-9,9
1587,109,106,3,3
1588,93,119,-26,26
1589,61,62,-1,1
1590,123,117,6,6
1591,93,93,0,0
1592,74,70,4,4
1593,36,42,-6,6
1594,89,87,2,2
1595,144,150,-6,6
1596,80,78,2,2
1597,114,115,-1,1
1598,106,99,7,7
1599,57,53,4,4
1600,70,84,-14,14
1601,112,109,3,3
1602,92,92,0,0
1603,106,97,9,9
1604,122,127,-5,5
1605,128,131,-3,3
1606,109,111,-2,2
1607,75,70,5,5
1608,120,110,10,10
1609,60,58,2,2
1610,137,122,15,15
1611,78,81,-3,3
1612,93,99,-6,6
1613,91,85,6,6
1614,84,84,0,0
1615,137,143,-6,6
1616,43,63,-20,20
1617,74,60,14,14
1618,77,75,2,2
1619,114,121,-7,7
1620,104,92,12,12
1621,101,111,-10,10
1622,43,51,-8,8
1623,106,106,0,0
1624,90,84,6,6
1625,114,124,-10,10
1626,82,75,7,7
1627,62,74,-12,12
1628,112,106,6,6
1629,46,57,-11,11
1630,104,90,14,14
1631,106,97,9,9
1632,62,61,1,1
1633,123,119,4,4
1634,95,85,10,10
1635,64,62,2,2
1636,76,87,-11,11
1637,104,110,-6,6
1638,126,122,4,4
1639,144,143,1,1
1640,119,119,0,0
1641,74,69,5,5
1642,51,57,-6,6
1643,91,91,0,0
1644,86,96,-10,10
1645,95,89,6,6
1646,72,74,-2,2
1647,162,168,-6,6
1648,87,79,8,8
1649,91,96,-5,5
1650,122,150,-28,28
1651,70,73,-3,3
1652,106,119,-13,13
1653,89,103,-14,14
1654,59,54,5,5
1655,44,49,-5,5
1656,74,60,14,14
1657,77,83,-6,6
1658,135,120,15,15
1659,107,104,3,3
1660,64,66,-2,2
1661,52,67,-15,15
1662,61,64,-3,3
1663,74,81,-7,7
1664,87,92,-5,5
1665,106,98,8,8
1666,64,65,-1,1
1667,70,91,-21,21
1668,77,65,12,12
1669,62,66,-4,4
1670,67,72,-5,5
1671,109,113,-4,4
1672,118,112,6,6
1673,74,87,-13,13
1674,100,100,0,0
1675,83,101,-18,18
1676,83,75,8,8
1677,121,114,7,7
1678,79,93,-14,14
1679,46,56,-10,10
1680,92,88,4,4
1681,102,99,3,3
1682,103,99,4,4
1683,64,56,8,8
1684,101,95,6,6
1685,105,106,-1,1
1686,55,66,-11,11
1687,66,66,0,0
1688,60,56,4,4
1689,62,70,-8,8
1690,150,146,4,4
1691,84,96,-12,12
1692,98,111,-13,13
1693,59,66,-7,7
1694,57,61,-4,4
1695,88,129,-41,41
1696,146,142,4,4
1697,58,63,-5,5
1698,73,61,12,12
1699,192,167,25,25
1700,58,64,-6,6
1701,97,84,13,13
1702,84,84,0,0
1703,149,135,14,14
1704,162,131,31,31
1705,53,62,-9,9
1706,48,60,-12,12
1707,103,118,-15,15
1708,64,55,9,9
1709,85,86,-1,1
1710,64,68,-4,4
1711,73,85,-12,12
1712,72,69,3,3
1713,136,150,-14,14
1714,103,96,7,7
1715,161,142,19,19
1716,89,85,4,4
1717,102,95,7,7
1718,66,130,-64,64
1719,87,80,7,7
1720,101,105,-4,4
1721,90,93,-3,3
1722,108,104,4,4
1723,59,56,3,3
1724,118,106,12,12
1725,56,56,0,0
1726,195,179,16,16
1727,70,61,9,9
1728,90,86,4,4
1729,108,115,-7,7
1730,118,129,-11,11
1731,74,76,-2,2
1732,115,108,7,7
1733,31,39,-8,8
1734,121,116,5,5
1735,43,45,-2,2
1736,78,69,9,9
1737,63,71,-8,8
1738,57,52,5,5
1739,53,60,-7,7
1740,63,73,-10,10
1741,88,88,0,0
1742,80,93,-13,13
1743,133,140,-7,7
1744,90,82,8,8
1745,130,128,2,2
1746,70,78,-8,8
1747,169,131,38,38
1748,45,53,-8,8
1749,171,157,14,14
1750,84,86,-2,2
1751,95,96,-1,1
1752,73,81,-8,8
1753,59,60,-1,1
1754,82,93,-11,11
1755,101,95,6,6
1756,77,91,-14,14
1757,57,60,-3,3
1758,97,92,5,5
1759,69,68,1,1
1760,82,57,25,25
1761,60,82,-22,22
1762,70,72,-2,2
1763,79,80,-1,1
1764,127,129,-2,2
1765,92,118,-26,26
1766,119,124,-5,5
1767,59,64,-5,5
1768,66,81,-15,15
1769,44,56,-12,12
1770,46,50,-4,4
1771,129,107,22,22
1772,93,83,10,10
1773,98,131,-33,33
1774,89,98,-9,9
1775,74,76,-2,2
1776,96,98,-2,2
1777,103,86,17,17
1778,84,85,-1,1
1779,75,66,9,9
1780,167,145,22,22
1781,85,87,-2,2
1782,108,124,-16,16
1783,59,62,-3,3
1784,101,96,5,5
1785,76,79,-3,3
1786,118,110,8,8
1787,67,69,-2,2
1788,53,61,-8,8
1789,108,104,4,4
1790,103,105,-2,2
1791,130,132,-2,2
1792,83,77,6,6
1793,52,68,-16,16
1794,79,94,-15,15
1795,80,89,-9,9
1796,88,74,14,14
1797,55,62,-7,7
1798,53,51,2,2
1799,116,111,5,5
1800,103,98,5,5
1801,73,77,-4,4
1802,72,67,5,5
1803,155,148,7,7
1804,205,205,0,0
1805,55,51,4,4
1806,119,117,2,2
1807,93,83,10,10
1808,81,75,6,6
1809,93,89,4,4
1810,121,128,-7,7
1811,62,66,-4,4
1812,61,67,-6,6
1813,113,112,1,1
1814,79,75,4,4
1815,130,133,-3,3
1816,68,78,-10,10
1817,81,82,-1,1
1818,114,95,19,19
1819,101,90,11,11
1820,63,62,1,1
1821,87,107,-20,20
1822,117,112,5,5
1823,114,119,-5,5
1824,109,106,3,3
1825,96,89,7,7
1826,54,59,-5,5
1827,132,136,-4,4
1828,85,105,-20,20
1829,70,66,4,4
1830,60,53,7,7
1831,68,68,0,0
1832,48,44,4,4
1833,75,83,-8,8
1834,126,110,16,16
1835,106,98,8,8
1836,60,57,3,3
1837,70,70,0,0
1838,52,53,-1,1
1839,86,78,8,8
1840,74,70,4,4
1841,118,112,6,6
1842,43,49,-6,6
1843,207,223,-16,16
1844,97,94,3,3
1845,78,81,-3,3
1846,100,103,-3,3
1847,108,91,17,17
1848,73,73,0,0
1849,151,136,15,15
1850,45,52,-7,7
1851,81,71,10,10
1852,68,70,-2,2
1853,140,150,-10,10
1854,121,110,11,11
1855,88,101,-13,13
1856,42,60,-18,18
1857,76,78,-2,2
1858,89,87,2,2
1859,61,60,1,1
1860,98,95,3,3
1861,78,85,-7,7
1862,54,61,-7,7
1863,128,141,-13,13
1864,160,152,8,8
1865,65,68,-3,3
1866,109,107,2,2
1867,149,153,-4,4
1868,112,98,14,14
1869,78,68,10,10
1870,61,53,8,8
1871,82,82,0,0
1872,54,58,-4,4
1873,45,55,-10,10
1874,102,88,14,14
1875,92,88,4,4
1876,121,120,1,1
1877,119,117,2,2
1878,84,81,3,3
1879,99,97,2,2
1880,116,115,1,1
1881,119,116,3,3
1882,157,154,3,3
1883,119,106,13,13
1884,92,94,-2,2
1885,60,70,-10,10
1886,101,105,-4,4
1887,90,91,-1,1
1888,132,142,-10,10
1889,156,161,-5,5
1890,101,99,2,2
1891,88,90,-2,2
1892,141,117,24,24
1893,56,59,-3,3
1894,85,79,6,6
1895,182,168,14,14
1896,127,122,5,5
1897,76,77,-1,1
1898,83,74,9,9
1899,59,62,-3,3
1900,33,44,-11,11
1901,38,43,-5,5
1902,90,86,4,4
1903,87,96,-9,9
1904,81,85,-4,4
1905,123,122,1,1
1906,111,109,2,2
1907,207,217,-10,10
1908,140,133,7,7
1909,90,84,6,6
1910,67,75,-8,8
1911,102,139,-37,37
1912,65,66,-1,1
1913,81,86,-5,5
1914,75,73,2,2
1915,93,94,-1,1
1916,87,111,-24,24
1917,183,162,21,21
1918,95,89,6,6
1919,200,188,12,12
1920,95,91,4,4
1921,199,182,17,17
1922,87,385,-298,298
1923,56,58,-2,2
1924,55,60,-5,5
1925,90,96,-6,6
1926,64,70,-6,6
1927,57,61,-4,4
1928,179,184,-5,5
1929,78,73,5,5
1930,54,72,-18,18
1931,112,109,3,3
1932,69,88,-19,19
1933,73,82,-9,9
1934,64,74,-10,10
1935,65,71,-6,6
1936,63,70,-7,7
1937,159,144,15,15
1938,71,83,-12,12
1939,90,86,4,4
1940,116,104,12,12
1941,110,110,0,0
1942,80,95,-15,15
1943,116,131,-15,15
1944,101,111,-10,10
1945,145,127,18,18
1946,144,149,-5,5
1947,163,150,13,13
1948,115,117,-2,2
1949,115,119,-4,4
1950,102,111,-9,9
1951,105,92,13,13
1952,61,61,0,0
1953,74,62,12,12
1954,88,88,0,0
1955,86,75,11,11
1956,98,101,-3,3
1957,113,107,6,6
1958,82,81,1,1
1959,124,112,12,12
1960,76,71,5,5
1961,137,126,11,11
1962,88,86,2,2
1963,130,122,8,8
1964,75,71,4,4
1965,97,80,17,17
1966,114,113,1,1
1967,92,95,-3,3
1968,106,107,-1,1
1969,89,98,-9,9
1970,72,83,-11,11
1971,92,94,-2,2
1972,66,62,4,4
1973,26,37,-11,11
1974,106,102,4,4
1975,82,85,-3,3
1976,112,108,4,4
1977,94,87,7,7
1978,106,103,3,3
1979,114,113,1,1
1980,85,110,-25,25
1981,144,141,3,3
1982,137,122,15,15
1983,56,66,-10,10
1984,62,63,-1,1
1985,65,75,-10,10
1986,71,71,0,0
1987,78,91,-13,13
1988,66,64,2,2
1989,106,104,2,2
1990,74,100,-26,26
1991,46,127,-81,81
1992,140,130,10,10
1993,129,123,6,6
1994,83,86,-3,3
1995,81,81,0,0
1996,49,53,-4,4
1997,124,120,4,4
1998,42,43,-1,1
1999,89,87,2,2
2000,101,91,10,10
2001,184,201,-17,17
2002,113,124,-11,11
2003,212,208,4,4
2004,120,115,5,5
2005,95,100,-5,5
2006,120,122,-2,2
2007,97,92,5,5
2008,72,76,-4,4
2009,80,69,11,11
2010,87,91,-4,4
2011,100,107,-7,7
2012,185,173,12,12
2013,90,91,-1,1
2014,77,90,-13,13
2015,67,72,-5,5
2016,63,63,0,0
2017,74,77,-3,3
2018,104,99,5,5
2019,129,121,8,8
2020,73,74,-1,1
2021,128,123,5,5
2022,64,71,-7,7
2023,88,85,3,3
2024,47,57,-10,10
2025,68,65,3,3
2026,75,62,13,13
2027,75,77,-2,2
2028,80,84,-4,4
2029,61,66,-5,5
2030,74,75,-1,1
2031,79,82,-3,3
2032,62,69,-7,7
2033,121,123,-2,2
2034,77,81,-4,4
2035,104,108,-4,4
2036,116,115,1,1
2037,61,78,-17,17
2038,86,82,4,4
2039,83,90,-7,7
2040,119,118,1,1
2041,109,111,-2,2
2042,83,90,-7,7
2043,66,76,-10,10
2044,112,117,-5,5
2045,110,109,1,1
2046,115,128,-13,13
2047,97,106,-9,9
2048,115,118,-3,3
2049,78,68,10,10
2050,58,60,-2,2
2051,98,106,-8,8
2052,104,103,1,1
2053,109,97,12,12
2054,143,134,9,9
2055,98,89,9,9
2056,56,84,-28,28
2057,61,68,-7,7
2058,86,71,15,15
2059,73,81,-8,8
2060,101,104,-3,3
2061,165,143,22,22
2062,64,65,-1,1
2063,62,65,-3,3
2064,68,63,5,5
2065,101,105,-4,4
2066,72,78,-6,6
2067,56,54,2,2
2068,109,94,15,15
2069,63,60,3,3
2070,48,54,-6,6
2071,134,128,6,6
2072,91,99,-8,8
2073,80,87,-7,7
2074,112,112,0,0
2075,49,59,-10,10
2076,91,82,9,9
2077,75,79,-4,4
2078,86,77,9,9
2079,142,124,18,18
2080,79,77,2,2
2081,122,128,-6,6
2082,139,137,2,2
2083,79,53,26,26
2084,184,166,18,18
2085,134,162,-28,28
2086,99,96,3,3
2087,59,66,-7,7
2088,77,78,-1,1
2089,84,77,7,7
2090,116,113,3,3
2091,41,35,6,6
2092,70,109,-39,39
2093,39,47,-8,8
2094,82,86,-4,4
2095,58,56,2,2
2096,166,172,-6,6
2097,71,79,-8,8
2098,119,121,-2,2
2099,92,103,-11,11
2100,116,109,7,7
2101,121,114,7,7
2102,106,99,7,7
2103,82,81,1,1
2104,137,132,5,5
2105,113,122,-9,9
2106,84,83,1,1
2107,136,120,16,16
2108,57,65,-8,8
2109,142,121,21,21
2110,55,61,-6,6
2111,82,83,-1,1
2112,208,189,19,19
2113,101,87,14,14
2114,156,160,-4,4
2115,175,155,20,20
2116,137,117,20,20
2117,105,125,-20,20
2118,84,88,-4,4
2119,78,82,-4,4
2120,115,108,7,7
2121,74,76,-2,2
2122,67,70,-3,3
2123,46,54,-8,8
2124,123,116,7,7
2125,68,68,0,0
2126,110,120,-10,10
2127,95,88,7,7
2128,77,89,-12,12
2129,86,97,-11,11
2130,62,64,-2,2
2131,91,98,-7,7
2132,76,94,-18,18
2133,92,75,17,17
2134,98,93,5,5
2135,108,108,0,0
2136,142,140,2,2
2137,111,86,25,25
2138,96,100,-4,4
2139,86,84,2,2
2140,138,132,6,6
2141,89,93,-4,4
2142,149,139,10,10
2143,82,89,-7,7
2144,135,144,-9,9
2145,94,97,-3,3
2146,79,83,-4,4
2147,84,83,1,1
2148,44,70,-26,26
2149,46,66,-20,20
2150,96,91,5,5
2151,114,104,10,10
2152,57,77,-20,20
2153,79,87,-8,8
2154,78,91,-13,13
2155,117,150,-33,33
2156,98,89,9,9
2157,57,57,0,0
2158,99,86,13,13
2159,97,93,4,4
2160,98,90,8,8
2161,70,68,2,2
2162,102,117,-15,15
2163,82,95,-13,13
2164,81,83,-2,2
2165,69,76,-7,7
2166,66,62,4,4
2167,97,87,10,10
2168,86,91,-5,5
2169,58,62,-4,4
2170,83,93,-10,10
2171,78,60,18,18
2172,64,67,-3,3
2173,127,102,25,25
2174,73,68,5,5
2175,70,78,-8,8
2176,93,129,-36,36
2177,116,122,-6,6
2178,103,85,18,18
2179,44,45,-1,1
2180,84,90,-6,6
2181,116,103,13,13
2182,102,114,-12,12
2183,56,56,0,0
2184,117,114,3,3
2185,111,111,0,0
2186,82,86,-4,4
2187,115,112,3,3
2188,96,112,-16,16
2189,137,105,32,32
2190,111,126,-15,15
2191,63,78,-15,15
2192,65,70,-5,5
2193,57,52,5,5
2194,82,69,13,13
2195,64,89,-25,25
2196,100,100,0,0
2197,68,65,3,3
2198,57,53,4,4
2199,76,68,8,8
2200,138,136,2,2
2201,61,73,-12,12
2202,80,92,-12,12
2203,98,101,-3,3
2204,137,138,-1,1
2205,101,97,4,4
2206,122,130,-8,8
2207,75,83,-8,8
2208,118,112,6,6
2209,87,80,7,7
2210,116,129,-13,13
2211,97,98,-1,1
2212,147,158,-11,11
2213,74,73,1,1
2214,55,58,-3,3
2215,110,101,9,9
2216,93,90,3,3
2217,64,71,-7,7
2218,105,112,-7,7
2219,70,102,-32,32
2220,92,83,9,9
2221,63,65,-2,2
2222,93,88,5,5
2223,60,69,-9,9
2224,82,86,-4,4
2225,108,106,2,2
2226,118,121,-3,3
2227,167,154,13,13
2228,112,110,2,2
2229,85,93,-8,8
2230,77,77,0,0
2231,105,100,5,5
2232,144,141,3,3
2233,159,204,-45,45
2234,68,68,0,0
2235,42,51,-9,9
2236,111,120,-9,9
2237,67,83,-16,16
2238,135,126,9,9
2239,45,55,-10,10
2240,79,80,-1,1
2241,117,134,-17,17
2242,94,92,2,2
2243,44,95,-51,51
2244,94,97,-3,3
2245,140,136,4,4
2246,98,95,3,3
2247,66,83,-17,17
2248,63,75,-12,12
2249,65,68,-3,3
2250,104,111,-7,7
2251,92,98,-6,6
2252,86,87,-1,1
2253,81,84,-3,3
2254,77,85,-8,8
2255,78,76,2,2
2256,48,65,-17,17
2257,39,56,-17,17
2258,47,59,-12,12
2259,94,103,-9,9
2260,161,151,10,10
2261,72,56,16,16
2262,35,41,-6,6
2263,89,99,-10,10
2264,69,95,-26,26
2265,102,107,-5,5
2266,79,96,-17,17
2267,107,100,7,7
2268,111,134,-23,23
2269,95,101,-6,6
2270,102,105,-3,3
2271,89,92,-3,3
2272,65,72,-7,7
2273,108,105,3,3
2274,57,81,-24,24
2275,103,96,7,7
2276,151,128,23,23
2277,184,169,15,15
2278,78,77,1,1
2279,185,170,15,15
2280,63,71,-8,8
2281,131,136,-5,5
2282,155,143,12,12
2283,87,70,17,17
2284,136,130,6,6
2285,104,105,-1,1
2286,54,59,-5,5
2287,107,112,-5,5
2288,64,70,-6,6
2289,68,69,-1,1
2290,90,84,6,6
2291,65,72,-7,7
2292,86,97,-11,11
2293,78,78,0,0
2294,72,67,5,5
2295,50,63,-13,13
2296,107,99,8,8
2297,101,280,-179,179
2298,104,96,8,8
2299,47,46,1,1
2300,87,81,6,6
2301,102,98,4,4
2302,103,106,-3,3
2303,62,61,1,1
2304,57,60,-3,3
2305,68,71,-3,3
2306,109,108,1,1
2307,80,90,-10,10
2308,76,78,-2,2
2309,97,102,-5,5
2310,83,78,5,5
2311,116,107,9,9
2312,72,79,-7,7
2313,49,62,-13,13
2314,108,112,-4,4
2315,106,91,15,15
2316,135,116,19,19
2317,115,125,-10,10
2318,111,99,12,12
2319,95,87,8,8
2320,56,60,-4,4
2321,154,134,20,20
2322,106,96,10,10
2323,71,82,-11,11
2324,92,82,10,10
2325,96,76,20,20
2326,75,76,-1,1
2327,127,116,11,11
2328,66,64,2,2
2329,78,81,-3,3
2330,148,134,14,14
2331,95,94,1,1
2332,145,114,31,31
2333,80,84,-4,4
2334,48,59,-11,11
2335,73,73,0,0
2336,128,145,-17,17
2337,38,57,-19,19
2338,180,173,7,7
2339,63,72,-9,9
2340,60,57,3,3
2341,149,148,1,1
2342,97,97,0,0
2343,57,67,-10,10
2344,158,140,18,18
2345,85,94,-9,9
2346,83,66,17,17
2347,145,130,15,15
2348,76,72,4,4
2349,107,101,6,6
2350,177,173,4,4
2351,106,100,6,6
2352,73,73,0,0
2353,43,54,-11,11
2354,141,118,23,23
2355,100,103,-3,3
2356,81,112,-31,31
2357,267,270,-3,3
2358,69,67,2,2
2359,114,118,-4,4
2360,110,109,1,1
2361,107,116,-9,9
2362,95,83,12,12
2363,92,72,20,20
2364,166,155,11,11
2365,83,88,-5,5
2366,140,133,7,7
2367,102,96,6,6
2368,82,84,-2,2
2369,88,85,3,3
2370,129,109,20,20
2371,171,202,-31,31
2372,53,48,5,5
2373,139,123,16,16
2374,131,118,13,13
2375,137,121,16,16
2376,65,67,-2,2
2377,83,90,-7,7
2378,191,199,-8,8
2379,65,68,-3,3
2380,197,186,11,11
2381,101,101,0,0
2382,147,146,1,1
2383,159,151,8,8
2384,46,49,-3,3
2385,151,152,-1,1
2386,104,110,-6,6
2387,132,143,-11,11
2388,67,62,5,5
2389,80,77,3,3
2390,198,179,19,19
2391,116,132,-16,16
2392,72,100,-28,28
2393,152,139,13,13
2394,63,77,-14,14
2395,61,66,-5,5
2396,112,107,5,5
2397,96,91,5,5
2398,90,92,-2,2
2399,118,123,-5,5
2400,102,104,-2,2
2401,65,68,-3,3
2402,93,97,-4,4
2403,64,70,-6,6
2404,88,131,-43,43
2405,116,113,3,3
2406,94,107,-13,13
2407,96,100,-4,4
2408,83,93,-10,10
2409,125,119,6,6
2410,71,68,3,3
2411,147,153,-6,6
2412,117,119,-2,2
2413,125,117,8,8
2414,65,67,-2,2
2415,69,81,-12,12
2416,72,76,-4,4
2417,80,78,2,2
2418,73,69,4,4
2419,62,65,-3,3
2420,126,115,11,11
2421,56,56,0,0
2422,90,96,-6,6
2423,95,108,-13,13
2424,67,87,-20,20
2425,37,61,-24,24
2426,128,118,10,10
2427,63,60,3,3
2428,32,39,-7,7
2429,63,59,4,4
2430,42,56,-14,14
2431,90,92,-2,2
2432,58,68,-10,10
2433,159,135,24,24
2434,114,133,-19,19
2435,76,88,-12,12
2436,71,67,4,4
2437,91,91,0,0
2438,144,118,26,26
2439,71,62,9,9
2440,70,74,-4,4
2441,109,108,1,1
2442,86,86,0,0
2443,114,117,-3,3
2444,66,60,6,6
2445,92,77,15,15
2446,71,64,7,7
2447,92,76,16,16
2448,137,164,-27,27
2449,73,90,-17,17
2450,73,75,-2,2
2451,101,93,8,8
2452,119,111,8,8
2453,97,103,-6,6
2454,110,103,7,7
2455,69,69,0,0
2456,81,77,4,4
2457,67,76,-9,9
2458,139,128,11,11
2459,88,94,-6,6
2460,114,111,3,3
2461,64,65,-1,1
2462,86,90,-4,4
2463,122,123,-1,1
2464,122,116,6,6
2465,94,87,7,7
2466,128,122,6,6
2467,83,74,9,9
2468,92,92,0,0
2469,175,173,2,2
2470,141,137,4,4
2471,72,81,-9,9
2472,135,140,-5,5
2473,84,94,-10,10
2474,123,114,9,9
2475,113,114,-1,1
2476,135,128,7,7
2477,83,84,-1,1
2478,58,68,-10,10
2479,146,139,7,7
2480,123,128,-5,5
2481,50,69,-19,19
2482,67,82,-15,15
2483,80,83,-3,3
2484,136,130,6,6
2485,165,158,7,7
2486,84,80,4,4
2487,107,99,8,8
2488,151,154,-3,3
2489,111,107,4,4
2490,51,50,1,1
2491,78,81,-3,3
2492,145,124,21,21
2493,54,58,-4,4
2494,86,84,2,2
2495,93,93,0,0
2496,117,98,19,19
2497,52,64,-12,12
2498,84,82,2,2
2499,196,195,1,1
2500,70,56,14,14
2501,166,163,3,3
2502,103,97,6,6
2503,67,83,-16,16
2504,54,66,-12,12
2505,91,88,3,3
2506,124,116,8,8
2507,80,75,5,5
2508,111,117,-6,6
2509,108,98,10,10
2510,134,146,-12,12
2511,98,98,0,0
2512,64,90,-26,26
2513,73,74,-1,1
2514,94,96,-2,2
2515,61,72,-11,11
2516,90,94,-4,4
2517,102,93,9,9
2518,150,135,15,15
2519,97,103,-6,6
2520,76,74,2,2
2521,58,64,-6,6
2522,90,78,12,12
2523,70,81,-11,11
2524,65,64,1,1
2525,78,77,1,1
2526,53,63,-10,10
2527,83,73,10,10
2528,103,88,15,15
2529,74,64,10,10
2530,173,161,12,12
2531,63,69,-6,6
2532,104,98,6,6
2533,96,101,-5,5
2534,110,123,-13,13
2535,83,80,3,3
2536,89,105,-16,16
2537,95,102,-7,7
2538,74,77,-3,3
2539,55,64,-9,9
2540,117,125,-8,8
2541,32,45,-13,13
2542,64,70,-6,6
2543,103,87,16,16
2544,121,117,4,4
2545,129,125,4,4
2546,90,93,-3,3
2547,119,144,-25,25
2548,105,93,12,12
2549,78,73,5,5
2550,159,143,16,16
2551,73,75,-2,2
2552,128,118,10,10
2553,149,143,6,6
2554,129,112,17,17
2555,87,80,7,7
2556,69,82,-13,13
2557,120,115,5,5
2558,57,55,2,2
2559,107,113,-6,6
2560,56,61,-5,5
2561,128,90,38,38
2562,153,133,20,20
2563,114,120,-6,6
2564,96,100,-4,4
2565,111,104,7,7
2566,130,143,-13,13
2567,88,90,-2,2
2568,75,77,-2,2
2569,85,93,-8,8
2570,105,105,0,0
2571,48,61,-13,13
2572,98,92,6,6
2573,62,69,-7,7
2574,142,143,-1,1
2575,91,73,18,18
2576,85,88,-3,3
2577,67,69,-2,2
2578,116,110,6,6
2579,82,92,-10,10
2580,136,138,-2,2
2581,145,130,15,15
2582,76,82,-6,6
2583,46,54,-8,8
2584,112,121,-9,9
2585,119,114,5,5
2586,75,96,-21,21
2587,58,71,-13,13
2588,90,97,-7,7
2589,106,116,-10,10
2590,117,111,6,6
2591,97,89,8,8
2592,142,158,-16,16
2593,156,146,10,10
2594,136,94,42,42
2595,73,80,-7,7
2596,98,102,-4,4
2597,79,81,-2,2
2598,130,138,-8,8
2599,114,127,-13,13
2600,122,123,-1,1
2601,87,76,11,11
2602,136,131,5,5
2603,157,147,10,10
2604,53,57,-4,4
2605,106,97,9,9
2606,62,67,-5,5
2607,87,95,-8,8
2608,75,70,5,5
2609,71,74,-3,3
2610,87,91,-4,4
2611,81,91,-10,10
2612,110,113,-3,3
2613,119,116,3,3
2614,103,97,6,6
2615,65,63,2,2
2616,137,122,15,15
2617,66,79,-13,13
2618,78,70,8,8
2619,93,103,-10,10
2620,117,111,6,6
2621,95,95,0,0
2622,88,91,-3,3
2623,102,89,13,13
2624,49,49,0,0
2625,82,87,-5,5
2626,70,80,-10,10
2627,78,86,-8,8
2628,75,75,0,0
2629,80,105,-25,25
2630,133,126,7,7
2631,82,90,-8,8
2632,147,118,29,29
2633,174,164,10,10
2634,65,69,-4,4
2635,95,93,2,2
2636,105,99,6,6
2637,72,61,11,11
2638,78,75,3,3
2639,137,137,0,0
2640,153,143,10,10
2641,131,143,-12,12
2642,53,57,-4,4
2643,88,88,0,0
2644,74,86,-12,12
2645,62,58,4,4
2646,97,113,-16,16
2647,121,124,-3,3
2648,106,111,-5,5
2649,76,113,-37,37
2650,103,100,3,3
2651,87,70,17,17
2652,67,55,12,12
2653,68,88,-20,20
2654,123,108,15,15
2655,68,65,3,3
2656,115,110,5,5
2657,116,104,12,12
2658,95,90,5,5
2659,57,69,-12,12
2660,106,107,-1,1
2661,85,88,-3,3
2662,106,97,9,9
2663,87,88,-1,1
2664,86,98,-12,12
2665,84,81,3,3
2666,60,68,-8,8
2667,99,106,-7,7
2668,84,110,-26,26
2669,60,63,-3,3
2670,134,120,14,14
2671,130,119,11,11
2672,78,78,0,0
2673,62,61,1,1
2674,90,77,13,13
2675,105,105,0,0
2676,104,110,-6,6
2677,102,110,-8,8
2678,125,115,10,10
2679,74,67,7,7
2680,100,106,-6,6
2681,103,107,-4,4
2682,77,78,-1,1
2683,86,78,8,8
2684,97,98,-1,1
2685,81,107,-26,26
2686,88,89,-1,1
2687,52,59,-7,7
2688,59,69,-10,10
2689,89,81,8,8
2690,51,62,-11,11
2691,45,58,-13,13
2692,103,112,-9,9
2693,70,82,-12,12
2694,148,142,6,6
2695,91,96,-5,5
2696,45,47,-2,2
2697,146,150,-4,4
2698,119,117,2,2
2699,107,115,-8,8
2700,170,149,21,21
2701,62,55,7,7
2702,130,115,15,15
2703,40,54,-14,14
2704,91,95,-4,4
2705,61,59,2,2
2706,72,66,6,6
2707,113,114,-1,1
2708,120,92,28,28
2709,52,74,-22,22
2710,43,51,-8,8
2711,63,60,3,3
2712,106,106,0,0
2713,109,111,-2,2
2714,136,132,4,4
2715,100,103,-3,3
2716,58,70,-12,12
2717,64,67,-3,3
2718,135,139,-4,4
2719,125,131,-6,6
2720,91,108,-17,17
2721,81,89,-8,8
2722,53,57,-4,4
2723,120,125,-5,5
2724,96,97,-1,1
2725,42,39,3,3
2726,122,113,9,9
2727,67,66,1,1
2728,97,88,9,9
2729,65,76,-11,11
2730,86,80,6,6
2731,72,68,4,4
2732,62,67,-5,5
2733,72,69,3,3
2734,83,71,12,12
2735,129,128,1,1
2736,109,107,2,2
2737,72,84,-12,12
2738,78,89,-11,11
2739,175,183,-8,8
2740,125,123,2,2
2741,65,75,-10,10
2742,122,126,-4,4
2743,79,86,-7,7
2744,35,49,-14,14
2745,86,94,-8,8
2746,120,110,10,10
2747,96,98,-2,2
2748,152,144,8,8
2749,114,120,-6,6
2750,94,101,-7,7
2751,67,66,1,1
2752,94,102,-8,8
2753,145,120,25,25
2754,52,58,-6,6
2755,108,114,-6,6
2756,86,95,-9,9
2757,91,89,2,2
2758,132,131,1,1
2759,160,153,7,7
2760,94,79,15,15
2761,136,119,17,17
2762,46,46,0,0
2763,76,63,13,13
2764,66,71,-5,5
2765,72,69,3,3
2766,102,102,0,0
2767,77,92,-15,15
2768,56,60,-4,4
2769,139,138,1,1
2770,217,199,18,18
2771,105,111,-6,6
2772,86,83,3,3
2773,172,158,14,14
2774,131,134,-3,3
2775,141,138,3,3
2776,85,81,4,4
2777,68,60,8,8
2778,90,97,-7,7
2779,75,74,1,1
2780,82,88,-6,6
2781,76,65,11,11
2782,92,85,7,7
2783,76,74,2,2
2784,108,108,0,0
2785,99,97,2,2
2786,65,64,1,1
2787,101,113,-12,12
2788,196,178,18,18
2789,80,85,-5,5
2790,130,141,-11,11
2791,57,61,-4,4
2792,105,93,12,12
2793,83,82,1,1
2794,75,87,-12,12
2795,37,47,-10,10
2796,92,98,-6,6
2797,70,66,4,4
2798,35,36,-1,1
2799,120,117,3,3
2800,87,87,0,0
2801,56,60,-4,4
2802,84,89,-5,5
2803,185,173,12,12
2804,95,79,16,16
2805,76,84,-8,8
2806,60,58,2,2
2807,84,91,-7,7
2808,67,64,3,3
2809,79,81,-2,2
2810,106,106,0,0
2811,121,116,5,5
2812,81,100,-19,19
2813,93,93,0,0
2814,150,149,1,1
2815,104,111,-7,7
2816,95,96,-1,1
2817,120,100,20,20
2818,140,140,0,0
2819,106,118,-12,12
2820,92,82,10,10
2821,75,74,1,1
2822,69,82,-13,13
2823,78,66,12,12
2824,57,70,-13,13
2825,71,67,4,4
2826,110,111,-1,1
2827,90,89,1,1
2828,58,56,2,2
2829,52,53,-1,1
2830,108,107,1,1
2831,53,64,-11,11
2832,102,97,5,5
2833,89,92,-3,3
2834,158,144,14,14
2835,81,74,7,7
2836,93,104,-11,11
2837,127,120,7,7
2838,117,112,5,5
2839,105,96,9,9
2840,133,123,10,10
2841,106,94,12,12
2842,149,138,11,11
2843,117,111,6,6
2844,92,96,-4,4
2845,74,73,1,1
2846,156,156,0,0
2847,90,86,4,4
2848,116,122,-6,6
2849,118,113,5,5
2850,109,114,-5,5
2851,110,104,6,6
2852,84,85,-1,1
2853,120,111,9,9
2854,145,138,7,7
2855,64,61,3,3
2856,95,120,-25,25
2857,54,63,-9,9
2858,109,113,-4,4
2859,81,79,2,2
2860,74,89,-15,15
2861,123,125,-2,2
2862,88,80,8,8
2863,153,147,6,6
2864,119,124,-5,5
2865,100,96,4,4
2866,91,82,9,9
2867,85,80,5,5
2868,72,67,5,5
2869,137,119,18,18
2870,120,144,-24,24
2871,58,71,-13,13
2872,106,104,2,2
2873,100,95,5,5
2874,75,76,-1,1
2875,71,69,2,2
2876,90,84,6,6
2877,56,50,6,6
2878,109,111,-2,2
2879,97,109,-12,12
2880,95,89,6,6
2881,84,82,2,2
2882,64,59,5,5
2883,79,81,-2,2
2884,66,69,-3,3
2885,65,68,-3,3
2886,117,113,4,4
2887,143,144,-1,1
2888,65,67,-2,2
2889,80,74,6,6
2890,111,122,-11,11
2891,116,107,9,9
2892,80,141,-61,61
2893,89,89,0,0
2894,181,168,13,13
2895,95,94,1,1
2896,81,84,-3,3
2897,172,144,28,28
2898,137,128,9,9
2899,83,79,4,4
2900,98,96,2,2
2901,131,122,9,9
2902,75,77,-2,2
2903,160,153,7,7
2904,115,110,5,5
2905,124,131,-7,7
2906,121,111,10,10
2907,113,114,-1,1
2908,116,108,8,8
2909,62,74,-12,12
2910,94,91,3,3
2911,92,90,2,2
2912,144,134,10,10
2913,37,89,-52,52
2914,65,75,-10,10
2915,159,174,-15,15
2916,76,71,5,5
2917,116,109,7,7
2918,79,83,-4,4
2919,89,101,-12,12
2920,79,77,2,2
2921,100,103,-3,3
2922,92,87,5,5
2923,90,89,1,1
2924,53,57,-4,4
2925,97,102,-5,5
2926,148,139,9,9
2927,104,113,-9,9
2928,57,73,-16,16
2929,71,72,-1,1
2930,116,132,-16,16
2931,191,177,14,14
2932,122,112,10,10
2933,60,78,-18,18
2934,125,154,-29,29
2935,69,87,-18,18
2936,98,103,-5,5
2937,131,115,16,16
2938,105,109,-4,4
2939,103,101,2,2
2940,60,76,-16,16
2941,67,72,-5,5
2942,118,130,-12,12
2943,58,79,-21,21
2944,76,80,-4,4
2945,109,105,4,4
2946,72,68,4,4
2947,87,85,2,2
2948,57,64,-7,7
2949,85,92,-7,7
2950,78,87,-9,9
2951,88,84,4,4
2952,75,78,-3,3
2953,124,119,5,5
2954,84,91,-7,7
2955,112,105,7,7
2956,98,88,10,10
2957,152,143,9,9
2958,54,54,0,0
2959,121,115,6,6
2960,164,188,-24,24
2961,58,61,-3,3
2962,164,172,-8,8
2963,47,56,-9,9
2964,163,182,-19,19
2965,104,102,2,2
2966,66,70,-4,4
2967,111,113,-2,2
2968,60,69,-9,9
2969,45,54,-9,9
2970,98,88,10,10
2971,129,122,7,7
2972,94,101,-7,7
2973,100,105,-5,5
2974,88,97,-9,9
2975,79,73,6,6
2976,73,77,-4,4
2977,125,118,7,7
2978,91,97,-6,6
2979,102,97,5,5
2980,137,131,6,6
2981,186,180,6,6
2982,67,73,-6,6
2983,59,64,-5,5
2984,36,55,-19,19
2985,128,117,11,11
2986,80,74,6,6
2987,102,113,-11,11
2988,137,119,18,18
2989,58,73,-15,15
2990,94,87,7,7
2991,90,77,13,13
2992,110,98,12,12
2993,101,112,-11,11
2994,78,98,-20,20
2995,121,100,21,21
2996,87,77,10,10
2997,81,90,-9,9
2998,70,71,-1,1
2999,142,133,9,9
3000,93,100,-7,7
3001,98,89,9,9
3002,125,116,9,9
3003,65,56,9,9
3004,126,131,-5,5
3005,77,76,1,1
3006,79,70,9,9
3007,85,91,-6,6
3008,65,67,-2,2
3009,74,79,-5,5
3010,124,128,-4,4
3011,112,105,7,7
3012,99,101,-2,2
3013,73,72,1,1
3014,97,93,4,4
3015,73,93,-20,20
3016,58,65,-7,7
3017,172,162,10,10
3018,91,85,6,6
3019,67,78,-11,11
3020,100,107,-7,7
3021,110,104,6,6
3022,58,62,-4,4
3023,96,108,-12,12
3024,69,70,-1,1
3025,91,97,-6,6
3026,64,69,-5,5
3027,71,74,-3,3
3028,49,69,-20,20
3029,88,92,-4,4
3030,147,122,25,25
3031,71,74,-3,3
3032,117,110,7,7
3033,89,91,-2,2
3034,95,91,4,4
3035,78,89,-11,11
3036,82,92,-10,10
3037,72,73,-1,1
3038,137,126,11,11
3039,122,154,-32,32
3040,115,99,16,16
3041,120,121,-1,1
3042,119,119,0,0
3043,84,89,-5,5
3044,88,82,6,6
3045,60,64,-4,4
3046,115,111,4,4
3047,81,82,-1,1
3048,136,144,-8,8
3049,85,90,-5,5
3050,100,107,-7,7
3051,118,113,5,5
3052,109,102,7,7
3053,61,77,-16,16
3054,105,102,3,3
3055,206,190,16,16
3056,112,105,7,7
3057,83,88,-5,5
3058,181,190,-9,9
3059,151,132,19,19
3060,104,104,0,0
3061,83,104,-21,21
3062,109,98,11,11
3063,62,63,-1,1
3064,76,81,-5,5
3065,86,97,-11,11
3066,127,116,11,11
3067,83,87,-4,4
3068,122,113,9,9
3069,103,109,-6,6
3070,107,106,1,1
3071,94,90,4,4
3072,103,91,12,12
3073,72,70,2,2
3074,66,75,-9,9
3075,70,92,-22,22
3076,54,63,-9,9
3077,57,68,-11,11
3078,165,160,5,5
3079,125,123,2,2
3080,125,132,-7,7
3081,92,79,13,13
3082,53,43,10,10
3083,106,126,-20,20
3084,95,86,9,9
3085,94,87,7,7
3086,72,74,-2,2
3087,78,77,1,1
3088,113,117,-4,4
3089,106,92,14,14
3090,101,100,1,1
3091,102,119,-17,17
3092,95,93,2,2
3093,69,69,0,0
3094,74,77,-3,3
3095,104,96,8,8
3096,78,77,1,1
3097,86,97,-11,11
3098,41,38,3,3
3099,86,89,-3,3
3100,80,78,2,2
3101,182,171,11,11
3102,83,83,0,0
3103,65,66,-1,1
3104,81,75,6,6
3105,159,154,5,5
3106,103,98,5,5
3107,102,98,4,4
3108,60,57,3,3
3109,142,133,9,9
3110,62,67,-5,5
3111,129,129,0,0
3112,79,97,-18,18
3113,87,86,1,1
3114,127,112,15,15
3115,56,68,-12,12
3116,94,105,-11,11
3117,90,85,5,5
3118,62,67,-5,5
3119,60,67,-7,7
3120,110,126,-16,16
3121,98,99,-1,1
3122,58,65,-7,7
3123,88,83,5,5
3124,35,36,-1,1
3125,138,138,0,0
3126,73,77,-4,4
3127,99,96,3,3
3128,87,87,0,0
3129,69,72,-3,3
3130,102,91,11,11
3131,89,79,10,10
3132,106,99,7,7
3133,116,116,0,0
3134,69,80,-11,11
3135,75,73,2,2
3136,91,88,3,3
3137,67,70,-3,3
3138,133,135,-2,2
3139,76,98,-22,22
3140,103,105,-2,2
3141,71,68,3,3
3142,135,128,7,7
3143,99,114,-15,15
3144,104,97,7,7
3145,146,133,13,13
3146,57,52,5,5
3147,108,122,-14,14
3148,82,70,12,12
3149,106,93,13,13
3150,110,115,-5,5
3151,98,97,1,1
3152,62,59,3,3
3153,102,107,-5,5
3154,130,135,-5,5
3155,108,107,1,1
3156,61,67,-6,6
3157,73,81,-8,8
3158,54,51,3,3
3159,63,58,5,5
3160,140,124,16,16
3161,47,104,-57,57
3162,68,72,-4,4
3163,134,127,7,7
3164,106,97,9,9
3165,72,74,-2,2
3166,107,104,3,3
3167,107,111,-4,4
3168,53,51,2,2
3169,112,102,10,10
3170,124,122,2,2
3171,103,96,7,7
3172,76,79,-3,3
3173,103,107,-4,4
3174,92,91,1,1
3175,40,45,-5,5
3176,79,75,4,4
3177,83,83,0,0
3178,77,81,-4,4
3179,75,76,-1,1
3180,63,64,-1,1
3181,134,122,12,12
3182,66,85,-19,19
3183,173,169,4,4
3184,100,110,-10,10
3185,119,109,10,10
3186,143,138,5,5
3187,61,73,-12,12
3188,59,68,-9,9
3189,91,96,-5,5
3190,61,81,-20,20
3191,127,125,2,2
3192,164,153,11,11
3193,81,85,-4,4
3194,136,136,0,0
3195,73,82,-9,9
3196,72,80,-8,8
3197,82,83,-1,1
3198,79,85,-6,6
3199,70,72,-2,2
3200,95,97,-2,2
3201,63,67,-4,4
3202,67,102,-35,35
3203,127,120,7,7
3204,107,103,4,4
3205,58,62,-4,4
3206,91,94,-3,3
3207,60,73,-13,13
3208,94,101,-7,7
3209,90,71,19,19
3210,49,47,2,2
3211,94,117,-23,23
3212,68,61,7,7
3213,86,78,8,8
3214,107,91,16,16
3215,54,49,5,5
3216,88,75,13,13
3217,69,71,-2,2
3218,85,80,5,5
3219,99,96,3,3
3220,116,133,-17,17
3221,113,103,10,10
3222,42,53,-11,11
3223,36,41,-5,5
3224,52,59,-7,7
3225,88,75,13,13
3226,62,82,-20,20
3227,87,74,13,13
3228,97,108,-11,11
3229,94,95,-1,1
3230,113,108,5,5
3231,168,161,7,7
3232,107,97,10,10
3233,130,127,3,3
3234,169,177,-8,8
3235,84,82,2,2
3236,151,116,35,35
3237,75,68,7,7
3238,73,71,2,2
3239,64,74,-10,10
3240,144,141,3,3
3241,86,87,-1,1
3242,91,85,6,6
3243,76,70,6,6
3244,112,107,5,5
3245,46,67,-21,21
3246,51,103,-52,52
3247,116,105,11,11
3248,106,111,-5,5
3249,63,69,-6,6
3250,115,97,18,18
3251,151,157,-6,6
3252,70,67,3,3
3253,153,151,2,2
3254,66,51,15,15
3255,95,104,-9,9
3256,71,66,5,5
3257,75,72,3,3
3258,83,83,0,0
3259,75,76,-1,1
3260,111,103,8,8
3261,95,93,2,2
3262,133,120,13,13
3263,56,48,8,8
3264,42,52,-10,10
3265,61,66,-5,5
3266,72,72,0,0
3267,60,73,-13,13
3268,95,89,6,6
3269,115,125,-10,10
3270,101,110,-9,9
3271,65,74,-9,9
3272,100,108,-8,8
3273,69,71,-2,2
3274,81,82,-1,1
3275,82,78,4,4
3276,107,99,8,8
3277,112,124,-12,12
3278,99,106,-7,7
3279,75,77,-2,2
3280,161,149,12,12
3281,76,81,-5,5
3282,142,141,1,1
3283,111,103,8,8
3284,78,79,-1,1
3285,137,132,5,5
3286,40,43,-3,3
3287,65,63,2,2
3288,88,92,-4,4
3289,103,95,8,8
3290,143,153,-10,10
3291,37,56,-19,19
3292,65,57,8,8
3293,90,90,0,0
3294,97,81,16,16
3295,107,103,4,4
3296,104,109,-5,5
3297,151,141,10,10
3298,98,98,0,0
3299,91,100,-9,9
3300,90,103,-13,13
3301,79,77,2,2
3302,62,61,1,1
3303,83,78,5,5
3304,102,105,-3,3
3305,92,95,-3,3
3306,48,54,-6,6
3307,103,102,1,1
3308,65,60,5,5
3309,84,89,-5,5
3310,57,63,-6,6
3311,108,106,2,2
3312,80,83,-3,3
3313,66,87,-21,21
3314,106,103,3,3
3315,52,58,-6,6
3316,107,117,-10,10
3317,107,105,2,2
3318,57,59,-2,2
3319,137,127,10,10
3320,69,71,-2,2
3321,90,76,14,14
3322,65,72,-7,7
3323,49,65,-16,16
3324,153,137,16,16
3325,119,116,3,3
3326,75,77,-2,2
3327,160,153,7,7
3328,140,134,6,6
3329,146,136,10,10
3330,104,91,13,13
3331,94,102,-8,8
3332,60,43,17,17
3333,118,94,24,24
3334,71,78,-7,7
3335,66,77,-11,11
3336,183,166,17,17
3337,103,92,11,11
3338,119,114,5,5
3339,107,116,-9,9
3340,92,84,8,8
3341,89,94,-5,5
3342,116,104,12,12
3343,84,80,4,4
3344,118,121,-3,3
3345,52,59,-7,7
3346,75,86,-11,11
3347,163,165,-2,2
3348,96,89,7,7
3349,104,115,-11,11
3350,135,140,-5,5
3351,78,82,-4,4
3352,127,118,9,9
3353,96,95,1,1
3354,123,97,26,26
3355,119,118,1,1
3356,83,83,0,0
3357,107,106,1,1
3358,96,85,11,11
3359,105,110,-5,5
3360,142,132,10,10
3361,67,68,-1,1
3362,67,71,-4,4
3363,126,113,13,13
3364,59,52,7,7
3365,59,66,-7,7
3366,74,83,-9,9
3367,87,84,3,3
3368,69,65,4,4
3369,66,69,-3,3
3370,117,102,15,15
3371,186,180,6,6
3372,63,73,-10,10
3373,125,122,3,3
3374,87,77,10,10
3375,97,100,-3,3
3376,96,81,15,15
3377,49,51,-2,2
3378,105,116,-11,11
3379,48,47,1,1
3380,111,109,2,2
3381,98,101,-3,3
3382,123,114,9,9
3383,74,65,9,9
3384,55,59,-4,4
3385,124,119,5,5
3386,151,132,19,19
3387,54,55,-1,1
3388,44,45,-1,1
3389,78,86,-8,8
3390,141,144,-3,3
3391,85,102,-17,17
3392,40,61,-21,21
3393,77,78,-1,1
3394,104,106,-2,2
3395,71,53,18,18
3396,94,99,-5,5
3397,98,104,-6,6
3398,56,65,-9,9
3399,64,68,-4,4
3400,107,104,3,3
3401,58,60,-2,2
3402,40,46,-6,6
3403,107,97,10,10
3404,110,107,3,3
3405,124,122,2,2
3406,100,85,15,15
3407,88,93,-5,5
3408,131,99,32,32
3409,93,76,17,17
3410,134,122,12,12
3411,81,88,-7,7
3412,81,81,0,0
3413,84,83,1,1
3414,86,88,-2,2
3415,152,146,6,6
3416,64,63,1,1
3417,73,77,-4,4
3418,118,126,-8,8
3419,73,71,2,2
3420,88,77,11,11
3421,112,119,-7,7
3422,141,136,5,5
3423,150,145,5,5
3424,105,99,6,6
3425,163,149,14,14
3426,29,45,-16,16
3427,94,102,-8,8
3428,67,70,-3,3
3429,98,115,-17,17
3430,89,87,2,2
3431,106,100,6,6
3432,100,95,5,5
3433,107,91,16,16
3434,64,70,-6,6
3435,45,48,-3,3
3436,77,82,-5,5
3437,144,135,9,9
3438,103,100,3,3
3439,67,121,-54,54
3440,38,44,-6,6
3441,116,109,7,7
3442,102,100,2,2
3443,119,120,-1,1
3444,88,102,-14,14
3445,111,107,4,4
3446,48,47,1,1
3447,131,120,11,11
3448,86,88,-2,2
3449,76,77,-1,1
3450,80,93,-13,13
3451,99,84,15,15
3452,132,128,4,4
3453,91,101,-10,10
3454,105,100,5,5
3455,159,159,0,0
3456,117,111,6,6
3457,142,147,-5,5
3458,69,61,8,8
3459,79,116,-37,37
3460,134,137,-3,3
3461,101,90,11,11
3462,94,90,4,4
3463,97,116,-19,19
3464,112,93,19,19
3465,70,66,4,4
3466,139,128,11,11
3467,120,105,15,15
3468,93,108,-15,15
3469,70,69,1,1
3470,77,74,3,3
3471,91,87,4,4
3472,57,56,1,1
3473,75,79,-4,4
3474,64,60,4,4
3475,88,90,-2,2
3476,90,90,0,0
3477,82,82,0,0
3478,54,60,-6,6
3479,101,104,-3,3
3480,102,106,-4,4
3481,92,98,-6,6
3482,77,72,5,5
3483,76,93,-17,17
3484,109,139,-30,30
3485,48,51,-3,3
3486,86,86,0,0
3487,91,87,4,4
3488,60,53,7,7
3489,117,118,-1,1
3490,121,115,6,6
3491,129,132,-3,3
3492,90,96,-6,6
3493,106,82,24,24
3494,80,74,6,6
3495,129,110,19,19
3496,65,67,-2,2
3497,48,55,-7,7
3498,104,91,13,13
3499,72,76,-4,4
3500,69,72,-3,3
3501,115,109,6,6
3502,147,167,-20,20
3503,83,82,1,1
3504,96,103,-7,7
3505,83,86,-3,3
3506,106,108,-2,2
3507,83,92,-9,9
3508,94,85,9,9
3509,101,91,10,10
3510,112,102,10,10
3511,56,69,-13,13
3512,106,106,0,0
3513,93,83,10,10
3514,83,83,0,0
3515,60,69,-9,9
3516,116,115,1,1
3517,127,109,18,18
3518,65,74,-9,9
3519,134,141,-7,7
3520,45,53,-8,8
3521,74,89,-15,15
3522,107,110,-3,3
3523,97,101,-4,4
3524,145,142,3,3
3525,101,102,-1,1
3526,104,84,20,20
3527,90,99,-9,9
3528,98,99,-1,1
3529,107,112,-5,5
3530,66,70,-4,4
3531,76,90,-14,14
3532,39,44,-5,5
3533,89,85,4,4
3534,47,69,-22,22
3535,68,81,-13,13
3536,47,58,-11,11
3537,194,159,35,35
3538,107,116,-9,9
3539,155,143,12,12
3540,163,163,0,0
3541,93,85,8,8
3542,124,129,-5,5
3543,28,37,-9,9
3544,101,114,-13,13
3545,70,69,1,1
3546,61,75,-14,14
3547,92,82,10,10
3548,78,80,-2,2
3549,51,57,-6,6
3550,99,87,12,12
3551,95,88,7,7
3552,137,115,22,22
3553,90,83,7,7
3554,84,90,-6,6
3555,72,81,-9,9
3556,83,91,-8,8
3557,94,89,5,5
3558,86,93,-7,7
3559,86,81,5,5
3560,87,91,-4,4
3561,104,110,-6,6
3562,58,64,-6,6
3563,50,63,-13,13
3564,44,53,-9,9
3565,83,80,3,3
3566,97,88,9,9
3567,146,130,16,16
3568,147,132,15,15
3569,107,105,2,2
3570,117,104,13,13
3571,152,153,-1,1
3572,130,119,11,11
3573,157,156,1,1
3574,268,237,31,31
3575,90,79,11,11
3576,101,107,-6,6
3577,73,70,3,3
3578,120,109,11,11
3579,86,87,-1,1
3580,144,135,9,9
3581,97,91,6,6
3582,93,95,-2,2
3583,49,50,-1,1
3584,97,98,-1,1
3585,99,89,10,10
3586,63,61,2,2
3587,135,126,9,9
3588,66,77,-11,11
3589,71,75,-4,4
3590,74,74,0,0
3591,160,150,10,10
3592,52,54,-2,2
3593,84,74,10,10
3594,127,137,-10,10
3595,82,82,0,0
3596,80,89,-9,9
3597,108,110,-2,2
3598,104,112,-8,8
3599,106,87,19,19
3600,154,149,5,5
3601,54,64,-10,10
3602,91,100,-9,9
3603,115,128,-13,13
3604,98,115,-17,17
3605,117,119,-2,2
3606,46,49,-3,3
3607,93,91,2,2
3608,50,49,1,1
3609,110,162,-52,52
3610,101,92,9,9
3611,121,143,-22,22
3612,129,133,-4,4
3613,123,107,16,16
3614,55,73,-18,18
3615,97,85,12,12
3616,102,106,-4,4
3617,127,130,-3,3
3618,66,93,-27,27
3619,75,77,-2,2
3620,125,140,-15,15
3621,75,74,1,1
3622,137,150,-13,13
3623,76,77,-1,1
3624,80,69,11,11
3625,93,84,9,9
3626,213,218,-5,5
3627,73,74,-1,1
3628,99,92,7,7
3629,152,144,8,8
3630,110,118,-8,8
3631,53,54,-1,1
3632,83,76,7,7
3633,94,100,-6,6
3634,60,61,-1,1
3635,150,133,17,17
3636,146,133,13,13
3637,156,163,-7,7
3638,99,97,2,2
3639,66,69,-3,3
3640,85,82,3,3
3641,68,88,-20,20
3642,174,166,8,8
3643,112,101,11,11
3644,102,97,5,5
3645,96,96,0,0
3646,123,117,6,6
3647,62,67,-5,5
3648,42,49,-7,7
3649,84,76,8,8
3650,99,122,-23,23
3651,96,97,-1,1
3652,94,84,10,10
3653,88,87,1,1
3654,113,100,13,13
3655,136,138,-2,2
3656,51,67,-16,16
3657,82,94,-12,12
3658,103,92,11,11
3659,109,100,9,9
3660,39,48,-9,9
3661,66,62,4,4
3662,68,65,3,3
3663,97,87,10,10
3664,85,85,0,0
3665,123,108,15,15
3666,134,135,-1,1
3667,171,156,15,15
3668,88,93,-5,5
3669,83,73,10,10
3670,52,62,-10,10
3671,90,93,-3,3
3672,75,74,1,1
3673,80,89,-9,9
3674,85,83,2,2
3675,113,127,-14,14
3676,85,72,13,13
3677,124,122,2,2
3678,126,114,12,12
3679,136,121,15,15
3680,111,105,6,6
3681,122,104,18,18
3682,84,84,0,0
3683,53,57,-4,4
3684,83,80,3,3
3685,132,135,-3,3
3686,133,133,0,0
3687,96,92,4,4
3688,53,52,1,1
3689,87,99,-12,12
3690,63,67,-4,4
3691,92,83,9,9
3692,73,84,-11,11
3693,142,130,12,12
3694,93,70,23,23
3695,69,67,2,2
3696,59,62,-3,3
3697,120,120,0,0
3698,52,64,-12,12
3699,50,57,-7,7
3700,80,92,-12,12
3701,68,72,-4,4
3702,73,71,2,2
3703,245,196,49,49
3704,147,140,7,7
3705,75,77,-2,2
3706,59,67,-8,8
3707,84,81,3,3
3708,92,86,6,6
3709,146,141,5,5
3710,183,173,10,10
3711,64,70,-6,6
3712,101,108,-7,7
3713,102,92,10,10
3714,117,112,5,5
3715,178,188,-10,10
3716,143,123,20,20
3717,68,81,-13,13
3718,90,83,7,7
3719,48,47,1,1
3720,74,75,-1,1
3721,63,58,5,5
3722,74,81,-7,7
3723,83,87,-4,4
3724,89,99,-10,10
3725,112,104,8,8
3726,89,97,-8,8
3727,71,74,-3,3
3728,72,85,-13,13
3729,66,67,-1,1
3730,173,189,-16,16
3731,139,135,4,4
3732,94,94,0,0
3733,48,57,-9,9
3734,102,106,-4,4
3735,69,69,0,0
3736,67,65,2,2
3737,91,86,5,5
3738,109,113,-4,4
3739,39,41,-2,2
3740,146,135,11,11
3741,103,96,7,7
3742,149,143,6,6
3743,78,68,10,10
3744,78,84,-6,6
3745,76,83,-7,7
3746,81,83,-2,2
3747,155,163,-8,8
3748,76,80,-4,4
3749,113,103,10,10
3750,87,98,-11,11
3751,81,73,8,8
3752,82,81,1,1
3753,107,110,-3,3
3754,148,141,7,7
3755,57,62,-5,5
3756,73,75,-2,2
3757,112,111,1,1
3758,48,50,-2,2
3759,77,89,-12,12
3760,142,129,13,13
3761,142,126,16,16
3762,122,132,-10,10
3763,67,53,14,14
3764,132,114,18,18
3765,134,151,-17,17
3766,96,80,16,16
3767,70,65,5,5
3768,84,82,2,2
3769,108,101,7,7
3770,159,153,6,6
3771,114,123,-9,9
3772,71,77,-6,6
3773,88,99,-11,11
3774,95,101,-6,6
3775,36,36,0,0
3776,99,105,-6,6
3777,54,66,-12,12
3778,148,152,-4,4
3779,75,82,-7,7
3780,64,63,1,1
3781,170,156,14,14
3782,176,159,17,17
3783,143,134,9,9
3784,108,92,16,16
3785,94,164,-70,70
3786,102,117,-15,15
3787,92,96,-4,4
3788,132,135,-3,3
3789,84,85,-1,1
3790,152,144,8,8
3791,94,81,13,13
3792,103,104,-1,1
3793,122,128,-6,6
3794,79,87,-8,8
3795,81,64,17,17
3796,81,78,3,3
3797,65,54,11,11
3798,90,79,11,11
3799,85,96,-11,11
3800,74,77,-3,3
3801,110,106,4,4
3802,62,72,-10,10
3803,132,122,10,10
3804,94,87,7,7
3805,77,69,8,8
3806,69,70,-1,1
3807,90,87,3,3
3808,58,56,2,2
3809,101,113,-12,12
3810,72,80,-8,8
3811,49,65,-16,16
3812,120,119,1,1
3813,60,70,-10,10
3814,140,147,-7,7
3815,53,54,-1,1
3816,66,69,-3,3
3817,60,64,-4,4
3818,103,105,-2,2
3819,92,95,-3,3
3820,158,137,21,21
3821,71,116,-45,45
3822,73,81,-8,8
3823,66,75,-9,9
3824,149,159,-10,10
3825,146,139,7,7
3826,68,64,4,4
3827,108,103,5,5
3828,54,61,-7,7
3829,70,69,1,1
3830,98,101,-3,3
3831,112,116,-4,4
3832,64,67,-3,3
3833,96,104,-8,8
3834,124,127,-3,3
3835,73,72,1,1
3836,75,92,-17,17
3837,97,86,11,11
3838,100,102,-2,2
3839,153,177,-24,24
3840,145,153,-8,8
3841,98,83,15,15
3842,114,99,15,15
3843,111,101,10,10
3844,68,79,-11,11
3845,60,67,-7,7
3846,87,108,-21,21
3847,74,62,12,12
3848,54,70,-16,16
3849,77,78,-1,1
3850,63,66,-3,3
3851,120,112,8,8
3852,107,92,15,15
3853,75,86,-11,11
3854,96,95,1,1
3855,50,42,8,8
3856,152,135,17,17
3857,133,121,12,12
3858,140,147,-7,7
3859,63,57,6,6
3860,82,84,-2,2
3861,101,114,-13,13
3862,78,74,4,4
3863,101,93,8,8
3864,74,85,-11,11
3865,104,97,7,7
3866,97,99,-2,2
3867,55,72,-17,17
3868,166,161,5,5
3869,110,105,5,5
3870,76,99,-23,23
3871,81,86,-5,5
3872,128,128,0,0
3873,108,90,18,18
3874,68,67,1,1
3875,86,85,1,1
3876,79,84,-5,5
3877,65,66,-1,1
3878,148,154,-6,6
3879,165,142,23,23
3880,96,97,-1,1
3881,61,60,1,1
3882,86,82,4,4
3883,65,63,2,2
3884,124,130,-6,6
3885,94,98,-4,4
3886,55,64,-9,9
3887,71,61,10,10
3888,132,116,16,16
3889,55,59,-4,4
3890,97,113,-16,16
3891,96,104,-8,8
3892,101,96,5,5
3893,100,88,12,12
3894,78,74,4,4
3895,132,137,-5,5
3896,73,76,-3,3
3897,93,91,2,2
3898,51,63,-12,12
3899,136,132,4,4
3900,80,72,8,8
3901,159,169,-10,10
3902,151,141,10,10
3903,64,59,5,5
3904,75,67,8,8
3905,151,130,21,21
3906,72,74,-2,2
3907,113,97,16,16
3908,88,88,0,0
3909,93,84,9,9
3910,62,72,-10,10
3911,59,65,-6,6
3912,104,97,7,7
3913,133,130,3,3
3914,66,80,-14,14
3915,90,101,-11,11
3916,98,92,6,6
3917,181,152,29,29
3918,68,68,0,0
3919,81,89,-8,8
3920,148,138,10,10
3921,92,83,9,9
3922,109,104,5,5
3923,176,172,4,4
3924,236,188,48,48
3925,112,103,9,9
3926,74,74,0,0
3927,82,68,14,14
3928,78,81,-3,3
3929,83,86,-3,3
3930,89,89,0,0
3931,95,88,7,7
3932,177,171,6,6
3933,53,65,-12,12
3934,94,109,-15,15
3935,104,102,2,2
3936,63,74,-11,11
3937,94,94,0,0
3938,95,92,3,3
3939,122,126,-4,4
3940,135,126,9,9
3941,170,144,26,26
3942,104,113,-9,9
3943,153,183,-30,30
3944,70,102,-32,32
3945,124,114,10,10
3946,81,78,3,3
3947,143,142,1,1
3948,86,95,-9,9
3949,87,76,11,11
3950,92,99,-7,7
3951,111,105,6,6
3952,73,79,-6,6
3953,83,70,13,13
3954,117,115,2,2
3955,92,91,1,1
3956,70,73,-3,3
3957,107,109,-2,2
3958,62,74,-12,12
3959,96,89,7,7
3960,93,90,3,3
3961,50,50,0,0
3962,61,66,-5,5
3963,118,124,-6,6
3964,117,104,13,13
3965,116,100,16,16
3966,183,168,15,15
3967,56,70,-14,14
3968,67,67,0,0
3969,81,72,9,9
3970,117,108,9,9
3971,98,98,0,0
3972,63,73,-10,10
3973,62,62,0,0
3974,84,99,-15,15
3975,156,151,5,5
3976,105,93,12,12
3977,89,88,1,1
3978,132,129,3,3
3979,106,109,-3,3
3980,111,115,-4,4
3981,150,154,-4,4
3982,95,109,-14,14
3983,20,38,-18,18
3984,99,102,-3,3
3985,103,113,-10,10
3986,73,93,-20,20
3987,83,135,-52,52
3988,69,77,-8,8
3989,130,129,1,1
3990,106,91,15,15
3991,104,100,4,4
3992,125,125,0,0
3993,121,102,19,19
3994,190,168,22,22
3995,116,120,-4,4
3996,87,108,-21,21
3997,71,76,-5,5
3998,71,80,-9,9
3999,146,158,-12,12
4000,97,102,-5,5
4001,98,87,11,11
4002,127,123,4,4
4003,74,71,3,3
4004,47,38,9,9
4005,92,92,0,0
4006,82,80,2,2
4007,118,101,17,17
4008,137,112,25,25
4009,101,98,3,3
4010,51,57,-6,6
4011,88,94,-6,6
4012,177,154,23,23
4013,82,80,2,2
4014,90,102,-12,12
4015,99,91,8,8
4016,83,88,-5,5
4017,104,95,9,9
4018,83,81,2,2
4019,57,56,1,1
4020,155,145,10,10
4021,107,92,15,15
4022,72,72,0,0
4023,72,62,10,10
4024,102,113,-11,11
4025,90,87,3,3
4026,111,97,14,14
4027,123,116,7,7
4028,46,47,-1,1
4029,81,82,-1,1
4030,95,83,12,12
4031,125,124,1,1
4032,105,102,3,3
4033,74,75,-1,1
4034,166,141,25,25
4035,96,100,-4,4
4036,70,61,9,9
4037,56,27,29,29
4038,66,61,5,5
4039,85,95,-10,10
4040,46,47,-1,1
4041,47,69,-22,22
4042,68,74,-6,6
4043,130,132,-2,2
4044,141,142,-1,1
4045,95,98,-3,3
4046,111,100,11,11
4047,50,56,-6,6
4048,111,108,3,3
4049,100,107,-7,7
4050,72,77,-5,5
4051,80,76,4,4
4052,120,111,9,9
4053,180,167,13,13
4054,39,56,-17,17
4055,103,111,-8,8
4056,95,91,4,4
4057,146,154,-8,8
4058,110,104,6,6
4059,48,45,3,3
4060,83,98,-15,15
4061,66,85,-19,19
4062,86,84,2,2
4063,79,72,7,7
4064,113,120,-7,7
4065,114,105,9,9
4066,86,82,4,4
4067,165,146,19,19
4068,69,79,-10,10
4069,124,125,-1,1
4070,103,113,-10,10
4071,76,64,12,12
4072,118,115,3,3
4073,157,150,7,7
4074,107,107,0,0
4075,170,153,17,17
4076,58,66,-8,8
4077,59,67,-8,8
4078,124,120,4,4
4079,142,123,19,19
4080,105,126,-21,21
4081,116,114,2,2
4082,140,135,5,5
4083,92,90,2,2
4084,130,137,-7,7
4085,113,105,8,8
4086,129,134,-5,5
4087,73,66,7,7
4088,100,102,-2,2
4089,87,93,-6,6
4090,75,76,-1,1
4091,87,88,-1,1
4092,113,101,12,12
4093,64,67,-3,3
4094,83,75,8,8
4095,75,78,-3,3
4096,124,122,2,2
4097,87,79,8,8
4098,63,68,-5,5
4099,78,76,2,2
4100,86,80,6,6
4101,104,113,-9,9
4102,95,97,-2,2
4103,119,125,-6,6
4104,99,108,-9,9
4105,54,60,-6,6
4106,73,66,7,7
4107,71,71,0,0
4108,83,80,3,3
4109,182,154,28,28
4110,74,91,-17,17
4111,133,128,5,5
4112,80,82,-2,2
4113,98,109,-11,11
4114,98,103,-5,5
4115,96,92,4,4
4116,84,75,9,9
4117,199,218,-19,19
4118,153,144,9,9
4119,121,132,-11,11
4120,104,115,-11,11
4121,79,83,-4,4
4122,109,104,5,5
4123,74,78,-4,4
4124,48,62,-14,14
4125,127,119,8,8
4126,77,78,-1,1
4127,57,66,-9,9
4128,88,86,2,2
4129,76,64,12,12
4130,120,111,9,9
4131,86,93,-7,7
4132,62,74,-12,12
4133,60,66,-6,6
4134,83,79,4,4
4135,90,92,-2,2
4136,69,62,7,7
4137,65,63,2,2
4138,97,99,-2,2
4139,107,104,3,3
4140,131,136,-5,5
4141,118,109,9,9
4142,107,144,-37,37
4143,72,77,-5,5
4144,153,148,5,5
4145,83,83,0,0
4146,55,58,-3,3
4147,106,104,2,2
4148,97,107,-10,10
4149,176,161,15,15
4150,139,114,25,25
4151,84,101,-17,17
4152,112,99,13,13
4153,58,78,-20,20
4154,119,115,4,4
4155,75,69,6,6
4156,155,160,-5,5
4157,71,64,7,7
4158,150,135,15,15
4159,94,100,-6,6
4160,54,72,-18,18
4161,70,73,-3,3
4162,125,102,23,23
4163,36,52,-16,16
4164,78,86,-8,8
4165,96,94,2,2
4166,100,100,0,0
4167,106,98,8,8
4168,129,119,10,10
4169,39,44,-5,5
4170,44,52,-8,8
4171,97,94,3,3
4172,80,88,-8,8
4173,52,58,-6,6
4174,102,104,-2,2
4175,101,91,10,10
4176,90,98,-8,8
4177,151,159,-8,8
4178,82,87,-5,5
4179,117,114,3,3
4180,63,76,-13,13
4181,135,133,2,2
4182,71,70,1,1
4183,96,112,-16,16
4184,123,113,10,10
4185,75,70,5,5
4186,60,66,-6,6
4187,103,105,-2,2
4188,59,62,-3,3
4189,116,129,-13,13
4190,92,91,1,1
4191,76,53,23,23
4192,53,57,-4,4
4193,107,111,-4,4
4194,70,70,0,0
4195,101,85,16,16
4196,88,85,3,3
4197,84,76,8,8
4198,26,49,-23,23
4199,107,105,2,2
4200,121,118,3,3
4201,66,71,-5,5
4202,75,85,-10,10
4203,140,149,-9,9
4204,87,94,-7,7
4205,57,57,0,0
4206,100,86,14,14
4207,183,163,20,20
4208,131,135,-4,4
4209,98,135,-37,37
4210,70,73,-3,3
4211,80,74,6,6
4212,112,118,-6,6
4213,164,160,4,4
4214,112,101,11,11
4215,49,52,-3,3
4216,69,74,-5,5
4217,64,69,-5,5
4218,78,80,-2,2
4219,116,126,-10,10
4220,113,106,7,7
4221,123,119,4,4
4222,101,103,-2,2
4223,100,106,-6,6
4224,84,80,4,4
4225,114,108,6,6
4226,109,106,3,3
4227,52,56,-4,4
4228,115,112,3,3
4229,106,108,-2,2
4230,93,87,6,6
4231,69,77,-8,8
4232,149,140,9,9
4233,87,82,5,5
4234,103,103,0,0
4235,106,112,-6,6
4236,76,97,-21,21
4237,124,133,-9,9
4238,115,111,4,4
4239,82,79,3,3
4240,152,161,-9,9
4241,138,125,13,13
4242,196,181,15,15
4243,133,112,21,21
4244,146,144,2,2
4245,105,114,-9,9
4246,92,102,-10,10
4247,71,60,11,11
4248,97,100,-3,3
4249,70,76,-6,6
4250,107,119,-12,12
4251,80,75,5,5
4252,63,84,-21,21
4253,75,76,-1,1
4254,75,69,6,6
4255,75,73,2,2
4256,104,88,16,16
4257,152,140,12,12
4258,71,69,2,2
4259,107,105,2,2
4260,161,145,16,16
4261,71,77,-6,6
4262,91,76,15,15
4263,98,88,10,10
4264,108,120,-12,12
4265,78,78,0,0
4266,116,118,-2,2
4267,108,93,15,15
4268,81,83,-2,2
4269,65,74,-9,9
4270,111,115,-4,4
4271,70,78,-8,8
4272,55,56,-1,1
4273,102,100,2,2
4274,102,103,-1,1
4275,56,62,-6,6
4276,100,97,3,3
4277,47,47,0,0
4278,145,134,11,11
4279,108,104,4,4
4280,143,139,4,4
4281,123,112,11,11
4282,172,157,15,15
4283,60,59,1,1
4284,105,105,0,0
4285,46,37,9,9
4286,80,64,16,16
4287,114,121,-7,7
4288,189,170,19,19
4289,82,79,3,3
4290,126,120,6,6
4291,157,134,23,23
4292,147,159,-12,12
4293,27,69,-42,42
4294,79,72,7,7
4295,75,72,3,3
4296,65,67,-2,2
4297,68,74,-6,6
4298,126,121,5,5
4299,133,136,-3,3
4300,101,84,17,17
4301,80,77,3,3
4302,103,98,5,5
4303,95,84,11,11
4304,103,119,-16,16
4305,113,119,-6,6
4306,42,38,4,4
4307,85,85,0,0
4308,82,94,-12,12
4309,104,97,7,7
4310,85,75,10,10
4311,107,80,27,27
4312,78,76,2,2
4313,66,63,3,3
4314,108,108,0,0
4315,90,100,-10,10
4316,88,92,-4,4
4317,59,61,-2,2
4318,79,74,5,5
4319,69,67,2,2
4320,135,130,5,5
4321,96,116,-20,20
4322,148,152,-4,4
4323,31,36,-5,5
4324,65,90,-25,25
4325,86,77,9,9
4326,47,48,-1,1
4327,83,91,-8,8
4328,170,170,0,0
4329,63,68,-5,5
4330,110,111,-1,1
4331,182,162,20,20
4332,141,139,2,2
4333,94,95,-1,1
4334,81,85,-4,4
4335,87,92,-5,5
4336,131,128,3,3
4337,117,113,4,4
4338,64,54,10,10
4339,150,167,-17,17
4340,93,94,-1,1
4341,88,88,0,0
4342,90,94,-4,4
4343,86,99,-13,13
4344,96,116,-20,20
4345,173,147,26,26
4346,104,102,2,2
4347,44,56,-12,12
4348,81,73,8,8
4349,71,67,4,4
4350,77,63,14,14
4351,82,72,10,10
4352,196,191,5,5
4353,126,119,7,7
4354,100,99,1,1
4355,159,149,10,10
4356,61,61,0,0
4357,54,46,8,8
4358,73,71,2,2
4359,73,76,-3,3
4360,88,75,13,13
4361,136,137,-1,1
4362,94,95,-1,1
4363,164,177,-13,13
4364,100,109,-9,9
4365,126,124,2,2
4366,50,52,-2,2
4367,79,87,-8,8
4368,94,121,-27,27
4369,110,110,0,0
4370,144,137,7,7
4371,62,58,4,4
4372,92,92,0,0
4373,59,67,-8,8
4374,279,222,57,57
4375,149,145,4,4
4376,61,75,-14,14
4377,72,89,-17,17
4378,64,71,-7,7
4379,142,140,2,2
4380,56,55,1,1
4381,140,138,2,2
4382,221,192,29,29
4383,111,98,13,13
4384,93,89,4,4
4385,110,115,-5,5
4386,83,68,15,15
4387,65,78,-13,13
4388,154,157,-3,3
4389,92,89,3,3
4390,144,137,7,7
4391,102,102,0,0
4392,131,128,3,3
4393,98,80,18,18
4394,104,102,2,2
4395,95,94,1,1
4396,108,121,-13,13
4397,89,83,6,6
4398,139,147,-8,8
4399,116,105,11,11
4400,58,65,-7,7
4401,140,144,-4,4
4402,89,93,-4,4
4403,103,92,11,11
4404,67,87,-20,20
4405,62,68,-6,6
4406,162,163,-1,1
4407,77,69,8,8
4408,99,102,-3,3
4409,92,76,16,16
4410,105,105,0,0
4411,99,94,5,5
4412,82,106,-24,24
4413,139,126,13,13
4414,99,102,-3,3
4415,82,96,-14,14
4416,95,91,4,4
4417,101,94,7,7
4418,85,98,-13,13
4419,102,98,4,4
4420,133,133,0,0
4421,76,78,-2,2
4422,126,125,1,1
4423,101,97,4,4
4424,119,105,14,14
4425,152,153,-1,1
4426,136,124,12,12
4427,87,87,0,0
4428,116,112,4,4
4429,60,62,-2,2
4430,96,95,1,1
4431,76,80,-4,4
4432,128,123,5,5
4433,85,93,-8,8
4434,84,92,-8,8
4435,153,136,17,17
4436,72,69,3,3
4437,73,53,20,20
4438,108,107,1,1
4439,73,71,2,2
4440,94,90,4,4
4441,86,85,1,1
4442,89,86,3,3
4443,56,65,-9,9
4444,195,189,6,6
4445,70,73,-3,3
4446,64,69,-5,5
4447,96,93,3,3
4448,103,106,-3,3
4449,131,128,3,3
4450,93,87,6,6
4451,122,123,-1,1
4452,54,56,-2,2
4453,67,78,-11,11
4454,66,57,9,9
4455,110,113,-3,3
4456,108,110,-2,2
4457,119,121,-2,2
4458,80,63,17,17
4459,60,66,-6,6
4460,88,79,9,9
4461,123,110,13,13
4462,59,63,-4,4
4463,103,90,13,13
4464,93,96,-3,3
4465,90,88,2,2
4466,157,155,2,2
4467,94,101,-7,7
4468,79,98,-19,19
4469,131,129,2,2
4470,50,55,-5,5
4471,111,112,-1,1
4472,106,112,-6,6
4473,104,105,-1,1
4474,94,92,2,2
4475,71,64,7,7
4476,168,158,10,10
4477,102,109,-7,7
4478,58,64,-6,6
4479,49,54,-5,5
4480,96,96,0,0
4481,74,84,-10,10
4482,135,138,-3,3
4483,171,162,9,9
4484,70,76,-6,6
4485,118,131,-13,13
4486,90,79,11,11
4487,101,116,-15,15
4488,97,96,1,1
4489,107,104,3,3
4490,87,91,-4,4
4491,43,59,-16,16
4492,79,72,7,7
4493,106,105,1,1
4494,39,42,-3,3
4495,178,159,19,19
4496,74,77,-3,3
4497,36,37,-1,1
4498,68,72,-4,4
4499,114,129,-15,15
4500,80,82,-2,2
4501,109,116,-7,7
4502,128,120,8,8
4503,87,94,-7,7
4504,110,121,-11,11
4505,100,90,10,10
4506,128,136,-8,8
4507,136,140,-4,4
4508,129,140,-11,11
4509,122,124,-2,2
4510,102,109,-7,7
4511,109,92,17,17
4512,58,68,-10,10
4513,122,113,9,9
4514,90,81,9,9
4515,57,57,0,0
4516,107,100,7,7
4517,168,166,2,2
4518,98,96,2,2
4519,120,110,10,10
4520,74,75,-1,1
4521,88,89,-1,1
4522,96,85,11,11
4523,64,72,-8,8
4524,55,60,-5,5
4525,94,89,5,5
4526,148,158,-10,10
4527,92,105,-13,13
4528,95,106,-11,11
4529,110,107,3,3
4530,83,71,12,12
4531,139,139,0,0
4532,108,94,14,14
4533,78,77,1,1
4534,78,77,1,1
4535,98,95,3,3
4536,104,103,1,1
4537,68,66,2,2
4538,103,109,-6,6
4539,66,58,8,8
4540,100,97,3,3
4541,123,119,4,4
4542,74,91,-17,17
4543,136,119,17,17
4544,47,52,-5,5
4545,92,85,7,7
4546,122,114,8,8
4547,125,122,3,3
4548,122,109,13,13
4549,61,59,2,2
4550,82,103,-21,21
4551,112,114,-2,2
4552,48,64,-16,16
4553,146,152,-6,6
4554,67,58,9,9
4555,115,117,-2,2
4556,165,166,-1,1
4557,87,87,0,0
4558,40,35,5,5
4559,55,46,9,9
4560,127,129,-2,2
4561,70,73,-3,3
4562,99,101,-2,2
4563,45,54,-9,9
4564,95,101,-6,6
4565,80,86,-6,6
4566,47,50,-3,3
4567,99,119,-20,20
4568,118,118,0,0
4569,104,98,6,6
4570,75,80,-5,5
4571,90,82,8,8
4572,82,61,21,21
4573,163,149,14,14
4574,93,88,5,5
4575,166,180,-14,14
4576,69,69,0,0
4577,122,128,-6,6
4578,148,142,6,6
4579,56,67,-11,11
4580,66,65,1,1
4581,83,93,-10,10
4582,63,61,2,2
4583,108,97,11,11
4584,123,108,15,15
4585,161,174,-13,13
4586,83,109,-26,26
4587,49,58,-9,9
4588,78,76,2,2
4589,101,108,-7,7
4590,38,37,1,1
4591,98,96,2,2
4592,174,162,12,12
4593,75,73,2,2
4594,56,62,-6,6
4595,138,132,6,6
4596,38,56,-18,18
4597,51,54,-3,3
4598,69,61,8,8
4599,98,102,-4,4
4600,87,90,-3,3
4601,88,82,6,6
4602,156,156,0,0
4603,140,133,7,7
4604,92,89,3,3
4605,49,55,-6,6
4606,82,99,-17,17
4607,217,292,-75,75
4608,99,103,-4,4
4609,110,105,5,5
4610,79,79,0,0
4611,69,68,1,1
4612,87,71,16,16
4613,84,83,1,1
4614,77,72,5,5
4615,78,78,0,0
4616,100,108,-8,8
4617,112,107,5,5
4618,130,121,9,9
4619,137,126,11,11
4620,125,113,12,12
4621,86,82,4,4
4622,152,148,4,4
4623,96,97,-1,1
4624,111,115,-4,4
4625,99,99,0,0
4626,56,56,0,0
4627,211,210,1,1
4628,109,111,-2,2
4629,137,139,-2,2
4630,74,78,-4,4
4631,120,122,-2,2
4632,81,89,-8,8
4633,71,77,-6,6
4634,88,91,-3,3
4635,111,111,0,0
4636,197,186,11,11
4637,85,87,-2,2
4638,112,114,-2,2
4639,44,54,-10,10
4640,86,84,2,2
4641,72,78,-6,6
4642,59,62,-3,3
4643,82,90,-8,8
4644,69,67,2,2
4645,91,90,1,1
4646,142,140,2,2
4647,84,57,27,27
4648,81,78,3,3
4649,101,95,6,6
4650,190,158,32,32
4651,107,102,5,5
4652,119,125,-6,6
4653,77,73,4,4
4654,152,142,10,10
4655,64,48,16,16
4656,77,79,-2,2
4657,51,50,1,1
4658,77,83,-6,6
4659,84,101,-17,17
4660,60,62,-2,2
4661,107,102,5,5
4662,87,102,-15,15
4663,116,128,-12,12
4664,160,148,12,12
4665,116,116,0,0
4666,84,73,11,11
4667,113,122,-9,9
4668,105,112,-7,7
4669,55,54,1,1
4670,91,92,-1,1
4671,113,107,6,6
4672,62,62,0,0
4673,75,76,-1,1
4674,45,44,1,1
4675,177,169,8,8
4676,131,135,-4,4
4677,112,111,1,1
4678,127,140,-13,13
4679,146,124,22,22
4680,138,136,2,2
4681,93,96,-3,3
4682,65,68,-3,3
4683,168,164,4,4
4684,112,122,-10,10
4685,149,137,12,12
4686,140,136,4,4
4687,94,98,-4,4
4688,141,131,10,10
4689,75,80,-5,5
4690,134,129,5,5
4691,95,79,16,16
4692,119,96,23,23
4693,95,103,-8,8
4694,65,67,-2,2
4695,95,99,-4,4
4696,97,100,-3,3
4697,132,134,-2,2
4698,87,86,1,1
4699,124,164,-40,40
4700,115,111,4,4
4701,45,54,-9,9
4702,110,100,10,10
4703,57,76,-19,19
4704,126,108,18,18
4705,50,53,-3,3
4706,132,132,0,0
4707,71,71,0,0
4708,88,82,6,6
4709,91,94,-3,3
4710,79,84,-5,5
4711,47,55,-8,8
4712,103,118,-15,15
4713,38,47,-9,9
4714,68,54,14,14
4715,130,123,7,7
4716,157,151,6,6
4717,99,89,10,10
4718,62,63,-1,1
4719,79,82,-3,3
4720,74,78,-4,4
4721,154,140,14,14
4722,36,53,-17,17
4723,81,87,-6,6
4724,69,81,-12,12
4725,39,45,-6,6
4726,106,95,11,11
4727,141,145,-4,4
4728,71,75,-4,4
4729,108,106,2,2
4730,142,133,9,9
4731,43,51,-8,8
4732,109,111,-2,2
4733,72,72,0,0
4734,110,111,-1,1
4735,84,96,-12,12
4736,88,75,13,13
4737,156,146,10,10
4738,106,112,-6,6
4739,160,159,1,1
4740,105,104,1,1
4741,231,260,-29,29
4742,111,103,8,8
4743,53,61,-8,8
4744,124,135,-11,11
4745,105,102,3,3
4746,144,145,-1,1
4747,83,91,-8,8
4748,81,86,-5,5
4749,96,107,-11,11
4750,143,140,3,3
4751,118,95,23,23
4752,77,77,0,0
4753,116,123,-7,7
4754,116,87,29,29
4755,76,79,-3,3
4756,73,77,-4,4
4757,92,90,2,2
4758,89,86,3,3
4759,58,57,1,1
4760,70,76,-6,6
4761,134,134,0,0
4762,73,76,-3,3
4763,139,133,6,6
4764,59,68,-9,9
4765,59,61,-2,2
4766,72,71,1,1
4767,81,82,-1,1
4768,96,93,3,3
4769,190,198,-8,8
4770,131,131,0,0
4771,188,191,-3,3
4772,141,144,-3,3
4773,103,99,4,4
4774,65,81,-16,16
4775,86,85,1,1
4776,64,58,6,6
4777,115,119,-4,4
4778,58,79,-21,21
4779,150,137,13,13
4780,70,75,-5,5
4781,91,96,-5,5
4782,104,100,4,4
4783,78,81,-3,3
4784,57,51,6,6
4785,117,108,9,9
4786,82,82,0,0
4787,50,66,-16,16
4788,76,80,-4,4
4789,64,66,-2,2
4790,140,132,8,8
4791,88,90,-2,2
4792,41,40,1,1
4793,56,66,-10,10
4794,161,169,-8,8
4795,107,100,7,7
4796,94,97,-3,3
4797,71,70,1,1
4798,163,151,12,12
4799,99,83,16,16
4800,30,43,-13,13
4801,99,89,10,10
4802,161,136,25,25
4803,82,77,5,5
4804,92,95,-3,3
4805,152,131,21,21
4806,131,113,18,18
4807,99,88,11,11
4808,50,60,-10,10
4809,80,88,-8,8
4810,99,90,9,9
4811,69,66,3,3
4812,67,72,-5,5
4813,143,132,11,11
4814,68,72,-4,4
4815,65,90,-25,25
4816,94,91,3,3
4817,55,71,-16,16
4818,94,100,-6,6
4819,45,55,-10,10
4820,140,133,7,7
4821,65,67,-2,2
4822,62,65,-3,3
4823,94,101,-7,7
4824,129,114,15,15
4825,123,113,10,10
4826,80,74,6,6
4827,86,83,3,3
4828,112,122,-10,10
4829,89,93,-4,4
4830,72,76,-4,4
4831,65,63,2,2
4832,90,87,3,3
4833,71,80,-9,9
4834,107,111,-4,4
4835,140,138,2,2
4836,57,68,-11,11
4837,104,101,3,3
4838,56,80,-24,24
4839,103,111,-8,8
4840,104,102,2,2
4841,78,77,1,1
4842,126,130,-4,4
4843,101,94,7,7
4844,85,96,-11,11
4845,72,70,2,2
4846,57,61,-4,4
4847,51,66,-15,15
4848,102,100,2,2
4849,85,65,20,20
4850,71,74,-3,3
4851,87,84,3,3
4852,74,77,-3,3
4853,104,101,3,3
4854,102,105,-3,3
4855,181,178,3,3
4856,130,122,8,8
4857,75,93,-18,18
4858,102,102,0,0
4859,56,51,5,5
4860,72,74,-2,2
4861,90,102,-12,12
4862,66,78,-12,12
4863,82,81,1,1
4864,139,164,-25,25
4865,97,75,22,22
4866,83,82,1,1
4867,71,84,-13,13
4868,81,74,7,7
4869,80,72,8,8
4870,152,147,5,5
4871,54,62,-8,8
4872,51,58,-7,7
4873,142,126,16,16
4874,134,139,-5,5
4875,253,338,-85,85
4876,85,98,-13,13
4877,274,223,51,51
4878,180,162,18,18
4879,85,94,-9,9
4880,68,80,-12,12
4881,126,118,8,8
4882,147,149,-2,2
4883,67,68,-1,1
4884,58,66,-8,8
4885,146,143,3,3
4886,170,159,11,11
4887,80,84,-4,4
4888,117,118,-1,1
4889,72,89,-17,17
4890,52,63,-11,11
4891,92,94,-2,2
4892,88,79,9,9
4893,106,113,-7,7
4894,93,83,10,10
4895,151,145,6,6
4896,90,82,8,8
4897,71,71,0,0
4898,63,57,6,6
4899,171,154,17,17
4900,83,78,5,5
4901,125,120,5,5
4902,123,108,15,15
4903,119,113,6,6
4904,100,98,2,2
4905,97,108,-11,11
4906,82,74,8,8
4907,104,109,-5,5
4908,84,78,6,6
4909,133,155,-22,22
4910,66,66,0,0
4911,328,271,57,57
4912,66,81,-15,15
4913,129,124,5,5
4914,60,62,-2,2
4915,107,127,-20,20
4916,88,78,10,10
4917,92,107,-15,15
4918,97,64,33,33
4919,95,101,-6,6
4920,176,175,1,1
4921,93,87,6,6
4922,124,117,7,7
4923,80,77,3,3
4924,117,116,1,1
4925,92,91,1,1
4926,137,123,14,14
4927,160,152,8,8
4928,114,112,2,2
4929,78,72,6,6
4930,73,80,-7,7
4931,62,61,1,1
4932,85,89,-4,4
4933,52,52,0,0
4934,53,47,6,6
4935,98,77,21,21
4936,92,94,-2,2
4937,100,106,-6,6
4938,114,124,-10,10
4939,139,138,1,1
4940,76,75,1,1
4941,119,112,7,7
4942,41,48,-7,7
4943,53,64,-11,11
4944,268,313,-45,45
4945,66,68,-2,2
4946,130,112,18,18
4947,115,116,-1,1
4948,157,153,4,4
4949,50,63,-13,13
4950,75,70,5,5
4951,79,77,2,2
4952,85,83,2,2
4953,42,71,-29,29
4954,85,84,1,1
4955,95,91,4,4
4956,72,73,-1,1
4957,90,100,-10,10
4958,81,80,1,1
4959,109,112,-3,3
4960,146,154,-8,8
4961,131,126,5,5
4962,138,127,11,11
4963,32,43,-11,11
4964,86,80,6,6
4965,76,87,-11,11
4966,73,84,-11,11
4967,132,132,0,0
4968,136,137,-1,1
4969,36,48,-12,12
4970,40,49,-9,9
4971,62,60,2,2
4972,99,110,-11,11
4973,63,65,-2,2
4974,90,86,4,4
4975,63,79,-16,16
4976,63,68,-5,5
4977,73,101,-28,28
4978,73,76,-3,3
4979,120,187,-67,67
4980,161,153,8,8
4981,74,67,7,7
4982,74,75,-1,1
4983,49,52,-3,3
4984,157,139,18,18
4985,123,123,0,0
4986,91,87,4,4
4987,115,111,4,4
4988,85,89,-4,4
4989,66,67,-1,1
4990,102,90,12,12
4991,98,99,-1,1
4992,100,91,9,9
4993,105,128,-23,23
4994,84,96,-12,12
4995,95,99,-4,4
4996,108,104,4,4
4997,62,66,-4,4
4998,116,122,-6,6
4999,79,84,-5,5
5000,73,56,17,17
5001,50,71,-21,21
5002,97,97,0,0
5003,145,132,13,13
5004,152,134,18,18
5005,134,121,13,13
5006,110,102,8,8
5007,114,106,8,8
5008,72,76,-4,4
5009,113,108,5,5
5010,58,53,5,5
5011,50,45,5,5
5012,29,40,-11,11
5013,71,69,2,2
5014,90,100,-10,10
5015,140,132,8,8
5016,123,111,12,12
5017,131,122,9,9
5018,50,56,-6,6
5019,82,79,3,3
5020,77,85,-8,8
5021,98,90,8,8
5022,83,74,9,9
5023,88,76,12,12
5024,122,108,14,14
5025,87,100,-13,13
5026,107,102,5,5
5027,75,77,-2,2
5028,89,99,-10,10
5029,124,131,-7,7
5030,105,109,-4,4
5031,62,55,7,7
5032,125,106,19,19
5033,94,89,5,5
5034,91,93,-2,2
5035,74,88,-14,14
5036,82,93,-11,11
5037,60,60,0,0
5038,69,69,0,0
5039,132,130,2,2
5040,76,80,-4,4
5041,169,170,-1,1
5042,101,91,10,10
5043,167,164,3,3
5044,79,85,-6,6
5045,78,89,-11,11
5046,61,62,-1,1
5047,137,121,16,16
5048,116,100,16,16
5049,77,84,-7,7
5050,76,112,-36,36
5051,157,156,1,1
5052,90,101,-11,11
5053,79,75,4,4
5054,131,107,24,24
5055,118,98,20,20
5056,110,98,12,12
5057,151,140,11,11
5058,159,156,3,3
5059,95,99,-4,4
5060,78,78,0,0
5061,107,113,-6,6
5062,131,124,7,7
5063,87,87,0,0
5064,42,47,-5,5
5065,66,70,-4,4
5066,101,112,-11,11
5067,140,126,14,14
5068,66,65,1,1
5069,43,42,1,1
5070,100,97,3,3
5071,120,94,26,26
5072,76,67,9,9
5073,121,135,-14,14
5074,78,72,6,6
5075,121,113,8,8
5076,51,58,-7,7
5077,101,107,-6,6
5078,136,130,6,6
5079,107,122,-15,15
5080,106,109,-3,3
5081,116,107,9,9
5082,89,84,5,5
5083,65,75,-10,10
5084,154,141,13,13
5085,130,121,9,9
5086,98,87,11,11
5087,75,91,-16,16
5088,81,85,-4,4
5089,82,96,-14,14
5090,86,96,-10,10
5091,93,105,-12,12
5092,73,76,-3,3
5093,76,83,-7,7
5094,166,167,-1,1
5095,98,100,-2,2
5096,120,102,18,18
5097,67,74,-7,7
5098,81,80,1,1
5099,170,165,5,5
5100,40,49,-9,9
5101,101,96,5,5
5102,80,78,2,2
5103,121,105,16,16
5104,58,54,4,4
5105,115,110,5,5
5106,63,80,-17,17
5107,87,95,-8,8
5108,148,150,-2,2
5109,102,98,4,4
5110,79,80,-1,1
5111,118,102,16,16
5112,92,91,1,1
5113,110,107,3,3
5114,131,130,1,1
5115,139,141,-2,2
5116,68,68,0,0
5117,122,124,-2,2
5118,140,126,14,14
5119,124,132,-8,8
5120,103,95,8,8
5121,59,77,-18,18
5122,80,86,-6,6
5123,131,123,8,8
5124,104,96,8,8
5125,155,152,3,3
5126,89,91,-2,2
5127,68,73,-5,5
5128,79,91,-12,12
5129,110,113,-3,3
5130,54,59,-5,5
5131,121,133,-12,12
5132,101,103,-2,2
5133,109,110,-1,1
5134,100,97,3,3
5135,132,131,1,1
5136,71,80,-9,9
5137,89,92,-3,3
5138,92,94,-2,2
5139,91,96,-5,5
5140,117,108,9,9
5141,100,96,4,4
5142,118,112,6,6
5143,160,130,30,30
5144,121,112,9,9
5145,88,93,-5,5
5146,152,153,-1,1
5147,56,52,4,4
5148,51,66,-15,15
5149,110,97,13,13
5150,79,92,-13,13
5151,68,113,-45,45
5152,52,64,-12,12
5153,129,136,-7,7
5154,81,75,6,6
5155,39,40,-1,1
5156,55,131,-76,76
5157,53,61,-8,8
5158,92,92,0,0
5159,72,72,0,0
5160,103,107,-4,4
5161,141,130,11,11
5162,82,86,-4,4
5163,69,88,-19,19
5164,168,161,7,7
5165,65,71,-6,6
5166,76,83,-7,7
5167,104,105,-1,1
5168,89,90,-1,1
5169,101,100,1,1
5170,53,58,-5,5
5171,105,103,2,2
5172,90,85,5,5
5173,116,111,5,5
5174,137,136,1,1
5175,126,112,14,14
5176,43,53,-10,10
5177,65,75,-10,10
5178,76,68,8,8
5179,104,104,0,0
5180,88,80,8,8
5181,75,72,3,3
5182,82,73,9,9
5183,40,62,-22,22
5184,77,79,-2,2
5185,66,57,9,9
5186,154,145,9,9
5187,86,67,19,19
5188,112,122,-10,10
5189,93,93,0,0
5190,130,152,-22,22
5191,177,165,12,12
5192,148,140,8,8
5193,80,88,-8,8
5194,58,57,1,1
5195,115,110,5,5
5196,118,111,7,7
5197,66,68,-2,2
5198,161,149,12,12
5199,80,82,-2,2
5200,105,102,3,3
5201,56,58,-2,2
5202,66,70,-4,4
5203,93,86,7,7
5204,105,91,14,14
5205,96,94,2,2
5206,62,62,0,0
5207,68,73,-5,5
5208,83,83,0,0
5209,110,114,-4,4
5210,109,105,4,4
5211,147,142,5,5
5212,68,64,4,4
5213,121,110,11,11
5214,128,133,-5,5
5215,136,138,-2,2
5216,110,106,4,4
5217,84,74,10,10
5218,93,103,-10,10
5219,68,68,0,0
5220,88,91,-3,3
5221,89,89,0,0
5222,134,131,3,3
5223,128,124,4,4
5224,79,75,4,4
5225,66,72,-6,6
5226,58,52,6,6
5227,58,78,-20,20
5228,69,75,-6,6
5229,56,68,-12,12
5230,85,85,0,0
5231,73,74,-1,1
5232,97,88,9,9
5233,100,73,27,27
5234,82,68,14,14
5235,65,65,0,0
5236,90,93,-3,3
5237,66,79,-13,13
5238,58,69,-11,11
5239,62,109,-47,47
5240,50,54,-4,4
5241,84,78,6,6
5242,82,81,1,1
5243,147,147,0,0
5244,91,82,9,9
5245,95,96,-1,1
5246,121,115,6,6
5247,56,59,-3,3
5248,54,53,1,1
5249,103,108,-5,5
5250,86,62,24,24
5251,85,86,-1,1
5252,97,68,29,29
5253,92,72,20,20
5254,59,62,-3,3
5255,115,118,-3,3
5256,116,115,1,1
5257,101,103,-2,2
5258,120,87,33,33
5259,164,148,16,16
5260,55,52,3,3
5261,91,96,-5,5
5262,75,78,-3,3
5263,121,119,2,2
5264,57,60,-3,3
5265,38,48,-10,10
5266,92,83,9,9
5267,67,69,-2,2
5268,120,121,-1,1
5269,83,77,6,6
5270,138,147,-9,9
5271,169,156,13,13
5272,59,67,-8,8
5273,47,48,-1,1
5274,46,41,5,5
5275,123,125,-2,2
5276,142,144,-2,2
5277,80,97,-17,17
5278,31,49,-18,18
5279,128,128,0,0
5280,112,98,14,14
5281,98,104,-6,6
5282,55,63,-8,8
5283,110,95,15,15
5284,91,103,-12,12
5285,112,95,17,17
5286,115,113,2,2
5287,73,72,1,1
5288,106,105,1,1
5289,93,91,2,2
5290,166,164,2,2
5291,128,131,-3,3
5292,112,98,14,14
5293,89,92,-3,3
5294,74,77,-3,3
5295,106,119,-13,13
5296,72,71,1,1
5297,78,80,-2,2
5298,92,94,-2,2
5299,140,132,8,8
5300,103,104,-1,1
5301,102,112,-10,10
5302,63,77,-14,14
5303,169,155,14,14
5304,78,83,-5,5
5305,132,129,3,3
5306,50,41,9,9
5307,127,115,12,12
5308,138,118,20,20
5309,61,53,8,8
5310,87,86,1,1
5311,109,112,-3,3
5312,77,79,-2,2
5313,92,106,-14,14
5314,84,88,-4,4
5315,140,124,16,16
5316,79,84,-5,5
5317,87,61,26,26
5318,76,67,9,9
5319,54,60,-6,6
5320,77,90,-13,13
5321,28,51,-23,23
5322,85,73,12,12
5323,41,47,-6,6
5324,78,83,-5,5
5325,117,103,14,14
5326,99,95,4,4
5327,130,132,-2,2
5328,58,59,-1,1
5329,76,68,8,8
5330,72,75,-3,3
5331,72,83,-11,11
5332,130,123,7,7
5333,85,91,-6,6
5334,74,77,-3,3
5335,117,119,-2,2
5336,105,111,-6,6
5337,114,110,4,4
5338,94,112,-18,18
5339,127,126,1,1
5340,100,99,1,1
5341,100,108,-8,8
5342,114,115,-1,1
5343,137,144,-7,7
5344,141,134,7,7
5345,186,168,18,18
5346,49,56,-7,7
5347,71,79,-8,8
5348,144,142,2,2
5349,108,94,14,14
5350,102,90,12,12
5351,129,120,9,9
5352,123,112,11,11
5353,48,51,-3,3
5354,70,64,6,6
5355,81,81,0,0
5356,72,75,-3,3
5357,76,76,0,0
5358,114,125,-11,11
5359,130,124,6,6
5360,113,124,-11,11
5361,57,60,-3,3
5362,77,81,-4,4
5363,117,113,4,4
5364,79,76,3,3
5365,87,93,-6,6
5366,99,101,-2,2
5367,211,193,18,18
5368,92,83,9,9
5369,119,109,10,10
5370,54,73,-19,19
5371,111,114,-3,3
5372,67,65,2,2
5373,185,180,5,5
5374,68,75,-7,7
5375,190,170,20,20
5376,124,127,-3,3
5377,80,78,2,2
5378,78,88,-10,10
5379,92,105,-13,13
5380,70,70,0,0
5381,51,66,-15,15
5382,89,94,-5,5
5383,82,88,-6,6
5384,83,80,3,3
5385,204,191,13,13
5386,114,108,6,6
5387,62,62,0,0
5388,100,100,0,0
5389,143,159,-16,16
5390,89,90,-1,1
5391,123,132,-9,9
5392,150,145,5,5
5393,135,104,31,31
5394,114,122,-8,8
5395,94,100,-6,6
5396,158,143,15,15
5397,58,74,-16,16
5398,94,104,-10,10
5399,59,58,1,1
5400,81,97,-16,16
5401,70,76,-6,6
5402,79,86,-7,7
5403,49,58,-9,9
5404,85,96,-11,11
5405,85,84,1,1
5406,55,54,1,1
5407,97,102,-5,5
5408,95,90,5,5
5409,129,128,1,1
5410,53,57,-4,4
5411,109,113,-4,4
5412,92,133,-41,41
5413,122,95,27,27
5414,102,101,1,1
5415,98,111,-13,13
5416,68,86,-18,18
5417,108,105,3,3
5418,92,83,9,9
5419,95,91,4,4
5420,65,67,-2,2
5421,27,33,-6,6
5422,62,63,-1,1
5423,109,104,5,5
5424,72,76,-4,4
5425,58,63,-5,5
5426,121,111,10,10
5427,101,91,10,10
5428,63,66,-3,3
5429,38,46,-8,8
5430,145,145,0,0
5431,103,110,-7,7
5432,215,295,-80,80
5433,122,111,11,11
5434,90,94,-4,4
5435,67,73,-6,6
5436,98,102,-4,4
5437,106,109,-3,3
5438,119,117,2,2
5439,93,92,1,1
5440,48,58,-10,10
5441,87,89,-2,2
5442,108,106,2,2
5443,72,67,5,5
5444,124,120,4,4
5445,114,111,3,3
5446,43,46,-3,3
5447,109,111,-2,2
5448,99,105,-6,6
5449,116,107,9,9
5450,72,92,-20,20
5451,122,134,-12,12
5452,98,91,7,7
5453,144,160,-16,16
5454,78,78,0,0
5455,70,68,2,2
5456,114,106,8,8
5457,137,139,-2,2
5458,113,101,12,12
5459,115,103,12,12
5460,85,79,6,6
5461,63,69,-6,6
5462,114,121,-7,7
5463,88,87,1,1
5464,125,121,4,4
5465,116,115,1,1
5466,150,132,18,18
5467,78,74,4,4
5468,75,69,6,6
5469,81,89,-8,8
5470,116,134,-18,18
5471,64,58,6,6
5472,93,86,7,7
5473,96,92,4,4
5474,147,143,4,4
5475,77,72,5,5
5476,139,140,-1,1
5477,64,67,-3,3
5478,82,84,-2,2
5479,70,73,-3,3
5480,142,141,1,1
5481,99,91,8,8
5482,64,80,-16,16
5483,80,87,-7,7
5484,69,62,7,7
5485,64,63,1,1
5486,99,102,-3,3
5487,120,104,16,16
5488,80,66,14,14
5489,145,138,7,7
5490,161,153,8,8
5491,86,94,-8,8
5492,123,126,-3,3
5493,91,87,4,4
5494,147,139,8,8
5495,92,82,10,10
5496,79,84,-5,5
5497,144,130,14,14
5498,72,77,-5,5
5499,91,99,-8,8
5500,162,162,0,0
5501,76,90,-14,14
5502,82,91,-9,9
5503,63,74,-11,11
5504,71,71,0,0
5505,74,70,4,4
5506,152,144,8,8
5507,102,103,-1,1
5508,70,72,-2,2
5509,46,52,-6,6
5510,85,95,-10,10
5511,81,81,0,0
5512,85,83,2,2
5513,108,100,8,8
5514,124,118,6,6
5515,81,87,-6,6
5516,97,120,-23,23
5517,137,142,-5,5
5518,125,123,2,2
5519,90,93,-3,3
5520,83,74,9,9
5521,89,88,1,1
5522,124,112,12,12
5523,101,89,12,12
5524,103,105,-2,2
5525,61,66,-5,5
5526,85,90,-5,5
5527,102,103,-1,1
5528,83,97,-14,14
5529,91,91,0,0
5530,131,95,36,36
5531,150,127,23,23
5532,107,110,-3,3
5533,115,115,0,0
5534,126,126,0,0
5535,129,119,10,10
5536,95,93,2,2
5537,143,130,13,13
5538,115,114,1,1
5539,85,83,2,2
5540,164,149,15,15
5541,95,100,-5,5
5542,137,160,-23,23
5543,121,112,9,9
5544,83,84,-1,1
5545,115,114,1,1
5546,154,160,-6,6
5547,115,99,16,16
5548,88,81,7,7
5549,116,117,-1,1
5550,119,95,24,24
5551,30,39,-9,9
5552,100,97,3,3
5553,132,129,3,3
5554,186,178,8,8
5555,82,82,0,0
5556,176,161,15,15
5557,107,102,5,5
5558,89,82,7,7
5559,94,103,-9,9
5560,51,57,-6,6
5561,138,142,-4,4
5562,78,77,1,1
5563,59,64,-5,5
5564,58,53,5,5
5565,67,69,-2,2
5566,79,72,7,7
5567,54,53,1,1
5568,62,65,-3,3
5569,83,85,-2,2
5570,75,78,-3,3
5571,115,114,1,1
5572,114,113,1,1
5573,126,114,12,12
5574,88,100,-12,12
5575,69,67,2,2
5576,38,52,-14,14
5577,71,64,7,7
5578,66,66,0,0
5579,62,60,2,2
5580,75,72,3,3
5581,59,62,-3,3
5582,97,109,-12,12
5583,81,87,-6,6
5584,69,76,-7,7
5585,81,75,6,6
5586,101,106,-5,5
5587,97,94,3,3
5588,60,77,-17,17
5589,119,115,4,4
5590,113,163,-50,50
5591,130,119,11,11
5592,61,72,-11,11
5593,166,149,17,17
5594,51,59,-8,8
5595,140,138,2,2
5596,109,112,-3,3
5597,115,111,4,4
5598,112,110,2,2
5599,89,89,0,0
5600,65,71,-6,6
5601,97,109,-12,12
5602,81,93,-12,12
5603,59,59,0,0
5604,52,55,-3,3
5605,74,83,-9,9
5606,76,75,1,1
5607,111,88,23,23
5608,112,109,3,3
5609,66,79,-13,13
5610,96,83,13,13
5611,61,66,-5,5
5612,162,153,9,9
5613,120,111,9,9
5614,68,83,-15,15
5615,61,74,-13,13
5616,110,112,-2,2
5617,114,119,-5,5
5618,41,42,-1,1
5619,63,57,6,6
5620,77,78,-1,1
5621,92,86,6,6
5622,80,80,0,0
5623,40,44,-4,4
5624,56,69,-13,13
5625,72,69,3,3
5626,123,117,6,6
5627,77,61,16,16
5628,107,105,2,2
5629,112,112,0,0
5630,72,71,1,1
5631,99,106,-7,7
5632,118,108,10,10
5633,77,75,2,2
5634,139,141,-2,2
5635,84,82,2,2
5636,62,64,-2,2
5637,100,95,5,5
5638,80,80,0,0
5639,91,90,1,1
5640,113,108,5,5
5641,45,49,-4,4
5642,71,62,9,9
5643,122,109,13,13
5644,53,62,-9,9
5645,78,97,-19,19
5646,65,68,-3,3
5647,40,56,-16,16
5648,136,123,13,13
5649,120,111,9,9
5650,104,115,-11,11
5651,85,81,4,4
5652,89,83,6,6
5653,84,92,-8,8
5654,80,93,-13,13
5655,119,130,-11,11
5656,105,102,3,3
5657,61,93,-32,32
5658,53,71,-18,18
5659,69,72,-3,3
5660,83,80,3,3
5661,122,106,16,16
5662,88,82,6,6
5663,88,85,3,3
5664,104,115,-11,11
5665,94,87,7,7
5666,133,133,0,0
5667,53,85,-32,32
5668,73,81,-8,8
5669,92,96,-4,4
5670,92,90,2,2
5671,91,87,4,4
5672,82,85,-3,3
5673,87,84,3,3
5674,135,132,3,3
5675,126,126,0,0
5676,94,92,2,2
5677,55,58,-3,3
5678,104,95,9,9
5679,127,132,-5,5
5680,135,141,-6,6
5681,145,138,7,7
5682,99,98,1,1
5683,96,95,1,1
5684,103,95,8,8
5685,32,53,-21,21
5686,74,75,-1,1
5687,109,99,10,10
5688,59,57,2,2
5689,101,96,5,5
5690,69,69,0,0
5691,71,90,-19,19
5692,101,94,7,7
5693,129,131,-2,2
5694,114,115,-1,1
5695,73,67,6,6
5696,179,160,19,19
5697,81,82,-1,1
5698,127,116,11,11
5699,129,130,-1,1
5700,57,57,0,0
5701,50,58,-8,8
5702,80,71,9,9
5703,116,118,-2,2
5704,93,82,11,11
5705,164,167,-3,3
5706,43,49,-6,6
5707,96,112,-16,16
5708,88,76,12,12
5709,66,61,5,5
5710,97,100,-3,3
5711,86,93,-7,7
5712,83,95,-12,12
5713,87,97,-10,10
5714,61,66,-5,5
5715,81,83,-2,2
5716,164,158,6,6
5717,138,123,15,15
5718,115,119,-4,4
5719,86,89,-3,3
5720,118,134,-16,16
5721,67,67,0,0
5722,87,99,-12,12
5723,74,72,2,2
5724,51,49,2,2
5725,67,64,3,3
5726,84,76,8,8
5727,94,99,-5,5
5728,69,74,-5,5
5729,115,121,-6,6
5730,48,50,-2,2
5731,77,74,3,3
5732,81,76,5,5
5733,110,114,-4,4
5734,74,94,-20,20
5735,54,67,-13,13
5736,84,84,0,0
5737,70,78,-8,8
5738,64,67,-3,3
5739,80,90,-10,10
5740,78,60,18,18
5741,83,94,-11,11
5742,81,80,1,1
5743,34,55,-21,21
5744,149,169,-20,20
5745,50,66,-16,16
5746,57,59,-2,2
5747,75,71,4,4
5748,139,127,12,12
5749,48,50,-2,2
5750,61,68,-7,7
5751,96,87,9,9
5752,64,60,4,4
5753,90,91,-1,1
5754,81,84,-3,3
5755,119,119,0,0
5756,129,124,5,5
5757,111,113,-2,2
5758,79,88,-9,9
5759,107,107,0,0
5760,77,84,-7,7
5761,67,64,3,3
5762,103,90,13,13
5763,60,61,-1,1
5764,115,122,-7,7
5765,62,60,2,2
5766,71,76,-5,5
5767,67,79,-12,12
5768,46,47,-1,1
5769,52,54,-2,2
5770,55,54,1,1
5771,95,88,7,7
5772,119,108,11,11
5773,156,161,-5,5
5774,89,80,9,9
5775,130,112,18,18
5776,149,138,11,11
5777,53,70,-17,17
5778,103,103,0,0
5779,181,165,16,16
5780,88,82,6,6
5781,91,93,-2,2
5782,79,73,6,6
5783,64,78,-14,14
5784,85,90,-5,5
5785,45,51,-6,6
5786,72,73,-1,1
5787,118,110,8,8
5788,54,53,1,1
5789,98,107,-9,9
5790,79,82,-3,3
5791,63,68,-5,5
5792,27,45,-18,18
5793,142,131,11,11
5794,67,72,-5,5
5795,146,137,9,9
5796,80,87,-7,7
5797,68,83,-15,15
5798,92,99,-7,7
5799,48,53,-5,5
5800,117,98,19,19
5801,98,100,-2,2
5802,73,72,1,1
5803,84,88,-4,4
5804,95,95,0,0
5805,120,111,9,9
5806,151,163,-12,12
5807,50,51,-1,1
5808,93,90,3,3
5809,150,148,2,2
5810,65,81,-16,16
5811,76,90,-14,14
5812,69,72,-3,3
5813,91,87,4,4
5814,81,83,-2,2
5815,92,88,4,4
5816,127,144,-17,17
5817,100,107,-7,7
5818,98,99,-1,1
5819,109,109,0,0
5820,69,72,-3,3
5821,94,96,-2,2
5822,156,148,8,8
5823,82,97,-15,15
5824,62,60,2,2
5825,56,64,-8,8
5826,44,53,-9,9
5827,134,110,24,24
5828,75,73,2,2
5829,88,88,0,0
5830,63,70,-7,7
5831,106,114,-8,8
5832,121,106,15,15
5833,94,103,-9,9
5834,89,101,-12,12
5835,45,54,-9,9
5836,76,81,-5,5
5837,85,72,13,13
5838,129,126,3,3
5839,113,113,0,0
5840,127,121,6,6
5841,129,150,-21,21
5842,92,103,-11,11
5843,60,60,0,0
5844,91,80,11,11
5845,90,86,4,4
5846,143,139,4,4
5847,79,77,2,2
5848,118,166,-48,48
5849,65,67,-2,2
5850,88,70,18,18
5851,102,98,4,4
5852,67,67,0,0
5853,104,102,2,2
5854,164,156,8,8
5855,145,141,4,4
5856,51,48,3,3
5857,35,53,-18,18
5858,125,111,14,14
5859,78,83,-5,5
5860,110,100,10,10
5861,133,125,8,8
5862,92,91,1,1
5863,89,101,-12,12
5864,66,71,-5,5
5865,96,96,0,0
5866,74,76,-2,2
5867,21,35,-14,14
5868,52,63,-11,11
5869,49,54,-5,5
5870,133,137,-4,4
5871,56,54,2,2
5872,48,52,-4,4
5873,53,59,-6,6
5874,86,95,-9,9
5875,81,89,-8,8
5876,139,137,2,2
5877,111,131,-20,20
5878,118,121,-3,3
5879,61,66,-5,5
5880,88,97,-9,9
5881,58,68,-10,10
5882,91,89,2,2
5883,110,107,3,3
5884,118,122,-4,4
5885,109,105,4,4
5886,52,57,-5,5
5887,69,74,-5,5
5888,144,129,15,15
5889,87,94,-7,7
5890,153,136,17,17
5891,49,48,1,1
5892,106,119,-13,13
5893,85,82,3,3
5894,95,93,2,2
5895,99,97,2,2
5896,154,177,-23,23
5897,64,81,-17,17
5898,74,64,10,10
5899,94,95,-1,1
5900,83,61,22,22
5901,66,56,10,10
5902,48,60,-12,12
5903,87,96,-9,9
5904,28,50,-22,22
5905,63,62,1,1
5906,117,115,2,2
5907,169,158,11,11
5908,54,50,4,4
5909,118,114,4,4
5910,77,74,3,3
5911,87,94,-7,7
5912,259,231,28,28
5913,116,121,-5,5
5914,141,137,4,4
5915,63,69,-6,6
5916,194,176,18,18
5917,58,75,-17,17
5918,117,109,8,8
5919,101,94,7,7
5920,128,124,4,4
5921,99,89,10,10
5922,122,110,12,12
5923,146,140,6,6
5924,117,106,11,11
5925,85,89,-4,4
5926,156,145,11,11
5927,85,80,5,5
5928,149,158,-9,9
5929,62,67,-5,5
5930,133,128,5,5
5931,76,76,0,0
5932,67,68,-1,1
5933,125,159,-34,34
5934,73,75,-2,2
5935,106,115,-9,9
5936,98,101,-3,3
5937,113,104,9,9
5938,151,150,1,1
5939,91,81,10,10
5940,115,125,-10,10
5941,99,102,-3,3
5942,51,72,-21,21
5943,102,114,-12,12
5944,123,110,13,13
5945,71,67,4,4
5946,116,111,5,5
5947,118,115,3,3
5948,151,161,-10,10
5949,93,92,1,1
5950,77,96,-19,19
5951,52,52,0,0
5952,88,88,0,0
5953,56,42,14,14
5954,152,163,-11,11
5955,129,128,1,1
5956,75,82,-7,7
5957,98,95,3,3
5958,149,150,-1,1
5959,73,68,5,5
5960,96,117,-21,21
5961,145,132,13,13
5962,88,90,-2,2
5963,159,147,12,12
5964,178,163,15,15
5965,81,91,-10,10
5966,142,126,16,16
5967,97,85,12,12
5968,145,149,-4,4
5969,91,85,6,6
5970,85,76,9,9
5971,87,77,10,10
5972,90,83,7,7
5973,68,69,-1,1
5974,94,79,15,15
5975,101,101,0,0
5976,92,85,7,7
5977,71,74,-3,3
5978,113,110,3,3
5979,102,108,-6,6
5980,114,119,-5,5
5981,97,92,5,5
5982,47,58,-11,11
5983,60,50,10,10
5984,135,120,15,15
5985,58,57,1,1
5986,206,182,24,24
5987,68,74,-6,6
5988,42,46,-4,4
5989,73,67,6,6
5990,83,85,-2,2
5991,72,61,11,11
5992,111,84,27,27
5993,58,63,-5,5
5994,130,140,-10,10
5995,111,110,1,1
5996,140,149,-9,9
5997,95,94,1,1
5998,96,86,10,10
5999,91,76,15,15
6000,79,80,-1,1
6001,74,80,-6,6
6002,169,152,17,17
6003,117,117,0,0
6004,78,60,18,18
6005,115,120,-5,5
6006,44,51,-7,7
6007,103,110,-7,7
6008,78,120,-42,42
6009,49,57,-8,8
6010,126,127,-1,1
6011,93,78,15,15
6012,140,139,1,1
6013,85,83,2,2
6014,116,123,-7,7
6015,83,79,4,4
6016,96,111,-15,15
6017,143,138,5,5
6018,74,76,-2,2
6019,92,97,-5,5
6020,63,64,-1,1
6021,49,56,-7,7
6022,144,144,0,0
6023,54,50,4,4
6024,116,176,-60,60
6025,66,73,-7,7
6026,56,60,-4,4
6027,56,102,-46,46
6028,107,115,-8,8
6029,140,133,7,7
6030,92,102,-10,10
6031,76,72,4,4
6032,90,94,-4,4
6033,138,140,-2,2
6034,71,58,13,13
6035,89,102,-13,13
6036,66,62,4,4
6037,60,63,-3,3
6038,116,127,-11,11
6039,179,189,-10,10
6040,90,88,2,2
6041,116,124,-8,8
6042,89,85,4,4
6043,95,92,3,3
6044,85,69,16,16
6045,53,69,-16,16
6046,166,158,8,8
6047,43,59,-16,16
6048,119,125,-6,6
6049,105,122,-17,17
6050,121,115,6,6
6051,73,68,5,5
6052,67,71,-4,4
6053,119,128,-9,9
6054,106,112,-6,6
6055,72,71,1,1
6056,75,69,6,6
6057,70,79,-9,9
6058,143,125,18,18
6059,83,83,0,0
6060,83,95,-12,12
6061,46,61,-15,15
6062,47,54,-7,7
6063,119,122,-3,3
6064,108,93,15,15
6065,43,63,-20,20
6066,64,54,10,10
6067,83,95,-12,12
6068,141,128,13,13
6069,107,106,1,1
6070,35,57,-22,22
6071,119,118,1,1
6072,88,87,1,1
6073,77,83,-6,6
6074,75,80,-5,5
6075,140,136,4,4
6076,66,68,-2,2
6077,121,119,2,2
6078,47,59,-12,12
6079,68,69,-1,1
6080,112,115,-3,3
6081,178,168,10,10
6082,87,100,-13,13
6083,164,145,19,19
6084,79,84,-5,5
6085,71,73,-2,2
6086,111,132,-21,21
6087,78,84,-6,6
6088,160,162,-2,2
6089,98,99,-1,1
6090,115,148,-33,33
6091,95,98,-3,3
6092,65,65,0,0
6093,159,152,7,7
6094,85,87,-2,2
6095,69,62,7,7
6096,116,118,-2,2
6097,55,54,1,1
6098,96,97,-1,1
6099,94,88,6,6
6100,72,87,-15,15
6101,94,89,5,5
6102,124,133,-9,9
6103,62,64,-2,2
6104,79,73,6,6
6105,146,132,14,14
6106,42,43,-1,1
6107,85,83,2,2
6108,100,92,8,8
6109,131,123,8,8
6110,72,79,-7,7
6111,49,55,-6,6
6112,116,114,2,2
6113,102,104,-2,2
6114,135,128,7,7
6115,138,134,4,4
6116,40,61,-21,21
6117,104,108,-4,4
6118,99,90,9,9
6119,50,48,2,2
6120,108,104,4,4
6121,106,100,6,6
6122,93,91,2,2
6123,155,150,5,5
6124,127,125,2,2
6125,78,78,0,0
6126,87,89,-2,2
6127,73,80,-7,7
6128,92,105,-13,13
6129,86,86,0,0
6130,117,114,3,3
6131,65,64,1,1
6132,44,35,9,9
6133,142,133,9,9
6134,83,92,-9,9
6135,104,107,-3,3
6136,119,105,14,14
6137,112,101,11,11
6138,96,90,6,6
6139,58,62,-4,4
6140,44,62,-18,18
6141,107,109,-2,2
6142,115,119,-4,4
6143,87,91,-4,4
6144,102,105,-3,3
6145,89,82,7,7
6146,119,114,5,5
6147,101,86,15,15
6148,55,62,-7,7
6149,92,84,8,8
6150,108,96,12,12
6151,57,62,-5,5
6152,119,108,11,11
6153,133,128,5,5
6154,80,83,-3,3
6155,66,70,-4,4
6156,114,111,3,3
6157,111,118,-7,7
6158,140,141,-1,1
6159,108,78,30,30
6160,89,98,-9,9
6161,88,78,10,10
6162,76,80,-4,4
6163,80,83,-3,3
6164,98,93,5,5
6165,73,69,4,4
6166,136,129,7,7
6167,50,60,-10,10
6168,88,95,-7,7
6169,69,71,-2,2
6170,151,140,11,11
6171,66,61,5,5
6172,73,78,-5,5
6173,65,61,4,4
6174,72,72,0,0
6175,52,56,-4,4
6176,108,87,21,21
6177,86,82,4,4
6178,34,67,-33,33
6179,183,171,12,12
6180,54,50,4,4
6181,122,126,-4,4
6182,64,67,-3,3
6183,75,74,1,1
6184,105,95,10,10
6185,65,71,-6,6
6186,84,91,-7,7
6187,101,99,2,2
6188,117,113,4,4
6189,148,150,-2,2
6190,66,77,-11,11
6191,106,112,-6,6
6192,147,125,22,22
6193,108,114,-6,6
6194,133,99,34,34
6195,42,52,-10,10
6196,67,69,-2,2
6197,117,115,2,2
6198,127,132,-5,5
6199,84,82,2,2
6200,72,72,0,0
6201,77,81,-4,4
6202,83,71,12,12
6203,77,93,-16,16
6204,133,135,-2,2
6205,61,73,-12,12
6206,75,77,-2,2
6207,81,79,2,2
6208,95,95,0,0
6209,115,110,5,5
6210,106,111,-5,5
6211,85,80,5,5
6212,89,92,-3,3
6213,103,92,11,11
6214,78,74,4,4
6215,83,80,3,3
6216,128,118,10,10
6217,64,71,-7,7
6218,87,86,1,1
6219,108,101,7,7
6220,108,109,-1,1
6221,77,73,4,4
6222,65,81,-16,16
6223,56,63,-7,7
6224,69,74,-5,5
6225,83,77,6,6
6226,93,104,-11,11
6227,85,79,6,6
6228,177,174,3,3
6229,52,56,-4,4
6230,35,43,-8,8
6231,128,118,10,10
6232,98,94,4,4
6233,83,82,1,1
6234,67,70,-3,3
6235,102,107,-5,5
6236,115,112,3,3
6237,103,103,0,0
6238,99,103,-4,4
6239,100,94,6,6
6240,148,132,16,16
6241,67,70,-3,3
6242,131,126,5,5
6243,76,80,-4,4
6244,91,99,-8,8
6245,110,103,7,7
6246,133,125,8,8
6247,77,79,-2,2
6248,151,149,2,2
6249,130,134,-4,4
6250,80,90,-10,10
6251,86,88,-2,2
6252,117,131,-14,14
6253,72,68,4,4
6254,104,109,-5,5
6255,108,95,13,13
6256,103,110,-7,7
6257,57,63,-6,6
6258,30,33,-3,3
6259,70,82,-12,12
6260,93,106,-13,13
6261,75,69,6,6
6262,46,53,-7,7
6263,169,132,37,37
6264,88,86,2,2
6265,71,78,-7,7
6266,97,100,-3,3
6267,133,120,13,13
6268,77,76,1,1
6269,93,102,-9,9
6270,52,65,-13,13
6271,124,134,-10,10
6272,60,92,-32,32
6273,53,59,-6,6
6274,98,92,6,6
6275,105,93,12,12
6276,92,89,3,3
6277,106,98,8,8
6278,55,52,3,3
6279,94,108,-14,14
6280,94,79,15,15
6281,67,85,-18,18
6282,109,105,4,4
6283,61,72,-11,11
6284,49,53,-4,4
6285,99,99,0,0
6286,109,98,11,11
6287,73,70,3,3
6288,107,97,10,10
6289,82,82,0,0
6290,122,110,12,12
6291,50,51,-1,1
6292,102,90,12,12
6293,99,97,2,2
6294,40,36,4,4
6295,61,61,0,0
6296,94,100,-6,6
6297,55,60,-5,5
6298,66,68,-2,2
6299,58,66,-8,8
6300,139,143,-4,4
6301,104,90,14,14
6302,74,67,7,7
6303,77,66,11,11
6304,77,76,1,1
6305,91,90,1,1
6306,74,69,5,5
6307,63,63,0,0
6308,56,60,-4,4
6309,103,112,-9,9
6310,83,82,1,1
6311,69,73,-4,4
6312,165,149,16,16
6313,109,108,1,1
6314,93,82,11,11
6315,123,125,-2,2
6316,142,132,10,10
6317,71,64,7,7
6318,102,105,-3,3
6319,81,83,-2,2
6320,178,151,27,27
6321,75,67,8,8
6322,68,57,11,11
6323,135,139,-4,4
6324,103,105,-2,2
6325,108,108,0,0
6326,62,81,-19,19
6327,95,103,-8,8
6328,114,111,3,3
6329,120,117,3,3
6330,124,125,-1,1
6331,90,98,-8,8
6332,29,34,-5,5
6333,69,74,-5,5
6334,61,75,-14,14
6335,85,83,2,2
6336,83,87,-4,4
6337,122,106,16,16
6338,148,132,16,16
6339,108,95,13,13
6340,96,97,-1,1
6341,75,79,-4,4
6342,101,113,-12,12
6343,81,79,2,2
6344,98,104,-6,6
6345,95,90,5,5
6346,100,92,8,8
6347,96,96,0,0
6348,161,172,-11,11
6349,84,69,15,15
6350,55,56,-1,1
6351,59,61,-2,2
6352,124,123,1,1
6353,137,124,13,13
6354,118,117,1,1
6355,144,123,21,21
6356,182,177,5,5
6357,126,123,3,3
6358,127,123,4,4
6359,111,106,5,5
6360,92,92,0,0
6361,106,111,-5,5
6362,74,77,-3,3
6363,68,81,-13,13
6364,108,117,-9,9
6365,95,97,-2,2
6366,103,112,-9,9
6367,81,81,0,0
6368,86,96,-10,10
6369,170,160,10,10
6370,50,53,-3,3
6371,51,53,-2,2
6372,94,85,9,9
6373,146,160,-14,14
6374,74,74,0,0
6375,100,92,8,8
6376,128,117,11,11
6377,74,76,-2,2
6378,108,123,-15,15
6379,77,88,-11,11
6380,63,65,-2,2
6381,50,45,5,5
6382,109,101,8,8
6383,52,51,1,1
6384,68,81,-13,13
6385,90,97,-7,7
6386,80,88,-8,8
6387,55,64,-9,9
6388,103,90,13,13
6389,84,95,-11,11
6390,90,81,9,9
6391,66,73,-7,7
6392,167,157,10,10
6393,82,81,1,1
6394,73,69,4,4
6395,86,93,-7,7
6396,71,74,-3,3
6397,80,99,-19,19
6398,92,98,-6,6
6399,117,105,12,12
6400,51,88,-37,37
6401,94,94,0,0
6402,84,80,4,4
6403,135,129,6,6
6404,66,76,-10,10
6405,151,145,6,6
6406,92,92,0,0
6407,102,102,0,0
6408,116,101,15,15
6409,50,67,-17,17
6410,88,85,3,3
6411,119,118,1,1
6412,107,106,1,1
6413,93,104,-11,11
6414,142,126,16,16
6415,52,52,0,0
6416,115,117,-2,2
6417,52,50,2,2
6418,56,50,6,6
6419,152,128,24,24
6420,83,77,6,6
6421,62,69,-7,7
6422,64,77,-13,13
6423,119,109,10,10
6424,157,140,17,17
6425,51,60,-9,9
6426,118,119,-1,1
6427,58,73,-15,15
6428,94,86,8,8
6429,45,52,-7,7
6430,120,110,10,10
6431,88,86,2,2
6432,84,99,-15,15
6433,131,124,7,7
6434,98,86,12,12
6435,50,41,9,9
6436,88,75,13,13
6437,101,118,-17,17
6438,78,76,2,2
6439,40,64,-24,24
6440,103,110,-7,7
6441,96,88,8,8
6442,83,90,-7,7
6443,93,90,3,3
6444,82,73,9,9
6445,103,97,6,6
6446,41,64,-23,23
6447,39,46,-7,7
6448,60,60,0,0
6449,137,132,5,5
6450,46,60,-14,14
6451,51,53,-2,2
6452,82,83,-1,1
6453,131,110,21,21
6454,66,75,-9,9
6455,76,76,0,0
6456,204,189,15,15
6457,106,113,-7,7
6458,72,65,7,7
6459,145,152,-7,7
6460,80,78,2,2
6461,89,83,6,6
6462,148,157,-9,9
6463,141,127,14,14
6464,59,55,4,4
6465,51,52,-1,1
6466,88,86,2,2
6467,77,70,7,7
6468,103,97,6,6
6469,94,82,12,12
6470,92,84,8,8
6471,82,85,-3,3
6472,89,93,-4,4
6473,72,76,-4,4
6474,135,131,4,4
6475,135,125,10,10
6476,85,82,3,3
6477,63,61,2,2
6478,173,161,12,12
6479,108,108,0,0
6480,141,121,20,20
6481,85,97,-12,12
6482,144,143,1,1
6483,66,63,3,3
6484,86,82,4,4
6485,84,77,7,7
6486,107,102,5,5
6487,60,68,-8,8
6488,62,73,-11,11
6489,174,177,-3,3
6490,68,68,0,0
6491,74,83,-9,9
6492,67,65,2,2
6493,72,68,4,4
6494,117,112,5,5
6495,93,121,-28,28
6496,69,75,-6,6
6497,75,78,-3,3
6498,84,78,6,6
6499,101,101,0,0
6500,78,74,4,4
6501,202,199,3,3
6502,97,109,-12,12
6503,79,84,-5,5
6504,97,111,-14,14
6505,60,69,-9,9
6506,58,62,-4,4
6507,113,121,-8,8
6508,63,63,0,0
6509,79,70,9,9
6510,94,89,5,5
6511,129,134,-5,5
6512,142,143,-1,1
6513,96,92,4,4
6514,83,88,-5,5
6515,137,122,15,15
6516,99,89,10,10
6517,92,86,6,6
6518,92,108,-16,16
6519,69,67,2,2
6520,126,133,-7,7
6521,148,157,-9,9
6522,90,89,1,1
6523,94,87,7,7
6524,111,110,1,1
6525,86,86,0,0
6526,49,69,-20,20
6527,124,126,-2,2
6528,107,106,1,1
6529,129,135,-6,6
6530,58,61,-3,3
6531,70,71,-1,1
6532,70,78,-8,8
6533,91,86,5,5
6534,86,65,21,21
6535,102,104,-2,2
6536,83,84,-1,1
6537,119,115,4,4
6538,76,117,-41,41
6539,49,50,-1,1
6540,94,87,7,7
6541,124,97,27,27
6542,65,63,2,2
6543,96,103,-7,7
6544,170,157,13,13
6545,68,77,-9,9
6546,28,37,-9,9
6547,135,133,2,2
6548,151,137,14,14
6549,80,84,-4,4
6550,79,93,-14,14
6551,68,83,-15,15
6552,118,112,6,6
6553,73,66,7,7
6554,104,112,-8,8
6555,147,130,17,17
6556,91,105,-14,14
6557,147,124,23,23
6558,55,61,-6,6
6559,66,68,-2,2
6560,121,112,9,9
6561,70,69,1,1
6562,107,109,-2,2
6563,153,149,4,4
6564,124,127,-3,3
6565,59,69,-10,10
6566,90,87,3,3
6567,57,65,-8,8
6568,129,118,11,11
6569,98,99,-1,1
6570,152,141,11,11
6571,55,64,-9,9
6572,93,74,19,19
6573,61,56,5,5
6574,135,127,8,8
6575,72,63,9,9
6576,105,104,1,1
6577,65,97,-32,32
6578,91,90,1,1
6579,117,112,5,5
6580,85,85,0,0
6581,125,112,13,13
6582,57,56,1,1
6583,151,136,15,15
6584,68,70,-2,2
6585,104,113,-9,9
6586,53,61,-8,8
6587,88,87,1,1
6588,91,88,3,3
6589,184,157,27,27
6590,99,94,5,5
6591,189,165,24,24
6592,186,169,17,17
6593,125,105,20,20
6594,62,71,-9,9
6595,103,104,-1,1
6596,183,182,1,1
6597,62,55,7,7
6598,66,69,-3,3
6599,73,76,-3,3
6600,114,105,9,9
6601,123,126,-3,3
6602,108,90,18,18
6603,115,107,8,8
6604,124,113,11,11
6605,66,76,-10,10
6606,104,88,16,16
6607,75,72,3,3
6608,108,110,-2,2
6609,81,89,-8,8
6610,82,81,1,1
6611,80,70,10,10
6612,30,45,-15,15
6613,90,89,1,1
6614,62,57,5,5
6615,86,91,-5,5
6616,56,59,-3,3
6617,95,102,-7,7
6618,100,112,-12,12
6619,102,99,3,3
6620,102,102,0,0
6621,59,56,3,3
6622,152,136,16,16
6623,163,158,5,5
6624,143,138,5,5
6625,162,157,5,5
6626,84,84,0,0
6627,78,89,-11,11
6628,92,92,0,0
6629,79,83,-4,4
6630,78,77,1,1
6631,120,103,17,17
6632,99,89,10,10
6633,103,91,12,12
6634,76,88,-12,12
6635,80,82,-2,2
6636,66,72,-6,6
6637,128,127,1,1
6638,85,73,12,12
6639,100,102,-2,2
6640,46,52,-6,6
6641,125,124,1,1
6642,111,120,-9,9
6643,119,117,2,2
6644,59,65,-6,6
6645,55,71,-16,16
6646,158,153,5,5
6647,106,114,-8,8
6648,136,134,2,2
6649,108,102,6,6
6650,124,120,4,4
6651,106,102,4,4
6652,92,83,9,9
6653,118,123,-5,5
6654,108,106,2,2
6655,114,106,8,8
6656,51,61,-10,10
6657,85,87,-2,2
6658,61,82,-21,21
6659,74,95,-21,21
6660,67,70,-3,3
6661,108,112,-4,4
6662,132,130,2,2
6663,78,71,7,7
6664,102,114,-12,12
6665,175,161,14,14
6666,140,138,2,2
6667,93,93,0,0
6668,75,73,2,2
6669,98,98,0,0
6670,98,92,6,6
6671,119,101,18,18
6672,121,150,-29,29
6673,94,99,-5,5
6674,117,101,16,16
6675,108,106,2,2
6676,87,111,-24,24
6677,100,91,9,9
6678,88,88,0,0
6679,86,73,13,13
6680,65,71,-6,6
6681,81,80,1,1
6682,89,88,1,1
6683,114,106,8,8
6684,108,109,-1,1
6685,95,90,5,5
6686,100,92,8,8
6687,98,100,-2,2
6688,88,93,-5,5
6689,95,117,-22,22
6690,92,100,-8,8
6691,161,152,9,9
6692,57,53,4,4
6693,89,86,3,3
6694,67,54,13,13
6695,101,96,5,5
6696,102,106,-4,4
6697,84,80,4,4
6698,64,64,0,0
6699,127,124,3,3
6700,97,93,4,4
6701,101,105,-4,4
6702,65,78,-13,13
6703,89,81,8,8
6704,70,70,0,0
6705,67,64,3,3
6706,169,154,15,15
6707,59,65,-6,6
6708,163,149,14,14
6709,38,45,-7,7
6710,117,109,8,8
6711,53,53,0,0
6712,52,52,0,0
6713,120,120,0,0
6714,80,67,13,13
6715,52,59,-7,7
6716,127,152,-25,25
6717,87,102,-15,15
6718,54,87,-33,33
6719,66,61,5,5
6720,98,99,-1,1
6721,112,110,2,2
6722,56,68,-12,12
6723,114,121,-7,7
6724,90,93,-3,3
6725,87,88,-1,1
6726,58,57,1,1
6727,118,114,4,4
6728,96,98,-2,2
6729,102,108,-6,6
6730,84,96,-12,12
6731,111,103,8,8
6732,62,70,-8,8
6733,73,60,13,13
6734,69,80,-11,11
6735,133,132,1,1
6736,87,81,6,6
6737,64,74,-10,10
6738,85,86,-1,1
6739,103,100,3,3
6740,86,82,4,4
6741,68,62,6,6
6742,145,145,0,0
6743,74,72,2,2
6744,91,92,-1,1
6745,102,93,9,9
6746,128,124,4,4
6747,104,107,-3,3
6748,110,121,-11,11
6749,56,58,-2,2
6750,83,87,-4,4
6751,109,109,0,0
6752,77,78,-1,1
6753,164,143,21,21
6754,137,136,1,1
6755,134,118,16,16
6756,172,148,24,24
6757,116,119,-3,3
6758,80,80,0,0
6759,50,59,-9,9
6760,168,150,18,18
6761,68,71,-3,3
6762,88,101,-13,13
6763,48,67,-19,19
6764,60,56,4,4
6765,135,133,2,2
6766,75,74,1,1
6767,187,182,5,5
6768,78,67,11,11
6769,117,99,18,18
6770,109,108,1,1
6771,79,68,11,11
6772,80,81,-1,1
6773,72,76,-4,4
6774,105,117,-12,12
6775,130,130,0,0
6776,108,113,-5,5
6777,39,50,-11,11
6778,94,104,-10,10
6779,76,90,-14,14
6780,84,84,0,0
6781,110,115,-5,5
6782,79,74,5,5
6783,129,111,18,18
6784,66,66,0,0
6785,73,82,-9,9
6786,90,81,9,9
6787,69,69,0,0
6788,76,69,7,7
6789,96,118,-22,22
6790,113,111,2,2
6791,118,121,-3,3
6792,78,87,-9,9
6793,92,85,7,7
6794,96,92,4,4
6795,111,122,-11,11
6796,143,149,-6,6
6797,101,106,-5,5
6798,99,100,-1,1
6799,110,120,-10,10
6800,105,111,-6,6
6801,79,77,2,2
6802,80,80,0,0
6803,54,54,0,0
6804,86,83,3,3
6805,66,62,4,4
6806,96,100,-4,4
6807,151,141,10,10
6808,78,101,-23,23
6809,82,89,-7,7
6810,93,96,-3,3
6811,57,66,-9,9
6812,129,123,6,6
6813,89,91,-2,2
6814,83,74,9,9
6815,72,79,-7,7
6816,85,93,-8,8
6817,58,59,-1,1
6818,69,67,2,2
6819,69,85,-16,16
6820,55,56,-1,1
6821,114,100,14,14
6822,145,119,26,26
6823,81,90,-9,9
6824,41,50,-9,9
6825,88,101,-13,13
6826,108,109,-1,1
6827,104,103,1,1
6828,74,79,-5,5
6829,111,107,4,4
6830,74,76,-2,2
6831,82,79,3,3
6832,129,120,9,9
6833,75,75,0,0
6834,137,127,10,10
6835,135,127,8,8
6836,93,89,4,4
6837,73,86,-13,13
6838,125,116,9,9
6839,110,121,-11,11
6840,147,167,-20,20
6841,86,92,-6,6
6842,96,90,6,6
6843,104,104,0,0
6844,110,108,2,2
6845,80,76,4,4
6846,66,71,-5,5
6847,168,157,11,11
6848,123,135,-12,12
6849,138,141,-3,3
6850,66,64,2,2
6851,66,52,14,14
6852,143,130,13,13
6853,88,79,9,9
6854,76,85,-9,9
6855,143,146,-3,3
6856,108,103,5,5
6857,74,75,-1,1
6858,76,71,5,5
6859,59,78,-19,19
6860,87,88,-1,1
6861,113,98,15,15
6862,57,51,6,6
6863,56,67,-11,11
6864,102,87,15,15
6865,74,71,3,3
6866,89,91,-2,2
6867,75,81,-6,6
6868,128,126,2,2
6869,106,113,-7,7
6870,92,85,7,7
6871,138,139,-1,1
6872,75,74,1,1
6873,103,108,-5,5
6874,120,115,5,5
6875,136,127,9,9
6876,72,75,-3,3
6877,128,139,-11,11
6878,128,124,4,4
6879,150,145,5,5
6880,86,85,1,1
6881,85,85,0,0
6882,62,63,-1,1
6883,76,73,3,3
6884,123,124,-1,1
6885,64,64,0,0
6886,116,110,6,6
6887,62,68,-6,6
6888,81,78,3,3
6889,118,112,6,6
6890,117,123,-6,6
6891,123,103,20,20
6892,144,123,21,21
6893,109,108,1,1
6894,79,80,-1,1
6895,97,94,3,3
6896,87,73,14,14
6897,55,49,6,6
6898,65,71,-6,6
6899,103,100,3,3
6900,90,72,18,18
6901,87,75,12,12
6902,43,49,-6,6
6903,92,96,-4,4
6904,147,158,-11,11
6905,106,103,3,3
6906,68,73,-5,5
6907,71,62,9,9
6908,97,100,-3,3
6909,93,99,-6,6
6910,69,81,-12,12
6911,92,103,-11,11
6912,77,83,-6,6
6913,132,116,16,16
6914,87,97,-10,10
6915,118,106,12,12
6916,58,58,0,0
6917,43,38,5,5
6918,80,89,-9,9
6919,118,107,11,11
6920,107,115,-8,8
6921,132,138,-6,6
6922,86,88,-2,2
6923,114,110,4,4
6924,85,80,5,5
6925,66,63,3,3
6926,65,69,-4,4
6927,84,87,-3,3
6928,122,131,-9,9
6929,74,76,-2,2
6930,154,159,-5,5
6931,93,85,8,8
6932,40,74,-34,34
6933,88,86,2,2
6934,84,87,-3,3
6935,67,75,-8,8
6936,113,121,-8,8
6937,110,115,-5,5
6938,217,196,21,21
6939,99,105,-6,6
6940,107,108,-1,1
6941,120,119,1,1
6942,116,103,13,13
6943,70,78,-8,8
6944,86,87,-1,1
6945,89,91,-2,2
6946,75,70,5,5
6947,72,68,4,4
6948,75,72,3,3
6949,55,66,-11,11
6950,196,194,2,2
6951,114,105,9,9
6952,142,96,46,46
6953,76,84,-8,8
6954,71,52,19,19
6955,80,89,-9,9
6956,81,85,-4,4
6957,106,96,10,10
6958,126,124,2,2
6959,114,114,0,0
6960,90,96,-6,6
6961,134,125,9,9
6962,112,120,-8,8
6963,86,87,-1,1
6964,109,110,-1,1
6965,98,107,-9,9
6966,123,121,2,2
6967,48,44,4,4
6968,89,90,-1,1
6969,141,139,2,2
6970,122,121,1,1
6971,65,100,-35,35
6972,163,157,6,6
6973,106,109,-3,3
6974,145,151,-6,6
6975,65,64,1,1
6976,111,98,13,13
6977,110,111,-1,1
6978,40,46,-6,6
6979,77,77,0,0
6980,81,78,3,3
6981,136,136,0,0
6982,124,128,-4,4
6983,107,115,-8,8
6984,83,86,-3,3
6985,137,127,10,10
6986,93,99,-6,6
6987,95,93,2,2
6988,82,89,-7,7
6989,91,97,-6,6
6990,139,122,17,17
6991,49,47,2,2
6992,36,58,-22,22
6993,76,69,7,7
6994,57,60,-3,3
6995,128,127,1,1
6996,77,92,-15,15
6997,86,91,-5,5
6998,144,134,10,10
6999,72,94,-22,22
7000,48,56,-8,8
7001,86,79,7,7
7002,96,88,8,8
7003,67,65,2,2
7004,65,68,-3,3
7005,132,112,20,20
7006,128,121,7,7
7007,115,111,4,4
7008,109,118,-9,9
7009,63,61,2,2
7010,55,66,-11,11
7011,119,105,14,14
7012,70,78,-8,8
7013,125,125,0,0
7014,146,129,17,17
7015,84,79,5,5
7016,120,125,-5,5
7017,83,83,0,0
7018,68,66,2,2
7019,106,98,8,8
7020,147,127,20,20
7021,81,82,-1,1
7022,87,84,3,3
7023,86,89,-3,3
7024,67,73,-6,6
7025,100,100,0,0
7026,81,81,0,0
7027,70,76,-6,6
7028,94,92,2,2
7029,123,119,4,4
7030,121,108,13,13
7031,71,71,0,0
7032,73,71,2,2
7033,79,84,-5,5
7034,98,105,-7,7
7035,147,116,31,31
7036,86,90,-4,4
7037,83,80,3,3
7038,117,116,1,1
7039,93,96,-3,3
7040,44,52,-8,8
7041,68,80,-12,12
7042,74,79,-5,5
7043,76,92,-16,16
7044,96,96,0,0
7045,80,64,16,16
7046,73,88,-15,15
7047,93,92,1,1
7048,48,61,-13,13
7049,85,88,-3,3
7050,140,135,5,5
7051,81,88,-7,7
7052,57,47,10,10
7053,93,86,7,7
7054,119,120,-1,1
7055,129,142,-13,13
7056,88,76,12,12
7057,101,95,6,6
7058,91,86,5,5
7059,59,63,-4,4
7060,109,122,-13,13
7061,89,81,8,8
7062,101,94,7,7
7063,116,109,7,7
7064,86,99,-13,13
7065,113,108,5,5
7066,101,93,8,8
7067,110,114,-4,4
7068,115,147,-32,32
7069,137,162,-25,25
7070,64,73,-9,9
7071,133,126,7,7
7072,80,90,-10,10
7073,61,54,7,7
7074,116,119,-3,3
7075,154,146,8,8
7076,69,69,0,0
7077,123,127,-4,4
7078,63,69,-6,6
7079,99,119,-20,20
7080,52,50,2,2
7081,86,80,6,6
7082,79,80,-1,1
7083,97,110,-13,13
7084,68,76,-8,8
7085,79,83,-4,4
7086,82,71,11,11
7087,66,60,6,6
7088,28,31,-3,3
7089,54,69,-15,15
7090,76,72,4,4
7091,74,84,-10,10
7092,97,104,-7,7
7093,82,77,5,5
7094,103,106,-3,3
7095,61,62,-1,1
7096,69,68,1,1
7097,60,66,-6,6
7098,61,92,-31,31
7099,100,106,-6,6
7100,100,113,-13,13
7101,129,125,4,4
7102,184,163,21,21
7103,119,118,1,1
7104,91,85,6,6
7105,99,117,-18,18
7106,100,94,6,6
7107,58,70,-12,12
7108,70,71,-1,1
7109,76,84,-8,8
7110,77,78,-1,1
7111,70,68,2,2
7112,116,111,5,5
7113,149,150,-1,1
7114,124,122,2,2
7115,139,109,30,30
7116,142,146,-4,4
7117,77,85,-8,8
7118,96,90,6,6
7119,215,193,22,22
7120,70,83,-13,13
7121,118,121,-3,3
7122,89,88,1,1
7123,106,101,5,5
7124,117,117,0,0
7125,60,65,-5,5
7126,67,70,-3,3
7127,149,154,-5,5
7128,364,426,-62,62
7129,110,105,5,5
7130,106,97,9,9
7131,161,156,5,5
7132,119,122,-3,3
7133,113,144,-31,31
7134,100,107,-7,7
7135,51,60,-9,9
7136,121,129,-8,8
7137,108,107,1,1
7138,107,111,-4,4
7139,62,61,1,1
7140,84,82,2,2
7141,93,81,12,12
7142,143,144,-1,1
7143,136,130,6,6
7144,53,68,-15,15
7145,97,106,-9,9
7146,139,145,-6,6
7147,126,124,2,2
7148,46,59,-13,13
7149,172,176,-4,4
7150,101,101,0,0
7151,89,97,-8,8
7152,118,116,2,2
7153,71,90,-19,19
7154,120,127,-7,7
7155,77,74,3,3
7156,145,124,21,21
7157,45,49,-4,4
7158,80,72,8,8
7159,58,62,-4,4
7160,117,101,16,16
7161,91,95,-4,4
7162,192,180,12,12
7163,68,70,-2,2
7164,71,69,2,2
7165,82,79,3,3
7166,84,84,0,0
7167,70,81,-11,11
7168,47,61,-14,14
7169,95,89,6,6
7170,59,63,-4,4
7171,154,143,11,11
7172,131,119,12,12
7173,98,99,-1,1
7174,38,44,-6,6
7175,86,94,-8,8
7176,55,65,-10,10
7177,40,55,-15,15
7178,119,116,3,3
7179,247,202,45,45
7180,96,104,-8,8
7181,69,73,-4,4
7182,87,89,-2,2
7183,93,94,-1,1
7184,84,81,3,3
7185,127,131,-4,4
7186,106,104,2,2
7187,62,68,-6,6
7188,84,88,-4,4
7189,48,60,-12,12
7190,116,111,5,5
7191,83,84,-1,1
7192,123,126,-3,3
7193,97,87,10,10
7194,119,106,13,13
7195,113,117,-4,4
7196,70,77,-7,7
7197,123,108,15,15
7198,86,73,13,13
7199,49,55,-6,6
7200,113,114,-1,1
7201,100,91,9,9
7202,131,123,8,8
7203,93,94,-1,1
7204,92,87,5,5
7205,73,74,-1,1
7206,61,68,-7,7
7207,72,69,3,3
7208,91,86,5,5
7209,86,85,1,1
7210,82,75,7,7
7211,179,176,3,3
7212,121,113,8,8
7213,58,58,0,0
7214,83,85,-2,2
7215,100,82,18,18
7216,84,82,2,2
7217,76,73,3,3
7218,83,69,14,14
7219,81,84,-3,3
7220,119,116,3,3
7221,160,146,14,14
7222,97,105,-8,8
7223,143,156,-13,13
7224,49,44,5,5
7225,188,166,22,22
7226,79,84,-5,5
7227,62,67,-5,5
7228,71,55,16,16
7229,114,127,-13,13
7230,167,171,-4,4
7231,100,87,13,13
7232,90,84,6,6
7233,106,110,-4,4
7234,129,131,-2,2
7235,81,82,-1,1
7236,52,56,-4,4
7237,86,85,1,1
7238,92,112,-20,20
7239,59,61,-2,2
7240,98,107,-9,9
7241,94,83,11,11
7242,173,168,5,5
7243,82,92,-10,10
7244,121,120,1,1
7245,84,94,-10,10
7246,44,40,4,4
7247,88,96,-8,8
7248,91,85,6,6
7249,97,92,5,5
7250,46,48,-2,2
7251,114,107,7,7
7252,108,101,7,7
7253,66,69,-3,3
7254,71,69,2,2
7255,76,79,-3,3
7256,159,153,6,6
7257,39,40,-1,1
7258,47,59,-12,12
7259,142,123,19,19
7260,124,124,0,0
7261,109,116,-7,7
7262,110,113,-3,3
7263,59,64,-5,5
7264,107,97,10,10
7265,59,58,1,1
7266,93,98,-5,5
7267,96,98,-2,2
7268,40,45,-5,5
7269,124,120,4,4
7270,90,79,11,11
7271,52,62,-10,10
7272,95,87,8,8
7273,81,69,12,12
7274,171,158,13,13
7275,78,68,10,10
7276,97,90,7,7
7277,82,94,-12,12
7278,93,86,7,7
7279,106,108,-2,2
7280,129,119,10,10
7281,110,117,-7,7
7282,28,56,-28,28
7283,152,154,-2,2
7284,113,103,10,10
7285,62,75,-13,13
7286,51,55,-4,4
7287,167,170,-3,3
7288,60,53,7,7
7289,176,164,12,12
7290,139,130,9,9
7291,193,191,2,2
7292,78,95,-17,17
7293,76,71,5,5
7294,80,92,-12,12
7295,86,97,-11,11
7296,102,95,7,7
7297,51,50,1,1
7298,32,39,-7,7
7299,133,122,11,11
7300,160,141,19,19
7301,75,69,6,6
7302,84,81,3,3
7303,85,80,5,5
7304,89,97,-8,8
7305,69,63,6,6
7306,113,108,5,5
7307,69,68,1,1
7308,76,76,0,0
7309,56,82,-26,26
7310,86,75,11,11
7311,92,99,-7,7
7312,54,56,-2,2
7313,100,82,18,18
7314,37,29,8,8
7315,140,149,-9,9
7316,57,72,-15,15
7317,83,86,-3,3
7318,75,70,5,5
7319,59,62,-3,3
7320,99,114,-15,15
7321,108,112,-4,4
7322,93,96,-3,3
7323,78,80,-2,2
7324,166,157,9,9
7325,81,86,-5,5
7326,80,76,4,4
7327,166,151,15,15
7328,56,65,-9,9
7329,108,105,3,3
7330,88,91,-3,3
7331,124,135,-11,11
7332,71,73,-2,2
7333,111,102,9,9
7334,77,92,-15,15
7335,84,82,2,2
7336,85,79,6,6
7337,103,96,7,7
7338,67,75,-8,8
7339,128,119,9,9
7340,54,58,-4,4
7341,98,92,6,6
7342,115,129,-14,14
7343,80,86,-6,6
7344,66,67,-1,1
7345,84,81,3,3
7346,179,155,24,24
7347,70,71,-1,1
7348,93,94,-1,1
7349,139,146,-7,7
7350,136,125,11,11
7351,173,171,2,2
7352,112,106,6,6
7353,76,93,-17,17
7354,112,111,1,1
7355,118,123,-5,5
7356,109,100,9,9
7357,101,123,-22,22
7358,105,102,3,3
7359,67,106,-39,39
7360,131,127,4,4
7361,41,54,-13,13
7362,49,45,4,4
7363,113,124,-11,11
7364,137,131,6,6
7365,96,95,1,1
7366,68,68,0,0
7367,110,127,-17,17
7368,70,72,-2,2
7369,155,161,-6,6
7370,58,49,9,9
7371,140,147,-7,7
7372,119,122,-3,3
7373,67,67,0,0
7374,79,89,-10,10
7375,68,79,-11,11
7376,62,52,10,10
7377,48,51,-3,3
7378,104,98,6,6
7379,67,77,-10,10
7380,63,58,5,5
7381,70,66,4,4
7382,83,84,-1,1
7383,66,67,-1,1
7384,67,80,-13,13
7385,54,55,-1,1
7386,144,139,5,5
7387,68,70,-2,2
7388,76,84,-8,8
7389,62,61,1,1
7390,147,132,15,15
7391,80,100,-20,20
7392,53,61,-8,8
7393,73,71,2,2
7394,74,79,-5,5
7395,63,68,-5,5
7396,111,102,9,9
7397,199,175,24,24
7398,90,89,1,1
7399,65,75,-10,10
7400,68,69,-1,1
7401,81,90,-9,9
7402,95,99,-4,4
7403,83,83,0,0
7404,99,92,7,7
7405,64,62,2,2
7406,70,72,-2,2
7407,62,56,6,6
7408,60,69,-9,9
7409,84,91,-7,7
7410,63,63,0,0
7411,91,97,-6,6
7412,53,72,-19,19
7413,114,106,8,8
7414,102,104,-2,2
7415,80,64,16,16
7416,85,98,-13,13
7417,112,113,-1,1
7418,86,75,11,11
7419,61,68,-7,7
7420,118,109,9,9
7421,108,90,18,18
7422,179,150,29,29
7423,87,99,-12,12
7424,185,175,10,10
7425,91,88,3,3
7426,73,76,-3,3
7427,63,56,7,7
7428,159,142,17,17
7429,146,147,-1,1
7430,75,79,-4,4
7431,73,74,-1,1
7432,107,101,6,6
7433,93,94,-1,1
7434,89,99,-10,10
7435,82,89,-7,7
7436,79,75,4,4
7437,50,56,-6,6
7438,69,73,-4,4
7439,89,93,-4,4
7440,145,151,-6,6
7441,84,86,-2,2
7442,115,122,-7,7
7443,103,127,-24,24
7444,90,100,-10,10
7445,57,48,9,9
7446,118,98,20,20
7447,99,95,4,4
7448,124,127,-3,3
7449,102,114,-12,12
7450,97,104,-7,7
7451,64,64,0,0
7452,78,83,-5,5
7453,121,121,0,0
7454,163,153,10,10
7455,63,67,-4,4
7456,53,62,-9,9
7457,71,64,7,7
7458,79,77,2,2
7459,102,105,-3,3
7460,130,121,9,9
7461,114,110,4,4
7462,118,115,3,3
7463,93,97,-4,4
7464,78,62,16,16
7465,87,93,-6,6
7466,107,100,7,7
7467,105,98,7,7
7468,135,125,10,10
7469,64,61,3,3
7470,80,74,6,6
7471,79,100,-21,21
7472,156,165,-9,9
7473,123,127,-4,4
7474,81,81,0,0
7475,91,87,4,4
7476,184,171,13,13
7477,62,67,-5,5
7478,76,85,-9,9
7479,112,102,10,10
7480,60,65,-5,5
7481,103,99,4,4
7482,83,86,-3,3
7483,69,78,-9,9
7484,206,203,3,3
7485,78,83,-5,5
7486,82,74,8,8
7487,81,79,2,2
7488,39,41,-2,2
7489,109,117,-8,8
7490,32,41,-9,9
7491,65,77,-12,12
7492,88,86,2,2
7493,94,99,-5,5
7494,87,96,-9,9
7495,74,76,-2,2
7496,88,88,0,0
7497,103,109,-6,6
7498,72,62,10,10
7499,83,90,-7,7
7500,197,222,-25,25
7501,41,59,-18,18
7502,76,79,-3,3
7503,129,107,22,22
7504,40,58,-18,18
7505,136,138,-2,2
7506,62,59,3,3
7507,66,57,9,9
7508,106,114,-8,8
7509,62,66,-4,4
7510,109,102,7,7
7511,136,127,9,9
7512,100,92,8,8
7513,160,157,3,3
7514,105,101,4,4
7515,122,114,8,8
7516,98,98,0,0
7517,78,77,1,1
7518,75,77,-2,2
7519,67,56,11,11
7520,56,63,-7,7
7521,60,65,-5,5
7522,38,44,-6,6
7523,53,55,-2,2
7524,57,71,-14,14
7525,113,115,-2,2
7526,83,85,-2,2
7527,81,74,7,7
7528,136,142,-6,6
7529,78,74,4,4
7530,89,79,10,10
7531,86,92,-6,6
7532,68,73,-5,5
7533,156,148,8,8
7534,85,83,2,2
7535,126,129,-3,3
7536,57,66,-9,9
7537,114,124,-10,10
7538,113,98,15,15
7539,75,78,-3,3
7540,130,116,14,14
7541,79,59,20,20
7542,112,109,3,3
7543,120,116,4,4
7544,76,77,-1,1
7545,86,80,6,6
7546,60,61,-1,1
7547,52,57,-5,5
7548,80,71,9,9
7549,136,126,10,10
7550,71,74,-3,3
7551,152,145,7,7
7552,59,69,-10,10
7553,88,78,10,10
7554,71,62,9,9
7555,71,66,5,5
7556,88,97,-9,9
7557,44,45,-1,1
7558,95,104,-9,9
7559,99,100,-1,1
7560,74,87,-13,13
7561,148,137,11,11
7562,74,73,1,1
7563,103,98,5,5
7564,70,59,11,11
7565,128,121,7,7
7566,70,102,-32,32
7567,69,75,-6,6
7568,95,85,10,10
7569,125,127,-2,2
7570,87,92,-5,5
7571,130,132,-2,2
7572,105,117,-12,12
7573,96,86,10,10
7574,90,89,1,1
7575,52,61,-9,9
7576,77,89,-12,12
7577,143,131,12,12
7578,97,106,-9,9
7579,81,80,1,1
7580,55,55,0,0
7581,122,129,-7,7
7582,59,61,-2,2
7583,106,111,-5,5
7584,146,144,2,2
7585,62,64,-2,2
7586,122,114,8,8
7587,166,162,4,4
7588,76,68,8,8
7589,82,103,-21,21
7590,114,108,6,6
7591,113,124,-11,11
7592,94,92,2,2
7593,113,115,-2,2
7594,79,83,-4,4
7595,106,106,0,0
7596,123,121,2,2
7597,118,118,0,0
7598,80,74,6,6
7599,94,94,0,0
7600,89,82,7,7
7601,64,56,8,8
7602,113,117,-4,4
7603,137,128,9,9
7604,53,107,-54,54
7605,133,127,6,6
7606,65,104,-39,39
7607,78,77,1,1
7608,40,36,4,4
7609,60,67,-7,7
7610,52,58,-6,6
7611,136,126,10,10
7612,155,155,0,0
7613,94,103,-9,9
7614,75,75,0,0
7615,36,56,-20,20
7616,132,122,10,10
7617,117,116,1,1
7618,136,144,-8,8
7619,141,120,21,21
7620,65,64,1,1
7621,96,70,26,26
7622,68,78,-10,10
7623,144,124,20,20
7624,148,139,9,9
7625,117,116,1,1
7626,60,70,-10,10
7627,98,89,9,9
7628,114,113,1,1
7629,139,124,15,15
7630,109,102,7,7
7631,69,75,-6,6
7632,105,103,2,2
7633,116,114,2,2
7634,72,68,4,4
7635,74,117,-43,43
7636,102,110,-8,8
7637,62,49,13,13
7638,36,49,-13,13
7639,94,91,3,3
7640,78,69,9,9
7641,150,134,16,16
7642,81,80,1,1
7643,154,150,4,4
7644,115,130,-15,15
7645,44,55,-11,11
7646,88,89,-1,1
7647,80,85,-5,5
7648,75,76,-1,1
7649,58,72,-14,14
7650,124,118,6,6
7651,90,85,5,5
7652,117,110,7,7
7653,93,90,3,3
7654,133,124,9,9
7655,71,68,3,3
7656,82,84,-2,2
7657,66,73,-7,7
7658,69,74,-5,5
7659,112,103,9,9
7660,114,113,1,1
7661,81,70,11,11
7662,110,112,-2,2
7663,76,68,8,8
7664,97,99,-2,2
7665,83,79,4,4
7666,73,80,-7,7
7667,109,115,-6,6
7668,67,67,0,0
7669,101,112,-11,11
7670,74,73,1,1
7671,122,127,-5,5
7672,51,64,-13,13
7673,80,90,-10,10
7674,118,112,6,6
7675,87,83,4,4
7676,84,79,5,5
7677,135,125,10,10
7678,51,100,-49,49
7679,121,102,19,19
7680,60,60,0,0
7681,150,140,10,10
7682,41,55,-14,14
7683,55,56,-1,1
7684,149,122,27,27
7685,136,127,9,9
7686,121,112,9,9
7687,121,117,4,4
7688,50,58,-8,8
7689,61,55,6,6
7690,129,130,-1,1
7691,83,98,-15,15
7692,83,102,-19,19
7693,77,70,7,7
7694,110,108,2,2
7695,110,99,11,11
7696,108,115,-7,7
7697,95,98,-3,3
7698,91,88,3,3
7699,99,99,0,0
7700,105,109,-4,4
7701,104,130,-26,26
7702,82,88,-6,6
7703,68,75,-7,7
7704,77,73,4,4
7705,103,100,3,3
7706,87,84,3,3
7707,55,59,-4,4
7708,94,96,-2,2
7709,67,66,1,1
7710,75,92,-17,17
7711,137,135,2,2
7712,69,72,-3,3
7713,67,70,-3,3
7714,77,100,-23,23
7715,68,59,9,9
7716,117,116,1,1
7717,109,117,-8,8
7718,164,136,28,28
7719,102,114,-12,12
7720,77,84,-7,7
7721,71,101,-30,30
7722,71,69,2,2
7723,146,132,14,14
7724,40,45,-5,5
7725,121,117,4,4
7726,86,78,8,8
7727,99,93,6,6
7728,68,75,-7,7
7729,89,75,14,14
7730,71,69,2,2
7731,72,77,-5,5
7732,49,45,4,4
7733,155,120,35,35
7734,145,148,-3,3
7735,102,107,-5,5
7736,131,126,5,5
7737,101,90,11,11
7738,61,66,-5,5
7739,108,110,-2,2
7740,62,76,-14,14
7741,93,100,-7,7
7742,84,86,-2,2
7743,56,97,-41,41
7744,143,126,17,17
7745,145,126,19,19
7746,103,93,10,10
7747,88,88,0,0
7748,96,100,-4,4
7749,63,83,-20,20
7750,88,88,0,0
7751,50,68,-18,18
7752,106,111,-5,5
7753,89,77,12,12
7754,101,112,-11,11
7755,134,126,8,8
7756,91,78,13,13
7757,134,141,-7,7
7758,79,94,-15,15
7759,161,143,18,18
7760,127,123,4,4
7761,88,99,-11,11
7762,61,67,-6,6
7763,60,78,-18,18
7764,102,92,10,10
7765,140,147,-7,7
7766,69,72,-3,3
7767,101,112,-11,11
7768,175,165,10,10
7769,129,150,-21,21
7770,115,111,4,4
7771,88,100,-12,12
7772,79,80,-1,1
7773,102,101,1,1
7774,43,42,1,1
7775,97,94,3,3
7776,132,135,-3,3
7777,58,57,1,1
7778,89,96,-7,7
7779,90,98,-8,8
7780,98,107,-9,9
7781,102,98,4,4
7782,88,93,-5,5
7783,106,108,-2,2
7784,99,102,-3,3
7785,151,138,13,13
7786,111,111,0,0
7787,65,65,0,0
7788,71,74,-3,3
7789,79,82,-3,3
7790,65,67,-2,2
7791,136,130,6,6
7792,151,143,8,8
7793,108,103,5,5
7794,121,116,5,5
7795,54,62,-8,8
7796,96,101,-5,5
7797,98,95,3,3
7798,62,65,-3,3
7799,78,85,-7,7
7800,97,105,-8,8
7801,80,81,-1,1
7802,65,75,-10,10
7803,74,74,0,0
7804,118,118,0,0
7805,109,97,12,12
7806,99,97,2,2
7807,78,87,-9,9
7808,59,75,-16,16
7809,84,89,-5,5
7810,108,109,-1,1
7811,89,96,-7,7
7812,119,109,10,10
7813,182,156,26,26
7814,133,111,22,22
7815,90,98,-8,8
7816,144,170,-26,26
7817,109,123,-14,14
7818,154,137,17,17
7819,54,55,-1,1
7820,59,60,-1,1
7821,120,113,7,7
7822,113,118,-5,5
7823,90,95,-5,5
7824,119,101,18,18
7825,72,73,-1,1
7826,173,160,13,13
7827,252,247,5,5
7828,123,128,-5,5
7829,178,170,8,8
7830,207,201,6,6
7831,86,93,-7,7
7832,61,59,2,2
7833,82,90,-8,8
7834,77,76,1,1
7835,90,89,1,1
7836,85,98,-13,13
7837,133,149,-16,16
7838,67,61,6,6
7839,71,81,-10,10
7840,118,127,-9,9
7841,168,188,-20,20
7842,101,108,-7,7
7843,126,114,12,12
7844,127,123,4,4
7845,197,176,21,21
7846,67,66,1,1
7847,59,63,-4,4
7848,139,140,-1,1
7849,84,88,-4,4
7850,75,83,-8,8
7851,124,115,9,9
7852,61,65,-4,4
7853,78,76,2,2
7854,102,83,19,19
7855,50,45,5,5
7856,72,88,-16,16
7857,98,104,-6,6
7858,109,114,-5,5
7859,97,96,1,1
7860,79,71,8,8
7861,73,68,5,5
7862,114,98,16,16
7863,118,111,7,7
7864,101,108,-7,7
7865,103,110,-7,7
7866,49,54,-5,5
7867,49,55,-6,6
7868,37,47,-10,10
7869,121,112,9,9
7870,69,80,-11,11
7871,126,127,-1,1
7872,91,91,0,0
7873,119,113,6,6
7874,105,111,-6,6
7875,129,125,4,4
7876,83,75,8,8
7877,99,96,3,3
7878,106,113,-7,7
7879,67,64,3,3
7880,132,133,-1,1
7881,110,106,4,4
7882,72,75,-3,3
7883,126,116,10,10
7884,129,136,-7,7
7885,74,69,5,5
7886,131,126,5,5
7887,97,99,-2,2
7888,118,123,-5,5
7889,124,120,4,4
7890,66,77,-11,11
7891,99,112,-13,13
7892,93,86,7,7
7893,169,174,-5,5
7894,109,119,-10,10
7895,194,180,14,14
7896,131,119,12,12
7897,67,69,-2,2
7898,102,99,3,3
7899,126,125,1,1
7900,166,167,-1,1
7901,52,55,-3,3
7902,129,141,-12,12
7903,175,161,14,14
7904,77,66,11,11
7905,52,49,3,3
7906,73,66,7,7
7907,97,108,-11,11
7908,49,50,-1,1
7909,112,111,1,1
7910,108,117,-9,9
7911,91,82,9,9
7912,84,100,-16,16
7913,35,44,-9,9
7914,182,212,-30,30
7915,61,65,-4,4
7916,61,47,14,14
7917,79,89,-10,10
7918,55,62,-7,7
7919,64,64,0,0
7920,142,131,11,11
7921,66,66,0,0
7922,74,83,-9,9
7923,150,144,6,6
7924,99,94,5,5
7925,106,109,-3,3
7926,72,78,-6,6
7927,121,116,5,5
7928,114,121,-7,7
7929,75,83,-8,8
7930,65,75,-10,10
7931,116,119,-3,3
7932,99,97,2,2
7933,199,194,5,5
7934,60,55,5,5
7935,67,68,-1,1
7936,81,73,8,8
7937,178,142,36,36
7938,70,76,-6,6
7939,131,118,13,13
7940,149,137,12,12
7941,70,71,-1,1
7942,97,110,-13,13
7943,104,91,13,13
7944,73,74,-1,1
7945,74,79,-5,5
7946,87,101,-14,14
7947,112,110,2,2
7948,126,115,11,11
7949,86,110,-24,24
7950,134,133,1,1
7951,117,96,21,21
7952,61,68,-7,7
7953,71,80,-9,9
7954,80,83,-3,3
7955,63,76,-13,13
7956,70,67,3,3
7957,63,80,-17,17
7958,46,56,-10,10
7959,59,68,-9,9
7960,89,89,0,0
7961,134,129,5,5
7962,113,110,3,3
7963,73,90,-17,17
7964,122,112,10,10
7965,59,59,0,0
7966,142,148,-6,6
7967,175,164,11,11
7968,61,58,3,3
7969,142,155,-13,13
7970,68,61,7,7
7971,51,60,-9,9
7972,94,115,-21,21
7973,104,93,11,11
7974,85,97,-12,12
7975,155,154,1,1
7976,157,170,-13,13
7977,115,104,11,11
7978,94,96,-2,2
7979,86,92,-6,6
7980,115,109,6,6
7981,85,81,4,4
7982,106,107,-1,1
7983,64,67,-3,3
7984,38,76,-38,38
7985,51,68,-17,17
7986,106,107,-1,1
7987,101,109,-8,8
7988,46,47,-1,1
7989,85,72,13,13
7990,104,109,-5,5
7991,95,102,-7,7
7992,130,129,1,1
7993,151,137,14,14
7994,57,61,-4,4
7995,93,97,-4,4
7996,69,71,-2,2
7997,39,37,2,2
7998,76,69,7,7
7999,84,81,3,3
8000,41,47,-6,6
8001,45,54,-9,9
8002,68,77,-9,9
8003,82,84,-2,2
8004,68,83,-15,15
8005,73,70,3,3
8006,49,76,-27,27
8007,93,92,1,1
8008,75,74,1,1
8009,85,83,2,2
8010,103,113,-10,10
8011,129,124,5,5
8012,116,122,-6,6
8013,77,57,20,20
8014,83,79,4,4
8015,104,96,8,8
8016,124,114,10,10
8017,89,87,2,2
8018,88,93,-5,5
8019,49,65,-16,16
8020,104,109,-5,5
8021,107,108,-1,1
8022,125,126,-1,1
8023,57,61,-4,4
8024,104,107,-3,3
8025,51,69,-18,18
8026,86,84,2,2
8027,96,101,-5,5
8028,190,189,1,1
8029,84,85,-1,1
8030,105,101,4,4
8031,94,83,11,11
8032,74,68,6,6
8033,100,83,17,17
8034,126,113,13,13
8035,73,73,0,0
8036,83,86,-3,3
8037,141,142,-1,1
8038,124,121,3,3
8039,79,69,10,10
8040,135,124,11,11
8041,81,85,-4,4
8042,137,136,1,1
8043,75,82,-7,7
8044,54,66,-12,12
8045,102,99,3,3
8046,157,138,19,19
8047,93,94,-1,1
8048,155,149,6,6
8049,71,66,5,5
8050,109,115,-6,6
8051,60,69,-9,9
8052,57,67,-10,10
8053,113,113,0,0
8054,130,129,1,1
8055,71,82,-11,11
8056,92,86,6,6
8057,148,129,19,19
8058,117,106,11,11
8059,68,73,-5,5
8060,161,147,14,14
8061,85,89,-4,4
8062,65,64,1,1
8063,43,47,-4,4
8064,102,95,7,7
8065,69,62,7,7
8066,185,186,-1,1
8067,133,132,1,1
8068,104,105,-1,1
8069,105,111,-6,6
8070,120,109,11,11
8071,85,84,1,1
8072,73,48,25,25
8073,158,170,-12,12
8074,76,77,-1,1
8075,87,71,16,16
8076,148,138,10,10
8077,85,94,-9,9
8078,98,93,5,5
8079,66,74,-8,8
8080,100,101,-1,1
8081,110,114,-4,4
8082,86,92,-6,6
8083,119,120,-1,1
8084,75,78,-3,3
8085,110,127,-17,17
8086,69,70,-1,1
8087,127,108,19,19
8088,98,98,0,0
8089,116,119,-3,3
8090,65,69,-4,4
8091,94,92,2,2
8092,58,64,-6,6
8093,68,94,-26,26
8094,118,113,5,5
8095,27,53,-26,26
8096,74,66,8,8
8097,81,80,1,1
8098,98,92,6,6
8099,56,48,8,8
8100,101,97,4,4
8101,128,123,5,5
8102,104,101,3,3
8103,69,72,-3,3
8104,130,118,12,12
8105,121,122,-1,1
8106,42,103,-61,61
8107,89,97,-8,8
8108,71,66,5,5
8109,129,114,15,15
8110,59,66,-7,7
8111,101,105,-4,4
8112,102,99,3,3
8113,109,107,2,2
8114,94,86,8,8
8115,108,106,2,2
8116,102,89,13,13
8117,89,94,-5,5
8118,121,123,-2,2
8119,122,138,-16,16
8120,67,62,5,5
8121,51,67,-16,16
8122,89,85,4,4
8123,88,92,-4,4
8124,131,128,3,3
8125,103,120,-17,17
8126,151,174,-23,23
8127,134,142,-8,8
8128,108,108,0,0
8129,92,92,0,0
8130,65,69,-4,4
8131,81,82,-1,1
8132,68,89,-21,21
8133,91,81,10,10
8134,114,108,6,6
8135,48,61,-13,13
8136,102,100,2,2
8137,149,148,1,1
8138,108,105,3,3
8139,60,63,-3,3
8140,103,108,-5,5
8141,65,64,1,1
8142,119,127,-8,8
8143,104,104,0,0
8144,64,65,-1,1
8145,48,49,-1,1
8146,55,58,-3,3
8147,75,81,-6,6
8148,44,54,-10,10
8149,73,79,-6,6
8150,54,63,-9,9
8151,54,54,0,0
8152,52,62,-10,10
8153,95,91,4,4
8154,66,74,-8,8
8155,85,100,-15,15
8156,75,56,19,19
8157,95,113,-18,18
8158,95,91,4,4
8159,36,38,-2,2
8160,79,86,-7,7
8161,123,122,1,1
8162,81,76,5,5
8163,176,153,23,23
8164,60,56,4,4
8165,61,64,-3,3
8166,140,125,15,15
8167,127,121,6,6
8168,96,94,2,2
8169,99,89,10,10
8170,108,102,6,6
8171,58,62,-4,4
8172,51,46,5,5
8173,95,87,8,8
8174,58,78,-20,20
8175,76,71,5,5
8176,116,112,4,4
8177,108,101,7,7
8178,168,147,21,21
8179,27,41,-14,14
8180,145,130,15,15
8181,53,64,-11,11
8182,67,67,0,0
8183,92,91,1,1
8184,78,84,-6,6
8185,113,113,0,0
8186,141,134,7,7
8187,136,118,18,18
8188,103,97,6,6
8189,86,83,3,3
8190,195,203,-8,8
8191,75,77,-2,2
8192,63,65,-2,2
8193,66,66,0,0
8194,127,115,12,12
8195,122,107,15,15
8196,54,108,-54,54
8197,101,102,-1,1
8198,93,84,9,9
8199,64,66,-2,2
8200,108,105,3,3
8201,111,105,6,6
8202,77,72,5,5
8203,154,154,0,0
8204,94,91,3,3
8205,84,81,3,3
8206,76,86,-10,10
8207,87,87,0,0
8208,126,123,3,3
8209,82,88,-6,6
8210,82,87,-5,5
8211,80,82,-2,2
8212,126,128,-2,2
8213,64,67,-3,3
8214,142,132,10,10
8215,143,136,7,7
8216,127,141,-14,14
8217,76,79,-3,3
8218,57,63,-6,6
8219,109,101,8,8
8220,141,139,2,2
8221,129,121,8,8
8222,114,102,12,12
8223,83,78,5,5
8224,149,157,-8,8
8225,47,60,-13,13
8226,88,91,-3,3
8227,88,86,2,2
8228,105,102,3,3
8229,93,99,-6,6
8230,109,97,12,12
8231,87,87,0,0
8232,43,47,-4,4
8233,81,79,2,2
8234,101,83,18,18
8235,80,74,6,6
8236,112,108,4,4
8237,92,100,-8,8
8238,102,100,2,2
8239,71,66,5,5
8240,166,149,17,17
8241,98,84,14,14
8242,129,118,11,11
8243,79,85,-6,6
8244,109,103,6,6
8245,145,134,11,11
8246,166,156,10,10
8247,76,93,-17,17
8248,46,50,-4,4
8249,113,103,10,10
8250,75,84,-9,9
8251,86,73,13,13
8252,76,80,-4,4
8253,88,94,-6,6
8254,67,78,-11,11
8255,100,98,2,2
8256,71,75,-4,4
8257,59,62,-3,3
8258,181,186,-5,5
8259,56,59,-3,3
8260,114,102,12,12
8261,92,89,3,3
8262,100,95,5,5
8263,75,92,-17,17
8264,188,173,15,15
8265,51,54,-3,3
8266,84,93,-9,9
8267,171,192,-21,21
8268,66,65,1,1
8269,92,84,8,8
8270,122,122,0,0
8271,40,46,-6,6
8272,87,88,-1,1
8273,122,122,0,0
8274,98,95,3,3
8275,96,92,4,4
8276,120,119,1,1
8277,82,93,-11,11
8278,88,83,5,5
8279,60,67,-7,7
8280,83,77,6,6
8281,81,73,8,8
8282,151,152,-1,1
8283,187,179,8,8
8284,98,108,-10,10
8285,95,85,10,10
8286,77,73,4,4
8287,144,138,6,6
8288,81,81,0,0
8289,91,98,-7,7
8290,149,152,-3,3
8291,99,112,-13,13
8292,96,84,12,12
8293,129,129,0,0
8294,63,64,-1,1
8295,86,73,13,13
8296,64,69,-5,5
8297,74,65,9,9
8298,93,94,-1,1
8299,85,88,-3,3
8300,248,213,35,35
8301,91,92,-1,1
8302,58,62,-4,4
8303,93,79,14,14
8304,93,94,-1,1
8305,55,54,1,1
8306,102,106,-4,4
8307,107,91,16,16
8308,79,77,2,2
8309,84,83,1,1
8310,95,95,0,0
8311,110,106,4,4
8312,80,71,9,9
8313,44,39,5,5
8314,96,91,5,5
8315,59,66,-7,7
8316,109,107,2,2
8317,198,190,8,8
8318,81,88,-7,7
8319,119,112,7,7
8320,106,108,-2,2
8321,114,101,13,13
8322,51,64,-13,13
8323,110,107,3,3
8324,112,120,-8,8
8325,99,96,3,3
8326,80,73,7,7
8327,59,69,-10,10
8328,110,110,0,0
8329,125,113,12,12
8330,137,144,-7,7
8331,73,83,-10,10
8332,190,179,11,11
8333,137,147,-10,10
8334,46,53,-7,7
8335,124,128,-4,4
8336,87,76,11,11
8337,114,94,20,20
8338,83,82,1,1
8339,85,92,-7,7
8340,142,155,-13,13
8341,108,100,8,8
8342,129,137,-8,8
8343,107,103,4,4
8344,109,111,-2,2
8345,144,165,-21,21
8346,76,76,0,0
8347,38,54,-16,16
8348,157,159,-2,2
8349,55,61,-6,6
8350,99,108,-9,9
8351,153,141,12,12
8352,74,76,-2,2
8353,74,74,0,0
8354,78,76,2,2
8355,74,86,-12,12
8356,94,89,5,5
8357,112,95,17,17
8358,141,149,-8,8
8359,82,71,11,11
8360,160,156,4,4
8361,103,99,4,4
8362,110,106,4,4
8363,42,53,-11,11
8364,69,74,-5,5
8365,59,49,10,10
8366,98,96,2,2
8367,75,57,18,18
8368,58,63,-5,5
8369,74,72,2,2
8370,108,107,1,1
8371,66,72,-6,6
8372,105,100,5,5
8373,46,54,-8,8
8374,55,64,-9,9
8375,71,60,11,11
8376,115,109,6,6
8377,88,77,11,11
8378,47,53,-6,6
8379,174,164,10,10
8380,94,86,8,8
8381,74,72,2,2
8382,84,99,-15,15
8383,85,70,15,15
8384,65,60,5,5
8385,39,43,-4,4
8386,118,99,19,19
8387,101,102,-1,1
8388,78,78,0,0
8389,97,106,-9,9
8390,104,92,12,12
8391,98,92,6,6
8392,81,94,-13,13
8393,112,108,4,4
8394,98,94,4,4
8395,96,94,2,2
8396,53,59,-6,6
8397,67,85,-18,18
8398,70,78,-8,8
8399,114,94,20,20
8400,104,115,-11,11
8401,65,72,-7,7
8402,80,79,1,1
8403,96,84,12,12
8404,70,72,-2,2
8405,105,109,-4,4
8406,100,91,9,9
8407,160,144,16,16
8408,91,101,-10,10
8409,100,106,-6,6
8410,119,104,15,15
8411,65,79,-14,14
8412,99,100,-1,1
8413,172,145,27,27
8414,83,82,1,1
8415,85,80,5,5
8416,69,72,-3,3
8417,59,62,-3,3
8418,93,101,-8,8
8419,81,85,-4,4
8420,75,74,1,1
8421,62,56,6,6
8422,115,106,9,9
8423,107,147,-40,40
8424,105,105,0,0
8425,51,51,0,0
8426,76,80,-4,4
8427,88,93,-5,5
8428,145,134,11,11
8429,114,113,1,1
8430,38,61,-23,23
8431,133,127,6,6
8432,74,73,1,1
8433,119,117,2,2
8434,96,90,6,6
8435,143,120,23,23
8436,60,64,-4,4
8437,130,123,7,7
8438,120,114,6,6
8439,122,144,-22,22
8440,113,106,7,7
8441,68,67,1,1
8442,98,92,6,6
8443,143,129,14,14
8444,77,68,9,9
8445,92,94,-2,2
8446,61,60,1,1
8447,74,80,-6,6
8448,94,76,18,18
8449,102,100,2,2
8450,118,107,11,11
8451,119,116,3,3
8452,193,178,15,15
8453,95,87,8,8
8454,89,86,3,3
8455,129,131,-2,2
8456,124,122,2,2
8457,84,92,-8,8
8458,76,76,0,0
8459,55,59,-4,4
8460,143,139,4,4
8461,134,123,11,11
8462,88,83,5,5
8463,132,132,0,0
8464,114,92,22,22
8465,71,68,3,3
8466,79,70,9,9
8467,101,93,8,8
8468,134,129,5,5
8469,61,29,32,32
8470,81,80,1,1
8471,107,118,-11,11
8472,86,78,8,8
8473,83,86,-3,3
8474,94,95,-1,1
8475,102,108,-6,6
8476,110,129,-19,19
8477,137,142,-5,5
8478,56,73,-17,17
8479,134,124,10,10
8480,80,90,-10,10
8481,46,67,-21,21
8482,111,110,1,1
8483,112,116,-4,4
8484,121,120,1,1
8485,113,112,1,1
8486,91,94,-3,3
8487,47,68,-21,21
8488,65,66,-1,1
8489,56,65,-9,9
8490,83,93,-10,10
8491,85,86,-1,1
8492,102,102,0,0
8493,80,84,-4,4
8494,110,110,0,0
8495,141,137,4,4
8496,90,103,-13,13
8497,73,76,-3,3
8498,60,56,4,4
8499,178,155,23,23
8500,124,129,-5,5
8501,108,100,8,8
8502,100,102,-2,2
8503,78,83,-5,5
8504,115,124,-9,9
8505,127,130,-3,3
8506,47,56,-9,9
8507,58,57,1,1
8508,151,148,3,3
8509,104,99,5,5
8510,56,72,-16,16
8511,79,87,-8,8
8512,67,66,1,1
8513,109,108,1,1
8514,83,57,26,26
8515,101,80,21,21
8516,78,84,-6,6
8517,101,130,-29,29
8518,64,70,-6,6
8519,69,49,20,20
8520,81,76,5,5
8521,185,185,0,0
8522,89,82,7,7
8523,137,114,23,23
8524,98,93,5,5
8525,185,166,19,19
8526,62,98,-36,36
8527,135,130,5,5
8528,140,120,20,20
8529,166,171,-5,5
8530,68,65,3,3
8531,100,112,-12,12
8532,122,134,-12,12
8533,105,108,-3,3
8534,129,119,10,10
8535,117,119,-2,2
8536,74,72,2,2
8537,91,86,5,5
8538,96,101,-5,5
8539,96,106,-10,10
8540,76,83,-7,7
8541,106,103,3,3
8542,71,77,-6,6
8543,43,45,-2,2
8544,88,79,9,9
8545,79,95,-16,16
8546,104,92,12,12
8547,82,80,2,2
8548,112,112,0,0
8549,104,114,-10,10
8550,55,67,-12,12
8551,90,92,-2,2
8552,47,57,-10,10
8553,111,91,20,20
8554,127,126,1,1
8555,67,71,-4,4
8556,163,143,20,20
8557,154,158,-4,4
8558,63,70,-7,7
8559,50,72,-22,22
8560,56,69,-13,13
8561,104,120,-16,16
8562,80,89,-9,9
8563,83,76,7,7
8564,64,74,-10,10
8565,55,58,-3,3
8566,84,77,7,7
8567,130,124,6,6
8568,85,87,-2,2
8569,109,106,3,3
8570,153,156,-3,3
8571,104,104,0,0
8572,129,123,6,6
8573,106,95,11,11
8574,173,181,-8,8
8575,93,90,3,3
8576,93,98,-5,5
8577,99,95,4,4
8578,66,68,-2,2
8579,98,92,6,6
8580,110,131,-21,21
8581,50,60,-10,10
8582,104,103,1,1
8583,110,100,10,10
8584,60,75,-15,15
8585,102,100,2,2
8586,87,88,-1,1
8587,133,131,2,2
8588,133,124,9,9
8589,122,108,14,14
8590,92,85,7,7
8591,139,131,8,8
8592,52,59,-7,7
8593,83,103,-20,20
8594,91,94,-3,3
8595,65,73,-8,8
8596,113,126,-13,13
8597,77,88,-11,11
8598,161,147,14,14
8599,92,91,1,1
8600,180,156,24,24
8601,77,85,-8,8
8602,109,106,3,3
8603,81,94,-13,13
8604,98,95,3,3
8605,54,50,4,4
8606,126,126,0,0
8607,91,91,0,0
8608,77,76,1,1
8609,124,129,-5,5
8610,78,89,-11,11
8611,189,157,32,32
8612,80,84,-4,4
8613,159,158,1,1
8614,73,77,-4,4
8615,90,102,-12,12
8616,62,109,-47,47
8617,90,89,1,1
8618,134,139,-5,5
8619,121,108,13,13
8620,87,81,6,6
8621,59,67,-8,8
8622,89,98,-9,9
8623,105,104,1,1
8624,97,93,4,4
8625,110,100,10,10
8626,141,127,14,14
8627,85,90,-5,5
8628,132,128,4,4
8629,89,90,-1,1
8630,75,62,13,13
8631,81,76,5,5
8632,77,70,7,7
8633,104,98,6,6
8634,132,140,-8,8
8635,136,121,15,15
8636,82,79,3,3
8637,85,91,-6,6
8638,76,76,0,0
8639,109,135,-26,26
8640,51,54,-3,3
8641,85,79,6,6
8642,58,64,-6,6
8643,161,158,3,3
8644,85,90,-5,5
8645,61,77,-16,16
8646,82,82,0,0
8647,114,125,-11,11
8648,113,111,2,2
8649,82,97,-15,15
8650,128,119,9,9
8651,113,116,-3,3
8652,61,79,-18,18
8653,85,82,3,3
8654,112,104,8,8
8655,76,83,-7,7
8656,89,86,3,3
8657,142,128,14,14
8658,81,89,-8,8
8659,143,145,-2,2
8660,94,96,-2,2
8661,134,116,18,18
8662,59,56,3,3
8663,55,67,-12,12
8664,75,86,-11,11
8665,87,91,-4,4
8666,69,60,9,9
8667,104,100,4,4
8668,57,60,-3,3
8669,68,64,4,4
8670,169,152,17,17
8671,114,115,-1,1
8672,92,93,-1,1
8673,97,85,12,12
8674,121,116,5,5
8675,89,77,12,12
8676,116,118,-2,2
8677,93,104,-11,11
8678,116,111,5,5
8679,125,118,7,7
8680,82,118,-36,36
8681,50,46,4,4
8682,46,42,4,4
8683,45,55,-10,10
8684,120,121,-1,1
8685,93,80,13,13
8686,102,102,0,0
8687,126,131,-5,5
8688,108,128,-20,20
8689,110,104,6,6
8690,101,96,5,5
8691,73,87,-14,14
8692,58,61,-3,3
8693,113,98,15,15
8694,136,144,-8,8
8695,64,65,-1,1
8696,125,174,-49,49
8697,88,76,12,12
8698,92,88,4,4
8699,106,112,-6,6
8700,90,106,-16,16
8701,85,88,-3,3
8702,80,98,-18,18
8703,110,104,6,6
8704,80,82,-2,2
8705,117,102,15,15
8706,47,63,-16,16
8707,112,102,10,10
8708,84,90,-6,6
8709,116,117,-1,1
8710,61,58,3,3
8711,82,80,2,2
8712,164,135,29,29
8713,125,128,-3,3
8714,80,82,-2,2
8715,66,75,-9,9
8716,61,71,-10,10
8717,82,105,-23,23
8718,81,87,-6,6
8719,143,124,19,19
8720,145,124,21,21
8721,75,78,-3,3
8722,60,76,-16,16
8723,86,84,2,2
8724,99,93,6,6
8725,112,111,1,1
8726,98,91,7,7
8727,96,97,-1,1
8728,64,75,-11,11
8729,62,64,-2,2
8730,123,127,-4,4
8731,83,77,6,6
8732,101,105,-4,4
8733,27,46,-19,19
8734,167,153,14,14
8735,149,151,-2,2
8736,94,87,7,7
8737,155,141,14,14
8738,39,42,-3,3
8739,62,65,-3,3
8740,81,70,11,11
8741,58,58,0,0
8742,74,86,-12,12
8743,139,163,-24,24
8744,74,66,8,8
8745,84,97,-13,13
8746,155,129,26,26
8747,114,117,-3,3
8748,152,308,-156,156
8749,104,89,15,15
8750,92,107,-15,15
8751,55,70,-15,15
8752,91,88,3,3
8753,90,80,10,10
8754,86,87,-1,1
8755,76,51,25,25
8756,86,85,1,1
8757,49,58,-9,9
8758,105,106,-1,1
8759,67,68,-1,1
8760,96,122,-26,26
8761,105,102,3,3
8762,98,87,11,11
8763,114,106,8,8
8764,114,123,-9,9
8765,103,120,-17,17
8766,128,122,6,6
8767,110,102,8,8
8768,89,84,5,5
8769,67,62,5,5
8770,136,125,11,11
8771,154,143,11,11
8772,62,111,-49,49
8773,109,115,-6,6
8774,91,89,2,2
8775,63,61,2,2
8776,172,158,14,14
8777,93,86,7,7
8778,81,75,6,6
8779,87,92,-5,5
8780,49,62,-13,13
8781,157,161,-4,4
8782,87,86,1,1
8783,61,88,-27,27
8784,60,63,-3,3
8785,129,129,0,0
8786,75,58,17,17
8787,86,95,-9,9
8788,37,38,-1,1
8789,110,109,1,1
8790,124,111,13,13
8791,65,58,7,7
8792,148,155,-7,7
8793,73,99,-26,26
8794,105,110,-5,5
8795,70,84,-14,14
8796,63,83,-20,20
8797,71,70,1,1
8798,71,71,0,0
8799,68,68,0,0
8800,96,92,4,4
8801,87,88,-1,1
8802,88,103,-15,15
8803,69,65,4,4
8804,83,90,-7,7
8805,72,75,-3,3
8806,98,98,0,0
8807,126,120,6,6
8808,45,72,-27,27
8809,52,55,-3,3
8810,103,105,-2,2
8811,77,68,9,9
8812,83,72,11,11
8813,73,67,6,6
8814,108,108,0,0
8815,73,82,-9,9
8816,80,74,6,6
8817,57,56,1,1
8818,63,64,-1,1
8819,24,20,4,4
8820,89,73,16,16
8821,61,69,-8,8
8822,97,99,-2,2
8823,85,88,-3,3
8824,143,136,7,7
8825,129,125,4,4
8826,75,74,1,1
8827,71,77,-6,6
8828,92,79,13,13
8829,72,65,7,7
8830,91,87,4,4
8831,83,64,19,19
8832,75,94,-19,19
8833,66,66,0,0
8834,43,60,-17,17
8835,127,123,4,4
8836,125,136,-11,11
8837,44,48,-4,4
8838,51,55,-4,4
8839,54,62,-8,8
8840,203,274,-71,71
8841,127,122,5,5
8842,102,97,5,5
8843,81,73,8,8
8844,69,64,5,5
8845,121,111,10,10
8846,85,87,-2,2
8847,125,116,9,9
8848,138,127,11,11
8849,191,169,22,22
8850,92,96,-4,4
8851,94,91,3,3
8852,128,120,8,8
8853,35,57,-22,22
8854,104,113,-9,9
8855,86,81,5,5
8856,132,131,1,1
8857,89,85,4,4
8858,48,51,-3,3
8859,75,71,4,4
8860,80,72,8,8
8861,100,91,9,9
8862,115,109,6,6
8863,135,126,9,9
8864,88,87,1,1
8865,108,99,9,9
8866,141,142,-1,1
8867,81,64,17,17
8868,147,145,2,2
8869,94,88,6,6
8870,86,91,-5,5
8871,125,122,3,3
8872,62,77,-15,15
8873,82,78,4,4
8874,123,117,6,6
8875,80,75,5,5
8876,108,105,3,3
8877,91,84,7,7
8878,124,118,6,6
8879,93,120,-27,27
8880,141,164,-23,23
8881,97,67,30,30
8882,177,152,25,25
8883,80,85,-5,5
8884,133,150,-17,17
8885,98,114,-16,16
8886,104,99,5,5
8887,64,65,-1,1
8888,170,159,11,11
8889,91,91,0,0
8890,98,94,4,4
8891,125,116,9,9
8892,65,71,-6,6
8893,86,91,-5,5
8894,75,74,1,1
8895,72,79,-7,7
8896,53,69,-16,16
8897,93,86,7,7
8898,69,65,4,4
8899,95,87,8,8
8900,76,76,0,0
8901,73,68,5,5
8902,56,56,0,0
8903,92,83,9,9
8904,43,48,-5,5
8905,60,42,18,18
8906,74,77,-3,3
8907,85,85,0,0
8908,91,95,-4,4
8909,92,83,9,9
8910,91,87,4,4
8911,60,74,-14,14
8912,142,144,-2,2
8913,127,136,-9,9
8914,87,91,-4,4
8915,130,147,-17,17
8916,104,103,1,1
8917,62,59,3,3
8918,125,122,3,3
8919,96,183,-87,87
8920,170,141,29,29
8921,103,116,-13,13
8922,185,177,8,8
8923,80,73,7,7
8924,56,63,-7,7
8925,105,120,-15,15
8926,63,66,-3,3
8927,88,87,1,1
8928,79,85,-6,6
8929,60,71,-11,11
8930,84,89,-5,5
8931,123,126,-3,3
8932,107,98,9,9
8933,94,101,-7,7
8934,70,79,-9,9
8935,141,125,16,16
8936,56,51,5,5
8937,166,167,-1,1
8938,120,110,10,10
8939,137,127,10,10
8940,88,94,-6,6
8941,127,107,20,20
8942,157,142,15,15
8943,130,144,-14,14
8944,106,112,-6,6
8945,131,135,-4,4
8946,54,57,-3,3
8947,132,124,8,8
8948,80,87,-7,7
8949,81,85,-4,4
8950,128,109,19,19
8951,36,31,5,5
8952,106,112,-6,6
8953,85,85,0,0
8954,64,71,-7,7
8955,81,80,1,1
8956,120,118,2,2
8957,130,119,11,11
8958,99,90,9,9
8959,70,67,3,3
8960,78,70,8,8
8961,112,137,-25,25
8962,82,77,5,5
8963,184,167,17,17
8964,129,132,-3,3
8965,111,108,3,3
8966,99,115,-16,16
8967,51,56,-5,5
8968,102,99,3,3
8969,66,69,-3,3
8970,74,75,-1,1
8971,129,135,-6,6
8972,54,65,-11,11
8973,117,132,-15,15
8974,120,121,-1,1
8975,73,82,-9,9
8976,177,179,-2,2
8977,157,145,12,12
8978,77,78,-1,1
8979,55,63,-8,8
8980,132,134,-2,2
8981,180,168,12,12
8982,72,72,0,0
8983,88,93,-5,5
8984,71,80,-9,9
8985,85,89,-4,4
8986,51,47,4,4
8987,61,60,1,1
8988,76,79,-3,3
8989,90,98,-8,8
8990,64,70,-6,6
8991,67,96,-29,29
8992,95,91,4,4
8993,46,53,-7,7
8994,92,90,2,2
8995,121,145,-24,24
8996,93,99,-6,6
8997,92,95,-3,3
8998,52,57,-5,5
8999,112,121,-9,9
9000,66,101,-35,35
9001,76,62,14,14
9002,157,154,3,3
9003,75,69,6,6
9004,68,70,-2,2
9005,64,77,-13,13
9006,135,118,17,17
9007,107,102,5,5
9008,79,91,-12,12
9009,82,78,4,4
9010,101,90,11,11
9011,142,162,-20,20
9012,108,105,3,3
9013,93,106,-13,13
9014,111,110,1,1
9015,111,103,8,8
9016,101,88,13,13
9017,67,66,1,1
9018,58,59,-1,1
9019,117,108,9,9
9020,100,96,4,4
9021,96,95,1,1
9022,106,108,-2,2
9023,82,97,-15,15
9024,57,64,-7,7
9025,95,88,7,7
9026,92,87,5,5
9027,78,80,-2,2
9028,85,83,2,2
9029,46,41,5,5
9030,60,77,-17,17
9031,68,78,-10,10
9032,90,92,-2,2
9033,106,113,-7,7
9034,72,62,10,10
9035,91,93,-2,2
9036,142,138,4,4
9037,63,55,8,8
9038,55,60,-5,5
9039,112,103,9,9
9040,165,184,-19,19
9041,80,77,3,3
9042,58,61,-3,3
9043,96,96,0,0
9044,69,70,-1,1
9045,85,91,-6,6
9046,74,78,-4,4
9047,148,137,11,11
9048,61,59,2,2
9049,114,119,-5,5
9050,117,112,5,5
9051,87,86,1,1
9052,148,136,12,12
9053,129,127,2,2
9054,100,90,10,10
9055,79,80,-1,1
9056,84,79,5,5
9057,75,78,-3,3
9058,101,98,3,3
9059,74,72,2,2
9060,98,89,9,9
9061,97,103,-6,6
9062,58,66,-8,8
9063,104,97,7,7
9064,122,109,13,13
9065,33,47,-14,14
9066,62,58,4,4
9067,59,66,-7,7
9068,66,79,-13,13
9069,112,105,7,7
9070,109,107,2,2
9071,67,74,-7,7
9072,157,179,-22,22
9073,147,139,8,8
9074,114,109,5,5
9075,45,42,3,3
9076,71,81,-10,10
9077,135,125,10,10
9078,64,56,8,8
9079,101,110,-9,9
9080,93,94,-1,1
9081,92,85,7,7
9082,128,119,9,9
9083,90,81,9,9
9084,113,94,19,19
9085,62,81,-19,19
9086,66,65,1,1
9087,69,72,-3,3
9088,90,81,9,9
9089,69,66,3,3
9090,87,90,-3,3
9091,70,81,-11,11
9092,88,88,0,0
9093,60,72,-12,12
9094,172,159,13,13
9095,94,92,2,2
9096,53,62,-9,9
9097,81,76,5,5
9098,103,108,-5,5
9099,146,144,2,2
9100,93,88,5,5
9101,106,106,0,0
9102,115,96,19,19
9103,171,157,14,14
9104,80,88,-8,8
9105,89,88,1,1
9106,75,85,-10,10
9107,197,198,-1,1
9108,52,61,-9,9
9109,56,62,-6,6
9110,76,81,-5,5
9111,136,133,3,3
9112,127,123,4,4
9113,102,111,-9,9
9114,100,107,-7,7
9115,154,147,7,7
9116,127,141,-14,14
9117,115,111,4,4
9118,69,76,-7,7
9119,113,96,17,17
9120,116,112,4,4
9121,92,97,-5,5
9122,95,106,-11,11
9123,81,72,9,9
9124,81,81,0,0
9125,148,153,-5,5
9126,94,86,8,8
9127,117,120,-3,3
9128,47,48,-1,1
9129,100,98,2,2
9130,133,122,11,11
9131,79,95,-16,16
9132,147,143,4,4
9133,62,71,-9,9
9134,77,85,-8,8
9135,154,138,16,16
9136,112,117,-5,5
9137,65,67,-2,2
9138,42,46,-4,4
9139,114,106,8,8
9140,114,113,1,1
9141,77,73,4,4
9142,68,78,-10,10
9143,84,89,-5,5
9144,120,118,2,2
9145,132,129,3,3
9146,113,123,-10,10
9147,86,87,-1,1
9148,78,76,2,2
9149,73,81,-8,8
9150,68,69,-1,1
9151,93,99,-6,6
9152,113,121,-8,8
9153,58,66,-8,8
9154,63,71,-8,8
9155,54,45,9,9
9156,123,103,20,20
9157,43,55,-12,12
9158,82,76,6,6
9159,144,129,15,15
9160,73,95,-22,22
9161,49,46,3,3
9162,103,92,11,11
9163,179,180,-1,1
9164,106,101,5,5
9165,93,99,-6,6
9166,135,143,-8,8
9167,120,120,0,0
9168,130,116,14,14
9169,79,90,-11,11
9170,82,79,3,3
9171,55,62,-7,7
9172,74,68,6,6
9173,153,148,5,5
9174,93,90,3,3
9175,107,102,5,5
9176,136,148,-12,12
9177,88,88,0,0
9178,56,72,-16,16
9179,171,156,15,15
9180,115,109,6,6
9181,53,64,-11,11
9182,124,128,-4,4
9183,117,106,11,11
9184,76,78,-2,2
9185,168,155,13,13
9186,78,78,0,0
9187,42,47,-5,5
9188,74,74,0,0
9189,156,145,11,11
9190,81,110,-29,29
9191,88,99,-11,11
9192,169,164,5,5
9193,74,77,-3,3
9194,108,111,-3,3
9195,98,90,8,8
9196,175,200,-25,25
9197,39,50,-11,11
9198,47,46,1,1
9199,100,92,8,8
9200,105,90,15,15
9201,103,101,2,2
9202,114,110,4,4
9203,65,73,-8,8
9204,70,70,0,0
9205,79,84,-5,5
9206,96,99,-3,3
9207,123,126,-3,3
9208,94,95,-1,1
9209,124,127,-3,3
9210,102,89,13,13
9211,108,103,5,5
9212,78,81,-3,3
9213,111,115,-4,4
9214,84,89,-5,5
9215,58,62,-4,4
9216,124,112,12,12
9217,92,93,-1,1
9218,75,83,-8,8
9219,64,59,5,5
9220,89,78,11,11
9221,88,100,-12,12
9222,58,69,-11,11
9223,116,113,3,3
9224,57,67,-10,10
9225,98,92,6,6
9226,138,135,3,3
9227,87,98,-11,11
9228,58,57,1,1
9229,141,141,0,0
9230,72,76,-4,4
9231,63,75,-12,12
9232,173,166,7,7
9233,113,105,8,8
9234,114,98,16,16
9235,95,86,9,9
9236,80,83,-3,3
9237,75,77,-2,2
9238,113,113,0,0
9239,86,96,-10,10
9240,54,65,-11,11
9241,99,82,17,17
9242,149,133,16,16
9243,73,59,14,14
9244,86,77,9,9
9245,108,105,3,3
9246,74,75,-1,1
9247,59,83,-24,24
9248,106,112,-6,6
9249,158,139,19,19
9250,45,62,-17,17
9251,77,71,6,6
9252,116,123,-7,7
9253,52,58,-6,6
9254,93,107,-14,14
9255,129,118,11,11
9256,63,74,-11,11
9257,41,61,-20,20
9258,62,60,2,2
9259,168,156,12,12
9260,117,129,-12,12
9261,142,138,4,4
9262,112,100,12,12
9263,101,96,5,5
9264,86,85,1,1
9265,77,81,-4,4
9266,141,127,14,14
9267,80,95,-15,15
9268,107,115,-8,8
9269,90,93,-3,3
9270,65,77,-12,12
9271,57,58,-1,1
9272,89,88,1,1
9273,63,59,4,4
9274,121,119,2,2
9275,108,107,1,1
9276,83,84,-1,1
9277,116,110,6,6
9278,66,66,0,0
9279,128,118,10,10
9280,98,100,-2,2
9281,76,76,0,0
9282,130,118,12,12
9283,55,75,-20,20
9284,64,63,1,1
9285,107,118,-11,11
9286,117,113,4,4
9287,124,121,3,3
9288,88,89,-1,1
9289,44,41,3,3
9290,89,92,-3,3
9291,82,101,-19,19
9292,78,78,0,0
9293,63,63,0,0
9294,60,56,4,4
9295,55,67,-12,12
9296,80,79,1,1
9297,56,62,-6,6
9298,68,72,-4,4
9299,177,177,0,0
9300,69,69,0,0
9301,63,69,-6,6
9302,116,108,8,8
9303,96,105,-9,9
9304,142,122,20,20
9305,85,87,-2,2
9306,56,66,-10,10
9307,91,90,1,1
9308,72,76,-4,4
9309,69,81,-12,12
9310,114,101,13,13
9311,131,131,0,0
9312,70,83,-13,13
9313,138,132,6,6
9314,103,96,7,7
9315,69,78,-9,9
9316,97,98,-1,1
9317,98,110,-12,12
9318,117,114,3,3
9319,95,101,-6,6
9320,130,122,8,8
9321,174,166,8,8
9322,114,120,-6,6
9323,87,94,-7,7
9324,92,92,0,0
9325,57,59,-2,2
9326,93,86,7,7
9327,90,99,-9,9
9328,87,93,-6,6
9329,87,92,-5,5
9330,115,118,-3,3
9331,103,104,-1,1
9332,66,64,2,2
9333,95,85,10,10
9334,98,95,3,3
9335,82,85,-3,3
9336,63,62,1,1
9337,39,47,-8,8
9338,60,65,-5,5
9339,112,99,13,13
9340,159,173,-14,14
9341,41,59,-18,18
9342,96,91,5,5
9343,117,111,6,6
9344,69,78,-9,9
9345,82,83,-1,1
9346,125,109,16,16
9347,82,73,9,9
9348,65,72,-7,7
9349,92,84,8,8
9350,91,97,-6,6
9351,91,89,2,2
9352,95,84,11,11
9353,28,53,-25,25
9354,64,61,3,3
9355,73,71,2,2
9356,122,109,13,13
9357,76,85,-9,9
9358,82,78,4,4
9359,134,123,11,11
9360,118,116,2,2
9361,72,77,-5,5
9362,96,125,-29,29
9363,176,154,22,22
9364,156,148,8,8
9365,64,87,-23,23
9366,99,112,-13,13
9367,94,86,8,8
9368,84,74,10,10
9369,88,91,-3,3
9370,144,140,4,4
9371,123,117,6,6
9372,99,110,-11,11
9373,63,71,-8,8
9374,64,61,3,3
9375,141,128,13,13
9376,71,84,-13,13
9377,166,151,15,15
9378,118,127,-9,9
9379,120,110,10,10
9380,145,126,19,19
9381,87,98,-11,11
9382,90,103,-13,13
9383,80,89,-9,9
9384,125,121,4,4
9385,59,59,0,0
9386,171,184,-13,13
9387,72,72,0,0
9388,121,106,15,15
9389,47,42,5,5
9390,73,88,-15,15
9391,124,109,15,15
9392,87,90,-3,3
9393,95,89,6,6
9394,77,73,4,4
9395,167,167,0,0
9396,53,47,6,6
9397,89,84,5,5
9398,83,71,12,12
9399,77,94,-17,17
9400,127,122,5,5
9401,94,99,-5,5
9402,95,79,16,16
9403,93,101,-8,8
9404,74,78,-4,4
9405,112,123,-11,11
9406,117,105,12,12
9407,69,76,-7,7
9408,88,92,-4,4
9409,71,64,7,7
9410,57,51,6,6
9411,89,83,6,6
9412,98,117,-19,19
9413,123,114,9,9
9414,88,85,3,3
9415,136,117,19,19
9416,85,79,6,6
9417,93,83,10,10
9418,150,143,7,7
9419,50,57,-7,7
9420,77,80,-3,3
9421,87,91,-4,4
9422,123,118,5,5
9423,71,74,-3,3
9424,142,137,5,5
9425,78,82,-4,4
9426,111,96,15,15
9427,54,63,-9,9
9428,66,76,-10,10
9429,110,110,0,0
9430,96,96,0,0
9431,56,57,-1,1
9432,17,38,-21,21
9433,84,81,3,3
9434,108,109,-1,1
9435,103,94,9,9
9436,102,101,1,1
9437,81,79,2,2
9438,125,119,6,6
9439,120,125,-5,5
9440,89,84,5,5
9441,73,71,2,2
9442,110,110,0,0
9443,86,86,0,0
9444,94,87,7,7
9445,76,76,0,0
9446,72,70,2,2
9447,41,53,-12,12
9448,129,121,8,8
9449,80,74,6,6
9450,92,81,11,11
9451,208,177,31,31
9452,170,167,3,3
9453,88,90,-2,2
9454,43,58,-15,15
9455,65,60,5,5
9456,52,65,-13,13
9457,44,47,-3,3
9458,96,96,0,0
9459,165,164,1,1
9460,92,78,14,14
9461,104,92,12,12
9462,131,130,1,1
9463,73,90,-17,17
9464,131,119,12,12
9465,51,68,-17,17
9466,63,74,-11,11
9467,107,113,-6,6
9468,109,127,-18,18
9469,131,115,16,16
9470,96,92,4,4
9471,90,77,13,13
9472,60,66,-6,6
9473,106,108,-2,2
9474,101,89,12,12
9475,67,73,-6,6
9476,117,121,-4,4
9477,76,82,-6,6
9478,78,77,1,1
9479,94,85,9,9
9480,95,97,-2,2
9481,78,71,7,7
9482,133,137,-4,4
9483,41,54,-13,13
9484,105,107,-2,2
9485,102,101,1,1
9486,88,91,-3,3
9487,106,109,-3,3
9488,89,91,-2,2
9489,98,118,-20,20
9490,128,118,10,10
9491,102,107,-5,5
9492,132,139,-7,7
9493,101,93,8,8
9494,144,137,7,7
9495,61,66,-5,5
9496,61,67,-6,6
9497,114,121,-7,7
9498,125,116,9,9
9499,70,72,-2,2
9500,83,84,-1,1
9501,147,149,-2,2
9502,97,101,-4,4
9503,82,90,-8,8
9504,87,79,8,8
9505,94,102,-8,8
9506,54,58,-4,4
9507,71,83,-12,12
9508,105,100,5,5
9509,87,85,2,2
9510,95,102,-7,7
9511,71,81,-10,10
9512,76,81,-5,5
9513,123,122,1,1
9514,127,103,24,24
9515,84,94,-10,10
9516,48,59,-11,11
9517,108,98,10,10
9518,157,129,28,28
9519,54,50,4,4
9520,100,97,3,3
9521,118,114,4,4
9522,57,62,-5,5
9523,137,121,16,16
9524,80,88,-8,8
9525,48,59,-11,11
9526,49,56,-7,7
9527,94,99,-5,5
9528,101,85,16,16
9529,64,72,-8,8
9530,114,121,-7,7
9531,82,88,-6,6
9532,62,67,-5,5
9533,57,66,-9,9
9534,88,92,-4,4
9535,92,103,-11,11
9536,66,83,-17,17
9537,76,78,-2,2
9538,59,67,-8,8
9539,89,92,-3,3
9540,63,67,-4,4
9541,51,63,-12,12
9542,123,118,5,5
9543,88,88,0,0
9544,59,67,-8,8
9545,66,66,0,0
9546,135,120,15,15
9547,54,62,-8,8
9548,24,33,-9,9
9549,91,82,9,9
9550,166,162,4,4
9551,45,53,-8,8
9552,95,98,-3,3
9553,99,107,-8,8
9554,70,79,-9,9
9555,81,75,6,6
9556,97,91,6,6
9557,75,89,-14,14
9558,55,66,-11,11
9559,86,100,-14,14
9560,172,159,13,13
9561,65,77,-12,12
9562,174,155,19,19
9563,78,85,-7,7
9564,81,91,-10,10
9565,68,61,7,7
9566,74,68,6,6
9567,46,47,-1,1
9568,119,126,-7,7
9569,48,63,-15,15
9570,112,117,-5,5
9571,135,157,-22,22
9572,91,79,12,12
9573,103,89,14,14
9574,95,114,-19,19
9575,91,80,11,11
9576,201,176,25,25
9577,89,90,-1,1
9578,71,89,-18,18
9579,198,185,13,13
9580,93,88,5,5
9581,82,81,1,1
9582,132,126,6,6
9583,79,90,-11,11
9584,60,63,-3,3
9585,72,82,-10,10
9586,107,114,-7,7
9587,112,113,-1,1
9588,99,99,0,0
9589,104,116,-12,12
9590,68,70,-2,2
9591,57,58,-1,1
9592,47,65,-18,18
9593,96,96,0,0
9594,95,106,-11,11
9595,43,57,-14,14
9596,116,106,10,10
9597,65,70,-5,5
9598,106,106,0,0
9599,117,123,-6,6
9600,96,91,5,5
9601,67,59,8,8
9602,100,97,3,3
9603,108,108,0,0
9604,103,104,-1,1
9605,58,52,6,6
9606,88,92,-4,4
9607,133,125,8,8
9608,161,149,12,12
9609,95,95,0,0
9610,99,85,14,14
9611,69,79,-10,10
9612,112,108,4,4
9613,127,116,11,11
9614,66,63,3,3
9615,116,116,0,0
9616,105,121,-16,16
9617,100,97,3,3
9618,93,91,2,2
9619,79,82,-3,3
9620,121,108,13,13
9621,86,96,-10,10
9622,88,79,9,9
9623,177,156,21,21
9624,67,66,1,1
9625,73,66,7,7
9626,105,95,10,10
9627,115,115,0,0
9628,141,142,-1,1
9629,75,73,2,2
9630,58,57,1,1
9631,86,84,2,2
9632,137,135,2,2
9633,113,110,3,3
9634,92,90,2,2
9635,83,91,-8,8
9636,103,122,-19,19
9637,145,103,42,42
9638,84,81,3,3
9639,123,124,-1,1
9640,104,93,11,11
9641,61,64,-3,3
9642,79,100,-21,21
9643,90,119,-29,29
9644,115,118,-3,3
9645,138,148,-10,10
9646,80,76,4,4
9647,92,98,-6,6
9648,126,126,0,0
9649,62,62,0,0
9650,81,90,-9,9
9651,88,80,8,8
9652,90,103,-13,13
9653,70,65,5,5
9654,113,119,-6,6
9655,81,81,0,0
9656,70,82,-12,12
9657,87,81,6,6
9658,62,60,2,2
9659,54,61,-7,7
9660,85,85,0,0
9661,76,75,1,1
9662,44,47,-3,3
9663,106,86,20,20
9664,116,108,8,8
9665,114,92,22,22
9666,156,155,1,1
9667,127,111,16,16
9668,61,64,-3,3
9669,57,53,4,4
9670,128,126,2,2
9671,90,81,9,9
9672,113,107,6,6
9673,81,72,9,9
9674,48,63,-15,15
9675,47,50,-3,3
9676,139,133,6,6
9677,154,149,5,5
9678,104,114,-10,10
9679,97,94,3,3
9680,123,117,6,6
9681,68,64,4,4
9682,94,96,-2,2
9683,77,91,-14,14
9684,45,49,-4,4
9685,78,81,-3,3
9686,75,83,-8,8
9687,79,74,5,5
9688,175,241,-66,66
9689,117,110,7,7
9690,108,100,8,8
9691,106,112,-6,6
9692,82,74,8,8
9693,112,100,12,12
9694,74,83,-9,9
9695,117,118,-1,1
9696,94,95,-1,1
9697,226,205,21,21
9698,120,107,13,13
9699,40,49,-9,9
9700,40,110,-70,70
9701,119,121,-2,2
9702,51,61,-10,10
9703,61,64,-3,3
9704,119,121,-2,2
9705,97,92,5,5
9706,70,71,-1,1
9707,101,90,11,11
9708,160,148,12,12
9709,88,82,6,6
9710,41,56,-15,15
9711,86,91,-5,5
9712,76,79,-3,3
9713,66,71,-5,5
9714,110,116,-6,6
9715,120,123,-3,3
9716,97,105,-8,8
9717,89,97,-8,8
9718,117,121,-4,4
9719,59,70,-11,11
9720,145,144,1,1
9721,84,78,6,6
9722,78,89,-11,11
9723,65,63,2,2
9724,62,77,-15,15
9725,114,118,-4,4
9726,76,82,-6,6
9727,51,50,1,1
9728,131,149,-18,18
9729,162,169,-7,7
9730,90,94,-4,4
9731,95,107,-12,12
9732,49,52,-3,3
9733,81,87,-6,6
9734,103,102,1,1
9735,136,147,-11,11
9736,116,115,1,1
9737,74,67,7,7
9738,54,68,-14,14
9739,110,117,-7,7
9740,113,108,5,5
9741,142,127,15,15
9742,130,109,21,21
9743,156,140,16,16
9744,186,180,6,6
9745,70,68,2,2
9746,115,110,5,5
9747,149,132,17,17
9748,135,130,5,5
9749,72,64,8,8
9750,143,125,18,18
9751,190,179,11,11
9752,117,127,-10,10
9753,124,121,3,3
9754,78,87,-9,9
9755,90,105,-15,15
9756,49,47,2,2
9757,52,58,-6,6
9758,48,59,-11,11
9759,69,79,-10,10
9760,69,77,-8,8
9761,40,56,-16,16
9762,89,101,-12,12
9763,85,89,-4,4
9764,104,119,-15,15
9765,130,118,12,12
9766,110,84,26,26
9767,136,119,17,17
9768,91,84,7,7
9769,83,85,-2,2
9770,50,49,1,1
9771,104,109,-5,5
9772,83,86,-3,3
9773,114,115,-1,1
9774,119,128,-9,9
9775,88,92,-4,4
9776,68,91,-23,23
9777,84,97,-13,13
9778,93,77,16,16
9779,56,78,-22,22
9780,66,63,3,3
9781,60,57,3,3
9782,58,59,-1,1
9783,142,136,6,6
9784,197,186,11,11
9785,53,55,-2,2
9786,86,107,-21,21
9787,85,80,5,5
9788,153,136,17,17
9789,58,60,-2,2
9790,78,95,-17,17
9791,159,146,13,13
9792,129,127,2,2
9793,115,102,13,13
9794,64,59,5,5
9795,142,142,0,0
9796,83,85,-2,2
9797,171,180,-9,9
9798,137,176,-39,39
9799,107,110,-3,3
9800,101,95,6,6
9801,75,71,4,4
9802,103,96,7,7
9803,80,79,1,1
9804,51,51,0,0
9805,92,73,19,19
9806,88,79,9,9
9807,96,101,-5,5
9808,140,129,11,11
9809,107,108,-1,1
9810,59,70,-11,11
9811,128,122,6,6
9812,80,76,4,4
9813,40,49,-9,9
9814,139,134,5,5
9815,79,75,4,4
9816,89,118,-29,29
9817,127,128,-1,1
9818,132,129,3,3
9819,104,108,-4,4
9820,100,87,13,13
9821,76,82,-6,6
9822,182,152,30,30
9823,43,61,-18,18
9824,56,60,-4,4
9825,140,124,16,16
9826,98,98,0,0
9827,66,80,-14,14
9828,52,42,10,10
9829,100,98,2,2
9830,131,122,9,9
9831,47,42,5,5
9832,57,61,-4,4
9833,58,62,-4,4
9834,100,101,-1,1
9835,143,154,-11,11
9836,81,77,4,4
9837,130,121,9,9
9838,63,70,-7,7
9839,84,94,-10,10
9840,86,86,0,0
9841,118,115,3,3
9842,109,94,15,15
9843,176,174,2,2
9844,68,69,-1,1
9845,102,104,-2,2
9846,65,68,-3,3
9847,88,91,-3,3
9848,127,111,16,16
9849,56,70,-14,14
9850,104,102,2,2
9851,105,99,6,6
9852,84,84,0,0
9853,27,69,-42,42
9854,95,102,-7,7
9855,77,79,-2,2
9856,192,185,7,7
9857,78,70,8,8
9858,122,122,0,0
9859,80,89,-9,9
9860,94,84,10,10
9861,126,126,0,0
9862,44,52,-8,8
9863,73,86,-13,13
9864,104,76,28,28
9865,71,68,3,3
9866,65,64,1,1
9867,96,72,24,24
9868,116,102,14,14
9869,103,105,-2,2
9870,129,126,3,3
9871,143,142,1,1
9872,100,114,-14,14
9873,133,111,22,22
9874,64,65,-1,1
9875,121,123,-2,2
9876,61,70,-9,9
9877,55,58,-3,3
9878,49,57,-8,8
9879,86,87,-1,1
9880,85,81,4,4
9881,61,59,2,2
9882,128,140,-12,12
9883,91,78,13,13
9884,99,84,15,15
9885,92,92,0,0
9886,179,177,2,2
9887,114,100,14,14
9888,66,64,2,2
9889,78,77,1,1
9890,69,70,-1,1
9891,121,115,6,6
9892,85,68,17,17
9893,110,129,-19,19
9894,92,102,-10,10
9895,117,112,5,5
9896,174,165,9,9
9897,135,138,-3,3
9898,64,66,-2,2
9899,75,88,-13,13
9900,97,115,-18,18
9901,120,115,5,5
9902,102,110,-8,8
9903,91,91,0,0
9904,70,74,-4,4
9905,64,69,-5,5
9906,49,52,-3,3
9907,94,105,-11,11
9908,71,75,-4,4
9909,136,159,-23,23
9910,68,72,-4,4
9911,122,115,7,7
9912,73,75,-2,2
9913,114,111,3,3
9914,98,107,-9,9
9915,104,99,5,5
9916,103,105,-2,2
9917,108,102,6,6
9918,127,124,3,3
9919,130,142,-12,12
9920,95,90,5,5
9921,89,83,6,6
9922,73,80,-7,7
9923,157,147,10,10
9924,103,96,7,7
9925,105,101,4,4
9926,112,99,13,13
9927,109,102,7,7
9928,79,80,-1,1
9929,92,107,-15,15
9930,72,64,8,8
9931,48,59,-11,11
9932,98,87,11,11
9933,111,107,4,4
9934,119,108,11,11
9935,139,122,17,17
9936,55,68,-13,13
9937,107,115,-8,8
9938,135,145,-10,10
9939,102,100,2,2
9940,88,87,1,1
9941,105,116,-11,11
9942,136,118,18,18
9943,82,86,-4,4
9944,67,68,-1,1
9945,123,114,9,9
9946,120,127,-7,7
9947,94,105,-11,11
9948,51,51,0,0
9949,95,75,20,20
9950,92,90,2,2
9951,154,134,20,20
9952,76,82,-6,6
9953,59,53,6,6
9954,153,142,11,11
9955,66,74,-8,8
9956,96,104,-8,8
9957,131,128,3,3
9958,81,84,-3,3
9959,80,85,-5,5
9960,59,56,3,3
9961,72,82,-10,10
9962,148,141,7,7
9963,123,139,-16,16
9964,72,69,3,3
9965,59,66,-7,7
9966,145,142,3,3
9967,95,94,1,1
9968,125,119,6,6
9969,79,76,3,3
9970,79,82,-3,3
9971,68,78,-10,10
9972,135,145,-10,10
9973,96,96,0,0
9974,64,57,7,7
9975,62,62,0,0
9976,102,92,10,10
9977,141,137,4,4
9978,82,69,13,13
9979,84,82,2,2
9980,85,75,10,10
9981,77,82,-5,5
9982,107,104,3,3
9983,94,88,6,6
9984,84,74,10,10
9985,90,91,-1,1
9986,127,126,1,1
9987,94,89,5,5
9988,142,140,2,2
9989,88,100,-12,12
9990,104,94,10,10
9991,66,70,-4,4
9992,48,58,-10,10
9993,76,71,5,5
9994,105,113,-8,8
9995,62,61,1,1
9996,82,84,-2,2
9997,123,124,-1,1
9998,88,95,-7,7
9999,68,69,-1,1
10000,171,157,14,14
10001,134,124,10,10
10002,81,78,3,3
10003,66,75,-9,9
10004,49,61,-12,12
10005,92,91,1,1
10006,121,123,-2,2
10007,133,128,5,5
10008,147,132,15,15
10009,81,82,-1,1
10010,69,70,-1,1
10011,83,94,-11,11
10012,88,83,5,5
10013,59,57,2,2
10014,91,92,-1,1
10015,153,163,-10,10
10016,114,108,6,6
10017,77,83,-6,6
10018,85,61,24,24
10019,80,80,0,0
10020,74,72,2,2
10021,169,145,24,24
10022,108,106,2,2
10023,121,125,-4,4
10024,83,77,6,6
10025,56,58,-2,2
10026,74,78,-4,4
10027,53,65,-12,12
10028,80,87,-7,7
10029,79,79,0,0
10030,117,116,1,1
10031,174,155,19,19
10032,77,75,2,2
10033,114,98,16,16
10034,79,75,4,4
10035,158,147,11,11
10036,80,82,-2,2
10037,90,114,-24,24
10038,111,116,-5,5
10039,155,143,12,12
10040,55,70,-15,15
10041,74,84,-10,10
10042,62,71,-9,9
10043,138,130,8,8
10044,143,163,-20,20
10045,113,121,-8,8
10046,100,111,-11,11
10047,115,101,14,14
10048,49,53,-4,4
10049,139,152,-13,13
10050,114,120,-6,6
10051,125,130,-5,5
10052,61,54,7,7
10053,136,128,8,8
10054,77,77,0,0
10055,211,193,18,18
10056,66,60,6,6
10057,111,103,8,8
10058,122,126,-4,4
10059,139,135,4,4
10060,121,118,3,3
10061,108,109,-1,1
10062,85,95,-10,10
10063,110,118,-8,8
10064,62,75,-13,13
10065,107,111,-4,4
10066,49,54,-5,5
10067,82,83,-1,1
10068,92,91,1,1
10069,59,66,-7,7
10070,56,74,-18,18
10071,105,101,4,4
10072,61,71,-10,10
10073,95,108,-13,13
10074,56,66,-10,10
10075,148,148,0,0
10076,123,129,-6,6
10077,111,117,-6,6
10078,75,74,1,1
10079,139,144,-5,5
10080,68,74,-6,6
10081,90,89,1,1
10082,150,150,0,0
10083,133,121,12,12
10084,49,55,-6,6
10085,62,65,-3,3
10086,111,103,8,8
10087,117,115,2,2
10088,151,146,5,5
10089,100,99,1,1
10090,42,51,-9,9
10091,78,73,5,5
10092,48,59,-11,11
10093,118,110,8,8
10094,70,64,6,6
10095,117,132,-15,15
10096,61,115,-54,54
10097,94,95,-1,1
10098,78,75,3,3
10099,170,158,12,12
10100,68,63,5,5
10101,78,83,-5,5
10102,47,53,-6,6
10103,130,109,21,21
10104,80,76,4,4
10105,70,80,-10,10
10106,49,83,-34,34
10107,117,111,6,6
10108,86,92,-6,6
10109,82,73,9,9
10110,54,54,0,0
10111,160,147,13,13
10112,78,93,-15,15
10113,82,88,-6,6
10114,59,59,0,0
10115,115,110,5,5
10116,86,88,-2,2
10117,119,114,5,5
10118,116,120,-4,4
10119,90,97,-7,7
10120,75,77,-2,2
10121,81,73,8,8
10122,87,87,0,0
10123,108,102,6,6
10124,50,51,-1,1
10125,53,62,-9,9
10126,130,149,-19,19
10127,125,104,21,21
10128,118,112,6,6
10129,112,112,0,0
10130,62,56,6,6
10131,105,95,10,10
10132,90,91,-1,1
10133,143,140,3,3
10134,58,58,0,0
10135,64,67,-3,3
10136,108,95,13,13
10137,98,90,8,8
10138,136,124,12,12
10139,101,112,-11,11
10140,85,95,-10,10
10141,92,97,-5,5
10142,144,123,21,21
10143,80,82,-2,2
10144,110,93,17,17
10145,66,62,4,4
10146,73,71,2,2
10147,59,65,-6,6
10148,88,104,-16,16
10149,74,76,-2,2
10150,61,68,-7,7
10151,125,107,18,18
10152,55,55,0,0
10153,115,118,-3,3
10154,58,60,-2,2
10155,76,78,-2,2
10156,137,134,3,3
10157,81,72,9,9
10158,116,113,3,3
10159,81,74,7,7
10160,94,93,1,1
10161,78,89,-11,11
10162,80,77,3,3
10163,99,93,6,6
10164,118,116,2,2
10165,137,132,5,5
10166,98,92,6,6
10167,71,78,-7,7
10168,83,87,-4,4
10169,132,138,-6,6
10170,69,73,-4,4
10171,119,121,-2,2
10172,101,121,-20,20
10173,92,84,8,8
10174,74,79,-5,5
10175,95,101,-6,6
10176,67,73,-6,6
10177,50,49,1,1
10178,106,95,11,11
10179,102,90,12,12
10180,359,378,-19,19
10181,58,62,-4,4
10182,94,92,2,2
10183,90,84,6,6
10184,88,86,2,2
10185,105,92,13,13
10186,75,73,2,2
10187,89,80,9,9
10188,86,76,10,10
10189,133,125,8,8
10190,35,60,-25,25
10191,88,79,9,9
10192,177,151,26,26
10193,100,98,2,2
10194,65,68,-3,3
10195,104,102,2,2
10196,67,55,12,12
10197,86,85,1,1
10198,123,111,12,12
10199,108,97,11,11
10200,84,79,5,5
10201,54,70,-16,16
10202,95,90,5,5
10203,86,89,-3,3
10204,70,88,-18,18
10205,84,82,2,2
10206,107,104,3,3
10207,45,50,-5,5
10208,85,101,-16,16
10209,79,94,-15,15
10210,125,119,6,6
10211,92,89,3,3
10212,74,74,0,0
10213,139,138,1,1
10214,84,84,0,0
10215,103,115,-12,12
10216,60,69,-9,9
10217,78,83,-5,5
10218,69,55,14,14
10219,131,131,0,0
10220,102,92,10,10
10221,69,74,-5,5
10222,58,61,-3,3
10223,43,49,-6,6
10224,29,54,-25,25
10225,86,85,1,1
10226,114,113,1,1
10227,38,55,-17,17
10228,113,116,-3,3
10229,74,86,-12,12
10230,67,68,-1,1
10231,221,209,12,12
10232,103,106,-3,3
10233,224,224,0,0
10234,82,102,-20,20
10235,104,107,-3,3
10236,115,98,17,17
10237,70,88,-18,18
10238,92,91,1,1
10239,118,113,5,5
10240,159,142,17,17
10241,124,112,12,12
10242,165,147,18,18
10243,118,117,1,1
10244,79,70,9,9
10245,113,111,2,2
10246,61,79,-18,18
10247,112,119,-7,7
10248,68,63,5,5
10249,71,76,-5,5
10250,127,108,19,19
10251,82,76,6,6
10252,63,66,-3,3
10253,189,191,-2,2
10254,73,78,-5,5
10255,76,71,5,5
10256,99,104,-5,5
10257,131,130,1,1
10258,88,96,-8,8
10259,61,69,-8,8
10260,135,128,7,7
10261,52,69,-17,17
10262,114,113,1,1
10263,82,85,-3,3
10264,106,112,-6,6
10265,102,119,-17,17
10266,105,110,-5,5
10267,77,81,-4,4
10268,66,64,2,2
10269,129,122,7,7
10270,73,74,-1,1
10271,77,74,3,3
10272,70,66,4,4
10273,40,54,-14,14
10274,55,70,-15,15
10275,130,127,3,3
10276,168,155,13,13
10277,76,70,6,6
10278,136,128,8,8
10279,104,117,-13,13
10280,52,55,-3,3
10281,151,141,10,10
10282,74,77,-3,3
10283,60,65,-5,5
10284,90,80,10,10
10285,81,86,-5,5
10286,118,115,3,3
10287,96,98,-2,2
10288,96,77,19,19
10289,151,149,2,2
10290,125,121,4,4
10291,73,83,-10,10
10292,107,99,8,8
10293,113,109,4,4
10294,118,123,-5,5
10295,71,74,-3,3
10296,68,68,0,0
10297,65,71,-6,6
10298,48,60,-12,12
10299,73,77,-4,4
10300,86,107,-21,21
10301,45,48,-3,3
10302,87,84,3,3
10303,113,103,10,10
10304,137,128,9,9
10305,114,119,-5,5
10306,61,66,-5,5
10307,106,97,9,9
10308,128,132,-4,4
10309,111,119,-8,8
10310,100,103,-3,3
10311,100,105,-5,5
10312,133,132,1,1
10313,96,100,-4,4
10314,133,136,-3,3
10315,130,126,4,4
10316,78,82,-4,4
10317,130,117,13,13
10318,110,123,-13,13
10319,75,84,-9,9
10320,144,149,-5,5
10321,81,86,-5,5
10322,63,73,-10,10
10323,122,122,0,0
10324,119,128,-9,9
10325,99,96,3,3
10326,111,110,1,1
10327,143,137,6,6
10328,104,114,-10,10
10329,93,89,4,4
10330,72,84,-12,12
10331,79,89,-10,10
10332,128,129,-1,1
10333,99,95,4,4
10334,76,89,-13,13
10335,100,99,1,1
10336,70,71,-1,1
10337,148,149,-1,1
10338,68,63,5,5
10339,100,111,-11,11
10340,74,81,-7,7
10341,86,79,7,7
10342,93,90,3,3
10343,138,129,9,9
10344,149,160,-11,11
10345,65,57,8,8
10346,89,89,0,0
10347,117,86,31,31
10348,98,90,8,8
10349,127,128,-1,1
10350,106,99,7,7
10351,68,65,3,3
10352,160,138,22,22
10353,83,94,-11,11
10354,129,110,19,19
10355,117,109,8,8
10356,74,77,-3,3
10357,101,101,0,0
10358,113,115,-2,2
10359,121,118,3,3
10360,122,122,0,0
10361,117,110,7,7
10362,131,138,-7,7
10363,68,68,0,0
10364,86,109,-23,23
10365,97,87,10,10
10366,125,124,1,1
10367,65,69,-4,4
10368,49,40,9,9
10369,81,81,0,0
10370,103,117,-14,14
10371,110,100,10,10
10372,86,82,4,4
10373,103,94,9,9
10374,103,102,1,1
10375,59,59,0,0
10376,119,100,19,19
10377,40,42,-2,2
10378,102,94,8,8
10379,120,115,5,5
10380,103,104,-1,1
10381,101,101,0,0
10382,106,101,5,5
10383,110,108,2,2
10384,82,76,6,6
10385,88,77,11,11
10386,174,171,3,3
10387,99,100,-1,1
10388,66,68,-2,2
10389,105,104,1,1
10390,59,54,5,5
10391,128,108,20,20
10392,53,64,-11,11
10393,123,128,-5,5
10394,88,69,19,19
10395,80,79,1,1
10396,72,84,-12,12
10397,73,78,-5,5
10398,60,65,-5,5
10399,88,85,3,3
10400,82,81,1,1
10401,156,142,14,14
10402,163,147,16,16
10403,73,74,-1,1
10404,105,99,6,6
10405,137,123,14,14
10406,74,80,-6,6
10407,85,74,11,11
10408,71,84,-13,13
10409,56,64,-8,8
10410,95,87,8,8
10411,48,47,1,1
10412,113,108,5,5
10413,96,97,-1,1
10414,111,105,6,6
10415,80,110,-30,30
10416,44,50,-6,6
10417,73,73,0,0
10418,132,114,18,18
10419,100,97,3,3
10420,126,124,2,2
10421,77,82,-5,5
10422,81,91,-10,10
10423,68,58,10,10
10424,73,96,-23,23
10425,100,101,-1,1
10426,98,90,8,8
10427,60,59,1,1
10428,110,107,3,3
10429,102,95,7,7
10430,75,72,3,3
10431,138,143,-5,5
10432,81,82,-1,1
10433,108,120,-12,12
10434,148,140,8,8
10435,59,61,-2,2
10436,88,98,-10,10
10437,104,77,27,27
10438,72,67,5,5
10439,82,82,0,0
10440,93,99,-6,6
10441,93,82,11,11
10442,160,154,6,6
10443,129,133,-4,4
10444,113,112,1,1
10445,116,90,26,26
10446,119,119,0,0
10447,86,85,1,1
10448,44,46,-2,2
10449,76,72,4,4
10450,61,67,-6,6
10451,80,83,-3,3
10452,99,90,9,9
10453,87,91,-4,4
10454,117,114,3,3
10455,50,74,-24,24
10456,150,132,18,18
10457,123,113,10,10
10458,100,85,15,15
10459,147,132,15,15
10460,185,188,-3,3
10461,59,66,-7,7
10462,81,72,9,9
10463,61,76,-15,15
10464,126,119,7,7
10465,82,86,-4,4
10466,100,104,-4,4
10467,81,77,4,4
10468,39,64,-25,25
10469,77,75,2,2
10470,51,68,-17,17
10471,98,105,-7,7
10472,133,147,-14,14
10473,80,84,-4,4
10474,151,135,16,16
10475,88,86,2,2
10476,55,51,4,4
10477,72,87,-15,15
10478,75,92,-17,17
10479,77,74,3,3
10480,81,75,6,6
10481,144,143,1,1
10482,121,96,25,25
10483,57,69,-12,12
10484,69,66,3,3
10485,99,95,4,4
10486,64,79,-15,15
10487,130,115,15,15
10488,106,108,-2,2
10489,72,74,-2,2
10490,67,84,-17,17
10491,68,68,0,0
10492,79,89,-10,10
10493,81,85,-4,4
10494,69,75,-6,6
10495,67,64,3,3
10496,73,68,5,5
10497,39,50,-11,11
10498,112,121,-9,9
10499,71,77,-6,6
10500,132,124,8,8
10501,133,125,8,8
10502,95,92,3,3
10503,112,105,7,7
10504,112,101,11,11
10505,99,120,-21,21
10506,71,89,-18,18
10507,127,141,-14,14
10508,89,90,-1,1
10509,87,83,4,4
10510,124,113,11,11
10511,66,76,-10,10
10512,92,99,-7,7
10513,80,80,0,0
10514,94,95,-1,1
10515,146,149,-3,3
10516,139,132,7,7
10517,136,135,1,1
10518,63,61,2,2
10519,54,61,-7,7
10520,171,149,22,22
10521,91,80,11,11
10522,170,140,30,30
10523,147,149,-2,2
10524,70,77,-7,7
10525,140,145,-5,5
10526,117,112,5,5
10527,72,74,-2,2
10528,132,127,5,5
10529,63,65,-2,2
10530,102,110,-8,8
10531,81,87,-6,6
10532,90,81,9,9
10533,87,86,1,1
10534,127,126,1,1
10535,56,64,-8,8
10536,44,42,2,2
10537,122,120,2,2
10538,111,108,3,3
10539,66,70,-4,4
10540,110,110,0,0
10541,101,107,-6,6
10542,119,132,-13,13
10543,75,80,-5,5
10544,65,75,-10,10
10545,55,63,-8,8
10546,76,80,-4,4
10547,70,78,-8,8
10548,157,214,-57,57
10549,27,69,-42,42
10550,83,79,4,4
10551,125,118,7,7
10552,95,101,-6,6
10553,86,77,9,9
10554,116,119,-3,3
10555,66,70,-4,4
10556,144,163,-19,19
10557,96,101,-5,5
10558,94,99,-5,5
10559,37,57,-20,20
10560,195,176,19,19
10561,108,114,-6,6
10562,130,128,2,2
10563,78,87,-9,9
10564,57,70,-13,13
10565,72,68,4,4
10566,57,61,-4,4
10567,90,104,-14,14
10568,67,63,4,4
10569,157,149,8,8
10570,57,63,-6,6
10571,94,98,-4,4
10572,69,74,-5,5
10573,86,80,6,6
10574,58,63,-5,5
10575,105,95,10,10
10576,74,79,-5,5
10577,116,111,5,5
10578,78,74,4,4
10579,115,104,11,11
10580,64,71,-7,7
10581,127,116,11,11
10582,77,75,2,2
10583,99,83,16,16
10584,68,77,-9,9
10585,101,111,-10,10
10586,88,85,3,3
10587,121,121,0,0
10588,100,94,6,6
10589,87,75,12,12
10590,80,78,2,2
10591,43,58,-15,15
10592,103,122,-19,19
10593,149,144,5,5
10594,67,77,-10,10
10595,110,121,-11,11
10596,127,121,6,6
10597,55,60,-5,5
10598,133,128,5,5
10599,82,81,1,1
10600,45,57,-12,12
10601,59,60,-1,1
10602,120,121,-1,1
10603,103,108,-5,5
10604,145,149,-4,4
10605,119,119,0,0
10606,75,81,-6,6
10607,74,74,0,0
10608,109,110,-1,1
10609,148,147,1,1
10610,80,75,5,5
10611,68,72,-4,4
10612,116,114,2,2
10613,114,98,16,16
10614,100,108,-8,8
10615,72,65,7,7
10616,119,134,-15,15
10617,96,91,5,5
10618,58,66,-8,8
10619,132,139,-7,7
10620,169,163,6,6
10621,70,69,1,1
10622,90,96,-6,6
10623,93,86,7,7
10624,107,135,-28,28
10625,124,124,0,0
10626,43,51,-8,8
10627,102,100,2,2
10628,107,103,4,4
10629,61,68,-7,7
10630,62,55,7,7
10631,72,62,10,10
10632,129,121,8,8
10633,74,72,2,2
10634,81,75,6,6
10635,107,94,13,13
10636,79,77,2,2
10637,43,42,1,1
10638,72,71,1,1
10639,102,84,18,18
10640,93,89,4,4
10641,90,87,3,3
10642,66,65,1,1
10643,125,115,10,10
10644,73,67,6,6
10645,78,60,18,18
10646,49,61,-12,12
10647,81,72,9,9
10648,74,80,-6,6
10649,78,78,0,0
10650,82,84,-2,2
10651,92,116,-24,24
10652,110,91,19,19
10653,96,96,0,0
10654,83,97,-14,14
10655,143,141,2,2
10656,88,79,9,9
10657,111,117,-6,6
10658,54,53,1,1
10659,66,67,-1,1
10660,68,83,-15,15
10661,57,65,-8,8
10662,169,138,31,31
10663,63,75,-12,12
10664,131,165,-34,34
10665,102,102,0,0
10666,47,48,-1,1
10667,58,43,15,15
10668,127,130,-3,3
10669,100,87,13,13
10670,109,116,-7,7
10671,109,108,1,1
10672,92,90,2,2
10673,93,101,-8,8
10674,64,78,-14,14
10675,95,101,-6,6
10676,97,89,8,8
10677,87,88,-1,1
10678,65,62,3,3
10679,84,82,2,2
10680,140,117,23,23
10681,88,89,-1,1
10682,56,49,7,7
10683,131,127,4,4
10684,107,99,8,8
10685,93,81,12,12
10686,125,121,4,4
10687,204,185,19,19
10688,128,113,15,15
10689,80,79,1,1
10690,161,173,-12,12
10691,114,113,1,1
10692,96,83,13,13
10693,79,78,1,1
10694,60,60,0,0
10695,176,160,16,16
10696,41,61,-20,20
10697,50,53,-3,3
10698,45,56,-11,11
10699,168,152,16,16
10700,65,70,-5,5
10701,57,57,0,0
10702,98,98,0,0
10703,77,75,2,2
10704,84,75,9,9
10705,76,81,-5,5
10706,75,80,-5,5
10707,93,85,8,8
10708,71,112,-41,41
10709,87,84,3,3
10710,65,59,6,6
10711,130,116,14,14
10712,74,73,1,1
10713,34,49,-15,15
10714,129,115,14,14
10715,114,121,-7,7
10716,70,67,3,3
10717,50,65,-15,15
10718,93,81,12,12
10719,55,59,-4,4
10720,94,87,7,7
10721,46,57,-11,11
10722,50,56,-6,6
10723,104,97,7,7
10724,118,117,1,1
10725,102,102,0,0
10726,84,87,-3,3
10727,165,161,4,4
10728,97,100,-3,3
10729,92,95,-3,3
10730,89,71,18,18
10731,76,84,-8,8
10732,75,98,-23,23
10733,142,143,-1,1
10734,96,101,-5,5
10735,145,158,-13,13
10736,87,88,-1,1
10737,64,66,-2,2
10738,48,55,-7,7
10739,94,98,-4,4
10740,69,59,10,10
10741,66,65,1,1
10742,131,118,13,13
10743,98,96,2,2
10744,94,102,-8,8
10745,65,65,0,0
10746,89,101,-12,12
10747,128,122,6,6
10748,144,157,-13,13
10749,53,58,-5,5
10750,108,118,-10,10
10751,29,65,-36,36
10752,58,59,-1,1
10753,94,104,-10,10
10754,74,68,6,6
10755,133,135,-2,2
10756,75,80,-5,5
10757,87,84,3,3
10758,133,132,1,1
10759,74,78,-4,4
10760,80,80,0,0
10761,52,64,-12,12
10762,116,119,-3,3
10763,158,149,9,9
10764,224,210,14,14
10765,97,99,-2,2
10766,128,122,6,6
10767,102,102,0,0
10768,114,101,13,13
10769,41,40,1,1
10770,86,86,0,0
10771,42,55,-13,13
10772,111,109,2,2
10773,142,150,-8,8
10774,68,65,3,3
10775,65,82,-17,17
10776,116,122,-6,6
10777,91,98,-7,7
10778,157,157,0,0
10779,140,136,4,4
10780,126,121,5,5
10781,77,71,6,6
10782,86,87,-1,1
10783,102,104,-2,2
10784,95,94,1,1
10785,64,61,3,3
10786,103,99,4,4
10787,55,58,-3,3
10788,77,85,-8,8
10789,160,146,14,14
10790,58,66,-8,8
10791,191,183,8,8
10792,121,126,-5,5
10793,77,73,4,4
10794,161,146,15,15
10795,65,68,-3,3
10796,80,90,-10,10
10797,77,77,0,0
10798,67,78,-11,11
10799,51,76,-25,25
10800,76,75,1,1
10801,155,145,10,10
10802,96,86,10,10
10803,65,67,-2,2
10804,98,93,5,5
10805,101,94,7,7
10806,49,58,-9,9
10807,112,118,-6,6
10808,81,80,1,1
10809,49,51,-2,2
10810,65,67,-2,2
10811,90,91,-1,1
10812,126,114,12,12
10813,48,65,-17,17
10814,120,132,-12,12
10815,55,66,-11,11
10816,75,92,-17,17
10817,83,98,-15,15
10818,135,114,21,21
10819,131,127,4,4
10820,117,124,-7,7
10821,88,78,10,10
10822,92,92,0,0
10823,90,94,-4,4
10824,98,100,-2,2
10825,101,98,3,3
10826,138,131,7,7
10827,84,89,-5,5
10828,104,101,3,3
10829,98,118,-20,20
10830,87,95,-8,8
10831,102,104,-2,2
10832,81,82,-1,1
10833,75,72,3,3
10834,145,133,12,12
10835,114,119,-5,5
10836,63,63,0,0
10837,51,53,-2,2
10838,109,111,-2,2
10839,69,72,-3,3
10840,87,101,-14,14
10841,72,71,1,1
10842,114,111,3,3
10843,96,83,13,13
10844,140,148,-8,8
10845,171,158,13,13
10846,97,94,3,3
10847,77,81,-4,4
10848,125,88,37,37
10849,75,80,-5,5
10850,98,105,-7,7
10851,118,118,0,0
10852,120,114,6,6
10853,69,67,2,2
10854,57,50,7,7
10855,129,122,7,7
10856,127,128,-1,1
10857,81,80,1,1
10858,102,95,7,7
10859,154,141,13,13
10860,116,113,3,3
10861,47,45,2,2
10862,124,116,8,8
10863,124,116,8,8
10864,138,121,17,17
10865,82,80,2,2
10866,120,114,6,6
10867,114,112,2,2
10868,90,87,3,3
10869,88,88,0,0
10870,53,67,-14,14
10871,84,84,0,0
10872,80,77,3,3
10873,147,128,19,19
10874,79,93,-14,14
10875,115,114,1,1
10876,80,82,-2,2
10877,117,109,8,8
10878,123,127,-4,4
10879,54,71,-17,17
10880,93,94,-1,1
10881,145,133,12,12
10882,128,138,-10,10
10883,73,74,-1,1
10884,51,51,0,0
10885,65,70,-5,5
10886,102,113,-11,11
10887,95,105,-10,10
10888,58,66,-8,8
10889,49,58,-9,9
10890,113,113,0,0
10891,121,129,-8,8
10892,148,148,0,0
10893,139,139,0,0
10894,96,116,-20,20
10895,143,125,18,18
10896,92,106,-14,14
10897,78,75,3,3
10898,11,44,-33,33
10899,66,76,-10,10
10900,79,73,6,6
10901,70,75,-5,5
10902,67,73,-6,6
10903,77,75,2,2
10904,144,142,2,2
10905,84,88,-4,4
10906,50,49,1,1
10907,79,78,1,1
10908,90,102,-12,12
10909,62,61,1,1
10910,134,136,-2,2
10911,110,97,13,13
10912,78,97,-19,19
10913,142,138,4,4
10914,79,83,-4,4
10915,143,134,9,9
10916,80,88,-8,8
10917,37,41,-4,4
10918,70,66,4,4
10919,96,105,-9,9
10920,135,144,-9,9
10921,76,76,0,0
10922,181,167,14,14
10923,105,105,0,0
10924,49,51,-2,2
10925,65,71,-6,6
10926,139,138,1,1
10927,38,48,-10,10
10928,83,86,-3,3
10929,56,61,-5,5
10930,120,101,19,19
10931,109,108,1,1
10932,160,146,14,14
10933,117,136,-19,19
10934,92,97,-5,5
10935,99,93,6,6
10936,114,117,-3,3
10937,70,67,3,3
10938,93,99,-6,6
10939,112,99,13,13
10940,118,117,1,1
10941,72,67,5,5
10942,51,63,-12,12
10943,119,97,22,22
10944,85,78,7,7
10945,101,120,-19,19
10946,78,89,-11,11
10947,75,78,-3,3
10948,69,78,-9,9
10949,120,114,6,6
10950,72,78,-6,6
10951,64,83,-19,19
10952,80,79,1,1
10953,80,84,-4,4
10954,75,74,1,1
10955,76,72,4,4
10956,157,145,12,12
10957,80,104,-24,24
10958,117,116,1,1
10959,103,94,9,9
10960,129,112,17,17
10961,139,132,7,7
10962,98,88,10,10
10963,87,88,-1,1
10964,165,147,18,18
10965,73,71,2,2
10966,137,132,5,5
10967,150,165,-15,15
10968,74,85,-11,11
10969,157,145,12,12
10970,82,96,-14,14
10971,74,61,13,13
10972,37,49,-12,12
10973,95,99,-4,4
10974,104,100,4,4
10975,124,121,3,3
10976,37,46,-9,9
10977,80,106,-26,26
10978,80,100,-20,20
10979,88,82,6,6
10980,147,125,22,22
10981,65,77,-12,12
10982,101,97,4,4
10983,93,101,-8,8
10984,71,79,-8,8
10985,64,59,5,5
10986,71,71,0,0
10987,60,73,-13,13
10988,64,76,-12,12
10989,55,69,-14,14
10990,48,76,-28,28
10991,141,126,15,15
10992,95,92,3,3
10993,58,62,-4,4
10994,95,97,-2,2
10995,71,70,1,1
10996,89,85,4,4
10997,125,120,5,5
10998,170,179,-9,9
10999,153,153,0,0
11000,84,76,8,8
11001,137,136,1,1
11002,81,67,14,14
11003,77,89,-12,12
11004,75,82,-7,7
11005,110,110,0,0
11006,53,52,1,1
11007,92,86,6,6
11008,105,112,-7,7
11009,55,63,-8,8
11010,85,100,-15,15
11011,141,127,14,14
11012,126,134,-8,8
11013,82,87,-5,5
11014,124,119,5,5
11015,76,89,-13,13
11016,126,115,11,11
11017,56,59,-3,3
11018,65,66,-1,1
11019,91,103,-12,12
11020,65,73,-8,8
11021,84,92,-8,8
11022,95,96,-1,1
11023,109,106,3,3
11024,74,61,13,13
11025,60,62,-2,2
11026,65,62,3,3
11027,77,76,1,1
11028,79,83,-4,4
11029,65,67,-2,2
11030,110,110,0,0
11031,116,131,-15,15
11032,67,72,-5,5
11033,83,79,4,4
11034,120,109,11,11
11035,157,123,34,34
11036,123,119,4,4
11037,80,80,0,0
11038,99,105,-6,6
11039,88,83,5,5
11040,67,79,-12,12
11041,134,126,8,8
11042,76,70,6,6
11043,96,102,-6,6
11044,83,80,3,3
11045,57,62,-5,5
11046,93,102,-9,9
11047,60,61,-1,1
11048,85,84,1,1
11049,62,73,-11,11
11050,110,118,-8,8
11051,108,112,-4,4
11052,66,63,3,3
11053,67,73,-6,6
11054,71,60,11,11
11055,79,78,1,1
11056,145,139,6,6
11057,62,79,-17,17
11058,60,72,-12,12
11059,126,124,2,2
11060,120,122,-2,2
11061,67,65,2,2
11062,96,90,6,6
11063,54,56,-2,2
11064,66,60,6,6
11065,101,100,1,1
11066,83,79,4,4
11067,120,113,7,7
11068,186,176,10,10
11069,72,77,-5,5
11070,91,96,-5,5
11071,158,143,15,15
11072,67,71,-4,4
11073,118,107,11,11
11074,63,60,3,3
11075,105,103,2,2
11076,124,126,-2,2
11077,108,93,15,15
11078,121,113,8,8
11079,39,33,6,6
11080,90,95,-5,5
11081,218,222,-4,4
11082,71,83,-12,12
11083,81,83,-2,2
11084,61,62,-1,1
11085,86,86,0,0
11086,59,66,-7,7
11087,168,168,0,0
11088,86,89,-3,3
11089,104,109,-5,5
11090,89,89,0,0
11091,80,89,-9,9
11092,81,81,0,0
11093,87,80,7,7
11094,119,109,10,10
11095,136,122,14,14
11096,113,108,5,5
11097,68,91,-23,23
11098,86,65,21,21
11099,103,105,-2,2
11100,72,83,-11,11
11101,142,143,-1,1
11102,172,183,-11,11
11103,166,154,12,12
11104,96,113,-17,17
11105,106,124,-18,18
11106,125,119,6,6
11107,125,120,5,5
11108,75,104,-29,29
11109,94,91,3,3
11110,103,100,3,3
11111,58,50,8,8
11112,81,75,6,6
11113,133,125,8,8
11114,122,119,3,3
11115,99,104,-5,5
11116,67,62,5,5
11117,126,128,-2,2
11118,91,83,8,8
11119,73,73,0,0
11120,89,89,0,0
11121,124,147,-23,23
11122,68,55,13,13
11123,126,119,7,7
11124,76,80,-4,4
11125,167,147,20,20
11126,36,32,4,4
11127,137,130,7,7
11128,93,90,3,3
11129,115,111,4,4
11130,125,111,14,14
11131,79,82,-3,3
11132,59,66,-7,7
11133,90,90,0,0
11134,73,72,1,1
11135,74,72,2,2
11136,111,115,-4,4
11137,129,125,4,4
11138,80,96,-16,16
11139,97,87,10,10
11140,83,82,1,1
11141,129,125,4,4
11142,120,119,1,1
11143,93,95,-2,2
11144,95,107,-12,12
11145,101,90,11,11
11146,93,89,4,4
11147,112,125,-13,13
11148,103,103,0,0
11149,60,65,-5,5
11150,95,107,-12,12
11151,62,71,-9,9
11152,69,72,-3,3
11153,83,102,-19,19
11154,53,60,-7,7
11155,98,92,6,6
11156,101,107,-6,6
11157,73,86,-13,13
11158,94,100,-6,6
11159,55,59,-4,4
11160,93,111,-18,18
11161,70,72,-2,2
11162,102,104,-2,2
11163,75,68,7,7
11164,77,70,7,7
11165,96,95,1,1
11166,93,99,-6,6
11167,78,82,-4,4
11168,155,149,6,6
11169,94,93,1,1
11170,66,71,-5,5
11171,71,81,-10,10
11172,96,84,12,12
11173,143,134,9,9
11174,60,47,13,13
11175,79,86,-7,7
11176,93,89,4,4
11177,126,123,3,3
11178,128,121,7,7
11179,103,90,13,13
11180,95,87,8,8
11181,86,99,-13,13
11182,95,83,12,12
11183,68,64,4,4
11184,102,115,-13,13
11185,74,79,-5,5
11186,94,120,-26,26
11187,83,70,13,13
11188,107,100,7,7
11189,65,64,1,1
11190,66,69,-3,3
11191,113,114,-1,1
11192,164,150,14,14
11193,60,64,-4,4
11194,139,150,-11,11
11195,96,102,-6,6
11196,87,75,12,12
11197,113,110,3,3
11198,180,175,5,5
11199,106,100,6,6
11200,73,74,-1,1
11201,121,130,-9,9
11202,125,123,2,2
11203,62,66,-4,4
11204,56,56,0,0
11205,81,76,5,5
11206,103,105,-2,2
11207,107,100,7,7
11208,70,68,2,2
11209,107,103,4,4
11210,167,255,-88,88
11211,72,51,21,21
11212,123,106,17,17
11213,178,190,-12,12
11214,142,146,-4,4
11215,138,130,8,8
11216,148,148,0,0
11217,141,140,1,1
11218,119,131,-12,12
11219,67,72,-5,5
11220,126,143,-17,17
11221,35,71,-36,36
11222,86,89,-3,3
11223,82,97,-15,15
11224,135,142,-7,7
11225,111,104,7,7
11226,145,146,-1,1
11227,99,70,29,29
11228,69,80,-11,11
11229,81,88,-7,7
11230,58,62,-4,4
11231,58,64,-6,6
11232,141,128,13,13
11233,75,84,-9,9
11234,108,120,-12,12
11235,128,134,-6,6
11236,87,91,-4,4
11237,90,86,4,4
11238,133,122,11,11
11239,73,69,4,4
11240,63,67,-4,4
11241,73,84,-11,11
11242,136,141,-5,5
11243,105,97,8,8
11244,60,67,-7,7
11245,102,104,-2,2
11246,100,97,3,3
11247,57,68,-11,11
11248,71,78,-7,7
11249,76,72,4,4
11250,58,66,-8,8
11251,204,194,10,10
11252,96,87,9,9
11253,113,103,10,10
11254,114,92,22,22
11255,138,126,12,12
11256,79,86,-7,7
11257,142,136,6,6
11258,109,99,10,10
11259,141,137,4,4
11260,73,68,5,5
11261,89,137,-48,48
11262,85,95,-10,10
11263,159,146,13,13
11264,107,103,4,4
11265,68,88,-20,20
11266,79,80,-1,1
11267,109,110,-1,1
11268,78,70,8,8
11269,61,68,-7,7
11270,102,109,-7,7
11271,140,145,-5,5
11272,156,141,15,15
11273,155,161,-6,6
11274,118,108,10,10
11275,85,77,8,8
11276,162,145,17,17
11277,105,105,0,0
11278,100,101,-1,1
11279,102,96,6,6
11280,130,122,8,8
11281,55,58,-3,3
11282,69,80,-11,11
11283,89,93,-4,4
11284,39,53,-14,14
11285,139,126,13,13
11286,94,95,-1,1
11287,79,77,2,2
11288,171,162,9,9
11289,139,140,-1,1
11290,85,94,-9,9
11291,86,83,3,3
11292,114,108,6,6
11293,134,131,3,3
11294,51,56,-5,5
11295,47,65,-18,18
11296,56,64,-8,8
11297,72,88,-16,16
11298,96,106,-10,10
11299,143,154,-11,11
11300,115,92,23,23
11301,99,113,-14,14
11302,91,99,-8,8
11303,85,91,-6,6
11304,151,131,20,20
11305,42,58,-16,16
11306,125,122,3,3
11307,41,61,-20,20
11308,137,113,24,24
11309,100,90,10,10
11310,143,121,22,22
11311,174,168,6,6
11312,81,77,4,4
11313,106,104,2,2
11314,150,127,23,23
11315,66,74,-8,8
11316,119,114,5,5
11317,133,123,10,10
11318,58,76,-18,18
11319,90,97,-7,7
11320,111,114,-3,3
11321,157,158,-1,1
11322,106,106,0,0
11323,121,115,6,6
11324,61,80,-19,19
11325,111,105,6,6
11326,88,88,0,0
11327,81,85,-4,4
11328,93,98,-5,5
11329,77,73,4,4
11330,163,128,35,35
11331,104,108,-4,4
11332,76,60,16,16
11333,52,62,-10,10
11334,87,97,-10,10
11335,104,97,7,7
11336,62,60,2,2
11337,112,118,-6,6
11338,76,84,-8,8
11339,129,134,-5,5
11340,106,121,-15,15
11341,63,62,1,1
11342,87,89,-2,2
11343,106,114,-8,8
11344,86,81,5,5
11345,88,89,-1,1
11346,89,94,-5,5
11347,71,61,10,10
11348,116,104,12,12
11349,55,77,-22,22
11350,83,91,-8,8
11351,64,60,4,4
11352,71,75,-4,4
11353,128,116,12,12
11354,57,74,-17,17
11355,127,120,7,7
11356,47,60,-13,13
11357,94,88,6,6
11358,60,60,0,0
11359,60,72,-12,12
11360,55,63,-8,8
11361,97,105,-8,8
11362,82,82,0,0
11363,109,102,7,7
11364,111,102,9,9
11365,61,65,-4,4
11366,70,72,-2,2
11367,79,74,5,5
11368,107,105,2,2
11369,89,82,7,7
11370,60,60,0,0
11371,147,148,-1,1
11372,83,95,-12,12
11373,104,103,1,1
11374,134,135,-1,1
11375,88,96,-8,8
11376,35,41,-6,6
11377,117,126,-9,9
11378,78,79,-1,1
11379,149,128,21,21
11380,85,88,-3,3
11381,97,96,1,1
11382,115,132,-17,17
11383,109,99,10,10
11384,81,81,0,0
11385,81,89,-8,8
11386,93,94,-1,1
11387,123,137,-14,14
11388,95,92,3,3
11389,102,97,5,5
11390,57,56,1,1
11391,179,218,-39,39
11392,126,122,4,4
11393,62,65,-3,3
11394,65,78,-13,13
11395,109,101,8,8
11396,74,84,-10,10
11397,113,115,-2,2
11398,121,123,-2,2
11399,114,123,-9,9
11400,63,68,-5,5
11401,103,104,-1,1
11402,80,75,5,5
11403,45,76,-31,31
11404,93,101,-8,8
11405,121,116,5,5
11406,166,166,0,0
11407,63,76,-13,13
11408,66,63,3,3
11409,55,79,-24,24
11410,116,123,-7,7
11411,96,83,13,13
11412,76,80,-4,4
11413,54,63,-9,9
11414,108,114,-6,6
11415,51,58,-7,7
11416,109,111,-2,2
11417,75,79,-4,4
11418,86,88,-2,2
11419,82,93,-11,11
11420,36,48,-12,12
11421,64,82,-18,18
11422,119,109,10,10
11423,53,61,-8,8
11424,73,74,-1,1
11425,58,54,4,4
11426,41,56,-15,15
11427,58,60,-2,2
11428,118,119,-1,1
11429,134,119,15,15
11430,75,79,-4,4
11431,50,58,-8,8
11432,98,103,-5,5
11433,33,41,-8,8
11434,109,94,15,15
11435,79,86,-7,7
11436,60,59,1,1
11437,100,102,-2,2
11438,85,74,11,11
11439,75,79,-4,4
11440,82,99,-17,17
11441,57,78,-21,21
11442,164,171,-7,7
11443,157,150,7,7
11444,76,75,1,1
11445,72,79,-7,7
11446,57,75,-18,18
11447,96,100,-4,4
11448,90,81,9,9
11449,100,104,-4,4
11450,129,126,3,3
11451,91,99,-8,8
11452,98,92,6,6
11453,102,109,-7,7
11454,198,201,-3,3
11455,78,81,-3,3
11456,60,60,0,0
11457,173,176,-3,3
11458,98,102,-4,4
11459,72,75,-3,3
11460,90,130,-40,40
11461,170,165,5,5
11462,163,150,13,13
11463,77,81,-4,4
11464,66,73,-7,7
11465,67,57,10,10
11466,66,52,14,14
11467,99,89,10,10
11468,86,82,4,4
11469,85,90,-5,5
11470,71,72,-1,1
11471,136,122,14,14
11472,86,75,11,11
11473,60,64,-4,4
11474,119,118,1,1
11475,132,134,-2,2
11476,114,108,6,6
11477,66,66,0,0
11478,147,143,4,4
11479,90,89,1,1
11480,112,111,1,1
11481,68,69,-1,1
11482,119,106,13,13
11483,121,115,6,6
11484,70,94,-24,24
11485,124,117,7,7
11486,47,56,-9,9
11487,70,75,-5,5
11488,80,80,0,0
11489,44,47,-3,3
11490,75,84,-9,9
11491,65,62,3,3
11492,80,66,14,14
11493,95,97,-2,2
11494,124,117,7,7
11495,50,76,-26,26
11496,133,131,2,2
11497,77,80,-3,3
11498,105,121,-16,16
11499,70,72,-2,2
11500,86,96,-10,10
11501,97,81,16,16
11502,80,69,11,11
11503,98,101,-3,3
11504,106,109,-3,3
11505,74,76,-2,2
11506,66,72,-6,6
11507,118,118,0,0
11508,110,111,-1,1
11509,156,152,4,4
11510,67,69,-2,2
11511,170,137,33,33
11512,117,109,8,8
11513,101,100,1,1
11514,130,128,2,2
11515,93,100,-7,7
11516,105,99,6,6
11517,41,58,-17,17
11518,84,70,14,14
11519,59,60,-1,1
11520,141,126,15,15
11521,47,66,-19,19
11522,114,93,21,21
11523,137,123,14,14
11524,126,138,-12,12
11525,62,51,11,11
11526,111,113,-2,2
11527,74,84,-10,10
11528,81,88,-7,7
11529,160,155,5,5
11530,102,97,5,5
11531,91,81,10,10
11532,83,92,-9,9
11533,72,64,8,8
11534,68,63,5,5
11535,126,114,12,12
11536,77,86,-9,9
11537,160,148,12,12
11538,106,106,0,0
11539,81,81,0,0
11540,170,147,23,23
11541,131,123,8,8
11542,50,57,-7,7
11543,115,115,0,0
11544,70,78,-8,8
11545,109,112,-3,3
11546,72,64,8,8
11547,74,79,-5,5
11548,67,66,1,1
11549,81,77,4,4
11550,83,81,2,2
11551,105,112,-7,7
11552,95,97,-2,2
11553,133,124,9,9
11554,115,119,-4,4
11555,98,89,9,9
11556,55,42,13,13
11557,109,108,1,1
11558,50,63,-13,13
11559,145,133,12,12
11560,89,85,4,4
11561,85,76,9,9
11562,85,98,-13,13
11563,65,90,-25,25
11564,86,103,-17,17
11565,105,89,16,16
11566,53,63,-10,10
11567,60,55,5,5
11568,121,116,5,5
11569,52,67,-15,15
11570,53,56,-3,3
11571,164,166,-2,2
11572,92,88,4,4
11573,100,94,6,6
11574,111,109,2,2
11575,67,63,4,4
11576,169,159,10,10
11577,86,83,3,3
11578,51,60,-9,9
11579,96,91,5,5
11580,97,87,10,10
11581,82,71,11,11
11582,75,78,-3,3
11583,103,100,3,3
11584,91,83,8,8
11585,108,112,-4,4
11586,85,88,-3,3
11587,137,136,1,1
11588,88,87,1,1
11589,167,162,5,5
11590,65,78,-13,13
11591,92,89,3,3
11592,98,88,10,10
11593,68,74,-6,6
11594,65,48,17,17
11595,60,63,-3,3
11596,71,72,-1,1
11597,50,48,2,2
11598,79,81,-2,2
11599,102,98,4,4
11600,85,70,15,15
11601,69,66,3,3
11602,105,106,-1,1
11603,114,114,0,0
11604,77,75,2,2
11605,70,60,10,10
11606,80,83,-3,3
11607,137,137,0,0
11608,105,108,-3,3
11609,83,97,-14,14
11610,95,92,3,3
11611,70,82,-12,12
11612,183,172,11,11
11613,50,55,-5,5
11614,164,156,8,8
11615,125,114,11,11
11616,90,85,5,5
11617,108,106,2,2
11618,150,162,-12,12
11619,90,88,2,2
11620,73,78,-5,5
11621,86,97,-11,11
11622,91,102,-11,11
11623,108,122,-14,14
11624,120,115,5,5
11625,127,129,-2,2
11626,65,58,7,7
11627,121,98,23,23
11628,80,82,-2,2
11629,89,74,15,15
11630,81,86,-5,5
11631,96,86,10,10
11632,119,111,8,8
11633,118,116,2,2
11634,128,123,5,5
11635,56,76,-20,20
11636,56,66,-10,10
11637,86,87,-1,1
11638,79,91,-12,12
11639,116,106,10,10
11640,69,84,-15,15
11641,111,94,17,17
11642,81,100,-19,19
11643,56,64,-8,8
11644,119,121,-2,2
11645,82,77,5,5
11646,81,81,0,0
11647,136,121,15,15
11648,127,126,1,1
11649,108,115,-7,7
11650,129,134,-5,5
11651,74,96,-22,22
11652,63,78,-15,15
11653,168,146,22,22
11654,100,103,-3,3
11655,66,71,-5,5
11656,70,88,-18,18
11657,101,97,4,4
11658,112,100,12,12
11659,102,91,11,11
11660,124,120,4,4
11661,82,82,0,0
11662,94,92,2,2
11663,70,76,-6,6
11664,72,74,-2,2
11665,67,63,4,4
11666,117,124,-7,7
11667,47,47,0,0
11668,110,90,20,20
11669,93,87,6,6
11670,64,56,8,8
11671,134,132,2,2
11672,66,61,5,5
11673,69,69,0,0
11674,99,107,-8,8
11675,137,130,7,7
11676,58,64,-6,6
11677,85,75,10,10
11678,94,90,4,4
11679,104,96,8,8
11680,108,115,-7,7
11681,89,82,7,7
11682,176,159,17,17
11683,88,87,1,1
11684,46,53,-7,7
11685,94,92,2,2
11686,162,150,12,12
11687,92,90,2,2
11688,96,89,7,7
11689,124,130,-6,6
11690,74,89,-15,15
11691,68,73,-5,5
11692,67,64,3,3
11693,90,92,-2,2
11694,87,92,-5,5
11695,86,90,-4,4
11696,68,71,-3,3
11697,90,89,1,1
11698,77,89,-12,12
11699,126,115,11,11
11700,126,115,11,11
11701,94,88,6,6
11702,172,170,2,2
11703,63,80,-17,17
11704,101,91,10,10
11705,148,135,13,13
11706,87,101,-14,14
11707,127,115,12,12
11708,121,107,14,14
11709,142,147,-5,5
11710,73,73,0,0
11711,71,71,0,0
11712,103,134,-31,31
11713,39,58,-19,19
11714,99,93,6,6
11715,69,69,0,0
11716,182,162,20,20
11717,138,159,-21,21
11718,142,143,-1,1
11719,114,116,-2,2
11720,54,68,-14,14
11721,93,91,2,2
11722,110,102,8,8
11723,38,42,-4,4
11724,133,127,6,6
11725,143,140,3,3
11726,125,129,-4,4
11727,69,68,1,1
11728,120,122,-2,2
11729,121,129,-8,8
11730,71,71,0,0
11731,97,92,5,5
11732,104,98,6,6
11733,97,92,5,5
11734,47,52,-5,5
11735,184,210,-26,26
11736,110,125,-15,15
11737,67,70,-3,3
11738,106,101,5,5
11739,66,83,-17,17
11740,118,108,10,10
11741,81,91,-10,10
11742,83,86,-3,3
11743,64,73,-9,9
11744,70,54,16,16
11745,50,55,-5,5
11746,93,83,10,10
11747,157,143,14,14
11748,51,59,-8,8
11749,77,77,0,0
11750,87,87,0,0
11751,119,118,1,1
11752,115,113,2,2
11753,85,78,7,7
11754,63,76,-13,13
11755,91,105,-14,14
11756,67,66,1,1
11757,64,70,-6,6
11758,127,131,-4,4
11759,67,74,-7,7
11760,71,71,0,0
11761,96,88,8,8
11762,111,112,-1,1
11763,62,57,5,5
11764,77,74,3,3
11765,174,178,-4,4
11766,138,133,5,5
11767,65,68,-3,3
11768,116,106,10,10
11769,47,52,-5,5
11770,119,114,5,5
11771,94,87,7,7
11772,122,117,5,5
11773,92,99,-7,7
11774,148,136,12,12
11775,67,75,-8,8
11776,101,114,-13,13
11777,86,92,-6,6
11778,53,45,8,8
11779,77,90,-13,13
11780,126,117,9,9
11781,74,87,-13,13
11782,91,89,2,2
11783,81,83,-2,2
11784,43,46,-3,3
11785,114,116,-2,2
11786,79,85,-6,6
11787,96,92,4,4
11788,106,96,10,10
11789,79,80,-1,1
11790,120,135,-15,15
11791,107,105,2,2
11792,98,96,2,2
11793,47,51,-4,4
11794,76,82,-6,6
11795,85,80,5,5
11796,67,77,-10,10
11797,79,79,0,0
11798,90,108,-18,18
11799,84,78,6,6
11800,152,146,6,6
11801,152,142,10,10
11802,87,83,4,4
11803,65,65,0,0
11804,83,92,-9,9
11805,205,210,-5,5
11806,151,145,6,6
11807,114,105,9,9
11808,83,126,-43,43
11809,66,78,-12,12
11810,66,71,-5,5
11811,105,103,2,2
11812,176,158,18,18
11813,166,173,-7,7
11814,185,168,17,17
11815,108,103,5,5
11816,95,81,14,14
11817,67,85,-18,18
11818,87,96,-9,9
11819,82,90,-8,8
11820,121,109,12,12
11821,71,74,-3,3
11822,62,70,-8,8
11823,113,83,30,30
11824,104,101,3,3
11825,68,73,-5,5
11826,93,93,0,0
11827,74,56,18,18
11828,60,61,-1,1
11829,80,94,-14,14
11830,70,74,-4,4
11831,75,82,-7,7
11832,76,71,5,5
11833,75,70,5,5
11834,80,78,2,2
11835,45,46,-1,1
11836,93,113,-20,20
11837,99,116,-17,17
11838,77,71,6,6
11839,89,87,2,2
11840,143,151,-8,8
11841,83,81,2,2
11842,102,102,0,0
11843,122,120,2,2
11844,118,108,10,10
11845,132,114,18,18
11846,102,118,-16,16
11847,75,74,1,1
11848,105,107,-2,2
11849,124,116,8,8
11850,75,65,10,10
11851,47,53,-6,6
11852,130,118,12,12
11853,147,151,-4,4
11854,134,125,9,9
11855,71,76,-5,5
11856,72,70,2,2
11857,42,58,-16,16
11858,97,95,2,2
11859,99,111,-12,12
11860,147,158,-11,11
11861,127,133,-6,6
11862,65,68,-3,3
11863,73,90,-17,17
11864,54,51,3,3
11865,87,103,-16,16
11866,125,125,0,0
11867,120,119,1,1
11868,75,74,1,1
11869,101,97,4,4
11870,139,140,-1,1
11871,93,91,2,2
11872,85,81,4,4
11873,162,146,16,16
11874,158,171,-13,13
11875,234,205,29,29
11876,76,75,1,1
11877,68,62,6,6
11878,60,55,5,5
11879,115,104,11,11
11880,92,90,2,2
11881,99,78,21,21
11882,95,91,4,4
11883,69,83,-14,14
11884,53,58,-5,5
11885,100,93,7,7
11886,157,149,8,8
11887,103,101,2,2
11888,117,119,-2,2
11889,100,96,4,4
11890,95,87,8,8
11891,146,133,13,13
11892,97,88,9,9
11893,49,45,4,4
11894,83,90,-7,7
11895,89,81,8,8
11896,97,101,-4,4
11897,98,109,-11,11
11898,99,95,4,4
11899,52,59,-7,7
11900,92,102,-10,10
11901,128,136,-8,8
11902,60,58,2,2
11903,47,54,-7,7
11904,106,103,3,3
11905,78,72,6,6
11906,143,161,-18,18
11907,90,82,8,8
11908,125,124,1,1
11909,80,85,-5,5
11910,114,107,7,7
11911,161,155,6,6
11912,120,106,14,14
11913,41,63,-22,22
11914,38,31,7,7
11915,105,112,-7,7
11916,48,68,-20,20
11917,58,66,-8,8
11918,112,111,1,1
11919,59,51,8,8
11920,76,77,-1,1
11921,118,120,-2,2
11922,77,72,5,5
11923,51,61,-10,10
11924,76,71,5,5
11925,56,69,-13,13
11926,40,48,-8,8
11927,69,69,0,0
11928,77,73,4,4
11929,91,88,3,3
11930,149,145,4,4
11931,110,100,10,10
11932,115,125,-10,10
11933,117,107,10,10
11934,93,95,-2,2
11935,31,42,-11,11
11936,111,130,-19,19
11937,79,88,-9,9
11938,72,65,7,7
11939,44,51,-7,7
11940,89,86,3,3
11941,51,59,-8,8
11942,186,195,-9,9
11943,144,136,8,8
11944,98,95,3,3
11945,68,72,-4,4
11946,82,85,-3,3
11947,110,110,0,0
11948,101,82,19,19
11949,73,73,0,0
11950,106,105,1,1
11951,50,56,-6,6
11952,128,128,0,0
11953,82,85,-3,3
11954,39,68,-29,29
11955,57,64,-7,7
11956,100,99,1,1
11957,132,135,-3,3
11958,58,56,2,2
11959,65,61,4,4
11960,46,49,-3,3
11961,90,93,-3,3
11962,132,124,8,8
11963,84,80,4,4
11964,95,92,3,3
11965,152,153,-1,1
11966,67,69,-2,2
11967,96,111,-15,15
11968,78,83,-5,5
11969,99,83,16,16
11970,71,77,-6,6
11971,116,112,4,4
11972,122,124,-2,2
11973,81,79,2,2
11974,42,61,-19,19
11975,121,114,7,7
11976,144,135,9,9
11977,190,191,-1,1
11978,132,130,2,2
11979,112,99,13,13
11980,106,77,29,29
11981,104,92,12,12
11982,79,77,2,2
11983,81,84,-3,3
11984,92,106,-14,14
11985,55,65,-10,10
11986,85,96,-11,11
11987,72,73,-1,1
11988,48,53,-5,5
11989,92,102,-10,10
11990,44,49,-5,5
11991,112,103,9,9
11992,118,110,8,8
11993,74,82,-8,8
11994,102,89,13,13
11995,93,109,-16,16
11996,113,103,10,10
11997,89,91,-2,2
11998,133,134,-1,1
11999,45,52,-7,7
12000,53,61,-8,8
12001,139,142,-3,3
12002,61,53,8,8
12003,85,104,-19,19
12004,67,70,-3,3
12005,81,69,12,12
12006,33,44,-11,11
12007,74,81,-7,7
12008,81,80,1,1
12009,81,88,-7,7
12010,114,113,1,1
12011,158,163,-5,5
12012,59,75,-16,16
12013,60,68,-8,8
12014,111,108,3,3
12015,102,96,6,6
12016,89,84,5,5
12017,80,77,3,3
12018,73,79,-6,6
12019,53,54,-1,1
12020,124,125,-1,1
12021,108,104,4,4
12022,101,85,16,16
12023,93,90,3,3
12024,69,101,-32,32
12025,111,118,-7,7
12026,74,78,-4,4
12027,80,84,-4,4
12028,101,89,12,12
12029,127,148,-21,21
12030,78,72,6,6
12031,143,142,1,1
12032,114,125,-11,11
12033,49,80,-31,31
12034,115,119,-4,4
12035,103,97,6,6
12036,84,90,-6,6
12037,88,88,0,0
12038,92,92,0,0
12039,108,113,-5,5
12040,90,84,6,6
12041,65,75,-10,10
12042,60,65,-5,5
12043,72,69,3,3
12044,129,139,-10,10
12045,76,69,7,7
12046,109,114,-5,5
12047,88,95,-7,7
12048,60,58,2,2
12049,47,38,9,9
12050,100,91,9,9
12051,117,124,-7,7
12052,125,122,3,3
12053,113,103,10,10
12054,54,60,-6,6
12055,111,120,-9,9
12056,156,142,14,14
12057,110,104,6,6
12058,82,83,-1,1
12059,114,107,7,7
12060,68,77,-9,9
12061,66,72,-6,6
12062,90,91,-1,1
12063,63,70,-7,7
12064,100,104,-4,4
12065,66,74,-8,8
12066,141,139,2,2
12067,79,85,-6,6
12068,104,99,5,5
12069,140,130,10,10
12070,72,73,-1,1
12071,39,46,-7,7
12072,118,121,-3,3
12073,97,83,14,14
12074,95,110,-15,15
12075,86,85,1,1
12076,90,89,1,1
12077,86,100,-14,14
12078,95,95,0,0
12079,118,116,2,2
12080,94,93,1,1
12081,130,123,7,7
12082,58,56,2,2
12083,121,122,-1,1
12084,125,118,7,7
12085,150,151,-1,1
12086,102,98,4,4
12087,122,107,15,15
12088,109,105,4,4
12089,74,77,-3,3
12090,93,80,13,13
12091,53,62,-9,9
12092,117,118,-1,1
12093,93,93,0,0
12094,191,198,-7,7
12095,142,130,12,12
12096,123,110,13,13
12097,83,84,-1,1
12098,127,128,-1,1
12099,83,81,2,2
12100,85,76,9,9
12101,83,79,4,4
12102,94,89,5,5
12103,164,159,5,5
12104,72,63,9,9
12105,76,65,11,11
12106,122,103,19,19
12107,59,45,14,14
12108,87,88,-1,1
12109,88,67,21,21
12110,61,59,2,2
12111,154,154,0,0
12112,159,139,20,20
12113,163,150,13,13
12114,104,104,0,0
12115,121,130,-9,9
12116,116,109,7,7
12117,98,103,-5,5
12118,84,89,-5,5
12119,42,48,-6,6
12120,78,77,1,1
12121,99,114,-15,15
12122,77,94,-17,17
12123,189,171,18,18
12124,66,83,-17,17
12125,144,142,2,2
12126,196,187,9,9
12127,107,106,1,1
12128,68,75,-7,7
12129,88,86,2,2
12130,36,47,-11,11
12131,107,136,-29,29
12132,123,125,-2,2
12133,62,66,-4,4
12134,207,198,9,9
12135,89,79,10,10
12136,74,81,-7,7
12137,87,95,-8,8
12138,135,123,12,12
12139,72,68,4,4
12140,183,144,39,39
12141,118,120,-2,2
12142,110,75,35,35
12143,111,118,-7,7
12144,122,119,3,3
12145,90,101,-11,11
12146,121,124,-3,3
12147,58,59,-1,1
12148,126,126,0,0
12149,105,105,0,0
12150,109,106,3,3
12151,71,75,-4,4
12152,148,137,11,11
12153,95,93,2,2
12154,103,109,-6,6
12155,90,96,-6,6
12156,77,82,-5,5
12157,126,120,6,6
12158,141,129,12,12
12159,134,116,18,18
12160,49,69,-20,20
12161,99,100,-1,1
12162,130,115,15,15
12163,74,73,1,1
12164,64,58,6,6
12165,196,189,7,7
12166,106,112,-6,6
12167,100,103,-3,3
12168,88,87,1,1
12169,116,111,5,5
12170,107,106,1,1
12171,128,129,-1,1
12172,93,82,11,11
12173,150,128,22,22
12174,92,77,15,15
12175,96,95,1,1
12176,115,118,-3,3
12177,111,103,8,8
12178,87,96,-9,9
12179,69,77,-8,8
12180,139,155,-16,16
12181,104,97,7,7
12182,115,125,-10,10
12183,114,109,5,5
12184,58,57,1,1
12185,77,75,2,2
12186,79,82,-3,3
12187,114,108,6,6
12188,111,114,-3,3
12189,102,106,-4,4
12190,161,156,5,5
12191,197,195,2,2
12192,72,68,4,4
12193,142,139,3,3
12194,49,49,0,0
12195,63,65,-2,2
12196,135,131,4,4
12197,192,173,19,19
12198,47,44,3,3
12199,110,119,-9,9
12200,71,67,4,4
12201,108,124,-16,16
12202,137,143,-6,6
12203,128,121,7,7
12204,137,129,8,8
12205,148,139,9,9
12206,82,87,-5,5
12207,70,96,-26,26
12208,60,43,17,17
12209,115,110,5,5
12210,76,70,6,6
12211,86,81,5,5
12212,97,102,-5,5
12213,122,113,9,9
12214,104,91,13,13
12215,149,151,-2,2
12216,73,68,5,5
12217,88,85,3,3
12218,93,84,9,9
12219,94,89,5,5
12220,110,108,2,2
12221,56,73,-17,17
12222,66,74,-8,8
12223,73,81,-8,8
12224,96,94,2,2
12225,121,106,15,15
12226,122,124,-2,2
12227,94,107,-13,13
12228,88,98,-10,10
12229,130,132,-2,2
12230,63,63,0,0
12231,141,122,19,19
12232,54,59,-5,5
12233,73,86,-13,13
12234,71,73,-2,2
12235,95,88,7,7
12236,121,114,7,7
12237,73,68,5,5
12238,125,122,3,3
12239,67,74,-7,7
12240,121,121,0,0
12241,109,101,8,8
12242,64,77,-13,13
12243,96,90,6,6
12244,119,142,-23,23
12245,93,88,5,5
12246,75,85,-10,10
12247,95,91,4,4
12248,66,67,-1,1
12249,99,110,-11,11
12250,47,50,-3,3
12251,84,93,-9,9
12252,165,269,-104,104
12253,97,97,0,0
12254,73,75,-2,2
12255,37,63,-26,26
12256,104,99,5,5
12257,71,76,-5,5
12258,65,62,3,3
12259,66,60,6,6
12260,63,64,-1,1
12261,96,102,-6,6
12262,130,128,2,2
12263,141,131,10,10
12264,86,103,-17,17
12265,108,111,-3,3
12266,128,107,21,21
12267,118,110,8,8
12268,83,68,15,15
12269,68,61,7,7
12270,84,87,-3,3
12271,105,94,11,11
12272,61,76,-15,15
12273,73,82,-9,9
12274,65,69,-4,4
12275,131,110,21,21
12276,118,104,14,14
12277,93,93,0,0
12278,76,78,-2,2
12279,75,79,-4,4
12280,65,73,-8,8
12281,70,68,2,2
12282,140,142,-2,2
12283,95,88,7,7
12284,145,127,18,18
12285,82,76,6,6
12286,185,163,22,22
12287,71,82,-11,11
12288,100,110,-10,10
12289,99,93,6,6
12290,64,63,1,1
12291,65,62,3,3
12292,51,61,-10,10
12293,79,93,-14,14
12294,50,60,-10,10
12295,128,135,-7,7
12296,109,104,5,5
12297,106,96,10,10
12298,50,51,-1,1
12299,126,121,5,5
12300,105,101,4,4
12301,39,48,-9,9
12302,70,78,-8,8
12303,134,97,37,37
12304,46,46,0,0
12305,81,87,-6,6
12306,115,115,0,0
12307,56,62,-6,6
12308,90,92,-2,2
12309,107,106,1,1
12310,38,43,-5,5
12311,112,102,10,10
12312,86,80,6,6
12313,102,96,6,6
12314,81,82,-1,1
12315,133,128,5,5
12316,65,63,2,2
12317,67,86,-19,19
12318,63,69,-6,6
12319,105,100,5,5
12320,81,94,-13,13
12321,97,102,-5,5
12322,96,98,-2,2
12323,113,133,-20,20
12324,91,94,-3,3
12325,67,76,-9,9
12326,85,88,-3,3
12327,102,104,-2,2
12328,76,76,0,0
12329,190,199,-9,9
12330,63,70,-7,7
12331,87,68,19,19
12332,140,127,13,13
12333,113,106,7,7
12334,102,103,-1,1
12335,62,53,9,9
12336,57,60,-3,3
12337,48,55,-7,7
12338,62,59,3,3
12339,94,110,-16,16
12340,95,112,-17,17
12341,183,179,4,4
12342,80,83,-3,3
12343,164,164,0,0
12344,66,73,-7,7
12345,67,83,-16,16
12346,103,134,-31,31
12347,69,87,-18,18
12348,118,126,-8,8
12349,78,90,-12,12
12350,66,62,4,4
12351,94,95,-1,1
12352,92,93,-1,1
12353,142,145,-3,3
12354,55,69,-14,14
12355,101,104,-3,3
12356,79,70,9,9
12357,122,127,-5,5
12358,123,110,13,13
12359,38,51,-13,13
12360,65,84,-19,19
12361,138,114,24,24
12362,76,67,9,9
12363,114,118,-4,4
12364,79,79,0,0
12365,114,102,12,12
12366,68,67,1,1
12367,78,79,-1,1
12368,93,103,-10,10
12369,103,105,-2,2
12370,163,141,22,22
12371,101,102,-1,1
12372,126,127,-1,1
12373,67,63,4,4
12374,78,74,4,4
12375,116,118,-2,2
12376,128,121,7,7
12377,91,89,2,2
12378,142,132,10,10
12379,65,71,-6,6
12380,145,152,-7,7
12381,61,65,-4,4
12382,136,105,31,31
12383,84,70,14,14
12384,98,93,5,5
12385,87,89,-2,2
12386,107,120,-13,13
12387,115,126,-11,11
12388,106,99,7,7
12389,93,99,-6,6
12390,80,70,10,10
12391,130,115,15,15
12392,115,108,7,7
12393,97,114,-17,17
12394,92,96,-4,4
12395,88,88,0,0
12396,66,64,2,2
12397,66,65,1,1
12398,87,89,-2,2
12399,106,103,3,3
12400,70,80,-10,10
12401,180,165,15,15
12402,87,104,-17,17
12403,89,84,5,5
12404,92,96,-4,4
12405,125,114,11,11
12406,88,95,-7,7
12407,109,100,9,9
12408,35,43,-8,8
12409,67,56,11,11
12410,117,114,3,3
12411,190,172,18,18
12412,114,117,-3,3
12413,137,124,13,13
12414,138,149,-11,11
12415,129,134,-5,5
12416,106,90,16,16
12417,63,76,-13,13
12418,58,60,-2,2
12419,57,62,-5,5
12420,86,82,4,4
12421,104,97,7,7
12422,97,95,2,2
12423,101,105,-4,4
12424,137,125,12,12
12425,64,57,7,7
12426,176,196,-20,20
12427,93,82,11,11
12428,120,118,2,2
12429,108,100,8,8
12430,70,75,-5,5
12431,97,92,5,5
12432,83,93,-10,10
12433,83,75,8,8
12434,150,162,-12,12
12435,64,68,-4,4
12436,89,86,3,3
12437,96,91,5,5
12438,114,104,10,10
12439,119,111,8,8
12440,61,56,5,5
12441,96,92,4,4
12442,105,110,-5,5
12443,61,70,-9,9
12444,141,137,4,4
12445,86,88,-2,2
12446,87,88,-1,1
12447,90,86,4,4
12448,105,104,1,1
12449,91,82,9,9
12450,111,117,-6,6
12451,76,82,-6,6
12452,87,85,2,2
12453,91,96,-5,5
12454,107,123,-16,16
12455,110,106,4,4
12456,124,129,-5,5
12457,128,122,6,6
12458,109,112,-3,3
12459,71,68,3,3
12460,87,87,0,0
12461,148,147,1,1
12462,107,100,7,7
12463,134,139,-5,5
12464,23,43,-20,20
12465,119,131,-12,12
12466,91,80,11,11
12467,25,15,10,10
12468,61,78,-17,17
12469,101,112,-11,11
12470,72,69,3,3
12471,95,99,-4,4
12472,47,48,-1,1
12473,97,91,6,6
12474,81,86,-5,5
12475,59,59,0,0
12476,77,79,-2,2
12477,138,132,6,6
12478,120,196,-76,76
12479,136,145,-9,9
12480,79,83,-4,4
12481,63,62,1,1
12482,102,109,-7,7
12483,158,150,8,8
12484,73,81,-8,8
12485,53,51,2,2
12486,83,90,-7,7
12487,155,146,9,9
12488,139,138,1,1
12489,93,85,8,8
12490,128,128,0,0
12491,98,110,-12,12
12492,96,87,9,9
12493,153,141,12,12
12494,104,103,1,1
12495,115,102,13,13
12496,72,69,3,3
12497,90,94,-4,4
12498,127,134,-7,7
12499,112,121,-9,9
12500,64,67,-3,3
12501,73,79,-6,6
12502,72,77,-5,5
12503,73,86,-13,13
12504,56,59,-3,3
12505,106,98,8,8
12506,144,131,13,13
12507,47,76,-29,29
12508,147,131,16,16
12509,95,94,1,1
12510,76,80,-4,4
12511,128,130,-2,2
12512,81,74,7,7
12513,79,86,-7,7
12514,86,82,4,4
12515,44,50,-6,6
12516,87,86,1,1
12517,102,101,1,1
12518,116,115,1,1
12519,105,115,-10,10
12520,113,127,-14,14
12521,152,126,26,26
12522,175,207,-32,32
12523,70,71,-1,1
12524,173,187,-14,14
12525,87,84,3,3
12526,102,94,8,8
12527,88,91,-3,3
12528,76,73,3,3
12529,110,106,4,4
12530,99,98,1,1
12531,71,73,-2,2
12532,75,79,-4,4
12533,105,103,2,2
12534,153,153,0,0
12535,100,109,-9,9
12536,90,85,5,5
12537,83,98,-15,15
12538,82,85,-3,3
12539,49,54,-5,5
12540,69,73,-4,4
12541,113,115,-2,2
12542,63,66,-3,3
12543,58,65,-7,7
12544,65,62,3,3
12545,145,142,3,3
12546,50,48,2,2
12547,83,89,-6,6
12548,100,98,2,2
12549,76,74,2,2
12550,72,84,-12,12
12551,71,87,-16,16
12552,106,105,1,1
12553,127,132,-5,5
12554,96,95,1,1
12555,67,61,6,6
12556,140,150,-10,10
12557,56,55,1,1
12558,108,100,8,8
12559,94,78,16,16
12560,59,60,-1,1
12561,84,89,-5,5
12562,96,96,0,0
12563,92,106,-14,14
12564,186,183,3,3
12565,62,62,0,0
12566,164,157,7,7
12567,49,55,-6,6
12568,62,81,-19,19
12569,50,62,-12,12
12570,128,138,-10,10
12571,57,59,-2,2
12572,69,71,-2,2
12573,48,57,-9,9
12574,132,131,1,1
12575,140,142,-2,2
12576,107,101,6,6
12577,80,87,-7,7
12578,78,80,-2,2
12579,140,146,-6,6
12580,78,77,1,1
12581,123,106,17,17
12582,87,87,0,0
12583,91,107,-16,16
12584,119,133,-14,14
12585,107,97,10,10
12586,52,49,3,3
12587,61,67,-6,6
12588,102,97,5,5
12589,79,76,3,3
12590,81,86,-5,5
12591,72,80,-8,8
12592,74,97,-23,23
12593,73,68,5,5
12594,114,87,27,27
12595,127,131,-4,4
12596,92,73,19,19
12597,118,127,-9,9
12598,115,204,-89,89
12599,73,69,4,4
12600,93,93,0,0
12601,70,59,11,11
12602,73,61,12,12
12603,107,114,-7,7
12604,96,98,-2,2
12605,101,83,18,18
12606,76,89,-13,13
12607,85,77,8,8
12608,111,122,-11,11
12609,42,49,-7,7
12610,69,72,-3,3
12611,97,87,10,10
12612,90,90,0,0
12613,96,90,6,6
12614,114,139,-25,25
12615,121,120,1,1
12616,68,67,1,1
12617,45,63,-18,18
12618,73,74,-1,1
12619,109,113,-4,4
12620,175,169,6,6
12621,90,78,12,12
12622,70,77,-7,7
12623,85,92,-7,7
12624,62,75,-13,13
12625,89,102,-13,13
12626,132,127,5,5
12627,155,162,-7,7
12628,99,104,-5,5
12629,60,59,1,1
12630,110,108,2,2
12631,87,91,-4,4
12632,98,115,-17,17
12633,80,96,-16,16
12634,127,124,3,3
12635,172,160,12,12
12636,181,170,11,11
12637,130,107,23,23
12638,76,73,3,3
12639,86,97,-11,11
12640,105,96,9,9
12641,105,114,-9,9
12642,56,59,-3,3
12643,65,70,-5,5
12644,42,49,-7,7
12645,120,114,6,6
12646,65,66,-1,1
12647,76,83,-7,7
12648,134,125,9,9
12649,28,72,-44,44
12650,96,95,1,1
12651,92,96,-4,4
12652,53,52,1,1
12653,66,66,0,0
12654,79,78,1,1
12655,101,110,-9,9
12656,78,101,-23,23
12657,88,100,-12,12
12658,136,129,7,7
12659,142,133,9,9
12660,73,74,-1,1
12661,97,91,6,6
12662,80,62,18,18
12663,51,59,-8,8
12664,69,73,-4,4
12665,52,71,-19,19
12666,57,53,4,4
12667,100,116,-16,16
12668,147,135,12,12
12669,129,130,-1,1
12670,92,97,-5,5
12671,107,92,15,15
12672,99,111,-12,12
12673,89,92,-3,3
12674,58,62,-4,4
12675,103,95,8,8
12676,33,58,-25,25
12677,103,91,12,12
12678,88,93,-5,5
12679,81,87,-6,6
12680,53,61,-8,8
12681,70,80,-10,10
12682,32,43,-11,11
12683,88,90,-2,2
12684,99,116,-17,17
12685,110,107,3,3
12686,78,76,2,2
12687,99,98,1,1
12688,46,52,-6,6
12689,136,118,18,18
12690,75,74,1,1
12691,117,101,16,16
12692,93,78,15,15
12693,132,128,4,4
12694,70,68,2,2
12695,69,77,-8,8
12696,49,38,11,11
12697,71,59,12,12
12698,118,115,3,3
12699,97,96,1,1
12700,76,91,-15,15
12701,195,182,13,13
12702,128,123,5,5
12703,66,64,2,2
12704,120,124,-4,4
12705,73,83,-10,10
12706,62,65,-3,3
12707,104,92,12,12
12708,94,94,0,0
12709,94,86,8,8
12710,110,95,15,15
12711,96,88,8,8
12712,107,102,5,5
12713,77,89,-12,12
12714,91,101,-10,10
12715,63,64,-1,1
12716,128,108,20,20
12717,77,77,0,0
12718,67,75,-8,8
12719,124,112,12,12
12720,94,92,2,2
12721,64,64,0,0
12722,74,75,-1,1
12723,88,86,2,2
12724,70,82,-12,12
12725,78,82,-4,4
12726,66,78,-12,12
12727,104,103,1,1
12728,134,146,-12,12
12729,92,92,0,0
12730,74,78,-4,4
12731,93,92,1,1
12732,98,108,-10,10
12733,100,75,25,25
12734,87,82,5,5
12735,101,92,9,9
12736,49,59,-10,10
12737,121,114,7,7
12738,84,90,-6,6
12739,158,154,4,4
12740,115,96,19,19
12741,125,117,8,8
12742,53,56,-3,3
12743,80,88,-8,8
12744,68,66,2,2
12745,103,102,1,1
12746,107,109,-2,2
12747,77,90,-13,13
12748,100,107,-7,7
12749,120,125,-5,5
12750,91,91,0,0
12751,77,67,10,10
12752,132,122,10,10
12753,131,128,3,3
12754,43,65,-22,22
12755,45,61,-16,16
12756,124,116,8,8
12757,86,79,7,7
12758,107,95,12,12
12759,82,93,-11,11
12760,204,176,28,28
12761,107,108,-1,1
12762,120,125,-5,5
12763,140,134,6,6
12764,153,135,18,18
12765,83,80,3,3
12766,47,54,-7,7
12767,91,85,6,6
12768,68,63,5,5
12769,56,59,-3,3
12770,77,87,-10,10
12771,37,50,-13,13
12772,117,111,6,6
12773,85,85,0,0
12774,101,92,9,9
12775,67,72,-5,5
12776,118,119,-1,1
12777,56,60,-4,4
12778,68,72,-4,4
12779,65,83,-18,18
12780,105,99,6,6
12781,102,100,2,2
12782,116,106,10,10
12783,69,63,6,6
12784,79,76,3,3
12785,105,106,-1,1
12786,101,83,18,18
12787,106,97,9,9
12788,89,83,6,6
12789,77,84,-7,7
12790,116,115,1,1
12791,111,112,-1,1
12792,91,81,10,10
12793,74,59,15,15
12794,96,102,-6,6
12795,119,123,-4,4
12796,124,115,9,9
12797,83,76,7,7
12798,59,70,-11,11
12799,87,79,8,8
12800,55,59,-4,4
12801,121,127,-6,6
12802,94,83,11,11
12803,90,89,1,1
12804,181,178,3,3
12805,93,92,1,1
12806,72,79,-7,7
12807,92,77,15,15
12808,153,136,17,17
12809,55,57,-2,2
12810,61,72,-11,11
12811,99,93,6,6
12812,82,82,0,0
12813,102,101,1,1
12814,148,141,7,7
12815,112,118,-6,6
12816,172,173,-1,1
12817,133,130,3,3
12818,97,95,2,2
12819,70,72,-2,2
12820,70,76,-6,6
12821,98,90,8,8
12822,96,99,-3,3
12823,69,61,8,8
12824,90,88,2,2
12825,138,122,16,16
12826,132,129,3,3
12827,153,150,3,3
12828,86,64,22,22
12829,108,101,7,7
12830,80,95,-15,15
12831,154,132,22,22
12832,116,114,2,2
12833,103,96,7,7
12834,104,112,-8,8
12835,116,107,9,9
12836,107,85,22,22
12837,96,94,2,2
12838,90,93,-3,3
12839,50,57,-7,7
12840,104,100,4,4
12841,72,58,14,14
12842,106,104,2,2
12843,87,87,0,0
12844,124,126,-2,2
12845,27,44,-17,17
12846,133,102,31,31
12847,122,117,5,5
12848,124,133,-9,9
12849,89,93,-4,4
12850,97,126,-29,29
12851,84,89,-5,5
12852,140,137,3,3
12853,136,124,12,12
12854,20,45,-25,25
12855,93,105,-12,12
12856,85,100,-15,15
12857,74,74,0,0
12858,103,92,11,11
12859,75,80,-5,5
12860,46,52,-6,6
12861,84,108,-24,24
12862,75,71,4,4
12863,53,58,-5,5
12864,52,77,-25,25
12865,87,83,4,4
12866,109,100,9,9
12867,105,95,10,10
12868,67,68,-1,1
12869,154,134,20,20
12870,84,86,-2,2
12871,128,117,11,11
12872,113,119,-6,6
12873,87,81,6,6
12874,101,111,-10,10
12875,96,104,-8,8
12876,39,53,-14,14
12877,133,123,10,10
12878,191,191,0,0
12879,60,61,-1,1
12880,125,126,-1,1
12881,75,77,-2,2
12882,40,44,-4,4
12883,103,112,-9,9
12884,79,87,-8,8
12885,185,178,7,7
12886,124,107,17,17
12887,109,110,-1,1
12888,89,98,-9,9
12889,67,68,-1,1
12890,47,41,6,6
12891,76,71,5,5
12892,122,132,-10,10
12893,106,92,14,14
12894,142,124,18,18
12895,96,83,13,13
12896,52,54,-2,2
12897,96,92,4,4
12898,117,116,1,1
12899,69,73,-4,4
12900,89,78,11,11
12901,72,69,3,3
12902,180,177,3,3
12903,94,89,5,5
12904,53,62,-9,9
12905,93,101,-8,8
12906,161,149,12,12
12907,137,129,8,8
12908,129,135,-6,6
12909,89,85,4,4
12910,102,94,8,8
12911,159,150,9,9
12912,67,68,-1,1
12913,67,85,-18,18
12914,97,97,0,0
12915,71,80,-9,9
12916,153,143,10,10
12917,100,102,-2,2
12918,92,100,-8,8
12919,79,85,-6,6
12920,79,83,-4,4
12921,73,71,2,2
12922,133,135,-2,2
12923,51,59,-8,8
12924,139,131,8,8
12925,115,130,-15,15
12926,89,90,-1,1
12927,124,126,-2,2
12928,90,91,-1,1
12929,128,124,4,4
12930,131,131,0,0
12931,71,69,2,2
12932,113,108,5,5
12933,127,126,1,1
12934,61,72,-11,11
12935,113,117,-4,4
12936,112,80,32,32
12937,75,79,-4,4
12938,125,105,20,20
12939,73,79,-6,6
12940,100,119,-19,19
12941,187,164,23,23
12942,101,95,6,6
12943,103,90,13,13
12944,99,103,-4,4
12945,65,68,-3,3
12946,116,119,-3,3
12947,97,114,-17,17
12948,83,80,3,3
12949,90,88,2,2
12950,101,109,-8,8
12951,97,106,-9,9
12952,107,109,-2,2
12953,119,127,-8,8
12954,78,70,8,8
12955,79,81,-2,2
12956,74,79,-5,5
12957,150,140,10,10
12958,83,98,-15,15
12959,131,136,-5,5
12960,68,71,-3,3
12961,222,187,35,35
12962,88,82,6,6
12963,109,107,2,2
12964,149,155,-6,6
12965,82,87,-5,5
12966,33,39,-6,6
12967,97,109,-12,12
12968,88,84,4,4
12969,127,133,-6,6
12970,70,71,-1,1
12971,86,87,-1,1
12972,63,68,-5,5
12973,101,96,5,5
12974,85,90,-5,5
12975,97,77,20,20
12976,68,80,-12,12
12977,79,92,-13,13
12978,182,179,3,3
12979,68,63,5,5
12980,68,64,4,4
12981,81,82,-1,1
12982,118,101,17,17
12983,93,96,-3,3
12984,117,96,21,21
12985,144,138,6,6
12986,134,119,15,15
12987,69,73,-4,4
12988,133,124,9,9
12989,88,90,-2,2
12990,63,55,8,8
12991,116,123,-7,7
12992,113,123,-10,10
12993,103,99,4,4
12994,127,131,-4,4
12995,116,121,-5,5
12996,114,116,-2,2
12997,123,112,11,11
12998,72,70,2,2
12999,107,105,2,2
13000,121,113,8,8
13001,100,87,13,13
13002,87,91,-4,4
13003,102,95,7,7
13004,155,156,-1,1
13005,72,79,-7,7
13006,84,78,6,6
13007,86,96,-10,10
13008,115,119,-4,4
13009,100,108,-8,8
13010,81,77,4,4
13011,51,57,-6,6
13012,54,55,-1,1
13013,86,90,-4,4
13014,92,88,4,4
13015,60,67,-7,7
13016,112,110,2,2
13017,92,82,10,10
13018,87,87,0,0
13019,95,97,-2,2
13020,80,77,3,3
13021,139,137,2,2
13022,103,94,9,9
13023,120,124,-4,4
13024,75,86,-11,11
13025,51,41,10,10
13026,76,88,-12,12
13027,67,72,-5,5
13028,165,194,-29,29
13029,84,87,-3,3
13030,83,88,-5,5
13031,61,60,1,1
13032,159,165,-6,6
13033,64,85,-21,21
13034,140,135,5,5
13035,65,75,-10,10
13036,68,71,-3,3
13037,67,65,2,2
13038,87,92,-5,5
13039,109,108,1,1
13040,116,113,3,3
13041,94,112,-18,18
13042,135,125,10,10
13043,77,75,2,2
13044,55,58,-3,3
13045,61,60,1,1
13046,73,80,-7,7
13047,139,126,13,13
13048,106,122,-16,16
13049,78,95,-17,17
13050,74,67,7,7
13051,99,90,9,9
13052,88,91,-3,3
13053,93,88,5,5
13054,69,66,3,3
13055,235,231,4,4
13056,83,90,-7,7
13057,101,94,7,7
13058,66,77,-11,11
13059,58,48,10,10
13060,119,113,6,6
13061,129,122,7,7
13062,82,82,0,0
13063,168,185,-17,17
13064,72,79,-7,7
13065,125,112,13,13
13066,82,77,5,5
13067,97,90,7,7
13068,56,66,-10,10
13069,123,135,-12,12
13070,79,80,-1,1
13071,84,84,0,0
13072,112,109,3,3
13073,80,90,-10,10
13074,106,104,2,2
13075,60,58,2,2
13076,72,72,0,0
13077,96,98,-2,2
13078,60,43,17,17
13079,117,98,19,19
13080,66,72,-6,6
13081,78,79,-1,1
13082,55,56,-1,1
13083,164,143,21,21
13084,184,183,1,1
13085,78,85,-7,7
13086,61,69,-8,8
13087,109,127,-18,18
13088,101,102,-1,1
13089,79,79,0,0
13090,51,58,-7,7
13091,64,64,0,0
13092,62,67,-5,5
13093,144,139,5,5
13094,57,59,-2,2
13095,50,57,-7,7
13096,81,79,2,2
13097,99,98,1,1
13098,97,98,-1,1
13099,129,121,8,8
13100,104,105,-1,1
13101,93,105,-12,12
13102,84,79,5,5
13103,90,87,3,3
13104,112,120,-8,8
13105,69,70,-1,1
13106,69,75,-6,6
13107,107,90,17,17
13108,145,119,26,26
13109,84,74,10,10
13110,51,57,-6,6
13111,100,99,1,1
13112,82,89,-7,7
13113,71,81,-10,10
13114,104,99,5,5
13115,67,77,-10,10
13116,89,87,2,2
13117,61,73,-12,12
13118,74,80,-6,6
13119,101,112,-11,11
13120,67,81,-14,14
13121,72,71,1,1
13122,70,66,4,4
13123,158,162,-4,4
13124,94,91,3,3
13125,84,82,2,2
13126,120,120,0,0
13127,152,155,-3,3
13128,137,129,8,8
13129,82,98,-16,16
13130,116,111,5,5
13131,112,98,14,14
13132,99,92,7,7
13133,150,149,1,1
13134,66,61,5,5
13135,81,63,18,18
13136,50,56,-6,6
13137,133,139,-6,6
13138,65,70,-5,5
13139,65,63,2,2
13140,80,75,5,5
13141,53,65,-12,12
13142,108,103,5,5
13143,80,66,14,14
13144,126,132,-6,6
13145,73,76,-3,3
13146,58,56,2,2
13147,80,80,0,0
13148,62,63,-1,1
13149,64,63,1,1
13150,55,55,0,0
13151,81,84,-3,3
13152,97,98,-1,1
13153,78,73,5,5
13154,101,78,23,23
13155,72,88,-16,16
13156,112,117,-5,5
13157,84,88,-4,4
13158,68,88,-20,20
13159,102,96,6,6
13160,117,117,0,0
13161,88,85,3,3
13162,127,109,18,18
13163,64,57,7,7
13164,87,96,-9,9
13165,80,80,0,0
13166,101,93,8,8
13167,122,112,10,10
13168,67,71,-4,4
13169,131,128,3,3
13170,97,111,-14,14
13171,135,121,14,14
13172,88,88,0,0
13173,115,134,-19,19
13174,134,111,23,23
13175,116,117,-1,1
13176,79,78,1,1
13177,45,49,-4,4
13178,100,103,-3,3
13179,85,101,-16,16
13180,63,65,-2,2
13181,89,90,-1,1
13182,76,74,2,2
13183,138,130,8,8
13184,123,125,-2,2
13185,74,74,0,0
13186,43,51,-8,8
13187,66,79,-13,13
13188,86,110,-24,24
13189,115,121,-6,6
13190,30,43,-13,13
13191,66,78,-12,12
13192,208,179,29,29
13193,90,91,-1,1
13194,71,68,3,3
13195,94,83,11,11
13196,171,167,4,4
13197,55,60,-5,5
13198,43,47,-4,4
13199,67,68,-1,1
13200,143,125,18,18
13201,98,96,2,2
13202,100,94,6,6
13203,108,101,7,7
13204,91,80,11,11
13205,131,136,-5,5
13206,79,68,11,11
13207,153,152,1,1
13208,37,46,-9,9
13209,46,47,-1,1
13210,241,243,-2,2
13211,89,84,5,5
13212,72,66,6,6
13213,100,89,11,11
13214,83,80,3,3
13215,98,104,-6,6
13216,128,118,10,10
13217,162,119,43,43
13218,81,79,2,2
13219,98,100,-2,2
13220,70,81,-11,11
13221,182,167,15,15
13222,71,72,-1,1
13223,173,170,3,3
13224,54,61,-7,7
13225,66,72,-6,6
13226,85,79,6,6
13227,93,97,-4,4
13228,71,109,-38,38
13229,163,152,11,11
13230,86,80,6,6
13231,74,79,-5,5
13232,148,151,-3,3
13233,112,111,1,1
13234,90,73,17,17
13235,64,57,7,7
13236,78,98,-20,20
13237,115,124,-9,9
13238,105,93,12,12
13239,90,94,-4,4
13240,117,105,12,12
13241,103,103,0,0
13242,139,150,-11,11
13243,107,119,-12,12
13244,118,128,-10,10
13245,94,81,13,13
13246,56,52,4,4
13247,97,92,5,5
13248,77,76,1,1
13249,117,94,23,23
13250,125,118,7,7
13251,67,72,-5,5
13252,73,70,3,3
13253,152,136,16,16
13254,73,71,2,2
13255,121,121,0,0
13256,166,160,6,6
13257,90,93,-3,3
13258,96,103,-7,7
13259,149,156,-7,7
13260,61,69,-8,8
13261,144,130,14,14
13262,121,123,-2,2
13263,131,122,9,9
13264,58,52,6,6
13265,51,60,-9,9
13266,54,71,-17,17
13267,72,74,-2,2
13268,99,101,-2,2
13269,124,105,19,19
13270,105,105,0,0
13271,100,101,-1,1
13272,153,158,-5,5
13273,76,74,2,2
13274,120,109,11,11
13275,94,96,-2,2
13276,85,78,7,7
13277,84,85,-1,1
13278,53,65,-12,12
13279,106,105,1,1
13280,108,112,-4,4
13281,140,135,5,5
13282,113,124,-11,11
13283,57,73,-16,16
13284,108,109,-1,1
13285,123,117,6,6
13286,108,96,12,12
13287,83,72,11,11
13288,99,80,19,19
13289,78,78,0,0
13290,96,106,-10,10
13291,58,59,-1,1
13292,82,82,0,0
13293,148,139,9,9
13294,86,89,-3,3
13295,81,73,8,8
13296,119,119,0,0
13297,97,120,-23,23
13298,118,121,-3,3
13299,92,80,12,12
13300,102,107,-5,5
13301,72,76,-4,4
13302,64,56,8,8
13303,86,100,-14,14
13304,57,62,-5,5
13305,102,95,7,7
13306,67,68,-1,1
13307,88,88,0,0
13308,139,126,13,13
13309,61,78,-17,17
13310,77,70,7,7
13311,158,152,6,6
13312,130,125,5,5
13313,132,137,-5,5
13314,187,239,-52,52
13315,79,69,10,10
13316,96,105,-9,9
13317,76,76,0,0
13318,71,72,-1,1
13319,78,83,-5,5
13320,209,226,-17,17
13321,75,73,2,2
13322,146,125,21,21
13323,100,96,4,4
13324,80,88,-8,8
13325,70,70,0,0
13326,65,71,-6,6
13327,95,116,-21,21
13328,80,77,3,3
13329,69,68,1,1
13330,132,135,-3,3
13331,77,71,6,6
13332,98,87,11,11
13333,94,96,-2,2
13334,86,92,-6,6
13335,90,99,-9,9
13336,75,75,0,0
13337,130,110,20,20
13338,87,99,-12,12
13339,141,130,11,11
13340,161,139,22,22
13341,68,82,-14,14
13342,97,90,7,7
13343,125,108,17,17
13344,36,44,-8,8
13345,115,105,10,10
13346,68,57,11,11
13347,106,95,11,11
13348,96,108,-12,12
13349,82,82,0,0
13350,73,65,8,8
13351,89,77,12,12
13352,75,82,-7,7
13353,85,93,-8,8
13354,134,148,-14,14
13355,90,75,15,15
13356,83,82,1,1
13357,129,110,19,19
13358,140,141,-1,1
13359,60,91,-31,31
13360,82,76,6,6
13361,153,209,-56,56
13362,80,89,-9,9
13363,119,122,-3,3
13364,108,101,7,7
13365,54,60,-6,6
13366,99,99,0,0
13367,130,159,-29,29
13368,100,94,6,6
13369,59,57,2,2
13370,84,97,-13,13
13371,117,112,5,5
13372,60,56,4,4
13373,55,55,0,0
13374,96,98,-2,2
13375,73,89,-16,16
13376,64,70,-6,6
13377,75,75,0,0
13378,55,47,8,8
13379,90,93,-3,3
13380,142,141,1,1
13381,139,132,7,7
13382,118,114,4,4
13383,120,107,13,13
13384,112,111,1,1
13385,43,52,-9,9
13386,106,110,-4,4
13387,187,171,16,16
13388,117,117,0,0
13389,111,105,6,6
13390,188,170,18,18
13391,156,136,20,20
13392,136,138,-2,2
13393,88,92,-4,4
13394,29,64,-35,35
13395,107,95,12,12
13396,113,93,20,20
13397,93,101,-8,8
13398,81,86,-5,5
13399,22,50,-28,28
13400,69,72,-3,3
13401,168,158,10,10
13402,147,138,9,9
13403,105,117,-12,12
13404,145,129,16,16
13405,58,62,-4,4
13406,60,68,-8,8
13407,150,157,-7,7
13408,70,68,2,2
13409,69,73,-4,4
13410,140,137,3,3
13411,88,85,3,3
13412,120,118,2,2
13413,63,66,-3,3
13414,81,90,-9,9
13415,66,62,4,4
13416,91,92,-1,1
13417,131,139,-8,8
13418,126,99,27,27
13419,138,137,1,1
13420,103,109,-6,6
13421,103,98,5,5
13422,50,60,-10,10
13423,64,69,-5,5
13424,75,83,-8,8
13425,67,71,-4,4
13426,97,85,12,12
13427,109,123,-14,14
13428,137,130,7,7
13429,71,64,7,7
13430,98,86,12,12
13431,82,97,-15,15
13432,65,66,-1,1
13433,117,106,11,11
13434,148,150,-2,2
13435,190,174,16,16
13436,84,86,-2,2
13437,110,104,6,6
13438,138,131,7,7
13439,74,72,2,2
13440,130,118,12,12
13441,79,84,-5,5
13442,92,107,-15,15
13443,137,140,-3,3
13444,104,87,17,17
13445,160,123,37,37
13446,90,94,-4,4
13447,101,98,3,3
13448,123,126,-3,3
13449,73,75,-2,2
13450,66,67,-1,1
13451,124,113,11,11
13452,173,202,-29,29
13453,142,133,9,9
13454,32,51,-19,19
13455,104,103,1,1
13456,65,75,-10,10
13457,60,63,-3,3
13458,71,73,-2,2
13459,56,59,-3,3
13460,122,123,-1,1
13461,135,141,-6,6
13462,162,155,7,7
13463,96,113,-17,17
13464,126,132,-6,6
13465,74,73,1,1
13466,102,105,-3,3
13467,80,80,0,0
13468,88,83,5,5
13469,92,81,11,11
13470,107,115,-8,8
13471,87,109,-22,22
13472,58,61,-3,3
13473,80,71,9,9
13474,79,77,2,2
13475,114,117,-3,3
13476,78,84,-6,6
13477,75,79,-4,4
13478,168,164,4,4
13479,114,118,-4,4
13480,59,69,-10,10
13481,152,152,0,0
13482,66,66,0,0
13483,98,94,4,4
13484,70,70,0,0
13485,101,85,16,16
13486,130,133,-3,3
13487,114,114,0,0
13488,63,60,3,3
13489,181,174,7,7
13490,86,91,-5,5
13491,107,121,-14,14
13492,59,62,-3,3
13493,74,73,1,1
13494,134,139,-5,5
13495,199,168,31,31
13496,58,54,4,4
13497,99,107,-8,8
13498,103,103,0,0
13499,183,162,21,21
13500,96,100,-4,4
13501,99,106,-7,7
13502,113,105,8,8
13503,88,77,11,11
13504,88,89,-1,1
13505,128,118,10,10
13506,82,97,-15,15
13507,80,81,-1,1
13508,53,55,-2,2
13509,47,64,-17,17
13510,102,82,20,20
13511,97,104,-7,7
13512,68,71,-3,3
13513,125,113,12,12
13514,110,128,-18,18
13515,77,80,-3,3
13516,127,116,11,11
13517,87,98,-11,11
13518,107,91,16,16
13519,105,112,-7,7
13520,153,124,29,29
13521,61,66,-5,5
13522,33,81,-48,48
13523,146,142,4,4
13524,100,106,-6,6
13525,170,162,8,8
13526,134,115,19,19
13527,78,90,-12,12
13528,73,68,5,5
13529,60,66,-6,6
13530,64,69,-5,5
13531,99,96,3,3
13532,80,84,-4,4
13533,65,65,0,0
13534,67,60,7,7
13535,141,125,16,16
13536,60,55,5,5
13537,138,142,-4,4
13538,154,151,3,3
13539,58,60,-2,2
13540,114,115,-1,1
13541,132,122,10,10
13542,98,109,-11,11
13543,80,92,-12,12
13544,105,117,-12,12
13545,84,98,-14,14
13546,78,84,-6,6
13547,154,150,4,4
13548,67,68,-1,1
13549,95,109,-14,14
13550,125,118,7,7
13551,128,122,6,6
13552,42,45,-3,3
13553,204,192,12,12
13554,98,99,-1,1
13555,112,112,0,0
13556,132,125,7,7
13557,139,132,7,7
13558,93,75,18,18
13559,146,137,9,9
13560,56,57,-1,1
13561,65,64,1,1
13562,124,119,5,5
13563,103,110,-7,7
13564,86,83,3,3
13565,60,72,-12,12
13566,98,94,4,4
13567,80,122,-42,42
13568,89,100,-11,11
13569,148,130,18,18
13570,40,45,-5,5
13571,80,87,-7,7
13572,70,82,-12,12
13573,82,73,9,9
13574,133,139,-6,6
13575,75,76,-1,1
13576,75,73,2,2
13577,120,104,16,16
13578,50,51,-1,1
13579,111,129,-18,18
13580,86,92,-6,6
13581,115,117,-2,2
13582,63,59,4,4
13583,93,93,0,0
13584,104,94,10,10
13585,153,154,-1,1
13586,51,51,0,0
13587,128,122,6,6
13588,92,88,4,4
13589,51,56,-5,5
13590,84,83,1,1
13591,104,104,0,0
13592,101,91,10,10
13593,83,90,-7,7
13594,69,77,-8,8
13595,96,95,1,1
13596,83,88,-5,5
13597,54,76,-22,22
13598,83,73,10,10
13599,54,45,9,9
13600,61,54,7,7
13601,116,112,4,4
13602,113,107,6,6
13603,76,71,5,5
13604,87,90,-3,3
13605,59,57,2,2
13606,141,133,8,8
13607,97,103,-6,6
13608,89,88,1,1
13609,131,125,6,6
13610,71,70,1,1
13611,60,63,-3,3
13612,39,46,-7,7
13613,68,72,-4,4
13614,61,63,-2,2
13615,107,108,-1,1
13616,95,95,0,0
13617,94,115,-21,21
13618,82,87,-5,5
13619,110,109,1,1
13620,113,114,-1,1
13621,107,94,13,13
13622,161,151,10,10
13623,180,162,18,18
13624,101,100,1,1
13625,88,79,9,9
13626,87,93,-6,6
13627,115,115,0,0
13628,121,116,5,5
13629,139,139,0,0
13630,123,129,-6,6
13631,63,63,0,0
13632,122,119,3,3
13633,68,69,-1,1
13634,110,102,8,8
13635,57,85,-28,28
13636,82,89,-7,7
13637,95,88,7,7
13638,134,132,2,2
13639,98,89,9,9
13640,128,121,7,7
13641,95,102,-7,7
13642,104,135,-31,31
13643,175,164,11,11
13644,109,95,14,14
13645,164,140,24,24
13646,118,118,0,0
13647,70,73,-3,3
13648,54,68,-14,14
13649,145,138,7,7
13650,68,64,4,4
13651,82,84,-2,2
13652,61,55,6,6
13653,92,100,-8,8
13654,89,78,11,11
13655,96,91,5,5
13656,122,125,-3,3
13657,79,79,0,0
13658,75,76,-1,1
13659,108,108,0,0
13660,43,48,-5,5
13661,67,78,-11,11
13662,75,81,-6,6
13663,67,67,0,0
13664,88,92,-4,4
13665,55,56,-1,1
13666,96,109,-13,13
13667,60,62,-2,2
13668,125,115,10,10
13669,56,69,-13,13
13670,111,112,-1,1
13671,105,113,-8,8
13672,77,102,-25,25
13673,89,94,-5,5
13674,79,75,4,4
13675,107,109,-2,2
13676,124,119,5,5
13677,119,123,-4,4
13678,57,77,-20,20
13679,127,121,6,6
13680,64,68,-4,4
13681,96,95,1,1
13682,89,79,10,10
13683,71,66,5,5
13684,76,87,-11,11
13685,110,110,0,0
13686,120,127,-7,7
13687,98,90,8,8
13688,84,98,-14,14
13689,233,243,-10,10
13690,75,71,4,4
13691,107,97,10,10
13692,76,77,-1,1
13693,84,84,0,0
13694,86,84,2,2
13695,103,93,10,10
13696,106,94,12,12
13697,150,130,20,20
13698,73,60,13,13
13699,130,147,-17,17
13700,132,117,15,15
13701,139,129,10,10
13702,115,109,6,6
13703,155,146,9,9
13704,75,84,-9,9
13705,70,73,-3,3
13706,127,108,19,19
13707,65,67,-2,2
13708,100,109,-9,9
13709,170,168,2,2
13710,135,146,-11,11
13711,75,87,-12,12
13712,164,162,2,2
13713,125,108,17,17
13714,104,112,-8,8
13715,53,59,-6,6
13716,146,132,14,14
13717,102,84,18,18
13718,70,74,-4,4
13719,54,55,-1,1
13720,108,110,-2,2
13721,97,97,0,0
13722,104,105,-1,1
13723,140,132,8,8
13724,94,119,-25,25
13725,62,72,-10,10
13726,105,90,15,15
13727,48,49,-1,1
13728,63,68,-5,5
13729,64,59,5,5
13730,51,60,-9,9
13731,63,59,4,4
13732,121,109,12,12
13733,120,111,9,9
13734,86,86,0,0
13735,91,91,0,0
13736,55,67,-12,12
13737,98,106,-8,8
13738,69,77,-8,8
13739,45,42,3,3
13740,126,140,-14,14
13741,169,168,1,1
13742,95,82,13,13
13743,106,114,-8,8
13744,91,82,9,9
13745,126,118,8,8
13746,67,70,-3,3
13747,55,55,0,0
13748,74,81,-7,7
13749,87,72,15,15
13750,87,82,5,5
13751,83,75,8,8
13752,114,126,-12,12
13753,125,124,1,1
13754,120,112,8,8
13755,86,87,-1,1
13756,66,71,-5,5
13757,106,99,7,7
13758,62,61,1,1
13759,87,116,-29,29
13760,68,62,6,6
13761,77,74,3,3
13762,106,97,9,9
13763,101,94,7,7
13764,93,87,6,6
13765,63,85,-22,22
13766,53,65,-12,12
13767,116,117,-1,1
13768,116,126,-10,10
13769,92,121,-29,29
13770,80,88,-8,8
13771,93,88,5,5
13772,129,132,-3,3
13773,97,99,-2,2
13774,51,54,-3,3
13775,98,89,9,9
13776,80,119,-39,39
13777,74,68,6,6
13778,157,145,12,12
13779,163,163,0,0
13780,62,59,3,3
13781,107,106,1,1
13782,107,91,16,16
13783,107,110,-3,3
13784,83,82,1,1
13785,117,95,22,22
13786,94,102,-8,8
13787,65,71,-6,6
13788,61,71,-10,10
13789,79,80,-1,1
13790,137,142,-5,5
13791,141,133,8,8
13792,95,86,9,9
13793,101,105,-4,4
13794,95,93,2,2
13795,142,113,29,29
13796,107,102,5,5
13797,80,80,0,0
13798,91,90,1,1
13799,71,69,2,2
13800,81,61,20,20
13801,96,100,-4,4
13802,151,144,7,7
13803,75,80,-5,5
13804,69,74,-5,5
13805,70,71,-1,1
13806,66,62,4,4
13807,100,100,0,0
13808,107,106,1,1
13809,116,108,8,8
13810,59,63,-4,4
13811,90,88,2,2
13812,60,64,-4,4
13813,55,61,-6,6
13814,66,73,-7,7
13815,90,97,-7,7
13816,80,90,-10,10
13817,151,105,46,46
13818,91,92,-1,1
13819,59,66,-7,7
13820,73,68,5,5
13821,51,62,-11,11
13822,95,99,-4,4
13823,92,91,1,1
13824,61,64,-3,3
13825,80,83,-3,3
13826,107,122,-15,15
13827,79,86,-7,7
13828,167,143,24,24
13829,58,64,-6,6
13830,104,97,7,7
13831,106,111,-5,5
13832,61,61,0,0
13833,111,119,-8,8
13834,97,104,-7,7
13835,101,102,-1,1
13836,67,66,1,1
13837,56,70,-14,14
13838,57,67,-10,10
13839,82,61,21,21
13840,95,100,-5,5
13841,69,77,-8,8
13842,58,61,-3,3
13843,105,101,4,4
13844,163,134,29,29
13845,61,67,-6,6
13846,90,79,11,11
13847,220,204,16,16
13848,96,75,21,21
13849,44,49,-5,5
13850,59,67,-8,8
13851,60,66,-6,6
13852,64,72,-8,8
13853,94,84,10,10
13854,151,150,1,1
13855,75,72,3,3
13856,75,77,-2,2
13857,79,69,10,10
13858,70,77,-7,7
13859,107,116,-9,9
13860,145,139,6,6
13861,70,60,10,10
13862,75,67,8,8
13863,141,130,11,11
13864,66,69,-3,3
13865,79,74,5,5
13866,111,102,9,9
13867,112,94,18,18
13868,125,137,-12,12
13869,121,127,-6,6
13870,108,108,0,0
13871,74,86,-12,12
13872,106,115,-9,9
13873,118,115,3,3
13874,162,156,6,6
13875,142,116,26,26
13876,65,64,1,1
13877,59,60,-1,1
13878,91,85,6,6
13879,75,67,8,8
13880,125,123,2,2
13881,146,137,9,9
13882,84,80,4,4
13883,95,104,-9,9
13884,88,82,6,6
13885,95,87,8,8
13886,54,64,-10,10
13887,68,57,11,11
13888,250,254,-4,4
13889,64,60,4,4
13890,89,88,1,1
13891,63,65,-2,2
13892,47,66,-19,19
13893,113,104,9,9
13894,118,116,2,2
13895,77,78,-1,1
13896,175,148,27,27
13897,87,87,0,0
13898,85,85,0,0
13899,107,98,9,9
13900,77,65,12,12
13901,112,114,-2,2
13902,67,68,-1,1
13903,124,140,-16,16
13904,69,63,6,6
13905,170,184,-14,14
13906,91,88,3,3
13907,69,72,-3,3
13908,69,61,8,8
13909,102,105,-3,3
13910,87,96,-9,9
13911,61,60,1,1
13912,140,117,23,23
13913,56,49,7,7
13914,50,47,3,3
13915,71,71,0,0
13916,46,56,-10,10
13917,102,100,2,2
13918,72,71,1,1
13919,102,110,-8,8
13920,98,92,6,6
13921,114,117,-3,3
13922,83,85,-2,2
13923,75,76,-1,1
13924,92,85,7,7
13925,107,106,1,1
13926,166,148,18,18
13927,72,78,-6,6
13928,43,70,-27,27
13929,98,79,19,19
13930,141,133,8,8
13931,112,95,17,17
13932,149,152,-3,3
13933,17,48,-31,31
13934,63,76,-13,13
13935,127,126,1,1
13936,128,123,5,5
13937,64,71,-7,7
13938,59,62,-3,3
13939,45,56,-11,11
13940,104,104,0,0
13941,82,79,3,3
13942,52,50,2,2
13943,96,88,8,8
13944,108,99,9,9
13945,122,117,5,5
13946,105,103,2,2
13947,72,75,-3,3
13948,75,71,4,4
13949,111,119,-8,8
13950,86,84,2,2
13951,121,128,-7,7
13952,86,63,23,23
13953,66,65,1,1
13954,93,89,4,4
13955,128,142,-14,14
13956,142,132,10,10
13957,87,77,10,10
13958,84,100,-16,16
13959,103,100,3,3
13960,113,109,4,4
13961,136,128,8,8
13962,74,75,-1,1
13963,108,118,-10,10
13964,89,83,6,6
13965,84,81,3,3
13966,98,107,-9,9
13967,51,58,-7,7
13968,53,50,3,3
13969,88,135,-47,47
13970,96,87,9,9
13971,105,112,-7,7
13972,95,97,-2,2
13973,119,118,1,1
13974,79,75,4,4
13975,110,89,21,21
13976,68,64,4,4
13977,98,102,-4,4
13978,162,179,-17,17
13979,124,131,-7,7
13980,54,58,-4,4
13981,89,97,-8,8
13982,55,52,3,3
13983,147,126,21,21
13984,118,109,9,9
13985,28,37,-9,9
13986,115,120,-5,5
13987,87,92,-5,5
13988,129,124,5,5
13989,100,90,10,10
13990,119,124,-5,5
13991,95,104,-9,9
13992,130,134,-4,4
13993,57,54,3,3
13994,103,81,22,22
13995,100,100,0,0
13996,95,99,-4,4
13997,61,70,-9,9
13998,59,58,1,1
13999,126,111,15,15
14000,162,166,-4,4
14001,98,104,-6,6
14002,134,106,28,28
14003,118,116,2,2
14004,57,60,-3,3
14005,84,86,-2,2
14006,84,81,3,3
14007,120,132,-12,12
14008,163,163,0,0
14009,64,70,-6,6
14010,83,75,8,8
14011,69,83,-14,14
14012,135,109,26,26
14013,86,80,6,6
14014,60,57,3,3
14015,77,83,-6,6
14016,92,95,-3,3
14017,85,81,4,4
14018,161,152,9,9
14019,126,110,16,16
14020,63,63,0,0
14021,93,96,-3,3
14022,73,60,13,13
14023,107,106,1,1
14024,74,77,-3,3
14025,73,71,2,2
14026,108,87,21,21
14027,182,177,5,5
14028,134,126,8,8
14029,67,74,-7,7
14030,91,81,10,10
14031,131,156,-25,25
14032,146,139,7,7
14033,80,82,-2,2
14034,139,130,9,9
14035,188,180,8,8
14036,150,129,21,21
14037,74,81,-7,7
14038,115,116,-1,1
14039,87,73,14,14
14040,83,73,10,10
14041,71,68,3,3
14042,95,97,-2,2
14043,110,107,3,3
14044,91,83,8,8
14045,108,109,-1,1
14046,51,48,3,3
14047,71,75,-4,4
14048,50,57,-7,7
14049,66,76,-10,10
14050,56,58,-2,2
14051,108,114,-6,6
14052,114,107,7,7
14053,86,65,21,21
14054,88,84,4,4
14055,66,59,7,7
14056,111,106,5,5
14057,53,52,1,1
14058,94,93,1,1
14059,74,69,5,5
14060,129,135,-6,6
14061,75,82,-7,7
14062,198,177,21,21
14063,76,70,6,6
14064,94,91,3,3
14065,70,78,-8,8
14066,172,149,23,23
14067,61,68,-7,7
14068,80,84,-4,4
14069,102,95,7,7
14070,114,121,-7,7
14071,70,89,-19,19
14072,75,84,-9,9
14073,112,101,11,11
14074,44,45,-1,1
14075,145,160,-15,15
14076,68,95,-27,27
14077,148,138,10,10
14078,56,59,-3,3
14079,81,87,-6,6
14080,73,78,-5,5
14081,122,123,-1,1
14082,75,86,-11,11
14083,121,131,-10,10
14084,139,145,-6,6
14085,63,68,-5,5
14086,125,130,-5,5
14087,85,80,5,5
14088,112,136,-24,24
14089,114,114,0,0
14090,134,116,18,18
14091,98,110,-12,12
14092,75,78,-3,3
14093,135,121,14,14
14094,96,108,-12,12
14095,102,96,6,6
14096,150,154,-4,4
14097,186,159,27,27
14098,63,74,-11,11
14099,116,114,2,2
14100,83,68,15,15
14101,110,94,16,16
14102,104,96,8,8
14103,71,72,-1,1
14104,111,111,0,0
14105,106,111,-5,5
14106,147,150,-3,3
14107,67,86,-19,19
14108,212,192,20,20
14109,83,81,2,2
14110,174,152,22,22
14111,113,129,-16,16
14112,68,80,-12,12
14113,159,156,3,3
14114,52,64,-12,12
14115,123,115,8,8
14116,112,110,2,2
14117,69,74,-5,5
14118,61,72,-11,11
14119,63,61,2,2
14120,70,74,-4,4
14121,65,86,-21,21
14122,145,153,-8,8
14123,121,124,-3,3
14124,60,57,3,3
14125,187,164,23,23
14126,24,33,-9,9
14127,136,133,3,3
14128,65,74,-9,9
14129,67,63,4,4
14130,189,192,-3,3
14131,83,95,-12,12
14132,76,81,-5,5
14133,91,81,10,10
14134,74,85,-11,11
14135,55,60,-5,5
14136,107,96,11,11
14137,160,151,9,9
14138,149,140,9,9
14139,96,95,1,1
14140,88,89,-1,1
14141,118,119,-1,1
14142,91,82,9,9
14143,92,93,-1,1
14144,74,72,2,2
14145,118,122,-4,4
14146,81,104,-23,23
14147,95,98,-3,3
14148,68,72,-4,4
14149,132,126,6,6
14150,49,46,3,3
14151,115,105,10,10
14152,148,140,8,8
14153,109,123,-14,14
14154,104,96,8,8
14155,159,160,-1,1
14156,83,78,5,5
14157,47,51,-4,4
14158,92,91,1,1
14159,101,106,-5,5
14160,57,53,4,4
14161,40,40,0,0
14162,153,132,21,21
14163,163,141,22,22
14164,66,62,4,4
14165,90,86,4,4
14166,55,56,-1,1
14167,52,65,-13,13
14168,96,101,-5,5
14169,115,112,3,3
14170,47,55,-8,8
14171,77,88,-11,11
14172,76,70,6,6
14173,115,117,-2,2
14174,93,91,2,2
14175,120,99,21,21
14176,83,99,-16,16
14177,119,106,13,13
14178,40,52,-12,12
14179,47,54,-7,7
14180,55,53,2,2
14181,96,96,0,0
14182,88,82,6,6
14183,74,81,-7,7
14184,80,85,-5,5
14185,68,69,-1,1
14186,144,139,5,5
14187,101,96,5,5
14188,116,115,1,1
14189,63,56,7,7
14190,51,56,-5,5
14191,123,180,-57,57
14192,145,144,1,1
14193,107,94,13,13
14194,109,108,1,1
14195,115,110,5,5
14196,59,53,6,6
14197,63,75,-12,12
14198,190,188,2,2
14199,69,72,-3,3
14200,77,71,6,6
14201,78,91,-13,13
14202,85,96,-11,11
14203,112,93,19,19
14204,82,85,-3,3
14205,150,138,12,12
14206,72,83,-11,11
14207,105,100,5,5
14208,80,85,-5,5
14209,39,46,-7,7
14210,102,107,-5,5
14211,68,72,-4,4
14212,95,93,2,2
14213,24,58,-34,34
14214,50,56,-6,6
14215,66,63,3,3
14216,69,65,4,4
14217,120,120,0,0
14218,140,124,16,16
14219,69,72,-3,3
14220,187,147,40,40
14221,107,94,13,13
14222,67,63,4,4
14223,126,134,-8,8
14224,112,130,-18,18
14225,93,103,-10,10
14226,89,93,-4,4
14227,93,106,-13,13
14228,48,43,5,5
14229,153,141,12,12
14230,67,67,0,0
14231,48,59,-11,11
14232,58,68,-10,10
14233,179,166,13,13
14234,91,100,-9,9
14235,123,125,-2,2
14236,70,71,-1,1
14237,32,45,-13,13
14238,96,90,6,6
14239,53,64,-11,11
14240,99,104,-5,5
14241,133,118,15,15
14242,77,87,-10,10
14243,47,51,-4,4
14244,55,55,0,0
14245,85,89,-4,4
14246,135,124,11,11
14247,103,93,10,10
14248,62,73,-11,11
14249,73,79,-6,6
14250,117,135,-18,18
14251,112,97,15,15
14252,34,43,-9,9
14253,46,53,-7,7
14254,68,67,1,1
14255,42,42,0,0
14256,88,98,-10,10
14257,88,94,-6,6
14258,78,97,-19,19
14259,74,82,-8,8
14260,145,134,11,11
14261,144,138,6,6
14262,146,143,3,3
14263,50,56,-6,6
14264,134,112,22,22
14265,81,69,12,12
14266,81,73,8,8
14267,64,60,4,4
14268,134,128,6,6
14269,177,175,2,2
14270,115,104,11,11
14271,105,113,-8,8
14272,142,121,21,21
14273,104,98,6,6
14274,74,84,-10,10
14275,177,156,21,21
14276,47,47,0,0
14277,127,126,1,1
14278,186,165,21,21
14279,81,112,-31,31
14280,78,79,-1,1
14281,155,138,17,17
14282,170,158,12,12
14283,97,100,-3,3
14284,94,97,-3,3
14285,77,78,-1,1
14286,83,84,-1,1
14287,109,107,2,2
14288,92,93,-1,1
14289,93,91,2,2
14290,63,95,-32,32
14291,85,92,-7,7
14292,92,112,-20,20
14293,68,73,-5,5
14294,111,123,-12,12
14295,181,180,1,1
14296,57,46,11,11
14297,93,98,-5,5
14298,68,71,-3,3
14299,95,100,-5,5
14300,123,113,10,10
14301,58,63,-5,5
14302,159,148,11,11
14303,97,83,14,14
14304,82,83,-1,1
14305,70,65,5,5
14306,87,72,15,15
14307,63,64,-1,1
14308,138,134,4,4
14309,124,128,-4,4
14310,90,91,-1,1
14311,72,67,5,5
14312,82,93,-11,11
14313,102,132,-30,30
14314,149,135,14,14
14315,127,124,3,3
14316,127,109,18,18
14317,80,81,-1,1
14318,79,70,9,9
14319,126,124,2,2
14320,160,155,5,5
14321,88,91,-3,3
14322,57,45,12,12
14323,117,121,-4,4
14324,88,80,8,8
14325,117,121,-4,4
14326,108,103,5,5
14327,122,130,-8,8
14328,126,123,3,3
14329,137,137,0,0
14330,119,108,11,11
14331,94,96,-2,2
14332,89,76,13,13
14333,65,58,7,7
14334,80,79,1,1
14335,73,78,-5,5
14336,137,123,14,14
14337,112,111,1,1
14338,93,91,2,2
14339,121,97,24,24
14340,94,100,-6,6
14341,74,74,0,0
14342,126,113,13,13
14343,102,96,6,6
14344,61,62,-1,1
14345,107,104,3,3
14346,187,168,19,19
14347,129,123,6,6
14348,96,104,-8,8
14349,85,71,14,14
14350,89,96,-7,7
14351,65,66,-1,1
14352,67,82,-15,15
14353,95,84,11,11
14354,90,73,17,17
14355,70,85,-15,15
14356,51,63,-12,12
14357,67,69,-2,2
14358,105,101,4,4
14359,72,93,-21,21
14360,73,71,2,2
14361,90,88,2,2
14362,60,61,-1,1
14363,125,112,13,13
14364,128,121,7,7
14365,114,111,3,3
14366,80,65,15,15
14367,130,112,18,18
14368,170,187,-17,17
14369,163,126,37,37
14370,121,103,18,18
14371,65,67,-2,2
14372,110,106,4,4
14373,86,86,0,0
14374,136,128,8,8
14375,95,92,3,3
14376,82,78,4,4
14377,117,107,10,10
14378,122,126,-4,4
14379,61,57,4,4
14380,49,48,1,1
14381,188,173,15,15
14382,61,69,-8,8
14383,164,173,-9,9
14384,64,72,-8,8
14385,100,103,-3,3
14386,75,79,-4,4
14387,90,85,5,5
14388,83,76,7,7
14389,74,84,-10,10
14390,88,100,-12,12
14391,110,93,17,17
14392,104,116,-12,12
14393,61,67,-6,6
14394,80,88,-8,8
14395,121,105,16,16
14396,72,79,-7,7
14397,80,80,0,0
14398,38,38,0,0
14399,136,110,26,26
14400,85,98,-13,13
14401,86,90,-4,4
14402,129,122,7,7
14403,58,64,-6,6
14404,73,83,-10,10
14405,135,134,1,1
14406,106,110,-4,4
14407,53,61,-8,8
14408,54,76,-22,22
14409,62,69,-7,7
14410,91,101,-10,10
14411,61,69,-8,8
14412,56,64,-8,8
14413,53,55,-2,2
14414,67,66,1,1
14415,81,84,-3,3
14416,77,81,-4,4
14417,92,90,2,2
14418,181,169,12,12
14419,68,75,-7,7
14420,73,74,-1,1
14421,102,92,10,10
14422,85,87,-2,2
14423,78,79,-1,1
14424,85,81,4,4
14425,86,90,-4,4
14426,61,59,2,2
14427,60,53,7,7
14428,70,94,-24,24
14429,63,66,-3,3
14430,141,150,-9,9
14431,82,81,1,1
14432,125,109,16,16
14433,25,36,-11,11
14434,124,116,8,8
14435,42,57,-15,15
14436,123,130,-7,7
14437,50,55,-5,5
14438,94,103,-9,9
14439,175,160,15,15
14440,119,119,0,0
14441,97,102,-5,5
14442,112,109,3,3
14443,105,101,4,4
14444,85,81,4,4
14445,117,122,-5,5
14446,140,132,8,8
14447,117,107,10,10
14448,45,43,2,2
14449,73,75,-2,2
14450,71,87,-16,16
14451,41,44,-3,3
14452,134,131,3,3
14453,102,100,2,2
14454,69,77,-8,8
14455,98,100,-2,2
14456,113,103,10,10
14457,90,92,-2,2
14458,67,68,-1,1
14459,83,89,-6,6
14460,64,65,-1,1
14461,192,165,27,27
14462,93,75,18,18
14463,111,110,1,1
14464,122,126,-4,4
14465,89,98,-9,9
14466,77,101,-24,24
14467,66,75,-9,9
14468,57,62,-5,5
14469,84,87,-3,3
14470,90,106,-16,16
14471,103,99,4,4
14472,144,138,6,6
14473,120,114,6,6
14474,105,95,10,10
14475,121,120,1,1
14476,51,106,-55,55
14477,91,68,23,23
14478,73,82,-9,9
14479,60,61,-1,1
14480,50,51,-1,1
14481,94,101,-7,7
14482,107,103,4,4
14483,62,61,1,1
14484,77,79,-2,2
14485,109,117,-8,8
14486,113,100,13,13
14487,95,107,-12,12
14488,153,153,0,0
14489,146,133,13,13
14490,75,75,0,0
14491,97,98,-1,1
14492,96,100,-4,4
14493,112,120,-8,8
14494,93,109,-16,16
14495,88,81,7,7
14496,143,135,8,8
14497,131,135,-4,4
14498,92,100,-8,8
14499,77,73,4,4
14500,94,93,1,1
14501,60,71,-11,11
14502,70,75,-5,5
14503,73,75,-2,2
14504,115,114,1,1
14505,111,119,-8,8
14506,41,41,0,0
14507,49,66,-17,17
14508,141,127,14,14
14509,85,79,6,6
14510,89,89,0,0
14511,84,76,8,8
14512,102,94,8,8
14513,100,97,3,3
14514,72,72,0,0
14515,99,103,-4,4
14516,68,67,1,1
14517,63,54,9,9
14518,156,168,-12,12
14519,113,109,4,4
14520,109,111,-2,2
14521,141,135,6,6
14522,173,165,8,8
14523,95,107,-12,12
14524,89,90,-1,1
14525,103,106,-3,3
14526,71,70,1,1
14527,81,81,0,0
14528,93,91,2,2
14529,138,182,-44,44
14530,94,82,12,12
14531,168,194,-26,26
14532,56,66,-10,10
14533,70,67,3,3
14534,143,123,20,20
14535,115,114,1,1
14536,78,68,10,10
14537,71,64,7,7
14538,61,66,-5,5
14539,174,170,4,4
14540,136,127,9,9
14541,137,145,-8,8
14542,64,62,2,2
14543,98,96,2,2
14544,61,73,-12,12
14545,79,72,7,7
14546,58,65,-7,7
14547,88,90,-2,2
14548,83,86,-3,3
14549,58,70,-12,12
14550,113,110,3,3
14551,65,68,-3,3
14552,98,94,4,4
14553,98,90,8,8
14554,119,103,16,16
14555,81,94,-13,13
14556,107,118,-11,11
14557,69,62,7,7
14558,102,106,-4,4
14559,64,66,-2,2
14560,92,105,-13,13
14561,91,77,14,14
14562,76,69,7,7
14563,120,120,0,0
14564,131,126,5,5
14565,73,70,3,3
14566,113,99,14,14
14567,46,54,-8,8
14568,31,33,-2,2
14569,86,110,-24,24
14570,124,124,0,0
14571,69,67,2,2
14572,103,97,6,6
14573,78,85,-7,7
14574,85,81,4,4
14575,43,54,-11,11
14576,102,101,1,1
14577,64,70,-6,6
14578,112,115,-3,3
14579,104,104,0,0
14580,116,110,6,6
14581,72,75,-3,3
14582,86,95,-9,9
14583,45,65,-20,20
14584,90,93,-3,3
14585,204,189,15,15
14586,38,49,-11,11
14587,95,84,11,11
14588,102,111,-9,9
14589,193,180,13,13
14590,130,127,3,3
14591,47,59,-12,12
14592,132,126,6,6
14593,176,149,27,27
14594,67,66,1,1
14595,100,113,-13,13
14596,73,67,6,6
14597,44,50,-6,6
14598,65,75,-10,10
14599,34,42,-8,8
14600,56,66,-10,10
14601,87,91,-4,4
14602,87,111,-24,24
14603,44,52,-8,8
14604,115,107,8,8
14605,82,75,7,7
14606,134,131,3,3
14607,161,151,10,10
14608,61,58,3,3
14609,150,154,-4,4
14610,106,102,4,4
14611,68,67,1,1
14612,106,94,12,12
14613,96,99,-3,3
14614,142,146,-4,4
14615,74,69,5,5
14616,47,56,-9,9
14617,130,132,-2,2
14618,121,130,-9,9
14619,104,100,4,4
14620,79,78,1,1
14621,85,76,9,9
14622,92,94,-2,2
14623,52,96,-44,44
14624,144,152,-8,8
14625,92,76,16,16
14626,58,58,0,0
14627,116,124,-8,8
14628,71,83,-12,12
14629,65,57,8,8
14630,86,67,19,19
14631,51,56,-5,5
14632,51,59,-8,8
14633,169,156,13,13
14634,117,120,-3,3
14635,94,98,-4,4
14636,77,78,-1,1
14637,61,60,1,1
14638,64,64,0,0
14639,38,38,0,0
14640,54,60,-6,6
14641,70,76,-6,6
14642,77,82,-5,5
14643,127,114,13,13
14644,58,60,-2,2
14645,84,85,-1,1
14646,89,93,-4,4
14647,52,42,10,10
14648,73,75,-2,2
14649,64,75,-11,11
14650,53,73,-20,20
14651,112,101,11,11
14652,92,101,-9,9
14653,90,82,8,8
14654,72,69,3,3
14655,99,110,-11,11
14656,84,83,1,1
14657,90,93,-3,3
14658,135,138,-3,3
14659,91,84,7,7
14660,81,86,-5,5
14661,119,105,14,14
14662,70,76,-6,6
14663,62,67,-5,5
14664,80,90,-10,10
14665,69,74,-5,5
14666,107,121,-14,14
14667,145,139,6,6
14668,137,122,15,15
14669,94,99,-5,5
14670,158,137,21,21
14671,174,176,-2,2
14672,100,109,-9,9
14673,141,141,0,0
14674,131,132,-1,1
14675,168,161,7,7
14676,98,96,2,2
14677,116,114,2,2
14678,101,102,-1,1
14679,89,113,-24,24
14680,119,111,8,8
14681,139,136,3,3
14682,25,30,-5,5
14683,106,112,-6,6
14684,161,161,0,0
14685,123,122,1,1
14686,87,84,3,3
14687,58,68,-10,10
14688,62,61,1,1
14689,89,86,3,3
14690,81,78,3,3
14691,70,66,4,4
14692,78,82,-4,4
14693,163,165,-2,2
14694,46,64,-18,18
14695,57,57,0,0
14696,108,112,-4,4
14697,148,133,15,15
14698,74,90,-16,16
14699,54,63,-9,9
14700,64,73,-9,9
14701,162,136,26,26
14702,124,110,14,14
14703,75,80,-5,5
14704,76,72,4,4
14705,81,95,-14,14
14706,56,62,-6,6
14707,90,84,6,6
14708,70,82,-12,12
14709,66,78,-12,12
14710,75,80,-5,5
14711,95,113,-18,18
14712,123,120,3,3
14713,125,134,-9,9
14714,44,50,-6,6
14715,141,131,10,10
14716,53,63,-10,10
14717,97,101,-4,4
14718,100,112,-12,12
14719,78,101,-23,23
14720,199,187,12,12
14721,124,117,7,7
14722,56,59,-3,3
14723,62,61,1,1
14724,109,97,12,12
14725,149,126,23,23
14726,101,108,-7,7
14727,129,125,4,4
14728,138,124,14,14
14729,118,122,-4,4
14730,151,142,9,9
14731,58,67,-9,9
14732,148,145,3,3
14733,89,89,0,0
14734,93,90,3,3
14735,111,102,9,9
14736,131,126,5,5
14737,106,110,-4,4
14738,123,126,-3,3
14739,119,142,-23,23
14740,106,112,-6,6
14741,121,123,-2,2
14742,74,68,6,6
14743,94,93,1,1
14744,83,81,2,2
14745,159,150,9,9
14746,126,118,8,8
14747,71,74,-3,3
14748,52,64,-12,12
14749,139,145,-6,6
14750,98,90,8,8
14751,94,100,-6,6
14752,58,59,-1,1
14753,126,130,-4,4
14754,65,66,-1,1
14755,98,84,14,14
14756,170,162,8,8
14757,71,75,-4,4
14758,63,76,-13,13
14759,74,83,-9,9
14760,119,111,8,8
14761,73,87,-14,14
14762,88,83,5,5
14763,96,104,-8,8
14764,125,120,5,5
14765,119,125,-6,6
14766,88,93,-5,5
14767,98,95,3,3
14768,103,123,-20,20
14769,95,90,5,5
14770,80,91,-11,11
14771,88,87,1,1
14772,50,39,11,11
14773,81,82,-1,1
14774,72,76,-4,4
14775,56,32,24,24
14776,54,60,-6,6
14777,70,84,-14,14
14778,92,81,11,11
14779,79,77,2,2
14780,64,62,2,2
14781,121,123,-2,2
14782,55,63,-8,8
14783,110,107,3,3
14784,142,138,4,4
14785,160,144,16,16
14786,61,66,-5,5
14787,59,78,-19,19
14788,102,110,-8,8
14789,95,85,10,10
14790,62,71,-9,9
14791,142,124,18,18
14792,91,72,19,19
14793,114,122,-8,8
14794,54,67,-13,13
14795,93,98,-5,5
14796,96,92,4,4
14797,75,73,2,2
14798,95,89,6,6
14799,59,58,1,1
14800,87,75,12,12
14801,121,113,8,8
14802,85,85,0,0
14803,74,77,-3,3
14804,94,97,-3,3
14805,117,118,-1,1
14806,136,129,7,7
14807,51,53,-2,2
14808,143,128,15,15
14809,110,112,-2,2
14810,112,107,5,5
14811,59,59,0,0
14812,69,67,2,2
14813,92,81,11,11
14814,92,98,-6,6
14815,125,114,11,11
14816,93,77,16,16
14817,94,82,12,12
14818,183,162,21,21
14819,158,164,-6,6
14820,126,114,12,12
14821,201,191,10,10
14822,96,84,12,12
14823,69,87,-18,18
14824,112,143,-31,31
14825,60,67,-7,7
14826,81,66,15,15
14827,229,230,-1,1
14828,81,73,8,8
14829,49,58,-9,9
14830,98,88,10,10
14831,104,99,5,5
14832,117,105,12,12
14833,91,92,-1,1
14834,96,87,9,9
14835,82,92,-10,10
14836,193,187,6,6
14837,75,74,1,1
14838,101,107,-6,6
14839,128,111,17,17
14840,103,102,1,1
14841,84,77,7,7
14842,162,150,12,12
14843,117,114,3,3
14844,104,122,-18,18
14845,85,78,7,7
14846,90,95,-5,5
14847,67,68,-1,1
14848,91,81,10,10
14849,152,131,21,21
14850,60,56,4,4
14851,107,113,-6,6
14852,114,145,-31,31
14853,95,95,0,0
14854,85,76,9,9
14855,72,111,-39,39
14856,66,89,-23,23
14857,81,85,-4,4
14858,112,109,3,3
14859,39,45,-6,6
14860,125,135,-10,10
14861,67,70,-3,3
14862,103,89,14,14
14863,44,58,-14,14
14864,52,50,2,2
14865,58,65,-7,7
14866,105,106,-1,1
14867,55,71,-16,16
14868,107,117,-10,10
14869,102,108,-6,6
14870,61,72,-11,11
14871,129,119,10,10
14872,72,75,-3,3
14873,144,136,8,8
14874,67,83,-16,16
14875,131,121,10,10
14876,59,75,-16,16
14877,142,134,8,8
14878,80,78,2,2
14879,95,88,7,7
14880,62,70,-8,8
14881,99,102,-3,3
14882,69,80,-11,11
14883,36,47,-11,11
14884,53,63,-10,10
14885,174,146,28,28
14886,120,122,-2,2
14887,60,68,-8,8
14888,44,55,-11,11
14889,104,107,-3,3
14890,70,63,7,7
14891,80,78,2,2
14892,72,71,1,1
14893,114,131,-17,17
14894,110,120,-10,10
14895,69,64,5,5
14896,108,108,0,0
14897,136,125,11,11
14898,62,69,-7,7
14899,170,164,6,6
14900,109,102,7,7
14901,85,85,0,0
14902,93,83,10,10
14903,117,110,7,7
14904,102,90,12,12
14905,123,119,4,4
14906,91,108,-17,17
14907,65,67,-2,2
14908,52,52,0,0
14909,139,125,14,14
14910,88,93,-5,5
14911,67,81,-14,14
14912,143,141,2,2
14913,153,159,-6,6
14914,65,63,2,2
14915,84,79,5,5
14916,101,114,-13,13
14917,90,119,-29,29
14918,75,73,2,2
14919,95,91,4,4
14920,197,178,19,19
14921,60,66,-6,6
14922,152,148,4,4
14923,69,67,2,2
14924,79,79,0,0
14925,63,79,-16,16
14926,114,123,-9,9
14927,94,87,7,7
14928,107,95,12,12
14929,94,93,1,1
14930,68,77,-9,9
14931,95,93,2,2
14932,123,115,8,8
14933,81,73,8,8
14934,141,125,16,16
14935,78,81,-3,3
14936,100,113,-13,13
14937,120,118,2,2
14938,36,59,-23,23
14939,81,85,-4,4
14940,118,101,17,17
14941,122,130,-8,8
14942,80,74,6,6
14943,130,119,11,11
14944,44,60,-16,16
14945,170,172,-2,2
14946,74,113,-39,39
14947,66,65,1,1
14948,192,159,33,33
14949,84,97,-13,13
14950,116,131,-15,15
14951,81,85,-4,4
14952,43,42,1,1
14953,69,71,-2,2
14954,63,57,6,6
14955,94,94,0,0
14956,84,78,6,6
14957,56,51,5,5
14958,106,108,-2,2
14959,152,129,23,23
14960,92,78,14,14
14961,68,70,-2,2
14962,87,95,-8,8
14963,88,102,-14,14
14964,78,81,-3,3
14965,64,72,-8,8
14966,147,144,3,3
14967,57,61,-4,4
14968,81,141,-60,60
14969,59,62,-3,3
14970,70,66,4,4
14971,87,101,-14,14
14972,90,80,10,10
14973,87,73,14,14
14974,49,55,-6,6
14975,160,144,16,16
14976,131,119,12,12
14977,83,84,-1,1
14978,44,51,-7,7
14979,44,47,-3,3
14980,52,60,-8,8
14981,102,102,0,0
14982,69,69,0,0
14983,99,97,2,2
14984,81,92,-11,11
14985,91,94,-3,3
14986,87,80,7,7
14987,57,60,-3,3
14988,82,88,-6,6
14989,56,52,4,4
14990,76,71,5,5
14991,79,73,6,6
14992,78,75,3,3
14993,121,108,13,13
14994,119,108,11,11
14995,68,75,-7,7
14996,146,136,10,10
14997,106,94,12,12
14998,132,123,9,9
14999,47,52,-5,5
15000,70,74,-4,4
15001,114,97,17,17
15002,71,64,7,7
15003,85,90,-5,5
15004,132,111,21,21
15005,33,47,-14,14
15006,16,29,-13,13
15007,68,75,-7,7
15008,62,67,-5,5
15009,84,91,-7,7
15010,50,56,-6,6
15011,91,105,-14,14
15012,116,101,15,15
15013,97,92,5,5
15014,126,125,1,1
15015,102,106,-4,4
15016,111,104,7,7
15017,113,107,6,6
15018,149,129,20,20
15019,87,78,9,9
15020,120,105,15,15
15021,124,115,9,9
15022,145,127,18,18
15023,78,74,4,4
15024,158,157,1,1
15025,47,59,-12,12
15026,228,250,-22,22
15027,86,96,-10,10
15028,97,92,5,5
15029,105,108,-3,3
15030,59,69,-10,10
15031,134,126,8,8
15032,122,115,7,7
15033,116,138,-22,22
15034,72,71,1,1
15035,95,106,-11,11
15036,48,50,-2,2
15037,71,67,4,4
15038,164,179,-15,15
15039,80,87,-7,7
15040,96,83,13,13
15041,133,127,6,6
15042,121,134,-13,13
15043,122,114,8,8
15044,99,93,6,6
15045,96,88,8,8
15046,41,55,-14,14
15047,157,144,13,13
15048,104,90,14,14
15049,65,73,-8,8
15050,103,111,-8,8
15051,118,117,1,1
15052,99,99,0,0
15053,126,121,5,5
15054,106,101,5,5
15055,55,36,19,19
15056,75,72,3,3
15057,69,77,-8,8
15058,107,106,1,1
15059,122,117,5,5
15060,63,70,-7,7
15061,107,105,2,2
15062,96,116,-20,20
15063,62,62,0,0
15064,72,74,-2,2
15065,152,137,15,15
15066,65,73,-8,8
15067,78,78,0,0
15068,115,118,-3,3
15069,113,107,6,6
15070,113,102,11,11
15071,105,103,2,2
15072,116,118,-2,2
15073,158,141,17,17
15074,57,67,-10,10
15075,141,136,5,5
15076,82,74,8,8
15077,106,112,-6,6
15078,96,92,4,4
15079,104,98,6,6
15080,98,88,10,10
15081,83,88,-5,5
15082,138,125,13,13
15083,148,138,10,10
15084,71,75,-4,4
15085,90,94,-4,4
15086,134,122,12,12
15087,129,141,-12,12
15088,127,126,1,1
15089,77,78,-1,1
15090,69,82,-13,13
15091,102,96,6,6
15092,69,75,-6,6
15093,65,72,-7,7
15094,102,107,-5,5
15095,56,80,-24,24
15096,123,112,11,11
15097,73,75,-2,2
15098,61,67,-6,6
15099,102,123,-21,21
15100,98,101,-3,3
15101,80,75,5,5
15102,85,87,-2,2
15103,61,91,-30,30
15104,127,121,6,6
15105,68,69,-1,1
15106,127,137,-10,10
15107,71,70,1,1
15108,71,62,9,9
15109,149,138,11,11
15110,91,76,15,15
15111,98,101,-3,3
15112,51,62,-11,11
15113,90,85,5,5
15114,105,116,-11,11
15115,84,89,-5,5
15116,98,94,4,4
15117,188,186,2,2
15118,57,49,8,8
15119,135,113,22,22
15120,107,109,-2,2
15121,166,156,10,10
15122,102,91,11,11
15123,162,157,5,5
15124,74,67,7,7
15125,81,76,5,5
15126,58,64,-6,6
15127,93,80,13,13
15128,67,60,7,7
15129,136,131,5,5
15130,122,119,3,3
15131,114,112,2,2
15132,66,66,0,0
15133,121,113,8,8
15134,82,103,-21,21
15135,110,105,5,5
15136,63,69,-6,6
15137,108,105,3,3
15138,77,76,1,1
15139,86,85,1,1
15140,74,70,4,4
15141,101,109,-8,8
15142,114,118,-4,4
15143,105,99,6,6
15144,106,102,4,4
15145,83,84,-1,1
15146,169,166,3,3
15147,71,72,-1,1
15148,87,86,1,1
15149,67,76,-9,9
15150,86,110,-24,24
15151,244,237,7,7
15152,96,72,24,24
15153,136,133,3,3
15154,64,62,2,2
15155,131,141,-10,10
15156,142,157,-15,15
15157,63,72,-9,9
15158,56,59,-3,3
15159,65,63,2,2
15160,116,114,2,2
15161,57,50,7,7
15162,109,113,-4,4
15163,114,120,-6,6
15164,68,67,1,1
15165,114,102,12,12
15166,64,88,-24,24
15167,112,125,-13,13
15168,47,60,-13,13
15169,66,68,-2,2
15170,81,90,-9,9
15171,127,134,-7,7
15172,109,109,0,0
15173,72,65,7,7
15174,94,89,5,5
15175,46,51,-5,5
15176,113,101,12,12
15177,70,79,-9,9
15178,80,83,-3,3
15179,64,57,7,7
15180,113,103,10,10
15181,56,65,-9,9
15182,112,110,2,2
15183,50,68,-18,18
15184,101,96,5,5
15185,173,176,-3,3
15186,57,57,0,0
15187,104,94,10,10
15188,90,84,6,6
15189,76,80,-4,4
15190,94,89,5,5
15191,105,133,-28,28
15192,121,113,8,8
15193,126,134,-8,8
15194,127,113,14,14
15195,116,120,-4,4
15196,88,73,15,15
15197,62,81,-19,19
15198,190,186,4,4
15199,91,104,-13,13
15200,68,72,-4,4
15201,102,101,1,1
15202,150,115,35,35
15203,85,91,-6,6
15204,45,62,-17,17
15205,106,112,-6,6
15206,64,62,2,2
15207,152,158,-6,6
15208,124,118,6,6
15209,77,78,-1,1
15210,80,90,-10,10
15211,68,64,4,4
15212,131,128,3,3
15213,141,124,17,17
15214,138,125,13,13
15215,139,167,-28,28
15216,54,63,-9,9
15217,81,81,0,0
15218,131,124,7,7
15219,105,99,6,6
15220,88,72,16,16
15221,97,96,1,1
15222,132,131,1,1
15223,80,86,-6,6
15224,83,82,1,1
15225,56,67,-11,11
15226,68,79,-11,11
15227,88,82,6,6
15228,101,102,-1,1
15229,123,122,1,1
15230,123,129,-6,6
15231,56,77,-21,21
15232,139,138,1,1
15233,102,98,4,4
15234,53,59,-6,6
15235,145,146,-1,1
15236,94,103,-9,9
15237,126,123,3,3
15238,92,80,12,12
15239,82,84,-2,2
15240,74,88,-14,14
15241,165,131,34,34
15242,99,102,-3,3
15243,139,137,2,2
15244,84,78,6,6
15245,85,73,12,12
15246,63,73,-10,10
15247,174,142,32,32
15248,127,110,17,17
15249,93,101,-8,8
15250,106,102,4,4
15251,108,145,-37,37
15252,93,94,-1,1
15253,98,82,16,16
15254,91,84,7,7
15255,68,67,1,1
15256,98,92,6,6
15257,264,233,31,31
15258,105,90,15,15
15259,71,77,-6,6
15260,57,61,-4,4
15261,99,101,-2,2
15262,87,84,3,3
15263,109,105,4,4
15264,132,132,0,0
15265,66,78,-12,12
15266,99,113,-14,14
15267,70,80,-10,10
15268,111,109,2,2
15269,124,124,0,0
15270,53,60,-7,7
15271,113,105,8,8
15272,69,62,7,7
15273,69,87,-18,18
15274,80,81,-1,1
15275,87,95,-8,8
15276,117,113,4,4
15277,105,88,17,17
15278,64,57,7,7
15279,41,43,-2,2
15280,60,65,-5,5
15281,93,97,-4,4
15282,74,64,10,10
15283,100,100,0,0
15284,75,75,0,0
15285,117,107,10,10
15286,129,121,8,8
15287,145,152,-7,7
15288,102,99,3,3
15289,147,142,5,5
15290,55,59,-4,4
15291,91,91,0,0
15292,46,47,-1,1
15293,211,164,47,47
15294,125,128,-3,3
15295,76,77,-1,1
15296,84,98,-14,14
15297,104,110,-6,6
15298,62,67,-5,5
15299,77,75,2,2
15300,100,97,3,3
15301,83,88,-5,5
15302,90,87,3,3
15303,181,161,20,20
15304,132,139,-7,7
15305,88,84,4,4
15306,85,89,-4,4
15307,69,68,1,1
15308,59,57,2,2
15309,42,30,12,12
15310,138,127,11,11
15311,75,62,13,13
15312,116,132,-16,16
15313,76,80,-4,4
15314,85,88,-3,3
15315,60,67,-7,7
15316,101,112,-11,11
15317,117,131,-14,14
15318,73,81,-8,8
15319,65,78,-13,13
15320,136,134,2,2
15321,40,57,-17,17
15322,61,74,-13,13
15323,138,129,9,9
15324,55,64,-9,9
15325,87,84,3,3
15326,60,58,2,2
15327,42,45,-3,3
15328,184,185,-1,1
15329,136,141,-5,5
15330,46,63,-17,17
15331,157,125,32,32
15332,99,102,-3,3
15333,64,61,3,3
15334,95,98,-3,3
15335,138,135,3,3
15336,63,68,-5,5
15337,72,66,6,6
15338,52,53,-1,1
15339,90,71,19,19
15340,78,78,0,0
15341,97,98,-1,1
15342,118,120,-2,2
15343,89,89,0,0
15344,55,53,2,2
15345,109,103,6,6
15346,64,74,-10,10
15347,103,105,-2,2
15348,96,96,0,0
15349,101,102,-1,1
15350,130,127,3,3
15351,67,86,-19,19
15352,65,61,4,4
15353,80,78,2,2
15354,90,89,1,1
15355,86,85,1,1
15356,62,69,-7,7
15357,162,161,1,1
15358,107,108,-1,1
15359,42,34,8,8
15360,104,108,-4,4
15361,125,126,-1,1
15362,93,99,-6,6
15363,163,173,-10,10
15364,42,57,-15,15
15365,127,128,-1,1
15366,94,99,-5,5
15367,88,86,2,2
15368,147,139,8,8
15369,155,151,4,4
15370,107,112,-5,5
15371,65,64,1,1
15372,94,107,-13,13
15373,77,100,-23,23
15374,128,123,5,5
15375,70,72,-2,2
15376,51,59,-8,8
15377,101,106,-5,5
15378,108,92,16,16
15379,169,154,15,15
15380,56,56,0,0
15381,114,114,0,0
15382,129,134,-5,5
15383,98,96,2,2
15384,62,72,-10,10
15385,52,51,1,1
15386,125,108,17,17
15387,123,112,11,11
15388,107,106,1,1
15389,100,108,-8,8
15390,153,167,-14,14
15391,81,88,-7,7
15392,82,83,-1,1
15393,97,105,-8,8
15394,28,32,-4,4
15395,123,121,2,2
15396,66,81,-15,15
15397,91,93,-2,2
15398,95,96,-1,1
15399,66,75,-9,9
15400,105,109,-4,4
15401,64,66,-2,2
15402,106,100,6,6
15403,136,131,5,5
15404,87,84,3,3
15405,71,71,0,0
15406,116,120,-4,4
15407,88,89,-1,1
15408,53,65,-12,12
15409,126,110,16,16
15410,144,126,18,18
15411,74,75,-1,1
15412,63,70,-7,7
15413,72,70,2,2
15414,73,62,11,11
15415,76,86,-10,10
15416,88,85,3,3
15417,78,69,9,9
15418,103,98,5,5
15419,76,75,1,1
15420,41,88,-47,47
15421,231,227,4,4
15422,134,145,-11,11
15423,126,110,16,16
15424,138,123,15,15
15425,103,115,-12,12
15426,90,90,0,0
15427,73,68,5,5
15428,63,75,-12,12
15429,81,92,-11,11
15430,120,113,7,7
15431,92,88,4,4
15432,100,99,1,1
15433,51,60,-9,9
15434,116,113,3,3
15435,97,92,5,5
15436,87,60,27,27
15437,138,130,8,8
15438,52,59,-7,7
15439,36,41,-5,5
15440,167,171,-4,4
15441,80,83,-3,3
15442,117,117,0,0
15443,91,77,14,14
15444,163,155,8,8
15445,112,119,-7,7
15446,75,83,-8,8
15447,119,103,16,16
15448,61,70,-9,9
15449,71,66,5,5
15450,117,124,-7,7
15451,115,133,-18,18
15452,99,107,-8,8
15453,125,120,5,5
15454,100,105,-5,5
15455,153,125,28,28
15456,146,140,6,6
15457,157,139,18,18
15458,104,103,1,1
15459,130,127,3,3
15460,137,148,-11,11
15461,105,111,-6,6
15462,101,96,5,5
15463,110,121,-11,11
15464,97,88,9,9
15465,87,76,11,11
15466,107,109,-2,2
15467,87,90,-3,3
15468,90,73,17,17
15469,90,79,11,11
15470,118,118,0,0
15471,57,69,-12,12
15472,108,113,-5,5
15473,51,57,-6,6
15474,56,81,-25,25
15475,53,65,-12,12
15476,55,60,-5,5
15477,68,77,-9,9
15478,61,62,-1,1
15479,142,155,-13,13
15480,83,88,-5,5
15481,56,61,-5,5
15482,60,69,-9,9
15483,59,60,-1,1
15484,119,124,-5,5
15485,60,77,-17,17
15486,60,63,-3,3
15487,106,104,2,2
15488,78,77,1,1
15489,83,79,4,4
15490,63,67,-4,4
15491,147,135,12,12
15492,182,176,6,6
15493,129,119,10,10
15494,97,100,-3,3
15495,115,121,-6,6
15496,105,107,-2,2
15497,102,100,2,2
15498,127,133,-6,6
15499,157,152,5,5
15500,84,81,3,3
15501,152,147,5,5
15502,74,73,1,1
15503,79,79,0,0
15504,123,118,5,5
15505,135,144,-9,9
15506,82,82,0,0
15507,111,111,0,0
15508,62,90,-28,28
15509,59,69,-10,10
15510,77,90,-13,13
15511,63,72,-9,9
15512,81,90,-9,9
15513,56,61,-5,5
15514,69,81,-12,12
15515,65,70,-5,5
15516,82,77,5,5
15517,91,79,12,12
15518,190,155,35,35
15519,185,173,12,12
15520,131,128,3,3
15521,65,70,-5,5
15522,158,152,6,6
15523,144,160,-16,16
15524,73,88,-15,15
15525,80,109,-29,29
15526,152,142,10,10
15527,62,76,-14,14
15528,64,63,1,1
15529,65,62,3,3
15530,146,134,12,12
15531,124,119,5,5
15532,108,97,11,11
15533,131,119,12,12
15534,107,113,-6,6
15535,104,106,-2,2
15536,78,75,3,3
15537,115,127,-12,12
15538,159,146,13,13
15539,103,116,-13,13
15540,101,108,-7,7
15541,63,51,12,12
15542,160,149,11,11
15543,61,56,5,5
15544,60,51,9,9
15545,130,140,-10,10
15546,96,92,4,4
15547,84,81,3,3
15548,93,86,7,7
15549,110,114,-4,4
15550,66,58,8,8
15551,77,76,1,1
15552,103,108,-5,5
15553,78,79,-1,1
15554,147,138,9,9
15555,87,89,-2,2
15556,84,81,3,3
15557,83,81,2,2
15558,69,65,4,4
15559,180,186,-6,6
15560,140,138,2,2
15561,57,61,-4,4
15562,120,114,6,6
15563,62,66,-4,4
15564,79,75,4,4
15565,127,134,-7,7
15566,64,60,4,4
15567,81,77,4,4
15568,100,92,8,8
15569,118,111,7,7
15570,85,78,7,7
15571,77,87,-10,10
15572,104,96,8,8
15573,72,75,-3,3
15574,101,99,2,2
15575,95,102,-7,7
15576,98,92,6,6
15577,62,61,1,1
15578,98,91,7,7
15579,113,126,-13,13
15580,62,61,1,1
15581,52,63,-11,11
15582,112,103,9,9
15583,80,86,-6,6
15584,106,120,-14,14
15585,63,63,0,0
15586,49,70,-21,21
15587,72,66,6,6
15588,117,112,5,5
15589,116,104,12,12
15590,94,87,7,7
15591,95,93,2,2
15592,83,92,-9,9
15593,119,113,6,6
15594,106,101,5,5
15595,92,81,11,11
15596,70,73,-3,3
15597,133,125,8,8
15598,64,74,-10,10
15599,169,157,12,12
15600,93,92,1,1
15601,102,100,2,2
15602,87,72,15,15
15603,71,67,4,4
15604,62,69,-7,7
15605,59,56,3,3
15606,85,86,-1,1
15607,72,75,-3,3
15608,50,64,-14,14
15609,92,96,-4,4
15610,127,124,3,3
15611,57,60,-3,3
15612,107,104,3,3
15613,65,62,3,3
15614,82,79,3,3
15615,81,94,-13,13
15616,98,97,1,1
15617,82,77,5,5
15618,110,134,-24,24
15619,166,150,16,16
15620,107,113,-6,6
15621,50,55,-5,5
15622,148,131,17,17
15623,70,58,12,12
15624,100,91,9,9
15625,108,97,11,11
15626,113,118,-5,5
15627,53,60,-7,7
15628,126,119,7,7
15629,72,73,-1,1
15630,197,173,24,24
15631,47,48,-1,1
15632,89,78,11,11
15633,143,127,16,16
15634,119,120,-1,1
15635,76,78,-2,2
15636,73,84,-11,11
15637,68,77,-9,9
15638,111,106,5,5
15639,121,111,10,10
15640,92,103,-11,11
15641,113,110,3,3
15642,98,94,4,4
15643,152,158,-6,6
15644,80,77,3,3
15645,82,85,-3,3
15646,128,125,3,3
15647,49,55,-6,6
15648,128,121,7,7
15649,63,66,-3,3
15650,52,55,-3,3
15651,89,93,-4,4
15652,68,63,5,5
15653,109,101,8,8
15654,83,95,-12,12
15655,97,103,-6,6
15656,73,81,-8,8
15657,75,71,4,4
15658,127,125,2,2
15659,52,66,-14,14
15660,69,61,8,8
15661,152,149,3,3
15662,87,96,-9,9
15663,130,120,10,10
15664,72,86,-14,14
15665,114,121,-7,7
15666,75,68,7,7
15667,136,122,14,14
15668,77,73,4,4
15669,88,86,2,2
15670,64,72,-8,8
15671,90,79,11,11
15672,174,174,0,0
15673,57,67,-10,10
15674,56,62,-6,6
15675,78,77,1,1
15676,81,80,1,1
15677,67,70,-3,3
15678,123,117,6,6
15679,146,151,-5,5
15680,123,120,3,3
15681,98,104,-6,6
15682,61,71,-10,10
15683,109,109,0,0
15684,76,80,-4,4
15685,121,123,-2,2
15686,81,81,0,0
15687,38,58,-20,20
15688,70,65,5,5
15689,83,92,-9,9
15690,100,103,-3,3
15691,79,91,-12,12
15692,98,106,-8,8
15693,79,78,1,1
15694,196,182,14,14
15695,137,133,4,4
15696,67,70,-3,3
15697,87,85,2,2
15698,79,79,0,0
15699,84,77,7,7
15700,104,121,-17,17
15701,105,118,-13,13
15702,113,101,12,12
15703,54,51,3,3
15704,77,80,-3,3
15705,124,126,-2,2
15706,103,101,2,2
15707,175,154,21,21
15708,67,64,3,3
15709,86,89,-3,3
15710,65,65,0,0
15711,74,81,-7,7
15712,85,48,37,37
15713,77,68,9,9
15714,94,94,0,0
15715,163,139,24,24
15716,107,105,2,2
15717,126,124,2,2
15718,97,94,3,3
15719,80,83,-3,3
15720,150,158,-8,8
15721,67,76,-9,9
15722,120,106,14,14
15723,86,94,-8,8
15724,80,79,1,1
15725,79,81,-2,2
15726,98,103,-5,5
15727,100,108,-8,8
15728,105,98,7,7
15729,140,153,-13,13
15730,110,106,4,4
15731,101,94,7,7
15732,50,50,0,0
15733,132,130,2,2
15734,160,154,6,6
15735,119,109,10,10
15736,94,91,3,3
15737,83,82,1,1
15738,92,89,3,3
15739,76,61,15,15
15740,103,109,-6,6
15741,93,97,-4,4
15742,67,68,-1,1
15743,104,126,-22,22
15744,123,117,6,6
15745,90,77,13,13
15746,75,86,-11,11
15747,120,108,12,12
15748,66,61,5,5
15749,106,107,-1,1
15750,120,116,4,4
15751,98,89,9,9
15752,105,107,-2,2
15753,97,97,0,0
15754,101,93,8,8
15755,80,81,-1,1
15756,87,85,2,2
15757,68,69,-1,1
15758,160,140,20,20
15759,77,68,9,9
15760,65,83,-18,18
15761,90,88,2,2
15762,34,37,-3,3
15763,90,94,-4,4
15764,83,79,4,4
15765,47,52,-5,5
15766,47,65,-18,18
15767,106,107,-1,1
15768,63,66,-3,3
15769,96,89,7,7
15770,108,119,-11,11
15771,85,79,6,6
15772,157,145,12,12
15773,90,68,22,22
15774,116,115,1,1
15775,132,136,-4,4
15776,123,119,4,4
15777,118,117,1,1
15778,45,52,-7,7
15779,60,68,-8,8
15780,179,163,16,16
15781,111,105,6,6
15782,118,119,-1,1
15783,87,97,-10,10
15784,51,60,-9,9
15785,37,46,-9,9
15786,91,83,8,8
15787,69,77,-8,8
15788,130,109,21,21
15789,102,101,1,1
15790,93,101,-8,8
15791,129,112,17,17
15792,54,52,2,2
15793,70,70,0,0
15794,125,119,6,6
15795,59,68,-9,9
15796,46,57,-11,11
15797,64,63,1,1
15798,113,98,15,15
15799,110,97,13,13
15800,46,58,-12,12
15801,134,144,-10,10
15802,71,84,-13,13
15803,143,148,-5,5
15804,63,68,-5,5
15805,120,129,-9,9
15806,86,79,7,7
15807,74,85,-11,11
15808,118,120,-2,2
15809,61,78,-17,17
15810,65,63,2,2
15811,136,126,10,10
15812,85,93,-8,8
15813,105,92,13,13
15814,146,137,9,9
15815,98,95,3,3
15816,30,53,-23,23
15817,76,74,2,2
15818,148,150,-2,2
15819,126,163,-37,37
15820,121,115,6,6
15821,173,146,27,27
15822,68,79,-11,11
15823,100,99,1,1
15824,109,104,5,5
15825,73,80,-7,7
15826,97,93,4,4
15827,92,95,-3,3
15828,97,93,4,4
15829,88,97,-9,9
15830,159,140,19,19
15831,104,93,11,11
15832,65,67,-2,2
15833,84,82,2,2
15834,82,79,3,3
15835,100,109,-9,9
15836,105,101,4,4
15837,70,81,-11,11
15838,77,72,5,5
15839,111,102,9,9
15840,96,96,0,0
15841,98,105,-7,7
15842,89,87,2,2
15843,62,61,1,1
15844,144,133,11,11
15845,134,127,7,7
15846,96,95,1,1
15847,64,68,-4,4
15848,74,70,4,4
15849,113,110,3,3
15850,125,135,-10,10
15851,122,110,12,12
15852,66,79,-13,13
15853,46,47,-1,1
15854,115,111,4,4
15855,59,65,-6,6
15856,76,75,1,1
15857,97,92,5,5
15858,125,128,-3,3
15859,138,110,28,28
15860,24,41,-17,17
15861,34,59,-25,25
15862,77,74,3,3
15863,112,114,-2,2
15864,123,115,8,8
15865,88,90,-2,2
15866,130,121,9,9
15867,108,113,-5,5
15868,52,47,5,5
15869,112,118,-6,6
15870,41,44,-3,3
15871,68,87,-19,19
15872,111,102,9,9
15873,97,99,-2,2
15874,73,75,-2,2
15875,75,77,-2,2
15876,79,96,-17,17
15877,62,76,-14,14
15878,75,85,-10,10
15879,128,129,-1,1
15880,113,119,-6,6
15881,49,53,-4,4
15882,65,62,3,3
15883,64,73,-9,9
15884,97,113,-16,16
15885,117,107,10,10
15886,62,65,-3,3
15887,75,87,-12,12
15888,80,83,-3,3
15889,63,69,-6,6
15890,50,58,-8,8
15891,112,111,1,1
15892,129,121,8,8
15893,78,79,-1,1
15894,102,98,4,4
15895,101,90,11,11
15896,67,73,-6,6
15897,49,54,-5,5
15898,184,159,25,25
15899,81,83,-2,2
15900,70,64,6,6
15901,95,85,10,10
15902,111,105,6,6
15903,141,125,16,16
15904,105,110,-5,5
15905,54,59,-5,5
15906,78,76,2,2
15907,155,143,12,12
15908,134,123,11,11
15909,88,79,9,9
15910,66,77,-11,11
15911,64,69,-5,5
15912,60,77,-17,17
15913,94,108,-14,14
15914,103,90,13,13
15915,146,149,-3,3
15916,74,81,-7,7
15917,73,82,-9,9
15918,62,71,-9,9
15919,103,102,1,1
15920,126,122,4,4
15921,96,88,8,8
15922,160,143,17,17
15923,118,110,8,8
15924,128,113,15,15
15925,191,178,13,13
15926,123,111,12,12
15927,107,108,-1,1
15928,55,64,-9,9
15929,47,44,3,3
15930,55,59,-4,4
15931,58,65,-7,7
15932,107,113,-6,6
15933,76,74,2,2
15934,96,86,10,10
15935,57,66,-9,9
15936,110,111,-1,1
15937,79,71,8,8
15938,65,78,-13,13
15939,123,109,14,14
15940,61,52,9,9
15941,65,72,-7,7
15942,113,103,10,10
15943,49,47,2,2
15944,82,86,-4,4
15945,98,102,-4,4
15946,75,88,-13,13
15947,112,123,-11,11
15948,113,102,11,11
15949,94,93,1,1
15950,58,46,12,12
15951,64,61,3,3
15952,105,106,-1,1
15953,101,100,1,1
15954,68,77,-9,9
15955,101,94,7,7
15956,52,53,-1,1
15957,70,61,9,9
15958,97,130,-33,33
15959,117,104,13,13
15960,68,74,-6,6
15961,127,116,11,11
15962,69,80,-11,11
15963,90,96,-6,6
15964,40,46,-6,6
15965,114,102,12,12
15966,98,98,0,0
15967,66,66,0,0
15968,67,85,-18,18
15969,190,187,3,3
15970,104,106,-2,2
15971,74,87,-13,13
15972,69,62,7,7
15973,86,89,-3,3
15974,102,96,6,6
15975,122,113,9,9
15976,142,129,13,13
15977,103,90,13,13
15978,164,145,19,19
15979,110,124,-14,14
15980,64,69,-5,5
15981,74,71,3,3
15982,61,63,-2,2
15983,63,68,-5,5
15984,100,86,14,14
15985,107,102,5,5
15986,102,89,13,13
15987,31,55,-24,24
15988,147,137,10,10
15989,60,60,0,0
15990,86,92,-6,6
15991,114,122,-8,8
15992,103,125,-22,22
15993,75,75,0,0
15994,95,105,-10,10
15995,87,88,-1,1
15996,99,90,9,9
15997,114,115,-1,1
15998,76,82,-6,6
15999,120,120,0,0
16000,90,80,10,10
16001,64,61,3,3
16002,113,116,-3,3
16003,66,66,0,0
16004,123,105,18,18
16005,132,117,15,15
16006,124,104,20,20
16007,56,65,-9,9
16008,125,128,-3,3
16009,101,98,3,3
16010,89,100,-11,11
16011,57,66,-9,9
16012,98,91,7,7
16013,101,103,-2,2
16014,82,86,-4,4
16015,128,134,-6,6
16016,56,65,-9,9
16017,162,162,0,0
16018,84,94,-10,10
16019,79,67,12,12
16020,53,62,-9,9
16021,55,60,-5,5
16022,62,61,1,1
16023,73,78,-5,5
16024,42,56,-14,14
16025,127,142,-15,15
16026,52,63,-11,11
16027,121,132,-11,11
16028,75,83,-8,8
16029,89,83,6,6
16030,64,69,-5,5
16031,36,34,2,2
16032,89,96,-7,7
16033,72,68,4,4
16034,148,143,5,5
16035,106,114,-8,8
16036,158,165,-7,7
16037,131,127,4,4
16038,130,128,2,2
16039,77,76,1,1
16040,136,129,7,7
16041,102,107,-5,5
16042,86,89,-3,3
16043,89,79,10,10
16044,101,90,11,11
16045,99,102,-3,3
16046,100,90,10,10
16047,69,74,-5,5
16048,92,70,22,22
16049,69,76,-7,7
16050,128,122,6,6
16051,151,134,17,17
16052,39,36,3,3
16053,44,53,-9,9
16054,74,97,-23,23
16055,82,77,5,5
16056,140,133,7,7
16057,120,105,15,15
16058,79,67,12,12
16059,89,95,-6,6
16060,158,192,-34,34
16061,105,128,-23,23
16062,113,113,0,0
16063,58,59,-1,1
16064,95,95,0,0
16065,82,88,-6,6
16066,140,134,6,6
16067,66,76,-10,10
16068,94,91,3,3
16069,116,127,-11,11
16070,70,77,-7,7
16071,90,91,-1,1
16072,73,80,-7,7
16073,62,97,-35,35
16074,55,56,-1,1
16075,87,98,-11,11
16076,97,97,0,0
16077,75,84,-9,9
16078,113,114,-1,1
16079,148,128,20,20
16080,144,160,-16,16
16081,64,60,4,4
16082,117,109,8,8
16083,89,87,2,2
16084,106,103,3,3
16085,130,122,8,8
16086,91,96,-5,5
16087,52,53,-1,1
16088,54,68,-14,14
16089,117,109,8,8
16090,127,142,-15,15
16091,104,94,10,10
16092,122,115,7,7
16093,67,68,-1,1
16094,73,78,-5,5
16095,84,80,4,4
16096,63,56,7,7
16097,199,199,0,0
16098,138,147,-9,9
16099,85,75,10,10
16100,112,112,0,0
16101,100,100,0,0
16102,184,199,-15,15
16103,90,91,-1,1
16104,55,54,1,1
16105,142,129,13,13
16106,124,129,-5,5
16107,83,93,-10,10
16108,79,88,-9,9
16109,52,80,-28,28
16110,92,97,-5,5
16111,71,74,-3,3
16112,47,52,-5,5
16113,83,85,-2,2
16114,68,75,-7,7
16115,65,67,-2,2
16116,99,107,-8,8
16117,114,123,-9,9
16118,98,105,-7,7
16119,84,103,-19,19
16120,181,161,20,20
16121,51,49,2,2
16122,95,86,9,9
16123,77,78,-1,1
16124,70,74,-4,4
16125,103,92,11,11
16126,106,101,5,5
16127,70,73,-3,3
16128,92,86,6,6
16129,104,102,2,2
16130,49,53,-4,4
16131,62,71,-9,9
16132,52,48,4,4
16133,88,85,3,3
16134,84,78,6,6
16135,80,92,-12,12
16136,55,60,-5,5
16137,84,79,5,5
16138,158,145,13,13
16139,76,75,1,1
16140,58,66,-8,8
16141,94,80,14,14
16142,44,46,-2,2
16143,96,95,1,1
16144,134,132,2,2
16145,124,121,3,3
16146,137,137,0,0
16147,139,136,3,3
16148,40,32,8,8
16149,64,69,-5,5
16150,100,100,0,0
16151,90,86,4,4
16152,88,83,5,5
16153,80,79,1,1
16154,67,71,-4,4
16155,96,88,8,8
16156,74,68,6,6
16157,80,70,10,10
16158,54,61,-7,7
16159,133,130,3,3
16160,71,71,0,0
16161,151,137,14,14
16162,150,149,1,1
16163,107,110,-3,3
16164,104,104,0,0
16165,96,100,-4,4
16166,164,187,-23,23
16167,61,70,-9,9
16168,95,96,-1,1
16169,120,118,2,2
16170,107,107,0,0
16171,116,106,10,10
16172,89,90,-1,1
16173,42,51,-9,9
16174,74,69,5,5
16175,100,112,-12,12
16176,66,63,3,3
16177,105,112,-7,7
16178,108,92,16,16
16179,144,139,5,5
16180,118,126,-8,8
16181,82,81,1,1
16182,164,150,14,14
16183,125,131,-6,6
16184,68,70,-2,2
16185,102,99,3,3
16186,109,121,-12,12
16187,111,98,13,13
16188,115,108,7,7
16189,58,60,-2,2
16190,109,99,10,10
16191,90,92,-2,2
16192,99,104,-5,5
16193,124,127,-3,3
16194,147,114,33,33
16195,67,74,-7,7
16196,89,97,-8,8
16197,77,76,1,1
16198,106,125,-19,19
16199,78,85,-7,7
16200,58,60,-2,2
16201,119,118,1,1
16202,74,77,-3,3
16203,80,87,-7,7
16204,143,131,12,12
16205,160,149,11,11
16206,117,115,2,2
16207,79,70,9,9
16208,103,113,-10,10
16209,88,63,25,25
16210,74,77,-3,3
16211,96,101,-5,5
16212,94,125,-31,31
16213,66,62,4,4
16214,43,51,-8,8
16215,137,137,0,0
16216,89,87,2,2
16217,95,100,-5,5
16218,172,185,-13,13
16219,37,41,-4,4
16220,75,70,5,5
16221,112,107,5,5
16222,98,97,1,1
16223,137,140,-3,3
16224,122,110,12,12
16225,55,62,-7,7
16226,65,65,0,0
16227,105,115,-10,10
16228,67,70,-3,3
16229,115,102,13,13
16230,35,57,-22,22
16231,95,94,1,1
16232,62,57,5,5
16233,60,65,-5,5
16234,142,129,13,13
16235,74,88,-14,14
16236,100,91,9,9
16237,179,130,49,49
16238,173,150,23,23
16239,161,155,6,6
16240,76,79,-3,3
16241,79,91,-12,12
16242,116,110,6,6
16243,58,66,-8,8
16244,83,79,4,4
16245,48,54,-6,6
16246,74,59,15,15
16247,57,62,-5,5
16248,84,86,-2,2
16249,114,109,5,5
16250,72,62,10,10
16251,96,101,-5,5
16252,113,146,-33,33
16253,105,99,6,6
16254,149,133,16,16
16255,62,65,-3,3
16256,72,71,1,1
16257,77,81,-4,4
16258,152,151,1,1
16259,94,87,7,7
16260,115,111,4,4
16261,56,57,-1,1
16262,65,66,-1,1
16263,111,108,3,3
16264,73,78,-5,5
16265,75,72,3,3
16266,90,103,-13,13
16267,121,132,-11,11
16268,111,108,3,3
16269,179,168,11,11
16270,136,136,0,0
16271,111,112,-1,1
16272,35,71,-36,36
16273,90,86,4,4
16274,58,59,-1,1
16275,172,150,22,22
16276,77,83,-6,6
16277,81,76,5,5
16278,31,66,-35,35
16279,87,94,-7,7
16280,63,79,-16,16
16281,114,105,9,9
16282,96,104,-8,8
16283,83,80,3,3
16284,117,117,0,0
16285,121,103,18,18
16286,89,85,4,4
16287,106,103,3,3
16288,108,105,3,3
16289,121,112,9,9
16290,160,149,11,11
16291,110,108,2,2
16292,87,74,13,13
16293,107,108,-1,1
16294,117,114,3,3
16295,74,81,-7,7
16296,96,91,5,5
16297,133,119,14,14
16298,81,85,-4,4
16299,81,102,-21,21
16300,76,77,-1,1
16301,57,69,-12,12
16302,131,131,0,0
16303,91,79,12,12
16304,39,38,1,1
16305,119,117,2,2
16306,138,128,10,10
16307,105,110,-5,5
16308,77,80,-3,3
16309,132,135,-3,3
16310,58,62,-4,4
16311,42,52,-10,10
16312,67,71,-4,4
16313,54,58,-4,4
16314,74,74,0,0
16315,95,95,0,0
16316,73,73,0,0
16317,75,118,-43,43
16318,58,71,-13,13
16319,112,101,11,11
16320,114,103,11,11
16321,118,122,-4,4
16322,63,67,-4,4
16323,59,72,-13,13
16324,56,74,-18,18
16325,66,62,4,4
16326,64,65,-1,1
16327,100,95,5,5
16328,97,98,-1,1
16329,155,146,9,9
16330,93,76,17,17
16331,123,122,1,1
16332,89,87,2,2
16333,76,80,-4,4
16334,178,178,0,0
16335,67,67,0,0
16336,112,106,6,6
16337,105,110,-5,5
16338,95,87,8,8
16339,81,92,-11,11
16340,67,72,-5,5
16341,79,75,4,4
16342,117,116,1,1
16343,72,66,6,6
16344,103,103,0,0
16345,109,112,-3,3
16346,59,68,-9,9
16347,101,94,7,7
16348,112,114,-2,2
16349,158,140,18,18
16350,119,117,2,2
16351,92,86,6,6
16352,38,47,-9,9
16353,66,70,-4,4
16354,69,92,-23,23
16355,51,63,-12,12
16356,200,176,24,24
16357,93,90,3,3
16358,97,93,4,4
16359,171,143,28,28
16360,65,85,-20,20
16361,102,102,0,0
16362,72,70,2,2
16363,55,63,-8,8
16364,118,103,15,15
16365,86,82,4,4
16366,135,116,19,19
16367,78,78,0,0
16368,115,115,0,0
16369,140,146,-6,6
16370,61,66,-5,5
16371,48,57,-9,9
16372,78,74,4,4
16373,195,197,-2,2
16374,48,58,-10,10
16375,71,62,9,9
16376,126,122,4,4
16377,207,188,19,19
16378,111,96,15,15
16379,75,91,-16,16
16380,106,100,6,6
16381,84,83,1,1
16382,140,137,3,3
16383,77,99,-22,22
16384,88,91,-3,3
16385,63,60,3,3
16386,146,132,14,14
16387,43,58,-15,15
16388,87,84,3,3
16389,63,64,-1,1
16390,92,103,-11,11
16391,64,66,-2,2
16392,107,93,14,14
16393,114,110,4,4
16394,76,72,4,4
16395,108,123,-15,15
16396,61,71,-10,10
16397,157,150,7,7
16398,161,138,23,23
16399,81,80,1,1
16400,42,55,-13,13
16401,120,94,26,26
16402,118,101,17,17
16403,99,98,1,1
16404,78,80,-2,2
16405,39,42,-3,3
16406,62,69,-7,7
16407,93,79,14,14
16408,51,65,-14,14
16409,63,86,-23,23
16410,131,138,-7,7
16411,117,106,11,11
16412,96,94,2,2
16413,158,151,7,7
16414,88,91,-3,3
16415,77,90,-13,13
16416,84,86,-2,2
16417,123,118,5,5
16418,84,77,7,7
16419,122,120,2,2
16420,88,83,5,5
16421,73,66,7,7
16422,198,176,22,22
16423,87,74,13,13
16424,76,87,-11,11
16425,85,91,-6,6
16426,86,106,-20,20
16427,161,166,-5,5
16428,132,104,28,28
16429,65,65,0,0
16430,65,67,-2,2
16431,155,136,19,19
16432,94,94,0,0
16433,91,82,9,9
16434,94,103,-9,9
16435,132,131,1,1
16436,74,86,-12,12
16437,134,124,10,10
16438,186,191,-5,5
16439,117,113,4,4
16440,128,128,0,0
16441,49,57,-8,8
16442,52,52,0,0
16443,54,48,6,6
16444,49,60,-11,11
16445,61,68,-7,7
16446,87,83,4,4
16447,121,127,-6,6
16448,110,108,2,2
16449,29,36,-7,7
16450,75,68,7,7
16451,119,123,-4,4
16452,100,95,5,5
16453,73,89,-16,16
16454,71,78,-7,7
16455,61,78,-17,17
16456,91,108,-17,17
16457,68,87,-19,19
16458,79,80,-1,1
16459,141,148,-7,7
16460,89,87,2,2
16461,132,133,-1,1
16462,110,103,7,7
16463,70,70,0,0
16464,49,55,-6,6
16465,99,102,-3,3
16466,60,56,4,4
16467,94,94,0,0
16468,89,90,-1,1
16469,149,140,9,9
16470,78,75,3,3
16471,133,142,-9,9
16472,134,142,-8,8
16473,65,73,-8,8
16474,117,114,3,3
16475,96,91,5,5
16476,130,114,16,16
16477,138,132,6,6
16478,85,96,-11,11
16479,128,123,5,5
16480,84,91,-7,7
16481,127,115,12,12
16482,67,68,-1,1
16483,149,140,9,9
16484,77,49,28,28
16485,91,90,1,1
16486,137,130,7,7
16487,142,130,12,12
16488,68,72,-4,4
16489,129,133,-4,4
16490,120,118,2,2
16491,38,57,-19,19
16492,109,107,2,2
16493,101,84,17,17
16494,66,91,-25,25
16495,61,61,0,0
16496,107,113,-6,6
16497,112,103,9,9
16498,114,131,-17,17
16499,96,97,-1,1
16500,136,132,4,4
16501,60,61,-1,1
16502,108,100,8,8
16503,109,102,7,7
16504,98,88,10,10
16505,53,60,-7,7
16506,68,61,7,7
16507,114,108,6,6
16508,181,185,-4,4
16509,121,120,1,1
16510,67,73,-6,6
16511,78,68,10,10
16512,74,78,-4,4
16513,47,55,-8,8
16514,113,122,-9,9
16515,41,70,-29,29
16516,57,58,-1,1
16517,68,58,10,10
16518,88,93,-5,5
16519,76,81,-5,5
16520,96,93,3,3
16521,45,44,1,1
16522,119,114,5,5
16523,104,107,-3,3
16524,111,105,6,6
16525,62,59,3,3
16526,94,102,-8,8
16527,86,80,6,6
16528,78,92,-14,14
16529,132,127,5,5
16530,105,106,-1,1
16531,141,123,18,18
16532,59,60,-1,1
16533,205,170,35,35
16534,91,93,-2,2
16535,87,111,-24,24
16536,87,98,-11,11
16537,102,88,14,14
16538,94,87,7,7
16539,77,77,0,0
16540,61,55,6,6
16541,152,136,16,16
16542,85,85,0,0
16543,120,113,7,7
16544,83,89,-6,6
16545,135,131,4,4
16546,52,47,5,5
16547,79,76,3,3
16548,50,64,-14,14
16549,152,138,14,14
16550,80,68,12,12
16551,83,84,-1,1
16552,163,160,3,3
16553,75,87,-12,12
16554,72,77,-5,5
16555,93,94,-1,1
16556,118,162,-44,44
16557,84,87,-3,3
16558,72,77,-5,5
16559,75,77,-2,2
16560,79,81,-2,2
16561,84,81,3,3
16562,88,87,1,1
16563,99,94,5,5
16564,59,61,-2,2
16565,112,105,7,7
16566,128,108,20,20
16567,115,129,-14,14
16568,101,121,-20,20
16569,60,57,3,3
16570,80,79,1,1
16571,134,133,1,1
16572,72,76,-4,4
16573,160,146,14,14
16574,123,120,3,3
16575,111,100,11,11
16576,61,71,-10,10
16577,68,72,-4,4
16578,131,133,-2,2
16579,135,124,11,11
16580,217,235,-18,18
16581,56,50,6,6
16582,86,90,-4,4
16583,104,106,-2,2
16584,87,98,-11,11
16585,76,75,1,1
16586,137,131,6,6
16587,86,87,-1,1
16588,53,54,-1,1
16589,82,85,-3,3
16590,52,52,0,0
16591,85,90,-5,5
16592,110,115,-5,5
16593,58,63,-5,5
16594,103,118,-15,15
16595,40,45,-5,5
16596,70,59,11,11
16597,50,53,-3,3
16598,69,70,-1,1
16599,108,113,-5,5
16600,82,79,3,3
16601,138,128,10,10
16602,103,98,5,5
16603,119,108,11,11
16604,111,96,15,15
16605,154,147,7,7
16606,131,128,3,3
16607,67,71,-4,4
16608,76,83,-7,7
16609,104,108,-4,4
16610,134,121,13,13
16611,41,54,-13,13
16612,54,56,-2,2
16613,116,113,3,3
16614,58,62,-4,4
16615,74,85,-11,11
16616,101,106,-5,5
16617,62,57,5,5
16618,141,136,5,5
16619,93,93,0,0
16620,98,104,-6,6
16621,88,95,-7,7
16622,33,35,-2,2
16623,115,140,-25,25
16624,86,82,4,4
16625,156,148,8,8
16626,66,65,1,1
16627,93,82,11,11
16628,61,62,-1,1
16629,128,113,15,15
16630,161,159,2,2
16631,51,62,-11,11
16632,59,61,-2,2
16633,97,94,3,3
16634,157,138,19,19
16635,91,95,-4,4
16636,67,77,-10,10
16637,90,93,-3,3
16638,82,84,-2,2
16639,104,95,9,9
16640,96,95,1,1
16641,122,124,-2,2
16642,86,84,2,2
16643,126,138,-12,12
16644,87,82,5,5
16645,77,84,-7,7
16646,117,109,8,8
16647,144,136,8,8
16648,86,76,10,10
16649,61,60,1,1
16650,79,103,-24,24
16651,96,86,10,10
16652,89,93,-4,4
16653,89,95,-6,6
16654,110,100,10,10
16655,87,88,-1,1
16656,39,53,-14,14
16657,98,98,0,0
16658,151,147,4,4
16659,89,93,-4,4
16660,67,70,-3,3
16661,71,70,1,1
16662,119,110,9,9
16663,86,86,0,0
16664,147,136,11,11
16665,51,46,5,5
16666,83,92,-9,9
16667,83,77,6,6
16668,54,58,-4,4
16669,138,124,14,14
16670,64,72,-8,8
16671,80,85,-5,5
16672,58,58,0,0
16673,92,90,2,2
16674,56,70,-14,14
16675,114,125,-11,11
16676,58,60,-2,2
16677,51,50,1,1
16678,111,109,2,2
16679,66,77,-11,11
16680,64,62,2,2
16681,99,107,-8,8
16682,73,66,7,7
16683,110,93,17,17
16684,99,112,-13,13
16685,92,87,5,5
16686,57,58,-1,1
16687,138,130,8,8
16688,156,149,7,7
16689,113,109,4,4
16690,37,50,-13,13
16691,119,116,3,3
16692,109,116,-7,7
16693,137,134,3,3
16694,187,142,45,45
16695,77,86,-9,9
16696,78,77,1,1
16697,89,87,2,2
16698,144,148,-4,4
16699,111,109,2,2
16700,46,59,-13,13
16701,119,120,-1,1
16702,89,75,14,14
16703,85,60,25,25
16704,155,138,17,17
16705,164,162,2,2
16706,176,162,14,14
16707,61,73,-12,12
16708,143,145,-2,2
16709,66,59,7,7
16710,138,126,12,12
16711,107,103,4,4
16712,80,82,-2,2
16713,95,89,6,6
16714,94,104,-10,10
16715,90,89,1,1
16716,65,66,-1,1
16717,75,62,13,13
16718,54,58,-4,4
16719,84,83,1,1
16720,129,123,6,6
16721,142,115,27,27
16722,96,102,-6,6
16723,112,114,-2,2
16724,93,81,12,12
16725,57,63,-6,6
16726,36,52,-16,16
16727,46,63,-17,17
16728,94,97,-3,3
16729,57,57,0,0
16730,106,111,-5,5
16731,130,126,4,4
16732,62,64,-2,2
16733,89,87,2,2
16734,137,126,11,11
16735,107,104,3,3
16736,58,56,2,2
16737,73,67,6,6
16738,86,91,-5,5
16739,103,104,-1,1
16740,121,115,6,6
16741,66,60,6,6
16742,87,91,-4,4
16743,59,51,8,8
16744,109,107,2,2
16745,79,88,-9,9
16746,68,77,-9,9
16747,66,74,-8,8
16748,72,65,7,7
16749,100,103,-3,3
16750,102,97,5,5
16751,55,58,-3,3
16752,98,101,-3,3
16753,107,121,-14,14
16754,77,59,18,18
16755,76,90,-14,14
16756,65,60,5,5
16757,134,119,15,15
16758,39,54,-15,15
16759,123,117,6,6
16760,64,58,6,6
16761,105,99,6,6
16762,66,66,0,0
16763,203,193,10,10
16764,144,120,24,24
16765,75,84,-9,9
16766,106,97,9,9
16767,104,101,3,3
16768,73,83,-10,10
16769,83,62,21,21
16770,81,96,-15,15
16771,83,85,-2,2
16772,100,108,-8,8
16773,103,98,5,5
16774,76,81,-5,5
16775,66,60,6,6
16776,72,81,-9,9
16777,87,95,-8,8
16778,81,105,-24,24
16779,109,111,-2,2
16780,103,85,18,18
16781,112,123,-11,11
16782,170,168,2,2
16783,89,94,-5,5
16784,73,78,-5,5
16785,59,60,-1,1
16786,135,133,2,2
16787,61,65,-4,4
16788,78,78,0,0
16789,125,113,12,12
16790,64,81,-17,17
16791,54,62,-8,8
16792,119,120,-1,1
16793,92,95,-3,3
16794,117,95,22,22
16795,88,78,10,10
16796,99,92,7,7
16797,48,51,-3,3
16798,123,125,-2,2
16799,113,115,-2,2
16800,98,102,-4,4
16801,66,62,4,4
16802,82,71,11,11
16803,38,41,-3,3
16804,86,94,-8,8
16805,135,148,-13,13
16806,140,132,8,8
16807,73,70,3,3
16808,95,90,5,5
16809,40,55,-15,15
16810,67,89,-22,22
16811,160,152,8,8
16812,121,114,7,7
16813,104,82,22,22
16814,98,97,1,1
16815,125,121,4,4
16816,119,110,9,9
16817,109,110,-1,1
16818,73,71,2,2
16819,212,176,36,36
16820,81,76,5,5
16821,104,95,9,9
16822,44,57,-13,13
16823,82,72,10,10
16824,181,174,7,7
16825,50,48,2,2
16826,90,106,-16,16
16827,87,83,4,4
16828,76,93,-17,17
16829,211,194,17,17
16830,104,100,4,4
16831,114,111,3,3
16832,143,139,4,4
16833,142,138,4,4
16834,153,157,-4,4
16835,60,66,-6,6
16836,60,69,-9,9
16837,111,94,17,17
16838,143,140,3,3
16839,76,78,-2,2
16840,73,74,-1,1
16841,76,67,9,9
16842,75,69,6,6
16843,58,61,-3,3
16844,57,51,6,6
16845,112,105,7,7
16846,151,130,21,21
16847,51,38,13,13
16848,64,72,-8,8
16849,80,80,0,0
16850,89,78,11,11
16851,155,140,15,15
16852,97,103,-6,6
16853,82,87,-5,5
16854,122,117,5,5
16855,110,113,-3,3
16856,91,86,5,5
16857,27,67,-40,40
16858,55,59,-4,4
16859,107,100,7,7
16860,61,69,-8,8
16861,67,79,-12,12
16862,111,115,-4,4
16863,95,91,4,4
16864,129,129,0,0
16865,165,179,-14,14
16866,139,132,7,7
16867,97,120,-23,23
16868,88,89,-1,1
16869,64,79,-15,15
16870,83,74,9,9
16871,118,115,3,3
16872,81,83,-2,2
16873,78,78,0,0
16874,164,158,6,6
16875,60,50,10,10
16876,23,31,-8,8
16877,60,66,-6,6
16878,58,67,-9,9
16879,102,105,-3,3
16880,100,96,4,4
16881,103,106,-3,3
16882,98,86,12,12
16883,136,146,-10,10
16884,110,109,1,1
16885,95,87,8,8
16886,113,103,10,10
16887,143,159,-16,16
16888,141,128,13,13
16889,117,102,15,15
16890,63,68,-5,5
16891,83,70,13,13
16892,52,66,-14,14
16893,95,109,-14,14
16894,85,88,-3,3
16895,75,84,-9,9
16896,137,136,1,1
16897,81,85,-4,4
16898,55,55,0,0
16899,128,106,22,22
16900,135,124,11,11
16901,107,93,14,14
16902,68,71,-3,3
16903,95,100,-5,5
16904,131,120,11,11
16905,106,102,4,4
16906,84,95,-11,11
16907,120,116,4,4
16908,69,77,-8,8
16909,93,105,-12,12
16910,100,108,-8,8
16911,152,147,5,5
16912,139,141,-2,2
16913,109,106,3,3
16914,122,118,4,4
16915,70,67,3,3
16916,89,84,5,5
16917,81,73,8,8
16918,59,59,0,0
16919,74,72,2,2
16920,121,103,18,18
16921,88,82,6,6
16922,72,95,-23,23
16923,107,102,5,5
16924,47,54,-7,7
16925,105,105,0,0
16926,61,74,-13,13
16927,116,107,9,9
16928,110,105,5,5
16929,63,65,-2,2
16930,121,113,8,8
16931,52,62,-10,10
16932,92,77,15,15
16933,102,123,-21,21
16934,86,85,1,1
16935,171,187,-16,16
16936,97,97,0,0
16937,105,93,12,12
16938,127,150,-23,23
16939,84,90,-6,6
16940,99,92,7,7
16941,65,68,-3,3
16942,86,72,14,14
16943,107,113,-6,6
16944,84,79,5,5
16945,136,125,11,11
16946,82,77,5,5
16947,52,56,-4,4
16948,103,118,-15,15
16949,102,97,5,5
16950,126,112,14,14
16951,185,170,15,15
16952,143,135,8,8
16953,48,64,-16,16
16954,142,121,21,21
16955,58,75,-17,17
16956,164,166,-2,2
16957,95,99,-4,4
16958,191,190,1,1
16959,115,113,2,2
16960,58,68,-10,10
16961,121,116,5,5
16962,101,92,9,9
16963,79,80,-1,1
16964,84,87,-3,3
16965,69,68,1,1
16966,153,154,-1,1
16967,67,68,-1,1
16968,69,89,-20,20
16969,71,78,-7,7
16970,94,105,-11,11
16971,110,113,-3,3
16972,105,110,-5,5
16973,88,104,-16,16
16974,93,92,1,1
16975,70,71,-1,1
16976,65,70,-5,5
16977,62,66,-4,4
16978,120,107,13,13
16979,55,51,4,4
16980,73,76,-3,3
16981,102,95,7,7
16982,71,73,-2,2
16983,111,112,-1,1
16984,156,149,7,7
16985,89,93,-4,4
16986,67,71,-4,4
16987,71,73,-2,2
16988,71,71,0,0
16989,108,104,4,4
16990,72,74,-2,2
16991,80,76,4,4
16992,104,84,20,20
16993,111,110,1,1
16994,58,59,-1,1
16995,68,63,5,5
16996,92,99,-7,7
16997,161,151,10,10
16998,107,95,12,12
16999,66,84,-18,18
17000,76,82,-6,6
17001,105,102,3,3
17002,140,123,17,17
17003,77,75,2,2
17004,70,89,-19,19
17005,133,132,1,1
17006,50,62,-12,12
17007,66,70,-4,4
17008,60,81,-21,21
17009,72,69,3,3
17010,123,146,-23,23
17011,88,89,-1,1
17012,110,105,5,5
17013,94,90,4,4
17014,88,84,4,4
17015,82,79,3,3
17016,107,122,-15,15
17017,69,75,-6,6
17018,85,90,-5,5
17019,81,80,1,1
17020,57,67,-10,10
17021,124,114,10,10
17022,126,127,-1,1
17023,59,48,11,11
17024,78,77,1,1
17025,112,111,1,1
17026,87,105,-18,18
17027,101,106,-5,5
17028,101,99,2,2
17029,150,149,1,1
17030,135,125,10,10
17031,146,141,5,5
17032,61,66,-5,5
17033,103,95,8,8
17034,134,133,1,1
17035,68,73,-5,5
17036,84,71,13,13
17037,59,69,-10,10
17038,115,105,10,10
17039,98,82,16,16
17040,118,131,-13,13
17041,97,103,-6,6
17042,94,109,-15,15
17043,143,140,3,3
17044,119,114,5,5
17045,82,96,-14,14
17046,86,90,-4,4
17047,79,83,-4,4
17048,178,189,-11,11
17049,151,128,23,23
17050,133,122,11,11
17051,71,87,-16,16
17052,56,63,-7,7
17053,61,66,-5,5
17054,69,74,-5,5
17055,95,98,-3,3
17056,98,96,2,2
17057,88,92,-4,4
17058,86,99,-13,13
17059,79,86,-7,7
17060,77,73,4,4
17061,88,98,-10,10
17062,110,108,2,2
17063,138,134,4,4
17064,98,110,-12,12
17065,99,86,13,13
17066,73,75,-2,2
17067,143,140,3,3
17068,44,42,2,2
17069,136,124,12,12
17070,150,138,12,12
17071,125,116,9,9
17072,134,129,5,5
17073,93,97,-4,4
17074,107,108,-1,1
17075,38,58,-20,20
17076,133,156,-23,23
17077,151,143,8,8
17078,104,112,-8,8
17079,83,80,3,3
17080,124,112,12,12
17081,161,155,6,6
17082,72,73,-1,1
17083,77,85,-8,8
17084,111,111,0,0
17085,107,97,10,10
17086,107,106,1,1
17087,98,97,1,1
17088,168,171,-3,3
17089,100,96,4,4
17090,70,72,-2,2
17091,68,70,-2,2
17092,74,64,10,10
17093,129,130,-1,1
17094,121,122,-1,1
17095,69,68,1,1
17096,121,109,12,12
17097,103,99,4,4
17098,187,171,16,16
17099,61,61,0,0
17100,81,86,-5,5
17101,117,131,-14,14
17102,46,49,-3,3
17103,77,99,-22,22
17104,85,82,3,3
17105,47,56,-9,9
17106,81,85,-4,4
17107,99,91,8,8
17108,152,156,-4,4
17109,58,72,-14,14
17110,45,62,-17,17
17111,87,89,-2,2
17112,100,88,12,12
17113,41,57,-16,16
17114,184,162,22,22
17115,72,78,-6,6
17116,38,51,-13,13
17117,79,98,-19,19
17118,98,86,12,12
17119,71,72,-1,1
17120,62,61,1,1
17121,90,81,9,9
17122,97,82,15,15
17123,52,56,-4,4
17124,74,76,-2,2
17125,154,145,9,9
17126,99,101,-2,2
17127,44,40,4,4
17128,85,72,13,13
17129,128,126,2,2
17130,128,121,7,7
17131,78,90,-12,12
17132,62,64,-2,2
17133,112,122,-10,10
17134,63,73,-10,10
17135,88,84,4,4
17136,51,51,0,0
17137,129,132,-3,3
17138,65,64,1,1
17139,56,57,-1,1
17140,102,100,2,2
17141,87,79,8,8
17142,129,133,-4,4
17143,61,69,-8,8
17144,79,91,-12,12
17145,57,68,-11,11
17146,171,170,1,1
17147,90,86,4,4
17148,96,92,4,4
17149,91,85,6,6
17150,47,58,-11,11
17151,87,106,-19,19
17152,86,96,-10,10
17153,133,136,-3,3
17154,133,130,3,3
17155,89,97,-8,8
17156,64,60,4,4
17157,54,64,-10,10
17158,99,112,-13,13
17159,91,93,-2,2
17160,76,85,-9,9
17161,75,75,0,0
17162,72,76,-4,4
17163,107,118,-11,11
17164,39,40,-1,1
17165,99,98,1,1
17166,121,121,0,0
17167,89,91,-2,2
17168,132,133,-1,1
17169,108,121,-13,13
17170,84,75,9,9
17171,104,102,2,2
17172,68,71,-3,3
17173,55,62,-7,7
17174,74,70,4,4
17175,85,84,1,1
17176,63,60,3,3
17177,77,82,-5,5
17178,103,104,-1,1
17179,66,73,-7,7
17180,77,73,4,4
17181,112,108,4,4
17182,127,134,-7,7
17183,100,99,1,1
17184,59,70,-11,11
17185,111,106,5,5
17186,29,35,-6,6
17187,77,76,1,1
17188,98,100,-2,2
17189,108,106,2,2
17190,196,186,10,10
17191,79,82,-3,3
17192,150,144,6,6
17193,99,97,2,2
17194,73,74,-1,1
17195,75,68,7,7
17196,62,85,-23,23
17197,77,78,-1,1
17198,100,87,13,13
17199,139,136,3,3
17200,80,81,-1,1
17201,151,127,24,24
17202,125,123,2,2
17203,70,81,-11,11
17204,141,128,13,13
17205,76,88,-12,12
17206,74,87,-13,13
17207,108,97,11,11
17208,146,128,18,18
17209,65,62,3,3
17210,92,101,-9,9
17211,98,95,3,3
17212,112,127,-15,15
17213,155,140,15,15
17214,109,107,2,2
17215,127,125,2,2
17216,40,59,-19,19
17217,106,127,-21,21
17218,106,116,-10,10
17219,68,76,-8,8
17220,73,84,-11,11
17221,69,57,12,12
17222,93,101,-8,8
17223,95,87,8,8
17224,99,87,12,12
17225,108,102,6,6
17226,77,91,-14,14
17227,76,78,-2,2
17228,102,107,-5,5
17229,117,119,-2,2
17230,88,89,-1,1
17231,82,76,6,6
17232,99,98,1,1
17233,147,132,15,15
17234,66,64,2,2
17235,79,77,2,2
17236,62,73,-11,11
17237,175,167,8,8
17238,101,99,2,2
17239,64,68,-4,4
17240,74,73,1,1
17241,72,93,-21,21
17242,64,68,-4,4
17243,73,75,-2,2
17244,48,67,-19,19
17245,186,180,6,6
17246,100,125,-25,25
17247,120,107,13,13
17248,53,67,-14,14
17249,120,105,15,15
17250,98,102,-4,4
17251,34,42,-8,8
17252,97,99,-2,2
17253,118,112,6,6
17254,128,113,15,15
17255,90,86,4,4
17256,63,69,-6,6
17257,160,151,9,9
17258,177,140,37,37
17259,185,184,1,1
17260,104,102,2,2
17261,68,79,-11,11
17262,119,131,-12,12
17263,110,104,6,6
17264,67,66,1,1
17265,56,59,-3,3
17266,160,150,10,10
17267,103,122,-19,19
17268,68,70,-2,2
17269,112,110,2,2
17270,75,71,4,4
17271,101,103,-2,2
17272,89,110,-21,21
17273,57,73,-16,16
17274,65,70,-5,5
17275,95,97,-2,2
17276,93,99,-6,6
17277,100,95,5,5
17278,127,135,-8,8
17279,105,98,7,7
17280,58,54,4,4
17281,70,66,4,4
17282,146,155,-9,9
17283,90,87,3,3
17284,75,73,2,2
17285,92,100,-8,8
17286,122,110,12,12
17287,77,77,0,0
17288,50,57,-7,7
17289,69,65,4,4
17290,36,50,-14,14
17291,97,92,5,5
17292,81,92,-11,11
17293,127,126,1,1
17294,142,144,-2,2
17295,98,96,2,2
17296,91,82,9,9
17297,84,84,0,0
17298,94,90,4,4
17299,71,78,-7,7
17300,87,70,17,17
17301,109,108,1,1
17302,58,50,8,8
17303,63,64,-1,1
17304,65,68,-3,3
17305,45,43,2,2
17306,87,78,9,9
17307,64,92,-28,28
17308,82,85,-3,3
17309,156,155,1,1
17310,138,115,23,23
17311,76,84,-8,8
17312,134,115,19,19
17313,115,110,5,5
17314,92,91,1,1
17315,126,126,0,0
17316,103,107,-4,4
17317,56,49,7,7
17318,125,135,-10,10
17319,108,98,10,10
17320,69,70,-1,1
17321,151,153,-2,2
17322,88,91,-3,3
17323,101,100,1,1
17324,165,161,4,4
17325,151,133,18,18
17326,82,81,1,1
17327,65,63,2,2
17328,93,96,-3,3
17329,102,101,1,1
17330,71,75,-4,4
17331,66,75,-9,9
17332,101,104,-3,3
17333,109,100,9,9
17334,67,61,6,6
17335,150,146,4,4
17336,71,55,16,16
17337,93,96,-3,3
17338,106,107,-1,1
17339,127,120,7,7
17340,167,155,12,12
17341,67,69,-2,2
17342,137,129,8,8
17343,90,88,2,2
17344,48,61,-13,13
17345,79,73,6,6
17346,72,76,-4,4
17347,139,138,1,1
17348,81,86,-5,5
17349,124,117,7,7
17350,114,108,6,6
17351,75,82,-7,7
17352,73,72,1,1
17353,90,74,16,16
17354,156,146,10,10
17355,107,112,-5,5
17356,88,81,7,7
17357,135,136,-1,1
17358,120,115,5,5
17359,55,70,-15,15
17360,58,58,0,0
17361,104,111,-7,7
17362,53,46,7,7
17363,65,67,-2,2
17364,71,74,-3,3
17365,36,45,-9,9
17366,135,124,11,11
17367,159,157,2,2
17368,118,110,8,8
17369,93,107,-14,14
17370,91,94,-3,3
17371,66,74,-8,8
17372,68,62,6,6
17373,81,82,-1,1
17374,138,144,-6,6
17375,68,69,-1,1
17376,128,134,-6,6
17377,97,105,-8,8
17378,83,84,-1,1
17379,194,162,32,32
17380,63,62,1,1
17381,68,65,3,3
17382,68,73,-5,5
17383,89,98,-9,9
17384,103,92,11,11
17385,113,113,0,0
17386,95,90,5,5
17387,93,79,14,14
17388,68,74,-6,6
17389,57,54,3,3
17390,58,70,-12,12
17391,174,157,17,17
17392,71,70,1,1
17393,106,104,2,2
17394,63,61,2,2
17395,63,62,1,1
17396,126,112,14,14
17397,104,101,3,3
17398,83,86,-3,3
17399,80,84,-4,4
17400,175,166,9,9
17401,77,96,-19,19
17402,146,131,15,15
17403,78,74,4,4
17404,114,104,10,10
17405,86,98,-12,12
17406,149,149,0,0
17407,170,163,7,7
17408,121,112,9,9
17409,61,60,1,1
17410,64,57,7,7
17411,67,61,6,6
17412,99,108,-9,9
17413,185,165,20,20
17414,56,68,-12,12
17415,99,93,6,6
17416,75,88,-13,13
17417,85,93,-8,8
17418,92,89,3,3
17419,91,85,6,6
17420,80,79,1,1
17421,56,67,-11,11
17422,80,77,3,3
17423,135,132,3,3
17424,98,119,-21,21
17425,150,147,3,3
17426,53,66,-13,13
17427,106,98,8,8
17428,74,78,-4,4
17429,196,160,36,36
17430,88,78,10,10
17431,47,66,-19,19
17432,101,114,-13,13
17433,110,102,8,8
17434,116,121,-5,5
17435,96,104,-8,8
17436,65,81,-16,16
17437,55,58,-3,3
17438,140,142,-2,2
17439,94,85,9,9
17440,89,86,3,3
17441,101,92,9,9
17442,80,76,4,4
17443,112,105,7,7
17444,106,116,-10,10
17445,103,112,-9,9
17446,60,65,-5,5
17447,95,92,3,3
17448,87,86,1,1
17449,45,56,-11,11
17450,92,91,1,1
17451,108,104,4,4
17452,98,96,2,2
17453,62,63,-1,1
17454,107,109,-2,2
17455,74,64,10,10
17456,137,129,8,8
17457,75,72,3,3
17458,66,65,1,1
17459,100,89,11,11
17460,129,144,-15,15
17461,79,73,6,6
17462,111,100,11,11
17463,88,95,-7,7
17464,63,69,-6,6
17465,95,105,-10,10
17466,74,73,1,1
17467,108,112,-4,4
17468,115,107,8,8
17469,96,98,-2,2
17470,146,125,21,21
17471,178,174,4,4
17472,171,171,0,0
17473,171,186,-15,15
17474,151,151,0,0
17475,90,94,-4,4
17476,94,74,20,20
17477,89,79,10,10
17478,71,72,-1,1
17479,223,198,25,25
17480,66,67,-1,1
17481,116,119,-3,3
17482,69,66,3,3
17483,153,147,6,6
17484,48,56,-8,8
17485,83,89,-6,6
17486,177,163,14,14
17487,70,80,-10,10
17488,80,85,-5,5
17489,77,81,-4,4
17490,69,66,3,3
17491,81,81,0,0
17492,115,121,-6,6
17493,96,100,-4,4
17494,94,83,11,11
17495,46,54,-8,8
17496,88,114,-26,26
17497,90,75,15,15
17498,89,85,4,4
17499,65,69,-4,4
17500,78,74,4,4
17501,76,77,-1,1
17502,116,103,13,13
17503,127,117,10,10
17504,146,150,-4,4
17505,89,105,-16,16
17506,42,55,-13,13
17507,73,89,-16,16
17508,61,72,-11,11
17509,79,76,3,3
17510,105,102,3,3
17511,64,69,-5,5
17512,115,113,2,2
17513,66,79,-13,13
17514,75,79,-4,4
17515,82,87,-5,5
17516,46,62,-16,16
17517,106,107,-1,1
17518,74,77,-3,3
17519,58,70,-12,12
17520,89,86,3,3
17521,76,76,0,0
17522,90,81,9,9
17523,108,98,10,10
17524,89,96,-7,7
17525,75,82,-7,7
17526,98,96,2,2
17527,87,83,4,4
17528,65,72,-7,7
17529,121,111,10,10
17530,63,70,-7,7
17531,139,141,-2,2
17532,80,77,3,3
17533,75,72,3,3
17534,64,71,-7,7
17535,48,55,-7,7
17536,115,120,-5,5
17537,82,81,1,1
17538,120,110,10,10
17539,141,144,-3,3
17540,67,118,-51,51
17541,48,64,-16,16
17542,117,110,7,7
17543,173,177,-4,4
17544,74,79,-5,5
17545,53,67,-14,14
17546,33,38,-5,5
17547,79,78,1,1
17548,76,73,3,3
17549,119,101,18,18
17550,139,142,-3,3
17551,77,73,4,4
17552,115,129,-14,14
17553,67,78,-11,11
17554,105,88,17,17
17555,127,129,-2,2
17556,84,83,1,1
17557,106,102,4,4
17558,79,90,-11,11
17559,96,89,7,7
17560,82,76,6,6
17561,146,131,15,15
17562,98,102,-4,4
17563,116,123,-7,7
17564,42,49,-7,7
17565,82,80,2,2
17566,71,70,1,1
17567,103,86,17,17
17568,60,59,1,1
17569,86,87,-1,1
17570,137,127,10,10
17571,105,94,11,11
17572,68,80,-12,12
17573,94,102,-8,8
17574,190,185,5,5
17575,61,62,-1,1
17576,112,104,8,8
17577,72,64,8,8
17578,137,114,23,23
17579,85,91,-6,6
17580,190,178,12,12
17581,145,143,2,2
17582,100,107,-7,7
17583,143,126,17,17
17584,81,98,-17,17
17585,58,66,-8,8
17586,79,95,-16,16
17587,119,108,11,11
17588,63,72,-9,9
17589,106,98,8,8
17590,111,102,9,9
17591,90,94,-4,4
17592,134,137,-3,3
17593,129,119,10,10
17594,67,65,2,2
17595,128,128,0,0
17596,43,45,-2,2
17597,58,63,-5,5
17598,123,128,-5,5
17599,63,62,1,1
17600,61,68,-7,7
17601,74,63,11,11
17602,117,95,22,22
17603,132,120,12,12
17604,73,66,7,7
17605,127,130,-3,3
17606,170,164,6,6
17607,101,106,-5,5
17608,118,110,8,8
17609,73,68,5,5
17610,82,85,-3,3
17611,100,106,-6,6
17612,62,74,-12,12
17613,80,76,4,4
17614,50,51,-1,1
17615,68,81,-13,13
17616,163,152,11,11
17617,49,61,-12,12
17618,75,78,-3,3
17619,133,125,8,8
17620,115,106,9,9
17621,102,107,-5,5
17622,74,81,-7,7
17623,161,147,14,14
17624,130,123,7,7
17625,122,113,9,9
17626,109,102,7,7
17627,120,126,-6,6
17628,72,44,28,28
17629,90,92,-2,2
17630,80,92,-12,12
17631,103,110,-7,7
17632,134,135,-1,1
17633,93,90,3,3
17634,82,84,-2,2
17635,184,156,28,28
17636,84,88,-4,4
17637,62,54,8,8
17638,65,66,-1,1
17639,68,91,-23,23
17640,118,117,1,1
17641,81,85,-4,4
17642,116,117,-1,1
17643,116,119,-3,3
17644,85,82,3,3
17645,55,62,-7,7
17646,91,83,8,8
17647,79,82,-3,3
17648,24,47,-23,23
17649,155,141,14,14
17650,97,94,3,3
17651,69,77,-8,8
17652,105,104,1,1
17653,158,166,-8,8
17654,129,127,2,2
17655,115,94,21,21
17656,92,104,-12,12
17657,82,86,-4,4
17658,100,97,3,3
17659,66,66,0,0
17660,46,46,0,0
17661,141,157,-16,16
17662,128,118,10,10
17663,101,84,17,17
17664,103,97,6,6
17665,75,87,-12,12
17666,125,116,9,9
17667,50,51,-1,1
17668,67,67,0,0
17669,91,98,-7,7
17670,95,98,-3,3
17671,133,123,10,10
17672,124,125,-1,1
17673,59,58,1,1
17674,138,149,-11,11
17675,132,124,8,8
17676,109,108,1,1
17677,72,76,-4,4
17678,84,101,-17,17
17679,107,108,-1,1
17680,73,79,-6,6
17681,76,63,13,13
17682,122,105,17,17
17683,107,109,-2,2
17684,38,34,4,4
17685,127,116,11,11
17686,82,79,3,3
17687,189,164,25,25
17688,115,119,-4,4
17689,100,94,6,6
17690,70,68,2,2
17691,81,79,2,2
17692,150,158,-8,8
17693,94,79,15,15
17694,88,76,12,12
17695,81,86,-5,5
17696,148,148,0,0
17697,75,84,-9,9
17698,90,77,13,13
17699,124,123,1,1
17700,46,55,-9,9
17701,103,111,-8,8
17702,101,94,7,7
17703,93,91,2,2
17704,105,112,-7,7
17705,91,88,3,3
17706,138,134,4,4
17707,85,82,3,3
17708,102,105,-3,3
17709,72,83,-11,11
17710,81,75,6,6
17711,118,123,-5,5
17712,114,118,-4,4
17713,118,104,14,14
17714,79,76,3,3
17715,149,137,12,12
17716,74,75,-1,1
17717,46,47,-1,1
17718,76,76,0,0
17719,80,88,-8,8
17720,124,135,-11,11
17721,126,129,-3,3
17722,57,54,3,3
17723,91,102,-11,11
17724,206,181,25,25
17725,122,111,11,11
17726,89,92,-3,3
17727,108,105,3,3
17728,170,152,18,18
17729,89,87,2,2
17730,90,80,10,10
17731,85,81,4,4
17732,80,71,9,9
17733,105,87,18,18
17734,84,61,23,23
17735,97,93,4,4
17736,60,63,-3,3
17737,39,53,-14,14
17738,103,93,10,10
17739,122,113,9,9
17740,105,117,-12,12
17741,72,79,-7,7
17742,72,80,-8,8
17743,126,125,1,1
17744,113,114,-1,1
17745,88,87,1,1
17746,121,123,-2,2
17747,88,91,-3,3
17748,72,79,-7,7
17749,65,66,-1,1
17750,74,74,0,0
17751,112,119,-7,7
17752,53,55,-2,2
17753,138,138,0,0
17754,108,110,-2,2
17755,65,65,0,0
17756,72,79,-7,7
17757,122,114,8,8
17758,48,49,-1,1
17759,93,92,1,1
17760,124,118,6,6
17761,92,90,2,2
17762,66,69,-3,3
17763,69,66,3,3
17764,144,147,-3,3
17765,103,109,-6,6
17766,96,92,4,4
17767,107,99,8,8
17768,129,125,4,4
17769,60,63,-3,3
17770,72,74,-2,2
17771,53,60,-7,7
17772,117,98,19,19
17773,109,111,-2,2
17774,73,69,4,4
17775,121,111,10,10
17776,193,176,17,17
17777,69,76,-7,7
17778,80,73,7,7
17779,135,120,15,15
17780,47,55,-8,8
17781,75,74,1,1
17782,135,145,-10,10
17783,97,98,-1,1
17784,76,82,-6,6
17785,108,99,9,9
17786,110,114,-4,4
17787,87,95,-8,8
17788,59,66,-7,7
17789,163,156,7,7
17790,80,72,8,8
17791,169,154,15,15
17792,91,100,-9,9
17793,122,115,7,7
17794,97,94,3,3
17795,63,62,1,1
17796,139,132,7,7
17797,76,78,-2,2
17798,80,82,-2,2
17799,79,77,2,2
17800,112,111,1,1
17801,94,89,5,5
17802,103,100,3,3
17803,53,57,-4,4
17804,70,72,-2,2
17805,156,153,3,3
17806,29,42,-13,13
17807,128,128,0,0
17808,125,122,3,3
17809,126,102,24,24
17810,50,80,-30,30
17811,152,151,1,1
17812,195,161,34,34
17813,76,83,-7,7
17814,87,93,-6,6
17815,80,71,9,9
17816,66,67,-1,1
17817,72,66,6,6
17818,104,110,-6,6
17819,67,69,-2,2
17820,109,109,0,0
17821,146,132,14,14
17822,59,56,3,3
17823,78,73,5,5
17824,73,74,-1,1
17825,139,134,5,5
17826,103,96,7,7
17827,112,120,-8,8
17828,99,91,8,8
17829,68,79,-11,11
17830,53,65,-12,12
17831,152,133,19,19
17832,55,60,-5,5
17833,96,103,-7,7
17834,78,79,-1,1
17835,69,95,-26,26
17836,54,55,-1,1
17837,118,110,8,8
17838,120,110,10,10
17839,45,66,-21,21
17840,94,96,-2,2
17841,141,140,1,1
17842,81,90,-9,9
17843,85,89,-4,4
17844,100,103,-3,3
17845,104,108,-4,4
17846,189,159,30,30
17847,79,93,-14,14
17848,98,92,6,6
17849,53,58,-5,5
17850,139,120,19,19
17851,96,117,-21,21
17852,75,74,1,1
17853,74,83,-9,9
17854,142,146,-4,4
17855,135,151,-16,16
17856,40,39,1,1
17857,176,163,13,13
17858,55,63,-8,8
17859,70,79,-9,9
17860,71,75,-4,4
17861,55,73,-18,18
17862,168,160,8,8
17863,146,136,10,10
17864,111,120,-9,9
17865,117,94,23,23
17866,64,79,-15,15
17867,106,94,12,12
17868,110,95,15,15
17869,79,77,2,2
17870,95,92,3,3
17871,121,114,7,7
17872,129,131,-2,2
17873,98,87,11,11
17874,60,61,-1,1
17875,53,54,-1,1
17876,121,113,8,8
17877,112,123,-11,11
17878,54,63,-9,9
17879,76,83,-7,7
17880,126,133,-7,7
17881,131,124,7,7
17882,45,69,-24,24
17883,135,129,6,6
17884,95,88,7,7
17885,80,77,3,3
17886,96,104,-8,8
17887,143,136,7,7
17888,59,61,-2,2
17889,140,141,-1,1
17890,73,74,-1,1
17891,109,118,-9,9
17892,116,131,-15,15
17893,42,49,-7,7
17894,44,43,1,1
17895,151,145,6,6
17896,109,123,-14,14
17897,106,96,10,10
17898,131,114,17,17
17899,139,133,6,6
17900,77,76,1,1
17901,127,116,11,11
17902,79,127,-48,48
17903,140,125,15,15
17904,63,59,4,4
17905,121,125,-4,4
17906,65,65,0,0
17907,146,156,-10,10
17908,110,91,19,19
17909,101,105,-4,4
17910,35,43,-8,8
17911,105,102,3,3
17912,154,157,-3,3
17913,72,69,3,3
17914,98,99,-1,1
17915,126,131,-5,5
17916,142,141,1,1
17917,98,114,-16,16
17918,82,84,-2,2
17919,86,98,-12,12
17920,79,77,2,2
17921,111,103,8,8
17922,74,79,-5,5
17923,58,63,-5,5
17924,48,66,-18,18
17925,74,76,-2,2
17926,123,115,8,8
17927,40,53,-13,13
17928,80,64,16,16
17929,63,63,0,0
17930,115,108,7,7
17931,107,109,-2,2
17932,80,79,1,1
17933,85,89,-4,4
17934,166,158,8,8
17935,71,75,-4,4
17936,56,66,-10,10
17937,48,59,-11,11
17938,96,98,-2,2
17939,54,63,-9,9
17940,124,127,-3,3
17941,92,94,-2,2
17942,51,63,-12,12
17943,62,68,-6,6
17944,89,79,10,10
17945,141,128,13,13
17946,87,64,23,23
17947,75,92,-17,17
17948,81,78,3,3
17949,65,86,-21,21
17950,90,81,9,9
17951,85,81,4,4
17952,71,76,-5,5
17953,61,71,-10,10
17954,104,108,-4,4
17955,98,109,-11,11
17956,68,77,-9,9
17957,77,68,9,9
17958,90,82,8,8
17959,71,84,-13,13
17960,59,71,-12,12
17961,109,103,6,6
17962,105,107,-2,2
17963,175,160,15,15
17964,83,96,-13,13
17965,139,135,4,4
17966,68,71,-3,3
17967,88,96,-8,8
17968,75,72,3,3
17969,104,110,-6,6
17970,126,114,12,12
17971,91,88,3,3
17972,94,98,-4,4
17973,89,98,-9,9
17974,41,51,-10,10
17975,91,95,-4,4
17976,81,81,0,0
17977,72,70,2,2
17978,146,129,17,17
17979,80,83,-3,3
17980,141,115,26,26
17981,104,88,16,16
17982,111,92,19,19
17983,115,113,2,2
17984,67,62,5,5
17985,132,119,13,13
17986,118,122,-4,4
17987,79,82,-3,3
17988,67,86,-19,19
17989,158,146,12,12
17990,90,78,12,12
17991,78,68,10,10
17992,52,55,-3,3
17993,67,66,1,1
17994,57,73,-16,16
17995,93,92,1,1
17996,73,65,8,8
17997,100,99,1,1
17998,150,137,13,13
17999,68,64,4,4
18000,74,70,4,4
18001,100,99,1,1
18002,92,104,-12,12
18003,101,108,-7,7
18004,96,83,13,13
18005,161,153,8,8
18006,71,78,-7,7
18007,97,97,0,0
18008,62,62,0,0
18009,70,75,-5,5
18010,106,96,10,10
18011,67,77,-10,10
18012,56,60,-4,4
18013,75,63,12,12
18014,47,52,-5,5
18015,78,67,11,11
18016,62,60,2,2
18017,68,56,12,12
18018,106,93,13,13
18019,125,115,10,10
18020,84,95,-11,11
18021,107,113,-6,6
18022,63,65,-2,2
18023,76,92,-16,16
18024,98,88,10,10
18025,139,123,16,16
18026,94,86,8,8
18027,142,137,5,5
18028,121,117,4,4
18029,79,80,-1,1
18030,123,128,-5,5
18031,82,79,3,3
18032,174,164,10,10
18033,116,120,-4,4
18034,51,64,-13,13
18035,157,137,20,20
18036,57,63,-6,6
18037,71,64,7,7
18038,30,28,2,2
18039,102,105,-3,3
18040,140,121,19,19
18041,156,150,6,6
18042,44,42,2,2
18043,157,142,15,15
18044,91,104,-13,13
18045,111,116,-5,5
18046,107,125,-18,18
18047,83,91,-8,8
18048,83,84,-1,1
18049,103,92,11,11
18050,84,71,13,13
18051,79,77,2,2
18052,119,104,15,15
18053,66,73,-7,7
18054,34,46,-12,12
18055,134,136,-2,2
18056,108,114,-6,6
18057,60,67,-7,7
18058,33,35,-2,2
18059,105,106,-1,1
18060,71,77,-6,6
18061,92,96,-4,4
18062,62,59,3,3
18063,54,59,-5,5
18064,85,86,-1,1
18065,154,139,15,15
18066,109,102,7,7
18067,120,149,-29,29
18068,55,53,2,2
18069,102,113,-11,11
18070,58,56,2,2
18071,34,37,-3,3
18072,91,89,2,2
18073,110,106,4,4
18074,117,108,9,9
18075,102,134,-32,32
18076,95,91,4,4
18077,38,56,-18,18
18078,88,77,11,11
18079,107,79,28,28
18080,113,116,-3,3
18081,58,64,-6,6
18082,56,63,-7,7
18083,68,70,-2,2
18084,59,60,-1,1
18085,169,172,-3,3
18086,70,66,4,4
18087,117,112,5,5
18088,84,88,-4,4
18089,150,152,-2,2
18090,123,135,-12,12
18091,72,76,-4,4
18092,108,108,0,0
18093,87,96,-9,9
18094,123,147,-24,24
18095,79,82,-3,3
18096,112,133,-21,21
18097,77,77,0,0
18098,123,128,-5,5
18099,109,116,-7,7
18100,82,78,4,4
18101,57,60,-3,3
18102,120,115,5,5
18103,117,118,-1,1
18104,53,63,-10,10
18105,72,77,-5,5
18106,90,101,-11,11
18107,92,105,-13,13
18108,88,81,7,7
18109,55,67,-12,12
18110,62,56,6,6
18111,108,103,5,5
18112,85,78,7,7
18113,66,73,-7,7
18114,165,169,-4,4
18115,124,152,-28,28
18116,75,81,-6,6
18117,54,53,1,1
18118,141,140,1,1
18119,67,67,0,0
18120,94,101,-7,7
18121,102,97,5,5
18122,119,129,-10,10
18123,53,65,-12,12
18124,122,131,-9,9
18125,60,66,-6,6
18126,88,93,-5,5
18127,101,101,0,0
18128,64,61,3,3
18129,48,66,-18,18
18130,75,70,5,5
18131,53,62,-9,9
18132,123,105,18,18
18133,90,90,0,0
18134,137,146,-9,9
18135,95,97,-2,2
18136,88,109,-21,21
18137,106,124,-18,18
18138,155,146,9,9
18139,75,63,12,12
18140,62,64,-2,2
18141,91,83,8,8
18142,58,66,-8,8
18143,51,61,-10,10
18144,120,117,3,3
18145,94,102,-8,8
18146,112,110,2,2
18147,84,102,-18,18
18148,67,73,-6,6
18149,83,83,0,0
18150,162,165,-3,3
18151,122,120,2,2
18152,36,39,-3,3
18153,127,133,-6,6
18154,75,100,-25,25
18155,119,109,10,10
18156,147,146,1,1
18157,105,102,3,3
18158,55,56,-1,1
18159,90,85,5,5
18160,57,69,-12,12
18161,100,97,3,3
18162,63,48,15,15
18163,58,67,-9,9
18164,140,146,-6,6
18165,107,108,-1,1
18166,71,85,-14,14
18167,145,139,6,6
18168,64,71,-7,7
18169,94,79,15,15
18170,71,73,-2,2
18171,68,70,-2,2
18172,109,98,11,11
18173,67,69,-2,2
18174,81,80,1,1
18175,101,91,10,10
18176,135,131,4,4
18177,60,66,-6,6
18178,154,145,9,9
18179,131,114,17,17
18180,97,100,-3,3
18181,65,70,-5,5
18182,132,125,7,7
18183,95,90,5,5
18184,97,86,11,11
18185,122,116,6,6
18186,80,87,-7,7
18187,89,86,3,3
18188,97,83,14,14
18189,106,109,-3,3
18190,101,107,-6,6
18191,116,130,-14,14
18192,70,85,-15,15
18193,44,54,-10,10
18194,149,147,2,2
18195,95,102,-7,7
18196,79,81,-2,2
18197,114,108,6,6
18198,77,71,6,6
18199,121,122,-1,1
18200,80,80,0,0
18201,117,103,14,14
18202,150,136,14,14
18203,85,90,-5,5
18204,72,86,-14,14
18205,112,102,10,10
18206,91,89,2,2
18207,61,64,-3,3
18208,126,121,5,5
18209,78,84,-6,6
18210,129,127,2,2
18211,71,79,-8,8
18212,72,78,-6,6
18213,166,155,11,11
18214,134,129,5,5
18215,36,38,-2,2
18216,63,68,-5,5
18217,73,70,3,3
18218,88,78,10,10
18219,88,91,-3,3
18220,113,130,-17,17
18221,138,141,-3,3
18222,88,64,24,24
18223,127,124,3,3
18224,216,212,4,4
18225,108,115,-7,7
18226,137,138,-1,1
18227,66,98,-32,32
18228,68,72,-4,4
18229,100,92,8,8
18230,50,50,0,0
18231,130,133,-3,3
18232,100,98,2,2
18233,201,175,26,26
18234,53,54,-1,1
18235,65,73,-8,8
18236,60,56,4,4
18237,177,177,0,0
18238,88,84,4,4
18239,64,64,0,0
18240,141,148,-7,7
18241,87,87,0,0
18242,144,143,1,1
18243,118,102,16,16
18244,84,80,4,4
18245,80,79,1,1
18246,131,134,-3,3
18247,61,57,4,4
18248,93,87,6,6
18249,78,96,-18,18
18250,58,56,2,2
18251,99,94,5,5
18252,107,102,5,5
18253,119,124,-5,5
18254,104,107,-3,3
18255,87,95,-8,8
18256,88,86,2,2
18257,131,127,4,4
18258,126,124,2,2
18259,125,112,13,13
18260,99,108,-9,9
18261,127,131,-4,4
18262,34,49,-15,15
18263,77,72,5,5
18264,88,87,1,1
18265,106,118,-12,12
18266,104,102,2,2
18267,78,85,-7,7
18268,78,88,-10,10
18269,211,174,37,37
18270,68,39,29,29
18271,110,100,10,10
18272,86,91,-5,5
18273,102,106,-4,4
18274,82,71,11,11
18275,57,58,-1,1
18276,106,106,0,0
18277,52,55,-3,3
18278,60,61,-1,1
18279,78,82,-4,4
18280,66,59,7,7
18281,134,123,11,11
18282,61,74,-13,13
18283,88,82,6,6
18284,95,92,3,3
18285,79,77,2,2
18286,109,108,1,1
18287,74,95,-21,21
18288,82,77,5,5
18289,77,80,-3,3
18290,89,84,5,5
18291,115,107,8,8
18292,64,69,-5,5
18293,143,139,4,4
18294,189,173,16,16
18295,27,34,-7,7
18296,82,89,-7,7
18297,127,129,-2,2
18298,121,114,7,7
18299,103,105,-2,2
18300,55,60,-5,5
18301,163,159,4,4
18302,93,96,-3,3
18303,95,103,-8,8
18304,123,135,-12,12
18305,59,66,-7,7
18306,112,93,19,19
18307,76,79,-3,3
18308,77,79,-2,2
18309,62,78,-16,16
18310,71,76,-5,5
18311,60,57,3,3
18312,141,151,-10,10
18313,91,92,-1,1
18314,96,95,1,1
18315,58,69,-11,11
18316,93,95,-2,2
18317,165,165,0,0
18318,199,188,11,11
18319,98,99,-1,1
18320,152,159,-7,7
18321,81,73,8,8
18322,93,86,7,7
18323,122,107,15,15
18324,83,81,2,2
18325,82,92,-10,10
18326,61,62,-1,1
18327,87,97,-10,10
18328,44,34,10,10
18329,90,95,-5,5
18330,50,43,7,7
18331,122,113,9,9
18332,82,85,-3,3
18333,101,96,5,5
18334,93,97,-4,4
18335,132,111,21,21
18336,111,117,-6,6
18337,96,86,10,10
18338,47,56,-9,9
18339,113,119,-6,6
18340,182,188,-6,6
18341,107,128,-21,21
18342,99,113,-14,14
18343,72,61,11,11
18344,84,87,-3,3
18345,55,57,-2,2
18346,154,149,5,5
18347,39,48,-9,9
18348,107,107,0,0
18349,89,97,-8,8
18350,114,125,-11,11
18351,99,105,-6,6
18352,76,84,-8,8
18353,61,62,-1,1
18354,112,106,6,6
18355,79,83,-4,4
18356,81,83,-2,2
18357,80,86,-6,6
18358,49,61,-12,12
18359,48,48,0,0
18360,113,119,-6,6
18361,91,104,-13,13
18362,76,75,1,1
18363,144,140,4,4
18364,67,83,-16,16
18365,81,75,6,6
18366,111,114,-3,3
18367,78,68,10,10
18368,53,58,-5,5
18369,77,80,-3,3
18370,71,105,-34,34
18371,76,61,15,15
18372,65,67,-2,2
18373,90,89,1,1
18374,165,147,18,18
18375,188,186,2,2
18376,58,149,-91,91
18377,81,81,0,0
18378,65,71,-6,6
18379,91,92,-1,1
18380,116,116,0,0
18381,145,127,18,18
18382,111,108,3,3
18383,146,136,10,10
18384,119,107,12,12
18385,91,91,0,0
18386,116,117,-1,1
18387,48,33,15,15
18388,107,124,-17,17
18389,63,66,-3,3
18390,120,109,11,11
18391,86,80,6,6
18392,93,97,-4,4
18393,89,108,-19,19
18394,95,95,0,0
18395,90,83,7,7
18396,104,109,-5,5
18397,144,139,5,5
18398,119,110,9,9
18399,82,90,-8,8
18400,61,64,-3,3
18401,93,92,1,1
18402,142,144,-2,2
18403,73,78,-5,5
18404,133,109,24,24
18405,128,131,-3,3
18406,104,97,7,7
18407,90,90,0,0
18408,88,100,-12,12
18409,65,77,-12,12
18410,102,96,6,6
18411,176,152,24,24
18412,90,102,-12,12
18413,241,225,16,16
18414,115,105,10,10
18415,69,63,6,6
18416,94,81,13,13
18417,123,112,11,11
18418,96,114,-18,18
18419,90,88,2,2
18420,59,63,-4,4
18421,76,77,-1,1
18422,72,70,2,2
18423,70,84,-14,14
18424,67,64,3,3
18425,83,87,-4,4
18426,205,191,14,14
18427,62,73,-11,11
18428,214,201,13,13
18429,79,77,2,2
18430,142,129,13,13
18431,88,86,2,2
18432,107,116,-9,9
18433,120,113,7,7
18434,108,106,2,2
18435,102,97,5,5
18436,64,70,-6,6
18437,86,90,-4,4
18438,70,62,8,8
18439,130,110,20,20
18440,97,86,11,11
18441,85,92,-7,7
18442,67,72,-5,5
18443,142,127,15,15
18444,48,55,-7,7
18445,88,83,5,5
18446,123,117,6,6
18447,69,74,-5,5
18448,92,91,1,1
18449,69,74,-5,5
18450,45,48,-3,3
18451,64,50,14,14
18452,84,78,6,6
18453,131,132,-1,1
18454,78,78,0,0
18455,32,48,-16,16
18456,85,70,15,15
18457,100,91,9,9
18458,99,82,17,17
18459,125,122,3,3
18460,91,86,5,5
18461,196,182,14,14
18462,94,111,-17,17
18463,54,44,10,10
18464,134,136,-2,2
18465,168,150,18,18
18466,64,53,11,11
18467,73,73,0,0
18468,96,103,-7,7
18469,82,68,14,14
18470,48,48,0,0
18471,65,72,-7,7
18472,121,114,7,7
18473,102,104,-2,2
18474,69,69,0,0
18475,92,100,-8,8
18476,79,80,-1,1
18477,107,104,3,3
18478,76,102,-26,26
18479,73,76,-3,3
18480,75,70,5,5
18481,150,149,1,1
18482,149,139,10,10
18483,144,136,8,8
18484,113,112,1,1
18485,62,70,-8,8
18486,108,101,7,7
18487,103,115,-12,12
18488,58,104,-46,46
18489,42,62,-20,20
18490,115,100,15,15
18491,58,90,-32,32
18492,115,96,19,19
18493,109,104,5,5
18494,51,41,10,10
18495,70,75,-5,5
18496,68,90,-22,22
18497,143,145,-2,2
18498,83,71,12,12
18499,116,108,8,8
18500,45,54,-9,9
18501,90,93,-3,3
18502,67,68,-1,1
18503,100,100,0,0
18504,113,109,4,4
18505,30,47,-17,17
18506,98,103,-5,5
18507,67,70,-3,3
18508,53,61,-8,8
18509,105,102,3,3
18510,123,137,-14,14
18511,57,59,-2,2
18512,125,114,11,11
18513,98,92,6,6
18514,111,108,3,3
18515,122,110,12,12
18516,117,120,-3,3
18517,74,64,10,10
18518,84,80,4,4
18519,143,141,2,2
18520,121,114,7,7
18521,121,108,13,13
18522,99,99,0,0
18523,103,96,7,7
18524,104,74,30,30
18525,63,60,3,3
18526,222,187,35,35
18527,113,101,12,12
18528,88,89,-1,1
18529,122,104,18,18
18530,109,121,-12,12
18531,72,74,-2,2
18532,64,70,-6,6
18533,144,129,15,15
18534,82,79,3,3
18535,82,92,-10,10
18536,162,145,17,17
18537,112,123,-11,11
18538,62,67,-5,5
18539,78,93,-15,15
18540,48,53,-5,5
18541,90,89,1,1
18542,130,126,4,4
18543,70,74,-4,4
18544,141,149,-8,8
18545,138,135,3,3
18546,126,108,18,18
18547,71,81,-10,10
18548,89,94,-5,5
18549,138,130,8,8
18550,70,64,6,6
18551,123,114,9,9
18552,72,75,-3,3
18553,107,114,-7,7
18554,58,53,5,5
18555,90,92,-2,2
18556,136,137,-1,1
18557,163,155,8,8
18558,108,103,5,5
18559,83,74,9,9
18560,117,121,-4,4
18561,142,132,10,10
18562,69,68,1,1
18563,100,82,18,18
18564,211,189,22,22
18565,148,163,-15,15
18566,82,82,0,0
18567,86,95,-9,9
18568,201,187,14,14
18569,113,111,2,2
18570,126,124,2,2
18571,64,66,-2,2
18572,98,91,7,7
18573,51,67,-16,16
18574,93,109,-16,16
18575,60,60,0,0
18576,82,78,4,4
18577,95,114,-19,19
18578,94,88,6,6
18579,81,83,-2,2
18580,111,105,6,6
18581,63,77,-14,14
18582,55,61,-6,6
18583,142,135,7,7
18584,139,142,-3,3
18585,118,118,0,0
18586,209,209,0,0
18587,73,70,3,3
18588,103,105,-2,2
18589,118,114,4,4
18590,124,126,-2,2
18591,79,90,-11,11
18592,124,119,5,5
18593,129,134,-5,5
18594,91,77,14,14
18595,83,89,-6,6
18596,120,111,9,9
18597,91,87,4,4
18598,101,98,3,3
18599,117,113,4,4
18600,154,136,18,18
18601,83,78,5,5
18602,113,125,-12,12
18603,83,87,-4,4
18604,106,117,-11,11
18605,47,56,-9,9
18606,63,67,-4,4
18607,99,103,-4,4
18608,47,65,-18,18
18609,111,104,7,7
18610,111,109,2,2
18611,152,144,8,8
18612,91,98,-7,7
18613,111,114,-3,3
18614,103,119,-16,16
18615,80,86,-6,6
18616,133,133,0,0
18617,83,89,-6,6
18618,67,72,-5,5
18619,124,117,7,7
18620,93,103,-10,10
18621,80,76,4,4
18622,64,74,-10,10
18623,74,81,-7,7
18624,92,98,-6,6
18625,122,107,15,15
18626,92,115,-23,23
18627,111,111,0,0
18628,148,126,22,22
18629,102,94,8,8
18630,101,101,0,0
18631,89,87,2,2
18632,94,100,-6,6
18633,78,82,-4,4
18634,88,80,8,8
18635,87,90,-3,3
18636,59,56,3,3
18637,75,82,-7,7
18638,101,98,3,3
18639,96,100,-4,4
18640,64,69,-5,5
18641,106,110,-4,4
18642,90,93,-3,3
18643,95,90,5,5
18644,107,117,-10,10
18645,95,97,-2,2
18646,78,87,-9,9
18647,124,157,-33,33
18648,142,139,3,3
18649,73,61,12,12
18650,111,117,-6,6
18651,92,80,12,12
18652,205,200,5,5
18653,93,80,13,13
18654,87,92,-5,5
18655,43,47,-4,4
18656,51,62,-11,11
18657,102,110,-8,8
18658,85,99,-14,14
18659,152,144,8,8
18660,69,59,10,10
18661,47,55,-8,8
18662,52,64,-12,12
18663,94,99,-5,5
18664,149,143,6,6
18665,81,67,14,14
18666,96,81,15,15
18667,88,84,4,4
18668,81,80,1,1
18669,129,117,12,12
18670,107,149,-42,42
18671,93,86,7,7
18672,90,86,4,4
18673,72,72,0,0
18674,82,84,-2,2
18675,73,72,1,1
18676,102,99,3,3
18677,52,68,-16,16
18678,79,90,-11,11
18679,131,132,-1,1
18680,56,57,-1,1
18681,58,50,8,8
18682,66,68,-2,2
18683,58,60,-2,2
18684,76,91,-15,15
18685,83,79,4,4
18686,84,85,-1,1
18687,100,108,-8,8
18688,114,101,13,13
18689,112,112,0,0
18690,104,98,6,6
18691,110,110,0,0
18692,160,168,-8,8
18693,98,97,1,1
18694,122,136,-14,14
18695,39,52,-13,13
18696,120,124,-4,4
18697,84,88,-4,4
18698,64,87,-23,23
18699,87,100,-13,13
18700,102,94,8,8
18701,87,99,-12,12
18702,76,67,9,9
18703,132,125,7,7
18704,65,67,-2,2
18705,136,112,24,24
18706,87,76,11,11
18707,93,81,12,12
18708,130,113,17,17
18709,96,106,-10,10
18710,93,93,0,0
18711,67,73,-6,6
18712,116,120,-4,4
18713,81,88,-7,7
18714,107,119,-12,12
18715,70,64,6,6
18716,113,108,5,5
18717,78,88,-10,10
18718,93,87,6,6
18719,62,72,-10,10
18720,43,54,-11,11
18721,81,91,-10,10
18722,85,86,-1,1
18723,128,116,12,12
18724,110,121,-11,11
18725,37,42,-5,5
18726,66,76,-10,10
18727,56,52,4,4
18728,95,95,0,0
18729,95,92,3,3
18730,92,90,2,2
18731,99,109,-10,10
18732,75,80,-5,5
18733,186,167,19,19
18734,30,41,-11,11
18735,63,67,-4,4
18736,60,47,13,13
18737,38,61,-23,23
18738,70,80,-10,10
18739,85,92,-7,7
18740,71,56,15,15
18741,122,120,2,2
18742,45,52,-7,7
18743,94,90,4,4
18744,133,130,3,3
18745,89,80,9,9
18746,85,79,6,6
18747,80,81,-1,1
18748,141,129,12,12
18749,108,112,-4,4
18750,39,59,-20,20
18751,85,99,-14,14
18752,99,106,-7,7
18753,81,80,1,1
18754,123,125,-2,2
18755,98,95,3,3
18756,81,86,-5,5
18757,110,117,-7,7
18758,64,74,-10,10
18759,75,82,-7,7
18760,59,62,-3,3
18761,66,73,-7,7
18762,81,66,15,15
18763,92,94,-2,2
18764,115,99,16,16
18765,129,133,-4,4
18766,99,97,2,2
18767,72,79,-7,7
18768,91,97,-6,6
18769,69,73,-4,4
18770,80,72,8,8
18771,89,94,-5,5
18772,92,92,0,0
18773,95,93,2,2
18774,166,144,22,22
18775,61,54,7,7
18776,59,44,15,15
18777,42,55,-13,13
18778,53,57,-4,4
18779,101,104,-3,3
18780,90,88,2,2
18781,116,103,13,13
18782,83,73,10,10
18783,89,91,-2,2
18784,121,116,5,5
18785,74,63,11,11
18786,113,106,7,7
18787,85,86,-1,1
18788,137,132,5,5
18789,72,80,-8,8
18790,78,69,9,9
18791,113,122,-9,9
18792,144,115,29,29
18793,54,58,-4,4
18794,74,66,8,8
18795,72,78,-6,6
18796,73,77,-4,4
18797,163,150,13,13
18798,96,94,2,2
18799,90,91,-1,1
18800,64,71,-7,7
18801,61,67,-6,6
18802,79,78,1,1
18803,118,116,2,2
18804,70,69,1,1
18805,108,109,-1,1
18806,83,112,-29,29
18807,55,40,15,15
18808,139,139,0,0
18809,49,51,-2,2
18810,159,152,7,7
18811,30,31,-1,1
18812,111,108,3,3
18813,112,112,0,0
18814,149,156,-7,7
18815,104,101,3,3
18816,166,143,23,23
18817,76,75,1,1
18818,128,136,-8,8
18819,54,57,-3,3
18820,99,108,-9,9
18821,53,46,7,7
18822,98,87,11,11
18823,94,100,-6,6
18824,144,160,-16,16
18825,47,40,7,7
18826,124,133,-9,9
18827,137,143,-6,6
18828,55,52,3,3
18829,79,72,7,7
18830,103,104,-1,1
18831,67,65,2,2
18832,45,57,-12,12
18833,129,115,14,14
18834,33,61,-28,28
18835,108,112,-4,4
18836,68,66,2,2
18837,165,151,14,14
18838,108,102,6,6
18839,142,122,20,20
18840,108,112,-4,4
18841,56,66,-10,10
18842,73,74,-1,1
18843,121,120,1,1
18844,139,138,1,1
18845,124,117,7,7
18846,59,61,-2,2
18847,98,117,-19,19
18848,42,47,-5,5
18849,94,101,-7,7
18850,120,106,14,14
18851,64,78,-14,14
18852,52,54,-2,2
18853,193,186,7,7
18854,99,94,5,5
18855,73,82,-9,9
18856,166,140,26,26
18857,116,109,7,7
18858,69,72,-3,3
18859,67,67,0,0
18860,81,72,9,9
18861,112,106,6,6
18862,120,109,11,11
18863,67,62,5,5
18864,105,84,21,21
18865,146,132,14,14
18866,110,100,10,10
18867,90,84,6,6
18868,94,83,11,11
18869,106,108,-2,2
18870,95,87,8,8
18871,112,106,6,6
18872,104,91,13,13
18873,60,70,-10,10
18874,93,73,20,20
18875,171,162,9,9
18876,57,59,-2,2
18877,106,96,10,10
18878,83,88,-5,5
18879,65,59,6,6
18880,111,115,-4,4
18881,117,120,-3,3
18882,71,78,-7,7
18883,46,55,-9,9
18884,87,94,-7,7
18885,80,77,3,3
18886,58,65,-7,7
18887,47,40,7,7
18888,196,183,13,13
18889,100,100,0,0
18890,122,122,0,0
18891,126,140,-14,14
18892,61,61,0,0
18893,68,76,-8,8
18894,90,106,-16,16
18895,96,102,-6,6
18896,154,160,-6,6
18897,153,144,9,9
18898,83,99,-16,16
18899,130,116,14,14
18900,110,91,19,19
18901,122,113,9,9
18902,85,76,9,9
18903,55,54,1,1
18904,85,84,1,1
18905,122,123,-1,1
18906,71,75,-4,4
18907,149,146,3,3
18908,101,104,-3,3
18909,81,95,-14,14
18910,95,92,3,3
18911,120,117,3,3
18912,137,132,5,5
18913,132,138,-6,6
18914,83,75,8,8
18915,121,111,10,10
18916,121,116,5,5
18917,125,134,-9,9
18918,81,85,-4,4
18919,137,137,0,0
18920,89,86,3,3
18921,113,103,10,10
18922,23,32,-9,9
18923,123,108,15,15
18924,172,170,2,2
18925,64,60,4,4
18926,122,130,-8,8
18927,67,69,-2,2
18928,86,86,0,0
18929,42,59,-17,17
18930,126,118,8,8
18931,148,129,19,19
18932,81,74,7,7
18933,78,82,-4,4
18934,74,73,1,1
18935,52,61,-9,9
18936,67,72,-5,5
18937,69,68,1,1
18938,76,83,-7,7
18939,56,65,-9,9
18940,103,108,-5,5
18941,86,92,-6,6
18942,67,71,-4,4
18943,74,80,-6,6
18944,61,60,1,1
18945,42,57,-15,15
18946,106,104,2,2
18947,59,58,1,1
18948,65,65,0,0
18949,148,163,-15,15
18950,161,149,12,12
18951,140,129,11,11
18952,140,129,11,11
18953,70,77,-7,7
18954,157,147,10,10
18955,70,79,-9,9
18956,110,121,-11,11
18957,132,125,7,7
18958,40,40,0,0
18959,115,105,10,10
18960,165,154,11,11
18961,46,61,-15,15
18962,108,123,-15,15
18963,145,133,12,12
18964,153,139,14,14
18965,64,75,-11,11
18966,104,109,-5,5
18967,104,95,9,9
18968,103,93,10,10
18969,99,107,-8,8
18970,58,76,-18,18
18971,78,74,4,4
18972,116,117,-1,1
18973,95,118,-23,23
18974,77,75,2,2
18975,100,90,10,10
18976,147,133,14,14
18977,73,78,-5,5
18978,90,89,1,1
18979,91,96,-5,5
18980,136,125,11,11
18981,156,131,25,25
18982,71,72,-1,1
18983,65,62,3,3
18984,82,80,2,2
18985,116,118,-2,2
18986,134,128,6,6
18987,70,71,-1,1
18988,98,100,-2,2
18989,194,191,3,3
18990,58,65,-7,7
18991,111,169,-58,58
18992,55,63,-8,8
18993,105,110,-5,5
18994,85,87,-2,2
18995,105,94,11,11
18996,83,88,-5,5
18997,96,85,11,11
18998,83,90,-7,7
18999,153,146,7,7
19000,81,89,-8,8
19001,60,57,3,3
19002,137,140,-3,3
19003,140,131,9,9
19004,88,91,-3,3
19005,124,131,-7,7
19006,101,102,-1,1
19007,84,83,1,1
19008,99,81,18,18
19009,59,58,1,1
19010,83,90,-7,7
19011,113,126,-13,13
19012,83,90,-7,7
19013,65,70,-5,5
19014,52,62,-10,10
19015,120,126,-6,6
19016,102,97,5,5
19017,50,78,-28,28
19018,134,136,-2,2
19019,90,87,3,3
19020,79,76,3,3
19021,78,88,-10,10
19022,122,118,4,4
19023,69,74,-5,5
19024,72,62,10,10
19025,71,77,-6,6
19026,112,98,14,14
19027,111,101,10,10
19028,96,97,-1,1
19029,96,93,3,3
19030,67,73,-6,6
19031,102,107,-5,5
19032,71,77,-6,6
19033,147,140,7,7
19034,123,125,-2,2
19035,89,64,25,25
19036,72,74,-2,2
19037,81,77,4,4
19038,61,65,-4,4
19039,79,78,1,1
19040,112,102,10,10
19041,167,166,1,1
19042,74,78,-4,4
19043,122,114,8,8
19044,78,87,-9,9
19045,64,75,-11,11
19046,72,80,-8,8
19047,90,81,9,9
19048,86,78,8,8
19049,122,123,-1,1
19050,70,62,8,8
19051,80,73,7,7
19052,55,57,-2,2
19053,86,78,8,8
19054,117,108,9,9
19055,95,93,2,2
19056,88,94,-6,6
19057,123,117,6,6
19058,102,95,7,7
19059,73,67,6,6
19060,33,39,-6,6
19061,133,124,9,9
19062,65,76,-11,11
19063,75,53,22,22
19064,39,42,-3,3
19065,119,115,4,4
19066,88,87,1,1
19067,110,106,4,4
19068,59,64,-5,5
19069,94,93,1,1
19070,90,85,5,5
19071,64,66,-2,2
19072,111,108,3,3
19073,95,92,3,3
19074,77,75,2,2
19075,60,62,-2,2
19076,151,151,0,0
19077,90,82,8,8
19078,65,65,0,0
19079,100,111,-11,11
19080,59,66,-7,7
19081,89,87,2,2
19082,91,102,-11,11
19083,152,145,7,7
19084,58,63,-5,5
19085,98,111,-13,13
19086,111,110,1,1
19087,94,90,4,4
19088,98,100,-2,2
19089,99,88,11,11
19090,132,131,1,1
19091,99,119,-20,20
19092,163,170,-7,7
19093,105,104,1,1
19094,109,118,-9,9
19095,49,56,-7,7
19096,97,110,-13,13
19097,153,149,4,4
19098,73,103,-30,30
19099,71,72,-1,1
19100,89,86,3,3
19101,110,101,9,9
19102,73,75,-2,2
19103,151,130,21,21
19104,146,141,5,5
19105,74,77,-3,3
19106,76,75,1,1
19107,57,202,-145,145
19108,96,91,5,5
19109,143,120,23,23
19110,98,89,9,9
19111,74,72,2,2
19112,78,78,0,0
19113,139,149,-10,10
19114,81,85,-4,4
19115,74,83,-9,9
19116,81,85,-4,4
19117,149,165,-16,16
19118,59,61,-2,2
19119,92,99,-7,7
19120,88,89,-1,1
19121,94,95,-1,1
19122,106,102,4,4
19123,143,130,13,13
19124,61,67,-6,6
19125,84,82,2,2
19126,107,118,-11,11
19127,129,130,-1,1
19128,80,81,-1,1
19129,89,89,0,0
19130,159,153,6,6
19131,44,51,-7,7
19132,116,128,-12,12
19133,79,87,-8,8
19134,82,77,5,5
19135,77,79,-2,2
19136,124,116,8,8
19137,97,101,-4,4
19138,62,63,-1,1
19139,65,67,-2,2
19140,78,74,4,4
19141,105,114,-9,9
19142,107,114,-7,7
19143,60,66,-6,6
19144,63,59,4,4
19145,71,70,1,1
19146,122,117,5,5
19147,76,78,-2,2
19148,137,135,2,2
19149,89,91,-2,2
19150,87,97,-10,10
19151,147,153,-6,6
19152,121,126,-5,5
19153,91,89,2,2
19154,62,58,4,4
19155,77,83,-6,6
19156,95,87,8,8
19157,71,72,-1,1
19158,129,133,-4,4
19159,114,116,-2,2
19160,196,186,10,10
19161,113,113,0,0
19162,122,108,14,14
19163,120,111,9,9
19164,104,113,-9,9
19165,99,95,4,4
19166,80,86,-6,6
19167,69,78,-9,9
19168,100,107,-7,7
19169,63,62,1,1
19170,145,134,11,11
19171,55,50,5,5
19172,91,85,6,6
19173,148,144,4,4
19174,75,68,7,7
19175,106,117,-11,11
19176,179,159,20,20
19177,86,102,-16,16
19178,72,66,6,6
19179,127,144,-17,17
19180,68,66,2,2
19181,69,89,-20,20
19182,136,133,3,3
19183,91,73,18,18
19184,102,102,0,0
19185,128,116,12,12
19186,94,88,6,6
19187,105,105,0,0
19188,146,139,7,7
19189,72,70,2,2
19190,105,104,1,1
19191,137,126,11,11
19192,169,154,15,15
19193,130,150,-20,20
19194,126,128,-2,2
19195,125,120,5,5
19196,102,90,12,12
19197,74,71,3,3
19198,74,98,-24,24
19199,97,104,-7,7
19200,113,114,-1,1
19201,54,68,-14,14
19202,127,108,19,19
19203,73,88,-15,15
19204,145,152,-7,7
19205,117,103,14,14
19206,123,125,-2,2
19207,188,167,21,21
19208,75,91,-16,16
19209,76,87,-11,11
19210,45,73,-28,28
19211,86,91,-5,5
19212,74,75,-1,1
19213,103,120,-17,17
19214,140,123,17,17
19215,95,92,3,3
19216,102,104,-2,2
19217,34,55,-21,21
19218,101,94,7,7
19219,62,75,-13,13
19220,81,80,1,1
19221,84,87,-3,3
19222,114,120,-6,6
19223,90,86,4,4
19224,66,90,-24,24
19225,98,99,-1,1
19226,68,65,3,3
19227,115,110,5,5
19228,101,79,22,22
19229,137,115,22,22
19230,125,125,0,0
19231,84,86,-2,2
19232,43,66,-23,23
19233,99,96,3,3
19234,126,126,0,0
19235,97,98,-1,1
19236,105,107,-2,2
19237,74,76,-2,2
19238,108,113,-5,5
19239,70,70,0,0
19240,49,55,-6,6
19241,133,136,-3,3
19242,105,103,2,2
19243,147,149,-2,2
19244,98,98,0,0
19245,124,118,6,6
19246,73,74,-1,1
19247,78,82,-4,4
19248,106,106,0,0
19249,63,63,0,0
19250,87,91,-4,4
19251,80,81,-1,1
19252,101,99,2,2
19253,80,86,-6,6
19254,107,98,9,9
19255,65,73,-8,8
19256,62,57,5,5
19257,124,123,1,1
19258,37,55,-18,18
19259,109,100,9,9
19260,48,61,-13,13
19261,152,139,13,13
19262,163,157,6,6
19263,126,126,0,0
19264,62,90,-28,28
19265,128,125,3,3
19266,104,102,2,2
19267,110,126,-16,16
19268,79,75,4,4
19269,79,81,-2,2
19270,145,134,11,11
19271,74,86,-12,12
19272,59,75,-16,16
19273,107,100,7,7
19274,88,92,-4,4
19275,47,61,-14,14
19276,111,117,-6,6
19277,108,106,2,2
19278,133,117,16,16
19279,155,151,4,4
19280,85,90,-5,5
19281,135,116,19,19
19282,104,105,-1,1
19283,149,148,1,1
19284,78,81,-3,3
19285,76,90,-14,14
19286,96,105,-9,9
19287,130,126,4,4
19288,90,88,2,2
19289,55,87,-32,32
19290,123,125,-2,2
19291,65,70,-5,5
19292,69,56,13,13
19293,50,59,-9,9
19294,51,63,-12,12
19295,81,69,12,12
19296,108,116,-8,8
19297,81,81,0,0
19298,42,41,1,1
19299,141,117,24,24
19300,66,76,-10,10
19301,103,102,1,1
19302,147,137,10,10
19303,105,95,10,10
19304,136,116,20,20
19305,58,66,-8,8
19306,108,80,28,28
19307,63,69,-6,6
19308,116,119,-3,3
19309,147,133,14,14
19310,73,59,14,14
19311,92,95,-3,3
19312,63,70,-7,7
19313,98,105,-7,7
19314,153,138,15,15
19315,98,92,6,6
19316,68,79,-11,11
19317,70,60,10,10
19318,69,119,-50,50
19319,68,71,-3,3
19320,66,59,7,7
19321,83,67,16,16
19322,113,108,5,5
19323,123,100,23,23
19324,39,43,-4,4
19325,127,109,18,18
19326,119,121,-2,2
19327,80,79,1,1
19328,202,230,-28,28
19329,71,81,-10,10
19330,49,63,-14,14
19331,73,89,-16,16
19332,90,109,-19,19
19333,86,93,-7,7
19334,71,78,-7,7
19335,62,64,-2,2
19336,89,75,14,14
19337,205,187,18,18
19338,157,147,10,10
19339,95,116,-21,21
19340,54,69,-15,15
19341,86,78,8,8
19342,105,112,-7,7
19343,51,59,-8,8
19344,56,72,-16,16
19345,142,141,1,1
19346,151,146,5,5
19347,72,59,13,13
19348,71,76,-5,5
19349,73,82,-9,9
19350,58,62,-4,4
19351,175,239,-64,64
19352,132,120,12,12
19353,102,103,-1,1
19354,115,112,3,3
19355,92,104,-12,12
19356,77,75,2,2
19357,113,114,-1,1
19358,103,99,4,4
19359,147,149,-2,2
19360,93,119,-26,26
19361,105,108,-3,3
19362,95,84,11,11
19363,158,142,16,16
19364,117,110,7,7
19365,113,139,-26,26
19366,84,76,8,8
19367,64,68,-4,4
19368,98,91,7,7
19369,91,104,-13,13
19370,106,97,9,9
19371,57,64,-7,7
19372,130,127,3,3
19373,67,69,-2,2
19374,60,75,-15,15
19375,80,68,12,12
19376,109,105,4,4
19377,56,84,-28,28
19378,61,78,-17,17
19379,162,151,11,11
19380,105,101,4,4
19381,118,108,10,10
19382,88,90,-2,2
19383,61,55,6,6
19384,101,93,8,8
19385,130,135,-5,5
19386,116,118,-2,2
19387,66,68,-2,2
19388,67,111,-44,44
19389,68,78,-10,10
19390,54,52,2,2
19391,76,77,-1,1
19392,91,93,-2,2
19393,48,58,-10,10
19394,108,103,5,5
19395,50,52,-2,2
19396,121,127,-6,6
19397,55,62,-7,7
19398,99,91,8,8
19399,109,108,1,1
19400,129,126,3,3
19401,59,51,8,8
19402,193,178,15,15
19403,115,109,6,6
19404,168,161,7,7
19405,109,113,-4,4
19406,79,91,-12,12
19407,69,60,9,9
19408,124,138,-14,14
19409,86,96,-10,10
19410,108,112,-4,4
19411,57,68,-11,11
19412,69,75,-6,6
19413,73,83,-10,10
19414,93,102,-9,9
19415,108,108,0,0
19416,47,52,-5,5
19417,96,94,2,2
19418,136,145,-9,9
19419,62,52,10,10
19420,35,52,-17,17
19421,168,164,4,4
19422,72,71,1,1
19423,53,55,-2,2
19424,181,194,-13,13
19425,106,101,5,5
19426,110,124,-14,14
19427,71,78,-7,7
19428,81,87,-6,6
19429,66,66,0,0
19430,96,109,-13,13
19431,94,100,-6,6
19432,101,93,8,8
19433,56,73,-17,17
19434,161,144,17,17
19435,120,117,3,3
19436,90,96,-6,6
19437,74,77,-3,3
19438,119,111,8,8
19439,120,124,-4,4
19440,116,131,-15,15
19441,72,73,-1,1
19442,100,102,-2,2
19443,72,79,-7,7
19444,152,145,7,7
19445,65,80,-15,15
19446,84,85,-1,1
19447,100,102,-2,2
19448,116,108,8,8
19449,88,89,-1,1
19450,94,102,-8,8
19451,76,74,2,2
19452,70,73,-3,3
19453,72,88,-16,16
19454,114,117,-3,3
19455,95,101,-6,6
19456,88,82,6,6
19457,103,117,-14,14
19458,82,85,-3,3
19459,66,79,-13,13
19460,126,116,10,10
19461,215,299,-84,84
19462,127,131,-4,4
19463,71,71,0,0
19464,106,93,13,13
19465,125,133,-8,8
19466,98,86,12,12
19467,80,94,-14,14
19468,76,81,-5,5
19469,126,122,4,4
19470,45,48,-3,3
19471,98,102,-4,4
19472,75,74,1,1
19473,76,69,7,7
19474,103,114,-11,11
19475,149,164,-15,15
19476,110,104,6,6
19477,71,70,1,1
19478,121,132,-11,11
19479,86,95,-9,9
19480,44,66,-22,22
19481,126,128,-2,2
19482,145,129,16,16
19483,94,102,-8,8
19484,49,64,-15,15
19485,99,100,-1,1
19486,75,78,-3,3
19487,77,99,-22,22
19488,65,76,-11,11
19489,117,114,3,3
19490,87,84,3,3
19491,87,100,-13,13
19492,138,136,2,2
19493,66,64,2,2
19494,100,88,12,12
19495,107,98,9,9
19496,82,105,-23,23
19497,76,86,-10,10
19498,67,84,-17,17
19499,40,52,-12,12
19500,88,93,-5,5
19501,184,181,3,3
19502,92,90,2,2
19503,134,136,-2,2
19504,105,104,1,1
19505,112,112,0,0
19506,70,70,0,0
19507,70,79,-9,9
19508,57,66,-9,9
19509,120,115,5,5
19510,98,102,-4,4
19511,115,112,3,3
19512,84,103,-19,19
19513,97,91,6,6
19514,85,91,-6,6
19515,67,68,-1,1
19516,93,79,14,14
19517,123,128,-5,5
19518,52,115,-63,63
19519,113,108,5,5
19520,63,74,-11,11
19521,97,97,0,0
19522,103,101,2,2
19523,91,94,-3,3
19524,74,73,1,1
19525,110,126,-16,16
19526,162,146,16,16
19527,98,101,-3,3
19528,103,93,10,10
19529,96,100,-4,4
19530,35,42,-7,7
19531,85,89,-4,4
19532,69,69,0,0
19533,80,69,11,11
19534,60,60,0,0
19535,87,98,-11,11
19536,77,79,-2,2
19537,139,136,3,3
19538,51,60,-9,9
19539,122,114,8,8
19540,125,111,14,14
19541,63,53,10,10
19542,125,119,6,6
19543,85,105,-20,20
19544,112,115,-3,3
19545,58,64,-6,6
19546,104,101,3,3
19547,120,109,11,11
19548,43,48,-5,5
19549,90,105,-15,15
19550,29,48,-19,19
19551,92,80,12,12
19552,99,87,12,12
19553,55,70,-15,15
19554,66,66,0,0
19555,78,78,0,0
19556,67,64,3,3
19557,91,86,5,5
19558,143,126,17,17
19559,86,95,-9,9
19560,57,66,-9,9
19561,96,90,6,6
19562,101,113,-12,12
19563,58,56,2,2
19564,113,101,12,12
19565,44,50,-6,6
19566,140,118,22,22
19567,150,145,5,5
19568,117,120,-3,3
19569,86,89,-3,3
19570,99,83,16,16
19571,114,107,7,7
19572,81,76,5,5
19573,64,62,2,2
19574,132,134,-2,2
19575,82,81,1,1
19576,141,136,5,5
19577,68,84,-16,16
19578,137,127,10,10
19579,75,62,13,13
19580,71,71,0,0
19581,59,48,11,11
19582,45,38,7,7
19583,70,64,6,6
19584,107,110,-3,3
19585,59,65,-6,6
19586,41,50,-9,9
19587,65,79,-14,14
19588,50,55,-5,5
19589,88,88,0,0
19590,114,116,-2,2
19591,64,62,2,2
19592,154,154,0,0
19593,64,64,0,0
19594,46,68,-22,22
19595,120,115,5,5
19596,80,81,-1,1
19597,52,56,-4,4
19598,88,116,-28,28
19599,65,82,-17,17
19600,49,54,-5,5
19601,82,91,-9,9
19602,108,116,-8,8
19603,59,64,-5,5
19604,68,72,-4,4
19605,99,83,16,16
19606,100,96,4,4
19607,100,96,4,4
19608,156,147,9,9
19609,91,105,-14,14
19610,152,145,7,7
19611,125,108,17,17
19612,60,64,-4,4
19613,43,49,-6,6
19614,48,70,-22,22
19615,94,102,-8,8
19616,70,73,-3,3
19617,52,59,-7,7
19618,70,70,0,0
19619,154,142,12,12
19620,133,136,-3,3
19621,72,75,-3,3
19622,79,84,-5,5
19623,111,113,-2,2
19624,72,75,-3,3
19625,147,142,5,5
19626,94,91,3,3
19627,41,54,-13,13
19628,79,84,-5,5
19629,61,62,-1,1
19630,68,72,-4,4
19631,70,69,1,1
19632,80,86,-6,6
19633,58,66,-8,8
19634,45,50,-5,5
19635,187,176,11,11
19636,84,78,6,6
19637,76,74,2,2
19638,154,156,-2,2
19639,139,124,15,15
19640,173,165,8,8
19641,75,72,3,3
19642,148,131,17,17
19643,174,161,13,13
19644,100,107,-7,7
19645,29,49,-20,20
19646,102,83,19,19
19647,67,72,-5,5
19648,51,53,-2,2
19649,133,111,22,22
19650,36,57,-21,21
19651,66,73,-7,7
19652,65,61,4,4
19653,73,78,-5,5
19654,151,178,-27,27
19655,87,73,14,14
19656,138,144,-6,6
19657,65,68,-3,3
19658,97,91,6,6
19659,84,82,2,2
19660,171,169,2,2
19661,110,107,3,3
19662,120,117,3,3
19663,99,89,10,10
19664,135,150,-15,15
19665,90,86,4,4
19666,70,70,0,0
19667,99,96,3,3
19668,58,56,2,2
19669,109,131,-22,22
19670,77,76,1,1
19671,74,72,2,2
19672,134,138,-4,4
19673,130,108,22,22
19674,65,69,-4,4
19675,109,111,-2,2
19676,75,81,-6,6
19677,125,122,3,3
19678,99,98,1,1
19679,147,141,6,6
19680,160,154,6,6
19681,49,54,-5,5
19682,62,69,-7,7
19683,332,318,14,14
19684,127,118,9,9
19685,34,32,2,2
19686,145,138,7,7
19687,108,114,-6,6
19688,66,79,-13,13
19689,65,68,-3,3
19690,157,144,13,13
19691,89,84,5,5
19692,97,103,-6,6
19693,116,107,9,9
19694,102,97,5,5
19695,118,120,-2,2
19696,161,162,-1,1
19697,97,88,9,9
19698,40,44,-4,4
19699,63,67,-4,4
19700,70,82,-12,12
19701,83,83,0,0
19702,100,100,0,0
19703,76,72,4,4
19704,105,104,1,1
19705,72,78,-6,6
19706,69,81,-12,12
19707,136,137,-1,1
19708,126,107,19,19
19709,130,132,-2,2
19710,116,119,-3,3
19711,87,87,0,0
19712,100,105,-5,5
19713,100,99,1,1
19714,55,55,0,0
19715,92,96,-4,4
19716,101,94,7,7
19717,149,155,-6,6
19718,98,94,4,4
19719,89,97,-8,8
19720,40,34,6,6
19721,91,84,7,7
19722,103,103,0,0
19723,88,80,8,8
19724,76,90,-14,14
19725,43,59,-16,16
19726,60,72,-12,12
19727,165,154,11,11
19728,148,160,-12,12
19729,114,113,1,1
19730,97,86,11,11
19731,141,147,-6,6
19732,82,94,-12,12
19733,89,90,-1,1
19734,141,135,6,6
19735,31,42,-11,11
19736,87,94,-7,7
19737,83,90,-7,7
19738,64,64,0,0
19739,68,80,-12,12
19740,75,77,-2,2
19741,102,107,-5,5
19742,54,61,-7,7
19743,108,109,-1,1
19744,104,95,9,9
19745,132,134,-2,2
19746,77,87,-10,10
19747,130,117,13,13
19748,46,49,-3,3
19749,83,34,49,49
19750,79,83,-4,4
19751,180,167,13,13
19752,118,121,-3,3
19753,105,112,-7,7
19754,93,101,-8,8
19755,81,70,11,11
19756,61,83,-22,22
19757,142,145,-3,3
19758,93,105,-12,12
19759,100,101,-1,1
19760,146,142,4,4
19761,64,67,-3,3
19762,116,111,5,5
19763,55,51,4,4
19764,55,62,-7,7
19765,86,99,-13,13
19766,90,99,-9,9
19767,146,137,9,9
19768,55,54,1,1
19769,76,72,4,4
19770,48,59,-11,11
19771,84,78,6,6
19772,62,68,-6,6
19773,93,88,5,5
19774,104,96,8,8
19775,108,112,-4,4
19776,83,91,-8,8
19777,57,51,6,6
19778,76,73,3,3
19779,100,135,-35,35
19780,96,97,-1,1
19781,124,98,26,26
19782,55,69,-14,14
19783,61,68,-7,7
19784,104,109,-5,5
19785,70,76,-6,6
19786,94,89,5,5
19787,64,74,-10,10
19788,113,119,-6,6
19789,92,91,1,1
19790,136,142,-6,6
19791,115,101,14,14
19792,103,106,-3,3
19793,84,87,-3,3
19794,60,65,-5,5
19795,83,110,-27,27
19796,127,127,0,0
19797,137,118,19,19
19798,64,55,9,9
19799,180,169,11,11
19800,144,131,13,13
19801,82,75,7,7
19802,89,84,5,5
19803,122,127,-5,5
19804,85,90,-5,5
19805,127,112,15,15
19806,86,82,4,4
19807,81,83,-2,2
19808,102,95,7,7
19809,104,82,22,22
19810,47,49,-2,2
19811,163,149,14,14
19812,102,101,1,1
19813,152,147,5,5
19814,139,127,12,12
19815,88,78,10,10
19816,57,60,-3,3
19817,79,73,6,6
19818,60,51,9,9
19819,104,94,10,10
19820,92,91,1,1
19821,74,73,1,1
19822,94,99,-5,5
19823,102,108,-6,6
19824,109,105,4,4
19825,86,83,3,3
19826,85,76,9,9
19827,86,85,1,1
19828,158,141,17,17
19829,78,77,1,1
19830,72,73,-1,1
19831,127,126,1,1
19832,81,85,-4,4
19833,99,104,-5,5
19834,64,76,-12,12
19835,137,147,-10,10
19836,99,98,1,1
19837,74,80,-6,6
19838,80,91,-11,11
19839,99,151,-52,52
19840,95,99,-4,4
19841,48,53,-5,5
19842,77,86,-9,9
19843,88,101,-13,13
19844,99,98,1,1
19845,87,73,14,14
19846,75,81,-6,6
19847,103,104,-1,1
19848,190,187,3,3
19849,88,66,22,22
19850,85,92,-7,7
19851,59,56,3,3
19852,63,83,-20,20
19853,85,85,0,0
19854,67,90,-23,23
19855,76,83,-7,7
19856,115,114,1,1
19857,62,64,-2,2
19858,61,57,4,4
19859,147,142,5,5
19860,153,145,8,8
19861,68,65,3,3
19862,106,109,-3,3
19863,79,79,0,0
19864,165,147,18,18
19865,63,60,3,3
19866,106,104,2,2
19867,74,78,-4,4
19868,135,128,7,7
19869,76,75,1,1
19870,113,122,-9,9
19871,77,82,-5,5
19872,67,83,-16,16
19873,93,105,-12,12
19874,170,168,2,2
19875,77,86,-9,9
19876,88,86,2,2
19877,103,101,2,2
19878,85,82,3,3
19879,82,79,3,3
19880,70,90,-20,20
19881,94,106,-12,12
19882,44,49,-5,5
19883,103,86,17,17
19884,99,98,1,1
19885,67,67,0,0
19886,56,73,-17,17
19887,94,89,5,5
19888,77,85,-8,8
19889,68,76,-8,8
19890,125,115,10,10
19891,110,109,1,1
19892,102,91,11,11
19893,57,65,-8,8
19894,68,91,-23,23
19895,75,81,-6,6
19896,101,97,4,4
19897,57,52,5,5
19898,93,112,-19,19
19899,52,40,12,12
19900,57,69,-12,12
19901,123,118,5,5
19902,111,109,2,2
19903,62,68,-6,6
19904,89,101,-12,12
19905,114,108,6,6
19906,45,50,-5,5
19907,79,76,3,3
19908,134,121,13,13
19909,101,102,-1,1
19910,92,91,1,1
19911,74,68,6,6
19912,95,91,4,4
19913,49,59,-10,10
19914,86,79,7,7
19915,50,74,-24,24
19916,55,70,-15,15
19917,49,42,7,7
19918,87,88,-1,1
19919,59,66,-7,7
19920,108,119,-11,11
19921,88,139,-51,51
19922,118,125,-7,7
19923,108,108,0,0
19924,38,75,-37,37
19925,94,88,6,6
19926,35,29,6,6
19927,114,122,-8,8
19928,124,115,9,9
19929,108,111,-3,3
19930,129,145,-16,16
19931,69,73,-4,4
19932,108,117,-9,9
19933,66,72,-6,6
19934,62,61,1,1
19935,107,107,0,0
19936,65,68,-3,3
19937,169,153,16,16
19938,115,107,8,8
19939,116,117,-1,1
19940,87,88,-1,1
19941,62,56,6,6
19942,128,117,11,11
19943,126,123,3,3
19944,139,135,4,4
19945,217,193,24,24
19946,147,150,-3,3
19947,117,105,12,12
19948,181,184,-3,3
19949,101,146,-45,45
19950,66,67,-1,1
19951,77,71,6,6
19952,110,115,-5,5
19953,186,179,7,7
19954,60,55,5,5
19955,68,68,0,0
19956,125,132,-7,7
19957,52,59,-7,7
19958,75,76,-1,1
19959,109,108,1,1
19960,44,43,1,1
19961,123,125,-2,2
19962,123,108,15,15
19963,69,68,1,1
19964,51,53,-2,2
19965,148,139,9,9
19966,104,93,11,11
19967,64,70,-6,6
19968,82,92,-10,10
19969,82,76,6,6
19970,135,135,0,0
19971,54,61,-7,7
19972,88,78,10,10
19973,88,86,2,2
19974,102,98,4,4
19975,45,53,-8,8
19976,85,89,-4,4
19977,117,112,5,5
19978,124,118,6,6
19979,60,74,-14,14
19980,40,55,-15,15
19981,133,122,11,11
19982,101,103,-2,2
19983,80,72,8,8
19984,90,107,-17,17
19985,85,90,-5,5
19986,68,73,-5,5
19987,150,164,-14,14
19988,86,94,-8,8
19989,105,114,-9,9
19990,45,66,-21,21
19991,149,155,-6,6
19992,74,75,-1,1
19993,40,46,-6,6
19994,75,83,-8,8
19995,47,54,-7,7
19996,70,68,2,2
19997,56,59,-3,3
19998,46,54,-8,8
19999,98,96,2,2
20000,107,99,8,8
20001,121,111,10,10
20002,192,196,-4,4
20003,50,60,-10,10
20004,62,80,-18,18
20005,93,91,2,2
20006,96,76,20,20
20007,72,68,4,4
20008,134,137,-3,3
20009,98,104,-6,6
20010,159,144,15,15
20011,115,117,-2,2
20012,54,52,2,2
20013,60,62,-2,2
20014,80,82,-2,2
20015,103,103,0,0
20016,89,86,3,3
20017,118,116,2,2
20018,109,104,5,5
20019,65,75,-10,10
20020,62,73,-11,11
20021,100,103,-3,3
20022,127,138,-11,11
20023,54,59,-5,5
20024,113,99,14,14
20025,122,112,10,10
20026,140,132,8,8
20027,71,66,5,5
20028,86,97,-11,11
20029,94,101,-7,7
20030,124,113,11,11
20031,59,48,11,11
20032,115,116,-1,1
20033,61,60,1,1
20034,65,54,11,11
20035,79,85,-6,6
20036,122,114,8,8
20037,97,100,-3,3
20038,64,70,-6,6
20039,107,100,7,7
20040,109,102,7,7
20041,70,72,-2,2
20042,63,62,1,1
20043,104,108,-4,4
20044,88,74,14,14
20045,91,97,-6,6
20046,136,132,4,4
20047,67,68,-1,1
20048,65,68,-3,3
20049,97,101,-4,4
20050,114,117,-3,3
20051,122,138,-16,16
20052,76,77,-1,1
20053,96,98,-2,2
20054,90,80,10,10
20055,68,62,6,6
20056,78,76,2,2
20057,158,159,-1,1
20058,77,80,-3,3
20059,65,66,-1,1
20060,126,114,12,12
20061,102,94,8,8
20062,96,88,8,8
20063,120,130,-10,10
20064,44,49,-5,5
20065,68,76,-8,8
20066,170,180,-10,10
20067,40,49,-9,9
20068,43,56,-13,13
20069,95,88,7,7
20070,114,110,4,4
20071,60,69,-9,9
20072,35,50,-15,15
20073,70,64,6,6
20074,126,133,-7,7
20075,68,66,2,2
20076,137,143,-6,6
20077,154,138,16,16
20078,139,134,5,5
20079,103,96,7,7
20080,82,76,6,6
20081,94,105,-11,11
20082,136,127,9,9
20083,81,75,6,6
20084,51,55,-4,4
20085,126,117,9,9
20086,89,133,-44,44
20087,88,93,-5,5
20088,77,69,8,8
20089,83,88,-5,5
20090,77,76,1,1
20091,84,85,-1,1
20092,82,71,11,11
20093,65,61,4,4
20094,113,105,8,8
20095,78,88,-10,10
20096,54,55,-1,1
20097,94,110,-16,16
20098,59,62,-3,3
20099,117,121,-4,4
20100,78,72,6,6
20101,48,50,-2,2
20102,54,67,-13,13
20103,99,110,-11,11
20104,71,70,1,1
20105,136,126,10,10
20106,45,53,-8,8
20107,84,84,0,0
20108,82,74,8,8
20109,45,53,-8,8
20110,125,103,22,22
20111,50,55,-5,5
20112,71,74,-3,3
20113,89,82,7,7
20114,61,72,-11,11
20115,105,102,3,3
20116,143,135,8,8
20117,185,177,8,8
20118,48,54,-6,6
20119,98,97,1,1
20120,38,46,-8,8
20121,92,85,7,7
20122,139,139,0,0
20123,99,92,7,7
20124,106,107,-1,1
20125,60,79,-19,19
20126,96,76,20,20
20127,138,144,-6,6
20128,83,82,1,1
20129,152,123,29,29
20130,115,123,-8,8
20131,84,92,-8,8
20132,133,130,3,3
20133,128,120,8,8
20134,78,86,-8,8
20135,93,91,2,2
20136,105,104,1,1
20137,90,96,-6,6
20138,205,158,47,47
20139,80,80,0,0
20140,80,85,-5,5
20141,118,98,20,20
20142,60,72,-12,12
20143,101,93,8,8
20144,95,99,-4,4
20145,130,133,-3,3
20146,113,112,1,1
20147,79,105,-26,26
20148,88,85,3,3
20149,109,104,5,5
20150,98,118,-20,20
20151,70,69,1,1
20152,92,88,4,4
20153,157,158,-1,1
20154,44,52,-8,8
20155,95,93,2,2
20156,87,88,-1,1
20157,109,84,25,25
20158,111,118,-7,7
20159,86,81,5,5
20160,149,144,5,5
20161,111,101,10,10
20162,45,55,-10,10
20163,150,149,1,1
20164,89,79,10,10
20165,67,74,-7,7
20166,87,93,-6,6
20167,150,141,9,9
20168,124,112,12,12
20169,96,99,-3,3
20170,125,121,4,4
20171,116,128,-12,12
20172,80,83,-3,3
20173,156,133,23,23
20174,159,161,-2,2
20175,108,112,-4,4
20176,90,88,2,2
20177,117,107,10,10
20178,139,127,12,12
20179,87,87,0,0
20180,79,72,7,7
20181,103,100,3,3
20182,157,146,11,11
20183,159,175,-16,16
20184,46,87,-41,41
20185,84,83,1,1
20186,62,71,-9,9
20187,99,100,-1,1
20188,62,74,-12,12
20189,87,104,-17,17
20190,186,186,0,0
20191,104,92,12,12
20192,83,79,4,4
20193,82,82,0,0
20194,82,83,-1,1
20195,116,116,0,0
20196,48,55,-7,7
20197,72,83,-11,11
20198,81,87,-6,6
20199,89,102,-13,13
20200,66,65,1,1
20201,99,118,-19,19
20202,97,96,1,1
20203,83,86,-3,3
20204,57,58,-1,1
20205,95,93,2,2
20206,81,85,-4,4
20207,77,89,-12,12
20208,65,65,0,0
20209,109,109,0,0
20210,58,54,4,4
20211,38,45,-7,7
20212,109,111,-2,2
20213,128,125,3,3
20214,68,60,8,8
20215,134,129,5,5
20216,80,84,-4,4
20217,197,182,15,15
20218,105,105,0,0
20219,78,77,1,1
20220,99,120,-21,21
20221,88,91,-3,3
20222,105,92,13,13
20223,63,81,-18,18
20224,76,95,-19,19
20225,80,87,-7,7
20226,68,73,-5,5
20227,97,102,-5,5
20228,107,117,-10,10
20229,96,81,15,15
20230,120,127,-7,7
20231,110,99,11,11
20232,67,71,-4,4
20233,154,133,21,21
20234,133,121,12,12
20235,98,95,3,3
20236,93,93,0,0
20237,93,93,0,0
20238,95,102,-7,7
20239,96,92,4,4
20240,66,71,-5,5
20241,54,63,-9,9
20242,89,91,-2,2
20243,165,145,20,20
20244,189,211,-22,22
20245,62,64,-2,2
20246,49,56,-7,7
20247,59,61,-2,2
20248,82,79,3,3
20249,75,74,1,1
20250,121,108,13,13
20251,116,105,11,11
20252,185,192,-7,7
20253,139,129,10,10
20254,73,68,5,5
20255,147,131,16,16
20256,109,123,-14,14
20257,119,124,-5,5
20258,83,82,1,1
20259,122,122,0,0
20260,84,98,-14,14
20261,130,124,6,6
20262,137,139,-2,2
20263,96,100,-4,4
20264,81,83,-2,2
20265,123,122,1,1
20266,83,70,13,13
20267,104,93,11,11
20268,121,114,7,7
20269,130,126,4,4
20270,104,97,7,7
20271,107,100,7,7
20272,121,116,5,5
20273,76,74,2,2
20274,59,66,-7,7
20275,127,129,-2,2
20276,179,192,-13,13
20277,70,80,-10,10
20278,83,92,-9,9
20279,83,85,-2,2
20280,52,64,-12,12
20281,58,59,-1,1
20282,116,119,-3,3
20283,57,69,-12,12
20284,107,99,8,8
20285,164,171,-7,7
20286,110,101,9,9
20287,101,102,-1,1
20288,159,138,21,21
20289,103,109,-6,6
20290,133,134,-1,1
20291,59,77,-18,18
20292,93,103,-10,10
20293,129,122,7,7
20294,49,67,-18,18
20295,98,98,0,0
20296,100,97,3,3
20297,131,131,0,0
20298,140,150,-10,10
20299,87,95,-8,8
20300,138,122,16,16
20301,145,139,6,6
20302,124,121,3,3
20303,111,105,6,6
20304,128,118,10,10
20305,83,72,11,11
20306,90,102,-12,12
20307,96,86,10,10
20308,160,148,12,12
20309,75,74,1,1
20310,83,90,-7,7
20311,115,117,-2,2
20312,78,87,-9,9
20313,91,93,-2,2
20314,60,54,6,6
20315,92,93,-1,1
20316,107,99,8,8
20317,94,104,-10,10
20318,75,103,-28,28
20319,60,55,5,5
20320,58,71,-13,13
20321,103,106,-3,3
20322,68,70,-2,2
20323,141,121,20,20
20324,89,94,-5,5
20325,172,159,13,13
20326,147,134,13,13
20327,94,88,6,6
20328,128,129,-1,1
20329,76,75,1,1
20330,97,89,8,8
20331,110,115,-5,5
20332,89,93,-4,4
20333,72,70,2,2
20334,104,115,-11,11
20335,82,108,-26,26
20336,87,88,-1,1
20337,96,106,-10,10
20338,94,106,-12,12
20339,158,177,-19,19
20340,102,106,-4,4
20341,62,68,-6,6
20342,53,58,-5,5
20343,98,89,9,9
20344,96,91,5,5
20345,79,82,-3,3
20346,131,112,19,19
20347,44,51,-7,7
20348,102,95,7,7
20349,69,74,-5,5
20350,106,111,-5,5
20351,128,136,-8,8
20352,49,62,-13,13
20353,123,112,11,11
20354,191,170,21,21
20355,116,106,10,10
20356,127,121,6,6
20357,42,50,-8,8
20358,124,104,20,20
20359,92,104,-12,12
20360,143,135,8,8
20361,68,69,-1,1
20362,111,104,7,7
20363,120,134,-14,14
20364,93,93,0,0
20365,46,60,-14,14
20366,116,105,11,11
20367,84,85,-1,1
20368,39,51,-12,12
20369,70,69,1,1
20370,59,60,-1,1
20371,107,135,-28,28
20372,59,52,7,7
20373,115,105,10,10
20374,92,105,-13,13
20375,105,114,-9,9
20376,110,101,9,9
20377,60,65,-5,5
20378,119,114,5,5
20379,106,113,-7,7
20380,90,92,-2,2
20381,63,64,-1,1
20382,103,103,0,0
20383,105,117,-12,12
20384,98,97,1,1
20385,48,60,-12,12
20386,110,135,-25,25
20387,119,106,13,13
20388,86,84,2,2
20389,82,99,-17,17
20390,65,70,-5,5
20391,89,88,1,1
20392,118,122,-4,4
20393,146,131,15,15
20394,65,76,-11,11
20395,125,120,5,5
20396,87,85,2,2
20397,89,88,1,1
20398,75,75,0,0
20399,87,82,5,5
20400,130,129,1,1
20401,51,53,-2,2
20402,129,134,-5,5
20403,81,76,5,5
20404,80,82,-2,2
20405,66,62,4,4
20406,47,52,-5,5
20407,103,113,-10,10
20408,77,97,-20,20
20409,60,79,-19,19
20410,133,133,0,0
20411,66,67,-1,1
20412,161,140,21,21
20413,101,98,3,3
20414,80,77,3,3
20415,124,134,-10,10
20416,140,146,-6,6
20417,120,104,16,16
20418,141,123,18,18
20419,90,88,2,2
20420,54,64,-10,10
20421,63,54,9,9
20422,115,120,-5,5
20423,59,69,-10,10
20424,68,74,-6,6
20425,51,53,-2,2
20426,56,61,-5,5
20427,69,86,-17,17
20428,71,76,-5,5
20429,103,117,-14,14
20430,94,102,-8,8
20431,157,176,-19,19
20432,122,110,12,12
20433,111,109,2,2
20434,120,126,-6,6
20435,103,94,9,9
20436,62,64,-2,2
20437,130,124,6,6
20438,81,84,-3,3
20439,166,152,14,14
20440,79,87,-8,8
20441,90,96,-6,6
20442,91,93,-2,2
20443,44,45,-1,1
20444,87,89,-2,2
20445,117,108,9,9
20446,101,115,-14,14
20447,106,106,0,0
20448,102,100,2,2
20449,74,84,-10,10
20450,175,163,12,12
20451,71,81,-10,10
20452,122,116,6,6
20453,165,159,6,6
20454,134,133,1,1
20455,192,193,-1,1
20456,80,76,4,4
20457,65,65,0,0
20458,105,110,-5,5
20459,121,117,4,4
20460,84,89,-5,5
20461,106,103,3,3
20462,91,88,3,3
20463,174,172,2,2
20464,64,59,5,5
20465,58,67,-9,9
20466,76,70,6,6
20467,70,81,-11,11
20468,143,137,6,6
20469,92,93,-1,1
20470,94,96,-2,2
20471,95,93,2,2
20472,119,111,8,8
20473,101,88,13,13
20474,110,112,-2,2
20475,144,156,-12,12
20476,129,146,-17,17
20477,79,79,0,0
20478,99,106,-7,7
20479,85,84,1,1
20480,142,125,17,17
20481,77,91,-14,14
20482,62,68,-6,6
20483,122,121,1,1
20484,106,115,-9,9
20485,52,51,1,1
20486,79,88,-9,9
20487,95,92,3,3
20488,77,79,-2,2
20489,89,95,-6,6
20490,70,68,2,2
20491,97,101,-4,4
20492,100,109,-9,9
20493,79,71,8,8
20494,138,143,-5,5
20495,123,121,2,2
20496,152,138,14,14
20497,135,127,8,8
20498,83,86,-3,3
20499,118,102,16,16
20500,91,82,9,9
20501,83,84,-1,1
20502,77,82,-5,5
20503,69,82,-13,13
20504,68,73,-5,5
20505,139,124,15,15
20506,171,161,10,10
20507,80,88,-8,8
20508,83,76,7,7
20509,108,106,2,2
20510,92,93,-1,1
20511,59,68,-9,9
20512,74,78,-4,4
20513,62,58,4,4
20514,138,133,5,5
20515,55,68,-13,13
20516,85,73,12,12
20517,77,79,-2,2
20518,39,42,-3,3
20519,65,60,5,5
20520,109,112,-3,3
20521,91,84,7,7
20522,74,72,2,2
20523,74,75,-1,1
20524,154,154,0,0
20525,153,141,12,12
20526,40,46,-6,6
20527,110,105,5,5
20528,63,56,7,7
20529,114,104,10,10
20530,114,125,-11,11
20531,62,75,-13,13
20532,81,79,2,2
20533,49,55,-6,6
20534,63,61,2,2
20535,93,90,3,3
20536,76,70,6,6
20537,146,150,-4,4
20538,87,86,1,1
20539,162,178,-16,16
20540,91,94,-3,3
20541,107,131,-24,24
20542,82,90,-8,8
20543,97,101,-4,4
20544,42,46,-4,4
20545,81,78,3,3
20546,115,114,1,1
20547,120,109,11,11
20548,62,71,-9,9
20549,131,135,-4,4
20550,82,97,-15,15
20551,59,65,-6,6
20552,127,134,-7,7
20553,100,99,1,1
20554,92,88,4,4
20555,55,60,-5,5
20556,111,105,6,6
20557,92,89,3,3
20558,111,116,-5,5
20559,189,166,23,23
20560,93,86,7,7
20561,61,63,-2,2
20562,50,44,6,6
20563,62,71,-9,9
20564,46,50,-4,4
20565,145,165,-20,20
20566,82,90,-8,8
20567,83,81,2,2
20568,78,81,-3,3
20569,69,67,2,2
20570,117,109,8,8
20571,142,139,3,3
20572,111,113,-2,2
20573,72,67,5,5
20574,95,86,9,9
20575,141,122,19,19
20576,179,169,10,10
20577,85,89,-4,4
20578,286,294,-8,8
20579,87,86,1,1
20580,93,95,-2,2
20581,87,87,0,0
20582,49,54,-5,5
20583,87,91,-4,4
20584,143,114,29,29
20585,98,120,-22,22
20586,70,75,-5,5
20587,112,118,-6,6
20588,53,70,-17,17
20589,55,64,-9,9
20590,88,86,2,2
20591,113,124,-11,11
20592,86,92,-6,6
20593,59,37,22,22
20594,62,63,-1,1
20595,71,86,-15,15
20596,102,122,-20,20
20597,69,78,-9,9
20598,117,116,1,1
20599,79,80,-1,1
20600,131,148,-17,17
20601,45,53,-8,8
20602,81,78,3,3
20603,62,80,-18,18
20604,82,87,-5,5
20605,86,89,-3,3
20606,52,50,2,2
20607,79,78,1,1
20608,108,101,7,7
20609,62,67,-5,5
20610,94,97,-3,3
20611,74,96,-22,22
20612,136,118,18,18
20613,151,151,0,0
20614,145,156,-11,11
20615,99,100,-1,1
20616,169,166,3,3
20617,69,67,2,2
20618,54,54,0,0
20619,93,82,11,11
20620,106,106,0,0
20621,77,75,2,2
20622,100,105,-5,5
20623,96,95,1,1
20624,56,49,7,7
20625,99,90,9,9
20626,115,114,1,1
20627,90,87,3,3
20628,56,58,-2,2
20629,83,76,7,7
20630,117,104,13,13
20631,75,86,-11,11
20632,88,84,4,4
20633,80,88,-8,8
20634,150,136,14,14
20635,126,117,9,9
20636,92,99,-7,7
20637,117,114,3,3
20638,75,88,-13,13
20639,92,96,-4,4
20640,72,76,-4,4
20641,45,59,-14,14
20642,55,81,-26,26
20643,123,122,1,1
20644,127,117,10,10
20645,128,130,-2,2
20646,161,166,-5,5
20647,130,129,1,1
20648,87,76,11,11
20649,223,193,30,30
20650,79,85,-6,6
20651,155,144,11,11
20652,77,86,-9,9
20653,82,75,7,7
20654,101,107,-6,6
20655,89,110,-21,21
20656,106,112,-6,6
20657,68,47,21,21
20658,98,94,4,4
20659,102,110,-8,8
20660,88,80,8,8
20661,102,99,3,3
20662,173,153,20,20
20663,52,62,-10,10
20664,114,114,0,0
20665,85,74,11,11
20666,86,86,0,0
20667,77,69,8,8
20668,81,78,3,3
20669,89,80,9,9
20670,149,134,15,15
20671,68,76,-8,8
20672,77,75,2,2
20673,83,82,1,1
20674,71,73,-2,2
20675,71,75,-4,4
20676,91,96,-5,5
20677,56,57,-1,1
20678,80,90,-10,10
20679,129,110,19,19
20680,95,84,11,11
20681,114,105,9,9
20682,149,135,14,14
20683,74,65,9,9
20684,84,72,12,12
20685,72,73,-1,1
20686,119,125,-6,6
20687,82,76,6,6
20688,94,112,-18,18
20689,89,98,-9,9
20690,45,54,-9,9
20691,77,61,16,16
20692,169,187,-18,18
20693,100,91,9,9
20694,114,104,10,10
20695,95,98,-3,3
20696,97,114,-17,17
20697,224,217,7,7
20698,96,97,-1,1
20699,66,74,-8,8
20700,97,100,-3,3
20701,113,107,6,6
20702,107,103,4,4
20703,59,74,-15,15
20704,148,155,-7,7
20705,66,49,17,17
20706,151,152,-1,1
20707,87,84,3,3
20708,119,102,17,17
20709,63,58,5,5
20710,122,113,9,9
20711,75,73,2,2
20712,142,138,4,4
20713,33,41,-8,8
20714,86,95,-9,9
20715,33,46,-13,13
20716,144,118,26,26
20717,124,112,12,12
20718,77,76,1,1
20719,144,134,10,10
20720,88,96,-8,8
20721,87,94,-7,7
20722,45,38,7,7
20723,104,83,21,21
20724,70,75,-5,5
20725,87,89,-2,2
20726,139,135,4,4
20727,136,132,4,4
20728,85,78,7,7
20729,106,113,-7,7
20730,134,122,12,12
20731,98,94,4,4
20732,77,82,-5,5
20733,131,127,4,4
20734,125,146,-21,21
20735,76,79,-3,3
20736,110,95,15,15
20737,123,112,11,11
20738,56,57,-1,1
20739,62,71,-9,9
20740,59,57,2,2
20741,96,105,-9,9
20742,107,105,2,2
20743,126,132,-6,6
20744,114,114,0,0
20745,85,91,-6,6
20746,63,61,2,2
20747,59,83,-24,24
20748,80,81,-1,1
20749,93,84,9,9
20750,82,89,-7,7
20751,73,75,-2,2
20752,133,133,0,0
20753,145,126,19,19
20754,78,82,-4,4
20755,89,89,0,0
20756,81,75,6,6
20757,100,101,-1,1
20758,129,137,-8,8
20759,80,91,-11,11
20760,122,116,6,6
20761,26,42,-16,16
20762,151,149,2,2
20763,118,122,-4,4
20764,146,132,14,14
20765,75,75,0,0
20766,80,111,-31,31
20767,52,62,-10,10
20768,128,110,18,18
20769,76,91,-15,15
20770,73,79,-6,6
20771,55,54,1,1
20772,94,92,2,2
20773,115,110,5,5
20774,70,74,-4,4
20775,125,114,11,11
20776,50,55,-5,5
20777,90,92,-2,2
20778,110,111,-1,1
20779,120,122,-2,2
20780,62,71,-9,9
20781,78,95,-17,17
20782,132,137,-5,5
20783,46,51,-5,5
20784,140,147,-7,7
20785,97,92,5,5
20786,53,60,-7,7
20787,93,97,-4,4
20788,145,131,14,14
20789,84,95,-11,11
20790,121,125,-4,4
20791,124,128,-4,4
20792,65,63,2,2
20793,129,134,-5,5
20794,111,110,1,1
20795,81,74,7,7
20796,87,76,11,11
20797,64,72,-8,8
20798,92,86,6,6
20799,74,67,7,7
20800,78,78,0,0
20801,72,77,-5,5
20802,101,98,3,3
20803,35,47,-12,12
20804,171,158,13,13
20805,54,51,3,3
20806,155,182,-27,27
20807,151,139,12,12
20808,45,58,-13,13
20809,87,82,5,5
20810,115,110,5,5
20811,75,70,5,5
20812,89,86,3,3
20813,134,123,11,11
20814,65,66,-1,1
20815,51,49,2,2
20816,33,41,-8,8
20817,85,98,-13,13
20818,114,121,-7,7
20819,120,119,1,1
20820,83,89,-6,6
20821,106,115,-9,9
20822,41,51,-10,10
20823,101,119,-18,18
20824,134,140,-6,6
20825,132,124,8,8
20826,53,68,-15,15
20827,89,84,5,5
20828,120,125,-5,5
20829,106,116,-10,10
20830,165,159,6,6
20831,59,67,-8,8
20832,77,75,2,2
20833,105,105,0,0
20834,113,120,-7,7
20835,85,90,-5,5
20836,57,57,0,0
20837,101,111,-10,10
20838,109,105,4,4
20839,129,132,-3,3
20840,75,90,-15,15
20841,143,140,3,3
20842,48,60,-12,12
20843,115,128,-13,13
20844,57,106,-49,49
20845,76,80,-4,4
20846,79,76,3,3
20847,107,105,2,2
20848,61,86,-25,25
20849,134,137,-3,3
20850,93,91,2,2
20851,141,141,0,0
20852,81,73,8,8
20853,65,68,-3,3
20854,148,142,6,6
20855,70,81,-11,11
20856,78,92,-14,14
20857,46,53,-7,7
20858,108,108,0,0
20859,94,92,2,2
20860,165,159,6,6
20861,83,90,-7,7
20862,131,123,8,8
20863,91,81,10,10
20864,86,123,-37,37
20865,99,98,1,1
20866,111,96,15,15
20867,93,94,-1,1
20868,82,76,6,6
20869,60,72,-12,12
20870,89,77,12,12
20871,153,156,-3,3
20872,102,104,-2,2
20873,92,102,-10,10
20874,102,107,-5,5
20875,118,129,-11,11
20876,75,64,11,11
20877,176,173,3,3
20878,129,125,4,4
20879,69,87,-18,18
20880,83,78,5,5
20881,124,116,8,8
20882,68,63,5,5
20883,102,87,15,15
20884,63,63,0,0
20885,96,108,-12,12
20886,120,133,-13,13
20887,75,84,-9,9
20888,111,106,5,5
20889,181,162,19,19
20890,82,81,1,1
20891,132,120,12,12
20892,48,68,-20,20
20893,75,81,-6,6
20894,64,70,-6,6
20895,41,42,-1,1
20896,64,80,-16,16
20897,97,99,-2,2
20898,77,79,-2,2
20899,91,83,8,8
20900,51,56,-5,5
20901,68,72,-4,4
20902,121,119,2,2
20903,86,89,-3,3
20904,59,66,-7,7
20905,107,98,9,9
20906,84,87,-3,3
20907,55,61,-6,6
20908,76,89,-13,13
20909,93,87,6,6
20910,40,51,-11,11
20911,118,111,7,7
20912,156,158,-2,2
20913,126,120,6,6
20914,74,69,5,5
20915,96,91,5,5
20916,121,117,4,4
20917,76,68,8,8
20918,122,127,-5,5
20919,89,83,6,6
20920,59,59,0,0
20921,84,69,15,15
20922,83,83,0,0
20923,73,77,-4,4
20924,63,63,0,0
20925,64,68,-4,4
20926,125,114,11,11
20927,101,104,-3,3
20928,122,129,-7,7
20929,63,64,-1,1
20930,107,117,-10,10
20931,68,70,-2,2
20932,74,71,3,3
20933,102,107,-5,5
20934,119,124,-5,5
20935,106,97,9,9
20936,66,74,-8,8
20937,87,83,4,4
20938,85,92,-7,7
20939,66,58,8,8
20940,145,148,-3,3
20941,180,160,20,20
20942,75,85,-10,10
20943,63,75,-12,12
20944,144,149,-5,5
20945,66,63,3,3
20946,49,67,-18,18
20947,98,98,0,0
20948,77,62,15,15
20949,105,108,-3,3
20950,81,104,-23,23
20951,92,87,5,5
20952,104,113,-9,9
20953,151,149,2,2
20954,51,53,-2,2
20955,124,133,-9,9
20956,84,88,-4,4
20957,58,65,-7,7
20958,108,102,6,6
20959,41,50,-9,9
20960,151,140,11,11
20961,113,99,14,14
20962,138,136,2,2
20963,70,67,3,3
20964,106,107,-1,1
20965,95,96,-1,1
20966,121,126,-5,5
20967,66,73,-7,7
20968,98,96,2,2
20969,70,80,-10,10
20970,142,140,2,2
20971,139,142,-3,3
20972,62,55,7,7
20973,138,135,3,3
20974,70,71,-1,1
20975,138,114,24,24
20976,105,98,7,7
20977,61,77,-16,16
20978,113,121,-8,8
20979,173,155,18,18
20980,94,88,6,6
20981,90,89,1,1
20982,112,106,6,6
20983,43,49,-6,6
20984,140,133,7,7
20985,197,204,-7,7
20986,116,111,5,5
20987,229,205,24,24
20988,119,116,3,3
20989,80,70,10,10
20990,115,117,-2,2
20991,61,70,-9,9
20992,41,55,-14,14
20993,101,102,-1,1
20994,185,188,-3,3
20995,46,37,9,9
20996,221,236,-15,15
20997,113,108,5,5
20998,60,64,-4,4
20999,116,96,20,20
21000,125,121,4,4
21001,99,95,4,4
21002,97,119,-22,22
21003,171,162,9,9
21004,79,86,-7,7
21005,73,77,-4,4
21006,80,92,-12,12
21007,148,137,11,11
21008,111,133,-22,22
21009,110,119,-9,9
21010,84,94,-10,10
21011,60,73,-13,13
21012,94,84,10,10
21013,57,64,-7,7
21014,118,116,2,2
21015,115,117,-2,2
21016,118,133,-15,15
21017,133,117,16,16
21018,67,71,-4,4
21019,148,140,8,8
21020,34,99,-65,65
21021,59,57,2,2
21022,71,77,-6,6
21023,59,63,-4,4
21024,58,71,-13,13
21025,61,53,8,8
21026,105,94,11,11
21027,144,138,6,6
21028,135,134,1,1
21029,120,123,-3,3
21030,180,178,2,2
21031,177,152,25,25
21032,115,127,-12,12
21033,138,125,13,13
21034,113,100,13,13
21035,97,93,4,4
21036,88,78,10,10
21037,108,123,-15,15
21038,106,108,-2,2
21039,81,71,10,10
21040,105,103,2,2
21041,30,32,-2,2
21042,97,99,-2,2
21043,39,32,7,7
21044,57,51,6,6
21045,92,114,-22,22
21046,85,77,8,8
21047,94,87,7,7
21048,165,153,12,12
21049,119,133,-14,14
21050,120,118,2,2
21051,139,128,11,11
21052,42,47,-5,5
21053,78,81,-3,3
21054,78,76,2,2
21055,73,68,5,5
21056,84,86,-2,2
21057,159,144,15,15
21058,84,79,5,5
21059,133,120,13,13
21060,87,85,2,2
21061,147,137,10,10
21062,83,86,-3,3
21063,51,54,-3,3
21064,107,110,-3,3
21065,62,62,0,0
21066,94,93,1,1
21067,62,64,-2,2
21068,79,77,2,2
21069,177,154,23,23
21070,104,75,29,29
21071,85,103,-18,18
21072,100,96,4,4
21073,69,70,-1,1
21074,119,124,-5,5
21075,90,83,7,7
21076,82,97,-15,15
21077,54,53,1,1
21078,115,109,6,6
21079,74,74,0,0
21080,113,116,-3,3
21081,56,57,-1,1
21082,68,80,-12,12
21083,195,192,3,3
21084,150,134,16,16
21085,62,75,-13,13
21086,71,71,0,0
21087,81,84,-3,3
21088,131,130,1,1
21089,90,80,10,10
21090,86,97,-11,11
21091,168,169,-1,1
21092,101,98,3,3
21093,109,106,3,3
21094,71,107,-36,36
21095,67,71,-4,4
21096,115,119,-4,4
21097,95,139,-44,44
21098,84,83,1,1
21099,74,79,-5,5
21100,69,54,15,15
21101,63,78,-15,15
21102,127,121,6,6
21103,82,81,1,1
21104,78,74,4,4
21105,78,78,0,0
21106,147,150,-3,3
21107,96,97,-1,1
21108,72,83,-11,11
21109,65,60,5,5
21110,107,117,-10,10
21111,119,104,15,15
21112,101,101,0,0
21113,162,158,4,4
21114,119,113,6,6
21115,93,101,-8,8
21116,102,105,-3,3
21117,145,144,1,1
21118,94,88,6,6
21119,83,92,-9,9
21120,166,154,12,12
21121,63,69,-6,6
21122,90,99,-9,9
21123,53,58,-5,5
21124,103,111,-8,8
21125,117,112,5,5
21126,99,94,5,5
21127,44,29,15,15
21128,149,137,12,12
21129,104,104,0,0
21130,225,212,13,13
21131,101,92,9,9
21132,101,119,-18,18
21133,76,74,2,2
21134,80,69,11,11
21135,70,65,5,5
21136,130,108,22,22
21137,148,143,5,5
21138,70,71,-1,1
21139,137,152,-15,15
21140,59,62,-3,3
21141,71,74,-3,3
21142,134,123,11,11
21143,116,112,4,4
21144,104,104,0,0
21145,63,66,-3,3
21146,61,59,2,2
21147,89,109,-20,20
21148,61,55,6,6
21149,97,98,-1,1
21150,102,98,4,4
21151,63,74,-11,11
21152,165,155,10,10
21153,88,92,-4,4
21154,112,105,7,7
21155,90,83,7,7
21156,179,176,3,3
21157,89,95,-6,6
21158,19,47,-28,28
21159,123,119,4,4
21160,111,136,-25,25
21161,89,87,2,2
21162,86,89,-3,3
21163,92,93,-1,1
21164,93,87,6,6
21165,91,90,1,1
21166,70,66,4,4
21167,105,112,-7,7
21168,85,83,2,2
21169,78,69,9,9
21170,112,111,1,1
21171,96,98,-2,2
21172,54,66,-12,12
21173,121,101,20,20
21174,131,133,-2,2
21175,66,70,-4,4
21176,61,72,-11,11
21177,80,80,0,0
21178,89,83,6,6
21179,74,67,7,7
21180,65,71,-6,6
21181,101,104,-3,3
21182,97,85,12,12
21183,108,111,-3,3
21184,96,105,-9,9
21185,132,124,8,8
21186,62,56,6,6
21187,82,66,16,16
21188,154,131,23,23
21189,82,106,-24,24
21190,50,47,3,3
21191,68,67,1,1
21192,124,133,-9,9
21193,74,68,6,6
21194,149,142,7,7
21195,59,59,0,0
21196,56,59,-3,3
21197,58,69,-11,11
21198,151,154,-3,3
21199,113,108,5,5
21200,74,99,-25,25
21201,71,74,-3,3
21202,86,84,2,2
21203,65,61,4,4
21204,69,84,-15,15
21205,161,153,8,8
21206,89,93,-4,4
21207,36,39,-3,3
21208,55,65,-10,10
21209,97,98,-1,1
21210,89,90,-1,1
21211,64,64,0,0
21212,98,102,-4,4
21213,89,82,7,7
21214,44,35,9,9
21215,162,162,0,0
21216,126,141,-15,15
21217,82,91,-9,9
21218,77,92,-15,15
21219,81,81,0,0
21220,137,143,-6,6
21221,69,74,-5,5
21222,86,87,-1,1
21223,67,75,-8,8
21224,101,100,1,1
21225,74,78,-4,4
21226,71,75,-4,4
21227,66,67,-1,1
21228,104,106,-2,2
21229,111,134,-23,23
21230,86,89,-3,3
21231,96,93,3,3
21232,79,83,-4,4
21233,183,200,-17,17
21234,89,83,6,6
21235,133,126,7,7
21236,80,80,0,0
21237,72,72,0,0
21238,109,96,13,13
21239,107,109,-2,2
21240,84,83,1,1
21241,67,77,-10,10
21242,102,102,0,0
21243,66,235,-169,169
21244,132,130,2,2
21245,103,104,-1,1
21246,91,94,-3,3
21247,111,112,-1,1
21248,110,104,6,6
21249,156,164,-8,8
21250,44,49,-5,5
21251,48,48,0,0
21252,79,99,-20,20
21253,58,54,4,4
21254,134,123,11,11
21255,105,106,-1,1
21256,79,78,1,1
21257,124,162,-38,38
21258,109,100,9,9
21259,79,68,11,11
21260,66,85,-19,19
21261,93,89,4,4
21262,93,93,0,0
21263,85,100,-15,15
21264,92,89,3,3
21265,103,108,-5,5
21266,104,103,1,1
21267,108,112,-4,4
21268,82,80,2,2
21269,92,96,-4,4
21270,41,39,2,2
21271,47,56,-9,9
21272,79,84,-5,5
21273,101,112,-11,11
21274,66,75,-9,9
21275,83,81,2,2
21276,89,80,9,9
21277,55,58,-3,3
21278,137,133,4,4
21279,92,82,10,10
21280,131,126,5,5
21281,99,95,4,4
21282,100,111,-11,11
21283,82,73,9,9
21284,57,59,-2,2
21285,74,73,1,1
21286,79,83,-4,4
21287,83,77,6,6
21288,118,109,9,9
21289,133,159,-26,26
21290,129,126,3,3
21291,70,89,-19,19
21292,145,135,10,10
21293,149,120,29,29
21294,113,136,-23,23
21295,56,59,-3,3
21296,44,40,4,4
21297,89,98,-9,9
21298,90,90,0,0
21299,74,71,3,3
21300,117,114,3,3
21301,65,62,3,3
21302,48,51,-3,3
21303,92,86,6,6
21304,72,74,-2,2
21305,83,93,-10,10
21306,63,64,-1,1
21307,135,144,-9,9
21308,147,143,4,4
21309,142,152,-10,10
21310,122,113,9,9
21311,77,76,1,1
21312,106,112,-6,6
21313,65,72,-7,7
21314,70,76,-6,6
21315,124,113,11,11
21316,100,102,-2,2
21317,56,60,-4,4
21318,72,64,8,8
21319,83,81,2,2
21320,66,72,-6,6
21321,45,54,-9,9
21322,162,159,3,3
21323,85,91,-6,6
21324,115,118,-3,3
21325,122,120,2,2
21326,72,71,1,1
21327,68,71,-3,3
21328,65,69,-4,4
21329,84,88,-4,4
21330,161,141,20,20
21331,149,136,13,13
21332,109,104,5,5
21333,57,69,-12,12
21334,85,83,2,2
21335,100,97,3,3
21336,171,134,37,37
21337,73,84,-11,11
21338,78,74,4,4
21339,67,80,-13,13
21340,122,136,-14,14
21341,84,79,5,5
21342,171,151,20,20
21343,87,96,-9,9
21344,140,134,6,6
21345,86,94,-8,8
21346,85,97,-12,12
21347,50,54,-4,4
21348,78,82,-4,4
21349,67,63,4,4
21350,81,76,5,5
21351,75,75,0,0
21352,91,88,3,3
21353,119,122,-3,3
21354,138,149,-11,11
21355,58,53,5,5
21356,137,125,12,12
21357,88,93,-5,5
21358,122,109,13,13
21359,106,103,3,3
21360,101,106,-5,5
21361,88,90,-2,2
21362,83,77,6,6
21363,80,73,7,7
21364,111,111,0,0
21365,183,179,4,4
21366,73,68,5,5
21367,97,88,9,9
21368,55,65,-10,10
21369,116,116,0,0
21370,78,74,4,4
21371,99,99,0,0
21372,141,126,15,15
21373,56,56,0,0
21374,65,71,-6,6
21375,72,73,-1,1
21376,99,71,28,28
21377,96,83,13,13
21378,69,77,-8,8
21379,94,105,-11,11
21380,98,90,8,8
21381,55,55,0,0
21382,107,108,-1,1
21383,68,98,-30,30
21384,84,90,-6,6
21385,65,65,0,0
21386,177,157,20,20
21387,62,64,-2,2
21388,182,162,20,20
21389,72,47,25,25
21390,151,148,3,3
21391,80,90,-10,10
21392,122,130,-8,8
21393,136,131,5,5
21394,141,143,-2,2
21395,88,81,7,7
21396,88,79,9,9
21397,127,118,9,9
21398,92,94,-2,2
21399,74,68,6,6
21400,111,111,0,0
21401,204,197,7,7
21402,111,107,4,4
21403,59,62,-3,3
21404,129,109,20,20
21405,107,92,15,15
21406,104,94,10,10
21407,76,85,-9,9
21408,113,118,-5,5
21409,110,108,2,2
21410,69,64,5,5
21411,67,65,2,2
21412,85,98,-13,13
21413,94,88,6,6
21414,93,88,5,5
21415,90,89,1,1
21416,61,49,12,12
21417,56,50,6,6
21418,114,109,5,5
21419,71,74,-3,3
21420,86,93,-7,7
21421,114,122,-8,8
21422,50,53,-3,3
21423,155,150,5,5
21424,108,118,-10,10
21425,104,91,13,13
21426,89,84,5,5
21427,75,72,3,3
21428,149,148,1,1
21429,94,88,6,6
21430,63,82,-19,19
21431,127,136,-9,9
21432,103,109,-6,6
21433,90,75,15,15
21434,64,58,6,6
21435,144,147,-3,3
21436,119,121,-2,2
21437,45,53,-8,8
21438,78,76,2,2
21439,45,54,-9,9
21440,113,110,3,3
21441,89,91,-2,2
21442,122,113,9,9
21443,93,95,-2,2
21444,54,62,-8,8
21445,89,77,12,12
21446,85,83,2,2
21447,101,109,-8,8
21448,132,136,-4,4
21449,47,42,5,5
21450,83,83,0,0
21451,89,77,12,12
21452,77,72,5,5
21453,150,146,4,4
21454,130,117,13,13
21455,85,83,2,2
21456,114,117,-3,3
21457,155,160,-5,5
21458,63,65,-2,2
21459,94,92,2,2
21460,42,45,-3,3
21461,138,139,-1,1
21462,78,81,-3,3
21463,79,76,3,3
21464,95,96,-1,1
21465,80,75,5,5
21466,80,90,-10,10
21467,39,46,-7,7
21468,143,131,12,12
21469,88,78,10,10
21470,47,57,-10,10
21471,70,65,5,5
21472,174,160,14,14
21473,148,135,13,13
21474,185,183,2,2
21475,122,127,-5,5
21476,138,131,7,7
21477,99,102,-3,3
21478,50,50,0,0
21479,104,100,4,4
21480,69,51,18,18
21481,127,118,9,9
21482,59,73,-14,14
21483,89,94,-5,5
21484,81,81,0,0
21485,64,76,-12,12
21486,124,116,8,8
21487,75,82,-7,7
21488,102,96,6,6
21489,156,143,13,13
21490,81,74,7,7
21491,90,85,5,5
21492,58,74,-16,16
21493,153,137,16,16
21494,100,87,13,13
21495,133,123,10,10
21496,133,132,1,1
21497,68,70,-2,2
21498,104,99,5,5
21499,74,70,4,4
21500,138,128,10,10
21501,83,87,-4,4
21502,125,141,-16,16
21503,98,103,-5,5
21504,92,92,0,0
21505,39,43,-4,4
21506,93,101,-8,8
21507,47,61,-14,14
21508,72,79,-7,7
21509,138,122,16,16
21510,81,89,-8,8
21511,102,99,3,3
21512,146,137,9,9
21513,80,93,-13,13
21514,76,69,7,7
21515,130,137,-7,7
21516,138,132,6,6
21517,69,78,-9,9
21518,134,127,7,7
21519,73,77,-4,4
21520,55,60,-5,5
21521,68,73,-5,5
21522,78,98,-20,20
21523,85,78,7,7
21524,118,105,13,13
21525,80,82,-2,2
21526,153,156,-3,3
21527,81,86,-5,5
21528,85,86,-1,1
21529,117,113,4,4
21530,126,119,7,7
21531,34,41,-7,7
21532,72,70,2,2
21533,138,130,8,8
21534,82,88,-6,6
21535,113,110,3,3
21536,63,71,-8,8
21537,80,76,4,4
21538,67,64,3,3
21539,117,128,-11,11
21540,120,114,6,6
21541,75,90,-15,15
21542,117,114,3,3
21543,103,105,-2,2
21544,149,151,-2,2
21545,169,166,3,3
21546,85,98,-13,13
21547,91,93,-2,2
21548,121,124,-3,3
21549,95,115,-20,20
21550,123,129,-6,6
21551,36,52,-16,16
21552,71,61,10,10
21553,106,111,-5,5
21554,101,93,8,8
21555,60,83,-23,23
21556,68,64,4,4
21557,76,67,9,9
21558,91,86,5,5
21559,84,105,-21,21
21560,97,95,2,2
21561,75,73,2,2
21562,44,54,-10,10
21563,78,54,24,24
21564,55,61,-6,6
21565,106,122,-16,16
21566,125,122,3,3
21567,185,161,24,24
21568,148,188,-40,40
21569,156,148,8,8
21570,128,122,6,6
21571,96,93,3,3
21572,99,94,5,5
21573,63,69,-6,6
21574,78,88,-10,10
21575,162,142,20,20
21576,75,71,4,4
21577,103,105,-2,2
21578,110,105,5,5
21579,116,113,3,3
21580,51,72,-21,21
21581,126,129,-3,3
21582,37,41,-4,4
21583,109,107,2,2
21584,115,114,1,1
21585,70,74,-4,4
21586,94,147,-53,53
21587,113,111,2,2
21588,91,91,0,0
21589,71,78,-7,7
21590,55,51,4,4
21591,63,66,-3,3
21592,59,63,-4,4
21593,81,78,3,3
21594,135,145,-10,10
21595,95,92,3,3
21596,67,83,-16,16
21597,80,78,2,2
21598,73,85,-12,12
21599,98,95,3,3
21600,104,96,8,8
21601,63,54,9,9
21602,60,61,-1,1
21603,117,115,2,2
21604,60,58,2,2
21605,127,117,10,10
21606,121,106,15,15
21607,118,110,8,8
21608,80,79,1,1
21609,77,83,-6,6
21610,104,94,10,10
21611,182,207,-25,25
21612,90,97,-7,7
21613,49,48,1,1
21614,86,88,-2,2
21615,88,83,5,5
21616,114,104,10,10
21617,56,54,2,2
21618,66,59,7,7
21619,68,77,-9,9
21620,88,85,3,3
21621,45,69,-24,24
21622,231,201,30,30
21623,136,120,16,16
21624,69,70,-1,1
21625,123,132,-9,9
21626,60,56,4,4
21627,72,76,-4,4
21628,84,88,-4,4
21629,123,126,-3,3
21630,58,72,-14,14
21631,58,56,2,2
21632,71,42,29,29
21633,97,87,10,10
21634,61,69,-8,8
21635,57,61,-4,4
21636,172,153,19,19
21637,62,63,-1,1
21638,112,133,-21,21
21639,126,115,11,11
21640,85,82,3,3
21641,105,112,-7,7
21642,100,101,-1,1
21643,117,124,-7,7
21644,76,82,-6,6
21645,85,90,-5,5
21646,187,153,34,34
21647,145,141,4,4
21648,64,71,-7,7
21649,107,106,1,1
21650,140,132,8,8
21651,46,56,-10,10
21652,63,54,9,9
21653,93,88,5,5
21654,111,114,-3,3
21655,60,63,-3,3
21656,120,108,12,12
21657,67,70,-3,3
21658,157,146,11,11
21659,133,127,6,6
21660,112,126,-14,14
21661,119,138,-19,19
21662,86,87,-1,1
21663,128,128,0,0
21664,109,112,-3,3
21665,133,128,5,5
21666,62,62,0,0
21667,167,166,1,1
21668,122,120,2,2
21669,42,54,-12,12
21670,66,57,9,9
21671,110,117,-7,7
21672,84,94,-10,10
21673,115,124,-9,9
21674,174,161,13,13
21675,85,84,1,1
21676,100,105,-5,5
21677,56,66,-10,10
21678,72,74,-2,2
21679,87,89,-2,2
21680,70,96,-26,26
21681,76,69,7,7
21682,89,89,0,0
21683,69,71,-2,2
21684,175,156,19,19
21685,191,169,22,22
21686,66,65,1,1
21687,145,128,17,17
21688,127,121,6,6
21689,54,51,3,3
21690,70,76,-6,6
21691,67,62,5,5
21692,77,72,5,5
21693,119,126,-7,7
21694,38,66,-28,28
21695,77,84,-7,7
21696,49,46,3,3
21697,63,80,-17,17
21698,40,47,-7,7
21699,69,83,-14,14
21700,35,55,-20,20
21701,93,89,4,4
21702,61,75,-14,14
21703,50,54,-4,4
21704,113,116,-3,3
21705,123,107,16,16
21706,75,81,-6,6
21707,94,85,9,9
21708,71,82,-11,11
21709,114,117,-3,3
21710,68,65,3,3
21711,129,148,-19,19
21712,61,54,7,7
21713,92,91,1,1
21714,76,75,1,1
21715,106,93,13,13
21716,123,114,9,9
21717,89,88,1,1
21718,88,92,-4,4
21719,48,56,-8,8
21720,87,89,-2,2
21721,53,64,-11,11
21722,120,111,9,9
21723,105,113,-8,8
21724,117,108,9,9
21725,128,118,10,10
21726,173,157,16,16
21727,85,75,10,10
21728,97,85,12,12
21729,101,101,0,0
21730,67,72,-5,5
21731,71,72,-1,1
21732,89,82,7,7
21733,85,99,-14,14
21734,83,79,4,4
21735,78,78,0,0
21736,76,83,-7,7
21737,115,114,1,1
21738,68,64,4,4
21739,75,71,4,4
21740,106,96,10,10
21741,76,71,5,5
21742,123,121,2,2
21743,82,92,-10,10
21744,82,88,-6,6
21745,162,160,2,2
21746,64,68,-4,4
21747,66,57,9,9
21748,48,51,-3,3
21749,86,90,-4,4
21750,59,56,3,3
21751,118,118,0,0
21752,75,79,-4,4
21753,138,130,8,8
21754,50,63,-13,13
21755,96,82,14,14
21756,68,80,-12,12
21757,83,91,-8,8
21758,93,110,-17,17
21759,78,87,-9,9
21760,45,48,-3,3
21761,85,84,1,1
21762,123,113,10,10
21763,42,44,-2,2
21764,84,80,4,4
21765,123,127,-4,4
21766,45,56,-11,11
21767,88,84,4,4
21768,85,81,4,4
21769,79,70,9,9
21770,75,72,3,3
21771,125,125,0,0
21772,33,51,-18,18
21773,84,92,-8,8
21774,117,115,2,2
21775,79,78,1,1
21776,190,185,5,5
21777,112,115,-3,3
21778,86,86,0,0
21779,115,109,6,6
21780,74,73,1,1
21781,85,82,3,3
21782,28,58,-30,30
21783,45,59,-14,14
21784,115,119,-4,4
21785,92,89,3,3
21786,78,72,6,6
21787,129,124,5,5
21788,119,112,7,7
21789,78,82,-4,4
21790,78,65,13,13
21791,211,198,13,13
21792,95,103,-8,8
21793,101,93,8,8
21794,163,148,15,15
21795,168,151,17,17
21796,109,105,4,4
21797,98,99,-1,1
21798,61,62,-1,1
21799,131,129,2,2
21800,74,78,-4,4
21801,66,80,-14,14
21802,130,114,16,16
21803,71,76,-5,5
21804,135,135,0,0
21805,88,83,5,5
21806,150,162,-12,12
21807,152,135,17,17
21808,117,97,20,20
21809,133,130,3,3
21810,77,77,0,0
21811,75,70,5,5
21812,63,62,1,1
21813,73,65,8,8
21814,72,75,-3,3
21815,62,76,-14,14
21816,98,100,-2,2
21817,103,101,2,2
21818,167,182,-15,15
21819,73,77,-4,4
21820,68,66,2,2
21821,104,103,1,1
21822,96,102,-6,6
21823,165,157,8,8
21824,128,128,0,0
21825,147,145,2,2
21826,139,136,3,3
21827,156,147,9,9
21828,86,87,-1,1
21829,78,80,-2,2
21830,78,77,1,1
21831,89,82,7,7
21832,115,104,11,11
21833,122,116,6,6
21834,47,62,-15,15
21835,60,71,-11,11
21836,87,101,-14,14
21837,77,76,1,1
21838,115,107,8,8
21839,105,101,4,4
21840,120,112,8,8
21841,95,146,-51,51
21842,103,96,7,7
21843,57,58,-1,1
21844,132,123,9,9
21845,118,137,-19,19
21846,134,120,14,14
21847,85,89,-4,4
21848,130,140,-10,10
21849,107,105,2,2
21850,112,105,7,7
21851,63,67,-4,4
21852,176,161,15,15
21853,83,85,-2,2
21854,88,98,-10,10
21855,141,117,24,24
21856,121,115,6,6
21857,119,107,12,12
21858,51,61,-10,10
21859,60,74,-14,14
21860,103,88,15,15
21861,122,124,-2,2
21862,79,81,-2,2
21863,103,98,5,5
21864,86,86,0,0
21865,58,67,-9,9
21866,103,102,1,1
21867,89,87,2,2
21868,94,84,10,10
21869,115,120,-5,5
21870,151,196,-45,45
21871,97,105,-8,8
21872,88,84,4,4
21873,78,82,-4,4
21874,79,55,24,24
21875,51,38,13,13
21876,77,90,-13,13
21877,98,88,10,10
21878,160,138,22,22
21879,114,105,9,9
21880,95,95,0,0
21881,77,94,-17,17
21882,75,75,0,0
21883,142,132,10,10
21884,72,73,-1,1
21885,150,132,18,18
21886,67,81,-14,14
21887,104,98,6,6
21888,95,102,-7,7
21889,116,111,5,5
21890,43,76,-33,33
21891,98,98,0,0
21892,85,79,6,6
21893,93,94,-1,1
21894,106,109,-3,3
21895,99,91,8,8
21896,179,173,6,6
21897,61,77,-16,16
21898,77,80,-3,3
21899,64,60,4,4
21900,90,91,-1,1
21901,106,120,-14,14
21902,67,65,2,2
21903,102,99,3,3
21904,94,77,17,17
21905,92,88,4,4
21906,81,83,-2,2
21907,84,85,-1,1
21908,131,128,3,3
21909,96,100,-4,4
21910,89,84,5,5
21911,107,106,1,1
21912,73,85,-12,12
21913,81,80,1,1
21914,69,75,-6,6
21915,73,70,3,3
21916,150,155,-5,5
21917,115,103,12,12
21918,90,85,5,5
21919,63,75,-12,12
21920,138,122,16,16
21921,125,121,4,4
21922,111,111,0,0
21923,124,113,11,11
21924,37,42,-5,5
21925,114,115,-1,1
21926,67,58,9,9
21927,116,121,-5,5
21928,134,140,-6,6
21929,58,60,-2,2
21930,75,69,6,6
21931,119,114,5,5
21932,94,84,10,10
21933,72,75,-3,3
21934,144,146,-2,2
21935,86,80,6,6
21936,112,114,-2,2
21937,57,64,-7,7
21938,121,119,2,2
21939,118,120,-2,2
21940,79,79,0,0
21941,53,48,5,5
21942,61,55,6,6
21943,90,92,-2,2
21944,114,114,0,0
21945,101,109,-8,8
21946,180,169,11,11
21947,136,150,-14,14
21948,100,97,3,3
21949,107,100,7,7
21950,95,102,-7,7
21951,75,77,-2,2
21952,86,94,-8,8
21953,71,92,-21,21
21954,126,127,-1,1
21955,125,123,2,2
21956,162,146,16,16
21957,71,74,-3,3
21958,60,65,-5,5
21959,118,120,-2,2
21960,104,81,23,23
21961,117,111,6,6
21962,144,127,17,17
21963,78,86,-8,8
21964,95,96,-1,1
21965,157,181,-24,24
21966,70,76,-6,6
21967,68,78,-10,10
21968,125,121,4,4
21969,111,97,14,14
21970,112,102,10,10
21971,118,113,5,5
21972,71,55,16,16
21973,126,120,6,6
21974,96,90,6,6
21975,59,66,-7,7
21976,82,91,-9,9
21977,101,112,-11,11
21978,80,79,1,1
21979,61,61,0,0
21980,89,99,-10,10
21981,107,97,10,10
21982,55,72,-17,17
21983,99,92,7,7
21984,131,135,-4,4
21985,80,73,7,7
21986,110,87,23,23
21987,94,90,4,4
21988,32,37,-5,5
21989,105,96,9,9
21990,103,104,-1,1
21991,152,144,8,8
21992,136,120,16,16
21993,78,62,16,16
21994,68,79,-11,11
21995,68,86,-18,18
21996,36,34,2,2
21997,111,116,-5,5
21998,64,63,1,1
21999,70,68,2,2
22000,89,92,-3,3
22001,103,96,7,7
22002,79,87,-8,8
22003,175,176,-1,1
22004,103,105,-2,2
22005,84,85,-1,1
22006,79,75,4,4
22007,93,98,-5,5
22008,124,118,6,6
22009,106,105,1,1
22010,144,137,7,7
22011,100,96,4,4
22012,70,65,5,5
22013,122,131,-9,9
22014,101,111,-10,10
22015,125,127,-2,2
22016,94,97,-3,3
22017,134,132,2,2
22018,69,78,-9,9
22019,119,111,8,8
22020,106,103,3,3
22021,122,117,5,5
22022,54,49,5,5
22023,89,87,2,2
22024,76,92,-16,16
22025,86,87,-1,1
22026,144,128,16,16
22027,93,86,7,7
22028,105,108,-3,3
22029,101,106,-5,5
22030,81,89,-8,8
22031,85,80,5,5
22032,157,143,14,14
22033,112,119,-7,7
22034,76,79,-3,3
22035,85,99,-14,14
22036,141,122,19,19
22037,87,90,-3,3
22038,71,79,-8,8
22039,104,106,-2,2
22040,73,83,-10,10
22041,143,132,11,11
22042,92,98,-6,6
22043,80,83,-3,3
22044,98,103,-5,5
22045,80,79,1,1
22046,54,66,-12,12
22047,134,129,5,5
22048,70,81,-11,11
22049,114,113,1,1
22050,80,74,6,6
22051,90,88,2,2
22052,82,87,-5,5
22053,103,114,-11,11
22054,82,80,2,2
22055,92,92,0,0
22056,82,82,0,0
22057,66,63,3,3
22058,124,176,-52,52
22059,61,68,-7,7
22060,63,78,-15,15
22061,91,96,-5,5
22062,72,69,3,3
22063,54,75,-21,21
22064,87,89,-2,2
22065,104,121,-17,17
22066,61,75,-14,14
22067,125,110,15,15
22068,129,131,-2,2
22069,33,46,-13,13
22070,97,92,5,5
22071,73,89,-16,16
22072,154,138,16,16
22073,74,78,-4,4
22074,125,118,7,7
22075,54,56,-2,2
22076,68,76,-8,8
22077,91,83,8,8
22078,68,69,-1,1
22079,92,108,-16,16
22080,117,101,16,16
22081,98,116,-18,18
22082,124,112,12,12
22083,71,76,-5,5
22084,66,68,-2,2
22085,37,53,-16,16
22086,108,104,4,4
22087,59,67,-8,8
22088,84,83,1,1
22089,162,160,2,2
22090,108,103,5,5
22091,120,113,7,7
22092,102,106,-4,4
22093,68,83,-15,15
22094,146,130,16,16
22095,116,115,1,1
22096,66,61,5,5
22097,67,67,0,0
22098,46,61,-15,15
22099,92,79,13,13
22100,150,132,18,18
22101,58,60,-2,2
22102,103,95,8,8
22103,112,81,31,31
22104,90,98,-8,8
22105,98,101,-3,3
22106,54,63,-9,9
22107,76,84,-8,8
22108,77,83,-6,6
22109,111,109,2,2
22110,118,122,-4,4
22111,125,119,6,6
22112,94,100,-6,6
22113,73,81,-8,8
22114,173,168,5,5
22115,155,152,3,3
22116,120,130,-10,10
22117,86,71,15,15
22118,115,102,13,13
22119,149,140,9,9
22120,68,91,-23,23
22121,130,112,18,18
22122,65,74,-9,9
22123,63,46,17,17
22124,39,62,-23,23
22125,82,80,2,2
22126,74,62,12,12
22127,57,75,-18,18
22128,105,112,-7,7
22129,106,108,-2,2
22130,126,141,-15,15
22131,113,116,-3,3
22132,109,116,-7,7
22133,95,100,-5,5
22134,86,82,4,4
22135,99,103,-4,4
22136,65,110,-45,45
22137,70,71,-1,1
22138,66,63,3,3
22139,45,61,-16,16
22140,77,78,-1,1
22141,50,71,-21,21
22142,105,107,-2,2
22143,101,104,-3,3
22144,62,64,-2,2
22145,82,81,1,1
22146,69,67,2,2
22147,122,137,-15,15
22148,147,136,11,11
22149,220,213,7,7
22150,69,70,-1,1
22151,93,89,4,4
22152,111,106,5,5
22153,152,147,5,5
22154,124,124,0,0
22155,43,57,-14,14
22156,112,99,13,13
22157,83,86,-3,3
22158,140,139,1,1
22159,110,117,-7,7
22160,71,65,6,6
22161,96,110,-14,14
22162,148,157,-9,9
22163,53,38,15,15
22164,120,113,7,7
22165,188,198,-10,10
22166,29,40,-11,11
22167,117,118,-1,1
22168,104,107,-3,3
22169,81,81,0,0
22170,124,127,-3,3
22171,103,120,-17,17
22172,139,133,6,6
22173,79,76,3,3
22174,133,129,4,4
22175,112,110,2,2
22176,99,108,-9,9
22177,101,97,4,4
22178,75,77,-2,2
22179,110,102,8,8
22180,121,118,3,3
22181,110,115,-5,5
22182,68,76,-8,8
22183,99,105,-6,6
22184,67,75,-8,8
22185,72,80,-8,8
22186,151,132,19,19
22187,87,102,-15,15
22188,83,105,-22,22
22189,58,74,-16,16
22190,56,62,-6,6
22191,72,71,1,1
22192,91,87,4,4
22193,61,63,-2,2
22194,95,81,14,14
22195,101,116,-15,15
22196,98,96,2,2
22197,128,129,-1,1
22198,183,172,11,11
22199,68,66,2,2
22200,97,91,6,6
22201,74,73,1,1
22202,127,135,-8,8
22203,91,99,-8,8
22204,95,94,1,1
22205,83,84,-1,1
22206,130,124,6,6
22207,143,111,32,32
22208,68,69,-1,1
22209,72,70,2,2
22210,81,79,2,2
22211,63,67,-4,4
22212,92,88,4,4
22213,70,82,-12,12
22214,114,111,3,3
22215,119,100,19,19
22216,130,139,-9,9
22217,94,91,3,3
22218,104,107,-3,3
22219,99,112,-13,13
22220,55,55,0,0
22221,111,115,-4,4
22222,101,101,0,0
22223,86,92,-6,6
22224,89,88,1,1
22225,91,117,-26,26
22226,140,133,7,7
22227,74,74,0,0
22228,82,81,1,1
22229,103,87,16,16
22230,104,93,11,11
22231,75,81,-6,6
22232,92,104,-12,12
22233,53,60,-7,7
22234,74,88,-14,14
22235,38,42,-4,4
22236,141,138,3,3
22237,91,90,1,1
22238,97,98,-1,1
22239,115,113,2,2
22240,141,153,-12,12
22241,72,80,-8,8
22242,87,98,-11,11
22243,114,117,-3,3
22244,96,91,5,5
22245,68,83,-15,15
22246,123,130,-7,7
22247,91,81,10,10
22248,91,90,1,1
22249,116,122,-6,6
22250,49,70,-21,21
22251,57,55,2,2
22252,124,123,1,1
22253,88,98,-10,10
22254,129,124,5,5
22255,55,57,-2,2
22256,188,174,14,14
22257,64,67,-3,3
22258,71,72,-1,1
22259,45,35,10,10
22260,93,95,-2,2
22261,68,60,8,8
22262,161,171,-10,10
22263,69,78,-9,9
22264,113,110,3,3
22265,74,76,-2,2
22266,58,62,-4,4
22267,149,152,-3,3
22268,49,56,-7,7
22269,96,91,5,5
22270,122,114,8,8
22271,92,83,9,9
22272,124,137,-13,13
22273,93,103,-10,10
22274,149,142,7,7
22275,179,164,15,15
22276,147,140,7,7
22277,121,120,1,1
22278,62,63,-1,1
22279,50,60,-10,10
22280,54,55,-1,1
22281,104,100,4,4
22282,73,76,-3,3
22283,101,102,-1,1
22284,71,80,-9,9
22285,90,82,8,8
22286,71,68,3,3
22287,72,75,-3,3
22288,61,77,-16,16
22289,65,63,2,2
22290,81,78,3,3
22291,37,54,-17,17
22292,65,67,-2,2
22293,128,122,6,6
22294,55,72,-17,17
22295,55,70,-15,15
22296,131,111,20,20
22297,67,61,6,6
22298,138,133,5,5
22299,66,72,-6,6
22300,62,59,3,3
22301,187,178,9,9
22302,127,114,13,13
22303,105,119,-14,14
22304,78,78,0,0
22305,94,89,5,5
22306,94,99,-5,5
22307,108,106,2,2
22308,135,134,1,1
22309,78,81,-3,3
22310,87,94,-7,7
22311,59,72,-13,13
22312,134,154,-20,20
22313,89,82,7,7
22314,79,80,-1,1
22315,27,47,-20,20
22316,74,61,13,13
22317,56,61,-5,5
22318,121,116,5,5
22319,88,91,-3,3
22320,145,159,-14,14
22321,99,100,-1,1
22322,127,112,15,15
22323,85,86,-1,1
22324,91,76,15,15
22325,184,185,-1,1
22326,76,79,-3,3
22327,86,84,2,2
22328,88,83,5,5
22329,156,149,7,7
22330,106,116,-10,10
22331,102,88,14,14
22332,106,99,7,7
22333,87,86,1,1
22334,60,48,12,12
22335,82,85,-3,3
22336,112,104,8,8
22337,118,113,5,5
22338,75,69,6,6
22339,94,91,3,3
22340,57,66,-9,9
22341,96,91,5,5
22342,67,79,-12,12
22343,78,87,-9,9
22344,114,105,9,9
22345,70,65,5,5
22346,60,70,-10,10
22347,91,95,-4,4
22348,86,88,-2,2
22349,84,83,1,1
22350,75,74,1,1
22351,133,139,-6,6
22352,193,166,27,27
22353,68,67,1,1
22354,139,135,4,4
22355,57,77,-20,20
22356,110,114,-4,4
22357,83,89,-6,6
22358,159,131,28,28
22359,110,105,5,5
22360,150,137,13,13
22361,95,102,-7,7
22362,139,120,19,19
22363,72,83,-11,11
22364,147,134,13,13
22365,89,92,-3,3
22366,136,136,0,0
22367,47,48,-1,1
22368,158,153,5,5
22369,111,115,-4,4
22370,99,89,10,10
22371,112,110,2,2
22372,82,90,-8,8
22373,38,43,-5,5
22374,82,77,5,5
22375,80,83,-3,3
22376,119,116,3,3
22377,68,75,-7,7
22378,117,120,-3,3
22379,76,79,-3,3
22380,94,100,-6,6
22381,68,71,-3,3
22382,49,49,0,0
22383,59,72,-13,13
22384,135,134,1,1
22385,111,119,-8,8
22386,102,94,8,8
22387,118,116,2,2
22388,90,80,10,10
22389,62,68,-6,6
22390,104,106,-2,2
22391,120,119,1,1
22392,105,111,-6,6
22393,131,121,10,10
22394,103,106,-3,3
22395,117,117,0,0
22396,92,96,-4,4
22397,70,72,-2,2
22398,108,110,-2,2
22399,71,72,-1,1
22400,58,66,-8,8
22401,91,73,18,18
22402,98,89,9,9
22403,40,49,-9,9
22404,92,88,4,4
22405,100,112,-12,12
22406,138,142,-4,4
22407,132,118,14,14
22408,101,100,1,1
22409,71,93,-22,22
22410,86,86,0,0
22411,107,105,2,2
22412,85,80,5,5
22413,68,74,-6,6
22414,80,77,3,3
22415,125,125,0,0
22416,99,91,8,8
22417,122,110,12,12
22418,190,174,16,16
22419,109,89,20,20
22420,83,62,21,21
22421,121,159,-38,38
22422,79,96,-17,17
22423,142,155,-13,13
22424,63,63,0,0
22425,66,67,-1,1
22426,114,91,23,23
22427,80,75,5,5
22428,72,67,5,5
22429,190,186,4,4
22430,91,83,8,8
22431,152,148,4,4
22432,74,62,12,12
22433,88,90,-2,2
22434,181,194,-13,13
22435,118,114,4,4
22436,131,121,10,10
22437,64,102,-38,38
22438,86,95,-9,9
22439,74,91,-17,17
22440,79,82,-3,3
22441,99,103,-4,4
22442,169,169,0,0
22443,68,63,5,5
22444,79,78,1,1
22445,181,164,17,17
22446,119,109,10,10
22447,120,104,16,16
22448,67,75,-8,8
22449,67,74,-7,7
22450,76,71,5,5
22451,87,84,3,3
22452,91,109,-18,18
22453,161,151,10,10
22454,58,57,1,1
22455,57,60,-3,3
22456,95,97,-2,2
22457,63,64,-1,1
22458,64,68,-4,4
22459,55,60,-5,5
22460,136,137,-1,1
22461,107,104,3,3
22462,83,82,1,1
22463,52,69,-17,17
22464,127,142,-15,15
22465,90,89,1,1
22466,141,131,10,10
22467,87,90,-3,3
22468,99,97,2,2
22469,67,80,-13,13
22470,79,66,13,13
22471,102,94,8,8
22472,168,179,-11,11
22473,154,150,4,4
22474,118,113,5,5
22475,68,83,-15,15
22476,109,99,10,10
22477,41,49,-8,8
22478,65,71,-6,6
22479,108,96,12,12
22480,26,32,-6,6
22481,99,104,-5,5
22482,137,139,-2,2
22483,180,175,5,5
22484,223,216,7,7
22485,103,93,10,10
22486,91,86,5,5
22487,120,119,1,1
22488,73,78,-5,5
22489,69,73,-4,4
22490,76,125,-49,49
22491,73,58,15,15
22492,41,45,-4,4
22493,143,153,-10,10
22494,121,136,-15,15
22495,97,108,-11,11
22496,86,91,-5,5
22497,80,85,-5,5
22498,105,118,-13,13
22499,111,89,22,22
22500,133,139,-6,6
22501,120,108,12,12
22502,156,159,-3,3
22503,100,102,-2,2
22504,41,48,-7,7
22505,94,108,-14,14
22506,59,56,3,3
22507,71,72,-1,1
22508,68,64,4,4
22509,102,88,14,14
22510,134,131,3,3
22511,60,54,6,6
22512,169,139,30,30
22513,80,79,1,1
22514,126,153,-27,27
22515,146,133,13,13
22516,128,144,-16,16
22517,67,71,-4,4
22518,92,100,-8,8
22519,72,72,0,0
22520,79,81,-2,2
22521,102,97,5,5
22522,62,60,2,2
22523,59,68,-9,9
22524,116,108,8,8
22525,96,97,-1,1
22526,86,76,10,10
22527,68,70,-2,2
22528,90,94,-4,4
22529,90,91,-1,1
22530,141,134,7,7
22531,109,116,-7,7
22532,51,65,-14,14
22533,107,105,2,2
22534,130,123,7,7
22535,103,105,-2,2
22536,49,60,-11,11
22537,106,91,15,15
22538,87,85,2,2
22539,68,66,2,2
22540,88,85,3,3
22541,79,84,-5,5
22542,104,100,4,4
22543,94,97,-3,3
22544,123,120,3,3
22545,98,94,4,4
22546,123,120,3,3
22547,104,104,0,0
22548,60,71,-11,11
22549,70,83,-13,13
22550,89,84,5,5
22551,122,111,11,11
22552,55,61,-6,6
22553,141,128,13,13
22554,80,80,0,0
22555,97,93,4,4
22556,126,112,14,14
22557,73,88,-15,15
22558,63,83,-20,20
22559,151,133,18,18
22560,109,97,12,12
22561,161,153,8,8
22562,80,83,-3,3
22563,126,110,16,16
22564,89,80,9,9
22565,95,94,1,1
22566,163,144,19,19
22567,121,116,5,5
22568,80,79,1,1
22569,79,73,6,6
22570,94,86,8,8
22571,143,138,5,5
22572,95,91,4,4
22573,108,108,0,0
22574,94,107,-13,13
22575,102,92,10,10
22576,84,86,-2,2
22577,80,81,-1,1
22578,135,129,6,6
22579,98,77,21,21
22580,113,118,-5,5
22581,85,141,-56,56
22582,97,95,2,2
22583,67,61,6,6
22584,135,123,12,12
22585,31,40,-9,9
22586,154,165,-11,11
22587,136,133,3,3
22588,35,30,5,5
22589,145,138,7,7
22590,76,70,6,6
22591,89,95,-6,6
22592,84,88,-4,4
22593,82,102,-20,20
22594,76,70,6,6
22595,88,95,-7,7
22596,85,81,4,4
22597,109,119,-10,10
22598,165,155,10,10
22599,88,96,-8,8
22600,54,55,-1,1
22601,93,85,8,8
22602,66,75,-9,9
22603,75,87,-12,12
22604,55,63,-8,8
22605,72,73,-1,1
22606,113,114,-1,1
22607,127,126,1,1
22608,53,46,7,7
22609,94,101,-7,7
22610,90,94,-4,4
22611,65,77,-12,12
22612,60,62,-2,2
22613,59,52,7,7
22614,107,102,5,5
22615,93,112,-19,19
22616,128,109,19,19
22617,55,76,-21,21
22618,93,92,1,1
22619,79,60,19,19
22620,148,132,16,16
22621,129,121,8,8
22622,51,63,-12,12
22623,92,101,-9,9
22624,93,114,-21,21
22625,114,114,0,0
22626,72,81,-9,9
22627,92,100,-8,8
22628,81,76,5,5
22629,69,78,-9,9
22630,93,94,-1,1
22631,189,179,10,10
22632,71,72,-1,1
22633,87,82,5,5
22634,48,111,-63,63
22635,94,87,7,7
22636,116,129,-13,13
22637,62,69,-7,7
22638,240,221,19,19
22639,104,105,-1,1
22640,80,98,-18,18
22641,66,51,15,15
22642,100,92,8,8
22643,133,124,9,9
22644,103,95,8,8
22645,137,129,8,8
22646,165,143,22,22
22647,125,122,3,3
22648,86,71,15,15
22649,95,84,11,11
22650,103,102,1,1
22651,140,128,12,12
22652,95,97,-2,2
22653,68,72,-4,4
22654,52,68,-16,16
22655,77,72,5,5
22656,121,115,6,6
22657,107,105,2,2
22658,98,95,3,3
22659,100,91,9,9
22660,81,78,3,3
22661,46,51,-5,5
22662,162,157,5,5
22663,136,128,8,8
22664,85,89,-4,4
22665,83,70,13,13
22666,135,120,15,15
22667,39,50,-11,11
22668,61,65,-4,4
22669,73,64,9,9
22670,87,75,12,12
22671,76,74,2,2
22672,84,108,-24,24
22673,94,78,16,16
22674,163,167,-4,4
22675,80,87,-7,7
22676,86,106,-20,20
22677,152,137,15,15
22678,100,104,-4,4
22679,75,75,0,0
22680,92,93,-1,1
22681,84,76,8,8
22682,144,137,7,7
22683,69,70,-1,1
22684,109,113,-4,4
22685,109,96,13,13
22686,88,77,11,11
22687,67,70,-3,3
22688,115,112,3,3
22689,125,131,-6,6
22690,95,104,-9,9
22691,87,83,4,4
22692,98,109,-11,11
22693,83,105,-22,22
22694,101,93,8,8
22695,51,46,5,5
22696,108,107,1,1
22697,136,132,4,4
22698,208,237,-29,29
22699,121,109,12,12
22700,84,73,11,11
22701,86,81,5,5
22702,148,150,-2,2
22703,110,113,-3,3
22704,117,109,8,8
22705,96,101,-5,5
22706,69,66,3,3
22707,137,137,0,0
22708,66,62,4,4
22709,89,74,15,15
22710,44,44,0,0
22711,136,126,10,10
22712,128,106,22,22
22713,73,79,-6,6
22714,155,154,1,1
22715,89,64,25,25
22716,87,68,19,19
22717,147,139,8,8
22718,64,66,-2,2
22719,37,36,1,1
22720,122,112,10,10
22721,44,63,-19,19
22722,126,123,3,3
22723,60,74,-14,14
22724,148,140,8,8
22725,134,137,-3,3
22726,87,75,12,12
22727,135,149,-14,14
22728,90,88,2,2
22729,60,65,-5,5
22730,86,74,12,12
22731,150,150,0,0
22732,59,71,-12,12
22733,111,108,3,3
22734,54,50,4,4
22735,158,138,20,20
22736,135,115,20,20
22737,32,38,-6,6
22738,63,73,-10,10
22739,117,109,8,8
22740,83,86,-3,3
22741,54,61,-7,7
22742,151,138,13,13
22743,64,68,-4,4
22744,44,56,-12,12
22745,138,138,0,0
22746,48,65,-17,17
22747,123,122,1,1
22748,97,97,0,0
22749,59,73,-14,14
22750,96,107,-11,11
22751,19,55,-36,36
22752,112,114,-2,2
22753,131,135,-4,4
22754,153,160,-7,7
22755,100,101,-1,1
22756,183,181,2,2
22757,121,114,7,7
22758,129,127,2,2
22759,93,103,-10,10
22760,89,99,-10,10
22761,92,85,7,7
22762,81,109,-28,28
22763,133,127,6,6
22764,77,85,-8,8
22765,63,68,-5,5
22766,66,53,13,13
22767,74,77,-3,3
22768,150,150,0,0
22769,76,89,-13,13
22770,68,52,16,16
22771,73,66,7,7
22772,93,86,7,7
22773,90,91,-1,1
22774,81,91,-10,10
22775,59,54,5,5
22776,160,137,23,23
22777,47,49,-2,2
22778,109,133,-24,24
22779,133,121,12,12
22780,114,123,-9,9
22781,89,82,7,7
22782,86,77,9,9
22783,95,80,15,15
22784,149,152,-3,3
22785,86,80,6,6
22786,112,113,-1,1
22787,61,110,-49,49
22788,32,47,-15,15
22789,141,132,9,9
22790,106,105,1,1
22791,62,84,-22,22
22792,98,96,2,2
22793,169,144,25,25
22794,75,88,-13,13
22795,113,111,2,2
22796,69,70,-1,1
22797,54,66,-12,12
22798,72,79,-7,7
22799,140,150,-10,10
22800,86,92,-6,6
22801,106,106,0,0
22802,81,77,4,4
22803,109,97,12,12
22804,120,114,6,6
22805,103,88,15,15
22806,201,182,19,19
22807,115,139,-24,24
22808,94,86,8,8
22809,110,130,-20,20
22810,90,81,9,9
22811,117,110,7,7
22812,80,67,13,13
22813,136,133,3,3
22814,95,100,-5,5
22815,121,103,18,18
22816,38,61,-23,23
22817,100,85,15,15
22818,83,86,-3,3
22819,102,108,-6,6
22820,100,96,4,4
22821,67,70,-3,3
22822,88,129,-41,41
22823,68,60,8,8
22824,145,135,10,10
22825,86,83,3,3
22826,107,96,11,11
22827,85,98,-13,13
22828,102,105,-3,3
22829,132,131,1,1
22830,61,56,5,5
22831,70,64,6,6
22832,91,81,10,10
22833,139,138,1,1
22834,51,55,-4,4
22835,39,35,4,4
22836,100,94,6,6
22837,93,94,-1,1
22838,89,94,-5,5
22839,92,104,-12,12
22840,35,49,-14,14
22841,93,86,7,7
22842,64,47,17,17
22843,62,68,-6,6
22844,102,92,10,10
22845,101,103,-2,2
22846,93,86,7,7
22847,63,67,-4,4
22848,88,94,-6,6
22849,80,88,-8,8
22850,134,108,26,26
22851,77,83,-6,6
22852,73,79,-6,6
22853,57,59,-2,2
22854,118,93,25,25
22855,134,144,-10,10
22856,127,125,2,2
22857,88,88,0,0
22858,91,83,8,8
22859,110,106,4,4
22860,46,46,0,0
22861,105,109,-4,4
22862,103,119,-16,16
22863,108,101,7,7
22864,93,98,-5,5
22865,75,82,-7,7
22866,131,141,-10,10
22867,130,122,8,8
22868,89,85,4,4
22869,49,102,-53,53
22870,120,129,-9,9
22871,151,158,-7,7
22872,92,103,-11,11
22873,77,68,9,9
22874,126,122,4,4
22875,100,105,-5,5
22876,54,64,-10,10
22877,110,99,11,11
22878,133,136,-3,3
22879,119,123,-4,4
22880,126,117,9,9
22881,42,46,-4,4
22882,63,61,2,2
22883,170,163,7,7
22884,68,76,-8,8
22885,114,116,-2,2
22886,115,89,26,26
22887,64,74,-10,10
22888,90,87,3,3
22889,126,118,8,8
22890,72,87,-15,15
22891,116,145,-29,29
22892,151,158,-7,7
22893,98,83,15,15
22894,135,125,10,10
22895,132,128,4,4
22896,166,149,17,17
22897,109,97,12,12
22898,73,73,0,0
22899,43,55,-12,12
22900,60,64,-4,4
22901,95,99,-4,4
22902,185,166,19,19
22903,116,118,-2,2
22904,120,116,4,4
22905,117,109,8,8
22906,80,95,-15,15
22907,54,76,-22,22
22908,94,97,-3,3
22909,104,102,2,2
22910,167,177,-10,10
22911,183,177,6,6
22912,125,126,-1,1
22913,67,74,-7,7
22914,127,112,15,15
22915,108,112,-4,4
22916,110,111,-1,1
22917,72,67,5,5
22918,76,81,-5,5
22919,60,51,9,9
22920,127,115,12,12
22921,60,61,-1,1
22922,117,112,5,5
22923,62,62,0,0
22924,98,91,7,7
22925,64,69,-5,5
22926,90,84,6,6
22927,155,160,-5,5
22928,69,67,2,2
22929,91,85,6,6
22930,91,78,13,13
22931,97,78,19,19
22932,116,107,9,9
22933,100,101,-1,1
22934,81,99,-18,18
22935,77,79,-2,2
22936,46,41,5,5
22937,86,97,-11,11
22938,98,93,5,5
22939,128,98,30,30
22940,53,57,-4,4
22941,86,82,4,4
22942,106,112,-6,6
22943,118,114,4,4
22944,132,125,7,7
22945,179,181,-2,2
22946,72,69,3,3
22947,57,62,-5,5
22948,159,147,12,12
22949,56,68,-12,12
22950,90,100,-10,10
22951,84,86,-2,2
22952,120,123,-3,3
22953,99,93,6,6
22954,121,110,11,11
22955,96,81,15,15
22956,46,48,-2,2
22957,84,93,-9,9
22958,79,76,3,3
22959,165,164,1,1
22960,72,72,0,0
22961,75,81,-6,6
22962,116,117,-1,1
22963,117,118,-1,1
22964,95,90,5,5
22965,138,169,-31,31
22966,64,67,-3,3
22967,70,75,-5,5
22968,51,55,-4,4
22969,74,81,-7,7
22970,105,106,-1,1
22971,137,135,2,2
22972,93,95,-2,2
22973,72,76,-4,4
22974,83,80,3,3
22975,113,109,4,4
22976,97,93,4,4
22977,76,84,-8,8
22978,65,71,-6,6
22979,159,145,14,14
22980,72,72,0,0
22981,127,114,13,13
22982,94,94,0,0
22983,83,82,1,1
22984,84,92,-8,8
22985,60,70,-10,10
22986,100,105,-5,5
22987,108,115,-7,7
22988,118,118,0,0
22989,76,76,0,0
22990,87,74,13,13
22991,50,55,-5,5
22992,38,37,1,1
22993,146,124,22,22
22994,114,119,-5,5
22995,52,56,-4,4
22996,84,82,2,2
22997,122,125,-3,3
22998,102,99,3,3
22999,181,162,19,19
23000,98,91,7,7
23001,39,47,-8,8
23002,84,78,6,6
23003,145,115,30,30
23004,124,126,-2,2
23005,110,121,-11,11
23006,57,53,4,4
23007,88,85,3,3
23008,64,62,2,2
23009,195,170,25,25
23010,131,137,-6,6
23011,124,124,0,0
23012,79,105,-26,26
23013,66,65,1,1
23014,100,98,2,2
23015,82,70,12,12
23016,81,96,-15,15
23017,85,83,2,2
23018,192,197,-5,5
23019,112,114,-2,2
23020,166,152,14,14
23021,101,105,-4,4
23022,82,67,15,15
23023,89,83,6,6
23024,94,92,2,2
23025,79,89,-10,10
23026,108,115,-7,7
23027,117,110,7,7
23028,123,108,15,15
23029,81,80,1,1
23030,87,82,5,5
23031,66,70,-4,4
23032,35,45,-10,10
23033,102,100,2,2
23034,145,124,21,21
23035,62,64,-2,2
23036,121,113,8,8
23037,69,75,-6,6
23038,142,122,20,20
23039,74,69,5,5
23040,92,89,3,3
23041,63,64,-1,1
23042,71,81,-10,10
23043,148,136,12,12
23044,72,75,-3,3
23045,75,76,-1,1
23046,118,124,-6,6
23047,103,105,-2,2
23048,136,118,18,18
23049,126,122,4,4
23050,93,96,-3,3
23051,101,107,-6,6
23052,133,113,20,20
23053,83,100,-17,17
23054,91,99,-8,8
23055,52,45,7,7
23056,100,93,7,7
23057,88,92,-4,4
23058,80,91,-11,11
23059,83,90,-7,7
23060,90,89,1,1
23061,69,90,-21,21
23062,85,81,4,4
23063,107,96,11,11
23064,103,100,3,3
23065,60,63,-3,3
23066,152,151,1,1
23067,40,43,-3,3
23068,87,80,7,7
23069,78,73,5,5
23070,145,149,-4,4
23071,47,50,-3,3
23072,139,131,8,8
23073,94,95,-1,1
23074,138,181,-43,43
23075,115,110,5,5
23076,94,102,-8,8
23077,106,110,-4,4
23078,85,76,9,9
23079,82,75,7,7
23080,61,67,-6,6
23081,160,160,0,0
23082,157,171,-14,14
23083,87,93,-6,6
23084,135,124,11,11
23085,120,107,13,13
23086,104,99,5,5
23087,165,146,19,19
23088,88,91,-3,3
23089,67,71,-4,4
23090,87,94,-7,7
23091,66,71,-5,5
23092,74,68,6,6
23093,76,75,1,1
23094,62,60,2,2
23095,79,88,-9,9
23096,91,93,-2,2
23097,70,64,6,6
23098,148,140,8,8
23099,135,118,17,17
23100,74,78,-4,4
23101,78,76,2,2
23102,93,93,0,0
23103,124,125,-1,1
23104,129,134,-5,5
23105,98,91,7,7
23106,72,74,-2,2
23107,53,63,-10,10
23108,138,129,9,9
23109,184,160,24,24
23110,85,87,-2,2
23111,82,71,11,11
23112,105,118,-13,13
23113,99,104,-5,5
23114,65,74,-9,9
23115,73,62,11,11
23116,66,61,5,5
23117,102,107,-5,5
23118,85,66,19,19
23119,188,188,0,0
23120,81,216,-135,135
23121,124,108,16,16
23122,59,66,-7,7
23123,108,112,-4,4
23124,92,91,1,1
23125,100,99,1,1
23126,105,105,0,0
23127,93,102,-9,9
23128,155,151,4,4
23129,71,71,0,0
23130,65,61,4,4
23131,94,88,6,6
23132,122,124,-2,2
23133,70,73,-3,3
23134,65,64,1,1
23135,160,143,17,17
23136,115,121,-6,6
23137,134,132,2,2
23138,101,99,2,2
23139,105,97,8,8
23140,93,99,-6,6
23141,94,90,4,4
23142,82,79,3,3
23143,90,93,-3,3
23144,78,68,10,10
23145,145,134,11,11
23146,120,118,2,2
23147,94,88,6,6
23148,95,88,7,7
23149,115,125,-10,10
23150,49,64,-15,15
23151,134,140,-6,6
23152,88,76,12,12
23153,82,80,2,2
23154,67,66,1,1
23155,71,69,2,2
23156,56,66,-10,10
23157,88,83,5,5
23158,34,64,-30,30
23159,62,80,-18,18
23160,82,90,-8,8
23161,111,107,4,4
23162,48,50,-2,2
23163,102,107,-5,5
23164,143,132,11,11
23165,47,46,1,1
23166,76,83,-7,7
23167,119,116,3,3
23168,64,64,0,0
23169,72,65,7,7
23170,141,142,-1,1
23171,64,60,4,4
23172,127,111,16,16
23173,72,72,0,0
23174,111,99,12,12
23175,104,88,16,16
23176,77,84,-7,7
23177,133,149,-16,16
23178,113,105,8,8
23179,110,109,1,1
23180,89,83,6,6
23181,125,120,5,5
23182,127,115,12,12
23183,68,64,4,4
23184,99,114,-15,15
23185,86,82,4,4
23186,111,101,10,10
23187,118,113,5,5
23188,74,73,1,1
23189,132,121,11,11
23190,99,95,4,4
23191,139,131,8,8
23192,107,108,-1,1
23193,70,75,-5,5
23194,77,71,6,6
23195,101,100,1,1
23196,103,103,0,0
23197,86,90,-4,4
23198,104,94,10,10
23199,100,101,-1,1
23200,150,134,16,16
23201,69,63,6,6
23202,129,127,2,2
23203,162,162,0,0
23204,111,126,-15,15
23205,133,125,8,8
23206,87,86,1,1
23207,74,86,-12,12
23208,95,94,1,1
23209,110,123,-13,13
23210,124,116,8,8
23211,155,140,15,15
23212,74,66,8,8
23213,80,89,-9,9
23214,90,86,4,4
23215,100,91,9,9
23216,112,93,19,19
23217,81,71,10,10
23218,73,84,-11,11
23219,122,121,1,1
23220,130,128,2,2
23221,129,121,8,8
23222,123,113,10,10
23223,84,72,12,12
23224,63,72,-9,9
23225,144,127,17,17
23226,91,164,-73,73
23227,66,85,-19,19
23228,95,85,10,10
23229,129,124,5,5
23230,75,80,-5,5
23231,152,207,-55,55
23232,119,97,22,22
23233,107,109,-2,2
23234,184,174,10,10
23235,84,98,-14,14
23236,123,112,11,11
23237,167,150,17,17
23238,59,61,-2,2
23239,68,75,-7,7
23240,119,93,26,26
23241,77,68,9,9
23242,70,82,-12,12
23243,79,73,6,6
23244,114,127,-13,13
23245,75,77,-2,2
23246,64,59,5,5
23247,127,126,1,1
23248,52,55,-3,3
23249,67,70,-3,3
23250,73,81,-8,8
23251,85,72,13,13
23252,63,68,-5,5
23253,88,76,12,12
23254,89,111,-22,22
23255,133,114,19,19
23256,82,79,3,3
23257,115,109,6,6
23258,97,99,-2,2
23259,81,88,-7,7
23260,102,90,12,12
23261,68,67,1,1
23262,64,62,2,2
23263,70,70,0,0
23264,73,80,-7,7
23265,59,70,-11,11
23266,136,135,1,1
23267,103,103,0,0
23268,137,114,23,23
23269,73,76,-3,3
23270,83,82,1,1
23271,95,79,16,16
23272,138,131,7,7
23273,86,73,13,13
23274,66,82,-16,16
23275,134,202,-68,68
23276,116,107,9,9
23277,70,85,-15,15
23278,118,119,-1,1
23279,131,121,10,10
23280,40,70,-30,30
23281,82,84,-2,2
23282,78,75,3,3
23283,97,87,10,10
23284,89,96,-7,7
23285,133,119,14,14
23286,76,82,-6,6
23287,152,142,10,10
23288,92,87,5,5
23289,62,64,-2,2
23290,179,155,24,24
23291,127,119,8,8
23292,115,113,2,2
23293,54,72,-18,18
23294,136,117,19,19
23295,76,89,-13,13
23296,62,78,-16,16
23297,78,79,-1,1
23298,182,181,1,1
23299,67,67,0,0
23300,110,96,14,14
23301,92,88,4,4
23302,150,136,14,14
23303,122,128,-6,6
23304,62,70,-8,8
23305,109,98,11,11
23306,123,114,9,9
23307,107,120,-13,13
23308,50,62,-12,12
23309,62,65,-3,3
23310,115,117,-2,2
23311,41,66,-25,25
23312,106,102,4,4
23313,58,53,5,5
23314,67,73,-6,6
23315,64,59,5,5
23316,71,83,-12,12
23317,83,94,-11,11
23318,157,162,-5,5
23319,90,91,-1,1
23320,100,106,-6,6
23321,92,96,-4,4
23322,87,106,-19,19
23323,76,88,-12,12
23324,101,106,-5,5
23325,56,46,10,10
23326,65,72,-7,7
23327,70,71,-1,1
23328,57,59,-2,2
23329,112,147,-35,35
23330,50,77,-27,27
23331,47,54,-7,7
23332,140,157,-17,17
23333,51,49,2,2
23334,61,59,2,2
23335,78,76,2,2
23336,70,65,5,5
23337,98,96,2,2
23338,152,134,18,18
23339,99,109,-10,10
23340,93,102,-9,9
23341,90,84,6,6
23342,51,56,-5,5
23343,94,89,5,5
23344,82,79,3,3
23345,137,215,-78,78
23346,85,89,-4,4
23347,131,137,-6,6
23348,110,100,10,10
23349,70,68,2,2
23350,99,99,0,0
23351,146,140,6,6
23352,37,39,-2,2
23353,94,88,6,6
23354,124,121,3,3
23355,91,107,-16,16
23356,85,91,-6,6
23357,58,65,-7,7
23358,78,83,-5,5
23359,62,77,-15,15
23360,51,58,-7,7
23361,85,92,-7,7
23362,64,65,-1,1
23363,108,112,-4,4
23364,89,93,-4,4
23365,120,119,1,1
23366,131,112,19,19
23367,50,50,0,0
23368,109,112,-3,3
23369,82,75,7,7
23370,115,107,8,8
23371,121,109,12,12
23372,193,184,9,9
23373,66,68,-2,2
23374,125,114,11,11
23375,64,63,1,1
23376,105,92,13,13
23377,47,54,-7,7
23378,57,71,-14,14
23379,105,98,7,7
23380,124,123,1,1
23381,90,107,-17,17
23382,126,108,18,18
23383,89,96,-7,7
23384,122,112,10,10
23385,116,119,-3,3
23386,80,74,6,6
23387,92,88,4,4
23388,62,78,-16,16
23389,144,137,7,7
23390,45,53,-8,8
23391,139,141,-2,2
23392,117,113,4,4
23393,99,99,0,0
23394,98,98,0,0
23395,87,100,-13,13
23396,171,165,6,6
23397,127,107,20,20
23398,114,116,-2,2
23399,100,109,-9,9
23400,71,88,-17,17
23401,143,129,14,14
23402,84,95,-11,11
23403,89,85,4,4
23404,85,77,8,8
23405,69,71,-2,2
23406,145,150,-5,5
23407,115,123,-8,8
23408,116,107,9,9
23409,114,127,-13,13
23410,58,59,-1,1
23411,79,68,11,11
23412,73,75,-2,2
23413,114,114,0,0
23414,140,145,-5,5
23415,92,101,-9,9
23416,111,117,-6,6
23417,131,149,-18,18
23418,76,80,-4,4
23419,94,88,6,6
23420,91,95,-4,4
23421,76,75,1,1
23422,115,105,10,10
23423,65,63,2,2
23424,113,120,-7,7
23425,85,95,-10,10
23426,214,266,-52,52
23427,211,199,12,12
23428,41,52,-11,11
23429,78,76,2,2
23430,161,156,5,5
23431,79,91,-12,12
23432,51,60,-9,9
23433,103,106,-3,3
23434,73,75,-2,2
23435,55,68,-13,13
23436,136,130,6,6
23437,131,123,8,8
23438,77,72,5,5
23439,80,76,4,4
23440,110,110,0,0
23441,54,57,-3,3
23442,111,117,-6,6
23443,84,87,-3,3
23444,70,63,7,7
23445,70,67,3,3
23446,106,92,14,14
23447,97,102,-5,5
23448,100,93,7,7
23449,135,129,6,6
23450,86,86,0,0
23451,42,54,-12,12
23452,132,141,-9,9
23453,73,78,-5,5
23454,125,128,-3,3
23455,83,89,-6,6
23456,125,124,1,1
23457,120,118,2,2
23458,110,107,3,3
23459,197,181,16,16
23460,111,102,9,9
23461,86,96,-10,10
23462,76,80,-4,4
23463,150,133,17,17
23464,115,128,-13,13
23465,89,88,1,1
23466,176,159,17,17
23467,64,70,-6,6
23468,120,114,6,6
23469,121,114,7,7
23470,64,86,-22,22
23471,49,70,-21,21
23472,70,66,4,4
23473,112,113,-1,1
23474,89,97,-8,8
23475,107,103,4,4
23476,155,154,1,1
23477,73,77,-4,4
23478,129,140,-11,11
23479,161,144,17,17
23480,89,89,0,0
23481,113,109,4,4
23482,99,104,-5,5
23483,127,134,-7,7
23484,115,118,-3,3
23485,78,76,2,2
23486,155,170,-15,15
23487,54,52,2,2
23488,89,90,-1,1
23489,115,117,-2,2
23490,82,80,2,2
23491,165,150,15,15
23492,90,83,7,7
23493,87,77,10,10
23494,115,112,3,3
23495,70,76,-6,6
23496,85,88,-3,3
23497,101,95,6,6
23498,118,130,-12,12
23499,135,120,15,15
23500,74,80,-6,6
23501,108,125,-17,17
23502,134,130,4,4
23503,109,102,7,7
23504,77,79,-2,2
23505,71,65,6,6
23506,78,72,6,6
23507,125,107,18,18
23508,90,70,20,20
23509,47,66,-19,19
23510,89,88,1,1
23511,102,103,-1,1
23512,94,94,0,0
23513,137,142,-5,5
23514,110,100,10,10
23515,100,105,-5,5
23516,125,121,4,4
23517,57,95,-38,38
23518,120,113,7,7
23519,149,151,-2,2
23520,69,79,-10,10
23521,91,98,-7,7
23522,69,69,0,0
23523,143,135,8,8
23524,112,111,1,1
23525,108,90,18,18
23526,83,93,-10,10
23527,102,102,0,0
23528,55,57,-2,2
23529,101,87,14,14
23530,39,39,0,0
23531,173,161,12,12
23532,98,92,6,6
23533,136,117,19,19
23534,62,62,0,0
23535,188,155,33,33
23536,98,104,-6,6
23537,132,122,10,10
23538,89,106,-17,17
23539,106,106,0,0
23540,101,118,-17,17
23541,150,134,16,16
23542,194,179,15,15
23543,108,103,5,5
23544,78,84,-6,6
23545,70,74,-4,4
23546,93,104,-11,11
23547,65,81,-16,16
23548,113,102,11,11
23549,129,120,9,9
23550,94,100,-6,6
23551,108,105,3,3
23552,90,90,0,0
23553,68,74,-6,6
23554,98,103,-5,5
23555,96,111,-15,15
23556,85,101,-16,16
23557,137,154,-17,17
23558,112,116,-4,4
23559,168,159,9,9
23560,87,82,5,5
23561,134,132,2,2
23562,75,78,-3,3
23563,135,127,8,8
23564,81,85,-4,4
23565,96,95,1,1
23566,91,100,-9,9
23567,104,93,11,11
23568,105,101,4,4
23569,56,56,0,0
23570,111,100,11,11
23571,56,61,-5,5
23572,62,68,-6,6
23573,103,100,3,3
23574,144,132,12,12
23575,101,101,0,0
23576,79,60,19,19
23577,102,87,15,15
23578,121,119,2,2
23579,140,139,1,1
23580,135,126,9,9
23581,80,77,3,3
23582,51,62,-11,11
23583,152,179,-27,27
23584,94,97,-3,3
23585,52,54,-2,2
23586,78,79,-1,1
23587,82,83,-1,1
23588,75,72,3,3
23589,117,118,-1,1
23590,136,128,8,8
23591,92,82,10,10
23592,55,54,1,1
23593,126,121,5,5
23594,55,58,-3,3
23595,43,52,-9,9
23596,83,89,-6,6
23597,116,124,-8,8
23598,113,117,-4,4
23599,60,58,2,2
23600,100,102,-2,2
23601,100,104,-4,4
23602,113,102,11,11
23603,123,138,-15,15
23604,69,66,3,3
23605,113,133,-20,20
23606,71,80,-9,9
23607,132,125,7,7
23608,151,146,5,5
23609,57,58,-1,1
23610,105,99,6,6
23611,188,145,43,43
23612,79,72,7,7
23613,151,142,9,9
23614,137,134,3,3
23615,42,9,33,33
23616,144,140,4,4
23617,41,53,-12,12
23618,82,79,3,3
23619,91,88,3,3
23620,65,74,-9,9
23621,65,69,-4,4
23622,103,110,-7,7
23623,116,110,6,6
23624,149,147,2,2
23625,202,187,15,15
23626,61,62,-1,1
23627,78,77,1,1
23628,154,137,17,17
23629,87,93,-6,6
23630,93,85,8,8
23631,134,131,3,3
23632,116,121,-5,5
23633,124,132,-8,8
23634,148,140,8,8
23635,140,143,-3,3
23636,69,67,2,2
23637,107,105,2,2
23638,99,103,-4,4
23639,137,122,15,15
23640,165,142,23,23
23641,102,91,11,11
23642,116,109,7,7
23643,95,71,24,24
23644,86,95,-9,9
23645,88,98,-10,10
23646,108,108,0,0
23647,153,159,-6,6
23648,69,66,3,3
23649,76,71,5,5
23650,103,98,5,5
23651,79,92,-13,13
23652,129,108,21,21
23653,87,93,-6,6
23654,67,65,2,2
23655,81,78,3,3
23656,118,107,11,11
23657,69,69,0,0
23658,63,66,-3,3
23659,77,73,4,4
23660,113,116,-3,3
23661,143,140,3,3
23662,57,62,-5,5
23663,86,100,-14,14
23664,36,57,-21,21
23665,128,118,10,10
23666,111,110,1,1
23667,68,73,-5,5
23668,60,69,-9,9
23669,90,93,-3,3
23670,99,102,-3,3
23671,80,63,17,17
23672,79,90,-11,11
23673,84,95,-11,11
23674,77,75,2,2
23675,132,132,0,0
23676,94,63,31,31
23677,95,97,-2,2
23678,67,72,-5,5
23679,134,124,10,10
23680,148,143,5,5
23681,92,87,5,5
23682,85,79,6,6
23683,69,77,-8,8
23684,107,114,-7,7
23685,113,128,-15,15
23686,49,63,-14,14
23687,31,50,-19,19
23688,72,79,-7,7
23689,135,135,0,0
23690,126,118,8,8
23691,67,70,-3,3
23692,70,79,-9,9
23693,64,63,1,1
23694,70,133,-63,63
23695,88,80,8,8
23696,66,76,-10,10
23697,80,95,-15,15
23698,82,93,-11,11
23699,85,92,-7,7
23700,128,126,2,2
23701,116,112,4,4
23702,74,71,3,3
23703,107,103,4,4
23704,74,80,-6,6
23705,133,118,15,15
23706,91,95,-4,4
23707,100,98,2,2
23708,90,87,3,3
23709,41,50,-9,9
23710,117,115,2,2
23711,91,93,-2,2
23712,108,115,-7,7
23713,61,47,14,14
23714,201,190,11,11
23715,112,112,0,0
23716,62,61,1,1
23717,70,79,-9,9
23718,79,80,-1,1
23719,85,72,13,13
23720,138,134,4,4
23721,132,125,7,7
23722,46,59,-13,13
23723,172,175,-3,3
23724,120,107,13,13
23725,120,117,3,3
23726,96,100,-4,4
23727,108,99,9,9
23728,125,128,-3,3
23729,72,73,-1,1
23730,110,99,11,11
23731,51,55,-4,4
23732,127,131,-4,4
23733,109,117,-8,8
23734,70,70,0,0
23735,91,105,-14,14
23736,53,63,-10,10
23737,195,205,-10,10
23738,63,58,5,5
23739,97,107,-10,10
23740,109,96,13,13
23741,116,120,-4,4
23742,52,62,-10,10
23743,66,90,-24,24
23744,70,61,9,9
23745,143,145,-2,2
23746,61,152,-91,91
23747,105,97,8,8
23748,58,56,2,2
23749,141,133,8,8
23750,64,61,3,3
23751,126,134,-8,8
23752,154,146,8,8
23753,103,98,5,5
23754,54,61,-7,7
23755,100,102,-2,2
23756,99,98,1,1
23757,84,87,-3,3
23758,67,76,-9,9
23759,51,67,-16,16
23760,118,124,-6,6
23761,139,116,23,23
23762,83,101,-18,18
23763,127,125,2,2
23764,98,98,0,0
23765,86,82,4,4
23766,53,66,-13,13
23767,111,116,-5,5
23768,82,88,-6,6
23769,101,100,1,1
23770,79,84,-5,5
23771,82,92,-10,10
23772,101,97,4,4
23773,172,159,13,13
23774,49,62,-13,13
23775,144,135,9,9
23776,79,82,-3,3
23777,71,80,-9,9
23778,109,111,-2,2
23779,97,102,-5,5
23780,134,120,14,14
23781,139,164,-25,25
23782,103,96,7,7
23783,104,102,2,2
23784,45,51,-6,6
23785,124,125,-1,1
23786,77,84,-7,7
23787,92,89,3,3
23788,54,60,-6,6
23789,96,92,4,4
23790,77,59,18,18
23791,99,96,3,3
23792,46,52,-6,6
23793,128,126,2,2
23794,114,124,-10,10
23795,183,178,5,5
23796,74,80,-6,6
23797,152,144,8,8
23798,95,81,14,14
23799,84,67,17,17
23800,103,98,5,5
23801,118,107,11,11
23802,82,97,-15,15
23803,161,164,-3,3
23804,93,88,5,5
23805,91,82,9,9
23806,106,106,0,0
23807,91,87,4,4
23808,52,59,-7,7
23809,89,82,7,7
23810,80,86,-6,6
23811,112,107,5,5
23812,69,58,11,11
23813,68,71,-3,3
23814,219,187,32,32
23815,89,93,-4,4
23816,127,122,5,5
23817,84,96,-12,12
23818,85,81,4,4
23819,28,44,-16,16
23820,141,129,12,12
23821,92,96,-4,4
23822,130,127,3,3
23823,59,64,-5,5
23824,143,133,10,10
23825,145,127,18,18
23826,73,77,-4,4
23827,177,160,17,17
23828,169,157,12,12
23829,54,50,4,4
23830,128,115,13,13
23831,52,51,1,1
23832,129,137,-8,8
23833,99,103,-4,4
23834,119,101,18,18
23835,75,82,-7,7
23836,119,113,6,6
23837,103,95,8,8
23838,130,131,-1,1
23839,119,105,14,14
23840,100,92,8,8
23841,159,176,-17,17
23842,75,83,-8,8
23843,86,91,-5,5
23844,123,124,-1,1
23845,74,69,5,5
23846,50,57,-7,7
23847,57,53,4,4
23848,50,55,-5,5
23849,71,78,-7,7
23850,96,89,7,7
23851,76,75,1,1
23852,130,125,5,5
23853,62,67,-5,5
23854,92,87,5,5
23855,98,105,-7,7
23856,67,64,3,3
23857,231,209,22,22
23858,68,60,8,8
23859,59,60,-1,1
23860,82,76,6,6
23861,67,62,5,5
23862,88,80,8,8
23863,138,126,12,12
23864,81,67,14,14
23865,117,118,-1,1
23866,67,77,-10,10
23867,57,54,3,3
23868,53,56,-3,3
23869,87,94,-7,7
23870,123,128,-5,5
23871,128,126,2,2
23872,80,85,-5,5
23873,95,92,3,3
23874,105,109,-4,4
23875,92,95,-3,3
23876,97,88,9,9
23877,96,100,-4,4
23878,114,97,17,17
23879,57,63,-6,6
23880,174,157,17,17
23881,98,91,7,7
23882,96,89,7,7
23883,34,52,-18,18
23884,53,65,-12,12
23885,70,71,-1,1
23886,100,105,-5,5
23887,112,109,3,3
23888,86,92,-6,6
23889,106,104,2,2
23890,75,82,-7,7
23891,97,108,-11,11
23892,93,99,-6,6
23893,105,86,19,19
23894,108,115,-7,7
23895,137,169,-32,32
23896,99,108,-9,9
23897,71,73,-2,2
23898,157,158,-1,1
23899,111,120,-9,9
23900,102,89,13,13
23901,144,141,3,3
23902,86,82,4,4
23903,63,79,-16,16
23904,97,90,7,7
23905,30,38,-8,8
23906,77,78,-1,1
23907,111,105,6,6
23908,77,65,12,12
23909,41,40,1,1
23910,82,86,-4,4
23911,144,132,12,12
23912,117,122,-5,5
23913,94,85,9,9
23914,58,46,12,12
23915,101,96,5,5
23916,105,99,6,6
23917,99,107,-8,8
23918,88,88,0,0
23919,69,76,-7,7
23920,67,62,5,5
23921,51,75,-24,24
23922,120,117,3,3
23923,60,63,-3,3
23924,90,84,6,6
23925,81,77,4,4
23926,163,182,-19,19
23927,142,137,5,5
23928,65,64,1,1
23929,156,149,7,7
23930,52,44,8,8
23931,74,70,4,4
23932,115,116,-1,1
23933,126,124,2,2
23934,48,61,-13,13
23935,129,134,-5,5
23936,160,148,12,12
23937,110,126,-16,16
23938,121,130,-9,9
23939,97,94,3,3
23940,110,135,-25,25
23941,135,125,10,10
23942,153,150,3,3
23943,103,122,-19,19
23944,103,98,5,5
23945,119,112,7,7
23946,76,76,0,0
23947,195,204,-9,9
23948,57,58,-1,1
23949,59,78,-19,19
23950,146,136,10,10
23951,91,76,15,15
23952,101,96,5,5
23953,240,247,-7,7
23954,88,88,0,0
23955,83,72,11,11
23956,77,74,3,3
23957,82,99,-17,17
23958,82,92,-10,10
23959,119,106,13,13
23960,106,99,7,7
23961,101,109,-8,8
23962,78,87,-9,9
23963,82,79,3,3
23964,82,79,3,3
23965,126,115,11,11
23966,87,89,-2,2
23967,96,104,-8,8
23968,68,71,-3,3
23969,100,88,12,12
23970,71,78,-7,7
23971,91,105,-14,14
23972,118,115,3,3
23973,93,92,1,1
23974,87,85,2,2
23975,75,80,-5,5
23976,64,74,-10,10
23977,94,93,1,1
23978,45,54,-9,9
23979,97,87,10,10
23980,115,108,7,7
23981,84,74,10,10
23982,139,133,6,6
23983,155,156,-1,1
23984,65,76,-11,11
23985,72,79,-7,7
23986,65,75,-10,10
23987,45,36,9,9
23988,92,99,-7,7
23989,148,158,-10,10
23990,163,139,24,24
23991,80,73,7,7
23992,131,121,10,10
23993,74,70,4,4
23994,62,65,-3,3
23995,65,59,6,6
23996,110,104,6,6
23997,119,105,14,14
23998,110,105,5,5
23999,89,95,-6,6
24000,104,115,-11,11
24001,110,126,-16,16
24002,83,77,6,6
24003,134,134,0,0
24004,110,115,-5,5
24005,74,94,-20,20
24006,152,156,-4,4
24007,103,100,3,3
24008,47,57,-10,10
24009,104,99,5,5
24010,59,60,-1,1
24011,76,68,8,8
24012,82,90,-8,8
24013,100,99,1,1
24014,127,120,7,7
24015,70,73,-3,3
24016,71,75,-4,4
24017,83,93,-10,10
24018,80,84,-4,4
24019,102,102,0,0
24020,70,86,-16,16
24021,89,94,-5,5
24022,75,73,2,2
24023,104,101,3,3
24024,84,76,8,8
24025,56,61,-5,5
24026,55,65,-10,10
24027,141,158,-17,17
24028,82,84,-2,2
24029,182,165,17,17
24030,154,149,5,5
24031,86,90,-4,4
24032,78,79,-1,1
24033,91,94,-3,3
24034,115,115,0,0
24035,112,123,-11,11
24036,98,116,-18,18
24037,83,71,12,12
24038,58,61,-3,3
24039,72,78,-6,6
24040,46,50,-4,4
24041,54,58,-4,4
24042,99,98,1,1
24043,100,132,-32,32
24044,114,117,-3,3
24045,56,51,5,5
24046,49,66,-17,17
24047,63,56,7,7
24048,63,62,1,1
24049,72,74,-2,2
24050,97,98,-1,1
24051,59,62,-3,3
24052,123,129,-6,6
24053,109,121,-12,12
24054,108,108,0,0
24055,95,93,2,2
24056,94,85,9,9
24057,59,68,-9,9
24058,80,82,-2,2
24059,140,136,4,4
24060,102,110,-8,8
24061,65,72,-7,7
24062,117,114,3,3
24063,63,61,2,2
24064,77,83,-6,6
24065,137,104,33,33
24066,114,108,6,6
24067,78,68,10,10
24068,45,45,0,0
24069,84,87,-3,3
24070,96,110,-14,14
24071,62,60,2,2
24072,67,76,-9,9
24073,178,166,12,12
24074,78,79,-1,1
24075,112,106,6,6
24076,99,76,23,23
24077,94,99,-5,5
24078,86,68,18,18
24079,116,106,10,10
24080,64,62,2,2
24081,51,53,-2,2
24082,176,158,18,18
24083,120,107,13,13
24084,121,104,17,17
24085,84,83,1,1
24086,108,106,2,2
24087,97,100,-3,3
24088,91,90,1,1
24089,117,124,-7,7
24090,102,93,9,9
24091,53,49,4,4
24092,82,72,10,10
24093,63,71,-8,8
24094,50,83,-33,33
24095,121,112,9,9
24096,33,50,-17,17
24097,75,75,0,0
24098,98,101,-3,3
24099,95,91,4,4
24100,94,86,8,8
24101,43,48,-5,5
24102,88,98,-10,10
24103,72,81,-9,9
24104,118,115,3,3
24105,76,79,-3,3
24106,58,61,-3,3
24107,104,92,12,12
24108,115,116,-1,1
24109,63,67,-4,4
24110,105,111,-6,6
24111,59,60,-1,1
24112,58,62,-4,4
24113,146,136,10,10
24114,82,90,-8,8
24115,114,118,-4,4
24116,95,96,-1,1
24117,46,58,-12,12
24118,122,128,-6,6
24119,78,75,3,3
24120,97,99,-2,2
24121,111,110,1,1
24122,161,144,17,17
24123,157,159,-2,2
24124,90,85,5,5
24125,69,70,-1,1
24126,78,74,4,4
24127,111,100,11,11
24128,56,51,5,5
24129,83,74,9,9
24130,186,175,11,11
24131,76,85,-9,9
24132,76,82,-6,6
24133,136,137,-1,1
24134,87,85,2,2
24135,87,85,2,2
24136,72,69,3,3
24137,64,84,-20,20
24138,162,155,7,7
24139,59,61,-2,2
24140,77,73,4,4
24141,58,63,-5,5
24142,65,64,1,1
24143,103,94,9,9
24144,74,103,-29,29
24145,83,75,8,8
24146,62,56,6,6
24147,115,109,6,6
24148,88,97,-9,9
24149,79,82,-3,3
24150,102,106,-4,4
24151,76,78,-2,2
24152,72,88,-16,16
24153,127,127,0,0
24154,57,61,-4,4
24155,123,128,-5,5
24156,108,99,9,9
24157,179,159,20,20
24158,56,70,-14,14
24159,129,133,-4,4
24160,76,82,-6,6
24161,160,128,32,32
24162,108,101,7,7
24163,65,74,-9,9
24164,80,75,5,5
24165,68,80,-12,12
24166,125,161,-36,36
24167,55,59,-4,4
24168,101,109,-8,8
24169,102,93,9,9
24170,151,166,-15,15
24171,98,132,-34,34
24172,72,73,-1,1
24173,124,131,-7,7
24174,113,106,7,7
24175,84,65,19,19
24176,51,60,-9,9
24177,73,71,2,2
24178,58,68,-10,10
24179,103,107,-4,4
24180,89,73,16,16
24181,103,107,-4,4
24182,122,124,-2,2
24183,62,67,-5,5
24184,152,145,7,7
24185,49,63,-14,14
24186,76,77,-1,1
24187,107,94,13,13
24188,63,86,-23,23
24189,132,124,8,8
24190,167,123,44,44
24191,105,99,6,6
24192,160,155,5,5
24193,86,84,2,2
24194,105,98,7,7
24195,88,94,-6,6
24196,102,93,9,9
24197,102,123,-21,21
24198,101,117,-16,16
24199,48,61,-13,13
24200,131,138,-7,7
24201,45,49,-4,4
24202,100,102,-2,2
24203,77,77,0,0
24204,131,133,-2,2
24205,106,116,-10,10
24206,115,111,4,4
24207,140,123,17,17
24208,111,115,-4,4
24209,100,96,4,4
24210,55,58,-3,3
24211,80,84,-4,4
24212,98,111,-13,13
24213,61,57,4,4
24214,106,101,5,5
24215,91,93,-2,2
24216,96,90,6,6
24217,88,82,6,6
24218,79,78,1,1
24219,108,124,-16,16
24220,108,108,0,0
24221,137,115,22,22
24222,110,119,-9,9
24223,67,69,-2,2
24224,81,79,2,2
24225,74,70,4,4
24226,95,104,-9,9
24227,36,41,-5,5
24228,96,102,-6,6
24229,80,79,1,1
24230,86,78,8,8
24231,145,160,-15,15
24232,163,155,8,8
24233,57,59,-2,2
24234,91,93,-2,2
24235,100,105,-5,5
24236,55,57,-2,2
24237,118,113,5,5
24238,183,195,-12,12
24239,79,75,4,4
24240,82,68,14,14
24241,107,103,4,4
24242,47,58,-11,11
24243,103,106,-3,3
24244,78,75,3,3
24245,114,120,-6,6
24246,127,120,7,7
24247,65,68,-3,3
24248,149,162,-13,13
24249,72,69,3,3
24250,75,73,2,2
24251,99,102,-3,3
24252,91,89,2,2
24253,50,56,-6,6
24254,116,111,5,5
24255,150,128,22,22
24256,136,137,-1,1
24257,145,127,18,18
24258,64,77,-13,13
24259,81,80,1,1
24260,76,58,18,18
24261,91,89,2,2
24262,64,64,0,0
24263,52,59,-7,7
24264,85,86,-1,1
24265,93,97,-4,4
24266,80,91,-11,11
24267,84,90,-6,6
24268,71,71,0,0
24269,73,75,-2,2
24270,54,60,-6,6
24271,87,75,12,12
24272,88,106,-18,18
24273,50,62,-12,12
24274,122,109,13,13
24275,98,104,-6,6
24276,82,76,6,6
24277,173,164,9,9
24278,78,81,-3,3
24279,106,103,3,3
24280,103,112,-9,9
24281,78,72,6,6
24282,57,58,-1,1
24283,125,127,-2,2
24284,103,120,-17,17
24285,100,100,0,0
24286,78,83,-5,5
24287,122,111,11,11
24288,122,129,-7,7
24289,135,122,13,13
24290,110,93,17,17
24291,174,153,21,21
24292,54,60,-6,6
24293,43,65,-22,22
24294,82,73,9,9
24295,91,80,11,11
24296,104,95,9,9
24297,148,127,21,21
24298,30,54,-24,24
24299,115,111,4,4
24300,122,121,1,1
24301,126,120,6,6
24302,68,70,-2,2
24303,119,100,19,19
24304,124,125,-1,1
24305,81,69,12,12
24306,74,68,6,6
24307,75,77,-2,2
24308,57,53,4,4
24309,92,77,15,15
24310,79,66,13,13
24311,118,124,-6,6
24312,62,62,0,0
24313,86,72,14,14
24314,57,38,19,19
24315,93,106,-13,13
24316,111,98,13,13
24317,77,81,-4,4
24318,66,69,-3,3
24319,142,108,34,34
24320,117,107,10,10
24321,48,52,-4,4
24322,195,179,16,16
24323,100,100,0,0
24324,103,87,16,16
24325,59,63,-4,4
24326,76,80,-4,4
24327,108,121,-13,13
24328,127,131,-4,4
24329,91,69,22,22
24330,67,72,-5,5
24331,157,150,7,7
24332,120,132,-12,12
24333,79,77,2,2
24334,95,97,-2,2
24335,103,110,-7,7
24336,126,120,6,6
24337,73,96,-23,23
24338,53,58,-5,5
24339,126,122,4,4
24340,78,79,-1,1
24341,128,136,-8,8
24342,51,60,-9,9
24343,76,78,-2,2
24344,130,122,8,8
24345,87,97,-10,10
24346,76,83,-7,7
24347,71,69,2,2
24348,115,120,-5,5
24349,119,117,2,2
24350,75,72,3,3
24351,75,83,-8,8
24352,93,92,1,1
24353,128,138,-10,10
24354,127,154,-27,27
24355,94,105,-11,11
24356,133,128,5,5
24357,53,46,7,7
24358,146,141,5,5
24359,117,131,-14,14
24360,74,75,-1,1
24361,126,113,13,13
24362,41,48,-7,7
24363,143,136,7,7
24364,90,88,2,2
24365,73,82,-9,9
24366,156,140,16,16
24367,72,72,0,0
24368,59,72,-13,13
24369,27,45,-18,18
24370,93,98,-5,5
24371,87,92,-5,5
24372,44,47,-3,3
24373,182,207,-25,25
24374,90,91,-1,1
24375,170,178,-8,8
24376,128,126,2,2
24377,102,117,-15,15
24378,99,100,-1,1
24379,106,97,9,9
24380,86,85,1,1
24381,127,115,12,12
24382,99,85,14,14
24383,101,107,-6,6
24384,155,172,-17,17
24385,184,164,20,20
24386,98,97,1,1
24387,95,93,2,2
24388,108,134,-26,26
24389,103,100,3,3
24390,147,156,-9,9
24391,100,94,6,6
24392,76,104,-28,28
24393,308,204,104,104
24394,71,78,-7,7
24395,80,88,-8,8
24396,88,83,5,5
24397,92,99,-7,7
24398,105,110,-5,5
24399,63,79,-16,16
24400,89,85,4,4
24401,77,101,-24,24
24402,94,92,2,2
24403,72,86,-14,14
24404,65,66,-1,1
24405,132,119,13,13
24406,90,87,3,3
24407,83,82,1,1
24408,35,75,-40,40
24409,163,165,-2,2
24410,73,82,-9,9
24411,117,118,-1,1
24412,87,83,4,4
24413,70,76,-6,6
24414,189,159,30,30
24415,81,79,2,2
24416,59,68,-9,9
24417,110,115,-5,5
24418,103,104,-1,1
24419,89,98,-9,9
24420,90,87,3,3
24421,475,317,158,158
24422,66,65,1,1
24423,97,95,2,2
24424,89,84,5,5
24425,106,98,8,8
24426,81,78,3,3
24427,143,142,1,1
24428,113,109,4,4
24429,83,95,-12,12
24430,276,282,-6,6
24431,88,80,8,8
24432,91,99,-8,8
24433,179,160,19,19
24434,175,134,41,41
24435,86,85,1,1
24436,60,67,-7,7
24437,86,93,-7,7
24438,104,101,3,3
24439,144,137,7,7
24440,93,100,-7,7
24441,98,95,3,3
24442,59,67,-8,8
24443,112,147,-35,35
24444,98,112,-14,14
24445,60,63,-3,3
24446,72,81,-9,9
24447,42,51,-9,9
24448,57,60,-3,3
24449,138,124,14,14
24450,99,92,7,7
24451,134,133,1,1
24452,96,85,11,11
24453,101,95,6,6
24454,88,95,-7,7
24455,79,85,-6,6
24456,61,54,7,7
24457,77,62,15,15
24458,119,117,2,2
24459,124,112,12,12
24460,77,84,-7,7
24461,81,86,-5,5
24462,70,70,0,0
24463,120,123,-3,3
24464,90,98,-8,8
24465,88,90,-2,2
24466,49,36,13,13
24467,70,76,-6,6
24468,90,88,2,2
24469,70,66,4,4
24470,119,106,13,13
24471,99,106,-7,7
24472,79,89,-10,10
24473,112,114,-2,2
24474,63,72,-9,9
24475,40,52,-12,12
24476,145,136,9,9
24477,82,80,2,2
24478,87,82,5,5
24479,75,66,9,9
24480,71,72,-1,1
24481,84,77,7,7
24482,85,69,16,16
24483,101,98,3,3
24484,111,102,9,9
24485,90,91,-1,1
24486,63,68,-5,5
24487,174,176,-2,2
24488,106,106,0,0
24489,64,78,-14,14
24490,33,53,-20,20
24491,100,107,-7,7
24492,185,158,27,27
24493,68,69,-1,1
24494,29,55,-26,26
24495,45,47,-2,2
24496,58,67,-9,9
24497,120,117,3,3
24498,124,113,11,11
24499,70,73,-3,3
24500,104,105,-1,1
24501,101,85,16,16
24502,92,93,-1,1
24503,81,76,5,5
24504,59,64,-5,5
24505,84,78,6,6
24506,67,77,-10,10
24507,105,93,12,12
24508,81,83,-2,2
24509,56,65,-9,9
24510,115,117,-2,2
24511,117,95,22,22
24512,95,93,2,2
24513,134,114,20,20
24514,89,92,-3,3
24515,136,142,-6,6
24516,100,96,4,4
24517,95,107,-12,12
24518,73,77,-4,4
24519,58,69,-11,11
24520,157,145,12,12
24521,77,84,-7,7
24522,54,42,12,12
24523,90,97,-7,7
24524,85,93,-8,8
24525,71,90,-19,19
24526,73,72,1,1
24527,87,96,-9,9
24528,57,56,1,1
24529,64,69,-5,5
24530,72,72,0,0
24531,184,167,17,17
24532,152,126,26,26
24533,88,88,0,0
24534,90,86,4,4
24535,96,101,-5,5
24536,117,107,10,10
24537,65,59,6,6
24538,101,95,6,6
24539,130,141,-11,11
24540,189,175,14,14
24541,80,85,-5,5
24542,72,56,16,16
24543,99,104,-5,5
24544,131,133,-2,2
24545,120,129,-9,9
24546,64,66,-2,2
24547,59,52,7,7
24548,69,80,-11,11
24549,44,52,-8,8
24550,85,91,-6,6
24551,51,70,-19,19
24552,70,79,-9,9
24553,61,67,-6,6
24554,110,126,-16,16
24555,69,76,-7,7
24556,56,58,-2,2
24557,125,144,-19,19
24558,91,85,6,6
24559,53,56,-3,3
24560,91,96,-5,5
24561,42,51,-9,9
24562,85,86,-1,1
24563,33,52,-19,19
24564,94,89,5,5
24565,143,135,8,8
24566,72,70,2,2
24567,85,98,-13,13
24568,132,129,3,3
24569,103,100,3,3
24570,131,114,17,17
24571,72,74,-2,2
24572,109,114,-5,5
24573,104,102,2,2
24574,128,111,17,17
24575,147,138,9,9
24576,90,93,-3,3
24577,44,55,-11,11
24578,84,84,0,0
24579,129,135,-6,6
24580,76,90,-14,14
24581,82,86,-4,4
24582,155,139,16,16
24583,141,129,12,12
24584,110,123,-13,13
24585,117,124,-7,7
24586,112,112,0,0
24587,109,124,-15,15
24588,63,58,5,5
24589,68,68,0,0
24590,140,134,6,6
24591,42,52,-10,10
24592,97,112,-15,15
24593,73,71,2,2
24594,49,48,1,1
24595,163,139,24,24
24596,116,122,-6,6
24597,98,112,-14,14
24598,97,101,-4,4
24599,76,77,-1,1
24600,84,91,-7,7
24601,52,52,0,0
24602,134,127,7,7
24603,62,60,2,2
24604,123,126,-3,3
24605,55,60,-5,5
24606,80,87,-7,7
24607,77,76,1,1
24608,121,135,-14,14
24609,45,51,-6,6
24610,66,67,-1,1
24611,59,54,5,5
24612,45,54,-9,9
24613,63,68,-5,5
24614,65,78,-13,13
24615,95,90,5,5
24616,84,79,5,5
24617,110,126,-16,16
24618,83,82,1,1
24619,133,111,22,22
24620,111,114,-3,3
24621,69,72,-3,3
24622,43,57,-14,14
24623,97,98,-1,1
24624,78,90,-12,12
24625,75,72,3,3
24626,130,110,20,20
24627,73,85,-12,12
24628,156,210,-54,54
24629,110,97,13,13
24630,132,135,-3,3
24631,108,110,-2,2
24632,97,97,0,0
24633,139,130,9,9
24634,88,84,4,4
24635,136,120,16,16
24636,115,98,17,17
24637,141,128,13,13
24638,125,123,2,2
24639,114,109,5,5
24640,127,120,7,7
24641,87,96,-9,9
24642,126,116,10,10
24643,83,90,-7,7
24644,68,65,3,3
24645,100,98,2,2
24646,67,76,-9,9
24647,79,58,21,21
24648,123,118,5,5
24649,49,50,-1,1
24650,73,87,-14,14
24651,105,96,9,9
24652,86,85,1,1
24653,78,81,-3,3
24654,97,92,5,5
24655,95,102,-7,7
24656,46,64,-18,18
24657,105,115,-10,10
24658,157,144,13,13
24659,97,113,-16,16
24660,130,120,10,10
24661,114,126,-12,12
24662,56,66,-10,10
24663,37,43,-6,6
24664,133,131,2,2
24665,80,98,-18,18
24666,56,57,-1,1
24667,64,63,1,1
24668,78,71,7,7
24669,96,92,4,4
24670,90,92,-2,2
24671,126,116,10,10
24672,85,92,-7,7
24673,60,56,4,4
24674,92,83,9,9
24675,105,104,1,1
24676,92,95,-3,3
24677,85,87,-2,2
24678,187,152,35,35
24679,108,121,-13,13
24680,64,49,15,15
24681,99,93,6,6
24682,92,90,2,2
24683,111,103,8,8
24684,83,80,3,3
24685,92,92,0,0
24686,68,60,8,8
24687,158,146,12,12
24688,54,57,-3,3
24689,86,79,7,7
24690,94,95,-1,1
24691,102,103,-1,1
24692,55,59,-4,4
24693,52,72,-20,20
24694,69,90,-21,21
24695,97,111,-14,14
24696,59,67,-8,8
24697,86,84,2,2
24698,104,115,-11,11
24699,119,132,-13,13
24700,124,108,16,16
24701,99,94,5,5
24702,94,101,-7,7
24703,129,128,1,1
24704,134,116,18,18
24705,58,60,-2,2
24706,131,113,18,18
24707,100,95,5,5
24708,97,82,15,15
24709,75,64,11,11
24710,133,136,-3,3
24711,87,81,6,6
24712,76,80,-4,4
24713,55,58,-3,3
24714,167,173,-6,6
24715,108,113,-5,5
24716,64,65,-1,1
24717,56,68,-12,12
24718,49,80,-31,31
24719,55,44,11,11
24720,80,102,-22,22
24721,55,67,-12,12
24722,169,154,15,15
24723,156,148,8,8
24724,102,100,2,2
24725,94,86,8,8
24726,92,92,0,0
24727,116,135,-19,19
24728,120,129,-9,9
24729,107,109,-2,2
24730,113,105,8,8
24731,75,80,-5,5
24732,67,65,2,2
24733,98,95,3,3
24734,193,168,25,25
24735,165,156,9,9
24736,92,78,14,14
24737,53,58,-5,5
24738,82,98,-16,16
24739,113,124,-11,11
24740,89,94,-5,5
24741,93,88,5,5
24742,94,88,6,6
24743,87,89,-2,2
24744,145,143,2,2
24745,142,129,13,13
24746,115,106,9,9
24747,82,86,-4,4
24748,87,94,-7,7
24749,74,71,3,3
24750,61,84,-23,23
24751,125,120,5,5
24752,74,81,-7,7
24753,129,124,5,5
24754,88,83,5,5
24755,93,96,-3,3
24756,83,87,-4,4
24757,123,116,7,7
24758,103,107,-4,4
24759,136,135,1,1
24760,88,87,1,1
24761,94,91,3,3
24762,71,76,-5,5
24763,80,82,-2,2
24764,73,64,9,9
24765,90,84,6,6
24766,81,89,-8,8
24767,85,94,-9,9
24768,48,60,-12,12
24769,122,129,-7,7
24770,120,122,-2,2
24771,100,109,-9,9
24772,123,113,10,10
24773,154,135,19,19
24774,49,70,-21,21
24775,110,98,12,12
24776,90,109,-19,19
24777,103,97,6,6
24778,69,82,-13,13
24779,113,110,3,3
24780,102,106,-4,4
24781,80,106,-26,26
24782,45,52,-7,7
24783,154,153,1,1
24784,116,108,8,8
24785,125,114,11,11
24786,182,162,20,20
24787,68,68,0,0
24788,82,75,7,7
24789,78,83,-5,5
24790,60,69,-9,9
24791,119,105,14,14
24792,76,85,-9,9
24793,102,99,3,3
24794,94,111,-17,17
24795,76,87,-11,11
24796,52,50,2,2
24797,82,81,1,1
24798,117,107,10,10
24799,110,106,4,4
24800,165,147,18,18
24801,79,76,3,3
24802,132,133,-1,1
24803,118,117,1,1
24804,95,87,8,8
24805,74,89,-15,15
24806,52,76,-24,24
24807,104,107,-3,3
24808,103,120,-17,17
24809,119,107,12,12
24810,99,89,10,10
24811,141,127,14,14
24812,62,63,-1,1
24813,95,108,-13,13
24814,115,111,4,4
24815,97,106,-9,9
24816,46,54,-8,8
24817,122,127,-5,5
24818,121,116,5,5
24819,102,106,-4,4
24820,148,143,5,5
24821,71,74,-3,3
24822,114,135,-21,21
24823,126,120,6,6
24824,84,85,-1,1
24825,83,81,2,2
24826,101,79,22,22
24827,98,100,-2,2
24828,121,109,12,12
24829,84,90,-6,6
24830,56,64,-8,8
24831,90,78,12,12
24832,85,86,-1,1
24833,87,78,9,9
24834,113,111,2,2
24835,140,131,9,9
24836,116,116,0,0
24837,120,119,1,1
24838,82,77,5,5
24839,150,140,10,10
24840,89,82,7,7
24841,72,80,-8,8
24842,106,110,-4,4
24843,66,68,-2,2
24844,67,80,-13,13
24845,78,74,4,4
24846,118,109,9,9
24847,83,101,-18,18
24848,133,136,-3,3
24849,127,124,3,3
24850,178,168,10,10
24851,70,69,1,1
24852,50,59,-9,9
24853,121,109,12,12
24854,127,122,5,5
24855,62,54,8,8
24856,74,74,0,0
24857,79,81,-2,2
24858,95,94,1,1
24859,103,109,-6,6
24860,113,100,13,13
24861,58,74,-16,16
24862,162,128,34,34
24863,43,44,-1,1
24864,73,69,4,4
24865,60,70,-10,10
24866,134,128,6,6
24867,66,71,-5,5
24868,42,48,-6,6
24869,89,96,-7,7
24870,82,55,27,27
24871,133,130,3,3
24872,28,49,-21,21
24873,120,108,12,12
24874,60,61,-1,1
24875,59,68,-9,9
24876,54,58,-4,4
24877,81,98,-17,17
24878,102,97,5,5
24879,47,59,-12,12
24880,90,78,12,12
24881,123,110,13,13
24882,83,78,5,5
24883,92,108,-16,16
24884,105,97,8,8
24885,108,90,18,18
24886,114,120,-6,6
24887,57,63,-6,6
24888,67,72,-5,5
24889,85,95,-10,10
24890,68,65,3,3
24891,55,56,-1,1
24892,93,91,2,2
24893,61,69,-8,8
24894,61,72,-11,11
24895,87,86,1,1
24896,85,91,-6,6
24897,88,91,-3,3
24898,57,56,1,1
24899,65,70,-5,5
24900,58,62,-4,4
24901,118,118,0,0
24902,94,96,-2,2
24903,164,154,10,10
24904,74,79,-5,5
24905,106,182,-76,76
24906,97,108,-11,11
24907,117,117,0,0
24908,123,118,5,5
24909,72,80,-8,8
24910,73,68,5,5
24911,105,148,-43,43
24912,53,55,-2,2
24913,63,51,12,12
24914,85,87,-2,2
24915,136,136,0,0
24916,113,106,7,7
24917,92,103,-11,11
24918,97,99,-2,2
24919,95,105,-10,10
24920,106,105,1,1
24921,167,170,-3,3
24922,121,129,-8,8
24923,42,47,-5,5
24924,80,87,-7,7
24925,48,43,5,5
24926,116,116,0,0
24927,117,117,0,0
24928,67,57,10,10
24929,69,69,0,0
24930,114,124,-10,10
24931,134,127,7,7
24932,91,85,6,6
24933,88,86,2,2
24934,130,133,-3,3
24935,187,185,2,2
24936,99,102,-3,3
24937,95,104,-9,9
24938,151,140,11,11
24939,97,105,-8,8
24940,66,66,0,0
24941,39,55,-16,16
24942,114,111,3,3
24943,124,120,4,4
24944,109,109,0,0
24945,92,108,-16,16
24946,50,56,-6,6
24947,139,130,9,9
24948,116,112,4,4
24949,79,74,5,5
24950,69,82,-13,13
24951,95,99,-4,4
24952,112,112,0,0
24953,57,63,-6,6
24954,57,59,-2,2
24955,112,117,-5,5
24956,77,79,-2,2
24957,79,87,-8,8
24958,115,103,12,12
24959,52,52,0,0
24960,121,95,26,26
24961,93,93,0,0
24962,51,50,1,1
24963,71,63,8,8
24964,126,119,7,7
24965,149,142,7,7
24966,91,107,-16,16
24967,142,138,4,4
24968,55,60,-5,5
24969,110,105,5,5
24970,197,196,1,1
24971,85,78,7,7
24972,115,110,5,5
24973,111,114,-3,3
24974,136,123,13,13
24975,57,63,-6,6
24976,100,92,8,8
24977,121,109,12,12
24978,105,99,6,6
24979,145,150,-5,5
24980,93,93,0,0
24981,104,100,4,4
24982,104,98,6,6
24983,89,83,6,6
24984,82,75,7,7
24985,137,123,14,14
24986,112,101,11,11
24987,99,85,14,14
24988,94,104,-10,10
24989,140,135,5,5
24990,75,72,3,3
24991,114,120,-6,6
24992,71,75,-4,4
24993,155,137,18,18
24994,71,71,0,0
24995,61,58,3,3
24996,84,93,-9,9
24997,75,73,2,2
24998,128,159,-31,31
24999,247,246,1,1
25000,101,106,-5,5
25001,113,101,12,12
25002,116,120,-4,4
25003,112,110,2,2
25004,83,89,-6,6
25005,52,62,-10,10
25006,73,64,9,9
25007,43,58,-15,15
25008,96,98,-2,2
25009,49,65,-16,16
25010,57,68,-11,11
25011,104,136,-32,32
25012,86,87,-1,1
25013,66,68,-2,2
25014,69,75,-6,6
25015,92,103,-11,11
25016,120,114,6,6
25017,124,123,1,1
25018,109,95,14,14
25019,90,107,-17,17
25020,88,85,3,3
25021,60,58,2,2
25022,100,104,-4,4
25023,171,231,-60,60
25024,55,63,-8,8
25025,143,141,2,2
25026,104,100,4,4
25027,120,121,-1,1
25028,132,120,12,12
25029,142,136,6,6
25030,68,78,-10,10
25031,74,65,9,9
25032,107,103,4,4
25033,82,81,1,1
25034,48,50,-2,2
25035,83,72,11,11
25036,66,71,-5,5
25037,90,87,3,3
25038,114,122,-8,8
25039,123,105,18,18
25040,140,120,20,20
25041,71,56,15,15
25042,112,97,15,15
25043,175,186,-11,11
25044,148,129,19,19
25045,87,79,8,8
25046,156,157,-1,1
25047,44,56,-12,12
25048,105,102,3,3
25049,120,125,-5,5
25050,65,83,-18,18
25051,120,123,-3,3
25052,69,75,-6,6
25053,91,105,-14,14
25054,135,128,7,7
25055,133,135,-2,2
25056,81,91,-10,10
25057,74,63,11,11
25058,144,142,2,2
25059,146,143,3,3
25060,95,87,8,8
25061,223,191,32,32
25062,126,113,13,13
25063,49,55,-6,6
25064,102,101,1,1
25065,116,110,6,6
25066,60,65,-5,5
25067,154,162,-8,8
25068,134,98,36,36
25069,100,100,0,0
25070,76,69,7,7
25071,74,78,-4,4
25072,77,72,5,5
25073,88,99,-11,11
25074,76,83,-7,7
25075,81,86,-5,5
25076,165,156,9,9
25077,108,111,-3,3
25078,53,36,17,17
25079,59,63,-4,4
25080,85,104,-19,19
25081,98,93,5,5
25082,58,62,-4,4
25083,105,111,-6,6
25084,148,139,9,9
25085,159,140,19,19
25086,163,167,-4,4
25087,102,108,-6,6
25088,71,81,-10,10
25089,156,155,1,1
25090,97,90,7,7
25091,97,95,2,2
25092,72,67,5,5
25093,83,115,-32,32
25094,81,64,17,17
25095,103,106,-3,3
25096,95,89,6,6
25097,82,101,-19,19
25098,121,118,3,3
25099,78,74,4,4
25100,98,80,18,18
25101,145,142,3,3
25102,122,125,-3,3
25103,123,112,11,11
25104,76,77,-1,1
25105,195,173,22,22
25106,48,47,1,1
25107,59,72,-13,13
25108,73,81,-8,8
25109,73,76,-3,3
25110,63,56,7,7
25111,178,152,26,26
25112,69,72,-3,3
25113,96,91,5,5
25114,67,62,5,5
25115,46,49,-3,3
25116,88,95,-7,7
25117,47,66,-19,19
25118,45,49,-4,4
25119,47,59,-12,12
25120,123,108,15,15
25121,124,122,2,2
25122,167,147,20,20
25123,136,125,11,11
25124,72,75,-3,3
25125,109,110,-1,1
25126,74,75,-1,1
25127,80,79,1,1
25128,126,124,2,2
25129,119,115,4,4
25130,60,66,-6,6
25131,98,103,-5,5
25132,128,115,13,13
25133,96,82,14,14
25134,109,111,-2,2
25135,135,130,5,5
25136,86,81,5,5
25137,125,124,1,1
25138,71,82,-11,11
25139,137,129,8,8
25140,86,92,-6,6
25141,150,161,-11,11
25142,83,95,-12,12
25143,57,54,3,3
25144,87,87,0,0
25145,58,72,-14,14
25146,74,77,-3,3
25147,168,149,19,19
25148,145,142,3,3
25149,65,69,-4,4
25150,76,80,-4,4
25151,114,112,2,2
25152,151,147,4,4
25153,146,163,-17,17
25154,65,76,-11,11
25155,77,96,-19,19
25156,165,141,24,24
25157,89,107,-18,18
25158,107,102,5,5
25159,96,117,-21,21
25160,115,117,-2,2
25161,74,72,2,2
25162,160,153,7,7
25163,82,96,-14,14
25164,80,74,6,6
25165,94,89,5,5
25166,97,95,2,2
25167,48,74,-26,26
25168,79,72,7,7
25169,16,47,-31,31
25170,100,106,-6,6
25171,51,73,-22,22
25172,86,89,-3,3
25173,108,103,5,5
25174,46,59,-13,13
25175,55,58,-3,3
25176,112,122,-10,10
25177,84,86,-2,2
25178,100,114,-14,14
25179,150,134,16,16
25180,138,134,4,4
25181,92,92,0,0
25182,66,65,1,1
25183,103,101,2,2
25184,96,95,1,1
25185,148,145,3,3
25186,81,88,-7,7
25187,45,74,-29,29
25188,126,121,5,5
25189,168,161,7,7
25190,76,81,-5,5
25191,134,142,-8,8
25192,83,79,4,4
25193,118,104,14,14
25194,117,111,6,6
25195,100,109,-9,9
25196,96,102,-6,6
25197,122,110,12,12
25198,76,77,-1,1
25199,96,110,-14,14
25200,103,103,0,0
25201,70,79,-9,9
25202,209,179,30,30
25203,75,89,-14,14
25204,54,70,-16,16
25205,111,120,-9,9
25206,70,64,6,6
25207,100,105,-5,5
25208,108,99,9,9
25209,56,66,-10,10
25210,172,176,-4,4
25211,67,65,2,2
25212,118,108,10,10
25213,47,51,-4,4
25214,69,68,1,1
25215,85,82,3,3
25216,63,66,-3,3
25217,267,318,-51,51
25218,101,95,6,6
25219,126,123,3,3
25220,99,103,-4,4
25221,124,134,-10,10
25222,145,125,20,20
25223,83,88,-5,5
25224,96,89,7,7
25225,149,167,-18,18
25226,65,71,-6,6
25227,83,79,4,4
25228,51,63,-12,12
25229,73,88,-15,15
25230,164,159,5,5
25231,76,80,-4,4
25232,86,82,4,4
25233,128,121,7,7
25234,126,111,15,15
25235,75,83,-8,8
25236,85,84,1,1
25237,59,60,-1,1
25238,80,75,5,5
25239,115,115,0,0
25240,96,98,-2,2
25241,57,66,-9,9
25242,78,81,-3,3
25243,92,79,13,13
25244,114,115,-1,1
25245,97,84,13,13
25246,67,71,-4,4
25247,68,97,-29,29
25248,88,84,4,4
25249,58,67,-9,9
25250,86,100,-14,14
25251,81,88,-7,7
25252,80,84,-4,4
25253,107,111,-4,4
25254,65,70,-5,5
25255,77,77,0,0
25256,30,28,2,2
25257,81,64,17,17
25258,91,105,-14,14
25259,62,72,-10,10
25260,78,91,-13,13
25261,103,100,3,3
25262,113,99,14,14
25263,121,110,11,11
25264,75,65,10,10
25265,113,113,0,0
25266,52,60,-8,8
25267,93,104,-11,11
25268,51,65,-14,14
25269,128,121,7,7
25270,86,76,10,10
25271,107,109,-2,2
25272,105,105,0,0
25273,195,204,-9,9
25274,64,69,-5,5
25275,56,78,-22,22
25276,38,105,-67,67
25277,111,128,-17,17
25278,72,75,-3,3
25279,103,101,2,2
25280,93,90,3,3
25281,90,98,-8,8
25282,64,70,-6,6
25283,142,124,18,18
25284,96,90,6,6
25285,85,89,-4,4
25286,99,93,6,6
25287,52,66,-14,14
25288,117,139,-22,22
25289,76,76,0,0
25290,80,117,-37,37
25291,99,81,18,18
25292,103,96,7,7
25293,60,70,-10,10
25294,96,103,-7,7
25295,112,119,-7,7
25296,77,85,-8,8
25297,126,116,10,10
25298,125,124,1,1
25299,132,130,2,2
25300,79,84,-5,5
25301,106,103,3,3
25302,35,43,-8,8
25303,85,70,15,15
25304,63,71,-8,8
25305,65,67,-2,2
25306,23,61,-38,38
25307,73,80,-7,7
25308,103,105,-2,2
25309,79,74,5,5
25310,81,83,-2,2
25311,54,55,-1,1
25312,77,86,-9,9
25313,90,92,-2,2
25314,92,97,-5,5
25315,54,59,-5,5
25316,101,101,0,0
25317,102,96,6,6
25318,77,84,-7,7
25319,113,124,-11,11
25320,166,147,19,19
25321,74,82,-8,8
25322,116,113,3,3
25323,127,141,-14,14
25324,89,88,1,1
25325,101,100,1,1
25326,103,106,-3,3
25327,127,123,4,4
25328,83,78,5,5
25329,123,118,5,5
25330,118,123,-5,5
25331,160,162,-2,2
25332,79,77,2,2
25333,76,80,-4,4
25334,51,50,1,1
25335,110,118,-8,8
25336,112,122,-10,10
25337,73,69,4,4
25338,90,84,6,6
25339,87,96,-9,9
25340,97,96,1,1
25341,51,54,-3,3
25342,175,157,18,18
25343,51,59,-8,8
25344,96,95,1,1
25345,96,80,16,16
25346,87,88,-1,1
25347,98,85,13,13
25348,195,184,11,11
25349,74,78,-4,4
25350,111,97,14,14
25351,62,57,5,5
25352,62,71,-9,9
25353,50,56,-6,6
25354,77,77,0,0
25355,68,66,2,2
25356,72,78,-6,6
25357,82,78,4,4
25358,69,70,-1,1
25359,133,136,-3,3
25360,57,68,-11,11
25361,87,102,-15,15
25362,86,87,-1,1
25363,53,86,-33,33
25364,111,148,-37,37
25365,85,97,-12,12
25366,68,73,-5,5
25367,82,88,-6,6
25368,125,115,10,10
25369,127,110,17,17
25370,46,83,-37,37
25371,125,127,-2,2
25372,133,122,11,11
25373,84,90,-6,6
25374,70,68,2,2
25375,130,111,19,19
25376,86,88,-2,2
25377,161,144,17,17
25378,100,130,-30,30
25379,107,108,-1,1
25380,89,101,-12,12
25381,62,52,10,10
25382,75,75,0,0
25383,82,86,-4,4
25384,104,111,-7,7
25385,83,86,-3,3
25386,109,100,9,9
25387,57,44,13,13
25388,125,129,-4,4
25389,87,71,16,16
25390,201,169,32,32
25391,75,77,-2,2
25392,80,87,-7,7
25393,143,159,-16,16
25394,120,122,-2,2
25395,146,144,2,2
25396,70,66,4,4
25397,93,91,2,2
25398,110,112,-2,2
25399,43,55,-12,12
25400,97,92,5,5
25401,70,60,10,10
25402,85,83,2,2
25403,91,93,-2,2
25404,85,89,-4,4
25405,120,111,9,9
25406,70,77,-7,7
25407,61,60,1,1
25408,67,71,-4,4
25409,156,153,3,3
25410,45,47,-2,2
25411,121,130,-9,9
25412,93,107,-14,14
25413,111,108,3,3
25414,72,80,-8,8
25415,44,49,-5,5
25416,140,143,-3,3
25417,52,48,4,4
25418,70,75,-5,5
25419,117,121,-4,4
25420,60,60,0,0
25421,73,96,-23,23
25422,107,101,6,6
25423,90,97,-7,7
25424,59,63,-4,4
25425,102,106,-4,4
25426,73,76,-3,3
25427,86,96,-10,10
25428,58,61,-3,3
25429,66,69,-3,3
25430,62,95,-33,33
25431,130,127,3,3
25432,121,113,8,8
25433,114,109,5,5
25434,128,130,-2,2
25435,106,113,-7,7
25436,94,86,8,8
25437,139,144,-5,5
25438,57,58,-1,1
25439,62,81,-19,19
25440,59,61,-2,2
25441,134,113,21,21
25442,88,85,3,3
25443,67,70,-3,3
25444,91,94,-3,3
25445,79,82,-3,3
25446,99,103,-4,4
25447,135,154,-19,19
25448,118,114,4,4
25449,97,95,2,2
25450,96,85,11,11
25451,81,85,-4,4
25452,93,93,0,0
25453,108,106,2,2
25454,69,71,-2,2
25455,106,112,-6,6
25456,80,87,-7,7
25457,108,114,-6,6
25458,95,88,7,7
25459,41,49,-8,8
25460,97,90,7,7
25461,161,140,21,21
25462,96,98,-2,2
25463,86,98,-12,12
25464,123,120,3,3
25465,84,68,16,16
25466,81,87,-6,6
25467,99,104,-5,5
25468,108,101,7,7
25469,57,67,-10,10
25470,82,76,6,6
25471,117,150,-33,33
25472,78,102,-24,24
25473,206,209,-3,3
25474,70,66,4,4
25475,66,69,-3,3
25476,132,124,8,8
25477,73,75,-2,2
25478,53,66,-13,13
25479,47,55,-8,8
25480,73,93,-20,20
25481,72,82,-10,10
25482,96,88,8,8
25483,182,177,5,5
25484,80,81,-1,1
25485,98,95,3,3
25486,103,108,-5,5
25487,182,177,5,5
25488,136,135,1,1
25489,101,96,5,5
25490,81,75,6,6
25491,161,150,11,11
25492,83,86,-3,3
25493,57,69,-12,12
25494,119,102,17,17
25495,103,99,4,4
25496,143,127,16,16
25497,61,98,-37,37
25498,117,113,4,4
25499,113,113,0,0
25500,94,92,2,2
25501,70,74,-4,4
25502,116,115,1,1
25503,102,88,14,14
25504,154,138,16,16
25505,91,77,14,14
25506,105,116,-11,11
25507,114,117,-3,3
25508,160,157,3,3
25509,94,90,4,4
25510,151,137,14,14
25511,170,163,7,7
25512,76,62,14,14
25513,74,74,0,0
25514,101,112,-11,11
25515,62,65,-3,3
25516,84,76,8,8
25517,109,114,-5,5
25518,106,98,8,8
25519,119,102,17,17
25520,89,93,-4,4
25521,53,55,-2,2
25522,37,38,-1,1
25523,97,91,6,6
25524,91,93,-2,2
25525,94,86,8,8
25526,111,92,19,19
25527,203,207,-4,4
25528,71,66,5,5
25529,63,64,-1,1
25530,55,66,-11,11
25531,87,84,3,3
25532,125,137,-12,12
25533,101,110,-9,9
25534,98,83,15,15
25535,116,116,0,0
25536,79,85,-6,6
25537,206,201,5,5
25538,102,117,-15,15
25539,153,139,14,14
25540,86,91,-5,5
25541,60,59,1,1
25542,95,107,-12,12
25543,156,154,2,2
25544,90,90,0,0
25545,131,116,15,15
25546,107,95,12,12
25547,56,64,-8,8
25548,96,93,3,3
25549,67,73,-6,6
25550,66,71,-5,5
25551,116,113,3,3
25552,97,107,-10,10
25553,132,126,6,6
25554,87,98,-11,11
25555,94,101,-7,7
25556,50,52,-2,2
25557,104,95,9,9
25558,179,186,-7,7
25559,121,111,10,10
25560,54,63,-9,9
25561,86,82,4,4
25562,29,22,7,7
25563,109,107,2,2
25564,81,90,-9,9
25565,75,81,-6,6
25566,179,157,22,22
25567,59,54,5,5
25568,122,115,7,7
25569,209,188,21,21
25570,53,69,-16,16
25571,79,72,7,7
25572,97,94,3,3
25573,99,96,3,3
25574,50,53,-3,3
25575,81,85,-4,4
25576,77,68,9,9
25577,179,173,6,6
25578,100,106,-6,6
25579,57,68,-11,11
25580,88,89,-1,1
25581,47,55,-8,8
25582,92,95,-3,3
25583,94,92,2,2
25584,49,67,-18,18
25585,155,139,16,16
25586,93,99,-6,6
25587,160,145,15,15
25588,34,43,-9,9
25589,109,103,6,6
25590,112,105,7,7
25591,65,68,-3,3
25592,76,75,1,1
25593,82,83,-1,1
25594,97,77,20,20
25595,72,78,-6,6
25596,95,100,-5,5
25597,59,67,-8,8
25598,52,54,-2,2
25599,81,70,11,11
25600,87,86,1,1
25601,129,122,7,7
25602,57,90,-33,33
25603,54,59,-5,5
25604,122,102,20,20
25605,90,86,4,4
25606,136,138,-2,2
25607,55,53,2,2
25608,69,77,-8,8
25609,118,113,5,5
25610,103,106,-3,3
25611,70,67,3,3
25612,43,47,-4,4
25613,66,69,-3,3
25614,140,147,-7,7
25615,89,94,-5,5
25616,147,130,17,17
25617,112,111,1,1
25618,78,70,8,8
25619,40,49,-9,9
25620,55,52,3,3
25621,77,72,5,5
25622,80,87,-7,7
25623,71,72,-1,1
25624,82,81,1,1
25625,82,92,-10,10
25626,93,102,-9,9
25627,68,71,-3,3
25628,96,89,7,7
25629,116,110,6,6
25630,53,57,-4,4
25631,87,80,7,7
25632,116,115,1,1
25633,102,97,5,5
25634,89,86,3,3
25635,121,107,14,14
25636,92,104,-12,12
25637,29,50,-21,21
25638,98,86,12,12
25639,70,72,-2,2
25640,127,115,12,12
25641,208,195,13,13
25642,85,85,0,0
25643,84,81,3,3
25644,92,92,0,0
25645,118,144,-26,26
25646,66,72,-6,6
25647,79,77,2,2
25648,167,144,23,23
25649,174,178,-4,4
25650,92,90,2,2
25651,90,104,-14,14
25652,103,105,-2,2
25653,85,92,-7,7
25654,43,40,3,3
25655,144,146,-2,2
25656,66,66,0,0
25657,33,48,-15,15
25658,50,53,-3,3
25659,68,73,-5,5
25660,152,163,-11,11
25661,102,90,12,12
25662,45,43,2,2
25663,67,68,-1,1
25664,59,63,-4,4
25665,92,95,-3,3
25666,138,127,11,11
25667,152,141,11,11
25668,79,70,9,9
25669,122,125,-3,3
25670,122,122,0,0
25671,59,67,-8,8
25672,164,148,16,16
25673,93,155,-62,62
25674,86,96,-10,10
25675,133,121,12,12
25676,95,104,-9,9
25677,86,91,-5,5
25678,76,80,-4,4
25679,152,138,14,14
25680,99,82,17,17
25681,62,68,-6,6
25682,92,101,-9,9
25683,105,104,1,1
25684,95,95,0,0
25685,103,78,25,25
25686,64,67,-3,3
25687,113,116,-3,3
25688,139,143,-4,4
25689,116,113,3,3
25690,109,135,-26,26
25691,110,104,6,6
25692,102,101,1,1
25693,108,111,-3,3
25694,83,60,23,23
25695,151,146,5,5
25696,84,98,-14,14
25697,109,103,6,6
25698,136,128,8,8
25699,109,99,10,10
25700,136,107,29,29
25701,109,97,12,12
25702,68,74,-6,6
25703,76,72,4,4
25704,81,88,-7,7
25705,102,99,3,3
25706,139,144,-5,5
25707,86,88,-2,2
25708,105,106,-1,1
25709,58,64,-6,6
25710,35,55,-20,20
25711,49,60,-11,11
25712,82,77,5,5
25713,70,83,-13,13
25714,79,75,4,4
25715,66,67,-1,1
25716,122,112,10,10
25717,77,78,-1,1
25718,120,116,4,4
25719,155,144,11,11
25720,123,132,-9,9
25721,74,81,-7,7
25722,88,81,7,7
25723,143,133,10,10
25724,88,75,13,13
25725,57,65,-8,8
25726,130,126,4,4
25727,81,87,-6,6
25728,83,85,-2,2
25729,173,144,29,29
25730,66,81,-15,15
25731,91,94,-3,3
25732,70,75,-5,5
25733,73,75,-2,2
25734,72,81,-9,9
25735,73,73,0,0
25736,109,126,-17,17
25737,106,65,41,41
25738,72,73,-1,1
25739,80,89,-9,9
25740,188,163,25,25
25741,112,106,6,6
25742,116,112,4,4
25743,115,105,10,10
25744,97,98,-1,1
25745,171,171,0,0
25746,96,106,-10,10
25747,97,90,7,7
25748,60,72,-12,12
25749,119,109,10,10
25750,144,133,11,11
25751,64,81,-17,17
25752,55,54,1,1
25753,92,91,1,1
25754,92,92,0,0
25755,133,130,3,3
25756,62,62,0,0
25757,143,138,5,5
25758,92,97,-5,5
25759,95,116,-21,21
25760,43,41,2,2
25761,110,100,10,10
25762,94,82,12,12
25763,68,70,-2,2
25764,81,81,0,0
25765,150,133,17,17
25766,129,124,5,5
25767,133,118,15,15
25768,105,100,5,5
25769,66,88,-22,22
25770,91,93,-2,2
25771,90,84,6,6
25772,117,103,14,14
25773,140,135,5,5
25774,165,202,-37,37
25775,95,91,4,4
25776,85,81,4,4
25777,158,174,-16,16
25778,138,147,-9,9
25779,96,95,1,1
25780,122,120,2,2
25781,65,65,0,0
25782,63,67,-4,4
25783,111,109,2,2
25784,80,95,-15,15
25785,79,83,-4,4
25786,100,89,11,11
25787,81,89,-8,8
25788,92,93,-1,1
25789,75,98,-23,23
25790,82,81,1,1
25791,79,89,-10,10
25792,57,65,-8,8
25793,148,118,30,30
25794,79,86,-7,7
25795,122,117,5,5
25796,82,82,0,0
25797,61,70,-9,9
25798,38,46,-8,8
25799,94,103,-9,9
25800,101,87,14,14
25801,89,89,0,0
25802,68,62,6,6
25803,47,49,-2,2
25804,90,82,8,8
25805,60,58,2,2
25806,114,110,4,4
25807,80,91,-11,11
25808,127,117,10,10
25809,102,106,-4,4
25810,69,71,-2,2
25811,53,69,-16,16
25812,59,69,-10,10
25813,95,98,-3,3
25814,64,70,-6,6
25815,144,146,-2,2
25816,71,65,6,6
25817,100,105,-5,5
25818,116,113,3,3
25819,104,102,2,2
25820,177,183,-6,6
25821,108,113,-5,5
25822,132,122,10,10
25823,118,108,10,10
25824,135,146,-11,11
25825,115,105,10,10
25826,73,77,-4,4
25827,133,122,11,11
25828,95,88,7,7
25829,80,76,4,4
25830,48,76,-28,28
25831,158,147,11,11
25832,73,76,-3,3
25833,94,92,2,2
25834,74,100,-26,26
25835,154,144,10,10
25836,127,119,8,8
25837,73,71,2,2
25838,89,90,-1,1
25839,61,73,-12,12
25840,87,86,1,1
25841,65,79,-14,14
25842,81,89,-8,8
25843,99,100,-1,1
25844,83,89,-6,6
25845,90,87,3,3
25846,82,77,5,5
25847,115,100,15,15
25848,137,143,-6,6
25849,78,74,4,4
25850,94,87,7,7
25851,101,101,0,0
25852,96,100,-4,4
25853,77,71,6,6
25854,112,105,7,7
25855,138,130,8,8
25856,98,97,1,1
25857,91,90,1,1
25858,143,134,9,9
25859,153,145,8,8
25860,40,49,-9,9
25861,69,71,-2,2
25862,67,72,-5,5
25863,43,49,-6,6
25864,104,111,-7,7
25865,117,110,7,7
25866,84,75,9,9
25867,84,97,-13,13
25868,74,71,3,3
25869,75,78,-3,3
25870,147,150,-3,3
25871,94,103,-9,9
25872,92,86,6,6
25873,71,72,-1,1
25874,84,84,0,0
25875,78,104,-26,26
25876,83,85,-2,2
25877,84,91,-7,7
25878,42,26,16,16
25879,149,146,3,3
25880,95,94,1,1
25881,132,115,17,17
25882,83,92,-9,9
25883,131,127,4,4
25884,62,65,-3,3
25885,87,93,-6,6
25886,91,93,-2,2
25887,155,162,-7,7
25888,73,82,-9,9
25889,98,106,-8,8
25890,72,69,3,3
25891,75,94,-19,19
25892,147,140,7,7
25893,54,59,-5,5
25894,128,121,7,7
25895,98,100,-2,2
25896,111,117,-6,6
25897,81,84,-3,3
25898,87,85,2,2
25899,28,57,-29,29
25900,123,120,3,3
25901,82,70,12,12
25902,82,77,5,5
25903,113,115,-2,2
25904,121,127,-6,6
25905,124,118,6,6
25906,85,76,9,9
25907,82,75,7,7
25908,107,109,-2,2
25909,113,112,1,1
25910,74,76,-2,2
25911,97,85,12,12
25912,56,64,-8,8
25913,89,87,2,2
25914,132,133,-1,1
25915,134,135,-1,1
25916,93,95,-2,2
25917,128,141,-13,13
25918,121,125,-4,4
25919,132,128,4,4
25920,114,112,2,2
25921,93,87,6,6
25922,132,123,9,9
25923,139,128,11,11
25924,59,63,-4,4
25925,185,170,15,15
25926,47,59,-12,12
25927,68,71,-3,3
25928,122,123,-1,1
25929,130,136,-6,6
25930,98,105,-7,7
25931,42,49,-7,7
25932,125,120,5,5
25933,56,69,-13,13
25934,129,132,-3,3
25935,60,76,-16,16
25936,51,55,-4,4
25937,78,95,-17,17
25938,62,75,-13,13
25939,80,90,-10,10
25940,39,60,-21,21
25941,120,111,9,9
25942,100,99,1,1
25943,112,126,-14,14
25944,85,94,-9,9
25945,118,104,14,14
25946,124,126,-2,2
25947,56,61,-5,5
25948,97,98,-1,1
25949,83,94,-11,11
25950,91,90,1,1
25951,68,68,0,0
25952,108,112,-4,4
25953,87,89,-2,2
25954,57,64,-7,7
25955,70,61,9,9
25956,87,87,0,0
25957,111,102,9,9
25958,79,86,-7,7
25959,117,87,30,30
25960,95,101,-6,6
25961,139,130,9,9
25962,52,58,-6,6
25963,47,108,-61,61
25964,104,107,-3,3
25965,89,79,10,10
25966,86,92,-6,6
25967,90,84,6,6
25968,113,116,-3,3
25969,89,83,6,6
25970,94,95,-1,1
25971,134,128,6,6
25972,63,62,1,1
25973,102,97,5,5
25974,146,140,6,6
25975,140,136,4,4
25976,73,73,0,0
25977,127,110,17,17
25978,47,54,-7,7
25979,90,110,-20,20
25980,77,76,1,1
25981,136,124,12,12
25982,121,120,1,1
25983,82,86,-4,4
25984,114,117,-3,3
25985,114,108,6,6
25986,80,82,-2,2
25987,82,74,8,8
25988,79,83,-4,4
25989,107,115,-8,8
25990,113,99,14,14
25991,114,119,-5,5
25992,52,66,-14,14
25993,67,67,0,0
25994,74,72,2,2
25995,113,125,-12,12
25996,77,60,17,17
25997,125,134,-9,9
25998,60,54,6,6
25999,78,81,-3,3
26000,94,100,-6,6
26001,102,93,9,9
26002,115,101,14,14
26003,114,108,6,6
26004,115,119,-4,4
26005,109,104,5,5
26006,107,119,-12,12
26007,80,82,-2,2
26008,111,112,-1,1
26009,36,64,-28,28
26010,78,87,-9,9
26011,87,89,-2,2
26012,74,87,-13,13
26013,70,81,-11,11
26014,64,68,-4,4
26015,51,59,-8,8
26016,97,95,2,2
26017,106,103,3,3
26018,150,141,9,9
26019,105,105,0,0
26020,80,87,-7,7
26021,81,83,-2,2
26022,78,92,-14,14
26023,103,105,-2,2
26024,68,73,-5,5
26025,69,69,0,0
26026,100,117,-17,17
26027,100,87,13,13
26028,171,156,15,15
26029,102,94,8,8
26030,98,83,15,15
26031,81,88,-7,7
26032,86,75,11,11
26033,47,53,-6,6
26034,83,82,1,1
26035,139,139,0,0
26036,71,69,2,2
26037,142,136,6,6
26038,65,62,3,3
26039,68,70,-2,2
26040,63,58,5,5
26041,105,98,7,7
26042,53,63,-10,10
26043,126,117,9,9
26044,137,143,-6,6
26045,64,64,0,0
26046,126,145,-19,19
26047,117,101,16,16
26048,65,90,-25,25
26049,133,125,8,8
26050,64,71,-7,7
26051,96,87,9,9
26052,92,87,5,5
26053,99,105,-6,6
26054,148,150,-2,2
26055,54,56,-2,2
26056,99,70,29,29
26057,89,93,-4,4
26058,63,63,0,0
26059,90,87,3,3
26060,71,70,1,1
26061,82,75,7,7
26062,89,81,8,8
26063,58,51,7,7
26064,88,114,-26,26
26065,91,99,-8,8
26066,29,35,-6,6
26067,63,70,-7,7
26068,73,81,-8,8
26069,68,60,8,8
26070,76,84,-8,8
26071,73,66,7,7
26072,152,133,19,19
26073,113,104,9,9
26074,57,55,2,2
26075,81,79,2,2
26076,102,117,-15,15
26077,87,108,-21,21
26078,106,112,-6,6
26079,83,88,-5,5
26080,164,148,16,16
26081,122,104,18,18
26082,68,68,0,0
26083,79,78,1,1
26084,57,58,-1,1
26085,116,124,-8,8
26086,57,69,-12,12
26087,105,96,9,9
26088,95,84,11,11
26089,164,161,3,3
26090,159,159,0,0
26091,92,90,2,2
26092,100,111,-11,11
26093,64,71,-7,7
26094,121,161,-40,40
26095,157,138,19,19
26096,116,115,1,1
26097,46,59,-13,13
26098,106,104,2,2
26099,67,78,-11,11
26100,83,87,-4,4
26101,66,66,0,0
26102,105,111,-6,6
26103,166,167,-1,1
26104,109,96,13,13
26105,75,70,5,5
26106,86,82,4,4
26107,91,82,9,9
26108,76,75,1,1
26109,149,157,-8,8
26110,102,97,5,5
26111,76,79,-3,3
26112,64,60,4,4
26113,108,96,12,12
26114,99,105,-6,6
26115,104,107,-3,3
26116,136,133,3,3
26117,72,87,-15,15
26118,92,74,18,18
26119,70,68,2,2
26120,69,71,-2,2
26121,154,151,3,3
26122,129,122,7,7
26123,102,106,-4,4
26124,107,102,5,5
26125,107,111,-4,4
26126,75,77,-2,2
26127,108,108,0,0
26128,96,91,5,5
26129,80,78,2,2
26130,73,77,-4,4
26131,129,127,2,2
26132,57,55,2,2
26133,92,88,4,4
26134,70,88,-18,18
26135,61,70,-9,9
26136,52,67,-15,15
26137,145,140,5,5
26138,74,82,-8,8
26139,75,64,11,11
26140,134,132,2,2
26141,105,109,-4,4
26142,108,91,17,17
26143,98,96,2,2
26144,96,81,15,15
26145,135,132,3,3
26146,103,102,1,1
26147,84,88,-4,4
26148,132,129,3,3
26149,114,103,11,11
26150,87,92,-5,5
26151,55,60,-5,5
26152,65,56,9,9
26153,48,49,-1,1
26154,64,61,3,3
26155,113,95,18,18
26156,137,119,18,18
26157,124,126,-2,2
26158,47,52,-5,5
26159,103,102,1,1
26160,136,127,9,9
26161,80,76,4,4
26162,65,115,-50,50
26163,117,116,1,1
26164,113,121,-8,8
26165,71,66,5,5
26166,132,137,-5,5
26167,102,95,7,7
26168,191,186,5,5
26169,127,119,8,8
26170,102,111,-9,9
26171,104,96,8,8
26172,113,111,2,2
26173,74,83,-9,9
26174,143,146,-3,3
26175,73,68,5,5
26176,143,133,10,10
26177,120,115,5,5
26178,95,91,4,4
26179,84,96,-12,12
26180,146,140,6,6
26181,70,67,3,3
26182,125,108,17,17
26183,79,74,5,5
26184,77,89,-12,12
26185,69,69,0,0
26186,100,93,7,7
26187,190,177,13,13
26188,90,97,-7,7
26189,67,83,-16,16
26190,179,186,-7,7
26191,68,79,-11,11
26192,79,100,-21,21
26193,149,119,30,30
26194,87,70,17,17
26195,58,73,-15,15
26196,176,182,-6,6
26197,67,69,-2,2
26198,76,76,0,0
26199,127,122,5,5
26200,73,65,8,8
26201,68,74,-6,6
26202,70,70,0,0
26203,101,91,10,10
26204,122,132,-10,10
26205,95,95,0,0
26206,90,102,-12,12
26207,85,88,-3,3
26208,138,129,9,9
26209,115,120,-5,5
26210,122,113,9,9
26211,59,58,1,1
26212,51,51,0,0
26213,106,110,-4,4
26214,110,114,-4,4
26215,111,108,3,3
26216,62,79,-17,17
26217,93,79,14,14
26218,46,51,-5,5
26219,107,115,-8,8
26220,144,119,25,25
26221,92,79,13,13
26222,92,93,-1,1
26223,95,109,-14,14
26224,154,140,14,14
26225,54,65,-11,11
26226,102,106,-4,4
26227,61,73,-12,12
26228,109,106,3,3
26229,155,135,20,20
26230,83,76,7,7
26231,79,82,-3,3
26232,102,103,-1,1
26233,133,130,3,3
26234,134,133,1,1
26235,81,94,-13,13
26236,151,145,6,6
26237,46,52,-6,6
26238,97,102,-5,5
26239,62,74,-12,12
26240,114,103,11,11
26241,83,89,-6,6
26242,114,110,4,4
26243,87,98,-11,11
26244,110,84,26,26
26245,232,235,-3,3
26246,35,59,-24,24
26247,96,89,7,7
26248,87,96,-9,9
26249,52,61,-9,9
26250,89,82,7,7
26251,84,78,6,6
26252,84,85,-1,1
26253,151,144,7,7
26254,51,60,-9,9
26255,112,106,6,6
26256,189,171,18,18
26257,68,66,2,2
26258,77,74,3,3
26259,62,66,-4,4
26260,112,116,-4,4
26261,95,91,4,4
26262,81,82,-1,1
26263,108,92,16,16
26264,96,91,5,5
26265,58,65,-7,7
26266,84,80,4,4
26267,116,109,7,7
26268,97,108,-11,11
26269,92,99,-7,7
26270,101,113,-12,12
26271,56,57,-1,1
26272,74,79,-5,5
26273,115,105,10,10
26274,74,87,-13,13
26275,58,56,2,2
26276,129,131,-2,2
26277,91,89,2,2
26278,59,68,-9,9
26279,52,46,6,6
26280,73,86,-13,13
26281,69,47,22,22
26282,119,98,21,21
26283,126,118,8,8
26284,114,84,30,30
26285,100,94,6,6
26286,86,89,-3,3
26287,116,129,-13,13
26288,72,68,4,4
26289,61,67,-6,6
26290,83,69,14,14
26291,94,101,-7,7
26292,90,95,-5,5
26293,93,102,-9,9
26294,31,34,-3,3
26295,163,147,16,16
26296,99,101,-2,2
26297,46,54,-8,8
26298,55,50,5,5
26299,75,82,-7,7
26300,72,70,2,2
26301,107,98,9,9
26302,89,99,-10,10
26303,66,55,11,11
26304,67,74,-7,7
26305,145,135,10,10
26306,151,138,13,13
26307,153,130,23,23
26308,56,51,5,5
26309,97,95,2,2
26310,162,158,4,4
26311,90,86,4,4
26312,106,100,6,6
26313,27,41,-14,14
26314,93,85,8,8
26315,105,101,4,4
26316,123,135,-12,12
26317,61,64,-3,3
26318,64,60,4,4
26319,109,113,-4,4
26320,153,153,0,0
26321,81,82,-1,1
26322,167,152,15,15
26323,100,88,12,12
26324,40,64,-24,24
26325,84,94,-10,10
26326,126,127,-1,1
26327,69,76,-7,7
26328,54,47,7,7
26329,41,47,-6,6
26330,86,91,-5,5
26331,71,65,6,6
26332,97,97,0,0
26333,131,137,-6,6
26334,42,52,-10,10
26335,102,100,2,2
26336,83,83,0,0
26337,187,177,10,10
26338,180,177,3,3
26339,73,71,2,2
26340,108,146,-38,38
26341,57,67,-10,10
26342,121,129,-8,8
26343,88,92,-4,4
26344,105,98,7,7
26345,80,90,-10,10
26346,86,86,0,0
26347,124,119,5,5
26348,117,115,2,2
26349,112,111,1,1
26350,66,66,0,0
26351,94,101,-7,7
26352,107,117,-10,10
26353,45,52,-7,7
26354,121,125,-4,4
26355,82,74,8,8
26356,69,76,-7,7
26357,160,146,14,14
26358,119,116,3,3
26359,58,60,-2,2
26360,100,104,-4,4
26361,72,70,2,2
26362,67,69,-2,2
26363,66,58,8,8
26364,119,114,5,5
26365,138,146,-8,8
26366,65,67,-2,2
26367,105,117,-12,12
26368,36,45,-9,9
26369,69,73,-4,4
26370,78,80,-2,2
26371,131,117,14,14
26372,109,119,-10,10
26373,75,73,2,2
26374,63,63,0,0
26375,53,62,-9,9
26376,105,106,-1,1
26377,64,70,-6,6
26378,70,72,-2,2
26379,26,53,-27,27
26380,181,170,11,11
26381,66,74,-8,8
26382,130,138,-8,8
26383,122,130,-8,8
26384,94,87,7,7
26385,124,123,1,1
26386,70,74,-4,4
26387,114,107,7,7
26388,93,88,5,5
26389,106,110,-4,4
26390,96,99,-3,3
26391,90,98,-8,8
26392,118,128,-10,10
26393,63,88,-25,25
26394,79,79,0,0
26395,43,60,-17,17
26396,112,120,-8,8
26397,45,51,-6,6
26398,114,124,-10,10
26399,107,96,11,11
26400,83,79,4,4
26401,40,54,-14,14
26402,98,100,-2,2
26403,115,118,-3,3
26404,92,97,-5,5
26405,131,126,5,5
26406,106,85,21,21
26407,99,97,2,2
26408,67,62,5,5
26409,171,158,13,13
26410,128,98,30,30
26411,88,87,1,1
26412,56,62,-6,6
26413,113,107,6,6
26414,62,45,17,17
26415,81,75,6,6
26416,83,87,-4,4
26417,113,107,6,6
26418,100,105,-5,5
26419,91,87,4,4
26420,79,91,-12,12
26421,156,149,7,7
26422,113,116,-3,3
26423,67,78,-11,11
26424,129,125,4,4
26425,89,96,-7,7
26426,66,68,-2,2
26427,102,113,-11,11
26428,131,112,19,19
26429,111,108,3,3
26430,47,51,-4,4
26431,37,41,-4,4
26432,92,95,-3,3
26433,91,89,2,2
26434,101,96,5,5
26435,43,55,-12,12
26436,78,74,4,4
26437,102,92,10,10
26438,92,93,-1,1
26439,96,111,-15,15
26440,109,109,0,0
26441,98,106,-8,8
26442,131,113,18,18
26443,104,119,-15,15
26444,96,117,-21,21
26445,98,100,-2,2
26446,66,66,0,0
26447,75,74,1,1
26448,70,74,-4,4
26449,49,56,-7,7
26450,110,97,13,13
26451,128,107,21,21
26452,50,58,-8,8
26453,85,75,10,10
26454,59,57,2,2
26455,41,57,-16,16
26456,71,90,-19,19
26457,117,109,8,8
26458,91,75,16,16
26459,64,71,-7,7
26460,118,118,0,0
26461,43,56,-13,13
26462,134,133,1,1
26463,101,93,8,8
26464,109,91,18,18
26465,114,153,-39,39
26466,118,121,-3,3
26467,70,74,-4,4
26468,102,97,5,5
26469,157,154,3,3
26470,308,270,38,38
26471,104,115,-11,11
26472,106,97,9,9
26473,74,69,5,5
26474,148,133,15,15
26475,106,106,0,0
26476,74,80,-6,6
26477,118,117,1,1
26478,114,106,8,8
26479,60,59,1,1
26480,135,118,17,17
26481,60,70,-10,10
26482,62,65,-3,3
26483,120,121,-1,1
26484,150,161,-11,11
26485,112,101,11,11
26486,87,91,-4,4
26487,100,94,6,6
26488,52,68,-16,16
26489,82,80,2,2
26490,136,132,4,4
26491,65,68,-3,3
26492,104,98,6,6
26493,134,132,2,2
26494,104,88,16,16
26495,119,127,-8,8
26496,119,123,-4,4
26497,60,72,-12,12
26498,155,144,11,11
26499,129,130,-1,1
26500,46,47,-1,1
26501,58,81,-23,23
26502,73,66,7,7
26503,114,105,9,9
26504,85,96,-11,11
26505,77,73,4,4
26506,89,86,3,3
26507,186,181,5,5
26508,74,74,0,0
26509,80,77,3,3
26510,108,106,2,2
26511,112,83,29,29
26512,38,42,-4,4
26513,61,65,-4,4
26514,109,106,3,3
26515,46,47,-1,1
26516,139,133,6,6
26517,85,90,-5,5
26518,97,90,7,7
26519,60,72,-12,12
26520,36,47,-11,11
26521,89,110,-21,21
26522,147,141,6,6
26523,94,71,23,23
26524,88,77,11,11
26525,120,111,9,9
26526,75,77,-2,2
26527,95,92,3,3
26528,90,82,8,8
26529,46,52,-6,6
26530,49,72,-23,23
26531,145,142,3,3
26532,93,88,5,5
26533,48,58,-10,10
26534,93,88,5,5
26535,76,61,15,15
26536,51,56,-5,5
26537,102,103,-1,1
26538,86,89,-3,3
26539,88,83,5,5
26540,97,107,-10,10
26541,139,129,10,10
26542,163,153,10,10
26543,91,99,-8,8
26544,139,126,13,13
26545,56,66,-10,10
26546,56,72,-16,16
26547,84,84,0,0
26548,85,86,-1,1
26549,55,63,-8,8
26550,82,75,7,7
26551,90,79,11,11
26552,102,92,10,10
26553,46,49,-3,3
26554,151,146,5,5
26555,90,85,5,5
26556,78,106,-28,28
26557,70,66,4,4
26558,126,118,8,8
26559,114,123,-9,9
26560,135,127,8,8
26561,209,205,4,4
26562,163,158,5,5
26563,62,59,3,3
26564,79,86,-7,7
26565,90,90,0,0
26566,126,117,9,9
26567,161,133,28,28
26568,119,109,10,10
26569,65,77,-12,12
26570,75,113,-38,38
26571,94,89,5,5
26572,57,58,-1,1
26573,60,56,4,4
26574,62,69,-7,7
26575,61,67,-6,6
26576,174,160,14,14
26577,65,71,-6,6
26578,122,129,-7,7
26579,103,121,-18,18
26580,66,65,1,1
26581,110,101,9,9
26582,59,68,-9,9
26583,120,111,9,9
26584,101,103,-2,2
26585,94,91,3,3
26586,125,127,-2,2
26587,76,78,-2,2
26588,66,80,-14,14
26589,85,95,-10,10
26590,101,117,-16,16
26591,79,78,1,1
26592,179,174,5,5
26593,73,79,-6,6
26594,97,110,-13,13
26595,40,57,-17,17
26596,75,62,13,13
26597,157,154,3,3
26598,77,78,-1,1
26599,108,113,-5,5
26600,129,115,14,14
26601,100,99,1,1
26602,76,87,-11,11
26603,40,60,-20,20
26604,72,77,-5,5
26605,81,75,6,6
26606,122,109,13,13
26607,77,73,4,4
26608,162,158,4,4
26609,52,56,-4,4
26610,86,81,5,5
26611,61,64,-3,3
26612,139,131,8,8
26613,122,114,8,8
26614,129,141,-12,12
26615,64,47,17,17
26616,53,52,1,1
26617,163,139,24,24
26618,76,88,-12,12
26619,47,49,-2,2
26620,57,59,-2,2
26621,142,135,7,7
26622,89,76,13,13
26623,100,94,6,6
26624,126,125,1,1
26625,149,136,13,13
26626,102,98,4,4
26627,51,53,-2,2
26628,131,113,18,18
26629,113,118,-5,5
26630,128,119,9,9
26631,84,76,8,8
26632,88,82,6,6
26633,96,95,1,1
26634,131,116,15,15
26635,142,159,-17,17
26636,139,127,12,12
26637,62,57,5,5
26638,162,167,-5,5
26639,100,106,-6,6
26640,94,87,7,7
26641,118,111,7,7
26642,140,129,11,11
26643,105,101,4,4
26644,54,67,-13,13
26645,80,78,2,2
26646,54,55,-1,1
26647,82,84,-2,2
26648,78,85,-7,7
26649,81,81,0,0
26650,55,58,-3,3
26651,142,147,-5,5
26652,152,141,11,11
26653,121,114,7,7
26654,109,107,2,2
26655,80,93,-13,13
26656,73,72,1,1
26657,154,124,30,30
26658,122,123,-1,1
26659,85,101,-16,16
26660,65,66,-1,1
26661,127,114,13,13
26662,44,47,-3,3
26663,90,95,-5,5
26664,115,116,-1,1
26665,124,128,-4,4
26666,148,143,5,5
26667,49,53,-4,4
26668,77,79,-2,2
26669,173,167,6,6
26670,68,90,-22,22
26671,149,144,5,5
26672,73,75,-2,2
26673,54,54,0,0
26674,90,82,8,8
26675,73,62,11,11
26676,74,78,-4,4
26677,49,60,-11,11
26678,79,77,2,2
26679,117,113,4,4
26680,57,67,-10,10
26681,123,111,12,12
26682,94,89,5,5
26683,124,115,9,9
26684,74,78,-4,4
26685,63,59,4,4
26686,116,108,8,8
26687,93,88,5,5
26688,115,118,-3,3
26689,64,65,-1,1
26690,117,117,0,0
26691,74,73,1,1
26692,49,54,-5,5
26693,72,70,2,2
26694,86,84,2,2
26695,52,61,-9,9
26696,87,86,1,1
26697,152,142,10,10
26698,61,56,5,5
26699,67,68,-1,1
26700,64,76,-12,12
26701,100,100,0,0
26702,135,118,17,17
26703,120,118,2,2
26704,124,114,10,10
26705,105,105,0,0
26706,144,154,-10,10
26707,100,109,-9,9
26708,80,84,-4,4
26709,73,87,-14,14
26710,82,82,0,0
26711,76,72,4,4
26712,115,118,-3,3
26713,106,113,-7,7
26714,125,132,-7,7
26715,86,82,4,4
26716,94,96,-2,2
26717,80,85,-5,5
26718,145,125,20,20
26719,122,117,5,5
26720,122,117,5,5
26721,115,104,11,11
26722,66,71,-5,5
26723,85,86,-1,1
26724,95,97,-2,2
26725,110,95,15,15
26726,49,62,-13,13
26727,80,99,-19,19
26728,101,102,-1,1
26729,77,73,4,4
26730,89,107,-18,18
26731,130,116,14,14
26732,106,108,-2,2
26733,56,55,1,1
26734,68,65,3,3
26735,152,132,20,20
26736,113,114,-1,1
26737,98,99,-1,1
26738,125,116,9,9
26739,71,72,-1,1
26740,123,123,0,0
26741,97,78,19,19
26742,77,75,2,2
26743,56,60,-4,4
26744,127,131,-4,4
26745,49,63,-14,14
26746,115,104,11,11
26747,61,67,-6,6
26748,97,91,6,6
26749,101,104,-3,3
26750,77,88,-11,11
26751,117,120,-3,3
26752,90,99,-9,9
26753,120,106,14,14
26754,80,88,-8,8
26755,71,67,4,4
26756,54,56,-2,2
26757,80,86,-6,6
26758,110,114,-4,4
26759,71,88,-17,17
26760,82,86,-4,4
26761,68,75,-7,7
26762,78,92,-14,14
26763,69,62,7,7
26764,87,92,-5,5
26765,94,93,1,1
26766,137,124,13,13
26767,57,60,-3,3
26768,56,48,8,8
26769,57,67,-10,10
26770,62,59,3,3
26771,63,62,1,1
26772,165,156,9,9
26773,115,101,14,14
26774,133,128,5,5
26775,94,83,11,11
26776,107,106,1,1
26777,106,99,7,7
26778,112,116,-4,4
26779,93,83,10,10
26780,55,65,-10,10
26781,85,80,5,5
26782,41,29,12,12
26783,120,102,18,18
26784,99,114,-15,15
26785,83,73,10,10
26786,84,91,-7,7
26787,110,111,-1,1
26788,124,138,-14,14
26789,122,113,9,9
26790,38,49,-11,11
26791,120,104,16,16
26792,97,100,-3,3
26793,61,64,-3,3
26794,113,113,0,0
26795,74,74,0,0
26796,79,81,-2,2
26797,125,118,7,7
26798,81,75,6,6
26799,125,123,2,2
26800,123,122,1,1
26801,90,100,-10,10
26802,48,59,-11,11
26803,55,51,4,4
26804,62,72,-10,10
26805,64,81,-17,17
26806,91,95,-4,4
26807,145,141,4,4
26808,86,78,8,8
26809,66,82,-16,16
26810,116,127,-11,11
26811,76,77,-1,1
26812,88,94,-6,6
26813,103,109,-6,6
26814,97,109,-12,12
26815,138,140,-2,2
26816,75,73,2,2
26817,92,82,10,10
26818,149,147,2,2
26819,60,66,-6,6
26820,108,106,2,2
26821,30,45,-15,15
26822,89,90,-1,1
26823,49,72,-23,23
26824,97,90,7,7
26825,128,111,17,17
26826,96,97,-1,1
26827,96,90,6,6
26828,63,61,2,2
26829,76,77,-1,1
26830,106,119,-13,13
26831,79,103,-24,24
26832,127,117,10,10
26833,45,54,-9,9
26834,105,112,-7,7
26835,90,98,-8,8
26836,43,55,-12,12
26837,235,205,30,30
26838,50,62,-12,12
26839,111,99,12,12
26840,69,53,16,16
26841,52,167,-115,115
26842,105,101,4,4
26843,49,58,-9,9
26844,66,76,-10,10
26845,64,67,-3,3
26846,75,72,3,3
26847,70,60,10,10
26848,96,87,9,9
26849,86,95,-9,9
26850,109,112,-3,3
26851,357,281,76,76
26852,74,76,-2,2
26853,96,102,-6,6
26854,101,100,1,1
26855,86,84,2,2
26856,97,92,5,5
26857,47,51,-4,4
26858,76,85,-9,9
26859,139,126,13,13
26860,127,132,-5,5
26861,119,113,6,6
26862,133,129,4,4
26863,190,186,4,4
26864,119,109,10,10
26865,96,101,-5,5
26866,31,38,-7,7
26867,94,103,-9,9
26868,112,112,0,0
26869,104,97,7,7
26870,162,154,8,8
26871,128,120,8,8
26872,142,145,-3,3
26873,107,81,26,26
26874,120,112,8,8
26875,57,67,-10,10
26876,157,139,18,18
26877,94,97,-3,3
26878,109,125,-16,16
26879,58,69,-11,11
26880,108,88,20,20
26881,88,72,16,16
26882,123,139,-16,16
26883,85,80,5,5
26884,136,124,12,12
26885,72,84,-12,12
26886,77,71,6,6
26887,59,66,-7,7
26888,154,141,13,13
26889,63,79,-16,16
26890,40,66,-26,26
26891,142,146,-4,4
26892,160,147,13,13
26893,68,71,-3,3
26894,91,85,6,6
26895,77,84,-7,7
26896,135,121,14,14
26897,134,205,-71,71
26898,172,165,7,7
26899,131,157,-26,26
26900,86,94,-8,8
26901,67,72,-5,5
26902,55,57,-2,2
26903,148,136,12,12
26904,66,72,-6,6
26905,120,97,23,23
26906,83,81,2,2
26907,101,104,-3,3
26908,83,66,17,17
26909,106,137,-31,31
26910,99,101,-2,2
26911,67,75,-8,8
26912,130,117,13,13
26913,79,80,-1,1
26914,43,38,5,5
26915,146,133,13,13
26916,57,49,8,8
26917,100,111,-11,11
26918,139,121,18,18
26919,114,104,10,10
26920,61,54,7,7
26921,77,91,-14,14
26922,102,116,-14,14
26923,104,103,1,1
26924,145,159,-14,14
26925,81,84,-3,3
26926,87,93,-6,6
26927,135,142,-7,7
26928,117,121,-4,4
26929,82,81,1,1
26930,118,123,-5,5
26931,106,115,-9,9
26932,123,124,-1,1
26933,109,108,1,1
26934,66,71,-5,5
26935,86,84,2,2
26936,104,109,-5,5
26937,61,78,-17,17
26938,59,86,-27,27
26939,68,69,-1,1
26940,68,70,-2,2
26941,63,72,-9,9
26942,85,82,3,3
26943,135,142,-7,7
26944,117,129,-12,12
26945,134,123,11,11
26946,104,105,-1,1
26947,73,79,-6,6
26948,79,78,1,1
26949,137,129,8,8
26950,106,89,17,17
26951,80,66,14,14
26952,175,191,-16,16
26953,96,105,-9,9
26954,137,123,14,14
26955,119,120,-1,1
26956,118,108,10,10
26957,135,121,14,14
26958,127,107,20,20
26959,103,105,-2,2
26960,87,95,-8,8
26961,90,71,19,19
26962,50,58,-8,8
26963,68,68,0,0
26964,75,77,-2,2
26965,150,146,4,4
26966,107,94,13,13
26967,122,125,-3,3
26968,48,51,-3,3
26969,141,132,9,9
26970,96,83,13,13
26971,93,93,0,0
26972,85,77,8,8
26973,55,61,-6,6
26974,51,54,-3,3
26975,99,90,9,9
26976,52,54,-2,2
26977,79,74,5,5
26978,110,105,5,5
26979,121,111,10,10
26980,37,47,-10,10
26981,92,106,-14,14
26982,66,66,0,0
26983,148,128,20,20
26984,83,80,3,3
26985,175,170,5,5
26986,88,80,8,8
26987,110,108,2,2
26988,79,82,-3,3
26989,64,62,2,2
26990,124,119,5,5
26991,129,119,10,10
26992,91,88,3,3
26993,59,57,2,2
26994,49,72,-23,23
26995,132,129,3,3
26996,76,110,-34,34
26997,110,104,6,6
26998,61,78,-17,17
26999,90,88,2,2
27000,126,123,3,3
27001,98,97,1,1
27002,59,50,9,9
27003,93,103,-10,10
27004,76,67,9,9
27005,75,70,5,5
27006,85,92,-7,7
27007,149,139,10,10
27008,89,84,5,5
27009,112,107,5,5
27010,88,80,8,8
27011,65,63,2,2
27012,86,80,6,6
27013,64,75,-11,11
27014,81,97,-16,16
27015,86,93,-7,7
27016,70,62,8,8
27017,150,123,27,27
27018,102,91,11,11
27019,92,87,5,5
27020,47,56,-9,9
27021,92,102,-10,10
27022,108,104,4,4
27023,85,84,1,1
27024,127,121,6,6
27025,114,104,10,10
27026,89,85,4,4
27027,98,103,-5,5
27028,47,40,7,7
27029,95,106,-11,11
27030,174,182,-8,8
27031,74,78,-4,4
27032,214,216,-2,2
27033,35,44,-9,9
27034,202,192,10,10
27035,83,85,-2,2
27036,125,120,5,5
27037,109,100,9,9
27038,54,66,-12,12
27039,56,68,-12,12
27040,71,69,2,2
27041,81,90,-9,9
27042,78,79,-1,1
27043,61,59,2,2
27044,77,75,2,2
27045,114,109,5,5
27046,59,64,-5,5
27047,116,131,-15,15
27048,49,64,-15,15
27049,66,80,-14,14
27050,91,89,2,2
27051,98,97,1,1
27052,73,78,-5,5
27053,78,83,-5,5
27054,105,110,-5,5
27055,112,103,9,9
27056,84,89,-5,5
27057,78,76,2,2
27058,112,116,-4,4
27059,178,160,18,18
27060,134,133,1,1
27061,93,96,-3,3
27062,99,99,0,0
27063,67,69,-2,2
27064,76,80,-4,4
27065,80,82,-2,2
27066,74,75,-1,1
27067,83,77,6,6
27068,99,107,-8,8
27069,70,60,10,10
27070,64,73,-9,9
27071,128,127,1,1
27072,93,71,22,22
27073,65,61,4,4
27074,40,44,-4,4
27075,133,124,9,9
27076,97,99,-2,2
27077,89,96,-7,7
27078,73,66,7,7
27079,102,91,11,11
27080,62,76,-14,14
27081,91,92,-1,1
27082,147,138,9,9
27083,70,74,-4,4
27084,71,72,-1,1
27085,86,80,6,6
27086,62,76,-14,14
27087,104,95,9,9
27088,72,72,0,0
27089,52,49,3,3
27090,38,47,-9,9
27091,67,72,-5,5
27092,196,188,8,8
27093,47,54,-7,7
27094,51,57,-6,6
27095,88,88,0,0
27096,96,99,-3,3
27097,42,45,-3,3
27098,101,98,3,3
27099,105,102,3,3
27100,70,73,-3,3
27101,87,93,-6,6
27102,120,122,-2,2
27103,71,69,2,2
27104,118,115,3,3
27105,71,86,-15,15
27106,101,110,-9,9
27107,80,75,5,5
27108,107,101,6,6
27109,87,82,5,5
27110,60,87,-27,27
27111,56,55,1,1
27112,79,82,-3,3
27113,148,141,7,7
27114,75,76,-1,1
27115,53,54,-1,1
27116,88,85,3,3
27117,104,127,-23,23
27118,77,63,14,14
27119,53,54,-1,1
27120,114,113,1,1
27121,74,72,2,2
27122,73,78,-5,5
27123,127,115,12,12
27124,81,75,6,6
27125,127,129,-2,2
27126,139,126,13,13
27127,78,76,2,2
27128,79,83,-4,4
27129,115,102,13,13
27130,125,108,17,17
27131,141,138,3,3
27132,127,118,9,9
27133,105,98,7,7
27134,57,76,-19,19
27135,99,100,-1,1
27136,91,87,4,4
27137,98,96,2,2
27138,114,128,-14,14
27139,74,73,1,1
27140,143,119,24,24
27141,68,60,8,8
27142,159,144,15,15
27143,69,67,2,2
27144,72,59,13,13
27145,48,65,-17,17
27146,110,108,2,2
27147,86,78,8,8
27148,72,73,-1,1
27149,80,80,0,0
27150,70,78,-8,8
27151,37,52,-15,15
27152,79,76,3,3
27153,53,43,10,10
27154,82,94,-12,12
27155,55,63,-8,8
27156,72,80,-8,8
27157,104,95,9,9
27158,81,92,-11,11
27159,131,128,3,3
27160,110,117,-7,7
27161,70,89,-19,19
27162,96,102,-6,6
27163,56,67,-11,11
27164,76,81,-5,5
27165,87,88,-1,1
27166,100,98,2,2
27167,51,65,-14,14
27168,67,74,-7,7
27169,50,56,-6,6
27170,72,82,-10,10
27171,69,66,3,3
27172,96,105,-9,9
27173,90,85,5,5
27174,84,90,-6,6
27175,136,138,-2,2
27176,83,79,4,4
27177,93,95,-2,2
27178,130,134,-4,4
27179,111,109,2,2
27180,107,116,-9,9
27181,112,118,-6,6
27182,27,44,-17,17
27183,156,145,11,11
27184,102,87,15,15
27185,122,118,4,4
27186,114,109,5,5
27187,39,41,-2,2
27188,137,126,11,11
27189,86,81,5,5
27190,83,77,6,6
27191,148,139,9,9
27192,108,106,2,2
27193,102,94,8,8
27194,95,102,-7,7
27195,52,65,-13,13
27196,78,85,-7,7
27197,99,97,2,2
27198,124,126,-2,2
27199,94,102,-8,8
27200,120,114,6,6
27201,102,114,-12,12
27202,128,125,3,3
27203,64,55,9,9
27204,78,67,11,11
27205,65,74,-9,9
27206,128,122,6,6
27207,88,78,10,10
27208,63,73,-10,10
27209,86,96,-10,10
27210,102,100,2,2
27211,120,116,4,4
27212,95,109,-14,14
27213,83,85,-2,2
27214,96,102,-6,6
27215,75,78,-3,3
27216,50,54,-4,4
27217,69,66,3,3
27218,118,100,18,18
27219,103,108,-5,5
27220,88,98,-10,10
27221,83,83,0,0
27222,113,107,6,6
27223,89,85,4,4
27224,92,92,0,0
27225,96,95,1,1
27226,97,121,-24,24
27227,57,60,-3,3
27228,70,79,-9,9
27229,79,79,0,0
27230,81,88,-7,7
27231,106,100,6,6
27232,178,163,15,15
27233,141,132,9,9
27234,97,99,-2,2
27235,152,153,-1,1
27236,82,84,-2,2
27237,62,54,8,8
27238,69,74,-5,5
27239,145,139,6,6
27240,80,83,-3,3
27241,124,117,7,7
27242,128,128,0,0
27243,147,143,4,4
27244,181,179,2,2
27245,92,95,-3,3
27246,48,56,-8,8
27247,144,135,9,9
27248,54,60,-6,6
27249,116,110,6,6
27250,106,107,-1,1
27251,72,65,7,7
27252,139,124,15,15
27253,153,152,1,1
27254,105,98,7,7
27255,152,140,12,12
27256,137,135,2,2
27257,123,126,-3,3
27258,49,61,-12,12
27259,80,76,4,4
27260,63,48,15,15
27261,35,63,-28,28
27262,53,57,-4,4
27263,80,84,-4,4
27264,56,46,10,10
27265,143,149,-6,6
27266,160,154,6,6
27267,98,102,-4,4
27268,98,92,6,6
27269,83,87,-4,4
27270,117,120,-3,3
27271,143,140,3,3
27272,91,102,-11,11
27273,60,69,-9,9
27274,106,90,16,16
27275,33,46,-13,13
27276,65,65,0,0
27277,79,80,-1,1
27278,47,50,-3,3
27279,78,81,-3,3
27280,108,106,2,2
27281,59,65,-6,6
27282,75,85,-10,10
27283,130,135,-5,5
27284,75,88,-13,13
27285,89,97,-8,8
27286,85,83,2,2
27287,127,121,6,6
27288,71,74,-3,3
27289,103,103,0,0
27290,40,55,-15,15
27291,57,67,-10,10
27292,142,127,15,15
27293,61,76,-15,15
27294,77,74,3,3
27295,95,103,-8,8
27296,90,64,26,26
27297,101,107,-6,6
27298,64,60,4,4
27299,154,130,24,24
27300,90,77,13,13
27301,103,104,-1,1
27302,134,135,-1,1
27303,96,63,33,33
27304,48,47,1,1
27305,88,86,2,2
27306,126,117,9,9
27307,80,82,-2,2
27308,66,67,-1,1
27309,43,50,-7,7
27310,71,83,-12,12
27311,102,104,-2,2
27312,78,70,8,8
27313,99,103,-4,4
27314,110,110,0,0
27315,105,103,2,2
27316,103,114,-11,11
27317,103,104,-1,1
27318,62,86,-24,24
27319,92,101,-9,9
27320,68,72,-4,4
27321,94,106,-12,12
27322,97,95,2,2
27323,50,60,-10,10
27324,46,55,-9,9
27325,76,67,9,9
27326,127,111,16,16
27327,55,60,-5,5
27328,62,58,4,4
27329,114,118,-4,4
27330,70,62,8,8
27331,110,110,0,0
27332,115,114,1,1
27333,102,97,5,5
27334,105,118,-13,13
27335,99,99,0,0
27336,122,118,4,4
27337,69,71,-2,2
27338,69,65,4,4
27339,79,76,3,3
27340,67,68,-1,1
27341,76,73,3,3
27342,54,61,-7,7
27343,96,98,-2,2
27344,90,87,3,3
27345,73,71,2,2
27346,76,76,0,0
27347,48,53,-5,5
27348,104,110,-6,6
27349,64,73,-9,9
27350,76,79,-3,3
27351,106,112,-6,6
27352,58,68,-10,10
27353,118,110,8,8
27354,78,84,-6,6
27355,119,125,-6,6
27356,64,71,-7,7
27357,144,122,22,22
27358,112,97,15,15
27359,60,55,5,5
27360,58,82,-24,24
27361,148,158,-10,10
27362,70,70,0,0
27363,193,175,18,18
27364,90,104,-14,14
27365,50,62,-12,12
27366,94,83,11,11
27367,114,109,5,5
27368,57,64,-7,7
27369,72,87,-15,15
27370,97,79,18,18
27371,121,114,7,7
27372,96,91,5,5
27373,78,89,-11,11
27374,124,128,-4,4
27375,156,149,7,7
27376,103,92,11,11
27377,117,120,-3,3
27378,75,70,5,5
27379,101,104,-3,3
27380,45,54,-9,9
27381,60,62,-2,2
27382,124,129,-5,5
27383,129,127,2,2
27384,90,94,-4,4
27385,79,88,-9,9
27386,64,64,0,0
27387,87,99,-12,12
27388,138,131,7,7
27389,106,109,-3,3
27390,96,98,-2,2
27391,124,119,5,5
27392,78,74,4,4
27393,99,93,6,6
27394,208,166,42,42
27395,111,124,-13,13
27396,107,102,5,5
27397,92,89,3,3
27398,87,82,5,5
27399,108,111,-3,3
27400,70,76,-6,6
27401,115,112,3,3
27402,86,81,5,5
27403,86,80,6,6
27404,165,158,7,7
27405,59,103,-44,44
27406,111,113,-2,2
27407,196,176,20,20
27408,99,104,-5,5
27409,121,108,13,13
27410,57,55,2,2
27411,78,67,11,11
27412,98,103,-5,5
27413,90,83,7,7
27414,89,86,3,3
27415,97,87,10,10
27416,77,76,1,1
27417,78,74,4,4
27418,95,116,-21,21
27419,98,100,-2,2
27420,126,108,18,18
27421,107,109,-2,2
27422,83,77,6,6
27423,129,139,-10,10
27424,93,90,3,3
27425,210,187,23,23
27426,112,126,-14,14
27427,51,58,-7,7
27428,93,94,-1,1
27429,61,76,-15,15
27430,76,81,-5,5
27431,107,105,2,2
27432,115,94,21,21
27433,106,99,7,7
27434,77,76,1,1
27435,102,111,-9,9
27436,54,57,-3,3
27437,81,67,14,14
27438,64,69,-5,5
27439,134,126,8,8
27440,124,112,12,12
27441,49,65,-16,16
27442,90,94,-4,4
27443,72,59,13,13
27444,76,71,5,5
27445,114,105,9,9
27446,59,68,-9,9
27447,97,114,-17,17
27448,96,83,13,13
27449,177,146,31,31
27450,111,106,5,5
27451,105,118,-13,13
27452,78,88,-10,10
27453,85,95,-10,10
27454,71,80,-9,9
27455,114,111,3,3
27456,78,76,2,2
27457,164,178,-14,14
27458,75,76,-1,1
27459,128,122,6,6
27460,105,125,-20,20
27461,75,75,0,0
27462,87,95,-8,8
27463,104,99,5,5
27464,130,113,17,17
27465,101,104,-3,3
27466,81,83,-2,2
27467,75,74,1,1
27468,115,109,6,6
27469,80,77,3,3
27470,54,71,-17,17
27471,93,102,-9,9
27472,142,124,18,18
27473,41,61,-20,20
27474,78,78,0,0
27475,62,56,6,6
27476,68,76,-8,8
27477,45,51,-6,6
27478,99,88,11,11
27479,92,83,9,9
27480,88,82,6,6
27481,134,137,-3,3
27482,112,106,6,6
27483,97,106,-9,9
27484,131,135,-4,4
27485,71,72,-1,1
27486,39,46,-7,7
27487,68,83,-15,15
27488,47,73,-26,26
27489,60,59,1,1
27490,151,132,19,19
27491,81,71,10,10
27492,104,100,4,4
27493,99,107,-8,8
27494,103,102,1,1
27495,84,77,7,7
27496,92,91,1,1
27497,108,105,3,3
27498,124,129,-5,5
27499,68,81,-13,13
27500,107,115,-8,8
27501,97,68,29,29
27502,108,102,6,6
27503,54,67,-13,13
27504,75,81,-6,6
27505,43,51,-8,8
27506,105,100,5,5
27507,103,111,-8,8
27508,85,93,-8,8
27509,121,116,5,5
27510,85,85,0,0
27511,102,91,11,11
27512,113,113,0,0
27513,70,76,-6,6
27514,120,112,8,8
27515,106,90,16,16
27516,72,72,0,0
27517,89,87,2,2
27518,90,85,5,5
27519,52,52,0,0
27520,78,81,-3,3
27521,88,88,0,0
27522,290,248,42,42
27523,98,95,3,3
27524,94,101,-7,7
27525,130,116,14,14
27526,50,68,-18,18
27527,102,101,1,1
27528,72,79,-7,7
27529,79,74,5,5
27530,101,100,1,1
27531,88,84,4,4
27532,75,86,-11,11
27533,109,111,-2,2
27534,68,61,7,7
27535,117,113,4,4
27536,112,105,7,7
27537,149,137,12,12
27538,94,97,-3,3
27539,73,71,2,2
27540,86,84,2,2
27541,68,64,4,4
27542,94,95,-1,1
27543,96,95,1,1
27544,86,118,-32,32
27545,84,86,-2,2
27546,98,89,9,9
27547,149,151,-2,2
27548,92,93,-1,1
27549,72,71,1,1
27550,108,110,-2,2
27551,85,101,-16,16
27552,92,90,2,2
27553,72,75,-3,3
27554,73,82,-9,9
27555,91,92,-1,1
27556,167,163,4,4
27557,78,89,-11,11
27558,50,65,-15,15
27559,96,90,6,6
27560,105,126,-21,21
27561,102,101,1,1
27562,106,105,1,1
27563,138,132,6,6
27564,123,120,3,3
27565,76,74,2,2
27566,95,93,2,2
27567,87,94,-7,7
27568,154,159,-5,5
27569,75,58,17,17
27570,137,120,17,17
27571,98,88,10,10
27572,96,93,3,3
27573,68,66,2,2
27574,66,70,-4,4
27575,96,103,-7,7
27576,99,97,2,2
27577,53,64,-11,11
27578,36,62,-26,26
27579,79,85,-6,6
27580,108,105,3,3
27581,20,38,-18,18
27582,95,88,7,7
27583,78,84,-6,6
27584,114,110,4,4
27585,89,102,-13,13
27586,118,136,-18,18
27587,163,152,11,11
27588,64,63,1,1
27589,50,50,0,0
27590,65,69,-4,4
27591,91,98,-7,7
27592,126,120,6,6
27593,96,87,9,9
27594,115,111,4,4
27595,114,119,-5,5
27596,139,115,24,24
27597,45,60,-15,15
27598,155,157,-2,2
27599,77,78,-1,1
27600,105,92,13,13
27601,156,138,18,18
27602,90,91,-1,1
27603,105,91,14,14
27604,36,49,-13,13
27605,134,144,-10,10
27606,111,118,-7,7
27607,61,63,-2,2
27608,97,99,-2,2
27609,76,72,4,4
27610,81,83,-2,2
27611,71,71,0,0
27612,99,92,7,7
27613,98,105,-7,7
27614,89,74,15,15
27615,153,144,9,9
27616,110,112,-2,2
27617,61,62,-1,1
27618,72,80,-8,8
27619,107,96,11,11
27620,107,106,1,1
27621,116,110,6,6
27622,116,116,0,0
27623,71,79,-8,8
27624,95,94,1,1
27625,99,95,4,4
27626,59,56,3,3
27627,107,131,-24,24
27628,130,117,13,13
27629,95,71,24,24
27630,165,140,25,25
27631,171,158,13,13
27632,93,110,-17,17
27633,79,82,-3,3
27634,175,154,21,21
27635,121,114,7,7
27636,155,144,11,11
27637,174,176,-2,2
27638,81,75,6,6
27639,57,52,5,5
27640,180,147,33,33
27641,116,107,9,9
27642,162,162,0,0
27643,77,62,15,15
27644,78,75,3,3
27645,111,105,6,6
27646,87,82,5,5
27647,37,46,-9,9
27648,176,147,29,29
27649,69,82,-13,13
27650,72,72,0,0
27651,91,87,4,4
27652,102,105,-3,3
27653,81,85,-4,4
27654,142,140,2,2
27655,189,169,20,20
27656,200,177,23,23
27657,61,67,-6,6
27658,89,93,-4,4
27659,94,103,-9,9
27660,88,89,-1,1
27661,85,81,4,4
27662,88,84,4,4
27663,52,71,-19,19
27664,61,72,-11,11
27665,79,80,-1,1
27666,141,132,9,9
27667,83,77,6,6
27668,112,155,-43,43
27669,123,118,5,5
27670,54,56,-2,2
27671,66,67,-1,1
27672,117,116,1,1
27673,73,65,8,8
27674,70,88,-18,18
27675,66,69,-3,3
27676,105,126,-21,21
27677,77,82,-5,5
27678,100,97,3,3
27679,167,153,14,14
27680,73,70,3,3
27681,130,125,5,5
27682,87,74,13,13
27683,85,86,-1,1
27684,69,66,3,3
27685,73,82,-9,9
27686,77,82,-5,5
27687,138,133,5,5
27688,80,90,-10,10
27689,55,58,-3,3
27690,117,106,11,11
27691,110,110,0,0
27692,60,60,0,0
27693,96,93,3,3
27694,85,84,1,1
27695,106,112,-6,6
27696,94,92,2,2
27697,69,80,-11,11
27698,125,128,-3,3
27699,179,156,23,23
27700,86,80,6,6
27701,129,126,3,3
27702,82,89,-7,7
27703,91,81,10,10
27704,150,142,8,8
27705,57,68,-11,11
27706,70,70,0,0
27707,134,130,4,4
27708,71,83,-12,12
27709,74,75,-1,1
27710,83,86,-3,3
27711,82,104,-22,22
27712,70,75,-5,5
27713,82,89,-7,7
27714,52,45,7,7
27715,93,85,8,8
27716,54,67,-13,13
27717,136,143,-7,7
27718,72,62,10,10
27719,86,115,-29,29
27720,108,114,-6,6
27721,93,90,3,3
27722,57,75,-18,18
27723,78,79,-1,1
27724,130,126,4,4
27725,83,79,4,4
27726,116,113,3,3
27727,103,94,9,9
27728,79,80,-1,1
27729,43,47,-4,4
27730,100,104,-4,4
27731,77,78,-1,1
27732,127,120,7,7
27733,83,80,3,3
27734,134,168,-34,34
27735,108,97,11,11
27736,122,112,10,10
27737,86,87,-1,1
27738,71,69,2,2
27739,111,111,0,0
27740,132,121,11,11
27741,200,188,12,12
27742,77,84,-7,7
27743,131,114,17,17
27744,75,90,-15,15
27745,66,66,0,0
27746,83,83,0,0
27747,155,147,8,8
27748,104,89,15,15
27749,85,76,9,9
27750,149,136,13,13
27751,198,246,-48,48
27752,68,78,-10,10
27753,143,114,29,29
27754,118,101,17,17
27755,75,83,-8,8
27756,150,166,-16,16
27757,52,61,-9,9
27758,153,145,8,8
27759,88,91,-3,3
27760,101,126,-25,25
27761,74,72,2,2
27762,102,114,-12,12
27763,140,124,16,16
27764,71,67,4,4
27765,110,98,12,12
27766,110,110,0,0
27767,63,62,1,1
27768,66,73,-7,7
27769,49,53,-4,4
27770,54,50,4,4
27771,86,90,-4,4
27772,58,57,1,1
27773,54,55,-1,1
27774,60,68,-8,8
27775,77,64,13,13
27776,70,79,-9,9
27777,91,91,0,0
27778,112,110,2,2
27779,89,77,12,12
27780,80,81,-1,1
27781,95,96,-1,1
27782,98,97,1,1
27783,91,100,-9,9
27784,117,103,14,14
27785,76,79,-3,3
27786,126,147,-21,21
27787,131,109,22,22
27788,65,67,-2,2
27789,90,96,-6,6
27790,77,79,-2,2
27791,114,113,1,1
27792,88,86,2,2
27793,90,83,7,7
27794,84,98,-14,14
27795,135,119,16,16
27796,95,91,4,4
27797,94,100,-6,6
27798,106,105,1,1
27799,75,74,1,1
27800,115,112,3,3
27801,143,145,-2,2
27802,60,60,0,0
27803,68,70,-2,2
27804,73,67,6,6
27805,168,142,26,26
27806,99,99,0,0
27807,108,106,2,2
27808,77,90,-13,13
27809,60,53,7,7
27810,79,76,3,3
27811,103,107,-4,4
27812,120,125,-5,5
27813,137,144,-7,7
27814,80,88,-8,8
27815,78,82,-4,4
27816,49,57,-8,8
27817,97,110,-13,13
27818,104,112,-8,8
27819,172,156,16,16
27820,154,150,4,4
27821,93,103,-10,10
27822,103,91,12,12
27823,51,51,0,0
27824,72,65,7,7
27825,81,78,3,3
27826,69,68,1,1
27827,111,102,9,9
27828,106,104,2,2
27829,143,133,10,10
27830,46,49,-3,3
27831,118,126,-8,8
27832,136,119,17,17
27833,103,100,3,3
27834,115,108,7,7
27835,100,97,3,3
27836,130,120,10,10
27837,146,137,9,9
27838,106,101,5,5
27839,160,151,9,9
27840,151,126,25,25
27841,111,106,5,5
27842,132,122,10,10
27843,70,59,11,11
27844,95,97,-2,2
27845,113,111,2,2
27846,100,141,-41,41
27847,84,124,-40,40
27848,144,122,22,22
27849,75,82,-7,7
27850,127,142,-15,15
27851,35,53,-18,18
27852,48,63,-15,15
27853,52,56,-4,4
27854,110,103,7,7
27855,109,106,3,3
27856,72,71,1,1
27857,99,94,5,5
27858,58,56,2,2
27859,81,69,12,12
27860,96,84,12,12
27861,71,72,-1,1
27862,122,93,29,29
27863,151,142,9,9
27864,92,80,12,12
27865,69,66,3,3
27866,111,109,2,2
27867,106,95,11,11
27868,122,112,10,10
27869,100,85,15,15
27870,62,61,1,1
27871,77,78,-1,1
27872,111,111,0,0
27873,68,76,-8,8
27874,97,93,4,4
27875,118,96,22,22
27876,118,117,1,1
27877,97,94,3,3
27878,78,73,5,5
27879,146,141,5,5
27880,99,106,-7,7
27881,76,73,3,3
27882,64,58,6,6
27883,48,50,-2,2
27884,89,82,7,7
27885,59,67,-8,8
27886,74,76,-2,2
27887,72,74,-2,2
27888,83,86,-3,3
27889,83,58,25,25
27890,97,93,4,4
27891,100,95,5,5
27892,181,180,1,1
27893,37,50,-13,13
27894,64,64,0,0
27895,84,80,4,4
27896,68,50,18,18
27897,54,61,-7,7
27898,85,86,-1,1
27899,75,81,-6,6
27900,98,89,9,9
27901,147,132,15,15
27902,138,134,4,4
27903,61,65,-4,4
27904,83,92,-9,9
27905,158,134,24,24
27906,119,110,9,9
27907,88,82,6,6
27908,119,120,-1,1
27909,118,104,14,14
27910,68,70,-2,2
27911,49,55,-6,6
27912,112,107,5,5
27913,113,102,11,11
27914,83,86,-3,3
27915,81,89,-8,8
27916,31,38,-7,7
27917,87,95,-8,8
27918,144,136,8,8
27919,133,139,-6,6
27920,137,134,3,3
27921,95,88,7,7
27922,80,81,-1,1
27923,109,103,6,6
27924,90,98,-8,8
27925,70,71,-1,1
27926,66,71,-5,5
27927,81,70,11,11
27928,156,156,0,0
27929,70,81,-11,11
27930,95,111,-16,16
27931,109,101,8,8
27932,61,108,-47,47
27933,40,34,6,6
27934,138,135,3,3
27935,96,86,10,10
27936,53,69,-16,16
27937,85,98,-13,13
27938,137,129,8,8
27939,113,111,2,2
27940,127,124,3,3
27941,77,75,2,2
27942,66,57,9,9
27943,36,39,-3,3
27944,83,86,-3,3
27945,120,106,14,14
27946,55,57,-2,2
27947,61,68,-7,7
27948,68,55,13,13
27949,93,94,-1,1
27950,173,160,13,13
27951,58,66,-8,8
27952,75,84,-9,9
27953,83,77,6,6
27954,141,151,-10,10
27955,67,67,0,0
27956,35,51,-16,16
27957,63,71,-8,8
27958,52,56,-4,4
27959,183,172,11,11
27960,52,57,-5,5
27961,72,73,-1,1
27962,77,80,-3,3
27963,61,63,-2,2
27964,124,117,7,7
27965,78,85,-7,7
27966,123,119,4,4
27967,122,119,3,3
27968,88,99,-11,11
27969,74,79,-5,5
27970,66,68,-2,2
27971,69,81,-12,12
27972,92,97,-5,5
27973,79,70,9,9
27974,45,72,-27,27
27975,115,110,5,5
27976,143,135,8,8
27977,99,101,-2,2
27978,129,133,-4,4
27979,103,97,6,6
27980,90,104,-14,14
27981,88,83,5,5
27982,123,126,-3,3
27983,175,143,32,32
27984,95,90,5,5
27985,105,98,7,7
27986,65,75,-10,10
27987,66,60,6,6
27988,137,124,13,13
27989,84,94,-10,10
27990,110,99,11,11
27991,118,111,7,7
27992,114,118,-4,4
27993,97,105,-8,8
27994,90,82,8,8
27995,124,119,5,5
27996,158,156,2,2
27997,67,90,-23,23
27998,96,95,1,1
27999,97,90,7,7
28000,108,102,6,6
28001,106,96,10,10
28002,56,61,-5,5
28003,69,76,-7,7
28004,41,53,-12,12
28005,67,65,2,2
28006,172,170,2,2
28007,53,48,5,5
28008,94,89,5,5
28009,121,116,5,5
28010,97,84,13,13
28011,91,88,3,3
28012,117,104,13,13
28013,125,145,-20,20
28014,59,57,2,2
28015,114,102,12,12
28016,87,80,7,7
28017,106,112,-6,6
28018,77,83,-6,6
28019,135,121,14,14
28020,145,134,11,11
28021,72,73,-1,1
28022,53,54,-1,1
28023,149,137,12,12
28024,101,101,0,0
28025,76,46,30,30
28026,87,85,2,2
28027,73,58,15,15
28028,107,114,-7,7
28029,67,69,-2,2
28030,67,68,-1,1
28031,80,78,2,2
28032,91,94,-3,3
28033,91,90,1,1
28034,104,156,-52,52
28035,66,64,2,2
28036,90,98,-8,8
28037,71,78,-7,7
28038,118,104,14,14
28039,87,100,-13,13
28040,68,63,5,5
28041,114,124,-10,10
28042,117,114,3,3
28043,130,127,3,3
28044,134,143,-9,9
28045,125,119,6,6
28046,74,69,5,5
28047,88,91,-3,3
28048,56,71,-15,15
28049,116,140,-24,24
28050,145,145,0,0
28051,75,68,7,7
28052,71,86,-15,15
28053,50,56,-6,6
28054,97,98,-1,1
28055,55,52,3,3
28056,52,54,-2,2
28057,154,133,21,21
28058,132,135,-3,3
28059,180,165,15,15
28060,68,74,-6,6
28061,86,86,0,0
28062,147,137,10,10
28063,68,85,-17,17
28064,80,84,-4,4
28065,98,94,4,4
28066,109,117,-8,8
28067,88,101,-13,13
28068,78,81,-3,3
28069,86,79,7,7
28070,42,61,-19,19
28071,74,86,-12,12
28072,137,129,8,8
28073,110,102,8,8
28074,76,89,-13,13
28075,64,64,0,0
28076,150,129,21,21
28077,116,102,14,14
28078,74,80,-6,6
28079,69,72,-3,3
28080,55,44,11,11
28081,114,130,-16,16
28082,178,182,-4,4
28083,78,81,-3,3
28084,71,69,2,2
28085,80,94,-14,14
28086,119,123,-4,4
28087,59,67,-8,8
28088,75,70,5,5
28089,77,91,-14,14
28090,64,74,-10,10
28091,118,107,11,11
28092,141,137,4,4
28093,144,143,1,1
28094,118,112,6,6
28095,90,74,16,16
28096,96,98,-2,2
28097,107,98,9,9
28098,141,142,-1,1
28099,71,60,11,11
28100,94,88,6,6
28101,196,180,16,16
28102,93,96,-3,3
28103,122,108,14,14
28104,78,84,-6,6
28105,83,106,-23,23
28106,84,76,8,8
28107,65,59,6,6
28108,165,171,-6,6
28109,116,117,-1,1
28110,91,80,11,11
28111,69,63,6,6
28112,87,83,4,4
28113,94,105,-11,11
28114,113,112,1,1
28115,169,164,5,5
28116,112,101,11,11
28117,85,96,-11,11
28118,113,109,4,4
28119,145,140,5,5
28120,53,61,-8,8
28121,97,93,4,4
28122,102,107,-5,5
28123,107,113,-6,6
28124,88,75,13,13
28125,76,77,-1,1
28126,46,48,-2,2
28127,83,85,-2,2
28128,99,93,6,6
28129,118,116,2,2
28130,85,75,10,10
28131,112,119,-7,7
28132,120,114,6,6
28133,246,228,18,18
28134,124,107,17,17
28135,64,74,-10,10
28136,118,107,11,11
28137,118,113,5,5
28138,78,87,-9,9
28139,74,82,-8,8
28140,86,86,0,0
28141,90,71,19,19
28142,132,148,-16,16
28143,125,121,4,4
28144,70,72,-2,2
28145,69,66,3,3
28146,119,114,5,5
28147,144,139,5,5
28148,172,165,7,7
28149,83,84,-1,1
28150,99,96,3,3
28151,104,108,-4,4
28152,127,132,-5,5
28153,78,81,-3,3
28154,110,103,7,7
28155,53,58,-5,5
28156,79,85,-6,6
28157,47,47,0,0
28158,123,161,-38,38
28159,132,134,-2,2
28160,104,95,9,9
28161,127,118,9,9
28162,105,97,8,8
28163,65,74,-9,9
28164,100,100,0,0
28165,192,149,43,43
28166,61,95,-34,34
28167,106,112,-6,6
28168,38,67,-29,29
28169,186,150,36,36
28170,166,144,22,22
28171,122,117,5,5
28172,141,140,1,1
28173,122,130,-8,8
28174,39,65,-26,26
28175,117,114,3,3
28176,128,123,5,5
28177,148,139,9,9
28178,118,117,1,1
28179,96,99,-3,3
28180,72,78,-6,6
28181,76,68,8,8
28182,63,77,-14,14
28183,84,92,-8,8
28184,102,104,-2,2
28185,75,82,-7,7
28186,92,96,-4,4
28187,69,56,13,13
28188,94,84,10,10
28189,70,67,3,3
28190,112,98,14,14
28191,87,79,8,8
28192,68,73,-5,5
28193,123,167,-44,44
28194,81,80,1,1
28195,116,133,-17,17
28196,82,87,-5,5
28197,149,134,15,15
28198,60,79,-19,19
28199,59,66,-7,7
28200,110,94,16,16
28201,89,143,-54,54
28202,114,111,3,3
28203,128,124,4,4
28204,57,64,-7,7
28205,77,92,-15,15
28206,85,88,-3,3
28207,194,192,2,2
28208,72,80,-8,8
28209,75,78,-3,3
28210,57,86,-29,29
28211,165,163,2,2
28212,99,100,-1,1
28213,84,84,0,0
28214,89,87,2,2
28215,64,67,-3,3
28216,115,120,-5,5
28217,81,94,-13,13
28218,96,110,-14,14
28219,134,132,2,2
28220,74,71,3,3
28221,121,121,0,0
28222,81,91,-10,10
28223,58,62,-4,4
28224,77,68,9,9
28225,97,93,4,4
28226,66,68,-2,2
28227,104,105,-1,1
28228,112,114,-2,2
28229,59,60,-1,1
28230,151,144,7,7
28231,111,105,6,6
28232,133,129,4,4
28233,76,81,-5,5
28234,93,95,-2,2
28235,76,67,9,9
28236,85,82,3,3
28237,151,147,4,4
28238,76,77,-1,1
28239,79,78,1,1
28240,172,184,-12,12
28241,148,126,22,22
28242,89,97,-8,8
28243,87,67,20,20
28244,128,117,11,11
28245,71,66,5,5
28246,72,66,6,6
28247,77,82,-5,5
28248,100,98,2,2
28249,107,115,-8,8
28250,86,85,1,1
28251,81,76,5,5
28252,93,91,2,2
28253,56,53,3,3
28254,138,135,3,3
28255,77,76,1,1
28256,175,168,7,7
28257,72,69,3,3
28258,93,92,1,1
28259,92,86,6,6
28260,104,119,-15,15
28261,132,132,0,0
28262,81,83,-2,2
28263,71,68,3,3
28264,140,146,-6,6
28265,102,94,8,8
28266,53,59,-6,6
28267,87,97,-10,10
28268,147,141,6,6
28269,93,96,-3,3
28270,65,67,-2,2
28271,154,136,18,18
28272,222,202,20,20
28273,107,99,8,8
28274,81,73,8,8
28275,59,59,0,0
28276,63,73,-10,10
28277,100,100,0,0
28278,89,79,10,10
28279,70,69,1,1
28280,90,94,-4,4
28281,135,136,-1,1
28282,112,106,6,6
28283,102,91,11,11
28284,126,125,1,1
28285,87,102,-15,15
28286,98,103,-5,5
28287,128,117,11,11
28288,54,58,-4,4
28289,88,88,0,0
28290,79,70,9,9
28291,177,171,6,6
28292,110,108,2,2
28293,68,80,-12,12
28294,126,127,-1,1
28295,115,109,6,6
28296,105,104,1,1
28297,86,79,7,7
28298,66,99,-33,33
28299,65,63,2,2
28300,78,87,-9,9
28301,87,90,-3,3
28302,108,100,8,8
28303,46,59,-13,13
28304,106,102,4,4
28305,127,120,7,7
28306,137,138,-1,1
28307,84,74,10,10
28308,73,78,-5,5
28309,70,75,-5,5
28310,76,74,2,2
28311,84,88,-4,4
28312,125,102,23,23
28313,73,89,-16,16
28314,176,173,3,3
28315,97,85,12,12
28316,128,121,7,7
28317,74,79,-5,5
28318,145,115,30,30
28319,93,97,-4,4
28320,70,83,-13,13
28321,67,78,-11,11
28322,84,101,-17,17
28323,59,56,3,3
28324,92,93,-1,1
28325,112,111,1,1
28326,51,52,-1,1
28327,56,58,-2,2
28328,92,85,7,7
28329,49,63,-14,14
28330,98,117,-19,19
28331,71,78,-7,7
28332,72,72,0,0
28333,68,74,-6,6
28334,87,99,-12,12
28335,121,119,2,2
28336,94,108,-14,14
28337,76,79,-3,3
28338,112,107,5,5
28339,69,64,5,5
28340,113,117,-4,4
28341,129,124,5,5
28342,105,106,-1,1
28343,99,109,-10,10
28344,58,63,-5,5
28345,130,128,2,2
28346,85,85,0,0
28347,73,66,7,7
28348,56,61,-5,5
28349,97,108,-11,11
28350,104,113,-9,9
28351,73,79,-6,6
28352,111,105,6,6
28353,73,68,5,5
28354,98,91,7,7
28355,102,109,-7,7
28356,80,80,0,0
28357,47,60,-13,13
28358,102,122,-20,20
28359,76,76,0,0
28360,69,90,-21,21
28361,85,90,-5,5
28362,111,108,3,3
28363,34,62,-28,28
28364,137,136,1,1
28365,79,79,0,0
28366,72,77,-5,5
28367,62,70,-8,8
28368,91,93,-2,2
28369,82,79,3,3
28370,120,123,-3,3
28371,92,101,-9,9
28372,110,107,3,3
28373,122,118,4,4
28374,119,123,-4,4
28375,183,161,22,22
28376,61,65,-4,4
28377,97,87,10,10
28378,117,123,-6,6
28379,71,70,1,1
28380,100,80,20,20
28381,119,113,6,6
28382,94,88,6,6
28383,94,96,-2,2
28384,97,84,13,13
28385,62,72,-10,10
28386,74,77,-3,3
28387,104,112,-8,8
28388,143,154,-11,11
28389,74,80,-6,6
28390,126,124,2,2
28391,64,65,-1,1
28392,97,91,6,6
28393,82,99,-17,17
28394,56,64,-8,8
28395,98,107,-9,9
28396,139,130,9,9
28397,102,105,-3,3
28398,100,105,-5,5
28399,115,103,12,12
28400,138,125,13,13
28401,39,50,-11,11
28402,132,131,1,1
28403,127,127,0,0
28404,98,91,7,7
28405,83,71,12,12
28406,106,105,1,1
28407,161,146,15,15
28408,77,66,11,11
28409,76,87,-11,11
28410,96,97,-1,1
28411,107,107,0,0
28412,85,266,-181,181
28413,79,80,-1,1
28414,102,95,7,7
28415,57,59,-2,2
28416,79,68,11,11
28417,76,95,-19,19
28418,82,84,-2,2
28419,56,59,-3,3
28420,84,81,3,3
28421,110,98,12,12
28422,183,159,24,24
28423,118,124,-6,6
28424,100,84,16,16
28425,109,98,11,11
28426,101,105,-4,4
28427,57,64,-7,7
28428,89,107,-18,18
28429,148,137,11,11
28430,202,193,9,9
28431,137,139,-2,2
28432,91,89,2,2
28433,112,120,-8,8
28434,68,80,-12,12
28435,83,78,5,5
28436,72,74,-2,2
28437,79,79,0,0
28438,116,117,-1,1
28439,54,59,-5,5
28440,87,97,-10,10
28441,82,82,0,0
28442,104,100,4,4
28443,126,126,0,0
28444,106,111,-5,5
28445,116,112,4,4
28446,91,104,-13,13
28447,77,74,3,3
28448,123,149,-26,26
28449,145,139,6,6
28450,88,86,2,2
28451,95,110,-15,15
28452,79,91,-12,12
28453,91,98,-7,7
28454,133,119,14,14
28455,165,182,-17,17
28456,61,55,6,6
28457,63,67,-4,4
28458,120,123,-3,3
28459,54,46,8,8
28460,145,141,4,4
28461,130,120,10,10
28462,68,62,6,6
28463,55,55,0,0
28464,90,89,1,1
28465,102,91,11,11
28466,52,55,-3,3
28467,102,96,6,6
28468,162,164,-2,2
28469,85,95,-10,10
28470,81,77,4,4
28471,57,55,2,2
28472,82,79,3,3
28473,135,103,32,32
28474,43,47,-4,4
28475,82,76,6,6
28476,66,75,-9,9
28477,102,104,-2,2
28478,70,70,0,0
28479,151,137,14,14
28480,127,121,6,6
28481,77,64,13,13
28482,137,129,8,8
28483,83,81,2,2
28484,183,169,14,14
28485,43,41,2,2
28486,129,128,1,1
28487,58,65,-7,7
28488,73,83,-10,10
28489,67,62,5,5
28490,57,56,1,1
28491,133,153,-20,20
28492,76,75,1,1
28493,87,86,1,1
28494,76,77,-1,1
28495,99,89,10,10
28496,95,95,0,0
28497,56,54,2,2
28498,146,132,14,14
28499,123,99,24,24
28500,93,107,-14,14
28501,71,69,2,2
28502,97,85,12,12
28503,122,110,12,12
28504,97,93,4,4
28505,86,84,2,2
28506,87,89,-2,2
28507,134,115,19,19
28508,99,107,-8,8
28509,135,133,2,2
28510,85,86,-1,1
28511,132,121,11,11
28512,54,60,-6,6
28513,77,87,-10,10
28514,63,66,-3,3
28515,138,142,-4,4
28516,58,54,4,4
28517,141,136,5,5
28518,161,156,5,5
28519,105,117,-12,12
28520,107,115,-8,8
28521,153,161,-8,8
28522,90,91,-1,1
28523,147,144,3,3
28524,92,99,-7,7
28525,34,39,-5,5
28526,90,98,-8,8
28527,50,65,-15,15
28528,83,83,0,0
28529,127,136,-9,9
28530,59,54,5,5
28531,57,70,-13,13
28532,115,119,-4,4
28533,91,101,-10,10
28534,143,128,15,15
28535,119,110,9,9
28536,97,93,4,4
28537,155,144,11,11
28538,128,124,4,4
28539,67,73,-6,6
28540,60,60,0,0
28541,103,96,7,7
28542,128,123,5,5
28543,100,94,6,6
28544,71,68,3,3
28545,85,92,-7,7
28546,74,75,-1,1
28547,172,143,29,29
28548,73,73,0,0
28549,51,59,-8,8
28550,76,75,1,1
28551,110,101,9,9
28552,125,133,-8,8
28553,49,60,-11,11
28554,145,140,5,5
28555,81,83,-2,2
28556,79,98,-19,19
28557,108,103,5,5
28558,95,94,1,1
28559,66,62,4,4
28560,78,80,-2,2
28561,41,48,-7,7
28562,89,79,10,10
28563,60,72,-12,12
28564,88,84,4,4
28565,54,65,-11,11
28566,112,101,11,11
28567,135,118,17,17
28568,123,121,2,2
28569,76,92,-16,16
28570,82,82,0,0
28571,38,44,-6,6
28572,51,56,-5,5
28573,33,45,-12,12
28574,100,88,12,12
28575,64,63,1,1
28576,98,99,-1,1
28577,104,94,10,10
28578,108,104,4,4
28579,112,108,4,4
28580,54,56,-2,2
28581,75,85,-10,10
28582,89,97,-8,8
28583,137,121,16,16
28584,66,66,0,0
28585,81,80,1,1
28586,91,94,-3,3
28587,84,80,4,4
28588,52,60,-8,8
28589,64,92,-28,28
28590,176,176,0,0
28591,59,60,-1,1
28592,70,55,15,15
28593,69,52,17,17
28594,83,112,-29,29
28595,71,81,-10,10
28596,61,64,-3,3
28597,65,70,-5,5
28598,94,116,-22,22
28599,53,72,-19,19
28600,66,62,4,4
28601,93,89,4,4
28602,66,65,1,1
28603,75,87,-12,12
28604,96,101,-5,5
28605,66,65,1,1
28606,158,134,24,24
28607,80,59,21,21
28608,67,64,3,3
28609,67,71,-4,4
28610,79,74,5,5
28611,57,63,-6,6
28612,66,77,-11,11
28613,44,46,-2,2
28614,59,63,-4,4
28615,150,135,15,15
28616,128,128,0,0
28617,74,69,5,5
28618,38,53,-15,15
28619,51,62,-11,11
28620,123,127,-4,4
28621,61,57,4,4
28622,77,65,12,12
28623,61,74,-13,13
28624,94,86,8,8
28625,104,109,-5,5
28626,62,73,-11,11
28627,115,106,9,9
28628,122,99,23,23
28629,96,110,-14,14
28630,84,83,1,1
28631,119,114,5,5
28632,99,95,4,4
28633,85,80,5,5
28634,118,109,9,9
28635,144,137,7,7
28636,54,57,-3,3
28637,152,141,11,11
28638,47,60,-13,13
28639,67,61,6,6
28640,81,83,-2,2
28641,125,118,7,7
28642,104,100,4,4
28643,63,78,-15,15
28644,71,74,-3,3
28645,56,66,-10,10
28646,144,138,6,6
28647,125,133,-8,8
28648,64,58,6,6
28649,108,94,14,14
28650,87,78,9,9
28651,66,77,-11,11
28652,83,88,-5,5
28653,102,97,5,5
28654,120,118,2,2
28655,114,109,5,5
28656,114,112,2,2
28657,148,149,-1,1
28658,100,93,7,7
28659,76,71,5,5
28660,53,53,0,0
28661,104,110,-6,6
28662,101,104,-3,3
28663,93,97,-4,4
28664,50,48,2,2
28665,47,56,-9,9
28666,137,140,-3,3
28667,109,103,6,6
28668,83,94,-11,11
28669,32,50,-18,18
28670,69,75,-6,6
28671,92,91,1,1
28672,78,93,-15,15
28673,96,106,-10,10
28674,92,81,11,11
28675,53,56,-3,3
28676,144,135,9,9
28677,107,98,9,9
28678,112,114,-2,2
28679,72,63,9,9
28680,108,94,14,14
28681,84,82,2,2
28682,54,53,1,1
28683,82,128,-46,46
28684,98,96,2,2
28685,73,73,0,0
28686,50,58,-8,8
28687,89,88,1,1
28688,66,63,3,3
28689,140,141,-1,1
28690,97,99,-2,2
28691,77,79,-2,2
28692,106,92,14,14
28693,73,73,0,0
28694,122,111,11,11
28695,80,77,3,3
28696,60,60,0,0
28697,90,82,8,8
28698,83,86,-3,3
28699,86,85,1,1
28700,33,37,-4,4
28701,134,118,16,16
28702,117,122,-5,5
28703,60,62,-2,2
28704,116,111,5,5
28705,110,117,-7,7
28706,129,124,5,5
28707,88,93,-5,5
28708,76,71,5,5
28709,171,170,1,1
28710,98,95,3,3
28711,100,92,8,8
28712,66,59,7,7
28713,140,137,3,3
28714,101,90,11,11
28715,61,59,2,2
28716,89,87,2,2
28717,93,99,-6,6
28718,101,91,10,10
28719,63,77,-14,14
28720,85,92,-7,7
28721,94,103,-9,9
28722,114,139,-25,25
28723,104,105,-1,1
28724,78,77,1,1
28725,108,119,-11,11
28726,57,66,-9,9
28727,38,11,27,27
28728,69,71,-2,2
28729,106,107,-1,1
28730,77,80,-3,3
28731,235,227,8,8
28732,98,100,-2,2
28733,111,111,0,0
28734,70,85,-15,15
28735,102,103,-1,1
28736,92,99,-7,7
28737,67,68,-1,1
28738,83,89,-6,6
28739,71,67,4,4
28740,92,69,23,23
28741,59,63,-4,4
28742,90,92,-2,2
28743,71,71,0,0
28744,52,61,-9,9
28745,109,99,10,10
28746,105,112,-7,7
28747,79,66,13,13
28748,81,66,15,15
28749,84,88,-4,4
28750,80,71,9,9
28751,56,66,-10,10
28752,84,77,7,7
28753,44,47,-3,3
28754,85,81,4,4
28755,62,68,-6,6
28756,83,76,7,7
28757,59,77,-18,18
28758,92,87,5,5
28759,99,108,-9,9
28760,131,150,-19,19
28761,58,66,-8,8
28762,164,154,10,10
28763,132,122,10,10
28764,73,72,1,1
28765,82,81,1,1
28766,57,54,3,3
28767,97,111,-14,14
28768,26,56,-30,30
28769,107,92,15,15
28770,88,79,9,9
28771,84,84,0,0
28772,82,80,2,2
28773,141,151,-10,10
28774,78,67,11,11
28775,146,140,6,6
28776,84,78,6,6
28777,93,81,12,12
28778,74,74,0,0
28779,139,128,11,11
28780,125,131,-6,6
28781,65,69,-4,4
28782,101,111,-10,10
28783,114,121,-7,7
28784,54,69,-15,15
28785,99,94,5,5
28786,83,101,-18,18
28787,128,131,-3,3
28788,90,91,-1,1
28789,77,80,-3,3
28790,68,62,6,6
28791,78,98,-20,20
28792,76,74,2,2
28793,85,90,-5,5
28794,106,112,-6,6
28795,207,172,35,35
28796,105,96,9,9
28797,110,105,5,5
28798,86,79,7,7
28799,166,144,22,22
28800,118,114,4,4
28801,99,87,12,12
28802,80,92,-12,12
28803,27,44,-17,17
28804,125,116,9,9
28805,92,92,0,0
28806,85,77,8,8
28807,91,86,5,5
28808,61,57,4,4
28809,86,77,9,9
28810,50,66,-16,16
28811,101,105,-4,4
28812,79,67,12,12
28813,82,104,-22,22
28814,63,62,1,1
28815,100,91,9,9
28816,103,87,16,16
28817,150,137,13,13
28818,86,72,14,14
28819,72,91,-19,19
28820,54,58,-4,4
28821,136,140,-4,4
28822,60,60,0,0
28823,118,115,3,3
28824,64,61,3,3
28825,78,76,2,2
28826,76,69,7,7
28827,145,130,15,15
28828,62,75,-13,13
28829,98,99,-1,1
28830,100,95,5,5
28831,142,133,9,9
28832,77,87,-10,10
28833,81,69,12,12
28834,79,83,-4,4
28835,78,75,3,3
28836,84,88,-4,4
28837,63,67,-4,4
28838,94,83,11,11
28839,89,87,2,2
28840,78,66,12,12
28841,132,131,1,1
28842,151,147,4,4
28843,156,153,3,3
28844,41,63,-22,22
28845,106,110,-4,4
28846,99,97,2,2
28847,42,56,-14,14
28848,79,81,-2,2
28849,60,76,-16,16
28850,136,143,-7,7
28851,130,129,1,1
28852,136,145,-9,9
28853,81,72,9,9
28854,112,109,3,3
28855,60,50,10,10
28856,93,68,25,25
28857,103,110,-7,7
28858,180,167,13,13
28859,93,105,-12,12
28860,172,162,10,10
28861,95,122,-27,27
28862,79,87,-8,8
28863,55,59,-4,4
28864,105,108,-3,3
28865,118,112,6,6
28866,111,113,-2,2
28867,66,73,-7,7
28868,146,116,30,30
28869,81,113,-32,32
28870,75,72,3,3
28871,79,87,-8,8
28872,64,74,-10,10
28873,97,102,-5,5
28874,103,106,-3,3
28875,68,67,1,1
28876,74,79,-5,5
28877,80,71,9,9
28878,90,84,6,6
28879,59,59,0,0
28880,109,115,-6,6
28881,90,88,2,2
28882,71,80,-9,9
28883,108,110,-2,2
28884,83,78,5,5
28885,130,120,10,10
28886,85,88,-3,3
28887,49,65,-16,16
28888,73,63,10,10
28889,104,105,-1,1
28890,131,133,-2,2
28891,69,68,1,1
28892,102,97,5,5
28893,74,68,6,6
28894,58,57,1,1
28895,167,149,18,18
28896,144,162,-18,18
28897,108,111,-3,3
28898,70,73,-3,3
28899,84,89,-5,5
28900,50,50,0,0
28901,68,71,-3,3
28902,128,127,1,1
28903,106,118,-12,12
28904,63,62,1,1
28905,61,128,-67,67
28906,82,86,-4,4
28907,100,110,-10,10
28908,92,84,8,8
28909,75,93,-18,18
28910,132,120,12,12
28911,85,96,-11,11
28912,183,173,10,10
28913,115,106,9,9
28914,125,139,-14,14
28915,99,91,8,8
28916,102,92,10,10
28917,125,133,-8,8
28918,75,77,-2,2
28919,173,163,10,10
28920,66,72,-6,6
28921,90,78,12,12
28922,88,85,3,3
28923,124,134,-10,10
28924,70,73,-3,3
28925,93,85,8,8
28926,64,63,1,1
28927,60,58,2,2
28928,134,137,-3,3
28929,104,95,9,9
28930,44,44,0,0
28931,109,91,18,18
28932,68,67,1,1
28933,81,84,-3,3
28934,103,103,0,0
28935,99,111,-12,12
28936,80,77,3,3
28937,104,103,1,1
28938,67,85,-18,18
28939,126,123,3,3
28940,53,56,-3,3
28941,135,130,5,5
28942,95,84,11,11
28943,95,97,-2,2
28944,63,71,-8,8
28945,140,123,17,17
28946,71,84,-13,13
28947,79,81,-2,2
28948,47,77,-30,30
28949,87,100,-13,13
28950,57,66,-9,9
28951,81,81,0,0
28952,53,51,2,2
28953,88,98,-10,10
28954,109,109,0,0
28955,85,87,-2,2
28956,114,112,2,2
28957,81,102,-21,21
28958,85,101,-16,16
28959,95,107,-12,12
28960,61,72,-11,11
28961,65,65,0,0
28962,47,56,-9,9
28963,57,53,4,4
28964,66,79,-13,13
28965,86,90,-4,4
28966,76,89,-13,13
28967,143,131,12,12
28968,79,92,-13,13
28969,87,80,7,7
28970,99,101,-2,2
28971,103,117,-14,14
28972,83,76,7,7
28973,116,115,1,1
28974,128,122,6,6
28975,159,153,6,6
28976,113,108,5,5
28977,124,118,6,6
28978,81,88,-7,7
28979,66,60,6,6
28980,82,57,25,25
28981,58,60,-2,2
28982,101,115,-14,14
28983,67,79,-12,12
28984,97,82,15,15
28985,78,78,0,0
28986,104,106,-2,2
28987,117,122,-5,5
28988,82,90,-8,8
28989,125,126,-1,1
28990,152,169,-17,17
28991,92,94,-2,2
28992,128,117,11,11
28993,68,69,-1,1
28994,101,88,13,13
28995,96,103,-7,7
28996,98,102,-4,4
28997,134,137,-3,3
28998,106,108,-2,2
28999,54,43,11,11
29000,88,99,-11,11
29001,66,55,11,11
29002,99,98,1,1
29003,82,77,5,5
29004,118,117,1,1
29005,66,62,4,4
29006,96,87,9,9
29007,139,136,3,3
29008,25,23,2,2
29009,123,119,4,4
29010,130,126,4,4
29011,92,83,9,9
29012,80,98,-18,18
29013,67,65,2,2
29014,71,73,-2,2
29015,92,92,0,0
29016,113,102,11,11
29017,67,81,-14,14
29018,58,58,0,0
29019,39,80,-41,41
29020,78,90,-12,12
29021,113,102,11,11
29022,50,69,-19,19
29023,66,80,-14,14
29024,88,82,6,6
29025,88,107,-19,19
29026,131,125,6,6
29027,64,79,-15,15
29028,91,88,3,3
29029,101,87,14,14
29030,110,113,-3,3
29031,56,60,-4,4
29032,77,77,0,0
29033,129,123,6,6
29034,91,97,-6,6
29035,97,106,-9,9
29036,98,92,6,6
29037,75,75,0,0
29038,109,96,13,13
29039,64,69,-5,5
29040,71,76,-5,5
29041,54,63,-9,9
29042,59,71,-12,12
29043,145,144,1,1
29044,86,82,4,4
29045,56,61,-5,5
29046,79,87,-8,8
29047,114,113,1,1
29048,65,80,-15,15
29049,104,98,6,6
29050,61,75,-14,14
29051,155,150,5,5
29052,106,102,4,4
29053,48,56,-8,8
29054,173,149,24,24
29055,31,53,-22,22
29056,87,82,5,5
29057,147,134,13,13
29058,79,83,-4,4
29059,92,99,-7,7
29060,100,91,9,9
29061,118,130,-12,12
29062,83,78,5,5
29063,72,74,-2,2
29064,101,97,4,4
29065,83,86,-3,3
29066,94,101,-7,7
29067,103,107,-4,4
29068,73,69,4,4
29069,179,175,4,4
29070,115,106,9,9
29071,85,82,3,3
29072,101,96,5,5
29073,130,133,-3,3
29074,155,158,-3,3
29075,65,69,-4,4
29076,116,125,-9,9
29077,71,84,-13,13
29078,78,85,-7,7
29079,129,128,1,1
29080,78,71,7,7
29081,141,135,6,6
29082,139,128,11,11
29083,90,98,-8,8
29084,174,164,10,10
29085,92,81,11,11
29086,76,79,-3,3
29087,40,55,-15,15
29088,36,53,-17,17
29089,78,70,8,8
29090,89,108,-19,19
29091,63,73,-10,10
29092,79,70,9,9
29093,127,117,10,10
29094,61,73,-12,12
29095,118,89,29,29
29096,112,113,-1,1
29097,131,121,10,10
29098,78,83,-5,5
29099,95,98,-3,3
29100,75,78,-3,3
29101,170,173,-3,3
29102,97,97,0,0
29103,62,58,4,4
29104,130,118,12,12
29105,116,130,-14,14
29106,72,79,-7,7
29107,89,88,1,1
29108,95,106,-11,11
29109,82,83,-1,1
29110,54,56,-2,2
29111,102,104,-2,2
29112,106,98,8,8
29113,138,130,8,8
29114,90,95,-5,5
29115,53,67,-14,14
29116,111,87,24,24
29117,91,94,-3,3
29118,84,91,-7,7
29119,116,103,13,13
29120,119,109,10,10
29121,82,80,2,2
29122,102,95,7,7
29123,64,70,-6,6
29124,40,60,-20,20
29125,104,103,1,1
29126,73,78,-5,5
29127,92,83,9,9
29128,127,109,18,18
29129,155,149,6,6
29130,82,78,4,4
29131,86,91,-5,5
29132,61,56,5,5
29133,136,127,9,9
29134,123,129,-6,6
29135,40,52,-12,12
29136,103,94,9,9
29137,145,146,-1,1
29138,92,99,-7,7
29139,60,86,-26,26
29140,71,78,-7,7
29141,63,58,5,5
29142,51,60,-9,9
29143,92,92,0,0
29144,48,50,-2,2
29145,66,53,13,13
29146,165,151,14,14
29147,114,113,1,1
29148,48,50,-2,2
29149,121,120,1,1
29150,134,114,20,20
29151,68,72,-4,4
29152,34,44,-10,10
29153,68,64,4,4
29154,72,76,-4,4
29155,63,60,3,3
29156,59,71,-12,12
29157,94,89,5,5
29158,59,57,2,2
29159,77,90,-13,13
29160,119,109,10,10
29161,134,141,-7,7
29162,120,116,4,4
29163,90,88,2,2
29164,79,81,-2,2
29165,70,64,6,6
29166,103,95,8,8
29167,111,95,16,16
29168,62,61,1,1
29169,139,112,27,27
29170,138,139,-1,1
29171,213,221,-8,8
29172,73,71,2,2
29173,116,112,4,4
29174,135,134,1,1
29175,77,73,4,4
29176,89,78,11,11
29177,40,39,1,1
29178,82,80,2,2
29179,101,107,-6,6
29180,81,100,-19,19
29181,159,156,3,3
29182,89,98,-9,9
29183,74,91,-17,17
29184,106,106,0,0
29185,53,51,2,2
29186,98,123,-25,25
29187,96,97,-1,1
29188,116,114,2,2
29189,68,69,-1,1
29190,74,76,-2,2
29191,167,170,-3,3
29192,90,99,-9,9
29193,106,99,7,7
29194,62,62,0,0
29195,46,52,-6,6
29196,68,78,-10,10
29197,73,68,5,5
29198,78,68,10,10
29199,58,57,1,1
29200,129,122,7,7
29201,79,94,-15,15
29202,92,93,-1,1
29203,34,55,-21,21
29204,81,68,13,13
29205,73,71,2,2
29206,171,166,5,5
29207,90,98,-8,8
29208,70,87,-17,17
29209,199,199,0,0
29210,68,64,4,4
29211,161,170,-9,9
29212,46,56,-10,10
29213,61,62,-1,1
29214,112,113,-1,1
29215,133,123,10,10
29216,91,92,-1,1
29217,80,93,-13,13
29218,160,146,14,14
29219,90,91,-1,1
29220,103,90,13,13
29221,87,83,4,4
29222,148,134,14,14
29223,183,151,32,32
29224,87,80,7,7
29225,161,153,8,8
29226,80,79,1,1
29227,128,130,-2,2
29228,123,112,11,11
29229,159,149,10,10
29230,48,55,-7,7
29231,77,76,1,1
29232,87,84,3,3
29233,53,49,4,4
29234,118,114,4,4
29235,89,65,24,24
29236,76,79,-3,3
29237,145,125,20,20
29238,125,116,9,9
29239,97,103,-6,6
29240,49,59,-10,10
29241,62,77,-15,15
29242,81,85,-4,4
29243,136,136,0,0
29244,100,95,5,5
29245,187,186,1,1
29246,105,113,-8,8
29247,176,207,-31,31
29248,113,109,4,4
29249,115,130,-15,15
29250,86,91,-5,5
29251,120,110,10,10
29252,74,84,-10,10
29253,86,92,-6,6
29254,99,105,-6,6
29255,70,66,4,4
29256,109,114,-5,5
29257,110,112,-2,2
29258,102,102,0,0
29259,156,156,0,0
29260,107,107,0,0
29261,53,54,-1,1
29262,121,119,2,2
29263,97,107,-10,10
29264,103,112,-9,9
29265,66,59,7,7
29266,108,130,-22,22
29267,59,71,-12,12
29268,64,73,-9,9
29269,70,71,-1,1
29270,86,81,5,5
29271,118,112,6,6
29272,61,71,-10,10
29273,120,112,8,8
29274,112,102,10,10
29275,176,151,25,25
29276,61,59,2,2
29277,89,102,-13,13
29278,115,115,0,0
29279,112,107,5,5
29280,110,101,9,9
29281,92,85,7,7
29282,124,111,13,13
29283,60,67,-7,7
29284,70,70,0,0
29285,98,90,8,8
29286,77,84,-7,7
29287,60,57,3,3
29288,149,139,10,10
29289,135,131,4,4
29290,71,75,-4,4
29291,47,57,-10,10
29292,141,139,2,2
29293,76,100,-24,24
29294,85,79,6,6
29295,66,70,-4,4
29296,86,98,-12,12
29297,144,133,11,11
29298,74,84,-10,10
29299,181,175,6,6
29300,79,85,-6,6
29301,106,101,5,5
29302,138,134,4,4
29303,91,69,22,22
29304,76,76,0,0
29305,140,135,5,5
29306,77,74,3,3
29307,54,56,-2,2
29308,71,78,-7,7
29309,110,91,19,19
29310,90,96,-6,6
29311,116,118,-2,2
29312,83,79,4,4
29313,59,67,-8,8
29314,92,92,0,0
29315,144,132,12,12
29316,67,64,3,3
29317,105,103,2,2
29318,62,63,-1,1
29319,136,116,20,20
29320,111,111,0,0
29321,64,72,-8,8
29322,73,60,13,13
29323,86,102,-16,16
29324,84,81,3,3
29325,74,70,4,4
29326,135,136,-1,1
29327,119,110,9,9
29328,83,91,-8,8
29329,102,100,2,2
29330,84,91,-7,7
29331,66,114,-48,48
29332,47,47,0,0
29333,97,92,5,5
29334,106,111,-5,5
29335,75,78,-3,3
29336,108,121,-13,13
29337,154,146,8,8
29338,91,87,4,4
29339,75,82,-7,7
29340,155,140,15,15
29341,75,91,-16,16
29342,211,187,24,24
29343,69,71,-2,2
29344,52,54,-2,2
29345,84,63,21,21
29346,89,88,1,1
29347,79,79,0,0
29348,78,89,-11,11
29349,90,76,14,14
29350,305,291,14,14
29351,83,84,-1,1
29352,193,194,-1,1
29353,124,124,0,0
29354,46,50,-4,4
29355,85,80,5,5
29356,84,86,-2,2
29357,98,83,15,15
29358,72,78,-6,6
29359,60,68,-8,8
29360,102,98,4,4
29361,92,82,10,10
29362,102,102,0,0
29363,74,94,-20,20
29364,114,108,6,6
29365,86,93,-7,7
29366,114,117,-3,3
29367,151,164,-13,13
29368,91,86,5,5
29369,78,73,5,5
29370,153,151,2,2
29371,80,92,-12,12
29372,108,108,0,0
29373,88,79,9,9
29374,153,134,19,19
29375,71,69,2,2
29376,95,100,-5,5
29377,127,113,14,14
29378,139,136,3,3
29379,46,49,-3,3
29380,124,123,1,1
29381,93,90,3,3
29382,114,96,18,18
29383,93,84,9,9
29384,67,63,4,4
29385,110,113,-3,3
29386,63,61,2,2
29387,70,69,1,1
29388,87,84,3,3
29389,122,121,1,1
29390,107,114,-7,7
29391,153,150,3,3
29392,94,90,4,4
29393,101,103,-2,2
29394,78,87,-9,9
29395,82,89,-7,7
29396,88,82,6,6
29397,94,81,13,13
29398,37,58,-21,21
29399,67,71,-4,4
29400,85,144,-59,59
29401,105,95,10,10
29402,40,61,-21,21
29403,194,212,-18,18
29404,123,117,6,6
29405,87,80,7,7
29406,102,95,7,7
29407,145,133,12,12
29408,68,70,-2,2
29409,159,144,15,15
29410,82,77,5,5
29411,83,77,6,6
29412,82,68,14,14
29413,69,70,-1,1
29414,103,104,-1,1
29415,105,116,-11,11
29416,100,111,-11,11
29417,55,68,-13,13
29418,80,79,1,1
29419,73,81,-8,8
29420,51,41,10,10
29421,124,124,0,0
29422,52,58,-6,6
29423,115,149,-34,34
29424,116,108,8,8
29425,101,103,-2,2
29426,63,43,20,20
29427,52,68,-16,16
29428,84,75,9,9
29429,142,138,4,4
29430,71,77,-6,6
29431,82,84,-2,2
29432,85,99,-14,14
29433,74,75,-1,1
29434,61,59,2,2
29435,107,116,-9,9
29436,98,100,-2,2
29437,80,84,-4,4
29438,69,79,-10,10
29439,64,65,-1,1
29440,137,140,-3,3
29441,77,96,-19,19
29442,94,103,-9,9
29443,86,87,-1,1
29444,60,62,-2,2
29445,54,82,-28,28
29446,62,63,-1,1
29447,86,90,-4,4
29448,60,64,-4,4
29449,64,62,2,2
29450,91,103,-12,12
29451,71,61,10,10
29452,78,84,-6,6
29453,104,105,-1,1
29454,103,105,-2,2
29455,167,166,1,1
29456,129,112,17,17
29457,125,156,-31,31
29458,108,113,-5,5
29459,77,78,-1,1
29460,121,121,0,0
29461,77,71,6,6
29462,61,68,-7,7
29463,67,61,6,6
29464,96,96,0,0
29465,113,131,-18,18
29466,70,89,-19,19
29467,79,71,8,8
29468,91,99,-8,8
29469,86,95,-9,9
29470,74,74,0,0
29471,78,87,-9,9
29472,117,107,10,10
29473,82,72,10,10
29474,79,85,-6,6
29475,138,155,-17,17
29476,92,82,10,10
29477,69,68,1,1
29478,81,85,-4,4
29479,73,77,-4,4
29480,100,102,-2,2
29481,51,50,1,1
29482,60,64,-4,4
29483,109,97,12,12
29484,131,122,9,9
29485,71,74,-3,3
29486,77,88,-11,11
29487,97,113,-16,16
29488,69,73,-4,4
29489,124,114,10,10
29490,69,70,-1,1
29491,131,128,3,3
29492,87,91,-4,4
29493,178,177,1,1
29494,111,109,2,2
29495,122,112,10,10
29496,155,141,14,14
29497,136,118,18,18
29498,113,126,-13,13
29499,64,69,-5,5
29500,111,105,6,6
29501,94,87,7,7
29502,58,62,-4,4
29503,89,84,5,5
29504,82,81,1,1
29505,87,101,-14,14
29506,50,62,-12,12
29507,79,73,6,6
29508,140,127,13,13
29509,134,281,-147,147
29510,119,113,6,6
29511,140,136,4,4
29512,119,115,4,4
29513,52,55,-3,3
29514,124,138,-14,14
29515,131,116,15,15
29516,45,52,-7,7
29517,70,71,-1,1
29518,99,97,2,2
29519,82,79,3,3
29520,73,67,6,6
29521,120,130,-10,10
29522,107,110,-3,3
29523,88,90,-2,2
29524,82,79,3,3
29525,59,64,-5,5
29526,90,103,-13,13
29527,56,66,-10,10
29528,113,110,3,3
29529,78,62,16,16
29530,61,77,-16,16
29531,89,84,5,5
29532,44,51,-7,7
29533,62,62,0,0
29534,111,106,5,5
29535,75,77,-2,2
29536,74,73,1,1
29537,79,65,14,14
29538,89,92,-3,3
29539,94,95,-1,1
29540,116,110,6,6
29541,120,112,8,8
29542,180,172,8,8
29543,48,52,-4,4
29544,85,87,-2,2
29545,112,102,10,10
29546,114,121,-7,7
29547,78,61,17,17
29548,111,132,-21,21
29549,71,75,-4,4
29550,64,73,-9,9
29551,47,54,-7,7
29552,85,88,-3,3
29553,90,95,-5,5
29554,137,132,5,5
29555,138,137,1,1
29556,64,57,7,7
29557,78,78,0,0
29558,42,43,-1,1
29559,98,93,5,5
29560,59,47,12,12
29561,76,82,-6,6
29562,106,93,13,13
29563,33,41,-8,8
29564,121,124,-3,3
29565,108,105,3,3
29566,76,74,2,2
29567,64,57,7,7
29568,73,63,10,10
29569,112,107,5,5
29570,105,102,3,3
29571,59,71,-12,12
29572,205,174,31,31
29573,78,87,-9,9
29574,79,89,-10,10
29575,123,124,-1,1
29576,83,76,7,7
29577,115,126,-11,11
29578,75,74,1,1
29579,86,91,-5,5
29580,111,120,-9,9
29581,82,116,-34,34
29582,157,156,1,1
29583,58,63,-5,5
29584,101,99,2,2
29585,99,102,-3,3
29586,96,95,1,1
29587,133,136,-3,3
29588,93,91,2,2
29589,79,71,8,8
29590,87,73,14,14
29591,101,109,-8,8
29592,73,80,-7,7
29593,76,86,-10,10
29594,110,93,17,17
29595,100,93,7,7
29596,87,89,-2,2
29597,126,127,-1,1
29598,81,72,9,9
29599,70,97,-27,27
29600,139,139,0,0
29601,74,75,-1,1
29602,147,122,25,25
29603,92,85,7,7
29604,133,115,18,18
29605,87,91,-4,4
29606,96,97,-1,1
29607,70,94,-24,24
29608,75,83,-8,8
29609,121,128,-7,7
29610,88,86,2,2
29611,96,99,-3,3
29612,196,165,31,31
29613,90,91,-1,1
29614,110,111,-1,1
29615,59,70,-11,11
29616,131,130,1,1
29617,56,55,1,1
29618,98,102,-4,4
29619,94,100,-6,6
29620,73,72,1,1
29621,52,50,2,2
29622,97,91,6,6
29623,119,114,5,5
29624,94,87,7,7
29625,144,135,9,9
29626,128,128,0,0
29627,81,70,11,11
29628,101,97,4,4
29629,138,132,6,6
29630,68,62,6,6
29631,124,97,27,27
29632,61,70,-9,9
29633,118,110,8,8
29634,69,74,-5,5
29635,84,85,-1,1
29636,175,156,19,19
29637,54,54,0,0
29638,72,82,-10,10
29639,82,73,9,9
29640,102,100,2,2
29641,107,110,-3,3
29642,110,109,1,1
29643,128,128,0,0
29644,132,136,-4,4
29645,80,75,5,5
29646,60,75,-15,15
29647,54,67,-13,13
29648,89,89,0,0
29649,90,89,1,1
29650,62,71,-9,9
29651,64,81,-17,17
29652,74,70,4,4
29653,123,202,-79,79
29654,77,74,3,3
29655,79,73,6,6
29656,88,91,-3,3
29657,77,78,-1,1
29658,96,105,-9,9
29659,80,74,6,6
29660,104,101,3,3
29661,46,44,2,2
29662,70,80,-10,10
29663,93,98,-5,5
29664,103,96,7,7
29665,117,106,11,11
29666,80,87,-7,7
29667,93,94,-1,1
29668,88,89,-1,1
29669,101,92,9,9
29670,69,77,-8,8
29671,97,95,2,2
29672,56,47,9,9
29673,101,98,3,3
29674,122,117,5,5
29675,95,102,-7,7
29676,113,115,-2,2
29677,150,163,-13,13
29678,164,164,0,0
29679,87,91,-4,4
29680,128,125,3,3
29681,66,78,-12,12
29682,68,65,3,3
29683,120,104,16,16
29684,151,146,5,5
29685,72,70,2,2
29686,89,94,-5,5
29687,231,241,-10,10
29688,49,62,-13,13
29689,68,71,-3,3
29690,81,90,-9,9
29691,96,104,-8,8
29692,123,118,5,5
29693,88,95,-7,7
29694,188,184,4,4
29695,78,74,4,4
29696,78,82,-4,4
29697,105,113,-8,8
29698,102,101,1,1
29699,74,81,-7,7
29700,74,77,-3,3
29701,63,63,0,0
29702,106,108,-2,2
29703,90,85,5,5
29704,100,100,0,0
29705,106,111,-5,5
29706,74,77,-3,3
29707,75,90,-15,15
29708,119,136,-17,17
29709,115,118,-3,3
29710,125,115,10,10
29711,106,100,6,6
29712,113,120,-7,7
29713,81,77,4,4
29714,84,78,6,6
29715,79,92,-13,13
29716,129,122,7,7
29717,55,53,2,2
29718,99,99,0,0
29719,88,95,-7,7
29720,129,111,18,18
29721,92,91,1,1
29722,113,117,-4,4
29723,67,55,12,12
29724,96,107,-11,11
29725,64,73,-9,9
29726,132,143,-11,11
29727,172,158,14,14
29728,104,109,-5,5
29729,83,61,22,22
29730,70,87,-17,17
29731,104,102,2,2
29732,78,76,2,2
29733,66,78,-12,12
29734,81,83,-2,2
29735,63,66,-3,3
29736,74,82,-8,8
29737,109,98,11,11
29738,70,68,2,2
29739,91,85,6,6
29740,95,92,3,3
29741,76,83,-7,7
29742,68,72,-4,4
29743,92,91,1,1
29744,65,62,3,3
29745,36,46,-10,10
29746,105,101,4,4
29747,110,108,2,2
29748,121,114,7,7
29749,49,53,-4,4
29750,98,81,17,17
29751,117,109,8,8
29752,52,110,-58,58
29753,84,101,-17,17
29754,148,138,10,10
29755,63,61,2,2
29756,63,74,-11,11
29757,92,97,-5,5
29758,85,79,6,6
29759,93,94,-1,1
29760,88,75,13,13
29761,80,76,4,4
29762,83,81,2,2
29763,61,78,-17,17
29764,76,76,0,0
29765,81,91,-10,10
29766,75,66,9,9
29767,61,55,6,6
29768,110,110,0,0
29769,91,84,7,7
29770,63,55,8,8
29771,126,139,-13,13
29772,102,98,4,4
29773,102,103,-1,1
29774,107,109,-2,2
29775,49,56,-7,7
29776,71,70,1,1
29777,70,93,-23,23
29778,94,90,4,4
29779,201,194,7,7
29780,80,88,-8,8
29781,62,74,-12,12
29782,97,96,1,1
29783,77,78,-1,1
29784,74,66,8,8
29785,55,64,-9,9
29786,88,82,6,6
29787,27,42,-15,15
29788,64,63,1,1
29789,95,112,-17,17
29790,74,75,-1,1
29791,99,100,-1,1
29792,68,68,0,0
29793,65,80,-15,15
29794,97,104,-7,7
29795,73,47,26,26
29796,88,109,-21,21
29797,121,129,-8,8
29798,102,94,8,8
29799,101,107,-6,6
29800,78,85,-7,7
29801,156,147,9,9
29802,76,87,-11,11
29803,66,70,-4,4
29804,91,109,-18,18
29805,82,79,3,3
29806,150,153,-3,3
29807,46,49,-3,3
29808,164,159,5,5
29809,134,138,-4,4
29810,124,118,6,6
29811,75,75,0,0
29812,64,84,-20,20
29813,207,188,19,19
29814,125,125,0,0
29815,143,134,9,9
29816,79,75,4,4
29817,62,62,0,0
29818,149,147,2,2
29819,136,132,4,4
29820,48,53,-5,5
29821,117,111,6,6
29822,50,58,-8,8
29823,88,82,6,6
29824,62,65,-3,3
29825,37,57,-20,20
29826,142,127,15,15
29827,59,59,0,0
29828,123,118,5,5
29829,78,77,1,1
29830,117,101,16,16
29831,84,98,-14,14
29832,191,176,15,15
29833,176,169,7,7
29834,68,54,14,14
29835,58,60,-2,2
29836,74,71,3,3
29837,166,153,13,13
29838,178,171,7,7
29839,102,102,0,0
29840,106,99,7,7
29841,121,127,-6,6
29842,157,152,5,5
29843,60,55,5,5
29844,116,114,2,2
29845,133,132,1,1
29846,50,59,-9,9
29847,90,99,-9,9
29848,138,135,3,3
29849,216,204,12,12
29850,114,118,-4,4
29851,107,105,2,2
29852,68,65,3,3
29853,52,60,-8,8
29854,139,128,11,11
29855,98,93,5,5
29856,143,135,8,8
29857,97,90,7,7
29858,80,84,-4,4
29859,60,60,0,0
29860,104,101,3,3
29861,102,112,-10,10
29862,155,147,8,8
29863,157,156,1,1
29864,122,103,19,19
29865,89,88,1,1
29866,68,71,-3,3
29867,68,75,-7,7
29868,102,115,-13,13
29869,107,120,-13,13
29870,62,61,1,1
29871,145,148,-3,3
29872,92,90,2,2
29873,113,110,3,3
29874,72,66,6,6
29875,67,71,-4,4
29876,86,94,-8,8
29877,78,80,-2,2
29878,94,98,-4,4
29879,103,88,15,15
29880,145,151,-6,6
29881,74,83,-9,9
29882,128,128,0,0
29883,146,127,19,19
29884,54,56,-2,2
29885,162,153,9,9
29886,150,145,5,5
29887,57,67,-10,10
29888,118,111,7,7
29889,37,39,-2,2
29890,121,116,5,5
29891,130,134,-4,4
29892,62,64,-2,2
29893,66,77,-11,11
29894,119,97,22,22
29895,120,110,10,10
29896,100,119,-19,19
29897,121,136,-15,15
29898,85,99,-14,14
29899,99,94,5,5
29900,63,68,-5,5
29901,98,89,9,9
29902,62,62,0,0
29903,78,81,-3,3
29904,61,70,-9,9
29905,110,94,16,16
29906,90,93,-3,3
29907,125,105,20,20
29908,59,49,10,10
29909,83,84,-1,1
29910,103,110,-7,7
29911,66,57,9,9
29912,131,137,-6,6
29913,72,85,-13,13
29914,56,62,-6,6
29915,110,115,-5,5
29916,72,79,-7,7
29917,120,131,-11,11
29918,82,83,-1,1
29919,79,85,-6,6
29920,169,160,9,9
29921,140,144,-4,4
29922,139,194,-55,55
29923,53,59,-6,6
29924,93,99,-6,6
29925,95,86,9,9
29926,91,87,4,4
29927,96,91,5,5
29928,115,111,4,4
29929,80,78,2,2
29930,61,55,6,6
29931,125,132,-7,7
29932,79,73,6,6
29933,113,100,13,13
29934,113,121,-8,8
29935,79,81,-2,2
29936,143,135,8,8
29937,69,88,-19,19
29938,71,101,-30,30
29939,67,64,3,3
29940,53,55,-2,2
29941,132,140,-8,8
29942,129,123,6,6
29943,85,87,-2,2
29944,107,110,-3,3
29945,143,135,8,8
29946,57,73,-16,16
29947,99,101,-2,2
29948,54,60,-6,6
29949,102,110,-8,8
29950,64,57,7,7
29951,86,109,-23,23
29952,88,97,-9,9
29953,170,155,15,15
29954,71,68,3,3
29955,127,129,-2,2
29956,61,59,2,2
29957,63,71,-8,8
29958,46,54,-8,8
29959,78,77,1,1
29960,85,95,-10,10
29961,86,75,11,11
29962,91,91,0,0
29963,75,72,3,3
29964,75,77,-2,2
29965,73,94,-21,21
29966,74,70,4,4
29967,69,72,-3,3
29968,77,74,3,3
29969,119,118,1,1
29970,77,93,-16,16
29971,143,136,7,7
29972,132,140,-8,8
29973,89,89,0,0
29974,60,59,1,1
29975,131,137,-6,6
29976,83,75,8,8
29977,80,83,-3,3
29978,92,82,10,10
29979,187,191,-4,4
29980,128,132,-4,4
29981,151,148,3,3
29982,44,52,-8,8
29983,83,86,-3,3
29984,78,77,1,1
29985,81,87,-6,6
29986,73,71,2,2
29987,138,138,0,0
29988,45,50,-5,5
29989,58,62,-4,4
29990,105,104,1,1
29991,103,108,-5,5
29992,91,94,-3,3
29993,48,54,-6,6
29994,74,82,-8,8
29995,104,84,20,20
29996,69,71,-2,2
29997,62,63,-1,1
29998,140,152,-12,12
29999,129,151,-22,22
30000,98,98,0,0
30001,99,97,2,2
30002,71,72,-1,1
30003,149,155,-6,6
30004,101,104,-3,3
30005,114,132,-18,18
30006,181,176,5,5
30007,112,122,-10,10
30008,112,114,-2,2
30009,95,97,-2,2
30010,133,133,0,0
30011,168,145,23,23
30012,24,62,-38,38
30013,119,116,3,3
30014,102,101,1,1
30015,84,82,2,2
30016,134,131,3,3
30017,69,60,9,9
30018,66,55,11,11
30019,74,71,3,3
30020,113,105,8,8
30021,64,70,-6,6
30022,79,78,1,1
30023,103,95,8,8
30024,107,104,3,3
30025,66,79,-13,13
30026,88,99,-11,11
30027,158,160,-2,2
30028,123,115,8,8
30029,73,82,-9,9
30030,105,108,-3,3
30031,65,66,-1,1
30032,119,127,-8,8
30033,68,65,3,3
30034,64,63,1,1
30035,74,75,-1,1
30036,23,32,-9,9
30037,97,95,2,2
30038,124,117,7,7
30039,72,72,0,0
30040,132,129,3,3
30041,42,53,-11,11
30042,121,112,9,9
30043,89,84,5,5
30044,113,104,9,9
30045,114,113,1,1
30046,57,56,1,1
30047,63,69,-6,6
30048,121,116,5,5
30049,144,141,3,3
30050,118,121,-3,3
30051,64,70,-6,6
30052,121,115,6,6
30053,135,127,8,8
30054,80,90,-10,10
30055,110,95,15,15
30056,100,96,4,4
30057,94,98,-4,4
30058,83,87,-4,4
30059,87,91,-4,4
30060,67,69,-2,2
30061,95,103,-8,8
30062,88,79,9,9
30063,93,86,7,7
30064,91,82,9,9
30065,133,136,-3,3
30066,77,96,-19,19
30067,106,114,-8,8
30068,53,62,-9,9
30069,89,97,-8,8
30070,154,132,22,22
30071,98,101,-3,3
30072,54,75,-21,21
30073,79,84,-5,5
30074,115,117,-2,2
30075,135,135,0,0
30076,81,82,-1,1
30077,56,64,-8,8
30078,54,63,-9,9
30079,73,60,13,13
30080,80,92,-12,12
30081,114,111,3,3
30082,170,197,-27,27
30083,124,119,5,5
30084,63,66,-3,3
30085,93,108,-15,15
30086,77,77,0,0
30087,178,179,-1,1
30088,67,82,-15,15
30089,72,56,16,16
30090,60,64,-4,4
30091,64,57,7,7
30092,85,75,10,10
30093,158,150,8,8
30094,124,114,10,10
30095,70,108,-38,38
30096,61,59,2,2
30097,110,113,-3,3
30098,94,101,-7,7
30099,161,146,15,15
30100,98,90,8,8
30101,165,161,4,4
30102,82,86,-4,4
30103,102,108,-6,6
30104,105,103,2,2
30105,85,94,-9,9
30106,106,113,-7,7
30107,91,87,4,4
30108,86,85,1,1
30109,44,46,-2,2
30110,96,105,-9,9
30111,114,114,0,0
30112,83,85,-2,2
30113,24,29,-5,5
30114,75,85,-10,10
30115,140,148,-8,8
30116,46,59,-13,13
30117,80,86,-6,6
30118,82,101,-19,19
30119,125,121,4,4
30120,56,56,0,0
30121,76,68,8,8
30122,44,42,2,2
30123,102,82,20,20
30124,146,136,10,10
30125,46,55,-9,9
30126,80,90,-10,10
30127,117,127,-10,10
30128,85,77,8,8
30129,60,51,9,9
30130,81,92,-11,11
30131,42,37,5,5
30132,79,88,-9,9
30133,98,94,4,4
30134,110,102,8,8
30135,74,69,5,5
30136,54,57,-3,3
30137,113,112,1,1
30138,78,82,-4,4
30139,52,52,0,0
30140,449,507,-58,58
30141,121,133,-12,12
30142,68,58,10,10
30143,35,43,-8,8
30144,36,44,-8,8
30145,81,86,-5,5
30146,155,152,3,3
30147,207,194,13,13
30148,105,122,-17,17
30149,66,66,0,0
30150,105,94,11,11
30151,63,61,2,2
30152,97,93,4,4
30153,114,112,2,2
30154,69,67,2,2
30155,181,176,5,5
30156,58,62,-4,4
30157,56,62,-6,6
30158,41,58,-17,17
30159,61,69,-8,8
30160,108,110,-2,2
30161,113,112,1,1
30162,46,40,6,6
30163,85,84,1,1
30164,109,114,-5,5
30165,144,141,3,3
30166,45,77,-32,32
30167,56,55,1,1
30168,71,59,12,12
30169,83,77,6,6
30170,72,72,0,0
30171,92,78,14,14
30172,97,116,-19,19
30173,52,59,-7,7
30174,135,133,2,2
30175,69,73,-4,4
30176,88,91,-3,3
30177,79,79,0,0
30178,74,69,5,5
30179,74,75,-1,1
30180,102,111,-9,9
30181,154,142,12,12
30182,225,227,-2,2
30183,98,98,0,0
30184,77,78,-1,1
30185,164,148,16,16
30186,144,119,25,25
30187,75,66,9,9
30188,142,155,-13,13
30189,115,117,-2,2
30190,81,78,3,3
30191,103,111,-8,8
30192,94,103,-9,9
30193,76,106,-30,30
30194,50,53,-3,3
30195,108,118,-10,10
30196,146,141,5,5
30197,90,82,8,8
30198,129,126,3,3
30199,74,90,-16,16
30200,105,104,1,1
30201,91,86,5,5
30202,121,123,-2,2
30203,109,94,15,15
30204,85,101,-16,16
30205,111,130,-19,19
30206,136,133,3,3
30207,74,74,0,0
30208,89,97,-8,8
30209,102,103,-1,1
30210,63,58,5,5
30211,113,120,-7,7
30212,92,77,15,15
30213,87,83,4,4
30214,98,94,4,4
30215,111,115,-4,4
30216,116,110,6,6
30217,133,148,-15,15
30218,160,148,12,12
30219,86,91,-5,5
30220,132,126,6,6
30221,110,103,7,7
30222,53,52,1,1
30223,95,95,0,0
30224,88,86,2,2
30225,56,63,-7,7
30226,75,78,-3,3
30227,76,75,1,1
30228,47,56,-9,9
30229,96,89,7,7
30230,39,63,-24,24
30231,159,146,13,13
30232,61,69,-8,8
30233,53,56,-3,3
30234,84,89,-5,5
30235,85,86,-1,1
30236,82,83,-1,1
30237,88,96,-8,8
30238,87,82,5,5
30239,111,112,-1,1
30240,161,144,17,17
30241,131,125,6,6
30242,89,78,11,11
30243,156,151,5,5
30244,61,63,-2,2
30245,94,106,-12,12
30246,102,88,14,14
30247,167,166,1,1
30248,182,171,11,11
30249,59,58,1,1
30250,162,143,19,19
30251,132,128,4,4
30252,66,72,-6,6
30253,88,86,2,2
30254,106,93,13,13
30255,59,60,-1,1
30256,86,98,-12,12
30257,45,63,-18,18
30258,42,53,-11,11
30259,54,57,-3,3
30260,79,77,2,2
30261,139,136,3,3
30262,98,103,-5,5
30263,113,111,2,2
30264,87,79,8,8
30265,55,58,-3,3
30266,47,49,-2,2
30267,93,102,-9,9
30268,55,63,-8,8
30269,113,144,-31,31
30270,87,78,9,9
30271,138,137,1,1
30272,106,97,9,9
30273,76,79,-3,3
30274,89,100,-11,11
30275,90,89,1,1
30276,119,116,3,3
30277,106,110,-4,4
30278,89,92,-3,3
30279,80,83,-3,3
30280,77,76,1,1
30281,138,123,15,15
30282,99,95,4,4
30283,70,71,-1,1
30284,107,101,6,6
30285,64,69,-5,5
30286,123,113,10,10
30287,75,82,-7,7
30288,46,50,-4,4
30289,94,92,2,2
30290,68,64,4,4
30291,116,127,-11,11
30292,68,78,-10,10
30293,42,43,-1,1
30294,74,68,6,6
30295,102,105,-3,3
30296,111,111,0,0
30297,102,118,-16,16
30298,155,185,-30,30
30299,97,109,-12,12
30300,75,74,1,1
30301,158,161,-3,3
30302,66,56,10,10
30303,72,74,-2,2
30304,197,164,33,33
30305,133,115,18,18
30306,103,113,-10,10
30307,119,116,3,3
30308,88,89,-1,1
30309,56,65,-9,9
30310,59,68,-9,9
30311,73,87,-14,14
30312,100,93,7,7
30313,83,76,7,7
30314,104,96,8,8
30315,91,97,-6,6
30316,86,88,-2,2
30317,62,63,-1,1
30318,90,103,-13,13
30319,79,65,14,14
30320,127,134,-7,7
30321,108,112,-4,4
30322,38,69,-31,31
30323,63,66,-3,3
30324,55,59,-4,4
30325,111,93,18,18
30326,53,73,-20,20
30327,77,80,-3,3
30328,143,145,-2,2
30329,136,127,9,9
30330,47,58,-11,11
30331,85,79,6,6
30332,96,87,9,9
30333,87,85,2,2
30334,87,80,7,7
30335,144,127,17,17
30336,105,96,9,9
30337,96,104,-8,8
30338,78,92,-14,14
30339,140,152,-12,12
30340,69,70,-1,1
30341,41,46,-5,5
30342,73,87,-14,14
30343,75,73,2,2
30344,54,58,-4,4
30345,71,79,-8,8
30346,92,97,-5,5
30347,78,79,-1,1
30348,106,101,5,5
30349,77,70,7,7
30350,74,63,11,11
30351,59,57,2,2
30352,94,104,-10,10
30353,86,83,3,3
30354,102,115,-13,13
30355,87,86,1,1
30356,121,122,-1,1
30357,75,74,1,1
30358,108,104,4,4
30359,174,157,17,17
30360,119,108,11,11
30361,84,86,-2,2
30362,98,96,2,2
30363,84,99,-15,15
30364,89,76,13,13
30365,87,78,9,9
30366,43,45,-2,2
30367,95,93,2,2
30368,62,65,-3,3
30369,97,104,-7,7
30370,110,106,4,4
30371,102,102,0,0
30372,95,96,-1,1
30373,84,94,-10,10
30374,88,91,-3,3
30375,101,101,0,0
30376,154,154,0,0
30377,159,153,6,6
30378,103,100,3,3
30379,75,77,-2,2
30380,119,107,12,12
30381,27,40,-13,13
30382,77,83,-6,6
30383,169,158,11,11
30384,151,153,-2,2
30385,72,56,16,16
30386,145,126,19,19
30387,62,67,-5,5
30388,52,70,-18,18
30389,69,80,-11,11
30390,74,80,-6,6
30391,102,105,-3,3
30392,91,95,-4,4
30393,93,95,-2,2
30394,81,81,0,0
30395,137,139,-2,2
30396,157,149,8,8
30397,48,43,5,5
30398,122,121,1,1
30399,64,68,-4,4
30400,175,171,4,4
30401,74,70,4,4
30402,47,65,-18,18
30403,103,103,0,0
30404,88,90,-2,2
30405,64,81,-17,17
30406,94,99,-5,5
30407,111,110,1,1
30408,209,210,-1,1
30409,80,83,-3,3
30410,108,117,-9,9
30411,103,100,3,3
30412,93,127,-34,34
30413,86,81,5,5
30414,105,110,-5,5
30415,110,105,5,5
30416,82,83,-1,1
30417,69,64,5,5
30418,43,54,-11,11
30419,74,78,-4,4
30420,131,122,9,9
30421,137,143,-6,6
30422,110,106,4,4
30423,61,62,-1,1
30424,90,88,2,2
30425,78,92,-14,14
30426,82,87,-5,5
30427,82,90,-8,8
30428,66,69,-3,3
30429,136,142,-6,6
30430,112,98,14,14
30431,71,77,-6,6
30432,114,112,2,2
30433,105,151,-46,46
30434,93,82,11,11
30435,122,131,-9,9
30436,167,170,-3,3
30437,67,64,3,3
30438,62,75,-13,13
30439,116,108,8,8
30440,120,116,4,4
30441,126,114,12,12
30442,110,106,4,4
30443,85,91,-6,6
30444,124,144,-20,20
30445,129,131,-2,2
30446,99,119,-20,20
30447,172,155,17,17
30448,76,78,-2,2
30449,64,56,8,8
30450,138,127,11,11
30451,59,63,-4,4
30452,123,126,-3,3
30453,140,114,26,26
30454,67,69,-2,2
30455,211,193,18,18
30456,155,137,18,18
30457,84,105,-21,21
30458,125,119,6,6
30459,72,90,-18,18
30460,121,124,-3,3
30461,121,131,-10,10
30462,141,149,-8,8
30463,67,63,4,4
30464,73,94,-21,21
30465,107,109,-2,2
30466,72,65,7,7
30467,65,72,-7,7
30468,82,78,4,4
30469,87,79,8,8
30470,87,83,4,4
30471,52,56,-4,4
30472,84,85,-1,1
30473,81,79,2,2
30474,75,80,-5,5
30475,126,121,5,5
30476,45,56,-11,11
30477,48,57,-9,9
30478,77,79,-2,2
30479,150,136,14,14
30480,100,104,-4,4
30481,128,138,-10,10
30482,86,87,-1,1
30483,72,61,11,11
30484,108,103,5,5
30485,61,35,26,26
30486,121,125,-4,4
30487,132,133,-1,1
30488,112,115,-3,3
30489,148,141,7,7
30490,89,106,-17,17
30491,47,58,-11,11
30492,75,77,-2,2
30493,113,131,-18,18
30494,82,82,0,0
30495,82,87,-5,5
30496,155,141,14,14
30497,114,104,10,10
30498,85,98,-13,13
30499,97,100,-3,3
30500,117,109,8,8
30501,57,64,-7,7
30502,121,115,6,6
30503,50,51,-1,1
30504,32,51,-19,19
30505,126,124,2,2
30506,85,107,-22,22
30507,45,61,-16,16
30508,105,109,-4,4
30509,84,92,-8,8
30510,99,98,1,1
30511,129,91,38,38
30512,115,114,1,1
30513,127,130,-3,3
30514,42,71,-29,29
30515,86,98,-12,12
30516,106,111,-5,5
30517,108,111,-3,3
30518,143,144,-1,1
30519,98,108,-10,10
30520,131,104,27,27
30521,117,118,-1,1
30522,82,65,17,17
30523,79,85,-6,6
30524,58,60,-2,2
30525,96,91,5,5
30526,105,96,9,9
30527,103,133,-30,30
30528,72,93,-21,21
30529,108,115,-7,7
30530,155,142,13,13
30531,164,145,19,19
30532,60,57,3,3
30533,130,125,5,5
30534,123,112,11,11
30535,104,120,-16,16
30536,79,77,2,2
30537,136,136,0,0
30538,130,128,2,2
30539,135,121,14,14
30540,77,75,2,2
30541,136,125,11,11
30542,107,96,11,11
30543,127,118,9,9
30544,116,119,-3,3
30545,132,127,5,5
30546,88,87,1,1
30547,74,65,9,9
30548,71,77,-6,6
30549,53,56,-3,3
30550,57,57,0,0
30551,189,181,8,8
30552,49,49,0,0
30553,124,129,-5,5
30554,127,119,8,8
30555,45,65,-20,20
30556,110,117,-7,7
30557,104,112,-8,8
30558,82,90,-8,8
30559,133,134,-1,1
30560,229,193,36,36
30561,64,63,1,1
30562,107,88,19,19
30563,109,101,8,8
30564,174,163,11,11
30565,176,172,4,4
30566,101,94,7,7
30567,113,109,4,4
30568,139,128,11,11
30569,56,57,-1,1
30570,75,72,3,3
30571,89,84,5,5
30572,34,34,0,0
30573,130,129,1,1
30574,81,76,5,5
30575,103,114,-11,11
30576,99,101,-2,2
30577,136,135,1,1
30578,37,38,-1,1
30579,82,87,-5,5
30580,125,125,0,0
30581,121,121,0,0
30582,94,96,-2,2
30583,67,63,4,4
30584,110,116,-6,6
30585,82,86,-4,4
30586,106,115,-9,9
30587,154,145,9,9
30588,97,112,-15,15
30589,65,66,-1,1
30590,81,90,-9,9
30591,53,62,-9,9
30592,123,108,15,15
30593,123,108,15,15
30594,60,50,10,10
30595,59,64,-5,5
30596,71,93,-22,22
30597,154,143,11,11
30598,89,92,-3,3
30599,89,82,7,7
30600,95,81,14,14
30601,78,81,-3,3
30602,79,79,0,0
30603,132,129,3,3
30604,124,133,-9,9
30605,125,118,7,7
30606,73,79,-6,6
30607,109,113,-4,4
30608,84,80,4,4
30609,114,117,-3,3
30610,98,98,0,0
30611,229,202,27,27
30612,118,118,0,0
30613,105,104,1,1
30614,56,65,-9,9
30615,86,93,-7,7
30616,72,75,-3,3
30617,144,163,-19,19
30618,151,141,10,10
30619,91,93,-2,2
30620,134,136,-2,2
30621,142,139,3,3
30622,119,111,8,8
30623,115,102,13,13
30624,122,122,0,0
30625,121,106,15,15
30626,145,145,0,0
30627,151,144,7,7
30628,99,78,21,21
30629,90,89,1,1
30630,115,144,-29,29
30631,65,83,-18,18
30632,90,100,-10,10
30633,78,80,-2,2
30634,65,71,-6,6
30635,77,80,-3,3
30636,64,61,3,3
30637,204,248,-44,44
30638,134,142,-8,8
30639,144,130,14,14
30640,127,130,-3,3
30641,88,78,10,10
30642,61,62,-1,1
30643,118,116,2,2
30644,91,93,-2,2
30645,143,122,21,21
30646,166,148,18,18
30647,77,77,0,0
30648,97,101,-4,4
30649,97,96,1,1
30650,98,86,12,12
30651,71,79,-8,8
30652,77,71,6,6
30653,145,143,2,2
30654,127,123,4,4
30655,144,139,5,5
30656,128,120,8,8
30657,148,137,11,11
30658,67,66,1,1
30659,147,152,-5,5
30660,85,95,-10,10
30661,98,106,-8,8
30662,72,69,3,3
30663,74,90,-16,16
30664,111,116,-5,5
30665,80,78,2,2
30666,73,74,-1,1
30667,79,87,-8,8
30668,90,74,16,16
30669,104,100,4,4
30670,70,71,-1,1
30671,99,118,-19,19
30672,64,70,-6,6
30673,68,78,-10,10
30674,96,87,9,9
30675,44,69,-25,25
30676,84,84,0,0
30677,81,70,11,11
30678,152,148,4,4
30679,69,77,-8,8
30680,86,95,-9,9
30681,89,101,-12,12
30682,151,140,11,11
30683,80,87,-7,7
30684,97,110,-13,13
30685,55,55,0,0
30686,126,118,8,8
30687,110,114,-4,4
30688,112,127,-15,15
30689,156,146,10,10
30690,52,51,1,1
30691,88,96,-8,8
30692,98,109,-11,11
30693,131,122,9,9
30694,114,108,6,6
30695,154,157,-3,3
30696,52,66,-14,14
30697,134,138,-4,4
30698,60,61,-1,1
30699,68,71,-3,3
30700,119,119,0,0
30701,61,100,-39,39
30702,94,105,-11,11
30703,98,109,-11,11
30704,103,124,-21,21
30705,120,121,-1,1
30706,97,93,4,4
30707,126,120,6,6
30708,103,106,-3,3
30709,97,106,-9,9
30710,89,82,7,7
30711,69,70,-1,1
30712,58,59,-1,1
30713,109,113,-4,4
30714,91,78,13,13
30715,76,74,2,2
30716,206,192,14,14
30717,109,100,9,9
30718,167,164,3,3
30719,124,126,-2,2
30720,68,72,-4,4
30721,162,135,27,27
30722,92,88,4,4
30723,160,165,-5,5
30724,107,111,-4,4
30725,104,92,12,12
30726,72,75,-3,3
30727,59,62,-3,3
30728,102,93,9,9
30729,110,123,-13,13
30730,71,74,-3,3
30731,96,80,16,16
30732,117,116,1,1
30733,67,60,7,7
30734,64,86,-22,22
30735,111,106,5,5
30736,54,49,5,5
30737,70,71,-1,1
30738,89,86,3,3
30739,125,132,-7,7
30740,81,82,-1,1
30741,132,126,6,6
30742,122,126,-4,4
30743,83,94,-11,11
30744,49,62,-13,13
30745,134,129,5,5
30746,86,84,2,2
30747,87,82,5,5
30748,113,105,8,8
30749,147,147,0,0
30750,57,72,-15,15
30751,81,80,1,1
30752,84,99,-15,15
30753,130,124,6,6
30754,103,103,0,0
30755,57,65,-8,8
30756,58,71,-13,13
30757,147,134,13,13
30758,136,130,6,6
30759,78,82,-4,4
30760,92,85,7,7
30761,69,79,-10,10
30762,151,148,3,3
30763,155,159,-4,4
30764,80,92,-12,12
30765,71,74,-3,3
30766,113,173,-60,60
30767,129,121,8,8
30768,113,113,0,0
30769,82,79,3,3
30770,69,46,23,23
30771,95,100,-5,5
30772,86,82,4,4
30773,86,74,12,12
30774,73,74,-1,1
30775,84,91,-7,7
30776,99,103,-4,4
30777,159,133,26,26
30778,94,91,3,3
30779,93,93,0,0
30780,52,52,0,0
30781,92,95,-3,3
30782,77,89,-12,12
30783,83,85,-2,2
30784,145,144,1,1
30785,89,96,-7,7
30786,98,89,9,9
30787,128,123,5,5
30788,70,89,-19,19
30789,85,78,7,7
30790,94,97,-3,3
30791,63,77,-14,14
30792,120,102,18,18
30793,93,94,-1,1
30794,113,112,1,1
30795,164,166,-2,2
30796,121,112,9,9
30797,61,56,5,5
30798,100,223,-123,123
30799,67,66,1,1
30800,107,116,-9,9
30801,56,47,9,9
30802,79,87,-8,8
30803,116,152,-36,36
30804,139,130,9,9
30805,112,116,-4,4
30806,92,87,5,5
30807,108,111,-3,3
30808,124,130,-6,6
30809,158,161,-3,3
30810,106,138,-32,32
30811,132,135,-3,3
30812,100,104,-4,4
30813,64,101,-37,37
30814,128,119,9,9
30815,53,44,9,9
30816,54,51,3,3
30817,81,82,-1,1
30818,67,67,0,0
30819,97,123,-26,26
30820,129,118,11,11
30821,122,122,0,0
30822,139,126,13,13
30823,44,62,-18,18
30824,131,131,0,0
30825,67,70,-3,3
30826,115,151,-36,36
30827,53,50,3,3
30828,84,84,0,0
30829,124,127,-3,3
30830,74,65,9,9
30831,104,106,-2,2
30832,70,73,-3,3
30833,112,114,-2,2
30834,90,78,12,12
30835,83,108,-25,25
30836,71,72,-1,1
30837,81,85,-4,4
30838,124,136,-12,12
30839,161,158,3,3
30840,52,49,3,3
30841,78,83,-5,5
30842,57,55,2,2
30843,113,108,5,5
30844,105,93,12,12
30845,119,114,5,5
30846,48,53,-5,5
30847,123,127,-4,4
30848,96,103,-7,7
30849,124,115,9,9
30850,129,128,1,1
30851,125,132,-7,7
30852,104,115,-11,11
30853,117,117,0,0
30854,151,141,10,10
30855,125,125,0,0
30856,87,99,-12,12
30857,71,70,1,1
30858,58,63,-5,5
30859,127,135,-8,8
30860,143,123,20,20
30861,78,77,1,1
30862,114,128,-14,14
30863,49,57,-8,8
30864,86,89,-3,3
30865,81,93,-12,12
30866,85,87,-2,2
30867,158,148,10,10
30868,57,59,-2,2
30869,109,102,7,7
30870,95,98,-3,3
30871,45,46,-1,1
30872,76,90,-14,14
30873,83,79,4,4
30874,100,119,-19,19
30875,65,79,-14,14
30876,76,77,-1,1
30877,47,69,-22,22
30878,70,69,1,1
30879,157,152,5,5
30880,204,177,27,27
30881,88,82,6,6
30882,93,89,4,4
30883,53,72,-19,19
30884,97,104,-7,7
30885,84,90,-6,6
30886,66,73,-7,7
30887,73,74,-1,1
30888,64,70,-6,6
30889,102,91,11,11
30890,56,62,-6,6
30891,73,72,1,1
30892,78,75,3,3
30893,64,71,-7,7
30894,89,91,-2,2
30895,108,102,6,6
30896,79,74,5,5
30897,99,108,-9,9
30898,104,104,0,0
30899,174,157,17,17
30900,76,78,-2,2
30901,67,72,-5,5
30902,103,97,6,6
30903,72,70,2,2
30904,65,77,-12,12
30905,79,95,-16,16
30906,39,69,-30,30
30907,42,47,-5,5
30908,43,54,-11,11
30909,130,127,3,3
30910,56,60,-4,4
30911,67,75,-8,8
30912,61,74,-13,13
30913,79,60,19,19
30914,122,96,26,26
30915,121,117,4,4
30916,87,82,5,5
30917,95,96,-1,1
30918,76,73,3,3
30919,98,85,13,13
30920,149,143,6,6
30921,37,53,-16,16
30922,91,84,7,7
30923,99,73,26,26
30924,64,76,-12,12
30925,113,114,-1,1
30926,82,85,-3,3
30927,71,85,-14,14
30928,103,105,-2,2
30929,58,61,-3,3
30930,112,107,5,5
30931,61,55,6,6
30932,60,60,0,0
30933,118,128,-10,10
30934,48,76,-28,28
30935,86,70,16,16
30936,61,70,-9,9
30937,123,111,12,12
30938,151,148,3,3
30939,50,54,-4,4
30940,123,131,-8,8
30941,186,183,3,3
30942,59,64,-5,5
30943,141,129,12,12
30944,130,148,-18,18
30945,83,75,8,8
30946,63,66,-3,3
30947,168,154,14,14
30948,88,89,-1,1
30949,49,61,-12,12
30950,47,59,-12,12
30951,81,82,-1,1
30952,176,152,24,24
30953,58,55,3,3
30954,48,49,-1,1
30955,117,112,5,5
30956,115,110,5,5
30957,120,117,3,3
30958,90,90,0,0
30959,46,56,-10,10
30960,113,132,-19,19
30961,64,71,-7,7
30962,126,122,4,4
30963,153,131,22,22
30964,114,114,0,0
30965,182,186,-4,4
30966,114,118,-4,4
30967,91,90,1,1
30968,116,108,8,8
30969,135,124,11,11
30970,70,77,-7,7
30971,80,72,8,8
30972,50,59,-9,9
30973,90,93,-3,3
30974,50,52,-2,2
30975,144,129,15,15
30976,77,105,-28,28
30977,81,73,8,8
30978,41,61,-20,20
30979,80,87,-7,7
30980,97,105,-8,8
30981,65,60,5,5
30982,70,70,0,0
30983,176,179,-3,3
30984,143,144,-1,1
30985,79,83,-4,4
30986,122,115,7,7
30987,135,130,5,5
30988,85,83,2,2
30989,50,61,-11,11
30990,88,80,8,8
30991,120,109,11,11
30992,134,129,5,5
30993,74,81,-7,7
30994,86,87,-1,1
30995,95,93,2,2
30996,56,68,-12,12
30997,92,98,-6,6
30998,86,87,-1,1
30999,70,94,-24,24
31000,81,89,-8,8
31001,113,122,-9,9
31002,99,102,-3,3
31003,77,78,-1,1
31004,31,33,-2,2
31005,99,95,4,4
31006,85,84,1,1
31007,80,92,-12,12
31008,92,91,1,1
31009,56,63,-7,7
31010,139,154,-15,15
31011,51,53,-2,2
31012,36,28,8,8
31013,126,123,3,3
31014,76,75,1,1
31015,96,114,-18,18
31016,87,95,-8,8
31017,117,112,5,5
31018,102,107,-5,5
31019,89,89,0,0
31020,107,83,24,24
31021,79,91,-12,12
31022,89,91,-2,2
31023,67,65,2,2
31024,114,108,6,6
31025,69,70,-1,1
31026,115,96,19,19
31027,168,170,-2,2
31028,84,88,-4,4
31029,79,57,22,22
31030,133,131,2,2
31031,123,117,6,6
31032,102,106,-4,4
31033,123,110,13,13
31034,97,79,18,18
31035,89,92,-3,3
31036,92,100,-8,8
31037,171,149,22,22
31038,72,69,3,3
31039,92,103,-11,11
31040,54,57,-3,3
31041,113,115,-2,2
31042,110,96,14,14
31043,64,70,-6,6
31044,64,65,-1,1
31045,69,62,7,7
31046,81,79,2,2
31047,101,106,-5,5
31048,92,80,12,12
31049,85,93,-8,8
31050,58,63,-5,5
31051,124,122,2,2
31052,81,79,2,2
31053,108,104,4,4
31054,93,91,2,2
31055,70,71,-1,1
31056,119,91,28,28
31057,65,60,5,5
31058,90,77,13,13
31059,53,56,-3,3
31060,73,81,-8,8
31061,52,63,-11,11
31062,97,101,-4,4
31063,118,116,2,2
31064,95,95,0,0
31065,89,90,-1,1
31066,66,58,8,8
31067,75,83,-8,8
31068,107,93,14,14
31069,63,59,4,4
31070,148,131,17,17
31071,110,110,0,0
31072,96,97,-1,1
31073,123,134,-11,11
31074,123,119,4,4
31075,106,91,15,15
31076,101,93,8,8
31077,105,108,-3,3
31078,94,108,-14,14
31079,53,74,-21,21
31080,53,62,-9,9
31081,116,120,-4,4
31082,122,124,-2,2
31083,96,109,-13,13
31084,117,107,10,10
31085,105,95,10,10
31086,74,71,3,3
31087,43,54,-11,11
31088,110,106,4,4
31089,71,68,3,3
31090,72,76,-4,4
31091,109,107,2,2
31092,142,142,0,0
31093,69,71,-2,2
31094,127,131,-4,4
31095,113,116,-3,3
31096,61,61,0,0
31097,108,106,2,2
31098,83,82,1,1
31099,58,69,-11,11
31100,107,107,0,0
31101,108,121,-13,13
31102,97,92,5,5
31103,101,90,11,11
31104,101,110,-9,9
31105,123,117,6,6
31106,68,73,-5,5
31107,89,79,10,10
31108,47,44,3,3
31109,128,114,14,14
31110,117,107,10,10
31111,94,89,5,5
31112,111,110,1,1
31113,51,53,-2,2
31114,65,73,-8,8
31115,79,89,-10,10
31116,140,138,2,2
31117,152,139,13,13
31118,108,111,-3,3
31119,115,102,13,13
31120,78,93,-15,15
31121,100,97,3,3
31122,69,65,4,4
31123,127,120,7,7
31124,64,59,5,5
31125,148,143,5,5
31126,105,114,-9,9
31127,123,114,9,9
31128,56,63,-7,7
31129,60,67,-7,7
31130,100,97,3,3
31131,77,94,-17,17
31132,89,101,-12,12
31133,63,73,-10,10
31134,70,74,-4,4
31135,74,71,3,3
31136,74,75,-1,1
31137,149,135,14,14
31138,60,65,-5,5
31139,115,191,-76,76
31140,65,71,-6,6
31141,95,91,4,4
31142,126,140,-14,14
31143,84,88,-4,4
31144,114,103,11,11
31145,130,126,4,4
31146,117,115,2,2
31147,135,150,-15,15
31148,110,115,-5,5
31149,74,69,5,5
31150,91,131,-40,40
31151,102,96,6,6
31152,76,92,-16,16
31153,81,92,-11,11
31154,117,109,8,8
31155,58,72,-14,14
31156,52,72,-20,20
31157,44,62,-18,18
31158,126,138,-12,12
31159,102,106,-4,4
31160,68,64,4,4
31161,96,112,-16,16
31162,116,103,13,13
31163,96,91,5,5
31164,44,50,-6,6
31165,49,49,0,0
31166,109,103,6,6
31167,40,53,-13,13
31168,84,117,-33,33
31169,57,61,-4,4
31170,85,92,-7,7
31171,44,54,-10,10
31172,77,79,-2,2
31173,70,83,-13,13
31174,63,64,-1,1
31175,75,74,1,1
31176,88,92,-4,4
31177,98,90,8,8
31178,66,87,-21,21
31179,78,75,3,3
31180,95,100,-5,5
31181,99,131,-32,32
31182,20,98,-78,78
31183,88,96,-8,8
31184,165,159,6,6
31185,127,119,8,8
31186,55,63,-8,8
31187,145,136,9,9
31188,72,59,13,13
31189,84,75,9,9
31190,62,67,-5,5
31191,107,96,11,11
31192,113,96,17,17
31193,64,84,-20,20
31194,132,113,19,19
31195,80,63,17,17
31196,64,65,-1,1
31197,58,74,-16,16
31198,53,61,-8,8
31199,101,95,6,6
31200,97,91,6,6
31201,93,92,1,1
31202,87,79,8,8
31203,78,77,1,1
31204,70,63,7,7
31205,119,73,46,46
31206,66,68,-2,2
31207,82,97,-15,15
31208,117,110,7,7
31209,106,93,13,13
31210,79,75,4,4
31211,129,161,-32,32
31212,95,90,5,5
31213,66,79,-13,13
31214,63,60,3,3
31215,128,123,5,5
31216,86,74,12,12
31217,87,94,-7,7
31218,115,125,-10,10
31219,126,119,7,7
31220,66,110,-44,44
31221,138,140,-2,2
31222,118,100,18,18
31223,105,101,4,4
31224,59,64,-5,5
31225,51,63,-12,12
31226,45,57,-12,12
31227,79,81,-2,2
31228,103,97,6,6
31229,86,121,-35,35
31230,63,57,6,6
31231,104,105,-1,1
31232,144,132,12,12
31233,160,146,14,14
31234,55,69,-14,14
31235,83,71,12,12
31236,104,100,4,4
31237,61,66,-5,5
31238,92,96,-4,4
31239,72,75,-3,3
31240,103,94,9,9
31241,192,173,19,19
31242,89,92,-3,3
31243,76,76,0,0
31244,70,85,-15,15
31245,81,77,4,4
31246,96,91,5,5
31247,120,115,5,5
31248,88,91,-3,3
31249,81,77,4,4
31250,91,94,-3,3
31251,104,95,9,9
31252,71,79,-8,8
31253,51,52,-1,1
31254,138,135,3,3
31255,88,58,30,30
31256,64,80,-16,16
31257,108,106,2,2
31258,120,118,2,2
31259,78,93,-15,15
31260,158,144,14,14
31261,185,163,22,22
31262,168,170,-2,2
31263,96,99,-3,3
31264,100,83,17,17
31265,48,105,-57,57
31266,80,82,-2,2
31267,49,60,-11,11
31268,108,107,1,1
31269,71,73,-2,2
31270,111,106,5,5
31271,75,79,-4,4
31272,117,114,3,3
31273,156,153,3,3
31274,111,101,10,10
31275,108,111,-3,3
31276,54,62,-8,8
31277,83,94,-11,11
31278,91,79,12,12
31279,53,60,-7,7
31280,46,61,-15,15
31281,39,46,-7,7
31282,97,102,-5,5
31283,97,117,-20,20
31284,93,83,10,10
31285,173,171,2,2
31286,76,72,4,4
31287,146,137,9,9
31288,128,133,-5,5
31289,81,68,13,13
31290,90,92,-2,2
31291,109,110,-1,1
31292,123,112,11,11
31293,100,104,-4,4
31294,77,84,-7,7
31295,77,80,-3,3
31296,109,134,-25,25
31297,85,81,4,4
31298,94,88,6,6
31299,57,55,2,2
31300,51,51,0,0
31301,50,59,-9,9
31302,80,80,0,0
31303,73,73,0,0
31304,68,71,-3,3
31305,153,138,15,15
31306,120,136,-16,16
31307,99,102,-3,3
31308,97,95,2,2
31309,82,73,9,9
31310,85,95,-10,10
31311,84,81,3,3
31312,93,106,-13,13
31313,55,58,-3,3
31314,53,57,-4,4
31315,148,137,11,11
31316,115,133,-18,18
31317,116,116,0,0
31318,109,102,7,7
31319,72,84,-12,12
31320,85,88,-3,3
31321,78,65,13,13
31322,133,130,3,3
31323,89,90,-1,1
31324,53,66,-13,13
31325,145,139,6,6
31326,75,68,7,7
31327,60,58,2,2
31328,71,75,-4,4
31329,62,63,-1,1
31330,165,158,7,7
31331,51,66,-15,15
31332,146,182,-36,36
31333,64,64,0,0
31334,75,87,-12,12
31335,79,76,3,3
31336,85,86,-1,1
31337,100,97,3,3
31338,119,111,8,8
31339,106,121,-15,15
31340,79,77,2,2
31341,163,155,8,8
31342,121,125,-4,4
31343,66,75,-9,9
31344,114,106,8,8
31345,77,80,-3,3
31346,57,62,-5,5
31347,87,90,-3,3
31348,86,70,16,16
31349,71,80,-9,9
31350,124,119,5,5
31351,65,62,3,3
31352,111,107,4,4
31353,62,75,-13,13
31354,94,83,11,11
31355,76,80,-4,4
31356,122,135,-13,13
31357,136,155,-19,19
31358,76,76,0,0
31359,82,97,-15,15
31360,62,65,-3,3
31361,65,62,3,3
31362,63,62,1,1
31363,50,50,0,0
31364,56,62,-6,6
31365,80,89,-9,9
31366,95,87,8,8
31367,94,84,10,10
31368,90,76,14,14
31369,116,102,14,14
31370,113,114,-1,1
31371,70,67,3,3
31372,31,54,-23,23
31373,70,74,-4,4
31374,72,64,8,8
31375,92,75,17,17
31376,82,80,2,2
31377,58,77,-19,19
31378,104,106,-2,2
31379,75,73,2,2
31380,90,92,-2,2
31381,130,134,-4,4
31382,126,121,5,5
31383,89,89,0,0
31384,108,109,-1,1
31385,51,55,-4,4
31386,132,119,13,13
31387,91,93,-2,2
31388,109,118,-9,9
31389,103,115,-12,12
31390,87,67,20,20
31391,123,121,2,2
31392,109,105,4,4
31393,77,85,-8,8
31394,96,92,4,4
31395,82,92,-10,10
31396,111,105,6,6
31397,72,75,-3,3
31398,117,114,3,3
31399,117,117,0,0
31400,137,131,6,6
31401,107,94,13,13
31402,91,93,-2,2
31403,110,112,-2,2
31404,76,83,-7,7
31405,83,75,8,8
31406,142,145,-3,3
31407,97,102,-5,5
31408,54,53,1,1
31409,71,71,0,0
31410,91,101,-10,10
31411,100,104,-4,4
31412,47,52,-5,5
31413,114,107,7,7
31414,65,62,3,3
31415,33,32,1,1
31416,88,98,-10,10
31417,102,120,-18,18
31418,72,77,-5,5
31419,95,98,-3,3
31420,100,96,4,4
31421,200,189,11,11
31422,147,121,26,26
31423,98,105,-7,7
31424,111,107,4,4
31425,105,103,2,2
31426,89,88,1,1
31427,108,109,-1,1
31428,35,75,-40,40
31429,54,64,-10,10
31430,124,124,0,0
31431,90,80,10,10
31432,130,128,2,2
31433,138,131,7,7
31434,143,121,22,22
31435,74,78,-4,4
31436,47,70,-23,23
31437,64,67,-3,3
31438,174,168,6,6
31439,96,92,4,4
31440,132,127,5,5
31441,66,66,0,0
31442,105,108,-3,3
31443,128,124,4,4
31444,99,103,-4,4
31445,70,81,-11,11
31446,62,59,3,3
31447,78,76,2,2
31448,93,100,-7,7
31449,89,68,21,21
31450,104,105,-1,1
31451,74,78,-4,4
31452,102,83,19,19
31453,58,55,3,3
31454,89,86,3,3
31455,84,79,5,5
31456,128,120,8,8
31457,91,87,4,4
31458,80,65,15,15
31459,84,95,-11,11
31460,100,105,-5,5
31461,115,108,7,7
31462,92,96,-4,4
31463,155,158,-3,3
31464,175,148,27,27
31465,79,81,-2,2
31466,70,58,12,12
31467,64,79,-15,15
31468,111,116,-5,5
31469,83,87,-4,4
31470,92,89,3,3
31471,153,143,10,10
31472,138,134,4,4
31473,90,101,-11,11
31474,104,110,-6,6
31475,52,50,2,2
31476,72,87,-15,15
31477,76,80,-4,4
31478,69,70,-1,1
31479,145,131,14,14
31480,67,68,-1,1
31481,79,79,0,0
31482,103,96,7,7
31483,145,148,-3,3
31484,86,86,0,0
31485,112,102,10,10
31486,130,129,1,1
31487,173,165,8,8
31488,75,75,0,0
31489,195,174,21,21
31490,93,90,3,3
31491,102,100,2,2
31492,64,68,-4,4
31493,68,69,-1,1
31494,58,67,-9,9
31495,93,81,12,12
31496,119,100,19,19
31497,54,51,3,3
31498,72,77,-5,5
31499,82,84,-2,2
31500,130,130,0,0
31501,75,72,3,3
31502,73,80,-7,7
31503,72,81,-9,9
31504,243,320,-77,77
31505,62,81,-19,19
31506,79,70,9,9
31507,129,129,0,0
31508,119,105,14,14
31509,121,123,-2,2
31510,135,125,10,10
31511,64,55,9,9
31512,84,83,1,1
31513,68,76,-8,8
31514,89,89,0,0
31515,59,59,0,0
31516,67,74,-7,7
31517,108,125,-17,17
31518,55,56,-1,1
31519,161,134,27,27
31520,75,79,-4,4
31521,113,107,6,6
31522,102,103,-1,1
31523,116,103,13,13
31524,134,119,15,15
31525,161,136,25,25
31526,122,130,-8,8
31527,103,109,-6,6
31528,75,76,-1,1
31529,162,142,20,20
31530,76,85,-9,9
31531,57,62,-5,5
31532,74,79,-5,5
31533,78,69,9,9
31534,68,61,7,7
31535,101,95,6,6
31536,66,73,-7,7
31537,61,64,-3,3
31538,120,118,2,2
31539,62,63,-1,1
31540,149,128,21,21
31541,85,99,-14,14
31542,126,114,12,12
31543,192,191,1,1
31544,94,99,-5,5
31545,69,87,-18,18
31546,99,86,13,13
31547,114,104,10,10
31548,75,75,0,0
31549,113,125,-12,12
31550,165,151,14,14
31551,133,121,12,12
31552,86,93,-7,7
31553,72,70,2,2
31554,97,92,5,5
31555,113,190,-77,77
31556,110,105,5,5
31557,119,117,2,2
31558,60,66,-6,6
31559,72,83,-11,11
31560,110,112,-2,2
31561,151,132,19,19
31562,70,91,-21,21
31563,89,95,-6,6
31564,112,111,1,1
31565,70,56,14,14
31566,64,63,1,1
31567,155,146,9,9
31568,103,109,-6,6
31569,115,107,8,8
31570,57,58,-1,1
31571,92,106,-14,14
31572,96,86,10,10
31573,61,67,-6,6
31574,144,129,15,15
31575,75,73,2,2
31576,138,133,5,5
31577,103,108,-5,5
31578,118,103,15,15
31579,80,94,-14,14
31580,107,96,11,11
31581,84,82,2,2
31582,87,85,2,2
31583,56,51,5,5
31584,129,149,-20,20
31585,94,87,7,7
31586,72,79,-7,7
31587,193,194,-1,1
31588,141,131,10,10
31589,98,107,-9,9
31590,116,120,-4,4
31591,154,140,14,14
31592,116,122,-6,6
31593,75,80,-5,5
31594,107,105,2,2
31595,83,74,9,9
31596,103,111,-8,8
31597,99,95,4,4
31598,109,114,-5,5
31599,95,92,3,3
31600,85,78,7,7
31601,81,87,-6,6
31602,112,98,14,14
31603,82,91,-9,9
31604,56,66,-10,10
31605,64,71,-7,7
31606,105,125,-20,20
31607,118,120,-2,2
31608,82,82,0,0
31609,96,94,2,2
31610,69,66,3,3
31611,128,122,6,6
31612,88,91,-3,3
31613,90,81,9,9
31614,141,137,4,4
31615,75,84,-9,9
31616,108,115,-7,7
31617,153,147,6,6
31618,101,97,4,4
31619,76,83,-7,7
31620,86,90,-4,4
31621,49,55,-6,6
31622,130,125,5,5
31623,95,98,-3,3
31624,33,45,-12,12
31625,156,160,-4,4
31626,49,51,-2,2
31627,89,79,10,10
31628,86,75,11,11
31629,80,75,5,5
31630,97,98,-1,1
31631,59,69,-10,10
31632,153,137,16,16
31633,51,57,-6,6
31634,88,77,11,11
31635,145,158,-13,13
31636,165,169,-4,4
31637,74,80,-6,6
31638,80,92,-12,12
31639,101,98,3,3
31640,46,48,-2,2
31641,62,66,-4,4
31642,107,89,18,18
31643,66,68,-2,2
31644,153,138,15,15
31645,75,82,-7,7
31646,49,56,-7,7
31647,120,126,-6,6
31648,131,124,7,7
31649,106,110,-4,4
31650,147,138,9,9
31651,81,93,-12,12
31652,94,89,5,5
31653,57,66,-9,9
31654,61,61,0,0
31655,47,47,0,0
31656,53,54,-1,1
31657,117,112,5,5
31658,98,86,12,12
31659,48,46,2,2
31660,190,182,8,8
31661,68,77,-9,9
31662,106,104,2,2
31663,57,60,-3,3
31664,131,132,-1,1
31665,132,120,12,12
31666,74,71,3,3
31667,125,127,-2,2
31668,86,81,5,5
31669,49,60,-11,11
31670,95,79,16,16
31671,67,68,-1,1
31672,82,89,-7,7
31673,93,99,-6,6
31674,52,57,-5,5
31675,55,59,-4,4
31676,111,104,7,7
31677,73,63,10,10
31678,72,76,-4,4
31679,160,162,-2,2
31680,97,97,0,0
31681,95,90,5,5
31682,117,100,17,17
31683,67,61,6,6
31684,55,62,-7,7
31685,103,91,12,12
31686,108,118,-10,10
31687,82,65,17,17
31688,155,137,18,18
31689,87,93,-6,6
31690,88,84,4,4
31691,84,95,-11,11
31692,66,82,-16,16
31693,59,62,-3,3
31694,80,75,5,5
31695,120,121,-1,1
31696,92,103,-11,11
31697,36,49,-13,13
31698,89,72,17,17
31699,113,107,6,6
31700,86,84,2,2
31701,117,150,-33,33
31702,78,73,5,5
31703,72,78,-6,6
31704,76,69,7,7
31705,76,75,1,1
31706,87,93,-6,6
31707,76,98,-22,22
31708,79,72,7,7
31709,51,43,8,8
31710,121,126,-5,5
31711,100,91,9,9
31712,83,86,-3,3
31713,84,62,22,22
31714,100,110,-10,10
31715,125,118,7,7
31716,73,79,-6,6
31717,59,63,-4,4
31718,79,85,-6,6
31719,76,76,0,0
31720,108,117,-9,9
31721,64,75,-11,11
31722,101,98,3,3
31723,140,128,12,12
31724,89,92,-3,3
31725,72,69,3,3
31726,82,82,0,0
31727,68,70,-2,2
31728,41,48,-7,7
31729,77,81,-4,4
31730,150,141,9,9
31731,121,116,5,5
31732,96,118,-22,22
31733,50,61,-11,11
31734,45,55,-10,10
31735,118,127,-9,9
31736,108,101,7,7
31737,74,86,-12,12
31738,148,156,-8,8
31739,109,107,2,2
31740,53,61,-8,8
31741,69,66,3,3
31742,75,77,-2,2
31743,75,89,-14,14
31744,93,93,0,0
31745,36,40,-4,4
31746,62,69,-7,7
31747,139,132,7,7
31748,67,70,-3,3
31749,199,194,5,5
31750,61,57,4,4
31751,66,69,-3,3
31752,58,61,-3,3
31753,58,55,3,3
31754,98,104,-6,6
31755,65,60,5,5
31756,96,96,0,0
31757,105,107,-2,2
31758,44,57,-13,13
31759,116,110,6,6
31760,87,79,8,8
31761,94,105,-11,11
31762,130,129,1,1
31763,103,106,-3,3
31764,85,81,4,4
31765,94,102,-8,8
31766,78,79,-1,1
31767,120,109,11,11
31768,48,63,-15,15
31769,107,94,13,13
31770,87,91,-4,4
31771,115,117,-2,2
31772,122,128,-6,6
31773,137,128,9,9
31774,19,39,-20,20
31775,90,100,-10,10
31776,45,50,-5,5
31777,53,62,-9,9
31778,132,115,17,17
31779,54,51,3,3
31780,123,132,-9,9
31781,88,106,-18,18
31782,90,94,-4,4
31783,112,105,7,7
31784,67,57,10,10
31785,50,75,-25,25
31786,65,63,2,2
31787,44,54,-10,10
31788,86,92,-6,6
31789,65,66,-1,1
31790,80,102,-22,22
31791,128,118,10,10
31792,166,155,11,11
31793,105,105,0,0
31794,77,87,-10,10
31795,113,120,-7,7
31796,82,82,0,0
31797,94,101,-7,7
31798,123,109,14,14
31799,118,117,1,1
31800,159,155,4,4
31801,100,87,13,13
31802,95,84,11,11
31803,128,134,-6,6
31804,67,85,-18,18
31805,131,116,15,15
31806,78,80,-2,2
31807,58,73,-15,15
31808,126,119,7,7
31809,136,143,-7,7
31810,75,72,3,3
31811,100,93,7,7
31812,52,62,-10,10
31813,94,89,5,5
31814,64,58,6,6
31815,65,67,-2,2
31816,85,87,-2,2
31817,100,99,1,1
31818,134,132,2,2
31819,88,89,-1,1
31820,87,87,0,0
31821,112,108,4,4
31822,222,205,17,17
31823,103,99,4,4
31824,131,149,-18,18
31825,143,134,9,9
31826,89,98,-9,9
31827,144,132,12,12
31828,90,85,5,5
31829,117,113,4,4
31830,41,43,-2,2
31831,161,156,5,5
31832,87,91,-4,4
31833,67,73,-6,6
31834,89,101,-12,12
31835,58,56,2,2
31836,54,54,0,0
31837,66,61,5,5
31838,62,60,2,2
31839,46,48,-2,2
31840,116,129,-13,13
31841,146,138,8,8
31842,153,160,-7,7
31843,110,100,10,10
31844,83,59,24,24
31845,138,129,9,9
31846,117,110,7,7
31847,86,82,4,4
31848,170,169,1,1
31849,96,107,-11,11
31850,57,54,3,3
31851,102,90,12,12
31852,96,89,7,7
31853,88,84,4,4
31854,117,125,-8,8
31855,83,100,-17,17
31856,94,100,-6,6
31857,68,85,-17,17
31858,81,78,3,3
31859,165,166,-1,1
31860,93,85,8,8
31861,169,163,6,6
31862,79,79,0,0
31863,91,76,15,15
31864,96,98,-2,2
31865,107,97,10,10
31866,98,91,7,7
31867,81,67,14,14
31868,125,121,4,4
31869,111,103,8,8
31870,50,62,-12,12
31871,102,112,-10,10
31872,94,92,2,2
31873,57,66,-9,9
31874,110,108,2,2
31875,89,91,-2,2
31876,69,71,-2,2
31877,116,111,5,5
31878,135,123,12,12
31879,76,73,3,3
31880,98,77,21,21
31881,72,71,1,1
31882,68,73,-5,5
31883,77,87,-10,10
31884,125,125,0,0
31885,115,103,12,12
31886,136,116,20,20
31887,80,80,0,0
31888,82,90,-8,8
31889,76,80,-4,4
31890,82,72,10,10
31891,138,132,6,6
31892,108,99,9,9
31893,153,146,7,7
31894,76,79,-3,3
31895,100,83,17,17
31896,97,94,3,3
31897,119,108,11,11
31898,35,44,-9,9
31899,39,40,-1,1
31900,102,100,2,2
31901,93,104,-11,11
31902,122,116,6,6
31903,88,83,5,5
31904,84,82,2,2
31905,207,202,5,5
31906,67,73,-6,6
31907,111,109,2,2
31908,75,73,2,2
31909,112,106,6,6
31910,59,59,0,0
31911,66,79,-13,13
31912,161,144,17,17
31913,80,85,-5,5
31914,64,78,-14,14
31915,123,94,29,29
31916,123,113,10,10
31917,144,132,12,12
31918,61,60,1,1
31919,85,72,13,13
31920,100,98,2,2
31921,100,96,4,4
31922,65,64,1,1
31923,75,67,8,8
31924,104,98,6,6
31925,112,132,-20,20
31926,93,98,-5,5
31927,69,65,4,4
31928,58,60,-2,2
31929,120,103,17,17
31930,131,125,6,6
31931,101,94,7,7
31932,156,153,3,3
31933,83,83,0,0
31934,62,71,-9,9
31935,94,97,-3,3
31936,87,102,-15,15
31937,182,160,22,22
31938,132,124,8,8
31939,100,101,-1,1
31940,74,75,-1,1
31941,57,60,-3,3
31942,95,91,4,4
31943,64,57,7,7
31944,99,103,-4,4
31945,102,109,-7,7
31946,144,161,-17,17
31947,152,143,9,9
31948,66,75,-9,9
31949,57,59,-2,2
31950,73,79,-6,6
31951,85,77,8,8
31952,111,104,7,7
31953,78,78,0,0
31954,87,80,7,7
31955,58,59,-1,1
31956,125,127,-2,2
31957,98,92,6,6
31958,127,113,14,14
31959,125,108,17,17
31960,107,105,2,2
31961,57,66,-9,9
31962,161,149,12,12
31963,109,101,8,8
31964,110,111,-1,1
31965,64,62,2,2
31966,304,375,-71,71
31967,75,72,3,3
31968,161,180,-19,19
31969,85,84,1,1
31970,124,104,20,20
31971,53,53,0,0
31972,98,107,-9,9
31973,124,115,9,9
31974,67,83,-16,16
31975,59,66,-7,7
31976,115,97,18,18
31977,91,89,2,2
31978,108,106,2,2
31979,82,75,7,7
31980,104,97,7,7
31981,65,65,0,0
31982,107,106,1,1
31983,140,140,0,0
31984,83,74,9,9
31985,128,170,-42,42
31986,65,57,8,8
31987,70,70,0,0
31988,160,158,2,2
31989,94,89,5,5
31990,74,74,0,0
31991,99,104,-5,5
31992,105,105,0,0
31993,65,76,-11,11
31994,46,52,-6,6
31995,72,70,2,2
31996,53,64,-11,11
31997,110,110,0,0
31998,100,90,10,10
31999,65,68,-3,3
32000,102,99,3,3
32001,128,129,-1,1
32002,90,87,3,3
32003,139,155,-16,16
32004,145,132,13,13
32005,89,88,1,1
32006,68,76,-8,8
32007,64,68,-4,4
32008,79,99,-20,20
32009,86,77,9,9
32010,60,68,-8,8
32011,101,101,0,0
32012,36,58,-22,22
32013,103,108,-5,5
32014,52,53,-1,1
32015,152,149,3,3
32016,80,86,-6,6
32017,142,121,21,21
32018,129,114,15,15
32019,140,122,18,18
32020,49,60,-11,11
32021,147,143,4,4
32022,100,92,8,8
32023,59,69,-10,10
32024,106,109,-3,3
32025,88,85,3,3
32026,86,86,0,0
32027,106,91,15,15
32028,110,111,-1,1
32029,43,54,-11,11
32030,114,126,-12,12
32031,77,75,2,2
32032,103,104,-1,1
32033,125,126,-1,1
32034,65,58,7,7
32035,105,99,6,6
32036,98,116,-18,18
32037,132,147,-15,15
32038,119,113,6,6
32039,80,77,3,3
32040,107,110,-3,3
32041,94,83,11,11
32042,59,74,-15,15
32043,109,106,3,3
32044,144,146,-2,2
32045,45,51,-6,6
32046,66,42,24,24
32047,122,122,0,0
32048,88,88,0,0
32049,53,51,2,2
32050,58,64,-6,6
32051,68,74,-6,6
32052,104,97,7,7
32053,129,135,-6,6
32054,55,55,0,0
32055,80,78,2,2
32056,100,108,-8,8
32057,64,81,-17,17
32058,150,141,9,9
32059,80,84,-4,4
32060,96,90,6,6
32061,83,84,-1,1
32062,39,49,-10,10
32063,112,95,17,17
32064,146,132,14,14
32065,91,98,-7,7
32066,77,86,-9,9
32067,121,131,-10,10
32068,113,114,-1,1
32069,132,131,1,1
32070,102,113,-11,11
32071,71,66,5,5
32072,81,82,-1,1
32073,60,77,-17,17
32074,112,107,5,5
32075,95,88,7,7
32076,116,117,-1,1
32077,85,88,-3,3
32078,116,119,-3,3
32079,107,109,-2,2
32080,156,145,11,11
32081,84,81,3,3
32082,77,82,-5,5
32083,111,108,3,3
32084,61,89,-28,28
32085,124,121,3,3
32086,106,91,15,15
32087,116,114,2,2
32088,64,77,-13,13
32089,108,103,5,5
32090,76,80,-4,4
32091,72,74,-2,2
32092,75,70,5,5
32093,66,65,1,1
32094,128,137,-9,9
32095,189,168,21,21
32096,120,120,0,0
32097,64,71,-7,7
32098,141,141,0,0
32099,96,98,-2,2
32100,170,166,4,4
32101,83,79,4,4
32102,101,101,0,0
32103,81,95,-14,14
32104,43,50,-7,7
32105,150,156,-6,6
32106,70,65,5,5
32107,89,90,-1,1
32108,115,112,3,3
32109,103,105,-2,2
32110,54,54,0,0
32111,63,66,-3,3
32112,127,131,-4,4
32113,96,83,13,13
32114,79,94,-15,15
32115,83,92,-9,9
32116,108,100,8,8
32117,116,104,12,12
32118,121,112,9,9
32119,127,112,15,15
32120,109,113,-4,4
32121,96,95,1,1
32122,82,81,1,1
32123,103,133,-30,30
32124,142,128,14,14
32125,161,151,10,10
32126,126,133,-7,7
32127,78,78,0,0
32128,157,161,-4,4
32129,63,69,-6,6
32130,64,75,-11,11
32131,90,91,-1,1
32132,95,107,-12,12
32133,146,141,5,5
32134,56,53,3,3
32135,48,62,-14,14
32136,68,80,-12,12
32137,94,93,1,1
32138,87,93,-6,6
32139,122,113,9,9
32140,126,119,7,7
32141,55,54,1,1
32142,61,72,-11,11
32143,89,99,-10,10
32144,62,69,-7,7
32145,71,74,-3,3
32146,87,95,-8,8
32147,39,57,-18,18
32148,123,112,11,11
32149,79,88,-9,9
32150,109,104,5,5
32151,101,114,-13,13
32152,107,95,12,12
32153,114,110,4,4
32154,81,92,-11,11
32155,167,160,7,7
32156,71,81,-10,10
32157,65,62,3,3
32158,76,73,3,3
32159,94,88,6,6
32160,162,150,12,12
32161,86,97,-11,11
32162,162,162,0,0
32163,50,57,-7,7
32164,109,114,-5,5
32165,70,71,-1,1
32166,69,80,-11,11
32167,36,24,12,12
32168,117,103,14,14
32169,104,83,21,21
32170,107,117,-10,10
32171,66,70,-4,4
32172,98,90,8,8
32173,113,118,-5,5
32174,57,60,-3,3
32175,117,111,6,6
32176,79,92,-13,13
32177,88,75,13,13
32178,101,100,1,1
32179,98,102,-4,4
32180,164,217,-53,53
32181,108,104,4,4
32182,79,85,-6,6
32183,77,81,-4,4
32184,81,81,0,0
32185,111,112,-1,1
32186,108,107,1,1
32187,104,102,2,2
32188,51,56,-5,5
32189,79,85,-6,6
32190,141,127,14,14
32191,105,101,4,4
32192,79,84,-5,5
32193,121,107,14,14
32194,85,95,-10,10
32195,60,63,-3,3
32196,76,75,1,1
32197,66,64,2,2
32198,140,124,16,16
32199,115,100,15,15
32200,135,120,15,15
32201,137,148,-11,11
32202,108,111,-3,3
32203,56,61,-5,5
32204,145,142,3,3
32205,107,105,2,2
32206,75,70,5,5
32207,73,71,2,2
32208,58,65,-7,7
32209,73,65,8,8
32210,100,97,3,3
32211,154,153,1,1
32212,89,87,2,2
32213,86,77,9,9
32214,218,201,17,17
32215,96,96,0,0
32216,72,70,2,2
32217,136,137,-1,1
32218,197,198,-1,1
32219,75,83,-8,8
32220,138,132,6,6
32221,112,126,-14,14
32222,97,101,-4,4
32223,50,54,-4,4
32224,144,135,9,9
32225,62,61,1,1
32226,91,98,-7,7
32227,108,105,3,3
32228,111,118,-7,7
32229,154,142,12,12
32230,84,82,2,2
32231,181,174,7,7
32232,80,82,-2,2
32233,134,123,11,11
32234,78,91,-13,13
32235,243,222,21,21
32236,59,55,4,4
32237,83,79,4,4
32238,76,66,10,10
32239,88,82,6,6
32240,62,61,1,1
32241,81,84,-3,3
32242,127,122,5,5
32243,119,108,11,11
32244,70,78,-8,8
32245,114,109,5,5
32246,91,92,-1,1
32247,120,113,7,7
32248,61,61,0,0
32249,73,71,2,2
32250,77,80,-3,3
32251,175,173,2,2
32252,86,80,6,6
32253,125,115,10,10
32254,109,109,0,0
32255,90,99,-9,9
32256,71,74,-3,3
32257,64,81,-17,17
32258,91,80,11,11
32259,116,110,6,6
32260,63,50,13,13
32261,79,72,7,7
32262,56,57,-1,1
32263,144,131,13,13
32264,130,113,17,17
32265,73,78,-5,5
32266,64,62,2,2
32267,146,125,21,21
32268,30,47,-17,17
32269,107,116,-9,9
32270,80,81,-1,1
32271,94,106,-12,12
32272,57,54,3,3
32273,85,93,-8,8
32274,157,142,15,15
32275,131,126,5,5
32276,170,150,20,20
32277,115,125,-10,10
32278,124,108,16,16
32279,83,80,3,3
32280,139,133,6,6
32281,104,99,5,5
32282,54,50,4,4
32283,117,106,11,11
32284,84,93,-9,9
32285,97,92,5,5
32286,50,42,8,8
32287,57,74,-17,17
32288,84,86,-2,2
32289,70,76,-6,6
32290,75,84,-9,9
32291,33,53,-20,20
32292,110,132,-22,22
32293,60,59,1,1
32294,66,70,-4,4
32295,121,116,5,5
32296,97,95,2,2
32297,128,118,10,10
32298,82,77,5,5
32299,110,112,-2,2
32300,135,134,1,1
32301,96,90,6,6
32302,79,68,11,11
32303,82,70,12,12
32304,112,93,19,19
32305,119,124,-5,5
32306,113,91,22,22
32307,129,124,5,5
32308,30,67,-37,37
32309,143,148,-5,5
32310,48,65,-17,17
32311,70,68,2,2
32312,66,98,-32,32
32313,117,117,0,0
32314,49,48,1,1
32315,73,79,-6,6
32316,104,112,-8,8
32317,78,93,-15,15
32318,94,92,2,2
32319,39,51,-12,12
32320,163,153,10,10
32321,131,128,3,3
32322,78,86,-8,8
32323,107,119,-12,12
32324,40,43,-3,3
32325,83,85,-2,2
32326,88,98,-10,10
32327,104,106,-2,2
32328,116,101,15,15
32329,144,127,17,17
32330,93,103,-10,10
32331,89,88,1,1
32332,110,115,-5,5
32333,62,81,-19,19
32334,100,87,13,13
32335,79,85,-6,6
32336,80,77,3,3
32337,120,119,1,1
32338,84,99,-15,15
32339,88,95,-7,7
32340,132,143,-11,11
32341,93,82,11,11
32342,79,84,-5,5
32343,27,31,-4,4
32344,97,97,0,0
32345,167,156,11,11
32346,146,144,2,2
32347,45,43,2,2
32348,53,69,-16,16
32349,57,57,0,0
32350,40,52,-12,12
32351,77,81,-4,4
32352,120,113,7,7
32353,87,109,-22,22
32354,189,178,11,11
32355,84,92,-8,8
32356,68,63,5,5
32357,85,80,5,5
32358,75,94,-19,19
32359,58,55,3,3
32360,67,66,1,1
32361,58,62,-4,4
32362,38,43,-5,5
32363,63,68,-5,5
32364,82,95,-13,13
32365,111,122,-11,11
32366,168,150,18,18
32367,67,66,1,1
32368,92,101,-9,9
32369,43,40,3,3
32370,126,109,17,17
32371,94,94,0,0
32372,108,112,-4,4
32373,80,87,-7,7
32374,159,137,22,22
32375,101,74,27,27
32376,71,71,0,0
32377,77,78,-1,1
32378,53,60,-7,7
32379,96,95,1,1
32380,144,129,15,15
32381,96,100,-4,4
32382,120,119,1,1
32383,91,90,1,1
32384,57,58,-1,1
32385,95,100,-5,5
32386,114,117,-3,3
32387,115,124,-9,9
32388,63,57,6,6
32389,103,102,1,1
32390,213,196,17,17
32391,82,92,-10,10
32392,113,101,12,12
32393,75,81,-6,6
32394,122,124,-2,2
32395,82,63,19,19
32396,112,108,4,4
32397,114,102,12,12
32398,62,53,9,9
32399,145,121,24,24
32400,153,171,-18,18
32401,102,69,33,33
32402,65,71,-6,6
32403,79,65,14,14
32404,85,93,-8,8
32405,69,62,7,7
32406,69,80,-11,11
32407,106,113,-7,7
32408,73,71,2,2
32409,95,88,7,7
32410,68,77,-9,9
32411,72,72,0,0
32412,71,74,-3,3
32413,135,121,14,14
32414,115,109,6,6
32415,75,80,-5,5
32416,57,56,1,1
32417,33,38,-5,5
32418,73,81,-8,8
32419,147,139,8,8
32420,100,110,-10,10
32421,81,77,4,4
32422,130,126,4,4
32423,63,67,-4,4
32424,75,79,-4,4
32425,97,105,-8,8
32426,80,91,-11,11
32427,67,68,-1,1
32428,135,131,4,4
32429,48,50,-2,2
32430,113,129,-16,16
32431,62,66,-4,4
32432,66,67,-1,1
32433,62,47,15,15
32434,140,150,-10,10
32435,82,82,0,0
32436,86,90,-4,4
32437,123,157,-34,34
32438,134,124,10,10
32439,63,68,-5,5
32440,142,132,10,10
32441,63,79,-16,16
32442,94,92,2,2
32443,72,70,2,2
32444,146,149,-3,3
32445,90,68,22,22
32446,57,59,-2,2
32447,51,56,-5,5
32448,64,64,0,0
32449,80,90,-10,10
32450,105,96,9,9
32451,109,114,-5,5
32452,99,108,-9,9
32453,209,201,8,8
32454,82,79,3,3
32455,49,60,-11,11
32456,72,77,-5,5
32457,62,66,-4,4
32458,50,59,-9,9
32459,153,156,-3,3
32460,140,172,-32,32
32461,95,95,0,0
32462,81,80,1,1
32463,114,107,7,7
32464,130,135,-5,5
32465,31,37,-6,6
32466,86,89,-3,3
32467,100,105,-5,5
32468,58,65,-7,7
32469,58,60,-2,2
32470,95,84,11,11
32471,121,124,-3,3
32472,83,88,-5,5
32473,152,145,7,7
32474,138,138,0,0
32475,128,135,-7,7
32476,92,108,-16,16
32477,64,67,-3,3
32478,72,80,-8,8
32479,110,112,-2,2
32480,57,55,2,2
32481,99,100,-1,1
32482,98,96,2,2
32483,73,92,-19,19
32484,53,62,-9,9
32485,55,63,-8,8
32486,61,64,-3,3
32487,239,224,15,15
32488,86,89,-3,3
32489,133,107,26,26
32490,80,71,9,9
32491,76,73,3,3
32492,79,74,5,5
32493,140,140,0,0
32494,97,100,-3,3
32495,74,60,14,14
32496,142,139,3,3
32497,82,91,-9,9
32498,62,62,0,0
32499,101,115,-14,14
32500,69,88,-19,19
32501,171,216,-45,45
32502,69,79,-10,10
32503,72,72,0,0
32504,93,89,4,4
32505,78,80,-2,2
32506,68,72,-4,4
32507,54,71,-17,17
32508,110,113,-3,3
32509,69,78,-9,9
32510,92,91,1,1
32511,65,66,-1,1
32512,28,31,-3,3
32513,65,74,-9,9
32514,69,77,-8,8
32515,119,110,9,9
32516,78,75,3,3
32517,75,83,-8,8
32518,70,72,-2,2
32519,57,75,-18,18
32520,88,94,-6,6
32521,80,73,7,7
32522,113,125,-12,12
32523,63,70,-7,7
32524,91,92,-1,1
32525,141,115,26,26
32526,88,83,5,5
32527,46,64,-18,18
32528,109,114,-5,5
32529,98,93,5,5
32530,177,166,11,11
32531,142,149,-7,7
32532,56,62,-6,6
32533,166,156,10,10
32534,70,68,2,2
32535,64,66,-2,2
32536,70,69,1,1
32537,66,72,-6,6
32538,104,92,12,12
32539,131,118,13,13
32540,82,85,-3,3
32541,65,70,-5,5
32542,95,97,-2,2
32543,79,71,8,8
32544,86,88,-2,2
32545,84,89,-5,5
32546,103,86,17,17
32547,77,80,-3,3
32548,125,118,7,7
32549,122,122,0,0
32550,64,63,1,1
32551,95,101,-6,6
32552,79,85,-6,6
32553,67,68,-1,1
32554,160,147,13,13
32555,103,104,-1,1
32556,114,112,2,2
32557,74,77,-3,3
32558,123,117,6,6
32559,50,68,-18,18
32560,53,54,-1,1
32561,195,195,0,0
32562,71,70,1,1
32563,171,162,9,9
32564,90,105,-15,15
32565,75,77,-2,2
32566,84,87,-3,3
32567,86,112,-26,26
32568,101,107,-6,6
32569,131,118,13,13
32570,159,147,12,12
32571,52,57,-5,5
32572,119,119,0,0
32573,85,84,1,1
32574,97,94,3,3
32575,73,79,-6,6
32576,54,62,-8,8
32577,73,73,0,0
32578,127,112,15,15
32579,164,153,11,11
32580,104,91,13,13
32581,57,74,-17,17
32582,40,52,-12,12
32583,103,103,0,0
32584,149,146,3,3
32585,105,105,0,0
32586,184,167,17,17
32587,74,74,0,0
32588,145,129,16,16
32589,74,78,-4,4
32590,83,98,-15,15
32591,82,82,0,0
32592,85,87,-2,2
32593,133,143,-10,10
32594,68,74,-6,6
32595,56,70,-14,14
32596,183,171,12,12
32597,66,66,0,0
32598,115,131,-16,16
32599,86,83,3,3
32600,64,63,1,1
32601,41,40,1,1
32602,97,121,-24,24
32603,76,75,1,1
32604,64,72,-8,8
32605,67,73,-6,6
32606,92,81,11,11
32607,86,89,-3,3
32608,86,85,1,1
32609,114,108,6,6
32610,134,123,11,11
32611,80,76,4,4
32612,151,169,-18,18
32613,99,97,2,2
32614,144,133,11,11
32615,118,110,8,8
32616,74,83,-9,9
32617,85,78,7,7
32618,51,58,-7,7
32619,57,56,1,1
32620,152,148,4,4
32621,80,84,-4,4
32622,83,80,3,3
32623,69,66,3,3
32624,126,135,-9,9
32625,178,163,15,15
32626,101,113,-12,12
32627,110,117,-7,7
32628,53,54,-1,1
32629,89,97,-8,8
32630,97,104,-7,7
32631,81,70,11,11
32632,87,82,5,5
32633,52,52,0,0
32634,98,93,5,5
32635,109,101,8,8
32636,103,101,2,2
32637,90,79,11,11
32638,73,74,-1,1
32639,157,154,3,3
32640,106,99,7,7
32641,144,143,1,1
32642,105,104,1,1
32643,191,183,8,8
32644,79,79,0,0
32645,113,90,23,23
32646,66,65,1,1
32647,62,88,-26,26
32648,71,76,-5,5
32649,93,102,-9,9
32650,90,83,7,7
32651,81,79,2,2
32652,97,98,-1,1
32653,43,59,-16,16
32654,150,129,21,21
32655,78,76,2,2
32656,122,109,13,13
32657,76,74,2,2
32658,50,50,0,0
32659,78,98,-20,20
32660,68,83,-15,15
32661,92,89,3,3
32662,65,77,-12,12
32663,112,106,6,6
32664,69,75,-6,6
32665,86,81,5,5
32666,73,69,4,4
32667,99,92,7,7
32668,99,82,17,17
32669,70,68,2,2
32670,88,83,5,5
32671,66,63,3,3
32672,123,113,10,10
32673,72,54,18,18
32674,120,132,-12,12
32675,51,63,-12,12
32676,68,68,0,0
32677,103,103,0,0
32678,76,72,4,4
32679,77,83,-6,6
32680,143,159,-16,16
32681,128,129,-1,1
32682,87,84,3,3
32683,47,39,8,8
32684,119,121,-2,2
32685,119,104,15,15
32686,52,69,-17,17
32687,123,98,25,25
32688,78,78,0,0
32689,135,141,-6,6
32690,65,66,-1,1
32691,50,58,-8,8
32692,59,84,-25,25
32693,95,80,15,15
32694,74,88,-14,14
32695,127,107,20,20
32696,135,131,4,4
32697,80,78,2,2
32698,81,89,-8,8
32699,102,108,-6,6
32700,131,137,-6,6
32701,96,88,8,8
32702,100,102,-2,2
32703,104,93,11,11
32704,112,115,-3,3
32705,103,98,5,5
32706,96,86,10,10
32707,86,74,12,12
32708,130,135,-5,5
32709,47,50,-3,3
32710,118,114,4,4
32711,81,80,1,1
32712,117,105,12,12
32713,77,85,-8,8
32714,129,123,6,6
32715,111,92,19,19
32716,131,128,3,3
32717,67,69,-2,2
32718,66,71,-5,5
32719,111,117,-6,6
32720,71,79,-8,8
32721,58,52,6,6
32722,61,83,-22,22
32723,65,71,-6,6
32724,91,103,-12,12
32725,126,125,1,1
32726,79,62,17,17
32727,98,93,5,5
32728,83,109,-26,26
32729,46,47,-1,1
32730,71,78,-7,7
32731,56,68,-12,12
32732,74,74,0,0
32733,86,86,0,0
32734,125,120,5,5
32735,71,70,1,1
32736,62,70,-8,8
32737,96,63,33,33
32738,145,126,19,19
32739,73,72,1,1
32740,67,83,-16,16
32741,87,82,5,5
32742,79,67,12,12
32743,93,103,-10,10
32744,72,75,-3,3
32745,68,68,0,0
32746,72,69,3,3
32747,132,117,15,15
32748,75,75,0,0
32749,86,95,-9,9
32750,101,93,8,8
32751,193,205,-12,12
32752,124,121,3,3
32753,96,86,10,10
32754,102,107,-5,5
32755,48,51,-3,3
32756,95,92,3,3
32757,172,171,1,1
32758,174,192,-18,18
32759,171,155,16,16
32760,64,62,2,2
32761,90,88,2,2
32762,77,80,-3,3
32763,79,79,0,0
32764,82,82,0,0
32765,128,132,-4,4
32766,96,101,-5,5
32767,88,85,3,3
32768,78,75,3,3
32769,115,115,0,0
32770,75,84,-9,9
32771,132,127,5,5
32772,161,144,17,17
32773,117,106,11,11
32774,61,57,4,4
32775,84,80,4,4
32776,102,104,-2,2
32777,108,108,0,0
32778,108,119,-11,11
32779,156,158,-2,2
32780,107,100,7,7
32781,74,77,-3,3
32782,185,201,-16,16
32783,61,74,-13,13
32784,106,103,3,3
32785,73,83,-10,10
32786,83,73,10,10
32787,53,61,-8,8
32788,216,206,10,10
32789,90,89,1,1
32790,94,108,-14,14
32791,113,117,-4,4
32792,48,61,-13,13
32793,125,128,-3,3
32794,58,55,3,3
32795,112,113,-1,1
32796,91,87,4,4
32797,90,98,-8,8
32798,104,98,6,6
32799,59,61,-2,2
32800,74,78,-4,4
32801,99,108,-9,9
32802,76,85,-9,9
32803,101,100,1,1
32804,143,129,14,14
32805,66,63,3,3
32806,108,135,-27,27
32807,126,124,2,2
32808,102,96,6,6
32809,106,115,-9,9
32810,84,84,0,0
32811,133,123,10,10
32812,68,74,-6,6
32813,133,140,-7,7
32814,91,91,0,0
32815,148,143,5,5
32816,131,147,-16,16
32817,105,102,3,3
32818,111,124,-13,13
32819,50,48,2,2
32820,118,107,11,11
32821,56,69,-13,13
32822,76,74,2,2
32823,141,131,10,10
32824,162,149,13,13
32825,144,153,-9,9
32826,131,140,-9,9
32827,57,47,10,10
32828,105,121,-16,16
32829,74,69,5,5
32830,118,128,-10,10
32831,157,154,3,3
32832,105,110,-5,5
32833,90,97,-7,7
32834,96,101,-5,5
32835,161,172,-11,11
32836,83,92,-9,9
32837,145,141,4,4
32838,55,59,-4,4
32839,113,124,-11,11
32840,72,75,-3,3
32841,199,199,0,0
32842,57,64,-7,7
32843,86,90,-4,4
32844,124,104,20,20
32845,59,77,-18,18
32846,65,58,7,7
32847,82,71,11,11
32848,127,117,10,10
32849,82,95,-13,13
32850,101,94,7,7
32851,105,115,-10,10
32852,94,97,-3,3
32853,125,124,1,1
32854,96,95,1,1
32855,48,49,-1,1
32856,68,70,-2,2
32857,98,102,-4,4
32858,152,138,14,14
32859,139,119,20,20
32860,80,91,-11,11
32861,113,105,8,8
32862,102,105,-3,3
32863,94,91,3,3
32864,56,77,-21,21
32865,112,106,6,6
32866,71,72,-1,1
32867,163,171,-8,8
32868,95,103,-8,8
32869,165,163,2,2
32870,100,107,-7,7
32871,104,97,7,7
32872,68,81,-13,13
32873,152,134,18,18
32874,62,71,-9,9
32875,56,53,3,3
32876,87,85,2,2
32877,48,57,-9,9
32878,85,85,0,0
32879,82,96,-14,14
32880,70,95,-25,25
32881,80,79,1,1
32882,100,108,-8,8
32883,158,147,11,11
32884,143,144,-1,1
32885,76,74,2,2
32886,64,67,-3,3
32887,121,122,-1,1
32888,72,77,-5,5
32889,53,58,-5,5
32890,202,186,16,16
32891,54,56,-2,2
32892,58,66,-8,8
32893,125,134,-9,9
32894,74,65,9,9
32895,58,96,-38,38
32896,144,135,9,9
32897,124,126,-2,2
32898,84,87,-3,3
32899,27,55,-28,28
32900,84,82,2,2
32901,176,156,20,20
32902,44,47,-3,3
32903,66,78,-12,12
32904,73,89,-16,16
32905,71,85,-14,14
32906,42,74,-32,32
32907,61,78,-17,17
32908,71,75,-4,4
32909,90,101,-11,11
32910,74,77,-3,3
32911,109,99,10,10
32912,124,115,9,9
32913,94,94,0,0
32914,158,160,-2,2
32915,97,86,11,11
32916,73,68,5,5
32917,90,105,-15,15
32918,64,57,7,7
32919,144,144,0,0
32920,104,108,-4,4
32921,186,167,19,19
32922,102,102,0,0
32923,85,82,3,3
32924,96,107,-11,11
32925,122,127,-5,5
32926,97,92,5,5
32927,96,97,-1,1
32928,50,43,7,7
32929,110,130,-20,20
32930,89,85,4,4
32931,98,96,2,2
32932,123,130,-7,7
32933,53,57,-4,4
32934,114,112,2,2
32935,152,159,-7,7
32936,146,145,1,1
32937,134,128,6,6
32938,105,110,-5,5
32939,38,77,-39,39
32940,99,93,6,6
32941,107,108,-1,1
32942,92,83,9,9
32943,120,124,-4,4
32944,129,132,-3,3
32945,95,88,7,7
32946,90,90,0,0
32947,103,97,6,6
32948,114,106,8,8
32949,59,65,-6,6
32950,36,34,2,2
32951,99,100,-1,1
32952,76,69,7,7
32953,149,143,6,6
32954,106,95,11,11
32955,61,69,-8,8
32956,47,65,-18,18
32957,158,168,-10,10
32958,54,51,3,3
32959,50,66,-16,16
32960,98,95,3,3
32961,94,89,5,5
32962,67,64,3,3
32963,49,49,0,0
32964,146,138,8,8
32965,135,126,9,9
32966,87,84,3,3
32967,98,106,-8,8
32968,59,59,0,0
32969,86,86,0,0
32970,62,61,1,1
32971,113,105,8,8
32972,93,90,3,3
32973,75,82,-7,7
32974,83,83,0,0
32975,138,134,4,4
32976,67,69,-2,2
32977,84,78,6,6
32978,117,120,-3,3
32979,64,64,0,0
32980,80,72,8,8
32981,85,90,-5,5
32982,67,72,-5,5
32983,96,105,-9,9
32984,72,76,-4,4
32985,63,77,-14,14
32986,151,139,12,12
32987,49,47,2,2
32988,103,76,27,27
32989,32,60,-28,28
32990,70,66,4,4
32991,135,138,-3,3
32992,55,66,-11,11
32993,99,103,-4,4
32994,114,112,2,2
32995,82,81,1,1
32996,119,123,-4,4
32997,104,108,-4,4
32998,123,116,7,7
32999,113,121,-8,8
33000,153,155,-2,2
33001,89,87,2,2
33002,48,66,-18,18
33003,113,107,6,6
33004,83,85,-2,2
33005,129,119,10,10
33006,67,90,-23,23
33007,96,98,-2,2
33008,92,84,8,8
33009,103,90,13,13
33010,121,108,13,13
33011,48,52,-4,4
33012,98,96,2,2
33013,112,107,5,5
33014,107,110,-3,3
33015,92,80,12,12
33016,72,82,-10,10
33017,86,81,5,5
33018,86,83,3,3
33019,120,122,-2,2
33020,65,63,2,2
33021,86,83,3,3
33022,138,131,7,7
33023,74,83,-9,9
33024,60,60,0,0
33025,125,114,11,11
33026,61,72,-11,11
33027,99,92,7,7
33028,150,141,9,9
33029,69,65,4,4
33030,41,36,5,5
33031,108,96,12,12
33032,163,163,0,0
33033,121,122,-1,1
33034,72,74,-2,2
33035,109,101,8,8
33036,133,132,1,1
33037,74,73,1,1
33038,119,117,2,2
33039,77,79,-2,2
33040,97,109,-12,12
33041,76,83,-7,7
33042,102,101,1,1
33043,88,83,5,5
33044,139,137,2,2
33045,93,94,-1,1
33046,171,162,9,9
33047,115,137,-22,22
33048,73,73,0,0
33049,102,101,1,1
33050,97,90,7,7
33051,107,106,1,1
33052,180,183,-3,3
33053,78,76,2,2
33054,279,271,8,8
33055,86,85,1,1
33056,80,79,1,1
33057,131,132,-1,1
33058,49,53,-4,4
33059,100,100,0,0
33060,53,66,-13,13
33061,116,110,6,6
33062,61,63,-2,2
33063,73,76,-3,3
33064,70,66,4,4
33065,56,65,-9,9
33066,69,70,-1,1
33067,76,73,3,3
33068,57,67,-10,10
33069,36,48,-12,12
33070,75,83,-8,8
33071,62,64,-2,2
33072,78,78,0,0
33073,112,119,-7,7
33074,85,84,1,1
33075,164,142,22,22
33076,52,60,-8,8
33077,102,97,5,5
33078,34,52,-18,18
33079,52,58,-6,6
33080,63,76,-13,13
33081,60,60,0,0
33082,145,133,12,12
33083,74,75,-1,1
33084,106,115,-9,9
33085,53,56,-3,3
33086,114,125,-11,11
33087,135,133,2,2
33088,119,114,5,5
33089,84,99,-15,15
33090,62,66,-4,4
33091,150,140,10,10
33092,178,179,-1,1
33093,125,129,-4,4
33094,125,126,-1,1
33095,56,57,-1,1
33096,83,80,3,3
33097,79,101,-22,22
33098,66,68,-2,2
33099,62,53,9,9
33100,77,77,0,0
33101,113,105,8,8
33102,119,112,7,7
33103,100,91,9,9
33104,121,129,-8,8
33105,102,100,2,2
33106,106,119,-13,13
33107,67,71,-4,4
33108,104,103,1,1
33109,133,126,7,7
33110,138,127,11,11
33111,62,69,-7,7
33112,110,121,-11,11
33113,140,124,16,16
33114,80,75,5,5
33115,103,104,-1,1
33116,114,109,5,5
33117,55,72,-17,17
33118,91,92,-1,1
33119,38,44,-6,6
33120,89,80,9,9
33121,129,118,11,11
33122,30,67,-37,37
33123,103,98,5,5
33124,100,106,-6,6
33125,87,92,-5,5
33126,99,96,3,3
33127,87,77,10,10
33128,91,92,-1,1
33129,105,95,10,10
33130,104,98,6,6
33131,46,62,-16,16
33132,86,82,4,4
33133,59,74,-15,15
33134,135,136,-1,1
33135,47,52,-5,5
33136,108,108,0,0
33137,108,98,10,10
33138,120,122,-2,2
33139,50,74,-24,24
33140,102,116,-14,14
33141,129,131,-2,2
33142,82,127,-45,45
33143,141,131,10,10
33144,87,91,-4,4
33145,108,111,-3,3
33146,113,128,-15,15
33147,166,162,4,4
33148,82,80,2,2
33149,34,67,-33,33
33150,57,66,-9,9
33151,128,135,-7,7
33152,86,90,-4,4
33153,70,70,0,0
33154,106,112,-6,6
33155,111,113,-2,2
33156,89,95,-6,6
33157,28,31,-3,3
33158,102,100,2,2
33159,159,141,18,18
33160,170,158,12,12
33161,98,100,-2,2
33162,77,74,3,3
33163,118,117,1,1
33164,96,97,-1,1
33165,51,70,-19,19
33166,63,62,1,1
33167,70,62,8,8
33168,99,120,-21,21
33169,58,53,5,5
33170,60,63,-3,3
33171,78,82,-4,4
33172,45,57,-12,12
33173,89,108,-19,19
33174,69,69,0,0
33175,84,92,-8,8
33176,73,66,7,7
33177,178,165,13,13
33178,63,74,-11,11
33179,108,109,-1,1
33180,105,115,-10,10
33181,43,51,-8,8
33182,82,74,8,8
33183,76,81,-5,5
33184,143,128,15,15
33185,91,88,3,3
33186,63,70,-7,7
33187,136,137,-1,1
33188,83,76,7,7
33189,128,118,10,10
33190,63,71,-8,8
33191,72,69,3,3
33192,96,90,6,6
33193,66,69,-3,3
33194,89,98,-9,9
33195,74,67,7,7
33196,69,71,-2,2
33197,86,94,-8,8
33198,105,105,0,0
33199,92,95,-3,3
33200,49,63,-14,14
33201,151,138,13,13
33202,87,89,-2,2
33203,86,100,-14,14
33204,55,59,-4,4
33205,113,125,-12,12
33206,96,93,3,3
33207,84,81,3,3
33208,102,101,1,1
33209,85,95,-10,10
33210,141,144,-3,3
33211,90,77,13,13
33212,57,59,-2,2
33213,80,88,-8,8
33214,111,102,9,9
33215,82,124,-42,42
33216,85,83,2,2
33217,85,82,3,3
33218,67,68,-1,1
33219,86,89,-3,3
33220,102,97,5,5
33221,71,69,2,2
33222,130,153,-23,23
33223,76,81,-5,5
33224,70,71,-1,1
33225,86,96,-10,10
33226,55,45,10,10
33227,97,89,8,8
33228,98,118,-20,20
33229,70,66,4,4
33230,102,91,11,11
33231,79,72,7,7
33232,104,102,2,2
33233,70,60,10,10
33234,94,92,2,2
33235,103,102,1,1
33236,102,124,-22,22
33237,102,92,10,10
33238,67,64,3,3
33239,165,163,2,2
33240,73,95,-22,22
33241,149,138,11,11
33242,92,94,-2,2
33243,57,67,-10,10
33244,76,65,11,11
33245,129,112,17,17
33246,66,68,-2,2
33247,132,121,11,11
33248,108,97,11,11
33249,162,151,11,11
33250,104,104,0,0
33251,98,111,-13,13
33252,81,78,3,3
33253,106,109,-3,3
33254,134,136,-2,2
33255,118,127,-9,9
33256,156,135,21,21
33257,73,61,12,12
33258,106,103,3,3
33259,64,60,4,4
33260,66,62,4,4
33261,126,108,18,18
33262,103,99,4,4
33263,57,56,1,1
33264,158,161,-3,3
33265,103,99,4,4
33266,103,101,2,2
33267,172,173,-1,1
33268,137,134,3,3
33269,95,90,5,5
33270,127,119,8,8
33271,87,83,4,4
33272,136,123,13,13
33273,51,49,2,2
33274,95,94,1,1
33275,100,107,-7,7
33276,140,134,6,6
33277,102,110,-8,8
33278,69,70,-1,1
33279,148,143,5,5
33280,121,137,-16,16
33281,133,124,9,9
33282,106,117,-11,11
33283,95,96,-1,1
33284,71,86,-15,15
33285,148,138,10,10
33286,188,186,2,2
33287,111,109,2,2
33288,88,89,-1,1
33289,71,90,-19,19
33290,83,91,-8,8
33291,44,44,0,0
33292,69,64,5,5
33293,44,56,-12,12
33294,111,108,3,3
33295,105,111,-6,6
33296,76,76,0,0
33297,95,98,-3,3
33298,181,172,9,9
33299,128,114,14,14
33300,81,84,-3,3
33301,175,152,23,23
33302,57,53,4,4
33303,70,66,4,4
33304,77,72,5,5
33305,61,63,-2,2
33306,108,113,-5,5
33307,69,74,-5,5
33308,61,57,4,4
33309,116,113,3,3
33310,50,57,-7,7
33311,95,88,7,7
33312,62,68,-6,6
33313,161,144,17,17
33314,101,106,-5,5
33315,84,72,12,12
33316,87,97,-10,10
33317,71,64,7,7
33318,56,63,-7,7
33319,77,72,5,5
33320,100,141,-41,41
33321,74,78,-4,4
33322,59,62,-3,3
33323,117,111,6,6
33324,102,97,5,5
33325,97,113,-16,16
33326,77,62,15,15
33327,128,147,-19,19
33328,89,76,13,13
33329,67,66,1,1
33330,69,73,-4,4
33331,104,106,-2,2
33332,55,65,-10,10
33333,62,66,-4,4
33334,101,98,3,3
33335,78,80,-2,2
33336,86,79,7,7
33337,81,64,17,17
33338,104,92,12,12
33339,57,56,1,1
33340,101,101,0,0
33341,84,77,7,7
33342,73,87,-14,14
33343,106,110,-4,4
33344,102,100,2,2
33345,71,67,4,4
33346,144,144,0,0
33347,131,121,10,10
33348,82,65,17,17
33349,83,69,14,14
33350,169,162,7,7
33351,70,66,4,4
33352,158,153,5,5
33353,162,136,26,26
33354,104,100,4,4
33355,52,62,-10,10
33356,59,61,-2,2
33357,70,75,-5,5
33358,112,118,-6,6
33359,106,93,13,13
33360,130,119,11,11
33361,111,102,9,9
33362,117,104,13,13
33363,118,128,-10,10
33364,74,83,-9,9
33365,52,61,-9,9
33366,97,118,-21,21
33367,72,68,4,4
33368,84,73,11,11
33369,50,70,-20,20
33370,101,97,4,4
33371,52,63,-11,11
33372,85,97,-12,12
33373,90,94,-4,4
33374,66,71,-5,5
33375,132,119,13,13
33376,91,98,-7,7
33377,46,44,2,2
33378,36,44,-8,8
33379,94,104,-10,10
33380,65,67,-2,2
33381,85,84,1,1
33382,78,77,1,1
33383,140,147,-7,7
33384,79,85,-6,6
33385,108,112,-4,4
33386,84,80,4,4
33387,89,92,-3,3
33388,119,114,5,5
33389,52,52,0,0
33390,130,125,5,5
33391,57,60,-3,3
33392,128,121,7,7
33393,106,101,5,5
33394,65,61,4,4
33395,75,88,-13,13
33396,153,160,-7,7
33397,42,53,-11,11
33398,70,66,4,4
33399,157,150,7,7
33400,153,152,1,1
33401,93,83,10,10
33402,85,86,-1,1
33403,70,85,-15,15
33404,84,94,-10,10
33405,61,61,0,0
33406,80,89,-9,9
33407,60,57,3,3
33408,60,64,-4,4
33409,122,123,-1,1
33410,87,92,-5,5
33411,207,192,15,15
33412,102,105,-3,3
33413,52,62,-10,10
33414,75,86,-11,11
33415,62,64,-2,2
33416,82,88,-6,6
33417,144,124,20,20
33418,130,138,-8,8
33419,90,74,16,16
33420,71,78,-7,7
33421,77,70,7,7
33422,72,73,-1,1
33423,46,52,-6,6
33424,55,65,-10,10
33425,64,122,-58,58
33426,73,67,6,6
33427,76,86,-10,10
33428,100,98,2,2
33429,108,98,10,10
33430,130,129,1,1
33431,136,124,12,12
33432,89,87,2,2
33433,79,79,0,0
33434,110,107,3,3
33435,125,132,-7,7
33436,79,90,-11,11
33437,32,38,-6,6
33438,97,124,-27,27
33439,135,136,-1,1
33440,93,102,-9,9
33441,111,110,1,1
33442,87,95,-8,8
33443,131,123,8,8
33444,72,69,3,3
33445,72,79,-7,7
33446,192,167,25,25
33447,129,123,6,6
33448,102,107,-5,5
33449,86,87,-1,1
33450,134,130,4,4
33451,157,153,4,4
33452,75,80,-5,5
33453,93,101,-8,8
33454,96,96,0,0
33455,105,106,-1,1
33456,110,111,-1,1
33457,137,121,16,16
33458,194,190,4,4
33459,82,77,5,5
33460,102,113,-11,11
33461,92,101,-9,9
33462,119,102,17,17
33463,113,116,-3,3
33464,85,86,-1,1
33465,66,66,0,0
33466,145,135,10,10
33467,112,114,-2,2
33468,133,135,-2,2
33469,113,108,5,5
33470,175,157,18,18
33471,113,112,1,1
33472,59,61,-2,2
33473,97,99,-2,2
33474,74,73,1,1
33475,53,57,-4,4
33476,108,113,-5,5
33477,133,129,4,4
33478,46,50,-4,4
33479,135,137,-2,2
33480,111,113,-2,2
33481,117,102,15,15
33482,69,68,1,1
33483,175,160,15,15
33484,83,79,4,4
33485,80,91,-11,11
33486,95,111,-16,16
33487,80,87,-7,7
33488,71,75,-4,4
33489,61,57,4,4
33490,83,80,3,3
33491,168,154,14,14
33492,78,79,-1,1
33493,79,88,-9,9
33494,112,119,-7,7
33495,73,66,7,7
33496,71,82,-11,11
33497,86,91,-5,5
33498,105,119,-14,14
33499,103,111,-8,8
33500,81,86,-5,5
33501,70,73,-3,3
33502,107,92,15,15
33503,150,141,9,9
33504,70,63,7,7
33505,80,89,-9,9
33506,48,52,-4,4
33507,100,109,-9,9
33508,52,64,-12,12
33509,97,101,-4,4
33510,172,171,1,1
33511,28,49,-21,21
33512,42,71,-29,29
33513,120,119,1,1
33514,60,63,-3,3
33515,118,136,-18,18
33516,175,165,10,10
33517,69,69,0,0
33518,50,46,4,4
33519,90,95,-5,5
33520,109,102,7,7
33521,63,65,-2,2
33522,63,70,-7,7
33523,54,56,-2,2
33524,115,117,-2,2
33525,61,64,-3,3
33526,91,95,-4,4
33527,76,90,-14,14
33528,72,84,-12,12
33529,64,70,-6,6
33530,47,46,1,1
33531,67,57,10,10
33532,111,97,14,14
33533,102,130,-28,28
33534,68,72,-4,4
33535,101,88,13,13
33536,154,124,30,30
33537,71,75,-4,4
33538,77,74,3,3
33539,74,72,2,2
33540,95,99,-4,4
33541,98,91,7,7
33542,87,86,1,1
33543,134,127,7,7
33544,118,119,-1,1
33545,146,142,4,4
33546,82,94,-12,12
33547,85,82,3,3
33548,68,91,-23,23
33549,62,70,-8,8
33550,79,73,6,6
33551,33,39,-6,6
33552,130,114,16,16
33553,88,82,6,6
33554,132,126,6,6
33555,69,78,-9,9
33556,98,86,12,12
33557,113,107,6,6
33558,84,84,0,0
33559,78,72,6,6
33560,121,120,1,1
33561,69,68,1,1
33562,70,89,-19,19
33563,89,97,-8,8
33564,97,97,0,0
33565,89,95,-6,6
33566,128,120,8,8
33567,149,146,3,3
33568,115,111,4,4
33569,68,80,-12,12
33570,44,33,11,11
33571,36,51,-15,15
33572,64,77,-13,13
33573,75,85,-10,10
33574,85,88,-3,3
33575,90,87,3,3
33576,98,111,-13,13
33577,110,105,5,5
33578,91,93,-2,2
33579,179,162,17,17
33580,97,88,9,9
33581,65,67,-2,2
33582,111,129,-18,18
33583,191,189,2,2
33584,181,154,27,27
33585,58,63,-5,5
33586,90,90,0,0
33587,101,91,10,10
33588,164,139,25,25
33589,117,104,13,13
33590,84,84,0,0
33591,112,111,1,1
33592,117,103,14,14
33593,80,82,-2,2
33594,150,135,15,15
33595,94,98,-4,4
33596,115,120,-5,5
33597,157,143,14,14
33598,69,71,-2,2
33599,61,64,-3,3
33600,97,94,3,3
33601,74,75,-1,1
33602,90,91,-1,1
33603,59,53,6,6
33604,121,103,18,18
33605,102,89,13,13
33606,107,114,-7,7
33607,102,109,-7,7
33608,256,286,-30,30
33609,75,76,-1,1
33610,80,81,-1,1
33611,67,68,-1,1
33612,122,110,12,12
33613,65,59,6,6
33614,74,86,-12,12
33615,86,86,0,0
33616,206,196,10,10
33617,139,141,-2,2
33618,76,78,-2,2
33619,186,167,19,19
33620,111,107,4,4
33621,80,83,-3,3
33622,148,140,8,8
33623,76,76,0,0
33624,123,151,-28,28
33625,79,96,-17,17
33626,118,102,16,16
33627,51,52,-1,1
33628,88,108,-20,20
33629,157,157,0,0
33630,84,96,-12,12
33631,129,123,6,6
33632,131,116,15,15
33633,74,85,-11,11
33634,93,97,-4,4
33635,88,96,-8,8
33636,74,88,-14,14
33637,102,101,1,1
33638,143,131,12,12
33639,67,73,-6,6
33640,197,222,-25,25
33641,98,88,10,10
33642,117,114,3,3
33643,120,128,-8,8
33644,118,125,-7,7
33645,63,60,3,3
33646,139,130,9,9
33647,144,145,-1,1
33648,96,100,-4,4
33649,110,91,19,19
33650,121,127,-6,6
33651,68,79,-11,11
33652,84,109,-25,25
33653,118,116,2,2
33654,96,95,1,1
33655,78,81,-3,3
33656,27,27,0,0
33657,157,143,14,14
33658,137,119,18,18
33659,107,103,4,4
33660,95,99,-4,4
33661,45,55,-10,10
33662,69,114,-45,45
33663,196,169,27,27
33664,108,99,9,9
33665,88,82,6,6
33666,199,187,12,12
33667,111,127,-16,16
33668,179,166,13,13
33669,157,149,8,8
33670,82,80,2,2
33671,77,75,2,2
33672,56,57,-1,1
33673,63,62,1,1
33674,196,187,9,9
33675,89,100,-11,11
33676,126,126,0,0
33677,39,32,7,7
33678,80,88,-8,8
33679,97,89,8,8
33680,85,72,13,13
33681,58,58,0,0
33682,132,131,1,1
33683,54,69,-15,15
33684,99,96,3,3
33685,91,93,-2,2
33686,75,67,8,8
33687,57,65,-8,8
33688,66,78,-12,12
33689,105,123,-18,18
33690,51,44,7,7
33691,134,126,8,8
33692,27,33,-6,6
33693,71,62,9,9
33694,65,68,-3,3
33695,112,96,16,16
33696,100,105,-5,5
33697,56,52,4,4
33698,74,94,-20,20
33699,137,134,3,3
33700,96,107,-11,11
33701,113,117,-4,4
33702,56,57,-1,1
33703,91,90,1,1
33704,179,166,13,13
33705,54,53,1,1
33706,90,98,-8,8
33707,92,97,-5,5
33708,87,71,16,16
33709,122,116,6,6
33710,150,133,17,17
33711,90,84,6,6
33712,98,98,0,0
33713,59,71,-12,12
33714,122,126,-4,4
33715,150,154,-4,4
33716,74,76,-2,2
33717,65,66,-1,1
33718,53,62,-9,9
33719,93,100,-7,7
33720,108,111,-3,3
33721,70,85,-15,15
33722,135,130,5,5
33723,87,90,-3,3
33724,65,68,-3,3
33725,55,52,3,3
33726,40,59,-19,19
33727,88,91,-3,3
33728,168,162,6,6
33729,37,45,-8,8
33730,80,75,5,5
33731,92,74,18,18
33732,157,135,22,22
33733,121,120,1,1
33734,119,118,1,1
33735,131,104,27,27
33736,112,108,4,4
33737,71,78,-7,7
33738,73,74,-1,1
33739,99,104,-5,5
33740,81,69,12,12
33741,70,67,3,3
33742,91,87,4,4
33743,63,60,3,3
33744,65,73,-8,8
33745,92,109,-17,17
33746,83,85,-2,2
33747,62,74,-12,12
33748,137,139,-2,2
33749,194,173,21,21
33750,104,97,7,7
33751,136,139,-3,3
33752,149,145,4,4
33753,109,113,-4,4
33754,70,64,6,6
33755,121,118,3,3
33756,73,81,-8,8
33757,97,85,12,12
33758,105,95,10,10
33759,131,123,8,8
33760,118,112,6,6
33761,97,95,2,2
33762,49,55,-6,6
33763,110,114,-4,4
33764,87,91,-4,4
33765,107,106,1,1
33766,72,73,-1,1
33767,173,168,5,5
33768,117,123,-6,6
33769,91,99,-8,8
33770,93,75,18,18
33771,34,48,-14,14
33772,75,69,6,6
33773,110,114,-4,4
33774,76,74,2,2
33775,122,161,-39,39
33776,94,100,-6,6
33777,60,65,-5,5
33778,96,102,-6,6
33779,92,104,-12,12
33780,155,134,21,21
33781,116,104,12,12
33782,113,112,1,1
33783,70,53,17,17
33784,127,134,-7,7
33785,104,113,-9,9
33786,103,104,-1,1
33787,66,64,2,2
33788,58,68,-10,10
33789,47,58,-11,11
33790,124,127,-3,3
33791,47,58,-11,11
33792,134,118,16,16
33793,126,111,15,15
33794,133,137,-4,4
33795,101,100,1,1
33796,48,66,-18,18
33797,69,85,-16,16
33798,62,63,-1,1
33799,112,104,8,8
33800,124,129,-5,5
33801,68,72,-4,4
33802,70,67,3,3
33803,98,97,1,1
33804,61,78,-17,17
33805,98,105,-7,7
33806,128,122,6,6
33807,112,106,6,6
33808,62,64,-2,2
33809,106,92,14,14
33810,90,86,4,4
33811,57,53,4,4
33812,127,133,-6,6
33813,83,80,3,3
33814,123,121,2,2
33815,99,81,18,18
33816,114,119,-5,5
33817,124,131,-7,7
33818,63,69,-6,6
33819,169,163,6,6
33820,86,101,-15,15
33821,97,99,-2,2
33822,95,93,2,2
33823,97,103,-6,6
33824,120,104,16,16
33825,100,98,2,2
33826,127,124,3,3
33827,65,70,-5,5
33828,74,70,4,4
33829,146,143,3,3
33830,93,98,-5,5
33831,76,74,2,2
33832,127,129,-2,2
33833,61,59,2,2
33834,81,84,-3,3
33835,132,113,19,19
33836,69,59,10,10
33837,56,70,-14,14
33838,103,102,1,1
33839,110,110,0,0
33840,102,105,-3,3
33841,74,68,6,6
33842,111,109,2,2
33843,74,74,0,0
33844,58,60,-2,2
33845,96,98,-2,2
33846,67,72,-5,5
33847,57,62,-5,5
33848,104,103,1,1
33849,60,76,-16,16
33850,50,52,-2,2
33851,120,114,6,6
33852,73,74,-1,1
33853,45,57,-12,12
33854,95,101,-6,6
33855,125,129,-4,4
33856,106,87,19,19
33857,80,69,11,11
33858,138,143,-5,5
33859,105,114,-9,9
33860,100,97,3,3
33861,89,89,0,0
33862,161,134,27,27
33863,115,117,-2,2
33864,109,102,7,7
33865,120,112,8,8
33866,64,67,-3,3
33867,85,82,3,3
33868,139,130,9,9
33869,56,74,-18,18
33870,100,104,-4,4
33871,61,62,-1,1
33872,87,92,-5,5
33873,78,65,13,13
33874,135,127,8,8
33875,149,150,-1,1
33876,123,127,-4,4
33877,114,96,18,18
33878,106,116,-10,10
33879,121,106,15,15
33880,103,109,-6,6
33881,133,140,-7,7
33882,83,84,-1,1
33883,90,82,8,8
33884,43,60,-17,17
33885,195,185,10,10
33886,82,74,8,8
33887,121,117,4,4
33888,77,78,-1,1
33889,80,81,-1,1
33890,56,61,-5,5
33891,70,68,2,2
33892,57,58,-1,1
33893,98,106,-8,8
33894,85,88,-3,3
33895,102,104,-2,2
33896,114,104,10,10
33897,153,144,9,9
33898,61,66,-5,5
33899,99,99,0,0
33900,77,79,-2,2
33901,89,78,11,11
33902,79,82,-3,3
33903,108,118,-10,10
33904,102,92,10,10
33905,54,60,-6,6
33906,101,86,15,15
33907,131,123,8,8
33908,56,58,-2,2
33909,110,109,1,1
33910,78,73,5,5
33911,153,143,10,10
33912,73,80,-7,7
33913,105,95,10,10
33914,57,71,-14,14
33915,95,103,-8,8
33916,56,66,-10,10
33917,107,114,-7,7
33918,62,75,-13,13
33919,157,146,11,11
33920,94,91,3,3
33921,84,71,13,13
33922,131,133,-2,2
33923,75,73,2,2
33924,122,120,2,2
33925,114,125,-11,11
33926,61,55,6,6
33927,137,158,-21,21
33928,72,71,1,1
33929,115,97,18,18
33930,49,83,-34,34
33931,98,86,12,12
33932,114,121,-7,7
33933,79,74,5,5
33934,75,70,5,5
33935,111,88,23,23
33936,84,86,-2,2
33937,61,64,-3,3
33938,70,73,-3,3
33939,103,104,-1,1
33940,119,111,8,8
33941,62,61,1,1
33942,94,93,1,1
33943,161,153,8,8
33944,253,219,34,34
33945,112,116,-4,4
33946,63,78,-15,15
33947,90,85,5,5
33948,124,123,1,1
33949,85,78,7,7
33950,167,171,-4,4
33951,115,91,24,24
33952,113,105,8,8
33953,95,96,-1,1
33954,93,98,-5,5
33955,138,122,16,16
33956,74,84,-10,10
33957,52,53,-1,1
33958,104,109,-5,5
33959,143,135,8,8
33960,74,81,-7,7
33961,69,69,0,0
33962,133,132,1,1
33963,82,89,-7,7
33964,98,89,9,9
33965,77,75,2,2
33966,142,144,-2,2
33967,84,81,3,3
33968,95,105,-10,10
33969,83,84,-1,1
33970,114,110,4,4
33971,53,80,-27,27
33972,91,90,1,1
33973,122,129,-7,7
33974,89,118,-29,29
33975,81,85,-4,4
33976,110,119,-9,9
33977,96,87,9,9
33978,119,114,5,5
33979,80,95,-15,15
33980,108,97,11,11
33981,71,69,2,2
33982,80,88,-8,8
33983,157,152,5,5
33984,85,82,3,3
33985,47,62,-15,15
33986,68,68,0,0
33987,86,72,14,14
33988,71,77,-6,6
33989,64,65,-1,1
33990,65,66,-1,1
33991,155,155,0,0
33992,108,116,-8,8
33993,188,171,17,17
33994,109,133,-24,24
33995,64,69,-5,5
33996,120,145,-25,25
33997,72,90,-18,18
33998,55,52,3,3
33999,69,69,0,0
34000,186,174,12,12
34001,96,105,-9,9
34002,77,85,-8,8
34003,83,88,-5,5
34004,79,76,3,3
34005,55,68,-13,13
34006,155,142,13,13
34007,91,81,10,10
34008,48,60,-12,12
34009,122,128,-6,6
34010,75,92,-17,17
34011,109,112,-3,3
34012,110,102,8,8
34013,79,75,4,4
34014,69,67,2,2
34015,78,88,-10,10
34016,129,138,-9,9
34017,131,127,4,4
34018,45,57,-12,12
34019,96,88,8,8
34020,105,117,-12,12
34021,128,125,3,3
34022,139,132,7,7
34023,116,110,6,6
34024,81,78,3,3
34025,77,75,2,2
34026,100,102,-2,2
34027,68,75,-7,7
34028,70,74,-4,4
34029,222,283,-61,61
34030,22,26,-4,4
34031,121,107,14,14
34032,67,75,-8,8
34033,87,81,6,6
34034,58,67,-9,9
34035,69,86,-17,17
34036,71,79,-8,8
34037,54,70,-16,16
34038,60,61,-1,1
34039,87,85,2,2
34040,101,93,8,8
34041,61,58,3,3
34042,141,133,8,8
34043,121,129,-8,8
34044,102,91,11,11
34045,78,79,-1,1
34046,96,105,-9,9
34047,56,57,-1,1
34048,101,88,13,13
34049,64,67,-3,3
34050,55,60,-5,5
34051,89,76,13,13
34052,84,70,14,14
34053,90,91,-1,1
34054,166,145,21,21
34055,85,107,-22,22
34056,94,101,-7,7
34057,130,139,-9,9
34058,146,160,-14,14
34059,77,99,-22,22
34060,97,89,8,8
34061,102,95,7,7
34062,150,155,-5,5
34063,104,102,2,2
34064,90,94,-4,4
34065,70,65,5,5
34066,45,53,-8,8
34067,76,71,5,5
34068,90,106,-16,16
34069,63,43,20,20
34070,123,124,-1,1
34071,91,86,5,5
34072,102,91,11,11
34073,120,97,23,23
34074,48,69,-21,21
34075,42,54,-12,12
34076,85,85,0,0
34077,67,62,5,5
34078,73,56,17,17
34079,67,69,-2,2
34080,87,86,1,1
34081,172,174,-2,2
34082,128,142,-14,14
34083,116,119,-3,3
34084,102,95,7,7
34085,134,133,1,1
34086,94,94,0,0
34087,55,58,-3,3
34088,175,175,0,0
34089,71,71,0,0
34090,53,59,-6,6
34091,92,101,-9,9
34092,111,104,7,7
34093,120,115,5,5
34094,107,116,-9,9
34095,48,52,-4,4
34096,85,76,9,9
34097,122,148,-26,26
34098,90,97,-7,7
34099,70,64,6,6
34100,63,66,-3,3
34101,110,101,9,9
34102,56,62,-6,6
34103,96,108,-12,12
34104,79,86,-7,7
34105,56,51,5,5
34106,115,107,8,8
34107,60,64,-4,4
34108,59,66,-7,7
34109,74,74,0,0
34110,110,120,-10,10
34111,99,121,-22,22
34112,106,100,6,6
34113,62,57,5,5
34114,93,86,7,7
34115,59,60,-1,1
34116,88,85,3,3
34117,75,77,-2,2
34118,78,75,3,3
34119,67,72,-5,5
34120,118,109,9,9
34121,66,75,-9,9
34122,69,74,-5,5
34123,110,101,9,9
34124,102,106,-4,4
34125,127,131,-4,4
34126,99,102,-3,3
34127,127,138,-11,11
34128,97,86,11,11
34129,52,47,5,5
34130,56,65,-9,9
34131,64,66,-2,2
34132,111,110,1,1
34133,114,116,-2,2
34134,162,140,22,22
34135,56,61,-5,5
34136,35,41,-6,6
34137,83,85,-2,2
34138,151,149,2,2
34139,77,71,6,6
34140,65,75,-10,10
34141,67,61,6,6
34142,81,77,4,4
34143,56,56,0,0
34144,67,74,-7,7
34145,59,61,-2,2
34146,142,126,16,16
34147,79,78,1,1
34148,104,102,2,2
34149,68,66,2,2
34150,67,76,-9,9
34151,56,69,-13,13
34152,66,63,3,3
34153,31,29,2,2
34154,121,113,8,8
34155,115,114,1,1
34156,68,74,-6,6
34157,103,111,-8,8
34158,71,82,-11,11
34159,115,119,-4,4
34160,122,114,8,8
34161,99,90,9,9
34162,112,110,2,2
34163,215,230,-15,15
34164,68,74,-6,6
34165,84,78,6,6
34166,82,71,11,11
34167,82,81,1,1
34168,95,88,7,7
34169,80,80,0,0
34170,121,113,8,8
34171,103,100,3,3
34172,74,70,4,4
34173,59,67,-8,8
34174,106,90,16,16
34175,62,62,0,0
34176,49,50,-1,1
34177,62,62,0,0
34178,151,148,3,3
34179,178,153,25,25
34180,96,92,4,4
34181,91,88,3,3
34182,74,73,1,1
34183,78,79,-1,1
34184,95,115,-20,20
34185,109,106,3,3
34186,59,58,1,1
34187,64,57,7,7
34188,122,98,24,24
34189,106,111,-5,5
34190,137,122,15,15
34191,79,76,3,3
34192,45,48,-3,3
34193,96,91,5,5
34194,53,59,-6,6
34195,121,113,8,8
34196,138,136,2,2
34197,107,106,1,1
34198,90,88,2,2
34199,83,90,-7,7
34200,65,66,-1,1
34201,68,72,-4,4
34202,50,60,-10,10
34203,44,68,-24,24
34204,78,85,-7,7
34205,74,76,-2,2
34206,67,74,-7,7
34207,116,107,9,9
34208,50,48,2,2
34209,100,93,7,7
34210,52,53,-1,1
34211,70,68,2,2
34212,92,92,0,0
34213,130,123,7,7
34214,139,140,-1,1
34215,96,89,7,7
34216,98,79,19,19
34217,49,65,-16,16
34218,90,67,23,23
34219,103,103,0,0
34220,39,48,-9,9
34221,172,163,9,9
34222,104,97,7,7
34223,63,67,-4,4
34224,78,76,2,2
34225,65,72,-7,7
34226,58,53,5,5
34227,140,135,5,5
34228,95,108,-13,13
34229,77,74,3,3
34230,122,110,12,12
34231,63,61,2,2
34232,26,39,-13,13
34233,78,74,4,4
34234,60,66,-6,6
34235,80,80,0,0
34236,96,100,-4,4
34237,62,63,-1,1
34238,77,79,-2,2
34239,101,94,7,7
34240,103,98,5,5
34241,87,96,-9,9
34242,132,131,1,1
34243,223,198,25,25
34244,117,106,11,11
34245,151,140,11,11
34246,87,94,-7,7
34247,103,100,3,3
34248,59,66,-7,7
34249,150,130,20,20
34250,100,91,9,9
34251,92,83,9,9
34252,65,76,-11,11
34253,72,90,-18,18
34254,48,52,-4,4
34255,114,99,15,15
34256,63,64,-1,1
34257,139,142,-3,3
34258,86,78,8,8
34259,96,84,12,12
34260,80,80,0,0
34261,126,122,4,4
34262,112,103,9,9
34263,99,116,-17,17
34264,83,77,6,6
34265,62,66,-4,4
34266,53,66,-13,13
34267,40,43,-3,3
34268,103,91,12,12
34269,87,99,-12,12
34270,66,69,-3,3
34271,116,100,16,16
34272,107,98,9,9
34273,121,115,6,6
34274,114,99,15,15
34275,111,103,8,8
34276,105,109,-4,4
34277,103,106,-3,3
34278,106,87,19,19
34279,126,122,4,4
34280,104,95,9,9
34281,77,73,4,4
34282,114,117,-3,3
34283,77,71,6,6
34284,83,81,2,2
34285,78,82,-4,4
34286,81,82,-1,1
34287,64,53,11,11
34288,134,133,1,1
34289,78,77,1,1
34290,137,136,1,1
34291,80,75,5,5
34292,145,139,6,6
34293,103,100,3,3
34294,101,99,2,2
34295,87,78,9,9
34296,83,83,0,0
34297,98,86,12,12
34298,133,136,-3,3
34299,114,128,-14,14
34300,119,110,9,9
34301,94,91,3,3
34302,85,94,-9,9
34303,162,166,-4,4
34304,85,70,15,15
34305,62,60,2,2
34306,83,81,2,2
34307,99,88,11,11
34308,79,77,2,2
34309,95,98,-3,3
34310,140,148,-8,8
34311,165,150,15,15
34312,104,92,12,12
34313,110,119,-9,9
34314,138,174,-36,36
34315,117,121,-4,4
34316,120,116,4,4
34317,67,77,-10,10
34318,82,78,4,4
34319,110,107,3,3
34320,110,107,3,3
34321,63,70,-7,7
34322,54,59,-5,5
34323,128,134,-6,6
34324,90,86,4,4
34325,99,106,-7,7
34326,121,142,-21,21
34327,47,61,-14,14
34328,88,80,8,8
34329,96,92,4,4
34330,83,98,-15,15
34331,91,83,8,8
34332,100,98,2,2
34333,68,60,8,8
34334,44,54,-10,10
34335,94,88,6,6
34336,48,60,-12,12
34337,63,61,2,2
34338,114,104,10,10
34339,88,85,3,3
34340,105,104,1,1
34341,67,76,-9,9
34342,61,56,5,5
34343,120,118,2,2
34344,111,98,13,13
34345,102,91,11,11
34346,111,110,1,1
34347,48,50,-2,2
34348,102,112,-10,10
34349,101,102,-1,1
34350,88,91,-3,3
34351,58,69,-11,11
34352,64,64,0,0
34353,65,67,-2,2
34354,156,144,12,12
34355,84,88,-4,4
34356,169,151,18,18
34357,130,113,17,17
34358,51,65,-14,14
34359,60,57,3,3
34360,109,82,27,27
34361,107,105,2,2
34362,133,144,-11,11
34363,73,75,-2,2
34364,117,107,10,10
34365,105,98,7,7
34366,118,121,-3,3
34367,107,104,3,3
34368,89,88,1,1
34369,130,118,12,12
34370,107,111,-4,4
34371,86,82,4,4
34372,87,95,-8,8
34373,166,154,12,12
34374,91,94,-3,3
34375,83,77,6,6
34376,90,120,-30,30
34377,60,67,-7,7
34378,73,74,-1,1
34379,133,121,12,12
34380,131,137,-6,6
34381,128,158,-30,30
34382,93,86,7,7
34383,48,57,-9,9
34384,126,111,15,15
34385,62,71,-9,9
34386,50,63,-13,13
34387,70,72,-2,2
34388,111,110,1,1
34389,89,82,7,7
34390,94,100,-6,6
34391,38,52,-14,14
34392,76,90,-14,14
34393,92,99,-7,7
34394,66,66,0,0
34395,84,81,3,3
34396,72,65,7,7
34397,79,87,-8,8
34398,78,75,3,3
34399,61,67,-6,6
34400,68,70,-2,2
34401,114,104,10,10
34402,84,85,-1,1
34403,51,67,-16,16
34404,96,89,7,7
34405,74,74,0,0
34406,64,71,-7,7
34407,79,81,-2,2
34408,89,80,9,9
34409,150,138,12,12
34410,137,120,17,17
34411,62,65,-3,3
34412,120,112,8,8
34413,75,61,14,14
34414,63,67,-4,4
34415,144,151,-7,7
34416,83,80,3,3
34417,71,106,-35,35
34418,125,120,5,5
34419,71,81,-10,10
34420,90,97,-7,7
34421,57,69,-12,12
34422,68,73,-5,5
34423,117,102,15,15
34424,142,146,-4,4
34425,95,92,3,3
34426,91,93,-2,2
34427,86,96,-10,10
34428,119,130,-11,11
34429,71,75,-4,4
34430,97,91,6,6
34431,92,89,3,3
34432,86,90,-4,4
34433,48,88,-40,40
34434,50,45,5,5
34435,105,135,-30,30
34436,105,115,-10,10
34437,127,117,10,10
34438,108,101,7,7
34439,71,71,0,0
34440,73,79,-6,6
34441,68,78,-10,10
34442,147,133,14,14
34443,142,138,4,4
34444,39,37,2,2
34445,91,79,12,12
34446,79,84,-5,5
34447,84,87,-3,3
34448,123,123,0,0
34449,63,67,-4,4
34450,196,191,5,5
34451,161,154,7,7
34452,152,134,18,18
34453,144,126,18,18
34454,96,106,-10,10
34455,125,121,4,4
34456,82,81,1,1
34457,128,111,17,17
34458,160,153,7,7
34459,43,54,-11,11
34460,68,68,0,0
34461,108,86,22,22
34462,74,66,8,8
34463,52,54,-2,2
34464,107,121,-14,14
34465,64,69,-5,5
34466,89,91,-2,2
34467,85,62,23,23
34468,73,93,-20,20
34469,177,183,-6,6
34470,111,114,-3,3
34471,67,77,-10,10
34472,76,75,1,1
34473,152,132,20,20
34474,90,100,-10,10
34475,79,76,3,3
34476,99,99,0,0
34477,78,74,4,4
34478,131,119,12,12
34479,100,86,14,14
34480,74,78,-4,4
34481,99,99,0,0
34482,135,130,5,5
34483,104,113,-9,9
34484,67,63,4,4
34485,102,92,10,10
34486,48,64,-16,16
34487,243,233,10,10
34488,97,98,-1,1
34489,112,109,3,3
34490,118,119,-1,1
34491,77,80,-3,3
34492,73,68,5,5
34493,99,106,-7,7
34494,60,86,-26,26
34495,155,145,10,10
34496,125,123,2,2
34497,202,175,27,27
34498,82,92,-10,10
34499,100,91,9,9
34500,78,73,5,5
34501,59,59,0,0
34502,48,63,-15,15
34503,121,130,-9,9
34504,128,121,7,7
34505,96,108,-12,12
34506,133,124,9,9
34507,107,102,5,5
34508,106,104,2,2
34509,111,126,-15,15
34510,48,63,-15,15
34511,79,88,-9,9
34512,121,107,14,14
34513,147,134,13,13
34514,113,113,0,0
34515,58,58,0,0
34516,93,84,9,9
34517,109,108,1,1
34518,85,86,-1,1
34519,69,74,-5,5
34520,70,73,-3,3
34521,81,95,-14,14
34522,47,51,-4,4
34523,121,105,16,16
34524,151,136,15,15
34525,80,82,-2,2
34526,60,61,-1,1
34527,133,122,11,11
34528,65,70,-5,5
34529,162,160,2,2
34530,73,69,4,4
34531,108,101,7,7
34532,87,87,0,0
34533,101,109,-8,8
34534,90,93,-3,3
34535,130,146,-16,16
34536,133,122,11,11
34537,139,142,-3,3
34538,95,100,-5,5
34539,96,100,-4,4
34540,66,67,-1,1
34541,69,80,-11,11
34542,69,72,-3,3
34543,86,89,-3,3
34544,95,97,-2,2
34545,91,86,5,5
34546,189,164,25,25
34547,109,108,1,1
34548,63,58,5,5
34549,156,151,5,5
34550,64,67,-3,3
34551,117,107,10,10
34552,55,64,-9,9
34553,115,121,-6,6
34554,103,103,0,0
34555,155,154,1,1
34556,78,91,-13,13
34557,159,165,-6,6
34558,73,51,22,22
34559,188,176,12,12
34560,150,149,1,1
34561,103,99,4,4
34562,80,79,1,1
34563,92,96,-4,4
34564,121,117,4,4
34565,113,106,7,7
34566,106,102,4,4
34567,72,69,3,3
34568,120,122,-2,2
34569,49,56,-7,7
34570,124,135,-11,11
34571,82,79,3,3
34572,145,162,-17,17
34573,61,56,5,5
34574,108,107,1,1
34575,53,55,-2,2
34576,117,112,5,5
34577,88,84,4,4
34578,122,98,24,24
34579,56,74,-18,18
34580,161,151,10,10
34581,115,106,9,9
34582,100,105,-5,5
34583,149,146,3,3
34584,126,122,4,4
34585,74,80,-6,6
34586,124,115,9,9
34587,101,92,9,9
34588,83,90,-7,7
34589,105,97,8,8
34590,143,129,14,14
34591,153,135,18,18
34592,54,61,-7,7
34593,52,59,-7,7
34594,87,94,-7,7
34595,63,65,-2,2
34596,84,83,1,1
34597,96,83,13,13
34598,59,67,-8,8
34599,141,135,6,6
34600,121,111,10,10
34601,21,36,-15,15
34602,93,93,0,0
34603,126,125,1,1
34604,91,92,-1,1
34605,126,127,-1,1
34606,79,83,-4,4
34607,133,125,8,8
34608,72,75,-3,3
34609,117,104,13,13
34610,51,64,-13,13
34611,92,96,-4,4
34612,78,77,1,1
34613,70,74,-4,4
34614,77,73,4,4
34615,94,81,13,13
34616,75,77,-2,2
34617,93,89,4,4
34618,75,66,9,9
34619,149,142,7,7
34620,99,98,1,1
34621,94,104,-10,10
34622,98,87,11,11
34623,68,67,1,1
34624,101,149,-48,48
34625,115,107,8,8
34626,87,82,5,5
34627,100,106,-6,6
34628,80,84,-4,4
34629,133,127,6,6
34630,54,63,-9,9
34631,164,154,10,10
34632,98,102,-4,4
34633,75,79,-4,4
34634,77,67,10,10
34635,126,125,1,1
34636,124,113,11,11
34637,89,93,-4,4
34638,77,75,2,2
34639,162,148,14,14
34640,129,116,13,13
34641,126,124,2,2
34642,90,87,3,3
34643,145,147,-2,2
34644,59,69,-10,10
34645,79,71,8,8
34646,100,93,7,7
34647,136,136,0,0
34648,53,62,-9,9
34649,109,109,0,0
34650,79,85,-6,6
34651,111,111,0,0
34652,172,146,26,26
34653,142,151,-9,9
34654,81,80,1,1
34655,100,92,8,8
34656,71,75,-4,4
34657,37,50,-13,13
34658,91,92,-1,1
34659,85,83,2,2
34660,96,92,4,4
34661,96,96,0,0
34662,72,68,4,4
34663,58,57,1,1
34664,128,131,-3,3
34665,90,80,10,10
34666,79,83,-4,4
34667,57,60,-3,3
34668,164,137,27,27
34669,147,115,32,32
34670,42,50,-8,8
34671,92,102,-10,10
34672,73,74,-1,1
34673,80,84,-4,4
34674,82,83,-1,1
34675,82,84,-2,2
34676,124,121,3,3
34677,87,93,-6,6
34678,93,97,-4,4
34679,151,135,16,16
34680,88,83,5,5
34681,99,98,1,1
34682,104,106,-2,2
34683,80,93,-13,13
34684,91,83,8,8
34685,116,130,-14,14
34686,136,124,12,12
34687,76,114,-38,38
34688,125,138,-13,13
34689,99,88,11,11
34690,112,122,-10,10
34691,103,124,-21,21
34692,152,146,6,6
34693,122,119,3,3
34694,74,70,4,4
34695,106,116,-10,10
34696,76,80,-4,4
34697,59,64,-5,5
34698,100,121,-21,21
34699,58,64,-6,6
34700,69,80,-11,11
34701,120,129,-9,9
34702,74,73,1,1
34703,55,59,-4,4
34704,89,87,2,2
34705,79,80,-1,1
34706,137,141,-4,4
34707,81,76,5,5
34708,64,80,-16,16
34709,170,160,10,10
34710,69,66,3,3
34711,72,69,3,3
34712,73,74,-1,1
34713,66,91,-25,25
34714,114,102,12,12
34715,96,106,-10,10
34716,67,83,-16,16
34717,83,79,4,4
34718,72,68,4,4
34719,150,152,-2,2
34720,56,54,2,2
34721,66,69,-3,3
34722,53,52,1,1
34723,169,158,11,11
34724,66,62,4,4
34725,105,107,-2,2
34726,101,97,4,4
34727,78,84,-6,6
34728,130,129,1,1
34729,140,130,10,10
34730,91,114,-23,23
34731,89,76,13,13
34732,73,72,1,1
34733,111,115,-4,4
34734,111,116,-5,5
34735,154,149,5,5
34736,56,50,6,6
34737,136,133,3,3
34738,101,99,2,2
34739,120,122,-2,2
34740,62,56,6,6
34741,105,105,0,0
34742,76,84,-8,8
34743,161,156,5,5
34744,88,99,-11,11
34745,51,56,-5,5
34746,108,114,-6,6
34747,101,100,1,1
34748,74,71,3,3
34749,189,152,37,37
34750,46,40,6,6
34751,58,66,-8,8
34752,100,76,24,24
34753,171,160,11,11
34754,45,55,-10,10
34755,87,66,21,21
34756,57,60,-3,3
34757,137,130,7,7
34758,72,79,-7,7
34759,115,108,7,7
34760,98,96,2,2
34761,58,58,0,0
34762,87,116,-29,29
34763,79,85,-6,6
34764,79,91,-12,12
34765,67,57,10,10
34766,32,43,-11,11
34767,76,74,2,2
34768,80,68,12,12
34769,106,100,6,6
34770,54,57,-3,3
34771,75,81,-6,6
34772,149,144,5,5
34773,110,104,6,6
34774,106,114,-8,8
34775,130,131,-1,1
34776,49,49,0,0
34777,119,133,-14,14
34778,75,78,-3,3
34779,89,86,3,3
34780,63,55,8,8
34781,64,61,3,3
34782,116,112,4,4
34783,79,68,11,11
34784,92,93,-1,1
34785,70,73,-3,3
34786,120,112,8,8
34787,165,151,14,14
34788,187,191,-4,4
34789,82,66,16,16
34790,53,66,-13,13
34791,88,85,3,3
34792,75,69,6,6
34793,66,64,2,2
34794,80,75,5,5
34795,113,106,7,7
34796,48,49,-1,1
34797,52,51,1,1
34798,169,151,18,18
34799,100,114,-14,14
34800,71,78,-7,7
34801,103,116,-13,13
34802,127,126,1,1
34803,132,144,-12,12
34804,136,136,0,0
34805,67,67,0,0
34806,127,133,-6,6
34807,142,136,6,6
34808,114,122,-8,8
34809,71,78,-7,7
34810,77,72,5,5
34811,86,101,-15,15
34812,166,135,31,31
34813,116,116,0,0
34814,42,66,-24,24
34815,91,84,7,7
34816,81,73,8,8
34817,109,99,10,10
34818,164,161,3,3
34819,119,123,-4,4
34820,79,69,10,10
34821,122,124,-2,2
34822,67,78,-11,11
34823,96,95,1,1
34824,81,75,6,6
34825,110,81,29,29
34826,142,138,4,4
34827,30,40,-10,10
34828,102,152,-50,50
34829,128,116,12,12
34830,127,139,-12,12
34831,55,84,-29,29
34832,125,149,-24,24
34833,85,91,-6,6
34834,82,75,7,7
34835,99,104,-5,5
34836,142,136,6,6
34837,99,109,-10,10
34838,96,103,-7,7
34839,87,99,-12,12
34840,76,69,7,7
34841,95,98,-3,3
34842,61,73,-12,12
34843,58,69,-11,11
34844,88,93,-5,5
34845,87,99,-12,12
34846,89,85,4,4
34847,100,97,3,3
34848,87,90,-3,3
34849,86,84,2,2
34850,43,61,-18,18
34851,33,28,5,5
34852,97,93,4,4
34853,130,125,5,5
34854,149,138,11,11
34855,139,123,16,16
34856,71,76,-5,5
34857,53,71,-18,18
34858,69,66,3,3
34859,114,110,4,4
34860,60,72,-12,12
34861,53,64,-11,11
34862,80,92,-12,12
34863,75,61,14,14
34864,101,116,-15,15
34865,147,142,5,5
34866,100,93,7,7
34867,112,128,-16,16
34868,61,55,6,6
34869,68,84,-16,16
34870,41,59,-18,18
34871,72,64,8,8
34872,69,71,-2,2
34873,135,120,15,15
34874,112,106,6,6
34875,63,52,11,11
34876,83,87,-4,4
34877,74,83,-9,9
34878,85,93,-8,8
34879,91,80,11,11
34880,150,145,5,5
34881,96,92,4,4
34882,61,78,-17,17
34883,51,74,-23,23
34884,61,64,-3,3
34885,143,161,-18,18
34886,64,70,-6,6
34887,59,50,9,9
34888,67,101,-34,34
34889,65,91,-26,26
34890,142,119,23,23
34891,66,65,1,1
34892,73,80,-7,7
34893,107,108,-1,1
34894,112,101,11,11
34895,104,103,1,1
34896,46,51,-5,5
34897,83,64,19,19
34898,89,86,3,3
34899,73,61,12,12
34900,59,63,-4,4
34901,59,70,-11,11
34902,112,111,1,1
34903,75,84,-9,9
34904,68,85,-17,17
34905,80,88,-8,8
34906,70,97,-27,27
34907,77,88,-11,11
34908,49,51,-2,2
34909,91,81,10,10
34910,65,67,-2,2
34911,77,71,6,6
34912,130,116,14,14
34913,77,71,6,6
34914,175,176,-1,1
34915,103,113,-10,10
34916,79,74,5,5
34917,74,64,10,10
34918,98,107,-9,9
34919,111,106,5,5
34920,105,114,-9,9
34921,106,106,0,0
34922,43,47,-4,4
34923,91,99,-8,8
34924,88,90,-2,2
34925,121,118,3,3
34926,111,108,3,3
34927,65,71,-6,6
34928,63,62,1,1
34929,91,95,-4,4
34930,70,75,-5,5
34931,117,117,0,0
34932,56,63,-7,7
34933,153,154,-1,1
34934,135,138,-3,3
34935,66,67,-1,1
34936,97,107,-10,10
34937,94,104,-10,10
34938,79,75,4,4
34939,89,78,11,11
34940,117,106,11,11
34941,50,61,-11,11
34942,172,173,-1,1
34943,71,84,-13,13
34944,94,79,15,15
34945,146,143,3,3
34946,57,56,1,1
34947,91,92,-1,1
34948,44,66,-22,22
34949,124,112,12,12
34950,117,102,15,15
34951,93,85,8,8
34952,100,103,-3,3
34953,167,160,7,7
34954,97,99,-2,2
34955,117,110,7,7
34956,142,132,10,10
34957,62,67,-5,5
34958,99,111,-12,12
34959,83,86,-3,3
34960,61,51,10,10
34961,80,89,-9,9
34962,85,82,3,3
34963,102,108,-6,6
34964,127,133,-6,6
34965,123,119,4,4
34966,117,117,0,0
34967,102,107,-5,5
34968,100,103,-3,3
34969,105,103,2,2
34970,116,89,27,27
34971,104,110,-6,6
34972,70,76,-6,6
34973,71,74,-3,3
34974,59,63,-4,4
34975,86,91,-5,5
34976,121,104,17,17
34977,104,101,3,3
34978,93,94,-1,1
34979,78,81,-3,3
34980,124,115,9,9
34981,83,89,-6,6
34982,126,116,10,10
34983,91,95,-4,4
34984,89,110,-21,21
34985,79,80,-1,1
34986,110,115,-5,5
34987,80,84,-4,4
34988,116,118,-2,2
34989,133,123,10,10
34990,91,95,-4,4
34991,94,85,9,9
34992,160,149,11,11
34993,107,123,-16,16
34994,61,64,-3,3
34995,74,58,16,16
34996,80,85,-5,5
34997,50,58,-8,8
34998,98,103,-5,5
34999,47,49,-2,2
35000,63,78,-15,15
35001,92,97,-5,5
35002,97,95,2,2
35003,101,96,5,5
35004,48,50,-2,2
35005,114,118,-4,4
35006,106,106,0,0
35007,98,94,4,4
35008,133,127,6,6
35009,98,92,6,6
35010,41,42,-1,1
35011,85,92,-7,7
35012,102,102,0,0
35013,97,82,15,15
35014,49,57,-8,8
35015,50,57,-7,7
35016,86,88,-2,2
35017,96,111,-15,15
35018,110,99,11,11
35019,95,120,-25,25
35020,89,78,11,11
35021,92,91,1,1
35022,109,101,8,8
35023,75,80,-5,5
35024,61,57,4,4
35025,82,82,0,0
35026,88,95,-7,7
35027,139,132,7,7
35028,67,79,-12,12
35029,106,105,1,1
35030,108,106,2,2
35031,80,84,-4,4
35032,78,87,-9,9
35033,87,90,-3,3
35034,57,58,-1,1
35035,63,64,-1,1
35036,105,86,19,19
35037,129,109,20,20
35038,65,60,5,5
35039,93,89,4,4
35040,50,50,0,0
35041,30,51,-21,21
35042,81,77,4,4
35043,55,65,-10,10
35044,76,79,-3,3
35045,135,117,18,18
35046,55,64,-9,9
35047,140,138,2,2
35048,92,89,3,3
35049,124,127,-3,3
35050,100,99,1,1
35051,40,36,4,4
35052,50,59,-9,9
35053,85,83,2,2
35054,87,95,-8,8
35055,136,127,9,9
35056,65,72,-7,7
35057,97,98,-1,1
35058,80,74,6,6
35059,99,97,2,2
35060,69,70,-1,1
35061,97,115,-18,18
35062,65,70,-5,5
35063,67,70,-3,3
35064,108,103,5,5
35065,105,107,-2,2
35066,98,91,7,7
35067,73,75,-2,2
35068,87,95,-8,8
35069,80,73,7,7
35070,115,113,2,2
35071,129,117,12,12
35072,62,63,-1,1
35073,141,128,13,13
35074,165,158,7,7
35075,167,157,10,10
35076,128,116,12,12
35077,163,139,24,24
35078,49,59,-10,10
35079,73,82,-9,9
35080,117,130,-13,13
35081,182,163,19,19
35082,91,76,15,15
35083,73,78,-5,5
35084,130,135,-5,5
35085,92,85,7,7
35086,164,142,22,22
35087,100,114,-14,14
35088,106,104,2,2
35089,155,152,3,3
35090,84,88,-4,4
35091,115,123,-8,8
35092,74,78,-4,4
35093,62,59,3,3
35094,76,80,-4,4
35095,82,100,-18,18
35096,116,104,12,12
35097,84,84,0,0
35098,61,70,-9,9
35099,155,144,11,11
35100,87,138,-51,51
35101,118,119,-1,1
35102,126,130,-4,4
35103,123,122,1,1
35104,72,76,-4,4
35105,106,111,-5,5
35106,119,114,5,5
35107,79,78,1,1
35108,70,87,-17,17
35109,129,118,11,11
35110,93,80,13,13
35111,98,86,12,12
35112,164,167,-3,3
35113,110,118,-8,8
35114,108,111,-3,3
35115,79,77,2,2
35116,140,135,5,5
35117,81,94,-13,13
35118,84,90,-6,6
35119,64,69,-5,5
35120,101,106,-5,5
35121,65,71,-6,6
35122,71,90,-19,19
35123,66,73,-7,7
35124,81,80,1,1
35125,82,98,-16,16
35126,101,98,3,3
35127,95,100,-5,5
35128,95,94,1,1
35129,177,174,3,3
35130,148,152,-4,4
35131,83,83,0,0
35132,79,74,5,5
35133,87,78,9,9
35134,120,120,0,0
35135,140,162,-22,22
35136,117,118,-1,1
35137,88,91,-3,3
35138,79,69,10,10
35139,89,90,-1,1
35140,83,82,1,1
35141,79,98,-19,19
35142,118,122,-4,4
35143,79,86,-7,7
35144,95,85,10,10
35145,62,63,-1,1
35146,67,72,-5,5
35147,63,72,-9,9
35148,99,89,10,10
35149,164,161,3,3
35150,71,61,10,10
35151,49,53,-4,4
35152,88,91,-3,3
35153,93,84,9,9
35154,90,88,2,2
35155,96,89,7,7
35156,91,93,-2,2
35157,41,58,-17,17
35158,94,87,7,7
35159,58,69,-11,11
35160,87,90,-3,3
35161,100,91,9,9
35162,117,116,1,1
35163,106,103,3,3
35164,65,76,-11,11
35165,126,127,-1,1
35166,92,98,-6,6
35167,78,88,-10,10
35168,98,98,0,0
35169,102,119,-17,17
35170,115,108,7,7
35171,93,85,8,8
35172,48,62,-14,14
35173,64,64,0,0
35174,168,175,-7,7
35175,95,85,10,10
35176,125,127,-2,2
35177,128,146,-18,18
35178,137,120,17,17
35179,62,66,-4,4
35180,76,81,-5,5
35181,66,68,-2,2
35182,50,59,-9,9
35183,98,94,4,4
35184,101,108,-7,7
35185,77,72,5,5
35186,97,105,-8,8
35187,116,123,-7,7
35188,118,120,-2,2
35189,157,153,4,4
35190,48,64,-16,16
35191,86,100,-14,14
35192,79,101,-22,22
35193,93,86,7,7
35194,58,68,-10,10
35195,65,67,-2,2
35196,203,194,9,9
35197,59,59,0,0
35198,103,102,1,1
35199,35,37,-2,2
35200,95,102,-7,7
35201,89,95,-6,6
35202,122,110,12,12
35203,97,97,0,0
35204,84,88,-4,4
35205,146,125,21,21
35206,129,119,10,10
35207,76,82,-6,6
35208,79,86,-7,7
35209,92,91,1,1
35210,82,65,17,17
35211,111,95,16,16
35212,88,81,7,7
35213,155,143,12,12
35214,75,67,8,8
35215,109,107,2,2
35216,64,60,4,4
35217,76,75,1,1
35218,114,121,-7,7
35219,84,80,4,4
35220,90,84,6,6
35221,49,60,-11,11
35222,103,103,0,0
35223,140,128,12,12
35224,64,71,-7,7
35225,171,175,-4,4
35226,89,94,-5,5
35227,57,57,0,0
35228,99,71,28,28
35229,62,67,-5,5
35230,191,180,11,11
35231,108,107,1,1
35232,116,119,-3,3
35233,157,147,10,10
35234,98,110,-12,12
35235,167,170,-3,3
35236,89,75,14,14
35237,65,67,-2,2
35238,103,113,-10,10
35239,107,108,-1,1
35240,66,67,-1,1
35241,137,133,4,4
35242,68,63,5,5
35243,64,61,3,3
35244,137,132,5,5
35245,101,100,1,1
35246,120,121,-1,1
35247,99,94,5,5
35248,58,68,-10,10
35249,93,87,6,6
35250,48,63,-15,15
35251,96,122,-26,26
35252,68,72,-4,4
35253,95,101,-6,6
35254,117,111,6,6
35255,61,72,-11,11
35256,122,123,-1,1
35257,77,78,-1,1
35258,69,84,-15,15
35259,105,90,15,15
35260,126,127,-1,1
35261,67,65,2,2
35262,122,116,6,6
35263,96,98,-2,2
35264,188,164,24,24
35265,72,62,10,10
35266,122,109,13,13
35267,53,63,-10,10
35268,49,61,-12,12
35269,131,124,7,7
35270,118,108,10,10
35271,68,72,-4,4
35272,84,88,-4,4
35273,80,85,-5,5
35274,95,102,-7,7
35275,54,57,-3,3
35276,80,89,-9,9
35277,55,58,-3,3
35278,50,47,3,3
35279,141,138,3,3
35280,118,103,15,15
35281,64,73,-9,9
35282,132,117,15,15
35283,81,77,4,4
35284,49,47,2,2
35285,86,84,2,2
35286,107,100,7,7
35287,123,112,11,11
35288,109,101,8,8
35289,121,110,11,11
35290,89,95,-6,6
35291,57,61,-4,4
35292,123,113,10,10
35293,102,109,-7,7
35294,143,128,15,15
35295,57,63,-6,6
35296,84,83,1,1
35297,73,86,-13,13
35298,124,123,1,1
35299,86,76,10,10
35300,128,126,2,2
35301,146,137,9,9
35302,92,84,8,8
35303,68,77,-9,9
35304,88,89,-1,1
35305,147,147,0,0
35306,134,134,0,0
35307,91,93,-2,2
35308,137,134,3,3
35309,130,122,8,8
35310,103,105,-2,2
35311,78,88,-10,10
35312,85,83,2,2
35313,57,54,3,3
35314,159,142,17,17
35315,80,82,-2,2
35316,113,122,-9,9
35317,152,138,14,14
35318,163,148,15,15
35319,137,117,20,20
35320,116,118,-2,2
35321,144,129,15,15
35322,61,73,-12,12
35323,158,144,14,14
35324,120,144,-24,24
35325,64,68,-4,4
35326,106,107,-1,1
35327,60,72,-12,12
35328,87,100,-13,13
35329,72,58,14,14
35330,92,93,-1,1
35331,164,172,-8,8
35332,121,128,-7,7
35333,63,69,-6,6
35334,108,106,2,2
35335,70,61,9,9
35336,66,77,-11,11
35337,81,136,-55,55
35338,84,80,4,4
35339,69,68,1,1
35340,161,163,-2,2
35341,73,69,4,4
35342,62,62,0,0
35343,66,71,-5,5
35344,80,86,-6,6
35345,110,122,-12,12
35346,145,160,-15,15
35347,32,51,-19,19
35348,62,75,-13,13
35349,191,190,1,1
35350,84,89,-5,5
35351,96,83,13,13
35352,87,75,12,12
35353,54,61,-7,7
35354,85,81,4,4
35355,118,117,1,1
35356,52,55,-3,3
35357,102,90,12,12
35358,66,71,-5,5
35359,151,151,0,0
35360,129,138,-9,9
35361,61,62,-1,1
35362,102,110,-8,8
35363,88,91,-3,3
35364,61,73,-12,12
35365,77,88,-11,11
35366,79,84,-5,5
35367,110,110,0,0
35368,96,99,-3,3
35369,74,61,13,13
35370,120,118,2,2
35371,134,126,8,8
35372,66,59,7,7
35373,61,61,0,0
35374,130,123,7,7
35375,60,57,3,3
35376,66,63,3,3
35377,115,109,6,6
35378,99,88,11,11
35379,55,52,3,3
35380,104,94,10,10
35381,104,108,-4,4
35382,97,114,-17,17
35383,48,51,-3,3
35384,51,53,-2,2
35385,51,55,-4,4
35386,80,78,2,2
35387,57,52,5,5
35388,77,63,14,14
35389,128,121,7,7
35390,141,147,-6,6
35391,77,78,-1,1
35392,132,133,-1,1
35393,110,103,7,7
35394,43,46,-3,3
35395,110,113,-3,3
35396,85,78,7,7
35397,92,91,1,1
35398,49,50,-1,1
35399,69,67,2,2
35400,64,69,-5,5
35401,82,78,4,4
35402,59,66,-7,7
35403,69,68,1,1
35404,66,74,-8,8
35405,92,92,0,0
35406,101,86,15,15
35407,62,69,-7,7
35408,126,114,12,12
35409,119,124,-5,5
35410,117,103,14,14
35411,162,153,9,9
35412,100,106,-6,6
35413,107,118,-11,11
35414,49,57,-8,8
35415,75,81,-6,6
35416,85,84,1,1
35417,87,67,20,20
35418,58,68,-10,10
35419,86,111,-25,25
35420,54,56,-2,2
35421,149,137,12,12
35422,99,96,3,3
35423,118,117,1,1
35424,88,89,-1,1
35425,128,147,-19,19
35426,121,124,-3,3
35427,62,69,-7,7
35428,32,41,-9,9
35429,152,142,10,10
35430,58,58,0,0
35431,77,79,-2,2
35432,127,113,14,14
35433,109,113,-4,4
35434,116,118,-2,2
35435,83,73,10,10
35436,70,77,-7,7
35437,101,91,10,10
35438,70,67,3,3
35439,117,114,3,3
35440,93,97,-4,4
35441,72,74,-2,2
35442,131,137,-6,6
35443,64,67,-3,3
35444,160,148,12,12
35445,86,78,8,8
35446,84,88,-4,4
35447,56,71,-15,15
35448,94,84,10,10
35449,149,139,10,10
35450,128,106,22,22
35451,97,112,-15,15
35452,178,160,18,18
35453,102,99,3,3
35454,53,56,-3,3
35455,124,105,19,19
35456,79,80,-1,1
35457,136,165,-29,29
35458,71,73,-2,2
35459,54,51,3,3
35460,97,95,2,2
35461,72,84,-12,12
35462,169,151,18,18
35463,80,82,-2,2
35464,53,69,-16,16
35465,64,64,0,0
35466,52,68,-16,16
35467,38,43,-5,5
35468,78,62,16,16
35469,160,102,58,58
35470,113,108,5,5
35471,90,98,-8,8
35472,63,65,-2,2
35473,79,68,11,11
35474,56,69,-13,13
35475,241,239,2,2
35476,68,73,-5,5
35477,145,147,-2,2
35478,69,61,8,8
35479,107,95,12,12
35480,79,90,-11,11
35481,123,125,-2,2
35482,97,91,6,6
35483,77,77,0,0
35484,66,146,-80,80
35485,83,82,1,1
35486,82,85,-3,3
35487,78,79,-1,1
35488,89,82,7,7
35489,76,67,9,9
35490,61,65,-4,4
35491,116,114,2,2
35492,128,141,-13,13
35493,130,123,7,7
35494,46,59,-13,13
35495,105,96,9,9
35496,150,121,29,29
35497,156,154,2,2
35498,69,67,2,2
35499,89,90,-1,1
35500,77,71,6,6
35501,123,120,3,3
35502,97,97,0,0
35503,87,78,9,9
35504,80,77,3,3
35505,79,72,7,7
35506,58,62,-4,4
35507,53,57,-4,4
35508,105,116,-11,11
35509,74,82,-8,8
35510,101,109,-8,8
35511,56,60,-4,4
35512,115,101,14,14
35513,141,144,-3,3
35514,116,121,-5,5
35515,47,55,-8,8
35516,43,56,-13,13
35517,80,79,1,1
35518,91,93,-2,2
35519,75,89,-14,14
35520,114,97,17,17
35521,79,88,-9,9
35522,106,101,5,5
35523,69,64,5,5
35524,87,76,11,11
35525,118,128,-10,10
35526,84,96,-12,12
35527,90,97,-7,7
35528,97,96,1,1
35529,57,58,-1,1
35530,132,124,8,8
35531,90,115,-25,25
35532,108,100,8,8
35533,132,118,14,14
35534,76,84,-8,8
35535,38,42,-4,4
35536,52,50,2,2
35537,68,60,8,8
35538,141,142,-1,1
35539,90,98,-8,8
35540,72,63,9,9
35541,74,61,13,13
35542,89,86,3,3
35543,72,75,-3,3
35544,78,64,14,14
35545,67,66,1,1
35546,94,97,-3,3
35547,65,68,-3,3
35548,75,85,-10,10
35549,76,86,-10,10
35550,78,72,6,6
35551,70,71,-1,1
35552,124,109,15,15
35553,123,122,1,1
35554,185,178,7,7
35555,126,118,8,8
35556,104,105,-1,1
35557,79,84,-5,5
35558,74,58,16,16
35559,82,79,3,3
35560,47,55,-8,8
35561,40,49,-9,9
35562,102,101,1,1
35563,68,74,-6,6
35564,95,99,-4,4
35565,111,107,4,4
35566,74,77,-3,3
35567,63,64,-1,1
35568,118,116,2,2
35569,181,163,18,18
35570,63,71,-8,8
35571,73,71,2,2
35572,76,92,-16,16
35573,80,79,1,1
35574,99,104,-5,5
35575,83,94,-11,11
35576,48,54,-6,6
35577,140,129,11,11
35578,101,100,1,1
35579,76,85,-9,9
35580,84,95,-11,11
35581,95,85,10,10
35582,60,60,0,0
35583,78,82,-4,4
35584,125,119,6,6
35585,90,77,13,13
35586,99,103,-4,4
35587,58,58,0,0
35588,128,120,8,8
35589,67,74,-7,7
35590,96,113,-17,17
35591,96,94,2,2
35592,141,138,3,3
35593,77,84,-7,7
35594,114,97,17,17
35595,86,76,10,10
35596,175,165,10,10
35597,129,126,3,3
35598,50,56,-6,6
35599,70,64,6,6
35600,224,216,8,8
35601,146,137,9,9
35602,81,86,-5,5
35603,97,90,7,7
35604,118,133,-15,15
35605,77,72,5,5
35606,73,75,-2,2
35607,85,82,3,3
35608,102,101,1,1
35609,130,124,6,6
35610,133,133,0,0
35611,129,112,17,17
35612,80,79,1,1
35613,93,95,-2,2
35614,91,76,15,15
35615,41,92,-51,51
35616,82,85,-3,3
35617,67,67,0,0
35618,85,82,3,3
35619,75,82,-7,7
35620,118,123,-5,5
35621,118,100,18,18
35622,79,93,-14,14
35623,63,81,-18,18
35624,170,167,3,3
35625,73,72,1,1
35626,114,91,23,23
35627,154,157,-3,3
35628,54,66,-12,12
35629,115,110,5,5
35630,49,122,-73,73
35631,99,102,-3,3
35632,80,75,5,5
35633,152,154,-2,2
35634,71,70,1,1
35635,118,150,-32,32
35636,106,105,1,1
35637,106,123,-17,17
35638,173,155,18,18
35639,89,83,6,6
35640,65,53,12,12
35641,93,93,0,0
35642,109,113,-4,4
35643,126,133,-7,7
35644,143,158,-15,15
35645,127,133,-6,6
35646,114,106,8,8
35647,84,89,-5,5
35648,68,76,-8,8
35649,60,65,-5,5
35650,111,110,1,1
35651,127,132,-5,5
35652,83,97,-14,14
35653,98,99,-1,1
35654,83,74,9,9
35655,77,82,-5,5
35656,51,59,-8,8
35657,88,89,-1,1
35658,48,66,-18,18
35659,147,138,9,9
35660,66,81,-15,15
35661,100,100,0,0
35662,76,87,-11,11
35663,59,64,-5,5
35664,116,106,10,10
35665,61,62,-1,1
35666,155,161,-6,6
35667,99,100,-1,1
35668,112,107,5,5
35669,70,60,10,10
35670,79,87,-8,8
35671,96,114,-18,18
35672,90,97,-7,7
35673,104,98,6,6
35674,99,107,-8,8
35675,81,81,0,0
35676,134,148,-14,14
35677,126,124,2,2
35678,160,136,24,24
35679,75,74,1,1
35680,104,112,-8,8
35681,150,123,27,27
35682,120,121,-1,1
35683,90,94,-4,4
35684,120,114,6,6
35685,142,145,-3,3
35686,75,71,4,4
35687,102,83,19,19
35688,162,148,14,14
35689,74,78,-4,4
35690,75,68,7,7
35691,99,101,-2,2
35692,130,132,-2,2
35693,53,41,12,12
35694,127,125,2,2
35695,103,100,3,3
35696,94,95,-1,1
35697,76,88,-12,12
35698,83,90,-7,7
35699,195,175,20,20
35700,58,70,-12,12
35701,51,63,-12,12
35702,153,145,8,8
35703,190,173,17,17
35704,87,79,8,8
35705,96,101,-5,5
35706,100,94,6,6
35707,74,72,2,2
35708,67,70,-3,3
35709,124,133,-9,9
35710,74,71,3,3
35711,111,97,14,14
35712,93,113,-20,20
35713,107,101,6,6
35714,70,51,19,19
35715,154,145,9,9
35716,125,120,5,5
35717,107,97,10,10
35718,69,85,-16,16
35719,101,103,-2,2
35720,95,83,12,12
35721,96,99,-3,3
35722,85,79,6,6
35723,70,99,-29,29
35724,68,61,7,7
35725,61,67,-6,6
35726,155,162,-7,7
35727,58,63,-5,5
35728,72,70,2,2
35729,47,50,-3,3
35730,98,99,-1,1
35731,145,146,-1,1
35732,52,61,-9,9
35733,120,105,15,15
35734,78,74,4,4
35735,56,56,0,0
35736,89,90,-1,1
35737,82,79,3,3
35738,104,104,0,0
35739,128,136,-8,8
35740,159,162,-3,3
35741,79,87,-8,8
35742,109,103,6,6
35743,120,126,-6,6
35744,79,91,-12,12
35745,73,66,7,7
35746,64,65,-1,1
35747,97,86,11,11
35748,135,111,24,24
35749,81,90,-9,9
35750,91,81,10,10
35751,58,49,9,9
35752,78,104,-26,26
35753,77,72,5,5
35754,47,45,2,2
35755,167,150,17,17
35756,65,92,-27,27
35757,152,148,4,4
35758,159,149,10,10
35759,89,108,-19,19
35760,205,195,10,10
35761,108,95,13,13
35762,101,100,1,1
35763,129,124,5,5
35764,123,128,-5,5
35765,90,88,2,2
35766,138,132,6,6
35767,105,98,7,7
35768,93,81,12,12
35769,129,111,18,18
35770,110,95,15,15
35771,86,91,-5,5
35772,72,78,-6,6
35773,122,115,7,7
35774,37,54,-17,17
35775,173,173,0,0
35776,97,78,19,19
35777,45,53,-8,8
35778,97,87,10,10
35779,85,96,-11,11
35780,83,85,-2,2
35781,105,100,5,5
35782,138,130,8,8
35783,98,88,10,10
35784,128,121,7,7
35785,94,86,8,8
35786,131,114,17,17
35787,67,76,-9,9
35788,176,171,5,5
35789,116,114,2,2
35790,116,129,-13,13
35791,80,53,27,27
35792,84,78,6,6
35793,69,79,-10,10
35794,165,170,-5,5
35795,55,67,-12,12
35796,123,129,-6,6
35797,117,127,-10,10
35798,81,73,8,8
35799,86,84,2,2
35800,185,179,6,6
35801,104,99,5,5
35802,89,90,-1,1
35803,85,86,-1,1
35804,156,141,15,15
35805,72,74,-2,2
35806,95,66,29,29
35807,86,80,6,6
35808,72,68,4,4
35809,168,152,16,16
35810,42,44,-2,2
35811,93,96,-3,3
35812,103,83,20,20
35813,83,82,1,1
35814,137,125,12,12
35815,117,118,-1,1
35816,77,82,-5,5
35817,79,88,-9,9
35818,121,123,-2,2
35819,110,118,-8,8
35820,101,95,6,6
35821,88,105,-17,17
35822,91,86,5,5
35823,166,150,16,16
35824,63,49,14,14
35825,92,95,-3,3
35826,138,124,14,14
35827,110,119,-9,9
35828,151,155,-4,4
35829,121,130,-9,9
35830,73,73,0,0
35831,77,79,-2,2
35832,197,181,16,16
35833,94,69,25,25
35834,67,72,-5,5
35835,147,126,21,21
35836,92,115,-23,23
35837,138,127,11,11
35838,71,82,-11,11
35839,93,90,3,3
35840,115,106,9,9
35841,90,86,4,4
35842,137,131,6,6
35843,136,143,-7,7
35844,63,59,4,4
35845,68,67,1,1
35846,105,108,-3,3
35847,61,56,5,5
35848,75,73,2,2
35849,120,114,6,6
35850,145,142,3,3
35851,106,107,-1,1
35852,171,161,10,10
35853,87,98,-11,11
35854,112,103,9,9
35855,75,85,-10,10
35856,84,97,-13,13
35857,55,61,-6,6
35858,57,61,-4,4
35859,71,66,5,5
35860,150,142,8,8
35861,42,55,-13,13
35862,95,88,7,7
35863,100,107,-7,7
35864,77,73,4,4
35865,134,137,-3,3
35866,100,83,17,17
35867,117,119,-2,2
35868,74,107,-33,33
35869,106,97,9,9
35870,121,112,9,9
35871,115,107,8,8
35872,137,130,7,7
35873,80,84,-4,4
35874,81,87,-6,6
35875,50,62,-12,12
35876,60,72,-12,12
35877,143,127,16,16
35878,80,107,-27,27
35879,72,71,1,1
35880,74,68,6,6
35881,125,123,2,2
35882,111,106,5,5
35883,99,109,-10,10
35884,72,74,-2,2
35885,84,69,15,15
35886,52,59,-7,7
35887,54,63,-9,9
35888,63,71,-8,8
35889,101,101,0,0
35890,65,48,17,17
35891,74,89,-15,15
35892,141,140,1,1
35893,84,88,-4,4
35894,156,144,12,12
35895,105,96,9,9
35896,130,131,-1,1
35897,74,85,-11,11
35898,97,104,-7,7
35899,111,120,-9,9
35900,65,66,-1,1
35901,124,123,1,1
35902,80,80,0,0
35903,93,86,7,7
35904,122,127,-5,5
35905,84,89,-5,5
35906,92,96,-4,4
35907,52,78,-26,26
35908,86,102,-16,16
35909,69,79,-10,10
35910,114,103,11,11
35911,68,68,0,0
35912,123,125,-2,2
35913,104,114,-10,10
35914,119,109,10,10
35915,123,109,14,14
35916,99,95,4,4
35917,117,134,-17,17
35918,94,102,-8,8
35919,126,122,4,4
35920,148,133,15,15
35921,112,106,6,6
35922,168,168,0,0
35923,81,84,-3,3
35924,100,93,7,7
35925,78,80,-2,2
35926,109,115,-6,6
35927,120,116,4,4
35928,119,132,-13,13
35929,83,102,-19,19
35930,138,124,14,14
35931,63,69,-6,6
35932,63,54,9,9
35933,88,78,10,10
35934,50,52,-2,2
35935,171,169,2,2
35936,111,100,11,11
35937,154,143,11,11
35938,131,118,13,13
35939,110,102,8,8
35940,74,83,-9,9
35941,116,121,-5,5
35942,112,108,4,4
35943,89,89,0,0
35944,109,104,5,5
35945,68,63,5,5
35946,77,81,-4,4
35947,69,70,-1,1
35948,54,62,-8,8
35949,74,68,6,6
35950,140,136,4,4
35951,92,82,10,10
35952,47,56,-9,9
35953,49,63,-14,14
35954,72,73,-1,1
35955,79,89,-10,10
35956,45,60,-15,15
35957,53,59,-6,6
35958,114,122,-8,8
35959,64,70,-6,6
35960,63,61,2,2
35961,113,101,12,12
35962,103,96,7,7
35963,109,112,-3,3
35964,94,86,8,8
35965,65,59,6,6
35966,94,94,0,0
35967,142,139,3,3
35968,38,64,-26,26
35969,91,103,-12,12
35970,86,82,4,4
35971,150,141,9,9
35972,66,68,-2,2
35973,68,63,5,5
35974,62,64,-2,2
35975,53,55,-2,2
35976,53,61,-8,8
35977,117,112,5,5
35978,89,94,-5,5
35979,96,93,3,3
35980,109,113,-4,4
35981,100,89,11,11
35982,132,120,12,12
35983,125,124,1,1
35984,47,40,7,7
35985,76,81,-5,5
35986,80,77,3,3
35987,108,127,-19,19
35988,72,78,-6,6
35989,79,65,14,14
35990,103,101,2,2
35991,93,97,-4,4
35992,90,84,6,6
35993,76,75,1,1
35994,88,90,-2,2
35995,70,83,-13,13
35996,162,136,26,26
35997,86,71,15,15
35998,62,80,-18,18
35999,78,92,-14,14
36000,51,45,6,6
36001,131,116,15,15
36002,81,81,0,0
36003,100,103,-3,3
36004,107,108,-1,1
36005,71,72,-1,1
36006,99,90,9,9
36007,128,117,11,11
36008,102,110,-8,8
36009,111,115,-4,4
36010,114,119,-5,5
36011,145,130,15,15
36012,123,115,8,8
36013,64,59,5,5
36014,138,137,1,1
36015,120,125,-5,5
36016,96,99,-3,3
36017,143,143,0,0
36018,79,68,11,11
36019,139,145,-6,6
36020,124,111,13,13
36021,76,79,-3,3
36022,67,69,-2,2
36023,65,87,-22,22
36024,62,66,-4,4
36025,184,179,5,5
36026,102,111,-9,9
36027,60,60,0,0
36028,79,83,-4,4
36029,63,70,-7,7
36030,70,63,7,7
36031,91,103,-12,12
36032,68,70,-2,2
36033,86,95,-9,9
36034,97,101,-4,4
36035,78,86,-8,8
36036,110,87,23,23
36037,94,83,11,11
36038,68,92,-24,24
36039,150,136,14,14
36040,81,77,4,4
36041,58,63,-5,5
36042,48,49,-1,1
36043,76,69,7,7
36044,102,102,0,0
36045,74,72,2,2
36046,60,65,-5,5
36047,75,82,-7,7
36048,92,93,-1,1
36049,62,65,-3,3
36050,91,98,-7,7
36051,93,92,1,1
36052,146,150,-4,4
36053,94,98,-4,4
36054,88,91,-3,3
36055,124,136,-12,12
36056,92,94,-2,2
36057,87,118,-31,31
36058,113,115,-2,2
36059,99,93,6,6
36060,90,91,-1,1
36061,95,84,11,11
36062,61,67,-6,6
36063,139,139,0,0
36064,106,124,-18,18
36065,42,43,-1,1
36066,95,114,-19,19
36067,121,126,-5,5
36068,130,138,-8,8
36069,121,119,2,2
36070,74,81,-7,7
36071,84,84,0,0
36072,70,79,-9,9
36073,73,73,0,0
36074,116,115,1,1
36075,120,126,-6,6
36076,151,138,13,13
36077,80,85,-5,5
36078,90,89,1,1
36079,68,67,1,1
36080,102,98,4,4
36081,180,176,4,4
36082,44,75,-31,31
36083,170,167,3,3
36084,99,83,16,16
36085,130,132,-2,2
36086,78,105,-27,27
36087,107,107,0,0
36088,93,96,-3,3
36089,146,145,1,1
36090,97,106,-9,9
36091,107,99,8,8
36092,116,109,7,7
36093,81,86,-5,5
36094,84,85,-1,1
36095,88,97,-9,9
36096,77,63,14,14
36097,65,69,-4,4
36098,158,142,16,16
36099,76,91,-15,15
36100,56,50,6,6
36101,119,121,-2,2
36102,82,83,-1,1
36103,52,64,-12,12
36104,44,56,-12,12
36105,122,118,4,4
36106,92,102,-10,10
36107,87,86,1,1
36108,152,148,4,4
36109,97,99,-2,2
36110,127,119,8,8
36111,61,68,-7,7
36112,58,64,-6,6
36113,94,93,1,1
36114,123,133,-10,10
36115,141,120,21,21
36116,61,70,-9,9
36117,151,167,-16,16
36118,117,116,1,1
36119,88,93,-5,5
36120,71,68,3,3
36121,131,129,2,2
36122,98,89,9,9
36123,54,49,5,5
36124,133,127,6,6
36125,68,70,-2,2
36126,49,65,-16,16
36127,106,101,5,5
36128,144,131,13,13
36129,105,108,-3,3
36130,59,51,8,8
36131,65,71,-6,6
36132,136,121,15,15
36133,58,54,4,4
36134,49,51,-2,2
36135,47,50,-3,3
36136,87,84,3,3
36137,81,94,-13,13
36138,110,103,7,7
36139,119,118,1,1
36140,114,108,6,6
36141,77,71,6,6
36142,114,115,-1,1
36143,112,102,10,10
36144,86,108,-22,22
36145,91,89,2,2
36146,136,116,20,20
36147,52,43,9,9
36148,85,83,2,2
36149,97,93,4,4
36150,151,137,14,14
36151,118,104,14,14
36152,156,135,21,21
36153,61,49,12,12
36154,107,97,10,10
36155,173,173,0,0
36156,86,90,-4,4
36157,74,79,-5,5
36158,90,92,-2,2
36159,61,62,-1,1
36160,112,116,-4,4
36161,114,114,0,0
36162,86,91,-5,5
36163,115,116,-1,1
36164,128,119,9,9
36165,62,69,-7,7
36166,81,97,-16,16
36167,102,108,-6,6
36168,104,105,-1,1
36169,70,78,-8,8
36170,85,79,6,6
36171,59,63,-4,4
36172,112,111,1,1
36173,141,141,0,0
36174,103,86,17,17
36175,89,78,11,11
36176,83,84,-1,1
36177,54,49,5,5
36178,70,79,-9,9
36179,75,75,0,0
36180,124,126,-2,2
36181,64,65,-1,1
36182,137,132,5,5
36183,112,127,-15,15
36184,60,63,-3,3
36185,103,113,-10,10
36186,76,65,11,11
36187,100,79,21,21
36188,68,75,-7,7
36189,72,77,-5,5
36190,52,57,-5,5
36191,91,99,-8,8
36192,57,59,-2,2
36193,71,65,6,6
36194,99,99,0,0
36195,117,138,-21,21
36196,179,168,11,11
36197,109,105,4,4
36198,33,41,-8,8
36199,101,99,2,2
36200,105,92,13,13
36201,88,82,6,6
36202,152,154,-2,2
36203,88,74,14,14
36204,140,135,5,5
36205,123,111,12,12
36206,129,133,-4,4
36207,57,57,0,0
36208,53,58,-5,5
36209,65,64,1,1
36210,72,67,5,5
36211,127,138,-11,11
36212,62,68,-6,6
36213,47,51,-4,4
36214,101,122,-21,21
36215,58,50,8,8
36216,90,91,-1,1
36217,71,72,-1,1
36218,148,139,9,9
36219,131,127,4,4
36220,173,172,1,1
36221,140,125,15,15
36222,88,84,4,4
36223,105,109,-4,4
36224,129,110,19,19
36225,105,102,3,3
36226,113,131,-18,18
36227,83,90,-7,7
36228,58,62,-4,4
36229,59,61,-2,2
36230,110,88,22,22
36231,106,111,-5,5
36232,95,100,-5,5
36233,101,76,25,25
36234,56,78,-22,22
36235,134,134,0,0
36236,118,115,3,3
36237,114,102,12,12
36238,70,71,-1,1
36239,68,68,0,0
36240,66,72,-6,6
36241,92,87,5,5
36242,113,115,-2,2
36243,108,102,6,6
36244,91,95,-4,4
36245,146,154,-8,8
36246,114,106,8,8
36247,103,106,-3,3
36248,108,158,-50,50
36249,60,59,1,1
36250,62,48,14,14
36251,102,106,-4,4
36252,110,118,-8,8
36253,194,171,23,23
36254,53,59,-6,6
36255,102,100,2,2
36256,175,162,13,13
36257,66,65,1,1
36258,108,99,9,9
36259,112,112,0,0
36260,154,142,12,12
36261,121,127,-6,6
36262,66,63,3,3
36263,84,83,1,1
36264,72,72,0,0
36265,97,90,7,7
36266,125,119,6,6
36267,53,52,1,1
36268,56,65,-9,9
36269,139,140,-1,1
36270,76,88,-12,12
36271,98,95,3,3
36272,64,62,2,2
36273,102,112,-10,10
36274,63,83,-20,20
36275,125,126,-1,1
36276,133,110,23,23
36277,61,62,-1,1
36278,57,59,-2,2
36279,87,81,6,6
36280,65,77,-12,12
36281,45,52,-7,7
36282,105,107,-2,2
36283,123,110,13,13
36284,96,85,11,11
36285,146,171,-25,25
36286,65,70,-5,5
36287,93,77,16,16
36288,67,71,-4,4
36289,112,93,19,19
36290,128,119,9,9
36291,78,78,0,0
36292,73,70,3,3
36293,89,80,9,9
36294,62,61,1,1
36295,127,138,-11,11
36296,126,112,14,14
36297,80,80,0,0
36298,84,96,-12,12
36299,85,102,-17,17
36300,65,78,-13,13
36301,63,48,15,15
36302,42,56,-14,14
36303,84,81,3,3
36304,73,73,0,0
36305,50,47,3,3
36306,107,128,-21,21
36307,108,105,3,3
36308,65,70,-5,5
36309,150,123,27,27
36310,101,97,4,4
36311,51,61,-10,10
36312,74,69,5,5
36313,79,77,2,2
36314,117,103,14,14
36315,71,80,-9,9
36316,70,90,-20,20
36317,75,72,3,3
36318,38,53,-15,15
36319,104,113,-9,9
36320,97,92,5,5
36321,117,108,9,9
36322,78,69,9,9
36323,58,67,-9,9
36324,133,131,2,2
36325,51,52,-1,1
36326,117,120,-3,3
36327,82,74,8,8
36328,155,149,6,6
36329,102,108,-6,6
36330,137,135,2,2
36331,85,77,8,8
36332,132,140,-8,8
36333,35,42,-7,7
36334,72,75,-3,3
36335,119,117,2,2
36336,90,79,11,11
36337,69,67,2,2
36338,76,92,-16,16
36339,85,82,3,3
36340,114,113,1,1
36341,84,112,-28,28
36342,78,84,-6,6
36343,55,61,-6,6
36344,102,110,-8,8
36345,163,131,32,32
36346,69,71,-2,2
36347,126,127,-1,1
36348,43,50,-7,7
36349,61,63,-2,2
36350,54,52,2,2
36351,109,102,7,7
36352,102,126,-24,24
36353,80,81,-1,1
36354,206,185,21,21
36355,51,51,0,0
36356,89,78,11,11
36357,72,72,0,0
36358,127,125,2,2
36359,76,78,-2,2
36360,107,113,-6,6
36361,71,66,5,5
36362,66,69,-3,3
36363,76,72,4,4
36364,184,162,22,22
36365,129,131,-2,2
36366,55,61,-6,6
36367,110,107,3,3
36368,75,77,-2,2
36369,61,57,4,4
36370,136,131,5,5
36371,103,103,0,0
36372,115,123,-8,8
36373,55,61,-6,6
36374,113,109,4,4
36375,89,93,-4,4
36376,121,108,13,13
36377,80,105,-25,25
36378,141,142,-1,1
36379,150,164,-14,14
36380,90,73,17,17
36381,73,74,-1,1
36382,137,158,-21,21
36383,107,95,12,12
36384,86,86,0,0
36385,112,105,7,7
36386,46,50,-4,4
36387,72,75,-3,3
36388,99,102,-3,3
36389,63,71,-8,8
36390,126,103,23,23
36391,64,69,-5,5
36392,90,106,-16,16
36393,59,65,-6,6
36394,66,56,10,10
36395,114,93,21,21
36396,102,98,4,4
36397,77,81,-4,4
36398,90,75,15,15
36399,68,65,3,3
36400,78,73,5,5
36401,71,75,-4,4
36402,49,47,2,2
36403,83,85,-2,2
36404,112,123,-11,11
36405,102,112,-10,10
36406,134,112,22,22
36407,57,60,-3,3
36408,71,77,-6,6
36409,163,163,0,0
36410,130,125,5,5
36411,123,123,0,0
36412,117,116,1,1
36413,78,75,3,3
36414,39,40,-1,1
36415,49,57,-8,8
36416,57,62,-5,5
36417,51,66,-15,15
36418,123,104,19,19
36419,92,93,-1,1
36420,93,91,2,2
36421,77,77,0,0
36422,197,168,29,29
36423,112,116,-4,4
36424,63,69,-6,6
36425,83,91,-8,8
36426,68,85,-17,17
36427,105,99,6,6
36428,62,72,-10,10
36429,71,67,4,4
36430,91,85,6,6
36431,85,79,6,6
36432,197,192,5,5
36433,124,117,7,7
36434,119,107,12,12
36435,130,143,-13,13
36436,81,78,3,3
36437,92,97,-5,5
36438,71,77,-6,6
36439,67,66,1,1
36440,99,92,7,7
36441,94,94,0,0
36442,114,125,-11,11
36443,167,149,18,18
36444,120,102,18,18
36445,125,116,9,9
36446,70,65,5,5
36447,114,105,9,9
36448,95,84,11,11
36449,46,65,-19,19
36450,101,110,-9,9
36451,61,54,7,7
36452,90,102,-12,12
36453,67,176,-109,109
36454,157,144,13,13
36455,79,98,-19,19
36456,105,97,8,8
36457,112,100,12,12
36458,89,88,1,1
36459,105,95,10,10
36460,124,128,-4,4
36461,65,57,8,8
36462,73,72,1,1
36463,66,70,-4,4
36464,61,68,-7,7
36465,125,132,-7,7
36466,122,130,-8,8
36467,76,72,4,4
36468,90,94,-4,4
36469,176,152,24,24
36470,62,70,-8,8
36471,139,130,9,9
36472,43,43,0,0
36473,67,74,-7,7
36474,50,58,-8,8
36475,66,69,-3,3
36476,59,59,0,0
36477,81,92,-11,11
36478,83,69,14,14
36479,92,87,5,5
36480,76,88,-12,12
36481,62,66,-4,4
36482,64,69,-5,5
36483,92,100,-8,8
36484,123,120,3,3
36485,84,68,16,16
36486,88,86,2,2
36487,58,66,-8,8
36488,87,86,1,1
36489,73,81,-8,8
36490,44,53,-9,9
36491,123,114,9,9
36492,76,75,1,1
36493,82,106,-24,24
36494,84,87,-3,3
36495,69,70,-1,1
36496,80,87,-7,7
36497,104,100,4,4
36498,81,84,-3,3
36499,79,90,-11,11
36500,90,109,-19,19
36501,105,93,12,12
36502,140,135,5,5
36503,85,92,-7,7
36504,96,91,5,5
36505,102,94,8,8
36506,81,73,8,8
36507,117,107,10,10
36508,68,65,3,3
36509,79,80,-1,1
36510,143,128,15,15
36511,66,64,2,2
36512,52,57,-5,5
36513,109,99,10,10
36514,40,55,-15,15
36515,140,130,10,10
36516,115,105,10,10
36517,74,84,-10,10
36518,61,62,-1,1
36519,66,71,-5,5
36520,92,85,7,7
36521,48,73,-25,25
36522,116,110,6,6
36523,141,123,18,18
36524,113,110,3,3
36525,89,82,7,7
36526,139,121,18,18
36527,134,135,-1,1
36528,152,140,12,12
36529,88,90,-2,2
36530,93,92,1,1
36531,161,150,11,11
36532,90,91,-1,1
36533,68,74,-6,6
36534,148,133,15,15
36535,82,76,6,6
36536,96,87,9,9
36537,171,166,5,5
36538,96,108,-12,12
36539,66,68,-2,2
36540,113,109,4,4
36541,78,86,-8,8
36542,82,81,1,1
36543,61,63,-2,2
36544,82,79,3,3
36545,99,108,-9,9
36546,225,179,46,46
36547,81,80,1,1
36548,62,48,14,14
36549,66,63,3,3
36550,44,47,-3,3
36551,74,89,-15,15
36552,83,78,5,5
36553,109,97,12,12
36554,51,74,-23,23
36555,121,137,-16,16
36556,83,70,13,13
36557,81,91,-10,10
36558,53,53,0,0
36559,73,82,-9,9
36560,109,108,1,1
36561,151,149,2,2
36562,115,122,-7,7
36563,122,107,15,15
36564,116,117,-1,1
36565,107,100,7,7
36566,109,104,5,5
36567,72,72,0,0
36568,43,37,6,6
36569,78,76,2,2
36570,127,114,13,13
36571,50,56,-6,6
36572,96,87,9,9
36573,53,58,-5,5
36574,37,47,-10,10
36575,94,92,2,2
36576,56,56,0,0
36577,27,47,-20,20
36578,38,73,-35,35
36579,109,112,-3,3
36580,109,112,-3,3
36581,70,86,-16,16
36582,60,63,-3,3
36583,82,93,-11,11
36584,67,62,5,5
36585,67,68,-1,1
36586,78,62,16,16
36587,62,73,-11,11
36588,49,61,-12,12
36589,109,98,11,11
36590,88,91,-3,3
36591,81,91,-10,10
36592,82,88,-6,6
36593,90,89,1,1
36594,79,83,-4,4
36595,97,102,-5,5
36596,75,80,-5,5
36597,104,98,6,6
36598,84,85,-1,1
36599,146,144,2,2
36600,62,62,0,0
36601,104,110,-6,6
36602,106,117,-11,11
36603,92,93,-1,1
36604,92,84,8,8
36605,92,92,0,0
36606,71,86,-15,15
36607,91,91,0,0
36608,87,77,10,10
36609,79,100,-21,21
36610,86,97,-11,11
36611,128,123,5,5
36612,186,180,6,6
36613,138,117,21,21
36614,89,87,2,2
36615,168,159,9,9
36616,46,57,-11,11
36617,93,90,3,3
36618,72,74,-2,2
36619,110,103,7,7
36620,99,91,8,8
36621,51,56,-5,5
36622,93,79,14,14
36623,99,96,3,3
36624,126,122,4,4
36625,64,66,-2,2
36626,209,189,20,20
36627,102,105,-3,3
36628,98,106,-8,8
36629,79,67,12,12
36630,85,82,3,3
36631,64,65,-1,1
36632,83,85,-2,2
36633,121,101,20,20
36634,111,104,7,7
36635,72,71,1,1
36636,97,103,-6,6
36637,96,92,4,4
36638,64,76,-12,12
36639,128,143,-15,15
36640,34,38,-4,4
36641,124,94,30,30
36642,84,75,9,9
36643,132,128,4,4
36644,55,62,-7,7
36645,118,116,2,2
36646,47,60,-13,13
36647,74,72,2,2
36648,75,74,1,1
36649,93,92,1,1
36650,171,147,24,24
36651,81,77,4,4
36652,62,60,2,2
36653,81,74,7,7
36654,83,76,7,7
36655,65,68,-3,3
36656,61,69,-8,8
36657,83,83,0,0
36658,102,97,5,5
36659,78,75,3,3
36660,85,80,5,5
36661,122,121,1,1
36662,60,72,-12,12
36663,151,154,-3,3
36664,72,80,-8,8
36665,93,79,14,14
36666,99,98,1,1
36667,95,98,-3,3
36668,105,102,3,3
36669,83,76,7,7
36670,128,125,3,3
36671,76,102,-26,26
36672,114,96,18,18
36673,125,132,-7,7
36674,88,80,8,8
36675,117,126,-9,9
36676,54,63,-9,9
36677,102,106,-4,4
36678,60,58,2,2
36679,47,61,-14,14
36680,76,78,-2,2
36681,53,62,-9,9
36682,83,93,-10,10
36683,148,163,-15,15
36684,101,99,2,2
36685,126,120,6,6
36686,124,225,-101,101
36687,114,121,-7,7
36688,74,75,-1,1
36689,83,102,-19,19
36690,109,105,4,4
36691,89,104,-15,15
36692,76,83,-7,7
36693,53,57,-4,4
36694,78,70,8,8
36695,60,69,-9,9
36696,136,122,14,14
36697,42,60,-18,18
36698,126,115,11,11
36699,99,108,-9,9
36700,96,94,2,2
36701,45,52,-7,7
36702,77,72,5,5
36703,167,150,17,17
36704,102,129,-27,27
36705,92,100,-8,8
36706,61,53,8,8
36707,138,127,11,11
36708,117,126,-9,9
36709,127,124,3,3
36710,92,80,12,12
36711,83,89,-6,6
36712,69,63,6,6
36713,189,176,13,13
36714,89,79,10,10
36715,154,147,7,7
36716,78,89,-11,11
36717,92,85,7,7
36718,151,154,-3,3
36719,138,140,-2,2
36720,73,70,3,3
36721,152,137,15,15
36722,122,119,3,3
36723,71,70,1,1
36724,118,122,-4,4
36725,93,79,14,14
36726,104,101,3,3
36727,85,83,2,2
36728,91,89,2,2
36729,50,52,-2,2
36730,102,88,14,14
36731,120,117,3,3
36732,111,99,12,12
36733,71,73,-2,2
36734,57,58,-1,1
36735,161,148,13,13
36736,53,50,3,3
36737,122,138,-16,16
36738,125,118,7,7
36739,83,73,10,10
36740,74,78,-4,4
36741,78,74,4,4
36742,51,53,-2,2
36743,167,131,36,36
36744,78,80,-2,2
36745,207,194,13,13
36746,120,114,6,6
36747,142,133,9,9
36748,71,91,-20,20
36749,144,120,24,24
36750,55,61,-6,6
36751,75,65,10,10
36752,113,124,-11,11
36753,100,106,-6,6
36754,56,60,-4,4
36755,137,127,10,10
36756,92,90,2,2
36757,142,133,9,9
36758,114,112,2,2
36759,47,55,-8,8
36760,61,58,3,3
36761,130,120,10,10
36762,68,69,-1,1
36763,72,89,-17,17
36764,39,44,-5,5
36765,116,121,-5,5
36766,135,125,10,10
36767,121,120,1,1
36768,126,125,1,1
36769,115,126,-11,11
36770,92,85,7,7
36771,137,126,11,11
36772,67,70,-3,3
36773,58,49,9,9
36774,74,76,-2,2
36775,66,58,8,8
36776,70,64,6,6
36777,89,107,-18,18
36778,85,92,-7,7
36779,77,79,-2,2
36780,54,82,-28,28
36781,103,107,-4,4
36782,45,57,-12,12
36783,35,54,-19,19
36784,84,106,-22,22
36785,61,79,-18,18
36786,114,109,5,5
36787,47,56,-9,9
36788,86,86,0,0
36789,92,91,1,1
36790,61,48,13,13
36791,96,95,1,1
36792,48,58,-10,10
36793,115,125,-10,10
36794,209,205,4,4
36795,89,91,-2,2
36796,63,54,9,9
36797,68,73,-5,5
36798,88,102,-14,14
36799,63,67,-4,4
36800,121,127,-6,6
36801,146,159,-13,13
36802,64,57,7,7
36803,75,87,-12,12
36804,118,126,-8,8
36805,121,122,-1,1
36806,87,78,9,9
36807,80,73,7,7
36808,80,76,4,4
36809,107,94,13,13
36810,137,133,4,4
36811,96,90,6,6
36812,74,85,-11,11
36813,90,81,9,9
36814,70,72,-2,2
36815,45,63,-18,18
36816,63,63,0,0
36817,122,104,18,18
36818,80,80,0,0
36819,91,89,2,2
36820,241,225,16,16
36821,49,50,-1,1
36822,115,123,-8,8
36823,136,113,23,23
36824,87,74,13,13
36825,90,110,-20,20
36826,86,109,-23,23
36827,126,121,5,5
36828,63,83,-20,20
36829,68,72,-4,4
36830,83,78,5,5
36831,101,91,10,10
36832,82,104,-22,22
36833,105,113,-8,8
36834,141,141,0,0
36835,67,77,-10,10
36836,29,49,-20,20
36837,96,103,-7,7
36838,69,68,1,1
36839,62,73,-11,11
36840,68,75,-7,7
36841,96,84,12,12
36842,122,127,-5,5
36843,109,108,1,1
36844,83,84,-1,1
36845,127,124,3,3
36846,115,124,-9,9
36847,95,94,1,1
36848,64,64,0,0
36849,80,83,-3,3
36850,285,260,25,25
36851,88,96,-8,8
36852,154,126,28,28
36853,163,160,3,3
36854,68,111,-43,43
36855,72,89,-17,17
36856,184,187,-3,3
36857,87,93,-6,6
36858,58,55,3,3
36859,110,116,-6,6
36860,62,67,-5,5
36861,53,45,8,8
36862,158,154,4,4
36863,87,106,-19,19
36864,70,80,-10,10
36865,72,75,-3,3
36866,141,124,17,17
36867,94,92,2,2
36868,48,60,-12,12
36869,56,59,-3,3
36870,169,163,6,6
36871,81,102,-21,21
36872,71,87,-16,16
36873,97,90,7,7
36874,73,83,-10,10
36875,90,93,-3,3
36876,122,122,0,0
36877,68,60,8,8
36878,128,122,6,6
36879,68,69,-1,1
36880,128,133,-5,5
36881,80,74,6,6
36882,76,75,1,1
36883,131,136,-5,5
36884,96,97,-1,1
36885,118,123,-5,5
36886,112,109,3,3
36887,174,159,15,15
36888,44,49,-5,5
36889,92,101,-9,9
36890,66,66,0,0
36891,90,106,-16,16
36892,144,142,2,2
36893,110,111,-1,1
36894,164,151,13,13
36895,85,76,9,9
36896,87,91,-4,4
36897,126,148,-22,22
36898,70,69,1,1
36899,111,104,7,7
36900,56,57,-1,1
36901,50,57,-7,7
36902,93,91,2,2
36903,66,73,-7,7
36904,77,73,4,4
36905,59,54,5,5
36906,95,101,-6,6
36907,79,75,4,4
36908,84,85,-1,1
36909,81,83,-2,2
36910,118,112,6,6
36911,62,59,3,3
36912,113,115,-2,2
36913,89,80,9,9
36914,109,99,10,10
36915,157,150,7,7
36916,144,152,-8,8
36917,113,107,6,6
36918,136,127,9,9
36919,55,43,12,12
36920,100,118,-18,18
36921,127,122,5,5
36922,137,129,8,8
36923,77,78,-1,1
36924,75,81,-6,6
36925,96,99,-3,3
36926,183,171,12,12
36927,100,84,16,16
36928,66,66,0,0
36929,87,98,-11,11
36930,76,80,-4,4
36931,79,105,-26,26
36932,84,81,3,3
36933,101,99,2,2
36934,110,106,4,4
36935,97,101,-4,4
36936,55,54,1,1
36937,94,85,9,9
36938,65,72,-7,7
36939,78,77,1,1
36940,69,66,3,3
36941,171,159,12,12
36942,78,84,-6,6
36943,58,62,-4,4
36944,79,78,1,1
36945,90,92,-2,2
36946,43,34,9,9
36947,80,110,-30,30
36948,121,129,-8,8
36949,186,170,16,16
36950,87,86,1,1
36951,25,26,-1,1
36952,77,88,-11,11
36953,111,110,1,1
36954,60,59,1,1
36955,70,79,-9,9
36956,145,136,9,9
36957,83,68,15,15
36958,87,75,12,12
36959,79,70,9,9
36960,110,108,2,2
36961,70,69,1,1
36962,157,147,10,10
36963,95,105,-10,10
36964,62,65,-3,3
36965,83,87,-4,4
36966,64,61,3,3
36967,240,217,23,23
36968,77,90,-13,13
36969,171,150,21,21
36970,111,110,1,1
36971,98,97,1,1
36972,60,61,-1,1
36973,94,92,2,2
36974,117,109,8,8
36975,113,110,3,3
36976,149,166,-17,17
36977,84,87,-3,3
36978,50,59,-9,9
36979,109,123,-14,14
36980,77,87,-10,10
36981,125,127,-2,2
36982,74,78,-4,4
36983,80,86,-6,6
36984,70,74,-4,4
36985,79,77,2,2
36986,125,111,14,14
36987,102,85,17,17
36988,72,69,3,3
36989,99,113,-14,14
36990,73,89,-16,16
36991,104,92,12,12
36992,99,92,7,7
36993,97,94,3,3
36994,135,138,-3,3
36995,80,92,-12,12
36996,146,140,6,6
36997,59,67,-8,8
36998,95,96,-1,1
36999,159,150,9,9
37000,73,72,1,1
37001,94,97,-3,3
37002,159,129,30,30
37003,178,193,-15,15
37004,58,66,-8,8
37005,88,82,6,6
37006,88,90,-2,2
37007,81,85,-4,4
37008,79,73,6,6
37009,54,57,-3,3
37010,88,87,1,1
37011,75,73,2,2
37012,101,90,11,11
37013,89,81,8,8
37014,51,61,-10,10
37015,121,119,2,2
37016,110,105,5,5
37017,99,90,9,9
37018,63,56,7,7
37019,113,121,-8,8
37020,137,142,-5,5
37021,114,131,-17,17
37022,87,88,-1,1
37023,176,139,37,37
37024,136,133,3,3
37025,104,101,3,3
37026,131,171,-40,40
37027,100,115,-15,15
37028,110,113,-3,3
37029,54,52,2,2
37030,99,99,0,0
37031,55,62,-7,7
37032,141,128,13,13
37033,142,137,5,5
37034,125,120,5,5
37035,114,119,-5,5
37036,121,116,5,5
37037,138,119,19,19
37038,66,76,-10,10
37039,108,106,2,2
37040,137,122,15,15
37041,57,59,-2,2
37042,97,95,2,2
37043,114,108,6,6
37044,124,149,-25,25
37045,66,74,-8,8
37046,51,60,-9,9
37047,162,154,8,8
37048,161,152,9,9
37049,116,110,6,6
37050,111,113,-2,2
37051,143,134,9,9
37052,41,50,-9,9
37053,97,87,10,10
37054,49,57,-8,8
37055,156,154,2,2
37056,48,60,-12,12
37057,82,81,1,1
37058,58,64,-6,6
37059,81,73,8,8
37060,81,77,4,4
37061,68,68,0,0
37062,120,118,2,2
37063,28,32,-4,4
37064,84,102,-18,18
37065,96,99,-3,3
37066,79,76,3,3
37067,446,442,4,4
37068,132,124,8,8
37069,131,123,8,8
37070,60,77,-17,17
37071,78,71,7,7
37072,113,112,1,1
37073,67,67,0,0
37074,83,79,4,4
37075,77,62,15,15
37076,82,80,2,2
37077,60,64,-4,4
37078,112,113,-1,1
37079,124,118,6,6
37080,150,132,18,18
37081,87,87,0,0
37082,129,121,8,8
37083,151,135,16,16
37084,36,42,-6,6
37085,100,97,3,3
37086,57,104,-47,47
37087,108,115,-7,7
37088,78,84,-6,6
37089,72,67,5,5
37090,69,84,-15,15
37091,108,117,-9,9
37092,87,81,6,6
37093,51,60,-9,9
37094,48,54,-6,6
37095,98,117,-19,19
37096,31,54,-23,23
37097,140,126,14,14
37098,74,69,5,5
37099,95,103,-8,8
37100,87,84,3,3
37101,120,127,-7,7
37102,83,75,8,8
37103,81,90,-9,9
37104,75,79,-4,4
37105,87,90,-3,3
37106,145,152,-7,7
37107,98,86,12,12
37108,52,38,14,14
37109,83,79,4,4
37110,55,77,-22,22
37111,110,117,-7,7
37112,125,129,-4,4
37113,87,79,8,8
37114,101,101,0,0
37115,81,75,6,6
37116,143,141,2,2
37117,218,205,13,13
37118,79,78,1,1
37119,97,85,12,12
37120,58,62,-4,4
37121,116,114,2,2
37122,76,57,19,19
37123,94,98,-4,4
37124,79,81,-2,2
37125,60,69,-9,9
37126,103,114,-11,11
37127,51,53,-2,2
37128,113,108,5,5
37129,83,101,-18,18
37130,121,119,2,2
37131,87,80,7,7
37132,152,148,4,4
37133,97,85,12,12
37134,169,159,10,10
37135,73,90,-17,17
37136,141,149,-8,8
37137,88,82,6,6
37138,75,162,-87,87
37139,78,79,-1,1
37140,114,103,11,11
37141,95,79,16,16
37142,100,110,-10,10
37143,94,97,-3,3
37144,62,54,8,8
37145,75,110,-35,35
37146,91,92,-1,1
37147,155,140,15,15
37148,82,73,9,9
37149,120,119,1,1
37150,154,141,13,13
37151,45,51,-6,6
37152,69,75,-6,6
37153,70,77,-7,7
37154,129,126,3,3
37155,83,72,11,11
37156,102,93,9,9
37157,34,55,-21,21
37158,84,77,7,7
37159,93,86,7,7
37160,173,151,22,22
37161,81,87,-6,6
37162,112,127,-15,15
37163,141,136,5,5
37164,117,106,11,11
37165,87,80,7,7
37166,89,105,-16,16
37167,138,134,4,4
37168,77,83,-6,6
37169,71,80,-9,9
37170,108,119,-11,11
37171,84,82,2,2
37172,90,101,-11,11
37173,156,139,17,17
37174,90,93,-3,3
37175,91,96,-5,5
37176,64,64,0,0
37177,66,68,-2,2
37178,59,61,-2,2
37179,124,120,4,4
37180,49,49,0,0
37181,108,102,6,6
37182,83,83,0,0
37183,115,106,9,9
37184,59,67,-8,8
37185,51,67,-16,16
37186,90,95,-5,5
37187,77,84,-7,7
37188,59,54,5,5
37189,100,93,7,7
37190,138,129,9,9
37191,237,235,2,2
37192,71,82,-11,11
37193,51,55,-4,4
37194,160,164,-4,4
37195,162,150,12,12
37196,121,116,5,5
37197,122,114,8,8
37198,64,61,3,3
37199,78,74,4,4
37200,107,133,-26,26
37201,102,114,-12,12
37202,74,80,-6,6
37203,90,99,-9,9
37204,65,52,13,13
37205,85,84,1,1
37206,88,90,-2,2
37207,95,91,4,4
37208,92,85,7,7
37209,148,124,24,24
37210,89,97,-8,8
37211,63,71,-8,8
37212,98,93,5,5
37213,74,68,6,6
37214,69,74,-5,5
37215,58,64,-6,6
37216,148,143,5,5
37217,75,76,-1,1
37218,128,128,0,0
37219,63,77,-14,14
37220,113,106,7,7
37221,88,97,-9,9
37222,68,66,2,2
37223,98,94,4,4
37224,79,88,-9,9
37225,69,73,-4,4
37226,284,271,13,13
37227,76,77,-1,1
37228,98,100,-2,2
37229,73,78,-5,5
37230,135,129,6,6
37231,71,66,5,5
37232,85,80,5,5
37233,58,68,-10,10
37234,110,114,-4,4
37235,63,69,-6,6
37236,91,109,-18,18
37237,72,82,-10,10
37238,111,135,-24,24
37239,75,79,-4,4
37240,127,124,3,3
37241,157,148,9,9
37242,136,136,0,0
37243,66,67,-1,1
37244,53,53,0,0
37245,76,86,-10,10
37246,76,77,-1,1
37247,123,122,1,1
37248,90,79,11,11
37249,62,63,-1,1
37250,93,108,-15,15
37251,150,128,22,22
37252,114,116,-2,2
37253,99,86,13,13
37254,85,83,2,2
37255,68,70,-2,2
37256,54,69,-15,15
37257,64,62,2,2
37258,126,121,5,5
37259,52,51,1,1
37260,119,121,-2,2
37261,112,108,4,4
37262,257,263,-6,6
37263,75,72,3,3
37264,58,58,0,0
37265,87,83,4,4
37266,50,54,-4,4
37267,79,86,-7,7
37268,142,123,19,19
37269,122,127,-5,5
37270,69,76,-7,7
37271,82,78,4,4
37272,83,95,-12,12
37273,87,84,3,3
37274,132,130,2,2
37275,110,123,-13,13
37276,98,88,10,10
37277,93,88,5,5
37278,112,119,-7,7
37279,101,92,9,9
37280,97,95,2,2
37281,111,117,-6,6
37282,53,56,-3,3
37283,78,95,-17,17
37284,104,102,2,2
37285,86,85,1,1
37286,109,105,4,4
37287,136,124,12,12
37288,113,129,-16,16
37289,53,60,-7,7
37290,85,73,12,12
37291,142,122,20,20
37292,141,137,4,4
37293,87,85,2,2
37294,79,77,2,2
37295,171,153,18,18
37296,104,103,1,1
37297,91,120,-29,29
37298,70,71,-1,1
37299,93,96,-3,3
37300,115,116,-1,1
37301,49,39,10,10
37302,115,97,18,18
37303,85,75,10,10
37304,96,96,0,0
37305,112,103,9,9
37306,133,132,1,1
37307,114,116,-2,2
37308,78,102,-24,24
37309,158,152,6,6
37310,73,60,13,13
37311,44,46,-2,2
37312,160,153,7,7
37313,114,113,1,1
37314,163,122,41,41
37315,113,112,1,1
37316,92,102,-10,10
37317,35,42,-7,7
37318,135,130,5,5
37319,113,108,5,5
37320,105,85,20,20
37321,79,69,10,10
37322,130,123,7,7
37323,129,124,5,5
37324,81,88,-7,7
37325,71,83,-12,12
37326,233,200,33,33
37327,79,86,-7,7
37328,88,87,1,1
37329,121,134,-13,13
37330,132,119,13,13
37331,179,165,14,14
37332,199,156,43,43
37333,133,127,6,6
37334,127,122,5,5
37335,71,81,-10,10
37336,59,64,-5,5
37337,92,90,2,2
37338,98,92,6,6
37339,93,88,5,5
37340,103,81,22,22
37341,114,122,-8,8
37342,80,72,8,8
37343,84,71,13,13
37344,95,88,7,7
37345,141,139,2,2
37346,184,164,20,20
37347,138,119,19,19
37348,59,58,1,1
37349,172,157,15,15
37350,146,129,17,17
37351,72,76,-4,4
37352,139,146,-7,7
37353,108,99,9,9
37354,91,99,-8,8
37355,38,53,-15,15
37356,44,46,-2,2
37357,86,87,-1,1
37358,68,74,-6,6
37359,68,63,5,5
37360,100,111,-11,11
37361,135,124,11,11
37362,30,46,-16,16
37363,149,143,6,6
37364,93,98,-5,5
37365,132,142,-10,10
37366,61,62,-1,1
37367,104,109,-5,5
37368,119,114,5,5
37369,61,79,-18,18
37370,79,87,-8,8
37371,48,52,-4,4
37372,80,60,20,20
37373,145,173,-28,28
37374,65,68,-3,3
37375,68,61,7,7
37376,68,68,0,0
37377,78,86,-8,8
37378,65,85,-20,20
37379,98,106,-8,8
37380,102,103,-1,1
37381,115,96,19,19
37382,71,70,1,1
37383,63,60,3,3
37384,64,74,-10,10
37385,97,91,6,6
37386,102,83,19,19
37387,101,111,-10,10
37388,34,43,-9,9
37389,70,66,4,4
37390,53,72,-19,19
37391,92,93,-1,1
37392,83,86,-3,3
37393,101,112,-11,11
37394,76,77,-1,1
37395,76,77,-1,1
37396,111,100,11,11
37397,49,52,-3,3
37398,55,65,-10,10
37399,115,114,1,1
37400,126,123,3,3
37401,121,116,5,5
37402,145,130,15,15
37403,60,70,-10,10
37404,73,62,11,11
37405,63,74,-11,11
37406,71,64,7,7
37407,81,87,-6,6
37408,98,97,1,1
37409,138,139,-1,1
37410,69,74,-5,5
37411,172,178,-6,6
37412,57,65,-8,8
37413,119,109,10,10
37414,65,67,-2,2
37415,54,53,1,1
37416,86,93,-7,7
37417,116,111,5,5
37418,145,134,11,11
37419,102,106,-4,4
37420,108,101,7,7
37421,63,69,-6,6
37422,125,129,-4,4
37423,90,94,-4,4
37424,139,142,-3,3
37425,94,93,1,1
37426,86,84,2,2
37427,44,86,-42,42
37428,89,100,-11,11
37429,82,79,3,3
37430,114,104,10,10
37431,60,63,-3,3
37432,103,98,5,5
37433,58,78,-20,20
37434,108,118,-10,10
37435,140,140,0,0
37436,160,158,2,2
37437,54,66,-12,12
37438,106,102,4,4
37439,140,134,6,6
37440,101,93,8,8
37441,120,122,-2,2
37442,118,119,-1,1
37443,116,110,6,6
37444,108,112,-4,4
37445,205,208,-3,3
37446,192,169,23,23
37447,97,94,3,3
37448,59,57,2,2
37449,60,67,-7,7
37450,51,48,3,3
37451,48,50,-2,2
37452,118,113,5,5
37453,209,184,25,25
37454,64,66,-2,2
37455,76,84,-8,8
37456,130,128,2,2
37457,83,80,3,3
37458,69,80,-11,11
37459,66,56,10,10
37460,81,93,-12,12
37461,116,134,-18,18
37462,91,97,-6,6
37463,178,178,0,0
37464,148,161,-13,13
37465,160,158,2,2
37466,116,126,-10,10
37467,87,98,-11,11
37468,93,105,-12,12
37469,71,56,15,15
37470,121,121,0,0
37471,85,65,20,20
37472,75,77,-2,2
37473,101,100,1,1
37474,72,76,-4,4
37475,60,61,-1,1
37476,102,100,2,2
37477,111,109,2,2
37478,81,88,-7,7
37479,75,91,-16,16
37480,107,113,-6,6
37481,75,81,-6,6
37482,67,77,-10,10
37483,126,138,-12,12
37484,106,111,-5,5
37485,126,119,7,7
37486,104,109,-5,5
37487,65,71,-6,6
37488,92,89,3,3
37489,78,70,8,8
37490,127,123,4,4
37491,88,88,0,0
37492,35,53,-18,18
37493,87,94,-7,7
37494,53,64,-11,11
37495,108,113,-5,5
37496,89,91,-2,2
37497,79,75,4,4
37498,79,94,-15,15
37499,138,119,19,19
37500,92,83,9,9
37501,84,89,-5,5
37502,65,65,0,0
37503,74,73,1,1
37504,147,139,8,8
37505,96,92,4,4
37506,124,121,3,3
37507,84,85,-1,1
37508,118,121,-3,3
37509,80,80,0,0
37510,89,102,-13,13
37511,154,151,3,3
37512,96,107,-11,11
37513,73,82,-9,9
37514,218,177,41,41
37515,108,107,1,1
37516,156,157,-1,1
37517,56,61,-5,5
37518,105,101,4,4
37519,103,127,-24,24
37520,98,103,-5,5
37521,161,157,4,4
37522,150,127,23,23
37523,50,59,-9,9
37524,99,96,3,3
37525,62,66,-4,4
37526,102,99,3,3
37527,86,76,10,10
37528,81,82,-1,1
37529,51,51,0,0
37530,100,92,8,8
37531,74,69,5,5
37532,65,61,4,4
37533,95,104,-9,9
37534,99,97,2,2
37535,84,84,0,0
37536,114,97,17,17
37537,99,87,12,12
37538,58,46,12,12
37539,49,34,15,15
37540,119,113,6,6
37541,83,84,-1,1
37542,96,101,-5,5
37543,70,62,8,8
37544,108,108,0,0
37545,128,118,10,10
37546,75,69,6,6
37547,72,89,-17,17
37548,88,69,19,19
37549,71,72,-1,1
37550,103,93,10,10
37551,109,106,3,3
37552,77,76,1,1
37553,74,72,2,2
37554,105,95,10,10
37555,56,59,-3,3
37556,95,92,3,3
37557,152,136,16,16
37558,62,59,3,3
37559,128,117,11,11
37560,108,96,12,12
37561,58,63,-5,5
37562,144,119,25,25
37563,109,97,12,12
37564,66,62,4,4
37565,114,109,5,5
37566,150,125,25,25
37567,98,95,3,3
37568,151,140,11,11
37569,73,76,-3,3
37570,84,74,10,10
37571,126,125,1,1
37572,50,56,-6,6
37573,101,117,-16,16
37574,56,61,-5,5
37575,95,100,-5,5
37576,65,71,-6,6
37577,141,118,23,23
37578,94,79,15,15
37579,67,66,1,1
37580,55,61,-6,6
37581,65,66,-1,1
37582,52,69,-17,17
37583,95,96,-1,1
37584,158,144,14,14
37585,106,33,73,73
37586,101,92,9,9
37587,96,93,3,3
37588,132,136,-4,4
37589,91,97,-6,6
37590,80,83,-3,3
37591,209,187,22,22
37592,71,82,-11,11
37593,94,100,-6,6
37594,93,78,15,15
37595,103,109,-6,6
37596,69,83,-14,14
37597,190,184,6,6
37598,92,96,-4,4
37599,105,101,4,4
37600,69,71,-2,2
37601,54,62,-8,8
37602,59,57,2,2
37603,82,91,-9,9
37604,84,83,1,1
37605,30,49,-19,19
37606,150,139,11,11
37607,65,59,6,6
37608,88,73,15,15
37609,80,83,-3,3
37610,174,162,12,12
37611,134,163,-29,29
37612,82,80,2,2
37613,77,65,12,12
37614,65,69,-4,4
37615,49,60,-11,11
37616,95,96,-1,1
37617,67,67,0,0
37618,69,63,6,6
37619,125,141,-16,16
37620,124,140,-16,16
37621,81,86,-5,5
37622,93,88,5,5
37623,148,123,25,25
37624,158,152,6,6
37625,107,105,2,2
37626,138,127,11,11
37627,106,112,-6,6
37628,102,103,-1,1
37629,151,150,1,1
37630,103,118,-15,15
37631,77,80,-3,3
37632,139,136,3,3
37633,122,117,5,5
37634,86,75,11,11
37635,85,78,7,7
37636,76,74,2,2
37637,115,110,5,5
37638,137,129,8,8
37639,113,94,19,19
37640,155,135,20,20
37641,66,79,-13,13
37642,75,72,3,3
37643,120,128,-8,8
37644,116,103,13,13
37645,152,155,-3,3
37646,56,61,-5,5
37647,205,190,15,15
37648,96,105,-9,9
37649,101,94,7,7
37650,100,101,-1,1
37651,94,90,4,4
37652,130,126,4,4
37653,61,78,-17,17
37654,123,122,1,1
37655,111,123,-12,12
37656,136,142,-6,6
37657,166,151,15,15
37658,85,90,-5,5
37659,99,88,11,11
37660,58,67,-9,9
37661,98,93,5,5
37662,88,80,8,8
37663,164,159,5,5
37664,67,64,3,3
37665,112,95,17,17
37666,105,98,7,7
37667,151,136,15,15
37668,80,90,-10,10
37669,121,124,-3,3
37670,179,150,29,29
37671,151,145,6,6
37672,116,112,4,4
37673,93,96,-3,3
37674,96,93,3,3
37675,112,150,-38,38
37676,45,51,-6,6
37677,100,92,8,8
37678,71,81,-10,10
37679,72,71,1,1
37680,124,123,1,1
37681,54,59,-5,5
37682,135,126,9,9
37683,125,109,16,16
37684,125,98,27,27
37685,104,119,-15,15
37686,76,72,4,4
37687,106,150,-44,44
37688,76,72,4,4
37689,87,92,-5,5
37690,146,129,17,17
37691,91,89,2,2
37692,72,99,-27,27
37693,149,146,3,3
37694,82,76,6,6
37695,157,173,-16,16
37696,138,127,11,11
37697,122,123,-1,1
37698,105,105,0,0
37699,88,84,4,4
37700,157,166,-9,9
37701,108,90,18,18
37702,94,91,3,3
37703,102,97,5,5
37704,51,61,-10,10
37705,84,93,-9,9
37706,67,80,-13,13
37707,128,121,7,7
37708,130,127,3,3
37709,165,152,13,13
37710,100,118,-18,18
37711,121,131,-10,10
37712,74,78,-4,4
37713,58,56,2,2
37714,88,91,-3,3
37715,105,113,-8,8
37716,116,120,-4,4
37717,103,98,5,5
37718,101,100,1,1
37719,108,118,-10,10
37720,75,90,-15,15
37721,106,115,-9,9
37722,69,76,-7,7
37723,87,96,-9,9
37724,68,73,-5,5
37725,51,55,-4,4
37726,61,66,-5,5
37727,110,112,-2,2
37728,104,112,-8,8
37729,70,68,2,2
37730,47,54,-7,7
37731,69,82,-13,13
37732,48,62,-14,14
37733,92,87,5,5
37734,116,111,5,5
37735,94,99,-5,5
37736,79,77,2,2
37737,116,138,-22,22
37738,133,131,2,2
37739,70,73,-3,3
37740,153,141,12,12
37741,41,92,-51,51
37742,73,75,-2,2
37743,109,101,8,8
37744,145,131,14,14
37745,106,107,-1,1
37746,89,95,-6,6
37747,69,82,-13,13
37748,73,78,-5,5
37749,61,69,-8,8
37750,127,122,5,5
37751,104,108,-4,4
37752,103,98,5,5
37753,107,99,8,8
37754,116,117,-1,1
37755,66,83,-17,17
37756,130,115,15,15
37757,102,96,6,6
37758,102,102,0,0
37759,72,86,-14,14
37760,98,92,6,6
37761,55,48,7,7
37762,90,90,0,0
37763,116,109,7,7
37764,64,74,-10,10
37765,113,111,2,2
37766,75,80,-5,5
37767,75,85,-10,10
37768,119,124,-5,5
37769,81,70,11,11
37770,74,74,0,0
37771,156,148,8,8
37772,93,83,10,10
37773,84,84,0,0
37774,118,135,-17,17
37775,70,78,-8,8
37776,197,188,9,9
37777,57,63,-6,6
37778,41,53,-12,12
37779,110,124,-14,14
37780,94,92,2,2
37781,121,112,9,9
37782,77,79,-2,2
37783,104,82,22,22
37784,98,84,14,14
37785,101,104,-3,3
37786,65,72,-7,7
37787,140,128,12,12
37788,113,100,13,13
37789,103,93,10,10
37790,84,81,3,3
37791,75,73,2,2
37792,136,118,18,18
37793,123,120,3,3
37794,117,123,-6,6
37795,107,96,11,11
37796,64,64,0,0
37797,61,68,-7,7
37798,216,179,37,37
37799,94,101,-7,7
37800,96,96,0,0
37801,83,102,-19,19
37802,42,39,3,3
37803,93,98,-5,5
37804,61,65,-4,4
37805,101,70,31,31
37806,118,116,2,2
37807,100,111,-11,11
37808,107,127,-20,20
37809,98,104,-6,6
37810,64,58,6,6
37811,215,216,-1,1
37812,127,115,12,12
37813,91,89,2,2
37814,113,129,-16,16
37815,82,85,-3,3
37816,120,127,-7,7
37817,72,73,-1,1
37818,77,89,-12,12
37819,79,90,-11,11
37820,67,76,-9,9
37821,89,86,3,3
37822,54,56,-2,2
37823,97,99,-2,2
37824,82,76,6,6
37825,91,99,-8,8
37826,83,85,-2,2
37827,54,71,-17,17
37828,116,115,1,1
37829,80,90,-10,10
37830,75,69,6,6
37831,187,189,-2,2
37832,78,98,-20,20
37833,95,97,-2,2
37834,87,92,-5,5
37835,74,77,-3,3
37836,67,66,1,1
37837,66,70,-4,4
37838,78,79,-1,1
37839,107,98,9,9
37840,59,59,0,0
37841,92,99,-7,7
37842,41,49,-8,8
37843,130,122,8,8
37844,100,104,-4,4
37845,88,80,8,8
37846,67,62,5,5
37847,100,82,18,18
37848,99,102,-3,3
37849,69,65,4,4
37850,115,113,2,2
37851,116,115,1,1
37852,49,56,-7,7
37853,91,96,-5,5
37854,67,80,-13,13
37855,105,104,1,1
37856,137,143,-6,6
37857,72,84,-12,12
37858,61,61,0,0
37859,86,87,-1,1
37860,91,101,-10,10
37861,85,80,5,5
37862,83,76,7,7
37863,68,61,7,7
37864,103,100,3,3
37865,106,88,18,18
37866,139,120,19,19
37867,115,122,-7,7
37868,48,54,-6,6
37869,159,155,4,4
37870,61,62,-1,1
37871,113,113,0,0
37872,101,98,3,3
37873,77,80,-3,3
37874,134,123,11,11
37875,67,73,-6,6
37876,106,98,8,8
37877,57,56,1,1
37878,95,100,-5,5
37879,93,100,-7,7
37880,95,82,13,13
37881,179,172,7,7
37882,153,172,-19,19
37883,62,63,-1,1
37884,69,64,5,5
37885,165,162,3,3
37886,180,179,1,1
37887,87,90,-3,3
37888,110,113,-3,3
37889,116,117,-1,1
37890,159,157,2,2
37891,99,102,-3,3
37892,114,107,7,7
37893,102,88,14,14
37894,154,147,7,7
37895,91,97,-6,6
37896,124,108,16,16
37897,91,91,0,0
37898,41,47,-6,6
37899,45,39,6,6
37900,71,93,-22,22
37901,76,76,0,0
37902,99,109,-10,10
37903,111,105,6,6
37904,97,86,11,11
37905,124,118,6,6
37906,96,94,2,2
37907,79,97,-18,18
37908,122,134,-12,12
37909,115,101,14,14
37910,89,84,5,5
37911,73,64,9,9
37912,111,112,-1,1
37913,89,92,-3,3
37914,138,136,2,2
37915,100,111,-11,11
37916,78,84,-6,6
37917,83,87,-4,4
37918,86,96,-10,10
37919,135,138,-3,3
37920,114,111,3,3
37921,56,55,1,1
37922,149,163,-14,14
37923,81,82,-1,1
37924,79,72,7,7
37925,103,104,-1,1
37926,56,82,-26,26
37927,150,149,1,1
37928,78,79,-1,1
37929,78,78,0,0
37930,41,52,-11,11
37931,121,105,16,16
37932,123,125,-2,2
37933,76,79,-3,3
37934,103,97,6,6
37935,35,55,-20,20
37936,124,122,2,2
37937,55,61,-6,6
37938,88,92,-4,4
37939,90,87,3,3
37940,120,102,18,18
37941,71,67,4,4
37942,79,87,-8,8
37943,62,67,-5,5
37944,86,82,4,4
37945,64,70,-6,6
37946,131,146,-15,15
37947,146,132,14,14
37948,86,79,7,7
37949,98,84,14,14
37950,183,165,18,18
37951,91,95,-4,4
37952,77,75,2,2
37953,142,144,-2,2
37954,79,82,-3,3
37955,41,46,-5,5
37956,105,113,-8,8
37957,197,191,6,6
37958,115,121,-6,6
37959,71,62,9,9
37960,140,142,-2,2
37961,130,126,4,4
37962,83,81,2,2
37963,108,124,-16,16
37964,67,69,-2,2
37965,70,79,-9,9
37966,93,101,-8,8
37967,64,69,-5,5
37968,98,119,-21,21
37969,115,116,-1,1
37970,62,75,-13,13
37971,88,93,-5,5
37972,61,63,-2,2
37973,198,205,-7,7
37974,101,108,-7,7
37975,66,69,-3,3
37976,31,30,1,1
37977,94,89,5,5
37978,93,106,-13,13
37979,117,149,-32,32
37980,99,99,0,0
37981,36,37,-1,1
37982,76,76,0,0
37983,67,88,-21,21
37984,78,89,-11,11
37985,50,46,4,4
37986,55,51,4,4
37987,92,98,-6,6
37988,94,89,5,5
37989,137,134,3,3
37990,102,101,1,1
37991,113,116,-3,3
37992,89,88,1,1
37993,124,145,-21,21
37994,82,72,10,10
37995,60,64,-4,4
37996,125,109,16,16
37997,78,82,-4,4
37998,143,142,1,1
37999,142,143,-1,1
38000,106,90,16,16
38001,124,108,16,16
38002,52,57,-5,5
38003,97,113,-16,16
38004,80,72,8,8
38005,107,112,-5,5
38006,141,144,-3,3
38007,57,47,10,10
38008,89,77,12,12
38009,104,107,-3,3
38010,154,140,14,14
38011,76,84,-8,8
38012,95,83,12,12
38013,179,162,17,17
38014,64,82,-18,18
38015,119,109,10,10
38016,108,122,-14,14
38017,114,113,1,1
38018,92,90,2,2
38019,109,103,6,6
38020,139,134,5,5
38021,130,125,5,5
38022,112,101,11,11
38023,123,109,14,14
38024,125,120,5,5
38025,66,62,4,4
38026,77,83,-6,6
38027,87,92,-5,5
38028,97,113,-16,16
38029,56,50,6,6
38030,146,127,19,19
38031,71,77,-6,6
38032,176,156,20,20
38033,96,92,4,4
38034,105,107,-2,2
38035,127,129,-2,2
38036,82,83,-1,1
38037,137,158,-21,21
38038,120,113,7,7
38039,82,89,-7,7
38040,73,66,7,7
38041,78,67,11,11
38042,83,89,-6,6
38043,83,72,11,11
38044,74,81,-7,7
38045,81,82,-1,1
38046,178,144,34,34
38047,96,115,-19,19
38048,48,54,-6,6
38049,74,82,-8,8
38050,143,136,7,7
38051,94,79,15,15
38052,142,140,2,2
38053,144,150,-6,6
38054,114,120,-6,6
38055,91,90,1,1
38056,127,119,8,8
38057,65,76,-11,11
38058,152,140,12,12
38059,106,102,4,4
38060,140,137,3,3
38061,96,93,3,3
38062,72,107,-35,35
38063,71,63,8,8
38064,116,112,4,4
38065,156,142,14,14
38066,57,63,-6,6
38067,24,36,-12,12
38068,122,117,5,5
38069,118,112,6,6
38070,96,92,4,4
38071,86,75,11,11
38072,163,153,10,10
38073,60,65,-5,5
38074,80,70,10,10
38075,78,80,-2,2
38076,82,68,14,14
38077,113,106,7,7
38078,104,118,-14,14
38079,154,185,-31,31
38080,34,46,-12,12
38081,111,118,-7,7
38082,103,105,-2,2
38083,88,88,0,0
38084,112,115,-3,3
38085,115,110,5,5
38086,60,64,-4,4
38087,150,139,11,11
38088,116,109,7,7
38089,80,97,-17,17
38090,112,105,7,7
38091,116,117,-1,1
38092,83,98,-15,15
38093,161,143,18,18
38094,65,77,-12,12
38095,74,76,-2,2
38096,72,65,7,7
38097,185,164,21,21
38098,89,74,15,15
38099,90,92,-2,2
38100,175,162,13,13
38101,96,88,8,8
38102,96,87,9,9
38103,111,114,-3,3
38104,46,58,-12,12
38105,105,114,-9,9
38106,69,79,-10,10
38107,117,117,0,0
38108,91,83,8,8
38109,70,78,-8,8
38110,150,138,12,12
38111,122,124,-2,2
38112,98,107,-9,9
38113,100,90,10,10
38114,160,131,29,29
38115,139,138,1,1
38116,170,158,12,12
38117,79,82,-3,3
38118,132,124,8,8
38119,121,120,1,1
38120,118,116,2,2
38121,102,86,16,16
38122,98,93,5,5
38123,115,122,-7,7
38124,159,170,-11,11
38125,92,95,-3,3
38126,41,60,-19,19
38127,84,80,4,4
38128,132,157,-25,25
38129,109,88,21,21
38130,78,92,-14,14
38131,114,98,16,16
38132,121,104,17,17
38133,93,85,8,8
38134,115,114,1,1
38135,44,45,-1,1
38136,74,71,3,3
38137,49,55,-6,6
38138,165,161,4,4
38139,83,85,-2,2
38140,158,147,11,11
38141,101,92,9,9
38142,118,117,1,1
38143,94,104,-10,10
38144,117,134,-17,17
38145,109,111,-2,2
38146,73,93,-20,20
38147,76,75,1,1
38148,138,132,6,6
38149,113,107,6,6
38150,96,96,0,0
38151,73,77,-4,4
38152,112,99,13,13
38153,63,67,-4,4
38154,104,98,6,6
38155,82,90,-8,8
38156,54,57,-3,3
38157,84,81,3,3
38158,133,129,4,4
38159,101,102,-1,1
38160,108,123,-15,15
38161,83,83,0,0
38162,78,75,3,3
38163,82,78,4,4
38164,76,71,5,5
38165,90,88,2,2
38166,105,109,-4,4
38167,61,65,-4,4
38168,102,121,-19,19
38169,104,121,-17,17
38170,72,73,-1,1
38171,74,68,6,6
38172,92,97,-5,5
38173,85,83,2,2
38174,99,107,-8,8
38175,111,123,-12,12
38176,67,70,-3,3
38177,76,76,0,0
38178,113,101,12,12
38179,107,100,7,7
38180,117,106,11,11
38181,116,119,-3,3
38182,97,99,-2,2
38183,125,118,7,7
38184,112,114,-2,2
38185,71,80,-9,9
38186,115,111,4,4
38187,59,76,-17,17
38188,97,97,0,0
38189,124,106,18,18
38190,45,54,-9,9
38191,87,85,2,2
38192,103,129,-26,26
38193,64,64,0,0
38194,100,90,10,10
38195,97,75,22,22
38196,121,120,1,1
38197,111,122,-11,11
38198,74,72,2,2
38199,118,139,-21,21
38200,91,81,10,10
38201,89,93,-4,4
38202,105,85,20,20
38203,79,90,-11,11
38204,68,68,0,0
38205,125,124,1,1
38206,87,89,-2,2
38207,123,121,2,2
38208,93,95,-2,2
38209,100,95,5,5
38210,64,63,1,1
38211,108,98,10,10
38212,68,57,11,11
38213,86,94,-8,8
38214,107,99,8,8
38215,73,67,6,6
38216,128,128,0,0
38217,119,107,12,12
38218,54,38,16,16
38219,72,71,1,1
38220,73,72,1,1
38221,159,153,6,6
38222,83,81,2,2
38223,97,94,3,3
38224,131,129,2,2
38225,69,78,-9,9
38226,86,86,0,0
38227,119,127,-8,8
38228,100,79,21,21
38229,102,111,-9,9
38230,67,61,6,6
38231,53,60,-7,7
38232,85,91,-6,6
38233,168,168,0,0
38234,61,49,12,12
38235,77,77,0,0
38236,85,88,-3,3
38237,69,73,-4,4
38238,124,118,6,6
38239,89,85,4,4
38240,148,152,-4,4
38241,143,126,17,17
38242,57,80,-23,23
38243,144,133,11,11
38244,66,71,-5,5
38245,83,96,-13,13
38246,120,114,6,6
38247,131,128,3,3
38248,51,61,-10,10
38249,77,67,10,10
38250,62,60,2,2
38251,125,138,-13,13
38252,87,95,-8,8
38253,89,87,2,2
38254,162,161,1,1
38255,109,119,-10,10
38256,126,124,2,2
38257,87,95,-8,8
38258,87,104,-17,17
38259,116,116,0,0
38260,51,56,-5,5
38261,65,60,5,5
38262,95,87,8,8
38263,86,76,10,10
38264,98,101,-3,3
38265,74,67,7,7
38266,87,87,0,0
38267,113,102,11,11
38268,70,83,-13,13
38269,119,114,5,5
38270,180,164,16,16
38271,94,88,6,6
38272,67,82,-15,15
38273,85,95,-10,10
38274,147,151,-4,4
38275,79,74,5,5
38276,76,76,0,0
38277,60,59,1,1
38278,55,56,-1,1
38279,95,101,-6,6
38280,127,121,6,6
38281,100,95,5,5
38282,85,78,7,7
38283,127,120,7,7
38284,101,89,12,12
38285,70,70,0,0
38286,102,97,5,5
38287,73,69,4,4
38288,107,111,-4,4
38289,129,128,1,1
38290,114,107,7,7
38291,45,53,-8,8
38292,52,57,-5,5
38293,69,70,-1,1
38294,71,71,0,0
38295,65,70,-5,5
38296,211,191,20,20
38297,113,131,-18,18
38298,97,98,-1,1
38299,60,69,-9,9
38300,184,154,30,30
38301,106,110,-4,4
38302,121,127,-6,6
38303,112,131,-19,19
38304,137,138,-1,1
38305,104,105,-1,1
38306,124,132,-8,8
38307,72,62,10,10
38308,116,109,7,7
38309,76,82,-6,6
38310,99,99,0,0
38311,75,79,-4,4
38312,81,92,-11,11
38313,69,69,0,0
38314,72,80,-8,8
38315,87,68,19,19
38316,93,82,11,11
38317,136,116,20,20
38318,101,84,17,17
38319,89,85,4,4
38320,112,114,-2,2
38321,65,73,-8,8
38322,118,112,6,6
38323,92,82,10,10
38324,80,81,-1,1
38325,98,91,7,7
38326,70,77,-7,7
38327,127,113,14,14
38328,149,122,27,27
38329,70,70,0,0
38330,139,148,-9,9
38331,82,82,0,0
38332,91,98,-7,7
38333,39,59,-20,20
38334,82,100,-18,18
38335,105,105,0,0
38336,147,134,13,13
38337,104,108,-4,4
38338,117,111,6,6
38339,91,109,-18,18
38340,90,101,-11,11
38341,104,93,11,11
38342,47,69,-22,22
38343,56,59,-3,3
38344,110,120,-10,10
38345,43,51,-8,8
38346,120,113,7,7
38347,70,80,-10,10
38348,75,88,-13,13
38349,77,80,-3,3
38350,72,70,2,2
38351,105,103,2,2
38352,218,203,15,15
38353,56,60,-4,4
38354,100,101,-1,1
38355,123,137,-14,14
38356,130,117,13,13
38357,63,59,4,4
38358,89,88,1,1
38359,60,71,-11,11
38360,65,82,-17,17
38361,118,115,3,3
38362,86,88,-2,2
38363,166,166,0,0
38364,106,110,-4,4
38365,58,63,-5,5
38366,141,119,22,22
38367,96,93,3,3
38368,106,95,11,11
38369,110,110,0,0
38370,64,75,-11,11
38371,83,76,7,7
38372,92,100,-8,8
38373,70,65,5,5
38374,122,136,-14,14
38375,86,84,2,2
38376,105,90,15,15
38377,99,109,-10,10
38378,57,58,-1,1
38379,79,79,0,0
38380,59,58,1,1
38381,70,74,-4,4
38382,104,101,3,3
38383,86,86,0,0
38384,112,123,-11,11
38385,102,105,-3,3
38386,63,65,-2,2
38387,118,112,6,6
38388,63,72,-9,9
38389,104,120,-16,16
38390,86,91,-5,5
38391,167,151,16,16
38392,164,162,2,2
38393,85,88,-3,3
38394,111,117,-6,6
38395,121,103,18,18
38396,94,99,-5,5
38397,77,84,-7,7
38398,35,33,2,2
38399,95,90,5,5
38400,133,134,-1,1
38401,85,84,1,1
38402,67,57,10,10
38403,114,113,1,1
38404,157,152,5,5
38405,157,139,18,18
38406,94,102,-8,8
38407,54,63,-9,9
38408,64,58,6,6
38409,109,110,-1,1
38410,71,75,-4,4
38411,73,88,-15,15
38412,76,84,-8,8
38413,130,117,13,13
38414,79,72,7,7
38415,142,149,-7,7
38416,89,92,-3,3
38417,105,110,-5,5
38418,78,90,-12,12
38419,64,65,-1,1
38420,63,72,-9,9
38421,89,95,-6,6
38422,171,161,10,10
38423,111,106,5,5
38424,86,78,8,8
38425,102,88,14,14
38426,61,63,-2,2
38427,85,85,0,0
38428,134,122,12,12
38429,81,85,-4,4
38430,142,141,1,1
38431,80,70,10,10
38432,83,84,-1,1
38433,121,115,6,6
38434,67,49,18,18
38435,100,109,-9,9
38436,129,123,6,6
38437,102,104,-2,2
38438,126,122,4,4
38439,98,108,-10,10
38440,63,52,11,11
38441,72,77,-5,5
38442,88,90,-2,2
38443,64,67,-3,3
38444,107,118,-11,11
38445,89,83,6,6
38446,93,95,-2,2
38447,146,144,2,2
38448,101,105,-4,4
38449,87,81,6,6
38450,97,98,-1,1
38451,78,63,15,15
38452,130,116,14,14
38453,85,71,14,14
38454,77,73,4,4
38455,44,54,-10,10
38456,96,94,2,2
38457,89,86,3,3
38458,117,121,-4,4
38459,41,46,-5,5
38460,113,112,1,1
38461,103,86,17,17
38462,161,125,36,36
38463,196,182,14,14
38464,64,61,3,3
38465,82,79,3,3
38466,66,88,-22,22
38467,80,75,5,5
38468,54,56,-2,2
38469,104,112,-8,8
38470,55,63,-8,8
38471,57,62,-5,5
38472,49,63,-14,14
38473,70,68,2,2
38474,74,84,-10,10
38475,33,46,-13,13
38476,83,96,-13,13
38477,89,94,-5,5
38478,102,95,7,7
38479,156,160,-4,4
38480,36,39,-3,3
38481,62,63,-1,1
38482,102,93,9,9
38483,87,91,-4,4
38484,50,54,-4,4
38485,89,95,-6,6
38486,100,99,1,1
38487,98,83,15,15
38488,56,55,1,1
38489,75,78,-3,3
38490,98,87,11,11
38491,117,106,11,11
38492,235,222,13,13
38493,54,60,-6,6
38494,68,68,0,0
38495,116,117,-1,1
38496,32,35,-3,3
38497,55,53,2,2
38498,82,71,11,11
38499,119,121,-2,2
38500,183,178,5,5
38501,112,83,29,29
38502,57,63,-6,6
38503,120,113,7,7
38504,77,80,-3,3
38505,68,77,-9,9
38506,126,115,11,11
38507,68,68,0,0
38508,103,101,2,2
38509,110,125,-15,15
38510,122,97,25,25
38511,100,123,-23,23
38512,74,70,4,4
38513,185,151,34,34
38514,118,137,-19,19
38515,41,51,-10,10
38516,91,92,-1,1
38517,83,64,19,19
38518,79,88,-9,9
38519,82,74,8,8
38520,84,83,1,1
38521,70,50,20,20
38522,97,105,-8,8
38523,99,97,2,2
38524,108,105,3,3
38525,85,87,-2,2
38526,132,113,19,19
38527,99,98,1,1
38528,62,58,4,4
38529,80,77,3,3
38530,96,93,3,3
38531,98,80,18,18
38532,109,112,-3,3
38533,124,119,5,5
38534,101,111,-10,10
38535,118,122,-4,4
38536,57,59,-2,2
38537,79,79,0,0
38538,86,86,0,0
38539,77,76,1,1
38540,132,122,10,10
38541,74,62,12,12
38542,108,100,8,8
38543,137,131,6,6
38544,102,112,-10,10
38545,150,139,11,11
38546,51,58,-7,7
38547,77,77,0,0
38548,59,60,-1,1
38549,42,40,2,2
38550,141,140,1,1
38551,132,114,18,18
38552,67,62,5,5
38553,108,110,-2,2
38554,144,150,-6,6
38555,69,76,-7,7
38556,85,85,0,0
38557,64,53,11,11
38558,65,63,2,2
38559,221,219,2,2
38560,70,91,-21,21
38561,56,52,4,4
38562,62,63,-1,1
38563,88,104,-16,16
38564,108,115,-7,7
38565,178,161,17,17
38566,74,74,0,0
38567,85,100,-15,15
38568,61,65,-4,4
38569,111,89,22,22
38570,103,116,-13,13
38571,110,107,3,3
38572,74,67,7,7
38573,172,168,4,4
38574,87,99,-12,12
38575,141,149,-8,8
38576,86,77,9,9
38577,89,110,-21,21
38578,106,94,12,12
38579,103,102,1,1
38580,115,100,15,15
38581,61,63,-2,2
38582,102,104,-2,2
38583,64,61,3,3
38584,121,109,12,12
38585,61,70,-9,9
38586,75,70,5,5
38587,43,48,-5,5
38588,84,85,-1,1
38589,118,110,8,8
38590,50,62,-12,12
38591,81,65,16,16
38592,160,155,5,5
38593,121,106,15,15
38594,77,71,6,6
38595,124,127,-3,3
38596,140,131,9,9
38597,56,67,-11,11
38598,92,86,6,6
38599,99,104,-5,5
38600,169,157,12,12
38601,102,111,-9,9
38602,149,151,-2,2
38603,161,172,-11,11
38604,73,77,-4,4
38605,81,81,0,0
38606,76,75,1,1
38607,131,120,11,11
38608,155,159,-4,4
38609,87,94,-7,7
38610,62,68,-6,6
38611,87,80,7,7
38612,78,91,-13,13
38613,74,87,-13,13
38614,49,77,-28,28
38615,92,82,10,10
38616,133,128,5,5
38617,149,143,6,6
38618,120,115,5,5
38619,89,80,9,9
38620,102,101,1,1
38621,62,51,11,11
38622,57,64,-7,7
38623,43,65,-22,22
38624,72,71,1,1
38625,58,65,-7,7
38626,66,63,3,3
38627,73,75,-2,2
38628,112,103,9,9
38629,158,144,14,14
38630,70,94,-24,24
38631,136,123,13,13
38632,85,86,-1,1
38633,37,40,-3,3
38634,87,83,4,4
38635,130,133,-3,3
38636,88,94,-6,6
38637,57,65,-8,8
38638,117,109,8,8
38639,105,93,12,12
38640,75,76,-1,1
38641,153,155,-2,2
38642,90,106,-16,16
38643,130,117,13,13
38644,86,85,1,1
38645,124,130,-6,6
38646,83,88,-5,5
38647,145,129,16,16
38648,77,81,-4,4
38649,64,69,-5,5
38650,129,121,8,8
38651,109,134,-25,25
38652,94,89,5,5
38653,84,73,11,11
38654,64,66,-2,2
38655,90,84,6,6
38656,171,162,9,9
38657,93,101,-8,8
38658,121,119,2,2
38659,72,85,-13,13
38660,72,76,-4,4
38661,85,86,-1,1
38662,86,78,8,8
38663,93,92,1,1
38664,94,80,14,14
38665,118,126,-8,8
38666,72,64,8,8
38667,64,72,-8,8
38668,127,110,17,17
38669,64,64,0,0
38670,75,72,3,3
38671,57,61,-4,4
38672,61,67,-6,6
38673,74,86,-12,12
38674,53,66,-13,13
38675,80,80,0,0
38676,83,81,2,2
38677,124,122,2,2
38678,81,101,-20,20
38679,84,94,-10,10
38680,128,121,7,7
38681,93,96,-3,3
38682,79,81,-2,2
38683,81,101,-20,20
38684,81,85,-4,4
38685,104,111,-7,7
38686,82,82,0,0
38687,84,65,19,19
38688,71,86,-15,15
38689,62,53,9,9
38690,66,73,-7,7
38691,63,67,-4,4
38692,77,77,0,0
38693,56,59,-3,3
38694,155,148,7,7
38695,143,137,6,6
38696,75,71,4,4
38697,92,99,-7,7
38698,108,102,6,6
38699,105,114,-9,9
38700,63,60,3,3
38701,117,126,-9,9
38702,123,111,12,12
38703,69,75,-6,6
38704,119,126,-7,7
38705,92,108,-16,16
38706,94,90,4,4
38707,80,84,-4,4
38708,101,103,-2,2
38709,150,158,-8,8
38710,92,85,7,7
38711,97,89,8,8
38712,100,106,-6,6
38713,74,88,-14,14
38714,157,153,4,4
38715,65,70,-5,5
38716,97,89,8,8
38717,79,85,-6,6
38718,86,83,3,3
38719,91,88,3,3
38720,51,48,3,3
38721,110,117,-7,7
38722,106,108,-2,2
38723,50,53,-3,3
38724,76,72,4,4
38725,126,114,12,12
38726,73,69,4,4
38727,80,90,-10,10
38728,90,89,1,1
38729,94,76,18,18
38730,99,81,18,18
38731,140,128,12,12
38732,92,89,3,3
38733,96,93,3,3
38734,107,127,-20,20
38735,120,104,16,16
38736,141,145,-4,4
38737,58,61,-3,3
38738,99,99,0,0
38739,75,72,3,3
38740,118,105,13,13
38741,93,94,-1,1
38742,104,87,17,17
38743,81,81,0,0
38744,107,106,1,1
38745,91,111,-20,20
38746,87,88,-1,1
38747,53,63,-10,10
38748,147,133,14,14
38749,108,104,4,4
38750,76,71,5,5
38751,59,71,-12,12
38752,85,93,-8,8
38753,82,101,-19,19
38754,57,59,-2,2
38755,37,48,-11,11
38756,129,121,8,8
38757,57,53,4,4
38758,67,67,0,0
38759,76,51,25,25
38760,85,81,4,4
38761,130,127,3,3
38762,106,104,2,2
38763,104,116,-12,12
38764,88,98,-10,10
38765,65,64,1,1
38766,75,69,6,6
38767,145,139,6,6
38768,149,136,13,13
38769,44,56,-12,12
38770,69,69,0,0
38771,93,101,-8,8
38772,78,76,2,2
38773,63,70,-7,7
38774,78,82,-4,4
38775,85,76,9,9
38776,55,66,-11,11
38777,73,86,-13,13
38778,107,100,7,7
38779,131,130,1,1
38780,87,90,-3,3
38781,40,55,-15,15
38782,139,122,17,17
38783,85,87,-2,2
38784,163,148,15,15
38785,64,74,-10,10
38786,193,184,9,9
38787,86,95,-9,9
38788,98,85,13,13
38789,51,63,-12,12
38790,128,122,6,6
38791,141,128,13,13
38792,84,82,2,2
38793,142,127,15,15
38794,59,56,3,3
38795,108,107,1,1
38796,39,41,-2,2
38797,156,153,3,3
38798,107,110,-3,3
38799,99,111,-12,12
38800,166,164,2,2
38801,85,84,1,1
38802,84,83,1,1
38803,98,94,4,4
38804,76,74,2,2
38805,138,130,8,8
38806,93,102,-9,9
38807,182,152,30,30
38808,149,134,15,15
38809,132,124,8,8
38810,127,122,5,5
38811,70,68,2,2
38812,57,72,-15,15
38813,176,198,-22,22
38814,68,67,1,1
38815,46,52,-6,6
38816,66,65,1,1
38817,113,118,-5,5
38818,135,132,3,3
38819,48,65,-17,17
38820,135,131,4,4
38821,70,75,-5,5
38822,91,96,-5,5
38823,125,119,6,6
38824,109,99,10,10
38825,53,68,-15,15
38826,91,100,-9,9
38827,70,70,0,0
38828,65,72,-7,7
38829,125,117,8,8
38830,72,76,-4,4
38831,103,102,1,1
38832,103,83,20,20
38833,101,76,25,25
38834,117,113,4,4
38835,63,66,-3,3
38836,164,160,4,4
38837,57,64,-7,7
38838,120,126,-6,6
38839,133,123,10,10
38840,83,88,-5,5
38841,64,74,-10,10
38842,102,102,0,0
38843,70,58,12,12
38844,124,129,-5,5
38845,106,93,13,13
38846,156,148,8,8
38847,67,71,-4,4
38848,147,143,4,4
38849,113,114,-1,1
38850,121,121,0,0
38851,97,103,-6,6
38852,59,59,0,0
38853,50,68,-18,18
38854,118,107,11,11
38855,56,60,-4,4
38856,87,76,11,11
38857,89,98,-9,9
38858,65,69,-4,4
38859,62,69,-7,7
38860,138,140,-2,2
38861,149,139,10,10
38862,69,71,-2,2
38863,76,78,-2,2
38864,65,78,-13,13
38865,70,75,-5,5
38866,133,128,5,5
38867,77,82,-5,5
38868,93,96,-3,3
38869,105,144,-39,39
38870,67,76,-9,9
38871,84,85,-1,1
38872,83,99,-16,16
38873,46,57,-11,11
38874,102,94,8,8
38875,80,82,-2,2
38876,106,111,-5,5
38877,91,98,-7,7
38878,70,65,5,5
38879,213,194,19,19
38880,84,84,0,0
38881,124,110,14,14
38882,113,99,14,14
38883,89,95,-6,6
38884,112,111,1,1
38885,78,73,5,5
38886,60,65,-5,5
38887,119,109,10,10
38888,58,73,-15,15
38889,109,103,6,6
38890,113,131,-18,18
38891,101,92,9,9
38892,61,53,8,8
38893,76,72,4,4
38894,84,90,-6,6
38895,86,95,-9,9
38896,108,113,-5,5
38897,102,86,16,16
38898,151,137,14,14
38899,66,72,-6,6
38900,71,72,-1,1
38901,66,70,-4,4
38902,131,136,-5,5
38903,49,52,-3,3
38904,99,104,-5,5
38905,69,76,-7,7
38906,72,68,4,4
38907,179,157,22,22
38908,152,149,3,3
38909,70,71,-1,1
38910,63,74,-11,11
38911,104,104,0,0
38912,22,33,-11,11
38913,105,104,1,1
38914,174,165,9,9
38915,123,118,5,5
38916,34,56,-22,22
38917,76,84,-8,8
38918,114,102,12,12
38919,84,96,-12,12
38920,114,98,16,16
38921,236,219,17,17
38922,86,91,-5,5
38923,91,73,18,18
38924,109,116,-7,7
38925,99,87,12,12
38926,79,67,12,12
38927,51,59,-8,8
38928,201,197,4,4
38929,60,62,-2,2
38930,89,89,0,0
38931,84,81,3,3
38932,40,62,-22,22
38933,68,63,5,5
38934,58,57,1,1
38935,73,71,2,2
38936,121,125,-4,4
38937,55,62,-7,7
38938,91,99,-8,8
38939,57,65,-8,8
38940,68,54,14,14
38941,93,82,11,11
38942,59,52,7,7
38943,76,73,3,3
38944,99,99,0,0
38945,85,105,-20,20
38946,113,106,7,7
38947,107,97,10,10
38948,184,157,27,27
38949,80,81,-1,1
38950,99,101,-2,2
38951,180,162,18,18
38952,94,103,-9,9
38953,37,40,-3,3
38954,59,74,-15,15
38955,65,63,2,2
38956,93,95,-2,2
38957,88,99,-11,11
38958,92,97,-5,5
38959,128,115,13,13
38960,111,116,-5,5
38961,128,166,-38,38
38962,48,59,-11,11
38963,116,123,-7,7
38964,54,56,-2,2
38965,57,63,-6,6
38966,61,73,-12,12
38967,79,75,4,4
38968,61,68,-7,7
38969,122,125,-3,3
38970,89,95,-6,6
38971,121,117,4,4
38972,119,119,0,0
38973,108,123,-15,15
38974,100,106,-6,6
38975,58,55,3,3
38976,106,101,5,5
38977,88,96,-8,8
38978,103,96,7,7
38979,31,41,-10,10
38980,34,61,-27,27
38981,87,88,-1,1
38982,111,108,3,3
38983,101,98,3,3
38984,41,48,-7,7
38985,60,58,2,2
38986,115,126,-11,11
38987,136,135,1,1
38988,74,65,9,9
38989,84,81,3,3
38990,110,104,6,6
38991,73,78,-5,5
38992,126,132,-6,6
38993,77,77,0,0
38994,129,126,3,3
38995,123,135,-12,12
38996,99,91,8,8
38997,88,69,19,19
38998,61,75,-14,14
38999,74,77,-3,3
39000,107,102,5,5
39001,122,112,10,10
39002,60,64,-4,4
39003,188,202,-14,14
39004,84,71,13,13
39005,146,154,-8,8
39006,154,158,-4,4
39007,114,120,-6,6
39008,117,109,8,8
39009,163,156,7,7
39010,74,76,-2,2
39011,113,107,6,6
39012,68,74,-6,6
39013,137,137,0,0
39014,86,103,-17,17
39015,136,133,3,3
39016,77,76,1,1
39017,156,147,9,9
39018,146,139,7,7
39019,62,60,2,2
39020,66,72,-6,6
39021,121,124,-3,3
39022,161,152,9,9
39023,102,115,-13,13
39024,67,65,2,2
39025,129,132,-3,3
39026,120,129,-9,9
39027,174,170,4,4
39028,179,174,5,5
39029,92,85,7,7
39030,112,112,0,0
39031,110,104,6,6
39032,97,103,-6,6
39033,68,69,-1,1
39034,117,118,-1,1
39035,155,123,32,32
39036,60,61,-1,1
39037,167,167,0,0
39038,115,108,7,7
39039,134,125,9,9
39040,48,58,-10,10
39041,89,72,17,17
39042,42,62,-20,20
39043,31,56,-25,25
39044,105,105,0,0
39045,138,123,15,15
39046,97,81,16,16
39047,83,75,8,8
39048,54,51,3,3
39049,65,62,3,3
39050,94,103,-9,9
39051,86,81,5,5
39052,88,89,-1,1
39053,63,62,1,1
39054,144,133,11,11
39055,62,67,-5,5
39056,63,81,-18,18
39057,98,89,9,9
39058,60,48,12,12
39059,49,54,-5,5
39060,96,93,3,3
39061,71,66,5,5
39062,120,109,11,11
39063,150,134,16,16
39064,80,73,7,7
39065,58,62,-4,4
39066,64,66,-2,2
39067,140,129,11,11
39068,124,130,-6,6
39069,97,92,5,5
39070,161,136,25,25
39071,50,64,-14,14
39072,101,101,0,0
39073,44,56,-12,12
39074,99,104,-5,5
39075,171,160,11,11
39076,43,52,-9,9
39077,93,108,-15,15
39078,139,124,15,15
39079,120,119,1,1
39080,98,108,-10,10
39081,101,102,-1,1
39082,80,72,8,8
39083,63,59,4,4
39084,149,141,8,8
39085,132,122,10,10
39086,71,67,4,4
39087,92,95,-3,3
39088,61,70,-9,9
39089,110,108,2,2
39090,67,71,-4,4
39091,38,71,-33,33
39092,89,114,-25,25
39093,86,87,-1,1
39094,157,158,-1,1
39095,63,69,-6,6
39096,56,65,-9,9
39097,96,108,-12,12
39098,58,62,-4,4
39099,164,169,-5,5
39100,107,102,5,5
39101,131,128,3,3
39102,119,115,4,4
39103,103,110,-7,7
39104,58,59,-1,1
39105,158,152,6,6
39106,148,124,24,24
39107,107,118,-11,11
39108,108,97,11,11
39109,85,76,9,9
39110,76,87,-11,11
39111,72,71,1,1
39112,133,114,19,19
39113,71,70,1,1
39114,90,80,10,10
39115,105,101,4,4
39116,107,113,-6,6
39117,84,82,2,2
39118,67,74,-7,7
39119,154,145,9,9
39120,63,79,-16,16
39121,182,164,18,18
39122,130,124,6,6
39123,126,120,6,6
39124,135,127,8,8
39125,86,83,3,3
39126,90,91,-1,1
39127,69,67,2,2
39128,99,108,-9,9
39129,81,92,-11,11
39130,92,88,4,4
39131,83,82,1,1
39132,76,92,-16,16
39133,79,69,10,10
39134,59,60,-1,1
39135,100,96,4,4
39136,60,65,-5,5
39137,76,80,-4,4
39138,110,99,11,11
39139,112,109,3,3
39140,93,104,-11,11
39141,101,100,1,1
39142,107,116,-9,9
39143,180,163,17,17
39144,109,104,5,5
39145,85,67,18,18
39146,123,117,6,6
39147,90,96,-6,6
39148,118,114,4,4
39149,108,94,14,14
39150,95,92,3,3
39151,119,110,9,9
39152,115,101,14,14
39153,145,130,15,15
39154,46,67,-21,21
39155,59,65,-6,6
39156,127,134,-7,7
39157,114,103,11,11
39158,101,108,-7,7
39159,134,122,12,12
39160,99,100,-1,1
39161,143,138,5,5
39162,136,130,6,6
39163,152,142,10,10
39164,103,101,2,2
39165,79,71,8,8
39166,83,84,-1,1
39167,125,112,13,13
39168,74,94,-20,20
39169,44,53,-9,9
39170,100,109,-9,9
39171,111,116,-5,5
39172,65,60,5,5
39173,102,99,3,3
39174,109,104,5,5
39175,80,74,6,6
39176,117,116,1,1
39177,121,110,11,11
39178,154,145,9,9
39179,55,60,-5,5
39180,90,98,-8,8
39181,137,123,14,14
39182,53,44,9,9
39183,137,146,-9,9
39184,64,76,-12,12
39185,133,117,16,16
39186,38,69,-31,31
39187,105,92,13,13
39188,45,51,-6,6
39189,133,125,8,8
39190,121,108,13,13
39191,138,129,9,9
39192,84,73,11,11
39193,79,77,2,2
39194,48,53,-5,5
39195,51,62,-11,11
39196,90,93,-3,3
39197,79,78,1,1
39198,73,89,-16,16
39199,82,74,8,8
39200,90,91,-1,1
39201,98,88,10,10
39202,56,60,-4,4
39203,100,95,5,5
39204,55,70,-15,15
39205,116,122,-6,6
39206,61,68,-7,7
39207,77,68,9,9
39208,131,118,13,13
39209,115,100,15,15
39210,94,83,11,11
39211,80,76,4,4
39212,57,73,-16,16
39213,112,108,4,4
39214,98,92,6,6
39215,136,140,-4,4
39216,125,114,11,11
39217,90,105,-15,15
39218,81,85,-4,4
39219,123,114,9,9
39220,114,117,-3,3
39221,35,51,-16,16
39222,55,51,4,4
39223,110,104,6,6
39224,52,58,-6,6
39225,191,170,21,21
39226,48,62,-14,14
39227,70,57,13,13
39228,116,119,-3,3
39229,114,120,-6,6
39230,71,81,-10,10
39231,130,111,19,19
39232,92,90,2,2
39233,111,122,-11,11
39234,150,156,-6,6
39235,112,130,-18,18
39236,85,87,-2,2
39237,75,80,-5,5
39238,64,67,-3,3
39239,65,69,-4,4
39240,164,161,3,3
39241,63,42,21,21
39242,105,109,-4,4
39243,96,93,3,3
39244,102,89,13,13
39245,84,76,8,8
39246,72,75,-3,3
39247,118,118,0,0
39248,110,101,9,9
39249,81,80,1,1
39250,109,113,-4,4
39251,76,71,5,5
39252,64,63,1,1
39253,133,123,10,10
39254,143,127,16,16
39255,72,86,-14,14
39256,74,84,-10,10
39257,41,50,-9,9
39258,65,64,1,1
39259,73,85,-12,12
39260,63,72,-9,9
39261,175,172,3,3
39262,85,98,-13,13
39263,82,86,-4,4
39264,48,47,1,1
39265,97,93,4,4
39266,86,84,2,2
39267,66,72,-6,6
39268,80,76,4,4
39269,84,87,-3,3
39270,90,90,0,0
39271,76,83,-7,7
39272,90,97,-7,7
39273,128,132,-4,4
39274,76,91,-15,15
39275,84,82,2,2
39276,116,126,-10,10
39277,72,81,-9,9
39278,88,75,13,13
39279,58,81,-23,23
39280,80,77,3,3
39281,122,111,11,11
39282,84,93,-9,9
39283,62,67,-5,5
39284,78,75,3,3
39285,113,119,-6,6
39286,152,143,9,9
39287,68,64,4,4
39288,72,73,-1,1
39289,104,100,4,4
39290,100,103,-3,3
39291,92,81,11,11
39292,95,83,12,12
39293,66,65,1,1
39294,78,80,-2,2
39295,117,109,8,8
39296,109,86,23,23
39297,157,130,27,27
39298,100,95,5,5
39299,101,98,3,3
39300,68,63,5,5
39301,137,120,17,17
39302,144,145,-1,1
39303,152,145,7,7
39304,121,108,13,13
39305,83,87,-4,4
39306,86,106,-20,20
39307,72,76,-4,4
39308,82,97,-15,15
39309,115,113,2,2
39310,44,60,-16,16
39311,130,136,-6,6
39312,84,91,-7,7
39313,104,100,4,4
39314,70,58,12,12
39315,152,124,28,28
39316,66,84,-18,18
39317,137,116,21,21
39318,86,82,4,4
39319,130,128,2,2
39320,105,94,11,11
39321,79,85,-6,6
39322,79,83,-4,4
39323,68,70,-2,2
39324,86,78,8,8
39325,90,96,-6,6
39326,174,154,20,20
39327,41,62,-21,21
39328,109,98,11,11
39329,98,91,7,7
39330,79,82,-3,3
39331,107,112,-5,5
39332,138,147,-9,9
39333,49,40,9,9
39334,68,78,-10,10
39335,465,420,45,45
39336,102,88,14,14
39337,108,113,-5,5
39338,98,104,-6,6
39339,70,56,14,14
39340,90,89,1,1
39341,103,106,-3,3
39342,84,77,7,7
39343,128,141,-13,13
39344,205,206,-1,1
39345,149,142,7,7
39346,51,54,-3,3
39347,64,73,-9,9
39348,155,129,26,26
39349,61,80,-19,19
39350,91,83,8,8
39351,69,70,-1,1
39352,51,68,-17,17
39353,59,62,-3,3
39354,110,91,19,19
39355,145,136,9,9
39356,86,102,-16,16
39357,192,230,-38,38
39358,80,66,14,14
39359,62,60,2,2
39360,116,128,-12,12
39361,94,105,-11,11
39362,60,64,-4,4
39363,128,135,-7,7
39364,129,125,4,4
39365,111,105,6,6
39366,137,140,-3,3
39367,164,148,16,16
39368,119,116,3,3
39369,90,93,-3,3
39370,114,124,-10,10
39371,26,19,7,7
39372,107,114,-7,7
39373,68,66,2,2
39374,118,111,7,7
39375,124,114,10,10
39376,170,147,23,23
39377,61,65,-4,4
39378,136,132,4,4
39379,196,178,18,18
39380,87,73,14,14
39381,95,101,-6,6
39382,108,100,8,8
39383,151,139,12,12
39384,67,78,-11,11
39385,149,148,1,1
39386,113,109,4,4
39387,50,75,-25,25
39388,79,88,-9,9
39389,103,108,-5,5
39390,80,78,2,2
39391,172,180,-8,8
39392,105,105,0,0
39393,82,84,-2,2
39394,47,50,-3,3
39395,54,43,11,11
39396,80,89,-9,9
39397,64,67,-3,3
39398,150,133,17,17
39399,134,131,3,3
39400,61,69,-8,8
39401,108,105,3,3
39402,116,125,-9,9
39403,101,123,-22,22
39404,81,78,3,3
39405,90,92,-2,2
39406,71,77,-6,6
39407,119,119,0,0
39408,133,140,-7,7
39409,125,134,-9,9
39410,70,67,3,3
39411,182,166,16,16
39412,114,128,-14,14
39413,136,180,-44,44
39414,76,75,1,1
39415,114,107,7,7
39416,46,53,-7,7
39417,97,104,-7,7
39418,70,87,-17,17
39419,63,58,5,5
39420,100,86,14,14
39421,114,105,9,9
39422,52,54,-2,2
39423,130,134,-4,4
39424,108,103,5,5
39425,133,120,13,13
39426,26,52,-26,26
39427,75,78,-3,3
39428,112,117,-5,5
39429,73,67,6,6
39430,44,55,-11,11
39431,75,70,5,5
39432,93,86,7,7
39433,60,73,-13,13
39434,83,85,-2,2
39435,140,133,7,7
39436,100,108,-8,8
39437,107,104,3,3
39438,95,74,21,21
39439,111,101,10,10
39440,112,109,3,3
39441,67,75,-8,8
39442,52,60,-8,8
39443,113,102,11,11
39444,77,74,3,3
39445,135,127,8,8
39446,61,58,3,3
39447,58,67,-9,9
39448,60,65,-5,5
39449,100,99,1,1
39450,49,60,-11,11
39451,71,64,7,7
39452,104,110,-6,6
39453,49,55,-6,6
39454,141,135,6,6
39455,113,118,-5,5
39456,74,76,-2,2
39457,135,134,1,1
39458,61,62,-1,1
39459,115,113,2,2
39460,89,99,-10,10
39461,76,76,0,0
39462,111,126,-15,15
39463,61,70,-9,9
39464,54,66,-12,12
39465,95,96,-1,1
39466,125,127,-2,2
39467,168,164,4,4
39468,71,74,-3,3
39469,80,71,9,9
39470,224,231,-7,7
39471,87,97,-10,10
39472,65,65,0,0
39473,130,149,-19,19
39474,111,112,-1,1
39475,76,69,7,7
39476,111,113,-2,2
39477,88,91,-3,3
39478,97,94,3,3
39479,118,123,-5,5
39480,93,82,11,11
39481,131,120,11,11
39482,82,76,6,6
39483,153,141,12,12
39484,76,79,-3,3
39485,105,118,-13,13
39486,38,38,0,0
39487,56,66,-10,10
39488,75,74,1,1
39489,40,33,7,7
39490,139,147,-8,8
39491,78,90,-12,12
39492,72,82,-10,10
39493,123,123,0,0
39494,71,66,5,5
39495,144,140,4,4
39496,51,58,-7,7
39497,63,79,-16,16
39498,51,50,1,1
39499,98,96,2,2
39500,83,85,-2,2
39501,75,105,-30,30
39502,108,112,-4,4
39503,100,104,-4,4
39504,61,58,3,3
39505,76,73,3,3
39506,156,287,-131,131
39507,69,63,6,6
39508,219,227,-8,8
39509,112,111,1,1
39510,86,87,-1,1
39511,53,52,1,1
39512,108,107,1,1
39513,82,78,4,4
39514,89,82,7,7
39515,125,114,11,11
39516,96,121,-25,25
39517,113,117,-4,4
39518,61,57,4,4
39519,39,43,-4,4
39520,65,74,-9,9
39521,101,104,-3,3
39522,188,156,32,32
39523,73,64,9,9
39524,51,62,-11,11
39525,126,129,-3,3
39526,95,121,-26,26
39527,85,101,-16,16
39528,112,159,-47,47
39529,117,126,-9,9
39530,109,97,12,12
39531,47,43,4,4
39532,63,77,-14,14
39533,92,97,-5,5
39534,78,85,-7,7
39535,100,90,10,10
39536,137,124,13,13
39537,163,162,1,1
39538,74,85,-11,11
39539,64,73,-9,9
39540,87,77,10,10
39541,87,88,-1,1
39542,120,125,-5,5
39543,129,126,3,3
39544,137,143,-6,6
39545,65,75,-10,10
39546,67,68,-1,1
39547,83,83,0,0
39548,91,71,20,20
39549,88,82,6,6
39550,47,51,-4,4
39551,119,126,-7,7
39552,76,80,-4,4
39553,96,99,-3,3
39554,69,80,-11,11
39555,91,98,-7,7
39556,95,97,-2,2
39557,89,88,1,1
39558,89,81,8,8
39559,106,112,-6,6
39560,86,68,18,18
39561,119,110,9,9
39562,76,86,-10,10
39563,95,83,12,12
39564,93,90,3,3
39565,93,81,12,12
39566,87,90,-3,3
39567,142,149,-7,7
39568,81,86,-5,5
39569,54,57,-3,3
39570,131,121,10,10
39571,53,52,1,1
39572,132,130,2,2
39573,83,83,0,0
39574,77,65,12,12
39575,86,85,1,1
39576,135,129,6,6
39577,114,115,-1,1
39578,75,85,-10,10
39579,62,69,-7,7
39580,96,92,4,4
39581,88,88,0,0
39582,58,75,-17,17
39583,55,61,-6,6
39584,70,73,-3,3
39585,162,147,15,15
39586,98,89,9,9
39587,73,69,4,4
39588,52,60,-8,8
39589,86,86,0,0
39590,133,125,8,8
39591,102,111,-9,9
39592,137,129,8,8
39593,58,59,-1,1
39594,94,84,10,10
39595,158,139,19,19
39596,88,88,0,0
39597,81,84,-3,3
39598,88,70,18,18
39599,170,173,-3,3
39600,132,129,3,3
39601,160,159,1,1
39602,69,67,2,2
39603,78,80,-2,2
39604,47,59,-12,12
39605,122,124,-2,2
39606,46,47,-1,1
39607,81,94,-13,13
39608,173,174,-1,1
39609,36,101,-65,65
39610,84,77,7,7
39611,118,104,14,14
39612,113,94,19,19
39613,162,153,9,9
39614,98,101,-3,3
39615,96,99,-3,3
39616,71,74,-3,3
39617,68,61,7,7
39618,85,74,11,11
39619,34,65,-31,31
39620,69,76,-7,7
39621,69,73,-4,4
39622,128,125,3,3
39623,99,108,-9,9
39624,121,120,1,1
39625,179,174,5,5
39626,92,98,-6,6
39627,171,180,-9,9
39628,94,85,9,9
39629,112,116,-4,4
39630,79,72,7,7
39631,57,68,-11,11
39632,72,87,-15,15
39633,161,132,29,29
39634,132,129,3,3
39635,126,112,14,14
39636,78,72,6,6
39637,72,75,-3,3
39638,88,89,-1,1
39639,93,85,8,8
39640,56,59,-3,3
39641,179,172,7,7
39642,99,92,7,7
39643,143,136,7,7
39644,25,45,-20,20
39645,85,84,1,1
39646,50,58,-8,8
39647,110,98,12,12
39648,133,122,11,11
39649,103,95,8,8
39650,149,143,6,6
39651,146,144,2,2
39652,65,67,-2,2
39653,117,130,-13,13
39654,53,54,-1,1
39655,155,130,25,25
39656,127,121,6,6
39657,87,97,-10,10
39658,167,153,14,14
39659,74,67,7,7
39660,65,65,0,0
39661,50,67,-17,17
39662,109,99,10,10
39663,65,71,-6,6
39664,98,83,15,15
39665,128,120,8,8
39666,132,133,-1,1
39667,174,169,5,5
39668,81,85,-4,4
39669,69,68,1,1
39670,77,67,10,10
39671,69,72,-3,3
39672,68,75,-7,7
39673,132,140,-8,8
39674,152,157,-5,5
39675,87,82,5,5
39676,30,37,-7,7
39677,98,87,11,11
39678,99,94,5,5
39679,116,119,-3,3
39680,100,97,3,3
39681,137,128,9,9
39682,63,70,-7,7
39683,82,89,-7,7
39684,99,112,-13,13
39685,58,64,-6,6
39686,68,79,-11,11
39687,121,106,15,15
39688,91,79,12,12
39689,61,79,-18,18
39690,46,69,-23,23
39691,107,107,0,0
39692,80,74,6,6
39693,78,84,-6,6
39694,83,79,4,4
39695,139,140,-1,1
39696,113,112,1,1
39697,109,118,-9,9
39698,168,155,13,13
39699,148,131,17,17
39700,90,83,7,7
39701,49,56,-7,7
39702,91,96,-5,5
39703,48,65,-17,17
39704,99,106,-7,7
39705,125,123,2,2
39706,77,99,-22,22
39707,89,91,-2,2
39708,85,78,7,7
39709,85,95,-10,10
39710,60,63,-3,3
39711,100,99,1,1
39712,61,66,-5,5
39713,87,81,6,6
39714,79,84,-5,5
39715,48,59,-11,11
39716,90,95,-5,5
39717,85,80,5,5
39718,77,69,8,8
39719,56,59,-3,3
39720,55,57,-2,2
39721,148,140,8,8
39722,108,95,13,13
39723,69,60,9,9
39724,151,140,11,11
39725,98,95,3,3
39726,87,88,-1,1
39727,76,69,7,7
39728,84,86,-2,2
39729,39,47,-8,8
39730,105,95,10,10
39731,68,92,-24,24
39732,58,69,-11,11
39733,81,77,4,4
39734,108,110,-2,2
39735,98,103,-5,5
39736,148,117,31,31
39737,71,73,-2,2
39738,108,95,13,13
39739,68,73,-5,5
39740,82,83,-1,1
39741,159,150,9,9
39742,109,94,15,15
39743,113,106,7,7
39744,106,111,-5,5
39745,124,115,9,9
39746,74,74,0,0
39747,23,20,3,3
39748,94,87,7,7
39749,69,67,2,2
39750,63,64,-1,1
39751,49,54,-5,5
39752,83,89,-6,6
39753,65,85,-20,20
39754,122,89,33,33
39755,110,112,-2,2
39756,145,148,-3,3
39757,128,116,12,12
39758,61,65,-4,4
39759,135,126,9,9
39760,62,55,7,7
39761,143,120,23,23
39762,59,60,-1,1
39763,133,118,15,15
39764,84,90,-6,6
39765,127,133,-6,6
39766,75,73,2,2
39767,128,122,6,6
39768,85,89,-4,4
39769,127,114,13,13
39770,66,74,-8,8
39771,45,35,10,10
39772,89,88,1,1
39773,82,71,11,11
39774,98,93,5,5
39775,51,67,-16,16
39776,112,109,3,3
39777,70,68,2,2
39778,75,74,1,1
39779,97,88,9,9
39780,59,74,-15,15
39781,51,55,-4,4
39782,53,61,-8,8
39783,56,68,-12,12
39784,67,64,3,3
39785,66,72,-6,6
39786,89,84,5,5
39787,94,79,15,15
39788,77,88,-11,11
39789,41,55,-14,14
39790,85,83,2,2
39791,72,72,0,0
39792,108,110,-2,2
39793,105,105,0,0
39794,67,76,-9,9
39795,97,104,-7,7
39796,76,73,3,3
39797,133,148,-15,15
39798,93,95,-2,2
39799,40,49,-9,9
39800,66,64,2,2
39801,43,49,-6,6
39802,145,130,15,15
39803,135,122,13,13
39804,64,72,-8,8
39805,76,99,-23,23
39806,55,61,-6,6
39807,78,68,10,10
39808,103,96,7,7
39809,141,140,1,1
39810,152,150,2,2
39811,110,126,-16,16
39812,122,113,9,9
39813,78,77,1,1
39814,82,88,-6,6
39815,104,88,16,16
39816,112,112,0,0
39817,69,63,6,6
39818,48,49,-1,1
39819,60,69,-9,9
39820,54,55,-1,1
39821,128,118,10,10
39822,61,61,0,0
39823,108,112,-4,4
39824,86,84,2,2
39825,74,78,-4,4
39826,168,161,7,7
39827,76,73,3,3
39828,80,82,-2,2
39829,96,78,18,18
39830,74,81,-7,7
39831,59,55,4,4
39832,143,136,7,7
39833,68,61,7,7
39834,76,82,-6,6
39835,97,100,-3,3
39836,66,69,-3,3
39837,94,93,1,1
39838,159,164,-5,5
39839,76,58,18,18
39840,121,119,2,2
39841,123,120,3,3
39842,80,77,3,3
39843,77,80,-3,3
39844,52,56,-4,4
39845,115,119,-4,4
39846,180,147,33,33
39847,70,76,-6,6
39848,79,78,1,1
39849,112,108,4,4
39850,89,87,2,2
39851,83,85,-2,2
39852,108,114,-6,6
39853,67,78,-11,11
39854,86,82,4,4
39855,82,77,5,5
39856,156,165,-9,9
39857,141,125,16,16
39858,154,150,4,4
39859,63,69,-6,6
39860,52,57,-5,5
39861,122,114,8,8
39862,69,74,-5,5
39863,93,90,3,3
39864,106,103,3,3
39865,76,104,-28,28
39866,97,84,13,13
39867,96,96,0,0
39868,116,112,4,4
39869,98,99,-1,1
39870,89,97,-8,8
39871,137,142,-5,5
39872,88,79,9,9
39873,115,112,3,3
39874,135,126,9,9
39875,99,98,1,1
39876,68,77,-9,9
39877,98,90,8,8
39878,119,111,8,8
39879,77,73,4,4
39880,74,79,-5,5
39881,115,119,-4,4
39882,67,66,1,1
39883,79,86,-7,7
39884,107,106,1,1
39885,83,81,2,2
39886,74,85,-11,11
39887,160,168,-8,8
39888,56,58,-2,2
39889,74,70,4,4
39890,95,93,2,2
39891,141,155,-14,14
39892,98,96,2,2
39893,84,85,-1,1
39894,118,117,1,1
39895,58,58,0,0
39896,54,63,-9,9
39897,74,77,-3,3
39898,69,71,-2,2
39899,123,110,13,13
39900,59,65,-6,6
39901,50,54,-4,4
39902,56,55,1,1
39903,55,55,0,0
39904,145,135,10,10
39905,89,81,8,8
39906,74,67,7,7
39907,67,71,-4,4
39908,100,103,-3,3
39909,99,93,6,6
39910,64,70,-6,6
39911,49,53,-4,4
39912,144,149,-5,5
39913,65,65,0,0
39914,57,53,4,4
39915,74,81,-7,7
39916,82,84,-2,2
39917,80,72,8,8
39918,167,202,-35,35
39919,55,52,3,3
39920,98,108,-10,10
39921,69,70,-1,1
39922,60,66,-6,6
39923,149,137,12,12
39924,170,166,4,4
39925,56,63,-7,7
39926,120,114,6,6
39927,114,121,-7,7
39928,123,118,5,5
39929,67,69,-2,2
39930,145,139,6,6
39931,72,75,-3,3
39932,85,83,2,2
39933,117,122,-5,5
39934,87,111,-24,24
39935,66,74,-8,8
39936,116,127,-11,11
39937,53,62,-9,9
39938,109,108,1,1
39939,26,38,-12,12
39940,51,63,-12,12
39941,65,59,6,6
39942,89,85,4,4
39943,110,99,11,11
39944,70,82,-12,12
39945,46,47,-1,1
39946,119,116,3,3
39947,127,120,7,7
39948,95,90,5,5
39949,68,73,-5,5
39950,73,86,-13,13
39951,112,104,8,8
39952,152,162,-10,10
39953,83,83,0,0
39954,115,110,5,5
39955,131,116,15,15
39956,49,59,-10,10
39957,118,94,24,24
39958,94,91,3,3
39959,120,127,-7,7
39960,64,73,-9,9
39961,145,140,5,5
39962,63,69,-6,6
39963,62,61,1,1
39964,55,58,-3,3
39965,113,122,-9,9
39966,62,74,-12,12
39967,80,75,5,5
39968,100,93,7,7
39969,72,81,-9,9
39970,75,88,-13,13
39971,104,93,11,11
39972,56,53,3,3
39973,116,129,-13,13
39974,87,94,-7,7
39975,109,100,9,9
39976,107,110,-3,3
39977,63,77,-14,14
39978,127,131,-4,4
39979,124,98,26,26
39980,67,56,11,11
39981,229,179,50,50
39982,144,120,24,24
39983,110,110,0,0
39984,70,64,6,6
39985,102,96,6,6
39986,153,126,27,27
39987,82,82,0,0
39988,50,56,-6,6
39989,54,63,-9,9
39990,97,90,7,7
39991,75,88,-13,13
39992,83,90,-7,7
39993,88,88,0,0
39994,129,121,8,8
39995,91,80,11,11
39996,115,103,12,12
39997,96,98,-2,2
39998,177,170,7,7
39999,109,108,1,1
40000,91,90,1,1
40001,102,100,2,2
40002,75,70,5,5
40003,67,71,-4,4
40004,85,90,-5,5
40005,133,124,9,9
40006,122,113,9,9
40007,99,99,0,0
40008,72,75,-3,3
40009,80,81,-1,1
40010,61,66,-5,5
40011,118,116,2,2
40012,112,103,9,9
40013,69,76,-7,7
40014,156,150,6,6
40015,140,131,9,9
40016,55,56,-1,1
40017,85,94,-9,9
40018,104,95,9,9
40019,113,109,4,4
40020,61,71,-10,10
40021,110,113,-3,3
40022,142,127,15,15
40023,93,86,7,7
40024,49,56,-7,7
40025,139,138,1,1
40026,42,57,-15,15
40027,80,72,8,8
40028,138,135,3,3
40029,148,141,7,7
40030,28,32,-4,4
40031,54,62,-8,8
40032,85,84,1,1
40033,84,85,-1,1
40034,161,144,17,17
40035,80,83,-3,3
40036,108,124,-16,16
40037,91,94,-3,3
40038,92,93,-1,1
40039,92,108,-16,16
40040,91,87,4,4
40041,146,133,13,13
40042,59,68,-9,9
40043,109,91,18,18
40044,67,75,-8,8
40045,89,96,-7,7
40046,156,149,7,7
40047,106,101,5,5
40048,71,74,-3,3
40049,161,154,7,7
40050,97,97,0,0
40051,95,91,4,4
40052,128,123,5,5
40053,79,95,-16,16
40054,127,141,-14,14
40055,88,95,-7,7
40056,63,67,-4,4
40057,47,57,-10,10
40058,67,74,-7,7
40059,44,47,-3,3
40060,70,70,0,0
40061,59,61,-2,2
40062,115,120,-5,5
40063,123,126,-3,3
40064,49,50,-1,1
40065,81,78,3,3
40066,55,56,-1,1
40067,105,95,10,10
40068,120,114,6,6
40069,95,95,0,0
40070,73,78,-5,5
40071,76,83,-7,7
40072,95,94,1,1
40073,35,40,-5,5
40074,85,90,-5,5
40075,65,72,-7,7
40076,125,128,-3,3
40077,62,65,-3,3
40078,95,102,-7,7
40079,139,130,9,9
40080,77,81,-4,4
40081,65,69,-4,4
40082,53,62,-9,9
40083,83,72,11,11
40084,62,56,6,6
40085,74,71,3,3
40086,32,54,-22,22
40087,67,69,-2,2
40088,134,129,5,5
40089,78,84,-6,6
40090,88,85,3,3
40091,81,89,-8,8
40092,60,69,-9,9
40093,117,105,12,12
40094,61,62,-1,1
40095,147,147,0,0
40096,217,191,26,26
40097,84,81,3,3
40098,67,58,9,9
40099,158,170,-12,12
40100,51,73,-22,22
40101,91,96,-5,5
40102,72,73,-1,1
40103,121,119,2,2
40104,76,60,16,16
40105,117,105,12,12
40106,63,87,-24,24
40107,82,81,1,1
40108,87,98,-11,11
40109,77,74,3,3
40110,67,67,0,0
40111,129,102,27,27
40112,56,61,-5,5
40113,60,66,-6,6
40114,130,116,14,14
40115,106,116,-10,10
40116,73,75,-2,2
40117,89,94,-5,5
40118,85,104,-19,19
40119,71,70,1,1
40120,206,192,14,14
40121,142,143,-1,1
40122,106,113,-7,7
40123,98,89,9,9
40124,60,74,-14,14
40125,113,118,-5,5
40126,57,76,-19,19
40127,73,64,9,9
40128,186,166,20,20
40129,87,85,2,2
40130,122,111,11,11
40131,80,86,-6,6
40132,130,127,3,3
40133,106,100,6,6
40134,175,191,-16,16
40135,135,154,-19,19
40136,115,111,4,4
40137,80,83,-3,3
40138,125,119,6,6
40139,85,93,-8,8
40140,85,81,4,4
40141,143,134,9,9
40142,92,85,7,7
40143,74,69,5,5
40144,66,80,-14,14
40145,68,69,-1,1
40146,103,101,2,2
40147,82,79,3,3
40148,57,64,-7,7
40149,102,109,-7,7
40150,117,111,6,6
40151,79,85,-6,6
40152,179,156,23,23
40153,111,123,-12,12
40154,59,59,0,0
40155,90,90,0,0
40156,82,107,-25,25
40157,120,112,8,8
40158,89,86,3,3
40159,76,78,-2,2
40160,74,64,10,10
40161,54,57,-3,3
40162,51,74,-23,23
40163,71,70,1,1
40164,116,106,10,10
40165,84,82,2,2
40166,107,106,1,1
40167,83,80,3,3
40168,170,160,10,10
40169,118,117,1,1
40170,115,104,11,11
40171,78,88,-10,10
40172,155,145,10,10
40173,143,150,-7,7
40174,80,84,-4,4
40175,64,75,-11,11
40176,97,86,11,11
40177,92,81,11,11
40178,63,72,-9,9
40179,196,159,37,37
40180,70,78,-8,8
40181,95,96,-1,1
40182,73,77,-4,4
40183,64,72,-8,8
40184,86,96,-10,10
40185,93,97,-4,4
40186,81,88,-7,7
40187,132,102,30,30
40188,89,61,28,28
40189,80,58,22,22
40190,61,69,-8,8
40191,148,149,-1,1
40192,104,105,-1,1
40193,105,109,-4,4
40194,94,84,10,10
40195,72,79,-7,7
40196,71,68,3,3
40197,115,111,4,4
40198,100,97,3,3
40199,64,61,3,3
40200,88,93,-5,5
40201,175,179,-4,4
40202,153,153,0,0
40203,58,54,4,4
40204,143,143,0,0
40205,49,56,-7,7
40206,62,59,3,3
40207,72,74,-2,2
40208,112,106,6,6
40209,90,86,4,4
40210,88,86,2,2
40211,92,85,7,7
40212,25,36,-11,11
40213,97,88,9,9
40214,133,126,7,7
40215,86,84,2,2
40216,81,83,-2,2
40217,164,146,18,18
40218,64,58,6,6
40219,79,84,-5,5
40220,108,108,0,0
40221,62,70,-8,8
40222,84,86,-2,2
40223,187,183,4,4
40224,70,80,-10,10
40225,119,118,1,1
40226,86,124,-38,38
40227,118,108,10,10
40228,79,84,-5,5
40229,77,86,-9,9
40230,85,96,-11,11
40231,107,93,14,14
40232,76,75,1,1
40233,54,46,8,8
40234,66,71,-5,5
40235,64,79,-15,15
40236,56,68,-12,12
40237,147,163,-16,16
40238,92,87,5,5
40239,119,107,12,12
40240,61,70,-9,9
40241,112,100,12,12
40242,116,120,-4,4
40243,68,78,-10,10
40244,153,144,9,9
40245,114,123,-9,9
40246,115,113,2,2
40247,91,93,-2,2
40248,68,78,-10,10
40249,111,102,9,9
40250,79,70,9,9
40251,57,62,-5,5
40252,114,116,-2,2
40253,66,68,-2,2
40254,96,84,12,12
40255,83,91,-8,8
40256,93,82,11,11
40257,83,80,3,3
40258,80,74,6,6
40259,82,81,1,1
40260,114,110,4,4
40261,49,46,3,3
40262,67,73,-6,6
40263,79,76,3,3
40264,77,80,-3,3
40265,64,67,-3,3
40266,177,154,23,23
40267,71,84,-13,13
40268,99,95,4,4
40269,90,82,8,8
40270,107,103,4,4
40271,103,105,-2,2
40272,144,136,8,8
40273,81,79,2,2
40274,69,74,-5,5
40275,63,81,-18,18
40276,105,102,3,3
40277,100,88,12,12
40278,118,123,-5,5
40279,89,87,2,2
40280,90,90,0,0
40281,88,94,-6,6
40282,69,73,-4,4
40283,59,65,-6,6
40284,84,81,3,3
40285,143,138,5,5
40286,112,120,-8,8
40287,143,155,-12,12
40288,78,75,3,3
40289,38,53,-15,15
40290,107,100,7,7
40291,57,55,2,2
40292,62,104,-42,42
40293,79,79,0,0
40294,72,78,-6,6
40295,85,80,5,5
40296,83,92,-9,9
40297,69,77,-8,8
40298,62,66,-4,4
40299,80,83,-3,3
40300,55,72,-17,17
40301,77,70,7,7
40302,77,96,-19,19
40303,81,82,-1,1
40304,88,96,-8,8
40305,75,81,-6,6
40306,103,104,-1,1
40307,63,61,2,2
40308,115,96,19,19
40309,149,155,-6,6
40310,48,49,-1,1
40311,67,69,-2,2
40312,167,137,30,30
40313,116,117,-1,1
40314,40,42,-2,2
40315,93,106,-13,13
40316,98,103,-5,5
40317,105,99,6,6
40318,150,127,23,23
40319,174,171,3,3
40320,156,151,5,5
40321,61,88,-27,27
40322,124,127,-3,3
40323,61,58,3,3
40324,58,66,-8,8
40325,147,143,4,4
40326,80,88,-8,8
40327,115,100,15,15
40328,139,126,13,13
40329,73,75,-2,2
40330,208,211,-3,3
40331,92,104,-12,12
40332,63,66,-3,3
40333,126,114,12,12
40334,31,49,-18,18
40335,55,73,-18,18
40336,154,138,16,16
40337,110,110,0,0
40338,62,61,1,1
40339,124,117,7,7
40340,81,78,3,3
40341,78,58,20,20
40342,122,124,-2,2
40343,110,127,-17,17
40344,100,82,18,18
40345,112,114,-2,2
40346,58,50,8,8
40347,92,90,2,2
40348,143,130,13,13
40349,76,78,-2,2
40350,62,71,-9,9
40351,72,76,-4,4
40352,96,89,7,7
40353,98,100,-2,2
40354,209,181,28,28
40355,81,86,-5,5
40356,65,74,-9,9
40357,111,96,15,15
40358,158,193,-35,35
40359,106,106,0,0
40360,124,118,6,6
40361,90,76,14,14
40362,95,97,-2,2
40363,86,96,-10,10
40364,89,83,6,6
40365,59,67,-8,8
40366,132,116,16,16
40367,91,68,23,23
40368,90,82,8,8
40369,85,98,-13,13
40370,77,89,-12,12
40371,68,60,8,8
40372,77,89,-12,12
40373,125,131,-6,6
40374,53,58,-5,5
40375,100,108,-8,8
40376,128,125,3,3
40377,78,76,2,2
40378,73,91,-18,18
40379,79,82,-3,3
40380,89,97,-8,8
40381,101,105,-4,4
40382,93,110,-17,17
40383,93,97,-4,4
40384,62,65,-3,3
40385,113,106,7,7
40386,117,111,6,6
40387,133,120,13,13
40388,107,117,-10,10
40389,64,84,-20,20
40390,48,63,-15,15
40391,103,99,4,4
40392,91,95,-4,4
40393,121,119,2,2
40394,109,111,-2,2
40395,92,92,0,0
40396,118,109,9,9
40397,82,85,-3,3
40398,76,68,8,8
40399,98,91,7,7
40400,118,105,13,13
40401,124,135,-11,11
40402,120,107,13,13
40403,85,87,-2,2
40404,112,104,8,8
40405,88,88,0,0
40406,65,68,-3,3
40407,48,62,-14,14
40408,66,87,-21,21
40409,106,85,21,21
40410,174,153,21,21
40411,161,156,5,5
40412,42,69,-27,27
40413,65,72,-7,7
40414,47,54,-7,7
40415,100,116,-16,16
40416,91,89,2,2
40417,59,64,-5,5
40418,77,88,-11,11
40419,83,85,-2,2
40420,91,91,0,0
40421,91,89,2,2
40422,163,147,16,16
40423,89,88,1,1
40424,144,153,-9,9
40425,107,120,-13,13
40426,75,76,-1,1
40427,210,210,0,0
40428,168,163,5,5
40429,116,158,-42,42
40430,67,85,-18,18
40431,66,70,-4,4
40432,23,23,0,0
40433,99,92,7,7
40434,66,77,-11,11
40435,56,57,-1,1
40436,92,106,-14,14
40437,132,122,10,10
40438,67,73,-6,6
40439,42,35,7,7
40440,123,116,7,7
40441,44,51,-7,7
40442,117,111,6,6
40443,109,105,4,4
40444,106,111,-5,5
40445,92,92,0,0
40446,88,82,6,6
40447,74,77,-3,3
40448,114,129,-15,15
40449,146,133,13,13
40450,105,103,2,2
40451,91,93,-2,2
40452,124,121,3,3
40453,178,156,22,22
40454,98,100,-2,2
40455,145,153,-8,8
40456,76,76,0,0
40457,100,94,6,6
40458,128,114,14,14
40459,152,138,14,14
40460,40,44,-4,4
40461,65,71,-6,6
40462,107,117,-10,10
40463,90,85,5,5
40464,100,109,-9,9
40465,71,93,-22,22
40466,55,57,-2,2
40467,80,132,-52,52
40468,131,153,-22,22
40469,28,51,-23,23
40470,93,102,-9,9
40471,149,153,-4,4
40472,88,91,-3,3
40473,50,53,-3,3
40474,82,91,-9,9
40475,125,111,14,14
40476,131,108,23,23
40477,93,105,-12,12
40478,83,83,0,0
40479,149,143,6,6
40480,74,71,3,3
40481,124,123,1,1
40482,174,150,24,24
40483,83,113,-30,30
40484,119,124,-5,5
40485,85,82,3,3
40486,70,69,1,1
40487,197,201,-4,4
40488,131,122,9,9
40489,130,116,14,14
40490,73,91,-18,18
40491,97,96,1,1
40492,85,130,-45,45
40493,198,175,23,23
40494,100,92,8,8
40495,81,96,-15,15
40496,71,73,-2,2
40497,97,98,-1,1
40498,77,87,-10,10
40499,88,87,1,1
40500,90,86,4,4
40501,74,80,-6,6
40502,70,78,-8,8
40503,63,62,1,1
40504,149,146,3,3
40505,97,86,11,11
40506,65,72,-7,7
40507,81,81,0,0
40508,100,99,1,1
40509,79,92,-13,13
40510,106,103,3,3
40511,79,84,-5,5
40512,137,132,5,5
40513,82,86,-4,4
40514,68,58,10,10
40515,100,88,12,12
40516,40,54,-14,14
40517,57,56,1,1
40518,73,76,-3,3
40519,85,94,-9,9
40520,135,122,13,13
40521,126,109,17,17
40522,158,145,13,13
40523,110,108,2,2
40524,125,122,3,3
40525,115,117,-2,2
40526,112,112,0,0
40527,71,81,-10,10
40528,121,142,-21,21
40529,97,108,-11,11
40530,104,102,2,2
40531,97,90,7,7
40532,54,61,-7,7
40533,76,81,-5,5
40534,132,101,31,31
40535,98,98,0,0
40536,107,95,12,12
40537,119,108,11,11
40538,125,119,6,6
40539,96,97,-1,1
40540,49,50,-1,1
40541,89,68,21,21
40542,101,99,2,2
40543,86,90,-4,4
40544,43,55,-12,12
40545,40,50,-10,10
40546,109,104,5,5
40547,49,73,-24,24
40548,99,98,1,1
40549,120,105,15,15
40550,70,81,-11,11
40551,177,158,19,19
40552,59,67,-8,8
40553,90,87,3,3
40554,99,103,-4,4
40555,99,96,3,3
40556,113,99,14,14
40557,87,120,-33,33
40558,120,115,5,5
40559,122,110,12,12
40560,156,143,13,13
40561,90,78,12,12
40562,109,113,-4,4
40563,59,71,-12,12
40564,110,106,4,4
40565,64,64,0,0
40566,76,81,-5,5
40567,93,81,12,12
40568,81,83,-2,2
40569,155,139,16,16
40570,77,86,-9,9
40571,52,55,-3,3
40572,48,51,-3,3
40573,94,109,-15,15
40574,72,77,-5,5
40575,78,91,-13,13
40576,108,109,-1,1
40577,74,79,-5,5
40578,67,69,-2,2
40579,88,87,1,1
40580,127,113,14,14
40581,88,99,-11,11
40582,53,59,-6,6
40583,101,102,-1,1
40584,105,102,3,3
40585,120,117,3,3
40586,63,72,-9,9
40587,50,55,-5,5
40588,67,73,-6,6
40589,121,130,-9,9
40590,76,78,-2,2
40591,95,80,15,15
40592,97,106,-9,9
40593,63,69,-6,6
40594,135,122,13,13
40595,61,72,-11,11
40596,79,84,-5,5
40597,133,122,11,11
40598,97,101,-4,4
40599,78,64,14,14
40600,96,95,1,1
40601,47,58,-11,11
40602,139,126,13,13
40603,99,99,0,0
40604,113,100,13,13
40605,94,87,7,7
40606,100,107,-7,7
40607,71,84,-13,13
40608,102,112,-10,10
40609,113,105,8,8
40610,85,80,5,5
40611,75,60,15,15
40612,62,57,5,5
40613,111,81,30,30
40614,80,79,1,1
40615,117,112,5,5
40616,107,116,-9,9
40617,75,72,3,3
40618,82,90,-8,8
40619,73,74,-1,1
40620,110,108,2,2
40621,115,111,4,4
40622,151,145,6,6
40623,60,63,-3,3
40624,51,62,-11,11
40625,76,74,2,2
40626,115,103,12,12
40627,79,81,-2,2
40628,85,84,1,1
40629,84,76,8,8
40630,136,122,14,14
40631,76,81,-5,5
40632,30,58,-28,28
40633,141,132,9,9
40634,83,84,-1,1
40635,81,84,-3,3
40636,79,84,-5,5
40637,113,111,2,2
40638,88,84,4,4
40639,145,173,-28,28
40640,156,155,1,1
40641,80,78,2,2
40642,103,104,-1,1
40643,116,112,4,4
40644,76,69,7,7
40645,123,126,-3,3
40646,93,90,3,3
40647,103,107,-4,4
40648,67,63,4,4
40649,102,109,-7,7
40650,92,81,11,11
40651,86,87,-1,1
40652,56,62,-6,6
40653,80,76,4,4
40654,137,130,7,7
40655,48,56,-8,8
40656,87,73,14,14
40657,112,116,-4,4
40658,74,63,11,11
40659,87,78,9,9
40660,101,110,-9,9
40661,58,58,0,0
40662,116,110,6,6
40663,97,90,7,7
40664,65,62,3,3
40665,98,89,9,9
40666,98,98,0,0
40667,156,149,7,7
40668,88,80,8,8
40669,85,93,-8,8
40670,64,66,-2,2
40671,72,72,0,0
40672,107,120,-13,13
40673,87,100,-13,13
40674,115,105,10,10
40675,102,91,11,11
40676,120,106,14,14
40677,87,88,-1,1
40678,81,77,4,4
40679,53,66,-13,13
40680,71,91,-20,20
40681,78,78,0,0
40682,104,99,5,5
40683,113,116,-3,3
40684,51,47,4,4
40685,65,75,-10,10
40686,109,134,-25,25
40687,78,83,-5,5
40688,105,90,15,15
40689,93,97,-4,4
40690,103,102,1,1
40691,113,99,14,14
40692,77,87,-10,10
40693,135,130,5,5
40694,82,73,9,9
40695,84,82,2,2
40696,56,68,-12,12
40697,54,64,-10,10
40698,146,137,9,9
40699,149,141,8,8
40700,91,87,4,4
40701,61,62,-1,1
40702,117,126,-9,9
40703,46,47,-1,1
40704,159,159,0,0
40705,94,95,-1,1
40706,153,138,15,15
40707,108,105,3,3
40708,85,76,9,9
40709,69,71,-2,2
40710,295,279,16,16
40711,74,65,9,9
40712,103,104,-1,1
40713,80,73,7,7
40714,68,67,1,1
40715,120,130,-10,10
40716,86,79,7,7
40717,118,107,11,11
40718,74,74,0,0
40719,99,79,20,20
40720,76,71,5,5
40721,134,119,15,15
40722,97,113,-16,16
40723,66,71,-5,5
40724,92,102,-10,10
40725,50,63,-13,13
40726,83,78,5,5
40727,98,104,-6,6
40728,72,71,1,1
40729,71,59,12,12
40730,71,81,-10,10
40731,78,86,-8,8
40732,81,82,-1,1
40733,126,128,-2,2
40734,71,67,4,4
40735,70,72,-2,2
40736,141,140,1,1
40737,75,82,-7,7
40738,85,72,13,13
40739,89,93,-4,4
40740,82,82,0,0
40741,174,159,15,15
40742,77,78,-1,1
40743,113,128,-15,15
40744,165,165,0,0
40745,55,54,1,1
40746,94,87,7,7
40747,81,81,0,0
40748,103,94,9,9
40749,87,87,0,0
40750,68,94,-26,26
40751,205,212,-7,7
40752,85,89,-4,4
40753,66,64,2,2
40754,68,66,2,2
40755,87,90,-3,3
40756,101,94,7,7
40757,115,110,5,5
40758,69,66,3,3
40759,144,135,9,9
40760,97,78,19,19
40761,107,114,-7,7
40762,88,108,-20,20
40763,138,132,6,6
40764,90,82,8,8
40765,129,143,-14,14
40766,66,75,-9,9
40767,75,80,-5,5
40768,118,107,11,11
40769,99,96,3,3
40770,77,78,-1,1
40771,89,71,18,18
40772,95,110,-15,15
40773,56,57,-1,1
40774,115,113,2,2
40775,59,58,1,1
40776,117,115,2,2
40777,110,103,7,7
40778,120,90,30,30
40779,98,87,11,11
40780,121,128,-7,7
40781,100,89,11,11
40782,85,76,9,9
40783,106,103,3,3
40784,165,158,7,7
40785,65,79,-14,14
40786,58,58,0,0
40787,165,157,8,8
40788,56,77,-21,21
40789,62,75,-13,13
40790,85,80,5,5
40791,93,93,0,0
40792,57,66,-9,9
40793,97,101,-4,4
40794,96,102,-6,6
40795,45,57,-12,12
40796,114,106,8,8
40797,77,78,-1,1
40798,77,84,-7,7
40799,89,82,7,7
40800,70,69,1,1
40801,84,85,-1,1
40802,89,109,-20,20
40803,104,103,1,1
40804,88,92,-4,4
40805,68,67,1,1
40806,67,72,-5,5
40807,51,56,-5,5
40808,144,153,-9,9
40809,135,123,12,12
40810,89,86,3,3
40811,122,117,5,5
40812,110,108,2,2
40813,81,81,0,0
40814,147,156,-9,9
40815,60,62,-2,2
40816,137,149,-12,12
40817,110,116,-6,6
40818,125,117,8,8
40819,89,91,-2,2
40820,129,149,-20,20
40821,70,58,12,12
40822,149,156,-7,7
40823,72,83,-11,11
40824,96,98,-2,2
40825,76,72,4,4
40826,154,147,7,7
40827,220,194,26,26
40828,106,115,-9,9
40829,95,92,3,3
40830,158,171,-13,13
40831,140,136,4,4
40832,86,91,-5,5
40833,96,91,5,5
40834,100,92,8,8
40835,70,64,6,6
40836,64,50,14,14
40837,147,139,8,8
40838,75,76,-1,1
40839,80,89,-9,9
40840,161,154,7,7
40841,83,105,-22,22
40842,89,76,13,13
40843,169,163,6,6
40844,85,99,-14,14
40845,151,154,-3,3
40846,85,80,5,5
40847,61,58,3,3
40848,62,63,-1,1
40849,118,103,15,15
40850,97,95,2,2
40851,118,117,1,1
40852,104,99,5,5
40853,44,58,-14,14
40854,101,97,4,4
40855,69,67,2,2
40856,52,54,-2,2
40857,115,110,5,5
40858,56,58,-2,2
40859,110,120,-10,10
40860,96,123,-27,27
40861,88,87,1,1
40862,94,99,-5,5
40863,60,64,-4,4
40864,108,102,6,6
40865,114,108,6,6
40866,87,84,3,3
40867,102,101,1,1
40868,75,67,8,8
40869,56,52,4,4
40870,123,131,-8,8
40871,29,50,-21,21
40872,70,84,-14,14
40873,87,81,6,6
40874,48,63,-15,15
40875,108,96,12,12
40876,164,170,-6,6
40877,125,115,10,10
40878,66,64,2,2
40879,190,179,11,11
40880,91,92,-1,1
40881,116,103,13,13
40882,96,90,6,6
40883,86,87,-1,1
40884,157,161,-4,4
40885,149,139,10,10
40886,54,62,-8,8
40887,81,85,-4,4
40888,97,104,-7,7
40889,128,119,9,9
40890,96,100,-4,4
40891,121,122,-1,1
40892,131,116,15,15
40893,133,125,8,8
40894,130,118,12,12
40895,97,96,1,1
40896,68,76,-8,8
40897,118,105,13,13
40898,91,86,5,5
40899,90,104,-14,14
40900,65,70,-5,5
40901,143,122,21,21
40902,80,59,21,21
40903,96,82,14,14
40904,104,97,7,7
40905,112,110,2,2
40906,86,78,8,8
40907,91,95,-4,4
40908,205,178,27,27
40909,73,82,-9,9
40910,101,86,15,15
40911,73,72,1,1
40912,90,86,4,4
40913,191,202,-11,11
40914,90,96,-6,6
40915,149,146,3,3
40916,73,91,-18,18
40917,152,144,8,8
40918,115,102,13,13
40919,88,92,-4,4
40920,86,79,7,7
40921,103,95,8,8
40922,37,52,-15,15
40923,83,79,4,4
40924,76,76,0,0
40925,56,66,-10,10
40926,130,133,-3,3
40927,67,58,9,9
40928,78,73,5,5
40929,105,102,3,3
40930,101,103,-2,2
40931,88,96,-8,8
40932,83,83,0,0
40933,108,103,5,5
40934,67,80,-13,13
40935,107,107,0,0
40936,43,40,3,3
40937,71,83,-12,12
40938,99,81,18,18
40939,120,135,-15,15
40940,132,128,4,4
40941,30,47,-17,17
40942,88,92,-4,4
40943,82,103,-21,21
40944,59,68,-9,9
40945,68,67,1,1
40946,120,111,9,9
40947,60,53,7,7
40948,103,94,9,9
40949,110,111,-1,1
40950,114,104,10,10
40951,90,91,-1,1
40952,192,177,15,15
40953,100,95,5,5
40954,119,109,10,10
40955,91,82,9,9
40956,98,93,5,5
40957,51,54,-3,3
40958,94,91,3,3
40959,98,103,-5,5
40960,71,79,-8,8
40961,106,123,-17,17
40962,78,79,-1,1
40963,66,69,-3,3
40964,79,88,-9,9
40965,85,89,-4,4
40966,147,145,2,2
40967,68,63,5,5
40968,66,69,-3,3
40969,81,84,-3,3
40970,133,134,-1,1
40971,120,125,-5,5
40972,71,77,-6,6
40973,169,173,-4,4
40974,159,151,8,8
40975,57,70,-13,13
40976,73,78,-5,5
40977,44,44,0,0
40978,85,89,-4,4
40979,49,68,-19,19
40980,54,60,-6,6
40981,89,78,11,11
40982,62,74,-12,12
40983,88,89,-1,1
40984,93,95,-2,2
40985,66,70,-4,4
40986,69,86,-17,17
40987,138,154,-16,16
40988,88,101,-13,13
40989,102,105,-3,3
40990,45,49,-4,4
40991,48,55,-7,7
40992,106,104,2,2
40993,158,154,4,4
40994,125,122,3,3
40995,64,72,-8,8
40996,153,145,8,8
40997,66,66,0,0
40998,87,91,-4,4
40999,90,92,-2,2
41000,105,104,1,1
41001,51,58,-7,7
41002,148,139,9,9
41003,123,128,-5,5
41004,59,60,-1,1
41005,88,83,5,5
41006,91,98,-7,7
41007,77,83,-6,6
41008,98,100,-2,2
41009,84,96,-12,12
41010,97,99,-2,2
41011,129,110,19,19
41012,158,155,3,3
41013,99,102,-3,3
41014,153,154,-1,1
41015,140,130,10,10
41016,97,91,6,6
41017,116,123,-7,7
41018,108,103,5,5
41019,117,114,3,3
41020,112,105,7,7
41021,70,66,4,4
41022,117,127,-10,10
41023,186,178,8,8
41024,88,87,1,1
41025,40,55,-15,15
41026,69,77,-8,8
41027,138,130,8,8
41028,68,76,-8,8
41029,194,178,16,16
41030,141,130,11,11
41031,66,77,-11,11
41032,87,92,-5,5
41033,112,106,6,6
41034,120,107,13,13
41035,117,114,3,3
41036,116,114,2,2
41037,113,115,-2,2
41038,109,117,-8,8
41039,116,116,0,0
41040,107,103,4,4
41041,156,141,15,15
41042,54,49,5,5
41043,96,91,5,5
41044,116,106,10,10
41045,105,97,8,8
41046,53,50,3,3
41047,146,144,2,2
41048,111,118,-7,7
41049,55,62,-7,7
41050,130,124,6,6
41051,89,83,6,6
41052,99,106,-7,7
41053,101,110,-9,9
41054,107,114,-7,7
41055,56,61,-5,5
41056,72,77,-5,5
41057,141,131,10,10
41058,49,54,-5,5
41059,50,59,-9,9
41060,106,98,8,8
41061,71,63,8,8
41062,82,101,-19,19
41063,112,106,6,6
41064,114,113,1,1
41065,91,90,1,1
41066,79,54,25,25
41067,87,90,-3,3
41068,72,71,1,1
41069,140,140,0,0
41070,79,88,-9,9
41071,103,69,34,34
41072,105,103,2,2
41073,80,83,-3,3
41074,63,60,3,3
41075,89,89,0,0
41076,58,65,-7,7
41077,71,71,0,0
41078,91,95,-4,4
41079,64,62,2,2
41080,134,132,2,2
41081,144,144,0,0
41082,46,59,-13,13
41083,79,84,-5,5
41084,137,126,11,11
41085,71,71,0,0
41086,88,80,8,8
41087,99,86,13,13
41088,77,75,2,2
41089,71,70,1,1
41090,66,64,2,2
41091,57,71,-14,14
41092,107,107,0,0
41093,157,152,5,5
41094,59,62,-3,3
41095,107,119,-12,12
41096,150,138,12,12
41097,97,108,-11,11
41098,56,56,0,0
41099,122,119,3,3
41100,118,115,3,3
41101,98,87,11,11
41102,87,100,-13,13
41103,84,74,10,10
41104,67,66,1,1
41105,97,101,-4,4
41106,110,109,1,1
41107,75,75,0,0
41108,49,62,-13,13
41109,121,138,-17,17
41110,124,128,-4,4
41111,86,85,1,1
41112,91,100,-9,9
41113,74,64,10,10
41114,87,75,12,12
41115,61,62,-1,1
41116,76,72,4,4
41117,169,174,-5,5
41118,79,76,3,3
41119,85,92,-7,7
41120,129,120,9,9
41121,68,67,1,1
41122,88,107,-19,19
41123,136,127,9,9
41124,81,85,-4,4
41125,143,148,-5,5
41126,66,67,-1,1
41127,90,101,-11,11
41128,69,69,0,0
41129,129,121,8,8
41130,77,88,-11,11
41131,128,121,7,7
41132,110,109,1,1
41133,125,120,5,5
41134,82,80,2,2
41135,147,133,14,14
41136,77,77,0,0
41137,81,53,28,28
41138,91,91,0,0
41139,106,97,9,9
41140,65,80,-15,15
41141,59,60,-1,1
41142,107,112,-5,5
41143,75,91,-16,16
41144,86,98,-12,12
41145,92,87,5,5
41146,87,101,-14,14
41147,115,124,-9,9
41148,70,92,-22,22
41149,78,58,20,20
41150,77,72,5,5
41151,142,149,-7,7
41152,161,152,9,9
41153,145,132,13,13
41154,102,95,7,7
41155,68,73,-5,5
41156,81,83,-2,2
41157,92,88,4,4
41158,91,101,-10,10
41159,87,86,1,1
41160,168,160,8,8
41161,58,57,1,1
41162,119,102,17,17
41163,55,53,2,2
41164,69,77,-8,8
41165,69,75,-6,6
41166,99,102,-3,3
41167,72,71,1,1
41168,82,84,-2,2
41169,134,133,1,1
41170,88,84,4,4
41171,61,66,-5,5
41172,77,78,-1,1
41173,106,117,-11,11
41174,89,96,-7,7
41175,90,91,-1,1
41176,102,109,-7,7
41177,77,81,-4,4
41178,63,62,1,1
41179,76,74,2,2
41180,67,64,3,3
41181,64,77,-13,13
41182,66,73,-7,7
41183,126,119,7,7
41184,91,104,-13,13
41185,148,122,26,26
41186,111,100,11,11
41187,58,65,-7,7
41188,93,87,6,6
41189,80,74,6,6
41190,173,165,8,8
41191,80,76,4,4
41192,117,112,5,5
41193,69,66,3,3
41194,115,113,2,2
41195,122,115,7,7
41196,76,81,-5,5
41197,89,77,12,12
41198,92,107,-15,15
41199,101,84,17,17
41200,156,139,17,17
41201,88,78,10,10
41202,61,60,1,1
41203,80,80,0,0
41204,128,126,2,2
41205,101,89,12,12
41206,114,115,-1,1
41207,142,120,22,22
41208,53,54,-1,1
41209,138,132,6,6
41210,49,52,-3,3
41211,146,139,7,7
41212,91,73,18,18
41213,136,141,-5,5
41214,60,68,-8,8
41215,147,140,7,7
41216,86,89,-3,3
41217,71,63,8,8
41218,127,163,-36,36
41219,62,67,-5,5
41220,109,104,5,5
41221,69,69,0,0
41222,186,178,8,8
41223,44,51,-7,7
41224,39,38,1,1
41225,89,92,-3,3
41226,113,115,-2,2
41227,65,62,3,3
41228,63,68,-5,5
41229,61,67,-6,6
41230,132,125,7,7
41231,70,79,-9,9
41232,179,167,12,12
41233,103,117,-14,14
41234,118,108,10,10
41235,71,74,-3,3
41236,156,136,20,20
41237,95,89,6,6
41238,108,109,-1,1
41239,92,94,-2,2
41240,125,113,12,12
41241,103,97,6,6
41242,87,74,13,13
41243,57,63,-6,6
41244,95,89,6,6
41245,207,218,-11,11
41246,72,75,-3,3
41247,158,149,9,9
41248,78,75,3,3
41249,59,58,1,1
41250,77,67,10,10
41251,78,67,11,11
41252,120,107,13,13
41253,137,126,11,11
41254,71,69,2,2
41255,117,109,8,8
41256,97,105,-8,8
41257,108,108,0,0
41258,64,72,-8,8
41259,125,119,6,6
41260,57,48,9,9
41261,47,64,-17,17
41262,110,100,10,10
41263,173,185,-12,12
41264,70,67,3,3
41265,112,115,-3,3
41266,69,69,0,0
41267,95,91,4,4
41268,50,48,2,2
41269,60,63,-3,3
41270,108,114,-6,6
41271,88,91,-3,3
41272,141,156,-15,15
41273,65,60,5,5
41274,111,122,-11,11
41275,110,101,9,9
41276,156,131,25,25
41277,70,91,-21,21
41278,77,86,-9,9
41279,111,103,8,8
41280,77,76,1,1
41281,132,150,-18,18
41282,94,79,15,15
41283,87,86,1,1
41284,71,75,-4,4
41285,69,73,-4,4
41286,57,58,-1,1
41287,63,71,-8,8
41288,170,166,4,4
41289,99,100,-1,1
41290,91,93,-2,2
41291,75,79,-4,4
41292,155,146,9,9
41293,169,162,7,7
41294,121,114,7,7
41295,56,61,-5,5
41296,73,69,4,4
41297,142,98,44,44
41298,76,91,-15,15
41299,117,118,-1,1
41300,113,111,2,2
41301,63,66,-3,3
41302,146,129,17,17
41303,71,69,2,2
41304,68,71,-3,3
41305,96,97,-1,1
41306,64,75,-11,11
41307,79,72,7,7
41308,77,78,-1,1
41309,54,58,-4,4
41310,81,82,-1,1
41311,106,117,-11,11
41312,130,123,7,7
41313,63,53,10,10
41314,74,80,-6,6
41315,87,89,-2,2
41316,97,92,5,5
41317,136,146,-10,10
41318,78,80,-2,2
41319,114,103,11,11
41320,172,197,-25,25
41321,69,87,-18,18
41322,55,57,-2,2
41323,68,66,2,2
41324,84,86,-2,2
41325,64,50,14,14
41326,44,50,-6,6
41327,98,88,10,10
41328,118,120,-2,2
41329,115,113,2,2
41330,151,151,0,0
41331,66,60,6,6
41332,150,128,22,22
41333,94,89,5,5
41334,83,88,-5,5
41335,138,125,13,13
41336,96,99,-3,3
41337,117,120,-3,3
41338,32,32,0,0
41339,167,159,8,8
41340,162,152,10,10
41341,120,126,-6,6
41342,84,87,-3,3
41343,64,54,10,10
41344,147,146,1,1
41345,74,82,-8,8
41346,42,63,-21,21
41347,65,82,-17,17
41348,87,92,-5,5
41349,101,107,-6,6
41350,64,67,-3,3
41351,54,63,-9,9
41352,99,101,-2,2
41353,60,68,-8,8
41354,62,57,5,5
41355,134,121,13,13
41356,79,95,-16,16
41357,74,83,-9,9
41358,103,103,0,0
41359,160,162,-2,2
41360,103,108,-5,5
41361,96,95,1,1
41362,66,59,7,7
41363,72,76,-4,4
41364,69,72,-3,3
41365,115,115,0,0
41366,74,75,-1,1
41367,47,63,-16,16
41368,116,111,5,5
41369,75,80,-5,5
41370,74,93,-19,19
41371,138,136,2,2
41372,83,85,-2,2
41373,78,72,6,6
41374,144,130,14,14
41375,94,86,8,8
41376,91,91,0,0
41377,97,103,-6,6
41378,79,85,-6,6
41379,87,87,0,0
41380,50,64,-14,14
41381,61,63,-2,2
41382,66,75,-9,9
41383,83,79,4,4
41384,69,66,3,3
41385,117,108,9,9
41386,123,112,11,11
41387,152,129,23,23
41388,53,51,2,2
41389,41,72,-31,31
41390,120,116,4,4
41391,50,61,-11,11
41392,103,98,5,5
41393,59,73,-14,14
41394,146,168,-22,22
41395,74,73,1,1
41396,119,112,7,7
41397,100,100,0,0
41398,109,93,16,16
41399,140,128,12,12
41400,104,108,-4,4
41401,118,124,-6,6
41402,129,116,13,13
41403,62,45,17,17
41404,80,87,-7,7
41405,67,68,-1,1
41406,45,49,-4,4
41407,111,108,3,3
41408,110,109,1,1
41409,68,66,2,2
41410,84,91,-7,7
41411,132,112,20,20
41412,67,68,-1,1
41413,66,79,-13,13
41414,53,63,-10,10
41415,88,92,-4,4
41416,115,124,-9,9
41417,142,146,-4,4
41418,134,128,6,6
41419,108,107,1,1
41420,63,71,-8,8
41421,68,64,4,4
41422,96,86,10,10
41423,73,76,-3,3
41424,88,94,-6,6
41425,107,96,11,11
41426,114,135,-21,21
41427,132,126,6,6
41428,64,68,-4,4
41429,73,72,1,1
41430,109,95,14,14
41431,65,68,-3,3
41432,138,110,28,28
41433,103,97,6,6
41434,132,129,3,3
41435,67,68,-1,1
41436,70,69,1,1
41437,114,120,-6,6
41438,54,67,-13,13
41439,87,83,4,4
41440,57,63,-6,6
41441,163,165,-2,2
41442,83,80,3,3
41443,48,57,-9,9
41444,62,65,-3,3
41445,110,101,9,9
41446,64,66,-2,2
41447,154,137,17,17
41448,119,117,2,2
41449,81,86,-5,5
41450,76,84,-8,8
41451,125,110,15,15
41452,82,78,4,4
41453,140,134,6,6
41454,58,65,-7,7
41455,90,80,10,10
41456,94,100,-6,6
41457,70,66,4,4
41458,126,121,5,5
41459,42,51,-9,9
41460,96,118,-22,22
41461,144,124,20,20
41462,84,70,14,14
41463,91,83,8,8
41464,89,88,1,1
41465,68,70,-2,2
41466,74,74,0,0
41467,73,82,-9,9
41468,95,86,9,9
41469,141,120,21,21
41470,144,137,7,7
41471,115,120,-5,5
41472,126,112,14,14
41473,81,78,3,3
41474,70,62,8,8
41475,101,100,1,1
41476,36,42,-6,6
41477,103,100,3,3
41478,50,54,-4,4
41479,108,102,6,6
41480,168,177,-9,9
41481,89,103,-14,14
41482,128,133,-5,5
41483,87,77,10,10
41484,72,58,14,14
41485,166,167,-1,1
41486,75,83,-8,8
41487,116,123,-7,7
41488,66,63,3,3
41489,89,95,-6,6
41490,72,82,-10,10
41491,103,117,-14,14
41492,82,77,5,5
41493,108,112,-4,4
41494,115,106,9,9
41495,154,174,-20,20
41496,96,98,-2,2
41497,70,66,4,4
41498,105,102,3,3
41499,103,96,7,7
41500,80,81,-1,1
41501,167,152,15,15
41502,131,124,7,7
41503,87,84,3,3
41504,83,86,-3,3
41505,221,225,-4,4
41506,67,62,5,5
41507,114,117,-3,3
41508,88,66,22,22
41509,80,79,1,1
41510,183,168,15,15
41511,67,78,-11,11
41512,172,167,5,5
41513,56,70,-14,14
41514,60,63,-3,3
41515,60,68,-8,8
41516,77,87,-10,10
41517,85,77,8,8
41518,64,71,-7,7
41519,88,97,-9,9
41520,143,140,3,3
41521,148,150,-2,2
41522,73,65,8,8
41523,97,107,-10,10
41524,85,89,-4,4
41525,62,53,9,9
41526,82,88,-6,6
41527,63,64,-1,1
41528,55,53,2,2
41529,133,124,9,9
41530,96,104,-8,8
41531,98,99,-1,1
41532,67,71,-4,4
41533,104,116,-12,12
41534,118,201,-83,83
41535,83,100,-17,17
41536,110,112,-2,2
41537,138,128,10,10
41538,79,70,9,9
41539,75,69,6,6
41540,67,69,-2,2
41541,59,64,-5,5
41542,63,56,7,7
41543,125,122,3,3
41544,156,157,-1,1
41545,88,78,10,10
41546,106,104,2,2
41547,88,87,1,1
41548,126,125,1,1
41549,71,79,-8,8
41550,109,105,4,4
41551,61,90,-29,29
41552,100,106,-6,6
41553,157,122,35,35
41554,168,165,3,3
41555,110,108,2,2
41556,92,99,-7,7
41557,118,129,-11,11
41558,159,158,1,1
41559,67,66,1,1
41560,78,88,-10,10
41561,93,96,-3,3
41562,76,76,0,0
41563,156,129,27,27
41564,63,79,-16,16
41565,87,84,3,3
41566,79,75,4,4
41567,56,59,-3,3
41568,65,62,3,3
41569,99,91,8,8
41570,90,73,17,17
41571,108,111,-3,3
41572,59,55,4,4
41573,48,72,-24,24
41574,73,66,7,7
41575,111,103,8,8
41576,69,69,0,0
41577,149,127,22,22
41578,87,75,12,12
41579,87,80,7,7
41580,85,89,-4,4
41581,112,98,14,14
41582,78,84,-6,6
41583,74,84,-10,10
41584,85,87,-2,2
41585,77,76,1,1
41586,113,102,11,11
41587,106,113,-7,7
41588,61,73,-12,12
41589,82,99,-17,17
41590,115,121,-6,6
41591,51,60,-9,9
41592,109,91,18,18
41593,61,59,2,2
41594,60,67,-7,7
41595,129,114,15,15
41596,152,133,19,19
41597,90,86,4,4
41598,204,193,11,11
41599,95,88,7,7
41600,81,87,-6,6
41601,75,69,6,6
41602,95,95,0,0
41603,108,113,-5,5
41604,140,124,16,16
41605,47,50,-3,3
41606,92,85,7,7
41607,127,128,-1,1
41608,64,66,-2,2
41609,86,84,2,2
41610,83,76,7,7
41611,86,94,-8,8
41612,110,106,4,4
41613,128,141,-13,13
41614,152,149,3,3
41615,106,110,-4,4
41616,71,79,-8,8
41617,70,80,-10,10
41618,71,75,-4,4
41619,80,89,-9,9
41620,10,34,-24,24
41621,95,85,10,10
41622,88,74,14,14
41623,55,50,5,5
41624,96,86,10,10
41625,114,99,15,15
41626,113,100,13,13
41627,115,113,2,2
41628,50,56,-6,6
41629,130,141,-11,11
41630,130,131,-1,1
41631,85,80,5,5
41632,72,66,6,6
41633,177,169,8,8
41634,90,98,-8,8
41635,131,139,-8,8
41636,68,74,-6,6
41637,46,51,-5,5
41638,96,93,3,3
41639,161,155,6,6
41640,60,63,-3,3
41641,73,82,-9,9
41642,50,58,-8,8
41643,60,54,6,6
41644,122,115,7,7
41645,136,133,3,3
41646,90,90,0,0
41647,131,130,1,1
41648,95,96,-1,1
41649,66,69,-3,3
41650,105,111,-6,6
41651,82,82,0,0
41652,107,100,7,7
41653,61,59,2,2
41654,136,127,9,9
41655,128,145,-17,17
41656,66,68,-2,2
41657,125,124,1,1
41658,69,68,1,1
41659,68,78,-10,10
41660,84,81,3,3
41661,47,59,-12,12
41662,77,79,-2,2
41663,113,106,7,7
41664,155,153,2,2
41665,88,96,-8,8
41666,76,74,2,2
41667,104,162,-58,58
41668,43,50,-7,7
41669,69,70,-1,1
41670,94,109,-15,15
41671,121,123,-2,2
41672,178,169,9,9
41673,69,77,-8,8
41674,113,112,1,1
41675,118,107,11,11
41676,86,81,5,5
41677,71,72,-1,1
41678,112,108,4,4
41679,114,98,16,16
41680,68,79,-11,11
41681,75,76,-1,1
41682,103,78,25,25
41683,71,71,0,0
41684,57,59,-2,2
41685,88,75,13,13
41686,165,148,17,17
41687,79,115,-36,36
41688,133,134,-1,1
41689,125,126,-1,1
41690,91,108,-17,17
41691,117,116,1,1
41692,108,107,1,1
41693,101,99,2,2
41694,61,67,-6,6
41695,170,156,14,14
41696,152,147,5,5
41697,86,88,-2,2
41698,89,91,-2,2
41699,137,130,7,7
41700,107,101,6,6
41701,145,133,12,12
41702,152,155,-3,3
41703,89,83,6,6
41704,81,71,10,10
41705,102,102,0,0
41706,85,93,-8,8
41707,70,69,1,1
41708,85,84,1,1
41709,105,106,-1,1
41710,79,71,8,8
41711,55,67,-12,12
41712,94,89,5,5
41713,49,57,-8,8
41714,42,52,-10,10
41715,302,250,52,52
41716,116,111,5,5
41717,68,67,1,1
41718,81,89,-8,8
41719,98,105,-7,7
41720,120,117,3,3
41721,135,134,1,1
41722,85,93,-8,8
41723,76,81,-5,5
41724,125,124,1,1
41725,26,41,-15,15
41726,111,96,15,15
41727,152,135,17,17
41728,85,79,6,6
41729,99,98,1,1
41730,98,151,-53,53
41731,99,86,13,13
41732,81,77,4,4
41733,98,111,-13,13
41734,101,83,18,18
41735,64,68,-4,4
41736,185,175,10,10
41737,97,94,3,3
41738,93,102,-9,9
41739,65,73,-8,8
41740,89,99,-10,10
41741,53,60,-7,7
41742,96,93,3,3
41743,133,130,3,3
41744,149,129,20,20
41745,155,144,11,11
41746,86,86,0,0
41747,64,62,2,2
41748,133,121,12,12
41749,119,135,-16,16
41750,70,76,-6,6
41751,57,58,-1,1
41752,56,62,-6,6
41753,55,55,0,0
41754,57,66,-9,9
41755,106,105,1,1
41756,85,96,-11,11
41757,80,78,2,2
41758,71,79,-8,8
41759,79,93,-14,14
41760,72,76,-4,4
41761,67,67,0,0
41762,200,193,7,7
41763,55,60,-5,5
41764,103,103,0,0
41765,80,77,3,3
41766,113,116,-3,3
41767,34,70,-36,36
41768,77,76,1,1
41769,145,148,-3,3
41770,143,148,-5,5
41771,100,91,9,9
41772,53,86,-33,33
41773,61,87,-26,26
41774,109,118,-9,9
41775,86,71,15,15
41776,72,77,-5,5
41777,86,85,1,1
41778,115,129,-14,14
41779,74,82,-8,8
41780,85,85,0,0
41781,97,90,7,7
41782,111,103,8,8
41783,63,83,-20,20
41784,104,108,-4,4
41785,101,99,2,2
41786,110,107,3,3
41787,72,76,-4,4
41788,128,129,-1,1
41789,74,91,-17,17
41790,108,106,2,2
41791,110,109,1,1
41792,68,58,10,10
41793,41,63,-22,22
41794,153,158,-5,5
41795,115,120,-5,5
41796,58,59,-1,1
41797,45,65,-20,20
41798,92,85,7,7
41799,57,62,-5,5
41800,125,105,20,20
41801,82,95,-13,13
41802,61,63,-2,2
41803,148,126,22,22
41804,72,71,1,1
41805,108,105,3,3
41806,97,110,-13,13
41807,134,118,16,16
41808,50,53,-3,3
41809,66,67,-1,1
41810,61,57,4,4
41811,91,93,-2,2
41812,133,127,6,6
41813,131,119,12,12
41814,67,84,-17,17
41815,112,113,-1,1
41816,100,114,-14,14
41817,193,176,17,17
41818,90,76,14,14
41819,77,78,-1,1
41820,80,82,-2,2
41821,117,109,8,8
41822,87,104,-17,17
41823,64,68,-4,4
41824,61,83,-22,22
41825,120,130,-10,10
41826,119,122,-3,3
41827,137,129,8,8
41828,54,58,-4,4
41829,162,139,23,23
41830,152,166,-14,14
41831,69,70,-1,1
41832,80,83,-3,3
41833,92,91,1,1
41834,96,100,-4,4
41835,107,117,-10,10
41836,71,76,-5,5
41837,83,86,-3,3
41838,89,93,-4,4
41839,121,116,5,5
41840,81,80,1,1
41841,112,122,-10,10
41842,147,130,17,17
41843,62,59,3,3
41844,129,120,9,9
41845,74,76,-2,2
41846,168,141,27,27
41847,47,51,-4,4
41848,128,125,3,3
41849,49,57,-8,8
41850,56,67,-11,11
41851,89,84,5,5
41852,67,74,-7,7
41853,68,82,-14,14
41854,114,121,-7,7
41855,137,147,-10,10
41856,122,125,-3,3
41857,74,74,0,0
41858,67,69,-2,2
41859,129,123,6,6
41860,139,140,-1,1
41861,62,63,-1,1
41862,100,102,-2,2
41863,88,99,-11,11
41864,64,56,8,8
41865,92,82,10,10
41866,119,134,-15,15
41867,81,84,-3,3
41868,59,57,2,2
41869,106,104,2,2
41870,94,131,-37,37
41871,112,98,14,14
41872,80,85,-5,5
41873,101,108,-7,7
41874,135,128,7,7
41875,135,123,12,12
41876,104,91,13,13
41877,85,88,-3,3
41878,176,166,10,10
41879,79,79,0,0
41880,69,55,14,14
41881,41,41,0,0
41882,47,51,-4,4
41883,67,70,-3,3
41884,69,73,-4,4
41885,51,62,-11,11
41886,73,80,-7,7
41887,108,88,20,20
41888,47,48,-1,1
41889,120,133,-13,13
41890,117,106,11,11
41891,91,109,-18,18
41892,110,115,-5,5
41893,82,79,3,3
41894,97,90,7,7
41895,92,90,2,2
41896,72,75,-3,3
41897,74,62,12,12
41898,80,96,-16,16
41899,49,47,2,2
41900,133,131,2,2
41901,85,89,-4,4
41902,116,114,2,2
41903,72,59,13,13
41904,125,117,8,8
41905,91,89,2,2
41906,103,93,10,10
41907,110,109,1,1
41908,102,109,-7,7
41909,111,106,5,5
41910,50,65,-15,15
41911,50,69,-19,19
41912,106,109,-3,3
41913,79,78,1,1
41914,138,131,7,7
41915,110,121,-11,11
41916,59,68,-9,9
41917,72,69,3,3
41918,190,169,21,21
41919,93,90,3,3
41920,47,55,-8,8
41921,46,69,-23,23
41922,135,128,7,7
41923,56,68,-12,12
41924,67,66,1,1
41925,101,107,-6,6
41926,78,69,9,9
41927,61,67,-6,6
41928,43,62,-19,19
41929,142,139,3,3
41930,88,93,-5,5
41931,119,118,1,1
41932,146,132,14,14
41933,93,90,3,3
41934,109,114,-5,5
41935,105,109,-4,4
41936,98,100,-2,2
41937,75,68,7,7
41938,78,80,-2,2
41939,101,110,-9,9
41940,88,97,-9,9
41941,133,137,-4,4
41942,66,84,-18,18
41943,101,104,-3,3
41944,94,93,1,1
41945,86,85,1,1
41946,95,86,9,9
41947,96,102,-6,6
41948,83,82,1,1
41949,119,99,20,20
41950,116,121,-5,5
41951,92,86,6,6
41952,89,92,-3,3
41953,215,241,-26,26
41954,96,92,4,4
41955,138,119,19,19
41956,73,70,3,3
41957,72,71,1,1
41958,83,100,-17,17
41959,119,111,8,8
41960,83,81,2,2
41961,140,131,9,9
41962,164,150,14,14
41963,105,100,5,5
41964,109,79,30,30
41965,100,97,3,3
41966,95,91,4,4
41967,85,75,10,10
41968,83,91,-8,8
41969,148,141,7,7
41970,95,104,-9,9
41971,110,130,-20,20
41972,104,112,-8,8
41973,125,138,-13,13
41974,110,129,-19,19
41975,109,105,4,4
41976,87,77,10,10
41977,166,157,9,9
41978,68,79,-11,11
41979,104,88,16,16
41980,127,108,19,19
41981,60,68,-8,8
41982,106,99,7,7
41983,58,67,-9,9
41984,59,58,1,1
41985,98,103,-5,5
41986,150,161,-11,11
41987,107,115,-8,8
41988,75,79,-4,4
41989,95,97,-2,2
41990,82,83,-1,1
41991,101,84,17,17
41992,63,61,2,2
41993,81,71,10,10
41994,60,72,-12,12
41995,121,113,8,8
41996,110,95,15,15
41997,73,76,-3,3
41998,62,61,1,1
41999,66,81,-15,15
42000,87,93,-6,6
42001,130,134,-4,4
42002,84,88,-4,4
42003,142,165,-23,23
42004,61,62,-1,1
42005,109,103,6,6
42006,147,141,6,6
42007,37,59,-22,22
42008,246,203,43,43
42009,61,70,-9,9
42010,111,104,7,7
42011,92,85,7,7
42012,133,140,-7,7
42013,161,150,11,11
42014,128,127,1,1
42015,73,65,8,8
42016,115,111,4,4
42017,159,150,9,9
42018,75,74,1,1
42019,85,94,-9,9
42020,79,86,-7,7
42021,103,97,6,6
42022,109,111,-2,2
42023,89,94,-5,5
42024,158,155,3,3
42025,86,94,-8,8
42026,114,108,6,6
42027,145,139,6,6
42028,83,79,4,4
42029,142,139,3,3
42030,48,58,-10,10
42031,69,73,-4,4
42032,90,98,-8,8
42033,152,138,14,14
42034,72,77,-5,5
42035,93,90,3,3
42036,59,67,-8,8
42037,142,145,-3,3
42038,95,83,12,12
42039,152,135,17,17
42040,87,86,1,1
42041,79,64,15,15
42042,80,84,-4,4
42043,89,89,0,0
42044,74,72,2,2
42045,78,68,10,10
42046,100,102,-2,2
42047,92,105,-13,13
42048,135,136,-1,1
42049,112,116,-4,4
42050,109,117,-8,8
42051,86,74,12,12
42052,80,75,5,5
42053,92,109,-17,17
42054,93,102,-9,9
42055,111,115,-4,4
42056,64,65,-1,1
42057,96,80,16,16
42058,79,94,-15,15
42059,148,158,-10,10
42060,74,95,-21,21
42061,91,80,11,11
42062,85,78,7,7
42063,104,103,1,1
42064,132,129,3,3
42065,75,102,-27,27
42066,175,156,19,19
42067,77,72,5,5
42068,92,91,1,1
42069,150,141,9,9
42070,35,36,-1,1
42071,79,74,5,5
42072,57,66,-9,9
42073,70,55,15,15
42074,117,132,-15,15
42075,84,77,7,7
42076,51,78,-27,27
42077,88,110,-22,22
42078,83,77,6,6
42079,89,80,9,9
42080,79,79,0,0
42081,76,81,-5,5
42082,50,61,-11,11
42083,102,101,1,1
42084,111,123,-12,12
42085,82,89,-7,7
42086,114,125,-11,11
42087,99,91,8,8
42088,111,99,12,12
42089,99,106,-7,7
42090,68,62,6,6
42091,159,128,31,31
42092,78,80,-2,2
42093,43,54,-11,11
42094,64,67,-3,3
42095,77,85,-8,8
42096,38,54,-16,16
42097,39,52,-13,13
42098,87,95,-8,8
42099,89,86,3,3
42100,101,93,8,8
42101,115,111,4,4
42102,101,98,3,3
42103,52,61,-9,9
42104,68,70,-2,2
42105,57,66,-9,9
42106,97,101,-4,4
42107,80,90,-10,10
42108,95,97,-2,2
42109,155,145,10,10
42110,74,76,-2,2
42111,104,90,14,14
42112,63,67,-4,4
42113,28,36,-8,8
42114,96,89,7,7
42115,104,111,-7,7
42116,118,112,6,6
42117,81,71,10,10
42118,58,61,-3,3
42119,85,82,3,3
42120,59,77,-18,18
42121,91,105,-14,14
42122,120,114,6,6
42123,58,41,17,17
42124,89,79,10,10
42125,101,114,-13,13
42126,89,97,-8,8
42127,68,66,2,2
42128,122,113,9,9
42129,71,75,-4,4
42130,71,71,0,0
42131,75,90,-15,15
42132,130,138,-8,8
42133,103,91,12,12
42134,114,122,-8,8
42135,145,146,-1,1
42136,108,95,13,13
42137,102,100,2,2
42138,107,106,1,1
42139,97,99,-2,2
42140,94,90,4,4
42141,70,76,-6,6
42142,91,88,3,3
42143,92,91,1,1
42144,60,77,-17,17
42145,83,86,-3,3
42146,92,83,9,9
42147,106,101,5,5
42148,47,55,-8,8
42149,72,71,1,1
42150,137,124,13,13
42151,69,71,-2,2
42152,69,64,5,5
42153,123,123,0,0
42154,77,82,-5,5
42155,74,66,8,8
42156,144,149,-5,5
42157,132,123,9,9
42158,109,110,-1,1
42159,93,95,-2,2
42160,56,51,5,5
42161,125,115,10,10
42162,54,67,-13,13
42163,127,114,13,13
42164,96,102,-6,6
42165,106,94,12,12
42166,98,93,5,5
42167,97,91,6,6
42168,65,68,-3,3
42169,91,79,12,12
42170,90,91,-1,1
42171,135,126,9,9
42172,109,124,-15,15
42173,101,104,-3,3
42174,80,78,2,2
42175,105,112,-7,7
42176,64,68,-4,4
42177,155,153,2,2
42178,119,127,-8,8
42179,76,70,6,6
42180,122,116,6,6
42181,59,60,-1,1
42182,63,63,0,0
42183,92,101,-9,9
42184,101,100,1,1
42185,100,90,10,10
42186,88,112,-24,24
42187,98,101,-3,3
42188,153,134,19,19
42189,92,96,-4,4
42190,76,71,5,5
42191,110,106,4,4
42192,86,91,-5,5
42193,130,126,4,4
42194,126,124,2,2
42195,78,70,8,8
42196,77,71,6,6
42197,104,107,-3,3
42198,126,131,-5,5
42199,79,77,2,2
42200,117,138,-21,21
42201,45,54,-9,9
42202,100,102,-2,2
42203,83,72,11,11
42204,134,125,9,9
42205,83,88,-5,5
42206,90,99,-9,9
42207,86,90,-4,4
42208,89,86,3,3
42209,60,62,-2,2
42210,78,84,-6,6
42211,120,124,-4,4
42212,72,71,1,1
42213,104,110,-6,6
42214,188,180,8,8
42215,93,92,1,1
42216,159,148,11,11
42217,80,78,2,2
42218,96,102,-6,6
42219,114,117,-3,3
42220,113,121,-8,8
42221,62,64,-2,2
42222,140,149,-9,9
42223,157,148,9,9
42224,61,72,-11,11
42225,95,106,-11,11
42226,130,133,-3,3
42227,134,134,0,0
42228,84,92,-8,8
42229,83,83,0,0
42230,96,97,-1,1
42231,85,83,2,2
42232,117,116,1,1
42233,49,60,-11,11
42234,55,58,-3,3
42235,116,81,35,35
42236,65,76,-11,11
42237,86,86,0,0
42238,58,71,-13,13
42239,55,68,-13,13
42240,109,102,7,7
42241,109,100,9,9
42242,115,107,8,8
42243,131,115,16,16
42244,79,89,-10,10
42245,74,70,4,4
42246,114,109,5,5
42247,125,108,17,17
42248,90,80,10,10
42249,81,84,-3,3
42250,109,98,11,11
42251,90,94,-4,4
42252,58,54,4,4
42253,67,69,-2,2
42254,88,71,17,17
42255,71,80,-9,9
42256,118,127,-9,9
42257,109,110,-1,1
42258,75,94,-19,19
42259,38,44,-6,6
42260,173,169,4,4
42261,153,149,4,4
42262,66,59,7,7
42263,58,53,5,5
42264,44,34,10,10
42265,86,86,0,0
42266,100,92,8,8
42267,86,103,-17,17
42268,106,101,5,5
42269,80,77,3,3
42270,84,80,4,4
42271,76,75,1,1
42272,96,91,5,5
42273,90,98,-8,8
42274,116,130,-14,14
42275,196,172,24,24
42276,103,98,5,5
42277,95,103,-8,8
42278,68,69,-1,1
42279,96,84,12,12
42280,109,103,6,6
42281,86,87,-1,1
42282,174,172,2,2
42283,78,84,-6,6
42284,47,50,-3,3
42285,96,93,3,3
42286,92,92,0,0
42287,79,65,14,14
42288,85,84,1,1
42289,113,117,-4,4
42290,96,100,-4,4
42291,80,69,11,11
42292,43,48,-5,5
42293,93,99,-6,6
42294,63,76,-13,13
42295,96,92,4,4
42296,103,104,-1,1
42297,53,64,-11,11
42298,99,98,1,1
42299,79,79,0,0
42300,70,70,0,0
42301,106,104,2,2
42302,104,152,-48,48
42303,141,138,3,3
42304,99,90,9,9
42305,96,94,2,2
42306,55,51,4,4
42307,99,97,2,2
42308,116,112,4,4
42309,64,84,-20,20
42310,152,134,18,18
42311,63,59,4,4
42312,78,77,1,1
42313,123,144,-21,21
42314,126,118,8,8
42315,79,74,5,5
42316,92,71,21,21
42317,94,91,3,3
42318,200,194,6,6
42319,157,154,3,3
42320,80,74,6,6
42321,57,59,-2,2
42322,141,137,4,4
42323,60,64,-4,4
42324,85,83,2,2
42325,54,66,-12,12
42326,159,159,0,0
42327,150,133,17,17
42328,87,88,-1,1
42329,47,66,-19,19
42330,96,92,4,4
42331,82,88,-6,6
42332,74,68,6,6
42333,120,125,-5,5
42334,109,88,21,21
42335,86,95,-9,9
42336,129,110,19,19
42337,196,177,19,19
42338,178,165,13,13
42339,105,100,5,5
42340,61,77,-16,16
42341,67,67,0,0
42342,109,108,1,1
42343,111,125,-14,14
42344,52,59,-7,7
42345,89,83,6,6
42346,71,86,-15,15
42347,111,117,-6,6
42348,40,49,-9,9
42349,79,86,-7,7
42350,99,91,8,8
42351,96,103,-7,7
42352,63,64,-1,1
42353,103,120,-17,17
42354,97,109,-12,12
42355,90,90,0,0
42356,119,104,15,15
42357,176,163,13,13
42358,97,95,2,2
42359,131,153,-22,22
42360,86,82,4,4
42361,77,77,0,0
42362,84,81,3,3
42363,70,89,-19,19
42364,109,106,3,3
42365,121,117,4,4
42366,125,145,-20,20
42367,150,133,17,17
42368,103,101,2,2
42369,151,133,18,18
42370,58,64,-6,6
42371,64,70,-6,6
42372,122,122,0,0
42373,104,99,5,5
42374,92,85,7,7
42375,100,98,2,2
42376,142,125,17,17
42377,93,86,7,7
42378,120,118,2,2
42379,75,80,-5,5
42380,106,99,7,7
42381,60,103,-43,43
42382,83,81,2,2
42383,98,94,4,4
42384,56,48,8,8
42385,37,42,-5,5
42386,97,82,15,15
42387,152,141,11,11
42388,97,89,8,8
42389,76,70,6,6
42390,80,92,-12,12
42391,56,62,-6,6
42392,108,99,9,9
42393,128,104,24,24
42394,117,108,9,9
42395,103,98,5,5
42396,31,41,-10,10
42397,84,86,-2,2
42398,92,100,-8,8
42399,115,125,-10,10
42400,128,123,5,5
42401,128,125,3,3
42402,75,75,0,0
42403,72,91,-19,19
42404,95,84,11,11
42405,56,62,-6,6
42406,83,71,12,12
42407,97,101,-4,4
42408,109,104,5,5
42409,126,116,10,10
42410,135,131,4,4
42411,75,90,-15,15
42412,73,67,6,6
42413,89,91,-2,2
42414,94,94,0,0
42415,81,83,-2,2
42416,78,85,-7,7
42417,79,68,11,11
42418,78,76,2,2
42419,105,104,1,1
42420,112,116,-4,4
42421,75,69,6,6
42422,98,87,11,11
42423,94,93,1,1
42424,56,64,-8,8
42425,92,82,10,10
42426,68,71,-3,3
42427,104,107,-3,3
42428,144,128,16,16
42429,50,58,-8,8
42430,51,72,-21,21
42431,61,77,-16,16
42432,83,88,-5,5
42433,28,40,-12,12
42434,99,100,-1,1
42435,83,81,2,2
42436,162,150,12,12
42437,104,103,1,1
42438,88,87,1,1
42439,95,90,5,5
42440,116,111,5,5
42441,144,138,6,6
42442,69,62,7,7
42443,102,114,-12,12
42444,116,111,5,5
42445,61,65,-4,4
42446,108,113,-5,5
42447,55,61,-6,6
42448,142,135,7,7
42449,156,157,-1,1
42450,129,114,15,15
42451,180,174,6,6
42452,111,118,-7,7
42453,179,172,7,7
42454,89,114,-25,25
42455,114,109,5,5
42456,96,79,17,17
42457,117,116,1,1
42458,64,64,0,0
42459,57,60,-3,3
42460,54,66,-12,12
42461,95,90,5,5
42462,89,76,13,13
42463,109,98,11,11
42464,76,84,-8,8
42465,67,70,-3,3
42466,65,69,-4,4
42467,76,85,-9,9
42468,92,89,3,3
42469,92,86,6,6
42470,74,76,-2,2
42471,92,88,4,4
42472,80,81,-1,1
42473,89,100,-11,11
42474,43,42,1,1
42475,69,70,-1,1
42476,88,81,7,7
42477,84,95,-11,11
42478,115,110,5,5
42479,56,52,4,4
42480,95,108,-13,13
42481,80,95,-15,15
42482,80,88,-8,8
42483,98,95,3,3
42484,49,52,-3,3
42485,91,91,0,0
42486,64,75,-11,11
42487,53,62,-9,9
42488,85,75,10,10
42489,98,92,6,6
42490,100,89,11,11
42491,69,73,-4,4
42492,48,49,-1,1
42493,105,93,12,12
42494,163,144,19,19
42495,150,147,3,3
42496,85,84,1,1
42497,128,134,-6,6
42498,99,112,-13,13
42499,103,100,3,3
42500,128,118,10,10
42501,107,114,-7,7
42502,55,69,-14,14
42503,84,98,-14,14
42504,90,98,-8,8
42505,90,103,-13,13
42506,72,74,-2,2
42507,91,92,-1,1
42508,87,98,-11,11
42509,84,71,13,13
42510,42,56,-14,14
42511,65,65,0,0
42512,131,127,4,4
42513,48,59,-11,11
42514,109,100,9,9
42515,85,97,-12,12
42516,66,62,4,4
42517,83,88,-5,5
42518,46,42,4,4
42519,141,131,10,10
42520,59,71,-12,12
42521,87,100,-13,13
42522,84,88,-4,4
42523,86,93,-7,7
42524,127,124,3,3
42525,111,135,-24,24
42526,102,102,0,0
42527,65,68,-3,3
42528,70,71,-1,1
42529,61,71,-10,10
42530,104,107,-3,3
42531,111,115,-4,4
42532,202,244,-42,42
42533,100,92,8,8
42534,136,147,-11,11
42535,35,40,-5,5
42536,40,40,0,0
42537,115,112,3,3
42538,116,115,1,1
42539,72,73,-1,1
42540,108,110,-2,2
42541,106,123,-17,17
42542,62,67,-5,5
42543,127,115,12,12
42544,94,93,1,1
42545,89,81,8,8
42546,70,64,6,6
42547,72,82,-10,10
42548,98,86,12,12
42549,96,83,13,13
42550,108,112,-4,4
42551,142,126,16,16
42552,77,81,-4,4
42553,67,58,9,9
42554,81,86,-5,5
42555,54,58,-4,4
42556,124,131,-7,7
42557,110,112,-2,2
42558,101,94,7,7
42559,86,92,-6,6
42560,117,118,-1,1
42561,111,103,8,8
42562,136,121,15,15
42563,78,76,2,2
42564,62,78,-16,16
42565,231,218,13,13
42566,180,172,8,8
42567,91,89,2,2
42568,134,131,3,3
42569,80,76,4,4
42570,100,102,-2,2
42571,123,118,5,5
42572,109,103,6,6
42573,70,65,5,5
42574,57,65,-8,8
42575,148,136,12,12
42576,76,61,15,15
42577,70,74,-4,4
42578,82,87,-5,5
42579,102,111,-9,9
42580,198,199,-1,1
42581,56,52,4,4
42582,94,98,-4,4
42583,97,95,2,2
42584,103,100,3,3
42585,81,79,2,2
42586,102,107,-5,5
42587,85,85,0,0
42588,165,147,18,18
42589,50,55,-5,5
42590,124,117,7,7
42591,101,88,13,13
42592,79,80,-1,1
42593,138,149,-11,11
42594,191,178,13,13
42595,162,150,12,12
42596,126,119,7,7
42597,103,107,-4,4
42598,49,56,-7,7
42599,113,108,5,5
42600,100,106,-6,6
42601,118,114,4,4
42602,117,129,-12,12
42603,84,83,1,1
42604,110,101,9,9
42605,128,117,11,11
42606,105,106,-1,1
42607,59,58,1,1
42608,91,94,-3,3
42609,68,64,4,4
42610,72,79,-7,7
42611,135,133,2,2
42612,79,100,-21,21
42613,107,108,-1,1
42614,30,61,-31,31
42615,70,80,-10,10
42616,105,99,6,6
42617,92,98,-6,6
42618,177,162,15,15
42619,84,86,-2,2
42620,67,77,-10,10
42621,150,132,18,18
42622,65,93,-28,28
42623,69,74,-5,5
42624,94,92,2,2
42625,87,71,16,16
42626,73,89,-16,16
42627,70,76,-6,6
42628,93,89,4,4
42629,110,112,-2,2
42630,87,88,-1,1
42631,109,109,0,0
42632,71,76,-5,5
42633,103,108,-5,5
42634,152,143,9,9
42635,70,81,-11,11
42636,125,106,19,19
42637,91,95,-4,4
42638,172,169,3,3
42639,60,66,-6,6
42640,99,130,-31,31
42641,61,60,1,1
42642,91,88,3,3
42643,94,90,4,4
42644,135,125,10,10
42645,43,48,-5,5
42646,83,91,-8,8
42647,93,87,6,6
42648,116,115,1,1
42649,131,116,15,15
42650,140,149,-9,9
42651,101,103,-2,2
42652,160,144,16,16
42653,157,149,8,8
42654,147,179,-32,32
42655,151,147,4,4
42656,162,157,5,5
42657,52,98,-46,46
42658,77,79,-2,2
42659,86,80,6,6
42660,86,92,-6,6
42661,91,81,10,10
42662,118,108,10,10
42663,103,79,24,24
42664,103,106,-3,3
42665,74,73,1,1
42666,119,113,6,6
42667,89,86,3,3
42668,107,104,3,3
42669,109,155,-46,46
42670,85,87,-2,2
42671,70,66,4,4
42672,86,87,-1,1
42673,105,103,2,2
42674,98,106,-8,8
42675,75,79,-4,4
42676,50,62,-12,12
42677,67,72,-5,5
42678,76,73,3,3
42679,80,81,-1,1
42680,124,130,-6,6
42681,60,79,-19,19
42682,73,80,-7,7
42683,52,55,-3,3
42684,102,96,6,6
42685,29,34,-5,5
42686,66,71,-5,5
42687,80,62,18,18
42688,76,79,-3,3
42689,107,99,8,8
42690,68,61,7,7
42691,129,119,10,10
42692,51,62,-11,11
42693,131,129,2,2
42694,73,70,3,3
42695,157,147,10,10
42696,96,100,-4,4
42697,19,48,-29,29
42698,109,102,7,7
42699,67,78,-11,11
42700,132,130,2,2
42701,156,127,29,29
42702,85,89,-4,4
42703,90,87,3,3
42704,85,85,0,0
42705,44,51,-7,7
42706,150,137,13,13
42707,65,66,-1,1
42708,91,105,-14,14
42709,63,85,-22,22
42710,80,82,-2,2
42711,163,169,-6,6
42712,110,101,9,9
42713,100,106,-6,6
42714,89,84,5,5
42715,51,54,-3,3
42716,97,108,-11,11
42717,82,91,-9,9
42718,85,84,1,1
42719,73,79,-6,6
42720,80,80,0,0
42721,50,75,-25,25
42722,81,80,1,1
42723,68,73,-5,5
42724,76,78,-2,2
42725,75,71,4,4
42726,82,95,-13,13
42727,78,82,-4,4
42728,53,71,-18,18
42729,55,59,-4,4
42730,41,62,-21,21
42731,95,99,-4,4
42732,55,56,-1,1
42733,99,130,-31,31
42734,64,72,-8,8
42735,93,94,-1,1
42736,61,59,2,2
42737,95,93,2,2
42738,116,120,-4,4
42739,83,73,10,10
42740,82,76,6,6
42741,137,121,16,16
42742,69,81,-12,12
42743,69,66,3,3
42744,60,64,-4,4
42745,81,89,-8,8
42746,128,134,-6,6
42747,78,72,6,6
42748,79,88,-9,9
42749,74,79,-5,5
42750,69,70,-1,1
42751,140,135,5,5
42752,108,118,-10,10
42753,61,63,-2,2
42754,142,140,2,2
42755,42,46,-4,4
42756,68,67,1,1
42757,74,77,-3,3
42758,94,91,3,3
42759,164,157,7,7
42760,77,75,2,2
42761,94,74,20,20
42762,192,183,9,9
42763,121,123,-2,2
42764,61,63,-2,2
42765,120,127,-7,7
42766,103,102,1,1
42767,89,87,2,2
42768,100,97,3,3
42769,97,86,11,11
42770,64,67,-3,3
42771,165,153,12,12
42772,74,71,3,3
42773,65,68,-3,3
42774,39,52,-13,13
42775,183,171,12,12
42776,82,86,-4,4
42777,111,111,0,0
42778,150,137,13,13
42779,89,92,-3,3
42780,116,115,1,1
42781,106,111,-5,5
42782,129,131,-2,2
42783,59,62,-3,3
42784,161,131,30,30
42785,108,122,-14,14
42786,63,72,-9,9
42787,114,112,2,2
42788,80,91,-11,11
42789,81,83,-2,2
42790,72,71,1,1
42791,99,95,4,4
42792,98,87,11,11
42793,111,95,16,16
42794,120,111,9,9
42795,119,117,2,2
42796,69,80,-11,11
42797,137,123,14,14
42798,130,132,-2,2
42799,106,93,13,13
42800,58,61,-3,3
42801,144,134,10,10
42802,117,112,5,5
42803,146,154,-8,8
42804,137,134,3,3
42805,116,121,-5,5
42806,86,77,9,9
42807,89,84,5,5
42808,107,102,5,5
42809,108,110,-2,2
42810,109,99,10,10
42811,53,57,-4,4
42812,79,72,7,7
42813,59,65,-6,6
42814,84,78,6,6
42815,156,143,13,13
42816,121,124,-3,3
42817,66,86,-20,20
42818,74,70,4,4
42819,47,124,-77,77
42820,106,98,8,8
42821,98,94,4,4
42822,68,66,2,2
42823,58,67,-9,9
42824,86,82,4,4
42825,87,89,-2,2
42826,85,85,0,0
42827,143,135,8,8
42828,168,155,13,13
42829,63,71,-8,8
42830,72,118,-46,46
42831,170,177,-7,7
42832,139,145,-6,6
42833,104,113,-9,9
42834,66,56,10,10
42835,78,81,-3,3
42836,66,69,-3,3
42837,78,80,-2,2
42838,178,154,24,24
42839,176,163,13,13
42840,77,74,3,3
42841,51,54,-3,3
42842,112,87,25,25
42843,110,126,-16,16
42844,140,138,2,2
42845,120,110,10,10
42846,88,92,-4,4
42847,85,92,-7,7
42848,166,153,13,13
42849,71,76,-5,5
42850,112,122,-10,10
42851,73,64,9,9
42852,80,84,-4,4
42853,113,135,-22,22
42854,62,70,-8,8
42855,94,69,25,25
42856,145,140,5,5
42857,131,137,-6,6
42858,103,96,7,7
42859,98,93,5,5
42860,84,81,3,3
42861,133,127,6,6
42862,144,137,7,7
42863,141,130,11,11
42864,119,90,29,29
42865,87,83,4,4
42866,79,77,2,2
42867,63,69,-6,6
42868,89,102,-13,13
42869,38,51,-13,13
42870,99,109,-10,10
42871,114,98,16,16
42872,129,121,8,8
42873,155,147,8,8
42874,87,78,9,9
42875,70,67,3,3
42876,112,101,11,11
42877,137,131,6,6
42878,92,87,5,5
42879,145,134,11,11
42880,154,142,12,12
42881,130,129,1,1
42882,45,41,4,4
42883,63,61,2,2
42884,58,67,-9,9
42885,96,97,-1,1
42886,102,98,4,4
42887,118,134,-16,16
42888,119,121,-2,2
42889,75,79,-4,4
42890,115,120,-5,5
42891,94,95,-1,1
42892,108,103,5,5
42893,101,93,8,8
42894,136,137,-1,1
42895,110,118,-8,8
42896,127,143,-16,16
42897,94,81,13,13
42898,124,103,21,21
42899,68,61,7,7
42900,128,111,17,17
42901,138,144,-6,6
42902,83,85,-2,2
42903,125,103,22,22
42904,63,73,-10,10
42905,133,110,23,23
42906,77,77,0,0
42907,94,103,-9,9
42908,116,110,6,6
42909,93,93,0,0
42910,84,85,-1,1
42911,125,122,3,3
42912,123,119,4,4
42913,92,91,1,1
42914,155,153,2,2
42915,86,243,-157,157
42916,75,72,3,3
42917,74,78,-4,4
42918,78,72,6,6
42919,96,85,11,11
42920,113,126,-13,13
42921,139,161,-22,22
42922,95,87,8,8
42923,83,83,0,0
42924,128,120,8,8
42925,102,100,2,2
42926,124,144,-20,20
42927,71,70,1,1
42928,63,64,-1,1
42929,71,70,1,1
42930,131,142,-11,11
42931,115,130,-15,15
42932,91,84,7,7
42933,92,94,-2,2
42934,59,59,0,0
42935,138,142,-4,4
42936,71,74,-3,3
42937,53,52,1,1
42938,103,105,-2,2
42939,85,81,4,4
42940,92,89,3,3
42941,109,132,-23,23
42942,74,83,-9,9
42943,100,96,4,4
42944,111,117,-6,6
42945,112,104,8,8
42946,112,105,7,7
42947,31,52,-21,21
42948,57,70,-13,13
42949,194,194,0,0
42950,75,67,8,8
42951,119,120,-1,1
42952,106,99,7,7
42953,89,85,4,4
42954,75,73,2,2
42955,77,81,-4,4
42956,68,80,-12,12
42957,48,50,-2,2
42958,53,55,-2,2
42959,91,89,2,2
42960,90,100,-10,10
42961,57,65,-8,8
42962,81,73,8,8
42963,113,114,-1,1
42964,89,84,5,5
42965,74,67,7,7
42966,89,83,6,6
42967,73,82,-9,9
42968,54,41,13,13
42969,77,82,-5,5
42970,108,89,19,19
42971,59,70,-11,11
42972,218,193,25,25
42973,118,121,-3,3
42974,86,105,-19,19
42975,153,137,16,16
42976,123,117,6,6
42977,117,120,-3,3
42978,51,47,4,4
42979,77,76,1,1
42980,59,61,-2,2
42981,69,74,-5,5
42982,67,87,-20,20
42983,83,76,7,7
42984,137,120,17,17
42985,96,87,9,9
42986,68,66,2,2
42987,91,98,-7,7
42988,81,82,-1,1
42989,79,62,17,17
42990,50,49,1,1
42991,78,81,-3,3
42992,32,23,9,9
42993,64,63,1,1
42994,80,77,3,3
42995,99,113,-14,14
42996,131,140,-9,9
42997,48,47,1,1
42998,77,73,4,4
42999,128,130,-2,2
43000,120,121,-1,1
43001,55,60,-5,5
43002,79,74,5,5
43003,85,74,11,11
43004,148,127,21,21
43005,136,132,4,4
43006,111,122,-11,11
43007,105,141,-36,36
43008,93,90,3,3
43009,79,67,12,12
43010,87,90,-3,3
43011,69,75,-6,6
43012,109,120,-11,11
43013,156,149,7,7
43014,106,104,2,2
43015,105,97,8,8
43016,42,50,-8,8
43017,84,78,6,6
43018,15,36,-21,21
43019,89,104,-15,15
43020,179,171,8,8
43021,65,67,-2,2
43022,108,111,-3,3
43023,40,49,-9,9
43024,89,83,6,6
43025,138,122,16,16
43026,134,136,-2,2
43027,102,92,10,10
43028,103,110,-7,7
43029,143,128,15,15
43030,65,73,-8,8
43031,74,73,1,1
43032,116,107,9,9
43033,79,80,-1,1
43034,74,77,-3,3
43035,91,69,22,22
43036,99,93,6,6
43037,64,63,1,1
43038,120,111,9,9
43039,103,91,12,12
43040,90,83,7,7
43041,51,48,3,3
43042,96,93,3,3
43043,77,77,0,0
43044,142,141,1,1
43045,77,59,18,18
43046,90,90,0,0
43047,141,137,4,4
43048,85,96,-11,11
43049,98,90,8,8
43050,146,136,10,10
43051,120,109,11,11
43052,107,110,-3,3
43053,97,95,2,2
43054,125,129,-4,4
43055,81,83,-2,2
43056,99,100,-1,1
43057,90,94,-4,4
43058,53,49,4,4
43059,88,75,13,13
43060,70,71,-1,1
43061,57,74,-17,17
43062,77,74,3,3
43063,51,64,-13,13
43064,110,102,8,8
43065,72,81,-9,9
43066,101,107,-6,6
43067,177,152,25,25
43068,153,142,11,11
43069,157,150,7,7
43070,67,54,13,13
43071,63,65,-2,2
43072,208,213,-5,5
43073,84,83,1,1
43074,69,74,-5,5
43075,110,97,13,13
43076,85,68,17,17
43077,37,41,-4,4
43078,142,119,23,23
43079,82,88,-6,6
43080,81,93,-12,12
43081,94,98,-4,4
43082,143,137,6,6
43083,118,113,5,5
43084,86,101,-15,15
43085,76,80,-4,4
43086,73,68,5,5
43087,131,123,8,8
43088,53,91,-38,38
43089,66,71,-5,5
43090,101,108,-7,7
43091,115,107,8,8
43092,136,131,5,5
43093,61,87,-26,26
43094,86,89,-3,3
43095,71,80,-9,9
43096,81,76,5,5
43097,69,83,-14,14
43098,36,42,-6,6
43099,157,145,12,12
43100,57,58,-1,1
43101,73,79,-6,6
43102,185,146,39,39
43103,62,58,4,4
43104,123,120,3,3
43105,65,68,-3,3
43106,73,73,0,0
43107,98,92,6,6
43108,101,100,1,1
43109,104,88,16,16
43110,83,84,-1,1
43111,58,57,1,1
43112,85,85,0,0
43113,55,56,-1,1
43114,80,94,-14,14
43115,66,64,2,2
43116,83,79,4,4
43117,107,110,-3,3
43118,104,95,9,9
43119,44,47,-3,3
43120,63,75,-12,12
43121,85,85,0,0
43122,133,125,8,8
43123,59,54,5,5
43124,130,101,29,29
43125,74,79,-5,5
43126,62,65,-3,3
43127,109,100,9,9
43128,71,76,-5,5
43129,55,95,-40,40
43130,142,146,-4,4
43131,117,124,-7,7
43132,110,102,8,8
43133,35,48,-13,13
43134,85,91,-6,6
43135,63,58,5,5
43136,79,89,-10,10
43137,101,94,7,7
43138,73,76,-3,3
43139,150,158,-8,8
43140,164,144,20,20
43141,121,121,0,0
43142,56,67,-11,11
43143,82,86,-4,4
43144,115,130,-15,15
43145,103,88,15,15
43146,80,80,0,0
43147,90,102,-12,12
43148,103,94,9,9
43149,122,123,-1,1
43150,113,122,-9,9
43151,62,75,-13,13
43152,120,121,-1,1
43153,94,108,-14,14
43154,93,91,2,2
43155,52,56,-4,4
43156,89,79,10,10
43157,72,61,11,11
43158,65,70,-5,5
43159,92,82,10,10
43160,59,53,6,6
43161,86,119,-33,33
43162,119,121,-2,2
43163,64,63,1,1
43164,142,122,20,20
43165,80,93,-13,13
43166,68,74,-6,6
43167,85,83,2,2
43168,69,57,12,12
43169,157,151,6,6
43170,120,107,13,13
43171,135,127,8,8
43172,72,71,1,1
43173,99,89,10,10
43174,88,100,-12,12
43175,101,96,5,5
43176,72,75,-3,3
43177,166,178,-12,12
43178,49,56,-7,7
43179,89,93,-4,4
43180,113,100,13,13
43181,113,107,6,6
43182,85,86,-1,1
43183,67,79,-12,12
43184,89,94,-5,5
43185,63,70,-7,7
43186,52,138,-86,86
43187,127,116,11,11
43188,106,101,5,5
43189,120,99,21,21
43190,97,111,-14,14
43191,57,61,-4,4
43192,68,59,9,9
43193,105,112,-7,7
43194,106,112,-6,6
43195,133,136,-3,3
43196,63,71,-8,8
43197,58,65,-7,7
43198,106,106,0,0
43199,103,96,7,7
43200,71,71,0,0
43201,103,107,-4,4
43202,42,46,-4,4
43203,91,84,7,7
43204,103,113,-10,10
43205,90,88,2,2
43206,103,107,-4,4
43207,111,112,-1,1
43208,132,122,10,10
43209,115,107,8,8
43210,121,129,-8,8
43211,122,109,13,13
43212,132,127,5,5
43213,32,46,-14,14
43214,110,102,8,8
43215,87,108,-21,21
43216,135,131,4,4
43217,102,98,4,4
43218,82,72,10,10
43219,131,128,3,3
43220,102,107,-5,5
43221,52,48,4,4
43222,100,113,-13,13
43223,100,96,4,4
43224,90,95,-5,5
43225,85,84,1,1
43226,61,59,2,2
43227,154,165,-11,11
43228,137,124,13,13
43229,107,94,13,13
43230,98,91,7,7
43231,92,85,7,7
43232,191,171,20,20
43233,113,116,-3,3
43234,104,111,-7,7
43235,62,51,11,11
43236,80,72,8,8
43237,50,51,-1,1
43238,100,91,9,9
43239,126,125,1,1
43240,113,100,13,13
43241,69,77,-8,8
43242,62,71,-9,9
43243,52,72,-20,20
43244,118,114,4,4
43245,59,75,-16,16
43246,40,44,-4,4
43247,93,97,-4,4
43248,105,115,-10,10
43249,127,121,6,6
43250,84,93,-9,9
43251,93,98,-5,5
43252,121,124,-3,3
43253,94,96,-2,2
43254,64,68,-4,4
43255,109,102,7,7
43256,123,127,-4,4
43257,130,126,4,4
43258,138,132,6,6
43259,67,74,-7,7
43260,99,98,1,1
43261,84,80,4,4
43262,112,122,-10,10
43263,103,92,11,11
43264,60,60,0,0
43265,90,107,-17,17
43266,131,127,4,4
43267,47,53,-6,6
43268,90,87,3,3
43269,81,79,2,2
43270,84,78,6,6
43271,81,81,0,0
43272,105,116,-11,11
43273,67,74,-7,7
43274,86,84,2,2
43275,140,137,3,3
43276,78,77,1,1
43277,96,97,-1,1
43278,102,102,0,0
43279,43,47,-4,4
43280,71,84,-13,13
43281,91,95,-4,4
43282,84,75,9,9
43283,125,113,12,12
43284,50,48,2,2
43285,90,89,1,1
43286,68,63,5,5
43287,129,122,7,7
43288,133,131,2,2
43289,72,90,-18,18
43290,150,140,10,10
43291,179,160,19,19
43292,96,91,5,5
43293,72,75,-3,3
43294,178,155,23,23
43295,89,91,-2,2
43296,129,115,14,14
43297,84,77,7,7
43298,87,85,2,2
43299,82,83,-1,1
43300,82,104,-22,22
43301,91,74,17,17
43302,112,109,3,3
43303,88,85,3,3
43304,100,109,-9,9
43305,164,155,9,9
43306,89,88,1,1
43307,72,73,-1,1
43308,111,115,-4,4
43309,123,128,-5,5
43310,163,144,19,19
43311,65,67,-2,2
43312,130,140,-10,10
43313,145,142,3,3
43314,92,98,-6,6
43315,50,58,-8,8
43316,73,83,-10,10
43317,57,62,-5,5
43318,89,67,22,22
43319,82,70,12,12
43320,67,69,-2,2
43321,91,93,-2,2
43322,112,108,4,4
43323,73,78,-5,5
43324,64,70,-6,6
43325,119,133,-14,14
43326,61,51,10,10
43327,26,33,-7,7
43328,67,66,1,1
43329,178,161,17,17
43330,97,76,21,21
43331,132,120,12,12
43332,121,121,0,0
43333,143,119,24,24
43334,92,102,-10,10
43335,78,85,-7,7
43336,99,106,-7,7
43337,68,69,-1,1
43338,61,62,-1,1
43339,139,142,-3,3
43340,162,156,6,6
43341,86,81,5,5
43342,106,96,10,10
43343,48,59,-11,11
43344,125,117,8,8
43345,123,115,8,8
43346,117,105,12,12
43347,229,234,-5,5
43348,83,85,-2,2
43349,72,113,-41,41
43350,130,132,-2,2
43351,49,52,-3,3
43352,124,135,-11,11
43353,123,124,-1,1
43354,127,125,2,2
43355,78,76,2,2
43356,87,104,-17,17
43357,129,114,15,15
43358,97,89,8,8
43359,129,142,-13,13
43360,69,70,-1,1
43361,84,85,-1,1
43362,122,105,17,17
43363,158,144,14,14
43364,77,83,-6,6
43365,86,100,-14,14
43366,100,111,-11,11
43367,93,95,-2,2
43368,117,113,4,4
43369,139,124,15,15
43370,100,93,7,7
43371,162,157,5,5
43372,68,70,-2,2
43373,68,82,-14,14
43374,85,75,10,10
43375,105,99,6,6
43376,174,159,15,15
43377,85,83,2,2
43378,108,108,0,0
43379,67,78,-11,11
43380,115,115,0,0
43381,63,66,-3,3
43382,107,103,4,4
43383,99,103,-4,4
43384,52,53,-1,1
43385,87,84,3,3
43386,125,97,28,28
43387,64,58,6,6
43388,101,107,-6,6
43389,118,117,1,1
43390,129,131,-2,2
43391,100,113,-13,13
43392,71,69,2,2
43393,70,77,-7,7
43394,70,81,-11,11
43395,101,88,13,13
43396,71,72,-1,1
43397,70,71,-1,1
43398,115,106,9,9
43399,56,53,3,3
43400,106,110,-4,4
43401,125,122,3,3
43402,104,103,1,1
43403,84,80,4,4
43404,64,71,-7,7
43405,82,88,-6,6
43406,99,107,-8,8
43407,167,159,8,8
43408,107,107,0,0
43409,91,85,6,6
43410,83,91,-8,8
43411,89,75,14,14
43412,92,92,0,0
43413,114,99,15,15
43414,126,111,15,15
43415,133,135,-2,2
43416,51,62,-11,11
43417,87,78,9,9
43418,67,64,3,3
43419,67,60,7,7
43420,142,129,13,13
43421,139,140,-1,1
43422,125,112,13,13
43423,81,68,13,13
43424,210,191,19,19
43425,113,115,-2,2
43426,57,78,-21,21
43427,94,95,-1,1
43428,121,94,27,27
43429,107,103,4,4
43430,38,65,-27,27
43431,81,83,-2,2
43432,126,102,24,24
43433,248,246,2,2
43434,92,89,3,3
43435,153,145,8,8
43436,127,135,-8,8
43437,45,56,-11,11
43438,81,108,-27,27
43439,164,153,11,11
43440,140,154,-14,14
43441,114,109,5,5
43442,115,113,2,2
43443,87,82,5,5
43444,57,64,-7,7
43445,51,57,-6,6
43446,95,107,-12,12
43447,33,30,3,3
43448,128,121,7,7
43449,101,97,4,4
43450,75,84,-9,9
43451,138,144,-6,6
43452,136,126,10,10
43453,63,74,-11,11
43454,80,59,21,21
43455,90,108,-18,18
43456,47,48,-1,1
43457,96,108,-12,12
43458,62,57,5,5
43459,98,87,11,11
43460,140,138,2,2
43461,84,81,3,3
43462,143,147,-4,4
43463,84,81,3,3
43464,151,150,1,1
43465,87,70,17,17
43466,107,112,-5,5
43467,118,119,-1,1
43468,60,77,-17,17
43469,82,76,6,6
43470,167,148,19,19
43471,110,96,14,14
43472,98,96,2,2
43473,83,78,5,5
43474,76,88,-12,12
43475,93,130,-37,37
43476,102,101,1,1
43477,76,65,11,11
43478,76,91,-15,15
43479,115,107,8,8
43480,77,89,-12,12
43481,98,99,-1,1
43482,149,143,6,6
43483,78,92,-14,14
43484,119,126,-7,7
43485,121,114,7,7
43486,46,80,-34,34
43487,67,76,-9,9
43488,129,118,11,11
43489,114,123,-9,9
43490,73,74,-1,1
43491,118,118,0,0
43492,90,96,-6,6
43493,165,174,-9,9
43494,147,140,7,7
43495,52,50,2,2
43496,111,116,-5,5
43497,160,148,12,12
43498,88,94,-6,6
43499,105,105,0,0
43500,105,91,14,14
43501,90,92,-2,2
43502,120,117,3,3
43503,89,83,6,6
43504,79,79,0,0
43505,82,101,-19,19
43506,122,129,-7,7
43507,96,100,-4,4
43508,48,46,2,2
43509,70,65,5,5
43510,65,72,-7,7
43511,78,82,-4,4
43512,133,140,-7,7
43513,48,56,-8,8
43514,90,85,5,5
43515,54,58,-4,4
43516,104,88,16,16
43517,91,81,10,10
43518,112,104,8,8
43519,63,67,-4,4
43520,113,108,5,5
43521,99,86,13,13
43522,100,95,5,5
43523,69,68,1,1
43524,122,116,6,6
43525,84,77,7,7
43526,119,106,13,13
43527,103,100,3,3
43528,91,105,-14,14
43529,55,53,2,2
43530,64,63,1,1
43531,87,82,5,5
43532,220,204,16,16
43533,85,100,-15,15
43534,63,67,-4,4
43535,64,67,-3,3
43536,109,124,-15,15
43537,80,78,2,2
43538,91,83,8,8
43539,146,152,-6,6
43540,125,131,-6,6
43541,130,131,-1,1
43542,127,144,-17,17
43543,113,96,17,17
43544,125,118,7,7
43545,84,81,3,3
43546,111,110,1,1
43547,138,130,8,8
43548,47,65,-18,18
43549,75,81,-6,6
43550,98,107,-9,9
43551,163,140,23,23
43552,140,122,18,18
43553,50,68,-18,18
43554,77,78,-1,1
43555,64,57,7,7
43556,76,74,2,2
43557,108,101,7,7
43558,53,57,-4,4
43559,65,73,-8,8
43560,197,185,12,12
43561,182,159,23,23
43562,71,67,4,4
43563,134,111,23,23
43564,126,115,11,11
43565,54,60,-6,6
43566,132,144,-12,12
43567,86,82,4,4
43568,106,105,1,1
43569,53,42,11,11
43570,87,88,-1,1
43571,80,88,-8,8
43572,150,156,-6,6
43573,49,46,3,3
43574,137,118,19,19
43575,51,48,3,3
43576,90,86,4,4
43577,125,122,3,3
43578,110,116,-6,6
43579,112,111,1,1
43580,51,54,-3,3
43581,105,96,9,9
43582,110,116,-6,6
43583,93,94,-1,1
43584,169,161,8,8
43585,97,83,14,14
43586,97,98,-1,1
43587,89,97,-8,8
43588,75,67,8,8
43589,119,112,7,7
43590,93,100,-7,7
43591,53,52,1,1
43592,121,113,8,8
43593,61,75,-14,14
43594,98,108,-10,10
43595,92,97,-5,5
43596,63,62,1,1
43597,101,84,17,17
43598,180,173,7,7
43599,70,71,-1,1
43600,66,75,-9,9
43601,121,194,-73,73
43602,100,109,-9,9
43603,151,154,-3,3
43604,44,75,-31,31
43605,93,96,-3,3
43606,79,76,3,3
43607,133,124,9,9
43608,51,53,-2,2
43609,111,117,-6,6
43610,83,76,7,7
43611,93,105,-12,12
43612,78,56,22,22
43613,75,72,3,3
43614,133,136,-3,3
43615,128,118,10,10
43616,98,106,-8,8
43617,137,115,22,22
43618,79,82,-3,3
43619,90,83,7,7
43620,62,75,-13,13
43621,170,168,2,2
43622,123,123,0,0
43623,57,69,-12,12
43624,87,87,0,0
43625,35,57,-22,22
43626,76,87,-11,11
43627,95,86,9,9
43628,63,66,-3,3
43629,74,77,-3,3
43630,125,135,-10,10
43631,115,116,-1,1
43632,63,66,-3,3
43633,141,124,17,17
43634,78,76,2,2
43635,71,83,-12,12
43636,90,83,7,7
43637,235,226,9,9
43638,118,109,9,9
43639,65,76,-11,11
43640,98,96,2,2
43641,97,106,-9,9
43642,48,58,-10,10
43643,110,115,-5,5
43644,96,88,8,8
43645,119,116,3,3
43646,141,140,1,1
43647,80,84,-4,4
43648,88,116,-28,28
43649,93,86,7,7
43650,141,134,7,7
43651,59,76,-17,17
43652,98,98,0,0
43653,66,82,-16,16
43654,91,105,-14,14
43655,90,89,1,1
43656,111,112,-1,1
43657,96,96,0,0
43658,103,95,8,8
43659,59,54,5,5
43660,68,74,-6,6
43661,73,66,7,7
43662,60,60,0,0
43663,75,94,-19,19
43664,65,78,-13,13
43665,91,92,-1,1
43666,53,67,-14,14
43667,97,101,-4,4
43668,66,64,2,2
43669,94,101,-7,7
43670,97,98,-1,1
43671,81,76,5,5
43672,134,124,10,10
43673,96,109,-13,13
43674,115,123,-8,8
43675,51,73,-22,22
43676,75,77,-2,2
43677,157,147,10,10
43678,86,93,-7,7
43679,147,171,-24,24
43680,85,84,1,1
43681,88,89,-1,1
43682,46,56,-10,10
43683,119,127,-8,8
43684,109,106,3,3
43685,142,141,1,1
43686,95,101,-6,6
43687,93,103,-10,10
43688,79,77,2,2
43689,142,139,3,3
43690,83,85,-2,2
43691,93,94,-1,1
43692,149,122,27,27
43693,114,105,9,9
43694,99,86,13,13
43695,125,125,0,0
43696,116,117,-1,1
43697,131,131,0,0
43698,103,87,16,16
43699,79,73,6,6
43700,171,167,4,4
43701,69,81,-12,12
43702,78,98,-20,20
43703,67,76,-9,9
43704,82,83,-1,1
43705,110,114,-4,4
43706,171,157,14,14
43707,46,48,-2,2
43708,60,62,-2,2
43709,179,152,27,27
43710,68,77,-9,9
43711,66,59,7,7
43712,67,77,-10,10
43713,87,104,-17,17
43714,61,59,2,2
43715,61,62,-1,1
43716,122,120,2,2
43717,96,92,4,4
43718,106,101,5,5
43719,54,63,-9,9
43720,76,88,-12,12
43721,111,113,-2,2
43722,44,50,-6,6
43723,163,154,9,9
43724,71,65,6,6
43725,74,81,-7,7
43726,97,94,3,3
43727,134,130,4,4
43728,82,65,17,17
43729,79,94,-15,15
43730,138,130,8,8
43731,82,93,-11,11
43732,152,148,4,4
43733,111,136,-25,25
43734,123,114,9,9
43735,77,60,17,17
43736,146,138,8,8
43737,82,71,11,11
43738,69,72,-3,3
43739,91,93,-2,2
43740,166,152,14,14
43741,53,52,1,1
43742,71,71,0,0
43743,84,81,3,3
43744,68,74,-6,6
43745,94,107,-13,13
43746,101,131,-30,30
43747,106,114,-8,8
43748,93,94,-1,1
43749,69,73,-4,4
43750,136,132,4,4
43751,90,80,10,10
43752,87,80,7,7
43753,64,70,-6,6
43754,62,103,-41,41
43755,77,88,-11,11
43756,47,56,-9,9
43757,122,130,-8,8
43758,67,73,-6,6
43759,87,107,-20,20
43760,84,74,10,10
43761,68,60,8,8
43762,60,68,-8,8
43763,75,72,3,3
43764,90,92,-2,2
43765,69,82,-13,13
43766,77,81,-4,4
43767,82,85,-3,3
43768,127,125,2,2
43769,58,64,-6,6
43770,151,135,16,16
43771,125,141,-16,16
43772,114,114,0,0
43773,106,115,-9,9
43774,85,82,3,3
43775,92,91,1,1
43776,70,67,3,3
43777,124,117,7,7
43778,97,103,-6,6
43779,71,73,-2,2
43780,146,143,3,3
43781,93,93,0,0
43782,91,77,14,14
43783,63,65,-2,2
43784,60,54,6,6
43785,84,98,-14,14
43786,192,193,-1,1
43787,93,79,14,14
43788,133,118,15,15
43789,95,99,-4,4
43790,65,62,3,3
43791,81,84,-3,3
43792,107,107,0,0
43793,131,119,12,12
43794,130,132,-2,2
43795,68,62,6,6
43796,77,77,0,0
43797,112,118,-6,6
43798,67,70,-3,3
43799,91,86,5,5
43800,90,85,5,5
43801,125,124,1,1
43802,69,66,3,3
43803,106,111,-5,5
43804,110,107,3,3
43805,65,67,-2,2
43806,87,84,3,3
43807,60,51,9,9
43808,91,92,-1,1
43809,153,141,12,12
43810,95,95,0,0
43811,150,143,7,7
43812,61,70,-9,9
43813,169,172,-3,3
43814,76,76,0,0
43815,93,91,2,2
43816,75,76,-1,1
43817,76,82,-6,6
43818,85,105,-20,20
43819,63,75,-12,12
43820,86,98,-12,12
43821,111,124,-13,13
43822,81,75,6,6
43823,225,233,-8,8
43824,49,67,-18,18
43825,90,96,-6,6
43826,67,69,-2,2
43827,109,110,-1,1
43828,103,94,9,9
43829,73,71,2,2
43830,137,142,-5,5
43831,93,96,-3,3
43832,68,65,3,3
43833,82,100,-18,18
43834,66,83,-17,17
43835,110,96,14,14
43836,170,179,-9,9
43837,104,101,3,3
43838,73,79,-6,6
43839,137,129,8,8
43840,55,57,-2,2
43841,52,63,-11,11
43842,95,86,9,9
43843,48,46,2,2
43844,67,77,-10,10
43845,64,70,-6,6
43846,71,75,-4,4
43847,77,81,-4,4
43848,66,66,0,0
43849,78,82,-4,4
43850,71,74,-3,3
43851,117,119,-2,2
43852,83,86,-3,3
43853,43,50,-7,7
43854,100,91,9,9
43855,50,73,-23,23
43856,140,144,-4,4
43857,86,103,-17,17
43858,63,61,2,2
43859,91,79,12,12
43860,113,105,8,8
43861,63,61,2,2
43862,61,56,5,5
43863,78,93,-15,15
43864,34,49,-15,15
43865,90,107,-17,17
43866,47,45,2,2
43867,64,75,-11,11
43868,58,70,-12,12
43869,116,125,-9,9
43870,117,114,3,3
43871,84,85,-1,1
43872,105,106,-1,1
43873,86,85,1,1
43874,68,56,12,12
43875,131,133,-2,2
43876,77,83,-6,6
43877,76,73,3,3
43878,117,106,11,11
43879,97,92,5,5
43880,123,118,5,5
43881,98,102,-4,4
43882,71,73,-2,2
43883,127,131,-4,4
43884,56,54,2,2
43885,122,110,12,12
43886,49,61,-12,12
43887,60,65,-5,5
43888,115,109,6,6
43889,78,89,-11,11
43890,46,54,-8,8
43891,119,119,0,0
43892,129,145,-16,16
43893,66,62,4,4
43894,142,139,3,3
43895,79,85,-6,6
43896,71,81,-10,10
43897,144,140,4,4
43898,106,104,2,2
43899,77,82,-5,5
43900,74,84,-10,10
43901,69,70,-1,1
43902,88,82,6,6
43903,59,56,3,3
43904,123,114,9,9
43905,54,59,-5,5
43906,43,50,-7,7
43907,155,159,-4,4
43908,68,71,-3,3
43909,131,131,0,0
43910,146,136,10,10
43911,102,77,25,25
43912,80,84,-4,4
43913,57,64,-7,7
43914,81,83,-2,2
43915,104,115,-11,11
43916,39,44,-5,5
43917,78,73,5,5
43918,112,117,-5,5
43919,44,87,-43,43
43920,79,80,-1,1
43921,132,125,7,7
43922,117,121,-4,4
43923,80,82,-2,2
43924,88,81,7,7
43925,61,57,4,4
43926,57,51,6,6
43927,123,125,-2,2
43928,60,59,1,1
43929,113,116,-3,3
43930,64,72,-8,8
43931,101,99,2,2
43932,143,135,8,8
43933,71,74,-3,3
43934,80,73,7,7
43935,70,60,10,10
43936,45,54,-9,9
43937,44,59,-15,15
43938,92,97,-5,5
43939,67,67,0,0
43940,63,54,9,9
43941,139,128,11,11
43942,127,113,14,14
43943,69,66,3,3
43944,136,132,4,4
43945,109,122,-13,13
43946,120,120,0,0
43947,63,66,-3,3
43948,50,60,-10,10
43949,97,93,4,4
43950,103,80,23,23
43951,89,88,1,1
43952,85,74,11,11
43953,173,164,9,9
43954,128,132,-4,4
43955,171,176,-5,5
43956,49,60,-11,11
43957,99,88,11,11
43958,129,136,-7,7
43959,85,87,-2,2
43960,102,99,3,3
43961,124,127,-3,3
43962,122,110,12,12
43963,137,132,5,5
43964,89,88,1,1
43965,51,44,7,7
43966,81,99,-18,18
43967,88,81,7,7
43968,76,82,-6,6
43969,111,120,-9,9
43970,86,91,-5,5
43971,131,134,-3,3
43972,23,32,-9,9
43973,109,108,1,1
43974,84,87,-3,3
43975,101,96,5,5
43976,139,137,2,2
43977,58,69,-11,11
43978,71,74,-3,3
43979,95,89,6,6
43980,70,70,0,0
43981,65,69,-4,4
43982,95,88,7,7
43983,109,101,8,8
43984,57,61,-4,4
43985,103,104,-1,1
43986,184,159,25,25
43987,80,79,1,1
43988,103,105,-2,2
43989,94,130,-36,36
43990,62,65,-3,3
43991,110,94,16,16
43992,109,118,-9,9
43993,47,59,-12,12
43994,107,115,-8,8
43995,184,160,24,24
43996,122,145,-23,23
43997,155,154,1,1
43998,66,78,-12,12
43999,63,57,6,6
44000,104,116,-12,12
44001,100,95,5,5
44002,82,104,-22,22
44003,162,163,-1,1
44004,122,122,0,0
44005,78,131,-53,53
44006,71,66,5,5
44007,131,116,15,15
44008,113,101,12,12
44009,84,91,-7,7
44010,65,67,-2,2
44011,81,90,-9,9
44012,93,86,7,7
44013,67,68,-1,1
44014,148,128,20,20
44015,72,80,-8,8
44016,106,96,10,10
44017,79,88,-9,9
44018,113,116,-3,3
44019,66,62,4,4
44020,68,51,17,17
44021,63,54,9,9
44022,81,101,-20,20
44023,117,106,11,11
44024,70,111,-41,41
44025,78,72,6,6
44026,165,170,-5,5
44027,40,46,-6,6
44028,85,96,-11,11
44029,73,102,-29,29
44030,104,99,5,5
44031,129,116,13,13
44032,116,114,2,2
44033,115,106,9,9
44034,82,77,5,5
44035,84,88,-4,4
44036,82,91,-9,9
44037,29,53,-24,24
44038,64,78,-14,14
44039,66,60,6,6
44040,114,114,0,0
44041,146,136,10,10
44042,65,68,-3,3
44043,42,53,-11,11
44044,157,159,-2,2
44045,89,94,-5,5
44046,116,122,-6,6
44047,54,61,-7,7
44048,77,81,-4,4
44049,79,87,-8,8
44050,137,132,5,5
44051,67,59,8,8
44052,105,111,-6,6
44053,149,117,32,32
44054,57,66,-9,9
44055,104,112,-8,8
44056,89,101,-12,12
44057,82,92,-10,10
44058,106,130,-24,24
44059,191,175,16,16
44060,87,84,3,3
44061,58,69,-11,11
44062,114,108,6,6
44063,114,116,-2,2
44064,118,118,0,0
44065,159,142,17,17
44066,58,60,-2,2
44067,95,92,3,3
44068,74,71,3,3
44069,135,127,8,8
44070,134,126,8,8
44071,87,80,7,7
44072,130,120,10,10
44073,119,119,0,0
44074,142,128,14,14
44075,152,149,3,3
44076,105,101,4,4
44077,63,72,-9,9
44078,92,88,4,4
44079,75,73,2,2
44080,96,84,12,12
44081,75,65,10,10
44082,56,55,1,1
44083,72,75,-3,3
44084,89,101,-12,12
44085,58,67,-9,9
44086,76,73,3,3
44087,90,116,-26,26
44088,73,79,-6,6
44089,78,82,-4,4
44090,110,117,-7,7
44091,174,168,6,6
44092,104,90,14,14
44093,94,101,-7,7
44094,165,151,14,14
44095,107,100,7,7
44096,78,88,-10,10
44097,90,89,1,1
44098,124,122,2,2
44099,129,110,19,19
44100,66,62,4,4
44101,73,81,-8,8
44102,139,149,-10,10
44103,72,77,-5,5
44104,140,128,12,12
44105,93,97,-4,4
44106,135,129,6,6
44107,56,55,1,1
44108,76,77,-1,1
44109,102,113,-11,11
44110,102,110,-8,8
44111,130,119,11,11
44112,152,143,9,9
44113,76,76,0,0
44114,178,184,-6,6
44115,85,83,2,2
44116,78,69,9,9
44117,97,117,-20,20
44118,113,115,-2,2
44119,81,89,-8,8
44120,65,77,-12,12
44121,42,50,-8,8
44122,72,83,-11,11
44123,115,110,5,5
44124,80,86,-6,6
44125,39,37,2,2
44126,85,75,10,10
44127,101,93,8,8
44128,158,156,2,2
44129,91,92,-1,1
44130,68,73,-5,5
44131,112,119,-7,7
44132,161,156,5,5
44133,147,154,-7,7
44134,63,71,-8,8
44135,60,77,-17,17
44136,84,88,-4,4
44137,112,119,-7,7
44138,129,121,8,8
44139,136,130,6,6
44140,130,121,9,9
44141,74,82,-8,8
44142,111,107,4,4
44143,118,120,-2,2
44144,60,58,2,2
44145,59,77,-18,18
44146,90,88,2,2
44147,72,84,-12,12
44148,118,118,0,0
44149,63,66,-3,3
44150,91,95,-4,4
44151,106,116,-10,10
44152,89,92,-3,3
44153,111,109,2,2
44154,131,134,-3,3
44155,85,102,-17,17
44156,97,103,-6,6
44157,41,46,-5,5
44158,104,120,-16,16
44159,137,145,-8,8
44160,110,107,3,3
44161,50,82,-32,32
44162,143,126,17,17
44163,110,118,-8,8
44164,79,76,3,3
44165,79,81,-2,2
44166,71,78,-7,7
44167,116,119,-3,3
44168,89,85,4,4
44169,85,96,-11,11
44170,62,61,1,1
44171,105,93,12,12
44172,110,115,-5,5
44173,68,84,-16,16
44174,125,122,3,3
44175,120,112,8,8
44176,118,117,1,1
44177,63,57,6,6
44178,42,46,-4,4
44179,49,48,1,1
44180,96,93,3,3
44181,107,111,-4,4
44182,108,120,-12,12
44183,94,94,0,0
44184,89,94,-5,5
44185,117,114,3,3
44186,120,125,-5,5
44187,71,74,-3,3
44188,71,71,0,0
44189,58,68,-10,10
44190,90,109,-19,19
44191,118,113,5,5
44192,43,54,-11,11
44193,78,81,-3,3
44194,159,153,6,6
44195,99,113,-14,14
44196,92,95,-3,3
44197,148,131,17,17
44198,97,91,6,6
44199,84,88,-4,4
44200,45,64,-19,19
44201,63,70,-7,7
44202,117,103,14,14
44203,122,123,-1,1
44204,115,113,2,2
44205,110,104,6,6
44206,114,118,-4,4
44207,71,67,4,4
44208,132,145,-13,13
44209,73,73,0,0
44210,137,128,9,9
44211,79,78,1,1
44212,79,59,20,20
44213,106,114,-8,8
44214,99,94,5,5
44215,77,101,-24,24
44216,127,125,2,2
44217,96,86,10,10
44218,66,63,3,3
44219,63,65,-2,2
44220,95,97,-2,2
44221,97,85,12,12
44222,42,46,-4,4
44223,60,55,5,5
44224,59,60,-1,1
44225,66,65,1,1
44226,140,109,31,31
44227,64,69,-5,5
44228,72,71,1,1
44229,85,83,2,2
44230,119,105,14,14
44231,99,92,7,7
44232,133,120,13,13
44233,75,82,-7,7
44234,66,74,-8,8
44235,102,95,7,7
44236,63,68,-5,5
44237,133,135,-2,2
44238,144,136,8,8
44239,141,127,14,14
44240,97,102,-5,5
44241,90,95,-5,5
44242,124,126,-2,2
44243,123,132,-9,9
44244,191,153,38,38
44245,62,54,8,8
44246,58,59,-1,1
44247,98,94,4,4
44248,113,101,12,12
44249,107,97,10,10
44250,106,106,0,0
44251,95,91,4,4
44252,144,120,24,24
44253,50,46,4,4
44254,195,163,32,32
44255,122,103,19,19
44256,97,79,18,18
44257,71,46,25,25
44258,153,159,-6,6
44259,67,73,-6,6
44260,51,61,-10,10
44261,65,66,-1,1
44262,78,78,0,0
44263,87,80,7,7
44264,72,79,-7,7
44265,81,79,2,2
44266,149,149,0,0
44267,119,102,17,17
44268,102,96,6,6
44269,93,93,0,0
44270,116,118,-2,2
44271,125,122,3,3
44272,138,125,13,13
44273,75,76,-1,1
44274,100,99,1,1
44275,107,90,17,17
44276,91,118,-27,27
44277,135,132,3,3
44278,47,73,-26,26
44279,95,81,14,14
44280,88,99,-11,11
44281,71,70,1,1
44282,110,118,-8,8
44283,108,108,0,0
44284,49,62,-13,13
44285,48,49,-1,1
44286,93,86,7,7
44287,94,95,-1,1
44288,140,146,-6,6
44289,68,103,-35,35
44290,79,90,-11,11
44291,147,140,7,7
44292,107,97,10,10
44293,77,75,2,2
44294,87,86,1,1
44295,183,176,7,7
44296,123,116,7,7
44297,143,133,10,10
44298,94,96,-2,2
44299,96,91,5,5
44300,85,91,-6,6
44301,112,117,-5,5
44302,82,93,-11,11
44303,103,93,10,10
44304,98,103,-5,5
44305,104,113,-9,9
44306,81,74,7,7
44307,57,59,-2,2
44308,113,116,-3,3
44309,80,76,4,4
44310,117,115,2,2
44311,68,63,5,5
44312,76,77,-1,1
44313,69,80,-11,11
44314,86,95,-9,9
44315,107,92,15,15
44316,63,72,-9,9
44317,127,128,-1,1
44318,87,90,-3,3
44319,82,85,-3,3
44320,92,98,-6,6
44321,78,82,-4,4
44322,117,106,11,11
44323,93,105,-12,12
44324,116,116,0,0
44325,51,56,-5,5
44326,80,78,2,2
44327,126,127,-1,1
44328,48,61,-13,13
44329,183,179,4,4
44330,61,62,-1,1
44331,128,128,0,0
44332,95,87,8,8
44333,107,102,5,5
44334,87,93,-6,6
44335,136,140,-4,4
44336,49,53,-4,4
44337,77,56,21,21
44338,114,112,2,2
44339,139,126,13,13
44340,90,98,-8,8
44341,164,176,-12,12
44342,124,134,-10,10
44343,115,118,-3,3
44344,111,96,15,15
44345,144,142,2,2
44346,72,82,-10,10
44347,121,111,10,10
44348,131,119,12,12
44349,99,105,-6,6
44350,55,66,-11,11
44351,125,112,13,13
44352,43,61,-18,18
44353,75,67,8,8
44354,71,70,1,1
44355,62,62,0,0
44356,86,84,2,2
44357,78,86,-8,8
44358,101,100,1,1
44359,81,81,0,0
44360,144,135,9,9
44361,121,113,8,8
44362,84,83,1,1
44363,91,89,2,2
44364,108,125,-17,17
44365,84,82,2,2
44366,96,93,3,3
44367,130,126,4,4
44368,53,60,-7,7
44369,111,115,-4,4
44370,65,64,1,1
44371,138,123,15,15
44372,39,49,-10,10
44373,54,59,-5,5
44374,48,53,-5,5
44375,62,63,-1,1
44376,110,116,-6,6
44377,88,87,1,1
44378,92,79,13,13
44379,124,112,12,12
44380,86,84,2,2
44381,89,100,-11,11
44382,96,97,-1,1
44383,50,50,0,0
44384,92,95,-3,3
44385,70,71,-1,1
44386,101,100,1,1
44387,143,130,13,13
44388,128,142,-14,14
44389,83,87,-4,4
44390,59,59,0,0
44391,131,126,5,5
44392,79,86,-7,7
44393,66,69,-3,3
44394,110,94,16,16
44395,99,95,4,4
44396,100,101,-1,1
44397,92,90,2,2
44398,115,111,4,4
44399,87,85,2,2
44400,105,104,1,1
44401,77,79,-2,2
44402,93,100,-7,7
44403,124,116,8,8
44404,71,75,-4,4
44405,68,66,2,2
44406,107,115,-8,8
44407,130,126,4,4
44408,32,40,-8,8
44409,96,111,-15,15
44410,82,79,3,3
44411,73,68,5,5
44412,57,81,-24,24
44413,60,64,-4,4
44414,61,55,6,6
44415,127,116,11,11
44416,67,58,9,9
44417,148,121,27,27
44418,111,144,-33,33
44419,119,114,5,5
44420,86,71,15,15
44421,88,70,18,18
44422,68,72,-4,4
44423,65,73,-8,8
44424,64,72,-8,8
44425,158,138,20,20
44426,144,132,12,12
44427,91,118,-27,27
44428,63,64,-1,1
44429,88,89,-1,1
44430,122,105,17,17
44431,51,78,-27,27
44432,124,129,-5,5
44433,118,106,12,12
44434,49,49,0,0
44435,94,89,5,5
44436,69,67,2,2
44437,168,153,15,15
44438,79,81,-2,2
44439,70,71,-1,1
44440,199,200,-1,1
44441,43,46,-3,3
44442,85,91,-6,6
44443,51,58,-7,7
44444,135,129,6,6
44445,57,77,-20,20
44446,191,186,5,5
44447,94,97,-3,3
44448,109,107,2,2
44449,76,77,-1,1
44450,175,166,9,9
44451,126,124,2,2
44452,143,134,9,9
44453,101,92,9,9
44454,50,76,-26,26
44455,84,91,-7,7
44456,94,89,5,5
44457,110,107,3,3
44458,170,145,25,25
44459,149,133,16,16
44460,94,96,-2,2
44461,102,102,0,0
44462,118,135,-17,17
44463,112,112,0,0
44464,108,109,-1,1
44465,58,69,-11,11
44466,39,109,-70,70
44467,112,106,6,6
44468,107,118,-11,11
44469,61,61,0,0
44470,99,92,7,7
44471,62,66,-4,4
44472,119,111,8,8
44473,105,97,8,8
44474,93,83,10,10
44475,109,108,1,1
44476,132,121,11,11
44477,83,107,-24,24
44478,46,56,-10,10
44479,170,167,3,3
44480,217,203,14,14
44481,119,120,-1,1
44482,140,155,-15,15
44483,106,105,1,1
44484,100,96,4,4
44485,61,62,-1,1
44486,111,132,-21,21
44487,117,103,14,14
44488,68,79,-11,11
44489,94,99,-5,5
44490,74,77,-3,3
44491,109,116,-7,7
44492,98,119,-21,21
44493,103,93,10,10
44494,78,88,-10,10
44495,80,82,-2,2
44496,83,73,10,10
44497,76,78,-2,2
44498,110,114,-4,4
44499,152,144,8,8
44500,81,73,8,8
44501,133,139,-6,6
44502,66,70,-4,4
44503,102,99,3,3
44504,102,97,5,5
44505,53,59,-6,6
44506,139,143,-4,4
44507,133,130,3,3
44508,57,60,-3,3
44509,61,65,-4,4
44510,116,103,13,13
44511,97,97,0,0
44512,187,210,-23,23
44513,62,58,4,4
44514,102,101,1,1
44515,62,70,-8,8
44516,48,49,-1,1
44517,108,120,-12,12
44518,68,68,0,0
44519,112,109,3,3
44520,154,151,3,3
44521,76,79,-3,3
44522,110,120,-10,10
44523,89,101,-12,12
44524,128,121,7,7
44525,61,65,-4,4
44526,60,70,-10,10
44527,143,146,-3,3
44528,107,124,-17,17
44529,76,75,1,1
44530,79,87,-8,8
44531,65,63,2,2
44532,104,111,-7,7
44533,145,145,0,0
44534,86,71,15,15
44535,83,80,3,3
44536,88,98,-10,10
44537,178,171,7,7
44538,116,115,1,1
44539,105,119,-14,14
44540,72,83,-11,11
44541,77,81,-4,4
44542,56,59,-3,3
44543,109,93,16,16
44544,45,45,0,0
44545,106,107,-1,1
44546,42,44,-2,2
44547,118,119,-1,1
44548,102,91,11,11
44549,47,65,-18,18
44550,70,82,-12,12
44551,103,94,9,9
44552,123,119,4,4
44553,170,170,0,0
44554,124,136,-12,12
44555,98,94,4,4
44556,57,71,-14,14
44557,122,132,-10,10
44558,59,61,-2,2
44559,107,165,-58,58
44560,73,68,5,5
44561,65,71,-6,6
44562,53,62,-9,9
44563,152,141,11,11
44564,81,80,1,1
44565,87,84,3,3
44566,77,83,-6,6
44567,129,137,-8,8
44568,165,155,10,10
44569,111,109,2,2
44570,108,114,-6,6
44571,67,70,-3,3
44572,78,76,2,2
44573,105,114,-9,9
44574,72,82,-10,10
44575,75,91,-16,16
44576,85,79,6,6
44577,57,61,-4,4
44578,115,119,-4,4
44579,74,75,-1,1
44580,170,189,-19,19
44581,90,100,-10,10
44582,85,86,-1,1
44583,65,70,-5,5
44584,45,57,-12,12
44585,160,131,29,29
44586,160,169,-9,9
44587,99,97,2,2
44588,62,78,-16,16
44589,121,131,-10,10
44590,129,116,13,13
44591,98,94,4,4
44592,104,101,3,3
44593,69,70,-1,1
44594,75,73,2,2
44595,95,94,1,1
44596,118,123,-5,5
44597,94,130,-36,36
44598,100,108,-8,8
44599,129,111,18,18
44600,118,109,9,9
44601,57,169,-112,112
44602,68,72,-4,4
44603,123,125,-2,2
44604,93,85,8,8
44605,53,68,-15,15
44606,92,93,-1,1
44607,78,74,4,4
44608,175,157,18,18
44609,115,126,-11,11
44610,70,72,-2,2
44611,161,148,13,13
44612,61,65,-4,4
44613,64,55,9,9
44614,86,84,2,2
44615,84,84,0,0
44616,152,161,-9,9
44617,116,120,-4,4
44618,53,58,-5,5
44619,57,60,-3,3
44620,68,73,-5,5
44621,178,169,9,9
44622,93,88,5,5
44623,120,112,8,8
44624,136,137,-1,1
44625,39,47,-8,8
44626,102,93,9,9
44627,167,167,0,0
44628,65,65,0,0
44629,50,60,-10,10
44630,80,79,1,1
44631,126,108,18,18
44632,67,65,2,2
44633,59,64,-5,5
44634,116,110,6,6
44635,95,101,-6,6
44636,57,64,-7,7
44637,75,84,-9,9
44638,99,108,-9,9
44639,94,94,0,0
44640,65,63,2,2
44641,90,89,1,1
44642,126,107,19,19
44643,86,97,-11,11
44644,103,104,-1,1
44645,92,106,-14,14
44646,120,120,0,0
44647,86,81,5,5
44648,19,28,-9,9
44649,138,129,9,9
44650,86,91,-5,5
44651,126,108,18,18
44652,103,108,-5,5
44653,89,82,7,7
44654,71,71,0,0
44655,63,79,-16,16
44656,76,84,-8,8
44657,154,148,6,6
44658,64,73,-9,9
44659,73,68,5,5
44660,61,66,-5,5
44661,57,81,-24,24
44662,142,130,12,12
44663,193,186,7,7
44664,58,83,-25,25
44665,89,97,-8,8
44666,88,85,3,3
44667,121,117,4,4
44668,110,112,-2,2
44669,116,117,-1,1
44670,100,101,-1,1
44671,62,75,-13,13
44672,100,109,-9,9
44673,146,132,14,14
44674,33,63,-30,30
44675,105,109,-4,4
44676,93,96,-3,3
44677,48,58,-10,10
44678,74,84,-10,10
44679,55,49,6,6
44680,77,74,3,3
44681,83,75,8,8
44682,162,143,19,19
44683,59,65,-6,6
44684,196,182,14,14
44685,95,92,3,3
44686,64,61,3,3
44687,107,115,-8,8
44688,163,140,23,23
44689,78,76,2,2
44690,66,77,-11,11
44691,62,68,-6,6
44692,109,97,12,12
44693,77,80,-3,3
44694,125,113,12,12
44695,103,97,6,6
44696,81,76,5,5
44697,50,60,-10,10
44698,116,131,-15,15
44699,70,88,-18,18
44700,68,64,4,4
44701,96,88,8,8
44702,155,127,28,28
44703,128,127,1,1
44704,75,79,-4,4
44705,116,115,1,1
44706,88,90,-2,2
44707,100,88,12,12
44708,73,65,8,8
44709,140,136,4,4
44710,106,95,11,11
44711,87,81,6,6
44712,78,87,-9,9
44713,92,109,-17,17
44714,109,109,0,0
44715,69,76,-7,7
44716,174,159,15,15
44717,60,63,-3,3
44718,61,59,2,2
44719,59,64,-5,5
44720,124,132,-8,8
44721,85,85,0,0
44722,136,118,18,18
44723,118,130,-12,12
44724,81,80,1,1
44725,80,98,-18,18
44726,69,81,-12,12
44727,60,71,-11,11
44728,63,62,1,1
44729,46,66,-20,20
44730,61,65,-4,4
44731,65,81,-16,16
44732,104,112,-8,8
44733,144,132,12,12
44734,73,88,-15,15
44735,77,72,5,5
44736,96,98,-2,2
44737,71,83,-12,12
44738,74,81,-7,7
44739,60,64,-4,4
44740,80,95,-15,15
44741,74,78,-4,4
44742,168,151,17,17
44743,145,135,10,10
44744,86,86,0,0
44745,137,132,5,5
44746,121,118,3,3
44747,91,78,13,13
44748,68,73,-5,5
44749,78,76,2,2
44750,84,92,-8,8
44751,150,143,7,7
44752,103,90,13,13
44753,79,79,0,0
44754,63,72,-9,9
44755,70,70,0,0
44756,229,212,17,17
44757,130,138,-8,8
44758,81,80,1,1
44759,112,104,8,8
44760,134,126,8,8
44761,82,76,6,6
44762,152,217,-65,65
44763,90,98,-8,8
44764,105,125,-20,20
44765,138,139,-1,1
44766,95,97,-2,2
44767,86,79,7,7
44768,91,84,7,7
44769,58,74,-16,16
44770,130,114,16,16
44771,154,146,8,8
44772,69,80,-11,11
44773,158,129,29,29
44774,136,136,0,0
44775,56,60,-4,4
44776,86,89,-3,3
44777,49,65,-16,16
44778,138,137,1,1
44779,100,107,-7,7
44780,146,145,1,1
44781,56,61,-5,5
44782,79,81,-2,2
44783,53,58,-5,5
44784,59,64,-5,5
44785,64,65,-1,1
44786,108,105,3,3
44787,66,65,1,1
44788,117,119,-2,2
44789,60,56,4,4
44790,51,63,-12,12
44791,104,105,-1,1
44792,92,114,-22,22
44793,87,76,11,11
44794,84,114,-30,30
44795,155,156,-1,1
44796,100,116,-16,16
44797,43,48,-5,5
44798,72,63,9,9
44799,124,129,-5,5
44800,116,133,-17,17
44801,159,140,19,19
44802,91,102,-11,11
44803,71,76,-5,5
44804,158,147,11,11
44805,71,74,-3,3
44806,102,95,7,7
44807,117,119,-2,2
44808,94,91,3,3
44809,79,91,-12,12
44810,51,67,-16,16
44811,63,59,4,4
44812,55,62,-7,7
44813,152,137,15,15
44814,78,61,17,17
44815,54,57,-3,3
44816,80,88,-8,8
44817,59,55,4,4
44818,84,101,-17,17
44819,110,99,11,11
44820,124,106,18,18
44821,92,82,10,10
44822,126,132,-6,6
44823,130,124,6,6
44824,89,92,-3,3
44825,109,117,-8,8
44826,87,98,-11,11
44827,75,64,11,11
44828,225,224,1,1
44829,182,180,2,2
44830,82,84,-2,2
44831,54,62,-8,8
44832,187,180,7,7
44833,128,136,-8,8
44834,87,75,12,12
44835,92,77,15,15
44836,58,71,-13,13
44837,63,57,6,6
44838,100,89,11,11
44839,102,118,-16,16
44840,46,56,-10,10
44841,89,96,-7,7
44842,61,63,-2,2
44843,134,129,5,5
44844,69,68,1,1
44845,118,114,4,4
44846,153,143,10,10
44847,115,110,5,5
44848,88,84,4,4
44849,91,93,-2,2
44850,51,54,-3,3
44851,68,87,-19,19
44852,155,148,7,7
44853,52,55,-3,3
44854,71,70,1,1
44855,100,100,0,0
44856,81,83,-2,2
44857,168,179,-11,11
44858,80,75,5,5
44859,83,82,1,1
44860,90,97,-7,7
44861,99,94,5,5
44862,45,48,-3,3
44863,110,111,-1,1
44864,118,101,17,17
44865,98,101,-3,3
44866,162,146,16,16
44867,54,62,-8,8
44868,80,89,-9,9
44869,91,84,7,7
44870,81,79,2,2
44871,89,86,3,3
44872,58,59,-1,1
44873,194,203,-9,9
44874,78,80,-2,2
44875,63,59,4,4
44876,61,51,10,10
44877,98,90,8,8
44878,95,108,-13,13
44879,97,90,7,7
44880,96,114,-18,18
44881,89,85,4,4
44882,154,135,19,19
44883,51,55,-4,4
44884,117,106,11,11
44885,42,61,-19,19
44886,92,94,-2,2
44887,91,89,2,2
44888,162,165,-3,3
44889,75,79,-4,4
44890,104,99,5,5
44891,117,116,1,1
44892,74,90,-16,16
44893,52,54,-2,2
44894,77,71,6,6
44895,83,91,-8,8
44896,71,77,-6,6
44897,57,67,-10,10
44898,62,67,-5,5
44899,114,107,7,7
44900,58,60,-2,2
44901,120,141,-21,21
44902,74,59,15,15
44903,95,61,34,34
44904,63,74,-11,11
44905,84,90,-6,6
44906,57,63,-6,6
44907,70,75,-5,5
44908,71,86,-15,15
44909,71,64,7,7
44910,140,124,16,16
44911,116,126,-10,10
44912,62,72,-10,10
44913,96,106,-10,10
44914,73,72,1,1
44915,79,75,4,4
44916,97,89,8,8
44917,80,73,7,7
44918,76,84,-8,8
44919,67,69,-2,2
44920,176,169,7,7
44921,71,86,-15,15
44922,89,89,0,0
44923,75,75,0,0
44924,142,132,10,10
44925,96,91,5,5
44926,70,81,-11,11
44927,134,130,4,4
44928,123,110,13,13
44929,71,97,-26,26
44930,45,58,-13,13
44931,102,100,2,2
44932,130,130,0,0
44933,134,135,-1,1
44934,71,85,-14,14
44935,111,122,-11,11
44936,134,124,10,10
44937,131,114,17,17
44938,136,150,-14,14
44939,116,116,0,0
44940,156,147,9,9
44941,139,135,4,4
44942,102,114,-12,12
44943,69,73,-4,4
44944,81,75,6,6
44945,109,114,-5,5
44946,94,92,2,2
44947,77,69,8,8
44948,173,185,-12,12
44949,70,66,4,4
44950,77,80,-3,3
44951,95,94,1,1
44952,96,87,9,9
44953,90,96,-6,6
44954,47,68,-21,21
44955,116,113,3,3
44956,84,76,8,8
44957,62,69,-7,7
44958,128,145,-17,17
44959,83,96,-13,13
44960,90,98,-8,8
44961,86,95,-9,9
44962,113,109,4,4
44963,153,139,14,14
44964,90,98,-8,8
44965,96,99,-3,3
44966,76,76,0,0
44967,73,80,-7,7
44968,98,93,5,5
44969,23,55,-32,32
44970,57,70,-13,13
44971,65,78,-13,13
44972,107,110,-3,3
44973,140,138,2,2
44974,112,108,4,4
44975,149,159,-10,10
44976,100,80,20,20
44977,100,98,2,2
44978,64,59,5,5
44979,89,85,4,4
44980,154,148,6,6
44981,53,73,-20,20
44982,45,56,-11,11
44983,61,59,2,2
44984,108,112,-4,4
44985,88,83,5,5
44986,109,122,-13,13
44987,143,125,18,18
44988,91,101,-10,10
44989,102,104,-2,2
44990,61,68,-7,7
44991,85,95,-10,10
44992,121,108,13,13
44993,65,59,6,6
44994,56,56,0,0
44995,103,103,0,0
44996,111,102,9,9
44997,102,102,0,0
44998,99,75,24,24
44999,97,118,-21,21
45000,79,87,-8,8
45001,139,131,8,8
45002,107,97,10,10
45003,166,162,4,4
45004,51,51,0,0
45005,75,67,8,8
45006,113,106,7,7
45007,69,62,7,7
45008,129,132,-3,3
45009,197,193,4,4
45010,104,107,-3,3
45011,99,105,-6,6
45012,86,82,4,4
45013,95,91,4,4
45014,138,135,3,3
45015,78,77,1,1
45016,47,78,-31,31
45017,56,59,-3,3
45018,62,69,-7,7
45019,64,69,-5,5
45020,105,78,27,27
45021,104,100,4,4
45022,140,131,9,9
45023,84,80,4,4
45024,126,127,-1,1
45025,82,71,11,11
45026,75,82,-7,7
45027,92,101,-9,9
45028,77,83,-6,6
45029,100,96,4,4
45030,140,148,-8,8
45031,67,59,8,8
45032,117,119,-2,2
45033,54,60,-6,6
45034,81,83,-2,2
45035,130,129,1,1
45036,100,103,-3,3
45037,86,85,1,1
45038,57,67,-10,10
45039,115,101,14,14
45040,147,143,4,4
45041,86,80,6,6
45042,39,56,-17,17
45043,79,80,-1,1
45044,89,91,-2,2
45045,70,65,5,5
45046,73,76,-3,3
45047,113,95,18,18
45048,99,108,-9,9
45049,78,76,2,2
45050,132,133,-1,1
45051,79,95,-16,16
45052,143,142,1,1
45053,57,68,-11,11
45054,49,69,-20,20
45055,85,82,3,3
45056,49,83,-34,34
45057,96,90,6,6
45058,87,100,-13,13
45059,151,123,28,28
45060,147,142,5,5
45061,94,94,0,0
45062,91,96,-5,5
45063,56,50,6,6
45064,123,132,-9,9
45065,188,169,19,19
45066,55,45,10,10
45067,117,104,13,13
45068,106,105,1,1
45069,109,116,-7,7
45070,61,63,-2,2
45071,46,59,-13,13
45072,62,61,1,1
45073,102,99,3,3
45074,62,67,-5,5
45075,85,74,11,11
45076,89,93,-4,4
45077,96,96,0,0
45078,132,132,0,0
45079,94,95,-1,1
45080,118,99,19,19
45081,73,76,-3,3
45082,69,71,-2,2
45083,57,64,-7,7
45084,86,87,-1,1
45085,130,116,14,14
45086,144,130,14,14
45087,67,74,-7,7
45088,64,100,-36,36
45089,85,82,3,3
45090,104,109,-5,5
45091,109,92,17,17
45092,110,110,0,0
45093,129,122,7,7
45094,97,89,8,8
45095,85,78,7,7
45096,104,99,5,5
45097,77,79,-2,2
45098,81,96,-15,15
45099,97,94,3,3
45100,130,142,-12,12
45101,67,66,1,1
45102,55,53,2,2
45103,92,83,9,9
45104,83,106,-23,23
45105,135,139,-4,4
45106,69,60,9,9
45107,109,106,3,3
45108,98,87,11,11
45109,95,80,15,15
45110,121,119,2,2
45111,80,76,4,4
45112,79,85,-6,6
45113,123,131,-8,8
45114,117,118,-1,1
45115,59,66,-7,7
45116,89,96,-7,7
45117,82,79,3,3
45118,117,109,8,8
45119,69,77,-8,8
45120,123,117,6,6
45121,57,72,-15,15
45122,87,81,6,6
45123,105,109,-4,4
45124,108,106,2,2
45125,76,91,-15,15
45126,74,103,-29,29
45127,84,78,6,6
45128,96,97,-1,1
45129,78,78,0,0
45130,76,67,9,9
45131,88,100,-12,12
45132,89,98,-9,9
45133,90,92,-2,2
45134,60,64,-4,4
45135,53,54,-1,1
45136,67,72,-5,5
45137,89,88,1,1
45138,149,131,18,18
45139,95,94,1,1
45140,109,118,-9,9
45141,169,176,-7,7
45142,78,65,13,13
45143,122,117,5,5
45144,48,69,-21,21
45145,108,116,-8,8
45146,90,87,3,3
45147,147,161,-14,14
45148,69,67,2,2
45149,112,103,9,9
45150,158,138,20,20
45151,123,134,-11,11
45152,42,69,-27,27
45153,135,134,1,1
45154,148,143,5,5
45155,109,106,3,3
45156,73,63,10,10
45157,88,90,-2,2
45158,90,83,7,7
45159,55,65,-10,10
45160,83,84,-1,1
45161,54,49,5,5
45162,85,93,-8,8
45163,75,73,2,2
45164,121,120,1,1
45165,65,63,2,2
45166,77,66,11,11
45167,102,98,4,4
45168,104,108,-4,4
45169,67,62,5,5
45170,134,121,13,13
45171,107,99,8,8
45172,87,91,-4,4
45173,168,158,10,10
45174,145,145,0,0
45175,127,138,-11,11
45176,168,156,12,12
45177,113,108,5,5
45178,64,74,-10,10
45179,64,67,-3,3
45180,83,83,0,0
45181,83,88,-5,5
45182,125,110,15,15
45183,61,59,2,2
45184,40,42,-2,2
45185,57,55,2,2
45186,153,130,23,23
45187,101,103,-2,2
45188,83,84,-1,1
45189,89,93,-4,4
45190,111,124,-13,13
45191,77,85,-8,8
45192,127,119,8,8
45193,128,115,13,13
45194,146,133,13,13
45195,49,60,-11,11
45196,49,59,-10,10
45197,57,66,-9,9
45198,89,90,-1,1
45199,88,103,-15,15
45200,153,174,-21,21
45201,71,74,-3,3
45202,135,132,3,3
45203,109,98,11,11
45204,73,73,0,0
45205,185,155,30,30
45206,69,64,5,5
45207,109,102,7,7
45208,74,82,-8,8
45209,181,181,0,0
45210,96,100,-4,4
45211,93,107,-14,14
45212,60,54,6,6
45213,104,112,-8,8
45214,67,59,8,8
45215,89,93,-4,4
45216,128,113,15,15
45217,100,93,7,7
45218,96,93,3,3
45219,90,84,6,6
45220,68,71,-3,3
45221,126,115,11,11
45222,54,75,-21,21
45223,106,103,3,3
45224,63,59,4,4
45225,113,104,9,9
45226,45,58,-13,13
45227,98,112,-14,14
45228,156,140,16,16
45229,52,61,-9,9
45230,134,120,14,14
45231,74,82,-8,8
45232,102,101,1,1
45233,100,95,5,5
45234,62,68,-6,6
45235,82,76,6,6
45236,105,92,13,13
45237,69,83,-14,14
45238,124,133,-9,9
45239,118,106,12,12
45240,82,79,3,3
45241,63,73,-10,10
45242,70,74,-4,4
45243,68,70,-2,2
45244,121,114,7,7
45245,73,67,6,6
45246,51,54,-3,3
45247,81,79,2,2
45248,146,125,21,21
45249,88,92,-4,4
45250,101,97,4,4
45251,126,140,-14,14
45252,119,122,-3,3
45253,113,115,-2,2
45254,172,149,23,23
45255,81,65,16,16
45256,90,96,-6,6
45257,110,107,3,3
45258,134,137,-3,3
45259,37,54,-17,17
45260,62,78,-16,16
45261,65,59,6,6
45262,52,62,-10,10
45263,76,86,-10,10
45264,116,117,-1,1
45265,98,132,-34,34
45266,61,64,-3,3
45267,84,88,-4,4
45268,153,140,13,13
45269,72,68,4,4
45270,77,88,-11,11
45271,86,88,-2,2
45272,99,98,1,1
45273,124,116,8,8
45274,66,78,-12,12
45275,76,73,3,3
45276,67,54,13,13
45277,133,114,19,19
45278,91,89,2,2
45279,71,84,-13,13
45280,207,208,-1,1
45281,65,67,-2,2
45282,97,115,-18,18
45283,131,138,-7,7
45284,120,110,10,10
45285,59,72,-13,13
45286,124,116,8,8
45287,74,72,2,2
45288,101,100,1,1
45289,85,87,-2,2
45290,85,85,0,0
45291,137,129,8,8
45292,76,73,3,3
45293,136,142,-6,6
45294,139,132,7,7
45295,49,57,-8,8
45296,136,132,4,4
45297,75,61,14,14
45298,109,113,-4,4
45299,53,60,-7,7
45300,110,105,5,5
45301,59,72,-13,13
45302,119,118,1,1
45303,86,88,-2,2
45304,139,124,15,15
45305,132,122,10,10
45306,191,190,1,1
45307,87,78,9,9
45308,90,88,2,2
45309,122,123,-1,1
45310,73,66,7,7
45311,122,111,11,11
45312,93,96,-3,3
45313,46,58,-12,12
45314,84,84,0,0
45315,103,96,7,7
45316,39,44,-5,5
45317,96,102,-6,6
45318,72,70,2,2
45319,146,130,16,16
45320,80,89,-9,9
45321,68,89,-21,21
45322,49,50,-1,1
45323,110,108,2,2
45324,117,120,-3,3
45325,121,112,9,9
45326,55,63,-8,8
45327,149,156,-7,7
45328,78,76,2,2
45329,60,73,-13,13
45330,161,149,12,12
45331,95,94,1,1
45332,75,66,9,9
45333,92,93,-1,1
45334,112,119,-7,7
45335,67,73,-6,6
45336,91,87,4,4
45337,109,103,6,6
45338,177,169,8,8
45339,105,115,-10,10
45340,82,80,2,2
45341,89,75,14,14
45342,109,99,10,10
45343,67,73,-6,6
45344,117,137,-20,20
45345,96,92,4,4
45346,49,60,-11,11
45347,110,99,11,11
45348,57,62,-5,5
45349,118,89,29,29
45350,120,111,9,9
45351,77,89,-12,12
45352,107,99,8,8
45353,60,62,-2,2
45354,70,63,7,7
45355,115,119,-4,4
45356,70,73,-3,3
45357,70,51,19,19
45358,96,127,-31,31
45359,72,84,-12,12
45360,72,70,2,2
45361,67,76,-9,9
45362,170,151,19,19
45363,57,60,-3,3
45364,67,66,1,1
45365,85,98,-13,13
45366,95,109,-14,14
45367,119,145,-26,26
45368,84,76,8,8
45369,65,89,-24,24
45370,225,223,2,2
45371,97,99,-2,2
45372,81,80,1,1
45373,104,102,2,2
45374,23,28,-5,5
45375,75,80,-5,5
45376,115,115,0,0
45377,111,103,8,8
45378,60,66,-6,6
45379,72,76,-4,4
45380,100,102,-2,2
45381,85,76,9,9
45382,60,68,-8,8
45383,55,66,-11,11
45384,120,123,-3,3
45385,121,128,-7,7
45386,79,67,12,12
45387,89,93,-4,4
45388,127,121,6,6
45389,86,87,-1,1
45390,58,50,8,8
45391,99,92,7,7
45392,126,142,-16,16
45393,53,60,-7,7
45394,55,75,-20,20
45395,107,109,-2,2
45396,67,70,-3,3
45397,83,90,-7,7
45398,81,80,1,1
45399,92,94,-2,2
45400,109,107,2,2
45401,148,152,-4,4
45402,115,123,-8,8
45403,124,121,3,3
45404,103,112,-9,9
45405,122,123,-1,1
45406,104,108,-4,4
45407,58,42,16,16
45408,68,64,4,4
45409,83,88,-5,5
45410,51,68,-17,17
45411,84,83,1,1
45412,129,128,1,1
45413,64,75,-11,11
45414,150,133,17,17
45415,48,54,-6,6
45416,67,62,5,5
45417,72,73,-1,1
45418,101,85,16,16
45419,68,73,-5,5
45420,135,127,8,8
45421,98,107,-9,9
45422,73,79,-6,6
45423,93,102,-9,9
45424,161,164,-3,3
45425,58,59,-1,1
45426,125,128,-3,3
45427,91,99,-8,8
45428,82,76,6,6
45429,82,89,-7,7
45430,89,107,-18,18
45431,45,46,-1,1
45432,56,118,-62,62
45433,152,181,-29,29
45434,110,92,18,18
45435,81,77,4,4
45436,43,46,-3,3
45437,154,157,-3,3
45438,82,83,-1,1
45439,104,111,-7,7
45440,78,85,-7,7
45441,130,116,14,14
45442,66,69,-3,3
45443,86,86,0,0
45444,98,108,-10,10
45445,106,99,7,7
45446,78,80,-2,2
45447,89,82,7,7
45448,84,88,-4,4
45449,111,95,16,16
45450,73,74,-1,1
45451,115,145,-30,30
45452,174,189,-15,15
45453,87,91,-4,4
45454,102,101,1,1
45455,77,62,15,15
45456,37,48,-11,11
45457,131,130,1,1
45458,104,104,0,0
45459,109,143,-34,34
45460,89,79,10,10
45461,108,101,7,7
45462,158,148,10,10
45463,69,67,2,2
45464,89,83,6,6
45465,42,60,-18,18
45466,97,84,13,13
45467,70,73,-3,3
45468,116,109,7,7
45469,138,142,-4,4
45470,110,103,7,7
45471,105,95,10,10
45472,51,65,-14,14
45473,94,95,-1,1
45474,75,73,2,2
45475,129,132,-3,3
45476,88,83,5,5
45477,100,82,18,18
45478,79,75,4,4
45479,176,174,2,2
45480,86,85,1,1
45481,88,91,-3,3
45482,105,114,-9,9
45483,140,134,6,6
45484,72,87,-15,15
45485,111,107,4,4
45486,105,95,10,10
45487,191,174,17,17
45488,120,122,-2,2
45489,99,109,-10,10
45490,45,56,-11,11
45491,94,99,-5,5
45492,80,85,-5,5
45493,85,89,-4,4
45494,74,67,7,7
45495,78,78,0,0
45496,131,117,14,14
45497,95,90,5,5
45498,59,69,-10,10
45499,72,58,14,14
45500,108,110,-2,2
45501,71,76,-5,5
45502,74,75,-1,1
45503,134,140,-6,6
45504,101,109,-8,8
45505,68,71,-3,3
45506,127,127,0,0
45507,195,177,18,18
45508,73,70,3,3
45509,77,66,11,11
45510,79,76,3,3
45511,59,57,2,2
45512,115,96,19,19
45513,79,76,3,3
45514,91,90,1,1
45515,82,81,1,1
45516,72,70,2,2
45517,63,75,-12,12
45518,89,97,-8,8
45519,69,75,-6,6
45520,62,85,-23,23
45521,45,50,-5,5
45522,87,96,-9,9
45523,75,77,-2,2
45524,105,113,-8,8
45525,93,101,-8,8
45526,104,103,1,1
45527,86,92,-6,6
45528,159,145,14,14
45529,93,86,7,7
45530,112,115,-3,3
45531,120,109,11,11
45532,62,61,1,1
45533,108,110,-2,2
45534,124,117,7,7
45535,167,148,19,19
45536,163,162,1,1
45537,113,105,8,8
45538,98,87,11,11
45539,64,81,-17,17
45540,120,111,9,9
45541,52,50,2,2
45542,42,52,-10,10
45543,131,140,-9,9
45544,95,72,23,23
45545,85,86,-1,1
45546,71,64,7,7
45547,116,111,5,5
45548,91,83,8,8
45549,94,92,2,2
45550,52,58,-6,6
45551,84,105,-21,21
45552,61,64,-3,3
45553,101,99,2,2
45554,97,98,-1,1
45555,96,108,-12,12
45556,141,144,-3,3
45557,124,115,9,9
45558,72,77,-5,5
45559,79,125,-46,46
45560,155,150,5,5
45561,112,120,-8,8
45562,63,68,-5,5
45563,73,77,-4,4
45564,67,80,-13,13
45565,61,71,-10,10
45566,114,108,6,6
45567,33,34,-1,1
45568,64,59,5,5
45569,79,80,-1,1
45570,149,154,-5,5
45571,97,98,-1,1
45572,84,83,1,1
45573,134,135,-1,1
45574,85,104,-19,19
45575,123,115,8,8
45576,97,95,2,2
45577,69,80,-11,11
45578,116,103,13,13
45579,92,78,14,14
45580,125,126,-1,1
45581,103,98,5,5
45582,99,86,13,13
45583,154,163,-9,9
45584,102,93,9,9
45585,53,57,-4,4
45586,104,113,-9,9
45587,218,183,35,35
45588,57,65,-8,8
45589,154,161,-7,7
45590,141,145,-4,4
45591,113,116,-3,3
45592,69,71,-2,2
45593,87,97,-10,10
45594,126,122,4,4
45595,99,110,-11,11
45596,85,89,-4,4
45597,78,74,4,4
45598,85,77,8,8
45599,77,79,-2,2
45600,97,97,0,0
45601,67,80,-13,13
45602,114,109,5,5
45603,130,131,-1,1
45604,127,110,17,17
45605,66,57,9,9
45606,74,86,-12,12
45607,117,113,4,4
45608,57,58,-1,1
45609,169,161,8,8
45610,79,81,-2,2
45611,122,136,-14,14
45612,117,118,-1,1
45613,82,82,0,0
45614,119,120,-1,1
45615,105,104,1,1
45616,121,117,4,4
45617,107,98,9,9
45618,63,59,4,4
45619,76,80,-4,4
45620,141,135,6,6
45621,76,73,3,3
45622,189,190,-1,1
45623,78,76,2,2
45624,105,118,-13,13
45625,69,75,-6,6
45626,95,94,1,1
45627,55,62,-7,7
45628,85,78,7,7
45629,62,68,-6,6
45630,72,88,-16,16
45631,91,84,7,7
45632,78,85,-7,7
45633,69,64,5,5
45634,58,67,-9,9
45635,104,98,6,6
45636,90,88,2,2
45637,45,48,-3,3
45638,109,104,5,5
45639,174,181,-7,7
45640,102,113,-11,11
45641,72,82,-10,10
45642,93,87,6,6
45643,88,113,-25,25
45644,147,137,10,10
45645,116,112,4,4
45646,71,92,-21,21
45647,59,65,-6,6
45648,110,108,2,2
45649,112,101,11,11
45650,67,58,9,9
45651,63,72,-9,9
45652,99,87,12,12
45653,71,74,-3,3
45654,61,68,-7,7
45655,145,181,-36,36
45656,59,56,3,3
45657,91,99,-8,8
45658,97,83,14,14
45659,67,73,-6,6
45660,75,75,0,0
45661,107,91,16,16
45662,47,54,-7,7
45663,111,117,-6,6
45664,122,114,8,8
45665,145,145,0,0
45666,133,117,16,16
45667,90,88,2,2
45668,153,157,-4,4
45669,83,78,5,5
45670,44,54,-10,10
45671,64,68,-4,4
45672,74,64,10,10
45673,98,95,3,3
45674,117,96,21,21
45675,83,90,-7,7
45676,52,58,-6,6
45677,74,72,2,2
45678,128,124,4,4
45679,75,84,-9,9
45680,71,68,3,3
45681,72,72,0,0
45682,80,84,-4,4
45683,98,83,15,15
45684,138,129,9,9
45685,161,144,17,17
45686,152,138,14,14
45687,117,113,4,4
45688,96,97,-1,1
45689,76,78,-2,2
45690,150,152,-2,2
45691,71,79,-8,8
45692,127,126,1,1
45693,93,94,-1,1
45694,116,113,3,3
45695,128,116,12,12
45696,47,48,-1,1
45697,53,55,-2,2
45698,173,167,6,6
45699,84,89,-5,5
45700,74,66,8,8
45701,40,38,2,2
45702,125,104,21,21
45703,100,111,-11,11
45704,62,67,-5,5
45705,120,112,8,8
45706,163,140,23,23
45707,111,111,0,0
45708,62,67,-5,5
45709,104,106,-2,2
45710,96,104,-8,8
45711,71,63,8,8
45712,94,94,0,0
45713,109,109,0,0
45714,46,46,0,0
45715,94,83,11,11
45716,52,58,-6,6
45717,88,92,-4,4
45718,68,72,-4,4
45719,193,214,-21,21
45720,137,124,13,13
45721,109,111,-2,2
45722,97,102,-5,5
45723,114,102,12,12
45724,90,88,2,2
45725,57,68,-11,11
45726,119,106,13,13
45727,157,151,6,6
45728,86,79,7,7
45729,108,111,-3,3
45730,82,90,-8,8
45731,111,100,11,11
45732,110,110,0,0
45733,108,131,-23,23
45734,92,83,9,9
45735,38,50,-12,12
45736,92,97,-5,5
45737,92,84,8,8
45738,68,65,3,3
45739,74,92,-18,18
45740,83,77,6,6
45741,106,85,21,21
45742,86,100,-14,14
45743,78,75,3,3
45744,155,155,0,0
45745,116,118,-2,2
45746,129,98,31,31
45747,99,96,3,3
45748,114,122,-8,8
45749,103,86,17,17
45750,82,67,15,15
45751,50,53,-3,3
45752,86,76,10,10
45753,82,84,-2,2
45754,82,96,-14,14
45755,50,34,16,16
45756,88,75,13,13
45757,86,82,4,4
45758,103,92,11,11
45759,60,79,-19,19
45760,68,64,4,4
45761,86,65,21,21
45762,85,83,2,2
45763,80,79,1,1
45764,58,56,2,2
45765,63,78,-15,15
45766,117,118,-1,1
45767,97,109,-12,12
45768,59,72,-13,13
45769,66,69,-3,3
45770,121,123,-2,2
45771,77,70,7,7
45772,47,48,-1,1
45773,61,64,-3,3
45774,128,120,8,8
45775,225,207,18,18
45776,145,128,17,17
45777,125,136,-11,11
45778,40,47,-7,7
45779,94,91,3,3
45780,103,106,-3,3
45781,137,133,4,4
45782,151,146,5,5
45783,98,101,-3,3
45784,115,112,3,3
45785,77,71,6,6
45786,75,101,-26,26
45787,75,108,-33,33
45788,117,114,3,3
45789,133,137,-4,4
45790,89,103,-14,14
45791,92,101,-9,9
45792,66,71,-5,5
45793,26,41,-15,15
45794,135,120,15,15
45795,82,94,-12,12
45796,44,52,-8,8
45797,79,57,22,22
45798,135,133,2,2
45799,122,128,-6,6
45800,177,173,4,4
45801,93,82,11,11
45802,54,47,7,7
45803,104,118,-14,14
45804,69,66,3,3
45805,64,70,-6,6
45806,113,119,-6,6
45807,69,67,2,2
45808,127,131,-4,4
45809,115,112,3,3
45810,75,73,2,2
45811,81,82,-1,1
45812,35,36,-1,1
45813,120,109,11,11
45814,86,93,-7,7
45815,111,109,2,2
45816,149,132,17,17
45817,86,82,4,4
45818,122,109,13,13
45819,80,83,-3,3
45820,91,90,1,1
45821,106,102,4,4
45822,30,40,-10,10
45823,84,85,-1,1
45824,159,130,29,29
45825,76,77,-1,1
45826,73,74,-1,1
45827,78,76,2,2
45828,271,229,42,42
45829,138,142,-4,4
45830,72,76,-4,4
45831,77,59,18,18
45832,94,89,5,5
45833,101,101,0,0
45834,72,71,1,1
45835,101,108,-7,7
45836,120,124,-4,4
45837,159,142,17,17
45838,78,72,6,6
45839,78,82,-4,4
45840,106,102,4,4
45841,87,105,-18,18
45842,62,65,-3,3
45843,106,108,-2,2
45844,127,128,-1,1
45845,101,97,4,4
45846,56,70,-14,14
45847,41,53,-12,12
45848,83,77,6,6
45849,128,128,0,0
45850,86,83,3,3
45851,82,84,-2,2
45852,104,91,13,13
45853,116,129,-13,13
45854,115,94,21,21
45855,81,85,-4,4
45856,82,96,-14,14
45857,88,95,-7,7
45858,115,120,-5,5
45859,170,168,2,2
45860,110,107,3,3
45861,228,200,28,28
45862,161,144,17,17
45863,72,69,3,3
45864,171,154,17,17
45865,117,111,6,6
45866,116,118,-2,2
45867,60,54,6,6
45868,113,124,-11,11
45869,121,116,5,5
45870,41,57,-16,16
45871,98,89,9,9
45872,83,83,0,0
45873,56,60,-4,4
45874,107,100,7,7
45875,90,90,0,0
45876,91,98,-7,7
45877,68,76,-8,8
45878,131,118,13,13
45879,95,86,9,9
45880,93,88,5,5
45881,99,94,5,5
45882,195,198,-3,3
45883,124,119,5,5
45884,124,117,7,7
45885,44,74,-30,30
45886,63,65,-2,2
45887,175,162,13,13
45888,127,115,12,12
45889,113,112,1,1
45890,118,99,19,19
45891,99,108,-9,9
45892,89,86,3,3
45893,64,71,-7,7
45894,73,73,0,0
45895,104,89,15,15
45896,50,52,-2,2
45897,94,91,3,3
45898,115,116,-1,1
45899,91,98,-7,7
45900,80,76,4,4
45901,81,80,1,1
45902,80,80,0,0
45903,100,105,-5,5
45904,123,113,10,10
45905,89,90,-1,1
45906,71,76,-5,5
45907,162,134,28,28
45908,152,135,17,17
45909,69,71,-2,2
45910,81,91,-10,10
45911,71,75,-4,4
45912,90,90,0,0
45913,104,96,8,8
45914,106,96,10,10
45915,66,59,7,7
45916,66,72,-6,6
45917,79,89,-10,10
45918,45,47,-2,2
45919,89,87,2,2
45920,105,88,17,17
45921,59,59,0,0
45922,103,89,14,14
45923,116,120,-4,4
45924,93,95,-2,2
45925,116,143,-27,27
45926,133,121,12,12
45927,86,82,4,4
45928,86,75,11,11
45929,65,73,-8,8
45930,139,126,13,13
45931,117,129,-12,12
45932,67,65,2,2
45933,119,95,24,24
45934,81,107,-26,26
45935,127,127,0,0
45936,142,129,13,13
45937,87,88,-1,1
45938,70,70,0,0
45939,79,81,-2,2
45940,119,119,0,0
45941,73,67,6,6
45942,72,58,14,14
45943,87,97,-10,10
45944,108,105,3,3
45945,120,121,-1,1
45946,82,81,1,1
45947,97,105,-8,8
45948,73,78,-5,5
45949,69,74,-5,5
45950,96,97,-1,1
45951,44,52,-8,8
45952,104,101,3,3
45953,68,75,-7,7
45954,108,75,33,33
45955,81,82,-1,1
45956,124,122,2,2
45957,91,86,5,5
45958,116,137,-21,21
45959,41,38,3,3
45960,93,95,-2,2
45961,100,101,-1,1
45962,70,85,-15,15
45963,82,85,-3,3
45964,124,115,9,9
45965,168,157,11,11
45966,81,70,11,11
45967,124,133,-9,9
45968,74,79,-5,5
45969,191,176,15,15
45970,99,99,0,0
45971,72,70,2,2
45972,92,100,-8,8
45973,122,125,-3,3
45974,104,97,7,7
45975,93,84,9,9
45976,50,61,-11,11
45977,79,87,-8,8
45978,86,84,2,2
45979,147,158,-11,11
45980,129,136,-7,7
45981,135,144,-9,9
45982,124,102,22,22
45983,91,94,-3,3
45984,80,82,-2,2
45985,150,155,-5,5
45986,113,102,11,11
45987,74,54,20,20
45988,165,153,12,12
45989,105,89,16,16
45990,49,59,-10,10
45991,96,107,-11,11
45992,115,111,4,4
45993,132,125,7,7
45994,111,106,5,5
45995,44,51,-7,7
45996,98,91,7,7
45997,52,55,-3,3
45998,78,100,-22,22
45999,71,68,3,3
46000,30,35,-5,5
46001,116,117,-1,1
46002,128,154,-26,26
46003,75,75,0,0
46004,47,60,-13,13
46005,89,92,-3,3
46006,88,83,5,5
46007,102,96,6,6
46008,48,52,-4,4
46009,59,65,-6,6
46010,131,119,12,12
46011,71,69,2,2
46012,81,77,4,4
46013,110,112,-2,2
46014,154,156,-2,2
46015,120,124,-4,4
46016,155,136,19,19
46017,109,106,3,3
46018,71,76,-5,5
46019,81,82,-1,1
46020,58,60,-2,2
46021,69,78,-9,9
46022,134,124,10,10
46023,99,95,4,4
46024,71,72,-1,1
46025,99,94,5,5
46026,76,81,-5,5
46027,98,86,12,12
46028,68,72,-4,4
46029,105,95,10,10
46030,109,103,6,6
46031,143,145,-2,2
46032,112,105,7,7
46033,82,104,-22,22
46034,59,61,-2,2
46035,170,155,15,15
46036,84,89,-5,5
46037,84,90,-6,6
46038,97,98,-1,1
46039,241,209,32,32
46040,216,197,19,19
46041,121,122,-1,1
46042,72,72,0,0
46043,61,69,-8,8
46044,76,73,3,3
46045,140,135,5,5
46046,101,100,1,1
46047,92,89,3,3
46048,65,62,3,3
46049,62,70,-8,8
46050,62,75,-13,13
46051,172,152,20,20
46052,82,77,5,5
46053,118,121,-3,3
46054,99,93,6,6
46055,121,108,13,13
46056,108,105,3,3
46057,96,83,13,13
46058,145,162,-17,17
46059,111,138,-27,27
46060,46,46,0,0
46061,74,66,8,8
46062,96,92,4,4
46063,60,63,-3,3
46064,110,135,-25,25
46065,78,78,0,0
46066,114,109,5,5
46067,154,172,-18,18
46068,165,152,13,13
46069,42,56,-14,14
46070,91,84,7,7
46071,100,95,5,5
46072,110,91,19,19
46073,67,73,-6,6
46074,68,89,-21,21
46075,137,110,27,27
46076,87,86,1,1
46077,93,89,4,4
46078,86,85,1,1
46079,200,197,3,3
46080,119,115,4,4
46081,176,168,8,8
46082,75,72,3,3
46083,125,165,-40,40
46084,74,87,-13,13
46085,102,93,9,9
46086,53,56,-3,3
46087,107,106,1,1
46088,95,86,9,9
46089,120,122,-2,2
46090,88,88,0,0
46091,66,78,-12,12
46092,94,78,16,16
46093,137,140,-3,3
46094,67,75,-8,8
46095,83,88,-5,5
46096,56,55,1,1
46097,139,114,25,25
46098,100,97,3,3
46099,78,85,-7,7
46100,103,95,8,8
46101,59,67,-8,8
46102,47,59,-12,12
46103,65,63,2,2
46104,112,107,5,5
46105,132,117,15,15
46106,82,84,-2,2
46107,118,113,5,5
46108,109,89,20,20
46109,91,90,1,1
46110,67,79,-12,12
46111,83,92,-9,9
46112,79,78,1,1
46113,26,23,3,3
46114,44,55,-11,11
46115,71,80,-9,9
46116,86,90,-4,4
46117,77,75,2,2
46118,53,52,1,1
46119,98,94,4,4
46120,144,123,21,21
46121,89,68,21,21
46122,67,70,-3,3
46123,147,137,10,10
46124,127,129,-2,2
46125,85,86,-1,1
46126,66,67,-1,1
46127,89,80,9,9
46128,89,93,-4,4
46129,75,86,-11,11
46130,72,70,2,2
46131,101,104,-3,3
46132,126,102,24,24
46133,62,66,-4,4
46134,83,78,5,5
46135,151,143,8,8
46136,102,113,-11,11
46137,215,184,31,31
46138,149,135,14,14
46139,133,126,7,7
46140,90,90,0,0
46141,100,86,14,14
46142,57,53,4,4
46143,61,52,9,9
46144,41,44,-3,3
46145,137,129,8,8
46146,164,146,18,18
46147,242,225,17,17
46148,99,99,0,0
46149,51,54,-3,3
46150,68,65,3,3
46151,78,76,2,2
46152,120,116,4,4
46153,87,98,-11,11
46154,105,95,10,10
46155,112,108,4,4
46156,87,85,2,2
46157,88,89,-1,1
46158,71,69,2,2
46159,125,112,13,13
46160,73,86,-13,13
46161,108,108,0,0
46162,76,77,-1,1
46163,45,42,3,3
46164,100,90,10,10
46165,76,79,-3,3
46166,158,178,-20,20
46167,92,98,-6,6
46168,77,78,-1,1
46169,44,45,-1,1
46170,115,118,-3,3
46171,85,95,-10,10
46172,109,106,3,3
46173,89,88,1,1
46174,39,42,-3,3
46175,66,59,7,7
46176,62,74,-12,12
46177,89,95,-6,6
46178,130,136,-6,6
46179,92,89,3,3
46180,138,128,10,10
46181,118,106,12,12
46182,219,270,-51,51
46183,104,110,-6,6
46184,94,95,-1,1
46185,100,85,15,15
46186,54,53,1,1
46187,153,144,9,9
46188,84,83,1,1
46189,91,100,-9,9
46190,46,50,-4,4
46191,53,61,-8,8
46192,77,76,1,1
46193,80,76,4,4
46194,138,127,11,11
46195,80,75,5,5
46196,138,113,25,25
46197,141,135,6,6
46198,91,85,6,6
46199,176,158,18,18
46200,117,115,2,2
46201,69,82,-13,13
46202,108,109,-1,1
46203,101,95,6,6
46204,135,128,7,7
46205,115,122,-7,7
46206,102,106,-4,4
46207,56,66,-10,10
46208,96,104,-8,8
46209,69,66,3,3
46210,106,118,-12,12
46211,151,154,-3,3
46212,110,106,4,4
46213,112,161,-49,49
46214,134,122,12,12
46215,65,64,1,1
46216,66,72,-6,6
46217,97,100,-3,3
46218,109,111,-2,2
46219,141,135,6,6
46220,78,90,-12,12
46221,94,107,-13,13
46222,64,76,-12,12
46223,47,64,-17,17
46224,79,72,7,7
46225,104,106,-2,2
46226,39,38,1,1
46227,62,76,-14,14
46228,123,122,1,1
46229,144,120,24,24
46230,108,110,-2,2
46231,183,159,24,24
46232,85,83,2,2
46233,49,51,-2,2
46234,40,45,-5,5
46235,27,43,-16,16
46236,107,109,-2,2
46237,135,140,-5,5
46238,129,116,13,13
46239,77,78,-1,1
46240,61,71,-10,10
46241,58,68,-10,10
46242,144,137,7,7
46243,53,53,0,0
46244,95,100,-5,5
46245,82,74,8,8
46246,73,89,-16,16
46247,174,172,2,2
46248,101,95,6,6
46249,100,137,-37,37
46250,81,73,8,8
46251,94,94,0,0
46252,76,76,0,0
46253,70,73,-3,3
46254,100,100,0,0
46255,79,72,7,7
46256,83,85,-2,2
46257,90,93,-3,3
46258,136,131,5,5
46259,61,61,0,0
46260,106,107,-1,1
46261,90,85,5,5
46262,32,38,-6,6
46263,100,108,-8,8
46264,74,64,10,10
46265,62,69,-7,7
46266,101,94,7,7
46267,104,92,12,12
46268,94,84,10,10
46269,95,92,3,3
46270,134,137,-3,3
46271,134,133,1,1
46272,77,76,1,1
46273,80,100,-20,20
46274,90,85,5,5
46275,128,118,10,10
46276,108,110,-2,2
46277,64,67,-3,3
46278,44,48,-4,4
46279,115,107,8,8
46280,49,63,-14,14
46281,64,72,-8,8
46282,64,65,-1,1
46283,128,124,4,4
46284,69,72,-3,3
46285,73,72,1,1
46286,38,42,-4,4
46287,71,72,-1,1
46288,94,95,-1,1
46289,89,94,-5,5
46290,63,71,-8,8
46291,116,100,16,16
46292,83,88,-5,5
46293,38,71,-33,33
46294,57,68,-11,11
46295,84,88,-4,4
46296,552,452,100,100
46297,75,85,-10,10
46298,70,125,-55,55
46299,90,104,-14,14
46300,181,197,-16,16
46301,109,106,3,3
46302,99,110,-11,11
46303,99,94,5,5
46304,73,78,-5,5
46305,71,76,-5,5
46306,125,124,1,1
46307,142,143,-1,1
46308,125,117,8,8
46309,99,103,-4,4
46310,127,117,10,10
46311,134,118,16,16
46312,87,80,7,7
46313,99,105,-6,6
46314,116,127,-11,11
46315,57,61,-4,4
46316,160,158,2,2
46317,104,100,4,4
46318,106,109,-3,3
46319,82,87,-5,5
46320,149,126,23,23
46321,122,125,-3,3
46322,46,52,-6,6
46323,44,62,-18,18
46324,47,56,-9,9
46325,46,69,-23,23
46326,103,107,-4,4
46327,118,119,-1,1
46328,62,65,-3,3
46329,61,73,-12,12
46330,90,86,4,4
46331,87,85,2,2
46332,163,153,10,10
46333,108,119,-11,11
46334,68,77,-9,9
46335,128,120,8,8
46336,132,135,-3,3
46337,48,67,-19,19
46338,66,70,-4,4
46339,62,70,-8,8
46340,77,89,-12,12
46341,47,64,-17,17
46342,124,116,8,8
46343,95,94,1,1
46344,65,62,3,3
46345,70,81,-11,11
46346,133,131,2,2
46347,98,103,-5,5
46348,138,154,-16,16
46349,93,100,-7,7
46350,136,123,13,13
46351,119,109,10,10
46352,102,101,1,1
46353,106,118,-12,12
46354,75,81,-6,6
46355,58,62,-4,4
46356,130,123,7,7
46357,85,91,-6,6
46358,102,114,-12,12
46359,66,72,-6,6
46360,83,102,-19,19
46361,85,77,8,8
46362,122,114,8,8
46363,107,119,-12,12
46364,68,71,-3,3
46365,58,63,-5,5
46366,87,86,1,1
46367,67,71,-4,4
46368,74,76,-2,2
46369,68,65,3,3
46370,104,98,6,6
46371,158,150,8,8
46372,131,115,16,16
46373,103,104,-1,1
46374,109,117,-8,8
46375,64,56,8,8
46376,123,123,0,0
46377,111,105,6,6
46378,38,40,-2,2
46379,59,54,5,5
46380,46,57,-11,11
46381,101,107,-6,6
46382,149,148,1,1
46383,116,106,10,10
46384,62,72,-10,10
46385,78,78,0,0
46386,92,85,7,7
46387,109,111,-2,2
46388,94,95,-1,1
46389,107,112,-5,5
46390,75,87,-12,12
46391,64,64,0,0
46392,30,32,-2,2
46393,127,129,-2,2
46394,67,81,-14,14
46395,109,112,-3,3
46396,187,164,23,23
46397,90,101,-11,11
46398,123,118,5,5
46399,72,57,15,15
46400,124,127,-3,3
46401,110,116,-6,6
46402,108,111,-3,3
46403,65,88,-23,23
46404,116,129,-13,13
46405,77,105,-28,28
46406,40,71,-31,31
46407,108,111,-3,3
46408,159,150,9,9
46409,60,64,-4,4
46410,116,104,12,12
46411,124,137,-13,13
46412,94,93,1,1
46413,90,85,5,5
46414,30,33,-3,3
46415,89,95,-6,6
46416,89,81,8,8
46417,111,118,-7,7
46418,84,101,-17,17
46419,49,55,-6,6
46420,75,66,9,9
46421,136,123,13,13
46422,41,92,-51,51
46423,72,70,2,2
46424,173,168,5,5
46425,70,84,-14,14
46426,90,92,-2,2
46427,153,150,3,3
46428,138,142,-4,4
46429,147,140,7,7
46430,116,128,-12,12
46431,148,137,11,11
46432,117,118,-1,1
46433,103,102,1,1
46434,123,121,2,2
46435,151,142,9,9
46436,126,130,-4,4
46437,105,107,-2,2
46438,111,117,-6,6
46439,71,68,3,3
46440,99,115,-16,16
46441,59,68,-9,9
46442,104,97,7,7
46443,60,56,4,4
46444,88,85,3,3
46445,63,63,0,0
46446,186,178,8,8
46447,97,89,8,8
46448,128,122,6,6
46449,162,149,13,13
46450,74,68,6,6
46451,92,86,6,6
46452,153,151,2,2
46453,97,95,2,2
46454,116,117,-1,1
46455,161,133,28,28
46456,73,80,-7,7
46457,107,106,1,1
46458,112,126,-14,14
46459,89,89,0,0
46460,92,95,-3,3
46461,83,85,-2,2
46462,108,118,-10,10
46463,108,114,-6,6
46464,49,47,2,2
46465,64,68,-4,4
46466,109,116,-7,7
46467,52,61,-9,9
46468,139,140,-1,1
46469,90,99,-9,9
46470,90,90,0,0
46471,70,77,-7,7
46472,97,97,0,0
46473,56,62,-6,6
46474,64,75,-11,11
46475,67,68,-1,1
46476,48,50,-2,2
46477,69,73,-4,4
46478,93,85,8,8
46479,144,140,4,4
46480,145,152,-7,7
46481,142,154,-12,12
46482,150,144,6,6
46483,58,58,0,0
46484,120,108,12,12
46485,102,103,-1,1
46486,142,154,-12,12
46487,100,99,1,1
46488,125,122,3,3
46489,84,97,-13,13
46490,123,121,2,2
46491,145,144,1,1
46492,86,93,-7,7
46493,73,74,-1,1
46494,97,100,-3,3
46495,57,61,-4,4
46496,122,117,5,5
46497,71,67,4,4
46498,99,104,-5,5
46499,83,70,13,13
46500,165,157,8,8
46501,193,182,11,11
46502,104,95,9,9
46503,110,118,-8,8
46504,65,65,0,0
46505,72,82,-10,10
46506,76,75,1,1
46507,173,151,22,22
46508,76,89,-13,13
46509,95,99,-4,4
46510,96,95,1,1
46511,82,80,2,2
46512,91,97,-6,6
46513,88,85,3,3
46514,104,110,-6,6
46515,114,114,0,0
46516,109,108,1,1
46517,74,73,1,1
46518,137,121,16,16
46519,93,95,-2,2
46520,88,90,-2,2
46521,55,60,-5,5
46522,72,66,6,6
46523,71,90,-19,19
46524,110,89,21,21
46525,114,116,-2,2
46526,128,129,-1,1
46527,65,81,-16,16
46528,114,120,-6,6
46529,97,88,9,9
46530,117,157,-40,40
46531,72,75,-3,3
46532,92,85,7,7
46533,64,63,1,1
46534,125,124,1,1
46535,99,106,-7,7
46536,56,59,-3,3
46537,54,56,-2,2
46538,122,121,1,1
46539,178,170,8,8
46540,179,166,13,13
46541,80,79,1,1
46542,109,111,-2,2
46543,83,86,-3,3
46544,103,90,13,13
46545,61,71,-10,10
46546,125,110,15,15
46547,96,91,5,5
46548,96,118,-22,22
46549,97,97,0,0
46550,108,96,12,12
46551,89,97,-8,8
46552,55,58,-3,3
46553,87,127,-40,40
46554,49,53,-4,4
46555,94,94,0,0
46556,93,118,-25,25
46557,75,76,-1,1
46558,65,72,-7,7
46559,52,56,-4,4
46560,83,90,-7,7
46561,123,104,19,19
46562,92,94,-2,2
46563,74,73,1,1
46564,109,105,4,4
46565,52,56,-4,4
46566,76,69,7,7
46567,116,105,11,11
46568,83,76,7,7
46569,82,75,7,7
46570,144,136,8,8
46571,35,50,-15,15
46572,155,147,8,8
46573,136,128,8,8
46574,123,125,-2,2
46575,81,78,3,3
46576,66,70,-4,4
46577,131,130,1,1
46578,133,118,15,15
46579,71,59,12,12
46580,82,86,-4,4
46581,82,87,-5,5
46582,42,57,-15,15
46583,137,148,-11,11
46584,140,173,-33,33
46585,58,61,-3,3
46586,117,110,7,7
46587,69,80,-11,11
46588,85,87,-2,2
46589,52,51,1,1
46590,87,97,-10,10
46591,135,138,-3,3
46592,64,63,1,1
46593,129,110,19,19
46594,190,197,-7,7
46595,68,77,-9,9
46596,82,75,7,7
46597,75,79,-4,4
46598,149,130,19,19
46599,84,86,-2,2
46600,54,54,0,0
46601,98,98,0,0
46602,99,88,11,11
46603,125,127,-2,2
46604,86,89,-3,3
46605,95,87,8,8
46606,75,74,1,1
46607,80,71,9,9
46608,118,114,4,4
46609,91,89,2,2
46610,106,106,0,0
46611,85,97,-12,12
46612,153,186,-33,33
46613,103,108,-5,5
46614,159,156,3,3
46615,69,75,-6,6
46616,166,155,11,11
46617,109,104,5,5
46618,133,126,7,7
46619,191,167,24,24
46620,113,99,14,14
46621,124,111,13,13
46622,139,135,4,4
46623,88,95,-7,7
46624,43,95,-52,52
46625,71,72,-1,1
46626,116,113,3,3
46627,115,105,10,10
46628,118,120,-2,2
46629,62,64,-2,2
46630,106,114,-8,8
46631,116,126,-10,10
46632,137,128,9,9
46633,201,169,32,32
46634,53,57,-4,4
46635,73,79,-6,6
46636,46,53,-7,7
46637,90,85,5,5
46638,126,133,-7,7
46639,113,116,-3,3
46640,80,69,11,11
46641,102,97,5,5
46642,161,145,16,16
46643,103,100,3,3
46644,119,121,-2,2
46645,54,69,-15,15
46646,159,140,19,19
46647,87,74,13,13
46648,59,52,7,7
46649,59,64,-5,5
46650,90,88,2,2
46651,59,63,-4,4
46652,104,99,5,5
46653,131,135,-4,4
46654,60,59,1,1
46655,68,74,-6,6
46656,86,92,-6,6
46657,88,79,9,9
46658,146,149,-3,3
46659,62,57,5,5
46660,152,139,13,13
46661,104,102,2,2
46662,67,66,1,1
46663,102,106,-4,4
46664,96,97,-1,1
46665,99,117,-18,18
46666,99,98,1,1
46667,76,82,-6,6
46668,97,105,-8,8
46669,83,87,-4,4
46670,112,119,-7,7
46671,63,70,-7,7
46672,136,137,-1,1
46673,74,76,-2,2
46674,172,146,26,26
46675,136,125,11,11
46676,120,117,3,3
46677,116,116,0,0
46678,126,122,4,4
46679,114,102,12,12
46680,72,76,-4,4
46681,104,105,-1,1
46682,147,148,-1,1
46683,103,110,-7,7
46684,81,74,7,7
46685,80,79,1,1
46686,101,106,-5,5
46687,125,108,17,17
46688,92,98,-6,6
46689,84,75,9,9
46690,80,110,-30,30
46691,150,136,14,14
46692,61,71,-10,10
46693,112,105,7,7
46694,112,104,8,8
46695,67,52,15,15
46696,137,125,12,12
46697,58,60,-2,2
46698,105,97,8,8
46699,88,89,-1,1
46700,76,69,7,7
46701,88,101,-13,13
46702,108,110,-2,2
46703,97,92,5,5
46704,141,136,5,5
46705,64,82,-18,18
46706,51,67,-16,16
46707,101,90,11,11
46708,158,158,0,0
46709,97,97,0,0
46710,79,85,-6,6
46711,69,69,0,0
46712,97,108,-11,11
46713,90,91,-1,1
46714,85,83,2,2
46715,90,92,-2,2
46716,120,121,-1,1
46717,61,62,-1,1
46718,145,143,2,2
46719,77,79,-2,2
46720,49,63,-14,14
46721,81,85,-4,4
46722,70,76,-6,6
46723,107,100,7,7
46724,87,85,2,2
46725,66,67,-1,1
46726,108,105,3,3
46727,86,91,-5,5
46728,68,69,-1,1
46729,84,75,9,9
46730,72,74,-2,2
46731,67,71,-4,4
46732,73,75,-2,2
46733,81,78,3,3
46734,65,68,-3,3
46735,130,119,11,11
46736,47,57,-10,10
46737,117,114,3,3
46738,141,126,15,15
46739,204,222,-18,18
46740,85,90,-5,5
46741,116,130,-14,14
46742,118,107,11,11
46743,110,109,1,1
46744,100,91,9,9
46745,93,95,-2,2
46746,53,57,-4,4
46747,86,81,5,5
46748,70,69,1,1
46749,80,77,3,3
46750,146,144,2,2
46751,72,75,-3,3
46752,154,143,11,11
46753,206,210,-4,4
46754,72,72,0,0
46755,141,131,10,10
46756,83,101,-18,18
46757,141,135,6,6
46758,97,110,-13,13
46759,137,126,11,11
46760,124,128,-4,4
46761,84,99,-15,15
46762,102,118,-16,16
46763,22,50,-28,28
46764,97,95,2,2
46765,59,56,3,3
46766,124,133,-9,9
46767,198,192,6,6
46768,93,85,8,8
46769,96,92,4,4
46770,99,96,3,3
46771,191,158,33,33
46772,88,76,12,12
46773,88,85,3,3
46774,114,117,-3,3
46775,85,92,-7,7
46776,85,75,10,10
46777,63,72,-9,9
46778,129,125,4,4
46779,142,135,7,7
46780,66,83,-17,17
46781,64,59,5,5
46782,72,71,1,1
46783,143,141,2,2
46784,73,69,4,4
46785,92,98,-6,6
46786,80,101,-21,21
46787,123,116,7,7
46788,67,69,-2,2
46789,87,108,-21,21
46790,81,67,14,14
46791,77,98,-21,21
46792,70,74,-4,4
46793,120,127,-7,7
46794,119,134,-15,15
46795,116,114,2,2
46796,193,198,-5,5
46797,90,99,-9,9
46798,113,130,-17,17
46799,109,103,6,6
46800,85,150,-65,65
46801,63,61,2,2
46802,56,68,-12,12
46803,131,136,-5,5
46804,108,103,5,5
46805,58,62,-4,4
46806,57,69,-12,12
46807,98,122,-24,24
46808,86,100,-14,14
46809,60,72,-12,12
46810,54,62,-8,8
46811,160,142,18,18
46812,91,110,-19,19
46813,179,162,17,17
46814,68,89,-21,21
46815,143,143,0,0
46816,86,77,9,9
46817,115,114,1,1
46818,139,130,9,9
46819,95,103,-8,8
46820,66,78,-12,12
46821,66,65,1,1
46822,143,141,2,2
46823,87,82,5,5
46824,85,91,-6,6
46825,77,85,-8,8
46826,77,68,9,9
46827,91,79,12,12
46828,80,80,0,0
46829,23,35,-12,12
46830,92,85,7,7
46831,109,104,5,5
46832,115,101,14,14
46833,93,104,-11,11
46834,67,85,-18,18
46835,150,140,10,10
46836,78,72,6,6
46837,159,157,2,2
46838,124,117,7,7
46839,93,108,-15,15
46840,133,132,1,1
46841,79,78,1,1
46842,62,62,0,0
46843,73,71,2,2
46844,66,64,2,2
46845,69,62,7,7
46846,146,161,-15,15
46847,73,69,4,4
46848,91,102,-11,11
46849,67,68,-1,1
46850,80,103,-23,23
46851,96,87,9,9
46852,75,67,8,8
46853,72,82,-10,10
46854,87,87,0,0
46855,93,88,5,5
46856,115,109,6,6
46857,142,138,4,4
46858,168,169,-1,1
46859,149,134,15,15
46860,91,90,1,1
46861,69,79,-10,10
46862,112,104,8,8
46863,83,90,-7,7
46864,63,62,1,1
46865,84,89,-5,5
46866,113,110,3,3
46867,98,87,11,11
46868,174,175,-1,1
46869,103,92,11,11
46870,32,82,-50,50
46871,126,135,-9,9
46872,132,137,-5,5
46873,49,53,-4,4
46874,107,100,7,7
46875,121,140,-19,19
46876,132,133,-1,1
46877,75,81,-6,6
46878,71,77,-6,6
46879,69,81,-12,12
46880,158,185,-27,27
46881,73,66,7,7
46882,146,128,18,18
46883,49,66,-17,17
46884,124,131,-7,7
46885,71,64,7,7
46886,43,44,-1,1
46887,94,97,-3,3
46888,120,133,-13,13
46889,107,111,-4,4
46890,83,79,4,4
46891,111,111,0,0
46892,79,73,6,6
46893,93,101,-8,8
46894,130,134,-4,4
46895,119,113,6,6
46896,80,73,7,7
46897,80,77,3,3
46898,76,80,-4,4
46899,101,103,-2,2
46900,131,129,2,2
46901,91,104,-13,13
46902,81,93,-12,12
46903,102,105,-3,3
46904,108,90,18,18
46905,79,81,-2,2
46906,121,114,7,7
46907,135,131,4,4
46908,68,86,-18,18
46909,104,121,-17,17
46910,44,47,-3,3
46911,103,112,-9,9
46912,136,135,1,1
46913,107,95,12,12
46914,78,96,-18,18
46915,75,77,-2,2
46916,37,43,-6,6
46917,24,33,-9,9
46918,166,155,11,11
46919,134,120,14,14
46920,116,110,6,6
46921,85,103,-18,18
46922,130,133,-3,3
46923,150,147,3,3
46924,103,104,-1,1
46925,92,92,0,0
46926,127,128,-1,1
46927,72,78,-6,6
46928,95,98,-3,3
46929,56,57,-1,1
46930,170,144,26,26
46931,106,103,3,3
46932,78,80,-2,2
46933,135,142,-7,7
46934,113,103,10,10
46935,191,180,11,11
46936,61,70,-9,9
46937,95,81,14,14
46938,119,117,2,2
46939,114,108,6,6
46940,88,87,1,1
46941,71,73,-2,2
46942,76,74,2,2
46943,50,64,-14,14
46944,69,75,-6,6
46945,51,79,-28,28
46946,74,76,-2,2
46947,79,77,2,2
46948,74,89,-15,15
46949,113,119,-6,6
46950,99,108,-9,9
46951,86,93,-7,7
46952,91,79,12,12
46953,83,97,-14,14
46954,106,95,11,11
46955,66,64,2,2
46956,74,69,5,5
46957,78,72,6,6
46958,101,108,-7,7
46959,78,77,1,1
46960,91,90,1,1
46961,94,95,-1,1
46962,86,88,-2,2
46963,64,67,-3,3
46964,98,84,14,14
46965,100,102,-2,2
46966,148,135,13,13
46967,96,102,-6,6
46968,135,117,18,18
46969,123,135,-12,12
46970,65,67,-2,2
46971,86,80,6,6
46972,86,78,8,8
46973,93,86,7,7
46974,106,101,5,5
46975,122,117,5,5
46976,75,85,-10,10
46977,86,83,3,3
46978,51,59,-8,8
46979,56,65,-9,9
46980,125,126,-1,1
46981,92,77,15,15
46982,108,112,-4,4
46983,151,141,10,10
46984,83,83,0,0
46985,66,74,-8,8
46986,138,122,16,16
46987,120,119,1,1
46988,79,75,4,4
46989,86,94,-8,8
46990,163,163,0,0
46991,112,106,6,6
46992,98,95,3,3
46993,40,73,-33,33
46994,85,100,-15,15
46995,73,80,-7,7
46996,84,90,-6,6
46997,127,133,-6,6
46998,113,97,16,16
46999,116,111,5,5
47000,91,88,3,3
47001,91,82,9,9
47002,50,53,-3,3
47003,78,80,-2,2
47004,90,84,6,6
47005,125,118,7,7
47006,84,91,-7,7
47007,79,82,-3,3
47008,69,73,-4,4
47009,115,104,11,11
47010,227,246,-19,19
47011,107,118,-11,11
47012,136,180,-44,44
47013,88,82,6,6
47014,117,120,-3,3
47015,81,95,-14,14
47016,150,146,4,4
47017,101,120,-19,19
47018,169,165,4,4
47019,75,80,-5,5
47020,146,143,3,3
47021,96,92,4,4
47022,66,72,-6,6
47023,73,71,2,2
47024,85,100,-15,15
47025,104,94,10,10
47026,53,62,-9,9
47027,148,164,-16,16
47028,119,112,7,7
47029,45,54,-9,9
47030,72,79,-7,7
47031,126,120,6,6
47032,64,63,1,1
47033,119,116,3,3
47034,89,93,-4,4
47035,139,139,0,0
47036,111,109,2,2
47037,100,95,5,5
47038,82,78,4,4
47039,138,136,2,2
47040,47,55,-8,8
47041,167,178,-11,11
47042,63,62,1,1
47043,118,110,8,8
47044,201,195,6,6
47045,82,86,-4,4
47046,91,99,-8,8
47047,81,88,-7,7
47048,91,87,4,4
47049,119,106,13,13
47050,88,87,1,1
47051,76,80,-4,4
47052,86,88,-2,2
47053,47,49,-2,2
47054,134,161,-27,27
47055,96,103,-7,7
47056,82,79,3,3
47057,82,76,6,6
47058,89,92,-3,3
47059,99,102,-3,3
47060,93,95,-2,2
47061,87,94,-7,7
47062,62,63,-1,1
47063,58,58,0,0
47064,82,74,8,8
47065,142,137,5,5
47066,101,98,3,3
47067,127,116,11,11
47068,46,61,-15,15
47069,116,108,8,8
47070,54,50,4,4
47071,71,73,-2,2
47072,121,145,-24,24
47073,80,90,-10,10
47074,86,85,1,1
47075,119,104,15,15
47076,71,79,-8,8
47077,171,161,10,10
47078,126,109,17,17
47079,57,60,-3,3
47080,99,99,0,0
47081,55,59,-4,4
47082,77,84,-7,7
47083,110,118,-8,8
47084,77,106,-29,29
47085,111,105,6,6
47086,164,170,-6,6
47087,104,96,8,8
47088,85,85,0,0
47089,75,75,0,0
47090,119,117,2,2
47091,82,86,-4,4
47092,122,117,5,5
47093,111,103,8,8
47094,102,93,9,9
47095,54,60,-6,6
47096,96,90,6,6
47097,65,70,-5,5
47098,135,131,4,4
47099,79,78,1,1
47100,92,85,7,7
47101,56,61,-5,5
47102,109,98,11,11
47103,124,121,3,3
47104,65,74,-9,9
47105,84,91,-7,7
47106,107,104,3,3
47107,114,103,11,11
47108,92,81,11,11
47109,129,123,6,6
47110,159,147,12,12
47111,80,78,2,2
47112,106,109,-3,3
47113,76,83,-7,7
47114,81,84,-3,3
47115,115,114,1,1
47116,89,99,-10,10
47117,66,69,-3,3
47118,49,59,-10,10
47119,74,72,2,2
47120,77,71,6,6
47121,98,96,2,2
47122,181,170,11,11
47123,65,67,-2,2
47124,125,123,2,2
47125,120,125,-5,5
47126,92,80,12,12
47127,125,117,8,8
47128,97,96,1,1
47129,113,103,10,10
47130,69,73,-4,4
47131,41,48,-7,7
47132,112,114,-2,2
47133,93,85,8,8
47134,77,87,-10,10
47135,114,122,-8,8
47136,90,97,-7,7
47137,119,128,-9,9
47138,85,96,-11,11
47139,99,106,-7,7
47140,113,98,15,15
47141,112,124,-12,12
47142,43,46,-3,3
47143,73,71,2,2
47144,149,148,1,1
47145,72,76,-4,4
47146,62,81,-19,19
47147,74,75,-1,1
47148,197,186,11,11
47149,93,109,-16,16
47150,103,83,20,20
47151,96,98,-2,2
47152,191,169,22,22
47153,116,108,8,8
47154,75,75,0,0
47155,99,103,-4,4
47156,94,84,10,10
47157,124,134,-10,10
47158,83,83,0,0
47159,131,126,5,5
47160,108,88,20,20
47161,108,129,-21,21
47162,77,78,-1,1
47163,77,63,14,14
47164,126,123,3,3
47165,59,62,-3,3
47166,101,110,-9,9
47167,121,115,6,6
47168,116,125,-9,9
47169,124,118,6,6
47170,69,60,9,9
47171,160,155,5,5
47172,67,64,3,3
47173,111,114,-3,3
47174,80,94,-14,14
47175,44,58,-14,14
47176,89,79,10,10
47177,92,90,2,2
47178,105,114,-9,9
47179,113,121,-8,8
47180,83,82,1,1
47181,54,53,1,1
47182,47,48,-1,1
47183,105,92,13,13
47184,65,62,3,3
47185,118,107,11,11
47186,115,104,11,11
47187,92,95,-3,3
47188,69,72,-3,3
47189,42,56,-14,14
47190,64,67,-3,3
47191,119,122,-3,3
47192,142,128,14,14
47193,117,100,17,17
47194,67,77,-10,10
47195,157,135,22,22
47196,57,57,0,0
47197,122,110,12,12
47198,84,79,5,5
47199,112,110,2,2
47200,96,104,-8,8
47201,75,69,6,6
47202,86,85,1,1
47203,168,154,14,14
47204,128,123,5,5
47205,111,157,-46,46
47206,95,94,1,1
47207,74,82,-8,8
47208,101,88,13,13
47209,69,64,5,5
47210,160,155,5,5
47211,139,132,7,7
47212,24,63,-39,39
47213,89,100,-11,11
47214,102,103,-1,1
47215,49,54,-5,5
47216,94,112,-18,18
47217,76,80,-4,4
47218,170,146,24,24
47219,158,160,-2,2
47220,31,97,-66,66
47221,66,85,-19,19
47222,106,91,15,15
47223,60,69,-9,9
47224,77,81,-4,4
47225,68,68,0,0
47226,129,126,3,3
47227,60,61,-1,1
47228,106,101,5,5
47229,64,59,5,5
47230,67,71,-4,4
47231,85,81,4,4
47232,79,80,-1,1
47233,175,168,7,7
47234,20,57,-37,37
47235,169,142,27,27
47236,90,90,0,0
47237,74,78,-4,4
47238,68,82,-14,14
47239,52,58,-6,6
47240,81,85,-4,4
47241,106,106,0,0
47242,113,111,2,2
47243,64,69,-5,5
47244,98,102,-4,4
47245,120,120,0,0
47246,85,83,2,2
47247,70,70,0,0
47248,121,115,6,6
47249,132,116,16,16
47250,50,49,1,1
47251,68,81,-13,13
47252,55,61,-6,6
47253,122,113,9,9
47254,107,101,6,6
47255,69,73,-4,4
47256,115,114,1,1
47257,118,120,-2,2
47258,184,211,-27,27
47259,78,82,-4,4
47260,47,54,-7,7
47261,65,75,-10,10
47262,109,98,11,11
47263,89,83,6,6
47264,141,138,3,3
47265,68,96,-28,28
47266,167,140,27,27
47267,68,75,-7,7
47268,86,100,-14,14
47269,93,89,4,4
47270,91,89,2,2
47271,65,72,-7,7
47272,132,122,10,10
47273,91,93,-2,2
47274,71,63,8,8
47275,71,71,0,0
47276,120,118,2,2
47277,118,105,13,13
47278,117,116,1,1
47279,157,155,2,2
47280,73,82,-9,9
47281,108,117,-9,9
47282,82,78,4,4
47283,122,116,6,6
47284,143,146,-3,3
47285,172,164,8,8
47286,76,56,20,20
47287,130,128,2,2
47288,61,54,7,7
47289,65,78,-13,13
47290,128,122,6,6
47291,98,88,10,10
47292,161,174,-13,13
47293,56,58,-2,2
47294,97,146,-49,49
47295,176,253,-77,77
47296,125,128,-3,3
47297,115,112,3,3
47298,81,76,5,5
47299,103,106,-3,3
47300,53,59,-6,6
47301,173,149,24,24
47302,132,129,3,3
47303,129,117,12,12
47304,120,122,-2,2
47305,123,124,-1,1
47306,203,173,30,30
47307,59,60,-1,1
47308,67,70,-3,3
47309,132,108,24,24
47310,182,162,20,20
47311,143,139,4,4
47312,97,88,9,9
47313,91,94,-3,3
47314,96,110,-14,14
47315,91,90,1,1
47316,87,81,6,6
47317,143,151,-8,8
47318,65,40,25,25
47319,78,68,10,10
47320,78,73,5,5
47321,140,144,-4,4
47322,93,102,-9,9
47323,52,52,0,0
47324,95,97,-2,2
47325,96,85,11,11
47326,72,81,-9,9
47327,113,117,-4,4
47328,97,97,0,0
47329,77,76,1,1
47330,71,75,-4,4
47331,58,73,-15,15
47332,72,75,-3,3
47333,210,177,33,33
47334,97,88,9,9
47335,141,147,-6,6
47336,130,137,-7,7
47337,105,112,-7,7
47338,66,79,-13,13
47339,78,94,-16,16
47340,96,96,0,0
47341,120,110,10,10
47342,57,65,-8,8
47343,162,156,6,6
47344,134,133,1,1
47345,161,145,16,16
47346,171,164,7,7
47347,91,106,-15,15
47348,46,60,-14,14
47349,128,128,0,0
47350,113,108,5,5
47351,96,96,0,0
47352,55,54,1,1
47353,101,115,-14,14
47354,146,145,1,1
47355,83,121,-38,38
47356,41,52,-11,11
47357,117,120,-3,3
47358,118,126,-8,8
47359,89,104,-15,15
47360,88,81,7,7
47361,37,29,8,8
47362,68,74,-6,6
47363,53,54,-1,1
47364,106,107,-1,1
47365,125,114,11,11
47366,79,83,-4,4
47367,100,104,-4,4
47368,99,104,-5,5
47369,99,108,-9,9
47370,130,117,13,13
47371,75,86,-11,11
47372,101,99,2,2
47373,90,96,-6,6
47374,154,132,22,22
47375,116,107,9,9
47376,60,65,-5,5
47377,144,145,-1,1
47378,75,91,-16,16
47379,110,116,-6,6
47380,124,123,1,1
47381,79,89,-10,10
47382,38,29,9,9
47383,90,94,-4,4
47384,84,74,10,10
47385,76,89,-13,13
47386,88,96,-8,8
47387,124,129,-5,5
47388,76,77,-1,1
47389,84,75,9,9
47390,75,82,-7,7
47391,78,80,-2,2
47392,48,61,-13,13
47393,70,83,-13,13
47394,125,118,7,7
47395,129,127,2,2
47396,75,62,13,13
47397,91,107,-16,16
47398,108,113,-5,5
47399,100,93,7,7
47400,56,69,-13,13
47401,140,125,15,15
47402,62,61,1,1
47403,224,205,19,19
47404,109,120,-11,11
47405,159,156,3,3
47406,90,91,-1,1
47407,125,117,8,8
47408,96,101,-5,5
47409,74,89,-15,15
47410,109,113,-4,4
47411,84,86,-2,2
47412,50,42,8,8
47413,146,146,0,0
47414,116,110,6,6
47415,93,88,5,5
47416,92,84,8,8
47417,72,65,7,7
47418,159,138,21,21
47419,79,74,5,5
47420,117,110,7,7
47421,92,88,4,4
47422,102,96,6,6
47423,61,74,-13,13
47424,55,55,0,0
47425,91,82,9,9
47426,94,91,3,3
47427,64,61,3,3
47428,121,119,2,2
47429,50,51,-1,1
47430,91,86,5,5
47431,87,89,-2,2
47432,100,96,4,4
47433,60,59,1,1
47434,139,137,2,2
47435,77,78,-1,1
47436,54,74,-20,20
47437,117,96,21,21
47438,105,118,-13,13
47439,105,107,-2,2
47440,78,84,-6,6
47441,108,99,9,9
47442,111,120,-9,9
47443,112,121,-9,9
47444,69,71,-2,2
47445,100,101,-1,1
47446,96,89,7,7
47447,31,53,-22,22
47448,75,75,0,0
47449,68,68,0,0
47450,53,56,-3,3
47451,63,68,-5,5
47452,85,76,9,9
47453,126,128,-2,2
47454,107,108,-1,1
47455,130,139,-9,9
47456,65,68,-3,3
47457,73,74,-1,1
47458,107,121,-14,14
47459,121,125,-4,4
47460,99,100,-1,1
47461,92,91,1,1
47462,170,163,7,7
47463,85,65,20,20
47464,142,141,1,1
47465,86,83,3,3
47466,63,69,-6,6
47467,121,112,9,9
47468,84,93,-9,9
47469,66,69,-3,3
47470,60,65,-5,5
47471,68,53,15,15
47472,113,120,-7,7
47473,101,98,3,3
47474,48,60,-12,12
47475,154,147,7,7
47476,160,148,12,12
47477,102,93,9,9
47478,94,99,-5,5
47479,84,72,12,12
47480,107,111,-4,4
47481,66,68,-2,2
47482,87,87,0,0
47483,84,72,12,12
47484,86,93,-7,7
47485,101,72,29,29
47486,83,85,-2,2
47487,70,62,8,8
47488,104,91,13,13
47489,78,74,4,4
47490,69,82,-13,13
47491,172,162,10,10
47492,66,73,-7,7
47493,96,85,11,11
47494,73,72,1,1
47495,122,125,-3,3
47496,66,77,-11,11
47497,78,82,-4,4
47498,70,144,-74,74
47499,62,72,-10,10
47500,64,59,5,5
47501,189,172,17,17
47502,101,105,-4,4
47503,83,86,-3,3
47504,88,79,9,9
47505,108,105,3,3
47506,109,113,-4,4
47507,50,45,5,5
47508,100,94,6,6
47509,98,90,8,8
47510,74,68,6,6
47511,151,125,26,26
47512,67,71,-4,4
47513,145,145,0,0
47514,99,93,6,6
47515,79,74,5,5
47516,66,72,-6,6
47517,87,87,0,0
47518,104,99,5,5
47519,75,83,-8,8
47520,81,72,9,9
47521,79,88,-9,9
47522,82,80,2,2
47523,202,185,17,17
47524,64,62,2,2
47525,142,135,7,7
47526,77,119,-42,42
47527,95,115,-20,20
47528,127,132,-5,5
47529,89,89,0,0
47530,136,152,-16,16
47531,63,73,-10,10
47532,123,118,5,5
47533,113,108,5,5
47534,98,101,-3,3
47535,136,121,15,15
47536,124,117,7,7
47537,124,116,8,8
47538,162,146,16,16
47539,81,95,-14,14
47540,93,96,-3,3
47541,83,80,3,3
47542,127,108,19,19
47543,60,63,-3,3
47544,83,89,-6,6
47545,60,62,-2,2
47546,103,116,-13,13
47547,93,87,6,6
47548,78,76,2,2
47549,97,96,1,1
47550,73,67,6,6
47551,128,117,11,11
47552,92,95,-3,3
47553,37,46,-9,9
47554,154,147,7,7
47555,60,84,-24,24
47556,94,93,1,1
47557,103,108,-5,5
47558,72,72,0,0
47559,65,94,-29,29
47560,85,92,-7,7
47561,111,110,1,1
47562,88,88,0,0
47563,110,105,5,5
47564,102,99,3,3
47565,59,58,1,1
47566,89,69,20,20
47567,113,99,14,14
47568,65,72,-7,7
47569,148,143,5,5
47570,83,86,-3,3
47571,81,82,-1,1
47572,88,85,3,3
47573,67,72,-5,5
47574,44,54,-10,10
47575,98,102,-4,4
47576,89,87,2,2
47577,85,85,0,0
47578,165,149,16,16
47579,58,67,-9,9
47580,118,108,10,10
47581,138,125,13,13
47582,85,84,1,1
47583,77,75,2,2
47584,58,68,-10,10
47585,78,74,4,4
47586,94,106,-12,12
47587,51,61,-10,10
47588,109,114,-5,5
47589,72,82,-10,10
47590,71,65,6,6
47591,83,98,-15,15
47592,97,101,-4,4
47593,81,81,0,0
47594,192,199,-7,7
47595,152,143,9,9
47596,101,101,0,0
47597,65,62,3,3
47598,77,86,-9,9
47599,130,114,16,16
47600,124,105,19,19
47601,89,95,-6,6
47602,105,116,-11,11
47603,85,83,2,2
47604,147,141,6,6
47605,108,119,-11,11
47606,86,85,1,1
47607,66,72,-6,6
47608,62,60,2,2
47609,74,61,13,13
47610,144,130,14,14
47611,77,71,6,6
47612,53,35,18,18
47613,81,82,-1,1
47614,121,121,0,0
47615,71,69,2,2
47616,75,72,3,3
47617,105,100,5,5
47618,98,100,-2,2
47619,133,129,4,4
47620,115,126,-11,11
47621,56,60,-4,4
47622,139,131,8,8
47623,108,103,5,5
47624,207,207,0,0
47625,43,61,-18,18
47626,135,128,7,7
47627,122,127,-5,5
47628,61,64,-3,3
47629,97,91,6,6
47630,77,74,3,3
47631,123,111,12,12
47632,59,67,-8,8
47633,113,118,-5,5
47634,125,129,-4,4
47635,88,88,0,0
47636,72,68,4,4
47637,137,140,-3,3
47638,113,105,8,8
47639,112,104,8,8
47640,60,80,-20,20
47641,106,112,-6,6
47642,143,135,8,8
47643,91,85,6,6
47644,95,79,16,16
47645,155,148,7,7
47646,106,104,2,2
47647,103,111,-8,8
47648,142,128,14,14
47649,76,72,4,4
47650,115,118,-3,3
47651,96,122,-26,26
47652,103,103,0,0
47653,106,105,1,1
47654,67,68,-1,1
47655,100,95,5,5
47656,103,105,-2,2
47657,72,78,-6,6
47658,142,126,16,16
47659,32,53,-21,21
47660,137,141,-4,4
47661,57,64,-7,7
47662,69,75,-6,6
47663,47,56,-9,9
47664,82,56,26,26
47665,113,104,9,9
47666,81,88,-7,7
47667,96,92,4,4
47668,67,63,4,4
47669,138,123,15,15
47670,73,70,3,3
47671,62,87,-25,25
47672,45,50,-5,5
47673,106,100,6,6
47674,65,65,0,0
47675,79,88,-9,9
47676,109,114,-5,5
47677,147,130,17,17
47678,67,67,0,0
47679,94,87,7,7
47680,73,75,-2,2
47681,57,69,-12,12
47682,124,113,11,11
47683,68,77,-9,9
47684,89,100,-11,11
47685,105,97,8,8
47686,64,82,-18,18
47687,78,84,-6,6
47688,108,98,10,10
47689,171,163,8,8
47690,92,88,4,4
47691,63,66,-3,3
47692,66,74,-8,8
47693,85,89,-4,4
47694,134,128,6,6
47695,73,78,-5,5
47696,85,80,5,5
47697,81,69,12,12
47698,119,103,16,16
47699,64,62,2,2
47700,73,73,0,0
47701,120,103,17,17
47702,122,120,2,2
47703,97,101,-4,4
47704,69,71,-2,2
47705,88,78,10,10
47706,86,86,0,0
47707,87,82,5,5
47708,152,141,11,11
47709,65,65,0,0
47710,37,49,-12,12
47711,125,106,19,19
47712,117,136,-19,19
47713,72,72,0,0
47714,120,143,-23,23
47715,67,80,-13,13
47716,147,141,6,6
47717,142,139,3,3
47718,111,95,16,16
47719,104,106,-2,2
47720,90,81,9,9
47721,76,78,-2,2
47722,82,78,4,4
47723,122,100,22,22
47724,176,166,10,10
47725,97,70,27,27
47726,84,83,1,1
47727,94,80,14,14
47728,175,180,-5,5
47729,90,89,1,1
47730,62,63,-1,1
47731,116,103,13,13
47732,137,126,11,11
47733,141,138,3,3
47734,96,119,-23,23
47735,99,92,7,7
47736,66,58,8,8
47737,183,175,8,8
47738,64,56,8,8
47739,137,146,-9,9
47740,51,57,-6,6
47741,35,38,-3,3
47742,137,118,19,19
47743,151,164,-13,13
47744,115,111,4,4
47745,94,85,9,9
47746,42,33,9,9
47747,57,71,-14,14
47748,102,114,-12,12
47749,59,63,-4,4
47750,73,92,-19,19
47751,80,88,-8,8
47752,102,107,-5,5
47753,111,102,9,9
47754,150,145,5,5
47755,149,137,12,12
47756,129,123,6,6
47757,35,41,-6,6
47758,50,56,-6,6
47759,85,81,4,4
47760,90,95,-5,5
47761,129,114,15,15
47762,111,119,-8,8
47763,80,80,0,0
47764,165,160,5,5
47765,69,70,-1,1
47766,132,116,16,16
47767,145,143,2,2
47768,51,57,-6,6
47769,152,141,11,11
47770,64,70,-6,6
47771,168,148,20,20
47772,100,108,-8,8
47773,72,56,16,16
47774,86,94,-8,8
47775,67,76,-9,9
47776,71,86,-15,15
47777,156,150,6,6
47778,92,88,4,4
47779,93,89,4,4
47780,95,105,-10,10
47781,113,111,2,2
47782,105,99,6,6
47783,77,82,-5,5
47784,96,103,-7,7
47785,103,106,-3,3
47786,76,97,-21,21
47787,77,65,12,12
47788,103,95,8,8
47789,80,81,-1,1
47790,72,73,-1,1
47791,98,98,0,0
47792,94,88,6,6
47793,145,152,-7,7
47794,57,65,-8,8
47795,95,93,2,2
47796,97,77,20,20
47797,160,153,7,7
47798,161,148,13,13
47799,71,66,5,5
47800,95,87,8,8
47801,100,106,-6,6
47802,57,44,13,13
47803,96,99,-3,3
47804,70,68,2,2
47805,51,70,-19,19
47806,70,72,-2,2
47807,27,43,-16,16
47808,93,92,1,1
47809,110,105,5,5
47810,128,126,2,2
47811,146,170,-24,24
47812,81,70,11,11
47813,100,86,14,14
47814,77,76,1,1
47815,57,62,-5,5
47816,110,97,13,13
47817,90,92,-2,2
47818,105,111,-6,6
47819,91,78,13,13
47820,158,144,14,14
47821,79,73,6,6
47822,52,52,0,0
47823,86,71,15,15
47824,100,102,-2,2
47825,65,68,-3,3
47826,116,98,18,18
47827,75,62,13,13
47828,95,91,4,4
47829,71,74,-3,3
47830,87,98,-11,11
47831,79,76,3,3
47832,77,67,10,10
47833,55,64,-9,9
47834,94,90,4,4
47835,99,102,-3,3
47836,98,97,1,1
47837,95,112,-17,17
47838,123,120,3,3
47839,76,97,-21,21
47840,157,161,-4,4
47841,75,82,-7,7
47842,114,105,9,9
47843,47,47,0,0
47844,110,117,-7,7
47845,122,120,2,2
47846,89,106,-17,17
47847,65,67,-2,2
47848,63,67,-4,4
47849,140,126,14,14
47850,101,107,-6,6
47851,132,125,7,7
47852,175,185,-10,10
47853,79,76,3,3
47854,97,100,-3,3
47855,108,101,7,7
47856,76,71,5,5
47857,80,70,10,10
47858,114,105,9,9
47859,160,179,-19,19
47860,101,87,14,14
47861,143,134,9,9
47862,40,39,1,1
47863,151,141,10,10
47864,111,129,-18,18
47865,105,127,-22,22
47866,93,93,0,0
47867,121,124,-3,3
47868,162,153,9,9
47869,91,100,-9,9
47870,86,84,2,2
47871,133,142,-9,9
47872,69,72,-3,3
47873,110,112,-2,2
47874,76,71,5,5
47875,70,72,-2,2
47876,129,115,14,14
47877,105,100,5,5
47878,118,110,8,8
47879,51,55,-4,4
47880,155,139,16,16
47881,80,79,1,1
47882,91,107,-16,16
47883,87,89,-2,2
47884,61,84,-23,23
47885,65,71,-6,6
47886,85,88,-3,3
47887,89,83,6,6
47888,62,68,-6,6
47889,85,81,4,4
47890,65,85,-20,20
47891,127,121,6,6
47892,94,97,-3,3
47893,106,107,-1,1
47894,72,70,2,2
47895,115,108,7,7
47896,100,85,15,15
47897,56,65,-9,9
47898,78,90,-12,12
47899,100,101,-1,1
47900,94,90,4,4
47901,104,100,4,4
47902,76,119,-43,43
47903,100,100,0,0
47904,114,108,6,6
47905,94,84,10,10
47906,92,103,-11,11
47907,51,48,3,3
47908,129,126,3,3
47909,30,28,2,2
47910,91,106,-15,15
47911,72,77,-5,5
47912,99,90,9,9
47913,59,60,-1,1
47914,103,100,3,3
47915,140,120,20,20
47916,71,74,-3,3
47917,77,80,-3,3
47918,108,106,2,2
47919,87,79,8,8
47920,150,154,-4,4
47921,108,109,-1,1
47922,78,79,-1,1
47923,143,132,11,11
47924,109,113,-4,4
47925,81,86,-5,5
47926,82,86,-4,4
47927,46,46,0,0
47928,142,126,16,16
47929,54,56,-2,2
47930,89,89,0,0
47931,53,59,-6,6
47932,73,73,0,0
47933,74,74,0,0
47934,43,41,2,2
47935,89,89,0,0
47936,71,71,0,0
47937,62,84,-22,22
47938,59,67,-8,8
47939,114,103,11,11
47940,56,61,-5,5
47941,94,104,-10,10
47942,102,113,-11,11
47943,112,110,2,2
47944,75,84,-9,9
47945,77,93,-16,16
47946,124,125,-1,1
47947,128,118,10,10
47948,70,83,-13,13
47949,84,147,-63,63
47950,151,134,17,17
47951,113,108,5,5
47952,85,73,12,12
47953,82,96,-14,14
47954,163,155,8,8
47955,124,131,-7,7
47956,80,74,6,6
47957,122,152,-30,30
47958,88,81,7,7
47959,66,62,4,4
47960,83,90,-7,7
47961,118,107,11,11
47962,57,64,-7,7
47963,66,73,-7,7
47964,108,108,0,0
47965,93,104,-11,11
47966,51,47,4,4
47967,171,155,16,16
47968,114,101,13,13
47969,45,56,-11,11
47970,86,77,9,9
47971,62,74,-12,12
47972,67,69,-2,2
47973,76,87,-11,11
47974,108,118,-10,10
47975,100,107,-7,7
47976,139,132,7,7
47977,115,128,-13,13
47978,144,118,26,26
47979,90,80,10,10
47980,91,87,4,4
47981,75,82,-7,7
47982,135,123,12,12
47983,67,92,-25,25
47984,117,100,17,17
47985,127,124,3,3
47986,59,61,-2,2
47987,48,58,-10,10
47988,69,71,-2,2
47989,93,80,13,13
47990,123,130,-7,7
47991,131,141,-10,10
47992,105,109,-4,4
47993,121,120,1,1
47994,111,115,-4,4
47995,43,46,-3,3
47996,131,120,11,11
47997,133,125,8,8
47998,74,78,-4,4
47999,154,131,23,23
48000,36,43,-7,7
48001,83,86,-3,3
48002,114,111,3,3
48003,115,108,7,7
48004,117,109,8,8
48005,129,116,13,13
48006,119,120,-1,1
48007,65,76,-11,11
48008,88,90,-2,2
48009,80,59,21,21
48010,43,28,15,15
48011,68,73,-5,5
48012,157,142,15,15
48013,104,96,8,8
48014,56,51,5,5
48015,52,57,-5,5
48016,115,108,7,7
48017,64,64,0,0
48018,139,138,1,1
48019,58,61,-3,3
48020,105,112,-7,7
48021,196,188,8,8
48022,117,104,13,13
48023,108,91,17,17
48024,109,142,-33,33
48025,53,50,3,3
48026,97,98,-1,1
48027,89,91,-2,2
48028,136,131,5,5
48029,156,167,-11,11
48030,107,96,11,11
48031,48,50,-2,2
48032,108,105,3,3
48033,151,137,14,14
48034,71,87,-16,16
48035,99,109,-10,10
48036,119,109,10,10
48037,131,134,-3,3
48038,72,74,-2,2
48039,112,114,-2,2
48040,142,149,-7,7
48041,130,124,6,6
48042,103,101,2,2
48043,136,129,7,7
48044,61,63,-2,2
48045,93,92,1,1
48046,124,117,7,7
48047,44,61,-17,17
48048,166,170,-4,4
48049,134,137,-3,3
48050,85,80,5,5
48051,56,64,-8,8
48052,58,71,-13,13
48053,95,102,-7,7
48054,113,114,-1,1
48055,80,95,-15,15
48056,105,100,5,5
48057,56,51,5,5
48058,79,88,-9,9
48059,77,92,-15,15
48060,90,84,6,6
48061,68,77,-9,9
48062,65,72,-7,7
48063,95,100,-5,5
48064,51,57,-6,6
48065,99,101,-2,2
48066,81,66,15,15
48067,116,99,17,17
48068,72,68,4,4
48069,55,59,-4,4
48070,144,158,-14,14
48071,74,80,-6,6
48072,135,140,-5,5
48073,60,69,-9,9
48074,76,87,-11,11
48075,144,121,23,23
48076,141,129,12,12
48077,80,68,12,12
48078,74,80,-6,6
48079,83,84,-1,1
48080,76,68,8,8
48081,100,101,-1,1
48082,97,106,-9,9
48083,141,126,15,15
48084,109,104,5,5
48085,87,113,-26,26
48086,104,99,5,5
48087,69,67,2,2
48088,60,74,-14,14
48089,71,78,-7,7
48090,64,81,-17,17
48091,69,76,-7,7
48092,92,97,-5,5
48093,93,96,-3,3
48094,88,79,9,9
48095,11,44,-33,33
48096,132,123,9,9
48097,62,66,-4,4
48098,73,88,-15,15
48099,110,97,13,13
48100,84,85,-1,1
48101,63,67,-4,4
48102,110,119,-9,9
48103,61,61,0,0
48104,81,95,-14,14
48105,107,109,-2,2
48106,161,153,8,8
48107,66,64,2,2
48108,59,69,-10,10
48109,115,123,-8,8
48110,113,111,2,2
48111,125,126,-1,1
48112,104,98,6,6
48113,90,87,3,3
48114,84,80,4,4
48115,101,97,4,4
48116,151,150,1,1
48117,127,121,6,6
48118,102,99,3,3
48119,85,86,-1,1
48120,64,65,-1,1
48121,114,120,-6,6
48122,104,92,12,12
48123,99,104,-5,5
48124,60,59,1,1
48125,102,109,-7,7
48126,125,122,3,3
48127,109,116,-7,7
48128,106,102,4,4
48129,91,90,1,1
48130,54,70,-16,16
48131,86,107,-21,21
48132,108,116,-8,8
48133,61,62,-1,1
48134,63,85,-22,22
48135,112,114,-2,2
48136,35,51,-16,16
48137,86,80,6,6
48138,79,86,-7,7
48139,112,109,3,3
48140,180,170,10,10
48141,94,85,9,9
48142,125,111,14,14
48143,82,81,1,1
48144,94,96,-2,2
48145,83,94,-11,11
48146,93,100,-7,7
48147,89,81,8,8
48148,63,67,-4,4
48149,120,121,-1,1
48150,91,81,10,10
48151,102,129,-27,27
48152,70,72,-2,2
48153,66,65,1,1
48154,73,77,-4,4
48155,122,109,13,13
48156,50,58,-8,8
48157,65,65,0,0
48158,146,158,-12,12
48159,72,75,-3,3
48160,109,94,15,15
48161,67,79,-12,12
48162,138,139,-1,1
48163,78,70,8,8
48164,143,148,-5,5
48165,82,74,8,8
48166,147,153,-6,6
48167,115,112,3,3
48168,107,109,-2,2
48169,60,60,0,0
48170,95,95,0,0
48171,95,96,-1,1
48172,39,40,-1,1
48173,75,92,-17,17
48174,61,62,-1,1
48175,194,215,-21,21
48176,67,77,-10,10
48177,104,102,2,2
48178,79,92,-13,13
48179,57,82,-25,25
48180,45,48,-3,3
48181,66,74,-8,8
48182,70,68,2,2
48183,61,68,-7,7
48184,93,98,-5,5
48185,104,102,2,2
48186,122,131,-9,9
48187,64,68,-4,4
48188,68,76,-8,8
48189,132,140,-8,8
48190,55,70,-15,15
48191,117,114,3,3
48192,89,84,5,5
48193,83,94,-11,11
48194,94,114,-20,20
48195,59,56,3,3
48196,149,138,11,11
48197,77,79,-2,2
48198,92,100,-8,8
48199,84,82,2,2
48200,71,70,1,1
48201,75,69,6,6
48202,123,110,13,13
48203,108,104,4,4
48204,90,84,6,6
48205,99,90,9,9
48206,38,43,-5,5
48207,59,66,-7,7
48208,104,99,5,5
48209,114,122,-8,8
48210,83,88,-5,5
48211,182,156,26,26
48212,89,102,-13,13
48213,77,74,3,3
48214,146,126,20,20
48215,74,84,-10,10
48216,73,64,9,9
48217,71,71,0,0
48218,70,66,4,4
48219,139,138,1,1
48220,75,53,22,22
48221,110,126,-16,16
48222,106,107,-1,1
48223,150,142,8,8
48224,132,117,15,15
48225,108,90,18,18
48226,56,56,0,0
48227,133,128,5,5
48228,123,107,16,16
48229,58,55,3,3
48230,73,89,-16,16
48231,118,107,11,11
48232,83,82,1,1
48233,66,61,5,5
48234,83,92,-9,9
48235,89,91,-2,2
48236,87,90,-3,3
48237,95,95,0,0
48238,57,62,-5,5
48239,124,131,-7,7
48240,136,135,1,1
48241,102,101,1,1
48242,123,129,-6,6
48243,53,60,-7,7
48244,59,57,2,2
48245,150,129,21,21
48246,140,130,10,10
48247,88,92,-4,4
48248,140,134,6,6
48249,86,87,-1,1
48250,106,101,5,5
48251,127,144,-17,17
48252,88,71,17,17
48253,99,109,-10,10
48254,83,79,4,4
48255,81,83,-2,2
48256,151,139,12,12
48257,144,144,0,0
48258,55,57,-2,2
48259,66,68,-2,2
48260,103,103,0,0
48261,100,91,9,9
48262,76,53,23,23
48263,115,111,4,4
48264,135,116,19,19
48265,128,111,17,17
48266,163,158,5,5
48267,81,75,6,6
48268,88,83,5,5
48269,86,121,-35,35
48270,147,141,6,6
48271,179,167,12,12
48272,98,85,13,13
48273,91,83,8,8
48274,145,135,10,10
48275,53,57,-4,4
48276,122,120,2,2
48277,79,70,9,9
48278,118,132,-14,14
48279,100,85,15,15
48280,76,75,1,1
48281,148,132,16,16
48282,55,45,10,10
48283,80,78,2,2
48284,129,127,2,2
48285,52,66,-14,14
48286,108,103,5,5
48287,71,71,0,0
48288,49,41,8,8
48289,111,100,11,11
48290,97,84,13,13
48291,106,90,16,16
48292,31,47,-16,16
48293,62,61,1,1
48294,140,173,-33,33
48295,102,88,14,14
48296,68,61,7,7
48297,66,65,1,1
48298,98,106,-8,8
48299,29,25,4,4
48300,162,145,17,17
48301,68,68,0,0
48302,39,49,-10,10
48303,61,75,-14,14
48304,126,137,-11,11
48305,82,60,22,22
48306,95,95,0,0
48307,86,98,-12,12
48308,91,89,2,2
48309,68,87,-19,19
48310,70,69,1,1
48311,56,57,-1,1
48312,113,108,5,5
48313,83,79,4,4
48314,185,154,31,31
48315,133,123,10,10
48316,98,98,0,0
48317,47,57,-10,10
48318,86,77,9,9
48319,115,107,8,8
48320,121,113,8,8
48321,130,124,6,6
48322,116,115,1,1
48323,55,59,-4,4
48324,88,87,1,1
48325,158,160,-2,2
48326,208,201,7,7
48327,104,95,9,9
48328,109,103,6,6
48329,94,102,-8,8
48330,49,65,-16,16
48331,66,71,-5,5
48332,135,154,-19,19
48333,112,96,16,16
48334,75,88,-13,13
48335,99,97,2,2
48336,98,99,-1,1
48337,77,85,-8,8
48338,108,94,14,14
48339,81,83,-2,2
48340,99,119,-20,20
48341,113,89,24,24
48342,68,68,0,0
48343,111,120,-9,9
48344,57,60,-3,3
48345,141,130,11,11
48346,96,98,-2,2
48347,57,74,-17,17
48348,86,87,-1,1
48349,64,86,-22,22
48350,58,73,-15,15
48351,68,65,3,3
48352,79,75,4,4
48353,128,127,1,1
48354,133,124,9,9
48355,129,136,-7,7
48356,98,98,0,0
48357,126,111,15,15
48358,68,83,-15,15
48359,98,98,0,0
48360,76,79,-3,3
48361,151,138,13,13
48362,143,138,5,5
48363,81,87,-6,6
48364,154,133,21,21
48365,99,104,-5,5
48366,58,62,-4,4
48367,40,48,-8,8
48368,101,149,-48,48
48369,88,75,13,13
48370,102,98,4,4
48371,82,74,8,8
48372,80,73,7,7
48373,77,79,-2,2
48374,91,87,4,4
48375,133,129,4,4
48376,160,145,15,15
48377,137,131,6,6
48378,110,106,4,4
48379,78,62,16,16
48380,83,89,-6,6
48381,68,85,-17,17
48382,85,92,-7,7
48383,90,88,2,2
48384,51,55,-4,4
48385,95,97,-2,2
48386,133,122,11,11
48387,63,63,0,0
48388,64,63,1,1
48389,64,57,7,7
48390,128,132,-4,4
48391,94,104,-10,10
48392,87,87,0,0
48393,49,60,-11,11
48394,66,64,2,2
48395,53,59,-6,6
48396,99,100,-1,1
48397,55,62,-7,7
48398,166,148,18,18
48399,179,164,15,15
48400,100,90,10,10
48401,97,97,0,0
48402,139,120,19,19
48403,59,67,-8,8
48404,175,160,15,15
48405,123,139,-16,16
48406,72,77,-5,5
48407,77,90,-13,13
48408,86,73,13,13
48409,52,58,-6,6
48410,122,129,-7,7
48411,83,74,9,9
48412,109,122,-13,13
48413,123,118,5,5
48414,72,75,-3,3
48415,86,76,10,10
48416,97,104,-7,7
48417,98,97,1,1
48418,98,86,12,12
48419,72,76,-4,4
48420,160,151,9,9
48421,61,63,-2,2
48422,91,98,-7,7
48423,65,64,1,1
48424,145,134,11,11
48425,60,64,-4,4
48426,125,114,11,11
48427,57,68,-11,11
48428,117,110,7,7
48429,104,104,0,0
48430,141,135,6,6
48431,65,66,-1,1
48432,78,67,11,11
48433,74,70,4,4
48434,82,96,-14,14
48435,83,84,-1,1
48436,79,83,-4,4
48437,79,78,1,1
48438,73,69,4,4
48439,154,138,16,16
48440,89,92,-3,3
48441,83,92,-9,9
48442,79,78,1,1
48443,167,152,15,15
48444,103,118,-15,15
48445,89,88,1,1
48446,199,184,15,15
48447,63,80,-17,17
48448,67,65,2,2
48449,152,158,-6,6
48450,98,102,-4,4
48451,78,80,-2,2
48452,78,81,-3,3
48453,119,125,-6,6
48454,93,99,-6,6
48455,121,120,1,1
48456,105,92,13,13
48457,184,171,13,13
48458,60,67,-7,7
48459,167,145,22,22
48460,51,61,-10,10
48461,114,127,-13,13
48462,59,59,0,0
48463,98,95,3,3
48464,62,63,-1,1
48465,74,51,23,23
48466,87,81,6,6
48467,84,87,-3,3
48468,63,56,7,7
48469,103,91,12,12
48470,133,128,5,5
48471,125,113,12,12
48472,137,136,1,1
48473,82,75,7,7
48474,145,154,-9,9
48475,111,111,0,0
48476,117,109,8,8
48477,61,63,-2,2
48478,107,103,4,4
48479,127,125,2,2
48480,50,59,-9,9
48481,75,73,2,2
48482,173,158,15,15
48483,162,152,10,10
48484,72,83,-11,11
48485,104,100,4,4
48486,84,86,-2,2
48487,84,81,3,3
48488,99,99,0,0
48489,109,113,-4,4
48490,125,134,-9,9
48491,100,103,-3,3
48492,108,107,1,1
48493,118,117,1,1
48494,70,83,-13,13
48495,67,62,5,5
48496,39,47,-8,8
48497,87,92,-5,5
48498,71,80,-9,9
48499,65,77,-12,12
48500,185,168,17,17
48501,89,87,2,2
48502,94,90,4,4
48503,68,84,-16,16
48504,66,82,-16,16
48505,126,122,4,4
48506,99,88,11,11
48507,100,106,-6,6
48508,85,71,14,14
48509,38,45,-7,7
48510,170,160,10,10
48511,109,94,15,15
48512,90,84,6,6
48513,58,60,-2,2
48514,52,56,-4,4
48515,162,165,-3,3
48516,60,68,-8,8
48517,99,108,-9,9
48518,80,73,7,7
48519,82,99,-17,17
48520,112,108,4,4
48521,81,68,13,13
48522,112,121,-9,9
48523,160,151,9,9
48524,44,46,-2,2
48525,60,60,0,0
48526,87,80,7,7
48527,66,66,0,0
48528,54,58,-4,4
48529,158,132,26,26
48530,125,123,2,2
48531,61,61,0,0
48532,179,180,-1,1
48533,174,141,33,33
48534,86,102,-16,16
48535,86,99,-13,13
48536,79,94,-15,15
48537,60,62,-2,2
48538,78,83,-5,5
48539,128,141,-13,13
48540,111,109,2,2
48541,98,95,3,3
48542,142,121,21,21
48543,65,65,0,0
48544,142,109,33,33
48545,176,176,0,0
48546,88,90,-2,2
48547,165,157,8,8
48548,85,86,-1,1
48549,85,75,10,10
48550,88,92,-4,4
48551,97,105,-8,8
48552,125,131,-6,6
48553,99,97,2,2
48554,83,80,3,3
48555,97,98,-1,1
48556,96,93,3,3
48557,62,68,-6,6
48558,99,115,-16,16
48559,57,61,-4,4
48560,77,79,-2,2
48561,77,94,-17,17
48562,104,124,-20,20
48563,114,117,-3,3
48564,94,87,7,7
48565,67,74,-7,7
48566,112,112,0,0
48567,128,124,4,4
48568,93,97,-4,4
48569,115,126,-11,11
48570,63,67,-4,4
48571,67,71,-4,4
48572,136,127,9,9
48573,96,104,-8,8
48574,97,112,-15,15
48575,97,108,-11,11
48576,100,100,0,0
48577,60,56,4,4
48578,155,197,-42,42
48579,80,94,-14,14
48580,92,103,-11,11
48581,130,119,11,11
48582,139,135,4,4
48583,121,115,6,6
48584,58,62,-4,4
48585,73,80,-7,7
48586,98,94,4,4
48587,95,98,-3,3
48588,126,120,6,6
48589,112,112,0,0
48590,82,91,-9,9
48591,105,96,9,9
48592,68,80,-12,12
48593,67,86,-19,19
48594,121,120,1,1
48595,164,138,26,26
48596,107,119,-12,12
48597,110,106,4,4
48598,125,126,-1,1
48599,71,76,-5,5
48600,77,82,-5,5
48601,97,95,2,2
48602,114,113,1,1
48603,140,137,3,3
48604,57,68,-11,11
48605,99,98,1,1
48606,99,94,5,5
48607,52,48,4,4
48608,83,77,6,6
48609,173,298,-125,125
48610,94,99,-5,5
48611,47,57,-10,10
48612,58,82,-24,24
48613,61,65,-4,4
48614,82,91,-9,9
48615,53,64,-11,11
48616,53,61,-8,8
48617,77,85,-8,8
48618,88,98,-10,10
48619,74,77,-3,3
48620,74,68,6,6
48621,150,138,12,12
48622,135,143,-8,8
48623,176,206,-30,30
48624,53,63,-10,10
48625,140,142,-2,2
48626,106,120,-14,14
48627,189,159,30,30
48628,104,118,-14,14
48629,71,91,-20,20
48630,66,63,3,3
48631,82,91,-9,9
48632,111,141,-30,30
48633,114,99,15,15
48634,140,136,4,4
48635,95,106,-11,11
48636,152,128,24,24
48637,101,117,-16,16
48638,67,72,-5,5
48639,47,52,-5,5
48640,73,75,-2,2
48641,84,99,-15,15
48642,92,86,6,6
48643,157,167,-10,10
48644,128,131,-3,3
48645,96,103,-7,7
48646,91,86,5,5
48647,92,91,1,1
48648,132,120,12,12
48649,170,166,4,4
48650,103,85,18,18
48651,46,57,-11,11
48652,123,117,6,6
48653,91,83,8,8
48654,111,121,-10,10
48655,144,146,-2,2
48656,73,81,-8,8
48657,116,101,15,15
48658,137,122,15,15
48659,131,115,16,16
48660,37,52,-15,15
48661,84,94,-10,10
48662,91,83,8,8
48663,175,178,-3,3
48664,137,146,-9,9
48665,91,89,2,2
48666,41,62,-21,21
48667,88,76,12,12
48668,86,77,9,9
48669,67,71,-4,4
48670,181,166,15,15
48671,108,109,-1,1
48672,51,43,8,8
48673,145,142,3,3
48674,87,85,2,2
48675,42,51,-9,9
48676,92,88,4,4
48677,196,179,17,17
48678,43,46,-3,3
48679,108,108,0,0
48680,131,114,17,17
48681,105,112,-7,7
48682,77,79,-2,2
48683,80,80,0,0
48684,144,141,3,3
48685,120,138,-18,18
48686,70,74,-4,4
48687,62,62,0,0
48688,40,67,-27,27
48689,80,74,6,6
48690,93,86,7,7
48691,41,54,-13,13
48692,90,96,-6,6
48693,82,77,5,5
48694,85,84,1,1
48695,103,92,11,11
48696,119,109,10,10
48697,65,74,-9,9
48698,85,81,4,4
48699,114,99,15,15
48700,95,94,1,1
48701,39,47,-8,8
48702,89,85,4,4
48703,116,125,-9,9
48704,133,139,-6,6
48705,76,74,2,2
48706,146,152,-6,6
48707,55,58,-3,3
48708,170,158,12,12
48709,76,78,-2,2
48710,89,96,-7,7
48711,76,96,-20,20
48712,107,104,3,3
48713,69,68,1,1
48714,94,104,-10,10
48715,106,104,2,2
48716,91,76,15,15
48717,158,167,-9,9
48718,110,106,4,4
48719,69,76,-7,7
48720,90,81,9,9
48721,99,84,15,15
48722,74,79,-5,5
48723,94,95,-1,1
48724,70,70,0,0
48725,81,85,-4,4
48726,136,149,-13,13
48727,89,92,-3,3
48728,113,114,-1,1
48729,110,101,9,9
48730,137,145,-8,8
48731,100,94,6,6
48732,114,111,3,3
48733,122,118,4,4
48734,27,54,-27,27
48735,105,113,-8,8
48736,65,68,-3,3
48737,120,129,-9,9
48738,68,72,-4,4
48739,158,149,9,9
48740,76,82,-6,6
48741,123,110,13,13
48742,71,73,-2,2
48743,86,86,0,0
48744,68,82,-14,14
48745,118,114,4,4
48746,36,37,-1,1
48747,26,30,-4,4
48748,55,57,-2,2
48749,87,64,23,23
48750,117,110,7,7
48751,36,39,-3,3
48752,112,108,4,4
48753,73,64,9,9
48754,93,95,-2,2
48755,122,109,13,13
48756,117,108,9,9
48757,116,127,-11,11
48758,95,86,9,9
48759,51,52,-1,1
48760,81,82,-1,1
48761,88,67,21,21
48762,62,64,-2,2
48763,84,64,20,20
48764,69,66,3,3
48765,62,75,-13,13
48766,101,102,-1,1
48767,112,111,1,1
48768,182,150,32,32
48769,51,59,-8,8
48770,89,92,-3,3
48771,123,119,4,4
48772,91,89,2,2
48773,67,76,-9,9
48774,150,133,17,17
48775,61,58,3,3
48776,107,100,7,7
48777,53,63,-10,10
48778,79,81,-2,2
48779,143,161,-18,18
48780,115,112,3,3
48781,66,82,-16,16
48782,104,103,1,1
48783,154,158,-4,4
48784,96,92,4,4
48785,165,170,-5,5
48786,124,121,3,3
48787,108,101,7,7
48788,106,116,-10,10
48789,124,118,6,6
48790,91,104,-13,13
48791,98,124,-26,26
48792,74,86,-12,12
48793,146,148,-2,2
48794,136,138,-2,2
48795,96,113,-17,17
48796,117,111,6,6
48797,113,109,4,4
48798,118,114,4,4
48799,151,153,-2,2
48800,157,149,8,8
48801,98,85,13,13
48802,136,129,7,7
48803,119,130,-11,11
48804,66,66,0,0
48805,144,140,4,4
48806,118,122,-4,4
48807,186,224,-38,38
48808,91,92,-1,1
48809,99,103,-4,4
48810,78,79,-1,1
48811,81,90,-9,9
48812,77,78,-1,1
48813,51,54,-3,3
48814,81,77,4,4
48815,110,106,4,4
48816,83,83,0,0
48817,75,85,-10,10
48818,73,69,4,4
48819,113,104,9,9
48820,84,80,4,4
48821,94,86,8,8
48822,77,88,-11,11
48823,101,100,1,1
48824,100,96,4,4
48825,68,80,-12,12
48826,65,82,-17,17
48827,159,158,1,1
48828,66,89,-23,23
48829,149,126,23,23
48830,81,100,-19,19
48831,56,56,0,0
48832,149,164,-15,15
48833,56,52,4,4
48834,110,108,2,2
48835,61,73,-12,12
48836,57,48,9,9
48837,107,108,-1,1
48838,58,61,-3,3
48839,106,106,0,0
48840,145,135,10,10
48841,70,71,-1,1
48842,115,120,-5,5
48843,106,93,13,13
48844,144,129,15,15
48845,129,113,16,16
48846,127,146,-19,19
48847,223,198,25,25
48848,147,151,-4,4
48849,95,88,7,7
48850,34,36,-2,2
48851,66,67,-1,1
48852,88,86,2,2
48853,91,84,7,7
48854,90,85,5,5
48855,131,129,2,2
48856,61,72,-11,11
48857,66,63,3,3
48858,125,126,-1,1
48859,69,64,5,5
48860,73,75,-2,2
48861,87,83,4,4
48862,89,87,2,2
48863,69,80,-11,11
48864,114,118,-4,4
48865,64,72,-8,8
48866,146,138,8,8
48867,93,103,-10,10
48868,54,60,-6,6
48869,171,180,-9,9
48870,63,68,-5,5
48871,70,92,-22,22
48872,61,69,-8,8
48873,75,78,-3,3
48874,158,144,14,14
48875,65,84,-19,19
48876,93,99,-6,6
48877,97,85,12,12
48878,126,104,22,22
48879,122,121,1,1
48880,128,147,-19,19
48881,109,114,-5,5
48882,90,92,-2,2
48883,167,166,1,1
48884,79,70,9,9
48885,56,60,-4,4
48886,117,112,5,5
48887,80,78,2,2
48888,48,49,-1,1
48889,72,90,-18,18
48890,69,71,-2,2
48891,105,85,20,20
48892,103,99,4,4
48893,94,98,-4,4
48894,91,88,3,3
48895,117,115,2,2
48896,168,237,-69,69
48897,60,59,1,1
48898,93,99,-6,6
48899,110,110,0,0
48900,61,58,3,3
48901,133,133,0,0
48902,124,116,8,8
48903,131,132,-1,1
48904,81,85,-4,4
48905,78,71,7,7
48906,117,107,10,10
48907,116,114,2,2
48908,75,81,-6,6
48909,50,58,-8,8
48910,76,69,7,7
48911,120,114,6,6
48912,96,95,1,1
48913,99,123,-24,24
48914,163,157,6,6
48915,136,118,18,18
48916,150,130,20,20
48917,87,104,-17,17
48918,116,118,-2,2
48919,127,135,-8,8
48920,73,76,-3,3
48921,110,113,-3,3
48922,65,64,1,1
48923,74,77,-3,3
48924,98,101,-3,3
48925,74,73,1,1
48926,105,107,-2,2
48927,92,89,3,3
48928,80,87,-7,7
48929,111,110,1,1
48930,93,91,2,2
48931,69,62,7,7
48932,76,80,-4,4
48933,59,55,4,4
48934,127,130,-3,3
48935,45,49,-4,4
48936,100,77,23,23
48937,111,111,0,0
48938,165,233,-68,68
48939,161,175,-14,14
48940,108,105,3,3
48941,85,90,-5,5
48942,131,129,2,2
48943,28,39,-11,11
48944,92,92,0,0
48945,55,63,-8,8
48946,134,127,7,7
48947,112,97,15,15
48948,123,107,16,16
48949,137,138,-1,1
48950,72,78,-6,6
48951,116,102,14,14
48952,136,137,-1,1
48953,122,116,6,6
48954,120,128,-8,8
48955,85,77,8,8
48956,98,103,-5,5
48957,108,122,-14,14
48958,95,95,0,0
48959,71,72,-1,1
48960,160,160,0,0
48961,112,120,-8,8
48962,98,107,-9,9
48963,72,71,1,1
48964,102,104,-2,2
48965,95,85,10,10
48966,130,116,14,14
48967,96,92,4,4
48968,123,127,-4,4
48969,100,112,-12,12
48970,172,167,5,5
48971,55,46,9,9
48972,60,74,-14,14
48973,101,104,-3,3
48974,90,104,-14,14
48975,76,86,-10,10
48976,80,82,-2,2
48977,100,116,-16,16
48978,61,66,-5,5
48979,75,79,-4,4
48980,81,106,-25,25
48981,121,118,3,3
48982,81,82,-1,1
48983,139,135,4,4
48984,86,62,24,24
48985,94,107,-13,13
48986,121,111,10,10
48987,83,83,0,0
48988,127,148,-21,21
48989,49,67,-18,18
48990,83,99,-16,16
48991,76,68,8,8
48992,113,117,-4,4
48993,73,69,4,4
48994,85,91,-6,6
48995,97,99,-2,2
48996,82,80,2,2
48997,103,108,-5,5
48998,68,71,-3,3
48999,65,70,-5,5
49000,46,57,-11,11
49001,108,94,14,14
49002,96,111,-15,15
49003,133,134,-1,1
49004,97,104,-7,7
49005,62,57,5,5
49006,95,95,0,0
49007,132,114,18,18
49008,164,151,13,13
49009,62,60,2,2
49010,81,72,9,9
49011,91,87,4,4
49012,73,85,-12,12
49013,73,78,-5,5
49014,105,121,-16,16
49015,75,71,4,4
49016,73,70,3,3
49017,94,94,0,0
49018,112,118,-6,6
49019,107,88,19,19
49020,79,69,10,10
49021,128,130,-2,2
49022,100,90,10,10
49023,68,74,-6,6
49024,84,73,11,11
49025,115,156,-41,41
49026,68,76,-8,8
49027,50,50,0,0
49028,80,82,-2,2
49029,71,71,0,0
49030,115,115,0,0
49031,103,114,-11,11
49032,112,108,4,4
49033,95,89,6,6
49034,132,132,0,0
49035,108,117,-9,9
49036,89,96,-7,7
49037,96,89,7,7
49038,110,110,0,0
49039,103,209,-106,106
49040,113,92,21,21
49041,72,76,-4,4
49042,85,93,-8,8
49043,106,113,-7,7
49044,101,96,5,5
49045,117,133,-16,16
49046,67,75,-8,8
49047,82,74,8,8
49048,61,65,-4,4
49049,64,59,5,5
49050,86,94,-8,8
49051,89,93,-4,4
49052,49,50,-1,1
49053,136,117,19,19
49054,137,141,-4,4
49055,79,67,12,12
49056,127,112,15,15
49057,130,119,11,11
49058,119,142,-23,23
49059,83,73,10,10
49060,98,96,2,2
49061,124,112,12,12
49062,72,85,-13,13
49063,114,127,-13,13
49064,144,131,13,13
49065,117,115,2,2
49066,68,72,-4,4
49067,41,48,-7,7
49068,88,94,-6,6
49069,156,161,-5,5
49070,85,80,5,5
49071,99,102,-3,3
49072,71,77,-6,6
49073,152,142,10,10
49074,86,79,7,7
49075,95,85,10,10
49076,100,95,5,5
49077,99,106,-7,7
49078,137,156,-19,19
49079,78,75,3,3
49080,142,132,10,10
49081,80,87,-7,7
49082,70,72,-2,2
49083,112,104,8,8
49084,116,121,-5,5
49085,76,84,-8,8
49086,128,121,7,7
49087,101,102,-1,1
49088,111,113,-2,2
49089,71,74,-3,3
49090,129,118,11,11
49091,170,162,8,8
49092,136,119,17,17
49093,105,95,10,10
49094,117,116,1,1
49095,102,97,5,5
49096,77,81,-4,4
49097,103,115,-12,12
49098,53,54,-1,1
49099,94,105,-11,11
49100,73,79,-6,6
49101,65,67,-2,2
49102,107,133,-26,26
49103,78,92,-14,14
49104,83,87,-4,4
49105,117,120,-3,3
49106,33,38,-5,5
49107,97,99,-2,2
49108,119,114,5,5
49109,74,72,2,2
49110,96,104,-8,8
49111,113,117,-4,4
49112,68,81,-13,13
49113,78,77,1,1
49114,123,106,17,17
49115,121,132,-11,11
49116,74,74,0,0
49117,100,99,1,1
49118,71,65,6,6
49119,46,45,1,1
49120,90,91,-1,1
49121,63,73,-10,10
49122,94,107,-13,13
49123,83,84,-1,1
49124,86,87,-1,1
49125,116,127,-11,11
49126,107,108,-1,1
49127,111,124,-13,13
49128,211,249,-38,38
49129,71,65,6,6
49130,57,73,-16,16
49131,135,139,-4,4
49132,111,105,6,6
49133,97,83,14,14
49134,139,137,2,2
49135,96,97,-1,1
49136,91,86,5,5
49137,131,118,13,13
49138,134,123,11,11
49139,81,85,-4,4
49140,123,116,7,7
49141,122,132,-10,10
49142,149,146,3,3
49143,122,116,6,6
49144,114,108,6,6
49145,112,96,16,16
49146,110,102,8,8
49147,111,117,-6,6
49148,50,56,-6,6
49149,52,51,1,1
49150,119,132,-13,13
49151,67,82,-15,15
49152,135,139,-4,4
49153,81,68,13,13
49154,122,110,12,12
49155,130,133,-3,3
49156,60,63,-3,3
49157,108,116,-8,8
49158,97,96,1,1
49159,50,60,-10,10
49160,77,72,5,5
49161,106,95,11,11
49162,100,102,-2,2
49163,70,76,-6,6
49164,99,100,-1,1
49165,108,99,9,9
49166,138,123,15,15
49167,132,128,4,4
49168,73,74,-1,1
49169,73,85,-12,12
49170,111,101,10,10
49171,101,96,5,5
49172,123,119,4,4
49173,80,151,-71,71
49174,56,57,-1,1
49175,101,95,6,6
49176,119,125,-6,6
49177,125,134,-9,9
49178,107,114,-7,7
49179,141,138,3,3
49180,110,123,-13,13
49181,91,81,10,10
49182,67,68,-1,1
49183,91,101,-10,10
49184,62,67,-5,5
49185,66,64,2,2
49186,51,75,-24,24
49187,26,27,-1,1
49188,112,108,4,4
49189,85,79,6,6
49190,173,160,13,13
49191,65,56,9,9
49192,71,80,-9,9
49193,48,37,11,11
49194,113,117,-4,4
49195,111,115,-4,4
49196,76,81,-5,5
49197,72,75,-3,3
49198,104,95,9,9
49199,113,112,1,1
49200,80,84,-4,4
49201,129,131,-2,2
49202,80,74,6,6
49203,99,98,1,1
49204,98,109,-11,11
49205,186,174,12,12
49206,84,92,-8,8
49207,46,51,-5,5
49208,81,93,-12,12
49209,62,61,1,1
49210,85,80,5,5
49211,63,75,-12,12
49212,114,124,-10,10
49213,91,91,0,0
49214,100,117,-17,17
49215,53,54,-1,1
49216,127,111,16,16
49217,93,85,8,8
49218,59,62,-3,3
49219,52,45,7,7
49220,100,113,-13,13
49221,73,77,-4,4
49222,110,115,-5,5
49223,88,71,17,17
49224,87,86,1,1
49225,53,53,0,0
49226,96,91,5,5
49227,70,82,-12,12
49228,80,94,-14,14
49229,80,85,-5,5
49230,78,82,-4,4
49231,45,48,-3,3
49232,97,100,-3,3
49233,172,161,11,11
49234,92,89,3,3
49235,72,74,-2,2
49236,125,132,-7,7
49237,72,79,-7,7
49238,156,152,4,4
49239,61,67,-6,6
49240,118,120,-2,2
49241,89,113,-24,24
49242,126,113,13,13
49243,121,114,7,7
49244,63,71,-8,8
49245,96,99,-3,3
49246,123,120,3,3
49247,80,86,-6,6
49248,120,119,1,1
49249,75,77,-2,2
49250,128,131,-3,3
49251,166,140,26,26
49252,129,128,1,1
49253,74,80,-6,6
49254,70,80,-10,10
49255,75,78,-3,3
49256,115,97,18,18
49257,109,105,4,4
49258,86,87,-1,1
49259,90,100,-10,10
49260,95,91,4,4
49261,102,111,-9,9
49262,178,173,5,5
49263,140,134,6,6
49264,148,136,12,12
49265,75,73,2,2
49266,94,82,12,12
49267,83,95,-12,12
49268,184,168,16,16
49269,98,92,6,6
49270,36,48,-12,12
49271,68,70,-2,2
49272,88,99,-11,11
49273,71,65,6,6
49274,80,77,3,3
49275,81,88,-7,7
49276,98,103,-5,5
49277,99,85,14,14
49278,41,53,-12,12
49279,51,55,-4,4
49280,161,155,6,6
49281,76,82,-6,6
49282,103,111,-8,8
49283,86,79,7,7
49284,111,106,5,5
49285,132,123,9,9
49286,91,86,5,5
49287,114,102,12,12
49288,106,98,8,8
49289,140,132,8,8
49290,54,53,1,1
49291,231,206,25,25
49292,74,82,-8,8
49293,59,58,1,1
49294,149,140,9,9
49295,98,89,9,9
49296,96,95,1,1
49297,98,100,-2,2
49298,29,37,-8,8
49299,80,70,10,10
49300,115,108,7,7
49301,75,71,4,4
49302,93,84,9,9
49303,86,85,1,1
49304,67,64,3,3
49305,56,60,-4,4
49306,120,112,8,8
49307,188,176,12,12
49308,31,46,-15,15
49309,51,59,-8,8
49310,55,65,-10,10
49311,81,82,-1,1
49312,75,83,-8,8
49313,63,69,-6,6
49314,85,86,-1,1
49315,32,33,-1,1
49316,83,101,-18,18
49317,86,87,-1,1
49318,122,110,12,12
49319,46,49,-3,3
49320,122,112,10,10
49321,101,108,-7,7
49322,55,72,-17,17
49323,80,112,-32,32
49324,106,110,-4,4
49325,79,87,-8,8
49326,143,155,-12,12
49327,124,125,-1,1
49328,128,132,-4,4
49329,88,94,-6,6
49330,98,101,-3,3
49331,207,187,20,20
49332,133,127,6,6
49333,46,48,-2,2
49334,115,129,-14,14
49335,75,63,12,12
49336,93,88,5,5
49337,99,96,3,3
49338,107,105,2,2
49339,99,97,2,2
49340,78,79,-1,1
49341,104,95,9,9
49342,112,122,-10,10
49343,75,81,-6,6
49344,84,85,-1,1
49345,87,95,-8,8
49346,83,84,-1,1
49347,151,145,6,6
49348,23,48,-25,25
49349,168,162,6,6
49350,62,62,0,0
49351,65,82,-17,17
49352,68,69,-1,1
49353,110,115,-5,5
49354,159,142,17,17
49355,44,57,-13,13
49356,144,135,9,9
49357,71,71,0,0
49358,71,72,-1,1
49359,131,121,10,10
49360,148,114,34,34
49361,116,113,3,3
49362,117,104,13,13
49363,116,139,-23,23
49364,95,83,12,12
49365,59,60,-1,1
49366,41,57,-16,16
49367,80,96,-16,16
49368,66,72,-6,6
49369,98,93,5,5
49370,186,171,15,15
49371,109,97,12,12
49372,97,118,-21,21
49373,74,74,0,0
49374,113,118,-5,5
49375,61,61,0,0
49376,108,110,-2,2
49377,123,117,6,6
49378,78,84,-6,6
49379,57,66,-9,9
49380,42,46,-4,4
49381,118,128,-10,10
49382,59,61,-2,2
49383,96,104,-8,8
49384,69,77,-8,8
49385,94,83,11,11
49386,84,97,-13,13
49387,182,187,-5,5
49388,44,51,-7,7
49389,74,84,-10,10
49390,84,66,18,18
49391,173,156,17,17
49392,73,77,-4,4
49393,67,71,-4,4
49394,84,85,-1,1
49395,106,103,3,3
49396,80,82,-2,2
49397,79,95,-16,16
49398,61,63,-2,2
49399,73,82,-9,9
49400,50,48,2,2
49401,94,88,6,6
49402,86,94,-8,8
49403,71,62,9,9
49404,60,72,-12,12
49405,126,125,1,1
49406,60,68,-8,8
49407,65,57,8,8
49408,83,86,-3,3
49409,47,56,-9,9
49410,234,206,28,28
49411,101,89,12,12
49412,111,103,8,8
49413,65,60,5,5
49414,50,66,-16,16
49415,63,72,-9,9
49416,121,135,-14,14
49417,63,50,13,13
49418,105,100,5,5
49419,51,64,-13,13
49420,85,77,8,8
49421,154,134,20,20
49422,130,123,7,7
49423,95,94,1,1
49424,55,71,-16,16
49425,95,102,-7,7
49426,154,142,12,12
49427,109,102,7,7
49428,57,64,-7,7
49429,109,107,2,2
49430,125,112,13,13
49431,85,82,3,3
49432,76,67,9,9
49433,66,81,-15,15
49434,89,84,5,5
49435,64,65,-1,1
49436,46,48,-2,2
49437,79,78,1,1
49438,114,106,8,8
49439,73,72,1,1
49440,130,131,-1,1
49441,78,74,4,4
49442,62,64,-2,2
49443,49,52,-3,3
49444,65,77,-12,12
49445,66,70,-4,4
49446,72,75,-3,3
49447,81,84,-3,3
49448,131,125,6,6
49449,113,105,8,8
49450,103,92,11,11
49451,60,59,1,1
49452,61,60,1,1
49453,62,69,-7,7
49454,79,77,2,2
49455,111,123,-12,12
49456,108,108,0,0
49457,124,102,22,22
49458,93,113,-20,20
49459,121,117,4,4
49460,49,64,-15,15
49461,72,80,-8,8
49462,86,80,6,6
49463,64,67,-3,3
49464,95,88,7,7
49465,108,118,-10,10
49466,148,143,5,5
49467,71,67,4,4
49468,85,100,-15,15
49469,72,89,-17,17
49470,107,111,-4,4
49471,121,108,13,13
49472,119,75,44,44
49473,81,105,-24,24
49474,94,95,-1,1
49475,147,127,20,20
49476,101,106,-5,5
49477,106,117,-11,11
49478,59,67,-8,8
49479,70,66,4,4
49480,52,57,-5,5
49481,89,80,9,9
49482,128,124,4,4
49483,111,111,0,0
49484,146,143,3,3
49485,49,55,-6,6
49486,110,113,-3,3
49487,119,137,-18,18
49488,96,96,0,0
49489,119,117,2,2
49490,140,125,15,15
49491,124,127,-3,3
49492,90,84,6,6
49493,68,63,5,5
49494,92,99,-7,7
49495,163,144,19,19
49496,77,70,7,7
49497,103,100,3,3
49498,126,109,17,17
49499,70,78,-8,8
49500,127,118,9,9
49501,76,78,-2,2
49502,138,133,5,5
49503,88,96,-8,8
49504,58,78,-20,20
49505,68,70,-2,2
49506,146,151,-5,5
49507,139,137,2,2
49508,71,75,-4,4
49509,143,138,5,5
49510,123,99,24,24
49511,55,69,-14,14
49512,93,98,-5,5
49513,74,73,1,1
49514,122,121,1,1
49515,79,78,1,1
49516,75,71,4,4
49517,72,74,-2,2
49518,122,120,2,2
49519,82,83,-1,1
49520,66,71,-5,5
49521,67,67,0,0
49522,62,67,-5,5
49523,108,111,-3,3
49524,82,87,-5,5
49525,93,103,-10,10
49526,57,62,-5,5
49527,73,77,-4,4
49528,116,100,16,16
49529,97,92,5,5
49530,107,104,3,3
49531,69,64,5,5
49532,118,121,-3,3
49533,112,120,-8,8
49534,75,84,-9,9
49535,128,142,-14,14
49536,96,96,0,0
49537,81,91,-10,10
49538,149,134,15,15
49539,65,78,-13,13
49540,28,65,-37,37
49541,92,95,-3,3
49542,82,81,1,1
49543,65,79,-14,14
49544,130,124,6,6
49545,85,89,-4,4
49546,105,112,-7,7
49547,119,114,5,5
49548,124,114,10,10
49549,89,86,3,3
49550,52,56,-4,4
49551,95,92,3,3
49552,111,134,-23,23
49553,110,96,14,14
49554,104,102,2,2
49555,107,109,-2,2
49556,79,76,3,3
49557,98,85,13,13
49558,113,113,0,0
49559,59,64,-5,5
49560,86,74,12,12
49561,40,52,-12,12
49562,59,55,4,4
49563,108,108,0,0
49564,49,51,-2,2
49565,86,77,9,9
49566,84,83,1,1
49567,93,90,3,3
49568,74,75,-1,1
49569,73,71,2,2
49570,89,95,-6,6
49571,83,88,-5,5
49572,94,106,-12,12
49573,103,95,8,8
49574,117,133,-16,16
49575,162,147,15,15
49576,72,84,-12,12
49577,107,119,-12,12
49578,122,121,1,1
49579,108,116,-8,8
49580,96,82,14,14
49581,98,104,-6,6
49582,111,116,-5,5
49583,51,54,-3,3
49584,70,77,-7,7
49585,64,63,1,1
49586,47,46,1,1
49587,45,50,-5,5
49588,69,86,-17,17
49589,91,89,2,2
49590,77,70,7,7
49591,83,85,-2,2
49592,73,65,8,8
49593,70,77,-7,7
49594,228,190,38,38
49595,50,52,-2,2
49596,69,73,-4,4
49597,88,90,-2,2
49598,76,89,-13,13
49599,80,72,8,8
49600,73,70,3,3
49601,86,87,-1,1
49602,103,134,-31,31
49603,135,121,14,14
49604,75,89,-14,14
49605,78,83,-5,5
49606,114,103,11,11
49607,112,137,-25,25
49608,66,69,-3,3
49609,94,86,8,8
49610,86,74,12,12
49611,86,80,6,6
49612,115,128,-13,13
49613,81,73,8,8
49614,96,110,-14,14
49615,100,78,22,22
49616,137,135,2,2
49617,71,68,3,3
49618,77,82,-5,5
49619,102,96,6,6
49620,83,91,-8,8
49621,87,100,-13,13
49622,123,102,21,21
49623,65,84,-19,19
49624,59,63,-4,4
49625,98,97,1,1
49626,127,142,-15,15
49627,141,133,8,8
49628,55,65,-10,10
49629,63,68,-5,5
49630,102,93,9,9
49631,63,74,-11,11
49632,108,105,3,3
49633,105,106,-1,1
49634,57,52,5,5
49635,64,54,10,10
49636,83,81,2,2
49637,97,103,-6,6
49638,97,100,-3,3
49639,84,97,-13,13
49640,117,124,-7,7
49641,99,99,0,0
49642,106,108,-2,2
49643,101,82,19,19
49644,91,81,10,10
49645,131,121,10,10
49646,162,154,8,8
49647,81,81,0,0
49648,56,56,0,0
49649,120,102,18,18
49650,103,92,11,11
49651,43,55,-12,12
49652,59,62,-3,3
49653,90,76,14,14
49654,116,111,5,5
49655,55,52,3,3
49656,97,92,5,5
49657,99,90,9,9
49658,52,60,-8,8
49659,32,47,-15,15
49660,91,99,-8,8
49661,92,81,11,11
49662,52,60,-8,8
49663,159,139,20,20
49664,144,123,21,21
49665,115,114,1,1
49666,44,48,-4,4
49667,114,126,-12,12
49668,183,164,19,19
49669,94,91,3,3
49670,82,90,-8,8
49671,85,73,12,12
49672,71,70,1,1
49673,151,136,15,15
49674,98,97,1,1
49675,116,114,2,2
49676,108,106,2,2
49677,85,86,-1,1
49678,96,127,-31,31
49679,94,102,-8,8
49680,59,62,-3,3
49681,81,86,-5,5
49682,125,127,-2,2
49683,64,72,-8,8
49684,106,102,4,4
49685,89,102,-13,13
49686,91,81,10,10
49687,72,64,8,8
49688,69,80,-11,11
49689,94,74,20,20
49690,133,124,9,9
49691,115,108,7,7
49692,92,93,-1,1
49693,171,140,31,31
49694,108,100,8,8
49695,102,82,20,20
49696,133,139,-6,6
49697,89,74,15,15
49698,93,93,0,0
49699,39,59,-20,20
49700,119,109,10,10
49701,116,115,1,1
49702,71,66,5,5
49703,121,124,-3,3
49704,109,114,-5,5
49705,121,107,14,14
49706,87,87,0,0
49707,73,85,-12,12
49708,103,89,14,14
49709,50,54,-4,4
49710,53,55,-2,2
49711,94,99,-5,5
49712,143,142,1,1
49713,68,68,0,0
49714,148,135,13,13
49715,54,47,7,7
49716,121,110,11,11
49717,116,133,-17,17
49718,91,106,-15,15
49719,74,68,6,6
49720,68,75,-7,7
49721,129,133,-4,4
49722,69,70,-1,1
49723,43,57,-14,14
49724,125,113,12,12
49725,101,112,-11,11
49726,188,163,25,25
49727,135,129,6,6
49728,57,58,-1,1
49729,96,100,-4,4
49730,68,61,7,7
49731,154,148,6,6
49732,101,105,-4,4
49733,48,53,-5,5
49734,62,69,-7,7
49735,182,173,9,9
49736,83,73,10,10
49737,52,61,-9,9
49738,97,75,22,22
49739,108,133,-25,25
49740,90,103,-13,13
49741,88,94,-6,6
49742,109,110,-1,1
49743,84,102,-18,18
49744,93,102,-9,9
49745,87,86,1,1
49746,75,75,0,0
49747,77,88,-11,11
49748,159,133,26,26
49749,56,59,-3,3
49750,135,118,17,17
49751,42,46,-4,4
49752,42,43,-1,1
49753,82,96,-14,14
49754,106,96,10,10
49755,98,108,-10,10
49756,59,65,-6,6
49757,158,130,28,28
49758,109,112,-3,3
49759,93,92,1,1
49760,174,167,7,7
49761,91,84,7,7
49762,138,119,19,19
49763,104,97,7,7
49764,92,94,-2,2
49765,67,74,-7,7
49766,87,92,-5,5
49767,135,117,18,18
49768,102,98,4,4
49769,164,146,18,18
49770,67,71,-4,4
49771,106,89,17,17
49772,88,98,-10,10
49773,109,106,3,3
49774,97,91,6,6
49775,49,59,-10,10
49776,124,120,4,4
49777,64,57,7,7
49778,160,145,15,15
49779,108,109,-1,1
49780,71,65,6,6
49781,108,104,4,4
49782,87,86,1,1
49783,181,166,15,15
49784,100,88,12,12
49785,52,46,6,6
49786,128,126,2,2
49787,84,87,-3,3
49788,123,108,15,15
49789,131,131,0,0
49790,113,127,-14,14
49791,127,125,2,2
49792,85,84,1,1
49793,71,72,-1,1
49794,108,108,0,0
49795,74,77,-3,3
49796,160,155,5,5
49797,72,76,-4,4
49798,75,74,1,1
49799,122,119,3,3
49800,85,87,-2,2
49801,74,78,-4,4
49802,44,80,-36,36
49803,110,126,-16,16
49804,64,72,-8,8
49805,40,52,-12,12
49806,124,120,4,4
49807,88,80,8,8
49808,123,127,-4,4
49809,122,128,-6,6
49810,122,125,-3,3
49811,104,104,0,0
49812,100,104,-4,4
49813,83,79,4,4
49814,50,61,-11,11
49815,93,93,0,0
49816,91,87,4,4
49817,78,83,-5,5
49818,121,121,0,0
49819,90,93,-3,3
49820,53,58,-5,5
49821,112,114,-2,2
49822,82,81,1,1
49823,167,153,14,14
49824,97,93,4,4
49825,63,61,2,2
49826,112,105,7,7
49827,102,80,22,22
49828,78,86,-8,8
49829,124,120,4,4
49830,60,58,2,2
49831,59,54,5,5
49832,55,67,-12,12
49833,154,146,8,8
49834,86,87,-1,1
49835,102,90,12,12
49836,70,73,-3,3
49837,47,72,-25,25
49838,79,66,13,13
49839,62,71,-9,9
49840,114,150,-36,36
49841,117,113,4,4
49842,60,75,-15,15
49843,86,81,5,5
49844,152,148,4,4
49845,168,160,8,8
49846,124,138,-14,14
49847,60,55,5,5
49848,125,105,20,20
49849,62,68,-6,6
49850,88,97,-9,9
49851,66,64,2,2
49852,175,155,20,20
49853,88,90,-2,2
49854,45,57,-12,12
49855,74,75,-1,1
49856,135,124,11,11
49857,106,108,-2,2
49858,130,106,24,24
49859,79,81,-2,2
49860,81,84,-3,3
49861,65,73,-8,8
49862,107,95,12,12
49863,97,89,8,8
49864,76,90,-14,14
49865,116,108,8,8
49866,59,59,0,0
49867,54,65,-11,11
49868,98,94,4,4
49869,128,141,-13,13
49870,106,112,-6,6
49871,78,85,-7,7
49872,131,127,4,4
49873,69,66,3,3
49874,153,155,-2,2
49875,71,76,-5,5
49876,67,67,0,0
49877,107,101,6,6
49878,75,97,-22,22
49879,87,93,-6,6
49880,94,79,15,15
49881,90,93,-3,3
49882,74,68,6,6
49883,135,131,4,4
49884,134,137,-3,3
49885,151,126,25,25
49886,92,101,-9,9
49887,92,99,-7,7
49888,80,91,-11,11
49889,91,90,1,1
49890,89,91,-2,2
49891,86,83,3,3
49892,76,81,-5,5
49893,107,111,-4,4
49894,140,127,13,13
49895,85,100,-15,15
49896,85,82,3,3
49897,69,54,15,15
49898,96,97,-1,1
49899,62,57,5,5
49900,79,71,8,8
49901,138,113,25,25
49902,115,108,7,7
49903,106,96,10,10
49904,93,89,4,4
49905,122,119,3,3
49906,106,98,8,8
49907,90,86,4,4
49908,88,81,7,7
49909,72,68,4,4
49910,84,87,-3,3
49911,138,146,-8,8
49912,92,98,-6,6
49913,95,96,-1,1
49914,86,77,9,9
49915,73,68,5,5
49916,70,76,-6,6
49917,61,68,-7,7
49918,161,149,12,12
49919,89,77,12,12
49920,130,129,1,1
49921,99,62,37,37
49922,79,77,2,2
49923,47,55,-8,8
49924,75,86,-11,11
49925,69,71,-2,2
49926,78,79,-1,1
49927,45,42,3,3
49928,67,81,-14,14
49929,99,93,6,6
49930,92,111,-19,19
49931,116,117,-1,1
49932,132,122,10,10
49933,88,84,4,4
49934,94,101,-7,7
49935,112,124,-12,12
49936,40,47,-7,7
49937,58,63,-5,5
49938,88,78,10,10
49939,85,83,2,2
49940,86,55,31,31
49941,145,146,-1,1
49942,105,94,11,11
49943,99,93,6,6
49944,62,67,-5,5
49945,95,91,4,4
49946,90,82,8,8
49947,57,57,0,0
49948,104,84,20,20
49949,70,66,4,4
49950,103,90,13,13
49951,102,92,10,10
49952,56,67,-11,11
49953,67,68,-1,1
49954,65,67,-2,2
49955,65,74,-9,9
49956,100,150,-50,50
49957,77,93,-16,16
49958,140,130,10,10
49959,86,79,7,7
49960,123,112,11,11
49961,33,83,-50,50
49962,102,104,-2,2
49963,116,109,7,7
49964,63,66,-3,3
49965,79,85,-6,6
49966,160,156,4,4
49967,60,69,-9,9
49968,65,63,2,2
49969,84,91,-7,7
49970,67,68,-1,1
49971,90,86,4,4
49972,70,80,-10,10
49973,68,69,-1,1
49974,104,114,-10,10
49975,87,85,2,2
49976,124,109,15,15
49977,128,125,3,3
49978,166,162,4,4
49979,72,74,-2,2
49980,54,52,2,2
49981,111,107,4,4
49982,93,82,11,11
49983,107,100,7,7
49984,137,129,8,8
49985,89,81,8,8
49986,68,61,7,7
49987,52,53,-1,1
49988,75,77,-2,2
49989,79,69,10,10
49990,48,60,-12,12
49991,75,77,-2,2
49992,85,86,-1,1
49993,78,83,-5,5
49994,101,100,1,1
49995,173,146,27,27
49996,90,89,1,1
49997,55,60,-5,5
49998,98,103,-5,5
49999,131,119,12,12
50000,149,139,10,10
50001,90,92,-2,2
50002,51,55,-4,4
50003,68,70,-2,2
50004,111,106,5,5
50005,77,88,-11,11
50006,150,140,10,10
50007,123,114,9,9
50008,42,60,-18,18
50009,111,110,1,1
50010,73,77,-4,4
50011,77,84,-7,7
50012,74,90,-16,16
50013,145,152,-7,7
50014,77,80,-3,3
50015,102,108,-6,6
50016,79,80,-1,1
50017,65,66,-1,1
50018,64,72,-8,8
50019,54,60,-6,6
50020,127,116,11,11
50021,126,126,0,0
50022,83,95,-12,12
50023,108,101,7,7
50024,103,96,7,7
50025,132,133,-1,1
50026,141,126,15,15
50027,132,135,-3,3
50028,71,72,-1,1
50029,111,116,-5,5
50030,133,130,3,3
50031,102,96,6,6
50032,57,69,-12,12
50033,92,105,-13,13
50034,120,111,9,9
50035,85,90,-5,5
50036,86,89,-3,3
50037,79,77,2,2
50038,69,80,-11,11
50039,63,46,17,17
50040,118,117,1,1
50041,132,140,-8,8
50042,72,77,-5,5
50043,98,106,-8,8
50044,110,111,-1,1
50045,105,117,-12,12
50046,67,71,-4,4
50047,92,94,-2,2
50048,118,128,-10,10
50049,134,115,19,19
50050,70,72,-2,2
50051,129,122,7,7
50052,67,63,4,4
50053,36,36,0,0
50054,137,140,-3,3
50055,40,58,-18,18
50056,89,88,1,1
50057,89,85,4,4
50058,83,95,-12,12
50059,70,89,-19,19
50060,125,128,-3,3
50061,113,106,7,7
50062,64,61,3,3
50063,101,94,7,7
50064,92,100,-8,8
50065,118,110,8,8
50066,70,69,1,1
50067,87,122,-35,35
50068,112,109,3,3
50069,195,204,-9,9
50070,122,120,2,2
50071,59,53,6,6
50072,155,136,19,19
50073,131,127,4,4
50074,143,120,23,23
50075,117,103,14,14
50076,120,108,12,12
50077,113,111,2,2
50078,102,98,4,4
50079,131,111,20,20
50080,105,98,7,7
50081,87,90,-3,3
50082,66,71,-5,5
50083,122,133,-11,11
50084,116,100,16,16
50085,104,101,3,3
50086,51,53,-2,2
50087,90,90,0,0
50088,87,96,-9,9
50089,93,105,-12,12
50090,61,69,-8,8
50091,106,110,-4,4
50092,47,57,-10,10
50093,80,80,0,0
50094,74,50,24,24
50095,50,48,2,2
50096,167,155,12,12
50097,56,52,4,4
50098,110,120,-10,10
50099,160,146,14,14
50100,105,114,-9,9
50101,63,61,2,2
50102,97,99,-2,2
50103,98,103,-5,5
50104,108,108,0,0
50105,105,102,3,3
50106,119,109,10,10
50107,144,131,13,13
50108,65,67,-2,2
50109,112,108,4,4
50110,113,105,8,8
50111,98,108,-10,10
50112,83,83,0,0
50113,170,156,14,14
50114,88,97,-9,9
50115,109,97,12,12
50116,92,87,5,5
50117,121,114,7,7
50118,58,66,-8,8
50119,96,131,-35,35
50120,108,100,8,8
50121,150,142,8,8
50122,78,77,1,1
50123,43,56,-13,13
50124,49,60,-11,11
50125,173,154,19,19
50126,100,101,-1,1
50127,104,105,-1,1
50128,76,89,-13,13
50129,108,118,-10,10
50130,148,139,9,9
50131,74,69,5,5
50132,72,64,8,8
50133,78,72,6,6
50134,108,110,-2,2
50135,92,93,-1,1
50136,94,103,-9,9
50137,104,111,-7,7
50138,102,102,0,0
50139,70,73,-3,3
50140,88,85,3,3
50141,104,108,-4,4
50142,115,99,16,16
50143,87,79,8,8
50144,110,110,0,0
50145,70,77,-7,7
50146,78,78,0,0
50147,80,75,5,5
50148,56,56,0,0
50149,125,132,-7,7
50150,79,78,1,1
50151,90,77,13,13
50152,134,131,3,3
50153,123,126,-3,3
50154,116,106,10,10
50155,79,84,-5,5
50156,100,115,-15,15
50157,55,65,-10,10
50158,86,87,-1,1
50159,125,135,-10,10
50160,68,67,1,1
50161,73,83,-10,10
50162,103,92,11,11
50163,172,167,5,5
50164,18,29,-11,11
50165,80,86,-6,6
50166,64,67,-3,3
50167,90,85,5,5
50168,100,108,-8,8
50169,52,67,-15,15
50170,199,184,15,15
50171,90,96,-6,6
50172,80,103,-23,23
50173,138,140,-2,2
50174,64,69,-5,5
50175,101,92,9,9
50176,116,108,8,8
50177,134,117,17,17
50178,113,113,0,0
50179,84,85,-1,1
50180,55,66,-11,11
50181,194,185,9,9
50182,81,92,-11,11
50183,100,96,4,4
50184,97,91,6,6
50185,64,68,-4,4
50186,55,60,-5,5
50187,68,72,-4,4
50188,103,99,4,4
50189,102,89,13,13
50190,68,78,-10,10
50191,95,94,1,1
50192,74,76,-2,2
50193,77,60,17,17
50194,97,104,-7,7
50195,77,76,1,1
50196,124,127,-3,3
50197,62,68,-6,6
50198,78,81,-3,3
50199,149,140,9,9
50200,53,64,-11,11
50201,80,78,2,2
50202,82,84,-2,2
50203,69,75,-6,6
50204,80,87,-7,7
50205,45,48,-3,3
50206,66,67,-1,1
50207,46,70,-24,24
50208,82,93,-11,11
50209,45,45,0,0
50210,105,91,14,14
50211,109,99,10,10
50212,89,89,0,0
50213,69,71,-2,2
50214,132,115,17,17
50215,106,108,-2,2
50216,132,121,11,11
50217,141,129,12,12
50218,282,229,53,53
50219,151,153,-2,2
50220,93,102,-9,9
50221,129,138,-9,9
50222,82,90,-8,8
50223,72,94,-22,22
50224,86,79,7,7
50225,42,29,13,13
50226,85,80,5,5
50227,105,95,10,10
50228,110,109,1,1
50229,50,64,-14,14
50230,88,107,-19,19
50231,98,87,11,11
50232,85,72,13,13
50233,122,122,0,0
50234,122,131,-9,9
50235,124,110,14,14
50236,77,78,-1,1
50237,117,111,6,6
50238,98,114,-16,16
50239,90,78,12,12
50240,129,121,8,8
50241,88,101,-13,13
50242,73,89,-16,16
50243,77,89,-12,12
50244,139,141,-2,2
50245,96,88,8,8
50246,102,96,6,6
50247,87,89,-2,2
50248,70,75,-5,5
50249,159,144,15,15
50250,60,62,-2,2
50251,69,65,4,4
50252,113,114,-1,1
50253,156,141,15,15
50254,118,107,11,11
50255,53,57,-4,4
50256,104,115,-11,11
50257,83,72,11,11
50258,67,53,14,14
50259,95,110,-15,15
50260,103,110,-7,7
50261,132,141,-9,9
50262,115,111,4,4
50263,89,93,-4,4
50264,107,98,9,9
50265,99,103,-4,4
50266,97,101,-4,4
50267,54,62,-8,8
50268,101,108,-7,7
50269,97,84,13,13
50270,81,89,-8,8
50271,150,160,-10,10
50272,76,104,-28,28
50273,87,91,-4,4
50274,101,120,-19,19
50275,51,52,-1,1
50276,99,92,7,7
50277,76,66,10,10
50278,170,155,15,15
50279,129,111,18,18
50280,73,79,-6,6
50281,172,167,5,5
50282,142,141,1,1
50283,104,100,4,4
50284,125,125,0,0
50285,51,55,-4,4
50286,127,118,9,9
50287,150,141,9,9
50288,71,77,-6,6
50289,129,134,-5,5
50290,92,106,-14,14
50291,83,77,6,6
50292,82,82,0,0
50293,143,151,-8,8
50294,105,98,7,7
50295,60,57,3,3
50296,79,82,-3,3
50297,26,46,-20,20
50298,131,114,17,17
50299,90,82,8,8
50300,72,75,-3,3
50301,62,68,-6,6
50302,76,74,2,2
50303,138,139,-1,1
50304,81,84,-3,3
50305,108,100,8,8
50306,88,97,-9,9
50307,115,126,-11,11
50308,123,123,0,0
50309,89,100,-11,11
50310,123,118,5,5
50311,104,97,7,7
50312,67,62,5,5
50313,82,93,-11,11
50314,68,68,0,0
50315,72,76,-4,4
50316,92,85,7,7
50317,60,63,-3,3
50318,76,93,-17,17
50319,91,88,3,3
50320,95,84,11,11
50321,101,109,-8,8
50322,96,96,0,0
50323,122,114,8,8
50324,139,140,-1,1
50325,141,112,29,29
50326,89,100,-11,11
50327,103,115,-12,12
50328,51,77,-26,26
50329,75,85,-10,10
50330,107,124,-17,17
50331,64,66,-2,2
50332,54,57,-3,3
50333,90,83,7,7
50334,75,79,-4,4
50335,136,121,15,15
50336,99,111,-12,12
50337,128,143,-15,15
50338,125,118,7,7
50339,131,118,13,13
50340,61,56,5,5
50341,60,62,-2,2
50342,70,87,-17,17
50343,136,138,-2,2
50344,91,78,13,13
50345,74,69,5,5
50346,63,63,0,0
50347,113,104,9,9
50348,78,62,16,16
50349,208,218,-10,10
50350,153,148,5,5
50351,154,155,-1,1
50352,92,85,7,7
50353,61,64,-3,3
50354,88,95,-7,7
50355,53,64,-11,11
50356,60,61,-1,1
50357,101,92,9,9
50358,108,109,-1,1
50359,70,73,-3,3
50360,73,70,3,3
50361,86,86,0,0
50362,63,67,-4,4
50363,105,111,-6,6
50364,72,68,4,4
50365,145,134,11,11
50366,71,67,4,4
50367,148,137,11,11
50368,68,80,-12,12
50369,158,141,17,17
50370,176,164,12,12
50371,98,74,24,24
50372,151,138,13,13
50373,72,89,-17,17
50374,48,58,-10,10
50375,77,73,4,4
50376,65,68,-3,3
50377,107,107,0,0
50378,93,83,10,10
50379,103,115,-12,12
50380,95,96,-1,1
50381,45,50,-5,5
50382,148,138,10,10
50383,130,133,-3,3
50384,123,122,1,1
50385,91,96,-5,5
50386,127,147,-20,20
50387,66,66,0,0
50388,71,79,-8,8
50389,133,120,13,13
50390,111,116,-5,5
50391,92,98,-6,6
50392,72,75,-3,3
50393,70,86,-16,16
50394,158,149,9,9
50395,56,52,4,4
50396,63,71,-8,8
50397,73,74,-1,1
50398,170,142,28,28
50399,118,136,-18,18
50400,83,104,-21,21
50401,59,66,-7,7
50402,95,84,11,11
50403,79,70,9,9
50404,79,74,5,5
50405,103,118,-15,15
50406,127,129,-2,2
50407,93,94,-1,1
50408,82,79,3,3
50409,48,56,-8,8
50410,90,93,-3,3
50411,76,72,4,4
50412,91,101,-10,10
50413,43,49,-6,6
50414,66,74,-8,8
50415,55,61,-6,6
50416,93,98,-5,5
50417,102,92,10,10
50418,56,60,-4,4
50419,91,94,-3,3
50420,126,131,-5,5
50421,78,91,-13,13
50422,81,79,2,2
50423,103,108,-5,5
50424,114,108,6,6
50425,103,93,10,10
50426,137,149,-12,12
50427,111,105,6,6
50428,71,86,-15,15
50429,99,86,13,13
50430,118,116,2,2
50431,145,134,11,11
50432,83,74,9,9
50433,59,53,6,6
50434,79,78,1,1
50435,60,63,-3,3
50436,59,52,7,7
50437,109,112,-3,3
50438,74,82,-8,8
50439,125,127,-2,2
50440,112,108,4,4
50441,74,79,-5,5
50442,149,146,3,3
50443,79,76,3,3
50444,76,76,0,0
50445,124,116,8,8
50446,62,72,-10,10
50447,59,73,-14,14
50448,190,180,10,10
50449,62,72,-10,10
50450,105,123,-18,18
50451,97,78,19,19
50452,128,118,10,10
50453,113,116,-3,3
50454,98,93,5,5
50455,37,51,-14,14
50456,136,143,-7,7
50457,79,92,-13,13
50458,47,57,-10,10
50459,98,90,8,8
50460,101,102,-1,1
50461,87,86,1,1
50462,49,61,-12,12
50463,88,78,10,10
50464,92,86,6,6
50465,128,131,-3,3
50466,111,106,5,5
50467,106,107,-1,1
50468,57,56,1,1
50469,95,103,-8,8
50470,60,67,-7,7
50471,131,118,13,13
50472,88,83,5,5
50473,83,95,-12,12
50474,109,106,3,3
50475,114,113,1,1
50476,84,87,-3,3
50477,85,84,1,1
50478,86,79,7,7
50479,76,77,-1,1
50480,112,102,10,10
50481,106,115,-9,9
50482,56,51,5,5
50483,120,127,-7,7
50484,53,58,-5,5
50485,32,53,-21,21
50486,184,196,-12,12
50487,82,77,5,5
50488,66,66,0,0
50489,67,83,-16,16
50490,123,127,-4,4
50491,123,119,4,4
50492,146,126,20,20
50493,74,73,1,1
50494,113,118,-5,5
50495,102,109,-7,7
50496,143,130,13,13
50497,88,90,-2,2
50498,136,128,8,8
50499,149,151,-2,2
50500,165,160,5,5
50501,59,63,-4,4
50502,87,92,-5,5
50503,85,94,-9,9
50504,54,58,-4,4
50505,48,44,4,4
50506,73,73,0,0
50507,74,68,6,6
50508,125,133,-8,8
50509,71,66,5,5
50510,36,50,-14,14
50511,127,109,18,18
50512,71,74,-3,3
50513,92,91,1,1
50514,55,57,-2,2
50515,62,57,5,5
50516,76,72,4,4
50517,64,70,-6,6
50518,129,132,-3,3
50519,147,150,-3,3
50520,69,64,5,5
50521,76,69,7,7
50522,86,87,-1,1
50523,66,57,9,9
50524,76,68,8,8
50525,74,80,-6,6
50526,54,56,-2,2
50527,109,113,-4,4
50528,141,140,1,1
50529,55,65,-10,10
50530,121,119,2,2
50531,79,85,-6,6
50532,80,77,3,3
50533,156,172,-16,16
50534,44,57,-13,13
50535,114,104,10,10
50536,105,99,6,6
50537,73,80,-7,7
50538,84,81,3,3
50539,176,162,14,14
50540,62,66,-4,4
50541,121,110,11,11
50542,114,116,-2,2
50543,87,97,-10,10
50544,77,84,-7,7
50545,64,66,-2,2
50546,165,159,6,6
50547,139,151,-12,12
50548,121,119,2,2
50549,97,98,-1,1
50550,193,167,26,26
50551,125,138,-13,13
50552,76,125,-49,49
50553,54,49,5,5
50554,134,136,-2,2
50555,72,81,-9,9
50556,96,94,2,2
50557,37,41,-4,4
50558,125,109,16,16
50559,87,78,9,9
50560,33,39,-6,6
50561,71,71,0,0
50562,53,56,-3,3
50563,59,64,-5,5
50564,110,92,18,18
50565,82,87,-5,5
50566,110,100,10,10
50567,64,65,-1,1
50568,65,69,-4,4
50569,134,125,9,9
50570,58,81,-23,23
50571,90,89,1,1
50572,79,103,-24,24
50573,66,83,-17,17
50574,88,96,-8,8
50575,89,121,-32,32
50576,124,117,7,7
50577,111,111,0,0
50578,144,130,14,14
50579,131,133,-2,2
50580,133,132,1,1
50581,104,106,-2,2
50582,63,65,-2,2
50583,72,74,-2,2
50584,76,74,2,2
50585,59,62,-3,3
50586,110,100,10,10
50587,69,75,-6,6
50588,112,106,6,6
50589,41,61,-20,20
50590,135,128,7,7
50591,101,128,-27,27
50592,86,83,3,3
50593,116,127,-11,11
50594,88,85,3,3
50595,74,91,-17,17
50596,41,53,-12,12
50597,91,99,-8,8
50598,164,145,19,19
50599,58,64,-6,6
50600,203,219,-16,16
50601,84,93,-9,9
50602,91,79,12,12
50603,98,105,-7,7
50604,123,128,-5,5
50605,63,51,12,12
50606,88,81,7,7
50607,92,105,-13,13
50608,117,119,-2,2
50609,72,70,2,2
50610,69,72,-3,3
50611,77,83,-6,6
50612,77,76,1,1
50613,73,70,3,3
50614,94,88,6,6
50615,118,107,11,11
50616,98,101,-3,3
50617,82,94,-12,12
50618,137,130,7,7
50619,84,97,-13,13
50620,113,106,7,7
50621,145,125,20,20
50622,67,77,-10,10
50623,101,105,-4,4
50624,37,64,-27,27
50625,49,56,-7,7
50626,63,61,2,2
50627,76,79,-3,3
50628,216,190,26,26
50629,138,141,-3,3
50630,96,103,-7,7
50631,76,83,-7,7
50632,66,64,2,2
50633,55,56,-1,1
50634,92,95,-3,3
50635,83,124,-41,41
50636,107,119,-12,12
50637,124,120,4,4
50638,78,70,8,8
50639,149,148,1,1
50640,154,150,4,4
50641,67,63,4,4
50642,82,88,-6,6
50643,99,104,-5,5
50644,107,111,-4,4
50645,156,147,9,9
50646,174,203,-29,29
50647,103,107,-4,4
50648,116,108,8,8
50649,44,40,4,4
50650,108,104,4,4
50651,94,112,-18,18
50652,63,67,-4,4
50653,95,103,-8,8
50654,57,57,0,0
50655,72,65,7,7
50656,72,79,-7,7
50657,101,103,-2,2
50658,94,117,-23,23
50659,86,75,11,11
50660,157,149,8,8
50661,56,74,-18,18
50662,77,86,-9,9
50663,76,84,-8,8
50664,164,161,3,3
50665,68,84,-16,16
50666,65,77,-12,12
50667,124,118,6,6
50668,62,62,0,0
50669,138,126,12,12
50670,146,145,1,1
50671,135,161,-26,26
50672,124,110,14,14
50673,105,103,2,2
50674,71,64,7,7
50675,84,76,8,8
50676,84,71,13,13
50677,70,65,5,5
50678,112,97,15,15
50679,127,126,1,1
50680,51,154,-103,103
50681,104,104,0,0
50682,96,95,1,1
50683,97,88,9,9
50684,72,80,-8,8
50685,117,115,2,2
50686,115,129,-14,14
50687,76,76,0,0
50688,98,104,-6,6
50689,70,78,-8,8
50690,97,93,4,4
50691,131,153,-22,22
50692,50,57,-7,7
50693,68,69,-1,1
50694,64,69,-5,5
50695,103,112,-9,9
50696,48,55,-7,7
50697,106,98,8,8
50698,80,78,2,2
50699,131,133,-2,2
50700,59,63,-4,4
50701,196,192,4,4
50702,143,141,2,2
50703,74,71,3,3
50704,69,76,-7,7
50705,70,71,-1,1
50706,114,104,10,10
50707,70,68,2,2
50708,42,48,-6,6
50709,112,124,-12,12
50710,79,91,-12,12
50711,159,148,11,11
50712,121,112,9,9
50713,69,77,-8,8
50714,93,97,-4,4
50715,90,94,-4,4
50716,91,95,-4,4
50717,65,73,-8,8
50718,136,142,-6,6
50719,65,69,-4,4
50720,51,65,-14,14
50721,131,123,8,8
50722,81,84,-3,3
50723,60,119,-59,59
50724,99,97,2,2
50725,37,68,-31,31
50726,131,115,16,16
50727,164,148,16,16
50728,63,72,-9,9
50729,208,193,15,15
50730,40,62,-22,22
50731,94,97,-3,3
50732,114,128,-14,14
50733,72,75,-3,3
50734,83,71,12,12
50735,65,74,-9,9
50736,124,120,4,4
50737,45,57,-12,12
50738,78,86,-8,8
50739,139,131,8,8
50740,63,68,-5,5
50741,88,93,-5,5
50742,81,82,-1,1
50743,79,74,5,5
50744,106,95,11,11
50745,129,137,-8,8
50746,107,110,-3,3
50747,67,80,-13,13
50748,119,117,2,2
50749,96,99,-3,3
50750,96,86,10,10
50751,64,72,-8,8
50752,110,114,-4,4
50753,122,126,-4,4
50754,159,156,3,3
50755,84,87,-3,3
50756,78,81,-3,3
50757,186,201,-15,15
50758,77,89,-12,12
50759,95,89,6,6
50760,78,81,-3,3
50761,84,116,-32,32
50762,115,117,-2,2
50763,104,100,4,4
50764,84,77,7,7
50765,94,87,7,7
50766,103,97,6,6
50767,120,118,2,2
50768,80,85,-5,5
50769,63,52,11,11
50770,113,112,1,1
50771,82,91,-9,9
50772,111,108,3,3
50773,103,104,-1,1
50774,122,115,7,7
50775,81,78,3,3
50776,141,149,-8,8
50777,122,128,-6,6
50778,136,122,14,14
50779,67,70,-3,3
50780,91,106,-15,15
50781,86,81,5,5
50782,97,92,5,5
50783,42,58,-16,16
50784,63,73,-10,10
50785,118,118,0,0
50786,81,90,-9,9
50787,62,60,2,2
50788,55,56,-1,1
50789,89,91,-2,2
50790,71,75,-4,4
50791,57,69,-12,12
50792,83,88,-5,5
50793,153,153,0,0
50794,106,104,2,2
50795,122,112,10,10
50796,76,76,0,0
50797,90,104,-14,14
50798,70,86,-16,16
50799,33,39,-6,6
50800,83,77,6,6
50801,50,46,4,4
50802,118,103,15,15
50803,115,111,4,4
50804,45,51,-6,6
50805,58,56,2,2
50806,38,55,-17,17
50807,97,113,-16,16
50808,39,49,-10,10
50809,28,45,-17,17
50810,117,122,-5,5
50811,115,116,-1,1
50812,121,118,3,3
50813,105,113,-8,8
50814,88,78,10,10
50815,64,74,-10,10
50816,85,85,0,0
50817,103,97,6,6
50818,76,74,2,2
50819,60,76,-16,16
50820,73,78,-5,5
50821,70,69,1,1
50822,54,59,-5,5
50823,83,92,-9,9
50824,77,80,-3,3
50825,58,63,-5,5
50826,105,91,14,14
50827,145,135,10,10
50828,119,105,14,14
50829,100,95,5,5
50830,84,86,-2,2
50831,88,84,4,4
50832,90,81,9,9
50833,65,75,-10,10
50834,131,127,4,4
50835,76,85,-9,9
50836,166,169,-3,3
50837,52,57,-5,5
50838,156,158,-2,2
50839,139,145,-6,6
50840,80,67,13,13
50841,73,81,-8,8
50842,94,99,-5,5
50843,83,86,-3,3
50844,108,102,6,6
50845,71,58,13,13
50846,98,109,-11,11
50847,94,95,-1,1
50848,99,102,-3,3
50849,29,31,-2,2
50850,85,78,7,7
50851,92,91,1,1
50852,96,88,8,8
50853,107,104,3,3
50854,31,57,-26,26
50855,80,67,13,13
50856,86,86,0,0
50857,147,136,11,11
50858,113,119,-6,6
50859,58,59,-1,1
50860,69,83,-14,14
50861,81,86,-5,5
50862,105,101,4,4
50863,146,125,21,21
50864,126,117,9,9
50865,72,74,-2,2
50866,110,103,7,7
50867,140,149,-9,9
50868,93,86,7,7
50869,88,85,3,3
50870,84,101,-17,17
50871,57,53,4,4
50872,78,70,8,8
50873,76,72,4,4
50874,143,126,17,17
50875,108,141,-33,33
50876,45,61,-16,16
50877,87,93,-6,6
50878,77,64,13,13
50879,96,121,-25,25
50880,84,83,1,1
50881,60,61,-1,1
50882,74,85,-11,11
50883,83,79,4,4
50884,69,71,-2,2
50885,58,53,5,5
50886,73,72,1,1
50887,81,91,-10,10
50888,106,103,3,3
50889,140,152,-12,12
50890,75,79,-4,4
50891,102,121,-19,19
50892,137,120,17,17
50893,63,83,-20,20
50894,80,83,-3,3
50895,65,69,-4,4
50896,151,146,5,5
50897,138,147,-9,9
50898,104,98,6,6
50899,142,137,5,5
50900,77,90,-13,13
50901,102,119,-17,17
50902,83,90,-7,7
50903,74,82,-8,8
50904,113,113,0,0
50905,115,121,-6,6
50906,86,98,-12,12
50907,66,67,-1,1
50908,123,107,16,16
50909,173,164,9,9
50910,138,135,3,3
50911,121,124,-3,3
50912,187,178,9,9
50913,103,87,16,16
50914,93,155,-62,62
50915,134,125,9,9
50916,84,82,2,2
50917,140,124,16,16
50918,139,130,9,9
50919,112,113,-1,1
50920,81,77,4,4
50921,48,55,-7,7
50922,111,108,3,3
50923,133,124,9,9
50924,158,142,16,16
50925,47,50,-3,3
50926,115,122,-7,7
50927,59,69,-10,10
50928,136,130,6,6
50929,86,91,-5,5
50930,89,102,-13,13
50931,104,103,1,1
50932,88,87,1,1
50933,68,69,-1,1
50934,105,93,12,12
50935,122,113,9,9
50936,93,83,10,10
50937,172,170,2,2
50938,77,89,-12,12
50939,141,137,4,4
50940,106,117,-11,11
50941,102,114,-12,12
50942,136,126,10,10
50943,83,79,4,4
50944,60,57,3,3
50945,90,110,-20,20
50946,69,72,-3,3
50947,96,98,-2,2
50948,101,108,-7,7
50949,90,80,10,10
50950,95,103,-8,8
50951,80,94,-14,14
50952,91,94,-3,3
50953,125,132,-7,7
50954,85,81,4,4
50955,129,132,-3,3
50956,117,121,-4,4
50957,77,78,-1,1
50958,82,91,-9,9
50959,135,133,2,2
50960,120,118,2,2
50961,89,77,12,12
50962,161,155,6,6
50963,70,71,-1,1
50964,60,71,-11,11
50965,172,161,11,11
50966,136,144,-8,8
50967,86,82,4,4
50968,106,113,-7,7
50969,107,107,0,0
50970,98,91,7,7
50971,120,144,-24,24
50972,158,150,8,8
50973,61,55,6,6
50974,101,93,8,8
50975,94,94,0,0
50976,60,74,-14,14
50977,68,69,-1,1
50978,99,86,13,13
50979,56,66,-10,10
50980,110,95,15,15
50981,102,104,-2,2
50982,83,84,-1,1
50983,92,94,-2,2
50984,77,68,9,9
50985,125,129,-4,4
50986,79,71,8,8
50987,67,69,-2,2
50988,113,116,-3,3
50989,122,123,-1,1
50990,131,125,6,6
50991,104,106,-2,2
50992,89,95,-6,6
50993,92,92,0,0
50994,217,184,33,33
50995,45,30,15,15
50996,69,77,-8,8
50997,112,115,-3,3
50998,146,129,17,17
50999,95,107,-12,12
51000,91,94,-3,3
51001,70,71,-1,1
51002,75,91,-16,16
51003,95,93,2,2
51004,112,106,6,6
51005,58,65,-7,7
51006,54,63,-9,9
51007,94,103,-9,9
51008,108,106,2,2
51009,89,101,-12,12
51010,90,91,-1,1
51011,129,121,8,8
51012,105,106,-1,1
51013,94,89,5,5
51014,132,152,-20,20
51015,95,134,-39,39
51016,68,59,9,9
51017,97,90,7,7
51018,128,126,2,2
51019,116,117,-1,1
51020,93,97,-4,4
51021,89,89,0,0
51022,176,183,-7,7
51023,172,170,2,2
51024,54,66,-12,12
51025,60,65,-5,5
51026,39,48,-9,9
51027,96,88,8,8
51028,60,70,-10,10
51029,52,47,5,5
51030,105,103,2,2
51031,137,138,-1,1
51032,151,143,8,8
51033,108,122,-14,14
51034,100,99,1,1
51035,68,68,0,0
51036,99,101,-2,2
51037,100,100,0,0
51038,112,106,6,6
51039,78,74,4,4
51040,110,114,-4,4
51041,70,59,11,11
51042,122,121,1,1
51043,72,81,-9,9
51044,191,172,19,19
51045,106,102,4,4
51046,102,104,-2,2
51047,130,120,10,10
51048,83,90,-7,7
51049,70,78,-8,8
51050,93,100,-7,7
51051,98,92,6,6
51052,72,78,-6,6
51053,121,112,9,9
51054,157,145,12,12
51055,72,84,-12,12
51056,88,91,-3,3
51057,109,108,1,1
51058,129,123,6,6
51059,185,166,19,19
51060,82,90,-8,8
51061,45,56,-11,11
51062,47,50,-3,3
51063,75,82,-7,7
51064,107,96,11,11
51065,73,85,-12,12
51066,90,91,-1,1
51067,69,66,3,3
51068,100,115,-15,15
51069,87,84,3,3
51070,56,56,0,0
51071,83,76,7,7
51072,140,132,8,8
51073,64,59,5,5
51074,97,89,8,8
51075,86,75,11,11
51076,129,108,21,21
51077,119,102,17,17
51078,85,83,2,2
51079,109,100,9,9
51080,92,77,15,15
51081,152,140,12,12
51082,74,84,-10,10
51083,147,272,-125,125
51084,117,117,0,0
51085,85,91,-6,6
51086,115,115,0,0
51087,96,89,7,7
51088,109,114,-5,5
51089,70,67,3,3
51090,107,111,-4,4
51091,71,82,-11,11
51092,80,84,-4,4
51093,117,113,4,4
51094,149,147,2,2
51095,74,75,-1,1
51096,100,91,9,9
51097,131,132,-1,1
51098,100,99,1,1
51099,72,73,-1,1
51100,92,96,-4,4
51101,68,76,-8,8
51102,71,79,-8,8
51103,60,66,-6,6
51104,74,77,-3,3
51105,114,108,6,6
51106,44,63,-19,19
51107,104,119,-15,15
51108,143,144,-1,1
51109,159,147,12,12
51110,76,73,3,3
51111,93,92,1,1
51112,91,104,-13,13
51113,91,93,-2,2
51114,188,164,24,24
51115,85,82,3,3
51116,58,59,-1,1
51117,115,120,-5,5
51118,51,59,-8,8
51119,49,55,-6,6
51120,108,112,-4,4
51121,92,96,-4,4
51122,102,111,-9,9
51123,113,115,-2,2
51124,100,97,3,3
51125,80,73,7,7
51126,109,110,-1,1
51127,72,69,3,3
51128,91,95,-4,4
51129,93,95,-2,2
51130,44,50,-6,6
51131,104,112,-8,8
51132,50,71,-21,21
51133,76,70,6,6
51134,53,59,-6,6
51135,119,119,0,0
51136,105,99,6,6
51137,110,122,-12,12
51138,148,152,-4,4
51139,105,93,12,12
51140,139,131,8,8
51141,97,85,12,12
51142,113,100,13,13
51143,85,86,-1,1
51144,113,99,14,14
51145,60,63,-3,3
51146,66,61,5,5
51147,115,110,5,5
51148,30,54,-24,24
51149,76,69,7,7
51150,73,79,-6,6
51151,72,79,-7,7
51152,141,129,12,12
51153,58,77,-19,19
51154,101,103,-2,2
51155,80,81,-1,1
51156,76,69,7,7
51157,118,123,-5,5
51158,97,101,-4,4
51159,96,108,-12,12
51160,40,48,-8,8
51161,157,141,16,16
51162,125,114,11,11
51163,99,89,10,10
51164,66,67,-1,1
51165,117,122,-5,5
51166,94,105,-11,11
51167,54,57,-3,3
51168,62,60,2,2
51169,74,66,8,8
51170,166,152,14,14
51171,142,143,-1,1
51172,81,98,-17,17
51173,110,118,-8,8
51174,114,104,10,10
51175,96,88,8,8
51176,54,56,-2,2
51177,97,94,3,3
51178,86,104,-18,18
51179,67,77,-10,10
51180,65,65,0,0
51181,89,99,-10,10
51182,86,91,-5,5
51183,71,73,-2,2
51184,146,145,1,1
51185,81,70,11,11
51186,108,103,5,5
51187,116,116,0,0
51188,90,92,-2,2
51189,108,97,11,11
51190,127,116,11,11
51191,60,60,0,0
51192,66,44,22,22
51193,180,210,-30,30
51194,52,58,-6,6
51195,93,98,-5,5
51196,127,120,7,7
51197,96,84,12,12
51198,110,88,22,22
51199,102,123,-21,21
51200,110,109,1,1
51201,72,63,9,9
51202,161,157,4,4
51203,89,86,3,3
51204,78,79,-1,1
51205,77,83,-6,6
51206,80,73,7,7
51207,78,86,-8,8
51208,135,123,12,12
51209,88,81,7,7
51210,102,102,0,0
51211,73,64,9,9
51212,101,105,-4,4
51213,84,96,-12,12
51214,87,86,1,1
51215,79,88,-9,9
51216,84,89,-5,5
51217,140,140,0,0
51218,106,110,-4,4
51219,75,64,11,11
51220,94,92,2,2
51221,79,85,-6,6
51222,93,90,3,3
51223,155,165,-10,10
51224,97,100,-3,3
51225,109,127,-18,18
51226,115,114,1,1
51227,126,121,5,5
51228,90,85,5,5
51229,72,83,-11,11
51230,63,60,3,3
51231,105,98,7,7
51232,68,75,-7,7
51233,143,144,-1,1
51234,116,121,-5,5
51235,121,123,-2,2
51236,130,110,20,20
51237,75,73,2,2
51238,70,88,-18,18
51239,109,92,17,17
51240,98,95,3,3
51241,106,94,12,12
51242,76,82,-6,6
51243,60,52,8,8
51244,68,82,-14,14
51245,165,144,21,21
51246,90,108,-18,18
51247,178,164,14,14
51248,79,81,-2,2
51249,72,69,3,3
51250,87,81,6,6
51251,82,86,-4,4
51252,57,61,-4,4
51253,110,105,5,5
51254,111,105,6,6
51255,70,80,-10,10
51256,112,113,-1,1
51257,52,52,0,0
51258,94,92,2,2
51259,97,101,-4,4
51260,66,72,-6,6
51261,67,73,-6,6
51262,66,73,-7,7
51263,107,110,-3,3
51264,156,211,-55,55
51265,40,90,-50,50
51266,60,64,-4,4
51267,109,125,-16,16
51268,62,70,-8,8
51269,126,116,10,10
51270,96,103,-7,7
51271,106,97,9,9
51272,109,103,6,6
51273,77,78,-1,1
51274,70,72,-2,2
51275,75,93,-18,18
51276,194,185,9,9
51277,24,53,-29,29
51278,94,93,1,1
51279,102,94,8,8
51280,126,112,14,14
51281,150,127,23,23
51282,126,131,-5,5
51283,82,103,-21,21
51284,92,104,-12,12
51285,87,73,14,14
51286,122,127,-5,5
51287,129,135,-6,6
51288,93,100,-7,7
51289,62,83,-21,21
51290,148,148,0,0
51291,73,76,-3,3
51292,114,115,-1,1
51293,82,79,3,3
51294,99,98,1,1
51295,181,170,11,11
51296,158,143,15,15
51297,100,110,-10,10
51298,143,133,10,10
51299,118,120,-2,2
51300,85,86,-1,1
51301,127,126,1,1
51302,83,91,-8,8
51303,95,96,-1,1
51304,63,57,6,6
51305,76,72,4,4
51306,111,111,0,0
51307,69,77,-8,8
51308,100,94,6,6
51309,47,50,-3,3
51310,83,93,-10,10
51311,85,85,0,0
51312,74,76,-2,2
51313,53,71,-18,18
51314,75,79,-4,4
51315,71,85,-14,14
51316,108,103,5,5
51317,71,72,-1,1
51318,121,125,-4,4
51319,100,110,-10,10
51320,113,115,-2,2
51321,86,82,4,4
51322,86,70,16,16
51323,115,115,0,0
51324,38,57,-19,19
51325,140,133,7,7
51326,119,126,-7,7
51327,104,102,2,2
51328,135,119,16,16
51329,147,125,22,22
51330,116,120,-4,4
51331,137,139,-2,2
51332,86,86,0,0
51333,96,92,4,4
51334,76,65,11,11
51335,64,64,0,0
51336,57,57,0,0
51337,90,104,-14,14
51338,56,77,-21,21
51339,84,89,-5,5
51340,109,107,2,2
51341,124,125,-1,1
51342,138,125,13,13
51343,73,75,-2,2
51344,98,96,2,2
51345,93,82,11,11
51346,51,67,-16,16
51347,54,60,-6,6
51348,62,68,-6,6
51349,126,120,6,6
51350,85,85,0,0
51351,86,70,16,16
51352,67,60,7,7
51353,80,97,-17,17
51354,55,58,-3,3
51355,115,109,6,6
51356,71,70,1,1
51357,86,80,6,6
51358,120,116,4,4
51359,94,92,2,2
51360,71,74,-3,3
51361,106,114,-8,8
51362,101,97,4,4
51363,41,47,-6,6
51364,77,71,6,6
51365,130,120,10,10
51366,154,140,14,14
51367,102,97,5,5
51368,56,62,-6,6
51369,108,106,2,2
51370,74,82,-8,8
51371,33,109,-76,76
51372,109,101,8,8
51373,113,107,6,6
51374,115,120,-5,5
51375,73,72,1,1
51376,60,76,-16,16
51377,115,106,9,9
51378,85,97,-12,12
51379,121,109,12,12
51380,128,117,11,11
51381,76,86,-10,10
51382,158,158,0,0
51383,109,100,9,9
51384,47,55,-8,8
51385,76,59,17,17
51386,75,69,6,6
51387,92,89,3,3
51388,92,93,-1,1
51389,110,92,18,18
51390,101,91,10,10
51391,95,87,8,8
51392,107,114,-7,7
51393,96,90,6,6
51394,127,125,2,2
51395,104,99,5,5
51396,84,85,-1,1
51397,44,46,-2,2
51398,112,116,-4,4
51399,94,100,-6,6
51400,65,69,-4,4
51401,67,76,-9,9
51402,106,105,1,1
51403,85,84,1,1
51404,75,90,-15,15
51405,72,66,6,6
51406,99,66,33,33
51407,63,69,-6,6
51408,157,151,6,6
51409,70,65,5,5
51410,79,85,-6,6
51411,99,94,5,5
51412,100,109,-9,9
51413,152,140,12,12
51414,111,123,-12,12
51415,73,76,-3,3
51416,117,119,-2,2
51417,74,76,-2,2
51418,84,93,-9,9
51419,117,112,5,5
51420,70,73,-3,3
51421,72,76,-4,4
51422,62,69,-7,7
51423,90,105,-15,15
51424,123,106,17,17
51425,81,86,-5,5
51426,62,74,-12,12
51427,74,79,-5,5
51428,189,174,15,15
51429,97,99,-2,2
51430,131,127,4,4
51431,66,76,-10,10
51432,131,132,-1,1
51433,101,85,16,16
51434,205,202,3,3
51435,92,96,-4,4
51436,74,83,-9,9
51437,108,98,10,10
51438,78,76,2,2
51439,69,81,-12,12
51440,92,114,-22,22
51441,76,85,-9,9
51442,83,80,3,3
51443,104,100,4,4
51444,85,76,9,9
51445,74,58,16,16
51446,134,140,-6,6
51447,119,115,4,4
51448,92,96,-4,4
51449,88,89,-1,1
51450,126,131,-5,5
51451,100,105,-5,5
51452,45,55,-10,10
51453,131,109,22,22
51454,55,54,1,1
51455,180,178,2,2
51456,133,112,21,21
51457,94,53,41,41
51458,62,84,-22,22
51459,119,119,0,0
51460,183,165,18,18
51461,88,80,8,8
51462,115,96,19,19
51463,100,91,9,9
51464,64,71,-7,7
51465,83,102,-19,19
51466,138,138,0,0
51467,62,72,-10,10
51468,193,172,21,21
51469,90,88,2,2
51470,77,91,-14,14
51471,111,113,-2,2
51472,99,93,6,6
51473,118,119,-1,1
51474,131,131,0,0
51475,71,64,7,7
51476,78,80,-2,2
51477,94,90,4,4
51478,92,88,4,4
51479,97,92,5,5
51480,89,86,3,3
51481,131,121,10,10
51482,119,98,21,21
51483,59,65,-6,6
51484,80,70,10,10
51485,116,104,12,12
51486,93,83,10,10
51487,72,80,-8,8
51488,185,161,24,24
51489,85,92,-7,7
51490,108,126,-18,18
51491,84,84,0,0
51492,100,103,-3,3
51493,109,78,31,31
51494,43,50,-7,7
51495,77,83,-6,6
51496,87,82,5,5
51497,121,116,5,5
51498,109,102,7,7
51499,83,87,-4,4
51500,108,102,6,6
51501,166,154,12,12
51502,68,66,2,2
51503,112,129,-17,17
51504,103,106,-3,3
51505,106,113,-7,7
51506,33,43,-10,10
51507,56,49,7,7
51508,72,79,-7,7
51509,136,125,11,11
51510,79,80,-1,1
51511,143,126,17,17
51512,103,96,7,7
51513,75,71,4,4
51514,73,76,-3,3
51515,68,72,-4,4
51516,68,85,-17,17
51517,102,93,9,9
51518,83,84,-1,1
51519,70,82,-12,12
51520,88,80,8,8
51521,124,117,7,7
51522,111,105,6,6
51523,103,102,1,1
51524,104,125,-21,21
51525,122,119,3,3
51526,119,117,2,2
51527,71,100,-29,29
51528,196,197,-1,1
51529,70,75,-5,5
51530,70,77,-7,7
51531,88,87,1,1
51532,122,120,2,2
51533,102,90,12,12
51534,119,110,9,9
51535,138,135,3,3
51536,165,152,13,13
51537,94,99,-5,5
51538,52,57,-5,5
51539,86,85,1,1
51540,63,68,-5,5
51541,92,85,7,7
51542,65,60,5,5
51543,47,48,-1,1
51544,62,70,-8,8
51545,79,91,-12,12
51546,166,138,28,28
51547,96,89,7,7
51548,120,134,-14,14
51549,117,114,3,3
51550,99,87,12,12
51551,124,132,-8,8
51552,138,123,15,15
51553,60,58,2,2
51554,90,87,3,3
51555,76,79,-3,3
51556,113,130,-17,17
51557,129,124,5,5
51558,80,93,-13,13
51559,99,88,11,11
51560,87,89,-2,2
51561,74,78,-4,4
51562,70,73,-3,3
51563,50,51,-1,1
51564,83,79,4,4
51565,150,140,10,10
51566,104,95,9,9
51567,107,105,2,2
51568,101,95,6,6
51569,153,153,0,0
51570,81,85,-4,4
51571,58,74,-16,16
51572,104,99,5,5
51573,64,65,-1,1
51574,58,61,-3,3
51575,137,134,3,3
51576,132,112,20,20
51577,110,112,-2,2
51578,120,125,-5,5
51579,92,98,-6,6
51580,83,121,-38,38
51581,41,53,-12,12
51582,194,243,-49,49
51583,79,75,4,4
51584,65,78,-13,13
51585,126,127,-1,1
51586,125,137,-12,12
51587,148,133,15,15
51588,63,64,-1,1
51589,82,84,-2,2
51590,127,116,11,11
51591,141,123,18,18
51592,98,105,-7,7
51593,140,144,-4,4
51594,92,87,5,5
51595,78,91,-13,13
51596,72,69,3,3
51597,133,117,16,16
51598,82,87,-5,5
51599,53,57,-4,4
51600,68,67,1,1
51601,135,142,-7,7
51602,76,100,-24,24
51603,84,72,12,12
51604,109,102,7,7
51605,115,119,-4,4
51606,32,37,-5,5
51607,202,181,21,21
51608,64,63,1,1
51609,69,66,3,3
51610,61,58,3,3
51611,81,75,6,6
51612,81,90,-9,9
51613,103,99,4,4
51614,73,66,7,7
51615,103,116,-13,13
51616,153,152,1,1
51617,78,82,-4,4
51618,100,89,11,11
51619,136,154,-18,18
51620,58,60,-2,2
51621,75,86,-11,11
51622,130,118,12,12
51623,127,109,18,18
51624,51,75,-24,24
51625,87,75,12,12
51626,99,112,-13,13
51627,121,113,8,8
51628,83,94,-11,11
51629,65,66,-1,1
51630,86,84,2,2
51631,129,125,4,4
51632,77,87,-10,10
51633,63,71,-8,8
51634,70,72,-2,2
51635,75,75,0,0
51636,75,86,-11,11
51637,132,129,3,3
51638,157,147,10,10
51639,130,122,8,8
51640,80,88,-8,8
51641,97,100,-3,3
51642,68,73,-5,5
51643,98,101,-3,3
51644,81,87,-6,6
51645,51,53,-2,2
51646,84,83,1,1
51647,79,88,-9,9
51648,151,152,-1,1
51649,82,82,0,0
51650,127,113,14,14
51651,63,65,-2,2
51652,97,90,7,7
51653,121,112,9,9
51654,157,149,8,8
51655,101,104,-3,3
51656,160,160,0,0
51657,92,86,6,6
51658,107,114,-7,7
51659,108,97,11,11
51660,119,106,13,13
51661,61,64,-3,3
51662,112,106,6,6
51663,71,69,2,2
51664,99,103,-4,4
51665,68,73,-5,5
51666,116,119,-3,3
51667,64,81,-17,17
51668,124,132,-8,8
51669,139,133,6,6
51670,80,76,4,4
51671,157,146,11,11
51672,101,98,3,3
51673,114,109,5,5
51674,126,127,-1,1
51675,148,157,-9,9
51676,77,83,-6,6
51677,187,187,0,0
51678,139,139,0,0
51679,164,153,11,11
51680,98,104,-6,6
51681,86,97,-11,11
51682,61,63,-2,2
51683,143,152,-9,9
51684,57,59,-2,2
51685,52,66,-14,14
51686,92,106,-14,14
51687,108,100,8,8
51688,156,139,17,17
51689,159,144,15,15
51690,157,133,24,24
51691,102,100,2,2
51692,138,121,17,17
51693,78,84,-6,6
51694,83,74,9,9
51695,108,85,23,23
51696,60,55,5,5
51697,142,121,21,21
51698,55,58,-3,3
51699,65,61,4,4
51700,125,121,4,4
51701,90,93,-3,3
51702,74,74,0,0
51703,156,147,9,9
51704,76,81,-5,5
51705,94,100,-6,6
51706,84,80,4,4
51707,84,81,3,3
51708,68,80,-12,12
51709,144,131,13,13
51710,74,74,0,0
51711,104,111,-7,7
51712,98,76,22,22
51713,92,89,3,3
51714,106,112,-6,6
51715,94,89,5,5
51716,91,95,-4,4
51717,61,54,7,7
51718,77,77,0,0
51719,71,72,-1,1
51720,98,100,-2,2
51721,73,73,0,0
51722,103,109,-6,6
51723,124,119,5,5
51724,135,163,-28,28
51725,118,120,-2,2
51726,96,102,-6,6
51727,54,59,-5,5
51728,112,99,13,13
51729,72,82,-10,10
51730,70,74,-4,4
51731,85,88,-3,3
51732,51,48,3,3
51733,106,111,-5,5
51734,113,111,2,2
51735,76,75,1,1
51736,63,61,2,2
51737,140,126,14,14
51738,103,91,12,12
51739,163,161,2,2
51740,126,130,-4,4
51741,92,120,-28,28
51742,40,49,-9,9
51743,33,39,-6,6
51744,99,94,5,5
51745,113,96,17,17
51746,59,63,-4,4
51747,88,108,-20,20
51748,58,61,-3,3
51749,98,100,-2,2
51750,135,127,8,8
51751,92,92,0,0
51752,101,103,-2,2
51753,116,115,1,1
51754,171,163,8,8
51755,98,96,2,2
51756,99,93,6,6
51757,77,84,-7,7
51758,99,97,2,2
51759,61,60,1,1
51760,124,107,17,17
51761,36,32,4,4
51762,124,106,18,18
51763,89,100,-11,11
51764,144,156,-12,12
51765,113,105,8,8
51766,157,147,10,10
51767,95,90,5,5
51768,101,105,-4,4
51769,76,90,-14,14
51770,65,79,-14,14
51771,222,178,44,44
51772,123,117,6,6
51773,71,89,-18,18
51774,102,92,10,10
51775,96,97,-1,1
51776,105,106,-1,1
51777,81,85,-4,4
51778,122,132,-10,10
51779,64,69,-5,5
51780,43,92,-49,49
51781,114,103,11,11
51782,62,61,1,1
51783,104,105,-1,1
51784,175,181,-6,6
51785,98,108,-10,10
51786,87,87,0,0
51787,144,133,11,11
51788,76,92,-16,16
51789,125,129,-4,4
51790,70,74,-4,4
51791,86,93,-7,7
51792,140,110,30,30
51793,44,56,-12,12
51794,101,104,-3,3
51795,68,74,-6,6
51796,155,179,-24,24
51797,125,123,2,2
51798,49,53,-4,4
51799,140,138,2,2
51800,105,99,6,6
51801,192,188,4,4
51802,89,93,-4,4
51803,140,142,-2,2
51804,140,129,11,11
51805,112,115,-3,3
51806,136,117,19,19
51807,76,85,-9,9
51808,64,80,-16,16
51809,64,75,-11,11
51810,83,85,-2,2
51811,72,63,9,9
51812,145,133,12,12
51813,113,102,11,11
51814,114,106,8,8
51815,154,136,18,18
51816,67,66,1,1
51817,197,182,15,15
51818,61,65,-4,4
51819,99,99,0,0
51820,91,89,2,2
51821,181,163,18,18
51822,45,48,-3,3
51823,55,64,-9,9
51824,183,235,-52,52
51825,106,107,-1,1
51826,57,97,-40,40
51827,133,121,12,12
51828,36,66,-30,30
51829,98,105,-7,7
51830,54,47,7,7
51831,140,136,4,4
51832,114,115,-1,1
51833,99,102,-3,3
51834,69,72,-3,3
51835,144,132,12,12
51836,112,119,-7,7
51837,101,93,8,8
51838,88,80,8,8
51839,88,85,3,3
51840,94,72,22,22
51841,67,67,0,0
51842,46,52,-6,6
51843,72,70,2,2
51844,80,75,5,5
51845,75,74,1,1
51846,94,89,5,5
51847,117,123,-6,6
51848,67,66,1,1
51849,71,79,-8,8
51850,67,78,-11,11
51851,68,59,9,9
51852,91,87,4,4
51853,71,80,-9,9
51854,114,113,1,1
51855,93,95,-2,2
51856,73,84,-11,11
51857,164,149,15,15
51858,132,120,12,12
51859,66,61,5,5
51860,153,143,10,10
51861,108,111,-3,3
51862,110,119,-9,9
51863,156,146,10,10
51864,162,153,9,9
51865,150,143,7,7
51866,125,117,8,8
51867,61,78,-17,17
51868,95,92,3,3
51869,152,131,21,21
51870,125,130,-5,5
51871,119,106,13,13
51872,166,190,-24,24
51873,120,107,13,13
51874,58,61,-3,3
51875,45,38,7,7
51876,117,134,-17,17
51877,65,63,2,2
51878,105,112,-7,7
51879,70,59,11,11
51880,78,75,3,3
51881,91,85,6,6
51882,78,71,7,7
51883,116,132,-16,16
51884,132,108,24,24
51885,143,127,16,16
51886,117,120,-3,3
51887,147,159,-12,12
51888,63,61,2,2
51889,80,91,-11,11
51890,98,95,3,3
51891,51,57,-6,6
51892,51,54,-3,3
51893,73,74,-1,1
51894,95,90,5,5
51895,100,94,6,6
51896,74,88,-14,14
51897,110,94,16,16
51898,78,74,4,4
51899,54,75,-21,21
51900,115,104,11,11
51901,139,132,7,7
51902,73,75,-2,2
51903,67,68,-1,1
51904,76,74,2,2
51905,108,109,-1,1
51906,104,102,2,2
51907,130,127,3,3
51908,116,116,0,0
51909,57,65,-8,8
51910,102,100,2,2
51911,108,106,2,2
51912,95,83,12,12
51913,40,53,-13,13
51914,76,82,-6,6
51915,71,70,1,1
51916,137,135,2,2
51917,118,105,13,13
51918,129,130,-1,1
51919,67,71,-4,4
51920,72,74,-2,2
51921,111,120,-9,9
51922,95,97,-2,2
51923,130,136,-6,6
51924,116,132,-16,16
51925,68,72,-4,4
51926,103,97,6,6
51927,95,92,3,3
51928,117,116,1,1
51929,62,68,-6,6
51930,75,80,-5,5
51931,56,61,-5,5
51932,120,107,13,13
51933,113,107,6,6
51934,85,80,5,5
51935,71,95,-24,24
51936,130,129,1,1
51937,87,101,-14,14
51938,156,146,10,10
51939,89,96,-7,7
51940,61,74,-13,13
51941,115,114,1,1
51942,144,127,17,17
51943,73,77,-4,4
51944,94,91,3,3
51945,102,102,0,0
51946,125,122,3,3
51947,71,67,4,4
51948,140,135,5,5
51949,143,138,5,5
51950,77,77,0,0
51951,86,74,12,12
51952,70,65,5,5
51953,101,90,11,11
51954,82,76,6,6
51955,93,83,10,10
51956,55,62,-7,7
51957,138,145,-7,7
51958,88,91,-3,3
51959,81,92,-11,11
51960,176,154,22,22
51961,90,103,-13,13
51962,52,60,-8,8
51963,97,97,0,0
51964,45,57,-12,12
51965,114,122,-8,8
51966,155,144,11,11
51967,151,170,-19,19
51968,60,60,0,0
51969,82,67,15,15
51970,96,98,-2,2
51971,126,107,19,19
51972,90,86,4,4
51973,83,71,12,12
51974,72,78,-6,6
51975,139,135,4,4
51976,137,132,5,5
51977,119,125,-6,6
51978,115,90,25,25
51979,76,74,2,2
51980,80,99,-19,19
51981,101,112,-11,11
51982,92,84,8,8
51983,65,50,15,15
51984,89,85,4,4
51985,72,75,-3,3
51986,45,51,-6,6
51987,69,75,-6,6
51988,81,81,0,0
51989,95,92,3,3
51990,76,74,2,2
51991,49,46,3,3
51992,97,100,-3,3
51993,90,85,5,5
51994,130,130,0,0
51995,74,74,0,0
51996,46,57,-11,11
51997,74,79,-5,5
51998,108,102,6,6
51999,115,117,-2,2
52000,37,50,-13,13
52001,79,79,0,0
52002,75,79,-4,4
52003,174,161,13,13
52004,107,101,6,6
52005,53,52,1,1
52006,83,98,-15,15
52007,60,61,-1,1
52008,98,105,-7,7
52009,57,63,-6,6
52010,54,55,-1,1
52011,83,84,-1,1
52012,182,176,6,6
52013,107,110,-3,3
52014,89,99,-10,10
52015,105,101,4,4
52016,109,126,-17,17
52017,141,132,9,9
52018,121,130,-9,9
52019,91,106,-15,15
52020,117,110,7,7
52021,58,53,5,5
52022,80,76,4,4
52023,88,93,-5,5
52024,80,80,0,0
52025,146,129,17,17
52026,105,100,5,5
52027,128,131,-3,3
52028,79,81,-2,2
52029,123,116,7,7
52030,85,82,3,3
52031,77,78,-1,1
52032,70,67,3,3
52033,100,114,-14,14
52034,71,74,-3,3
52035,123,117,6,6
52036,85,87,-2,2
52037,113,112,1,1
52038,98,100,-2,2
52039,67,75,-8,8
52040,130,143,-13,13
52041,176,160,16,16
52042,117,112,5,5
52043,130,120,10,10
52044,114,106,8,8
52045,108,109,-1,1
52046,111,121,-10,10
52047,91,85,6,6
52048,153,140,13,13
52049,83,105,-22,22
52050,91,100,-9,9
52051,103,110,-7,7
52052,123,118,5,5
52053,57,74,-17,17
52054,115,117,-2,2
52055,86,90,-4,4
52056,147,134,13,13
52057,116,129,-13,13
52058,87,86,1,1
52059,81,70,11,11
52060,58,45,13,13
52061,97,88,9,9
52062,138,139,-1,1
52063,74,68,6,6
52064,60,69,-9,9
52065,94,93,1,1
52066,150,117,33,33
52067,143,142,1,1
52068,72,76,-4,4
52069,80,78,2,2
52070,94,86,8,8
52071,85,83,2,2
52072,108,104,4,4
52073,106,87,19,19
52074,86,82,4,4
52075,160,140,20,20
52076,84,86,-2,2
52077,78,67,11,11
52078,89,88,1,1
52079,76,88,-12,12
52080,57,55,2,2
52081,93,92,1,1
52082,92,104,-12,12
52083,79,100,-21,21
52084,105,108,-3,3
52085,146,135,11,11
52086,79,89,-10,10
52087,96,95,1,1
52088,97,104,-7,7
52089,74,80,-6,6
52090,79,92,-13,13
52091,90,85,5,5
52092,133,135,-2,2
52093,81,89,-8,8
52094,140,135,5,5
52095,20,34,-14,14
52096,42,88,-46,46
52097,178,152,26,26
52098,57,73,-16,16
52099,91,97,-6,6
52100,125,157,-32,32
52101,77,74,3,3
52102,73,75,-2,2
52103,96,99,-3,3
52104,63,66,-3,3
52105,75,82,-7,7
52106,117,121,-4,4
52107,135,130,5,5
52108,105,114,-9,9
52109,141,143,-2,2
52110,123,110,13,13
52111,71,87,-16,16
52112,108,88,20,20
52113,104,110,-6,6
52114,108,159,-51,51
52115,93,93,0,0
52116,102,102,0,0
52117,99,90,9,9
52118,95,103,-8,8
52119,53,62,-9,9
52120,117,96,21,21
52121,79,93,-14,14
52122,55,77,-22,22
52123,163,163,0,0
52124,53,62,-9,9
52125,80,91,-11,11
52126,124,118,6,6
52127,75,72,3,3
52128,133,135,-2,2
52129,83,84,-1,1
52130,54,65,-11,11
52131,52,65,-13,13
52132,67,64,3,3
52133,75,70,5,5
52134,106,102,4,4
52135,140,134,6,6
52136,124,124,0,0
52137,65,71,-6,6
52138,94,98,-4,4
52139,108,107,1,1
52140,132,120,12,12
52141,123,119,4,4
52142,73,86,-13,13
52143,246,235,11,11
52144,91,85,6,6
52145,48,62,-14,14
52146,109,101,8,8
52147,120,103,17,17
52148,71,75,-4,4
52149,44,38,6,6
52150,83,78,5,5
52151,77,70,7,7
52152,108,99,9,9
52153,76,73,3,3
52154,116,111,5,5
52155,98,106,-8,8
52156,114,101,13,13
52157,142,120,22,22
52158,92,100,-8,8
52159,82,83,-1,1
52160,86,86,0,0
52161,65,74,-9,9
52162,91,88,3,3
52163,158,151,7,7
52164,79,76,3,3
52165,89,82,7,7
52166,54,48,6,6
52167,144,127,17,17
52168,167,172,-5,5
52169,94,105,-11,11
52170,75,73,2,2
52171,110,118,-8,8
52172,113,101,12,12
52173,63,60,3,3
52174,138,130,8,8
52175,101,100,1,1
52176,99,113,-14,14
52177,98,102,-4,4
52178,138,157,-19,19
52179,116,125,-9,9
52180,53,65,-12,12
52181,97,93,4,4
52182,79,71,8,8
52183,94,111,-17,17
52184,72,91,-19,19
52185,104,112,-8,8
52186,113,96,17,17
52187,105,108,-3,3
52188,84,80,4,4
52189,66,62,4,4
52190,75,80,-5,5
52191,106,107,-1,1
52192,100,96,4,4
52193,75,88,-13,13
52194,45,41,4,4
52195,126,133,-7,7
52196,102,99,3,3
52197,108,110,-2,2
52198,99,94,5,5
52199,146,166,-20,20
52200,107,117,-10,10
52201,105,119,-14,14
52202,58,63,-5,5
52203,114,119,-5,5
52204,151,129,22,22
52205,72,70,2,2
52206,79,76,3,3
52207,131,117,14,14
52208,91,95,-4,4
52209,52,56,-4,4
52210,81,77,4,4
52211,85,80,5,5
52212,96,91,5,5
52213,42,52,-10,10
52214,73,68,5,5
52215,100,89,11,11
52216,104,102,2,2
52217,85,91,-6,6
52218,67,72,-5,5
52219,71,60,11,11
52220,100,100,0,0
52221,134,107,27,27
52222,104,102,2,2
52223,90,87,3,3
52224,96,131,-35,35
52225,61,90,-29,29
52226,65,73,-8,8
52227,139,134,5,5
52228,46,64,-18,18
52229,70,71,-1,1
52230,142,127,15,15
52231,90,97,-7,7
52232,112,103,9,9
52233,113,108,5,5
52234,59,78,-19,19
52235,111,111,0,0
52236,84,100,-16,16
52237,74,69,5,5
52238,78,71,7,7
52239,145,149,-4,4
52240,100,111,-11,11
52241,103,103,0,0
52242,55,67,-12,12
52243,93,94,-1,1
52244,78,76,2,2
52245,80,87,-7,7
52246,104,92,12,12
52247,66,72,-6,6
52248,68,58,10,10
52249,60,60,0,0
52250,103,110,-7,7
52251,69,68,1,1
52252,92,86,6,6
52253,48,62,-14,14
52254,54,60,-6,6
52255,54,60,-6,6
52256,58,65,-7,7
52257,160,152,8,8
52258,83,76,7,7
52259,90,87,3,3
52260,71,125,-54,54
52261,168,169,-1,1
52262,137,137,0,0
52263,139,147,-8,8
52264,74,70,4,4
52265,75,79,-4,4
52266,65,63,2,2
52267,93,80,13,13
52268,94,92,2,2
52269,65,76,-11,11
52270,110,109,1,1
52271,29,47,-18,18
52272,91,91,0,0
52273,78,77,1,1
52274,77,69,8,8
52275,93,96,-3,3
52276,158,148,10,10
52277,206,197,9,9
52278,98,111,-13,13
52279,131,126,5,5
52280,115,107,8,8
52281,129,117,12,12
52282,97,92,5,5
52283,97,93,4,4
52284,78,84,-6,6
52285,81,83,-2,2
52286,107,109,-2,2
52287,80,101,-21,21
52288,67,71,-4,4
52289,66,78,-12,12
52290,56,58,-2,2
52291,72,67,5,5
52292,50,63,-13,13
52293,70,101,-31,31
52294,128,124,4,4
52295,138,135,3,3
52296,38,45,-7,7
52297,113,109,4,4
52298,168,163,5,5
52299,115,108,7,7
52300,88,94,-6,6
52301,80,85,-5,5
52302,124,127,-3,3
52303,190,188,2,2
52304,92,97,-5,5
52305,83,82,1,1
52306,78,80,-2,2
52307,64,61,3,3
52308,121,122,-1,1
52309,74,77,-3,3
52310,59,72,-13,13
52311,200,187,13,13
52312,157,140,17,17
52313,86,81,5,5
52314,126,119,7,7
52315,75,82,-7,7
52316,95,118,-23,23
52317,118,113,5,5
52318,174,164,10,10
52319,148,143,5,5
52320,70,89,-19,19
52321,99,89,10,10
52322,73,74,-1,1
52323,178,160,18,18
52324,127,115,12,12
52325,137,127,10,10
52326,35,43,-8,8
52327,58,64,-6,6
52328,104,113,-9,9
52329,85,85,0,0
52330,91,93,-2,2
52331,40,50,-10,10
52332,83,80,3,3
52333,100,107,-7,7
52334,73,85,-12,12
52335,51,68,-17,17
52336,263,265,-2,2
52337,87,87,0,0
52338,85,86,-1,1
52339,85,82,3,3
52340,89,88,1,1
52341,176,169,7,7
52342,103,97,6,6
52343,128,134,-6,6
52344,166,161,5,5
52345,92,107,-15,15
52346,100,106,-6,6
52347,98,94,4,4
52348,57,59,-2,2
52349,127,116,11,11
52350,86,82,4,4
52351,144,136,8,8
52352,60,58,2,2
52353,113,108,5,5
52354,113,93,20,20
52355,103,99,4,4
52356,90,83,7,7
52357,56,54,2,2
52358,47,52,-5,5
52359,105,109,-4,4
52360,61,72,-11,11
52361,128,141,-13,13
52362,55,77,-22,22
52363,67,60,7,7
52364,65,69,-4,4
52365,116,108,8,8
52366,76,69,7,7
52367,41,46,-5,5
52368,83,74,9,9
52369,82,78,4,4
52370,50,56,-6,6
52371,81,96,-15,15
52372,57,48,9,9
52373,83,70,13,13
52374,87,96,-9,9
52375,56,45,11,11
52376,68,65,3,3
52377,71,78,-7,7
52378,77,87,-10,10
52379,67,61,6,6
52380,120,107,13,13
52381,74,75,-1,1
52382,121,124,-3,3
52383,73,70,3,3
52384,53,62,-9,9
52385,68,75,-7,7
52386,95,86,9,9
52387,103,112,-9,9
52388,46,58,-12,12
52389,73,63,10,10
52390,148,147,1,1
52391,145,118,27,27
52392,105,87,18,18
52393,71,72,-1,1
52394,43,51,-8,8
52395,106,98,8,8
52396,114,112,2,2
52397,80,67,13,13
52398,64,85,-21,21
52399,125,119,6,6
52400,84,86,-2,2
52401,86,82,4,4
52402,101,95,6,6
52403,95,90,5,5
52404,90,93,-3,3
52405,93,92,1,1
52406,62,66,-4,4
52407,146,132,14,14
52408,87,86,1,1
52409,85,70,15,15
52410,134,106,28,28
52411,82,91,-9,9
52412,46,41,5,5
52413,73,70,3,3
52414,23,51,-28,28
52415,167,153,14,14
52416,116,97,19,19
52417,112,120,-8,8
52418,227,216,11,11
52419,108,105,3,3
52420,93,95,-2,2
52421,76,87,-11,11
52422,75,82,-7,7
52423,74,89,-15,15
52424,85,75,10,10
52425,68,72,-4,4
52426,93,87,6,6
52427,143,136,7,7
52428,132,115,17,17
52429,68,63,5,5
52430,49,48,1,1
52431,116,107,9,9
52432,87,93,-6,6
52433,114,107,7,7
52434,133,118,15,15
52435,81,68,13,13
52436,105,92,13,13
52437,88,82,6,6
52438,158,152,6,6
52439,82,75,7,7
52440,91,92,-1,1
52441,158,158,0,0
52442,77,82,-5,5
52443,61,82,-21,21
52444,57,64,-7,7
52445,76,83,-7,7
52446,80,79,1,1
52447,90,98,-8,8
52448,75,70,5,5
52449,105,100,5,5
52450,99,95,4,4
52451,134,136,-2,2
52452,70,70,0,0
52453,139,130,9,9
52454,67,66,1,1
52455,186,179,7,7
52456,101,104,-3,3
52457,142,135,7,7
52458,66,64,2,2
52459,88,88,0,0
52460,79,95,-16,16
52461,80,83,-3,3
52462,103,115,-12,12
52463,133,142,-9,9
52464,21,63,-42,42
52465,98,90,8,8
52466,67,60,7,7
52467,117,148,-31,31
52468,71,75,-4,4
52469,45,56,-11,11
52470,90,84,6,6
52471,122,109,13,13
52472,133,127,6,6
52473,70,66,4,4
52474,99,102,-3,3
52475,161,141,20,20
52476,123,114,9,9
52477,116,114,2,2
52478,148,124,24,24
52479,55,48,7,7
52480,107,105,2,2
52481,69,64,5,5
52482,103,114,-11,11
52483,50,55,-5,5
52484,76,79,-3,3
52485,98,90,8,8
52486,63,68,-5,5
52487,69,77,-8,8
52488,115,118,-3,3
52489,64,67,-3,3
52490,80,80,0,0
52491,93,87,6,6
52492,93,89,4,4
52493,107,97,10,10
52494,91,88,3,3
52495,73,86,-13,13
52496,163,142,21,21
52497,82,88,-6,6
52498,133,118,15,15
52499,70,78,-8,8
52500,74,71,3,3
52501,72,71,1,1
52502,51,55,-4,4
52503,192,164,28,28
52504,59,54,5,5
52505,69,60,9,9
52506,47,56,-9,9
52507,146,159,-13,13
52508,149,127,22,22
52509,96,111,-15,15
52510,73,68,5,5
52511,143,130,13,13
52512,101,106,-5,5
52513,96,100,-4,4
52514,108,116,-8,8
52515,77,76,1,1
52516,45,56,-11,11
52517,89,99,-10,10
52518,160,142,18,18
52519,97,112,-15,15
52520,82,83,-1,1
52521,80,75,5,5
52522,70,71,-1,1
52523,123,105,18,18
52524,109,104,5,5
52525,162,150,12,12
52526,129,123,6,6
52527,80,82,-2,2
52528,49,58,-9,9
52529,129,120,9,9
52530,79,69,10,10
52531,89,98,-9,9
52532,92,94,-2,2
52533,87,82,5,5
52534,104,101,3,3
52535,106,89,17,17
52536,169,164,5,5
52537,96,109,-13,13
52538,66,68,-2,2
52539,140,133,7,7
52540,128,127,1,1
52541,82,80,2,2
52542,128,119,9,9
52543,109,111,-2,2
52544,59,67,-8,8
52545,61,61,0,0
52546,109,94,15,15
52547,72,85,-13,13
52548,57,64,-7,7
52549,94,96,-2,2
52550,86,90,-4,4
52551,57,60,-3,3
52552,142,135,7,7
52553,79,87,-8,8
52554,150,140,10,10
52555,122,130,-8,8
52556,106,113,-7,7
52557,41,49,-8,8
52558,218,206,12,12
52559,106,100,6,6
52560,80,75,5,5
52561,87,82,5,5
52562,121,133,-12,12
52563,68,67,1,1
52564,79,90,-11,11
52565,63,56,7,7
52566,57,78,-21,21
52567,132,143,-11,11
52568,86,96,-10,10
52569,92,83,9,9
52570,187,171,16,16
52571,97,96,1,1
52572,135,131,4,4
52573,126,100,26,26
52574,79,77,2,2
52575,69,80,-11,11
52576,142,143,-1,1
52577,97,93,4,4
52578,104,110,-6,6
52579,112,117,-5,5
52580,168,177,-9,9
52581,145,128,17,17
52582,137,131,6,6
52583,142,129,13,13
52584,81,77,4,4
52585,97,96,1,1
52586,90,83,7,7
52587,121,134,-13,13
52588,71,79,-8,8
52589,61,59,2,2
52590,95,118,-23,23
52591,95,120,-25,25
52592,53,61,-8,8
52593,126,127,-1,1
52594,72,83,-11,11
52595,86,74,12,12
52596,141,139,2,2
52597,96,108,-12,12
52598,98,103,-5,5
52599,123,117,6,6
52600,46,54,-8,8
52601,95,76,19,19
52602,127,120,7,7
52603,153,154,-1,1
52604,115,108,7,7
52605,104,91,13,13
52606,53,61,-8,8
52607,95,85,10,10
52608,88,93,-5,5
52609,133,118,15,15
52610,88,81,7,7
52611,25,37,-12,12
52612,142,121,21,21
52613,98,105,-7,7
52614,93,92,1,1
52615,99,90,9,9
52616,152,143,9,9
52617,124,122,2,2
52618,112,113,-1,1
52619,134,122,12,12
52620,104,111,-7,7
52621,86,85,1,1
52622,117,119,-2,2
52623,77,79,-2,2
52624,88,96,-8,8
52625,72,69,3,3
52626,87,102,-15,15
52627,80,80,0,0
52628,103,101,2,2
52629,136,136,0,0
52630,105,111,-6,6
52631,96,94,2,2
52632,90,80,10,10
52633,53,57,-4,4
52634,77,81,-4,4
52635,60,69,-9,9
52636,115,122,-7,7
52637,93,97,-4,4
52638,91,84,7,7
52639,162,147,15,15
52640,115,96,19,19
52641,148,150,-2,2
52642,68,70,-2,2
52643,79,77,2,2
52644,53,65,-12,12
52645,60,61,-1,1
52646,63,81,-18,18
52647,102,101,1,1
52648,111,102,9,9
52649,116,108,8,8
52650,50,62,-12,12
52651,113,102,11,11
52652,46,59,-13,13
52653,62,64,-2,2
52654,112,112,0,0
52655,58,73,-15,15
52656,85,102,-17,17
52657,111,105,6,6
52658,105,97,8,8
52659,113,131,-18,18
52660,174,171,3,3
52661,125,118,7,7
52662,109,106,3,3
52663,67,92,-25,25
52664,76,65,11,11
52665,193,332,-139,139
52666,128,135,-7,7
52667,88,86,2,2
52668,70,80,-10,10
52669,63,65,-2,2
52670,148,170,-22,22
52671,89,101,-12,12
52672,152,148,4,4
52673,62,64,-2,2
52674,141,114,27,27
52675,48,52,-4,4
52676,185,165,20,20
52677,89,84,5,5
52678,87,86,1,1
52679,50,54,-4,4
52680,79,76,3,3
52681,124,135,-11,11
52682,109,97,12,12
52683,54,64,-10,10
52684,90,96,-6,6
52685,85,85,0,0
52686,35,98,-63,63
52687,86,80,6,6
52688,47,55,-8,8
52689,103,97,6,6
52690,105,99,6,6
52691,47,61,-14,14
52692,44,52,-8,8
52693,137,124,13,13
52694,69,58,11,11
52695,47,42,5,5
52696,63,65,-2,2
52697,118,108,10,10
52698,83,84,-1,1
52699,80,95,-15,15
52700,119,93,26,26
52701,107,115,-8,8
52702,100,112,-12,12
52703,96,98,-2,2
52704,90,92,-2,2
52705,136,119,17,17
52706,142,139,3,3
52707,82,81,1,1
52708,64,57,7,7
52709,89,92,-3,3
52710,49,73,-24,24
52711,138,119,19,19
52712,74,58,16,16
52713,55,67,-12,12
52714,147,128,19,19
52715,87,90,-3,3
52716,67,78,-11,11
52717,90,83,7,7
52718,72,98,-26,26
52719,110,118,-8,8
52720,166,165,1,1
52721,128,107,21,21
52722,70,72,-2,2
52723,95,96,-1,1
52724,58,51,7,7
52725,95,95,0,0
52726,78,91,-13,13
52727,99,99,0,0
52728,79,75,4,4
52729,96,72,24,24
52730,87,82,5,5
52731,57,64,-7,7
52732,67,61,6,6
52733,84,92,-8,8
52734,73,81,-8,8
52735,77,74,3,3
52736,65,68,-3,3
52737,34,46,-12,12
52738,103,99,4,4
52739,117,129,-12,12
52740,73,68,5,5
52741,121,108,13,13
52742,67,72,-5,5
52743,118,93,25,25
52744,145,140,5,5
52745,83,85,-2,2
52746,105,100,5,5
52747,81,72,9,9
52748,92,97,-5,5
52749,44,52,-8,8
52750,104,104,0,0
52751,45,62,-17,17
52752,96,86,10,10
52753,115,118,-3,3
52754,91,93,-2,2
52755,64,90,-26,26
52756,63,63,0,0
52757,83,87,-4,4
52758,126,123,3,3
52759,57,65,-8,8
52760,209,186,23,23
52761,153,127,26,26
52762,57,59,-2,2
52763,70,63,7,7
52764,118,129,-11,11
52765,110,111,-1,1
52766,63,58,5,5
52767,117,114,3,3
52768,151,122,29,29
52769,135,140,-5,5
52770,75,70,5,5
52771,121,114,7,7
52772,142,155,-13,13
52773,107,114,-7,7
52774,87,93,-6,6
52775,83,93,-10,10
52776,54,54,0,0
52777,120,111,9,9
52778,75,76,-1,1
52779,116,117,-1,1
52780,80,88,-8,8
52781,132,140,-8,8
52782,61,66,-5,5
52783,70,81,-11,11
52784,57,47,10,10
52785,137,130,7,7
52786,112,102,10,10
52787,77,79,-2,2
52788,78,78,0,0
52789,94,98,-4,4
52790,85,98,-13,13
52791,61,60,1,1
52792,80,83,-3,3
52793,116,108,8,8
52794,64,81,-17,17
52795,69,77,-8,8
52796,124,113,11,11
52797,78,73,5,5
52798,109,120,-11,11
52799,90,82,8,8
52800,148,138,10,10
52801,64,61,3,3
52802,59,63,-4,4
52803,42,46,-4,4
52804,132,132,0,0
52805,132,121,11,11
52806,68,73,-5,5
52807,173,176,-3,3
52808,73,76,-3,3
52809,88,91,-3,3
52810,95,88,7,7
52811,56,46,10,10
52812,83,78,5,5
52813,131,136,-5,5
52814,65,70,-5,5
52815,77,79,-2,2
52816,110,116,-6,6
52817,80,118,-38,38
52818,76,75,1,1
52819,73,68,5,5
52820,66,67,-1,1
52821,149,135,14,14
52822,55,60,-5,5
52823,60,64,-4,4
52824,151,148,3,3
52825,112,113,-1,1
52826,67,65,2,2
52827,67,89,-22,22
52828,77,78,-1,1
52829,114,117,-3,3
52830,123,128,-5,5
52831,83,87,-4,4
52832,42,58,-16,16
52833,104,109,-5,5
52834,90,87,3,3
52835,107,111,-4,4
52836,153,138,15,15
52837,68,63,5,5
52838,41,52,-11,11
52839,82,82,0,0
52840,55,59,-4,4
52841,114,112,2,2
52842,92,93,-1,1
52843,90,93,-3,3
52844,70,76,-6,6
52845,75,80,-5,5
52846,112,94,18,18
52847,76,83,-7,7
52848,107,75,32,32
52849,96,96,0,0
52850,107,106,1,1
52851,46,50,-4,4
52852,103,115,-12,12
52853,122,124,-2,2
52854,117,119,-2,2
52855,69,95,-26,26
52856,100,111,-11,11
52857,70,67,3,3
52858,96,106,-10,10
52859,89,86,3,3
52860,112,114,-2,2
52861,93,106,-13,13
52862,104,96,8,8
52863,79,80,-1,1
52864,150,127,23,23
52865,145,139,6,6
52866,135,127,8,8
52867,61,57,4,4
52868,75,82,-7,7
52869,63,76,-13,13
52870,77,84,-7,7
52871,115,124,-9,9
52872,94,94,0,0
52873,60,54,6,6
52874,99,100,-1,1
52875,162,162,0,0
52876,89,91,-2,2
52877,84,109,-25,25
52878,90,101,-11,11
52879,132,121,11,11
52880,106,105,1,1
52881,50,52,-2,2
52882,66,53,13,13
52883,153,143,10,10
52884,55,55,0,0
52885,92,99,-7,7
52886,113,117,-4,4
52887,54,63,-9,9
52888,132,126,6,6
52889,116,101,15,15
52890,88,289,-201,201
52891,127,115,12,12
52892,80,90,-10,10
52893,125,110,15,15
52894,108,98,10,10
52895,104,104,0,0
52896,62,70,-8,8
52897,76,78,-2,2
52898,77,75,2,2
52899,120,122,-2,2
52900,71,78,-7,7
52901,54,69,-15,15
52902,115,119,-4,4
52903,138,139,-1,1
52904,95,88,7,7
52905,31,37,-6,6
52906,46,56,-10,10
52907,147,134,13,13
52908,129,142,-13,13
52909,82,75,7,7
52910,81,88,-7,7
52911,62,69,-7,7
52912,140,138,2,2
52913,101,105,-4,4
52914,120,107,13,13
52915,48,47,1,1
52916,132,119,13,13
52917,164,159,5,5
52918,48,65,-17,17
52919,81,94,-13,13
52920,74,88,-14,14
52921,79,90,-11,11
52922,97,90,7,7
52923,81,98,-17,17
52924,47,67,-20,20
52925,97,117,-20,20
52926,59,68,-9,9
52927,68,64,4,4
52928,67,66,1,1
52929,66,63,3,3
52930,143,121,22,22
52931,88,88,0,0
52932,96,91,5,5
52933,169,142,27,27
52934,106,92,14,14
52935,106,105,1,1
52936,78,77,1,1
52937,107,123,-16,16
52938,132,134,-2,2
52939,88,81,7,7
52940,68,77,-9,9
52941,104,98,6,6
52942,79,65,14,14
52943,96,99,-3,3
52944,159,145,14,14
52945,133,132,1,1
52946,81,80,1,1
52947,67,76,-9,9
52948,86,87,-1,1
52949,75,71,4,4
52950,106,107,-1,1
52951,55,66,-11,11
52952,167,147,20,20
52953,33,41,-8,8
52954,114,129,-15,15
52955,153,131,22,22
52956,76,77,-1,1
52957,74,80,-6,6
52958,152,148,4,4
52959,176,164,12,12
52960,86,79,7,7
52961,191,210,-19,19
52962,116,109,7,7
52963,87,90,-3,3
52964,133,131,2,2
52965,131,145,-14,14
52966,96,84,12,12
52967,113,120,-7,7
52968,52,54,-2,2
52969,68,84,-16,16
52970,110,104,6,6
52971,58,58,0,0
52972,104,120,-16,16
52973,93,92,1,1
52974,118,110,8,8
52975,92,98,-6,6
52976,77,86,-9,9
52977,43,48,-5,5
52978,19,47,-28,28
52979,156,140,16,16
52980,145,137,8,8
52981,85,90,-5,5
52982,85,74,11,11
52983,121,119,2,2
52984,76,79,-3,3
52985,137,137,0,0
52986,76,74,2,2
52987,91,87,4,4
52988,93,86,7,7
52989,133,140,-7,7
52990,128,124,4,4
52991,106,107,-1,1
52992,77,86,-9,9
52993,104,89,15,15
52994,82,78,4,4
52995,77,87,-10,10
52996,91,96,-5,5
52997,73,94,-21,21
52998,144,129,15,15
52999,103,98,5,5
53000,97,130,-33,33
53001,238,238,0,0
53002,87,89,-2,2
53003,135,124,11,11
53004,63,60,3,3
53005,95,79,16,16
53006,42,42,0,0
53007,69,79,-10,10
53008,98,87,11,11
53009,147,144,3,3
53010,108,115,-7,7
53011,52,60,-8,8
53012,69,71,-2,2
53013,92,71,21,21
53014,129,136,-7,7
53015,83,94,-11,11
53016,108,119,-11,11
53017,126,129,-3,3
53018,84,84,0,0
53019,86,78,8,8
53020,82,105,-23,23
53021,88,94,-6,6
53022,101,88,13,13
53023,130,121,9,9
53024,83,91,-8,8
53025,118,125,-7,7
53026,106,102,4,4
53027,108,113,-5,5
53028,85,75,10,10
53029,133,128,5,5
53030,77,78,-1,1
53031,110,97,13,13
53032,71,79,-8,8
53033,72,89,-17,17
53034,44,41,3,3
53035,69,54,15,15
53036,106,94,12,12
53037,103,98,5,5
53038,82,79,3,3
53039,119,116,3,3
53040,94,95,-1,1
53041,67,66,1,1
53042,81,76,5,5
53043,102,127,-25,25
53044,68,57,11,11
53045,154,142,12,12
53046,80,74,6,6
53047,120,118,2,2
53048,59,77,-18,18
53049,149,145,4,4
53050,66,72,-6,6
53051,80,68,12,12
53052,61,61,0,0
53053,40,45,-5,5
53054,80,87,-7,7
53055,54,56,-2,2
53056,90,100,-10,10
53057,107,103,4,4
53058,62,64,-2,2
53059,157,159,-2,2
53060,113,105,8,8
53061,107,125,-18,18
53062,87,90,-3,3
53063,90,93,-3,3
53064,155,147,8,8
53065,37,57,-20,20
53066,66,68,-2,2
53067,92,94,-2,2
53068,74,73,1,1
53069,38,46,-8,8
53070,83,80,3,3
53071,90,97,-7,7
53072,262,362,-100,100
53073,83,86,-3,3
53074,65,64,1,1
53075,84,73,11,11
53076,50,59,-9,9
53077,95,99,-4,4
53078,80,91,-11,11
53079,135,124,11,11
53080,75,78,-3,3
53081,79,78,1,1
53082,179,167,12,12
53083,119,117,2,2
53084,89,81,8,8
53085,58,58,0,0
53086,98,103,-5,5
53087,58,61,-3,3
53088,62,56,6,6
53089,65,69,-4,4
53090,90,95,-5,5
53091,134,121,13,13
53092,61,58,3,3
53093,142,139,3,3
53094,71,72,-1,1
53095,147,124,23,23
53096,122,127,-5,5
53097,151,141,10,10
53098,105,103,2,2
53099,56,57,-1,1
53100,124,122,2,2
53101,140,143,-3,3
53102,107,107,0,0
53103,103,109,-6,6
53104,98,98,0,0
53105,63,63,0,0
53106,51,57,-6,6
53107,81,80,1,1
53108,65,71,-6,6
53109,150,143,7,7
53110,134,123,11,11
53111,46,52,-6,6
53112,120,112,8,8
53113,80,81,-1,1
53114,93,101,-8,8
53115,176,165,11,11
53116,115,116,-1,1
53117,128,122,6,6
53118,143,126,17,17
53119,55,54,1,1
53120,85,76,9,9
53121,102,95,7,7
53122,54,60,-6,6
53123,151,133,18,18
53124,83,82,1,1
53125,47,50,-3,3
53126,80,77,3,3
53127,126,113,13,13
53128,105,109,-4,4
53129,103,106,-3,3
53130,70,91,-21,21
53131,64,67,-3,3
53132,116,117,-1,1
53133,124,132,-8,8
53134,89,83,6,6
53135,73,64,9,9
53136,131,131,0,0
53137,120,107,13,13
53138,102,94,8,8
53139,88,83,5,5
53140,82,89,-7,7
53141,88,87,1,1
53142,135,117,18,18
53143,119,121,-2,2
53144,67,73,-6,6
53145,55,50,5,5
53146,170,164,6,6
53147,125,160,-35,35
53148,132,118,14,14
53149,146,141,5,5
53150,83,79,4,4
53151,85,69,16,16
53152,101,100,1,1
53153,84,80,4,4
53154,135,127,8,8
53155,54,52,2,2
53156,74,66,8,8
53157,72,81,-9,9
53158,112,100,12,12
53159,137,139,-2,2
53160,82,59,23,23
53161,121,107,14,14
53162,83,82,1,1
53163,112,127,-15,15
53164,66,59,7,7
53165,90,94,-4,4
53166,111,109,2,2
53167,70,74,-4,4
53168,98,101,-3,3
53169,101,97,4,4
53170,108,101,7,7
53171,77,78,-1,1
53172,94,114,-20,20
53173,77,84,-7,7
53174,52,73,-21,21
53175,114,118,-4,4
53176,79,66,13,13
53177,43,56,-13,13
53178,110,100,10,10
53179,51,39,12,12
53180,81,83,-2,2
53181,122,109,13,13
53182,128,131,-3,3
53183,92,105,-13,13
53184,111,104,7,7
53185,106,90,16,16
53186,56,56,0,0
53187,137,126,11,11
53188,75,69,6,6
53189,71,66,5,5
53190,67,67,0,0
53191,89,81,8,8
53192,96,100,-4,4
53193,106,109,-3,3
53194,71,65,6,6
53195,128,110,18,18
53196,63,71,-8,8
53197,82,71,11,11
53198,67,68,-1,1
53199,80,97,-17,17
53200,124,116,8,8
53201,117,112,5,5
53202,115,132,-17,17
53203,107,113,-6,6
53204,65,65,0,0
53205,119,123,-4,4
53206,88,96,-8,8
53207,53,62,-9,9
53208,156,145,11,11
53209,71,70,1,1
53210,89,95,-6,6
53211,88,83,5,5
53212,113,114,-1,1
53213,43,47,-4,4
53214,106,109,-3,3
53215,85,79,6,6
53216,108,125,-17,17
53217,70,65,5,5
53218,163,159,4,4
53219,102,101,1,1
53220,74,72,2,2
53221,60,64,-4,4
53222,107,97,10,10
53223,59,84,-25,25
53224,90,77,13,13
53225,134,128,6,6
53226,159,149,10,10
53227,99,99,0,0
53228,75,73,2,2
53229,62,56,6,6
53230,93,97,-4,4
53231,101,98,3,3
53232,61,68,-7,7
53233,88,86,2,2
53234,99,110,-11,11
53235,45,51,-6,6
53236,65,72,-7,7
53237,120,109,11,11
53238,85,88,-3,3
53239,76,84,-8,8
53240,111,110,1,1
53241,75,73,2,2
53242,96,99,-3,3
53243,134,118,16,16
53244,62,57,5,5
53245,69,58,11,11
53246,95,100,-5,5
53247,93,84,9,9
53248,73,84,-11,11
53249,89,81,8,8
53250,59,50,9,9
53251,73,67,6,6
53252,115,109,6,6
53253,86,91,-5,5
53254,141,160,-19,19
53255,109,130,-21,21
53256,112,107,5,5
53257,74,78,-4,4
53258,57,61,-4,4
53259,61,66,-5,5
53260,104,106,-2,2
53261,111,91,20,20
53262,80,79,1,1
53263,107,98,9,9
53264,43,43,0,0
53265,71,83,-12,12
53266,54,53,1,1
53267,74,88,-14,14
53268,77,76,1,1
53269,86,92,-6,6
53270,65,68,-3,3
53271,103,96,7,7
53272,67,77,-10,10
53273,77,63,14,14
53274,53,67,-14,14
53275,128,95,33,33
53276,75,84,-9,9
53277,111,134,-23,23
53278,94,90,4,4
53279,93,100,-7,7
53280,131,124,7,7
53281,61,89,-28,28
53282,69,67,2,2
53283,70,60,10,10
53284,50,50,0,0
53285,69,66,3,3
53286,101,84,17,17
53287,86,82,4,4
53288,98,94,4,4
53289,140,114,26,26
53290,88,88,0,0
53291,51,62,-11,11
53292,72,70,2,2
53293,109,109,0,0
53294,67,85,-18,18
53295,114,105,9,9
53296,98,94,4,4
53297,98,110,-12,12
53298,107,122,-15,15
53299,133,137,-4,4
53300,161,159,2,2
53301,161,169,-8,8
53302,125,126,-1,1
53303,90,90,0,0
53304,112,118,-6,6
53305,61,67,-6,6
53306,186,187,-1,1
53307,102,118,-16,16
53308,273,291,-18,18
53309,125,128,-3,3
53310,124,127,-3,3
53311,115,101,14,14
53312,86,86,0,0
53313,67,70,-3,3
53314,90,100,-10,10
53315,146,130,16,16
53316,64,61,3,3
53317,78,77,1,1
53318,73,71,2,2
53319,132,120,12,12
53320,78,80,-2,2
53321,108,121,-13,13
53322,72,72,0,0
53323,112,121,-9,9
53324,110,101,9,9
53325,157,144,13,13
53326,87,81,6,6
53327,63,62,1,1
53328,47,65,-18,18
53329,55,59,-4,4
53330,57,48,9,9
53331,77,77,0,0
53332,73,71,2,2
53333,52,53,-1,1
53334,60,63,-3,3
53335,171,174,-3,3
53336,153,142,11,11
53337,128,118,10,10
53338,101,98,3,3
53339,58,57,1,1
53340,67,75,-8,8
53341,58,57,1,1
53342,69,67,2,2
53343,198,170,28,28
53344,85,78,7,7
53345,96,82,14,14
53346,68,97,-29,29
53347,80,82,-2,2
53348,56,63,-7,7
53349,67,64,3,3
53350,57,59,-2,2
53351,39,29,10,10
53352,81,91,-10,10
53353,117,115,2,2
53354,104,101,3,3
53355,105,113,-8,8
53356,83,88,-5,5
53357,135,143,-8,8
53358,76,68,8,8
53359,122,114,8,8
53360,78,87,-9,9
53361,37,43,-6,6
53362,134,121,13,13
53363,71,64,7,7
53364,119,112,7,7
53365,23,29,-6,6
53366,145,134,11,11
53367,99,97,2,2
53368,70,77,-7,7
53369,41,62,-21,21
53370,82,95,-13,13
53371,102,98,4,4
53372,64,56,8,8
53373,60,60,0,0
53374,157,138,19,19
53375,144,123,21,21
53376,107,100,7,7
53377,108,115,-7,7
53378,79,80,-1,1
53379,77,90,-13,13
53380,102,90,12,12
53381,62,66,-4,4
53382,87,90,-3,3
53383,156,132,24,24
53384,59,52,7,7
53385,54,54,0,0
53386,114,116,-2,2
53387,87,97,-10,10
53388,132,128,4,4
53389,135,130,5,5
53390,126,113,13,13
53391,105,103,2,2
53392,95,102,-7,7
53393,101,93,8,8
53394,51,73,-22,22
53395,63,79,-16,16
53396,149,134,15,15
53397,72,71,1,1
53398,147,136,11,11
53399,67,69,-2,2
53400,106,121,-15,15
53401,98,114,-16,16
53402,100,97,3,3
53403,93,111,-18,18
53404,69,72,-3,3
53405,116,121,-5,5
53406,88,83,5,5
53407,114,137,-23,23
53408,53,55,-2,2
53409,55,70,-15,15
53410,86,94,-8,8
53411,110,99,11,11
53412,82,78,4,4
53413,87,80,7,7
53414,60,61,-1,1
53415,59,63,-4,4
53416,72,55,17,17
53417,99,92,7,7
53418,111,99,12,12
53419,105,103,2,2
53420,110,108,2,2
53421,56,59,-3,3
53422,126,131,-5,5
53423,75,77,-2,2
53424,56,67,-11,11
53425,119,139,-20,20
53426,98,99,-1,1
53427,171,173,-2,2
53428,169,140,29,29
53429,126,132,-6,6
53430,194,182,12,12
53431,112,114,-2,2
53432,73,80,-7,7
53433,106,101,5,5
53434,101,85,16,16
53435,119,120,-1,1
53436,96,85,11,11
53437,58,59,-1,1
53438,89,91,-2,2
53439,78,89,-11,11
53440,85,97,-12,12
53441,87,94,-7,7
53442,70,77,-7,7
53443,50,60,-10,10
53444,51,56,-5,5
53445,91,94,-3,3
53446,79,91,-12,12
53447,98,92,6,6
53448,117,129,-12,12
53449,94,106,-12,12
53450,141,129,12,12
53451,133,136,-3,3
53452,48,48,0,0
53453,121,124,-3,3
53454,90,96,-6,6
53455,50,54,-4,4
53456,69,78,-9,9
53457,90,95,-5,5
53458,83,86,-3,3
53459,89,108,-19,19
53460,84,78,6,6
53461,72,91,-19,19
53462,65,77,-12,12
53463,93,94,-1,1
53464,70,71,-1,1
53465,68,66,2,2
53466,128,138,-10,10
53467,102,96,6,6
53468,111,112,-1,1
53469,54,49,5,5
53470,94,98,-4,4
53471,102,90,12,12
53472,104,103,1,1
53473,90,96,-6,6
53474,96,110,-14,14
53475,119,153,-34,34
53476,80,72,8,8
53477,77,76,1,1
53478,228,296,-68,68
53479,134,116,18,18
53480,140,154,-14,14
53481,47,53,-6,6
53482,113,111,2,2
53483,58,64,-6,6
53484,34,41,-7,7
53485,46,43,3,3
53486,68,65,3,3
53487,68,63,5,5
53488,43,50,-7,7
53489,74,83,-9,9
53490,88,85,3,3
53491,130,146,-16,16
53492,112,91,21,21
53493,91,91,0,0
53494,70,72,-2,2
53495,137,136,1,1
53496,67,54,13,13
53497,90,78,12,12
53498,137,116,21,21
53499,83,93,-10,10
53500,105,112,-7,7
53501,78,88,-10,10
53502,93,82,11,11
53503,88,77,11,11
53504,65,67,-2,2
53505,105,102,3,3
53506,131,136,-5,5
53507,52,58,-6,6
53508,48,54,-6,6
53509,127,129,-2,2
53510,70,86,-16,16
53511,62,57,5,5
53512,119,115,4,4
53513,75,79,-4,4
53514,90,76,14,14
53515,60,63,-3,3
53516,133,128,5,5
53517,86,87,-1,1
53518,77,85,-8,8
53519,81,87,-6,6
53520,98,102,-4,4
53521,101,103,-2,2
53522,70,74,-4,4
53523,86,75,11,11
53524,111,111,0,0
53525,99,86,13,13
53526,62,67,-5,5
53527,111,110,1,1
53528,57,54,3,3
53529,93,91,2,2
53530,77,84,-7,7
53531,122,118,4,4
53532,96,101,-5,5
53533,52,55,-3,3
53534,66,63,3,3
53535,102,92,10,10
53536,79,86,-7,7
53537,83,85,-2,2
53538,90,87,3,3
53539,117,118,-1,1
53540,87,88,-1,1
53541,127,114,13,13
53542,50,66,-16,16
53543,62,69,-7,7
53544,63,75,-12,12
53545,80,59,21,21
53546,111,136,-25,25
53547,53,46,7,7
53548,105,113,-8,8
53549,97,90,7,7
53550,48,54,-6,6
53551,66,70,-4,4
53552,113,120,-7,7
53553,142,138,4,4
53554,42,39,3,3
53555,55,58,-3,3
53556,111,96,15,15
53557,89,84,5,5
53558,76,99,-23,23
53559,126,127,-1,1
53560,103,101,2,2
53561,53,57,-4,4
53562,90,92,-2,2
53563,66,63,3,3
53564,60,65,-5,5
53565,49,53,-4,4
53566,230,216,14,14
53567,64,55,9,9
53568,104,109,-5,5
53569,82,88,-6,6
53570,157,151,6,6
53571,53,52,1,1
53572,93,97,-4,4
53573,76,75,1,1
53574,61,70,-9,9
53575,100,88,12,12
53576,52,63,-11,11
53577,69,67,2,2
53578,117,112,5,5
53579,124,126,-2,2
53580,100,112,-12,12
53581,149,139,10,10
53582,99,100,-1,1
53583,120,99,21,21
53584,79,90,-11,11
53585,177,176,1,1
53586,62,67,-5,5
53587,99,90,9,9
53588,157,146,11,11
53589,117,118,-1,1
53590,98,94,4,4
53591,68,69,-1,1
53592,85,84,1,1
53593,91,100,-9,9
53594,106,92,14,14
53595,129,127,2,2
53596,134,124,10,10
53597,85,83,2,2
53598,122,129,-7,7
53599,89,86,3,3
53600,46,55,-9,9
53601,91,84,7,7
53602,136,136,0,0
53603,52,49,3,3
53604,98,100,-2,2
53605,98,81,17,17
53606,129,124,5,5
53607,49,53,-4,4
53608,75,75,0,0
53609,70,73,-3,3
53610,102,90,12,12
53611,114,115,-1,1
53612,31,41,-10,10
53613,120,124,-4,4
53614,108,110,-2,2
53615,84,84,0,0
53616,61,70,-9,9
53617,150,146,4,4
53618,52,101,-49,49
53619,44,49,-5,5
53620,71,81,-10,10
53621,62,66,-4,4
53622,74,76,-2,2
53623,100,90,10,10
53624,83,87,-4,4
53625,82,87,-5,5
53626,149,139,10,10
53627,113,127,-14,14
53628,99,86,13,13
53629,94,85,9,9
53630,77,86,-9,9
53631,116,133,-17,17
53632,154,146,8,8
53633,84,86,-2,2
53634,116,101,15,15
53635,169,160,9,9
53636,126,124,2,2
53637,31,37,-6,6
53638,84,79,5,5
53639,81,66,15,15
53640,109,107,2,2
53641,96,94,2,2
53642,78,78,0,0
53643,100,97,3,3
53644,101,99,2,2
53645,63,81,-18,18
53646,118,108,10,10
53647,119,113,6,6
53648,70,63,7,7
53649,82,82,0,0
53650,57,79,-22,22
53651,89,98,-9,9
53652,124,114,10,10
53653,67,64,3,3
53654,87,90,-3,3
53655,115,104,11,11
53656,76,71,5,5
53657,63,67,-4,4
53658,105,106,-1,1
53659,77,73,4,4
53660,124,122,2,2
53661,84,81,3,3
53662,52,68,-16,16
53663,55,61,-6,6
53664,120,120,0,0
53665,206,175,31,31
53666,67,67,0,0
53667,93,91,2,2
53668,67,73,-6,6
53669,71,67,4,4
53670,87,72,15,15
53671,72,71,1,1
53672,108,105,3,3
53673,116,110,6,6
53674,62,69,-7,7
53675,61,72,-11,11
53676,57,58,-1,1
53677,100,92,8,8
53678,78,80,-2,2
53679,93,90,3,3
53680,102,103,-1,1
53681,187,194,-7,7
53682,88,81,7,7
53683,100,102,-2,2
53684,169,163,6,6
53685,160,162,-2,2
53686,142,130,12,12
53687,146,153,-7,7
53688,81,86,-5,5
53689,41,49,-8,8
53690,111,102,9,9
53691,124,121,3,3
53692,114,117,-3,3
53693,133,134,-1,1
53694,88,84,4,4
53695,90,87,3,3
53696,76,70,6,6
53697,83,91,-8,8
53698,130,115,15,15
53699,48,62,-14,14
53700,85,94,-9,9
53701,77,71,6,6
53702,130,125,5,5
53703,118,110,8,8
53704,106,110,-4,4
53705,67,73,-6,6
53706,111,113,-2,2
53707,94,89,5,5
53708,69,73,-4,4
53709,76,90,-14,14
53710,96,94,2,2
53711,84,79,5,5
53712,144,131,13,13
53713,66,81,-15,15
53714,86,103,-17,17
53715,56,68,-12,12
53716,103,116,-13,13
53717,154,146,8,8
53718,80,80,0,0
53719,89,87,2,2
53720,63,67,-4,4
53721,90,97,-7,7
53722,102,83,19,19
53723,132,127,5,5
53724,103,102,1,1
53725,138,137,1,1
53726,107,107,0,0
53727,84,88,-4,4
53728,158,145,13,13
53729,143,134,9,9
53730,83,86,-3,3
53731,101,100,1,1
53732,42,51,-9,9
53733,156,148,8,8
53734,96,102,-6,6
53735,124,125,-1,1
53736,91,93,-2,2
53737,139,126,13,13
53738,80,74,6,6
53739,95,89,6,6
53740,95,90,5,5
53741,83,85,-2,2
53742,88,90,-2,2
53743,120,120,0,0
53744,79,79,0,0
53745,114,108,6,6
53746,54,54,0,0
53747,72,87,-15,15
53748,122,109,13,13
53749,125,127,-2,2
53750,100,100,0,0
53751,90,103,-13,13
53752,92,89,3,3
53753,85,82,3,3
53754,115,106,9,9
53755,76,68,8,8
53756,94,110,-16,16
53757,128,122,6,6
53758,49,90,-41,41
53759,134,127,7,7
53760,114,130,-16,16
53761,75,79,-4,4
53762,71,70,1,1
53763,131,128,3,3
53764,110,107,3,3
53765,113,107,6,6
53766,79,86,-7,7
53767,90,97,-7,7
53768,112,92,20,20
53769,92,93,-1,1
53770,141,133,8,8
53771,46,47,-1,1
53772,103,102,1,1
53773,124,123,1,1
53774,98,96,2,2
53775,106,90,16,16
53776,95,85,10,10
53777,50,55,-5,5
53778,98,95,3,3
53779,127,121,6,6
53780,147,148,-1,1
53781,136,127,9,9
53782,68,65,3,3
53783,133,126,7,7
53784,112,109,3,3
53785,73,67,6,6
53786,104,103,1,1
53787,118,111,7,7
53788,84,92,-8,8
53789,66,58,8,8
53790,74,74,0,0
53791,71,67,4,4
53792,122,111,11,11
53793,88,86,2,2
53794,90,94,-4,4
53795,44,48,-4,4
53796,68,75,-7,7
53797,72,77,-5,5
53798,141,140,1,1
53799,84,111,-27,27
53800,120,105,15,15
53801,46,47,-1,1
53802,59,64,-5,5
53803,136,122,14,14
53804,47,53,-6,6
53805,57,62,-5,5
53806,64,68,-4,4
53807,114,99,15,15
53808,75,69,6,6
53809,72,83,-11,11
53810,58,49,9,9
53811,70,73,-3,3
53812,146,135,11,11
53813,83,99,-16,16
53814,116,128,-12,12
53815,143,148,-5,5
53816,118,120,-2,2
53817,200,200,0,0
53818,116,104,12,12
53819,124,121,3,3
53820,142,145,-3,3
53821,184,161,23,23
53822,137,137,0,0
53823,76,76,0,0
53824,96,90,6,6
53825,52,46,6,6
53826,91,83,8,8
53827,55,52,3,3
53828,95,88,7,7
53829,59,62,-3,3
53830,145,146,-1,1
53831,84,64,20,20
53832,112,105,7,7
53833,63,75,-12,12
53834,60,67,-7,7
53835,134,134,0,0
53836,88,76,12,12
53837,72,73,-1,1
53838,107,112,-5,5
53839,74,71,3,3
53840,94,91,3,3
53841,84,76,8,8
53842,55,75,-20,20
53843,30,40,-10,10
53844,31,47,-16,16
53845,77,76,1,1
53846,74,73,1,1
53847,99,86,13,13
53848,148,133,15,15
53849,70,75,-5,5
53850,86,75,11,11
53851,124,137,-13,13
53852,144,134,10,10
53853,77,76,1,1
53854,117,104,13,13
53855,78,77,1,1
53856,53,62,-9,9
53857,105,100,5,5
53858,79,65,14,14
53859,127,117,10,10
53860,94,89,5,5
53861,159,166,-7,7
53862,90,83,7,7
53863,71,82,-11,11
53864,156,146,10,10
53865,140,127,13,13
53866,57,50,7,7
53867,91,90,1,1
53868,61,66,-5,5
53869,91,102,-11,11
53870,54,62,-8,8
53871,78,79,-1,1
53872,133,121,12,12
53873,121,106,15,15
53874,151,159,-8,8
53875,119,115,4,4
53876,76,102,-26,26
53877,98,90,8,8
53878,97,101,-4,4
53879,41,49,-8,8
53880,149,163,-14,14
53881,119,118,1,1
53882,80,76,4,4
53883,67,64,3,3
53884,70,80,-10,10
53885,120,119,1,1
53886,125,124,1,1
53887,76,86,-10,10
53888,77,87,-10,10
53889,89,96,-7,7
53890,63,62,1,1
53891,163,158,5,5
53892,51,54,-3,3
53893,68,70,-2,2
53894,131,136,-5,5
53895,109,108,1,1
53896,61,61,0,0
53897,118,122,-4,4
53898,103,99,4,4
53899,137,121,16,16
53900,93,87,6,6
53901,116,101,15,15
53902,61,66,-5,5
53903,80,85,-5,5
53904,88,93,-5,5
53905,121,128,-7,7
53906,63,67,-4,4
53907,150,143,7,7
53908,130,131,-1,1
53909,112,112,0,0
53910,48,59,-11,11
53911,159,149,10,10
53912,75,69,6,6
53913,66,71,-5,5
53914,75,74,1,1
53915,70,71,-1,1
53916,80,80,0,0
53917,95,99,-4,4
53918,57,40,17,17
53919,79,77,2,2
53920,69,68,1,1
53921,60,49,11,11
53922,115,102,13,13
53923,121,94,27,27
53924,71,57,14,14
53925,88,88,0,0
53926,97,97,0,0
53927,56,67,-11,11
53928,107,99,8,8
53929,35,43,-8,8
53930,112,118,-6,6
53931,74,80,-6,6
53932,80,82,-2,2
53933,89,99,-10,10
53934,81,90,-9,9
53935,142,133,9,9
53936,109,93,16,16
53937,118,108,10,10
53938,93,83,10,10
53939,127,131,-4,4
53940,84,91,-7,7
53941,135,127,8,8
53942,128,126,2,2
53943,88,84,4,4
53944,77,89,-12,12
53945,73,82,-9,9
53946,92,88,4,4
53947,163,163,0,0
53948,117,107,10,10
53949,186,172,14,14
53950,118,116,2,2
53951,79,67,12,12
53952,81,81,0,0
53953,114,123,-9,9
53954,83,87,-4,4
53955,89,84,5,5
53956,139,141,-2,2
53957,85,90,-5,5
53958,52,67,-15,15
53959,112,101,11,11
53960,79,82,-3,3
53961,90,79,11,11
53962,102,104,-2,2
53963,86,81,5,5
53964,83,77,6,6
53965,149,136,13,13
53966,50,56,-6,6
53967,73,70,3,3
53968,66,68,-2,2
53969,106,114,-8,8
53970,78,75,3,3
53971,85,87,-2,2
53972,97,109,-12,12
53973,50,58,-8,8
53974,126,134,-8,8
53975,83,89,-6,6
53976,98,100,-2,2
53977,75,71,4,4
53978,93,89,4,4
53979,143,133,10,10
53980,142,119,23,23
53981,55,64,-9,9
53982,68,64,4,4
53983,61,57,4,4
53984,68,71,-3,3
53985,119,100,19,19
53986,85,74,11,11
53987,56,43,13,13
53988,105,112,-7,7
53989,74,73,1,1
53990,61,53,8,8
53991,125,132,-7,7
53992,49,47,2,2
53993,117,130,-13,13
53994,109,122,-13,13
53995,108,124,-16,16
53996,153,164,-11,11
53997,59,62,-3,3
53998,173,156,17,17
53999,90,87,3,3
54000,102,85,17,17
54001,53,54,-1,1
54002,91,98,-7,7
54003,162,130,32,32
54004,129,132,-3,3
54005,110,113,-3,3
54006,80,73,7,7
54007,94,85,9,9
54008,107,110,-3,3
54009,57,61,-4,4
54010,109,114,-5,5
54011,73,63,10,10
54012,229,194,35,35
54013,170,173,-3,3
54014,70,57,13,13
54015,104,110,-6,6
54016,83,81,2,2
54017,101,100,1,1
54018,86,92,-6,6
54019,108,112,-4,4
54020,96,92,4,4
54021,80,84,-4,4
54022,68,72,-4,4
54023,91,86,5,5
54024,112,116,-4,4
54025,122,114,8,8
54026,132,134,-2,2
54027,96,93,3,3
54028,81,86,-5,5
54029,80,97,-17,17
54030,101,99,2,2
54031,117,106,11,11
54032,100,103,-3,3
54033,83,97,-14,14
54034,93,96,-3,3
54035,103,100,3,3
54036,48,81,-33,33
54037,110,108,2,2
54038,128,118,10,10
54039,37,56,-19,19
54040,110,118,-8,8
54041,94,93,1,1
54042,127,146,-19,19
54043,70,73,-3,3
54044,112,105,7,7
54045,189,191,-2,2
54046,95,103,-8,8
54047,123,126,-3,3
54048,152,150,2,2
54049,85,78,7,7
54050,60,62,-2,2
54051,74,70,4,4
54052,89,95,-6,6
54053,97,102,-5,5
54054,159,147,12,12
54055,90,87,3,3
54056,76,78,-2,2
54057,83,90,-7,7
54058,71,83,-12,12
54059,105,98,7,7
54060,102,106,-4,4
54061,161,141,20,20
54062,123,103,20,20
54063,85,85,0,0
54064,41,48,-7,7
54065,165,147,18,18
54066,60,93,-33,33
54067,123,122,1,1
54068,59,57,2,2
54069,51,43,8,8
54070,160,163,-3,3
54071,134,136,-2,2
54072,87,88,-1,1
54073,91,91,0,0
54074,52,55,-3,3
54075,111,108,3,3
54076,139,159,-20,20
54077,65,74,-9,9
54078,96,95,1,1
54079,92,85,7,7
54080,77,87,-10,10
54081,106,119,-13,13
54082,194,186,8,8
54083,127,118,9,9
54084,121,101,20,20
54085,140,150,-10,10
54086,129,121,8,8
54087,59,65,-6,6
54088,82,90,-8,8
54089,59,55,4,4
54090,98,95,3,3
54091,214,186,28,28
54092,107,103,4,4
54093,122,132,-10,10
54094,75,66,9,9
54095,52,54,-2,2
54096,129,117,12,12
54097,59,62,-3,3
54098,64,66,-2,2
54099,144,136,8,8
54100,99,91,8,8
54101,156,147,9,9
54102,173,164,9,9
54103,82,80,2,2
54104,145,128,17,17
54105,105,98,7,7
54106,102,111,-9,9
54107,69,72,-3,3
54108,51,51,0,0
54109,44,52,-8,8
54110,30,38,-8,8
54111,118,100,18,18
54112,85,82,3,3
54113,70,66,4,4
54114,61,74,-13,13
54115,69,54,15,15
54116,81,78,3,3
54117,68,58,10,10
54118,149,134,15,15
54119,47,68,-21,21
54120,53,64,-11,11
54121,143,138,5,5
54122,91,96,-5,5
54123,93,94,-1,1
54124,45,51,-6,6
54125,122,123,-1,1
54126,112,106,6,6
54127,165,154,11,11
54128,57,64,-7,7
54129,101,103,-2,2
54130,54,76,-22,22
54131,55,63,-8,8
54132,74,72,2,2
54133,95,98,-3,3
54134,58,97,-39,39
54135,114,120,-6,6
54136,73,84,-11,11
54137,81,79,2,2
54138,63,59,4,4
54139,139,153,-14,14
54140,96,87,9,9
54141,111,110,1,1
54142,157,140,17,17
54143,167,166,1,1
54144,166,138,28,28
54145,115,116,-1,1
54146,80,78,2,2
54147,166,135,31,31
54148,89,87,2,2
54149,69,66,3,3
54150,34,43,-9,9
54151,92,86,6,6
54152,81,104,-23,23
54153,131,137,-6,6
54154,65,70,-5,5
54155,107,109,-2,2
54156,61,69,-8,8
54157,77,84,-7,7
54158,92,106,-14,14
54159,175,173,2,2
54160,154,149,5,5
54161,101,113,-12,12
54162,96,88,8,8
54163,82,78,4,4
54164,72,72,0,0
54165,60,59,1,1
54166,137,123,14,14
54167,44,57,-13,13
54168,77,69,8,8
54169,111,100,11,11
54170,41,52,-11,11
54171,119,103,16,16
54172,83,87,-4,4
54173,108,105,3,3
54174,128,115,13,13
54175,76,94,-18,18
54176,41,54,-13,13
54177,79,80,-1,1
54178,175,162,13,13
54179,115,100,15,15
54180,87,94,-7,7
54181,136,127,9,9
54182,76,79,-3,3
54183,107,108,-1,1
54184,86,99,-13,13
54185,118,105,13,13
54186,98,96,2,2
54187,73,65,8,8
54188,176,155,21,21
54189,110,99,11,11
54190,73,77,-4,4
54191,73,84,-11,11
54192,109,124,-15,15
54193,96,101,-5,5
54194,128,113,15,15
54195,65,67,-2,2
54196,81,86,-5,5
54197,76,74,2,2
54198,81,84,-3,3
54199,55,50,5,5
54200,93,92,1,1
54201,138,134,4,4
54202,127,116,11,11
54203,110,102,8,8
54204,97,96,1,1
54205,106,118,-12,12
54206,70,73,-3,3
54207,84,97,-13,13
54208,103,101,2,2
54209,109,98,11,11
54210,82,80,2,2
54211,82,83,-1,1
54212,75,79,-4,4
54213,96,107,-11,11
54214,74,72,2,2
54215,50,51,-1,1
54216,80,69,11,11
54217,129,139,-10,10
54218,127,125,2,2
54219,101,111,-10,10
54220,94,102,-8,8
54221,80,85,-5,5
54222,51,59,-8,8
54223,98,90,8,8
54224,93,96,-3,3
54225,138,145,-7,7
54226,127,116,11,11
54227,115,116,-1,1
54228,57,62,-5,5
54229,62,71,-9,9
54230,125,118,7,7
54231,74,87,-13,13
54232,104,87,17,17
54233,112,118,-6,6
54234,101,91,10,10
54235,81,70,11,11
54236,58,69,-11,11
54237,98,90,8,8
54238,60,56,4,4
54239,60,63,-3,3
54240,119,110,9,9
54241,92,84,8,8
54242,79,86,-7,7
54243,72,76,-4,4
54244,59,68,-9,9
54245,53,65,-12,12
54246,133,124,9,9
54247,81,95,-14,14
54248,167,150,17,17
54249,110,106,4,4
54250,62,76,-14,14
54251,77,75,2,2
54252,81,90,-9,9
54253,108,96,12,12
54254,107,103,4,4
54255,56,63,-7,7
54256,74,73,1,1
54257,55,71,-16,16
54258,41,49,-8,8
54259,95,87,8,8
54260,80,83,-3,3
54261,107,101,6,6
54262,89,99,-10,10
54263,69,70,-1,1
54264,89,95,-6,6
54265,125,120,5,5
54266,139,163,-24,24
54267,63,82,-19,19
54268,79,84,-5,5
54269,111,116,-5,5
54270,80,80,0,0
54271,89,106,-17,17
54272,65,69,-4,4
54273,139,143,-4,4
54274,105,107,-2,2
54275,59,54,5,5
54276,108,100,8,8
54277,71,75,-4,4
54278,57,71,-14,14
54279,65,66,-1,1
54280,66,65,1,1
54281,171,191,-20,20
54282,69,83,-14,14
54283,137,118,19,19
54284,62,59,3,3
54285,92,92,0,0
54286,87,78,9,9
54287,131,123,8,8
54288,160,170,-10,10
54289,78,85,-7,7
54290,82,96,-14,14
54291,152,169,-17,17
54292,34,39,-5,5
54293,80,89,-9,9
54294,201,191,10,10
54295,89,97,-8,8
54296,88,94,-6,6
54297,137,132,5,5
54298,58,60,-2,2
54299,87,98,-11,11
54300,106,104,2,2
54301,67,67,0,0
54302,57,52,5,5
54303,83,93,-10,10
54304,105,88,17,17
54305,187,183,4,4
54306,92,93,-1,1
54307,43,36,7,7
54308,130,135,-5,5
54309,103,92,11,11
54310,79,67,12,12
54311,176,169,7,7
54312,120,105,15,15
54313,75,67,8,8
54314,75,74,1,1
54315,77,88,-11,11
54316,87,84,3,3
54317,49,57,-8,8
54318,164,139,25,25
54319,142,121,21,21
54320,136,131,5,5
54321,51,53,-2,2
54322,79,77,2,2
54323,173,168,5,5
54324,118,123,-5,5
54325,75,77,-2,2
54326,87,88,-1,1
54327,66,72,-6,6
54328,67,70,-3,3
54329,124,121,3,3
54330,62,63,-1,1
54331,88,92,-4,4
54332,87,80,7,7
54333,125,125,0,0
54334,107,84,23,23
54335,65,55,10,10
54336,50,56,-6,6
54337,80,70,10,10
54338,166,159,7,7
54339,142,136,6,6
54340,171,163,8,8
54341,57,63,-6,6
54342,87,89,-2,2
54343,106,89,17,17
54344,95,97,-2,2
54345,108,97,11,11
54346,105,94,11,11
54347,112,110,2,2
54348,101,83,18,18
54349,89,100,-11,11
54350,49,58,-9,9
54351,84,84,0,0
54352,101,110,-9,9
54353,66,63,3,3
54354,83,83,0,0
54355,58,60,-2,2
54356,85,84,1,1
54357,91,109,-18,18
54358,53,59,-6,6
54359,94,97,-3,3
54360,97,88,9,9
54361,76,74,2,2
54362,45,57,-12,12
54363,49,57,-8,8
54364,150,141,9,9
54365,104,104,0,0
54366,111,110,1,1
54367,68,61,7,7
54368,93,100,-7,7
54369,100,103,-3,3
54370,107,106,1,1
54371,121,119,2,2
54372,60,64,-4,4
54373,134,133,1,1
54374,127,117,10,10
54375,76,83,-7,7
54376,122,117,5,5
54377,71,68,3,3
54378,73,70,3,3
54379,74,73,1,1
54380,133,137,-4,4
54381,78,64,14,14
54382,60,72,-12,12
54383,112,129,-17,17
54384,87,89,-2,2
54385,105,96,9,9
54386,62,72,-10,10
54387,76,73,3,3
54388,124,117,7,7
54389,108,115,-7,7
54390,63,68,-5,5
54391,192,191,1,1
54392,63,71,-8,8
54393,94,107,-13,13
54394,76,94,-18,18
54395,153,141,12,12
54396,145,135,10,10
54397,118,124,-6,6
54398,144,148,-4,4
54399,80,90,-10,10
54400,81,81,0,0
54401,167,161,6,6
54402,112,88,24,24
54403,87,82,5,5
54404,114,98,16,16
54405,96,110,-14,14
54406,72,75,-3,3
54407,148,147,1,1
54408,105,103,2,2
54409,138,139,-1,1
54410,80,67,13,13
54411,79,80,-1,1
54412,92,91,1,1
54413,104,108,-4,4
54414,60,68,-8,8
54415,179,186,-7,7
54416,86,85,1,1
54417,32,51,-19,19
54418,134,105,29,29
54419,71,68,3,3
54420,93,93,0,0
54421,112,106,6,6
54422,117,116,1,1
54423,112,110,2,2
54424,83,88,-5,5
54425,111,103,8,8
54426,143,144,-1,1
54427,84,104,-20,20
54428,58,68,-10,10
54429,78,81,-3,3
54430,116,109,7,7
54431,120,108,12,12
54432,102,101,1,1
54433,155,125,30,30
54434,106,107,-1,1
54435,79,74,5,5
54436,111,116,-5,5
54437,72,74,-2,2
54438,59,61,-2,2
54439,139,137,2,2
54440,119,110,9,9
54441,100,92,8,8
54442,59,71,-12,12
54443,67,68,-1,1
54444,149,151,-2,2
54445,74,72,2,2
54446,96,97,-1,1
54447,196,203,-7,7
54448,144,145,-1,1
54449,101,88,13,13
54450,80,93,-13,13
54451,76,77,-1,1
54452,96,95,1,1
54453,112,104,8,8
54454,73,88,-15,15
54455,126,132,-6,6
54456,92,90,2,2
54457,125,139,-14,14
54458,64,58,6,6
54459,146,137,9,9
54460,77,94,-17,17
54461,148,148,0,0
54462,126,122,4,4
54463,95,100,-5,5
54464,58,59,-1,1
54465,146,137,9,9
54466,148,138,10,10
54467,104,102,2,2
54468,129,111,18,18
54469,60,59,1,1
54470,83,95,-12,12
54471,67,61,6,6
54472,132,129,3,3
54473,82,90,-8,8
54474,34,50,-16,16
54475,76,93,-17,17
54476,116,122,-6,6
54477,119,118,1,1
54478,96,105,-9,9
54479,138,146,-8,8
54480,80,84,-4,4
54481,109,117,-8,8
54482,103,108,-5,5
54483,57,63,-6,6
54484,41,49,-8,8
54485,121,121,0,0
54486,87,84,3,3
54487,125,122,3,3
54488,82,94,-12,12
54489,36,37,-1,1
54490,63,62,1,1
54491,112,106,6,6
54492,90,88,2,2
54493,110,111,-1,1
54494,184,168,16,16
54495,97,106,-9,9
54496,64,67,-3,3
54497,115,99,16,16
54498,85,81,4,4
54499,60,66,-6,6
54500,68,73,-5,5
54501,118,129,-11,11
54502,56,66,-10,10
54503,49,48,1,1
54504,92,97,-5,5
54505,62,50,12,12
54506,131,135,-4,4
54507,125,128,-3,3
54508,146,152,-6,6
54509,78,81,-3,3
54510,69,83,-14,14
54511,76,71,5,5
54512,66,64,2,2
54513,71,71,0,0
54514,97,97,0,0
54515,264,265,-1,1
54516,38,43,-5,5
54517,134,144,-10,10
54518,70,69,1,1
54519,67,72,-5,5
54520,128,117,11,11
54521,138,112,26,26
54522,101,118,-17,17
54523,76,74,2,2
54524,42,60,-18,18
54525,138,125,13,13
54526,126,118,8,8
54527,80,74,6,6
54528,61,67,-6,6
54529,105,89,16,16
54530,113,119,-6,6
54531,96,99,-3,3
54532,97,96,1,1
54533,74,87,-13,13
54534,129,124,5,5
54535,83,65,18,18
54536,87,104,-17,17
54537,72,73,-1,1
54538,120,112,8,8
54539,95,122,-27,27
54540,62,50,12,12
54541,54,54,0,0
54542,80,79,1,1
54543,109,100,9,9
54544,90,85,5,5
54545,30,51,-21,21
54546,103,98,5,5
54547,91,102,-11,11
54548,92,84,8,8
54549,79,88,-9,9
54550,120,120,0,0
54551,131,118,13,13
54552,91,93,-2,2
54553,64,69,-5,5
54554,106,105,1,1
54555,81,81,0,0
54556,86,76,10,10
54557,190,194,-4,4
54558,80,81,-1,1
54559,108,112,-4,4
54560,136,152,-16,16
54561,84,88,-4,4
54562,122,118,4,4
54563,80,73,7,7
54564,80,70,10,10
54565,143,129,14,14
54566,31,31,0,0
54567,96,90,6,6
54568,74,65,9,9
54569,130,129,1,1
54570,99,85,14,14
54571,90,103,-13,13
54572,89,80,9,9
54573,122,110,12,12
54574,116,114,2,2
54575,111,109,2,2
54576,129,121,8,8
54577,97,94,3,3
54578,122,107,15,15
54579,94,111,-17,17
54580,78,79,-1,1
54581,101,95,6,6
54582,77,83,-6,6
54583,99,107,-8,8
54584,91,102,-11,11
54585,74,75,-1,1
54586,120,115,5,5
54587,109,98,11,11
54588,54,62,-8,8
54589,105,94,11,11
54590,140,148,-8,8
54591,175,159,16,16
54592,103,85,18,18
54593,80,92,-12,12
54594,71,75,-4,4
54595,101,99,2,2
54596,91,99,-8,8
54597,75,84,-9,9
54598,51,54,-3,3
54599,59,64,-5,5
54600,108,94,14,14
54601,198,170,28,28
54602,48,53,-5,5
54603,117,123,-6,6
54604,44,45,-1,1
54605,105,107,-2,2
54606,78,80,-2,2
54607,92,108,-16,16
54608,89,91,-2,2
54609,68,67,1,1
54610,50,54,-4,4
54611,83,80,3,3
54612,71,68,3,3
54613,96,122,-26,26
54614,146,140,6,6
54615,134,115,19,19
54616,73,135,-62,62
54617,84,104,-20,20
54618,86,93,-7,7
54619,152,140,12,12
54620,59,65,-6,6
54621,183,206,-23,23
54622,50,61,-11,11
54623,83,79,4,4
54624,103,96,7,7
54625,63,64,-1,1
54626,58,68,-10,10
54627,79,80,-1,1
54628,65,80,-15,15
54629,50,60,-10,10
54630,89,85,4,4
54631,132,119,13,13
54632,91,100,-9,9
54633,79,79,0,0
54634,89,85,4,4
54635,117,132,-15,15
54636,89,79,10,10
54637,109,117,-8,8
54638,124,109,15,15
54639,97,97,0,0
54640,131,124,7,7
54641,86,88,-2,2
54642,77,80,-3,3
54643,96,98,-2,2
54644,94,94,0,0
54645,74,82,-8,8
54646,129,127,2,2
54647,104,93,11,11
54648,113,120,-7,7
54649,99,102,-3,3
54650,63,62,1,1
54651,95,95,0,0
54652,68,74,-6,6
54653,194,193,1,1
54654,99,107,-8,8
54655,123,134,-11,11
54656,119,115,4,4
54657,108,98,10,10
54658,66,86,-20,20
54659,60,70,-10,10
54660,58,67,-9,9
54661,183,172,11,11
54662,190,218,-28,28
54663,165,143,22,22
54664,80,92,-12,12
54665,166,162,4,4
54666,123,126,-3,3
54667,131,131,0,0
54668,62,65,-3,3
54669,83,70,13,13
54670,125,107,18,18
54671,103,116,-13,13
54672,101,120,-19,19
54673,95,82,13,13
54674,59,67,-8,8
54675,107,95,12,12
54676,79,70,9,9
54677,87,79,8,8
54678,84,90,-6,6
54679,67,75,-8,8
54680,75,73,2,2
54681,85,87,-2,2
54682,89,78,11,11
54683,105,124,-19,19
54684,71,73,-2,2
54685,150,139,11,11
54686,59,61,-2,2
54687,86,85,1,1
54688,85,84,1,1
54689,110,121,-11,11
54690,76,75,1,1
54691,100,92,8,8
54692,109,96,13,13
54693,110,117,-7,7
54694,97,118,-21,21
54695,109,109,0,0
54696,188,176,12,12
54697,52,54,-2,2
54698,56,63,-7,7
54699,87,84,3,3
54700,72,71,1,1
54701,171,158,13,13
54702,109,102,7,7
54703,86,89,-3,3
54704,140,119,21,21
54705,113,112,1,1
54706,89,83,6,6
54707,102,94,8,8
54708,82,83,-1,1
54709,87,85,2,2
54710,85,83,2,2
54711,150,139,11,11
54712,151,149,2,2
54713,65,78,-13,13
54714,150,141,9,9
54715,102,97,5,5
54716,88,86,2,2
54717,108,106,2,2
54718,38,57,-19,19
54719,123,129,-6,6
54720,92,79,13,13
54721,120,113,7,7
54722,108,107,1,1
54723,72,69,3,3
54724,62,69,-7,7
54725,105,116,-11,11
54726,71,87,-16,16
54727,99,79,20,20
54728,88,86,2,2
54729,79,74,5,5
54730,86,90,-4,4
54731,116,107,9,9
54732,74,83,-9,9
54733,93,99,-6,6
54734,198,249,-51,51
54735,96,93,3,3
54736,78,77,1,1
54737,57,60,-3,3
54738,45,59,-14,14
54739,140,142,-2,2
54740,76,70,6,6
54741,88,88,0,0
54742,127,119,8,8
54743,50,65,-15,15
54744,101,110,-9,9
54745,71,81,-10,10
54746,141,129,12,12
54747,110,122,-12,12
54748,144,128,16,16
54749,114,128,-14,14
54750,66,61,5,5
54751,90,104,-14,14
54752,83,75,8,8
54753,143,132,11,11
54754,81,75,6,6
54755,41,35,6,6
54756,165,153,12,12
54757,92,92,0,0
54758,43,64,-21,21
54759,84,71,13,13
54760,58,78,-20,20
54761,74,69,5,5
54762,102,86,16,16
54763,62,71,-9,9
54764,115,114,1,1
54765,93,98,-5,5
54766,155,143,12,12
54767,173,174,-1,1
54768,145,135,10,10
54769,75,75,0,0
54770,116,105,11,11
54771,114,116,-2,2
54772,115,113,2,2
54773,123,122,1,1
54774,86,102,-16,16
54775,95,90,5,5
54776,59,56,3,3
54777,123,125,-2,2
54778,111,113,-2,2
54779,109,125,-16,16
54780,92,91,1,1
54781,118,132,-14,14
54782,42,58,-16,16
54783,65,63,2,2
54784,74,80,-6,6
54785,144,141,3,3
54786,139,129,10,10
54787,71,74,-3,3
54788,66,68,-2,2
54789,81,88,-7,7
54790,103,111,-8,8
54791,65,63,2,2
54792,137,157,-20,20
54793,86,92,-6,6
54794,64,50,14,14
54795,96,102,-6,6
54796,76,82,-6,6
54797,56,64,-8,8
54798,59,74,-15,15
54799,70,69,1,1
54800,79,78,1,1
54801,92,80,12,12
54802,64,68,-4,4
54803,141,135,6,6
54804,111,112,-1,1
54805,123,109,14,14
54806,55,65,-10,10
54807,58,62,-4,4
54808,105,98,7,7
54809,124,112,12,12
54810,76,80,-4,4
54811,72,83,-11,11
54812,68,74,-6,6
54813,39,54,-15,15
54814,83,79,4,4
54815,90,85,5,5
54816,84,73,11,11
54817,131,121,10,10
54818,100,93,7,7
54819,68,67,1,1
54820,199,181,18,18
54821,111,105,6,6
54822,63,70,-7,7
54823,112,118,-6,6
54824,58,64,-6,6
54825,167,166,1,1
54826,167,147,20,20
54827,204,204,0,0
54828,88,87,1,1
54829,112,118,-6,6
54830,109,108,1,1
54831,74,58,16,16
54832,118,117,1,1
54833,114,114,0,0
54834,52,55,-3,3
54835,79,69,10,10
54836,63,63,0,0
54837,34,39,-5,5
54838,75,93,-18,18
54839,66,72,-6,6
54840,165,172,-7,7
54841,140,105,35,35
54842,68,72,-4,4
54843,119,116,3,3
54844,109,101,8,8
54845,79,79,0,0
54846,96,83,13,13
54847,96,88,8,8
54848,58,57,1,1
54849,99,92,7,7
54850,68,74,-6,6
54851,61,59,2,2
54852,89,90,-1,1
54853,135,131,4,4
54854,60,65,-5,5
54855,92,89,3,3
54856,84,80,4,4
54857,84,89,-5,5
54858,94,81,13,13
54859,101,108,-7,7
54860,119,113,6,6
54861,139,153,-14,14
54862,84,88,-4,4
54863,204,183,21,21
54864,97,95,2,2
54865,79,90,-11,11
54866,101,103,-2,2
54867,86,88,-2,2
54868,84,74,10,10
54869,67,76,-9,9
54870,98,95,3,3
54871,79,80,-1,1
54872,90,76,14,14
54873,62,56,6,6
54874,65,69,-4,4
54875,62,74,-12,12
54876,41,41,0,0
54877,140,122,18,18
54878,167,159,8,8
54879,129,123,6,6
54880,170,184,-14,14
54881,76,76,0,0
54882,88,97,-9,9
54883,57,60,-3,3
54884,55,57,-2,2
54885,81,80,1,1
54886,142,140,2,2
54887,118,107,11,11
54888,66,59,7,7
54889,61,68,-7,7
54890,97,107,-10,10
54891,88,86,2,2
54892,101,99,2,2
54893,64,105,-41,41
54894,116,109,7,7
54895,90,76,14,14
54896,87,91,-4,4
54897,98,93,5,5
54898,111,104,7,7
54899,67,71,-4,4
54900,51,63,-12,12
54901,123,123,0,0
54902,59,66,-7,7
54903,67,67,0,0
54904,48,51,-3,3
54905,52,67,-15,15
54906,180,177,3,3
54907,61,63,-2,2
54908,162,151,11,11
54909,76,84,-8,8
54910,57,60,-3,3
54911,90,86,4,4
54912,55,67,-12,12
54913,103,113,-10,10
54914,72,86,-14,14
54915,70,60,10,10
54916,154,132,22,22
54917,113,109,4,4
54918,108,114,-6,6
54919,50,68,-18,18
54920,45,65,-20,20
54921,71,63,8,8
54922,132,116,16,16
54923,164,152,12,12
54924,100,98,2,2
54925,46,47,-1,1
54926,85,76,9,9
54927,88,91,-3,3
54928,107,115,-8,8
54929,84,76,8,8
54930,48,50,-2,2
54931,98,95,3,3
54932,154,149,5,5
54933,115,112,3,3
54934,69,67,2,2
54935,47,61,-14,14
54936,79,67,12,12
54937,74,64,10,10
54938,77,81,-4,4
54939,52,56,-4,4
54940,146,136,10,10
54941,74,82,-8,8
54942,122,117,5,5
54943,83,111,-28,28
54944,134,120,14,14
54945,113,154,-41,41
54946,113,110,3,3
54947,100,114,-14,14
54948,77,69,8,8
54949,91,86,5,5
54950,112,139,-27,27
54951,109,99,10,10
54952,97,94,3,3
54953,156,146,10,10
54954,128,112,16,16
54955,88,94,-6,6
54956,68,72,-4,4
54957,69,70,-1,1
54958,137,131,6,6
54959,68,76,-8,8
54960,65,61,4,4
54961,93,83,10,10
54962,58,56,2,2
54963,55,68,-13,13
54964,121,125,-4,4
54965,133,148,-15,15
54966,50,62,-12,12
54967,228,202,26,26
54968,101,91,10,10
54969,51,53,-2,2
54970,89,83,6,6
54971,63,76,-13,13
54972,70,83,-13,13
54973,41,46,-5,5
54974,114,107,7,7
54975,65,67,-2,2
54976,83,85,-2,2
54977,61,68,-7,7
54978,68,69,-1,1
54979,107,109,-2,2
54980,70,154,-84,84
54981,122,107,15,15
54982,44,52,-8,8
54983,138,127,11,11
54984,178,169,9,9
54985,94,86,8,8
54986,107,96,11,11
54987,63,66,-3,3
54988,84,90,-6,6
54989,124,113,11,11
54990,68,80,-12,12
54991,78,84,-6,6
54992,177,170,7,7
54993,49,49,0,0
54994,60,49,11,11
54995,63,74,-11,11
54996,39,70,-31,31
54997,88,80,8,8
54998,150,146,4,4
54999,105,109,-4,4
55000,88,86,2,2
55001,58,43,15,15
55002,47,58,-11,11
55003,135,114,21,21
55004,101,93,8,8
55005,61,60,1,1
55006,114,98,16,16
55007,75,73,2,2
55008,88,80,8,8
55009,69,64,5,5
55010,95,87,8,8
55011,120,125,-5,5
55012,148,152,-4,4
55013,80,83,-3,3
55014,54,61,-7,7
55015,85,83,2,2
55016,123,122,1,1
55017,101,106,-5,5
55018,108,114,-6,6
55019,62,62,0,0
55020,68,85,-17,17
55021,55,59,-4,4
55022,103,100,3,3
55023,115,109,6,6
55024,94,76,18,18
55025,77,79,-2,2
55026,146,153,-7,7
55027,62,74,-12,12
55028,57,63,-6,6
55029,204,194,10,10
55030,52,74,-22,22
55031,111,129,-18,18
55032,67,77,-10,10
55033,116,113,3,3
55034,168,161,7,7
55035,47,47,0,0
55036,75,73,2,2
55037,92,93,-1,1
55038,139,141,-2,2
55039,130,138,-8,8
55040,118,107,11,11
55041,72,85,-13,13
55042,90,106,-16,16
55043,104,78,26,26
55044,99,99,0,0
55045,98,98,0,0
55046,84,86,-2,2
55047,106,96,10,10
55048,69,63,6,6
55049,72,83,-11,11
55050,86,83,3,3
55051,122,105,17,17
55052,103,78,25,25
55053,113,118,-5,5
55054,70,61,9,9
55055,73,94,-21,21
55056,79,77,2,2
55057,102,90,12,12
55058,79,89,-10,10
55059,67,61,6,6
55060,61,63,-2,2
55061,78,86,-8,8
55062,83,81,2,2
55063,91,83,8,8
55064,49,56,-7,7
55065,64,65,-1,1
55066,76,84,-8,8
55067,155,143,12,12
55068,90,106,-16,16
55069,78,101,-23,23
55070,67,73,-6,6
55071,112,104,8,8
55072,90,88,2,2
55073,98,105,-7,7
55074,93,89,4,4
55075,103,103,0,0
55076,64,68,-4,4
55077,94,97,-3,3
55078,58,68,-10,10
55079,76,79,-3,3
55080,153,137,16,16
55081,96,84,12,12
55082,151,147,4,4
55083,60,62,-2,2
55084,87,82,5,5
55085,30,50,-20,20
55086,83,81,2,2
55087,107,114,-7,7
55088,114,111,3,3
55089,74,77,-3,3
55090,99,117,-18,18
55091,120,116,4,4
55092,89,85,4,4
55093,215,209,6,6
55094,53,68,-15,15
55095,74,80,-6,6
55096,112,112,0,0
55097,76,78,-2,2
55098,69,68,1,1
55099,146,131,15,15
55100,92,88,4,4
55101,72,70,2,2
55102,184,194,-10,10
55103,50,42,8,8
55104,82,82,0,0
55105,90,82,8,8
55106,152,136,16,16
55107,41,43,-2,2
55108,149,134,15,15
55109,83,72,11,11
55110,45,55,-10,10
55111,225,222,3,3
55112,169,157,12,12
55113,44,50,-6,6
55114,118,122,-4,4
55115,108,106,2,2
55116,125,115,10,10
55117,124,116,8,8
55118,65,88,-23,23
55119,164,146,18,18
55120,138,137,1,1
55121,87,92,-5,5
55122,51,65,-14,14
55123,98,99,-1,1
55124,64,69,-5,5
55125,63,64,-1,1
55126,101,105,-4,4
55127,90,86,4,4
55128,104,87,17,17
55129,140,135,5,5
55130,121,111,10,10
55131,107,111,-4,4
55132,85,94,-9,9
55133,116,110,6,6
55134,55,64,-9,9
55135,74,83,-9,9
55136,178,176,2,2
55137,134,122,12,12
55138,62,68,-6,6
55139,113,111,2,2
55140,75,68,7,7
55141,84,78,6,6
55142,88,79,9,9
55143,68,85,-17,17
55144,46,46,0,0
55145,150,172,-22,22
55146,99,82,17,17
55147,108,104,4,4
55148,118,83,35,35
55149,48,55,-7,7
55150,104,94,10,10
55151,73,64,9,9
55152,109,99,10,10
55153,62,58,4,4
55154,91,83,8,8
55155,119,115,4,4
55156,157,157,0,0
55157,117,106,11,11
55158,60,63,-3,3
55159,90,96,-6,6
55160,102,102,0,0
55161,100,102,-2,2
55162,99,99,0,0
55163,108,92,16,16
55164,90,83,7,7
55165,120,110,10,10
55166,97,94,3,3
55167,78,82,-4,4
55168,105,116,-11,11
55169,160,158,2,2
55170,143,134,9,9
55171,112,113,-1,1
55172,152,157,-5,5
55173,153,143,10,10
55174,65,80,-15,15
55175,66,72,-6,6
55176,63,65,-2,2
55177,55,79,-24,24
55178,75,80,-5,5
55179,91,87,4,4
55180,81,73,8,8
55181,138,119,19,19
55182,120,105,15,15
55183,86,81,5,5
55184,75,79,-4,4
55185,15,38,-23,23
55186,71,76,-5,5
55187,158,144,14,14
55188,102,84,18,18
55189,58,63,-5,5
55190,54,46,8,8
55191,77,104,-27,27
55192,82,89,-7,7
55193,69,66,3,3
55194,92,95,-3,3
55195,132,134,-2,2
55196,109,107,2,2
55197,192,185,7,7
55198,62,61,1,1
55199,41,47,-6,6
55200,120,113,7,7
55201,82,75,7,7
55202,116,106,10,10
55203,44,59,-15,15
55204,87,89,-2,2
55205,63,72,-9,9
55206,75,86,-11,11
55207,106,105,1,1
55208,198,171,27,27
55209,87,74,13,13
55210,45,59,-14,14
55211,95,100,-5,5
55212,128,123,5,5
55213,72,63,9,9
55214,80,88,-8,8
55215,144,155,-11,11
55216,83,86,-3,3
55217,138,129,9,9
55218,107,97,10,10
55219,42,49,-7,7
55220,105,101,4,4
55221,129,135,-6,6
55222,78,82,-4,4
55223,157,134,23,23
55224,135,124,11,11
55225,38,72,-34,34
55226,174,151,23,23
55227,83,81,2,2
55228,79,76,3,3
55229,172,136,36,36
55230,76,61,15,15
55231,106,83,23,23
55232,102,110,-8,8
55233,60,69,-9,9
55234,160,146,14,14
55235,58,58,0,0
55236,66,62,4,4
55237,93,86,7,7
55238,97,86,11,11
55239,99,105,-6,6
55240,232,218,14,14
55241,111,98,13,13
55242,57,58,-1,1
55243,92,96,-4,4
55244,70,63,7,7
55245,58,73,-15,15
55246,58,57,1,1
55247,80,79,1,1
55248,119,103,16,16
55249,111,107,4,4
55250,73,73,0,0
55251,72,64,8,8
55252,98,99,-1,1
55253,114,129,-15,15
55254,115,112,3,3
55255,180,41,139,139
55256,137,152,-15,15
55257,106,89,17,17
55258,116,119,-3,3
55259,161,152,9,9
55260,53,57,-4,4
55261,160,145,15,15
55262,105,111,-6,6
55263,85,89,-4,4
55264,137,138,-1,1
55265,78,79,-1,1
55266,152,161,-9,9
55267,107,112,-5,5
55268,61,65,-4,4
55269,113,88,25,25
55270,145,132,13,13
55271,125,119,6,6
55272,63,65,-2,2
55273,83,82,1,1
55274,139,122,17,17
55275,79,72,7,7
55276,136,131,5,5
55277,77,84,-7,7
55278,101,89,12,12
55279,54,63,-9,9
55280,103,110,-7,7
55281,84,68,16,16
55282,62,67,-5,5
55283,149,155,-6,6
55284,52,49,3,3
55285,143,150,-7,7
55286,185,177,8,8
55287,121,109,12,12
55288,93,106,-13,13
55289,89,90,-1,1
55290,71,71,0,0
55291,96,88,8,8
55292,92,84,8,8
55293,132,127,5,5
55294,110,126,-16,16
55295,81,80,1,1
55296,138,130,8,8
55297,121,127,-6,6
55298,136,127,9,9
55299,108,120,-12,12
55300,102,105,-3,3
55301,107,112,-5,5
55302,123,120,3,3
55303,78,74,4,4
55304,123,134,-11,11
55305,191,176,15,15
55306,83,92,-9,9
55307,66,71,-5,5
55308,147,145,2,2
55309,75,76,-1,1
55310,142,141,1,1
55311,54,63,-9,9
55312,79,94,-15,15
55313,65,59,6,6
55314,69,65,4,4
55315,92,89,3,3
55316,116,97,19,19
55317,138,109,29,29
55318,60,64,-4,4
55319,113,116,-3,3
55320,107,101,6,6
55321,71,78,-7,7
55322,87,84,3,3
55323,66,67,-1,1
55324,115,121,-6,6
55325,88,89,-1,1
55326,59,65,-6,6
55327,109,95,14,14
55328,101,99,2,2
55329,99,95,4,4
55330,84,87,-3,3
55331,79,84,-5,5
55332,144,131,13,13
55333,74,79,-5,5
55334,67,70,-3,3
55335,79,88,-9,9
55336,69,55,14,14
55337,64,71,-7,7
55338,74,78,-4,4
55339,122,153,-31,31
55340,88,88,0,0
55341,85,99,-14,14
55342,135,142,-7,7
55343,150,132,18,18
55344,120,116,4,4
55345,85,85,0,0
55346,87,83,4,4
55347,69,74,-5,5
55348,136,121,15,15
55349,139,124,15,15
55350,81,78,3,3
55351,88,89,-1,1
55352,117,106,11,11
55353,127,119,8,8
55354,83,82,1,1
55355,53,59,-6,6
55356,41,49,-8,8
55357,97,99,-2,2
55358,169,166,3,3
55359,112,106,6,6
55360,38,51,-13,13
55361,84,85,-1,1
55362,67,66,1,1
55363,92,90,2,2
55364,110,103,7,7
55365,88,82,6,6
55366,78,73,5,5
55367,84,81,3,3
55368,69,68,1,1
55369,99,97,2,2
55370,101,110,-9,9
55371,86,89,-3,3
55372,102,102,0,0
55373,60,57,3,3
55374,54,61,-7,7
55375,111,127,-16,16
55376,138,124,14,14
55377,82,73,9,9
55378,96,112,-16,16
55379,62,71,-9,9
55380,161,159,2,2
55381,73,76,-3,3
55382,92,89,3,3
55383,115,106,9,9
55384,150,136,14,14
55385,78,76,2,2
55386,93,91,2,2
55387,80,80,0,0
55388,88,101,-13,13
55389,89,104,-15,15
55390,107,107,0,0
55391,76,65,11,11
55392,115,124,-9,9
55393,96,97,-1,1
55394,119,108,11,11
55395,56,64,-8,8
55396,100,107,-7,7
55397,101,98,3,3
55398,89,87,2,2
55399,75,82,-7,7
55400,106,98,8,8
55401,68,69,-1,1
55402,69,62,7,7
55403,83,78,5,5
55404,85,89,-4,4
55405,130,128,2,2
55406,64,65,-1,1
55407,44,54,-10,10
55408,83,67,16,16
55409,54,91,-37,37
55410,130,114,16,16
55411,91,95,-4,4
55412,59,70,-11,11
55413,109,94,15,15
55414,145,157,-12,12
55415,65,64,1,1
55416,50,47,3,3
55417,147,133,14,14
55418,90,88,2,2
55419,143,144,-1,1
55420,97,105,-8,8
55421,111,111,0,0
55422,63,67,-4,4
55423,70,85,-15,15
55424,109,92,17,17
55425,108,123,-15,15
55426,149,140,9,9
55427,98,95,3,3
55428,137,123,14,14
55429,45,49,-4,4
55430,95,89,6,6
55431,59,72,-13,13
55432,71,63,8,8
55433,117,114,3,3
55434,73,75,-2,2
55435,80,74,6,6
55436,168,154,14,14
55437,149,152,-3,3
55438,53,52,1,1
55439,65,68,-3,3
55440,160,148,12,12
55441,83,74,9,9
55442,88,90,-2,2
55443,98,87,11,11
55444,51,56,-5,5
55445,54,63,-9,9
55446,70,69,1,1
55447,80,83,-3,3
55448,169,141,28,28
55449,109,102,7,7
55450,57,62,-5,5
55451,119,120,-1,1
55452,238,227,11,11
55453,132,135,-3,3
55454,78,88,-10,10
55455,88,87,1,1
55456,85,91,-6,6
55457,27,54,-27,27
55458,62,72,-10,10
55459,131,119,12,12
55460,138,126,12,12
55461,43,100,-57,57
55462,58,68,-10,10
55463,76,80,-4,4
55464,72,90,-18,18
55465,121,89,32,32
55466,107,101,6,6
55467,81,109,-28,28
55468,49,67,-18,18
55469,113,104,9,9
55470,71,70,1,1
55471,44,43,1,1
55472,81,74,7,7
55473,73,66,7,7
55474,85,94,-9,9
55475,100,95,5,5
55476,126,120,6,6
55477,96,92,4,4
55478,67,67,0,0
55479,114,120,-6,6
55480,97,84,13,13
55481,185,169,16,16
55482,55,63,-8,8
55483,177,171,6,6
55484,85,94,-9,9
55485,117,119,-2,2
55486,157,141,16,16
55487,129,124,5,5
55488,94,94,0,0
55489,87,85,2,2
55490,139,127,12,12
55491,121,111,10,10
55492,65,63,2,2
55493,58,64,-6,6
55494,98,97,1,1
55495,37,62,-25,25
55496,63,70,-7,7
55497,193,195,-2,2
55498,101,98,3,3
55499,69,83,-14,14
55500,133,129,4,4
55501,121,106,15,15
55502,91,94,-3,3
55503,85,86,-1,1
55504,67,76,-9,9
55505,117,117,0,0
55506,61,53,8,8
55507,61,61,0,0
55508,97,109,-12,12
55509,81,85,-4,4
55510,89,89,0,0
55511,58,56,2,2
55512,80,79,1,1
55513,96,90,6,6
55514,87,93,-6,6
55515,69,75,-6,6
55516,116,119,-3,3
55517,138,137,1,1
55518,65,57,8,8
55519,90,87,3,3
55520,87,85,2,2
55521,102,99,3,3
55522,79,86,-7,7
55523,146,140,6,6
55524,130,119,11,11
55525,127,115,12,12
55526,96,91,5,5
55527,80,76,4,4
55528,132,141,-9,9
55529,115,105,10,10
55530,81,93,-12,12
55531,86,84,2,2
55532,105,98,7,7
55533,130,139,-9,9
55534,84,86,-2,2
55535,52,96,-44,44
55536,72,65,7,7
55537,82,78,4,4
55538,115,114,1,1
55539,100,93,7,7
55540,102,106,-4,4
55541,107,102,5,5
55542,116,118,-2,2
55543,61,63,-2,2
55544,95,95,0,0
55545,78,71,7,7
55546,78,85,-7,7
55547,79,72,7,7
55548,82,84,-2,2
55549,71,71,0,0
55550,128,119,9,9
55551,89,99,-10,10
55552,115,135,-20,20
55553,83,77,6,6
55554,80,76,4,4
55555,79,100,-21,21
55556,69,82,-13,13
55557,123,119,4,4
55558,67,74,-7,7
55559,135,129,6,6
55560,134,154,-20,20
55561,133,127,6,6
55562,52,62,-10,10
55563,175,162,13,13
55564,95,87,8,8
55565,122,124,-2,2
55566,74,68,6,6
55567,73,80,-7,7
55568,53,60,-7,7
55569,69,76,-7,7
55570,103,108,-5,5
55571,45,55,-10,10
55572,107,100,7,7
55573,49,53,-4,4
55574,132,121,11,11
55575,89,87,2,2
55576,62,60,2,2
55577,109,99,10,10
55578,81,80,1,1
55579,72,77,-5,5
55580,52,55,-3,3
55581,74,76,-2,2
55582,36,46,-10,10
55583,68,70,-2,2
55584,73,78,-5,5
55585,89,94,-5,5
55586,63,66,-3,3
55587,69,69,0,0
55588,103,129,-26,26
55589,53,64,-11,11
55590,103,98,5,5
55591,108,97,11,11
55592,109,156,-47,47
55593,187,191,-4,4
55594,69,68,1,1
55595,124,113,11,11
55596,117,114,3,3
55597,94,98,-4,4
55598,44,39,5,5
55599,120,101,19,19
55600,140,122,18,18
55601,131,126,5,5
55602,100,102,-2,2
55603,147,141,6,6
55604,55,53,2,2
55605,126,133,-7,7
55606,84,83,1,1
55607,81,86,-5,5
55608,110,90,20,20
55609,68,72,-4,4
55610,90,94,-4,4
55611,79,78,1,1
55612,108,114,-6,6
55613,69,70,-1,1
55614,67,53,14,14
55615,151,148,3,3
55616,121,121,0,0
55617,67,89,-22,22
55618,100,100,0,0
55619,105,100,5,5
55620,105,117,-12,12
55621,92,98,-6,6
55622,107,103,4,4
55623,163,154,9,9
55624,110,109,1,1
55625,115,109,6,6
55626,93,90,3,3
55627,143,137,6,6
55628,105,83,22,22
55629,102,98,4,4
55630,54,53,1,1
55631,117,114,3,3
55632,94,93,1,1
55633,121,101,20,20
55634,51,56,-5,5
55635,93,101,-8,8
55636,136,133,3,3
55637,75,65,10,10
55638,83,71,12,12
55639,90,86,4,4
55640,110,111,-1,1
55641,69,64,5,5
55642,110,113,-3,3
55643,78,81,-3,3
55644,85,77,8,8
55645,89,91,-2,2
55646,86,105,-19,19
55647,106,107,-1,1
55648,102,104,-2,2
55649,52,53,-1,1
55650,207,201,6,6
55651,93,89,4,4
55652,113,121,-8,8
55653,97,108,-11,11
55654,80,96,-16,16
55655,118,127,-9,9
55656,90,94,-4,4
55657,88,95,-7,7
55658,96,94,2,2
55659,103,116,-13,13
55660,65,70,-5,5
55661,48,51,-3,3
55662,85,79,6,6
55663,104,106,-2,2
55664,54,57,-3,3
55665,89,77,12,12
55666,132,126,6,6
55667,83,86,-3,3
55668,80,93,-13,13
55669,76,61,15,15
55670,67,65,2,2
55671,89,90,-1,1
55672,149,144,5,5
55673,106,117,-11,11
55674,149,154,-5,5
55675,52,57,-5,5
55676,58,67,-9,9
55677,70,76,-6,6
55678,78,72,6,6
55679,212,203,9,9
55680,105,154,-49,49
55681,101,95,6,6
55682,107,91,16,16
55683,145,136,9,9
55684,77,80,-3,3
55685,108,91,17,17
55686,97,93,4,4
55687,90,68,22,22
55688,104,106,-2,2
55689,99,95,4,4
55690,94,84,10,10
55691,105,103,2,2
55692,69,72,-3,3
55693,81,88,-7,7
55694,88,88,0,0
55695,112,123,-11,11
55696,93,97,-4,4
55697,130,122,8,8
55698,145,118,27,27
55699,130,117,13,13
55700,62,88,-26,26
55701,99,100,-1,1
55702,67,57,10,10
55703,129,115,14,14
55704,72,78,-6,6
55705,96,86,10,10
55706,76,80,-4,4
55707,102,90,12,12
55708,81,83,-2,2
55709,157,150,7,7
55710,100,102,-2,2
55711,122,118,4,4
55712,65,63,2,2
55713,82,76,6,6
55714,95,93,2,2
55715,133,144,-11,11
55716,108,107,1,1
55717,81,83,-2,2
55718,91,90,1,1
55719,134,127,7,7
55720,146,139,7,7
55721,93,100,-7,7
55722,53,54,-1,1
55723,108,100,8,8
55724,93,92,1,1
55725,99,88,11,11
55726,158,145,13,13
55727,66,66,0,0
55728,66,68,-2,2
55729,83,86,-3,3
55730,103,92,11,11
55731,54,61,-7,7
55732,144,129,15,15
55733,88,104,-16,16
55734,105,94,11,11
55735,115,99,16,16
55736,125,120,5,5
55737,67,75,-8,8
55738,193,157,36,36
55739,127,110,17,17
55740,29,29,0,0
55741,86,90,-4,4
55742,121,141,-20,20
55743,94,85,9,9
55744,125,126,-1,1
55745,174,175,-1,1
55746,163,151,12,12
55747,128,107,21,21
55748,155,135,20,20
55749,123,127,-4,4
55750,100,98,2,2
55751,80,83,-3,3
55752,121,112,9,9
55753,31,58,-27,27
55754,96,84,12,12
55755,80,78,2,2
55756,83,81,2,2
55757,82,77,5,5
55758,97,97,0,0
55759,72,80,-8,8
55760,69,70,-1,1
55761,86,86,0,0
55762,73,76,-3,3
55763,100,110,-10,10
55764,66,74,-8,8
55765,83,73,10,10
55766,92,96,-4,4
55767,68,62,6,6
55768,118,118,0,0
55769,97,131,-34,34
55770,62,63,-1,1
55771,78,75,3,3
55772,48,50,-2,2
55773,98,95,3,3
55774,71,73,-2,2
55775,62,64,-2,2
55776,45,61,-16,16
55777,122,123,-1,1
55778,91,89,2,2
55779,71,146,-75,75
55780,68,66,2,2
55781,118,118,0,0
55782,79,83,-4,4
55783,120,132,-12,12
55784,134,140,-6,6
55785,72,83,-11,11
55786,92,90,2,2
55787,49,54,-5,5
55788,100,99,1,1
55789,90,86,4,4
55790,71,83,-12,12
55791,83,88,-5,5
55792,71,82,-11,11
55793,90,98,-8,8
55794,168,165,3,3
55795,68,81,-13,13
55796,50,73,-23,23
55797,59,58,1,1
55798,52,68,-16,16
55799,104,104,0,0
55800,95,98,-3,3
55801,57,66,-9,9
55802,211,212,-1,1
55803,58,66,-8,8
55804,125,114,11,11
55805,99,98,1,1
55806,88,101,-13,13
55807,182,222,-40,40
55808,99,97,2,2
55809,66,65,1,1
55810,169,147,22,22
55811,105,103,2,2
55812,92,89,3,3
55813,110,102,8,8
55814,111,104,7,7
55815,95,91,4,4
55816,74,69,5,5
55817,135,116,19,19
55818,51,99,-48,48
55819,78,75,3,3
55820,118,113,5,5
55821,118,115,3,3
55822,104,103,1,1
55823,37,52,-15,15
55824,96,113,-17,17
55825,93,92,1,1
55826,60,83,-23,23
55827,102,100,2,2
55828,112,119,-7,7
55829,73,84,-11,11
55830,142,128,14,14
55831,67,71,-4,4
55832,69,61,8,8
55833,103,250,-147,147
55834,42,74,-32,32
55835,99,83,16,16
55836,181,166,15,15
55837,94,91,3,3
55838,83,86,-3,3
55839,98,88,10,10
55840,151,143,8,8
55841,149,127,22,22
55842,92,102,-10,10
55843,129,165,-36,36
55844,79,78,1,1
55845,119,121,-2,2
55846,159,143,16,16
55847,63,70,-7,7
55848,74,67,7,7
55849,141,137,4,4
55850,133,129,4,4
55851,106,101,5,5
55852,180,175,5,5
55853,152,133,19,19
55854,85,82,3,3
55855,118,109,9,9
55856,127,125,2,2
55857,143,147,-4,4
55858,80,92,-12,12
55859,123,129,-6,6
55860,131,126,5,5
55861,53,43,10,10
55862,83,80,3,3
55863,97,91,6,6
55864,120,127,-7,7
55865,71,72,-1,1
55866,127,110,17,17
55867,68,76,-8,8
55868,79,89,-10,10
55869,104,118,-14,14
55870,139,139,0,0
55871,143,150,-7,7
55872,102,113,-11,11
55873,75,88,-13,13
55874,105,108,-3,3
55875,71,63,8,8
55876,52,49,3,3
55877,73,82,-9,9
55878,95,89,6,6
55879,84,66,18,18
55880,77,64,13,13
55881,63,70,-7,7
55882,80,89,-9,9
55883,111,103,8,8
55884,146,130,16,16
55885,136,146,-10,10
55886,58,54,4,4
55887,77,63,14,14
55888,74,100,-26,26
55889,157,155,2,2
55890,113,106,7,7
55891,88,86,2,2
55892,98,107,-9,9
55893,70,75,-5,5
55894,70,82,-12,12
55895,95,93,2,2
55896,113,101,12,12
55897,65,68,-3,3
55898,82,76,6,6
55899,89,90,-1,1
55900,90,93,-3,3
55901,75,94,-19,19
55902,73,67,6,6
55903,45,52,-7,7
55904,75,89,-14,14
55905,89,99,-10,10
55906,127,112,15,15
55907,189,193,-4,4
55908,132,132,0,0
55909,95,85,10,10
55910,113,108,5,5
55911,81,88,-7,7
55912,121,124,-3,3
55913,73,85,-12,12
55914,107,103,4,4
55915,72,70,2,2
55916,110,117,-7,7
55917,69,74,-5,5
55918,149,140,9,9
55919,63,66,-3,3
55920,115,115,0,0
55921,105,100,5,5
55922,88,97,-9,9
55923,65,71,-6,6
55924,87,88,-1,1
55925,94,100,-6,6
55926,125,125,0,0
55927,93,88,5,5
55928,112,109,3,3
55929,103,99,4,4
55930,117,121,-4,4
55931,95,91,4,4
55932,76,71,5,5
55933,94,110,-16,16
55934,50,54,-4,4
55935,115,124,-9,9
55936,105,91,14,14
55937,108,102,6,6
55938,141,137,4,4
55939,102,92,10,10
55940,58,68,-10,10
55941,108,101,7,7
55942,89,81,8,8
55943,71,74,-3,3
55944,59,56,3,3
55945,89,88,1,1
55946,57,62,-5,5
55947,106,98,8,8
55948,161,144,17,17
55949,92,92,0,0
55950,66,70,-4,4
55951,82,79,3,3
55952,84,73,11,11
55953,115,103,12,12
55954,110,104,6,6
55955,135,130,5,5
55956,93,89,4,4
55957,134,149,-15,15
55958,105,97,8,8
55959,79,78,1,1
55960,25,27,-2,2
55961,124,125,-1,1
55962,29,69,-40,40
55963,96,93,3,3
55964,125,122,3,3
55965,52,61,-9,9
55966,101,103,-2,2
55967,70,69,1,1
55968,98,89,9,9
55969,77,73,4,4
55970,167,163,4,4
55971,82,79,3,3
55972,91,81,10,10
55973,70,72,-2,2
55974,74,77,-3,3
55975,121,120,1,1
55976,46,52,-6,6
55977,76,88,-12,12
55978,111,110,1,1
55979,58,67,-9,9
55980,65,63,2,2
55981,53,58,-5,5
55982,109,115,-6,6
55983,80,87,-7,7
55984,88,91,-3,3
55985,110,109,1,1
55986,98,105,-7,7
55987,97,108,-11,11
55988,128,115,13,13
55989,144,130,14,14
55990,82,67,15,15
55991,131,121,10,10
55992,100,103,-3,3
55993,95,98,-3,3
55994,108,99,9,9
55995,82,86,-4,4
55996,73,69,4,4
55997,94,94,0,0
55998,99,106,-7,7
55999,88,83,5,5
56000,157,187,-30,30
56001,75,78,-3,3
56002,95,109,-14,14
56003,82,84,-2,2
56004,160,191,-31,31
56005,146,150,-4,4
56006,166,173,-7,7
56007,76,83,-7,7
56008,139,136,3,3
56009,110,116,-6,6
56010,118,124,-6,6
56011,122,114,8,8
56012,50,56,-6,6
56013,59,63,-4,4
56014,112,113,-1,1
56015,108,125,-17,17
56016,42,44,-2,2
56017,112,109,3,3
56018,126,115,11,11
56019,88,96,-8,8
56020,121,104,17,17
56021,83,76,7,7
56022,95,99,-4,4
56023,98,105,-7,7
56024,104,107,-3,3
56025,66,70,-4,4
56026,129,126,3,3
56027,85,81,4,4
56028,101,104,-3,3
56029,68,68,0,0
56030,86,88,-2,2
56031,79,79,0,0
56032,91,97,-6,6
56033,113,122,-9,9
56034,149,135,14,14
56035,76,83,-7,7
56036,107,109,-2,2
56037,110,114,-4,4
56038,75,77,-2,2
56039,100,98,2,2
56040,110,121,-11,11
56041,115,115,0,0
56042,128,125,3,3
56043,177,169,8,8
56044,105,107,-2,2
56045,79,152,-73,73
56046,126,123,3,3
56047,135,153,-18,18
56048,66,59,7,7
56049,148,138,10,10
56050,128,124,4,4
56051,106,94,12,12
56052,99,87,12,12
56053,73,61,12,12
56054,64,74,-10,10
56055,98,118,-20,20
56056,111,105,6,6
56057,124,128,-4,4
56058,117,111,6,6
56059,94,97,-3,3
56060,86,83,3,3
56061,80,84,-4,4
56062,105,105,0,0
56063,77,80,-3,3
56064,101,95,6,6
56065,118,111,7,7
56066,130,108,22,22
56067,97,95,2,2
56068,77,76,1,1
56069,76,80,-4,4
56070,122,135,-13,13
56071,116,137,-21,21
56072,67,89,-22,22
56073,109,106,3,3
56074,62,64,-2,2
56075,95,84,11,11
56076,130,124,6,6
56077,49,65,-16,16
56078,64,60,4,4
56079,84,87,-3,3
56080,147,123,24,24
56081,121,116,5,5
56082,158,145,13,13
56083,105,86,19,19
56084,99,106,-7,7
56085,108,108,0,0
56086,159,148,11,11
56087,87,85,2,2
56088,128,130,-2,2
56089,58,59,-1,1
56090,110,115,-5,5
56091,187,174,13,13
56092,87,83,4,4
56093,143,147,-4,4
56094,84,84,0,0
56095,132,139,-7,7
56096,74,77,-3,3
56097,109,116,-7,7
56098,86,106,-20,20
56099,111,105,6,6
56100,49,53,-4,4
56101,73,85,-12,12
56102,125,130,-5,5
56103,75,74,1,1
56104,78,88,-10,10
56105,99,95,4,4
56106,103,116,-13,13
56107,106,94,12,12
56108,57,71,-14,14
56109,139,129,10,10
56110,90,79,11,11
56111,67,66,1,1
56112,60,67,-7,7
56113,46,53,-7,7
56114,56,62,-6,6
56115,135,127,8,8
56116,52,41,11,11
56117,102,99,3,3
56118,79,78,1,1
56119,75,77,-2,2
56120,118,118,0,0
56121,107,112,-5,5
56122,24,54,-30,30
56123,102,91,11,11
56124,78,86,-8,8
56125,94,89,5,5
56126,109,92,17,17
56127,139,139,0,0
56128,105,106,-1,1
56129,155,148,7,7
56130,53,55,-2,2
56131,82,93,-11,11
56132,159,167,-8,8
56133,105,100,5,5
56134,102,102,0,0
56135,78,76,2,2
56136,67,57,10,10
56137,149,148,1,1
56138,84,92,-8,8
56139,87,94,-7,7
56140,132,136,-4,4
56141,83,82,1,1
56142,75,84,-9,9
56143,99,94,5,5
56144,77,89,-12,12
56145,97,93,4,4
56146,132,117,15,15
56147,105,108,-3,3
56148,105,94,11,11
56149,59,59,0,0
56150,69,71,-2,2
56151,120,111,9,9
56152,59,69,-10,10
56153,105,96,9,9
56154,81,73,8,8
56155,156,154,2,2
56156,62,71,-9,9
56157,63,67,-4,4
56158,156,153,3,3
56159,48,156,-108,108
56160,81,85,-4,4
56161,78,85,-7,7
56162,72,74,-2,2
56163,110,104,6,6
56164,76,92,-16,16
56165,82,80,2,2
56166,76,74,2,2
56167,106,111,-5,5
56168,109,121,-12,12
56169,96,98,-2,2
56170,129,136,-7,7
56171,71,71,0,0
56172,124,137,-13,13
56173,107,105,2,2
56174,97,100,-3,3
56175,113,104,9,9
56176,152,150,2,2
56177,91,115,-24,24
56178,78,79,-1,1
56179,158,142,16,16
56180,117,117,0,0
56181,97,91,6,6
56182,83,81,2,2
56183,132,129,3,3
56184,79,75,4,4
56185,101,109,-8,8
56186,135,130,5,5
56187,96,71,25,25
56188,82,73,9,9
56189,70,65,5,5
56190,110,109,1,1
56191,141,122,19,19
56192,61,63,-2,2
56193,97,97,0,0
56194,119,100,19,19
56195,67,72,-5,5
56196,92,107,-15,15
56197,84,70,14,14
56198,65,63,2,2
56199,84,100,-16,16
56200,124,118,6,6
56201,135,139,-4,4
56202,146,130,16,16
56203,109,118,-9,9
56204,145,145,0,0
56205,89,79,10,10
56206,136,133,3,3
56207,85,81,4,4
56208,55,53,2,2
56209,92,106,-14,14
56210,61,66,-5,5
56211,132,125,7,7
56212,65,79,-14,14
56213,112,114,-2,2
56214,107,105,2,2
56215,48,57,-9,9
56216,55,65,-10,10
56217,109,101,8,8
56218,136,125,11,11
56219,94,92,2,2
56220,45,51,-6,6
56221,139,133,6,6
56222,72,80,-8,8
56223,156,150,6,6
56224,58,65,-7,7
56225,96,82,14,14
56226,83,78,5,5
56227,94,79,15,15
56228,29,33,-4,4
56229,124,113,11,11
56230,71,81,-10,10
56231,146,130,16,16
56232,97,90,7,7
56233,104,109,-5,5
56234,32,43,-11,11
56235,140,136,4,4
56236,57,56,1,1
56237,112,109,3,3
56238,70,80,-10,10
56239,92,84,8,8
56240,57,67,-10,10
56241,107,121,-14,14
56242,76,78,-2,2
56243,81,89,-8,8
56244,115,122,-7,7
56245,22,61,-39,39
56246,96,100,-4,4
56247,84,95,-11,11
56248,103,104,-1,1
56249,126,107,19,19
56250,76,77,-1,1
56251,159,143,16,16
56252,74,65,9,9
56253,87,78,9,9
56254,46,61,-15,15
56255,33,61,-28,28
56256,76,65,11,11
56257,98,101,-3,3
56258,73,65,8,8
56259,105,92,13,13
56260,51,58,-7,7
56261,94,86,8,8
56262,54,69,-15,15
56263,86,94,-8,8
56264,60,78,-18,18
56265,144,134,10,10
56266,74,64,10,10
56267,90,90,0,0
56268,100,108,-8,8
56269,107,115,-8,8
56270,129,117,12,12
56271,133,128,5,5
56272,70,71,-1,1
56273,101,95,6,6
56274,60,71,-11,11
56275,200,173,27,27
56276,64,73,-9,9
56277,143,129,14,14
56278,90,88,2,2
56279,72,70,2,2
56280,85,89,-4,4
56281,136,130,6,6
56282,94,103,-9,9
56283,135,125,10,10
56284,102,98,4,4
56285,71,86,-15,15
56286,74,83,-9,9
56287,122,128,-6,6
56288,86,79,7,7
56289,40,38,2,2
56290,109,116,-7,7
56291,113,140,-27,27
56292,110,108,2,2
56293,68,107,-39,39
56294,130,131,-1,1
56295,89,91,-2,2
56296,106,103,3,3
56297,98,93,5,5
56298,71,63,8,8
56299,128,137,-9,9
56300,158,138,20,20
56301,82,81,1,1
56302,42,43,-1,1
56303,67,66,1,1
56304,107,114,-7,7
56305,77,86,-9,9
56306,113,125,-12,12
56307,73,76,-3,3
56308,189,182,7,7
56309,101,104,-3,3
56310,117,128,-11,11
56311,113,120,-7,7
56312,81,76,5,5
56313,113,105,8,8
56314,108,108,0,0
56315,133,149,-16,16
56316,117,116,1,1
56317,119,118,1,1
56318,72,67,5,5
56319,72,89,-17,17
56320,105,111,-6,6
56321,70,71,-1,1
56322,66,66,0,0
56323,152,133,19,19
56324,89,87,2,2
56325,20,32,-12,12
56326,72,70,2,2
56327,89,83,6,6
56328,83,94,-11,11
56329,121,126,-5,5
56330,119,106,13,13
56331,101,98,3,3
56332,84,89,-5,5
56333,78,81,-3,3
56334,166,155,11,11
56335,117,112,5,5
56336,141,129,12,12
56337,123,119,4,4
56338,162,155,7,7
56339,50,54,-4,4
56340,60,58,2,2
56341,86,88,-2,2
56342,70,67,3,3
56343,129,126,3,3
56344,65,66,-1,1
56345,75,86,-11,11
56346,91,82,9,9
56347,55,62,-7,7
56348,82,87,-5,5
56349,102,100,2,2
56350,74,65,9,9
56351,84,84,0,0
56352,128,121,7,7
56353,91,90,1,1
56354,120,123,-3,3
56355,85,92,-7,7
56356,108,122,-14,14
56357,72,72,0,0
56358,90,81,9,9
56359,85,89,-4,4
56360,112,114,-2,2
56361,148,156,-8,8
56362,105,111,-6,6
56363,44,-3,47,47
56364,42,60,-18,18
56365,103,104,-1,1
56366,93,83,10,10
56367,63,59,4,4
56368,169,174,-5,5
56369,65,66,-1,1
56370,74,69,5,5
56371,99,94,5,5
56372,129,133,-4,4
56373,93,88,5,5
56374,139,128,11,11
56375,64,114,-50,50
56376,93,100,-7,7
56377,53,73,-20,20
56378,110,106,4,4
56379,97,93,4,4
56380,170,166,4,4
56381,56,70,-14,14
56382,172,183,-11,11
56383,71,67,4,4
56384,161,148,13,13
56385,130,137,-7,7
56386,101,99,2,2
56387,107,105,2,2
56388,101,95,6,6
56389,64,61,3,3
56390,75,75,0,0
56391,128,136,-8,8
56392,80,81,-1,1
56393,129,131,-2,2
56394,54,64,-10,10
56395,71,77,-6,6
56396,55,50,5,5
56397,91,97,-6,6
56398,119,102,17,17
56399,94,97,-3,3
56400,158,142,16,16
56401,60,68,-8,8
56402,158,159,-1,1
56403,56,47,9,9
56404,121,122,-1,1
56405,79,83,-4,4
56406,120,115,5,5
56407,64,73,-9,9
56408,62,86,-24,24
56409,80,77,3,3
56410,135,115,20,20
56411,102,121,-19,19
56412,115,99,16,16
56413,142,152,-10,10
56414,115,135,-20,20
56415,119,130,-11,11
56416,138,143,-5,5
56417,97,85,12,12
56418,80,72,8,8
56419,97,96,1,1
56420,111,109,2,2
56421,91,96,-5,5
56422,95,94,1,1
56423,91,92,-1,1
56424,101,90,11,11
56425,130,127,3,3
56426,89,85,4,4
56427,86,93,-7,7
56428,178,165,13,13
56429,168,153,15,15
56430,63,54,9,9
56431,69,62,7,7
56432,186,167,19,19
56433,143,133,10,10
56434,76,68,8,8
56435,87,87,0,0
56436,46,56,-10,10
56437,81,86,-5,5
56438,43,53,-10,10
56439,125,122,3,3
56440,190,181,9,9
56441,112,101,11,11
56442,161,157,4,4
56443,119,119,0,0
56444,98,98,0,0
56445,122,112,10,10
56446,94,98,-4,4
56447,68,62,6,6
56448,103,92,11,11
56449,126,119,7,7
56450,75,68,7,7
56451,123,110,13,13
56452,81,83,-2,2
56453,144,150,-6,6
56454,53,55,-2,2
56455,164,147,17,17
56456,60,67,-7,7
56457,117,116,1,1
56458,121,122,-1,1
56459,90,98,-8,8
56460,86,95,-9,9
56461,63,67,-4,4
56462,147,137,10,10
56463,103,101,2,2
56464,68,73,-5,5
56465,91,87,4,4
56466,81,71,10,10
56467,71,77,-6,6
56468,63,65,-2,2
56469,123,119,4,4
56470,105,104,1,1
56471,81,80,1,1
56472,112,128,-16,16
56473,78,87,-9,9
56474,85,80,5,5
56475,118,118,0,0
56476,65,70,-5,5
56477,127,127,0,0
56478,83,84,-1,1
56479,91,92,-1,1
56480,62,63,-1,1
56481,75,81,-6,6
56482,88,95,-7,7
56483,163,158,5,5
56484,48,64,-16,16
56485,93,116,-23,23
56486,85,84,1,1
56487,142,134,8,8
56488,93,92,1,1
56489,73,76,-3,3
56490,65,64,1,1
56491,83,84,-1,1
56492,77,80,-3,3
56493,113,117,-4,4
56494,121,114,7,7
56495,71,72,-1,1
56496,64,81,-17,17
56497,70,85,-15,15
56498,155,148,7,7
56499,59,65,-6,6
56500,80,67,13,13
56501,80,81,-1,1
56502,59,61,-2,2
56503,83,79,4,4
56504,68,64,4,4
56505,77,91,-14,14
56506,121,114,7,7
56507,63,71,-8,8
56508,82,75,7,7
56509,145,136,9,9
56510,63,80,-17,17
56511,124,131,-7,7
56512,83,90,-7,7
56513,175,168,7,7
56514,185,190,-5,5
56515,65,66,-1,1
56516,61,66,-5,5
56517,76,72,4,4
56518,75,82,-7,7
56519,74,101,-27,27
56520,136,116,20,20
56521,47,46,1,1
56522,66,43,23,23
56523,131,115,16,16
56524,123,104,19,19
56525,118,107,11,11
56526,58,61,-3,3
56527,89,75,14,14
56528,156,141,15,15
56529,55,62,-7,7
56530,115,100,15,15
56531,111,112,-1,1
56532,116,126,-10,10
56533,62,72,-10,10
56534,108,102,6,6
56535,120,127,-7,7
56536,112,116,-4,4
56537,56,73,-17,17
56538,142,141,1,1
56539,91,78,13,13
56540,86,87,-1,1
56541,121,118,3,3
56542,80,69,11,11
56543,103,103,0,0
56544,76,88,-12,12
56545,100,134,-34,34
56546,94,88,6,6
56547,117,128,-11,11
56548,84,76,8,8
56549,87,89,-2,2
56550,127,132,-5,5
56551,90,107,-17,17
56552,96,95,1,1
56553,56,63,-7,7
56554,74,71,3,3
56555,98,96,2,2
56556,107,109,-2,2
56557,125,101,24,24
56558,66,63,3,3
56559,91,98,-7,7
56560,154,171,-17,17
56561,151,137,14,14
56562,77,63,14,14
56563,60,70,-10,10
56564,72,83,-11,11
56565,132,113,19,19
56566,74,73,1,1
56567,63,52,11,11
56568,129,121,8,8
56569,169,167,2,2
56570,88,100,-12,12
56571,129,133,-4,4
56572,140,126,14,14
56573,80,92,-12,12
56574,94,99,-5,5
56575,49,61,-12,12
56576,145,145,0,0
56577,97,95,2,2
56578,94,95,-1,1
56579,83,86,-3,3
56580,135,124,11,11
56581,103,94,9,9
56582,40,49,-9,9
56583,119,144,-25,25
56584,60,60,0,0
56585,44,46,-2,2
56586,104,101,3,3
56587,49,64,-15,15
56588,70,75,-5,5
56589,59,59,0,0
56590,114,126,-12,12
56591,65,58,7,7
56592,60,65,-5,5
56593,121,129,-8,8
56594,115,108,7,7
56595,75,81,-6,6
56596,74,88,-14,14
56597,103,104,-1,1
56598,59,64,-5,5
56599,125,127,-2,2
56600,94,90,4,4
56601,73,73,0,0
56602,54,56,-2,2
56603,58,59,-1,1
56604,174,175,-1,1
56605,46,44,2,2
56606,79,79,0,0
56607,108,102,6,6
56608,50,64,-14,14
56609,120,115,5,5
56610,159,155,4,4
56611,171,175,-4,4
56612,81,72,9,9
56613,85,85,0,0
56614,118,143,-25,25
56615,73,76,-3,3
56616,114,111,3,3
56617,77,61,16,16
56618,150,124,26,26
56619,72,93,-21,21
56620,64,82,-18,18
56621,85,91,-6,6
56622,112,120,-8,8
56623,57,62,-5,5
56624,101,106,-5,5
56625,83,84,-1,1
56626,74,72,2,2
56627,142,129,13,13
56628,111,101,10,10
56629,135,119,16,16
56630,64,62,2,2
56631,75,66,9,9
56632,188,191,-3,3
56633,63,86,-23,23
56634,124,110,14,14
56635,42,57,-15,15
56636,136,124,12,12
56637,50,60,-10,10
56638,87,102,-15,15
56639,140,123,17,17
56640,94,92,2,2
56641,94,91,3,3
56642,61,80,-19,19
56643,86,87,-1,1
56644,126,108,18,18
56645,63,69,-6,6
56646,82,83,-1,1
56647,140,148,-8,8
56648,134,130,4,4
56649,79,82,-3,3
56650,126,133,-7,7
56651,101,111,-10,10
56652,103,99,4,4
56653,70,69,1,1
56654,85,76,9,9
56655,84,90,-6,6
56656,58,66,-8,8
56657,139,124,15,15
56658,67,88,-21,21
56659,101,98,3,3
56660,83,90,-7,7
56661,66,65,1,1
56662,59,49,10,10
56663,77,78,-1,1
56664,53,63,-10,10
56665,130,125,5,5
56666,59,69,-10,10
56667,94,91,3,3
56668,120,119,1,1
56669,108,102,6,6
56670,95,86,9,9
56671,67,63,4,4
56672,103,110,-7,7
56673,68,62,6,6
56674,82,67,15,15
56675,111,114,-3,3
56676,78,77,1,1
56677,59,63,-4,4
56678,72,80,-8,8
56679,101,97,4,4
56680,77,88,-11,11
56681,65,65,0,0
56682,64,81,-17,17
56683,57,64,-7,7
56684,95,104,-9,9
56685,68,75,-7,7
56686,137,127,10,10
56687,65,69,-4,4
56688,82,78,4,4
56689,73,81,-8,8
56690,96,113,-17,17
56691,110,124,-14,14
56692,139,142,-3,3
56693,87,77,10,10
56694,113,96,17,17
56695,40,53,-13,13
56696,81,95,-14,14
56697,51,56,-5,5
56698,173,177,-4,4
56699,72,88,-16,16
56700,107,107,0,0
56701,112,119,-7,7
56702,125,124,1,1
56703,56,66,-10,10
56704,141,125,16,16
56705,150,138,12,12
56706,136,141,-5,5
56707,127,120,7,7
56708,132,140,-8,8
56709,96,90,6,6
56710,35,53,-18,18
56711,86,81,5,5
56712,108,105,3,3
56713,149,141,8,8
56714,103,110,-7,7
56715,144,154,-10,10
56716,135,123,12,12
56717,112,99,13,13
56718,86,101,-15,15
56719,54,51,3,3
56720,78,75,3,3
56721,72,74,-2,2
56722,87,88,-1,1
56723,79,104,-25,25
56724,109,126,-17,17
56725,120,109,11,11
56726,173,157,16,16
56727,57,72,-15,15
56728,40,59,-19,19
56729,82,92,-10,10
56730,70,81,-11,11
56731,86,97,-11,11
56732,98,99,-1,1
56733,134,141,-7,7
56734,45,48,-3,3
56735,129,128,1,1
56736,68,65,3,3
56737,91,88,3,3
56738,113,104,9,9
56739,52,63,-11,11
56740,94,92,2,2
56741,94,103,-9,9
56742,113,113,0,0
56743,128,114,14,14
56744,99,109,-10,10
56745,105,102,3,3
56746,86,111,-25,25
56747,148,141,7,7
56748,138,124,14,14
56749,99,74,25,25
56750,94,98,-4,4
56751,73,83,-10,10
56752,153,141,12,12
56753,95,99,-4,4
56754,118,121,-3,3
56755,129,124,5,5
56756,50,74,-24,24
56757,123,123,0,0
56758,142,133,9,9
56759,123,122,1,1
56760,148,143,5,5
56761,107,110,-3,3
56762,98,103,-5,5
56763,112,107,5,5
56764,137,133,4,4
56765,106,114,-8,8
56766,97,94,3,3
56767,96,101,-5,5
56768,245,197,48,48
56769,115,90,25,25
56770,81,73,8,8
56771,130,103,27,27
56772,86,79,7,7
56773,128,125,3,3
56774,73,70,3,3
56775,110,99,11,11
56776,130,113,17,17
56777,97,91,6,6
56778,80,72,8,8
56779,91,93,-2,2
56780,88,74,14,14
56781,105,99,6,6
56782,75,66,9,9
56783,93,111,-18,18
56784,115,107,8,8
56785,133,127,6,6
56786,142,120,22,22
56787,62,79,-17,17
56788,78,88,-10,10
56789,91,83,8,8
56790,102,97,5,5
56791,109,111,-2,2
56792,102,92,10,10
56793,90,85,5,5
56794,135,125,10,10
56795,31,54,-23,23
56796,143,131,12,12
56797,123,111,12,12
56798,102,94,8,8
56799,59,57,2,2
56800,83,91,-8,8
56801,99,104,-5,5
56802,50,55,-5,5
56803,168,150,18,18
56804,80,99,-19,19
56805,104,118,-14,14
56806,117,112,5,5
56807,113,112,1,1
56808,73,90,-17,17
56809,72,89,-17,17
56810,144,150,-6,6
56811,131,124,7,7
56812,107,128,-21,21
56813,85,90,-5,5
56814,58,69,-11,11
56815,67,62,5,5
56816,62,54,8,8
56817,63,62,1,1
56818,148,145,3,3
56819,139,134,5,5
56820,82,96,-14,14
56821,133,123,10,10
56822,70,79,-9,9
56823,99,103,-4,4
56824,115,103,12,12
56825,121,124,-3,3
56826,107,114,-7,7
56827,113,100,13,13
56828,61,61,0,0
56829,80,76,4,4
56830,78,77,1,1
56831,68,62,6,6
56832,122,129,-7,7
56833,109,115,-6,6
56834,71,74,-3,3
56835,60,62,-2,2
56836,125,112,13,13
56837,68,91,-23,23
56838,114,117,-3,3
56839,93,79,14,14
56840,75,81,-6,6
56841,99,93,6,6
56842,133,130,3,3
56843,78,84,-6,6
56844,45,54,-9,9
56845,87,70,17,17
56846,72,84,-12,12
56847,129,129,0,0
56848,93,90,3,3
56849,95,107,-12,12
56850,119,128,-9,9
56851,96,80,16,16
56852,45,48,-3,3
56853,151,142,9,9
56854,75,76,-1,1
56855,84,88,-4,4
56856,75,72,3,3
56857,97,142,-45,45
56858,79,80,-1,1
56859,132,128,4,4
56860,108,108,0,0
56861,115,113,2,2
56862,89,103,-14,14
56863,84,93,-9,9
56864,132,131,1,1
56865,94,83,11,11
56866,182,188,-6,6
56867,170,175,-5,5
56868,93,89,4,4
56869,70,81,-11,11
56870,38,42,-4,4
56871,102,111,-9,9
56872,139,128,11,11
56873,97,100,-3,3
56874,87,80,7,7
56875,86,81,5,5
56876,76,93,-17,17
56877,91,109,-18,18
56878,81,72,9,9
56879,86,73,13,13
56880,90,90,0,0
56881,73,81,-8,8
56882,122,118,4,4
56883,81,81,0,0
56884,182,170,12,12
56885,73,78,-5,5
56886,108,101,7,7
56887,70,71,-1,1
56888,170,154,16,16
56889,98,93,5,5
56890,83,91,-8,8
56891,89,99,-10,10
56892,79,95,-16,16
56893,77,80,-3,3
56894,82,88,-6,6
56895,79,82,-3,3
56896,165,153,12,12
56897,57,66,-9,9
56898,94,102,-8,8
56899,101,89,12,12
56900,170,173,-3,3
56901,68,77,-9,9
56902,121,109,12,12
56903,137,117,20,20
56904,72,72,0,0
56905,109,104,5,5
56906,81,76,5,5
56907,71,76,-5,5
56908,135,133,2,2
56909,105,97,8,8
56910,101,93,8,8
56911,71,83,-12,12
56912,93,93,0,0
56913,75,76,-1,1
56914,68,124,-56,56
56915,107,109,-2,2
56916,76,75,1,1
56917,127,129,-2,2
56918,117,126,-9,9
56919,123,111,12,12
56920,158,159,-1,1
56921,96,98,-2,2
56922,44,64,-20,20
56923,100,102,-2,2
56924,69,73,-4,4
56925,77,80,-3,3
56926,66,77,-11,11
56927,71,63,8,8
56928,117,105,12,12
56929,103,106,-3,3
56930,99,89,10,10
56931,131,135,-4,4
56932,50,55,-5,5
56933,39,39,0,0
56934,74,79,-5,5
56935,51,55,-4,4
56936,91,91,0,0
56937,104,109,-5,5
56938,76,79,-3,3
56939,126,114,12,12
56940,79,82,-3,3
56941,88,92,-4,4
56942,103,108,-5,5
56943,156,151,5,5
56944,153,153,0,0
56945,82,83,-1,1
56946,69,81,-12,12
56947,85,88,-3,3
56948,90,95,-5,5
56949,118,118,0,0
56950,113,117,-4,4
56951,63,71,-8,8
56952,39,42,-3,3
56953,125,119,6,6
56954,111,140,-29,29
56955,85,82,3,3
56956,69,72,-3,3
56957,164,161,3,3
56958,115,120,-5,5
56959,100,126,-26,26
56960,97,100,-3,3
56961,76,90,-14,14
56962,109,112,-3,3
56963,122,119,3,3
56964,75,79,-4,4
56965,94,100,-6,6
56966,73,71,2,2
56967,138,126,12,12
56968,109,96,13,13
56969,84,78,6,6
56970,65,71,-6,6
56971,97,93,4,4
56972,150,141,9,9
56973,158,156,2,2
56974,74,76,-2,2
56975,64,75,-11,11
56976,102,101,1,1
56977,83,95,-12,12
56978,181,173,8,8
56979,149,146,3,3
56980,67,65,2,2
56981,108,112,-4,4
56982,126,126,0,0
56983,129,127,2,2
56984,123,115,8,8
56985,88,85,3,3
56986,79,94,-15,15
56987,122,108,14,14
56988,88,79,9,9
56989,129,125,4,4
56990,82,86,-4,4
56991,72,78,-6,6
56992,116,101,15,15
56993,93,86,7,7
56994,82,76,6,6
56995,153,150,3,3
56996,169,150,19,19
56997,79,89,-10,10
56998,92,91,1,1
56999,123,109,14,14
57000,75,101,-26,26
57001,162,172,-10,10
57002,79,77,2,2
57003,90,93,-3,3
57004,74,85,-11,11
57005,130,128,2,2
57006,128,118,10,10
57007,75,92,-17,17
57008,86,84,2,2
57009,111,120,-9,9
57010,100,95,5,5
57011,57,62,-5,5
57012,126,115,11,11
57013,61,68,-7,7
57014,79,72,7,7
57015,80,70,10,10
57016,49,55,-6,6
57017,83,94,-11,11
57018,65,73,-8,8
57019,76,75,1,1
57020,99,90,9,9
57021,152,134,18,18
57022,74,76,-2,2
57023,90,105,-15,15
57024,116,124,-8,8
57025,150,186,-36,36
57026,98,109,-11,11
57027,136,124,12,12
57028,109,100,9,9
57029,131,143,-12,12
57030,44,55,-11,11
57031,52,66,-14,14
57032,73,75,-2,2
57033,160,154,6,6
57034,104,104,0,0
57035,71,60,11,11
57036,52,63,-11,11
57037,69,69,0,0
57038,120,111,9,9
57039,51,41,10,10
57040,65,71,-6,6
57041,93,89,4,4
57042,62,85,-23,23
57043,108,96,12,12
57044,86,90,-4,4
57045,65,74,-9,9
57046,151,150,1,1
57047,82,85,-3,3
57048,54,64,-10,10
57049,57,61,-4,4
57050,87,96,-9,9
57051,75,83,-8,8
57052,76,78,-2,2
57053,144,159,-15,15
57054,82,90,-8,8
57055,70,66,4,4
57056,65,71,-6,6
57057,130,133,-3,3
57058,179,188,-9,9
57059,143,144,-1,1
57060,128,127,1,1
57061,59,63,-4,4
57062,141,134,7,7
57063,91,76,15,15
57064,117,108,9,9
57065,103,104,-1,1
57066,102,98,4,4
57067,150,146,4,4
57068,91,88,3,3
57069,82,80,2,2
57070,72,61,11,11
57071,146,124,22,22
57072,51,61,-10,10
57073,119,124,-5,5
57074,94,101,-7,7
57075,113,102,11,11
57076,115,110,5,5
57077,50,69,-19,19
57078,72,91,-19,19
57079,127,119,8,8
57080,67,94,-27,27
57081,76,76,0,0
57082,96,107,-11,11
57083,137,157,-20,20
57084,189,184,5,5
57085,83,85,-2,2
57086,90,96,-6,6
57087,85,82,3,3
57088,99,93,6,6
57089,88,85,3,3
57090,163,175,-12,12
57091,78,79,-1,1
57092,63,58,5,5
57093,87,94,-7,7
57094,81,90,-9,9
57095,117,137,-20,20
57096,86,78,8,8
57097,97,101,-4,4
57098,120,113,7,7
57099,61,51,10,10
57100,109,109,0,0
57101,82,89,-7,7
57102,98,88,10,10
57103,100,96,4,4
57104,114,99,15,15
57105,61,68,-7,7
57106,88,90,-2,2
57107,75,64,11,11
57108,96,105,-9,9
57109,125,122,3,3
57110,216,197,19,19
57111,91,81,10,10
57112,149,173,-24,24
57113,104,101,3,3
57114,69,71,-2,2
57115,65,71,-6,6
57116,116,108,8,8
57117,66,70,-4,4
57118,53,58,-5,5
57119,61,59,2,2
57120,106,107,-1,1
57121,118,108,10,10
57122,145,144,1,1
57123,90,89,1,1
57124,76,72,4,4
57125,48,49,-1,1
57126,38,44,-6,6
57127,65,63,2,2
57128,98,93,5,5
57129,48,53,-5,5
57130,93,88,5,5
57131,117,112,5,5
57132,66,66,0,0
57133,110,91,19,19
57134,121,111,10,10
57135,95,100,-5,5
57136,81,84,-3,3
57137,48,60,-12,12
57138,80,90,-10,10
57139,136,147,-11,11
57140,55,49,6,6
57141,110,102,8,8
57142,104,123,-19,19
57143,89,84,5,5
57144,90,99,-9,9
57145,111,110,1,1
57146,85,106,-21,21
57147,113,112,1,1
57148,100,100,0,0
57149,147,139,8,8
57150,86,96,-10,10
57151,76,84,-8,8
57152,164,142,22,22
57153,130,120,10,10
57154,99,93,6,6
57155,40,52,-12,12
57156,175,176,-1,1
57157,148,134,14,14
57158,106,108,-2,2
57159,152,157,-5,5
57160,91,102,-11,11
57161,98,103,-5,5
57162,51,76,-25,25
57163,88,94,-6,6
57164,89,87,2,2
57165,63,61,2,2
57166,84,84,0,0
57167,75,69,6,6
57168,117,104,13,13
57169,111,108,3,3
57170,134,139,-5,5
57171,81,92,-11,11
57172,101,104,-3,3
57173,61,60,1,1
57174,116,113,3,3
57175,77,86,-9,9
57176,121,110,11,11
57177,101,99,2,2
57178,22,32,-10,10
57179,89,101,-12,12
57180,134,131,3,3
57181,132,133,-1,1
57182,48,54,-6,6
57183,102,97,5,5
57184,90,77,13,13
57185,89,87,2,2
57186,109,111,-2,2
57187,164,147,17,17
57188,93,93,0,0
57189,93,94,-1,1
57190,63,79,-16,16
57191,99,97,2,2
57192,72,87,-15,15
57193,85,99,-14,14
57194,76,79,-3,3
57195,85,85,0,0
57196,125,94,31,31
57197,63,63,0,0
57198,47,61,-14,14
57199,123,129,-6,6
57200,88,96,-8,8
57201,75,81,-6,6
57202,78,77,1,1
57203,73,60,13,13
57204,113,129,-16,16
57205,88,83,5,5
57206,91,80,11,11
57207,99,86,13,13
57208,92,103,-11,11
57209,102,111,-9,9
57210,84,93,-9,9
57211,153,148,5,5
57212,117,122,-5,5
57213,61,56,5,5
57214,81,82,-1,1
57215,148,132,16,16
57216,88,84,4,4
57217,109,114,-5,5
57218,124,126,-2,2
57219,44,52,-8,8
57220,75,77,-2,2
57221,107,109,-2,2
57222,74,81,-7,7
57223,75,67,8,8
57224,97,84,13,13
57225,95,91,4,4
57226,72,72,0,0
57227,71,68,3,3
57228,100,105,-5,5
57229,110,95,15,15
57230,67,60,7,7
57231,59,63,-4,4
57232,162,149,13,13
57233,97,94,3,3
57234,66,69,-3,3
57235,87,88,-1,1
57236,142,177,-35,35
57237,77,81,-4,4
57238,61,60,1,1
57239,61,117,-56,56
57240,131,125,6,6
57241,84,85,-1,1
57242,77,86,-9,9
57243,60,74,-14,14
57244,77,83,-6,6
57245,47,59,-12,12
57246,71,83,-12,12
57247,118,124,-6,6
57248,105,114,-9,9
57249,137,132,5,5
57250,48,60,-12,12
57251,81,85,-4,4
57252,105,102,3,3
57253,107,105,2,2
57254,149,137,12,12
57255,88,90,-2,2
57256,104,93,11,11
57257,130,110,20,20
57258,118,114,4,4
57259,50,73,-23,23
57260,113,109,4,4
57261,48,51,-3,3
57262,105,108,-3,3
57263,63,73,-10,10
57264,63,71,-8,8
57265,65,80,-15,15
57266,105,106,-1,1
57267,38,51,-13,13
57268,57,54,3,3
57269,94,93,1,1
57270,87,77,10,10
57271,68,70,-2,2
57272,66,65,1,1
57273,87,91,-4,4
57274,121,121,0,0
57275,104,105,-1,1
57276,124,125,-1,1
57277,158,139,19,19
57278,30,32,-2,2
57279,101,121,-20,20
57280,86,81,5,5
57281,93,85,8,8
57282,123,136,-13,13
57283,102,84,18,18
57284,142,159,-17,17
57285,61,79,-18,18
57286,75,87,-12,12
57287,125,129,-4,4
57288,95,95,0,0
57289,171,165,6,6
57290,96,133,-37,37
57291,123,126,-3,3
57292,106,114,-8,8
57293,62,64,-2,2
57294,87,86,1,1
57295,57,60,-3,3
57296,56,53,3,3
57297,124,123,1,1
57298,81,85,-4,4
57299,109,94,15,15
57300,165,169,-4,4
57301,171,165,6,6
57302,104,97,7,7
57303,59,67,-8,8
57304,40,56,-16,16
57305,74,95,-21,21
57306,127,119,8,8
57307,73,88,-15,15
57308,130,129,1,1
57309,47,65,-18,18
57310,59,58,1,1
57311,156,134,22,22
57312,101,93,8,8
57313,89,77,12,12
57314,95,94,1,1
57315,60,72,-12,12
57316,91,94,-3,3
57317,74,78,-4,4
57318,160,145,15,15
57319,114,110,4,4
57320,148,135,13,13
57321,80,83,-3,3
57322,24,56,-32,32
57323,52,62,-10,10
57324,259,240,19,19
57325,44,53,-9,9
57326,149,146,3,3
57327,57,62,-5,5
57328,126,136,-10,10
57329,142,134,8,8
57330,111,112,-1,1
57331,167,162,5,5
57332,76,79,-3,3
57333,69,58,11,11
57334,110,119,-9,9
57335,92,99,-7,7
57336,99,86,13,13
57337,95,105,-10,10
57338,114,106,8,8
57339,91,97,-6,6
57340,104,101,3,3
57341,84,83,1,1
57342,164,149,15,15
57343,44,53,-9,9
57344,75,71,4,4
57345,95,99,-4,4
57346,27,37,-10,10
57347,81,84,-3,3
57348,72,70,2,2
57349,100,90,10,10
57350,131,108,23,23
57351,61,74,-13,13
57352,89,86,3,3
57353,65,83,-18,18
57354,53,67,-14,14
57355,103,113,-10,10
57356,129,125,4,4
57357,114,99,15,15
57358,102,110,-8,8
57359,87,98,-11,11
57360,77,75,2,2
57361,72,73,-1,1
57362,71,76,-5,5
57363,67,64,3,3
57364,116,117,-1,1
57365,102,96,6,6
57366,83,77,6,6
57367,55,60,-5,5
57368,71,81,-10,10
57369,84,73,11,11
57370,98,101,-3,3
57371,101,98,3,3
57372,82,73,9,9
57373,117,118,-1,1
57374,126,129,-3,3
57375,66,79,-13,13
57376,81,88,-7,7
57377,189,200,-11,11
57378,90,76,14,14
57379,86,87,-1,1
57380,107,104,3,3
57381,117,148,-31,31
57382,54,61,-7,7
57383,81,92,-11,11
57384,85,93,-8,8
57385,88,92,-4,4
57386,57,74,-17,17
57387,103,105,-2,2
57388,103,98,5,5
57389,95,95,0,0
57390,107,106,1,1
57391,91,88,3,3
57392,111,135,-24,24
57393,200,188,12,12
57394,83,88,-5,5
57395,86,85,1,1
57396,80,84,-4,4
57397,109,112,-3,3
57398,69,70,-1,1
57399,78,82,-4,4
57400,70,82,-12,12
57401,77,80,-3,3
57402,69,68,1,1
57403,96,79,17,17
57404,121,143,-22,22
57405,90,100,-10,10
57406,152,141,11,11
57407,91,89,2,2
57408,89,88,1,1
57409,104,92,12,12
57410,88,62,26,26
57411,113,110,3,3
57412,81,90,-9,9
57413,92,91,1,1
57414,112,98,14,14
57415,113,121,-8,8
57416,119,100,19,19
57417,68,71,-3,3
57418,183,158,25,25
57419,154,149,5,5
57420,115,119,-4,4
57421,173,191,-18,18
57422,108,104,4,4
57423,124,134,-10,10
57424,71,81,-10,10
57425,84,80,4,4
57426,80,94,-14,14
57427,90,92,-2,2
57428,74,70,4,4
57429,89,83,6,6
57430,81,91,-10,10
57431,100,90,10,10
57432,136,134,2,2
57433,55,52,3,3
57434,105,100,5,5
57435,77,78,-1,1
57436,192,194,-2,2
57437,99,94,5,5
57438,90,86,4,4
57439,134,131,3,3
57440,113,112,1,1
57441,90,90,0,0
57442,150,131,19,19
57443,52,70,-18,18
57444,102,102,0,0
57445,55,59,-4,4
57446,110,116,-6,6
57447,57,67,-10,10
57448,57,63,-6,6
57449,97,96,1,1
57450,117,120,-3,3
57451,83,90,-7,7
57452,121,114,7,7
57453,58,59,-1,1
57454,101,95,6,6
57455,63,76,-13,13
57456,105,109,-4,4
57457,94,90,4,4
57458,138,132,6,6
57459,62,62,0,0
57460,113,123,-10,10
57461,50,58,-8,8
57462,90,97,-7,7
57463,135,139,-4,4
57464,68,74,-6,6
57465,94,95,-1,1
57466,63,62,1,1
57467,179,153,26,26
57468,78,74,4,4
57469,197,173,24,24
57470,124,130,-6,6
57471,115,121,-6,6
57472,105,97,8,8
57473,135,140,-5,5
57474,59,57,2,2
57475,75,85,-10,10
57476,131,113,18,18
57477,125,133,-8,8
57478,82,89,-7,7
57479,193,201,-8,8
57480,23,17,6,6
57481,67,67,0,0
57482,204,179,25,25
57483,78,76,2,2
57484,95,107,-12,12
57485,143,139,4,4
57486,69,75,-6,6
57487,78,73,5,5
57488,185,182,3,3
57489,60,60,0,0
57490,93,79,14,14
57491,49,54,-5,5
57492,151,133,18,18
57493,93,87,6,6
57494,109,103,6,6
57495,58,58,0,0
57496,132,107,25,25
57497,85,79,6,6
57498,118,97,21,21
57499,69,76,-7,7
57500,76,79,-3,3
57501,68,80,-12,12
57502,68,75,-7,7
57503,103,118,-15,15
57504,116,107,9,9
57505,189,163,26,26
57506,64,68,-4,4
57507,54,56,-2,2
57508,99,115,-16,16
57509,140,126,14,14
57510,52,64,-12,12
57511,144,144,0,0
57512,96,92,4,4
57513,60,87,-27,27
57514,131,136,-5,5
57515,101,110,-9,9
57516,21,39,-18,18
57517,77,79,-2,2
57518,94,98,-4,4
57519,64,53,11,11
57520,77,86,-9,9
57521,89,97,-8,8
57522,68,68,0,0
57523,100,83,17,17
57524,94,100,-6,6
57525,99,97,2,2
57526,104,103,1,1
57527,76,77,-1,1
57528,41,48,-7,7
57529,89,86,3,3
57530,159,137,22,22
57531,145,129,16,16
57532,89,86,3,3
57533,117,126,-9,9
57534,56,71,-15,15
57535,112,114,-2,2
57536,59,63,-4,4
57537,54,54,0,0
57538,83,81,2,2
57539,70,72,-2,2
57540,64,66,-2,2
57541,134,136,-2,2
57542,107,115,-8,8
57543,81,74,7,7
57544,117,124,-7,7
57545,123,129,-6,6
57546,114,103,11,11
57547,173,153,20,20
57548,79,83,-4,4
57549,117,111,6,6
57550,32,34,-2,2
57551,87,82,5,5
57552,189,180,9,9
57553,70,78,-8,8
57554,155,129,26,26
57555,81,89,-8,8
57556,168,164,4,4
57557,114,107,7,7
57558,153,162,-9,9
57559,124,119,5,5
57560,51,61,-10,10
57561,105,118,-13,13
57562,101,116,-15,15
57563,86,88,-2,2
57564,129,124,5,5
57565,122,115,7,7
57566,149,139,10,10
57567,85,75,10,10
57568,73,73,0,0
57569,66,80,-14,14
57570,180,167,13,13
57571,33,62,-29,29
57572,70,71,-1,1
57573,101,116,-15,15
57574,89,87,2,2
57575,120,113,7,7
57576,121,113,8,8
57577,91,97,-6,6
57578,90,85,5,5
57579,121,111,10,10
57580,154,156,-2,2
57581,110,108,2,2
57582,65,66,-1,1
57583,107,116,-9,9
57584,141,139,2,2
57585,61,72,-11,11
57586,119,126,-7,7
57587,135,136,-1,1
57588,185,153,32,32
57589,46,51,-5,5
57590,89,92,-3,3
57591,134,133,1,1
57592,102,101,1,1
57593,138,136,2,2
57594,104,106,-2,2
57595,176,168,8,8
57596,112,108,4,4
57597,135,132,3,3
57598,119,117,2,2
57599,82,79,3,3
57600,99,101,-2,2
57601,119,110,9,9
57602,98,107,-9,9
57603,96,107,-11,11
57604,90,103,-13,13
57605,81,71,10,10
57606,65,67,-2,2
57607,120,122,-2,2
57608,90,89,1,1
57609,80,82,-2,2
57610,81,85,-4,4
57611,78,100,-22,22
57612,82,73,9,9
57613,155,130,25,25
57614,77,74,3,3
57615,116,109,7,7
57616,78,77,1,1
57617,69,69,0,0
57618,64,68,-4,4
57619,88,90,-2,2
57620,56,46,10,10
57621,62,68,-6,6
57622,49,58,-9,9
57623,120,106,14,14
57624,154,138,16,16
57625,86,95,-9,9
57626,61,69,-8,8
57627,66,67,-1,1
57628,145,122,23,23
57629,83,94,-11,11
57630,136,125,11,11
57631,88,94,-6,6
57632,71,91,-20,20
57633,93,82,11,11
57634,97,96,1,1
57635,94,80,14,14
57636,97,107,-10,10
57637,57,68,-11,11
57638,142,138,4,4
57639,119,114,5,5
57640,87,83,4,4
57641,131,142,-11,11
57642,119,126,-7,7
57643,76,77,-1,1
57644,55,52,3,3
57645,106,94,12,12
57646,70,73,-3,3
57647,103,106,-3,3
57648,96,88,8,8
57649,150,143,7,7
57650,128,126,2,2
57651,38,43,-5,5
57652,65,82,-17,17
57653,79,70,9,9
57654,96,85,11,11
57655,88,80,8,8
57656,185,222,-37,37
57657,81,78,3,3
57658,151,137,14,14
57659,94,93,1,1
57660,72,80,-8,8
57661,110,106,4,4
57662,109,101,8,8
57663,80,79,1,1
57664,68,71,-3,3
57665,111,99,12,12
57666,67,74,-7,7
57667,95,96,-1,1
57668,114,129,-15,15
57669,51,59,-8,8
57670,111,106,5,5
57671,118,103,15,15
57672,157,138,19,19
57673,82,88,-6,6
57674,119,101,18,18
57675,73,69,4,4
57676,88,86,2,2
57677,46,48,-2,2
57678,61,72,-11,11
57679,81,86,-5,5
57680,117,126,-9,9
57681,87,79,8,8
57682,71,66,5,5
57683,70,63,7,7
57684,98,118,-20,20
57685,89,95,-6,6
57686,100,107,-7,7
57687,124,117,7,7
57688,166,163,3,3
57689,90,80,10,10
57690,43,50,-7,7
57691,175,181,-6,6
57692,104,106,-2,2
57693,180,170,10,10
57694,57,62,-5,5
57695,36,52,-16,16
57696,144,149,-5,5
57697,136,120,16,16
57698,56,62,-6,6
57699,93,89,4,4
57700,91,90,1,1
57701,98,101,-3,3
57702,82,65,17,17
57703,101,110,-9,9
57704,113,113,0,0
57705,53,61,-8,8
57706,55,63,-8,8
57707,120,112,8,8
57708,105,106,-1,1
57709,71,82,-11,11
57710,78,74,4,4
57711,165,166,-1,1
57712,82,93,-11,11
57713,126,125,1,1
57714,114,104,10,10
57715,143,136,7,7
57716,118,110,8,8
57717,94,94,0,0
57718,41,49,-8,8
57719,67,66,1,1
57720,83,89,-6,6
57721,119,104,15,15
57722,62,65,-3,3
57723,55,51,4,4
57724,95,102,-7,7
57725,91,88,3,3
57726,68,74,-6,6
57727,144,139,5,5
57728,64,63,1,1
57729,43,57,-14,14
57730,81,87,-6,6
57731,94,81,13,13
57732,77,76,1,1
57733,167,166,1,1
57734,51,59,-8,8
57735,117,102,15,15
57736,93,91,2,2
57737,71,82,-11,11
57738,64,70,-6,6
57739,168,153,15,15
57740,98,97,1,1
57741,38,49,-11,11
57742,124,120,4,4
57743,104,115,-11,11
57744,45,56,-11,11
57745,36,49,-13,13
57746,82,81,1,1
57747,120,113,7,7
57748,108,115,-7,7
57749,43,44,-1,1
57750,85,71,14,14
57751,146,154,-8,8
57752,82,98,-16,16
57753,115,101,14,14
57754,98,86,12,12
57755,87,77,10,10
57756,124,132,-8,8
57757,86,80,6,6
57758,92,108,-16,16
57759,109,92,17,17
57760,125,118,7,7
57761,140,152,-12,12
57762,84,98,-14,14
57763,66,57,9,9
57764,131,118,13,13
57765,81,77,4,4
57766,88,84,4,4
57767,143,162,-19,19
57768,74,77,-3,3
57769,118,126,-8,8
57770,56,59,-3,3
57771,61,54,7,7
57772,112,121,-9,9
57773,119,111,8,8
57774,102,88,14,14
57775,101,131,-30,30
57776,71,75,-4,4
57777,118,118,0,0
57778,119,123,-4,4
57779,83,87,-4,4
57780,133,111,22,22
57781,57,66,-9,9
57782,87,86,1,1
57783,6,22,-16,16
57784,76,103,-27,27
57785,124,121,3,3
57786,28,63,-35,35
57787,65,64,1,1
57788,86,95,-9,9
57789,111,112,-1,1
57790,59,72,-13,13
57791,94,100,-6,6
57792,97,110,-13,13
57793,115,119,-4,4
57794,75,91,-16,16
57795,144,128,16,16
57796,86,92,-6,6
57797,74,73,1,1
57798,102,103,-1,1
57799,79,91,-12,12
57800,99,104,-5,5
57801,140,152,-12,12
57802,101,101,0,0
57803,156,138,18,18
57804,92,88,4,4
57805,70,56,14,14
57806,59,81,-22,22
57807,116,112,4,4
57808,138,142,-4,4
57809,136,144,-8,8
57810,61,60,1,1
57811,53,53,0,0
57812,79,77,2,2
57813,90,80,10,10
57814,127,122,5,5
57815,177,148,29,29
57816,110,121,-11,11
57817,129,125,4,4
57818,106,128,-22,22
57819,74,76,-2,2
57820,154,150,4,4
57821,129,132,-3,3
57822,73,77,-4,4
57823,77,91,-14,14
57824,84,95,-11,11
57825,103,98,5,5
57826,90,130,-40,40
57827,109,119,-10,10
57828,68,61,7,7
57829,72,68,4,4
57830,105,117,-12,12
57831,65,71,-6,6
57832,95,88,7,7
57833,133,129,4,4
57834,103,94,9,9
57835,107,113,-6,6
57836,79,89,-10,10
57837,116,113,3,3
57838,91,85,6,6
57839,72,91,-19,19
57840,66,87,-21,21
57841,147,136,11,11
57842,90,107,-17,17
57843,192,228,-36,36
57844,98,114,-16,16
57845,105,104,1,1
57846,44,50,-6,6
57847,102,90,12,12
57848,82,86,-4,4
57849,107,105,2,2
57850,102,96,6,6
57851,135,129,6,6
57852,157,146,11,11
57853,61,51,10,10
57854,155,134,21,21
57855,121,129,-8,8
57856,77,86,-9,9
57857,142,135,7,7
57858,95,77,18,18
57859,104,100,4,4
57860,77,75,2,2
57861,135,126,9,9
57862,101,108,-7,7
57863,65,59,6,6
57864,108,104,4,4
57865,46,64,-18,18
57866,196,200,-4,4
57867,83,96,-13,13
57868,92,86,6,6
57869,66,59,7,7
57870,87,96,-9,9
57871,76,73,3,3
57872,24,22,2,2
57873,94,103,-9,9
57874,85,73,12,12
57875,147,181,-34,34
57876,104,112,-8,8
57877,97,96,1,1
57878,159,137,22,22
57879,103,97,6,6
57880,114,114,0,0
57881,133,137,-4,4
57882,66,65,1,1
57883,101,102,-1,1
57884,71,79,-8,8
57885,85,91,-6,6
57886,87,72,15,15
57887,116,102,14,14
57888,88,79,9,9
57889,64,60,4,4
57890,48,53,-5,5
57891,55,57,-2,2
57892,61,95,-34,34
57893,86,97,-11,11
57894,56,62,-6,6
57895,58,54,4,4
57896,77,78,-1,1
57897,70,87,-17,17
57898,78,87,-9,9
57899,136,128,8,8
57900,69,72,-3,3
57901,68,68,0,0
57902,102,100,2,2
57903,67,77,-10,10
57904,82,79,3,3
57905,54,53,1,1
57906,70,75,-5,5
57907,83,67,16,16
57908,129,121,8,8
57909,43,43,0,0
57910,46,64,-18,18
57911,119,122,-3,3
57912,50,53,-3,3
57913,76,72,4,4
57914,168,159,9,9
57915,83,86,-3,3
57916,116,98,18,18
57917,121,132,-11,11
57918,96,105,-9,9
57919,126,137,-11,11
57920,86,83,3,3
57921,85,80,5,5
57922,93,83,10,10
57923,52,57,-5,5
57924,129,127,2,2
57925,87,87,0,0
57926,38,64,-26,26
57927,61,79,-18,18
57928,77,69,8,8
57929,73,73,0,0
57930,143,145,-2,2
57931,59,65,-6,6
57932,57,62,-5,5
57933,64,64,0,0
57934,140,132,8,8
57935,109,108,1,1
57936,91,85,6,6
57937,64,67,-3,3
57938,105,91,14,14
57939,121,103,18,18
57940,65,70,-5,5
57941,80,84,-4,4
57942,75,82,-7,7
57943,90,80,10,10
57944,93,107,-14,14
57945,60,68,-8,8
57946,75,79,-4,4
57947,97,99,-2,2
57948,130,124,6,6
57949,111,104,7,7
57950,82,75,7,7
57951,102,96,6,6
57952,72,67,5,5
57953,180,183,-3,3
57954,71,84,-13,13
57955,92,87,5,5
57956,109,101,8,8
57957,113,109,4,4
57958,117,125,-8,8
57959,105,101,4,4
57960,85,85,0,0
57961,75,67,8,8
57962,77,74,3,3
57963,79,81,-2,2
57964,106,103,3,3
57965,52,66,-14,14
57966,107,74,33,33
57967,89,90,-1,1
57968,150,144,6,6
57969,84,81,3,3
57970,78,75,3,3
57971,124,121,3,3
57972,58,68,-10,10
57973,110,113,-3,3
57974,108,106,2,2
57975,95,115,-20,20
57976,139,116,23,23
57977,92,89,3,3
57978,63,70,-7,7
57979,81,87,-6,6
57980,103,97,6,6
57981,75,77,-2,2
57982,75,87,-12,12
57983,125,113,12,12
57984,98,98,0,0
57985,101,96,5,5
57986,73,80,-7,7
57987,95,102,-7,7
57988,120,107,13,13
57989,90,100,-10,10
57990,178,154,24,24
57991,111,124,-13,13
57992,90,88,2,2
57993,91,74,17,17
57994,92,78,14,14
57995,77,77,0,0
57996,87,82,5,5
57997,121,121,0,0
57998,99,86,13,13
57999,119,124,-5,5
58000,85,88,-3,3
58001,102,104,-2,2
58002,102,98,4,4
58003,68,62,6,6
58004,159,139,20,20
58005,91,75,16,16
58006,85,98,-13,13
58007,77,74,3,3
58008,136,135,1,1
58009,182,181,1,1
58010,101,103,-2,2
58011,63,68,-5,5
58012,89,103,-14,14
58013,78,82,-4,4
58014,104,94,10,10
58015,113,118,-5,5
58016,88,82,6,6
58017,87,85,2,2
58018,182,166,16,16
58019,97,91,6,6
58020,123,125,-2,2
58021,93,110,-17,17
58022,77,68,9,9
58023,87,98,-11,11
58024,71,76,-5,5
58025,60,62,-2,2
58026,95,94,1,1
58027,92,81,11,11
58028,78,73,5,5
58029,84,93,-9,9
58030,153,138,15,15
58031,140,145,-5,5
58032,99,82,17,17
58033,57,63,-6,6
58034,83,87,-4,4
58035,79,73,6,6
58036,87,93,-6,6
58037,85,99,-14,14
58038,80,86,-6,6
58039,69,75,-6,6
58040,68,72,-4,4
58041,94,96,-2,2
58042,79,85,-6,6
58043,115,110,5,5
58044,59,71,-12,12
58045,183,184,-1,1
58046,64,66,-2,2
58047,109,94,15,15
58048,54,57,-3,3
58049,62,58,4,4
58050,69,79,-10,10
58051,62,60,2,2
58052,71,64,7,7
58053,140,131,9,9
58054,73,73,0,0
58055,124,126,-2,2
58056,86,86,0,0
58057,142,150,-8,8
58058,170,158,12,12
58059,69,66,3,3
58060,124,127,-3,3
58061,123,124,-1,1
58062,104,92,12,12
58063,65,79,-14,14
58064,110,109,1,1
58065,80,73,7,7
58066,66,71,-5,5
58067,96,100,-4,4
58068,116,118,-2,2
58069,74,82,-8,8
58070,59,52,7,7
58071,64,61,3,3
58072,115,120,-5,5
58073,89,87,2,2
58074,136,129,7,7
58075,51,51,0,0
58076,73,73,0,0
58077,68,75,-7,7
58078,116,104,12,12
58079,135,139,-4,4
58080,29,25,4,4
58081,96,85,11,11
58082,38,64,-26,26
58083,170,187,-17,17
58084,125,129,-4,4
58085,160,141,19,19
58086,108,114,-6,6
58087,144,144,0,0
58088,70,66,4,4
58089,100,100,0,0
58090,62,59,3,3
58091,129,128,1,1
58092,99,101,-2,2
58093,93,103,-10,10
58094,108,95,13,13
58095,59,59,0,0
58096,43,48,-5,5
58097,119,104,15,15
58098,71,69,2,2
58099,147,169,-22,22
58100,60,74,-14,14
58101,79,84,-5,5
58102,64,66,-2,2
58103,73,73,0,0
58104,105,114,-9,9
58105,80,74,6,6
58106,79,83,-4,4
58107,90,93,-3,3
58108,89,76,13,13
58109,73,71,2,2
58110,113,116,-3,3
58111,78,85,-7,7
58112,63,84,-21,21
58113,142,130,12,12
58114,145,159,-14,14
58115,95,100,-5,5
58116,101,104,-3,3
58117,126,108,18,18
58118,154,139,15,15
58119,184,150,34,34
58120,116,113,3,3
58121,84,90,-6,6
58122,129,135,-6,6
58123,74,71,3,3
58124,97,94,3,3
58125,88,104,-16,16
58126,102,104,-2,2
58127,69,72,-3,3
58128,73,80,-7,7
58129,77,65,12,12
58130,98,97,1,1
58131,78,81,-3,3
58132,108,100,8,8
58133,78,75,3,3
58134,86,86,0,0
58135,70,65,5,5
58136,70,78,-8,8
58137,78,88,-10,10
58138,81,75,6,6
58139,55,64,-9,9
58140,37,67,-30,30
58141,80,81,-1,1
58142,68,71,-3,3
58143,130,129,1,1
58144,100,94,6,6
58145,71,78,-7,7
58146,97,93,4,4
58147,147,143,4,4
58148,93,99,-6,6
58149,165,167,-2,2
58150,70,68,2,2
58151,59,72,-13,13
58152,46,47,-1,1
58153,132,109,23,23
58154,90,79,11,11
58155,208,246,-38,38
58156,124,130,-6,6
58157,92,108,-16,16
58158,75,85,-10,10
58159,103,98,5,5
58160,47,56,-9,9
58161,72,67,5,5
58162,65,57,8,8
58163,107,115,-8,8
58164,131,127,4,4
58165,67,76,-9,9
58166,119,118,1,1
58167,63,64,-1,1
58168,153,135,18,18
58169,72,74,-2,2
58170,131,137,-6,6
58171,92,82,10,10
58172,70,65,5,5
58173,93,97,-4,4
58174,48,53,-5,5
58175,75,71,4,4
58176,185,181,4,4
58177,90,80,10,10
58178,53,53,0,0
58179,130,121,9,9
58180,139,140,-1,1
58181,92,89,3,3
58182,77,114,-37,37
58183,130,116,14,14
58184,88,77,11,11
58185,68,77,-9,9
58186,144,115,29,29
58187,73,76,-3,3
58188,136,132,4,4
58189,115,112,3,3
58190,79,86,-7,7
58191,97,97,0,0
58192,70,66,4,4
58193,76,85,-9,9
58194,110,105,5,5
58195,103,106,-3,3
58196,106,108,-2,2
58197,82,89,-7,7
58198,82,93,-11,11
58199,64,73,-9,9
58200,108,104,4,4
58201,162,148,14,14
58202,64,74,-10,10
58203,42,44,-2,2
58204,128,125,3,3
58205,93,96,-3,3
58206,83,84,-1,1
58207,75,71,4,4
58208,113,103,10,10
58209,131,123,8,8
58210,70,60,10,10
58211,82,83,-1,1
58212,53,63,-10,10
58213,92,96,-4,4
58214,123,119,4,4
58215,132,122,10,10
58216,71,75,-4,4
58217,83,83,0,0
58218,52,56,-4,4
58219,102,97,5,5
58220,51,59,-8,8
58221,90,95,-5,5
58222,121,131,-10,10
58223,125,124,1,1
58224,66,69,-3,3
58225,99,109,-10,10
58226,71,88,-17,17
58227,103,105,-2,2
58228,87,94,-7,7
58229,130,130,0,0
58230,74,77,-3,3
58231,171,167,4,4
58232,146,132,14,14
58233,81,75,6,6
58234,72,68,4,4
58235,81,100,-19,19
58236,58,54,4,4
58237,111,101,10,10
58238,148,150,-2,2
58239,76,75,1,1
58240,78,73,5,5
58241,91,97,-6,6
58242,91,99,-8,8
58243,70,86,-16,16
58244,155,139,16,16
58245,89,104,-15,15
58246,55,54,1,1
58247,97,87,10,10
58248,71,75,-4,4
58249,134,132,2,2
58250,85,67,18,18
58251,76,77,-1,1
58252,98,111,-13,13
58253,51,58,-7,7
58254,111,99,12,12
58255,59,68,-9,9
58256,112,109,3,3
58257,43,50,-7,7
58258,122,110,12,12
58259,62,79,-17,17
58260,57,56,1,1
58261,94,102,-8,8
58262,92,86,6,6
58263,113,115,-2,2
58264,125,117,8,8
58265,98,103,-5,5
58266,58,59,-1,1
58267,110,102,8,8
58268,69,74,-5,5
58269,57,61,-4,4
58270,54,51,3,3
58271,69,73,-4,4
58272,84,86,-2,2
58273,81,88,-7,7
58274,72,89,-17,17
58275,120,113,7,7
58276,59,62,-3,3
58277,121,103,18,18
58278,54,64,-10,10
58279,62,60,2,2
58280,83,77,6,6
58281,85,78,7,7
58282,102,107,-5,5
58283,109,97,12,12
58284,128,140,-12,12
58285,128,122,6,6
58286,155,132,23,23
58287,75,78,-3,3
58288,44,41,3,3
58289,106,102,4,4
58290,122,102,20,20
58291,99,90,9,9
58292,76,73,3,3
58293,93,88,5,5
58294,59,75,-16,16
58295,115,101,14,14
58296,147,132,15,15
58297,104,107,-3,3
58298,56,64,-8,8
58299,119,117,2,2
58300,92,86,6,6
58301,55,68,-13,13
58302,70,62,8,8
58303,79,94,-15,15
58304,106,102,4,4
58305,141,134,7,7
58306,142,136,6,6
58307,100,107,-7,7
58308,71,66,5,5
58309,37,46,-9,9
58310,58,53,5,5
58311,107,113,-6,6
58312,104,102,2,2
58313,125,118,7,7
58314,95,125,-30,30
58315,164,156,8,8
58316,45,63,-18,18
58317,86,88,-2,2
58318,101,94,7,7
58319,117,109,8,8
58320,85,103,-18,18
58321,60,61,-1,1
58322,141,148,-7,7
58323,101,109,-8,8
58324,113,107,6,6
58325,108,115,-7,7
58326,86,86,0,0
58327,121,114,7,7
58328,165,178,-13,13
58329,58,59,-1,1
58330,165,161,4,4
58331,99,97,2,2
58332,77,86,-9,9
58333,120,120,0,0
58334,132,122,10,10
58335,138,119,19,19
58336,104,130,-26,26
58337,59,56,3,3
58338,68,75,-7,7
58339,76,82,-6,6
58340,81,81,0,0
58341,126,117,9,9
58342,125,88,37,37
58343,39,38,1,1
58344,103,89,14,14
58345,64,76,-12,12
58346,120,107,13,13
58347,53,61,-8,8
58348,81,82,-1,1
58349,128,125,3,3
58350,75,76,-1,1
58351,67,61,6,6
58352,158,143,15,15
58353,77,86,-9,9
58354,140,148,-8,8
58355,75,79,-4,4
58356,114,116,-2,2
58357,82,83,-1,1
58358,96,99,-3,3
58359,142,137,5,5
58360,84,98,-14,14
58361,84,55,29,29
58362,69,57,12,12
58363,63,62,1,1
58364,83,82,1,1
58365,136,140,-4,4
58366,107,108,-1,1
58367,95,101,-6,6
58368,157,134,23,23
58369,89,94,-5,5
58370,85,82,3,3
58371,102,99,3,3
58372,103,113,-10,10
58373,88,88,0,0
58374,100,97,3,3
58375,69,67,2,2
58376,84,68,16,16
58377,32,56,-24,24
58378,52,53,-1,1
58379,156,145,11,11
58380,71,68,3,3
58381,114,116,-2,2
58382,83,86,-3,3
58383,81,77,4,4
58384,164,167,-3,3
58385,109,103,6,6
58386,89,92,-3,3
58387,125,106,19,19
58388,82,73,9,9
58389,73,75,-2,2
58390,117,139,-22,22
58391,69,71,-2,2
58392,98,93,5,5
58393,114,113,1,1
58394,86,91,-5,5
58395,112,97,15,15
58396,96,101,-5,5
58397,113,116,-3,3
58398,86,97,-11,11
58399,130,119,11,11
58400,80,82,-2,2
58401,134,138,-4,4
58402,158,165,-7,7
58403,59,56,3,3
58404,55,64,-9,9
58405,87,91,-4,4
58406,42,44,-2,2
58407,76,79,-3,3
58408,62,59,3,3
58409,119,108,11,11
58410,103,100,3,3
58411,172,175,-3,3
58412,134,143,-9,9
58413,68,63,5,5
58414,62,57,5,5
58415,57,65,-8,8
58416,147,137,10,10
58417,93,95,-2,2
58418,116,106,10,10
58419,161,153,8,8
58420,79,95,-16,16
58421,148,141,7,7
58422,118,124,-6,6
58423,46,55,-9,9
58424,130,133,-3,3
58425,163,140,23,23
58426,56,59,-3,3
58427,74,72,2,2
58428,66,66,0,0
58429,84,75,9,9
58430,76,93,-17,17
58431,88,83,5,5
58432,69,68,1,1
58433,60,62,-2,2
58434,75,74,1,1
58435,164,148,16,16
58436,71,80,-9,9
58437,125,106,19,19
58438,86,91,-5,5
58439,62,61,1,1
58440,82,81,1,1
58441,55,63,-8,8
58442,58,65,-7,7
58443,52,61,-9,9
58444,107,107,0,0
58445,82,90,-8,8
58446,118,106,12,12
58447,104,99,5,5
58448,65,64,1,1
58449,148,155,-7,7
58450,104,100,4,4
58451,189,181,8,8
58452,126,135,-9,9
58453,92,83,9,9
58454,122,117,5,5
58455,75,72,3,3
58456,99,100,-1,1
58457,99,123,-24,24
58458,154,149,5,5
58459,89,92,-3,3
58460,145,135,10,10
58461,81,76,5,5
58462,146,155,-9,9
58463,171,181,-10,10
58464,52,52,0,0
58465,81,74,7,7
58466,102,105,-3,3
58467,137,143,-6,6
58468,43,42,1,1
58469,93,98,-5,5
58470,62,60,2,2
58471,110,101,9,9
58472,78,64,14,14
58473,112,126,-14,14
58474,64,72,-8,8
58475,52,51,1,1
58476,51,66,-15,15
58477,71,77,-6,6
58478,62,79,-17,17
58479,54,56,-2,2
58480,81,57,24,24
58481,156,133,23,23
58482,76,98,-22,22
58483,74,63,11,11
58484,63,78,-15,15
58485,59,55,4,4
58486,45,48,-3,3
58487,127,114,13,13
58488,110,106,4,4
58489,68,67,1,1
58490,89,86,3,3
58491,64,65,-1,1
58492,116,125,-9,9
58493,68,83,-15,15
58494,211,209,2,2
58495,93,84,9,9
58496,79,78,1,1
58497,84,87,-3,3
58498,73,74,-1,1
58499,82,72,10,10
58500,80,86,-6,6
58501,75,83,-8,8
58502,83,85,-2,2
58503,123,112,11,11
58504,52,44,8,8
58505,133,119,14,14
58506,90,85,5,5
58507,70,67,3,3
58508,74,87,-13,13
58509,84,80,4,4
58510,90,91,-1,1
58511,92,97,-5,5
58512,55,67,-12,12
58513,62,68,-6,6
58514,120,120,0,0
58515,84,88,-4,4
58516,83,68,15,15
58517,95,114,-19,19
58518,79,73,6,6
58519,89,96,-7,7
58520,149,149,0,0
58521,81,113,-32,32
58522,91,95,-4,4
58523,87,76,11,11
58524,76,75,1,1
58525,45,48,-3,3
58526,226,213,13,13
58527,125,121,4,4
58528,148,162,-14,14
58529,60,66,-6,6
58530,134,141,-7,7
58531,165,157,8,8
58532,129,130,-1,1
58533,65,65,0,0
58534,89,82,7,7
58535,95,99,-4,4
58536,83,90,-7,7
58537,79,78,1,1
58538,111,112,-1,1
58539,83,79,4,4
58540,121,117,4,4
58541,97,99,-2,2
58542,114,118,-4,4
58543,55,52,3,3
58544,118,109,9,9
58545,95,141,-46,46
58546,80,73,7,7
58547,112,113,-1,1
58548,127,123,4,4
58549,140,132,8,8
58550,100,187,-87,87
58551,50,52,-2,2
58552,130,122,8,8
58553,77,84,-7,7
58554,86,96,-10,10
58555,117,103,14,14
58556,163,174,-11,11
58557,78,67,11,11
58558,118,107,11,11
58559,110,120,-10,10
58560,93,99,-6,6
58561,76,93,-17,17
58562,71,62,9,9
58563,85,92,-7,7
58564,39,42,-3,3
58565,77,83,-6,6
58566,57,60,-3,3
58567,68,73,-5,5
58568,74,72,2,2
58569,80,72,8,8
58570,86,90,-4,4
58571,55,59,-4,4
58572,129,115,14,14
58573,181,189,-8,8
58574,71,67,4,4
58575,106,137,-31,31
58576,43,53,-10,10
58577,157,157,0,0
58578,68,69,-1,1
58579,134,133,1,1
58580,137,150,-13,13
58581,71,76,-5,5
58582,48,53,-5,5
58583,45,50,-5,5
58584,75,75,0,0
58585,67,74,-7,7
58586,108,107,1,1
58587,81,81,0,0
58588,94,92,2,2
58589,229,253,-24,24
58590,58,64,-6,6
58591,75,81,-6,6
58592,97,108,-11,11
58593,142,138,4,4
58594,196,159,37,37
58595,78,81,-3,3
58596,101,109,-8,8
58597,100,91,9,9
58598,82,63,19,19
58599,100,100,0,0
58600,81,85,-4,4
58601,81,90,-9,9
58602,106,100,6,6
58603,74,70,4,4
58604,77,94,-17,17
58605,124,124,0,0
58606,35,43,-8,8
58607,76,95,-19,19
58608,106,104,2,2
58609,83,94,-11,11
58610,82,82,0,0
58611,77,85,-8,8
58612,113,111,2,2
58613,86,82,4,4
58614,115,119,-4,4
58615,98,93,5,5
58616,69,75,-6,6
58617,90,104,-14,14
58618,99,97,2,2
58619,59,60,-1,1
58620,109,96,13,13
58621,72,73,-1,1
58622,130,126,4,4
58623,118,122,-4,4
58624,113,111,2,2
58625,98,100,-2,2
58626,102,103,-1,1
58627,142,124,18,18
58628,95,101,-6,6
58629,89,96,-7,7
58630,45,65,-20,20
58631,35,29,6,6
58632,54,54,0,0
58633,102,86,16,16
58634,27,29,-2,2
58635,66,63,3,3
58636,35,51,-16,16
58637,115,102,13,13
58638,148,151,-3,3
58639,98,80,18,18
58640,115,116,-1,1
58641,79,93,-14,14
58642,84,83,1,1
58643,147,142,5,5
58644,79,75,4,4
58645,62,60,2,2
58646,95,90,5,5
58647,71,73,-2,2
58648,66,70,-4,4
58649,84,87,-3,3
58650,142,128,14,14
58651,142,134,8,8
58652,91,87,4,4
58653,102,103,-1,1
58654,105,135,-30,30
58655,66,61,5,5
58656,83,89,-6,6
58657,63,63,0,0
58658,66,71,-5,5
58659,109,129,-20,20
58660,71,77,-6,6
58661,92,85,7,7
58662,139,148,-9,9
58663,117,120,-3,3
58664,120,118,2,2
58665,94,111,-17,17
58666,99,103,-4,4
58667,58,65,-7,7
58668,129,136,-7,7
58669,66,74,-8,8
58670,126,105,21,21
58671,111,119,-8,8
58672,54,53,1,1
58673,153,118,35,35
58674,82,76,6,6
58675,56,55,1,1
58676,59,67,-8,8
58677,146,145,1,1
58678,64,66,-2,2
58679,56,50,6,6
58680,60,52,8,8
58681,21,37,-16,16
58682,132,141,-9,9
58683,85,81,4,4
58684,113,107,6,6
58685,81,83,-2,2
58686,110,112,-2,2
58687,98,91,7,7
58688,86,96,-10,10
58689,102,102,0,0
58690,129,152,-23,23
58691,89,90,-1,1
58692,121,110,11,11
58693,104,102,2,2
58694,63,82,-19,19
58695,138,138,0,0
58696,119,135,-16,16
58697,92,98,-6,6
58698,113,106,7,7
58699,97,87,10,10
58700,162,151,11,11
58701,41,51,-10,10
58702,112,105,7,7
58703,124,118,6,6
58704,76,78,-2,2
58705,116,114,2,2
58706,86,80,6,6
58707,69,64,5,5
58708,99,102,-3,3
58709,65,78,-13,13
58710,70,80,-10,10
58711,111,100,11,11
58712,79,86,-7,7
58713,92,99,-7,7
58714,92,86,6,6
58715,126,119,7,7
58716,109,95,14,14
58717,65,76,-11,11
58718,79,76,3,3
58719,160,145,15,15
58720,75,76,-1,1
58721,95,90,5,5
58722,97,85,12,12
58723,102,116,-14,14
58724,75,61,14,14
58725,119,118,1,1
58726,31,51,-20,20
58727,137,118,19,19
58728,99,114,-15,15
58729,135,125,10,10
58730,143,141,2,2
58731,128,129,-1,1
58732,135,126,9,9
58733,56,51,5,5
58734,79,69,10,10
58735,157,134,23,23
58736,103,111,-8,8
58737,147,136,11,11
58738,78,78,0,0
58739,124,113,11,11
58740,57,73,-16,16
58741,63,79,-16,16
58742,79,74,5,5
58743,87,89,-2,2
58744,105,98,7,7
58745,119,108,11,11
58746,41,42,-1,1
58747,62,69,-7,7
58748,148,150,-2,2
58749,113,115,-2,2
58750,236,226,10,10
58751,49,63,-14,14
58752,78,85,-7,7
58753,105,104,1,1
58754,136,133,3,3
58755,93,92,1,1
58756,55,59,-4,4
58757,87,90,-3,3
58758,67,81,-14,14
58759,113,101,12,12
58760,52,65,-13,13
58761,102,154,-52,52
58762,149,127,22,22
58763,65,74,-9,9
58764,106,104,2,2
58765,88,89,-1,1
58766,175,152,23,23
58767,116,121,-5,5
58768,128,125,3,3
58769,86,86,0,0
58770,154,151,3,3
58771,93,86,7,7
58772,65,100,-35,35
58773,119,125,-6,6
58774,81,76,5,5
58775,93,104,-11,11
58776,77,85,-8,8
58777,144,117,27,27
58778,105,112,-7,7
58779,111,96,15,15
58780,143,121,22,22
58781,96,87,9,9
58782,86,92,-6,6
58783,78,82,-4,4
58784,136,132,4,4
58785,82,80,2,2
58786,91,92,-1,1
58787,83,91,-8,8
58788,106,113,-7,7
58789,94,99,-5,5
58790,99,104,-5,5
58791,78,77,1,1
58792,154,140,14,14
58793,77,58,19,19
58794,184,174,10,10
58795,192,173,19,19
58796,77,78,-1,1
58797,105,114,-9,9
58798,62,71,-9,9
58799,103,105,-2,2
58800,59,52,7,7
58801,77,66,11,11
58802,155,158,-3,3
58803,90,80,10,10
58804,98,113,-15,15
58805,93,91,2,2
58806,132,131,1,1
58807,115,128,-13,13
58808,67,66,1,1
58809,198,201,-3,3
58810,90,84,6,6
58811,114,104,10,10
58812,108,107,1,1
58813,77,96,-19,19
58814,114,130,-16,16
58815,126,135,-9,9
58816,86,85,1,1
58817,67,78,-11,11
58818,108,103,5,5
58819,92,96,-4,4
58820,123,121,2,2
58821,96,107,-11,11
58822,64,62,2,2
58823,166,153,13,13
58824,218,223,-5,5
58825,89,89,0,0
58826,76,65,11,11
58827,69,62,7,7
58828,122,117,5,5
58829,115,118,-3,3
58830,87,103,-16,16
58831,119,113,6,6
58832,95,89,6,6
58833,82,77,5,5
58834,57,62,-5,5
58835,100,104,-4,4
58836,86,85,1,1
58837,101,89,12,12
58838,65,59,6,6
58839,106,107,-1,1
58840,75,77,-2,2
58841,142,131,11,11
58842,81,76,5,5
58843,77,88,-11,11
58844,59,54,5,5
58845,130,119,11,11
58846,100,98,2,2
58847,92,99,-7,7
58848,55,51,4,4
58849,101,133,-32,32
58850,66,72,-6,6
58851,108,100,8,8
58852,83,86,-3,3
58853,69,68,1,1
58854,140,130,10,10
58855,87,81,6,6
58856,96,108,-12,12
58857,167,132,35,35
58858,72,72,0,0
58859,88,89,-1,1
58860,124,111,13,13
58861,91,94,-3,3
58862,51,59,-8,8
58863,87,80,7,7
58864,92,94,-2,2
58865,58,67,-9,9
58866,45,52,-7,7
58867,95,94,1,1
58868,134,118,16,16
58869,91,85,6,6
58870,121,111,10,10
58871,51,51,0,0
58872,58,64,-6,6
58873,48,47,1,1
58874,75,74,1,1
58875,46,51,-5,5
58876,56,62,-6,6
58877,87,83,4,4
58878,47,69,-22,22
58879,88,98,-10,10
58880,112,104,8,8
58881,56,61,-5,5
58882,104,100,4,4
58883,61,61,0,0
58884,96,110,-14,14
58885,113,108,5,5
58886,66,64,2,2
58887,153,149,4,4
58888,115,117,-2,2
58889,100,102,-2,2
58890,73,66,7,7
58891,89,69,20,20
58892,101,107,-6,6
58893,82,93,-11,11
58894,89,102,-13,13
58895,94,94,0,0
58896,93,85,8,8
58897,113,113,0,0
58898,129,133,-4,4
58899,68,62,6,6
58900,68,65,3,3
58901,94,85,9,9
58902,157,147,10,10
58903,99,100,-1,1
58904,54,63,-9,9
58905,123,113,10,10
58906,94,85,9,9
58907,183,187,-4,4
58908,74,66,8,8
58909,59,56,3,3
58910,173,155,18,18
58911,122,110,12,12
58912,75,77,-2,2
58913,77,79,-2,2
58914,63,69,-6,6
58915,90,100,-10,10
58916,56,68,-12,12
58917,82,79,3,3
58918,86,101,-15,15
58919,149,152,-3,3
58920,108,110,-2,2
58921,73,75,-2,2
58922,67,75,-8,8
58923,93,90,3,3
58924,55,58,-3,3
58925,108,108,0,0
58926,118,126,-8,8
58927,30,39,-9,9
58928,70,51,19,19
58929,94,98,-4,4
58930,84,78,6,6
58931,77,76,1,1
58932,64,58,6,6
58933,103,108,-5,5
58934,93,117,-24,24
58935,91,85,6,6
58936,65,67,-2,2
58937,108,98,10,10
58938,117,109,8,8
58939,45,56,-11,11
58940,113,122,-9,9
58941,70,71,-1,1
58942,75,98,-23,23
58943,79,76,3,3
58944,59,56,3,3
58945,59,58,1,1
58946,42,58,-16,16
58947,96,77,19,19
58948,109,103,6,6
58949,95,97,-2,2
58950,126,129,-3,3
58951,89,92,-3,3
58952,99,104,-5,5
58953,145,142,3,3
58954,108,94,14,14
58955,84,87,-3,3
58956,82,86,-4,4
58957,171,173,-2,2
58958,103,98,5,5
58959,118,117,1,1
58960,180,160,20,20
58961,61,62,-1,1
58962,163,148,15,15
58963,135,143,-8,8
58964,152,139,13,13
58965,109,87,22,22
58966,61,71,-10,10
58967,108,115,-7,7
58968,181,185,-4,4
58969,104,109,-5,5
58970,105,101,4,4
58971,68,73,-5,5
58972,116,144,-28,28
58973,144,138,6,6
58974,85,71,14,14
58975,141,152,-11,11
58976,152,154,-2,2
58977,114,118,-4,4
58978,143,136,7,7
58979,155,153,2,2
58980,191,170,21,21
58981,102,92,10,10
58982,77,86,-9,9
58983,97,99,-2,2
58984,85,95,-10,10
58985,82,74,8,8
58986,83,80,3,3
58987,64,68,-4,4
58988,135,136,-1,1
58989,86,74,12,12
58990,59,59,0,0
58991,71,65,6,6
58992,65,55,10,10
58993,134,117,17,17
58994,85,85,0,0
58995,159,154,5,5
58996,145,149,-4,4
58997,66,73,-7,7
58998,71,71,0,0
58999,154,132,22,22
59000,159,176,-17,17
59001,50,53,-3,3
59002,95,98,-3,3
59003,81,84,-3,3
59004,128,111,17,17
59005,79,82,-3,3
59006,93,98,-5,5
59007,156,159,-3,3
59008,107,112,-5,5
59009,48,59,-11,11
59010,49,58,-9,9
59011,52,126,-74,74
59012,43,53,-10,10
59013,166,156,10,10
59014,59,66,-7,7
59015,97,95,2,2
59016,143,147,-4,4
59017,107,106,1,1
59018,122,116,6,6
59019,77,67,10,10
59020,77,83,-6,6
59021,52,52,0,0
59022,70,68,2,2
59023,93,93,0,0
59024,93,97,-4,4
59025,110,106,4,4
59026,53,67,-14,14
59027,67,64,3,3
59028,185,166,19,19
59029,90,75,15,15
59030,107,102,5,5
59031,148,157,-9,9
59032,119,116,3,3
59033,95,111,-16,16
59034,112,95,17,17
59035,171,185,-14,14
59036,110,95,15,15
59037,76,76,0,0
59038,99,108,-9,9
59039,94,103,-9,9
59040,107,107,0,0
59041,73,75,-2,2
59042,133,119,14,14
59043,70,81,-11,11
59044,80,70,10,10
59045,149,151,-2,2
59046,78,57,21,21
59047,95,92,3,3
59048,79,98,-19,19
59049,42,54,-12,12
59050,73,79,-6,6
59051,346,280,66,66
59052,70,53,17,17
59053,75,76,-1,1
59054,144,148,-4,4
59055,63,64,-1,1
59056,80,71,9,9
59057,124,121,3,3
59058,69,70,-1,1
59059,99,93,6,6
59060,140,118,22,22
59061,117,118,-1,1
59062,58,67,-9,9
59063,84,89,-5,5
59064,47,52,-5,5
59065,86,79,7,7
59066,52,58,-6,6
59067,77,88,-11,11
59068,69,64,5,5
59069,107,105,2,2
59070,118,94,24,24
59071,81,86,-5,5
59072,109,103,6,6
59073,97,107,-10,10
59074,85,78,7,7
59075,81,82,-1,1
59076,65,69,-4,4
59077,101,113,-12,12
59078,90,99,-9,9
59079,68,73,-5,5
59080,59,53,6,6
59081,97,102,-5,5
59082,104,95,9,9
59083,52,53,-1,1
59084,58,71,-13,13
59085,64,67,-3,3
59086,92,92,0,0
59087,179,154,25,25
59088,112,103,9,9
59089,100,110,-10,10
59090,60,59,1,1
59091,102,102,0,0
59092,111,103,8,8
59093,100,87,13,13
59094,80,78,2,2
59095,89,85,4,4
59096,124,131,-7,7
59097,70,72,-2,2
59098,85,86,-1,1
59099,79,81,-2,2
59100,74,76,-2,2
59101,66,71,-5,5
59102,75,76,-1,1
59103,83,87,-4,4
59104,65,71,-6,6
59105,119,116,3,3
59106,102,99,3,3
59107,81,82,-1,1
59108,77,80,-3,3
59109,81,82,-1,1
59110,94,102,-8,8
59111,103,115,-12,12
59112,104,97,7,7
59113,118,114,4,4
59114,90,88,2,2
59115,71,70,1,1
59116,114,110,4,4
59117,120,95,25,25
59118,85,81,4,4
59119,79,86,-7,7
59120,49,57,-8,8
59121,74,73,1,1
59122,99,104,-5,5
59123,106,128,-22,22
59124,89,90,-1,1
59125,21,42,-21,21
59126,114,109,5,5
59127,90,91,-1,1
59128,129,119,10,10
59129,64,70,-6,6
59130,44,49,-5,5
59131,150,130,20,20
59132,136,136,0,0
59133,119,117,2,2
59134,68,79,-11,11
59135,87,93,-6,6
59136,66,80,-14,14
59137,103,109,-6,6
59138,117,117,0,0
59139,111,100,11,11
59140,112,92,20,20
59141,101,94,7,7
59142,143,144,-1,1
59143,81,84,-3,3
59144,180,155,25,25
59145,61,62,-1,1
59146,131,124,7,7
59147,70,79,-9,9
59148,107,114,-7,7
59149,135,128,7,7
59150,92,86,6,6
59151,81,83,-2,2
59152,108,111,-3,3
59153,90,84,6,6
59154,86,75,11,11
59155,127,117,10,10
59156,47,44,3,3
59157,130,121,9,9
59158,84,97,-13,13
59159,79,83,-4,4
59160,91,87,4,4
59161,120,104,16,16
59162,80,78,2,2
59163,59,69,-10,10
59164,81,96,-15,15
59165,143,143,0,0
59166,117,93,24,24
59167,143,146,-3,3
59168,154,142,12,12
59169,57,64,-7,7
59170,69,55,14,14
59171,44,48,-4,4
59172,84,90,-6,6
59173,96,92,4,4
59174,80,76,4,4
59175,61,76,-15,15
59176,64,83,-19,19
59177,67,70,-3,3
59178,108,94,14,14
59179,87,85,2,2
59180,87,84,3,3
59181,112,96,16,16
59182,147,137,10,10
59183,143,147,-4,4
59184,124,103,21,21
59185,160,152,8,8
59186,109,112,-3,3
59187,71,70,1,1
59188,138,134,4,4
59189,76,73,3,3
59190,96,90,6,6
59191,94,91,3,3
59192,44,39,5,5
59193,83,88,-5,5
59194,49,60,-11,11
59195,75,83,-8,8
59196,104,111,-7,7
59197,75,75,0,0
59198,93,86,7,7
59199,96,107,-11,11
59200,81,88,-7,7
59201,80,81,-1,1
59202,97,82,15,15
59203,65,70,-5,5
59204,46,51,-5,5
59205,79,84,-5,5
59206,88,94,-6,6
59207,62,70,-8,8
59208,84,79,5,5
59209,70,74,-4,4
59210,129,131,-2,2
59211,104,69,35,35
59212,116,116,0,0
59213,126,120,6,6
59214,95,101,-6,6
59215,66,73,-7,7
59216,81,78,3,3
59217,133,123,10,10
59218,95,90,5,5
59219,151,137,14,14
59220,88,87,1,1
59221,110,117,-7,7
59222,69,59,10,10
59223,106,97,9,9
59224,64,72,-8,8
59225,126,106,20,20
59226,41,35,6,6
59227,97,97,0,0
59228,46,78,-32,32
59229,52,63,-11,11
59230,66,56,10,10
59231,81,75,6,6
59232,81,83,-2,2
59233,85,78,7,7
59234,35,49,-14,14
59235,118,107,11,11
59236,94,98,-4,4
59237,92,92,0,0
59238,55,63,-8,8
59239,99,92,7,7
59240,68,71,-3,3
59241,56,65,-9,9
59242,97,103,-6,6
59243,110,116,-6,6
59244,152,134,18,18
59245,40,56,-16,16
59246,52,60,-8,8
59247,169,177,-8,8
59248,160,143,17,17
59249,78,80,-2,2
59250,77,82,-5,5
59251,40,49,-9,9
59252,93,116,-23,23
59253,115,107,8,8
59254,108,119,-11,11
59255,69,79,-10,10
59256,126,144,-18,18
59257,133,144,-11,11
59258,116,110,6,6
59259,76,92,-16,16
59260,42,57,-15,15
59261,74,80,-6,6
59262,145,142,3,3
59263,72,70,2,2
59264,103,116,-13,13
59265,67,65,2,2
59266,139,123,16,16
59267,93,85,8,8
59268,112,106,6,6
59269,176,175,1,1
59270,70,65,5,5
59271,158,139,19,19
59272,71,70,1,1
59273,47,49,-2,2
59274,93,92,1,1
59275,57,67,-10,10
59276,75,73,2,2
59277,62,75,-13,13
59278,104,121,-17,17
59279,143,142,1,1
59280,83,77,6,6
59281,75,74,1,1
59282,92,100,-8,8
59283,60,84,-24,24
59284,117,119,-2,2
59285,64,69,-5,5
59286,61,64,-3,3
59287,87,81,6,6
59288,175,179,-4,4
59289,58,53,5,5
59290,77,68,9,9
59291,96,77,19,19
59292,120,123,-3,3
59293,176,166,10,10
59294,132,136,-4,4
59295,67,67,0,0
59296,73,87,-14,14
59297,120,142,-22,22
59298,71,75,-4,4
59299,63,61,2,2
59300,74,69,5,5
59301,35,50,-15,15
59302,129,124,5,5
59303,132,134,-2,2
59304,75,79,-4,4
59305,122,108,14,14
59306,89,77,12,12
59307,90,80,10,10
59308,71,78,-7,7
59309,92,83,9,9
59310,184,166,18,18
59311,59,81,-22,22
59312,90,92,-2,2
59313,100,104,-4,4
59314,83,99,-16,16
59315,83,86,-3,3
59316,78,84,-6,6
59317,106,106,0,0
59318,107,114,-7,7
59319,45,49,-4,4
59320,82,79,3,3
59321,85,94,-9,9
59322,109,90,19,19
59323,70,76,-6,6
59324,70,79,-9,9
59325,109,115,-6,6
59326,62,67,-5,5
59327,63,69,-6,6
59328,67,72,-5,5
59329,38,46,-8,8
59330,45,58,-13,13
59331,111,104,7,7
59332,99,117,-18,18
59333,52,60,-8,8
59334,93,91,2,2
59335,103,117,-14,14
59336,86,83,3,3
59337,69,62,7,7
59338,52,81,-29,29
59339,215,199,16,16
59340,90,92,-2,2
59341,54,65,-11,11
59342,110,104,6,6
59343,97,91,6,6
59344,150,112,38,38
59345,142,144,-2,2
59346,57,69,-12,12
59347,116,111,5,5
59348,177,152,25,25
59349,109,93,16,16
59350,78,80,-2,2
59351,79,94,-15,15
59352,51,60,-9,9
59353,80,94,-14,14
59354,99,109,-10,10
59355,49,59,-10,10
59356,153,156,-3,3
59357,174,164,10,10
59358,100,99,1,1
59359,147,138,9,9
59360,75,91,-16,16
59361,138,129,9,9
59362,78,70,8,8
59363,77,79,-2,2
59364,93,98,-5,5
59365,148,133,15,15
59366,176,150,26,26
59367,74,71,3,3
59368,178,181,-3,3
59369,107,118,-11,11
59370,103,91,12,12
59371,125,120,5,5
59372,119,116,3,3
59373,98,96,2,2
59374,69,61,8,8
59375,72,68,4,4
59376,81,92,-11,11
59377,54,55,-1,1
59378,110,109,1,1
59379,84,92,-8,8
59380,148,152,-4,4
59381,61,56,5,5
59382,94,107,-13,13
59383,79,96,-17,17
59384,77,76,1,1
59385,83,83,0,0
59386,102,100,2,2
59387,99,98,1,1
59388,104,90,14,14
59389,128,131,-3,3
59390,73,74,-1,1
59391,85,81,4,4
59392,123,135,-12,12
59393,87,94,-7,7
59394,135,120,15,15
59395,71,73,-2,2
59396,81,99,-18,18
59397,64,64,0,0
59398,71,72,-1,1
59399,105,104,1,1
59400,59,64,-5,5
59401,140,136,4,4
59402,161,156,5,5
59403,100,91,9,9
59404,89,95,-6,6
59405,64,68,-4,4
59406,154,144,10,10
59407,167,137,30,30
59408,178,157,21,21
59409,88,77,11,11
59410,79,96,-17,17
59411,72,79,-7,7
59412,85,82,3,3
59413,92,89,3,3
59414,71,82,-11,11
59415,60,61,-1,1
59416,66,64,2,2
59417,95,85,10,10
59418,82,78,4,4
59419,82,92,-10,10
59420,91,82,9,9
59421,121,113,8,8
59422,78,83,-5,5
59423,148,137,11,11
59424,95,85,10,10
59425,138,138,0,0
59426,61,68,-7,7
59427,66,66,0,0
59428,83,82,1,1
59429,61,63,-2,2
59430,60,55,5,5
59431,56,50,6,6
59432,127,127,0,0
59433,62,62,0,0
59434,133,142,-9,9
59435,79,72,7,7
59436,123,114,9,9
59437,53,66,-13,13
59438,79,77,2,2
59439,126,117,9,9
59440,117,142,-25,25
59441,136,134,2,2
59442,81,111,-30,30
59443,105,132,-27,27
59444,118,113,5,5
59445,66,70,-4,4
59446,59,47,12,12
59447,129,136,-7,7
59448,93,100,-7,7
59449,87,88,-1,1
59450,45,55,-10,10
59451,64,68,-4,4
59452,121,127,-6,6
59453,168,155,13,13
59454,81,68,13,13
59455,99,96,3,3
59456,117,112,5,5
59457,95,85,10,10
59458,66,57,9,9
59459,122,105,17,17
59460,112,117,-5,5
59461,71,72,-1,1
59462,172,167,5,5
59463,108,100,8,8
59464,85,80,5,5
59465,130,133,-3,3
59466,64,62,2,2
59467,74,86,-12,12
59468,63,65,-2,2
59469,145,131,14,14
59470,95,100,-5,5
59471,138,140,-2,2
59472,105,95,10,10
59473,51,58,-7,7
59474,109,119,-10,10
59475,91,107,-16,16
59476,70,67,3,3
59477,129,132,-3,3
59478,106,92,14,14
59479,82,74,8,8
59480,54,57,-3,3
59481,151,159,-8,8
59482,120,116,4,4
59483,151,136,15,15
59484,96,104,-8,8
59485,62,71,-9,9
59486,165,149,16,16
59487,138,127,11,11
59488,128,129,-1,1
59489,80,71,9,9
59490,94,99,-5,5
59491,86,87,-1,1
59492,130,127,3,3
59493,154,154,0,0
59494,81,80,1,1
59495,152,153,-1,1
59496,52,73,-21,21
59497,65,67,-2,2
59498,109,81,28,28
59499,72,73,-1,1
59500,103,91,12,12
59501,112,101,11,11
59502,65,76,-11,11
59503,77,102,-25,25
59504,189,174,15,15
59505,178,155,23,23
59506,48,43,5,5
59507,145,150,-5,5
59508,47,57,-10,10
59509,146,138,8,8
59510,118,120,-2,2
59511,78,80,-2,2
59512,93,104,-11,11
59513,72,75,-3,3
59514,86,90,-4,4
59515,118,112,6,6
59516,87,89,-2,2
59517,42,57,-15,15
59518,87,90,-3,3
59519,87,101,-14,14
59520,159,158,1,1
59521,96,99,-3,3
59522,50,54,-4,4
59523,76,90,-14,14
59524,111,125,-14,14
59525,140,134,6,6
59526,133,121,12,12
59527,89,98,-9,9
59528,94,123,-29,29
59529,60,62,-2,2
59530,67,58,9,9
59531,166,138,28,28
59532,74,66,8,8
59533,88,87,1,1
59534,113,113,0,0
59535,114,115,-1,1
59536,98,86,12,12
59537,52,53,-1,1
59538,109,104,5,5
59539,51,50,1,1
59540,92,81,11,11
59541,79,78,1,1
59542,65,67,-2,2
59543,80,87,-7,7
59544,130,119,11,11
59545,90,110,-20,20
59546,108,95,13,13
59547,84,95,-11,11
59548,160,166,-6,6
59549,53,57,-4,4
59550,62,76,-14,14
59551,65,81,-16,16
59552,65,73,-8,8
59553,61,61,0,0
59554,35,57,-22,22
59555,113,112,1,1
59556,69,78,-9,9
59557,56,53,3,3
59558,103,110,-7,7
59559,76,83,-7,7
59560,106,119,-13,13
59561,157,144,13,13
59562,150,152,-2,2
59563,79,79,0,0
59564,94,92,2,2
59565,59,70,-11,11
59566,135,150,-15,15
59567,91,96,-5,5
59568,129,126,3,3
59569,80,84,-4,4
59570,58,49,9,9
59571,96,85,11,11
59572,160,159,1,1
59573,80,79,1,1
59574,55,64,-9,9
59575,101,110,-9,9
59576,85,78,7,7
59577,68,71,-3,3
59578,95,113,-18,18
59579,110,107,3,3
59580,75,79,-4,4
59581,73,86,-13,13
59582,90,86,4,4
59583,78,88,-10,10
59584,148,137,11,11
59585,94,92,2,2
59586,64,64,0,0
59587,186,167,19,19
59588,40,44,-4,4
59589,74,81,-7,7
59590,140,125,15,15
59591,103,105,-2,2
59592,179,145,34,34
59593,209,176,33,33
59594,114,117,-3,3
59595,44,54,-10,10
59596,84,76,8,8
59597,55,55,0,0
59598,150,150,0,0
59599,64,56,8,8
59600,61,75,-14,14
59601,89,84,5,5
59602,129,115,14,14
59603,61,65,-4,4
59604,125,104,21,21
59605,129,127,2,2
59606,94,94,0,0
59607,86,79,7,7
59608,124,125,-1,1
59609,45,57,-12,12
59610,131,119,12,12
59611,89,88,1,1
59612,140,145,-5,5
59613,85,95,-10,10
59614,178,201,-23,23
59615,120,120,0,0
59616,135,123,12,12
59617,72,64,8,8
59618,45,46,-1,1
59619,63,70,-7,7
59620,62,78,-16,16
59621,87,88,-1,1
59622,165,169,-4,4
59623,107,122,-15,15
59624,69,85,-16,16
59625,94,95,-1,1
59626,58,58,0,0
59627,105,100,5,5
59628,115,111,4,4
59629,92,85,7,7
59630,80,77,3,3
59631,154,190,-36,36
59632,61,53,8,8
59633,115,119,-4,4
59634,52,52,0,0
59635,69,65,4,4
59636,58,64,-6,6
59637,92,99,-7,7
59638,56,66,-10,10
59639,94,112,-18,18
59640,70,76,-6,6
59641,126,105,21,21
59642,77,80,-3,3
59643,77,72,5,5
59644,160,163,-3,3
59645,69,69,0,0
59646,73,72,1,1
59647,72,78,-6,6
59648,72,71,1,1
59649,124,123,1,1
59650,78,79,-1,1
59651,81,83,-2,2
59652,156,151,5,5
59653,67,55,12,12
59654,118,111,7,7
59655,79,88,-9,9
59656,81,80,1,1
59657,87,85,2,2
59658,57,75,-18,18
59659,70,254,-184,184
59660,147,126,21,21
59661,141,132,9,9
59662,42,64,-22,22
59663,89,95,-6,6
59664,94,102,-8,8
59665,103,102,1,1
59666,100,97,3,3
59667,56,66,-10,10
59668,85,131,-46,46
59669,77,73,4,4
59670,89,79,10,10
59671,125,141,-16,16
59672,41,48,-7,7
59673,135,113,22,22
59674,70,81,-11,11
59675,51,49,2,2
59676,86,102,-16,16
59677,100,101,-1,1
59678,103,109,-6,6
59679,62,65,-3,3
59680,153,138,15,15
59681,173,174,-1,1
59682,137,145,-8,8
59683,107,92,15,15
59684,161,145,16,16
59685,139,144,-5,5
59686,62,58,4,4
59687,71,72,-1,1
59688,104,130,-26,26
59689,115,106,9,9
59690,144,144,0,0
59691,76,82,-6,6
59692,168,166,2,2
59693,76,72,4,4
59694,78,87,-9,9
59695,94,124,-30,30
59696,92,104,-12,12
59697,96,89,7,7
59698,131,116,15,15
59699,93,102,-9,9
59700,93,87,6,6
59701,60,65,-5,5
59702,78,69,9,9
59703,72,73,-1,1
59704,141,114,27,27
59705,116,104,12,12
59706,83,91,-8,8
59707,78,87,-9,9
59708,79,79,0,0
59709,113,118,-5,5
59710,46,57,-11,11
59711,93,97,-4,4
59712,99,86,13,13
59713,103,119,-16,16
59714,98,92,6,6
59715,113,107,6,6
59716,121,137,-16,16
59717,58,65,-7,7
59718,92,95,-3,3
59719,89,110,-21,21
59720,99,104,-5,5
59721,89,88,1,1
59722,79,82,-3,3
59723,138,127,11,11
59724,79,82,-3,3
59725,73,81,-8,8
59726,88,81,7,7
59727,73,79,-6,6
59728,95,99,-4,4
59729,104,101,3,3
59730,77,74,3,3
59731,54,63,-9,9
59732,128,127,1,1
59733,88,90,-2,2
59734,89,80,9,9
59735,100,100,0,0
59736,132,121,11,11
59737,73,97,-24,24
59738,69,70,-1,1
59739,88,78,10,10
59740,127,127,0,0
59741,135,129,6,6
59742,71,59,12,12
59743,133,121,12,12
59744,98,98,0,0
59745,96,84,12,12
59746,121,111,10,10
59747,110,101,9,9
59748,63,65,-2,2
59749,149,145,4,4
59750,75,95,-20,20
59751,61,71,-10,10
59752,203,174,29,29
59753,106,100,6,6
59754,90,86,4,4
59755,111,99,12,12
59756,98,98,0,0
59757,70,89,-19,19
59758,77,75,2,2
59759,65,80,-15,15
59760,110,113,-3,3
59761,82,99,-17,17
59762,135,133,2,2
59763,133,125,8,8
59764,93,87,6,6
59765,96,107,-11,11
59766,83,87,-4,4
59767,83,80,3,3
59768,114,106,8,8
59769,169,167,2,2
59770,83,79,4,4
59771,87,86,1,1
59772,80,92,-12,12
59773,64,74,-10,10
59774,185,175,10,10
59775,110,94,16,16
59776,109,105,4,4
59777,52,68,-16,16
59778,103,100,3,3
59779,34,38,-4,4
59780,69,119,-50,50
59781,154,157,-3,3
59782,149,141,8,8
59783,81,71,10,10
59784,81,84,-3,3
59785,68,70,-2,2
59786,93,87,6,6
59787,57,51,6,6
59788,129,133,-4,4
59789,98,102,-4,4
59790,117,126,-9,9
59791,76,81,-5,5
59792,36,54,-18,18
59793,130,124,6,6
59794,81,82,-1,1
59795,72,79,-7,7
59796,76,84,-8,8
59797,63,72,-9,9
59798,97,93,4,4
59799,61,41,20,20
59800,85,93,-8,8
59801,110,136,-26,26
59802,85,81,4,4
59803,77,87,-10,10
59804,127,119,8,8
59805,49,55,-6,6
59806,85,90,-5,5
59807,83,99,-16,16
59808,132,139,-7,7
59809,136,139,-3,3
59810,73,73,0,0
59811,71,73,-2,2
59812,79,77,2,2
59813,88,92,-4,4
59814,70,123,-53,53
59815,75,72,3,3
59816,46,40,6,6
59817,101,94,7,7
59818,128,135,-7,7
59819,92,76,16,16
59820,149,128,21,21
59821,122,104,18,18
59822,79,106,-27,27
59823,48,76,-28,28
59824,101,99,2,2
59825,94,93,1,1
59826,125,134,-9,9
59827,91,105,-14,14
59828,78,83,-5,5
59829,121,112,9,9
59830,166,145,21,21
59831,96,91,5,5
59832,124,161,-37,37
59833,159,147,12,12
59834,66,66,0,0
59835,82,68,14,14
59836,75,82,-7,7
59837,59,61,-2,2
59838,85,89,-4,4
59839,99,85,14,14
59840,148,135,13,13
59841,109,96,13,13
59842,81,79,2,2
59843,99,83,16,16
59844,47,73,-26,26
59845,78,78,0,0
59846,85,85,0,0
59847,76,85,-9,9
59848,54,44,10,10
59849,106,115,-9,9
59850,83,75,8,8
59851,66,70,-4,4
59852,47,64,-17,17
59853,60,76,-16,16
59854,109,115,-6,6
59855,122,113,9,9
59856,92,84,8,8
59857,102,90,12,12
59858,130,134,-4,4
59859,104,95,9,9
59860,106,89,17,17
59861,74,82,-8,8
59862,149,145,4,4
59863,46,65,-19,19
59864,55,55,0,0
59865,81,71,10,10
59866,86,92,-6,6
59867,159,156,3,3
59868,49,52,-3,3
59869,76,81,-5,5
59870,109,109,0,0
59871,88,76,12,12
59872,66,62,4,4
59873,95,88,7,7
59874,123,109,14,14
59875,49,61,-12,12
59876,60,56,4,4
59877,140,133,7,7
59878,72,64,8,8
59879,103,108,-5,5
59880,88,105,-17,17
59881,94,94,0,0
59882,97,89,8,8
59883,112,108,4,4
59884,37,51,-14,14
59885,70,77,-7,7
59886,217,208,9,9
59887,159,154,5,5
59888,86,84,2,2
59889,116,119,-3,3
59890,76,73,3,3
59891,159,147,12,12
59892,102,101,1,1
59893,72,75,-3,3
59894,102,96,6,6
59895,94,76,18,18
59896,56,59,-3,3
59897,136,141,-5,5
59898,78,76,2,2
59899,75,74,1,1
59900,138,127,11,11
59901,79,73,6,6
59902,89,96,-7,7
59903,63,70,-7,7
59904,59,64,-5,5
59905,127,136,-9,9
59906,100,82,18,18
59907,60,64,-4,4
59908,100,103,-3,3
59909,108,100,8,8
59910,152,141,11,11
59911,118,115,3,3
59912,81,81,0,0
59913,49,53,-4,4
59914,90,85,5,5
59915,97,93,4,4
59916,90,81,9,9
59917,138,124,14,14
59918,116,129,-13,13
59919,86,81,5,5
59920,106,92,14,14
59921,155,141,14,14
59922,100,99,1,1
59923,66,74,-8,8
59924,84,86,-2,2
59925,103,104,-1,1
59926,56,72,-16,16
59927,100,92,8,8
59928,93,97,-4,4
59929,135,140,-5,5
59930,32,54,-22,22
59931,93,105,-12,12
59932,107,129,-22,22
59933,62,69,-7,7
59934,59,66,-7,7
59935,91,85,6,6
59936,75,90,-15,15
59937,73,76,-3,3
59938,96,103,-7,7
59939,115,115,0,0
59940,63,72,-9,9
59941,85,97,-12,12
59942,72,84,-12,12
59943,158,187,-29,29
59944,91,66,25,25
59945,69,78,-9,9
59946,89,118,-29,29
59947,74,82,-8,8
59948,104,365,-261,261
59949,49,64,-15,15
59950,99,104,-5,5
59951,127,130,-3,3
59952,73,79,-6,6
59953,49,74,-25,25
59954,87,92,-5,5
59955,157,149,8,8
59956,80,91,-11,11
59957,144,125,19,19
59958,83,99,-16,16
59959,131,120,11,11
59960,95,104,-9,9
59961,141,143,-2,2
59962,89,99,-10,10
59963,59,68,-9,9
59964,86,90,-4,4
59965,118,115,3,3
59966,78,86,-8,8
59967,148,145,3,3
59968,59,59,0,0
59969,104,104,0,0
59970,85,80,5,5
59971,103,113,-10,10
59972,236,213,23,23
59973,66,79,-13,13
59974,50,69,-19,19
59975,77,71,6,6
59976,114,103,11,11
59977,85,83,2,2
59978,88,86,2,2
59979,74,70,4,4
59980,71,74,-3,3
59981,155,153,2,2
59982,62,75,-13,13
59983,100,86,14,14
59984,82,91,-9,9
59985,113,105,8,8
59986,104,159,-55,55
59987,104,106,-2,2
59988,105,125,-20,20
59989,153,142,11,11
59990,76,74,2,2
59991,85,75,10,10
59992,119,123,-4,4
59993,106,99,7,7
59994,73,81,-8,8
59995,137,126,11,11
59996,79,72,7,7
59997,186,188,-2,2
59998,63,79,-16,16
59999,93,87,6,6
60000,126,127,-1,1
60001,70,67,3,3
60002,128,116,12,12
60003,61,64,-3,3
60004,83,70,13,13
60005,108,100,8,8
60006,87,99,-12,12
60007,97,105,-8,8
60008,62,68,-6,6
60009,129,127,2,2
60010,124,115,9,9
60011,63,64,-1,1
60012,138,132,6,6
60013,53,49,4,4
60014,76,70,6,6
60015,138,141,-3,3
60016,123,139,-16,16
60017,57,54,3,3
60018,83,81,2,2
60019,96,97,-1,1
60020,119,144,-25,25
60021,72,68,4,4
60022,78,64,14,14
60023,106,90,16,16
60024,83,76,7,7
60025,71,65,6,6
60026,205,185,20,20
60027,59,67,-8,8
60028,57,61,-4,4
60029,90,77,13,13
60030,34,65,-31,31
60031,215,180,35,35
60032,85,88,-3,3
60033,158,162,-4,4
60034,136,122,14,14
60035,55,53,2,2
60036,119,111,8,8
60037,109,139,-30,30
60038,57,52,5,5
60039,92,90,2,2
60040,99,94,5,5
60041,95,92,3,3
60042,74,63,11,11
60043,84,78,6,6
60044,107,106,1,1
60045,78,89,-11,11
60046,64,70,-6,6
60047,66,77,-11,11
60048,88,91,-3,3
60049,135,122,13,13
60050,139,128,11,11
60051,126,157,-31,31
60052,82,89,-7,7
60053,70,66,4,4
60054,81,93,-12,12
60055,60,69,-9,9
60056,56,66,-10,10
60057,131,127,4,4
60058,59,67,-8,8
60059,83,79,4,4
60060,145,142,3,3
60061,86,98,-12,12
60062,102,106,-4,4
60063,77,77,0,0
60064,136,109,27,27
60065,68,55,13,13
60066,81,77,4,4
60067,82,76,6,6
60068,85,95,-10,10
60069,121,124,-3,3
60070,69,72,-3,3
60071,56,65,-9,9
60072,170,155,15,15
60073,123,125,-2,2
60074,71,85,-14,14
60075,77,81,-4,4
60076,140,135,5,5
60077,141,142,-1,1
60078,98,98,0,0
60079,93,90,3,3
60080,69,86,-17,17
60081,104,100,4,4
60082,53,68,-15,15
60083,75,79,-4,4
60084,120,114,6,6
60085,86,86,0,0
60086,98,94,4,4
60087,84,73,11,11
60088,88,123,-35,35
60089,113,112,1,1
60090,74,74,0,0
60091,91,90,1,1
60092,149,120,29,29
60093,82,80,2,2
60094,84,77,7,7
60095,195,168,27,27
60096,117,121,-4,4
60097,120,123,-3,3
60098,180,160,20,20
60099,80,95,-15,15
60100,122,118,4,4
60101,135,134,1,1
60102,159,162,-3,3
60103,107,112,-5,5
60104,76,82,-6,6
60105,85,86,-1,1
60106,87,83,4,4
60107,88,74,14,14
60108,41,52,-11,11
60109,78,78,0,0
60110,61,67,-6,6
60111,87,92,-5,5
60112,129,120,9,9
60113,84,81,3,3
60114,142,133,9,9
60115,126,133,-7,7
60116,89,80,9,9
60117,74,65,9,9
60118,51,83,-32,32
60119,141,126,15,15
60120,83,80,3,3
60121,120,159,-39,39
60122,144,154,-10,10
60123,67,72,-5,5
60124,82,87,-5,5
60125,67,68,-1,1
60126,85,81,4,4
60127,62,48,14,14
60128,106,113,-7,7
60129,59,71,-12,12
60130,73,79,-6,6
60131,145,140,5,5
60132,65,63,2,2
60133,72,75,-3,3
60134,118,99,19,19
60135,105,117,-12,12
60136,71,71,0,0
60137,96,101,-5,5
60138,111,99,12,12
60139,73,80,-7,7
60140,88,84,4,4
60141,210,201,9,9
60142,104,95,9,9
60143,76,73,3,3
60144,43,50,-7,7
60145,110,103,7,7
60146,93,64,29,29
60147,114,110,4,4
60148,190,194,-4,4
60149,87,91,-4,4
60150,85,72,13,13
60151,95,92,3,3
60152,97,109,-12,12
60153,58,61,-3,3
60154,126,144,-18,18
60155,145,129,16,16
60156,61,68,-7,7
60157,113,98,15,15
60158,42,41,1,1
60159,108,104,4,4
60160,93,89,4,4
60161,157,147,10,10
60162,75,78,-3,3
60163,59,71,-12,12
60164,101,103,-2,2
60165,83,76,7,7
60166,95,96,-1,1
60167,100,101,-1,1
60168,69,60,9,9
60169,108,111,-3,3
60170,79,72,7,7
60171,105,100,5,5
60172,98,111,-13,13
60173,123,126,-3,3
60174,103,95,8,8
60175,158,153,5,5
60176,98,95,3,3
60177,128,123,5,5
60178,54,55,-1,1
60179,54,55,-1,1
60180,86,95,-9,9
60181,119,123,-4,4
60182,67,72,-5,5
60183,114,109,5,5
60184,104,104,0,0
60185,81,79,2,2
60186,84,79,5,5
60187,86,87,-1,1
60188,93,87,6,6
60189,75,66,9,9
60190,69,78,-9,9
60191,96,90,6,6
60192,117,125,-8,8
60193,164,148,16,16
60194,121,114,7,7
60195,93,89,4,4
60196,91,83,8,8
60197,144,139,5,5
60198,101,103,-2,2
60199,135,126,9,9
60200,102,106,-4,4
60201,83,87,-4,4
60202,88,81,7,7
60203,101,107,-6,6
60204,102,107,-5,5
60205,102,107,-5,5
60206,105,94,11,11
60207,99,109,-10,10
60208,151,146,5,5
60209,67,75,-8,8
60210,164,136,28,28
60211,85,92,-7,7
60212,89,97,-8,8
60213,59,59,0,0
60214,94,90,4,4
60215,123,117,6,6
60216,79,93,-14,14
60217,74,65,9,9
60218,176,162,14,14
60219,59,72,-13,13
60220,100,96,4,4
60221,123,123,0,0
60222,104,103,1,1
60223,145,146,-1,1
60224,97,102,-5,5
60225,175,158,17,17
60226,63,61,2,2
60227,124,153,-29,29
60228,68,56,12,12
60229,139,128,11,11
60230,78,75,3,3
60231,79,72,7,7
60232,48,64,-16,16
60233,141,136,5,5
60234,136,119,17,17
60235,123,135,-12,12
60236,85,84,1,1
60237,128,122,6,6
60238,97,99,-2,2
60239,63,65,-2,2
60240,141,139,2,2
60241,87,92,-5,5
60242,93,98,-5,5
60243,54,54,0,0
60244,133,118,15,15
60245,50,57,-7,7
60246,71,81,-10,10
60247,75,76,-1,1
60248,165,166,-1,1
60249,64,65,-1,1
60250,95,83,12,12
60251,65,56,9,9
60252,106,102,4,4
60253,91,79,12,12
60254,70,79,-9,9
60255,124,125,-1,1
60256,48,62,-14,14
60257,74,80,-6,6
60258,64,68,-4,4
60259,104,106,-2,2
60260,82,79,3,3
60261,82,89,-7,7
60262,147,147,0,0
60263,123,110,13,13
60264,81,81,0,0
60265,146,156,-10,10
60266,88,84,4,4
60267,78,79,-1,1
60268,118,120,-2,2
60269,160,157,3,3
60270,176,165,11,11
60271,133,113,20,20
60272,122,122,0,0
60273,74,79,-5,5
60274,75,78,-3,3
60275,116,119,-3,3
60276,116,113,3,3
60277,126,117,9,9
60278,53,61,-8,8
60279,58,83,-25,25
60280,169,158,11,11
60281,100,112,-12,12
60282,56,64,-8,8
60283,63,70,-7,7
60284,58,60,-2,2
60285,56,53,3,3
60286,131,143,-12,12
60287,74,71,3,3
60288,143,148,-5,5
60289,127,128,-1,1
60290,98,100,-2,2
60291,60,59,1,1
60292,65,111,-46,46
60293,76,64,12,12
60294,72,74,-2,2
60295,83,80,3,3
60296,41,39,2,2
60297,91,85,6,6
60298,125,130,-5,5
60299,119,125,-6,6
60300,92,69,23,23
60301,100,112,-12,12
60302,125,120,5,5
60303,95,96,-1,1
60304,108,103,5,5
60305,118,115,3,3
60306,124,134,-10,10
60307,31,35,-4,4
60308,175,178,-3,3
60309,122,118,4,4
60310,117,131,-14,14
60311,30,59,-29,29
60312,184,170,14,14
60313,93,91,2,2
60314,98,97,1,1
60315,82,74,8,8
60316,91,87,4,4
60317,67,65,2,2
60318,103,81,22,22
60319,127,142,-15,15
60320,64,57,7,7
60321,70,83,-13,13
60322,68,75,-7,7
60323,87,92,-5,5
60324,103,107,-4,4
60325,91,90,1,1
60326,77,75,2,2
60327,70,66,4,4
60328,90,94,-4,4
60329,64,67,-3,3
60330,53,57,-4,4
60331,87,78,9,9
60332,112,99,13,13
60333,91,92,-1,1
60334,132,124,8,8
60335,116,120,-4,4
60336,99,108,-9,9
60337,80,86,-6,6
60338,125,124,1,1
60339,83,77,6,6
60340,123,129,-6,6
60341,126,118,8,8
60342,114,123,-9,9
60343,139,122,17,17
60344,135,148,-13,13
60345,61,56,5,5
60346,70,71,-1,1
60347,112,111,1,1
60348,79,81,-2,2
60349,58,61,-3,3
60350,131,129,2,2
60351,154,144,10,10
60352,85,87,-2,2
60353,116,102,14,14
60354,71,79,-8,8
60355,62,72,-10,10
60356,72,75,-3,3
60357,137,138,-1,1
60358,152,147,5,5
60359,85,78,7,7
60360,63,69,-6,6
60361,67,59,8,8
60362,108,123,-15,15
60363,120,122,-2,2
60364,103,98,5,5
60365,96,107,-11,11
60366,108,114,-6,6
60367,49,109,-60,60
60368,83,90,-7,7
60369,91,90,1,1
60370,112,107,5,5
60371,148,138,10,10
60372,110,120,-10,10
60373,90,88,2,2
60374,71,78,-7,7
60375,95,107,-12,12
60376,78,75,3,3
60377,102,119,-17,17
60378,99,88,11,11
60379,71,71,0,0
60380,103,99,4,4
60381,75,79,-4,4
60382,128,119,9,9
60383,37,42,-5,5
60384,82,79,3,3
60385,82,88,-6,6
60386,105,97,8,8
60387,96,73,23,23
60388,57,57,0,0
60389,135,131,4,4
60390,87,90,-3,3
60391,75,75,0,0
60392,75,86,-11,11
60393,127,115,12,12
60394,105,113,-8,8
60395,61,64,-3,3
60396,66,97,-31,31
60397,140,141,-1,1
60398,129,125,4,4
60399,150,133,17,17
60400,109,113,-4,4
60401,115,133,-18,18
60402,118,114,4,4
60403,58,68,-10,10
60404,79,70,9,9
60405,28,33,-5,5
60406,173,141,32,32
60407,89,90,-1,1
60408,95,90,5,5
60409,71,75,-4,4
60410,87,90,-3,3
60411,77,70,7,7
60412,106,108,-2,2
60413,88,84,4,4
60414,74,83,-9,9
60415,66,89,-23,23
60416,64,86,-22,22
60417,115,130,-15,15
60418,59,53,6,6
60419,142,128,14,14
60420,73,65,8,8
60421,138,134,4,4
60422,110,108,2,2
60423,81,91,-10,10
60424,143,156,-13,13
60425,137,111,26,26
60426,177,169,8,8
60427,100,100,0,0
60428,112,122,-10,10
60429,136,147,-11,11
60430,48,50,-2,2
60431,112,143,-31,31
60432,115,114,1,1
60433,134,133,1,1
60434,97,97,0,0
60435,86,83,3,3
60436,115,110,5,5
60437,80,77,3,3
60438,157,153,4,4
60439,59,59,0,0
60440,118,118,0,0
60441,64,77,-13,13
60442,123,120,3,3
60443,70,71,-1,1
60444,60,77,-17,17
60445,76,78,-2,2
60446,161,153,8,8
60447,129,136,-7,7
60448,66,67,-1,1
60449,104,99,5,5
60450,86,88,-2,2
60451,53,58,-5,5
60452,76,75,1,1
60453,202,175,27,27
60454,81,80,1,1
60455,136,136,0,0
60456,80,63,17,17
60457,54,62,-8,8
60458,71,67,4,4
60459,37,42,-5,5
60460,92,87,5,5
60461,81,106,-25,25
60462,94,123,-29,29
60463,116,117,-1,1
60464,89,90,-1,1
60465,123,116,7,7
60466,95,97,-2,2
60467,114,115,-1,1
60468,134,140,-6,6
60469,153,141,12,12
60470,82,78,4,4
60471,104,106,-2,2
60472,101,101,0,0
60473,73,65,8,8
60474,121,121,0,0
60475,147,130,17,17
60476,70,84,-14,14
60477,126,125,1,1
60478,284,242,42,42
60479,124,121,3,3
60480,107,108,-1,1
60481,78,74,4,4
60482,116,120,-4,4
60483,139,127,12,12
60484,127,120,7,7
60485,61,71,-10,10
60486,56,58,-2,2
60487,105,103,2,2
60488,68,82,-14,14
60489,101,99,2,2
60490,64,54,10,10
60491,70,71,-1,1
60492,129,120,9,9
60493,86,77,9,9
60494,71,57,14,14
60495,57,175,-118,118
60496,63,85,-22,22
60497,100,90,10,10
60498,138,135,3,3
60499,143,131,12,12
60500,123,124,-1,1
60501,114,120,-6,6
60502,69,65,4,4
60503,71,75,-4,4
60504,65,61,4,4
60505,94,104,-10,10
60506,73,71,2,2
60507,77,80,-3,3
60508,68,60,8,8
60509,126,135,-9,9
60510,133,118,15,15
60511,111,121,-10,10
60512,80,76,4,4
60513,74,91,-17,17
60514,91,93,-2,2
60515,111,121,-10,10
60516,100,97,3,3
60517,191,163,28,28
60518,124,112,12,12
60519,55,54,1,1
60520,113,100,13,13
60521,34,55,-21,21
60522,108,108,0,0
60523,74,72,2,2
60524,163,148,15,15
60525,135,120,15,15
60526,86,99,-13,13
60527,122,116,6,6
60528,135,124,11,11
60529,68,72,-4,4
60530,75,75,0,0
60531,127,135,-8,8
60532,65,67,-2,2
60533,83,91,-8,8
60534,103,94,9,9
60535,79,77,2,2
60536,77,64,13,13
60537,116,122,-6,6
60538,123,117,6,6
60539,70,72,-2,2
60540,66,64,2,2
60541,102,115,-13,13
60542,108,120,-12,12
60543,64,57,7,7
60544,116,124,-8,8
60545,154,155,-1,1
60546,78,79,-1,1
60547,97,95,2,2
60548,64,81,-17,17
60549,109,111,-2,2
60550,109,101,8,8
60551,110,121,-11,11
60552,124,112,12,12
60553,50,48,2,2
60554,75,73,2,2
60555,112,121,-9,9
60556,72,84,-12,12
60557,113,112,1,1
60558,70,83,-13,13
60559,112,81,31,31
60560,71,70,1,1
60561,117,117,0,0
60562,88,107,-19,19
60563,88,80,8,8
60564,96,86,10,10
60565,114,110,4,4
60566,46,61,-15,15
60567,82,91,-9,9
60568,77,74,3,3
60569,68,90,-22,22
60570,79,86,-7,7
60571,78,89,-11,11
60572,48,55,-7,7
60573,55,53,2,2
60574,110,105,5,5
60575,106,97,9,9
60576,88,83,5,5
60577,90,99,-9,9
60578,84,97,-13,13
60579,78,86,-8,8
60580,108,119,-11,11
60581,52,64,-12,12
60582,162,142,20,20
60583,46,60,-14,14
60584,100,115,-15,15
60585,95,86,9,9
60586,138,137,1,1
60587,53,55,-2,2
60588,100,83,17,17
60589,93,94,-1,1
60590,90,115,-25,25
60591,103,92,11,11
60592,92,84,8,8
60593,52,51,1,1
60594,104,103,1,1
60595,49,55,-6,6
60596,82,79,3,3
60597,104,92,12,12
60598,167,154,13,13
60599,58,65,-7,7
60600,79,82,-3,3
60601,75,72,3,3
60602,70,73,-3,3
60603,78,82,-4,4
60604,70,77,-7,7
60605,130,136,-6,6
60606,90,95,-5,5
60607,68,63,5,5
60608,97,100,-3,3
60609,83,80,3,3
60610,51,55,-4,4
60611,70,72,-2,2
60612,35,60,-25,25
60613,24,45,-21,21
60614,113,97,16,16
60615,133,120,13,13
60616,90,86,4,4
60617,84,76,8,8
60618,86,85,1,1
60619,63,65,-2,2
60620,51,54,-3,3
60621,153,143,10,10
60622,113,105,8,8
60623,47,52,-5,5
60624,111,107,4,4
60625,67,66,1,1
60626,51,91,-40,40
60627,57,70,-13,13
60628,67,68,-1,1
60629,149,143,6,6
60630,71,78,-7,7
60631,100,116,-16,16
60632,94,96,-2,2
60633,61,63,-2,2
60634,100,87,13,13
60635,147,143,4,4
60636,92,86,6,6
60637,79,93,-14,14
60638,95,104,-9,9
60639,155,157,-2,2
60640,88,84,4,4
60641,149,205,-56,56
60642,128,138,-10,10
60643,73,55,18,18
60644,124,117,7,7
60645,78,80,-2,2
60646,73,72,1,1
60647,104,104,0,0
60648,124,111,13,13
60649,65,63,2,2
60650,98,100,-2,2
60651,100,90,10,10
60652,79,74,5,5
60653,216,206,10,10
60654,77,84,-7,7
60655,64,77,-13,13
60656,43,44,-1,1
60657,124,118,6,6
60658,87,84,3,3
60659,98,101,-3,3
60660,91,89,2,2
60661,81,75,6,6
60662,109,121,-12,12
60663,61,70,-9,9
60664,86,88,-2,2
60665,126,121,5,5
60666,85,84,1,1
60667,94,117,-23,23
60668,68,70,-2,2
60669,77,81,-4,4
60670,72,85,-13,13
60671,107,105,2,2
60672,83,86,-3,3
60673,116,113,3,3
60674,59,63,-4,4
60675,53,57,-4,4
60676,137,137,0,0
60677,128,124,4,4
60678,97,94,3,3
60679,97,100,-3,3
60680,75,71,4,4
60681,107,96,11,11
60682,96,100,-4,4
60683,139,122,17,17
60684,62,59,3,3
60685,90,85,5,5
60686,104,109,-5,5
60687,124,121,3,3
60688,107,164,-57,57
60689,124,136,-12,12
60690,105,101,4,4
60691,134,138,-4,4
60692,122,124,-2,2
60693,70,80,-10,10
60694,152,151,1,1
60695,95,95,0,0
60696,67,91,-24,24
60697,109,109,0,0
60698,170,227,-57,57
60699,80,75,5,5
60700,88,82,6,6
60701,131,97,34,34
60702,84,80,4,4
60703,97,100,-3,3
60704,149,136,13,13
60705,79,79,0,0
60706,93,104,-11,11
60707,81,78,3,3
60708,125,117,8,8
60709,82,82,0,0
60710,79,83,-4,4
60711,65,57,8,8
60712,95,106,-11,11
60713,111,121,-10,10
60714,113,109,4,4
60715,119,122,-3,3
60716,68,73,-5,5
60717,135,110,25,25
60718,102,90,12,12
60719,96,116,-20,20
60720,107,113,-6,6
60721,86,84,2,2
60722,158,125,33,33
60723,141,124,17,17
60724,129,129,0,0
60725,49,50,-1,1
60726,149,139,10,10
60727,114,112,2,2
60728,40,60,-20,20
60729,55,60,-5,5
60730,85,82,3,3
60731,65,55,10,10
60732,97,108,-11,11
60733,148,139,9,9
60734,141,140,1,1
60735,69,59,10,10
60736,80,86,-6,6
60737,158,137,21,21
60738,75,80,-5,5
60739,88,94,-6,6
60740,110,109,1,1
60741,82,89,-7,7
60742,58,70,-12,12
60743,76,79,-3,3
60744,48,62,-14,14
60745,106,91,15,15
60746,108,110,-2,2
60747,191,181,10,10
60748,100,106,-6,6
60749,58,63,-5,5
60750,117,111,6,6
60751,233,187,46,46
60752,78,89,-11,11
60753,83,71,12,12
60754,66,69,-3,3
60755,55,62,-7,7
60756,77,87,-10,10
60757,102,98,4,4
60758,62,57,5,5
60759,71,76,-5,5
60760,139,140,-1,1
60761,132,132,0,0
60762,94,99,-5,5
60763,107,116,-9,9
60764,60,84,-24,24
60765,94,102,-8,8
60766,72,54,18,18
60767,86,86,0,0
60768,75,79,-4,4
60769,87,79,8,8
60770,148,130,18,18
60771,120,115,5,5
60772,68,68,0,0
60773,81,72,9,9
60774,222,215,7,7
60775,68,60,8,8
60776,103,118,-15,15
60777,133,123,10,10
60778,135,125,10,10
60779,97,93,4,4
60780,56,69,-13,13
60781,73,71,2,2
60782,110,102,8,8
60783,116,123,-7,7
60784,46,47,-1,1
60785,119,112,7,7
60786,42,37,5,5
60787,71,87,-16,16
60788,80,77,3,3
60789,87,85,2,2
60790,73,83,-10,10
60791,99,94,5,5
60792,36,45,-9,9
60793,70,65,5,5
60794,55,57,-2,2
60795,104,100,4,4
60796,135,138,-3,3
60797,103,91,12,12
60798,83,87,-4,4
60799,87,82,5,5
60800,78,74,4,4
60801,68,71,-3,3
60802,70,84,-14,14
60803,112,103,9,9
60804,99,104,-5,5
60805,103,102,1,1
60806,87,79,8,8
60807,105,102,3,3
60808,94,96,-2,2
60809,185,173,12,12
60810,167,163,4,4
60811,67,71,-4,4
60812,98,83,15,15
60813,109,118,-9,9
60814,139,128,11,11
60815,88,79,9,9
60816,117,109,8,8
60817,101,105,-4,4
60818,124,142,-18,18
60819,182,156,26,26
60820,198,170,28,28
60821,115,108,7,7
60822,92,96,-4,4
60823,77,71,6,6
60824,104,104,0,0
60825,75,63,12,12
60826,93,83,10,10
60827,173,166,7,7
60828,121,127,-6,6
60829,141,130,11,11
60830,66,86,-20,20
60831,72,82,-10,10
60832,104,117,-13,13
60833,103,101,2,2
60834,81,81,0,0
60835,122,96,26,26
60836,131,127,4,4
60837,58,63,-5,5
60838,106,103,3,3
60839,119,114,5,5
60840,57,54,3,3
60841,77,80,-3,3
60842,67,60,7,7
60843,85,84,1,1
60844,62,68,-6,6
60845,140,136,4,4
60846,72,76,-4,4
60847,125,130,-5,5
60848,166,152,14,14
60849,133,114,19,19
60850,101,80,21,21
60851,156,146,10,10
60852,68,64,4,4
60853,70,75,-5,5
60854,127,120,7,7
60855,89,85,4,4
60856,111,109,2,2
60857,154,129,25,25
60858,91,89,2,2
60859,59,68,-9,9
60860,105,107,-2,2
60861,108,123,-15,15
60862,87,98,-11,11
60863,143,134,9,9
60864,88,88,0,0
60865,83,83,0,0
60866,105,98,7,7
60867,96,103,-7,7
60868,95,92,3,3
60869,104,115,-11,11
60870,97,117,-20,20
60871,111,111,0,0
60872,93,87,6,6
60873,54,48,6,6
60874,90,100,-10,10
60875,52,62,-10,10
60876,85,85,0,0
60877,114,111,3,3
60878,152,145,7,7
60879,79,56,23,23
60880,118,118,0,0
60881,85,73,12,12
60882,94,83,11,11
60883,49,56,-7,7
60884,56,66,-10,10
60885,156,135,21,21
60886,55,54,1,1
60887,116,112,4,4
60888,84,97,-13,13
60889,105,100,5,5
60890,122,113,9,9
60891,80,84,-4,4
60892,89,67,22,22
60893,117,115,2,2
60894,50,51,-1,1
60895,65,75,-10,10
60896,115,118,-3,3
60897,78,77,1,1
60898,112,116,-4,4
60899,84,81,3,3
60900,144,151,-7,7
60901,95,95,0,0
60902,125,122,3,3
60903,115,127,-12,12
60904,76,87,-11,11
60905,119,117,2,2
60906,133,145,-12,12
60907,90,82,8,8
60908,112,106,6,6
60909,76,75,1,1
60910,147,142,5,5
60911,55,70,-15,15
60912,131,120,11,11
60913,116,112,4,4
60914,84,80,4,4
60915,72,60,12,12
60916,73,73,0,0
60917,43,44,-1,1
60918,73,70,3,3
60919,82,94,-12,12
60920,56,66,-10,10
60921,99,92,7,7
60922,105,122,-17,17
60923,79,91,-12,12
60924,138,118,20,20
60925,111,121,-10,10
60926,36,57,-21,21
60927,138,126,12,12
60928,89,93,-4,4
60929,93,83,10,10
60930,132,128,4,4
60931,108,104,4,4
60932,66,69,-3,3
60933,71,71,0,0
60934,65,59,6,6
60935,200,187,13,13
60936,72,106,-34,34
60937,232,221,11,11
60938,75,73,2,2
60939,186,176,10,10
60940,125,121,4,4
60941,95,110,-15,15
60942,203,182,21,21
60943,176,160,16,16
60944,129,127,2,2
60945,76,77,-1,1
60946,143,135,8,8
60947,49,56,-7,7
60948,92,91,1,1
60949,92,99,-7,7
60950,75,83,-8,8
60951,105,92,13,13
60952,155,130,25,25
60953,95,104,-9,9
60954,86,100,-14,14
60955,132,126,6,6
60956,46,52,-6,6
60957,69,72,-3,3
60958,58,75,-17,17
60959,140,128,12,12
60960,70,69,1,1
60961,89,90,-1,1
60962,84,76,8,8
60963,124,118,6,6
60964,71,77,-6,6
60965,127,125,2,2
60966,69,67,2,2
60967,111,113,-2,2
60968,125,128,-3,3
60969,85,91,-6,6
60970,76,73,3,3
60971,85,87,-2,2
60972,55,57,-2,2
60973,92,87,5,5
60974,182,168,14,14
60975,89,82,7,7
60976,102,94,8,8
60977,113,117,-4,4
60978,131,131,0,0
60979,133,148,-15,15
60980,98,94,4,4
60981,154,140,14,14
60982,99,93,6,6
60983,114,117,-3,3
60984,110,106,4,4
60985,125,115,10,10
60986,52,70,-18,18
60987,42,43,-1,1
60988,80,76,4,4
60989,83,81,2,2
60990,143,134,9,9
60991,56,52,4,4
60992,131,136,-5,5
60993,112,128,-16,16
60994,110,109,1,1
60995,104,103,1,1
60996,71,77,-6,6
60997,36,38,-2,2
60998,57,73,-16,16
60999,72,78,-6,6
61000,119,107,12,12
61001,194,177,17,17
61002,107,100,7,7
61003,123,128,-5,5
61004,87,85,2,2
61005,157,139,18,18
61006,75,76,-1,1
61007,94,91,3,3
61008,85,82,3,3
61009,85,78,7,7
61010,44,52,-8,8
61011,78,80,-2,2
61012,97,85,12,12
61013,34,53,-19,19
61014,38,49,-11,11
61015,93,86,7,7
61016,113,111,2,2
61017,130,120,10,10
61018,46,46,0,0
61019,94,96,-2,2
61020,144,129,15,15
61021,60,71,-11,11
61022,110,112,-2,2
61023,78,82,-4,4
61024,172,171,1,1
61025,117,124,-7,7
61026,60,72,-12,12
61027,114,100,14,14
61028,136,146,-10,10
61029,130,135,-5,5
61030,140,137,3,3
61031,58,67,-9,9
61032,87,79,8,8
61033,154,143,11,11
61034,84,77,7,7
61035,78,74,4,4
61036,224,287,-63,63
61037,77,76,1,1
61038,114,112,2,2
61039,64,65,-1,1
61040,145,134,11,11
61041,62,57,5,5
61042,123,126,-3,3
61043,126,120,6,6
61044,59,74,-15,15
61045,59,60,-1,1
61046,65,73,-8,8
61047,81,83,-2,2
61048,104,90,14,14
61049,94,94,0,0
61050,131,135,-4,4
61051,60,66,-6,6
61052,111,104,7,7
61053,159,138,21,21
61054,145,148,-3,3
61055,67,54,13,13
61056,114,108,6,6
61057,82,86,-4,4
61058,93,98,-5,5
61059,53,60,-7,7
61060,83,89,-6,6
61061,101,102,-1,1
61062,112,124,-12,12
61063,71,59,12,12
61064,86,81,5,5
61065,49,100,-51,51
61066,59,73,-14,14
61067,125,119,6,6
61068,157,153,4,4
61069,90,91,-1,1
61070,160,162,-2,2
61071,128,117,11,11
61072,78,75,3,3
61073,153,149,4,4
61074,87,99,-12,12
61075,133,123,10,10
61076,96,96,0,0
61077,88,95,-7,7
61078,69,79,-10,10
61079,150,157,-7,7
61080,134,127,7,7
61081,122,115,7,7
61082,91,93,-2,2
61083,156,148,8,8
61084,76,76,0,0
61085,44,43,1,1
61086,117,115,2,2
61087,110,115,-5,5
61088,101,86,15,15
61089,81,74,7,7
61090,52,49,3,3
61091,164,155,9,9
61092,40,46,-6,6
61093,80,87,-7,7
61094,129,121,8,8
61095,131,118,13,13
61096,87,94,-7,7
61097,79,77,2,2
61098,110,106,4,4
61099,120,106,14,14
61100,100,121,-21,21
61101,113,118,-5,5
61102,97,121,-24,24
61103,75,82,-7,7
61104,85,93,-8,8
61105,49,52,-3,3
61106,103,117,-14,14
61107,177,167,10,10
61108,94,100,-6,6
61109,130,129,1,1
61110,72,76,-4,4
61111,158,149,9,9
61112,47,53,-6,6
61113,74,86,-12,12
61114,101,111,-10,10
61115,51,53,-2,2
61116,83,84,-1,1
61117,142,129,13,13
61118,58,67,-9,9
61119,83,87,-4,4
61120,45,46,-1,1
61121,138,128,10,10
61122,152,152,0,0
61123,101,97,4,4
61124,77,72,5,5
61125,52,80,-28,28
61126,89,79,10,10
61127,149,137,12,12
61128,78,67,11,11
61129,146,146,0,0
61130,122,122,0,0
61131,88,68,20,20
61132,131,135,-4,4
61133,67,66,1,1
61134,107,95,12,12
61135,139,149,-10,10
61136,164,156,8,8
61137,134,120,14,14
61138,71,73,-2,2
61139,87,72,15,15
61140,68,65,3,3
61141,56,110,-54,54
61142,118,119,-1,1
61143,101,84,17,17
61144,75,79,-4,4
61145,127,141,-14,14
61146,85,91,-6,6
61147,57,86,-29,29
61148,37,45,-8,8
61149,116,116,0,0
61150,108,101,7,7
61151,137,139,-2,2
61152,58,55,3,3
61153,67,90,-23,23
61154,106,100,6,6
61155,132,106,26,26
61156,102,98,4,4
61157,115,110,5,5
61158,85,90,-5,5
61159,107,109,-2,2
61160,49,54,-5,5
61161,139,150,-11,11
61162,126,123,3,3
61163,135,137,-2,2
61164,69,68,1,1
61165,88,80,8,8
61166,117,112,5,5
61167,77,81,-4,4
61168,51,59,-8,8
61169,92,99,-7,7
61170,80,85,-5,5
61171,82,86,-4,4
61172,157,151,6,6
61173,83,82,1,1
61174,136,117,19,19
61175,147,130,17,17
61176,49,53,-4,4
61177,86,83,3,3
61178,125,113,12,12
61179,73,73,0,0
61180,99,112,-13,13
61181,102,107,-5,5
61182,101,100,1,1
61183,109,110,-1,1
61184,126,122,4,4
61185,142,125,17,17
61186,62,67,-5,5
61187,113,115,-2,2
61188,149,128,21,21
61189,61,51,10,10
61190,66,66,0,0
61191,122,115,7,7
61192,89,88,1,1
61193,76,77,-1,1
61194,74,82,-8,8
61195,61,68,-7,7
61196,44,54,-10,10
61197,107,122,-15,15
61198,104,98,6,6
61199,109,109,0,0
61200,140,125,15,15
61201,43,46,-3,3
61202,40,53,-13,13
61203,223,215,8,8
61204,95,91,4,4
61205,47,60,-13,13
61206,71,68,3,3
61207,121,105,16,16
61208,119,125,-6,6
61209,135,136,-1,1
61210,78,71,7,7
61211,96,86,10,10
61212,71,74,-3,3
61213,71,83,-12,12
61214,108,125,-17,17
61215,64,66,-2,2
61216,169,191,-22,22
61217,80,78,2,2
61218,78,76,2,2
61219,100,100,0,0
61220,90,91,-1,1
61221,108,99,9,9
61222,84,87,-3,3
61223,150,146,4,4
61224,91,121,-30,30
61225,55,57,-2,2
61226,83,80,3,3
61227,119,174,-55,55
61228,86,84,2,2
61229,101,108,-7,7
61230,89,70,19,19
61231,80,78,2,2
61232,116,103,13,13
61233,146,146,0,0
61234,64,73,-9,9
61235,175,166,9,9
61236,139,132,7,7
61237,79,65,14,14
61238,120,111,9,9
61239,84,94,-10,10
61240,132,129,3,3
61241,71,80,-9,9
61242,104,95,9,9
61243,60,71,-11,11
61244,171,184,-13,13
61245,93,90,3,3
61246,132,134,-2,2
61247,55,58,-3,3
61248,74,66,8,8
61249,126,114,12,12
61250,75,79,-4,4
61251,45,59,-14,14
61252,95,91,4,4
61253,154,136,18,18
61254,143,129,14,14
61255,111,113,-2,2
61256,97,103,-6,6
61257,203,245,-42,42
61258,42,51,-9,9
61259,49,49,0,0
61260,111,107,4,4
61261,76,69,7,7
61262,79,77,2,2
61263,70,81,-11,11
61264,57,51,6,6
61265,60,37,23,23
61266,119,127,-8,8
61267,76,81,-5,5
61268,72,70,2,2
61269,124,113,11,11
61270,138,119,19,19
61271,118,111,7,7
61272,119,113,6,6
61273,94,85,9,9
61274,113,128,-15,15
61275,69,83,-14,14
61276,106,92,14,14
61277,41,51,-10,10
61278,88,91,-3,3
61279,124,134,-10,10
61280,51,65,-14,14
61281,70,73,-3,3
61282,112,110,2,2
61283,100,95,5,5
61284,143,130,13,13
61285,87,95,-8,8
61286,61,64,-3,3
61287,64,68,-4,4
61288,130,175,-45,45
61289,81,82,-1,1
61290,73,65,8,8
61291,47,52,-5,5
61292,99,112,-13,13
61293,95,105,-10,10
61294,105,104,1,1
61295,126,122,4,4
61296,108,106,2,2
61297,67,67,0,0
61298,72,81,-9,9
61299,65,58,7,7
61300,109,102,7,7
61301,52,57,-5,5
61302,122,112,10,10
61303,59,60,-1,1
61304,117,126,-9,9
61305,79,73,6,6
61306,46,55,-9,9
61307,64,79,-15,15
61308,71,87,-16,16
61309,60,60,0,0
61310,70,65,5,5
61311,114,120,-6,6
61312,101,109,-8,8
61313,138,137,1,1
61314,98,84,14,14
61315,92,105,-13,13
61316,196,185,11,11
61317,109,119,-10,10
61318,55,70,-15,15
61319,166,160,6,6
61320,68,87,-19,19
61321,61,66,-5,5
61322,79,65,14,14
61323,86,76,10,10
61324,90,81,9,9
61325,128,129,-1,1
61326,102,104,-2,2
61327,118,115,3,3
61328,86,76,10,10
61329,105,105,0,0
61330,78,80,-2,2
61331,96,91,5,5
61332,38,47,-9,9
61333,96,93,3,3
61334,123,116,7,7
61335,85,84,1,1
61336,117,105,12,12
61337,78,114,-36,36
61338,131,135,-4,4
61339,82,82,0,0
61340,87,86,1,1
61341,81,84,-3,3
61342,59,59,0,0
61343,84,85,-1,1
61344,89,99,-10,10
61345,65,68,-3,3
61346,131,127,4,4
61347,55,59,-4,4
61348,66,71,-5,5
61349,74,85,-11,11
61350,84,80,4,4
61351,110,105,5,5
61352,63,68,-5,5
61353,97,84,13,13
61354,55,62,-7,7
61355,94,92,2,2
61356,148,148,0,0
61357,110,96,14,14
61358,161,156,5,5
61359,139,132,7,7
61360,63,75,-12,12
61361,120,113,7,7
61362,79,86,-7,7
61363,131,140,-9,9
61364,150,135,15,15
61365,80,82,-2,2
61366,37,45,-8,8
61367,116,121,-5,5
61368,82,83,-1,1
61369,130,132,-2,2
61370,68,72,-4,4
61371,86,71,15,15
61372,90,79,11,11
61373,57,60,-3,3
61374,149,139,10,10
61375,79,73,6,6
61376,126,133,-7,7
61377,120,135,-15,15
61378,197,196,1,1
61379,62,62,0,0
61380,88,89,-1,1
61381,144,131,13,13
61382,99,96,3,3
61383,101,120,-19,19
61384,111,108,3,3
61385,61,59,2,2
61386,85,79,6,6
61387,96,84,12,12
61388,125,126,-1,1
61389,107,107,0,0
61390,136,125,11,11
61391,148,145,3,3
61392,98,104,-6,6
61393,66,60,6,6
61394,95,79,16,16
61395,107,98,9,9
61396,47,48,-1,1
61397,78,77,1,1
61398,81,72,9,9
61399,72,79,-7,7
61400,84,97,-13,13
61401,145,146,-1,1
61402,77,74,3,3
61403,90,89,1,1
61404,131,114,17,17
61405,91,79,12,12
61406,38,73,-35,35
61407,94,106,-12,12
61408,111,110,1,1
61409,145,146,-1,1
61410,84,84,0,0
61411,87,79,8,8
61412,115,113,2,2
61413,95,87,8,8
61414,144,121,23,23
61415,90,85,5,5
61416,101,89,12,12
61417,91,92,-1,1
61418,190,188,2,2
61419,80,78,2,2
61420,167,142,25,25
61421,83,72,11,11
61422,66,71,-5,5
61423,50,55,-5,5
61424,111,113,-2,2
61425,83,95,-12,12
61426,72,66,6,6
61427,73,69,4,4
61428,79,80,-1,1
61429,66,59,7,7
61430,83,78,5,5
61431,262,244,18,18
61432,108,120,-12,12
61433,117,115,2,2
61434,98,83,15,15
61435,85,84,1,1
61436,63,69,-6,6
61437,190,174,16,16
61438,85,93,-8,8
61439,123,112,11,11
61440,144,139,5,5
61441,75,81,-6,6
61442,97,92,5,5
61443,85,74,11,11
61444,69,74,-5,5
61445,77,77,0,0
61446,61,65,-4,4
61447,75,78,-3,3
61448,97,119,-22,22
61449,70,64,6,6
61450,85,85,0,0
61451,61,73,-12,12
61452,77,80,-3,3
61453,58,65,-7,7
61454,83,81,2,2
61455,91,104,-13,13
61456,53,60,-7,7
61457,55,55,0,0
61458,87,87,0,0
61459,80,83,-3,3
61460,53,63,-10,10
61461,133,135,-2,2
61462,90,100,-10,10
61463,60,64,-4,4
61464,68,66,2,2
61465,66,57,9,9
61466,112,116,-4,4
61467,139,128,11,11
61468,50,73,-23,23
61469,120,122,-2,2
61470,77,80,-3,3
61471,81,70,11,11
61472,87,79,8,8
61473,43,44,-1,1
61474,68,68,0,0
61475,58,54,4,4
61476,120,124,-4,4
61477,114,100,14,14
61478,173,166,7,7
61479,62,72,-10,10
61480,115,109,6,6
61481,213,193,20,20
61482,108,106,2,2
61483,53,67,-14,14
61484,85,74,11,11
61485,119,122,-3,3
61486,74,78,-4,4
61487,93,89,4,4
61488,72,73,-1,1
61489,104,83,21,21
61490,88,88,0,0
61491,56,67,-11,11
61492,139,136,3,3
61493,110,114,-4,4
61494,93,89,4,4
61495,54,50,4,4
61496,83,92,-9,9
61497,73,78,-5,5
61498,202,182,20,20
61499,95,94,1,1
61500,51,72,-21,21
61501,141,120,21,21
61502,130,129,1,1
61503,89,94,-5,5
61504,67,51,16,16
61505,92,77,15,15
61506,138,143,-5,5
61507,50,60,-10,10
61508,85,74,11,11
61509,118,100,18,18
61510,84,74,10,10
61511,95,96,-1,1
61512,92,90,2,2
61513,141,145,-4,4
61514,94,97,-3,3
61515,117,120,-3,3
61516,82,73,9,9
61517,73,77,-4,4
61518,108,103,5,5
61519,93,106,-13,13
61520,156,155,1,1
61521,84,88,-4,4
61522,106,108,-2,2
61523,91,98,-7,7
61524,88,89,-1,1
61525,78,86,-8,8
61526,136,134,2,2
61527,59,71,-12,12
61528,94,100,-6,6
61529,100,100,0,0
61530,144,143,1,1
61531,89,110,-21,21
61532,67,72,-5,5
61533,28,34,-6,6
61534,114,107,7,7
61535,123,133,-10,10
61536,85,63,22,22
61537,77,78,-1,1
61538,89,113,-24,24
61539,90,88,2,2
61540,80,82,-2,2
61541,114,111,3,3
61542,46,55,-9,9
61543,123,115,8,8
61544,132,130,2,2
61545,106,109,-3,3
61546,93,97,-4,4
61547,100,123,-23,23
61548,82,78,4,4
61549,170,178,-8,8
61550,103,116,-13,13
61551,60,64,-4,4
61552,101,114,-13,13
61553,101,96,5,5
61554,106,93,13,13
61555,53,66,-13,13
61556,45,50,-5,5
61557,102,122,-20,20
61558,74,71,3,3
61559,107,119,-12,12
61560,95,104,-9,9
61561,96,96,0,0
61562,100,87,13,13
61563,40,54,-14,14
61564,85,76,9,9
61565,59,60,-1,1
61566,107,98,9,9
61567,157,145,12,12
61568,72,77,-5,5
61569,104,98,6,6
61570,53,59,-6,6
61571,131,128,3,3
61572,147,138,9,9
61573,80,78,2,2
61574,135,143,-8,8
61575,119,111,8,8
61576,128,129,-1,1
61577,126,121,5,5
61578,91,86,5,5
61579,102,104,-2,2
61580,55,59,-4,4
61581,69,77,-8,8
61582,57,66,-9,9
61583,53,56,-3,3
61584,109,96,13,13
61585,106,86,20,20
61586,106,108,-2,2
61587,128,119,9,9
61588,84,97,-13,13
61589,73,77,-4,4
61590,137,144,-7,7
61591,96,103,-7,7
61592,106,106,0,0
61593,119,121,-2,2
61594,113,117,-4,4
61595,138,159,-21,21
61596,52,54,-2,2
61597,115,106,9,9
61598,66,69,-3,3
61599,114,121,-7,7
61600,46,54,-8,8
61601,108,98,10,10
61602,85,76,9,9
61603,67,71,-4,4
61604,66,67,-1,1
61605,76,81,-5,5
61606,93,86,7,7
61607,145,155,-10,10
61608,122,115,7,7
61609,88,84,4,4
61610,59,62,-3,3
61611,77,74,3,3
61612,84,82,2,2
61613,71,82,-11,11
61614,93,84,9,9
61615,71,74,-3,3
61616,40,51,-11,11
61617,165,157,8,8
61618,104,111,-7,7
61619,54,60,-6,6
61620,46,53,-7,7
61621,70,66,4,4
61622,51,64,-13,13
61623,86,83,3,3
61624,86,86,0,0
61625,90,91,-1,1
61626,160,163,-3,3
61627,119,112,7,7
61628,78,84,-6,6
61629,112,129,-17,17
61630,89,86,3,3
61631,96,105,-9,9
61632,96,104,-8,8
61633,96,101,-5,5
61634,33,54,-21,21
61635,78,87,-9,9
61636,65,57,8,8
61637,69,70,-1,1
61638,85,84,1,1
61639,71,71,0,0
61640,119,106,13,13
61641,100,102,-2,2
61642,102,102,0,0
61643,96,89,7,7
61644,77,78,-1,1
61645,91,95,-4,4
61646,175,163,12,12
61647,96,100,-4,4
61648,133,119,14,14
61649,107,124,-17,17
61650,98,96,2,2
61651,94,97,-3,3
61652,67,74,-7,7
61653,116,126,-10,10
61654,73,75,-2,2
61655,83,78,5,5
61656,75,79,-4,4
61657,109,118,-9,9
61658,143,146,-3,3
61659,84,91,-7,7
61660,79,82,-3,3
61661,104,113,-9,9
61662,44,53,-9,9
61663,53,44,9,9
61664,108,112,-4,4
61665,86,95,-9,9
61666,119,128,-9,9
61667,56,34,22,22
61668,88,90,-2,2
61669,118,126,-8,8
61670,102,102,0,0
61671,49,47,2,2
61672,99,93,6,6
61673,105,238,-133,133
61674,131,110,21,21
61675,78,69,9,9
61676,99,98,1,1
61677,23,47,-24,24
61678,126,125,1,1
61679,92,92,0,0
61680,85,107,-22,22
61681,61,69,-8,8
61682,137,144,-7,7
61683,74,80,-6,6
61684,129,117,12,12
61685,156,157,-1,1
61686,72,64,8,8
61687,151,135,16,16
61688,72,64,8,8
61689,81,85,-4,4
61690,128,119,9,9
61691,136,131,5,5
61692,111,111,0,0
61693,150,143,7,7
61694,79,85,-6,6
61695,124,126,-2,2
61696,133,120,13,13
61697,106,112,-6,6
61698,71,76,-5,5
61699,69,70,-1,1
61700,105,114,-9,9
61701,60,60,0,0
61702,97,88,9,9
61703,129,143,-14,14
61704,70,74,-4,4
61705,137,145,-8,8
61706,110,100,10,10
61707,97,91,6,6
61708,149,166,-17,17
61709,63,64,-1,1
61710,71,79,-8,8
61711,108,102,6,6
61712,127,128,-1,1
61713,92,99,-7,7
61714,41,48,-7,7
61715,87,81,6,6
61716,95,82,13,13
61717,58,66,-8,8
61718,103,106,-3,3
61719,106,104,2,2
61720,100,111,-11,11
61721,49,57,-8,8
61722,103,115,-12,12
61723,147,149,-2,2
61724,110,115,-5,5
61725,121,140,-19,19
61726,66,65,1,1
61727,66,68,-2,2
61728,75,74,1,1
61729,127,137,-10,10
61730,96,89,7,7
61731,179,170,9,9
61732,153,146,7,7
61733,89,79,10,10
61734,111,117,-6,6
61735,124,116,8,8
61736,86,70,16,16
61737,98,102,-4,4
61738,82,83,-1,1
61739,138,119,19,19
61740,98,86,12,12
61741,187,170,17,17
61742,141,124,17,17
61743,72,78,-6,6
61744,110,98,12,12
61745,87,93,-6,6
61746,60,61,-1,1
61747,71,77,-6,6
61748,123,129,-6,6
61749,57,59,-2,2
61750,113,124,-11,11
61751,148,145,3,3
61752,73,74,-1,1
61753,62,70,-8,8
61754,108,128,-20,20
61755,105,98,7,7
61756,152,127,25,25
61757,51,57,-6,6
61758,127,123,4,4
61759,31,36,-5,5
61760,68,65,3,3
61761,163,156,7,7
61762,160,149,11,11
61763,73,83,-10,10
61764,43,42,1,1
61765,102,97,5,5
61766,91,103,-12,12
61767,136,119,17,17
61768,92,80,12,12
61769,60,73,-13,13
61770,45,55,-10,10
61771,111,108,3,3
61772,95,108,-13,13
61773,100,96,4,4
61774,139,145,-6,6
61775,99,93,6,6
61776,68,67,1,1
61777,55,58,-3,3
61778,110,100,10,10
61779,67,77,-10,10
61780,103,103,0,0
61781,115,106,9,9
61782,131,137,-6,6
61783,106,110,-4,4
61784,154,177,-23,23
61785,104,113,-9,9
61786,91,79,12,12
61787,139,135,4,4
61788,56,57,-1,1
61789,139,128,11,11
61790,72,66,6,6
61791,144,134,10,10
61792,112,114,-2,2
61793,68,61,7,7
61794,88,81,7,7
61795,79,98,-19,19
61796,104,110,-6,6
61797,54,51,3,3
61798,111,100,11,11
61799,87,85,2,2
61800,185,157,28,28
61801,92,86,6,6
61802,68,73,-5,5
61803,91,88,3,3
61804,84,76,8,8
61805,82,80,2,2
61806,126,125,1,1
61807,71,78,-7,7
61808,72,72,0,0
61809,137,130,7,7
61810,61,68,-7,7
61811,106,101,5,5
61812,59,65,-6,6
61813,77,73,4,4
61814,149,136,13,13
61815,63,66,-3,3
61816,66,71,-5,5
61817,105,99,6,6
61818,85,82,3,3
61819,109,92,17,17
61820,81,85,-4,4
61821,60,69,-9,9
61822,40,41,-1,1
61823,95,91,4,4
61824,110,99,11,11
61825,68,69,-1,1
61826,67,66,1,1
61827,76,77,-1,1
61828,188,171,17,17
61829,59,65,-6,6
61830,131,118,13,13
61831,108,98,10,10
61832,114,117,-3,3
61833,108,104,4,4
61834,104,102,2,2
61835,94,99,-5,5
61836,47,55,-8,8
61837,77,68,9,9
61838,80,79,1,1
61839,96,93,3,3
61840,103,107,-4,4
61841,109,116,-7,7
61842,66,71,-5,5
61843,98,87,11,11
61844,126,113,13,13
61845,97,116,-19,19
61846,99,92,7,7
61847,107,124,-17,17
61848,129,125,4,4
61849,87,86,1,1
61850,69,70,-1,1
61851,115,103,12,12
61852,99,97,2,2
61853,99,94,5,5
61854,155,166,-11,11
61855,121,122,-1,1
61856,123,125,-2,2
61857,91,86,5,5
61858,68,76,-8,8
61859,118,121,-3,3
61860,98,107,-9,9
61861,108,97,11,11
61862,112,118,-6,6
61863,80,68,12,12
61864,92,132,-40,40
61865,116,118,-2,2
61866,56,69,-13,13
61867,127,129,-2,2
61868,50,58,-8,8
61869,121,107,14,14
61870,157,151,6,6
61871,78,79,-1,1
61872,85,79,6,6
61873,142,135,7,7
61874,42,47,-5,5
61875,62,67,-5,5
61876,61,70,-9,9
61877,75,77,-2,2
61878,82,89,-7,7
61879,107,112,-5,5
61880,130,138,-8,8
61881,64,75,-11,11
61882,75,69,6,6
61883,109,100,9,9
61884,65,68,-3,3
61885,112,112,0,0
61886,88,91,-3,3
61887,140,134,6,6
61888,132,126,6,6
61889,108,117,-9,9
61890,92,71,21,21
61891,63,66,-3,3
61892,48,64,-16,16
61893,144,117,27,27
61894,104,101,3,3
61895,107,106,1,1
61896,52,59,-7,7
61897,73,79,-6,6
61898,44,49,-5,5
61899,120,118,2,2
61900,87,90,-3,3
61901,110,120,-10,10
61902,73,70,3,3
61903,79,85,-6,6
61904,57,62,-5,5
61905,68,71,-3,3
61906,81,105,-24,24
61907,63,68,-5,5
61908,41,50,-9,9
61909,71,60,11,11
61910,106,112,-6,6
61911,105,92,13,13
61912,183,153,30,30
61913,111,108,3,3
61914,137,122,15,15
61915,51,65,-14,14
61916,40,48,-8,8
61917,70,74,-4,4
61918,120,110,10,10
61919,57,62,-5,5
61920,66,65,1,1
61921,140,122,18,18
61922,71,79,-8,8
61923,96,92,4,4
61924,108,107,1,1
61925,134,141,-7,7
61926,97,90,7,7
61927,44,44,0,0
61928,49,48,1,1
61929,63,68,-5,5
61930,97,100,-3,3
61931,38,36,2,2
61932,68,71,-3,3
61933,114,97,17,17
61934,105,112,-7,7
61935,36,44,-8,8
61936,69,64,5,5
61937,101,99,2,2
61938,155,136,19,19
61939,53,71,-18,18
61940,151,149,2,2
61941,65,62,3,3
61942,64,67,-3,3
61943,181,166,15,15
61944,110,118,-8,8
61945,93,93,0,0
61946,183,178,5,5
61947,94,97,-3,3
61948,91,91,0,0
61949,105,115,-10,10
61950,51,57,-6,6
61951,76,79,-3,3
61952,60,68,-8,8
61953,72,70,2,2
61954,108,110,-2,2
61955,119,110,9,9
61956,98,109,-11,11
61957,119,109,10,10
61958,122,114,8,8
61959,90,91,-1,1
61960,55,58,-3,3
61961,62,69,-7,7
61962,41,70,-29,29
61963,86,83,3,3
61964,58,51,7,7
61965,159,162,-3,3
61966,84,96,-12,12
61967,101,107,-6,6
61968,107,86,21,21
61969,150,142,8,8
61970,105,114,-9,9
61971,83,82,1,1
61972,78,94,-16,16
61973,51,53,-2,2
61974,83,97,-14,14
61975,111,124,-13,13
61976,116,132,-16,16
61977,124,92,32,32
61978,116,109,7,7
61979,133,120,13,13
61980,143,134,9,9
61981,102,109,-7,7
61982,94,98,-4,4
61983,66,71,-5,5
61984,76,84,-8,8
61985,108,105,3,3
61986,69,61,8,8
61987,90,78,12,12
61988,65,68,-3,3
61989,157,156,1,1
61990,81,74,7,7
61991,116,118,-2,2
61992,94,84,10,10
61993,98,122,-24,24
61994,149,139,10,10
61995,87,96,-9,9
61996,124,126,-2,2
61997,121,112,9,9
61998,157,143,14,14
61999,100,98,2,2
62000,129,134,-5,5
62001,97,90,7,7
62002,57,61,-4,4
62003,108,100,8,8
62004,64,59,5,5
62005,195,170,25,25
62006,81,73,8,8
62007,92,91,1,1
62008,139,147,-8,8
62009,67,69,-2,2
62010,78,88,-10,10
62011,56,56,0,0
62012,90,89,1,1
62013,69,75,-6,6
62014,109,102,7,7
62015,67,69,-2,2
62016,65,71,-6,6
62017,67,89,-22,22
62018,128,105,23,23
62019,101,93,8,8
62020,103,99,4,4
62021,66,71,-5,5
62022,78,79,-1,1
62023,121,110,11,11
62024,99,113,-14,14
62025,69,67,2,2
62026,64,66,-2,2
62027,66,68,-2,2
62028,76,76,0,0
62029,91,90,1,1
62030,49,56,-7,7
62031,222,191,31,31
62032,71,71,0,0
62033,155,144,11,11
62034,80,80,0,0
62035,94,76,18,18
62036,70,68,2,2
62037,106,104,2,2
62038,81,91,-10,10
62039,90,77,13,13
62040,73,80,-7,7
62041,65,70,-5,5
62042,71,78,-7,7
62043,140,124,16,16
62044,109,120,-11,11
62045,72,69,3,3
62046,95,104,-9,9
62047,92,89,3,3
62048,104,120,-16,16
62049,74,75,-1,1
62050,102,99,3,3
62051,75,76,-1,1
62052,100,99,1,1
62053,111,115,-4,4
62054,52,50,2,2
62055,79,91,-12,12
62056,99,98,1,1
62057,140,147,-7,7
62058,181,185,-4,4
62059,106,108,-2,2
62060,59,58,1,1
62061,129,129,0,0
62062,95,103,-8,8
62063,50,55,-5,5
62064,71,71,0,0
62065,46,57,-11,11
62066,103,107,-4,4
62067,82,82,0,0
62068,114,105,9,9
62069,114,108,6,6
62070,92,97,-5,5
62071,74,76,-2,2
62072,102,106,-4,4
62073,104,97,7,7
62074,86,86,0,0
62075,51,75,-24,24
62076,86,81,5,5
62077,78,82,-4,4
62078,99,102,-3,3
62079,95,86,9,9
62080,82,88,-6,6
62081,111,110,1,1
62082,129,121,8,8
62083,90,111,-21,21
62084,139,106,33,33
62085,72,75,-3,3
62086,55,60,-5,5
62087,165,164,1,1
62088,115,114,1,1
62089,61,74,-13,13
62090,84,69,15,15
62091,136,131,5,5
62092,83,84,-1,1
62093,27,57,-30,30
62094,108,112,-4,4
62095,147,135,12,12
62096,120,117,3,3
62097,73,100,-27,27
62098,60,71,-11,11
62099,123,125,-2,2
62100,89,97,-8,8
62101,73,70,3,3
62102,64,71,-7,7
62103,62,72,-10,10
62104,100,94,6,6
62105,100,76,24,24
62106,48,63,-15,15
62107,119,109,10,10
62108,53,56,-3,3
62109,142,148,-6,6
62110,58,62,-4,4
62111,100,119,-19,19
62112,77,67,10,10
62113,71,83,-12,12
62114,126,128,-2,2
62115,50,56,-6,6
62116,205,163,42,42
62117,60,63,-3,3
62118,91,81,10,10
62119,70,70,0,0
62120,90,86,4,4
62121,159,158,1,1
62122,75,89,-14,14
62123,116,97,19,19
62124,109,109,0,0
62125,143,131,12,12
62126,112,102,10,10
62127,84,87,-3,3
62128,170,172,-2,2
62129,150,151,-1,1
62130,109,98,11,11
62131,161,145,16,16
62132,99,101,-2,2
62133,127,109,18,18
62134,62,47,15,15
62135,133,134,-1,1
62136,101,97,4,4
62137,127,114,13,13
62138,89,90,-1,1
62139,95,97,-2,2
62140,150,145,5,5
62141,49,48,1,1
62142,92,87,5,5
62143,92,94,-2,2
62144,38,50,-12,12
62145,145,162,-17,17
62146,156,156,0,0
62147,125,129,-4,4
62148,51,63,-12,12
62149,134,115,19,19
62150,92,102,-10,10
62151,85,95,-10,10
62152,60,62,-2,2
62153,67,66,1,1
62154,99,112,-13,13
62155,159,162,-3,3
62156,86,93,-7,7
62157,75,53,22,22
62158,42,42,0,0
62159,71,69,2,2
62160,136,139,-3,3
62161,67,78,-11,11
62162,112,121,-9,9
62163,71,75,-4,4
62164,48,54,-6,6
62165,139,139,0,0
62166,114,154,-40,40
62167,48,50,-2,2
62168,86,85,1,1
62169,119,121,-2,2
62170,94,95,-1,1
62171,105,101,4,4
62172,104,85,19,19
62173,85,82,3,3
62174,66,56,10,10
62175,93,83,10,10
62176,88,94,-6,6
62177,67,84,-17,17
62178,91,102,-11,11
62179,110,109,1,1
62180,80,76,4,4
62181,98,101,-3,3
62182,126,124,2,2
62183,52,61,-9,9
62184,63,71,-8,8
62185,91,91,0,0
62186,103,102,1,1
62187,68,69,-1,1
62188,73,87,-14,14
62189,95,97,-2,2
62190,100,103,-3,3
62191,111,102,9,9
62192,100,105,-5,5
62193,75,76,-1,1
62194,84,92,-8,8
62195,75,71,4,4
62196,139,127,12,12
62197,105,110,-5,5
62198,84,99,-15,15
62199,137,128,9,9
62200,65,100,-35,35
62201,97,86,11,11
62202,78,76,2,2
62203,122,132,-10,10
62204,72,78,-6,6
62205,80,98,-18,18
62206,132,125,7,7
62207,113,100,13,13
62208,121,119,2,2
62209,72,70,2,2
62210,95,100,-5,5
62211,124,129,-5,5
62212,122,116,6,6
62213,152,152,0,0
62214,105,97,8,8
62215,103,112,-9,9
62216,111,104,7,7
62217,60,55,5,5
62218,75,95,-20,20
62219,69,72,-3,3
62220,85,74,11,11
62221,91,92,-1,1
62222,106,97,9,9
62223,76,81,-5,5
62224,43,51,-8,8
62225,65,67,-2,2
62226,180,173,7,7
62227,38,54,-16,16
62228,86,88,-2,2
62229,77,77,0,0
62230,110,110,0,0
62231,111,111,0,0
62232,134,122,12,12
62233,123,117,6,6
62234,67,63,4,4
62235,77,88,-11,11
62236,95,110,-15,15
62237,94,92,2,2
62238,131,132,-1,1
62239,88,100,-12,12
62240,130,126,4,4
62241,78,83,-5,5
62242,98,101,-3,3
62243,66,69,-3,3
62244,63,62,1,1
62245,85,83,2,2
62246,82,82,0,0
62247,82,87,-5,5
62248,104,103,1,1
62249,120,116,4,4
62250,68,73,-5,5
62251,108,117,-9,9
62252,101,91,10,10
62253,102,95,7,7
62254,161,168,-7,7
62255,48,54,-6,6
62256,82,88,-6,6
62257,134,135,-1,1
62258,102,95,7,7
62259,47,51,-4,4
62260,101,77,24,24
62261,103,97,6,6
62262,158,150,8,8
62263,79,92,-13,13
62264,126,123,3,3
62265,72,76,-4,4
62266,103,105,-2,2
62267,86,89,-3,3
62268,73,86,-13,13
62269,150,136,14,14
62270,69,59,10,10
62271,89,88,1,1
62272,102,92,10,10
62273,89,93,-4,4
62274,92,88,4,4
62275,91,79,12,12
62276,69,85,-16,16
62277,31,46,-15,15
62278,62,57,5,5
62279,74,73,1,1
62280,73,69,4,4
62281,92,84,8,8
62282,68,64,4,4
62283,121,116,5,5
62284,160,156,4,4
62285,124,134,-10,10
62286,71,71,0,0
62287,98,86,12,12
62288,85,86,-1,1
62289,93,92,1,1
62290,87,82,5,5
62291,210,177,33,33
62292,74,93,-19,19
62293,84,93,-9,9
62294,141,136,5,5
62295,68,71,-3,3
62296,118,120,-2,2
62297,75,82,-7,7
62298,150,141,9,9
62299,162,150,12,12
62300,59,81,-22,22
62301,82,84,-2,2
62302,118,122,-4,4
62303,94,100,-6,6
62304,75,91,-16,16
62305,71,75,-4,4
62306,131,131,0,0
62307,120,111,9,9
62308,91,93,-2,2
62309,112,100,12,12
62310,145,142,3,3
62311,93,88,5,5
62312,93,96,-3,3
62313,89,80,9,9
62314,110,103,7,7
62315,78,82,-4,4
62316,80,79,1,1
62317,133,135,-2,2
62318,50,57,-7,7
62319,82,71,11,11
62320,145,136,9,9
62321,126,115,11,11
62322,105,110,-5,5
62323,159,161,-2,2
62324,118,114,4,4
62325,142,132,10,10
62326,108,94,14,14
62327,110,112,-2,2
62328,106,104,2,2
62329,119,120,-1,1
62330,90,90,0,0
62331,68,75,-7,7
62332,119,112,7,7
62333,162,151,11,11
62334,76,85,-9,9
62335,89,79,10,10
62336,57,58,-1,1
62337,79,77,2,2
62338,72,81,-9,9
62339,110,99,11,11
62340,82,77,5,5
62341,76,71,5,5
62342,68,72,-4,4
62343,79,97,-18,18
62344,64,76,-12,12
62345,151,141,10,10
62346,64,70,-6,6
62347,110,107,3,3
62348,78,69,9,9
62349,123,120,3,3
62350,118,114,4,4
62351,58,65,-7,7
62352,140,133,7,7
62353,128,130,-2,2
62354,57,55,2,2
62355,101,106,-5,5
62356,106,115,-9,9
62357,71,79,-8,8
62358,61,69,-8,8
62359,187,165,22,22
62360,123,114,9,9
62361,64,67,-3,3
62362,59,65,-6,6
62363,83,87,-4,4
62364,68,90,-22,22
62365,83,88,-5,5
62366,111,105,6,6
62367,86,95,-9,9
62368,87,93,-6,6
62369,97,95,2,2
62370,76,76,0,0
62371,91,92,-1,1
62372,169,152,17,17
62373,51,37,14,14
62374,57,74,-17,17
62375,168,173,-5,5
62376,93,65,28,28
62377,93,92,1,1
62378,98,81,17,17
62379,76,84,-8,8
62380,142,138,4,4
62381,60,68,-8,8
62382,118,116,2,2
62383,40,55,-15,15
62384,68,67,1,1
62385,75,73,2,2
62386,97,106,-9,9
62387,124,130,-6,6
62388,68,76,-8,8
62389,89,90,-1,1
62390,109,116,-7,7
62391,53,54,-1,1
62392,112,99,13,13
62393,140,135,5,5
62394,113,106,7,7
62395,105,118,-13,13
62396,69,62,7,7
62397,98,127,-29,29
62398,150,144,6,6
62399,93,91,2,2
62400,117,126,-9,9
62401,44,56,-12,12
62402,65,64,1,1
62403,78,66,12,12
62404,149,147,2,2
62405,75,76,-1,1
62406,82,81,1,1
62407,93,89,4,4
62408,129,143,-14,14
62409,46,52,-6,6
62410,56,42,14,14
62411,99,85,14,14
62412,31,54,-23,23
62413,113,113,0,0
62414,167,163,4,4
62415,113,115,-2,2
62416,171,171,0,0
62417,71,73,-2,2
62418,103,100,3,3
62419,76,79,-3,3
62420,64,59,5,5
62421,105,103,2,2
62422,176,162,14,14
62423,127,116,11,11
62424,118,101,17,17
62425,88,94,-6,6
62426,133,140,-7,7
62427,84,89,-5,5
62428,108,115,-7,7
62429,72,87,-15,15
62430,128,128,0,0
62431,36,42,-6,6
62432,116,112,4,4
62433,105,109,-4,4
62434,85,88,-3,3
62435,48,47,1,1
62436,142,121,21,21
62437,78,56,22,22
62438,72,80,-8,8
62439,255,266,-11,11
62440,113,122,-9,9
62441,98,87,11,11
62442,143,121,22,22
62443,85,110,-25,25
62444,111,110,1,1
62445,106,100,6,6
62446,111,114,-3,3
62447,84,80,4,4
62448,74,78,-4,4
62449,87,86,1,1
62450,133,137,-4,4
62451,111,119,-8,8
62452,78,77,1,1
62453,83,82,1,1
62454,117,103,14,14
62455,97,85,12,12
62456,127,129,-2,2
62457,66,72,-6,6
62458,124,115,9,9
62459,72,76,-4,4
62460,108,89,19,19
62461,124,131,-7,7
62462,137,125,12,12
62463,84,84,0,0
62464,175,168,7,7
62465,32,47,-15,15
62466,127,113,14,14
62467,139,136,3,3
62468,84,125,-41,41
62469,138,145,-7,7
62470,147,147,0,0
62471,49,52,-3,3
62472,87,84,3,3
62473,71,71,0,0
62474,89,77,12,12
62475,122,121,1,1
62476,110,116,-6,6
62477,112,120,-8,8
62478,161,131,30,30
62479,78,100,-22,22
62480,84,81,3,3
62481,96,74,22,22
62482,83,68,15,15
62483,166,149,17,17
62484,69,63,6,6
62485,48,57,-9,9
62486,84,73,11,11
62487,113,93,20,20
62488,89,81,8,8
62489,51,59,-8,8
62490,101,101,0,0
62491,70,63,7,7
62492,107,97,10,10
62493,99,96,3,3
62494,142,130,12,12
62495,123,108,15,15
62496,81,70,11,11
62497,60,64,-4,4
62498,139,126,13,13
62499,93,82,11,11
62500,123,126,-3,3
62501,101,85,16,16
62502,128,135,-7,7
62503,72,64,8,8
62504,134,120,14,14
62505,89,93,-4,4
62506,162,146,16,16
62507,129,111,18,18
62508,97,95,2,2
62509,63,83,-20,20
62510,88,88,0,0
62511,47,48,-1,1
62512,163,153,10,10
62513,169,170,-1,1
62514,88,85,3,3
62515,116,112,4,4
62516,68,74,-6,6
62517,66,75,-9,9
62518,75,77,-2,2
62519,79,85,-6,6
62520,132,136,-4,4
62521,64,68,-4,4
62522,154,146,8,8
62523,159,148,11,11
62524,97,97,0,0
62525,151,136,15,15
62526,64,66,-2,2
62527,86,78,8,8
62528,86,112,-26,26
62529,105,104,1,1
62530,135,137,-2,2
62531,78,86,-8,8
62532,180,156,24,24
62533,126,122,4,4
62534,115,112,3,3
62535,95,110,-15,15
62536,123,111,12,12
62537,49,55,-6,6
62538,94,99,-5,5
62539,170,160,10,10
62540,92,94,-2,2
62541,101,101,0,0
62542,93,96,-3,3
62543,123,146,-23,23
62544,83,72,11,11
62545,122,99,23,23
62546,109,123,-14,14
62547,67,59,8,8
62548,59,66,-7,7
62549,79,73,6,6
62550,82,88,-6,6
62551,69,70,-1,1
62552,83,92,-9,9
62553,116,116,0,0
62554,202,179,23,23
62555,92,101,-9,9
62556,95,84,11,11
62557,104,110,-6,6
62558,124,119,5,5
62559,203,195,8,8
62560,95,91,4,4
62561,131,118,13,13
62562,42,53,-11,11
62563,106,91,15,15
62564,40,51,-11,11
62565,81,80,1,1
62566,125,113,12,12
62567,82,79,3,3
62568,121,110,11,11
62569,85,99,-14,14
62570,104,92,12,12
62571,82,82,0,0
62572,76,72,4,4
62573,60,63,-3,3
62574,91,75,16,16
62575,96,117,-21,21
62576,118,111,7,7
62577,101,93,8,8
62578,140,141,-1,1
62579,153,143,10,10
62580,115,121,-6,6
62581,38,52,-14,14
62582,74,78,-4,4
62583,28,58,-30,30
62584,65,78,-13,13
62585,113,109,4,4
62586,109,106,3,3
62587,93,95,-2,2
62588,87,96,-9,9
62589,54,62,-8,8
62590,125,124,1,1
62591,141,147,-6,6
62592,114,124,-10,10
62593,122,111,11,11
62594,138,140,-2,2
62595,98,88,10,10
62596,84,87,-3,3
62597,118,123,-5,5
62598,114,127,-13,13
62599,69,72,-3,3
62600,47,56,-9,9
62601,72,73,-1,1
62602,72,58,14,14
62603,85,86,-1,1
62604,48,60,-12,12
62605,96,88,8,8
62606,90,91,-1,1
62607,99,94,5,5
62608,122,126,-4,4
62609,60,61,-1,1
62610,80,84,-4,4
62611,79,89,-10,10
62612,54,61,-7,7
62613,90,91,-1,1
62614,84,93,-9,9
62615,98,103,-5,5
62616,106,105,1,1
62617,70,76,-6,6
62618,93,84,9,9
62619,81,78,3,3
62620,108,109,-1,1
62621,66,65,1,1
62622,92,95,-3,3
62623,58,52,6,6
62624,80,80,0,0
62625,72,83,-11,11
62626,92,88,4,4
62627,114,133,-19,19
62628,149,143,6,6
62629,85,83,2,2
62630,61,60,1,1
62631,104,95,9,9
62632,100,88,12,12
62633,132,128,4,4
62634,132,127,5,5
62635,114,101,13,13
62636,89,98,-9,9
62637,52,51,1,1
62638,51,53,-2,2
62639,109,126,-17,17
62640,112,123,-11,11
62641,80,76,4,4
62642,158,168,-10,10
62643,103,90,13,13
62644,59,59,0,0
62645,118,111,7,7
62646,114,104,10,10
62647,101,98,3,3
62648,64,67,-3,3
62649,75,69,6,6
62650,110,103,7,7
62651,168,188,-20,20
62652,109,101,8,8
62653,106,110,-4,4
62654,32,82,-50,50
62655,86,91,-5,5
62656,185,162,23,23
62657,125,142,-17,17
62658,48,51,-3,3
62659,128,135,-7,7
62660,138,140,-2,2
62661,75,74,1,1
62662,84,101,-17,17
62663,115,100,15,15
62664,58,73,-15,15
62665,97,100,-3,3
62666,152,132,20,20
62667,94,91,3,3
62668,114,116,-2,2
62669,130,138,-8,8
62670,61,63,-2,2
62671,185,162,23,23
62672,110,109,1,1
62673,58,54,4,4
62674,79,92,-13,13
62675,79,74,5,5
62676,93,89,4,4
62677,129,128,1,1
62678,134,132,2,2
62679,98,105,-7,7
62680,162,168,-6,6
62681,83,90,-7,7
62682,107,97,10,10
62683,98,114,-16,16
62684,131,118,13,13
62685,57,55,2,2
62686,153,143,10,10
62687,126,129,-3,3
62688,89,94,-5,5
62689,68,67,1,1
62690,131,125,6,6
62691,68,82,-14,14
62692,94,85,9,9
62693,135,126,9,9
62694,96,94,2,2
62695,95,105,-10,10
62696,90,96,-6,6
62697,55,65,-10,10
62698,108,110,-2,2
62699,36,49,-13,13
62700,73,83,-10,10
62701,73,82,-9,9
62702,102,100,2,2
62703,52,51,1,1
62704,22,42,-20,20
62705,102,101,1,1
62706,136,118,18,18
62707,83,83,0,0
62708,76,79,-3,3
62709,135,131,4,4
62710,116,130,-14,14
62711,69,74,-5,5
62712,42,47,-5,5
62713,86,78,8,8
62714,131,157,-26,26
62715,119,115,4,4
62716,65,66,-1,1
62717,100,106,-6,6
62718,65,68,-3,3
62719,73,71,2,2
62720,63,68,-5,5
62721,115,152,-37,37
62722,164,155,9,9
62723,146,140,6,6
62724,64,67,-3,3
62725,101,101,0,0
62726,124,124,0,0
62727,74,103,-29,29
62728,92,88,4,4
62729,90,88,2,2
62730,93,92,1,1
62731,76,85,-9,9
62732,133,140,-7,7
62733,54,60,-6,6
62734,147,126,21,21
62735,107,108,-1,1
62736,132,114,18,18
62737,129,120,9,9
62738,95,101,-6,6
62739,78,88,-10,10
62740,93,80,13,13
62741,85,89,-4,4
62742,138,153,-15,15
62743,106,110,-4,4
62744,45,58,-13,13
62745,50,65,-15,15
62746,55,47,8,8
62747,44,67,-23,23
62748,70,71,-1,1
62749,125,122,3,3
62750,82,86,-4,4
62751,80,80,0,0
62752,120,120,0,0
62753,100,91,9,9
62754,70,68,2,2
62755,65,64,1,1
62756,96,105,-9,9
62757,93,93,0,0
62758,106,100,6,6
62759,168,145,23,23
62760,169,153,16,16
62761,95,95,0,0
62762,95,104,-9,9
62763,81,72,9,9
62764,65,78,-13,13
62765,64,80,-16,16
62766,62,78,-16,16
62767,119,121,-2,2
62768,93,79,14,14
62769,77,73,4,4
62770,141,145,-4,4
62771,66,74,-8,8
62772,76,82,-6,6
62773,148,146,2,2
62774,57,62,-5,5
62775,78,62,16,16
62776,134,121,13,13
62777,133,131,2,2
62778,66,67,-1,1
62779,75,72,3,3
62780,97,92,5,5
62781,131,121,10,10
62782,171,155,16,16
62783,222,212,10,10
62784,102,104,-2,2
62785,60,71,-11,11
62786,144,150,-6,6
62787,43,44,-1,1
62788,82,79,3,3
62789,84,83,1,1
62790,92,114,-22,22
62791,94,81,13,13
62792,179,170,9,9
62793,119,127,-8,8
62794,61,68,-7,7
62795,93,97,-4,4
62796,53,60,-7,7
62797,142,144,-2,2
62798,69,75,-6,6
62799,90,89,1,1
62800,139,137,2,2
62801,90,108,-18,18
62802,56,57,-1,1
62803,113,113,0,0
62804,91,89,2,2
62805,86,91,-5,5
62806,111,98,13,13
62807,74,56,18,18
62808,139,131,8,8
62809,96,96,0,0
62810,105,102,3,3
62811,139,129,10,10
62812,61,66,-5,5
62813,70,77,-7,7
62814,70,74,-4,4
62815,61,66,-5,5
62816,127,130,-3,3
62817,92,103,-11,11
62818,120,105,15,15
62819,52,81,-29,29
62820,86,87,-1,1
62821,62,61,1,1
62822,101,114,-13,13
62823,85,103,-18,18
62824,96,105,-9,9
62825,105,103,2,2
62826,122,122,0,0
62827,116,112,4,4
62828,98,80,18,18
62829,154,156,-2,2
62830,100,97,3,3
62831,164,155,9,9
62832,162,154,8,8
62833,136,130,6,6
62834,62,69,-7,7
62835,178,170,8,8
62836,109,96,13,13
62837,121,112,9,9
62838,108,125,-17,17
62839,84,87,-3,3
62840,131,120,11,11
62841,122,110,12,12
62842,64,61,3,3
62843,84,81,3,3
62844,72,69,3,3
62845,185,160,25,25
62846,77,76,1,1
62847,137,160,-23,23
62848,93,103,-10,10
62849,86,103,-17,17
62850,144,130,14,14
62851,78,83,-5,5
62852,61,71,-10,10
62853,129,116,13,13
62854,52,67,-15,15
62855,195,181,14,14
62856,87,97,-10,10
62857,101,109,-8,8
62858,103,114,-11,11
62859,169,162,7,7
62860,104,95,9,9
62861,80,85,-5,5
62862,40,56,-16,16
62863,90,109,-19,19
62864,89,93,-4,4
62865,105,109,-4,4
62866,86,89,-3,3
62867,133,125,8,8
62868,89,86,3,3
62869,64,67,-3,3
62870,94,106,-12,12
62871,86,96,-10,10
62872,128,129,-1,1
62873,53,59,-6,6
62874,91,76,15,15
62875,74,69,5,5
62876,64,65,-1,1
62877,81,66,15,15
62878,66,71,-5,5
62879,76,71,5,5
62880,91,91,0,0
62881,76,85,-9,9
62882,109,103,6,6
62883,77,73,4,4
62884,76,79,-3,3
62885,110,98,12,12
62886,88,87,1,1
62887,120,115,5,5
62888,127,121,6,6
62889,106,106,0,0
62890,201,193,8,8
62891,111,115,-4,4
62892,231,201,30,30
62893,59,63,-4,4
62894,150,142,8,8
62895,141,131,10,10
62896,62,61,1,1
62897,191,183,8,8
62898,119,115,4,4
62899,72,84,-12,12
62900,103,101,2,2
62901,79,84,-5,5
62902,106,105,1,1
62903,104,120,-16,16
62904,88,91,-3,3
62905,78,92,-14,14
62906,81,88,-7,7
62907,98,99,-1,1
62908,123,116,7,7
62909,142,211,-69,69
62910,74,78,-4,4
62911,163,151,12,12
62912,102,89,13,13
62913,60,64,-4,4
62914,133,123,10,10
62915,59,63,-4,4
62916,47,59,-12,12
62917,86,92,-6,6
62918,124,110,14,14
62919,28,38,-10,10
62920,59,63,-4,4
62921,124,139,-15,15
62922,105,102,3,3
62923,103,103,0,0
62924,80,84,-4,4
62925,82,83,-1,1
62926,84,78,6,6
62927,128,130,-2,2
62928,101,108,-7,7
62929,72,71,1,1
62930,89,80,9,9
62931,119,120,-1,1
62932,181,169,12,12
62933,146,139,7,7
62934,58,71,-13,13
62935,80,80,0,0
62936,37,46,-9,9
62937,45,55,-10,10
62938,95,103,-8,8
62939,108,107,1,1
62940,79,72,7,7
62941,85,82,3,3
62942,53,66,-13,13
62943,211,195,16,16
62944,103,113,-10,10
62945,77,75,2,2
62946,75,79,-4,4
62947,95,96,-1,1
62948,102,85,17,17
62949,77,76,1,1
62950,54,49,5,5
62951,110,107,3,3
62952,121,116,5,5
62953,89,72,17,17
62954,93,108,-15,15
62955,44,50,-6,6
62956,84,102,-18,18
62957,135,129,6,6
62958,66,60,6,6
62959,104,115,-11,11
62960,141,136,5,5
62961,98,69,29,29
62962,90,93,-3,3
62963,115,112,3,3
62964,109,106,3,3
62965,69,74,-5,5
62966,64,65,-1,1
62967,185,173,12,12
62968,114,111,3,3
62969,191,160,31,31
62970,49,50,-1,1
62971,83,96,-13,13
62972,100,104,-4,4
62973,98,86,12,12
62974,69,87,-18,18
62975,103,94,9,9
62976,148,154,-6,6
62977,81,75,6,6
62978,151,148,3,3
62979,70,51,19,19
62980,88,85,3,3
62981,93,102,-9,9
62982,60,84,-24,24
62983,88,81,7,7
62984,63,65,-2,2
62985,92,80,12,12
62986,108,103,5,5
62987,78,101,-23,23
62988,156,142,14,14
62989,63,61,2,2
62990,58,64,-6,6
62991,38,56,-18,18
62992,107,104,3,3
62993,101,94,7,7
62994,65,62,3,3
62995,120,126,-6,6
62996,101,92,9,9
62997,106,90,16,16
62998,72,73,-1,1
62999,127,125,2,2
63000,65,67,-2,2
63001,126,117,9,9
63002,113,117,-4,4
63003,104,114,-10,10
63004,152,145,7,7
63005,57,65,-8,8
63006,83,79,4,4
63007,101,100,1,1
63008,81,80,1,1
63009,54,61,-7,7
63010,80,82,-2,2
63011,83,85,-2,2
63012,31,60,-29,29
63013,64,61,3,3
63014,159,161,-2,2
63015,133,133,0,0
63016,116,126,-10,10
63017,57,61,-4,4
63018,99,92,7,7
63019,62,61,1,1
63020,90,88,2,2
63021,117,105,12,12
63022,142,131,11,11
63023,177,161,16,16
63024,59,60,-1,1
63025,89,106,-17,17
63026,69,68,1,1
63027,63,73,-10,10
63028,46,73,-27,27
63029,136,139,-3,3
63030,105,119,-14,14
63031,127,129,-2,2
63032,66,79,-13,13
63033,138,133,5,5
63034,71,73,-2,2
63035,97,101,-4,4
63036,112,114,-2,2
63037,77,80,-3,3
63038,57,58,-1,1
63039,84,88,-4,4
63040,85,88,-3,3
63041,111,105,6,6
63042,123,124,-1,1
63043,110,116,-6,6
63044,114,121,-7,7
63045,111,135,-24,24
63046,71,81,-10,10
63047,93,86,7,7
63048,343,353,-10,10
63049,72,86,-14,14
63050,186,158,28,28
63051,62,69,-7,7
63052,79,79,0,0
63053,129,133,-4,4
63054,121,132,-11,11
63055,105,90,15,15
63056,157,140,17,17
63057,115,110,5,5
63058,78,74,4,4
63059,179,191,-12,12
63060,80,85,-5,5
63061,113,112,1,1
63062,87,87,0,0
63063,95,95,0,0
63064,95,104,-9,9
63065,104,104,0,0
63066,88,81,7,7
63067,61,71,-10,10
63068,63,54,9,9
63069,87,104,-17,17
63070,157,166,-9,9
63071,92,131,-39,39
63072,53,57,-4,4
63073,128,121,7,7
63074,114,112,2,2
63075,95,146,-51,51
63076,102,100,2,2
63077,120,124,-4,4
63078,110,123,-13,13
63079,207,205,2,2
63080,103,105,-2,2
63081,55,60,-5,5
63082,98,92,6,6
63083,99,99,0,0
63084,94,96,-2,2
63085,82,89,-7,7
63086,60,84,-24,24
63087,95,102,-7,7
63088,113,103,10,10
63089,113,119,-6,6
63090,105,113,-8,8
63091,80,63,17,17
63092,104,106,-2,2
63093,97,91,6,6
63094,62,64,-2,2
63095,62,73,-11,11
63096,85,91,-6,6
63097,114,114,0,0
63098,72,63,9,9
63099,82,73,9,9
63100,94,87,7,7
63101,90,99,-9,9
63102,110,102,8,8
63103,90,85,5,5
63104,80,83,-3,3
63105,109,95,14,14
63106,61,67,-6,6
63107,185,175,10,10
63108,117,112,5,5
63109,139,141,-2,2
63110,56,61,-5,5
63111,74,67,7,7
63112,107,110,-3,3
63113,78,94,-16,16
63114,51,57,-6,6
63115,87,82,5,5
63116,114,113,1,1
63117,83,86,-3,3
63118,137,121,16,16
63119,117,109,8,8
63120,87,105,-18,18
63121,69,72,-3,3
63122,86,84,2,2
63123,150,142,8,8
63124,162,152,10,10
63125,87,91,-4,4
63126,68,71,-3,3
63127,68,69,-1,1
63128,126,111,15,15
63129,109,93,16,16
63130,106,122,-16,16
63131,114,110,4,4
63132,136,146,-10,10
63133,128,104,24,24
63134,109,118,-9,9
63135,114,126,-12,12
63136,102,103,-1,1
63137,144,123,21,21
63138,52,51,1,1
63139,73,95,-22,22
63140,116,111,5,5
63141,111,109,2,2
63142,106,112,-6,6
63143,125,126,-1,1
63144,119,100,19,19
63145,77,83,-6,6
63146,78,78,0,0
63147,62,62,0,0
63148,80,90,-10,10
63149,101,100,1,1
63150,130,142,-12,12
63151,165,153,12,12
63152,88,77,11,11
63153,97,114,-17,17
63154,125,119,6,6
63155,55,57,-2,2
63156,76,76,0,0
63157,124,132,-8,8
63158,82,88,-6,6
63159,60,64,-4,4
63160,107,109,-2,2
63161,109,115,-6,6
63162,162,153,9,9
63163,95,111,-16,16
63164,54,56,-2,2
63165,125,121,4,4
63166,107,96,11,11
63167,74,64,10,10
63168,155,148,7,7
63169,77,86,-9,9
63170,80,77,3,3
63171,122,125,-3,3
63172,71,88,-17,17
63173,112,105,7,7
63174,61,66,-5,5
63175,88,97,-9,9
63176,171,139,32,32
63177,98,82,16,16
63178,59,55,4,4
63179,150,142,8,8
63180,94,95,-1,1
63181,112,109,3,3
63182,113,99,14,14
63183,92,94,-2,2
63184,121,120,1,1
63185,101,91,10,10
63186,82,81,1,1
63187,125,114,11,11
63188,74,75,-1,1
63189,68,70,-2,2
63190,104,107,-3,3
63191,80,82,-2,2
63192,101,96,5,5
63193,96,91,5,5
63194,96,88,8,8
63195,79,78,1,1
63196,75,80,-5,5
63197,121,118,3,3
63198,173,166,7,7
63199,123,120,3,3
63200,124,116,8,8
63201,123,116,7,7
63202,129,129,0,0
63203,119,108,11,11
63204,107,108,-1,1
63205,117,113,4,4
63206,74,73,1,1
63207,72,70,2,2
63208,92,104,-12,12
63209,102,98,4,4
63210,123,131,-8,8
63211,119,142,-23,23
63212,71,77,-6,6
63213,64,67,-3,3
63214,108,102,6,6
63215,140,127,13,13
63216,90,95,-5,5
63217,128,122,6,6
63218,99,97,2,2
63219,82,98,-16,16
63220,156,153,3,3
63221,137,147,-10,10
63222,78,67,11,11
63223,95,93,2,2
63224,82,102,-20,20
63225,90,89,1,1
63226,64,63,1,1
63227,73,80,-7,7
63228,53,67,-14,14
63229,123,123,0,0
63230,62,73,-11,11
63231,92,96,-4,4
63232,123,115,8,8
63233,125,118,7,7
63234,41,48,-7,7
63235,187,173,14,14
63236,91,80,11,11
63237,76,68,8,8
63238,176,159,17,17
63239,93,102,-9,9
63240,87,92,-5,5
63241,89,100,-11,11
63242,88,86,2,2
63243,99,81,18,18
63244,134,110,24,24
63245,95,103,-8,8
63246,105,98,7,7
63247,42,51,-9,9
63248,96,86,10,10
63249,50,65,-15,15
63250,63,70,-7,7
63251,95,108,-13,13
63252,99,99,0,0
63253,109,135,-26,26
63254,133,119,14,14
63255,90,86,4,4
63256,71,72,-1,1
63257,58,73,-15,15
63258,173,169,4,4
63259,77,78,-1,1
63260,88,69,19,19
63261,72,68,4,4
63262,116,111,5,5
63263,61,63,-2,2
63264,94,81,13,13
63265,117,127,-10,10
63266,114,113,1,1
63267,147,141,6,6
63268,125,120,5,5
63269,100,135,-35,35
63270,101,96,5,5
63271,112,115,-3,3
63272,94,83,11,11
63273,119,113,6,6
63274,154,152,2,2
63275,82,90,-8,8
63276,58,72,-14,14
63277,131,126,5,5
63278,82,92,-10,10
63279,96,91,5,5
63280,80,76,4,4
63281,118,117,1,1
63282,51,62,-11,11
63283,164,165,-1,1
63284,77,110,-33,33
63285,144,136,8,8
63286,132,138,-6,6
63287,89,89,0,0
63288,78,66,12,12
63289,51,75,-24,24
63290,100,103,-3,3
63291,108,109,-1,1
63292,143,122,21,21
63293,88,90,-2,2
63294,67,66,1,1
63295,121,129,-8,8
63296,90,82,8,8
63297,65,85,-20,20
63298,79,79,0,0
63299,144,129,15,15
63300,55,78,-23,23
63301,78,85,-7,7
63302,82,83,-1,1
63303,78,76,2,2
63304,160,155,5,5
63305,89,85,4,4
63306,101,118,-17,17
63307,114,90,24,24
63308,86,81,5,5
63309,155,151,4,4
63310,105,116,-11,11
63311,76,75,1,1
63312,149,128,21,21
63313,99,116,-17,17
63314,120,105,15,15
63315,69,78,-9,9
63316,102,95,7,7
63317,59,54,5,5
63318,54,45,9,9
63319,107,95,12,12
63320,60,65,-5,5
63321,70,65,5,5
63322,219,222,-3,3
63323,83,86,-3,3
63324,68,68,0,0
63325,89,87,2,2
63326,68,77,-9,9
63327,108,117,-9,9
63328,94,96,-2,2
63329,90,89,1,1
63330,171,184,-13,13
63331,35,47,-12,12
63332,39,41,-2,2
63333,80,125,-45,45
63334,69,68,1,1
63335,109,104,5,5
63336,112,123,-11,11
63337,127,135,-8,8
63338,87,77,10,10
63339,60,141,-81,81
63340,67,77,-10,10
63341,151,139,12,12
63342,115,116,-1,1
63343,86,83,3,3
63344,97,84,13,13
63345,128,120,8,8
63346,137,121,16,16
63347,102,93,9,9
63348,76,86,-10,10
63349,33,60,-27,27
63350,89,87,2,2
63351,68,70,-2,2
63352,55,60,-5,5
63353,104,108,-4,4
63354,98,103,-5,5
63355,67,68,-1,1
63356,103,108,-5,5
63357,87,87,0,0
63358,92,85,7,7
63359,97,82,15,15
63360,144,139,5,5
63361,94,110,-16,16
63362,95,91,4,4
63363,131,122,9,9
63364,102,98,4,4
63365,132,130,2,2
63366,83,100,-17,17
63367,127,133,-6,6
63368,71,69,2,2
63369,86,84,2,2
63370,202,186,16,16
63371,181,175,6,6
63372,129,132,-3,3
63373,112,103,9,9
63374,118,125,-7,7
63375,46,42,4,4
63376,120,106,14,14
63377,55,65,-10,10
63378,141,134,7,7
63379,92,89,3,3
63380,137,141,-4,4
63381,59,66,-7,7
63382,192,200,-8,8
63383,144,148,-4,4
63384,91,100,-9,9
63385,111,119,-8,8
63386,52,54,-2,2
63387,135,123,12,12
63388,43,49,-6,6
63389,138,124,14,14
63390,159,146,13,13
63391,88,99,-11,11
63392,63,66,-3,3
63393,90,96,-6,6
63394,101,96,5,5
63395,72,69,3,3
63396,64,60,4,4
63397,81,73,8,8
63398,94,90,4,4
63399,125,132,-7,7
63400,64,64,0,0
63401,68,74,-6,6
63402,77,88,-11,11
63403,125,126,-1,1
63404,68,68,0,0
63405,131,122,9,9
63406,72,68,4,4
63407,113,109,4,4
63408,136,125,11,11
63409,136,125,11,11
63410,129,119,10,10
63411,118,113,5,5
63412,79,74,5,5
63413,98,93,5,5
63414,117,116,1,1
63415,98,104,-6,6
63416,30,37,-7,7
63417,76,72,4,4
63418,87,87,0,0
63419,110,100,10,10
63420,80,80,0,0
63421,48,66,-18,18
63422,120,114,6,6
63423,98,95,3,3
63424,43,48,-5,5
63425,84,78,6,6
63426,62,66,-4,4
63427,165,165,0,0
63428,56,69,-13,13
63429,85,99,-14,14
63430,109,99,10,10
63431,149,149,0,0
63432,55,53,2,2
63433,89,90,-1,1
63434,68,71,-3,3
63435,68,73,-5,5
63436,146,137,9,9
63437,112,111,1,1
63438,104,94,10,10
63439,49,55,-6,6
63440,67,65,2,2
63441,70,79,-9,9
63442,109,106,3,3
63443,56,55,1,1
63444,148,136,12,12
63445,97,103,-6,6
63446,79,76,3,3
63447,116,101,15,15
63448,97,93,4,4
63449,79,79,0,0
63450,74,65,9,9
63451,67,58,9,9
63452,118,115,3,3
63453,72,76,-4,4
63454,128,108,20,20
63455,113,113,0,0
63456,103,106,-3,3
63457,86,88,-2,2
63458,59,67,-8,8
63459,114,126,-12,12
63460,125,126,-1,1
63461,105,101,4,4
63462,70,65,5,5
63463,147,126,21,21
63464,90,78,12,12
63465,81,82,-1,1
63466,65,80,-15,15
63467,63,63,0,0
63468,110,110,0,0
63469,108,101,7,7
63470,62,75,-13,13
63471,107,99,8,8
63472,47,55,-8,8
63473,76,83,-7,7
63474,92,99,-7,7
63475,129,124,5,5
63476,87,92,-5,5
63477,90,85,5,5
63478,75,84,-9,9
63479,69,75,-6,6
63480,61,69,-8,8
63481,76,73,3,3
63482,49,54,-5,5
63483,133,128,5,5
63484,147,147,0,0
63485,115,104,11,11
63486,88,93,-5,5
63487,70,70,0,0
63488,77,81,-4,4
63489,64,63,1,1
63490,182,149,33,33
63491,103,105,-2,2
63492,91,94,-3,3
63493,104,104,0,0
63494,67,51,16,16
63495,90,89,1,1
63496,81,83,-2,2
63497,140,140,0,0
63498,64,82,-18,18
63499,132,137,-5,5
63500,64,63,1,1
63501,117,112,5,5
63502,86,97,-11,11
63503,216,199,17,17
63504,129,119,10,10
63505,107,96,11,11
63506,114,116,-2,2
63507,99,91,8,8
63508,232,207,25,25
63509,81,89,-8,8
63510,117,116,1,1
63511,142,138,4,4
63512,33,45,-12,12
63513,80,84,-4,4
63514,95,75,20,20
63515,84,82,2,2
63516,111,120,-9,9
63517,53,63,-10,10
63518,47,62,-15,15
63519,80,80,0,0
63520,81,85,-4,4
63521,74,77,-3,3
63522,49,53,-4,4
63523,124,97,27,27
63524,98,95,3,3
63525,155,147,8,8
63526,58,62,-4,4
63527,111,105,6,6
63528,99,106,-7,7
63529,124,117,7,7
63530,62,52,10,10
63531,55,83,-28,28
63532,72,73,-1,1
63533,62,55,7,7
63534,74,75,-1,1
63535,76,60,16,16
63536,102,98,4,4
63537,87,113,-26,26
63538,136,131,5,5
63539,89,84,5,5
63540,68,82,-14,14
63541,67,73,-6,6
63542,97,99,-2,2
63543,123,113,10,10
63544,170,168,2,2
63545,120,123,-3,3
63546,110,118,-8,8
63547,100,108,-8,8
63548,37,53,-16,16
63549,84,73,11,11
63550,62,69,-7,7
63551,145,143,2,2
63552,106,100,6,6
63553,115,113,2,2
63554,126,121,5,5
63555,141,152,-11,11
63556,92,83,9,9
63557,110,107,3,3
63558,59,72,-13,13
63559,90,81,9,9
63560,77,83,-6,6
63561,70,73,-3,3
63562,77,67,10,10
63563,79,74,5,5
63564,154,147,7,7
63565,137,144,-7,7
63566,106,106,0,0
63567,116,103,13,13
63568,119,101,18,18
63569,65,58,7,7
63570,139,126,13,13
63571,145,139,6,6
63572,141,132,9,9
63573,119,114,5,5
63574,70,71,-1,1
63575,78,84,-6,6
63576,75,69,6,6
63577,100,98,2,2
63578,163,155,8,8
63579,162,157,5,5
63580,153,143,10,10
63581,94,101,-7,7
63582,74,81,-7,7
63583,88,87,1,1
63584,67,76,-9,9
63585,100,111,-11,11
63586,117,126,-9,9
63587,80,80,0,0
63588,95,80,15,15
63589,77,82,-5,5
63590,121,125,-4,4
63591,141,123,18,18
63592,83,80,3,3
63593,55,60,-5,5
63594,87,77,10,10
63595,76,79,-3,3
63596,116,112,4,4
63597,162,231,-69,69
63598,114,108,6,6
63599,79,74,5,5
63600,117,120,-3,3
63601,54,64,-10,10
63602,87,95,-8,8
63603,124,115,9,9
63604,101,92,9,9
63605,53,46,7,7
63606,133,128,5,5
63607,75,86,-11,11
63608,78,88,-10,10
63609,69,80,-11,11
63610,40,53,-13,13
63611,84,87,-3,3
63612,94,93,1,1
63613,75,74,1,1
63614,95,93,2,2
63615,82,96,-14,14
63616,75,78,-3,3
63617,141,119,22,22
63618,98,91,7,7
63619,101,113,-12,12
63620,49,56,-7,7
63621,45,58,-13,13
63622,94,92,2,2
63623,132,110,22,22
63624,122,111,11,11
63625,96,98,-2,2
63626,89,76,13,13
63627,114,115,-1,1
63628,112,98,14,14
63629,55,80,-25,25
63630,63,60,3,3
63631,133,121,12,12
63632,71,82,-11,11
63633,81,68,13,13
63634,104,110,-6,6
63635,97,72,25,25
63636,103,114,-11,11
63637,110,104,6,6
63638,91,89,2,2
63639,60,68,-8,8
63640,58,65,-7,7
63641,91,85,6,6
63642,69,79,-10,10
63643,75,88,-13,13
63644,175,179,-4,4
63645,62,78,-16,16
63646,121,118,3,3
63647,64,68,-4,4
63648,103,95,8,8
63649,109,80,29,29
63650,111,94,17,17
63651,87,78,9,9
63652,146,136,10,10
63653,68,70,-2,2
63654,69,72,-3,3
63655,79,82,-3,3
63656,111,105,6,6
63657,72,63,9,9
63658,110,107,3,3
63659,106,110,-4,4
63660,112,105,7,7
63661,85,76,9,9
63662,153,155,-2,2
63663,102,83,19,19
63664,75,78,-3,3
63665,123,120,3,3
63666,80,99,-19,19
63667,81,83,-2,2
63668,76,76,0,0
63669,107,141,-34,34
63670,163,145,18,18
63671,75,76,-1,1
63672,83,83,0,0
63673,72,68,4,4
63674,73,73,0,0
63675,47,56,-9,9
63676,127,120,7,7
63677,31,41,-10,10
63678,88,86,2,2
63679,131,132,-1,1
63680,140,161,-21,21
63681,172,170,2,2
63682,86,85,1,1
63683,137,129,8,8
63684,108,106,2,2
63685,67,65,2,2
63686,157,151,6,6
63687,42,56,-14,14
63688,81,86,-5,5
63689,96,81,15,15
63690,189,213,-24,24
63691,97,108,-11,11
63692,82,89,-7,7
63693,105,108,-3,3
63694,107,95,12,12
63695,81,87,-6,6
63696,44,44,0,0
63697,93,97,-4,4
63698,63,67,-4,4
63699,46,97,-51,51
63700,128,143,-15,15
63701,133,146,-13,13
63702,40,50,-10,10
63703,119,109,10,10
63704,100,91,9,9
63705,96,104,-8,8
63706,84,85,-1,1
63707,188,193,-5,5
63708,66,71,-5,5
63709,145,148,-3,3
63710,50,74,-24,24
63711,74,71,3,3
63712,82,79,3,3
63713,92,92,0,0
63714,131,132,-1,1
63715,69,76,-7,7
63716,97,89,8,8
63717,137,125,12,12
63718,98,97,1,1
63719,67,71,-4,4
63720,107,114,-7,7
63721,49,50,-1,1
63722,76,80,-4,4
63723,66,64,2,2
63724,170,150,20,20
63725,101,104,-3,3
63726,95,79,16,16
63727,76,69,7,7
63728,82,80,2,2
63729,84,82,2,2
63730,106,110,-4,4
63731,64,67,-3,3
63732,91,95,-4,4
63733,86,82,4,4
63734,54,54,0,0
63735,82,102,-20,20
63736,89,87,2,2
63737,97,95,2,2
63738,161,145,16,16
63739,48,47,1,1
63740,109,107,2,2
63741,159,145,14,14
63742,106,101,5,5
63743,181,152,29,29
63744,129,134,-5,5
63745,101,107,-6,6
63746,114,105,9,9
63747,126,111,15,15
63748,168,152,16,16
63749,95,100,-5,5
63750,80,78,2,2
63751,96,93,3,3
63752,35,42,-7,7
63753,73,78,-5,5
63754,89,91,-2,2
63755,107,102,5,5
63756,88,101,-13,13
63757,92,91,1,1
63758,91,79,12,12
63759,91,81,10,10
63760,120,133,-13,13
63761,82,77,5,5
63762,80,88,-8,8
63763,55,56,-1,1
63764,76,72,4,4
63765,72,60,12,12
63766,105,107,-2,2
63767,113,104,9,9
63768,67,82,-15,15
63769,101,110,-9,9
63770,80,85,-5,5
63771,80,86,-6,6
63772,96,89,7,7
63773,71,85,-14,14
63774,148,145,3,3
63775,72,68,4,4
63776,127,130,-3,3
63777,75,71,4,4
63778,83,97,-14,14
63779,90,101,-11,11
63780,86,91,-5,5
63781,75,66,9,9
63782,72,62,10,10
63783,70,61,9,9
63784,105,100,5,5
63785,41,47,-6,6
63786,68,73,-5,5
63787,86,86,0,0
63788,64,60,4,4
63789,86,93,-7,7
63790,51,71,-20,20
63791,124,114,10,10
63792,88,83,5,5
63793,93,98,-5,5
63794,54,71,-17,17
63795,71,67,4,4
63796,132,132,0,0
63797,101,89,12,12
63798,172,145,27,27
63799,176,170,6,6
63800,173,175,-2,2
63801,130,127,3,3
63802,79,72,7,7
63803,102,97,5,5
63804,133,126,7,7
63805,90,74,16,16
63806,102,98,4,4
63807,65,68,-3,3
63808,128,125,3,3
63809,159,127,32,32
63810,57,69,-12,12
63811,171,162,9,9
63812,66,67,-1,1
63813,165,155,10,10
63814,51,60,-9,9
63815,111,105,6,6
63816,211,187,24,24
63817,89,78,11,11
63818,74,75,-1,1
63819,86,100,-14,14
63820,129,105,24,24
63821,67,65,2,2
63822,112,105,7,7
63823,102,75,27,27
63824,76,72,4,4
63825,67,77,-10,10
63826,96,90,6,6
63827,115,123,-8,8
63828,95,100,-5,5
63829,129,118,11,11
63830,78,78,0,0
63831,58,67,-9,9
63832,93,93,0,0
63833,53,48,5,5
63834,62,68,-6,6
63835,89,88,1,1
63836,110,107,3,3
63837,109,119,-10,10
63838,34,68,-34,34
63839,94,68,26,26
63840,54,63,-9,9
63841,111,123,-12,12
63842,128,126,2,2
63843,141,143,-2,2
63844,92,90,2,2
63845,102,79,23,23
63846,94,106,-12,12
63847,130,119,11,11
63848,93,106,-13,13
63849,86,75,11,11
63850,102,101,1,1
63851,137,122,15,15
63852,55,50,5,5
63853,118,118,0,0
63854,121,123,-2,2
63855,155,148,7,7
63856,71,81,-10,10
63857,140,140,0,0
63858,64,83,-19,19
63859,110,119,-9,9
63860,119,126,-7,7
63861,55,60,-5,5
63862,80,85,-5,5
63863,142,118,24,24
63864,44,54,-10,10
63865,111,122,-11,11
63866,113,111,2,2
63867,146,129,17,17
63868,169,168,1,1
63869,129,112,17,17
63870,76,88,-12,12
63871,67,65,2,2
63872,75,78,-3,3
63873,68,74,-6,6
63874,74,83,-9,9
63875,80,70,10,10
63876,33,46,-13,13
63877,91,90,1,1
63878,75,71,4,4
63879,94,75,19,19
63880,142,127,15,15
63881,50,121,-71,71
63882,193,190,3,3
63883,81,84,-3,3
63884,111,98,13,13
63885,130,119,11,11
63886,51,44,7,7
63887,73,75,-2,2
63888,136,136,0,0
63889,94,94,0,0
63890,111,102,9,9
63891,119,113,6,6
63892,101,104,-3,3
63893,79,75,4,4
63894,92,91,1,1
63895,84,69,15,15
63896,48,61,-13,13
63897,105,108,-3,3
63898,87,80,7,7
63899,91,102,-11,11
63900,78,87,-9,9
63901,136,149,-13,13
63902,123,125,-2,2
63903,130,130,0,0
63904,126,116,10,10
63905,84,103,-19,19
63906,122,120,2,2
63907,124,132,-8,8
63908,117,115,2,2
63909,49,51,-2,2
63910,63,62,1,1
63911,64,61,3,3
63912,57,68,-11,11
63913,37,50,-13,13
63914,38,57,-19,19
63915,56,59,-3,3
63916,137,124,13,13
63917,109,122,-13,13
63918,158,149,9,9
63919,112,119,-7,7
63920,96,96,0,0
63921,99,102,-3,3
63922,68,70,-2,2
63923,94,100,-6,6
63924,118,117,1,1
63925,80,86,-6,6
63926,78,87,-9,9
63927,94,84,10,10
63928,172,175,-3,3
63929,39,48,-9,9
63930,62,78,-16,16
63931,152,136,16,16
63932,120,115,5,5
63933,90,88,2,2
63934,105,102,3,3
63935,80,76,4,4
63936,58,64,-6,6
63937,51,59,-8,8
63938,90,92,-2,2
63939,107,96,11,11
63940,71,70,1,1
63941,61,74,-13,13
63942,111,138,-27,27
63943,88,90,-2,2
63944,56,62,-6,6
63945,93,94,-1,1
63946,106,102,4,4
63947,96,96,0,0
63948,81,83,-2,2
63949,63,53,10,10
63950,112,117,-5,5
63951,120,114,6,6
63952,59,65,-6,6
63953,103,83,20,20
63954,50,60,-10,10
63955,115,99,16,16
63956,54,66,-12,12
63957,71,72,-1,1
63958,59,70,-11,11
63959,115,102,13,13
63960,47,57,-10,10
63961,100,90,10,10
63962,77,79,-2,2
63963,195,171,24,24
63964,118,125,-7,7
63965,90,87,3,3
63966,101,99,2,2
63967,141,137,4,4
63968,153,150,3,3
63969,72,78,-6,6
63970,76,87,-11,11
63971,141,128,13,13
63972,168,149,19,19
63973,189,161,28,28
63974,52,55,-3,3
63975,90,90,0,0
63976,81,83,-2,2
63977,54,65,-11,11
63978,128,113,15,15
63979,86,90,-4,4
63980,65,77,-12,12
63981,53,53,0,0
63982,57,61,-4,4
63983,90,76,14,14
63984,73,100,-27,27
63985,75,85,-10,10
63986,85,83,2,2
63987,143,138,5,5
63988,44,75,-31,31
63989,81,78,3,3
63990,76,82,-6,6
63991,126,120,6,6
63992,46,63,-17,17
63993,139,127,12,12
63994,154,148,6,6
63995,161,175,-14,14
63996,59,58,1,1
63997,78,81,-3,3
63998,85,84,1,1
63999,48,52,-4,4
64000,71,72,-1,1
64001,79,81,-2,2
64002,65,56,9,9
64003,78,77,1,1
64004,117,113,4,4
64005,51,56,-5,5
64006,153,111,42,42
64007,118,127,-9,9
64008,66,68,-2,2
64009,75,91,-16,16
64010,102,106,-4,4
64011,85,83,2,2
64012,64,70,-6,6
64013,95,102,-7,7
64014,160,145,15,15
64015,94,85,9,9
64016,68,82,-14,14
64017,180,184,-4,4
64018,52,81,-29,29
64019,106,102,4,4
64020,85,84,1,1
64021,115,130,-15,15
64022,57,45,12,12
64023,104,103,1,1
64024,53,63,-10,10
64025,79,81,-2,2
64026,68,86,-18,18
64027,86,80,6,6
64028,121,106,15,15
64029,54,54,0,0
64030,74,66,8,8
64031,122,140,-18,18
64032,67,66,1,1
64033,128,134,-6,6
64034,56,67,-11,11
64035,146,145,1,1
64036,111,121,-10,10
64037,86,93,-7,7
64038,96,85,11,11
64039,144,140,4,4
64040,73,76,-3,3
64041,50,57,-7,7
64042,179,183,-4,4
64043,83,88,-5,5
64044,62,63,-1,1
64045,103,109,-6,6
64046,101,102,-1,1
64047,59,68,-9,9
64048,74,72,2,2
64049,72,89,-17,17
64050,75,95,-20,20
64051,109,118,-9,9
64052,102,95,7,7
64053,143,139,4,4
64054,83,87,-4,4
64055,156,154,2,2
64056,124,125,-1,1
64057,80,80,0,0
64058,161,137,24,24
64059,54,65,-11,11
64060,75,103,-28,28
64061,155,139,16,16
64062,117,98,19,19
64063,130,137,-7,7
64064,225,195,30,30
64065,94,97,-3,3
64066,63,60,3,3
64067,72,70,2,2
64068,179,163,16,16
64069,141,139,2,2
64070,82,71,11,11
64071,62,53,9,9
64072,122,129,-7,7
64073,79,73,6,6
64074,93,78,15,15
64075,137,139,-2,2
64076,110,119,-9,9
64077,137,132,5,5
64078,84,77,7,7
64079,64,61,3,3
64080,64,60,4,4
64081,56,65,-9,9
64082,70,79,-9,9
64083,76,83,-7,7
64084,118,103,15,15
64085,88,81,7,7
64086,81,84,-3,3
64087,129,119,10,10
64088,64,73,-9,9
64089,97,95,2,2
64090,123,118,5,5
64091,86,71,15,15
64092,97,83,14,14
64093,115,123,-8,8
64094,96,102,-6,6
64095,77,87,-10,10
64096,168,181,-13,13
64097,51,60,-9,9
64098,90,83,7,7
64099,56,65,-9,9
64100,71,70,1,1
64101,107,116,-9,9
64102,94,84,10,10
64103,46,59,-13,13
64104,118,111,7,7
64105,129,122,7,7
64106,106,115,-9,9
64107,81,80,1,1
64108,82,79,3,3
64109,56,61,-5,5
64110,79,79,0,0
64111,71,79,-8,8
64112,148,152,-4,4
64113,205,192,13,13
64114,142,121,21,21
64115,85,76,9,9
64116,47,57,-10,10
64117,91,85,6,6
64118,108,108,0,0
64119,73,79,-6,6
64120,102,103,-1,1
64121,129,138,-9,9
64122,130,155,-25,25
64123,103,95,8,8
64124,70,94,-24,24
64125,90,81,9,9
64126,118,144,-26,26
64127,85,73,12,12
64128,63,76,-13,13
64129,62,57,5,5
64130,93,95,-2,2
64131,66,84,-18,18
64132,57,59,-2,2
64133,43,61,-18,18
64134,104,111,-7,7
64135,131,128,3,3
64136,88,81,7,7
64137,79,83,-4,4
64138,83,74,9,9
64139,77,78,-1,1
64140,82,78,4,4
64141,109,108,1,1
64142,118,106,12,12
64143,134,135,-1,1
64144,124,135,-11,11
64145,105,111,-6,6
64146,102,90,12,12
64147,109,98,11,11
64148,100,101,-1,1
64149,84,82,2,2
64150,88,89,-1,1
64151,86,79,7,7
64152,92,79,13,13
64153,125,122,3,3
64154,70,82,-12,12
64155,167,134,33,33
64156,151,158,-7,7
64157,80,61,19,19
64158,125,110,15,15
64159,140,146,-6,6
64160,101,93,8,8
64161,68,58,10,10
64162,48,65,-17,17
64163,105,104,1,1
64164,72,65,7,7
64165,73,81,-8,8
64166,139,137,2,2
64167,88,93,-5,5
64168,65,104,-39,39
64169,100,96,4,4
64170,150,143,7,7
64171,116,108,8,8
64172,64,71,-7,7
64173,115,100,15,15
64174,58,65,-7,7
64175,132,137,-5,5
64176,91,90,1,1
64177,75,81,-6,6
64178,98,104,-6,6
64179,109,103,6,6
64180,115,99,16,16
64181,86,95,-9,9
64182,100,79,21,21
64183,77,87,-10,10
64184,156,160,-4,4
64185,63,54,9,9
64186,81,80,1,1
64187,95,89,6,6
64188,70,70,0,0
64189,100,98,2,2
64190,92,94,-2,2
64191,150,150,0,0
64192,99,101,-2,2
64193,133,129,4,4
64194,46,54,-8,8
64195,99,94,5,5
64196,128,120,8,8
64197,77,83,-6,6
64198,77,72,5,5
64199,62,70,-8,8
64200,175,138,37,37
64201,183,176,7,7
64202,80,86,-6,6
64203,124,127,-3,3
64204,116,112,4,4
64205,140,130,10,10
64206,74,71,3,3
64207,104,124,-20,20
64208,43,58,-15,15
64209,191,169,22,22
64210,245,279,-34,34
64211,94,78,16,16
64212,110,104,6,6
64213,86,82,4,4
64214,49,59,-10,10
64215,116,118,-2,2
64216,58,63,-5,5
64217,51,68,-17,17
64218,96,94,2,2
64219,73,77,-4,4
64220,100,94,6,6
64221,83,147,-64,64
64222,130,125,5,5
64223,64,58,6,6
64224,77,87,-10,10
64225,126,130,-4,4
64226,52,57,-5,5
64227,84,74,10,10
64228,69,87,-18,18
64229,107,123,-16,16
64230,104,94,10,10
64231,55,53,2,2
64232,87,95,-8,8
64233,88,97,-9,9
64234,147,145,2,2
64235,122,119,3,3
64236,120,104,16,16
64237,166,157,9,9
64238,80,86,-6,6
64239,122,127,-5,5
64240,43,43,0,0
64241,121,112,9,9
64242,70,75,-5,5
64243,101,94,7,7
64244,57,62,-5,5
64245,100,92,8,8
64246,52,73,-21,21
64247,69,90,-21,21
64248,52,51,1,1
64249,60,63,-3,3
64250,74,71,3,3
64251,92,92,0,0
64252,47,60,-13,13
64253,91,102,-11,11
64254,72,89,-17,17
64255,45,49,-4,4
64256,70,77,-7,7
64257,119,123,-4,4
64258,113,120,-7,7
64259,51,57,-6,6
64260,56,59,-3,3
64261,95,97,-2,2
64262,82,91,-9,9
64263,79,79,0,0
64264,70,70,0,0
64265,78,84,-6,6
64266,94,93,1,1
64267,68,59,9,9
64268,87,89,-2,2
64269,164,214,-50,50
64270,101,91,10,10
64271,145,139,6,6
64272,50,43,7,7
64273,65,77,-12,12
64274,108,103,5,5
64275,77,72,5,5
64276,153,138,15,15
64277,113,107,6,6
64278,181,148,33,33
64279,52,59,-7,7
64280,96,87,9,9
64281,139,127,12,12
64282,91,97,-6,6
64283,73,73,0,0
64284,77,81,-4,4
64285,71,75,-4,4
64286,51,51,0,0
64287,90,92,-2,2
64288,68,64,4,4
64289,73,67,6,6
64290,94,97,-3,3
64291,69,68,1,1
64292,90,87,3,3
64293,154,148,6,6
64294,163,139,24,24
64295,74,75,-1,1
64296,55,62,-7,7
64297,73,79,-6,6
64298,33,49,-16,16
64299,154,146,8,8
64300,70,56,14,14
64301,72,80,-8,8
64302,96,104,-8,8
64303,117,123,-6,6
64304,127,118,9,9
64305,84,84,0,0
64306,99,110,-11,11
64307,72,62,10,10
64308,144,129,15,15
64309,74,77,-3,3
64310,75,77,-2,2
64311,89,88,1,1
64312,122,113,9,9
64313,165,157,8,8
64314,45,60,-15,15
64315,82,94,-12,12
64316,84,82,2,2
64317,166,155,11,11
64318,140,126,14,14
64319,96,94,2,2
64320,73,77,-4,4
64321,200,184,16,16
64322,113,111,2,2
64323,137,128,9,9
64324,87,86,1,1
64325,127,119,8,8
64326,74,66,8,8
64327,89,79,10,10
64328,128,138,-10,10
64329,73,79,-6,6
64330,53,57,-4,4
64331,26,45,-19,19
64332,104,106,-2,2
64333,91,86,5,5
64334,157,143,14,14
64335,93,86,7,7
64336,125,119,6,6
64337,66,59,7,7
64338,125,123,2,2
64339,144,116,28,28
64340,106,105,1,1
64341,129,119,10,10
64342,86,90,-4,4
64343,188,168,20,20
64344,142,135,7,7
64345,54,55,-1,1
64346,185,156,29,29
64347,152,151,1,1
64348,55,59,-4,4
64349,74,76,-2,2
64350,132,132,0,0
64351,80,78,2,2
64352,77,79,-2,2
64353,67,82,-15,15
64354,71,68,3,3
64355,129,169,-40,40
64356,116,126,-10,10
64357,97,86,11,11
64358,39,51,-12,12
64359,44,53,-9,9
64360,73,63,10,10
64361,78,86,-8,8
64362,68,63,5,5
64363,57,55,2,2
64364,97,85,12,12
64365,77,80,-3,3
64366,159,155,4,4
64367,144,135,9,9
64368,58,62,-4,4
64369,74,80,-6,6
64370,47,49,-2,2
64371,86,65,21,21
64372,95,75,20,20
64373,74,69,5,5
64374,84,99,-15,15
64375,175,159,16,16
64376,47,44,3,3
64377,110,101,9,9
64378,181,175,6,6
64379,117,111,6,6
64380,77,64,13,13
64381,88,78,10,10
64382,84,89,-5,5
64383,56,56,0,0
64384,49,69,-20,20
64385,75,85,-10,10
64386,58,51,7,7
64387,110,112,-2,2
64388,80,83,-3,3
64389,120,136,-16,16
64390,79,100,-21,21
64391,107,117,-10,10
64392,79,73,6,6
64393,69,69,0,0
64394,36,43,-7,7
64395,106,103,3,3
64396,64,59,5,5
64397,91,105,-14,14
64398,70,77,-7,7
64399,69,69,0,0
64400,75,75,0,0
64401,54,55,-1,1
64402,69,84,-15,15
64403,105,120,-15,15
64404,67,76,-9,9
64405,28,40,-12,12
64406,57,66,-9,9
64407,46,45,1,1
64408,52,65,-13,13
64409,122,127,-5,5
64410,101,102,-1,1
64411,129,122,7,7
64412,143,162,-19,19
64413,193,173,20,20
64414,55,61,-6,6
64415,92,94,-2,2
64416,107,91,16,16
64417,137,119,18,18
64418,100,97,3,3
64419,61,87,-26,26
64420,113,98,15,15
64421,112,108,4,4
64422,78,75,3,3
64423,82,92,-10,10
64424,58,69,-11,11
64425,65,60,5,5
64426,52,60,-8,8
64427,106,110,-4,4
64428,47,53,-6,6
64429,72,73,-1,1
64430,75,80,-5,5
64431,135,144,-9,9
64432,87,90,-3,3
64433,175,165,10,10
64434,99,97,2,2
64435,50,53,-3,3
64436,90,83,7,7
64437,83,89,-6,6
64438,68,79,-11,11
64439,85,92,-7,7
64440,73,77,-4,4
64441,58,73,-15,15
64442,78,66,12,12
64443,89,93,-4,4
64444,49,52,-3,3
64445,73,69,4,4
64446,108,88,20,20
64447,60,68,-8,8
64448,142,129,13,13
64449,217,198,19,19
64450,57,58,-1,1
64451,61,70,-9,9
64452,82,68,14,14
64453,73,73,0,0
64454,108,108,0,0
64455,139,143,-4,4
64456,80,69,11,11
64457,218,221,-3,3
64458,119,111,8,8
64459,105,103,2,2
64460,57,51,6,6
64461,106,117,-11,11
64462,74,89,-15,15
64463,77,83,-6,6
64464,143,127,16,16
64465,103,104,-1,1
64466,120,109,11,11
64467,124,107,17,17
64468,112,105,7,7
64469,105,102,3,3
64470,144,130,14,14
64471,97,95,2,2
64472,65,67,-2,2
64473,74,80,-6,6
64474,55,57,-2,2
64475,80,83,-3,3
64476,115,113,2,2
64477,145,145,0,0
64478,103,105,-2,2
64479,132,129,3,3
64480,46,27,19,19
64481,59,59,0,0
64482,83,84,-1,1
64483,150,151,-1,1
64484,182,186,-4,4
64485,44,43,1,1
64486,64,75,-11,11
64487,53,53,0,0
64488,78,90,-12,12
64489,112,115,-3,3
64490,109,108,1,1
64491,95,105,-10,10
64492,62,89,-27,27
64493,57,59,-2,2
64494,130,129,1,1
64495,101,99,2,2
64496,135,135,0,0
64497,100,118,-18,18
64498,107,115,-8,8
64499,97,111,-14,14
64500,79,67,12,12
64501,80,82,-2,2
64502,94,65,29,29
64503,122,120,2,2
64504,57,48,9,9
64505,58,62,-4,4
64506,76,81,-5,5
64507,144,125,19,19
64508,51,56,-5,5
64509,54,60,-6,6
64510,85,85,0,0
64511,61,68,-7,7
64512,148,125,23,23
64513,33,34,-1,1
64514,99,98,1,1
64515,117,104,13,13
64516,82,80,2,2
64517,54,80,-26,26
64518,144,132,12,12
64519,141,133,8,8
64520,80,86,-6,6
64521,203,181,22,22
64522,93,90,3,3
64523,65,73,-8,8
64524,61,58,3,3
64525,139,126,13,13
64526,84,93,-9,9
64527,72,86,-14,14
64528,68,80,-12,12
64529,56,70,-14,14
64530,101,95,6,6
64531,63,74,-11,11
64532,94,93,1,1
64533,120,118,2,2
64534,113,115,-2,2
64535,32,43,-11,11
64536,94,104,-10,10
64537,116,109,7,7
64538,101,102,-1,1
64539,57,61,-4,4
64540,144,134,10,10
64541,76,74,2,2
64542,94,100,-6,6
64543,80,85,-5,5
64544,100,99,1,1
64545,150,132,18,18
64546,85,97,-12,12
64547,77,71,6,6
64548,75,66,9,9
64549,170,151,19,19
64550,138,141,-3,3
64551,74,79,-5,5
64552,83,84,-1,1
64553,193,189,4,4
64554,95,87,8,8
64555,132,131,1,1
64556,69,69,0,0
64557,120,137,-17,17
64558,102,95,7,7
64559,87,85,2,2
64560,133,115,18,18
64561,106,110,-4,4
64562,90,108,-18,18
64563,61,72,-11,11
64564,87,97,-10,10
64565,130,122,8,8
64566,77,79,-2,2
64567,80,96,-16,16
64568,95,71,24,24
64569,64,64,0,0
64570,57,55,2,2
64571,70,72,-2,2
64572,111,117,-6,6
64573,54,55,-1,1
64574,142,159,-17,17
64575,52,53,-1,1
64576,47,51,-4,4
64577,133,141,-8,8
64578,140,144,-4,4
64579,60,69,-9,9
64580,186,161,25,25
64581,77,80,-3,3
64582,101,97,4,4
64583,59,58,1,1
64584,121,132,-11,11
64585,104,105,-1,1
64586,155,125,30,30
64587,83,86,-3,3
64588,77,70,7,7
64589,123,110,13,13
64590,59,51,8,8
64591,105,96,9,9
64592,75,87,-12,12
64593,116,105,11,11
64594,72,74,-2,2
64595,149,144,5,5
64596,119,113,6,6
64597,63,78,-15,15
64598,87,84,3,3
64599,137,133,4,4
64600,82,76,6,6
64601,125,115,10,10
64602,36,-13,49,49
64603,67,80,-13,13
64604,116,115,1,1
64605,155,149,6,6
64606,103,100,3,3
64607,104,101,3,3
64608,143,146,-3,3
64609,123,123,0,0
64610,121,110,11,11
64611,87,68,19,19
64612,72,78,-6,6
64613,49,54,-5,5
64614,69,80,-11,11
64615,72,92,-20,20
64616,116,96,20,20
64617,138,139,-1,1
64618,97,105,-8,8
64619,63,65,-2,2
64620,109,99,10,10
64621,80,78,2,2
64622,96,91,5,5
64623,98,94,4,4
64624,101,97,4,4
64625,143,178,-35,35
64626,90,96,-6,6
64627,85,76,9,9
64628,120,132,-12,12
64629,65,62,3,3
64630,161,146,15,15
64631,124,108,16,16
64632,103,108,-5,5
64633,99,100,-1,1
64634,121,125,-4,4
64635,122,112,10,10
64636,104,119,-15,15
64637,160,186,-26,26
64638,109,88,21,21
64639,63,69,-6,6
64640,112,101,11,11
64641,88,83,5,5
64642,88,87,1,1
64643,101,112,-11,11
64644,50,54,-4,4
64645,170,167,3,3
64646,64,74,-10,10
64647,102,115,-13,13
64648,93,91,2,2
64649,132,127,5,5
64650,75,79,-4,4
64651,84,82,2,2
64652,60,85,-25,25
64653,103,117,-14,14
64654,58,54,4,4
64655,153,141,12,12
64656,135,123,12,12
64657,62,70,-8,8
64658,162,152,10,10
64659,74,81,-7,7
64660,90,91,-1,1
64661,127,122,5,5
64662,97,96,1,1
64663,102,92,10,10
64664,117,114,3,3
64665,38,46,-8,8
64666,114,116,-2,2
64667,45,36,9,9
64668,100,93,7,7
64669,61,60,1,1
64670,101,90,11,11
64671,120,123,-3,3
64672,152,144,8,8
64673,84,82,2,2
64674,100,85,15,15
64675,108,94,14,14
64676,124,133,-9,9
64677,148,146,2,2
64678,46,55,-9,9
64679,119,117,2,2
64680,118,111,7,7
64681,52,57,-5,5
64682,104,106,-2,2
64683,82,94,-12,12
64684,100,91,9,9
64685,118,106,12,12
64686,70,74,-4,4
64687,104,90,14,14
64688,141,130,11,11
64689,97,92,5,5
64690,24,27,-3,3
64691,192,167,25,25
64692,71,63,8,8
64693,78,85,-7,7
64694,46,51,-5,5
64695,79,89,-10,10
64696,153,141,12,12
64697,88,100,-12,12
64698,64,71,-7,7
64699,81,68,13,13
64700,81,81,0,0
64701,105,102,3,3
64702,88,91,-3,3
64703,120,123,-3,3
64704,68,67,1,1
64705,84,88,-4,4
64706,121,114,7,7
64707,80,62,18,18
64708,138,128,10,10
64709,90,83,7,7
64710,87,92,-5,5
64711,92,94,-2,2
64712,111,125,-14,14
64713,77,73,4,4
64714,74,80,-6,6
64715,170,154,16,16
64716,77,84,-7,7
64717,117,127,-10,10
64718,151,137,14,14
64719,84,88,-4,4
64720,108,113,-5,5
64721,69,80,-11,11
64722,121,128,-7,7
64723,94,106,-12,12
64724,41,52,-11,11
64725,140,136,4,4
64726,76,70,6,6
64727,85,81,4,4
64728,104,106,-2,2
64729,48,59,-11,11
64730,128,133,-5,5
64731,68,78,-10,10
64732,70,68,2,2
64733,93,84,9,9
64734,69,83,-14,14
64735,56,57,-1,1
64736,96,92,4,4
64737,50,57,-7,7
64738,64,70,-6,6
64739,69,76,-7,7
64740,89,89,0,0
64741,75,86,-11,11
64742,77,80,-3,3
64743,68,67,1,1
64744,59,94,-35,35
64745,140,121,19,19
64746,79,80,-1,1
64747,46,41,5,5
64748,54,61,-7,7
64749,89,91,-2,2
64750,99,113,-14,14
64751,68,69,-1,1
64752,86,102,-16,16
64753,106,89,17,17
64754,82,78,4,4
64755,97,114,-17,17
64756,29,46,-17,17
64757,99,93,6,6
64758,119,120,-1,1
64759,102,100,2,2
64760,104,110,-6,6
64761,148,133,15,15
64762,146,134,12,12
64763,107,95,12,12
64764,49,44,5,5
64765,45,45,0,0
64766,133,120,13,13
64767,102,106,-4,4
64768,110,110,0,0
64769,100,101,-1,1
64770,112,101,11,11
64771,59,71,-12,12
64772,73,70,3,3
64773,115,123,-8,8
64774,88,87,1,1
64775,77,92,-15,15
64776,133,121,12,12
64777,86,89,-3,3
64778,74,65,9,9
64779,125,127,-2,2
64780,97,107,-10,10
64781,71,70,1,1
64782,42,43,-1,1
64783,140,138,2,2
64784,70,75,-5,5
64785,76,75,1,1
64786,59,59,0,0
64787,87,93,-6,6
64788,134,121,13,13
64789,173,158,15,15
64790,47,57,-10,10
64791,112,95,17,17
64792,94,108,-14,14
64793,81,78,3,3
64794,152,148,4,4
64795,56,53,3,3
64796,72,77,-5,5
64797,82,85,-3,3
64798,68,63,5,5
64799,87,87,0,0
64800,116,135,-19,19
64801,49,45,4,4
64802,124,125,-1,1
64803,146,156,-10,10
64804,151,140,11,11
64805,67,80,-13,13
64806,57,90,-33,33
64807,147,145,2,2
64808,104,107,-3,3
64809,124,118,6,6
64810,46,55,-9,9
64811,118,110,8,8
64812,110,107,3,3
64813,82,80,2,2
64814,97,95,2,2
64815,104,91,13,13
64816,46,49,-3,3
64817,76,90,-14,14
64818,66,83,-17,17
64819,51,51,0,0
64820,63,62,1,1
64821,81,74,7,7
64822,110,115,-5,5
64823,160,158,2,2
64824,65,71,-6,6
64825,43,55,-12,12
64826,67,134,-67,67
64827,104,106,-2,2
64828,83,87,-4,4
64829,57,66,-9,9
64830,139,133,6,6
64831,78,81,-3,3
64832,68,57,11,11
64833,91,78,13,13
64834,117,120,-3,3
64835,117,116,1,1
64836,110,103,7,7
64837,67,67,0,0
64838,89,89,0,0
64839,96,108,-12,12
64840,92,105,-13,13
64841,87,86,1,1
64842,92,80,12,12
64843,59,68,-9,9
64844,66,63,3,3
64845,160,169,-9,9
64846,188,172,16,16
64847,96,95,1,1
64848,75,87,-12,12
64849,140,130,10,10
64850,95,96,-1,1
64851,83,82,1,1
64852,103,104,-1,1
64853,81,89,-8,8
64854,87,90,-3,3
64855,90,94,-4,4
64856,66,67,-1,1
64857,100,99,1,1
64858,75,63,12,12
64859,50,52,-2,2
64860,68,67,1,1
64861,82,79,3,3
64862,72,72,0,0
64863,56,71,-15,15
64864,113,113,0,0
64865,41,50,-9,9
64866,56,63,-7,7
64867,92,89,3,3
64868,68,71,-3,3
64869,63,64,-1,1
64870,111,107,4,4
64871,74,78,-4,4
64872,91,84,7,7
64873,84,130,-46,46
64874,107,120,-13,13
64875,95,86,9,9
64876,80,69,11,11
64877,125,131,-6,6
64878,57,59,-2,2
64879,115,118,-3,3
64880,117,113,4,4
64881,71,77,-6,6
64882,72,62,10,10
64883,199,183,16,16
64884,100,104,-4,4
64885,75,67,8,8
64886,78,75,3,3
64887,82,77,5,5
64888,85,86,-1,1
64889,53,52,1,1
64890,89,86,3,3
64891,111,97,14,14
64892,58,57,1,1
64893,74,66,8,8
64894,106,123,-17,17
64895,139,148,-9,9
64896,94,95,-1,1
64897,66,64,2,2
64898,140,121,19,19
64899,100,92,8,8
64900,60,60,0,0
64901,118,108,10,10
64902,108,91,17,17
64903,131,117,14,14
64904,141,143,-2,2
64905,107,128,-21,21
64906,65,84,-19,19
64907,104,110,-6,6
64908,121,135,-14,14
64909,93,104,-11,11
64910,85,95,-10,10
64911,77,86,-9,9
64912,113,106,7,7
64913,44,53,-9,9
64914,110,121,-11,11
64915,75,74,1,1
64916,65,75,-10,10
64917,59,61,-2,2
64918,102,90,12,12
64919,93,115,-22,22
64920,85,87,-2,2
64921,57,51,6,6
64922,129,116,13,13
64923,45,58,-13,13
64924,60,74,-14,14
64925,89,103,-14,14
64926,93,95,-2,2
64927,104,106,-2,2
64928,55,55,0,0
64929,83,86,-3,3
64930,137,127,10,10
64931,109,98,11,11
64932,69,76,-7,7
64933,110,123,-13,13
64934,119,103,16,16
64935,97,95,2,2
64936,81,86,-5,5
64937,104,99,5,5
64938,71,82,-11,11
64939,50,58,-8,8
64940,136,126,10,10
64941,70,70,0,0
64942,63,74,-11,11
64943,90,87,3,3
64944,102,95,7,7
64945,50,55,-5,5
64946,138,133,5,5
64947,103,123,-20,20
64948,127,123,4,4
64949,129,126,3,3
64950,144,140,4,4
64951,52,63,-11,11
64952,72,80,-8,8
64953,94,90,4,4
64954,77,83,-6,6
64955,62,64,-2,2
64956,91,93,-2,2
64957,58,52,6,6
64958,78,76,2,2
64959,63,65,-2,2
64960,111,102,9,9
64961,87,83,4,4
64962,85,78,7,7
64963,224,203,21,21
64964,99,87,12,12
64965,84,76,8,8
64966,101,95,6,6
64967,156,132,24,24
64968,50,62,-12,12
64969,82,78,4,4
64970,190,197,-7,7
64971,127,133,-6,6
64972,61,54,7,7
64973,100,100,0,0
64974,81,86,-5,5
64975,141,122,19,19
64976,80,78,2,2
64977,67,72,-5,5
64978,90,87,3,3
64979,81,77,4,4
64980,55,66,-11,11
64981,85,89,-4,4
64982,36,45,-9,9
64983,87,69,18,18
64984,73,80,-7,7
64985,90,85,5,5
64986,69,60,9,9
64987,88,90,-2,2
64988,64,70,-6,6
64989,56,69,-13,13
64990,130,116,14,14
64991,59,58,1,1
64992,140,143,-3,3
64993,129,123,6,6
64994,122,119,3,3
64995,69,65,4,4
64996,65,73,-8,8
64997,103,104,-1,1
64998,36,42,-6,6
64999,193,185,8,8
65000,123,114,9,9
65001,77,69,8,8
65002,75,70,5,5
65003,85,96,-11,11
65004,124,127,-3,3
65005,148,142,6,6
65006,92,96,-4,4
65007,70,67,3,3
65008,129,110,19,19
65009,51,50,1,1
65010,98,84,14,14
65011,130,124,6,6
65012,134,126,8,8
65013,89,86,3,3
65014,83,94,-11,11
65015,89,88,1,1
65016,101,92,9,9
65017,110,102,8,8
65018,68,57,11,11
65019,68,66,2,2
65020,72,80,-8,8
65021,77,85,-8,8
65022,147,143,4,4
65023,117,111,6,6
65024,79,102,-23,23
65025,103,100,3,3
65026,65,68,-3,3
65027,102,96,6,6
65028,66,67,-1,1
65029,101,97,4,4
65030,77,77,0,0
65031,58,66,-8,8
65032,75,77,-2,2
65033,50,49,1,1
65034,116,105,11,11
65035,78,77,1,1
65036,111,107,4,4
65037,35,41,-6,6
65038,94,88,6,6
65039,136,117,19,19
65040,71,69,2,2
65041,94,113,-19,19
65042,81,79,2,2
65043,54,53,1,1
65044,94,88,6,6
65045,94,99,-5,5
65046,143,147,-4,4
65047,82,84,-2,2
65048,156,152,4,4
65049,81,81,0,0
65050,169,166,3,3
65051,104,106,-2,2
65052,107,105,2,2
65053,69,79,-10,10
65054,123,103,20,20
65055,51,62,-11,11
65056,88,98,-10,10
65057,41,46,-5,5
65058,56,65,-9,9
65059,138,135,3,3
65060,102,97,5,5
65061,97,95,2,2
65062,124,131,-7,7
65063,124,118,6,6
65064,119,136,-17,17
65065,55,58,-3,3
65066,116,117,-1,1
65067,60,71,-11,11
65068,134,114,20,20
65069,63,93,-30,30
65070,73,73,0,0
65071,145,133,12,12
65072,111,129,-18,18
65073,110,117,-7,7
65074,194,173,21,21
65075,92,109,-17,17
65076,97,99,-2,2
65077,116,119,-3,3
65078,61,63,-2,2
65079,150,149,1,1
65080,45,57,-12,12
65081,99,86,13,13
65082,79,77,2,2
65083,118,120,-2,2
65084,74,64,10,10
65085,108,106,2,2
65086,85,79,6,6
65087,89,83,6,6
65088,107,106,1,1
65089,165,179,-14,14
65090,84,86,-2,2
65091,132,128,4,4
65092,90,85,5,5
65093,144,117,27,27
65094,87,95,-8,8
65095,103,87,16,16
65096,98,97,1,1
65097,88,92,-4,4
65098,125,127,-2,2
65099,112,100,12,12
65100,51,66,-15,15
65101,105,104,1,1
65102,149,127,22,22
65103,109,102,7,7
65104,74,78,-4,4
65105,83,88,-5,5
65106,85,80,5,5
65107,75,72,3,3
65108,78,87,-9,9
65109,67,63,4,4
65110,48,43,5,5
65111,109,94,15,15
65112,92,84,8,8
65113,90,95,-5,5
65114,90,95,-5,5
65115,98,94,4,4
65116,76,79,-3,3
65117,83,84,-1,1
65118,148,145,3,3
65119,99,102,-3,3
65120,68,76,-8,8
65121,79,77,2,2
65122,98,106,-8,8
65123,194,200,-6,6
65124,90,84,6,6
65125,70,66,4,4
65126,88,97,-9,9
65127,66,74,-8,8
65128,81,65,16,16
65129,122,121,1,1
65130,96,102,-6,6
65131,69,72,-3,3
65132,113,98,15,15
65133,61,69,-8,8
65134,101,84,17,17
65135,178,169,9,9
65136,111,107,4,4
65137,81,78,3,3
65138,147,166,-19,19
65139,121,119,2,2
65140,78,78,0,0
65141,86,86,0,0
65142,54,56,-2,2
65143,46,47,-1,1
65144,62,67,-5,5
65145,94,138,-44,44
65146,101,96,5,5
65147,60,59,1,1
65148,72,63,9,9
65149,75,85,-10,10
65150,148,140,8,8
65151,123,106,17,17
65152,81,94,-13,13
65153,126,123,3,3
65154,163,150,13,13
65155,105,120,-15,15
65156,85,79,6,6
65157,102,95,7,7
65158,89,90,-1,1
65159,123,131,-8,8
65160,62,60,2,2
65161,78,86,-8,8
65162,98,94,4,4
65163,68,77,-9,9
65164,99,98,1,1
65165,112,106,6,6
65166,89,81,8,8
65167,89,94,-5,5
65168,83,77,6,6
65169,119,119,0,0
65170,92,93,-1,1
65171,77,79,-2,2
65172,74,70,4,4
65173,115,119,-4,4
65174,107,107,0,0
65175,98,91,7,7
65176,136,125,11,11
65177,42,47,-5,5
65178,119,114,5,5
65179,119,130,-11,11
65180,109,106,3,3
65181,113,110,3,3
65182,164,157,7,7
65183,86,79,7,7
65184,97,100,-3,3
65185,112,114,-2,2
65186,124,125,-1,1
65187,84,101,-17,17
65188,77,81,-4,4
65189,87,76,11,11
65190,52,60,-8,8
65191,112,103,9,9
65192,78,81,-3,3
65193,93,90,3,3
65194,115,129,-14,14
65195,76,71,5,5
65196,209,199,10,10
65197,41,53,-12,12
65198,115,106,9,9
65199,155,133,22,22
65200,53,61,-8,8
65201,72,75,-3,3
65202,110,76,34,34
65203,91,95,-4,4
65204,99,100,-1,1
65205,88,97,-9,9
65206,100,108,-8,8
65207,73,96,-23,23
65208,70,74,-4,4
65209,126,126,0,0
65210,102,104,-2,2
65211,97,86,11,11
65212,60,67,-7,7
65213,44,40,4,4
65214,62,60,2,2
65215,52,53,-1,1
65216,128,126,2,2
65217,168,154,14,14
65218,101,100,1,1
65219,106,113,-7,7
65220,191,171,20,20
65221,51,61,-10,10
65222,196,167,29,29
65223,92,96,-4,4
65224,47,46,1,1
65225,115,113,2,2
65226,70,76,-6,6
65227,84,90,-6,6
65228,145,132,13,13
65229,102,110,-8,8
65230,31,27,4,4
65231,65,76,-11,11
65232,92,90,2,2
65233,77,82,-5,5
65234,90,98,-8,8
65235,30,47,-17,17
65236,72,79,-7,7
65237,109,104,5,5
65238,148,139,9,9
65239,81,71,10,10
65240,75,72,3,3
65241,60,65,-5,5
65242,147,143,4,4
65243,95,79,16,16
65244,71,75,-4,4
65245,145,152,-7,7
65246,91,99,-8,8
65247,48,61,-13,13
65248,94,90,4,4
65249,86,88,-2,2
65250,70,76,-6,6
65251,120,121,-1,1
65252,117,118,-1,1
65253,118,98,20,20
65254,66,67,-1,1
65255,70,65,5,5
65256,51,52,-1,1
65257,80,87,-7,7
65258,78,85,-7,7
65259,136,129,7,7
65260,105,101,4,4
65261,94,87,7,7
65262,119,105,14,14
65263,119,112,7,7
65264,66,58,8,8
65265,133,129,4,4
65266,106,113,-7,7
65267,110,103,7,7
65268,109,109,0,0
65269,97,100,-3,3
65270,54,62,-8,8
65271,143,158,-15,15
65272,103,105,-2,2
65273,55,42,13,13
65274,72,72,0,0
65275,300,302,-2,2
65276,110,105,5,5
65277,120,126,-6,6
65278,114,126,-12,12
65279,65,65,0,0
65280,51,56,-5,5
65281,107,91,16,16
65282,86,92,-6,6
65283,91,98,-7,7
65284,102,87,15,15
65285,72,73,-1,1
65286,82,79,3,3
65287,134,127,7,7
65288,133,132,1,1
65289,79,79,0,0
65290,146,148,-2,2
65291,176,232,-56,56
65292,117,109,8,8
65293,82,81,1,1
65294,105,118,-13,13
65295,89,88,1,1
65296,72,90,-18,18
65297,71,67,4,4
65298,117,119,-2,2
65299,140,131,9,9
65300,80,90,-10,10
65301,53,58,-5,5
65302,185,181,4,4
65303,111,107,4,4
65304,92,94,-2,2
65305,91,85,6,6
65306,112,103,9,9
65307,59,58,1,1
65308,106,101,5,5
65309,53,64,-11,11
65310,132,124,8,8
65311,80,89,-9,9
65312,163,162,1,1
65313,58,53,5,5
65314,138,121,17,17
65315,173,167,6,6
65316,64,76,-12,12
65317,78,76,2,2
65318,101,108,-7,7
65319,103,103,0,0
65320,87,76,11,11
65321,105,105,0,0
65322,94,104,-10,10
65323,89,86,3,3
65324,63,74,-11,11
65325,92,86,6,6
65326,139,136,3,3
65327,78,80,-2,2
65328,58,81,-23,23
65329,77,80,-3,3
65330,71,143,-72,72
65331,154,157,-3,3
65332,93,89,4,4
65333,61,65,-4,4
65334,168,158,10,10
65335,139,131,8,8
65336,78,84,-6,6
65337,132,119,13,13
65338,56,55,1,1
65339,78,84,-6,6
65340,86,85,1,1
65341,68,68,0,0
65342,31,50,-19,19
65343,60,67,-7,7
65344,150,133,17,17
65345,117,112,5,5
65346,104,106,-2,2
65347,102,101,1,1
65348,77,90,-13,13
65349,64,67,-3,3
65350,103,99,4,4
65351,113,93,20,20
65352,96,99,-3,3
65353,114,99,15,15
65354,126,125,1,1
65355,106,101,5,5
65356,59,61,-2,2
65357,81,84,-3,3
65358,109,104,5,5
65359,121,133,-12,12
65360,70,70,0,0
65361,148,145,3,3
65362,94,115,-21,21
65363,127,119,8,8
65364,117,124,-7,7
65365,104,105,-1,1
65366,46,53,-7,7
65367,106,118,-12,12
65368,94,92,2,2
65369,124,116,8,8
65370,62,70,-8,8
65371,62,74,-12,12
65372,74,89,-15,15
65373,53,59,-6,6
65374,40,55,-15,15
65375,70,69,1,1
65376,60,68,-8,8
65377,45,46,-1,1
65378,111,110,1,1
65379,37,56,-19,19
65380,88,108,-20,20
65381,51,104,-53,53
65382,66,69,-3,3
65383,76,82,-6,6
65384,91,97,-6,6
65385,121,119,2,2
65386,135,130,5,5
65387,87,104,-17,17
65388,99,96,3,3
65389,106,94,12,12
65390,83,86,-3,3
65391,94,83,11,11
65392,76,75,1,1
65393,69,63,6,6
65394,100,108,-8,8
65395,118,108,10,10
65396,66,72,-6,6
65397,89,92,-3,3
65398,104,117,-13,13
65399,110,95,15,15
65400,106,95,11,11
65401,118,121,-3,3
65402,83,93,-10,10
65403,85,70,15,15
65404,73,91,-18,18
65405,72,66,6,6
65406,61,55,6,6
65407,59,61,-2,2
65408,114,135,-21,21
65409,68,68,0,0
65410,179,174,5,5
65411,70,72,-2,2
65412,91,89,2,2
65413,114,106,8,8
65414,108,108,0,0
65415,79,84,-5,5
65416,79,75,4,4
65417,125,129,-4,4
65418,117,103,14,14
65419,68,83,-15,15
65420,79,78,1,1
65421,103,112,-9,9
65422,207,186,21,21
65423,63,69,-6,6
65424,117,114,3,3
65425,63,69,-6,6
65426,71,87,-16,16
65427,74,87,-13,13
65428,55,61,-6,6
65429,170,153,17,17
65430,69,65,4,4
65431,51,57,-6,6
65432,55,60,-5,5
65433,73,69,4,4
65434,89,108,-19,19
65435,173,156,17,17
65436,119,124,-5,5
65437,85,89,-4,4
65438,94,93,1,1
65439,104,90,14,14
65440,96,101,-5,5
65441,61,69,-8,8
65442,86,89,-3,3
65443,95,89,6,6
65444,161,157,4,4
65445,80,77,3,3
65446,112,109,3,3
65447,75,80,-5,5
65448,141,125,16,16
65449,161,158,3,3
65450,99,96,3,3
65451,94,93,1,1
65452,146,134,12,12
65453,72,73,-1,1
65454,105,91,14,14
65455,69,82,-13,13
65456,113,116,-3,3
65457,132,107,25,25
65458,121,127,-6,6
65459,91,98,-7,7
65460,70,65,5,5
65461,96,95,1,1
65462,155,152,3,3
65463,130,133,-3,3
65464,186,162,24,24
65465,96,82,14,14
65466,146,162,-16,16
65467,113,103,10,10
65468,86,91,-5,5
65469,104,98,6,6
65470,66,66,0,0
65471,96,99,-3,3
65472,88,80,8,8
65473,111,101,10,10
65474,146,131,15,15
65475,86,65,21,21
65476,46,46,0,0
65477,72,68,4,4
65478,170,155,15,15
65479,35,39,-4,4
65480,90,89,1,1
65481,143,143,0,0
65482,157,144,13,13
65483,62,72,-10,10
65484,65,68,-3,3
65485,75,58,17,17
65486,89,86,3,3
65487,82,75,7,7
65488,80,87,-7,7
65489,56,57,-1,1
65490,76,71,5,5
65491,113,118,-5,5
65492,104,110,-6,6
65493,99,96,3,3
65494,62,70,-8,8
65495,140,135,5,5
65496,76,84,-8,8
65497,114,107,7,7
65498,108,120,-12,12
65499,81,71,10,10
65500,63,63,0,0
65501,125,119,6,6
65502,70,62,8,8
65503,90,93,-3,3
65504,37,50,-13,13
65505,92,97,-5,5
65506,96,92,4,4
65507,85,83,2,2
65508,106,110,-4,4
65509,86,88,-2,2
65510,101,93,8,8
65511,101,92,9,9
65512,100,103,-3,3
65513,105,99,6,6
65514,71,77,-6,6
65515,58,51,7,7
65516,179,170,9,9
65517,106,105,1,1
65518,89,89,0,0
65519,84,84,0,0
65520,113,100,13,13
65521,129,115,14,14
65522,87,91,-4,4
65523,122,120,2,2
65524,109,104,5,5
65525,78,77,1,1
65526,96,92,4,4
65527,176,159,17,17
65528,114,108,6,6
65529,89,77,12,12
65530,115,105,10,10
65531,73,70,3,3
65532,68,71,-3,3
65533,148,142,6,6
65534,70,71,-1,1
65535,108,102,6,6
65536,60,58,2,2
65537,98,89,9,9
65538,47,56,-9,9
65539,84,97,-13,13
65540,60,57,3,3
65541,119,123,-4,4
65542,66,72,-6,6
65543,115,106,9,9
65544,172,152,20,20
65545,105,90,15,15
65546,83,80,3,3
65547,75,74,1,1
65548,48,49,-1,1
65549,100,105,-5,5
65550,59,72,-13,13
65551,67,64,3,3
65552,103,112,-9,9
65553,48,57,-9,9
65554,108,116,-8,8
65555,77,70,7,7
65556,126,122,4,4
65557,82,98,-16,16
65558,38,50,-12,12
65559,99,91,8,8
65560,56,68,-12,12
65561,131,123,8,8
65562,96,85,11,11
65563,83,86,-3,3
65564,120,110,10,10
65565,102,90,12,12
65566,93,92,1,1
65567,127,118,9,9
65568,67,63,4,4
65569,98,90,8,8
65570,77,71,6,6
65571,84,87,-3,3
65572,96,96,0,0
65573,118,123,-5,5
65574,84,84,0,0
65575,70,83,-13,13
65576,100,109,-9,9
65577,118,118,0,0
65578,54,76,-22,22
65579,170,152,18,18
65580,91,103,-12,12
65581,86,79,7,7
65582,82,84,-2,2
65583,123,122,1,1
65584,94,89,5,5
65585,86,81,5,5
65586,142,156,-14,14
65587,132,111,21,21
65588,140,142,-2,2
65589,177,150,27,27
65590,54,56,-2,2
65591,51,57,-6,6
65592,130,119,11,11
65593,71,71,0,0
65594,61,53,8,8
65595,93,97,-4,4
65596,93,97,-4,4
65597,83,89,-6,6
65598,104,89,15,15
65599,93,101,-8,8
65600,88,82,6,6
65601,89,96,-7,7
65602,154,158,-4,4
65603,53,70,-17,17
65604,85,85,0,0
65605,89,101,-12,12
65606,107,108,-1,1
65607,102,107,-5,5
65608,88,91,-3,3
65609,35,42,-7,7
65610,118,109,9,9
65611,63,63,0,0
65612,56,62,-6,6
65613,41,41,0,0
65614,108,107,1,1
65615,137,130,7,7
65616,70,69,1,1
65617,131,142,-11,11
65618,83,85,-2,2
65619,87,85,2,2
65620,87,97,-10,10
65621,134,131,3,3
65622,108,97,11,11
65623,73,93,-20,20
65624,110,107,3,3
65625,100,87,13,13
65626,57,93,-36,36
65627,101,95,6,6
65628,124,119,5,5
65629,100,103,-3,3
65630,116,116,0,0
65631,124,109,15,15
65632,119,120,-1,1
65633,95,115,-20,20
65634,131,117,14,14
65635,46,53,-7,7
65636,119,110,9,9
65637,86,81,5,5
65638,148,152,-4,4
65639,63,57,6,6
65640,84,67,17,17
65641,88,88,0,0
65642,125,108,17,17
65643,180,157,23,23
65644,92,97,-5,5
65645,73,76,-3,3
65646,54,58,-4,4
65647,125,121,4,4
65648,158,155,3,3
65649,115,116,-1,1
65650,176,168,8,8
65651,71,92,-21,21
65652,109,118,-9,9
65653,115,112,3,3
65654,135,119,16,16
65655,75,73,2,2
65656,71,76,-5,5
65657,74,86,-12,12
65658,123,126,-3,3
65659,85,91,-6,6
65660,124,127,-3,3
65661,51,52,-1,1
65662,53,68,-15,15
65663,97,105,-8,8
65664,92,95,-3,3
65665,122,127,-5,5
65666,183,168,15,15
65667,94,93,1,1
65668,151,135,16,16
65669,65,64,1,1
65670,146,145,1,1
65671,68,75,-7,7
65672,186,143,43,43
65673,121,116,5,5
65674,77,76,1,1
65675,99,104,-5,5
65676,102,101,1,1
65677,80,81,-1,1
65678,123,117,6,6
65679,90,97,-7,7
65680,96,98,-2,2
65681,119,101,18,18
65682,136,134,2,2
65683,84,84,0,0
65684,135,132,3,3
65685,84,104,-20,20
65686,56,57,-1,1
65687,81,83,-2,2
65688,69,61,8,8
65689,89,74,15,15
65690,105,103,2,2
65691,113,116,-3,3
65692,79,76,3,3
65693,167,156,11,11
65694,85,81,4,4
65695,80,86,-6,6
65696,72,74,-2,2
65697,129,124,5,5
65698,155,135,20,20
65699,53,52,1,1
65700,48,48,0,0
65701,45,47,-2,2
65702,55,61,-6,6
65703,99,99,0,0
65704,91,94,-3,3
65705,75,76,-1,1
65706,84,88,-4,4
65707,38,48,-10,10
65708,41,44,-3,3
65709,86,80,6,6
65710,76,88,-12,12
65711,53,60,-7,7
65712,63,63,0,0
65713,79,79,0,0
65714,145,137,8,8
65715,97,109,-12,12
65716,120,114,6,6
65717,74,88,-14,14
65718,96,95,1,1
65719,101,92,9,9
65720,94,102,-8,8
65721,92,75,17,17
65722,83,67,16,16
65723,122,109,13,13
65724,57,56,1,1
65725,56,68,-12,12
65726,123,115,8,8
65727,104,103,1,1
65728,147,130,17,17
65729,190,190,0,0
65730,120,121,-1,1
65731,173,163,10,10
65732,52,52,0,0
65733,134,116,18,18
65734,110,104,6,6
65735,84,77,7,7
65736,92,90,2,2
65737,112,118,-6,6
65738,60,50,10,10
65739,76,80,-4,4
65740,159,139,20,20
65741,61,72,-11,11
65742,141,143,-2,2
65743,107,104,3,3
65744,103,85,18,18
65745,129,124,5,5
65746,61,66,-5,5
65747,77,72,5,5
65748,84,86,-2,2
65749,78,78,0,0
65750,47,53,-6,6
65751,140,125,15,15
65752,56,61,-5,5
65753,154,129,25,25
65754,77,87,-10,10
65755,85,74,11,11
65756,104,111,-7,7
65757,70,86,-16,16
65758,71,73,-2,2
65759,63,61,2,2
65760,84,83,1,1
65761,110,99,11,11
65762,88,101,-13,13
65763,74,69,5,5
65764,72,78,-6,6
65765,46,45,1,1
65766,94,95,-1,1
65767,93,103,-10,10
65768,63,56,7,7
65769,100,102,-2,2
65770,71,66,5,5
65771,113,116,-3,3
65772,88,85,3,3
65773,83,74,9,9
65774,76,78,-2,2
65775,83,72,11,11
65776,153,135,18,18
65777,134,136,-2,2
65778,91,85,6,6
65779,56,76,-20,20
65780,89,95,-6,6
65781,51,52,-1,1
65782,121,112,9,9
65783,107,112,-5,5
65784,97,144,-47,47
65785,79,79,0,0
65786,115,112,3,3
65787,60,72,-12,12
65788,105,103,2,2
65789,65,69,-4,4
65790,57,59,-2,2
65791,169,172,-3,3
65792,92,100,-8,8
65793,104,112,-8,8
65794,68,66,2,2
65795,72,70,2,2
65796,92,88,4,4
65797,124,126,-2,2
65798,85,80,5,5
65799,123,123,0,0
65800,112,100,12,12
65801,138,153,-15,15
65802,205,214,-9,9
65803,88,88,0,0
65804,82,77,5,5
65805,77,79,-2,2
65806,68,66,2,2
65807,125,120,5,5
65808,87,90,-3,3
65809,112,107,5,5
65810,66,76,-10,10
65811,132,124,8,8
65812,136,121,15,15
65813,232,235,-3,3
65814,63,65,-2,2
65815,77,86,-9,9
65816,121,116,5,5
65817,161,157,4,4
65818,200,167,33,33
65819,65,67,-2,2
65820,104,97,7,7
65821,129,116,13,13
65822,129,174,-45,45
65823,123,109,14,14
65824,72,77,-5,5
65825,59,61,-2,2
65826,94,97,-3,3
65827,102,118,-16,16
65828,74,81,-7,7
65829,64,64,0,0
65830,48,61,-13,13
65831,80,82,-2,2
65832,112,107,5,5
65833,67,126,-59,59
65834,79,90,-11,11
65835,79,86,-7,7
65836,51,51,0,0
65837,213,188,25,25
65838,116,119,-3,3
65839,82,85,-3,3
65840,88,89,-1,1
65841,154,164,-10,10
65842,93,90,3,3
65843,115,111,4,4
65844,58,61,-3,3
65845,89,103,-14,14
65846,69,66,3,3
65847,124,113,11,11
65848,87,86,1,1
65849,114,110,4,4
65850,75,82,-7,7
65851,46,64,-18,18
65852,54,74,-20,20
65853,63,58,5,5
65854,54,54,0,0
65855,70,73,-3,3
65856,98,90,8,8
65857,74,79,-5,5
65858,76,75,1,1
65859,80,81,-1,1
65860,73,130,-57,57
65861,108,109,-1,1
65862,100,98,2,2
65863,64,62,2,2
65864,101,101,0,0
65865,75,73,2,2
65866,66,78,-12,12
65867,142,141,1,1
65868,47,53,-6,6
65869,71,62,9,9
65870,26,52,-26,26
65871,53,56,-3,3
65872,133,128,5,5
65873,96,105,-9,9
65874,91,95,-4,4
65875,83,78,5,5
65876,103,109,-6,6
65877,89,81,8,8
65878,90,88,2,2
65879,95,98,-3,3
65880,32,29,3,3
65881,72,79,-7,7
65882,99,83,16,16
65883,115,116,-1,1
65884,86,92,-6,6
65885,93,112,-19,19
65886,129,117,12,12
65887,92,86,6,6
65888,114,116,-2,2
65889,84,94,-10,10
65890,93,92,1,1
65891,89,107,-18,18
65892,59,63,-4,4
65893,63,72,-9,9
65894,59,65,-6,6
65895,115,117,-2,2
65896,144,128,16,16
65897,76,77,-1,1
65898,112,107,5,5
65899,118,136,-18,18
65900,80,96,-16,16
65901,106,99,7,7
65902,92,106,-14,14
65903,65,68,-3,3
65904,130,140,-10,10
65905,108,102,6,6
65906,44,52,-8,8
65907,101,103,-2,2
65908,72,70,2,2
65909,67,73,-6,6
65910,73,79,-6,6
65911,184,172,12,12
65912,83,84,-1,1
65913,77,84,-7,7
65914,113,118,-5,5
65915,46,44,2,2
65916,101,105,-4,4
65917,92,96,-4,4
65918,122,117,5,5
65919,67,63,4,4
65920,134,123,11,11
65921,82,86,-4,4
65922,142,146,-4,4
65923,101,91,10,10
65924,119,129,-10,10
65925,44,57,-13,13
65926,105,106,-1,1
65927,99,100,-1,1
65928,127,125,2,2
65929,76,74,2,2
65930,107,95,12,12
65931,104,122,-18,18
65932,104,96,8,8
65933,100,104,-4,4
65934,106,107,-1,1
65935,66,60,6,6
65936,154,145,9,9
65937,124,126,-2,2
65938,118,119,-1,1
65939,79,81,-2,2
65940,76,79,-3,3
65941,89,98,-9,9
65942,67,77,-10,10
65943,104,106,-2,2
65944,108,84,24,24
65945,76,74,2,2
65946,47,50,-3,3
65947,98,107,-9,9
65948,137,148,-11,11
65949,111,106,5,5
65950,62,45,17,17
65951,37,47,-10,10
65952,69,66,3,3
65953,115,120,-5,5
65954,98,100,-2,2
65955,62,77,-15,15
65956,94,87,7,7
65957,46,62,-16,16
65958,97,90,7,7
65959,108,99,9,9
65960,124,122,2,2
65961,74,89,-15,15
65962,113,114,-1,1
65963,96,96,0,0
65964,135,130,5,5
65965,81,83,-2,2
65966,101,105,-4,4
65967,109,114,-5,5
65968,121,119,2,2
65969,62,59,3,3
65970,105,121,-16,16
65971,105,94,11,11
65972,96,83,13,13
65973,90,63,27,27
65974,81,76,5,5
65975,137,123,14,14
65976,86,85,1,1
65977,86,88,-2,2
65978,105,106,-1,1
65979,120,110,10,10
65980,70,58,12,12
65981,90,82,8,8
65982,90,94,-4,4
65983,79,82,-3,3
65984,62,70,-8,8
65985,56,69,-13,13
65986,62,65,-3,3
65987,123,105,18,18
65988,108,109,-1,1
65989,73,78,-5,5
65990,92,85,7,7
65991,97,91,6,6
65992,94,95,-1,1
65993,119,120,-1,1
65994,125,121,4,4
65995,252,248,4,4
65996,124,123,1,1
65997,76,89,-13,13
65998,120,122,-2,2
65999,83,81,2,2
66000,82,81,1,1
66001,93,97,-4,4
66002,56,66,-10,10
66003,78,86,-8,8
66004,121,172,-51,51
66005,100,87,13,13
66006,91,78,13,13
66007,66,63,3,3
66008,62,56,6,6
66009,72,74,-2,2
66010,77,85,-8,8
66011,93,91,2,2
66012,176,164,12,12
66013,55,61,-6,6
66014,75,80,-5,5
66015,60,60,0,0
66016,143,146,-3,3
66017,117,127,-10,10
66018,36,53,-17,17
66019,45,53,-8,8
66020,96,101,-5,5
66021,81,89,-8,8
66022,106,100,6,6
66023,83,97,-14,14
66024,105,103,2,2
66025,80,84,-4,4
66026,43,48,-5,5
66027,103,110,-7,7
66028,134,129,5,5
66029,53,57,-4,4
66030,115,116,-1,1
66031,157,136,21,21
66032,67,90,-23,23
66033,104,122,-18,18
66034,148,147,1,1
66035,116,111,5,5
66036,100,91,9,9
66037,63,84,-21,21
66038,71,77,-6,6
66039,71,65,6,6
66040,67,78,-11,11
66041,105,107,-2,2
66042,102,103,-1,1
66043,53,58,-5,5
66044,71,75,-4,4
66045,115,133,-18,18
66046,105,109,-4,4
66047,62,83,-21,21
66048,119,105,14,14
66049,151,164,-13,13
66050,55,66,-11,11
66051,76,83,-7,7
66052,37,50,-13,13
66053,126,94,32,32
66054,116,95,21,21
66055,119,120,-1,1
66056,86,84,2,2
66057,64,71,-7,7
66058,53,53,0,0
66059,108,100,8,8
66060,118,115,3,3
66061,126,126,0,0
66062,71,62,9,9
66063,99,91,8,8
66064,49,57,-8,8
66065,87,92,-5,5
66066,75,66,9,9
66067,89,87,2,2
66068,94,87,7,7
66069,100,102,-2,2
66070,80,81,-1,1
66071,78,68,10,10
66072,65,72,-7,7
66073,104,99,5,5
66074,111,122,-11,11
66075,182,151,31,31
66076,69,77,-8,8
66077,67,59,8,8
66078,99,122,-23,23
66079,82,81,1,1
66080,99,89,10,10
66081,66,76,-10,10
66082,162,153,9,9
66083,142,133,9,9
66084,84,90,-6,6
66085,70,88,-18,18
66086,106,101,5,5
66087,57,57,0,0
66088,89,84,5,5
66089,119,114,5,5
66090,90,84,6,6
66091,59,65,-6,6
66092,80,79,1,1
66093,113,98,15,15
66094,47,49,-2,2
66095,72,69,3,3
66096,178,177,1,1
66097,76,78,-2,2
66098,96,95,1,1
66099,83,79,4,4
66100,63,78,-15,15
66101,144,142,2,2
66102,42,59,-17,17
66103,52,55,-3,3
66104,125,111,14,14
66105,63,65,-2,2
66106,69,59,10,10
66107,78,75,3,3
66108,63,91,-28,28
66109,80,93,-13,13
66110,101,103,-2,2
66111,187,152,35,35
66112,163,152,11,11
66113,109,117,-8,8
66114,101,118,-17,17
66115,86,83,3,3
66116,72,87,-15,15
66117,142,190,-48,48
66118,99,88,11,11
66119,64,69,-5,5
66120,79,76,3,3
66121,85,83,2,2
66122,107,93,14,14
66123,97,104,-7,7
66124,116,110,6,6
66125,67,70,-3,3
66126,89,106,-17,17
66127,122,100,22,22
66128,140,130,10,10
66129,62,56,6,6
66130,119,133,-14,14
66131,117,110,7,7
66132,104,117,-13,13
66133,47,50,-3,3
66134,73,81,-8,8
66135,159,144,15,15
66136,101,100,1,1
66137,77,59,18,18
66138,58,58,0,0
66139,78,86,-8,8
66140,97,92,5,5
66141,76,73,3,3
66142,88,88,0,0
66143,64,57,7,7
66144,81,87,-6,6
66145,69,63,6,6
66146,115,129,-14,14
66147,65,93,-28,28
66148,76,60,16,16
66149,58,76,-18,18
66150,33,37,-4,4
66151,133,123,10,10
66152,45,68,-23,23
66153,123,115,8,8
66154,100,101,-1,1
66155,82,82,0,0
66156,83,83,0,0
66157,117,110,7,7
66158,74,72,2,2
66159,103,98,5,5
66160,72,72,0,0
66161,142,129,13,13
66162,121,109,12,12
66163,82,83,-1,1
66164,80,75,5,5
66165,100,97,3,3
66166,164,157,7,7
66167,95,93,2,2
66168,57,55,2,2
66169,81,66,15,15
66170,39,33,6,6
66171,123,117,6,6
66172,127,118,9,9
66173,82,78,4,4
66174,105,107,-2,2
66175,72,68,4,4
66176,37,40,-3,3
66177,85,86,-1,1
66178,152,146,6,6
66179,80,78,2,2
66180,55,55,0,0
66181,76,84,-8,8
66182,21,46,-25,25
66183,220,210,10,10
66184,159,142,17,17
66185,90,93,-3,3
66186,148,152,-4,4
66187,102,101,1,1
66188,83,84,-1,1
66189,80,92,-12,12
66190,100,85,15,15
66191,111,97,14,14
66192,79,86,-7,7
66193,82,74,8,8
66194,82,81,1,1
66195,197,197,0,0
66196,188,168,20,20
66197,177,182,-5,5
66198,76,76,0,0
66199,157,170,-13,13
66200,49,57,-8,8
66201,44,37,7,7
66202,66,79,-13,13
66203,156,149,7,7
66204,111,117,-6,6
66205,69,81,-12,12
66206,188,182,6,6
66207,126,114,12,12
66208,73,74,-1,1
66209,111,105,6,6
66210,94,92,2,2
66211,57,70,-13,13
66212,132,114,18,18
66213,164,159,5,5
66214,55,63,-8,8
66215,139,139,0,0
66216,77,77,0,0
66217,43,53,-10,10
66218,96,93,3,3
66219,88,85,3,3
66220,74,85,-11,11
66221,81,78,3,3
66222,84,88,-4,4
66223,100,94,6,6
66224,108,88,20,20
66225,44,58,-14,14
66226,77,87,-10,10
66227,79,84,-5,5
66228,111,112,-1,1
66229,86,95,-9,9
66230,61,53,8,8
66231,85,82,3,3
66232,45,45,0,0
66233,81,70,11,11
66234,159,137,22,22
66235,80,81,-1,1
66236,94,81,13,13
66237,89,88,1,1
66238,96,92,4,4
66239,95,79,16,16
66240,127,111,16,16
66241,71,67,4,4
66242,68,63,5,5
66243,80,84,-4,4
66244,122,117,5,5
66245,136,134,2,2
66246,95,88,7,7
66247,89,93,-4,4
66248,88,96,-8,8
66249,44,44,0,0
66250,121,109,12,12
66251,47,53,-6,6
66252,72,71,1,1
66253,72,80,-8,8
66254,145,169,-24,24
66255,77,82,-5,5
66256,129,148,-19,19
66257,65,73,-8,8
66258,121,118,3,3
66259,92,85,7,7
66260,100,104,-4,4
66261,36,59,-23,23
66262,122,115,7,7
66263,112,101,11,11
66264,76,73,3,3
66265,112,121,-9,9
66266,75,77,-2,2
66267,81,80,1,1
66268,102,84,18,18
66269,43,47,-4,4
66270,92,97,-5,5
66271,118,107,11,11
66272,73,76,-3,3
66273,179,182,-3,3
66274,63,70,-7,7
66275,128,136,-8,8
66276,161,160,1,1
66277,178,160,18,18
66278,90,89,1,1
66279,74,68,6,6
66280,74,77,-3,3
66281,95,103,-8,8
66282,98,97,1,1
66283,94,94,0,0
66284,115,124,-9,9
66285,131,134,-3,3
66286,99,84,15,15
66287,87,89,-2,2
66288,74,70,4,4
66289,56,65,-9,9
66290,58,60,-2,2
66291,77,89,-12,12
66292,122,109,13,13
66293,70,76,-6,6
66294,40,49,-9,9
66295,106,111,-5,5
66296,100,102,-2,2
66297,73,76,-3,3
66298,72,82,-10,10
66299,99,102,-3,3
66300,135,146,-11,11
66301,184,156,28,28
66302,50,71,-21,21
66303,77,74,3,3
66304,48,53,-5,5
66305,76,64,12,12
66306,87,97,-10,10
66307,137,136,1,1
66308,110,119,-9,9
66309,84,83,1,1
66310,74,81,-7,7
66311,83,78,5,5
66312,76,89,-13,13
66313,107,135,-28,28
66314,78,73,5,5
66315,87,88,-1,1
66316,64,66,-2,2
66317,60,63,-3,3
66318,94,95,-1,1
66319,80,75,5,5
66320,50,67,-17,17
66321,54,51,3,3
66322,65,61,4,4
66323,101,115,-14,14
66324,89,82,7,7
66325,127,128,-1,1
66326,59,62,-3,3
66327,90,94,-4,4
66328,77,78,-1,1
66329,100,109,-9,9
66330,103,106,-3,3
66331,33,60,-27,27
66332,61,73,-12,12
66333,63,81,-18,18
66334,47,58,-11,11
66335,51,52,-1,1
66336,141,143,-2,2
66337,74,69,5,5
66338,74,74,0,0
66339,85,81,4,4
66340,149,132,17,17
66341,90,91,-1,1
66342,79,95,-16,16
66343,93,107,-14,14
66344,79,85,-6,6
66345,146,143,3,3
66346,81,74,7,7
66347,83,107,-24,24
66348,196,190,6,6
66349,114,108,6,6
66350,102,97,5,5
66351,140,128,12,12
66352,46,49,-3,3
66353,189,182,7,7
66354,102,100,2,2
66355,96,91,5,5
66356,73,89,-16,16
66357,131,132,-1,1
66358,143,124,19,19
66359,94,124,-30,30
66360,95,94,1,1
66361,131,127,4,4
66362,138,125,13,13
66363,55,63,-8,8
66364,40,53,-13,13
66365,97,87,10,10
66366,70,79,-9,9
66367,95,87,8,8
66368,86,78,8,8
66369,107,103,4,4
66370,45,50,-5,5
66371,107,108,-1,1
66372,77,73,4,4
66373,75,64,11,11
66374,85,77,8,8
66375,81,90,-9,9
66376,100,82,18,18
66377,65,76,-11,11
66378,57,66,-9,9
66379,61,59,2,2
66380,79,67,12,12
66381,104,103,1,1
66382,106,111,-5,5
66383,55,60,-5,5
66384,100,96,4,4
66385,89,88,1,1
66386,73,72,1,1
66387,77,80,-3,3
66388,59,64,-5,5
66389,71,71,0,0
66390,52,64,-12,12
66391,58,58,0,0
66392,72,66,6,6
66393,90,87,3,3
66394,57,69,-12,12
66395,82,101,-19,19
66396,92,84,8,8
66397,88,80,8,8
66398,49,62,-13,13
66399,91,93,-2,2
66400,171,166,5,5
66401,75,98,-23,23
66402,82,81,1,1
66403,74,71,3,3
66404,116,123,-7,7
66405,95,90,5,5
66406,116,103,13,13
66407,74,109,-35,35
66408,100,94,6,6
66409,81,88,-7,7
66410,141,154,-13,13
66411,113,112,1,1
66412,100,98,2,2
66413,80,72,8,8
66414,96,89,7,7
66415,83,85,-2,2
66416,68,75,-7,7
66417,66,66,0,0
66418,73,77,-4,4
66419,169,163,6,6
66420,119,97,22,22
66421,82,100,-18,18
66422,85,87,-2,2
66423,92,103,-11,11
66424,92,98,-6,6
66425,164,142,22,22
66426,131,134,-3,3
66427,106,118,-12,12
66428,72,77,-5,5
66429,54,57,-3,3
66430,75,76,-1,1
66431,62,51,11,11
66432,89,88,1,1
66433,63,64,-1,1
66434,87,79,8,8
66435,136,114,22,22
66436,79,77,2,2
66437,86,84,2,2
66438,71,79,-8,8
66439,68,60,8,8
66440,127,114,13,13
66441,78,90,-12,12
66442,43,50,-7,7
66443,82,83,-1,1
66444,61,69,-8,8
66445,91,98,-7,7
66446,78,83,-5,5
66447,121,117,4,4
66448,83,83,0,0
66449,169,172,-3,3
66450,56,65,-9,9
66451,78,60,18,18
66452,73,79,-6,6
66453,66,64,2,2
66454,67,62,5,5
66455,69,55,14,14
66456,96,97,-1,1
66457,118,111,7,7
66458,67,65,2,2
66459,58,52,6,6
66460,77,67,10,10
66461,164,142,22,22
66462,57,58,-1,1
66463,98,97,1,1
66464,97,94,3,3
66465,58,63,-5,5
66466,107,115,-8,8
66467,70,70,0,0
66468,121,125,-4,4
66469,144,125,19,19
66470,157,153,4,4
66471,113,117,-4,4
66472,66,71,-5,5
66473,47,89,-42,42
66474,106,104,2,2
66475,77,91,-14,14
66476,180,181,-1,1
66477,55,66,-11,11
66478,57,64,-7,7
66479,104,107,-3,3
66480,120,120,0,0
66481,124,119,5,5
66482,157,149,8,8
66483,185,171,14,14
66484,63,63,0,0
66485,158,139,19,19
66486,161,159,2,2
66487,61,64,-3,3
66488,104,109,-5,5
66489,65,71,-6,6
66490,174,168,6,6
66491,52,57,-5,5
66492,118,118,0,0
66493,89,82,7,7
66494,88,82,6,6
66495,88,87,1,1
66496,62,66,-4,4
66497,67,60,7,7
66498,118,103,15,15
66499,113,115,-2,2
66500,99,99,0,0
66501,68,79,-11,11
66502,50,54,-4,4
66503,123,116,7,7
66504,97,87,10,10
66505,93,106,-13,13
66506,132,133,-1,1
66507,70,71,-1,1
66508,65,65,0,0
66509,80,91,-11,11
66510,79,83,-4,4
66511,96,89,7,7
66512,69,81,-12,12
66513,142,143,-1,1
66514,126,125,1,1
66515,88,103,-15,15
66516,57,63,-6,6
66517,68,66,2,2
66518,97,109,-12,12
66519,128,120,8,8
66520,129,148,-19,19
66521,92,87,5,5
66522,146,143,3,3
66523,83,81,2,2
66524,92,85,7,7
66525,207,196,11,11
66526,40,57,-17,17
66527,92,96,-4,4
66528,95,106,-11,11
66529,107,99,8,8
66530,51,58,-7,7
66531,210,194,16,16
66532,73,76,-3,3
66533,103,102,1,1
66534,120,108,12,12
66535,132,111,21,21
66536,112,105,7,7
66537,86,80,6,6
66538,195,187,8,8
66539,69,73,-4,4
66540,91,94,-3,3
66541,57,66,-9,9
66542,112,105,7,7
66543,72,80,-8,8
66544,90,82,8,8
66545,99,105,-6,6
66546,46,41,5,5
66547,51,59,-8,8
66548,107,99,8,8
66549,156,157,-1,1
66550,61,63,-2,2
66551,88,94,-6,6
66552,107,106,1,1
66553,121,99,22,22
66554,89,79,10,10
66555,99,103,-4,4
66556,87,94,-7,7
66557,46,47,-1,1
66558,152,150,2,2
66559,67,71,-4,4
66560,164,172,-8,8
66561,68,67,1,1
66562,94,112,-18,18
66563,60,72,-12,12
66564,205,186,19,19
66565,92,83,9,9
66566,95,89,6,6
66567,67,58,9,9
66568,55,61,-6,6
66569,151,128,23,23
66570,160,151,9,9
66571,29,46,-17,17
66572,108,108,0,0
66573,112,120,-8,8
66574,109,176,-67,67
66575,86,80,6,6
66576,75,76,-1,1
66577,60,65,-5,5
66578,64,72,-8,8
66579,64,93,-29,29
66580,110,105,5,5
66581,81,81,0,0
66582,79,76,3,3
66583,124,119,5,5
66584,94,101,-7,7
66585,73,96,-23,23
66586,111,104,7,7
66587,107,107,0,0
66588,71,66,5,5
66589,125,128,-3,3
66590,123,114,9,9
66591,63,60,3,3
66592,98,94,4,4
66593,101,94,7,7
66594,129,134,-5,5
66595,96,91,5,5
66596,58,58,0,0
66597,162,155,7,7
66598,48,44,4,4
66599,151,131,20,20
66600,67,70,-3,3
66601,122,117,5,5
66602,100,102,-2,2
66603,135,137,-2,2
66604,213,188,25,25
66605,129,132,-3,3
66606,61,66,-5,5
66607,70,74,-4,4
66608,88,103,-15,15
66609,75,77,-2,2
66610,159,158,1,1
66611,100,102,-2,2
66612,75,73,2,2
66613,120,123,-3,3
66614,70,77,-7,7
66615,129,108,21,21
66616,124,125,-1,1
66617,105,105,0,0
66618,60,52,8,8
66619,76,78,-2,2
66620,64,73,-9,9
66621,145,167,-22,22
66622,95,109,-14,14
66623,104,113,-9,9
66624,148,140,8,8
66625,126,117,9,9
66626,142,132,10,10
66627,67,72,-5,5
66628,96,103,-7,7
66629,114,113,1,1
66630,47,62,-15,15
66631,125,147,-22,22
66632,66,76,-10,10
66633,203,211,-8,8
66634,58,63,-5,5
66635,114,104,10,10
66636,100,121,-21,21
66637,92,105,-13,13
66638,114,124,-10,10
66639,67,76,-9,9
66640,56,55,1,1
66641,78,65,13,13
66642,62,67,-5,5
66643,77,91,-14,14
66644,104,97,7,7
66645,37,36,1,1
66646,94,87,7,7
66647,108,98,10,10
66648,42,46,-4,4
66649,106,103,3,3
66650,74,74,0,0
66651,116,102,14,14
66652,77,60,17,17
66653,123,134,-11,11
66654,89,92,-3,3
66655,74,86,-12,12
66656,118,122,-4,4
66657,73,77,-4,4
66658,69,87,-18,18
66659,79,75,4,4
66660,58,70,-12,12
66661,172,159,13,13
66662,118,110,8,8
66663,140,142,-2,2
66664,124,125,-1,1
66665,111,93,18,18
66666,88,106,-18,18
66667,90,123,-33,33
66668,59,52,7,7
66669,139,136,3,3
66670,125,120,5,5
66671,64,62,2,2
66672,147,136,11,11
66673,50,59,-9,9
66674,81,81,0,0
66675,105,99,6,6
66676,63,69,-6,6
66677,87,89,-2,2
66678,90,78,12,12
66679,47,49,-2,2
66680,134,133,1,1
66681,61,66,-5,5
66682,73,83,-10,10
66683,73,68,5,5
66684,78,83,-5,5
66685,134,130,4,4
66686,51,49,2,2
66687,108,109,-1,1
66688,96,99,-3,3
66689,54,56,-2,2
66690,122,120,2,2
66691,129,131,-2,2
66692,86,79,7,7
66693,114,112,2,2
66694,70,69,1,1
66695,79,87,-8,8
66696,56,62,-6,6
66697,66,62,4,4
66698,89,87,2,2
66699,106,111,-5,5
66700,77,74,3,3
66701,82,86,-4,4
66702,63,85,-22,22
66703,87,85,2,2
66704,119,126,-7,7
66705,146,130,16,16
66706,71,62,9,9
66707,70,91,-21,21
66708,82,77,5,5
66709,72,76,-4,4
66710,91,87,4,4
66711,57,77,-20,20
66712,68,67,1,1
66713,92,91,1,1
66714,71,69,2,2
66715,100,102,-2,2
66716,106,102,4,4
66717,64,61,3,3
66718,58,60,-2,2
66719,74,77,-3,3
66720,104,114,-10,10
66721,133,128,5,5
66722,59,71,-12,12
66723,77,78,-1,1
66724,90,89,1,1
66725,116,90,26,26
66726,94,82,12,12
66727,102,105,-3,3
66728,130,120,10,10
66729,115,108,7,7
66730,79,71,8,8
66731,151,148,3,3
66732,88,101,-13,13
66733,188,177,11,11
66734,91,94,-3,3
66735,81,73,8,8
66736,74,78,-4,4
66737,80,88,-8,8
66738,125,123,2,2
66739,140,135,5,5
66740,60,63,-3,3
66741,45,47,-2,2
66742,65,68,-3,3
66743,120,121,-1,1
66744,105,112,-7,7
66745,136,135,1,1
66746,31,53,-22,22
66747,77,80,-3,3
66748,79,96,-17,17
66749,96,101,-5,5
66750,40,66,-26,26
66751,54,58,-4,4
66752,94,87,7,7
66753,83,109,-26,26
66754,54,54,0,0
66755,92,89,3,3
66756,146,126,20,20
66757,172,157,15,15
66758,62,62,0,0
66759,155,151,4,4
66760,111,103,8,8
66761,99,96,3,3
66762,126,119,7,7
66763,55,59,-4,4
66764,202,192,10,10
66765,60,78,-18,18
66766,97,85,12,12
66767,111,115,-4,4
66768,114,112,2,2
66769,81,74,7,7
66770,35,45,-10,10
66771,88,92,-4,4
66772,62,78,-16,16
66773,84,89,-5,5
66774,96,93,3,3
66775,105,108,-3,3
66776,67,74,-7,7
66777,68,78,-10,10
66778,75,76,-1,1
66779,64,70,-6,6
66780,165,146,19,19
66781,92,131,-39,39
66782,136,117,19,19
66783,93,91,2,2
66784,58,54,4,4
66785,72,76,-4,4
66786,87,84,3,3
66787,53,56,-3,3
66788,138,121,17,17
66789,98,99,-1,1
66790,81,87,-6,6
66791,82,81,1,1
66792,140,156,-16,16
66793,92,84,8,8
66794,116,115,1,1
66795,169,155,14,14
66796,76,87,-11,11
66797,70,71,-1,1
66798,206,178,28,28
66799,118,116,2,2
66800,82,89,-7,7
66801,143,125,18,18
66802,113,101,12,12
66803,82,84,-2,2
66804,72,74,-2,2
66805,53,55,-2,2
66806,38,56,-18,18
66807,102,104,-2,2
66808,98,102,-4,4
66809,60,57,3,3
66810,133,123,10,10
66811,108,103,5,5
66812,103,97,6,6
66813,58,61,-3,3
66814,80,80,0,0
66815,72,77,-5,5
66816,103,94,9,9
66817,115,119,-4,4
66818,66,70,-4,4
66819,134,136,-2,2
66820,129,119,10,10
66821,82,76,6,6
66822,92,87,5,5
66823,72,69,3,3
66824,156,143,13,13
66825,97,102,-5,5
66826,80,76,4,4
66827,110,97,13,13
66828,112,106,6,6
66829,73,67,6,6
66830,93,97,-4,4
66831,84,99,-15,15
66832,69,64,5,5
66833,63,77,-14,14
66834,97,105,-8,8
66835,51,67,-16,16
66836,117,114,3,3
66837,102,120,-18,18
66838,63,63,0,0
66839,90,104,-14,14
66840,75,75,0,0
66841,31,72,-41,41
66842,118,123,-5,5
66843,110,123,-13,13
66844,126,120,6,6
66845,132,136,-4,4
66846,94,91,3,3
66847,55,68,-13,13
66848,119,114,5,5
66849,47,50,-3,3
66850,152,129,23,23
66851,38,53,-15,15
66852,96,106,-10,10
66853,79,74,5,5
66854,63,63,0,0
66855,120,126,-6,6
66856,97,88,9,9
66857,65,68,-3,3
66858,108,106,2,2
66859,146,152,-6,6
66860,99,103,-4,4
66861,50,59,-9,9
66862,98,100,-2,2
66863,61,59,2,2
66864,67,79,-12,12
66865,102,97,5,5
66866,98,91,7,7
66867,127,120,7,7
66868,134,122,12,12
66869,107,97,10,10
66870,62,61,1,1
66871,83,75,8,8
66872,41,49,-8,8
66873,65,77,-12,12
66874,73,84,-11,11
66875,81,77,4,4
66876,85,87,-2,2
66877,85,74,11,11
66878,117,116,1,1
66879,128,125,3,3
66880,89,79,10,10
66881,42,46,-4,4
66882,125,135,-10,10
66883,68,66,2,2
66884,72,87,-15,15
66885,96,94,2,2
66886,134,136,-2,2
66887,122,125,-3,3
66888,87,89,-2,2
66889,54,63,-9,9
66890,79,87,-8,8
66891,148,133,15,15
66892,66,71,-5,5
66893,142,125,17,17
66894,106,94,12,12
66895,48,46,2,2
66896,57,71,-14,14
66897,126,124,2,2
66898,51,61,-10,10
66899,109,118,-9,9
66900,106,110,-4,4
66901,102,99,3,3
66902,94,89,5,5
66903,112,115,-3,3
66904,140,126,14,14
66905,117,123,-6,6
66906,112,83,29,29
66907,49,68,-19,19
66908,156,145,11,11
66909,89,73,16,16
66910,74,80,-6,6
66911,67,72,-5,5
66912,70,81,-11,11
66913,93,105,-12,12
66914,93,90,3,3
66915,101,100,1,1
66916,76,93,-17,17
66917,67,70,-3,3
66918,106,103,3,3
66919,72,90,-18,18
66920,65,65,0,0
66921,87,86,1,1
66922,89,82,7,7
66923,257,342,-85,85
66924,175,168,7,7
66925,69,67,2,2
66926,76,68,8,8
66927,65,69,-4,4
66928,153,141,12,12
66929,68,70,-2,2
66930,116,111,5,5
66931,114,127,-13,13
66932,76,89,-13,13
66933,65,66,-1,1
66934,104,103,1,1
66935,148,146,2,2
66936,43,48,-5,5
66937,90,84,6,6
66938,99,103,-4,4
66939,128,130,-2,2
66940,110,109,1,1
66941,42,58,-16,16
66942,120,125,-5,5
66943,135,117,18,18
66944,134,138,-4,4
66945,116,118,-2,2
66946,138,124,14,14
66947,125,110,15,15
66948,43,48,-5,5
66949,89,79,10,10
66950,126,112,14,14
66951,90,80,10,10
66952,77,80,-3,3
66953,91,83,8,8
66954,120,112,8,8
66955,63,60,3,3
66956,88,92,-4,4
66957,50,56,-6,6
66958,110,112,-2,2
66959,71,71,0,0
66960,81,77,4,4
66961,120,114,6,6
66962,94,88,6,6
66963,51,55,-4,4
66964,84,72,12,12
66965,96,93,3,3
66966,179,165,14,14
66967,57,56,1,1
66968,114,111,3,3
66969,111,106,5,5
66970,111,100,11,11
66971,101,104,-3,3
66972,53,50,3,3
66973,97,98,-1,1
66974,98,90,8,8
66975,50,62,-12,12
66976,82,86,-4,4
66977,108,101,7,7
66978,59,63,-4,4
66979,69,75,-6,6
66980,68,79,-11,11
66981,69,83,-14,14
66982,73,78,-5,5
66983,28,48,-20,20
66984,75,74,1,1
66985,68,70,-2,2
66986,110,121,-11,11
66987,99,112,-13,13
66988,72,76,-4,4
66989,74,75,-1,1
66990,70,76,-6,6
66991,109,104,5,5
66992,191,184,7,7
66993,54,53,1,1
66994,119,114,5,5
66995,76,76,0,0
66996,174,163,11,11
66997,87,85,2,2
66998,88,94,-6,6
66999,53,59,-6,6
67000,75,76,-1,1
67001,68,62,6,6
67002,118,121,-3,3
67003,114,107,7,7
67004,101,104,-3,3
67005,102,103,-1,1
67006,82,86,-4,4
67007,100,105,-5,5
67008,134,133,1,1
67009,140,143,-3,3
67010,109,114,-5,5
67011,124,126,-2,2
67012,157,143,14,14
67013,67,65,2,2
67014,117,111,6,6
67015,64,70,-6,6
67016,89,89,0,0
67017,52,40,12,12
67018,126,122,4,4
67019,99,102,-3,3
67020,82,102,-20,20
67021,96,91,5,5
67022,85,80,5,5
67023,68,83,-15,15
67024,132,124,8,8
67025,148,147,1,1
67026,56,54,2,2
67027,173,194,-21,21
67028,115,114,1,1
67029,99,97,2,2
67030,115,121,-6,6
67031,71,78,-7,7
67032,141,131,10,10
67033,111,110,1,1
67034,53,61,-8,8
67035,279,255,24,24
67036,101,83,18,18
67037,93,89,4,4
67038,71,72,-1,1
67039,163,157,6,6
67040,52,51,1,1
67041,109,108,1,1
67042,80,85,-5,5
67043,72,110,-38,38
67044,72,77,-5,5
67045,87,86,1,1
67046,82,89,-7,7
67047,74,75,-1,1
67048,156,139,17,17
67049,133,126,7,7
67050,123,115,8,8
67051,63,68,-5,5
67052,70,72,-2,2
67053,40,43,-3,3
67054,76,91,-15,15
67055,201,188,13,13
67056,76,80,-4,4
67057,109,114,-5,5
67058,116,117,-1,1
67059,45,61,-16,16
67060,59,59,0,0
67061,104,93,11,11
67062,122,156,-34,34
67063,108,92,16,16
67064,59,71,-12,12
67065,111,112,-1,1
67066,47,49,-2,2
67067,123,124,-1,1
67068,127,112,15,15
67069,98,103,-5,5
67070,90,93,-3,3
67071,70,76,-6,6
67072,102,100,2,2
67073,101,94,7,7
67074,72,94,-22,22
67075,86,102,-16,16
67076,77,78,-1,1
67077,175,148,27,27
67078,85,89,-4,4
67079,109,114,-5,5
67080,143,133,10,10
67081,79,90,-11,11
67082,81,84,-3,3
67083,110,99,11,11
67084,68,74,-6,6
67085,107,105,2,2
67086,115,113,2,2
67087,120,118,2,2
67088,67,70,-3,3
67089,95,106,-11,11
67090,116,113,3,3
67091,83,90,-7,7
67092,97,91,6,6
67093,85,98,-13,13
67094,91,85,6,6
67095,147,141,6,6
67096,60,70,-10,10
67097,104,100,4,4
67098,99,100,-1,1
67099,142,127,15,15
67100,65,73,-8,8
67101,58,54,4,4
67102,81,89,-8,8
67103,85,81,4,4
67104,158,151,7,7
67105,57,48,9,9
67106,32,38,-6,6
67107,161,152,9,9
67108,139,130,9,9
67109,123,121,2,2
67110,141,140,1,1
67111,127,134,-7,7
67112,65,68,-3,3
67113,177,164,13,13
67114,131,116,15,15
67115,140,124,16,16
67116,51,68,-17,17
67117,85,89,-4,4
67118,75,72,3,3
67119,103,96,7,7
67120,155,131,24,24
67121,85,84,1,1
67122,72,79,-7,7
67123,80,70,10,10
67124,62,86,-24,24
67125,58,63,-5,5
67126,53,56,-3,3
67127,76,77,-1,1
67128,117,119,-2,2
67129,75,68,7,7
67130,138,134,4,4
67131,82,82,0,0
67132,79,83,-4,4
67133,83,92,-9,9
67134,79,76,3,3
67135,141,133,8,8
67136,76,71,5,5
67137,165,154,11,11
67138,150,152,-2,2
67139,65,67,-2,2
67140,37,43,-6,6
67141,55,57,-2,2
67142,227,227,0,0
67143,82,81,1,1
67144,70,73,-3,3
67145,57,59,-2,2
67146,73,69,4,4
67147,78,86,-8,8
67148,58,64,-6,6
67149,87,85,2,2
67150,48,57,-9,9
67151,127,128,-1,1
67152,65,62,3,3
67153,111,98,13,13
67154,74,79,-5,5
67155,103,94,9,9
67156,91,83,8,8
67157,188,197,-9,9
67158,98,108,-10,10
67159,86,81,5,5
67160,68,63,5,5
67161,99,115,-16,16
67162,68,69,-1,1
67163,87,83,4,4
67164,110,110,0,0
67165,53,57,-4,4
67166,75,76,-1,1
67167,113,106,7,7
67168,103,129,-26,26
67169,48,57,-9,9
67170,180,158,22,22
67171,67,75,-8,8
67172,69,76,-7,7
67173,114,129,-15,15
67174,82,76,6,6
67175,152,142,10,10
67176,108,112,-4,4
67177,126,126,0,0
67178,126,142,-16,16
67179,68,80,-12,12
67180,111,106,5,5
67181,127,108,19,19
67182,106,102,4,4
67183,93,107,-14,14
67184,134,135,-1,1
67185,65,66,-1,1
67186,129,106,23,23
67187,84,89,-5,5
67188,64,68,-4,4
67189,147,143,4,4
67190,123,120,3,3
67191,102,96,6,6
67192,66,64,2,2
67193,56,64,-8,8
67194,99,107,-8,8
67195,92,95,-3,3
67196,96,97,-1,1
67197,125,135,-10,10
67198,85,85,0,0
67199,100,96,4,4
67200,77,83,-6,6
67201,69,66,3,3
67202,95,90,5,5
67203,87,82,5,5
67204,112,105,7,7
67205,124,116,8,8
67206,99,90,9,9
67207,65,66,-1,1
67208,119,105,14,14
67209,66,67,-1,1
67210,89,80,9,9
67211,139,122,17,17
67212,111,100,11,11
67213,81,99,-18,18
67214,100,93,7,7
67215,82,82,0,0
67216,145,147,-2,2
67217,91,93,-2,2
67218,187,184,3,3
67219,84,85,-1,1
67220,45,54,-9,9
67221,116,124,-8,8
67222,69,74,-5,5
67223,80,82,-2,2
67224,44,55,-11,11
67225,93,109,-16,16
67226,58,61,-3,3
67227,74,78,-4,4
67228,74,75,-1,1
67229,99,116,-17,17
67230,93,100,-7,7
67231,67,104,-37,37
67232,108,108,0,0
67233,108,111,-3,3
67234,116,106,10,10
67235,127,100,27,27
67236,98,90,8,8
67237,115,118,-3,3
67238,131,118,13,13
67239,185,221,-36,36
67240,120,109,11,11
67241,75,71,4,4
67242,165,143,22,22
67243,44,75,-31,31
67244,82,91,-9,9
67245,66,72,-6,6
67246,72,75,-3,3
67247,137,138,-1,1
67248,66,65,1,1
67249,79,95,-16,16
67250,48,57,-9,9
67251,76,68,8,8
67252,87,82,5,5
67253,90,78,12,12
67254,67,70,-3,3
67255,139,133,6,6
67256,52,59,-7,7
67257,97,93,4,4
67258,135,129,6,6
67259,60,37,23,23
67260,65,70,-5,5
67261,61,62,-1,1
67262,175,157,18,18
67263,146,130,16,16
67264,64,85,-21,21
67265,122,115,7,7
67266,66,68,-2,2
67267,62,59,3,3
67268,97,101,-4,4
67269,117,127,-10,10
67270,72,69,3,3
67271,66,78,-12,12
67272,147,149,-2,2
67273,139,130,9,9
67274,143,142,1,1
67275,106,108,-2,2
67276,81,103,-22,22
67277,85,72,13,13
67278,112,103,9,9
67279,74,90,-16,16
67280,157,134,23,23
67281,76,82,-6,6
67282,69,67,2,2
67283,133,121,12,12
67284,79,89,-10,10
67285,58,67,-9,9
67286,111,115,-4,4
67287,195,171,24,24
67288,129,118,11,11
67289,58,77,-19,19
67290,101,108,-7,7
67291,186,185,1,1
67292,76,65,11,11
67293,72,76,-4,4
67294,100,102,-2,2
67295,60,65,-5,5
67296,59,68,-9,9
67297,118,117,1,1
67298,195,160,35,35
67299,92,85,7,7
67300,245,258,-13,13
67301,102,114,-12,12
67302,84,80,4,4
67303,95,90,5,5
67304,126,121,5,5
67305,101,91,10,10
67306,192,169,23,23
67307,118,120,-2,2
67308,72,82,-10,10
67309,66,81,-15,15
67310,72,77,-5,5
67311,75,73,2,2
67312,47,57,-10,10
67313,53,67,-14,14
67314,75,90,-15,15
67315,77,103,-26,26
67316,133,145,-12,12
67317,66,74,-8,8
67318,122,124,-2,2
67319,151,146,5,5
67320,95,109,-14,14
67321,70,79,-9,9
67322,66,67,-1,1
67323,101,95,6,6
67324,92,87,5,5
67325,94,85,9,9
67326,80,58,22,22
67327,86,94,-8,8
67328,99,88,11,11
67329,167,150,17,17
67330,104,95,9,9
67331,92,84,8,8
67332,82,86,-4,4
67333,93,85,8,8
67334,57,54,3,3
67335,80,67,13,13
67336,154,136,18,18
67337,92,87,5,5
67338,121,107,14,14
67339,90,101,-11,11
67340,94,94,0,0
67341,100,97,3,3
67342,55,67,-12,12
67343,179,168,11,11
67344,157,139,18,18
67345,58,71,-13,13
67346,94,113,-19,19
67347,85,80,5,5
67348,55,67,-12,12
67349,72,60,12,12
67350,114,114,0,0
67351,99,97,2,2
67352,75,67,8,8
67353,45,40,5,5
67354,58,60,-2,2
67355,110,108,2,2
67356,69,76,-7,7
67357,68,78,-10,10
67358,102,95,7,7
67359,77,81,-4,4
67360,85,76,9,9
67361,112,129,-17,17
67362,40,54,-14,14
67363,73,84,-11,11
67364,76,84,-8,8
67365,65,80,-15,15
67366,72,94,-22,22
67367,89,115,-26,26
67368,110,108,2,2
67369,91,93,-2,2
67370,59,80,-21,21
67371,90,88,2,2
67372,84,88,-4,4
67373,130,116,14,14
67374,63,65,-2,2
67375,63,71,-8,8
67376,87,81,6,6
67377,106,118,-12,12
67378,145,140,5,5
67379,128,132,-4,4
67380,81,80,1,1
67381,111,91,20,20
67382,76,85,-9,9
67383,53,76,-23,23
67384,82,74,8,8
67385,100,96,4,4
67386,74,79,-5,5
67387,105,107,-2,2
67388,58,59,-1,1
67389,102,100,2,2
67390,113,107,6,6
67391,99,97,2,2
67392,113,107,6,6
67393,55,73,-18,18
67394,98,85,13,13
67395,108,122,-14,14
67396,54,54,0,0
67397,99,100,-1,1
67398,78,79,-1,1
67399,68,76,-8,8
67400,45,50,-5,5
67401,71,77,-6,6
67402,216,226,-10,10
67403,103,104,-1,1
67404,77,84,-7,7
67405,64,69,-5,5
67406,108,111,-3,3
67407,106,95,11,11
67408,124,115,9,9
67409,71,74,-3,3
67410,91,83,8,8
67411,80,90,-10,10
67412,122,122,0,0
67413,105,102,3,3
67414,80,83,-3,3
67415,142,125,17,17
67416,64,91,-27,27
67417,95,74,21,21
67418,112,119,-7,7
67419,83,78,5,5
67420,147,126,21,21
67421,47,54,-7,7
67422,80,87,-7,7
67423,104,113,-9,9
67424,71,72,-1,1
67425,67,67,0,0
67426,69,75,-6,6
67427,82,84,-2,2
67428,85,68,17,17
67429,144,135,9,9
67430,81,88,-7,7
67431,141,146,-5,5
67432,86,82,4,4
67433,176,178,-2,2
67434,74,67,7,7
67435,91,84,7,7
67436,102,91,11,11
67437,74,69,5,5
67438,97,96,1,1
67439,60,66,-6,6
67440,97,98,-1,1
67441,119,120,-1,1
67442,97,102,-5,5
67443,70,74,-4,4
67444,102,103,-1,1
67445,61,67,-6,6
67446,86,81,5,5
67447,45,44,1,1
67448,51,53,-2,2
67449,130,128,2,2
67450,74,74,0,0
67451,78,90,-12,12
67452,163,164,-1,1
67453,52,66,-14,14
67454,99,105,-6,6
67455,84,88,-4,4
67456,109,100,9,9
67457,84,81,3,3
67458,88,92,-4,4
67459,117,109,8,8
67460,186,169,17,17
67461,55,46,9,9
67462,65,76,-11,11
67463,119,161,-42,42
67464,71,71,0,0
67465,87,78,9,9
67466,51,61,-10,10
67467,46,47,-1,1
67468,61,65,-4,4
67469,103,88,15,15
67470,84,82,2,2
67471,56,75,-19,19
67472,73,76,-3,3
67473,84,89,-5,5
67474,127,109,18,18
67475,178,181,-3,3
67476,71,77,-6,6
67477,107,103,4,4
67478,111,97,14,14
67479,69,72,-3,3
67480,94,91,3,3
67481,45,58,-13,13
67482,94,95,-1,1
67483,120,117,3,3
67484,63,84,-21,21
67485,78,88,-10,10
67486,40,61,-21,21
67487,114,98,16,16
67488,112,101,11,11
67489,152,143,9,9
67490,184,154,30,30
67491,84,85,-1,1
67492,122,114,8,8
67493,108,101,7,7
67494,64,70,-6,6
67495,114,109,5,5
67496,143,150,-7,7
67497,97,92,5,5
67498,99,94,5,5
67499,145,158,-13,13
67500,63,71,-8,8
67501,111,116,-5,5
67502,68,86,-18,18
67503,108,114,-6,6
67504,94,78,16,16
67505,77,79,-2,2
67506,49,58,-9,9
67507,82,81,1,1
67508,66,68,-2,2
67509,74,68,6,6
67510,142,142,0,0
67511,82,89,-7,7
67512,87,78,9,9
67513,78,84,-6,6
67514,58,67,-9,9
67515,108,102,6,6
67516,50,73,-23,23
67517,170,167,3,3
67518,74,79,-5,5
67519,102,111,-9,9
67520,95,108,-13,13
67521,90,85,5,5
67522,118,114,4,4
67523,70,64,6,6
67524,111,109,2,2
67525,96,109,-13,13
67526,81,80,1,1
67527,110,100,10,10
67528,94,90,4,4
67529,99,109,-10,10
67530,107,104,3,3
67531,129,140,-11,11
67532,135,116,19,19
67533,123,110,13,13
67534,67,70,-3,3
67535,79,76,3,3
67536,91,95,-4,4
67537,72,75,-3,3
67538,150,153,-3,3
67539,117,125,-8,8
67540,60,63,-3,3
67541,102,107,-5,5
67542,32,51,-19,19
67543,65,69,-4,4
67544,163,176,-13,13
67545,99,101,-2,2
67546,76,76,0,0
67547,146,124,22,22
67548,137,122,15,15
67549,131,128,3,3
67550,152,144,8,8
67551,93,110,-17,17
67552,78,77,1,1
67553,83,77,6,6
67554,109,95,14,14
67555,134,147,-13,13
67556,56,71,-15,15
67557,82,87,-5,5
67558,50,41,9,9
67559,104,104,0,0
67560,78,85,-7,7
67561,60,51,9,9
67562,137,131,6,6
67563,64,62,2,2
67564,144,141,3,3
67565,49,66,-17,17
67566,104,97,7,7
67567,66,61,5,5
67568,71,66,5,5
67569,128,113,15,15
67570,84,104,-20,20
67571,141,147,-6,6
67572,97,89,8,8
67573,52,53,-1,1
67574,74,71,3,3
67575,98,117,-19,19
67576,71,72,-1,1
67577,56,56,0,0
67578,71,84,-13,13
67579,123,122,1,1
67580,146,128,18,18
67581,77,65,12,12
67582,68,89,-21,21
67583,110,91,19,19
67584,85,81,4,4
67585,162,139,23,23
67586,105,86,19,19
67587,68,68,0,0
67588,100,94,6,6
67589,103,102,1,1
67590,121,117,4,4
67591,96,79,17,17
67592,199,172,27,27
67593,83,86,-3,3
67594,91,81,10,10
67595,61,58,3,3
67596,103,105,-2,2
67597,95,96,-1,1
67598,68,61,7,7
67599,94,88,6,6
67600,54,64,-10,10
67601,160,132,28,28
67602,123,118,5,5
67603,154,143,11,11
67604,48,57,-9,9
67605,66,70,-4,4
67606,81,87,-6,6
67607,56,64,-8,8
67608,160,146,14,14
67609,121,166,-45,45
67610,103,91,12,12
67611,126,116,10,10
67612,82,74,8,8
67613,63,80,-17,17
67614,88,93,-5,5
67615,111,117,-6,6
67616,139,124,15,15
67617,103,102,1,1
67618,74,85,-11,11
67619,133,127,6,6
67620,49,61,-12,12
67621,93,86,7,7
67622,86,88,-2,2
67623,77,70,7,7
67624,56,75,-19,19
67625,66,66,0,0
67626,132,120,12,12
67627,149,135,14,14
67628,39,53,-14,14
67629,117,111,6,6
67630,98,96,2,2
67631,59,61,-2,2
67632,146,144,2,2
67633,106,97,9,9
67634,63,68,-5,5
67635,90,93,-3,3
67636,73,80,-7,7
67637,80,77,3,3
67638,89,91,-2,2
67639,88,92,-4,4
67640,51,57,-6,6
67641,85,86,-1,1
67642,106,120,-14,14
67643,136,127,9,9
67644,46,52,-6,6
67645,107,111,-4,4
67646,154,152,2,2
67647,109,110,-1,1
67648,79,70,9,9
67649,94,81,13,13
67650,64,66,-2,2
67651,63,70,-7,7
67652,62,65,-3,3
67653,58,60,-2,2
67654,48,64,-16,16
67655,67,71,-4,4
67656,74,77,-3,3
67657,94,94,0,0
67658,75,76,-1,1
67659,158,139,19,19
67660,134,134,0,0
67661,189,171,18,18
67662,62,67,-5,5
67663,73,75,-2,2
67664,89,96,-7,7
67665,42,-6,48,48
67666,129,122,7,7
67667,65,80,-15,15
67668,49,60,-11,11
67669,163,144,19,19
67670,93,90,3,3
67671,185,163,22,22
67672,91,87,4,4
67673,43,55,-12,12
67674,163,152,11,11
67675,65,66,-1,1
67676,49,45,4,4
67677,62,66,-4,4
67678,123,135,-12,12
67679,78,79,-1,1
67680,144,132,12,12
67681,75,97,-22,22
67682,83,78,5,5
67683,122,120,2,2
67684,92,95,-3,3
67685,101,98,3,3
67686,75,84,-9,9
67687,130,120,10,10
67688,160,144,16,16
67689,58,60,-2,2
67690,154,140,14,14
67691,101,89,12,12
67692,54,67,-13,13
67693,177,156,21,21
67694,198,182,16,16
67695,98,109,-11,11
67696,87,101,-14,14
67697,116,110,6,6
67698,63,62,1,1
67699,95,83,12,12
67700,57,62,-5,5
67701,64,64,0,0
67702,69,64,5,5
67703,79,77,2,2
67704,89,100,-11,11
67705,53,62,-9,9
67706,94,96,-2,2
67707,85,94,-9,9
67708,85,83,2,2
67709,80,91,-11,11
67710,80,90,-10,10
67711,95,92,3,3
67712,95,92,3,3
67713,72,76,-4,4
67714,59,67,-8,8
67715,122,106,16,16
67716,76,74,2,2
67717,103,88,15,15
67718,80,87,-7,7
67719,84,79,5,5
67720,108,102,6,6
67721,94,96,-2,2
67722,128,131,-3,3
67723,121,110,11,11
67724,156,141,15,15
67725,120,111,9,9
67726,97,101,-4,4
67727,87,103,-16,16
67728,116,113,3,3
67729,48,46,2,2
67730,139,127,12,12
67731,93,85,8,8
67732,184,182,2,2
67733,62,70,-8,8
67734,116,125,-9,9
67735,114,101,13,13
67736,104,100,4,4
67737,94,112,-18,18
67738,169,165,4,4
67739,89,90,-1,1
67740,91,96,-5,5
67741,97,97,0,0
67742,111,113,-2,2
67743,69,70,-1,1
67744,120,119,1,1
67745,105,125,-20,20
67746,99,102,-3,3
67747,37,69,-32,32
67748,105,87,18,18
67749,69,88,-19,19
67750,67,68,-1,1
67751,31,37,-6,6
67752,60,61,-1,1
67753,90,98,-8,8
67754,74,68,6,6
67755,123,113,10,10
67756,97,101,-4,4
67757,55,50,5,5
67758,127,122,5,5
67759,122,117,5,5
67760,103,112,-9,9
67761,141,142,-1,1
67762,67,63,4,4
67763,113,120,-7,7
67764,135,132,3,3
67765,203,183,20,20
67766,88,95,-7,7
67767,94,102,-8,8
67768,103,101,2,2
67769,86,88,-2,2
67770,143,145,-2,2
67771,52,49,3,3
67772,75,85,-10,10
67773,114,130,-16,16
67774,92,80,12,12
67775,113,99,14,14
67776,123,124,-1,1
67777,68,78,-10,10
67778,86,95,-9,9
67779,27,47,-20,20
67780,126,130,-4,4
67781,89,82,7,7
67782,113,97,16,16
67783,106,108,-2,2
67784,90,82,8,8
67785,82,74,8,8
67786,88,93,-5,5
67787,97,81,16,16
67788,141,128,13,13
67789,123,117,6,6
67790,188,185,3,3
67791,108,103,5,5
67792,73,72,1,1
67793,104,107,-3,3
67794,87,86,1,1
67795,78,90,-12,12
67796,75,84,-9,9
67797,153,136,17,17
67798,74,75,-1,1
67799,129,123,6,6
67800,117,106,11,11
67801,82,88,-6,6
67802,103,99,4,4
67803,93,80,13,13
67804,89,96,-7,7
67805,44,56,-12,12
67806,76,79,-3,3
67807,79,99,-20,20
67808,87,89,-2,2
67809,38,50,-12,12
67810,120,125,-5,5
67811,88,93,-5,5
67812,155,140,15,15
67813,120,117,3,3
67814,89,74,15,15
67815,100,91,9,9
67816,66,72,-6,6
67817,85,91,-6,6
67818,90,80,10,10
67819,126,123,3,3
67820,153,127,26,26
67821,83,87,-4,4
67822,113,103,10,10
67823,88,90,-2,2
67824,152,151,1,1
67825,104,102,2,2
67826,75,73,2,2
67827,48,57,-9,9
67828,127,135,-8,8
67829,79,82,-3,3
67830,117,112,5,5
67831,63,70,-7,7
67832,113,121,-8,8
67833,143,161,-18,18
67834,110,105,5,5
67835,75,94,-19,19
67836,48,58,-10,10
67837,64,99,-35,35
67838,99,102,-3,3
67839,91,105,-14,14
67840,111,99,12,12
67841,89,86,3,3
67842,141,144,-3,3
67843,101,94,7,7
67844,74,78,-4,4
67845,124,114,10,10
67846,115,130,-15,15
67847,94,100,-6,6
67848,110,115,-5,5
67849,70,76,-6,6
67850,89,95,-6,6
67851,53,54,-1,1
67852,85,99,-14,14
67853,166,150,16,16
67854,77,78,-1,1
67855,76,72,4,4
67856,137,146,-9,9
67857,79,77,2,2
67858,144,122,22,22
67859,57,47,10,10
67860,102,92,10,10
67861,77,78,-1,1
67862,105,110,-5,5
67863,99,87,12,12
67864,40,43,-3,3
67865,96,92,4,4
67866,99,110,-11,11
67867,69,72,-3,3
67868,111,105,6,6
67869,119,121,-2,2
67870,152,139,13,13
67871,138,128,10,10
67872,146,156,-10,10
67873,79,98,-19,19
67874,113,101,12,12
67875,65,74,-9,9
67876,135,118,17,17
67877,58,38,20,20
67878,68,80,-12,12
67879,103,102,1,1
67880,110,118,-8,8
67881,57,61,-4,4
67882,191,187,4,4
67883,87,82,5,5
67884,130,120,10,10
67885,94,97,-3,3
67886,101,103,-2,2
67887,52,54,-2,2
67888,134,127,7,7
67889,75,77,-2,2
67890,91,94,-3,3
67891,109,111,-2,2
67892,96,92,4,4
67893,55,62,-7,7
67894,114,114,0,0
67895,159,154,5,5
67896,74,70,4,4
67897,89,101,-12,12
67898,45,54,-9,9
67899,50,72,-22,22
67900,78,81,-3,3
67901,136,134,2,2
67902,81,77,4,4
67903,104,96,8,8
67904,42,64,-22,22
67905,45,59,-14,14
67906,91,70,21,21
67907,81,84,-3,3
67908,73,79,-6,6
67909,163,155,8,8
67910,62,62,0,0
67911,62,79,-17,17
67912,117,105,12,12
67913,91,92,-1,1
67914,81,84,-3,3
67915,183,163,20,20
67916,115,119,-4,4
67917,45,43,2,2
67918,67,70,-3,3
67919,73,73,0,0
67920,115,112,3,3
67921,143,138,5,5
67922,122,107,15,15
67923,158,140,18,18
67924,132,120,12,12
67925,56,67,-11,11
67926,138,145,-7,7
67927,128,118,10,10
67928,170,154,16,16
67929,101,96,5,5
67930,147,133,14,14
67931,116,117,-1,1
67932,97,118,-21,21
67933,116,123,-7,7
67934,73,76,-3,3
67935,58,58,0,0
67936,99,86,13,13
67937,148,148,0,0
67938,56,60,-4,4
67939,144,145,-1,1
67940,73,70,3,3
67941,124,130,-6,6
67942,58,88,-30,30
67943,72,77,-5,5
67944,57,50,7,7
67945,77,69,8,8
67946,93,85,8,8
67947,136,133,3,3
67948,56,62,-6,6
67949,106,100,6,6
67950,68,66,2,2
67951,107,102,5,5
67952,137,130,7,7
67953,51,47,4,4
67954,161,154,7,7
67955,75,72,3,3
67956,207,171,36,36
67957,134,136,-2,2
67958,139,127,12,12
67959,85,85,0,0
67960,64,70,-6,6
67961,57,60,-3,3
67962,87,95,-8,8
67963,143,135,8,8
67964,89,90,-1,1
67965,78,77,1,1
67966,73,92,-19,19
67967,188,196,-8,8
67968,115,106,9,9
67969,119,102,17,17
67970,74,70,4,4
67971,96,106,-10,10
67972,64,74,-10,10
67973,117,117,0,0
67974,127,123,4,4
67975,70,74,-4,4
67976,97,101,-4,4
67977,163,159,4,4
67978,143,125,18,18
67979,69,79,-10,10
67980,98,113,-15,15
67981,87,78,9,9
67982,100,95,5,5
67983,111,124,-13,13
67984,129,131,-2,2
67985,94,84,10,10
67986,124,115,9,9
67987,70,81,-11,11
67988,64,62,2,2
67989,131,118,13,13
67990,81,96,-15,15
67991,121,110,11,11
67992,139,121,18,18
67993,49,51,-2,2
67994,54,60,-6,6
67995,109,111,-2,2
67996,71,77,-6,6
67997,124,116,8,8
67998,110,96,14,14
67999,103,115,-12,12
68000,104,111,-7,7
68001,95,115,-20,20
68002,85,75,10,10
68003,83,78,5,5
68004,111,116,-5,5
68005,68,58,10,10
68006,76,73,3,3
68007,47,52,-5,5
68008,143,133,10,10
68009,64,66,-2,2
68010,102,97,5,5
68011,77,77,0,0
68012,52,62,-10,10
68013,52,54,-2,2
68014,75,81,-6,6
68015,83,86,-3,3
68016,70,70,0,0
68017,44,48,-4,4
68018,41,48,-7,7
68019,77,73,4,4
68020,53,55,-2,2
68021,132,123,9,9
68022,112,99,13,13
68023,81,86,-5,5
68024,85,82,3,3
68025,90,90,0,0
68026,51,58,-7,7
68027,55,55,0,0
68028,45,65,-20,20
68029,52,59,-7,7
68030,98,98,0,0
68031,72,72,0,0
68032,239,238,1,1
68033,123,116,7,7
68034,164,142,22,22
68035,75,82,-7,7
68036,145,140,5,5
68037,63,62,1,1
68038,63,97,-34,34
68039,100,110,-10,10
68040,110,119,-9,9
68041,76,88,-12,12
68042,94,101,-7,7
68043,109,97,12,12
68044,59,68,-9,9
68045,140,157,-17,17
68046,83,93,-10,10
68047,136,126,10,10
68048,50,73,-23,23
68049,85,78,7,7
68050,113,105,8,8
68051,49,54,-5,5
68052,98,86,12,12
68053,80,63,17,17
68054,95,90,5,5
68055,129,135,-6,6
68056,89,85,4,4
68057,115,115,0,0
68058,73,79,-6,6
68059,75,78,-3,3
68060,168,152,16,16
68061,52,62,-10,10
68062,76,66,10,10
68063,104,98,6,6
68064,124,115,9,9
68065,113,121,-8,8
68066,80,76,4,4
68067,79,97,-18,18
68068,89,80,9,9
68069,90,71,19,19
68070,46,51,-5,5
68071,80,81,-1,1
68072,108,123,-15,15
68073,46,51,-5,5
68074,106,105,1,1
68075,139,131,8,8
68076,99,96,3,3
68077,50,51,-1,1
68078,65,65,0,0
68079,69,69,0,0
68080,125,121,4,4
68081,97,87,10,10
68082,84,89,-5,5
68083,114,117,-3,3
68084,39,39,0,0
68085,106,105,1,1
68086,88,91,-3,3
68087,80,83,-3,3
68088,178,164,14,14
68089,104,112,-8,8
68090,76,72,4,4
68091,108,98,10,10
68092,82,99,-17,17
68093,44,22,22,22
68094,67,63,4,4
68095,69,75,-6,6
68096,69,69,0,0
68097,112,107,5,5
68098,151,139,12,12
68099,47,57,-10,10
68100,70,70,0,0
68101,86,86,0,0
68102,95,73,22,22
68103,68,65,3,3
68104,44,48,-4,4
68105,70,72,-2,2
68106,132,118,14,14
68107,66,70,-4,4
68108,104,104,0,0
68109,155,149,6,6
68110,136,131,5,5
68111,74,77,-3,3
68112,109,111,-2,2
68113,88,93,-5,5
68114,156,159,-3,3
68115,153,148,5,5
68116,83,77,6,6
68117,88,89,-1,1
68118,167,174,-7,7
68119,44,50,-6,6
68120,124,108,16,16
68121,71,65,6,6
68122,131,123,8,8
68123,94,96,-2,2
68124,64,66,-2,2
68125,81,80,1,1
68126,69,81,-12,12
68127,52,54,-2,2
68128,84,87,-3,3
68129,59,59,0,0
68130,117,107,10,10
68131,115,101,14,14
68132,86,82,4,4
68133,111,110,1,1
68134,69,78,-9,9
68135,119,116,3,3
68136,73,77,-4,4
68137,81,83,-2,2
68138,79,80,-1,1
68139,89,100,-11,11
68140,51,57,-6,6
68141,63,64,-1,1
68142,87,91,-4,4
68143,116,118,-2,2
68144,115,103,12,12
68145,111,113,-2,2
68146,38,33,5,5
68147,130,142,-12,12
68148,100,97,3,3
68149,60,59,1,1
68150,91,85,6,6
68151,67,67,0,0
68152,73,66,7,7
68153,152,146,6,6
68154,199,182,17,17
68155,156,154,2,2
68156,61,65,-4,4
68157,109,104,5,5
68158,69,63,6,6
68159,87,86,1,1
68160,65,71,-6,6
68161,83,90,-7,7
68162,94,94,0,0
68163,104,97,7,7
68164,72,79,-7,7
68165,74,91,-17,17
68166,93,83,10,10
68167,88,84,4,4
68168,88,86,2,2
68169,75,88,-13,13
68170,102,96,6,6
68171,72,78,-6,6
68172,95,84,11,11
68173,98,89,9,9
68174,86,90,-4,4
68175,91,105,-14,14
68176,67,69,-2,2
68177,73,76,-3,3
68178,129,130,-1,1
68179,64,65,-1,1
68180,94,93,1,1
68181,123,116,7,7
68182,89,88,1,1
68183,45,57,-12,12
68184,95,98,-3,3
68185,77,79,-2,2
68186,61,65,-4,4
68187,151,150,1,1
68188,53,66,-13,13
68189,109,103,6,6
68190,84,82,2,2
68191,86,84,2,2
68192,105,108,-3,3
68193,107,107,0,0
68194,97,97,0,0
68195,41,55,-14,14
68196,69,75,-6,6
68197,111,85,26,26
68198,40,47,-7,7
68199,140,130,10,10
68200,65,55,10,10
68201,149,137,12,12
68202,46,52,-6,6
68203,103,117,-14,14
68204,80,84,-4,4
68205,41,41,0,0
68206,97,138,-41,41
68207,65,60,5,5
68208,124,169,-45,45
68209,65,67,-2,2
68210,85,75,10,10
68211,151,142,9,9
68212,75,88,-13,13
68213,92,96,-4,4
68214,96,88,8,8
68215,120,130,-10,10
68216,71,69,2,2
68217,77,77,0,0
68218,84,99,-15,15
68219,100,119,-19,19
68220,105,122,-17,17
68221,123,117,6,6
68222,53,55,-2,2
68223,178,179,-1,1
68224,99,101,-2,2
68225,64,68,-4,4
68226,78,83,-5,5
68227,108,99,9,9
68228,77,89,-12,12
68229,157,174,-17,17
68230,72,78,-6,6
68231,68,73,-5,5
68232,87,80,7,7
68233,70,75,-5,5
68234,52,53,-1,1
68235,85,74,11,11
68236,100,112,-12,12
68237,71,66,5,5
68238,109,111,-2,2
68239,154,154,0,0
68240,96,81,15,15
68241,78,87,-9,9
68242,82,97,-15,15
68243,114,99,15,15
68244,103,107,-4,4
68245,118,127,-9,9
68246,87,91,-4,4
68247,121,120,1,1
68248,94,97,-3,3
68249,62,58,4,4
68250,89,92,-3,3
68251,105,98,7,7
68252,85,79,6,6
68253,79,85,-6,6
68254,86,83,3,3
68255,100,93,7,7
68256,104,95,9,9
68257,83,79,4,4
68258,90,89,1,1
68259,112,122,-10,10
68260,69,75,-6,6
68261,121,103,18,18
68262,84,88,-4,4
68263,87,95,-8,8
68264,92,98,-6,6
68265,147,136,11,11
68266,86,86,0,0
68267,89,82,7,7
68268,52,68,-16,16
68269,110,110,0,0
68270,145,139,6,6
68271,87,91,-4,4
68272,107,89,18,18
68273,145,126,19,19
68274,55,56,-1,1
68275,51,67,-16,16
68276,95,93,2,2
68277,101,105,-4,4
68278,72,69,3,3
68279,90,87,3,3
68280,91,84,7,7
68281,94,100,-6,6
68282,60,68,-8,8
68283,59,63,-4,4
68284,96,95,1,1
68285,55,54,1,1
68286,101,84,17,17
68287,95,98,-3,3
68288,113,102,11,11
68289,77,75,2,2
68290,114,133,-19,19
68291,101,102,-1,1
68292,100,103,-3,3
68293,64,64,0,0
68294,100,96,4,4
68295,158,140,18,18
68296,81,84,-3,3
68297,62,63,-1,1
68298,136,127,9,9
68299,156,151,5,5
68300,160,156,4,4
68301,128,127,1,1
68302,49,54,-5,5
68303,135,117,18,18
68304,81,85,-4,4
68305,85,83,2,2
68306,74,74,0,0
68307,141,125,16,16
68308,98,89,9,9
68309,140,126,14,14
68310,102,88,14,14
68311,91,105,-14,14
68312,68,73,-5,5
68313,117,111,6,6
68314,57,60,-3,3
68315,70,61,9,9
68316,203,168,35,35
68317,96,118,-22,22
68318,128,131,-3,3
68319,81,80,1,1
68320,81,98,-17,17
68321,66,55,11,11
68322,128,124,4,4
68323,150,138,12,12
68324,79,89,-10,10
68325,68,80,-12,12
68326,57,62,-5,5
68327,63,72,-9,9
68328,110,118,-8,8
68329,84,83,1,1
68330,84,81,3,3
68331,59,70,-11,11
68332,101,82,19,19
68333,73,79,-6,6
68334,82,85,-3,3
68335,163,155,8,8
68336,113,113,0,0
68337,95,76,19,19
68338,73,76,-3,3
68339,83,79,4,4
68340,114,119,-5,5
68341,136,119,17,17
68342,86,81,5,5
68343,81,82,-1,1
68344,108,113,-5,5
68345,149,156,-7,7
68346,101,103,-2,2
68347,78,85,-7,7
68348,126,116,10,10
68349,122,132,-10,10
68350,112,108,4,4
68351,67,60,7,7
68352,62,64,-2,2
68353,112,129,-17,17
68354,171,162,9,9
68355,65,65,0,0
68356,97,87,10,10
68357,43,52,-9,9
68358,71,59,12,12
68359,71,65,6,6
68360,55,46,9,9
68361,72,81,-9,9
68362,85,91,-6,6
68363,190,176,14,14
68364,97,102,-5,5
68365,100,102,-2,2
68366,75,77,-2,2
68367,130,120,10,10
68368,60,56,4,4
68369,105,97,8,8
68370,85,86,-1,1
68371,89,90,-1,1
68372,93,94,-1,1
68373,39,62,-23,23
68374,74,79,-5,5
68375,148,159,-11,11
68376,136,123,13,13
68377,61,73,-12,12
68378,181,171,10,10
68379,99,102,-3,3
68380,165,147,18,18
68381,97,91,6,6
68382,116,109,7,7
68383,105,116,-11,11
68384,50,43,7,7
68385,71,81,-10,10
68386,115,103,12,12
68387,61,59,2,2
68388,101,111,-10,10
68389,80,83,-3,3
68390,100,108,-8,8
68391,79,93,-14,14
68392,121,119,2,2
68393,85,99,-14,14
68394,87,92,-5,5
68395,61,66,-5,5
68396,125,138,-13,13
68397,85,84,1,1
68398,87,94,-7,7
68399,64,62,2,2
68400,66,65,1,1
68401,85,87,-2,2
68402,159,144,15,15
68403,132,135,-3,3
68404,96,91,5,5
68405,100,110,-10,10
68406,76,67,9,9
68407,117,119,-2,2
68408,101,120,-19,19
68409,86,89,-3,3
68410,117,107,10,10
68411,96,85,11,11
68412,55,64,-9,9
68413,145,134,11,11
68414,68,78,-10,10
68415,71,64,7,7
68416,129,127,2,2
68417,121,112,9,9
68418,92,77,15,15
68419,57,65,-8,8
68420,50,50,0,0
68421,56,63,-7,7
68422,52,62,-10,10
68423,61,60,1,1
68424,164,162,2,2
68425,119,120,-1,1
68426,85,84,1,1
68427,83,75,8,8
68428,149,151,-2,2
68429,103,93,10,10
68430,61,41,20,20
68431,142,141,1,1
68432,80,81,-1,1
68433,49,54,-5,5
68434,109,96,13,13
68435,101,100,1,1
68436,77,81,-4,4
68437,160,164,-4,4
68438,108,109,-1,1
68439,137,130,7,7
68440,125,115,10,10
68441,76,76,0,0
68442,145,124,21,21
68443,86,97,-11,11
68444,131,121,10,10
68445,99,111,-12,12
68446,97,93,4,4
68447,67,73,-6,6
68448,107,134,-27,27
68449,87,86,1,1
68450,104,87,17,17
68451,77,88,-11,11
68452,49,56,-7,7
68453,152,140,12,12
68454,138,127,11,11
68455,183,175,8,8
68456,53,59,-6,6
68457,100,94,6,6
68458,71,74,-3,3
68459,73,95,-22,22
68460,108,102,6,6
68461,85,92,-7,7
68462,72,74,-2,2
68463,92,85,7,7
68464,127,121,6,6
68465,61,78,-17,17
68466,86,111,-25,25
68467,56,59,-3,3
68468,104,92,12,12
68469,86,89,-3,3
68470,142,147,-5,5
68471,78,82,-4,4
68472,96,80,16,16
68473,75,77,-2,2
68474,88,82,6,6
68475,69,67,2,2
68476,62,68,-6,6
68477,107,99,8,8
68478,65,67,-2,2
68479,129,134,-5,5
68480,86,94,-8,8
68481,77,67,10,10
68482,115,100,15,15
68483,87,89,-2,2
68484,32,29,3,3
68485,80,94,-14,14
68486,107,99,8,8
68487,112,122,-10,10
68488,83,86,-3,3
68489,89,94,-5,5
68490,65,68,-3,3
68491,63,73,-10,10
68492,56,59,-3,3
68493,99,92,7,7
68494,88,92,-4,4
68495,130,147,-17,17
68496,59,59,0,0
68497,157,126,31,31
68498,94,111,-17,17
68499,94,98,-4,4
68500,61,62,-1,1
68501,98,105,-7,7
68502,98,96,2,2
68503,108,96,12,12
68504,122,115,7,7
68505,115,111,4,4
68506,49,54,-5,5
68507,79,79,0,0
68508,96,108,-12,12
68509,81,87,-6,6
68510,54,65,-11,11
68511,70,79,-9,9
68512,141,137,4,4
68513,113,285,-172,172
68514,110,152,-42,42
68515,75,84,-9,9
68516,85,85,0,0
68517,85,80,5,5
68518,105,109,-4,4
68519,62,66,-4,4
68520,39,52,-13,13
68521,83,83,0,0
68522,103,105,-2,2
68523,69,79,-10,10
68524,103,96,7,7
68525,82,80,2,2
68526,98,93,5,5
68527,134,126,8,8
68528,51,63,-12,12
68529,98,98,0,0
68530,58,66,-8,8
68531,66,82,-16,16
68532,66,67,-1,1
68533,139,125,14,14
68534,182,174,8,8
68535,118,135,-17,17
68536,69,73,-4,4
68537,61,70,-9,9
68538,101,94,7,7
68539,126,104,22,22
68540,87,85,2,2
68541,53,75,-22,22
68542,83,88,-5,5
68543,113,133,-20,20
68544,109,105,4,4
68545,60,58,2,2
68546,113,120,-7,7
68547,84,105,-21,21
68548,60,55,5,5
68549,56,90,-34,34
68550,52,55,-3,3
68551,111,98,13,13
68552,74,77,-3,3
68553,57,59,-2,2
68554,72,73,-1,1
68555,77,92,-15,15
68556,93,91,2,2
68557,167,141,26,26
68558,64,69,-5,5
68559,97,96,1,1
68560,106,101,5,5
68561,165,153,12,12
68562,86,100,-14,14
68563,146,134,12,12
68564,98,96,2,2
68565,88,85,3,3
68566,89,88,1,1
68567,99,91,8,8
68568,86,81,5,5
68569,95,110,-15,15
68570,70,64,6,6
68571,91,103,-12,12
68572,98,100,-2,2
68573,92,93,-1,1
68574,103,95,8,8
68575,91,83,8,8
68576,58,86,-28,28
68577,61,66,-5,5
68578,53,58,-5,5
68579,83,84,-1,1
68580,56,59,-3,3
68581,84,79,5,5
68582,73,83,-10,10
68583,73,75,-2,2
68584,81,81,0,0
68585,69,86,-17,17
68586,71,79,-8,8
68587,107,115,-8,8
68588,111,108,3,3
68589,107,99,8,8
68590,115,103,12,12
68591,75,77,-2,2
68592,129,124,5,5
68593,94,89,5,5
68594,52,59,-7,7
68595,146,140,6,6
68596,99,104,-5,5
68597,93,109,-16,16
68598,57,64,-7,7
68599,102,126,-24,24
68600,58,60,-2,2
68601,95,137,-42,42
68602,92,87,5,5
68603,99,94,5,5
68604,115,112,3,3
68605,77,79,-2,2
68606,176,175,1,1
68607,97,102,-5,5
68608,153,141,12,12
68609,74,72,2,2
68610,182,170,12,12
68611,91,106,-15,15
68612,67,77,-10,10
68613,85,100,-15,15
68614,109,109,0,0
68615,113,102,11,11
68616,111,117,-6,6
68617,95,109,-14,14
68618,74,72,2,2
68619,110,99,11,11
68620,58,58,0,0
68621,135,130,5,5
68622,108,114,-6,6
68623,112,124,-12,12
68624,49,57,-8,8
68625,114,111,3,3
68626,57,62,-5,5
68627,74,77,-3,3
68628,99,108,-9,9
68629,96,89,7,7
68630,88,85,3,3
68631,79,88,-9,9
68632,82,70,12,12
68633,99,97,2,2
68634,116,110,6,6
68635,80,78,2,2
68636,120,108,12,12
68637,70,61,9,9
68638,74,70,4,4
68639,55,56,-1,1
68640,97,92,5,5
68641,74,67,7,7
68642,92,104,-12,12
68643,71,77,-6,6
68644,86,89,-3,3
68645,66,61,5,5
68646,74,76,-2,2
68647,90,84,6,6
68648,110,108,2,2
68649,94,97,-3,3
68650,101,97,4,4
68651,115,113,2,2
68652,91,93,-2,2
68653,102,102,0,0
68654,116,119,-3,3
68655,130,123,7,7
68656,45,57,-12,12
68657,77,86,-9,9
68658,117,124,-7,7
68659,109,113,-4,4
68660,94,94,0,0
68661,130,127,3,3
68662,37,47,-10,10
68663,73,73,0,0
68664,79,69,10,10
68665,80,93,-13,13
68666,143,122,21,21
68667,69,67,2,2
68668,143,144,-1,1
68669,105,106,-1,1
68670,150,137,13,13
68671,94,94,0,0
68672,107,104,3,3
68673,64,65,-1,1
68674,154,136,18,18
68675,129,119,10,10
68676,118,116,2,2
68677,86,84,2,2
68678,98,96,2,2
68679,134,133,1,1
68680,96,109,-13,13
68681,90,96,-6,6
68682,173,167,6,6
68683,83,89,-6,6
68684,168,166,2,2
68685,97,99,-2,2
68686,88,86,2,2
68687,54,65,-11,11
68688,142,128,14,14
68689,152,137,15,15
68690,75,81,-6,6
68691,73,86,-13,13
68692,170,171,-1,1
68693,82,79,3,3
68694,103,120,-17,17
68695,135,121,14,14
68696,98,97,1,1
68697,190,175,15,15
68698,110,100,10,10
68699,56,66,-10,10
68700,160,149,11,11
68701,86,98,-12,12
68702,105,103,2,2
68703,42,43,-1,1
68704,148,161,-13,13
68705,78,69,9,9
68706,108,111,-3,3
68707,81,78,3,3
68708,135,129,6,6
68709,84,97,-13,13
68710,115,115,0,0
68711,124,119,5,5
68712,67,77,-10,10
68713,97,76,21,21
68714,90,82,8,8
68715,158,148,10,10
68716,162,152,10,10
68717,165,159,6,6
68718,76,82,-6,6
68719,174,169,5,5
68720,125,115,10,10
68721,155,154,1,1
68722,80,85,-5,5
68723,150,157,-7,7
68724,54,50,4,4
68725,119,104,15,15
68726,83,70,13,13
68727,56,63,-7,7
68728,69,76,-7,7
68729,94,91,3,3
68730,103,112,-9,9
68731,120,110,10,10
68732,119,129,-10,10
68733,92,87,5,5
68734,102,96,6,6
68735,75,75,0,0
68736,64,65,-1,1
68737,175,164,11,11
68738,66,62,4,4
68739,69,60,9,9
68740,66,65,1,1
68741,42,45,-3,3
68742,222,209,13,13
68743,161,155,6,6
68744,139,119,20,20
68745,88,86,2,2
68746,81,63,18,18
68747,160,159,1,1
68748,100,90,10,10
68749,64,75,-11,11
68750,26,33,-7,7
68751,126,119,7,7
68752,49,59,-10,10
68753,101,95,6,6
68754,78,75,3,3
68755,82,80,2,2
68756,68,66,2,2
68757,90,84,6,6
68758,78,77,1,1
68759,114,115,-1,1
68760,160,148,12,12
68761,108,108,0,0
68762,93,97,-4,4
68763,52,60,-8,8
68764,142,127,15,15
68765,151,159,-8,8
68766,118,125,-7,7
68767,90,90,0,0
68768,103,93,10,10
68769,126,119,7,7
68770,121,115,6,6
68771,111,111,0,0
68772,87,80,7,7
68773,48,50,-2,2
68774,86,77,9,9
68775,60,120,-60,60
68776,162,144,18,18
68777,98,85,13,13
68778,134,115,19,19
68779,147,141,6,6
68780,113,117,-4,4
68781,79,91,-12,12
68782,76,72,4,4
68783,72,85,-13,13
68784,59,64,-5,5
68785,151,136,15,15
68786,114,115,-1,1
68787,71,75,-4,4
68788,146,141,5,5
68789,83,78,5,5
68790,65,61,4,4
68791,60,62,-2,2
68792,113,102,11,11
68793,146,138,8,8
68794,103,107,-4,4
68795,123,113,10,10
68796,59,70,-11,11
68797,158,142,16,16
68798,114,94,20,20
68799,133,119,14,14
68800,151,140,11,11
68801,41,45,-4,4
68802,80,85,-5,5
68803,71,71,0,0
68804,88,98,-10,10
68805,94,104,-10,10
68806,41,40,1,1
68807,129,142,-13,13
68808,126,119,7,7
68809,132,121,11,11
68810,38,46,-8,8
68811,81,83,-2,2
68812,97,107,-10,10
68813,99,92,7,7
68814,159,151,8,8
68815,113,118,-5,5
68816,42,50,-8,8
68817,176,163,13,13
68818,96,82,14,14
68819,122,112,10,10
68820,134,130,4,4
68821,63,61,2,2
68822,81,68,13,13
68823,94,101,-7,7
68824,122,109,13,13
68825,99,85,14,14
68826,103,111,-8,8
68827,77,105,-28,28
68828,90,93,-3,3
68829,139,115,24,24
68830,74,83,-9,9
68831,83,90,-7,7
68832,84,84,0,0
68833,108,98,10,10
68834,80,80,0,0
68835,117,116,1,1
68836,81,88,-7,7
68837,73,76,-3,3
68838,146,137,9,9
68839,83,83,0,0
68840,71,69,2,2
68841,99,108,-9,9
68842,52,43,9,9
68843,97,112,-15,15
68844,80,83,-3,3
68845,112,114,-2,2
68846,57,74,-17,17
68847,105,106,-1,1
68848,145,149,-4,4
68849,104,93,11,11
68850,94,92,2,2
68851,109,107,2,2
68852,73,75,-2,2
68853,54,67,-13,13
68854,99,94,5,5
68855,204,176,28,28
68856,42,53,-11,11
68857,40,54,-14,14
68858,61,60,1,1
68859,98,93,5,5
68860,88,87,1,1
68861,107,124,-17,17
68862,101,110,-9,9
68863,156,141,15,15
68864,43,48,-5,5
68865,85,80,5,5
68866,130,118,12,12
68867,49,62,-13,13
68868,82,77,5,5
68869,105,93,12,12
68870,141,156,-15,15
68871,124,133,-9,9
68872,149,164,-15,15
68873,61,53,8,8
68874,163,164,-1,1
68875,94,108,-14,14
68876,64,63,1,1
68877,129,146,-17,17
68878,71,73,-2,2
68879,95,98,-3,3
68880,106,106,0,0
68881,103,74,29,29
68882,81,75,6,6
68883,89,88,1,1
68884,144,145,-1,1
68885,64,71,-7,7
68886,37,135,-98,98
68887,87,81,6,6
68888,34,31,3,3
68889,94,90,4,4
68890,84,84,0,0
68891,76,74,2,2
68892,79,74,5,5
68893,96,100,-4,4
68894,99,104,-5,5
68895,102,99,3,3
68896,66,67,-1,1
68897,96,86,10,10
68898,75,76,-1,1
68899,98,92,6,6
68900,75,71,4,4
68901,106,98,8,8
68902,85,91,-6,6
68903,104,106,-2,2
68904,83,95,-12,12
68905,92,89,3,3
68906,110,128,-18,18
68907,89,103,-14,14
68908,148,141,7,7
68909,105,103,2,2
68910,90,79,11,11
68911,42,55,-13,13
68912,102,112,-10,10
68913,142,127,15,15
68914,122,121,1,1
68915,109,106,3,3
68916,101,115,-14,14
68917,89,99,-10,10
68918,118,121,-3,3
68919,146,129,17,17
68920,100,100,0,0
68921,99,96,3,3
68922,62,60,2,2
68923,84,77,7,7
68924,62,68,-6,6
68925,190,168,22,22
68926,105,107,-2,2
68927,101,90,11,11
68928,69,74,-5,5
68929,105,95,10,10
68930,135,136,-1,1
68931,162,159,3,3
68932,96,99,-3,3
68933,80,80,0,0
68934,83,92,-9,9
68935,133,128,5,5
68936,77,73,4,4
68937,130,121,9,9
68938,143,152,-9,9
68939,83,86,-3,3
68940,77,78,-1,1
68941,148,143,5,5
68942,88,89,-1,1
68943,47,55,-8,8
68944,66,64,2,2
68945,54,63,-9,9
68946,97,90,7,7
68947,80,80,0,0
68948,51,71,-20,20
68949,122,124,-2,2
68950,134,119,15,15
68951,152,146,6,6
68952,96,97,-1,1
68953,75,83,-8,8
68954,143,140,3,3
68955,164,156,8,8
68956,99,97,2,2
68957,149,157,-8,8
68958,126,120,6,6
68959,90,79,11,11
68960,102,102,0,0
68961,18,31,-13,13
68962,103,149,-46,46
68963,130,130,0,0
68964,67,68,-1,1
68965,69,65,4,4
68966,84,84,0,0
68967,122,117,5,5
68968,103,93,10,10
68969,65,59,6,6
68970,111,108,3,3
68971,177,204,-27,27
68972,64,62,2,2
68973,159,157,2,2
68974,123,129,-6,6
68975,67,72,-5,5
68976,138,153,-15,15
68977,88,98,-10,10
68978,94,112,-18,18
68979,114,107,7,7
68980,81,77,4,4
68981,68,66,2,2
68982,214,203,11,11
68983,145,135,10,10
68984,54,57,-3,3
68985,100,88,12,12
68986,146,137,9,9
68987,213,179,34,34
68988,106,114,-8,8
68989,57,51,6,6
68990,128,123,5,5
68991,97,102,-5,5
68992,90,109,-19,19
68993,102,104,-2,2
68994,153,140,13,13
68995,84,83,1,1
68996,27,19,8,8
68997,51,54,-3,3
68998,73,84,-11,11
68999,86,81,5,5
69000,77,77,0,0
69001,154,136,18,18
69002,107,100,7,7
69003,173,165,8,8
69004,80,81,-1,1
69005,92,85,7,7
69006,86,85,1,1
69007,70,72,-2,2
69008,116,133,-17,17
69009,79,75,4,4
69010,101,100,1,1
69011,138,123,15,15
69012,125,102,23,23
69013,65,69,-4,4
69014,82,84,-2,2
69015,88,92,-4,4
69016,40,60,-20,20
69017,104,107,-3,3
69018,111,113,-2,2
69019,81,73,8,8
69020,67,82,-15,15
69021,91,94,-3,3
69022,135,129,6,6
69023,155,162,-7,7
69024,89,86,3,3
69025,58,66,-8,8
69026,137,122,15,15
69027,69,64,5,5
69028,84,87,-3,3
69029,110,92,18,18
69030,68,90,-22,22
69031,126,111,15,15
69032,185,152,33,33
69033,64,80,-16,16
69034,119,114,5,5
69035,133,127,6,6
69036,96,89,7,7
69037,54,51,3,3
69038,90,94,-4,4
69039,75,72,3,3
69040,123,116,7,7
69041,91,89,2,2
69042,114,103,11,11
69043,49,81,-32,32
69044,119,118,1,1
69045,78,88,-10,10
69046,105,100,5,5
69047,113,112,1,1
69048,75,78,-3,3
69049,162,155,7,7
69050,62,56,6,6
69051,93,82,11,11
69052,67,72,-5,5
69053,118,117,1,1
69054,76,71,5,5
69055,132,118,14,14
69056,43,52,-9,9
69057,69,77,-8,8
69058,99,99,0,0
69059,81,80,1,1
69060,103,105,-2,2
69061,87,87,0,0
69062,88,84,4,4
69063,92,89,3,3
69064,102,101,1,1
69065,53,65,-12,12
69066,80,80,0,0
69067,86,68,18,18
69068,107,117,-10,10
69069,165,164,1,1
69070,43,53,-10,10
69071,84,78,6,6
69072,129,120,9,9
69073,135,139,-4,4
69074,32,78,-46,46
69075,49,57,-8,8
69076,91,91,0,0
69077,72,76,-4,4
69078,85,91,-6,6
69079,75,78,-3,3
69080,95,124,-29,29
69081,132,116,16,16
69082,98,106,-8,8
69083,34,55,-21,21
69084,114,111,3,3
69085,104,96,8,8
69086,111,108,3,3
69087,59,61,-2,2
69088,38,46,-8,8
69089,45,46,-1,1
69090,160,166,-6,6
69091,87,95,-8,8
69092,78,73,5,5
69093,180,151,29,29
69094,112,117,-5,5
69095,99,98,1,1
69096,77,85,-8,8
69097,64,89,-25,25
69098,93,65,28,28
69099,135,149,-14,14
69100,80,82,-2,2
69101,105,93,12,12
69102,93,105,-12,12
69103,97,97,0,0
69104,93,102,-9,9
69105,126,108,18,18
69106,100,103,-3,3
69107,93,92,1,1
69108,116,123,-7,7
69109,89,87,2,2
69110,72,89,-17,17
69111,158,131,27,27
69112,107,88,19,19
69113,57,73,-16,16
69114,95,98,-3,3
69115,199,190,9,9
69116,98,92,6,6
69117,50,48,2,2
69118,72,70,2,2
69119,86,86,0,0
69120,36,38,-2,2
69121,77,68,9,9
69122,144,136,8,8
69123,101,116,-15,15
69124,141,135,6,6
69125,136,131,5,5
69126,81,81,0,0
69127,96,117,-21,21
69128,92,88,4,4
69129,37,51,-14,14
69130,117,120,-3,3
69131,96,90,6,6
69132,120,134,-14,14
69133,58,68,-10,10
69134,147,132,15,15
69135,60,61,-1,1
69136,85,83,2,2
69137,71,51,20,20
69138,74,77,-3,3
69139,98,93,5,5
69140,59,66,-7,7
69141,77,78,-1,1
69142,77,88,-11,11
69143,76,78,-2,2
69144,52,53,-1,1
69145,116,114,2,2
69146,78,87,-9,9
69147,74,84,-10,10
69148,124,129,-5,5
69149,58,60,-2,2
69150,86,80,6,6
69151,132,124,8,8
69152,108,96,12,12
69153,38,43,-5,5
69154,138,139,-1,1
69155,74,85,-11,11
69156,73,73,0,0
69157,95,83,12,12
69158,129,169,-40,40
69159,102,100,2,2
69160,112,110,2,2
69161,141,132,9,9
69162,76,78,-2,2
69163,142,145,-3,3
69164,72,72,0,0
69165,163,150,13,13
69166,122,107,15,15
69167,44,52,-8,8
69168,104,101,3,3
69169,72,79,-7,7
69170,60,50,10,10
69171,69,70,-1,1
69172,113,106,7,7
69173,89,89,0,0
69174,42,42,0,0
69175,146,149,-3,3
69176,147,125,22,22
69177,132,145,-13,13
69178,107,102,5,5
69179,77,82,-5,5
69180,102,104,-2,2
69181,153,136,17,17
69182,56,96,-40,40
69183,105,115,-10,10
69184,129,123,6,6
69185,99,90,9,9
69186,55,59,-4,4
69187,102,119,-17,17
69188,102,99,3,3
69189,111,114,-3,3
69190,123,126,-3,3
69191,62,67,-5,5
69192,152,163,-11,11
69193,89,79,10,10
69194,94,89,5,5
69195,35,55,-20,20
69196,94,90,4,4
69197,110,116,-6,6
69198,175,172,3,3
69199,105,95,10,10
69200,42,51,-9,9
69201,152,139,13,13
69202,149,132,17,17
69203,207,186,21,21
69204,152,156,-4,4
69205,88,99,-11,11
69206,94,95,-1,1
69207,76,75,1,1
69208,84,79,5,5
69209,87,90,-3,3
69210,59,55,4,4
69211,112,108,4,4
69212,110,104,6,6
69213,136,112,24,24
69214,81,90,-9,9
69215,177,158,19,19
69216,120,123,-3,3
69217,86,94,-8,8
69218,57,68,-11,11
69219,100,89,11,11
69220,134,132,2,2
69221,75,69,6,6
69222,88,87,1,1
69223,82,87,-5,5
69224,54,64,-10,10
69225,74,65,9,9
69226,50,54,-4,4
69227,125,109,16,16
69228,85,82,3,3
69229,148,152,-4,4
69230,88,103,-15,15
69231,58,68,-10,10
69232,124,105,19,19
69233,129,122,7,7
69234,100,104,-4,4
69235,76,80,-4,4
69236,86,83,3,3
69237,57,62,-5,5
69238,84,85,-1,1
69239,103,95,8,8
69240,87,86,1,1
69241,114,118,-4,4
69242,58,63,-5,5
69243,100,99,1,1
69244,92,106,-14,14
69245,78,82,-4,4
69246,73,83,-10,10
69247,73,78,-5,5
69248,106,111,-5,5
69249,135,136,-1,1
69250,95,113,-18,18
69251,75,78,-3,3
69252,116,124,-8,8
69253,58,57,1,1
69254,135,124,11,11
69255,75,78,-3,3
69256,51,61,-10,10
69257,69,69,0,0
69258,97,105,-8,8
69259,73,77,-4,4
69260,91,89,2,2
69261,156,146,10,10
69262,67,78,-11,11
69263,77,74,3,3
69264,133,133,0,0
69265,129,149,-20,20
69266,110,106,4,4
69267,121,130,-9,9
69268,150,146,4,4
69269,89,84,5,5
69270,71,91,-20,20
69271,119,111,8,8
69272,70,85,-15,15
69273,121,128,-7,7
69274,116,118,-2,2
69275,123,131,-8,8
69276,95,90,5,5
69277,70,62,8,8
69278,111,92,19,19
69279,113,111,2,2
69280,92,87,5,5
69281,52,59,-7,7
69282,114,107,7,7
69283,106,105,1,1
69284,102,116,-14,14
69285,72,81,-9,9
69286,134,110,24,24
69287,101,102,-1,1
69288,134,120,14,14
69289,111,108,3,3
69290,99,99,0,0
69291,98,94,4,4
69292,94,97,-3,3
69293,44,53,-9,9
69294,92,103,-11,11
69295,81,78,3,3
69296,74,73,1,1
69297,51,57,-6,6
69298,135,141,-6,6
69299,34,43,-9,9
69300,151,152,-1,1
69301,64,67,-3,3
69302,105,107,-2,2
69303,117,103,14,14
69304,88,84,4,4
69305,100,99,1,1
69306,88,79,9,9
69307,84,91,-7,7
69308,189,186,3,3
69309,45,65,-20,20
69310,64,86,-22,22
69311,94,94,0,0
69312,199,180,19,19
69313,80,82,-2,2
69314,105,109,-4,4
69315,112,111,1,1
69316,59,35,24,24
69317,54,61,-7,7
69318,123,113,10,10
69319,59,67,-8,8
69320,186,173,13,13
69321,110,110,0,0
69322,117,106,11,11
69323,82,90,-8,8
69324,202,180,22,22
69325,129,113,16,16
69326,91,95,-4,4
69327,131,109,22,22
69328,117,111,6,6
69329,82,76,6,6
69330,78,76,2,2
69331,129,125,4,4
69332,46,39,7,7
69333,122,123,-1,1
69334,124,113,11,11
69335,186,202,-16,16
69336,103,95,8,8
69337,112,123,-11,11
69338,135,144,-9,9
69339,68,69,-1,1
69340,110,112,-2,2
69341,57,59,-2,2
69342,144,130,14,14
69343,115,105,10,10
69344,143,141,2,2
69345,75,96,-21,21
69346,69,68,1,1
69347,140,136,4,4
69348,93,104,-11,11
69349,74,71,3,3
69350,165,155,10,10
69351,77,80,-3,3
69352,57,60,-3,3
69353,87,108,-21,21
69354,123,131,-8,8
69355,78,84,-6,6
69356,120,123,-3,3
69357,100,99,1,1
69358,112,112,0,0
69359,87,97,-10,10
69360,98,86,12,12
69361,106,93,13,13
69362,91,102,-11,11
69363,107,113,-6,6
69364,67,61,6,6
69365,125,115,10,10
69366,61,54,7,7
69367,96,95,1,1
69368,73,72,1,1
69369,70,68,2,2
69370,89,81,8,8
69371,114,112,2,2
69372,74,91,-17,17
69373,133,111,22,22
69374,107,109,-2,2
69375,91,82,9,9
69376,83,84,-1,1
69377,76,67,9,9
69378,75,81,-6,6
69379,83,84,-1,1
69380,62,56,6,6
69381,71,78,-7,7
69382,40,45,-5,5
69383,131,122,9,9
69384,138,146,-8,8
69385,43,52,-9,9
69386,76,80,-4,4
69387,128,146,-18,18
69388,62,56,6,6
69389,128,113,15,15
69390,79,82,-3,3
69391,140,129,11,11
69392,94,101,-7,7
69393,96,94,2,2
69394,43,50,-7,7
69395,159,151,8,8
69396,62,58,4,4
69397,131,127,4,4
69398,65,70,-5,5
69399,63,68,-5,5
69400,116,124,-8,8
69401,65,78,-13,13
69402,70,66,4,4
69403,56,60,-4,4
69404,95,96,-1,1
69405,120,115,5,5
69406,93,95,-2,2
69407,92,102,-10,10
69408,101,96,5,5
69409,106,113,-7,7
69410,151,141,10,10
69411,98,96,2,2
69412,63,65,-2,2
69413,120,124,-4,4
69414,93,94,-1,1
69415,89,92,-3,3
69416,47,69,-22,22
69417,92,109,-17,17
69418,95,86,9,9
69419,90,88,2,2
69420,116,113,3,3
69421,88,87,1,1
69422,107,109,-2,2
69423,168,177,-9,9
69424,49,46,3,3
69425,111,106,5,5
69426,76,80,-4,4
69427,89,71,18,18
69428,72,73,-1,1
69429,131,130,1,1
69430,61,74,-13,13
69431,106,100,6,6
69432,65,69,-4,4
69433,76,78,-2,2
69434,62,86,-24,24
69435,63,64,-1,1
69436,77,75,2,2
69437,120,115,5,5
69438,109,109,0,0
69439,93,91,2,2
69440,66,66,0,0
69441,72,69,3,3
69442,94,85,9,9
69443,143,127,16,16
69444,75,79,-4,4
69445,99,99,0,0
69446,112,114,-2,2
69447,66,67,-1,1
69448,72,65,7,7
69449,46,56,-10,10
69450,100,104,-4,4
69451,89,84,5,5
69452,101,101,0,0
69453,63,60,3,3
69454,108,113,-5,5
69455,89,97,-8,8
69456,101,92,9,9
69457,94,91,3,3
69458,73,76,-3,3
69459,148,123,25,25
69460,142,149,-7,7
69461,92,102,-10,10
69462,151,145,6,6
69463,119,122,-3,3
69464,61,70,-9,9
69465,124,126,-2,2
69466,46,65,-19,19
69467,67,70,-3,3
69468,46,68,-22,22
69469,81,81,0,0
69470,104,106,-2,2
69471,47,53,-6,6
69472,88,91,-3,3
69473,115,85,30,30
69474,92,107,-15,15
69475,100,82,18,18
69476,141,132,9,9
69477,107,110,-3,3
69478,127,102,25,25
69479,117,128,-11,11
69480,72,82,-10,10
69481,81,83,-2,2
69482,100,133,-33,33
69483,84,101,-17,17
69484,70,70,0,0
69485,152,131,21,21
69486,32,38,-6,6
69487,121,131,-10,10
69488,69,70,-1,1
69489,63,57,6,6
69490,76,78,-2,2
69491,81,86,-5,5
69492,106,99,7,7
69493,69,77,-8,8
69494,54,62,-8,8
69495,92,97,-5,5
69496,61,70,-9,9
69497,141,126,15,15
69498,78,75,3,3
69499,124,149,-25,25
69500,94,86,8,8
69501,66,66,0,0
69502,156,157,-1,1
69503,80,103,-23,23
69504,84,95,-11,11
69505,161,153,8,8
69506,106,96,10,10
69507,98,88,10,10
69508,108,115,-7,7
69509,109,97,12,12
69510,85,84,1,1
69511,74,79,-5,5
69512,74,69,5,5
69513,88,96,-8,8
69514,128,108,20,20
69515,93,98,-5,5
69516,140,144,-4,4
69517,109,101,8,8
69518,58,53,5,5
69519,73,80,-7,7
69520,86,91,-5,5
69521,94,85,9,9
69522,332,308,24,24
69523,112,106,6,6
69524,48,48,0,0
69525,73,78,-5,5
69526,116,112,4,4
69527,105,96,9,9
69528,65,62,3,3
69529,108,102,6,6
69530,83,89,-6,6
69531,81,91,-10,10
69532,155,187,-32,32
69533,110,87,23,23
69534,120,114,6,6
69535,92,91,1,1
69536,152,136,16,16
69537,131,138,-7,7
69538,48,67,-19,19
69539,68,74,-6,6
69540,74,73,1,1
69541,86,94,-8,8
69542,148,148,0,0
69543,188,176,12,12
69544,79,92,-13,13
69545,125,122,3,3
69546,95,88,7,7
69547,63,57,6,6
69548,78,74,4,4
69549,116,114,2,2
69550,83,78,5,5
69551,68,72,-4,4
69552,104,127,-23,23
69553,107,103,4,4
69554,93,87,6,6
69555,115,109,6,6
69556,105,97,8,8
69557,76,96,-20,20
69558,129,117,12,12
69559,53,54,-1,1
69560,78,87,-9,9
69561,108,99,9,9
69562,39,53,-14,14
69563,81,79,2,2
69564,122,123,-1,1
69565,74,74,0,0
69566,63,62,1,1
69567,115,121,-6,6
69568,119,127,-8,8
69569,130,130,0,0
69570,103,125,-22,22
69571,107,114,-7,7
69572,69,80,-11,11
69573,130,123,7,7
69574,98,109,-11,11
69575,126,112,14,14
69576,119,112,7,7
69577,86,86,0,0
69578,211,208,3,3
69579,82,76,6,6
69580,64,65,-1,1
69581,96,70,26,26
69582,63,66,-3,3
69583,102,101,1,1
69584,119,131,-12,12
69585,82,81,1,1
69586,119,116,3,3
69587,64,61,3,3
69588,48,57,-9,9
69589,140,135,5,5
69590,112,104,8,8
69591,93,101,-8,8
69592,88,86,2,2
69593,93,73,20,20
69594,60,64,-4,4
69595,66,58,8,8
69596,48,51,-3,3
69597,101,97,4,4
69598,54,59,-5,5
69599,99,93,6,6
69600,81,80,1,1
69601,155,146,9,9
69602,80,71,9,9
69603,69,69,0,0
69604,65,74,-9,9
69605,81,81,0,0
69606,100,111,-11,11
69607,89,101,-12,12
69608,86,88,-2,2
69609,107,111,-4,4
69610,61,68,-7,7
69611,59,62,-3,3
69612,51,59,-8,8
69613,147,153,-6,6
69614,127,127,0,0
69615,130,132,-2,2
69616,53,56,-3,3
69617,117,98,19,19
69618,132,134,-2,2
69619,119,113,6,6
69620,107,86,21,21
69621,79,105,-26,26
69622,157,147,10,10
69623,125,106,19,19
69624,60,65,-5,5
69625,79,66,13,13
69626,80,82,-2,2
69627,151,129,22,22
69628,109,101,8,8
69629,64,69,-5,5
69630,111,103,8,8
69631,44,46,-2,2
69632,95,80,15,15
69633,137,124,13,13
69634,121,101,20,20
69635,51,62,-11,11
69636,53,64,-11,11
69637,93,91,2,2
69638,91,102,-11,11
69639,125,116,9,9
69640,59,61,-2,2
69641,63,66,-3,3
69642,111,101,10,10
69643,117,122,-5,5
69644,74,68,6,6
69645,117,114,3,3
69646,65,68,-3,3
69647,100,76,24,24
69648,227,219,8,8
69649,145,206,-61,61
69650,82,86,-4,4
69651,93,73,20,20
69652,120,131,-11,11
69653,122,115,7,7
69654,121,116,5,5
69655,106,99,7,7
69656,95,109,-14,14
69657,71,82,-11,11
69658,64,62,2,2
69659,103,100,3,3
69660,66,87,-21,21
69661,60,66,-6,6
69662,85,85,0,0
69663,110,109,1,1
69664,109,104,5,5
69665,80,92,-12,12
69666,80,85,-5,5
69667,147,141,6,6
69668,107,122,-15,15
69669,61,72,-11,11
69670,163,163,0,0
69671,60,58,2,2
69672,85,77,8,8
69673,152,162,-10,10
69674,90,89,1,1
69675,81,88,-7,7
69676,76,78,-2,2
69677,95,88,7,7
69678,70,67,3,3
69679,101,103,-2,2
69680,65,57,8,8
69681,78,87,-9,9
69682,94,91,3,3
69683,69,67,2,2
69684,161,156,5,5
69685,97,106,-9,9
69686,66,70,-4,4
69687,171,153,18,18
69688,93,82,11,11
69689,98,91,7,7
69690,101,104,-3,3
69691,97,95,2,2
69692,74,88,-14,14
69693,88,83,5,5
69694,184,184,0,0
69695,74,82,-8,8
69696,65,75,-10,10
69697,193,183,10,10
69698,103,96,7,7
69699,57,54,3,3
69700,113,126,-13,13
69701,145,183,-38,38
69702,60,64,-4,4
69703,128,136,-8,8
69704,89,84,5,5
69705,80,83,-3,3
69706,79,76,3,3
69707,114,103,11,11
69708,200,190,10,10
69709,133,128,5,5
69710,114,115,-1,1
69711,125,112,13,13
69712,82,80,2,2
69713,90,77,13,13
69714,95,90,5,5
69715,140,129,11,11
69716,96,103,-7,7
69717,186,175,11,11
69718,89,98,-9,9
69719,57,66,-9,9
69720,76,80,-4,4
69721,64,59,5,5
69722,138,130,8,8
69723,97,79,18,18
69724,95,101,-6,6
69725,157,160,-3,3
69726,76,65,11,11
69727,77,77,0,0
69728,110,114,-4,4
69729,191,177,14,14
69730,70,63,7,7
69731,100,118,-18,18
69732,98,108,-10,10
69733,64,77,-13,13
69734,106,98,8,8
69735,95,90,5,5
69736,70,76,-6,6
69737,132,117,15,15
69738,43,41,2,2
69739,177,186,-9,9
69740,59,69,-10,10
69741,42,53,-11,11
69742,40,56,-16,16
69743,82,31,51,51
69744,79,87,-8,8
69745,62,86,-24,24
69746,108,98,10,10
69747,103,114,-11,11
69748,92,94,-2,2
69749,63,67,-4,4
69750,65,72,-7,7
69751,144,134,10,10
69752,92,105,-13,13
69753,129,126,3,3
69754,137,148,-11,11
69755,122,129,-7,7
69756,48,64,-16,16
69757,85,74,11,11
69758,90,94,-4,4
69759,82,79,3,3
69760,112,99,13,13
69761,85,94,-9,9
69762,91,88,3,3
69763,78,78,0,0
69764,69,71,-2,2
69765,121,107,14,14
69766,68,62,6,6
69767,131,126,5,5
69768,89,88,1,1
69769,93,96,-3,3
69770,54,54,0,0
69771,136,134,2,2
69772,35,69,-34,34
69773,178,155,23,23
69774,105,100,5,5
69775,145,148,-3,3
69776,75,81,-6,6
69777,117,101,16,16
69778,63,62,1,1
69779,132,134,-2,2
69780,100,110,-10,10
69781,67,65,2,2
69782,47,53,-6,6
69783,128,114,14,14
69784,119,129,-10,10
69785,119,122,-3,3
69786,93,71,22,22
69787,121,120,1,1
69788,79,72,7,7
69789,166,157,9,9
69790,87,69,18,18
69791,85,85,0,0
69792,80,88,-8,8
69793,68,90,-22,22
69794,131,132,-1,1
69795,124,119,5,5
69796,146,140,6,6
69797,71,72,-1,1
69798,89,100,-11,11
69799,60,71,-11,11
69800,64,62,2,2
69801,63,80,-17,17
69802,61,67,-6,6
69803,119,114,5,5
69804,83,93,-10,10
69805,96,97,-1,1
69806,116,133,-17,17
69807,122,113,9,9
69808,102,91,11,11
69809,85,89,-4,4
69810,129,125,4,4
69811,109,105,4,4
69812,41,38,3,3
69813,95,105,-10,10
69814,131,120,11,11
69815,98,80,18,18
69816,105,97,8,8
69817,35,44,-9,9
69818,65,71,-6,6
69819,69,71,-2,2
69820,72,69,3,3
69821,101,100,1,1
69822,86,85,1,1
69823,103,100,3,3
69824,110,99,11,11
69825,77,58,19,19
69826,98,81,17,17
69827,107,102,5,5
69828,72,80,-8,8
69829,109,108,1,1
69830,68,65,3,3
69831,64,58,6,6
69832,158,145,13,13
69833,112,124,-12,12
69834,71,85,-14,14
69835,119,112,7,7
69836,63,67,-4,4
69837,66,81,-15,15
69838,90,89,1,1
69839,114,117,-3,3
69840,81,92,-11,11
69841,136,121,15,15
69842,92,84,8,8
69843,46,63,-17,17
69844,48,53,-5,5
69845,99,88,11,11
69846,63,65,-2,2
69847,113,113,0,0
69848,77,80,-3,3
69849,95,103,-8,8
69850,95,95,0,0
69851,92,97,-5,5
69852,77,79,-2,2
69853,108,110,-2,2
69854,80,77,3,3
69855,106,101,5,5
69856,193,181,12,12
69857,138,124,14,14
69858,146,146,0,0
69859,146,145,1,1
69860,121,108,13,13
69861,134,131,3,3
69862,92,89,3,3
69863,109,107,2,2
69864,94,105,-11,11
69865,96,107,-11,11
69866,105,110,-5,5
69867,124,119,5,5
69868,101,96,5,5
69869,63,68,-5,5
69870,91,92,-1,1
69871,75,86,-11,11
69872,89,97,-8,8
69873,134,131,3,3
69874,130,132,-2,2
69875,71,79,-8,8
69876,152,151,1,1
69877,79,67,12,12
69878,82,76,6,6
69879,80,86,-6,6
69880,51,69,-18,18
69881,134,130,4,4
69882,120,110,10,10
69883,88,84,4,4
69884,66,73,-7,7
69885,40,52,-12,12
69886,81,81,0,0
69887,125,117,8,8
69888,57,66,-9,9
69889,127,120,7,7
69890,70,61,9,9
69891,144,101,43,43
69892,100,113,-13,13
69893,190,163,27,27
69894,79,77,2,2
69895,95,67,28,28
69896,86,77,9,9
69897,75,47,28,28
69898,108,98,10,10
69899,74,73,1,1
69900,110,115,-5,5
69901,121,115,6,6
69902,75,75,0,0
69903,193,167,26,26
69904,102,105,-3,3
69905,83,95,-12,12
69906,161,172,-11,11
69907,43,54,-11,11
69908,157,175,-18,18
69909,152,152,0,0
69910,166,153,13,13
69911,61,58,3,3
69912,123,122,1,1
69913,77,66,11,11
69914,76,66,10,10
69915,103,113,-10,10
69916,73,67,6,6
69917,94,90,4,4
69918,71,87,-16,16
69919,69,79,-10,10
69920,46,62,-16,16
69921,59,60,-1,1
69922,109,98,11,11
69923,166,170,-4,4
69924,65,67,-2,2
69925,97,87,10,10
69926,170,154,16,16
69927,76,74,2,2
69928,79,84,-5,5
69929,84,94,-10,10
69930,36,42,-6,6
69931,149,152,-3,3
69932,61,58,3,3
69933,109,111,-2,2
69934,160,135,25,25
69935,96,84,12,12
69936,139,133,6,6
69937,59,57,2,2
69938,52,39,13,13
69939,148,138,10,10
69940,90,66,24,24
69941,68,60,8,8
69942,60,79,-19,19
69943,110,113,-3,3
69944,80,89,-9,9
69945,37,37,0,0
69946,75,82,-7,7
69947,62,79,-17,17
69948,66,63,3,3
69949,99,106,-7,7
69950,105,106,-1,1
69951,165,145,20,20
69952,164,157,7,7
69953,93,102,-9,9
69954,58,77,-19,19
69955,93,90,3,3
69956,37,44,-7,7
69957,68,75,-7,7
69958,122,121,1,1
69959,36,52,-16,16
69960,109,114,-5,5
69961,111,100,11,11
69962,39,56,-17,17
69963,139,130,9,9
69964,109,109,0,0
69965,169,169,0,0
69966,138,136,2,2
69967,104,132,-28,28
69968,170,191,-21,21
69969,66,83,-17,17
69970,154,150,4,4
69971,46,51,-5,5
69972,136,129,7,7
69973,81,78,3,3
69974,390,346,44,44
69975,88,83,5,5
69976,66,90,-24,24
69977,69,66,3,3
69978,48,56,-8,8
69979,136,116,20,20
69980,85,81,4,4
69981,73,75,-2,2
69982,128,142,-14,14
69983,90,102,-12,12
69984,105,102,3,3
69985,127,125,2,2
69986,102,108,-6,6
69987,111,117,-6,6
69988,110,96,14,14
69989,92,88,4,4
69990,66,105,-39,39
69991,103,104,-1,1
69992,111,103,8,8
69993,120,120,0,0
69994,96,100,-4,4
69995,141,141,0,0
69996,89,101,-12,12
69997,66,70,-4,4
69998,95,94,1,1
69999,83,91,-8,8
70000,62,57,5,5
70001,136,138,-2,2
70002,99,88,11,11
70003,78,78,0,0
70004,79,94,-15,15
70005,86,75,11,11
70006,70,69,1,1
70007,128,134,-6,6
70008,100,74,26,26
70009,116,105,11,11
70010,165,169,-4,4
70011,125,118,7,7
70012,63,66,-3,3
70013,93,105,-12,12
70014,135,121,14,14
70015,61,52,9,9
70016,55,56,-1,1
70017,95,92,3,3
70018,98,92,6,6
70019,54,55,-1,1
70020,85,87,-2,2
70021,96,104,-8,8
70022,132,129,3,3
70023,81,84,-3,3
70024,57,65,-8,8
70025,71,69,2,2
70026,92,86,6,6
70027,99,90,9,9
70028,87,80,7,7
70029,116,105,11,11
70030,46,56,-10,10
70031,29,36,-7,7
70032,163,163,0,0
70033,110,108,2,2
70034,68,66,2,2
70035,62,60,2,2
70036,60,69,-9,9
70037,91,99,-8,8
70038,35,53,-18,18
70039,61,64,-3,3
70040,101,82,19,19
70041,135,125,10,10
70042,169,168,1,1
70043,122,118,4,4
70044,182,174,8,8
70045,86,94,-8,8
70046,121,115,6,6
70047,65,61,4,4
70048,84,119,-35,35
70049,98,87,11,11
70050,61,69,-8,8
70051,71,78,-7,7
70052,54,59,-5,5
70053,130,120,10,10
70054,47,51,-4,4
70055,78,74,4,4
70056,83,74,9,9
70057,119,112,7,7
70058,86,73,13,13
70059,92,95,-3,3
70060,76,82,-6,6
70061,80,85,-5,5
70062,103,99,4,4
70063,113,106,7,7
70064,79,82,-3,3
70065,68,63,5,5
70066,115,116,-1,1
70067,62,69,-7,7
70068,107,120,-13,13
70069,115,106,9,9
70070,138,130,8,8
70071,115,124,-9,9
70072,117,109,8,8
70073,92,157,-65,65
70074,122,107,15,15
70075,54,58,-4,4
70076,76,75,1,1
70077,96,79,17,17
70078,57,50,7,7
70079,108,106,2,2
70080,104,108,-4,4
70081,107,102,5,5
70082,66,48,18,18
70083,57,56,1,1
70084,72,70,2,2
70085,63,104,-41,41
70086,119,109,10,10
70087,123,114,9,9
70088,86,89,-3,3
70089,121,99,22,22
70090,72,62,10,10
70091,70,67,3,3
70092,84,75,9,9
70093,72,78,-6,6
70094,61,63,-2,2
70095,128,114,14,14
70096,90,95,-5,5
70097,138,152,-14,14
70098,80,80,0,0
70099,134,103,31,31
70100,135,141,-6,6
70101,108,100,8,8
70102,114,98,16,16
70103,87,76,11,11
70104,29,46,-17,17
70105,84,84,0,0
70106,139,144,-5,5
70107,126,115,11,11
70108,61,61,0,0
70109,22,33,-11,11
70110,61,75,-14,14
70111,74,81,-7,7
70112,120,119,1,1
70113,69,66,3,3
70114,61,61,0,0
70115,88,96,-8,8
70116,102,99,3,3
70117,107,110,-3,3
70118,103,104,-1,1
70119,89,96,-7,7
70120,134,133,1,1
70121,52,73,-21,21
70122,63,99,-36,36
70123,116,112,4,4
70124,123,120,3,3
70125,101,99,2,2
70126,58,57,1,1
70127,95,90,5,5
70128,66,67,-1,1
70129,69,64,5,5
70130,107,103,4,4
70131,118,125,-7,7
70132,155,136,19,19
70133,75,73,2,2
70134,103,89,14,14
70135,81,80,1,1
70136,94,91,3,3
70137,64,67,-3,3
70138,135,129,6,6
70139,116,136,-20,20
70140,213,179,34,34
70141,87,87,0,0
70142,109,117,-8,8
70143,149,140,9,9
70144,81,102,-21,21
70145,78,77,1,1
70146,62,62,0,0
70147,73,80,-7,7
70148,68,67,1,1
70149,103,67,36,36
70150,121,107,14,14
70151,165,154,11,11
70152,105,99,6,6
70153,71,69,2,2
70154,139,147,-8,8
70155,75,97,-22,22
70156,146,145,1,1
70157,88,91,-3,3
70158,184,179,5,5
70159,122,108,14,14
70160,50,85,-35,35
70161,98,106,-8,8
70162,28,60,-32,32
70163,68,64,4,4
70164,34,38,-4,4
70165,88,82,6,6
70166,87,97,-10,10
70167,91,83,8,8
70168,97,99,-2,2
70169,93,77,16,16
70170,46,59,-13,13
70171,63,63,0,0
70172,54,61,-7,7
70173,68,64,4,4
70174,100,120,-20,20
70175,51,60,-9,9
70176,92,99,-7,7
70177,111,114,-3,3
70178,66,70,-4,4
70179,60,76,-16,16
70180,66,72,-6,6
70181,130,119,11,11
70182,125,111,14,14
70183,134,131,3,3
70184,139,135,4,4
70185,105,111,-6,6
70186,70,72,-2,2
70187,106,99,7,7
70188,146,123,23,23
70189,144,141,3,3
70190,108,123,-15,15
70191,77,82,-5,5
70192,99,94,5,5
70193,79,81,-2,2
70194,65,71,-6,6
70195,65,78,-13,13
70196,89,99,-10,10
70197,128,119,9,9
70198,95,118,-23,23
70199,131,144,-13,13
70200,48,51,-3,3
70201,127,115,12,12
70202,102,101,1,1
70203,127,126,1,1
70204,53,55,-2,2
70205,148,129,19,19
70206,173,153,20,20
70207,110,102,8,8
70208,61,66,-5,5
70209,65,67,-2,2
70210,83,87,-4,4
70211,125,120,5,5
70212,94,88,6,6
70213,82,76,6,6
70214,95,82,13,13
70215,48,49,-1,1
70216,112,103,9,9
70217,74,81,-7,7
70218,114,114,0,0
70219,64,71,-7,7
70220,109,109,0,0
70221,163,150,13,13
70222,136,134,2,2
70223,218,196,22,22
70224,114,98,16,16
70225,152,149,3,3
70226,115,115,0,0
70227,70,87,-17,17
70228,76,79,-3,3
70229,101,97,4,4
70230,122,106,16,16
70231,95,86,9,9
70232,112,142,-30,30
70233,114,111,3,3
70234,93,88,5,5
70235,56,65,-9,9
70236,110,136,-26,26
70237,97,99,-2,2
70238,86,96,-10,10
70239,87,90,-3,3
70240,55,72,-17,17
70241,183,205,-22,22
70242,99,102,-3,3
70243,102,106,-4,4
70244,113,113,0,0
70245,95,88,7,7
70246,191,162,29,29
70247,82,85,-3,3
70248,55,59,-4,4
70249,60,70,-10,10
70250,81,82,-1,1
70251,87,85,2,2
70252,142,140,2,2
70253,97,80,17,17
70254,116,100,16,16
70255,73,76,-3,3
70256,87,92,-5,5
70257,102,93,9,9
70258,57,65,-8,8
70259,56,61,-5,5
70260,193,173,20,20
70261,99,103,-4,4
70262,61,70,-9,9
70263,90,87,3,3
70264,129,126,3,3
70265,86,87,-1,1
70266,68,74,-6,6
70267,106,92,14,14
70268,101,108,-7,7
70269,139,124,15,15
70270,97,105,-8,8
70271,79,87,-8,8
70272,54,66,-12,12
70273,47,59,-12,12
70274,119,109,10,10
70275,93,90,3,3
70276,70,85,-15,15
70277,109,105,4,4
70278,55,71,-16,16
70279,127,135,-8,8
70280,76,74,2,2
70281,35,39,-4,4
70282,66,69,-3,3
70283,72,72,0,0
70284,91,100,-9,9
70285,128,130,-2,2
70286,123,132,-9,9
70287,129,121,8,8
70288,106,102,4,4
70289,84,83,1,1
70290,99,93,6,6
70291,59,56,3,3
70292,54,66,-12,12
70293,120,118,2,2
70294,188,176,12,12
70295,83,84,-1,1
70296,146,124,22,22
70297,69,77,-8,8
70298,58,57,1,1
70299,173,178,-5,5
70300,131,112,19,19
70301,150,142,8,8
70302,115,107,8,8
70303,107,97,10,10
70304,131,127,4,4
70305,101,104,-3,3
70306,105,94,11,11
70307,104,95,9,9
70308,138,125,13,13
70309,62,60,2,2
70310,88,87,1,1
70311,44,54,-10,10
70312,116,112,4,4
70313,84,79,5,5
70314,80,105,-25,25
70315,112,110,2,2
70316,85,91,-6,6
70317,82,76,6,6
70318,101,99,2,2
70319,123,157,-34,34
70320,137,118,19,19
70321,112,106,6,6
70322,72,75,-3,3
70323,100,89,11,11
70324,106,107,-1,1
70325,64,58,6,6
70326,115,112,3,3
70327,44,46,-2,2
70328,112,114,-2,2
70329,113,105,8,8
70330,203,183,20,20
70331,113,98,15,15
70332,154,147,7,7
70333,88,96,-8,8
70334,88,104,-16,16
70335,56,61,-5,5
70336,116,105,11,11
70337,104,104,0,0
70338,96,96,0,0
70339,99,101,-2,2
70340,98,97,1,1
70341,128,131,-3,3
70342,79,85,-6,6
70343,97,103,-6,6
70344,68,72,-4,4
70345,93,79,14,14
70346,99,95,4,4
70347,68,81,-13,13
70348,83,74,9,9
70349,85,79,6,6
70350,89,102,-13,13
70351,95,91,4,4
70352,133,139,-6,6
70353,86,84,2,2
70354,94,93,1,1
70355,63,71,-8,8
70356,134,140,-6,6
70357,79,88,-9,9
70358,55,60,-5,5
70359,82,97,-15,15
70360,60,58,2,2
70361,63,71,-8,8
70362,179,170,9,9
70363,127,124,3,3
70364,65,58,7,7
70365,101,104,-3,3
70366,112,101,11,11
70367,66,65,1,1
70368,104,114,-10,10
70369,80,96,-16,16
70370,84,81,3,3
70371,57,64,-7,7
70372,55,54,1,1
70373,134,128,6,6
70374,125,117,8,8
70375,83,83,0,0
70376,66,70,-4,4
70377,59,85,-26,26
70378,117,118,-1,1
70379,103,138,-35,35
70380,101,94,7,7
70381,128,127,1,1
70382,92,104,-12,12
70383,167,158,9,9
70384,79,83,-4,4
70385,121,115,6,6
70386,85,76,9,9
70387,80,65,15,15
70388,26,37,-11,11
70389,52,53,-1,1
70390,58,66,-8,8
70391,137,131,6,6
70392,48,67,-19,19
70393,138,129,9,9
70394,81,72,9,9
70395,132,135,-3,3
70396,111,111,0,0
70397,115,123,-8,8
70398,129,132,-3,3
70399,125,127,-2,2
70400,138,165,-27,27
70401,51,59,-8,8
70402,131,147,-16,16
70403,164,176,-12,12
70404,107,90,17,17
70405,102,100,2,2
70406,66,68,-2,2
70407,59,58,1,1
70408,60,60,0,0
70409,145,137,8,8
70410,143,131,12,12
70411,121,126,-5,5
70412,98,105,-7,7
70413,107,100,7,7
70414,69,67,2,2
70415,154,154,0,0
70416,93,102,-9,9
70417,93,88,5,5
70418,41,41,0,0
70419,103,108,-5,5
70420,81,77,4,4
70421,105,101,4,4
70422,60,63,-3,3
70423,90,95,-5,5
70424,76,85,-9,9
70425,98,100,-2,2
70426,70,69,1,1
70427,49,61,-12,12
70428,113,107,6,6
70429,45,56,-11,11
70430,109,117,-8,8
70431,53,54,-1,1
70432,98,75,23,23
70433,70,66,4,4
70434,91,84,7,7
70435,126,118,8,8
70436,68,48,20,20
70437,54,75,-21,21
70438,99,95,4,4
70439,85,86,-1,1
70440,85,79,6,6
70441,93,95,-2,2
70442,69,71,-2,2
70443,59,64,-5,5
70444,47,71,-24,24
70445,83,81,2,2
70446,103,113,-10,10
70447,93,92,1,1
70448,125,139,-14,14
70449,97,95,2,2
70450,103,106,-3,3
70451,79,81,-2,2
70452,103,119,-16,16
70453,132,121,11,11
70454,165,151,14,14
70455,132,127,5,5
70456,88,88,0,0
70457,92,87,5,5
70458,75,80,-5,5
70459,108,109,-1,1
70460,98,93,5,5
70461,133,155,-22,22
70462,75,68,7,7
70463,187,188,-1,1
70464,123,111,12,12
70465,63,86,-23,23
70466,92,106,-14,14
70467,117,120,-3,3
70468,98,91,7,7
70469,247,312,-65,65
70470,98,106,-8,8
70471,102,106,-4,4
70472,66,99,-33,33
70473,62,60,2,2
70474,84,82,2,2
70475,52,57,-5,5
70476,107,102,5,5
70477,155,137,18,18
70478,118,114,4,4
70479,150,150,0,0
70480,112,102,10,10
70481,106,97,9,9
70482,61,58,3,3
70483,101,105,-4,4
70484,80,70,10,10
70485,65,82,-17,17
70486,86,82,4,4
70487,74,69,5,5
70488,163,147,16,16
70489,100,103,-3,3
70490,44,61,-17,17
70491,86,73,13,13
70492,119,121,-2,2
70493,80,77,3,3
70494,57,64,-7,7
70495,136,147,-11,11
70496,113,106,7,7
70497,75,72,3,3
70498,41,47,-6,6
70499,125,138,-13,13
70500,77,75,2,2
70501,97,91,6,6
70502,159,160,-1,1
70503,43,47,-4,4
70504,47,50,-3,3
70505,53,59,-6,6
70506,141,124,17,17
70507,79,95,-16,16
70508,74,74,0,0
70509,117,120,-3,3
70510,39,57,-18,18
70511,74,81,-7,7
70512,131,138,-7,7
70513,95,102,-7,7
70514,152,131,21,21
70515,80,91,-11,11
70516,125,105,20,20
70517,114,110,4,4
70518,113,95,18,18
70519,58,69,-11,11
70520,98,84,14,14
70521,135,126,9,9
70522,88,102,-14,14
70523,147,143,4,4
70524,83,91,-8,8
70525,145,150,-5,5
70526,144,150,-6,6
70527,142,119,23,23
70528,65,72,-7,7
70529,59,63,-4,4
70530,116,115,1,1
70531,51,49,2,2
70532,48,58,-10,10
70533,113,120,-7,7
70534,87,71,16,16
70535,72,78,-6,6
70536,100,101,-1,1
70537,66,78,-12,12
70538,106,113,-7,7
70539,128,115,13,13
70540,71,60,11,11
70541,69,75,-6,6
70542,117,128,-11,11
70543,125,116,9,9
70544,105,104,1,1
70545,43,46,-3,3
70546,154,153,1,1
70547,77,86,-9,9
70548,104,104,0,0
70549,112,110,2,2
70550,84,83,1,1
70551,69,67,2,2
70552,135,125,10,10
70553,130,134,-4,4
70554,117,131,-14,14
70555,47,61,-14,14
70556,114,121,-7,7
70557,100,98,2,2
70558,129,141,-12,12
70559,59,77,-18,18
70560,159,142,17,17
70561,61,44,17,17
70562,51,52,-1,1
70563,92,81,11,11
70564,73,74,-1,1
70565,98,84,14,14
70566,117,115,2,2
70567,100,109,-9,9
70568,54,74,-20,20
70569,76,64,12,12
70570,132,125,7,7
70571,178,155,23,23
70572,91,87,4,4
70573,127,117,10,10
70574,75,71,4,4
70575,70,67,3,3
70576,124,133,-9,9
70577,125,125,0,0
70578,80,81,-1,1
70579,59,70,-11,11
70580,82,92,-10,10
70581,130,127,3,3
70582,82,93,-11,11
70583,93,84,9,9
70584,82,87,-5,5
70585,160,141,19,19
70586,83,84,-1,1
70587,128,117,11,11
70588,123,108,15,15
70589,98,88,10,10
70590,104,92,12,12
70591,109,101,8,8
70592,48,48,0,0
70593,62,57,5,5
70594,63,56,7,7
70595,63,82,-19,19
70596,115,105,10,10
70597,94,90,4,4
70598,94,104,-10,10
70599,91,82,9,9
70600,141,140,1,1
70601,162,161,1,1
70602,91,96,-5,5
70603,88,95,-7,7
70604,117,128,-11,11
70605,52,56,-4,4
70606,57,53,4,4
70607,106,96,10,10
70608,77,82,-5,5
70609,58,76,-18,18
70610,85,78,7,7
70611,110,108,2,2
70612,74,82,-8,8
70613,97,89,8,8
70614,58,67,-9,9
70615,92,98,-6,6
70616,97,100,-3,3
70617,73,69,4,4
70618,89,95,-6,6
70619,108,109,-1,1
70620,129,115,14,14
70621,83,85,-2,2
70622,97,100,-3,3
70623,88,89,-1,1
70624,88,80,8,8
70625,74,85,-11,11
70626,103,114,-11,11
70627,93,87,6,6
70628,39,45,-6,6
70629,168,146,22,22
70630,102,94,8,8
70631,77,91,-14,14
70632,209,209,0,0
70633,88,82,6,6
70634,88,89,-1,1
70635,95,97,-2,2
70636,113,109,4,4
70637,109,106,3,3
70638,93,89,4,4
70639,167,161,6,6
70640,55,78,-23,23
70641,115,110,5,5
70642,101,104,-3,3
70643,52,64,-12,12
70644,155,156,-1,1
70645,47,63,-16,16
70646,123,114,9,9
70647,71,72,-1,1
70648,109,116,-7,7
70649,63,72,-9,9
70650,132,146,-14,14
70651,74,80,-6,6
70652,89,101,-12,12
70653,131,129,2,2
70654,71,74,-3,3
70655,100,84,16,16
70656,76,83,-7,7
70657,67,74,-7,7
70658,121,107,14,14
70659,45,61,-16,16
70660,79,70,9,9
70661,145,137,8,8
70662,242,214,28,28
70663,64,67,-3,3
70664,146,130,16,16
70665,80,89,-9,9
70666,135,132,3,3
70667,94,100,-6,6
70668,88,82,6,6
70669,119,120,-1,1
70670,129,115,14,14
70671,86,84,2,2
70672,60,56,4,4
70673,148,158,-10,10
70674,43,58,-15,15
70675,41,41,0,0
70676,272,251,21,21
70677,116,99,17,17
70678,86,82,4,4
70679,69,78,-9,9
70680,51,54,-3,3
70681,80,79,1,1
70682,83,74,9,9
70683,108,96,12,12
70684,66,66,0,0
70685,178,180,-2,2
70686,138,133,5,5
70687,124,97,27,27
70688,58,60,-2,2
70689,93,87,6,6
70690,135,116,19,19
70691,98,86,12,12
70692,91,81,10,10
70693,83,77,6,6
70694,192,182,10,10
70695,119,111,8,8
70696,44,46,-2,2
70697,83,84,-1,1
70698,75,86,-11,11
70699,216,208,8,8
70700,178,173,5,5
70701,81,84,-3,3
70702,56,70,-14,14
70703,85,80,5,5
70704,87,76,11,11
70705,77,72,5,5
70706,73,80,-7,7
70707,122,118,4,4
70708,169,145,24,24
70709,155,150,5,5
70710,111,112,-1,1
70711,37,55,-18,18
70712,116,124,-8,8
70713,107,108,-1,1
70714,63,70,-7,7
70715,97,92,5,5
70716,108,97,11,11
70717,94,89,5,5
70718,56,61,-5,5
70719,49,50,-1,1
70720,87,105,-18,18
70721,110,110,0,0
70722,89,80,9,9
70723,87,80,7,7
70724,127,124,3,3
70725,82,93,-11,11
70726,58,60,-2,2
70727,69,76,-7,7
70728,66,58,8,8
70729,62,86,-24,24
70730,80,85,-5,5
70731,62,62,0,0
70732,46,44,2,2
70733,48,64,-16,16
70734,77,74,3,3
70735,99,117,-18,18
70736,98,100,-2,2
70737,87,89,-2,2
70738,63,71,-8,8
70739,114,122,-8,8
70740,121,118,3,3
70741,70,78,-8,8
70742,118,110,8,8
70743,116,119,-3,3
70744,89,97,-8,8
70745,100,103,-3,3
70746,249,329,-80,80
70747,202,192,10,10
70748,152,133,19,19
70749,140,136,4,4
70750,162,151,11,11
70751,90,84,6,6
70752,132,114,18,18
70753,79,78,1,1
70754,73,74,-1,1
70755,115,107,8,8
70756,188,180,8,8
70757,72,69,3,3
70758,112,113,-1,1
70759,131,132,-1,1
70760,128,120,8,8
70761,125,121,4,4
70762,133,121,12,12
70763,159,154,5,5
70764,96,99,-3,3
70765,85,81,4,4
70766,103,102,1,1
70767,74,70,4,4
70768,139,132,7,7
70769,114,110,4,4
70770,35,53,-18,18
70771,56,75,-19,19
70772,85,87,-2,2
70773,111,102,9,9
70774,107,109,-2,2
70775,138,129,9,9
70776,79,78,1,1
70777,89,94,-5,5
70778,97,93,4,4
70779,88,81,7,7
70780,77,82,-5,5
70781,83,78,5,5
70782,138,130,8,8
70783,109,103,6,6
70784,58,67,-9,9
70785,65,69,-4,4
70786,97,101,-4,4
70787,95,102,-7,7
70788,93,94,-1,1
70789,80,90,-10,10
70790,88,80,8,8
70791,104,102,2,2
70792,72,70,2,2
70793,75,65,10,10
70794,88,93,-5,5
70795,104,111,-7,7
70796,70,68,2,2
70797,83,85,-2,2
70798,108,104,4,4
70799,84,83,1,1
70800,91,95,-4,4
70801,115,115,0,0
70802,80,91,-11,11
70803,122,131,-9,9
70804,116,111,5,5
70805,119,115,4,4
70806,105,127,-22,22
70807,80,80,0,0
70808,63,83,-20,20
70809,108,111,-3,3
70810,73,70,3,3
70811,116,119,-3,3
70812,101,94,7,7
70813,78,81,-3,3
70814,137,136,1,1
70815,94,95,-1,1
70816,63,70,-7,7
70817,122,126,-4,4
70818,145,133,12,12
70819,110,106,4,4
70820,86,81,5,5
70821,160,139,21,21
70822,149,148,1,1
70823,93,93,0,0
70824,77,69,8,8
70825,43,49,-6,6
70826,85,93,-8,8
70827,85,74,11,11
70828,71,73,-2,2
70829,68,77,-9,9
70830,85,89,-4,4
70831,74,79,-5,5
70832,152,147,5,5
70833,161,147,14,14
70834,130,132,-2,2
70835,83,78,5,5
70836,102,103,-1,1
70837,96,101,-5,5
70838,111,104,7,7
70839,41,41,0,0
70840,54,62,-8,8
70841,119,114,5,5
70842,89,77,12,12
70843,105,98,7,7
70844,163,152,11,11
70845,102,102,0,0
70846,90,89,1,1
70847,52,66,-14,14
70848,61,64,-3,3
70849,84,97,-13,13
70850,87,91,-4,4
70851,56,74,-18,18
70852,86,95,-9,9
70853,153,142,11,11
70854,130,126,4,4
70855,171,160,11,11
70856,81,75,6,6
70857,76,73,3,3
70858,82,91,-9,9
70859,114,126,-12,12
70860,103,112,-9,9
70861,98,100,-2,2
70862,130,125,5,5
70863,145,125,20,20
70864,66,80,-14,14
70865,136,108,28,28
70866,96,118,-22,22
70867,35,37,-2,2
70868,77,95,-18,18
70869,108,95,13,13
70870,91,112,-21,21
70871,68,79,-11,11
70872,114,116,-2,2
70873,38,43,-5,5
70874,123,100,23,23
70875,81,86,-5,5
70876,96,93,3,3
70877,89,79,10,10
70878,129,148,-19,19
70879,93,89,4,4
70880,57,63,-6,6
70881,81,77,4,4
70882,137,124,13,13
70883,83,79,4,4
70884,97,98,-1,1
70885,100,97,3,3
70886,83,83,0,0
70887,94,83,11,11
70888,87,99,-12,12
70889,154,152,2,2
70890,126,96,30,30
70891,74,74,0,0
70892,87,100,-13,13
70893,62,74,-12,12
70894,61,66,-5,5
70895,94,86,8,8
70896,91,85,6,6
70897,67,74,-7,7
70898,87,85,2,2
70899,58,72,-14,14
70900,126,110,16,16
70901,102,103,-1,1
70902,97,97,0,0
70903,60,61,-1,1
70904,84,90,-6,6
70905,168,141,27,27
70906,89,92,-3,3
70907,60,60,0,0
70908,99,98,1,1
70909,119,114,5,5
70910,90,87,3,3
70911,150,146,4,4
70912,95,110,-15,15
70913,79,79,0,0
70914,45,58,-13,13
70915,101,102,-1,1
70916,123,121,2,2
70917,145,149,-4,4
70918,56,60,-4,4
70919,83,103,-20,20
70920,48,66,-18,18
70921,65,69,-4,4
70922,102,105,-3,3
70923,75,76,-1,1
70924,194,211,-17,17
70925,55,54,1,1
70926,61,64,-3,3
70927,97,93,4,4
70928,123,125,-2,2
70929,47,55,-8,8
70930,99,105,-6,6
70931,88,91,-3,3
70932,65,68,-3,3
70933,71,77,-6,6
70934,140,135,5,5
70935,113,110,3,3
70936,70,75,-5,5
70937,123,121,2,2
70938,113,98,15,15
70939,170,149,21,21
70940,101,102,-1,1
70941,113,105,8,8
70942,102,99,3,3
70943,74,80,-6,6
70944,73,78,-5,5
70945,90,100,-10,10
70946,62,73,-11,11
70947,104,122,-18,18
70948,119,119,0,0
70949,71,70,1,1
70950,129,136,-7,7
70951,48,52,-4,4
70952,149,157,-8,8
70953,63,64,-1,1
70954,115,118,-3,3
70955,110,108,2,2
70956,93,125,-32,32
70957,100,102,-2,2
70958,90,90,0,0
70959,46,58,-12,12
70960,126,115,11,11
70961,99,96,3,3
70962,65,63,2,2
70963,77,69,8,8
70964,70,69,1,1
70965,82,96,-14,14
70966,91,92,-1,1
70967,142,127,15,15
70968,73,75,-2,2
70969,146,146,0,0
70970,106,115,-9,9
70971,185,189,-4,4
70972,72,85,-13,13
70973,119,107,12,12
70974,56,55,1,1
70975,110,109,1,1
70976,94,95,-1,1
70977,79,87,-8,8
70978,50,54,-4,4
70979,86,82,4,4
70980,73,81,-8,8
70981,81,76,5,5
70982,68,69,-1,1
70983,69,75,-6,6
70984,135,124,11,11
70985,162,161,1,1
70986,107,90,17,17
70987,74,70,4,4
70988,61,69,-8,8
70989,101,96,5,5
70990,70,64,6,6
70991,101,126,-25,25
70992,61,67,-6,6
70993,103,110,-7,7
70994,47,107,-60,60
70995,87,80,7,7
70996,73,82,-9,9
70997,100,90,10,10
70998,97,92,5,5
70999,75,84,-9,9
71000,77,76,1,1
71001,59,58,1,1
71002,136,142,-6,6
71003,44,56,-12,12
71004,149,139,10,10
71005,85,94,-9,9
71006,132,133,-1,1
71007,54,55,-1,1
71008,98,90,8,8
71009,102,107,-5,5
71010,122,116,6,6
71011,70,80,-10,10
71012,121,124,-3,3
71013,86,81,5,5
71014,99,93,6,6
71015,71,70,1,1
71016,113,107,6,6
71017,100,100,0,0
71018,61,66,-5,5
71019,69,76,-7,7
71020,103,113,-10,10
71021,122,132,-10,10
71022,90,76,14,14
71023,113,99,14,14
71024,99,107,-8,8
71025,100,87,13,13
71026,77,82,-5,5
71027,84,84,0,0
71028,101,101,0,0
71029,86,86,0,0
71030,43,58,-15,15
71031,73,86,-13,13
71032,128,119,9,9
71033,81,69,12,12
71034,67,58,9,9
71035,137,131,6,6
71036,77,78,-1,1
71037,52,63,-11,11
71038,103,106,-3,3
71039,107,103,4,4
71040,101,94,7,7
71041,80,83,-3,3
71042,114,115,-1,1
71043,112,112,0,0
71044,118,106,12,12
71045,110,105,5,5
71046,88,83,5,5
71047,63,79,-16,16
71048,125,120,5,5
71049,126,115,11,11
71050,68,71,-3,3
71051,59,75,-16,16
71052,69,72,-3,3
71053,90,81,9,9
71054,108,117,-9,9
71055,80,75,5,5
71056,63,66,-3,3
71057,52,56,-4,4
71058,72,81,-9,9
71059,76,82,-6,6
71060,92,76,16,16
71061,133,159,-26,26
71062,65,76,-11,11
71063,69,66,3,3
71064,121,112,9,9
71065,92,86,6,6
71066,67,61,6,6
71067,134,133,1,1
71068,81,78,3,3
71069,68,78,-10,10
71070,67,62,5,5
71071,52,51,1,1
71072,107,109,-2,2
71073,120,111,9,9
71074,133,129,4,4
71075,150,146,4,4
71076,124,141,-17,17
71077,86,87,-1,1
71078,29,33,-4,4
71079,170,145,25,25
71080,88,75,13,13
71081,158,139,19,19
71082,58,67,-9,9
71083,129,130,-1,1
71084,94,99,-5,5
71085,116,108,8,8
71086,159,143,16,16
71087,86,82,4,4
71088,174,178,-4,4
71089,104,98,6,6
71090,90,75,15,15
71091,101,90,11,11
71092,107,112,-5,5
71093,133,122,11,11
71094,70,59,11,11
71095,100,105,-5,5
71096,174,169,5,5
71097,41,49,-8,8
71098,85,88,-3,3
71099,76,81,-5,5
71100,73,79,-6,6
71101,131,121,10,10
71102,83,81,2,2
71103,88,91,-3,3
71104,128,123,5,5
71105,86,83,3,3
71106,163,153,10,10
71107,104,100,4,4
71108,50,54,-4,4
71109,114,100,14,14
71110,108,117,-9,9
71111,72,76,-4,4
71112,63,69,-6,6
71113,51,56,-5,5
71114,94,96,-2,2
71115,76,72,4,4
71116,39,35,4,4
71117,100,92,8,8
71118,64,56,8,8
71119,87,97,-10,10
71120,112,118,-6,6
71121,105,104,1,1
71122,84,80,4,4
71123,135,125,10,10
71124,66,69,-3,3
71125,164,157,7,7
71126,53,64,-11,11
71127,131,123,8,8
71128,97,93,4,4
71129,44,59,-15,15
71130,85,96,-11,11
71131,58,52,6,6
71132,105,118,-13,13
71133,51,60,-9,9
71134,67,69,-2,2
71135,82,90,-8,8
71136,100,92,8,8
71137,154,132,22,22
71138,89,104,-15,15
71139,88,76,12,12
71140,104,98,6,6
71141,82,63,19,19
71142,97,97,0,0
71143,87,99,-12,12
71144,71,59,12,12
71145,87,101,-14,14
71146,71,74,-3,3
71147,168,163,5,5
71148,124,112,12,12
71149,75,61,14,14
71150,137,105,32,32
71151,131,117,14,14
71152,161,161,0,0
71153,80,85,-5,5
71154,109,101,8,8
71155,65,63,2,2
71156,152,152,0,0
71157,120,113,7,7
71158,116,123,-7,7
71159,82,110,-28,28
71160,214,197,17,17
71161,75,66,9,9
71162,95,90,5,5
71163,120,105,15,15
71164,126,124,2,2
71165,112,113,-1,1
71166,115,127,-12,12
71167,94,94,0,0
71168,84,88,-4,4
71169,99,101,-2,2
71170,69,61,8,8
71171,62,59,3,3
71172,106,116,-10,10
71173,110,98,12,12
71174,78,79,-1,1
71175,161,193,-32,32
71176,140,100,40,40
71177,83,101,-18,18
71178,110,111,-1,1
71179,50,59,-9,9
71180,160,145,15,15
71181,93,86,7,7
71182,161,157,4,4
71183,37,53,-16,16
71184,58,58,0,0
71185,109,124,-15,15
71186,99,98,1,1
71187,124,144,-20,20
71188,65,64,1,1
71189,113,101,12,12
71190,114,124,-10,10
71191,127,116,11,11
71192,99,93,6,6
71193,83,79,4,4
71194,74,77,-3,3
71195,112,116,-4,4
71196,76,81,-5,5
71197,86,86,0,0
71198,59,69,-10,10
71199,185,156,29,29
71200,113,97,16,16
71201,90,88,2,2
71202,60,66,-6,6
71203,136,118,18,18
71204,94,99,-5,5
71205,100,100,0,0
71206,93,93,0,0
71207,80,84,-4,4
71208,138,121,17,17
71209,123,113,10,10
71210,84,89,-5,5
71211,96,108,-12,12
71212,123,110,13,13
71213,46,86,-40,40
71214,54,70,-16,16
71215,135,130,5,5
71216,135,128,7,7
71217,79,81,-2,2
71218,127,111,16,16
71219,75,79,-4,4
71220,43,51,-8,8
71221,107,89,18,18
71222,86,81,5,5
71223,114,124,-10,10
71224,56,51,5,5
71225,80,79,1,1
71226,86,71,15,15
71227,62,60,2,2
71228,78,64,14,14
71229,158,166,-8,8
71230,96,116,-20,20
71231,88,94,-6,6
71232,62,62,0,0
71233,116,102,14,14
71234,103,115,-12,12
71235,108,110,-2,2
71236,96,99,-3,3
71237,65,62,3,3
71238,64,69,-5,5
71239,136,118,18,18
71240,92,95,-3,3
71241,66,54,12,12
71242,106,107,-1,1
71243,168,159,9,9
71244,91,73,18,18
71245,90,101,-11,11
71246,83,85,-2,2
71247,198,182,16,16
71248,98,90,8,8
71249,116,102,14,14
71250,77,89,-12,12
71251,95,90,5,5
71252,113,118,-5,5
71253,102,98,4,4
71254,54,69,-15,15
71255,138,140,-2,2
71256,76,79,-3,3
71257,58,54,4,4
71258,74,74,0,0
71259,93,121,-28,28
71260,56,80,-24,24
71261,139,147,-8,8
71262,169,174,-5,5
71263,131,132,-1,1
71264,64,51,13,13
71265,89,101,-12,12
71266,111,107,4,4
71267,149,150,-1,1
71268,86,79,7,7
71269,67,101,-34,34
71270,54,65,-11,11
71271,47,54,-7,7
71272,43,57,-14,14
71273,90,94,-4,4
71274,139,124,15,15
71275,62,61,1,1
71276,67,70,-3,3
71277,75,82,-7,7
71278,87,83,4,4
71279,82,81,1,1
71280,41,61,-20,20
71281,86,88,-2,2
71282,151,143,8,8
71283,87,82,5,5
71284,107,104,3,3
71285,67,70,-3,3
71286,90,96,-6,6
71287,133,123,10,10
71288,42,53,-11,11
71289,124,112,12,12
71290,66,71,-5,5
71291,74,76,-2,2
71292,54,57,-3,3
71293,123,117,6,6
71294,137,130,7,7
71295,67,65,2,2
71296,113,127,-14,14
71297,103,86,17,17
71298,161,136,25,25
71299,114,100,14,14
71300,112,114,-2,2
71301,103,103,0,0
71302,112,119,-7,7
71303,123,136,-13,13
71304,65,66,-1,1
71305,97,94,3,3
71306,68,64,4,4
71307,69,77,-8,8
71308,69,63,6,6
71309,143,126,17,17
71310,107,112,-5,5
71311,59,80,-21,21
71312,125,122,3,3
71313,57,60,-3,3
71314,108,103,5,5
71315,86,83,3,3
71316,98,98,0,0
71317,82,79,3,3
71318,87,126,-39,39
71319,65,64,1,1
71320,96,91,5,5
71321,60,67,-7,7
71322,77,84,-7,7
71323,81,80,1,1
71324,147,138,9,9
71325,75,83,-8,8
71326,75,74,1,1
71327,85,95,-10,10
71328,94,90,4,4
71329,158,156,2,2
71330,103,90,13,13
71331,125,113,12,12
71332,119,137,-18,18
71333,109,106,3,3
71334,64,64,0,0
71335,74,75,-1,1
71336,33,30,3,3
71337,104,91,13,13
71338,73,87,-14,14
71339,148,128,20,20
71340,57,62,-5,5
71341,62,63,-1,1
71342,143,144,-1,1
71343,96,116,-20,20
71344,61,63,-2,2
71345,126,132,-6,6
71346,66,80,-14,14
71347,97,96,1,1
71348,58,66,-8,8
71349,85,89,-4,4
71350,207,202,5,5
71351,114,99,15,15
71352,105,107,-2,2
71353,92,91,1,1
71354,80,79,1,1
71355,97,101,-4,4
71356,93,93,0,0
71357,55,53,2,2
71358,89,90,-1,1
71359,116,113,3,3
71360,98,98,0,0
71361,79,67,12,12
71362,127,124,3,3
71363,112,104,8,8
71364,131,107,24,24
71365,92,96,-4,4
71366,81,82,-1,1
71367,236,219,17,17
71368,110,126,-16,16
71369,66,65,1,1
71370,100,102,-2,2
71371,98,95,3,3
71372,118,98,20,20
71373,91,89,2,2
71374,162,143,19,19
71375,77,76,1,1
71376,67,65,2,2
71377,131,117,14,14
71378,103,104,-1,1
71379,57,59,-2,2
71380,93,79,14,14
71381,72,93,-21,21
71382,67,114,-47,47
71383,49,61,-12,12
71384,72,70,2,2
71385,56,57,-1,1
71386,154,210,-56,56
71387,72,78,-6,6
71388,44,46,-2,2
71389,97,97,0,0
71390,173,145,28,28
71391,151,132,19,19
71392,92,81,11,11
71393,41,61,-20,20
71394,101,110,-9,9
71395,151,142,9,9
71396,112,98,14,14
71397,82,84,-2,2
71398,147,134,13,13
71399,104,95,9,9
71400,156,147,9,9
71401,69,67,2,2
71402,88,89,-1,1
71403,49,51,-2,2
71404,72,76,-4,4
71405,87,87,0,0
71406,83,69,14,14
71407,78,69,9,9
71408,109,112,-3,3
71409,118,126,-8,8
71410,146,240,-94,94
71411,95,98,-3,3
71412,139,130,9,9
71413,112,123,-11,11
71414,74,86,-12,12
71415,101,105,-4,4
71416,69,67,2,2
71417,60,58,2,2
71418,52,62,-10,10
71419,70,66,4,4
71420,52,47,5,5
71421,93,98,-5,5
71422,75,74,1,1
71423,50,61,-11,11
71424,64,69,-5,5
71425,167,147,20,20
71426,59,68,-9,9
71427,117,110,7,7
71428,97,96,1,1
71429,93,106,-13,13
71430,70,76,-6,6
71431,91,79,12,12
71432,52,57,-5,5
71433,97,99,-2,2
71434,66,63,3,3
71435,91,93,-2,2
71436,72,113,-41,41
71437,113,121,-8,8
71438,91,83,8,8
71439,50,70,-20,20
71440,85,101,-16,16
71441,167,180,-13,13
71442,78,83,-5,5
71443,149,136,13,13
71444,102,93,9,9
71445,116,117,-1,1
71446,69,76,-7,7
71447,63,68,-5,5
71448,108,112,-4,4
71449,81,82,-1,1
71450,82,81,1,1
71451,113,115,-2,2
71452,83,91,-8,8
71453,97,92,5,5
71454,78,96,-18,18
71455,102,101,1,1
71456,109,112,-3,3
71457,64,80,-16,16
71458,98,91,7,7
71459,156,145,11,11
71460,126,126,0,0
71461,90,91,-1,1
71462,122,119,3,3
71463,67,71,-4,4
71464,60,56,4,4
71465,60,66,-6,6
71466,73,77,-4,4
71467,135,135,0,0
71468,116,110,6,6
71469,92,91,1,1
71470,116,114,2,2
71471,76,59,17,17
71472,137,122,15,15
71473,38,53,-15,15
71474,212,191,21,21
71475,115,116,-1,1
71476,170,161,9,9
71477,140,153,-13,13
71478,194,157,37,37
71479,119,116,3,3
71480,46,65,-19,19
71481,67,70,-3,3
71482,114,105,9,9
71483,107,123,-16,16
71484,83,101,-18,18
71485,103,95,8,8
71486,75,86,-11,11
71487,117,156,-39,39
71488,59,71,-12,12
71489,68,91,-23,23
71490,117,115,2,2
71491,142,135,7,7
71492,50,49,1,1
71493,72,71,1,1
71494,114,126,-12,12
71495,161,148,13,13
71496,104,112,-8,8
71497,241,245,-4,4
71498,72,77,-5,5
71499,89,94,-5,5
71500,76,88,-12,12
71501,97,101,-4,4
71502,93,89,4,4
71503,73,65,8,8
71504,67,49,18,18
71505,89,93,-4,4
71506,91,90,1,1
71507,112,111,1,1
71508,156,153,3,3
71509,59,59,0,0
71510,71,71,0,0
71511,35,30,5,5
71512,60,62,-2,2
71513,151,150,1,1
71514,83,92,-9,9
71515,114,121,-7,7
71516,66,66,0,0
71517,68,70,-2,2
71518,128,132,-4,4
71519,168,143,25,25
71520,84,83,1,1
71521,87,94,-7,7
71522,94,86,8,8
71523,44,58,-14,14
71524,93,96,-3,3
71525,135,126,9,9
71526,80,83,-3,3
71527,105,102,3,3
71528,86,93,-7,7
71529,115,117,-2,2
71530,183,177,6,6
71531,120,107,13,13
71532,25,32,-7,7
71533,53,56,-3,3
71534,131,112,19,19
71535,164,154,10,10
71536,74,74,0,0
71537,125,117,8,8
71538,91,93,-2,2
71539,106,93,13,13
71540,95,85,10,10
71541,75,72,3,3
71542,114,100,14,14
71543,70,71,-1,1
71544,89,84,5,5
71545,37,61,-24,24
71546,90,99,-9,9
71547,60,55,5,5
71548,106,102,4,4
71549,59,67,-8,8
71550,114,121,-7,7
71551,69,74,-5,5
71552,96,103,-7,7
71553,90,84,6,6
71554,132,140,-8,8
71555,117,121,-4,4
71556,78,82,-4,4
71557,63,77,-14,14
71558,96,112,-16,16
71559,132,106,26,26
71560,83,76,7,7
71561,114,111,3,3
71562,109,100,9,9
71563,97,91,6,6
71564,81,79,2,2
71565,95,91,4,4
71566,82,98,-16,16
71567,127,132,-5,5
71568,108,111,-3,3
71569,91,97,-6,6
71570,87,85,2,2
71571,92,93,-1,1
71572,165,161,4,4
71573,85,85,0,0
71574,50,64,-14,14
71575,62,61,1,1
71576,97,95,2,2
71577,87,90,-3,3
71578,66,61,5,5
71579,76,75,1,1
71580,75,79,-4,4
71581,172,181,-9,9
71582,45,67,-22,22
71583,86,84,2,2
71584,73,76,-3,3
71585,189,171,18,18
71586,65,69,-4,4
71587,76,82,-6,6
71588,95,101,-6,6
71589,95,83,12,12
71590,87,94,-7,7
71591,108,103,5,5
71592,91,93,-2,2
71593,69,71,-2,2
71594,141,146,-5,5
71595,75,76,-1,1
71596,82,85,-3,3
71597,55,67,-12,12
71598,55,67,-12,12
71599,121,109,12,12
71600,55,50,5,5
71601,131,126,5,5
71602,111,97,14,14
71603,52,62,-10,10
71604,141,127,14,14
71605,82,82,0,0
71606,49,51,-2,2
71607,67,81,-14,14
71608,65,62,3,3
71609,116,113,3,3
71610,112,103,9,9
71611,117,117,0,0
71612,137,139,-2,2
71613,95,96,-1,1
71614,59,64,-5,5
71615,84,88,-4,4
71616,89,77,12,12
71617,137,138,-1,1
71618,194,199,-5,5
71619,144,145,-1,1
71620,106,103,3,3
71621,122,109,13,13
71622,67,73,-6,6
71623,104,99,5,5
71624,114,115,-1,1
71625,84,94,-10,10
71626,49,66,-17,17
71627,232,196,36,36
71628,79,76,3,3
71629,101,102,-1,1
71630,105,99,6,6
71631,104,105,-1,1
71632,221,198,23,23
71633,124,113,11,11
71634,154,133,21,21
71635,110,110,0,0
71636,75,78,-3,3
71637,175,167,8,8
71638,162,158,4,4
71639,169,156,13,13
71640,82,102,-20,20
71641,69,74,-5,5
71642,63,69,-6,6
71643,101,103,-2,2
71644,59,68,-9,9
71645,123,119,4,4
71646,105,110,-5,5
71647,99,85,14,14
71648,58,67,-9,9
71649,103,96,7,7
71650,77,84,-7,7
71651,64,65,-1,1
71652,49,50,-1,1
71653,96,87,9,9
71654,78,69,9,9
71655,124,121,3,3
71656,66,91,-25,25
71657,163,156,7,7
71658,140,152,-12,12
71659,77,81,-4,4
71660,55,66,-11,11
71661,64,67,-3,3
71662,73,111,-38,38
71663,86,91,-5,5
71664,87,94,-7,7
71665,80,88,-8,8
71666,74,82,-8,8
71667,69,70,-1,1
71668,118,117,1,1
71669,74,91,-17,17
71670,162,152,10,10
71671,63,69,-6,6
71672,88,91,-3,3
71673,105,101,4,4
71674,70,62,8,8
71675,86,91,-5,5
71676,82,81,1,1
71677,181,188,-7,7
71678,60,60,0,0
71679,139,144,-5,5
71680,45,39,6,6
71681,84,78,6,6
71682,87,83,4,4
71683,94,88,6,6
71684,94,97,-3,3
71685,102,123,-21,21
71686,82,85,-3,3
71687,102,85,17,17
71688,51,52,-1,1
71689,91,93,-2,2
71690,92,94,-2,2
71691,119,114,5,5
71692,98,106,-8,8
71693,92,86,6,6
71694,144,139,5,5
71695,117,122,-5,5
71696,61,53,8,8
71697,55,44,11,11
71698,89,71,18,18
71699,83,82,1,1
71700,122,114,8,8
71701,101,98,3,3
71702,71,77,-6,6
71703,183,182,1,1
71704,79,95,-16,16
71705,68,85,-17,17
71706,124,123,1,1
71707,96,91,5,5
71708,82,83,-1,1
71709,99,113,-14,14
71710,145,132,13,13
71711,143,147,-4,4
71712,131,129,2,2
71713,83,81,2,2
71714,118,130,-12,12
71715,65,70,-5,5
71716,52,54,-2,2
71717,78,78,0,0
71718,76,73,3,3
71719,142,131,11,11
71720,90,72,18,18
71721,64,59,5,5
71722,70,73,-3,3
71723,81,84,-3,3
71724,155,142,13,13
71725,94,116,-22,22
71726,64,66,-2,2
71727,83,83,0,0
71728,112,107,5,5
71729,112,93,19,19
71730,132,129,3,3
71731,84,77,7,7
71732,63,65,-2,2
71733,78,76,2,2
71734,143,125,18,18
71735,71,81,-10,10
71736,94,97,-3,3
71737,75,77,-2,2
71738,54,68,-14,14
71739,81,79,2,2
71740,72,76,-4,4
71741,95,84,11,11
71742,136,125,11,11
71743,89,85,4,4
71744,66,63,3,3
71745,95,83,12,12
71746,85,81,4,4
71747,114,117,-3,3
71748,70,59,11,11
71749,70,91,-21,21
71750,115,117,-2,2
71751,139,138,1,1
71752,104,102,2,2
71753,65,67,-2,2
71754,145,125,20,20
71755,108,98,10,10
71756,81,74,7,7
71757,85,71,14,14
71758,59,67,-8,8
71759,146,153,-7,7
71760,89,105,-16,16
71761,94,101,-7,7
71762,82,93,-11,11
71763,58,68,-10,10
71764,78,82,-4,4
71765,92,73,19,19
71766,65,67,-2,2
71767,100,95,5,5
71768,126,125,1,1
71769,115,101,14,14
71770,64,57,7,7
71771,67,82,-15,15
71772,114,105,9,9
71773,73,71,2,2
71774,86,84,2,2
71775,92,90,2,2
71776,393,421,-28,28
71777,121,135,-14,14
71778,77,88,-11,11
71779,106,88,18,18
71780,81,82,-1,1
71781,99,82,17,17
71782,150,152,-2,2
71783,98,94,4,4
71784,107,118,-11,11
71785,59,58,1,1
71786,53,74,-21,21
71787,99,98,1,1
71788,138,128,10,10
71789,58,68,-10,10
71790,85,76,9,9
71791,129,126,3,3
71792,60,63,-3,3
71793,67,66,1,1
71794,107,104,3,3
71795,42,50,-8,8
71796,73,82,-9,9
71797,81,80,1,1
71798,154,121,33,33
71799,84,83,1,1
71800,67,69,-2,2
71801,62,60,2,2
71802,93,86,7,7
71803,119,113,6,6
71804,112,105,7,7
71805,146,124,22,22
71806,45,43,2,2
71807,127,118,9,9
71808,87,85,2,2
71809,122,127,-5,5
71810,83,76,7,7
71811,116,111,5,5
71812,95,105,-10,10
71813,101,100,1,1
71814,132,130,2,2
71815,116,110,6,6
71816,79,68,11,11
71817,94,101,-7,7
71818,131,122,9,9
71819,61,59,2,2
71820,66,69,-3,3
71821,78,79,-1,1
71822,145,172,-27,27
71823,166,170,-4,4
71824,88,83,5,5
71825,99,86,13,13
71826,85,86,-1,1
71827,62,71,-9,9
71828,85,89,-4,4
71829,103,106,-3,3
71830,123,140,-17,17
71831,43,61,-18,18
71832,89,96,-7,7
71833,61,62,-1,1
71834,65,66,-1,1
71835,81,82,-1,1
71836,77,75,2,2
71837,118,118,0,0
71838,53,55,-2,2
71839,90,81,9,9
71840,101,113,-12,12
71841,88,90,-2,2
71842,136,141,-5,5
71843,142,144,-2,2
71844,79,71,8,8
71845,124,125,-1,1
71846,69,63,6,6
71847,55,60,-5,5
71848,84,86,-2,2
71849,34,55,-21,21
71850,86,86,0,0
71851,67,61,6,6
71852,234,214,20,20
71853,175,168,7,7
71854,50,60,-10,10
71855,75,73,2,2
71856,61,57,4,4
71857,103,95,8,8
71858,59,67,-8,8
71859,83,94,-11,11
71860,50,58,-8,8
71861,89,88,1,1
71862,65,75,-10,10
71863,140,124,16,16
71864,158,153,5,5
71865,113,122,-9,9
71866,118,120,-2,2
71867,172,146,26,26
71868,119,122,-3,3
71869,106,105,1,1
71870,146,139,7,7
71871,72,74,-2,2
71872,84,88,-4,4
71873,78,83,-5,5
71874,58,54,4,4
71875,85,79,6,6
71876,137,134,3,3
71877,86,115,-29,29
71878,78,62,16,16
71879,88,90,-2,2
71880,108,97,11,11
71881,104,81,23,23
71882,77,82,-5,5
71883,101,105,-4,4
71884,109,110,-1,1
71885,84,77,7,7
71886,70,67,3,3
71887,134,138,-4,4
71888,51,56,-5,5
71889,128,131,-3,3
71890,103,109,-6,6
71891,76,79,-3,3
71892,101,110,-9,9
71893,92,90,2,2
71894,72,79,-7,7
71895,68,74,-6,6
71896,84,95,-11,11
71897,88,81,7,7
71898,119,127,-8,8
71899,56,58,-2,2
71900,31,40,-9,9
71901,91,92,-1,1
71902,163,158,5,5
71903,124,118,6,6
71904,71,69,2,2
71905,101,100,1,1
71906,112,141,-29,29
71907,103,95,8,8
71908,74,84,-10,10
71909,57,72,-15,15
71910,137,128,9,9
71911,124,109,15,15
71912,77,88,-11,11
71913,83,74,9,9
71914,66,83,-17,17
71915,110,97,13,13
71916,65,64,1,1
71917,98,107,-9,9
71918,87,72,15,15
71919,90,90,0,0
71920,140,131,9,9
71921,116,118,-2,2
71922,128,118,10,10
71923,73,65,8,8
71924,155,187,-32,32
71925,96,101,-5,5
71926,115,117,-2,2
71927,63,68,-5,5
71928,57,53,4,4
71929,113,112,1,1
71930,104,88,16,16
71931,53,63,-10,10
71932,62,52,10,10
71933,53,52,1,1
71934,71,75,-4,4
71935,76,80,-4,4
71936,117,104,13,13
71937,57,55,2,2
71938,79,71,8,8
71939,69,87,-18,18
71940,78,76,2,2
71941,40,67,-27,27
71942,58,68,-10,10
71943,105,98,7,7
71944,87,101,-14,14
71945,118,101,17,17
71946,101,113,-12,12
71947,32,55,-23,23
71948,75,75,0,0
71949,112,114,-2,2
71950,112,98,14,14
71951,124,129,-5,5
71952,68,66,2,2
71953,72,66,6,6
71954,52,65,-13,13
71955,84,86,-2,2
71956,78,80,-2,2
71957,106,86,20,20
71958,126,133,-7,7
71959,103,97,6,6
71960,110,102,8,8
71961,91,77,14,14
71962,149,138,11,11
71963,55,55,0,0
71964,113,103,10,10
71965,72,70,2,2
71966,79,82,-3,3
71967,125,125,0,0
71968,126,112,14,14
71969,156,158,-2,2
71970,69,82,-13,13
71971,59,65,-6,6
71972,92,111,-19,19
71973,65,65,0,0
71974,94,92,2,2
71975,76,83,-7,7
71976,145,133,12,12
71977,141,141,0,0
71978,71,75,-4,4
71979,91,88,3,3
71980,56,61,-5,5
71981,107,118,-11,11
71982,73,69,4,4
71983,120,133,-13,13
71984,109,80,29,29
71985,125,117,8,8
71986,80,82,-2,2
71987,55,59,-4,4
71988,92,104,-12,12
71989,125,123,2,2
71990,74,76,-2,2
71991,65,78,-13,13
71992,85,82,3,3
71993,41,51,-10,10
71994,73,79,-6,6
71995,133,107,26,26
71996,48,60,-12,12
71997,81,89,-8,8
71998,109,122,-13,13
71999,98,95,3,3
72000,123,118,5,5
72001,103,111,-8,8
72002,79,82,-3,3
72003,60,71,-11,11
72004,93,92,1,1
72005,162,135,27,27
72006,121,112,9,9
72007,113,127,-14,14
72008,64,56,8,8
72009,61,64,-3,3
72010,110,102,8,8
72011,106,94,12,12
72012,111,101,10,10
72013,72,81,-9,9
72014,50,59,-9,9
72015,58,61,-3,3
72016,112,120,-8,8
72017,86,101,-15,15
72018,77,71,6,6
72019,116,124,-8,8
72020,77,76,1,1
72021,156,143,13,13
72022,94,96,-2,2
72023,152,143,9,9
72024,153,149,4,4
72025,91,89,2,2
72026,114,111,3,3
72027,54,57,-3,3
72028,68,67,1,1
72029,108,135,-27,27
72030,144,130,14,14
72031,122,121,1,1
72032,94,101,-7,7
72033,100,87,13,13
72034,63,66,-3,3
72035,109,113,-4,4
72036,92,86,6,6
72037,104,92,12,12
72038,80,73,7,7
72039,83,81,2,2
72040,115,124,-9,9
72041,149,152,-3,3
72042,111,106,5,5
72043,64,74,-10,10
72044,117,109,8,8
72045,68,66,2,2
72046,98,87,11,11
72047,58,58,0,0
72048,109,104,5,5
72049,84,81,3,3
72050,59,63,-4,4
72051,122,113,9,9
72052,67,74,-7,7
72053,74,66,8,8
72054,65,72,-7,7
72055,95,92,3,3
72056,90,85,5,5
72057,71,71,0,0
72058,46,45,1,1
72059,37,60,-23,23
72060,128,118,10,10
72061,110,108,2,2
72062,98,112,-14,14
72063,55,58,-3,3
72064,118,111,7,7
72065,28,31,-3,3
72066,164,144,20,20
72067,97,101,-4,4
72068,149,128,21,21
72069,100,86,14,14
72070,102,112,-10,10
72071,99,92,7,7
72072,170,138,32,32
72073,124,133,-9,9
72074,109,121,-12,12
72075,146,139,7,7
72076,170,171,-1,1
72077,85,57,28,28
72078,106,96,10,10
72079,96,92,4,4
72080,105,96,9,9
72081,116,100,16,16
72082,61,65,-4,4
72083,114,119,-5,5
72084,105,100,5,5
72085,163,177,-14,14
72086,50,55,-5,5
72087,141,131,10,10
72088,79,84,-5,5
72089,129,124,5,5
72090,82,83,-1,1
72091,61,69,-8,8
72092,69,85,-16,16
72093,62,74,-12,12
72094,93,100,-7,7
72095,92,96,-4,4
72096,91,104,-13,13
72097,45,67,-22,22
72098,167,154,13,13
72099,71,66,5,5
72100,43,47,-4,4
72101,122,138,-16,16
72102,73,69,4,4
72103,99,102,-3,3
72104,82,82,0,0
72105,119,110,9,9
72106,135,116,19,19
72107,46,56,-10,10
72108,102,92,10,10
72109,66,76,-10,10
72110,159,181,-22,22
72111,93,83,10,10
72112,93,87,6,6
72113,71,71,0,0
72114,106,85,21,21
72115,99,99,0,0
72116,145,156,-11,11
72117,102,113,-11,11
72118,146,147,-1,1
72119,129,130,-1,1
72120,105,106,-1,1
72121,119,107,12,12
72122,49,52,-3,3
72123,114,111,3,3
72124,137,142,-5,5
72125,84,82,2,2
72126,63,64,-1,1
72127,120,109,11,11
72128,63,76,-13,13
72129,153,135,18,18
72130,73,74,-1,1
72131,110,105,5,5
72132,178,171,7,7
72133,73,99,-26,26
72134,80,75,5,5
72135,98,95,3,3
72136,122,120,2,2
72137,122,120,2,2
72138,95,94,1,1
72139,100,105,-5,5
72140,107,107,0,0
72141,86,81,5,5
72142,62,61,1,1
72143,77,85,-8,8
72144,49,52,-3,3
72145,68,63,5,5
72146,25,31,-6,6
72147,83,78,5,5
72148,54,54,0,0
72149,122,122,0,0
72150,115,125,-10,10
72151,92,91,1,1
72152,120,130,-10,10
72153,161,151,10,10
72154,100,108,-8,8
72155,127,137,-10,10
72156,56,60,-4,4
72157,120,117,3,3
72158,319,310,9,9
72159,161,148,13,13
72160,120,107,13,13
72161,119,112,7,7
72162,119,103,16,16
72163,155,140,15,15
72164,90,103,-13,13
72165,43,50,-7,7
72166,67,61,6,6
72167,75,73,2,2
72168,86,88,-2,2
72169,107,105,2,2
72170,109,106,3,3
72171,105,109,-4,4
72172,120,134,-14,14
72173,57,64,-7,7
72174,81,90,-9,9
72175,114,111,3,3
72176,101,101,0,0
72177,104,94,10,10
72178,105,94,11,11
72179,93,97,-4,4
72180,117,104,13,13
72181,93,86,7,7
72182,60,65,-5,5
72183,81,67,14,14
72184,96,94,2,2
72185,99,99,0,0
72186,88,87,1,1
72187,113,124,-11,11
72188,91,100,-9,9
72189,142,133,9,9
72190,95,82,13,13
72191,79,81,-2,2
72192,80,92,-12,12
72193,54,73,-19,19
72194,124,126,-2,2
72195,86,84,2,2
72196,154,135,19,19
72197,77,81,-4,4
72198,129,111,18,18
72199,196,188,8,8
72200,78,79,-1,1
72201,63,69,-6,6
72202,176,167,9,9
72203,102,106,-4,4
72204,102,104,-2,2
72205,92,88,4,4
72206,145,138,7,7
72207,64,71,-7,7
72208,100,95,5,5
72209,96,110,-14,14
72210,96,87,9,9
72211,51,64,-13,13
72212,61,81,-20,20
72213,129,129,0,0
72214,196,186,10,10
72215,61,67,-6,6
72216,86,85,1,1
72217,69,72,-3,3
72218,121,119,2,2
72219,87,97,-10,10
72220,105,90,15,15
72221,67,72,-5,5
72222,71,88,-17,17
72223,165,153,12,12
72224,132,130,2,2
72225,171,163,8,8
72226,81,65,16,16
72227,142,140,2,2
72228,75,78,-3,3
72229,102,102,0,0
72230,86,89,-3,3
72231,136,127,9,9
72232,63,62,1,1
72233,122,125,-3,3
72234,89,93,-4,4
72235,97,106,-9,9
72236,67,68,-1,1
72237,105,94,11,11
72238,64,69,-5,5
72239,85,94,-9,9
72240,99,107,-8,8
72241,80,68,12,12
72242,115,106,9,9
72243,65,63,2,2
72244,104,86,18,18
72245,115,117,-2,2
72246,147,144,3,3
72247,105,100,5,5
72248,141,140,1,1
72249,163,159,4,4
72250,129,119,10,10
72251,90,87,3,3
72252,73,84,-11,11
72253,101,131,-30,30
72254,103,108,-5,5
72255,53,59,-6,6
72256,67,74,-7,7
72257,78,76,2,2
72258,75,76,-1,1
72259,76,73,3,3
72260,105,109,-4,4
72261,103,88,15,15
72262,108,105,3,3
72263,154,143,11,11
72264,84,93,-9,9
72265,125,119,6,6
72266,71,67,4,4
72267,84,91,-7,7
72268,81,80,1,1
72269,95,91,4,4
72270,249,219,30,30
72271,101,98,3,3
72272,69,75,-6,6
72273,109,118,-9,9
72274,76,86,-10,10
72275,92,97,-5,5
72276,56,64,-8,8
72277,85,89,-4,4
72278,51,52,-1,1
72279,117,95,22,22
72280,74,76,-2,2
72281,184,165,19,19
72282,82,86,-4,4
72283,93,106,-13,13
72284,87,76,11,11
72285,56,54,2,2
72286,65,68,-3,3
72287,95,89,6,6
72288,112,112,0,0
72289,110,109,1,1
72290,137,142,-5,5
72291,73,81,-8,8
72292,128,121,7,7
72293,99,85,14,14
72294,133,117,16,16
72295,109,105,4,4
72296,74,94,-20,20
72297,99,92,7,7
72298,23,33,-10,10
72299,87,90,-3,3
72300,175,169,6,6
72301,71,86,-15,15
72302,64,69,-5,5
72303,74,80,-6,6
72304,127,122,5,5
72305,136,133,3,3
72306,114,111,3,3
72307,143,134,9,9
72308,115,130,-15,15
72309,83,90,-7,7
72310,118,118,0,0
72311,64,63,1,1
72312,94,100,-6,6
72313,69,54,15,15
72314,142,132,10,10
72315,75,85,-10,10
72316,58,61,-3,3
72317,19,32,-13,13
72318,83,90,-7,7
72319,59,58,1,1
72320,99,93,6,6
72321,69,72,-3,3
72322,95,101,-6,6
72323,248,246,2,2
72324,129,123,6,6
72325,45,57,-12,12
72326,129,136,-7,7
72327,99,91,8,8
72328,98,98,0,0
72329,115,120,-5,5
72330,136,125,11,11
72331,111,108,3,3
72332,98,103,-5,5
72333,85,88,-3,3
72334,141,136,5,5
72335,94,105,-11,11
72336,94,99,-5,5
72337,112,116,-4,4
72338,107,111,-4,4
72339,127,123,4,4
72340,113,109,4,4
72341,131,113,18,18
72342,69,80,-11,11
72343,51,51,0,0
72344,148,131,17,17
72345,79,71,8,8
72346,108,119,-11,11
72347,105,116,-11,11
72348,82,107,-25,25
72349,152,164,-12,12
72350,77,84,-7,7
72351,96,108,-12,12
72352,118,134,-16,16
72353,176,147,29,29
72354,161,161,0,0
72355,74,70,4,4
72356,89,144,-55,55
72357,126,134,-8,8
72358,105,112,-7,7
72359,102,98,4,4
72360,74,83,-9,9
72361,122,111,11,11
72362,80,86,-6,6
72363,75,72,3,3
72364,148,144,4,4
72365,129,122,7,7
72366,68,73,-5,5
72367,74,76,-2,2
72368,96,84,12,12
72369,88,85,3,3
72370,53,65,-12,12
72371,79,79,0,0
72372,78,72,6,6
72373,69,75,-6,6
72374,134,117,17,17
72375,77,81,-4,4
72376,144,122,22,22
72377,102,103,-1,1
72378,112,131,-19,19
72379,122,122,0,0
72380,87,84,3,3
72381,111,109,2,2
72382,102,110,-8,8
72383,73,74,-1,1
72384,86,97,-11,11
72385,74,77,-3,3
72386,132,125,7,7
72387,128,131,-3,3
72388,130,122,8,8
72389,62,68,-6,6
72390,44,58,-14,14
72391,78,82,-4,4
72392,95,96,-1,1
72393,95,82,13,13
72394,116,120,-4,4
72395,80,77,3,3
72396,57,74,-17,17
72397,84,92,-8,8
72398,122,114,8,8
72399,115,119,-4,4
72400,185,164,21,21
72401,144,117,27,27
72402,54,62,-8,8
72403,125,119,6,6
72404,107,102,5,5
72405,140,135,5,5
72406,59,55,4,4
72407,64,68,-4,4
72408,83,80,3,3
72409,56,51,5,5
72410,79,73,6,6
72411,58,59,-1,1
72412,92,93,-1,1
72413,138,136,2,2
72414,110,98,12,12
72415,197,178,19,19
72416,102,103,-1,1
72417,75,70,5,5
72418,127,116,11,11
72419,95,104,-9,9
72420,64,64,0,0
72421,68,79,-11,11
72422,174,159,15,15
72423,61,65,-4,4
72424,74,73,1,1
72425,106,109,-3,3
72426,60,64,-4,4
72427,73,82,-9,9
72428,92,90,2,2
72429,189,161,28,28
72430,99,95,4,4
72431,147,153,-6,6
72432,120,113,7,7
72433,75,83,-8,8
72434,57,55,2,2
72435,56,59,-3,3
72436,73,74,-1,1
72437,67,71,-4,4
72438,176,155,21,21
72439,131,132,-1,1
72440,101,95,6,6
72441,77,72,5,5
72442,90,116,-26,26
72443,106,112,-6,6
72444,120,122,-2,2
72445,82,78,4,4
72446,117,117,0,0
72447,57,82,-25,25
72448,57,74,-17,17
72449,104,99,5,5
72450,85,81,4,4
72451,112,121,-9,9
72452,89,94,-5,5
72453,88,103,-15,15
72454,87,83,4,4
72455,103,121,-18,18
72456,151,137,14,14
72457,92,94,-2,2
72458,98,91,7,7
72459,63,74,-11,11
72460,88,92,-4,4
72461,85,81,4,4
72462,29,40,-11,11
72463,88,99,-11,11
72464,105,117,-12,12
72465,108,106,2,2
72466,69,68,1,1
72467,100,101,-1,1
72468,67,70,-3,3
72469,78,67,11,11
72470,97,102,-5,5
72471,84,77,7,7
72472,57,73,-16,16
72473,124,117,7,7
72474,117,108,9,9
72475,101,97,4,4
72476,104,102,2,2
72477,97,112,-15,15
72478,69,65,4,4
72479,105,104,1,1
72480,78,89,-11,11
72481,75,75,0,0
72482,67,50,17,17
72483,182,162,20,20
72484,49,54,-5,5
72485,89,89,0,0
72486,72,74,-2,2
72487,97,91,6,6
72488,72,73,-1,1
72489,66,69,-3,3
72490,118,122,-4,4
72491,49,55,-6,6
72492,87,85,2,2
72493,157,137,20,20
72494,63,66,-3,3
72495,69,62,7,7
72496,163,171,-8,8
72497,221,229,-8,8
72498,60,76,-16,16
72499,97,108,-11,11
72500,64,39,25,25
72501,87,97,-10,10
72502,101,103,-2,2
72503,96,95,1,1
72504,111,131,-20,20
72505,67,82,-15,15
72506,112,109,3,3
72507,92,87,5,5
72508,90,101,-11,11
72509,127,139,-12,12
72510,62,61,1,1
72511,82,86,-4,4
72512,131,109,22,22
72513,66,62,4,4
72514,122,124,-2,2
72515,80,93,-13,13
72516,83,75,8,8
72517,71,79,-8,8
72518,76,70,6,6
72519,130,138,-8,8
72520,72,62,10,10
72521,51,53,-2,2
72522,114,120,-6,6
72523,62,68,-6,6
72524,46,46,0,0
72525,58,69,-11,11
72526,84,97,-13,13
72527,69,60,9,9
72528,59,112,-53,53
72529,65,69,-4,4
72530,175,191,-16,16
72531,135,137,-2,2
72532,106,112,-6,6
72533,72,83,-11,11
72534,124,124,0,0
72535,126,120,6,6
72536,120,116,4,4
72537,92,85,7,7
72538,68,68,0,0
72539,109,108,1,1
72540,74,88,-14,14
72541,61,58,3,3
72542,96,90,6,6
72543,115,131,-16,16
72544,88,94,-6,6
72545,112,113,-1,1
72546,182,169,13,13
72547,156,150,6,6
72548,156,145,11,11
72549,103,89,14,14
72550,89,90,-1,1
72551,114,99,15,15
72552,106,90,16,16
72553,85,79,6,6
72554,107,101,6,6
72555,75,75,0,0
72556,84,92,-8,8
72557,120,121,-1,1
72558,95,92,3,3
72559,48,48,0,0
72560,65,62,3,3
72561,59,70,-11,11
72562,85,78,7,7
72563,125,117,8,8
72564,89,90,-1,1
72565,92,92,0,0
72566,131,130,1,1
72567,83,93,-10,10
72568,81,77,4,4
72569,82,74,8,8
72570,66,69,-3,3
72571,126,129,-3,3
72572,167,148,19,19
72573,103,105,-2,2
72574,119,123,-4,4
72575,133,124,9,9
72576,138,139,-1,1
72577,136,122,14,14
72578,57,59,-2,2
72579,111,103,8,8
72580,75,81,-6,6
72581,64,63,1,1
72582,111,118,-7,7
72583,126,125,1,1
72584,147,143,4,4
72585,188,156,32,32
72586,123,69,54,54
72587,87,99,-12,12
72588,77,84,-7,7
72589,82,92,-10,10
72590,83,86,-3,3
72591,69,70,-1,1
72592,136,141,-5,5
72593,53,53,0,0
72594,81,80,1,1
72595,124,130,-6,6
72596,111,104,7,7
72597,120,113,7,7
72598,66,67,-1,1
72599,68,63,5,5
72600,147,149,-2,2
72601,193,165,28,28
72602,62,64,-2,2
72603,113,118,-5,5
72604,83,85,-2,2
72605,114,121,-7,7
72606,138,150,-12,12
72607,63,74,-11,11
72608,153,139,14,14
72609,75,80,-5,5
72610,104,111,-7,7
72611,138,160,-22,22
72612,86,74,12,12
72613,85,84,1,1
72614,132,126,6,6
72615,86,85,1,1
72616,60,70,-10,10
72617,119,115,4,4
72618,233,215,18,18
72619,125,128,-3,3
72620,128,119,9,9
72621,135,137,-2,2
72622,92,84,8,8
72623,134,125,9,9
72624,108,101,7,7
72625,154,141,13,13
72626,149,145,4,4
72627,112,105,7,7
72628,117,110,7,7
72629,158,151,7,7
72630,83,79,4,4
72631,92,95,-3,3
72632,80,76,4,4
72633,86,89,-3,3
72634,23,34,-11,11
72635,90,95,-5,5
72636,129,139,-10,10
72637,122,112,10,10
72638,49,69,-20,20
72639,58,69,-11,11
72640,115,108,7,7
72641,92,94,-2,2
72642,146,157,-11,11
72643,69,93,-24,24
72644,107,118,-11,11
72645,152,142,10,10
72646,106,97,9,9
72647,78,78,0,0
72648,122,111,11,11
72649,97,110,-13,13
72650,62,62,0,0
72651,125,132,-7,7
72652,172,171,1,1
72653,73,73,0,0
72654,88,87,1,1
72655,69,72,-3,3
72656,72,60,12,12
72657,87,86,1,1
72658,53,52,1,1
72659,65,67,-2,2
72660,117,113,4,4
72661,105,109,-4,4
72662,168,152,16,16
72663,83,91,-8,8
72664,65,68,-3,3
72665,108,100,8,8
72666,45,50,-5,5
72667,123,117,6,6
72668,62,67,-5,5
72669,69,78,-9,9
72670,65,65,0,0
72671,88,104,-16,16
72672,70,85,-15,15
72673,115,109,6,6
72674,68,68,0,0
72675,109,113,-4,4
72676,117,126,-9,9
72677,68,75,-7,7
72678,93,94,-1,1
72679,76,79,-3,3
72680,147,136,11,11
72681,124,118,6,6
72682,146,162,-16,16
72683,104,114,-10,10
72684,85,82,3,3
72685,107,86,21,21
72686,131,108,23,23
72687,71,72,-1,1
72688,78,72,6,6
72689,69,91,-22,22
72690,124,134,-10,10
72691,101,89,12,12
72692,64,54,10,10
72693,69,68,1,1
72694,60,71,-11,11
72695,97,93,4,4
72696,78,91,-13,13
72697,106,128,-22,22
72698,102,99,3,3
72699,102,104,-2,2
72700,135,132,3,3
72701,84,91,-7,7
72702,132,124,8,8
72703,81,61,20,20
72704,55,52,3,3
72705,80,82,-2,2
72706,89,97,-8,8
72707,218,444,-226,226
72708,68,67,1,1
72709,136,121,15,15
72710,78,71,7,7
72711,66,69,-3,3
72712,115,117,-2,2
72713,102,92,10,10
72714,64,67,-3,3
72715,32,25,7,7
72716,61,55,6,6
72717,98,95,3,3
72718,87,68,19,19
72719,75,67,8,8
72720,131,118,13,13
72721,82,90,-8,8
72722,102,92,10,10
72723,68,71,-3,3
72724,129,124,5,5
72725,147,144,3,3
72726,54,62,-8,8
72727,95,92,3,3
72728,181,161,20,20
72729,102,106,-4,4
72730,49,57,-8,8
72731,100,95,5,5
72732,72,81,-9,9
72733,137,152,-15,15
72734,57,61,-4,4
72735,85,76,9,9
72736,69,75,-6,6
72737,44,27,17,17
72738,102,98,4,4
72739,140,143,-3,3
72740,59,60,-1,1
72741,59,67,-8,8
72742,67,74,-7,7
72743,96,101,-5,5
72744,54,45,9,9
72745,81,83,-2,2
72746,154,139,15,15
72747,134,139,-5,5
72748,100,71,29,29
72749,104,101,3,3
72750,92,106,-14,14
72751,63,66,-3,3
72752,115,96,19,19
72753,55,59,-4,4
72754,163,148,15,15
72755,122,128,-6,6
72756,106,96,10,10
72757,90,85,5,5
72758,97,95,2,2
72759,69,63,6,6
72760,86,82,4,4
72761,87,90,-3,3
72762,134,120,14,14
72763,83,96,-13,13
72764,96,86,10,10
72765,75,77,-2,2
72766,91,84,7,7
72767,74,78,-4,4
72768,105,98,7,7
72769,109,109,0,0
72770,50,69,-19,19
72771,83,74,9,9
72772,101,95,6,6
72773,98,96,2,2
72774,78,79,-1,1
72775,115,100,15,15
72776,151,135,16,16
72777,50,38,12,12
72778,111,112,-1,1
72779,75,80,-5,5
72780,191,181,10,10
72781,82,82,0,0
72782,133,125,8,8
72783,131,122,9,9
72784,69,79,-10,10
72785,112,98,14,14
72786,52,57,-5,5
72787,109,122,-13,13
72788,82,98,-16,16
72789,106,115,-9,9
72790,36,43,-7,7
72791,84,81,3,3
72792,103,94,9,9
72793,56,58,-2,2
72794,78,80,-2,2
72795,69,67,2,2
72796,67,72,-5,5
72797,83,83,0,0
72798,103,108,-5,5
72799,84,87,-3,3
72800,68,70,-2,2
72801,78,82,-4,4
72802,118,109,9,9
72803,112,109,3,3
72804,108,109,-1,1
72805,113,104,9,9
72806,116,98,18,18
72807,67,66,1,1
72808,110,118,-8,8
72809,100,93,7,7
72810,111,104,7,7
72811,82,82,0,0
72812,157,149,8,8
72813,75,73,2,2
72814,102,92,10,10
72815,90,96,-6,6
72816,60,67,-7,7
72817,88,96,-8,8
72818,96,92,4,4
72819,117,142,-25,25
72820,76,88,-12,12
72821,166,155,11,11
72822,187,179,8,8
72823,73,70,3,3
72824,91,103,-12,12
72825,125,129,-4,4
72826,60,62,-2,2
72827,91,90,1,1
72828,99,115,-16,16
72829,80,76,4,4
72830,125,118,7,7
72831,111,122,-11,11
72832,54,56,-2,2
72833,192,176,16,16
72834,159,141,18,18
72835,71,85,-14,14
72836,80,79,1,1
72837,58,58,0,0
72838,78,75,3,3
72839,146,126,20,20
72840,73,74,-1,1
72841,178,159,19,19
72842,94,96,-2,2
72843,131,126,5,5
72844,70,67,3,3
72845,126,126,0,0
72846,84,77,7,7
72847,80,80,0,0
72848,214,200,14,14
72849,111,110,1,1
72850,134,138,-4,4
72851,89,138,-49,49
72852,124,142,-18,18
72853,112,106,6,6
72854,94,111,-17,17
72855,110,99,11,11
72856,143,142,1,1
72857,70,70,0,0
72858,112,107,5,5
72859,88,86,2,2
72860,89,86,3,3
72861,78,75,3,3
72862,121,115,6,6
72863,69,70,-1,1
72864,82,77,5,5
72865,137,167,-30,30
72866,116,115,1,1
72867,169,156,13,13
72868,108,106,2,2
72869,62,55,7,7
72870,66,81,-15,15
72871,126,120,6,6
72872,77,70,7,7
72873,170,161,9,9
72874,48,44,4,4
72875,123,116,7,7
72876,135,127,8,8
72877,128,129,-1,1
72878,108,118,-10,10
72879,102,100,2,2
72880,89,86,3,3
72881,68,79,-11,11
72882,83,75,8,8
72883,174,172,2,2
72884,130,121,9,9
72885,176,156,20,20
72886,87,99,-12,12
72887,69,62,7,7
72888,69,74,-5,5
72889,100,77,23,23
72890,164,165,-1,1
72891,94,108,-14,14
72892,82,64,18,18
72893,191,177,14,14
72894,99,104,-5,5
72895,78,87,-9,9
72896,68,69,-1,1
72897,121,100,21,21
72898,128,114,14,14
72899,149,151,-2,2
72900,164,147,17,17
72901,74,73,1,1
72902,67,65,2,2
72903,59,64,-5,5
72904,100,114,-14,14
72905,62,76,-14,14
72906,100,99,1,1
72907,79,82,-3,3
72908,137,148,-11,11
72909,74,82,-8,8
72910,94,91,3,3
72911,119,93,26,26
72912,103,94,9,9
72913,95,95,0,0
72914,60,61,-1,1
72915,111,111,0,0
72916,34,40,-6,6
72917,78,85,-7,7
72918,97,99,-2,2
72919,111,115,-4,4
72920,85,90,-5,5
72921,149,140,9,9
72922,90,85,5,5
72923,49,56,-7,7
72924,138,132,6,6
72925,69,64,5,5
72926,79,78,1,1
72927,70,72,-2,2
72928,82,88,-6,6
72929,79,75,4,4
72930,85,92,-7,7
72931,89,86,3,3
72932,67,70,-3,3
72933,106,113,-7,7
72934,70,87,-17,17
72935,74,84,-10,10
72936,55,66,-11,11
72937,164,161,3,3
72938,77,79,-2,2
72939,57,57,0,0
72940,97,110,-13,13
72941,136,142,-6,6
72942,83,81,2,2
72943,66,69,-3,3
72944,92,96,-4,4
72945,92,108,-16,16
72946,71,72,-1,1
72947,67,84,-17,17
72948,150,130,20,20
72949,69,74,-5,5
72950,132,116,16,16
72951,194,178,16,16
72952,137,150,-13,13
72953,68,73,-5,5
72954,90,91,-1,1
72955,113,108,5,5
72956,61,55,6,6
72957,160,144,16,16
72958,149,142,7,7
72959,48,44,4,4
72960,128,125,3,3
72961,102,102,0,0
72962,95,95,0,0
72963,68,60,8,8
72964,164,154,10,10
72965,92,93,-1,1
72966,100,97,3,3
72967,68,82,-14,14
72968,81,83,-2,2
72969,87,86,1,1
72970,121,102,19,19
72971,95,97,-2,2
72972,99,87,12,12
72973,59,67,-8,8
72974,140,129,11,11
72975,109,98,11,11
72976,147,137,10,10
72977,84,89,-5,5
72978,111,110,1,1
72979,85,86,-1,1
72980,63,74,-11,11
72981,64,69,-5,5
72982,75,74,1,1
72983,136,123,13,13
72984,140,134,6,6
72985,45,47,-2,2
72986,159,154,5,5
72987,110,102,8,8
72988,54,68,-14,14
72989,129,129,0,0
72990,170,188,-18,18
72991,111,112,-1,1
72992,72,83,-11,11
72993,129,126,3,3
72994,67,70,-3,3
72995,159,168,-9,9
72996,60,64,-4,4
72997,91,91,0,0
72998,126,121,5,5
72999,240,202,38,38
73000,113,112,1,1
73001,85,81,4,4
73002,54,63,-9,9
73003,68,57,11,11
73004,89,91,-2,2
73005,142,137,5,5
73006,146,135,11,11
73007,87,98,-11,11
73008,122,124,-2,2
73009,81,62,19,19
73010,77,80,-3,3
73011,113,103,10,10
73012,182,173,9,9
73013,111,95,16,16
73014,97,89,8,8
73015,90,82,8,8
73016,149,142,7,7
73017,62,70,-8,8
73018,121,118,3,3
73019,90,88,2,2
73020,64,58,6,6
73021,158,153,5,5
73022,89,80,9,9
73023,93,92,1,1
73024,82,82,0,0
73025,80,75,5,5
73026,231,210,21,21
73027,52,58,-6,6
73028,185,167,18,18
73029,125,115,10,10
73030,116,112,4,4
73031,70,75,-5,5
73032,92,85,7,7
73033,135,137,-2,2
73034,83,95,-12,12
73035,78,70,8,8
73036,89,83,6,6
73037,98,92,6,6
73038,74,83,-9,9
73039,117,111,6,6
73040,65,198,-133,133
73041,80,84,-4,4
73042,82,81,1,1
73043,144,142,2,2
73044,64,67,-3,3
73045,144,140,4,4
73046,46,51,-5,5
73047,29,40,-11,11
73048,81,76,5,5
73049,115,104,11,11
73050,99,91,8,8
73051,80,68,12,12
73052,111,107,4,4
73053,113,112,1,1
73054,119,107,12,12
73055,49,28,21,21
73056,128,122,6,6
73057,168,156,12,12
73058,52,55,-3,3
73059,115,115,0,0
73060,230,200,30,30
73061,113,129,-16,16
73062,66,67,-1,1
73063,102,108,-6,6
73064,52,53,-1,1
73065,94,89,5,5
73066,69,73,-4,4
73067,146,140,6,6
73068,130,134,-4,4
73069,82,75,7,7
73070,51,54,-3,3
73071,114,112,2,2
73072,58,70,-12,12
73073,70,73,-3,3
73074,74,78,-4,4
73075,75,72,3,3
73076,54,53,1,1
73077,134,136,-2,2
73078,46,50,-4,4
73079,79,67,12,12
73080,66,76,-10,10
73081,114,117,-3,3
73082,76,85,-9,9
73083,149,137,12,12
73084,126,117,9,9
73085,91,98,-7,7
73086,56,54,2,2
73087,131,131,0,0
73088,119,122,-3,3
73089,119,117,2,2
73090,124,121,3,3
73091,142,141,1,1
73092,215,193,22,22
73093,59,59,0,0
73094,60,74,-14,14
73095,76,83,-7,7
73096,54,51,3,3
73097,78,87,-9,9
73098,133,131,2,2
73099,56,52,4,4
73100,79,85,-6,6
73101,74,70,4,4
73102,55,66,-11,11
73103,62,60,2,2
73104,47,43,4,4
73105,112,114,-2,2
73106,112,99,13,13
73107,122,118,4,4
73108,104,103,1,1
73109,81,99,-18,18
73110,76,89,-13,13
73111,61,64,-3,3
73112,230,178,52,52
73113,87,82,5,5
73114,94,93,1,1
73115,83,75,8,8
73116,154,133,21,21
73117,140,137,3,3
73118,81,83,-2,2
73119,78,77,1,1
73120,112,100,12,12
73121,133,127,6,6
73122,72,76,-4,4
73123,150,120,30,30
73124,133,130,3,3
73125,74,68,6,6
73126,122,122,0,0
73127,90,87,3,3
73128,69,66,3,3
73129,75,80,-5,5
73130,50,48,2,2
73131,135,118,17,17
73132,126,119,7,7
73133,68,87,-19,19
73134,88,94,-6,6
73135,78,93,-15,15
73136,55,60,-5,5
73137,94,107,-13,13
73138,57,59,-2,2
73139,70,79,-9,9
73140,150,147,3,3
73141,67,73,-6,6
73142,78,83,-5,5
73143,82,103,-21,21
73144,123,130,-7,7
73145,75,75,0,0
73146,151,152,-1,1
73147,79,88,-9,9
73148,116,105,11,11
73149,89,95,-6,6
73150,143,128,15,15
73151,94,99,-5,5
73152,94,101,-7,7
73153,81,74,7,7
73154,77,82,-5,5
73155,85,90,-5,5
73156,104,105,-1,1
73157,58,59,-1,1
73158,76,72,4,4
73159,72,71,1,1
73160,90,90,0,0
73161,126,128,-2,2
73162,81,79,2,2
73163,113,111,2,2
73164,72,83,-11,11
73165,111,111,0,0
73166,94,94,0,0
73167,77,71,6,6
73168,76,71,5,5
73169,91,95,-4,4
73170,84,82,2,2
73171,50,59,-9,9
73172,111,109,2,2
73173,160,149,11,11
73174,90,82,8,8
73175,165,171,-6,6
73176,153,138,15,15
73177,38,46,-8,8
73178,76,95,-19,19
73179,73,75,-2,2
73180,99,106,-7,7
73181,64,52,12,12
73182,148,140,8,8
73183,146,138,8,8
73184,86,91,-5,5
73185,70,69,1,1
73186,74,75,-1,1
73187,102,96,6,6
73188,76,65,11,11
73189,115,133,-18,18
73190,111,103,8,8
73191,67,51,16,16
73192,120,121,-1,1
73193,72,71,1,1
73194,93,90,3,3
73195,256,257,-1,1
73196,157,146,11,11
73197,70,71,-1,1
73198,95,103,-8,8
73199,99,103,-4,4
73200,94,96,-2,2
73201,81,77,4,4
73202,102,98,4,4
73203,107,102,5,5
73204,137,119,18,18
73205,91,92,-1,1
73206,90,91,-1,1
73207,68,69,-1,1
73208,59,66,-7,7
73209,86,90,-4,4
73210,118,136,-18,18
73211,197,194,3,3
73212,55,87,-32,32
73213,82,81,1,1
73214,96,101,-5,5
73215,88,97,-9,9
73216,72,74,-2,2
73217,56,106,-50,50
73218,110,110,0,0
73219,75,69,6,6
73220,107,119,-12,12
73221,100,100,0,0
73222,137,126,11,11
73223,76,74,2,2
73224,174,164,10,10
73225,101,104,-3,3
73226,85,78,7,7
73227,53,58,-5,5
73228,108,97,11,11
73229,82,77,5,5
73230,84,100,-16,16
73231,92,106,-14,14
73232,125,134,-9,9
73233,93,104,-11,11
73234,54,62,-8,8
73235,113,103,10,10
73236,196,204,-8,8
73237,71,85,-14,14
73238,75,71,4,4
73239,46,51,-5,5
73240,107,112,-5,5
73241,82,87,-5,5
73242,88,108,-20,20
73243,57,54,3,3
73244,153,176,-23,23
73245,131,136,-5,5
73246,111,131,-20,20
73247,136,135,1,1
73248,58,73,-15,15
73249,85,90,-5,5
73250,98,85,13,13
73251,80,84,-4,4
73252,82,90,-8,8
73253,74,65,9,9
73254,135,123,12,12
73255,88,84,4,4
73256,27,36,-9,9
73257,60,60,0,0
73258,82,80,2,2
73259,176,179,-3,3
73260,163,143,20,20
73261,130,129,1,1
73262,120,113,7,7
73263,143,133,10,10
73264,138,144,-6,6
73265,88,82,6,6
73266,125,120,5,5
73267,81,77,4,4
73268,56,57,-1,1
73269,70,75,-5,5
73270,59,64,-5,5
73271,117,138,-21,21
73272,35,44,-9,9
73273,115,103,12,12
73274,59,62,-3,3
73275,88,84,4,4
73276,124,127,-3,3
73277,110,94,16,16
73278,118,110,8,8
73279,103,94,9,9
73280,121,119,2,2
73281,78,78,0,0
73282,69,56,13,13
73283,129,118,11,11
73284,75,75,0,0
73285,54,51,3,3
73286,185,163,22,22
73287,105,94,11,11
73288,65,67,-2,2
73289,145,137,8,8
73290,134,122,12,12
73291,102,98,4,4
73292,75,72,3,3
73293,106,99,7,7
73294,122,122,0,0
73295,42,58,-16,16
73296,144,149,-5,5
73297,104,102,2,2
73298,117,108,9,9
73299,69,68,1,1
73300,63,81,-18,18
73301,184,146,38,38
73302,96,100,-4,4
73303,86,81,5,5
73304,98,107,-9,9
73305,78,81,-3,3
73306,91,89,2,2
73307,53,57,-4,4
73308,79,77,2,2
73309,141,127,14,14
73310,82,81,1,1
73311,49,49,0,0
73312,109,89,20,20
73313,61,62,-1,1
73314,90,95,-5,5
73315,61,56,5,5
73316,94,110,-16,16
73317,134,134,0,0
73318,65,74,-9,9
73319,136,129,7,7
73320,164,159,5,5
73321,98,101,-3,3
73322,83,82,1,1
73323,40,60,-20,20
73324,67,86,-19,19
73325,90,93,-3,3
73326,62,58,4,4
73327,60,63,-3,3
73328,115,100,15,15
73329,135,134,1,1
73330,75,75,0,0
73331,35,58,-23,23
73332,94,98,-4,4
73333,113,108,5,5
73334,133,130,3,3
73335,103,96,7,7
73336,108,95,13,13
73337,65,70,-5,5
73338,67,63,4,4
73339,121,111,10,10
73340,89,94,-5,5
73341,69,69,0,0
73342,128,124,4,4
73343,99,87,12,12
73344,100,90,10,10
73345,88,73,15,15
73346,160,156,4,4
73347,94,102,-8,8
73348,111,108,3,3
73349,83,82,1,1
73350,51,65,-14,14
73351,126,117,9,9
73352,150,127,23,23
73353,57,55,2,2
73354,63,75,-12,12
73355,112,115,-3,3
73356,196,184,12,12
73357,71,74,-3,3
73358,152,140,12,12
73359,87,87,0,0
73360,59,53,6,6
73361,144,128,16,16
73362,122,116,6,6
73363,61,67,-6,6
73364,99,115,-16,16
73365,74,60,14,14
73366,68,68,0,0
73367,92,89,3,3
73368,147,154,-7,7
73369,114,107,7,7
73370,64,70,-6,6
73371,92,81,11,11
73372,85,79,6,6
73373,100,90,10,10
73374,142,135,7,7
73375,34,28,6,6
73376,107,99,8,8
73377,110,106,4,4
73378,154,147,7,7
73379,69,82,-13,13
73380,91,107,-16,16
73381,124,121,3,3
73382,71,65,6,6
73383,61,59,2,2
73384,110,110,0,0
73385,86,87,-1,1
73386,143,123,20,20
73387,65,65,0,0
73388,82,75,7,7
73389,90,94,-4,4
73390,156,159,-3,3
73391,177,172,5,5
73392,108,109,-1,1
73393,100,122,-22,22
73394,60,71,-11,11
73395,81,93,-12,12
73396,99,99,0,0
73397,63,80,-17,17
73398,87,94,-7,7
73399,53,56,-3,3
73400,47,62,-15,15
73401,65,79,-14,14
73402,79,74,5,5
73403,65,65,0,0
73404,99,94,5,5
73405,61,61,0,0
73406,101,110,-9,9
73407,75,71,4,4
73408,99,97,2,2
73409,84,78,6,6
73410,130,117,13,13
73411,147,126,21,21
73412,103,107,-4,4
73413,48,55,-7,7
73414,88,96,-8,8
73415,115,106,9,9
73416,81,85,-4,4
73417,69,80,-11,11
73418,144,150,-6,6
73419,103,97,6,6
73420,84,76,8,8
73421,175,206,-31,31
73422,133,128,5,5
73423,88,96,-8,8
73424,112,112,0,0
73425,98,95,3,3
73426,79,77,2,2
73427,65,64,1,1
73428,75,88,-13,13
73429,101,105,-4,4
73430,44,51,-7,7
73431,89,82,7,7
73432,107,99,8,8
73433,85,80,5,5
73434,42,49,-7,7
73435,86,94,-8,8
73436,92,87,5,5
73437,70,77,-7,7
73438,79,87,-8,8
73439,39,57,-18,18
73440,90,93,-3,3
73441,126,121,5,5
73442,116,110,6,6
73443,69,68,1,1
73444,51,64,-13,13
73445,107,101,6,6
73446,88,77,11,11
73447,104,110,-6,6
73448,81,70,11,11
73449,78,78,0,0
73450,87,79,8,8
73451,63,88,-25,25
73452,92,90,2,2
73453,125,133,-8,8
73454,113,112,1,1
73455,50,58,-8,8
73456,71,75,-4,4
73457,78,79,-1,1
73458,65,65,0,0
73459,145,136,9,9
73460,64,61,3,3
73461,83,86,-3,3
73462,162,149,13,13
73463,84,86,-2,2
73464,149,148,1,1
73465,68,65,3,3
73466,84,82,2,2
73467,74,66,8,8
73468,106,102,4,4
73469,87,93,-6,6
73470,102,126,-24,24
73471,142,132,10,10
73472,159,150,9,9
73473,49,55,-6,6
73474,133,139,-6,6
73475,89,92,-3,3
73476,47,65,-18,18
73477,111,115,-4,4
73478,79,76,3,3
73479,108,125,-17,17
73480,58,60,-2,2
73481,111,112,-1,1
73482,46,65,-19,19
73483,69,70,-1,1
73484,144,138,6,6
73485,122,116,6,6
73486,114,105,9,9
73487,60,61,-1,1
73488,75,86,-11,11
73489,79,86,-7,7
73490,97,102,-5,5
73491,177,176,1,1
73492,111,100,11,11
73493,35,33,2,2
73494,133,109,24,24
73495,58,56,2,2
73496,114,101,13,13
73497,80,81,-1,1
73498,133,123,10,10
73499,116,109,7,7
73500,88,78,10,10
73501,126,106,20,20
73502,135,133,2,2
73503,85,95,-10,10
73504,154,143,11,11
73505,118,117,1,1
73506,92,86,6,6
73507,146,141,5,5
73508,63,65,-2,2
73509,77,91,-14,14
73510,113,111,2,2
73511,110,108,2,2
73512,63,81,-18,18
73513,78,66,12,12
73514,130,123,7,7
73515,64,61,3,3
73516,81,87,-6,6
73517,75,72,3,3
73518,41,48,-7,7
73519,139,139,0,0
73520,60,60,0,0
73521,81,86,-5,5
73522,108,99,9,9
73523,102,91,11,11
73524,63,60,3,3
73525,111,112,-1,1
73526,42,50,-8,8
73527,93,93,0,0
73528,106,106,0,0
73529,92,92,0,0
73530,87,84,3,3
73531,100,96,4,4
73532,73,79,-6,6
73533,65,59,6,6
73534,84,96,-12,12
73535,158,159,-1,1
73536,73,67,6,6
73537,116,141,-25,25
73538,79,92,-13,13
73539,114,112,2,2
73540,108,107,1,1
73541,89,93,-4,4
73542,65,88,-23,23
73543,123,112,11,11
73544,70,80,-10,10
73545,58,61,-3,3
73546,61,69,-8,8
73547,118,134,-16,16
73548,91,90,1,1
73549,82,92,-10,10
73550,42,52,-10,10
73551,43,46,-3,3
73552,144,148,-4,4
73553,60,73,-13,13
73554,29,45,-16,16
73555,111,103,8,8
73556,69,67,2,2
73557,192,174,18,18
73558,88,107,-19,19
73559,64,57,7,7
73560,131,134,-3,3
73561,107,111,-4,4
73562,95,102,-7,7
73563,70,76,-6,6
73564,51,56,-5,5
73565,195,180,15,15
73566,77,80,-3,3
73567,117,121,-4,4
73568,87,71,16,16
73569,46,46,0,0
73570,71,70,1,1
73571,65,65,0,0
73572,171,173,-2,2
73573,106,115,-9,9
73574,82,80,2,2
73575,130,120,10,10
73576,58,62,-4,4
73577,105,102,3,3
73578,121,126,-5,5
73579,148,158,-10,10
73580,87,86,1,1
73581,98,114,-16,16
73582,74,78,-4,4
73583,138,136,2,2
73584,95,99,-4,4
73585,104,103,1,1
73586,64,64,0,0
73587,74,75,-1,1
73588,126,102,24,24
73589,93,97,-4,4
73590,80,76,4,4
73591,62,68,-6,6
73592,56,67,-11,11
73593,91,88,3,3
73594,202,180,22,22
73595,97,99,-2,2
73596,109,123,-14,14
73597,62,45,17,17
73598,156,152,4,4
73599,62,59,3,3
73600,156,154,2,2
73601,60,67,-7,7
73602,67,62,5,5
73603,109,109,0,0
73604,129,114,15,15
73605,126,114,12,12
73606,141,132,9,9
73607,117,107,10,10
73608,167,154,13,13
73609,123,128,-5,5
73610,127,112,15,15
73611,70,68,2,2
73612,67,80,-13,13
73613,93,89,4,4
73614,79,67,12,12
73615,80,73,7,7
73616,81,90,-9,9
73617,77,84,-7,7
73618,57,53,4,4
73619,125,140,-15,15
73620,137,114,23,23
73621,98,99,-1,1
73622,76,70,6,6
73623,99,80,19,19
73624,88,77,11,11
73625,71,64,7,7
73626,85,72,13,13
73627,93,94,-1,1
73628,112,101,11,11
73629,63,66,-3,3
73630,79,96,-17,17
73631,90,83,7,7
73632,71,74,-3,3
73633,67,102,-35,35
73634,147,141,6,6
73635,57,76,-19,19
73636,61,61,0,0
73637,100,90,10,10
73638,79,75,4,4
73639,136,105,31,31
73640,88,90,-2,2
73641,67,69,-2,2
73642,173,166,7,7
73643,111,105,6,6
73644,96,85,11,11
73645,91,81,10,10
73646,90,76,14,14
73647,93,103,-10,10
73648,99,99,0,0
73649,57,59,-2,2
73650,71,70,1,1
73651,165,151,14,14
73652,91,105,-14,14
73653,59,57,2,2
73654,103,96,7,7
73655,72,73,-1,1
73656,95,98,-3,3
73657,86,67,19,19
73658,142,121,21,21
73659,92,90,2,2
73660,86,95,-9,9
73661,143,132,11,11
73662,37,54,-17,17
73663,66,74,-8,8
73664,121,114,7,7
73665,89,143,-54,54
73666,54,62,-8,8
73667,64,63,1,1
73668,48,53,-5,5
73669,33,39,-6,6
73670,154,139,15,15
73671,55,64,-9,9
73672,85,83,2,2
73673,68,70,-2,2
73674,88,81,7,7
73675,61,69,-8,8
73676,123,114,9,9
73677,98,109,-11,11
73678,161,158,3,3
73679,53,70,-17,17
73680,68,78,-10,10
73681,131,133,-2,2
73682,100,94,6,6
73683,64,67,-3,3
73684,109,113,-4,4
73685,87,89,-2,2
73686,78,76,2,2
73687,56,69,-13,13
73688,96,90,6,6
73689,104,101,3,3
73690,94,99,-5,5
73691,66,73,-7,7
73692,106,96,10,10
73693,132,142,-10,10
73694,142,125,17,17
73695,112,118,-6,6
73696,104,72,32,32
73697,129,128,1,1
73698,107,103,4,4
73699,137,143,-6,6
73700,81,85,-4,4
73701,57,56,1,1
73702,126,111,15,15
73703,57,73,-16,16
73704,141,126,15,15
73705,94,87,7,7
73706,56,65,-9,9
73707,100,88,12,12
73708,65,87,-22,22
73709,153,139,14,14
73710,106,108,-2,2
73711,65,73,-8,8
73712,89,89,0,0
73713,69,61,8,8
73714,172,169,3,3
73715,74,69,5,5
73716,55,61,-6,6
73717,95,91,4,4
73718,80,78,2,2
73719,72,73,-1,1
73720,69,71,-2,2
73721,77,89,-12,12
73722,136,128,8,8
73723,60,59,1,1
73724,106,90,16,16
73725,98,92,6,6
73726,113,101,12,12
73727,66,81,-15,15
73728,117,113,4,4
73729,75,77,-2,2
73730,123,116,7,7
73731,54,53,1,1
73732,157,164,-7,7
73733,100,98,2,2
73734,74,81,-7,7
73735,61,71,-10,10
73736,72,71,1,1
73737,81,75,6,6
73738,138,150,-12,12
73739,137,146,-9,9
73740,163,141,22,22
73741,65,85,-20,20
73742,130,123,7,7
73743,68,73,-5,5
73744,97,99,-2,2
73745,167,167,0,0
73746,93,69,24,24
73747,63,71,-8,8
73748,91,85,6,6
73749,174,157,17,17
73750,138,122,16,16
73751,75,72,3,3
73752,129,145,-16,16
73753,116,108,8,8
73754,47,63,-16,16
73755,116,104,12,12
73756,103,91,12,12
73757,112,105,7,7
73758,133,127,6,6
73759,55,59,-4,4
73760,75,71,4,4
73761,53,60,-7,7
73762,88,94,-6,6
73763,132,128,4,4
73764,35,30,5,5
73765,45,53,-8,8
73766,67,85,-18,18
73767,124,109,15,15
73768,148,134,14,14
73769,138,125,13,13
73770,98,100,-2,2
73771,81,93,-12,12
73772,54,61,-7,7
73773,35,37,-2,2
73774,69,80,-11,11
73775,66,67,-1,1
73776,116,115,1,1
73777,86,86,0,0
73778,95,97,-2,2
73779,95,96,-1,1
73780,61,64,-3,3
73781,79,78,1,1
73782,74,90,-16,16
73783,117,119,-2,2
73784,63,72,-9,9
73785,138,107,31,31
73786,125,126,-1,1
73787,95,96,-1,1
73788,66,67,-1,1
73789,53,55,-2,2
73790,83,80,3,3
73791,60,72,-12,12
73792,52,60,-8,8
73793,55,52,3,3
73794,100,110,-10,10
73795,91,110,-19,19
73796,87,84,3,3
73797,63,62,1,1
73798,122,96,26,26
73799,75,76,-1,1
73800,57,73,-16,16
73801,55,63,-8,8
73802,110,105,5,5
73803,88,95,-7,7
73804,155,159,-4,4
73805,96,97,-1,1
73806,81,84,-3,3
73807,102,83,19,19
73808,141,121,20,20
73809,105,101,4,4
73810,68,71,-3,3
73811,80,79,1,1
73812,94,100,-6,6
73813,60,66,-6,6
73814,107,93,14,14
73815,112,106,6,6
73816,92,97,-5,5
73817,86,72,14,14
73818,131,115,16,16
73819,62,60,2,2
73820,146,151,-5,5
73821,67,78,-11,11
73822,77,87,-10,10
73823,101,108,-7,7
73824,80,84,-4,4
73825,97,89,8,8
73826,140,122,18,18
73827,128,144,-16,16
73828,108,111,-3,3
73829,91,98,-7,7
73830,91,96,-5,5
73831,87,79,8,8
73832,151,138,13,13
73833,91,99,-8,8
73834,161,140,21,21
73835,60,65,-5,5
73836,135,119,16,16
73837,73,75,-2,2
73838,88,99,-11,11
73839,71,75,-4,4
73840,80,85,-5,5
73841,50,62,-12,12
73842,106,95,11,11
73843,66,63,3,3
73844,90,93,-3,3
73845,122,141,-19,19
73846,99,98,1,1
73847,73,77,-4,4
73848,60,79,-19,19
73849,63,93,-30,30
73850,105,119,-14,14
73851,34,44,-10,10
73852,74,82,-8,8
73853,122,120,2,2
73854,123,100,23,23
73855,66,64,2,2
73856,122,116,6,6
73857,114,107,7,7
73858,165,162,3,3
73859,139,155,-16,16
73860,58,51,7,7
73861,70,72,-2,2
73862,71,69,2,2
73863,158,177,-19,19
73864,66,66,0,0
73865,166,131,35,35
73866,129,130,-1,1
73867,91,96,-5,5
73868,109,129,-20,20
73869,118,119,-1,1
73870,90,89,1,1
73871,125,123,2,2
73872,94,93,1,1
73873,107,99,8,8
73874,144,121,23,23
73875,83,80,3,3
73876,71,76,-5,5
73877,93,96,-3,3
73878,103,104,-1,1
73879,78,80,-2,2
73880,33,79,-46,46
73881,44,71,-27,27
73882,129,115,14,14
73883,210,198,12,12
73884,98,83,15,15
73885,60,84,-24,24
73886,110,100,10,10
73887,56,70,-14,14
73888,149,121,28,28
73889,86,89,-3,3
73890,101,93,8,8
73891,80,69,11,11
73892,96,96,0,0
73893,66,72,-6,6
73894,73,62,11,11
73895,87,71,16,16
73896,73,69,4,4
73897,96,105,-9,9
73898,36,57,-21,21
73899,171,220,-49,49
73900,125,126,-1,1
73901,82,84,-2,2
73902,79,79,0,0
73903,148,134,14,14
73904,137,131,6,6
73905,82,86,-4,4
73906,72,98,-26,26
73907,57,66,-9,9
73908,162,156,6,6
73909,148,133,15,15
73910,82,78,4,4
73911,76,78,-2,2
73912,72,68,4,4
73913,42,57,-15,15
73914,102,103,-1,1
73915,61,67,-6,6
73916,107,113,-6,6
73917,72,53,19,19
73918,117,130,-13,13
73919,70,73,-3,3
73920,60,64,-4,4
73921,110,94,16,16
73922,94,91,3,3
73923,121,130,-9,9
73924,102,116,-14,14
73925,61,60,1,1
73926,69,67,2,2
73927,51,61,-10,10
73928,113,123,-10,10
73929,148,180,-32,32
73930,129,172,-43,43
73931,60,76,-16,16
73932,82,105,-23,23
73933,149,132,17,17
73934,64,56,8,8
73935,95,97,-2,2
73936,105,97,8,8
73937,129,120,9,9
73938,140,142,-2,2
73939,143,141,2,2
73940,67,64,3,3
73941,81,84,-3,3
73942,131,113,18,18
73943,61,61,0,0
73944,95,91,4,4
73945,121,110,11,11
73946,96,80,16,16
73947,159,149,10,10
73948,51,60,-9,9
73949,72,78,-6,6
73950,83,77,6,6
73951,114,109,5,5
73952,90,90,0,0
73953,72,68,4,4
73954,88,77,11,11
73955,149,138,11,11
73956,69,63,6,6
73957,67,72,-5,5
73958,65,75,-10,10
73959,119,121,-2,2
73960,146,135,11,11
73961,75,93,-18,18
73962,175,156,19,19
73963,109,113,-4,4
73964,80,80,0,0
73965,99,97,2,2
73966,137,132,5,5
73967,77,96,-19,19
73968,44,77,-33,33
73969,96,106,-10,10
73970,55,65,-10,10
73971,113,105,8,8
73972,108,114,-6,6
73973,55,54,1,1
73974,138,116,22,22
73975,74,71,3,3
73976,69,73,-4,4
73977,131,135,-4,4
73978,129,167,-38,38
73979,103,92,11,11
73980,50,51,-1,1
73981,90,100,-10,10
73982,42,45,-3,3
73983,140,148,-8,8
73984,76,100,-24,24
73985,113,101,12,12
73986,43,63,-20,20
73987,73,85,-12,12
73988,116,124,-8,8
73989,112,121,-9,9
73990,126,131,-5,5
73991,98,92,6,6
73992,83,122,-39,39
73993,51,67,-16,16
73994,73,105,-32,32
73995,220,194,26,26
73996,72,91,-19,19
73997,63,63,0,0
73998,107,112,-5,5
73999,90,87,3,3
74000,50,64,-14,14
74001,100,96,4,4
74002,126,110,16,16
74003,73,73,0,0
74004,88,91,-3,3
74005,65,81,-16,16
74006,73,69,4,4
74007,83,89,-6,6
74008,118,129,-11,11
74009,77,78,-1,1
74010,175,158,17,17
74011,101,81,20,20
74012,72,73,-1,1
74013,84,82,2,2
74014,320,426,-106,106
74015,86,100,-14,14
74016,48,58,-10,10
74017,82,78,4,4
74018,111,95,16,16
74019,83,75,8,8
74020,105,115,-10,10
74021,87,98,-11,11
74022,92,93,-1,1
74023,106,104,2,2
74024,179,173,6,6
74025,123,107,16,16
74026,68,77,-9,9
74027,52,67,-15,15
74028,155,139,16,16
74029,97,110,-13,13
74030,78,75,3,3
74031,52,59,-7,7
74032,62,71,-9,9
74033,92,105,-13,13
74034,113,106,7,7
74035,141,138,3,3
74036,66,72,-6,6
74037,97,89,8,8
74038,80,105,-25,25
74039,71,91,-20,20
74040,117,110,7,7
74041,202,197,5,5
74042,89,85,4,4
74043,65,76,-11,11
74044,83,88,-5,5
74045,151,144,7,7
74046,68,60,8,8
74047,84,89,-5,5
74048,114,100,14,14
74049,67,56,11,11
74050,48,44,4,4
74051,108,102,6,6
74052,159,146,13,13
74053,84,82,2,2
74054,153,132,21,21
74055,52,71,-19,19
74056,159,150,9,9
74057,118,127,-9,9
74058,83,92,-9,9
74059,50,61,-11,11
74060,125,118,7,7
74061,41,97,-56,56
74062,62,75,-13,13
74063,85,81,4,4
74064,133,134,-1,1
74065,129,123,6,6
74066,97,93,4,4
74067,102,109,-7,7
74068,23,37,-14,14
74069,74,77,-3,3
74070,41,56,-15,15
74071,108,111,-3,3
74072,104,100,4,4
74073,108,95,13,13
74074,97,91,6,6
74075,74,74,0,0
74076,94,108,-14,14
74077,78,76,2,2
74078,117,118,-1,1
74079,119,112,7,7
74080,60,64,-4,4
74081,86,78,8,8
74082,84,90,-6,6
74083,72,70,2,2
74084,93,100,-7,7
74085,72,68,4,4
74086,156,149,7,7
74087,73,77,-4,4
74088,108,125,-17,17
74089,126,138,-12,12
74090,93,92,1,1
74091,79,74,5,5
74092,181,148,33,33
74093,83,74,9,9
74094,119,116,3,3
74095,71,70,1,1
74096,77,76,1,1
74097,104,124,-20,20
74098,72,76,-4,4
74099,68,74,-6,6
74100,98,106,-8,8
74101,57,79,-22,22
74102,80,108,-28,28
74103,73,64,9,9
74104,191,197,-6,6
74105,100,91,9,9
74106,132,118,14,14
74107,40,38,2,2
74108,54,51,3,3
74109,154,142,12,12
74110,139,130,9,9
74111,107,110,-3,3
74112,128,123,5,5
74113,133,116,17,17
74114,83,80,3,3
74115,63,85,-22,22
74116,81,75,6,6
74117,163,160,3,3
74118,109,104,5,5
74119,63,61,2,2
74120,90,91,-1,1
74121,81,91,-10,10
74122,66,66,0,0
74123,120,126,-6,6
74124,89,82,7,7
74125,67,67,0,0
74126,85,94,-9,9
74127,78,75,3,3
74128,75,82,-7,7
74129,198,185,13,13
74130,92,94,-2,2
74131,118,112,6,6
74132,57,65,-8,8
74133,155,149,6,6
74134,86,79,7,7
74135,67,64,3,3
74136,178,149,29,29
74137,68,74,-6,6
74138,85,88,-3,3
74139,79,80,-1,1
74140,93,84,9,9
74141,50,56,-6,6
74142,58,59,-1,1
74143,104,98,6,6
74144,100,92,8,8
74145,201,194,7,7
74146,105,100,5,5
74147,105,102,3,3
74148,90,99,-9,9
74149,68,74,-6,6
74150,74,81,-7,7
74151,60,57,3,3
74152,59,82,-23,23
74153,97,103,-6,6
74154,87,82,5,5
74155,55,62,-7,7
74156,111,109,2,2
74157,119,110,9,9
74158,115,127,-12,12
74159,59,60,-1,1
74160,61,64,-3,3
74161,30,55,-25,25
74162,96,83,13,13
74163,131,123,8,8
74164,183,178,5,5
74165,161,160,1,1
74166,146,142,4,4
74167,200,176,24,24
74168,100,101,-1,1
74169,114,107,7,7
74170,108,107,1,1
74171,73,67,6,6
74172,75,66,9,9
74173,72,71,1,1
74174,143,145,-2,2
74175,101,93,8,8
74176,66,69,-3,3
74177,164,141,23,23
74178,85,87,-2,2
74179,88,89,-1,1
74180,98,94,4,4
74181,54,107,-53,53
74182,95,104,-9,9
74183,64,71,-7,7
74184,144,142,2,2
74185,105,97,8,8
74186,102,106,-4,4
74187,114,93,21,21
74188,54,51,3,3
74189,112,107,5,5
74190,181,165,16,16
74191,110,96,14,14
74192,75,55,20,20
74193,51,53,-2,2
74194,98,86,12,12
74195,85,100,-15,15
74196,54,59,-5,5
74197,57,63,-6,6
74198,77,85,-8,8
74199,66,75,-9,9
74200,84,78,6,6
74201,102,102,0,0
74202,124,119,5,5
74203,129,127,2,2
74204,195,188,7,7
74205,111,115,-4,4
74206,109,122,-13,13
74207,68,67,1,1
74208,57,56,1,1
74209,76,92,-16,16
74210,99,98,1,1
74211,78,90,-12,12
74212,124,102,22,22
74213,83,76,7,7
74214,82,85,-3,3
74215,73,80,-7,7
74216,66,81,-15,15
74217,102,95,7,7
74218,107,114,-7,7
74219,101,100,1,1
74220,119,114,5,5
74221,120,126,-6,6
74222,69,72,-3,3
74223,80,96,-16,16
74224,113,107,6,6
74225,63,65,-2,2
74226,94,88,6,6
74227,146,156,-10,10
74228,109,106,3,3
74229,117,108,9,9
74230,66,57,9,9
74231,151,138,13,13
74232,60,60,0,0
74233,146,146,0,0
74234,135,134,1,1
74235,90,78,12,12
74236,48,45,3,3
74237,71,67,4,4
74238,155,150,5,5
74239,86,78,8,8
74240,111,121,-10,10
74241,96,92,4,4
74242,137,151,-14,14
74243,81,96,-15,15
74244,60,69,-9,9
74245,83,98,-15,15
74246,106,102,4,4
74247,67,75,-8,8
74248,52,53,-1,1
74249,104,101,3,3
74250,73,83,-10,10
74251,87,118,-31,31
74252,148,149,-1,1
74253,77,68,9,9
74254,92,98,-6,6
74255,201,190,11,11
74256,50,61,-11,11
74257,149,145,4,4
74258,150,125,25,25
74259,89,91,-2,2
74260,131,127,4,4
74261,73,68,5,5
74262,83,93,-10,10
74263,155,155,0,0
74264,80,70,10,10
74265,128,124,4,4
74266,59,69,-10,10
74267,85,92,-7,7
74268,87,109,-22,22
74269,85,82,3,3
74270,72,70,2,2
74271,72,67,5,5
74272,56,60,-4,4
74273,127,123,4,4
74274,73,70,3,3
74275,94,85,9,9
74276,72,69,3,3
74277,48,51,-3,3
74278,130,112,18,18
74279,103,92,11,11
74280,96,82,14,14
74281,140,137,3,3
74282,63,74,-11,11
74283,61,82,-21,21
74284,78,70,8,8
74285,75,73,2,2
74286,81,87,-6,6
74287,79,85,-6,6
74288,94,114,-20,20
74289,117,106,11,11
74290,59,57,2,2
74291,84,76,8,8
74292,149,140,9,9
74293,109,112,-3,3
74294,46,57,-11,11
74295,131,113,18,18
74296,118,119,-1,1
74297,83,83,0,0
74298,68,76,-8,8
74299,70,82,-12,12
74300,49,61,-12,12
74301,73,76,-3,3
74302,132,136,-4,4
74303,93,82,11,11
74304,159,152,7,7
74305,107,109,-2,2
74306,185,167,18,18
74307,143,142,1,1
74308,60,68,-8,8
74309,78,76,2,2
74310,106,102,4,4
74311,98,97,1,1
74312,101,91,10,10
74313,39,57,-18,18
74314,104,108,-4,4
74315,51,72,-21,21
74316,88,78,10,10
74317,83,78,5,5
74318,116,129,-13,13
74319,59,64,-5,5
74320,88,89,-1,1
74321,206,172,34,34
74322,147,116,31,31
74323,40,53,-13,13
74324,45,58,-13,13
74325,89,90,-1,1
74326,146,135,11,11
74327,76,71,5,5
74328,92,74,18,18
74329,35,50,-15,15
74330,77,93,-16,16
74331,104,111,-7,7
74332,97,89,8,8
74333,135,132,3,3
74334,63,65,-2,2
74335,54,57,-3,3
74336,117,124,-7,7
74337,79,79,0,0
74338,64,69,-5,5
74339,63,64,-1,1
74340,63,65,-2,2
74341,80,83,-3,3
74342,136,127,9,9
74343,106,91,15,15
74344,76,76,0,0
74345,80,74,6,6
74346,126,118,8,8
74347,96,96,0,0
74348,56,46,10,10
74349,124,127,-3,3
74350,137,132,5,5
74351,63,73,-10,10
74352,59,67,-8,8
74353,102,104,-2,2
74354,41,66,-25,25
74355,84,81,3,3
74356,99,97,2,2
74357,108,119,-11,11
74358,125,125,0,0
74359,115,115,0,0
74360,84,93,-9,9
74361,100,108,-8,8
74362,128,125,3,3
74363,60,64,-4,4
74364,77,83,-6,6
74365,63,59,4,4
74366,90,100,-10,10
74367,64,70,-6,6
74368,61,49,12,12
74369,99,107,-8,8
74370,97,102,-5,5
74371,65,53,12,12
74372,99,97,2,2
74373,181,163,18,18
74374,83,86,-3,3
74375,102,104,-2,2
74376,136,132,4,4
74377,56,56,0,0
74378,132,119,13,13
74379,76,81,-5,5
74380,101,95,6,6
74381,110,88,22,22
74382,51,45,6,6
74383,60,70,-10,10
74384,127,125,2,2
74385,81,102,-21,21
74386,59,64,-5,5
74387,82,76,6,6
74388,103,101,2,2
74389,99,99,0,0
74390,50,43,7,7
74391,85,100,-15,15
74392,67,63,4,4
74393,125,119,6,6
74394,93,85,8,8
74395,116,113,3,3
74396,68,72,-4,4
74397,77,90,-13,13
74398,95,91,4,4
74399,59,68,-9,9
74400,111,100,11,11
74401,79,88,-9,9
74402,84,86,-2,2
74403,89,101,-12,12
74404,164,161,3,3
74405,72,76,-4,4
74406,78,91,-13,13
74407,149,159,-10,10
74408,95,80,15,15
74409,85,89,-4,4
74410,96,102,-6,6
74411,72,65,7,7
74412,112,107,5,5
74413,77,59,18,18
74414,40,46,-6,6
74415,110,111,-1,1
74416,59,73,-14,14
74417,107,99,8,8
74418,66,68,-2,2
74419,87,80,7,7
74420,72,69,3,3
74421,85,89,-4,4
74422,49,56,-7,7
74423,72,80,-8,8
74424,156,194,-38,38
74425,75,56,19,19
74426,83,83,0,0
74427,107,112,-5,5
74428,97,92,5,5
74429,108,96,12,12
74430,89,76,13,13
74431,103,112,-9,9
74432,133,143,-10,10
74433,56,55,1,1
74434,77,83,-6,6
74435,88,102,-14,14
74436,106,114,-8,8
74437,134,131,3,3
74438,81,85,-4,4
74439,126,117,9,9
74440,69,72,-3,3
74441,120,158,-38,38
74442,121,129,-8,8
74443,62,61,1,1
74444,85,81,4,4
74445,93,79,14,14
74446,111,103,8,8
74447,99,119,-20,20
74448,50,54,-4,4
74449,98,102,-4,4
74450,83,78,5,5
74451,94,106,-12,12
74452,144,145,-1,1
74453,49,63,-14,14
74454,46,49,-3,3
74455,87,100,-13,13
74456,80,93,-13,13
74457,150,131,19,19
74458,67,71,-4,4
74459,39,40,-1,1
74460,82,73,9,9
74461,76,87,-11,11
74462,56,63,-7,7
74463,33,46,-13,13
74464,95,90,5,5
74465,67,63,4,4
74466,87,93,-6,6
74467,101,101,0,0
74468,62,70,-8,8
74469,62,71,-9,9
74470,93,87,6,6
74471,71,61,10,10
74472,79,88,-9,9
74473,86,88,-2,2
74474,70,79,-9,9
74475,117,108,9,9
74476,51,69,-18,18
74477,168,168,0,0
74478,120,112,8,8
74479,99,89,10,10
74480,73,79,-6,6
74481,120,121,-1,1
74482,136,125,11,11
74483,57,99,-42,42
74484,89,87,2,2
74485,89,100,-11,11
74486,81,80,1,1
74487,72,65,7,7
74488,104,96,8,8
74489,141,131,10,10
74490,79,79,0,0
74491,167,148,19,19
74492,86,88,-2,2
74493,138,126,12,12
74494,66,59,7,7
74495,59,60,-1,1
74496,110,117,-7,7
74497,82,75,7,7
74498,92,87,5,5
74499,62,63,-1,1
74500,82,74,8,8
74501,62,69,-7,7
74502,94,95,-1,1
74503,135,151,-16,16
74504,227,262,-35,35
74505,85,91,-6,6
74506,74,87,-13,13
74507,106,138,-32,32
74508,52,61,-9,9
74509,96,121,-25,25
74510,97,103,-6,6
74511,143,136,7,7
74512,84,70,14,14
74513,77,64,13,13
74514,49,61,-12,12
74515,116,102,14,14
74516,67,87,-20,20
74517,74,84,-10,10
74518,83,88,-5,5
74519,77,76,1,1
74520,113,117,-4,4
74521,125,121,4,4
74522,59,60,-1,1
74523,62,67,-5,5
74524,148,141,7,7
74525,56,63,-7,7
74526,85,97,-12,12
74527,158,141,17,17
74528,79,72,7,7
74529,87,78,9,9
74530,115,139,-24,24
74531,62,65,-3,3
74532,78,76,2,2
74533,107,113,-6,6
74534,129,126,3,3
74535,109,107,2,2
74536,46,56,-10,10
74537,73,69,4,4
74538,47,50,-3,3
74539,57,56,1,1
74540,136,143,-7,7
74541,74,73,1,1
74542,73,73,0,0
74543,117,121,-4,4
74544,64,45,19,19
74545,65,78,-13,13
74546,61,74,-13,13
74547,40,55,-15,15
74548,84,82,2,2
74549,96,75,21,21
74550,108,103,5,5
74551,148,146,2,2
74552,111,116,-5,5
74553,131,135,-4,4
74554,55,61,-6,6
74555,132,128,4,4
74556,156,117,39,39
74557,68,65,3,3
74558,109,120,-11,11
74559,65,63,2,2
74560,78,68,10,10
74561,136,125,11,11
74562,190,188,2,2
74563,157,148,9,9
74564,110,112,-2,2
74565,50,56,-6,6
74566,123,130,-7,7
74567,127,120,7,7
74568,88,90,-2,2
74569,116,107,9,9
74570,85,90,-5,5
74571,116,117,-1,1
74572,181,177,4,4
74573,87,81,6,6
74574,135,143,-8,8
74575,64,77,-13,13
74576,92,95,-3,3
74577,59,62,-3,3
74578,81,72,9,9
74579,71,68,3,3
74580,130,141,-11,11
74581,96,88,8,8
74582,86,76,10,10
74583,107,125,-18,18
74584,118,109,9,9
74585,93,99,-6,6
74586,88,89,-1,1
74587,54,62,-8,8
74588,101,109,-8,8
74589,58,61,-3,3
74590,109,105,4,4
74591,106,115,-9,9
74592,139,135,4,4
74593,50,57,-7,7
74594,168,167,1,1
74595,115,123,-8,8
74596,70,71,-1,1
74597,92,97,-5,5
74598,133,132,1,1
74599,74,73,1,1
74600,159,165,-6,6
74601,120,122,-2,2
74602,84,105,-21,21
74603,103,115,-12,12
74604,183,152,31,31
74605,139,129,10,10
74606,86,59,27,27
74607,82,84,-2,2
74608,61,71,-10,10
74609,123,102,21,21
74610,87,87,0,0
74611,135,139,-4,4
74612,99,85,14,14
74613,74,72,2,2
74614,74,78,-4,4
74615,139,128,11,11
74616,85,87,-2,2
74617,70,72,-2,2
74618,106,101,5,5
74619,123,117,6,6
74620,100,101,-1,1
74621,61,62,-1,1
74622,92,98,-6,6
74623,132,128,4,4
74624,59,57,2,2
74625,226,213,13,13
74626,84,80,4,4
74627,165,178,-13,13
74628,83,88,-5,5
74629,115,111,4,4
74630,159,132,27,27
74631,93,78,15,15
74632,126,127,-1,1
74633,51,54,-3,3
74634,118,113,5,5
74635,80,79,1,1
74636,161,152,9,9
74637,91,90,1,1
74638,83,83,0,0
74639,91,91,0,0
74640,234,222,12,12
74641,78,66,12,12
74642,101,91,10,10
74643,72,72,0,0
74644,92,80,12,12
74645,44,61,-17,17
74646,76,77,-1,1
74647,106,110,-4,4
74648,119,105,14,14
74649,111,93,18,18
74650,111,114,-3,3
74651,105,96,9,9
74652,62,66,-4,4
74653,113,112,1,1
74654,94,100,-6,6
74655,155,155,0,0
74656,59,56,3,3
74657,86,98,-12,12
74658,61,60,1,1
74659,198,184,14,14
74660,83,86,-3,3
74661,50,60,-10,10
74662,126,122,4,4
74663,95,89,6,6
74664,95,86,9,9
74665,24,66,-42,42
74666,90,91,-1,1
74667,47,52,-5,5
74668,64,73,-9,9
74669,107,102,5,5
74670,94,81,13,13
74671,77,76,1,1
74672,111,129,-18,18
74673,107,112,-5,5
74674,33,32,1,1
74675,73,72,1,1
74676,63,67,-4,4
74677,90,97,-7,7
74678,89,163,-74,74
74679,79,72,7,7
74680,128,129,-1,1
74681,91,92,-1,1
74682,114,108,6,6
74683,103,98,5,5
74684,61,62,-1,1
74685,122,128,-6,6
74686,114,110,4,4
74687,143,150,-7,7
74688,75,73,2,2
74689,66,66,0,0
74690,90,89,1,1
74691,108,89,19,19
74692,74,77,-3,3
74693,137,126,11,11
74694,121,108,13,13
74695,85,97,-12,12
74696,47,52,-5,5
74697,51,59,-8,8
74698,79,69,10,10
74699,80,84,-4,4
74700,111,108,3,3
74701,126,139,-13,13
74702,37,45,-8,8
74703,87,84,3,3
74704,102,97,5,5
74705,73,65,8,8
74706,81,92,-11,11
74707,85,77,8,8
74708,127,124,3,3
74709,127,116,11,11
74710,93,98,-5,5
74711,122,122,0,0
74712,175,156,19,19
74713,96,86,10,10
74714,88,95,-7,7
74715,162,149,13,13
74716,124,136,-12,12
74717,42,41,1,1
74718,90,86,4,4
74719,91,92,-1,1
74720,129,125,4,4
74721,53,58,-5,5
74722,75,73,2,2
74723,88,91,-3,3
74724,70,79,-9,9
74725,185,178,7,7
74726,105,101,4,4
74727,128,116,12,12
74728,103,105,-2,2
74729,100,103,-3,3
74730,71,65,6,6
74731,157,130,27,27
74732,103,107,-4,4
74733,118,115,3,3
74734,140,226,-86,86
74735,102,103,-1,1
74736,71,67,4,4
74737,143,147,-4,4
74738,58,62,-4,4
74739,96,99,-3,3
74740,112,111,1,1
74741,85,88,-3,3
74742,92,103,-11,11
74743,81,91,-10,10
74744,102,104,-2,2
74745,43,57,-14,14
74746,87,84,3,3
74747,118,112,6,6
74748,85,82,3,3
74749,100,105,-5,5
74750,83,97,-14,14
74751,83,76,7,7
74752,89,87,2,2
74753,50,46,4,4
74754,134,136,-2,2
74755,65,67,-2,2
74756,72,75,-3,3
74757,75,71,4,4
74758,78,78,0,0
74759,81,93,-12,12
74760,105,110,-5,5
74761,67,64,3,3
74762,136,68,68,68
74763,86,102,-16,16
74764,139,131,8,8
74765,78,77,1,1
74766,38,38,0,0
74767,78,77,1,1
74768,59,57,2,2
74769,91,86,5,5
74770,152,147,5,5
74771,148,156,-8,8
74772,108,106,2,2
74773,77,73,4,4
74774,83,68,15,15
74775,89,81,8,8
74776,104,99,5,5
74777,117,116,1,1
74778,151,139,12,12
74779,45,59,-14,14
74780,60,58,2,2
74781,125,126,-1,1
74782,41,52,-11,11
74783,49,54,-5,5
74784,140,130,10,10
74785,90,94,-4,4
74786,93,100,-7,7
74787,100,84,16,16
74788,125,115,10,10
74789,114,119,-5,5
74790,128,138,-10,10
74791,60,59,1,1
74792,191,187,4,4
74793,140,146,-6,6
74794,82,95,-13,13
74795,76,85,-9,9
74796,117,113,4,4
74797,83,90,-7,7
74798,82,79,3,3
74799,122,123,-1,1
74800,60,67,-7,7
74801,117,117,0,0
74802,96,98,-2,2
74803,115,112,3,3
74804,134,128,6,6
74805,109,114,-5,5
74806,91,72,19,19
74807,72,74,-2,2
74808,96,96,0,0
74809,80,79,1,1
74810,71,73,-2,2
74811,95,95,0,0
74812,101,109,-8,8
74813,67,73,-6,6
74814,87,93,-6,6
74815,89,85,4,4
74816,62,70,-8,8
74817,126,154,-28,28
74818,78,88,-10,10
74819,100,102,-2,2
74820,96,95,1,1
74821,100,102,-2,2
74822,59,68,-9,9
74823,93,89,4,4
74824,120,124,-4,4
74825,70,70,0,0
74826,46,57,-11,11
74827,153,138,15,15
74828,91,91,0,0
74829,94,95,-1,1
74830,74,76,-2,2
74831,87,77,10,10
74832,76,75,1,1
74833,56,60,-4,4
74834,104,117,-13,13
74835,126,120,6,6
74836,115,107,8,8
74837,107,119,-12,12
74838,41,58,-17,17
74839,75,74,1,1
74840,76,87,-11,11
74841,75,77,-2,2
74842,50,51,-1,1
74843,118,112,6,6
74844,131,121,10,10
74845,92,140,-48,48
74846,113,107,6,6
74847,126,111,15,15
74848,65,77,-12,12
74849,128,125,3,3
74850,89,101,-12,12
74851,100,84,16,16
74852,85,82,3,3
74853,166,143,23,23
74854,100,111,-11,11
74855,119,123,-4,4
74856,72,72,0,0
74857,78,74,4,4
74858,70,70,0,0
74859,84,83,1,1
74860,56,59,-3,3
74861,18,42,-24,24
74862,75,71,4,4
74863,107,120,-13,13
74864,86,71,15,15
74865,128,127,1,1
74866,99,106,-7,7
74867,69,78,-9,9
74868,130,124,6,6
74869,127,126,1,1
74870,188,176,12,12
74871,99,107,-8,8
74872,83,76,7,7
74873,105,121,-16,16
74874,56,63,-7,7
74875,84,84,0,0
74876,43,51,-8,8
74877,104,120,-16,16
74878,93,96,-3,3
74879,111,123,-12,12
74880,106,116,-10,10
74881,77,79,-2,2
74882,74,66,8,8
74883,138,135,3,3
74884,47,58,-11,11
74885,158,155,3,3
74886,111,115,-4,4
74887,84,72,12,12
74888,129,143,-14,14
74889,76,82,-6,6
74890,84,75,9,9
74891,67,74,-7,7
74892,61,58,3,3
74893,107,104,3,3
74894,79,73,6,6
74895,112,124,-12,12
74896,53,57,-4,4
74897,84,93,-9,9
74898,46,43,3,3
74899,115,110,5,5
74900,48,47,1,1
74901,51,52,-1,1
74902,73,84,-11,11
74903,81,103,-22,22
74904,53,54,-1,1
74905,144,145,-1,1
74906,93,85,8,8
74907,63,71,-8,8
74908,47,41,6,6
74909,117,111,6,6
74910,172,167,5,5
74911,57,69,-12,12
74912,143,135,8,8
74913,108,114,-6,6
74914,140,128,12,12
74915,70,74,-4,4
74916,96,100,-4,4
74917,107,109,-2,2
74918,116,111,5,5
74919,120,118,2,2
74920,60,55,5,5
74921,77,90,-13,13
74922,112,107,5,5
74923,97,108,-11,11
74924,183,183,0,0
74925,95,85,10,10
74926,92,88,4,4
74927,76,90,-14,14
74928,99,106,-7,7
74929,85,92,-7,7
74930,76,65,11,11
74931,93,83,10,10
74932,50,58,-8,8
74933,55,71,-16,16
74934,88,86,2,2
74935,97,112,-15,15
74936,83,86,-3,3
74937,54,47,7,7
74938,86,92,-6,6
74939,77,91,-14,14
74940,282,436,-154,154
74941,136,127,9,9
74942,91,75,16,16
74943,150,169,-19,19
74944,66,71,-5,5
74945,71,75,-4,4
74946,87,87,0,0
74947,87,94,-7,7
74948,119,118,1,1
74949,148,134,14,14
74950,117,113,4,4
74951,85,90,-5,5
74952,97,94,3,3
74953,49,58,-9,9
74954,103,119,-16,16
74955,38,53,-15,15
74956,86,92,-6,6
74957,49,54,-5,5
74958,103,113,-10,10
74959,103,147,-44,44
74960,45,35,10,10
74961,103,106,-3,3
74962,83,90,-7,7
74963,95,77,18,18
74964,60,73,-13,13
74965,102,109,-7,7
74966,138,145,-7,7
74967,83,71,12,12
74968,95,101,-6,6
74969,96,99,-3,3
74970,150,151,-1,1
74971,53,50,3,3
74972,133,112,21,21
74973,45,49,-4,4
74974,50,60,-10,10
74975,35,85,-50,50
74976,103,91,12,12
74977,58,53,5,5
74978,72,76,-4,4
74979,100,109,-9,9
74980,95,92,3,3
74981,109,101,8,8
74982,57,61,-4,4
74983,68,87,-19,19
74984,89,91,-2,2
74985,129,121,8,8
74986,118,125,-7,7
74987,114,115,-1,1
74988,112,107,5,5
74989,103,99,4,4
74990,95,103,-8,8
74991,130,136,-6,6
74992,95,89,6,6
74993,129,122,7,7
74994,84,80,4,4
74995,103,111,-8,8
74996,146,147,-1,1
74997,84,96,-12,12
74998,143,135,8,8
74999,84,109,-25,25
75000,69,84,-15,15
75001,94,106,-12,12
75002,56,77,-21,21
75003,133,129,4,4
75004,49,57,-8,8
75005,58,55,3,3
75006,122,108,14,14
75007,117,120,-3,3
75008,87,85,2,2
75009,113,118,-5,5
75010,60,62,-2,2
75011,65,68,-3,3
75012,103,101,2,2
75013,152,131,21,21
75014,121,121,0,0
75015,119,115,4,4
75016,47,64,-17,17
75017,113,102,11,11
75018,101,96,5,5
75019,73,88,-15,15
75020,88,98,-10,10
75021,156,142,14,14
75022,99,90,9,9
75023,86,94,-8,8
75024,101,107,-6,6
75025,91,94,-3,3
75026,59,64,-5,5
75027,72,76,-4,4
75028,111,91,20,20
75029,108,113,-5,5
75030,78,84,-6,6
75031,63,58,5,5
75032,97,98,-1,1
75033,76,83,-7,7
75034,94,102,-8,8
75035,83,84,-1,1
75036,72,65,7,7
75037,113,98,15,15
75038,126,117,9,9
75039,86,104,-18,18
75040,67,67,0,0
75041,149,138,11,11
75042,89,86,3,3
75043,115,99,16,16
75044,111,94,17,17
75045,135,137,-2,2
75046,54,59,-5,5
75047,123,129,-6,6
75048,82,95,-13,13
75049,26,45,-19,19
75050,66,61,5,5
75051,117,107,10,10
75052,135,145,-10,10
75053,70,65,5,5
75054,59,61,-2,2
75055,141,128,13,13
75056,64,65,-1,1
75057,126,127,-1,1
75058,97,94,3,3
75059,54,58,-4,4
75060,99,95,4,4
75061,138,133,5,5
75062,130,133,-3,3
75063,111,91,20,20
75064,81,82,-1,1
75065,97,96,1,1
75066,146,149,-3,3
75067,92,85,7,7
75068,68,53,15,15
75069,70,79,-9,9
75070,79,75,4,4
75071,57,55,2,2
75072,70,72,-2,2
75073,52,59,-7,7
75074,82,89,-7,7
75075,72,73,-1,1
75076,86,80,6,6
75077,124,110,14,14
75078,71,68,3,3
75079,75,65,10,10
75080,111,101,10,10
75081,85,80,5,5
75082,77,76,1,1
75083,116,118,-2,2
75084,121,136,-15,15
75085,63,64,-1,1
75086,65,61,4,4
75087,92,102,-10,10
75088,115,107,8,8
75089,62,60,2,2
75090,90,87,3,3
75091,50,58,-8,8
75092,81,88,-7,7
75093,33,44,-11,11
75094,141,131,10,10
75095,51,65,-14,14
75096,32,37,-5,5
75097,89,99,-10,10
75098,117,117,0,0
75099,97,99,-2,2
75100,92,82,10,10
75101,71,75,-4,4
75102,76,81,-5,5
75103,42,50,-8,8
75104,84,90,-6,6
75105,87,88,-1,1
75106,153,147,6,6
75107,91,86,5,5
75108,59,86,-27,27
75109,69,69,0,0
75110,109,101,8,8
75111,115,111,4,4
75112,169,164,5,5
75113,67,68,-1,1
75114,96,100,-4,4
75115,94,87,7,7
75116,173,156,17,17
75117,96,93,3,3
75118,127,110,17,17
75119,58,57,1,1
75120,69,69,0,0
75121,68,66,2,2
75122,141,143,-2,2
75123,110,133,-23,23
75124,46,96,-50,50
75125,56,124,-68,68
75126,99,92,7,7
75127,117,111,6,6
75128,53,58,-5,5
75129,92,96,-4,4
75130,100,118,-18,18
75131,100,85,15,15
75132,92,93,-1,1
75133,67,60,7,7
75134,148,131,17,17
75135,122,130,-8,8
75136,162,149,13,13
75137,86,88,-2,2
75138,165,157,8,8
75139,106,99,7,7
75140,84,98,-14,14
75141,97,92,5,5
75142,61,67,-6,6
75143,187,193,-6,6
75144,153,154,-1,1
75145,57,62,-5,5
75146,101,104,-3,3
75147,154,128,26,26
75148,108,117,-9,9
75149,55,56,-1,1
75150,113,108,5,5
75151,55,51,4,4
75152,101,106,-5,5
75153,91,101,-10,10
75154,89,93,-4,4
75155,96,91,5,5
75156,52,67,-15,15
75157,54,61,-7,7
75158,69,72,-3,3
75159,95,114,-19,19
75160,88,97,-9,9
75161,126,124,2,2
75162,82,79,3,3
75163,76,82,-6,6
75164,112,106,6,6
75165,117,115,2,2
75166,113,109,4,4
75167,97,97,0,0
75168,98,98,0,0
75169,83,82,1,1
75170,76,67,9,9
75171,80,71,9,9
75172,111,122,-11,11
75173,135,134,1,1
75174,62,71,-9,9
75175,140,135,5,5
75176,68,72,-4,4
75177,141,139,2,2
75178,53,75,-22,22
75179,140,139,1,1
75180,74,73,1,1
75181,70,73,-3,3
75182,78,87,-9,9
75183,103,98,5,5
75184,97,100,-3,3
75185,75,81,-6,6
75186,143,141,2,2
75187,163,154,9,9
75188,71,73,-2,2
75189,58,52,6,6
75190,69,70,-1,1
75191,72,73,-1,1
75192,158,152,6,6
75193,93,109,-16,16
75194,80,79,1,1
75195,142,136,6,6
75196,46,67,-21,21
75197,76,67,9,9
75198,129,160,-31,31
75199,82,81,1,1
75200,146,132,14,14
75201,93,87,6,6
75202,113,110,3,3
75203,142,138,4,4
75204,72,70,2,2
75205,74,69,5,5
75206,88,103,-15,15
75207,105,107,-2,2
75208,110,114,-4,4
75209,83,82,1,1
75210,27,42,-15,15
75211,136,125,11,11
75212,81,80,1,1
75213,98,97,1,1
75214,120,118,2,2
75215,92,85,7,7
75216,145,137,8,8
75217,137,132,5,5
75218,103,110,-7,7
75219,121,131,-10,10
75220,54,61,-7,7
75221,112,111,1,1
75222,76,80,-4,4
75223,89,83,6,6
75224,160,156,4,4
75225,28,45,-17,17
75226,76,73,3,3
75227,165,161,4,4
75228,100,91,9,9
75229,152,143,9,9
75230,82,78,4,4
75231,94,87,7,7
75232,60,62,-2,2
75233,125,121,4,4
75234,69,73,-4,4
75235,120,94,26,26
75236,91,91,0,0
75237,96,85,11,11
75238,45,50,-5,5
75239,56,59,-3,3
75240,76,70,6,6
75241,75,85,-10,10
75242,79,75,4,4
75243,124,115,9,9
75244,106,101,5,5
75245,122,115,7,7
75246,51,64,-13,13
75247,69,66,3,3
75248,85,94,-9,9
75249,115,149,-34,34
75250,115,111,4,4
75251,115,117,-2,2
75252,60,72,-12,12
75253,76,86,-10,10
75254,32,39,-7,7
75255,79,79,0,0
75256,44,50,-6,6
75257,58,56,2,2
75258,130,124,6,6
75259,132,132,0,0
75260,79,75,4,4
75261,92,101,-9,9
75262,144,126,18,18
75263,54,56,-2,2
75264,133,124,9,9
75265,64,75,-11,11
75266,92,92,0,0
75267,156,145,11,11
75268,58,40,18,18
75269,82,70,12,12
75270,86,89,-3,3
75271,173,167,6,6
75272,94,86,8,8
75273,60,66,-6,6
75274,108,110,-2,2
75275,126,133,-7,7
75276,56,61,-5,5
75277,98,100,-2,2
75278,92,82,10,10
75279,117,110,7,7
75280,52,56,-4,4
75281,94,86,8,8
75282,78,67,11,11
75283,76,101,-25,25
75284,67,67,0,0
75285,124,132,-8,8
75286,128,126,2,2
75287,73,75,-2,2
75288,62,70,-8,8
75289,100,106,-6,6
75290,130,137,-7,7
75291,61,54,7,7
75292,262,242,20,20
75293,60,62,-2,2
75294,102,111,-9,9
75295,57,61,-4,4
75296,97,107,-10,10
75297,84,91,-7,7
75298,61,77,-16,16
75299,135,122,13,13
75300,104,85,19,19
75301,79,73,6,6
75302,187,161,26,26
75303,62,65,-3,3
75304,94,88,6,6
75305,94,107,-13,13
75306,94,93,1,1
75307,126,109,17,17
75308,126,117,9,9
75309,108,111,-3,3
75310,60,54,6,6
75311,93,111,-18,18
75312,53,47,6,6
75313,61,59,2,2
75314,79,86,-7,7
75315,74,68,6,6
75316,50,52,-2,2
75317,75,63,12,12
75318,40,48,-8,8
75319,47,59,-12,12
75320,78,80,-2,2
75321,51,67,-16,16
75322,97,99,-2,2
75323,54,59,-5,5
75324,100,99,1,1
75325,91,85,6,6
75326,48,53,-5,5
75327,46,60,-14,14
75328,153,152,1,1
75329,123,117,6,6
75330,52,63,-11,11
75331,92,89,3,3
75332,71,86,-15,15
75333,141,119,22,22
75334,46,52,-6,6
75335,72,79,-7,7
75336,84,76,8,8
75337,82,93,-11,11
75338,78,73,5,5
75339,77,83,-6,6
75340,93,80,13,13
75341,47,59,-12,12
75342,67,68,-1,1
75343,67,66,1,1
75344,113,107,6,6
75345,179,185,-6,6
75346,95,102,-7,7
75347,164,159,5,5
75348,45,55,-10,10
75349,127,114,13,13
75350,118,124,-6,6
75351,96,93,3,3
75352,57,58,-1,1
75353,151,149,2,2
75354,69,129,-60,60
75355,79,96,-17,17
75356,86,89,-3,3
75357,186,183,3,3
75358,147,137,10,10
75359,109,119,-10,10
75360,97,91,6,6
75361,110,100,10,10
75362,69,68,1,1
75363,65,74,-9,9
75364,119,112,7,7
75365,58,55,3,3
75366,77,74,3,3
75367,97,94,3,3
75368,95,91,4,4
75369,123,129,-6,6
75370,107,130,-23,23
75371,117,115,2,2
75372,72,83,-11,11
75373,119,110,9,9
75374,103,93,10,10
75375,129,129,0,0
75376,83,76,7,7
75377,248,246,2,2
75378,93,85,8,8
75379,129,122,7,7
75380,68,68,0,0
75381,117,112,5,5
75382,87,100,-13,13
75383,118,116,2,2
75384,98,96,2,2
75385,103,105,-2,2
75386,69,74,-5,5
75387,110,99,11,11
75388,125,113,12,12
75389,113,108,5,5
75390,112,110,2,2
75391,81,75,6,6
75392,86,89,-3,3
75393,148,140,8,8
75394,102,103,-1,1
75395,31,35,-4,4
75396,64,76,-12,12
75397,114,121,-7,7
75398,87,92,-5,5
75399,127,112,15,15
75400,91,89,2,2
75401,74,72,2,2
75402,175,151,24,24
75403,223,243,-20,20
75404,87,72,15,15
75405,67,67,0,0
75406,59,51,8,8
75407,104,96,8,8
75408,64,86,-22,22
75409,149,143,6,6
75410,125,119,6,6
75411,45,46,-1,1
75412,93,98,-5,5
75413,86,99,-13,13
75414,80,77,3,3
75415,73,80,-7,7
75416,92,85,7,7
75417,120,145,-25,25
75418,126,118,8,8
75419,73,77,-4,4
75420,54,65,-11,11
75421,65,71,-6,6
75422,100,95,5,5
75423,105,104,1,1
75424,85,82,3,3
75425,100,90,10,10
75426,81,102,-21,21
75427,67,67,0,0
75428,174,169,5,5
75429,132,117,15,15
75430,127,99,28,28
75431,96,107,-11,11
75432,73,72,1,1
75433,86,85,1,1
75434,73,73,0,0
75435,124,121,3,3
75436,75,78,-3,3
75437,49,65,-16,16
75438,99,134,-35,35
75439,55,68,-13,13
75440,141,124,17,17
75441,62,65,-3,3
75442,75,65,10,10
75443,99,97,2,2
75444,97,97,0,0
75445,104,120,-16,16
75446,96,88,8,8
75447,122,121,1,1
75448,101,84,17,17
75449,109,114,-5,5
75450,111,108,3,3
75451,99,100,-1,1
75452,77,89,-12,12
75453,118,117,1,1
75454,89,82,7,7
75455,75,90,-15,15
75456,59,64,-5,5
75457,57,71,-14,14
75458,99,90,9,9
75459,88,86,2,2
75460,106,95,11,11
75461,101,112,-11,11
75462,131,125,6,6
75463,127,125,2,2
75464,65,63,2,2
75465,101,93,8,8
75466,140,131,9,9
75467,122,129,-7,7
75468,80,83,-3,3
75469,128,138,-10,10
75470,85,82,3,3
75471,111,118,-7,7
75472,78,81,-3,3
75473,93,96,-3,3
75474,42,35,7,7
75475,66,56,10,10
75476,95,106,-11,11
75477,90,78,12,12
75478,100,102,-2,2
75479,82,82,0,0
75480,67,76,-9,9
75481,105,102,3,3
75482,110,107,3,3
75483,56,63,-7,7
75484,37,35,2,2
75485,65,70,-5,5
75486,72,74,-2,2
75487,106,110,-4,4
75488,99,97,2,2
75489,104,106,-2,2
75490,87,89,-2,2
75491,76,84,-8,8
75492,53,48,5,5
75493,57,67,-10,10
75494,69,67,2,2
75495,83,82,1,1
75496,56,66,-10,10
75497,78,82,-4,4
75498,95,107,-12,12
75499,78,78,0,0
75500,74,75,-1,1
75501,82,96,-14,14
75502,95,88,7,7
75503,85,86,-1,1
75504,63,72,-9,9
75505,124,122,2,2
75506,67,80,-13,13
75507,112,107,5,5
75508,94,98,-4,4
75509,69,69,0,0
75510,121,129,-8,8
75511,82,84,-2,2
75512,111,111,0,0
75513,126,123,3,3
75514,74,72,2,2
75515,81,80,1,1
75516,100,102,-2,2
75517,148,134,14,14
75518,88,81,7,7
75519,70,67,3,3
75520,150,119,31,31
75521,88,89,-1,1
75522,28,39,-11,11
75523,93,90,3,3
75524,96,97,-1,1
75525,90,86,4,4
75526,150,157,-7,7
75527,75,82,-7,7
75528,93,117,-24,24
75529,150,143,7,7
75530,123,94,29,29
75531,133,130,3,3
75532,69,90,-21,21
75533,167,143,24,24
75534,46,44,2,2
75535,92,88,4,4
75536,54,60,-6,6
75537,154,140,14,14
75538,45,59,-14,14
75539,137,124,13,13
75540,115,105,10,10
75541,99,87,12,12
75542,93,91,2,2
75543,83,84,-1,1
75544,115,98,17,17
75545,23,53,-30,30
75546,92,87,5,5
75547,85,92,-7,7
75548,80,75,5,5
75549,190,194,-4,4
75550,95,88,7,7
75551,153,137,16,16
75552,83,83,0,0
75553,51,51,0,0
75554,85,69,16,16
75555,85,92,-7,7
75556,59,74,-15,15
75557,172,148,24,24
75558,53,57,-4,4
75559,128,124,4,4
75560,72,82,-10,10
75561,130,126,4,4
75562,54,57,-3,3
75563,145,126,19,19
75564,94,98,-4,4
75565,111,110,1,1
75566,35,49,-14,14
75567,74,68,6,6
75568,85,84,1,1
75569,129,134,-5,5
75570,49,61,-12,12
75571,56,63,-7,7
75572,99,95,4,4
75573,79,97,-18,18
75574,129,126,3,3
75575,74,74,0,0
75576,78,85,-7,7
75577,70,61,9,9
75578,157,180,-23,23
75579,98,102,-4,4
75580,66,67,-1,1
75581,75,81,-6,6
75582,76,72,4,4
75583,94,104,-10,10
75584,100,99,1,1
75585,50,54,-4,4
75586,98,88,10,10
75587,96,106,-10,10
75588,134,136,-2,2
75589,108,94,14,14
75590,212,206,6,6
75591,138,134,4,4
75592,88,86,2,2
75593,12,46,-34,34
75594,66,67,-1,1
75595,98,94,4,4
75596,110,102,8,8
75597,75,78,-3,3
75598,146,150,-4,4
75599,176,186,-10,10
75600,91,87,4,4
75601,88,86,2,2
75602,51,54,-3,3
75603,190,169,21,21
75604,128,117,11,11
75605,74,76,-2,2
75606,83,92,-9,9
75607,64,68,-4,4
75608,127,117,10,10
75609,130,119,11,11
75610,95,90,5,5
75611,66,176,-110,110
75612,46,26,20,20
75613,79,80,-1,1
75614,110,101,9,9
75615,116,108,8,8
75616,68,78,-10,10
75617,70,90,-20,20
75618,59,66,-7,7
75619,107,91,16,16
75620,77,90,-13,13
75621,97,113,-16,16
75622,160,148,12,12
75623,130,141,-11,11
75624,60,59,1,1
75625,104,102,2,2
75626,91,83,8,8
75627,89,103,-14,14
75628,49,51,-2,2
75629,155,152,3,3
75630,94,97,-3,3
75631,146,137,9,9
75632,87,95,-8,8
75633,127,119,8,8
75634,79,91,-12,12
75635,93,92,1,1
75636,121,124,-3,3
75637,74,72,2,2
75638,113,114,-1,1
75639,163,161,2,2
75640,122,117,5,5
75641,118,130,-12,12
75642,56,73,-17,17
75643,129,119,10,10
75644,128,126,2,2
75645,159,150,9,9
75646,62,62,0,0
75647,108,118,-10,10
75648,72,73,-1,1
75649,79,91,-12,12
75650,166,187,-21,21
75651,62,64,-2,2
75652,144,146,-2,2
75653,129,126,3,3
75654,72,76,-4,4
75655,93,82,11,11
75656,86,92,-6,6
75657,126,120,6,6
75658,86,86,0,0
75659,87,90,-3,3
75660,183,175,8,8
75661,68,76,-8,8
75662,80,70,10,10
75663,63,82,-19,19
75664,61,67,-6,6
75665,103,105,-2,2
75666,46,45,1,1
75667,107,95,12,12
75668,127,127,0,0
75669,89,78,11,11
75670,104,97,7,7
75671,82,78,4,4
75672,114,124,-10,10
75673,82,78,4,4
75674,109,110,-1,1
75675,105,106,-1,1
75676,67,70,-3,3
75677,64,58,6,6
75678,109,108,1,1
75679,50,54,-4,4
75680,49,41,8,8
75681,89,89,0,0
75682,163,154,9,9
75683,64,76,-12,12
75684,180,166,14,14
75685,73,122,-49,49
75686,155,154,1,1
75687,106,103,3,3
75688,102,100,2,2
75689,142,141,1,1
75690,62,62,0,0
75691,93,101,-8,8
75692,125,111,14,14
75693,71,73,-2,2
75694,62,85,-23,23
75695,129,132,-3,3
75696,109,122,-13,13
75697,174,172,2,2
75698,103,102,1,1
75699,124,108,16,16
75700,74,86,-12,12
75701,96,90,6,6
75702,112,111,1,1
75703,78,78,0,0
75704,59,63,-4,4
75705,54,58,-4,4
75706,86,82,4,4
75707,99,114,-15,15
75708,120,134,-14,14
75709,134,135,-1,1
75710,141,126,15,15
75711,99,99,0,0
75712,92,91,1,1
75713,121,110,11,11
75714,74,75,-1,1
75715,101,94,7,7
75716,14,106,-92,92
75717,80,78,2,2
75718,88,82,6,6
75719,60,74,-14,14
75720,112,112,0,0
75721,153,134,19,19
75722,108,114,-6,6
75723,98,97,1,1
75724,78,88,-10,10
75725,115,144,-29,29
75726,71,67,4,4
75727,129,133,-4,4
75728,56,68,-12,12
75729,68,68,0,0
75730,80,77,3,3
75731,110,112,-2,2
75732,86,100,-14,14
75733,139,127,12,12
75734,125,118,7,7
75735,73,81,-8,8
75736,122,111,11,11
75737,99,100,-1,1
75738,78,73,5,5
75739,150,143,7,7
75740,112,107,5,5
75741,95,103,-8,8
75742,85,86,-1,1
75743,67,79,-12,12
75744,91,85,6,6
75745,110,96,14,14
75746,88,61,27,27
75747,115,128,-13,13
75748,78,81,-3,3
75749,89,100,-11,11
75750,71,69,2,2
75751,65,62,3,3
75752,67,82,-15,15
75753,144,132,12,12
75754,98,103,-5,5
75755,78,73,5,5
75756,130,128,2,2
75757,75,78,-3,3
75758,83,72,11,11
75759,72,73,-1,1
75760,106,111,-5,5
75761,44,46,-2,2
75762,108,100,8,8
75763,80,74,6,6
75764,98,105,-7,7
75765,97,92,5,5
75766,124,134,-10,10
75767,96,92,4,4
75768,71,69,2,2
75769,118,121,-3,3
75770,115,113,2,2
75771,88,86,2,2
75772,104,106,-2,2
75773,75,73,2,2
75774,115,94,21,21
75775,94,78,16,16
75776,97,96,1,1
75777,71,73,-2,2
75778,73,80,-7,7
75779,64,83,-19,19
75780,61,67,-6,6
75781,46,45,1,1
75782,81,84,-3,3
75783,56,62,-6,6
75784,99,89,10,10
75785,131,133,-2,2
75786,75,97,-22,22
75787,74,73,1,1
75788,111,103,8,8
75789,136,123,13,13
75790,81,80,1,1
75791,50,67,-17,17
75792,95,92,3,3
75793,108,113,-5,5
75794,62,108,-46,46
75795,78,81,-3,3
75796,92,87,5,5
75797,42,44,-2,2
75798,102,90,12,12
75799,104,112,-8,8
75800,55,55,0,0
75801,69,72,-3,3
75802,90,98,-8,8
75803,63,63,0,0
75804,101,107,-6,6
75805,43,58,-15,15
75806,69,73,-4,4
75807,109,104,5,5
75808,142,139,3,3
75809,140,142,-2,2
75810,67,75,-8,8
75811,62,64,-2,2
75812,114,94,20,20
75813,107,111,-4,4
75814,85,107,-22,22
75815,167,154,13,13
75816,163,166,-3,3
75817,85,96,-11,11
75818,73,81,-8,8
75819,109,109,0,0
75820,61,63,-2,2
75821,77,80,-3,3
75822,207,196,11,11
75823,99,105,-6,6
75824,182,168,14,14
75825,99,97,2,2
75826,83,84,-1,1
75827,75,81,-6,6
75828,139,135,4,4
75829,47,39,8,8
75830,65,84,-19,19
75831,143,121,22,22
75832,73,68,5,5
75833,79,84,-5,5
75834,85,87,-2,2
75835,88,95,-7,7
75836,141,125,16,16
75837,71,92,-21,21
75838,96,94,2,2
75839,153,144,9,9
75840,133,122,11,11
75841,80,93,-13,13
75842,171,171,0,0
75843,125,131,-6,6
75844,91,87,4,4
75845,61,65,-4,4
75846,131,119,12,12
75847,136,112,24,24
75848,58,59,-1,1
75849,93,87,6,6
75850,88,88,0,0
75851,68,70,-2,2
75852,129,122,7,7
75853,127,114,13,13
75854,98,152,-54,54
75855,87,95,-8,8
75856,84,85,-1,1
75857,51,73,-22,22
75858,72,69,3,3
75859,144,132,12,12
75860,96,98,-2,2
75861,61,63,-2,2
75862,86,81,5,5
75863,78,80,-2,2
75864,51,52,-1,1
75865,151,144,7,7
75866,109,111,-2,2
75867,108,115,-7,7
75868,80,78,2,2
75869,67,59,8,8
75870,125,141,-16,16
75871,75,88,-13,13
75872,176,190,-14,14
75873,105,106,-1,1
75874,82,84,-2,2
75875,146,144,2,2
75876,49,117,-68,68
75877,68,82,-14,14
75878,119,116,3,3
75879,40,41,-1,1
75880,118,117,1,1
75881,65,64,1,1
75882,92,102,-10,10
75883,69,67,2,2
75884,110,108,2,2
75885,94,85,9,9
75886,152,168,-16,16
75887,118,125,-7,7
75888,72,83,-11,11
75889,141,130,11,11
75890,43,53,-10,10
75891,122,119,3,3
75892,73,75,-2,2
75893,92,97,-5,5
75894,101,121,-20,20
75895,66,43,23,23
75896,70,65,5,5
75897,43,53,-10,10
75898,84,75,9,9
75899,83,99,-16,16
75900,71,68,3,3
75901,97,82,15,15
75902,116,114,2,2
75903,107,126,-19,19
75904,152,148,4,4
75905,130,145,-15,15
75906,49,61,-12,12
75907,111,99,12,12
75908,124,110,14,14
75909,75,70,5,5
75910,112,124,-12,12
75911,111,114,-3,3
75912,97,107,-10,10
75913,47,54,-7,7
75914,114,95,19,19
75915,107,104,3,3
75916,93,97,-4,4
75917,107,109,-2,2
75918,114,122,-8,8
75919,124,133,-9,9
75920,133,118,15,15
75921,64,78,-14,14
75922,80,78,2,2
75923,155,138,17,17
75924,98,107,-9,9
75925,82,66,16,16
75926,50,58,-8,8
75927,64,65,-1,1
75928,97,100,-3,3
75929,123,111,12,12
75930,46,56,-10,10
75931,78,67,11,11
75932,122,118,4,4
75933,181,169,12,12
75934,64,63,1,1
75935,56,59,-3,3
75936,72,82,-10,10
75937,141,138,3,3
75938,126,113,13,13
75939,71,75,-4,4
75940,81,69,12,12
75941,137,127,10,10
75942,91,86,5,5
75943,117,109,8,8
75944,160,155,5,5
75945,101,96,5,5
75946,55,68,-13,13
75947,104,105,-1,1
75948,72,73,-1,1
75949,165,155,10,10
75950,74,72,2,2
75951,72,76,-4,4
75952,138,121,17,17
75953,87,82,5,5
75954,66,61,5,5
75955,78,82,-4,4
75956,80,76,4,4
75957,111,117,-6,6
75958,132,136,-4,4
75959,70,74,-4,4
75960,96,99,-3,3
75961,127,118,9,9
75962,121,112,9,9
75963,57,56,1,1
75964,203,198,5,5
75965,94,89,5,5
75966,81,101,-20,20
75967,52,53,-1,1
75968,150,140,10,10
75969,83,118,-35,35
75970,99,88,11,11
75971,64,67,-3,3
75972,79,76,3,3
75973,81,82,-1,1
75974,47,50,-3,3
75975,54,58,-4,4
75976,152,142,10,10
75977,44,52,-8,8
75978,87,87,0,0
75979,161,132,29,29
75980,83,82,1,1
75981,75,74,1,1
75982,111,115,-4,4
75983,60,54,6,6
75984,98,96,2,2
75985,74,81,-7,7
75986,81,81,0,0
75987,113,106,7,7
75988,110,95,15,15
75989,84,86,-2,2
75990,57,58,-1,1
75991,70,68,2,2
75992,175,160,15,15
75993,95,98,-3,3
75994,94,98,-4,4
75995,107,110,-3,3
75996,75,74,1,1
75997,85,95,-10,10
75998,162,137,25,25
75999,93,98,-5,5
76000,73,76,-3,3
76001,86,89,-3,3
76002,179,166,13,13
76003,202,191,11,11
76004,98,98,0,0
76005,85,88,-3,3
76006,37,54,-17,17
76007,121,116,5,5
76008,128,120,8,8
76009,87,97,-10,10
76010,141,147,-6,6
76011,70,66,4,4
76012,151,152,-1,1
76013,116,112,4,4
76014,81,74,7,7
76015,81,81,0,0
76016,89,98,-9,9
76017,124,102,22,22
76018,94,94,0,0
76019,56,66,-10,10
76020,151,143,8,8
76021,157,141,16,16
76022,70,65,5,5
76023,154,155,-1,1
76024,130,126,4,4
76025,121,121,0,0
76026,119,119,0,0
76027,94,106,-12,12
76028,62,77,-15,15
76029,99,92,7,7
76030,82,80,2,2
76031,145,139,6,6
76032,107,111,-4,4
76033,107,101,6,6
76034,128,117,11,11
76035,52,59,-7,7
76036,103,102,1,1
76037,70,66,4,4
76038,161,150,11,11
76039,74,80,-6,6
76040,70,63,7,7
76041,114,108,6,6
76042,150,147,3,3
76043,105,114,-9,9
76044,119,126,-7,7
76045,71,77,-6,6
76046,102,92,10,10
76047,43,52,-9,9
76048,84,88,-4,4
76049,70,75,-5,5
76050,82,79,3,3
76051,74,70,4,4
76052,98,83,15,15
76053,55,55,0,0
76054,110,113,-3,3
76055,145,145,0,0
76056,80,76,4,4
76057,137,185,-48,48
76058,77,83,-6,6
76059,80,68,12,12
76060,73,66,7,7
76061,83,81,2,2
76062,100,100,0,0
76063,85,89,-4,4
76064,101,117,-16,16
76065,79,77,2,2
76066,89,98,-9,9
76067,60,68,-8,8
76068,112,101,11,11
76069,173,166,7,7
76070,60,57,3,3
76071,41,53,-12,12
76072,57,67,-10,10
76073,88,82,6,6
76074,101,99,2,2
76075,82,72,10,10
76076,100,102,-2,2
76077,85,85,0,0
76078,117,92,25,25
76079,83,82,1,1
76080,162,158,4,4
76081,59,60,-1,1
76082,127,118,9,9
76083,170,150,20,20
76084,114,104,10,10
76085,111,107,4,4
76086,44,50,-6,6
76087,91,94,-3,3
76088,76,88,-12,12
76089,64,77,-13,13
76090,67,72,-5,5
76091,135,125,10,10
76092,75,84,-9,9
76093,110,111,-1,1
76094,84,82,2,2
76095,77,80,-3,3
76096,97,96,1,1
76097,85,95,-10,10
76098,61,55,6,6
76099,86,88,-2,2
76100,75,80,-5,5
76101,83,112,-29,29
76102,168,157,11,11
76103,97,95,2,2
76104,64,70,-6,6
76105,126,118,8,8
76106,85,85,0,0
76107,111,106,5,5
76108,87,90,-3,3
76109,101,111,-10,10
76110,162,125,37,37
76111,143,140,3,3
76112,123,112,11,11
76113,82,90,-8,8
76114,101,93,8,8
76115,92,110,-18,18
76116,87,97,-10,10
76117,93,78,15,15
76118,100,113,-13,13
76119,92,84,8,8
76120,85,78,7,7
76121,49,53,-4,4
76122,79,89,-10,10
76123,58,57,1,1
76124,85,88,-3,3
76125,61,55,6,6
76126,140,130,10,10
76127,127,134,-7,7
76128,152,143,9,9
76129,67,57,10,10
76130,64,67,-3,3
76131,136,130,6,6
76132,74,71,3,3
76133,100,90,10,10
76134,158,149,9,9
76135,80,86,-6,6
76136,88,84,4,4
76137,110,119,-9,9
76138,74,68,6,6
76139,116,118,-2,2
76140,82,77,5,5
76141,117,110,7,7
76142,81,75,6,6
76143,74,83,-9,9
76144,104,109,-5,5
76145,147,127,20,20
76146,82,77,5,5
76147,50,54,-4,4
76148,180,165,15,15
76149,182,184,-2,2
76150,63,71,-8,8
76151,190,160,30,30
76152,122,136,-14,14
76153,99,95,4,4
76154,66,74,-8,8
76155,53,77,-24,24
76156,63,64,-1,1
76157,125,140,-15,15
76158,112,101,11,11
76159,85,91,-6,6
76160,56,59,-3,3
76161,85,83,2,2
76162,70,82,-12,12
76163,83,85,-2,2
76164,135,132,3,3
76165,57,55,2,2
76166,84,88,-4,4
76167,90,100,-10,10
76168,59,58,1,1
76169,77,73,4,4
76170,64,67,-3,3
76171,99,100,-1,1
76172,109,103,6,6
76173,97,97,0,0
76174,92,94,-2,2
76175,87,86,1,1
76176,42,54,-12,12
76177,74,91,-17,17
76178,162,174,-12,12
76179,125,114,11,11
76180,178,181,-3,3
76181,98,113,-15,15
76182,89,94,-5,5
76183,72,75,-3,3
76184,78,76,2,2
76185,53,60,-7,7
76186,85,79,6,6
76187,122,113,9,9
76188,101,106,-5,5
76189,81,85,-4,4
76190,128,93,35,35
76191,98,100,-2,2
76192,154,161,-7,7
76193,122,130,-8,8
76194,63,68,-5,5
76195,83,95,-12,12
76196,98,98,0,0
76197,70,66,4,4
76198,89,76,13,13
76199,111,112,-1,1
76200,44,62,-18,18
76201,48,60,-12,12
76202,104,103,1,1
76203,106,109,-3,3
76204,148,130,18,18
76205,128,126,2,2
76206,118,120,-2,2
76207,105,91,14,14
76208,141,150,-9,9
76209,115,100,15,15
76210,161,153,8,8
76211,71,95,-24,24
76212,149,141,8,8
76213,77,75,2,2
76214,117,107,10,10
76215,119,115,4,4
76216,116,108,8,8
76217,88,96,-8,8
76218,107,103,4,4
76219,72,87,-15,15
76220,137,152,-15,15
76221,122,128,-6,6
76222,126,119,7,7
76223,50,54,-4,4
76224,119,111,8,8
76225,79,75,4,4
76226,124,135,-11,11
76227,128,119,9,9
76228,132,119,13,13
76229,90,79,11,11
76230,95,100,-5,5
76231,97,89,8,8
76232,63,66,-3,3
76233,109,112,-3,3
76234,133,143,-10,10
76235,104,97,7,7
76236,35,76,-41,41
76237,72,79,-7,7
76238,65,77,-12,12
76239,120,114,6,6
76240,135,157,-22,22
76241,130,122,8,8
76242,137,134,3,3
76243,81,79,2,2
76244,83,84,-1,1
76245,51,59,-8,8
76246,77,86,-9,9
76247,116,106,10,10
76248,72,77,-5,5
76249,97,106,-9,9
76250,78,70,8,8
76251,63,61,2,2
76252,130,130,0,0
76253,158,151,7,7
76254,75,87,-12,12
76255,76,86,-10,10
76256,101,105,-4,4
76257,44,53,-9,9
76258,74,63,11,11
76259,98,87,11,11
76260,134,132,2,2
76261,104,105,-1,1
76262,88,91,-3,3
76263,179,211,-32,32
76264,46,61,-15,15
76265,141,136,5,5
76266,91,76,15,15
76267,72,78,-6,6
76268,82,78,4,4
76269,73,76,-3,3
76270,139,126,13,13
76271,124,112,12,12
76272,100,97,3,3
76273,98,99,-1,1
76274,80,83,-3,3
76275,97,114,-17,17
76276,62,73,-11,11
76277,136,147,-11,11
76278,93,84,9,9
76279,104,101,3,3
76280,158,162,-4,4
76281,105,91,14,14
76282,82,63,19,19
76283,150,132,18,18
76284,161,152,9,9
76285,68,66,2,2
76286,97,102,-5,5
76287,106,99,7,7
76288,75,72,3,3
76289,95,89,6,6
76290,84,80,4,4
76291,144,119,25,25
76292,115,117,-2,2
76293,45,54,-9,9
76294,99,99,0,0
76295,91,90,1,1
76296,75,68,7,7
76297,134,114,20,20
76298,69,63,6,6
76299,74,70,4,4
76300,53,51,2,2
76301,74,86,-12,12
76302,95,100,-5,5
76303,54,48,6,6
76304,96,90,6,6
76305,93,93,0,0
76306,108,114,-6,6
76307,104,119,-15,15
76308,80,77,3,3
76309,87,84,3,3
76310,98,108,-10,10
76311,60,64,-4,4
76312,65,79,-14,14
76313,75,90,-15,15
76314,80,87,-7,7
76315,81,93,-12,12
76316,123,112,11,11
76317,89,87,2,2
76318,142,139,3,3
76319,64,61,3,3
76320,100,102,-2,2
76321,45,53,-8,8
76322,118,117,1,1
76323,73,79,-6,6
76324,74,89,-15,15
76325,102,100,2,2
76326,66,76,-10,10
76327,120,126,-6,6
76328,57,58,-1,1
76329,149,126,23,23
76330,131,136,-5,5
76331,81,73,8,8
76332,61,60,1,1
76333,89,96,-7,7
76334,66,54,12,12
76335,64,77,-13,13
76336,76,79,-3,3
76337,124,116,8,8
76338,48,58,-10,10
76339,68,73,-5,5
76340,100,96,4,4
76341,96,94,2,2
76342,50,61,-11,11
76343,85,91,-6,6
76344,85,80,5,5
76345,61,65,-4,4
76346,91,84,7,7
76347,72,74,-2,2
76348,129,115,14,14
76349,104,99,5,5
76350,54,66,-12,12
76351,53,56,-3,3
76352,105,108,-3,3
76353,91,104,-13,13
76354,66,76,-10,10
76355,59,64,-5,5
76356,118,113,5,5
76357,109,118,-9,9
76358,63,62,1,1
76359,63,57,6,6
76360,68,64,4,4
76361,166,175,-9,9
76362,84,81,3,3
76363,66,61,5,5
76364,100,124,-24,24
76365,104,100,4,4
76366,65,63,2,2
76367,57,72,-15,15
76368,99,95,4,4
76369,96,114,-18,18
76370,71,69,2,2
76371,57,59,-2,2
76372,105,106,-1,1
76373,88,85,3,3
76374,54,60,-6,6
76375,181,168,13,13
76376,100,92,8,8
76377,103,101,2,2
76378,138,125,13,13
76379,65,64,1,1
76380,71,72,-1,1
76381,70,68,2,2
76382,72,66,6,6
76383,66,64,2,2
76384,79,82,-3,3
76385,169,169,0,0
76386,129,118,11,11
76387,129,112,17,17
76388,63,57,6,6
76389,92,98,-6,6
76390,109,108,1,1
76391,58,70,-12,12
76392,108,98,10,10
76393,107,103,4,4
76394,162,166,-4,4
76395,57,57,0,0
76396,109,111,-2,2
76397,86,91,-5,5
76398,91,76,15,15
76399,89,70,19,19
76400,93,98,-5,5
76401,70,83,-13,13
76402,73,75,-2,2
76403,71,75,-4,4
76404,59,53,6,6
76405,166,157,9,9
76406,71,58,13,13
76407,71,59,12,12
76408,132,112,20,20
76409,103,110,-7,7
76410,114,112,2,2
76411,103,115,-12,12
76412,98,99,-1,1
76413,92,84,8,8
76414,102,112,-10,10
76415,113,121,-8,8
76416,130,148,-18,18
76417,56,63,-7,7
76418,127,120,7,7
76419,53,72,-19,19
76420,129,135,-6,6
76421,93,93,0,0
76422,133,128,5,5
76423,93,97,-4,4
76424,92,102,-10,10
76425,45,59,-14,14
76426,96,85,11,11
76427,104,122,-18,18
76428,65,74,-9,9
76429,114,109,5,5
76430,52,59,-7,7
76431,80,91,-11,11
76432,135,125,10,10
76433,78,164,-86,86
76434,69,79,-10,10
76435,61,21,40,40
76436,75,72,3,3
76437,131,142,-11,11
76438,108,114,-6,6
76439,96,101,-5,5
76440,178,166,12,12
76441,171,179,-8,8
76442,81,73,8,8
76443,91,85,6,6
76444,69,74,-5,5
76445,146,142,4,4
76446,111,88,23,23
76447,65,64,1,1
76448,86,83,3,3
76449,79,94,-15,15
76450,108,99,9,9
76451,94,98,-4,4
76452,107,113,-6,6
76453,100,89,11,11
76454,121,111,10,10
76455,144,152,-8,8
76456,66,66,0,0
76457,40,55,-15,15
76458,99,105,-6,6
76459,32,41,-9,9
76460,69,73,-4,4
76461,145,141,4,4
76462,76,82,-6,6
76463,85,83,2,2
76464,53,62,-9,9
76465,27,37,-10,10
76466,55,61,-6,6
76467,41,47,-6,6
76468,57,64,-7,7
76469,83,82,1,1
76470,77,75,2,2
76471,85,85,0,0
76472,118,103,15,15
76473,55,64,-9,9
76474,62,61,1,1
76475,111,112,-1,1
76476,108,107,1,1
76477,89,91,-2,2
76478,97,77,20,20
76479,94,102,-8,8
76480,61,64,-3,3
76481,82,96,-14,14
76482,83,94,-11,11
76483,140,133,7,7
76484,152,135,17,17
76485,86,78,8,8
76486,33,51,-18,18
76487,88,91,-3,3
76488,71,71,0,0
76489,97,112,-15,15
76490,81,90,-9,9
76491,129,114,15,15
76492,55,64,-9,9
76493,122,114,8,8
76494,103,112,-9,9
76495,98,99,-1,1
76496,89,84,5,5
76497,87,81,6,6
76498,79,85,-6,6
76499,98,110,-12,12
76500,49,54,-5,5
76501,82,82,0,0
76502,120,120,0,0
76503,108,101,7,7
76504,169,154,15,15
76505,161,161,0,0
76506,134,136,-2,2
76507,96,92,4,4
76508,56,58,-2,2
76509,101,107,-6,6
76510,86,93,-7,7
76511,82,111,-29,29
76512,85,87,-2,2
76513,79,81,-2,2
76514,78,82,-4,4
76515,105,101,4,4
76516,142,136,6,6
76517,65,65,0,0
76518,57,60,-3,3
76519,81,89,-8,8
76520,139,115,24,24
76521,84,73,11,11
76522,81,81,0,0
76523,154,129,25,25
76524,147,140,7,7
76525,153,139,14,14
76526,73,78,-5,5
76527,141,139,2,2
76528,43,48,-5,5
76529,101,91,10,10
76530,42,49,-7,7
76531,78,93,-15,15
76532,97,117,-20,20
76533,65,79,-14,14
76534,58,62,-4,4
76535,79,92,-13,13
76536,95,94,1,1
76537,105,116,-11,11
76538,37,32,5,5
76539,82,90,-8,8
76540,130,130,0,0
76541,99,114,-15,15
76542,125,102,23,23
76543,51,63,-12,12
76544,87,80,7,7
76545,147,150,-3,3
76546,61,64,-3,3
76547,122,117,5,5
76548,70,78,-8,8
76549,81,72,9,9
76550,93,91,2,2
76551,136,138,-2,2
76552,61,71,-10,10
76553,75,88,-13,13
76554,118,107,11,11
76555,110,113,-3,3
76556,153,155,-2,2
76557,57,58,-1,1
76558,128,117,11,11
76559,118,118,0,0
76560,81,91,-10,10
76561,82,91,-9,9
76562,126,128,-2,2
76563,110,109,1,1
76564,91,91,0,0
76565,106,88,18,18
76566,92,89,3,3
76567,74,81,-7,7
76568,119,117,2,2
76569,47,61,-14,14
76570,81,83,-2,2
76571,101,90,11,11
76572,91,93,-2,2
76573,68,72,-4,4
76574,119,118,1,1
76575,90,93,-3,3
76576,104,113,-9,9
76577,80,81,-1,1
76578,84,80,4,4
76579,132,121,11,11
76580,32,74,-42,42
76581,139,131,8,8
76582,85,82,3,3
76583,83,78,5,5
76584,55,64,-9,9
76585,98,110,-12,12
76586,177,172,5,5
76587,81,84,-3,3
76588,90,103,-13,13
76589,133,123,10,10
76590,85,64,21,21
76591,58,50,8,8
76592,133,133,0,0
76593,81,76,5,5
76594,149,142,7,7
76595,107,100,7,7
76596,113,96,17,17
76597,108,97,11,11
76598,93,99,-6,6
76599,100,88,12,12
76600,66,67,-1,1
76601,109,99,10,10
76602,77,89,-12,12
76603,208,164,44,44
76604,79,90,-11,11
76605,74,71,3,3
76606,74,76,-2,2
76607,131,114,17,17
76608,127,115,12,12
76609,77,86,-9,9
76610,100,72,28,28
76611,82,106,-24,24
76612,100,103,-3,3
76613,65,72,-7,7
76614,97,102,-5,5
76615,146,131,15,15
76616,99,92,7,7
76617,117,113,4,4
76618,71,72,-1,1
76619,60,56,4,4
76620,75,74,1,1
76621,46,43,3,3
76622,121,103,18,18
76623,55,49,6,6
76624,119,125,-6,6
76625,178,168,10,10
76626,131,131,0,0
76627,123,116,7,7
76628,99,99,0,0
76629,164,124,40,40
76630,69,70,-1,1
76631,55,54,1,1
76632,148,158,-10,10
76633,67,72,-5,5
76634,138,140,-2,2
76635,115,102,13,13
76636,134,127,7,7
76637,91,104,-13,13
76638,94,98,-4,4
76639,114,110,4,4
76640,92,87,5,5
76641,98,103,-5,5
76642,41,42,-1,1
76643,49,67,-18,18
76644,59,69,-10,10
76645,90,84,6,6
76646,165,147,18,18
76647,53,57,-4,4
76648,67,50,17,17
76649,77,63,14,14
76650,87,87,0,0
76651,65,70,-5,5
76652,133,127,6,6
76653,98,99,-1,1
76654,103,102,1,1
76655,85,76,9,9
76656,153,142,11,11
76657,85,75,10,10
76658,126,134,-8,8
76659,102,117,-15,15
76660,115,109,6,6
76661,78,90,-12,12
76662,152,158,-6,6
76663,72,66,6,6
76664,65,69,-4,4
76665,71,64,7,7
76666,134,128,6,6
76667,104,103,1,1
76668,54,65,-11,11
76669,133,123,10,10
76670,99,81,18,18
76671,69,57,12,12
76672,169,169,0,0
76673,94,87,7,7
76674,106,107,-1,1
76675,86,88,-2,2
76676,107,98,9,9
76677,52,62,-10,10
76678,71,73,-2,2
76679,87,84,3,3
76680,155,162,-7,7
76681,58,62,-4,4
76682,144,135,9,9
76683,111,106,5,5
76684,90,86,4,4
76685,74,64,10,10
76686,100,100,0,0
76687,112,116,-4,4
76688,117,111,6,6
76689,48,90,-42,42
76690,107,93,14,14
76691,144,144,0,0
76692,86,75,11,11
76693,101,83,18,18
76694,94,96,-2,2
76695,129,111,18,18
76696,132,136,-4,4
76697,61,62,-1,1
76698,103,105,-2,2
76699,104,87,17,17
76700,135,109,26,26
76701,76,87,-11,11
76702,112,117,-5,5
76703,114,87,27,27
76704,69,61,8,8
76705,92,83,9,9
76706,80,79,1,1
76707,139,126,13,13
76708,76,72,4,4
76709,71,65,6,6
76710,100,101,-1,1
76711,106,102,4,4
76712,145,130,15,15
76713,76,80,-4,4
76714,92,103,-11,11
76715,49,53,-4,4
76716,110,115,-5,5
76717,92,93,-1,1
76718,173,149,24,24
76719,98,103,-5,5
76720,175,141,34,34
76721,75,85,-10,10
76722,103,93,10,10
76723,111,143,-32,32
76724,215,209,6,6
76725,131,119,12,12
76726,67,70,-3,3
76727,127,136,-9,9
76728,72,71,1,1
76729,43,69,-26,26
76730,65,74,-9,9
76731,69,67,2,2
76732,149,156,-7,7
76733,75,63,12,12
76734,81,75,6,6
76735,76,67,9,9
76736,53,63,-10,10
76737,79,88,-9,9
76738,152,142,10,10
76739,97,94,3,3
76740,48,55,-7,7
76741,107,112,-5,5
76742,118,109,9,9
76743,78,71,7,7
76744,98,125,-27,27
76745,121,104,17,17
76746,108,103,5,5
76747,59,60,-1,1
76748,95,99,-4,4
76749,98,97,1,1
76750,71,77,-6,6
76751,76,80,-4,4
76752,100,114,-14,14
76753,70,63,7,7
76754,71,65,6,6
76755,94,62,32,32
76756,86,90,-4,4
76757,102,109,-7,7
76758,106,101,5,5
76759,74,83,-9,9
76760,49,51,-2,2
76761,103,99,4,4
76762,70,82,-12,12
76763,168,170,-2,2
76764,66,77,-11,11
76765,128,123,5,5
76766,110,106,4,4
76767,82,75,7,7
76768,92,89,3,3
76769,187,180,7,7
76770,101,115,-14,14
76771,47,57,-10,10
76772,72,64,8,8
76773,77,86,-9,9
76774,30,51,-21,21
76775,124,136,-12,12
76776,218,188,30,30
76777,110,115,-5,5
76778,106,116,-10,10
76779,133,117,16,16
76780,88,76,12,12
76781,58,63,-5,5
76782,184,165,19,19
76783,152,135,17,17
76784,87,93,-6,6
76785,167,154,13,13
76786,93,101,-8,8
76787,130,108,22,22
76788,96,87,9,9
76789,119,125,-6,6
76790,81,81,0,0
76791,52,54,-2,2
76792,66,67,-1,1
76793,102,109,-7,7
76794,76,74,2,2
76795,117,105,12,12
76796,98,92,6,6
76797,81,79,2,2
76798,99,110,-11,11
76799,81,76,5,5
76800,64,68,-4,4
76801,139,149,-10,10
76802,84,85,-1,1
76803,68,70,-2,2
76804,42,56,-14,14
76805,73,66,7,7
76806,158,136,22,22
76807,101,111,-10,10
76808,122,122,0,0
76809,76,93,-17,17
76810,129,161,-32,32
76811,99,97,2,2
76812,71,62,9,9
76813,80,74,6,6
76814,141,125,16,16
76815,48,54,-6,6
76816,146,127,19,19
76817,83,82,1,1
76818,102,112,-10,10
76819,87,91,-4,4
76820,83,77,6,6
76821,63,77,-14,14
76822,89,86,3,3
76823,142,132,10,10
76824,90,99,-9,9
76825,97,94,3,3
76826,130,127,3,3
76827,88,84,4,4
76828,146,148,-2,2
76829,118,96,22,22
76830,124,120,4,4
76831,108,123,-15,15
76832,53,63,-10,10
76833,78,79,-1,1
76834,54,57,-3,3
76835,121,113,8,8
76836,105,117,-12,12
76837,47,61,-14,14
76838,58,54,4,4
76839,126,114,12,12
76840,165,154,11,11
76841,118,123,-5,5
76842,54,63,-9,9
76843,98,88,10,10
76844,39,31,8,8
76845,88,101,-13,13
76846,85,95,-10,10
76847,92,103,-11,11
76848,101,92,9,9
76849,69,80,-11,11
76850,70,61,9,9
76851,57,95,-38,38
76852,89,87,2,2
76853,165,157,8,8
76854,88,86,2,2
76855,142,124,18,18
76856,109,113,-4,4
76857,105,107,-2,2
76858,94,89,5,5
76859,124,122,2,2
76860,119,112,7,7
76861,41,40,1,1
76862,102,103,-1,1
76863,90,77,13,13
76864,126,128,-2,2
76865,59,70,-11,11
76866,74,79,-5,5
76867,104,111,-7,7
76868,101,108,-7,7
76869,102,105,-3,3
76870,123,134,-11,11
76871,90,103,-13,13
76872,85,76,9,9
76873,85,98,-13,13
76874,57,58,-1,1
76875,73,66,7,7
76876,73,83,-10,10
76877,106,106,0,0
76878,47,42,5,5
76879,91,95,-4,4
76880,93,94,-1,1
76881,63,64,-1,1
76882,80,75,5,5
76883,71,67,4,4
76884,92,84,8,8
76885,125,122,3,3
76886,82,97,-15,15
76887,97,100,-3,3
76888,59,54,5,5
76889,125,129,-4,4
76890,115,99,16,16
76891,103,104,-1,1
76892,97,94,3,3
76893,89,87,2,2
76894,78,90,-12,12
76895,159,150,9,9
76896,117,134,-17,17
76897,100,100,0,0
76898,104,100,4,4
76899,97,106,-9,9
76900,114,101,13,13
76901,118,126,-8,8
76902,99,82,17,17
76903,98,96,2,2
76904,114,111,3,3
76905,99,96,3,3
76906,95,91,4,4
76907,68,80,-12,12
76908,119,118,1,1
76909,125,120,5,5
76910,74,75,-1,1
76911,97,87,10,10
76912,101,95,6,6
76913,157,161,-4,4
76914,141,137,4,4
76915,132,131,1,1
76916,104,104,0,0
76917,85,85,0,0
76918,110,106,4,4
76919,91,138,-47,47
76920,53,52,1,1
76921,81,85,-4,4
76922,78,80,-2,2
76923,79,92,-13,13
76924,73,59,14,14
76925,81,88,-7,7
76926,89,89,0,0
76927,78,78,0,0
76928,122,106,16,16
76929,64,71,-7,7
76930,52,61,-9,9
76931,87,89,-2,2
76932,134,131,3,3
76933,104,101,3,3
76934,116,118,-2,2
76935,102,107,-5,5
76936,160,198,-38,38
76937,83,88,-5,5
76938,159,166,-7,7
76939,130,138,-8,8
76940,92,86,6,6
76941,95,93,2,2
76942,179,182,-3,3
76943,132,112,20,20
76944,53,56,-3,3
76945,100,95,5,5
76946,105,98,7,7
76947,77,81,-4,4
76948,115,109,6,6
76949,126,131,-5,5
76950,91,95,-4,4
76951,79,84,-5,5
76952,40,45,-5,5
76953,128,124,4,4
76954,145,144,1,1
76955,153,147,6,6
76956,81,88,-7,7
76957,113,119,-6,6
76958,138,122,16,16
76959,100,100,0,0
76960,77,64,13,13
76961,71,74,-3,3
76962,110,115,-5,5
76963,118,115,3,3
76964,137,142,-5,5
76965,94,89,5,5
76966,65,66,-1,1
76967,52,73,-21,21
76968,74,71,3,3
76969,68,61,7,7
76970,101,106,-5,5
76971,104,107,-3,3
76972,138,129,9,9
76973,71,72,-1,1
76974,140,118,22,22
76975,83,79,4,4
76976,91,94,-3,3
76977,125,116,9,9
76978,77,81,-4,4
76979,63,71,-8,8
76980,116,103,13,13
76981,102,106,-4,4
76982,121,125,-4,4
76983,116,104,12,12
76984,181,181,0,0
76985,112,123,-11,11
76986,151,158,-7,7
76987,127,122,5,5
76988,87,91,-4,4
76989,123,118,5,5
76990,74,91,-17,17
76991,161,158,3,3
76992,48,60,-12,12
76993,207,185,22,22
76994,124,121,3,3
76995,91,102,-11,11
76996,104,102,2,2
76997,118,113,5,5
76998,112,120,-8,8
76999,70,72,-2,2
77000,76,73,3,3
77001,133,113,20,20
77002,79,74,5,5
77003,56,64,-8,8
77004,111,142,-31,31
77005,48,58,-10,10
77006,80,76,4,4
77007,144,138,6,6
77008,39,32,7,7
77009,91,91,0,0
77010,97,98,-1,1
77011,93,80,13,13
77012,142,126,16,16
77013,116,115,1,1
77014,86,91,-5,5
77015,128,126,2,2
77016,101,102,-1,1
77017,53,67,-14,14
77018,153,144,9,9
77019,69,77,-8,8
77020,101,93,8,8
77021,146,151,-5,5
77022,107,108,-1,1
77023,86,86,0,0
77024,44,46,-2,2
77025,64,66,-2,2
77026,90,79,11,11
77027,69,70,-1,1
77028,78,101,-23,23
77029,141,144,-3,3
77030,54,58,-4,4
77031,61,55,6,6
77032,140,119,21,21
77033,158,161,-3,3
77034,96,94,2,2
77035,159,154,5,5
77036,155,144,11,11
77037,152,140,12,12
77038,62,64,-2,2
77039,84,78,6,6
77040,197,185,12,12
77041,123,123,0,0
77042,80,86,-6,6
77043,25,31,-6,6
77044,140,143,-3,3
77045,65,66,-1,1
77046,67,100,-33,33
77047,62,65,-3,3
77048,71,68,3,3
77049,138,140,-2,2
77050,73,74,-1,1
77051,84,85,-1,1
77052,227,220,7,7
77053,97,86,11,11
77054,47,53,-6,6
77055,74,78,-4,4
77056,75,76,-1,1
77057,64,69,-5,5
77058,107,106,1,1
77059,60,58,2,2
77060,70,65,5,5
77061,117,106,11,11
77062,110,125,-15,15
77063,118,118,0,0
77064,86,97,-11,11
77065,61,69,-8,8
77066,72,70,2,2
77067,153,134,19,19
77068,92,94,-2,2
77069,117,115,2,2
77070,79,74,5,5
77071,111,99,12,12
77072,48,46,2,2
77073,71,64,7,7
77074,100,107,-7,7
77075,90,87,3,3
77076,67,76,-9,9
77077,111,112,-1,1
77078,68,72,-4,4
77079,113,112,1,1
77080,78,93,-15,15
77081,94,92,2,2
77082,86,90,-4,4
77083,131,134,-3,3
77084,142,128,14,14
77085,83,90,-7,7
77086,62,87,-25,25
77087,74,71,3,3
77088,143,140,3,3
77089,163,161,2,2
77090,78,74,4,4
77091,42,54,-12,12
77092,69,73,-4,4
77093,68,67,1,1
77094,132,116,16,16
77095,59,68,-9,9
77096,107,105,2,2
77097,107,114,-7,7
77098,49,54,-5,5
77099,114,107,7,7
77100,87,86,1,1
77101,103,88,15,15
77102,122,116,6,6
77103,114,111,3,3
77104,172,152,20,20
77105,69,68,1,1
77106,57,64,-7,7
77107,108,113,-5,5
77108,80,95,-15,15
77109,70,94,-24,24
77110,126,120,6,6
77111,102,100,2,2
77112,45,51,-6,6
77113,72,70,2,2
77114,174,156,18,18
77115,101,110,-9,9
77116,53,59,-6,6
77117,71,72,-1,1
77118,157,167,-10,10
77119,139,131,8,8
77120,116,98,18,18
77121,86,77,9,9
77122,96,90,6,6
77123,107,102,5,5
77124,98,124,-26,26
77125,89,93,-4,4
77126,117,127,-10,10
77127,108,101,7,7
77128,54,58,-4,4
77129,116,113,3,3
77130,111,113,-2,2
77131,139,139,0,0
77132,74,79,-5,5
77133,117,122,-5,5
77134,106,115,-9,9
77135,158,121,37,37
77136,97,96,1,1
77137,70,70,0,0
77138,106,105,1,1
77139,82,72,10,10
77140,141,126,15,15
77141,132,126,6,6
77142,114,110,4,4
77143,145,136,9,9
77144,56,62,-6,6
77145,109,98,11,11
77146,131,119,12,12
77147,154,114,40,40
77148,73,72,1,1
77149,63,69,-6,6
77150,134,146,-12,12
77151,91,81,10,10
77152,127,130,-3,3
77153,42,43,-1,1
77154,101,111,-10,10
77155,52,52,0,0
77156,143,144,-1,1
77157,92,84,8,8
77158,84,86,-2,2
77159,101,113,-12,12
77160,117,118,-1,1
77161,85,84,1,1
77162,52,56,-4,4
77163,74,71,3,3
77164,78,67,11,11
77165,64,68,-4,4
77166,90,90,0,0
77167,59,70,-11,11
77168,53,65,-12,12
77169,94,102,-8,8
77170,77,78,-1,1
77171,108,80,28,28
77172,138,132,6,6
77173,83,89,-6,6
77174,150,141,9,9
77175,108,95,13,13
77176,64,55,9,9
77177,101,110,-9,9
77178,92,81,11,11
77179,150,135,15,15
77180,133,131,2,2
77181,42,46,-4,4
77182,43,47,-4,4
77183,63,70,-7,7
77184,82,83,-1,1
77185,56,51,5,5
77186,101,115,-14,14
77187,65,87,-22,22
77188,112,114,-2,2
77189,50,55,-5,5
77190,130,117,13,13
77191,88,101,-13,13
77192,74,67,7,7
77193,129,136,-7,7
77194,57,70,-13,13
77195,110,113,-3,3
77196,99,99,0,0
77197,77,68,9,9
77198,117,105,12,12
77199,107,93,14,14
77200,62,51,11,11
77201,75,76,-1,1
77202,97,103,-6,6
77203,54,47,7,7
77204,80,81,-1,1
77205,84,88,-4,4
77206,52,57,-5,5
77207,106,106,0,0
77208,99,112,-13,13
77209,92,80,12,12
77210,53,65,-12,12
77211,135,129,6,6
77212,116,106,10,10
77213,96,104,-8,8
77214,116,117,-1,1
77215,90,81,9,9
77216,187,156,31,31
77217,55,87,-32,32
77218,48,33,15,15
77219,77,82,-5,5
77220,74,78,-4,4
77221,97,107,-10,10
77222,159,147,12,12
77223,127,120,7,7
77224,83,79,4,4
77225,67,67,0,0
77226,103,91,12,12
77227,68,61,7,7
77228,75,69,6,6
77229,88,97,-9,9
77230,82,121,-39,39
77231,128,121,7,7
77232,177,159,18,18
77233,140,131,9,9
77234,108,88,20,20
77235,59,61,-2,2
77236,97,101,-4,4
77237,105,101,4,4
77238,59,74,-15,15
77239,74,71,3,3
77240,63,63,0,0
77241,53,47,6,6
77242,67,67,0,0
77243,88,88,0,0
77244,116,116,0,0
77245,141,144,-3,3
77246,123,124,-1,1
77247,111,116,-5,5
77248,89,84,5,5
77249,112,169,-57,57
77250,118,124,-6,6
77251,51,58,-7,7
77252,165,195,-30,30
77253,70,70,0,0
77254,92,85,7,7
77255,156,131,25,25
77256,160,127,33,33
77257,64,67,-3,3
77258,137,133,4,4
77259,93,87,6,6
77260,124,124,0,0
77261,77,84,-7,7
77262,128,123,5,5
77263,79,69,10,10
77264,61,85,-24,24
77265,112,97,15,15
77266,45,56,-11,11
77267,67,64,3,3
77268,126,125,1,1
77269,92,93,-1,1
77270,74,79,-5,5
77271,67,80,-13,13
77272,105,103,2,2
77273,167,161,6,6
77274,131,129,2,2
77275,84,127,-43,43
77276,110,128,-18,18
77277,72,74,-2,2
77278,71,148,-77,77
77279,115,117,-2,2
77280,159,153,6,6
77281,82,88,-6,6
77282,100,116,-16,16
77283,70,68,2,2
77284,104,110,-6,6
77285,49,53,-4,4
77286,104,111,-7,7
77287,101,112,-11,11
77288,66,69,-3,3
77289,87,84,3,3
77290,85,98,-13,13
77291,124,128,-4,4
77292,121,117,4,4
77293,97,96,1,1
77294,63,56,7,7
77295,93,92,1,1
77296,79,72,7,7
77297,49,57,-8,8
77298,95,96,-1,1
77299,76,83,-7,7
77300,133,134,-1,1
77301,66,68,-2,2
77302,85,121,-36,36
77303,228,350,-122,122
77304,124,131,-7,7
77305,90,79,11,11
77306,95,99,-4,4
77307,54,63,-9,9
77308,82,108,-26,26
77309,155,142,13,13
77310,173,169,4,4
77311,171,152,19,19
77312,42,55,-13,13
77313,141,137,4,4
77314,92,69,23,23
77315,94,89,5,5
77316,82,84,-2,2
77317,132,125,7,7
77318,124,116,8,8
77319,94,86,8,8
77320,60,82,-22,22
77321,58,66,-8,8
77322,102,114,-12,12
77323,112,109,3,3
77324,121,118,3,3
77325,133,137,-4,4
77326,54,71,-17,17
77327,105,105,0,0
77328,82,82,0,0
77329,104,94,10,10
77330,91,74,17,17
77331,103,112,-9,9
77332,96,103,-7,7
77333,147,152,-5,5
77334,95,88,7,7
77335,111,120,-9,9
77336,106,112,-6,6
77337,59,66,-7,7
77338,77,67,10,10
77339,97,84,13,13
77340,73,61,12,12
77341,105,107,-2,2
77342,122,111,11,11
77343,55,70,-15,15
77344,108,106,2,2
77345,59,56,3,3
77346,124,129,-5,5
77347,116,117,-1,1
77348,100,97,3,3
77349,76,80,-4,4
77350,102,88,14,14
77351,95,107,-12,12
77352,138,133,5,5
77353,119,121,-2,2
77354,78,85,-7,7
77355,108,112,-4,4
77356,34,38,-4,4
77357,105,103,2,2
77358,120,115,5,5
77359,91,92,-1,1
77360,103,112,-9,9
77361,75,71,4,4
77362,176,155,21,21
77363,85,80,5,5
77364,75,72,3,3
77365,103,113,-10,10
77366,81,85,-4,4
77367,105,122,-17,17
77368,50,62,-12,12
77369,118,120,-2,2
77370,163,161,2,2
77371,137,126,11,11
77372,167,173,-6,6
77373,116,119,-3,3
77374,52,55,-3,3
77375,115,114,1,1
77376,188,193,-5,5
77377,187,168,19,19
77378,84,84,0,0
77379,124,122,2,2
77380,95,90,5,5
77381,79,78,1,1
77382,72,69,3,3
77383,68,65,3,3
77384,116,113,3,3
77385,83,111,-28,28
77386,94,93,1,1
77387,63,69,-6,6
77388,200,257,-57,57
77389,61,66,-5,5
77390,148,129,19,19
77391,56,65,-9,9
77392,110,107,3,3
77393,94,88,6,6
77394,59,59,0,0
77395,76,69,7,7
77396,67,81,-14,14
77397,102,112,-10,10
77398,165,148,17,17
77399,79,82,-3,3
77400,74,66,8,8
77401,136,127,9,9
77402,116,112,4,4
77403,95,97,-2,2
77404,112,111,1,1
77405,65,72,-7,7
77406,43,48,-5,5
77407,92,91,1,1
77408,48,51,-3,3
77409,75,79,-4,4
77410,118,121,-3,3
77411,99,111,-12,12
77412,101,108,-7,7
77413,41,74,-33,33
77414,78,81,-3,3
77415,129,108,21,21
77416,109,125,-16,16
77417,81,82,-1,1
77418,167,157,10,10
77419,55,73,-18,18
77420,202,200,2,2
77421,118,117,1,1
77422,122,122,0,0
77423,67,69,-2,2
77424,67,63,4,4
77425,54,63,-9,9
77426,54,61,-7,7
77427,89,95,-6,6
77428,107,104,3,3
77429,94,101,-7,7
77430,72,69,3,3
77431,127,129,-2,2
77432,84,102,-18,18
77433,64,67,-3,3
77434,96,90,6,6
77435,116,110,6,6
77436,127,125,2,2
77437,128,122,6,6
77438,118,130,-12,12
77439,62,66,-4,4
77440,73,70,3,3
77441,36,53,-17,17
77442,165,141,24,24
77443,100,106,-6,6
77444,65,69,-4,4
77445,75,77,-2,2
77446,75,87,-12,12
77447,97,99,-2,2
77448,93,99,-6,6
77449,57,61,-4,4
77450,59,64,-5,5
77451,85,82,3,3
77452,99,102,-3,3
77453,87,86,1,1
77454,102,116,-14,14
77455,75,68,7,7
77456,92,89,3,3
77457,79,94,-15,15
77458,50,63,-13,13
77459,48,57,-9,9
77460,217,198,19,19
77461,132,120,12,12
77462,101,106,-5,5
77463,82,84,-2,2
77464,116,118,-2,2
77465,112,93,19,19
77466,66,82,-16,16
77467,81,89,-8,8
77468,56,63,-7,7
77469,97,83,14,14
77470,84,76,8,8
77471,37,46,-9,9
77472,74,67,7,7
77473,127,130,-3,3
77474,54,59,-5,5
77475,80,83,-3,3
77476,57,56,1,1
77477,106,80,26,26
77478,91,91,0,0
77479,103,109,-6,6
77480,114,111,3,3
77481,131,145,-14,14
77482,85,76,9,9
77483,85,91,-6,6
77484,93,94,-1,1
77485,74,58,16,16
77486,88,84,4,4
77487,52,58,-6,6
77488,41,58,-17,17
77489,82,75,7,7
77490,112,112,0,0
77491,67,70,-3,3
77492,69,62,7,7
77493,150,129,21,21
77494,93,93,0,0
77495,63,58,5,5
77496,95,85,10,10
77497,46,55,-9,9
77498,72,67,5,5
77499,77,75,2,2
77500,87,94,-7,7
77501,121,122,-1,1
77502,149,136,13,13
77503,82,71,11,11
77504,57,61,-4,4
77505,127,110,17,17
77506,103,92,11,11
77507,96,90,6,6
77508,82,77,5,5
77509,161,151,10,10
77510,133,131,2,2
77511,73,73,0,0
77512,71,67,4,4
77513,168,206,-38,38
77514,137,126,11,11
77515,72,65,7,7
77516,77,72,5,5
77517,114,96,18,18
77518,115,108,7,7
77519,70,54,16,16
77520,78,78,0,0
77521,118,122,-4,4
77522,88,94,-6,6
77523,81,84,-3,3
77524,118,121,-3,3
77525,60,57,3,3
77526,98,105,-7,7
77527,99,89,10,10
77528,55,52,3,3
77529,100,97,3,3
77530,75,82,-7,7
77531,77,78,-1,1
77532,139,142,-3,3
77533,99,96,3,3
77534,106,107,-1,1
77535,92,105,-13,13
77536,87,85,2,2
77537,55,57,-2,2
77538,89,97,-8,8
77539,106,118,-12,12
77540,161,167,-6,6
77541,72,82,-10,10
77542,119,106,13,13
77543,90,87,3,3
77544,110,108,2,2
77545,51,57,-6,6
77546,63,70,-7,7
77547,42,46,-4,4
77548,85,79,6,6
77549,144,140,4,4
77550,69,79,-10,10
77551,43,55,-12,12
77552,94,91,3,3
77553,178,196,-18,18
77554,80,87,-7,7
77555,65,70,-5,5
77556,62,66,-4,4
77557,62,68,-6,6
77558,144,141,3,3
77559,102,96,6,6
77560,104,105,-1,1
77561,45,48,-3,3
77562,57,53,4,4
77563,132,104,28,28
77564,105,102,3,3
77565,99,94,5,5
77566,60,75,-15,15
77567,72,76,-4,4
77568,122,138,-16,16
77569,141,144,-3,3
77570,94,86,8,8
77571,89,102,-13,13
77572,43,55,-12,12
77573,160,146,14,14
77574,84,76,8,8
77575,84,86,-2,2
77576,90,85,5,5
77577,68,63,5,5
77578,189,177,12,12
77579,77,83,-6,6
77580,59,73,-14,14
77581,139,140,-1,1
77582,98,93,5,5
77583,147,126,21,21
77584,158,144,14,14
77585,97,94,3,3
77586,109,114,-5,5
77587,112,103,9,9
77588,74,69,5,5
77589,155,136,19,19
77590,75,81,-6,6
77591,129,119,10,10
77592,189,191,-2,2
77593,98,95,3,3
77594,68,74,-6,6
77595,100,100,0,0
77596,136,134,2,2
77597,144,140,4,4
77598,123,126,-3,3
77599,60,62,-2,2
77600,131,114,17,17
77601,74,82,-8,8
77602,148,127,21,21
77603,112,105,7,7
77604,60,63,-3,3
77605,89,84,5,5
77606,83,97,-14,14
77607,100,96,4,4
77608,70,72,-2,2
77609,119,128,-9,9
77610,52,71,-19,19
77611,72,80,-8,8
77612,127,119,8,8
77613,82,85,-3,3
77614,65,66,-1,1
77615,75,66,9,9
77616,65,68,-3,3
77617,80,105,-25,25
77618,95,120,-25,25
77619,74,82,-8,8
77620,107,110,-3,3
77621,63,71,-8,8
77622,117,111,6,6
77623,83,69,14,14
77624,74,74,0,0
77625,56,58,-2,2
77626,143,155,-12,12
77627,61,64,-3,3
77628,92,105,-13,13
77629,147,154,-7,7
77630,68,82,-14,14
77631,95,98,-3,3
77632,80,93,-13,13
77633,129,125,4,4
77634,133,165,-32,32
77635,47,56,-9,9
77636,65,57,8,8
77637,85,87,-2,2
77638,100,95,5,5
77639,113,100,13,13
77640,104,98,6,6
77641,70,60,10,10
77642,16,24,-8,8
77643,102,98,4,4
77644,125,105,20,20
77645,83,90,-7,7
77646,114,105,9,9
77647,150,142,8,8
77648,164,151,13,13
77649,97,88,9,9
77650,71,70,1,1
77651,78,77,1,1
77652,128,115,13,13
77653,111,106,5,5
77654,78,74,4,4
77655,83,85,-2,2
77656,84,79,5,5
77657,81,74,7,7
77658,103,113,-10,10
77659,91,83,8,8
77660,79,75,4,4
77661,84,85,-1,1
77662,143,123,20,20
77663,97,95,2,2
77664,85,87,-2,2
77665,120,112,8,8
77666,88,97,-9,9
77667,114,98,16,16
77668,116,116,0,0
77669,72,82,-10,10
77670,101,93,8,8
77671,129,120,9,9
77672,119,103,16,16
77673,86,86,0,0
77674,75,76,-1,1
77675,76,75,1,1
77676,84,79,5,5
77677,75,83,-8,8
77678,124,129,-5,5
77679,177,186,-9,9
77680,75,80,-5,5
77681,117,117,0,0
77682,99,139,-40,40
77683,50,54,-4,4
77684,70,88,-18,18
77685,115,111,4,4
77686,60,61,-1,1
77687,96,88,8,8
77688,142,138,4,4
77689,87,78,9,9
77690,112,110,2,2
77691,116,102,14,14
77692,56,68,-12,12
77693,158,151,7,7
77694,188,170,18,18
77695,181,156,25,25
77696,104,94,10,10
77697,159,157,2,2
77698,122,136,-14,14
77699,69,73,-4,4
77700,105,95,10,10
77701,84,97,-13,13
77702,80,73,7,7
77703,62,58,4,4
77704,75,81,-6,6
77705,72,85,-13,13
77706,86,83,3,3
77707,99,127,-28,28
77708,59,58,1,1
77709,104,113,-9,9
77710,78,76,2,2
77711,97,102,-5,5
77712,129,123,6,6
77713,64,67,-3,3
77714,105,98,7,7
77715,93,88,5,5
77716,92,96,-4,4
77717,40,31,9,9
77718,98,102,-4,4
77719,132,133,-1,1
77720,67,78,-11,11
77721,51,78,-27,27
77722,81,91,-10,10
77723,142,164,-22,22
77724,145,140,5,5
77725,72,64,8,8
77726,102,93,9,9
77727,87,79,8,8
77728,111,105,6,6
77729,80,67,13,13
77730,85,79,6,6
77731,144,131,13,13
77732,66,77,-11,11
77733,98,102,-4,4
77734,91,96,-5,5
77735,61,67,-6,6
77736,46,58,-12,12
77737,89,98,-9,9
77738,105,101,4,4
77739,102,95,7,7
77740,100,105,-5,5
77741,58,69,-11,11
77742,116,122,-6,6
77743,73,73,0,0
77744,96,103,-7,7
77745,89,85,4,4
77746,79,80,-1,1
77747,74,75,-1,1
77748,100,92,8,8
77749,35,47,-12,12
77750,49,50,-1,1
77751,79,78,1,1
77752,102,104,-2,2
77753,104,76,28,28
77754,198,168,30,30
77755,136,132,4,4
77756,62,72,-10,10
77757,100,102,-2,2
77758,89,89,0,0
77759,131,128,3,3
77760,82,88,-6,6
77761,157,138,19,19
77762,71,69,2,2
77763,54,53,1,1
77764,115,122,-7,7
77765,80,84,-4,4
77766,69,71,-2,2
77767,80,77,3,3
77768,89,87,2,2
77769,91,87,4,4
77770,171,174,-3,3
77771,86,81,5,5
77772,120,117,3,3
77773,72,72,0,0
77774,67,65,2,2
77775,122,131,-9,9
77776,71,72,-1,1
77777,119,117,2,2
77778,80,76,4,4
77779,110,96,14,14
77780,47,59,-12,12
77781,193,167,26,26
77782,80,75,5,5
77783,52,54,-2,2
77784,61,63,-2,2
77785,90,131,-41,41
77786,85,78,7,7
77787,74,86,-12,12
77788,85,90,-5,5
77789,125,138,-13,13
77790,150,138,12,12
77791,89,85,4,4
77792,93,91,2,2
77793,131,126,5,5
77794,66,71,-5,5
77795,78,67,11,11
77796,151,151,0,0
77797,91,98,-7,7
77798,75,89,-14,14
77799,39,33,6,6
77800,54,61,-7,7
77801,106,105,1,1
77802,128,134,-6,6
77803,49,52,-3,3
77804,124,123,1,1
77805,76,72,4,4
77806,89,87,2,2
77807,48,42,6,6
77808,135,152,-17,17
77809,108,120,-12,12
77810,113,97,16,16
77811,97,107,-10,10
77812,155,152,3,3
77813,154,144,10,10
77814,118,102,16,16
77815,87,81,6,6
77816,56,73,-17,17
77817,56,81,-25,25
77818,70,78,-8,8
77819,45,55,-10,10
77820,49,73,-24,24
77821,91,94,-3,3
77822,76,72,4,4
77823,81,103,-22,22
77824,121,125,-4,4
77825,109,101,8,8
77826,72,85,-13,13
77827,75,84,-9,9
77828,35,42,-7,7
77829,90,100,-10,10
77830,132,126,6,6
77831,140,202,-62,62
77832,75,79,-4,4
77833,76,76,0,0
77834,111,132,-21,21
77835,92,102,-10,10
77836,120,136,-16,16
77837,119,115,4,4
77838,78,81,-3,3
77839,86,87,-1,1
77840,60,67,-7,7
77841,158,145,13,13
77842,94,78,16,16
77843,126,124,2,2
77844,112,106,6,6
77845,112,109,3,3
77846,73,80,-7,7
77847,94,88,6,6
77848,133,130,3,3
77849,70,57,13,13
77850,83,76,7,7
77851,117,115,2,2
77852,104,103,1,1
77853,109,109,0,0
77854,173,153,20,20
77855,55,70,-15,15
77856,46,50,-4,4
77857,36,34,2,2
77858,76,74,2,2
77859,136,130,6,6
77860,102,97,5,5
77861,110,109,1,1
77862,94,86,8,8
77863,80,75,5,5
77864,149,140,9,9
77865,249,240,9,9
77866,150,153,-3,3
77867,49,52,-3,3
77868,58,56,2,2
77869,54,54,0,0
77870,83,70,13,13
77871,119,111,8,8
77872,58,61,-3,3
77873,123,113,10,10
77874,125,112,13,13
77875,115,118,-3,3
77876,74,80,-6,6
77877,71,68,3,3
77878,162,130,32,32
77879,96,100,-4,4
77880,63,59,4,4
77881,87,93,-6,6
77882,74,53,21,21
77883,70,100,-30,30
77884,114,109,5,5
77885,72,66,6,6
77886,58,65,-7,7
77887,117,100,17,17
77888,77,95,-18,18
77889,57,66,-9,9
77890,142,128,14,14
77891,57,70,-13,13
77892,77,80,-3,3
77893,100,128,-28,28
77894,92,108,-16,16
77895,53,64,-11,11
77896,98,92,6,6
77897,96,94,2,2
77898,67,63,4,4
77899,69,70,-1,1
77900,108,113,-5,5
77901,97,93,4,4
77902,75,68,7,7
77903,97,103,-6,6
77904,127,115,12,12
77905,87,82,5,5
77906,86,85,1,1
77907,84,74,10,10
77908,86,90,-4,4
77909,88,84,4,4
77910,97,96,1,1
77911,86,73,13,13
77912,79,86,-7,7
77913,183,178,5,5
77914,97,96,1,1
77915,136,132,4,4
77916,78,83,-5,5
77917,128,121,7,7
77918,116,112,4,4
77919,167,156,11,11
77920,143,157,-14,14
77921,72,80,-8,8
77922,101,92,9,9
77923,89,91,-2,2
77924,63,77,-14,14
77925,136,118,18,18
77926,129,131,-2,2
77927,77,83,-6,6
77928,70,78,-8,8
77929,114,104,10,10
77930,100,112,-12,12
77931,133,130,3,3
77932,130,135,-5,5
77933,64,62,2,2
77934,105,108,-3,3
77935,171,148,23,23
77936,120,109,11,11
77937,95,87,8,8
77938,72,70,2,2
77939,75,73,2,2
77940,110,102,8,8
77941,119,109,10,10
77942,184,170,14,14
77943,132,123,9,9
77944,128,134,-6,6
77945,78,93,-15,15
77946,124,123,1,1
77947,123,128,-5,5
77948,105,88,17,17
77949,51,59,-8,8
77950,89,95,-6,6
77951,58,67,-9,9
77952,112,111,1,1
77953,97,98,-1,1
77954,95,99,-4,4
77955,79,81,-2,2
77956,85,79,6,6
77957,135,126,9,9
77958,127,129,-2,2
77959,95,81,14,14
77960,141,145,-4,4
77961,76,76,0,0
77962,63,64,-1,1
77963,106,103,3,3
77964,95,90,5,5
77965,91,88,3,3
77966,147,145,2,2
77967,124,123,1,1
77968,88,82,6,6
77969,70,71,-1,1
77970,80,89,-9,9
77971,41,63,-22,22
77972,59,58,1,1
77973,97,108,-11,11
77974,61,70,-9,9
77975,148,134,14,14
77976,106,104,2,2
77977,102,115,-13,13
77978,66,70,-4,4
77979,75,67,8,8
77980,98,88,10,10
77981,58,54,4,4
77982,59,74,-15,15
77983,53,52,1,1
77984,53,65,-12,12
77985,121,112,9,9
77986,101,86,15,15
77987,145,131,14,14
77988,57,62,-5,5
77989,74,65,9,9
77990,65,67,-2,2
77991,79,91,-12,12
77992,117,125,-8,8
77993,65,65,0,0
77994,64,76,-12,12
77995,81,75,6,6
77996,125,111,14,14
77997,67,66,1,1
77998,69,76,-7,7
77999,59,57,2,2
78000,126,122,4,4
78001,106,99,7,7
78002,63,68,-5,5
78003,89,99,-10,10
78004,120,103,17,17
78005,97,103,-6,6
78006,70,69,1,1
78007,116,126,-10,10
78008,77,67,10,10
78009,49,52,-3,3
78010,71,68,3,3
78011,64,79,-15,15
78012,72,64,8,8
78013,128,106,22,22
78014,98,90,8,8
78015,66,71,-5,5
78016,112,117,-5,5
78017,51,61,-10,10
78018,85,83,2,2
78019,100,97,3,3
78020,92,94,-2,2
78021,111,111,0,0
78022,100,122,-22,22
78023,96,98,-2,2
78024,166,149,17,17
78025,137,135,2,2
78026,72,75,-3,3
78027,115,115,0,0
78028,88,75,13,13
78029,91,100,-9,9
78030,103,109,-6,6
78031,47,42,5,5
78032,86,98,-12,12
78033,136,127,9,9
78034,157,161,-4,4
78035,124,120,4,4
78036,137,137,0,0
78037,101,108,-7,7
78038,74,56,18,18
78039,85,78,7,7
78040,45,47,-2,2
78041,168,157,11,11
78042,115,109,6,6
78043,116,128,-12,12
78044,84,93,-9,9
78045,102,105,-3,3
78046,59,62,-3,3
78047,106,107,-1,1
78048,60,74,-14,14
78049,123,123,0,0
78050,85,72,13,13
78051,60,69,-9,9
78052,82,75,7,7
78053,160,144,16,16
78054,82,80,2,2
78055,83,85,-2,2
78056,73,74,-1,1
78057,113,113,0,0
78058,95,89,6,6
78059,100,95,5,5
78060,40,54,-14,14
78061,80,83,-3,3
78062,110,105,5,5
78063,144,147,-3,3
78064,115,107,8,8
78065,64,78,-14,14
78066,119,117,2,2
78067,102,96,6,6
78068,159,131,28,28
78069,104,97,7,7
78070,91,75,16,16
78071,133,131,2,2
78072,98,101,-3,3
78073,96,107,-11,11
78074,134,128,6,6
78075,160,155,5,5
78076,59,72,-13,13
78077,74,74,0,0
78078,106,97,9,9
78079,64,62,2,2
78080,90,107,-17,17
78081,67,80,-13,13
78082,100,102,-2,2
78083,68,69,-1,1
78084,159,152,7,7
78085,87,85,2,2
78086,123,134,-11,11
78087,78,80,-2,2
78088,95,89,6,6
78089,56,70,-14,14
78090,102,107,-5,5
78091,108,95,13,13
78092,73,66,7,7
78093,111,106,5,5
78094,137,136,1,1
78095,84,71,13,13
78096,89,89,0,0
78097,70,77,-7,7
78098,78,84,-6,6
78099,152,155,-3,3
78100,81,83,-2,2
78101,49,49,0,0
78102,69,69,0,0
78103,102,79,23,23
78104,62,68,-6,6
78105,91,89,2,2
78106,72,49,23,23
78107,47,46,1,1
78108,184,160,24,24
78109,103,99,4,4
78110,69,80,-11,11
78111,51,69,-18,18
78112,120,133,-13,13
78113,105,88,17,17
78114,46,59,-13,13
78115,75,75,0,0
78116,71,73,-2,2
78117,45,58,-13,13
78118,80,86,-6,6
78119,79,92,-13,13
78120,78,78,0,0
78121,62,74,-12,12
78122,86,81,5,5
78123,122,128,-6,6
78124,101,106,-5,5
78125,72,68,4,4
78126,141,140,1,1
78127,69,78,-9,9
78128,93,90,3,3
78129,55,55,0,0
78130,121,108,13,13
78131,105,110,-5,5
78132,99,92,7,7
78133,195,163,32,32
78134,76,76,0,0
78135,124,111,13,13
78136,100,82,18,18
78137,152,147,5,5
78138,108,99,9,9
78139,49,60,-11,11
78140,176,164,12,12
78141,104,186,-82,82
78142,81,70,11,11
78143,97,99,-2,2
78144,58,65,-7,7
78145,110,98,12,12
78146,55,59,-4,4
78147,69,66,3,3
78148,107,123,-16,16
78149,71,72,-1,1
78150,88,102,-14,14
78151,43,59,-16,16
78152,117,122,-5,5
78153,81,61,20,20
78154,75,87,-12,12
78155,108,112,-4,4
78156,63,69,-6,6
78157,74,79,-5,5
78158,68,71,-3,3
78159,62,61,1,1
78160,52,58,-6,6
78161,78,85,-7,7
78162,108,122,-14,14
78163,188,179,9,9
78164,61,64,-3,3
78165,77,78,-1,1
78166,97,91,6,6
78167,67,71,-4,4
78168,77,107,-30,30
78169,91,103,-12,12
78170,69,74,-5,5
78171,131,131,0,0
78172,56,59,-3,3
78173,49,54,-5,5
78174,126,123,3,3
78175,114,110,4,4
78176,90,98,-8,8
78177,75,77,-2,2
78178,83,79,4,4
78179,92,92,0,0
78180,83,81,2,2
78181,89,78,11,11
78182,85,86,-1,1
78183,70,78,-8,8
78184,108,107,1,1
78185,71,74,-3,3
78186,68,62,6,6
78187,70,69,1,1
78188,107,115,-8,8
78189,58,67,-9,9
78190,51,53,-2,2
78191,55,69,-14,14
78192,161,167,-6,6
78193,46,50,-4,4
78194,92,92,0,0
78195,154,153,1,1
78196,83,81,2,2
78197,128,123,5,5
78198,73,84,-11,11
78199,87,88,-1,1
78200,122,115,7,7
78201,108,93,15,15
78202,76,91,-15,15
78203,59,75,-16,16
78204,83,90,-7,7
78205,92,93,-1,1
78206,96,96,0,0
78207,105,95,10,10
78208,58,66,-8,8
78209,81,77,4,4
78210,110,97,13,13
78211,44,54,-10,10
78212,81,86,-5,5
78213,63,72,-9,9
78214,78,84,-6,6
78215,68,76,-8,8
78216,120,130,-10,10
78217,181,174,7,7
78218,141,135,6,6
78219,178,159,19,19
78220,64,58,6,6
78221,72,71,1,1
78222,45,51,-6,6
78223,143,134,9,9
78224,145,135,10,10
78225,111,110,1,1
78226,86,95,-9,9
78227,125,127,-2,2
78228,79,81,-2,2
78229,67,69,-2,2
78230,173,162,11,11
78231,81,86,-5,5
78232,88,95,-7,7
78233,63,61,2,2
78234,66,89,-23,23
78235,96,98,-2,2
78236,100,85,15,15
78237,57,53,4,4
78238,125,119,6,6
78239,156,139,17,17
78240,125,112,13,13
78241,133,134,-1,1
78242,66,68,-2,2
78243,159,161,-2,2
78244,44,96,-52,52
78245,67,71,-4,4
78246,105,101,4,4
78247,77,82,-5,5
78248,64,76,-12,12
78249,62,88,-26,26
78250,69,61,8,8
78251,163,152,11,11
78252,62,49,13,13
78253,50,55,-5,5
78254,100,104,-4,4
78255,108,108,0,0
78256,70,73,-3,3
78257,97,89,8,8
78258,83,79,4,4
78259,137,156,-19,19
78260,70,74,-4,4
78261,122,98,24,24
78262,79,85,-6,6
78263,52,67,-15,15
78264,86,92,-6,6
78265,93,80,13,13
78266,93,114,-21,21
78267,62,65,-3,3
78268,109,94,15,15
78269,107,119,-12,12
78270,83,84,-1,1
78271,57,60,-3,3
78272,61,63,-2,2
78273,43,39,4,4
78274,156,132,24,24
78275,102,94,8,8
78276,56,64,-8,8
78277,199,188,11,11
78278,103,99,4,4
78279,77,70,7,7
78280,147,156,-9,9
78281,99,113,-14,14
78282,74,113,-39,39
78283,71,80,-9,9
78284,142,137,5,5
78285,72,75,-3,3
78286,28,32,-4,4
78287,99,110,-11,11
78288,145,159,-14,14
78289,51,51,0,0
78290,132,140,-8,8
78291,102,102,0,0
78292,69,66,3,3
78293,142,137,5,5
78294,52,52,0,0
78295,87,97,-10,10
78296,122,121,1,1
78297,93,99,-6,6
78298,85,92,-7,7
78299,101,102,-1,1
78300,88,90,-2,2
78301,64,70,-6,6
78302,131,125,6,6
78303,91,83,8,8
78304,174,147,27,27
78305,50,65,-15,15
78306,78,88,-10,10
78307,76,80,-4,4
78308,118,115,3,3
78309,56,67,-11,11
78310,53,60,-7,7
78311,98,107,-9,9
78312,119,121,-2,2
78313,133,131,2,2
78314,66,67,-1,1
78315,117,126,-9,9
78316,94,90,4,4
78317,79,82,-3,3
78318,114,110,4,4
78319,96,72,24,24
78320,81,84,-3,3
78321,83,89,-6,6
78322,74,80,-6,6
78323,89,90,-1,1
78324,73,87,-14,14
78325,160,162,-2,2
78326,120,117,3,3
78327,52,48,4,4
78328,127,138,-11,11
78329,93,91,2,2
78330,108,121,-13,13
78331,95,88,7,7
78332,75,71,4,4
78333,124,110,14,14
78334,90,92,-2,2
78335,101,109,-8,8
78336,44,52,-8,8
78337,113,113,0,0
78338,64,75,-11,11
78339,135,132,3,3
78340,147,135,12,12
78341,112,111,1,1
78342,63,76,-13,13
78343,91,99,-8,8
78344,93,64,29,29
78345,116,111,5,5
78346,124,136,-12,12
78347,127,130,-3,3
78348,114,127,-13,13
78349,137,118,19,19
78350,56,66,-10,10
78351,54,59,-5,5
78352,78,96,-18,18
78353,71,74,-3,3
78354,72,85,-13,13
78355,67,72,-5,5
78356,48,54,-6,6
78357,115,124,-9,9
78358,53,50,3,3
78359,95,97,-2,2
78360,56,70,-14,14
78361,45,55,-10,10
78362,209,202,7,7
78363,85,102,-17,17
78364,80,75,5,5
78365,139,149,-10,10
78366,64,63,1,1
78367,83,89,-6,6
78368,121,118,3,3
78369,102,111,-9,9
78370,94,94,0,0
78371,119,115,4,4
78372,59,61,-2,2
78373,61,94,-33,33
78374,74,61,13,13
78375,76,77,-1,1
78376,91,95,-4,4
78377,132,117,15,15
78378,54,65,-11,11
78379,74,83,-9,9
78380,96,95,1,1
78381,60,66,-6,6
78382,91,93,-2,2
78383,102,101,1,1
78384,131,136,-5,5
78385,95,89,6,6
78386,35,58,-23,23
78387,70,56,14,14
78388,115,110,5,5
78389,63,70,-7,7
78390,70,74,-4,4
78391,73,74,-1,1
78392,79,81,-2,2
78393,114,118,-4,4
78394,75,88,-13,13
78395,103,102,1,1
78396,111,104,7,7
78397,110,123,-13,13
78398,55,48,7,7
78399,89,95,-6,6
78400,53,75,-22,22
78401,114,109,5,5
78402,104,99,5,5
78403,45,41,4,4
78404,122,119,3,3
78405,72,77,-5,5
78406,140,131,9,9
78407,132,131,1,1
78408,127,160,-33,33
78409,133,127,6,6
78410,66,66,0,0
78411,99,101,-2,2
78412,112,114,-2,2
78413,104,85,19,19
78414,143,137,6,6
78415,107,106,1,1
78416,122,126,-4,4
78417,166,162,4,4
78418,169,160,9,9
78419,165,159,6,6
78420,147,122,25,25
78421,63,65,-2,2
78422,71,94,-23,23
78423,59,62,-3,3
78424,127,135,-8,8
78425,168,154,14,14
78426,43,49,-6,6
78427,103,105,-2,2
78428,109,99,10,10
78429,99,115,-16,16
78430,71,74,-3,3
78431,94,94,0,0
78432,104,108,-4,4
78433,96,93,3,3
78434,85,84,1,1
78435,122,96,26,26
78436,85,94,-9,9
78437,49,50,-1,1
78438,44,63,-19,19
78439,65,60,5,5
78440,78,75,3,3
78441,117,115,2,2
78442,103,102,1,1
78443,106,94,12,12
78444,97,114,-17,17
78445,167,179,-12,12
78446,50,56,-6,6
78447,134,127,7,7
78448,100,112,-12,12
78449,81,83,-2,2
78450,108,110,-2,2
78451,55,56,-1,1
78452,82,85,-3,3
78453,94,118,-24,24
78454,94,89,5,5
78455,61,63,-2,2
78456,141,133,8,8
78457,79,80,-1,1
78458,71,97,-26,26
78459,48,62,-14,14
78460,140,148,-8,8
78461,70,109,-39,39
78462,63,56,7,7
78463,137,125,12,12
78464,40,41,-1,1
78465,103,104,-1,1
78466,67,86,-19,19
78467,82,79,3,3
78468,119,125,-6,6
78469,131,126,5,5
78470,77,89,-12,12
78471,98,99,-1,1
78472,148,150,-2,2
78473,91,96,-5,5
78474,95,98,-3,3
78475,60,63,-3,3
78476,72,75,-3,3
78477,123,123,0,0
78478,68,68,0,0
78479,124,116,8,8
78480,128,133,-5,5
78481,114,114,0,0
78482,90,90,0,0
78483,108,112,-4,4
78484,114,112,2,2
78485,33,52,-19,19
78486,95,96,-1,1
78487,113,118,-5,5
78488,57,60,-3,3
78489,71,71,0,0
78490,110,121,-11,11
78491,67,69,-2,2
78492,59,63,-4,4
78493,105,102,3,3
78494,132,122,10,10
78495,93,110,-17,17
78496,90,99,-9,9
78497,134,117,17,17
78498,32,46,-14,14
78499,108,151,-43,43
78500,81,74,7,7
78501,94,91,3,3
78502,116,120,-4,4
78503,131,132,-1,1
78504,63,68,-5,5
78505,96,96,0,0
78506,71,66,5,5
78507,71,65,6,6
78508,79,87,-8,8
78509,115,109,6,6
78510,48,52,-4,4
78511,85,82,3,3
78512,113,113,0,0
78513,89,85,4,4
78514,131,123,8,8
78515,91,95,-4,4
78516,72,69,3,3
78517,169,162,7,7
78518,133,134,-1,1
78519,176,152,24,24
78520,118,115,3,3
78521,71,79,-8,8
78522,65,77,-12,12
78523,144,120,24,24
78524,72,77,-5,5
78525,70,73,-3,3
78526,70,76,-6,6
78527,117,111,6,6
78528,97,96,1,1
78529,57,63,-6,6
78530,61,85,-24,24
78531,80,78,2,2
78532,92,90,2,2
78533,85,90,-5,5
78534,125,120,5,5
78535,90,101,-11,11
78536,80,87,-7,7
78537,71,75,-4,4
78538,149,130,19,19
78539,69,75,-6,6
78540,104,92,12,12
78541,95,79,16,16
78542,129,102,27,27
78543,144,136,8,8
78544,61,62,-1,1
78545,130,120,10,10
78546,144,135,9,9
78547,39,50,-11,11
78548,114,107,7,7
78549,48,46,2,2
78550,94,86,8,8
78551,92,81,11,11
78552,101,93,8,8
78553,79,101,-22,22
78554,113,96,17,17
78555,69,79,-10,10
78556,41,56,-15,15
78557,69,71,-2,2
78558,108,113,-5,5
78559,66,64,2,2
78560,93,85,8,8
78561,86,78,8,8
78562,79,75,4,4
78563,80,77,3,3
78564,87,76,11,11
78565,179,165,14,14
78566,67,61,6,6
78567,71,76,-5,5
78568,86,83,3,3
78569,92,101,-9,9
78570,109,116,-7,7
78571,45,52,-7,7
78572,84,90,-6,6
78573,158,158,0,0
78574,92,86,6,6
78575,75,65,10,10
78576,84,86,-2,2
78577,65,71,-6,6
78578,104,91,13,13
78579,44,48,-4,4
78580,198,170,28,28
78581,124,114,10,10
78582,134,119,15,15
78583,122,107,15,15
78584,77,74,3,3
78585,103,101,2,2
78586,98,94,4,4
78587,59,55,4,4
78588,87,66,21,21
78589,74,64,10,10
78590,67,79,-12,12
78591,85,87,-2,2
78592,79,73,6,6
78593,96,102,-6,6
78594,121,113,8,8
78595,98,117,-19,19
78596,145,133,12,12
78597,110,104,6,6
78598,144,147,-3,3
78599,85,79,6,6
78600,114,115,-1,1
78601,95,93,2,2
78602,51,43,8,8
78603,97,96,1,1
78604,81,70,11,11
78605,81,87,-6,6
78606,85,84,1,1
78607,154,154,0,0
78608,125,123,2,2
78609,97,102,-5,5
78610,161,144,17,17
78611,144,127,17,17
78612,127,128,-1,1
78613,88,76,12,12
78614,180,173,7,7
78615,90,89,1,1
78616,66,70,-4,4
78617,95,95,0,0
78618,94,99,-5,5
78619,75,75,0,0
78620,65,65,0,0
78621,111,123,-12,12
78622,67,72,-5,5
78623,86,82,4,4
78624,141,128,13,13
78625,102,99,3,3
78626,142,147,-5,5
78627,188,190,-2,2
78628,62,56,6,6
78629,104,105,-1,1
78630,63,62,1,1
78631,100,87,13,13
78632,148,133,15,15
78633,103,107,-4,4
78634,122,123,-1,1
78635,69,71,-2,2
78636,89,81,8,8
78637,113,99,14,14
78638,135,135,0,0
78639,158,138,20,20
78640,74,71,3,3
78641,54,56,-2,2
78642,106,108,-2,2
78643,56,91,-35,35
78644,113,108,5,5
78645,95,93,2,2
78646,134,126,8,8
78647,73,80,-7,7
78648,51,48,3,3
78649,50,52,-2,2
78650,33,41,-8,8
78651,130,118,12,12
78652,111,149,-38,38
78653,58,60,-2,2
78654,103,96,7,7
78655,136,139,-3,3
78656,99,93,6,6
78657,99,92,7,7
78658,116,115,1,1
78659,149,153,-4,4
78660,69,73,-4,4
78661,81,88,-7,7
78662,57,62,-5,5
78663,85,81,4,4
78664,78,94,-16,16
78665,94,97,-3,3
78666,112,106,6,6
78667,141,116,25,25
78668,133,128,5,5
78669,85,93,-8,8
78670,100,113,-13,13
78671,62,72,-10,10
78672,121,124,-3,3
78673,54,57,-3,3
78674,154,149,5,5
78675,142,122,20,20
78676,104,112,-8,8
78677,103,107,-4,4
78678,70,67,3,3
78679,118,116,2,2
78680,115,116,-1,1
78681,145,148,-3,3
78682,106,104,2,2
78683,114,106,8,8
78684,87,90,-3,3
78685,155,137,18,18
78686,142,131,11,11
78687,132,117,15,15
78688,94,87,7,7
78689,142,137,5,5
78690,150,152,-2,2
78691,53,55,-2,2
78692,94,98,-4,4
78693,85,94,-9,9
78694,62,72,-10,10
78695,53,58,-5,5
78696,81,85,-4,4
78697,175,164,11,11
78698,55,55,0,0
78699,72,83,-11,11
78700,93,104,-11,11
78701,73,78,-5,5
78702,47,64,-17,17
78703,67,67,0,0
78704,117,116,1,1
78705,104,106,-2,2
78706,76,71,5,5
78707,99,85,14,14
78708,131,122,9,9
78709,84,89,-5,5
78710,105,117,-12,12
78711,157,138,19,19
78712,111,115,-4,4
78713,91,90,1,1
78714,74,89,-15,15
78715,79,78,1,1
78716,103,92,11,11
78717,119,112,7,7
78718,163,135,28,28
78719,69,72,-3,3
78720,112,99,13,13
78721,55,70,-15,15
78722,97,92,5,5
78723,99,85,14,14
78724,58,68,-10,10
78725,125,108,17,17
78726,88,86,2,2
78727,81,77,4,4
78728,158,151,7,7
78729,55,67,-12,12
78730,114,124,-10,10
78731,95,106,-11,11
78732,87,105,-18,18
78733,139,126,13,13
78734,79,80,-1,1
78735,75,64,11,11
78736,56,62,-6,6
78737,113,138,-25,25
78738,148,133,15,15
78739,160,143,17,17
78740,97,96,1,1
78741,88,91,-3,3
78742,89,92,-3,3
78743,101,104,-3,3
78744,53,54,-1,1
78745,97,109,-12,12
78746,67,67,0,0
78747,117,114,3,3
78748,72,64,8,8
78749,40,64,-24,24
78750,48,47,1,1
78751,88,86,2,2
78752,95,88,7,7
78753,132,142,-10,10
78754,63,58,5,5
78755,95,96,-1,1
78756,84,81,3,3
78757,33,34,-1,1
78758,70,72,-2,2
78759,154,145,9,9
78760,163,153,10,10
78761,175,165,10,10
78762,92,82,10,10
78763,150,141,9,9
78764,67,74,-7,7
78765,127,130,-3,3
78766,131,142,-11,11
78767,194,163,31,31
78768,113,114,-1,1
78769,106,94,12,12
78770,88,84,4,4
78771,75,75,0,0
78772,56,69,-13,13
78773,86,94,-8,8
78774,66,61,5,5
78775,171,156,15,15
78776,127,120,7,7
78777,110,104,6,6
78778,93,97,-4,4
78779,89,79,10,10
78780,72,82,-10,10
78781,98,104,-6,6
78782,77,78,-1,1
78783,93,94,-1,1
78784,112,97,15,15
78785,68,71,-3,3
78786,104,114,-10,10
78787,78,75,3,3
78788,69,83,-14,14
78789,48,50,-2,2
78790,65,76,-11,11
78791,109,111,-2,2
78792,90,98,-8,8
78793,141,136,5,5
78794,100,108,-8,8
78795,133,136,-3,3
78796,110,98,12,12
78797,54,56,-2,2
78798,71,64,7,7
78799,144,142,2,2
78800,57,62,-5,5
78801,88,94,-6,6
78802,107,101,6,6
78803,128,127,1,1
78804,93,94,-1,1
78805,136,138,-2,2
78806,107,92,15,15
78807,151,139,12,12
78808,114,109,5,5
78809,67,75,-8,8
78810,94,92,2,2
78811,90,83,7,7
78812,105,86,19,19
78813,132,118,14,14
78814,90,97,-7,7
78815,120,132,-12,12
78816,91,108,-17,17
78817,155,169,-14,14
78818,62,66,-4,4
78819,109,103,6,6
78820,100,111,-11,11
78821,160,141,19,19
78822,96,102,-6,6
78823,104,114,-10,10
78824,93,97,-4,4
78825,72,75,-3,3
78826,59,71,-12,12
78827,74,78,-4,4
78828,83,79,4,4
78829,92,79,13,13
78830,100,102,-2,2
78831,87,79,8,8
78832,122,129,-7,7
78833,78,82,-4,4
78834,79,78,1,1
78835,138,121,17,17
78836,158,145,13,13
78837,75,77,-2,2
78838,100,98,2,2
78839,134,128,6,6
78840,138,155,-17,17
78841,82,87,-5,5
78842,52,57,-5,5
78843,74,78,-4,4
78844,60,60,0,0
78845,49,86,-37,37
78846,45,45,0,0
78847,83,79,4,4
78848,55,59,-4,4
78849,74,72,2,2
78850,96,97,-1,1
78851,71,75,-4,4
78852,73,78,-5,5
78853,104,110,-6,6
78854,57,57,0,0
78855,79,68,11,11
78856,109,112,-3,3
78857,65,56,9,9
78858,129,142,-13,13
78859,75,72,3,3
78860,209,190,19,19
78861,102,92,10,10
78862,102,107,-5,5
78863,142,126,16,16
78864,140,117,23,23
78865,44,47,-3,3
78866,102,107,-5,5
78867,89,80,9,9
78868,86,84,2,2
78869,85,85,0,0
78870,88,79,9,9
78871,77,88,-11,11
78872,123,117,6,6
78873,62,73,-11,11
78874,163,152,11,11
78875,114,112,2,2
78876,55,65,-10,10
78877,112,117,-5,5
78878,125,121,4,4
78879,123,119,4,4
78880,96,98,-2,2
78881,111,109,2,2
78882,136,120,16,16
78883,75,81,-6,6
78884,134,122,12,12
78885,77,81,-4,4
78886,98,97,1,1
78887,94,86,8,8
78888,77,83,-6,6
78889,83,82,1,1
78890,97,95,2,2
78891,82,84,-2,2
78892,126,115,11,11
78893,159,162,-3,3
78894,100,104,-4,4
78895,100,109,-9,9
78896,121,122,-1,1
78897,117,97,20,20
78898,81,80,1,1
78899,90,92,-2,2
78900,68,64,4,4
78901,110,111,-1,1
78902,118,132,-14,14
78903,97,90,7,7
78904,81,69,12,12
78905,105,98,7,7
78906,95,91,4,4
78907,66,110,-44,44
78908,109,108,1,1
78909,141,141,0,0
78910,52,52,0,0
78911,80,61,19,19
78912,93,93,0,0
78913,76,76,0,0
78914,111,112,-1,1
78915,107,106,1,1
78916,132,122,10,10
78917,100,100,0,0
78918,138,122,16,16
78919,122,116,6,6
78920,105,109,-4,4
78921,85,85,0,0
78922,96,82,14,14
78923,60,58,2,2
78924,106,103,3,3
78925,47,49,-2,2
78926,97,92,5,5
78927,36,38,-2,2
78928,111,93,18,18
78929,121,129,-8,8
78930,85,81,4,4
78931,95,103,-8,8
78932,78,74,4,4
78933,113,112,1,1
78934,72,67,5,5
78935,110,112,-2,2
78936,38,43,-5,5
78937,133,120,13,13
78938,52,79,-27,27
78939,49,54,-5,5
78940,57,61,-4,4
78941,209,185,24,24
78942,93,105,-12,12
78943,62,62,0,0
78944,51,63,-12,12
78945,82,107,-25,25
78946,77,79,-2,2
78947,165,145,20,20
78948,58,55,3,3
78949,108,97,11,11
78950,43,57,-14,14
78951,83,78,5,5
78952,92,81,11,11
78953,127,121,6,6
78954,47,54,-7,7
78955,78,75,3,3
78956,62,96,-34,34
78957,136,129,7,7
78958,121,120,1,1
78959,79,78,1,1
78960,83,95,-12,12
78961,100,94,6,6
78962,86,95,-9,9
78963,89,96,-7,7
78964,74,61,13,13
78965,133,131,2,2
78966,107,109,-2,2
78967,89,79,10,10
78968,72,72,0,0
78969,78,95,-17,17
78970,52,63,-11,11
78971,94,102,-8,8
78972,107,104,3,3
78973,61,62,-1,1
78974,224,197,27,27
78975,75,58,17,17
78976,53,64,-11,11
78977,95,105,-10,10
78978,63,62,1,1
78979,133,135,-2,2
78980,45,46,-1,1
78981,65,69,-4,4
78982,93,90,3,3
78983,68,75,-7,7
78984,86,86,0,0
78985,116,118,-2,2
78986,112,113,-1,1
78987,79,72,7,7
78988,83,65,18,18
78989,136,144,-8,8
78990,58,61,-3,3
78991,98,87,11,11
78992,216,209,7,7
78993,135,135,0,0
78994,87,89,-2,2
78995,99,101,-2,2
78996,85,94,-9,9
78997,57,58,-1,1
78998,69,65,4,4
78999,72,71,1,1
79000,42,44,-2,2
79001,50,57,-7,7
79002,120,117,3,3
79003,43,52,-9,9
79004,58,58,0,0
79005,64,63,1,1
79006,47,62,-15,15
79007,118,107,11,11
79008,91,120,-29,29
79009,115,120,-5,5
79010,132,139,-7,7
79011,124,123,1,1
79012,127,134,-7,7
79013,90,82,8,8
79014,142,138,4,4
79015,72,72,0,0
79016,91,94,-3,3
79017,93,98,-5,5
79018,159,152,7,7
79019,76,76,0,0
79020,89,98,-9,9
79021,127,98,29,29
79022,76,82,-6,6
79023,101,104,-3,3
79024,95,93,2,2
79025,82,78,4,4
79026,109,108,1,1
79027,108,99,9,9
79028,84,90,-6,6
79029,184,170,14,14
79030,77,77,0,0
79031,92,81,11,11
79032,57,60,-3,3
79033,104,102,2,2
79034,118,119,-1,1
79035,111,109,2,2
79036,78,63,15,15
79037,122,122,0,0
79038,72,74,-2,2
79039,106,97,9,9
79040,61,54,7,7
79041,106,109,-3,3
79042,122,118,4,4
79043,119,120,-1,1
79044,141,123,18,18
79045,114,110,4,4
79046,124,114,10,10
79047,86,82,4,4
79048,43,56,-13,13
79049,177,173,4,4
79050,169,231,-62,62
79051,100,104,-4,4
79052,70,75,-5,5
79053,80,82,-2,2
79054,82,87,-5,5
79055,97,96,1,1
79056,112,99,13,13
79057,122,110,12,12
79058,62,60,2,2
79059,146,123,23,23
79060,77,94,-17,17
79061,95,97,-2,2
79062,167,147,20,20
79063,62,90,-28,28
79064,112,137,-25,25
79065,56,59,-3,3
79066,126,110,16,16
79067,127,107,20,20
79068,221,201,20,20
79069,180,169,11,11
79070,73,70,3,3
79071,53,55,-2,2
79072,82,88,-6,6
79073,58,61,-3,3
79074,78,74,4,4
79075,130,129,1,1
79076,39,44,-5,5
79077,93,104,-11,11
79078,87,80,7,7
79079,82,74,8,8
79080,130,144,-14,14
79081,74,78,-4,4
79082,93,91,2,2
79083,69,74,-5,5
79084,57,56,1,1
79085,79,72,7,7
79086,120,122,-2,2
79087,91,84,7,7
79088,99,118,-19,19
79089,100,94,6,6
79090,93,93,0,0
79091,78,86,-8,8
79092,82,85,-3,3
79093,242,187,55,55
79094,154,140,14,14
79095,63,68,-5,5
79096,52,60,-8,8
79097,106,95,11,11
79098,87,101,-14,14
79099,106,106,0,0
79100,36,37,-1,1
79101,108,124,-16,16
79102,153,196,-43,43
79103,44,61,-17,17
79104,119,116,3,3
79105,51,63,-12,12
79106,156,149,7,7
79107,114,133,-19,19
79108,123,114,9,9
79109,149,136,13,13
79110,90,73,17,17
79111,67,80,-13,13
79112,179,163,16,16
79113,123,130,-7,7
79114,88,89,-1,1
79115,211,209,2,2
79116,149,140,9,9
79117,58,55,3,3
79118,85,81,4,4
79119,94,92,2,2
79120,125,129,-4,4
79121,50,60,-10,10
79122,78,69,9,9
79123,91,94,-3,3
79124,166,165,1,1
79125,89,86,3,3
79126,55,58,-3,3
79127,140,132,8,8
79128,122,123,-1,1
79129,92,80,12,12
79130,59,60,-1,1
79131,112,120,-8,8
79132,97,97,0,0
79133,109,116,-7,7
79134,121,140,-19,19
79135,75,81,-6,6
79136,80,80,0,0
79137,104,100,4,4
79138,130,119,11,11
79139,148,143,5,5
79140,54,52,2,2
79141,121,116,5,5
79142,65,84,-19,19
79143,51,61,-10,10
79144,142,130,12,12
79145,40,36,4,4
79146,58,66,-8,8
79147,92,91,1,1
79148,71,77,-6,6
79149,96,100,-4,4
79150,118,116,2,2
79151,54,51,3,3
79152,91,101,-10,10
79153,70,67,3,3
79154,85,78,7,7
79155,47,52,-5,5
79156,137,134,3,3
79157,88,99,-11,11
79158,73,71,2,2
79159,99,93,6,6
79160,68,68,0,0
79161,174,177,-3,3
79162,119,127,-8,8
79163,84,86,-2,2
79164,103,110,-7,7
79165,174,170,4,4
79166,98,89,9,9
79167,86,67,19,19
79168,101,106,-5,5
79169,88,88,0,0
79170,78,68,10,10
79171,94,91,3,3
79172,131,124,7,7
79173,104,89,15,15
79174,89,96,-7,7
79175,104,114,-10,10
79176,43,56,-13,13
79177,85,86,-1,1
79178,66,73,-7,7
79179,108,113,-5,5
79180,89,100,-11,11
79181,54,60,-6,6
79182,75,80,-5,5
79183,85,92,-7,7
79184,94,94,0,0
79185,58,65,-7,7
79186,191,198,-7,7
79187,63,63,0,0
79188,73,62,11,11
79189,92,90,2,2
79190,125,115,10,10
79191,90,86,4,4
79192,128,124,4,4
79193,38,52,-14,14
79194,84,68,16,16
79195,85,80,5,5
79196,147,131,16,16
79197,54,64,-10,10
79198,78,82,-4,4
79199,117,99,18,18
79200,78,78,0,0
79201,83,97,-14,14
79202,125,144,-19,19
79203,108,101,7,7
79204,94,102,-8,8
79205,45,49,-4,4
79206,120,125,-5,5
79207,86,82,4,4
79208,85,84,1,1
79209,50,52,-2,2
79210,89,78,11,11
79211,90,81,9,9
79212,75,73,2,2
79213,110,106,4,4
79214,82,85,-3,3
79215,140,129,11,11
79216,102,103,-1,1
79217,78,89,-11,11
79218,90,90,0,0
79219,49,62,-13,13
79220,60,66,-6,6
79221,128,140,-12,12
79222,91,98,-7,7
79223,94,96,-2,2
79224,101,93,8,8
79225,90,85,5,5
79226,115,118,-3,3
79227,111,106,5,5
79228,110,119,-9,9
79229,64,68,-4,4
79230,112,98,14,14
79231,88,94,-6,6
79232,108,100,8,8
79233,100,99,1,1
79234,66,67,-1,1
79235,142,123,19,19
79236,64,68,-4,4
79237,140,135,5,5
79238,124,121,3,3
79239,66,73,-7,7
79240,99,97,2,2
79241,78,75,3,3
79242,103,112,-9,9
79243,121,111,10,10
79244,96,91,5,5
79245,30,45,-15,15
79246,69,65,4,4
79247,97,91,6,6
79248,81,77,4,4
79249,72,69,3,3
79250,93,80,13,13
79251,84,96,-12,12
79252,84,89,-5,5
79253,98,93,5,5
79254,57,80,-23,23
79255,81,82,-1,1
79256,88,99,-11,11
79257,98,101,-3,3
79258,171,161,10,10
79259,76,74,2,2
79260,126,130,-4,4
79261,90,89,1,1
79262,91,83,8,8
79263,94,84,10,10
79264,91,86,5,5
79265,122,125,-3,3
79266,81,80,1,1
79267,86,108,-22,22
79268,79,83,-4,4
79269,76,102,-26,26
79270,97,108,-11,11
79271,125,145,-20,20
79272,125,127,-2,2
79273,62,68,-6,6
79274,63,66,-3,3
79275,81,82,-1,1
79276,115,107,8,8
79277,162,162,0,0
79278,103,97,6,6
79279,64,75,-11,11
79280,153,148,5,5
79281,69,74,-5,5
79282,132,123,9,9
79283,76,79,-3,3
79284,63,81,-18,18
79285,65,64,1,1
79286,89,145,-56,56
79287,165,149,16,16
79288,84,76,8,8
79289,89,80,9,9
79290,130,116,14,14
79291,73,70,3,3
79292,110,117,-7,7
79293,157,145,12,12
79294,82,91,-9,9
79295,100,95,5,5
79296,128,130,-2,2
79297,122,123,-1,1
79298,102,104,-2,2
79299,102,97,5,5
79300,86,75,11,11
79301,124,125,-1,1
79302,157,148,9,9
79303,104,110,-6,6
79304,94,98,-4,4
79305,59,64,-5,5
79306,103,96,7,7
79307,78,68,10,10
79308,73,98,-25,25
79309,76,77,-1,1
79310,112,133,-21,21
79311,103,116,-13,13
79312,159,140,19,19
79313,42,53,-11,11
79314,83,86,-3,3
79315,108,107,1,1
79316,129,125,4,4
79317,129,131,-2,2
79318,145,133,12,12
79319,70,73,-3,3
79320,71,73,-2,2
79321,60,67,-7,7
79322,100,98,2,2
79323,173,169,4,4
79324,156,140,16,16
79325,101,94,7,7
79326,99,101,-2,2
79327,130,129,1,1
79328,68,121,-53,53
79329,138,127,11,11
79330,138,139,-1,1
79331,126,125,1,1
79332,74,72,2,2
79333,75,83,-8,8
79334,79,70,9,9
79335,67,76,-9,9
79336,80,129,-49,49
79337,86,81,5,5
79338,57,66,-9,9
79339,111,126,-15,15
79340,95,101,-6,6
79341,85,86,-1,1
79342,88,91,-3,3
79343,72,74,-2,2
79344,22,48,-26,26
79345,97,86,11,11
79346,130,116,14,14
79347,55,61,-6,6
79348,95,89,6,6
79349,86,89,-3,3
79350,53,56,-3,3
79351,66,68,-2,2
79352,122,135,-13,13
79353,130,126,4,4
79354,135,124,11,11
79355,47,53,-6,6
79356,65,107,-42,42
79357,46,42,4,4
79358,155,134,21,21
79359,60,67,-7,7
79360,75,73,2,2
79361,97,90,7,7
79362,142,127,15,15
79363,57,64,-7,7
79364,80,68,12,12
79365,44,44,0,0
79366,107,98,9,9
79367,39,61,-22,22
79368,163,156,7,7
79369,152,157,-5,5
79370,119,116,3,3
79371,98,81,17,17
79372,67,80,-13,13
79373,61,58,3,3
79374,99,99,0,0
79375,62,54,8,8
79376,68,72,-4,4
79377,72,74,-2,2
79378,83,90,-7,7
79379,103,103,0,0
79380,116,128,-12,12
79381,122,116,6,6
79382,88,87,1,1
79383,129,122,7,7
79384,86,85,1,1
79385,82,78,4,4
79386,83,94,-11,11
79387,71,83,-12,12
79388,77,72,5,5
79389,100,100,0,0
79390,206,192,14,14
79391,152,178,-26,26
79392,58,52,6,6
79393,141,127,14,14
79394,96,92,4,4
79395,149,137,12,12
79396,80,72,8,8
79397,48,56,-8,8
79398,75,84,-9,9
79399,95,89,6,6
79400,126,133,-7,7
79401,74,76,-2,2
79402,95,87,8,8
79403,59,59,0,0
79404,164,163,1,1
79405,95,91,4,4
79406,46,43,3,3
79407,88,92,-4,4
79408,135,130,5,5
79409,140,121,19,19
79410,103,107,-4,4
79411,69,74,-5,5
79412,144,129,15,15
79413,147,139,8,8
79414,105,117,-12,12
79415,154,125,29,29
79416,77,83,-6,6
79417,74,84,-10,10
79418,132,135,-3,3
79419,56,62,-6,6
79420,48,54,-6,6
79421,77,76,1,1
79422,20,36,-16,16
79423,94,93,1,1
79424,66,70,-4,4
79425,72,81,-9,9
79426,130,122,8,8
79427,282,283,-1,1
79428,139,129,10,10
79429,99,112,-13,13
79430,67,68,-1,1
79431,72,78,-6,6
79432,96,110,-14,14
79433,76,72,4,4
79434,119,119,0,0
79435,93,84,9,9
79436,61,66,-5,5
79437,79,75,4,4
79438,107,102,5,5
79439,152,159,-7,7
79440,85,78,7,7
79441,62,64,-2,2
79442,103,91,12,12
79443,59,60,-1,1
79444,109,120,-11,11
79445,84,97,-13,13
79446,85,90,-5,5
79447,77,90,-13,13
79448,182,168,14,14
79449,105,110,-5,5
79450,165,159,6,6
79451,101,104,-3,3
79452,91,83,8,8
79453,93,89,4,4
79454,105,114,-9,9
79455,98,100,-2,2
79456,140,143,-3,3
79457,150,129,21,21
79458,168,154,14,14
79459,155,141,14,14
79460,75,67,8,8
79461,56,54,2,2
79462,41,51,-10,10
79463,84,85,-1,1
79464,46,52,-6,6
79465,168,166,2,2
79466,148,143,5,5
79467,92,103,-11,11
79468,93,91,2,2
79469,108,101,7,7
79470,52,58,-6,6
79471,100,91,9,9
79472,77,86,-9,9
79473,95,82,13,13
79474,67,70,-3,3
79475,84,77,7,7
79476,107,101,6,6
79477,80,76,4,4
79478,104,108,-4,4
79479,86,88,-2,2
79480,90,76,14,14
79481,70,75,-5,5
79482,125,128,-3,3
79483,68,76,-8,8
79484,125,121,4,4
79485,133,127,6,6
79486,77,77,0,0
79487,70,82,-12,12
79488,182,173,9,9
79489,114,96,18,18
79490,114,110,4,4
79491,183,187,-4,4
79492,57,69,-12,12
79493,111,112,-1,1
79494,49,52,-3,3
79495,58,60,-2,2
79496,97,112,-15,15
79497,141,142,-1,1
79498,133,123,10,10
79499,115,103,12,12
79500,142,131,11,11
79501,53,59,-6,6
79502,69,63,6,6
79503,152,139,13,13
79504,52,71,-19,19
79505,145,141,4,4
79506,90,91,-1,1
79507,125,119,6,6
79508,73,68,5,5
79509,72,81,-9,9
79510,69,77,-8,8
79511,146,138,8,8
79512,149,145,4,4
79513,79,87,-8,8
79514,105,104,1,1
79515,65,61,4,4
79516,139,125,14,14
79517,123,115,8,8
79518,105,67,38,38
79519,40,43,-3,3
79520,65,69,-4,4
79521,134,125,9,9
79522,123,113,10,10
79523,127,121,6,6
79524,39,74,-35,35
79525,104,111,-7,7
79526,48,52,-4,4
79527,78,75,3,3
79528,102,100,2,2
79529,72,50,22,22
79530,130,129,1,1
79531,107,114,-7,7
79532,90,98,-8,8
79533,85,89,-4,4
79534,103,99,4,4
79535,118,110,8,8
79536,67,79,-12,12
79537,101,91,10,10
79538,108,134,-26,26
79539,134,144,-10,10
79540,83,76,7,7
79541,103,148,-45,45
79542,43,56,-13,13
79543,154,142,12,12
79544,137,132,5,5
79545,133,117,16,16
79546,165,133,32,32
79547,68,80,-12,12
79548,144,131,13,13
79549,112,108,4,4
79550,96,97,-1,1
79551,84,70,14,14
79552,131,111,20,20
79553,95,96,-1,1
79554,166,141,25,25
79555,56,74,-18,18
79556,112,113,-1,1
79557,55,55,0,0
79558,88,84,4,4
79559,81,78,3,3
79560,79,79,0,0
79561,105,111,-6,6
79562,52,54,-2,2
79563,131,116,15,15
79564,101,97,4,4
79565,98,101,-3,3
79566,60,59,1,1
79567,66,66,0,0
79568,85,77,8,8
79569,81,76,5,5
79570,117,122,-5,5
79571,61,61,0,0
79572,74,81,-7,7
79573,64,68,-4,4
79574,61,60,1,1
79575,106,102,4,4
79576,82,85,-3,3
79577,68,84,-16,16
79578,100,118,-18,18
79579,111,93,18,18
79580,73,80,-7,7
79581,110,109,1,1
79582,110,123,-13,13
79583,150,129,21,21
79584,119,129,-10,10
79585,140,139,1,1
79586,107,101,6,6
79587,31,53,-22,22
79588,111,103,8,8
79589,93,100,-7,7
79590,73,78,-5,5
79591,75,82,-7,7
79592,106,121,-15,15
79593,46,39,7,7
79594,169,155,14,14
79595,128,126,2,2
79596,189,205,-16,16
79597,119,117,2,2
79598,61,56,5,5
79599,109,104,5,5
79600,129,111,18,18
79601,118,125,-7,7
79602,91,90,1,1
79603,95,96,-1,1
79604,106,90,16,16
79605,188,182,6,6
79606,78,72,6,6
79607,59,84,-25,25
79608,66,83,-17,17
79609,62,64,-2,2
79610,137,129,8,8
79611,82,86,-4,4
79612,115,109,6,6
79613,102,123,-21,21
79614,50,74,-24,24
79615,119,123,-4,4
79616,159,156,3,3
79617,146,141,5,5
79618,62,55,7,7
79619,72,69,3,3
79620,82,87,-5,5
79621,64,74,-10,10
79622,74,74,0,0
79623,104,92,12,12
79624,169,147,22,22
79625,86,88,-2,2
79626,178,186,-8,8
79627,83,74,9,9
79628,115,112,3,3
79629,124,123,1,1
79630,123,137,-14,14
79631,90,90,0,0
79632,51,52,-1,1
79633,99,94,5,5
79634,99,126,-27,27
79635,108,101,7,7
79636,124,109,15,15
79637,144,148,-4,4
79638,128,129,-1,1
79639,70,72,-2,2
79640,74,80,-6,6
79641,134,143,-9,9
79642,119,118,1,1
79643,41,47,-6,6
79644,101,99,2,2
79645,149,138,11,11
79646,121,113,8,8
79647,56,57,-1,1
79648,108,105,3,3
79649,72,75,-3,3
79650,98,95,3,3
79651,67,67,0,0
79652,69,71,-2,2
79653,89,87,2,2
79654,122,136,-14,14
79655,75,67,8,8
79656,80,80,0,0
79657,184,179,5,5
79658,80,81,-1,1
79659,136,137,-1,1
79660,85,85,0,0
79661,86,94,-8,8
79662,99,115,-16,16
79663,161,164,-3,3
79664,106,112,-6,6
79665,86,87,-1,1
79666,160,145,15,15
79667,140,133,7,7
79668,157,156,1,1
79669,121,115,6,6
79670,61,70,-9,9
79671,108,102,6,6
79672,110,113,-3,3
79673,101,95,6,6
79674,85,90,-5,5
79675,125,128,-3,3
79676,67,71,-4,4
79677,64,70,-6,6
79678,47,69,-22,22
79679,111,115,-4,4
79680,45,58,-13,13
79681,79,67,12,12
79682,102,91,11,11
79683,99,83,16,16
79684,121,115,6,6
79685,75,80,-5,5
79686,172,168,4,4
79687,67,68,-1,1
79688,111,98,13,13
79689,119,130,-11,11
79690,134,116,18,18
79691,139,131,8,8
79692,67,68,-1,1
79693,100,118,-18,18
79694,64,75,-11,11
79695,105,106,-1,1
79696,106,94,12,12
79697,41,54,-13,13
79698,122,121,1,1
79699,96,95,1,1
79700,74,82,-8,8
79701,97,92,5,5
79702,106,107,-1,1
79703,58,62,-4,4
79704,61,57,4,4
79705,72,73,-1,1
79706,97,93,4,4
79707,104,113,-9,9
79708,90,95,-5,5
79709,190,165,25,25
79710,113,120,-7,7
79711,72,94,-22,22
79712,102,97,5,5
79713,143,125,18,18
79714,71,77,-6,6
79715,80,84,-4,4
79716,45,53,-8,8
79717,57,65,-8,8
79718,109,113,-4,4
79719,80,77,3,3
79720,54,75,-21,21
79721,75,92,-17,17
79722,80,69,11,11
79723,73,80,-7,7
79724,216,205,11,11
79725,73,77,-4,4
79726,124,119,5,5
79727,160,131,29,29
79728,140,138,2,2
79729,136,124,12,12
79730,68,64,4,4
79731,91,86,5,5
79732,69,64,5,5
79733,93,100,-7,7
79734,103,110,-7,7
79735,93,91,2,2
79736,53,53,0,0
79737,116,105,11,11
79738,57,73,-16,16
79739,89,79,10,10
79740,58,67,-9,9
79741,136,140,-4,4
79742,95,91,4,4
79743,59,63,-4,4
79744,169,159,10,10
79745,105,103,2,2
79746,119,111,8,8
79747,89,81,8,8
79748,132,116,16,16
79749,81,72,9,9
79750,52,59,-7,7
79751,139,124,15,15
79752,60,63,-3,3
79753,128,116,12,12
79754,54,53,1,1
79755,123,124,-1,1
79756,99,100,-1,1
79757,36,44,-8,8
79758,40,38,2,2
79759,114,119,-5,5
79760,89,84,5,5
79761,68,68,0,0
79762,96,75,21,21
79763,120,119,1,1
79764,85,82,3,3
79765,67,63,4,4
79766,90,94,-4,4
79767,59,63,-4,4
79768,86,76,10,10
79769,187,202,-15,15
79770,117,121,-4,4
79771,50,58,-8,8
79772,90,87,3,3
79773,92,93,-1,1
79774,57,66,-9,9
79775,55,58,-3,3
79776,51,61,-10,10
79777,84,94,-10,10
79778,110,109,1,1
79779,52,69,-17,17
79780,56,67,-11,11
79781,82,82,0,0
79782,141,140,1,1
79783,104,96,8,8
79784,113,109,4,4
79785,119,111,8,8
79786,124,124,0,0
79787,79,74,5,5
79788,99,90,9,9
79789,133,118,15,15
79790,53,59,-6,6
79791,88,90,-2,2
79792,58,58,0,0
79793,90,99,-9,9
79794,89,101,-12,12
79795,91,94,-3,3
79796,110,112,-2,2
79797,77,81,-4,4
79798,71,76,-5,5
79799,77,81,-4,4
79800,115,122,-7,7
79801,62,71,-9,9
79802,167,160,7,7
79803,105,116,-11,11
79804,100,99,1,1
79805,100,112,-12,12
79806,111,121,-10,10
79807,92,85,7,7
79808,162,158,4,4
79809,109,119,-10,10
79810,164,156,8,8
79811,63,59,4,4
79812,67,69,-2,2
79813,158,169,-11,11
79814,82,81,1,1
79815,65,63,2,2
79816,118,110,8,8
79817,87,95,-8,8
79818,159,164,-5,5
79819,122,115,7,7
79820,102,109,-7,7
79821,63,62,1,1
79822,94,92,2,2
79823,100,101,-1,1
79824,87,57,30,30
79825,98,101,-3,3
79826,79,72,7,7
79827,104,97,7,7
79828,115,113,2,2
79829,118,135,-17,17
79830,82,96,-14,14
79831,130,121,9,9
79832,98,106,-8,8
79833,141,143,-2,2
79834,197,182,15,15
79835,141,139,2,2
79836,91,88,3,3
79837,80,81,-1,1
79838,104,101,3,3
79839,171,156,15,15
79840,292,245,47,47
79841,113,115,-2,2
79842,111,107,4,4
79843,116,118,-2,2
79844,66,66,0,0
79845,146,129,17,17
79846,62,67,-5,5
79847,105,102,3,3
79848,66,66,0,0
79849,59,62,-3,3
79850,74,85,-11,11
79851,91,83,8,8
79852,117,110,7,7
79853,101,104,-3,3
79854,167,170,-3,3
79855,69,70,-1,1
79856,120,124,-4,4
79857,119,111,8,8
79858,130,126,4,4
79859,69,72,-3,3
79860,97,102,-5,5
79861,76,80,-4,4
79862,183,174,9,9
79863,65,71,-6,6
79864,155,145,10,10
79865,80,67,13,13
79866,107,110,-3,3
79867,46,61,-15,15
79868,95,87,8,8
79869,72,71,1,1
79870,74,78,-4,4
79871,73,76,-3,3
79872,66,61,5,5
79873,76,85,-9,9
79874,75,81,-6,6
79875,36,62,-26,26
79876,82,76,6,6
79877,150,138,12,12
79878,88,97,-9,9
79879,40,62,-22,22
79880,82,83,-1,1
79881,166,153,13,13
79882,113,113,0,0
79883,120,120,0,0
79884,136,129,7,7
79885,53,64,-11,11
79886,233,316,-83,83
79887,78,80,-2,2
79888,112,104,8,8
79889,103,108,-5,5
79890,100,94,6,6
79891,86,96,-10,10
79892,69,72,-3,3
79893,109,117,-8,8
79894,105,104,1,1
79895,51,76,-25,25
79896,99,106,-7,7
79897,138,134,4,4
79898,42,84,-42,42
79899,87,78,9,9
79900,141,129,12,12
79901,75,87,-12,12
79902,96,97,-1,1
79903,56,59,-3,3
79904,122,120,2,2
79905,65,67,-2,2
79906,113,105,8,8
79907,67,61,6,6
79908,83,86,-3,3
79909,91,85,6,6
79910,136,132,4,4
79911,85,85,0,0
79912,66,70,-4,4
79913,79,66,13,13
79914,73,79,-6,6
79915,106,111,-5,5
79916,76,73,3,3
79917,149,132,17,17
79918,38,39,-1,1
79919,108,97,11,11
79920,91,95,-4,4
79921,105,104,1,1
79922,85,90,-5,5
79923,62,72,-10,10
79924,117,130,-13,13
79925,62,71,-9,9
79926,115,103,12,12
79927,85,71,14,14
79928,150,140,10,10
79929,132,131,1,1
79930,74,79,-5,5
79931,44,59,-15,15
79932,152,143,9,9
79933,142,147,-5,5
79934,106,110,-4,4
79935,97,97,0,0
79936,97,88,9,9
79937,53,74,-21,21
79938,116,113,3,3
79939,141,135,6,6
79940,109,113,-4,4
79941,90,99,-9,9
79942,111,117,-6,6
79943,186,185,1,1
79944,133,123,10,10
79945,83,79,4,4
79946,69,81,-12,12
79947,73,78,-5,5
79948,154,135,19,19
79949,93,103,-10,10
79950,87,89,-2,2
79951,126,124,2,2
79952,91,89,2,2
79953,79,77,2,2
79954,82,92,-10,10
79955,112,89,23,23
79956,72,68,4,4
79957,179,179,0,0
79958,67,73,-6,6
79959,61,82,-21,21
79960,134,120,14,14
79961,129,115,14,14
79962,79,79,0,0
79963,95,96,-1,1
79964,147,140,7,7
79965,86,98,-12,12
79966,64,66,-2,2
79967,73,83,-10,10
79968,60,57,3,3
79969,122,130,-8,8
79970,91,98,-7,7
79971,78,70,8,8
79972,69,74,-5,5
79973,64,79,-15,15
79974,120,115,5,5
79975,101,107,-6,6
79976,51,59,-8,8
79977,80,82,-2,2
79978,100,154,-54,54
79979,104,106,-2,2
79980,69,76,-7,7
79981,94,91,3,3
79982,110,120,-10,10
79983,157,163,-6,6
79984,56,61,-5,5
79985,118,118,0,0
79986,29,33,-4,4
79987,110,154,-44,44
79988,102,102,0,0
79989,78,78,0,0
79990,116,127,-11,11
79991,129,133,-4,4
79992,124,129,-5,5
79993,69,83,-14,14
79994,94,93,1,1
79995,105,92,13,13
79996,127,134,-7,7
79997,99,103,-4,4
79998,106,108,-2,2
79999,45,46,-1,1
80000,73,70,3,3
80001,57,48,9,9
80002,71,70,1,1
80003,84,80,4,4
80004,91,87,4,4
80005,93,81,12,12
80006,75,75,0,0
80007,98,86,12,12
80008,76,77,-1,1
80009,87,86,1,1
80010,100,104,-4,4
80011,101,90,11,11
80012,63,78,-15,15
80013,94,84,10,10
80014,58,65,-7,7
80015,77,68,9,9
80016,136,123,13,13
80017,86,80,6,6
80018,109,100,9,9
80019,77,76,1,1
80020,146,138,8,8
80021,128,122,6,6
80022,164,151,13,13
80023,71,74,-3,3
80024,147,141,6,6
80025,96,89,7,7
80026,65,65,0,0
80027,95,93,2,2
80028,84,84,0,0
80029,104,96,8,8
80030,75,81,-6,6
80031,168,160,8,8
80032,200,184,16,16
80033,153,150,3,3
80034,171,168,3,3
80035,111,124,-13,13
80036,65,74,-9,9
80037,85,105,-20,20
80038,98,92,6,6
80039,111,119,-8,8
80040,112,116,-4,4
80041,113,114,-1,1
80042,148,131,17,17
80043,115,119,-4,4
80044,63,67,-4,4
80045,95,89,6,6
80046,98,98,0,0
80047,117,120,-3,3
80048,144,133,11,11
80049,115,123,-8,8
80050,124,117,7,7
80051,115,119,-4,4
80052,93,99,-6,6
80053,83,90,-7,7
80054,83,94,-11,11
80055,106,107,-1,1
80056,104,104,0,0
80057,149,154,-5,5
80058,94,93,1,1
80059,61,69,-8,8
80060,63,80,-17,17
80061,98,100,-2,2
80062,70,83,-13,13
80063,96,100,-4,4
80064,89,85,4,4
80065,120,155,-35,35
80066,85,75,10,10
80067,159,132,27,27
80068,144,153,-9,9
80069,63,66,-3,3
80070,102,97,5,5
80071,119,109,10,10
80072,106,107,-1,1
80073,88,77,11,11
80074,54,61,-7,7
80075,58,61,-3,3
80076,130,127,3,3
80077,168,155,13,13
80078,73,72,1,1
80079,133,124,9,9
80080,98,103,-5,5
80081,86,77,9,9
80082,81,87,-6,6
80083,83,83,0,0
80084,59,61,-2,2
80085,43,58,-15,15
80086,80,88,-8,8
80087,73,82,-9,9
80088,86,84,2,2
80089,89,122,-33,33
80090,77,89,-12,12
80091,59,65,-6,6
80092,64,90,-26,26
80093,82,77,5,5
80094,47,61,-14,14
80095,99,86,13,13
80096,104,105,-1,1
80097,62,71,-9,9
80098,70,75,-5,5
80099,65,74,-9,9
80100,79,72,7,7
80101,86,85,1,1
80102,105,104,1,1
80103,91,93,-2,2
80104,117,114,3,3
80105,43,63,-20,20
80106,171,164,7,7
80107,115,115,0,0
80108,111,112,-1,1
80109,73,81,-8,8
80110,118,112,6,6
80111,84,95,-11,11
80112,96,101,-5,5
80113,115,107,8,8
80114,172,142,30,30
80115,138,124,14,14
80116,130,113,17,17
80117,142,140,2,2
80118,92,90,2,2
80119,71,69,2,2
80120,42,42,0,0
80121,93,92,1,1
80122,116,102,14,14
80123,90,79,11,11
80124,74,78,-4,4
80125,56,59,-3,3
80126,139,118,21,21
80127,76,83,-7,7
80128,97,98,-1,1
80129,88,93,-5,5
80130,70,70,0,0
80131,148,146,2,2
80132,70,63,7,7
80133,112,112,0,0
80134,81,72,9,9
80135,52,63,-11,11
80136,95,102,-7,7
80137,80,82,-2,2
80138,46,55,-9,9
80139,50,50,0,0
80140,129,120,9,9
80141,90,94,-4,4
80142,132,121,11,11
80143,143,138,5,5
80144,130,142,-12,12
80145,147,137,10,10
80146,103,99,4,4
80147,61,70,-9,9
80148,88,95,-7,7
80149,158,147,11,11
80150,50,61,-11,11
80151,115,108,7,7
80152,86,80,6,6
80153,95,89,6,6
80154,135,151,-16,16
80155,84,92,-8,8
80156,116,140,-24,24
80157,31,58,-27,27
80158,86,94,-8,8
80159,87,76,11,11
80160,99,92,7,7
80161,61,77,-16,16
80162,66,60,6,6
80163,99,90,9,9
80164,83,66,17,17
80165,63,57,6,6
80166,85,79,6,6
80167,90,94,-4,4
80168,114,113,1,1
80169,77,78,-1,1
80170,74,91,-17,17
80171,85,80,5,5
80172,49,90,-41,41
80173,29,47,-18,18
80174,77,74,3,3
80175,70,80,-10,10
80176,72,76,-4,4
80177,67,80,-13,13
80178,73,70,3,3
80179,112,95,17,17
80180,153,156,-3,3
80181,120,123,-3,3
80182,96,100,-4,4
80183,104,103,1,1
80184,74,79,-5,5
80185,50,54,-4,4
80186,74,76,-2,2
80187,91,90,1,1
80188,100,98,2,2
80189,45,63,-18,18
80190,96,99,-3,3
80191,57,60,-3,3
80192,117,113,4,4
80193,116,105,11,11
80194,117,120,-3,3
80195,85,90,-5,5
80196,90,99,-9,9
80197,120,104,16,16
80198,63,75,-12,12
80199,131,147,-16,16
80200,55,60,-5,5
80201,159,168,-9,9
80202,95,87,8,8
80203,91,90,1,1
80204,52,55,-3,3
80205,73,54,19,19
80206,107,97,10,10
80207,73,71,2,2
80208,144,137,7,7
80209,101,115,-14,14
80210,84,73,11,11
80211,72,80,-8,8
80212,100,110,-10,10
80213,57,62,-5,5
80214,89,77,12,12
80215,85,84,1,1
80216,136,129,7,7
80217,104,105,-1,1
80218,180,167,13,13
80219,88,85,3,3
80220,81,91,-10,10
80221,98,98,0,0
80222,63,69,-6,6
80223,81,91,-10,10
80224,132,136,-4,4
80225,139,130,9,9
80226,156,147,9,9
80227,94,94,0,0
80228,113,116,-3,3
80229,155,173,-18,18
80230,106,95,11,11
80231,71,74,-3,3
80232,98,100,-2,2
80233,48,166,-118,118
80234,54,70,-16,16
80235,86,76,10,10
80236,103,100,3,3
80237,148,129,19,19
80238,73,73,0,0
80239,135,136,-1,1
80240,93,95,-2,2
80241,137,140,-3,3
80242,82,85,-3,3
80243,78,71,7,7
80244,95,100,-5,5
80245,74,77,-3,3
80246,95,91,4,4
80247,64,64,0,0
80248,100,102,-2,2
80249,95,108,-13,13
80250,28,47,-19,19
80251,38,51,-13,13
80252,92,92,0,0
80253,134,133,1,1
80254,68,65,3,3
80255,117,116,1,1
80256,118,111,7,7
80257,79,73,6,6
80258,61,67,-6,6
80259,132,123,9,9
80260,98,111,-13,13
80261,70,81,-11,11
80262,117,110,7,7
80263,61,54,7,7
80264,69,81,-12,12
80265,76,68,8,8
80266,56,67,-11,11
80267,108,107,1,1
80268,70,73,-3,3
80269,53,47,6,6
80270,94,99,-5,5
80271,158,156,2,2
80272,146,143,3,3
80273,94,96,-2,2
80274,48,61,-13,13
80275,85,91,-6,6
80276,117,99,18,18
80277,119,110,9,9
80278,72,75,-3,3
80279,103,101,2,2
80280,85,79,6,6
80281,121,109,12,12
80282,66,76,-10,10
80283,177,189,-12,12
80284,85,76,9,9
80285,151,153,-2,2
80286,57,57,0,0
80287,83,66,17,17
80288,68,75,-7,7
80289,118,119,-1,1
80290,70,60,10,10
80291,30,51,-21,21
80292,94,102,-8,8
80293,68,71,-3,3
80294,153,152,1,1
80295,81,84,-3,3
80296,106,118,-12,12
80297,93,90,3,3
80298,152,150,2,2
80299,117,120,-3,3
80300,121,119,2,2
80301,104,115,-11,11
80302,130,114,16,16
80303,113,105,8,8
80304,108,101,7,7
80305,110,93,17,17
80306,76,88,-12,12
80307,119,120,-1,1
80308,79,71,8,8
80309,96,104,-8,8
80310,74,93,-19,19
80311,71,70,1,1
80312,79,74,5,5
80313,62,61,1,1
80314,67,67,0,0
80315,149,120,29,29
80316,70,74,-4,4
80317,87,82,5,5
80318,302,321,-19,19
80319,51,63,-12,12
80320,73,72,1,1
80321,47,55,-8,8
80322,138,130,8,8
80323,155,147,8,8
80324,67,68,-1,1
80325,118,131,-13,13
80326,73,75,-2,2
80327,67,73,-6,6
80328,43,52,-9,9
80329,101,112,-11,11
80330,89,72,17,17
80331,67,79,-12,12
80332,148,136,12,12
80333,131,132,-1,1
80334,73,69,4,4
80335,135,137,-2,2
80336,71,91,-20,20
80337,71,75,-4,4
80338,108,98,10,10
80339,131,121,10,10
80340,115,124,-9,9
80341,56,59,-3,3
80342,84,83,1,1
80343,92,98,-6,6
80344,38,54,-16,16
80345,134,112,22,22
80346,75,86,-11,11
80347,124,107,17,17
80348,126,121,5,5
80349,103,104,-1,1
80350,57,48,9,9
80351,82,88,-6,6
80352,113,114,-1,1
80353,103,108,-5,5
80354,119,112,7,7
80355,259,337,-78,78
80356,87,85,2,2
80357,180,142,38,38
80358,84,85,-1,1
80359,110,120,-10,10
80360,116,109,7,7
80361,114,115,-1,1
80362,124,137,-13,13
80363,92,78,14,14
80364,86,104,-18,18
80365,85,91,-6,6
80366,65,67,-2,2
80367,73,77,-4,4
80368,72,79,-7,7
80369,108,109,-1,1
80370,47,52,-5,5
80371,96,98,-2,2
80372,66,66,0,0
80373,70,82,-12,12
80374,134,122,12,12
80375,47,54,-7,7
80376,50,58,-8,8
80377,69,77,-8,8
80378,82,86,-4,4
80379,103,114,-11,11
80380,79,80,-1,1
80381,82,85,-3,3
80382,77,91,-14,14
80383,77,71,6,6
80384,99,93,6,6
80385,99,106,-7,7
80386,156,161,-5,5
80387,82,74,8,8
80388,123,114,9,9
80389,75,74,1,1
80390,47,51,-4,4
80391,32,41,-9,9
80392,72,80,-8,8
80393,92,94,-2,2
80394,128,98,30,30
80395,100,100,0,0
80396,78,91,-13,13
80397,141,133,8,8
80398,361,316,45,45
80399,142,141,1,1
80400,28,59,-31,31
80401,53,56,-3,3
80402,80,79,1,1
80403,81,81,0,0
80404,181,149,32,32
80405,55,75,-20,20
80406,81,73,8,8
80407,58,59,-1,1
80408,28,31,-3,3
80409,76,79,-3,3
80410,77,91,-14,14
80411,125,123,2,2
80412,89,96,-7,7
80413,91,97,-6,6
80414,103,105,-2,2
80415,97,97,0,0
80416,90,69,21,21
80417,69,65,4,4
80418,140,140,0,0
80419,59,52,7,7
80420,140,142,-2,2
80421,119,126,-7,7
80422,86,89,-3,3
80423,71,75,-4,4
80424,179,169,10,10
80425,119,101,18,18
80426,115,106,9,9
80427,61,88,-27,27
80428,160,157,3,3
80429,127,115,12,12
80430,186,196,-10,10
80431,95,102,-7,7
80432,73,86,-13,13
80433,86,72,14,14
80434,64,66,-2,2
80435,164,160,4,4
80436,80,79,1,1
80437,107,140,-33,33
80438,138,131,7,7
80439,95,85,10,10
80440,161,144,17,17
80441,81,79,2,2
80442,118,111,7,7
80443,102,101,1,1
80444,79,81,-2,2
80445,83,79,4,4
80446,96,78,18,18
80447,99,92,7,7
80448,101,100,1,1
80449,73,70,3,3
80450,151,154,-3,3
80451,86,91,-5,5
80452,107,100,7,7
80453,102,91,11,11
80454,87,83,4,4
80455,110,105,5,5
80456,75,88,-13,13
80457,68,91,-23,23
80458,88,93,-5,5
80459,84,77,7,7
80460,81,78,3,3
80461,78,77,1,1
80462,73,69,4,4
80463,103,93,10,10
80464,175,167,8,8
80465,122,120,2,2
80466,106,103,3,3
80467,53,51,2,2
80468,120,125,-5,5
80469,135,143,-8,8
80470,96,96,0,0
80471,69,65,4,4
80472,86,78,8,8
80473,94,104,-10,10
80474,46,50,-4,4
80475,93,98,-5,5
80476,111,110,1,1
80477,54,58,-4,4
80478,63,54,9,9
80479,59,70,-11,11
80480,61,52,9,9
80481,68,76,-8,8
80482,140,129,11,11
80483,79,70,9,9
80484,148,139,9,9
80485,114,124,-10,10
80486,77,91,-14,14
80487,95,79,16,16
80488,53,48,5,5
80489,102,120,-18,18
80490,150,151,-1,1
80491,142,125,17,17
80492,123,137,-14,14
80493,85,98,-13,13
80494,86,85,1,1
80495,106,94,12,12
80496,123,112,11,11
80497,99,97,2,2
80498,78,72,6,6
80499,74,71,3,3
80500,83,86,-3,3
80501,68,103,-35,35
80502,100,104,-4,4
80503,71,73,-2,2
80504,85,76,9,9
80505,105,102,3,3
80506,132,124,8,8
80507,109,89,20,20
80508,95,88,7,7
80509,101,94,7,7
80510,49,67,-18,18
80511,37,41,-4,4
80512,80,92,-12,12
80513,66,52,14,14
80514,70,73,-3,3
80515,93,88,5,5
80516,54,64,-10,10
80517,99,105,-6,6
80518,100,101,-1,1
80519,143,132,11,11
80520,67,60,7,7
80521,69,76,-7,7
80522,72,89,-17,17
80523,88,89,-1,1
80524,116,100,16,16
80525,103,100,3,3
80526,129,127,2,2
80527,112,113,-1,1
80528,47,49,-2,2
80529,80,76,4,4
80530,87,84,3,3
80531,102,98,4,4
80532,111,113,-2,2
80533,113,112,1,1
80534,85,79,6,6
80535,57,67,-10,10
80536,110,98,12,12
80537,91,98,-7,7
80538,127,126,1,1
80539,71,74,-3,3
80540,110,98,12,12
80541,143,136,7,7
80542,90,98,-8,8
80543,122,109,13,13
80544,124,117,7,7
80545,53,59,-6,6
80546,77,78,-1,1
80547,35,27,8,8
80548,63,73,-10,10
80549,115,107,8,8
80550,128,124,4,4
80551,99,101,-2,2
80552,90,104,-14,14
80553,80,77,3,3
80554,98,95,3,3
80555,95,95,0,0
80556,138,138,0,0
80557,84,82,2,2
80558,129,133,-4,4
80559,101,97,4,4
80560,109,101,8,8
80561,142,143,-1,1
80562,72,55,17,17
80563,110,104,6,6
80564,52,55,-3,3
80565,66,91,-25,25
80566,69,71,-2,2
80567,79,64,15,15
80568,69,58,11,11
80569,97,100,-3,3
80570,96,90,6,6
80571,105,97,8,8
80572,144,143,1,1
80573,129,116,13,13
80574,75,77,-2,2
80575,111,95,16,16
80576,149,138,11,11
80577,110,119,-9,9
80578,73,70,3,3
80579,58,66,-8,8
80580,47,56,-9,9
80581,82,82,0,0
80582,70,83,-13,13
80583,124,121,3,3
80584,78,80,-2,2
80585,136,123,13,13
80586,147,152,-5,5
80587,84,97,-13,13
80588,121,117,4,4
80589,63,56,7,7
80590,94,91,3,3
80591,125,126,-1,1
80592,82,94,-12,12
80593,158,136,22,22
80594,67,72,-5,5
80595,61,66,-5,5
80596,119,125,-6,6
80597,65,76,-11,11
80598,86,93,-7,7
80599,98,78,20,20
80600,143,139,4,4
80601,105,107,-2,2
80602,113,132,-19,19
80603,77,81,-4,4
80604,107,115,-8,8
80605,58,57,1,1
80606,145,147,-2,2
80607,52,74,-22,22
80608,109,107,2,2
80609,71,71,0,0
80610,64,69,-5,5
80611,129,125,4,4
80612,83,93,-10,10
80613,40,58,-18,18
80614,102,111,-9,9
80615,65,61,4,4
80616,100,93,7,7
80617,131,125,6,6
80618,90,92,-2,2
80619,92,100,-8,8
80620,67,78,-11,11
80621,121,118,3,3
80622,126,113,13,13
80623,93,101,-8,8
80624,157,148,9,9
80625,89,89,0,0
80626,53,66,-13,13
80627,96,82,14,14
80628,111,95,16,16
80629,121,111,10,10
80630,67,77,-10,10
80631,59,56,3,3
80632,88,91,-3,3
80633,71,83,-12,12
80634,57,50,7,7
80635,118,106,12,12
80636,78,73,5,5
80637,118,121,-3,3
80638,85,86,-1,1
80639,102,100,2,2
80640,69,75,-6,6
80641,179,175,4,4
80642,94,106,-12,12
80643,100,95,5,5
80644,91,84,7,7
80645,139,139,0,0
80646,77,81,-4,4
80647,64,62,2,2
80648,64,69,-5,5
80649,137,128,9,9
80650,113,116,-3,3
80651,93,85,8,8
80652,100,103,-3,3
80653,88,85,3,3
80654,87,90,-3,3
80655,144,149,-5,5
80656,41,51,-10,10
80657,51,60,-9,9
80658,78,75,3,3
80659,72,71,1,1
80660,66,56,10,10
80661,58,64,-6,6
80662,123,126,-3,3
80663,90,78,12,12
80664,56,52,4,4
80665,98,88,10,10
80666,91,83,8,8
80667,126,114,12,12
80668,68,60,8,8
80669,117,109,8,8
80670,46,49,-3,3
80671,71,67,4,4
80672,111,106,5,5
80673,89,88,1,1
80674,58,66,-8,8
80675,104,99,5,5
80676,110,106,4,4
80677,101,102,-1,1
80678,203,243,-40,40
80679,90,105,-15,15
80680,82,78,4,4
80681,133,118,15,15
80682,67,59,8,8
80683,75,77,-2,2
80684,90,83,7,7
80685,91,82,9,9
80686,91,92,-1,1
80687,67,107,-40,40
80688,122,115,7,7
80689,59,65,-6,6
80690,40,50,-10,10
80691,104,102,2,2
80692,118,117,1,1
80693,92,85,7,7
80694,157,167,-10,10
80695,65,70,-5,5
80696,60,74,-14,14
80697,100,95,5,5
80698,31,35,-4,4
80699,94,93,1,1
80700,45,53,-8,8
80701,109,108,1,1
80702,85,76,9,9
80703,86,92,-6,6
80704,185,169,16,16
80705,97,100,-3,3
80706,69,51,18,18
80707,194,192,2,2
80708,63,81,-18,18
80709,141,134,7,7
80710,87,74,13,13
80711,131,125,6,6
80712,152,136,16,16
80713,96,90,6,6
80714,111,116,-5,5
80715,92,84,8,8
80716,108,100,8,8
80717,83,82,1,1
80718,52,55,-3,3
80719,103,105,-2,2
80720,189,180,9,9
80721,80,63,17,17
80722,149,140,9,9
80723,146,139,7,7
80724,66,62,4,4
80725,38,39,-1,1
80726,124,126,-2,2
80727,55,60,-5,5
80728,141,128,13,13
80729,83,114,-31,31
80730,144,160,-16,16
80731,127,129,-2,2
80732,80,70,10,10
80733,125,123,2,2
80734,115,120,-5,5
80735,79,74,5,5
80736,73,77,-4,4
80737,92,79,13,13
80738,84,89,-5,5
80739,103,99,4,4
80740,104,114,-10,10
80741,101,108,-7,7
80742,92,89,3,3
80743,169,152,17,17
80744,53,69,-16,16
80745,114,103,11,11
80746,138,142,-4,4
80747,86,88,-2,2
80748,85,83,2,2
80749,147,142,5,5
80750,58,57,1,1
80751,128,118,10,10
80752,65,73,-8,8
80753,89,91,-2,2
80754,95,102,-7,7
80755,84,86,-2,2
80756,115,106,9,9
80757,142,133,9,9
80758,120,119,1,1
80759,102,109,-7,7
80760,121,142,-21,21
80761,48,57,-9,9
80762,127,108,19,19
80763,76,76,0,0
80764,133,133,0,0
80765,108,99,9,9
80766,67,64,3,3
80767,33,37,-4,4
80768,148,128,20,20
80769,115,91,24,24
80770,68,91,-23,23
80771,132,134,-2,2
80772,167,150,17,17
80773,145,149,-4,4
80774,126,130,-4,4
80775,72,79,-7,7
80776,108,113,-5,5
80777,75,78,-3,3
80778,66,75,-9,9
80779,72,66,6,6
80780,99,89,10,10
80781,67,69,-2,2
80782,113,117,-4,4
80783,108,107,1,1
80784,94,87,7,7
80785,57,67,-10,10
80786,97,101,-4,4
80787,64,66,-2,2
80788,127,128,-1,1
80789,90,93,-3,3
80790,185,186,-1,1
80791,110,96,14,14
80792,59,61,-2,2
80793,119,123,-4,4
80794,88,103,-15,15
80795,196,184,12,12
80796,95,102,-7,7
80797,69,83,-14,14
80798,159,148,11,11
80799,66,85,-19,19
80800,100,82,18,18
80801,90,101,-11,11
80802,71,73,-2,2
80803,63,60,3,3
80804,104,99,5,5
80805,64,72,-8,8
80806,67,66,1,1
80807,71,74,-3,3
80808,155,142,13,13
80809,89,80,9,9
80810,128,128,0,0
80811,95,101,-6,6
80812,51,56,-5,5
80813,118,110,8,8
80814,102,101,1,1
80815,124,128,-4,4
80816,68,71,-3,3
80817,50,50,0,0
80818,86,93,-7,7
80819,89,94,-5,5
80820,113,97,16,16
80821,126,136,-10,10
80822,64,64,0,0
80823,120,117,3,3
80824,62,51,11,11
80825,73,82,-9,9
80826,145,145,0,0
80827,63,62,1,1
80828,80,93,-13,13
80829,82,88,-6,6
80830,41,49,-8,8
80831,93,103,-10,10
80832,107,101,6,6
80833,60,61,-1,1
80834,93,92,1,1
80835,97,106,-9,9
80836,90,87,3,3
80837,111,120,-9,9
80838,57,58,-1,1
80839,75,69,6,6
80840,54,65,-11,11
80841,55,70,-15,15
80842,84,90,-6,6
80843,95,98,-3,3
80844,101,89,12,12
80845,91,92,-1,1
80846,65,65,0,0
80847,59,62,-3,3
80848,112,104,8,8
80849,164,151,13,13
80850,61,63,-2,2
80851,75,75,0,0
80852,149,137,12,12
80853,152,130,22,22
80854,65,73,-8,8
80855,90,85,5,5
80856,96,99,-3,3
80857,105,98,7,7
80858,75,84,-9,9
80859,61,65,-4,4
80860,102,99,3,3
80861,96,85,11,11
80862,96,87,9,9
80863,89,84,5,5
80864,100,99,1,1
80865,96,83,13,13
80866,57,72,-15,15
80867,67,67,0,0
80868,148,139,9,9
80869,108,106,2,2
80870,50,44,6,6
80871,151,139,12,12
80872,72,81,-9,9
80873,55,59,-4,4
80874,166,133,33,33
80875,75,75,0,0
80876,154,139,15,15
80877,71,74,-3,3
80878,77,71,6,6
80879,72,66,6,6
80880,79,80,-1,1
80881,166,144,22,22
80882,72,64,8,8
80883,91,82,9,9
80884,80,83,-3,3
80885,111,89,22,22
80886,81,83,-2,2
80887,74,68,6,6
80888,129,119,10,10
80889,120,112,8,8
80890,79,78,1,1
80891,95,113,-18,18
80892,82,84,-2,2
80893,124,124,0,0
80894,73,64,9,9
80895,328,498,-170,170
80896,95,91,4,4
80897,90,76,14,14
80898,105,105,0,0
80899,131,129,2,2
80900,96,100,-4,4
80901,64,65,-1,1
80902,129,111,18,18
80903,84,80,4,4
80904,126,124,2,2
80905,132,130,2,2
80906,108,109,-1,1
80907,74,72,2,2
80908,122,115,7,7
80909,96,107,-11,11
80910,172,178,-6,6
80911,150,148,2,2
80912,82,81,1,1
80913,119,118,1,1
80914,42,42,0,0
80915,125,115,10,10
80916,47,46,1,1
80917,78,72,6,6
80918,51,61,-10,10
80919,56,60,-4,4
80920,100,99,1,1
80921,105,98,7,7
80922,241,215,26,26
80923,148,135,13,13
80924,49,52,-3,3
80925,116,114,2,2
80926,45,45,0,0
80927,89,84,5,5
80928,83,86,-3,3
80929,106,102,4,4
80930,84,89,-5,5
80931,82,78,4,4
80932,69,74,-5,5
80933,87,82,5,5
80934,85,101,-16,16
80935,75,63,12,12
80936,142,144,-2,2
80937,84,99,-15,15
80938,112,104,8,8
80939,74,77,-3,3
80940,82,90,-8,8
80941,96,98,-2,2
80942,106,102,4,4
80943,41,54,-13,13
80944,70,50,20,20
80945,62,73,-11,11
80946,108,108,0,0
80947,115,103,12,12
80948,79,80,-1,1
80949,101,103,-2,2
80950,73,67,6,6
80951,69,72,-3,3
80952,42,53,-11,11
80953,130,123,7,7
80954,74,72,2,2
80955,69,68,1,1
80956,112,112,0,0
80957,95,106,-11,11
80958,56,67,-11,11
80959,98,145,-47,47
80960,93,95,-2,2
80961,93,83,10,10
80962,99,106,-7,7
80963,137,122,15,15
80964,127,122,5,5
80965,82,86,-4,4
80966,58,73,-15,15
80967,83,74,9,9
80968,130,121,9,9
80969,99,83,16,16
80970,134,137,-3,3
80971,134,118,16,16
80972,73,71,2,2
80973,98,112,-14,14
80974,56,55,1,1
80975,106,108,-2,2
80976,157,140,17,17
80977,70,85,-15,15
80978,105,100,5,5
80979,108,122,-14,14
80980,65,73,-8,8
80981,82,74,8,8
80982,75,78,-3,3
80983,88,91,-3,3
80984,79,80,-1,1
80985,85,93,-8,8
80986,98,90,8,8
80987,70,63,7,7
80988,132,140,-8,8
80989,121,111,10,10
80990,120,143,-23,23
80991,131,122,9,9
80992,100,106,-6,6
80993,103,91,12,12
80994,89,98,-9,9
80995,87,89,-2,2
80996,63,67,-4,4
80997,101,88,13,13
80998,80,66,14,14
80999,60,55,5,5
81000,53,57,-4,4
81001,147,124,23,23
81002,83,90,-7,7
81003,91,88,3,3
81004,120,111,9,9
81005,79,75,4,4
81006,66,56,10,10
81007,126,106,20,20
81008,155,138,17,17
81009,73,74,-1,1
81010,75,71,4,4
81011,110,106,4,4
81012,87,88,-1,1
81013,92,88,4,4
81014,133,127,6,6
81015,100,92,8,8
81016,89,94,-5,5
81017,73,92,-19,19
81018,56,48,8,8
81019,117,117,0,0
81020,77,63,14,14
81021,58,58,0,0
81022,132,125,7,7
81023,149,129,20,20
81024,60,56,4,4
81025,88,83,5,5
81026,118,109,9,9
81027,71,78,-7,7
81028,158,146,12,12
81029,143,125,18,18
81030,63,64,-1,1
81031,49,63,-14,14
81032,111,106,5,5
81033,121,122,-1,1
81034,97,92,5,5
81035,116,109,7,7
81036,58,61,-3,3
81037,66,49,17,17
81038,63,56,7,7
81039,54,57,-3,3
81040,83,87,-4,4
81041,66,65,1,1
81042,48,56,-8,8
81043,69,79,-10,10
81044,39,57,-18,18
81045,158,135,23,23
81046,48,58,-10,10
81047,63,69,-6,6
81048,93,92,1,1
81049,87,98,-11,11
81050,64,71,-7,7
81051,148,126,22,22
81052,58,56,2,2
81053,51,61,-10,10
81054,53,57,-4,4
81055,138,137,1,1
81056,75,86,-11,11
81057,94,91,3,3
81058,49,64,-15,15
81059,132,133,-1,1
81060,98,97,1,1
81061,97,98,-1,1
81062,100,94,6,6
81063,107,104,3,3
81064,65,61,4,4
81065,67,62,5,5
81066,54,58,-4,4
81067,123,123,0,0
81068,133,110,23,23
81069,105,129,-24,24
81070,91,89,2,2
81071,121,127,-6,6
81072,81,98,-17,17
81073,59,72,-13,13
81074,154,139,15,15
81075,85,90,-5,5
81076,80,89,-9,9
81077,181,189,-8,8
81078,112,107,5,5
81079,80,76,4,4
81080,140,121,19,19
81081,92,78,14,14
81082,87,79,8,8
81083,62,87,-25,25
81084,136,124,12,12
81085,74,71,3,3
81086,74,66,8,8
81087,45,42,3,3
81088,87,85,2,2
81089,81,78,3,3
81090,37,37,0,0
81091,73,76,-3,3
81092,81,87,-6,6
81093,119,108,11,11
81094,139,129,10,10
81095,106,113,-7,7
81096,105,100,5,5
81097,129,126,3,3
81098,97,106,-9,9
81099,94,113,-19,19
81100,89,114,-25,25
81101,84,84,0,0
81102,182,160,22,22
81103,44,48,-4,4
81104,98,86,12,12
81105,83,80,3,3
81106,159,143,16,16
81107,61,67,-6,6
81108,145,129,16,16
81109,113,139,-26,26
81110,74,76,-2,2
81111,44,49,-5,5
81112,70,84,-14,14
81113,87,112,-25,25
81114,156,131,25,25
81115,78,75,3,3
81116,99,71,28,28
81117,120,116,4,4
81118,100,119,-19,19
81119,90,92,-2,2
81120,90,92,-2,2
81121,126,125,1,1
81122,59,52,7,7
81123,82,83,-1,1
81124,71,87,-16,16
81125,87,72,15,15
81126,72,74,-2,2
81127,112,103,9,9
81128,65,63,2,2
81129,68,70,-2,2
81130,62,74,-12,12
81131,130,120,10,10
81132,60,67,-7,7
81133,100,108,-8,8
81134,48,58,-10,10
81135,97,94,3,3
81136,85,78,7,7
81137,143,127,16,16
81138,112,104,8,8
81139,70,68,2,2
81140,107,125,-18,18
81141,103,98,5,5
81142,79,75,4,4
81143,65,56,9,9
81144,74,68,6,6
81145,62,70,-8,8
81146,146,144,2,2
81147,138,149,-11,11
81148,109,110,-1,1
81149,57,60,-3,3
81150,81,86,-5,5
81151,100,97,3,3
81152,55,63,-8,8
81153,71,70,1,1
81154,137,116,21,21
81155,173,169,4,4
81156,53,46,7,7
81157,69,66,3,3
81158,115,107,8,8
81159,71,72,-1,1
81160,129,122,7,7
81161,142,131,11,11
81162,48,62,-14,14
81163,77,88,-11,11
81164,81,91,-10,10
81165,103,100,3,3
81166,75,75,0,0
81167,86,86,0,0
81168,105,109,-4,4
81169,61,59,2,2
81170,109,100,9,9
81171,98,95,3,3
81172,153,145,8,8
81173,50,71,-21,21
81174,178,161,17,17
81175,85,88,-3,3
81176,118,114,4,4
81177,94,93,1,1
81178,116,104,12,12
81179,92,84,8,8
81180,96,96,0,0
81181,44,44,0,0
81182,96,96,0,0
81183,146,130,16,16
81184,90,68,22,22
81185,86,79,7,7
81186,112,118,-6,6
81187,102,114,-12,12
81188,47,55,-8,8
81189,107,98,9,9
81190,52,66,-14,14
81191,122,119,3,3
81192,84,82,2,2
81193,76,79,-3,3
81194,72,73,-1,1
81195,181,161,20,20
81196,71,72,-1,1
81197,92,99,-7,7
81198,152,145,7,7
81199,133,121,12,12
81200,97,105,-8,8
81201,135,135,0,0
81202,75,84,-9,9
81203,99,107,-8,8
81204,92,124,-32,32
81205,113,128,-15,15
81206,65,63,2,2
81207,100,110,-10,10
81208,124,132,-8,8
81209,82,72,10,10
81210,111,117,-6,6
81211,101,101,0,0
81212,60,58,2,2
81213,141,129,12,12
81214,69,68,1,1
81215,141,150,-9,9
81216,111,95,16,16
81217,169,164,5,5
81218,126,118,8,8
81219,75,77,-2,2
81220,120,107,13,13
81221,141,133,8,8
81222,104,121,-17,17
81223,48,63,-15,15
81224,93,95,-2,2
81225,140,136,4,4
81226,97,88,9,9
81227,110,105,5,5
81228,45,55,-10,10
81229,92,103,-11,11
81230,87,78,9,9
81231,90,83,7,7
81232,68,79,-11,11
81233,64,68,-4,4
81234,59,61,-2,2
81235,135,131,4,4
81236,52,58,-6,6
81237,121,132,-11,11
81238,78,88,-10,10
81239,97,102,-5,5
81240,64,87,-23,23
81241,113,119,-6,6
81242,83,77,6,6
81243,79,73,6,6
81244,77,82,-5,5
81245,56,69,-13,13
81246,156,151,5,5
81247,134,127,7,7
81248,66,71,-5,5
81249,113,120,-7,7
81250,89,91,-2,2
81251,95,109,-14,14
81252,98,99,-1,1
81253,137,148,-11,11
81254,113,102,11,11
81255,173,151,22,22
81256,122,115,7,7
81257,92,93,-1,1
81258,142,122,20,20
81259,82,72,10,10
81260,42,47,-5,5
81261,116,136,-20,20
81262,89,82,7,7
81263,140,128,12,12
81264,130,116,14,14
81265,80,83,-3,3
81266,113,118,-5,5
81267,60,65,-5,5
81268,143,198,-55,55
81269,86,83,3,3
81270,126,117,9,9
81271,75,74,1,1
81272,120,112,8,8
81273,125,107,18,18
81274,195,177,18,18
81275,71,75,-4,4
81276,131,140,-9,9
81277,111,102,9,9
81278,89,96,-7,7
81279,93,84,9,9
81280,80,81,-1,1
81281,80,72,8,8
81282,46,50,-4,4
81283,134,131,3,3
81284,83,77,6,6
81285,145,143,2,2
81286,80,80,0,0
81287,82,70,12,12
81288,86,80,6,6
81289,62,72,-10,10
81290,46,54,-8,8
81291,112,115,-3,3
81292,99,97,2,2
81293,145,150,-5,5
81294,166,173,-7,7
81295,45,59,-14,14
81296,126,110,16,16
81297,89,99,-10,10
81298,99,102,-3,3
81299,77,86,-9,9
81300,119,104,15,15
81301,93,119,-26,26
81302,102,106,-4,4
81303,62,52,10,10
81304,57,59,-2,2
81305,63,66,-3,3
81306,56,61,-5,5
81307,137,128,9,9
81308,101,93,8,8
81309,90,79,11,11
81310,136,128,8,8
81311,70,63,7,7
81312,81,79,2,2
81313,66,64,2,2
81314,93,96,-3,3
81315,73,70,3,3
81316,90,87,3,3
81317,83,86,-3,3
81318,89,98,-9,9
81319,103,105,-2,2
81320,105,101,4,4
81321,83,93,-10,10
81322,115,111,4,4
81323,99,115,-16,16
81324,85,86,-1,1
81325,73,84,-11,11
81326,80,88,-8,8
81327,49,52,-3,3
81328,80,85,-5,5
81329,63,68,-5,5
81330,33,39,-6,6
81331,178,186,-8,8
81332,105,132,-27,27
81333,41,53,-12,12
81334,92,99,-7,7
81335,98,87,11,11
81336,71,75,-4,4
81337,30,34,-4,4
81338,62,64,-2,2
81339,126,153,-27,27
81340,102,108,-6,6
81341,122,116,6,6
81342,79,79,0,0
81343,152,137,15,15
81344,159,137,22,22
81345,161,156,5,5
81346,71,67,4,4
81347,84,86,-2,2
81348,118,109,9,9
81349,73,68,5,5
81350,118,118,0,0
81351,102,91,11,11
81352,69,90,-21,21
81353,101,84,17,17
81354,127,126,1,1
81355,84,75,9,9
81356,40,40,0,0
81357,70,66,4,4
81358,135,125,10,10
81359,77,75,2,2
81360,78,72,6,6
81361,70,73,-3,3
81362,73,82,-9,9
81363,85,78,7,7
81364,106,95,11,11
81365,151,137,14,14
81366,153,156,-3,3
81367,133,125,8,8
81368,121,113,8,8
81369,110,110,0,0
81370,71,85,-14,14
81371,98,96,2,2
81372,126,133,-7,7
81373,86,95,-9,9
81374,77,75,2,2
81375,198,191,7,7
81376,133,124,9,9
81377,124,123,1,1
81378,90,85,5,5
81379,60,62,-2,2
81380,80,96,-16,16
81381,47,54,-7,7
81382,82,79,3,3
81383,119,98,21,21
81384,66,66,0,0
81385,136,123,13,13
81386,141,138,3,3
81387,50,59,-9,9
81388,71,76,-5,5
81389,98,94,4,4
81390,121,110,11,11
81391,81,92,-11,11
81392,117,114,3,3
81393,112,115,-3,3
81394,94,106,-12,12
81395,55,64,-9,9
81396,97,115,-18,18
81397,92,99,-7,7
81398,137,134,3,3
81399,54,61,-7,7
81400,140,138,2,2
81401,138,133,5,5
81402,85,89,-4,4
81403,84,90,-6,6
81404,104,102,2,2
81405,113,111,2,2
81406,109,116,-7,7
81407,76,93,-17,17
81408,79,88,-9,9
81409,65,61,4,4
81410,81,77,4,4
81411,131,114,17,17
81412,204,185,19,19
81413,77,73,4,4
81414,161,171,-10,10
81415,97,99,-2,2
81416,110,88,22,22
81417,76,68,8,8
81418,70,62,8,8
81419,122,120,2,2
81420,52,63,-11,11
81421,121,119,2,2
81422,89,86,3,3
81423,99,103,-4,4
81424,62,63,-1,1
81425,117,115,2,2
81426,92,101,-9,9
81427,169,163,6,6
81428,122,111,11,11
81429,88,98,-10,10
81430,94,94,0,0
81431,163,136,27,27
81432,72,70,2,2
81433,87,99,-12,12
81434,104,113,-9,9
81435,51,56,-5,5
81436,57,59,-2,2
81437,149,142,7,7
81438,87,91,-4,4
81439,109,113,-4,4
81440,120,116,4,4
81441,79,79,0,0
81442,129,121,8,8
81443,162,139,23,23
81444,133,128,5,5
81445,82,85,-3,3
81446,110,103,7,7
81447,180,164,16,16
81448,104,111,-7,7
81449,134,129,5,5
81450,114,108,6,6
81451,130,124,6,6
81452,94,98,-4,4
81453,182,164,18,18
81454,93,92,1,1
81455,74,79,-5,5
81456,66,68,-2,2
81457,164,343,-179,179
81458,125,196,-71,71
81459,74,84,-10,10
81460,148,143,5,5
81461,69,65,4,4
81462,98,98,0,0
81463,71,69,2,2
81464,107,104,3,3
81465,133,123,10,10
81466,72,70,2,2
81467,68,71,-3,3
81468,97,84,13,13
81469,185,158,27,27
81470,184,176,8,8
81471,106,115,-9,9
81472,143,142,1,1
81473,82,96,-14,14
81474,47,56,-9,9
81475,82,74,8,8
81476,97,87,10,10
81477,58,68,-10,10
81478,115,99,16,16
81479,137,123,14,14
81480,112,112,0,0
81481,101,93,8,8
81482,56,56,0,0
81483,80,81,-1,1
81484,79,68,11,11
81485,186,161,25,25
81486,79,77,2,2
81487,80,74,6,6
81488,85,79,6,6
81489,123,112,11,11
81490,94,79,15,15
81491,71,80,-9,9
81492,83,82,1,1
81493,45,57,-12,12
81494,120,182,-62,62
81495,165,153,12,12
81496,73,65,8,8
81497,87,85,2,2
81498,80,79,1,1
81499,132,141,-9,9
81500,82,80,2,2
81501,77,74,3,3
81502,62,67,-5,5
81503,74,73,1,1
81504,87,90,-3,3
81505,142,129,13,13
81506,119,113,6,6
81507,62,95,-33,33
