,original,predict,differ,abs
0,67,70,-3,3
1,58,59,-1,1
2,88,82,6,6
3,183,162,21,21
4,81,74,7,7
5,88,84,4,4
6,83,83,0,0
7,183,122,61,61
8,81,74,7,7
9,117,108,9,9
10,64,54,10,10
11,59,63,-4,4
12,74,68,6,6
13,100,99,1,1
14,103,95,8,8
15,66,65,1,1
16,97,89,8,8
17,120,97,23,23
18,79,75,4,4
19,110,108,2,2
20,217,184,33,33
21,156,139,17,17
22,97,82,15,15
23,101,110,-9,9
24,82,73,9,9
25,127,108,19,19
26,112,103,9,9
27,191,157,34,34
28,48,45,3,3
29,106,106,0,0
30,133,122,11,11
31,57,57,0,0
32,108,94,14,14
33,89,75,14,14
34,50,59,-9,9
35,62,49,13,13
36,102,91,11,11
37,55,51,4,4
38,89,97,-8,8
39,96,97,-1,1
40,70,68,2,2
41,115,109,6,6
42,82,78,4,4
43,102,94,8,8
44,167,134,33,33
45,82,83,-1,1
46,118,117,1,1
47,85,74,11,11
48,93,87,6,6
49,111,87,24,24
50,77,68,9,9
51,136,122,14,14
52,109,90,19,19
53,85,87,-2,2
54,133,114,19,19
55,138,117,21,21
56,100,111,-11,11
57,130,118,12,12
58,96,94,2,2
59,58,56,2,2
60,115,105,10,10
61,73,73,0,0
62,135,113,22,22
63,177,159,18,18
64,96,94,2,2
65,77,76,1,1
66,84,81,3,3
67,105,89,16,16
68,193,172,21,21
69,143,132,11,11
70,111,94,17,17
71,104,85,19,19
72,265,227,38,38
73,88,84,4,4
74,78,76,2,2
75,58,57,1,1
76,86,78,8,8
77,59,60,-1,1
78,139,128,11,11
79,96,87,9,9
80,90,82,8,8
81,83,77,6,6
82,133,121,12,12
83,141,127,14,14
84,72,64,8,8
85,75,69,6,6
86,43,41,2,2
87,68,67,1,1
88,170,127,43,43
89,92,92,0,0
90,64,82,-18,18
91,101,101,0,0
92,82,73,9,9
93,81,71,10,10
94,75,70,5,5
95,99,90,9,9
96,45,54,-9,9
97,186,170,16,16
98,127,131,-4,4
99,100,96,4,4
100,66,63,3,3
101,129,103,26,26
102,107,105,2,2
103,128,115,13,13
104,90,78,12,12
105,68,65,3,3
106,107,100,7,7
107,90,80,10,10
108,89,85,4,4
109,70,68,2,2
110,174,137,37,37
111,90,77,13,13
112,76,74,2,2
113,67,61,6,6
114,76,82,-6,6
115,168,148,20,20
116,91,82,9,9
117,103,96,7,7
118,91,82,9,9
119,67,70,-3,3
120,118,113,5,5
121,51,51,0,0
122,76,74,2,2
123,110,108,2,2
124,99,87,12,12
125,96,91,5,5
126,169,153,16,16
127,89,89,0,0
128,94,94,0,0
129,123,124,-1,1
130,186,161,25,25
131,132,119,13,13
132,102,83,19,19
133,78,77,1,1
134,129,107,22,22
135,116,95,21,21
136,136,119,17,17
137,131,121,10,10
138,105,97,8,8
139,69,65,4,4
140,66,59,7,7
141,127,110,17,17
142,127,118,9,9
143,66,75,-9,9
144,112,112,0,0
145,115,100,15,15
146,98,83,15,15
147,69,63,6,6
148,93,77,16,16
149,121,118,3,3
150,92,89,3,3
151,73,67,6,6
152,139,124,15,15
153,80,78,2,2
154,89,87,2,2
155,67,61,6,6
156,66,62,4,4
157,81,81,0,0
158,59,58,1,1
159,128,121,7,7
160,109,105,4,4
161,50,50,0,0
162,74,65,9,9
163,80,79,1,1
164,132,123,9,9
165,51,51,0,0
166,115,104,11,11
167,70,84,-14,14
168,159,132,27,27
169,151,143,8,8
170,94,87,7,7
171,81,89,-8,8
172,77,76,1,1
173,42,37,5,5
174,135,122,13,13
175,106,94,12,12
176,50,51,-1,1
177,162,130,32,32
178,130,105,25,25
179,120,96,24,24
180,84,84,0,0
181,76,76,0,0
182,67,64,3,3
183,75,67,8,8
184,39,38,1,1
185,119,98,21,21
186,55,59,-4,4
187,90,79,11,11
188,124,116,8,8
189,171,156,15,15
190,70,66,4,4
191,137,125,12,12
192,127,124,3,3
193,143,139,4,4
194,195,150,45,45
195,112,99,13,13
196,43,48,-5,5
197,114,103,11,11
198,111,102,9,9
199,80,77,3,3
200,128,102,26,26
201,176,162,14,14
202,64,59,5,5
203,142,125,17,17
204,100,86,14,14
205,63,56,7,7
206,145,122,23,23
207,101,89,12,12
208,78,72,6,6
209,98,87,11,11
210,147,136,11,11
211,50,51,-1,1
212,70,63,7,7
213,175,154,21,21
214,87,93,-6,6
215,87,75,12,12
216,108,114,-6,6
217,67,62,5,5
218,95,92,3,3
219,89,91,-2,2
220,135,126,9,9
221,79,83,-4,4
222,43,49,-6,6
223,195,147,48,48
224,83,82,1,1
225,81,84,-3,3
226,63,67,-4,4
227,119,107,12,12
228,98,91,7,7
229,44,50,-6,6
230,47,53,-6,6
231,87,66,21,21
232,90,77,13,13
233,62,58,4,4
234,103,91,12,12
235,140,131,9,9
236,114,107,7,7
237,57,66,-9,9
238,81,73,8,8
239,74,92,-18,18
240,61,67,-6,6
241,43,42,1,1
242,55,57,-2,2
243,100,85,15,15
244,124,103,21,21
245,107,99,8,8
246,121,116,5,5
247,86,89,-3,3
248,146,125,21,21
249,147,137,10,10
250,47,40,7,7
251,124,105,19,19
252,89,85,4,4
253,50,56,-6,6
254,110,104,6,6
255,158,140,18,18
256,86,77,9,9
257,102,97,5,5
258,107,103,4,4
259,64,59,5,5
260,136,120,16,16
261,125,103,22,22
262,115,97,18,18
263,71,66,5,5
264,80,76,4,4
265,82,81,1,1
266,79,77,2,2
267,102,88,14,14
268,49,55,-6,6
269,109,109,0,0
270,52,53,-1,1
271,72,66,6,6
272,68,70,-2,2
273,151,143,8,8
274,112,102,10,10
275,97,105,-8,8
276,82,86,-4,4
277,72,73,-1,1
278,125,122,3,3
279,128,121,7,7
280,94,89,5,5
281,76,67,9,9
282,71,71,0,0
283,112,104,8,8
284,75,69,6,6
285,77,70,7,7
286,78,68,10,10
287,89,79,10,10
288,88,77,11,11
289,97,89,8,8
290,80,69,11,11
291,67,70,-3,3
292,83,80,3,3
293,85,73,12,12
294,76,67,9,9
295,64,61,3,3
296,107,102,5,5
297,141,137,4,4
298,130,117,13,13
299,51,55,-4,4
300,66,59,7,7
301,75,70,5,5
302,186,146,40,40
303,86,74,12,12
304,141,130,11,11
305,83,74,9,9
306,85,77,8,8
307,148,127,21,21
308,87,79,8,8
309,77,66,11,11
310,27,36,-9,9
311,88,83,5,5
312,92,79,13,13
313,86,86,0,0
314,135,124,11,11
315,77,67,10,10
316,73,71,2,2
317,133,126,7,7
318,51,51,0,0
319,125,108,17,17
320,98,103,-5,5
321,143,126,17,17
322,140,126,14,14
323,87,88,-1,1
324,89,71,18,18
325,69,69,0,0
326,96,73,23,23
327,127,110,17,17
328,79,72,7,7
329,137,115,22,22
330,85,81,4,4
331,84,82,2,2
332,52,59,-7,7
333,77,69,8,8
334,78,80,-2,2
335,104,91,13,13
336,89,88,1,1
337,89,54,35,35
338,56,50,6,6
339,106,82,24,24
340,71,64,7,7
341,132,113,19,19
342,82,71,11,11
343,100,89,11,11
344,51,55,-4,4
345,66,61,5,5
346,85,72,13,13
347,112,104,8,8
348,34,51,-17,17
349,134,110,24,24
350,93,91,2,2
351,114,122,-8,8
352,137,118,19,19
353,88,83,5,5
354,108,106,2,2
355,106,92,14,14
356,146,161,-15,15
357,54,63,-9,9
358,170,128,42,42
359,86,71,15,15
360,110,88,22,22
361,82,73,9,9
362,101,90,11,11
363,64,64,0,0
364,44,50,-6,6
365,84,78,6,6
366,60,57,3,3
367,101,99,2,2
368,120,102,18,18
369,60,57,3,3
370,130,115,15,15
371,41,43,-2,2
372,116,101,15,15
373,58,56,2,2
374,77,70,7,7
375,96,93,3,3
376,88,88,0,0
377,103,93,10,10
378,35,60,-25,25
379,64,59,5,5
380,86,74,12,12
381,89,86,3,3
382,108,98,10,10
383,116,100,16,16
384,82,80,2,2
385,65,64,1,1
386,64,68,-4,4
387,134,118,16,16
388,65,65,0,0
389,77,72,5,5
390,120,112,8,8
391,54,55,-1,1
392,90,84,6,6
393,87,85,2,2
394,97,88,9,9
395,17,31,-14,14
396,69,85,-16,16
397,31,42,-11,11
398,90,83,7,7
399,104,97,7,7
400,97,87,10,10
401,52,54,-2,2
402,81,77,4,4
403,88,80,8,8
404,150,137,13,13
405,103,104,-1,1
406,47,45,2,2
407,119,108,11,11
408,107,106,1,1
409,88,59,29,29
410,85,80,5,5
411,95,93,2,2
412,89,77,12,12
413,87,85,2,2
414,148,124,24,24
415,98,88,10,10
416,148,138,10,10
417,77,76,1,1
418,70,69,1,1
419,64,59,5,5
420,110,120,-10,10
421,143,137,6,6
422,122,153,-31,31
423,82,77,5,5
424,112,101,11,11
425,128,116,12,12
426,148,136,12,12
427,80,72,8,8
428,56,62,-6,6
429,90,84,6,6
430,110,100,10,10
431,88,90,-2,2
432,91,85,6,6
433,99,90,9,9
434,122,107,15,15
435,66,60,6,6
436,106,96,10,10
437,65,56,9,9
438,164,140,24,24
439,68,63,5,5
440,48,64,-16,16
441,88,75,13,13
442,107,103,4,4
443,58,62,-4,4
444,91,83,8,8
445,113,98,15,15
446,107,95,12,12
447,101,88,13,13
448,72,79,-7,7
449,134,120,14,14
450,87,82,5,5
451,64,61,3,3
452,72,65,7,7
453,146,139,7,7
454,110,103,7,7
455,104,95,9,9
456,129,124,5,5
457,134,129,5,5
458,123,113,10,10
459,62,58,4,4
460,71,67,4,4
461,58,61,-3,3
462,88,79,9,9
463,134,125,9,9
464,81,78,3,3
465,77,85,-8,8
466,118,107,11,11
467,131,117,14,14
468,66,64,2,2
469,61,59,2,2
470,43,34,9,9
471,121,112,9,9
472,101,102,-1,1
473,112,94,18,18
474,67,60,7,7
475,88,77,11,11
476,57,51,6,6
477,93,77,16,16
478,77,63,14,14
479,57,60,-3,3
480,55,64,-9,9
481,68,66,2,2
482,118,106,12,12
483,63,65,-2,2
484,110,106,4,4
485,58,57,1,1
486,119,99,20,20
487,110,129,-19,19
488,146,131,15,15
489,50,48,2,2
490,104,95,9,9
491,136,117,19,19
492,145,136,9,9
493,110,90,20,20
494,124,121,3,3
495,117,105,12,12
496,134,118,16,16
497,98,83,15,15
498,104,119,-15,15
499,78,72,6,6
500,100,88,12,12
501,45,51,-6,6
502,108,107,1,1
503,50,54,-4,4
504,69,71,-2,2
505,106,94,12,12
506,66,57,9,9
507,61,63,-2,2
508,96,88,8,8
509,96,85,11,11
510,53,52,1,1
511,93,91,2,2
512,80,69,11,11
513,73,70,3,3
514,70,75,-5,5
515,100,86,14,14
516,137,121,16,16
517,114,106,8,8
518,70,66,4,4
519,55,65,-10,10
520,108,85,23,23
521,138,127,11,11
522,95,88,7,7
523,142,128,14,14
524,83,76,7,7
525,122,106,16,16
526,97,90,7,7
527,56,52,4,4
528,122,111,11,11
529,73,71,2,2
530,69,60,9,9
531,95,93,2,2
532,68,71,-3,3
533,95,83,12,12
534,78,85,-7,7
535,90,84,6,6
536,106,98,8,8
537,42,49,-7,7
538,76,75,1,1
539,157,153,4,4
540,119,106,13,13
541,99,93,6,6
542,61,63,-2,2
543,102,90,12,12
544,92,88,4,4
545,124,104,20,20
546,82,81,1,1
547,76,75,1,1
548,67,67,0,0
549,148,131,17,17
550,74,73,1,1
551,66,66,0,0
552,108,101,7,7
553,64,63,1,1
554,102,94,8,8
555,63,62,1,1
556,66,56,10,10
557,74,66,8,8
558,74,72,2,2
559,67,65,2,2
560,86,88,-2,2
561,81,87,-6,6
562,90,88,2,2
563,47,51,-4,4
564,68,73,-5,5
565,88,72,16,16
566,83,74,9,9
567,76,71,5,5
568,55,52,3,3
569,100,101,-1,1
570,108,112,-4,4
571,178,150,28,28
572,80,75,5,5
573,82,80,2,2
574,149,126,23,23
575,69,68,1,1
576,70,72,-2,2
577,90,96,-6,6
578,91,83,8,8
579,75,62,13,13
580,88,81,7,7
581,134,114,20,20
582,49,53,-4,4
583,51,50,1,1
584,113,101,12,12
585,88,82,6,6
586,53,50,3,3
587,84,70,14,14
588,105,93,12,12
589,85,77,8,8
590,105,93,12,12
591,75,71,4,4
592,139,122,17,17
593,103,92,11,11
594,87,87,0,0
595,65,75,-10,10
596,74,67,7,7
597,98,98,0,0
598,110,97,13,13
599,112,100,12,12
600,88,80,8,8
601,85,78,7,7
602,55,53,2,2
603,86,79,7,7
604,124,116,8,8
605,114,107,7,7
606,57,55,2,2
607,56,58,-2,2
608,78,69,9,9
609,122,126,-4,4
610,79,68,11,11
611,81,71,10,10
612,117,105,12,12
613,112,111,1,1
614,95,92,3,3
615,195,163,32,32
616,76,82,-6,6
617,104,90,14,14
618,112,98,14,14
619,103,97,6,6
620,91,90,1,1
621,105,91,14,14
622,127,100,27,27
623,60,61,-1,1
624,111,102,9,9
625,106,99,7,7
626,109,99,10,10
627,85,82,3,3
628,67,70,-3,3
629,81,80,1,1
630,83,80,3,3
631,56,62,-6,6
632,92,83,9,9
633,71,75,-4,4
634,95,83,12,12
635,93,89,4,4
636,144,135,9,9
637,53,51,2,2
638,77,81,-4,4
639,71,66,5,5
640,95,93,2,2
641,95,96,-1,1
642,61,54,7,7
643,141,118,23,23
644,133,117,16,16
645,94,81,13,13
646,112,107,5,5
647,84,79,5,5
648,92,86,6,6
649,84,77,7,7
650,94,89,5,5
651,72,70,2,2
652,102,111,-9,9
653,61,63,-2,2
654,108,107,1,1
655,105,99,6,6
656,85,82,3,3
657,74,74,0,0
658,50,51,-1,1
659,101,88,13,13
660,82,70,12,12
661,108,85,23,23
662,148,130,18,18
663,126,112,14,14
664,136,136,0,0
665,75,73,2,2
666,36,31,5,5
667,42,56,-14,14
668,69,62,7,7
669,126,114,12,12
670,109,91,18,18
671,90,82,8,8
672,116,98,18,18
673,151,169,-18,18
674,147,132,15,15
675,52,85,-33,33
676,107,104,3,3
677,90,83,7,7
678,162,137,25,25
679,103,96,7,7
680,150,124,26,26
681,62,76,-14,14
682,111,104,7,7
683,77,80,-3,3
684,166,153,13,13
685,151,146,5,5
686,116,109,7,7
687,79,75,4,4
688,94,109,-15,15
689,110,106,4,4
690,152,127,25,25
691,176,148,28,28
692,92,88,4,4
693,156,137,19,19
694,92,90,2,2
695,77,71,6,6
696,32,50,-18,18
697,87,82,5,5
698,108,101,7,7
699,104,86,18,18
700,70,65,5,5
701,66,47,19,19
702,118,104,14,14
703,65,62,3,3
704,111,93,18,18
705,74,65,9,9
706,81,82,-1,1
707,88,76,12,12
708,87,77,10,10
709,116,114,2,2
710,47,45,2,2
711,95,93,2,2
712,44,43,1,1
713,91,96,-5,5
714,83,80,3,3
715,137,120,17,17
716,80,75,5,5
717,147,126,21,21
718,119,116,3,3
719,137,105,32,32
720,133,131,2,2
721,89,87,2,2
722,150,131,19,19
723,108,98,10,10
724,96,76,20,20
725,88,79,9,9
726,140,118,22,22
727,128,121,7,7
728,53,51,2,2
729,100,104,-4,4
730,58,66,-8,8
731,110,97,13,13
732,125,112,13,13
733,124,102,22,22
734,109,110,-1,1
735,122,117,5,5
736,95,89,6,6
737,93,89,4,4
738,85,71,14,14
739,98,79,19,19
740,68,71,-3,3
741,48,45,3,3
742,97,93,4,4
743,81,77,4,4
744,88,78,10,10
745,91,101,-10,10
746,64,62,2,2
747,204,171,33,33
748,114,100,14,14
749,185,141,44,44
750,75,72,3,3
751,70,61,9,9
752,145,134,11,11
753,87,78,9,9
754,45,51,-6,6
755,73,66,7,7
756,125,120,5,5
757,60,61,-1,1
758,95,89,6,6
759,119,92,27,27
760,76,67,9,9
761,56,57,-1,1
762,44,53,-9,9
763,98,93,5,5
764,86,73,13,13
765,161,132,29,29
766,102,112,-10,10
767,103,91,12,12
768,69,69,0,0
769,151,146,5,5
770,92,68,24,24
771,80,83,-3,3
772,87,83,4,4
773,108,93,15,15
774,51,51,0,0
775,110,101,9,9
776,64,60,4,4
777,73,69,4,4
778,92,82,10,10
779,93,85,8,8
780,103,95,8,8
781,49,45,4,4
782,71,72,-1,1
783,70,64,6,6
784,67,61,6,6
785,100,92,8,8
786,93,93,0,0
787,75,71,4,4
788,97,90,7,7
789,84,81,3,3
790,140,117,23,23
791,151,129,22,22
792,78,77,1,1
793,79,73,6,6
794,108,111,-3,3
795,95,81,14,14
796,98,86,12,12
797,119,114,5,5
798,83,88,-5,5
799,67,66,1,1
800,64,62,2,2
801,102,89,13,13
802,75,70,5,5
803,68,75,-7,7
804,78,74,4,4
805,53,53,0,0
806,126,114,12,12
807,89,87,2,2
808,85,90,-5,5
809,64,64,0,0
810,85,78,7,7
811,74,69,5,5
812,66,61,5,5
813,79,70,9,9
814,125,101,24,24
815,119,104,15,15
816,26,49,-23,23
817,66,63,3,3
818,88,78,10,10
819,111,92,19,19
820,86,77,9,9
821,76,82,-6,6
822,86,77,9,9
823,145,123,22,22
824,46,49,-3,3
825,107,91,16,16
826,99,84,15,15
827,63,65,-2,2
828,68,65,3,3
829,100,84,16,16
830,110,112,-2,2
831,77,74,3,3
832,66,69,-3,3
833,64,61,3,3
834,77,78,-1,1
835,144,134,10,10
836,106,94,12,12
837,93,94,-1,1
838,73,78,-5,5
839,103,98,5,5
840,105,100,5,5
841,75,72,3,3
842,83,76,7,7
843,112,105,7,7
844,156,134,22,22
845,156,135,21,21
846,77,77,0,0
847,76,72,4,4
848,95,87,8,8
849,41,51,-10,10
850,106,108,-2,2
851,135,120,15,15
852,92,92,0,0
853,91,90,1,1
854,112,105,7,7
855,84,82,2,2
856,77,70,7,7
857,29,56,-27,27
858,64,66,-2,2
859,143,116,27,27
860,59,54,5,5
861,155,138,17,17
862,207,155,52,52
863,129,108,21,21
864,115,100,15,15
865,108,91,17,17
866,162,133,29,29
867,69,72,-3,3
868,62,70,-8,8
869,79,89,-10,10
870,57,53,4,4
871,90,85,5,5
872,98,88,10,10
873,108,98,10,10
874,80,93,-13,13
875,114,99,15,15
876,57,55,2,2
877,41,96,-55,55
878,90,81,9,9
879,84,68,16,16
880,87,82,5,5
881,70,76,-6,6
882,109,101,8,8
883,76,72,4,4
884,62,52,10,10
885,83,74,9,9
886,124,122,2,2
887,122,115,7,7
888,55,53,2,2
889,108,107,1,1
890,109,105,4,4
891,52,73,-21,21
892,134,111,23,23
893,60,51,9,9
894,71,68,3,3
895,123,107,16,16
896,60,62,-2,2
897,140,123,17,17
898,109,89,20,20
899,150,151,-1,1
900,74,73,1,1
901,94,81,13,13
902,71,70,1,1
903,139,119,20,20
904,87,91,-4,4
905,72,72,0,0
906,53,50,3,3
907,163,134,29,29
908,111,88,23,23
909,70,59,11,11
910,46,49,-3,3
911,138,124,14,14
912,127,112,15,15
913,70,68,2,2
914,107,111,-4,4
915,64,58,6,6
916,69,73,-4,4
917,196,171,25,25
918,136,127,9,9
919,52,58,-6,6
920,79,80,-1,1
921,109,110,-1,1
922,78,75,3,3
923,115,106,9,9
924,77,76,1,1
925,110,98,12,12
926,74,67,7,7
927,49,49,0,0
928,55,56,-1,1
929,145,125,20,20
930,119,106,13,13
931,96,90,6,6
932,196,172,24,24
933,72,75,-3,3
934,90,94,-4,4
935,62,97,-35,35
936,118,98,20,20
937,137,129,8,8
938,79,75,4,4
939,152,132,20,20
940,87,90,-3,3
941,112,105,7,7
942,62,64,-2,2
943,72,72,0,0
944,109,100,9,9
945,83,75,8,8
946,68,63,5,5
947,97,91,6,6
948,59,59,0,0
949,173,142,31,31
950,73,66,7,7
951,85,84,1,1
952,62,61,1,1
953,75,69,6,6
954,90,85,5,5
955,93,91,2,2
956,98,91,7,7
957,116,103,13,13
958,50,44,6,6
959,106,101,5,5
960,114,100,14,14
961,98,85,13,13
962,184,167,17,17
963,69,70,-1,1
964,147,130,17,17
965,29,54,-25,25
966,108,109,-1,1
967,65,67,-2,2
968,96,87,9,9
969,84,82,2,2
970,70,64,6,6
971,162,142,20,20
972,112,106,6,6
973,71,66,5,5
974,139,119,20,20
975,72,74,-2,2
976,68,67,1,1
977,76,74,2,2
978,87,80,7,7
979,52,49,3,3
980,115,106,9,9
981,161,139,22,22
982,88,75,13,13
983,107,95,12,12
984,84,73,11,11
985,90,82,8,8
986,55,55,0,0
987,138,119,19,19
988,90,79,11,11
989,114,99,15,15
990,111,116,-5,5
991,44,42,2,2
992,111,109,2,2
993,128,102,26,26
994,98,87,11,11
995,93,80,13,13
996,74,68,6,6
997,130,120,10,10
998,82,86,-4,4
999,178,143,35,35
1000,42,43,-1,1
1001,96,85,11,11
1002,39,51,-12,12
1003,75,74,1,1
1004,147,133,14,14
1005,102,99,3,3
1006,212,176,36,36
1007,64,61,3,3
1008,91,83,8,8
1009,39,40,-1,1
1010,92,94,-2,2
1011,159,136,23,23
1012,119,103,16,16
1013,128,117,11,11
1014,125,114,11,11
1015,63,65,-2,2
1016,117,106,11,11
1017,117,111,6,6
1018,35,35,0,0
1019,108,103,5,5
1020,108,94,14,14
1021,77,71,6,6
1022,88,82,6,6
1023,45,51,-6,6
1024,88,93,-5,5
1025,110,95,15,15
1026,93,82,11,11
1027,77,77,0,0
1028,144,123,21,21
1029,63,66,-3,3
1030,56,51,5,5
1031,143,123,20,20
1032,119,122,-3,3
1033,85,76,9,9
1034,94,86,8,8
1035,115,111,4,4
1036,117,110,7,7
1037,71,64,7,7
1038,79,75,4,4
1039,119,82,37,37
1040,78,71,7,7
1041,101,106,-5,5
1042,89,89,0,0
1043,91,89,2,2
1044,112,101,11,11
1045,131,122,9,9
1046,43,49,-6,6
1047,162,144,18,18
1048,55,55,0,0
1049,116,109,7,7
1050,49,50,-1,1
1051,88,76,12,12
1052,108,97,11,11
1053,72,62,10,10
1054,115,101,14,14
1055,55,55,0,0
1056,146,124,22,22
1057,97,75,22,22
1058,81,77,4,4
1059,146,126,20,20
1060,133,117,16,16
1061,62,63,-1,1
1062,148,132,16,16
1063,98,84,14,14
1064,81,68,13,13
1065,73,72,1,1
1066,81,71,10,10
1067,148,129,19,19
1068,141,119,22,22
1069,56,54,2,2
1070,123,110,13,13
1071,83,75,8,8
1072,117,111,6,6
1073,99,91,8,8
1074,99,97,2,2
1075,64,61,3,3
1076,92,82,10,10
1077,40,39,1,1
1078,183,152,31,31
1079,44,57,-13,13
1080,115,105,10,10
1081,49,53,-4,4
1082,127,114,13,13
1083,155,128,27,27
1084,81,85,-4,4
1085,92,81,11,11
1086,74,62,12,12
1087,108,101,7,7
1088,57,58,-1,1
1089,61,63,-2,2
1090,125,115,10,10
1091,97,84,13,13
1092,60,87,-27,27
1093,78,73,5,5
1094,71,76,-5,5
1095,84,79,5,5
1096,177,147,30,30
1097,80,71,9,9
1098,130,124,6,6
1099,81,80,1,1
1100,88,82,6,6
1101,56,52,4,4
1102,149,129,20,20
1103,92,76,16,16
1104,90,86,4,4
1105,45,50,-5,5
1106,63,68,-5,5
1107,92,87,5,5
1108,124,116,8,8
1109,140,129,11,11
1110,122,124,-2,2
1111,47,50,-3,3
1112,67,69,-2,2
1113,199,169,30,30
1114,110,124,-14,14
1115,78,78,0,0
1116,42,45,-3,3
1117,51,53,-2,2
1118,183,138,45,45
1119,160,147,13,13
1120,117,107,10,10
1121,70,69,1,1
1122,90,81,9,9
1123,101,102,-1,1
1124,73,72,1,1
1125,64,63,1,1
1126,69,64,5,5
1127,98,91,7,7
1128,121,112,9,9
1129,83,79,4,4
1130,170,155,15,15
1131,80,75,5,5
1132,68,67,1,1
1133,130,128,2,2
1134,66,70,-4,4
1135,65,81,-16,16
1136,95,88,7,7
1137,99,92,7,7
1138,95,111,-16,16
1139,174,154,20,20
1140,154,125,29,29
1141,121,102,19,19
1142,109,91,18,18
1143,87,97,-10,10
1144,61,49,12,12
1145,96,91,5,5
1146,96,89,7,7
1147,118,106,12,12
1148,97,84,13,13
1149,105,94,11,11
1150,87,80,7,7
1151,104,88,16,16
1152,80,83,-3,3
1153,54,59,-5,5
1154,92,84,8,8
1155,48,50,-2,2
1156,78,79,-1,1
1157,136,113,23,23
1158,139,120,19,19
1159,61,103,-42,42
1160,83,80,3,3
1161,103,102,1,1
1162,128,116,12,12
1163,131,116,15,15
1164,76,68,8,8
1165,74,63,11,11
1166,135,124,11,11
1167,73,73,0,0
1168,115,110,5,5
1169,81,81,0,0
1170,140,122,18,18
1171,69,70,-1,1
1172,46,51,-5,5
1173,109,96,13,13
1174,197,159,38,38
1175,111,115,-4,4
1176,100,92,8,8
1177,77,70,7,7
1178,66,66,0,0
1179,67,67,0,0
1180,120,124,-4,4
1181,349,329,20,20
1182,78,71,7,7
1183,118,114,4,4
1184,51,61,-10,10
1185,82,81,1,1
1186,49,46,3,3
1187,72,69,3,3
1188,112,238,-126,126
1189,140,113,27,27
1190,69,58,11,11
1191,94,90,4,4
1192,69,67,2,2
1193,96,92,4,4
1194,77,110,-33,33
1195,92,94,-2,2
1196,141,131,10,10
1197,94,84,10,10
1198,92,78,14,14
1199,96,108,-12,12
1200,69,60,9,9
1201,35,48,-13,13
1202,78,72,6,6
1203,113,107,6,6
1204,99,84,15,15
1205,108,97,11,11
1206,118,102,16,16
1207,95,87,8,8
1208,106,101,5,5
1209,101,76,25,25
1210,77,84,-7,7
1211,97,88,9,9
1212,86,78,8,8
1213,60,58,2,2
1214,101,102,-1,1
1215,105,90,15,15
1216,73,73,0,0
1217,90,81,9,9
1218,121,103,18,18
1219,80,81,-1,1
1220,85,87,-2,2
1221,158,144,14,14
1222,75,72,3,3
1223,70,73,-3,3
1224,66,67,-1,1
1225,107,96,11,11
1226,182,163,19,19
1227,134,121,13,13
1228,103,90,13,13
1229,69,69,0,0
1230,95,84,11,11
1231,33,36,-3,3
1232,58,55,3,3
1233,63,67,-4,4
1234,115,94,21,21
1235,111,94,17,17
1236,128,108,20,20
1237,141,121,20,20
1238,50,51,-1,1
1239,129,104,25,25
1240,49,55,-6,6
1241,91,80,11,11
1242,131,111,20,20
1243,120,101,19,19
1244,91,83,8,8
1245,108,103,5,5
1246,70,73,-3,3
1247,51,51,0,0
1248,92,92,0,0
1249,77,71,6,6
1250,149,127,22,22
1251,117,104,13,13
1252,144,131,13,13
1253,82,70,12,12
1254,107,102,5,5
1255,51,51,0,0
1256,55,57,-2,2
1257,101,93,8,8
1258,99,88,11,11
1259,114,99,15,15
1260,55,62,-7,7
1261,83,78,5,5
1262,174,154,20,20
1263,136,120,16,16
1264,89,89,0,0
1265,67,72,-5,5
1266,81,78,3,3
1267,122,116,6,6
1268,74,77,-3,3
1269,149,152,-3,3
1270,62,64,-2,2
1271,64,69,-5,5
1272,85,84,1,1
1273,163,129,34,34
1274,72,68,4,4
1275,62,56,6,6
1276,50,54,-4,4
1277,57,61,-4,4
1278,82,86,-4,4
1279,58,57,1,1
1280,51,50,1,1
1281,63,63,0,0
1282,125,108,17,17
1283,78,80,-2,2
1284,57,52,5,5
1285,65,61,4,4
1286,111,108,3,3
1287,90,79,11,11
1288,107,99,8,8
1289,81,72,9,9
1290,133,102,31,31
1291,111,111,0,0
1292,64,70,-6,6
1293,56,72,-16,16
1294,51,55,-4,4
1295,64,64,0,0
1296,156,137,19,19
1297,96,99,-3,3
1298,94,81,13,13
1299,65,88,-23,23
1300,167,142,25,25
1301,44,48,-4,4
1302,255,201,54,54
1303,80,72,8,8
1304,142,122,20,20
1305,73,61,12,12
1306,114,99,15,15
1307,81,71,10,10
1308,66,65,1,1
1309,91,84,7,7
1310,106,89,17,17
1311,84,86,-2,2
1312,120,111,9,9
1313,115,104,11,11
1314,130,113,17,17
1315,192,179,13,13
1316,150,128,22,22
1317,87,79,8,8
1318,69,69,0,0
1319,170,162,8,8
1320,99,89,10,10
1321,72,75,-3,3
1322,106,90,16,16
1323,142,112,30,30
1324,44,50,-6,6
1325,87,88,-1,1
1326,72,72,0,0
1327,116,99,17,17
1328,66,64,2,2
1329,43,37,6,6
1330,145,127,18,18
1331,92,83,9,9
1332,86,84,2,2
1333,87,88,-1,1
1334,71,66,5,5
1335,136,117,19,19
1336,73,75,-2,2
1337,81,80,1,1
1338,65,57,8,8
1339,97,83,14,14
1340,61,58,3,3
1341,76,63,13,13
1342,55,52,3,3
1343,100,88,12,12
1344,120,108,12,12
1345,110,112,-2,2
1346,103,97,6,6
1347,57,58,-1,1
1348,95,79,16,16
1349,82,81,1,1
1350,105,106,-1,1
1351,68,68,0,0
1352,177,152,25,25
1353,97,89,8,8
1354,150,120,30,30
1355,38,40,-2,2
1356,85,77,8,8
1357,79,76,3,3
1358,78,77,1,1
1359,98,92,6,6
1360,138,121,17,17
1361,92,78,14,14
1362,110,99,11,11
1363,135,133,2,2
1364,96,91,5,5
1365,107,92,15,15
1366,84,83,1,1
1367,82,73,9,9
1368,87,99,-12,12
1369,58,57,1,1
1370,55,51,4,4
1371,69,71,-2,2
1372,193,167,26,26
1373,102,100,2,2
1374,105,93,12,12
1375,74,84,-10,10
1376,122,126,-4,4
1377,85,77,8,8
1378,103,93,10,10
1379,139,119,20,20
1380,91,79,12,12
1381,84,90,-6,6
1382,155,130,25,25
1383,73,67,6,6
1384,141,119,22,22
1385,70,65,5,5
1386,93,80,13,13
1387,100,84,16,16
1388,96,86,10,10
1389,56,58,-2,2
1390,93,109,-16,16
1391,97,111,-14,14
1392,43,45,-2,2
1393,58,53,5,5
1394,107,94,13,13
1395,118,105,13,13
1396,64,51,13,13
1397,114,92,22,22
1398,84,74,10,10
1399,68,70,-2,2
1400,170,141,29,29
1401,121,109,12,12
1402,180,159,21,21
1403,81,76,5,5
1404,131,114,17,17
1405,166,148,18,18
1406,83,80,3,3
1407,107,90,17,17
1408,95,91,4,4
1409,88,74,14,14
1410,149,128,21,21
1411,160,142,18,18
1412,112,102,10,10
1413,145,131,14,14
1414,38,32,6,6
1415,104,92,12,12
1416,125,120,5,5
1417,86,80,6,6
1418,105,94,11,11
1419,44,50,-6,6
1420,116,97,19,19
1421,136,119,17,17
1422,149,128,21,21
1423,135,97,38,38
1424,51,54,-3,3
1425,94,98,-4,4
1426,88,92,-4,4
1427,128,121,7,7
1428,148,132,16,16
1429,103,104,-1,1
1430,59,59,0,0
1431,75,72,3,3
1432,83,77,6,6
1433,73,68,5,5
1434,75,89,-14,14
1435,74,76,-2,2
1436,85,81,4,4
1437,74,67,7,7
1438,99,90,9,9
1439,122,113,9,9
1440,130,120,10,10
1441,61,64,-3,3
1442,48,49,-1,1
1443,111,106,5,5
1444,58,51,7,7
1445,61,71,-10,10
1446,129,121,8,8
1447,55,54,1,1
1448,159,139,20,20
1449,81,76,5,5
1450,44,51,-7,7
1451,64,56,8,8
1452,105,92,13,13
1453,131,122,9,9
1454,188,161,27,27
1455,107,95,12,12
1456,74,73,1,1
1457,155,154,1,1
1458,93,83,10,10
1459,125,112,13,13
1460,113,110,3,3
1461,81,76,5,5
1462,73,67,6,6
1463,78,69,9,9
1464,124,103,21,21
1465,68,69,-1,1
1466,90,87,3,3
1467,108,91,17,17
1468,73,68,5,5
1469,92,83,9,9
1470,118,110,8,8
1471,70,61,9,9
1472,98,94,4,4
1473,70,62,8,8
1474,72,70,2,2
1475,107,88,19,19
1476,112,100,12,12
1477,118,106,12,12
1478,86,79,7,7
1479,114,88,26,26
1480,121,104,17,17
1481,120,101,19,19
1482,275,200,75,75
1483,98,84,14,14
1484,95,98,-3,3
1485,80,69,11,11
1486,126,121,5,5
1487,98,91,7,7
1488,133,133,0,0
1489,61,60,1,1
1490,129,111,18,18
1491,117,106,11,11
1492,54,72,-18,18
1493,54,56,-2,2
1494,48,51,-3,3
1495,85,76,9,9
1496,56,73,-17,17
1497,77,82,-5,5
1498,140,114,26,26
1499,69,70,-1,1
1500,88,83,5,5
1501,107,98,9,9
1502,81,75,6,6
1503,134,112,22,22
1504,80,74,6,6
1505,121,107,14,14
1506,111,98,13,13
1507,72,73,-1,1
1508,155,143,12,12
1509,61,57,4,4
1510,70,71,-1,1
1511,55,55,0,0
1512,74,71,3,3
1513,151,136,15,15
1514,38,42,-4,4
1515,164,172,-8,8
1516,66,72,-6,6
1517,58,54,4,4
1518,66,66,0,0
1519,116,96,20,20
1520,71,83,-12,12
1521,99,93,6,6
1522,108,110,-2,2
1523,77,75,2,2
1524,56,55,1,1
1525,126,103,23,23
1526,117,107,10,10
1527,71,62,9,9
1528,80,73,7,7
1529,69,68,1,1
1530,76,64,12,12
1531,137,123,14,14
1532,184,158,26,26
1533,131,110,21,21
1534,149,126,23,23
1535,95,90,5,5
1536,122,112,10,10
1537,54,51,3,3
1538,88,86,2,2
1539,83,81,2,2
1540,69,69,0,0
1541,87,92,-5,5
1542,156,142,14,14
1543,118,111,7,7
1544,55,57,-2,2
1545,83,79,4,4
1546,81,87,-6,6
1547,101,102,-1,1
1548,73,70,3,3
1549,105,97,8,8
1550,82,81,1,1
1551,65,62,3,3
1552,78,74,4,4
1553,115,102,13,13
1554,133,116,17,17
1555,58,64,-6,6
1556,108,103,5,5
1557,128,122,6,6
1558,136,111,25,25
1559,37,48,-11,11
1560,95,94,1,1
1561,121,108,13,13
1562,87,77,10,10
1563,100,108,-8,8
1564,89,79,10,10
1565,126,117,9,9
1566,109,112,-3,3
1567,103,92,11,11
1568,150,126,24,24
1569,94,115,-21,21
1570,148,142,6,6
1571,60,60,0,0
1572,70,70,0,0
1573,131,124,7,7
1574,70,63,7,7
1575,95,92,3,3
1576,66,71,-5,5
1577,86,74,12,12
1578,91,80,11,11
1579,75,80,-5,5
1580,46,51,-5,5
1581,100,96,4,4
1582,98,87,11,11
1583,92,78,14,14
1584,112,94,18,18
1585,167,143,24,24
1586,90,90,0,0
1587,109,93,16,16
1588,93,99,-6,6
1589,61,60,1,1
1590,123,108,15,15
1591,93,90,3,3
1592,74,64,10,10
1593,36,41,-5,5
1594,89,78,11,11
1595,144,140,4,4
1596,80,76,4,4
1597,114,103,11,11
1598,106,102,4,4
1599,57,57,0,0
1600,70,75,-5,5
1601,112,106,6,6
1602,92,81,11,11
1603,106,92,14,14
1604,122,116,6,6
1605,128,113,15,15
1606,109,100,9,9
1607,75,71,4,4
1608,120,104,16,16
1609,60,53,7,7
1610,137,114,23,23
1611,78,76,2,2
1612,93,89,4,4
1613,91,84,7,7
1614,84,79,5,5
1615,137,124,13,13
1616,43,49,-6,6
1617,74,56,18,18
1618,77,71,6,6
1619,114,108,6,6
1620,104,83,21,21
1621,101,98,3,3
1622,43,44,-1,1
1623,106,97,9,9
1624,90,82,8,8
1625,114,111,3,3
1626,82,68,14,14
1627,62,69,-7,7
1628,112,101,11,11
1629,46,51,-5,5
1630,104,85,19,19
1631,106,96,10,10
1632,62,57,5,5
1633,123,113,10,10
1634,95,90,5,5
1635,64,67,-3,3
1636,76,78,-2,2
1637,104,94,10,10
1638,126,114,12,12
1639,144,126,18,18
1640,119,112,7,7
1641,74,66,8,8
1642,51,55,-4,4
1643,91,89,2,2
1644,86,88,-2,2
1645,95,85,10,10
1646,72,71,1,1
1647,162,135,27,27
1648,87,77,10,10
1649,91,87,4,4
1650,122,123,-1,1
1651,70,69,1,1
1652,106,107,-1,1
1653,89,91,-2,2
1654,59,51,8,8
1655,44,46,-2,2
1656,74,63,11,11
1657,77,74,3,3
1658,135,118,17,17
1659,107,97,10,10
1660,64,59,5,5
1661,52,67,-15,15
1662,61,61,0,0
1663,74,69,5,5
1664,87,94,-7,7
1665,106,92,14,14
1666,64,60,4,4
1667,70,70,0,0
1668,77,76,1,1
1669,62,57,5,5
1670,67,62,5,5
1671,109,98,11,11
1672,118,109,9,9
1673,74,78,-4,4
1674,100,90,10,10
1675,83,91,-8,8
1676,83,71,12,12
1677,121,106,15,15
1678,79,79,0,0
1679,46,46,0,0
1680,92,77,15,15
1681,102,91,11,11
1682,103,89,14,14
1683,64,54,10,10
1684,101,89,12,12
1685,105,93,12,12
1686,55,53,2,2
1687,66,62,4,4
1688,60,58,2,2
1689,62,64,-2,2
1690,150,139,11,11
1691,84,84,0,0
1692,98,100,-2,2
1693,59,61,-2,2
1694,57,59,-2,2
1695,88,115,-27,27
1696,146,135,11,11
1697,58,57,1,1
1698,73,61,12,12
1699,192,163,29,29
1700,58,52,6,6
1701,97,83,14,14
1702,84,77,7,7
1703,149,130,19,19
1704,162,129,33,33
1705,53,62,-9,9
1706,48,55,-7,7
1707,103,104,-1,1
1708,64,63,1,1
1709,85,75,10,10
1710,64,64,0,0
1711,73,69,4,4
1712,72,63,9,9
1713,136,111,25,25
1714,103,90,13,13
1715,161,140,21,21
1716,89,81,8,8
1717,102,88,14,14
1718,66,104,-38,38
1719,87,78,9,9
1720,101,92,9,9
1721,90,89,1,1
1722,108,105,3,3
1723,59,60,-1,1
1724,118,106,12,12
1725,56,53,3,3
1726,195,170,25,25
1727,70,64,6,6
1728,90,84,6,6
1729,108,104,4,4
1730,118,123,-5,5
1731,74,71,3,3
1732,115,103,12,12
1733,31,36,-5,5
1734,121,112,9,9
1735,43,42,1,1
1736,78,71,7,7
1737,63,63,0,0
1738,57,52,5,5
1739,53,56,-3,3
1740,63,63,0,0
1741,88,81,7,7
1742,80,83,-3,3
1743,133,125,8,8
1744,90,79,11,11
1745,130,119,11,11
1746,70,67,3,3
1747,169,137,32,32
1748,45,50,-5,5
1749,171,149,22,22
1750,84,78,6,6
1751,95,93,2,2
1752,73,75,-2,2
1753,59,58,1,1
1754,82,84,-2,2
1755,101,87,14,14
1756,77,81,-4,4
1757,57,61,-4,4
1758,97,85,12,12
1759,69,69,0,0
1760,82,70,12,12
1761,60,75,-15,15
1762,70,67,3,3
1763,79,78,1,1
1764,127,110,17,17
1765,92,98,-6,6
1766,119,111,8,8
1767,59,58,1,1
1768,66,70,-4,4
1769,44,50,-6,6
1770,46,43,3,3
1771,129,108,21,21
1772,93,78,15,15
1773,98,115,-17,17
1774,89,80,9,9
1775,74,69,5,5
1776,96,89,7,7
1777,103,89,14,14
1778,84,84,0,0
1779,75,70,5,5
1780,167,138,29,29
1781,85,81,4,4
1782,108,108,0,0
1783,59,58,1,1
1784,101,94,7,7
1785,76,72,4,4
1786,118,107,11,11
1787,67,64,3,3
1788,53,63,-10,10
1789,108,101,7,7
1790,103,93,10,10
1791,130,130,0,0
1792,83,78,5,5
1793,52,60,-8,8
1794,79,79,0,0
1795,80,82,-2,2
1796,88,65,23,23
1797,55,57,-2,2
1798,53,53,0,0
1799,116,99,17,17
1800,103,93,10,10
1801,73,75,-2,2
1802,72,69,3,3
1803,155,132,23,23
1804,205,187,18,18
1805,55,54,1,1
1806,119,107,12,12
1807,93,82,11,11
1808,81,78,3,3
1809,93,85,8,8
1810,121,113,8,8
1811,62,60,2,2
1812,61,63,-2,2
1813,113,106,7,7
1814,79,74,5,5
1815,130,120,10,10
1816,68,73,-5,5
1817,81,75,6,6
1818,114,97,17,17
1819,101,81,20,20
1820,63,55,8,8
1821,87,96,-9,9
1822,117,109,8,8
1823,114,105,9,9
1824,109,100,9,9
1825,96,86,10,10
1826,54,56,-2,2
1827,132,118,14,14
1828,85,86,-1,1
1829,70,62,8,8
1830,60,51,9,9
1831,68,66,2,2
1832,48,45,3,3
1833,75,75,0,0
1834,126,111,15,15
1835,106,94,12,12
1836,60,58,2,2
1837,70,62,8,8
1838,52,50,2,2
1839,86,75,11,11
1840,74,67,7,7
1841,118,103,15,15
1842,43,49,-6,6
1843,207,180,27,27
1844,97,84,13,13
1845,78,73,5,5
1846,100,96,4,4
1847,108,91,17,17
1848,73,68,5,5
1849,151,131,20,20
1850,45,51,-6,6
1851,81,73,8,8
1852,68,66,2,2
1853,140,136,4,4
1854,121,106,15,15
1855,88,97,-9,9
1856,42,46,-4,4
1857,76,75,1,1
1858,89,81,8,8
1859,61,60,1,1
1860,98,83,15,15
1861,78,77,1,1
1862,54,56,-2,2
1863,128,134,-6,6
1864,160,142,18,18
1865,65,64,1,1
1866,109,97,12,12
1867,149,145,4,4
1868,112,99,13,13
1869,78,71,7,7
1870,61,56,5,5
1871,82,73,9,9
1872,54,51,3,3
1873,45,51,-6,6
1874,102,91,11,11
1875,92,85,7,7
1876,121,111,10,10
1877,119,108,11,11
1878,84,74,10,10
1879,99,97,2,2
1880,116,111,5,5
1881,119,106,13,13
1882,157,142,15,15
1883,119,98,21,21
1884,92,80,12,12
1885,60,66,-6,6
1886,101,94,7,7
1887,90,88,2,2
1888,132,128,4,4
1889,156,137,19,19
1890,101,93,8,8
1891,88,79,9,9
1892,141,108,33,33
1893,56,57,-1,1
1894,85,72,13,13
1895,182,154,28,28
1896,127,106,21,21
1897,76,70,6,6
1898,83,75,8,8
1899,59,59,0,0
1900,33,43,-10,10
1901,38,44,-6,6
1902,90,76,14,14
1903,87,94,-7,7
1904,81,85,-4,4
1905,123,117,6,6
1906,111,100,11,11
1907,207,188,19,19
1908,140,125,15,15
1909,90,80,10,10
1910,67,70,-3,3
1911,102,123,-21,21
1912,65,64,1,1
1913,81,79,2,2
1914,75,72,3,3
1915,93,91,2,2
1916,87,93,-6,6
1917,183,151,32,32
1918,95,89,6,6
1919,200,175,25,25
1920,95,87,8,8
1921,199,169,30,30
1922,87,72,15,15
1923,56,56,0,0
1924,55,62,-7,7
1925,90,92,-2,2
1926,64,68,-4,4
1927,57,56,1,1
1928,179,171,8,8
1929,78,72,6,6
1930,54,54,0,0
1931,112,99,13,13
1932,69,81,-12,12
1933,73,75,-2,2
1934,64,65,-1,1
1935,65,67,-2,2
1936,63,62,1,1
1937,159,137,22,22
1938,71,72,-1,1
1939,90,82,8,8
1940,116,104,12,12
1941,110,101,9,9
1942,80,79,1,1
1943,116,110,6,6
1944,101,99,2,2
1945,145,127,18,18
1946,144,133,11,11
1947,163,136,27,27
1948,115,118,-3,3
1949,115,115,0,0
1950,102,97,5,5
1951,105,74,31,31
1952,61,56,5,5
1953,74,71,3,3
1954,88,81,7,7
1955,86,74,12,12
1956,98,94,4,4
1957,113,102,11,11
1958,82,69,13,13
1959,124,100,24,24
1960,76,69,7,7
1961,137,125,12,12
1962,88,93,-5,5
1963,130,115,15,15
1964,75,65,10,10
1965,97,78,19,19
1966,114,113,1,1
1967,92,84,8,8
1968,106,98,8,8
1969,89,87,2,2
1970,72,86,-14,14
1971,92,86,6,6
1972,66,59,7,7
1973,26,31,-5,5
1974,106,95,11,11
1975,82,80,2,2
1976,112,103,9,9
1977,94,84,10,10
1978,106,96,10,10
1979,114,99,15,15
1980,85,95,-10,10
1981,144,136,8,8
1982,137,116,21,21
1983,56,60,-4,4
1984,62,51,11,11
1985,65,67,-2,2
1986,71,73,-2,2
1987,78,82,-4,4
1988,66,57,9,9
1989,106,101,5,5
1990,74,93,-19,19
1991,46,113,-67,67
1992,140,121,19,19
1993,129,112,17,17
1994,83,81,2,2
1995,81,80,1,1
1996,49,50,-1,1
1997,124,111,13,13
1998,42,42,0,0
1999,89,81,8,8
2000,101,88,13,13
2001,184,183,1,1
2002,113,102,11,11
2003,212,188,24,24
2004,120,106,14,14
2005,95,88,7,7
2006,120,111,9,9
2007,97,89,8,8
2008,72,70,2,2
2009,80,65,15,15
2010,87,90,-3,3
2011,100,91,9,9
2012,185,163,22,22
2013,90,86,4,4
2014,77,76,1,1
2015,67,67,0,0
2016,63,65,-2,2
2017,74,71,3,3
2018,104,89,15,15
2019,129,117,12,12
2020,73,69,4,4
2021,128,113,15,15
2022,64,64,0,0
2023,88,76,12,12
2024,47,54,-7,7
2025,68,62,6,6
2026,75,67,8,8
2027,75,71,4,4
2028,80,79,1,1
2029,61,62,-1,1
2030,74,70,4,4
2031,79,79,0,0
2032,62,67,-5,5
2033,121,117,4,4
2034,77,75,2,2
2035,104,99,5,5
2036,116,104,12,12
2037,61,72,-11,11
2038,86,77,9,9
2039,83,86,-3,3
2040,119,114,5,5
2041,109,107,2,2
2042,83,90,-7,7
2043,66,66,0,0
2044,112,104,8,8
2045,110,103,7,7
2046,115,114,1,1
2047,97,89,8,8
2048,115,106,9,9
2049,78,79,-1,1
2050,58,55,3,3
2051,98,95,3,3
2052,104,93,11,11
2053,109,94,15,15
2054,143,125,18,18
2055,98,91,7,7
2056,56,60,-4,4
2057,61,62,-1,1
2058,86,78,8,8
2059,73,72,1,1
2060,101,93,8,8
2061,165,138,27,27
2062,64,55,9,9
2063,62,57,5,5
2064,68,63,5,5
2065,101,98,3,3
2066,72,77,-5,5
2067,56,54,2,2
2068,109,92,17,17
2069,63,57,6,6
2070,48,51,-3,3
2071,134,126,8,8
2072,91,93,-2,2
2073,80,78,2,2
2074,112,99,13,13
2075,49,51,-2,2
2076,91,81,10,10
2077,75,76,-1,1
2078,86,72,14,14
2079,142,119,23,23
2080,79,70,9,9
2081,122,119,3,3
2082,139,125,14,14
2083,79,69,10,10
2084,184,151,33,33
2085,134,149,-15,15
2086,99,88,11,11
2087,59,65,-6,6
2088,77,76,1,1
2089,84,77,7,7
2090,116,110,6,6
2091,41,41,0,0
2092,70,67,3,3
2093,39,42,-3,3
2094,82,78,4,4
2095,58,57,1,1
2096,166,142,24,24
2097,71,71,0,0
2098,119,104,15,15
2099,92,92,0,0
2100,116,110,6,6
2101,121,103,18,18
2102,106,96,10,10
2103,82,75,7,7
2104,137,125,12,12
2105,113,108,5,5
2106,84,82,2,2
2107,136,115,21,21
2108,57,56,1,1
2109,142,123,19,19
2110,55,51,4,4
2111,82,77,5,5
2112,208,176,32,32
2113,101,81,20,20
2114,156,147,9,9
2115,175,144,31,31
2116,137,112,25,25
2117,105,111,-6,6
2118,84,85,-1,1
2119,78,76,2,2
2120,115,95,20,20
2121,74,71,3,3
2122,67,63,4,4
2123,46,49,-3,3
2124,123,108,15,15
2125,68,62,6,6
2126,110,110,0,0
2127,95,87,8,8
2128,77,81,-4,4
2129,86,89,-3,3
2130,62,56,6,6
2131,91,79,12,12
2132,76,72,4,4
2133,92,77,15,15
2134,98,85,13,13
2135,108,97,11,11
2136,142,127,15,15
2137,111,81,30,30
2138,96,93,3,3
2139,86,80,6,6
2140,138,123,15,15
2141,89,88,1,1
2142,149,123,26,26
2143,82,81,1,1
2144,135,124,11,11
2145,94,86,8,8
2146,79,75,4,4
2147,84,80,4,4
2148,44,79,-35,35
2149,46,60,-14,14
2150,96,89,7,7
2151,114,104,10,10
2152,57,60,-3,3
2153,79,71,8,8
2154,78,77,1,1
2155,117,122,-5,5
2156,98,84,14,14
2157,57,51,6,6
2158,99,84,15,15
2159,97,87,10,10
2160,98,84,14,14
2161,70,64,6,6
2162,102,98,4,4
2163,82,81,1,1
2164,81,76,5,5
2165,69,69,0,0
2166,66,59,7,7
2167,97,78,19,19
2168,86,83,3,3
2169,58,57,1,1
2170,83,84,-1,1
2171,78,77,1,1
2172,64,58,6,6
2173,127,93,34,34
2174,73,61,12,12
2175,70,77,-7,7
2176,93,89,4,4
2177,116,108,8,8
2178,103,84,19,19
2179,44,52,-8,8
2180,84,89,-5,5
2181,116,93,23,23
2182,102,99,3,3
2183,56,53,3,3
2184,117,104,13,13
2185,111,102,9,9
2186,82,83,-1,1
2187,115,99,16,16
2188,96,98,-2,2
2189,137,105,32,32
2190,111,100,11,11
2191,63,66,-3,3
2192,65,61,4,4
2193,57,55,2,2
2194,82,69,13,13
2195,64,79,-15,15
2196,100,91,9,9
2197,68,64,4,4
2198,57,63,-6,6
2199,76,67,9,9
2200,138,119,19,19
2201,61,67,-6,6
2202,80,80,0,0
2203,98,96,2,2
2204,137,125,12,12
2205,101,88,13,13
2206,122,114,8,8
2207,75,79,-4,4
2208,118,107,11,11
2209,87,86,1,1
2210,116,105,11,11
2211,97,91,6,6
2212,147,146,1,1
2213,74,66,8,8
2214,55,58,-3,3
2215,110,92,18,18
2216,93,87,6,6
2217,64,68,-4,4
2218,105,105,0,0
2219,70,92,-22,22
2220,92,79,13,13
2221,63,61,2,2
2222,93,88,5,5
2223,60,65,-5,5
2224,82,78,4,4
2225,108,97,11,11
2226,118,110,8,8
2227,167,150,17,17
2228,112,102,10,10
2229,85,81,4,4
2230,77,89,-12,12
2231,105,99,6,6
2232,144,129,15,15
2233,159,148,11,11
2234,68,65,3,3
2235,42,43,-1,1
2236,111,119,-8,8
2237,67,73,-6,6
2238,135,117,18,18
2239,45,52,-7,7
2240,79,72,7,7
2241,117,109,8,8
2242,94,85,9,9
2243,44,78,-34,34
2244,94,96,-2,2
2245,140,118,22,22
2246,98,88,10,10
2247,66,69,-3,3
2248,63,64,-1,1
2249,65,69,-4,4
2250,104,100,4,4
2251,92,91,1,1
2252,86,84,2,2
2253,81,79,2,2
2254,77,81,-4,4
2255,78,74,4,4
2256,48,52,-4,4
2257,39,39,0,0
2258,47,41,6,6
2259,94,97,-3,3
2260,161,140,21,21
2261,72,57,15,15
2262,35,42,-7,7
2263,89,91,-2,2
2264,69,87,-18,18
2265,102,99,3,3
2266,79,92,-13,13
2267,107,89,18,18
2268,111,117,-6,6
2269,95,90,5,5
2270,102,97,5,5
2271,89,90,-1,1
2272,65,62,3,3
2273,108,99,9,9
2274,57,68,-11,11
2275,103,93,10,10
2276,151,118,33,33
2277,184,158,26,26
2278,78,73,5,5
2279,185,142,43,43
2280,63,67,-4,4
2281,131,121,10,10
2282,155,132,23,23
2283,87,76,11,11
2284,136,122,14,14
2285,104,100,4,4
2286,54,54,0,0
2287,107,100,7,7
2288,64,58,6,6
2289,68,67,1,1
2290,90,87,3,3
2291,65,70,-5,5
2292,86,88,-2,2
2293,78,73,5,5
2294,72,62,10,10
2295,50,58,-8,8
2296,107,100,7,7
2297,101,206,-105,105
2298,104,94,10,10
2299,47,50,-3,3
2300,87,78,9,9
2301,102,98,4,4
2302,103,88,15,15
2303,62,51,11,11
2304,57,58,-1,1
2305,68,70,-2,2
2306,109,101,8,8
2307,80,82,-2,2
2308,76,79,-3,3
2309,97,94,3,3
2310,83,74,9,9
2311,116,105,11,11
2312,72,65,7,7
2313,49,51,-2,2
2314,108,104,4,4
2315,106,86,20,20
2316,135,116,19,19
2317,115,110,5,5
2318,111,95,16,16
2319,95,80,15,15
2320,56,64,-8,8
2321,154,127,27,27
2322,106,99,7,7
2323,71,71,0,0
2324,92,82,10,10
2325,96,81,15,15
2326,75,74,1,1
2327,127,106,21,21
2328,66,67,-1,1
2329,78,71,7,7
2330,148,134,14,14
2331,95,86,9,9
2332,145,116,29,29
2333,80,81,-1,1
2334,48,50,-2,2
2335,73,79,-6,6
2336,128,124,4,4
2337,38,49,-11,11
2338,180,160,20,20
2339,63,62,1,1
2340,60,56,4,4
2341,149,134,15,15
2342,97,95,2,2
2343,57,60,-3,3
2344,158,132,26,26
2345,85,86,-1,1
2346,83,72,11,11
2347,145,125,20,20
2348,76,71,5,5
2349,107,93,14,14
2350,177,155,22,22
2351,106,88,18,18
2352,73,70,3,3
2353,43,48,-5,5
2354,141,113,28,28
2355,100,99,1,1
2356,81,91,-10,10
2357,267,200,67,67
2358,69,66,3,3
2359,114,108,6,6
2360,110,101,9,9
2361,107,101,6,6
2362,95,81,14,14
2363,92,80,12,12
2364,166,134,32,32
2365,83,82,1,1
2366,140,120,20,20
2367,102,90,12,12
2368,82,82,0,0
2369,88,89,-1,1
2370,129,105,24,24
2371,171,161,10,10
2372,53,52,1,1
2373,139,112,27,27
2374,131,111,20,20
2375,137,114,23,23
2376,65,65,0,0
2377,83,81,2,2
2378,191,172,19,19
2379,65,56,9,9
2380,197,172,25,25
2381,101,93,8,8
2382,147,133,14,14
2383,159,145,14,14
2384,46,50,-4,4
2385,151,130,21,21
2386,104,90,14,14
2387,132,125,7,7
2388,67,62,5,5
2389,80,74,6,6
2390,198,172,26,26
2391,116,124,-8,8
2392,72,99,-27,27
2393,152,128,24,24
2394,63,70,-7,7
2395,61,61,0,0
2396,112,104,8,8
2397,96,82,14,14
2398,90,82,8,8
2399,118,112,6,6
2400,102,99,3,3
2401,65,61,4,4
2402,93,91,2,2
2403,64,61,3,3
2404,88,108,-20,20
2405,116,104,12,12
2406,94,99,-5,5
2407,96,98,-2,2
2408,83,93,-10,10
2409,125,115,10,10
2410,71,64,7,7
2411,147,138,9,9
2412,117,111,6,6
2413,125,111,14,14
2414,65,58,7,7
2415,69,71,-2,2
2416,72,69,3,3
2417,80,81,-1,1
2418,73,67,6,6
2419,62,64,-2,2
2420,126,114,12,12
2421,56,54,2,2
2422,90,90,0,0
2423,95,95,0,0
2424,67,69,-2,2
2425,37,43,-6,6
2426,128,111,17,17
2427,63,60,3,3
2428,32,41,-9,9
2429,63,57,6,6
2430,42,52,-10,10
2431,90,86,4,4
2432,58,58,0,0
2433,159,129,30,30
2434,114,111,3,3
2435,76,77,-1,1
2436,71,67,4,4
2437,91,83,8,8
2438,144,122,22,22
2439,71,65,6,6
2440,70,72,-2,2
2441,109,104,5,5
2442,86,78,8,8
2443,114,107,7,7
2444,66,52,14,14
2445,92,78,14,14
2446,71,67,4,4
2447,92,82,10,10
2448,137,139,-2,2
2449,73,79,-6,6
2450,73,69,4,4
2451,101,88,13,13
2452,119,104,15,15
2453,97,91,6,6
2454,110,99,11,11
2455,69,66,3,3
2456,81,72,9,9
2457,67,66,1,1
2458,139,123,16,16
2459,88,81,7,7
2460,114,99,15,15
2461,64,58,6,6
2462,86,80,6,6
2463,122,110,12,12
2464,122,106,16,16
2465,94,83,11,11
2466,128,121,7,7
2467,83,75,8,8
2468,92,86,6,6
2469,175,157,18,18
2470,141,128,13,13
2471,72,74,-2,2
2472,135,132,3,3
2473,84,75,9,9
2474,123,111,12,12
2475,113,108,5,5
2476,135,122,13,13
2477,83,79,4,4
2478,58,63,-5,5
2479,146,134,12,12
2480,123,116,7,7
2481,50,51,-1,1
2482,67,74,-7,7
2483,80,80,0,0
2484,136,123,13,13
2485,165,148,17,17
2486,84,74,10,10
2487,107,94,13,13
2488,151,139,12,12
2489,111,105,6,6
2490,51,58,-7,7
2491,78,77,1,1
2492,145,118,27,27
2493,54,57,-3,3
2494,86,77,9,9
2495,93,85,8,8
2496,117,100,17,17
2497,52,52,0,0
2498,84,86,-2,2
2499,196,180,16,16
2500,70,56,14,14
2501,166,152,14,14
2502,103,83,20,20
2503,67,76,-9,9
2504,54,53,1,1
2505,91,85,6,6
2506,124,112,12,12
2507,80,77,3,3
2508,111,105,6,6
2509,108,89,19,19
2510,134,129,5,5
2511,98,92,6,6
2512,64,80,-16,16
2513,73,71,2,2
2514,94,90,4,4
2515,61,71,-10,10
2516,90,87,3,3
2517,102,93,9,9
2518,150,127,23,23
2519,97,95,2,2
2520,76,71,5,5
2521,58,60,-2,2
2522,90,74,16,16
2523,70,68,2,2
2524,65,64,1,1
2525,78,75,3,3
2526,53,55,-2,2
2527,83,72,11,11
2528,103,73,30,30
2529,74,70,4,4
2530,173,154,19,19
2531,63,63,0,0
2532,104,95,9,9
2533,96,95,1,1
2534,110,113,-3,3
2535,83,76,7,7
2536,89,83,6,6
2537,95,96,-1,1
2538,74,78,-4,4
2539,55,51,4,4
2540,117,108,9,9
2541,32,31,1,1
2542,64,70,-6,6
2543,103,83,20,20
2544,121,112,9,9
2545,129,110,19,19
2546,90,92,-2,2
2547,119,135,-16,16
2548,105,86,19,19
2549,78,70,8,8
2550,159,133,26,26
2551,73,71,2,2
2552,128,117,11,11
2553,149,138,11,11
2554,129,103,26,26
2555,87,88,-1,1
2556,69,71,-2,2
2557,120,105,15,15
2558,57,56,1,1
2559,107,106,1,1
2560,56,56,0,0
2561,128,77,51,51
2562,153,125,28,28
2563,114,116,-2,2
2564,96,93,3,3
2565,111,101,10,10
2566,130,123,7,7
2567,88,84,4,4
2568,75,72,3,3
2569,85,86,-1,1
2570,105,98,7,7
2571,48,50,-2,2
2572,98,92,6,6
2573,62,67,-5,5
2574,142,125,17,17
2575,91,72,19,19
2576,85,82,3,3
2577,67,59,8,8
2578,116,104,12,12
2579,82,83,-1,1
2580,136,126,10,10
2581,145,116,29,29
2582,76,77,-1,1
2583,46,51,-5,5
2584,112,119,-7,7
2585,119,113,6,6
2586,75,85,-10,10
2587,58,65,-7,7
2588,90,91,-1,1
2589,106,107,-1,1
2590,117,107,10,10
2591,97,88,9,9
2592,142,134,8,8
2593,156,138,18,18
2594,136,88,48,48
2595,73,75,-2,2
2596,98,80,18,18
2597,79,80,-1,1
2598,130,124,6,6
2599,114,110,4,4
2600,122,110,12,12
2601,87,78,9,9
2602,136,117,19,19
2603,157,133,24,24
2604,53,53,0,0
2605,106,96,10,10
2606,62,63,-1,1
2607,87,84,3,3
2608,75,70,5,5
2609,71,69,2,2
2610,87,81,6,6
2611,81,75,6,6
2612,110,96,14,14
2613,119,111,8,8
2614,103,93,10,10
2615,65,56,9,9
2616,137,114,23,23
2617,66,73,-7,7
2618,78,70,8,8
2619,93,92,1,1
2620,117,104,13,13
2621,95,88,7,7
2622,88,78,10,10
2623,102,83,19,19
2624,49,52,-3,3
2625,82,73,9,9
2626,70,71,-1,1
2627,78,79,-1,1
2628,75,68,7,7
2629,80,81,-1,1
2630,133,117,16,16
2631,82,79,3,3
2632,147,101,46,46
2633,174,151,23,23
2634,65,64,1,1
2635,95,87,8,8
2636,105,90,15,15
2637,72,64,8,8
2638,78,77,1,1
2639,137,124,13,13
2640,153,130,23,23
2641,131,136,-5,5
2642,53,56,-3,3
2643,88,76,12,12
2644,74,72,2,2
2645,62,60,2,2
2646,97,99,-2,2
2647,121,109,12,12
2648,106,103,3,3
2649,76,99,-23,23
2650,103,98,5,5
2651,87,79,8,8
2652,67,61,6,6
2653,68,87,-19,19
2654,123,104,19,19
2655,68,63,5,5
2656,115,107,8,8
2657,116,96,20,20
2658,95,84,11,11
2659,57,62,-5,5
2660,106,94,12,12
2661,85,78,7,7
2662,106,88,18,18
2663,87,79,8,8
2664,86,81,5,5
2665,84,82,2,2
2666,60,56,4,4
2667,99,97,2,2
2668,84,87,-3,3
2669,60,58,2,2
2670,134,111,23,23
2671,130,121,9,9
2672,78,70,8,8
2673,62,60,2,2
2674,90,76,14,14
2675,105,105,0,0
2676,104,98,6,6
2677,102,97,5,5
2678,125,116,9,9
2679,74,59,15,15
2680,100,90,10,10
2681,103,100,3,3
2682,77,64,13,13
2683,86,80,6,6
2684,97,97,0,0
2685,81,81,0,0
2686,88,89,-1,1
2687,52,55,-3,3
2688,59,66,-7,7
2689,89,78,11,11
2690,51,62,-11,11
2691,45,51,-6,6
2692,103,107,-4,4
2693,70,73,-3,3
2694,148,134,14,14
2695,91,92,-1,1
2696,45,45,0,0
2697,146,138,8,8
2698,119,110,9,9
2699,107,104,3,3
2700,170,144,26,26
2701,62,58,4,4
2702,130,103,27,27
2703,40,54,-14,14
2704,91,80,11,11
2705,61,59,2,2
2706,72,63,9,9
2707,113,107,6,6
2708,120,94,26,26
2709,52,51,1,1
2710,43,50,-7,7
2711,63,58,5,5
2712,106,102,4,4
2713,109,102,7,7
2714,136,123,13,13
2715,100,93,7,7
2716,58,60,-2,2
2717,64,60,4,4
2718,135,128,7,7
2719,125,116,9,9
2720,91,100,-9,9
2721,81,79,2,2
2722,53,53,0,0
2723,120,109,11,11
2724,96,92,4,4
2725,42,36,6,6
2726,122,114,8,8
2727,67,62,5,5
2728,97,84,13,13
2729,65,63,2,2
2730,86,87,-1,1
2731,72,66,6,6
2732,62,58,4,4
2733,72,65,7,7
2734,83,69,14,14
2735,129,118,11,11
2736,109,99,10,10
2737,72,80,-8,8
2738,78,78,0,0
2739,175,166,9,9
2740,125,114,11,11
2741,65,56,9,9
2742,122,109,13,13
2743,79,78,1,1
2744,35,45,-10,10
2745,86,87,-1,1
2746,120,103,17,17
2747,96,90,6,6
2748,152,139,13,13
2749,114,111,3,3
2750,94,92,2,2
2751,67,66,1,1
2752,94,93,1,1
2753,145,117,28,28
2754,52,56,-4,4
2755,108,102,6,6
2756,86,90,-4,4
2757,91,87,4,4
2758,132,117,15,15
2759,160,146,14,14
2760,94,80,14,14
2761,136,113,23,23
2762,46,45,1,1
2763,76,66,10,10
2764,66,69,-3,3
2765,72,70,2,2
2766,102,96,6,6
2767,77,76,1,1
2768,56,55,1,1
2769,139,130,9,9
2770,217,180,37,37
2771,105,100,5,5
2772,86,75,11,11
2773,172,148,24,24
2774,131,120,11,11
2775,141,126,15,15
2776,85,85,0,0
2777,68,59,9,9
2778,90,87,3,3
2779,75,73,2,2
2780,82,77,5,5
2781,76,70,6,6
2782,92,87,5,5
2783,76,73,3,3
2784,108,100,8,8
2785,99,91,8,8
2786,65,67,-2,2
2787,101,102,-1,1
2788,196,171,25,25
2789,80,79,1,1
2790,130,121,9,9
2791,57,71,-14,14
2792,105,91,14,14
2793,83,80,3,3
2794,75,84,-9,9
2795,37,43,-6,6
2796,92,94,-2,2
2797,70,67,3,3
2798,35,43,-8,8
2799,120,104,16,16
2800,87,73,14,14
2801,56,50,6,6
2802,84,78,6,6
2803,185,162,23,23
2804,95,79,16,16
2805,76,72,4,4
2806,60,57,3,3
2807,84,80,4,4
2808,67,64,3,3
2809,79,73,6,6
2810,106,96,10,10
2811,121,110,11,11
2812,81,83,-2,2
2813,93,86,7,7
2814,150,128,22,22
2815,104,102,2,2
2816,95,87,8,8
2817,120,103,17,17
2818,140,133,7,7
2819,106,108,-2,2
2820,92,76,16,16
2821,75,71,4,4
2822,69,78,-9,9
2823,78,71,7,7
2824,57,58,-1,1
2825,71,63,8,8
2826,110,96,14,14
2827,90,83,7,7
2828,58,55,3,3
2829,52,52,0,0
2830,108,104,4,4
2831,53,60,-7,7
2832,102,93,9,9
2833,89,88,1,1
2834,158,131,27,27
2835,81,69,12,12
2836,93,95,-2,2
2837,127,112,15,15
2838,117,104,13,13
2839,105,92,13,13
2840,133,117,16,16
2841,106,92,14,14
2842,149,129,20,20
2843,117,105,12,12
2844,92,85,7,7
2845,74,69,5,5
2846,156,133,23,23
2847,90,83,7,7
2848,116,110,6,6
2849,118,107,11,11
2850,109,102,7,7
2851,110,100,10,10
2852,84,86,-2,2
2853,120,101,19,19
2854,145,132,13,13
2855,64,65,-1,1
2856,95,105,-10,10
2857,54,52,2,2
2858,109,97,12,12
2859,81,76,5,5
2860,74,70,4,4
2861,123,119,4,4
2862,88,83,5,5
2863,153,144,9,9
2864,119,118,1,1
2865,100,90,10,10
2866,91,82,9,9
2867,85,68,17,17
2868,72,65,7,7
2869,137,117,20,20
2870,120,133,-13,13
2871,58,57,1,1
2872,106,98,8,8
2873,100,86,14,14
2874,75,74,1,1
2875,71,64,7,7
2876,90,81,9,9
2877,56,52,4,4
2878,109,100,9,9
2879,97,96,1,1
2880,95,85,10,10
2881,84,74,10,10
2882,64,61,3,3
2883,79,74,5,5
2884,66,63,3,3
2885,65,67,-2,2
2886,117,110,7,7
2887,143,129,14,14
2888,65,58,7,7
2889,80,75,5,5
2890,111,111,0,0
2891,116,105,11,11
2892,80,120,-40,40
2893,89,87,2,2
2894,181,153,28,28
2895,95,83,12,12
2896,81,77,4,4
2897,172,139,33,33
2898,137,115,22,22
2899,83,79,4,4
2900,98,92,6,6
2901,131,115,16,16
2902,75,72,3,3
2903,160,144,16,16
2904,115,98,17,17
2905,124,118,6,6
2906,121,104,17,17
2907,113,102,11,11
2908,116,103,13,13
2909,62,68,-6,6
2910,94,82,12,12
2911,92,84,8,8
2912,144,127,17,17
2913,37,83,-46,46
2914,65,67,-2,2
2915,159,160,-1,1
2916,76,68,8,8
2917,116,106,10,10
2918,79,72,7,7
2919,89,94,-5,5
2920,79,76,3,3
2921,100,100,0,0
2922,92,83,9,9
2923,90,81,9,9
2924,53,54,-1,1
2925,97,101,-4,4
2926,148,129,19,19
2927,104,104,0,0
2928,57,51,6,6
2929,71,67,4,4
2930,116,117,-1,1
2931,191,169,22,22
2932,122,109,13,13
2933,60,61,-1,1
2934,125,144,-19,19
2935,69,73,-4,4
2936,98,93,5,5
2937,131,110,21,21
2938,105,103,2,2
2939,103,93,10,10
2940,60,64,-4,4
2941,67,64,3,3
2942,118,106,12,12
2943,58,73,-15,15
2944,76,72,4,4
2945,109,90,19,19
2946,72,68,4,4
2947,87,79,8,8
2948,57,60,-3,3
2949,85,82,3,3
2950,78,77,1,1
2951,88,77,11,11
2952,75,66,9,9
2953,124,109,15,15
2954,84,84,0,0
2955,112,99,13,13
2956,98,84,14,14
2957,152,133,19,19
2958,54,53,1,1
2959,121,114,7,7
2960,164,139,25,25
2961,58,57,1,1
2962,164,142,22,22
2963,47,54,-7,7
2964,163,156,7,7
2965,104,92,12,12
2966,66,67,-1,1
2967,111,103,8,8
2968,60,65,-5,5
2969,45,44,1,1
2970,98,84,14,14
2971,129,109,20,20
2972,94,87,7,7
2973,100,94,6,6
2974,88,85,3,3
2975,79,75,4,4
2976,73,73,0,0
2977,125,113,12,12
2978,91,88,3,3
2979,102,98,4,4
2980,137,124,13,13
2981,186,169,17,17
2982,67,68,-1,1
2983,59,61,-2,2
2984,36,42,-6,6
2985,128,110,18,18
2986,80,72,8,8
2987,102,109,-7,7
2988,137,107,30,30
2989,58,50,8,8
2990,94,88,6,6
2991,90,80,10,10
2992,110,94,16,16
2993,101,102,-1,1
2994,78,75,3,3
2995,121,99,22,22
2996,87,79,8,8
2997,81,79,2,2
2998,70,70,0,0
2999,142,124,18,18
3000,93,89,4,4
3001,98,82,16,16
3002,125,114,11,11
3003,65,60,5,5
3004,126,116,10,10
3005,77,71,6,6
3006,79,79,0,0
3007,85,83,2,2
3008,65,61,4,4
3009,74,73,1,1
3010,124,116,8,8
3011,112,96,16,16
3012,99,98,1,1
3013,73,67,6,6
3014,97,92,5,5
3015,73,70,3,3
3016,58,71,-13,13
3017,172,154,18,18
3018,91,85,6,6
3019,67,67,0,0
3020,100,95,5,5
3021,110,103,7,7
3022,58,62,-4,4
3023,96,93,3,3
3024,69,76,-7,7
3025,91,84,7,7
3026,64,65,-1,1
3027,71,74,-3,3
3028,49,65,-16,16
3029,88,90,-2,2
3030,147,116,31,31
3031,71,65,6,6
3032,117,104,13,13
3033,89,89,0,0
3034,95,83,12,12
3035,78,77,1,1
3036,82,89,-7,7
3037,72,74,-2,2
3038,137,112,25,25
3039,122,120,2,2
3040,115,101,14,14
3041,120,104,16,16
3042,119,115,4,4
3043,84,78,6,6
3044,88,77,11,11
3045,60,58,2,2
3046,115,104,11,11
3047,81,73,8,8
3048,136,134,2,2
3049,85,88,-3,3
3050,100,102,-2,2
3051,118,114,4,4
3052,109,98,11,11
3053,61,73,-12,12
3054,105,98,7,7
3055,206,173,33,33
3056,112,103,9,9
3057,83,77,6,6
3058,181,170,11,11
3059,151,129,22,22
3060,104,97,7,7
3061,83,93,-10,10
3062,109,95,14,14
3063,62,62,0,0
3064,76,74,2,2
3065,86,88,-2,2
3066,127,106,21,21
3067,83,76,7,7
3068,122,102,20,20
3069,103,98,5,5
3070,107,100,7,7
3071,94,85,9,9
3072,103,84,19,19
3073,72,66,6,6
3074,66,66,0,0
3075,70,80,-10,10
3076,54,51,3,3
3077,57,65,-8,8
3078,165,150,15,15
3079,125,110,15,15
3080,125,121,4,4
3081,92,85,7,7
3082,53,44,9,9
3083,106,118,-12,12
3084,95,85,10,10
3085,94,82,12,12
3086,72,72,0,0
3087,78,72,6,6
3088,113,106,7,7
3089,106,88,18,18
3090,101,92,9,9
3091,102,104,-2,2
3092,95,83,12,12
3093,69,68,1,1
3094,74,65,9,9
3095,104,88,16,16
3096,78,77,1,1
3097,86,84,2,2
3098,41,47,-6,6
3099,86,83,3,3
3100,80,74,6,6
3101,182,154,28,28
3102,83,80,3,3
3103,65,61,4,4
3104,81,70,11,11
3105,159,142,17,17
3106,103,93,10,10
3107,102,89,13,13
3108,60,52,8,8
3109,142,118,24,24
3110,62,60,2,2
3111,129,115,14,14
3112,79,81,-2,2
3113,87,83,4,4
3114,127,108,19,19
3115,56,59,-3,3
3116,94,98,-4,4
3117,90,82,8,8
3118,62,65,-3,3
3119,60,63,-3,3
3120,110,122,-12,12
3121,98,95,3,3
3122,58,61,-3,3
3123,88,83,5,5
3124,35,31,4,4
3125,138,126,12,12
3126,73,72,1,1
3127,99,77,22,22
3128,87,77,10,10
3129,69,69,0,0
3130,102,86,16,16
3131,89,87,2,2
3132,106,91,15,15
3133,116,104,12,12
3134,69,68,1,1
3135,75,69,6,6
3136,91,80,11,11
3137,67,66,1,1
3138,133,127,6,6
3139,76,75,1,1
3140,103,88,15,15
3141,71,61,10,10
3142,135,120,15,15
3143,99,94,5,5
3144,104,92,12,12
3145,146,120,26,26
3146,57,44,13,13
3147,108,107,1,1
3148,82,73,9,9
3149,106,90,16,16
3150,110,103,7,7
3151,98,92,6,6
3152,62,56,6,6
3153,102,96,6,6
3154,130,122,8,8
3155,108,92,16,16
3156,61,64,-3,3
3157,73,81,-8,8
3158,54,55,-1,1
3159,63,56,7,7
3160,140,112,28,28
3161,47,110,-63,63
3162,68,73,-5,5
3163,134,116,18,18
3164,106,94,12,12
3165,72,70,2,2
3166,107,100,7,7
3167,107,98,9,9
3168,53,52,1,1
3169,112,98,14,14
3170,124,115,9,9
3171,103,91,12,12
3172,76,76,0,0
3173,103,97,6,6
3174,92,90,2,2
3175,40,44,-4,4
3176,79,73,6,6
3177,83,85,-2,2
3178,77,71,6,6
3179,75,70,5,5
3180,63,56,7,7
3181,134,120,14,14
3182,66,66,0,0
3183,173,160,13,13
3184,100,85,15,15
3185,119,97,22,22
3186,143,131,12,12
3187,61,67,-6,6
3188,59,61,-2,2
3189,91,92,-1,1
3190,61,58,3,3
3191,127,114,13,13
3192,164,147,17,17
3193,81,74,7,7
3194,136,120,16,16
3195,73,77,-4,4
3196,72,72,0,0
3197,82,76,6,6
3198,79,76,3,3
3199,70,73,-3,3
3200,95,86,9,9
3201,63,62,1,1
3202,67,67,0,0
3203,127,118,9,9
3204,107,97,10,10
3205,58,59,-1,1
3206,91,87,4,4
3207,60,53,7,7
3208,94,98,-4,4
3209,90,75,15,15
3210,49,47,2,2
3211,94,107,-13,13
3212,68,59,9,9
3213,86,71,15,15
3214,107,88,19,19
3215,54,52,2,2
3216,88,78,10,10
3217,69,71,-2,2
3218,85,75,10,10
3219,99,90,9,9
3220,116,116,0,0
3221,113,102,11,11
3222,42,55,-13,13
3223,36,33,3,3
3224,52,57,-5,5
3225,88,76,12,12
3226,62,65,-3,3
3227,87,74,13,13
3228,97,102,-5,5
3229,94,90,4,4
3230,113,103,10,10
3231,168,149,19,19
3232,107,92,15,15
3233,130,118,12,12
3234,169,141,28,28
3235,84,84,0,0
3236,151,117,34,34
3237,75,66,9,9
3238,73,68,5,5
3239,64,68,-4,4
3240,144,139,5,5
3241,86,82,4,4
3242,91,81,10,10
3243,76,68,8,8
3244,112,107,5,5
3245,46,59,-13,13
3246,51,51,0,0
3247,116,99,17,17
3248,106,112,-6,6
3249,63,69,-6,6
3250,115,101,14,14
3251,151,148,3,3
3252,70,63,7,7
3253,153,139,14,14
3254,66,62,4,4
3255,95,93,2,2
3256,71,68,3,3
3257,75,76,-1,1
3258,83,74,9,9
3259,75,64,11,11
3260,111,91,20,20
3261,95,89,6,6
3262,133,109,24,24
3263,56,51,5,5
3264,42,50,-8,8
3265,61,65,-4,4
3266,72,71,1,1
3267,60,60,0,0
3268,95,82,13,13
3269,115,117,-2,2
3270,101,100,1,1
3271,65,65,0,0
3272,100,101,-1,1
3273,69,69,0,0
3274,81,76,5,5
3275,82,78,4,4
3276,107,97,10,10
3277,112,110,2,2
3278,99,89,10,10
3279,75,71,4,4
3280,161,142,19,19
3281,76,70,6,6
3282,142,130,12,12
3283,111,97,14,14
3284,78,76,2,2
3285,137,124,13,13
3286,40,38,2,2
3287,65,64,1,1
3288,88,86,2,2
3289,103,84,19,19
3290,143,149,-6,6
3291,37,31,6,6
3292,65,57,8,8
3293,90,77,13,13
3294,97,80,17,17
3295,107,97,10,10
3296,104,103,1,1
3297,151,128,23,23
3298,98,92,6,6
3299,91,91,0,0
3300,90,78,12,12
3301,79,82,-3,3
3302,62,56,6,6
3303,83,74,9,9
3304,102,100,2,2
3305,92,93,-1,1
3306,48,51,-3,3
3307,103,97,6,6
3308,65,57,8,8
3309,84,80,4,4
3310,57,56,1,1
3311,108,103,5,5
3312,80,76,4,4
3313,66,78,-12,12
3314,106,106,0,0
3315,52,52,0,0
3316,107,110,-3,3
3317,107,90,17,17
3318,57,56,1,1
3319,137,124,13,13
3320,69,66,3,3
3321,90,78,12,12
3322,65,66,-1,1
3323,49,51,-2,2
3324,153,135,18,18
3325,119,106,13,13
3326,75,75,0,0
3327,160,142,18,18
3328,140,129,11,11
3329,146,137,9,9
3330,104,83,21,21
3331,94,90,4,4
3332,60,52,8,8
3333,118,99,19,19
3334,71,68,3,3
3335,66,67,-1,1
3336,183,155,28,28
3337,103,86,17,17
3338,119,104,15,15
3339,107,112,-5,5
3340,92,80,12,12
3341,89,89,0,0
3342,116,99,17,17
3343,84,75,9,9
3344,118,114,4,4
3345,52,55,-3,3
3346,75,78,-3,3
3347,163,146,17,17
3348,96,92,4,4
3349,104,102,2,2
3350,135,131,4,4
3351,78,75,3,3
3352,127,111,16,16
3353,96,88,8,8
3354,123,102,21,21
3355,119,102,17,17
3356,83,81,2,2
3357,107,101,6,6
3358,96,80,16,16
3359,105,93,12,12
3360,142,115,27,27
3361,67,70,-3,3
3362,67,72,-5,5
3363,126,112,14,14
3364,59,60,-1,1
3365,59,58,1,1
3366,74,72,2,2
3367,87,81,6,6
3368,69,68,1,1
3369,66,65,1,1
3370,117,98,19,19
3371,186,167,19,19
3372,63,64,-1,1
3373,125,117,8,8
3374,87,76,11,11
3375,97,93,4,4
3376,96,86,10,10
3377,49,49,0,0
3378,105,103,2,2
3379,48,48,0,0
3380,111,99,12,12
3381,98,98,0,0
3382,123,103,20,20
3383,74,63,11,11
3384,55,55,0,0
3385,124,111,13,13
3386,151,132,19,19
3387,54,51,3,3
3388,44,50,-6,6
3389,78,79,-1,1
3390,141,135,6,6
3391,85,83,2,2
3392,40,54,-14,14
3393,77,70,7,7
3394,104,93,11,11
3395,71,64,7,7
3396,94,94,0,0
3397,98,99,-1,1
3398,56,57,-1,1
3399,64,65,-1,1
3400,107,100,7,7
3401,58,60,-2,2
3402,40,44,-4,4
3403,107,88,19,19
3404,110,98,12,12
3405,124,103,21,21
3406,100,85,15,15
3407,88,89,-1,1
3408,131,104,27,27
3409,93,81,12,12
3410,134,120,14,14
3411,81,85,-4,4
3412,81,80,1,1
3413,84,82,2,2
3414,86,82,4,4
3415,152,143,9,9
3416,64,64,0,0
3417,73,76,-3,3
3418,118,110,8,8
3419,73,66,7,7
3420,88,75,13,13
3421,112,112,0,0
3422,141,127,14,14
3423,150,142,8,8
3424,105,98,7,7
3425,163,142,21,21
3426,29,38,-9,9
3427,94,87,7,7
3428,67,69,-2,2
3429,98,105,-7,7
3430,89,84,5,5
3431,106,96,10,10
3432,100,93,7,7
3433,107,92,15,15
3434,64,66,-2,2
3435,45,51,-6,6
3436,77,75,2,2
3437,144,121,23,23
3438,103,97,6,6
3439,67,97,-30,30
3440,38,37,1,1
3441,116,103,13,13
3442,102,96,6,6
3443,119,105,14,14
3444,88,84,4,4
3445,111,99,12,12
3446,48,50,-2,2
3447,131,103,28,28
3448,86,81,5,5
3449,76,72,4,4
3450,80,81,-1,1
3451,99,87,12,12
3452,132,119,13,13
3453,91,99,-8,8
3454,105,96,9,9
3455,159,150,9,9
3456,117,103,14,14
3457,142,134,8,8
3458,69,60,9,9
3459,79,78,1,1
3460,134,128,6,6
3461,101,87,14,14
3462,94,84,10,10
3463,97,110,-13,13
3464,112,90,22,22
3465,70,64,6,6
3466,139,121,18,18
3467,120,104,16,16
3468,93,88,5,5
3469,70,68,2,2
3470,77,69,8,8
3471,91,84,7,7
3472,57,52,5,5
3473,75,79,-4,4
3474,64,57,7,7
3475,88,83,5,5
3476,90,88,2,2
3477,82,80,2,2
3478,54,55,-1,1
3479,101,90,11,11
3480,102,100,2,2
3481,92,86,6,6
3482,77,72,5,5
3483,76,74,2,2
3484,109,110,-1,1
3485,48,51,-3,3
3486,86,78,8,8
3487,91,83,8,8
3488,60,54,6,6
3489,117,110,7,7
3490,121,114,7,7
3491,129,124,5,5
3492,90,92,-2,2
3493,106,79,27,27
3494,80,68,12,12
3495,129,104,25,25
3496,65,64,1,1
3497,48,51,-3,3
3498,104,95,9,9
3499,72,66,6,6
3500,69,67,2,2
3501,115,102,13,13
3502,147,151,-4,4
3503,83,80,3,3
3504,96,91,5,5
3505,83,75,8,8
3506,106,97,9,9
3507,83,82,1,1
3508,94,77,17,17
3509,101,79,22,22
3510,112,104,8,8
3511,56,61,-5,5
3512,106,101,5,5
3513,93,81,12,12
3514,83,85,-2,2
3515,60,61,-1,1
3516,116,110,6,6
3517,127,105,22,22
3518,65,68,-3,3
3519,134,127,7,7
3520,45,52,-7,7
3521,74,76,-2,2
3522,107,100,7,7
3523,97,91,6,6
3524,145,131,14,14
3525,101,96,5,5
3526,104,85,19,19
3527,90,86,4,4
3528,98,88,10,10
3529,107,103,4,4
3530,66,64,2,2
3531,76,79,-3,3
3532,39,34,5,5
3533,89,83,6,6
3534,47,51,-4,4
3535,68,76,-8,8
3536,47,50,-3,3
3537,194,154,40,40
3538,107,109,-2,2
3539,155,138,17,17
3540,163,144,19,19
3541,93,80,13,13
3542,124,120,4,4
3543,28,31,-3,3
3544,101,101,0,0
3545,70,68,2,2
3546,61,64,-3,3
3547,92,80,12,12
3548,78,78,0,0
3549,51,53,-2,2
3550,99,92,7,7
3551,95,88,7,7
3552,137,112,25,25
3553,90,81,9,9
3554,84,84,0,0
3555,72,75,-3,3
3556,83,84,-1,1
3557,94,89,5,5
3558,86,78,8,8
3559,86,74,12,12
3560,87,87,0,0
3561,104,106,-2,2
3562,58,60,-2,2
3563,50,60,-10,10
3564,44,46,-2,2
3565,83,77,6,6
3566,97,87,10,10
3567,146,119,27,27
3568,147,118,29,29
3569,107,97,10,10
3570,117,97,20,20
3571,152,144,8,8
3572,130,107,23,23
3573,157,132,25,25
3574,268,212,56,56
3575,90,79,11,11
3576,101,98,3,3
3577,73,70,3,3
3578,120,112,8,8
3579,86,79,7,7
3580,144,120,24,24
3581,97,89,8,8
3582,93,83,10,10
3583,49,50,-1,1
3584,97,93,4,4
3585,99,81,18,18
3586,63,59,4,4
3587,135,114,21,21
3588,66,65,1,1
3589,71,68,3,3
3590,74,69,5,5
3591,160,134,26,26
3592,52,59,-7,7
3593,84,73,11,11
3594,127,120,7,7
3595,82,78,4,4
3596,80,80,0,0
3597,108,103,5,5
3598,104,104,0,0
3599,106,94,12,12
3600,154,136,18,18
3601,54,55,-1,1
3602,91,93,-2,2
3603,115,120,-5,5
3604,98,96,2,2
3605,117,110,7,7
3606,46,50,-4,4
3607,93,89,4,4
3608,50,53,-3,3
3609,110,139,-29,29
3610,101,93,8,8
3611,121,106,15,15
3612,129,124,5,5
3613,123,106,17,17
3614,55,67,-12,12
3615,97,79,18,18
3616,102,95,7,7
3617,127,126,1,1
3618,66,73,-7,7
3619,75,73,2,2
3620,125,124,1,1
3621,75,66,9,9
3622,137,135,2,2
3623,76,71,5,5
3624,80,66,14,14
3625,93,89,4,4
3626,213,195,18,18
3627,73,67,6,6
3628,99,89,10,10
3629,152,136,16,16
3630,110,105,5,5
3631,53,56,-3,3
3632,83,76,7,7
3633,94,91,3,3
3634,60,59,1,1
3635,150,132,18,18
3636,146,121,25,25
3637,156,155,1,1
3638,99,92,7,7
3639,66,60,6,6
3640,85,73,12,12
3641,68,79,-11,11
3642,174,154,20,20
3643,112,92,20,20
3644,102,98,4,4
3645,96,89,7,7
3646,123,110,13,13
3647,62,65,-3,3
3648,42,48,-6,6
3649,84,74,10,10
3650,99,106,-7,7
3651,96,94,2,2
3652,94,81,13,13
3653,88,75,13,13
3654,113,99,14,14
3655,136,129,7,7
3656,51,54,-3,3
3657,82,85,-3,3
3658,103,87,16,16
3659,109,97,12,12
3660,39,48,-9,9
3661,66,57,9,9
3662,68,61,7,7
3663,97,83,14,14
3664,85,76,9,9
3665,123,107,16,16
3666,134,126,8,8
3667,171,149,22,22
3668,88,85,3,3
3669,83,71,12,12
3670,52,54,-2,2
3671,90,84,6,6
3672,75,70,5,5
3673,80,74,6,6
3674,85,73,12,12
3675,113,118,-5,5
3676,85,67,18,18
3677,124,110,14,14
3678,126,108,18,18
3679,136,115,21,21
3680,111,103,8,8
3681,122,102,20,20
3682,84,79,5,5
3683,53,52,1,1
3684,83,80,3,3
3685,132,121,11,11
3686,133,123,10,10
3687,96,86,10,10
3688,53,51,2,2
3689,87,92,-5,5
3690,63,59,4,4
3691,92,76,16,16
3692,73,76,-3,3
3693,142,124,18,18
3694,93,75,18,18
3695,69,63,6,6
3696,59,56,3,3
3697,120,115,5,5
3698,52,51,1,1
3699,50,50,0,0
3700,80,85,-5,5
3701,68,68,0,0
3702,73,69,4,4
3703,245,184,61,61
3704,147,137,10,10
3705,75,72,3,3
3706,59,63,-4,4
3707,84,76,8,8
3708,92,84,8,8
3709,146,126,20,20
3710,183,167,16,16
3711,64,66,-2,2
3712,101,82,19,19
3713,102,96,6,6
3714,117,105,12,12
3715,178,164,14,14
3716,143,114,29,29
3717,68,69,-1,1
3718,90,78,12,12
3719,48,44,4,4
3720,74,70,4,4
3721,63,59,4,4
3722,74,69,5,5
3723,83,81,2,2
3724,89,87,2,2
3725,112,97,15,15
3726,89,89,0,0
3727,71,65,6,6
3728,72,71,1,1
3729,66,62,4,4
3730,173,159,14,14
3731,139,129,10,10
3732,94,92,2,2
3733,48,51,-3,3
3734,102,97,5,5
3735,69,66,3,3
3736,67,59,8,8
3737,91,85,6,6
3738,109,104,5,5
3739,39,43,-4,4
3740,146,127,19,19
3741,103,99,4,4
3742,149,138,11,11
3743,78,67,11,11
3744,78,76,2,2
3745,76,64,12,12
3746,81,80,1,1
3747,155,143,12,12
3748,76,76,0,0
3749,113,101,12,12
3750,87,79,8,8
3751,81,66,15,15
3752,82,82,0,0
3753,107,105,2,2
3754,148,137,11,11
3755,57,64,-7,7
3756,73,69,4,4
3757,112,96,16,16
3758,48,49,-1,1
3759,77,81,-4,4
3760,142,119,23,23
3761,142,119,23,23
3762,122,112,10,10
3763,67,63,4,4
3764,132,107,25,25
3765,134,139,-5,5
3766,96,83,13,13
3767,70,65,5,5
3768,84,78,6,6
3769,108,90,18,18
3770,159,141,18,18
3771,114,114,0,0
3772,71,70,1,1
3773,88,90,-2,2
3774,95,85,10,10
3775,36,34,2,2
3776,99,97,2,2
3777,54,55,-1,1
3778,148,127,21,21
3779,75,65,10,10
3780,64,73,-9,9
3781,170,150,20,20
3782,176,148,28,28
3783,143,120,23,23
3784,108,91,17,17
3785,94,151,-57,57
3786,102,107,-5,5
3787,92,92,0,0
3788,132,124,8,8
3789,84,79,5,5
3790,152,137,15,15
3791,94,77,17,17
3792,103,98,5,5
3793,122,111,11,11
3794,79,81,-2,2
3795,81,65,16,16
3796,81,79,2,2
3797,65,57,8,8
3798,90,74,16,16
3799,85,82,3,3
3800,74,69,5,5
3801,110,99,11,11
3802,62,69,-7,7
3803,132,122,10,10
3804,94,88,6,6
3805,77,69,8,8
3806,69,76,-7,7
3807,90,81,9,9
3808,58,58,0,0
3809,101,97,4,4
3810,72,74,-2,2
3811,49,66,-17,17
3812,120,113,7,7
3813,60,69,-9,9
3814,140,142,-2,2
3815,53,52,1,1
3816,66,64,2,2
3817,60,56,4,4
3818,103,97,6,6
3819,92,89,3,3
3820,158,126,32,32
3821,71,86,-15,15
3822,73,74,-1,1
3823,66,68,-2,2
3824,149,130,19,19
3825,146,128,18,18
3826,68,63,5,5
3827,108,101,7,7
3828,54,57,-3,3
3829,70,65,5,5
3830,98,91,7,7
3831,112,102,10,10
3832,64,62,2,2
3833,96,92,4,4
3834,124,123,1,1
3835,73,72,1,1
3836,75,71,4,4
3837,97,91,6,6
3838,100,93,7,7
3839,153,158,-5,5
3840,145,136,9,9
3841,98,85,13,13
3842,114,94,20,20
3843,111,90,21,21
3844,68,72,-4,4
3845,60,62,-2,2
3846,87,93,-6,6
3847,74,56,18,18
3848,54,61,-7,7
3849,77,72,5,5
3850,63,56,7,7
3851,120,105,15,15
3852,107,89,18,18
3853,75,74,1,1
3854,96,92,4,4
3855,50,39,11,11
3856,152,120,32,32
3857,133,118,15,15
3858,140,129,11,11
3859,63,61,2,2
3860,82,84,-2,2
3861,101,103,-2,2
3862,78,70,8,8
3863,101,89,12,12
3864,74,70,4,4
3865,104,91,13,13
3866,97,91,6,6
3867,55,65,-10,10
3868,166,145,21,21
3869,110,96,14,14
3870,76,89,-13,13
3871,81,78,3,3
3872,128,115,13,13
3873,108,100,8,8
3874,68,62,6,6
3875,86,81,5,5
3876,79,74,5,5
3877,65,63,2,2
3878,148,134,14,14
3879,165,138,27,27
3880,96,94,2,2
3881,61,59,2,2
3882,86,74,12,12
3883,65,60,5,5
3884,124,120,4,4
3885,94,84,10,10
3886,55,54,1,1
3887,71,68,3,3
3888,132,108,24,24
3889,55,55,0,0
3890,97,101,-4,4
3891,96,95,1,1
3892,101,92,9,9
3893,100,80,20,20
3894,78,69,9,9
3895,132,124,8,8
3896,73,72,1,1
3897,93,75,18,18
3898,51,49,2,2
3899,136,125,11,11
3900,80,68,12,12
3901,159,156,3,3
3902,151,132,19,19
3903,64,60,4,4
3904,75,73,2,2
3905,151,122,29,29
3906,72,75,-3,3
3907,113,92,21,21
3908,88,85,3,3
3909,93,84,9,9
3910,62,67,-5,5
3911,59,66,-7,7
3912,104,97,7,7
3913,133,114,19,19
3914,66,73,-7,7
3915,90,93,-3,3
3916,98,88,10,10
3917,181,132,49,49
3918,68,58,10,10
3919,81,73,8,8
3920,148,132,16,16
3921,92,76,16,16
3922,109,96,13,13
3923,176,159,17,17
3924,236,191,45,45
3925,112,98,14,14
3926,74,73,1,1
3927,82,70,12,12
3928,78,74,4,4
3929,83,79,4,4
3930,89,84,5,5
3931,95,90,5,5
3932,177,154,23,23
3933,53,61,-8,8
3934,94,97,-3,3
3935,104,93,11,11
3936,63,60,3,3
3937,94,87,7,7
3938,95,86,9,9
3939,122,103,19,19
3940,135,117,18,18
3941,170,138,32,32
3942,104,111,-7,7
3943,153,126,27,27
3944,70,86,-16,16
3945,124,104,20,20
3946,81,73,8,8
3947,143,125,18,18
3948,86,91,-5,5
3949,87,78,9,9
3950,92,91,1,1
3951,111,100,11,11
3952,73,72,1,1
3953,83,69,14,14
3954,117,104,13,13
3955,92,84,8,8
3956,70,74,-4,4
3957,107,97,10,10
3958,62,66,-4,4
3959,96,88,8,8
3960,93,85,8,8
3961,50,52,-2,2
3962,61,55,6,6
3963,118,112,6,6
3964,117,104,13,13
3965,116,101,15,15
3966,183,156,27,27
3967,56,62,-6,6
3968,67,62,5,5
3969,81,71,10,10
3970,117,101,16,16
3971,98,88,10,10
3972,63,58,5,5
3973,62,59,3,3
3974,84,86,-2,2
3975,156,142,14,14
3976,105,90,15,15
3977,89,77,12,12
3978,132,128,4,4
3979,106,102,4,4
3980,111,101,10,10
3981,150,145,5,5
3982,95,96,-1,1
3983,20,31,-11,11
3984,99,94,5,5
3985,103,93,10,10
3986,73,82,-9,9
3987,83,74,9,9
3988,69,61,8,8
3989,130,118,12,12
3990,106,97,9,9
3991,104,85,19,19
3992,125,121,4,4
3993,121,94,27,27
3994,190,169,21,21
3995,116,109,7,7
3996,87,97,-10,10
3997,71,69,2,2
3998,71,76,-5,5
3999,146,140,6,6
4000,97,92,5,5
4001,98,88,10,10
4002,127,120,7,7
4003,74,70,4,4
4004,47,45,2,2
4005,92,84,8,8
4006,82,71,11,11
4007,118,104,14,14
4008,137,108,29,29
4009,101,90,11,11
4010,51,53,-2,2
4011,88,90,-2,2
4012,177,146,31,31
4013,82,73,9,9
4014,90,88,2,2
4015,99,86,13,13
4016,83,81,2,2
4017,104,95,9,9
4018,83,73,10,10
4019,57,57,0,0
4020,155,140,15,15
4021,107,95,12,12
4022,72,74,-2,2
4023,72,67,5,5
4024,102,93,9,9
4025,90,82,8,8
4026,111,96,15,15
4027,123,106,17,17
4028,46,50,-4,4
4029,81,78,3,3
4030,95,77,18,18
4031,125,110,15,15
4032,105,90,15,15
4033,74,70,4,4
4034,166,138,28,28
4035,96,91,5,5
4036,70,64,6,6
4037,56,49,7,7
4038,66,60,6,6
4039,85,79,6,6
4040,46,50,-4,4
4041,47,60,-13,13
4042,68,70,-2,2
4043,130,117,13,13
4044,141,131,10,10
4045,95,88,7,7
4046,111,93,18,18
4047,50,51,-1,1
4048,111,107,4,4
4049,100,98,2,2
4050,72,66,6,6
4051,80,79,1,1
4052,120,101,19,19
4053,180,157,23,23
4054,39,43,-4,4
4055,103,106,-3,3
4056,95,90,5,5
4057,146,141,5,5
4058,110,97,13,13
4059,48,36,12,12
4060,83,94,-11,11
4061,66,77,-11,11
4062,86,85,1,1
4063,79,72,7,7
4064,113,111,2,2
4065,114,101,13,13
4066,86,72,14,14
4067,165,147,18,18
4068,69,75,-6,6
4069,124,117,7,7
4070,103,101,2,2
4071,76,56,20,20
4072,118,109,9,9
4073,157,141,16,16
4074,107,98,9,9
4075,170,131,39,39
4076,58,57,1,1
4077,59,60,-1,1
4078,124,105,19,19
4079,142,116,26,26
4080,105,111,-6,6
4081,116,106,10,10
4082,140,126,14,14
4083,92,82,10,10
4084,130,123,7,7
4085,113,103,10,10
4086,129,128,1,1
4087,73,78,-5,5
4088,100,94,6,6
4089,87,90,-3,3
4090,75,65,10,10
4091,87,86,1,1
4092,113,94,19,19
4093,64,63,1,1
4094,83,75,8,8
4095,75,73,2,2
4096,124,119,5,5
4097,87,81,6,6
4098,63,66,-3,3
4099,78,71,7,7
4100,86,83,3,3
4101,104,104,0,0
4102,95,90,5,5
4103,119,118,1,1
4104,99,99,0,0
4105,54,58,-4,4
4106,73,68,5,5
4107,71,66,5,5
4108,83,77,6,6
4109,182,140,42,42
4110,74,80,-6,6
4111,133,119,14,14
4112,80,72,8,8
4113,98,98,0,0
4114,98,94,4,4
4115,96,86,10,10
4116,84,71,13,13
4117,199,186,13,13
4118,153,131,22,22
4119,121,124,-3,3
4120,104,105,-1,1
4121,79,80,-1,1
4122,109,90,19,19
4123,74,75,-1,1
4124,48,51,-3,3
4125,127,114,13,13
4126,77,77,0,0
4127,57,64,-7,7
4128,88,78,10,10
4129,76,64,12,12
4130,120,109,11,11
4131,86,87,-1,1
4132,62,67,-5,5
4133,60,60,0,0
4134,83,74,9,9
4135,90,86,4,4
4136,69,67,2,2
4137,65,65,0,0
4138,97,90,7,7
4139,107,95,12,12
4140,131,126,5,5
4141,118,102,16,16
4142,107,119,-12,12
4143,72,74,-2,2
4144,153,139,14,14
4145,83,76,7,7
4146,55,56,-1,1
4147,106,98,8,8
4148,97,97,0,0
4149,176,155,21,21
4150,139,119,20,20
4151,84,89,-5,5
4152,112,97,15,15
4153,58,65,-7,7
4154,119,107,12,12
4155,75,73,2,2
4156,155,143,12,12
4157,71,59,12,12
4158,150,129,21,21
4159,94,87,7,7
4160,54,62,-8,8
4161,70,70,0,0
4162,125,108,17,17
4163,36,31,5,5
4164,78,76,2,2
4165,96,88,8,8
4166,100,89,11,11
4167,106,95,11,11
4168,129,111,18,18
4169,39,39,0,0
4170,44,44,0,0
4171,97,89,8,8
4172,80,83,-3,3
4173,52,51,1,1
4174,102,92,10,10
4175,101,89,12,12
4176,90,85,5,5
4177,151,134,17,17
4178,82,72,10,10
4179,117,105,12,12
4180,63,73,-10,10
4181,135,121,14,14
4182,71,66,5,5
4183,96,100,-4,4
4184,123,112,11,11
4185,75,70,5,5
4186,60,62,-2,2
4187,103,99,4,4
4188,59,59,0,0
4189,116,118,-2,2
4190,92,85,7,7
4191,76,65,11,11
4192,53,48,5,5
4193,107,105,2,2
4194,70,68,2,2
4195,101,92,9,9
4196,88,78,10,10
4197,84,81,3,3
4198,26,51,-25,25
4199,107,102,5,5
4200,121,111,10,10
4201,66,66,0,0
4202,75,80,-5,5
4203,140,138,2,2
4204,87,78,9,9
4205,57,51,6,6
4206,100,92,8,8
4207,183,149,34,34
4208,131,121,10,10
4209,98,118,-20,20
4210,70,70,0,0
4211,80,74,6,6
4212,112,105,7,7
4213,164,156,8,8
4214,112,95,17,17
4215,49,51,-2,2
4216,69,72,-3,3
4217,64,71,-7,7
4218,78,78,0,0
4219,116,116,0,0
4220,113,97,16,16
4221,123,115,8,8
4222,101,100,1,1
4223,100,100,0,0
4224,84,76,8,8
4225,114,102,12,12
4226,109,92,17,17
4227,52,51,1,1
4228,115,98,17,17
4229,106,100,6,6
4230,93,85,8,8
4231,69,72,-3,3
4232,149,134,15,15
4233,87,80,7,7
4234,103,91,12,12
4235,106,102,4,4
4236,76,87,-11,11
4237,124,122,2,2
4238,115,112,3,3
4239,82,74,8,8
4240,152,145,7,7
4241,138,123,15,15
4242,196,169,27,27
4243,133,105,28,28
4244,146,131,15,15
4245,105,103,2,2
4246,92,94,-2,2
4247,71,64,7,7
4248,97,94,3,3
4249,70,71,-1,1
4250,107,108,-1,1
4251,80,78,2,2
4252,63,75,-12,12
4253,75,68,7,7
4254,75,74,1,1
4255,75,74,1,1
4256,104,88,16,16
4257,152,131,21,21
4258,71,65,6,6
4259,107,94,13,13
4260,161,138,23,23
4261,71,72,-1,1
4262,91,80,11,11
4263,98,85,13,13
4264,108,101,7,7
4265,78,71,7,7
4266,116,110,6,6
4267,108,91,17,17
4268,81,77,4,4
4269,65,70,-5,5
4270,111,104,7,7
4271,70,65,5,5
4272,55,58,-3,3
4273,102,91,11,11
4274,102,95,7,7
4275,56,56,0,0
4276,100,83,17,17
4277,47,43,4,4
4278,145,127,18,18
4279,108,96,12,12
4280,143,129,14,14
4281,123,111,12,12
4282,172,150,22,22
4283,60,63,-3,3
4284,105,91,14,14
4285,46,45,1,1
4286,80,64,16,16
4287,114,109,5,5
4288,189,170,19,19
4289,82,69,13,13
4290,126,116,10,10
4291,157,133,24,24
4292,147,157,-10,10
4293,27,55,-28,28
4294,79,73,6,6
4295,75,70,5,5
4296,65,58,7,7
4297,68,62,6,6
4298,126,113,13,13
4299,133,119,14,14
4300,101,85,16,16
4301,80,73,7,7
4302,103,90,13,13
4303,95,86,9,9
4304,103,97,6,6
4305,113,102,11,11
4306,42,37,5,5
4307,85,82,3,3
4308,82,77,5,5
4309,104,97,7,7
4310,85,71,14,14
4311,107,83,24,24
4312,78,70,8,8
4313,66,64,2,2
4314,108,98,10,10
4315,90,93,-3,3
4316,88,86,2,2
4317,59,59,0,0
4318,79,69,10,10
4319,69,69,0,0
4320,135,125,10,10
4321,96,104,-8,8
4322,148,136,12,12
4323,31,32,-1,1
4324,65,76,-11,11
4325,86,79,7,7
4326,47,47,0,0
4327,83,77,6,6
4328,170,164,6,6
4329,63,64,-1,1
4330,110,98,12,12
4331,182,154,28,28
4332,141,130,11,11
4333,94,92,2,2
4334,81,78,3,3
4335,87,84,3,3
4336,131,118,13,13
4337,117,101,16,16
4338,64,57,7,7
4339,150,155,-5,5
4340,93,95,-2,2
4341,88,82,6,6
4342,90,87,3,3
4343,86,81,5,5
4344,96,101,-5,5
4345,173,146,27,27
4346,104,94,10,10
4347,44,50,-6,6
4348,81,69,12,12
4349,71,62,9,9
4350,77,63,14,14
4351,82,70,12,12
4352,196,167,29,29
4353,126,111,15,15
4354,100,94,6,6
4355,159,136,23,23
4356,61,69,-8,8
4357,54,56,-2,2
4358,73,65,8,8
4359,73,75,-2,2
4360,88,77,11,11
4361,136,123,13,13
4362,94,88,6,6
4363,164,167,-3,3
4364,100,95,5,5
4365,126,111,15,15
4366,50,51,-1,1
4367,79,78,1,1
4368,94,107,-13,13
4369,110,110,0,0
4370,144,129,15,15
4371,62,55,7,7
4372,92,89,3,3
4373,59,60,-1,1
4374,279,213,66,66
4375,149,129,20,20
4376,61,72,-11,11
4377,72,83,-11,11
4378,64,66,-2,2
4379,142,126,16,16
4380,56,52,4,4
4381,140,133,7,7
4382,221,181,40,40
4383,111,95,16,16
4384,93,83,10,10
4385,110,105,5,5
4386,83,71,12,12
4387,65,70,-5,5
4388,154,142,12,12
4389,92,84,8,8
4390,144,125,19,19
4391,102,95,7,7
4392,131,115,16,16
4393,98,87,11,11
4394,104,93,11,11
4395,95,90,5,5
4396,108,107,1,1
4397,89,82,7,7
4398,139,135,4,4
4399,116,102,14,14
4400,58,61,-3,3
4401,140,130,10,10
4402,89,84,5,5
4403,103,96,7,7
4404,67,77,-10,10
4405,62,60,2,2
4406,162,147,15,15
4407,77,70,7,7
4408,99,96,3,3
4409,92,75,17,17
4410,105,99,6,6
4411,99,88,11,11
4412,82,88,-6,6
4413,139,119,20,20
4414,99,90,9,9
4415,82,79,3,3
4416,95,92,3,3
4417,101,90,11,11
4418,85,83,2,2
4419,102,93,9,9
4420,133,124,9,9
4421,76,71,5,5
4422,126,117,9,9
4423,101,91,10,10
4424,119,97,22,22
4425,152,144,8,8
4426,136,111,25,25
4427,87,83,4,4
4428,116,96,20,20
4429,60,61,-1,1
4430,96,90,6,6
4431,76,76,0,0
4432,128,113,15,15
4433,85,81,4,4
4434,84,83,1,1
4435,153,128,25,25
4436,72,63,9,9
4437,73,65,8,8
4438,108,89,19,19
4439,73,68,5,5
4440,94,85,9,9
4441,86,77,9,9
4442,89,78,11,11
4443,56,56,0,0
4444,195,169,26,26
4445,70,68,2,2
4446,64,63,1,1
4447,96,83,13,13
4448,103,101,2,2
4449,131,117,14,14
4450,93,85,8,8
4451,122,114,8,8
4452,54,54,0,0
4453,67,73,-6,6
4454,66,60,6,6
4455,110,104,6,6
4456,108,96,12,12
4457,119,113,6,6
4458,80,67,13,13
4459,60,64,-4,4
4460,88,80,8,8
4461,123,102,21,21
4462,59,59,0,0
4463,103,87,16,16
4464,93,88,5,5
4465,90,81,9,9
4466,157,142,15,15
4467,94,85,9,9
4468,79,80,-1,1
4469,131,123,8,8
4470,50,51,-1,1
4471,111,96,15,15
4472,106,100,6,6
4473,104,98,6,6
4474,94,94,0,0
4475,71,62,9,9
4476,168,137,31,31
4477,102,107,-5,5
4478,58,60,-2,2
4479,49,50,-1,1
4480,96,85,11,11
4481,74,74,0,0
4482,135,124,11,11
4483,171,148,23,23
4484,70,71,-1,1
4485,118,112,6,6
4486,90,75,15,15
4487,101,110,-9,9
4488,97,90,7,7
4489,107,94,13,13
4490,87,78,9,9
4491,43,45,-2,2
4492,79,72,7,7
4493,106,93,13,13
4494,39,35,4,4
4495,178,148,30,30
4496,74,78,-4,4
4497,36,40,-4,4
4498,68,66,2,2
4499,114,98,16,16
4500,80,77,3,3
4501,109,113,-4,4
4502,128,112,16,16
4503,87,91,-4,4
4504,110,101,9,9
4505,100,88,12,12
4506,128,120,8,8
4507,136,122,14,14
4508,129,115,14,14
4509,122,113,9,9
4510,102,93,9,9
4511,109,102,7,7
4512,58,61,-3,3
4513,122,109,13,13
4514,90,83,7,7
4515,57,50,7,7
4516,107,97,10,10
4517,168,149,19,19
4518,98,94,4,4
4519,120,103,17,17
4520,74,69,5,5
4521,88,80,8,8
4522,96,81,15,15
4523,64,66,-2,2
4524,55,56,-1,1
4525,94,87,7,7
4526,148,123,25,25
4527,92,97,-5,5
4528,95,99,-4,4
4529,110,98,12,12
4530,83,72,11,11
4531,139,120,19,19
4532,108,89,19,19
4533,78,74,4,4
4534,78,74,4,4
4535,98,90,8,8
4536,104,93,11,11
4537,68,61,7,7
4538,103,97,6,6
4539,66,51,15,15
4540,100,93,7,7
4541,123,112,11,11
4542,74,81,-7,7
4543,136,116,20,20
4544,47,50,-3,3
4545,92,87,5,5
4546,122,104,18,18
4547,125,120,5,5
4548,122,101,21,21
4549,61,59,2,2
4550,82,94,-12,12
4551,112,99,13,13
4552,48,45,3,3
4553,146,140,6,6
4554,67,57,10,10
4555,115,104,11,11
4556,165,154,11,11
4557,87,89,-2,2
4558,40,43,-3,3
4559,55,51,4,4
4560,127,108,19,19
4561,70,70,0,0
4562,99,98,1,1
4563,45,51,-6,6
4564,95,85,10,10
4565,80,78,2,2
4566,47,51,-4,4
4567,99,104,-5,5
4568,118,109,9,9
4569,104,99,5,5
4570,75,74,1,1
4571,90,83,7,7
4572,82,78,4,4
4573,163,135,28,28
4574,93,82,11,11
4575,166,163,3,3
4576,69,69,0,0
4577,122,124,-2,2
4578,148,139,9,9
4579,56,56,0,0
4580,66,59,7,7
4581,83,88,-5,5
4582,63,59,4,4
4583,108,97,11,11
4584,123,97,26,26
4585,161,157,4,4
4586,83,97,-14,14
4587,49,47,2,2
4588,78,73,5,5
4589,101,96,5,5
4590,38,48,-10,10
4591,98,88,10,10
4592,174,142,32,32
4593,75,85,-10,10
4594,56,56,0,0
4595,138,116,22,22
4596,38,32,6,6
4597,51,51,0,0
4598,69,61,8,8
4599,98,93,5,5
4600,87,81,6,6
4601,88,80,8,8
4602,156,147,9,9
4603,140,125,15,15
4604,92,90,2,2
4605,49,54,-5,5
4606,82,81,1,1
4607,217,230,-13,13
4608,99,95,4,4
4609,110,95,15,15
4610,79,78,1,1
4611,69,62,7,7
4612,87,73,14,14
4613,84,76,8,8
4614,77,69,8,8
4615,78,71,7,7
4616,100,97,3,3
4617,112,101,11,11
4618,130,115,15,15
4619,137,115,22,22
4620,125,108,17,17
4621,86,83,3,3
4622,152,131,21,21
4623,96,97,-1,1
4624,111,105,6,6
4625,99,99,0,0
4626,56,54,2,2
4627,211,193,18,18
4628,109,107,2,2
4629,137,126,11,11
4630,74,73,1,1
4631,120,113,7,7
4632,81,81,0,0
4633,71,71,0,0
4634,88,80,8,8
4635,111,97,14,14
4636,197,174,23,23
4637,85,77,8,8
4638,112,104,8,8
4639,44,61,-17,17
4640,86,85,1,1
4641,72,77,-5,5
4642,59,59,0,0
4643,82,87,-5,5
4644,69,64,5,5
4645,91,82,9,9
4646,142,128,14,14
4647,84,67,17,17
4648,81,78,3,3
4649,101,93,8,8
4650,190,153,37,37
4651,107,95,12,12
4652,119,113,6,6
4653,77,74,3,3
4654,152,138,14,14
4655,64,52,12,12
4656,77,75,2,2
4657,51,49,2,2
4658,77,74,3,3
4659,84,83,1,1
4660,60,58,2,2
4661,107,96,11,11
4662,87,95,-8,8
4663,116,119,-3,3
4664,160,128,32,32
4665,116,107,9,9
4666,84,76,8,8
4667,113,108,5,5
4668,105,97,8,8
4669,55,50,5,5
4670,91,87,4,4
4671,113,96,17,17
4672,62,54,8,8
4673,75,70,5,5
4674,45,50,-5,5
4675,177,146,31,31
4676,131,130,1,1
4677,112,102,10,10
4678,127,123,4,4
4679,146,113,33,33
4680,138,126,12,12
4681,93,91,2,2
4682,65,65,0,0
4683,168,158,10,10
4684,112,115,-3,3
4685,149,130,19,19
4686,140,134,6,6
4687,94,88,6,6
4688,141,125,16,16
4689,75,77,-2,2
4690,134,116,18,18
4691,95,84,11,11
4692,119,97,22,22
4693,95,93,2,2
4694,65,63,2,2
4695,95,94,1,1
4696,97,92,5,5
4697,132,122,10,10
4698,87,82,5,5
4699,124,103,21,21
4700,115,107,8,8
4701,45,48,-3,3
4702,110,96,14,14
4703,57,59,-2,2
4704,126,97,29,29
4705,50,50,0,0
4706,132,120,12,12
4707,71,65,6,6
4708,88,76,12,12
4709,91,96,-5,5
4710,79,74,5,5
4711,47,45,2,2
4712,103,104,-1,1
4713,38,40,-2,2
4714,68,62,6,6
4715,130,113,17,17
4716,157,142,15,15
4717,99,92,7,7
4718,62,56,6,6
4719,79,75,4,4
4720,74,73,1,1
4721,154,127,27,27
4722,36,53,-17,17
4723,81,78,3,3
4724,69,64,5,5
4725,39,42,-3,3
4726,106,99,7,7
4727,141,124,17,17
4728,71,67,4,4
4729,108,98,10,10
4730,142,124,18,18
4731,43,43,0,0
4732,109,109,0,0
4733,72,70,2,2
4734,110,94,16,16
4735,84,88,-4,4
4736,88,78,10,10
4737,156,135,21,21
4738,106,104,2,2
4739,160,146,14,14
4740,105,95,10,10
4741,231,203,28,28
4742,111,94,17,17
4743,53,55,-2,2
4744,124,120,4,4
4745,105,99,6,6
4746,144,137,7,7
4747,83,84,-1,1
4748,81,77,4,4
4749,96,91,5,5
4750,143,124,19,19
4751,118,102,16,16
4752,77,75,2,2
4753,116,111,5,5
4754,116,74,42,42
4755,76,72,4,4
4756,73,70,3,3
4757,92,78,14,14
4758,89,78,11,11
4759,58,54,4,4
4760,70,68,2,2
4761,134,119,15,15
4762,73,78,-5,5
4763,139,122,17,17
4764,59,64,-5,5
4765,59,58,1,1
4766,72,71,1,1
4767,81,76,5,5
4768,96,88,8,8
4769,190,167,23,23
4770,131,112,19,19
4771,188,174,14,14
4772,141,140,1,1
4773,103,94,9,9
4774,65,74,-9,9
4775,86,79,7,7
4776,64,60,4,4
4777,115,113,2,2
4778,58,64,-6,6
4779,150,131,19,19
4780,70,70,0,0
4781,91,84,7,7
4782,104,95,9,9
4783,78,73,5,5
4784,57,53,4,4
4785,117,102,15,15
4786,82,78,4,4
4787,50,54,-4,4
4788,76,76,0,0
4789,64,63,1,1
4790,140,127,13,13
4791,88,89,-1,1
4792,41,38,3,3
4793,56,68,-12,12
4794,161,154,7,7
4795,107,86,21,21
4796,94,87,7,7
4797,71,61,10,10
4798,163,136,27,27
4799,99,87,12,12
4800,30,31,-1,1
4801,99,82,17,17
4802,161,130,31,31
4803,82,78,4,4
4804,92,84,8,8
4805,152,121,31,31
4806,131,103,28,28
4807,99,87,12,12
4808,50,49,1,1
4809,80,81,-1,1
4810,99,92,7,7
4811,69,64,5,5
4812,67,73,-6,6
4813,143,116,27,27
4814,68,67,1,1
4815,65,68,-3,3
4816,94,89,5,5
4817,55,55,0,0
4818,94,86,8,8
4819,45,50,-5,5
4820,140,128,12,12
4821,65,60,5,5
4822,62,57,5,5
4823,94,92,2,2
4824,129,115,14,14
4825,123,114,9,9
4826,80,72,8,8
4827,86,75,11,11
4828,112,108,4,4
4829,89,80,9,9
4830,72,68,4,4
4831,65,66,-1,1
4832,90,87,3,3
4833,71,76,-5,5
4834,107,106,1,1
4835,140,128,12,12
4836,57,61,-4,4
4837,104,97,7,7
4838,56,59,-3,3
4839,103,92,11,11
4840,104,95,9,9
4841,78,73,5,5
4842,126,112,14,14
4843,101,87,14,14
4844,85,85,0,0
4845,72,63,9,9
4846,57,58,-1,1
4847,51,59,-8,8
4848,102,99,3,3
4849,85,84,1,1
4850,71,66,5,5
4851,87,77,10,10
4852,74,72,2,2
4853,104,95,9,9
4854,102,97,5,5
4855,181,153,28,28
4856,130,118,12,12
4857,75,82,-7,7
4858,102,95,7,7
4859,56,62,-6,6
4860,72,71,1,1
4861,90,89,1,1
4862,66,71,-5,5
4863,82,76,6,6
4864,139,144,-5,5
4865,97,80,17,17
4866,83,79,4,4
4867,71,77,-6,6
4868,81,70,11,11
4869,80,69,11,11
4870,152,139,13,13
4871,54,55,-1,1
4872,51,51,0,0
4873,142,117,25,25
4874,134,131,3,3
4875,253,253,0,0
4876,85,95,-10,10
4877,274,201,73,73
4878,180,149,31,31
4879,85,84,1,1
4880,68,72,-4,4
4881,126,113,13,13
4882,147,128,19,19
4883,67,64,3,3
4884,58,63,-5,5
4885,146,134,12,12
4886,170,156,14,14
4887,80,81,-1,1
4888,117,108,9,9
4889,72,69,3,3
4890,52,56,-4,4
4891,92,86,6,6
4892,88,80,8,8
4893,106,100,6,6
4894,93,85,8,8
4895,151,137,14,14
4896,90,81,9,9
4897,71,67,4,4
4898,63,65,-2,2
4899,171,141,30,30
4900,83,68,15,15
4901,125,109,16,16
4902,123,105,18,18
4903,119,105,14,14
4904,100,90,10,10
4905,97,101,-4,4
4906,82,71,11,11
4907,104,102,2,2
4908,84,76,8,8
4909,133,124,9,9
4910,66,66,0,0
4911,328,247,81,81
4912,66,65,1,1
4913,129,111,18,18
4914,60,59,1,1
4915,107,112,-5,5
4916,88,75,13,13
4917,92,100,-8,8
4918,97,77,20,20
4919,95,90,5,5
4920,176,146,30,30
4921,93,86,7,7
4922,124,120,4,4
4923,80,73,7,7
4924,117,104,13,13
4925,92,81,11,11
4926,137,109,28,28
4927,160,143,17,17
4928,114,103,11,11
4929,78,66,12,12
4930,73,70,3,3
4931,62,58,4,4
4932,85,83,2,2
4933,52,55,-3,3
4934,53,56,-3,3
4935,98,74,24,24
4936,92,89,3,3
4937,100,95,5,5
4938,114,104,10,10
4939,139,130,9,9
4940,76,75,1,1
4941,119,105,14,14
4942,41,46,-5,5
4943,53,49,4,4
4944,268,251,17,17
4945,66,62,4,4
4946,130,111,19,19
4947,115,104,11,11
4948,157,147,10,10
4949,50,55,-5,5
4950,75,71,4,4
4951,79,71,8,8
4952,85,77,8,8
4953,42,63,-21,21
4954,85,72,13,13
4955,95,88,7,7
4956,72,75,-3,3
4957,90,94,-4,4
4958,81,73,8,8
4959,109,104,5,5
4960,146,141,5,5
4961,131,111,20,20
4962,138,119,19,19
4963,32,41,-9,9
4964,86,82,4,4
4965,76,75,1,1
4966,73,78,-5,5
4967,132,117,15,15
4968,136,125,11,11
4969,36,41,-5,5
4970,40,50,-10,10
4971,62,57,5,5
4972,99,99,0,0
4973,63,74,-11,11
4974,90,77,13,13
4975,63,72,-9,9
4976,63,63,0,0
4977,73,78,-5,5
4978,73,72,1,1
4979,120,110,10,10
4980,161,139,22,22
4981,74,68,6,6
4982,74,62,12,12
4983,49,51,-2,2
4984,157,129,28,28
4985,123,111,12,12
4986,91,80,11,11
4987,115,95,20,20
4988,85,81,4,4
4989,66,65,1,1
4990,102,90,12,12
4991,98,90,8,8
4992,100,89,11,11
4993,105,113,-8,8
4994,84,91,-7,7
4995,95,82,13,13
4996,108,89,19,19
4997,62,56,6,6
4998,116,108,8,8
4999,79,70,9,9
5000,73,63,10,10
5001,50,61,-11,11
5002,97,86,11,11
5003,145,120,25,25
5004,152,130,22,22
5005,134,115,19,19
5006,110,96,14,14
5007,114,103,11,11
5008,72,63,9,9
5009,113,104,9,9
5010,58,66,-8,8
5011,50,49,1,1
5012,29,34,-5,5
5013,71,68,3,3
5014,90,90,0,0
5015,140,123,17,17
5016,123,109,14,14
5017,131,115,16,16
5018,50,50,0,0
5019,82,77,5,5
5020,77,78,-1,1
5021,98,85,13,13
5022,83,70,13,13
5023,88,73,15,15
5024,122,102,20,20
5025,87,79,8,8
5026,107,99,8,8
5027,75,76,-1,1
5028,89,85,4,4
5029,124,120,4,4
5030,105,98,7,7
5031,62,54,8,8
5032,125,104,21,21
5033,94,87,7,7
5034,91,89,2,2
5035,74,82,-8,8
5036,82,87,-5,5
5037,60,56,4,4
5038,69,67,2,2
5039,132,116,16,16
5040,76,73,3,3
5041,169,155,14,14
5042,101,95,6,6
5043,167,148,19,19
5044,79,76,3,3
5045,78,83,-5,5
5046,61,59,2,2
5047,137,113,24,24
5048,116,98,18,18
5049,77,79,-2,2
5050,76,73,3,3
5051,157,152,5,5
5052,90,93,-3,3
5053,79,69,10,10
5054,131,109,22,22
5055,118,100,18,18
5056,110,91,19,19
5057,151,124,27,27
5058,159,148,11,11
5059,95,93,2,2
5060,78,72,6,6
5061,107,106,1,1
5062,131,117,14,14
5063,87,87,0,0
5064,42,43,-1,1
5065,66,65,1,1
5066,101,96,5,5
5067,140,124,16,16
5068,66,62,4,4
5069,43,46,-3,3
5070,100,91,9,9
5071,120,98,22,22
5072,76,63,13,13
5073,121,119,2,2
5074,78,75,3,3
5075,121,110,11,11
5076,51,53,-2,2
5077,101,98,3,3
5078,136,125,11,11
5079,107,111,-4,4
5080,106,100,6,6
5081,116,101,15,15
5082,89,84,5,5
5083,65,65,0,0
5084,154,132,22,22
5085,130,113,17,17
5086,98,81,17,17
5087,75,84,-9,9
5088,81,77,4,4
5089,82,83,-1,1
5090,86,85,1,1
5091,93,90,3,3
5092,73,74,-1,1
5093,76,77,-1,1
5094,166,151,15,15
5095,98,88,10,10
5096,120,96,24,24
5097,67,66,1,1
5098,81,76,5,5
5099,170,151,19,19
5100,40,51,-11,11
5101,101,90,11,11
5102,80,74,6,6
5103,121,97,24,24
5104,58,53,5,5
5105,115,100,15,15
5106,63,62,1,1
5107,87,84,3,3
5108,148,141,7,7
5109,102,94,8,8
5110,79,72,7,7
5111,118,100,18,18
5112,92,87,5,5
5113,110,103,7,7
5114,131,120,11,11
5115,139,139,0,0
5116,68,71,-3,3
5117,122,115,7,7
5118,140,122,18,18
5119,124,108,16,16
5120,103,87,16,16
5121,59,72,-13,13
5122,80,77,3,3
5123,131,115,16,16
5124,104,93,11,11
5125,155,131,24,24
5126,89,85,4,4
5127,68,80,-12,12
5128,79,74,5,5
5129,110,101,9,9
5130,54,56,-2,2
5131,121,124,-3,3
5132,101,96,5,5
5133,109,105,4,4
5134,100,90,10,10
5135,132,120,12,12
5136,71,72,-1,1
5137,89,83,6,6
5138,92,86,6,6
5139,91,84,7,7
5140,117,100,17,17
5141,100,90,10,10
5142,118,101,17,17
5143,160,126,34,34
5144,121,102,19,19
5145,88,89,-1,1
5146,152,136,16,16
5147,56,53,3,3
5148,51,67,-16,16
5149,110,87,23,23
5150,79,78,1,1
5151,68,75,-7,7
5152,52,52,0,0
5153,129,121,8,8
5154,81,71,10,10
5155,39,41,-2,2
5156,55,108,-53,53
5157,53,58,-5,5
5158,92,89,3,3
5159,72,70,2,2
5160,103,98,5,5
5161,141,118,23,23
5162,82,82,0,0
5163,69,70,-1,1
5164,168,149,19,19
5165,65,65,0,0
5166,76,76,0,0
5167,104,95,9,9
5168,89,85,4,4
5169,101,99,2,2
5170,53,57,-4,4
5171,105,94,11,11
5172,90,75,15,15
5173,116,102,14,14
5174,137,122,15,15
5175,126,106,20,20
5176,43,38,5,5
5177,65,70,-5,5
5178,76,74,2,2
5179,104,91,13,13
5180,88,78,10,10
5181,75,67,8,8
5182,82,76,6,6
5183,40,59,-19,19
5184,77,73,4,4
5185,66,63,3,3
5186,154,128,26,26
5187,86,79,7,7
5188,112,112,0,0
5189,93,89,4,4
5190,130,137,-7,7
5191,177,154,23,23
5192,148,126,22,22
5193,80,79,1,1
5194,58,51,7,7
5195,115,100,15,15
5196,118,103,15,15
5197,66,63,3,3
5198,161,142,19,19
5199,80,78,2,2
5200,105,92,13,13
5201,56,54,2,2
5202,66,66,0,0
5203,93,87,6,6
5204,105,95,10,10
5205,96,88,8,8
5206,62,61,1,1
5207,68,73,-5,5
5208,83,73,10,10
5209,110,101,9,9
5210,109,103,6,6
5211,147,126,21,21
5212,68,59,9,9
5213,121,101,20,20
5214,128,123,5,5
5215,136,122,14,14
5216,110,96,14,14
5217,84,70,14,14
5218,93,83,10,10
5219,68,68,0,0
5220,88,83,5,5
5221,89,89,0,0
5222,134,125,9,9
5223,128,118,10,10
5224,79,73,6,6
5225,66,64,2,2
5226,58,51,7,7
5227,58,73,-15,15
5228,69,65,4,4
5229,56,54,2,2
5230,85,83,2,2
5231,73,71,2,2
5232,97,87,10,10
5233,100,80,20,20
5234,82,66,16,16
5235,65,62,3,3
5236,90,90,0,0
5237,66,78,-12,12
5238,58,55,3,3
5239,62,96,-34,34
5240,50,52,-2,2
5241,84,72,12,12
5242,82,79,3,3
5243,147,141,6,6
5244,91,78,13,13
5245,95,85,10,10
5246,121,109,12,12
5247,56,57,-1,1
5248,54,49,5,5
5249,103,92,11,11
5250,86,73,13,13
5251,85,75,10,10
5252,97,77,20,20
5253,92,76,16,16
5254,59,57,2,2
5255,115,106,9,9
5256,116,106,10,10
5257,101,94,7,7
5258,120,92,28,28
5259,164,138,26,26
5260,55,50,5,5
5261,91,90,1,1
5262,75,76,-1,1
5263,121,112,9,9
5264,57,54,3,3
5265,38,51,-13,13
5266,92,79,13,13
5267,67,65,2,2
5268,120,108,12,12
5269,83,78,5,5
5270,138,129,9,9
5271,169,146,23,23
5272,59,65,-6,6
5273,47,51,-4,4
5274,46,41,5,5
5275,123,120,3,3
5276,142,128,14,14
5277,80,81,-1,1
5278,31,37,-6,6
5279,128,117,11,11
5280,112,94,18,18
5281,98,100,-2,2
5282,55,57,-2,2
5283,110,91,19,19
5284,91,90,1,1
5285,112,88,24,24
5286,115,106,9,9
5287,73,65,8,8
5288,106,98,8,8
5289,93,83,10,10
5290,166,151,15,15
5291,128,126,2,2
5292,112,100,12,12
5293,89,78,11,11
5294,74,70,4,4
5295,106,112,-6,6
5296,72,69,3,3
5297,78,74,4,4
5298,92,87,5,5
5299,140,120,20,20
5300,103,90,13,13
5301,102,105,-3,3
5302,63,73,-10,10
5303,169,147,22,22
5304,78,74,4,4
5305,132,119,13,13
5306,50,47,3,3
5307,127,109,18,18
5308,138,104,34,34
5309,61,54,7,7
5310,87,84,3,3
5311,109,105,4,4
5312,77,75,2,2
5313,92,97,-5,5
5314,84,74,10,10
5315,140,113,27,27
5316,79,80,-1,1
5317,87,77,10,10
5318,76,76,0,0
5319,54,50,4,4
5320,77,78,-1,1
5321,28,57,-29,29
5322,85,66,19,19
5323,41,41,0,0
5324,78,79,-1,1
5325,117,100,17,17
5326,99,94,5,5
5327,130,119,11,11
5328,58,59,-1,1
5329,76,69,7,7
5330,72,73,-1,1
5331,72,66,6,6
5332,130,110,20,20
5333,85,86,-1,1
5334,74,72,2,2
5335,117,99,18,18
5336,105,102,3,3
5337,114,103,11,11
5338,94,86,8,8
5339,127,114,13,13
5340,100,89,11,11
5341,100,96,4,4
5342,114,98,16,16
5343,137,135,2,2
5344,141,124,17,17
5345,186,160,26,26
5346,49,51,-2,2
5347,71,70,1,1
5348,144,130,14,14
5349,108,82,26,26
5350,102,84,18,18
5351,129,115,14,14
5352,123,109,14,14
5353,48,50,-2,2
5354,70,63,7,7
5355,81,77,4,4
5356,72,73,-1,1
5357,76,73,3,3
5358,114,115,-1,1
5359,130,116,14,14
5360,113,112,1,1
5361,57,56,1,1
5362,77,74,3,3
5363,117,106,11,11
5364,79,68,11,11
5365,87,88,-1,1
5366,99,91,8,8
5367,211,180,31,31
5368,92,79,13,13
5369,119,101,18,18
5370,54,58,-4,4
5371,111,95,16,16
5372,67,65,2,2
5373,185,171,14,14
5374,68,75,-7,7
5375,190,154,36,36
5376,124,111,13,13
5377,80,84,-4,4
5378,78,71,7,7
5379,92,97,-5,5
5380,70,67,3,3
5381,51,62,-11,11
5382,89,84,5,5
5383,82,84,-2,2
5384,83,76,7,7
5385,204,170,34,34
5386,114,100,14,14
5387,62,62,0,0
5388,100,81,19,19
5389,143,147,-4,4
5390,89,81,8,8
5391,123,120,3,3
5392,150,134,16,16
5393,135,104,31,31
5394,114,109,5,5
5395,94,94,0,0
5396,158,138,20,20
5397,58,65,-7,7
5398,94,96,-2,2
5399,59,56,3,3
5400,81,91,-10,10
5401,70,66,4,4
5402,79,74,5,5
5403,49,55,-6,6
5404,85,76,9,9
5405,85,77,8,8
5406,55,51,4,4
5407,97,94,3,3
5408,95,90,5,5
5409,129,113,16,16
5410,53,58,-5,5
5411,109,105,4,4
5412,92,84,8,8
5413,122,92,30,30
5414,102,97,5,5
5415,98,102,-4,4
5416,68,72,-4,4
5417,108,95,13,13
5418,92,81,11,11
5419,95,85,10,10
5420,65,61,4,4
5421,27,31,-4,4
5422,62,57,5,5
5423,109,99,10,10
5424,72,69,3,3
5425,58,55,3,3
5426,121,102,19,19
5427,101,90,11,11
5428,63,65,-2,2
5429,38,35,3,3
5430,145,130,15,15
5431,103,97,6,6
5432,215,216,-1,1
5433,122,104,18,18
5434,90,87,3,3
5435,67,66,1,1
5436,98,98,0,0
5437,106,106,0,0
5438,119,112,7,7
5439,93,87,6,6
5440,48,59,-11,11
5441,87,80,7,7
5442,108,106,2,2
5443,72,64,8,8
5444,124,112,12,12
5445,114,106,8,8
5446,43,43,0,0
5447,109,98,11,11
5448,99,97,2,2
5449,116,101,15,15
5450,72,84,-12,12
5451,122,122,0,0
5452,98,92,6,6
5453,144,142,2,2
5454,78,69,9,9
5455,70,62,8,8
5456,114,100,14,14
5457,137,124,13,13
5458,113,98,15,15
5459,115,95,20,20
5460,85,81,4,4
5461,63,59,4,4
5462,114,108,6,6
5463,88,82,6,6
5464,125,105,20,20
5465,116,108,8,8
5466,150,108,42,42
5467,78,75,3,3
5468,75,69,6,6
5469,81,82,-1,1
5470,116,119,-3,3
5471,64,59,5,5
5472,93,89,4,4
5473,96,83,13,13
5474,147,136,11,11
5475,77,71,6,6
5476,139,127,12,12
5477,64,60,4,4
5478,82,75,7,7
5479,70,65,5,5
5480,142,128,14,14
5481,99,88,11,11
5482,64,64,0,0
5483,80,82,-2,2
5484,69,59,10,10
5485,64,63,1,1
5486,99,94,5,5
5487,120,100,20,20
5488,80,75,5,5
5489,145,135,10,10
5490,161,144,17,17
5491,86,84,2,2
5492,123,114,9,9
5493,91,82,9,9
5494,147,127,20,20
5495,92,83,9,9
5496,79,78,1,1
5497,144,121,23,23
5498,72,67,5,5
5499,91,96,-5,5
5500,162,147,15,15
5501,76,80,-4,4
5502,82,80,2,2
5503,63,70,-7,7
5504,71,70,1,1
5505,74,70,4,4
5506,152,132,20,20
5507,102,97,5,5
5508,70,63,7,7
5509,46,51,-5,5
5510,85,91,-6,6
5511,81,78,3,3
5512,85,82,3,3
5513,108,90,18,18
5514,124,112,12,12
5515,81,81,0,0
5516,97,114,-17,17
5517,137,129,8,8
5518,125,109,16,16
5519,90,91,-1,1
5520,83,76,7,7
5521,89,84,5,5
5522,124,105,19,19
5523,101,86,15,15
5524,103,97,6,6
5525,61,57,4,4
5526,85,73,12,12
5527,102,97,5,5
5528,83,91,-8,8
5529,91,89,2,2
5530,131,100,31,31
5531,150,128,22,22
5532,107,99,8,8
5533,115,107,8,8
5534,126,114,12,12
5535,129,116,13,13
5536,95,85,10,10
5537,143,120,23,23
5538,115,108,7,7
5539,85,77,8,8
5540,164,143,21,21
5541,95,88,7,7
5542,137,134,3,3
5543,121,109,12,12
5544,83,78,5,5
5545,115,114,1,1
5546,154,148,6,6
5547,115,107,8,8
5548,88,76,12,12
5549,116,109,7,7
5550,119,94,25,25
5551,30,38,-8,8
5552,100,87,13,13
5553,132,128,4,4
5554,186,161,25,25
5555,82,81,1,1
5556,176,133,43,43
5557,107,96,11,11
5558,89,76,13,13
5559,94,89,5,5
5560,51,45,6,6
5561,138,130,8,8
5562,78,75,3,3
5563,59,59,0,0
5564,58,55,3,3
5565,67,64,3,3
5566,79,70,9,9
5567,54,52,2,2
5568,62,58,4,4
5569,83,77,6,6
5570,75,75,0,0
5571,115,104,11,11
5572,114,108,6,6
5573,126,105,21,21
5574,88,94,-6,6
5575,69,63,6,6
5576,38,51,-13,13
5577,71,64,7,7
5578,66,61,5,5
5579,62,58,4,4
5580,75,65,10,10
5581,59,53,6,6
5582,97,98,-1,1
5583,81,85,-4,4
5584,69,77,-8,8
5585,81,72,9,9
5586,101,95,6,6
5587,97,85,12,12
5588,60,69,-9,9
5589,119,104,15,15
5590,113,128,-15,15
5591,130,107,23,23
5592,61,67,-6,6
5593,166,145,21,21
5594,51,51,0,0
5595,140,124,16,16
5596,109,106,3,3
5597,115,110,5,5
5598,112,98,14,14
5599,89,83,6,6
5600,65,62,3,3
5601,97,93,4,4
5602,81,80,1,1
5603,59,56,3,3
5604,52,51,1,1
5605,74,81,-7,7
5606,76,74,2,2
5607,111,78,33,33
5608,112,102,10,10
5609,66,65,1,1
5610,96,85,11,11
5611,61,62,-1,1
5612,162,142,20,20
5613,120,103,17,17
5614,68,79,-11,11
5615,61,70,-9,9
5616,110,100,10,10
5617,114,110,4,4
5618,41,43,-2,2
5619,63,52,11,11
5620,77,72,5,5
5621,92,80,12,12
5622,80,73,7,7
5623,40,45,-5,5
5624,56,59,-3,3
5625,72,69,3,3
5626,123,103,20,20
5627,77,74,3,3
5628,107,99,8,8
5629,112,104,8,8
5630,72,74,-2,2
5631,99,97,2,2
5632,118,105,13,13
5633,77,70,7,7
5634,139,124,15,15
5635,84,79,5,5
5636,62,63,-1,1
5637,100,92,8,8
5638,80,74,6,6
5639,91,90,1,1
5640,113,99,14,14
5641,45,42,3,3
5642,71,59,12,12
5643,122,98,24,24
5644,53,52,1,1
5645,78,85,-7,7
5646,65,67,-2,2
5647,40,50,-10,10
5648,136,119,17,17
5649,120,103,17,17
5650,104,102,2,2
5651,85,78,7,7
5652,89,82,7,7
5653,84,85,-1,1
5654,80,85,-5,5
5655,119,114,5,5
5656,105,93,12,12
5657,61,68,-7,7
5658,53,62,-9,9
5659,69,69,0,0
5660,83,75,8,8
5661,122,97,25,25
5662,88,82,6,6
5663,88,77,11,11
5664,104,100,4,4
5665,94,84,10,10
5666,133,119,14,14
5667,53,54,-1,1
5668,73,73,0,0
5669,92,86,6,6
5670,92,84,8,8
5671,91,83,8,8
5672,82,79,3,3
5673,87,86,1,1
5674,135,119,16,16
5675,126,117,9,9
5676,94,85,9,9
5677,55,54,1,1
5678,104,90,14,14
5679,127,114,13,13
5680,135,121,14,14
5681,145,121,24,24
5682,99,94,5,5
5683,96,95,1,1
5684,103,85,18,18
5685,32,35,-3,3
5686,74,73,1,1
5687,109,89,20,20
5688,59,59,0,0
5689,101,91,10,10
5690,69,62,7,7
5691,71,80,-9,9
5692,101,87,14,14
5693,129,122,7,7
5694,114,104,10,10
5695,73,68,5,5
5696,179,145,34,34
5697,81,76,5,5
5698,127,110,17,17
5699,129,119,10,10
5700,57,51,6,6
5701,50,53,-3,3
5702,80,66,14,14
5703,116,105,11,11
5704,93,79,14,14
5705,164,132,32,32
5706,43,49,-6,6
5707,96,102,-6,6
5708,88,74,14,14
5709,66,55,11,11
5710,97,94,3,3
5711,86,82,4,4
5712,83,86,-3,3
5713,87,80,7,7
5714,61,61,0,0
5715,81,79,2,2
5716,164,145,19,19
5717,138,121,17,17
5718,115,110,5,5
5719,86,82,4,4
5720,118,128,-10,10
5721,67,63,4,4
5722,87,87,0,0
5723,74,64,10,10
5724,51,50,1,1
5725,67,63,4,4
5726,84,75,9,9
5727,94,86,8,8
5728,69,68,1,1
5729,115,112,3,3
5730,48,47,1,1
5731,77,69,8,8
5732,81,76,5,5
5733,110,108,2,2
5734,74,84,-10,10
5735,54,62,-8,8
5736,84,81,3,3
5737,70,69,1,1
5738,64,65,-1,1
5739,80,82,-2,2
5740,78,71,7,7
5741,83,88,-5,5
5742,81,75,6,6
5743,34,34,0,0
5744,149,150,-1,1
5745,50,51,-1,1
5746,57,55,2,2
5747,75,72,3,3
5748,139,115,24,24
5749,48,50,-2,2
5750,61,64,-3,3
5751,96,83,13,13
5752,64,56,8,8
5753,90,85,5,5
5754,81,73,8,8
5755,119,116,3,3
5756,129,116,13,13
5757,111,109,2,2
5758,79,77,2,2
5759,107,94,13,13
5760,77,78,-1,1
5761,67,62,5,5
5762,103,86,17,17
5763,60,61,-1,1
5764,115,108,7,7
5765,62,55,7,7
5766,71,72,-1,1
5767,67,74,-7,7
5768,46,50,-4,4
5769,52,51,1,1
5770,55,56,-1,1
5771,95,83,12,12
5772,119,97,22,22
5773,156,151,5,5
5774,89,76,13,13
5775,130,103,27,27
5776,149,128,21,21
5777,53,64,-11,11
5778,103,93,10,10
5779,181,148,33,33
5780,88,83,5,5
5781,91,84,7,7
5782,79,67,12,12
5783,64,74,-10,10
5784,85,85,0,0
5785,45,47,-2,2
5786,72,67,5,5
5787,118,103,15,15
5788,54,51,3,3
5789,98,93,5,5
5790,79,79,0,0
5791,63,61,2,2
5792,27,31,-4,4
5793,142,126,16,16
5794,67,65,2,2
5795,146,130,16,16
5796,80,81,-1,1
5797,68,77,-9,9
5798,92,90,2,2
5799,48,51,-3,3
5800,117,96,21,21
5801,98,92,6,6
5802,73,69,4,4
5803,84,79,5,5
5804,95,85,10,10
5805,120,111,9,9
5806,151,151,0,0
5807,50,50,0,0
5808,93,87,6,6
5809,150,135,15,15
5810,65,75,-10,10
5811,76,75,1,1
5812,69,67,2,2
5813,91,84,7,7
5814,81,81,0,0
5815,92,84,8,8
5816,127,131,-4,4
5817,100,88,12,12
5818,98,92,6,6
5819,109,96,13,13
5820,69,70,-1,1
5821,94,94,0,0
5822,156,130,26,26
5823,82,88,-6,6
5824,62,71,-9,9
5825,56,53,3,3
5826,44,49,-5,5
5827,134,91,43,43
5828,75,69,6,6
5829,88,85,3,3
5830,63,66,-3,3
5831,106,101,5,5
5832,121,102,19,19
5833,94,94,0,0
5834,89,89,0,0
5835,45,51,-6,6
5836,76,75,1,1
5837,85,82,3,3
5838,129,126,3,3
5839,113,103,10,10
5840,127,110,17,17
5841,129,138,-9,9
5842,92,84,8,8
5843,60,57,3,3
5844,91,72,19,19
5845,90,79,11,11
5846,143,130,13,13
5847,79,73,6,6
5848,118,149,-31,31
5849,65,67,-2,2
5850,88,75,13,13
5851,102,98,4,4
5852,67,66,1,1
5853,104,90,14,14
5854,164,148,16,16
5855,145,129,16,16
5856,51,50,1,1
5857,35,36,-1,1
5858,125,113,12,12
5859,78,76,2,2
5860,110,100,10,10
5861,133,122,11,11
5862,92,87,5,5
5863,89,90,-1,1
5864,66,65,1,1
5865,96,93,3,3
5866,74,71,3,3
5867,21,31,-10,10
5868,52,51,1,1
5869,49,49,0,0
5870,133,131,2,2
5871,56,56,0,0
5872,48,50,-2,2
5873,53,45,8,8
5874,86,82,4,4
5875,81,89,-8,8
5876,139,129,10,10
5877,111,113,-2,2
5878,118,117,1,1
5879,61,56,5,5
5880,88,91,-3,3
5881,58,57,1,1
5882,91,82,9,9
5883,110,99,11,11
5884,118,82,36,36
5885,109,95,14,14
5886,52,53,-1,1
5887,69,70,-1,1
5888,144,120,24,24
5889,87,80,7,7
5890,153,126,27,27
5891,49,53,-4,4
5892,106,104,2,2
5893,85,81,4,4
5894,95,88,7,7
5895,99,93,6,6
5896,154,135,19,19
5897,64,75,-11,11
5898,74,69,5,5
5899,94,82,12,12
5900,83,60,23,23
5901,66,67,-1,1
5902,48,53,-5,5
5903,87,93,-6,6
5904,28,51,-23,23
5905,63,57,6,6
5906,117,105,12,12
5907,169,151,18,18
5908,54,51,3,3
5909,118,108,10,10
5910,77,69,8,8
5911,87,85,2,2
5912,259,211,48,48
5913,116,113,3,3
5914,141,126,15,15
5915,63,68,-5,5
5916,194,163,31,31
5917,58,71,-13,13
5918,117,107,10,10
5919,101,94,7,7
5920,128,117,11,11
5921,99,82,17,17
5922,122,100,22,22
5923,146,129,17,17
5924,117,97,20,20
5925,85,86,-1,1
5926,156,139,17,17
5927,85,79,6,6
5928,149,143,6,6
5929,62,65,-3,3
5930,133,124,9,9
5931,76,75,1,1
5932,67,64,3,3
5933,125,131,-6,6
5934,73,66,7,7
5935,106,85,21,21
5936,98,89,9,9
5937,113,105,8,8
5938,151,138,13,13
5939,91,84,7,7
5940,115,116,-1,1
5941,99,96,3,3
5942,51,52,-1,1
5943,102,106,-4,4
5944,123,108,15,15
5945,71,63,8,8
5946,116,108,8,8
5947,118,109,9,9
5948,151,148,3,3
5949,93,79,14,14
5950,77,75,2,2
5951,52,50,2,2
5952,88,79,9,9
5953,56,51,5,5
5954,152,154,-2,2
5955,129,122,7,7
5956,75,77,-2,2
5957,98,90,8,8
5958,149,139,10,10
5959,73,67,6,6
5960,96,102,-6,6
5961,145,133,12,12
5962,88,77,11,11
5963,159,137,22,22
5964,178,151,27,27
5965,81,82,-1,1
5966,142,121,21,21
5967,97,87,10,10
5968,145,132,13,13
5969,91,84,7,7
5970,85,68,17,17
5971,87,71,16,16
5972,90,75,15,15
5973,68,66,2,2
5974,94,85,9,9
5975,101,88,13,13
5976,92,78,14,14
5977,71,73,-2,2
5978,113,103,10,10
5979,102,90,12,12
5980,114,108,6,6
5981,97,87,10,10
5982,47,54,-7,7
5983,60,59,1,1
5984,135,122,13,13
5985,58,53,5,5
5986,206,165,41,41
5987,68,70,-2,2
5988,42,50,-8,8
5989,73,62,11,11
5990,83,72,11,11
5991,72,64,8,8
5992,111,76,35,35
5993,58,51,7,7
5994,130,128,2,2
5995,111,104,7,7
5996,140,140,0,0
5997,95,93,2,2
5998,96,89,7,7
5999,91,82,9,9
6000,79,75,4,4
6001,74,71,3,3
6002,169,141,28,28
6003,117,112,5,5
6004,78,61,17,17
6005,115,111,4,4
6006,44,44,0,0
6007,103,106,-3,3
6008,78,92,-14,14
6009,49,52,-3,3
6010,126,121,5,5
6011,93,80,13,13
6012,140,128,12,12
6013,85,86,-1,1
6014,116,116,0,0
6015,83,72,11,11
6016,96,97,-1,1
6017,143,121,22,22
6018,74,74,0,0
6019,92,90,2,2
6020,63,55,8,8
6021,49,53,-4,4
6022,144,133,11,11
6023,54,51,3,3
6024,116,148,-32,32
6025,66,72,-6,6
6026,56,56,0,0
6027,56,87,-31,31
6028,107,101,6,6
6029,140,124,16,16
6030,92,93,-1,1
6031,76,77,-1,1
6032,90,88,2,2
6033,138,133,5,5
6034,71,62,9,9
6035,89,95,-6,6
6036,66,56,10,10
6037,60,58,2,2
6038,116,115,1,1
6039,179,164,15,15
6040,90,79,11,11
6041,116,113,3,3
6042,89,84,5,5
6043,95,85,10,10
6044,85,75,10,10
6045,53,51,2,2
6046,166,150,16,16
6047,43,45,-2,2
6048,119,115,4,4
6049,105,109,-4,4
6050,121,105,16,16
6051,73,69,4,4
6052,67,64,3,3
6053,119,111,8,8
6054,106,99,7,7
6055,72,63,9,9
6056,75,67,8,8
6057,70,72,-2,2
6058,143,120,23,23
6059,83,76,7,7
6060,83,72,11,11
6061,46,56,-10,10
6062,47,44,3,3
6063,119,107,12,12
6064,108,92,16,16
6065,43,52,-9,9
6066,64,58,6,6
6067,83,82,1,1
6068,141,124,17,17
6069,107,97,10,10
6070,35,53,-18,18
6071,119,110,9,9
6072,88,77,11,11
6073,77,77,0,0
6074,75,72,3,3
6075,140,126,14,14
6076,66,64,2,2
6077,121,119,2,2
6078,47,56,-9,9
6079,68,70,-2,2
6080,112,96,16,16
6081,178,152,26,26
6082,87,87,0,0
6083,164,137,27,27
6084,79,77,2,2
6085,71,69,2,2
6086,111,121,-10,10
6087,78,79,-1,1
6088,160,153,7,7
6089,98,92,6,6
6090,115,144,-29,29
6091,95,98,-3,3
6092,65,62,3,3
6093,159,147,12,12
6094,85,81,4,4
6095,69,64,5,5
6096,116,109,7,7
6097,55,54,1,1
6098,96,90,6,6
6099,94,80,14,14
6100,72,66,6,6
6101,94,80,14,14
6102,124,122,2,2
6103,62,62,0,0
6104,79,68,11,11
6105,146,125,21,21
6106,42,50,-8,8
6107,85,77,8,8
6108,100,83,17,17
6109,131,105,26,26
6110,72,74,-2,2
6111,49,49,0,0
6112,116,101,15,15
6113,102,94,8,8
6114,135,125,10,10
6115,138,121,17,17
6116,40,57,-17,17
6117,104,94,10,10
6118,99,90,9,9
6119,50,50,0,0
6120,108,98,10,10
6121,106,99,7,7
6122,93,83,10,10
6123,155,143,12,12
6124,127,114,13,13
6125,78,75,3,3
6126,87,84,3,3
6127,73,71,2,2
6128,92,86,6,6
6129,86,79,7,7
6130,117,106,11,11
6131,65,60,5,5
6132,44,41,3,3
6133,142,126,16,16
6134,83,85,-2,2
6135,104,91,13,13
6136,119,97,22,22
6137,112,102,10,10
6138,96,81,15,15
6139,58,62,-4,4
6140,44,46,-2,2
6141,107,102,5,5
6142,115,107,8,8
6143,87,87,0,0
6144,102,94,8,8
6145,89,80,9,9
6146,119,106,13,13
6147,101,93,8,8
6148,55,56,-1,1
6149,92,80,12,12
6150,108,93,15,15
6151,57,55,2,2
6152,119,105,14,14
6153,133,122,11,11
6154,80,79,1,1
6155,66,65,1,1
6156,114,99,15,15
6157,111,107,4,4
6158,140,122,18,18
6159,108,82,26,26
6160,89,92,-3,3
6161,88,76,12,12
6162,76,78,-2,2
6163,80,77,3,3
6164,98,83,15,15
6165,73,72,1,1
6166,136,120,16,16
6167,50,50,0,0
6168,88,92,-4,4
6169,69,67,2,2
6170,151,135,16,16
6171,66,57,9,9
6172,73,66,7,7
6173,65,58,7,7
6174,72,71,1,1
6175,52,51,1,1
6176,108,85,23,23
6177,86,78,8,8
6178,34,48,-14,14
6179,183,168,15,15
6180,54,51,3,3
6181,122,119,3,3
6182,64,63,1,1
6183,75,72,3,3
6184,105,88,17,17
6185,65,67,-2,2
6186,84,87,-3,3
6187,101,94,7,7
6188,117,102,15,15
6189,148,138,10,10
6190,66,63,3,3
6191,106,108,-2,2
6192,147,119,28,28
6193,108,104,4,4
6194,133,100,33,33
6195,42,44,-2,2
6196,67,59,8,8
6197,117,101,16,16
6198,127,123,4,4
6199,84,77,7,7
6200,72,65,7,7
6201,77,71,6,6
6202,83,73,10,10
6203,77,85,-8,8
6204,133,121,12,12
6205,61,65,-4,4
6206,75,78,-3,3
6207,81,75,6,6
6208,95,85,10,10
6209,115,104,11,11
6210,106,88,18,18
6211,85,73,12,12
6212,89,82,7,7
6213,103,92,11,11
6214,78,70,8,8
6215,83,76,7,7
6216,128,106,22,22
6217,64,65,-1,1
6218,87,79,8,8
6219,108,91,17,17
6220,108,99,9,9
6221,77,71,6,6
6222,65,70,-5,5
6223,56,57,-1,1
6224,69,62,7,7
6225,83,79,4,4
6226,93,93,0,0
6227,85,80,5,5
6228,177,163,14,14
6229,52,51,1,1
6230,35,37,-2,2
6231,128,107,21,21
6232,98,89,9,9
6233,83,76,7,7
6234,67,62,5,5
6235,102,97,5,5
6236,115,109,6,6
6237,103,90,13,13
6238,99,94,5,5
6239,100,93,7,7
6240,148,120,28,28
6241,67,65,2,2
6242,131,118,13,13
6243,76,74,2,2
6244,91,86,5,5
6245,110,90,20,20
6246,133,124,9,9
6247,77,86,-9,9
6248,151,138,13,13
6249,130,126,4,4
6250,80,82,-2,2
6251,86,83,3,3
6252,117,117,0,0
6253,72,67,5,5
6254,104,98,6,6
6255,108,93,15,15
6256,103,97,6,6
6257,57,62,-5,5
6258,30,35,-5,5
6259,70,68,2,2
6260,93,97,-4,4
6261,75,69,6,6
6262,46,50,-4,4
6263,169,127,42,42
6264,88,81,7,7
6265,71,73,-2,2
6266,97,94,3,3
6267,133,113,20,20
6268,77,76,1,1
6269,93,90,3,3
6270,52,63,-11,11
6271,124,124,0,0
6272,60,86,-26,26
6273,53,60,-7,7
6274,98,90,8,8
6275,105,85,20,20
6276,92,81,11,11
6277,106,92,14,14
6278,55,53,2,2
6279,94,90,4,4
6280,94,80,14,14
6281,67,67,0,0
6282,109,93,16,16
6283,61,63,-2,2
6284,49,55,-6,6
6285,99,88,11,11
6286,109,94,15,15
6287,73,65,8,8
6288,107,97,10,10
6289,82,75,7,7
6290,122,107,15,15
6291,50,50,0,0
6292,102,90,12,12
6293,99,90,9,9
6294,40,40,0,0
6295,61,54,7,7
6296,94,92,2,2
6297,55,57,-2,2
6298,66,62,4,4
6299,58,63,-5,5
6300,139,139,0,0
6301,104,84,20,20
6302,74,69,5,5
6303,77,66,11,11
6304,77,69,8,8
6305,91,84,7,7
6306,74,68,6,6
6307,63,59,4,4
6308,56,55,1,1
6309,103,104,-1,1
6310,83,80,3,3
6311,69,74,-5,5
6312,165,140,25,25
6313,109,102,7,7
6314,93,76,17,17
6315,123,113,10,10
6316,142,129,13,13
6317,71,61,10,10
6318,102,94,8,8
6319,81,78,3,3
6320,178,144,34,34
6321,75,66,9,9
6322,68,69,-1,1
6323,135,116,19,19
6324,103,99,4,4
6325,108,104,4,4
6326,62,74,-12,12
6327,95,94,1,1
6328,114,99,15,15
6329,120,109,11,11
6330,124,119,5,5
6331,90,86,4,4
6332,29,37,-8,8
6333,69,71,-2,2
6334,61,70,-9,9
6335,85,76,9,9
6336,83,86,-3,3
6337,122,104,18,18
6338,148,129,19,19
6339,108,93,15,15
6340,96,94,2,2
6341,75,73,2,2
6342,101,104,-3,3
6343,81,73,8,8
6344,98,95,3,3
6345,95,85,10,10
6346,100,89,11,11
6347,96,95,1,1
6348,161,158,3,3
6349,84,80,4,4
6350,55,51,4,4
6351,59,62,-3,3
6352,124,116,8,8
6353,137,125,12,12
6354,118,104,14,14
6355,144,115,29,29
6356,182,161,21,21
6357,126,110,16,16
6358,127,107,20,20
6359,111,99,12,12
6360,92,85,7,7
6361,106,97,9,9
6362,74,75,-1,1
6363,68,77,-9,9
6364,108,107,1,1
6365,95,84,11,11
6366,103,96,7,7
6367,81,79,2,2
6368,86,84,2,2
6369,170,142,28,28
6370,50,51,-1,1
6371,51,52,-1,1
6372,94,81,13,13
6373,146,145,1,1
6374,74,72,2,2
6375,100,85,15,15
6376,128,103,25,25
6377,74,65,9,9
6378,108,97,11,11
6379,77,78,-1,1
6380,63,65,-2,2
6381,50,45,5,5
6382,109,97,12,12
6383,52,54,-2,2
6384,68,76,-8,8
6385,90,91,-1,1
6386,80,82,-2,2
6387,55,62,-7,7
6388,103,90,13,13
6389,84,82,2,2
6390,90,76,14,14
6391,66,71,-5,5
6392,167,147,20,20
6393,82,77,5,5
6394,73,68,5,5
6395,86,87,-1,1
6396,71,72,-1,1
6397,80,81,-1,1
6398,92,88,4,4
6399,117,101,16,16
6400,51,53,-2,2
6401,94,89,5,5
6402,84,78,6,6
6403,135,127,8,8
6404,66,71,-5,5
6405,151,135,16,16
6406,92,87,5,5
6407,102,93,9,9
6408,116,96,20,20
6409,50,57,-7,7
6410,88,87,1,1
6411,119,107,12,12
6412,107,101,6,6
6413,93,95,-2,2
6414,142,124,18,18
6415,52,51,1,1
6416,115,109,6,6
6417,52,54,-2,2
6418,56,52,4,4
6419,152,123,29,29
6420,83,70,13,13
6421,62,61,1,1
6422,64,70,-6,6
6423,119,103,16,16
6424,157,130,27,27
6425,51,57,-6,6
6426,118,109,9,9
6427,58,66,-8,8
6428,94,84,10,10
6429,45,45,0,0
6430,120,104,16,16
6431,88,84,4,4
6432,84,84,0,0
6433,131,122,9,9
6434,98,87,11,11
6435,50,50,0,0
6436,88,74,14,14
6437,101,102,-1,1
6438,78,69,9,9
6439,40,61,-21,21
6440,103,104,-1,1
6441,96,83,13,13
6442,83,76,7,7
6443,93,86,7,7
6444,82,71,11,11
6445,103,93,10,10
6446,41,60,-19,19
6447,39,50,-11,11
6448,60,52,8,8
6449,137,117,20,20
6450,46,43,3,3
6451,51,52,-1,1
6452,82,81,1,1
6453,131,111,20,20
6454,66,70,-4,4
6455,76,67,9,9
6456,204,174,30,30
6457,106,99,7,7
6458,72,68,4,4
6459,145,133,12,12
6460,80,72,8,8
6461,89,88,1,1
6462,148,135,13,13
6463,141,115,26,26
6464,59,61,-2,2
6465,51,48,3,3
6466,88,78,10,10
6467,77,74,3,3
6468,103,101,2,2
6469,94,81,13,13
6470,92,77,15,15
6471,82,74,8,8
6472,89,90,-1,1
6473,72,73,-1,1
6474,135,118,17,17
6475,135,116,19,19
6476,85,78,7,7
6477,63,65,-2,2
6478,173,154,19,19
6479,108,100,8,8
6480,141,111,30,30
6481,85,84,1,1
6482,144,131,13,13
6483,66,62,4,4
6484,86,84,2,2
6485,84,72,12,12
6486,107,93,14,14
6487,60,59,1,1
6488,62,67,-5,5
6489,174,160,14,14
6490,68,60,8,8
6491,74,75,-1,1
6492,67,64,3,3
6493,72,63,9,9
6494,117,101,16,16
6495,93,110,-17,17
6496,69,74,-5,5
6497,75,73,2,2
6498,84,78,6,6
6499,101,95,6,6
6500,78,74,4,4
6501,202,180,22,22
6502,97,100,-3,3
6503,79,76,3,3
6504,97,96,1,1
6505,60,67,-7,7
6506,58,55,3,3
6507,113,113,0,0
6508,63,63,0,0
6509,79,77,2,2
6510,94,88,6,6
6511,129,119,10,10
6512,142,130,12,12
6513,96,88,8,8
6514,83,72,11,11
6515,137,119,18,18
6516,99,86,13,13
6517,92,88,4,4
6518,92,93,-1,1
6519,69,63,6,6
6520,126,130,-4,4
6521,148,146,2,2
6522,90,83,7,7
6523,94,83,11,11
6524,111,104,7,7
6525,86,87,-1,1
6526,49,52,-3,3
6527,124,109,15,15
6528,107,102,5,5
6529,129,117,12,12
6530,58,51,7,7
6531,70,66,4,4
6532,70,73,-3,3
6533,91,80,11,11
6534,86,73,13,13
6535,102,96,6,6
6536,83,81,2,2
6537,119,111,8,8
6538,76,70,6,6
6539,49,47,2,2
6540,94,78,16,16
6541,124,98,26,26
6542,65,61,4,4
6543,96,101,-5,5
6544,170,154,16,16
6545,68,73,-5,5
6546,28,31,-3,3
6547,135,128,7,7
6548,151,119,32,32
6549,80,80,0,0
6550,79,88,-9,9
6551,68,78,-10,10
6552,118,97,21,21
6553,73,72,1,1
6554,104,105,-1,1
6555,147,121,26,26
6556,91,96,-5,5
6557,147,118,29,29
6558,55,62,-7,7
6559,66,67,-1,1
6560,121,104,17,17
6561,70,67,3,3
6562,107,97,10,10
6563,153,140,13,13
6564,124,115,9,9
6565,59,66,-7,7
6566,90,83,7,7
6567,57,65,-8,8
6568,129,109,20,20
6569,98,95,3,3
6570,152,130,22,22
6571,55,60,-5,5
6572,93,62,31,31
6573,61,57,4,4
6574,135,119,16,16
6575,72,66,6,6
6576,105,103,2,2
6577,65,88,-23,23
6578,91,83,8,8
6579,117,104,13,13
6580,85,85,0,0
6581,125,109,16,16
6582,57,61,-4,4
6583,151,128,23,23
6584,68,69,-1,1
6585,104,104,0,0
6586,53,58,-5,5
6587,88,84,4,4
6588,91,82,9,9
6589,184,143,41,41
6590,99,91,8,8
6591,189,155,34,34
6592,186,160,26,26
6593,125,107,18,18
6594,62,70,-8,8
6595,103,97,6,6
6596,183,167,16,16
6597,62,52,10,10
6598,66,63,3,3
6599,73,67,6,6
6600,114,102,12,12
6601,123,117,6,6
6602,108,87,21,21
6603,115,101,14,14
6604,124,110,14,14
6605,66,75,-9,9
6606,104,74,30,30
6607,75,73,2,2
6608,108,106,2,2
6609,81,78,3,3
6610,82,67,15,15
6611,80,68,12,12
6612,30,36,-6,6
6613,90,82,8,8
6614,62,60,2,2
6615,86,77,9,9
6616,56,54,2,2
6617,95,93,2,2
6618,100,95,5,5
6619,102,92,10,10
6620,102,97,5,5
6621,59,54,5,5
6622,152,127,25,25
6623,163,150,13,13
6624,143,128,15,15
6625,162,145,17,17
6626,84,82,2,2
6627,78,79,-1,1
6628,92,92,0,0
6629,79,79,0,0
6630,78,71,7,7
6631,120,100,20,20
6632,99,88,11,11
6633,103,83,20,20
6634,76,76,0,0
6635,80,74,6,6
6636,66,63,3,3
6637,128,117,11,11
6638,85,73,12,12
6639,100,96,4,4
6640,46,52,-6,6
6641,125,114,11,11
6642,111,107,4,4
6643,119,108,11,11
6644,59,61,-2,2
6645,55,51,4,4
6646,158,139,19,19
6647,106,103,3,3
6648,136,125,11,11
6649,108,95,13,13
6650,124,110,14,14
6651,106,99,7,7
6652,92,76,16,16
6653,118,115,3,3
6654,108,95,13,13
6655,114,100,14,14
6656,51,56,-5,5
6657,85,78,7,7
6658,61,82,-21,21
6659,74,69,5,5
6660,67,64,3,3
6661,108,98,10,10
6662,132,120,12,12
6663,78,66,12,12
6664,102,102,0,0
6665,175,135,40,40
6666,140,126,14,14
6667,93,81,12,12
6668,75,78,-3,3
6669,98,90,8,8
6670,98,84,14,14
6671,119,101,18,18
6672,121,137,-16,16
6673,94,90,4,4
6674,117,93,24,24
6675,108,104,4,4
6676,87,98,-11,11
6677,100,89,11,11
6678,88,78,10,10
6679,86,65,21,21
6680,65,65,0,0
6681,81,74,7,7
6682,89,82,7,7
6683,114,98,16,16
6684,108,101,7,7
6685,95,81,14,14
6686,100,94,6,6
6687,98,91,7,7
6688,88,81,7,7
6689,95,85,10,10
6690,92,87,5,5
6691,161,143,18,18
6692,57,55,2,2
6693,89,85,4,4
6694,67,54,13,13
6695,101,96,5,5
6696,102,102,0,0
6697,84,79,5,5
6698,64,58,6,6
6699,127,117,10,10
6700,97,93,4,4
6701,101,95,6,6
6702,65,66,-1,1
6703,89,79,10,10
6704,70,67,3,3
6705,67,70,-3,3
6706,169,150,19,19
6707,59,66,-7,7
6708,163,139,24,24
6709,38,39,-1,1
6710,117,106,11,11
6711,53,52,1,1
6712,52,51,1,1
6713,120,111,9,9
6714,80,66,14,14
6715,52,56,-4,4
6716,127,134,-7,7
6717,87,93,-6,6
6718,54,79,-25,25
6719,66,57,9,9
6720,98,86,12,12
6721,112,108,4,4
6722,56,57,-1,1
6723,114,100,14,14
6724,90,82,8,8
6725,87,83,4,4
6726,58,59,-1,1
6727,118,107,11,11
6728,96,92,4,4
6729,102,103,-1,1
6730,84,83,1,1
6731,111,99,12,12
6732,62,63,-1,1
6733,73,67,6,6
6734,69,66,3,3
6735,133,117,16,16
6736,87,78,9,9
6737,64,63,1,1
6738,85,84,1,1
6739,103,90,13,13
6740,86,76,10,10
6741,68,65,3,3
6742,145,135,10,10
6743,74,63,11,11
6744,91,91,0,0
6745,102,89,13,13
6746,128,117,11,11
6747,104,99,5,5
6748,110,109,1,1
6749,56,54,2,2
6750,83,80,3,3
6751,109,106,3,3
6752,77,71,6,6
6753,164,133,31,31
6754,137,124,13,13
6755,134,113,21,21
6756,172,151,21,21
6757,116,106,10,10
6758,80,73,7,7
6759,50,52,-2,2
6760,168,142,26,26
6761,68,70,-2,2
6762,88,85,3,3
6763,48,49,-1,1
6764,60,55,5,5
6765,135,126,9,9
6766,75,64,11,11
6767,187,165,22,22
6768,78,71,7,7
6769,117,94,23,23
6770,109,107,2,2
6771,79,69,10,10
6772,80,78,2,2
6773,72,70,2,2
6774,105,98,7,7
6775,130,128,2,2
6776,108,106,2,2
6777,39,44,-5,5
6778,94,93,1,1
6779,76,79,-3,3
6780,84,82,2,2
6781,110,111,-1,1
6782,79,73,6,6
6783,129,102,27,27
6784,66,63,3,3
6785,73,73,0,0
6786,90,77,13,13
6787,69,69,0,0
6788,76,65,11,11
6789,96,101,-5,5
6790,113,101,12,12
6791,118,109,9,9
6792,78,71,7,7
6793,92,80,12,12
6794,96,87,9,9
6795,111,112,-1,1
6796,143,138,5,5
6797,101,92,9,9
6798,99,96,3,3
6799,110,114,-4,4
6800,105,102,3,3
6801,79,75,4,4
6802,80,85,-5,5
6803,54,51,3,3
6804,86,77,9,9
6805,66,73,-7,7
6806,96,86,10,10
6807,151,137,14,14
6808,78,94,-16,16
6809,82,85,-3,3
6810,93,84,9,9
6811,57,64,-7,7
6812,129,111,18,18
6813,89,83,6,6
6814,83,75,8,8
6815,72,76,-4,4
6816,85,82,3,3
6817,58,57,1,1
6818,69,66,3,3
6819,69,79,-10,10
6820,55,50,5,5
6821,114,96,18,18
6822,145,119,26,26
6823,81,84,-3,3
6824,41,53,-12,12
6825,88,97,-9,9
6826,108,103,5,5
6827,104,96,8,8
6828,74,63,11,11
6829,111,101,10,10
6830,74,70,4,4
6831,82,76,6,6
6832,129,115,14,14
6833,75,75,0,0
6834,137,118,19,19
6835,135,122,13,13
6836,93,79,14,14
6837,73,80,-7,7
6838,125,116,9,9
6839,110,114,-4,4
6840,147,147,0,0
6841,86,88,-2,2
6842,96,85,11,11
6843,104,94,10,10
6844,110,106,4,4
6845,80,74,6,6
6846,66,68,-2,2
6847,168,151,17,17
6848,123,124,-1,1
6849,138,131,7,7
6850,66,62,4,4
6851,66,60,6,6
6852,143,121,22,22
6853,88,75,13,13
6854,76,80,-4,4
6855,143,138,5,5
6856,108,93,15,15
6857,74,69,5,5
6858,76,69,7,7
6859,59,61,-2,2
6860,87,78,9,9
6861,113,101,12,12
6862,57,56,1,1
6863,56,65,-9,9
6864,102,89,13,13
6865,74,71,3,3
6866,89,85,4,4
6867,75,77,-2,2
6868,128,119,9,9
6869,106,104,2,2
6870,92,80,12,12
6871,138,130,8,8
6872,75,69,6,6
6873,103,95,8,8
6874,120,102,18,18
6875,136,116,20,20
6876,72,71,1,1
6877,128,120,8,8
6878,128,117,11,11
6879,150,135,15,15
6880,86,76,10,10
6881,85,78,7,7
6882,62,57,5,5
6883,76,71,5,5
6884,123,112,11,11
6885,64,65,-1,1
6886,116,109,7,7
6887,62,63,-1,1
6888,81,76,5,5
6889,118,103,15,15
6890,117,109,8,8
6891,123,104,19,19
6892,144,119,25,25
6893,109,100,9,9
6894,79,71,8,8
6895,97,96,1,1
6896,87,79,8,8
6897,55,52,3,3
6898,65,65,0,0
6899,103,96,7,7
6900,90,74,16,16
6901,87,77,10,10
6902,43,43,0,0
6903,92,85,7,7
6904,147,137,10,10
6905,106,96,10,10
6906,68,74,-6,6
6907,71,63,8,8
6908,97,91,6,6
6909,93,87,6,6
6910,69,81,-12,12
6911,92,90,2,2
6912,77,78,-1,1
6913,132,118,14,14
6914,87,84,3,3
6915,118,103,15,15
6916,58,56,2,2
6917,43,40,3,3
6918,80,83,-3,3
6919,118,102,16,16
6920,107,111,-4,4
6921,132,118,14,14
6922,86,84,2,2
6923,114,100,14,14
6924,85,76,9,9
6925,66,68,-2,2
6926,65,61,4,4
6927,84,82,2,2
6928,122,113,9,9
6929,74,76,-2,2
6930,154,147,7,7
6931,93,86,7,7
6932,40,64,-24,24
6933,88,77,11,11
6934,84,84,0,0
6935,67,63,4,4
6936,113,108,5,5
6937,110,102,8,8
6938,217,179,38,38
6939,99,98,1,1
6940,107,103,4,4
6941,120,111,9,9
6942,116,101,15,15
6943,70,77,-7,7
6944,86,80,6,6
6945,89,87,2,2
6946,75,70,5,5
6947,72,67,5,5
6948,75,72,3,3
6949,55,62,-7,7
6950,196,181,15,15
6951,114,100,14,14
6952,142,84,58,58
6953,76,75,1,1
6954,71,61,10,10
6955,80,82,-2,2
6956,81,76,5,5
6957,106,91,15,15
6958,126,113,13,13
6959,114,108,6,6
6960,90,86,4,4
6961,134,119,15,15
6962,112,103,9,9
6963,86,81,5,5
6964,109,109,0,0
6965,98,101,-3,3
6966,123,115,8,8
6967,48,44,4,4
6968,89,81,8,8
6969,141,131,10,10
6970,122,112,10,10
6971,65,70,-5,5
6972,163,141,22,22
6973,106,99,7,7
6974,145,136,9,9
6975,65,59,6,6
6976,111,87,24,24
6977,110,103,7,7
6978,40,40,0,0
6979,77,74,3,3
6980,81,74,7,7
6981,136,120,16,16
6982,124,121,3,3
6983,107,103,4,4
6984,83,77,6,6
6985,137,119,18,18
6986,93,89,4,4
6987,95,88,7,7
6988,82,87,-5,5
6989,91,84,7,7
6990,139,114,25,25
6991,49,50,-1,1
6992,36,39,-3,3
6993,76,62,14,14
6994,57,60,-3,3
6995,128,123,5,5
6996,77,86,-9,9
6997,86,83,3,3
6998,144,130,14,14
6999,72,70,2,2
7000,48,51,-3,3
7001,86,75,11,11
7002,96,85,11,11
7003,67,65,2,2
7004,65,63,2,2
7005,132,110,22,22
7006,128,112,16,16
7007,115,103,12,12
7008,109,102,7,7
7009,63,63,0,0
7010,55,60,-5,5
7011,119,94,25,25
7012,70,61,9,9
7013,125,107,18,18
7014,146,125,21,21
7015,84,81,3,3
7016,120,115,5,5
7017,83,83,0,0
7018,68,63,5,5
7019,106,93,13,13
7020,147,115,32,32
7021,81,75,6,6
7022,87,87,0,0
7023,86,77,9,9
7024,67,69,-2,2
7025,100,89,11,11
7026,81,80,1,1
7027,70,73,-3,3
7028,94,82,12,12
7029,123,104,19,19
7030,121,107,14,14
7031,71,70,1,1
7032,73,66,7,7
7033,79,74,5,5
7034,98,95,3,3
7035,147,107,40,40
7036,86,76,10,10
7037,83,72,11,11
7038,117,104,13,13
7039,93,91,2,2
7040,44,48,-4,4
7041,68,69,-1,1
7042,74,74,0,0
7043,76,89,-13,13
7044,96,85,11,11
7045,80,68,12,12
7046,73,76,-3,3
7047,93,82,11,11
7048,48,51,-3,3
7049,85,78,7,7
7050,140,128,12,12
7051,81,77,4,4
7052,57,52,5,5
7053,93,82,11,11
7054,119,112,7,7
7055,129,128,1,1
7056,88,78,10,10
7057,101,91,10,10
7058,91,85,6,6
7059,59,56,3,3
7060,109,110,-1,1
7061,89,77,12,12
7062,101,85,16,16
7063,116,102,14,14
7064,86,81,5,5
7065,113,102,11,11
7066,101,87,14,14
7067,110,105,5,5
7068,115,130,-15,15
7069,137,130,7,7
7070,64,72,-8,8
7071,133,113,20,20
7072,80,83,-3,3
7073,61,57,4,4
7074,116,112,4,4
7075,154,136,18,18
7076,69,65,4,4
7077,123,114,9,9
7078,63,65,-2,2
7079,99,109,-10,10
7080,52,51,1,1
7081,86,77,9,9
7082,79,72,7,7
7083,97,99,-2,2
7084,68,68,0,0
7085,79,81,-2,2
7086,82,70,12,12
7087,66,58,8,8
7088,28,31,-3,3
7089,54,63,-9,9
7090,76,70,6,6
7091,74,80,-6,6
7092,97,92,5,5
7093,82,76,6,6
7094,103,97,6,6
7095,61,53,8,8
7096,69,58,11,11
7097,60,63,-3,3
7098,61,84,-23,23
7099,100,98,2,2
7100,100,94,6,6
7101,129,108,21,21
7102,184,154,30,30
7103,119,111,8,8
7104,91,79,12,12
7105,99,100,-1,1
7106,100,92,8,8
7107,58,63,-5,5
7108,70,68,2,2
7109,76,81,-5,5
7110,77,74,3,3
7111,70,63,7,7
7112,116,102,14,14
7113,149,134,15,15
7114,124,116,8,8
7115,139,107,32,32
7116,142,142,0,0
7117,77,77,0,0
7118,96,82,14,14
7119,215,171,44,44
7120,70,69,1,1
7121,118,109,9,9
7122,89,84,5,5
7123,106,90,16,16
7124,117,107,10,10
7125,60,60,0,0
7126,67,66,1,1
7127,149,140,9,9
7128,364,371,-7,7
7129,110,99,11,11
7130,106,91,15,15
7131,161,150,11,11
7132,119,122,-3,3
7133,113,131,-18,18
7134,100,97,3,3
7135,51,54,-3,3
7136,121,109,12,12
7137,108,101,7,7
7138,107,100,7,7
7139,62,59,3,3
7140,84,81,3,3
7141,93,77,16,16
7142,143,132,11,11
7143,136,118,18,18
7144,53,58,-5,5
7145,97,94,3,3
7146,139,132,7,7
7147,126,122,4,4
7148,46,52,-6,6
7149,172,160,12,12
7150,101,95,6,6
7151,89,84,5,5
7152,118,103,15,15
7153,71,70,1,1
7154,120,116,4,4
7155,77,75,2,2
7156,145,122,23,23
7157,45,39,6,6
7158,80,75,5,5
7159,58,62,-4,4
7160,117,102,15,15
7161,91,85,6,6
7162,192,167,25,25
7163,68,64,4,4
7164,71,61,10,10
7165,82,76,6,6
7166,84,78,6,6
7167,70,74,-4,4
7168,47,55,-8,8
7169,95,83,12,12
7170,59,62,-3,3
7171,154,132,22,22
7172,131,114,17,17
7173,98,94,4,4
7174,38,44,-6,6
7175,86,87,-1,1
7176,55,55,0,0
7177,40,41,-1,1
7178,119,109,10,10
7179,247,191,56,56
7180,96,92,4,4
7181,69,71,-2,2
7182,87,89,-2,2
7183,93,92,1,1
7184,84,76,8,8
7185,127,123,4,4
7186,106,96,10,10
7187,62,60,2,2
7188,84,83,1,1
7189,48,52,-4,4
7190,116,115,1,1
7191,83,75,8,8
7192,123,117,6,6
7193,97,82,15,15
7194,119,99,20,20
7195,113,107,6,6
7196,70,70,0,0
7197,123,118,5,5
7198,86,77,9,9
7199,49,55,-6,6
7200,113,102,11,11
7201,100,93,7,7
7202,131,119,12,12
7203,93,87,6,6
7204,92,82,10,10
7205,73,67,6,6
7206,61,60,1,1
7207,72,63,9,9
7208,91,83,8,8
7209,86,81,5,5
7210,82,74,8,8
7211,179,163,16,16
7212,121,100,21,21
7213,58,56,2,2
7214,83,70,13,13
7215,100,77,23,23
7216,84,76,8,8
7217,76,68,8,8
7218,83,69,14,14
7219,81,77,4,4
7220,119,109,10,10
7221,160,138,22,22
7222,97,95,2,2
7223,143,147,-4,4
7224,49,49,0,0
7225,188,155,33,33
7226,79,76,3,3
7227,62,63,-1,1
7228,71,65,6,6
7229,114,115,-1,1
7230,167,156,11,11
7231,100,84,16,16
7232,90,78,12,12
7233,106,102,4,4
7234,129,123,6,6
7235,81,74,7,7
7236,52,55,-3,3
7237,86,77,9,9
7238,92,102,-10,10
7239,59,61,-2,2
7240,98,97,1,1
7241,94,85,9,9
7242,173,154,19,19
7243,82,86,-4,4
7244,121,108,13,13
7245,84,72,12,12
7246,44,40,4,4
7247,88,92,-4,4
7248,91,81,10,10
7249,97,86,11,11
7250,46,49,-3,3
7251,114,101,13,13
7252,108,94,14,14
7253,66,60,6,6
7254,71,67,4,4
7255,76,73,3,3
7256,159,144,15,15
7257,39,45,-6,6
7258,47,52,-5,5
7259,142,115,27,27
7260,124,122,2,2
7261,109,102,7,7
7262,110,106,4,4
7263,59,53,6,6
7264,107,89,18,18
7265,59,55,4,4
7266,93,89,4,4
7267,96,94,2,2
7268,40,52,-12,12
7269,124,112,12,12
7270,90,72,18,18
7271,52,54,-2,2
7272,95,83,12,12
7273,81,79,2,2
7274,171,145,26,26
7275,78,65,13,13
7276,97,80,17,17
7277,82,84,-2,2
7278,93,82,11,11
7279,106,103,3,3
7280,129,111,18,18
7281,110,112,-2,2
7282,28,53,-25,25
7283,152,143,9,9
7284,113,94,19,19
7285,62,58,4,4
7286,51,51,0,0
7287,167,156,11,11
7288,60,51,9,9
7289,176,155,21,21
7290,139,128,11,11
7291,193,173,20,20
7292,78,76,2,2
7293,76,69,7,7
7294,80,73,7,7
7295,86,96,-10,10
7296,102,87,15,15
7297,51,49,2,2
7298,32,32,0,0
7299,133,110,23,23
7300,160,136,24,24
7301,75,71,4,4
7302,84,73,11,11
7303,85,81,4,4
7304,89,85,4,4
7305,69,61,8,8
7306,113,105,8,8
7307,69,64,5,5
7308,76,76,0,0
7309,56,75,-19,19
7310,86,72,14,14
7311,92,91,1,1
7312,54,55,-1,1
7313,100,86,14,14
7314,37,50,-13,13
7315,140,126,14,14
7316,57,72,-15,15
7317,83,82,1,1
7318,75,64,11,11
7319,59,55,4,4
7320,99,111,-12,12
7321,108,95,13,13
7322,93,93,0,0
7323,78,78,0,0
7324,166,153,13,13
7325,81,77,4,4
7326,80,74,6,6
7327,166,131,35,35
7328,56,53,3,3
7329,108,100,8,8
7330,88,82,6,6
7331,124,123,1,1
7332,71,71,0,0
7333,111,93,18,18
7334,77,83,-6,6
7335,84,76,8,8
7336,85,81,4,4
7337,103,86,17,17
7338,67,73,-6,6
7339,128,110,18,18
7340,54,50,4,4
7341,98,89,9,9
7342,115,121,-6,6
7343,80,74,6,6
7344,66,59,7,7
7345,84,76,8,8
7346,179,157,22,22
7347,70,71,-1,1
7348,93,90,3,3
7349,139,143,-4,4
7350,136,117,19,19
7351,173,158,15,15
7352,112,97,15,15
7353,76,79,-3,3
7354,112,108,4,4
7355,118,119,-1,1
7356,109,94,15,15
7357,101,99,2,2
7358,105,90,15,15
7359,67,64,3,3
7360,131,113,18,18
7361,41,52,-11,11
7362,49,46,3,3
7363,113,104,9,9
7364,137,128,9,9
7365,96,95,1,1
7366,68,66,2,2
7367,110,112,-2,2
7368,70,69,1,1
7369,155,149,6,6
7370,58,53,5,5
7371,140,137,3,3
7372,119,114,5,5
7373,67,67,0,0
7374,79,76,3,3
7375,68,66,2,2
7376,62,58,4,4
7377,48,51,-3,3
7378,104,100,4,4
7379,67,71,-4,4
7380,63,64,-1,1
7381,70,65,5,5
7382,83,84,-1,1
7383,66,63,3,3
7384,67,75,-8,8
7385,54,53,1,1
7386,144,136,8,8
7387,68,65,3,3
7388,76,75,1,1
7389,62,56,6,6
7390,147,124,23,23
7391,80,93,-13,13
7392,53,54,-1,1
7393,73,64,9,9
7394,74,68,6,6
7395,63,65,-2,2
7396,111,105,6,6
7397,199,166,33,33
7398,90,84,6,6
7399,65,65,0,0
7400,68,60,8,8
7401,81,77,4,4
7402,95,87,8,8
7403,83,80,3,3
7404,99,80,19,19
7405,64,67,-3,3
7406,70,70,0,0
7407,62,54,8,8
7408,60,62,-2,2
7409,84,83,1,1
7410,63,61,2,2
7411,91,88,3,3
7412,53,67,-14,14
7413,114,100,14,14
7414,102,93,9,9
7415,80,65,15,15
7416,85,88,-3,3
7417,112,108,4,4
7418,86,81,5,5
7419,61,63,-2,2
7420,118,102,16,16
7421,108,85,23,23
7422,179,147,32,32
7423,87,83,4,4
7424,185,155,30,30
7425,91,83,8,8
7426,73,74,-1,1
7427,63,51,12,12
7428,159,132,27,27
7429,146,134,12,12
7430,75,79,-4,4
7431,73,72,1,1
7432,107,91,16,16
7433,93,84,9,9
7434,89,90,-1,1
7435,82,91,-9,9
7436,79,72,7,7
7437,50,54,-4,4
7438,69,68,1,1
7439,89,89,0,0
7440,145,138,7,7
7441,84,84,0,0
7442,115,112,3,3
7443,103,111,-8,8
7444,90,92,-2,2
7445,57,51,6,6
7446,118,97,21,21
7447,99,95,4,4
7448,124,105,19,19
7449,102,105,-3,3
7450,97,89,8,8
7451,64,57,7,7
7452,78,67,11,11
7453,121,112,9,9
7454,163,142,21,21
7455,63,58,5,5
7456,53,57,-4,4
7457,71,68,3,3
7458,79,76,3,3
7459,102,97,5,5
7460,130,115,15,15
7461,114,104,10,10
7462,118,118,0,0
7463,93,90,3,3
7464,78,70,8,8
7465,87,83,4,4
7466,107,93,14,14
7467,105,93,12,12
7468,135,123,12,12
7469,64,59,5,5
7470,80,73,7,7
7471,79,81,-2,2
7472,156,146,10,10
7473,123,118,5,5
7474,81,85,-4,4
7475,91,87,4,4
7476,184,154,30,30
7477,62,67,-5,5
7478,76,79,-3,3
7479,112,102,10,10
7480,60,65,-5,5
7481,103,90,13,13
7482,83,81,2,2
7483,69,67,2,2
7484,206,179,27,27
7485,78,76,2,2
7486,82,70,12,12
7487,81,80,1,1
7488,39,38,1,1
7489,109,103,6,6
7490,32,57,-25,25
7491,65,70,-5,5
7492,88,80,8,8
7493,94,91,3,3
7494,87,86,1,1
7495,74,67,7,7
7496,88,79,9,9
7497,103,101,2,2
7498,72,61,11,11
7499,83,79,4,4
7500,197,191,6,6
7501,41,41,0,0
7502,76,73,3,3
7503,129,108,21,21
7504,40,60,-20,20
7505,136,131,5,5
7506,62,56,6,6
7507,66,63,3,3
7508,106,110,-4,4
7509,62,61,1,1
7510,109,95,14,14
7511,136,116,20,20
7512,100,89,11,11
7513,160,142,18,18
7514,105,98,7,7
7515,122,107,15,15
7516,98,91,7,7
7517,78,70,8,8
7518,75,71,4,4
7519,67,66,1,1
7520,56,56,0,0
7521,60,54,6,6
7522,38,36,2,2
7523,53,55,-2,2
7524,57,67,-10,10
7525,113,102,11,11
7526,83,74,9,9
7527,81,68,13,13
7528,136,129,7,7
7529,78,70,8,8
7530,89,81,8,8
7531,86,80,6,6
7532,68,70,-2,2
7533,156,142,14,14
7534,85,78,7,7
7535,126,120,6,6
7536,57,65,-8,8
7537,114,108,6,6
7538,113,96,17,17
7539,75,78,-3,3
7540,130,113,17,17
7541,79,61,18,18
7542,112,99,13,13
7543,120,113,7,7
7544,76,73,3,3
7545,86,76,10,10
7546,60,57,3,3
7547,52,57,-5,5
7548,80,68,12,12
7549,136,117,19,19
7550,71,71,0,0
7551,152,142,10,10
7552,59,65,-6,6
7553,88,76,12,12
7554,71,65,6,6
7555,71,62,9,9
7556,88,88,0,0
7557,44,50,-6,6
7558,95,95,0,0
7559,99,88,11,11
7560,74,78,-4,4
7561,148,127,21,21
7562,74,68,6,6
7563,103,84,19,19
7564,70,60,10,10
7565,128,107,21,21
7566,70,68,2,2
7567,69,71,-2,2
7568,95,73,22,22
7569,125,116,9,9
7570,87,88,-1,1
7571,130,120,10,10
7572,105,110,-5,5
7573,96,82,14,14
7574,90,85,5,5
7575,52,51,1,1
7576,77,85,-8,8
7577,143,127,16,16
7578,97,100,-3,3
7579,81,77,4,4
7580,55,51,4,4
7581,122,122,0,0
7582,59,60,-1,1
7583,106,96,10,10
7584,146,124,22,22
7585,62,59,3,3
7586,122,111,11,11
7587,166,144,22,22
7588,76,66,10,10
7589,82,81,1,1
7590,114,102,12,12
7591,113,115,-2,2
7592,94,87,7,7
7593,113,108,5,5
7594,79,77,2,2
7595,106,98,8,8
7596,123,114,9,9
7597,118,104,14,14
7598,80,71,9,9
7599,94,87,7,7
7600,89,77,12,12
7601,64,55,9,9
7602,113,107,6,6
7603,137,122,15,15
7604,53,98,-45,45
7605,133,121,12,12
7606,65,72,-7,7
7607,78,79,-1,1
7608,40,39,1,1
7609,60,62,-2,2
7610,52,52,0,0
7611,136,122,14,14
7612,155,142,13,13
7613,94,92,2,2
7614,75,75,0,0
7615,36,40,-4,4
7616,132,116,16,16
7617,117,103,14,14
7618,136,136,0,0
7619,141,118,23,23
7620,65,64,1,1
7621,96,77,19,19
7622,68,68,0,0
7623,144,117,27,27
7624,148,132,16,16
7625,117,109,8,8
7626,60,68,-8,8
7627,98,91,7,7
7628,114,102,12,12
7629,139,114,25,25
7630,109,93,16,16
7631,69,74,-5,5
7632,105,93,12,12
7633,116,98,18,18
7634,72,65,7,7
7635,74,77,-3,3
7636,102,99,3,3
7637,62,51,11,11
7638,36,31,5,5
7639,94,82,12,12
7640,78,75,3,3
7641,150,128,22,22
7642,81,75,6,6
7643,154,143,11,11
7644,115,109,6,6
7645,44,52,-8,8
7646,88,85,3,3
7647,80,73,7,7
7648,75,69,6,6
7649,58,52,6,6
7650,124,114,10,10
7651,90,82,8,8
7652,117,101,16,16
7653,93,83,10,10
7654,133,120,13,13
7655,71,60,11,11
7656,82,79,3,3
7657,66,66,0,0
7658,69,67,2,2
7659,112,98,14,14
7660,114,99,15,15
7661,81,65,16,16
7662,110,105,5,5
7663,76,70,6,6
7664,97,92,5,5
7665,83,78,5,5
7666,73,70,3,3
7667,109,98,11,11
7668,67,64,3,3
7669,101,101,0,0
7670,74,67,7,7
7671,122,110,12,12
7672,51,57,-6,6
7673,80,86,-6,6
7674,118,107,11,11
7675,87,76,11,11
7676,84,75,9,9
7677,135,116,19,19
7678,51,92,-41,41
7679,121,98,23,23
7680,60,57,3,3
7681,150,135,15,15
7682,41,45,-4,4
7683,55,53,2,2
7684,149,120,29,29
7685,136,125,11,11
7686,121,97,24,24
7687,121,110,11,11
7688,50,60,-10,10
7689,61,55,6,6
7690,129,114,15,15
7691,83,91,-8,8
7692,83,91,-8,8
7693,77,69,8,8
7694,110,95,15,15
7695,110,90,20,20
7696,108,108,0,0
7697,95,94,1,1
7698,91,82,9,9
7699,99,86,13,13
7700,105,98,7,7
7701,104,121,-17,17
7702,82,78,4,4
7703,68,65,3,3
7704,77,73,4,4
7705,103,92,11,11
7706,87,81,6,6
7707,55,52,3,3
7708,94,86,8,8
7709,67,62,5,5
7710,75,85,-10,10
7711,137,127,10,10
7712,69,68,1,1
7713,67,64,3,3
7714,77,84,-7,7
7715,68,65,3,3
7716,117,106,11,11
7717,109,109,0,0
7718,164,136,28,28
7719,102,109,-7,7
7720,77,80,-3,3
7721,71,84,-13,13
7722,71,71,0,0
7723,146,121,25,25
7724,40,36,4,4
7725,121,106,15,15
7726,86,74,12,12
7727,99,91,8,8
7728,68,72,-4,4
7729,89,70,19,19
7730,71,73,-2,2
7731,72,69,3,3
7732,49,50,-1,1
7733,155,116,39,39
7734,145,137,8,8
7735,102,100,2,2
7736,131,117,14,14
7737,101,79,22,22
7738,61,62,-1,1
7739,108,105,3,3
7740,62,65,-3,3
7741,93,80,13,13
7742,84,77,7,7
7743,56,88,-32,32
7744,143,124,19,19
7745,145,127,18,18
7746,103,90,13,13
7747,88,84,4,4
7748,96,87,9,9
7749,63,61,2,2
7750,88,87,1,1
7751,50,62,-12,12
7752,106,101,5,5
7753,89,72,17,17
7754,101,102,-1,1
7755,134,116,18,18
7756,91,82,9,9
7757,134,132,2,2
7758,79,79,0,0
7759,161,140,21,21
7760,127,117,10,10
7761,88,85,3,3
7762,61,64,-3,3
7763,60,68,-8,8
7764,102,87,15,15
7765,140,132,8,8
7766,69,69,0,0
7767,101,104,-3,3
7768,175,158,17,17
7769,129,132,-3,3
7770,115,106,9,9
7771,88,94,-6,6
7772,79,75,4,4
7773,102,98,4,4
7774,43,45,-2,2
7775,97,90,7,7
7776,132,128,4,4
7777,58,57,1,1
7778,89,89,0,0
7779,90,91,-1,1
7780,98,101,-3,3
7781,102,96,6,6
7782,88,84,4,4
7783,106,95,11,11
7784,99,91,8,8
7785,151,133,18,18
7786,111,89,22,22
7787,65,64,1,1
7788,71,69,2,2
7789,79,90,-11,11
7790,65,63,2,2
7791,136,117,19,19
7792,151,142,9,9
7793,108,100,8,8
7794,121,103,18,18
7795,54,60,-6,6
7796,96,96,0,0
7797,98,84,14,14
7798,62,64,-2,2
7799,78,78,0,0
7800,97,92,5,5
7801,80,74,6,6
7802,65,66,-1,1
7803,74,73,1,1
7804,118,111,7,7
7805,109,94,15,15
7806,99,91,8,8
7807,78,82,-4,4
7808,59,69,-10,10
7809,84,88,-4,4
7810,108,104,4,4
7811,89,89,0,0
7812,119,100,19,19
7813,182,151,31,31
7814,133,108,25,25
7815,90,92,-2,2
7816,144,143,1,1
7817,109,98,11,11
7818,154,131,23,23
7819,54,50,4,4
7820,59,60,-1,1
7821,120,109,11,11
7822,113,112,1,1
7823,90,80,10,10
7824,119,102,17,17
7825,72,70,2,2
7826,173,153,20,20
7827,252,210,42,42
7828,123,125,-2,2
7829,178,155,23,23
7830,207,178,29,29
7831,86,85,1,1
7832,61,56,5,5
7833,82,84,-2,2
7834,77,73,4,4
7835,90,81,9,9
7836,85,96,-11,11
7837,133,133,0,0
7838,67,67,0,0
7839,71,76,-5,5
7840,118,117,1,1
7841,168,153,15,15
7842,101,97,4,4
7843,126,108,18,18
7844,127,116,11,11
7845,197,169,28,28
7846,67,65,2,2
7847,59,55,4,4
7848,139,125,14,14
7849,84,81,3,3
7850,75,74,1,1
7851,124,114,10,10
7852,61,61,0,0
7853,78,71,7,7
7854,102,86,16,16
7855,50,50,0,0
7856,72,78,-6,6
7857,98,101,-3,3
7858,109,96,13,13
7859,97,84,13,13
7860,79,72,7,7
7861,73,71,2,2
7862,114,99,15,15
7863,118,106,12,12
7864,101,96,5,5
7865,103,96,7,7
7866,49,51,-2,2
7867,49,53,-4,4
7868,37,47,-10,10
7869,121,111,10,10
7870,69,68,1,1
7871,126,118,8,8
7872,91,82,9,9
7873,119,105,14,14
7874,105,98,7,7
7875,129,118,11,11
7876,83,76,7,7
7877,99,91,8,8
7878,106,104,2,2
7879,67,61,6,6
7880,132,123,9,9
7881,110,91,19,19
7882,72,66,6,6
7883,126,113,13,13
7884,129,133,-4,4
7885,74,67,7,7
7886,131,121,10,10
7887,97,92,5,5
7888,118,115,3,3
7889,124,113,11,11
7890,66,68,-2,2
7891,99,100,-1,1
7892,93,86,7,7
7893,169,154,15,15
7894,109,107,2,2
7895,194,162,32,32
7896,131,115,16,16
7897,67,64,3,3
7898,102,96,6,6
7899,126,113,13,13
7900,166,159,7,7
7901,52,60,-8,8
7902,129,131,-2,2
7903,175,155,20,20
7904,77,66,11,11
7905,52,49,3,3
7906,73,63,10,10
7907,97,93,4,4
7908,49,51,-2,2
7909,112,104,8,8
7910,108,107,1,1
7911,91,78,13,13
7912,84,99,-15,15
7913,35,50,-15,15
7914,182,174,8,8
7915,61,62,-1,1
7916,61,51,10,10
7917,79,74,5,5
7918,55,54,1,1
7919,64,63,1,1
7920,142,123,19,19
7921,66,65,1,1
7922,74,77,-3,3
7923,150,132,18,18
7924,99,90,9,9
7925,106,105,1,1
7926,72,76,-4,4
7927,121,109,12,12
7928,114,104,10,10
7929,75,68,7,7
7930,65,69,-4,4
7931,116,111,5,5
7932,99,89,10,10
7933,199,176,23,23
7934,60,57,3,3
7935,67,60,7,7
7936,81,75,6,6
7937,178,124,54,54
7938,70,76,-6,6
7939,131,112,19,19
7940,149,128,21,21
7941,70,66,4,4
7942,97,99,-2,2
7943,104,86,18,18
7944,73,69,4,4
7945,74,77,-3,3
7946,87,91,-4,4
7947,112,103,9,9
7948,126,111,15,15
7949,86,98,-12,12
7950,134,120,14,14
7951,117,93,24,24
7952,61,61,0,0
7953,71,76,-5,5
7954,80,86,-6,6
7955,63,61,2,2
7956,70,63,7,7
7957,63,72,-9,9
7958,46,51,-5,5
7959,59,59,0,0
7960,89,86,3,3
7961,134,119,15,15
7962,113,103,10,10
7963,73,80,-7,7
7964,122,105,17,17
7965,59,60,-1,1
7966,142,137,5,5
7967,175,157,18,18
7968,61,55,6,6
7969,142,146,-4,4
7970,68,56,12,12
7971,51,54,-3,3
7972,94,93,1,1
7973,104,90,14,14
7974,85,81,4,4
7975,155,146,9,9
7976,157,155,2,2
7977,115,104,11,11
7978,94,92,2,2
7979,86,88,-2,2
7980,115,113,2,2
7981,85,79,6,6
7982,106,95,11,11
7983,64,60,4,4
7984,38,73,-35,35
7985,51,51,0,0
7986,106,99,7,7
7987,101,99,2,2
7988,46,51,-5,5
7989,85,71,14,14
7990,104,96,8,8
7991,95,92,3,3
7992,130,115,15,15
7993,151,133,18,18
7994,57,56,1,1
7995,93,90,3,3
7996,69,62,7,7
7997,39,31,8,8
7998,76,77,-1,1
7999,84,73,11,11
8000,41,40,1,1
8001,45,51,-6,6
8002,68,66,2,2
8003,82,78,4,4
8004,68,67,1,1
8005,73,65,8,8
8006,49,64,-15,15
8007,93,83,10,10
8008,75,69,6,6
8009,85,73,12,12
8010,103,97,6,6
8011,129,117,12,12
8012,116,108,8,8
8013,77,73,4,4
8014,83,78,5,5
8015,104,89,15,15
8016,124,105,19,19
8017,89,85,4,4
8018,88,95,-7,7
8019,49,61,-12,12
8020,104,102,2,2
8021,107,99,8,8
8022,125,117,8,8
8023,57,60,-3,3
8024,104,90,14,14
8025,51,68,-17,17
8026,86,76,10,10
8027,96,92,4,4
8028,190,172,18,18
8029,84,82,2,2
8030,105,98,7,7
8031,94,88,6,6
8032,74,67,7,7
8033,100,87,13,13
8034,126,110,16,16
8035,73,68,5,5
8036,83,82,1,1
8037,141,120,21,21
8038,124,115,9,9
8039,79,78,1,1
8040,135,120,15,15
8041,81,68,13,13
8042,137,127,10,10
8043,75,73,2,2
8044,54,64,-10,10
8045,102,95,7,7
8046,157,130,27,27
8047,93,87,6,6
8048,155,131,24,24
8049,71,64,7,7
8050,109,98,11,11
8051,60,63,-3,3
8052,57,68,-11,11
8053,113,104,9,9
8054,130,122,8,8
8055,71,76,-5,5
8056,92,86,6,6
8057,148,115,33,33
8058,117,98,19,19
8059,68,66,2,2
8060,161,137,24,24
8061,85,77,8,8
8062,65,59,6,6
8063,43,45,-2,2
8064,102,94,8,8
8065,69,60,9,9
8066,185,169,16,16
8067,133,123,10,10
8068,104,96,8,8
8069,105,99,6,6
8070,120,106,14,14
8071,85,76,9,9
8072,73,56,17,17
8073,158,153,5,5
8074,76,70,6,6
8075,87,66,21,21
8076,148,121,27,27
8077,85,82,3,3
8078,98,79,19,19
8079,66,69,-3,3
8080,100,93,7,7
8081,110,102,8,8
8082,86,84,2,2
8083,119,116,3,3
8084,75,67,8,8
8085,110,115,-5,5
8086,69,70,-1,1
8087,127,103,24,24
8088,98,88,10,10
8089,116,115,1,1
8090,65,66,-1,1
8091,94,88,6,6
8092,58,55,3,3
8093,68,82,-14,14
8094,118,104,14,14
8095,27,31,-4,4
8096,74,67,7,7
8097,81,80,1,1
8098,98,84,14,14
8099,56,58,-2,2
8100,101,93,8,8
8101,128,112,16,16
8102,104,101,3,3
8103,69,65,4,4
8104,130,105,25,25
8105,121,115,6,6
8106,42,80,-38,38
8107,89,91,-2,2
8108,71,62,9,9
8109,129,109,20,20
8110,59,65,-6,6
8111,101,99,2,2
8112,102,96,6,6
8113,109,106,3,3
8114,94,83,11,11
8115,108,105,3,3
8116,102,91,11,11
8117,89,87,2,2
8118,121,115,6,6
8119,122,122,0,0
8120,67,72,-5,5
8121,51,61,-10,10
8122,89,81,8,8
8123,88,90,-2,2
8124,131,108,23,23
8125,103,93,10,10
8126,151,162,-11,11
8127,134,132,2,2
8128,108,102,6,6
8129,92,84,8,8
8130,65,57,8,8
8131,81,77,4,4
8132,68,75,-7,7
8133,91,84,7,7
8134,114,101,13,13
8135,48,59,-11,11
8136,102,100,2,2
8137,149,138,11,11
8138,108,102,6,6
8139,60,58,2,2
8140,103,101,2,2
8141,65,70,-5,5
8142,119,113,6,6
8143,104,103,1,1
8144,64,58,6,6
8145,48,51,-3,3
8146,55,51,4,4
8147,75,74,1,1
8148,44,54,-10,10
8149,73,76,-3,3
8150,54,51,3,3
8151,54,56,-2,2
8152,52,52,0,0
8153,95,81,14,14
8154,66,69,-3,3
8155,85,93,-8,8
8156,75,64,11,11
8157,95,98,-3,3
8158,95,84,11,11
8159,36,35,1,1
8160,79,78,1,1
8161,123,114,9,9
8162,81,68,13,13
8163,176,144,32,32
8164,60,51,9,9
8165,61,71,-10,10
8166,140,118,22,22
8167,127,113,14,14
8168,96,89,7,7
8169,99,84,15,15
8170,108,93,15,15
8171,58,59,-1,1
8172,51,61,-10,10
8173,95,83,12,12
8174,58,70,-12,12
8175,76,66,10,10
8176,116,103,13,13
8177,108,93,15,15
8178,168,143,25,25
8179,27,31,-4,4
8180,145,120,25,25
8181,53,56,-3,3
8182,67,65,2,2
8183,92,85,7,7
8184,78,69,9,9
8185,113,107,6,6
8186,141,131,10,10
8187,136,118,18,18
8188,103,101,2,2
8189,86,79,7,7
8190,195,181,14,14
8191,75,71,4,4
8192,63,63,0,0
8193,66,65,1,1
8194,127,119,8,8
8195,122,105,17,17
8196,54,95,-41,41
8197,101,96,5,5
8198,93,74,19,19
8199,64,65,-1,1
8200,108,103,5,5
8201,111,98,13,13
8202,77,64,13,13
8203,154,139,15,15
8204,94,80,14,14
8205,84,81,3,3
8206,76,83,-7,7
8207,87,75,12,12
8208,126,103,23,23
8209,82,76,6,6
8210,82,80,2,2
8211,80,75,5,5
8212,126,116,10,10
8213,64,64,0,0
8214,142,117,25,25
8215,143,129,14,14
8216,127,128,-1,1
8217,76,76,0,0
8218,57,70,-13,13
8219,109,90,19,19
8220,141,125,16,16
8221,129,112,17,17
8222,114,98,16,16
8223,83,78,5,5
8224,149,134,15,15
8225,47,53,-6,6
8226,88,84,4,4
8227,88,82,6,6
8228,105,100,5,5
8229,93,95,-2,2
8230,109,89,20,20
8231,87,79,8,8
8232,43,39,4,4
8233,81,74,7,7
8234,101,76,25,25
8235,80,67,13,13
8236,112,103,9,9
8237,92,93,-1,1
8238,102,94,8,8
8239,71,65,6,6
8240,166,144,22,22
8241,98,89,9,9
8242,129,109,20,20
8243,79,81,-2,2
8244,109,95,14,14
8245,145,128,17,17
8246,166,143,23,23
8247,76,75,1,1
8248,46,50,-4,4
8249,113,100,13,13
8250,75,80,-5,5
8251,86,73,13,13
8252,76,75,1,1
8253,88,88,0,0
8254,67,73,-6,6
8255,100,91,9,9
8256,71,76,-5,5
8257,59,61,-2,2
8258,181,161,20,20
8259,56,55,1,1
8260,114,90,24,24
8261,92,92,0,0
8262,100,95,5,5
8263,75,87,-12,12
8264,188,162,26,26
8265,51,51,0,0
8266,84,89,-5,5
8267,171,170,1,1
8268,66,60,6,6
8269,92,82,10,10
8270,122,113,9,9
8271,40,51,-11,11
8272,87,83,4,4
8273,122,111,11,11
8274,98,85,13,13
8275,96,89,7,7
8276,120,106,14,14
8277,82,80,2,2
8278,88,79,9,9
8279,60,62,-2,2
8280,83,77,6,6
8281,81,67,14,14
8282,151,141,10,10
8283,187,167,20,20
8284,98,103,-5,5
8285,95,85,10,10
8286,77,74,3,3
8287,144,130,14,14
8288,81,78,3,3
8289,91,88,3,3
8290,149,135,14,14
8291,99,107,-8,8
8292,96,81,15,15
8293,129,124,5,5
8294,63,58,5,5
8295,86,81,5,5
8296,64,68,-4,4
8297,74,62,12,12
8298,93,85,8,8
8299,85,77,8,8
8300,248,203,45,45
8301,91,86,5,5
8302,58,57,1,1
8303,93,79,14,14
8304,93,90,3,3
8305,55,56,-1,1
8306,102,102,0,0
8307,107,93,14,14
8308,79,76,3,3
8309,84,74,10,10
8310,95,86,9,9
8311,110,100,10,10
8312,80,75,5,5
8313,44,45,-1,1
8314,96,89,7,7
8315,59,65,-6,6
8316,109,102,7,7
8317,198,180,18,18
8318,81,85,-4,4
8319,119,108,11,11
8320,106,102,4,4
8321,114,95,19,19
8322,51,54,-3,3
8323,110,99,11,11
8324,112,109,3,3
8325,99,95,4,4
8326,80,71,9,9
8327,59,66,-7,7
8328,110,109,1,1
8329,125,104,21,21
8330,137,117,20,20
8331,73,70,3,3
8332,190,168,22,22
8333,137,130,7,7
8334,46,50,-4,4
8335,124,118,6,6
8336,87,79,8,8
8337,114,96,18,18
8338,83,78,5,5
8339,85,81,4,4
8340,142,145,-3,3
8341,108,91,17,17
8342,129,119,10,10
8343,107,90,17,17
8344,109,103,6,6
8345,144,129,15,15
8346,76,72,4,4
8347,38,54,-16,16
8348,157,145,12,12
8349,55,54,1,1
8350,99,98,1,1
8351,153,132,21,21
8352,74,68,6,6
8353,74,72,2,2
8354,78,71,7,7
8355,74,77,-3,3
8356,94,86,8,8
8357,112,96,16,16
8358,141,134,7,7
8359,82,70,12,12
8360,160,149,11,11
8361,103,97,6,6
8362,110,96,14,14
8363,42,49,-7,7
8364,69,69,0,0
8365,59,51,8,8
8366,98,89,9,9
8367,75,68,7,7
8368,58,57,1,1
8369,74,65,9,9
8370,108,103,5,5
8371,66,73,-7,7
8372,105,93,12,12
8373,46,60,-14,14
8374,55,53,2,2
8375,71,65,6,6
8376,115,107,8,8
8377,88,75,13,13
8378,47,43,4,4
8379,174,151,23,23
8380,94,81,13,13
8381,74,72,2,2
8382,84,77,7,7
8383,85,74,11,11
8384,65,56,9,9
8385,39,36,3,3
8386,118,103,15,15
8387,101,89,12,12
8388,78,78,0,0
8389,97,103,-6,6
8390,104,92,12,12
8391,98,87,11,11
8392,81,89,-8,8
8393,112,102,10,10
8394,98,91,7,7
8395,96,99,-3,3
8396,53,49,4,4
8397,67,78,-11,11
8398,70,70,0,0
8399,114,96,18,18
8400,104,102,2,2
8401,65,66,-1,1
8402,80,72,8,8
8403,96,73,23,23
8404,70,64,6,6
8405,105,97,8,8
8406,100,82,18,18
8407,160,134,26,26
8408,91,93,-2,2
8409,100,93,7,7
8410,119,95,24,24
8411,65,64,1,1
8412,99,96,3,3
8413,172,129,43,43
8414,83,74,9,9
8415,85,73,12,12
8416,69,62,7,7
8417,59,62,-3,3
8418,93,89,4,4
8419,81,77,4,4
8420,75,73,2,2
8421,62,57,5,5
8422,115,98,17,17
8423,107,129,-22,22
8424,105,97,8,8
8425,51,55,-4,4
8426,76,77,-1,1
8427,88,88,0,0
8428,145,131,14,14
8429,114,110,4,4
8430,38,33,5,5
8431,133,122,11,11
8432,74,69,5,5
8433,119,108,11,11
8434,96,86,10,10
8435,143,118,25,25
8436,60,59,1,1
8437,130,109,21,21
8438,120,102,18,18
8439,122,129,-7,7
8440,113,102,11,11
8441,68,72,-4,4
8442,98,88,10,10
8443,143,115,28,28
8444,77,69,8,8
8445,92,88,4,4
8446,61,59,2,2
8447,74,76,-2,2
8448,94,76,18,18
8449,102,92,10,10
8450,118,107,11,11
8451,119,108,11,11
8452,193,167,26,26
8453,95,90,5,5
8454,89,84,5,5
8455,129,117,12,12
8456,124,106,18,18
8457,84,75,9,9
8458,76,74,2,2
8459,55,55,0,0
8460,143,127,16,16
8461,134,112,22,22
8462,88,86,2,2
8463,132,122,10,10
8464,114,93,21,21
8465,71,67,4,4
8466,79,69,10,10
8467,101,92,9,9
8468,134,126,8,8
8469,61,41,20,20
8470,81,71,10,10
8471,107,103,4,4
8472,86,76,10,10
8473,83,78,5,5
8474,94,90,4,4
8475,102,98,4,4
8476,110,118,-8,8
8477,137,129,8,8
8478,56,65,-9,9
8479,134,114,20,20
8480,80,83,-3,3
8481,46,50,-4,4
8482,111,103,8,8
8483,112,99,13,13
8484,121,113,8,8
8485,113,104,9,9
8486,91,91,0,0
8487,47,51,-4,4
8488,65,63,2,2
8489,56,64,-8,8
8490,83,81,2,2
8491,85,87,-2,2
8492,102,90,12,12
8493,80,78,2,2
8494,110,98,12,12
8495,141,134,7,7
8496,90,87,3,3
8497,73,68,5,5
8498,60,54,6,6
8499,178,134,44,44
8500,124,125,-1,1
8501,108,94,14,14
8502,100,92,8,8
8503,78,76,2,2
8504,115,112,3,3
8505,127,124,3,3
8506,47,45,2,2
8507,58,53,5,5
8508,151,128,23,23
8509,104,89,15,15
8510,56,63,-7,7
8511,79,81,-2,2
8512,67,66,1,1
8513,109,104,5,5
8514,83,71,12,12
8515,101,72,29,29
8516,78,78,0,0
8517,101,121,-20,20
8518,64,70,-6,6
8519,69,66,3,3
8520,81,76,5,5
8521,185,167,18,18
8522,89,76,13,13
8523,137,113,24,24
8524,98,86,12,12
8525,185,159,26,26
8526,62,57,5,5
8527,135,121,14,14
8528,140,121,19,19
8529,166,161,5,5
8530,68,71,-3,3
8531,100,102,-2,2
8532,122,124,-2,2
8533,105,96,9,9
8534,129,117,12,12
8535,117,106,11,11
8536,74,75,-1,1
8537,91,82,9,9
8538,96,90,6,6
8539,96,90,6,6
8540,76,80,-4,4
8541,106,92,14,14
8542,71,64,7,7
8543,43,50,-7,7
8544,88,78,10,10
8545,79,85,-6,6
8546,104,90,14,14
8547,82,78,4,4
8548,112,108,4,4
8549,104,98,6,6
8550,55,55,0,0
8551,90,83,7,7
8552,47,56,-9,9
8553,111,94,17,17
8554,127,116,11,11
8555,67,70,-3,3
8556,163,139,24,24
8557,154,144,10,10
8558,63,64,-1,1
8559,50,52,-2,2
8560,56,62,-6,6
8561,104,102,2,2
8562,80,81,-1,1
8563,83,72,11,11
8564,64,62,2,2
8565,55,53,2,2
8566,84,68,16,16
8567,130,118,12,12
8568,85,83,2,2
8569,109,101,8,8
8570,153,130,23,23
8571,104,97,7,7
8572,129,115,14,14
8573,106,93,13,13
8574,173,160,13,13
8575,93,86,7,7
8576,93,81,12,12
8577,99,90,9,9
8578,66,65,1,1
8579,98,89,9,9
8580,110,127,-17,17
8581,50,61,-11,11
8582,104,97,7,7
8583,110,98,12,12
8584,60,72,-12,12
8585,102,91,11,11
8586,87,79,8,8
8587,133,122,11,11
8588,133,121,12,12
8589,122,98,24,24
8590,92,83,9,9
8591,139,126,13,13
8592,52,51,1,1
8593,83,90,-7,7
8594,91,80,11,11
8595,65,63,2,2
8596,113,106,7,7
8597,77,75,2,2
8598,161,137,24,24
8599,92,87,5,5
8600,180,146,34,34
8601,77,69,8,8
8602,109,99,10,10
8603,81,79,2,2
8604,98,97,1,1
8605,54,51,3,3
8606,126,113,13,13
8607,91,88,3,3
8608,77,78,-1,1
8609,124,112,12,12
8610,78,78,0,0
8611,189,148,41,41
8612,80,74,6,6
8613,159,129,30,30
8614,73,75,-2,2
8615,90,93,-3,3
8616,62,69,-7,7
8617,90,83,7,7
8618,134,130,4,4
8619,121,95,26,26
8620,87,79,8,8
8621,59,59,0,0
8622,89,93,-4,4
8623,105,99,6,6
8624,97,86,11,11
8625,110,98,12,12
8626,141,115,26,26
8627,85,81,4,4
8628,132,121,11,11
8629,89,81,8,8
8630,75,77,-2,2
8631,81,72,9,9
8632,77,66,11,11
8633,104,92,12,12
8634,132,133,-1,1
8635,136,117,19,19
8636,82,79,3,3
8637,85,85,0,0
8638,76,72,4,4
8639,109,114,-5,5
8640,51,56,-5,5
8641,85,86,-1,1
8642,58,57,1,1
8643,161,150,11,11
8644,85,84,1,1
8645,61,52,9,9
8646,82,78,4,4
8647,114,109,5,5
8648,113,102,11,11
8649,82,75,7,7
8650,128,115,13,13
8651,113,108,5,5
8652,61,68,-7,7
8653,85,71,14,14
8654,112,99,13,13
8655,76,70,6,6
8656,89,83,6,6
8657,142,123,19,19
8658,81,75,6,6
8659,143,132,11,11
8660,94,89,5,5
8661,134,101,33,33
8662,59,55,4,4
8663,55,60,-5,5
8664,75,79,-4,4
8665,87,86,1,1
8666,69,55,14,14
8667,104,95,9,9
8668,57,51,6,6
8669,68,62,6,6
8670,169,148,21,21
8671,114,111,3,3
8672,92,83,9,9
8673,97,81,16,16
8674,121,110,11,11
8675,89,70,19,19
8676,116,109,7,7
8677,93,94,-1,1
8678,116,100,16,16
8679,125,119,6,6
8680,82,103,-21,21
8681,50,50,0,0
8682,46,54,-8,8
8683,45,51,-6,6
8684,120,113,7,7
8685,93,85,8,8
8686,102,96,6,6
8687,126,113,13,13
8688,108,118,-10,10
8689,110,101,9,9
8690,101,94,7,7
8691,73,70,3,3
8692,58,54,4,4
8693,113,99,14,14
8694,136,133,3,3
8695,64,63,1,1
8696,125,146,-21,21
8697,88,75,13,13
8698,92,82,10,10
8699,106,95,11,11
8700,90,99,-9,9
8701,85,74,11,11
8702,80,73,7,7
8703,110,100,10,10
8704,80,75,5,5
8705,117,103,14,14
8706,47,57,-10,10
8707,112,98,14,14
8708,84,79,5,5
8709,116,102,14,14
8710,61,64,-3,3
8711,82,74,8,8
8712,164,130,34,34
8713,125,112,13,13
8714,80,78,2,2
8715,66,64,2,2
8716,61,64,-3,3
8717,82,96,-14,14
8718,81,82,-1,1
8719,143,119,24,24
8720,145,117,28,28
8721,75,67,8,8
8722,60,74,-14,14
8723,86,86,0,0
8724,99,97,2,2
8725,112,102,10,10
8726,98,90,8,8
8727,96,85,11,11
8728,64,72,-8,8
8729,62,61,1,1
8730,123,122,1,1
8731,83,82,1,1
8732,101,93,8,8
8733,27,31,-4,4
8734,167,149,18,18
8735,149,139,10,10
8736,94,85,9,9
8737,155,136,19,19
8738,39,39,0,0
8739,62,61,1,1
8740,81,67,14,14
8741,58,56,2,2
8742,74,76,-2,2
8743,139,127,12,12
8744,74,73,1,1
8745,84,83,1,1
8746,155,114,41,41
8747,114,106,8,8
8748,152,200,-48,48
8749,104,87,17,17
8750,92,95,-3,3
8751,55,58,-3,3
8752,91,83,8,8
8753,90,78,12,12
8754,86,79,7,7
8755,76,91,-15,15
8756,86,85,1,1
8757,49,46,3,3
8758,105,100,5,5
8759,67,66,1,1
8760,96,115,-19,19
8761,105,100,5,5
8762,98,80,18,18
8763,114,105,9,9
8764,114,110,4,4
8765,103,109,-6,6
8766,128,115,13,13
8767,110,95,15,15
8768,89,74,15,15
8769,67,61,6,6
8770,136,111,25,25
8771,154,138,16,16
8772,62,74,-12,12
8773,109,99,10,10
8774,91,85,6,6
8775,63,60,3,3
8776,172,150,22,22
8777,93,80,13,13
8778,81,74,7,7
8779,87,88,-1,1
8780,49,58,-9,9
8781,157,148,9,9
8782,87,80,7,7
8783,61,80,-19,19
8784,60,57,3,3
8785,129,116,13,13
8786,75,72,3,3
8787,86,87,-1,1
8788,37,38,-1,1
8789,110,102,8,8
8790,124,110,14,14
8791,65,67,-2,2
8792,148,141,7,7
8793,73,79,-6,6
8794,105,104,1,1
8795,70,71,-1,1
8796,63,68,-5,5
8797,71,66,5,5
8798,71,71,0,0
8799,68,69,-1,1
8800,96,83,13,13
8801,87,78,9,9
8802,88,84,4,4
8803,69,63,6,6
8804,83,79,4,4
8805,72,77,-5,5
8806,98,96,2,2
8807,126,111,15,15
8808,45,52,-7,7
8809,52,51,1,1
8810,103,99,4,4
8811,77,67,10,10
8812,83,74,9,9
8813,73,58,15,15
8814,108,97,11,11
8815,73,75,-2,2
8816,80,76,4,4
8817,57,56,1,1
8818,63,62,1,1
8819,24,31,-7,7
8820,89,72,17,17
8821,61,64,-3,3
8822,97,94,3,3
8823,85,80,5,5
8824,143,132,11,11
8825,129,114,15,15
8826,75,79,-4,4
8827,71,74,-3,3
8828,92,84,8,8
8829,72,65,7,7
8830,91,77,14,14
8831,83,71,12,12
8832,75,78,-3,3
8833,66,64,2,2
8834,43,51,-8,8
8835,127,114,13,13
8836,125,122,3,3
8837,44,49,-5,5
8838,51,57,-6,6
8839,54,53,1,1
8840,203,208,-5,5
8841,127,111,16,16
8842,102,91,11,11
8843,81,73,8,8
8844,69,64,5,5
8845,121,111,10,10
8846,85,72,13,13
8847,125,106,19,19
8848,138,116,22,22
8849,191,152,39,39
8850,92,91,1,1
8851,94,84,10,10
8852,128,116,12,12
8853,35,46,-11,11
8854,104,96,8,8
8855,86,74,12,12
8856,132,113,19,19
8857,89,82,7,7
8858,48,51,-3,3
8859,75,63,12,12
8860,80,66,14,14
8861,100,88,12,12
8862,115,108,7,7
8863,135,120,15,15
8864,88,87,1,1
8865,108,97,11,11
8866,141,135,6,6
8867,81,76,5,5
8868,147,137,10,10
8869,94,83,11,11
8870,86,81,5,5
8871,125,114,11,11
8872,62,62,0,0
8873,82,79,3,3
8874,123,107,16,16
8875,80,72,8,8
8876,108,94,14,14
8877,91,77,14,14
8878,124,110,14,14
8879,93,100,-7,7
8880,141,146,-5,5
8881,97,64,33,33
8882,177,150,27,27
8883,80,78,2,2
8884,133,142,-9,9
8885,98,99,-1,1
8886,104,88,16,16
8887,64,62,2,2
8888,170,151,19,19
8889,91,88,3,3
8890,98,91,7,7
8891,125,108,17,17
8892,65,67,-2,2
8893,86,83,3,3
8894,75,63,12,12
8895,72,70,2,2
8896,53,66,-13,13
8897,93,79,14,14
8898,69,65,4,4
8899,95,80,15,15
8900,76,74,2,2
8901,73,70,3,3
8902,56,54,2,2
8903,92,87,5,5
8904,43,51,-8,8
8905,60,59,1,1
8906,74,76,-2,2
8907,85,86,-1,1
8908,91,86,5,5
8909,92,83,9,9
8910,91,82,9,9
8911,60,65,-5,5
8912,142,137,5,5
8913,127,124,3,3
8914,87,83,4,4
8915,130,131,-1,1
8916,104,95,9,9
8917,62,59,3,3
8918,125,118,7,7
8919,96,160,-64,64
8920,170,136,34,34
8921,103,114,-11,11
8922,185,160,25,25
8923,80,74,6,6
8924,56,61,-5,5
8925,105,110,-5,5
8926,63,65,-2,2
8927,88,86,2,2
8928,79,78,1,1
8929,60,70,-10,10
8930,84,83,1,1
8931,123,119,4,4
8932,107,96,11,11
8933,94,92,2,2
8934,70,71,-1,1
8935,141,115,26,26
8936,56,49,7,7
8937,166,151,15,15
8938,120,97,23,23
8939,137,115,22,22
8940,88,92,-4,4
8941,127,96,31,31
8942,157,138,19,19
8943,130,126,4,4
8944,106,104,2,2
8945,131,122,9,9
8946,54,54,0,0
8947,132,118,14,14
8948,80,74,6,6
8949,81,82,-1,1
8950,128,105,23,23
8951,36,41,-5,5
8952,106,101,5,5
8953,85,80,5,5
8954,64,64,0,0
8955,81,77,4,4
8956,120,106,14,14
8957,130,111,19,19
8958,99,86,13,13
8959,70,63,7,7
8960,78,68,10,10
8961,112,109,3,3
8962,82,76,6,6
8963,184,150,34,34
8964,129,127,2,2
8965,111,97,14,14
8966,99,102,-3,3
8967,51,57,-6,6
8968,102,91,11,11
8969,66,65,1,1
8970,74,72,2,2
8971,129,122,7,7
8972,54,56,-2,2
8973,117,126,-9,9
8974,120,108,12,12
8975,73,74,-1,1
8976,177,157,20,20
8977,157,139,18,18
8978,77,74,3,3
8979,55,57,-2,2
8980,132,113,19,19
8981,180,152,28,28
8982,72,67,5,5
8983,88,89,-1,1
8984,71,73,-2,2
8985,85,75,10,10
8986,51,49,2,2
8987,61,59,2,2
8988,76,67,9,9
8989,90,83,7,7
8990,64,69,-5,5
8991,67,81,-14,14
8992,95,89,6,6
8993,46,44,2,2
8994,92,80,12,12
8995,121,128,-7,7
8996,93,87,6,6
8997,92,90,2,2
8998,52,52,0,0
8999,112,113,-1,1
9000,66,99,-33,33
9001,76,70,6,6
9002,157,139,18,18
9003,75,70,5,5
9004,68,66,2,2
9005,64,65,-1,1
9006,135,114,21,21
9007,107,97,10,10
9008,79,84,-5,5
9009,82,77,5,5
9010,101,87,14,14
9011,142,151,-9,9
9012,108,103,5,5
9013,93,91,2,2
9014,111,108,3,3
9015,111,99,12,12
9016,101,83,18,18
9017,67,65,2,2
9018,58,54,4,4
9019,117,102,15,15
9020,100,91,9,9
9021,96,87,9,9
9022,106,97,9,9
9023,82,77,5,5
9024,57,60,-3,3
9025,95,84,11,11
9026,92,84,8,8
9027,78,74,4,4
9028,85,75,10,10
9029,46,42,4,4
9030,60,65,-5,5
9031,68,71,-3,3
9032,90,83,7,7
9033,106,99,7,7
9034,72,70,2,2
9035,91,82,9,9
9036,142,129,13,13
9037,63,56,7,7
9038,55,51,4,4
9039,112,100,12,12
9040,165,150,15,15
9041,80,75,5,5
9042,58,54,4,4
9043,96,96,0,0
9044,69,66,3,3
9045,85,94,-9,9
9046,74,73,1,1
9047,148,130,18,18
9048,61,55,6,6
9049,114,109,5,5
9050,117,105,12,12
9051,87,83,4,4
9052,148,133,15,15
9053,129,110,19,19
9054,100,86,14,14
9055,79,74,5,5
9056,84,78,6,6
9057,75,69,6,6
9058,101,94,7,7
9059,74,74,0,0
9060,98,81,17,17
9061,97,91,6,6
9062,58,52,6,6
9063,104,92,12,12
9064,122,109,13,13
9065,33,37,-4,4
9066,62,54,8,8
9067,59,62,-3,3
9068,66,71,-5,5
9069,112,100,12,12
9070,109,93,16,16
9071,67,66,1,1
9072,157,161,-4,4
9073,147,137,10,10
9074,114,104,10,10
9075,45,39,6,6
9076,71,75,-4,4
9077,135,119,16,16
9078,64,53,11,11
9079,101,100,1,1
9080,93,90,3,3
9081,92,81,11,11
9082,128,115,13,13
9083,90,77,13,13
9084,113,93,20,20
9085,62,61,1,1
9086,66,58,8,8
9087,69,69,0,0
9088,90,82,8,8
9089,69,62,7,7
9090,87,83,4,4
9091,70,76,-6,6
9092,88,82,6,6
9093,60,64,-4,4
9094,172,145,27,27
9095,94,91,3,3
9096,53,56,-3,3
9097,81,73,8,8
9098,103,89,14,14
9099,146,127,19,19
9100,93,86,7,7
9101,106,102,4,4
9102,115,99,16,16
9103,171,148,23,23
9104,80,72,8,8
9105,89,77,12,12
9106,75,77,-2,2
9107,197,167,30,30
9108,52,60,-8,8
9109,56,59,-3,3
9110,76,70,6,6
9111,136,127,9,9
9112,127,119,8,8
9113,102,98,4,4
9114,100,96,4,4
9115,154,134,20,20
9116,127,127,0,0
9117,115,100,15,15
9118,69,70,-1,1
9119,113,96,17,17
9120,116,109,7,7
9121,92,89,3,3
9122,95,93,2,2
9123,81,69,12,12
9124,81,79,2,2
9125,148,136,12,12
9126,94,85,9,9
9127,117,109,8,8
9128,47,51,-4,4
9129,100,88,12,12
9130,133,117,16,16
9131,79,95,-16,16
9132,147,126,21,21
9133,62,63,-1,1
9134,77,78,-1,1
9135,154,131,23,23
9136,112,109,3,3
9137,65,60,5,5
9138,42,47,-5,5
9139,114,108,6,6
9140,114,103,11,11
9141,77,68,9,9
9142,68,70,-2,2
9143,84,80,4,4
9144,120,115,5,5
9145,132,122,10,10
9146,113,114,-1,1
9147,86,78,8,8
9148,78,77,1,1
9149,73,86,-13,13
9150,68,58,10,10
9151,93,92,1,1
9152,113,114,-1,1
9153,58,59,-1,1
9154,63,60,3,3
9155,54,50,4,4
9156,123,101,22,22
9157,43,42,1,1
9158,82,77,5,5
9159,144,128,16,16
9160,73,72,1,1
9161,49,51,-2,2
9162,103,93,10,10
9163,179,170,9,9
9164,106,97,9,9
9165,93,96,-3,3
9166,135,133,2,2
9167,120,112,8,8
9168,130,114,16,16
9169,79,84,-5,5
9170,82,76,6,6
9171,55,53,2,2
9172,74,64,10,10
9173,153,140,13,13
9174,93,86,7,7
9175,107,97,10,10
9176,136,136,0,0
9177,88,87,1,1
9178,56,63,-7,7
9179,171,145,26,26
9180,115,103,12,12
9181,53,58,-5,5
9182,124,117,7,7
9183,117,99,18,18
9184,76,73,3,3
9185,168,143,25,25
9186,78,69,9,9
9187,42,42,0,0
9188,74,72,2,2
9189,156,125,31,31
9190,81,71,10,10
9191,88,75,13,13
9192,169,147,22,22
9193,74,67,7,7
9194,108,100,8,8
9195,98,86,12,12
9196,175,173,2,2
9197,39,43,-4,4
9198,47,53,-6,6
9199,100,80,20,20
9200,105,87,18,18
9201,103,97,6,6
9202,114,105,9,9
9203,65,64,1,1
9204,70,67,3,3
9205,79,72,7,7
9206,96,94,2,2
9207,123,119,4,4
9208,94,86,8,8
9209,124,117,7,7
9210,102,91,11,11
9211,108,96,12,12
9212,78,80,-2,2
9213,111,105,6,6
9214,84,87,-3,3
9215,58,51,7,7
9216,124,113,11,11
9217,92,79,13,13
9218,75,74,1,1
9219,64,51,13,13
9220,89,79,10,10
9221,88,88,0,0
9222,58,62,-4,4
9223,116,106,10,10
9224,57,60,-3,3
9225,98,89,9,9
9226,138,132,6,6
9227,87,87,0,0
9228,58,54,4,4
9229,141,119,22,22
9230,72,69,3,3
9231,63,68,-5,5
9232,173,149,24,24
9233,113,100,13,13
9234,114,99,15,15
9235,95,83,12,12
9236,80,80,0,0
9237,75,71,4,4
9238,113,105,8,8
9239,86,88,-2,2
9240,54,55,-1,1
9241,99,89,10,10
9242,149,129,20,20
9243,73,56,17,17
9244,86,75,11,11
9245,108,98,10,10
9246,74,70,4,4
9247,59,58,1,1
9248,106,104,2,2
9249,158,127,31,31
9250,45,58,-13,13
9251,77,73,4,4
9252,116,118,-2,2
9253,52,52,0,0
9254,93,97,-4,4
9255,129,112,17,17
9256,63,64,-1,1
9257,41,42,-1,1
9258,62,56,6,6
9259,168,149,19,19
9260,117,102,15,15
9261,142,123,19,19
9262,112,97,15,15
9263,101,96,5,5
9264,86,78,8,8
9265,77,77,0,0
9266,141,123,18,18
9267,80,84,-4,4
9268,107,110,-3,3
9269,90,83,7,7
9270,65,65,0,0
9271,57,51,6,6
9272,89,77,12,12
9273,63,57,6,6
9274,121,108,13,13
9275,108,98,10,10
9276,83,80,3,3
9277,116,104,12,12
9278,66,68,-2,2
9279,128,120,8,8
9280,98,90,8,8
9281,76,74,2,2
9282,130,112,18,18
9283,55,53,2,2
9284,64,65,-1,1
9285,107,111,-4,4
9286,117,100,17,17
9287,124,111,13,13
9288,88,81,7,7
9289,44,40,4,4
9290,89,80,9,9
9291,82,80,2,2
9292,78,72,6,6
9293,63,63,0,0
9294,60,54,6,6
9295,55,57,-2,2
9296,80,79,1,1
9297,56,56,0,0
9298,68,69,-1,1
9299,177,165,12,12
9300,69,65,4,4
9301,63,65,-2,2
9302,116,99,17,17
9303,96,92,4,4
9304,142,116,26,26
9305,85,78,7,7
9306,56,63,-7,7
9307,91,84,7,7
9308,72,71,1,1
9309,69,75,-6,6
9310,114,95,19,19
9311,131,125,6,6
9312,70,73,-3,3
9313,138,122,16,16
9314,103,95,8,8
9315,69,71,-2,2
9316,97,90,7,7
9317,98,106,-8,8
9318,117,102,15,15
9319,95,96,-1,1
9320,130,114,16,16
9321,174,145,29,29
9322,114,110,4,4
9323,87,90,-3,3
9324,92,87,5,5
9325,57,61,-4,4
9326,93,82,11,11
9327,90,84,6,6
9328,87,86,1,1
9329,87,85,2,2
9330,115,108,7,7
9331,103,98,5,5
9332,66,63,3,3
9333,95,85,10,10
9334,98,89,9,9
9335,82,73,9,9
9336,63,57,6,6
9337,39,43,-4,4
9338,60,62,-2,2
9339,112,100,12,12
9340,159,133,26,26
9341,41,48,-7,7
9342,96,90,6,6
9343,117,103,14,14
9344,69,68,1,1
9345,82,78,4,4
9346,125,108,17,17
9347,82,74,8,8
9348,65,68,-3,3
9349,92,78,14,14
9350,91,87,4,4
9351,91,84,7,7
9352,95,86,9,9
9353,28,42,-14,14
9354,64,56,8,8
9355,73,68,5,5
9356,122,104,18,18
9357,76,79,-3,3
9358,82,74,8,8
9359,134,118,16,16
9360,118,102,16,16
9361,72,72,0,0
9362,96,114,-18,18
9363,176,147,29,29
9364,156,139,17,17
9365,64,73,-9,9
9366,99,101,-2,2
9367,94,85,9,9
9368,84,71,13,13
9369,88,83,5,5
9370,144,134,10,10
9371,123,107,16,16
9372,99,98,1,1
9373,63,81,-18,18
9374,64,62,2,2
9375,141,120,21,21
9376,71,80,-9,9
9377,166,142,24,24
9378,118,106,12,12
9379,120,102,18,18
9380,145,125,20,20
9381,87,81,6,6
9382,90,86,4,4
9383,80,81,-1,1
9384,125,114,11,11
9385,59,51,8,8
9386,171,150,21,21
9387,72,67,5,5
9388,121,97,24,24
9389,47,49,-2,2
9390,73,79,-6,6
9391,124,100,24,24
9392,87,88,-1,1
9393,95,89,6,6
9394,77,73,4,4
9395,167,150,17,17
9396,53,54,-1,1
9397,89,79,10,10
9398,83,74,9,9
9399,77,81,-4,4
9400,127,117,10,10
9401,94,91,3,3
9402,95,78,17,17
9403,93,87,6,6
9404,74,70,4,4
9405,112,108,4,4
9406,117,101,16,16
9407,69,65,4,4
9408,88,89,-1,1
9409,71,71,0,0
9410,57,50,7,7
9411,89,78,11,11
9412,98,103,-5,5
9413,123,113,10,10
9414,88,81,7,7
9415,136,113,23,23
9416,85,73,12,12
9417,93,86,7,7
9418,150,141,9,9
9419,50,55,-5,5
9420,77,76,1,1
9421,87,87,0,0
9422,123,110,13,13
9423,71,71,0,0
9424,142,130,12,12
9425,78,76,2,2
9426,111,100,11,11
9427,54,69,-15,15
9428,66,65,1,1
9429,110,97,13,13
9430,96,86,10,10
9431,56,57,-1,1
9432,17,31,-14,14
9433,84,75,9,9
9434,108,102,6,6
9435,103,82,21,21
9436,102,96,6,6
9437,81,81,0,0
9438,125,114,11,11
9439,120,121,-1,1
9440,89,79,10,10
9441,73,65,8,8
9442,110,97,13,13
9443,86,81,5,5
9444,94,90,4,4
9445,76,68,8,8
9446,72,67,5,5
9447,41,47,-6,6
9448,129,117,12,12
9449,80,74,6,6
9450,92,79,13,13
9451,208,170,38,38
9452,170,153,17,17
9453,88,85,3,3
9454,43,48,-5,5
9455,65,61,4,4
9456,52,51,1,1
9457,44,41,3,3
9458,96,97,-1,1
9459,165,147,18,18
9460,92,78,14,14
9461,104,83,21,21
9462,131,119,12,12
9463,73,73,0,0
9464,131,109,22,22
9465,51,65,-14,14
9466,63,65,-2,2
9467,107,105,2,2
9468,109,117,-8,8
9469,131,107,24,24
9470,96,85,11,11
9471,90,73,17,17
9472,60,64,-4,4
9473,106,100,6,6
9474,101,82,19,19
9475,67,67,0,0
9476,117,108,9,9
9477,76,72,4,4
9478,78,71,7,7
9479,94,84,10,10
9480,95,89,6,6
9481,78,66,12,12
9482,133,122,11,11
9483,41,57,-16,16
9484,105,95,10,10
9485,102,87,15,15
9486,88,90,-2,2
9487,106,99,7,7
9488,89,82,7,7
9489,98,111,-13,13
9490,128,110,18,18
9491,102,99,3,3
9492,132,127,5,5
9493,101,91,10,10
9494,144,132,12,12
9495,61,64,-3,3
9496,61,62,-1,1
9497,114,111,3,3
9498,125,114,11,11
9499,70,65,5,5
9500,83,82,1,1
9501,147,133,14,14
9502,97,95,2,2
9503,82,78,4,4
9504,87,76,11,11
9505,94,83,11,11
9506,54,60,-6,6
9507,71,75,-4,4
9508,105,89,16,16
9509,87,85,2,2
9510,95,98,-3,3
9511,71,71,0,0
9512,76,78,-2,2
9513,123,112,11,11
9514,127,114,13,13
9515,84,88,-4,4
9516,48,52,-4,4
9517,108,89,19,19
9518,157,123,34,34
9519,54,54,0,0
9520,100,83,17,17
9521,118,102,16,16
9522,57,56,1,1
9523,137,121,16,16
9524,80,81,-1,1
9525,48,51,-3,3
9526,49,42,7,7
9527,94,87,7,7
9528,101,88,13,13
9529,64,67,-3,3
9530,114,116,-2,2
9531,82,74,8,8
9532,62,63,-1,1
9533,57,62,-5,5
9534,88,88,0,0
9535,92,90,2,2
9536,66,78,-12,12
9537,76,77,-1,1
9538,59,57,2,2
9539,89,82,7,7
9540,63,62,1,1
9541,51,48,3,3
9542,123,111,12,12
9543,88,86,2,2
9544,59,61,-2,2
9545,66,64,2,2
9546,135,110,25,25
9547,54,59,-5,5
9548,24,31,-7,7
9549,91,76,15,15
9550,166,147,19,19
9551,45,43,2,2
9552,95,82,13,13
9553,99,93,6,6
9554,70,75,-5,5
9555,81,70,11,11
9556,97,84,13,13
9557,75,83,-8,8
9558,55,63,-8,8
9559,86,86,0,0
9560,172,150,22,22
9561,65,76,-11,11
9562,174,146,28,28
9563,78,74,4,4
9564,81,84,-3,3
9565,68,60,8,8
9566,74,63,11,11
9567,46,50,-4,4
9568,119,118,1,1
9569,48,51,-3,3
9570,112,107,5,5
9571,135,139,-4,4
9572,91,76,15,15
9573,103,90,13,13
9574,95,107,-12,12
9575,91,71,20,20
9576,201,162,39,39
9577,89,83,6,6
9578,71,64,7,7
9579,198,169,29,29
9580,93,78,15,15
9581,82,76,6,6
9582,132,117,15,15
9583,79,83,-4,4
9584,60,61,-1,1
9585,72,77,-5,5
9586,107,103,4,4
9587,112,106,6,6
9588,99,97,2,2
9589,104,104,0,0
9590,68,67,1,1
9591,57,55,2,2
9592,47,51,-4,4
9593,96,86,10,10
9594,95,100,-5,5
9595,43,44,-1,1
9596,116,98,18,18
9597,65,68,-3,3
9598,106,85,21,21
9599,117,117,0,0
9600,96,87,9,9
9601,67,65,2,2
9602,100,87,13,13
9603,108,100,8,8
9604,103,94,9,9
9605,58,60,-2,2
9606,88,80,8,8
9607,133,115,18,18
9608,161,143,18,18
9609,95,84,11,11
9610,99,81,18,18
9611,69,63,6,6
9612,112,99,13,13
9613,127,110,17,17
9614,66,66,0,0
9615,116,110,6,6
9616,105,111,-6,6
9617,100,87,13,13
9618,93,87,6,6
9619,79,81,-2,2
9620,121,106,15,15
9621,86,88,-2,2
9622,88,75,13,13
9623,177,145,32,32
9624,67,61,6,6
9625,73,71,2,2
9626,105,93,12,12
9627,115,105,10,10
9628,141,126,15,15
9629,75,72,3,3
9630,58,60,-2,2
9631,86,81,5,5
9632,137,120,17,17
9633,113,107,6,6
9634,92,82,10,10
9635,83,85,-2,2
9636,103,107,-4,4
9637,145,112,33,33
9638,84,76,8,8
9639,123,119,4,4
9640,104,94,10,10
9641,61,59,2,2
9642,79,87,-8,8
9643,90,104,-14,14
9644,115,109,6,6
9645,138,133,5,5
9646,80,76,4,4
9647,92,88,4,4
9648,126,113,13,13
9649,62,50,12,12
9650,81,79,2,2
9651,88,79,9,9
9652,90,87,3,3
9653,70,68,2,2
9654,113,104,9,9
9655,81,79,2,2
9656,70,76,-6,6
9657,87,79,8,8
9658,62,69,-7,7
9659,54,56,-2,2
9660,85,82,3,3
9661,76,71,5,5
9662,44,47,-3,3
9663,106,92,14,14
9664,116,106,10,10
9665,114,116,-2,2
9666,156,141,15,15
9667,127,107,20,20
9668,61,62,-1,1
9669,57,51,6,6
9670,128,117,11,11
9671,90,78,12,12
9672,113,102,11,11
9673,81,72,9,9
9674,48,57,-9,9
9675,47,50,-3,3
9676,139,116,23,23
9677,154,139,15,15
9678,104,103,1,1
9679,97,87,10,10
9680,123,113,10,10
9681,68,56,12,12
9682,94,89,5,5
9683,77,83,-6,6
9684,45,44,1,1
9685,78,73,5,5
9686,75,75,0,0
9687,79,70,9,9
9688,175,156,19,19
9689,117,103,14,14
9690,108,96,12,12
9691,106,102,4,4
9692,82,70,12,12
9693,112,94,18,18
9694,74,72,2,2
9695,117,109,8,8
9696,94,91,3,3
9697,226,192,34,34
9698,120,101,19,19
9699,40,42,-2,2
9700,40,96,-56,56
9701,119,113,6,6
9702,51,52,-1,1
9703,61,59,2,2
9704,119,104,15,15
9705,97,80,17,17
9706,70,74,-4,4
9707,101,85,16,16
9708,160,141,19,19
9709,88,79,9,9
9710,41,52,-11,11
9711,86,78,8,8
9712,76,76,0,0
9713,66,69,-3,3
9714,110,105,5,5
9715,120,108,12,12
9716,97,92,5,5
9717,89,90,-1,1
9718,117,104,13,13
9719,59,64,-5,5
9720,145,130,15,15
9721,84,72,12,12
9722,78,81,-3,3
9723,65,63,2,2
9724,62,59,3,3
9725,114,104,10,10
9726,76,75,1,1
9727,51,56,-5,5
9728,131,133,-2,2
9729,162,160,2,2
9730,90,94,-4,4
9731,95,92,3,3
9732,49,60,-11,11
9733,81,80,1,1
9734,103,93,10,10
9735,136,130,6,6
9736,116,105,11,11
9737,74,68,6,6
9738,54,63,-9,9
9739,110,104,6,6
9740,113,96,17,17
9741,142,110,32,32
9742,130,100,30,30
9743,156,136,20,20
9744,186,173,13,13
9745,70,66,4,4
9746,115,98,17,17
9747,149,121,28,28
9748,135,113,22,22
9749,72,64,8,8
9750,143,130,13,13
9751,190,160,30,30
9752,117,116,1,1
9753,124,102,22,22
9754,78,81,-3,3
9755,90,88,2,2
9756,49,50,-1,1
9757,52,56,-4,4
9758,48,51,-3,3
9759,69,67,2,2
9760,69,71,-2,2
9761,40,51,-11,11
9762,89,90,-1,1
9763,85,80,5,5
9764,104,105,-1,1
9765,130,114,16,16
9766,110,86,24,24
9767,136,118,18,18
9768,91,77,14,14
9769,83,83,0,0
9770,50,51,-1,1
9771,104,97,7,7
9772,83,74,9,9
9773,114,106,8,8
9774,119,123,-4,4
9775,88,80,8,8
9776,68,86,-18,18
9777,84,96,-12,12
9778,93,72,21,21
9779,56,52,4,4
9780,66,67,-1,1
9781,60,55,5,5
9782,58,58,0,0
9783,142,128,14,14
9784,197,164,33,33
9785,53,52,1,1
9786,86,93,-7,7
9787,85,80,5,5
9788,153,126,27,27
9789,58,59,-1,1
9790,78,71,7,7
9791,159,139,20,20
9792,129,118,11,11
9793,115,107,8,8
9794,64,58,6,6
9795,142,127,15,15
9796,83,77,6,6
9797,171,163,8,8
9798,137,120,17,17
9799,107,101,6,6
9800,101,84,17,17
9801,75,66,9,9
9802,103,91,12,12
9803,80,77,3,3
9804,51,54,-3,3
9805,92,80,12,12
9806,88,81,7,7
9807,96,94,2,2
9808,140,117,23,23
9809,107,101,6,6
9810,59,58,1,1
9811,128,106,22,22
9812,80,73,7,7
9813,40,41,-1,1
9814,139,125,14,14
9815,79,72,7,7
9816,89,76,13,13
9817,127,116,11,11
9818,132,114,18,18
9819,104,101,3,3
9820,100,85,15,15
9821,76,71,5,5
9822,182,138,44,44
9823,43,41,2,2
9824,56,55,1,1
9825,140,123,17,17
9826,98,95,3,3
9827,66,73,-7,7
9828,52,44,8,8
9829,100,90,10,10
9830,131,108,23,23
9831,47,53,-6,6
9832,57,55,2,2
9833,58,61,-3,3
9834,100,89,11,11
9835,143,140,3,3
9836,81,72,9,9
9837,130,102,28,28
9838,63,72,-9,9
9839,84,96,-12,12
9840,86,81,5,5
9841,118,107,11,11
9842,109,93,16,16
9843,176,164,12,12
9844,68,68,0,0
9845,102,97,5,5
9846,65,61,4,4
9847,88,86,2,2
9848,127,108,19,19
9849,56,54,2,2
9850,104,97,7,7
9851,105,89,16,16
9852,84,77,7,7
9853,27,64,-37,37
9854,95,91,4,4
9855,77,74,3,3
9856,192,178,14,14
9857,78,65,13,13
9858,122,114,8,8
9859,80,79,1,1
9860,94,78,16,16
9861,126,111,15,15
9862,44,50,-6,6
9863,73,74,-1,1
9864,104,80,24,24
9865,71,65,6,6
9866,65,72,-7,7
9867,96,78,18,18
9868,116,87,29,29
9869,103,99,4,4
9870,129,118,11,11
9871,143,130,13,13
9872,100,109,-9,9
9873,133,114,19,19
9874,64,62,2,2
9875,121,109,12,12
9876,61,60,1,1
9877,55,61,-6,6
9878,49,45,4,4
9879,86,77,9,9
9880,85,77,8,8
9881,61,55,6,6
9882,128,125,3,3
9883,91,75,16,16
9884,99,78,21,21
9885,92,85,7,7
9886,179,159,20,20
9887,114,94,20,20
9888,66,62,4,4
9889,78,81,-3,3
9890,69,67,2,2
9891,121,106,15,15
9892,85,71,14,14
9893,110,118,-8,8
9894,92,87,5,5
9895,117,102,15,15
9896,174,152,22,22
9897,135,119,16,16
9898,64,59,5,5
9899,75,69,6,6
9900,97,100,-3,3
9901,120,115,5,5
9902,102,91,11,11
9903,91,83,8,8
9904,70,72,-2,2
9905,64,70,-6,6
9906,49,51,-2,2
9907,94,94,0,0
9908,71,74,-3,3
9909,136,152,-16,16
9910,68,68,0,0
9911,122,111,11,11
9912,73,70,3,3
9913,114,108,6,6
9914,98,90,8,8
9915,104,96,8,8
9916,103,86,17,17
9917,108,95,13,13
9918,127,110,17,17
9919,130,123,7,7
9920,95,90,5,5
9921,89,75,14,14
9922,73,70,3,3
9923,157,129,28,28
9924,103,90,13,13
9925,105,94,11,11
9926,112,96,16,16
9927,109,94,15,15
9928,79,73,6,6
9929,92,104,-12,12
9930,72,65,7,7
9931,48,54,-6,6
9932,98,84,14,14
9933,111,104,7,7
9934,119,103,16,16
9935,139,113,26,26
9936,55,66,-11,11
9937,107,104,3,3
9938,135,134,1,1
9939,102,89,13,13
9940,88,86,2,2
9941,105,109,-4,4
9942,136,113,23,23
9943,82,80,2,2
9944,67,65,2,2
9945,123,111,12,12
9946,120,112,8,8
9947,94,95,-1,1
9948,51,51,0,0
9949,95,81,14,14
9950,92,86,6,6
9951,154,123,31,31
9952,76,73,3,3
9953,59,55,4,4
9954,153,129,24,24
9955,66,71,-5,5
9956,96,97,-1,1
9957,131,117,14,14
9958,81,74,7,7
9959,80,79,1,1
9960,59,60,-1,1
9961,72,73,-1,1
9962,148,131,17,17
9963,123,127,-4,4
9964,72,66,6,6
9965,59,59,0,0
9966,145,131,14,14
9967,95,89,6,6
9968,125,114,11,11
9969,79,75,4,4
9970,79,76,3,3
9971,68,68,0,0
9972,135,126,9,9
9973,96,90,6,6
9974,64,62,2,2
9975,62,55,7,7
9976,102,93,9,9
9977,141,124,17,17
9978,82,72,10,10
9979,84,72,12,12
9980,85,82,3,3
9981,77,76,1,1
9982,107,92,15,15
9983,94,87,7,7
9984,84,70,14,14
9985,90,81,9,9
9986,127,115,12,12
9987,94,88,6,6
9988,142,149,-7,7
9989,88,88,0,0
9990,104,91,13,13
9991,66,66,0,0
9992,48,50,-2,2
9993,76,71,5,5
9994,105,95,10,10
9995,62,55,7,7
9996,82,79,3,3
9997,123,116,7,7
9998,88,89,-1,1
9999,68,65,3,3
10000,171,142,29,29
10001,134,116,18,18
10002,81,73,8,8
10003,66,69,-3,3
10004,49,51,-2,2
10005,92,88,4,4
10006,121,110,11,11
10007,133,115,18,18
10008,147,127,20,20
10009,81,76,5,5
10010,69,70,-1,1
10011,83,79,4,4
10012,88,82,6,6
10013,59,51,8,8
10014,91,90,1,1
10015,153,144,9,9
10016,114,101,13,13
10017,77,81,-4,4
10018,85,71,14,14
10019,80,73,7,7
10020,74,70,4,4
10021,169,145,24,24
10022,108,99,9,9
10023,121,115,6,6
10024,83,85,-2,2
10025,56,54,2,2
10026,74,71,3,3
10027,53,59,-6,6
10028,80,82,-2,2
10029,79,77,2,2
10030,117,105,12,12
10031,174,151,23,23
10032,77,70,7,7
10033,114,92,22,22
10034,79,76,3,3
10035,158,138,20,20
10036,80,75,5,5
10037,90,109,-19,19
10038,111,100,11,11
10039,155,130,25,25
10040,55,56,-1,1
10041,74,71,3,3
10042,62,64,-2,2
10043,138,127,11,11
10044,143,140,3,3
10045,113,107,6,6
10046,100,98,2,2
10047,115,91,24,24
10048,49,50,-1,1
10049,139,130,9,9
10050,114,110,4,4
10051,125,119,6,6
10052,61,59,2,2
10053,136,121,15,15
10054,77,69,8,8
10055,211,173,38,38
10056,66,60,6,6
10057,111,98,13,13
10058,122,115,7,7
10059,139,123,16,16
10060,121,103,18,18
10061,108,108,0,0
10062,85,85,0,0
10063,110,99,11,11
10064,62,69,-7,7
10065,107,93,14,14
10066,49,50,-1,1
10067,82,76,6,6
10068,92,85,7,7
10069,59,60,-1,1
10070,56,55,1,1
10071,105,91,14,14
10072,61,64,-3,3
10073,95,97,-2,2
10074,56,59,-3,3
10075,148,137,11,11
10076,123,118,5,5
10077,111,108,3,3
10078,75,70,5,5
10079,139,138,1,1
10080,68,68,0,0
10081,90,79,11,11
10082,150,143,7,7
10083,133,109,24,24
10084,49,54,-5,5
10085,62,61,1,1
10086,111,95,16,16
10087,117,106,11,11
10088,151,138,13,13
10089,100,90,10,10
10090,42,51,-9,9
10091,78,73,5,5
10092,48,52,-4,4
10093,118,97,21,21
10094,70,61,9,9
10095,117,120,-3,3
10096,61,77,-16,16
10097,94,95,-1,1
10098,78,75,3,3
10099,170,149,21,21
10100,68,65,3,3
10101,78,68,10,10
10102,47,50,-3,3
10103,130,102,28,28
10104,80,75,5,5
10105,70,73,-3,3
10106,49,51,-2,2
10107,117,104,13,13
10108,86,83,3,3
10109,82,71,11,11
10110,54,53,1,1
10111,160,142,18,18
10112,78,84,-6,6
10113,82,76,6,6
10114,59,52,7,7
10115,115,105,10,10
10116,86,83,3,3
10117,119,98,21,21
10118,116,110,6,6
10119,90,90,0,0
10120,75,74,1,1
10121,81,78,3,3
10122,87,86,1,1
10123,108,96,12,12
10124,50,52,-2,2
10125,53,55,-2,2
10126,130,130,0,0
10127,125,105,20,20
10128,118,106,12,12
10129,112,101,11,11
10130,62,70,-8,8
10131,105,98,7,7
10132,90,92,-2,2
10133,143,132,11,11
10134,58,54,4,4
10135,64,67,-3,3
10136,108,94,14,14
10137,98,79,19,19
10138,136,122,14,14
10139,101,106,-5,5
10140,85,85,0,0
10141,92,89,3,3
10142,144,123,21,21
10143,80,77,3,3
10144,110,90,20,20
10145,66,60,6,6
10146,73,66,7,7
10147,59,58,1,1
10148,88,83,5,5
10149,74,80,-6,6
10150,61,63,-2,2
10151,125,108,17,17
10152,55,54,1,1
10153,115,104,11,11
10154,58,62,-4,4
10155,76,77,-1,1
10156,137,132,5,5
10157,81,74,7,7
10158,116,106,10,10
10159,81,76,5,5
10160,94,83,11,11
10161,78,86,-8,8
10162,80,72,8,8
10163,99,90,9,9
10164,118,106,12,12
10165,137,115,22,22
10166,98,97,1,1
10167,71,65,6,6
10168,83,81,2,2
10169,132,132,0,0
10170,69,67,2,2
10171,119,110,9,9
10172,101,101,0,0
10173,92,90,2,2
10174,74,67,7,7
10175,95,91,4,4
10176,67,66,1,1
10177,50,52,-2,2
10178,106,95,11,11
10179,102,89,13,13
10180,359,256,103,103
10181,58,55,3,3
10182,94,85,9,9
10183,90,75,15,15
10184,88,77,11,11
10185,105,88,17,17
10186,75,72,3,3
10187,89,83,6,6
10188,86,78,8,8
10189,133,118,15,15
10190,35,37,-2,2
10191,88,78,10,10
10192,177,148,29,29
10193,100,88,12,12
10194,65,60,5,5
10195,104,94,10,10
10196,67,58,9,9
10197,86,81,5,5
10198,123,106,17,17
10199,108,95,13,13
10200,84,76,8,8
10201,54,60,-6,6
10202,95,88,7,7
10203,86,76,10,10
10204,70,78,-8,8
10205,84,73,11,11
10206,107,97,10,10
10207,45,50,-5,5
10208,85,82,3,3
10209,79,76,3,3
10210,125,115,10,10
10211,92,83,9,9
10212,74,73,1,1
10213,139,130,9,9
10214,84,77,7,7
10215,103,107,-4,4
10216,60,69,-9,9
10217,78,79,-1,1
10218,69,52,17,17
10219,131,122,9,9
10220,102,91,11,11
10221,69,69,0,0
10222,58,62,-4,4
10223,43,44,-1,1
10224,29,35,-6,6
10225,86,84,2,2
10226,114,106,8,8
10227,38,49,-11,11
10228,113,114,-1,1
10229,74,79,-5,5
10230,67,65,2,2
10231,221,192,29,29
10232,103,91,12,12
10233,224,196,28,28
10234,82,93,-11,11
10235,104,91,13,13
10236,115,99,16,16
10237,70,81,-11,11
10238,92,85,7,7
10239,118,107,11,11
10240,159,131,28,28
10241,124,103,21,21
10242,165,128,37,37
10243,118,114,4,4
10244,79,68,11,11
10245,113,98,15,15
10246,61,63,-2,2
10247,112,102,10,10
10248,68,65,3,3
10249,71,74,-3,3
10250,127,111,16,16
10251,82,76,6,6
10252,63,61,2,2
10253,189,182,7,7
10254,73,75,-2,2
10255,76,66,10,10
10256,99,100,-1,1
10257,131,119,12,12
10258,88,85,3,3
10259,61,64,-3,3
10260,135,120,15,15
10261,52,57,-5,5
10262,114,105,9,9
10263,82,76,6,6
10264,106,96,10,10
10265,102,106,-4,4
10266,105,108,-3,3
10267,77,78,-1,1
10268,66,59,7,7
10269,129,110,19,19
10270,73,72,1,1
10271,77,72,5,5
10272,70,66,4,4
10273,40,41,-1,1
10274,55,62,-7,7
10275,130,126,4,4
10276,168,143,25,25
10277,76,65,11,11
10278,136,120,16,16
10279,104,101,3,3
10280,52,56,-4,4
10281,151,132,19,19
10282,74,73,1,1
10283,60,64,-4,4
10284,90,80,10,10
10285,81,72,9,9
10286,118,110,8,8
10287,96,90,6,6
10288,96,85,11,11
10289,151,141,10,10
10290,125,110,15,15
10291,73,66,7,7
10292,107,95,12,12
10293,113,107,6,6
10294,118,118,0,0
10295,71,74,-3,3
10296,68,68,0,0
10297,65,64,1,1
10298,48,54,-6,6
10299,73,72,1,1
10300,86,100,-14,14
10301,45,50,-5,5
10302,87,80,7,7
10303,113,102,11,11
10304,137,124,13,13
10305,114,108,6,6
10306,61,59,2,2
10307,106,88,18,18
10308,128,120,8,8
10309,111,104,7,7
10310,100,91,9,9
10311,100,86,14,14
10312,133,129,4,4
10313,96,89,7,7
10314,133,119,14,14
10315,130,119,11,11
10316,78,79,-1,1
10317,130,104,26,26
10318,110,112,-2,2
10319,75,79,-4,4
10320,144,131,13,13
10321,81,80,1,1
10322,63,67,-4,4
10323,122,113,9,9
10324,119,119,0,0
10325,99,92,7,7
10326,111,102,9,9
10327,143,112,31,31
10328,104,110,-6,6
10329,93,82,11,11
10330,72,75,-3,3
10331,79,80,-1,1
10332,128,122,6,6
10333,99,90,9,9
10334,76,79,-3,3
10335,100,95,5,5
10336,70,67,3,3
10337,148,138,10,10
10338,68,63,5,5
10339,100,103,-3,3
10340,74,82,-8,8
10341,86,72,14,14
10342,93,82,11,11
10343,138,112,26,26
10344,149,147,2,2
10345,65,60,5,5
10346,89,88,1,1
10347,117,81,36,36
10348,98,81,17,17
10349,127,117,10,10
10350,106,91,15,15
10351,68,62,6,6
10352,160,127,33,33
10353,83,84,-1,1
10354,129,106,23,23
10355,117,96,21,21
10356,74,79,-5,5
10357,101,90,11,11
10358,113,101,12,12
10359,121,105,16,16
10360,122,118,4,4
10361,117,105,12,12
10362,131,123,8,8
10363,68,60,8,8
10364,86,86,0,0
10365,97,83,14,14
10366,125,112,13,13
10367,65,66,-1,1
10368,49,44,5,5
10369,81,76,5,5
10370,103,97,6,6
10371,110,95,15,15
10372,86,87,-1,1
10373,103,94,9,9
10374,103,98,5,5
10375,59,56,3,3
10376,119,102,17,17
10377,40,38,2,2
10378,102,96,6,6
10379,120,104,16,16
10380,103,99,4,4
10381,101,93,8,8
10382,106,97,9,9
10383,110,104,6,6
10384,82,73,9,9
10385,88,78,10,10
10386,174,162,12,12
10387,99,84,15,15
10388,66,64,2,2
10389,105,104,1,1
10390,59,56,3,3
10391,128,106,22,22
10392,53,62,-9,9
10393,123,117,6,6
10394,88,81,7,7
10395,80,74,6,6
10396,72,79,-7,7
10397,73,73,0,0
10398,60,62,-2,2
10399,88,81,7,7
10400,82,77,5,5
10401,156,135,21,21
10402,163,132,31,31
10403,73,70,3,3
10404,105,91,14,14
10405,137,115,22,22
10406,74,73,1,1
10407,85,74,11,11
10408,71,73,-2,2
10409,56,62,-6,6
10410,95,84,11,11
10411,48,45,3,3
10412,113,107,6,6
10413,96,88,8,8
10414,111,103,8,8
10415,80,106,-26,26
10416,44,45,-1,1
10417,73,67,6,6
10418,132,103,29,29
10419,100,82,18,18
10420,126,110,16,16
10421,77,79,-2,2
10422,81,86,-5,5
10423,68,63,5,5
10424,73,88,-15,15
10425,100,95,5,5
10426,98,83,15,15
10427,60,58,2,2
10428,110,101,9,9
10429,102,95,7,7
10430,75,69,6,6
10431,138,130,8,8
10432,81,74,7,7
10433,108,107,1,1
10434,148,124,24,24
10435,59,52,7,7
10436,88,86,2,2
10437,104,81,23,23
10438,72,64,8,8
10439,82,78,4,4
10440,93,86,7,7
10441,93,82,11,11
10442,160,144,16,16
10443,129,117,12,12
10444,113,107,6,6
10445,116,95,21,21
10446,119,110,9,9
10447,86,78,8,8
10448,44,48,-4,4
10449,76,67,9,9
10450,61,63,-2,2
10451,80,85,-5,5
10452,99,82,17,17
10453,87,95,-8,8
10454,117,105,12,12
10455,50,68,-18,18
10456,150,128,22,22
10457,123,106,17,17
10458,100,75,25,25
10459,147,129,18,18
10460,185,170,15,15
10461,59,54,5,5
10462,81,71,10,10
10463,61,70,-9,9
10464,126,112,14,14
10465,82,81,1,1
10466,100,91,9,9
10467,81,72,9,9
10468,39,39,0,0
10469,77,67,10,10
10470,51,50,1,1
10471,98,99,-1,1
10472,133,134,-1,1
10473,80,74,6,6
10474,151,119,32,32
10475,88,75,13,13
10476,55,51,4,4
10477,72,75,-3,3
10478,75,78,-3,3
10479,77,70,7,7
10480,81,69,12,12
10481,144,130,14,14
10482,121,98,23,23
10483,57,54,3,3
10484,69,75,-6,6
10485,99,93,6,6
10486,64,68,-4,4
10487,130,102,28,28
10488,106,100,6,6
10489,72,70,2,2
10490,67,69,-2,2
10491,68,65,3,3
10492,79,80,-1,1
10493,81,78,3,3
10494,69,68,1,1
10495,67,64,3,3
10496,73,71,2,2
10497,39,45,-6,6
10498,112,108,4,4
10499,71,71,0,0
10500,132,113,19,19
10501,133,126,7,7
10502,95,87,8,8
10503,112,98,14,14
10504,112,93,19,19
10505,99,105,-6,6
10506,71,75,-4,4
10507,127,129,-2,2
10508,89,90,-1,1
10509,87,78,9,9
10510,124,106,18,18
10511,66,66,0,0
10512,92,90,2,2
10513,80,71,9,9
10514,94,89,5,5
10515,146,138,8,8
10516,139,128,11,11
10517,136,120,16,16
10518,63,60,3,3
10519,54,55,-1,1
10520,171,146,25,25
10521,91,81,10,10
10522,170,141,29,29
10523,147,133,14,14
10524,70,66,4,4
10525,140,132,8,8
10526,117,110,7,7
10527,72,70,2,2
10528,132,116,16,16
10529,63,62,1,1
10530,102,98,4,4
10531,81,79,2,2
10532,90,83,7,7
10533,87,84,3,3
10534,127,114,13,13
10535,56,56,0,0
10536,44,44,0,0
10537,122,108,14,14
10538,111,102,9,9
10539,66,65,1,1
10540,110,107,3,3
10541,101,94,7,7
10542,119,113,6,6
10543,75,77,-2,2
10544,65,60,5,5
10545,55,56,-1,1
10546,76,80,-4,4
10547,70,69,1,1
10548,157,168,-11,11
10549,27,31,-4,4
10550,83,74,9,9
10551,125,111,14,14
10552,95,94,1,1
10553,86,74,12,12
10554,116,109,7,7
10555,66,64,2,2
10556,144,149,-5,5
10557,96,96,0,0
10558,94,89,5,5
10559,37,39,-2,2
10560,195,166,29,29
10561,108,100,8,8
10562,130,121,9,9
10563,78,79,-1,1
10564,57,60,-3,3
10565,72,63,9,9
10566,57,67,-10,10
10567,90,95,-5,5
10568,67,57,10,10
10569,157,144,13,13
10570,57,62,-5,5
10571,94,89,5,5
10572,69,71,-2,2
10573,86,82,4,4
10574,58,58,0,0
10575,105,97,8,8
10576,74,69,5,5
10577,116,106,10,10
10578,78,70,8,8
10579,115,102,13,13
10580,64,62,2,2
10581,127,109,18,18
10582,77,73,4,4
10583,99,86,13,13
10584,68,70,-2,2
10585,101,105,-4,4
10586,88,78,10,10
10587,121,111,10,10
10588,100,93,7,7
10589,87,67,20,20
10590,80,70,10,10
10591,43,49,-6,6
10592,103,100,3,3
10593,149,126,23,23
10594,67,71,-4,4
10595,110,105,5,5
10596,127,105,22,22
10597,55,54,1,1
10598,133,117,16,16
10599,82,79,3,3
10600,45,39,6,6
10601,59,58,1,1
10602,120,107,13,13
10603,103,100,3,3
10604,145,132,13,13
10605,119,114,5,5
10606,75,77,-2,2
10607,74,66,8,8
10608,109,105,4,4
10609,148,132,16,16
10610,80,76,4,4
10611,68,64,4,4
10612,116,110,6,6
10613,114,98,16,16
10614,100,95,5,5
10615,72,72,0,0
10616,119,122,-3,3
10617,96,83,13,13
10618,58,61,-3,3
10619,132,127,5,5
10620,169,155,14,14
10621,70,66,4,4
10622,90,78,12,12
10623,93,84,9,9
10624,107,117,-10,10
10625,124,106,18,18
10626,43,44,-1,1
10627,102,90,12,12
10628,107,98,9,9
10629,61,64,-3,3
10630,62,63,-1,1
10631,72,68,4,4
10632,129,113,16,16
10633,74,71,3,3
10634,81,74,7,7
10635,107,91,16,16
10636,79,73,6,6
10637,43,38,5,5
10638,72,72,0,0
10639,102,83,19,19
10640,93,80,13,13
10641,90,84,6,6
10642,66,57,9,9
10643,125,112,13,13
10644,73,68,5,5
10645,78,70,8,8
10646,49,51,-2,2
10647,81,69,12,12
10648,74,75,-1,1
10649,78,70,8,8
10650,82,77,5,5
10651,92,102,-10,10
10652,110,76,34,34
10653,96,86,10,10
10654,83,81,2,2
10655,143,130,13,13
10656,88,74,14,14
10657,111,102,9,9
10658,54,51,3,3
10659,66,68,-2,2
10660,68,78,-10,10
10661,57,61,-4,4
10662,169,134,35,35
10663,63,71,-8,8
10664,131,129,2,2
10665,102,94,8,8
10666,47,50,-3,3
10667,58,63,-5,5
10668,127,114,13,13
10669,100,88,12,12
10670,109,106,3,3
10671,109,96,13,13
10672,92,83,9,9
10673,93,84,9,9
10674,64,62,2,2
10675,95,94,1,1
10676,97,86,11,11
10677,87,85,2,2
10678,65,67,-2,2
10679,84,79,5,5
10680,140,110,30,30
10681,88,80,8,8
10682,56,51,5,5
10683,131,117,14,14
10684,107,95,12,12
10685,93,81,12,12
10686,125,108,17,17
10687,204,173,31,31
10688,128,111,17,17
10689,80,72,8,8
10690,161,165,-4,4
10691,114,103,11,11
10692,96,76,20,20
10693,79,77,2,2
10694,60,59,1,1
10695,176,152,24,24
10696,41,39,2,2
10697,50,55,-5,5
10698,45,45,0,0
10699,168,128,40,40
10700,65,63,2,2
10701,57,47,10,10
10702,98,90,8,8
10703,77,73,4,4
10704,84,76,8,8
10705,76,78,-2,2
10706,75,80,-5,5
10707,93,87,6,6
10708,71,98,-27,27
10709,87,79,8,8
10710,65,65,0,0
10711,130,110,20,20
10712,74,62,12,12
10713,34,42,-8,8
10714,129,102,27,27
10715,114,111,3,3
10716,70,64,6,6
10717,50,60,-10,10
10718,93,80,13,13
10719,55,52,3,3
10720,94,79,15,15
10721,46,37,9,9
10722,50,49,1,1
10723,104,88,16,16
10724,118,108,10,10
10725,102,91,11,11
10726,84,79,5,5
10727,165,159,6,6
10728,97,91,6,6
10729,92,86,6,6
10730,89,72,17,17
10731,76,72,4,4
10732,75,87,-12,12
10733,142,129,13,13
10734,96,90,6,6
10735,145,137,8,8
10736,87,84,3,3
10737,64,62,2,2
10738,48,58,-10,10
10739,94,86,8,8
10740,69,62,7,7
10741,66,58,8,8
10742,131,112,19,19
10743,98,88,10,10
10744,94,92,2,2
10745,65,64,1,1
10746,89,84,5,5
10747,128,111,17,17
10748,144,127,17,17
10749,53,59,-6,6
10750,108,103,5,5
10751,29,38,-9,9
10752,58,56,2,2
10753,94,97,-3,3
10754,74,67,7,7
10755,133,119,14,14
10756,75,69,6,6
10757,87,76,11,11
10758,133,121,12,12
10759,74,68,6,6
10760,80,75,5,5
10761,52,51,1,1
10762,116,105,11,11
10763,158,141,17,17
10764,224,185,39,39
10765,97,93,4,4
10766,128,112,16,16
10767,102,95,7,7
10768,114,98,16,16
10769,41,40,1,1
10770,86,82,4,4
10771,42,48,-6,6
10772,111,99,12,12
10773,142,132,10,10
10774,68,67,1,1
10775,65,61,4,4
10776,116,110,6,6
10777,91,78,13,13
10778,157,144,13,13
10779,140,125,15,15
10780,126,108,18,18
10781,77,69,8,8
10782,86,82,4,4
10783,102,97,5,5
10784,95,87,8,8
10785,64,61,3,3
10786,103,105,-2,2
10787,55,60,-5,5
10788,77,78,-1,1
10789,160,136,24,24
10790,58,59,-1,1
10791,191,170,21,21
10792,121,116,5,5
10793,77,63,14,14
10794,161,139,22,22
10795,65,63,2,2
10796,80,87,-7,7
10797,77,78,-1,1
10798,67,71,-4,4
10799,51,51,0,0
10800,76,72,4,4
10801,155,129,26,26
10802,96,82,14,14
10803,65,64,1,1
10804,98,90,8,8
10805,101,92,9,9
10806,49,44,5,5
10807,112,101,11,11
10808,81,65,16,16
10809,49,50,-1,1
10810,65,61,4,4
10811,90,81,9,9
10812,126,107,19,19
10813,48,49,-1,1
10814,120,113,7,7
10815,55,54,1,1
10816,75,82,-7,7
10817,83,92,-9,9
10818,135,116,19,19
10819,131,119,12,12
10820,117,113,4,4
10821,88,76,12,12
10822,92,87,5,5
10823,90,92,-2,2
10824,98,95,3,3
10825,101,88,13,13
10826,138,128,10,10
10827,84,82,2,2
10828,104,99,5,5
10829,98,106,-8,8
10830,87,83,4,4
10831,102,100,2,2
10832,81,78,3,3
10833,75,75,0,0
10834,145,125,20,20
10835,114,102,12,12
10836,63,60,3,3
10837,51,53,-2,2
10838,109,102,7,7
10839,69,65,4,4
10840,87,95,-8,8
10841,72,63,9,9
10842,114,106,8,8
10843,96,79,17,17
10844,140,136,4,4
10845,171,152,19,19
10846,97,91,6,6
10847,77,75,2,2
10848,125,96,29,29
10849,75,73,2,2
10850,98,98,0,0
10851,118,109,9,9
10852,120,106,14,14
10853,69,66,3,3
10854,57,54,3,3
10855,129,108,21,21
10856,127,117,10,10
10857,81,79,2,2
10858,102,98,4,4
10859,154,132,22,22
10860,116,97,19,19
10861,47,50,-3,3
10862,124,109,15,15
10863,124,107,17,17
10864,138,119,19,19
10865,82,79,3,3
10866,120,106,14,14
10867,114,98,16,16
10868,90,84,6,6
10869,88,77,11,11
10870,53,51,2,2
10871,84,74,10,10
10872,80,77,3,3
10873,147,129,18,18
10874,79,83,-4,4
10875,115,101,14,14
10876,80,75,5,5
10877,117,106,11,11
10878,123,108,15,15
10879,54,60,-6,6
10880,93,86,7,7
10881,145,131,14,14
10882,128,124,4,4
10883,73,70,3,3
10884,51,50,1,1
10885,65,63,2,2
10886,102,104,-2,2
10887,95,97,-2,2
10888,58,54,4,4
10889,49,58,-9,9
10890,113,104,9,9
10891,121,116,5,5
10892,148,135,13,13
10893,139,132,7,7
10894,96,102,-6,6
10895,143,125,18,18
10896,92,90,2,2
10897,78,73,5,5
10898,11,31,-20,20
10899,66,69,-3,3
10900,79,73,6,6
10901,70,67,3,3
10902,67,68,-1,1
10903,77,73,4,4
10904,144,130,14,14
10905,84,80,4,4
10906,50,50,0,0
10907,79,69,10,10
10908,90,92,-2,2
10909,62,56,6,6
10910,134,133,1,1
10911,110,91,19,19
10912,78,98,-20,20
10913,142,116,26,26
10914,79,80,-1,1
10915,143,129,14,14
10916,80,82,-2,2
10917,37,37,0,0
10918,70,64,6,6
10919,96,94,2,2
10920,135,131,4,4
10921,76,70,6,6
10922,181,158,23,23
10923,105,102,3,3
10924,49,50,-1,1
10925,65,67,-2,2
10926,139,121,18,18
10927,38,40,-2,2
10928,83,81,2,2
10929,56,57,-1,1
10930,120,99,21,21
10931,109,105,4,4
10932,160,140,20,20
10933,117,121,-4,4
10934,92,93,-1,1
10935,99,91,8,8
10936,114,107,7,7
10937,70,63,7,7
10938,93,94,-1,1
10939,112,96,16,16
10940,118,104,14,14
10941,72,62,10,10
10942,51,56,-5,5
10943,119,96,23,23
10944,85,79,6,6
10945,101,104,-3,3
10946,78,80,-2,2
10947,75,72,3,3
10948,69,76,-7,7
10949,120,106,14,14
10950,72,68,4,4
10951,64,74,-10,10
10952,80,76,4,4
10953,80,82,-2,2
10954,75,67,8,8
10955,76,70,6,6
10956,157,130,27,27
10957,80,93,-13,13
10958,117,107,10,10
10959,103,85,18,18
10960,129,104,25,25
10961,139,124,15,15
10962,98,90,8,8
10963,87,77,10,10
10964,165,136,29,29
10965,73,71,2,2
10966,137,124,13,13
10967,150,142,8,8
10968,74,78,-4,4
10969,157,136,21,21
10970,82,92,-10,10
10971,74,67,7,7
10972,37,51,-14,14
10973,95,88,7,7
10974,104,91,13,13
10975,124,119,5,5
10976,37,46,-9,9
10977,80,98,-18,18
10978,80,83,-3,3
10979,88,77,11,11
10980,147,115,32,32
10981,65,68,-3,3
10982,101,95,6,6
10983,93,85,8,8
10984,71,68,3,3
10985,64,54,10,10
10986,71,73,-2,2
10987,60,67,-7,7
10988,64,74,-10,10
10989,55,52,3,3
10990,48,68,-20,20
10991,141,120,21,21
10992,95,87,8,8
10993,58,61,-3,3
10994,95,86,9,9
10995,71,73,-2,2
10996,89,81,8,8
10997,125,113,12,12
10998,170,163,7,7
10999,153,143,10,10
11000,84,78,6,6
11001,137,123,14,14
11002,81,72,9,9
11003,77,85,-8,8
11004,75,76,-1,1
11005,110,101,9,9
11006,53,51,2,2
11007,92,81,11,11
11008,105,109,-4,4
11009,55,57,-2,2
11010,85,91,-6,6
11011,141,115,26,26
11012,126,121,5,5
11013,82,76,6,6
11014,124,112,12,12
11015,76,87,-11,11
11016,126,102,24,24
11017,56,57,-1,1
11018,65,61,4,4
11019,91,93,-2,2
11020,65,67,-2,2
11021,84,81,3,3
11022,95,88,7,7
11023,109,89,20,20
11024,74,66,8,8
11025,60,53,7,7
11026,65,58,7,7
11027,77,73,4,4
11028,79,74,5,5
11029,65,57,8,8
11030,110,101,9,9
11031,116,115,1,1
11032,67,66,1,1
11033,83,79,4,4
11034,120,104,16,16
11035,157,122,35,35
11036,123,112,11,11
11037,80,75,5,5
11038,99,101,-2,2
11039,88,77,11,11
11040,67,78,-11,11
11041,134,122,12,12
11042,76,67,9,9
11043,96,98,-2,2
11044,83,84,-1,1
11045,57,59,-2,2
11046,93,84,9,9
11047,60,59,1,1
11048,85,78,7,7
11049,62,68,-6,6
11050,110,103,7,7
11051,108,102,6,6
11052,66,61,5,5
11053,67,75,-8,8
11054,71,64,7,7
11055,79,72,7,7
11056,145,137,8,8
11057,62,70,-8,8
11058,60,67,-7,7
11059,126,118,8,8
11060,120,114,6,6
11061,67,67,0,0
11062,96,90,6,6
11063,54,51,3,3
11064,66,59,7,7
11065,101,93,8,8
11066,83,71,12,12
11067,120,102,18,18
11068,186,170,16,16
11069,72,68,4,4
11070,91,79,12,12
11071,158,136,22,22
11072,67,66,1,1
11073,118,95,23,23
11074,63,57,6,6
11075,105,93,12,12
11076,124,90,34,34
11077,108,82,26,26
11078,121,104,17,17
11079,39,36,3,3
11080,90,86,4,4
11081,218,209,9,9
11082,71,73,-2,2
11083,81,82,-1,1
11084,61,55,6,6
11085,86,76,10,10
11086,59,55,4,4
11087,168,157,11,11
11088,86,93,-7,7
11089,104,102,2,2
11090,89,86,3,3
11091,80,73,7,7
11092,81,71,10,10
11093,87,74,13,13
11094,119,100,19,19
11095,136,118,18,18
11096,113,98,15,15
11097,68,74,-6,6
11098,86,72,14,14
11099,103,93,10,10
11100,72,77,-5,5
11101,142,137,5,5
11102,172,173,-1,1
11103,166,150,16,16
11104,96,101,-5,5
11105,106,108,-2,2
11106,125,110,15,15
11107,125,111,14,14
11108,75,95,-20,20
11109,94,82,12,12
11110,103,98,5,5
11111,58,55,3,3
11112,81,71,10,10
11113,133,108,25,25
11114,122,111,11,11
11115,99,98,1,1
11116,67,65,2,2
11117,126,112,14,14
11118,91,81,10,10
11119,73,72,1,1
11120,89,87,2,2
11121,124,130,-6,6
11122,68,56,12,12
11123,126,113,13,13
11124,76,76,0,0
11125,167,136,31,31
11126,36,33,3,3
11127,137,122,15,15
11128,93,85,8,8
11129,115,104,11,11
11130,125,108,17,17
11131,79,73,6,6
11132,59,58,1,1
11133,90,85,5,5
11134,73,69,4,4
11135,74,69,5,5
11136,111,95,16,16
11137,129,116,13,13
11138,80,77,3,3
11139,97,88,9,9
11140,83,76,7,7
11141,129,116,13,13
11142,120,110,10,10
11143,93,79,14,14
11144,95,99,-4,4
11145,101,95,6,6
11146,93,87,6,6
11147,112,117,-5,5
11148,103,98,5,5
11149,60,62,-2,2
11150,95,100,-5,5
11151,62,54,8,8
11152,69,67,2,2
11153,83,93,-10,10
11154,53,50,3,3
11155,98,84,14,14
11156,101,102,-1,1
11157,73,80,-7,7
11158,94,98,-4,4
11159,55,52,3,3
11160,93,101,-8,8
11161,70,72,-2,2
11162,102,101,1,1
11163,75,66,9,9
11164,77,64,13,13
11165,96,87,9,9
11166,93,97,-4,4
11167,78,81,-3,3
11168,155,137,18,18
11169,94,90,4,4
11170,66,65,1,1
11171,71,79,-8,8
11172,96,87,9,9
11173,143,131,12,12
11174,60,58,2,2
11175,79,81,-2,2
11176,93,87,6,6
11177,126,112,14,14
11178,128,111,17,17
11179,103,88,15,15
11180,95,86,9,9
11181,86,94,-8,8
11182,95,86,9,9
11183,68,65,3,3
11184,102,98,4,4
11185,74,70,4,4
11186,94,110,-16,16
11187,83,62,21,21
11188,107,98,9,9
11189,65,60,5,5
11190,66,67,-1,1
11191,113,103,10,10
11192,164,136,28,28
11193,60,61,-1,1
11194,139,142,-3,3
11195,96,98,-2,2
11196,87,72,15,15
11197,113,102,11,11
11198,180,161,19,19
11199,106,94,12,12
11200,73,71,2,2
11201,121,115,6,6
11202,125,112,13,13
11203,62,63,-1,1
11204,56,53,3,3
11205,81,78,3,3
11206,103,91,12,12
11207,107,92,15,15
11208,70,63,7,7
11209,107,94,13,13
11210,167,191,-24,24
11211,72,53,19,19
11212,123,106,17,17
11213,178,173,5,5
11214,142,138,4,4
11215,138,117,21,21
11216,148,125,23,23
11217,141,130,11,11
11218,119,119,0,0
11219,67,67,0,0
11220,126,128,-2,2
11221,35,63,-28,28
11222,86,82,4,4
11223,82,88,-6,6
11224,135,149,-14,14
11225,111,96,15,15
11226,145,132,13,13
11227,99,82,17,17
11228,69,71,-2,2
11229,81,89,-8,8
11230,58,57,1,1
11231,58,66,-8,8
11232,141,112,29,29
11233,75,70,5,5
11234,108,105,3,3
11235,128,124,4,4
11236,87,96,-9,9
11237,90,92,-2,2
11238,133,122,11,11
11239,73,67,6,6
11240,63,59,4,4
11241,73,72,1,1
11242,136,134,2,2
11243,105,93,12,12
11244,60,60,0,0
11245,102,89,13,13
11246,100,90,10,10
11247,57,61,-4,4
11248,71,70,1,1
11249,76,71,5,5
11250,58,57,1,1
11251,204,177,27,27
11252,96,89,7,7
11253,113,98,15,15
11254,114,90,24,24
11255,138,121,17,17
11256,79,83,-4,4
11257,142,119,23,23
11258,109,97,12,12
11259,141,129,12,12
11260,73,68,5,5
11261,89,80,9,9
11262,85,85,0,0
11263,159,138,21,21
11264,107,96,11,11
11265,68,71,-3,3
11266,79,80,-1,1
11267,109,102,7,7
11268,78,67,11,11
11269,61,62,-1,1
11270,102,95,7,7
11271,140,129,11,11
11272,156,138,18,18
11273,155,138,17,17
11274,118,101,17,17
11275,85,77,8,8
11276,162,140,22,22
11277,105,99,6,6
11278,100,94,6,6
11279,102,87,15,15
11280,130,113,17,17
11281,55,57,-2,2
11282,69,74,-5,5
11283,89,78,11,11
11284,39,50,-11,11
11285,139,124,15,15
11286,94,86,8,8
11287,79,69,10,10
11288,171,150,21,21
11289,139,122,17,17
11290,85,84,1,1
11291,86,81,5,5
11292,114,99,15,15
11293,134,115,19,19
11294,51,50,1,1
11295,47,51,-4,4
11296,56,62,-6,6
11297,72,69,3,3
11298,96,96,0,0
11299,143,133,10,10
11300,115,95,20,20
11301,99,99,0,0
11302,91,93,-2,2
11303,85,84,1,1
11304,151,123,28,28
11305,42,52,-10,10
11306,125,108,17,17
11307,41,69,-28,28
11308,137,108,29,29
11309,100,89,11,11
11310,143,117,26,26
11311,174,157,17,17
11312,81,75,6,6
11313,106,98,8,8
11314,150,126,24,24
11315,66,68,-2,2
11316,119,107,12,12
11317,133,108,25,25
11318,58,60,-2,2
11319,90,88,2,2
11320,111,102,9,9
11321,157,128,29,29
11322,106,97,9,9
11323,121,108,13,13
11324,61,63,-2,2
11325,111,102,9,9
11326,88,84,4,4
11327,81,80,1,1
11328,93,84,9,9
11329,77,74,3,3
11330,163,130,33,33
11331,104,96,8,8
11332,76,69,7,7
11333,52,51,1,1
11334,87,90,-3,3
11335,104,92,12,12
11336,62,57,5,5
11337,112,105,7,7
11338,76,78,-2,2
11339,129,118,11,11
11340,106,107,-1,1
11341,63,62,1,1
11342,87,84,3,3
11343,106,103,3,3
11344,86,72,14,14
11345,88,76,12,12
11346,89,84,5,5
11347,71,69,2,2
11348,116,97,19,19
11349,55,56,-1,1
11350,83,88,-5,5
11351,64,64,0,0
11352,71,67,4,4
11353,128,109,19,19
11354,57,56,1,1
11355,127,119,8,8
11356,47,41,6,6
11357,94,84,10,10
11358,60,53,7,7
11359,60,66,-6,6
11360,55,63,-8,8
11361,97,94,3,3
11362,82,78,4,4
11363,109,98,11,11
11364,111,97,14,14
11365,61,58,3,3
11366,70,72,-2,2
11367,79,73,6,6
11368,107,99,8,8
11369,89,81,8,8
11370,60,55,5,5
11371,147,134,13,13
11372,83,78,5,5
11373,104,98,6,6
11374,134,128,6,6
11375,88,82,6,6
11376,35,35,0,0
11377,117,121,-4,4
11378,78,73,5,5
11379,149,127,22,22
11380,85,81,4,4
11381,97,91,6,6
11382,115,112,3,3
11383,109,89,20,20
11384,81,75,6,6
11385,81,82,-1,1
11386,93,94,-1,1
11387,123,121,2,2
11388,95,88,7,7
11389,102,91,11,11
11390,57,51,6,6
11391,179,168,11,11
11392,126,119,7,7
11393,62,58,4,4
11394,65,73,-8,8
11395,109,95,14,14
11396,74,71,3,3
11397,113,103,10,10
11398,121,106,15,15
11399,114,100,14,14
11400,63,62,1,1
11401,103,96,7,7
11402,80,71,9,9
11403,45,72,-27,27
11404,93,88,5,5
11405,121,103,18,18
11406,166,155,11,11
11407,63,73,-10,10
11408,66,58,8,8
11409,55,73,-18,18
11410,116,109,7,7
11411,96,88,8,8
11412,76,71,5,5
11413,54,63,-9,9
11414,108,100,8,8
11415,51,51,0,0
11416,109,99,10,10
11417,75,72,3,3
11418,86,87,-1,1
11419,82,88,-6,6
11420,36,42,-6,6
11421,64,67,-3,3
11422,119,99,20,20
11423,53,56,-3,3
11424,73,71,2,2
11425,58,52,6,6
11426,41,44,-3,3
11427,58,62,-4,4
11428,118,109,9,9
11429,134,115,19,19
11430,75,73,2,2
11431,50,53,-3,3
11432,98,93,5,5
11433,33,34,-1,1
11434,109,96,13,13
11435,79,80,-1,1
11436,60,56,4,4
11437,100,97,3,3
11438,85,73,12,12
11439,75,76,-1,1
11440,82,72,10,10
11441,57,57,0,0
11442,164,152,12,12
11443,157,138,19,19
11444,76,69,7,7
11445,72,73,-1,1
11446,57,78,-21,21
11447,96,104,-8,8
11448,90,81,9,9
11449,100,92,8,8
11450,129,116,13,13
11451,91,80,11,11
11452,98,89,9,9
11453,102,92,10,10
11454,198,186,12,12
11455,78,70,8,8
11456,60,56,4,4
11457,173,156,17,17
11458,98,91,7,7
11459,72,67,5,5
11460,90,112,-22,22
11461,170,148,22,22
11462,163,138,25,25
11463,77,75,2,2
11464,66,68,-2,2
11465,67,60,7,7
11466,66,68,-2,2
11467,99,83,16,16
11468,86,80,6,6
11469,85,83,2,2
11470,71,66,5,5
11471,136,116,20,20
11472,86,77,9,9
11473,60,60,0,0
11474,119,110,9,9
11475,132,123,9,9
11476,114,108,6,6
11477,66,64,2,2
11478,147,129,18,18
11479,90,85,5,5
11480,112,100,12,12
11481,68,60,8,8
11482,119,103,16,16
11483,121,108,13,13
11484,70,91,-21,21
11485,124,106,18,18
11486,47,51,-4,4
11487,70,77,-7,7
11488,80,70,10,10
11489,44,49,-5,5
11490,75,78,-3,3
11491,65,65,0,0
11492,80,68,12,12
11493,95,91,4,4
11494,124,110,14,14
11495,50,55,-5,5
11496,133,113,20,20
11497,77,74,3,3
11498,105,98,7,7
11499,70,66,4,4
11500,86,83,3,3
11501,97,82,15,15
11502,80,74,6,6
11503,98,99,-1,1
11504,106,102,4,4
11505,74,66,8,8
11506,66,65,1,1
11507,118,110,8,8
11508,110,90,20,20
11509,156,136,20,20
11510,67,62,5,5
11511,170,133,37,37
11512,117,98,19,19
11513,101,93,8,8
11514,130,115,15,15
11515,93,96,-3,3
11516,105,94,11,11
11517,41,59,-18,18
11518,84,66,18,18
11519,59,58,1,1
11520,141,124,17,17
11521,47,61,-14,14
11522,114,89,25,25
11523,137,120,17,17
11524,126,124,2,2
11525,62,60,2,2
11526,111,102,9,9
11527,74,72,2,2
11528,81,73,8,8
11529,160,143,17,17
11530,102,94,8,8
11531,91,79,12,12
11532,83,79,4,4
11533,72,61,11,11
11534,68,71,-3,3
11535,126,104,22,22
11536,77,78,-1,1
11537,160,129,31,31
11538,106,100,6,6
11539,81,79,2,2
11540,170,130,40,40
11541,131,115,16,16
11542,50,62,-12,12
11543,115,101,14,14
11544,70,72,-2,2
11545,109,109,0,0
11546,72,63,9,9
11547,74,74,0,0
11548,67,67,0,0
11549,81,72,9,9
11550,83,80,3,3
11551,105,95,10,10
11552,95,93,2,2
11553,133,114,19,19
11554,115,114,1,1
11555,98,87,11,11
11556,55,42,13,13
11557,109,101,8,8
11558,50,57,-7,7
11559,145,126,19,19
11560,89,73,16,16
11561,85,81,4,4
11562,85,79,6,6
11563,65,80,-15,15
11564,86,82,4,4
11565,105,88,17,17
11566,53,51,2,2
11567,60,59,1,1
11568,121,104,17,17
11569,52,62,-10,10
11570,53,53,0,0
11571,164,150,14,14
11572,92,92,0,0
11573,100,95,5,5
11574,111,99,12,12
11575,67,60,7,7
11576,169,146,23,23
11577,86,77,9,9
11578,51,49,2,2
11579,96,88,8,8
11580,97,78,19,19
11581,82,68,14,14
11582,75,74,1,1
11583,103,94,9,9
11584,91,79,12,12
11585,108,101,7,7
11586,85,85,0,0
11587,137,124,13,13
11588,88,85,3,3
11589,167,143,24,24
11590,65,66,-1,1
11591,92,79,13,13
11592,98,85,13,13
11593,68,67,1,1
11594,65,60,5,5
11595,60,55,5,5
11596,71,64,7,7
11597,50,50,0,0
11598,79,78,1,1
11599,102,91,11,11
11600,85,74,11,11
11601,69,65,4,4
11602,105,98,7,7
11603,114,99,15,15
11604,77,75,2,2
11605,70,58,12,12
11606,80,77,3,3
11607,137,133,4,4
11608,105,92,13,13
11609,83,86,-3,3
11610,95,88,7,7
11611,70,75,-5,5
11612,183,163,20,20
11613,50,52,-2,2
11614,164,145,19,19
11615,125,108,17,17
11616,90,84,6,6
11617,108,98,10,10
11618,150,137,13,13
11619,90,78,12,12
11620,73,68,5,5
11621,86,89,-3,3
11622,91,95,-4,4
11623,108,102,6,6
11624,120,104,16,16
11625,127,103,24,24
11626,65,59,6,6
11627,121,87,34,34
11628,80,72,8,8
11629,89,69,20,20
11630,81,72,9,9
11631,96,74,22,22
11632,119,106,13,13
11633,118,111,7,7
11634,128,120,8,8
11635,56,67,-11,11
11636,56,60,-4,4
11637,86,77,9,9
11638,79,73,6,6
11639,116,98,18,18
11640,69,70,-1,1
11641,111,88,23,23
11642,81,90,-9,9
11643,56,57,-1,1
11644,119,113,6,6
11645,82,72,10,10
11646,81,74,7,7
11647,136,112,24,24
11648,127,121,6,6
11649,108,108,0,0
11650,129,118,11,11
11651,74,89,-15,15
11652,63,73,-10,10
11653,168,141,27,27
11654,100,97,3,3
11655,66,66,0,0
11656,70,80,-10,10
11657,101,90,11,11
11658,112,94,18,18
11659,102,85,17,17
11660,124,112,12,12
11661,82,77,5,5
11662,94,88,6,6
11663,70,76,-6,6
11664,72,74,-2,2
11665,67,63,4,4
11666,117,119,-2,2
11667,47,45,2,2
11668,110,92,18,18
11669,93,84,9,9
11670,64,60,4,4
11671,134,126,8,8
11672,66,55,11,11
11673,69,64,5,5
11674,99,98,1,1
11675,137,118,19,19
11676,58,61,-3,3
11677,85,75,10,10
11678,94,80,14,14
11679,104,97,7,7
11680,108,100,8,8
11681,89,81,8,8
11682,176,152,24,24
11683,88,84,4,4
11684,46,51,-5,5
11685,94,91,3,3
11686,162,145,17,17
11687,92,84,8,8
11688,96,86,10,10
11689,124,114,10,10
11690,74,78,-4,4
11691,68,71,-3,3
11692,67,69,-2,2
11693,90,89,1,1
11694,87,76,11,11
11695,86,75,11,11
11696,68,68,0,0
11697,90,81,9,9
11698,77,78,-1,1
11699,126,99,27,27
11700,126,110,16,16
11701,94,92,2,2
11702,172,157,15,15
11703,63,85,-22,22
11704,101,89,12,12
11705,148,131,17,17
11706,87,88,-1,1
11707,127,107,20,20
11708,121,96,25,25
11709,142,135,7,7
11710,73,70,3,3
11711,71,69,2,2
11712,103,120,-17,17
11713,39,37,2,2
11714,99,94,5,5
11715,69,64,5,5
11716,182,152,30,30
11717,138,148,-10,10
11718,142,131,11,11
11719,114,112,2,2
11720,54,49,5,5
11721,93,83,10,10
11722,110,95,15,15
11723,38,45,-7,7
11724,133,126,7,7
11725,143,122,21,21
11726,125,118,7,7
11727,69,66,3,3
11728,120,110,10,10
11729,121,119,2,2
11730,71,64,7,7
11731,97,90,7,7
11732,104,91,13,13
11733,97,89,8,8
11734,47,50,-3,3
11735,184,161,23,23
11736,110,110,0,0
11737,67,65,2,2
11738,106,100,6,6
11739,66,75,-9,9
11740,118,101,17,17
11741,81,78,3,3
11742,83,79,4,4
11743,64,71,-7,7
11744,70,57,13,13
11745,50,51,-1,1
11746,93,79,14,14
11747,157,129,28,28
11748,51,51,0,0
11749,77,72,5,5
11750,87,77,10,10
11751,119,104,15,15
11752,115,100,15,15
11753,85,72,13,13
11754,63,75,-12,12
11755,91,89,2,2
11756,67,64,3,3
11757,64,68,-4,4
11758,127,126,1,1
11759,67,66,1,1
11760,71,69,2,2
11761,96,83,13,13
11762,111,102,9,9
11763,62,59,3,3
11764,77,69,8,8
11765,174,163,11,11
11766,138,118,20,20
11767,65,64,1,1
11768,116,100,16,16
11769,47,51,-4,4
11770,119,106,13,13
11771,94,79,15,15
11772,122,110,12,12
11773,92,92,0,0
11774,148,118,30,30
11775,67,69,-2,2
11776,101,95,6,6
11777,86,81,5,5
11778,53,50,3,3
11779,77,76,1,1
11780,126,107,19,19
11781,74,66,8,8
11782,91,87,4,4
11783,81,79,2,2
11784,43,50,-7,7
11785,114,101,13,13
11786,79,78,1,1
11787,96,85,11,11
11788,106,90,16,16
11789,79,82,-3,3
11790,120,123,-3,3
11791,107,98,9,9
11792,98,90,8,8
11793,47,45,2,2
11794,76,75,1,1
11795,85,79,6,6
11796,67,75,-8,8
11797,79,73,6,6
11798,90,94,-4,4
11799,84,73,11,11
11800,152,131,21,21
11801,152,129,23,23
11802,87,80,7,7
11803,65,61,4,4
11804,83,76,7,7
11805,205,176,29,29
11806,151,138,13,13
11807,114,93,21,21
11808,83,78,5,5
11809,66,71,-5,5
11810,66,68,-2,2
11811,105,93,12,12
11812,176,150,26,26
11813,166,149,17,17
11814,185,158,27,27
11815,108,99,9,9
11816,95,88,7,7
11817,67,81,-14,14
11818,87,83,4,4
11819,82,80,2,2
11820,121,106,15,15
11821,71,74,-3,3
11822,62,65,-3,3
11823,113,84,29,29
11824,104,96,8,8
11825,68,66,2,2
11826,93,92,1,1
11827,74,66,8,8
11828,60,61,-1,1
11829,80,84,-4,4
11830,70,71,-1,1
11831,75,74,1,1
11832,76,65,11,11
11833,75,68,7,7
11834,80,68,12,12
11835,45,53,-8,8
11836,93,100,-7,7
11837,99,104,-5,5
11838,77,72,5,5
11839,89,80,9,9
11840,143,142,1,1
11841,83,85,-2,2
11842,102,94,8,8
11843,122,114,8,8
11844,118,101,17,17
11845,132,103,29,29
11846,102,105,-3,3
11847,75,67,8,8
11848,105,100,5,5
11849,124,110,14,14
11850,75,70,5,5
11851,47,51,-4,4
11852,130,121,9,9
11853,147,127,20,20
11854,134,117,17,17
11855,71,68,3,3
11856,72,67,5,5
11857,42,49,-7,7
11858,97,87,10,10
11859,99,99,0,0
11860,147,141,6,6
11861,127,117,10,10
11862,65,61,4,4
11863,73,84,-11,11
11864,54,59,-5,5
11865,87,83,4,4
11866,125,122,3,3
11867,120,113,7,7
11868,75,72,3,3
11869,101,99,2,2
11870,139,123,16,16
11871,93,83,10,10
11872,85,84,1,1
11873,162,139,23,23
11874,158,138,20,20
11875,234,185,49,49
11876,76,74,2,2
11877,68,60,8,8
11878,60,54,6,6
11879,115,99,16,16
11880,92,85,7,7
11881,99,76,23,23
11882,95,85,10,10
11883,69,77,-8,8
11884,53,59,-6,6
11885,100,90,10,10
11886,157,138,19,19
11887,103,91,12,12
11888,117,107,10,10
11889,100,90,10,10
11890,95,84,11,11
11891,146,122,24,24
11892,97,87,10,10
11893,49,50,-1,1
11894,83,81,2,2
11895,89,75,14,14
11896,97,93,4,4
11897,98,93,5,5
11898,99,93,6,6
11899,52,58,-6,6
11900,92,86,6,6
11901,128,125,3,3
11902,60,55,5,5
11903,47,50,-3,3
11904,106,92,14,14
11905,78,68,10,10
11906,143,130,13,13
11907,90,81,9,9
11908,125,110,15,15
11909,80,84,-4,4
11910,114,102,12,12
11911,161,140,21,21
11912,120,106,14,14
11913,41,59,-18,18
11914,38,46,-8,8
11915,105,107,-2,2
11916,48,46,2,2
11917,58,58,0,0
11918,112,99,13,13
11919,59,58,1,1
11920,76,74,2,2
11921,118,105,13,13
11922,77,69,8,8
11923,51,52,-1,1
11924,76,64,12,12
11925,56,56,0,0
11926,40,50,-10,10
11927,69,65,4,4
11928,77,72,5,5
11929,91,87,4,4
11930,149,134,15,15
11931,110,99,11,11
11932,115,109,6,6
11933,117,105,12,12
11934,93,85,8,8
11935,31,32,-1,1
11936,111,119,-8,8
11937,79,81,-2,2
11938,72,70,2,2
11939,44,49,-5,5
11940,89,84,5,5
11941,51,51,0,0
11942,186,172,14,14
11943,144,121,23,23
11944,98,85,13,13
11945,68,67,1,1
11946,82,78,4,4
11947,110,98,12,12
11948,101,76,25,25
11949,73,71,2,2
11950,106,99,7,7
11951,50,51,-1,1
11952,128,117,11,11
11953,82,80,2,2
11954,39,59,-20,20
11955,57,57,0,0
11956,100,93,7,7
11957,132,118,14,14
11958,58,57,1,1
11959,65,63,2,2
11960,46,51,-5,5
11961,90,82,8,8
11962,132,116,16,16
11963,84,82,2,2
11964,95,86,9,9
11965,152,139,13,13
11966,67,64,3,3
11967,96,99,-3,3
11968,78,77,1,1
11969,99,83,16,16
11970,71,76,-5,5
11971,116,102,14,14
11972,122,114,8,8
11973,81,76,5,5
11974,42,49,-7,7
11975,121,111,10,10
11976,144,130,14,14
11977,190,175,15,15
11978,132,119,13,13
11979,112,95,17,17
11980,106,86,20,20
11981,104,89,15,15
11982,79,73,6,6
11983,81,77,4,4
11984,92,104,-12,12
11985,55,57,-2,2
11986,85,73,12,12
11987,72,68,4,4
11988,48,50,-2,2
11989,92,96,-4,4
11990,44,49,-5,5
11991,112,99,13,13
11992,118,104,14,14
11993,74,76,-2,2
11994,102,87,15,15
11995,93,93,0,0
11996,113,97,16,16
11997,89,87,2,2
11998,133,123,10,10
11999,45,50,-5,5
12000,53,51,2,2
12001,139,128,11,11
12002,61,59,2,2
12003,85,94,-9,9
12004,67,63,4,4
12005,81,74,7,7
12006,33,33,0,0
12007,74,72,2,2
12008,81,76,5,5
12009,81,77,4,4
12010,114,103,11,11
12011,158,153,5,5
12012,59,63,-4,4
12013,60,64,-4,4
12014,111,98,13,13
12015,102,93,9,9
12016,89,76,13,13
12017,80,72,8,8
12018,73,74,-1,1
12019,53,51,2,2
12020,124,111,13,13
12021,108,97,11,11
12022,101,83,18,18
12023,93,91,2,2
12024,69,70,-1,1
12025,111,107,4,4
12026,74,74,0,0
12027,80,73,7,7
12028,101,87,14,14
12029,127,133,-6,6
12030,78,72,6,6
12031,143,138,5,5
12032,114,118,-4,4
12033,49,71,-22,22
12034,115,113,2,2
12035,103,85,18,18
12036,84,84,0,0
12037,88,83,5,5
12038,92,84,8,8
12039,108,103,5,5
12040,90,82,8,8
12041,65,67,-2,2
12042,60,57,3,3
12043,72,68,4,4
12044,129,129,0,0
12045,76,75,1,1
12046,109,106,3,3
12047,88,92,-4,4
12048,60,59,1,1
12049,47,40,7,7
12050,100,86,14,14
12051,117,116,1,1
12052,125,103,22,22
12053,113,98,15,15
12054,54,52,2,2
12055,111,109,2,2
12056,156,130,26,26
12057,110,101,9,9
12058,82,90,-8,8
12059,114,99,15,15
12060,68,70,-2,2
12061,66,71,-5,5
12062,90,85,5,5
12063,63,62,1,1
12064,100,93,7,7
12065,66,67,-1,1
12066,141,127,14,14
12067,79,72,7,7
12068,104,84,20,20
12069,140,118,22,22
12070,72,70,2,2
12071,39,42,-3,3
12072,118,101,17,17
12073,97,81,16,16
12074,95,99,-4,4
12075,86,83,3,3
12076,90,83,7,7
12077,86,92,-6,6
12078,95,88,7,7
12079,118,102,16,16
12080,94,83,11,11
12081,130,121,9,9
12082,58,57,1,1
12083,121,117,4,4
12084,125,118,7,7
12085,150,139,11,11
12086,102,92,10,10
12087,122,102,20,20
12088,109,99,10,10
12089,74,74,0,0
12090,93,80,13,13
12091,53,55,-2,2
12092,117,113,4,4
12093,93,87,6,6
12094,191,184,7,7
12095,142,113,29,29
12096,123,103,20,20
12097,83,83,0,0
12098,127,113,14,14
12099,83,79,4,4
12100,85,76,9,9
12101,83,81,2,2
12102,94,80,14,14
12103,164,144,20,20
12104,72,61,11,11
12105,76,54,22,22
12106,122,100,22,22
12107,59,41,18,18
12108,87,81,6,6
12109,88,59,29,29
12110,61,56,5,5
12111,154,134,20,20
12112,159,135,24,24
12113,163,139,24,24
12114,104,92,12,12
12115,121,116,5,5
12116,116,100,16,16
12117,98,93,5,5
12118,84,82,2,2
12119,42,50,-8,8
12120,78,72,6,6
12121,99,107,-8,8
12122,77,86,-9,9
12123,189,158,31,31
12124,66,76,-10,10
12125,144,135,9,9
12126,196,165,31,31
12127,107,96,11,11
12128,68,69,-1,1
12129,88,77,11,11
12130,36,41,-5,5
12131,107,104,3,3
12132,123,104,19,19
12133,62,59,3,3
12134,207,180,27,27
12135,89,83,6,6
12136,74,73,1,1
12137,87,80,7,7
12138,135,122,13,13
12139,72,65,7,7
12140,183,127,56,56
12141,118,118,0,0
12142,110,83,27,27
12143,111,101,10,10
12144,122,102,20,20
12145,90,89,1,1
12146,121,112,9,9
12147,58,56,2,2
12148,126,114,12,12
12149,105,94,11,11
12150,109,100,9,9
12151,71,71,0,0
12152,148,133,15,15
12153,95,91,4,4
12154,103,93,10,10
12155,90,84,6,6
12156,77,75,2,2
12157,126,109,17,17
12158,141,125,16,16
12159,134,113,21,21
12160,49,47,2,2
12161,99,92,7,7
12162,130,111,19,19
12163,74,66,8,8
12164,64,60,4,4
12165,196,162,34,34
12166,106,106,0,0
12167,100,96,4,4
12168,88,81,7,7
12169,116,104,12,12
12170,107,100,7,7
12171,128,120,8,8
12172,93,79,14,14
12173,150,124,26,26
12174,92,77,15,15
12175,96,81,15,15
12176,115,101,14,14
12177,111,96,15,15
12178,87,86,1,1
12179,69,69,0,0
12180,139,137,2,2
12181,104,97,7,7
12182,115,108,7,7
12183,114,100,14,14
12184,58,56,2,2
12185,77,71,6,6
12186,79,81,-2,2
12187,114,107,7,7
12188,111,107,4,4
12189,102,92,10,10
12190,161,145,16,16
12191,197,174,23,23
12192,72,64,8,8
12193,142,129,13,13
12194,49,52,-3,3
12195,63,64,-1,1
12196,135,124,11,11
12197,192,164,28,28
12198,47,51,-4,4
12199,110,101,9,9
12200,71,71,0,0
12201,108,106,2,2
12202,137,132,5,5
12203,128,114,14,14
12204,137,124,13,13
12205,148,134,14,14
12206,82,80,2,2
12207,70,76,-6,6
12208,60,53,7,7
12209,115,101,14,14
12210,76,71,5,5
12211,86,77,9,9
12212,97,90,7,7
12213,122,110,12,12
12214,104,90,14,14
12215,149,143,6,6
12216,73,69,4,4
12217,88,80,8,8
12218,93,81,12,12
12219,94,86,8,8
12220,110,96,14,14
12221,56,61,-5,5
12222,66,68,-2,2
12223,73,73,0,0
12224,96,93,3,3
12225,121,106,15,15
12226,122,117,5,5
12227,94,86,8,8
12228,88,94,-6,6
12229,130,122,8,8
12230,63,63,0,0
12231,141,118,23,23
12232,54,58,-4,4
12233,73,71,2,2
12234,71,68,3,3
12235,95,83,12,12
12236,121,100,21,21
12237,73,70,3,3
12238,125,115,10,10
12239,67,72,-5,5
12240,121,108,13,13
12241,109,101,8,8
12242,64,64,0,0
12243,96,86,10,10
12244,119,122,-3,3
12245,93,93,0,0
12246,75,71,4,4
12247,95,88,7,7
12248,66,68,-2,2
12249,99,91,8,8
12250,47,50,-3,3
12251,84,92,-8,8
12252,165,185,-20,20
12253,97,86,11,11
12254,73,73,0,0
12255,37,44,-7,7
12256,104,89,15,15
12257,71,68,3,3
12258,65,64,1,1
12259,66,56,10,10
12260,63,58,5,5
12261,96,92,4,4
12262,130,117,13,13
12263,141,127,14,14
12264,86,95,-9,9
12265,108,103,5,5
12266,128,107,21,21
12267,118,102,16,16
12268,83,76,7,7
12269,68,64,4,4
12270,84,80,4,4
12271,105,92,13,13
12272,61,71,-10,10
12273,73,73,0,0
12274,65,66,-1,1
12275,131,105,26,26
12276,118,102,16,16
12277,93,88,5,5
12278,76,68,8,8
12279,75,70,5,5
12280,65,67,-2,2
12281,70,64,6,6
12282,140,135,5,5
12283,95,85,10,10
12284,145,118,27,27
12285,82,68,14,14
12286,185,154,31,31
12287,71,68,3,3
12288,100,100,0,0
12289,99,85,14,14
12290,64,63,1,1
12291,65,60,5,5
12292,51,51,0,0
12293,79,85,-6,6
12294,50,55,-5,5
12295,128,129,-1,1
12296,109,96,13,13
12297,106,86,20,20
12298,50,51,-1,1
12299,126,112,14,14
12300,105,97,8,8
12301,39,50,-11,11
12302,70,66,4,4
12303,134,98,36,36
12304,46,51,-5,5
12305,81,79,2,2
12306,115,103,12,12
12307,56,58,-2,2
12308,90,81,9,9
12309,107,94,13,13
12310,38,43,-5,5
12311,112,100,12,12
12312,86,83,3,3
12313,102,93,9,9
12314,81,82,-1,1
12315,133,117,16,16
12316,65,61,4,4
12317,67,75,-8,8
12318,63,66,-3,3
12319,105,92,13,13
12320,81,77,4,4
12321,97,95,2,2
12322,96,94,2,2
12323,113,117,-4,4
12324,91,88,3,3
12325,67,75,-8,8
12326,85,79,6,6
12327,102,96,6,6
12328,76,72,4,4
12329,190,179,11,11
12330,63,67,-4,4
12331,87,71,16,16
12332,140,122,18,18
12333,113,95,18,18
12334,102,93,9,9
12335,62,54,8,8
12336,57,55,2,2
12337,48,53,-5,5
12338,62,55,7,7
12339,94,102,-8,8
12340,95,96,-1,1
12341,183,162,21,21
12342,80,77,3,3
12343,164,147,17,17
12344,66,60,6,6
12345,67,76,-9,9
12346,103,95,8,8
12347,69,75,-6,6
12348,118,110,8,8
12349,78,68,10,10
12350,66,63,3,3
12351,94,86,8,8
12352,92,87,5,5
12353,142,125,17,17
12354,55,65,-10,10
12355,101,96,5,5
12356,79,69,10,10
12357,122,116,6,6
12358,123,101,22,22
12359,38,32,6,6
12360,65,74,-9,9
12361,138,113,25,25
12362,76,72,4,4
12363,114,107,7,7
12364,79,80,-1,1
12365,114,100,14,14
12366,68,65,3,3
12367,78,73,5,5
12368,93,90,3,3
12369,103,98,5,5
12370,163,129,34,34
12371,101,101,0,0
12372,126,115,11,11
12373,67,61,6,6
12374,78,72,6,6
12375,116,104,12,12
12376,128,118,10,10
12377,91,80,11,11
12378,142,121,21,21
12379,65,62,3,3
12380,145,145,0,0
12381,61,55,6,6
12382,136,110,26,26
12383,84,76,8,8
12384,98,86,12,12
12385,87,82,5,5
12386,107,100,7,7
12387,115,118,-3,3
12388,106,93,13,13
12389,93,90,3,3
12390,80,67,13,13
12391,130,110,20,20
12392,115,97,18,18
12393,97,102,-5,5
12394,92,88,4,4
12395,88,81,7,7
12396,66,61,5,5
12397,66,60,6,6
12398,87,84,3,3
12399,106,96,10,10
12400,70,76,-6,6
12401,180,154,26,26
12402,87,92,-5,5
12403,89,77,12,12
12404,92,92,0,0
12405,125,102,23,23
12406,88,94,-6,6
12407,109,99,10,10
12408,35,41,-6,6
12409,67,70,-3,3
12410,117,106,11,11
12411,190,162,28,28
12412,114,104,10,10
12413,137,122,15,15
12414,138,139,-1,1
12415,129,124,5,5
12416,106,86,20,20
12417,63,65,-2,2
12418,58,60,-2,2
12419,57,61,-4,4
12420,86,86,0,0
12421,104,93,11,11
12422,97,90,7,7
12423,101,95,6,6
12424,137,117,20,20
12425,64,52,12,12
12426,176,178,-2,2
12427,93,81,12,12
12428,120,107,13,13
12429,108,99,9,9
12430,70,70,0,0
12431,97,86,11,11
12432,83,82,1,1
12433,83,74,9,9
12434,150,147,3,3
12435,64,64,0,0
12436,89,77,12,12
12437,96,87,9,9
12438,114,103,11,11
12439,119,109,10,10
12440,61,55,6,6
12441,96,87,9,9
12442,105,97,8,8
12443,61,58,3,3
12444,141,128,13,13
12445,86,79,7,7
12446,87,79,8,8
12447,90,76,14,14
12448,105,100,5,5
12449,91,79,12,12
12450,111,107,4,4
12451,76,74,2,2
12452,87,83,4,4
12453,91,88,3,3
12454,107,105,2,2
12455,110,100,10,10
12456,124,121,3,3
12457,128,111,17,17
12458,109,100,9,9
12459,71,64,7,7
12460,87,76,11,11
12461,148,133,15,15
12462,107,93,14,14
12463,134,124,10,10
12464,23,31,-8,8
12465,119,123,-4,4
12466,91,82,9,9
12467,25,48,-23,23
12468,61,72,-11,11
12469,101,93,8,8
12470,72,66,6,6
12471,95,93,2,2
12472,47,41,6,6
12473,97,89,8,8
12474,81,78,3,3
12475,59,54,5,5
12476,77,69,8,8
12477,138,112,26,26
12478,120,114,6,6
12479,136,128,8,8
12480,79,77,2,2
12481,63,61,2,2
12482,102,94,8,8
12483,158,137,21,21
12484,73,72,1,1
12485,53,49,4,4
12486,83,83,0,0
12487,155,124,31,31
12488,139,119,20,20
12489,93,80,13,13
12490,128,122,6,6
12491,98,100,-2,2
12492,96,83,13,13
12493,153,135,18,18
12494,104,97,7,7
12495,115,92,23,23
12496,72,70,2,2
12497,90,83,7,7
12498,127,128,-1,1
12499,112,115,-3,3
12500,64,68,-4,4
12501,73,65,8,8
12502,72,73,-1,1
12503,73,80,-7,7
12504,56,58,-2,2
12505,106,93,13,13
12506,144,123,21,21
12507,47,67,-20,20
12508,147,130,17,17
12509,95,90,5,5
12510,76,80,-4,4
12511,128,119,9,9
12512,81,69,12,12
12513,79,78,1,1
12514,86,77,9,9
12515,44,51,-7,7
12516,87,84,3,3
12517,102,98,4,4
12518,116,109,7,7
12519,105,96,9,9
12520,113,114,-1,1
12521,152,128,24,24
12522,175,153,22,22
12523,70,67,3,3
12524,173,149,24,24
12525,87,77,10,10
12526,102,90,12,12
12527,88,85,3,3
12528,76,71,5,5
12529,110,95,15,15
12530,99,95,4,4
12531,71,68,3,3
12532,75,70,5,5
12533,105,97,8,8
12534,153,143,10,10
12535,100,104,-4,4
12536,90,81,9,9
12537,83,93,-10,10
12538,82,77,5,5
12539,49,51,-2,2
12540,69,68,1,1
12541,113,104,9,9
12542,63,64,-1,1
12543,58,60,-2,2
12544,65,62,3,3
12545,145,134,11,11
12546,50,51,-1,1
12547,83,85,-2,2
12548,100,92,8,8
12549,76,71,5,5
12550,72,69,3,3
12551,71,83,-12,12
12552,106,93,13,13
12553,127,124,3,3
12554,96,86,10,10
12555,67,66,1,1
12556,140,126,14,14
12557,56,54,2,2
12558,108,98,10,10
12559,94,82,12,12
12560,59,57,2,2
12561,84,83,1,1
12562,96,91,5,5
12563,92,96,-4,4
12564,186,169,17,17
12565,62,60,2,2
12566,164,139,25,25
12567,49,51,-2,2
12568,62,58,4,4
12569,50,55,-5,5
12570,128,111,17,17
12571,57,64,-7,7
12572,69,66,3,3
12573,48,55,-7,7
12574,132,116,16,16
12575,140,134,6,6
12576,107,97,10,10
12577,80,77,3,3
12578,78,73,5,5
12579,140,117,23,23
12580,78,76,2,2
12581,123,104,19,19
12582,87,88,-1,1
12583,91,99,-8,8
12584,119,119,0,0
12585,107,98,9,9
12586,52,51,1,1
12587,61,68,-7,7
12588,102,87,15,15
12589,79,71,8,8
12590,81,76,5,5
12591,72,65,7,7
12592,74,79,-5,5
12593,73,62,11,11
12594,114,83,31,31
12595,127,114,13,13
12596,92,78,14,14
12597,118,115,3,3
12598,115,175,-60,60
12599,73,67,6,6
12600,93,89,4,4
12601,70,67,3,3
12602,73,68,5,5
12603,107,111,-4,4
12604,96,95,1,1
12605,101,80,21,21
12606,76,84,-8,8
12607,85,72,13,13
12608,111,92,19,19
12609,42,50,-8,8
12610,69,65,4,4
12611,97,81,16,16
12612,90,81,9,9
12613,96,85,11,11
12614,114,124,-10,10
12615,121,106,15,15
12616,68,68,0,0
12617,45,43,2,2
12618,73,74,-1,1
12619,109,97,12,12
12620,175,157,18,18
12621,90,77,13,13
12622,70,67,3,3
12623,85,80,5,5
12624,62,64,-2,2
12625,89,91,-2,2
12626,132,120,12,12
12627,155,134,21,21
12628,99,93,6,6
12629,60,56,4,4
12630,110,98,12,12
12631,87,80,7,7
12632,98,100,-2,2
12633,80,85,-5,5
12634,127,113,14,14
12635,172,149,23,23
12636,181,160,21,21
12637,130,113,17,17
12638,76,70,6,6
12639,86,78,8,8
12640,105,94,11,11
12641,105,106,-1,1
12642,56,62,-6,6
12643,65,67,-2,2
12644,42,41,1,1
12645,120,103,17,17
12646,65,62,3,3
12647,76,77,-1,1
12648,134,117,17,17
12649,28,66,-38,38
12650,96,88,8,8
12651,92,88,4,4
12652,53,51,2,2
12653,66,59,7,7
12654,79,72,7,7
12655,101,106,-5,5
12656,78,90,-12,12
12657,88,89,-1,1
12658,136,120,16,16
12659,142,127,15,15
12660,73,65,8,8
12661,97,82,15,15
12662,80,72,8,8
12663,51,52,-1,1
12664,69,76,-7,7
12665,52,50,2,2
12666,57,55,2,2
12667,100,104,-4,4
12668,147,133,14,14
12669,129,120,9,9
12670,92,93,-1,1
12671,107,87,20,20
12672,99,100,-1,1
12673,89,89,0,0
12674,58,54,4,4
12675,103,84,19,19
12676,33,39,-6,6
12677,103,87,16,16
12678,88,84,4,4
12679,81,77,4,4
12680,53,54,-1,1
12681,70,75,-5,5
12682,32,40,-8,8
12683,88,80,8,8
12684,99,108,-9,9
12685,110,101,9,9
12686,78,75,3,3
12687,99,91,8,8
12688,46,52,-6,6
12689,136,111,25,25
12690,75,68,7,7
12691,117,93,24,24
12692,93,79,14,14
12693,132,123,9,9
12694,70,69,1,1
12695,69,70,-1,1
12696,49,38,11,11
12697,71,63,8,8
12698,118,108,10,10
12699,97,91,6,6
12700,76,82,-6,6
12701,195,141,54,54
12702,128,116,12,12
12703,66,56,10,10
12704,120,111,9,9
12705,73,74,-1,1
12706,62,66,-4,4
12707,104,84,20,20
12708,94,91,3,3
12709,94,81,13,13
12710,110,93,17,17
12711,96,85,11,11
12712,107,96,11,11
12713,77,80,-3,3
12714,91,92,-1,1
12715,63,57,6,6
12716,128,105,23,23
12717,77,71,6,6
12718,67,71,-4,4
12719,124,105,19,19
12720,94,85,9,9
12721,64,61,3,3
12722,74,73,1,1
12723,88,84,4,4
12724,70,70,0,0
12725,78,73,5,5
12726,66,73,-7,7
12727,104,100,4,4
12728,134,131,3,3
12729,92,84,8,8
12730,74,66,8,8
12731,93,84,9,9
12732,98,87,11,11
12733,100,85,15,15
12734,87,85,2,2
12735,101,90,11,11
12736,49,51,-2,2
12737,121,106,15,15
12738,84,91,-7,7
12739,158,144,14,14
12740,115,98,17,17
12741,125,106,19,19
12742,53,50,3,3
12743,80,81,-1,1
12744,68,62,6,6
12745,103,92,11,11
12746,107,100,7,7
12747,77,84,-7,7
12748,100,99,1,1
12749,120,118,2,2
12750,91,85,6,6
12751,77,60,17,17
12752,132,113,19,19
12753,131,115,16,16
12754,43,61,-18,18
12755,45,45,0,0
12756,124,107,17,17
12757,86,75,11,11
12758,107,93,14,14
12759,82,82,0,0
12760,204,173,31,31
12761,107,94,13,13
12762,120,116,4,4
12763,140,126,14,14
12764,153,129,24,24
12765,83,78,5,5
12766,47,45,2,2
12767,91,78,13,13
12768,68,52,16,16
12769,56,54,2,2
12770,77,80,-3,3
12771,37,49,-12,12
12772,117,101,16,16
12773,85,79,6,6
12774,101,91,10,10
12775,67,72,-5,5
12776,118,119,-1,1
12777,56,62,-6,6
12778,68,64,4,4
12779,65,68,-3,3
12780,105,92,13,13
12781,102,100,2,2
12782,116,100,16,16
12783,69,64,5,5
12784,79,72,7,7
12785,105,96,9,9
12786,101,76,25,25
12787,106,88,18,18
12788,89,79,10,10
12789,77,75,2,2
12790,116,108,8,8
12791,111,97,14,14
12792,91,76,15,15
12793,74,70,4,4
12794,96,88,8,8
12795,119,117,2,2
12796,124,109,15,15
12797,83,72,11,11
12798,59,64,-5,5
12799,87,78,9,9
12800,55,55,0,0
12801,121,111,10,10
12802,94,85,9,9
12803,90,82,8,8
12804,181,161,20,20
12805,93,81,12,12
12806,72,69,3,3
12807,92,88,4,4
12808,153,131,22,22
12809,55,55,0,0
12810,61,63,-2,2
12811,99,89,10,10
12812,82,80,2,2
12813,102,87,15,15
12814,148,132,16,16
12815,112,105,7,7
12816,172,158,14,14
12817,133,122,11,11
12818,97,91,6,6
12819,70,73,-3,3
12820,70,72,-2,2
12821,98,81,17,17
12822,96,99,-3,3
12823,69,66,3,3
12824,90,79,11,11
12825,138,120,18,18
12826,132,118,14,14
12827,153,143,10,10
12828,86,74,12,12
12829,108,93,15,15
12830,80,83,-3,3
12831,154,125,29,29
12832,116,113,3,3
12833,103,91,12,12
12834,104,101,3,3
12835,116,104,12,12
12836,107,88,19,19
12837,96,83,13,13
12838,90,87,3,3
12839,50,57,-7,7
12840,104,96,8,8
12841,72,63,9,9
12842,106,93,13,13
12843,87,81,6,6
12844,124,116,8,8
12845,27,31,-4,4
12846,133,115,18,18
12847,122,103,19,19
12848,124,128,-4,4
12849,89,88,1,1
12850,97,115,-18,18
12851,84,85,-1,1
12852,140,132,8,8
12853,136,119,17,17
12854,20,34,-14,14
12855,93,89,4,4
12856,85,81,4,4
12857,74,73,1,1
12858,103,87,16,16
12859,75,74,1,1
12860,46,50,-4,4
12861,84,98,-14,14
12862,75,72,3,3
12863,53,51,2,2
12864,52,76,-24,24
12865,87,84,3,3
12866,109,90,19,19
12867,105,89,16,16
12868,67,67,0,0
12869,154,124,30,30
12870,84,82,2,2
12871,128,111,17,17
12872,113,112,1,1
12873,87,75,12,12
12874,101,99,2,2
12875,96,95,1,1
12876,39,45,-6,6
12877,133,120,13,13
12878,191,177,14,14
12879,60,59,1,1
12880,125,111,14,14
12881,75,73,2,2
12882,40,50,-10,10
12883,103,87,16,16
12884,79,74,5,5
12885,185,168,17,17
12886,124,108,16,16
12887,109,106,3,3
12888,89,92,-3,3
12889,67,64,3,3
12890,47,43,4,4
12891,76,67,9,9
12892,122,116,6,6
12893,106,90,16,16
12894,142,116,26,26
12895,96,73,23,23
12896,52,51,1,1
12897,96,90,6,6
12898,117,114,3,3
12899,69,71,-2,2
12900,89,77,12,12
12901,72,69,3,3
12902,180,159,21,21
12903,94,83,11,11
12904,53,56,-3,3
12905,93,92,1,1
12906,161,133,28,28
12907,137,124,13,13
12908,129,120,9,9
12909,89,78,11,11
12910,102,91,11,11
12911,159,144,15,15
12912,67,64,3,3
12913,67,76,-9,9
12914,97,90,7,7
12915,71,64,7,7
12916,153,139,14,14
12917,100,91,9,9
12918,92,92,0,0
12919,79,83,-4,4
12920,79,76,3,3
12921,73,67,6,6
12922,133,120,13,13
12923,51,51,0,0
12924,139,121,18,18
12925,115,112,3,3
12926,89,84,5,5
12927,124,114,10,10
12928,90,82,8,8
12929,128,118,10,10
12930,131,112,19,19
12931,71,64,7,7
12932,113,99,14,14
12933,127,124,3,3
12934,61,66,-5,5
12935,113,103,10,10
12936,112,84,28,28
12937,75,71,4,4
12938,125,102,23,23
12939,73,70,3,3
12940,100,103,-3,3
12941,187,159,28,28
12942,101,90,11,11
12943,103,88,15,15
12944,99,100,-1,1
12945,65,63,2,2
12946,116,104,12,12
12947,97,103,-6,6
12948,83,83,0,0
12949,90,95,-5,5
12950,101,94,7,7
12951,97,95,2,2
12952,107,99,8,8
12953,119,119,0,0
12954,78,67,11,11
12955,79,76,3,3
12956,74,74,0,0
12957,150,132,18,18
12958,83,88,-5,5
12959,131,132,-1,1
12960,68,72,-4,4
12961,222,175,47,47
12962,88,81,7,7
12963,109,92,17,17
12964,149,140,9,9
12965,82,84,-2,2
12966,33,32,1,1
12967,97,99,-2,2
12968,88,85,3,3
12969,127,119,8,8
12970,70,69,1,1
12971,86,81,5,5
12972,63,62,1,1
12973,101,92,9,9
12974,85,80,5,5
12975,97,83,14,14
12976,68,66,2,2
12977,79,86,-7,7
12978,182,161,21,21
12979,68,68,0,0
12980,68,67,1,1
12981,81,75,6,6
12982,118,101,17,17
12983,93,87,6,6
12984,117,94,23,23
12985,144,126,18,18
12986,134,113,21,21
12987,69,64,5,5
12988,133,118,15,15
12989,88,85,3,3
12990,63,53,10,10
12991,116,108,8,8
12992,113,113,0,0
12993,103,88,15,15
12994,127,109,18,18
12995,116,107,9,9
12996,114,103,11,11
12997,123,106,17,17
12998,72,64,8,8
12999,107,92,15,15
13000,121,99,22,22
13001,100,83,17,17
13002,87,82,5,5
13003,102,88,14,14
13004,155,148,7,7
13005,72,75,-3,3
13006,84,81,3,3
13007,86,87,-1,1
13008,115,110,5,5
13009,100,92,8,8
13010,81,67,14,14
13011,51,51,0,0
13012,54,53,1,1
13013,86,81,5,5
13014,92,85,7,7
13015,60,62,-2,2
13016,112,103,9,9
13017,92,83,9,9
13018,87,82,5,5
13019,95,90,5,5
13020,80,72,8,8
13021,139,128,11,11
13022,103,91,12,12
13023,120,121,-1,1
13024,75,79,-4,4
13025,51,47,4,4
13026,76,69,7,7
13027,67,72,-5,5
13028,165,142,23,23
13029,84,84,0,0
13030,83,84,-1,1
13031,61,56,5,5
13032,159,136,23,23
13033,64,76,-12,12
13034,140,129,11,11
13035,65,74,-9,9
13036,68,69,-1,1
13037,67,57,10,10
13038,87,85,2,2
13039,109,102,7,7
13040,116,109,7,7
13041,94,103,-9,9
13042,135,113,22,22
13043,77,72,5,5
13044,55,52,3,3
13045,61,59,2,2
13046,73,72,1,1
13047,139,113,26,26
13048,106,108,-2,2
13049,78,79,-1,1
13050,74,62,12,12
13051,99,87,12,12
13052,88,86,2,2
13053,93,79,14,14
13054,69,64,5,5
13055,235,195,40,40
13056,83,81,2,2
13057,101,81,20,20
13058,66,70,-4,4
13059,58,55,3,3
13060,119,112,7,7
13061,129,117,12,12
13062,82,77,5,5
13063,168,146,22,22
13064,72,71,1,1
13065,125,106,19,19
13066,82,73,9,9
13067,97,83,14,14
13068,56,64,-8,8
13069,123,126,-3,3
13070,79,68,11,11
13071,84,76,8,8
13072,112,101,11,11
13073,80,81,-1,1
13074,106,99,7,7
13075,60,61,-1,1
13076,72,71,1,1
13077,96,96,0,0
13078,60,49,11,11
13079,117,90,27,27
13080,66,70,-4,4
13081,78,75,3,3
13082,55,56,-1,1
13083,164,133,31,31
13084,184,156,28,28
13085,78,76,2,2
13086,61,64,-3,3
13087,109,116,-7,7
13088,101,94,7,7
13089,79,73,6,6
13090,51,51,0,0
13091,64,56,8,8
13092,62,63,-1,1
13093,144,129,15,15
13094,57,56,1,1
13095,50,51,-1,1
13096,81,74,7,7
13097,99,92,7,7
13098,97,93,4,4
13099,129,106,23,23
13100,104,91,13,13
13101,93,95,-2,2
13102,84,74,10,10
13103,90,85,5,5
13104,112,107,5,5
13105,69,66,3,3
13106,69,72,-3,3
13107,107,82,25,25
13108,145,117,28,28
13109,84,71,13,13
13110,51,54,-3,3
13111,100,87,13,13
13112,82,83,-1,1
13113,71,80,-9,9
13114,104,89,15,15
13115,67,73,-6,6
13116,89,86,3,3
13117,61,70,-9,9
13118,74,75,-1,1
13119,101,99,2,2
13120,67,72,-5,5
13121,72,75,-3,3
13122,70,66,4,4
13123,158,149,9,9
13124,94,88,6,6
13125,84,75,9,9
13126,120,112,8,8
13127,152,142,10,10
13128,137,121,16,16
13129,82,83,-1,1
13130,116,102,14,14
13131,112,99,13,13
13132,99,86,13,13
13133,150,141,9,9
13134,66,58,8,8
13135,81,70,11,11
13136,50,51,-1,1
13137,133,124,9,9
13138,65,65,0,0
13139,65,62,3,3
13140,80,76,4,4
13141,53,42,11,11
13142,108,93,15,15
13143,80,58,22,22
13144,126,123,3,3
13145,73,74,-1,1
13146,58,54,4,4
13147,80,75,5,5
13148,62,58,4,4
13149,64,63,1,1
13150,55,52,3,3
13151,81,77,4,4
13152,97,91,6,6
13153,78,68,10,10
13154,101,86,15,15
13155,72,77,-5,5
13156,112,100,12,12
13157,84,80,4,4
13158,68,70,-2,2
13159,102,99,3,3
13160,117,118,-1,1
13161,88,78,10,10
13162,127,106,21,21
13163,64,57,7,7
13164,87,84,3,3
13165,80,76,4,4
13166,101,82,19,19
13167,122,108,14,14
13168,67,59,8,8
13169,131,118,13,13
13170,97,86,11,11
13171,135,110,25,25
13172,88,82,6,6
13173,115,118,-3,3
13174,134,113,21,21
13175,116,109,7,7
13176,79,76,3,3
13177,45,43,2,2
13178,100,93,7,7
13179,85,97,-12,12
13180,63,66,-3,3
13181,89,82,7,7
13182,76,76,0,0
13183,138,115,23,23
13184,123,113,10,10
13185,74,75,-1,1
13186,43,54,-11,11
13187,66,71,-5,5
13188,86,100,-14,14
13189,115,120,-5,5
13190,30,50,-20,20
13191,66,67,-1,1
13192,208,161,47,47
13193,90,81,9,9
13194,71,64,7,7
13195,94,79,15,15
13196,171,150,21,21
13197,55,53,2,2
13198,43,41,2,2
13199,67,68,-1,1
13200,143,116,27,27
13201,98,93,5,5
13202,100,89,11,11
13203,108,95,13,13
13204,91,75,16,16
13205,131,120,11,11
13206,79,66,13,13
13207,153,143,10,10
13208,37,40,-3,3
13209,46,41,5,5
13210,241,207,34,34
13211,89,82,7,7
13212,72,64,8,8
13213,100,88,12,12
13214,83,77,6,6
13215,98,96,2,2
13216,128,114,14,14
13217,162,112,50,50
13218,81,73,8,8
13219,98,90,8,8
13220,70,76,-6,6
13221,182,154,28,28
13222,71,67,4,4
13223,173,161,12,12
13224,54,53,1,1
13225,66,66,0,0
13226,85,74,11,11
13227,93,87,6,6
13228,71,103,-32,32
13229,163,146,17,17
13230,86,78,8,8
13231,74,68,6,6
13232,148,138,10,10
13233,112,101,11,11
13234,90,76,14,14
13235,64,59,5,5
13236,78,90,-12,12
13237,115,110,5,5
13238,105,91,14,14
13239,90,84,6,6
13240,117,103,14,14
13241,103,84,19,19
13242,139,144,-5,5
13243,107,105,2,2
13244,118,121,-3,3
13245,94,79,15,15
13246,56,52,4,4
13247,97,87,10,10
13248,77,68,9,9
13249,117,88,29,29
13250,125,117,8,8
13251,67,68,-1,1
13252,73,68,5,5
13253,152,131,21,21
13254,73,67,6,6
13255,121,111,10,10
13256,166,152,14,14
13257,90,84,6,6
13258,96,96,0,0
13259,149,143,6,6
13260,61,64,-3,3
13261,144,123,21,21
13262,121,112,9,9
13263,131,111,20,20
13264,58,51,7,7
13265,51,53,-2,2
13266,54,63,-9,9
13267,72,70,2,2
13268,99,97,2,2
13269,124,105,19,19
13270,105,98,7,7
13271,100,88,12,12
13272,153,141,12,12
13273,76,78,-2,2
13274,120,103,17,17
13275,94,85,9,9
13276,85,77,8,8
13277,84,85,-1,1
13278,53,65,-12,12
13279,106,102,4,4
13280,108,104,4,4
13281,140,118,22,22
13282,113,104,9,9
13283,57,65,-8,8
13284,108,100,8,8
13285,123,104,19,19
13286,108,95,13,13
13287,83,78,5,5
13288,99,79,20,20
13289,78,72,6,6
13290,96,92,4,4
13291,58,54,4,4
13292,82,76,6,6
13293,148,136,12,12
13294,86,87,-1,1
13295,81,68,13,13
13296,119,109,10,10
13297,97,94,3,3
13298,118,110,8,8
13299,92,81,11,11
13300,102,100,2,2
13301,72,71,1,1
13302,64,59,5,5
13303,86,81,5,5
13304,57,64,-7,7
13305,102,95,7,7
13306,67,59,8,8
13307,88,85,3,3
13308,139,111,28,28
13309,61,63,-2,2
13310,77,73,4,4
13311,158,148,10,10
13312,130,110,20,20
13313,132,124,8,8
13314,187,165,22,22
13315,79,72,7,7
13316,96,96,0,0
13317,76,72,4,4
13318,71,69,2,2
13319,78,76,2,2
13320,209,186,23,23
13321,75,69,6,6
13322,146,121,25,25
13323,100,91,9,9
13324,80,84,-4,4
13325,70,67,3,3
13326,65,65,0,0
13327,95,94,1,1
13328,80,76,4,4
13329,69,67,2,2
13330,132,129,3,3
13331,77,67,10,10
13332,98,87,11,11
13333,94,89,5,5
13334,86,81,5,5
13335,90,75,15,15
13336,75,66,9,9
13337,130,97,33,33
13338,87,88,-1,1
13339,141,119,22,22
13340,161,135,26,26
13341,68,70,-2,2
13342,97,86,11,11
13343,125,108,17,17
13344,36,44,-8,8
13345,115,102,13,13
13346,68,52,16,16
13347,106,93,13,13
13348,96,103,-7,7
13349,82,78,4,4
13350,73,61,12,12
13351,89,75,14,14
13352,75,67,8,8
13353,85,87,-2,2
13354,134,134,0,0
13355,90,79,11,11
13356,83,82,1,1
13357,129,99,30,30
13358,140,131,9,9
13359,60,58,2,2
13360,82,73,9,9
13361,153,133,20,20
13362,80,85,-5,5
13363,119,110,9,9
13364,108,95,13,13
13365,54,56,-2,2
13366,99,96,3,3
13367,130,153,-23,23
13368,100,91,9,9
13369,59,54,5,5
13370,84,87,-3,3
13371,117,109,8,8
13372,60,58,2,2
13373,55,55,0,0
13374,96,91,5,5
13375,73,78,-5,5
13376,64,68,-4,4
13377,75,71,4,4
13378,55,51,4,4
13379,90,80,10,10
13380,142,136,6,6
13381,139,126,13,13
13382,118,101,17,17
13383,120,106,14,14
13384,112,104,8,8
13385,43,45,-2,2
13386,106,101,5,5
13387,187,161,26,26
13388,117,112,5,5
13389,111,103,8,8
13390,188,167,21,21
13391,156,125,31,31
13392,136,129,7,7
13393,88,86,2,2
13394,29,31,-2,2
13395,107,89,18,18
13396,113,89,24,24
13397,93,82,11,11
13398,81,77,4,4
13399,22,31,-9,9
13400,69,68,1,1
13401,168,146,22,22
13402,147,125,22,22
13403,105,105,0,0
13404,145,122,23,23
13405,58,63,-5,5
13406,60,64,-4,4
13407,150,146,4,4
13408,70,64,6,6
13409,69,68,1,1
13410,140,128,12,12
13411,88,76,12,12
13412,120,110,10,10
13413,63,63,0,0
13414,81,80,1,1
13415,66,60,6,6
13416,91,79,12,12
13417,131,127,4,4
13418,126,100,26,26
13419,138,130,8,8
13420,103,98,5,5
13421,103,94,9,9
13422,50,58,-8,8
13423,64,69,-5,5
13424,75,75,0,0
13425,67,62,5,5
13426,97,86,11,11
13427,109,102,7,7
13428,137,122,15,15
13429,71,66,5,5
13430,98,84,14,14
13431,82,92,-10,10
13432,65,65,0,0
13433,117,96,21,21
13434,148,143,5,5
13435,190,164,26,26
13436,84,75,9,9
13437,110,94,16,16
13438,138,124,14,14
13439,74,70,4,4
13440,130,107,23,23
13441,79,73,6,6
13442,92,102,-10,10
13443,137,131,6,6
13444,104,86,18,18
13445,160,125,35,35
13446,90,83,7,7
13447,101,93,8,8
13448,123,114,9,9
13449,73,70,3,3
13450,66,64,2,2
13451,124,114,10,10
13452,173,148,25,25
13453,142,118,24,24
13454,32,41,-9,9
13455,104,94,10,10
13456,65,80,-15,15
13457,60,61,-1,1
13458,71,73,-2,2
13459,56,53,3,3
13460,122,113,9,9
13461,135,137,-2,2
13462,162,148,14,14
13463,96,103,-7,7
13464,126,122,4,4
13465,74,74,0,0
13466,102,101,1,1
13467,80,74,6,6
13468,88,77,11,11
13469,92,76,16,16
13470,107,104,3,3
13471,87,69,18,18
13472,58,59,-1,1
13473,80,68,12,12
13474,79,66,13,13
13475,114,113,1,1
13476,78,82,-4,4
13477,75,78,-3,3
13478,168,159,9,9
13479,114,106,8,8
13480,59,66,-7,7
13481,152,145,7,7
13482,66,63,3,3
13483,98,85,13,13
13484,70,70,0,0
13485,101,85,16,16
13486,130,120,10,10
13487,114,100,14,14
13488,63,63,0,0
13489,181,157,24,24
13490,86,82,4,4
13491,107,111,-4,4
13492,59,59,0,0
13493,74,70,4,4
13494,134,124,10,10
13495,199,155,44,44
13496,58,62,-4,4
13497,99,93,6,6
13498,103,102,1,1
13499,183,149,34,34
13500,96,90,6,6
13501,99,98,1,1
13502,113,97,16,16
13503,88,74,14,14
13504,88,86,2,2
13505,128,113,15,15
13506,82,85,-3,3
13507,80,74,6,6
13508,53,55,-2,2
13509,47,50,-3,3
13510,102,86,16,16
13511,97,89,8,8
13512,68,64,4,4
13513,125,105,20,20
13514,110,110,0,0
13515,77,69,8,8
13516,127,109,18,18
13517,87,83,4,4
13518,107,86,21,21
13519,105,103,2,2
13520,153,117,36,36
13521,61,63,-2,2
13522,33,73,-40,40
13523,146,126,20,20
13524,100,100,0,0
13525,170,144,26,26
13526,134,114,20,20
13527,78,93,-15,15
13528,73,64,9,9
13529,60,56,4,4
13530,64,61,3,3
13531,99,89,10,10
13532,80,83,-3,3
13533,65,62,3,3
13534,67,58,9,9
13535,141,118,23,23
13536,60,66,-6,6
13537,138,133,5,5
13538,154,143,11,11
13539,58,57,1,1
13540,114,114,0,0
13541,132,112,20,20
13542,98,93,5,5
13543,80,81,-1,1
13544,105,99,6,6
13545,84,85,-1,1
13546,78,78,0,0
13547,154,135,19,19
13548,67,69,-2,2
13549,95,102,-7,7
13550,125,109,16,16
13551,128,110,18,18
13552,42,45,-3,3
13553,204,179,25,25
13554,98,91,7,7
13555,112,103,9,9
13556,132,114,18,18
13557,139,121,18,18
13558,93,83,10,10
13559,146,130,16,16
13560,56,57,-1,1
13561,65,60,5,5
13562,124,106,18,18
13563,103,98,5,5
13564,86,74,12,12
13565,60,64,-4,4
13566,98,93,5,5
13567,80,110,-30,30
13568,89,94,-5,5
13569,148,121,27,27
13570,40,45,-5,5
13571,80,82,-2,2
13572,70,76,-6,6
13573,82,68,14,14
13574,133,133,0,0
13575,75,77,-2,2
13576,75,66,9,9
13577,120,96,24,24
13578,50,55,-5,5
13579,111,116,-5,5
13580,86,82,4,4
13581,115,111,4,4
13582,63,54,9,9
13583,93,89,4,4
13584,104,88,16,16
13585,153,140,13,13
13586,51,52,-1,1
13587,128,109,19,19
13588,92,83,9,9
13589,51,57,-6,6
13590,84,79,5,5
13591,104,96,8,8
13592,101,87,14,14
13593,83,84,-1,1
13594,69,72,-3,3
13595,96,87,9,9
13596,83,80,3,3
13597,54,67,-13,13
13598,83,67,16,16
13599,54,48,6,6
13600,61,57,4,4
13601,116,95,21,21
13602,113,96,17,17
13603,76,67,9,9
13604,87,80,7,7
13605,59,55,4,4
13606,141,127,14,14
13607,97,93,4,4
13608,89,77,12,12
13609,131,120,11,11
13610,71,63,8,8
13611,60,53,7,7
13612,39,47,-8,8
13613,68,75,-7,7
13614,61,61,0,0
13615,107,95,12,12
13616,95,88,7,7
13617,94,104,-10,10
13618,82,79,3,3
13619,110,105,5,5
13620,113,106,7,7
13621,107,93,14,14
13622,161,133,28,28
13623,180,145,35,35
13624,101,95,6,6
13625,88,80,8,8
13626,87,82,5,5
13627,115,107,8,8
13628,121,108,13,13
13629,139,126,13,13
13630,123,112,11,11
13631,63,60,3,3
13632,122,102,20,20
13633,68,68,0,0
13634,110,92,18,18
13635,57,78,-21,21
13636,82,73,9,9
13637,95,89,6,6
13638,134,125,9,9
13639,98,81,17,17
13640,128,107,21,21
13641,95,89,6,6
13642,104,117,-13,13
13643,175,149,26,26
13644,109,92,17,17
13645,164,137,27,27
13646,118,107,11,11
13647,70,70,0,0
13648,54,64,-10,10
13649,145,133,12,12
13650,68,65,3,3
13651,82,77,5,5
13652,61,58,3,3
13653,92,85,7,7
13654,89,81,8,8
13655,96,86,10,10
13656,122,106,16,16
13657,79,76,3,3
13658,75,73,2,2
13659,108,99,9,9
13660,43,48,-5,5
13661,67,66,1,1
13662,75,77,-2,2
13663,67,65,2,2
13664,88,87,1,1
13665,55,55,0,0
13666,96,101,-5,5
13667,60,58,2,2
13668,125,106,19,19
13669,56,64,-8,8
13670,111,102,9,9
13671,105,110,-5,5
13672,77,92,-15,15
13673,89,87,2,2
13674,79,78,1,1
13675,107,104,3,3
13676,124,106,18,18
13677,119,108,11,11
13678,57,77,-20,20
13679,127,115,12,12
13680,64,70,-6,6
13681,96,93,3,3
13682,89,76,13,13
13683,71,73,-2,2
13684,76,72,4,4
13685,110,103,7,7
13686,120,120,0,0
13687,98,84,14,14
13688,84,84,0,0
13689,233,204,29,29
13690,75,66,9,9
13691,107,85,22,22
13692,76,74,2,2
13693,84,82,2,2
13694,86,80,6,6
13695,103,88,15,15
13696,106,89,17,17
13697,150,120,30,30
13698,73,70,3,3
13699,130,131,-1,1
13700,132,111,21,21
13701,139,125,14,14
13702,115,105,10,10
13703,155,138,17,17
13704,75,77,-2,2
13705,70,70,0,0
13706,127,108,19,19
13707,65,60,5,5
13708,100,100,0,0
13709,170,149,21,21
13710,135,124,11,11
13711,75,71,4,4
13712,164,157,7,7
13713,125,105,20,20
13714,104,105,-1,1
13715,53,51,2,2
13716,146,132,14,14
13717,102,81,21,21
13718,70,70,0,0
13719,54,56,-2,2
13720,108,99,9,9
13721,97,92,5,5
13722,104,94,10,10
13723,140,128,12,12
13724,94,90,4,4
13725,62,73,-11,11
13726,105,89,16,16
13727,48,48,0,0
13728,63,64,-1,1
13729,64,53,11,11
13730,51,51,0,0
13731,63,56,7,7
13732,121,110,11,11
13733,120,107,13,13
13734,86,82,4,4
13735,91,86,5,5
13736,55,59,-4,4
13737,98,91,7,7
13738,69,58,11,11
13739,45,42,3,3
13740,126,126,0,0
13741,169,153,16,16
13742,95,82,13,13
13743,106,102,4,4
13744,91,80,11,11
13745,126,109,17,17
13746,67,67,0,0
13747,55,55,0,0
13748,74,76,-2,2
13749,87,71,16,16
13750,87,81,6,6
13751,83,69,14,14
13752,114,117,-3,3
13753,125,118,7,7
13754,120,106,14,14
13755,86,76,10,10
13756,66,69,-3,3
13757,106,98,8,8
13758,62,54,8,8
13759,87,100,-13,13
13760,68,60,8,8
13761,77,74,3,3
13762,106,95,11,11
13763,101,92,9,9
13764,93,79,14,14
13765,63,73,-10,10
13766,53,58,-5,5
13767,116,109,7,7
13768,116,109,7,7
13769,92,104,-12,12
13770,80,80,0,0
13771,93,87,6,6
13772,129,115,14,14
13773,97,91,6,6
13774,51,54,-3,3
13775,98,85,13,13
13776,80,101,-21,21
13777,74,72,2,2
13778,157,134,23,23
13779,163,155,8,8
13780,62,62,0,0
13781,107,98,9,9
13782,107,87,20,20
13783,107,98,9,9
13784,83,76,7,7
13785,117,97,20,20
13786,94,94,0,0
13787,65,64,1,1
13788,61,65,-4,4
13789,79,80,-1,1
13790,137,127,10,10
13791,141,122,19,19
13792,95,90,5,5
13793,101,95,6,6
13794,95,90,5,5
13795,142,118,24,24
13796,107,87,20,20
13797,80,73,7,7
13798,91,89,2,2
13799,71,66,5,5
13800,81,76,5,5
13801,96,85,11,11
13802,151,129,22,22
13803,75,80,-5,5
13804,69,68,1,1
13805,70,67,3,3
13806,66,67,-1,1
13807,100,94,6,6
13808,107,95,12,12
13809,116,104,12,12
13810,59,62,-3,3
13811,90,87,3,3
13812,60,54,6,6
13813,55,52,3,3
13814,66,69,-3,3
13815,90,87,3,3
13816,80,81,-1,1
13817,151,81,70,70
13818,91,81,10,10
13819,59,61,-2,2
13820,73,70,3,3
13821,51,57,-6,6
13822,95,89,6,6
13823,92,86,6,6
13824,61,60,1,1
13825,80,74,6,6
13826,107,112,-5,5
13827,79,75,4,4
13828,167,139,28,28
13829,58,61,-3,3
13830,104,95,9,9
13831,106,109,-3,3
13832,61,55,6,6
13833,111,109,2,2
13834,97,103,-6,6
13835,101,92,9,9
13836,67,69,-2,2
13837,56,60,-4,4
13838,57,56,1,1
13839,82,64,18,18
13840,95,90,5,5
13841,69,70,-1,1
13842,58,56,2,2
13843,105,94,11,11
13844,163,134,29,29
13845,61,63,-2,2
13846,90,72,18,18
13847,220,190,30,30
13848,96,79,17,17
13849,44,50,-6,6
13850,59,59,0,0
13851,60,60,0,0
13852,64,64,0,0
13853,94,88,6,6
13854,151,128,23,23
13855,75,71,4,4
13856,75,73,2,2
13857,79,69,10,10
13858,70,73,-3,3
13859,107,101,6,6
13860,145,128,17,17
13861,70,65,5,5
13862,75,67,8,8
13863,141,124,17,17
13864,66,66,0,0
13865,79,68,11,11
13866,111,94,17,17
13867,112,96,16,16
13868,125,125,0,0
13869,121,119,2,2
13870,108,97,11,11
13871,74,78,-4,4
13872,106,106,0,0
13873,118,113,5,5
13874,162,137,25,25
13875,142,99,43,43
13876,65,64,1,1
13877,59,57,2,2
13878,91,78,13,13
13879,75,68,7,7
13880,125,111,14,14
13881,146,126,20,20
13882,84,76,8,8
13883,95,88,7,7
13884,88,77,11,11
13885,95,85,10,10
13886,54,60,-6,6
13887,68,58,10,10
13888,250,228,22,22
13889,64,59,5,5
13890,89,79,10,10
13891,63,62,1,1
13892,47,63,-16,16
13893,113,106,7,7
13894,118,101,17,17
13895,77,72,5,5
13896,175,144,31,31
13897,87,80,7,7
13898,85,81,4,4
13899,107,91,16,16
13900,77,63,14,14
13901,112,112,0,0
13902,67,67,0,0
13903,124,125,-1,1
13904,69,66,3,3
13905,170,154,16,16
13906,91,76,15,15
13907,69,69,0,0
13908,69,57,12,12
13909,102,95,7,7
13910,87,93,-6,6
13911,61,62,-1,1
13912,140,110,30,30
13913,56,55,1,1
13914,50,50,0,0
13915,71,62,9,9
13916,46,51,-5,5
13917,102,96,6,6
13918,72,64,8,8
13919,102,98,4,4
13920,98,89,9,9
13921,114,108,6,6
13922,83,82,1,1
13923,75,73,2,2
13924,92,80,12,12
13925,107,101,6,6
13926,166,142,24,24
13927,72,72,0,0
13928,43,54,-11,11
13929,98,83,15,15
13930,141,124,17,17
13931,112,92,20,20
13932,149,132,17,17
13933,17,31,-14,14
13934,63,70,-7,7
13935,127,113,14,14
13936,128,114,14,14
13937,64,64,0,0
13938,59,60,-1,1
13939,45,55,-10,10
13940,104,95,9,9
13941,82,75,7,7
13942,52,44,8,8
13943,96,82,14,14
13944,108,98,10,10
13945,122,113,9,9
13946,105,96,9,9
13947,72,72,0,0
13948,75,66,9,9
13949,111,103,8,8
13950,86,76,10,10
13951,121,111,10,10
13952,86,78,8,8
13953,66,63,3,3
13954,93,87,6,6
13955,128,126,2,2
13956,142,121,21,21
13957,87,72,15,15
13958,84,79,5,5
13959,103,99,4,4
13960,113,96,17,17
13961,136,126,10,10
13962,74,67,7,7
13963,108,114,-6,6
13964,89,88,1,1
13965,84,79,5,5
13966,98,90,8,8
13967,51,56,-5,5
13968,53,50,3,3
13969,88,84,4,4
13970,96,83,13,13
13971,105,106,-1,1
13972,95,84,11,11
13973,119,89,30,30
13974,79,71,8,8
13975,110,86,24,24
13976,68,63,5,5
13977,98,91,7,7
13978,162,149,13,13
13979,124,114,10,10
13980,54,51,3,3
13981,89,91,-2,2
13982,55,53,2,2
13983,147,119,28,28
13984,118,101,17,17
13985,28,41,-13,13
13986,115,105,10,10
13987,87,82,5,5
13988,129,113,16,16
13989,100,89,11,11
13990,119,109,10,10
13991,95,89,6,6
13992,130,119,11,11
13993,57,51,6,6
13994,103,85,18,18
13995,100,90,10,10
13996,95,86,9,9
13997,61,58,3,3
13998,59,61,-2,2
13999,126,108,18,18
14000,162,156,6,6
14001,98,94,4,4
14002,134,105,29,29
14003,118,106,12,12
14004,57,58,-1,1
14005,84,86,-2,2
14006,84,74,10,10
14007,120,121,-1,1
14008,163,149,14,14
14009,64,66,-2,2
14010,83,71,12,12
14011,69,77,-8,8
14012,135,91,44,44
14013,86,76,10,10
14014,60,51,9,9
14015,77,77,0,0
14016,92,86,6,6
14017,85,75,10,10
14018,161,142,19,19
14019,126,103,23,23
14020,63,60,3,3
14021,93,95,-2,2
14022,73,70,3,3
14023,107,100,7,7
14024,74,74,0,0
14025,73,67,6,6
14026,108,89,19,19
14027,182,160,22,22
14028,134,113,21,21
14029,67,66,1,1
14030,91,82,9,9
14031,131,144,-13,13
14032,146,129,17,17
14033,80,74,6,6
14034,139,122,17,17
14035,188,171,17,17
14036,150,130,20,20
14037,74,72,2,2
14038,115,110,5,5
14039,87,78,9,9
14040,83,65,18,18
14041,71,66,5,5
14042,95,90,5,5
14043,110,96,14,14
14044,91,85,6,6
14045,108,99,9,9
14046,51,51,0,0
14047,71,71,0,0
14048,50,54,-4,4
14049,66,68,-2,2
14050,56,66,-10,10
14051,108,102,6,6
14052,114,100,14,14
14053,86,72,14,14
14054,88,81,7,7
14055,66,56,10,10
14056,111,103,8,8
14057,53,55,-2,2
14058,94,86,8,8
14059,74,71,3,3
14060,129,123,6,6
14061,75,75,0,0
14062,198,166,32,32
14063,76,68,8,8
14064,94,89,5,5
14065,70,65,5,5
14066,172,138,34,34
14067,61,59,2,2
14068,80,76,4,4
14069,102,88,14,14
14070,114,106,8,8
14071,70,69,1,1
14072,75,79,-4,4
14073,112,100,12,12
14074,44,50,-6,6
14075,145,154,-9,9
14076,68,86,-18,18
14077,148,131,17,17
14078,56,56,0,0
14079,81,77,4,4
14080,73,72,1,1
14081,122,115,7,7
14082,75,77,-2,2
14083,121,119,2,2
14084,139,130,9,9
14085,63,60,3,3
14086,125,118,7,7
14087,85,77,8,8
14088,112,111,1,1
14089,114,101,13,13
14090,134,116,18,18
14091,98,102,-4,4
14092,75,80,-5,5
14093,135,112,23,23
14094,96,91,5,5
14095,102,92,10,10
14096,150,140,10,10
14097,186,154,32,32
14098,63,57,6,6
14099,116,99,17,17
14100,83,66,17,17
14101,110,88,22,22
14102,104,95,9,9
14103,71,66,5,5
14104,111,111,0,0
14105,106,105,1,1
14106,147,138,9,9
14107,67,66,1,1
14108,212,182,30,30
14109,83,82,1,1
14110,174,138,36,36
14111,113,118,-5,5
14112,68,75,-7,7
14113,159,152,7,7
14114,52,57,-5,5
14115,123,114,9,9
14116,112,105,7,7
14117,69,75,-6,6
14118,61,62,-1,1
14119,63,63,0,0
14120,70,68,2,2
14121,65,69,-4,4
14122,145,138,7,7
14123,121,114,7,7
14124,60,52,8,8
14125,187,157,30,30
14126,24,31,-7,7
14127,136,126,10,10
14128,65,72,-7,7
14129,67,63,4,4
14130,189,168,21,21
14131,83,97,-14,14
14132,76,74,2,2
14133,91,86,5,5
14134,74,82,-8,8
14135,55,61,-6,6
14136,107,93,14,14
14137,160,135,25,25
14138,149,127,22,22
14139,96,82,14,14
14140,88,82,6,6
14141,118,106,12,12
14142,91,85,6,6
14143,92,85,7,7
14144,74,71,3,3
14145,118,115,3,3
14146,81,93,-12,12
14147,95,87,8,8
14148,68,69,-1,1
14149,132,109,23,23
14150,49,47,2,2
14151,115,108,7,7
14152,148,134,14,14
14153,109,116,-7,7
14154,104,88,16,16
14155,159,147,12,12
14156,83,70,13,13
14157,47,44,3,3
14158,92,84,8,8
14159,101,98,3,3
14160,57,54,3,3
14161,40,49,-9,9
14162,153,131,22,22
14163,163,130,33,33
14164,66,64,2,2
14165,90,81,9,9
14166,55,51,4,4
14167,52,61,-9,9
14168,96,89,7,7
14169,115,107,8,8
14170,47,51,-4,4
14171,77,85,-8,8
14172,76,76,0,0
14173,115,109,6,6
14174,93,90,3,3
14175,120,86,34,34
14176,83,86,-3,3
14177,119,107,12,12
14178,40,51,-11,11
14179,47,51,-4,4
14180,55,52,3,3
14181,96,89,7,7
14182,88,87,1,1
14183,74,82,-8,8
14184,80,81,-1,1
14185,68,63,5,5
14186,144,128,16,16
14187,101,90,11,11
14188,116,108,8,8
14189,63,62,1,1
14190,51,50,1,1
14191,123,111,12,12
14192,145,129,16,16
14193,107,90,17,17
14194,109,101,8,8
14195,115,110,5,5
14196,59,55,4,4
14197,63,68,-5,5
14198,190,171,19,19
14199,69,63,6,6
14200,77,73,4,4
14201,78,82,-4,4
14202,85,89,-4,4
14203,112,87,25,25
14204,82,79,3,3
14205,150,135,15,15
14206,72,72,0,0
14207,105,101,4,4
14208,80,75,5,5
14209,39,43,-4,4
14210,102,104,-2,2
14211,68,71,-3,3
14212,95,85,10,10
14213,24,31,-7,7
14214,50,51,-1,1
14215,66,55,11,11
14216,69,72,-3,3
14217,120,104,16,16
14218,140,111,29,29
14219,69,70,-1,1
14220,187,140,47,47
14221,107,97,10,10
14222,67,63,4,4
14223,126,119,7,7
14224,112,111,1,1
14225,93,95,-2,2
14226,89,86,3,3
14227,93,93,0,0
14228,48,49,-1,1
14229,153,136,17,17
14230,67,62,5,5
14231,48,52,-4,4
14232,58,63,-5,5
14233,179,152,27,27
14234,91,86,5,5
14235,123,115,8,8
14236,70,71,-1,1
14237,32,41,-9,9
14238,96,79,17,17
14239,53,58,-5,5
14240,99,94,5,5
14241,133,111,22,22
14242,77,82,-5,5
14243,47,54,-7,7
14244,55,52,3,3
14245,85,73,12,12
14246,135,120,15,15
14247,103,90,13,13
14248,62,70,-8,8
14249,73,71,2,2
14250,117,120,-3,3
14251,112,100,12,12
14252,34,32,2,2
14253,46,51,-5,5
14254,68,64,4,4
14255,42,38,4,4
14256,88,97,-9,9
14257,88,82,6,6
14258,78,75,3,3
14259,74,77,-3,3
14260,145,126,19,19
14261,144,131,13,13
14262,146,137,9,9
14263,50,52,-2,2
14264,134,109,25,25
14265,81,73,8,8
14266,81,71,10,10
14267,64,64,0,0
14268,134,119,15,15
14269,177,160,17,17
14270,115,97,18,18
14271,105,100,5,5
14272,142,122,20,20
14273,104,97,7,7
14274,74,77,-3,3
14275,177,149,28,28
14276,47,50,-3,3
14277,127,120,7,7
14278,186,156,30,30
14279,81,87,-6,6
14280,78,72,6,6
14281,155,131,24,24
14282,170,123,47,47
14283,97,88,9,9
14284,94,84,10,10
14285,77,76,1,1
14286,83,74,9,9
14287,109,101,8,8
14288,92,89,3,3
14289,93,87,6,6
14290,63,82,-19,19
14291,85,80,5,5
14292,92,91,1,1
14293,68,54,14,14
14294,111,110,1,1
14295,181,158,23,23
14296,57,52,5,5
14297,93,93,0,0
14298,68,73,-5,5
14299,95,92,3,3
14300,123,101,22,22
14301,58,60,-2,2
14302,159,131,28,28
14303,97,80,17,17
14304,82,77,5,5
14305,70,64,6,6
14306,87,70,17,17
14307,63,63,0,0
14308,138,124,14,14
14309,124,114,10,10
14310,90,82,8,8
14311,72,69,3,3
14312,82,84,-2,2
14313,102,112,-10,10
14314,149,122,27,27
14315,127,110,17,17
14316,127,98,29,29
14317,80,77,3,3
14318,79,65,14,14
14319,126,121,5,5
14320,160,141,19,19
14321,88,83,5,5
14322,57,44,13,13
14323,117,109,8,8
14324,88,78,10,10
14325,117,109,8,8
14326,108,98,10,10
14327,122,122,0,0
14328,126,107,19,19
14329,137,125,12,12
14330,119,96,23,23
14331,94,89,5,5
14332,89,68,21,21
14333,65,59,6,6
14334,80,74,6,6
14335,73,73,0,0
14336,137,113,24,24
14337,112,104,8,8
14338,93,87,6,6
14339,121,96,25,25
14340,94,92,2,2
14341,74,74,0,0
14342,126,112,14,14
14343,102,85,17,17
14344,61,58,3,3
14345,107,103,4,4
14346,187,159,28,28
14347,129,113,16,16
14348,96,94,2,2
14349,85,73,12,12
14350,89,86,3,3
14351,65,56,9,9
14352,67,68,-1,1
14353,95,83,12,12
14354,90,78,12,12
14355,70,79,-9,9
14356,51,57,-6,6
14357,67,70,-3,3
14358,105,86,19,19
14359,72,83,-11,11
14360,73,65,8,8
14361,90,85,5,5
14362,60,53,7,7
14363,125,112,13,13
14364,128,109,19,19
14365,114,102,12,12
14366,80,59,21,21
14367,130,107,23,23
14368,170,171,-1,1
14369,163,146,17,17
14370,121,100,21,21
14371,65,64,1,1
14372,110,100,10,10
14373,86,81,5,5
14374,136,125,11,11
14375,95,89,6,6
14376,82,75,7,7
14377,117,103,14,14
14378,122,114,8,8
14379,61,57,4,4
14380,49,51,-2,2
14381,188,155,33,33
14382,61,63,-2,2
14383,164,150,14,14
14384,64,66,-2,2
14385,100,89,11,11
14386,75,71,4,4
14387,90,80,10,10
14388,83,72,11,11
14389,74,77,-3,3
14390,88,82,6,6
14391,110,91,19,19
14392,104,93,11,11
14393,61,67,-6,6
14394,80,82,-2,2
14395,121,104,17,17
14396,72,71,1,1
14397,80,75,5,5
14398,38,37,1,1
14399,136,109,27,27
14400,85,83,2,2
14401,86,82,4,4
14402,129,113,16,16
14403,58,58,0,0
14404,73,75,-2,2
14405,135,125,10,10
14406,106,108,-2,2
14407,53,52,1,1
14408,54,58,-4,4
14409,62,73,-11,11
14410,91,89,2,2
14411,61,59,2,2
14412,56,62,-6,6
14413,53,52,1,1
14414,67,63,4,4
14415,81,81,0,0
14416,77,79,-2,2
14417,92,87,5,5
14418,181,155,26,26
14419,68,69,-1,1
14420,73,72,1,1
14421,102,90,12,12
14422,85,81,4,4
14423,78,74,4,4
14424,85,75,10,10
14425,86,89,-3,3
14426,61,67,-6,6
14427,60,60,0,0
14428,70,75,-5,5
14429,63,64,-1,1
14430,141,138,3,3
14431,82,75,7,7
14432,125,107,18,18
14433,25,31,-6,6
14434,124,109,15,15
14435,42,43,-1,1
14436,123,119,4,4
14437,50,55,-5,5
14438,94,94,0,0
14439,175,152,23,23
14440,119,113,6,6
14441,97,93,4,4
14442,112,101,11,11
14443,105,97,8,8
14444,85,79,6,6
14445,117,113,4,4
14446,140,125,15,15
14447,117,99,18,18
14448,45,43,2,2
14449,73,73,0,0
14450,71,78,-7,7
14451,41,42,-1,1
14452,134,116,18,18
14453,102,96,6,6
14454,69,69,0,0
14455,98,94,4,4
14456,113,97,16,16
14457,90,88,2,2
14458,67,66,1,1
14459,83,83,0,0
14460,64,64,0,0
14461,192,153,39,39
14462,93,77,16,16
14463,111,102,9,9
14464,122,116,6,6
14465,89,93,-4,4
14466,77,91,-14,14
14467,66,63,3,3
14468,57,56,1,1
14469,84,82,2,2
14470,90,87,3,3
14471,103,95,8,8
14472,144,130,14,14
14473,120,102,18,18
14474,105,95,10,10
14475,121,111,10,10
14476,51,93,-42,42
14477,91,78,13,13
14478,73,77,-4,4
14479,60,60,0,0
14480,50,50,0,0
14481,94,97,-3,3
14482,107,91,16,16
14483,62,55,7,7
14484,77,74,3,3
14485,109,97,12,12
14486,113,99,14,14
14487,95,90,5,5
14488,153,149,4,4
14489,146,122,24,24
14490,75,73,2,2
14491,97,93,4,4
14492,96,92,4,4
14493,112,119,-7,7
14494,93,96,-3,3
14495,88,85,3,3
14496,143,119,24,24
14497,131,122,9,9
14498,92,87,5,5
14499,77,69,8,8
14500,94,85,9,9
14501,60,66,-6,6
14502,70,67,3,3
14503,73,70,3,3
14504,115,102,13,13
14505,111,105,6,6
14506,41,42,-1,1
14507,49,50,-1,1
14508,141,125,16,16
14509,85,74,11,11
14510,89,82,7,7
14511,84,70,14,14
14512,102,93,9,9
14513,100,96,4,4
14514,72,68,4,4
14515,99,87,12,12
14516,68,62,6,6
14517,63,57,6,6
14518,156,151,5,5
14519,113,98,15,15
14520,109,93,16,16
14521,141,127,14,14
14522,173,153,20,20
14523,95,94,1,1
14524,89,90,-1,1
14525,103,92,11,11
14526,71,68,3,3
14527,81,74,7,7
14528,93,87,6,6
14529,138,135,3,3
14530,94,76,18,18
14531,168,140,28,28
14532,56,58,-2,2
14533,70,62,8,8
14534,143,111,32,32
14535,115,107,8,8
14536,78,71,7,7
14537,71,60,11,11
14538,61,57,4,4
14539,174,153,21,21
14540,136,126,10,10
14541,137,132,5,5
14542,64,57,7,7
14543,98,88,10,10
14544,61,63,-2,2
14545,79,73,6,6
14546,58,58,0,0
14547,88,83,5,5
14548,83,78,5,5
14549,58,61,-3,3
14550,113,95,18,18
14551,65,58,7,7
14552,98,91,7,7
14553,98,85,13,13
14554,119,98,21,21
14555,81,80,1,1
14556,107,99,8,8
14557,69,62,7,7
14558,102,97,5,5
14559,64,64,0,0
14560,92,94,-2,2
14561,91,75,16,16
14562,76,65,11,11
14563,120,107,13,13
14564,131,117,14,14
14565,73,62,11,11
14566,113,88,25,25
14567,46,57,-11,11
14568,31,31,0,0
14569,86,85,1,1
14570,124,121,3,3
14571,69,64,5,5
14572,103,92,11,11
14573,78,81,-3,3
14574,85,74,11,11
14575,43,41,2,2
14576,102,96,6,6
14577,64,68,-4,4
14578,112,112,0,0
14579,104,94,10,10
14580,116,109,7,7
14581,72,69,3,3
14582,86,89,-3,3
14583,45,49,-4,4
14584,90,89,1,1
14585,204,174,30,30
14586,38,42,-4,4
14587,95,75,20,20
14588,102,102,0,0
14589,193,171,22,22
14590,130,109,21,21
14591,47,49,-2,2
14592,132,123,9,9
14593,176,139,37,37
14594,67,66,1,1
14595,100,97,3,3
14596,73,62,11,11
14597,44,51,-7,7
14598,65,65,0,0
14599,34,39,-5,5
14600,56,60,-4,4
14601,87,82,5,5
14602,87,99,-12,12
14603,44,52,-8,8
14604,115,98,17,17
14605,82,76,6,6
14606,134,128,6,6
14607,161,143,18,18
14608,61,55,6,6
14609,150,133,17,17
14610,106,94,12,12
14611,68,65,3,3
14612,106,91,15,15
14613,96,88,8,8
14614,142,137,5,5
14615,74,65,9,9
14616,47,51,-4,4
14617,130,122,8,8
14618,121,115,6,6
14619,104,97,7,7
14620,79,74,5,5
14621,85,74,11,11
14622,92,84,8,8
14623,52,90,-38,38
14624,144,146,-2,2
14625,92,78,14,14
14626,58,51,7,7
14627,116,115,1,1
14628,71,73,-2,2
14629,65,56,9,9
14630,86,73,13,13
14631,51,56,-5,5
14632,51,54,-3,3
14633,169,150,19,19
14634,117,114,3,3
14635,94,87,7,7
14636,77,72,5,5
14637,61,61,0,0
14638,64,59,5,5
14639,38,46,-8,8
14640,54,51,3,3
14641,70,69,1,1
14642,77,77,0,0
14643,127,108,19,19
14644,58,58,0,0
14645,84,79,5,5
14646,89,89,0,0
14647,52,51,1,1
14648,73,71,2,2
14649,64,70,-6,6
14650,53,61,-8,8
14651,112,98,14,14
14652,92,88,4,4
14653,90,76,14,14
14654,72,70,2,2
14655,99,96,3,3
14656,84,72,12,12
14657,90,86,4,4
14658,135,127,8,8
14659,91,81,10,10
14660,81,84,-3,3
14661,119,106,13,13
14662,70,69,1,1
14663,62,62,0,0
14664,80,78,2,2
14665,69,63,6,6
14666,107,110,-3,3
14667,145,124,21,21
14668,137,119,18,18
14669,94,90,4,4
14670,158,130,28,28
14671,174,161,13,13
14672,100,97,3,3
14673,141,123,18,18
14674,131,115,16,16
14675,168,148,20,20
14676,98,89,9,9
14677,116,115,1,1
14678,101,90,11,11
14679,89,97,-8,8
14680,119,107,12,12
14681,139,129,10,10
14682,25,31,-6,6
14683,106,99,7,7
14684,161,147,14,14
14685,123,110,13,13
14686,87,81,6,6
14687,58,60,-2,2
14688,62,64,-2,2
14689,89,82,7,7
14690,81,75,6,6
14691,70,61,9,9
14692,78,73,5,5
14693,163,146,17,17
14694,46,69,-23,23
14695,57,56,1,1
14696,108,95,13,13
14697,148,106,42,42
14698,74,72,2,2
14699,54,57,-3,3
14700,64,71,-7,7
14701,162,131,31,31
14702,124,106,18,18
14703,75,74,1,1
14704,76,71,5,5
14705,81,84,-3,3
14706,56,59,-3,3
14707,90,79,11,11
14708,70,73,-3,3
14709,66,77,-11,11
14710,75,73,2,2
14711,95,105,-10,10
14712,123,113,10,10
14713,125,114,11,11
14714,44,49,-5,5
14715,141,128,13,13
14716,53,54,-1,1
14717,97,90,7,7
14718,100,90,10,10
14719,78,91,-13,13
14720,199,169,30,30
14721,124,108,16,16
14722,56,68,-12,12
14723,62,55,7,7
14724,109,96,13,13
14725,149,122,27,27
14726,101,96,5,5
14727,129,111,18,18
14728,138,111,27,27
14729,118,113,5,5
14730,151,134,17,17
14731,58,52,6,6
14732,148,136,12,12
14733,89,86,3,3
14734,93,90,3,3
14735,111,94,17,17
14736,131,119,12,12
14737,106,102,4,4
14738,123,111,12,12
14739,119,130,-11,11
14740,106,101,5,5
14741,121,107,14,14
14742,74,62,12,12
14743,94,93,1,1
14744,83,71,12,12
14745,159,137,22,22
14746,126,109,17,17
14747,71,67,4,4
14748,52,51,1,1
14749,139,135,4,4
14750,98,87,11,11
14751,94,84,10,10
14752,58,52,6,6
14753,126,118,8,8
14754,65,62,3,3
14755,98,81,17,17
14756,170,150,20,20
14757,71,73,-2,2
14758,63,68,-5,5
14759,74,74,0,0
14760,119,104,15,15
14761,73,81,-8,8
14762,88,81,7,7
14763,96,91,5,5
14764,125,117,8,8
14765,119,110,9,9
14766,88,81,7,7
14767,98,87,11,11
14768,103,107,-4,4
14769,95,84,11,11
14770,80,77,3,3
14771,88,81,7,7
14772,50,50,0,0
14773,81,72,9,9
14774,72,63,9,9
14775,56,49,7,7
14776,54,56,-2,2
14777,70,74,-4,4
14778,92,80,12,12
14779,79,75,4,4
14780,64,64,0,0
14781,121,111,10,10
14782,55,55,0,0
14783,110,101,9,9
14784,142,125,17,17
14785,160,141,19,19
14786,61,57,4,4
14787,59,57,2,2
14788,102,102,0,0
14789,95,85,10,10
14790,62,65,-3,3
14791,142,129,13,13
14792,91,76,15,15
14793,114,101,13,13
14794,54,51,3,3
14795,93,93,0,0
14796,96,86,10,10
14797,75,67,8,8
14798,95,86,9,9
14799,59,59,0,0
14800,87,71,16,16
14801,121,99,22,22
14802,85,85,0,0
14803,74,72,2,2
14804,94,88,6,6
14805,117,110,7,7
14806,136,125,11,11
14807,51,49,2,2
14808,143,126,17,17
14809,110,101,9,9
14810,112,98,14,14
14811,59,55,4,4
14812,69,59,10,10
14813,92,85,7,7
14814,92,92,0,0
14815,125,107,18,18
14816,93,81,12,12
14817,94,81,13,13
14818,183,154,29,29
14819,158,149,9,9
14820,126,114,12,12
14821,201,166,35,35
14822,96,80,16,16
14823,69,80,-11,11
14824,112,117,-5,5
14825,60,63,-3,3
14826,81,72,9,9
14827,229,202,27,27
14828,81,72,9,9
14829,49,54,-5,5
14830,98,85,13,13
14831,104,94,10,10
14832,117,101,16,16
14833,91,87,4,4
14834,96,82,14,14
14835,82,74,8,8
14836,193,150,43,43
14837,75,76,-1,1
14838,101,92,9,9
14839,128,107,21,21
14840,103,95,8,8
14841,84,76,8,8
14842,162,139,23,23
14843,117,108,9,9
14844,104,113,-9,9
14845,85,79,6,6
14846,90,84,6,6
14847,67,65,2,2
14848,91,75,16,16
14849,152,135,17,17
14850,60,54,6,6
14851,107,98,9,9
14852,114,122,-8,8
14853,95,89,6,6
14854,85,83,2,2
14855,72,97,-25,25
14856,66,80,-14,14
14857,81,80,1,1
14858,112,100,12,12
14859,39,42,-3,3
14860,125,126,-1,1
14861,67,64,3,3
14862,103,89,14,14
14863,44,52,-8,8
14864,52,51,1,1
14865,58,58,0,0
14866,105,103,2,2
14867,55,65,-10,10
14868,107,116,-9,9
14869,102,104,-2,2
14870,61,72,-11,11
14871,129,119,10,10
14872,72,67,5,5
14873,144,130,14,14
14874,67,68,-1,1
14875,131,117,14,14
14876,59,61,-2,2
14877,142,125,17,17
14878,80,77,3,3
14879,95,84,11,11
14880,62,66,-4,4
14881,99,96,3,3
14882,69,74,-5,5
14883,36,41,-5,5
14884,53,51,2,2
14885,174,142,32,32
14886,120,109,11,11
14887,60,66,-6,6
14888,44,40,4,4
14889,104,100,4,4
14890,70,64,6,6
14891,80,73,7,7
14892,72,64,8,8
14893,114,114,0,0
14894,110,101,9,9
14895,69,63,6,6
14896,108,97,11,11
14897,136,122,14,14
14898,62,62,0,0
14899,170,158,12,12
14900,109,93,16,16
14901,85,80,5,5
14902,93,79,14,14
14903,117,106,11,11
14904,102,79,23,23
14905,123,107,16,16
14906,91,98,-7,7
14907,65,63,2,2
14908,52,52,0,0
14909,139,114,25,25
14910,88,85,3,3
14911,67,77,-10,10
14912,143,130,13,13
14913,153,144,9,9
14914,65,63,2,2
14915,84,81,3,3
14916,101,103,-2,2
14917,90,107,-17,17
14918,75,70,5,5
14919,95,87,8,8
14920,197,159,38,38
14921,60,58,2,2
14922,152,137,15,15
14923,69,63,6,6
14924,79,77,2,2
14925,63,66,-3,3
14926,114,104,10,10
14927,94,82,12,12
14928,107,94,13,13
14929,94,88,6,6
14930,68,63,5,5
14931,95,88,7,7
14932,123,107,16,16
14933,81,74,7,7
14934,141,115,26,26
14935,78,74,4,4
14936,100,99,1,1
14937,120,108,12,12
14938,36,42,-6,6
14939,81,81,0,0
14940,118,93,25,25
14941,122,112,10,10
14942,80,72,8,8
14943,130,111,19,19
14944,44,43,1,1
14945,170,156,14,14
14946,74,85,-11,11
14947,66,69,-3,3
14948,192,163,29,29
14949,84,80,4,4
14950,116,127,-11,11
14951,81,75,6,6
14952,43,43,0,0
14953,69,68,1,1
14954,63,58,5,5
14955,94,86,8,8
14956,84,76,8,8
14957,56,53,3,3
14958,106,105,1,1
14959,152,118,34,34
14960,92,85,7,7
14961,68,66,2,2
14962,87,85,2,2
14963,88,93,-5,5
14964,78,76,2,2
14965,64,71,-7,7
14966,147,131,16,16
14967,57,53,4,4
14968,81,80,1,1
14969,59,61,-2,2
14970,70,65,5,5
14971,87,87,0,0
14972,90,76,14,14
14973,87,71,16,16
14974,49,53,-4,4
14975,160,129,31,31
14976,131,108,23,23
14977,83,79,4,4
14978,44,49,-5,5
14979,44,51,-7,7
14980,52,54,-2,2
14981,102,101,1,1
14982,69,68,1,1
14983,99,91,8,8
14984,81,85,-4,4
14985,91,92,-1,1
14986,87,79,8,8
14987,57,52,5,5
14988,82,82,0,0
14989,56,55,1,1
14990,76,73,3,3
14991,79,77,2,2
14992,78,70,8,8
14993,121,100,21,21
14994,119,92,27,27
14995,68,71,-3,3
14996,146,129,17,17
14997,106,84,22,22
14998,132,109,23,23
14999,47,51,-4,4
15000,70,65,5,5
15001,114,92,22,22
15002,71,63,8,8
15003,85,92,-7,7
15004,132,115,17,17
15005,33,31,2,2
15006,16,40,-24,24
15007,68,66,2,2
15008,62,61,1,1
15009,84,85,-1,1
15010,50,53,-3,3
15011,91,86,5,5
15012,116,105,11,11
15013,97,85,12,12
15014,126,119,7,7
15015,102,99,3,3
15016,111,91,20,20
15017,113,99,14,14
15018,149,124,25,25
15019,87,72,15,15
15020,120,101,19,19
15021,124,114,10,10
15022,145,119,26,26
15023,78,72,6,6
15024,158,145,13,13
15025,47,53,-6,6
15026,228,187,41,41
15027,86,88,-2,2
15028,97,89,8,8
15029,105,91,14,14
15030,59,62,-3,3
15031,134,104,30,30
15032,122,114,8,8
15033,116,122,-6,6
15034,72,75,-3,3
15035,95,99,-4,4
15036,48,49,-1,1
15037,71,65,6,6
15038,164,154,10,10
15039,80,74,6,6
15040,96,81,15,15
15041,133,114,19,19
15042,121,119,2,2
15043,122,114,8,8
15044,99,85,14,14
15045,96,82,14,14
15046,41,50,-9,9
15047,157,124,33,33
15048,104,81,23,23
15049,65,70,-5,5
15050,103,101,2,2
15051,118,106,12,12
15052,99,90,9,9
15053,126,104,22,22
15054,106,96,10,10
15055,55,50,5,5
15056,75,69,6,6
15057,69,71,-2,2
15058,107,100,7,7
15059,122,112,10,10
15060,63,64,-1,1
15061,107,97,10,10
15062,96,106,-10,10
15063,62,71,-9,9
15064,72,67,5,5
15065,152,132,20,20
15066,65,65,0,0
15067,78,72,6,6
15068,115,104,11,11
15069,113,94,19,19
15070,113,90,23,23
15071,105,95,10,10
15072,116,108,8,8
15073,158,139,19,19
15074,57,60,-3,3
15075,141,132,9,9
15076,82,75,7,7
15077,106,99,7,7
15078,96,83,13,13
15079,104,94,10,10
15080,98,86,12,12
15081,83,89,-6,6
15082,138,118,20,20
15083,148,129,19,19
15084,71,71,0,0
15085,90,92,-2,2
15086,134,113,21,21
15087,129,125,4,4
15088,127,118,9,9
15089,77,73,4,4
15090,69,75,-6,6
15091,102,97,5,5
15092,69,67,2,2
15093,65,62,3,3
15094,102,104,-2,2
15095,56,68,-12,12
15096,123,105,18,18
15097,73,67,6,6
15098,61,69,-8,8
15099,102,107,-5,5
15100,98,91,7,7
15101,80,72,8,8
15102,85,84,1,1
15103,61,58,3,3
15104,127,118,9,9
15105,68,65,3,3
15106,127,123,4,4
15107,71,67,4,4
15108,71,55,16,16
15109,149,130,19,19
15110,91,80,11,11
15111,98,96,2,2
15112,51,54,-3,3
15113,90,80,10,10
15114,105,107,-2,2
15115,84,80,4,4
15116,98,87,11,11
15117,188,175,13,13
15118,57,51,6,6
15119,135,104,31,31
15120,107,94,13,13
15121,166,145,21,21
15122,102,90,12,12
15123,162,143,19,19
15124,74,66,8,8
15125,81,78,3,3
15126,58,56,2,2
15127,93,76,17,17
15128,67,60,7,7
15129,136,131,5,5
15130,122,113,9,9
15131,114,113,1,1
15132,66,58,8,8
15133,121,102,19,19
15134,82,82,0,0
15135,110,98,12,12
15136,63,65,-2,2
15137,108,97,11,11
15138,77,70,7,7
15139,86,76,10,10
15140,74,69,5,5
15141,101,98,3,3
15142,114,113,1,1
15143,105,93,12,12
15144,106,98,8,8
15145,83,73,10,10
15146,169,151,18,18
15147,71,68,3,3
15148,87,87,0,0
15149,67,67,0,0
15150,86,102,-16,16
15151,244,211,33,33
15152,96,76,20,20
15153,136,125,11,11
15154,64,60,4,4
15155,131,135,-4,4
15156,142,135,7,7
15157,63,71,-8,8
15158,56,59,-3,3
15159,65,58,7,7
15160,116,98,18,18
15161,57,51,6,6
15162,109,108,1,1
15163,114,115,-1,1
15164,68,61,7,7
15165,114,103,11,11
15166,64,79,-15,15
15167,112,111,1,1
15168,47,53,-6,6
15169,66,59,7,7
15170,81,81,0,0
15171,127,121,6,6
15172,109,102,7,7
15173,72,65,7,7
15174,94,90,4,4
15175,46,51,-5,5
15176,113,85,28,28
15177,70,71,-1,1
15178,80,80,0,0
15179,64,64,0,0
15180,113,97,16,16
15181,56,62,-6,6
15182,112,98,14,14
15183,50,58,-8,8
15184,101,89,12,12
15185,173,157,16,16
15186,57,51,6,6
15187,104,92,12,12
15188,90,80,10,10
15189,76,70,6,6
15190,94,87,7,7
15191,105,115,-10,10
15192,121,110,11,11
15193,126,124,2,2
15194,127,102,25,25
15195,116,107,9,9
15196,88,78,10,10
15197,62,68,-6,6
15198,190,172,18,18
15199,91,102,-11,11
15200,68,71,-3,3
15201,102,89,13,13
15202,150,112,38,38
15203,85,83,2,2
15204,45,45,0,0
15205,106,104,2,2
15206,64,58,6,6
15207,152,141,11,11
15208,124,117,7,7
15209,77,77,0,0
15210,80,81,-1,1
15211,68,58,10,10
15212,131,120,11,11
15213,141,122,19,19
15214,138,113,25,25
15215,139,138,1,1
15216,54,57,-3,3
15217,81,77,4,4
15218,131,120,11,11
15219,105,96,9,9
15220,88,75,13,13
15221,97,91,6,6
15222,132,114,18,18
15223,80,80,0,0
15224,83,79,4,4
15225,56,60,-4,4
15226,68,73,-5,5
15227,88,79,9,9
15228,101,96,5,5
15229,123,109,14,14
15230,123,120,3,3
15231,56,71,-15,15
15232,139,126,13,13
15233,102,99,3,3
15234,53,53,0,0
15235,145,132,13,13
15236,94,90,4,4
15237,126,113,13,13
15238,92,79,13,13
15239,82,76,6,6
15240,74,79,-5,5
15241,165,124,41,41
15242,99,98,1,1
15243,139,133,6,6
15244,84,71,13,13
15245,85,79,6,6
15246,63,63,0,0
15247,174,139,35,35
15248,127,102,25,25
15249,93,97,-4,4
15250,106,96,10,10
15251,108,125,-17,17
15252,93,87,6,6
15253,98,77,21,21
15254,91,84,7,7
15255,68,61,7,7
15256,98,89,9,9
15257,264,216,48,48
15258,105,87,18,18
15259,71,72,-1,1
15260,57,51,6,6
15261,99,91,8,8
15262,87,76,11,11
15263,109,102,7,7
15264,132,122,10,10
15265,66,72,-6,6
15266,99,92,7,7
15267,70,62,8,8
15268,111,101,10,10
15269,124,112,12,12
15270,53,59,-6,6
15271,113,96,17,17
15272,69,57,12,12
15273,69,72,-3,3
15274,80,74,6,6
15275,87,82,5,5
15276,117,100,17,17
15277,105,90,15,15
15278,64,54,10,10
15279,41,48,-7,7
15280,60,59,1,1
15281,93,87,6,6
15282,74,63,11,11
15283,100,88,12,12
15284,75,68,7,7
15285,117,97,20,20
15286,129,121,8,8
15287,145,130,15,15
15288,102,98,4,4
15289,147,137,10,10
15290,55,56,-1,1
15291,91,79,12,12
15292,46,52,-6,6
15293,211,162,49,49
15294,125,122,3,3
15295,76,73,3,3
15296,84,77,7,7
15297,104,97,7,7
15298,62,64,-2,2
15299,77,76,1,1
15300,100,87,13,13
15301,83,83,0,0
15302,90,83,7,7
15303,181,155,26,26
15304,132,136,-4,4
15305,88,79,9,9
15306,85,81,4,4
15307,69,69,0,0
15308,59,54,5,5
15309,42,33,9,9
15310,138,119,19,19
15311,75,65,10,10
15312,116,109,7,7
15313,76,85,-9,9
15314,85,79,6,6
15315,60,61,-1,1
15316,101,94,7,7
15317,117,116,1,1
15318,73,77,-4,4
15319,65,72,-7,7
15320,136,128,8,8
15321,40,46,-6,6
15322,61,59,2,2
15323,138,125,13,13
15324,55,57,-2,2
15325,87,75,12,12
15326,60,54,6,6
15327,42,39,3,3
15328,184,175,9,9
15329,136,130,6,6
15330,46,61,-15,15
15331,157,108,49,49
15332,99,96,3,3
15333,64,57,7,7
15334,95,89,6,6
15335,138,127,11,11
15336,63,64,-1,1
15337,72,59,13,13
15338,52,56,-4,4
15339,90,77,13,13
15340,78,81,-3,3
15341,97,92,5,5
15342,118,103,15,15
15343,89,86,3,3
15344,55,56,-1,1
15345,109,96,13,13
15346,64,69,-5,5
15347,103,89,14,14
15348,96,88,8,8
15349,101,92,9,9
15350,130,117,13,13
15351,67,77,-10,10
15352,65,65,0,0
15353,80,74,6,6
15354,90,81,9,9
15355,86,75,11,11
15356,62,58,4,4
15357,162,145,17,17
15358,107,105,2,2
15359,42,43,-1,1
15360,104,98,6,6
15361,125,114,11,11
15362,93,90,3,3
15363,163,166,-3,3
15364,42,52,-10,10
15365,127,113,14,14
15366,94,95,-1,1
15367,88,84,4,4
15368,147,130,17,17
15369,155,138,17,17
15370,107,89,18,18
15371,65,62,3,3
15372,94,102,-8,8
15373,77,76,1,1
15374,128,119,9,9
15375,70,73,-3,3
15376,51,57,-6,6
15377,101,98,3,3
15378,108,89,19,19
15379,169,145,24,24
15380,56,57,-1,1
15381,114,97,17,17
15382,129,129,0,0
15383,98,90,8,8
15384,62,59,3,3
15385,52,51,1,1
15386,125,107,18,18
15387,123,107,16,16
15388,107,98,9,9
15389,100,95,5,5
15390,153,155,-2,2
15391,81,84,-3,3
15392,82,78,4,4
15393,97,93,4,4
15394,28,32,-4,4
15395,123,117,6,6
15396,66,73,-7,7
15397,91,85,6,6
15398,95,90,5,5
15399,66,70,-4,4
15400,105,101,4,4
15401,64,62,2,2
15402,106,95,11,11
15403,136,115,21,21
15404,87,82,5,5
15405,71,65,6,6
15406,116,110,6,6
15407,88,88,0,0
15408,53,56,-3,3
15409,126,106,20,20
15410,144,120,24,24
15411,74,74,0,0
15412,63,63,0,0
15413,72,70,2,2
15414,73,61,12,12
15415,76,75,1,1
15416,88,79,9,9
15417,78,74,4,4
15418,103,94,9,9
15419,76,65,11,11
15420,41,79,-38,38
15421,231,189,42,42
15422,134,121,13,13
15423,126,102,24,24
15424,138,119,19,19
15425,103,103,0,0
15426,90,87,3,3
15427,73,66,7,7
15428,63,70,-7,7
15429,81,82,-1,1
15430,120,96,24,24
15431,92,91,1,1
15432,100,93,7,7
15433,51,56,-5,5
15434,116,110,6,6
15435,97,90,7,7
15436,87,69,18,18
15437,138,117,21,21
15438,52,60,-8,8
15439,36,41,-5,5
15440,167,156,11,11
15441,80,87,-7,7
15442,117,108,9,9
15443,91,75,16,16
15444,163,141,22,22
15445,112,116,-4,4
15446,75,77,-2,2
15447,119,105,14,14
15448,61,65,-4,4
15449,71,65,6,6
15450,117,108,9,9
15451,115,120,-5,5
15452,99,96,3,3
15453,125,113,12,12
15454,100,93,7,7
15455,153,126,27,27
15456,146,138,8,8
15457,157,134,23,23
15458,104,98,6,6
15459,130,112,18,18
15460,137,133,4,4
15461,105,105,0,0
15462,101,86,15,15
15463,110,105,5,5
15464,97,86,11,11
15465,87,75,12,12
15466,107,101,6,6
15467,87,82,5,5
15468,90,71,19,19
15469,90,82,8,8
15470,118,110,8,8
15471,57,62,-5,5
15472,108,107,1,1
15473,51,54,-3,3
15474,56,75,-19,19
15475,53,64,-11,11
15476,55,60,-5,5
15477,68,73,-5,5
15478,61,64,-3,3
15479,142,132,10,10
15480,83,79,4,4
15481,56,60,-4,4
15482,60,66,-6,6
15483,59,62,-3,3
15484,119,107,12,12
15485,60,66,-6,6
15486,60,63,-3,3
15487,106,95,11,11
15488,78,76,2,2
15489,83,75,8,8
15490,63,63,0,0
15491,147,130,17,17
15492,182,155,27,27
15493,129,115,14,14
15494,97,94,3,3
15495,115,102,13,13
15496,105,103,2,2
15497,102,102,0,0
15498,127,121,6,6
15499,157,138,19,19
15500,84,77,7,7
15501,152,126,26,26
15502,74,74,0,0
15503,79,74,5,5
15504,123,117,6,6
15505,135,129,6,6
15506,82,78,4,4
15507,111,104,7,7
15508,62,82,-20,20
15509,59,63,-4,4
15510,77,82,-5,5
15511,63,67,-4,4
15512,81,79,2,2
15513,56,53,3,3
15514,69,71,-2,2
15515,65,67,-2,2
15516,82,76,6,6
15517,91,83,8,8
15518,190,149,41,41
15519,185,160,25,25
15520,131,114,17,17
15521,65,61,4,4
15522,158,136,22,22
15523,144,142,2,2
15524,73,77,-4,4
15525,80,82,-2,2
15526,152,133,19,19
15527,62,64,-2,2
15528,64,65,-1,1
15529,65,69,-4,4
15530,146,127,19,19
15531,124,113,11,11
15532,108,95,13,13
15533,131,115,16,16
15534,107,104,3,3
15535,104,96,8,8
15536,78,71,7,7
15537,115,113,2,2
15538,159,136,23,23
15539,103,101,2,2
15540,101,97,4,4
15541,63,56,7,7
15542,160,144,16,16
15543,61,63,-2,2
15544,60,57,3,3
15545,130,126,4,4
15546,96,88,8,8
15547,84,80,4,4
15548,93,83,10,10
15549,110,103,7,7
15550,66,61,5,5
15551,77,68,9,9
15552,103,96,7,7
15553,78,77,1,1
15554,147,129,18,18
15555,87,85,2,2
15556,84,74,10,10
15557,83,73,10,10
15558,69,64,5,5
15559,180,162,18,18
15560,140,130,10,10
15561,57,58,-1,1
15562,120,108,12,12
15563,62,62,0,0
15564,79,73,6,6
15565,127,120,7,7
15566,64,67,-3,3
15567,81,71,10,10
15568,100,91,9,9
15569,118,109,9,9
15570,85,71,14,14
15571,77,81,-4,4
15572,104,91,13,13
15573,72,66,6,6
15574,101,90,11,11
15575,95,94,1,1
15576,98,89,9,9
15577,62,57,5,5
15578,98,85,13,13
15579,113,117,-4,4
15580,62,59,3,3
15581,52,59,-7,7
15582,112,94,18,18
15583,80,78,2,2
15584,106,108,-2,2
15585,63,62,1,1
15586,49,59,-10,10
15587,72,73,-1,1
15588,117,94,23,23
15589,116,104,12,12
15590,94,85,9,9
15591,95,90,5,5
15592,83,86,-3,3
15593,119,112,7,7
15594,106,100,6,6
15595,92,78,14,14
15596,70,74,-4,4
15597,133,118,15,15
15598,64,60,4,4
15599,169,146,23,23
15600,93,84,9,9
15601,102,96,6,6
15602,87,76,11,11
15603,71,71,0,0
15604,62,65,-3,3
15605,59,51,8,8
15606,85,79,6,6
15607,72,70,2,2
15608,50,51,-1,1
15609,92,84,8,8
15610,127,113,14,14
15611,57,53,4,4
15612,107,97,10,10
15613,65,56,9,9
15614,82,80,2,2
15615,81,82,-1,1
15616,98,91,7,7
15617,82,73,9,9
15618,110,116,-6,6
15619,166,146,20,20
15620,107,97,10,10
15621,50,54,-4,4
15622,148,126,22,22
15623,70,69,1,1
15624,100,85,15,15
15625,108,99,9,9
15626,113,106,7,7
15627,53,58,-5,5
15628,126,116,10,10
15629,72,68,4,4
15630,197,166,31,31
15631,47,46,1,1
15632,89,80,9,9
15633,143,120,23,23
15634,119,108,11,11
15635,76,78,-2,2
15636,73,76,-3,3
15637,68,70,-2,2
15638,111,98,13,13
15639,121,100,21,21
15640,92,93,-1,1
15641,113,99,14,14
15642,98,93,5,5
15643,152,148,4,4
15644,80,78,2,2
15645,82,74,8,8
15646,128,112,16,16
15647,49,54,-5,5
15648,128,119,9,9
15649,63,61,2,2
15650,52,52,0,0
15651,89,81,8,8
15652,68,58,10,10
15653,109,99,10,10
15654,83,77,6,6
15655,97,90,7,7
15656,73,73,0,0
15657,75,67,8,8
15658,127,110,17,17
15659,52,76,-24,24
15660,69,56,13,13
15661,152,134,18,18
15662,87,81,6,6
15663,130,105,25,25
15664,72,78,-6,6
15665,114,109,5,5
15666,75,72,3,3
15667,136,115,21,21
15668,77,71,6,6
15669,88,79,9,9
15670,64,70,-6,6
15671,90,75,15,15
15672,174,159,15,15
15673,57,63,-6,6
15674,56,62,-6,6
15675,78,72,6,6
15676,81,73,8,8
15677,67,58,9,9
15678,123,104,19,19
15679,146,132,14,14
15680,123,117,6,6
15681,98,95,3,3
15682,61,58,3,3
15683,109,103,6,6
15684,76,78,-2,2
15685,121,110,11,11
15686,81,76,5,5
15687,38,51,-13,13
15688,70,71,-1,1
15689,83,74,9,9
15690,100,94,6,6
15691,79,82,-3,3
15692,98,98,0,0
15693,79,70,9,9
15694,196,165,31,31
15695,137,126,11,11
15696,67,67,0,0
15697,87,83,4,4
15698,79,75,4,4
15699,84,82,2,2
15700,104,110,-6,6
15701,105,103,2,2
15702,113,99,14,14
15703,54,54,0,0
15704,77,73,4,4
15705,124,113,11,11
15706,103,92,11,11
15707,175,147,28,28
15708,67,58,9,9
15709,86,81,5,5
15710,65,66,-1,1
15711,74,68,6,6
15712,85,55,30,30
15713,77,70,7,7
15714,94,85,9,9
15715,163,131,32,32
15716,107,99,8,8
15717,126,116,10,10
15718,97,87,10,10
15719,80,74,6,6
15720,150,142,8,8
15721,67,72,-5,5
15722,120,99,21,21
15723,86,89,-3,3
15724,80,72,8,8
15725,79,72,7,7
15726,98,88,10,10
15727,100,98,2,2
15728,105,101,4,4
15729,140,144,-4,4
15730,110,95,15,15
15731,101,86,15,15
15732,50,51,-1,1
15733,132,118,14,14
15734,160,148,12,12
15735,119,103,16,16
15736,94,84,10,10
15737,83,75,8,8
15738,92,83,9,9
15739,76,60,16,16
15740,103,94,9,9
15741,93,88,5,5
15742,67,68,-1,1
15743,104,108,-4,4
15744,123,112,11,11
15745,90,76,14,14
15746,75,77,-2,2
15747,120,109,11,11
15748,66,62,4,4
15749,106,100,6,6
15750,120,107,13,13
15751,98,78,20,20
15752,105,101,4,4
15753,97,93,4,4
15754,101,88,13,13
15755,80,77,3,3
15756,87,80,7,7
15757,68,62,6,6
15758,160,135,25,25
15759,77,75,2,2
15760,65,66,-1,1
15761,90,87,3,3
15762,34,40,-6,6
15763,90,92,-2,2
15764,83,71,12,12
15765,47,43,4,4
15766,47,64,-17,17
15767,106,106,0,0
15768,63,64,-1,1
15769,96,92,4,4
15770,108,110,-2,2
15771,85,79,6,6
15772,157,133,24,24
15773,90,67,23,23
15774,116,112,4,4
15775,132,122,10,10
15776,123,110,13,13
15777,118,108,10,10
15778,45,54,-9,9
15779,60,59,1,1
15780,179,148,31,31
15781,111,104,7,7
15782,118,113,5,5
15783,87,89,-2,2
15784,51,57,-6,6
15785,37,43,-6,6
15786,91,84,7,7
15787,69,68,1,1
15788,130,109,21,21
15789,102,102,0,0
15790,93,94,-1,1
15791,129,116,13,13
15792,54,51,3,3
15793,70,68,2,2
15794,125,105,20,20
15795,59,61,-2,2
15796,46,34,12,12
15797,64,66,-2,2
15798,113,92,21,21
15799,110,90,20,20
15800,46,51,-5,5
15801,134,131,3,3
15802,71,79,-8,8
15803,143,136,7,7
15804,63,62,1,1
15805,120,110,10,10
15806,86,73,13,13
15807,74,76,-2,2
15808,118,113,5,5
15809,61,62,-1,1
15810,65,61,4,4
15811,136,114,22,22
15812,85,84,1,1
15813,105,86,19,19
15814,146,130,16,16
15815,98,100,-2,2
15816,30,50,-20,20
15817,76,74,2,2
15818,148,131,17,17
15819,126,106,20,20
15820,121,108,13,13
15821,173,119,54,54
15822,68,78,-10,10
15823,100,98,2,2
15824,109,105,4,4
15825,73,75,-2,2
15826,97,90,7,7
15827,92,83,9,9
15828,97,87,10,10
15829,88,92,-4,4
15830,159,135,24,24
15831,104,96,8,8
15832,65,62,3,3
15833,84,75,9,9
15834,82,77,5,5
15835,100,101,-1,1
15836,105,96,9,9
15837,70,76,-6,6
15838,77,68,9,9
15839,111,102,9,9
15840,96,82,14,14
15841,98,98,0,0
15842,89,83,6,6
15843,62,64,-2,2
15844,144,118,26,26
15845,134,119,15,15
15846,96,90,6,6
15847,64,72,-8,8
15848,74,71,3,3
15849,113,101,12,12
15850,125,125,0,0
15851,122,105,17,17
15852,66,72,-6,6
15853,46,51,-5,5
15854,115,108,7,7
15855,59,58,1,1
15856,76,69,7,7
15857,97,89,8,8
15858,125,117,8,8
15859,138,102,36,36
15860,24,31,-7,7
15861,34,35,-1,1
15862,77,73,4,4
15863,112,114,-2,2
15864,123,114,9,9
15865,88,83,5,5
15866,130,114,16,16
15867,108,99,9,9
15868,52,50,2,2
15869,112,109,3,3
15870,41,37,4,4
15871,68,73,-5,5
15872,111,102,9,9
15873,97,96,1,1
15874,73,70,3,3
15875,75,69,6,6
15876,79,87,-8,8
15877,62,67,-5,5
15878,75,86,-11,11
15879,128,112,16,16
15880,113,108,5,5
15881,49,46,3,3
15882,65,54,11,11
15883,64,63,1,1
15884,97,99,-2,2
15885,117,99,18,18
15886,62,58,4,4
15887,75,88,-13,13
15888,80,79,1,1
15889,63,66,-3,3
15890,50,57,-7,7
15891,112,103,9,9
15892,129,119,10,10
15893,78,72,6,6
15894,102,95,7,7
15895,101,86,15,15
15896,67,68,-1,1
15897,49,51,-2,2
15898,184,155,29,29
15899,81,76,5,5
15900,70,65,5,5
15901,95,81,14,14
15902,111,96,15,15
15903,141,123,18,18
15904,105,100,5,5
15905,54,49,5,5
15906,78,73,5,5
15907,155,131,24,24
15908,134,117,17,17
15909,88,75,13,13
15910,66,73,-7,7
15911,64,67,-3,3
15912,60,67,-7,7
15913,94,83,11,11
15914,103,85,18,18
15915,146,131,15,15
15916,74,78,-4,4
15917,73,65,8,8
15918,62,63,-1,1
15919,103,95,8,8
15920,126,112,14,14
15921,96,82,14,14
15922,160,135,25,25
15923,118,106,12,12
15924,128,108,20,20
15925,191,169,22,22
15926,123,107,16,16
15927,107,98,9,9
15928,55,52,3,3
15929,47,39,8,8
15930,55,51,4,4
15931,58,58,0,0
15932,107,99,8,8
15933,76,70,6,6
15934,96,79,17,17
15935,57,54,3,3
15936,110,108,2,2
15937,79,72,7,7
15938,65,68,-3,3
15939,123,106,17,17
15940,61,51,10,10
15941,65,71,-6,6
15942,113,100,13,13
15943,49,46,3,3
15944,82,87,-5,5
15945,98,93,5,5
15946,75,74,1,1
15947,112,108,4,4
15948,113,94,19,19
15949,94,87,7,7
15950,58,44,14,14
15951,64,65,-1,1
15952,105,104,1,1
15953,101,94,7,7
15954,68,69,-1,1
15955,101,88,13,13
15956,52,51,1,1
15957,70,64,6,6
15958,97,120,-23,23
15959,117,100,17,17
15960,68,66,2,2
15961,127,106,21,21
15962,69,72,-3,3
15963,90,92,-2,2
15964,40,45,-5,5
15965,114,99,15,15
15966,98,91,7,7
15967,66,66,0,0
15968,67,75,-8,8
15969,190,172,18,18
15970,104,93,11,11
15971,74,78,-4,4
15972,69,53,16,16
15973,86,88,-2,2
15974,102,87,15,15
15975,122,108,14,14
15976,142,122,20,20
15977,103,84,19,19
15978,164,140,24,24
15979,110,116,-6,6
15980,64,63,1,1
15981,74,68,6,6
15982,61,56,5,5
15983,63,64,-1,1
15984,100,83,17,17
15985,107,103,4,4
15986,102,92,10,10
15987,31,39,-8,8
15988,147,127,20,20
15989,60,60,0,0
15990,86,77,9,9
15991,114,115,-1,1
15992,103,108,-5,5
15993,75,72,3,3
15994,95,97,-2,2
15995,87,74,13,13
15996,99,81,18,18
15997,114,107,7,7
15998,76,80,-4,4
15999,120,115,5,5
16000,90,80,10,10
16001,64,55,9,9
16002,113,99,14,14
16003,66,61,5,5
16004,123,102,21,21
16005,132,111,21,21
16006,124,98,26,26
16007,56,57,-1,1
16008,125,122,3,3
16009,101,93,8,8
16010,89,82,7,7
16011,57,63,-6,6
16012,98,85,13,13
16013,101,92,9,9
16014,82,83,-1,1
16015,128,124,4,4
16016,56,56,0,0
16017,162,149,13,13
16018,84,86,-2,2
16019,79,71,8,8
16020,53,53,0,0
16021,55,58,-3,3
16022,62,58,4,4
16023,73,74,-1,1
16024,42,42,0,0
16025,127,129,-2,2
16026,52,55,-3,3
16027,121,115,6,6
16028,75,80,-5,5
16029,89,82,7,7
16030,64,61,3,3
16031,36,31,5,5
16032,89,76,13,13
16033,72,63,9,9
16034,148,134,14,14
16035,106,95,11,11
16036,158,152,6,6
16037,131,113,18,18
16038,130,122,8,8
16039,77,70,7,7
16040,136,119,17,17
16041,102,97,5,5
16042,86,81,5,5
16043,89,80,9,9
16044,101,88,13,13
16045,99,91,8,8
16046,100,86,14,14
16047,69,70,-1,1
16048,92,78,14,14
16049,69,70,-1,1
16050,128,112,16,16
16051,151,132,19,19
16052,39,35,4,4
16053,44,51,-7,7
16054,74,80,-6,6
16055,82,72,10,10
16056,140,122,18,18
16057,120,101,19,19
16058,79,63,16,16
16059,89,86,3,3
16060,158,172,-14,14
16061,105,118,-13,13
16062,113,105,8,8
16063,58,54,4,4
16064,95,86,9,9
16065,82,84,-2,2
16066,140,122,18,18
16067,66,69,-3,3
16068,94,87,7,7
16069,116,111,5,5
16070,70,74,-4,4
16071,90,83,7,7
16072,73,78,-5,5
16073,62,95,-33,33
16074,55,56,-1,1
16075,87,85,2,2
16076,97,94,3,3
16077,75,70,5,5
16078,113,97,16,16
16079,148,121,27,27
16080,144,155,-11,11
16081,64,56,8,8
16082,117,97,20,20
16083,89,80,9,9
16084,106,96,10,10
16085,130,105,25,25
16086,91,94,-3,3
16087,52,52,0,0
16088,54,60,-6,6
16089,117,95,22,22
16090,127,126,1,1
16091,104,84,20,20
16092,122,107,15,15
16093,67,62,5,5
16094,73,73,0,0
16095,84,78,6,6
16096,63,59,4,4
16097,199,176,23,23
16098,138,139,-1,1
16099,85,76,9,9
16100,112,107,5,5
16101,100,97,3,3
16102,184,176,8,8
16103,90,83,7,7
16104,55,54,1,1
16105,142,124,18,18
16106,124,116,8,8
16107,83,90,-7,7
16108,79,83,-4,4
16109,52,68,-16,16
16110,92,88,4,4
16111,71,68,3,3
16112,47,42,5,5
16113,83,78,5,5
16114,68,66,2,2
16115,65,68,-3,3
16116,99,86,13,13
16117,114,110,4,4
16118,98,93,5,5
16119,84,98,-14,14
16120,181,147,34,34
16121,51,51,0,0
16122,95,78,17,17
16123,77,75,2,2
16124,70,72,-2,2
16125,103,91,12,12
16126,106,93,13,13
16127,70,73,-3,3
16128,92,86,6,6
16129,104,104,0,0
16130,49,55,-6,6
16131,62,69,-7,7
16132,52,52,0,0
16133,88,80,8,8
16134,84,74,10,10
16135,80,79,1,1
16136,55,56,-1,1
16137,84,74,10,10
16138,158,127,31,31
16139,76,69,7,7
16140,58,63,-5,5
16141,94,82,12,12
16142,44,42,2,2
16143,96,87,9,9
16144,134,114,20,20
16145,124,113,11,11
16146,137,128,9,9
16147,139,121,18,18
16148,40,43,-3,3
16149,64,65,-1,1
16150,100,93,7,7
16151,90,87,3,3
16152,88,83,5,5
16153,80,76,4,4
16154,67,63,4,4
16155,96,87,9,9
16156,74,64,10,10
16157,80,65,15,15
16158,54,59,-5,5
16159,133,122,11,11
16160,71,66,5,5
16161,151,131,20,20
16162,150,137,13,13
16163,107,103,4,4
16164,104,99,5,5
16165,96,88,8,8
16166,164,143,21,21
16167,61,71,-10,10
16168,95,88,7,7
16169,120,109,11,11
16170,107,104,3,3
16171,116,100,16,16
16172,89,83,6,6
16173,42,41,1,1
16174,74,71,3,3
16175,100,101,-1,1
16176,66,58,8,8
16177,105,99,6,6
16178,108,88,20,20
16179,144,131,13,13
16180,118,113,5,5
16181,82,75,7,7
16182,164,136,28,28
16183,125,119,6,6
16184,68,70,-2,2
16185,102,97,5,5
16186,109,108,1,1
16187,111,91,20,20
16188,115,96,19,19
16189,58,52,6,6
16190,109,93,16,16
16191,90,85,5,5
16192,99,88,11,11
16193,124,125,-1,1
16194,147,110,37,37
16195,67,64,3,3
16196,89,85,4,4
16197,77,66,11,11
16198,106,118,-12,12
16199,78,78,0,0
16200,58,69,-11,11
16201,119,103,16,16
16202,74,75,-1,1
16203,80,77,3,3
16204,143,124,19,19
16205,160,132,28,28
16206,117,103,14,14
16207,79,69,10,10
16208,103,96,7,7
16209,88,72,16,16
16210,74,75,-1,1
16211,96,92,4,4
16212,94,108,-14,14
16213,66,62,4,4
16214,43,52,-9,9
16215,137,121,16,16
16216,89,80,9,9
16217,95,95,0,0
16218,172,166,6,6
16219,37,41,-4,4
16220,75,75,0,0
16221,112,103,9,9
16222,98,95,3,3
16223,137,123,14,14
16224,122,105,17,17
16225,55,51,4,4
16226,65,61,4,4
16227,105,97,8,8
16228,67,67,0,0
16229,115,100,15,15
16230,35,47,-12,12
16231,95,85,10,10
16232,62,54,8,8
16233,60,57,3,3
16234,142,120,22,22
16235,74,81,-7,7
16236,100,90,10,10
16237,179,97,82,82
16238,173,143,30,30
16239,161,146,15,15
16240,76,73,3,3
16241,79,84,-5,5
16242,116,96,20,20
16243,58,61,-3,3
16244,83,78,5,5
16245,48,53,-5,5
16246,74,71,3,3
16247,57,59,-2,2
16248,84,76,8,8
16249,114,97,17,17
16250,72,60,12,12
16251,96,95,1,1
16252,113,131,-18,18
16253,105,91,14,14
16254,149,126,23,23
16255,62,61,1,1
16256,72,60,12,12
16257,77,75,2,2
16258,152,136,16,16
16259,94,82,12,12
16260,115,104,11,11
16261,56,51,5,5
16262,65,64,1,1
16263,111,97,14,14
16264,73,74,-1,1
16265,75,67,8,8
16266,90,93,-3,3
16267,121,118,3,3
16268,111,98,13,13
16269,179,154,25,25
16270,136,127,9,9
16271,111,103,8,8
16272,35,60,-25,25
16273,90,84,6,6
16274,58,55,3,3
16275,172,145,27,27
16276,77,72,5,5
16277,81,71,10,10
16278,31,34,-3,3
16279,87,87,0,0
16280,63,74,-11,11
16281,114,98,16,16
16282,96,90,6,6
16283,83,76,7,7
16284,117,113,4,4
16285,121,98,23,23
16286,89,86,3,3
16287,106,101,5,5
16288,108,96,12,12
16289,121,109,12,12
16290,160,136,24,24
16291,110,102,8,8
16292,87,72,15,15
16293,107,99,8,8
16294,117,111,6,6
16295,74,72,2,2
16296,96,91,5,5
16297,133,118,15,15
16298,81,87,-6,6
16299,81,77,4,4
16300,76,73,3,3
16301,57,61,-4,4
16302,131,126,5,5
16303,91,77,14,14
16304,39,45,-6,6
16305,119,103,16,16
16306,138,121,17,17
16307,105,105,0,0
16308,77,75,2,2
16309,132,123,9,9
16310,58,61,-3,3
16311,42,40,2,2
16312,67,64,3,3
16313,54,51,3,3
16314,74,69,5,5
16315,95,89,6,6
16316,73,64,9,9
16317,75,84,-9,9
16318,58,61,-3,3
16319,112,97,15,15
16320,114,98,16,16
16321,118,115,3,3
16322,63,62,1,1
16323,59,67,-8,8
16324,56,52,4,4
16325,66,62,4,4
16326,64,65,-1,1
16327,100,87,13,13
16328,97,91,6,6
16329,155,135,20,20
16330,93,78,15,15
16331,123,114,9,9
16332,89,80,9,9
16333,76,77,-1,1
16334,178,166,12,12
16335,67,58,9,9
16336,112,97,15,15
16337,105,97,8,8
16338,95,84,11,11
16339,81,79,2,2
16340,67,75,-8,8
16341,79,73,6,6
16342,117,113,4,4
16343,72,76,-4,4
16344,103,97,6,6
16345,109,99,10,10
16346,59,60,-1,1
16347,101,92,9,9
16348,112,104,8,8
16349,158,135,23,23
16350,119,113,6,6
16351,92,81,11,11
16352,38,40,-2,2
16353,66,69,-3,3
16354,69,84,-15,15
16355,51,56,-5,5
16356,200,153,47,47
16357,93,82,11,11
16358,97,91,6,6
16359,171,128,43,43
16360,65,71,-6,6
16361,102,93,9,9
16362,72,68,4,4
16363,55,54,1,1
16364,118,93,25,25
16365,86,77,9,9
16366,135,115,20,20
16367,78,69,9,9
16368,115,110,5,5
16369,140,136,4,4
16370,61,62,-1,1
16371,48,53,-5,5
16372,78,72,6,6
16373,195,175,20,20
16374,48,56,-8,8
16375,71,64,7,7
16376,126,114,12,12
16377,207,175,32,32
16378,111,92,19,19
16379,75,82,-7,7
16380,106,97,9,9
16381,84,75,9,9
16382,140,127,13,13
16383,77,90,-13,13
16384,88,81,7,7
16385,63,58,5,5
16386,146,124,22,22
16387,43,48,-5,5
16388,87,82,5,5
16389,63,55,8,8
16390,92,94,-2,2
16391,64,68,-4,4
16392,107,92,15,15
16393,114,100,14,14
16394,76,65,11,11
16395,108,110,-2,2
16396,61,56,5,5
16397,157,143,14,14
16398,161,134,27,27
16399,81,75,6,6
16400,42,47,-5,5
16401,120,87,33,33
16402,118,97,21,21
16403,99,89,10,10
16404,78,74,4,4
16405,39,37,2,2
16406,62,59,3,3
16407,93,80,13,13
16408,51,55,-4,4
16409,63,80,-17,17
16410,131,131,0,0
16411,117,93,24,24
16412,96,82,14,14
16413,158,141,17,17
16414,88,83,5,5
16415,77,80,-3,3
16416,84,78,6,6
16417,123,110,13,13
16418,84,76,8,8
16419,122,113,9,9
16420,88,84,4,4
16421,73,63,10,10
16422,198,169,29,29
16423,87,73,14,14
16424,76,79,-3,3
16425,85,83,2,2
16426,86,87,-1,1
16427,161,150,11,11
16428,132,102,30,30
16429,65,55,10,10
16430,65,57,8,8
16431,155,134,21,21
16432,94,94,0,0
16433,91,81,10,10
16434,94,99,-5,5
16435,132,118,14,14
16436,74,69,5,5
16437,134,121,13,13
16438,186,170,16,16
16439,117,104,13,13
16440,128,118,10,10
16441,49,52,-3,3
16442,52,53,-1,1
16443,54,50,4,4
16444,49,54,-5,5
16445,61,64,-3,3
16446,87,81,6,6
16447,121,119,2,2
16448,110,103,7,7
16449,29,31,-2,2
16450,75,68,7,7
16451,119,114,5,5
16452,100,88,12,12
16453,73,87,-14,14
16454,71,73,-2,2
16455,61,74,-13,13
16456,91,98,-7,7
16457,68,77,-9,9
16458,79,76,3,3
16459,141,139,2,2
16460,89,86,3,3
16461,132,120,12,12
16462,110,101,9,9
16463,70,68,2,2
16464,49,51,-2,2
16465,99,94,5,5
16466,60,54,6,6
16467,94,88,6,6
16468,89,82,7,7
16469,149,132,17,17
16470,78,69,9,9
16471,133,134,-1,1
16472,134,135,-1,1
16473,65,68,-3,3
16474,117,98,19,19
16475,96,87,9,9
16476,130,107,23,23
16477,138,126,12,12
16478,85,83,2,2
16479,128,117,11,11
16480,84,76,8,8
16481,127,109,18,18
16482,67,67,0,0
16483,149,143,6,6
16484,77,72,5,5
16485,91,86,5,5
16486,137,118,19,19
16487,142,126,16,16
16488,68,69,-1,1
16489,129,119,10,10
16490,120,107,13,13
16491,38,43,-5,5
16492,109,100,9,9
16493,101,89,12,12
16494,66,93,-27,27
16495,61,66,-5,5
16496,107,97,10,10
16497,112,92,20,20
16498,114,116,-2,2
16499,96,91,5,5
16500,136,125,11,11
16501,60,60,0,0
16502,108,92,16,16
16503,109,104,5,5
16504,98,90,8,8
16505,53,65,-12,12
16506,68,56,12,12
16507,114,102,12,12
16508,181,168,13,13
16509,121,105,16,16
16510,67,64,3,3
16511,78,69,9,9
16512,74,71,3,3
16513,47,47,0,0
16514,113,116,-3,3
16515,41,41,0,0
16516,57,56,1,1
16517,68,56,12,12
16518,88,88,0,0
16519,76,88,-12,12
16520,96,91,5,5
16521,45,51,-6,6
16522,119,107,12,12
16523,104,101,3,3
16524,111,100,11,11
16525,62,54,8,8
16526,94,87,7,7
16527,86,75,11,11
16528,78,83,-5,5
16529,132,120,12,12
16530,105,97,8,8
16531,141,117,24,24
16532,59,58,1,1
16533,205,158,47,47
16534,91,88,3,3
16535,87,98,-11,11
16536,87,80,7,7
16537,102,82,20,20
16538,94,80,14,14
16539,77,72,5,5
16540,61,58,3,3
16541,152,126,26,26
16542,85,83,2,2
16543,120,108,12,12
16544,83,84,-1,1
16545,135,121,14,14
16546,52,51,1,1
16547,79,69,10,10
16548,50,54,-4,4
16549,152,131,21,21
16550,80,70,10,10
16551,83,83,0,0
16552,163,149,14,14
16553,75,81,-6,6
16554,72,70,2,2
16555,93,84,9,9
16556,118,95,23,23
16557,84,81,3,3
16558,72,66,6,6
16559,75,73,2,2
16560,79,77,2,2
16561,84,84,0,0
16562,88,85,3,3
16563,99,90,9,9
16564,59,59,0,0
16565,112,102,10,10
16566,128,103,25,25
16567,115,101,14,14
16568,101,105,-4,4
16569,60,57,3,3
16570,80,83,-3,3
16571,134,125,9,9
16572,72,68,4,4
16573,160,135,25,25
16574,123,113,10,10
16575,111,99,12,12
16576,61,65,-4,4
16577,68,69,-1,1
16578,131,128,3,3
16579,135,112,23,23
16580,217,209,8,8
16581,56,46,10,10
16582,86,85,1,1
16583,104,94,10,10
16584,87,91,-4,4
16585,76,73,3,3
16586,137,119,18,18
16587,86,82,4,4
16588,53,52,1,1
16589,82,81,1,1
16590,52,48,4,4
16591,85,78,7,7
16592,110,95,15,15
16593,58,52,6,6
16594,103,97,6,6
16595,40,41,-1,1
16596,70,68,2,2
16597,50,48,2,2
16598,69,70,-1,1
16599,108,106,2,2
16600,82,72,10,10
16601,138,120,18,18
16602,103,97,6,6
16603,119,103,16,16
16604,111,93,18,18
16605,154,133,21,21
16606,131,114,17,17
16607,67,64,3,3
16608,76,68,8,8
16609,104,97,7,7
16610,134,112,22,22
16611,41,51,-10,10
16612,54,50,4,4
16613,116,106,10,10
16614,58,57,1,1
16615,74,79,-5,5
16616,101,96,5,5
16617,62,56,6,6
16618,141,130,11,11
16619,93,81,12,12
16620,98,89,9,9
16621,88,95,-7,7
16622,33,32,1,1
16623,115,117,-2,2
16624,86,79,7,7
16625,156,134,22,22
16626,66,63,3,3
16627,93,80,13,13
16628,61,58,3,3
16629,128,114,14,14
16630,161,128,33,33
16631,51,52,-1,1
16632,59,58,1,1
16633,97,90,7,7
16634,157,134,23,23
16635,91,92,-1,1
16636,67,56,11,11
16637,90,88,2,2
16638,82,75,7,7
16639,104,92,12,12
16640,96,89,7,7
16641,122,118,4,4
16642,86,78,8,8
16643,126,115,11,11
16644,87,80,7,7
16645,77,80,-3,3
16646,117,102,15,15
16647,144,122,22,22
16648,86,72,14,14
16649,61,54,7,7
16650,79,92,-13,13
16651,96,85,11,11
16652,89,89,0,0
16653,89,90,-1,1
16654,110,98,12,12
16655,87,74,13,13
16656,39,49,-10,10
16657,98,88,10,10
16658,151,131,20,20
16659,89,83,6,6
16660,67,64,3,3
16661,71,65,6,6
16662,119,103,16,16
16663,86,81,5,5
16664,147,128,19,19
16665,51,49,2,2
16666,83,88,-5,5
16667,83,79,4,4
16668,54,56,-2,2
16669,138,113,25,25
16670,64,64,0,0
16671,80,75,5,5
16672,58,59,-1,1
16673,92,83,9,9
16674,56,69,-13,13
16675,114,115,-1,1
16676,58,58,0,0
16677,51,53,-2,2
16678,111,99,12,12
16679,66,70,-4,4
16680,64,63,1,1
16681,99,101,-2,2
16682,73,66,7,7
16683,110,91,19,19
16684,99,103,-4,4
16685,92,81,11,11
16686,57,52,5,5
16687,138,124,14,14
16688,156,144,12,12
16689,113,101,12,12
16690,37,41,-4,4
16691,119,107,12,12
16692,109,103,6,6
16693,137,122,15,15
16694,187,135,52,52
16695,77,79,-2,2
16696,78,70,8,8
16697,89,88,1,1
16698,144,134,10,10
16699,111,102,9,9
16700,46,55,-9,9
16701,119,109,10,10
16702,89,73,16,16
16703,85,65,20,20
16704,155,127,28,28
16705,164,156,8,8
16706,176,154,22,22
16707,61,62,-1,1
16708,143,137,6,6
16709,66,52,14,14
16710,138,117,21,21
16711,107,99,8,8
16712,80,72,8,8
16713,95,86,9,9
16714,94,98,-4,4
16715,90,82,8,8
16716,65,64,1,1
16717,75,73,2,2
16718,54,57,-3,3
16719,84,78,6,6
16720,129,108,21,21
16721,142,115,27,27
16722,96,97,-1,1
16723,112,103,9,9
16724,93,77,16,16
16725,57,56,1,1
16726,36,51,-15,15
16727,46,51,-5,5
16728,94,92,2,2
16729,57,60,-3,3
16730,106,106,0,0
16731,130,122,8,8
16732,62,60,2,2
16733,89,88,1,1
16734,137,122,15,15
16735,107,105,2,2
16736,58,56,2,2
16737,73,66,7,7
16738,86,81,5,5
16739,103,90,13,13
16740,121,111,10,10
16741,66,57,9,9
16742,87,88,-1,1
16743,59,53,6,6
16744,109,103,6,6
16745,79,84,-5,5
16746,68,66,2,2
16747,66,66,0,0
16748,72,73,-1,1
16749,100,91,9,9
16750,102,93,9,9
16751,55,57,-2,2
16752,98,91,7,7
16753,107,98,9,9
16754,77,61,16,16
16755,76,78,-2,2
16756,65,63,2,2
16757,134,108,26,26
16758,39,50,-11,11
16759,123,117,6,6
16760,64,61,3,3
16761,105,94,11,11
16762,66,64,2,2
16763,203,178,25,25
16764,144,110,34,34
16765,75,75,0,0
16766,106,95,11,11
16767,104,96,8,8
16768,73,76,-3,3
16769,83,70,13,13
16770,81,89,-8,8
16771,83,80,3,3
16772,100,100,0,0
16773,103,90,13,13
16774,76,72,4,4
16775,66,67,-1,1
16776,72,70,2,2
16777,87,92,-5,5
16778,81,89,-8,8
16779,109,97,12,12
16780,103,88,15,15
16781,112,112,0,0
16782,170,148,22,22
16783,89,84,5,5
16784,73,76,-3,3
16785,59,54,5,5
16786,135,121,14,14
16787,61,61,0,0
16788,78,77,1,1
16789,125,105,20,20
16790,64,68,-4,4
16791,54,58,-4,4
16792,119,105,14,14
16793,92,90,2,2
16794,117,107,10,10
16795,88,76,12,12
16796,99,92,7,7
16797,48,52,-4,4
16798,123,115,8,8
16799,113,106,7,7
16800,98,92,6,6
16801,66,60,6,6
16802,82,73,9,9
16803,38,52,-14,14
16804,86,82,4,4
16805,135,134,1,1
16806,140,123,17,17
16807,73,68,5,5
16808,95,91,4,4
16809,40,45,-5,5
16810,67,83,-16,16
16811,160,141,19,19
16812,121,106,15,15
16813,104,83,21,21
16814,98,90,8,8
16815,125,107,18,18
16816,119,99,20,20
16817,109,106,3,3
16818,73,71,2,2
16819,212,179,33,33
16820,81,73,8,8
16821,104,96,8,8
16822,44,48,-4,4
16823,82,65,17,17
16824,181,144,37,37
16825,50,51,-1,1
16826,90,95,-5,5
16827,87,79,8,8
16828,76,83,-7,7
16829,211,185,26,26
16830,104,91,13,13
16831,114,102,12,12
16832,143,135,8,8
16833,142,126,16,16
16834,153,153,0,0
16835,60,56,4,4
16836,60,61,-1,1
16837,111,87,24,24
16838,143,139,4,4
16839,76,76,0,0
16840,73,71,2,2
16841,76,66,10,10
16842,75,71,4,4
16843,58,60,-2,2
16844,57,52,5,5
16845,112,100,12,12
16846,151,129,22,22
16847,51,50,1,1
16848,64,67,-3,3
16849,80,77,3,3
16850,89,80,9,9
16851,155,136,19,19
16852,97,87,10,10
16853,82,81,1,1
16854,122,105,17,17
16855,110,105,5,5
16856,91,80,11,11
16857,27,57,-30,30
16858,55,54,1,1
16859,107,95,12,12
16860,61,63,-2,2
16861,67,69,-2,2
16862,111,110,1,1
16863,95,85,10,10
16864,129,118,11,11
16865,165,167,-2,2
16866,139,119,20,20
16867,97,120,-23,23
16868,88,82,6,6
16869,64,70,-6,6
16870,83,75,8,8
16871,118,107,11,11
16872,81,74,7,7
16873,78,72,6,6
16874,164,151,13,13
16875,60,78,-18,18
16876,23,31,-8,8
16877,60,58,2,2
16878,58,62,-4,4
16879,102,98,4,4
16880,100,92,8,8
16881,103,98,5,5
16882,98,82,16,16
16883,136,129,7,7
16884,110,99,11,11
16885,95,89,6,6
16886,113,106,7,7
16887,143,141,2,2
16888,141,127,14,14
16889,117,101,16,16
16890,63,67,-4,4
16891,83,71,12,12
16892,52,55,-3,3
16893,95,98,-3,3
16894,85,81,4,4
16895,75,78,-3,3
16896,137,122,15,15
16897,81,77,4,4
16898,55,53,2,2
16899,128,103,25,25
16900,135,108,27,27
16901,107,96,11,11
16902,68,68,0,0
16903,95,90,5,5
16904,131,114,17,17
16905,106,97,9,9
16906,84,93,-9,9
16907,120,113,7,7
16908,69,67,2,2
16909,93,92,1,1
16910,100,91,9,9
16911,152,134,18,18
16912,139,135,4,4
16913,109,101,8,8
16914,122,111,11,11
16915,70,67,3,3
16916,89,77,12,12
16917,81,66,15,15
16918,59,56,3,3
16919,74,73,1,1
16920,121,99,22,22
16921,88,77,11,11
16922,72,86,-14,14
16923,107,99,8,8
16924,47,54,-7,7
16925,105,95,10,10
16926,61,68,-7,7
16927,116,107,9,9
16928,110,97,13,13
16929,63,59,4,4
16930,121,104,17,17
16931,52,51,1,1
16932,92,79,13,13
16933,102,108,-6,6
16934,86,81,5,5
16935,171,176,-5,5
16936,97,98,-1,1
16937,105,86,19,19
16938,127,115,12,12
16939,84,87,-3,3
16940,99,85,14,14
16941,65,59,6,6
16942,86,71,15,15
16943,107,89,18,18
16944,84,77,7,7
16945,136,115,21,21
16946,82,70,12,12
16947,52,54,-2,2
16948,103,107,-4,4
16949,102,95,7,7
16950,126,109,17,17
16951,185,159,26,26
16952,143,123,20,20
16953,48,61,-13,13
16954,142,112,30,30
16955,58,62,-4,4
16956,164,150,14,14
16957,95,87,8,8
16958,191,175,16,16
16959,115,111,4,4
16960,58,58,0,0
16961,121,105,16,16
16962,101,92,9,9
16963,79,80,-1,1
16964,84,81,3,3
16965,69,63,6,6
16966,153,140,13,13
16967,67,69,-2,2
16968,69,79,-10,10
16969,71,73,-2,2
16970,94,91,3,3
16971,110,101,9,9
16972,105,98,7,7
16973,88,88,0,0
16974,93,90,3,3
16975,70,63,7,7
16976,65,66,-1,1
16977,62,64,-2,2
16978,120,108,12,12
16979,55,50,5,5
16980,73,74,-1,1
16981,102,93,9,9
16982,71,67,4,4
16983,111,119,-8,8
16984,156,141,15,15
16985,89,89,0,0
16986,67,62,5,5
16987,71,70,1,1
16988,71,71,0,0
16989,108,93,15,15
16990,72,67,5,5
16991,80,70,10,10
16992,104,86,18,18
16993,111,107,4,4
16994,58,55,3,3
16995,68,60,8,8
16996,92,81,11,11
16997,161,139,22,22
16998,107,90,17,17
16999,66,73,-7,7
17000,76,77,-1,1
17001,105,95,10,10
17002,140,119,21,21
17003,77,69,8,8
17004,70,72,-2,2
17005,133,116,17,17
17006,50,57,-7,7
17007,66,65,1,1
17008,60,69,-9,9
17009,72,74,-2,2
17010,123,99,24,24
17011,88,82,6,6
17012,110,98,12,12
17013,94,84,10,10
17014,88,79,9,9
17015,82,72,10,10
17016,107,114,-7,7
17017,69,63,6,6
17018,85,82,3,3
17019,81,79,2,2
17020,57,57,0,0
17021,124,105,19,19
17022,126,118,8,8
17023,59,51,8,8
17024,78,76,2,2
17025,112,108,4,4
17026,87,90,-3,3
17027,101,87,14,14
17028,101,92,9,9
17029,150,136,14,14
17030,135,114,21,21
17031,146,131,15,15
17032,61,61,0,0
17033,103,92,11,11
17034,134,116,18,18
17035,68,64,4,4
17036,84,71,13,13
17037,59,61,-2,2
17038,115,104,11,11
17039,98,77,21,21
17040,118,122,-4,4
17041,97,92,5,5
17042,94,98,-4,4
17043,143,124,19,19
17044,119,108,11,11
17045,82,84,-2,2
17046,86,88,-2,2
17047,79,78,1,1
17048,178,169,9,9
17049,151,125,26,26
17050,133,119,14,14
17051,71,74,-3,3
17052,56,51,5,5
17053,61,57,4,4
17054,69,72,-3,3
17055,95,91,4,4
17056,98,87,11,11
17057,88,84,4,4
17058,86,83,3,3
17059,79,79,0,0
17060,77,68,9,9
17061,88,96,-8,8
17062,110,97,13,13
17063,138,132,6,6
17064,98,98,0,0
17065,99,88,11,11
17066,73,68,5,5
17067,143,127,16,16
17068,44,41,3,3
17069,136,116,20,20
17070,150,130,20,20
17071,125,114,11,11
17072,134,118,16,16
17073,93,93,0,0
17074,107,96,11,11
17075,38,43,-5,5
17076,133,133,0,0
17077,151,135,16,16
17078,104,102,2,2
17079,83,76,7,7
17080,124,100,24,24
17081,161,148,13,13
17082,72,66,6,6
17083,77,77,0,0
17084,111,104,7,7
17085,107,100,7,7
17086,107,105,2,2
17087,98,97,1,1
17088,168,151,17,17
17089,100,85,15,15
17090,70,67,3,3
17091,68,64,4,4
17092,74,63,11,11
17093,129,120,9,9
17094,121,110,11,11
17095,69,63,6,6
17096,121,113,8,8
17097,103,95,8,8
17098,187,167,20,20
17099,61,59,2,2
17100,81,73,8,8
17101,117,117,0,0
17102,46,58,-12,12
17103,77,72,5,5
17104,85,83,2,2
17105,47,51,-4,4
17106,81,73,8,8
17107,99,85,14,14
17108,152,145,7,7
17109,58,68,-10,10
17110,45,51,-6,6
17111,87,80,7,7
17112,100,78,22,22
17113,41,37,4,4
17114,184,147,37,37
17115,72,70,2,2
17116,38,41,-3,3
17117,79,93,-14,14
17118,98,82,16,16
17119,71,70,1,1
17120,62,63,-1,1
17121,90,76,14,14
17122,97,78,19,19
17123,52,51,1,1
17124,74,63,11,11
17125,154,135,19,19
17126,99,88,11,11
17127,44,37,7,7
17128,85,75,10,10
17129,128,118,10,10
17130,128,104,24,24
17131,78,85,-7,7
17132,62,61,1,1
17133,112,112,0,0
17134,63,66,-3,3
17135,88,82,6,6
17136,51,51,0,0
17137,129,117,12,12
17138,65,63,2,2
17139,56,52,4,4
17140,102,90,12,12
17141,87,78,9,9
17142,129,117,12,12
17143,61,63,-2,2
17144,79,73,6,6
17145,57,64,-7,7
17146,171,140,31,31
17147,90,86,4,4
17148,96,86,10,10
17149,91,83,8,8
17150,47,52,-5,5
17151,87,93,-6,6
17152,86,95,-9,9
17153,133,125,8,8
17154,133,119,14,14
17155,89,88,1,1
17156,64,55,9,9
17157,54,55,-1,1
17158,99,106,-7,7
17159,91,85,6,6
17160,76,76,0,0
17161,75,72,3,3
17162,72,67,5,5
17163,107,105,2,2
17164,39,37,2,2
17165,99,89,10,10
17166,121,107,14,14
17167,89,80,9,9
17168,132,120,12,12
17169,108,109,-1,1
17170,84,71,13,13
17171,104,94,10,10
17172,68,67,1,1
17173,55,56,-1,1
17174,74,65,9,9
17175,85,84,1,1
17176,63,56,7,7
17177,77,73,4,4
17178,103,98,5,5
17179,66,65,1,1
17180,77,66,11,11
17181,112,97,15,15
17182,127,127,0,0
17183,100,97,3,3
17184,59,63,-4,4
17185,111,98,13,13
17186,29,31,-2,2
17187,77,72,5,5
17188,98,94,4,4
17189,108,101,7,7
17190,196,177,19,19
17191,79,74,5,5
17192,150,139,11,11
17193,99,88,11,11
17194,73,67,6,6
17195,75,72,3,3
17196,62,57,5,5
17197,77,77,0,0
17198,100,83,17,17
17199,139,131,8,8
17200,80,72,8,8
17201,151,115,36,36
17202,125,115,10,10
17203,70,74,-4,4
17204,141,123,18,18
17205,76,78,-2,2
17206,74,78,-4,4
17207,108,91,17,17
17208,146,117,29,29
17209,65,59,6,6
17210,92,95,-3,3
17211,98,89,9,9
17212,112,111,1,1
17213,155,128,27,27
17214,109,98,11,11
17215,127,112,15,15
17216,40,51,-11,11
17217,106,107,-1,1
17218,106,109,-3,3
17219,68,64,4,4
17220,73,71,2,2
17221,69,69,0,0
17222,93,89,4,4
17223,95,91,4,4
17224,99,89,10,10
17225,108,97,11,11
17226,77,73,4,4
17227,76,72,4,4
17228,102,97,5,5
17229,117,102,15,15
17230,88,83,5,5
17231,82,77,5,5
17232,99,90,9,9
17233,147,122,25,25
17234,66,64,2,2
17235,79,69,10,10
17236,62,67,-5,5
17237,175,152,23,23
17238,101,92,9,9
17239,64,68,-4,4
17240,74,71,3,3
17241,72,84,-12,12
17242,64,65,-1,1
17243,73,69,4,4
17244,48,55,-7,7
17245,186,160,26,26
17246,100,113,-13,13
17247,120,106,14,14
17248,53,60,-7,7
17249,120,102,18,18
17250,98,98,0,0
17251,34,38,-4,4
17252,97,88,9,9
17253,118,102,16,16
17254,128,107,21,21
17255,90,82,8,8
17256,63,64,-1,1
17257,160,127,33,33
17258,177,137,40,40
17259,185,165,20,20
17260,104,98,6,6
17261,68,66,2,2
17262,119,114,5,5
17263,110,95,15,15
17264,67,58,9,9
17265,56,58,-2,2
17266,160,138,22,22
17267,103,110,-7,7
17268,68,63,5,5
17269,112,107,5,5
17270,75,69,6,6
17271,101,97,4,4
17272,89,102,-13,13
17273,57,66,-9,9
17274,65,64,1,1
17275,95,97,-2,2
17276,93,90,3,3
17277,100,90,10,10
17278,127,120,7,7
17279,105,90,15,15
17280,58,52,6,6
17281,70,68,2,2
17282,146,135,11,11
17283,90,82,8,8
17284,75,71,4,4
17285,92,87,5,5
17286,122,110,12,12
17287,77,76,1,1
17288,50,51,-1,1
17289,69,69,0,0
17290,36,40,-4,4
17291,97,84,13,13
17292,81,81,0,0
17293,127,125,2,2
17294,142,130,12,12
17295,98,96,2,2
17296,91,76,15,15
17297,84,81,3,3
17298,94,87,7,7
17299,71,78,-7,7
17300,87,75,12,12
17301,109,99,10,10
17302,58,51,7,7
17303,63,65,-2,2
17304,65,64,1,1
17305,45,43,2,2
17306,87,72,15,15
17307,64,63,1,1
17308,82,79,3,3
17309,156,148,8,8
17310,138,108,30,30
17311,76,76,0,0
17312,134,117,17,17
17313,115,103,12,12
17314,92,88,4,4
17315,126,118,8,8
17316,103,98,5,5
17317,56,60,-4,4
17318,125,126,-1,1
17319,108,88,20,20
17320,69,66,3,3
17321,151,135,16,16
17322,88,88,0,0
17323,101,92,9,9
17324,165,152,13,13
17325,151,125,26,26
17326,82,75,7,7
17327,65,60,5,5
17328,93,88,5,5
17329,102,93,9,9
17330,71,73,-2,2
17331,66,68,-2,2
17332,101,97,4,4
17333,109,93,16,16
17334,67,59,8,8
17335,150,131,19,19
17336,71,51,20,20
17337,93,91,2,2
17338,106,103,3,3
17339,127,112,15,15
17340,167,150,17,17
17341,67,64,3,3
17342,137,126,11,11
17343,90,83,7,7
17344,48,51,-3,3
17345,79,70,9,9
17346,72,74,-2,2
17347,139,125,14,14
17348,81,80,1,1
17349,124,114,10,10
17350,114,97,17,17
17351,75,72,3,3
17352,73,71,2,2
17353,90,76,14,14
17354,156,143,13,13
17355,107,101,6,6
17356,88,82,6,6
17357,135,133,2,2
17358,120,98,22,22
17359,55,65,-10,10
17360,58,62,-4,4
17361,104,105,-1,1
17362,53,50,3,3
17363,65,59,6,6
17364,71,69,2,2
17365,36,46,-10,10
17366,135,115,20,20
17367,159,144,15,15
17368,118,98,20,20
17369,93,94,-1,1
17370,91,85,6,6
17371,66,69,-3,3
17372,68,58,10,10
17373,81,74,7,7
17374,138,132,6,6
17375,68,66,2,2
17376,128,123,5,5
17377,97,102,-5,5
17378,83,83,0,0
17379,194,164,30,30
17380,63,59,4,4
17381,68,63,5,5
17382,68,65,3,3
17383,89,89,0,0
17384,103,88,15,15
17385,113,113,0,0
17386,95,88,7,7
17387,93,76,17,17
17388,68,63,5,5
17389,57,51,6,6
17390,58,62,-4,4
17391,174,148,26,26
17392,71,69,2,2
17393,106,93,13,13
17394,63,60,3,3
17395,63,51,12,12
17396,126,108,18,18
17397,104,93,11,11
17398,83,79,4,4
17399,80,80,0,0
17400,175,155,20,20
17401,77,89,-12,12
17402,146,127,19,19
17403,78,71,7,7
17404,114,96,18,18
17405,86,93,-7,7
17406,149,137,12,12
17407,170,154,16,16
17408,121,107,14,14
17409,61,58,3,3
17410,64,55,9,9
17411,67,61,6,6
17412,99,100,-1,1
17413,185,157,28,28
17414,56,64,-8,8
17415,99,90,9,9
17416,75,79,-4,4
17417,85,71,14,14
17418,92,81,11,11
17419,91,80,11,11
17420,80,68,12,12
17421,56,69,-13,13
17422,80,70,10,10
17423,135,119,16,16
17424,98,110,-12,12
17425,150,142,8,8
17426,53,60,-7,7
17427,106,96,10,10
17428,74,73,1,1
17429,196,168,28,28
17430,88,78,10,10
17431,47,54,-7,7
17432,101,102,-1,1
17433,110,97,13,13
17434,116,107,9,9
17435,96,94,2,2
17436,65,59,6,6
17437,55,51,4,4
17438,140,131,9,9
17439,94,78,16,16
17440,89,77,12,12
17441,101,87,14,14
17442,80,70,10,10
17443,112,97,15,15
17444,106,106,0,0
17445,103,101,2,2
17446,60,59,1,1
17447,95,95,0,0
17448,87,84,3,3
17449,45,43,2,2
17450,92,89,3,3
17451,108,96,12,12
17452,98,88,10,10
17453,62,63,-1,1
17454,107,100,7,7
17455,74,65,9,9
17456,137,113,24,24
17457,75,71,4,4
17458,66,62,4,4
17459,100,90,10,10
17460,129,130,-1,1
17461,79,74,5,5
17462,111,95,16,16
17463,88,89,-1,1
17464,63,63,0,0
17465,95,94,1,1
17466,74,71,3,3
17467,108,99,9,9
17468,115,100,15,15
17469,96,88,8,8
17470,146,122,24,24
17471,178,153,25,25
17472,171,152,19,19
17473,171,143,28,28
17474,151,142,9,9
17475,90,87,3,3
17476,94,80,14,14
17477,89,74,15,15
17478,71,69,2,2
17479,223,189,34,34
17480,66,65,1,1
17481,116,105,11,11
17482,69,64,5,5
17483,153,131,22,22
17484,48,52,-4,4
17485,83,80,3,3
17486,177,153,24,24
17487,70,78,-8,8
17488,80,80,0,0
17489,77,76,1,1
17490,69,64,5,5
17491,81,73,8,8
17492,115,109,6,6
17493,96,97,-1,1
17494,94,82,12,12
17495,46,51,-5,5
17496,88,95,-7,7
17497,90,74,16,16
17498,89,87,2,2
17499,65,59,6,6
17500,78,74,4,4
17501,76,72,4,4
17502,116,98,18,18
17503,127,110,17,17
17504,146,134,12,12
17505,89,88,1,1
17506,42,61,-19,19
17507,73,63,10,10
17508,61,59,2,2
17509,79,70,9,9
17510,105,95,10,10
17511,64,62,2,2
17512,115,109,6,6
17513,66,71,-5,5
17514,75,71,4,4
17515,82,77,5,5
17516,46,55,-9,9
17517,106,102,4,4
17518,74,77,-3,3
17519,58,75,-17,17
17520,89,86,3,3
17521,76,70,6,6
17522,90,76,14,14
17523,108,99,9,9
17524,89,92,-3,3
17525,75,68,7,7
17526,98,88,10,10
17527,87,78,9,9
17528,65,65,0,0
17529,121,100,21,21
17530,63,65,-2,2
17531,139,134,5,5
17532,80,77,3,3
17533,75,71,4,4
17534,64,66,-2,2
17535,48,44,4,4
17536,115,105,10,10
17537,82,76,6,6
17538,120,109,11,11
17539,141,132,9,9
17540,67,69,-2,2
17541,48,62,-14,14
17542,117,104,13,13
17543,173,151,22,22
17544,74,76,-2,2
17545,53,52,1,1
17546,33,41,-8,8
17547,79,78,1,1
17548,76,69,7,7
17549,119,101,18,18
17550,139,124,15,15
17551,77,71,6,6
17552,115,106,9,9
17553,67,72,-5,5
17554,105,89,16,16
17555,127,119,8,8
17556,84,77,7,7
17557,106,104,2,2
17558,79,82,-3,3
17559,96,95,1,1
17560,82,73,9,9
17561,146,129,17,17
17562,98,94,4,4
17563,116,114,2,2
17564,42,43,-1,1
17565,82,80,2,2
17566,71,68,3,3
17567,103,87,16,16
17568,60,61,-1,1
17569,86,80,6,6
17570,137,116,21,21
17571,105,92,13,13
17572,68,71,-3,3
17573,94,92,2,2
17574,190,165,25,25
17575,61,56,5,5
17576,112,102,10,10
17577,72,61,11,11
17578,137,116,21,21
17579,85,82,3,3
17580,190,169,21,21
17581,145,138,7,7
17582,100,96,4,4
17583,143,122,21,21
17584,81,76,5,5
17585,58,61,-3,3
17586,79,85,-6,6
17587,119,108,11,11
17588,63,63,0,0
17589,106,94,12,12
17590,111,97,14,14
17591,90,86,4,4
17592,134,127,7,7
17593,129,107,22,22
17594,67,66,1,1
17595,128,119,9,9
17596,43,48,-5,5
17597,58,56,2,2
17598,123,118,5,5
17599,63,61,2,2
17600,61,64,-3,3
17601,74,59,15,15
17602,117,98,19,19
17603,132,102,30,30
17604,73,56,17,17
17605,127,116,11,11
17606,170,155,15,15
17607,101,99,2,2
17608,118,98,20,20
17609,73,67,6,6
17610,82,78,4,4
17611,100,93,7,7
17612,62,63,-1,1
17613,80,69,11,11
17614,50,51,-1,1
17615,68,66,2,2
17616,163,145,18,18
17617,49,50,-1,1
17618,75,73,2,2
17619,133,115,18,18
17620,115,107,8,8
17621,102,99,3,3
17622,74,72,2,2
17623,161,136,25,25
17624,130,122,8,8
17625,122,107,15,15
17626,109,96,13,13
17627,120,118,2,2
17628,72,51,21,21
17629,90,88,2,2
17630,80,87,-7,7
17631,103,104,-1,1
17632,134,118,16,16
17633,93,88,5,5
17634,82,77,5,5
17635,184,153,31,31
17636,84,80,4,4
17637,62,64,-2,2
17638,65,63,2,2
17639,68,70,-2,2
17640,118,108,10,10
17641,81,77,4,4
17642,116,109,7,7
17643,116,107,9,9
17644,85,74,11,11
17645,55,59,-4,4
17646,91,85,6,6
17647,79,76,3,3
17648,24,42,-18,18
17649,155,136,19,19
17650,97,80,17,17
17651,69,73,-4,4
17652,105,96,9,9
17653,158,146,12,12
17654,129,120,9,9
17655,115,100,15,15
17656,92,94,-2,2
17657,82,80,2,2
17658,100,95,5,5
17659,66,55,11,11
17660,46,51,-5,5
17661,141,135,6,6
17662,128,115,13,13
17663,101,77,24,24
17664,103,89,14,14
17665,75,69,6,6
17666,125,112,13,13
17667,50,50,0,0
17668,67,62,5,5
17669,91,88,3,3
17670,95,88,7,7
17671,133,115,18,18
17672,124,112,12,12
17673,59,54,5,5
17674,138,124,14,14
17675,132,121,11,11
17676,109,98,11,11
17677,72,73,-1,1
17678,84,81,3,3
17679,107,99,8,8
17680,73,77,-4,4
17681,76,74,2,2
17682,122,102,20,20
17683,107,102,5,5
17684,38,40,-2,2
17685,127,109,18,18
17686,82,71,11,11
17687,189,156,33,33
17688,115,101,14,14
17689,100,92,8,8
17690,70,63,7,7
17691,81,66,15,15
17692,150,150,0,0
17693,94,83,11,11
17694,88,80,8,8
17695,81,79,2,2
17696,148,136,12,12
17697,75,81,-6,6
17698,90,81,9,9
17699,124,111,13,13
17700,46,44,2,2
17701,103,100,3,3
17702,101,88,13,13
17703,93,87,6,6
17704,105,98,7,7
17705,91,86,5,5
17706,138,126,12,12
17707,85,81,4,4
17708,102,89,13,13
17709,72,78,-6,6
17710,81,76,5,5
17711,118,107,11,11
17712,114,113,1,1
17713,118,105,13,13
17714,79,78,1,1
17715,149,127,22,22
17716,74,75,-1,1
17717,46,50,-4,4
17718,76,65,11,11
17719,80,73,7,7
17720,124,126,-2,2
17721,126,123,3,3
17722,57,51,6,6
17723,91,97,-6,6
17724,206,166,40,40
17725,122,102,20,20
17726,89,88,1,1
17727,108,101,7,7
17728,170,147,23,23
17729,89,83,6,6
17730,90,80,10,10
17731,85,84,1,1
17732,80,67,13,13
17733,105,86,19,19
17734,84,69,15,15
17735,97,89,8,8
17736,60,59,1,1
17737,39,48,-9,9
17738,103,89,14,14
17739,122,114,8,8
17740,105,101,4,4
17741,72,73,-1,1
17742,72,74,-2,2
17743,126,111,15,15
17744,113,97,16,16
17745,88,77,11,11
17746,121,111,10,10
17747,88,86,2,2
17748,72,66,6,6
17749,65,70,-5,5
17750,74,77,-3,3
17751,112,109,3,3
17752,53,51,2,2
17753,138,123,15,15
17754,108,102,6,6
17755,65,63,2,2
17756,72,73,-1,1
17757,122,107,15,15
17758,48,56,-8,8
17759,93,83,10,10
17760,124,111,13,13
17761,92,86,6,6
17762,66,65,1,1
17763,69,64,5,5
17764,144,142,2,2
17765,103,100,3,3
17766,96,89,7,7
17767,107,96,11,11
17768,129,117,12,12
17769,60,57,3,3
17770,72,68,4,4
17771,53,51,2,2
17772,117,98,19,19
17773,109,103,6,6
17774,73,71,2,2
17775,121,106,15,15
17776,193,171,22,22
17777,69,72,-3,3
17778,80,64,16,16
17779,135,109,26,26
17780,47,49,-2,2
17781,75,68,7,7
17782,135,134,1,1
17783,97,88,9,9
17784,76,75,1,1
17785,108,99,9,9
17786,110,104,6,6
17787,87,86,1,1
17788,59,57,2,2
17789,163,144,19,19
17790,80,79,1,1
17791,169,140,29,29
17792,91,86,5,5
17793,122,110,12,12
17794,97,89,8,8
17795,63,67,-4,4
17796,139,132,7,7
17797,76,70,6,6
17798,80,75,5,5
17799,79,70,9,9
17800,112,104,8,8
17801,94,88,6,6
17802,103,100,3,3
17803,53,58,-5,5
17804,70,68,2,2
17805,156,144,12,12
17806,29,51,-22,22
17807,128,124,4,4
17808,125,118,7,7
17809,126,97,29,29
17810,50,77,-27,27
17811,152,140,12,12
17812,195,149,46,46
17813,76,77,-1,1
17814,87,80,7,7
17815,80,71,9,9
17816,66,61,5,5
17817,72,70,2,2
17818,104,104,0,0
17819,67,62,5,5
17820,109,102,7,7
17821,146,132,14,14
17822,59,67,-8,8
17823,78,71,7,7
17824,73,66,7,7
17825,139,126,13,13
17826,103,90,13,13
17827,112,110,2,2
17828,99,83,16,16
17829,68,73,-5,5
17830,53,61,-8,8
17831,152,118,34,34
17832,55,51,4,4
17833,96,97,-1,1
17834,78,74,4,4
17835,69,87,-18,18
17836,54,51,3,3
17837,118,100,18,18
17838,120,99,21,21
17839,45,58,-13,13
17840,94,84,10,10
17841,141,129,12,12
17842,81,82,-1,1
17843,85,88,-3,3
17844,100,96,4,4
17845,104,99,5,5
17846,189,153,36,36
17847,79,67,12,12
17848,98,91,7,7
17849,53,51,2,2
17850,139,120,19,19
17851,96,105,-9,9
17852,75,71,4,4
17853,74,74,0,0
17854,142,131,11,11
17855,135,140,-5,5
17856,40,40,0,0
17857,176,148,28,28
17858,55,58,-3,3
17859,70,76,-6,6
17860,71,71,0,0
17861,55,63,-8,8
17862,168,151,17,17
17863,146,123,23,23
17864,111,102,9,9
17865,117,92,25,25
17866,64,63,1,1
17867,106,93,13,13
17868,110,92,18,18
17869,79,75,4,4
17870,95,81,14,14
17871,121,109,12,12
17872,129,120,9,9
17873,98,82,16,16
17874,60,57,3,3
17875,53,56,-3,3
17876,121,102,19,19
17877,112,122,-10,10
17878,54,55,-1,1
17879,76,74,2,2
17880,126,124,2,2
17881,131,113,18,18
17882,45,49,-4,4
17883,135,123,12,12
17884,95,83,12,12
17885,80,70,10,10
17886,96,86,10,10
17887,143,124,19,19
17888,59,60,-1,1
17889,140,130,10,10
17890,73,71,2,2
17891,109,103,6,6
17892,116,114,2,2
17893,42,49,-7,7
17894,44,39,5,5
17895,151,136,15,15
17896,109,105,4,4
17897,106,85,21,21
17898,131,102,29,29
17899,139,122,17,17
17900,77,68,9,9
17901,127,110,17,17
17902,79,83,-4,4
17903,140,127,13,13
17904,63,59,4,4
17905,121,114,7,7
17906,65,61,4,4
17907,146,128,18,18
17908,110,96,14,14
17909,101,98,3,3
17910,35,40,-5,5
17911,105,94,11,11
17912,154,146,8,8
17913,72,66,6,6
17914,98,94,4,4
17915,126,123,3,3
17916,142,122,20,20
17917,98,105,-7,7
17918,82,82,0,0
17919,86,87,-1,1
17920,79,71,8,8
17921,111,92,19,19
17922,74,69,5,5
17923,58,55,3,3
17924,48,50,-2,2
17925,74,68,6,6
17926,123,110,13,13
17927,40,46,-6,6
17928,80,63,17,17
17929,63,58,5,5
17930,115,92,23,23
17931,107,101,6,6
17932,80,69,11,11
17933,85,79,6,6
17934,166,150,16,16
17935,71,74,-3,3
17936,56,60,-4,4
17937,48,54,-6,6
17938,96,84,12,12
17939,54,53,1,1
17940,124,115,9,9
17941,92,87,5,5
17942,51,54,-3,3
17943,62,64,-2,2
17944,89,81,8,8
17945,141,123,18,18
17946,87,68,19,19
17947,75,82,-7,7
17948,81,74,7,7
17949,65,79,-14,14
17950,90,77,13,13
17951,85,77,8,8
17952,71,71,0,0
17953,61,64,-3,3
17954,104,94,10,10
17955,98,96,2,2
17956,68,66,2,2
17957,77,67,10,10
17958,90,82,8,8
17959,71,80,-9,9
17960,59,69,-10,10
17961,109,92,17,17
17962,105,99,6,6
17963,175,151,24,24
17964,83,85,-2,2
17965,139,120,19,19
17966,68,66,2,2
17967,88,86,2,2
17968,75,66,9,9
17969,104,103,1,1
17970,126,107,19,19
17971,91,88,3,3
17972,94,92,2,2
17973,89,82,7,7
17974,41,44,-3,3
17975,91,104,-13,13
17976,81,78,3,3
17977,72,65,7,7
17978,146,120,26,26
17979,80,77,3,3
17980,141,111,30,30
17981,104,90,14,14
17982,111,95,16,16
17983,115,110,5,5
17984,67,63,4,4
17985,132,116,16,16
17986,118,110,8,8
17987,79,69,10,10
17988,67,75,-8,8
17989,158,125,33,33
17990,90,77,13,13
17991,78,76,2,2
17992,52,51,1,1
17993,67,66,1,1
17994,57,68,-11,11
17995,93,88,5,5
17996,73,69,4,4
17997,100,98,2,2
17998,150,125,25,25
17999,68,65,3,3
18000,74,72,2,2
18001,100,94,6,6
18002,92,94,-2,2
18003,101,100,1,1
18004,96,83,13,13
18005,161,138,23,23
18006,71,73,-2,2
18007,97,89,8,8
18008,62,58,4,4
18009,70,68,2,2
18010,106,93,13,13
18011,67,69,-2,2
18012,56,62,-6,6
18013,75,68,7,7
18014,47,45,2,2
18015,78,74,4,4
18016,62,54,8,8
18017,68,67,1,1
18018,106,93,13,13
18019,125,104,21,21
18020,84,91,-7,7
18021,107,97,10,10
18022,63,60,3,3
18023,76,82,-6,6
18024,98,84,14,14
18025,139,109,30,30
18026,94,89,5,5
18027,142,129,13,13
18028,121,110,11,11
18029,79,75,4,4
18030,123,114,9,9
18031,82,78,4,4
18032,174,157,17,17
18033,116,117,-1,1
18034,51,52,-1,1
18035,157,131,26,26
18036,57,57,0,0
18037,71,63,8,8
18038,30,31,-1,1
18039,102,94,8,8
18040,140,119,21,21
18041,156,145,11,11
18042,44,40,4,4
18043,157,138,19,19
18044,91,85,6,6
18045,111,111,0,0
18046,107,100,7,7
18047,83,83,0,0
18048,83,77,6,6
18049,103,91,12,12
18050,84,72,12,12
18051,79,72,7,7
18052,119,99,20,20
18053,66,67,-1,1
18054,34,53,-19,19
18055,134,119,15,15
18056,108,97,11,11
18057,60,65,-5,5
18058,33,33,0,0
18059,105,103,2,2
18060,71,72,-1,1
18061,92,91,1,1
18062,62,61,1,1
18063,54,57,-3,3
18064,85,85,0,0
18065,154,127,27,27
18066,109,95,14,14
18067,120,121,-1,1
18068,55,51,4,4
18069,102,105,-3,3
18070,58,55,3,3
18071,34,40,-6,6
18072,91,85,6,6
18073,110,97,13,13
18074,117,99,18,18
18075,102,117,-15,15
18076,95,84,11,11
18077,38,45,-7,7
18078,88,82,6,6
18079,107,91,16,16
18080,113,104,9,9
18081,58,56,2,2
18082,56,61,-5,5
18083,68,67,1,1
18084,59,57,2,2
18085,169,159,10,10
18086,70,61,9,9
18087,117,106,11,11
18088,84,78,6,6
18089,150,144,6,6
18090,123,123,0,0
18091,72,70,2,2
18092,108,102,6,6
18093,87,81,6,6
18094,123,135,-12,12
18095,79,75,4,4
18096,112,119,-7,7
18097,77,70,7,7
18098,123,110,13,13
18099,109,108,1,1
18100,82,71,11,11
18101,57,60,-3,3
18102,120,104,16,16
18103,117,114,3,3
18104,53,51,2,2
18105,72,73,-1,1
18106,90,77,13,13
18107,92,100,-8,8
18108,88,78,10,10
18109,55,68,-13,13
18110,62,52,10,10
18111,108,103,5,5
18112,85,72,13,13
18113,66,79,-13,13
18114,165,156,9,9
18115,124,123,1,1
18116,75,78,-3,3
18117,54,52,2,2
18118,141,127,14,14
18119,67,64,3,3
18120,94,90,4,4
18121,102,103,-1,1
18122,119,114,5,5
18123,53,57,-4,4
18124,122,125,-3,3
18125,60,59,1,1
18126,88,84,4,4
18127,101,97,4,4
18128,64,63,1,1
18129,48,62,-14,14
18130,75,67,8,8
18131,53,68,-15,15
18132,123,103,20,20
18133,90,81,9,9
18134,137,131,6,6
18135,95,93,2,2
18136,88,100,-12,12
18137,106,103,3,3
18138,155,135,20,20
18139,75,64,11,11
18140,62,62,0,0
18141,91,80,11,11
18142,58,55,3,3
18143,51,59,-8,8
18144,120,112,8,8
18145,94,91,3,3
18146,112,101,11,11
18147,84,92,-8,8
18148,67,69,-2,2
18149,83,78,5,5
18150,162,143,19,19
18151,122,113,9,9
18152,36,40,-4,4
18153,127,116,11,11
18154,75,85,-10,10
18155,119,97,22,22
18156,147,129,18,18
18157,105,96,9,9
18158,55,53,2,2
18159,90,80,10,10
18160,57,54,3,3
18161,100,95,5,5
18162,63,57,6,6
18163,58,62,-4,4
18164,140,135,5,5
18165,107,96,11,11
18166,71,74,-3,3
18167,145,134,11,11
18168,64,67,-3,3
18169,94,80,14,14
18170,71,65,6,6
18171,68,70,-2,2
18172,109,94,15,15
18173,67,66,1,1
18174,81,78,3,3
18175,101,88,13,13
18176,135,112,23,23
18177,60,51,9,9
18178,154,132,22,22
18179,131,112,19,19
18180,97,80,17,17
18181,65,62,3,3
18182,132,117,15,15
18183,95,92,3,3
18184,97,85,12,12
18185,122,105,17,17
18186,80,76,4,4
18187,89,78,11,11
18188,97,80,17,17
18189,106,98,8,8
18190,101,94,7,7
18191,116,118,-2,2
18192,70,83,-13,13
18193,44,47,-3,3
18194,149,132,17,17
18195,95,90,5,5
18196,79,73,6,6
18197,114,107,7,7
18198,77,67,10,10
18199,121,106,15,15
18200,80,77,3,3
18201,117,101,16,16
18202,150,129,21,21
18203,85,76,9,9
18204,72,77,-5,5
18205,112,99,13,13
18206,91,81,10,10
18207,61,55,6,6
18208,126,111,15,15
18209,78,71,7,7
18210,129,117,12,12
18211,71,70,1,1
18212,72,72,0,0
18213,166,149,17,17
18214,134,118,16,16
18215,36,34,2,2
18216,63,67,-4,4
18217,73,66,7,7
18218,88,85,3,3
18219,88,89,-1,1
18220,113,110,3,3
18221,138,120,18,18
18222,88,66,22,22
18223,127,119,8,8
18224,216,192,24,24
18225,108,100,8,8
18226,137,126,11,11
18227,66,75,-9,9
18228,68,72,-4,4
18229,100,89,11,11
18230,50,51,-1,1
18231,130,121,9,9
18232,100,99,1,1
18233,201,159,42,42
18234,53,53,0,0
18235,65,64,1,1
18236,60,56,4,4
18237,177,158,19,19
18238,88,77,11,11
18239,64,63,1,1
18240,141,133,8,8
18241,87,85,2,2
18242,144,127,17,17
18243,118,101,17,17
18244,84,83,1,1
18245,80,81,-1,1
18246,131,125,6,6
18247,61,64,-3,3
18248,93,84,9,9
18249,78,84,-6,6
18250,58,54,4,4
18251,99,84,15,15
18252,107,94,13,13
18253,119,108,11,11
18254,104,105,-1,1
18255,87,86,1,1
18256,88,77,11,11
18257,131,119,12,12
18258,126,114,12,12
18259,125,107,18,18
18260,99,99,0,0
18261,127,116,11,11
18262,34,53,-19,19
18263,77,68,9,9
18264,88,83,5,5
18265,106,111,-5,5
18266,104,93,11,11
18267,78,83,-5,5
18268,78,72,6,6
18269,211,173,38,38
18270,68,51,17,17
18271,110,102,8,8
18272,86,83,3,3
18273,102,96,6,6
18274,82,72,10,10
18275,57,54,3,3
18276,106,99,7,7
18277,52,52,0,0
18278,60,57,3,3
18279,78,75,3,3
18280,66,57,9,9
18281,134,118,16,16
18282,61,62,-1,1
18283,88,79,9,9
18284,95,92,3,3
18285,79,76,3,3
18286,109,101,8,8
18287,74,74,0,0
18288,82,73,9,9
18289,77,73,4,4
18290,89,81,8,8
18291,115,100,15,15
18292,64,63,1,1
18293,143,125,18,18
18294,189,165,24,24
18295,27,38,-11,11
18296,82,84,-2,2
18297,127,126,1,1
18298,121,105,16,16
18299,103,96,7,7
18300,55,54,1,1
18301,163,152,11,11
18302,93,89,4,4
18303,95,88,7,7
18304,123,116,7,7
18305,59,58,1,1
18306,112,97,15,15
18307,76,73,3,3
18308,77,82,-5,5
18309,62,62,0,0
18310,71,70,1,1
18311,60,58,2,2
18312,141,133,8,8
18313,91,88,3,3
18314,96,85,11,11
18315,58,59,-1,1
18316,93,85,8,8
18317,165,152,13,13
18318,199,180,19,19
18319,98,91,7,7
18320,152,143,9,9
18321,81,70,11,11
18322,93,81,12,12
18323,122,105,17,17
18324,83,78,5,5
18325,82,81,1,1
18326,61,63,-2,2
18327,87,86,1,1
18328,44,56,-12,12
18329,90,94,-4,4
18330,50,53,-3,3
18331,122,110,12,12
18332,82,78,4,4
18333,101,99,2,2
18334,93,90,3,3
18335,132,112,20,20
18336,111,110,1,1
18337,96,78,18,18
18338,47,49,-2,2
18339,113,104,9,9
18340,182,167,15,15
18341,107,117,-10,10
18342,99,101,-2,2
18343,72,71,1,1
18344,84,82,2,2
18345,55,53,2,2
18346,154,145,9,9
18347,39,43,-4,4
18348,107,97,10,10
18349,89,89,0,0
18350,114,110,4,4
18351,99,95,4,4
18352,76,77,-1,1
18353,61,63,-2,2
18354,112,93,19,19
18355,79,74,5,5
18356,81,74,7,7
18357,80,80,0,0
18358,49,56,-7,7
18359,48,41,7,7
18360,113,103,10,10
18361,91,94,-3,3
18362,76,73,3,3
18363,144,135,9,9
18364,67,65,2,2
18365,81,68,13,13
18366,111,100,11,11
18367,78,75,3,3
18368,53,57,-4,4
18369,77,76,1,1
18370,71,79,-8,8
18371,76,68,8,8
18372,65,64,1,1
18373,90,85,5,5
18374,165,144,21,21
18375,188,170,18,18
18376,58,147,-89,89
18377,81,76,5,5
18378,65,65,0,0
18379,91,87,4,4
18380,116,107,9,9
18381,145,125,20,20
18382,111,107,4,4
18383,146,129,17,17
18384,119,102,17,17
18385,91,87,4,4
18386,116,110,6,6
18387,48,49,-1,1
18388,107,110,-3,3
18389,63,62,1,1
18390,120,102,18,18
18391,86,79,7,7
18392,93,86,7,7
18393,89,87,2,2
18394,95,91,4,4
18395,90,78,12,12
18396,104,92,12,12
18397,144,131,13,13
18398,119,101,18,18
18399,82,78,4,4
18400,61,73,-12,12
18401,93,92,1,1
18402,142,120,22,22
18403,73,69,4,4
18404,133,109,24,24
18405,128,125,3,3
18406,104,94,10,10
18407,90,82,8,8
18408,88,90,-2,2
18409,65,74,-9,9
18410,102,91,11,11
18411,176,144,32,32
18412,90,89,1,1
18413,241,201,40,40
18414,115,93,22,22
18415,69,64,5,5
18416,94,81,13,13
18417,123,111,12,12
18418,96,102,-6,6
18419,90,90,0,0
18420,59,60,-1,1
18421,76,70,6,6
18422,72,68,4,4
18423,70,71,-1,1
18424,67,63,4,4
18425,83,81,2,2
18426,205,170,35,35
18427,62,65,-3,3
18428,214,188,26,26
18429,79,69,10,10
18430,142,121,21,21
18431,88,80,8,8
18432,107,103,4,4
18433,120,103,17,17
18434,108,99,9,9
18435,102,90,12,12
18436,64,64,0,0
18437,86,88,-2,2
18438,70,69,1,1
18439,130,102,28,28
18440,97,83,14,14
18441,85,84,1,1
18442,67,58,9,9
18443,142,108,34,34
18444,48,55,-7,7
18445,88,77,11,11
18446,123,117,6,6
18447,69,73,-4,4
18448,92,84,8,8
18449,69,71,-2,2
18450,45,49,-4,4
18451,64,61,3,3
18452,84,72,12,12
18453,131,117,14,14
18454,78,76,2,2
18455,32,37,-5,5
18456,85,76,9,9
18457,100,88,12,12
18458,99,79,20,20
18459,125,109,16,16
18460,91,77,14,14
18461,196,172,24,24
18462,94,111,-17,17
18463,54,51,3,3
18464,134,116,18,18
18465,168,141,27,27
18466,64,59,5,5
18467,73,73,0,0
18468,96,82,14,14
18469,82,70,12,12
18470,48,52,-4,4
18471,65,67,-2,2
18472,121,116,5,5
18473,102,98,4,4
18474,69,64,5,5
18475,92,86,6,6
18476,79,75,4,4
18477,107,103,4,4
18478,76,85,-9,9
18479,73,74,-1,1
18480,75,66,9,9
18481,150,143,7,7
18482,149,133,16,16
18483,144,126,18,18
18484,113,102,11,11
18485,62,67,-5,5
18486,108,102,6,6
18487,103,100,3,3
18488,58,89,-31,31
18489,42,53,-11,11
18490,115,96,19,19
18491,58,83,-25,25
18492,115,96,19,19
18493,109,95,14,14
18494,51,40,11,11
18495,70,65,5,5
18496,68,78,-10,10
18497,143,131,12,12
18498,83,68,15,15
18499,116,101,15,15
18500,45,50,-5,5
18501,90,84,6,6
18502,67,63,4,4
18503,100,95,5,5
18504,113,108,5,5
18505,30,43,-13,13
18506,98,93,5,5
18507,67,67,0,0
18508,53,57,-4,4
18509,105,97,8,8
18510,123,120,3,3
18511,57,56,1,1
18512,125,107,18,18
18513,98,89,9,9
18514,111,104,7,7
18515,122,109,13,13
18516,117,110,7,7
18517,74,73,1,1
18518,84,77,7,7
18519,143,129,14,14
18520,121,106,15,15
18521,121,110,11,11
18522,99,90,9,9
18523,103,88,15,15
18524,104,82,22,22
18525,63,55,8,8
18526,222,176,46,46
18527,113,97,16,16
18528,88,86,2,2
18529,122,97,25,25
18530,109,111,-2,2
18531,72,63,9,9
18532,64,61,3,3
18533,144,124,20,20
18534,82,77,5,5
18535,82,82,0,0
18536,162,143,19,19
18537,112,112,0,0
18538,62,61,1,1
18539,78,90,-12,12
18540,48,44,4,4
18541,90,84,6,6
18542,130,110,20,20
18543,70,68,2,2
18544,141,139,2,2
18545,138,124,14,14
18546,126,94,32,32
18547,71,68,3,3
18548,89,89,0,0
18549,138,124,14,14
18550,70,62,8,8
18551,123,107,16,16
18552,72,71,1,1
18553,107,103,4,4
18554,58,53,5,5
18555,90,78,12,12
18556,136,131,5,5
18557,163,146,17,17
18558,108,94,14,14
18559,83,64,19,19
18560,117,106,11,11
18561,142,126,16,16
18562,69,65,4,4
18563,100,86,14,14
18564,211,176,35,35
18565,148,140,8,8
18566,82,76,6,6
18567,86,84,2,2
18568,201,178,23,23
18569,113,112,1,1
18570,126,118,8,8
18571,64,59,5,5
18572,98,90,8,8
18573,51,51,0,0
18574,93,98,-5,5
18575,60,59,1,1
18576,82,75,7,7
18577,95,104,-9,9
18578,94,80,14,14
18579,81,76,5,5
18580,111,107,4,4
18581,63,68,-5,5
18582,55,55,0,0
18583,142,130,12,12
18584,139,114,25,25
18585,118,107,11,11
18586,209,161,48,48
18587,73,70,3,3
18588,103,100,3,3
18589,118,113,5,5
18590,124,107,17,17
18591,79,86,-7,7
18592,124,109,15,15
18593,129,119,10,10
18594,91,80,11,11
18595,83,85,-2,2
18596,120,98,22,22
18597,91,80,11,11
18598,101,91,10,10
18599,117,102,15,15
18600,154,132,22,22
18601,83,79,4,4
18602,113,106,7,7
18603,83,81,2,2
18604,106,107,-1,1
18605,47,51,-4,4
18606,63,61,2,2
18607,99,89,10,10
18608,47,64,-17,17
18609,111,97,14,14
18610,111,98,13,13
18611,152,133,19,19
18612,91,95,-4,4
18613,111,104,7,7
18614,103,107,-4,4
18615,80,80,0,0
18616,133,119,14,14
18617,83,76,7,7
18618,67,60,7,7
18619,124,120,4,4
18620,93,95,-2,2
18621,80,77,3,3
18622,64,68,-4,4
18623,74,84,-10,10
18624,92,87,5,5
18625,122,107,15,15
18626,92,99,-7,7
18627,111,105,6,6
18628,148,123,25,25
18629,102,88,14,14
18630,101,93,8,8
18631,89,82,7,7
18632,94,96,-2,2
18633,78,75,3,3
18634,88,76,12,12
18635,87,91,-4,4
18636,59,50,9,9
18637,75,75,0,0
18638,101,97,4,4
18639,96,95,1,1
18640,64,63,1,1
18641,106,90,16,16
18642,90,87,3,3
18643,95,93,2,2
18644,107,102,5,5
18645,95,91,4,4
18646,78,80,-2,2
18647,124,143,-19,19
18648,142,133,9,9
18649,73,68,5,5
18650,111,103,8,8
18651,92,74,18,18
18652,205,167,38,38
18653,93,82,11,11
18654,87,92,-5,5
18655,43,40,3,3
18656,51,56,-5,5
18657,102,97,5,5
18658,85,92,-7,7
18659,152,136,16,16
18660,69,68,1,1
18661,47,51,-4,4
18662,52,56,-4,4
18663,94,93,1,1
18664,149,133,16,16
18665,81,65,16,16
18666,96,81,15,15
18667,88,82,6,6
18668,81,74,7,7
18669,129,115,14,14
18670,107,121,-14,14
18671,93,79,14,14
18672,90,85,5,5
18673,72,73,-1,1
18674,82,78,4,4
18675,73,71,2,2
18676,102,95,7,7
18677,52,57,-5,5
18678,79,82,-3,3
18679,131,114,17,17
18680,56,52,4,4
18681,58,52,6,6
18682,66,61,5,5
18683,58,60,-2,2
18684,76,76,0,0
18685,83,75,8,8
18686,84,78,6,6
18687,100,96,4,4
18688,114,97,17,17
18689,112,106,6,6
18690,104,92,12,12
18691,110,103,7,7
18692,160,151,9,9
18693,98,91,7,7
18694,122,114,8,8
18695,39,40,-1,1
18696,120,114,6,6
18697,84,79,5,5
18698,64,76,-12,12
18699,87,89,-2,2
18700,102,94,8,8
18701,87,83,4,4
18702,76,67,9,9
18703,132,121,11,11
18704,65,60,5,5
18705,136,114,22,22
18706,87,71,16,16
18707,93,84,9,9
18708,130,114,16,16
18709,96,86,10,10
18710,93,83,10,10
18711,67,71,-4,4
18712,116,107,9,9
18713,81,84,-3,3
18714,107,101,6,6
18715,70,57,13,13
18716,113,101,12,12
18717,78,78,0,0
18718,93,81,12,12
18719,62,67,-5,5
18720,43,43,0,0
18721,81,72,9,9
18722,85,80,5,5
18723,128,109,19,19
18724,110,105,5,5
18725,37,34,3,3
18726,66,71,-5,5
18727,56,53,3,3
18728,95,87,8,8
18729,95,89,6,6
18730,92,86,6,6
18731,99,97,2,2
18732,75,76,-1,1
18733,186,151,35,35
18734,30,31,-1,1
18735,63,64,-1,1
18736,60,47,13,13
18737,38,42,-4,4
18738,70,73,-3,3
18739,85,79,6,6
18740,71,53,18,18
18741,122,116,6,6
18742,45,43,2,2
18743,94,84,10,10
18744,133,118,15,15
18745,89,76,13,13
18746,85,73,12,12
18747,80,76,4,4
18748,141,121,20,20
18749,108,98,10,10
18750,39,51,-12,12
18751,85,95,-10,10
18752,99,94,5,5
18753,81,73,8,8
18754,123,116,7,7
18755,98,91,7,7
18756,81,80,1,1
18757,110,104,6,6
18758,64,70,-6,6
18759,75,79,-4,4
18760,59,52,7,7
18761,66,70,-4,4
18762,81,62,19,19
18763,92,86,6,6
18764,115,104,11,11
18765,129,124,5,5
18766,99,88,11,11
18767,72,72,0,0
18768,91,86,5,5
18769,69,72,-3,3
18770,80,71,9,9
18771,89,89,0,0
18772,92,94,-2,2
18773,95,87,8,8
18774,166,139,27,27
18775,61,54,7,7
18776,59,51,8,8
18777,42,51,-9,9
18778,53,56,-3,3
18779,101,93,8,8
18780,90,78,12,12
18781,116,103,13,13
18782,83,72,11,11
18783,89,83,6,6
18784,121,109,12,12
18785,74,59,15,15
18786,113,96,17,17
18787,85,82,3,3
18788,137,126,11,11
18789,72,80,-8,8
18790,78,66,12,12
18791,113,114,-1,1
18792,144,109,35,35
18793,54,55,-1,1
18794,74,67,7,7
18795,72,68,4,4
18796,73,72,1,1
18797,163,131,32,32
18798,96,92,4,4
18799,90,83,7,7
18800,64,62,2,2
18801,61,61,0,0
18802,79,74,5,5
18803,118,114,4,4
18804,70,63,7,7
18805,108,100,8,8
18806,83,100,-17,17
18807,55,55,0,0
18808,139,127,12,12
18809,49,50,-1,1
18810,159,136,23,23
18811,30,41,-11,11
18812,111,108,3,3
18813,112,102,10,10
18814,149,139,10,10
18815,104,93,11,11
18816,166,133,33,33
18817,76,68,8,8
18818,128,126,2,2
18819,54,57,-3,3
18820,99,96,3,3
18821,53,51,2,2
18822,98,90,8,8
18823,94,92,2,2
18824,144,138,6,6
18825,47,46,1,1
18826,124,122,2,2
18827,137,138,-1,1
18828,55,50,5,5
18829,79,66,13,13
18830,103,97,6,6
18831,67,69,-2,2
18832,45,43,2,2
18833,129,109,20,20
18834,33,51,-18,18
18835,108,101,7,7
18836,68,63,5,5
18837,165,142,23,23
18838,108,91,17,17
18839,142,115,27,27
18840,108,102,6,6
18841,56,59,-3,3
18842,73,74,-1,1
18843,121,110,11,11
18844,139,133,6,6
18845,124,110,14,14
18846,59,56,3,3
18847,98,108,-10,10
18848,42,41,1,1
18849,94,94,0,0
18850,120,103,17,17
18851,64,65,-1,1
18852,52,57,-5,5
18853,193,170,23,23
18854,99,88,11,11
18855,73,76,-3,3
18856,166,127,39,39
18857,116,107,9,9
18858,69,81,-12,12
18859,67,64,3,3
18860,81,68,13,13
18861,112,95,17,17
18862,120,98,22,22
18863,67,56,11,11
18864,105,86,19,19
18865,146,125,21,21
18866,110,94,16,16
18867,90,83,7,7
18868,94,78,16,16
18869,106,113,-7,7
18870,95,89,6,6
18871,112,105,7,7
18872,104,88,16,16
18873,60,63,-3,3
18874,93,74,19,19
18875,171,155,16,16
18876,57,52,5,5
18877,106,94,12,12
18878,83,84,-1,1
18879,65,52,13,13
18880,111,105,6,6
18881,117,113,4,4
18882,71,70,1,1
18883,46,58,-12,12
18884,87,96,-9,9
18885,80,73,7,7
18886,58,59,-1,1
18887,47,53,-6,6
18888,196,164,32,32
18889,100,96,4,4
18890,122,118,4,4
18891,126,118,8,8
18892,61,59,2,2
18893,68,72,-4,4
18894,90,93,-3,3
18895,96,93,3,3
18896,154,146,8,8
18897,153,140,13,13
18898,83,76,7,7
18899,130,117,13,13
18900,110,96,14,14
18901,122,111,11,11
18902,85,74,11,11
18903,55,53,2,2
18904,85,77,8,8
18905,122,109,13,13
18906,71,66,5,5
18907,149,128,21,21
18908,101,91,10,10
18909,81,87,-6,6
18910,95,88,7,7
18911,120,109,11,11
18912,137,131,6,6
18913,132,133,-1,1
18914,83,73,10,10
18915,121,109,12,12
18916,121,108,13,13
18917,125,128,-3,3
18918,81,78,3,3
18919,137,129,8,8
18920,89,82,7,7
18921,113,102,11,11
18922,23,36,-13,13
18923,123,99,24,24
18924,172,157,15,15
18925,64,61,3,3
18926,122,120,2,2
18927,67,65,2,2
18928,86,79,7,7
18929,42,51,-9,9
18930,126,112,14,14
18931,148,121,27,27
18932,81,70,11,11
18933,78,76,2,2
18934,74,70,4,4
18935,52,55,-3,3
18936,67,64,3,3
18937,69,65,4,4
18938,76,78,-2,2
18939,56,55,1,1
18940,103,106,-3,3
18941,86,91,-5,5
18942,67,71,-4,4
18943,74,75,-1,1
18944,61,56,5,5
18945,42,55,-13,13
18946,106,95,11,11
18947,59,55,4,4
18948,65,59,6,6
18949,148,141,7,7
18950,161,139,22,22
18951,140,123,17,17
18952,140,123,17,17
18953,70,73,-3,3
18954,157,135,22,22
18955,70,76,-6,6
18956,110,109,1,1
18957,132,142,-10,10
18958,40,55,-15,15
18959,115,99,16,16
18960,165,148,17,17
18961,46,56,-10,10
18962,108,109,-1,1
18963,145,131,14,14
18964,153,131,22,22
18965,64,62,2,2
18966,104,99,5,5
18967,104,86,18,18
18968,103,89,14,14
18969,99,100,-1,1
18970,58,58,0,0
18971,78,71,7,7
18972,116,110,6,6
18973,95,104,-9,9
18974,77,70,7,7
18975,100,90,10,10
18976,147,130,17,17
18977,73,71,2,2
18978,90,88,2,2
18979,91,85,6,6
18980,136,120,16,16
18981,156,130,26,26
18982,71,68,3,3
18983,65,61,4,4
18984,82,76,6,6
18985,116,105,11,11
18986,134,119,15,15
18987,70,71,-1,1
18988,98,91,7,7
18989,194,171,23,23
18990,58,61,-3,3
18991,111,136,-25,25
18992,55,53,2,2
18993,105,97,8,8
18994,85,81,4,4
18995,105,90,15,15
18996,83,85,-2,2
18997,96,83,13,13
18998,83,75,8,8
18999,153,140,13,13
19000,81,77,4,4
19001,60,59,1,1
19002,137,129,8,8
19003,140,123,17,17
19004,88,87,1,1
19005,124,115,9,9
19006,101,89,12,12
19007,84,74,10,10
19008,99,91,8,8
19009,59,51,8,8
19010,83,89,-6,6
19011,113,112,1,1
19012,83,84,-1,1
19013,65,64,1,1
19014,52,58,-6,6
19015,120,115,5,5
19016,102,85,17,17
19017,50,72,-22,22
19018,134,128,6,6
19019,90,84,6,6
19020,79,71,8,8
19021,78,78,0,0
19022,122,104,18,18
19023,69,69,0,0
19024,72,68,4,4
19025,71,70,1,1
19026,112,88,24,24
19027,111,94,17,17
19028,96,94,2,2
19029,96,88,8,8
19030,67,67,0,0
19031,102,97,5,5
19032,71,74,-3,3
19033,147,135,12,12
19034,123,118,5,5
19035,89,73,16,16
19036,72,74,-2,2
19037,81,81,0,0
19038,61,59,2,2
19039,79,71,8,8
19040,112,96,16,16
19041,167,157,10,10
19042,74,73,1,1
19043,122,105,17,17
19044,78,83,-5,5
19045,64,62,2,2
19046,72,72,0,0
19047,90,79,11,11
19048,86,73,13,13
19049,122,108,14,14
19050,70,61,9,9
19051,80,75,5,5
19052,55,54,1,1
19053,86,73,13,13
19054,117,109,8,8
19055,95,89,6,6
19056,88,81,7,7
19057,123,101,22,22
19058,102,90,12,12
19059,73,65,8,8
19060,33,32,1,1
19061,133,111,22,22
19062,65,70,-5,5
19063,75,61,14,14
19064,39,37,2,2
19065,119,101,18,18
19066,88,84,4,4
19067,110,94,16,16
19068,59,62,-3,3
19069,94,96,-2,2
19070,90,81,9,9
19071,64,61,3,3
19072,111,102,9,9
19073,95,90,5,5
19074,77,73,4,4
19075,60,57,3,3
19076,151,138,13,13
19077,90,78,12,12
19078,65,68,-3,3
19079,100,105,-5,5
19080,59,61,-2,2
19081,89,83,6,6
19082,91,94,-3,3
19083,152,135,17,17
19084,58,54,4,4
19085,98,99,-1,1
19086,111,99,12,12
19087,94,82,12,12
19088,98,94,4,4
19089,99,86,13,13
19090,132,117,15,15
19091,99,109,-10,10
19092,163,161,2,2
19093,105,90,15,15
19094,109,105,4,4
19095,49,51,-2,2
19096,97,105,-8,8
19097,153,132,21,21
19098,73,94,-21,21
19099,71,70,1,1
19100,89,77,12,12
19101,110,89,21,21
19102,73,71,2,2
19103,151,116,35,35
19104,146,129,17,17
19105,74,71,3,3
19106,76,65,11,11
19107,57,103,-46,46
19108,96,79,17,17
19109,143,116,27,27
19110,98,78,20,20
19111,74,74,0,0
19112,78,72,6,6
19113,139,142,-3,3
19114,81,79,2,2
19115,74,76,-2,2
19116,81,76,5,5
19117,149,150,-1,1
19118,59,64,-5,5
19119,92,91,1,1
19120,88,79,9,9
19121,94,88,6,6
19122,106,98,8,8
19123,143,116,27,27
19124,61,63,-2,2
19125,84,74,10,10
19126,107,102,5,5
19127,129,126,3,3
19128,80,74,6,6
19129,89,86,3,3
19130,159,141,18,18
19131,44,50,-6,6
19132,116,109,7,7
19133,79,76,3,3
19134,82,71,11,11
19135,77,73,4,4
19136,124,109,15,15
19137,97,94,3,3
19138,62,66,-4,4
19139,65,65,0,0
19140,78,69,9,9
19141,105,96,9,9
19142,107,107,0,0
19143,60,62,-2,2
19144,63,59,4,4
19145,71,67,4,4
19146,122,116,6,6
19147,76,72,4,4
19148,137,129,8,8
19149,89,83,6,6
19150,87,88,-1,1
19151,147,135,12,12
19152,121,125,-4,4
19153,91,78,13,13
19154,62,57,5,5
19155,77,81,-4,4
19156,95,87,8,8
19157,71,69,2,2
19158,129,130,-1,1
19159,114,106,8,8
19160,196,170,26,26
19161,113,105,8,8
19162,122,103,19,19
19163,120,104,16,16
19164,104,110,-6,6
19165,99,89,10,10
19166,80,77,3,3
19167,69,74,-5,5
19168,100,98,2,2
19169,63,63,0,0
19170,145,126,19,19
19171,55,51,4,4
19172,91,82,9,9
19173,148,128,20,20
19174,75,66,9,9
19175,106,98,8,8
19176,179,150,29,29
19177,86,88,-2,2
19178,72,71,1,1
19179,127,120,7,7
19180,68,60,8,8
19181,69,82,-13,13
19182,136,130,6,6
19183,91,86,5,5
19184,102,99,3,3
19185,128,110,18,18
19186,94,87,7,7
19187,105,97,8,8
19188,146,126,20,20
19189,72,63,9,9
19190,105,95,10,10
19191,137,121,16,16
19192,169,149,20,20
19193,130,141,-11,11
19194,126,117,9,9
19195,125,109,16,16
19196,102,96,6,6
19197,74,67,7,7
19198,74,82,-8,8
19199,97,91,6,6
19200,113,102,11,11
19201,54,54,0,0
19202,127,103,24,24
19203,73,76,-3,3
19204,145,140,5,5
19205,117,106,11,11
19206,123,111,12,12
19207,188,151,37,37
19208,75,82,-7,7
19209,76,80,-4,4
19210,45,51,-6,6
19211,86,79,7,7
19212,74,73,1,1
19213,103,104,-1,1
19214,140,116,24,24
19215,95,90,5,5
19216,102,98,4,4
19217,34,40,-6,6
19218,101,92,9,9
19219,62,69,-7,7
19220,81,84,-3,3
19221,84,81,3,3
19222,114,118,-4,4
19223,90,79,11,11
19224,66,88,-22,22
19225,98,90,8,8
19226,68,73,-5,5
19227,115,101,14,14
19228,101,74,27,27
19229,137,116,21,21
19230,125,115,10,10
19231,84,82,2,2
19232,43,54,-11,11
19233,99,88,11,11
19234,126,120,6,6
19235,97,91,6,6
19236,105,90,15,15
19237,74,76,-2,2
19238,108,99,9,9
19239,70,63,7,7
19240,49,52,-3,3
19241,133,119,14,14
19242,105,92,13,13
19243,147,138,9,9
19244,98,91,7,7
19245,124,109,15,15
19246,73,70,3,3
19247,78,67,11,11
19248,106,103,3,3
19249,63,55,8,8
19250,87,86,1,1
19251,80,73,7,7
19252,101,93,8,8
19253,80,75,5,5
19254,107,91,16,16
19255,65,68,-3,3
19256,62,57,5,5
19257,124,117,7,7
19258,37,36,1,1
19259,109,98,11,11
19260,48,54,-6,6
19261,152,129,23,23
19262,163,148,15,15
19263,126,113,13,13
19264,62,77,-15,15
19265,128,126,2,2
19266,104,96,8,8
19267,110,115,-5,5
19268,79,79,0,0
19269,79,75,4,4
19270,145,128,17,17
19271,74,78,-4,4
19272,59,62,-3,3
19273,107,99,8,8
19274,88,87,1,1
19275,47,57,-10,10
19276,111,107,4,4
19277,108,95,13,13
19278,133,112,21,21
19279,155,146,9,9
19280,85,80,5,5
19281,135,115,20,20
19282,104,92,12,12
19283,149,142,7,7
19284,78,75,3,3
19285,76,72,4,4
19286,96,92,4,4
19287,130,110,20,20
19288,90,81,9,9
19289,55,77,-22,22
19290,123,122,1,1
19291,65,62,3,3
19292,69,54,15,15
19293,50,54,-4,4
19294,51,61,-10,10
19295,81,68,13,13
19296,108,100,8,8
19297,81,77,4,4
19298,42,43,-1,1
19299,141,110,31,31
19300,66,70,-4,4
19301,103,92,11,11
19302,147,128,19,19
19303,105,85,20,20
19304,136,106,30,30
19305,58,61,-3,3
19306,108,85,23,23
19307,63,58,5,5
19308,116,109,7,7
19309,147,127,20,20
19310,73,67,6,6
19311,92,88,4,4
19312,63,62,1,1
19313,98,92,6,6
19314,153,137,16,16
19315,98,90,8,8
19316,68,73,-5,5
19317,70,56,14,14
19318,69,121,-52,52
19319,68,64,4,4
19320,66,62,4,4
19321,83,78,5,5
19322,113,98,15,15
19323,123,104,19,19
19324,39,42,-3,3
19325,127,106,21,21
19326,119,112,7,7
19327,80,74,6,6
19328,202,204,-2,2
19329,71,75,-4,4
19330,49,51,-2,2
19331,73,79,-6,6
19332,90,92,-2,2
19333,86,80,6,6
19334,71,77,-6,6
19335,62,65,-3,3
19336,89,81,8,8
19337,205,169,36,36
19338,157,121,36,36
19339,95,103,-8,8
19340,54,61,-7,7
19341,86,82,4,4
19342,105,99,6,6
19343,51,60,-9,9
19344,56,55,1,1
19345,142,132,10,10
19346,151,127,24,24
19347,72,67,5,5
19348,71,78,-7,7
19349,73,67,6,6
19350,58,57,1,1
19351,175,184,-9,9
19352,132,118,14,14
19353,102,97,5,5
19354,115,105,10,10
19355,92,98,-6,6
19356,77,73,4,4
19357,113,102,11,11
19358,103,100,3,3
19359,147,145,2,2
19360,93,104,-11,11
19361,105,100,5,5
19362,95,84,11,11
19363,158,138,20,20
19364,117,109,8,8
19365,113,106,7,7
19366,84,72,12,12
19367,64,68,-4,4
19368,98,93,5,5
19369,91,92,-1,1
19370,106,89,17,17
19371,57,63,-6,6
19372,130,119,11,11
19373,67,70,-3,3
19374,60,61,-1,1
19375,80,72,8,8
19376,109,101,8,8
19377,56,78,-22,22
19378,61,68,-7,7
19379,162,142,20,20
19380,105,96,9,9
19381,118,105,13,13
19382,88,80,8,8
19383,61,51,10,10
19384,101,92,9,9
19385,130,125,5,5
19386,116,101,15,15
19387,66,73,-7,7
19388,67,65,2,2
19389,68,73,-5,5
19390,54,53,1,1
19391,76,74,2,2
19392,91,86,5,5
19393,48,47,1,1
19394,108,101,7,7
19395,50,53,-3,3
19396,121,123,-2,2
19397,55,51,4,4
19398,99,85,14,14
19399,109,103,6,6
19400,129,111,18,18
19401,59,53,6,6
19402,193,171,22,22
19403,115,104,11,11
19404,168,153,15,15
19405,109,102,7,7
19406,79,85,-6,6
19407,69,66,3,3
19408,124,117,7,7
19409,86,91,-5,5
19410,108,96,12,12
19411,57,55,2,2
19412,69,53,16,16
19413,73,74,-1,1
19414,93,96,-3,3
19415,108,94,14,14
19416,47,50,-3,3
19417,96,88,8,8
19418,136,132,4,4
19419,62,51,11,11
19420,35,45,-10,10
19421,168,160,8,8
19422,72,61,11,11
19423,53,52,1,1
19424,181,159,22,22
19425,106,93,13,13
19426,110,111,-1,1
19427,71,69,2,2
19428,81,84,-3,3
19429,66,63,3,3
19430,96,96,0,0
19431,94,82,12,12
19432,101,86,15,15
19433,56,55,1,1
19434,161,138,23,23
19435,120,104,16,16
19436,90,87,3,3
19437,74,73,1,1
19438,119,106,13,13
19439,120,108,12,12
19440,116,127,-11,11
19441,72,70,2,2
19442,100,84,16,16
19443,72,67,5,5
19444,152,139,13,13
19445,65,70,-5,5
19446,84,77,7,7
19447,100,93,7,7
19448,116,96,20,20
19449,88,84,4,4
19450,94,98,-4,4
19451,76,70,6,6
19452,70,71,-1,1
19453,72,82,-10,10
19454,114,103,11,11
19455,95,90,5,5
19456,88,78,10,10
19457,103,108,-5,5
19458,82,78,4,4
19459,66,72,-6,6
19460,126,106,20,20
19461,215,212,3,3
19462,127,117,10,10
19463,71,68,3,3
19464,106,88,18,18
19465,125,118,7,7
19466,98,87,11,11
19467,80,91,-11,11
19468,76,76,0,0
19469,126,116,10,10
19470,45,50,-5,5
19471,98,91,7,7
19472,75,71,4,4
19473,76,66,10,10
19474,103,99,4,4
19475,149,131,18,18
19476,110,103,7,7
19477,71,68,3,3
19478,121,124,-3,3
19479,86,79,7,7
19480,44,41,3,3
19481,126,117,9,9
19482,145,120,25,25
19483,94,96,-2,2
19484,49,56,-7,7
19485,99,90,9,9
19486,75,82,-7,7
19487,77,88,-11,11
19488,65,71,-6,6
19489,117,105,12,12
19490,87,78,9,9
19491,87,94,-7,7
19492,138,128,10,10
19493,66,62,4,4
19494,100,81,19,19
19495,107,91,16,16
19496,82,99,-17,17
19497,76,81,-5,5
19498,67,70,-3,3
19499,40,50,-10,10
19500,88,88,0,0
19501,184,156,28,28
19502,92,79,13,13
19503,134,128,6,6
19504,105,99,6,6
19505,112,106,6,6
19506,70,68,2,2
19507,70,71,-1,1
19508,57,62,-5,5
19509,120,109,11,11
19510,98,97,1,1
19511,115,101,14,14
19512,84,89,-5,5
19513,97,89,8,8
19514,85,82,3,3
19515,67,67,0,0
19516,93,79,14,14
19517,123,113,10,10
19518,52,88,-36,36
19519,113,103,10,10
19520,63,63,0,0
19521,97,87,10,10
19522,103,93,10,10
19523,91,92,-1,1
19524,74,73,1,1
19525,110,110,0,0
19526,162,140,22,22
19527,98,92,6,6
19528,103,93,10,10
19529,96,100,-4,4
19530,35,40,-5,5
19531,85,86,-1,1
19532,69,68,1,1
19533,80,67,13,13
19534,60,61,-1,1
19535,87,95,-8,8
19536,77,73,4,4
19537,139,123,16,16
19538,51,55,-4,4
19539,122,104,18,18
19540,125,108,17,17
19541,63,55,8,8
19542,125,108,17,17
19543,85,89,-4,4
19544,112,105,7,7
19545,58,60,-2,2
19546,104,97,7,7
19547,120,106,14,14
19548,43,51,-8,8
19549,90,96,-6,6
19550,29,31,-2,2
19551,92,79,13,13
19552,99,78,21,21
19553,55,57,-2,2
19554,66,57,9,9
19555,78,73,5,5
19556,67,61,6,6
19557,91,77,14,14
19558,143,121,22,22
19559,86,90,-4,4
19560,57,67,-10,10
19561,96,83,13,13
19562,101,105,-4,4
19563,58,52,6,6
19564,113,98,15,15
19565,44,38,6,6
19566,140,111,29,29
19567,150,139,11,11
19568,117,114,3,3
19569,86,85,1,1
19570,99,88,11,11
19571,114,99,15,15
19572,81,74,7,7
19573,64,56,8,8
19574,132,121,11,11
19575,82,79,3,3
19576,141,124,17,17
19577,68,78,-10,10
19578,137,117,20,20
19579,75,70,5,5
19580,71,68,3,3
19581,59,53,6,6
19582,45,38,7,7
19583,70,63,7,7
19584,107,98,9,9
19585,59,59,0,0
19586,41,44,-3,3
19587,65,69,-4,4
19588,50,51,-1,1
19589,88,86,2,2
19590,114,105,9,9
19591,64,56,8,8
19592,154,146,8,8
19593,64,70,-6,6
19594,46,64,-18,18
19595,120,109,11,11
19596,80,76,4,4
19597,52,51,1,1
19598,88,102,-14,14
19599,65,84,-19,19
19600,49,53,-4,4
19601,82,88,-6,6
19602,108,109,-1,1
19603,59,64,-5,5
19604,68,67,1,1
19605,99,84,15,15
19606,100,93,7,7
19607,100,87,13,13
19608,156,136,20,20
19609,91,92,-1,1
19610,152,136,16,16
19611,125,106,19,19
19612,60,60,0,0
19613,43,51,-8,8
19614,48,49,-1,1
19615,94,94,0,0
19616,70,64,6,6
19617,52,51,1,1
19618,70,65,5,5
19619,154,129,25,25
19620,133,123,10,10
19621,72,68,4,4
19622,79,81,-2,2
19623,111,109,2,2
19624,72,69,3,3
19625,147,141,6,6
19626,94,84,10,10
19627,41,43,-2,2
19628,79,82,-3,3
19629,61,55,6,6
19630,68,70,-2,2
19631,70,64,6,6
19632,80,80,0,0
19633,58,63,-5,5
19634,45,50,-5,5
19635,187,155,32,32
19636,84,78,6,6
19637,76,72,4,4
19638,154,139,15,15
19639,139,120,19,19
19640,173,152,21,21
19641,75,66,9,9
19642,148,130,18,18
19643,174,154,20,20
19644,100,103,-3,3
19645,29,31,-2,2
19646,102,89,13,13
19647,67,67,0,0
19648,51,51,0,0
19649,133,104,29,29
19650,36,36,0,0
19651,66,60,6,6
19652,65,56,9,9
19653,73,71,2,2
19654,151,125,26,26
19655,87,75,12,12
19656,138,133,5,5
19657,65,62,3,3
19658,97,88,9,9
19659,84,82,2,2
19660,171,151,20,20
19661,110,100,10,10
19662,120,105,15,15
19663,99,88,11,11
19664,135,136,-1,1
19665,90,84,6,6
19666,70,67,3,3
19667,99,96,3,3
19668,58,58,0,0
19669,109,122,-13,13
19670,77,74,3,3
19671,74,70,4,4
19672,134,126,8,8
19673,130,107,23,23
19674,65,64,1,1
19675,109,96,13,13
19676,75,77,-2,2
19677,125,116,9,9
19678,99,90,9,9
19679,147,134,13,13
19680,160,141,19,19
19681,49,50,-1,1
19682,62,65,-3,3
19683,332,277,55,55
19684,127,114,13,13
19685,34,35,-1,1
19686,145,128,17,17
19687,108,94,14,14
19688,66,67,-1,1
19689,65,65,0,0
19690,157,133,24,24
19691,89,79,10,10
19692,97,98,-1,1
19693,116,104,12,12
19694,102,95,7,7
19695,118,117,1,1
19696,161,145,16,16
19697,97,87,10,10
19698,40,35,5,5
19699,63,62,1,1
19700,70,76,-6,6
19701,83,76,7,7
19702,100,97,3,3
19703,76,70,6,6
19704,105,97,8,8
19705,72,80,-8,8
19706,69,79,-10,10
19707,136,130,6,6
19708,126,102,24,24
19709,130,127,3,3
19710,116,109,7,7
19711,87,80,7,7
19712,100,96,4,4
19713,100,87,13,13
19714,55,56,-1,1
19715,92,87,5,5
19716,101,89,12,12
19717,149,142,7,7
19718,98,83,15,15
19719,89,84,5,5
19720,40,50,-10,10
19721,91,82,9,9
19722,103,98,5,5
19723,88,79,9,9
19724,76,84,-8,8
19725,43,54,-11,11
19726,60,57,3,3
19727,165,140,25,25
19728,148,143,5,5
19729,114,105,9,9
19730,97,80,17,17
19731,141,131,10,10
19732,82,85,-3,3
19733,89,84,5,5
19734,141,130,11,11
19735,31,41,-10,10
19736,87,93,-6,6
19737,83,82,1,1
19738,64,64,0,0
19739,68,71,-3,3
19740,75,67,8,8
19741,102,94,8,8
19742,54,57,-3,3
19743,108,105,3,3
19744,104,86,18,18
19745,132,122,10,10
19746,77,70,7,7
19747,130,119,11,11
19748,46,42,4,4
19749,83,43,40,40
19750,79,84,-5,5
19751,180,151,29,29
19752,118,117,1,1
19753,105,105,0,0
19754,93,90,3,3
19755,81,72,9,9
19756,61,65,-4,4
19757,142,130,12,12
19758,93,88,5,5
19759,100,94,6,6
19760,146,124,22,22
19761,64,65,-1,1
19762,116,103,13,13
19763,55,52,3,3
19764,55,61,-6,6
19765,86,91,-5,5
19766,90,84,6,6
19767,146,132,14,14
19768,55,51,4,4
19769,76,75,1,1
19770,48,58,-10,10
19771,84,67,17,17
19772,62,58,4,4
19773,93,83,10,10
19774,104,94,10,10
19775,108,100,8,8
19776,83,86,-3,3
19777,57,52,5,5
19778,76,72,4,4
19779,100,120,-20,20
19780,96,91,5,5
19781,124,90,34,34
19782,55,67,-12,12
19783,61,63,-2,2
19784,104,95,9,9
19785,70,71,-1,1
19786,94,83,11,11
19787,64,66,-2,2
19788,113,108,5,5
19789,92,89,3,3
19790,136,131,5,5
19791,115,99,16,16
19792,103,105,-2,2
19793,84,81,3,3
19794,60,59,1,1
19795,83,107,-24,24
19796,127,118,9,9
19797,137,119,18,18
19798,64,54,10,10
19799,180,157,23,23
19800,144,123,21,21
19801,82,73,9,9
19802,89,77,12,12
19803,122,121,1,1
19804,85,81,4,4
19805,127,110,17,17
19806,86,77,9,9
19807,81,83,-2,2
19808,102,88,14,14
19809,104,74,30,30
19810,47,46,1,1
19811,163,133,30,30
19812,102,93,9,9
19813,152,129,23,23
19814,139,119,20,20
19815,88,74,14,14
19816,57,52,5,5
19817,79,69,10,10
19818,60,48,12,12
19819,104,89,15,15
19820,92,83,9,9
19821,74,70,4,4
19822,94,83,11,11
19823,102,101,1,1
19824,109,96,13,13
19825,86,77,9,9
19826,85,73,12,12
19827,86,76,10,10
19828,158,132,26,26
19829,78,74,4,4
19830,72,66,6,6
19831,127,116,11,11
19832,81,79,2,2
19833,99,95,4,4
19834,64,66,-2,2
19835,137,133,4,4
19836,99,96,3,3
19837,74,76,-2,2
19838,80,83,-3,3
19839,99,103,-4,4
19840,95,90,5,5
19841,48,51,-3,3
19842,77,73,4,4
19843,88,91,-3,3
19844,99,90,9,9
19845,87,76,11,11
19846,75,76,-1,1
19847,103,99,4,4
19848,190,167,23,23
19849,88,55,33,33
19850,85,82,3,3
19851,59,51,8,8
19852,63,77,-14,14
19853,85,81,4,4
19854,67,84,-17,17
19855,76,81,-5,5
19856,115,107,8,8
19857,62,62,0,0
19858,61,66,-5,5
19859,147,134,13,13
19860,153,133,20,20
19861,68,57,11,11
19862,106,106,0,0
19863,79,76,3,3
19864,165,141,24,24
19865,63,59,4,4
19866,106,101,5,5
19867,74,73,1,1
19868,135,119,16,16
19869,76,77,-1,1
19870,113,111,2,2
19871,77,76,1,1
19872,67,67,0,0
19873,93,103,-10,10
19874,170,151,19,19
19875,77,78,-1,1
19876,88,80,8,8
19877,103,93,10,10
19878,85,82,3,3
19879,82,70,12,12
19880,70,73,-3,3
19881,94,97,-3,3
19882,44,51,-7,7
19883,103,88,15,15
19884,99,93,6,6
19885,67,62,5,5
19886,56,59,-3,3
19887,94,90,4,4
19888,77,75,2,2
19889,68,66,2,2
19890,125,106,19,19
19891,110,102,8,8
19892,102,86,16,16
19893,57,50,7,7
19894,68,83,-15,15
19895,75,74,1,1
19896,101,90,11,11
19897,57,54,3,3
19898,93,101,-8,8
19899,52,47,5,5
19900,57,62,-5,5
19901,123,101,22,22
19902,111,110,1,1
19903,62,64,-2,2
19904,89,94,-5,5
19905,114,99,15,15
19906,45,52,-7,7
19907,79,72,7,7
19908,134,116,18,18
19909,101,91,10,10
19910,92,84,8,8
19911,74,67,7,7
19912,95,87,8,8
19913,49,56,-7,7
19914,86,77,9,9
19915,50,67,-17,17
19916,55,55,0,0
19917,49,45,4,4
19918,87,86,1,1
19919,59,64,-5,5
19920,108,102,6,6
19921,88,79,9,9
19922,118,117,1,1
19923,108,96,12,12
19924,38,64,-26,26
19925,94,83,11,11
19926,35,36,-1,1
19927,114,108,6,6
19928,124,106,18,18
19929,108,106,2,2
19930,129,130,-1,1
19931,69,67,2,2
19932,108,107,1,1
19933,66,69,-3,3
19934,62,59,3,3
19935,107,103,4,4
19936,65,64,1,1
19937,169,137,32,32
19938,115,102,13,13
19939,116,107,9,9
19940,87,84,3,3
19941,62,60,2,2
19942,128,112,16,16
19943,126,122,4,4
19944,139,132,7,7
19945,217,176,41,41
19946,147,141,6,6
19947,117,101,16,16
19948,181,166,15,15
19949,101,118,-17,17
19950,66,68,-2,2
19951,77,70,7,7
19952,110,103,7,7
19953,186,169,17,17
19954,60,59,1,1
19955,68,67,1,1
19956,125,114,11,11
19957,52,51,1,1
19958,75,70,5,5
19959,109,105,4,4
19960,44,51,-7,7
19961,123,119,4,4
19962,123,108,15,15
19963,69,64,5,5
19964,51,53,-2,2
19965,148,125,23,23
19966,104,84,20,20
19967,64,60,4,4
19968,82,86,-4,4
19969,82,73,9,9
19970,135,129,6,6
19971,54,57,-3,3
19972,88,74,14,14
19973,88,76,12,12
19974,102,95,7,7
19975,45,51,-6,6
19976,85,79,6,6
19977,117,99,18,18
19978,124,108,16,16
19979,60,65,-5,5
19980,40,58,-18,18
19981,133,120,13,13
19982,101,98,3,3
19983,80,76,4,4
19984,90,103,-13,13
19985,85,82,3,3
19986,68,68,0,0
19987,150,142,8,8
19988,86,76,10,10
19989,105,103,2,2
19990,45,51,-6,6
19991,149,147,2,2
19992,74,73,1,1
19993,40,44,-4,4
19994,75,77,-2,2
19995,47,52,-5,5
19996,70,73,-3,3
19997,56,55,1,1
19998,46,50,-4,4
19999,98,96,2,2
20000,107,96,11,11
20001,121,103,18,18
20002,192,175,17,17
20003,50,50,0,0
20004,62,74,-12,12
20005,93,85,8,8
20006,96,83,13,13
20007,72,66,6,6
20008,134,128,6,6
20009,98,92,6,6
20010,159,130,29,29
20011,115,103,12,12
20012,54,54,0,0
20013,60,60,0,0
20014,80,74,6,6
20015,103,98,5,5
20016,89,78,11,11
20017,118,114,4,4
20018,109,98,11,11
20019,65,69,-4,4
20020,62,67,-5,5
20021,100,93,7,7
20022,127,124,3,3
20023,54,57,-3,3
20024,113,98,15,15
20025,122,108,14,14
20026,140,117,23,23
20027,71,65,6,6
20028,86,88,-2,2
20029,94,91,3,3
20030,124,109,15,15
20031,59,58,1,1
20032,115,101,14,14
20033,61,59,2,2
20034,65,61,4,4
20035,79,79,0,0
20036,122,103,19,19
20037,97,97,0,0
20038,64,65,-1,1
20039,107,96,11,11
20040,109,102,7,7
20041,70,67,3,3
20042,63,60,3,3
20043,104,95,9,9
20044,88,73,15,15
20045,91,86,5,5
20046,136,127,9,9
20047,67,65,2,2
20048,65,61,4,4
20049,97,91,6,6
20050,114,108,6,6
20051,122,123,-1,1
20052,76,66,10,10
20053,96,96,0,0
20054,90,80,10,10
20055,68,63,5,5
20056,78,77,1,1
20057,158,129,29,29
20058,77,77,0,0
20059,65,62,3,3
20060,126,109,17,17
20061,102,88,14,14
20062,96,82,14,14
20063,120,119,1,1
20064,44,51,-7,7
20065,68,71,-3,3
20066,170,158,12,12
20067,40,42,-2,2
20068,43,53,-10,10
20069,95,82,13,13
20070,114,100,14,14
20071,60,61,-1,1
20072,35,45,-10,10
20073,70,65,5,5
20074,126,113,13,13
20075,68,65,3,3
20076,137,131,6,6
20077,154,118,36,36
20078,139,127,12,12
20079,103,95,8,8
20080,82,70,12,12
20081,94,96,-2,2
20082,136,118,18,18
20083,81,71,10,10
20084,51,43,8,8
20085,126,116,10,10
20086,89,115,-26,26
20087,88,87,1,1
20088,77,63,14,14
20089,83,81,2,2
20090,77,66,11,11
20091,84,78,6,6
20092,82,69,13,13
20093,65,66,-1,1
20094,113,97,16,16
20095,78,84,-6,6
20096,54,52,2,2
20097,94,96,-2,2
20098,59,64,-5,5
20099,117,114,3,3
20100,78,62,16,16
20101,48,39,9,9
20102,54,60,-6,6
20103,99,99,0,0
20104,71,68,3,3
20105,136,119,17,17
20106,45,51,-6,6
20107,84,84,0,0
20108,82,81,1,1
20109,45,52,-7,7
20110,125,97,28,28
20111,50,51,-1,1
20112,71,71,0,0
20113,89,78,11,11
20114,61,66,-5,5
20115,105,91,14,14
20116,143,131,12,12
20117,185,155,30,30
20118,48,47,1,1
20119,98,93,5,5
20120,38,44,-6,6
20121,92,83,9,9
20122,139,124,15,15
20123,99,85,14,14
20124,106,99,7,7
20125,60,75,-15,15
20126,96,75,21,21
20127,138,136,2,2
20128,83,79,4,4
20129,152,117,35,35
20130,115,109,6,6
20131,84,87,-3,3
20132,133,117,16,16
20133,128,117,11,11
20134,78,77,1,1
20135,93,88,5,5
20136,105,98,7,7
20137,90,88,2,2
20138,205,167,38,38
20139,80,76,4,4
20140,80,74,6,6
20141,118,95,23,23
20142,60,67,-7,7
20143,101,95,6,6
20144,95,88,7,7
20145,130,131,-1,1
20146,113,99,14,14
20147,79,81,-2,2
20148,88,79,9,9
20149,109,97,12,12
20150,98,89,9,9
20151,70,65,5,5
20152,92,84,8,8
20153,157,150,7,7
20154,44,50,-6,6
20155,95,83,12,12
20156,87,78,9,9
20157,109,89,20,20
20158,111,104,7,7
20159,86,76,10,10
20160,149,139,10,10
20161,111,99,12,12
20162,45,49,-4,4
20163,150,138,12,12
20164,89,77,12,12
20165,67,73,-6,6
20166,87,84,3,3
20167,150,128,22,22
20168,124,99,25,25
20169,96,88,8,8
20170,125,116,9,9
20171,116,119,-3,3
20172,80,75,5,5
20173,156,122,34,34
20174,159,148,11,11
20175,108,98,10,10
20176,90,84,6,6
20177,117,101,16,16
20178,139,118,21,21
20179,87,81,6,6
20180,79,67,12,12
20181,103,94,9,9
20182,157,131,26,26
20183,159,157,2,2
20184,46,77,-31,31
20185,84,78,6,6
20186,62,67,-5,5
20187,99,96,3,3
20188,62,61,1,1
20189,87,96,-9,9
20190,186,169,17,17
20191,104,90,14,14
20192,83,77,6,6
20193,82,76,6,6
20194,82,79,3,3
20195,116,109,7,7
20196,48,48,0,0
20197,72,76,-4,4
20198,81,77,4,4
20199,89,91,-2,2
20200,66,64,2,2
20201,99,93,6,6
20202,97,88,9,9
20203,83,77,6,6
20204,57,53,4,4
20205,95,89,6,6
20206,81,77,4,4
20207,77,80,-3,3
20208,65,62,3,3
20209,109,101,8,8
20210,58,57,1,1
20211,38,48,-10,10
20212,109,101,8,8
20213,128,115,13,13
20214,68,61,7,7
20215,134,122,12,12
20216,80,80,0,0
20217,197,170,27,27
20218,105,99,6,6
20219,78,74,4,4
20220,99,108,-9,9
20221,88,80,8,8
20222,105,95,10,10
20223,63,74,-11,11
20224,76,96,-20,20
20225,80,79,1,1
20226,68,70,-2,2
20227,97,90,7,7
20228,107,93,14,14
20229,96,75,21,21
20230,120,116,4,4
20231,110,96,14,14
20232,67,69,-2,2
20233,154,129,25,25
20234,133,111,22,22
20235,98,84,14,14
20236,93,84,9,9
20237,93,89,4,4
20238,95,93,2,2
20239,96,89,7,7
20240,66,65,1,1
20241,54,54,0,0
20242,89,82,7,7
20243,165,142,23,23
20244,189,165,24,24
20245,62,67,-5,5
20246,49,52,-3,3
20247,59,54,5,5
20248,82,75,7,7
20249,75,75,0,0
20250,121,106,15,15
20251,116,93,23,23
20252,185,170,15,15
20253,139,127,12,12
20254,73,75,-2,2
20255,147,134,13,13
20256,109,111,-2,2
20257,119,108,11,11
20258,83,73,10,10
20259,122,118,4,4
20260,84,87,-3,3
20261,130,115,15,15
20262,137,132,5,5
20263,96,94,2,2
20264,81,76,5,5
20265,123,108,15,15
20266,83,69,14,14
20267,104,93,11,11
20268,121,100,21,21
20269,130,113,17,17
20270,104,94,10,10
20271,107,91,16,16
20272,121,105,16,16
20273,76,74,2,2
20274,59,62,-3,3
20275,127,118,9,9
20276,179,174,5,5
20277,70,72,-2,2
20278,83,81,2,2
20279,83,83,0,0
20280,52,66,-14,14
20281,58,63,-5,5
20282,116,112,4,4
20283,57,62,-5,5
20284,107,97,10,10
20285,164,150,14,14
20286,110,98,12,12
20287,101,93,8,8
20288,159,139,20,20
20289,103,106,-3,3
20290,133,127,6,6
20291,59,73,-14,14
20292,93,97,-4,4
20293,129,110,19,19
20294,49,63,-14,14
20295,98,90,8,8
20296,100,90,10,10
20297,131,123,8,8
20298,140,129,11,11
20299,87,81,6,6
20300,138,121,17,17
20301,145,133,12,12
20302,124,110,14,14
20303,111,102,9,9
20304,128,112,16,16
20305,83,69,14,14
20306,90,92,-2,2
20307,96,87,9,9
20308,160,141,19,19
20309,75,74,1,1
20310,83,85,-2,2
20311,115,102,13,13
20312,78,80,-2,2
20313,91,85,6,6
20314,60,55,5,5
20315,92,84,8,8
20316,107,90,17,17
20317,94,96,-2,2
20318,75,99,-24,24
20319,60,58,2,2
20320,58,64,-6,6
20321,103,96,7,7
20322,68,64,4,4
20323,141,119,22,22
20324,89,90,-1,1
20325,172,146,26,26
20326,147,134,13,13
20327,94,81,13,13
20328,128,117,11,11
20329,76,74,2,2
20330,97,85,12,12
20331,110,103,7,7
20332,89,86,3,3
20333,72,64,8,8
20334,104,104,0,0
20335,82,95,-13,13
20336,87,80,7,7
20337,96,81,15,15
20338,94,99,-5,5
20339,158,143,15,15
20340,102,96,6,6
20341,62,63,-1,1
20342,53,59,-6,6
20343,98,89,9,9
20344,96,87,9,9
20345,79,80,-1,1
20346,131,110,21,21
20347,44,51,-7,7
20348,102,85,17,17
20349,69,68,1,1
20350,106,102,4,4
20351,128,125,3,3
20352,49,57,-8,8
20353,123,105,18,18
20354,191,154,37,37
20355,116,96,20,20
20356,127,112,15,15
20357,42,45,-3,3
20358,124,94,30,30
20359,92,97,-5,5
20360,143,119,24,24
20361,68,66,2,2
20362,111,100,11,11
20363,120,122,-2,2
20364,93,83,10,10
20365,46,55,-9,9
20366,116,108,8,8
20367,84,80,4,4
20368,39,48,-9,9
20369,70,62,8,8
20370,59,72,-13,13
20371,107,118,-11,11
20372,59,56,3,3
20373,115,103,12,12
20374,92,94,-2,2
20375,105,108,-3,3
20376,110,97,13,13
20377,60,56,4,4
20378,119,100,19,19
20379,106,104,2,2
20380,90,85,5,5
20381,63,64,-1,1
20382,103,93,10,10
20383,105,103,2,2
20384,98,94,4,4
20385,48,50,-2,2
20386,110,123,-13,13
20387,119,98,21,21
20388,86,86,0,0
20389,82,93,-11,11
20390,65,62,3,3
20391,89,84,5,5
20392,118,113,5,5
20393,146,123,23,23
20394,65,69,-4,4
20395,125,116,9,9
20396,87,84,3,3
20397,89,90,-1,1
20398,75,71,4,4
20399,87,80,7,7
20400,130,122,8,8
20401,51,51,0,0
20402,129,123,6,6
20403,81,75,6,6
20404,80,75,5,5
20405,66,68,-2,2
20406,47,50,-3,3
20407,103,100,3,3
20408,77,87,-10,10
20409,60,65,-5,5
20410,133,121,12,12
20411,66,64,2,2
20412,161,138,23,23
20413,101,101,0,0
20414,80,81,-1,1
20415,124,120,4,4
20416,140,123,17,17
20417,120,103,17,17
20418,141,122,19,19
20419,90,86,4,4
20420,54,60,-6,6
20421,63,58,5,5
20422,115,108,7,7
20423,59,67,-8,8
20424,68,69,-1,1
20425,51,53,-2,2
20426,56,59,-3,3
20427,69,78,-9,9
20428,71,71,0,0
20429,103,99,4,4
20430,94,93,1,1
20431,157,157,0,0
20432,122,106,16,16
20433,111,104,7,7
20434,120,123,-3,3
20435,103,88,15,15
20436,62,68,-6,6
20437,130,122,8,8
20438,81,75,6,6
20439,166,134,32,32
20440,79,80,-1,1
20441,90,87,3,3
20442,91,89,2,2
20443,44,48,-4,4
20444,87,87,0,0
20445,117,107,10,10
20446,101,100,1,1
20447,106,107,-1,1
20448,102,89,13,13
20449,74,65,9,9
20450,175,150,25,25
20451,71,79,-8,8
20452,122,109,13,13
20453,165,146,19,19
20454,134,117,17,17
20455,192,157,35,35
20456,80,67,13,13
20457,65,63,2,2
20458,105,103,2,2
20459,121,105,16,16
20460,84,82,2,2
20461,106,102,4,4
20462,91,81,10,10
20463,174,160,14,14
20464,64,58,6,6
20465,58,62,-4,4
20466,76,65,11,11
20467,70,72,-2,2
20468,143,129,14,14
20469,92,82,10,10
20470,94,93,1,1
20471,95,84,11,11
20472,119,104,15,15
20473,101,87,14,14
20474,110,100,10,10
20475,144,142,2,2
20476,129,128,1,1
20477,79,74,5,5
20478,99,97,2,2
20479,85,78,7,7
20480,142,123,19,19
20481,77,81,-4,4
20482,62,61,1,1
20483,122,117,5,5
20484,106,103,3,3
20485,52,50,2,2
20486,79,80,-1,1
20487,95,80,15,15
20488,77,78,-1,1
20489,89,85,4,4
20490,70,74,-4,4
20491,97,87,10,10
20492,100,99,1,1
20493,79,69,10,10
20494,138,127,11,11
20495,123,104,19,19
20496,152,121,31,31
20497,135,123,12,12
20498,83,80,3,3
20499,118,98,20,20
20500,91,82,9,9
20501,83,80,3,3
20502,77,75,2,2
20503,69,67,2,2
20504,68,68,0,0
20505,139,124,15,15
20506,171,153,18,18
20507,80,76,4,4
20508,83,76,7,7
20509,108,97,11,11
20510,92,88,4,4
20511,59,59,0,0
20512,74,68,6,6
20513,62,61,1,1
20514,138,123,15,15
20515,55,53,2,2
20516,85,76,9,9
20517,77,74,3,3
20518,39,41,-2,2
20519,65,67,-2,2
20520,109,107,2,2
20521,91,86,5,5
20522,74,69,5,5
20523,74,76,-2,2
20524,154,138,16,16
20525,153,135,18,18
20526,40,33,7,7
20527,110,102,8,8
20528,63,58,5,5
20529,114,102,12,12
20530,114,114,0,0
20531,62,70,-8,8
20532,81,68,13,13
20533,49,52,-3,3
20534,63,58,5,5
20535,93,84,9,9
20536,76,67,9,9
20537,146,134,12,12
20538,87,75,12,12
20539,162,136,26,26
20540,91,90,1,1
20541,107,114,-7,7
20542,82,83,-1,1
20543,97,85,12,12
20544,42,42,0,0
20545,81,75,6,6
20546,115,105,10,10
20547,120,107,13,13
20548,62,65,-3,3
20549,131,127,4,4
20550,82,79,3,3
20551,59,59,0,0
20552,127,124,3,3
20553,100,85,15,15
20554,92,83,9,9
20555,55,61,-6,6
20556,111,103,8,8
20557,92,85,7,7
20558,111,107,4,4
20559,189,150,39,39
20560,93,78,15,15
20561,61,56,5,5
20562,50,49,1,1
20563,62,63,-1,1
20564,46,51,-5,5
20565,145,135,10,10
20566,82,81,1,1
20567,83,78,5,5
20568,78,72,6,6
20569,69,61,8,8
20570,117,95,22,22
20571,142,127,15,15
20572,111,105,6,6
20573,72,67,5,5
20574,95,86,9,9
20575,141,118,23,23
20576,179,159,20,20
20577,85,84,1,1
20578,286,218,68,68
20579,87,73,14,14
20580,93,86,7,7
20581,87,79,8,8
20582,49,51,-2,2
20583,87,85,2,2
20584,143,111,32,32
20585,98,102,-4,4
20586,70,69,1,1
20587,112,105,7,7
20588,53,54,-1,1
20589,55,58,-3,3
20590,88,79,9,9
20591,113,104,9,9
20592,86,82,4,4
20593,59,51,8,8
20594,62,61,1,1
20595,71,75,-4,4
20596,102,114,-12,12
20597,69,69,0,0
20598,117,108,9,9
20599,79,77,2,2
20600,131,119,12,12
20601,45,48,-3,3
20602,81,78,3,3
20603,62,69,-7,7
20604,82,85,-3,3
20605,86,82,4,4
20606,52,50,2,2
20607,79,77,2,2
20608,108,93,15,15
20609,62,61,1,1
20610,94,89,5,5
20611,74,79,-5,5
20612,136,116,20,20
20613,151,127,24,24
20614,145,141,4,4
20615,99,90,9,9
20616,169,164,5,5
20617,69,70,-1,1
20618,54,53,1,1
20619,93,80,13,13
20620,106,100,6,6
20621,77,73,4,4
20622,100,102,-2,2
20623,96,100,-4,4
20624,56,56,0,0
20625,99,86,13,13
20626,115,110,5,5
20627,90,81,9,9
20628,56,65,-9,9
20629,83,70,13,13
20630,117,102,15,15
20631,75,75,0,0
20632,88,82,6,6
20633,80,75,5,5
20634,150,119,31,31
20635,126,106,20,20
20636,92,85,7,7
20637,117,105,12,12
20638,75,74,1,1
20639,92,77,15,15
20640,72,73,-1,1
20641,45,51,-6,6
20642,55,68,-13,13
20643,123,121,2,2
20644,127,111,16,16
20645,128,124,4,4
20646,161,145,16,16
20647,130,115,15,15
20648,87,76,11,11
20649,223,168,55,55
20650,79,79,0,0
20651,155,133,22,22
20652,77,73,4,4
20653,82,70,12,12
20654,101,98,3,3
20655,89,87,2,2
20656,106,100,6,6
20657,68,57,11,11
20658,98,91,7,7
20659,102,99,3,3
20660,88,75,13,13
20661,102,92,10,10
20662,173,143,30,30
20663,52,61,-9,9
20664,114,105,9,9
20665,85,69,16,16
20666,86,80,6,6
20667,77,70,7,7
20668,81,77,4,4
20669,89,81,8,8
20670,149,133,16,16
20671,68,74,-6,6
20672,77,70,7,7
20673,83,79,4,4
20674,71,70,1,1
20675,71,71,0,0
20676,91,89,2,2
20677,56,68,-12,12
20678,80,79,1,1
20679,129,112,17,17
20680,95,89,6,6
20681,114,96,18,18
20682,149,127,22,22
20683,74,71,3,3
20684,84,73,11,11
20685,72,64,8,8
20686,119,105,14,14
20687,82,72,10,10
20688,94,108,-14,14
20689,89,93,-4,4
20690,45,50,-5,5
20691,77,63,14,14
20692,169,154,15,15
20693,100,83,17,17
20694,114,100,14,14
20695,95,87,8,8
20696,97,106,-9,9
20697,224,194,30,30
20698,96,94,2,2
20699,66,69,-3,3
20700,97,90,7,7
20701,113,103,10,10
20702,107,106,1,1
20703,59,71,-12,12
20704,148,145,3,3
20705,66,51,15,15
20706,151,144,7,7
20707,87,78,9,9
20708,119,102,17,17
20709,63,56,7,7
20710,122,105,17,17
20711,75,70,5,5
20712,142,127,15,15
20713,33,35,-2,2
20714,86,82,4,4
20715,33,35,-2,2
20716,144,113,31,31
20717,124,110,14,14
20718,77,74,3,3
20719,144,130,14,14
20720,88,88,0,0
20721,87,88,-1,1
20722,45,48,-3,3
20723,104,85,19,19
20724,70,71,-1,1
20725,87,80,7,7
20726,139,127,12,12
20727,136,127,9,9
20728,85,73,12,12
20729,106,103,3,3
20730,134,118,16,16
20731,98,90,8,8
20732,77,77,0,0
20733,131,123,8,8
20734,125,134,-9,9
20735,76,73,3,3
20736,110,96,14,14
20737,123,105,18,18
20738,56,51,5,5
20739,62,63,-1,1
20740,59,57,2,2
20741,96,98,-2,2
20742,107,92,15,15
20743,126,124,2,2
20744,114,109,5,5
20745,85,85,0,0
20746,63,56,7,7
20747,59,71,-12,12
20748,80,70,10,10
20749,93,82,11,11
20750,82,85,-3,3
20751,73,65,8,8
20752,133,117,16,16
20753,145,121,24,24
20754,78,75,3,3
20755,89,82,7,7
20756,81,79,2,2
20757,100,94,6,6
20758,129,128,1,1
20759,80,80,0,0
20760,122,107,15,15
20761,26,44,-18,18
20762,151,136,15,15
20763,118,114,4,4
20764,146,123,23,23
20765,75,70,5,5
20766,80,92,-12,12
20767,52,63,-11,11
20768,128,107,21,21
20769,76,86,-10,10
20770,73,71,2,2
20771,55,57,-2,2
20772,94,90,4,4
20773,115,100,15,15
20774,70,68,2,2
20775,125,105,20,20
20776,50,50,0,0
20777,90,87,3,3
20778,110,100,10,10
20779,120,115,5,5
20780,62,63,-1,1
20781,78,86,-8,8
20782,132,122,10,10
20783,46,50,-4,4
20784,140,138,2,2
20785,97,88,9,9
20786,53,52,1,1
20787,93,90,3,3
20788,145,123,22,22
20789,84,83,1,1
20790,121,114,7,7
20791,124,117,7,7
20792,65,61,4,4
20793,129,128,1,1
20794,111,100,11,11
20795,81,67,14,14
20796,87,72,15,15
20797,64,68,-4,4
20798,92,82,10,10
20799,74,71,3,3
20800,78,73,5,5
20801,72,73,-1,1
20802,101,95,6,6
20803,35,43,-8,8
20804,171,146,25,25
20805,54,50,4,4
20806,155,157,-2,2
20807,151,138,13,13
20808,45,48,-3,3
20809,87,81,6,6
20810,115,102,13,13
20811,75,65,10,10
20812,89,86,3,3
20813,134,113,21,21
20814,65,65,0,0
20815,51,51,0,0
20816,33,37,-4,4
20817,85,91,-6,6
20818,114,108,6,6
20819,120,111,9,9
20820,83,81,2,2
20821,106,104,2,2
20822,41,48,-7,7
20823,101,110,-9,9
20824,134,120,14,14
20825,132,121,11,11
20826,53,47,6,6
20827,89,80,9,9
20828,120,117,3,3
20829,106,106,0,0
20830,165,134,31,31
20831,59,67,-8,8
20832,77,76,1,1
20833,105,93,12,12
20834,113,107,6,6
20835,85,82,3,3
20836,57,56,1,1
20837,101,103,-2,2
20838,109,99,10,10
20839,129,125,4,4
20840,75,82,-7,7
20841,143,130,13,13
20842,48,51,-3,3
20843,115,115,0,0
20844,57,102,-45,45
20845,76,73,3,3
20846,79,73,6,6
20847,107,96,11,11
20848,61,65,-4,4
20849,134,125,9,9
20850,93,87,6,6
20851,141,131,10,10
20852,81,70,11,11
20853,65,71,-6,6
20854,148,130,18,18
20855,70,76,-6,6
20856,78,85,-7,7
20857,46,50,-4,4
20858,108,105,3,3
20859,94,89,5,5
20860,165,153,12,12
20861,83,89,-6,6
20862,131,119,12,12
20863,91,79,12,12
20864,86,110,-24,24
20865,99,95,4,4
20866,111,89,22,22
20867,93,84,9,9
20868,82,63,19,19
20869,60,70,-10,10
20870,89,82,7,7
20871,153,141,12,12
20872,102,96,6,6
20873,92,93,-1,1
20874,102,95,7,7
20875,118,115,3,3
20876,75,68,7,7
20877,176,154,22,22
20878,129,114,15,15
20879,69,78,-9,9
20880,83,74,9,9
20881,124,114,10,10
20882,68,63,5,5
20883,102,93,9,9
20884,63,59,4,4
20885,96,103,-7,7
20886,120,121,-1,1
20887,75,77,-2,2
20888,111,105,6,6
20889,181,152,29,29
20890,82,80,2,2
20891,132,118,14,14
20892,48,70,-22,22
20893,75,73,2,2
20894,64,63,1,1
20895,41,49,-8,8
20896,64,75,-11,11
20897,97,94,3,3
20898,77,79,-2,2
20899,91,80,11,11
20900,51,51,0,0
20901,68,68,0,0
20902,121,119,2,2
20903,86,80,6,6
20904,59,62,-3,3
20905,107,103,4,4
20906,84,88,-4,4
20907,55,55,0,0
20908,76,87,-11,11
20909,93,80,13,13
20910,40,42,-2,2
20911,118,95,23,23
20912,156,145,11,11
20913,126,114,12,12
20914,74,70,4,4
20915,96,93,3,3
20916,121,114,7,7
20917,76,65,11,11
20918,122,124,-2,2
20919,89,78,11,11
20920,59,57,2,2
20921,84,70,14,14
20922,83,75,8,8
20923,73,67,6,6
20924,63,57,6,6
20925,64,68,-4,4
20926,125,107,18,18
20927,101,82,19,19
20928,122,123,-1,1
20929,63,60,3,3
20930,107,102,5,5
20931,68,67,1,1
20932,74,71,3,3
20933,102,99,3,3
20934,119,116,3,3
20935,106,92,14,14
20936,66,64,2,2
20937,87,83,4,4
20938,85,80,5,5
20939,66,57,9,9
20940,145,132,13,13
20941,180,146,34,34
20942,75,73,2,2
20943,63,71,-8,8
20944,144,134,10,10
20945,66,67,-1,1
20946,49,44,5,5
20947,98,92,6,6
20948,77,66,11,11
20949,105,97,8,8
20950,81,95,-14,14
20951,92,79,13,13
20952,104,104,0,0
20953,151,138,13,13
20954,51,53,-2,2
20955,124,124,0,0
20956,84,79,5,5
20957,58,58,0,0
20958,108,95,13,13
20959,41,44,-3,3
20960,151,131,20,20
20961,113,95,18,18
20962,138,122,16,16
20963,70,76,-6,6
20964,106,102,4,4
20965,95,94,1,1
20966,121,113,8,8
20967,66,62,4,4
20968,98,89,9,9
20969,70,71,-1,1
20970,142,128,14,14
20971,139,130,9,9
20972,62,62,0,0
20973,138,135,3,3
20974,70,67,3,3
20975,138,107,31,31
20976,105,93,12,12
20977,61,60,1,1
20978,113,111,2,2
20979,173,140,33,33
20980,94,86,8,8
20981,90,80,10,10
20982,112,102,10,10
20983,43,42,1,1
20984,140,132,8,8
20985,197,186,11,11
20986,116,99,17,17
20987,229,183,46,46
20988,119,106,13,13
20989,80,65,15,15
20990,115,110,5,5
20991,61,66,-5,5
20992,41,49,-8,8
20993,101,88,13,13
20994,185,170,15,15
20995,46,48,-2,2
20996,221,192,29,29
20997,113,101,12,12
20998,60,60,0,0
20999,116,92,24,24
21000,125,115,10,10
21001,99,92,7,7
21002,97,107,-10,10
21003,171,144,27,27
21004,79,78,1,1
21005,73,71,2,2
21006,80,82,-2,2
21007,148,126,22,22
21008,111,117,-6,6
21009,110,106,4,4
21010,84,86,-2,2
21011,60,66,-6,6
21012,94,84,10,10
21013,57,58,-1,1
21014,118,109,9,9
21015,115,108,7,7
21016,118,119,-1,1
21017,133,114,19,19
21018,67,67,0,0
21019,148,134,14,14
21020,34,84,-50,50
21021,59,58,1,1
21022,71,68,3,3
21023,59,54,5,5
21024,58,68,-10,10
21025,61,55,6,6
21026,105,97,8,8
21027,144,131,13,13
21028,135,122,13,13
21029,120,109,11,11
21030,180,164,16,16
21031,177,143,34,34
21032,115,124,-9,9
21033,138,120,18,18
21034,113,90,23,23
21035,97,90,7,7
21036,88,76,12,12
21037,108,112,-4,4
21038,106,93,13,13
21039,81,76,5,5
21040,105,96,9,9
21041,30,31,-1,1
21042,97,93,4,4
21043,39,37,2,2
21044,57,56,1,1
21045,92,104,-12,12
21046,85,76,9,9
21047,94,81,13,13
21048,165,141,24,24
21049,119,112,7,7
21050,120,104,16,16
21051,139,119,20,20
21052,42,44,-2,2
21053,78,75,3,3
21054,78,79,-1,1
21055,73,64,9,9
21056,84,80,4,4
21057,159,139,20,20
21058,84,82,2,2
21059,133,121,12,12
21060,87,87,0,0
21061,147,125,22,22
21062,83,78,5,5
21063,51,55,-4,4
21064,107,96,11,11
21065,62,60,2,2
21066,94,82,12,12
21067,62,60,2,2
21068,79,74,5,5
21069,177,142,35,35
21070,104,82,22,22
21071,85,89,-4,4
21072,100,89,11,11
21073,69,67,2,2
21074,119,117,2,2
21075,90,73,17,17
21076,82,74,8,8
21077,54,51,3,3
21078,115,95,20,20
21079,74,66,8,8
21080,113,102,11,11
21081,56,58,-2,2
21082,68,73,-5,5
21083,195,169,26,26
21084,150,124,26,26
21085,62,69,-7,7
21086,71,68,3,3
21087,81,75,6,6
21088,131,123,8,8
21089,90,78,12,12
21090,86,88,-2,2
21091,168,162,6,6
21092,101,91,10,10
21093,109,99,10,10
21094,71,100,-29,29
21095,67,66,1,1
21096,115,100,15,15
21097,95,87,8,8
21098,84,77,7,7
21099,74,80,-6,6
21100,69,66,3,3
21101,63,69,-6,6
21102,127,111,16,16
21103,82,84,-2,2
21104,78,73,5,5
21105,78,76,2,2
21106,147,130,17,17
21107,96,87,9,9
21108,72,79,-7,7
21109,65,62,3,3
21110,107,100,7,7
21111,119,102,17,17
21112,101,89,12,12
21113,162,136,26,26
21114,119,108,11,11
21115,93,90,3,3
21116,102,97,5,5
21117,145,131,14,14
21118,94,85,9,9
21119,83,78,5,5
21120,166,144,22,22
21121,63,64,-1,1
21122,90,81,9,9
21123,53,53,0,0
21124,103,99,4,4
21125,117,103,14,14
21126,99,93,6,6
21127,44,42,2,2
21128,149,131,18,18
21129,104,95,9,9
21130,225,198,27,27
21131,101,92,9,9
21132,101,91,10,10
21133,76,66,10,10
21134,80,74,6,6
21135,70,63,7,7
21136,130,100,30,30
21137,148,126,22,22
21138,70,78,-8,8
21139,137,135,2,2
21140,59,54,5,5
21141,71,73,-2,2
21142,134,120,14,14
21143,116,98,18,18
21144,104,96,8,8
21145,63,69,-6,6
21146,61,56,5,5
21147,89,105,-16,16
21148,61,57,4,4
21149,97,94,3,3
21150,102,92,10,10
21151,63,63,0,0
21152,165,146,19,19
21153,88,92,-4,4
21154,112,93,19,19
21155,90,84,6,6
21156,179,161,18,18
21157,89,90,-1,1
21158,19,31,-12,12
21159,123,110,13,13
21160,111,127,-16,16
21161,89,81,8,8
21162,86,91,-5,5
21163,92,90,2,2
21164,93,83,10,10
21165,91,85,6,6
21166,70,68,2,2
21167,105,97,8,8
21168,85,78,7,7
21169,78,69,9,9
21170,112,105,7,7
21171,96,91,5,5
21172,54,57,-3,3
21173,121,102,19,19
21174,131,118,13,13
21175,66,66,0,0
21176,61,65,-4,4
21177,80,76,4,4
21178,89,81,8,8
21179,74,65,9,9
21180,65,74,-9,9
21181,101,100,1,1
21182,97,83,14,14
21183,108,103,5,5
21184,96,96,0,0
21185,132,118,14,14
21186,62,58,4,4
21187,82,73,9,9
21188,154,129,25,25
21189,82,79,3,3
21190,50,51,-1,1
21191,68,63,5,5
21192,124,122,2,2
21193,74,67,7,7
21194,149,139,10,10
21195,59,59,0,0
21196,56,54,2,2
21197,58,57,1,1
21198,151,144,7,7
21199,113,99,14,14
21200,74,92,-18,18
21201,71,66,5,5
21202,86,78,8,8
21203,65,60,5,5
21204,69,74,-5,5
21205,161,144,17,17
21206,89,85,4,4
21207,36,37,-1,1
21208,55,51,4,4
21209,97,88,9,9
21210,89,75,14,14
21211,64,62,2,2
21212,98,95,3,3
21213,89,79,10,10
21214,44,41,3,3
21215,162,145,17,17
21216,126,124,2,2
21217,82,79,3,3
21218,77,84,-7,7
21219,81,80,1,1
21220,137,124,13,13
21221,69,66,3,3
21222,86,80,6,6
21223,67,68,-1,1
21224,101,91,10,10
21225,74,74,0,0
21226,71,69,2,2
21227,66,63,3,3
21228,104,99,5,5
21229,111,117,-6,6
21230,86,85,1,1
21231,96,92,4,4
21232,79,74,5,5
21233,183,174,9,9
21234,89,81,8,8
21235,133,114,19,19
21236,80,75,5,5
21237,72,68,4,4
21238,109,92,17,17
21239,107,96,11,11
21240,84,74,10,10
21241,67,59,8,8
21242,102,92,10,10
21243,66,168,-102,102
21244,132,126,6,6
21245,103,97,6,6
21246,91,86,5,5
21247,111,105,6,6
21248,110,97,13,13
21249,156,145,11,11
21250,44,40,4,4
21251,48,47,1,1
21252,79,83,-4,4
21253,58,51,7,7
21254,134,115,19,19
21255,105,98,7,7
21256,79,72,7,7
21257,124,151,-27,27
21258,109,89,20,20
21259,79,73,6,6
21260,66,68,-2,2
21261,93,83,10,10
21262,93,88,5,5
21263,85,91,-6,6
21264,92,84,8,8
21265,103,100,3,3
21266,104,93,11,11
21267,108,100,8,8
21268,82,74,8,8
21269,92,91,1,1
21270,41,41,0,0
21271,47,51,-4,4
21272,79,75,4,4
21273,101,103,-2,2
21274,66,67,-1,1
21275,83,76,7,7
21276,89,72,17,17
21277,55,55,0,0
21278,137,124,13,13
21279,92,81,11,11
21280,131,120,11,11
21281,99,88,11,11
21282,100,100,0,0
21283,82,74,8,8
21284,57,59,-2,2
21285,74,74,0,0
21286,79,77,2,2
21287,83,77,6,6
21288,118,107,11,11
21289,133,147,-14,14
21290,129,121,8,8
21291,70,82,-12,12
21292,145,130,15,15
21293,149,111,38,38
21294,113,109,4,4
21295,56,62,-6,6
21296,44,42,2,2
21297,89,93,-4,4
21298,90,88,2,2
21299,74,66,8,8
21300,117,103,14,14
21301,65,56,9,9
21302,48,50,-2,2
21303,92,84,8,8
21304,72,69,3,3
21305,83,71,12,12
21306,63,62,1,1
21307,135,112,23,23
21308,147,139,8,8
21309,142,139,3,3
21310,122,104,18,18
21311,77,72,5,5
21312,106,96,10,10
21313,65,68,-3,3
21314,70,64,6,6
21315,124,107,17,17
21316,100,91,9,9
21317,56,56,0,0
21318,72,65,7,7
21319,83,76,7,7
21320,66,62,4,4
21321,45,50,-5,5
21322,162,149,13,13
21323,85,83,2,2
21324,115,107,8,8
21325,122,113,9,9
21326,72,67,5,5
21327,68,68,0,0
21328,65,65,0,0
21329,84,76,8,8
21330,161,134,27,27
21331,149,129,20,20
21332,109,98,11,11
21333,57,60,-3,3
21334,85,76,9,9
21335,100,88,12,12
21336,171,128,43,43
21337,73,73,0,0
21338,78,77,1,1
21339,67,76,-9,9
21340,122,122,0,0
21341,84,72,12,12
21342,171,143,28,28
21343,87,84,3,3
21344,140,113,27,27
21345,86,89,-3,3
21346,85,85,0,0
21347,50,50,0,0
21348,78,75,3,3
21349,67,57,10,10
21350,81,73,8,8
21351,75,73,2,2
21352,91,86,5,5
21353,119,111,8,8
21354,138,126,12,12
21355,58,55,3,3
21356,137,118,19,19
21357,88,90,-2,2
21358,122,109,13,13
21359,106,92,14,14
21360,101,98,3,3
21361,88,83,5,5
21362,83,70,13,13
21363,80,74,6,6
21364,111,106,5,5
21365,183,163,20,20
21366,73,68,5,5
21367,97,85,12,12
21368,55,59,-4,4
21369,116,115,1,1
21370,78,74,4,4
21371,99,93,6,6
21372,141,120,21,21
21373,56,56,0,0
21374,65,63,2,2
21375,72,68,4,4
21376,99,70,29,29
21377,96,83,13,13
21378,69,71,-2,2
21379,94,98,-4,4
21380,98,85,13,13
21381,55,57,-2,2
21382,107,100,7,7
21383,68,68,0,0
21384,84,82,2,2
21385,65,63,2,2
21386,177,145,32,32
21387,62,60,2,2
21388,182,151,31,31
21389,72,51,21,21
21390,151,136,15,15
21391,80,71,9,9
21392,122,116,6,6
21393,136,113,23,23
21394,141,123,18,18
21395,88,79,9,9
21396,88,76,12,12
21397,127,117,10,10
21398,92,90,2,2
21399,74,64,10,10
21400,111,101,10,10
21401,204,183,21,21
21402,111,96,15,15
21403,59,53,6,6
21404,129,105,24,24
21405,107,97,10,10
21406,104,91,13,13
21407,76,76,0,0
21408,113,111,2,2
21409,110,103,7,7
21410,69,62,7,7
21411,67,67,0,0
21412,85,76,9,9
21413,94,88,6,6
21414,93,82,11,11
21415,90,84,6,6
21416,61,51,10,10
21417,56,51,5,5
21418,114,100,14,14
21419,71,62,9,9
21420,86,83,3,3
21421,114,110,4,4
21422,50,51,-1,1
21423,155,139,16,16
21424,108,108,0,0
21425,104,81,23,23
21426,89,80,9,9
21427,75,68,7,7
21428,149,137,12,12
21429,94,81,13,13
21430,63,73,-10,10
21431,127,128,-1,1
21432,103,97,6,6
21433,90,78,12,12
21434,64,69,-5,5
21435,144,121,23,23
21436,119,102,17,17
21437,45,52,-7,7
21438,78,74,4,4
21439,45,55,-10,10
21440,113,109,4,4
21441,89,87,2,2
21442,122,116,6,6
21443,93,86,7,7
21444,54,55,-1,1
21445,89,75,14,14
21446,85,77,8,8
21447,101,94,7,7
21448,132,132,0,0
21449,47,46,1,1
21450,83,75,8,8
21451,89,76,13,13
21452,77,68,9,9
21453,150,124,26,26
21454,130,107,23,23
21455,85,80,5,5
21456,114,103,11,11
21457,155,141,14,14
21458,63,57,6,6
21459,94,91,3,3
21460,42,41,1,1
21461,138,130,8,8
21462,78,79,-1,1
21463,79,75,4,4
21464,95,86,9,9
21465,80,68,12,12
21466,80,87,-7,7
21467,39,48,-9,9
21468,143,123,20,20
21469,88,80,8,8
21470,47,51,-4,4
21471,70,68,2,2
21472,174,151,23,23
21473,148,133,15,15
21474,185,156,29,29
21475,122,122,0,0
21476,138,125,13,13
21477,99,90,9,9
21478,50,52,-2,2
21479,104,87,17,17
21480,69,66,3,3
21481,127,115,12,12
21482,59,65,-6,6
21483,89,84,5,5
21484,81,79,2,2
21485,64,69,-5,5
21486,124,116,8,8
21487,75,79,-4,4
21488,102,91,11,11
21489,156,134,22,22
21490,81,77,4,4
21491,90,80,10,10
21492,58,70,-12,12
21493,153,127,26,26
21494,100,90,10,10
21495,133,114,19,19
21496,133,113,20,20
21497,68,68,0,0
21498,104,96,8,8
21499,74,68,6,6
21500,138,119,19,19
21501,83,81,2,2
21502,125,129,-4,4
21503,98,93,5,5
21504,92,82,10,10
21505,39,44,-5,5
21506,93,88,5,5
21507,47,55,-8,8
21508,72,69,3,3
21509,138,120,18,18
21510,81,79,2,2
21511,102,96,6,6
21512,146,129,17,17
21513,80,71,9,9
21514,76,69,7,7
21515,130,131,-1,1
21516,138,119,19,19
21517,69,74,-5,5
21518,134,114,20,20
21519,73,72,1,1
21520,55,60,-5,5
21521,68,70,-2,2
21522,78,88,-10,10
21523,85,78,7,7
21524,118,108,10,10
21525,80,75,5,5
21526,153,145,8,8
21527,81,70,11,11
21528,85,79,6,6
21529,117,106,11,11
21530,126,118,8,8
21531,34,34,0,0
21532,72,63,9,9
21533,138,122,16,16
21534,82,80,2,2
21535,113,108,5,5
21536,63,65,-2,2
21537,80,68,12,12
21538,67,64,3,3
21539,117,121,-4,4
21540,120,104,16,16
21541,75,69,6,6
21542,117,105,12,12
21543,103,101,2,2
21544,149,145,4,4
21545,169,158,11,11
21546,85,91,-6,6
21547,91,80,11,11
21548,121,115,6,6
21549,95,103,-8,8
21550,123,120,3,3
21551,36,45,-9,9
21552,71,69,2,2
21553,106,93,13,13
21554,101,85,16,16
21555,60,73,-13,13
21556,68,62,6,6
21557,76,70,6,6
21558,91,79,12,12
21559,84,78,6,6
21560,97,95,2,2
21561,75,77,-2,2
21562,44,44,0,0
21563,78,63,15,15
21564,55,55,0,0
21565,106,109,-3,3
21566,125,112,13,13
21567,185,155,30,30
21568,148,154,-6,6
21569,156,133,23,23
21570,128,114,14,14
21571,96,87,9,9
21572,99,86,13,13
21573,63,67,-4,4
21574,78,81,-3,3
21575,162,123,39,39
21576,75,73,2,2
21577,103,92,11,11
21578,110,95,15,15
21579,116,105,11,11
21580,51,52,-1,1
21581,126,114,12,12
21582,37,44,-7,7
21583,109,99,10,10
21584,115,111,4,4
21585,70,65,5,5
21586,94,93,1,1
21587,113,105,8,8
21588,91,85,6,6
21589,71,70,1,1
21590,55,56,-1,1
21591,63,67,-4,4
21592,59,59,0,0
21593,81,75,6,6
21594,135,127,8,8
21595,95,86,9,9
21596,67,74,-7,7
21597,80,76,4,4
21598,73,79,-6,6
21599,98,87,11,11
21600,104,90,14,14
21601,63,57,6,6
21602,60,54,6,6
21603,117,105,12,12
21604,60,56,4,4
21605,127,116,11,11
21606,121,98,23,23
21607,118,110,8,8
21608,80,75,5,5
21609,77,75,2,2
21610,104,89,15,15
21611,182,187,-5,5
21612,90,89,1,1
21613,49,50,-1,1
21614,86,79,7,7
21615,88,81,7,7
21616,114,98,16,16
21617,56,54,2,2
21618,66,58,8,8
21619,68,70,-2,2
21620,88,83,5,5
21621,45,65,-20,20
21622,231,195,36,36
21623,136,117,19,19
21624,69,64,5,5
21625,123,122,1,1
21626,60,54,6,6
21627,72,69,3,3
21628,84,83,1,1
21629,123,113,10,10
21630,58,66,-8,8
21631,58,56,2,2
21632,71,65,6,6
21633,97,85,12,12
21634,61,62,-1,1
21635,57,62,-5,5
21636,172,152,20,20
21637,62,60,2,2
21638,112,97,15,15
21639,126,114,12,12
21640,85,77,8,8
21641,105,107,-2,2
21642,100,93,7,7
21643,117,121,-4,4
21644,76,83,-7,7
21645,85,79,6,6
21646,187,148,39,39
21647,145,129,16,16
21648,64,71,-7,7
21649,107,93,14,14
21650,140,126,14,14
21651,46,53,-7,7
21652,63,57,6,6
21653,93,86,7,7
21654,111,103,8,8
21655,60,55,5,5
21656,120,108,12,12
21657,67,67,0,0
21658,157,139,18,18
21659,133,123,10,10
21660,112,110,2,2
21661,119,122,-3,3
21662,86,80,6,6
21663,128,120,8,8
21664,109,94,15,15
21665,133,119,14,14
21666,62,56,6,6
21667,167,145,22,22
21668,122,105,17,17
21669,42,40,2,2
21670,66,62,4,4
21671,110,99,11,11
21672,84,90,-6,6
21673,115,104,11,11
21674,174,152,22,22
21675,85,78,7,7
21676,100,91,9,9
21677,56,59,-3,3
21678,72,65,7,7
21679,87,84,3,3
21680,70,80,-10,10
21681,76,70,6,6
21682,89,82,7,7
21683,69,66,3,3
21684,175,149,26,26
21685,191,162,29,29
21686,66,59,7,7
21687,145,132,13,13
21688,127,106,21,21
21689,54,49,5,5
21690,70,63,7,7
21691,67,61,6,6
21692,77,71,6,6
21693,119,120,-1,1
21694,38,50,-12,12
21695,77,76,1,1
21696,49,49,0,0
21697,63,78,-15,15
21698,40,40,0,0
21699,69,77,-8,8
21700,35,40,-5,5
21701,93,83,10,10
21702,61,71,-10,10
21703,50,45,5,5
21704,113,107,6,6
21705,123,103,20,20
21706,75,72,3,3
21707,94,84,10,10
21708,71,73,-2,2
21709,114,107,7,7
21710,68,62,6,6
21711,129,128,1,1
21712,61,55,6,6
21713,92,81,11,11
21714,76,66,10,10
21715,106,90,16,16
21716,123,109,14,14
21717,89,86,3,3
21718,88,87,1,1
21719,48,51,-3,3
21720,87,85,2,2
21721,53,58,-5,5
21722,120,105,15,15
21723,105,101,4,4
21724,117,103,14,14
21725,128,113,15,15
21726,173,148,25,25
21727,85,80,5,5
21728,97,83,14,14
21729,101,88,13,13
21730,67,67,0,0
21731,71,67,4,4
21732,89,76,13,13
21733,85,89,-4,4
21734,83,77,6,6
21735,78,70,8,8
21736,76,71,5,5
21737,115,103,12,12
21738,68,61,7,7
21739,75,70,5,5
21740,106,87,19,19
21741,76,69,7,7
21742,123,108,15,15
21743,82,79,3,3
21744,82,82,0,0
21745,162,144,18,18
21746,64,66,-2,2
21747,66,53,13,13
21748,48,45,3,3
21749,86,85,1,1
21750,59,61,-2,2
21751,118,108,10,10
21752,75,70,5,5
21753,138,116,22,22
21754,50,51,-1,1
21755,96,77,19,19
21756,68,67,1,1
21757,83,80,3,3
21758,93,101,-8,8
21759,78,79,-1,1
21760,45,42,3,3
21761,85,79,6,6
21762,123,104,19,19
21763,42,49,-7,7
21764,84,77,7,7
21765,123,111,12,12
21766,45,51,-6,6
21767,88,84,4,4
21768,85,78,7,7
21769,79,64,15,15
21770,75,70,5,5
21771,125,115,10,10
21772,33,47,-14,14
21773,84,83,1,1
21774,117,114,3,3
21775,79,74,5,5
21776,190,171,19,19
21777,112,105,7,7
21778,86,83,3,3
21779,115,102,13,13
21780,74,66,8,8
21781,85,82,3,3
21782,28,31,-3,3
21783,45,50,-5,5
21784,115,106,9,9
21785,92,83,9,9
21786,78,70,8,8
21787,129,116,13,13
21788,119,100,19,19
21789,78,76,2,2
21790,78,61,17,17
21791,211,176,35,35
21792,95,96,-1,1
21793,101,92,9,9
21794,163,142,21,21
21795,168,144,24,24
21796,109,99,10,10
21797,98,97,1,1
21798,61,57,4,4
21799,131,124,7,7
21800,74,70,4,4
21801,66,73,-7,7
21802,130,114,16,16
21803,71,66,5,5
21804,135,128,7,7
21805,88,76,12,12
21806,150,153,-3,3
21807,152,123,29,29
21808,117,92,25,25
21809,133,123,10,10
21810,77,73,4,4
21811,75,67,8,8
21812,63,61,2,2
21813,73,65,8,8
21814,72,70,2,2
21815,62,75,-13,13
21816,98,96,2,2
21817,103,91,12,12
21818,167,170,-3,3
21819,73,74,-1,1
21820,68,61,7,7
21821,104,96,8,8
21822,96,94,2,2
21823,165,151,14,14
21824,128,118,10,10
21825,147,130,17,17
21826,139,126,13,13
21827,156,131,25,25
21828,86,83,3,3
21829,78,74,4,4
21830,78,69,9,9
21831,89,77,12,12
21832,115,103,12,12
21833,122,110,12,12
21834,47,58,-11,11
21835,60,69,-9,9
21836,87,93,-6,6
21837,77,75,2,2
21838,115,96,19,19
21839,105,85,20,20
21840,120,109,11,11
21841,95,82,13,13
21842,103,90,13,13
21843,57,54,3,3
21844,132,114,18,18
21845,118,99,19,19
21846,134,110,24,24
21847,85,89,-4,4
21848,130,127,3,3
21849,107,106,1,1
21850,112,98,14,14
21851,63,63,0,0
21852,176,155,21,21
21853,83,76,7,7
21854,88,92,-4,4
21855,141,116,25,25
21856,121,108,13,13
21857,119,104,15,15
21858,51,59,-8,8
21859,60,63,-3,3
21860,103,81,22,22
21861,122,108,14,14
21862,79,74,5,5
21863,103,89,14,14
21864,86,73,13,13
21865,58,62,-4,4
21866,103,96,7,7
21867,89,78,11,11
21868,94,82,12,12
21869,115,110,5,5
21870,151,147,4,4
21871,97,88,9,9
21872,88,78,10,10
21873,78,75,3,3
21874,79,72,7,7
21875,51,51,0,0
21876,77,82,-5,5
21877,98,82,16,16
21878,160,129,31,31
21879,114,107,7,7
21880,95,92,3,3
21881,77,76,1,1
21882,75,72,3,3
21883,142,126,16,16
21884,72,70,2,2
21885,150,126,24,24
21886,67,69,-2,2
21887,104,97,7,7
21888,95,93,2,2
21889,116,103,13,13
21890,43,72,-29,29
21891,98,94,4,4
21892,85,72,13,13
21893,93,86,7,7
21894,106,96,10,10
21895,99,92,7,7
21896,179,154,25,25
21897,61,74,-13,13
21898,77,75,2,2
21899,64,61,3,3
21900,90,86,4,4
21901,106,106,0,0
21902,67,63,4,4
21903,102,94,8,8
21904,94,59,35,35
21905,92,83,9,9
21906,81,75,6,6
21907,84,76,8,8
21908,131,128,3,3
21909,96,90,6,6
21910,89,81,8,8
21911,107,93,14,14
21912,73,77,-4,4
21913,81,72,9,9
21914,69,72,-3,3
21915,73,71,2,2
21916,150,138,12,12
21917,115,95,20,20
21918,90,80,10,10
21919,63,70,-7,7
21920,138,119,19,19
21921,125,121,4,4
21922,111,103,8,8
21923,124,102,22,22
21924,37,44,-7,7
21925,114,106,8,8
21926,67,64,3,3
21927,116,110,6,6
21928,134,134,0,0
21929,58,59,-1,1
21930,75,67,8,8
21931,119,107,12,12
21932,94,81,13,13
21933,72,67,5,5
21934,144,133,11,11
21935,86,80,6,6
21936,112,103,9,9
21937,57,54,3,3
21938,121,120,1,1
21939,118,106,12,12
21940,79,72,7,7
21941,53,51,2,2
21942,61,53,8,8
21943,90,89,1,1
21944,114,106,8,8
21945,101,97,4,4
21946,180,162,18,18
21947,136,139,-3,3
21948,100,94,6,6
21949,107,101,6,6
21950,95,92,3,3
21951,75,72,3,3
21952,86,85,1,1
21953,71,75,-4,4
21954,126,117,9,9
21955,125,112,13,13
21956,162,144,18,18
21957,71,69,2,2
21958,60,54,6,6
21959,118,115,3,3
21960,104,77,27,27
21961,117,105,12,12
21962,144,125,19,19
21963,78,77,1,1
21964,95,88,7,7
21965,157,140,17,17
21966,70,67,3,3
21967,68,68,0,0
21968,125,111,14,14
21969,111,91,20,20
21970,112,98,14,14
21971,118,97,21,21
21972,71,63,8,8
21973,126,105,21,21
21974,96,87,9,9
21975,59,62,-3,3
21976,82,86,-4,4
21977,101,100,1,1
21978,80,79,1,1
21979,61,59,2,2
21980,89,87,2,2
21981,107,87,20,20
21982,55,58,-3,3
21983,99,88,11,11
21984,131,127,4,4
21985,80,71,9,9
21986,110,87,23,23
21987,94,87,7,7
21988,32,31,1,1
21989,105,96,9,9
21990,103,102,1,1
21991,152,143,9,9
21992,136,113,23,23
21993,78,71,7,7
21994,68,64,4,4
21995,68,75,-7,7
21996,36,33,3,3
21997,111,106,5,5
21998,64,56,8,8
21999,70,68,2,2
22000,89,83,6,6
22001,103,95,8,8
22002,79,74,5,5
22003,175,161,14,14
22004,103,101,2,2
22005,84,77,7,7
22006,79,71,8,8
22007,93,93,0,0
22008,124,112,12,12
22009,106,96,10,10
22010,144,117,27,27
22011,100,92,8,8
22012,70,66,4,4
22013,122,119,3,3
22014,101,93,8,8
22015,125,112,13,13
22016,94,84,10,10
22017,134,132,2,2
22018,69,71,-2,2
22019,119,100,19,19
22020,106,95,11,11
22021,122,114,8,8
22022,54,51,3,3
22023,89,82,7,7
22024,76,85,-9,9
22025,86,80,6,6
22026,144,120,24,24
22027,93,77,16,16
22028,105,103,2,2
22029,101,96,5,5
22030,81,87,-6,6
22031,85,79,6,6
22032,157,125,32,32
22033,112,109,3,3
22034,76,74,2,2
22035,85,88,-3,3
22036,141,115,26,26
22037,87,89,-2,2
22038,71,75,-4,4
22039,104,102,2,2
22040,73,74,-1,1
22041,143,126,17,17
22042,92,92,0,0
22043,80,79,1,1
22044,98,94,4,4
22045,80,72,8,8
22046,54,56,-2,2
22047,134,131,3,3
22048,70,65,5,5
22049,114,107,7,7
22050,80,66,14,14
22051,90,79,11,11
22052,82,85,-3,3
22053,103,91,12,12
22054,82,76,6,6
22055,92,82,10,10
22056,82,75,7,7
22057,66,66,0,0
22058,124,145,-21,21
22059,61,65,-4,4
22060,63,68,-5,5
22061,91,89,2,2
22062,72,66,6,6
22063,54,64,-10,10
22064,87,78,9,9
22065,104,106,-2,2
22066,61,62,-1,1
22067,125,103,22,22
22068,129,124,5,5
22069,33,46,-13,13
22070,97,94,3,3
22071,73,82,-9,9
22072,154,128,26,26
22073,74,70,4,4
22074,125,117,8,8
22075,54,56,-2,2
22076,68,73,-5,5
22077,91,80,11,11
22078,68,64,4,4
22079,92,100,-8,8
22080,117,95,22,22
22081,98,103,-5,5
22082,124,103,21,21
22083,71,72,-1,1
22084,66,63,3,3
22085,37,44,-7,7
22086,108,96,12,12
22087,59,57,2,2
22088,84,78,6,6
22089,162,139,23,23
22090,108,103,5,5
22091,120,106,14,14
22092,102,102,0,0
22093,68,79,-11,11
22094,146,118,28,28
22095,116,109,7,7
22096,66,66,0,0
22097,67,66,1,1
22098,46,54,-8,8
22099,92,81,11,11
22100,150,124,26,26
22101,58,50,8,8
22102,103,101,2,2
22103,112,95,17,17
22104,90,93,-3,3
22105,98,92,6,6
22106,54,58,-4,4
22107,76,75,1,1
22108,77,79,-2,2
22109,111,96,15,15
22110,118,112,6,6
22111,125,113,12,12
22112,94,92,2,2
22113,73,73,0,0
22114,173,155,18,18
22115,155,143,12,12
22116,120,120,0,0
22117,86,76,10,10
22118,115,101,14,14
22119,149,127,22,22
22120,68,81,-13,13
22121,130,104,26,26
22122,65,66,-1,1
22123,63,51,12,12
22124,39,42,-3,3
22125,82,74,8,8
22126,74,60,14,14
22127,57,67,-10,10
22128,105,102,3,3
22129,106,99,7,7
22130,126,136,-10,10
22131,113,103,10,10
22132,109,103,6,6
22133,95,92,3,3
22134,86,72,14,14
22135,99,90,9,9
22136,65,75,-10,10
22137,70,67,3,3
22138,66,61,5,5
22139,45,48,-3,3
22140,77,74,3,3
22141,50,53,-3,3
22142,105,97,8,8
22143,101,101,0,0
22144,62,66,-4,4
22145,82,86,-4,4
22146,69,60,9,9
22147,122,129,-7,7
22148,147,132,15,15
22149,220,194,26,26
22150,69,65,4,4
22151,93,84,9,9
22152,111,102,9,9
22153,152,140,12,12
22154,124,117,7,7
22155,43,41,2,2
22156,112,93,19,19
22157,83,77,6,6
22158,140,128,12,12
22159,110,101,9,9
22160,71,76,-5,5
22161,96,104,-8,8
22162,148,139,9,9
22163,53,44,9,9
22164,120,103,17,17
22165,188,170,18,18
22166,29,37,-8,8
22167,117,105,12,12
22168,104,95,9,9
22169,81,77,4,4
22170,124,117,7,7
22171,103,106,-3,3
22172,139,126,13,13
22173,79,65,14,14
22174,133,116,17,17
22175,112,108,4,4
22176,99,99,0,0
22177,101,89,12,12
22178,75,66,9,9
22179,110,100,10,10
22180,121,112,9,9
22181,110,104,6,6
22182,68,80,-12,12
22183,99,89,10,10
22184,67,68,-1,1
22185,72,73,-1,1
22186,151,123,28,28
22187,87,88,-1,1
22188,83,81,2,2
22189,58,66,-8,8
22190,56,53,3,3
22191,72,69,3,3
22192,91,81,10,10
22193,61,56,5,5
22194,95,76,19,19
22195,101,88,13,13
22196,98,87,11,11
22197,128,125,3,3
22198,183,157,26,26
22199,68,67,1,1
22200,97,87,10,10
22201,74,73,1,1
22202,127,117,10,10
22203,91,83,8,8
22204,95,87,8,8
22205,83,76,7,7
22206,130,117,13,13
22207,143,79,64,64
22208,68,70,-2,2
22209,72,65,7,7
22210,81,76,5,5
22211,63,66,-3,3
22212,92,80,12,12
22213,70,77,-7,7
22214,114,112,2,2
22215,119,96,23,23
22216,130,120,10,10
22217,94,91,3,3
22218,104,101,3,3
22219,99,99,0,0
22220,55,60,-5,5
22221,111,106,5,5
22222,101,84,17,17
22223,86,82,4,4
22224,89,86,3,3
22225,91,103,-12,12
22226,140,128,12,12
22227,74,72,2,2
22228,82,79,3,3
22229,103,77,26,26
22230,104,87,17,17
22231,75,78,-3,3
22232,92,93,-1,1
22233,53,54,-1,1
22234,74,78,-4,4
22235,38,37,1,1
22236,141,126,15,15
22237,91,94,-3,3
22238,97,86,11,11
22239,115,102,13,13
22240,141,131,10,10
22241,72,75,-3,3
22242,87,84,3,3
22243,114,105,9,9
22244,96,84,12,12
22245,68,76,-8,8
22246,123,118,5,5
22247,91,83,8,8
22248,91,79,12,12
22249,116,111,5,5
22250,49,68,-19,19
22251,57,54,3,3
22252,124,116,8,8
22253,88,92,-4,4
22254,129,117,12,12
22255,55,51,4,4
22256,188,159,29,29
22257,64,67,-3,3
22258,71,68,3,3
22259,45,48,-3,3
22260,93,96,-3,3
22261,68,63,5,5
22262,161,157,4,4
22263,69,74,-5,5
22264,113,108,5,5
22265,74,85,-11,11
22266,58,61,-3,3
22267,149,143,6,6
22268,49,51,-2,2
22269,96,89,7,7
22270,122,107,15,15
22271,92,76,16,16
22272,124,117,7,7
22273,93,89,4,4
22274,149,140,9,9
22275,179,156,23,23
22276,147,138,9,9
22277,121,114,7,7
22278,62,60,2,2
22279,50,51,-1,1
22280,54,51,3,3
22281,104,89,15,15
22282,73,69,4,4
22283,101,94,7,7
22284,71,72,-1,1
22285,90,82,8,8
22286,71,66,5,5
22287,72,71,1,1
22288,61,82,-21,21
22289,65,58,7,7
22290,81,76,5,5
22291,37,49,-12,12
22292,65,65,0,0
22293,128,113,15,15
22294,55,77,-22,22
22295,55,63,-8,8
22296,131,108,23,23
22297,67,58,9,9
22298,138,128,10,10
22299,66,63,3,3
22300,62,59,3,3
22301,187,166,21,21
22302,127,110,17,17
22303,105,101,4,4
22304,78,73,5,5
22305,94,87,7,7
22306,94,88,6,6
22307,108,100,8,8
22308,135,120,15,15
22309,78,72,6,6
22310,87,85,2,2
22311,59,57,2,2
22312,134,134,0,0
22313,89,79,10,10
22314,79,76,3,3
22315,27,41,-14,14
22316,74,66,8,8
22317,56,61,-5,5
22318,121,118,3,3
22319,88,87,1,1
22320,145,135,10,10
22321,99,93,6,6
22322,127,107,20,20
22323,85,80,5,5
22324,91,73,18,18
22325,184,176,8,8
22326,76,71,5,5
22327,86,82,4,4
22328,88,76,12,12
22329,156,138,18,18
22330,106,100,6,6
22331,102,87,15,15
22332,106,96,10,10
22333,87,81,6,6
22334,60,65,-5,5
22335,82,77,5,5
22336,112,96,16,16
22337,118,114,4,4
22338,75,64,11,11
22339,94,91,3,3
22340,57,61,-4,4
22341,96,89,7,7
22342,67,64,3,3
22343,78,85,-7,7
22344,114,97,17,17
22345,70,65,5,5
22346,60,63,-3,3
22347,91,83,8,8
22348,86,75,11,11
22349,84,79,5,5
22350,75,70,5,5
22351,133,128,5,5
22352,193,160,33,33
22353,68,67,1,1
22354,139,127,12,12
22355,57,71,-14,14
22356,110,105,5,5
22357,83,88,-5,5
22358,159,122,37,37
22359,110,100,10,10
22360,150,124,26,26
22361,95,97,-2,2
22362,139,119,20,20
22363,72,65,7,7
22364,147,125,22,22
22365,89,79,10,10
22366,136,123,13,13
22367,47,41,6,6
22368,158,146,12,12
22369,111,108,3,3
22370,99,85,14,14
22371,112,102,10,10
22372,82,84,-2,2
22373,38,38,0,0
22374,82,75,7,7
22375,80,77,3,3
22376,119,100,19,19
22377,68,70,-2,2
22378,117,106,11,11
22379,76,70,6,6
22380,94,88,6,6
22381,68,68,0,0
22382,49,44,5,5
22383,59,57,2,2
22384,135,131,4,4
22385,111,104,7,7
22386,102,87,15,15
22387,118,112,6,6
22388,90,82,8,8
22389,62,63,-1,1
22390,104,94,10,10
22391,120,104,16,16
22392,105,99,6,6
22393,131,118,13,13
22394,103,102,1,1
22395,117,107,10,10
22396,92,85,7,7
22397,70,68,2,2
22398,108,102,6,6
22399,71,68,3,3
22400,58,63,-5,5
22401,91,74,17,17
22402,98,84,14,14
22403,40,47,-7,7
22404,92,77,15,15
22405,100,99,1,1
22406,138,134,4,4
22407,132,111,21,21
22408,101,101,0,0
22409,71,75,-4,4
22410,86,78,8,8
22411,107,97,10,10
22412,85,77,8,8
22413,68,68,0,0
22414,80,75,5,5
22415,125,112,13,13
22416,99,86,13,13
22417,122,107,15,15
22418,190,162,28,28
22419,109,86,23,23
22420,83,73,10,10
22421,121,127,-6,6
22422,79,88,-9,9
22423,142,145,-3,3
22424,63,62,1,1
22425,66,63,3,3
22426,114,95,19,19
22427,80,74,6,6
22428,72,67,5,5
22429,190,169,21,21
22430,91,84,7,7
22431,152,131,21,21
22432,74,59,15,15
22433,88,87,1,1
22434,181,170,11,11
22435,118,110,8,8
22436,131,117,14,14
22437,64,100,-36,36
22438,86,83,3,3
22439,74,80,-6,6
22440,79,75,4,4
22441,99,93,6,6
22442,169,153,16,16
22443,68,57,11,11
22444,79,72,7,7
22445,181,151,30,30
22446,119,101,18,18
22447,120,104,16,16
22448,67,70,-3,3
22449,67,72,-5,5
22450,76,68,8,8
22451,87,78,9,9
22452,91,91,0,0
22453,161,138,23,23
22454,58,55,3,3
22455,57,56,1,1
22456,95,85,10,10
22457,63,64,-1,1
22458,64,61,3,3
22459,55,57,-2,2
22460,136,133,3,3
22461,107,97,10,10
22462,83,86,-3,3
22463,52,61,-9,9
22464,127,128,-1,1
22465,90,88,2,2
22466,141,123,18,18
22467,87,88,-1,1
22468,99,92,7,7
22469,67,66,1,1
22470,79,76,3,3
22471,102,96,6,6
22472,168,159,9,9
22473,154,142,12,12
22474,118,107,11,11
22475,68,76,-8,8
22476,109,102,7,7
22477,41,42,-1,1
22478,65,66,-1,1
22479,108,96,12,12
22480,26,39,-13,13
22481,99,101,-2,2
22482,137,127,10,10
22483,180,163,17,17
22484,223,170,53,53
22485,103,97,6,6
22486,91,87,4,4
22487,120,107,13,13
22488,73,66,7,7
22489,69,73,-4,4
22490,76,75,1,1
22491,73,58,15,15
22492,41,40,1,1
22493,143,134,9,9
22494,121,126,-5,5
22495,97,101,-4,4
22496,86,90,-4,4
22497,80,79,1,1
22498,105,106,-1,1
22499,111,87,24,24
22500,133,130,3,3
22501,120,110,10,10
22502,156,152,4,4
22503,100,102,-2,2
22504,41,43,-2,2
22505,94,95,-1,1
22506,59,56,3,3
22507,71,67,4,4
22508,68,66,2,2
22509,102,88,14,14
22510,134,121,13,13
22511,60,51,9,9
22512,169,134,35,35
22513,80,77,3,3
22514,126,136,-10,10
22515,146,125,21,21
22516,128,126,2,2
22517,67,62,5,5
22518,92,92,0,0
22519,72,71,1,1
22520,79,76,3,3
22521,102,90,12,12
22522,62,63,-1,1
22523,59,60,-1,1
22524,116,97,19,19
22525,96,85,11,11
22526,86,80,6,6
22527,68,76,-8,8
22528,90,89,1,1
22529,90,75,15,15
22530,141,120,21,21
22531,109,99,10,10
22532,51,65,-14,14
22533,107,95,12,12
22534,130,116,14,14
22535,103,96,7,7
22536,49,56,-7,7
22537,106,94,12,12
22538,87,81,6,6
22539,68,65,3,3
22540,88,85,3,3
22541,79,82,-3,3
22542,104,88,16,16
22543,94,87,7,7
22544,123,105,18,18
22545,98,85,13,13
22546,123,108,15,15
22547,104,97,7,7
22548,60,64,-4,4
22549,70,75,-5,5
22550,89,80,9,9
22551,122,105,17,17
22552,55,52,3,3
22553,141,124,17,17
22554,80,77,3,3
22555,97,92,5,5
22556,126,107,19,19
22557,73,73,0,0
22558,63,74,-11,11
22559,151,125,26,26
22560,109,100,9,9
22561,161,147,14,14
22562,80,76,4,4
22563,126,105,21,21
22564,89,80,9,9
22565,95,84,11,11
22566,163,135,28,28
22567,121,103,18,18
22568,80,77,3,3
22569,79,67,12,12
22570,94,83,11,11
22571,143,125,18,18
22572,95,85,10,10
22573,108,98,10,10
22574,94,92,2,2
22575,102,89,13,13
22576,84,83,1,1
22577,80,74,6,6
22578,135,117,18,18
22579,98,80,18,18
22580,113,108,5,5
22581,85,97,-12,12
22582,97,86,11,11
22583,67,65,2,2
22584,135,121,14,14
22585,31,31,0,0
22586,154,143,11,11
22587,136,125,11,11
22588,35,35,0,0
22589,145,127,18,18
22590,76,68,8,8
22591,89,90,-1,1
22592,84,88,-4,4
22593,82,92,-10,10
22594,76,71,5,5
22595,88,86,2,2
22596,85,73,12,12
22597,109,109,0,0
22598,165,145,20,20
22599,88,91,-3,3
22600,54,55,-1,1
22601,93,79,14,14
22602,66,67,-1,1
22603,75,74,1,1
22604,55,54,1,1
22605,72,71,1,1
22606,113,104,9,9
22607,127,114,13,13
22608,53,49,4,4
22609,94,91,3,3
22610,90,86,4,4
22611,65,73,-8,8
22612,60,63,-3,3
22613,59,49,10,10
22614,107,98,9,9
22615,93,99,-6,6
22616,128,109,19,19
22617,55,58,-3,3
22618,93,87,6,6
22619,79,72,7,7
22620,148,125,23,23
22621,129,116,13,13
22622,51,61,-10,10
22623,92,88,4,4
22624,93,101,-8,8
22625,114,110,4,4
22626,72,72,0,0
22627,92,91,1,1
22628,81,76,5,5
22629,69,74,-5,5
22630,93,82,11,11
22631,189,166,23,23
22632,71,68,3,3
22633,87,79,8,8
22634,48,82,-34,34
22635,94,87,7,7
22636,116,122,-6,6
22637,62,62,0,0
22638,240,201,39,39
22639,104,93,11,11
22640,80,82,-2,2
22641,66,54,12,12
22642,100,88,12,12
22643,133,121,12,12
22644,103,91,12,12
22645,137,132,5,5
22646,165,140,25,25
22647,125,111,14,14
22648,86,77,9,9
22649,95,84,11,11
22650,103,106,-3,3
22651,140,115,25,25
22652,95,93,2,2
22653,68,69,-1,1
22654,52,51,1,1
22655,77,71,6,6
22656,121,107,14,14
22657,107,102,5,5
22658,98,89,9,9
22659,100,88,12,12
22660,81,76,5,5
22661,46,44,2,2
22662,162,149,13,13
22663,136,120,16,16
22664,85,84,1,1
22665,83,71,12,12
22666,135,117,18,18
22667,39,34,5,5
22668,61,62,-1,1
22669,73,59,14,14
22670,87,72,15,15
22671,76,75,1,1
22672,84,95,-11,11
22673,94,79,15,15
22674,163,155,8,8
22675,80,81,-1,1
22676,86,98,-12,12
22677,152,131,21,21
22678,100,103,-3,3
22679,75,69,6,6
22680,92,84,8,8
22681,84,77,7,7
22682,144,130,14,14
22683,69,66,3,3
22684,109,104,5,5
22685,109,90,19,19
22686,88,69,19,19
22687,67,65,2,2
22688,115,102,13,13
22689,125,122,3,3
22690,95,93,2,2
22691,87,79,8,8
22692,98,99,-1,1
22693,83,90,-7,7
22694,101,91,10,10
22695,51,49,2,2
22696,108,98,10,10
22697,136,129,7,7
22698,208,198,10,10
22699,121,111,10,10
22700,84,75,9,9
22701,86,75,11,11
22702,148,142,6,6
22703,110,109,1,1
22704,117,109,8,8
22705,96,92,4,4
22706,69,67,2,2
22707,137,122,15,15
22708,66,58,8,8
22709,89,71,18,18
22710,44,51,-7,7
22711,136,119,17,17
22712,128,107,21,21
22713,73,72,1,1
22714,155,145,10,10
22715,89,72,17,17
22716,87,71,16,16
22717,147,131,16,16
22718,64,60,4,4
22719,37,35,2,2
22720,122,110,12,12
22721,44,42,2,2
22722,126,114,12,12
22723,60,67,-7,7
22724,148,134,14,14
22725,134,120,14,14
22726,87,73,14,14
22727,135,130,5,5
22728,90,83,7,7
22729,60,55,5,5
22730,86,72,14,14
22731,150,140,10,10
22732,59,69,-10,10
22733,111,94,17,17
22734,54,53,1,1
22735,158,133,25,25
22736,135,111,24,24
22737,32,38,-6,6
22738,63,63,0,0
22739,117,95,22,22
22740,83,81,2,2
22741,54,58,-4,4
22742,151,135,16,16
22743,64,64,0,0
22744,44,48,-4,4
22745,138,124,14,14
22746,48,55,-7,7
22747,123,104,19,19
22748,97,94,3,3
22749,59,61,-2,2
22750,96,94,2,2
22751,19,31,-12,12
22752,112,102,10,10
22753,131,133,-2,2
22754,153,140,13,13
22755,100,94,6,6
22756,183,165,18,18
22757,121,109,12,12
22758,129,114,15,15
22759,93,96,-3,3
22760,89,87,2,2
22761,92,85,7,7
22762,81,90,-9,9
22763,133,116,17,17
22764,77,78,-1,1
22765,63,62,1,1
22766,66,57,9,9
22767,74,78,-4,4
22768,150,143,7,7
22769,76,79,-3,3
22770,68,55,13,13
22771,73,66,7,7
22772,93,86,7,7
22773,90,74,16,16
22774,81,90,-9,9
22775,59,51,8,8
22776,160,131,29,29
22777,47,46,1,1
22778,109,120,-11,11
22779,133,119,14,14
22780,114,109,5,5
22781,89,75,14,14
22782,86,77,9,9
22783,95,81,14,14
22784,149,146,3,3
22785,86,78,8,8
22786,112,104,8,8
22787,61,98,-37,37
22788,32,36,-4,4
22789,141,127,14,14
22790,106,93,13,13
22791,62,66,-4,4
22792,98,93,5,5
22793,169,125,44,44
22794,75,85,-10,10
22795,113,100,13,13
22796,69,68,1,1
22797,54,58,-4,4
22798,72,74,-2,2
22799,140,134,6,6
22800,86,87,-1,1
22801,106,95,11,11
22802,81,75,6,6
22803,109,93,16,16
22804,120,99,21,21
22805,103,90,13,13
22806,201,167,34,34
22807,115,121,-6,6
22808,94,77,17,17
22809,110,114,-4,4
22810,90,84,6,6
22811,117,102,15,15
22812,80,75,5,5
22813,136,121,15,15
22814,95,92,3,3
22815,121,99,22,22
22816,38,38,0,0
22817,100,84,16,16
22818,83,82,1,1
22819,102,94,8,8
22820,100,91,9,9
22821,67,66,1,1
22822,88,114,-26,26
22823,68,62,6,6
22824,145,131,14,14
22825,86,79,7,7
22826,107,95,12,12
22827,85,91,-6,6
22828,102,99,3,3
22829,132,122,10,10
22830,61,61,0,0
22831,70,63,7,7
22832,91,86,5,5
22833,139,127,12,12
22834,51,51,0,0
22835,39,43,-4,4
22836,100,86,14,14
22837,93,87,6,6
22838,89,90,-1,1
22839,92,93,-1,1
22840,35,37,-2,2
22841,93,79,14,14
22842,64,64,0,0
22843,62,53,9,9
22844,102,81,21,21
22845,101,92,9,9
22846,93,85,8,8
22847,63,61,2,2
22848,88,82,6,6
22849,80,79,1,1
22850,134,97,37,37
22851,77,71,6,6
22852,73,70,3,3
22853,57,57,0,0
22854,118,84,34,34
22855,134,127,7,7
22856,127,114,13,13
22857,88,82,6,6
22858,91,82,9,9
22859,110,103,7,7
22860,46,45,1,1
22861,105,95,10,10
22862,103,104,-1,1
22863,108,93,15,15
22864,93,94,-1,1
22865,75,76,-1,1
22866,131,121,10,10
22867,130,121,9,9
22868,89,82,7,7
22869,49,96,-47,47
22870,120,115,5,5
22871,151,149,2,2
22872,92,84,8,8
22873,77,78,-1,1
22874,126,123,3,3
22875,100,95,5,5
22876,54,54,0,0
22877,110,96,14,14
22878,133,121,12,12
22879,119,115,4,4
22880,126,108,18,18
22881,42,42,0,0
22882,63,64,-1,1
22883,170,154,16,16
22884,68,75,-7,7
22885,114,102,12,12
22886,115,98,17,17
22887,64,69,-5,5
22888,90,85,5,5
22889,126,103,23,23
22890,72,81,-9,9
22891,116,128,-12,12
22892,151,145,6,6
22893,98,78,20,20
22894,135,119,16,16
22895,132,110,22,22
22896,166,142,24,24
22897,109,97,12,12
22898,73,67,6,6
22899,43,44,-1,1
22900,60,57,3,3
22901,95,93,2,2
22902,185,159,26,26
22903,116,107,9,9
22904,120,109,11,11
22905,117,104,13,13
22906,80,84,-4,4
22907,54,54,0,0
22908,94,89,5,5
22909,104,102,2,2
22910,167,160,7,7
22911,183,167,16,16
22912,125,119,6,6
22913,67,64,3,3
22914,127,108,19,19
22915,108,100,8,8
22916,110,100,10,10
22917,72,67,5,5
22918,76,73,3,3
22919,60,57,3,3
22920,127,104,23,23
22921,60,57,3,3
22922,117,105,12,12
22923,62,61,1,1
22924,98,83,15,15
22925,64,62,2,2
22926,90,81,9,9
22927,155,144,11,11
22928,69,64,5,5
22929,91,79,12,12
22930,91,79,12,12
22931,97,83,14,14
22932,116,98,18,18
22933,100,93,7,7
22934,81,74,7,7
22935,77,69,8,8
22936,46,41,5,5
22937,86,90,-4,4
22938,98,85,13,13
22939,128,97,31,31
22940,53,51,2,2
22941,86,82,4,4
22942,106,100,6,6
22943,118,106,12,12
22944,132,125,7,7
22945,179,168,11,11
22946,72,64,8,8
22947,57,56,1,1
22948,159,144,15,15
22949,56,62,-6,6
22950,90,92,-2,2
22951,84,81,3,3
22952,120,116,4,4
22953,99,82,17,17
22954,121,101,20,20
22955,96,93,3,3
22956,46,55,-9,9
22957,84,85,-1,1
22958,79,75,4,4
22959,165,144,21,21
22960,72,72,0,0
22961,75,73,2,2
22962,116,108,8,8
22963,117,114,3,3
22964,95,85,10,10
22965,138,133,5,5
22966,64,64,0,0
22967,70,70,0,0
22968,51,51,0,0
22969,74,79,-5,5
22970,105,98,7,7
22971,137,125,12,12
22972,93,85,8,8
22973,72,74,-2,2
22974,83,73,10,10
22975,113,101,12,12
22976,97,88,9,9
22977,76,73,3,3
22978,65,61,4,4
22979,159,140,19,19
22980,72,67,5,5
22981,127,110,17,17
22982,94,84,10,10
22983,83,77,6,6
22984,84,82,2,2
22985,60,57,3,3
22986,100,97,3,3
22987,108,102,6,6
22988,118,106,12,12
22989,76,79,-3,3
22990,87,75,12,12
22991,50,54,-4,4
22992,38,38,0,0
22993,146,119,27,27
22994,114,105,9,9
22995,52,53,-1,1
22996,84,83,1,1
22997,122,116,6,6
22998,102,89,13,13
22999,181,157,24,24
23000,98,86,12,12
23001,39,43,-4,4
23002,84,66,18,18
23003,145,107,38,38
23004,124,120,4,4
23005,110,110,0,0
23006,57,57,0,0
23007,88,77,11,11
23008,64,63,1,1
23009,195,167,28,28
23010,131,127,4,4
23011,124,113,11,11
23012,79,91,-12,12
23013,66,62,4,4
23014,100,101,-1,1
23015,82,74,8,8
23016,81,81,0,0
23017,85,75,10,10
23018,192,176,16,16
23019,112,103,9,9
23020,166,145,21,21
23021,101,93,8,8
23022,82,70,12,12
23023,89,75,14,14
23024,94,82,12,12
23025,79,84,-5,5
23026,108,106,2,2
23027,117,102,15,15
23028,123,105,18,18
23029,81,74,7,7
23030,87,75,12,12
23031,66,64,2,2
23032,35,36,-1,1
23033,102,86,16,16
23034,145,125,20,20
23035,62,60,2,2
23036,121,105,16,16
23037,69,67,2,2
23038,142,123,19,19
23039,74,65,9,9
23040,92,80,12,12
23041,63,56,7,7
23042,71,71,0,0
23043,148,124,24,24
23044,72,78,-6,6
23045,75,67,8,8
23046,118,112,6,6
23047,103,100,3,3
23048,136,110,26,26
23049,126,122,4,4
23050,93,93,0,0
23051,101,97,4,4
23052,133,113,20,20
23053,83,81,2,2
23054,91,88,3,3
23055,52,49,3,3
23056,100,93,7,7
23057,88,83,5,5
23058,80,82,-2,2
23059,83,88,-5,5
23060,90,82,8,8
23061,69,91,-22,22
23062,85,75,10,10
23063,107,91,16,16
23064,103,88,15,15
23065,60,58,2,2
23066,152,142,10,10
23067,40,41,-1,1
23068,87,78,9,9
23069,78,69,9,9
23070,145,133,12,12
23071,47,51,-4,4
23072,139,115,24,24
23073,94,83,11,11
23074,138,141,-3,3
23075,115,93,22,22
23076,94,88,6,6
23077,106,96,10,10
23078,85,66,19,19
23079,82,75,7,7
23080,61,57,4,4
23081,160,141,19,19
23082,157,153,4,4
23083,87,86,1,1
23084,135,116,19,19
23085,120,107,13,13
23086,104,95,9,9
23087,165,136,29,29
23088,88,82,6,6
23089,67,69,-2,2
23090,87,77,10,10
23091,66,66,0,0
23092,74,68,6,6
23093,76,73,3,3
23094,62,63,-1,1
23095,79,77,2,2
23096,91,86,5,5
23097,70,61,9,9
23098,148,126,22,22
23099,135,114,21,21
23100,74,75,-1,1
23101,78,72,6,6
23102,93,88,5,5
23103,124,112,12,12
23104,129,123,6,6
23105,98,84,14,14
23106,72,65,7,7
23107,53,60,-7,7
23108,138,127,11,11
23109,184,146,38,38
23110,85,81,4,4
23111,82,74,8,8
23112,105,105,0,0
23113,99,89,10,10
23114,65,66,-1,1
23115,73,65,8,8
23116,66,58,8,8
23117,102,98,4,4
23118,85,75,10,10
23119,188,176,12,12
23120,81,179,-98,98
23121,124,112,12,12
23122,59,60,-1,1
23123,108,101,7,7
23124,92,92,0,0
23125,100,92,8,8
23126,105,97,8,8
23127,93,89,4,4
23128,155,139,16,16
23129,71,65,6,6
23130,65,54,11,11
23131,94,83,11,11
23132,122,118,4,4
23133,70,68,2,2
23134,65,62,3,3
23135,160,141,19,19
23136,115,104,11,11
23137,134,126,8,8
23138,101,98,3,3
23139,105,96,9,9
23140,93,90,3,3
23141,94,80,14,14
23142,82,73,9,9
23143,90,83,7,7
23144,78,65,13,13
23145,145,130,15,15
23146,120,109,11,11
23147,94,87,7,7
23148,95,80,15,15
23149,115,121,-6,6
23150,49,49,0,0
23151,134,127,7,7
23152,88,79,9,9
23153,82,79,3,3
23154,67,56,11,11
23155,71,59,12,12
23156,56,62,-6,6
23157,88,79,9,9
23158,34,36,-2,2
23159,62,73,-11,11
23160,82,80,2,2
23161,111,110,1,1
23162,48,50,-2,2
23163,102,99,3,3
23164,143,125,18,18
23165,47,50,-3,3
23166,76,71,5,5
23167,119,109,10,10
23168,64,60,4,4
23169,72,63,9,9
23170,141,127,14,14
23171,64,54,10,10
23172,127,109,18,18
23173,72,70,2,2
23174,111,101,10,10
23175,104,86,18,18
23176,77,79,-2,2
23177,133,129,4,4
23178,113,101,12,12
23179,110,102,8,8
23180,89,82,7,7
23181,125,114,11,11
23182,127,103,24,24
23183,68,62,6,6
23184,99,101,-2,2
23185,86,86,0,0
23186,111,103,8,8
23187,118,98,20,20
23188,74,72,2,2
23189,132,113,19,19
23190,99,88,11,11
23191,139,128,11,11
23192,107,99,8,8
23193,70,73,-3,3
23194,77,65,12,12
23195,101,97,4,4
23196,103,96,7,7
23197,86,82,4,4
23198,104,86,18,18
23199,100,100,0,0
23200,150,131,19,19
23201,69,64,5,5
23202,129,116,13,13
23203,162,153,9,9
23204,111,113,-2,2
23205,133,119,14,14
23206,87,79,8,8
23207,74,79,-5,5
23208,95,97,-2,2
23209,110,110,0,0
23210,124,115,9,9
23211,155,136,19,19
23212,74,61,13,13
23213,80,70,10,10
23214,90,80,10,10
23215,100,93,7,7
23216,112,93,19,19
23217,81,63,18,18
23218,73,77,-4,4
23219,122,110,12,12
23220,130,113,17,17
23221,129,113,16,16
23222,123,107,16,16
23223,84,82,2,2
23224,63,64,-1,1
23225,144,122,22,22
23226,91,146,-55,55
23227,66,71,-5,5
23228,95,87,8,8
23229,129,113,16,16
23230,75,71,4,4
23231,152,173,-21,21
23232,119,81,38,38
23233,107,99,8,8
23234,184,157,27,27
23235,84,83,1,1
23236,123,109,14,14
23237,167,135,32,32
23238,59,51,8,8
23239,68,71,-3,3
23240,119,90,29,29
23241,77,64,13,13
23242,70,74,-4,4
23243,79,69,10,10
23244,114,106,8,8
23245,75,70,5,5
23246,64,53,11,11
23247,127,106,21,21
23248,52,56,-4,4
23249,67,59,8,8
23250,73,74,-1,1
23251,85,73,12,12
23252,63,63,0,0
23253,88,75,13,13
23254,89,96,-7,7
23255,133,107,26,26
23256,82,79,3,3
23257,115,97,18,18
23258,97,94,3,3
23259,81,87,-6,6
23260,102,89,13,13
23261,68,61,7,7
23262,64,61,3,3
23263,70,68,2,2
23264,73,72,1,1
23265,59,65,-6,6
23266,136,122,14,14
23267,103,101,2,2
23268,137,112,25,25
23269,73,70,3,3
23270,83,79,4,4
23271,95,82,13,13
23272,138,117,21,21
23273,86,75,11,11
23274,66,79,-13,13
23275,134,151,-17,17
23276,116,104,12,12
23277,70,69,1,1
23278,118,105,13,13
23279,131,119,12,12
23280,40,60,-20,20
23281,82,78,4,4
23282,78,71,7,7
23283,97,84,13,13
23284,89,90,-1,1
23285,133,118,15,15
23286,76,68,8,8
23287,152,125,27,27
23288,92,85,7,7
23289,62,63,-1,1
23290,179,144,35,35
23291,127,107,20,20
23292,115,103,12,12
23293,54,64,-10,10
23294,136,111,25,25
23295,76,78,-2,2
23296,62,66,-4,4
23297,78,73,5,5
23298,182,147,35,35
23299,67,64,3,3
23300,110,95,15,15
23301,92,79,13,13
23302,150,127,23,23
23303,122,118,4,4
23304,62,66,-4,4
23305,109,96,13,13
23306,123,106,17,17
23307,107,101,6,6
23308,50,58,-8,8
23309,62,63,-1,1
23310,115,106,9,9
23311,41,45,-4,4
23312,106,97,9,9
23313,58,58,0,0
23314,67,62,5,5
23315,64,56,8,8
23316,71,87,-16,16
23317,83,85,-2,2
23318,157,159,-2,2
23319,90,86,4,4
23320,100,103,-3,3
23321,92,89,3,3
23322,87,96,-9,9
23323,76,84,-8,8
23324,101,98,3,3
23325,56,50,6,6
23326,65,65,0,0
23327,70,67,3,3
23328,57,57,0,0
23329,112,131,-19,19
23330,50,67,-17,17
23331,47,55,-8,8
23332,140,143,-3,3
23333,51,51,0,0
23334,61,69,-8,8
23335,78,74,4,4
23336,70,64,6,6
23337,98,85,13,13
23338,152,131,21,21
23339,99,97,2,2
23340,93,92,1,1
23341,90,82,8,8
23342,51,53,-2,2
23343,94,83,11,11
23344,82,82,0,0
23345,137,128,9,9
23346,85,85,0,0
23347,131,126,5,5
23348,110,94,16,16
23349,70,63,7,7
23350,99,100,-1,1
23351,146,126,20,20
23352,37,42,-5,5
23353,94,82,12,12
23354,124,111,13,13
23355,91,98,-7,7
23356,85,82,3,3
23357,58,63,-5,5
23358,78,80,-2,2
23359,62,64,-2,2
23360,51,55,-4,4
23361,85,86,-1,1
23362,64,64,0,0
23363,108,109,-1,1
23364,89,90,-1,1
23365,120,110,10,10
23366,131,109,22,22
23367,50,51,-1,1
23368,109,99,10,10
23369,82,74,8,8
23370,115,101,14,14
23371,121,104,17,17
23372,193,173,20,20
23373,66,65,1,1
23374,125,109,16,16
23375,64,60,4,4
23376,105,90,15,15
23377,47,51,-4,4
23378,57,65,-8,8
23379,105,91,14,14
23380,124,114,10,10
23381,90,91,-1,1
23382,126,107,19,19
23383,89,90,-1,1
23384,122,107,15,15
23385,116,106,10,10
23386,80,66,14,14
23387,92,85,7,7
23388,62,81,-19,19
23389,144,133,11,11
23390,45,54,-9,9
23391,139,128,11,11
23392,117,102,15,15
23393,99,95,4,4
23394,98,91,7,7
23395,87,84,3,3
23396,171,129,42,42
23397,127,101,26,26
23398,114,103,11,11
23399,100,98,2,2
23400,71,77,-6,6
23401,143,119,24,24
23402,84,76,8,8
23403,89,78,11,11
23404,85,84,1,1
23405,69,66,3,3
23406,145,144,1,1
23407,115,109,6,6
23408,116,109,7,7
23409,114,107,7,7
23410,58,51,7,7
23411,79,72,7,7
23412,73,71,2,2
23413,114,109,5,5
23414,140,134,6,6
23415,92,93,-1,1
23416,111,104,7,7
23417,131,126,5,5
23418,76,74,2,2
23419,94,91,3,3
23420,91,93,-2,2
23421,76,71,5,5
23422,115,102,13,13
23423,65,62,3,3
23424,113,109,4,4
23425,85,84,1,1
23426,214,213,1,1
23427,211,185,26,26
23428,41,43,-2,2
23429,78,71,7,7
23430,161,141,20,20
23431,79,70,9,9
23432,51,56,-5,5
23433,103,100,3,3
23434,73,72,1,1
23435,55,57,-2,2
23436,136,112,24,24
23437,131,121,10,10
23438,77,75,2,2
23439,80,73,7,7
23440,110,102,8,8
23441,54,54,0,0
23442,111,108,3,3
23443,84,81,3,3
23444,70,62,8,8
23445,70,65,5,5
23446,106,93,13,13
23447,97,91,6,6
23448,100,87,13,13
23449,135,121,14,14
23450,86,81,5,5
23451,42,37,5,5
23452,132,127,5,5
23453,73,70,3,3
23454,125,114,11,11
23455,83,81,2,2
23456,125,117,8,8
23457,120,109,11,11
23458,110,100,10,10
23459,197,168,29,29
23460,111,99,12,12
23461,86,88,-2,2
23462,76,68,8,8
23463,150,130,20,20
23464,115,106,9,9
23465,89,90,-1,1
23466,176,154,22,22
23467,64,66,-2,2
23468,120,106,14,14
23469,121,107,14,14
23470,64,69,-5,5
23471,49,63,-14,14
23472,70,62,8,8
23473,112,100,12,12
23474,89,88,1,1
23475,107,98,9,9
23476,155,143,12,12
23477,73,74,-1,1
23478,129,125,4,4
23479,161,140,21,21
23480,89,84,5,5
23481,113,106,7,7
23482,99,86,13,13
23483,127,119,8,8
23484,115,106,9,9
23485,78,71,7,7
23486,155,158,-3,3
23487,54,51,3,3
23488,89,85,4,4
23489,115,101,14,14
23490,82,78,4,4
23491,165,146,19,19
23492,90,81,9,9
23493,87,81,6,6
23494,115,99,16,16
23495,70,67,3,3
23496,85,72,13,13
23497,101,94,7,7
23498,118,120,-2,2
23499,135,109,26,26
23500,74,72,2,2
23501,108,110,-2,2
23502,134,121,13,13
23503,109,98,11,11
23504,77,74,3,3
23505,71,63,8,8
23506,78,68,10,10
23507,125,102,23,23
23508,90,83,7,7
23509,47,40,7,7
23510,89,82,7,7
23511,102,90,12,12
23512,94,88,6,6
23513,137,126,11,11
23514,110,93,17,17
23515,100,92,8,8
23516,125,106,19,19
23517,57,82,-25,25
23518,120,110,10,10
23519,149,130,19,19
23520,69,72,-3,3
23521,91,91,0,0
23522,69,66,3,3
23523,143,122,21,21
23524,112,98,14,14
23525,108,93,15,15
23526,83,87,-4,4
23527,102,100,2,2
23528,55,53,2,2
23529,101,90,11,11
23530,39,45,-6,6
23531,173,158,15,15
23532,98,87,11,11
23533,136,122,14,14
23534,62,60,2,2
23535,188,146,42,42
23536,98,91,7,7
23537,132,115,17,17
23538,89,94,-5,5
23539,106,101,5,5
23540,101,102,-1,1
23541,150,126,24,24
23542,194,165,29,29
23543,108,104,4,4
23544,78,84,-6,6
23545,70,69,1,1
23546,93,93,0,0
23547,65,71,-6,6
23548,113,95,18,18
23549,129,115,14,14
23550,94,89,5,5
23551,108,97,11,11
23552,90,88,2,2
23553,68,69,-1,1
23554,98,94,4,4
23555,96,104,-8,8
23556,85,91,-6,6
23557,137,127,10,10
23558,112,103,9,9
23559,168,143,25,25
23560,87,89,-2,2
23561,134,118,16,16
23562,75,76,-1,1
23563,135,118,17,17
23564,81,75,6,6
23565,96,99,-3,3
23566,91,89,2,2
23567,104,85,19,19
23568,105,92,13,13
23569,56,52,4,4
23570,111,100,11,11
23571,56,62,-6,6
23572,62,59,3,3
23573,103,97,6,6
23574,144,135,9,9
23575,101,93,8,8
23576,79,73,6,6
23577,102,90,12,12
23578,121,112,9,9
23579,140,127,13,13
23580,135,122,13,13
23581,80,72,8,8
23582,51,58,-7,7
23583,152,123,29,29
23584,94,90,4,4
23585,52,44,8,8
23586,78,76,2,2
23587,82,82,0,0
23588,75,69,6,6
23589,117,106,11,11
23590,136,122,14,14
23591,92,86,6,6
23592,55,50,5,5
23593,126,106,20,20
23594,55,56,-1,1
23595,43,40,3,3
23596,83,83,0,0
23597,116,114,2,2
23598,113,104,9,9
23599,60,59,1,1
23600,100,99,1,1
23601,100,100,0,0
23602,113,103,10,10
23603,123,131,-8,8
23604,69,69,0,0
23605,113,121,-8,8
23606,71,72,-1,1
23607,132,115,17,17
23608,151,137,14,14
23609,57,57,0,0
23610,105,98,7,7
23611,188,151,37,37
23612,79,71,8,8
23613,151,136,15,15
23614,137,130,7,7
23615,42,53,-11,11
23616,144,129,15,15
23617,41,46,-5,5
23618,82,78,4,4
23619,91,80,11,11
23620,65,66,-1,1
23621,65,63,2,2
23622,103,99,4,4
23623,116,105,11,11
23624,149,138,11,11
23625,202,174,28,28
23626,61,59,2,2
23627,78,75,3,3
23628,154,128,26,26
23629,87,85,2,2
23630,93,80,13,13
23631,134,127,7,7
23632,116,111,5,5
23633,124,120,4,4
23634,148,132,16,16
23635,140,132,8,8
23636,69,62,7,7
23637,107,100,7,7
23638,99,89,10,10
23639,137,118,19,19
23640,165,132,33,33
23641,102,88,14,14
23642,116,102,14,14
23643,95,77,18,18
23644,86,98,-12,12
23645,88,94,-6,6
23646,108,100,8,8
23647,153,143,10,10
23648,69,63,6,6
23649,76,69,7,7
23650,103,94,9,9
23651,79,84,-5,5
23652,129,108,21,21
23653,87,83,4,4
23654,67,66,1,1
23655,81,76,5,5
23656,118,105,13,13
23657,69,64,5,5
23658,63,66,-3,3
23659,77,74,3,3
23660,113,103,10,10
23661,143,130,13,13
23662,57,59,-2,2
23663,86,81,5,5
23664,36,52,-16,16
23665,128,102,26,26
23666,111,99,12,12
23667,68,69,-1,1
23668,60,65,-5,5
23669,90,85,5,5
23670,99,90,9,9
23671,80,74,6,6
23672,79,82,-3,3
23673,84,86,-2,2
23674,77,65,12,12
23675,132,119,13,13
23676,94,62,32,32
23677,95,90,5,5
23678,67,64,3,3
23679,134,114,20,20
23680,148,136,12,12
23681,92,83,9,9
23682,85,71,14,14
23683,69,74,-5,5
23684,107,108,-1,1
23685,113,122,-9,9
23686,49,51,-2,2
23687,31,31,0,0
23688,72,75,-3,3
23689,135,124,11,11
23690,126,113,13,13
23691,67,66,1,1
23692,70,71,-1,1
23693,64,63,1,1
23694,70,84,-14,14
23695,88,76,12,12
23696,66,69,-3,3
23697,80,85,-5,5
23698,82,90,-8,8
23699,85,82,3,3
23700,128,117,11,11
23701,116,106,10,10
23702,74,62,12,12
23703,107,98,9,9
23704,74,70,4,4
23705,133,110,23,23
23706,91,82,9,9
23707,100,95,5,5
23708,90,76,14,14
23709,41,45,-4,4
23710,117,104,13,13
23711,91,93,-2,2
23712,108,113,-5,5
23713,61,62,-1,1
23714,201,173,28,28
23715,112,100,12,12
23716,62,56,6,6
23717,70,67,3,3
23718,79,73,6,6
23719,85,75,10,10
23720,138,118,20,20
23721,132,119,13,13
23722,46,52,-6,6
23723,172,157,15,15
23724,120,103,17,17
23725,120,106,14,14
23726,96,94,2,2
23727,108,95,13,13
23728,125,120,5,5
23729,72,77,-5,5
23730,110,92,18,18
23731,51,57,-6,6
23732,127,114,13,13
23733,109,101,8,8
23734,70,66,4,4
23735,91,83,8,8
23736,53,62,-9,9
23737,195,176,19,19
23738,63,67,-4,4
23739,97,92,5,5
23740,109,96,13,13
23741,116,108,8,8
23742,52,57,-5,5
23743,66,73,-7,7
23744,70,64,6,6
23745,143,134,9,9
23746,61,92,-31,31
23747,105,88,17,17
23748,58,54,4,4
23749,141,131,10,10
23750,64,57,7,7
23751,126,113,13,13
23752,154,141,13,13
23753,103,89,14,14
23754,54,56,-2,2
23755,100,95,5,5
23756,99,94,5,5
23757,84,85,-1,1
23758,67,69,-2,2
23759,51,60,-9,9
23760,118,112,6,6
23761,139,116,23,23
23762,83,77,6,6
23763,127,119,8,8
23764,98,87,11,11
23765,86,79,7,7
23766,53,52,1,1
23767,111,109,2,2
23768,82,81,1,1
23769,101,87,14,14
23770,79,77,2,2
23771,82,85,-3,3
23772,101,85,16,16
23773,172,147,25,25
23774,49,61,-12,12
23775,144,124,20,20
23776,79,74,5,5
23777,71,72,-1,1
23778,109,106,3,3
23779,97,87,10,10
23780,134,117,17,17
23781,139,147,-8,8
23782,103,95,8,8
23783,104,93,11,11
23784,45,56,-11,11
23785,124,123,1,1
23786,77,79,-2,2
23787,92,88,4,4
23788,54,51,3,3
23789,96,89,7,7
23790,77,65,12,12
23791,99,86,13,13
23792,46,43,3,3
23793,128,120,8,8
23794,114,115,-1,1
23795,183,158,25,25
23796,74,74,0,0
23797,152,127,25,25
23798,95,79,16,16
23799,84,68,16,16
23800,103,95,8,8
23801,118,104,14,14
23802,82,92,-10,10
23803,161,157,4,4
23804,93,80,13,13
23805,91,78,13,13
23806,106,95,11,11
23807,91,80,11,11
23808,52,52,0,0
23809,89,83,6,6
23810,80,78,2,2
23811,112,111,1,1
23812,69,60,9,9
23813,68,64,4,4
23814,219,183,36,36
23815,89,89,0,0
23816,127,115,12,12
23817,84,89,-5,5
23818,85,78,7,7
23819,28,54,-26,26
23820,141,123,18,18
23821,92,88,4,4
23822,130,112,18,18
23823,59,61,-2,2
23824,143,122,21,21
23825,145,125,20,20
23826,73,71,2,2
23827,177,158,19,19
23828,169,142,27,27
23829,54,51,3,3
23830,128,107,21,21
23831,52,55,-3,3
23832,129,122,7,7
23833,99,98,1,1
23834,119,97,22,22
23835,75,76,-1,1
23836,119,104,15,15
23837,103,92,11,11
23838,130,118,12,12
23839,119,104,15,15
23840,100,89,11,11
23841,159,150,9,9
23842,75,67,8,8
23843,86,82,4,4
23844,123,113,10,10
23845,74,76,-2,2
23846,50,61,-11,11
23847,57,50,7,7
23848,50,52,-2,2
23849,71,71,0,0
23850,96,90,6,6
23851,76,70,6,6
23852,130,113,17,17
23853,62,72,-10,10
23854,92,82,10,10
23855,98,96,2,2
23856,67,57,10,10
23857,231,203,28,28
23858,68,59,9,9
23859,59,53,6,6
23860,82,70,12,12
23861,67,69,-2,2
23862,88,77,11,11
23863,138,111,27,27
23864,81,67,14,14
23865,117,109,8,8
23866,67,70,-3,3
23867,57,63,-6,6
23868,53,52,1,1
23869,87,81,6,6
23870,123,119,4,4
23871,128,117,11,11
23872,80,80,0,0
23873,95,86,9,9
23874,105,100,5,5
23875,92,91,1,1
23876,97,85,12,12
23877,96,98,-2,2
23878,114,97,17,17
23879,57,60,-3,3
23880,174,148,26,26
23881,98,89,9,9
23882,96,83,13,13
23883,34,51,-17,17
23884,53,51,2,2
23885,70,67,3,3
23886,100,97,3,3
23887,112,108,4,4
23888,86,85,1,1
23889,106,94,12,12
23890,75,73,2,2
23891,97,104,-7,7
23892,93,90,3,3
23893,105,80,25,25
23894,108,100,8,8
23895,137,132,5,5
23896,99,97,2,2
23897,71,68,3,3
23898,157,151,6,6
23899,111,102,9,9
23900,102,86,16,16
23901,144,127,17,17
23902,86,78,8,8
23903,63,72,-9,9
23904,97,82,15,15
23905,30,35,-5,5
23906,77,75,2,2
23907,111,95,16,16
23908,77,69,8,8
23909,41,42,-1,1
23910,82,84,-2,2
23911,144,125,19,19
23912,117,105,12,12
23913,94,82,12,12
23914,58,55,3,3
23915,101,92,9,9
23916,105,89,16,16
23917,99,102,-3,3
23918,88,79,9,9
23919,69,73,-4,4
23920,67,58,9,9
23921,51,60,-9,9
23922,120,108,12,12
23923,60,58,2,2
23924,90,82,8,8
23925,81,75,6,6
23926,163,159,4,4
23927,142,123,19,19
23928,65,66,-1,1
23929,156,141,15,15
23930,52,51,1,1
23931,74,64,10,10
23932,115,104,11,11
23933,126,125,1,1
23934,48,43,5,5
23935,129,124,5,5
23936,160,136,24,24
23937,110,109,1,1
23938,121,117,4,4
23939,97,88,9,9
23940,110,126,-16,16
23941,135,122,13,13
23942,153,139,14,14
23943,103,117,-14,14
23944,103,93,10,10
23945,119,102,17,17
23946,76,80,-4,4
23947,195,186,9,9
23948,57,56,1,1
23949,59,67,-8,8
23950,146,134,12,12
23951,91,75,16,16
23952,101,90,11,11
23953,240,188,52,52
23954,88,87,1,1
23955,83,70,13,13
23956,77,75,2,2
23957,82,87,-5,5
23958,82,89,-7,7
23959,119,101,18,18
23960,106,93,13,13
23961,101,103,-2,2
23962,78,77,1,1
23963,82,75,7,7
23964,82,79,3,3
23965,126,104,22,22
23966,87,90,-3,3
23967,96,90,6,6
23968,68,66,2,2
23969,100,89,11,11
23970,71,74,-3,3
23971,91,93,-2,2
23972,118,106,12,12
23973,93,90,3,3
23974,87,83,4,4
23975,75,76,-1,1
23976,64,59,5,5
23977,94,85,9,9
23978,45,50,-5,5
23979,97,81,16,16
23980,115,102,13,13
23981,84,69,15,15
23982,139,120,19,19
23983,155,152,3,3
23984,65,65,0,0
23985,72,73,-1,1
23986,65,68,-3,3
23987,45,46,-1,1
23988,92,90,2,2
23989,148,132,16,16
23990,163,130,33,33
23991,80,70,10,10
23992,131,112,19,19
23993,74,75,-1,1
23994,62,63,-1,1
23995,65,57,8,8
23996,110,91,19,19
23997,119,89,30,30
23998,110,98,12,12
23999,89,88,1,1
24000,104,105,-1,1
24001,110,109,1,1
24002,83,74,9,9
24003,134,121,13,13
24004,110,105,5,5
24005,74,78,-4,4
24006,152,138,14,14
24007,103,96,7,7
24008,47,51,-4,4
24009,104,93,11,11
24010,59,63,-4,4
24011,76,63,13,13
24012,82,81,1,1
24013,100,96,4,4
24014,127,117,10,10
24015,70,65,5,5
24016,71,70,1,1
24017,83,87,-4,4
24018,80,77,3,3
24019,102,97,5,5
24020,70,77,-7,7
24021,89,81,8,8
24022,75,72,3,3
24023,104,93,11,11
24024,84,68,16,16
24025,56,56,0,0
24026,55,61,-6,6
24027,141,141,0,0
24028,82,79,3,3
24029,182,156,26,26
24030,154,143,11,11
24031,86,81,5,5
24032,78,73,5,5
24033,91,84,7,7
24034,115,109,6,6
24035,112,110,2,2
24036,98,106,-8,8
24037,83,74,9,9
24038,58,59,-1,1
24039,72,67,5,5
24040,46,55,-9,9
24041,54,52,2,2
24042,99,92,7,7
24043,100,118,-18,18
24044,114,107,7,7
24045,56,51,5,5
24046,49,56,-7,7
24047,63,57,6,6
24048,63,60,3,3
24049,72,68,4,4
24050,97,89,8,8
24051,59,60,-1,1
24052,123,118,5,5
24053,109,104,5,5
24054,108,98,10,10
24055,95,96,-1,1
24056,94,83,11,11
24057,59,63,-4,4
24058,80,80,0,0
24059,140,129,11,11
24060,102,97,5,5
24061,65,68,-3,3
24062,117,101,16,16
24063,63,56,7,7
24064,77,79,-2,2
24065,137,94,43,43
24066,114,108,6,6
24067,78,67,11,11
24068,45,50,-5,5
24069,84,85,-1,1
24070,96,105,-9,9
24071,62,62,0,0
24072,67,71,-4,4
24073,178,146,32,32
24074,78,82,-4,4
24075,112,102,10,10
24076,99,80,19,19
24077,94,91,3,3
24078,86,71,15,15
24079,116,103,13,13
24080,64,58,6,6
24081,51,46,5,5
24082,176,138,38,38
24083,120,101,19,19
24084,121,97,24,24
24085,84,79,5,5
24086,108,99,9,9
24087,97,90,7,7
24088,91,87,4,4
24089,117,111,6,6
24090,102,83,19,19
24091,53,47,6,6
24092,82,75,7,7
24093,63,63,0,0
24094,50,84,-34,34
24095,121,104,17,17
24096,33,45,-12,12
24097,75,69,6,6
24098,98,94,4,4
24099,95,84,11,11
24100,94,86,8,8
24101,43,48,-5,5
24102,88,93,-5,5
24103,72,70,2,2
24104,118,102,16,16
24105,76,77,-1,1
24106,58,55,3,3
24107,104,84,20,20
24108,115,104,11,11
24109,63,55,8,8
24110,105,101,4,4
24111,59,55,4,4
24112,58,53,5,5
24113,146,125,21,21
24114,82,81,1,1
24115,114,113,1,1
24116,95,84,11,11
24117,46,50,-4,4
24118,122,107,15,15
24119,78,77,1,1
24120,97,85,12,12
24121,111,104,7,7
24122,161,134,27,27
24123,157,150,7,7
24124,90,93,-3,3
24125,69,64,5,5
24126,78,73,5,5
24127,111,99,12,12
24128,56,49,7,7
24129,83,68,15,15
24130,186,160,26,26
24131,76,78,-2,2
24132,76,77,-1,1
24133,136,126,10,10
24134,87,80,7,7
24135,87,77,10,10
24136,72,59,13,13
24137,64,69,-5,5
24138,162,148,14,14
24139,59,59,0,0
24140,77,70,7,7
24141,58,56,2,2
24142,65,59,6,6
24143,103,87,16,16
24144,74,68,6,6
24145,83,68,15,15
24146,62,60,2,2
24147,115,97,18,18
24148,88,88,0,0
24149,79,81,-2,2
24150,102,90,12,12
24151,76,69,7,7
24152,72,71,1,1
24153,127,122,5,5
24154,57,58,-1,1
24155,123,116,7,7
24156,108,96,12,12
24157,179,148,31,31
24158,56,76,-20,20
24159,129,126,3,3
24160,76,73,3,3
24161,160,128,32,32
24162,108,92,16,16
24163,65,64,1,1
24164,80,71,9,9
24165,68,76,-8,8
24166,125,143,-18,18
24167,55,54,1,1
24168,101,101,0,0
24169,102,91,11,11
24170,151,142,9,9
24171,98,114,-16,16
24172,72,78,-6,6
24173,124,111,13,13
24174,113,97,16,16
24175,84,71,13,13
24176,51,57,-6,6
24177,73,69,4,4
24178,58,49,9,9
24179,103,94,9,9
24180,89,71,18,18
24181,103,100,3,3
24182,122,111,11,11
24183,62,62,0,0
24184,152,129,23,23
24185,49,53,-4,4
24186,76,72,4,4
24187,107,95,12,12
24188,63,76,-13,13
24189,132,120,12,12
24190,167,105,62,62
24191,105,92,13,13
24192,160,148,12,12
24193,86,80,6,6
24194,105,90,15,15
24195,88,83,5,5
24196,102,93,9,9
24197,102,108,-6,6
24198,101,105,-4,4
24199,48,54,-6,6
24200,131,121,10,10
24201,45,38,7,7
24202,100,93,7,7
24203,77,71,6,6
24204,131,128,3,3
24205,106,98,8,8
24206,115,103,12,12
24207,140,118,22,22
24208,111,110,1,1
24209,100,100,0,0
24210,55,58,-3,3
24211,80,73,7,7
24212,98,95,3,3
24213,61,53,8,8
24214,106,93,13,13
24215,91,87,4,4
24216,96,86,10,10
24217,88,79,9,9
24218,79,78,1,1
24219,108,110,-2,2
24220,108,104,4,4
24221,137,112,25,25
24222,110,102,8,8
24223,67,65,2,2
24224,81,73,8,8
24225,74,72,2,2
24226,95,98,-3,3
24227,36,31,5,5
24228,96,89,7,7
24229,80,82,-2,2
24230,86,74,12,12
24231,145,144,1,1
24232,163,149,14,14
24233,57,54,3,3
24234,91,92,-1,1
24235,100,97,3,3
24236,55,51,4,4
24237,118,104,14,14
24238,183,168,15,15
24239,79,79,0,0
24240,82,65,17,17
24241,107,100,7,7
24242,47,50,-3,3
24243,103,102,1,1
24244,78,72,6,6
24245,114,108,6,6
24246,127,113,14,14
24247,65,69,-4,4
24248,149,147,2,2
24249,72,66,6,6
24250,75,73,2,2
24251,99,91,8,8
24252,91,83,8,8
24253,50,61,-11,11
24254,116,104,12,12
24255,150,125,25,25
24256,136,128,8,8
24257,145,103,42,42
24258,64,68,-4,4
24259,81,75,6,6
24260,76,68,8,8
24261,91,73,18,18
24262,64,55,9,9
24263,52,56,-4,4
24264,85,84,1,1
24265,93,88,5,5
24266,80,83,-3,3
24267,84,86,-2,2
24268,71,65,6,6
24269,73,67,6,6
24270,54,57,-3,3
24271,87,75,12,12
24272,88,88,0,0
24273,50,56,-6,6
24274,122,108,14,14
24275,98,90,8,8
24276,82,71,11,11
24277,173,149,24,24
24278,78,73,5,5
24279,106,89,17,17
24280,103,104,-1,1
24281,78,70,8,8
24282,57,55,2,2
24283,125,123,2,2
24284,103,101,2,2
24285,100,92,8,8
24286,78,77,1,1
24287,122,104,18,18
24288,122,121,1,1
24289,135,117,18,18
24290,110,89,21,21
24291,174,147,27,27
24292,54,52,2,2
24293,43,42,1,1
24294,82,74,8,8
24295,91,81,10,10
24296,104,89,15,15
24297,148,128,20,20
24298,30,31,-1,1
24299,115,102,13,13
24300,122,106,16,16
24301,126,107,19,19
24302,68,72,-4,4
24303,119,96,23,23
24304,124,120,4,4
24305,81,68,13,13
24306,74,65,9,9
24307,75,71,4,4
24308,57,62,-5,5
24309,92,69,23,23
24310,79,72,7,7
24311,118,114,4,4
24312,62,64,-2,2
24313,86,74,12,12
24314,57,50,7,7
24315,93,100,-7,7
24316,111,92,19,19
24317,77,72,5,5
24318,66,69,-3,3
24319,142,101,41,41
24320,117,96,21,21
24321,48,51,-3,3
24322,195,165,30,30
24323,100,94,6,6
24324,103,83,20,20
24325,59,66,-7,7
24326,76,70,6,6
24327,108,100,8,8
24328,127,117,10,10
24329,91,78,13,13
24330,67,67,0,0
24331,157,140,17,17
24332,120,121,-1,1
24333,79,76,3,3
24334,95,91,4,4
24335,103,98,5,5
24336,126,113,13,13
24337,73,90,-17,17
24338,53,61,-8,8
24339,126,115,11,11
24340,78,68,10,10
24341,128,119,9,9
24342,51,55,-4,4
24343,76,72,4,4
24344,130,122,8,8
24345,87,84,3,3
24346,76,78,-2,2
24347,71,65,6,6
24348,115,105,10,10
24349,119,108,11,11
24350,75,69,6,6
24351,75,80,-5,5
24352,93,84,9,9
24353,128,125,3,3
24354,127,146,-19,19
24355,94,88,6,6
24356,133,113,20,20
24357,53,42,11,11
24358,146,120,26,26
24359,117,120,-3,3
24360,74,69,5,5
24361,126,114,12,12
24362,41,45,-4,4
24363,143,132,11,11
24364,90,83,7,7
24365,73,75,-2,2
24366,156,139,17,17
24367,72,67,5,5
24368,59,55,4,4
24369,27,46,-19,19
24370,93,90,3,3
24371,87,85,2,2
24372,44,51,-7,7
24373,182,164,18,18
24374,90,84,6,6
24375,170,145,25,25
24376,128,117,11,11
24377,102,94,8,8
24378,99,93,6,6
24379,106,93,13,13
24380,86,77,9,9
24381,127,104,23,23
24382,99,84,15,15
24383,101,97,4,4
24384,155,133,22,22
24385,184,149,35,35
24386,98,91,7,7
24387,95,90,5,5
24388,108,125,-17,17
24389,103,102,1,1
24390,147,130,17,17
24391,100,88,12,12
24392,76,93,-17,17
24393,308,206,102,102
24394,71,58,13,13
24395,80,80,0,0
24396,88,77,11,11
24397,92,95,-3,3
24398,105,103,2,2
24399,63,68,-5,5
24400,89,79,10,10
24401,77,83,-6,6
24402,94,89,5,5
24403,72,79,-7,7
24404,65,60,5,5
24405,132,113,19,19
24406,90,81,9,9
24407,83,80,3,3
24408,35,68,-33,33
24409,163,144,19,19
24410,73,69,4,4
24411,117,110,7,7
24412,87,78,9,9
24413,70,72,-2,2
24414,189,161,28,28
24415,81,75,6,6
24416,59,65,-6,6
24417,110,108,2,2
24418,103,103,0,0
24419,89,85,4,4
24420,90,74,16,16
24421,475,328,147,147
24422,66,60,6,6
24423,97,94,3,3
24424,89,77,12,12
24425,106,97,9,9
24426,81,74,7,7
24427,143,131,12,12
24428,113,103,10,10
24429,83,81,2,2
24430,276,233,43,43
24431,88,80,8,8
24432,91,88,3,3
24433,179,146,33,33
24434,175,120,55,55
24435,86,81,5,5
24436,60,61,-1,1
24437,86,82,4,4
24438,104,92,12,12
24439,144,131,13,13
24440,93,85,8,8
24441,98,92,6,6
24442,59,64,-5,5
24443,112,135,-23,23
24444,98,102,-4,4
24445,60,61,-1,1
24446,72,64,8,8
24447,42,50,-8,8
24448,57,54,3,3
24449,138,117,21,21
24450,99,89,10,10
24451,134,124,10,10
24452,96,78,18,18
24453,101,95,6,6
24454,88,95,-7,7
24455,79,80,-1,1
24456,61,51,10,10
24457,77,63,14,14
24458,119,111,8,8
24459,124,108,16,16
24460,77,77,0,0
24461,81,77,4,4
24462,70,67,3,3
24463,120,122,-2,2
24464,90,92,-2,2
24465,88,88,0,0
24466,49,46,3,3
24467,70,65,5,5
24468,90,83,7,7
24469,70,64,6,6
24470,119,99,20,20
24471,99,93,6,6
24472,79,79,0,0
24473,112,101,11,11
24474,63,62,1,1
24475,40,50,-10,10
24476,145,127,18,18
24477,82,74,8,8
24478,87,79,8,8
24479,75,68,7,7
24480,71,64,7,7
24481,84,77,7,7
24482,85,75,10,10
24483,101,88,13,13
24484,111,89,22,22
24485,90,85,5,5
24486,63,62,1,1
24487,174,162,12,12
24488,106,99,7,7
24489,64,67,-3,3
24490,33,32,1,1
24491,100,104,-4,4
24492,185,149,36,36
24493,68,65,3,3
24494,29,31,-2,2
24495,45,50,-5,5
24496,58,60,-2,2
24497,120,102,18,18
24498,124,105,19,19
24499,70,64,6,6
24500,104,103,1,1
24501,101,90,11,11
24502,92,86,6,6
24503,81,74,7,7
24504,59,57,2,2
24505,84,78,6,6
24506,67,70,-3,3
24507,105,91,14,14
24508,81,78,3,3
24509,56,56,0,0
24510,115,109,6,6
24511,117,105,12,12
24512,95,83,12,12
24513,134,114,20,20
24514,89,85,4,4
24515,136,124,12,12
24516,100,93,7,7
24517,95,100,-5,5
24518,73,72,1,1
24519,58,65,-7,7
24520,157,135,22,22
24521,77,75,2,2
24522,54,44,10,10
24523,90,95,-5,5
24524,85,86,-1,1
24525,71,66,5,5
24526,73,68,5,5
24527,87,80,7,7
24528,57,57,0,0
24529,64,62,2,2
24530,72,68,4,4
24531,184,145,39,39
24532,152,111,41,41
24533,88,84,4,4
24534,90,82,8,8
24535,96,96,0,0
24536,117,100,17,17
24537,65,61,4,4
24538,101,85,16,16
24539,130,124,6,6
24540,189,156,33,33
24541,80,79,1,1
24542,72,72,0,0
24543,99,97,2,2
24544,131,116,15,15
24545,120,120,0,0
24546,64,64,0,0
24547,59,50,9,9
24548,69,66,3,3
24549,44,53,-9,9
24550,85,89,-4,4
24551,51,65,-14,14
24552,70,71,-1,1
24553,61,65,-4,4
24554,110,114,-4,4
24555,69,72,-3,3
24556,56,55,1,1
24557,125,128,-3,3
24558,91,79,12,12
24559,53,63,-10,10
24560,91,88,3,3
24561,42,43,-1,1
24562,85,82,3,3
24563,33,31,2,2
24564,94,79,15,15
24565,143,127,16,16
24566,72,62,10,10
24567,85,79,6,6
24568,132,123,9,9
24569,103,92,11,11
24570,131,103,28,28
24571,72,70,2,2
24572,109,102,7,7
24573,104,97,7,7
24574,128,114,14,14
24575,147,130,17,17
24576,90,82,8,8
24577,44,51,-7,7
24578,84,81,3,3
24579,129,122,7,7
24580,76,86,-10,10
24581,82,87,-5,5
24582,155,121,34,34
24583,141,120,21,21
24584,110,113,-3,3
24585,117,114,3,3
24586,112,105,7,7
24587,109,105,4,4
24588,63,52,11,11
24589,68,67,1,1
24590,140,122,18,18
24591,42,50,-8,8
24592,97,102,-5,5
24593,73,65,8,8
24594,49,43,6,6
24595,163,127,36,36
24596,116,108,8,8
24597,98,103,-5,5
24598,97,90,7,7
24599,76,74,2,2
24600,84,77,7,7
24601,52,49,3,3
24602,134,119,15,15
24603,62,55,7,7
24604,123,115,8,8
24605,55,55,0,0
24606,80,80,0,0
24607,77,73,4,4
24608,121,121,0,0
24609,45,51,-6,6
24610,66,63,3,3
24611,59,51,8,8
24612,45,53,-8,8
24613,63,62,1,1
24614,65,74,-9,9
24615,95,86,9,9
24616,84,76,8,8
24617,110,118,-8,8
24618,83,80,3,3
24619,133,108,25,25
24620,111,99,12,12
24621,69,67,2,2
24622,43,40,3,3
24623,97,96,1,1
24624,78,86,-8,8
24625,75,72,3,3
24626,130,111,19,19
24627,73,72,1,1
24628,156,139,17,17
24629,110,89,21,21
24630,132,121,11,11
24631,108,104,4,4
24632,97,92,5,5
24633,139,122,17,17
24634,88,79,9,9
24635,136,115,21,21
24636,115,100,15,15
24637,141,122,19,19
24638,125,112,13,13
24639,114,102,12,12
24640,127,114,13,13
24641,87,85,2,2
24642,126,116,10,10
24643,83,87,-4,4
24644,68,61,7,7
24645,100,91,9,9
24646,67,68,-1,1
24647,79,70,9,9
24648,123,110,13,13
24649,49,49,0,0
24650,73,85,-12,12
24651,105,92,13,13
24652,86,79,7,7
24653,78,83,-5,5
24654,97,86,11,11
24655,95,94,1,1
24656,46,51,-5,5
24657,105,106,-1,1
24658,157,136,21,21
24659,97,103,-6,6
24660,130,111,19,19
24661,114,118,-4,4
24662,56,58,-2,2
24663,37,39,-2,2
24664,133,122,11,11
24665,80,90,-10,10
24666,56,54,2,2
24667,64,61,3,3
24668,78,77,1,1
24669,96,85,11,11
24670,90,80,10,10
24671,126,108,18,18
24672,85,82,3,3
24673,60,52,8,8
24674,92,83,9,9
24675,105,97,8,8
24676,92,86,6,6
24677,85,78,7,7
24678,187,151,36,36
24679,108,112,-4,4
24680,64,54,10,10
24681,99,87,12,12
24682,92,87,5,5
24683,111,103,8,8
24684,83,72,11,11
24685,92,81,11,11
24686,68,57,11,11
24687,158,128,30,30
24688,54,52,2,2
24689,86,73,13,13
24690,94,87,7,7
24691,102,93,9,9
24692,55,54,1,1
24693,52,60,-8,8
24694,69,74,-5,5
24695,97,86,11,11
24696,59,64,-5,5
24697,86,79,7,7
24698,104,96,8,8
24699,119,119,0,0
24700,124,101,23,23
24701,99,93,6,6
24702,94,85,9,9
24703,129,122,7,7
24704,134,110,24,24
24705,58,65,-7,7
24706,131,110,21,21
24707,100,85,15,15
24708,97,84,13,13
24709,75,66,9,9
24710,133,121,12,12
24711,87,74,13,13
24712,76,71,5,5
24713,55,53,2,2
24714,167,154,13,13
24715,108,106,2,2
24716,64,62,2,2
24717,56,63,-7,7
24718,49,66,-17,17
24719,55,51,4,4
24720,80,89,-9,9
24721,55,56,-1,1
24722,169,147,22,22
24723,156,140,16,16
24724,102,89,13,13
24725,94,86,8,8
24726,92,85,7,7
24727,116,120,-4,4
24728,120,114,6,6
24729,107,98,9,9
24730,113,105,8,8
24731,75,73,2,2
24732,67,60,7,7
24733,98,83,15,15
24734,193,162,31,31
24735,165,148,17,17
24736,92,76,16,16
24737,53,49,4,4
24738,82,82,0,0
24739,113,112,1,1
24740,89,90,-1,1
24741,93,80,13,13
24742,94,88,6,6
24743,87,77,10,10
24744,145,120,25,25
24745,142,123,19,19
24746,115,104,11,11
24747,82,82,0,0
24748,87,87,0,0
24749,74,66,8,8
24750,61,66,-5,5
24751,125,112,13,13
24752,74,70,4,4
24753,129,115,14,14
24754,88,78,10,10
24755,93,90,3,3
24756,83,79,4,4
24757,123,106,17,17
24758,103,94,9,9
24759,136,126,10,10
24760,88,80,8,8
24761,94,85,9,9
24762,71,72,-1,1
24763,80,79,1,1
24764,73,71,2,2
24765,90,78,12,12
24766,81,76,5,5
24767,85,87,-2,2
24768,48,56,-8,8
24769,122,124,-2,2
24770,120,108,12,12
24771,100,96,4,4
24772,123,108,15,15
24773,154,128,26,26
24774,49,55,-6,6
24775,110,89,21,21
24776,90,87,3,3
24777,103,93,10,10
24778,69,72,-3,3
24779,113,100,13,13
24780,102,94,8,8
24781,80,102,-22,22
24782,45,50,-5,5
24783,154,136,18,18
24784,116,99,17,17
24785,125,109,16,16
24786,182,149,33,33
24787,68,62,6,6
24788,82,68,14,14
24789,78,74,4,4
24790,60,71,-11,11
24791,119,102,17,17
24792,76,73,3,3
24793,102,95,7,7
24794,94,103,-9,9
24795,76,77,-1,1
24796,52,51,1,1
24797,82,67,15,15
24798,117,111,6,6
24799,110,98,12,12
24800,165,139,26,26
24801,79,67,12,12
24802,132,115,17,17
24803,118,104,14,14
24804,95,84,11,11
24805,74,73,1,1
24806,52,66,-14,14
24807,104,103,1,1
24808,103,119,-16,16
24809,119,108,11,11
24810,99,94,5,5
24811,141,122,19,19
24812,62,57,5,5
24813,95,88,7,7
24814,115,103,12,12
24815,97,101,-4,4
24816,46,53,-7,7
24817,122,118,4,4
24818,121,113,8,8
24819,102,99,3,3
24820,148,130,18,18
24821,71,64,7,7
24822,114,88,26,26
24823,126,113,13,13
24824,84,78,6,6
24825,83,77,6,6
24826,101,79,22,22
24827,98,90,8,8
24828,121,104,17,17
24829,84,88,-4,4
24830,56,64,-8,8
24831,90,74,16,16
24832,85,75,10,10
24833,87,79,8,8
24834,113,108,5,5
24835,140,127,13,13
24836,116,108,8,8
24837,120,118,2,2
24838,82,74,8,8
24839,150,127,23,23
24840,89,80,9,9
24841,72,67,5,5
24842,106,100,6,6
24843,66,69,-3,3
24844,67,66,1,1
24845,78,71,7,7
24846,118,104,14,14
24847,83,90,-7,7
24848,133,128,5,5
24849,127,115,12,12
24850,178,153,25,25
24851,70,65,5,5
24852,50,52,-2,2
24853,121,105,16,16
24854,127,113,14,14
24855,62,53,9,9
24856,74,71,3,3
24857,79,75,4,4
24858,95,86,9,9
24859,103,100,3,3
24860,113,96,17,17
24861,58,72,-14,14
24862,162,112,50,50
24863,43,44,-1,1
24864,73,65,8,8
24865,60,60,0,0
24866,134,117,17,17
24867,66,64,2,2
24868,42,57,-15,15
24869,89,80,9,9
24870,82,70,12,12
24871,133,120,13,13
24872,28,31,-3,3
24873,120,99,21,21
24874,60,56,4,4
24875,59,62,-3,3
24876,54,54,0,0
24877,81,81,0,0
24878,102,95,7,7
24879,47,51,-4,4
24880,90,73,17,17
24881,123,104,19,19
24882,83,77,6,6
24883,92,99,-7,7
24884,105,95,10,10
24885,108,91,17,17
24886,114,115,-1,1
24887,57,60,-3,3
24888,67,64,3,3
24889,85,87,-2,2
24890,68,67,1,1
24891,55,51,4,4
24892,93,85,8,8
24893,61,63,-2,2
24894,61,58,3,3
24895,87,81,6,6
24896,85,77,8,8
24897,88,83,5,5
24898,57,55,2,2
24899,65,65,0,0
24900,58,60,-2,2
24901,118,104,14,14
24902,94,88,6,6
24903,164,148,16,16
24904,74,74,0,0
24905,106,139,-33,33
24906,97,105,-8,8
24907,117,105,12,12
24908,123,114,9,9
24909,72,76,-4,4
24910,73,64,9,9
24911,105,136,-31,31
24912,53,55,-2,2
24913,63,65,-2,2
24914,85,78,7,7
24915,136,133,3,3
24916,113,95,18,18
24917,92,95,-3,3
24918,97,93,4,4
24919,95,98,-3,3
24920,106,96,10,10
24921,167,147,20,20
24922,121,121,0,0
24923,42,43,-1,1
24924,80,81,-1,1
24925,48,58,-10,10
24926,116,104,12,12
24927,117,105,12,12
24928,67,65,2,2
24929,69,66,3,3
24930,114,95,19,19
24931,134,111,23,23
24932,91,82,9,9
24933,88,78,10,10
24934,130,119,11,11
24935,187,168,19,19
24936,99,96,3,3
24937,95,98,-3,3
24938,151,135,16,16
24939,97,90,7,7
24940,66,62,4,4
24941,39,38,1,1
24942,114,107,7,7
24943,124,105,19,19
24944,109,102,7,7
24945,92,102,-10,10
24946,50,51,-1,1
24947,139,120,19,19
24948,116,109,7,7
24949,79,75,4,4
24950,69,79,-10,10
24951,95,93,2,2
24952,112,107,5,5
24953,57,62,-5,5
24954,57,57,0,0
24955,112,112,0,0
24956,77,76,1,1
24957,79,79,0,0
24958,115,103,12,12
24959,52,59,-7,7
24960,121,98,23,23
24961,93,87,6,6
24962,51,49,2,2
24963,71,70,1,1
24964,126,119,7,7
24965,149,128,21,21
24966,91,101,-10,10
24967,142,131,11,11
24968,55,62,-7,7
24969,110,103,7,7
24970,197,183,14,14
24971,85,78,7,7
24972,115,104,11,11
24973,111,95,16,16
24974,136,119,17,17
24975,57,58,-1,1
24976,100,82,18,18
24977,121,104,17,17
24978,105,91,14,14
24979,145,140,5,5
24980,93,86,7,7
24981,104,99,5,5
24982,104,90,14,14
24983,89,78,11,11
24984,82,74,8,8
24985,137,114,23,23
24986,112,93,19,19
24987,99,86,13,13
24988,94,89,5,5
24989,140,121,19,19
24990,75,78,-3,3
24991,114,108,6,6
24992,71,67,4,4
24993,155,124,31,31
24994,71,69,2,2
24995,61,57,4,4
24996,84,90,-6,6
24997,75,68,7,7
24998,128,130,-2,2
24999,247,223,24,24
25000,101,99,2,2
25001,113,94,19,19
25002,116,106,10,10
25003,112,104,8,8
25004,83,82,1,1
25005,52,57,-5,5
25006,73,57,16,16
25007,43,52,-9,9
25008,96,92,4,4
25009,49,58,-9,9
25010,57,63,-6,6
25011,104,117,-13,13
25012,86,81,5,5
25013,66,66,0,0
25014,69,75,-6,6
25015,92,90,2,2
25016,120,113,7,7
25017,124,119,5,5
25018,109,97,12,12
25019,90,96,-6,6
25020,88,80,8,8
25021,60,58,2,2
25022,100,99,1,1
25023,171,190,-19,19
25024,55,56,-1,1
25025,143,128,15,15
25026,104,94,10,10
25027,120,112,8,8
25028,132,121,11,11
25029,142,134,8,8
25030,68,66,2,2
25031,74,67,7,7
25032,107,96,11,11
25033,82,74,8,8
25034,48,50,-2,2
25035,83,75,8,8
25036,66,66,0,0
25037,90,84,6,6
25038,114,109,5,5
25039,123,99,24,24
25040,140,117,23,23
25041,71,63,8,8
25042,112,98,14,14
25043,175,166,9,9
25044,148,122,26,26
25045,87,80,7,7
25046,156,142,14,14
25047,44,44,0,0
25048,105,97,8,8
25049,120,116,4,4
25050,65,62,3,3
25051,120,113,7,7
25052,69,65,4,4
25053,91,92,-1,1
25054,135,110,25,25
25055,133,124,9,9
25056,81,79,2,2
25057,74,62,12,12
25058,144,133,11,11
25059,146,133,13,13
25060,95,79,16,16
25061,223,174,49,49
25062,126,101,25,25
25063,49,51,-2,2
25064,102,94,8,8
25065,116,103,13,13
25066,60,59,1,1
25067,154,134,20,20
25068,134,105,29,29
25069,100,93,7,7
25070,76,65,11,11
25071,74,68,6,6
25072,77,66,11,11
25073,88,83,5,5
25074,76,80,-4,4
25075,81,75,6,6
25076,165,146,19,19
25077,108,106,2,2
25078,53,31,22,22
25079,59,61,-2,2
25080,85,100,-15,15
25081,98,88,10,10
25082,58,58,0,0
25083,105,97,8,8
25084,148,134,14,14
25085,159,128,31,31
25086,163,152,11,11
25087,102,90,12,12
25088,71,85,-14,14
25089,156,132,24,24
25090,97,87,10,10
25091,97,85,12,12
25092,72,67,5,5
25093,83,101,-18,18
25094,81,66,15,15
25095,103,93,10,10
25096,95,90,5,5
25097,82,89,-7,7
25098,121,105,16,16
25099,78,78,0,0
25100,98,88,10,10
25101,145,134,11,11
25102,122,111,11,11
25103,123,106,17,17
25104,76,70,6,6
25105,195,162,33,33
25106,48,42,6,6
25107,59,66,-7,7
25108,73,71,2,2
25109,73,71,2,2
25110,63,53,10,10
25111,178,142,36,36
25112,69,67,2,2
25113,96,90,6,6
25114,67,65,2,2
25115,46,48,-2,2
25116,88,84,4,4
25117,47,51,-4,4
25118,45,46,-1,1
25119,47,41,6,6
25120,123,109,14,14
25121,124,112,12,12
25122,167,144,23,23
25123,136,117,19,19
25124,72,74,-2,2
25125,109,100,9,9
25126,74,71,3,3
25127,80,72,8,8
25128,126,116,10,10
25129,119,104,15,15
25130,60,62,-2,2
25131,98,92,6,6
25132,128,107,21,21
25133,96,86,10,10
25134,109,99,10,10
25135,135,119,16,16
25136,86,73,13,13
25137,125,114,11,11
25138,71,75,-4,4
25139,137,123,14,14
25140,86,86,0,0
25141,150,142,8,8
25142,83,87,-4,4
25143,57,55,2,2
25144,87,82,5,5
25145,58,66,-8,8
25146,74,78,-4,4
25147,168,136,32,32
25148,145,120,25,25
25149,65,64,1,1
25150,76,73,3,3
25151,114,105,9,9
25152,151,142,9,9
25153,146,148,-2,2
25154,65,65,0,0
25155,77,87,-10,10
25156,165,138,27,27
25157,89,102,-13,13
25158,107,95,12,12
25159,96,106,-10,10
25160,115,108,7,7
25161,74,68,6,6
25162,160,143,17,17
25163,82,79,3,3
25164,80,72,8,8
25165,94,94,0,0
25166,97,90,7,7
25167,48,63,-15,15
25168,79,67,12,12
25169,16,32,-16,16
25170,100,93,7,7
25171,51,64,-13,13
25172,86,80,6,6
25173,108,103,5,5
25174,46,42,4,4
25175,55,53,2,2
25176,112,114,-2,2
25177,84,77,7,7
25178,100,91,9,9
25179,150,126,24,24
25180,138,124,14,14
25181,92,83,9,9
25182,66,66,0,0
25183,103,93,10,10
25184,96,90,6,6
25185,148,138,10,10
25186,81,79,2,2
25187,45,62,-17,17
25188,126,112,14,14
25189,168,148,20,20
25190,76,74,2,2
25191,134,131,3,3
25192,83,80,3,3
25193,118,103,15,15
25194,117,100,17,17
25195,100,99,1,1
25196,96,94,2,2
25197,122,107,15,15
25198,76,79,-3,3
25199,96,103,-7,7
25200,103,88,15,15
25201,70,69,1,1
25202,209,171,38,38
25203,75,71,4,4
25204,54,65,-11,11
25205,111,104,7,7
25206,70,63,7,7
25207,100,96,4,4
25208,108,93,15,15
25209,56,62,-6,6
25210,172,166,6,6
25211,67,66,1,1
25212,118,97,21,21
25213,47,49,-2,2
25214,69,66,3,3
25215,85,85,0,0
25216,63,54,9,9
25217,267,206,61,61
25218,101,94,7,7
25219,126,109,17,17
25220,99,95,4,4
25221,124,120,4,4
25222,145,122,23,23
25223,83,72,11,11
25224,96,83,13,13
25225,149,159,-10,10
25226,65,63,2,2
25227,83,72,11,11
25228,51,50,1,1
25229,73,82,-9,9
25230,164,135,29,29
25231,76,77,-1,1
25232,86,78,8,8
25233,128,103,25,25
25234,126,104,22,22
25235,75,69,6,6
25236,85,80,5,5
25237,59,55,4,4
25238,80,68,12,12
25239,115,101,14,14
25240,96,86,10,10
25241,57,61,-4,4
25242,78,70,8,8
25243,92,80,12,12
25244,114,105,9,9
25245,97,82,15,15
25246,67,62,5,5
25247,68,83,-15,15
25248,88,81,7,7
25249,58,61,-3,3
25250,86,88,-2,2
25251,81,76,5,5
25252,80,77,3,3
25253,107,103,4,4
25254,65,63,2,2
25255,77,71,6,6
25256,30,43,-13,13
25257,81,78,3,3
25258,91,93,-2,2
25259,62,68,-6,6
25260,78,82,-4,4
25261,103,93,10,10
25262,113,100,13,13
25263,121,108,13,13
25264,75,69,6,6
25265,113,106,7,7
25266,52,57,-5,5
25267,93,93,0,0
25268,51,60,-9,9
25269,128,107,21,21
25270,86,72,14,14
25271,107,99,8,8
25272,105,98,7,7
25273,195,169,26,26
25274,64,60,4,4
25275,56,67,-11,11
25276,38,79,-41,41
25277,111,120,-9,9
25278,72,72,0,0
25279,103,96,7,7
25280,93,84,9,9
25281,90,91,-1,1
25282,64,71,-7,7
25283,142,122,20,20
25284,96,95,1,1
25285,85,80,5,5
25286,99,92,7,7
25287,52,53,-1,1
25288,117,125,-8,8
25289,76,73,3,3
25290,80,68,12,12
25291,99,84,15,15
25292,103,89,14,14
25293,60,64,-4,4
25294,96,92,4,4
25295,112,103,9,9
25296,77,68,9,9
25297,126,102,24,24
25298,125,116,9,9
25299,132,125,7,7
25300,79,79,0,0
25301,106,99,7,7
25302,35,42,-7,7
25303,85,75,10,10
25304,63,58,5,5
25305,65,72,-7,7
25306,23,52,-29,29
25307,73,73,0,0
25308,103,99,4,4
25309,79,74,5,5
25310,81,80,1,1
25311,54,50,4,4
25312,77,74,3,3
25313,90,82,8,8
25314,92,88,4,4
25315,54,58,-4,4
25316,101,97,4,4
25317,102,88,14,14
25318,77,78,-1,1
25319,113,117,-4,4
25320,166,142,24,24
25321,74,74,0,0
25322,116,110,6,6
25323,127,123,4,4
25324,89,81,8,8
25325,101,92,9,9
25326,103,98,5,5
25327,127,114,13,13
25328,83,74,9,9
25329,123,116,7,7
25330,118,113,5,5
25331,160,144,16,16
25332,79,74,5,5
25333,76,68,8,8
25334,51,50,1,1
25335,110,107,3,3
25336,112,119,-7,7
25337,73,66,7,7
25338,90,80,10,10
25339,87,83,4,4
25340,97,90,7,7
25341,51,51,0,0
25342,175,155,20,20
25343,51,56,-5,5
25344,96,88,8,8
25345,96,76,20,20
25346,87,86,1,1
25347,98,89,9,9
25348,195,164,31,31
25349,74,68,6,6
25350,111,94,17,17
25351,62,58,4,4
25352,62,63,-1,1
25353,50,53,-3,3
25354,77,72,5,5
25355,68,56,12,12
25356,72,73,-1,1
25357,82,70,12,12
25358,69,67,2,2
25359,133,123,10,10
25360,57,59,-2,2
25361,87,93,-6,6
25362,86,76,10,10
25363,53,78,-25,25
25364,111,127,-16,16
25365,85,88,-3,3
25366,68,66,2,2
25367,82,84,-2,2
25368,125,106,19,19
25369,127,107,20,20
25370,46,81,-35,35
25371,125,120,5,5
25372,133,115,18,18
25373,84,85,-1,1
25374,70,63,7,7
25375,130,108,22,22
25376,86,82,4,4
25377,161,142,19,19
25378,100,115,-15,15
25379,107,101,6,6
25380,89,89,0,0
25381,62,51,11,11
25382,75,72,3,3
25383,82,78,4,4
25384,104,100,4,4
25385,83,91,-8,8
25386,109,96,13,13
25387,57,47,10,10
25388,125,115,10,10
25389,87,73,14,14
25390,201,154,47,47
25391,75,73,2,2
25392,80,76,4,4
25393,143,144,-1,1
25394,120,110,10,10
25395,146,134,12,12
25396,70,63,7,7
25397,93,88,5,5
25398,110,104,6,6
25399,43,50,-7,7
25400,97,86,11,11
25401,70,60,10,10
25402,85,78,7,7
25403,91,94,-3,3
25404,85,85,0,0
25405,120,105,15,15
25406,70,71,-1,1
25407,61,66,-5,5
25408,67,66,1,1
25409,156,138,18,18
25410,45,40,5,5
25411,121,119,2,2
25412,93,98,-5,5
25413,111,111,0,0
25414,72,75,-3,3
25415,44,49,-5,5
25416,140,136,4,4
25417,52,56,-4,4
25418,70,67,3,3
25419,117,109,8,8
25420,60,55,5,5
25421,73,78,-5,5
25422,107,94,13,13
25423,90,90,0,0
25424,59,66,-7,7
25425,102,97,5,5
25426,73,71,2,2
25427,86,85,1,1
25428,58,59,-1,1
25429,66,64,2,2
25430,62,93,-31,31
25431,130,118,12,12
25432,121,100,21,21
25433,114,99,15,15
25434,128,117,11,11
25435,106,100,6,6
25436,94,84,10,10
25437,139,127,12,12
25438,57,54,3,3
25439,62,73,-11,11
25440,59,63,-4,4
25441,134,113,21,21
25442,88,81,7,7
25443,67,68,-1,1
25444,91,87,4,4
25445,79,69,10,10
25446,99,92,7,7
25447,135,136,-1,1
25448,118,111,7,7
25449,97,90,7,7
25450,96,80,16,16
25451,81,77,4,4
25452,93,90,3,3
25453,108,103,5,5
25454,69,65,4,4
25455,106,104,2,2
25456,80,79,1,1
25457,108,98,10,10
25458,95,83,12,12
25459,41,39,2,2
25460,97,87,10,10
25461,161,125,36,36
25462,96,88,8,8
25463,86,87,-1,1
25464,123,106,17,17
25465,84,72,12,12
25466,81,80,1,1
25467,99,90,9,9
25468,108,93,15,15
25469,57,63,-6,6
25470,82,81,1,1
25471,117,130,-13,13
25472,78,81,-3,3
25473,206,183,23,23
25474,70,68,2,2
25475,66,68,-2,2
25476,132,110,22,22
25477,73,67,6,6
25478,53,58,-5,5
25479,47,53,-6,6
25480,73,76,-3,3
25481,72,71,1,1
25482,96,84,12,12
25483,182,164,18,18
25484,80,70,10,10
25485,98,85,13,13
25486,103,98,5,5
25487,182,166,16,16
25488,136,134,2,2
25489,101,91,10,10
25490,81,70,11,11
25491,161,139,22,22
25492,83,86,-3,3
25493,57,65,-8,8
25494,119,100,19,19
25495,103,92,11,11
25496,143,120,23,23
25497,61,95,-34,34
25498,117,104,13,13
25499,113,103,10,10
25500,94,91,3,3
25501,70,71,-1,1
25502,116,111,5,5
25503,102,84,18,18
25504,154,136,18,18
25505,91,79,12,12
25506,105,105,0,0
25507,114,113,1,1
25508,160,150,10,10
25509,94,87,7,7
25510,151,124,27,27
25511,170,149,21,21
25512,76,66,10,10
25513,74,68,6,6
25514,101,94,7,7
25515,62,55,7,7
25516,84,79,5,5
25517,109,103,6,6
25518,106,95,11,11
25519,119,104,15,15
25520,89,88,1,1
25521,53,51,2,2
25522,37,33,4,4
25523,97,90,7,7
25524,91,82,9,9
25525,94,82,12,12
25526,111,91,20,20
25527,203,184,19,19
25528,71,66,5,5
25529,63,63,0,0
25530,55,58,-3,3
25531,87,77,10,10
25532,125,128,-3,3
25533,101,98,3,3
25534,98,81,17,17
25535,116,113,3,3
25536,79,77,2,2
25537,206,180,26,26
25538,102,106,-4,4
25539,153,135,18,18
25540,86,84,2,2
25541,60,58,2,2
25542,95,101,-6,6
25543,156,132,24,24
25544,90,79,11,11
25545,131,115,16,16
25546,107,94,13,13
25547,56,57,-1,1
25548,96,91,5,5
25549,67,74,-7,7
25550,66,64,2,2
25551,116,109,7,7
25552,97,95,2,2
25553,132,116,16,16
25554,87,87,0,0
25555,94,90,4,4
25556,50,51,-1,1
25557,104,88,16,16
25558,179,168,11,11
25559,121,95,26,26
25560,54,61,-7,7
25561,86,74,12,12
25562,29,31,-2,2
25563,109,100,9,9
25564,81,82,-1,1
25565,75,79,-4,4
25566,179,151,28,28
25567,59,53,6,6
25568,122,104,18,18
25569,209,176,33,33
25570,53,55,-2,2
25571,79,66,13,13
25572,97,88,9,9
25573,99,98,1,1
25574,50,49,1,1
25575,81,81,0,0
25576,77,71,6,6
25577,179,154,25,25
25578,100,99,1,1
25579,57,62,-5,5
25580,88,84,4,4
25581,47,51,-4,4
25582,92,88,4,4
25583,94,79,15,15
25584,49,66,-17,17
25585,155,126,29,29
25586,93,91,2,2
25587,160,134,26,26
25588,34,36,-2,2
25589,109,96,13,13
25590,112,102,10,10
25591,65,60,5,5
25592,76,65,11,11
25593,82,87,-5,5
25594,97,78,19,19
25595,72,72,0,0
25596,95,93,2,2
25597,59,62,-3,3
25598,52,51,1,1
25599,81,70,11,11
25600,87,78,9,9
25601,129,114,15,15
25602,57,64,-7,7
25603,54,57,-3,3
25604,122,99,23,23
25605,90,85,5,5
25606,136,119,17,17
25607,55,52,3,3
25608,69,72,-3,3
25609,118,105,13,13
25610,103,97,6,6
25611,70,68,2,2
25612,43,50,-7,7
25613,66,71,-5,5
25614,140,130,10,10
25615,89,89,0,0
25616,147,113,34,34
25617,112,104,8,8
25618,78,65,13,13
25619,40,43,-3,3
25620,55,56,-1,1
25621,77,74,3,3
25622,80,91,-11,11
25623,71,70,1,1
25624,82,79,3,3
25625,82,82,0,0
25626,93,92,1,1
25627,68,64,4,4
25628,96,81,15,15
25629,116,103,13,13
25630,53,63,-10,10
25631,87,76,11,11
25632,116,108,8,8
25633,102,89,13,13
25634,89,79,10,10
25635,121,108,13,13
25636,92,81,11,11
25637,29,51,-22,22
25638,98,83,15,15
25639,70,61,9,9
25640,127,108,19,19
25641,208,178,30,30
25642,85,76,9,9
25643,84,87,-3,3
25644,92,89,3,3
25645,118,121,-3,3
25646,66,68,-2,2
25647,79,76,3,3
25648,167,140,27,27
25649,174,156,18,18
25650,92,84,8,8
25651,90,91,-1,1
25652,103,90,13,13
25653,85,78,7,7
25654,43,45,-2,2
25655,144,131,13,13
25656,66,59,7,7
25657,33,51,-18,18
25658,50,55,-5,5
25659,68,63,5,5
25660,152,149,3,3
25661,102,90,12,12
25662,45,43,2,2
25663,67,63,4,4
25664,59,61,-2,2
25665,92,95,-3,3
25666,138,126,12,12
25667,152,134,18,18
25668,79,73,6,6
25669,122,114,8,8
25670,122,108,14,14
25671,59,63,-4,4
25672,164,137,27,27
25673,93,132,-39,39
25674,86,87,-1,1
25675,133,114,19,19
25676,95,101,-6,6
25677,86,87,-1,1
25678,76,69,7,7
25679,152,135,17,17
25680,99,83,16,16
25681,62,60,2,2
25682,92,91,1,1
25683,105,91,14,14
25684,95,83,12,12
25685,103,79,24,24
25686,64,66,-2,2
25687,113,117,-4,4
25688,139,131,8,8
25689,116,100,16,16
25690,109,107,2,2
25691,110,103,7,7
25692,102,94,8,8
25693,108,107,1,1
25694,83,72,11,11
25695,151,136,15,15
25696,84,85,-1,1
25697,109,93,16,16
25698,136,118,18,18
25699,109,97,12,12
25700,136,108,28,28
25701,109,98,11,11
25702,68,70,-2,2
25703,76,70,6,6
25704,81,77,4,4
25705,102,93,9,9
25706,139,125,14,14
25707,86,83,3,3
25708,105,93,12,12
25709,58,63,-5,5
25710,35,48,-13,13
25711,49,57,-8,8
25712,82,76,6,6
25713,70,71,-1,1
25714,79,76,3,3
25715,66,58,8,8
25716,122,111,11,11
25717,77,67,10,10
25718,120,107,13,13
25719,155,128,27,27
25720,123,116,7,7
25721,74,77,-3,3
25722,88,80,8,8
25723,143,129,14,14
25724,88,71,17,17
25725,57,60,-3,3
25726,130,118,12,12
25727,81,84,-3,3
25728,83,84,-1,1
25729,173,138,35,35
25730,66,66,0,0
25731,91,87,4,4
25732,70,64,6,6
25733,73,59,14,14
25734,72,76,-4,4
25735,73,69,4,4
25736,109,111,-2,2
25737,106,58,48,48
25738,72,65,7,7
25739,80,80,0,0
25740,188,157,31,31
25741,112,102,10,10
25742,116,104,12,12
25743,115,97,18,18
25744,97,92,5,5
25745,171,156,15,15
25746,96,93,3,3
25747,97,86,11,11
25748,60,61,-1,1
25749,119,97,22,22
25750,144,128,16,16
25751,64,62,2,2
25752,55,59,-4,4
25753,92,86,6,6
25754,92,82,10,10
25755,133,126,7,7
25756,62,61,1,1
25757,143,129,14,14
25758,92,90,2,2
25759,95,107,-12,12
25760,43,40,3,3
25761,110,100,10,10
25762,94,79,15,15
25763,68,66,2,2
25764,81,78,3,3
25765,150,122,28,28
25766,129,116,13,13
25767,133,113,20,20
25768,105,95,10,10
25769,66,79,-13,13
25770,91,88,3,3
25771,90,75,15,15
25772,117,91,26,26
25773,140,123,17,17
25774,165,146,19,19
25775,95,89,6,6
25776,85,72,13,13
25777,158,130,28,28
25778,138,129,9,9
25779,96,92,4,4
25780,122,110,12,12
25781,65,62,3,3
25782,63,63,0,0
25783,111,101,10,10
25784,80,92,-12,12
25785,79,77,2,2
25786,100,84,16,16
25787,81,81,0,0
25788,92,85,7,7
25789,75,87,-12,12
25790,82,80,2,2
25791,79,84,-5,5
25792,57,65,-8,8
25793,148,113,35,35
25794,79,74,5,5
25795,122,109,13,13
25796,82,80,2,2
25797,61,59,2,2
25798,38,46,-8,8
25799,94,94,0,0
25800,101,81,20,20
25801,89,80,9,9
25802,68,61,7,7
25803,47,54,-7,7
25804,90,82,8,8
25805,60,60,0,0
25806,114,101,13,13
25807,80,84,-4,4
25808,127,104,23,23
25809,102,102,0,0
25810,69,63,6,6
25811,53,65,-12,12
25812,59,63,-4,4
25813,95,92,3,3
25814,64,61,3,3
25815,144,138,6,6
25816,71,54,17,17
25817,100,99,1,1
25818,116,109,7,7
25819,104,94,10,10
25820,177,166,11,11
25821,108,98,10,10
25822,132,114,18,18
25823,118,100,18,18
25824,135,137,-2,2
25825,115,105,10,10
25826,73,70,3,3
25827,133,113,20,20
25828,95,88,7,7
25829,80,76,4,4
25830,48,69,-21,21
25831,158,140,18,18
25832,73,71,2,2
25833,94,84,10,10
25834,74,92,-18,18
25835,154,143,11,11
25836,127,119,8,8
25837,73,67,6,6
25838,89,80,9,9
25839,61,64,-3,3
25840,87,77,10,10
25841,65,77,-12,12
25842,81,83,-2,2
25843,99,92,7,7
25844,83,83,0,0
25845,90,89,1,1
25846,82,77,5,5
25847,115,100,15,15
25848,137,130,7,7
25849,78,74,4,4
25850,94,79,15,15
25851,101,95,6,6
25852,96,89,7,7
25853,77,71,6,6
25854,112,97,15,15
25855,138,127,11,11
25856,98,89,9,9
25857,91,88,3,3
25858,143,125,18,18
25859,153,139,14,14
25860,40,47,-7,7
25861,69,63,6,6
25862,67,66,1,1
25863,43,52,-9,9
25864,104,99,5,5
25865,117,101,16,16
25866,84,73,11,11
25867,84,85,-1,1
25868,74,64,10,10
25869,75,68,7,7
25870,147,141,6,6
25871,94,92,2,2
25872,92,83,9,9
25873,71,71,0,0
25874,84,76,8,8
25875,78,93,-15,15
25876,83,77,6,6
25877,84,86,-2,2
25878,42,55,-13,13
25879,149,139,10,10
25880,95,93,2,2
25881,132,110,22,22
25882,83,85,-2,2
25883,131,123,8,8
25884,62,66,-4,4
25885,87,83,4,4
25886,91,79,12,12
25887,155,154,1,1
25888,73,76,-3,3
25889,98,94,4,4
25890,72,66,6,6
25891,75,75,0,0
25892,147,130,17,17
25893,54,59,-5,5
25894,128,114,14,14
25895,98,91,7,7
25896,111,101,10,10
25897,81,80,1,1
25898,87,76,11,11
25899,28,62,-34,34
25900,123,113,10,10
25901,82,73,9,9
25902,82,72,10,10
25903,113,98,15,15
25904,121,124,-3,3
25905,124,113,11,11
25906,85,75,10,10
25907,82,79,3,3
25908,107,103,4,4
25909,113,106,7,7
25910,74,78,-4,4
25911,97,85,12,12
25912,56,59,-3,3
25913,89,83,6,6
25914,132,116,16,16
25915,134,119,15,15
25916,93,90,3,3
25917,128,128,0,0
25918,121,113,8,8
25919,132,129,3,3
25920,114,107,7,7
25921,93,84,9,9
25922,132,123,9,9
25923,139,111,28,28
25924,59,61,-2,2
25925,185,151,34,34
25926,47,54,-7,7
25927,68,67,1,1
25928,122,120,2,2
25929,130,124,6,6
25930,98,93,5,5
25931,42,43,-1,1
25932,125,115,10,10
25933,56,56,0,0
25934,129,118,11,11
25935,60,78,-18,18
25936,51,54,-3,3
25937,78,74,4,4
25938,62,67,-5,5
25939,80,88,-8,8
25940,39,48,-9,9
25941,120,111,9,9
25942,100,87,13,13
25943,112,114,-2,2
25944,85,77,8,8
25945,118,105,13,13
25946,124,121,3,3
25947,56,56,0,0
25948,97,92,5,5
25949,83,82,1,1
25950,91,87,4,4
25951,68,67,1,1
25952,108,104,4,4
25953,87,83,4,4
25954,57,57,0,0
25955,70,63,7,7
25956,87,83,4,4
25957,111,96,15,15
25958,79,78,1,1
25959,117,99,18,18
25960,95,93,2,2
25961,139,122,17,17
25962,52,49,3,3
25963,47,88,-41,41
25964,104,95,9,9
25965,89,78,11,11
25966,86,87,-1,1
25967,90,80,10,10
25968,113,102,11,11
25969,89,85,4,4
25970,94,94,0,0
25971,134,121,13,13
25972,63,62,1,1
25973,102,94,8,8
25974,146,125,21,21
25975,140,129,11,11
25976,73,72,1,1
25977,127,116,11,11
25978,47,55,-8,8
25979,90,100,-10,10
25980,77,73,4,4
25981,136,119,17,17
25982,121,113,8,8
25983,82,71,11,11
25984,114,116,-2,2
25985,114,101,13,13
25986,80,74,6,6
25987,82,73,9,9
25988,79,74,5,5
25989,107,103,4,4
25990,113,92,21,21
25991,114,102,12,12
25992,52,60,-8,8
25993,67,66,1,1
25994,74,74,0,0
25995,113,103,10,10
25996,77,70,7,7
25997,125,122,3,3
25998,60,55,5,5
25999,78,77,1,1
26000,94,89,5,5
26001,102,92,10,10
26002,115,100,15,15
26003,114,101,13,13
26004,115,112,3,3
26005,109,98,11,11
26006,107,106,1,1
26007,80,75,5,5
26008,111,99,12,12
26009,36,55,-19,19
26010,78,73,5,5
26011,87,79,8,8
26012,74,71,3,3
26013,70,74,-4,4
26014,64,63,1,1
26015,51,51,0,0
26016,97,93,4,4
26017,106,96,10,10
26018,150,135,15,15
26019,105,90,15,15
26020,80,80,0,0
26021,81,78,3,3
26022,78,77,1,1
26023,103,100,3,3
26024,68,67,1,1
26025,69,68,1,1
26026,100,108,-8,8
26027,100,81,19,19
26028,171,150,21,21
26029,102,91,11,11
26030,98,83,15,15
26031,81,82,-1,1
26032,86,75,11,11
26033,47,52,-5,5
26034,83,81,2,2
26035,139,126,13,13
26036,71,73,-2,2
26037,142,128,14,14
26038,65,58,7,7
26039,68,63,5,5
26040,63,62,1,1
26041,105,88,17,17
26042,53,57,-4,4
26043,126,114,12,12
26044,137,129,8,8
26045,64,58,6,6
26046,126,127,-1,1
26047,117,101,16,16
26048,65,83,-18,18
26049,133,127,6,6
26050,64,57,7,7
26051,96,85,11,11
26052,92,86,6,6
26053,99,96,3,3
26054,148,137,11,11
26055,54,52,2,2
26056,99,77,22,22
26057,89,91,-2,2
26058,63,60,3,3
26059,90,83,7,7
26060,71,76,-5,5
26061,82,69,13,13
26062,89,81,8,8
26063,58,56,2,2
26064,88,87,1,1
26065,91,89,2,2
26066,29,31,-2,2
26067,63,65,-2,2
26068,73,69,4,4
26069,68,60,8,8
26070,76,77,-1,1
26071,73,65,8,8
26072,152,129,23,23
26073,113,92,21,21
26074,57,50,7,7
26075,81,74,7,7
26076,102,103,-1,1
26077,87,104,-17,17
26078,106,101,5,5
26079,83,84,-1,1
26080,164,141,23,23
26081,122,97,25,25
26082,68,72,-4,4
26083,79,70,9,9
26084,57,56,1,1
26085,116,112,4,4
26086,57,56,1,1
26087,105,87,18,18
26088,95,84,11,11
26089,164,149,15,15
26090,159,152,7,7
26091,92,77,15,15
26092,100,103,-3,3
26093,64,57,7,7
26094,121,147,-26,26
26095,157,134,23,23
26096,116,105,11,11
26097,46,51,-5,5
26098,106,93,13,13
26099,67,70,-3,3
26100,83,81,2,2
26101,66,60,6,6
26102,105,103,2,2
26103,166,156,10,10
26104,109,86,23,23
26105,75,72,3,3
26106,86,79,7,7
26107,91,81,10,10
26108,76,70,6,6
26109,149,146,3,3
26110,102,89,13,13
26111,76,74,2,2
26112,64,56,8,8
26113,108,96,12,12
26114,99,89,10,10
26115,104,99,5,5
26116,136,132,4,4
26117,72,81,-9,9
26118,92,77,15,15
26119,70,67,3,3
26120,69,65,4,4
26121,154,134,20,20
26122,129,114,15,15
26123,102,92,10,10
26124,107,96,11,11
26125,107,101,6,6
26126,75,65,10,10
26127,108,96,12,12
26128,96,84,12,12
26129,80,80,0,0
26130,73,71,2,2
26131,129,116,13,13
26132,57,55,2,2
26133,92,84,8,8
26134,70,74,-4,4
26135,61,67,-6,6
26136,52,61,-9,9
26137,145,128,17,17
26138,74,74,0,0
26139,75,70,5,5
26140,134,122,12,12
26141,105,102,3,3
26142,108,90,18,18
26143,98,92,6,6
26144,96,82,14,14
26145,135,124,11,11
26146,103,97,6,6
26147,84,77,7,7
26148,132,116,16,16
26149,114,91,23,23
26150,87,76,11,11
26151,55,58,-3,3
26152,65,55,10,10
26153,48,53,-5,5
26154,64,60,4,4
26155,113,92,21,21
26156,137,117,20,20
26157,124,113,11,11
26158,47,50,-3,3
26159,103,91,12,12
26160,136,121,15,15
26161,80,75,5,5
26162,65,84,-19,19
26163,117,99,18,18
26164,113,111,2,2
26165,71,59,12,12
26166,132,130,2,2
26167,102,82,20,20
26168,191,167,24,24
26169,127,109,18,18
26170,102,96,6,6
26171,104,90,14,14
26172,113,105,8,8
26173,74,84,-10,10
26174,143,131,12,12
26175,73,63,10,10
26176,143,128,15,15
26177,120,103,17,17
26178,95,88,7,7
26179,84,81,3,3
26180,146,132,14,14
26181,70,65,5,5
26182,125,99,26,26
26183,79,74,5,5
26184,77,79,-2,2
26185,69,62,7,7
26186,100,92,8,8
26187,190,159,31,31
26188,90,86,4,4
26189,67,78,-11,11
26190,179,162,17,17
26191,68,74,-6,6
26192,79,87,-8,8
26193,149,125,24,24
26194,87,66,21,21
26195,58,78,-20,20
26196,176,170,6,6
26197,67,64,3,3
26198,76,72,4,4
26199,127,113,14,14
26200,73,64,9,9
26201,68,65,3,3
26202,70,66,4,4
26203,101,85,16,16
26204,122,120,2,2
26205,95,84,11,11
26206,90,84,6,6
26207,85,84,1,1
26208,138,123,15,15
26209,115,109,6,6
26210,122,108,14,14
26211,59,57,2,2
26212,51,52,-1,1
26213,106,91,15,15
26214,110,105,5,5
26215,111,104,7,7
26216,62,78,-16,16
26217,93,76,17,17
26218,46,50,-4,4
26219,107,102,5,5
26220,144,121,23,23
26221,92,76,16,16
26222,92,86,6,6
26223,95,100,-5,5
26224,154,137,17,17
26225,54,51,3,3
26226,102,93,9,9
26227,61,63,-2,2
26228,109,106,3,3
26229,155,121,34,34
26230,83,69,14,14
26231,79,73,6,6
26232,102,95,7,7
26233,133,105,28,28
26234,134,129,5,5
26235,81,73,8,8
26236,151,136,15,15
26237,46,50,-4,4
26238,97,90,7,7
26239,62,58,4,4
26240,114,105,9,9
26241,83,83,0,0
26242,114,102,12,12
26243,87,91,-4,4
26244,110,92,18,18
26245,232,210,22,22
26246,35,41,-6,6
26247,96,86,10,10
26248,87,87,0,0
26249,52,55,-3,3
26250,89,79,10,10
26251,84,72,12,12
26252,84,80,4,4
26253,151,135,16,16
26254,51,52,-1,1
26255,112,94,18,18
26256,189,165,24,24
26257,68,63,5,5
26258,77,69,8,8
26259,62,61,1,1
26260,112,105,7,7
26261,95,88,7,7
26262,81,80,1,1
26263,108,90,18,18
26264,96,89,7,7
26265,58,53,5,5
26266,84,77,7,7
26267,116,98,18,18
26268,97,94,3,3
26269,92,86,6,6
26270,101,103,-2,2
26271,56,51,5,5
26272,74,74,0,0
26273,115,101,14,14
26274,74,75,-1,1
26275,58,54,4,4
26276,129,120,9,9
26277,91,86,5,5
26278,59,52,7,7
26279,52,52,0,0
26280,73,71,2,2
26281,69,59,10,10
26282,119,92,27,27
26283,126,109,17,17
26284,114,91,23,23
26285,100,101,-1,1
26286,86,79,7,7
26287,116,121,-5,5
26288,72,65,7,7
26289,61,63,-2,2
26290,83,69,14,14
26291,94,90,4,4
26292,90,88,2,2
26293,93,92,1,1
26294,31,32,-1,1
26295,163,143,20,20
26296,99,88,11,11
26297,46,51,-5,5
26298,55,54,1,1
26299,75,76,-1,1
26300,72,72,0,0
26301,107,89,18,18
26302,89,90,-1,1
26303,66,52,14,14
26304,67,68,-1,1
26305,145,132,13,13
26306,151,134,17,17
26307,153,124,29,29
26308,56,50,6,6
26309,97,95,2,2
26310,162,147,15,15
26311,90,84,6,6
26312,106,93,13,13
26313,27,31,-4,4
26314,93,79,14,14
26315,105,95,10,10
26316,123,126,-3,3
26317,61,65,-4,4
26318,64,56,8,8
26319,109,103,6,6
26320,153,138,15,15
26321,81,73,8,8
26322,167,140,27,27
26323,100,89,11,11
26324,40,51,-11,11
26325,84,86,-2,2
26326,126,115,11,11
26327,69,67,2,2
26328,54,48,6,6
26329,41,43,-2,2
26330,86,87,-1,1
26331,71,61,10,10
26332,97,89,8,8
26333,131,120,11,11
26334,42,44,-2,2
26335,102,96,6,6
26336,83,81,2,2
26337,187,162,25,25
26338,180,162,18,18
26339,73,73,0,0
26340,108,121,-13,13
26341,57,60,-3,3
26342,121,108,13,13
26343,88,87,1,1
26344,105,97,8,8
26345,80,83,-3,3
26346,86,89,-3,3
26347,124,111,13,13
26348,117,103,14,14
26349,112,101,11,11
26350,66,62,4,4
26351,94,97,-3,3
26352,107,102,5,5
26353,45,50,-5,5
26354,121,108,13,13
26355,82,75,7,7
26356,69,67,2,2
26357,160,137,23,23
26358,119,101,18,18
26359,58,59,-1,1
26360,100,89,11,11
26361,72,68,4,4
26362,67,65,2,2
26363,66,66,0,0
26364,119,106,13,13
26365,138,134,4,4
26366,65,60,5,5
26367,105,102,3,3
26368,36,48,-12,12
26369,69,69,0,0
26370,78,70,8,8
26371,131,110,21,21
26372,109,109,0,0
26373,75,68,7,7
26374,63,56,7,7
26375,53,61,-8,8
26376,105,101,4,4
26377,64,67,-3,3
26378,70,72,-2,2
26379,26,32,-6,6
26380,181,158,23,23
26381,66,65,1,1
26382,130,130,0,0
26383,122,112,10,10
26384,94,84,10,10
26385,124,116,8,8
26386,70,71,-1,1
26387,114,107,7,7
26388,93,82,11,11
26389,106,104,2,2
26390,96,90,6,6
26391,90,88,2,2
26392,118,112,6,6
26393,63,84,-21,21
26394,79,80,-1,1
26395,43,52,-9,9
26396,112,108,4,4
26397,45,50,-5,5
26398,114,113,1,1
26399,107,92,15,15
26400,83,75,8,8
26401,40,44,-4,4
26402,98,94,4,4
26403,115,104,11,11
26404,92,95,-3,3
26405,131,126,5,5
26406,106,85,21,21
26407,99,88,11,11
26408,67,64,3,3
26409,171,148,23,23
26410,128,106,22,22
26411,88,79,9,9
26412,56,56,0,0
26413,113,100,13,13
26414,62,49,13,13
26415,81,68,13,13
26416,83,82,1,1
26417,113,96,17,17
26418,100,97,3,3
26419,91,82,9,9
26420,79,83,-4,4
26421,156,136,20,20
26422,113,107,6,6
26423,67,75,-8,8
26424,129,112,17,17
26425,89,87,2,2
26426,66,63,3,3
26427,102,102,0,0
26428,131,119,12,12
26429,111,100,11,11
26430,47,47,0,0
26431,37,45,-8,8
26432,92,89,3,3
26433,91,83,8,8
26434,101,91,10,10
26435,43,54,-11,11
26436,78,69,9,9
26437,102,97,5,5
26438,92,86,6,6
26439,96,98,-2,2
26440,109,101,8,8
26441,98,97,1,1
26442,131,111,20,20
26443,104,103,1,1
26444,96,116,-20,20
26445,98,90,8,8
26446,66,64,2,2
26447,75,72,3,3
26448,70,67,3,3
26449,49,52,-3,3
26450,110,92,18,18
26451,128,104,24,24
26452,50,50,0,0
26453,85,83,2,2
26454,59,53,6,6
26455,41,57,-16,16
26456,71,68,3,3
26457,117,103,14,14
26458,91,87,4,4
26459,64,63,1,1
26460,118,111,7,7
26461,43,50,-7,7
26462,134,122,12,12
26463,101,88,13,13
26464,109,90,19,19
26465,114,113,1,1
26466,118,117,1,1
26467,70,74,-4,4
26468,102,93,9,9
26469,157,147,10,10
26470,308,246,62,62
26471,104,107,-3,3
26472,106,88,18,18
26473,74,67,7,7
26474,148,128,20,20
26475,106,97,9,9
26476,74,70,4,4
26477,118,104,14,14
26478,114,108,6,6
26479,60,56,4,4
26480,135,112,23,23
26481,60,56,4,4
26482,62,62,0,0
26483,120,116,4,4
26484,150,149,1,1
26485,112,96,16,16
26486,87,82,5,5
26487,100,94,6,6
26488,52,58,-6,6
26489,82,78,4,4
26490,136,131,5,5
26491,65,64,1,1
26492,104,89,15,15
26493,134,120,14,14
26494,104,86,18,18
26495,119,111,8,8
26496,119,107,12,12
26497,60,68,-8,8
26498,155,140,15,15
26499,129,120,9,9
26500,46,51,-5,5
26501,58,58,0,0
26502,73,60,13,13
26503,114,98,16,16
26504,85,88,-3,3
26505,77,72,5,5
26506,89,78,11,11
26507,186,156,30,30
26508,74,68,6,6
26509,80,66,14,14
26510,108,102,6,6
26511,112,81,31,31
26512,38,37,1,1
26513,61,51,10,10
26514,109,97,12,12
26515,46,37,9,9
26516,139,117,22,22
26517,85,83,2,2
26518,97,83,14,14
26519,60,67,-7,7
26520,36,42,-6,6
26521,89,90,-1,1
26522,147,133,14,14
26523,94,80,14,14
26524,88,78,10,10
26525,120,104,16,16
26526,75,80,-5,5
26527,95,90,5,5
26528,90,79,11,11
26529,46,54,-8,8
26530,49,51,-2,2
26531,145,127,18,18
26532,93,79,14,14
26533,48,43,5,5
26534,93,87,6,6
26535,76,67,9,9
26536,51,50,1,1
26537,102,90,12,12
26538,86,81,5,5
26539,88,78,10,10
26540,97,95,2,2
26541,139,120,19,19
26542,163,142,21,21
26543,91,94,-3,3
26544,139,115,24,24
26545,56,64,-8,8
26546,56,66,-10,10
26547,84,77,7,7
26548,85,82,3,3
26549,55,59,-4,4
26550,82,74,8,8
26551,90,80,10,10
26552,102,86,16,16
26553,46,51,-5,5
26554,151,137,14,14
26555,90,80,10,10
26556,78,105,-27,27
26557,70,59,11,11
26558,126,107,19,19
26559,114,109,5,5
26560,135,110,25,25
26561,209,174,35,35
26562,163,142,21,21
26563,62,60,2,2
26564,79,86,-7,7
26565,90,80,10,10
26566,126,108,18,18
26567,161,134,27,27
26568,119,104,15,15
26569,65,74,-9,9
26570,75,94,-19,19
26571,94,81,13,13
26572,57,55,2,2
26573,60,57,3,3
26574,62,60,2,2
26575,61,63,-2,2
26576,174,151,23,23
26577,65,67,-2,2
26578,122,114,8,8
26579,103,110,-7,7
26580,66,64,2,2
26581,110,94,16,16
26582,59,59,0,0
26583,120,102,18,18
26584,101,93,8,8
26585,94,85,9,9
26586,125,111,14,14
26587,76,70,6,6
26588,66,67,-1,1
26589,85,88,-3,3
26590,101,95,6,6
26591,79,74,5,5
26592,179,156,23,23
26593,73,75,-2,2
26594,97,96,1,1
26595,40,58,-18,18
26596,75,70,5,5
26597,157,141,16,16
26598,77,74,3,3
26599,108,107,1,1
26600,129,111,18,18
26601,100,93,7,7
26602,76,86,-10,10
26603,40,40,0,0
26604,72,72,0,0
26605,81,73,8,8
26606,122,104,18,18
26607,77,67,10,10
26608,162,143,19,19
26609,52,51,1,1
26610,86,75,11,11
26611,61,53,8,8
26612,139,119,20,20
26613,122,107,15,15
26614,129,122,7,7
26615,64,60,4,4
26616,53,55,-2,2
26617,163,139,24,24
26618,76,82,-6,6
26619,47,50,-3,3
26620,57,60,-3,3
26621,142,122,20,20
26622,89,74,15,15
26623,100,98,2,2
26624,126,124,2,2
26625,149,127,22,22
26626,102,89,13,13
26627,51,56,-5,5
26628,131,106,25,25
26629,113,104,9,9
26630,128,112,16,16
26631,84,72,12,12
26632,88,81,7,7
26633,96,88,8,8
26634,131,106,25,25
26635,142,130,12,12
26636,139,123,16,16
26637,62,65,-3,3
26638,162,155,7,7
26639,100,91,9,9
26640,94,86,8,8
26641,118,104,14,14
26642,140,117,23,23
26643,105,96,9,9
26644,54,59,-5,5
26645,80,76,4,4
26646,54,53,1,1
26647,82,82,0,0
26648,78,76,2,2
26649,81,75,6,6
26650,55,52,3,3
26651,142,136,6,6
26652,152,132,20,20
26653,121,108,13,13
26654,109,98,11,11
26655,80,84,-4,4
26656,73,70,3,3
26657,154,113,41,41
26658,122,113,9,9
26659,85,78,7,7
26660,65,66,-1,1
26661,127,109,18,18
26662,44,43,1,1
26663,90,89,1,1
26664,115,106,9,9
26665,124,111,13,13
26666,148,139,9,9
26667,49,50,-1,1
26668,77,73,4,4
26669,173,154,19,19
26670,68,68,0,0
26671,149,139,10,10
26672,73,70,3,3
26673,54,52,2,2
26674,90,77,13,13
26675,73,70,3,3
26676,74,74,0,0
26677,49,47,2,2
26678,79,72,7,7
26679,117,111,6,6
26680,57,63,-6,6
26681,123,107,16,16
26682,94,87,7,7
26683,124,93,31,31
26684,74,73,1,1
26685,63,61,2,2
26686,116,100,16,16
26687,93,81,12,12
26688,115,112,3,3
26689,64,63,1,1
26690,117,113,4,4
26691,74,74,0,0
26692,49,43,6,6
26693,72,65,7,7
26694,86,83,3,3
26695,52,54,-2,2
26696,87,80,7,7
26697,152,139,13,13
26698,61,67,-6,6
26699,67,68,-1,1
26700,64,69,-5,5
26701,100,92,8,8
26702,135,110,25,25
26703,120,111,9,9
26704,124,104,20,20
26705,105,102,3,3
26706,144,137,7,7
26707,100,96,4,4
26708,80,78,2,2
26709,73,83,-10,10
26710,82,79,3,3
26711,76,66,10,10
26712,115,108,7,7
26713,106,100,6,6
26714,125,117,8,8
26715,86,76,10,10
26716,94,85,9,9
26717,80,79,1,1
26718,145,121,24,24
26719,122,108,14,14
26720,122,112,10,10
26721,115,105,10,10
26722,66,65,1,1
26723,85,75,10,10
26724,95,94,1,1
26725,110,91,19,19
26726,49,56,-7,7
26727,80,89,-9,9
26728,101,90,11,11
26729,77,73,4,4
26730,89,91,-2,2
26731,130,109,21,21
26732,106,109,-3,3
26733,56,51,5,5
26734,68,62,6,6
26735,152,132,20,20
26736,113,107,6,6
26737,98,89,9,9
26738,125,109,16,16
26739,71,67,4,4
26740,123,105,18,18
26741,97,76,21,21
26742,77,73,4,4
26743,56,59,-3,3
26744,127,112,15,15
26745,49,56,-7,7
26746,115,102,13,13
26747,61,61,0,0
26748,97,88,9,9
26749,101,95,6,6
26750,77,77,0,0
26751,117,117,0,0
26752,90,93,-3,3
26753,120,106,14,14
26754,80,76,4,4
26755,71,65,6,6
26756,54,55,-1,1
26757,80,79,1,1
26758,110,101,9,9
26759,71,85,-14,14
26760,82,80,2,2
26761,68,75,-7,7
26762,78,82,-4,4
26763,69,64,5,5
26764,87,85,2,2
26765,94,82,12,12
26766,137,120,17,17
26767,57,60,-3,3
26768,56,54,2,2
26769,57,64,-7,7
26770,62,57,5,5
26771,63,71,-8,8
26772,165,146,19,19
26773,115,100,15,15
26774,133,119,14,14
26775,94,77,17,17
26776,107,101,6,6
26777,106,94,12,12
26778,112,109,3,3
26779,93,88,5,5
26780,55,61,-6,6
26781,85,82,3,3
26782,41,42,-1,1
26783,120,102,18,18
26784,99,89,10,10
26785,83,67,16,16
26786,84,81,3,3
26787,110,101,9,9
26788,124,130,-6,6
26789,122,106,16,16
26790,38,41,-3,3
26791,120,106,14,14
26792,97,91,6,6
26793,61,63,-2,2
26794,113,110,3,3
26795,74,64,10,10
26796,79,72,7,7
26797,125,102,23,23
26798,81,75,6,6
26799,125,110,15,15
26800,123,116,7,7
26801,90,88,2,2
26802,48,54,-6,6
26803,55,56,-1,1
26804,62,69,-7,7
26805,64,72,-8,8
26806,91,88,3,3
26807,145,137,8,8
26808,86,78,8,8
26809,66,69,-3,3
26810,116,117,-1,1
26811,76,71,5,5
26812,88,89,-1,1
26813,103,102,1,1
26814,97,97,0,0
26815,138,118,20,20
26816,75,73,2,2
26817,92,80,12,12
26818,149,136,13,13
26819,60,57,3,3
26820,108,103,5,5
26821,30,35,-5,5
26822,89,79,10,10
26823,49,54,-5,5
26824,97,85,12,12
26825,128,106,22,22
26826,96,89,7,7
26827,96,87,9,9
26828,63,55,8,8
26829,76,71,5,5
26830,106,102,4,4
26831,79,80,-1,1
26832,127,107,20,20
26833,45,51,-6,6
26834,105,103,2,2
26835,90,81,9,9
26836,43,46,-3,3
26837,235,141,94,94
26838,50,55,-5,5
26839,111,96,15,15
26840,69,66,3,3
26841,52,127,-75,75
26842,105,98,7,7
26843,49,49,0,0
26844,66,68,-2,2
26845,64,63,1,1
26846,75,65,10,10
26847,70,70,0,0
26848,96,85,11,11
26849,86,83,3,3
26850,109,99,10,10
26851,357,191,166,166
26852,74,70,4,4
26853,96,94,2,2
26854,101,98,3,3
26855,86,84,2,2
26856,97,82,15,15
26857,47,43,4,4
26858,76,84,-8,8
26859,139,121,18,18
26860,127,115,12,12
26861,119,101,18,18
26862,133,117,16,16
26863,190,176,14,14
26864,119,102,17,17
26865,96,88,8,8
26866,31,31,0,0
26867,94,100,-6,6
26868,112,117,-5,5
26869,104,93,11,11
26870,162,136,26,26
26871,128,113,15,15
26872,142,134,8,8
26873,107,76,31,31
26874,120,96,24,24
26875,57,57,0,0
26876,157,135,22,22
26877,94,86,8,8
26878,109,110,-1,1
26879,58,65,-7,7
26880,108,88,20,20
26881,88,77,11,11
26882,123,120,3,3
26883,85,81,4,4
26884,136,131,5,5
26885,72,71,1,1
26886,77,72,5,5
26887,59,54,5,5
26888,154,131,23,23
26889,63,75,-12,12
26890,40,43,-3,3
26891,142,139,3,3
26892,160,138,22,22
26893,68,60,8,8
26894,91,77,14,14
26895,77,78,-1,1
26896,135,123,12,12
26897,134,183,-49,49
26898,172,158,14,14
26899,131,145,-14,14
26900,86,85,1,1
26901,67,68,-1,1
26902,55,53,2,2
26903,148,131,17,17
26904,66,69,-3,3
26905,120,98,22,22
26906,83,78,5,5
26907,101,93,8,8
26908,83,73,10,10
26909,106,116,-10,10
26910,99,93,6,6
26911,67,67,0,0
26912,130,118,12,12
26913,79,76,3,3
26914,43,49,-6,6
26915,146,125,21,21
26916,57,58,-1,1
26917,100,103,-3,3
26918,139,112,27,27
26919,114,93,21,21
26920,61,60,1,1
26921,77,89,-12,12
26922,102,101,1,1
26923,104,91,13,13
26924,145,134,11,11
26925,81,83,-2,2
26926,87,87,0,0
26927,135,131,4,4
26928,117,109,8,8
26929,82,70,12,12
26930,118,110,8,8
26931,106,105,1,1
26932,123,111,12,12
26933,109,104,5,5
26934,66,65,1,1
26935,86,82,4,4
26936,104,101,3,3
26937,61,72,-11,11
26938,59,79,-20,20
26939,68,68,0,0
26940,68,68,0,0
26941,63,64,-1,1
26942,85,75,10,10
26943,135,128,7,7
26944,117,112,5,5
26945,134,113,21,21
26946,104,98,6,6
26947,73,71,2,2
26948,79,77,2,2
26949,137,122,15,15
26950,106,90,16,16
26951,80,66,14,14
26952,175,146,29,29
26953,96,94,2,2
26954,137,117,20,20
26955,119,106,13,13
26956,118,108,10,10
26957,135,123,12,12
26958,127,96,31,31
26959,103,99,4,4
26960,87,82,5,5
26961,90,68,22,22
26962,50,53,-3,3
26963,68,67,1,1
26964,75,72,3,3
26965,150,142,8,8
26966,107,90,17,17
26967,122,110,12,12
26968,48,44,4,4
26969,141,132,9,9
26970,96,87,9,9
26971,93,89,4,4
26972,85,77,8,8
26973,55,55,0,0
26974,51,52,-1,1
26975,99,90,9,9
26976,52,60,-8,8
26977,79,67,12,12
26978,110,102,8,8
26979,121,106,15,15
26980,37,37,0,0
26981,92,87,5,5
26982,66,54,12,12
26983,148,113,35,35
26984,83,75,8,8
26985,175,154,21,21
26986,88,76,12,12
26987,110,97,13,13
26988,79,81,-2,2
26989,64,56,8,8
26990,124,105,19,19
26991,129,113,16,16
26992,91,83,8,8
26993,59,55,4,4
26994,49,60,-11,11
26995,132,118,14,14
26996,76,103,-27,27
26997,110,95,15,15
26998,61,58,3,3
26999,90,86,4,4
27000,126,115,11,11
27001,98,91,7,7
27002,59,55,4,4
27003,93,90,3,3
27004,76,64,12,12
27005,75,64,11,11
27006,85,84,1,1
27007,149,127,22,22
27008,89,80,9,9
27009,112,102,10,10
27010,88,76,12,12
27011,65,60,5,5
27012,86,81,5,5
27013,64,56,8,8
27014,81,86,-5,5
27015,86,83,3,3
27016,70,63,7,7
27017,150,119,31,31
27018,102,89,13,13
27019,92,79,13,13
27020,47,52,-5,5
27021,92,92,0,0
27022,108,96,12,12
27023,85,82,3,3
27024,127,114,13,13
27025,114,102,12,12
27026,89,76,13,13
27027,98,95,3,3
27028,47,48,-1,1
27029,95,95,0,0
27030,174,164,10,10
27031,74,71,3,3
27032,214,193,21,21
27033,35,41,-6,6
27034,202,186,16,16
27035,83,74,9,9
27036,125,106,19,19
27037,109,89,20,20
27038,54,58,-4,4
27039,56,56,0,0
27040,71,73,-2,2
27041,81,73,8,8
27042,78,75,3,3
27043,61,56,5,5
27044,77,70,7,7
27045,114,99,15,15
27046,59,58,1,1
27047,116,114,2,2
27048,49,59,-10,10
27049,66,76,-10,10
27050,91,74,17,17
27051,98,91,7,7
27052,73,72,1,1
27053,78,75,3,3
27054,105,102,3,3
27055,112,99,13,13
27056,84,83,1,1
27057,78,66,12,12
27058,112,110,2,2
27059,178,139,39,39
27060,134,125,9,9
27061,93,83,10,10
27062,99,91,8,8
27063,67,66,1,1
27064,76,75,1,1
27065,80,72,8,8
27066,74,66,8,8
27067,83,80,3,3
27068,99,104,-5,5
27069,70,59,11,11
27070,64,68,-4,4
27071,128,113,15,15
27072,93,78,15,15
27073,65,60,5,5
27074,40,49,-9,9
27075,133,117,16,16
27076,97,94,3,3
27077,89,88,1,1
27078,73,72,1,1
27079,102,86,16,16
27080,62,59,3,3
27081,91,86,5,5
27082,147,128,19,19
27083,70,64,6,6
27084,71,65,6,6
27085,86,82,4,4
27086,62,60,2,2
27087,104,86,18,18
27088,72,67,5,5
27089,52,51,1,1
27090,38,45,-7,7
27091,67,64,3,3
27092,196,170,26,26
27093,47,44,3,3
27094,51,55,-4,4
27095,88,81,7,7
27096,96,88,8,8
27097,42,49,-7,7
27098,101,97,4,4
27099,105,93,12,12
27100,70,65,5,5
27101,87,94,-7,7
27102,120,113,7,7
27103,71,65,6,6
27104,118,103,15,15
27105,71,78,-7,7
27106,101,102,-1,1
27107,80,71,9,9
27108,107,92,15,15
27109,87,74,13,13
27110,60,61,-1,1
27111,56,51,5,5
27112,79,79,0,0
27113,148,132,16,16
27114,75,71,4,4
27115,53,55,-2,2
27116,88,81,7,7
27117,104,117,-13,13
27118,77,68,9,9
27119,53,53,0,0
27120,114,106,8,8
27121,74,67,7,7
27122,73,80,-7,7
27123,127,110,17,17
27124,81,72,9,9
27125,127,118,9,9
27126,139,119,20,20
27127,78,73,5,5
27128,79,72,7,7
27129,115,100,15,15
27130,125,103,22,22
27131,141,127,14,14
27132,127,104,23,23
27133,105,98,7,7
27134,57,60,-3,3
27135,99,96,3,3
27136,91,83,8,8
27137,98,82,16,16
27138,114,116,-2,2
27139,74,69,5,5
27140,143,116,27,27
27141,68,69,-1,1
27142,159,138,21,21
27143,69,64,5,5
27144,72,63,9,9
27145,48,51,-3,3
27146,110,103,7,7
27147,86,78,8,8
27148,72,72,0,0
27149,80,71,9,9
27150,70,70,0,0
27151,37,39,-2,2
27152,79,73,6,6
27153,53,50,3,3
27154,82,75,7,7
27155,55,58,-3,3
27156,72,73,-1,1
27157,104,97,7,7
27158,81,78,3,3
27159,131,127,4,4
27160,110,111,-1,1
27161,70,71,-1,1
27162,96,95,1,1
27163,56,63,-7,7
27164,76,74,2,2
27165,87,83,4,4
27166,100,86,14,14
27167,51,54,-3,3
27168,67,64,3,3
27169,50,52,-2,2
27170,72,83,-11,11
27171,69,68,1,1
27172,96,94,2,2
27173,90,79,11,11
27174,84,81,3,3
27175,136,127,9,9
27176,83,76,7,7
27177,93,90,3,3
27178,130,135,-5,5
27179,111,102,9,9
27180,107,110,-3,3
27181,112,112,0,0
27182,27,31,-4,4
27183,156,131,25,25
27184,102,87,15,15
27185,122,113,9,9
27186,114,99,15,15
27187,39,43,-4,4
27188,137,121,16,16
27189,86,79,7,7
27190,83,73,10,10
27191,148,132,16,16
27192,108,102,6,6
27193,102,92,10,10
27194,95,92,3,3
27195,52,60,-8,8
27196,78,77,1,1
27197,99,93,6,6
27198,124,118,6,6
27199,94,96,-2,2
27200,120,113,7,7
27201,102,100,2,2
27202,128,120,8,8
27203,64,56,8,8
27204,78,74,4,4
27205,65,71,-6,6
27206,128,121,7,7
27207,88,78,10,10
27208,63,69,-6,6
27209,86,88,-2,2
27210,102,97,5,5
27211,120,93,27,27
27212,95,97,-2,2
27213,83,77,6,6
27214,96,99,-3,3
27215,75,74,1,1
27216,50,51,-1,1
27217,69,66,3,3
27218,118,100,18,18
27219,103,102,1,1
27220,88,86,2,2
27221,83,78,5,5
27222,113,98,15,15
27223,89,76,13,13
27224,92,84,8,8
27225,96,94,2,2
27226,97,113,-16,16
27227,57,53,4,4
27228,70,70,0,0
27229,79,82,-3,3
27230,81,76,5,5
27231,106,95,11,11
27232,178,153,25,25
27233,141,130,11,11
27234,97,90,7,7
27235,152,140,12,12
27236,82,75,7,7
27237,62,57,5,5
27238,69,71,-2,2
27239,145,130,15,15
27240,80,74,6,6
27241,124,111,13,13
27242,128,120,8,8
27243,147,123,24,24
27244,181,171,10,10
27245,92,90,2,2
27246,48,51,-3,3
27247,144,129,15,15
27248,54,58,-4,4
27249,116,100,16,16
27250,106,95,11,11
27251,72,67,5,5
27252,139,120,19,19
27253,153,141,12,12
27254,105,89,16,16
27255,152,131,21,21
27256,137,113,24,24
27257,123,118,5,5
27258,49,56,-7,7
27259,80,71,9,9
27260,63,51,12,12
27261,35,61,-26,26
27262,53,54,-1,1
27263,80,80,0,0
27264,56,51,5,5
27265,143,137,6,6
27266,160,140,20,20
27267,98,90,8,8
27268,98,86,12,12
27269,83,82,1,1
27270,117,119,-2,2
27271,143,131,12,12
27272,91,89,2,2
27273,60,64,-4,4
27274,106,93,13,13
27275,33,42,-9,9
27276,65,62,3,3
27277,79,71,8,8
27278,47,45,2,2
27279,78,71,7,7
27280,108,104,4,4
27281,59,60,-1,1
27282,75,77,-2,2
27283,130,118,12,12
27284,75,79,-4,4
27285,89,84,5,5
27286,85,74,11,11
27287,127,112,15,15
27288,71,76,-5,5
27289,103,93,10,10
27290,40,41,-1,1
27291,57,66,-9,9
27292,142,126,16,16
27293,61,69,-8,8
27294,77,70,7,7
27295,95,94,1,1
27296,90,70,20,20
27297,101,95,6,6
27298,64,57,7,7
27299,154,121,33,33
27300,90,82,8,8
27301,103,96,7,7
27302,134,118,16,16
27303,96,76,20,20
27304,48,50,-2,2
27305,88,77,11,11
27306,126,113,13,13
27307,80,68,12,12
27308,66,63,3,3
27309,43,43,0,0
27310,71,64,7,7
27311,102,92,10,10
27312,78,70,8,8
27313,99,90,9,9
27314,110,101,9,9
27315,105,97,8,8
27316,103,103,0,0
27317,103,96,7,7
27318,62,82,-20,20
27319,92,88,4,4
27320,68,71,-3,3
27321,94,88,6,6
27322,97,92,5,5
27323,50,61,-11,11
27324,46,58,-12,12
27325,76,66,10,10
27326,127,99,28,28
27327,55,56,-1,1
27328,62,57,5,5
27329,114,107,7,7
27330,70,61,9,9
27331,110,100,10,10
27332,115,107,8,8
27333,102,86,16,16
27334,105,103,2,2
27335,99,86,13,13
27336,122,112,10,10
27337,69,70,-1,1
27338,69,57,12,12
27339,79,74,5,5
27340,67,68,-1,1
27341,76,71,5,5
27342,54,51,3,3
27343,96,87,9,9
27344,90,84,6,6
27345,73,65,8,8
27346,76,73,3,3
27347,48,51,-3,3
27348,104,104,0,0
27349,64,65,-1,1
27350,76,73,3,3
27351,106,98,8,8
27352,58,57,1,1
27353,118,113,5,5
27354,78,77,1,1
27355,119,109,10,10
27356,64,64,0,0
27357,144,110,34,34
27358,112,94,18,18
27359,60,57,3,3
27360,58,80,-22,22
27361,148,151,-3,3
27362,70,62,8,8
27363,193,160,33,33
27364,90,86,4,4
27365,50,51,-1,1
27366,94,83,11,11
27367,114,98,16,16
27368,57,60,-3,3
27369,72,81,-9,9
27370,97,78,19,19
27371,121,107,14,14
27372,96,87,9,9
27373,78,79,-1,1
27374,124,122,2,2
27375,156,142,14,14
27376,103,88,15,15
27377,117,110,7,7
27378,75,60,15,15
27379,101,97,4,4
27380,45,43,2,2
27381,60,59,1,1
27382,124,117,7,7
27383,129,118,11,11
27384,90,87,3,3
27385,79,80,-1,1
27386,64,62,2,2
27387,87,89,-2,2
27388,138,124,14,14
27389,106,99,7,7
27390,96,91,5,5
27391,124,112,12,12
27392,78,70,8,8
27393,99,89,10,10
27394,208,158,50,50
27395,111,100,11,11
27396,107,93,14,14
27397,92,79,13,13
27398,87,75,12,12
27399,108,111,-3,3
27400,70,60,10,10
27401,115,107,8,8
27402,86,85,1,1
27403,86,76,10,10
27404,165,151,14,14
27405,59,91,-32,32
27406,111,109,2,2
27407,196,161,35,35
27408,99,92,7,7
27409,121,90,31,31
27410,57,52,5,5
27411,78,73,5,5
27412,98,92,6,6
27413,90,78,12,12
27414,89,87,2,2
27415,97,86,11,11
27416,77,72,5,5
27417,78,72,6,6
27418,95,98,-3,3
27419,98,91,7,7
27420,126,108,18,18
27421,107,103,4,4
27422,83,78,5,5
27423,129,118,11,11
27424,93,92,1,1
27425,210,168,42,42
27426,112,103,9,9
27427,51,51,0,0
27428,93,77,16,16
27429,61,67,-6,6
27430,76,78,-2,2
27431,107,99,8,8
27432,115,91,24,24
27433,106,100,6,6
27434,77,75,2,2
27435,102,98,4,4
27436,54,57,-3,3
27437,81,69,12,12
27438,64,71,-7,7
27439,134,121,13,13
27440,124,109,15,15
27441,49,53,-4,4
27442,90,96,-6,6
27443,72,63,9,9
27444,76,76,0,0
27445,114,98,16,16
27446,59,65,-6,6
27447,97,104,-7,7
27448,96,85,11,11
27449,177,128,49,49
27450,111,100,11,11
27451,105,103,2,2
27452,78,84,-6,6
27453,85,88,-3,3
27454,71,66,5,5
27455,114,106,8,8
27456,78,79,-1,1
27457,164,145,19,19
27458,75,75,0,0
27459,128,115,13,13
27460,105,109,-4,4
27461,75,68,7,7
27462,87,83,4,4
27463,104,91,13,13
27464,130,114,16,16
27465,101,98,3,3
27466,81,77,4,4
27467,75,70,5,5
27468,115,103,12,12
27469,80,70,10,10
27470,54,63,-9,9
27471,93,91,2,2
27472,142,109,33,33
27473,41,48,-7,7
27474,78,77,1,1
27475,62,61,1,1
27476,68,73,-5,5
27477,45,53,-8,8
27478,99,91,8,8
27479,92,81,11,11
27480,88,75,13,13
27481,134,129,5,5
27482,112,100,12,12
27483,97,97,0,0
27484,131,128,3,3
27485,71,65,6,6
27486,39,41,-2,2
27487,68,71,-3,3
27488,47,49,-2,2
27489,60,55,5,5
27490,151,120,31,31
27491,81,70,11,11
27492,104,91,13,13
27493,99,97,2,2
27494,103,93,10,10
27495,84,79,5,5
27496,92,87,5,5
27497,108,102,6,6
27498,124,110,14,14
27499,68,70,-2,2
27500,107,104,3,3
27501,97,79,18,18
27502,108,96,12,12
27503,54,59,-5,5
27504,75,72,3,3
27505,43,50,-7,7
27506,105,101,4,4
27507,103,103,0,0
27508,85,86,-1,1
27509,121,109,12,12
27510,85,81,4,4
27511,102,88,14,14
27512,113,111,2,2
27513,70,71,-1,1
27514,120,105,15,15
27515,106,91,15,15
27516,72,73,-1,1
27517,89,83,6,6
27518,90,81,9,9
27519,52,51,1,1
27520,78,75,3,3
27521,88,88,0,0
27522,290,222,68,68
27523,98,90,8,8
27524,94,91,3,3
27525,130,110,20,20
27526,50,65,-15,15
27527,102,89,13,13
27528,72,70,2,2
27529,79,69,10,10
27530,101,95,6,6
27531,88,75,13,13
27532,75,73,2,2
27533,109,111,-2,2
27534,68,65,3,3
27535,117,104,13,13
27536,112,107,5,5
27537,149,131,18,18
27538,94,93,1,1
27539,73,68,5,5
27540,86,78,8,8
27541,68,72,-4,4
27542,94,86,8,8
27543,96,92,4,4
27544,86,104,-18,18
27545,84,80,4,4
27546,98,85,13,13
27547,149,130,19,19
27548,92,87,5,5
27549,72,63,9,9
27550,108,101,7,7
27551,85,90,-5,5
27552,92,86,6,6
27553,72,74,-2,2
27554,73,75,-2,2
27555,91,87,4,4
27556,167,157,10,10
27557,78,82,-4,4
27558,50,61,-11,11
27559,96,76,20,20
27560,105,100,5,5
27561,102,96,6,6
27562,106,91,15,15
27563,138,117,21,21
27564,123,115,8,8
27565,76,69,7,7
27566,95,85,10,10
27567,87,82,5,5
27568,154,141,13,13
27569,75,71,4,4
27570,137,117,20,20
27571,98,80,18,18
27572,96,92,4,4
27573,68,68,0,0
27574,66,72,-6,6
27575,96,91,5,5
27576,99,93,6,6
27577,53,61,-8,8
27578,36,58,-22,22
27579,79,82,-3,3
27580,108,99,9,9
27581,20,31,-11,11
27582,95,89,6,6
27583,78,76,2,2
27584,114,105,9,9
27585,89,93,-4,4
27586,118,126,-8,8
27587,163,137,26,26
27588,64,58,6,6
27589,50,46,4,4
27590,65,62,3,3
27591,91,82,9,9
27592,126,118,8,8
27593,96,90,6,6
27594,115,101,14,14
27595,114,105,9,9
27596,139,109,30,30
27597,45,56,-11,11
27598,155,144,11,11
27599,77,69,8,8
27600,105,84,21,21
27601,156,123,33,33
27602,90,86,4,4
27603,105,90,15,15
27604,36,43,-7,7
27605,134,130,4,4
27606,111,111,0,0
27607,61,53,8,8
27608,97,91,6,6
27609,76,73,3,3
27610,81,79,2,2
27611,71,65,6,6
27612,99,87,12,12
27613,98,94,4,4
27614,89,79,10,10
27615,153,133,20,20
27616,110,105,5,5
27617,61,59,2,2
27618,72,75,-3,3
27619,107,98,9,9
27620,107,99,8,8
27621,116,102,14,14
27622,116,103,13,13
27623,71,68,3,3
27624,95,89,6,6
27625,99,94,5,5
27626,59,54,5,5
27627,107,116,-9,9
27628,130,114,16,16
27629,95,74,21,21
27630,165,134,31,31
27631,171,140,31,31
27632,93,95,-2,2
27633,79,82,-3,3
27634,175,149,26,26
27635,121,111,10,10
27636,155,141,14,14
27637,174,158,16,16
27638,81,67,14,14
27639,57,52,5,5
27640,180,140,40,40
27641,116,102,14,14
27642,162,145,17,17
27643,77,71,6,6
27644,78,72,6,6
27645,111,100,11,11
27646,87,78,9,9
27647,37,43,-6,6
27648,176,154,22,22
27649,69,74,-5,5
27650,72,72,0,0
27651,91,87,4,4
27652,102,96,6,6
27653,81,77,4,4
27654,142,130,12,12
27655,189,155,34,34
27656,200,168,32,32
27657,61,63,-2,2
27658,89,84,5,5
27659,94,92,2,2
27660,88,81,7,7
27661,85,75,10,10
27662,88,81,7,7
27663,52,52,0,0
27664,61,78,-17,17
27665,79,70,9,9
27666,141,123,18,18
27667,83,76,7,7
27668,112,135,-23,23
27669,123,109,14,14
27670,54,51,3,3
27671,66,61,5,5
27672,117,109,8,8
27673,73,71,2,2
27674,70,78,-8,8
27675,66,61,5,5
27676,105,110,-5,5
27677,77,75,2,2
27678,100,92,8,8
27679,167,134,33,33
27680,73,67,6,6
27681,130,117,13,13
27682,87,68,19,19
27683,85,74,11,11
27684,69,68,1,1
27685,73,72,1,1
27686,77,75,2,2
27687,138,124,14,14
27688,80,84,-4,4
27689,55,52,3,3
27690,117,97,20,20
27691,110,99,11,11
27692,60,57,3,3
27693,96,82,14,14
27694,85,74,11,11
27695,106,107,-1,1
27696,94,87,7,7
27697,69,73,-4,4
27698,125,118,7,7
27699,179,149,30,30
27700,86,79,7,7
27701,129,119,10,10
27702,82,80,2,2
27703,91,76,15,15
27704,150,135,15,15
27705,57,59,-2,2
27706,70,64,6,6
27707,134,117,17,17
27708,71,71,0,0
27709,74,78,-4,4
27710,83,78,5,5
27711,82,91,-9,9
27712,70,68,2,2
27713,82,84,-2,2
27714,52,57,-5,5
27715,93,81,12,12
27716,54,56,-2,2
27717,136,126,10,10
27718,72,66,6,6
27719,86,101,-15,15
27720,108,105,3,3
27721,93,82,11,11
27722,57,71,-14,14
27723,78,74,4,4
27724,130,112,18,18
27725,83,81,2,2
27726,116,97,19,19
27727,103,87,16,16
27728,79,76,3,3
27729,43,48,-5,5
27730,100,94,6,6
27731,77,71,6,6
27732,127,114,13,13
27733,83,75,8,8
27734,134,135,-1,1
27735,108,89,19,19
27736,122,106,16,16
27737,86,83,3,3
27738,71,67,4,4
27739,111,101,10,10
27740,132,111,21,21
27741,200,175,25,25
27742,77,70,7,7
27743,131,107,24,24
27744,75,75,0,0
27745,66,61,5,5
27746,83,77,6,6
27747,155,132,23,23
27748,104,84,20,20
27749,85,77,8,8
27750,149,125,24,24
27751,198,223,-25,25
27752,68,75,-7,7
27753,143,101,42,42
27754,118,100,18,18
27755,75,73,2,2
27756,150,160,-10,10
27757,52,51,1,1
27758,153,140,13,13
27759,88,93,-5,5
27760,101,110,-9,9
27761,74,66,8,8
27762,102,98,4,4
27763,140,123,17,17
27764,71,61,10,10
27765,110,86,24,24
27766,110,105,5,5
27767,63,61,2,2
27768,66,66,0,0
27769,49,53,-4,4
27770,54,51,3,3
27771,86,82,4,4
27772,58,55,3,3
27773,54,55,-1,1
27774,60,63,-3,3
27775,77,76,1,1
27776,70,73,-3,3
27777,91,86,5,5
27778,112,104,8,8
27779,89,81,8,8
27780,80,72,8,8
27781,95,89,6,6
27782,98,85,13,13
27783,91,84,7,7
27784,117,108,9,9
27785,76,76,0,0
27786,126,141,-15,15
27787,131,110,21,21
27788,65,66,-1,1
27789,90,79,11,11
27790,77,72,5,5
27791,114,105,9,9
27792,88,79,9,9
27793,90,83,7,7
27794,84,86,-2,2
27795,135,112,23,23
27796,95,84,11,11
27797,94,99,-5,5
27798,106,93,13,13
27799,75,70,5,5
27800,115,103,12,12
27801,143,131,12,12
27802,60,55,5,5
27803,68,63,5,5
27804,73,66,7,7
27805,168,133,35,35
27806,99,96,3,3
27807,108,99,9,9
27808,77,82,-5,5
27809,60,52,8,8
27810,79,70,9,9
27811,103,110,-7,7
27812,120,114,6,6
27813,137,138,-1,1
27814,80,86,-6,6
27815,78,76,2,2
27816,49,55,-6,6
27817,97,99,-2,2
27818,104,98,6,6
27819,172,150,22,22
27820,154,140,14,14
27821,93,91,2,2
27822,103,87,16,16
27823,51,53,-2,2
27824,72,68,4,4
27825,81,78,3,3
27826,69,61,8,8
27827,111,97,14,14
27828,106,98,8,8
27829,143,123,20,20
27830,46,44,2,2
27831,118,113,5,5
27832,136,112,24,24
27833,103,88,15,15
27834,115,111,4,4
27835,100,90,10,10
27836,130,111,19,19
27837,146,126,20,20
27838,106,97,9,9
27839,160,144,16,16
27840,151,110,41,41
27841,111,100,11,11
27842,132,110,22,22
27843,70,57,13,13
27844,95,89,6,6
27845,113,102,11,11
27846,100,118,-18,18
27847,84,70,14,14
27848,144,117,27,27
27849,75,75,0,0
27850,127,121,6,6
27851,35,40,-5,5
27852,48,58,-10,10
27853,52,53,-1,1
27854,110,103,7,7
27855,109,99,10,10
27856,72,71,1,1
27857,99,90,9,9
27858,58,51,7,7
27859,81,68,13,13
27860,96,80,16,16
27861,71,66,5,5
27862,122,97,25,25
27863,151,131,20,20
27864,92,85,7,7
27865,69,70,-1,1
27866,111,99,12,12
27867,106,93,13,13
27868,122,111,11,11
27869,100,79,21,21
27870,62,62,0,0
27871,77,69,8,8
27872,111,101,10,10
27873,68,72,-4,4
27874,97,84,13,13
27875,118,84,34,34
27876,118,111,7,7
27877,97,99,-2,2
27878,78,78,0,0
27879,146,133,13,13
27880,99,92,7,7
27881,76,68,8,8
27882,64,56,8,8
27883,48,51,-3,3
27884,89,82,7,7
27885,59,59,0,0
27886,74,74,0,0
27887,72,71,1,1
27888,83,75,8,8
27889,83,67,16,16
27890,97,94,3,3
27891,100,87,13,13
27892,181,169,12,12
27893,37,36,1,1
27894,64,63,1,1
27895,84,71,13,13
27896,68,59,9,9
27897,54,51,3,3
27898,85,80,5,5
27899,75,74,1,1
27900,98,89,9,9
27901,147,127,20,20
27902,138,125,13,13
27903,61,59,2,2
27904,83,86,-3,3
27905,158,132,26,26
27906,119,105,14,14
27907,88,78,10,10
27908,119,107,12,12
27909,118,98,20,20
27910,68,63,5,5
27911,49,53,-4,4
27912,112,97,15,15
27913,113,100,13,13
27914,83,82,1,1
27915,81,82,-1,1
27916,31,35,-4,4
27917,87,74,13,13
27918,144,128,16,16
27919,133,131,2,2
27920,137,127,10,10
27921,95,92,3,3
27922,80,76,4,4
27923,109,99,10,10
27924,90,87,3,3
27925,70,65,5,5
27926,66,67,-1,1
27927,81,67,14,14
27928,156,142,14,14
27929,70,73,-3,3
27930,95,97,-2,2
27931,109,91,18,18
27932,61,101,-40,40
27933,40,40,0,0
27934,138,133,5,5
27935,96,84,12,12
27936,53,62,-9,9
27937,85,87,-2,2
27938,137,116,21,21
27939,113,103,10,10
27940,127,116,11,11
27941,77,69,8,8
27942,66,68,-2,2
27943,36,41,-5,5
27944,83,82,1,1
27945,120,98,22,22
27946,55,61,-6,6
27947,61,63,-2,2
27948,68,61,7,7
27949,93,90,3,3
27950,173,156,17,17
27951,58,62,-4,4
27952,75,74,1,1
27953,83,71,12,12
27954,141,135,6,6
27955,67,63,4,4
27956,35,49,-14,14
27957,63,67,-4,4
27958,52,55,-3,3
27959,183,157,26,26
27960,52,51,1,1
27961,72,66,6,6
27962,77,76,1,1
27963,61,57,4,4
27964,124,106,18,18
27965,78,78,0,0
27966,123,113,10,10
27967,122,113,9,9
27968,88,86,2,2
27969,74,74,0,0
27970,66,67,-1,1
27971,69,74,-5,5
27972,92,88,4,4
27973,79,72,7,7
27974,45,65,-20,20
27975,115,110,5,5
27976,143,130,13,13
27977,99,97,2,2
27978,129,126,3,3
27979,103,97,6,6
27980,90,93,-3,3
27981,88,83,5,5
27982,123,116,7,7
27983,175,139,36,36
27984,95,85,10,10
27985,105,101,4,4
27986,65,66,-1,1
27987,66,56,10,10
27988,137,117,20,20
27989,84,80,4,4
27990,110,96,14,14
27991,118,101,17,17
27992,114,106,8,8
27993,97,101,-4,4
27994,90,80,10,10
27995,124,116,8,8
27996,158,145,13,13
27997,67,84,-17,17
27998,96,87,9,9
27999,97,89,8,8
28000,108,97,11,11
28001,106,96,10,10
28002,56,52,4,4
28003,69,67,2,2
28004,41,50,-9,9
28005,67,62,5,5
28006,172,155,17,17
28007,53,53,0,0
28008,94,80,14,14
28009,121,108,13,13
28010,97,81,16,16
28011,91,88,3,3
28012,117,96,21,21
28013,125,132,-7,7
28014,59,55,4,4
28015,114,96,18,18
28016,87,77,10,10
28017,106,99,7,7
28018,77,74,3,3
28019,135,111,24,24
28020,145,117,28,28
28021,72,69,3,3
28022,53,57,-4,4
28023,149,129,20,20
28024,101,97,4,4
28025,76,56,20,20
28026,87,90,-3,3
28027,73,63,10,10
28028,107,100,7,7
28029,67,60,7,7
28030,67,70,-3,3
28031,80,77,3,3
28032,91,85,6,6
28033,91,83,8,8
28034,104,108,-4,4
28035,66,54,12,12
28036,90,83,7,7
28037,71,75,-4,4
28038,118,95,23,23
28039,87,87,0,0
28040,68,65,3,3
28041,114,110,4,4
28042,117,111,6,6
28043,130,112,18,18
28044,134,132,2,2
28045,125,115,10,10
28046,74,67,7,7
28047,88,78,10,10
28048,56,67,-11,11
28049,116,101,15,15
28050,145,130,15,15
28051,75,64,11,11
28052,71,80,-9,9
28053,50,52,-2,2
28054,97,91,6,6
28055,55,51,4,4
28056,52,49,3,3
28057,154,117,37,37
28058,132,112,20,20
28059,180,149,31,31
28060,68,66,2,2
28061,86,83,3,3
28062,147,136,11,11
28063,68,79,-11,11
28064,80,73,7,7
28065,98,85,13,13
28066,109,109,0,0
28067,88,84,4,4
28068,78,80,-2,2
28069,86,72,14,14
28070,42,44,-2,2
28071,74,81,-7,7
28072,137,123,14,14
28073,110,99,11,11
28074,76,81,-5,5
28075,64,63,1,1
28076,150,129,21,21
28077,116,97,19,19
28078,74,73,1,1
28079,69,64,5,5
28080,55,51,4,4
28081,114,114,0,0
28082,178,167,11,11
28083,78,71,7,7
28084,71,66,5,5
28085,80,82,-2,2
28086,119,121,-2,2
28087,59,61,-2,2
28088,75,65,10,10
28089,77,85,-8,8
28090,64,68,-4,4
28091,118,100,18,18
28092,141,128,13,13
28093,144,137,7,7
28094,118,107,11,11
28095,90,73,17,17
28096,96,90,6,6
28097,107,96,11,11
28098,141,138,3,3
28099,71,56,15,15
28100,94,81,13,13
28101,196,162,34,34
28102,93,95,-2,2
28103,122,98,24,24
28104,78,77,1,1
28105,83,95,-12,12
28106,84,74,10,10
28107,65,60,5,5
28108,165,152,13,13
28109,116,119,-3,3
28110,91,74,17,17
28111,69,61,8,8
28112,87,74,13,13
28113,94,93,1,1
28114,113,102,11,11
28115,169,156,13,13
28116,112,94,18,18
28117,85,84,1,1
28118,113,99,14,14
28119,145,123,22,22
28120,53,56,-3,3
28121,97,91,6,6
28122,102,101,1,1
28123,107,110,-3,3
28124,88,79,9,9
28125,76,72,4,4
28126,46,51,-5,5
28127,83,81,2,2
28128,99,87,12,12
28129,118,108,10,10
28130,85,73,12,12
28131,112,107,5,5
28132,120,100,20,20
28133,246,203,43,43
28134,124,105,19,19
28135,64,68,-4,4
28136,118,100,18,18
28137,118,104,14,14
28138,78,77,1,1
28139,74,76,-2,2
28140,86,78,8,8
28141,90,73,17,17
28142,132,132,0,0
28143,125,112,13,13
28144,70,66,4,4
28145,69,62,7,7
28146,119,106,13,13
28147,144,125,19,19
28148,172,149,23,23
28149,83,77,6,6
28150,99,84,15,15
28151,104,96,8,8
28152,127,112,15,15
28153,78,68,10,10
28154,110,92,18,18
28155,53,52,1,1
28156,79,83,-4,4
28157,47,41,6,6
28158,123,116,7,7
28159,132,122,10,10
28160,104,100,4,4
28161,127,114,13,13
28162,105,84,21,21
28163,65,69,-4,4
28164,100,95,5,5
28165,192,155,37,37
28166,61,84,-23,23
28167,106,104,2,2
28168,38,68,-30,30
28169,186,149,37,37
28170,166,139,27,27
28171,122,108,14,14
28172,141,129,12,12
28173,122,121,1,1
28174,39,60,-21,21
28175,117,110,7,7
28176,128,115,13,13
28177,148,131,17,17
28178,118,107,11,11
28179,96,89,7,7
28180,72,74,-2,2
28181,76,67,9,9
28182,63,59,4,4
28183,84,87,-3,3
28184,102,93,9,9
28185,75,70,5,5
28186,92,88,4,4
28187,69,67,2,2
28188,94,80,14,14
28189,70,64,6,6
28190,112,96,16,16
28191,87,72,15,15
28192,68,66,2,2
28193,123,126,-3,3
28194,81,66,15,15
28195,116,119,-3,3
28196,82,82,0,0
28197,149,123,26,26
28198,60,71,-11,11
28199,59,64,-5,5
28200,110,92,18,18
28201,89,117,-28,28
28202,114,107,7,7
28203,128,113,15,15
28204,57,61,-4,4
28205,77,78,-1,1
28206,85,80,5,5
28207,194,180,14,14
28208,72,84,-12,12
28209,75,77,-2,2
28210,57,79,-22,22
28211,165,141,24,24
28212,99,92,7,7
28213,84,79,5,5
28214,89,90,-1,1
28215,64,65,-1,1
28216,115,113,2,2
28217,81,81,0,0
28218,96,98,-2,2
28219,134,125,9,9
28220,74,67,7,7
28221,121,129,-8,8
28222,81,87,-6,6
28223,58,56,2,2
28224,77,65,12,12
28225,97,89,8,8
28226,66,61,5,5
28227,104,98,6,6
28228,112,106,6,6
28229,59,55,4,4
28230,151,128,23,23
28231,111,95,16,16
28232,133,120,13,13
28233,76,74,2,2
28234,93,91,2,2
28235,76,72,4,4
28236,85,76,9,9
28237,151,140,11,11
28238,76,76,0,0
28239,79,72,7,7
28240,172,169,3,3
28241,148,125,23,23
28242,89,84,5,5
28243,87,75,12,12
28244,128,116,12,12
28245,71,63,8,8
28246,72,64,8,8
28247,77,74,3,3
28248,100,89,11,11
28249,107,99,8,8
28250,86,80,6,6
28251,81,69,12,12
28252,93,86,7,7
28253,56,51,5,5
28254,138,122,16,16
28255,77,77,0,0
28256,175,155,20,20
28257,72,68,4,4
28258,93,86,7,7
28259,92,80,12,12
28260,104,110,-6,6
28261,132,104,28,28
28262,81,80,1,1
28263,71,72,-1,1
28264,140,133,7,7
28265,102,91,11,11
28266,53,53,0,0
28267,87,87,0,0
28268,147,131,16,16
28269,93,96,-3,3
28270,65,64,1,1
28271,154,133,21,21
28272,222,189,33,33
28273,107,92,15,15
28274,81,72,9,9
28275,59,61,-2,2
28276,63,60,3,3
28277,100,93,7,7
28278,89,76,13,13
28279,70,63,7,7
28280,90,86,4,4
28281,135,128,7,7
28282,112,100,12,12
28283,102,92,10,10
28284,126,119,7,7
28285,87,86,1,1
28286,98,88,10,10
28287,128,109,19,19
28288,54,55,-1,1
28289,88,84,4,4
28290,79,73,6,6
28291,177,151,26,26
28292,110,98,12,12
28293,68,72,-4,4
28294,126,117,9,9
28295,115,105,10,10
28296,105,105,0,0
28297,86,79,7,7
28298,66,93,-27,27
28299,65,59,6,6
28300,78,80,-2,2
28301,87,82,5,5
28302,108,100,8,8
28303,46,53,-7,7
28304,106,98,8,8
28305,127,112,15,15
28306,137,127,10,10
28307,84,73,11,11
28308,73,75,-2,2
28309,70,64,6,6
28310,76,68,8,8
28311,84,77,7,7
28312,125,92,33,33
28313,73,74,-1,1
28314,176,159,17,17
28315,97,85,12,12
28316,128,113,15,15
28317,74,71,3,3
28318,145,127,18,18
28319,93,89,4,4
28320,70,69,1,1
28321,67,75,-8,8
28322,84,79,5,5
28323,59,58,1,1
28324,92,86,6,6
28325,112,100,12,12
28326,51,51,0,0
28327,56,55,1,1
28328,92,86,6,6
28329,49,55,-6,6
28330,98,94,4,4
28331,71,72,-1,1
28332,72,70,2,2
28333,68,72,-4,4
28334,87,85,2,2
28335,121,107,14,14
28336,94,87,7,7
28337,76,80,-4,4
28338,112,101,11,11
28339,69,59,10,10
28340,113,103,10,10
28341,129,122,7,7
28342,105,102,3,3
28343,99,100,-1,1
28344,58,62,-4,4
28345,130,111,19,19
28346,85,78,7,7
28347,73,60,13,13
28348,56,50,6,6
28349,97,100,-3,3
28350,104,101,3,3
28351,73,74,-1,1
28352,111,96,15,15
28353,73,63,10,10
28354,98,82,16,16
28355,102,101,1,1
28356,80,72,8,8
28357,47,48,-1,1
28358,102,104,-2,2
28359,76,71,5,5
28360,69,75,-6,6
28361,85,82,3,3
28362,111,111,0,0
28363,34,32,2,2
28364,137,129,8,8
28365,79,74,5,5
28366,72,76,-4,4
28367,62,66,-4,4
28368,91,85,6,6
28369,82,78,4,4
28370,120,123,-3,3
28371,92,91,1,1
28372,110,105,5,5
28373,122,108,14,14
28374,119,106,13,13
28375,183,162,21,21
28376,61,64,-3,3
28377,97,83,14,14
28378,117,110,7,7
28379,71,69,2,2
28380,100,85,15,15
28381,119,104,15,15
28382,94,78,16,16
28383,94,92,2,2
28384,97,79,18,18
28385,62,52,10,10
28386,74,71,3,3
28387,104,101,3,3
28388,143,132,11,11
28389,74,74,0,0
28390,126,113,13,13
28391,64,67,-3,3
28392,97,84,13,13
28393,82,76,6,6
28394,56,62,-6,6
28395,98,98,0,0
28396,139,123,16,16
28397,102,100,2,2
28398,100,96,4,4
28399,115,93,22,22
28400,138,113,25,25
28401,39,43,-4,4
28402,132,121,11,11
28403,127,120,7,7
28404,98,83,15,15
28405,83,71,12,12
28406,106,103,3,3
28407,161,140,21,21
28408,77,63,14,14
28409,76,83,-7,7
28410,96,84,12,12
28411,107,102,5,5
28412,85,218,-133,133
28413,79,76,3,3
28414,102,92,10,10
28415,57,54,3,3
28416,79,77,2,2
28417,76,82,-6,6
28418,82,81,1,1
28419,56,55,1,1
28420,84,75,9,9
28421,110,96,14,14
28422,183,152,31,31
28423,118,116,2,2
28424,100,87,13,13
28425,109,92,17,17
28426,101,91,10,10
28427,57,61,-4,4
28428,89,100,-11,11
28429,148,124,24,24
28430,202,184,18,18
28431,137,134,3,3
28432,91,82,9,9
28433,112,103,9,9
28434,68,66,2,2
28435,83,77,6,6
28436,72,67,5,5
28437,79,74,5,5
28438,116,107,9,9
28439,54,56,-2,2
28440,87,84,3,3
28441,82,78,4,4
28442,104,93,11,11
28443,126,112,14,14
28444,106,102,4,4
28445,116,103,13,13
28446,91,90,1,1
28447,77,70,7,7
28448,123,133,-10,10
28449,145,127,18,18
28450,88,78,10,10
28451,95,101,-6,6
28452,79,81,-2,2
28453,91,92,-1,1
28454,133,115,18,18
28455,165,164,1,1
28456,61,57,4,4
28457,63,66,-3,3
28458,120,109,11,11
28459,54,49,5,5
28460,145,132,13,13
28461,130,119,11,11
28462,68,62,6,6
28463,55,54,1,1
28464,90,81,9,9
28465,102,87,15,15
28466,52,51,1,1
28467,102,96,6,6
28468,162,147,15,15
28469,85,87,-2,2
28470,81,79,2,2
28471,57,51,6,6
28472,82,75,7,7
28473,135,88,47,47
28474,43,50,-7,7
28475,82,72,10,10
28476,66,66,0,0
28477,102,92,10,10
28478,70,68,2,2
28479,151,132,19,19
28480,127,117,10,10
28481,77,58,19,19
28482,137,116,21,21
28483,83,73,10,10
28484,183,158,25,25
28485,43,38,5,5
28486,129,122,7,7
28487,58,55,3,3
28488,73,71,2,2
28489,67,57,10,10
28490,57,58,-1,1
28491,133,135,-2,2
28492,76,73,3,3
28493,87,82,5,5
28494,76,75,1,1
28495,99,83,16,16
28496,95,89,6,6
28497,56,60,-4,4
28498,146,127,19,19
28499,123,102,21,21
28500,93,107,-14,14
28501,71,66,5,5
28502,97,85,12,12
28503,122,104,18,18
28504,97,93,4,4
28505,86,77,9,9
28506,87,83,4,4
28507,134,113,21,21
28508,99,98,1,1
28509,135,122,13,13
28510,85,77,8,8
28511,132,121,11,11
28512,54,55,-1,1
28513,77,79,-2,2
28514,63,67,-4,4
28515,138,130,8,8
28516,58,57,1,1
28517,141,124,17,17
28518,161,145,16,16
28519,105,108,-3,3
28520,107,105,2,2
28521,153,148,5,5
28522,90,84,6,6
28523,147,136,11,11
28524,92,89,3,3
28525,34,31,3,3
28526,90,89,1,1
28527,50,55,-5,5
28528,83,74,9,9
28529,127,127,0,0
28530,59,52,7,7
28531,57,58,-1,1
28532,115,109,6,6
28533,91,91,0,0
28534,143,122,21,21
28535,119,104,15,15
28536,97,93,4,4
28537,155,136,19,19
28538,128,113,15,15
28539,67,65,2,2
28540,60,60,0,0
28541,103,90,13,13
28542,128,111,17,17
28543,100,89,11,11
28544,71,68,3,3
28545,85,80,5,5
28546,74,70,4,4
28547,172,135,37,37
28548,73,68,5,5
28549,51,53,-2,2
28550,76,74,2,2
28551,110,100,10,10
28552,125,103,22,22
28553,49,56,-7,7
28554,145,124,21,21
28555,81,73,8,8
28556,79,92,-13,13
28557,108,99,9,9
28558,95,86,9,9
28559,66,55,11,11
28560,78,73,5,5
28561,41,45,-4,4
28562,89,75,14,14
28563,60,60,0,0
28564,88,77,11,11
28565,54,60,-6,6
28566,112,96,16,16
28567,135,112,23,23
28568,123,111,12,12
28569,76,88,-12,12
28570,82,74,8,8
28571,38,42,-4,4
28572,51,51,0,0
28573,33,48,-15,15
28574,100,91,9,9
28575,64,69,-5,5
28576,98,94,4,4
28577,104,91,13,13
28578,108,102,6,6
28579,112,102,10,10
28580,54,55,-1,1
28581,75,72,3,3
28582,89,92,-3,3
28583,137,118,19,19
28584,66,57,9,9
28585,81,77,4,4
28586,91,89,2,2
28587,84,80,4,4
28588,52,52,0,0
28589,64,68,-4,4
28590,176,158,18,18
28591,59,59,0,0
28592,70,64,6,6
28593,69,63,6,6
28594,83,99,-16,16
28595,71,71,0,0
28596,61,62,-1,1
28597,65,62,3,3
28598,94,106,-12,12
28599,53,51,2,2
28600,66,58,8,8
28601,93,87,6,6
28602,66,62,4,4
28603,75,67,8,8
28604,96,95,1,1
28605,66,62,4,4
28606,158,117,41,41
28607,80,68,12,12
28608,67,62,5,5
28609,67,67,0,0
28610,79,76,3,3
28611,57,59,-2,2
28612,66,67,-1,1
28613,44,50,-6,6
28614,59,55,4,4
28615,150,128,22,22
28616,128,112,16,16
28617,74,71,3,3
28618,38,51,-13,13
28619,51,51,0,0
28620,123,115,8,8
28621,61,54,7,7
28622,77,62,15,15
28623,61,63,-2,2
28624,94,85,9,9
28625,104,102,2,2
28626,62,70,-8,8
28627,115,99,16,16
28628,122,99,23,23
28629,96,90,6,6
28630,84,78,6,6
28631,119,107,12,12
28632,99,89,10,10
28633,85,79,6,6
28634,118,102,16,16
28635,144,120,24,24
28636,54,55,-1,1
28637,152,127,25,25
28638,47,51,-4,4
28639,67,64,3,3
28640,81,76,5,5
28641,125,112,13,13
28642,104,91,13,13
28643,63,69,-6,6
28644,71,61,10,10
28645,56,61,-5,5
28646,144,131,13,13
28647,125,124,1,1
28648,64,56,8,8
28649,108,91,17,17
28650,87,75,12,12
28651,66,69,-3,3
28652,83,81,2,2
28653,102,93,9,9
28654,120,110,10,10
28655,114,106,8,8
28656,114,101,13,13
28657,148,135,13,13
28658,100,92,8,8
28659,76,69,7,7
28660,53,59,-6,6
28661,104,100,4,4
28662,101,98,3,3
28663,93,88,5,5
28664,50,54,-4,4
28665,47,50,-3,3
28666,137,122,15,15
28667,109,96,13,13
28668,83,90,-7,7
28669,32,31,1,1
28670,69,62,7,7
28671,92,83,9,9
28672,78,78,0,0
28673,96,104,-8,8
28674,92,80,12,12
28675,53,51,2,2
28676,144,130,14,14
28677,107,93,14,14
28678,112,100,12,12
28679,72,62,10,10
28680,108,94,14,14
28681,84,74,10,10
28682,54,55,-1,1
28683,82,106,-24,24
28684,98,82,16,16
28685,73,75,-2,2
28686,50,53,-3,3
28687,89,83,6,6
28688,66,61,5,5
28689,140,130,10,10
28690,97,89,8,8
28691,77,79,-2,2
28692,106,77,29,29
28693,73,71,2,2
28694,122,108,14,14
28695,80,76,4,4
28696,60,59,1,1
28697,90,78,12,12
28698,83,80,3,3
28699,86,83,3,3
28700,33,31,2,2
28701,134,119,15,15
28702,117,109,8,8
28703,60,57,3,3
28704,116,104,12,12
28705,110,110,0,0
28706,129,118,11,11
28707,88,81,7,7
28708,76,70,6,6
28709,171,155,16,16
28710,98,81,17,17
28711,100,88,12,12
28712,66,58,8,8
28713,140,120,20,20
28714,101,81,20,20
28715,61,55,6,6
28716,89,81,8,8
28717,93,89,4,4
28718,101,89,12,12
28719,63,69,-6,6
28720,85,82,3,3
28721,94,92,2,2
28722,114,123,-9,9
28723,104,101,3,3
28724,78,73,5,5
28725,108,116,-8,8
28726,57,55,2,2
28727,38,53,-15,15
28728,69,73,-4,4
28729,106,100,6,6
28730,77,71,6,6
28731,235,212,23,23
28732,98,94,4,4
28733,111,99,12,12
28734,70,83,-13,13
28735,102,91,11,11
28736,92,88,4,4
28737,67,70,-3,3
28738,83,83,0,0
28739,71,66,5,5
28740,92,69,23,23
28741,59,59,0,0
28742,90,84,6,6
28743,71,64,7,7
28744,52,55,-3,3
28745,109,87,22,22
28746,105,106,-1,1
28747,79,72,7,7
28748,81,72,9,9
28749,84,81,3,3
28750,80,68,12,12
28751,56,63,-7,7
28752,84,77,7,7
28753,44,50,-6,6
28754,85,80,5,5
28755,62,64,-2,2
28756,83,75,8,8
28757,59,72,-13,13
28758,92,82,10,10
28759,99,97,2,2
28760,131,137,-6,6
28761,58,58,0,0
28762,164,138,26,26
28763,132,108,24,24
28764,73,67,6,6
28765,82,77,5,5
28766,57,59,-2,2
28767,97,99,-2,2
28768,26,37,-11,11
28769,107,94,13,13
28770,88,78,10,10
28771,84,81,3,3
28772,82,82,0,0
28773,141,134,7,7
28774,78,72,6,6
28775,146,131,15,15
28776,84,74,10,10
28777,93,82,11,11
28778,74,71,3,3
28779,139,120,19,19
28780,125,116,9,9
28781,65,68,-3,3
28782,101,100,1,1
28783,114,116,-2,2
28784,54,58,-4,4
28785,99,87,12,12
28786,83,76,7,7
28787,128,112,16,16
28788,90,90,0,0
28789,77,72,5,5
28790,68,55,13,13
28791,78,85,-7,7
28792,76,72,4,4
28793,85,79,6,6
28794,106,100,6,6
28795,207,165,42,42
28796,105,97,8,8
28797,110,107,3,3
28798,86,76,10,10
28799,166,125,41,41
28800,118,108,10,10
28801,99,90,9,9
28802,80,82,-2,2
28803,27,44,-17,17
28804,125,103,22,22
28805,92,86,6,6
28806,85,75,10,10
28807,91,88,3,3
28808,61,55,6,6
28809,86,75,11,11
28810,50,51,-1,1
28811,101,96,5,5
28812,79,63,16,16
28813,82,93,-11,11
28814,63,54,9,9
28815,100,88,12,12
28816,103,81,22,22
28817,150,130,20,20
28818,86,72,14,14
28819,72,76,-4,4
28820,54,54,0,0
28821,136,127,9,9
28822,60,56,4,4
28823,118,105,13,13
28824,64,56,8,8
28825,78,70,8,8
28826,76,65,11,11
28827,145,129,16,16
28828,62,69,-7,7
28829,98,94,4,4
28830,100,94,6,6
28831,142,127,15,15
28832,77,82,-5,5
28833,81,87,-6,6
28834,79,75,4,4
28835,78,70,8,8
28836,84,84,0,0
28837,63,57,6,6
28838,94,87,7,7
28839,89,80,9,9
28840,78,75,3,3
28841,132,128,4,4
28842,151,131,20,20
28843,156,138,18,18
28844,41,53,-12,12
28845,106,99,7,7
28846,99,94,5,5
28847,42,49,-7,7
28848,79,70,9,9
28849,60,69,-9,9
28850,136,131,5,5
28851,130,120,10,10
28852,136,130,6,6
28853,81,70,11,11
28854,112,101,11,11
28855,60,60,0,0
28856,93,75,18,18
28857,103,102,1,1
28858,180,156,24,24
28859,93,86,7,7
28860,172,151,21,21
28861,95,102,-7,7
28862,79,83,-4,4
28863,55,58,-3,3
28864,105,99,6,6
28865,118,104,14,14
28866,111,99,12,12
28867,66,67,-1,1
28868,146,118,28,28
28869,81,103,-22,22
28870,75,68,7,7
28871,79,78,1,1
28872,64,62,2,2
28873,97,93,4,4
28874,103,94,9,9
28875,68,67,1,1
28876,74,76,-2,2
28877,80,68,12,12
28878,90,71,19,19
28879,59,51,8,8
28880,109,104,5,5
28881,90,82,8,8
28882,71,75,-4,4
28883,108,99,9,9
28884,83,73,10,10
28885,130,116,14,14
28886,85,83,2,2
28887,49,58,-9,9
28888,73,70,3,3
28889,104,98,6,6
28890,131,119,12,12
28891,69,68,1,1
28892,102,91,11,11
28893,74,71,3,3
28894,58,56,2,2
28895,167,143,24,24
28896,144,124,20,20
28897,108,105,3,3
28898,70,69,1,1
28899,84,80,4,4
28900,50,50,0,0
28901,68,67,1,1
28902,128,124,4,4
28903,106,105,1,1
28904,63,59,4,4
28905,61,85,-24,24
28906,82,74,8,8
28907,100,99,1,1
28908,92,86,6,6
28909,75,76,-1,1
28910,132,119,13,13
28911,85,89,-4,4
28912,183,159,24,24
28913,115,102,13,13
28914,125,112,13,13
28915,99,91,8,8
28916,102,95,7,7
28917,125,121,4,4
28918,75,71,4,4
28919,173,154,19,19
28920,66,67,-1,1
28921,90,77,13,13
28922,88,81,7,7
28923,124,113,11,11
28924,70,61,9,9
28925,93,82,11,11
28926,64,55,9,9
28927,60,51,9,9
28928,134,125,9,9
28929,104,91,13,13
28930,44,50,-6,6
28931,109,89,20,20
28932,68,62,6,6
28933,81,79,2,2
28934,103,97,6,6
28935,99,95,4,4
28936,80,75,5,5
28937,104,101,3,3
28938,67,68,-1,1
28939,126,112,14,14
28940,53,53,0,0
28941,135,119,16,16
28942,95,78,17,17
28943,95,95,0,0
28944,63,64,-1,1
28945,140,116,24,24
28946,71,77,-6,6
28947,79,73,6,6
28948,47,71,-24,24
28949,87,93,-6,6
28950,57,59,-2,2
28951,81,75,6,6
28952,53,52,1,1
28953,88,91,-3,3
28954,109,104,5,5
28955,85,82,3,3
28956,114,102,12,12
28957,81,77,4,4
28958,85,87,-2,2
28959,95,89,6,6
28960,61,68,-7,7
28961,65,62,3,3
28962,47,54,-7,7
28963,57,51,6,6
28964,66,74,-8,8
28965,86,85,1,1
28966,76,70,6,6
28967,143,121,22,22
28968,79,88,-9,9
28969,87,73,14,14
28970,99,91,8,8
28971,103,107,-4,4
28972,83,72,11,11
28973,116,107,9,9
28974,128,115,13,13
28975,159,144,15,15
28976,113,96,17,17
28977,124,112,12,12
28978,81,83,-2,2
28979,66,52,14,14
28980,82,62,20,20
28981,58,64,-6,6
28982,101,97,4,4
28983,67,74,-7,7
28984,97,80,17,17
28985,78,79,-1,1
28986,104,99,5,5
28987,117,109,8,8
28988,82,87,-5,5
28989,125,119,6,6
28990,152,137,15,15
28991,92,92,0,0
28992,128,111,17,17
28993,68,66,2,2
28994,101,89,12,12
28995,96,90,6,6
28996,98,92,6,6
28997,134,113,21,21
28998,106,104,2,2
28999,54,52,2,2
29000,88,90,-2,2
29001,66,58,8,8
29002,99,92,7,7
29003,82,82,0,0
29004,118,113,5,5
29005,66,61,5,5
29006,96,86,10,10
29007,139,127,12,12
29008,25,35,-10,10
29009,123,105,18,18
29010,130,116,14,14
29011,92,81,11,11
29012,80,68,12,12
29013,67,58,9,9
29014,71,66,5,5
29015,92,88,4,4
29016,113,97,16,16
29017,67,76,-9,9
29018,58,61,-3,3
29019,39,83,-44,44
29020,78,78,0,0
29021,113,93,20,20
29022,50,51,-1,1
29023,66,61,5,5
29024,88,82,6,6
29025,88,92,-4,4
29026,131,111,20,20
29027,64,75,-11,11
29028,91,83,8,8
29029,101,84,17,17
29030,110,97,13,13
29031,56,60,-4,4
29032,77,72,5,5
29033,129,116,13,13
29034,91,96,-5,5
29035,97,96,1,1
29036,98,92,6,6
29037,75,73,2,2
29038,109,86,23,23
29039,64,70,-6,6
29040,71,71,0,0
29041,54,53,1,1
29042,59,61,-2,2
29043,145,133,12,12
29044,86,73,13,13
29045,56,51,5,5
29046,79,82,-3,3
29047,114,108,6,6
29048,65,70,-5,5
29049,104,87,17,17
29050,61,67,-6,6
29051,155,142,13,13
29052,106,95,11,11
29053,48,63,-15,15
29054,173,134,39,39
29055,31,43,-12,12
29056,87,85,2,2
29057,147,132,15,15
29058,79,77,2,2
29059,92,98,-6,6
29060,100,84,16,16
29061,118,118,0,0
29062,83,77,6,6
29063,72,69,3,3
29064,101,88,13,13
29065,83,81,2,2
29066,94,89,5,5
29067,103,100,3,3
29068,73,69,4,4
29069,179,159,20,20
29070,115,97,18,18
29071,85,76,9,9
29072,101,92,9,9
29073,130,119,11,11
29074,155,150,5,5
29075,65,61,4,4
29076,116,111,5,5
29077,71,71,0,0
29078,78,80,-2,2
29079,129,119,10,10
29080,78,68,10,10
29081,141,120,21,21
29082,139,115,24,24
29083,90,81,9,9
29084,174,152,22,22
29085,92,85,7,7
29086,76,73,3,3
29087,40,46,-6,6
29088,36,33,3,3
29089,78,71,7,7
29090,89,87,2,2
29091,63,65,-2,2
29092,79,71,8,8
29093,127,106,21,21
29094,61,64,-3,3
29095,118,76,42,42
29096,112,94,18,18
29097,131,116,15,15
29098,78,73,5,5
29099,95,87,8,8
29100,75,70,5,5
29101,170,151,19,19
29102,97,94,3,3
29103,62,61,1,1
29104,130,113,17,17
29105,116,122,-6,6
29106,72,75,-3,3
29107,89,80,9,9
29108,95,93,2,2
29109,82,75,7,7
29110,54,58,-4,4
29111,102,94,8,8
29112,106,96,10,10
29113,138,121,17,17
29114,90,88,2,2
29115,53,63,-10,10
29116,111,91,20,20
29117,91,82,9,9
29118,84,84,0,0
29119,116,98,18,18
29120,119,106,13,13
29121,82,78,4,4
29122,102,90,12,12
29123,64,63,1,1
29124,40,52,-12,12
29125,104,100,4,4
29126,73,71,2,2
29127,92,84,8,8
29128,127,103,24,24
29129,155,137,18,18
29130,82,77,5,5
29131,86,85,1,1
29132,61,51,10,10
29133,136,116,20,20
29134,123,120,3,3
29135,40,51,-11,11
29136,103,89,14,14
29137,145,135,10,10
29138,92,92,0,0
29139,60,79,-19,19
29140,71,66,5,5
29141,63,62,1,1
29142,51,55,-4,4
29143,92,85,7,7
29144,48,51,-3,3
29145,66,52,14,14
29146,165,138,27,27
29147,114,100,14,14
29148,48,50,-2,2
29149,121,105,16,16
29150,134,120,14,14
29151,68,63,5,5
29152,34,50,-16,16
29153,68,61,7,7
29154,72,70,2,2
29155,63,61,2,2
29156,59,64,-5,5
29157,94,90,4,4
29158,59,54,5,5
29159,77,81,-4,4
29160,119,103,16,16
29161,134,124,10,10
29162,120,110,10,10
29163,90,80,10,10
29164,79,74,5,5
29165,70,67,3,3
29166,103,92,11,11
29167,111,91,20,20
29168,62,60,2,2
29169,139,113,26,26
29170,138,130,8,8
29171,213,196,17,17
29172,73,71,2,2
29173,116,107,9,9
29174,135,123,12,12
29175,77,69,8,8
29176,89,76,13,13
29177,40,38,2,2
29178,82,73,9,9
29179,101,100,1,1
29180,81,89,-8,8
29181,159,142,17,17
29182,89,87,2,2
29183,74,76,-2,2
29184,106,96,10,10
29185,53,59,-6,6
29186,98,110,-12,12
29187,96,88,8,8
29188,116,111,5,5
29189,68,67,1,1
29190,74,73,1,1
29191,167,155,12,12
29192,90,94,-4,4
29193,106,96,10,10
29194,62,54,8,8
29195,46,51,-5,5
29196,68,74,-6,6
29197,73,69,4,4
29198,78,72,6,6
29199,58,58,0,0
29200,129,116,13,13
29201,79,83,-4,4
29202,92,82,10,10
29203,34,47,-13,13
29204,81,53,28,28
29205,73,65,8,8
29206,171,155,16,16
29207,90,92,-2,2
29208,70,76,-6,6
29209,199,185,14,14
29210,68,60,8,8
29211,161,146,15,15
29212,46,45,1,1
29213,61,62,-1,1
29214,112,102,10,10
29215,133,112,21,21
29216,91,78,13,13
29217,80,84,-4,4
29218,160,122,38,38
29219,90,82,8,8
29220,103,87,16,16
29221,87,73,14,14
29222,148,127,21,21
29223,183,117,66,66
29224,87,79,8,8
29225,161,140,21,21
29226,80,72,8,8
29227,128,121,7,7
29228,123,110,13,13
29229,159,138,21,21
29230,48,47,1,1
29231,77,77,0,0
29232,87,80,7,7
29233,53,51,2,2
29234,118,106,12,12
29235,89,60,29,29
29236,76,71,5,5
29237,145,124,21,21
29238,125,103,22,22
29239,97,99,-2,2
29240,49,52,-3,3
29241,62,73,-11,11
29242,81,81,0,0
29243,136,127,9,9
29244,100,98,2,2
29245,187,183,4,4
29246,105,103,2,2
29247,176,149,27,27
29248,113,104,9,9
29249,115,112,3,3
29250,86,85,1,1
29251,120,102,18,18
29252,74,78,-4,4
29253,86,91,-5,5
29254,99,101,-2,2
29255,70,63,7,7
29256,109,105,4,4
29257,110,95,15,15
29258,102,95,7,7
29259,156,136,20,20
29260,107,104,3,3
29261,53,55,-2,2
29262,121,107,14,14
29263,97,91,6,6
29264,103,106,-3,3
29265,66,60,6,6
29266,108,117,-9,9
29267,59,62,-3,3
29268,64,68,-4,4
29269,70,68,2,2
29270,86,78,8,8
29271,118,102,16,16
29272,61,64,-3,3
29273,120,102,18,18
29274,112,100,12,12
29275,176,138,38,38
29276,61,60,1,1
29277,89,96,-7,7
29278,115,94,21,21
29279,112,95,17,17
29280,110,99,11,11
29281,92,86,6,6
29282,124,106,18,18
29283,60,57,3,3
29284,70,63,7,7
29285,98,84,14,14
29286,77,73,4,4
29287,60,55,5,5
29288,149,134,15,15
29289,135,122,13,13
29290,71,67,4,4
29291,47,53,-6,6
29292,141,116,25,25
29293,76,80,-4,4
29294,85,76,9,9
29295,66,65,1,1
29296,86,80,6,6
29297,144,127,17,17
29298,74,75,-1,1
29299,181,156,25,25
29300,79,78,1,1
29301,106,93,13,13
29302,138,119,19,19
29303,91,73,18,18
29304,76,71,5,5
29305,140,119,21,21
29306,77,74,3,3
29307,54,59,-5,5
29308,71,72,-1,1
29309,110,93,17,17
29310,90,79,11,11
29311,116,112,4,4
29312,83,77,6,6
29313,59,63,-4,4
29314,92,85,7,7
29315,144,124,20,20
29316,67,54,13,13
29317,105,94,11,11
29318,62,61,1,1
29319,136,118,18,18
29320,111,105,6,6
29321,64,68,-4,4
29322,73,58,15,15
29323,86,88,-2,2
29324,84,78,6,6
29325,74,74,0,0
29326,135,121,14,14
29327,119,104,15,15
29328,83,84,-1,1
29329,102,94,8,8
29330,84,86,-2,2
29331,66,108,-42,42
29332,47,47,0,0
29333,97,86,11,11
29334,106,96,10,10
29335,75,72,3,3
29336,108,108,0,0
29337,154,137,17,17
29338,91,81,10,10
29339,75,77,-2,2
29340,155,131,24,24
29341,75,81,-6,6
29342,211,175,36,36
29343,69,63,6,6
29344,52,52,0,0
29345,84,67,17,17
29346,89,85,4,4
29347,79,75,4,4
29348,78,76,2,2
29349,90,82,8,8
29350,305,250,55,55
29351,83,83,0,0
29352,193,175,18,18
29353,124,118,6,6
29354,46,46,0,0
29355,85,73,12,12
29356,84,83,1,1
29357,98,91,7,7
29358,72,71,1,1
29359,60,61,-1,1
29360,102,93,9,9
29361,92,84,8,8
29362,102,96,6,6
29363,74,80,-6,6
29364,114,98,16,16
29365,86,89,-3,3
29366,114,108,6,6
29367,151,148,3,3
29368,91,87,4,4
29369,78,66,12,12
29370,153,135,18,18
29371,80,85,-5,5
29372,108,103,5,5
29373,88,74,14,14
29374,153,129,24,24
29375,71,77,-6,6
29376,95,94,1,1
29377,127,112,15,15
29378,139,131,8,8
29379,46,50,-4,4
29380,124,113,11,11
29381,93,89,4,4
29382,114,98,16,16
29383,93,82,11,11
29384,67,61,6,6
29385,110,104,6,6
29386,63,62,1,1
29387,70,61,9,9
29388,87,79,8,8
29389,122,110,12,12
29390,107,105,2,2
29391,153,134,19,19
29392,94,89,5,5
29393,101,94,7,7
29394,78,77,1,1
29395,82,87,-5,5
29396,88,80,8,8
29397,94,80,14,14
29398,37,51,-14,14
29399,67,63,4,4
29400,85,79,6,6
29401,105,86,19,19
29402,40,53,-13,13
29403,194,160,34,34
29404,123,115,8,8
29405,87,76,11,11
29406,102,91,11,11
29407,145,123,22,22
29408,68,65,3,3
29409,159,128,31,31
29410,82,79,3,3
29411,83,68,15,15
29412,82,76,6,6
29413,69,62,7,7
29414,103,94,9,9
29415,105,97,8,8
29416,100,105,-5,5
29417,55,51,4,4
29418,80,76,4,4
29419,73,75,-2,2
29420,51,42,9,9
29421,124,110,14,14
29422,52,51,1,1
29423,115,125,-10,10
29424,116,101,15,15
29425,101,96,5,5
29426,63,50,13,13
29427,52,56,-4,4
29428,84,73,11,11
29429,142,129,13,13
29430,71,73,-2,2
29431,82,88,-6,6
29432,85,88,-3,3
29433,74,70,4,4
29434,61,51,10,10
29435,107,103,4,4
29436,98,93,5,5
29437,80,77,3,3
29438,69,73,-4,4
29439,64,63,1,1
29440,137,118,19,19
29441,77,70,7,7
29442,94,99,-5,5
29443,86,79,7,7
29444,60,62,-2,2
29445,54,64,-10,10
29446,62,61,1,1
29447,86,83,3,3
29448,60,57,3,3
29449,64,63,1,1
29450,91,88,3,3
29451,71,64,7,7
29452,78,83,-5,5
29453,104,92,12,12
29454,103,99,4,4
29455,167,157,10,10
29456,129,105,24,24
29457,125,131,-6,6
29458,108,106,2,2
29459,77,75,2,2
29460,121,116,5,5
29461,77,71,6,6
29462,61,66,-5,5
29463,67,64,3,3
29464,96,85,11,11
29465,113,116,-3,3
29466,70,67,3,3
29467,79,68,11,11
29468,91,89,2,2
29469,86,89,-3,3
29470,74,69,5,5
29471,78,79,-1,1
29472,117,95,22,22
29473,82,69,13,13
29474,79,77,2,2
29475,138,138,0,0
29476,92,80,12,12
29477,69,64,5,5
29478,81,85,-4,4
29479,73,74,-1,1
29480,100,96,4,4
29481,51,49,2,2
29482,60,60,0,0
29483,109,95,14,14
29484,131,120,11,11
29485,71,74,-3,3
29486,77,78,-1,1
29487,97,100,-3,3
29488,69,65,4,4
29489,124,110,14,14
29490,69,64,5,5
29491,131,116,15,15
29492,87,86,1,1
29493,178,163,15,15
29494,111,103,8,8
29495,122,100,22,22
29496,155,133,22,22
29497,136,105,31,31
29498,113,114,-1,1
29499,64,65,-1,1
29500,111,99,12,12
29501,94,88,6,6
29502,58,60,-2,2
29503,89,76,13,13
29504,82,76,6,6
29505,87,90,-3,3
29506,50,59,-9,9
29507,79,71,8,8
29508,140,116,24,24
29509,134,189,-55,55
29510,119,104,15,15
29511,140,131,9,9
29512,119,110,9,9
29513,52,52,0,0
29514,124,122,2,2
29515,131,98,33,33
29516,45,51,-6,6
29517,70,64,6,6
29518,99,94,5,5
29519,82,75,7,7
29520,73,67,6,6
29521,120,120,0,0
29522,107,103,4,4
29523,88,83,5,5
29524,82,76,6,6
29525,59,55,4,4
29526,90,91,-1,1
29527,56,61,-5,5
29528,113,106,7,7
29529,78,66,12,12
29530,61,66,-5,5
29531,89,83,6,6
29532,44,51,-7,7
29533,62,58,4,4
29534,111,105,6,6
29535,75,72,3,3
29536,74,70,4,4
29537,79,69,10,10
29538,89,86,3,3
29539,94,88,6,6
29540,116,103,13,13
29541,120,104,16,16
29542,180,155,25,25
29543,48,46,2,2
29544,85,79,6,6
29545,112,97,15,15
29546,114,97,17,17
29547,78,75,3,3
29548,111,116,-5,5
29549,71,69,2,2
29550,64,66,-2,2
29551,47,44,3,3
29552,85,84,1,1
29553,90,90,0,0
29554,137,113,24,24
29555,138,128,10,10
29556,64,56,8,8
29557,78,72,6,6
29558,42,38,4,4
29559,98,89,9,9
29560,59,51,8,8
29561,76,81,-5,5
29562,106,94,12,12
29563,33,31,2,2
29564,121,113,8,8
29565,108,91,17,17
29566,76,76,0,0
29567,64,58,6,6
29568,73,61,12,12
29569,112,101,11,11
29570,105,92,13,13
29571,59,66,-7,7
29572,205,164,41,41
29573,78,80,-2,2
29574,79,81,-2,2
29575,123,112,11,11
29576,83,79,4,4
29577,115,107,8,8
29578,75,72,3,3
29579,86,85,1,1
29580,111,115,-4,4
29581,82,102,-20,20
29582,157,142,15,15
29583,58,55,3,3
29584,101,92,9,9
29585,99,92,7,7
29586,96,90,6,6
29587,133,131,2,2
29588,93,88,5,5
29589,79,70,9,9
29590,87,69,18,18
29591,101,99,2,2
29592,73,70,3,3
29593,76,71,5,5
29594,110,92,18,18
29595,100,92,8,8
29596,87,82,5,5
29597,126,120,6,6
29598,81,70,11,11
29599,70,75,-5,5
29600,139,130,9,9
29601,74,70,4,4
29602,147,117,30,30
29603,92,80,12,12
29604,133,106,27,27
29605,87,81,6,6
29606,96,94,2,2
29607,70,94,-24,24
29608,75,77,-2,2
29609,121,106,15,15
29610,88,82,6,6
29611,96,94,2,2
29612,196,128,68,68
29613,90,89,1,1
29614,110,99,11,11
29615,59,56,3,3
29616,131,118,13,13
29617,56,53,3,3
29618,98,98,0,0
29619,94,82,12,12
29620,73,76,-3,3
29621,52,49,3,3
29622,97,83,14,14
29623,119,107,12,12
29624,94,78,16,16
29625,144,127,17,17
29626,128,115,13,13
29627,81,72,9,9
29628,101,87,14,14
29629,138,121,17,17
29630,68,63,5,5
29631,124,99,25,25
29632,61,73,-12,12
29633,118,99,19,19
29634,69,70,-1,1
29635,84,79,5,5
29636,175,147,28,28
29637,54,53,1,1
29638,72,79,-7,7
29639,82,71,11,11
29640,102,87,15,15
29641,107,98,9,9
29642,110,101,9,9
29643,128,117,11,11
29644,132,125,7,7
29645,80,74,6,6
29646,60,61,-1,1
29647,54,52,2,2
29648,89,87,2,2
29649,90,90,0,0
29650,62,75,-13,13
29651,64,78,-14,14
29652,74,66,8,8
29653,123,191,-68,68
29654,77,72,5,5
29655,79,72,7,7
29656,88,84,4,4
29657,77,80,-3,3
29658,96,94,2,2
29659,80,76,4,4
29660,104,96,8,8
29661,46,50,-4,4
29662,70,74,-4,4
29663,93,95,-2,2
29664,103,92,11,11
29665,117,101,16,16
29666,80,78,2,2
29667,93,87,6,6
29668,88,86,2,2
29669,101,89,12,12
29670,69,67,2,2
29671,97,90,7,7
29672,56,57,-1,1
29673,101,90,11,11
29674,122,108,14,14
29675,95,93,2,2
29676,113,102,11,11
29677,150,129,21,21
29678,164,152,12,12
29679,87,82,5,5
29680,128,114,14,14
29681,66,67,-1,1
29682,68,56,12,12
29683,120,106,14,14
29684,151,139,12,12
29685,72,64,8,8
29686,89,90,-1,1
29687,231,204,27,27
29688,49,58,-9,9
29689,68,63,5,5
29690,81,74,7,7
29691,96,91,5,5
29692,123,103,20,20
29693,88,81,7,7
29694,188,166,22,22
29695,78,67,11,11
29696,78,74,4,4
29697,105,101,4,4
29698,102,92,10,10
29699,74,79,-5,5
29700,74,75,-1,1
29701,63,59,4,4
29702,106,96,10,10
29703,90,78,12,12
29704,100,92,8,8
29705,106,94,12,12
29706,74,72,2,2
29707,75,75,0,0
29708,119,121,-2,2
29709,115,106,9,9
29710,125,105,20,20
29711,106,96,10,10
29712,113,106,7,7
29713,81,74,7,7
29714,84,74,10,10
29715,79,85,-6,6
29716,129,111,18,18
29717,55,53,2,2
29718,99,95,4,4
29719,88,87,1,1
29720,129,103,26,26
29721,92,87,5,5
29722,113,107,6,6
29723,67,64,3,3
29724,96,103,-7,7
29725,64,69,-5,5
29726,132,134,-2,2
29727,172,145,27,27
29728,104,99,5,5
29729,83,72,11,11
29730,70,78,-8,8
29731,104,96,8,8
29732,78,67,11,11
29733,66,79,-13,13
29734,81,76,5,5
29735,63,66,-3,3
29736,74,76,-2,2
29737,109,87,22,22
29738,70,66,4,4
29739,91,77,14,14
29740,95,90,5,5
29741,76,76,0,0
29742,68,65,3,3
29743,92,84,8,8
29744,65,63,2,2
29745,36,40,-4,4
29746,105,99,6,6
29747,110,100,10,10
29748,121,107,14,14
29749,49,45,4,4
29750,98,80,18,18
29751,117,101,16,16
29752,52,95,-43,43
29753,84,81,3,3
29754,148,131,17,17
29755,63,60,3,3
29756,63,68,-5,5
29757,92,89,3,3
29758,85,77,8,8
29759,93,84,9,9
29760,88,70,18,18
29761,80,76,4,4
29762,83,80,3,3
29763,61,66,-5,5
29764,76,70,6,6
29765,81,82,-1,1
29766,75,63,12,12
29767,61,54,7,7
29768,110,101,9,9
29769,91,80,11,11
29770,63,55,8,8
29771,126,118,8,8
29772,102,87,15,15
29773,102,91,11,11
29774,107,94,13,13
29775,49,51,-2,2
29776,71,73,-2,2
29777,70,82,-12,12
29778,94,92,2,2
29779,201,174,27,27
29780,80,80,0,0
29781,62,58,4,4
29782,97,90,7,7
29783,77,74,3,3
29784,74,87,-13,13
29785,55,58,-3,3
29786,88,80,8,8
29787,27,44,-17,17
29788,64,61,3,3
29789,95,101,-6,6
29790,74,72,2,2
29791,99,98,1,1
29792,68,64,4,4
29793,65,64,1,1
29794,97,95,2,2
29795,73,70,3,3
29796,88,93,-5,5
29797,121,119,2,2
29798,102,90,12,12
29799,101,98,3,3
29800,78,80,-2,2
29801,156,133,23,23
29802,76,79,-3,3
29803,66,61,5,5
29804,91,94,-3,3
29805,82,72,10,10
29806,150,136,14,14
29807,46,50,-4,4
29808,164,149,15,15
29809,134,120,14,14
29810,124,112,12,12
29811,75,73,2,2
29812,64,68,-4,4
29813,207,177,30,30
29814,125,120,5,5
29815,143,118,25,25
29816,79,70,9,9
29817,62,62,0,0
29818,149,141,8,8
29819,136,120,16,16
29820,48,49,-1,1
29821,117,100,17,17
29822,50,52,-2,2
29823,88,79,9,9
29824,62,61,1,1
29825,37,42,-5,5
29826,142,118,24,24
29827,59,57,2,2
29828,123,109,14,14
29829,78,71,7,7
29830,117,103,14,14
29831,84,84,0,0
29832,191,163,28,28
29833,176,148,28,28
29834,68,54,14,14
29835,58,54,4,4
29836,74,69,5,5
29837,166,149,17,17
29838,178,156,22,22
29839,102,97,5,5
29840,106,92,14,14
29841,121,116,5,5
29842,157,141,16,16
29843,60,56,4,4
29844,116,104,12,12
29845,133,123,10,10
29846,50,51,-1,1
29847,90,86,4,4
29848,138,118,20,20
29849,216,191,25,25
29850,114,105,9,9
29851,107,101,6,6
29852,68,58,10,10
29853,52,60,-8,8
29854,139,121,18,18
29855,98,84,14,14
29856,143,126,17,17
29857,97,83,14,14
29858,80,80,0,0
29859,60,54,6,6
29860,104,97,7,7
29861,102,98,4,4
29862,155,140,15,15
29863,157,133,24,24
29864,122,99,23,23
29865,89,82,7,7
29866,68,66,2,2
29867,68,66,2,2
29868,102,100,2,2
29869,107,105,2,2
29870,62,56,6,6
29871,145,140,5,5
29872,92,84,8,8
29873,113,99,14,14
29874,72,64,8,8
29875,67,64,3,3
29876,86,79,7,7
29877,78,76,2,2
29878,94,91,3,3
29879,103,85,18,18
29880,145,141,4,4
29881,74,76,-2,2
29882,128,125,3,3
29883,146,112,34,34
29884,54,51,3,3
29885,162,139,23,23
29886,150,139,11,11
29887,57,60,-3,3
29888,118,111,7,7
29889,37,41,-4,4
29890,121,103,18,18
29891,130,110,20,20
29892,62,63,-1,1
29893,66,66,0,0
29894,119,94,25,25
29895,120,102,18,18
29896,100,101,-1,1
29897,121,119,2,2
29898,85,88,-3,3
29899,99,89,10,10
29900,63,64,-1,1
29901,98,82,16,16
29902,62,58,4,4
29903,78,73,5,5
29904,61,60,1,1
29905,110,94,16,16
29906,90,84,6,6
29907,125,94,31,31
29908,59,53,6,6
29909,83,73,10,10
29910,103,106,-3,3
29911,66,63,3,3
29912,131,123,8,8
29913,72,74,-2,2
29914,56,57,-1,1
29915,110,105,5,5
29916,72,73,-1,1
29917,120,115,5,5
29918,82,80,2,2
29919,79,78,1,1
29920,169,150,19,19
29921,140,136,4,4
29922,139,122,17,17
29923,53,60,-7,7
29924,93,96,-3,3
29925,95,83,12,12
29926,91,82,9,9
29927,96,85,11,11
29928,115,106,9,9
29929,80,70,10,10
29930,61,57,4,4
29931,125,122,3,3
29932,79,70,9,9
29933,113,100,13,13
29934,113,110,3,3
29935,79,77,2,2
29936,143,122,21,21
29937,69,80,-11,11
29938,71,88,-17,17
29939,67,65,2,2
29940,53,51,2,2
29941,132,131,1,1
29942,129,114,15,15
29943,85,79,6,6
29944,107,102,5,5
29945,143,127,16,16
29946,57,50,7,7
29947,99,91,8,8
29948,54,59,-5,5
29949,102,101,1,1
29950,64,62,2,2
29951,86,92,-6,6
29952,88,78,10,10
29953,170,140,30,30
29954,71,72,-1,1
29955,127,117,10,10
29956,61,60,1,1
29957,63,64,-1,1
29958,46,50,-4,4
29959,78,71,7,7
29960,85,87,-2,2
29961,86,72,14,14
29962,91,82,9,9
29963,75,66,9,9
29964,75,70,5,5
29965,73,93,-20,20
29966,74,70,4,4
29967,69,71,-2,2
29968,77,66,11,11
29969,119,112,7,7
29970,77,84,-7,7
29971,143,129,14,14
29972,132,124,8,8
29973,89,87,2,2
29974,60,55,5,5
29975,131,126,5,5
29976,83,73,10,10
29977,80,71,9,9
29978,92,80,12,12
29979,187,171,16,16
29980,128,118,10,10
29981,151,131,20,20
29982,44,43,1,1
29983,83,79,4,4
29984,78,69,9,9
29985,81,77,4,4
29986,73,70,3,3
29987,138,131,7,7
29988,45,48,-3,3
29989,58,58,0,0
29990,105,99,6,6
29991,103,95,8,8
29992,91,84,7,7
29993,48,51,-3,3
29994,74,77,-3,3
29995,104,86,18,18
29996,69,68,1,1
29997,62,64,-2,2
29998,140,145,-5,5
29999,129,140,-11,11
30000,98,89,9,9
30001,99,90,9,9
30002,71,64,7,7
30003,149,146,3,3
30004,101,97,4,4
30005,114,114,0,0
30006,181,160,21,21
30007,112,111,1,1
30008,112,103,9,9
30009,95,89,6,6
30010,133,121,12,12
30011,168,140,28,28
30012,24,44,-20,20
30013,119,105,14,14
30014,102,92,10,10
30015,84,77,7,7
30016,134,118,16,16
30017,69,62,7,7
30018,66,58,8,8
30019,74,64,10,10
30020,113,103,10,10
30021,64,66,-2,2
30022,79,75,4,4
30023,103,83,20,20
30024,107,99,8,8
30025,66,71,-5,5
30026,88,82,6,6
30027,158,149,9,9
30028,123,103,20,20
30029,73,76,-3,3
30030,105,97,8,8
30031,65,65,0,0
30032,119,114,5,5
30033,68,64,4,4
30034,64,62,2,2
30035,74,71,3,3
30036,23,31,-8,8
30037,97,89,8,8
30038,124,111,13,13
30039,72,70,2,2
30040,132,119,13,13
30041,42,51,-9,9
30042,121,105,16,16
30043,89,79,10,10
30044,113,99,14,14
30045,114,101,13,13
30046,57,52,5,5
30047,63,60,3,3
30048,121,112,9,9
30049,144,126,18,18
30050,118,108,10,10
30051,64,61,3,3
30052,121,110,11,11
30053,135,119,16,16
30054,80,80,0,0
30055,110,98,12,12
30056,100,92,8,8
30057,94,95,-1,1
30058,83,76,7,7
30059,87,86,1,1
30060,67,65,2,2
30061,95,96,-1,1
30062,88,78,10,10
30063,93,89,4,4
30064,91,74,17,17
30065,133,114,19,19
30066,77,91,-14,14
30067,106,104,2,2
30068,53,59,-6,6
30069,89,86,3,3
30070,154,121,33,33
30071,98,98,0,0
30072,54,54,0,0
30073,79,77,2,2
30074,115,103,12,12
30075,135,124,11,11
30076,81,75,6,6
30077,56,58,-2,2
30078,54,63,-9,9
30079,73,61,12,12
30080,80,79,1,1
30081,114,102,12,12
30082,170,159,11,11
30083,124,110,14,14
30084,63,60,3,3
30085,93,99,-6,6
30086,77,70,7,7
30087,178,157,21,21
30088,67,63,4,4
30089,72,58,14,14
30090,60,57,3,3
30091,64,62,2,2
30092,85,78,7,7
30093,158,139,19,19
30094,124,104,20,20
30095,70,109,-39,39
30096,61,65,-4,4
30097,110,111,-1,1
30098,94,96,-2,2
30099,161,140,21,21
30100,98,94,4,4
30101,165,142,23,23
30102,82,81,1,1
30103,102,102,0,0
30104,105,96,9,9
30105,85,92,-7,7
30106,106,104,2,2
30107,91,74,17,17
30108,86,85,1,1
30109,44,44,0,0
30110,96,96,0,0
30111,114,102,12,12
30112,83,81,2,2
30113,24,31,-7,7
30114,75,76,-1,1
30115,140,137,3,3
30116,46,48,-2,2
30117,80,75,5,5
30118,82,94,-12,12
30119,125,110,15,15
30120,56,56,0,0
30121,76,73,3,3
30122,44,44,0,0
30123,102,88,14,14
30124,146,132,14,14
30125,46,46,0,0
30126,80,79,1,1
30127,117,116,1,1
30128,85,72,13,13
30129,60,55,5,5
30130,81,85,-4,4
30131,42,37,5,5
30132,79,84,-5,5
30133,98,85,13,13
30134,110,100,10,10
30135,74,67,7,7
30136,54,53,1,1
30137,113,110,3,3
30138,78,85,-7,7
30139,52,50,2,2
30140,449,414,35,35
30141,121,111,10,10
30142,68,61,7,7
30143,35,37,-2,2
30144,36,36,0,0
30145,81,83,-2,2
30146,155,139,16,16
30147,207,171,36,36
30148,105,102,3,3
30149,66,70,-4,4
30150,105,85,20,20
30151,63,56,7,7
30152,97,88,9,9
30153,114,98,16,16
30154,69,66,3,3
30155,181,165,16,16
30156,58,62,-4,4
30157,56,61,-5,5
30158,41,42,-1,1
30159,61,63,-2,2
30160,108,107,1,1
30161,113,99,14,14
30162,46,40,6,6
30163,85,76,9,9
30164,109,104,5,5
30165,144,134,10,10
30166,45,76,-31,31
30167,56,51,5,5
30168,71,63,8,8
30169,83,72,11,11
30170,72,71,1,1
30171,92,79,13,13
30172,97,106,-9,9
30173,52,54,-2,2
30174,135,129,6,6
30175,69,68,1,1
30176,88,86,2,2
30177,79,72,7,7
30178,74,71,3,3
30179,74,74,0,0
30180,102,101,1,1
30181,154,131,23,23
30182,225,194,31,31
30183,98,98,0,0
30184,77,75,2,2
30185,164,136,28,28
30186,144,104,40,40
30187,75,68,7,7
30188,142,138,4,4
30189,115,107,8,8
30190,81,76,5,5
30191,103,99,4,4
30192,94,96,-2,2
30193,76,86,-10,10
30194,50,56,-6,6
30195,108,111,-3,3
30196,146,128,18,18
30197,90,86,4,4
30198,129,116,13,13
30199,74,80,-6,6
30200,105,94,11,11
30201,91,84,7,7
30202,121,117,4,4
30203,109,88,21,21
30204,85,94,-9,9
30205,111,109,2,2
30206,136,121,15,15
30207,74,68,6,6
30208,89,93,-4,4
30209,102,94,8,8
30210,63,55,8,8
30211,113,107,6,6
30212,92,75,17,17
30213,87,87,0,0
30214,98,89,9,9
30215,111,104,7,7
30216,116,101,15,15
30217,133,125,8,8
30218,160,139,21,21
30219,86,80,6,6
30220,132,122,10,10
30221,110,101,9,9
30222,53,53,0,0
30223,95,88,7,7
30224,88,81,7,7
30225,56,54,2,2
30226,75,73,2,2
30227,76,73,3,3
30228,47,49,-2,2
30229,96,85,11,11
30230,39,58,-19,19
30231,159,129,30,30
30232,61,62,-1,1
30233,53,51,2,2
30234,84,81,3,3
30235,85,77,8,8
30236,82,83,-1,1
30237,88,88,0,0
30238,87,73,14,14
30239,111,102,9,9
30240,161,138,23,23
30241,131,124,7,7
30242,89,77,12,12
30243,156,142,14,14
30244,61,59,2,2
30245,94,94,0,0
30246,102,82,20,20
30247,167,159,8,8
30248,182,157,25,25
30249,59,51,8,8
30250,162,135,27,27
30251,132,118,14,14
30252,66,60,6,6
30253,88,82,6,6
30254,106,84,22,22
30255,59,61,-2,2
30256,86,85,1,1
30257,45,51,-6,6
30258,42,51,-9,9
30259,54,51,3,3
30260,79,77,2,2
30261,139,133,6,6
30262,98,96,2,2
30263,113,104,9,9
30264,87,81,6,6
30265,55,58,-3,3
30266,47,50,-3,3
30267,93,94,-1,1
30268,55,55,0,0
30269,113,130,-17,17
30270,87,75,12,12
30271,138,130,8,8
30272,106,90,16,16
30273,76,74,2,2
30274,89,81,8,8
30275,90,79,11,11
30276,119,107,12,12
30277,106,98,8,8
30278,89,80,9,9
30279,80,78,2,2
30280,77,75,2,2
30281,138,115,23,23
30282,99,88,11,11
30283,70,73,-3,3
30284,107,100,7,7
30285,64,64,0,0
30286,123,113,10,10
30287,75,75,0,0
30288,46,51,-5,5
30289,94,89,5,5
30290,68,63,5,5
30291,116,114,2,2
30292,68,75,-7,7
30293,42,33,9,9
30294,74,62,12,12
30295,102,97,5,5
30296,111,99,12,12
30297,102,101,1,1
30298,155,163,-8,8
30299,97,94,3,3
30300,75,70,5,5
30301,158,155,3,3
30302,66,54,12,12
30303,72,68,4,4
30304,197,153,44,44
30305,133,106,27,27
30306,103,103,0,0
30307,119,106,13,13
30308,88,88,0,0
30309,56,61,-5,5
30310,59,64,-5,5
30311,73,82,-9,9
30312,100,89,11,11
30313,83,71,12,12
30314,104,95,9,9
30315,91,92,-1,1
30316,86,82,4,4
30317,62,56,6,6
30318,90,95,-5,5
30319,79,74,5,5
30320,127,117,10,10
30321,108,109,-1,1
30322,38,59,-21,21
30323,63,69,-6,6
30324,55,55,0,0
30325,111,89,22,22
30326,53,57,-4,4
30327,77,71,6,6
30328,143,134,9,9
30329,136,119,17,17
30330,47,55,-8,8
30331,85,76,9,9
30332,96,87,9,9
30333,87,78,9,9
30334,87,80,7,7
30335,144,121,23,23
30336,105,92,13,13
30337,96,98,-2,2
30338,78,77,1,1
30339,140,142,-2,2
30340,69,64,5,5
30341,41,47,-6,6
30342,73,77,-4,4
30343,75,72,3,3
30344,54,59,-5,5
30345,71,69,2,2
30346,92,90,2,2
30347,78,72,6,6
30348,106,97,9,9
30349,77,78,-1,1
30350,74,73,1,1
30351,59,56,3,3
30352,94,100,-6,6
30353,86,77,9,9
30354,102,103,-1,1
30355,87,88,-1,1
30356,121,112,9,9
30357,75,66,9,9
30358,108,98,10,10
30359,174,146,28,28
30360,119,107,12,12
30361,84,82,2,2
30362,98,90,8,8
30363,84,84,0,0
30364,89,78,11,11
30365,87,74,13,13
30366,43,51,-8,8
30367,95,95,0,0
30368,62,63,-1,1
30369,97,97,0,0
30370,110,99,11,11
30371,102,101,1,1
30372,95,92,3,3
30373,84,84,0,0
30374,88,85,3,3
30375,101,93,8,8
30376,154,144,10,10
30377,159,137,22,22
30378,103,91,12,12
30379,75,72,3,3
30380,119,100,19,19
30381,27,31,-4,4
30382,77,78,-1,1
30383,169,138,31,31
30384,151,142,9,9
30385,72,59,13,13
30386,145,117,28,28
30387,62,66,-4,4
30388,52,68,-16,16
30389,69,74,-5,5
30390,74,70,4,4
30391,102,78,24,24
30392,91,90,1,1
30393,93,85,8,8
30394,81,77,4,4
30395,137,122,15,15
30396,157,145,12,12
30397,48,50,-2,2
30398,122,115,7,7
30399,64,64,0,0
30400,175,153,22,22
30401,74,59,15,15
30402,47,50,-3,3
30403,103,93,10,10
30404,88,89,-1,1
30405,64,71,-7,7
30406,94,87,7,7
30407,111,100,11,11
30408,209,171,38,38
30409,80,73,7,7
30410,108,104,4,4
30411,103,93,10,10
30412,93,110,-17,17
30413,86,85,1,1
30414,105,94,11,11
30415,110,99,11,11
30416,82,80,2,2
30417,69,64,5,5
30418,43,41,2,2
30419,74,75,-1,1
30420,131,108,23,23
30421,137,126,11,11
30422,110,113,-3,3
30423,61,61,0,0
30424,90,83,7,7
30425,78,69,9,9
30426,82,80,2,2
30427,82,81,1,1
30428,66,61,5,5
30429,136,128,8,8
30430,112,96,16,16
30431,71,70,1,1
30432,114,106,8,8
30433,105,141,-36,36
30434,93,77,16,16
30435,122,118,4,4
30436,167,156,11,11
30437,67,61,6,6
30438,62,73,-11,11
30439,116,102,14,14
30440,120,99,21,21
30441,126,113,13,13
30442,110,98,12,12
30443,85,83,2,2
30444,124,104,20,20
30445,129,123,6,6
30446,99,107,-8,8
30447,172,151,21,21
30448,76,75,1,1
30449,64,61,3,3
30450,138,117,21,21
30451,59,58,1,1
30452,123,108,15,15
30453,140,100,40,40
30454,67,67,0,0
30455,211,180,31,31
30456,155,133,22,22
30457,84,91,-7,7
30458,125,117,8,8
30459,72,67,5,5
30460,121,117,4,4
30461,121,117,4,4
30462,141,134,7,7
30463,67,65,2,2
30464,73,94,-21,21
30465,107,103,4,4
30466,72,64,8,8
30467,65,65,0,0
30468,82,75,7,7
30469,87,75,12,12
30470,87,77,10,10
30471,52,53,-1,1
30472,84,74,10,10
30473,81,75,6,6
30474,75,74,1,1
30475,126,118,8,8
30476,45,48,-3,3
30477,48,53,-5,5
30478,77,74,3,3
30479,150,122,28,28
30480,100,92,8,8
30481,128,127,1,1
30482,86,80,6,6
30483,72,61,11,11
30484,108,99,9,9
30485,61,41,20,20
30486,121,115,6,6
30487,132,123,9,9
30488,112,108,4,4
30489,148,132,16,16
30490,89,95,-6,6
30491,47,55,-8,8
30492,75,72,3,3
30493,113,116,-3,3
30494,82,86,-4,4
30495,82,77,5,5
30496,155,132,23,23
30497,114,104,10,10
30498,85,88,-3,3
30499,97,94,3,3
30500,117,99,18,18
30501,57,58,-1,1
30502,121,111,10,10
30503,50,51,-1,1
30504,32,36,-4,4
30505,126,115,11,11
30506,85,80,5,5
30507,45,55,-10,10
30508,105,93,12,12
30509,84,84,0,0
30510,99,85,14,14
30511,129,93,36,36
30512,115,104,11,11
30513,127,120,7,7
30514,42,62,-20,20
30515,86,88,-2,2
30516,106,98,8,8
30517,108,97,11,11
30518,143,130,13,13
30519,98,99,-1,1
30520,131,102,29,29
30521,117,105,12,12
30522,82,72,10,10
30523,79,78,1,1
30524,58,55,3,3
30525,96,85,11,11
30526,105,90,15,15
30527,103,89,14,14
30528,72,81,-9,9
30529,108,109,-1,1
30530,155,137,18,18
30531,164,140,24,24
30532,60,56,4,4
30533,130,115,15,15
30534,123,112,11,11
30535,104,98,6,6
30536,79,71,8,8
30537,136,124,12,12
30538,130,119,11,11
30539,135,110,25,25
30540,77,72,5,5
30541,136,120,16,16
30542,107,87,20,20
30543,127,108,19,19
30544,116,109,7,7
30545,132,120,12,12
30546,88,77,11,11
30547,74,70,4,4
30548,71,78,-7,7
30549,53,51,2,2
30550,57,55,2,2
30551,189,166,23,23
30552,49,50,-1,1
30553,124,119,5,5
30554,127,115,12,12
30555,45,59,-14,14
30556,110,111,-1,1
30557,104,100,4,4
30558,82,79,3,3
30559,133,119,14,14
30560,229,188,41,41
30561,64,68,-4,4
30562,107,92,15,15
30563,109,104,5,5
30564,174,150,24,24
30565,176,158,18,18
30566,101,87,14,14
30567,113,101,12,12
30568,139,120,19,19
30569,56,54,2,2
30570,75,71,4,4
30571,89,83,6,6
30572,34,40,-6,6
30573,130,119,11,11
30574,81,70,11,11
30575,103,105,-2,2
30576,99,94,5,5
30577,136,129,7,7
30578,37,41,-4,4
30579,82,72,10,10
30580,125,115,10,10
30581,121,110,11,11
30582,94,85,9,9
30583,67,64,3,3
30584,110,114,-4,4
30585,82,77,5,5
30586,106,109,-3,3
30587,154,134,20,20
30588,97,94,3,3
30589,65,64,1,1
30590,81,82,-1,1
30591,53,51,2,2
30592,123,105,18,18
30593,123,105,18,18
30594,60,50,10,10
30595,59,60,-1,1
30596,71,92,-21,21
30597,154,135,19,19
30598,89,83,6,6
30599,89,79,10,10
30600,95,84,11,11
30601,78,76,2,2
30602,79,77,2,2
30603,132,124,8,8
30604,124,118,6,6
30605,125,112,13,13
30606,73,68,5,5
30607,109,104,5,5
30608,84,78,6,6
30609,114,111,3,3
30610,98,92,6,6
30611,229,195,34,34
30612,118,112,6,6
30613,105,99,6,6
30614,56,60,-4,4
30615,86,78,8,8
30616,72,72,0,0
30617,144,155,-11,11
30618,151,131,20,20
30619,91,84,7,7
30620,134,125,9,9
30621,142,126,16,16
30622,119,111,8,8
30623,115,103,12,12
30624,122,115,7,7
30625,121,106,15,15
30626,145,143,2,2
30627,151,135,16,16
30628,99,76,23,23
30629,90,85,5,5
30630,115,127,-12,12
30631,65,78,-13,13
30632,90,83,7,7
30633,78,75,3,3
30634,65,70,-5,5
30635,77,74,3,3
30636,64,62,2,2
30637,204,178,26,26
30638,134,130,4,4
30639,144,122,22,22
30640,127,120,7,7
30641,88,76,12,12
30642,61,63,-2,2
30643,118,112,6,6
30644,91,84,7,7
30645,143,116,27,27
30646,166,136,30,30
30647,77,70,7,7
30648,97,84,13,13
30649,97,94,3,3
30650,98,80,18,18
30651,71,67,4,4
30652,77,69,8,8
30653,145,129,16,16
30654,127,114,13,13
30655,144,131,13,13
30656,128,110,18,18
30657,148,133,15,15
30658,67,60,7,7
30659,147,138,9,9
30660,85,89,-4,4
30661,98,93,5,5
30662,72,68,4,4
30663,74,73,1,1
30664,111,106,5,5
30665,80,73,7,7
30666,73,66,7,7
30667,79,77,2,2
30668,90,76,14,14
30669,104,91,13,13
30670,70,68,2,2
30671,99,93,6,6
30672,64,64,0,0
30673,68,66,2,2
30674,96,89,7,7
30675,44,50,-6,6
30676,84,80,4,4
30677,81,73,8,8
30678,152,137,15,15
30679,69,68,1,1
30680,86,94,-8,8
30681,89,89,0,0
30682,151,134,17,17
30683,80,82,-2,2
30684,97,93,4,4
30685,55,51,4,4
30686,126,108,18,18
30687,110,111,-1,1
30688,112,113,-1,1
30689,156,128,28,28
30690,52,60,-8,8
30691,88,85,3,3
30692,98,98,0,0
30693,131,114,17,17
30694,114,101,13,13
30695,154,144,10,10
30696,52,52,0,0
30697,134,127,7,7
30698,60,57,3,3
30699,68,66,2,2
30700,119,111,8,8
30701,61,60,1,1
30702,94,96,-2,2
30703,98,98,0,0
30704,103,104,-1,1
30705,120,111,9,9
30706,97,91,6,6
30707,126,109,17,17
30708,103,94,9,9
30709,97,92,5,5
30710,89,79,10,10
30711,69,64,5,5
30712,58,55,3,3
30713,109,95,14,14
30714,91,76,15,15
30715,76,70,6,6
30716,206,178,28,28
30717,109,91,18,18
30718,167,149,18,18
30719,124,109,15,15
30720,68,64,4,4
30721,162,125,37,37
30722,92,84,8,8
30723,160,151,9,9
30724,107,98,9,9
30725,104,85,19,19
30726,72,63,9,9
30727,59,60,-1,1
30728,102,90,12,12
30729,110,111,-1,1
30730,71,67,4,4
30731,96,85,11,11
30732,117,106,11,11
30733,67,68,-1,1
30734,64,63,1,1
30735,111,101,10,10
30736,54,50,4,4
30737,70,68,2,2
30738,89,80,9,9
30739,125,123,2,2
30740,81,87,-6,6
30741,132,114,18,18
30742,122,114,8,8
30743,83,82,1,1
30744,49,58,-9,9
30745,134,108,26,26
30746,86,81,5,5
30747,87,79,8,8
30748,113,107,6,6
30749,147,138,9,9
30750,57,64,-7,7
30751,81,74,7,7
30752,84,88,-4,4
30753,130,114,16,16
30754,103,92,11,11
30755,57,57,0,0
30756,58,57,1,1
30757,147,118,29,29
30758,136,125,11,11
30759,78,76,2,2
30760,92,87,5,5
30761,69,70,-1,1
30762,151,130,21,21
30763,155,146,9,9
30764,80,81,-1,1
30765,71,61,10,10
30766,113,165,-52,52
30767,129,105,24,24
30768,113,103,10,10
30769,82,83,-1,1
30770,69,57,12,12
30771,95,86,9,9
30772,86,82,4,4
30773,86,77,9,9
30774,73,67,6,6
30775,84,83,1,1
30776,99,88,11,11
30777,159,133,26,26
30778,94,91,3,3
30779,93,88,5,5
30780,52,52,0,0
30781,92,86,6,6
30782,77,81,-4,4
30783,83,80,3,3
30784,145,135,10,10
30785,89,79,10,10
30786,98,88,10,10
30787,128,123,5,5
30788,70,79,-9,9
30789,85,80,5,5
30790,94,88,6,6
30791,63,67,-4,4
30792,120,101,19,19
30793,93,97,-4,4
30794,113,102,11,11
30795,164,155,9,9
30796,121,109,12,12
30797,61,54,7,7
30798,100,135,-35,35
30799,67,57,10,10
30800,107,103,4,4
30801,56,51,5,5
30802,79,75,4,4
30803,116,133,-17,17
30804,139,125,14,14
30805,112,112,0,0
30806,92,86,6,6
30807,108,98,10,10
30808,124,120,4,4
30809,158,150,8,8
30810,106,88,18,18
30811,132,118,14,14
30812,100,90,10,10
30813,64,90,-26,26
30814,128,114,14,14
30815,53,50,3,3
30816,54,51,3,3
30817,81,75,6,6
30818,67,65,2,2
30819,97,108,-11,11
30820,129,111,18,18
30821,122,97,25,25
30822,139,125,14,14
30823,44,43,1,1
30824,131,118,13,13
30825,67,69,-2,2
30826,115,99,16,16
30827,53,51,2,2
30828,84,75,9,9
30829,124,112,12,12
30830,74,63,11,11
30831,104,104,0,0
30832,70,72,-2,2
30833,112,106,6,6
30834,90,73,17,17
30835,83,93,-10,10
30836,71,70,1,1
30837,81,71,10,10
30838,124,132,-8,8
30839,161,150,11,11
30840,52,55,-3,3
30841,78,79,-1,1
30842,57,51,6,6
30843,113,104,9,9
30844,105,91,14,14
30845,119,102,17,17
30846,48,50,-2,2
30847,123,110,13,13
30848,96,86,10,10
30849,124,107,17,17
30850,129,121,8,8
30851,125,117,8,8
30852,104,100,4,4
30853,117,108,9,9
30854,151,138,13,13
30855,125,113,12,12
30856,87,91,-4,4
30857,71,67,4,4
30858,58,55,3,3
30859,127,120,7,7
30860,143,118,25,25
30861,78,72,6,6
30862,114,116,-2,2
30863,49,50,-1,1
30864,86,84,2,2
30865,81,84,-3,3
30866,85,80,5,5
30867,158,124,34,34
30868,57,51,6,6
30869,109,100,9,9
30870,95,87,8,8
30871,45,45,0,0
30872,76,82,-6,6
30873,83,77,6,6
30874,100,106,-6,6
30875,65,76,-11,11
30876,76,76,0,0
30877,47,54,-7,7
30878,70,68,2,2
30879,157,145,12,12
30880,204,165,39,39
30881,88,78,10,10
30882,93,82,11,11
30883,53,61,-8,8
30884,97,92,5,5
30885,84,78,6,6
30886,66,72,-6,6
30887,73,72,1,1
30888,64,63,1,1
30889,102,88,14,14
30890,56,57,-1,1
30891,73,72,1,1
30892,78,80,-2,2
30893,64,71,-7,7
30894,89,88,1,1
30895,108,103,5,5
30896,79,67,12,12
30897,99,93,6,6
30898,104,96,8,8
30899,174,147,27,27
30900,76,75,1,1
30901,67,71,-4,4
30902,103,93,10,10
30903,72,66,6,6
30904,65,72,-7,7
30905,79,77,2,2
30906,39,65,-26,26
30907,42,43,-1,1
30908,43,50,-7,7
30909,130,120,10,10
30910,56,55,1,1
30911,67,68,-1,1
30912,61,59,2,2
30913,79,69,10,10
30914,122,97,25,25
30915,121,109,12,12
30916,87,73,14,14
30917,95,94,1,1
30918,76,71,5,5
30919,98,83,15,15
30920,149,138,11,11
30921,37,42,-5,5
30922,91,74,17,17
30923,99,91,8,8
30924,64,66,-2,2
30925,113,102,11,11
30926,82,79,3,3
30927,71,69,2,2
30928,103,101,2,2
30929,58,61,-3,3
30930,112,100,12,12
30931,61,60,1,1
30932,60,67,-7,7
30933,118,115,3,3
30934,48,51,-3,3
30935,86,72,14,14
30936,61,68,-7,7
30937,123,104,19,19
30938,151,134,17,17
30939,50,51,-1,1
30940,123,120,3,3
30941,186,165,21,21
30942,59,63,-4,4
30943,141,129,12,12
30944,130,139,-9,9
30945,83,72,11,11
30946,63,62,1,1
30947,168,139,29,29
30948,88,81,7,7
30949,49,55,-6,6
30950,47,55,-8,8
30951,81,80,1,1
30952,176,141,35,35
30953,58,60,-2,2
30954,48,39,9,9
30955,117,108,9,9
30956,115,97,18,18
30957,120,108,12,12
30958,90,86,4,4
30959,46,51,-5,5
30960,113,116,-3,3
30961,64,64,0,0
30962,126,110,16,16
30963,153,127,26,26
30964,114,99,15,15
30965,182,166,16,16
30966,114,108,6,6
30967,91,86,5,5
30968,116,100,16,16
30969,135,116,19,19
30970,70,66,4,4
30971,80,70,10,10
30972,50,63,-13,13
30973,90,86,4,4
30974,50,54,-4,4
30975,144,120,24,24
30976,77,71,6,6
30977,81,78,3,3
30978,41,32,9,9
30979,80,79,1,1
30980,97,85,12,12
30981,65,65,0,0
30982,70,68,2,2
30983,176,168,8,8
30984,143,130,13,13
30985,79,75,4,4
30986,122,107,15,15
30987,135,124,11,11
30988,85,87,-2,2
30989,50,53,-3,3
30990,88,80,8,8
30991,120,102,18,18
30992,134,121,13,13
30993,74,70,4,4
30994,86,85,1,1
30995,95,88,7,7
30996,56,61,-5,5
30997,92,83,9,9
30998,86,81,5,5
30999,70,83,-13,13
31000,81,74,7,7
31001,113,107,6,6
31002,99,88,11,11
31003,77,76,1,1
31004,31,31,0,0
31005,99,87,12,12
31006,85,78,7,7
31007,80,83,-3,3
31008,92,85,7,7
31009,56,59,-3,3
31010,139,138,1,1
31011,51,48,3,3
31012,36,42,-6,6
31013,126,108,18,18
31014,76,73,3,3
31015,96,102,-6,6
31016,87,86,1,1
31017,117,105,12,12
31018,102,99,3,3
31019,89,88,1,1
31020,107,84,23,23
31021,79,75,4,4
31022,89,84,5,5
31023,67,58,9,9
31024,114,104,10,10
31025,69,67,2,2
31026,115,92,23,23
31027,168,158,10,10
31028,84,91,-7,7
31029,79,56,23,23
31030,133,128,5,5
31031,123,99,24,24
31032,102,105,-3,3
31033,123,106,17,17
31034,97,82,15,15
31035,89,84,5,5
31036,92,91,1,1
31037,171,142,29,29
31038,72,67,5,5
31039,92,94,-2,2
31040,54,59,-5,5
31041,113,107,6,6
31042,110,91,19,19
31043,64,62,2,2
31044,64,61,3,3
31045,69,61,8,8
31046,81,77,4,4
31047,101,95,6,6
31048,92,88,4,4
31049,85,87,-2,2
31050,58,54,4,4
31051,124,109,15,15
31052,81,73,8,8
31053,108,95,13,13
31054,93,84,9,9
31055,70,56,14,14
31056,119,90,29,29
31057,65,61,4,4
31058,90,78,12,12
31059,53,52,1,1
31060,73,74,-1,1
31061,52,53,-1,1
31062,97,93,4,4
31063,118,88,30,30
31064,95,85,10,10
31065,89,81,8,8
31066,66,62,4,4
31067,75,75,0,0
31068,107,95,12,12
31069,63,60,3,3
31070,148,126,22,22
31071,110,102,8,8
31072,96,100,-4,4
31073,123,117,6,6
31074,123,107,16,16
31075,106,87,19,19
31076,101,89,12,12
31077,105,100,5,5
31078,94,95,-1,1
31079,53,65,-12,12
31080,53,61,-8,8
31081,116,108,8,8
31082,122,117,5,5
31083,96,94,2,2
31084,117,103,14,14
31085,105,94,11,11
31086,74,72,2,2
31087,43,51,-8,8
31088,110,103,7,7
31089,71,68,3,3
31090,72,64,8,8
31091,109,105,4,4
31092,142,133,9,9
31093,69,61,8,8
31094,127,127,0,0
31095,113,112,1,1
31096,61,61,0,0
31097,108,97,11,11
31098,83,75,8,8
31099,58,62,-4,4
31100,107,99,8,8
31101,108,118,-10,10
31102,97,86,11,11
31103,101,86,15,15
31104,101,99,2,2
31105,123,104,19,19
31106,68,67,1,1
31107,89,80,9,9
31108,47,50,-3,3
31109,128,108,20,20
31110,117,108,9,9
31111,94,82,12,12
31112,111,97,14,14
31113,51,53,-2,2
31114,65,71,-6,6
31115,79,91,-12,12
31116,140,128,12,12
31117,152,124,28,28
31118,108,102,6,6
31119,115,101,14,14
31120,78,83,-5,5
31121,100,94,6,6
31122,69,73,-4,4
31123,127,115,12,12
31124,64,57,7,7
31125,148,132,16,16
31126,105,93,12,12
31127,123,110,13,13
31128,56,55,1,1
31129,60,68,-8,8
31130,100,89,11,11
31131,77,93,-16,16
31132,89,105,-16,16
31133,63,66,-3,3
31134,70,66,4,4
31135,74,68,6,6
31136,74,78,-4,4
31137,149,121,28,28
31138,60,61,-1,1
31139,115,148,-33,33
31140,65,65,0,0
31141,95,83,12,12
31142,126,129,-3,3
31143,84,88,-4,4
31144,114,94,20,20
31145,130,112,18,18
31146,117,101,16,16
31147,135,130,5,5
31148,110,106,4,4
31149,74,67,7,7
31150,91,86,5,5
31151,102,91,11,11
31152,76,78,-2,2
31153,81,94,-13,13
31154,117,103,14,14
31155,58,61,-3,3
31156,52,66,-14,14
31157,44,62,-18,18
31158,126,120,6,6
31159,102,97,5,5
31160,68,61,7,7
31161,96,106,-10,10
31162,116,96,20,20
31163,96,84,12,12
31164,44,51,-7,7
31165,49,43,6,6
31166,109,101,8,8
31167,40,51,-11,11
31168,84,108,-24,24
31169,57,57,0,0
31170,85,86,-1,1
31171,44,47,-3,3
31172,77,71,6,6
31173,70,75,-5,5
31174,63,66,-3,3
31175,75,68,7,7
31176,88,83,5,5
31177,98,88,10,10
31178,66,78,-12,12
31179,78,69,9,9
31180,95,95,0,0
31181,99,115,-16,16
31182,20,87,-67,67
31183,88,87,1,1
31184,165,145,20,20
31185,127,114,13,13
31186,55,57,-2,2
31187,145,130,15,15
31188,72,70,2,2
31189,84,74,10,10
31190,62,62,0,0
31191,107,94,13,13
31192,113,89,24,24
31193,64,65,-1,1
31194,132,105,27,27
31195,80,74,6,6
31196,64,67,-3,3
31197,58,64,-6,6
31198,53,63,-10,10
31199,101,94,7,7
31200,97,84,13,13
31201,93,89,4,4
31202,87,73,14,14
31203,78,74,4,4
31204,70,59,11,11
31205,119,79,40,40
31206,66,66,0,0
31207,82,84,-2,2
31208,117,95,22,22
31209,106,97,9,9
31210,79,74,5,5
31211,129,146,-17,17
31212,95,79,16,16
31213,66,69,-3,3
31214,63,60,3,3
31215,128,123,5,5
31216,86,75,11,11
31217,87,87,0,0
31218,115,108,7,7
31219,126,115,11,11
31220,66,97,-31,31
31221,138,127,11,11
31222,118,98,20,20
31223,105,97,8,8
31224,59,64,-5,5
31225,51,57,-6,6
31226,45,60,-15,15
31227,79,75,4,4
31228,103,84,19,19
31229,86,97,-11,11
31230,63,58,5,5
31231,104,98,6,6
31232,144,127,17,17
31233,160,137,23,23
31234,55,54,1,1
31235,83,77,6,6
31236,104,96,8,8
31237,61,64,-3,3
31238,92,93,-1,1
31239,72,72,0,0
31240,103,92,11,11
31241,192,155,37,37
31242,89,80,9,9
31243,76,69,7,7
31244,70,73,-3,3
31245,81,71,10,10
31246,96,89,7,7
31247,120,106,14,14
31248,88,84,4,4
31249,81,68,13,13
31250,91,84,7,7
31251,104,88,16,16
31252,71,66,5,5
31253,51,51,0,0
31254,138,121,17,17
31255,88,72,16,16
31256,64,72,-8,8
31257,108,103,5,5
31258,120,107,13,13
31259,78,94,-16,16
31260,158,132,26,26
31261,185,152,33,33
31262,168,161,7,7
31263,96,95,1,1
31264,100,77,23,23
31265,48,98,-50,50
31266,80,75,5,5
31267,49,51,-2,2
31268,108,100,8,8
31269,71,70,1,1
31270,111,102,9,9
31271,75,68,7,7
31272,117,108,9,9
31273,156,130,26,26
31274,111,97,14,14
31275,108,103,5,5
31276,54,58,-4,4
31277,83,85,-2,2
31278,91,78,13,13
31279,53,57,-4,4
31280,46,49,-3,3
31281,39,50,-11,11
31282,97,102,-5,5
31283,97,101,-4,4
31284,93,82,11,11
31285,173,145,28,28
31286,76,71,5,5
31287,146,128,18,18
31288,128,126,2,2
31289,81,74,7,7
31290,90,86,4,4
31291,109,105,4,4
31292,123,102,21,21
31293,100,89,11,11
31294,77,76,1,1
31295,77,73,4,4
31296,109,112,-3,3
31297,85,77,8,8
31298,94,86,8,8
31299,57,52,5,5
31300,51,52,-1,1
31301,50,56,-6,6
31302,80,73,7,7
31303,73,65,8,8
31304,68,72,-4,4
31305,153,130,23,23
31306,120,119,1,1
31307,99,93,6,6
31308,97,88,9,9
31309,82,75,7,7
31310,85,89,-4,4
31311,84,73,11,11
31312,93,96,-3,3
31313,55,56,-1,1
31314,53,54,-1,1
31315,148,130,18,18
31316,115,113,2,2
31317,116,107,9,9
31318,109,91,18,18
31319,72,74,-2,2
31320,85,81,4,4
31321,78,65,13,13
31322,133,113,20,20
31323,89,81,8,8
31324,53,61,-8,8
31325,145,143,2,2
31326,75,67,8,8
31327,60,59,1,1
31328,71,68,3,3
31329,62,63,-1,1
31330,165,143,22,22
31331,51,61,-10,10
31332,146,140,6,6
31333,64,61,3,3
31334,75,80,-5,5
31335,79,71,8,8
31336,85,83,2,2
31337,100,93,7,7
31338,119,102,17,17
31339,106,104,2,2
31340,79,74,5,5
31341,163,143,20,20
31342,121,117,4,4
31343,66,69,-3,3
31344,114,105,9,9
31345,77,75,2,2
31346,57,59,-2,2
31347,87,86,1,1
31348,86,80,6,6
31349,71,73,-2,2
31350,124,110,14,14
31351,65,58,7,7
31352,111,97,14,14
31353,62,66,-4,4
31354,94,79,15,15
31355,76,74,2,2
31356,122,125,-3,3
31357,136,139,-3,3
31358,76,69,7,7
31359,82,90,-8,8
31360,62,59,3,3
31361,65,60,5,5
31362,63,70,-7,7
31363,50,50,0,0
31364,56,67,-11,11
31365,80,82,-2,2
31366,95,81,14,14
31367,94,91,3,3
31368,90,73,17,17
31369,116,92,24,24
31370,113,96,17,17
31371,70,64,6,6
31372,31,32,-1,1
31373,70,72,-2,2
31374,72,64,8,8
31375,92,80,12,12
31376,82,74,8,8
31377,58,65,-7,7
31378,104,102,2,2
31379,75,72,3,3
31380,90,89,1,1
31381,130,116,14,14
31382,126,116,10,10
31383,89,80,9,9
31384,108,99,9,9
31385,51,56,-5,5
31386,132,122,10,10
31387,91,87,4,4
31388,109,106,3,3
31389,103,112,-9,9
31390,87,78,9,9
31391,123,115,8,8
31392,109,94,15,15
31393,77,86,-9,9
31394,96,92,4,4
31395,82,78,4,4
31396,111,104,7,7
31397,72,66,6,6
31398,117,100,17,17
31399,117,107,10,10
31400,137,126,11,11
31401,107,88,19,19
31402,91,87,4,4
31403,110,100,10,10
31404,76,79,-3,3
31405,83,72,11,11
31406,142,131,11,11
31407,97,88,9,9
31408,54,51,3,3
31409,71,71,0,0
31410,91,93,-2,2
31411,100,94,6,6
31412,47,51,-4,4
31413,114,97,17,17
31414,65,54,11,11
31415,33,40,-7,7
31416,88,78,10,10
31417,102,98,4,4
31418,72,82,-10,10
31419,95,90,5,5
31420,100,93,7,7
31421,200,179,21,21
31422,147,124,23,23
31423,98,98,0,0
31424,111,102,9,9
31425,105,101,4,4
31426,89,84,5,5
31427,108,100,8,8
31428,35,62,-27,27
31429,54,62,-8,8
31430,124,113,11,11
31431,90,76,14,14
31432,130,119,11,11
31433,138,118,20,20
31434,143,119,24,24
31435,74,70,4,4
31436,47,53,-6,6
31437,64,64,0,0
31438,174,161,13,13
31439,96,86,10,10
31440,132,123,9,9
31441,66,70,-4,4
31442,105,97,8,8
31443,128,119,9,9
31444,99,93,6,6
31445,70,67,3,3
31446,62,55,7,7
31447,78,73,5,5
31448,93,89,4,4
31449,89,71,18,18
31450,104,106,-2,2
31451,74,69,5,5
31452,102,81,21,21
31453,58,56,2,2
31454,89,83,6,6
31455,84,73,11,11
31456,128,107,21,21
31457,91,89,2,2
31458,80,70,10,10
31459,84,90,-6,6
31460,100,98,2,2
31461,115,103,12,12
31462,92,89,3,3
31463,155,140,15,15
31464,175,140,35,35
31465,79,72,7,7
31466,70,61,9,9
31467,64,71,-7,7
31468,111,106,5,5
31469,83,79,4,4
31470,92,90,2,2
31471,153,137,16,16
31472,138,127,11,11
31473,90,99,-9,9
31474,104,104,0,0
31475,52,51,1,1
31476,72,73,-1,1
31477,76,74,2,2
31478,69,65,4,4
31479,145,126,19,19
31480,67,65,2,2
31481,79,72,7,7
31482,103,91,12,12
31483,145,138,7,7
31484,86,81,5,5
31485,112,100,12,12
31486,130,119,11,11
31487,173,150,23,23
31488,75,73,2,2
31489,195,154,41,41
31490,93,86,7,7
31491,102,91,11,11
31492,64,61,3,3
31493,68,64,4,4
31494,58,63,-5,5
31495,93,76,17,17
31496,119,95,24,24
31497,54,50,4,4
31498,72,85,-13,13
31499,82,79,3,3
31500,130,116,14,14
31501,75,76,-1,1
31502,73,75,-2,2
31503,72,73,-1,1
31504,243,249,-6,6
31505,62,78,-16,16
31506,79,66,13,13
31507,129,125,4,4
31508,119,103,16,16
31509,121,113,8,8
31510,135,123,12,12
31511,64,56,8,8
31512,84,78,6,6
31513,68,70,-2,2
31514,89,77,12,12
31515,59,52,7,7
31516,67,72,-5,5
31517,108,106,2,2
31518,55,57,-2,2
31519,161,130,31,31
31520,75,74,1,1
31521,113,99,14,14
31522,102,92,10,10
31523,116,105,11,11
31524,134,122,12,12
31525,161,123,38,38
31526,122,102,20,20
31527,103,92,11,11
31528,75,72,3,3
31529,162,132,30,30
31530,76,79,-3,3
31531,57,58,-1,1
31532,74,74,0,0
31533,78,67,11,11
31534,68,63,5,5
31535,101,88,13,13
31536,66,66,0,0
31537,61,63,-2,2
31538,120,105,15,15
31539,62,59,3,3
31540,149,123,26,26
31541,85,87,-2,2
31542,126,107,19,19
31543,192,173,19,19
31544,94,85,9,9
31545,69,68,1,1
31546,99,81,18,18
31547,114,99,15,15
31548,75,74,1,1
31549,113,115,-2,2
31550,165,143,22,22
31551,133,116,17,17
31552,86,88,-2,2
31553,72,63,9,9
31554,97,90,7,7
31555,113,143,-30,30
31556,110,105,5,5
31557,119,116,3,3
31558,60,60,0,0
31559,72,79,-7,7
31560,110,101,9,9
31561,151,126,25,25
31562,70,60,10,10
31563,89,88,1,1
31564,112,99,13,13
31565,70,70,0,0
31566,64,63,1,1
31567,155,144,11,11
31568,103,93,10,10
31569,115,101,14,14
31570,57,51,6,6
31571,92,93,-1,1
31572,96,85,11,11
31573,61,62,-1,1
31574,144,119,25,25
31575,75,72,3,3
31576,138,121,17,17
31577,103,99,4,4
31578,118,100,18,18
31579,80,84,-4,4
31580,107,95,12,12
31581,84,78,6,6
31582,87,78,9,9
31583,56,51,5,5
31584,129,125,4,4
31585,94,87,7,7
31586,72,76,-4,4
31587,193,154,39,39
31588,141,114,27,27
31589,98,91,7,7
31590,116,114,2,2
31591,154,136,18,18
31592,116,111,5,5
31593,75,79,-4,4
31594,107,92,15,15
31595,83,74,9,9
31596,103,102,1,1
31597,99,91,8,8
31598,109,104,5,5
31599,95,88,7,7
31600,85,73,12,12
31601,81,75,6,6
31602,112,88,24,24
31603,82,73,9,9
31604,56,54,2,2
31605,64,62,2,2
31606,105,111,-6,6
31607,118,107,11,11
31608,82,81,1,1
31609,96,91,5,5
31610,69,62,7,7
31611,128,119,9,9
31612,88,88,0,0
31613,90,81,9,9
31614,141,121,20,20
31615,75,80,-5,5
31616,108,100,8,8
31617,153,135,18,18
31618,101,92,9,9
31619,76,77,-1,1
31620,86,88,-2,2
31621,49,48,1,1
31622,130,118,12,12
31623,95,88,7,7
31624,33,45,-12,12
31625,156,146,10,10
31626,49,43,6,6
31627,89,79,10,10
31628,86,71,15,15
31629,80,75,5,5
31630,97,89,8,8
31631,59,64,-5,5
31632,153,134,19,19
31633,51,51,0,0
31634,88,73,15,15
31635,145,145,0,0
31636,165,164,1,1
31637,74,77,-3,3
31638,80,84,-4,4
31639,101,90,11,11
31640,46,50,-4,4
31641,62,59,3,3
31642,107,90,17,17
31643,66,64,2,2
31644,153,136,17,17
31645,75,69,6,6
31646,49,51,-2,2
31647,120,116,4,4
31648,131,115,16,16
31649,106,104,2,2
31650,147,130,17,17
31651,81,79,2,2
31652,94,89,5,5
31653,57,64,-7,7
31654,61,68,-7,7
31655,47,50,-3,3
31656,53,51,2,2
31657,117,102,15,15
31658,98,74,24,24
31659,48,50,-2,2
31660,190,173,17,17
31661,68,69,-1,1
31662,106,94,12,12
31663,57,56,1,1
31664,131,122,9,9
31665,132,119,13,13
31666,74,71,3,3
31667,125,117,8,8
31668,86,84,2,2
31669,49,50,-1,1
31670,95,77,18,18
31671,67,63,4,4
31672,82,82,0,0
31673,93,97,-4,4
31674,52,59,-7,7
31675,55,53,2,2
31676,111,99,12,12
31677,73,66,7,7
31678,72,77,-5,5
31679,160,145,15,15
31680,97,95,2,2
31681,95,84,11,11
31682,117,90,27,27
31683,67,58,9,9
31684,55,56,-1,1
31685,103,90,13,13
31686,108,104,4,4
31687,82,74,8,8
31688,155,131,24,24
31689,87,83,4,4
31690,88,79,9,9
31691,84,92,-8,8
31692,66,75,-9,9
31693,59,59,0,0
31694,80,75,5,5
31695,120,117,3,3
31696,92,86,6,6
31697,36,31,5,5
31698,89,76,13,13
31699,113,94,19,19
31700,86,82,4,4
31701,117,129,-12,12
31702,78,70,8,8
31703,72,75,-3,3
31704,76,64,12,12
31705,76,72,4,4
31706,87,82,5,5
31707,76,90,-14,14
31708,79,59,20,20
31709,51,46,5,5
31710,121,123,-2,2
31711,100,86,14,14
31712,83,80,3,3
31713,84,73,11,11
31714,100,98,2,2
31715,125,112,13,13
31716,73,64,9,9
31717,59,59,0,0
31718,79,76,3,3
31719,76,78,-2,2
31720,108,106,2,2
31721,64,70,-6,6
31722,101,89,12,12
31723,140,114,26,26
31724,89,84,5,5
31725,72,65,7,7
31726,82,83,-1,1
31727,68,66,2,2
31728,41,51,-10,10
31729,77,74,3,3
31730,150,130,20,20
31731,121,107,14,14
31732,96,108,-12,12
31733,50,52,-2,2
31734,45,50,-5,5
31735,118,115,3,3
31736,108,99,9,9
31737,74,66,8,8
31738,148,128,20,20
31739,109,99,10,10
31740,53,53,0,0
31741,69,63,6,6
31742,75,74,1,1
31743,75,82,-7,7
31744,93,87,6,6
31745,36,35,1,1
31746,62,67,-5,5
31747,139,126,13,13
31748,67,66,1,1
31749,199,183,16,16
31750,61,56,5,5
31751,66,63,3,3
31752,58,58,0,0
31753,58,60,-2,2
31754,98,97,1,1
31755,65,59,6,6
31756,96,89,7,7
31757,105,102,3,3
31758,44,50,-6,6
31759,116,105,11,11
31760,87,78,9,9
31761,94,90,4,4
31762,130,124,6,6
31763,103,95,8,8
31764,85,78,7,7
31765,94,96,-2,2
31766,78,72,6,6
31767,120,107,13,13
31768,48,51,-3,3
31769,107,92,15,15
31770,87,85,2,2
31771,115,107,8,8
31772,122,111,11,11
31773,137,114,23,23
31774,19,31,-12,12
31775,90,90,0,0
31776,45,43,2,2
31777,53,57,-4,4
31778,132,112,20,20
31779,54,50,4,4
31780,123,122,1,1
31781,88,97,-9,9
31782,90,77,13,13
31783,112,103,9,9
31784,67,59,8,8
31785,50,52,-2,2
31786,65,63,2,2
31787,44,48,-4,4
31788,86,90,-4,4
31789,65,65,0,0
31790,80,92,-12,12
31791,128,110,18,18
31792,166,122,44,44
31793,105,89,16,16
31794,77,72,5,5
31795,113,108,5,5
31796,82,76,6,6
31797,94,92,2,2
31798,123,110,13,13
31799,118,112,6,6
31800,159,135,24,24
31801,100,79,21,21
31802,95,83,12,12
31803,128,119,9,9
31804,67,75,-8,8
31805,131,110,21,21
31806,78,74,4,4
31807,58,59,-1,1
31808,126,108,18,18
31809,136,130,6,6
31810,75,68,7,7
31811,100,93,7,7
31812,52,51,1,1
31813,94,82,12,12
31814,64,67,-3,3
31815,65,65,0,0
31816,85,80,5,5
31817,100,91,9,9
31818,134,122,12,12
31819,88,83,5,5
31820,87,82,5,5
31821,112,104,8,8
31822,222,188,34,34
31823,103,89,14,14
31824,131,141,-10,10
31825,143,132,11,11
31826,89,87,2,2
31827,144,119,25,25
31828,90,81,9,9
31829,117,103,14,14
31830,41,41,0,0
31831,161,144,17,17
31832,87,87,0,0
31833,67,66,1,1
31834,89,90,-1,1
31835,58,51,7,7
31836,54,52,2,2
31837,66,59,7,7
31838,62,66,-4,4
31839,46,50,-4,4
31840,116,110,6,6
31841,146,135,11,11
31842,153,147,6,6
31843,110,90,20,20
31844,83,69,14,14
31845,138,116,22,22
31846,117,102,15,15
31847,86,78,8,8
31848,170,151,19,19
31849,96,94,2,2
31850,57,52,5,5
31851,102,87,15,15
31852,96,91,5,5
31853,88,79,9,9
31854,117,111,6,6
31855,83,92,-9,9
31856,94,98,-4,4
31857,68,74,-6,6
31858,81,70,11,11
31859,165,150,15,15
31860,93,79,14,14
31861,169,152,17,17
31862,79,78,1,1
31863,91,82,9,9
31864,96,89,7,7
31865,107,85,22,22
31866,98,87,11,11
31867,81,75,6,6
31868,125,119,6,6
31869,111,99,12,12
31870,50,55,-5,5
31871,102,96,6,6
31872,94,81,13,13
31873,57,54,3,3
31874,110,100,10,10
31875,89,79,10,10
31876,69,64,5,5
31877,116,109,7,7
31878,135,111,24,24
31879,76,67,9,9
31880,98,82,16,16
31881,72,69,3,3
31882,68,73,-5,5
31883,77,71,6,6
31884,125,128,-3,3
31885,115,99,16,16
31886,136,114,22,22
31887,80,74,6,6
31888,82,79,3,3
31889,76,76,0,0
31890,82,77,5,5
31891,138,120,18,18
31892,108,95,13,13
31893,153,135,18,18
31894,76,72,4,4
31895,100,86,14,14
31896,97,95,2,2
31897,119,108,11,11
31898,35,45,-10,10
31899,39,40,-1,1
31900,102,88,14,14
31901,93,100,-7,7
31902,122,110,12,12
31903,88,78,10,10
31904,84,80,4,4
31905,207,177,30,30
31906,67,65,2,2
31907,111,105,6,6
31908,75,72,3,3
31909,112,95,17,17
31910,59,58,1,1
31911,66,64,2,2
31912,161,146,15,15
31913,80,81,-1,1
31914,64,67,-3,3
31915,123,82,41,41
31916,123,108,15,15
31917,144,131,13,13
31918,61,60,1,1
31919,85,73,12,12
31920,100,88,12,12
31921,100,89,11,11
31922,65,55,10,10
31923,75,66,9,9
31924,104,88,16,16
31925,112,112,0,0
31926,93,81,12,12
31927,69,63,6,6
31928,58,56,2,2
31929,120,98,22,22
31930,131,110,21,21
31931,101,87,14,14
31932,156,144,12,12
31933,83,75,8,8
31934,62,63,-1,1
31935,94,88,6,6
31936,87,85,2,2
31937,182,154,28,28
31938,132,117,15,15
31939,100,97,3,3
31940,74,72,2,2
31941,57,61,-4,4
31942,95,89,6,6
31943,64,53,11,11
31944,99,88,11,11
31945,102,104,-2,2
31946,144,120,24,24
31947,152,131,21,21
31948,66,61,5,5
31949,57,60,-3,3
31950,73,77,-4,4
31951,85,77,8,8
31952,111,95,16,16
31953,78,76,2,2
31954,87,79,8,8
31955,58,61,-3,3
31956,125,112,13,13
31957,98,87,11,11
31958,127,113,14,14
31959,125,107,18,18
31960,107,101,6,6
31961,57,63,-6,6
31962,161,138,23,23
31963,109,95,14,14
31964,110,92,18,18
31965,64,61,3,3
31966,304,293,11,11
31967,75,70,5,5
31968,161,147,14,14
31969,85,90,-5,5
31970,124,101,23,23
31971,53,51,2,2
31972,98,96,2,2
31973,124,113,11,11
31974,67,59,8,8
31975,59,59,0,0
31976,115,98,17,17
31977,91,81,10,10
31978,108,102,6,6
31979,82,80,2,2
31980,104,89,15,15
31981,65,72,-7,7
31982,107,99,8,8
31983,140,133,7,7
31984,83,79,4,4
31985,128,131,-3,3
31986,65,56,9,9
31987,70,69,1,1
31988,160,149,11,11
31989,94,89,5,5
31990,74,67,7,7
31991,99,95,4,4
31992,105,94,11,11
31993,65,67,-2,2
31994,46,51,-5,5
31995,72,68,4,4
31996,53,51,2,2
31997,110,101,9,9
31998,100,85,15,15
31999,65,69,-4,4
32000,102,91,11,11
32001,128,115,13,13
32002,90,80,10,10
32003,139,141,-2,2
32004,145,118,27,27
32005,89,79,10,10
32006,68,73,-5,5
32007,64,62,2,2
32008,79,79,0,0
32009,86,72,14,14
32010,60,64,-4,4
32011,101,89,12,12
32012,36,46,-10,10
32013,103,93,10,10
32014,52,50,2,2
32015,152,137,15,15
32016,80,85,-5,5
32017,142,118,24,24
32018,129,111,18,18
32019,140,109,31,31
32020,49,51,-2,2
32021,147,138,9,9
32022,100,85,15,15
32023,59,64,-5,5
32024,106,102,4,4
32025,88,84,4,4
32026,86,83,3,3
32027,106,89,17,17
32028,110,101,9,9
32029,43,35,8,8
32030,114,112,2,2
32031,77,69,8,8
32032,103,97,6,6
32033,125,117,8,8
32034,65,62,3,3
32035,105,96,9,9
32036,98,105,-7,7
32037,132,133,-1,1
32038,119,106,13,13
32039,80,78,2,2
32040,107,98,9,9
32041,94,81,13,13
32042,59,66,-7,7
32043,109,105,4,4
32044,144,136,8,8
32045,45,50,-5,5
32046,66,44,22,22
32047,122,117,5,5
32048,88,84,4,4
32049,53,51,2,2
32050,58,64,-6,6
32051,68,66,2,2
32052,104,92,12,12
32053,129,122,7,7
32054,55,53,2,2
32055,80,66,14,14
32056,100,99,1,1
32057,64,74,-10,10
32058,150,135,15,15
32059,80,75,5,5
32060,96,82,14,14
32061,83,77,6,6
32062,39,41,-2,2
32063,112,92,20,20
32064,146,129,17,17
32065,91,91,0,0
32066,77,81,-4,4
32067,121,112,9,9
32068,113,104,9,9
32069,132,127,5,5
32070,102,98,4,4
32071,71,64,7,7
32072,81,74,7,7
32073,60,71,-11,11
32074,112,92,20,20
32075,95,83,12,12
32076,116,103,13,13
32077,85,83,2,2
32078,116,117,-1,1
32079,107,99,8,8
32080,156,132,24,24
32081,84,82,2,2
32082,77,72,5,5
32083,111,96,15,15
32084,61,81,-20,20
32085,124,119,5,5
32086,106,90,16,16
32087,116,107,9,9
32088,64,72,-8,8
32089,108,98,10,10
32090,76,71,5,5
32091,72,71,1,1
32092,75,71,4,4
32093,66,64,2,2
32094,128,127,1,1
32095,189,154,35,35
32096,120,112,8,8
32097,64,62,2,2
32098,141,131,10,10
32099,96,88,8,8
32100,170,154,16,16
32101,83,77,6,6
32102,101,96,5,5
32103,81,84,-3,3
32104,43,45,-2,2
32105,150,129,21,21
32106,70,62,8,8
32107,89,75,14,14
32108,115,99,16,16
32109,103,95,8,8
32110,54,57,-3,3
32111,63,60,3,3
32112,127,126,1,1
32113,96,78,18,18
32114,79,89,-10,10
32115,83,80,3,3
32116,108,94,14,14
32117,116,102,14,14
32118,121,108,13,13
32119,127,107,20,20
32120,109,105,4,4
32121,96,90,6,6
32122,82,77,5,5
32123,103,121,-18,18
32124,142,131,11,11
32125,161,136,25,25
32126,126,118,8,8
32127,78,69,9,9
32128,157,145,12,12
32129,63,65,-2,2
32130,64,61,3,3
32131,90,79,11,11
32132,95,92,3,3
32133,146,131,15,15
32134,56,54,2,2
32135,48,47,1,1
32136,68,66,2,2
32137,94,91,3,3
32138,87,79,8,8
32139,122,104,18,18
32140,126,104,22,22
32141,55,64,-9,9
32142,61,62,-1,1
32143,89,93,-4,4
32144,62,68,-6,6
32145,71,68,3,3
32146,87,85,2,2
32147,39,37,2,2
32148,123,109,14,14
32149,79,79,0,0
32150,109,96,13,13
32151,101,99,2,2
32152,107,96,11,11
32153,114,101,13,13
32154,81,84,-3,3
32155,167,148,19,19
32156,71,71,0,0
32157,65,69,-4,4
32158,76,68,8,8
32159,94,87,7,7
32160,162,139,23,23
32161,86,94,-8,8
32162,162,148,14,14
32163,50,50,0,0
32164,109,94,15,15
32165,70,64,6,6
32166,69,65,4,4
32167,36,38,-2,2
32168,117,99,18,18
32169,104,86,18,18
32170,107,101,6,6
32171,66,65,1,1
32172,98,93,5,5
32173,113,108,5,5
32174,57,60,-3,3
32175,117,106,11,11
32176,79,84,-5,5
32177,88,83,5,5
32178,101,94,7,7
32179,98,92,6,6
32180,164,161,3,3
32181,108,98,10,10
32182,79,72,7,7
32183,77,82,-5,5
32184,81,76,5,5
32185,111,100,11,11
32186,108,99,9,9
32187,104,95,9,9
32188,51,43,8,8
32189,79,77,2,2
32190,141,125,16,16
32191,105,94,11,11
32192,79,80,-1,1
32193,121,103,18,18
32194,85,86,-1,1
32195,60,58,2,2
32196,76,69,7,7
32197,66,60,6,6
32198,140,120,20,20
32199,115,92,23,23
32200,135,113,22,22
32201,137,138,-1,1
32202,108,108,0,0
32203,56,60,-4,4
32204,145,130,15,15
32205,107,92,15,15
32206,75,63,12,12
32207,73,69,4,4
32208,58,61,-3,3
32209,73,66,7,7
32210,100,88,12,12
32211,154,134,20,20
32212,89,80,9,9
32213,86,75,11,11
32214,218,177,41,41
32215,96,89,7,7
32216,72,71,1,1
32217,136,137,-1,1
32218,197,174,23,23
32219,75,76,-1,1
32220,138,124,14,14
32221,112,107,5,5
32222,97,95,2,2
32223,50,56,-6,6
32224,144,123,21,21
32225,62,61,1,1
32226,91,91,0,0
32227,108,102,6,6
32228,111,103,8,8
32229,154,134,20,20
32230,84,82,2,2
32231,181,165,16,16
32232,80,75,5,5
32233,134,119,15,15
32234,78,83,-5,5
32235,243,200,43,43
32236,59,53,6,6
32237,83,69,14,14
32238,76,61,15,15
32239,88,81,7,7
32240,62,61,1,1
32241,81,75,6,6
32242,127,117,10,10
32243,119,105,14,14
32244,70,71,-1,1
32245,114,93,21,21
32246,91,85,6,6
32247,120,99,21,21
32248,61,55,6,6
32249,73,70,3,3
32250,77,79,-2,2
32251,175,162,13,13
32252,86,79,7,7
32253,125,110,15,15
32254,109,95,14,14
32255,90,90,0,0
32256,71,71,0,0
32257,64,62,2,2
32258,91,78,13,13
32259,116,103,13,13
32260,63,58,5,5
32261,79,72,7,7
32262,56,52,4,4
32263,144,127,17,17
32264,130,108,22,22
32265,73,70,3,3
32266,64,52,12,12
32267,146,120,26,26
32268,30,46,-16,16
32269,107,103,4,4
32270,80,83,-3,3
32271,94,104,-10,10
32272,57,56,1,1
32273,85,83,2,2
32274,157,135,22,22
32275,131,124,7,7
32276,170,136,34,34
32277,115,115,0,0
32278,124,101,23,23
32279,83,77,6,6
32280,139,125,14,14
32281,104,99,5,5
32282,54,52,2,2
32283,117,103,14,14
32284,84,88,-4,4
32285,97,83,14,14
32286,50,43,7,7
32287,57,65,-8,8
32288,84,79,5,5
32289,70,70,0,0
32290,75,76,-1,1
32291,33,52,-19,19
32292,110,118,-8,8
32293,60,60,0,0
32294,66,65,1,1
32295,121,106,15,15
32296,97,90,7,7
32297,128,110,18,18
32298,82,74,8,8
32299,110,98,12,12
32300,135,127,8,8
32301,96,91,5,5
32302,79,68,11,11
32303,82,72,10,10
32304,112,96,16,16
32305,119,114,5,5
32306,113,85,28,28
32307,129,118,11,11
32308,30,31,-1,1
32309,143,133,10,10
32310,48,51,-3,3
32311,70,68,2,2
32312,66,92,-26,26
32313,117,114,3,3
32314,49,50,-1,1
32315,73,71,2,2
32316,104,103,1,1
32317,78,86,-8,8
32318,94,92,2,2
32319,39,41,-2,2
32320,163,140,23,23
32321,131,122,9,9
32322,78,79,-1,1
32323,107,104,3,3
32324,40,46,-6,6
32325,83,78,5,5
32326,88,94,-6,6
32327,104,95,9,9
32328,116,101,15,15
32329,144,122,22,22
32330,93,89,4,4
32331,89,83,6,6
32332,110,101,9,9
32333,62,82,-20,20
32334,100,94,6,6
32335,79,77,2,2
32336,80,76,4,4
32337,120,113,7,7
32338,84,94,-10,10
32339,88,87,1,1
32340,132,132,0,0
32341,93,83,10,10
32342,79,79,0,0
32343,27,31,-4,4
32344,97,91,6,6
32345,167,143,24,24
32346,146,140,6,6
32347,45,41,4,4
32348,53,51,2,2
32349,57,57,0,0
32350,40,42,-2,2
32351,77,81,-4,4
32352,120,110,10,10
32353,87,91,-4,4
32354,189,157,32,32
32355,84,83,1,1
32356,68,63,5,5
32357,85,86,-1,1
32358,75,76,-1,1
32359,58,55,3,3
32360,67,64,3,3
32361,58,55,3,3
32362,38,42,-4,4
32363,63,66,-3,3
32364,82,86,-4,4
32365,111,117,-6,6
32366,168,145,23,23
32367,67,63,4,4
32368,92,87,5,5
32369,43,38,5,5
32370,126,107,19,19
32371,94,87,7,7
32372,108,109,-1,1
32373,80,84,-4,4
32374,159,134,25,25
32375,101,81,20,20
32376,71,62,9,9
32377,77,80,-3,3
32378,53,55,-2,2
32379,96,94,2,2
32380,144,119,25,25
32381,96,92,4,4
32382,120,114,6,6
32383,91,82,9,9
32384,57,64,-7,7
32385,95,93,2,2
32386,114,109,5,5
32387,115,117,-2,2
32388,63,55,8,8
32389,103,87,16,16
32390,213,185,28,28
32391,82,85,-3,3
32392,113,97,16,16
32393,75,74,1,1
32394,122,118,4,4
32395,82,69,13,13
32396,112,96,16,16
32397,114,105,9,9
32398,62,51,11,11
32399,145,122,23,23
32400,153,147,6,6
32401,102,71,31,31
32402,65,65,0,0
32403,79,65,14,14
32404,85,82,3,3
32405,69,59,10,10
32406,69,71,-2,2
32407,106,91,15,15
32408,73,67,6,6
32409,95,81,14,14
32410,68,72,-4,4
32411,72,71,1,1
32412,71,74,-3,3
32413,135,120,15,15
32414,115,102,13,13
32415,75,74,1,1
32416,57,56,1,1
32417,33,36,-3,3
32418,73,69,4,4
32419,147,134,13,13
32420,100,93,7,7
32421,81,78,3,3
32422,130,118,12,12
32423,63,60,3,3
32424,75,75,0,0
32425,97,96,1,1
32426,80,82,-2,2
32427,67,64,3,3
32428,135,124,11,11
32429,48,49,-1,1
32430,113,112,1,1
32431,62,62,0,0
32432,66,60,6,6
32433,62,50,12,12
32434,140,140,0,0
32435,82,81,1,1
32436,86,81,5,5
32437,123,109,14,14
32438,134,121,13,13
32439,63,63,0,0
32440,142,122,20,20
32441,63,63,0,0
32442,94,82,12,12
32443,72,73,-1,1
32444,146,128,18,18
32445,90,68,22,22
32446,57,56,1,1
32447,51,60,-9,9
32448,64,64,0,0
32449,80,83,-3,3
32450,105,96,9,9
32451,109,101,8,8
32452,99,101,-2,2
32453,209,176,33,33
32454,82,71,11,11
32455,49,54,-5,5
32456,72,64,8,8
32457,62,56,6,6
32458,50,52,-2,2
32459,153,141,12,12
32460,140,111,29,29
32461,95,83,12,12
32462,81,73,8,8
32463,114,96,18,18
32464,130,119,11,11
32465,31,38,-7,7
32466,86,87,-1,1
32467,100,101,-1,1
32468,58,55,3,3
32469,58,56,2,2
32470,95,78,17,17
32471,121,114,7,7
32472,83,79,4,4
32473,152,131,21,21
32474,138,130,8,8
32475,128,122,6,6
32476,92,96,-4,4
32477,64,66,-2,2
32478,72,74,-2,2
32479,110,106,4,4
32480,57,55,2,2
32481,99,88,11,11
32482,98,87,11,11
32483,73,81,-8,8
32484,53,54,-1,1
32485,55,61,-6,6
32486,61,60,1,1
32487,239,201,38,38
32488,86,82,4,4
32489,133,107,26,26
32490,80,79,1,1
32491,76,67,9,9
32492,79,67,12,12
32493,140,119,21,21
32494,97,95,2,2
32495,74,62,12,12
32496,142,123,19,19
32497,82,77,5,5
32498,62,57,5,5
32499,101,101,0,0
32500,69,81,-12,12
32501,171,148,23,23
32502,69,73,-4,4
32503,72,67,5,5
32504,93,87,6,6
32505,78,80,-2,2
32506,68,65,3,3
32507,54,52,2,2
32508,110,104,6,6
32509,69,76,-7,7
32510,92,82,10,10
32511,65,61,4,4
32512,28,31,-3,3
32513,65,64,1,1
32514,69,62,7,7
32515,119,99,20,20
32516,78,72,6,6
32517,75,70,5,5
32518,70,67,3,3
32519,57,65,-8,8
32520,88,84,4,4
32521,80,69,11,11
32522,113,105,8,8
32523,63,65,-2,2
32524,91,83,8,8
32525,141,116,25,25
32526,88,83,5,5
32527,46,51,-5,5
32528,109,99,10,10
32529,98,94,4,4
32530,177,153,24,24
32531,142,131,11,11
32532,56,58,-2,2
32533,166,133,33,33
32534,70,62,8,8
32535,64,64,0,0
32536,70,68,2,2
32537,66,70,-4,4
32538,104,89,15,15
32539,131,111,20,20
32540,82,80,2,2
32541,65,62,3,3
32542,95,89,6,6
32543,79,69,10,10
32544,86,79,7,7
32545,84,78,6,6
32546,103,83,20,20
32547,77,72,5,5
32548,125,108,17,17
32549,122,113,9,9
32550,64,60,4,4
32551,95,99,-4,4
32552,79,79,0,0
32553,67,62,5,5
32554,160,140,20,20
32555,103,94,9,9
32556,114,102,12,12
32557,74,74,0,0
32558,123,111,12,12
32559,50,57,-7,7
32560,53,53,0,0
32561,195,182,13,13
32562,71,70,1,1
32563,171,139,32,32
32564,90,89,1,1
32565,75,72,3,3
32566,84,85,-1,1
32567,86,97,-11,11
32568,101,96,5,5
32569,131,108,23,23
32570,159,134,25,25
32571,52,59,-7,7
32572,119,106,13,13
32573,85,78,7,7
32574,97,91,6,6
32575,73,73,0,0
32576,54,59,-5,5
32577,73,66,7,7
32578,127,111,16,16
32579,164,149,15,15
32580,104,86,18,18
32581,57,54,3,3
32582,40,50,-10,10
32583,103,96,7,7
32584,149,124,25,25
32585,105,92,13,13
32586,184,153,31,31
32587,74,70,4,4
32588,145,120,25,25
32589,74,77,-3,3
32590,83,90,-7,7
32591,82,71,11,11
32592,85,92,-7,7
32593,133,127,6,6
32594,68,64,4,4
32595,56,70,-14,14
32596,183,159,24,24
32597,66,61,5,5
32598,115,117,-2,2
32599,86,79,7,7
32600,64,65,-1,1
32601,41,43,-2,2
32602,97,108,-11,11
32603,76,72,4,4
32604,64,65,-1,1
32605,67,66,1,1
32606,92,82,10,10
32607,86,84,2,2
32608,86,81,5,5
32609,114,105,9,9
32610,134,110,24,24
32611,80,68,12,12
32612,151,154,-3,3
32613,99,90,9,9
32614,144,131,13,13
32615,118,101,17,17
32616,74,72,2,2
32617,85,73,12,12
32618,51,56,-5,5
32619,57,59,-2,2
32620,152,133,19,19
32621,80,77,3,3
32622,83,72,11,11
32623,69,61,8,8
32624,126,129,-3,3
32625,178,153,25,25
32626,101,104,-3,3
32627,110,103,7,7
32628,53,54,-1,1
32629,89,91,-2,2
32630,97,94,3,3
32631,81,74,7,7
32632,87,79,8,8
32633,52,51,1,1
32634,98,88,10,10
32635,109,97,12,12
32636,103,95,8,8
32637,90,69,21,21
32638,73,67,6,6
32639,157,141,16,16
32640,106,91,15,15
32641,144,128,16,16
32642,105,102,3,3
32643,191,163,28,28
32644,79,71,8,8
32645,113,98,15,15
32646,66,62,4,4
32647,62,79,-17,17
32648,71,75,-4,4
32649,93,87,6,6
32650,90,74,16,16
32651,81,74,7,7
32652,97,96,1,1
32653,43,58,-15,15
32654,150,125,25,25
32655,78,71,7,7
32656,122,102,20,20
32657,76,71,5,5
32658,50,56,-6,6
32659,78,86,-8,8
32660,68,75,-7,7
32661,92,79,13,13
32662,65,70,-5,5
32663,112,97,15,15
32664,69,67,2,2
32665,86,80,6,6
32666,73,67,6,6
32667,99,90,9,9
32668,99,89,10,10
32669,70,73,-3,3
32670,88,80,8,8
32671,66,62,4,4
32672,123,104,19,19
32673,72,56,16,16
32674,120,120,0,0
32675,51,59,-8,8
32676,68,61,7,7
32677,103,100,3,3
32678,76,71,5,5
32679,77,83,-6,6
32680,143,142,1,1
32681,128,119,9,9
32682,87,75,12,12
32683,47,45,2,2
32684,119,109,10,10
32685,119,107,12,12
32686,52,54,-2,2
32687,123,94,29,29
32688,78,76,2,2
32689,135,130,5,5
32690,65,62,3,3
32691,50,51,-1,1
32692,59,76,-17,17
32693,95,80,15,15
32694,74,81,-7,7
32695,127,105,22,22
32696,135,100,35,35
32697,80,76,4,4
32698,81,81,0,0
32699,102,95,7,7
32700,131,122,9,9
32701,96,83,13,13
32702,100,96,4,4
32703,104,94,10,10
32704,112,109,3,3
32705,103,85,18,18
32706,96,90,6,6
32707,86,77,9,9
32708,130,125,5,5
32709,47,50,-3,3
32710,118,102,16,16
32711,81,74,7,7
32712,117,90,27,27
32713,77,75,2,2
32714,129,115,14,14
32715,111,83,28,28
32716,131,115,16,16
32717,67,68,-1,1
32718,66,61,5,5
32719,111,110,1,1
32720,71,79,-8,8
32721,58,54,4,4
32722,61,74,-13,13
32723,65,62,3,3
32724,91,90,1,1
32725,126,114,12,12
32726,79,59,20,20
32727,98,86,12,12
32728,83,99,-16,16
32729,46,50,-4,4
32730,71,69,2,2
32731,56,64,-8,8
32732,74,67,7,7
32733,86,79,7,7
32734,125,110,15,15
32735,71,59,12,12
32736,62,63,-1,1
32737,96,61,35,35
32738,145,116,29,29
32739,73,68,5,5
32740,67,67,0,0
32741,87,83,4,4
32742,79,66,13,13
32743,93,88,5,5
32744,72,69,3,3
32745,68,64,4,4
32746,72,68,4,4
32747,132,113,19,19
32748,75,67,8,8
32749,86,84,2,2
32750,101,89,12,12
32751,193,179,14,14
32752,124,110,14,14
32753,96,81,15,15
32754,102,97,5,5
32755,48,49,-1,1
32756,95,81,14,14
32757,172,156,16,16
32758,174,155,19,19
32759,171,140,31,31
32760,64,57,7,7
32761,90,88,2,2
32762,77,75,2,2
32763,79,74,5,5
32764,82,78,4,4
32765,128,115,13,13
32766,96,90,6,6
32767,88,82,6,6
32768,78,74,4,4
32769,115,109,6,6
32770,75,78,-3,3
32771,132,116,16,16
32772,161,139,22,22
32773,117,103,14,14
32774,61,54,7,7
32775,84,67,17,17
32776,102,101,1,1
32777,108,101,7,7
32778,108,112,-4,4
32779,156,133,23,23
32780,107,97,10,10
32781,74,66,8,8
32782,185,182,3,3
32783,61,71,-10,10
32784,106,94,12,12
32785,73,73,0,0
32786,83,71,12,12
32787,53,54,-1,1
32788,216,185,31,31
32789,90,83,7,7
32790,94,98,-4,4
32791,113,110,3,3
32792,48,50,-2,2
32793,125,130,-5,5
32794,58,56,2,2
32795,112,101,11,11
32796,91,78,13,13
32797,90,94,-4,4
32798,104,91,13,13
32799,59,62,-3,3
32800,74,75,-1,1
32801,99,101,-2,2
32802,76,79,-3,3
32803,101,92,9,9
32804,143,127,16,16
32805,66,62,4,4
32806,108,86,22,22
32807,126,112,14,14
32808,102,87,15,15
32809,106,104,2,2
32810,84,77,7,7
32811,133,121,12,12
32812,68,67,1,1
32813,133,121,12,12
32814,91,87,4,4
32815,148,137,11,11
32816,131,119,12,12
32817,105,93,12,12
32818,111,115,-4,4
32819,50,52,-2,2
32820,118,100,18,18
32821,56,61,-5,5
32822,76,73,3,3
32823,141,124,17,17
32824,162,143,19,19
32825,144,136,8,8
32826,131,129,2,2
32827,57,51,6,6
32828,105,108,-3,3
32829,74,67,7,7
32830,118,132,-14,14
32831,157,140,17,17
32832,105,97,8,8
32833,90,84,6,6
32834,96,95,1,1
32835,161,144,17,17
32836,83,74,9,9
32837,145,127,18,18
32838,55,54,1,1
32839,113,115,-2,2
32840,72,73,-1,1
32841,199,178,21,21
32842,57,66,-9,9
32843,86,84,2,2
32844,124,108,16,16
32845,59,69,-10,10
32846,65,51,14,14
32847,82,77,5,5
32848,127,116,11,11
32849,82,83,-1,1
32850,101,86,15,15
32851,105,92,13,13
32852,94,90,4,4
32853,125,109,16,16
32854,96,83,13,13
32855,48,50,-2,2
32856,68,70,-2,2
32857,98,92,6,6
32858,152,134,18,18
32859,139,107,32,32
32860,80,82,-2,2
32861,113,103,10,10
32862,102,107,-5,5
32863,94,85,9,9
32864,56,58,-2,2
32865,112,104,8,8
32866,71,66,5,5
32867,163,149,14,14
32868,95,95,0,0
32869,165,149,16,16
32870,100,97,3,3
32871,104,93,11,11
32872,68,75,-7,7
32873,152,134,18,18
32874,62,67,-5,5
32875,56,59,-3,3
32876,87,83,4,4
32877,48,51,-3,3
32878,85,78,7,7
32879,82,94,-12,12
32880,70,86,-16,16
32881,80,73,7,7
32882,100,98,2,2
32883,158,137,21,21
32884,143,127,16,16
32885,76,70,6,6
32886,64,64,0,0
32887,121,106,15,15
32888,72,73,-1,1
32889,53,51,2,2
32890,202,176,26,26
32891,54,54,0,0
32892,58,55,3,3
32893,125,112,13,13
32894,74,63,11,11
32895,58,95,-37,37
32896,144,132,12,12
32897,124,113,11,11
32898,84,79,5,5
32899,27,59,-32,32
32900,84,75,9,9
32901,176,148,28,28
32902,44,51,-7,7
32903,66,67,-1,1
32904,73,80,-7,7
32905,71,82,-11,11
32906,42,68,-26,26
32907,61,78,-17,17
32908,71,65,6,6
32909,90,94,-4,4
32910,74,66,8,8
32911,109,91,18,18
32912,124,110,14,14
32913,94,88,6,6
32914,158,155,3,3
32915,97,81,16,16
32916,73,64,9,9
32917,90,93,-3,3
32918,64,59,5,5
32919,144,136,8,8
32920,104,101,3,3
32921,186,156,30,30
32922,102,90,12,12
32923,85,80,5,5
32924,96,94,2,2
32925,122,111,11,11
32926,97,87,10,10
32927,96,88,8,8
32928,50,44,6,6
32929,110,119,-9,9
32930,89,82,7,7
32931,98,88,10,10
32932,123,121,2,2
32933,53,57,-4,4
32934,114,105,9,9
32935,152,143,9,9
32936,146,140,6,6
32937,134,116,18,18
32938,105,104,1,1
32939,38,74,-36,36
32940,99,89,10,10
32941,107,97,10,10
32942,92,78,14,14
32943,120,113,7,7
32944,129,118,11,11
32945,95,85,10,10
32946,90,84,6,6
32947,103,96,7,7
32948,114,103,11,11
32949,59,62,-3,3
32950,36,40,-4,4
32951,99,92,7,7
32952,76,73,3,3
32953,149,119,30,30
32954,106,84,22,22
32955,61,68,-7,7
32956,47,60,-13,13
32957,158,153,5,5
32958,54,53,1,1
32959,50,53,-3,3
32960,98,86,12,12
32961,94,84,10,10
32962,67,64,3,3
32963,49,51,-2,2
32964,146,131,15,15
32965,135,115,20,20
32966,87,73,14,14
32967,98,97,1,1
32968,59,55,4,4
32969,86,79,7,7
32970,62,64,-2,2
32971,113,98,15,15
32972,93,88,5,5
32973,75,78,-3,3
32974,83,75,8,8
32975,138,123,15,15
32976,67,66,1,1
32977,84,72,12,12
32978,117,111,6,6
32979,64,64,0,0
32980,80,71,9,9
32981,85,81,4,4
32982,67,68,-1,1
32983,96,90,6,6
32984,72,70,2,2
32985,63,74,-11,11
32986,151,123,28,28
32987,49,52,-3,3
32988,103,78,25,25
32989,32,33,-1,1
32990,70,63,7,7
32991,135,128,7,7
32992,55,57,-2,2
32993,99,95,4,4
32994,114,107,7,7
32995,82,73,9,9
32996,119,115,4,4
32997,104,98,6,6
32998,123,107,16,16
32999,113,109,4,4
33000,153,142,11,11
33001,89,86,3,3
33002,48,69,-21,21
33003,113,99,14,14
33004,83,79,4,4
33005,129,115,14,14
33006,67,70,-3,3
33007,96,87,9,9
33008,92,87,5,5
33009,103,90,13,13
33010,121,100,21,21
33011,48,52,-4,4
33012,98,83,15,15
33013,112,102,10,10
33014,107,102,5,5
33015,92,76,16,16
33016,72,74,-2,2
33017,86,80,6,6
33018,86,82,4,4
33019,120,105,15,15
33020,65,70,-5,5
33021,86,78,8,8
33022,138,117,21,21
33023,74,78,-4,4
33024,60,60,0,0
33025,125,107,18,18
33026,61,63,-2,2
33027,99,91,8,8
33028,150,131,19,19
33029,69,64,5,5
33030,41,35,6,6
33031,108,92,16,16
33032,163,153,10,10
33033,121,107,14,14
33034,72,70,2,2
33035,109,97,12,12
33036,133,126,7,7
33037,74,74,0,0
33038,119,114,5,5
33039,77,75,2,2
33040,97,100,-3,3
33041,76,73,3,3
33042,102,89,13,13
33043,88,77,11,11
33044,139,123,16,16
33045,93,85,8,8
33046,171,152,19,19
33047,115,122,-7,7
33048,73,69,4,4
33049,102,91,11,11
33050,97,91,6,6
33051,107,103,4,4
33052,180,165,15,15
33053,78,71,7,7
33054,279,242,37,37
33055,86,87,-1,1
33056,80,76,4,4
33057,131,129,2,2
33058,49,51,-2,2
33059,100,90,10,10
33060,53,61,-8,8
33061,116,101,15,15
33062,61,58,3,3
33063,73,61,12,12
33064,70,61,9,9
33065,56,53,3,3
33066,69,66,3,3
33067,76,70,6,6
33068,57,60,-3,3
33069,36,34,2,2
33070,75,80,-5,5
33071,62,56,6,6
33072,78,71,7,7
33073,112,104,8,8
33074,85,77,8,8
33075,164,135,29,29
33076,52,62,-10,10
33077,102,95,7,7
33078,34,36,-2,2
33079,52,55,-3,3
33080,63,73,-10,10
33081,60,58,2,2
33082,145,130,15,15
33083,74,74,0,0
33084,106,105,1,1
33085,53,54,-1,1
33086,114,109,5,5
33087,135,130,5,5
33088,119,109,10,10
33089,84,93,-9,9
33090,62,60,2,2
33091,150,136,14,14
33092,178,179,-1,1
33093,125,115,10,10
33094,125,116,9,9
33095,56,56,0,0
33096,83,80,3,3
33097,79,90,-11,11
33098,66,64,2,2
33099,62,62,0,0
33100,77,77,0,0
33101,113,106,7,7
33102,119,114,5,5
33103,100,84,16,16
33104,121,112,9,9
33105,102,90,12,12
33106,106,110,-4,4
33107,67,62,5,5
33108,104,90,14,14
33109,133,123,10,10
33110,138,119,19,19
33111,62,69,-7,7
33112,110,108,2,2
33113,140,123,17,17
33114,80,72,8,8
33115,103,99,4,4
33116,114,101,13,13
33117,55,52,3,3
33118,91,84,7,7
33119,38,48,-10,10
33120,89,73,16,16
33121,129,115,14,14
33122,30,62,-32,32
33123,103,92,11,11
33124,100,96,4,4
33125,87,87,0,0
33126,99,89,10,10
33127,87,82,5,5
33128,91,89,2,2
33129,105,92,13,13
33130,104,94,10,10
33131,46,48,-2,2
33132,86,73,13,13
33133,59,72,-13,13
33134,135,129,6,6
33135,47,50,-3,3
33136,108,87,21,21
33137,108,93,15,15
33138,120,115,5,5
33139,50,72,-22,22
33140,102,114,-12,12
33141,129,128,1,1
33142,82,115,-33,33
33143,141,115,26,26
33144,87,78,9,9
33145,108,97,11,11
33146,113,117,-4,4
33147,166,149,17,17
33148,82,76,6,6
33149,34,58,-24,24
33150,57,58,-1,1
33151,128,126,2,2
33152,86,85,1,1
33153,70,65,5,5
33154,106,97,9,9
33155,111,103,8,8
33156,89,95,-6,6
33157,28,31,-3,3
33158,102,96,6,6
33159,159,129,30,30
33160,170,143,27,27
33161,98,94,4,4
33162,77,75,2,2
33163,118,112,6,6
33164,96,87,9,9
33165,51,58,-7,7
33166,63,56,7,7
33167,70,68,2,2
33168,99,102,-3,3
33169,58,54,4,4
33170,60,59,1,1
33171,78,77,1,1
33172,45,57,-12,12
33173,89,95,-6,6
33174,69,68,1,1
33175,84,84,0,0
33176,73,67,6,6
33177,178,150,28,28
33178,63,67,-4,4
33179,108,96,12,12
33180,105,100,5,5
33181,43,44,-1,1
33182,82,75,7,7
33183,76,77,-1,1
33184,143,120,23,23
33185,91,82,9,9
33186,63,64,-1,1
33187,136,120,16,16
33188,83,73,10,10
33189,128,111,17,17
33190,63,65,-2,2
33191,72,75,-3,3
33192,96,94,2,2
33193,66,57,9,9
33194,89,98,-9,9
33195,74,65,9,9
33196,69,66,3,3
33197,86,80,6,6
33198,105,96,9,9
33199,92,89,3,3
33200,49,57,-8,8
33201,151,126,25,25
33202,87,91,-4,4
33203,86,79,7,7
33204,55,52,3,3
33205,113,117,-4,4
33206,96,89,7,7
33207,84,77,7,7
33208,102,93,9,9
33209,85,84,1,1
33210,141,130,11,11
33211,90,72,18,18
33212,57,57,0,0
33213,80,82,-2,2
33214,111,99,12,12
33215,82,112,-30,30
33216,85,82,3,3
33217,85,74,11,11
33218,67,65,2,2
33219,86,80,6,6
33220,102,88,14,14
33221,71,69,2,2
33222,130,143,-13,13
33223,76,79,-3,3
33224,70,68,2,2
33225,86,87,-1,1
33226,55,46,9,9
33227,97,92,5,5
33228,98,110,-12,12
33229,70,60,10,10
33230,102,90,12,12
33231,79,68,11,11
33232,104,93,11,11
33233,70,62,8,8
33234,94,84,10,10
33235,103,98,5,5
33236,102,102,0,0
33237,102,92,10,10
33238,67,63,4,4
33239,165,148,17,17
33240,73,83,-10,10
33241,149,129,20,20
33242,92,84,8,8
33243,57,64,-7,7
33244,76,62,14,14
33245,129,113,16,16
33246,66,67,-1,1
33247,132,115,17,17
33248,108,95,13,13
33249,162,149,13,13
33250,104,93,11,11
33251,98,99,-1,1
33252,81,71,10,10
33253,106,104,2,2
33254,134,129,5,5
33255,118,110,8,8
33256,156,129,27,27
33257,73,69,4,4
33258,106,101,5,5
33259,64,58,6,6
33260,66,61,5,5
33261,126,105,21,21
33262,103,99,4,4
33263,57,55,2,2
33264,158,149,9,9
33265,103,95,8,8
33266,103,97,6,6
33267,172,148,24,24
33268,137,128,9,9
33269,95,86,9,9
33270,127,110,17,17
33271,87,79,8,8
33272,136,111,25,25
33273,51,51,0,0
33274,95,85,10,10
33275,100,94,6,6
33276,140,124,16,16
33277,102,98,4,4
33278,69,64,5,5
33279,148,132,16,16
33280,121,124,-3,3
33281,133,124,9,9
33282,106,103,3,3
33283,95,85,10,10
33284,71,79,-8,8
33285,148,138,10,10
33286,188,165,23,23
33287,111,102,9,9
33288,88,85,3,3
33289,71,80,-9,9
33290,83,82,1,1
33291,44,50,-6,6
33292,69,64,5,5
33293,44,47,-3,3
33294,111,101,10,10
33295,105,104,1,1
33296,76,74,2,2
33297,95,89,6,6
33298,181,163,18,18
33299,128,109,19,19
33300,81,76,5,5
33301,175,143,32,32
33302,57,55,2,2
33303,70,63,7,7
33304,77,68,9,9
33305,61,60,1,1
33306,108,103,5,5
33307,69,71,-2,2
33308,61,63,-2,2
33309,116,103,13,13
33310,50,53,-3,3
33311,95,82,13,13
33312,62,66,-4,4
33313,161,139,22,22
33314,101,98,3,3
33315,84,76,8,8
33316,87,88,-1,1
33317,71,69,2,2
33318,56,60,-4,4
33319,77,73,4,4
33320,100,114,-14,14
33321,74,72,2,2
33322,59,63,-4,4
33323,117,106,11,11
33324,102,94,8,8
33325,97,87,10,10
33326,77,73,4,4
33327,128,128,0,0
33328,89,85,4,4
33329,67,65,2,2
33330,69,68,1,1
33331,104,99,5,5
33332,55,58,-3,3
33333,62,63,-1,1
33334,101,91,10,10
33335,78,79,-1,1
33336,86,71,15,15
33337,81,77,4,4
33338,104,89,15,15
33339,57,52,5,5
33340,101,86,15,15
33341,84,74,10,10
33342,73,78,-5,5
33343,106,102,4,4
33344,102,102,0,0
33345,71,74,-3,3
33346,144,133,11,11
33347,131,107,24,24
33348,82,71,11,11
33349,83,71,12,12
33350,169,152,17,17
33351,70,64,6,6
33352,158,139,19,19
33353,162,127,35,35
33354,104,90,14,14
33355,52,43,9,9
33356,59,58,1,1
33357,70,70,0,0
33358,112,111,1,1
33359,106,90,16,16
33360,130,114,16,16
33361,111,97,14,14
33362,117,100,17,17
33363,118,120,-2,2
33364,74,75,-1,1
33365,52,53,-1,1
33366,97,102,-5,5
33367,72,70,2,2
33368,84,75,9,9
33369,50,51,-1,1
33370,101,96,5,5
33371,52,51,1,1
33372,85,85,0,0
33373,90,83,7,7
33374,66,70,-4,4
33375,132,110,22,22
33376,91,90,1,1
33377,46,50,-4,4
33378,36,43,-7,7
33379,94,90,4,4
33380,65,64,1,1
33381,85,80,5,5
33382,78,73,5,5
33383,140,138,2,2
33384,79,76,3,3
33385,108,100,8,8
33386,84,79,5,5
33387,89,85,4,4
33388,119,103,16,16
33389,52,45,7,7
33390,130,109,21,21
33391,57,51,6,6
33392,128,113,15,15
33393,106,90,16,16
33394,65,58,7,7
33395,75,77,-2,2
33396,153,148,5,5
33397,42,41,1,1
33398,70,63,7,7
33399,157,141,16,16
33400,153,137,16,16
33401,93,84,9,9
33402,85,77,8,8
33403,70,76,-6,6
33404,84,83,1,1
33405,61,59,2,2
33406,80,78,2,2
33407,60,55,5,5
33408,60,59,1,1
33409,122,112,10,10
33410,87,84,3,3
33411,207,150,57,57
33412,102,98,4,4
33413,52,58,-6,6
33414,75,75,0,0
33415,62,62,0,0
33416,82,85,-3,3
33417,144,118,26,26
33418,130,124,6,6
33419,90,76,14,14
33420,71,73,-2,2
33421,77,69,8,8
33422,72,69,3,3
33423,46,49,-3,3
33424,55,63,-8,8
33425,64,85,-21,21
33426,73,65,8,8
33427,76,78,-2,2
33428,100,94,6,6
33429,108,90,18,18
33430,130,114,16,16
33431,136,121,15,15
33432,89,81,8,8
33433,79,81,-2,2
33434,110,95,15,15
33435,125,121,4,4
33436,79,84,-5,5
33437,32,31,1,1
33438,97,115,-18,18
33439,135,122,13,13
33440,93,87,6,6
33441,111,103,8,8
33442,87,94,-7,7
33443,131,108,23,23
33444,72,66,6,6
33445,72,78,-6,6
33446,192,152,40,40
33447,129,109,20,20
33448,102,91,11,11
33449,86,72,14,14
33450,134,114,20,20
33451,157,143,14,14
33452,75,72,3,3
33453,93,87,6,6
33454,96,88,8,8
33455,105,97,8,8
33456,110,102,8,8
33457,137,118,19,19
33458,194,175,19,19
33459,82,77,5,5
33460,102,107,-5,5
33461,92,88,4,4
33462,119,94,25,25
33463,113,100,13,13
33464,85,82,3,3
33465,66,67,-1,1
33466,145,130,15,15
33467,112,105,7,7
33468,133,123,10,10
33469,113,95,18,18
33470,175,138,37,37
33471,113,110,3,3
33472,59,59,0,0
33473,97,94,3,3
33474,74,72,2,2
33475,53,52,1,1
33476,108,101,7,7
33477,133,113,20,20
33478,46,48,-2,2
33479,135,116,19,19
33480,111,99,12,12
33481,117,103,14,14
33482,69,67,2,2
33483,175,147,28,28
33484,83,75,8,8
33485,80,80,0,0
33486,95,97,-2,2
33487,80,76,4,4
33488,71,68,3,3
33489,61,58,3,3
33490,83,79,4,4
33491,168,144,24,24
33492,78,73,5,5
33493,79,82,-3,3
33494,112,110,2,2
33495,73,69,4,4
33496,71,83,-12,12
33497,86,82,4,4
33498,105,106,-1,1
33499,103,90,13,13
33500,81,78,3,3
33501,70,68,2,2
33502,107,90,17,17
33503,150,138,12,12
33504,70,58,12,12
33505,80,80,0,0
33506,48,56,-8,8
33507,100,102,-2,2
33508,52,60,-8,8
33509,97,91,6,6
33510,172,153,19,19
33511,28,32,-4,4
33512,42,73,-31,31
33513,120,110,10,10
33514,60,62,-2,2
33515,118,98,20,20
33516,175,153,22,22
33517,69,67,2,2
33518,50,54,-4,4
33519,90,86,4,4
33520,109,101,8,8
33521,63,69,-6,6
33522,63,62,1,1
33523,54,54,0,0
33524,115,109,6,6
33525,61,61,0,0
33526,91,87,4,4
33527,76,85,-9,9
33528,72,76,-4,4
33529,64,65,-1,1
33530,47,48,-1,1
33531,67,59,8,8
33532,111,100,11,11
33533,102,123,-21,21
33534,68,61,7,7
33535,101,80,21,21
33536,154,125,29,29
33537,71,70,1,1
33538,77,72,5,5
33539,74,68,6,6
33540,95,92,3,3
33541,98,92,6,6
33542,87,77,10,10
33543,134,124,10,10
33544,118,109,9,9
33545,146,130,16,16
33546,82,89,-7,7
33547,85,67,18,18
33548,68,85,-17,17
33549,62,61,1,1
33550,79,66,13,13
33551,33,31,2,2
33552,130,109,21,21
33553,88,78,10,10
33554,132,121,11,11
33555,69,73,-4,4
33556,98,83,15,15
33557,113,89,24,24
33558,84,80,4,4
33559,78,71,7,7
33560,121,103,18,18
33561,69,66,3,3
33562,70,81,-11,11
33563,89,88,1,1
33564,97,91,6,6
33565,89,82,7,7
33566,128,115,13,13
33567,149,132,17,17
33568,115,102,13,13
33569,68,72,-4,4
33570,44,43,1,1
33571,36,41,-5,5
33572,64,78,-14,14
33573,75,64,11,11
33574,85,80,5,5
33575,90,85,5,5
33576,98,105,-7,7
33577,110,94,16,16
33578,91,90,1,1
33579,179,149,30,30
33580,97,78,19,19
33581,65,67,-2,2
33582,111,110,1,1
33583,191,153,38,38
33584,181,148,33,33
33585,58,59,-1,1
33586,90,71,19,19
33587,101,87,14,14
33588,164,132,32,32
33589,117,98,19,19
33590,84,85,-1,1
33591,112,98,14,14
33592,117,99,18,18
33593,80,76,4,4
33594,150,128,22,22
33595,94,89,5,5
33596,115,110,5,5
33597,157,130,27,27
33598,69,70,-1,1
33599,61,56,5,5
33600,97,91,6,6
33601,74,76,-2,2
33602,90,86,4,4
33603,59,56,3,3
33604,121,101,20,20
33605,102,88,14,14
33606,107,105,2,2
33607,102,102,0,0
33608,256,242,14,14
33609,75,72,3,3
33610,80,75,5,5
33611,67,68,-1,1
33612,122,108,14,14
33613,65,57,8,8
33614,74,77,-3,3
33615,86,81,5,5
33616,206,184,22,22
33617,139,133,6,6
33618,76,72,4,4
33619,186,162,24,24
33620,111,104,7,7
33621,80,69,11,11
33622,148,133,15,15
33623,76,79,-3,3
33624,123,129,-6,6
33625,79,90,-11,11
33626,118,102,16,16
33627,51,52,-1,1
33628,88,98,-10,10
33629,157,142,15,15
33630,84,86,-2,2
33631,129,113,16,16
33632,131,110,21,21
33633,74,88,-14,14
33634,93,89,4,4
33635,88,86,2,2
33636,74,78,-4,4
33637,102,92,10,10
33638,143,127,16,16
33639,67,63,4,4
33640,197,171,26,26
33641,98,83,15,15
33642,117,99,18,18
33643,120,111,9,9
33644,118,115,3,3
33645,63,51,12,12
33646,139,130,9,9
33647,144,136,8,8
33648,96,88,8,8
33649,110,86,24,24
33650,121,113,8,8
33651,68,75,-7,7
33652,84,101,-17,17
33653,118,106,12,12
33654,96,92,4,4
33655,78,78,0,0
33656,27,32,-5,5
33657,157,136,21,21
33658,137,119,18,18
33659,107,102,5,5
33660,95,90,5,5
33661,45,55,-10,10
33662,69,86,-17,17
33663,196,163,33,33
33664,108,88,20,20
33665,88,77,11,11
33666,199,168,31,31
33667,111,108,3,3
33668,179,151,28,28
33669,157,141,16,16
33670,82,68,14,14
33671,77,69,8,8
33672,56,53,3,3
33673,63,64,-1,1
33674,196,168,28,28
33675,89,89,0,0
33676,126,110,16,16
33677,39,40,-1,1
33678,80,83,-3,3
33679,97,88,9,9
33680,85,76,9,9
33681,58,55,3,3
33682,132,120,12,12
33683,54,63,-9,9
33684,99,91,8,8
33685,91,88,3,3
33686,75,65,10,10
33687,57,67,-10,10
33688,66,67,-1,1
33689,105,104,1,1
33690,51,49,2,2
33691,134,116,18,18
33692,27,31,-4,4
33693,71,64,7,7
33694,65,62,3,3
33695,112,86,26,26
33696,100,99,1,1
33697,56,56,0,0
33698,74,69,5,5
33699,137,121,16,16
33700,96,95,1,1
33701,113,114,-1,1
33702,56,56,0,0
33703,91,89,2,2
33704,179,162,17,17
33705,54,51,3,3
33706,90,89,1,1
33707,92,86,6,6
33708,87,80,7,7
33709,122,105,17,17
33710,150,125,25,25
33711,90,82,8,8
33712,98,89,9,9
33713,59,61,-2,2
33714,122,113,9,9
33715,150,139,11,11
33716,74,69,5,5
33717,65,66,-1,1
33718,53,59,-6,6
33719,93,87,6,6
33720,108,95,13,13
33721,70,76,-6,6
33722,135,120,15,15
33723,87,90,-3,3
33724,65,71,-6,6
33725,55,49,6,6
33726,40,43,-3,3
33727,88,80,8,8
33728,168,140,28,28
33729,37,33,4,4
33730,80,66,14,14
33731,92,79,13,13
33732,157,132,25,25
33733,121,114,7,7
33734,119,113,6,6
33735,131,100,31,31
33736,112,96,16,16
33737,71,79,-8,8
33738,73,71,2,2
33739,99,89,10,10
33740,81,71,10,10
33741,70,68,2,2
33742,91,82,9,9
33743,63,60,3,3
33744,65,61,4,4
33745,92,96,-4,4
33746,83,74,9,9
33747,62,65,-3,3
33748,137,123,14,14
33749,194,163,31,31
33750,104,91,13,13
33751,136,124,12,12
33752,149,135,14,14
33753,109,100,9,9
33754,70,63,7,7
33755,121,108,13,13
33756,73,72,1,1
33757,97,84,13,13
33758,105,92,13,13
33759,131,117,14,14
33760,118,103,15,15
33761,97,88,9,9
33762,49,51,-2,2
33763,110,100,10,10
33764,87,87,0,0
33765,107,100,7,7
33766,72,67,5,5
33767,173,155,18,18
33768,117,111,6,6
33769,91,91,0,0
33770,93,75,18,18
33771,34,31,3,3
33772,75,66,9,9
33773,110,106,4,4
33774,76,82,-6,6
33775,122,147,-25,25
33776,94,91,3,3
33777,60,60,0,0
33778,96,93,3,3
33779,92,87,5,5
33780,155,133,22,22
33781,116,99,17,17
33782,113,103,10,10
33783,70,63,7,7
33784,127,121,6,6
33785,104,105,-1,1
33786,103,99,4,4
33787,66,57,9,9
33788,58,59,-1,1
33789,47,56,-9,9
33790,124,117,7,7
33791,47,42,5,5
33792,134,113,21,21
33793,126,107,19,19
33794,133,123,10,10
33795,101,98,3,3
33796,48,49,-1,1
33797,69,76,-7,7
33798,62,56,6,6
33799,112,94,18,18
33800,124,122,2,2
33801,68,63,5,5
33802,70,63,7,7
33803,98,92,6,6
33804,61,73,-12,12
33805,98,100,-2,2
33806,128,109,19,19
33807,112,101,11,11
33808,62,63,-1,1
33809,106,91,15,15
33810,90,77,13,13
33811,57,58,-1,1
33812,127,117,10,10
33813,83,75,8,8
33814,123,113,10,10
33815,99,88,11,11
33816,114,110,4,4
33817,124,120,4,4
33818,63,63,0,0
33819,169,148,21,21
33820,86,80,6,6
33821,97,91,6,6
33822,95,85,10,10
33823,97,92,5,5
33824,120,101,19,19
33825,100,90,10,10
33826,127,124,3,3
33827,65,66,-1,1
33828,74,71,3,3
33829,146,129,17,17
33830,93,90,3,3
33831,76,68,8,8
33832,127,112,15,15
33833,61,57,4,4
33834,81,79,2,2
33835,132,99,33,33
33836,69,57,12,12
33837,56,67,-11,11
33838,103,93,10,10
33839,110,106,4,4
33840,102,94,8,8
33841,74,65,9,9
33842,111,106,5,5
33843,74,69,5,5
33844,58,56,2,2
33845,96,95,1,1
33846,67,68,-1,1
33847,57,58,-1,1
33848,104,91,13,13
33849,60,66,-6,6
33850,50,56,-6,6
33851,120,110,10,10
33852,73,70,3,3
33853,45,44,1,1
33854,95,91,4,4
33855,125,120,5,5
33856,106,99,7,7
33857,80,72,8,8
33858,138,125,13,13
33859,105,101,4,4
33860,100,94,6,6
33861,89,81,8,8
33862,161,130,31,31
33863,115,111,4,4
33864,109,94,15,15
33865,120,105,15,15
33866,64,61,3,3
33867,85,81,4,4
33868,139,125,14,14
33869,56,61,-5,5
33870,100,96,4,4
33871,61,59,2,2
33872,87,85,2,2
33873,78,69,9,9
33874,135,116,19,19
33875,149,137,12,12
33876,123,110,13,13
33877,114,92,22,22
33878,106,105,1,1
33879,121,100,21,21
33880,103,108,-5,5
33881,133,125,8,8
33882,83,76,7,7
33883,90,77,13,13
33884,43,40,3,3
33885,195,167,28,28
33886,82,72,10,10
33887,121,110,11,11
33888,77,73,4,4
33889,80,80,0,0
33890,56,58,-2,2
33891,70,62,8,8
33892,57,55,2,2
33893,98,94,4,4
33894,85,82,3,3
33895,102,93,9,9
33896,114,95,19,19
33897,153,135,18,18
33898,61,56,5,5
33899,99,92,7,7
33900,77,70,7,7
33901,89,70,19,19
33902,79,69,10,10
33903,108,106,2,2
33904,102,81,21,21
33905,54,57,-3,3
33906,101,90,11,11
33907,131,115,16,16
33908,56,58,-2,2
33909,110,97,13,13
33910,78,69,9,9
33911,153,131,22,22
33912,73,72,1,1
33913,105,92,13,13
33914,57,63,-6,6
33915,95,99,-4,4
33916,56,62,-6,6
33917,107,92,15,15
33918,62,76,-14,14
33919,157,140,17,17
33920,94,83,11,11
33921,84,68,16,16
33922,131,119,12,12
33923,75,70,5,5
33924,122,114,8,8
33925,114,115,-1,1
33926,61,54,7,7
33927,137,133,4,4
33928,72,66,6,6
33929,115,93,22,22
33930,49,80,-31,31
33931,98,86,12,12
33932,114,108,6,6
33933,79,75,4,4
33934,75,67,8,8
33935,111,88,23,23
33936,84,80,4,4
33937,61,61,0,0
33938,70,71,-1,1
33939,103,98,5,5
33940,119,100,19,19
33941,62,59,3,3
33942,94,78,16,16
33943,161,139,22,22
33944,253,202,51,51
33945,112,108,4,4
33946,63,69,-6,6
33947,90,81,9,9
33948,124,113,11,11
33949,85,71,14,14
33950,167,153,14,14
33951,115,90,25,25
33952,113,96,17,17
33953,95,89,6,6
33954,93,87,6,6
33955,138,115,23,23
33956,74,71,3,3
33957,52,54,-2,2
33958,104,95,9,9
33959,143,132,11,11
33960,74,78,-4,4
33961,69,66,3,3
33962,133,121,12,12
33963,82,74,8,8
33964,98,85,13,13
33965,77,71,6,6
33966,142,131,11,11
33967,84,83,1,1
33968,95,96,-1,1
33969,83,73,10,10
33970,114,96,18,18
33971,53,73,-20,20
33972,91,82,9,9
33973,122,119,3,3
33974,89,105,-16,16
33975,81,81,0,0
33976,110,105,5,5
33977,96,85,11,11
33978,119,107,12,12
33979,80,78,2,2
33980,108,92,16,16
33981,71,66,5,5
33982,80,73,7,7
33983,157,147,10,10
33984,85,69,16,16
33985,47,54,-7,7
33986,68,57,11,11
33987,86,69,17,17
33988,71,68,3,3
33989,64,59,5,5
33990,65,63,2,2
33991,155,149,6,6
33992,108,109,-1,1
33993,188,157,31,31
33994,109,103,6,6
33995,64,65,-1,1
33996,120,129,-9,9
33997,72,68,4,4
33998,55,55,0,0
33999,69,65,4,4
34000,186,161,25,25
34001,96,104,-8,8
34002,77,77,0,0
34003,83,80,3,3
34004,79,70,9,9
34005,55,62,-7,7
34006,155,135,20,20
34007,91,85,6,6
34008,48,54,-6,6
34009,122,112,10,10
34010,75,83,-8,8
34011,109,103,6,6
34012,110,100,10,10
34013,79,71,8,8
34014,69,63,6,6
34015,78,80,-2,2
34016,129,119,10,10
34017,131,118,13,13
34018,45,49,-4,4
34019,96,86,10,10
34020,105,114,-9,9
34021,128,121,7,7
34022,139,126,13,13
34023,116,98,18,18
34024,81,76,5,5
34025,77,76,1,1
34026,100,92,8,8
34027,68,63,5,5
34028,70,74,-4,4
34029,222,221,1,1
34030,22,31,-9,9
34031,121,110,11,11
34032,67,68,-1,1
34033,87,73,14,14
34034,58,55,3,3
34035,69,76,-7,7
34036,71,76,-5,5
34037,54,62,-8,8
34038,60,55,5,5
34039,87,82,5,5
34040,101,91,10,10
34041,61,56,5,5
34042,141,119,22,22
34043,121,118,3,3
34044,102,87,15,15
34045,78,77,1,1
34046,96,104,-8,8
34047,56,53,3,3
34048,101,83,18,18
34049,64,65,-1,1
34050,55,61,-6,6
34051,89,75,14,14
34052,84,74,10,10
34053,90,81,9,9
34054,166,140,26,26
34055,85,105,-20,20
34056,94,87,7,7
34057,130,127,3,3
34058,146,140,6,6
34059,77,88,-11,11
34060,97,86,11,11
34061,102,92,10,10
34062,150,141,9,9
34063,104,96,8,8
34064,90,83,7,7
34065,70,69,1,1
34066,45,44,1,1
34067,76,66,10,10
34068,90,101,-11,11
34069,63,55,8,8
34070,123,112,11,11
34071,91,73,18,18
34072,102,82,20,20
34073,120,105,15,15
34074,48,65,-17,17
34075,42,49,-7,7
34076,85,80,5,5
34077,67,61,6,6
34078,73,59,14,14
34079,67,64,3,3
34080,87,83,4,4
34081,172,142,30,30
34082,128,124,4,4
34083,116,110,6,6
34084,102,90,12,12
34085,134,125,9,9
34086,94,97,-3,3
34087,55,54,1,1
34088,175,162,13,13
34089,71,68,3,3
34090,53,56,-3,3
34091,92,93,-1,1
34092,111,98,13,13
34093,120,115,5,5
34094,107,110,-3,3
34095,48,44,4,4
34096,85,74,11,11
34097,122,128,-6,6
34098,90,90,0,0
34099,70,62,8,8
34100,63,62,1,1
34101,110,96,14,14
34102,56,60,-4,4
34103,96,96,0,0
34104,79,77,2,2
34105,56,53,3,3
34106,115,96,19,19
34107,60,64,-4,4
34108,59,60,-1,1
34109,74,70,4,4
34110,110,108,2,2
34111,99,107,-8,8
34112,106,97,9,9
34113,62,54,8,8
34114,93,89,4,4
34115,59,54,5,5
34116,88,77,11,11
34117,75,84,-9,9
34118,78,68,10,10
34119,67,67,0,0
34120,118,105,13,13
34121,66,60,6,6
34122,69,66,3,3
34123,110,95,15,15
34124,102,96,6,6
34125,127,117,10,10
34126,99,95,4,4
34127,127,122,5,5
34128,97,78,19,19
34129,52,50,2,2
34130,56,59,-3,3
34131,64,58,6,6
34132,111,98,13,13
34133,114,103,11,11
34134,162,136,26,26
34135,56,66,-10,10
34136,35,38,-3,3
34137,83,80,3,3
34138,151,141,10,10
34139,77,74,3,3
34140,65,67,-2,2
34141,67,63,4,4
34142,81,73,8,8
34143,56,54,2,2
34144,67,66,1,1
34145,59,55,4,4
34146,142,112,30,30
34147,79,76,3,3
34148,104,96,8,8
34149,68,65,3,3
34150,67,71,-4,4
34151,56,56,0,0
34152,66,62,4,4
34153,31,31,0,0
34154,121,103,18,18
34155,115,103,12,12
34156,68,62,6,6
34157,103,97,6,6
34158,71,69,2,2
34159,115,111,4,4
34160,122,103,19,19
34161,99,88,11,11
34162,112,103,9,9
34163,215,204,11,11
34164,68,70,-2,2
34165,84,76,8,8
34166,82,77,5,5
34167,82,78,4,4
34168,95,84,11,11
34169,80,77,3,3
34170,121,105,16,16
34171,103,88,15,15
34172,74,74,0,0
34173,59,57,2,2
34174,106,93,13,13
34175,62,55,7,7
34176,49,50,-1,1
34177,62,62,0,0
34178,151,135,16,16
34179,178,143,35,35
34180,96,90,6,6
34181,91,87,4,4
34182,74,71,3,3
34183,78,81,-3,3
34184,95,110,-15,15
34185,109,99,10,10
34186,59,59,0,0
34187,64,53,11,11
34188,122,101,21,21
34189,106,101,5,5
34190,137,122,15,15
34191,79,71,8,8
34192,45,51,-6,6
34193,96,86,10,10
34194,53,52,1,1
34195,121,104,17,17
34196,138,127,11,11
34197,107,94,13,13
34198,90,83,7,7
34199,83,82,1,1
34200,65,63,2,2
34201,68,73,-5,5
34202,50,51,-1,1
34203,44,67,-23,23
34204,78,79,-1,1
34205,74,72,2,2
34206,67,64,3,3
34207,116,97,19,19
34208,50,47,3,3
34209,100,87,13,13
34210,52,52,0,0
34211,70,64,6,6
34212,92,86,6,6
34213,130,119,11,11
34214,139,133,6,6
34215,96,83,13,13
34216,98,86,12,12
34217,49,49,0,0
34218,90,78,12,12
34219,103,104,-1,1
34220,39,48,-9,9
34221,172,139,33,33
34222,104,90,14,14
34223,63,63,0,0
34224,78,70,8,8
34225,65,67,-2,2
34226,58,53,5,5
34227,140,130,10,10
34228,95,98,-3,3
34229,77,68,9,9
34230,122,105,17,17
34231,63,51,12,12
34232,26,31,-5,5
34233,78,75,3,3
34234,60,63,-3,3
34235,80,74,6,6
34236,96,90,6,6
34237,62,62,0,0
34238,77,77,0,0
34239,101,89,12,12
34240,103,97,6,6
34241,87,88,-1,1
34242,132,122,10,10
34243,223,180,43,43
34244,117,102,15,15
34245,151,129,22,22
34246,87,90,-3,3
34247,103,94,9,9
34248,59,63,-4,4
34249,150,120,30,30
34250,100,86,14,14
34251,92,77,15,15
34252,65,74,-9,9
34253,72,66,6,6
34254,48,47,1,1
34255,114,100,14,14
34256,63,53,10,10
34257,139,125,14,14
34258,86,80,6,6
34259,96,79,17,17
34260,80,75,5,5
34261,126,104,22,22
34262,112,101,11,11
34263,99,102,-3,3
34264,83,72,11,11
34265,62,58,4,4
34266,53,65,-12,12
34267,40,42,-2,2
34268,103,95,8,8
34269,87,91,-4,4
34270,66,63,3,3
34271,116,98,18,18
34272,107,90,17,17
34273,121,111,10,10
34274,114,93,21,21
34275,111,102,9,9
34276,105,96,9,9
34277,103,98,5,5
34278,106,87,19,19
34279,126,114,12,12
34280,104,93,11,11
34281,77,70,7,7
34282,114,107,7,7
34283,77,74,3,3
34284,83,79,4,4
34285,78,80,-2,2
34286,81,80,1,1
34287,64,64,0,0
34288,134,117,17,17
34289,78,75,3,3
34290,137,119,18,18
34291,80,74,6,6
34292,145,122,23,23
34293,103,104,-1,1
34294,101,92,9,9
34295,87,77,10,10
34296,83,80,3,3
34297,98,85,13,13
34298,133,124,9,9
34299,114,111,3,3
34300,119,99,20,20
34301,94,86,8,8
34302,85,84,1,1
34303,162,148,14,14
34304,85,68,17,17
34305,62,58,4,4
34306,83,74,9,9
34307,99,89,10,10
34308,79,78,1,1
34309,95,92,3,3
34310,140,130,10,10
34311,165,142,23,23
34312,104,92,12,12
34313,110,115,-5,5
34314,138,164,-26,26
34315,117,121,-4,4
34316,120,106,14,14
34317,67,71,-4,4
34318,82,76,6,6
34319,110,94,16,16
34320,110,94,16,16
34321,63,68,-5,5
34322,54,52,2,2
34323,128,123,5,5
34324,90,76,14,14
34325,99,94,5,5
34326,121,133,-12,12
34327,47,55,-8,8
34328,88,76,12,12
34329,96,82,14,14
34330,83,97,-14,14
34331,91,75,16,16
34332,100,95,5,5
34333,68,69,-1,1
34334,44,46,-2,2
34335,94,85,9,9
34336,48,51,-3,3
34337,63,59,4,4
34338,114,103,11,11
34339,88,76,12,12
34340,105,92,13,13
34341,67,68,-1,1
34342,61,51,10,10
34343,120,109,11,11
34344,111,95,16,16
34345,102,88,14,14
34346,111,97,14,14
34347,48,47,1,1
34348,102,100,2,2
34349,101,93,8,8
34350,88,87,1,1
34351,58,64,-6,6
34352,64,65,-1,1
34353,65,64,1,1
34354,156,138,18,18
34355,84,79,5,5
34356,169,138,31,31
34357,130,106,24,24
34358,51,59,-8,8
34359,60,55,5,5
34360,109,91,18,18
34361,107,101,6,6
34362,133,133,0,0
34363,73,66,7,7
34364,117,106,11,11
34365,105,94,11,11
34366,118,127,-9,9
34367,107,99,8,8
34368,89,85,4,4
34369,130,113,17,17
34370,107,106,1,1
34371,86,84,2,2
34372,87,85,2,2
34373,166,142,24,24
34374,91,87,4,4
34375,83,73,10,10
34376,90,94,-4,4
34377,60,65,-5,5
34378,73,72,1,1
34379,133,111,22,22
34380,131,117,14,14
34381,128,141,-13,13
34382,93,85,8,8
34383,48,52,-4,4
34384,126,98,28,28
34385,62,68,-6,6
34386,50,58,-8,8
34387,70,65,5,5
34388,111,105,6,6
34389,89,77,12,12
34390,94,92,2,2
34391,38,43,-5,5
34392,76,83,-7,7
34393,92,87,5,5
34394,66,62,4,4
34395,84,78,6,6
34396,72,70,2,2
34397,79,72,7,7
34398,78,75,3,3
34399,61,60,1,1
34400,68,64,4,4
34401,114,97,17,17
34402,84,80,4,4
34403,51,59,-8,8
34404,96,83,13,13
34405,74,68,6,6
34406,64,72,-8,8
34407,79,72,7,7
34408,89,77,12,12
34409,150,137,13,13
34410,137,112,25,25
34411,62,62,0,0
34412,120,103,17,17
34413,75,61,14,14
34414,63,64,-1,1
34415,144,137,7,7
34416,83,72,11,11
34417,71,95,-24,24
34418,125,116,9,9
34419,71,69,2,2
34420,90,88,2,2
34421,57,52,5,5
34422,68,72,-4,4
34423,117,99,18,18
34424,142,129,13,13
34425,95,82,13,13
34426,91,90,1,1
34427,86,84,2,2
34428,119,117,2,2
34429,71,80,-9,9
34430,97,85,12,12
34431,92,90,2,2
34432,86,88,-2,2
34433,48,52,-4,4
34434,50,42,8,8
34435,105,127,-22,22
34436,105,103,2,2
34437,127,104,23,23
34438,108,100,8,8
34439,71,66,5,5
34440,73,73,0,0
34441,68,73,-5,5
34442,147,123,24,24
34443,142,133,9,9
34444,39,44,-5,5
34445,91,75,16,16
34446,79,77,2,2
34447,84,75,9,9
34448,123,118,5,5
34449,63,65,-2,2
34450,196,170,26,26
34451,161,149,12,12
34452,152,117,35,35
34453,144,124,20,20
34454,96,91,5,5
34455,125,117,8,8
34456,82,72,10,10
34457,128,110,18,18
34458,160,149,11,11
34459,43,49,-6,6
34460,68,67,1,1
34461,108,81,27,27
34462,74,70,4,4
34463,52,52,0,0
34464,107,109,-2,2
34465,64,68,-4,4
34466,89,80,9,9
34467,85,71,14,14
34468,73,73,0,0
34469,177,169,8,8
34470,111,100,11,11
34471,67,74,-7,7
34472,76,67,9,9
34473,152,128,24,24
34474,90,87,3,3
34475,79,72,7,7
34476,99,96,3,3
34477,78,72,6,6
34478,131,118,13,13
34479,100,87,13,13
34480,74,75,-1,1
34481,99,93,6,6
34482,135,122,13,13
34483,104,100,4,4
34484,67,63,4,4
34485,102,85,17,17
34486,48,51,-3,3
34487,243,209,34,34
34488,97,88,9,9
34489,112,102,10,10
34490,118,114,4,4
34491,77,77,0,0
34492,73,59,14,14
34493,99,93,6,6
34494,60,74,-14,14
34495,155,140,15,15
34496,125,113,12,12
34497,202,158,44,44
34498,82,83,-1,1
34499,100,85,15,15
34500,78,70,8,8
34501,59,64,-5,5
34502,48,55,-7,7
34503,121,115,6,6
34504,128,114,14,14
34505,96,97,-1,1
34506,133,113,20,20
34507,107,99,8,8
34508,106,92,14,14
34509,111,117,-6,6
34510,48,66,-18,18
34511,79,80,-1,1
34512,121,101,20,20
34513,147,130,17,17
34514,113,103,10,10
34515,58,56,2,2
34516,93,80,13,13
34517,109,100,9,9
34518,85,85,0,0
34519,69,75,-6,6
34520,70,70,0,0
34521,81,84,-3,3
34522,47,47,0,0
34523,121,104,17,17
34524,151,123,28,28
34525,80,78,2,2
34526,60,59,1,1
34527,133,118,15,15
34528,65,66,-1,1
34529,162,149,13,13
34530,73,66,7,7
34531,108,94,14,14
34532,87,79,8,8
34533,101,101,0,0
34534,90,85,5,5
34535,130,136,-6,6
34536,133,115,18,18
34537,139,126,13,13
34538,95,96,-1,1
34539,96,87,9,9
34540,66,65,1,1
34541,69,71,-2,2
34542,69,65,4,4
34543,86,79,7,7
34544,95,89,6,6
34545,91,80,11,11
34546,189,151,38,38
34547,109,100,9,9
34548,63,59,4,4
34549,156,143,13,13
34550,64,60,4,4
34551,117,103,14,14
34552,55,51,4,4
34553,115,113,2,2
34554,103,89,14,14
34555,155,131,24,24
34556,78,75,3,3
34557,159,151,8,8
34558,73,62,11,11
34559,188,165,23,23
34560,150,139,11,11
34561,103,87,16,16
34562,80,78,2,2
34563,92,88,4,4
34564,121,113,8,8
34565,113,108,5,5
34566,106,94,12,12
34567,72,62,10,10
34568,120,109,11,11
34569,49,52,-3,3
34570,124,121,3,3
34571,82,78,4,4
34572,145,149,-4,4
34573,61,56,5,5
34574,108,97,11,11
34575,53,55,-2,2
34576,117,102,15,15
34577,88,85,3,3
34578,122,91,31,31
34579,56,53,3,3
34580,161,137,24,24
34581,115,103,12,12
34582,100,94,6,6
34583,149,140,9,9
34584,126,109,17,17
34585,74,75,-1,1
34586,124,108,16,16
34587,101,92,9,9
34588,83,92,-9,9
34589,105,93,12,12
34590,143,127,16,16
34591,153,135,18,18
34592,54,54,0,0
34593,52,53,-1,1
34594,87,81,6,6
34595,63,62,1,1
34596,84,85,-1,1
34597,96,90,6,6
34598,59,61,-2,2
34599,141,122,19,19
34600,121,102,19,19
34601,21,31,-10,10
34602,93,83,10,10
34603,126,118,8,8
34604,91,83,8,8
34605,126,111,15,15
34606,79,73,6,6
34607,133,126,7,7
34608,72,74,-2,2
34609,117,93,24,24
34610,51,60,-9,9
34611,92,85,7,7
34612,78,78,0,0
34613,70,70,0,0
34614,77,75,2,2
34615,94,79,15,15
34616,75,72,3,3
34617,93,89,4,4
34618,75,63,12,12
34619,149,135,14,14
34620,99,93,6,6
34621,94,98,-4,4
34622,98,85,13,13
34623,68,65,3,3
34624,101,130,-29,29
34625,115,101,14,14
34626,87,78,9,9
34627,100,105,-5,5
34628,80,85,-5,5
34629,133,115,18,18
34630,54,55,-1,1
34631,164,146,18,18
34632,98,94,4,4
34633,75,73,2,2
34634,77,65,12,12
34635,126,116,10,10
34636,124,109,15,15
34637,89,85,4,4
34638,77,76,1,1
34639,162,137,25,25
34640,129,106,23,23
34641,126,113,13,13
34642,90,77,13,13
34643,145,130,15,15
34644,59,65,-6,6
34645,79,71,8,8
34646,100,84,16,16
34647,136,120,16,16
34648,53,59,-6,6
34649,109,96,13,13
34650,79,75,4,4
34651,111,101,10,10
34652,172,130,42,42
34653,142,134,8,8
34654,81,75,6,6
34655,100,92,8,8
34656,71,68,3,3
34657,37,45,-8,8
34658,91,82,9,9
34659,85,78,7,7
34660,96,91,5,5
34661,96,87,9,9
34662,72,64,8,8
34663,58,56,2,2
34664,128,126,2,2
34665,90,75,15,15
34666,79,74,5,5
34667,57,52,5,5
34668,164,132,32,32
34669,147,108,39,39
34670,42,50,-8,8
34671,92,96,-4,4
34672,73,72,1,1
34673,80,77,3,3
34674,82,75,7,7
34675,82,79,3,3
34676,124,110,14,14
34677,87,88,-1,1
34678,93,87,6,6
34679,151,125,26,26
34680,88,81,7,7
34681,99,87,12,12
34682,104,96,8,8
34683,80,76,4,4
34684,91,78,13,13
34685,116,124,-8,8
34686,136,117,19,19
34687,76,102,-26,26
34688,125,123,2,2
34689,99,83,16,16
34690,112,110,2,2
34691,103,105,-2,2
34692,152,134,18,18
34693,122,108,14,14
34694,74,69,5,5
34695,106,101,5,5
34696,76,70,6,6
34697,59,61,-2,2
34698,100,113,-13,13
34699,58,60,-2,2
34700,69,69,0,0
34701,120,119,1,1
34702,74,68,6,6
34703,55,55,0,0
34704,89,83,6,6
34705,79,70,9,9
34706,137,131,6,6
34707,81,79,2,2
34708,64,72,-8,8
34709,170,153,17,17
34710,69,67,2,2
34711,72,66,6,6
34712,73,65,8,8
34713,66,69,-3,3
34714,114,104,10,10
34715,96,98,-2,2
34716,67,64,3,3
34717,83,77,6,6
34718,72,66,6,6
34719,150,135,15,15
34720,56,51,5,5
34721,66,67,-1,1
34722,53,59,-6,6
34723,169,142,27,27
34724,66,65,1,1
34725,105,105,0,0
34726,101,93,8,8
34727,78,76,2,2
34728,130,118,12,12
34729,140,124,16,16
34730,91,100,-9,9
34731,89,75,14,14
34732,73,70,3,3
34733,111,100,11,11
34734,111,105,6,6
34735,154,131,23,23
34736,56,54,2,2
34737,136,119,17,17
34738,101,85,16,16
34739,120,113,7,7
34740,62,51,11,11
34741,105,98,7,7
34742,76,73,3,3
34743,161,147,14,14
34744,88,88,0,0
34745,51,54,-3,3
34746,108,101,7,7
34747,101,91,10,10
34748,74,72,2,2
34749,189,152,37,37
34750,46,45,1,1
34751,58,59,-1,1
34752,100,83,17,17
34753,171,136,35,35
34754,45,46,-1,1
34755,87,70,17,17
34756,57,53,4,4
34757,137,112,25,25
34758,72,69,3,3
34759,115,103,12,12
34760,98,89,9,9
34761,58,60,-2,2
34762,87,103,-16,16
34763,79,71,8,8
34764,79,70,9,9
34765,67,65,2,2
34766,32,34,-2,2
34767,76,73,3,3
34768,80,65,15,15
34769,106,89,17,17
34770,54,60,-6,6
34771,75,76,-1,1
34772,149,133,16,16
34773,110,91,19,19
34774,106,102,4,4
34775,130,118,12,12
34776,49,51,-2,2
34777,119,114,5,5
34778,75,75,0,0
34779,89,84,5,5
34780,63,55,8,8
34781,64,51,13,13
34782,116,105,11,11
34783,79,68,11,11
34784,92,89,3,3
34785,70,72,-2,2
34786,120,109,11,11
34787,165,146,19,19
34788,187,169,18,18
34789,82,76,6,6
34790,53,62,-9,9
34791,88,80,8,8
34792,75,67,8,8
34793,66,57,9,9
34794,80,76,4,4
34795,113,95,18,18
34796,48,43,5,5
34797,52,52,0,0
34798,169,148,21,21
34799,100,100,0,0
34800,71,76,-5,5
34801,103,107,-4,4
34802,127,117,10,10
34803,132,127,5,5
34804,136,125,11,11
34805,67,58,9,9
34806,127,122,5,5
34807,142,133,9,9
34808,114,109,5,5
34809,71,73,-2,2
34810,77,74,3,3
34811,86,90,-4,4
34812,166,135,31,31
34813,116,103,13,13
34814,42,39,3,3
34815,91,78,13,13
34816,81,72,9,9
34817,109,98,11,11
34818,164,152,12,12
34819,119,114,5,5
34820,79,69,10,10
34821,122,109,13,13
34822,67,66,1,1
34823,96,85,11,11
34824,81,76,5,5
34825,110,76,34,34
34826,142,128,14,14
34827,30,33,-3,3
34828,102,96,6,6
34829,128,109,19,19
34830,127,125,2,2
34831,55,84,-29,29
34832,125,145,-20,20
34833,85,83,2,2
34834,82,79,3,3
34835,99,100,-1,1
34836,142,134,8,8
34837,99,102,-3,3
34838,96,97,-1,1
34839,87,94,-7,7
34840,76,69,7,7
34841,95,98,-3,3
34842,61,63,-2,2
34843,58,63,-5,5
34844,88,84,4,4
34845,87,91,-4,4
34846,89,82,7,7
34847,100,87,13,13
34848,87,83,4,4
34849,86,79,7,7
34850,43,51,-8,8
34851,33,35,-2,2
34852,97,89,8,8
34853,130,114,16,16
34854,149,127,22,22
34855,139,117,22,22
34856,71,70,1,1
34857,53,62,-9,9
34858,69,59,10,10
34859,114,94,20,20
34860,60,66,-6,6
34861,53,54,-1,1
34862,80,71,9,9
34863,75,62,13,13
34864,101,109,-8,8
34865,147,134,13,13
34866,100,86,14,14
34867,112,109,3,3
34868,61,57,4,4
34869,68,66,2,2
34870,41,56,-15,15
34871,72,74,-2,2
34872,69,75,-6,6
34873,135,115,20,20
34874,112,105,7,7
34875,63,59,4,4
34876,83,74,9,9
34877,74,72,2,2
34878,85,88,-3,3
34879,91,78,13,13
34880,150,137,13,13
34881,96,87,9,9
34882,61,78,-17,17
34883,51,64,-13,13
34884,61,62,-1,1
34885,143,148,-5,5
34886,64,64,0,0
34887,59,55,4,4
34888,67,75,-8,8
34889,65,78,-13,13
34890,142,121,21,21
34891,66,64,2,2
34892,73,74,-1,1
34893,107,99,8,8
34894,112,93,19,19
34895,104,98,6,6
34896,46,50,-4,4
34897,83,72,11,11
34898,89,80,9,9
34899,73,63,10,10
34900,59,62,-3,3
34901,59,56,3,3
34902,112,99,13,13
34903,75,73,2,2
34904,68,68,0,0
34905,80,84,-4,4
34906,70,75,-5,5
34907,77,74,3,3
34908,49,50,-1,1
34909,91,81,10,10
34910,65,59,6,6
34911,77,71,6,6
34912,130,108,22,22
34913,77,73,4,4
34914,175,161,14,14
34915,103,104,-1,1
34916,79,73,6,6
34917,74,66,8,8
34918,98,99,-1,1
34919,111,103,8,8
34920,105,108,-3,3
34921,106,101,5,5
34922,43,42,1,1
34923,91,92,-1,1
34924,88,84,4,4
34925,121,106,15,15
34926,111,97,14,14
34927,65,65,0,0
34928,63,57,6,6
34929,91,92,-1,1
34930,70,71,-1,1
34931,117,100,17,17
34932,56,62,-6,6
34933,153,141,12,12
34934,135,125,10,10
34935,66,63,3,3
34936,97,92,5,5
34937,94,94,0,0
34938,79,74,5,5
34939,89,77,12,12
34940,117,102,15,15
34941,50,51,-1,1
34942,172,162,10,10
34943,71,75,-4,4
34944,94,87,7,7
34945,146,136,10,10
34946,57,56,1,1
34947,91,87,4,4
34948,44,49,-5,5
34949,124,113,11,11
34950,117,97,20,20
34951,93,82,11,11
34952,100,97,3,3
34953,167,144,23,23
34954,97,89,8,8
34955,117,104,13,13
34956,142,123,19,19
34957,62,62,0,0
34958,99,97,2,2
34959,83,81,2,2
34960,61,66,-5,5
34961,80,81,-1,1
34962,85,75,10,10
34963,102,93,9,9
34964,127,123,4,4
34965,123,118,5,5
34966,117,105,12,12
34967,102,108,-6,6
34968,100,90,10,10
34969,105,93,12,12
34970,116,95,21,21
34971,104,103,1,1
34972,70,65,5,5
34973,71,73,-2,2
34974,59,70,-11,11
34975,86,76,10,10
34976,121,95,26,26
34977,104,88,16,16
34978,93,82,11,11
34979,78,76,2,2
34980,124,109,15,15
34981,83,80,3,3
34982,126,114,12,12
34983,91,85,6,6
34984,89,96,-7,7
34985,79,69,10,10
34986,110,103,7,7
34987,80,77,3,3
34988,116,107,9,9
34989,133,110,23,23
34990,91,94,-3,3
34991,94,81,13,13
34992,160,137,23,23
34993,107,107,0,0
34994,61,66,-5,5
34995,74,61,13,13
34996,80,77,3,3
34997,50,52,-2,2
34998,98,94,4,4
34999,47,46,1,1
35000,63,78,-15,15
35001,92,90,2,2
35002,97,90,7,7
35003,101,98,3,3
35004,48,55,-7,7
35005,114,108,6,6
35006,106,97,9,9
35007,98,87,11,11
35008,133,121,12,12
35009,98,80,18,18
35010,41,43,-2,2
35011,85,82,3,3
35012,102,97,5,5
35013,97,84,13,13
35014,49,52,-3,3
35015,50,55,-5,5
35016,86,86,0,0
35017,96,100,-4,4
35018,110,94,16,16
35019,95,86,9,9
35020,89,75,14,14
35021,92,84,8,8
35022,109,97,12,12
35023,75,73,2,2
35024,61,53,8,8
35025,82,87,-5,5
35026,88,86,2,2
35027,139,128,11,11
35028,67,77,-10,10
35029,106,99,7,7
35030,108,101,7,7
35031,80,81,-1,1
35032,78,80,-2,2
35033,87,83,4,4
35034,57,53,4,4
35035,63,59,4,4
35036,105,87,18,18
35037,129,104,25,25
35038,65,59,6,6
35039,93,88,5,5
35040,50,46,4,4
35041,30,42,-12,12
35042,81,73,8,8
35043,55,65,-10,10
35044,76,70,6,6
35045,135,113,22,22
35046,55,57,-2,2
35047,140,131,9,9
35048,92,79,13,13
35049,124,116,8,8
35050,100,93,7,7
35051,40,39,1,1
35052,50,48,2,2
35053,85,82,3,3
35054,87,91,-4,4
35055,136,118,18,18
35056,65,66,-1,1
35057,97,77,20,20
35058,80,72,8,8
35059,99,92,7,7
35060,69,69,0,0
35061,97,95,2,2
35062,65,61,4,4
35063,67,66,1,1
35064,108,100,8,8
35065,105,103,2,2
35066,98,83,15,15
35067,73,68,5,5
35068,87,80,7,7
35069,80,67,13,13
35070,115,112,3,3
35071,129,105,24,24
35072,62,61,1,1
35073,141,121,20,20
35074,165,143,22,22
35075,167,150,17,17
35076,128,106,22,22
35077,163,135,28,28
35078,49,58,-9,9
35079,73,79,-6,6
35080,117,146,-29,29
35081,182,151,31,31
35082,91,78,13,13
35083,73,74,-1,1
35084,130,121,9,9
35085,92,86,6,6
35086,164,133,31,31
35087,100,104,-4,4
35088,106,103,3,3
35089,155,147,8,8
35090,84,81,3,3
35091,115,113,2,2
35092,74,72,2,2
35093,62,56,6,6
35094,76,74,2,2
35095,82,85,-3,3
35096,116,100,16,16
35097,84,78,6,6
35098,61,63,-2,2
35099,155,131,24,24
35100,87,134,-47,47
35101,118,111,7,7
35102,126,120,6,6
35103,123,114,9,9
35104,72,74,-2,2
35105,106,98,8,8
35106,119,102,17,17
35107,79,75,4,4
35108,70,79,-9,9
35109,129,107,22,22
35110,93,78,15,15
35111,98,82,16,16
35112,164,155,9,9
35113,110,107,3,3
35114,108,100,8,8
35115,79,74,5,5
35116,140,132,8,8
35117,81,83,-2,2
35118,84,85,-1,1
35119,64,57,7,7
35120,101,94,7,7
35121,65,67,-2,2
35122,71,75,-4,4
35123,66,67,-1,1
35124,81,76,5,5
35125,82,88,-6,6
35126,101,101,0,0
35127,95,92,3,3
35128,95,92,3,3
35129,177,159,18,18
35130,148,145,3,3
35131,83,84,-1,1
35132,79,72,7,7
35133,87,78,9,9
35134,120,109,11,11
35135,140,148,-8,8
35136,117,107,10,10
35137,88,81,7,7
35138,79,66,13,13
35139,89,88,1,1
35140,83,72,11,11
35141,79,89,-10,10
35142,118,108,10,10
35143,79,79,0,0
35144,95,83,12,12
35145,62,59,3,3
35146,67,68,-1,1
35147,63,62,1,1
35148,99,81,18,18
35149,164,151,13,13
35150,71,59,12,12
35151,49,49,0,0
35152,88,83,5,5
35153,93,84,9,9
35154,90,82,8,8
35155,96,77,19,19
35156,91,84,7,7
35157,41,40,1,1
35158,94,87,7,7
35159,58,54,4,4
35160,87,84,3,3
35161,100,90,10,10
35162,117,110,7,7
35163,106,95,11,11
35164,65,70,-5,5
35165,126,118,8,8
35166,92,89,3,3
35167,78,82,-4,4
35168,98,89,9,9
35169,102,109,-7,7
35170,115,95,20,20
35171,93,82,11,11
35172,48,55,-7,7
35173,64,65,-1,1
35174,168,161,7,7
35175,95,79,16,16
35176,125,114,11,11
35177,128,128,0,0
35178,137,107,30,30
35179,62,52,10,10
35180,76,70,6,6
35181,66,62,4,4
35182,50,53,-3,3
35183,98,86,12,12
35184,101,100,1,1
35185,77,74,3,3
35186,97,91,6,6
35187,116,100,16,16
35188,118,103,15,15
35189,157,145,12,12
35190,48,51,-3,3
35191,86,83,3,3
35192,79,90,-11,11
35193,93,81,12,12
35194,58,57,1,1
35195,65,63,2,2
35196,203,169,34,34
35197,59,57,2,2
35198,103,92,11,11
35199,35,34,1,1
35200,95,93,2,2
35201,89,87,2,2
35202,122,106,16,16
35203,97,87,10,10
35204,84,76,8,8
35205,146,118,28,28
35206,129,109,20,20
35207,76,79,-3,3
35208,79,74,5,5
35209,92,86,6,6
35210,82,69,13,13
35211,111,97,14,14
35212,88,78,10,10
35213,155,137,18,18
35214,75,64,11,11
35215,109,98,11,11
35216,64,57,7,7
35217,76,69,7,7
35218,114,108,6,6
35219,84,75,9,9
35220,90,81,9,9
35221,49,51,-2,2
35222,103,98,5,5
35223,140,127,13,13
35224,64,64,0,0
35225,171,160,11,11
35226,89,83,6,6
35227,57,60,-3,3
35228,99,73,26,26
35229,62,62,0,0
35230,191,166,25,25
35231,108,91,17,17
35232,116,105,11,11
35233,157,136,21,21
35234,98,105,-7,7
35235,167,157,10,10
35236,89,79,10,10
35237,65,66,-1,1
35238,103,97,6,6
35239,107,97,10,10
35240,66,60,6,6
35241,137,123,14,14
35242,68,61,7,7
35243,64,56,8,8
35244,137,119,18,18
35245,101,94,7,7
35246,120,105,15,15
35247,99,96,3,3
35248,58,62,-4,4
35249,93,91,2,2
35250,48,66,-18,18
35251,96,108,-12,12
35252,68,69,-1,1
35253,95,93,2,2
35254,117,101,16,16
35255,61,67,-6,6
35256,122,116,6,6
35257,77,84,-7,7
35258,69,73,-4,4
35259,105,93,12,12
35260,126,119,7,7
35261,67,57,10,10
35262,122,111,11,11
35263,96,88,8,8
35264,188,156,32,32
35265,72,60,12,12
35266,122,107,15,15
35267,53,53,0,0
35268,49,56,-7,7
35269,131,111,20,20
35270,118,95,23,23
35271,68,60,8,8
35272,84,84,0,0
35273,80,80,0,0
35274,95,100,-5,5
35275,54,51,3,3
35276,80,79,1,1
35277,55,57,-2,2
35278,50,50,0,0
35279,141,129,12,12
35280,118,103,15,15
35281,64,62,2,2
35282,132,110,22,22
35283,81,72,9,9
35284,49,43,6,6
35285,86,79,7,7
35286,107,99,8,8
35287,123,113,10,10
35288,109,92,17,17
35289,121,108,13,13
35290,89,89,0,0
35291,57,61,-4,4
35292,123,107,16,16
35293,102,100,2,2
35294,143,119,24,24
35295,57,56,1,1
35296,84,76,8,8
35297,73,65,8,8
35298,124,114,10,10
35299,86,73,13,13
35300,128,116,12,12
35301,146,121,25,25
35302,92,81,11,11
35303,68,74,-6,6
35304,88,84,4,4
35305,147,135,12,12
35306,134,126,8,8
35307,91,88,3,3
35308,137,121,16,16
35309,130,121,9,9
35310,103,93,10,10
35311,78,84,-6,6
35312,85,76,9,9
35313,57,54,3,3
35314,159,134,25,25
35315,80,80,0,0
35316,113,115,-2,2
35317,152,128,24,24
35318,163,139,24,24
35319,137,109,28,28
35320,116,103,13,13
35321,144,127,17,17
35322,61,66,-5,5
35323,158,136,22,22
35324,120,137,-17,17
35325,64,64,0,0
35326,106,95,11,11
35327,60,65,-5,5
35328,87,88,-1,1
35329,72,63,9,9
35330,92,85,7,7
35331,164,137,27,27
35332,121,119,2,2
35333,63,64,-1,1
35334,108,101,7,7
35335,70,63,7,7
35336,66,70,-4,4
35337,81,119,-38,38
35338,84,79,5,5
35339,69,68,1,1
35340,161,148,13,13
35341,73,67,6,6
35342,62,57,5,5
35343,66,63,3,3
35344,80,80,0,0
35345,110,116,-6,6
35346,145,126,19,19
35347,32,52,-20,20
35348,62,67,-5,5
35349,191,171,20,20
35350,84,80,4,4
35351,96,85,11,11
35352,87,75,12,12
35353,54,56,-2,2
35354,85,79,6,6
35355,118,98,20,20
35356,52,51,1,1
35357,102,80,22,22
35358,66,64,2,2
35359,151,141,10,10
35360,129,130,-1,1
35361,61,53,8,8
35362,102,102,0,0
35363,88,85,3,3
35364,61,68,-7,7
35365,77,78,-1,1
35366,79,75,4,4
35367,110,95,15,15
35368,96,86,10,10
35369,74,70,4,4
35370,120,110,10,10
35371,134,118,16,16
35372,66,62,4,4
35373,61,56,5,5
35374,130,112,18,18
35375,60,61,-1,1
35376,66,64,2,2
35377,115,104,11,11
35378,99,89,10,10
35379,55,51,4,4
35380,104,88,16,16
35381,104,96,8,8
35382,97,94,3,3
35383,48,47,1,1
35384,51,52,-1,1
35385,51,41,10,10
35386,80,76,4,4
35387,57,52,5,5
35388,77,56,21,21
35389,128,114,14,14
35390,141,132,9,9
35391,77,72,5,5
35392,132,120,12,12
35393,110,101,9,9
35394,43,31,12,12
35395,110,106,4,4
35396,85,73,12,12
35397,92,91,1,1
35398,49,51,-2,2
35399,69,66,3,3
35400,64,62,2,2
35401,82,72,10,10
35402,59,65,-6,6
35403,69,64,5,5
35404,66,64,2,2
35405,92,83,9,9
35406,101,82,19,19
35407,62,67,-5,5
35408,126,108,18,18
35409,119,111,8,8
35410,117,97,20,20
35411,162,143,19,19
35412,100,90,10,10
35413,107,107,0,0
35414,49,56,-7,7
35415,75,73,2,2
35416,85,76,9,9
35417,87,71,16,16
35418,58,51,7,7
35419,86,99,-13,13
35420,54,54,0,0
35421,149,135,14,14
35422,99,87,12,12
35423,118,110,8,8
35424,88,86,2,2
35425,128,134,-6,6
35426,121,114,7,7
35427,62,57,5,5
35428,32,32,0,0
35429,152,129,23,23
35430,58,55,3,3
35431,77,80,-3,3
35432,127,104,23,23
35433,109,97,12,12
35434,116,106,10,10
35435,83,80,3,3
35436,70,77,-7,7
35437,101,87,14,14
35438,70,64,6,6
35439,117,96,21,21
35440,93,92,1,1
35441,72,74,-2,2
35442,131,122,9,9
35443,64,64,0,0
35444,160,144,16,16
35445,86,74,12,12
35446,84,83,1,1
35447,56,55,1,1
35448,94,82,12,12
35449,149,126,23,23
35450,128,108,20,20
35451,97,99,-2,2
35452,178,155,23,23
35453,102,93,9,9
35454,53,54,-1,1
35455,124,104,20,20
35456,79,80,-1,1
35457,136,140,-4,4
35458,71,74,-3,3
35459,54,50,4,4
35460,97,84,13,13
35461,72,73,-1,1
35462,169,139,30,30
35463,80,72,8,8
35464,53,58,-5,5
35465,64,58,6,6
35466,52,52,0,0
35467,38,50,-12,12
35468,78,73,5,5
35469,160,73,87,87
35470,113,99,14,14
35471,90,88,2,2
35472,63,60,3,3
35473,79,78,1,1
35474,56,55,1,1
35475,241,217,24,24
35476,68,66,2,2
35477,145,133,12,12
35478,69,62,7,7
35479,107,96,11,11
35480,79,78,1,1
35481,123,114,9,9
35482,97,83,14,14
35483,77,71,6,6
35484,66,126,-60,60
35485,83,76,7,7
35486,82,80,2,2
35487,78,76,2,2
35488,89,81,8,8
35489,76,63,13,13
35490,61,63,-2,2
35491,116,102,14,14
35492,128,123,5,5
35493,130,121,9,9
35494,46,46,0,0
35495,105,96,9,9
35496,150,120,30,30
35497,156,145,11,11
35498,69,66,3,3
35499,89,81,8,8
35500,77,70,7,7
35501,123,114,9,9
35502,97,85,12,12
35503,87,77,10,10
35504,80,74,6,6
35505,79,78,1,1
35506,58,62,-4,4
35507,53,53,0,0
35508,105,100,5,5
35509,74,76,-2,2
35510,101,98,3,3
35511,56,56,0,0
35512,115,101,14,14
35513,141,137,4,4
35514,116,104,12,12
35515,47,47,0,0
35516,43,44,-1,1
35517,80,81,-1,1
35518,91,90,1,1
35519,75,81,-6,6
35520,114,97,17,17
35521,79,79,0,0
35522,106,91,15,15
35523,69,57,12,12
35524,87,71,16,16
35525,118,117,1,1
35526,84,81,3,3
35527,90,90,0,0
35528,97,83,14,14
35529,57,56,1,1
35530,132,122,10,10
35531,90,100,-10,10
35532,108,105,3,3
35533,132,112,20,20
35534,76,79,-3,3
35535,38,32,6,6
35536,52,51,1,1
35537,68,60,8,8
35538,141,131,10,10
35539,90,88,2,2
35540,72,64,8,8
35541,74,67,7,7
35542,89,81,8,8
35543,72,68,4,4
35544,78,57,21,21
35545,67,63,4,4
35546,94,84,10,10
35547,65,62,3,3
35548,75,68,7,7
35549,76,80,-4,4
35550,78,67,11,11
35551,70,72,-2,2
35552,124,105,19,19
35553,123,108,15,15
35554,185,160,25,25
35555,126,100,26,26
35556,104,95,9,9
35557,79,75,4,4
35558,74,54,20,20
35559,82,77,5,5
35560,47,51,-4,4
35561,40,38,2,2
35562,102,94,8,8
35563,68,71,-3,3
35564,95,92,3,3
35565,111,97,14,14
35566,74,72,2,2
35567,63,67,-4,4
35568,118,107,11,11
35569,181,153,28,28
35570,63,64,-1,1
35571,73,69,4,4
35572,76,74,2,2
35573,80,73,7,7
35574,99,93,6,6
35575,83,84,-1,1
35576,48,49,-1,1
35577,140,115,25,25
35578,101,100,1,1
35579,76,87,-11,11
35580,84,90,-6,6
35581,95,82,13,13
35582,60,56,4,4
35583,78,73,5,5
35584,125,114,11,11
35585,90,87,3,3
35586,99,91,8,8
35587,58,53,5,5
35588,128,119,9,9
35589,67,65,2,2
35590,96,100,-4,4
35591,96,83,13,13
35592,141,125,16,16
35593,77,77,0,0
35594,114,94,20,20
35595,86,79,7,7
35596,175,155,20,20
35597,129,115,14,14
35598,50,55,-5,5
35599,70,60,10,10
35600,224,186,38,38
35601,146,131,15,15
35602,81,72,9,9
35603,97,86,11,11
35604,118,119,-1,1
35605,77,65,12,12
35606,73,68,5,5
35607,85,79,6,6
35608,102,93,9,9
35609,130,118,12,12
35610,133,124,9,9
35611,129,114,15,15
35612,80,73,7,7
35613,93,90,3,3
35614,91,80,11,11
35615,41,88,-47,47
35616,82,82,0,0
35617,67,64,3,3
35618,85,78,7,7
35619,75,75,0,0
35620,118,111,7,7
35621,118,92,26,26
35622,79,73,6,6
35623,63,58,5,5
35624,170,156,14,14
35625,73,72,1,1
35626,114,84,30,30
35627,154,148,6,6
35628,54,63,-9,9
35629,115,102,13,13
35630,49,115,-66,66
35631,99,96,3,3
35632,80,75,5,5
35633,152,141,11,11
35634,71,67,4,4
35635,118,135,-17,17
35636,106,92,14,14
35637,106,105,1,1
35638,173,144,29,29
35639,89,88,1,1
35640,65,65,0,0
35641,93,84,9,9
35642,109,100,9,9
35643,126,119,7,7
35644,143,149,-6,6
35645,127,119,8,8
35646,114,97,17,17
35647,84,85,-1,1
35648,68,73,-5,5
35649,60,62,-2,2
35650,111,103,8,8
35651,127,126,1,1
35652,83,72,11,11
35653,98,90,8,8
35654,83,67,16,16
35655,77,75,2,2
35656,51,52,-1,1
35657,88,86,2,2
35658,48,57,-9,9
35659,147,133,14,14
35660,66,75,-9,9
35661,100,87,13,13
35662,76,76,0,0
35663,59,57,2,2
35664,116,102,14,14
35665,61,62,-1,1
35666,155,136,19,19
35667,99,97,2,2
35668,112,101,11,11
35669,70,52,18,18
35670,79,80,-1,1
35671,96,92,4,4
35672,90,90,0,0
35673,104,91,13,13
35674,99,88,11,11
35675,81,81,0,0
35676,134,136,-2,2
35677,126,119,7,7
35678,160,112,48,48
35679,75,70,5,5
35680,104,100,4,4
35681,150,125,25,25
35682,120,109,11,11
35683,90,85,5,5
35684,120,101,19,19
35685,142,125,17,17
35686,75,67,8,8
35687,102,83,19,19
35688,162,140,22,22
35689,74,71,3,3
35690,75,70,5,5
35691,99,92,7,7
35692,130,120,10,10
35693,53,50,3,3
35694,127,121,6,6
35695,103,87,16,16
35696,94,85,9,9
35697,76,80,-4,4
35698,83,80,3,3
35699,195,161,34,34
35700,58,66,-8,8
35701,51,63,-12,12
35702,153,135,18,18
35703,190,164,26,26
35704,87,82,5,5
35705,96,90,6,6
35706,100,86,14,14
35707,74,71,3,3
35708,67,66,1,1
35709,124,115,9,9
35710,74,65,9,9
35711,111,93,18,18
35712,93,106,-13,13
35713,107,90,17,17
35714,70,58,12,12
35715,154,137,17,17
35716,125,104,21,21
35717,107,90,17,17
35718,69,80,-11,11
35719,101,97,4,4
35720,95,81,14,14
35721,96,82,14,14
35722,85,78,7,7
35723,70,88,-18,18
35724,68,62,6,6
35725,61,60,1,1
35726,155,143,12,12
35727,58,63,-5,5
35728,72,69,3,3
35729,47,51,-4,4
35730,98,94,4,4
35731,145,118,27,27
35732,52,57,-5,5
35733,120,97,23,23
35734,78,70,8,8
35735,56,56,0,0
35736,89,89,0,0
35737,82,79,3,3
35738,104,100,4,4
35739,128,129,-1,1
35740,159,124,35,35
35741,79,80,-1,1
35742,109,98,11,11
35743,120,111,9,9
35744,79,88,-9,9
35745,73,60,13,13
35746,64,56,8,8
35747,97,85,12,12
35748,135,107,28,28
35749,81,83,-2,2
35750,91,84,7,7
35751,58,51,7,7
35752,78,71,7,7
35753,77,69,8,8
35754,47,42,5,5
35755,167,144,23,23
35756,65,79,-14,14
35757,152,136,16,16
35758,159,141,18,18
35759,89,103,-14,14
35760,205,178,27,27
35761,108,94,14,14
35762,101,87,14,14
35763,129,120,9,9
35764,123,111,12,12
35765,90,84,6,6
35766,138,118,20,20
35767,105,88,17,17
35768,93,82,11,11
35769,129,109,20,20
35770,110,90,20,20
35771,86,92,-6,6
35772,72,73,-1,1
35773,122,108,14,14
35774,37,41,-4,4
35775,173,158,15,15
35776,97,83,14,14
35777,45,44,1,1
35778,97,79,18,18
35779,85,85,0,0
35780,83,81,2,2
35781,105,93,12,12
35782,138,123,15,15
35783,98,83,15,15
35784,128,109,19,19
35785,94,78,16,16
35786,131,105,26,26
35787,67,67,0,0
35788,176,158,18,18
35789,116,105,11,11
35790,116,115,1,1
35791,80,54,26,26
35792,84,76,8,8
35793,69,70,-1,1
35794,165,152,13,13
35795,55,64,-9,9
35796,123,115,8,8
35797,117,113,4,4
35798,81,67,14,14
35799,86,79,7,7
35800,185,166,19,19
35801,104,97,7,7
35802,89,84,5,5
35803,85,77,8,8
35804,156,132,24,24
35805,72,67,5,5
35806,95,75,20,20
35807,86,74,12,12
35808,72,64,8,8
35809,168,136,32,32
35810,42,44,-2,2
35811,93,93,0,0
35812,103,85,18,18
35813,83,79,4,4
35814,137,122,15,15
35815,117,117,0,0
35816,77,79,-2,2
35817,79,84,-5,5
35818,121,108,13,13
35819,110,111,-1,1
35820,101,88,13,13
35821,88,91,-3,3
35822,91,83,8,8
35823,166,139,27,27
35824,63,60,3,3
35825,92,87,5,5
35826,138,114,24,24
35827,110,107,3,3
35828,151,138,13,13
35829,121,121,0,0
35830,73,68,5,5
35831,77,69,8,8
35832,197,176,21,21
35833,94,74,20,20
35834,67,67,0,0
35835,147,117,30,30
35836,92,105,-13,13
35837,138,126,12,12
35838,71,77,-6,6
35839,93,82,11,11
35840,115,101,14,14
35841,90,80,10,10
35842,137,118,19,19
35843,136,128,8,8
35844,63,61,2,2
35845,68,66,2,2
35846,105,97,8,8
35847,61,55,6,6
35848,75,74,1,1
35849,120,112,8,8
35850,145,135,10,10
35851,106,95,11,11
35852,171,145,26,26
35853,87,87,0,0
35854,112,93,19,19
35855,75,75,0,0
35856,84,81,3,3
35857,55,51,4,4
35858,57,57,0,0
35859,71,64,7,7
35860,150,131,19,19
35861,42,46,-4,4
35862,95,88,7,7
35863,100,96,4,4
35864,77,66,11,11
35865,134,132,2,2
35866,100,80,20,20
35867,117,113,4,4
35868,74,100,-26,26
35869,106,92,14,14
35870,121,105,16,16
35871,115,101,14,14
35872,137,122,15,15
35873,80,77,3,3
35874,81,82,-1,1
35875,50,55,-5,5
35876,60,66,-6,6
35877,143,116,27,27
35878,80,86,-6,6
35879,72,67,5,5
35880,74,68,6,6
35881,125,113,12,12
35882,111,94,17,17
35883,99,91,8,8
35884,72,68,4,4
35885,84,73,11,11
35886,52,51,1,1
35887,54,51,3,3
35888,63,62,1,1
35889,101,90,11,11
35890,65,52,13,13
35891,74,78,-4,4
35892,141,128,13,13
35893,84,79,5,5
35894,156,128,28,28
35895,105,90,15,15
35896,130,111,19,19
35897,74,72,2,2
35898,97,99,-2,2
35899,111,107,4,4
35900,65,65,0,0
35901,124,111,13,13
35902,80,75,5,5
35903,93,85,8,8
35904,122,108,14,14
35905,84,87,-3,3
35906,92,89,3,3
35907,52,73,-21,21
35908,86,87,-1,1
35909,69,72,-3,3
35910,114,100,14,14
35911,68,62,6,6
35912,123,118,5,5
35913,104,113,-9,9
35914,119,102,17,17
35915,123,96,27,27
35916,99,86,13,13
35917,117,121,-4,4
35918,94,92,2,2
35919,126,114,12,12
35920,148,126,22,22
35921,112,96,16,16
35922,168,159,9,9
35923,81,74,7,7
35924,100,89,11,11
35925,78,75,3,3
35926,109,99,10,10
35927,120,104,16,16
35928,119,116,3,3
35929,83,99,-16,16
35930,138,123,15,15
35931,63,66,-3,3
35932,63,54,9,9
35933,88,76,12,12
35934,50,51,-1,1
35935,171,149,22,22
35936,111,89,22,22
35937,154,142,12,12
35938,131,109,22,22
35939,110,96,14,14
35940,74,74,0,0
35941,116,112,4,4
35942,112,104,8,8
35943,89,84,5,5
35944,109,106,3,3
35945,68,67,1,1
35946,77,73,4,4
35947,69,66,3,3
35948,54,58,-4,4
35949,74,70,4,4
35950,140,128,12,12
35951,92,76,16,16
35952,47,51,-4,4
35953,49,57,-8,8
35954,72,69,3,3
35955,79,79,0,0
35956,45,54,-9,9
35957,53,57,-4,4
35958,114,109,5,5
35959,64,67,-3,3
35960,63,57,6,6
35961,113,95,18,18
35962,103,90,13,13
35963,109,96,13,13
35964,94,86,8,8
35965,65,60,5,5
35966,94,85,9,9
35967,142,133,9,9
35968,38,37,1,1
35969,91,95,-4,4
35970,86,79,7,7
35971,150,135,15,15
35972,66,64,2,2
35973,68,62,6,6
35974,62,55,7,7
35975,53,50,3,3
35976,53,54,-1,1
35977,117,106,11,11
35978,89,87,2,2
35979,96,79,17,17
35980,109,102,7,7
35981,100,93,7,7
35982,132,114,18,18
35983,125,115,10,10
35984,47,44,3,3
35985,76,85,-9,9
35986,80,76,4,4
35987,108,120,-12,12
35988,72,71,1,1
35989,79,73,6,6
35990,103,94,9,9
35991,93,87,6,6
35992,90,77,13,13
35993,76,71,5,5
35994,88,79,9,9
35995,70,70,0,0
35996,162,127,35,35
35997,86,74,12,12
35998,62,60,2,2
35999,78,74,4,4
36000,51,49,2,2
36001,131,102,29,29
36002,81,74,7,7
36003,100,96,4,4
36004,107,98,9,9
36005,71,70,1,1
36006,99,89,10,10
36007,128,110,18,18
36008,102,97,5,5
36009,111,112,-1,1
36010,114,107,7,7
36011,145,124,21,21
36012,123,102,21,21
36013,64,62,2,2
36014,138,124,14,14
36015,120,118,2,2
36016,96,89,7,7
36017,143,130,13,13
36018,79,74,5,5
36019,139,134,5,5
36020,124,110,14,14
36021,76,78,-2,2
36022,67,66,1,1
36023,65,69,-4,4
36024,62,61,1,1
36025,184,167,17,17
36026,102,94,8,8
36027,60,60,0,0
36028,79,83,-4,4
36029,63,61,2,2
36030,70,56,14,14
36031,91,92,-1,1
36032,68,70,-2,2
36033,86,87,-1,1
36034,97,101,-4,4
36035,78,81,-3,3
36036,110,88,22,22
36037,94,79,15,15
36038,68,78,-10,10
36039,150,131,19,19
36040,81,73,8,8
36041,58,60,-2,2
36042,48,51,-3,3
36043,76,70,6,6
36044,102,91,11,11
36045,74,72,2,2
36046,60,59,1,1
36047,75,78,-3,3
36048,92,80,12,12
36049,62,62,0,0
36050,91,87,4,4
36051,93,83,10,10
36052,146,136,10,10
36053,94,83,11,11
36054,88,84,4,4
36055,124,117,7,7
36056,92,88,4,4
36057,87,104,-17,17
36058,113,114,-1,1
36059,99,87,12,12
36060,90,83,7,7
36061,95,81,14,14
36062,61,59,2,2
36063,139,120,19,19
36064,106,110,-4,4
36065,42,49,-7,7
36066,95,89,6,6
36067,121,118,3,3
36068,130,128,2,2
36069,121,116,5,5
36070,74,67,7,7
36071,84,80,4,4
36072,70,67,3,3
36073,73,73,0,0
36074,116,98,18,18
36075,120,105,15,15
36076,151,132,19,19
36077,80,77,3,3
36078,90,88,2,2
36079,68,69,-1,1
36080,102,94,8,8
36081,180,162,18,18
36082,44,73,-29,29
36083,170,150,20,20
36084,99,81,18,18
36085,130,113,17,17
36086,78,98,-20,20
36087,107,96,11,11
36088,93,94,-1,1
36089,146,133,13,13
36090,97,84,13,13
36091,107,92,15,15
36092,116,102,14,14
36093,81,87,-6,6
36094,84,76,8,8
36095,88,93,-5,5
36096,77,60,17,17
36097,65,64,1,1
36098,158,135,23,23
36099,76,79,-3,3
36100,56,52,4,4
36101,119,113,6,6
36102,82,74,8,8
36103,52,59,-7,7
36104,44,53,-9,9
36105,122,103,19,19
36106,92,89,3,3
36107,87,81,6,6
36108,152,142,10,10
36109,97,89,8,8
36110,127,108,19,19
36111,61,61,0,0
36112,58,63,-5,5
36113,94,87,7,7
36114,123,114,9,9
36115,141,114,27,27
36116,61,68,-7,7
36117,151,153,-2,2
36118,117,107,10,10
36119,88,83,5,5
36120,71,63,8,8
36121,131,124,7,7
36122,98,86,12,12
36123,54,58,-4,4
36124,133,113,20,20
36125,68,60,8,8
36126,49,56,-7,7
36127,106,96,10,10
36128,144,126,18,18
36129,105,97,8,8
36130,59,51,8,8
36131,65,65,0,0
36132,136,118,18,18
36133,58,53,5,5
36134,49,51,-2,2
36135,47,50,-3,3
36136,87,82,5,5
36137,81,86,-5,5
36138,110,93,17,17
36139,119,108,11,11
36140,114,102,12,12
36141,77,67,10,10
36142,114,104,10,10
36143,112,102,10,10
36144,86,98,-12,12
36145,91,85,6,6
36146,136,113,23,23
36147,52,47,5,5
36148,85,84,1,1
36149,97,88,9,9
36150,151,131,20,20
36151,118,104,14,14
36152,156,127,29,29
36153,61,52,9,9
36154,107,96,11,11
36155,173,159,14,14
36156,86,85,1,1
36157,74,76,-2,2
36158,90,78,12,12
36159,61,61,0,0
36160,112,108,4,4
36161,114,95,19,19
36162,86,85,1,1
36163,115,109,6,6
36164,128,118,10,10
36165,62,65,-3,3
36166,81,80,1,1
36167,102,96,6,6
36168,104,99,5,5
36169,70,74,-4,4
36170,85,77,8,8
36171,59,59,0,0
36172,112,95,17,17
36173,141,136,5,5
36174,103,107,-4,4
36175,89,84,5,5
36176,83,77,6,6
36177,54,51,3,3
36178,70,74,-4,4
36179,75,75,0,0
36180,124,111,13,13
36181,64,61,3,3
36182,137,117,20,20
36183,112,114,-2,2
36184,60,66,-6,6
36185,103,101,2,2
36186,76,70,6,6
36187,100,84,16,16
36188,68,69,-1,1
36189,72,76,-4,4
36190,52,55,-3,3
36191,91,85,6,6
36192,57,53,4,4
36193,71,58,13,13
36194,99,95,4,4
36195,117,121,-4,4
36196,179,156,23,23
36197,109,99,10,10
36198,33,52,-19,19
36199,101,94,7,7
36200,105,92,13,13
36201,88,81,7,7
36202,152,147,5,5
36203,88,75,13,13
36204,140,119,21,21
36205,123,100,23,23
36206,129,115,14,14
36207,57,57,0,0
36208,53,51,2,2
36209,65,64,1,1
36210,72,66,6,6
36211,127,129,-2,2
36212,62,65,-3,3
36213,47,52,-5,5
36214,101,92,9,9
36215,58,50,8,8
36216,90,90,0,0
36217,71,68,3,3
36218,148,125,23,23
36219,131,113,18,18
36220,173,161,12,12
36221,140,119,21,21
36222,88,83,5,5
36223,105,103,2,2
36224,129,110,19,19
36225,105,90,15,15
36226,113,116,-3,3
36227,83,85,-2,2
36228,58,56,2,2
36229,59,57,2,2
36230,110,84,26,26
36231,106,101,5,5
36232,95,89,6,6
36233,101,81,20,20
36234,56,58,-2,2
36235,134,125,9,9
36236,118,109,9,9
36237,114,96,18,18
36238,70,70,0,0
36239,68,71,-3,3
36240,66,67,-1,1
36241,92,82,10,10
36242,113,106,7,7
36243,108,97,11,11
36244,91,94,-3,3
36245,146,135,11,11
36246,114,103,11,11
36247,103,100,3,3
36248,108,128,-20,20
36249,60,59,1,1
36250,62,62,0,0
36251,102,93,9,9
36252,110,106,4,4
36253,194,156,38,38
36254,53,55,-2,2
36255,102,93,9,9
36256,175,144,31,31
36257,66,58,8,8
36258,108,99,9,9
36259,112,99,13,13
36260,154,129,25,25
36261,121,117,4,4
36262,66,60,6,6
36263,84,77,7,7
36264,72,68,4,4
36265,97,83,14,14
36266,125,110,15,15
36267,53,50,3,3
36268,56,57,-1,1
36269,139,132,7,7
36270,76,78,-2,2
36271,98,88,10,10
36272,64,65,-1,1
36273,102,91,11,11
36274,63,67,-4,4
36275,125,113,12,12
36276,133,105,28,28
36277,61,58,3,3
36278,57,56,1,1
36279,87,78,9,9
36280,65,67,-2,2
36281,45,50,-5,5
36282,105,102,3,3
36283,123,104,19,19
36284,96,81,15,15
36285,146,137,9,9
36286,65,64,1,1
36287,93,84,9,9
36288,67,67,0,0
36289,112,83,29,29
36290,128,110,18,18
36291,78,75,3,3
36292,73,69,4,4
36293,89,81,8,8
36294,62,57,5,5
36295,127,123,4,4
36296,126,105,21,21
36297,80,71,9,9
36298,84,84,0,0
36299,85,97,-12,12
36300,65,64,1,1
36301,63,58,5,5
36302,42,49,-7,7
36303,84,77,7,7
36304,73,68,5,5
36305,50,50,0,0
36306,107,116,-9,9
36307,108,97,11,11
36308,65,65,0,0
36309,150,117,33,33
36310,101,91,10,10
36311,51,44,7,7
36312,74,69,5,5
36313,79,74,5,5
36314,117,98,19,19
36315,71,77,-6,6
36316,70,71,-1,1
36317,75,69,6,6
36318,38,48,-10,10
36319,104,99,5,5
36320,97,87,10,10
36321,117,103,14,14
36322,78,71,7,7
36323,58,66,-8,8
36324,133,122,11,11
36325,51,52,-1,1
36326,117,109,8,8
36327,82,72,10,10
36328,155,135,20,20
36329,102,101,1,1
36330,137,126,11,11
36331,85,76,9,9
36332,132,123,9,9
36333,35,37,-2,2
36334,72,75,-3,3
36335,119,113,6,6
36336,90,80,10,10
36337,69,67,2,2
36338,76,77,-1,1
36339,85,82,3,3
36340,114,95,19,19
36341,84,101,-17,17
36342,78,77,1,1
36343,55,59,-4,4
36344,102,96,6,6
36345,163,132,31,31
36346,69,68,1,1
36347,126,112,14,14
36348,43,34,9,9
36349,61,52,9,9
36350,54,56,-2,2
36351,109,98,11,11
36352,102,109,-7,7
36353,80,78,2,2
36354,206,171,35,35
36355,51,51,0,0
36356,89,69,20,20
36357,72,76,-4,4
36358,127,116,11,11
36359,76,77,-1,1
36360,107,95,12,12
36361,71,63,8,8
36362,66,60,6,6
36363,76,69,7,7
36364,184,159,25,25
36365,129,118,11,11
36366,55,53,2,2
36367,110,104,6,6
36368,75,75,0,0
36369,61,64,-3,3
36370,136,119,17,17
36371,103,86,17,17
36372,115,112,3,3
36373,55,56,-1,1
36374,113,98,15,15
36375,89,75,14,14
36376,121,100,21,21
36377,80,86,-6,6
36378,141,124,17,17
36379,150,152,-2,2
36380,90,80,10,10
36381,73,73,0,0
36382,137,144,-7,7
36383,107,90,17,17
36384,86,79,7,7
36385,112,105,7,7
36386,46,54,-8,8
36387,72,72,0,0
36388,99,95,4,4
36389,63,62,1,1
36390,126,98,28,28
36391,64,58,6,6
36392,90,95,-5,5
36393,59,61,-2,2
36394,66,53,13,13
36395,114,90,24,24
36396,102,89,13,13
36397,77,72,5,5
36398,90,72,18,18
36399,68,65,3,3
36400,78,66,12,12
36401,71,70,1,1
36402,49,51,-2,2
36403,83,78,5,5
36404,112,113,-1,1
36405,102,101,1,1
36406,134,108,26,26
36407,57,56,1,1
36408,71,70,1,1
36409,163,149,14,14
36410,130,111,19,19
36411,123,123,0,0
36412,117,109,8,8
36413,78,72,6,6
36414,39,44,-5,5
36415,49,51,-2,2
36416,57,54,3,3
36417,51,55,-4,4
36418,123,103,20,20
36419,92,87,5,5
36420,93,89,4,4
36421,77,72,5,5
36422,197,145,52,52
36423,112,104,8,8
36424,63,67,-4,4
36425,83,83,0,0
36426,68,80,-12,12
36427,105,93,12,12
36428,62,68,-6,6
36429,71,62,9,9
36430,91,83,8,8
36431,85,76,9,9
36432,197,179,18,18
36433,124,106,18,18
36434,119,107,12,12
36435,130,125,5,5
36436,81,72,9,9
36437,92,89,3,3
36438,71,67,4,4
36439,67,61,6,6
36440,99,86,13,13
36441,94,90,4,4
36442,114,112,2,2
36443,167,144,23,23
36444,120,102,18,18
36445,125,101,24,24
36446,70,63,7,7
36447,114,98,16,16
36448,95,87,8,8
36449,46,53,-7,7
36450,101,99,2,2
36451,61,55,6,6
36452,90,93,-3,3
36453,67,130,-63,63
36454,157,132,25,25
36455,79,72,7,7
36456,105,96,9,9
36457,112,94,18,18
36458,89,86,3,3
36459,105,98,7,7
36460,124,109,15,15
36461,65,59,6,6
36462,73,68,5,5
36463,66,66,0,0
36464,61,63,-2,2
36465,125,127,-2,2
36466,122,120,2,2
36467,76,69,7,7
36468,90,89,1,1
36469,176,142,34,34
36470,62,62,0,0
36471,139,126,13,13
36472,43,41,2,2
36473,67,69,-2,2
36474,50,51,-1,1
36475,66,64,2,2
36476,59,60,-1,1
36477,81,69,12,12
36478,83,72,11,11
36479,92,83,9,9
36480,76,79,-3,3
36481,62,57,5,5
36482,64,76,-12,12
36483,92,92,0,0
36484,123,111,12,12
36485,84,68,16,16
36486,88,85,3,3
36487,58,61,-3,3
36488,87,80,7,7
36489,73,71,2,2
36490,44,53,-9,9
36491,123,111,12,12
36492,76,68,8,8
36493,82,83,-1,1
36494,84,78,6,6
36495,69,68,1,1
36496,80,79,1,1
36497,104,95,9,9
36498,81,77,4,4
36499,79,80,-1,1
36500,90,98,-8,8
36501,105,96,9,9
36502,140,126,14,14
36503,85,82,3,3
36504,96,86,10,10
36505,102,93,9,9
36506,81,74,7,7
36507,117,103,14,14
36508,68,64,4,4
36509,79,76,3,3
36510,143,123,20,20
36511,66,56,10,10
36512,52,51,1,1
36513,109,92,17,17
36514,40,51,-11,11
36515,140,119,21,21
36516,115,103,12,12
36517,74,81,-7,7
36518,61,62,-1,1
36519,66,66,0,0
36520,92,75,17,17
36521,48,70,-22,22
36522,116,105,11,11
36523,141,121,20,20
36524,113,99,14,14
36525,89,78,11,11
36526,139,117,22,22
36527,134,124,10,10
36528,152,137,15,15
36529,88,82,6,6
36530,93,86,7,7
36531,161,141,20,20
36532,90,87,3,3
36533,68,60,8,8
36534,148,125,23,23
36535,82,76,6,6
36536,96,86,10,10
36537,171,157,14,14
36538,96,100,-4,4
36539,66,65,1,1
36540,113,98,15,15
36541,78,75,3,3
36542,82,75,7,7
36543,61,57,4,4
36544,82,74,8,8
36545,99,101,-2,2
36546,225,172,53,53
36547,81,73,8,8
36548,62,58,4,4
36549,66,64,2,2
36550,44,57,-13,13
36551,74,82,-8,8
36552,83,76,7,7
36553,109,99,10,10
36554,51,55,-4,4
36555,121,110,11,11
36556,83,68,15,15
36557,81,85,-4,4
36558,53,58,-5,5
36559,73,76,-3,3
36560,109,93,16,16
36561,151,139,12,12
36562,115,104,11,11
36563,122,105,17,17
36564,116,108,8,8
36565,107,96,11,11
36566,109,94,15,15
36567,72,65,7,7
36568,43,44,-1,1
36569,78,71,7,7
36570,127,106,21,21
36571,50,52,-2,2
36572,96,88,8,8
36573,53,55,-2,2
36574,37,40,-3,3
36575,94,80,14,14
36576,56,61,-5,5
36577,27,31,-4,4
36578,38,50,-12,12
36579,109,104,5,5
36580,109,99,10,10
36581,70,73,-3,3
36582,60,61,-1,1
36583,82,87,-5,5
36584,67,63,4,4
36585,67,66,1,1
36586,78,72,6,6
36587,62,68,-6,6
36588,49,55,-6,6
36589,109,94,15,15
36590,88,85,3,3
36591,81,88,-7,7
36592,82,84,-2,2
36593,90,81,9,9
36594,79,76,3,3
36595,97,82,15,15
36596,75,77,-2,2
36597,104,91,13,13
36598,84,85,-1,1
36599,146,131,15,15
36600,62,59,3,3
36601,104,102,2,2
36602,106,98,8,8
36603,92,86,6,6
36604,92,84,8,8
36605,92,89,3,3
36606,71,67,4,4
36607,91,88,3,3
36608,87,80,7,7
36609,79,88,-9,9
36610,86,93,-7,7
36611,128,105,23,23
36612,186,169,17,17
36613,138,118,20,20
36614,89,78,11,11
36615,168,146,22,22
36616,46,49,-3,3
36617,93,86,7,7
36618,72,73,-1,1
36619,110,94,16,16
36620,99,83,16,16
36621,51,50,1,1
36622,93,91,2,2
36623,99,90,9,9
36624,126,114,12,12
36625,64,65,-1,1
36626,209,179,30,30
36627,102,92,10,10
36628,98,94,4,4
36629,79,66,13,13
36630,85,87,-2,2
36631,64,63,1,1
36632,83,76,7,7
36633,121,95,26,26
36634,111,98,13,13
36635,72,68,4,4
36636,97,85,12,12
36637,96,82,14,14
36638,64,64,0,0
36639,128,117,11,11
36640,34,33,1,1
36641,124,97,27,27
36642,84,75,9,9
36643,132,117,15,15
36644,55,55,0,0
36645,118,107,11,11
36646,47,50,-3,3
36647,74,70,4,4
36648,75,69,6,6
36649,93,88,5,5
36650,171,136,35,35
36651,81,78,3,3
36652,62,62,0,0
36653,81,72,9,9
36654,83,69,14,14
36655,65,64,1,1
36656,61,63,-2,2
36657,83,82,1,1
36658,102,93,9,9
36659,78,73,5,5
36660,85,78,7,7
36661,122,108,14,14
36662,60,58,2,2
36663,151,143,8,8
36664,72,75,-3,3
36665,93,89,4,4
36666,99,90,9,9
36667,95,96,-1,1
36668,105,93,12,12
36669,83,66,17,17
36670,128,123,5,5
36671,76,98,-22,22
36672,114,96,18,18
36673,125,119,6,6
36674,88,81,7,7
36675,117,116,1,1
36676,54,53,1,1
36677,102,95,7,7
36678,60,52,8,8
36679,47,59,-12,12
36680,76,68,8,8
36681,53,53,0,0
36682,83,84,-1,1
36683,148,141,7,7
36684,101,89,12,12
36685,126,112,14,14
36686,124,177,-53,53
36687,114,105,9,9
36688,74,75,-1,1
36689,83,88,-5,5
36690,109,95,14,14
36691,89,92,-3,3
36692,76,74,2,2
36693,53,55,-2,2
36694,78,75,3,3
36695,60,60,0,0
36696,136,118,18,18
36697,42,55,-13,13
36698,126,109,17,17
36699,99,99,0,0
36700,96,93,3,3
36701,45,49,-4,4
36702,77,70,7,7
36703,167,137,30,30
36704,102,121,-19,19
36705,92,89,3,3
36706,61,56,5,5
36707,138,122,16,16
36708,117,118,-1,1
36709,127,109,18,18
36710,92,72,20,20
36711,83,79,4,4
36712,69,65,4,4
36713,189,163,26,26
36714,89,75,14,14
36715,154,138,16,16
36716,78,77,1,1
36717,92,86,6,6
36718,151,143,8,8
36719,138,134,4,4
36720,73,66,7,7
36721,152,138,14,14
36722,122,109,13,13
36723,71,64,7,7
36724,118,109,9,9
36725,93,76,17,17
36726,104,93,11,11
36727,85,75,10,10
36728,91,82,9,9
36729,50,51,-1,1
36730,102,83,19,19
36731,120,108,12,12
36732,111,97,14,14
36733,71,71,0,0
36734,57,51,6,6
36735,161,116,45,45
36736,53,51,2,2
36737,122,127,-5,5
36738,125,117,8,8
36739,83,77,6,6
36740,74,76,-2,2
36741,78,73,5,5
36742,51,51,0,0
36743,167,128,39,39
36744,78,75,3,3
36745,207,175,32,32
36746,120,111,9,9
36747,142,134,8,8
36748,71,78,-7,7
36749,144,113,31,31
36750,55,51,4,4
36751,75,63,12,12
36752,113,110,3,3
36753,100,103,-3,3
36754,56,59,-3,3
36755,137,117,20,20
36756,92,85,7,7
36757,142,121,21,21
36758,114,104,10,10
36759,47,51,-4,4
36760,61,55,6,6
36761,130,114,16,16
36762,68,69,-1,1
36763,72,80,-8,8
36764,39,39,0,0
36765,116,113,3,3
36766,135,117,18,18
36767,121,107,14,14
36768,126,111,15,15
36769,115,117,-2,2
36770,92,83,9,9
36771,137,115,22,22
36772,67,63,4,4
36773,58,51,7,7
36774,74,72,2,2
36775,66,52,14,14
36776,70,60,10,10
36777,89,100,-11,11
36778,85,87,-2,2
36779,77,74,3,3
36780,54,52,2,2
36781,103,99,4,4
36782,45,51,-6,6
36783,35,51,-16,16
36784,84,103,-19,19
36785,61,70,-9,9
36786,114,100,14,14
36787,47,51,-4,4
36788,86,78,8,8
36789,92,95,-3,3
36790,61,52,9,9
36791,96,87,9,9
36792,48,47,1,1
36793,115,117,-2,2
36794,209,175,34,34
36795,89,82,7,7
36796,63,54,9,9
36797,68,67,1,1
36798,88,91,-3,3
36799,63,67,-4,4
36800,121,122,-1,1
36801,146,147,-1,1
36802,64,59,5,5
36803,75,70,5,5
36804,118,118,0,0
36805,121,116,5,5
36806,87,78,9,9
36807,80,77,3,3
36808,80,80,0,0
36809,107,90,17,17
36810,137,123,14,14
36811,96,83,13,13
36812,74,69,5,5
36813,90,77,13,13
36814,70,62,8,8
36815,45,50,-5,5
36816,63,54,9,9
36817,122,108,14,14
36818,80,75,5,5
36819,91,88,3,3
36820,241,202,39,39
36821,49,51,-2,2
36822,115,116,-1,1
36823,136,100,36,36
36824,87,71,16,16
36825,90,98,-8,8
36826,86,74,12,12
36827,126,113,13,13
36828,63,75,-12,12
36829,68,62,6,6
36830,83,71,12,12
36831,101,94,7,7
36832,82,103,-21,21
36833,105,105,0,0
36834,141,134,7,7
36835,67,69,-2,2
36836,29,31,-2,2
36837,96,92,4,4
36838,69,62,7,7
36839,62,64,-2,2
36840,68,70,-2,2
36841,96,80,16,16
36842,122,119,3,3
36843,109,107,2,2
36844,83,74,9,9
36845,127,110,17,17
36846,115,118,-3,3
36847,95,85,10,10
36848,64,57,7,7
36849,80,78,2,2
36850,285,249,36,36
36851,88,81,7,7
36852,154,114,40,40
36853,163,142,21,21
36854,68,104,-36,36
36855,72,73,-1,1
36856,184,168,16,16
36857,87,76,11,11
36858,58,59,-1,1
36859,110,108,2,2
36860,62,68,-6,6
36861,53,50,3,3
36862,158,146,12,12
36863,87,95,-8,8
36864,70,74,-4,4
36865,72,71,1,1
36866,141,114,27,27
36867,94,84,10,10
36868,48,59,-11,11
36869,56,54,2,2
36870,169,145,24,24
36871,81,97,-16,16
36872,71,66,5,5
36873,97,81,16,16
36874,73,73,0,0
36875,90,87,3,3
36876,122,107,15,15
36877,68,57,11,11
36878,128,108,20,20
36879,68,65,3,3
36880,128,120,8,8
36881,80,76,4,4
36882,76,67,9,9
36883,131,129,2,2
36884,96,92,4,4
36885,118,118,0,0
36886,112,96,16,16
36887,174,152,22,22
36888,44,40,4,4
36889,92,89,3,3
36890,66,65,1,1
36891,90,85,5,5
36892,144,128,16,16
36893,110,93,17,17
36894,164,133,31,31
36895,85,75,10,10
36896,87,93,-6,6
36897,126,134,-8,8
36898,70,66,4,4
36899,111,103,8,8
36900,56,52,4,4
36901,50,54,-4,4
36902,93,90,3,3
36903,66,67,-1,1
36904,77,71,6,6
36905,59,57,2,2
36906,95,92,3,3
36907,79,73,6,6
36908,84,77,7,7
36909,81,74,7,7
36910,118,97,21,21
36911,62,59,3,3
36912,113,108,5,5
36913,89,75,14,14
36914,109,94,15,15
36915,157,137,20,20
36916,144,148,-4,4
36917,113,95,18,18
36918,136,115,21,21
36919,55,48,7,7
36920,100,118,-18,18
36921,127,107,20,20
36922,137,124,13,13
36923,77,72,5,5
36924,75,72,3,3
36925,96,93,3,3
36926,183,160,23,23
36927,100,89,11,11
36928,66,56,10,10
36929,87,83,4,4
36930,76,73,3,3
36931,79,92,-13,13
36932,84,77,7,7
36933,101,91,10,10
36934,110,105,5,5
36935,97,89,8,8
36936,55,57,-2,2
36937,94,81,13,13
36938,65,65,0,0
36939,78,71,7,7
36940,69,62,7,7
36941,171,150,21,21
36942,78,74,4,4
36943,58,59,-1,1
36944,79,75,4,4
36945,90,77,13,13
36946,43,39,4,4
36947,80,88,-8,8
36948,121,119,2,2
36949,186,157,29,29
36950,87,81,6,6
36951,25,31,-6,6
36952,77,79,-2,2
36953,111,102,9,9
36954,60,56,4,4
36955,70,72,-2,2
36956,145,122,23,23
36957,83,80,3,3
36958,87,72,15,15
36959,79,72,7,7
36960,110,101,9,9
36961,70,64,6,6
36962,157,138,19,19
36963,95,88,7,7
36964,62,65,-3,3
36965,83,78,5,5
36966,64,61,3,3
36967,240,199,41,41
36968,77,75,2,2
36969,171,144,27,27
36970,111,103,8,8
36971,98,85,13,13
36972,60,58,2,2
36973,94,87,7,7
36974,117,103,14,14
36975,113,108,5,5
36976,149,149,0,0
36977,84,80,4,4
36978,50,53,-3,3
36979,109,113,-4,4
36980,77,83,-6,6
36981,125,113,12,12
36982,74,80,-6,6
36983,80,77,3,3
36984,70,69,1,1
36985,79,76,3,3
36986,125,100,25,25
36987,102,82,20,20
36988,72,66,6,6
36989,99,92,7,7
36990,73,79,-6,6
36991,104,89,15,15
36992,99,89,10,10
36993,97,83,14,14
36994,135,126,9,9
36995,80,80,0,0
36996,146,132,14,14
36997,59,64,-5,5
36998,95,90,5,5
36999,159,125,34,34
37000,73,63,10,10
37001,94,87,7,7
37002,159,123,36,36
37003,178,147,31,31
37004,58,54,4,4
37005,88,79,9,9
37006,88,89,-1,1
37007,81,83,-2,2
37008,79,69,10,10
37009,54,54,0,0
37010,88,79,9,9
37011,75,66,9,9
37012,101,83,18,18
37013,89,76,13,13
37014,51,56,-5,5
37015,121,110,11,11
37016,110,105,5,5
37017,99,82,17,17
37018,63,67,-4,4
37019,113,105,8,8
37020,137,128,9,9
37021,114,114,0,0
37022,87,78,9,9
37023,176,137,39,39
37024,136,123,13,13
37025,104,91,13,13
37026,131,160,-29,29
37027,100,108,-8,8
37028,110,107,3,3
37029,54,50,4,4
37030,99,95,4,4
37031,55,60,-5,5
37032,141,118,23,23
37033,142,128,14,14
37034,125,104,21,21
37035,114,115,-1,1
37036,121,112,9,9
37037,138,118,20,20
37038,66,72,-6,6
37039,108,96,12,12
37040,137,120,17,17
37041,57,54,3,3
37042,97,94,3,3
37043,114,96,18,18
37044,124,139,-15,15
37045,66,67,-1,1
37046,51,52,-1,1
37047,162,136,26,26
37048,161,143,18,18
37049,116,103,13,13
37050,111,104,7,7
37051,143,131,12,12
37052,41,50,-9,9
37053,97,80,17,17
37054,49,54,-5,5
37055,156,138,18,18
37056,48,51,-3,3
37057,82,75,7,7
37058,58,56,2,2
37059,81,73,8,8
37060,81,75,6,6
37061,68,66,2,2
37062,120,113,7,7
37063,28,36,-8,8
37064,84,90,-6,6
37065,96,92,4,4
37066,79,75,4,4
37067,446,379,67,67
37068,132,120,12,12
37069,131,117,14,14
37070,60,68,-8,8
37071,78,67,11,11
37072,113,105,8,8
37073,67,63,4,4
37074,83,76,7,7
37075,77,66,11,11
37076,82,76,6,6
37077,60,59,1,1
37078,112,102,10,10
37079,124,110,14,14
37080,150,123,27,27
37081,87,80,7,7
37082,129,110,19,19
37083,151,133,18,18
37084,36,40,-4,4
37085,100,95,5,5
37086,57,99,-42,42
37087,108,105,3,3
37088,78,80,-2,2
37089,72,61,11,11
37090,69,78,-9,9
37091,108,103,5,5
37092,87,76,11,11
37093,51,61,-10,10
37094,48,51,-3,3
37095,98,102,-4,4
37096,31,51,-20,20
37097,140,109,31,31
37098,74,64,10,10
37099,95,94,1,1
37100,87,78,9,9
37101,120,113,7,7
37102,83,72,11,11
37103,81,90,-9,9
37104,75,73,2,2
37105,87,83,4,4
37106,145,131,14,14
37107,98,86,12,12
37108,52,49,3,3
37109,83,77,6,6
37110,55,69,-14,14
37111,110,108,2,2
37112,125,121,4,4
37113,87,73,14,14
37114,101,93,8,8
37115,81,67,14,14
37116,143,128,15,15
37117,218,182,36,36
37118,79,69,10,10
37119,97,83,14,14
37120,58,55,3,3
37121,116,111,5,5
37122,76,66,10,10
37123,94,85,9,9
37124,79,86,-7,7
37125,60,58,2,2
37126,103,102,1,1
37127,51,50,1,1
37128,113,98,15,15
37129,83,93,-10,10
37130,121,113,8,8
37131,87,70,17,17
37132,152,134,18,18
37133,97,87,10,10
37134,169,152,17,17
37135,73,82,-9,9
37136,141,136,5,5
37137,88,74,14,14
37138,75,154,-79,79
37139,78,72,6,6
37140,114,100,14,14
37141,95,78,17,17
37142,100,99,1,1
37143,94,90,4,4
37144,62,63,-1,1
37145,75,96,-21,21
37146,91,89,2,2
37147,155,124,31,31
37148,82,74,8,8
37149,120,108,12,12
37150,154,133,21,21
37151,45,47,-2,2
37152,69,68,1,1
37153,70,72,-2,2
37154,129,120,9,9
37155,83,71,12,12
37156,102,89,13,13
37157,34,39,-5,5
37158,84,74,10,10
37159,93,82,11,11
37160,173,144,29,29
37161,81,80,1,1
37162,112,115,-3,3
37163,141,127,14,14
37164,117,104,13,13
37165,87,89,-2,2
37166,89,97,-8,8
37167,138,132,6,6
37168,77,77,0,0
37169,71,72,-1,1
37170,108,106,2,2
37171,84,75,9,9
37172,90,93,-3,3
37173,156,135,21,21
37174,90,88,2,2
37175,91,86,5,5
37176,64,62,2,2
37177,66,64,2,2
37178,59,50,9,9
37179,124,105,19,19
37180,49,47,2,2
37181,108,102,6,6
37182,83,77,6,6
37183,115,94,21,21
37184,59,61,-2,2
37185,51,63,-12,12
37186,90,81,9,9
37187,77,85,-8,8
37188,59,52,7,7
37189,100,92,8,8
37190,138,118,20,20
37191,237,208,29,29
37192,71,70,1,1
37193,51,51,0,0
37194,160,150,10,10
37195,162,122,40,40
37196,121,109,12,12
37197,122,106,16,16
37198,64,57,7,7
37199,78,70,8,8
37200,107,124,-17,17
37201,102,100,2,2
37202,74,77,-3,3
37203,90,93,-3,3
37204,65,55,10,10
37205,85,85,0,0
37206,88,84,4,4
37207,95,92,3,3
37208,92,87,5,5
37209,148,121,27,27
37210,89,81,8,8
37211,63,62,1,1
37212,98,83,15,15
37213,74,71,3,3
37214,69,65,4,4
37215,58,59,-1,1
37216,148,125,23,23
37217,75,74,1,1
37218,128,118,10,10
37219,63,72,-9,9
37220,113,95,18,18
37221,88,89,-1,1
37222,68,56,12,12
37223,98,89,9,9
37224,79,78,1,1
37225,69,70,-1,1
37226,284,238,46,46
37227,76,71,5,5
37228,98,93,5,5
37229,73,74,-1,1
37230,135,123,12,12
37231,71,66,5,5
37232,85,75,10,10
37233,58,60,-2,2
37234,110,104,6,6
37235,63,60,3,3
37236,91,86,5,5
37237,72,73,-1,1
37238,111,123,-12,12
37239,75,65,10,10
37240,127,117,10,10
37241,157,132,25,25
37242,136,125,11,11
37243,66,60,6,6
37244,53,51,2,2
37245,76,75,1,1
37246,76,67,9,9
37247,123,122,1,1
37248,90,81,9,9
37249,62,60,2,2
37250,93,104,-11,11
37251,150,126,24,24
37252,114,104,10,10
37253,99,80,19,19
37254,85,76,9,9
37255,68,61,7,7
37256,54,51,3,3
37257,64,61,3,3
37258,126,119,7,7
37259,52,53,-1,1
37260,119,103,16,16
37261,112,101,11,11
37262,257,213,44,44
37263,75,75,0,0
37264,58,55,3,3
37265,87,79,8,8
37266,50,49,1,1
37267,79,77,2,2
37268,142,121,21,21
37269,122,117,5,5
37270,69,71,-2,2
37271,82,73,9,9
37272,83,81,2,2
37273,87,77,10,10
37274,132,119,13,13
37275,110,113,-3,3
37276,98,80,18,18
37277,93,86,7,7
37278,112,111,1,1
37279,101,86,15,15
37280,97,94,3,3
37281,111,108,3,3
37282,53,54,-1,1
37283,78,94,-16,16
37284,104,91,13,13
37285,86,75,11,11
37286,109,100,9,9
37287,136,120,16,16
37288,113,118,-5,5
37289,53,55,-2,2
37290,85,73,12,12
37291,142,120,22,22
37292,141,128,13,13
37293,87,82,5,5
37294,79,73,6,6
37295,171,145,26,26
37296,104,101,3,3
37297,91,111,-20,20
37298,70,64,6,6
37299,93,92,1,1
37300,115,108,7,7
37301,49,52,-3,3
37302,115,96,19,19
37303,85,75,10,10
37304,96,92,4,4
37305,112,103,9,9
37306,133,127,6,6
37307,114,102,12,12
37308,78,91,-13,13
37309,158,135,23,23
37310,73,64,9,9
37311,44,50,-6,6
37312,160,148,12,12
37313,114,108,6,6
37314,163,106,57,57
37315,113,101,12,12
37316,92,94,-2,2
37317,35,40,-5,5
37318,135,120,15,15
37319,113,103,10,10
37320,105,91,14,14
37321,79,72,7,7
37322,130,111,19,19
37323,129,119,10,10
37324,81,79,2,2
37325,71,74,-3,3
37326,233,186,47,47
37327,79,81,-2,2
37328,88,81,7,7
37329,121,116,5,5
37330,132,114,18,18
37331,179,154,25,25
37332,199,167,32,32
37333,133,116,17,17
37334,127,112,15,15
37335,71,72,-1,1
37336,59,59,0,0
37337,92,88,4,4
37338,98,91,7,7
37339,93,77,16,16
37340,103,76,27,27
37341,114,113,1,1
37342,80,79,1,1
37343,84,80,4,4
37344,95,81,14,14
37345,141,126,15,15
37346,184,157,27,27
37347,138,107,31,31
37348,59,56,3,3
37349,172,153,19,19
37350,146,126,20,20
37351,72,72,0,0
37352,139,130,9,9
37353,108,100,8,8
37354,91,93,-2,2
37355,38,34,4,4
37356,44,51,-7,7
37357,86,80,6,6
37358,68,70,-2,2
37359,68,57,11,11
37360,100,94,6,6
37361,135,115,20,20
37362,30,43,-13,13
37363,149,128,21,21
37364,93,87,6,6
37365,132,126,6,6
37366,61,62,-1,1
37367,104,100,4,4
37368,119,108,11,11
37369,61,64,-3,3
37370,79,77,2,2
37371,48,51,-3,3
37372,80,61,19,19
37373,145,155,-10,10
37374,65,70,-5,5
37375,68,63,5,5
37376,68,66,2,2
37377,78,78,0,0
37378,65,58,7,7
37379,98,86,12,12
37380,102,101,1,1
37381,115,93,22,22
37382,71,66,5,5
37383,63,64,-1,1
37384,64,72,-8,8
37385,97,91,6,6
37386,102,85,17,17
37387,101,96,5,5
37388,34,33,1,1
37389,70,69,1,1
37390,53,61,-8,8
37391,92,87,5,5
37392,83,80,3,3
37393,101,99,2,2
37394,76,71,5,5
37395,76,76,0,0
37396,111,99,12,12
37397,49,54,-5,5
37398,55,62,-7,7
37399,115,100,15,15
37400,126,113,13,13
37401,121,100,21,21
37402,145,124,21,21
37403,60,71,-11,11
37404,73,61,12,12
37405,63,64,-1,1
37406,71,68,3,3
37407,81,80,1,1
37408,98,90,8,8
37409,138,128,10,10
37410,69,71,-2,2
37411,172,168,4,4
37412,57,65,-8,8
37413,119,105,14,14
37414,65,65,0,0
37415,54,54,0,0
37416,86,88,-2,2
37417,116,108,8,8
37418,145,123,22,22
37419,102,100,2,2
37420,108,98,10,10
37421,63,60,3,3
37422,125,111,14,14
37423,90,85,5,5
37424,139,133,6,6
37425,94,87,7,7
37426,86,82,4,4
37427,44,51,-7,7
37428,89,89,0,0
37429,82,76,6,6
37430,114,97,17,17
37431,60,59,1,1
37432,103,98,5,5
37433,58,51,7,7
37434,108,106,2,2
37435,140,135,5,5
37436,160,146,14,14
37437,54,52,2,2
37438,106,94,12,12
37439,140,130,10,10
37440,101,96,5,5
37441,120,108,12,12
37442,118,106,12,12
37443,116,105,11,11
37444,108,98,10,10
37445,205,189,16,16
37446,192,165,27,27
37447,97,92,5,5
37448,59,57,2,2
37449,60,61,-1,1
37450,51,50,1,1
37451,48,50,-2,2
37452,118,105,13,13
37453,209,178,31,31
37454,64,63,1,1
37455,76,79,-3,3
37456,130,116,14,14
37457,83,86,-3,3
37458,69,73,-4,4
37459,66,57,9,9
37460,81,84,-3,3
37461,116,123,-7,7
37462,91,88,3,3
37463,178,165,13,13
37464,148,149,-1,1
37465,160,148,12,12
37466,116,120,-4,4
37467,87,86,1,1
37468,93,89,4,4
37469,71,70,1,1
37470,121,108,13,13
37471,85,70,15,15
37472,75,74,1,1
37473,101,92,9,9
37474,72,68,4,4
37475,60,58,2,2
37476,102,88,14,14
37477,111,97,14,14
37478,81,83,-2,2
37479,75,84,-9,9
37480,107,104,3,3
37481,75,75,0,0
37482,67,72,-5,5
37483,126,119,7,7
37484,106,100,6,6
37485,126,116,10,10
37486,104,101,3,3
37487,65,69,-4,4
37488,92,87,5,5
37489,78,69,9,9
37490,127,112,15,15
37491,88,83,5,5
37492,35,51,-16,16
37493,87,84,3,3
37494,53,62,-9,9
37495,108,101,7,7
37496,89,83,6,6
37497,79,72,7,7
37498,79,80,-1,1
37499,138,111,27,27
37500,92,79,13,13
37501,84,77,7,7
37502,65,63,2,2
37503,74,70,4,4
37504,147,131,16,16
37505,96,92,4,4
37506,124,114,10,10
37507,84,84,0,0
37508,118,106,12,12
37509,80,70,10,10
37510,89,90,-1,1
37511,154,146,8,8
37512,96,97,-1,1
37513,73,77,-4,4
37514,218,172,46,46
37515,108,98,10,10
37516,156,138,18,18
37517,56,61,-5,5
37518,105,92,13,13
37519,103,119,-16,16
37520,98,96,2,2
37521,161,146,15,15
37522,150,121,29,29
37523,50,51,-1,1
37524,99,90,9,9
37525,62,62,0,0
37526,102,94,8,8
37527,86,78,8,8
37528,81,74,7,7
37529,51,53,-2,2
37530,100,86,14,14
37531,74,68,6,6
37532,65,56,9,9
37533,95,88,7,7
37534,99,91,8,8
37535,84,85,-1,1
37536,114,91,23,23
37537,99,85,14,14
37538,58,51,7,7
37539,49,50,-1,1
37540,119,102,17,17
37541,83,79,4,4
37542,96,94,2,2
37543,70,72,-2,2
37544,108,100,8,8
37545,128,106,22,22
37546,75,69,6,6
37547,72,65,7,7
37548,88,73,15,15
37549,71,67,4,4
37550,103,89,14,14
37551,109,96,13,13
37552,77,76,1,1
37553,74,71,3,3
37554,105,90,15,15
37555,56,50,6,6
37556,95,86,9,9
37557,152,128,24,24
37558,62,60,2,2
37559,128,115,13,13
37560,108,91,17,17
37561,58,61,-3,3
37562,144,118,26,26
37563,109,95,14,14
37564,66,61,5,5
37565,114,106,8,8
37566,150,122,28,28
37567,98,86,12,12
37568,151,133,18,18
37569,73,69,4,4
37570,84,76,8,8
37571,126,115,11,11
37572,50,55,-5,5
37573,101,106,-5,5
37574,56,57,-1,1
37575,95,90,5,5
37576,65,65,0,0
37577,141,113,28,28
37578,94,84,10,10
37579,67,68,-1,1
37580,55,59,-4,4
37581,65,62,3,3
37582,52,66,-14,14
37583,95,83,12,12
37584,158,139,19,19
37585,106,34,72,72
37586,101,91,10,10
37587,96,86,10,10
37588,132,124,8,8
37589,91,82,9,9
37590,80,76,4,4
37591,209,178,31,31
37592,71,74,-3,3
37593,94,95,-1,1
37594,93,82,11,11
37595,103,97,6,6
37596,69,72,-3,3
37597,190,172,18,18
37598,92,84,8,8
37599,105,89,16,16
37600,69,72,-3,3
37601,54,63,-9,9
37602,59,55,4,4
37603,82,81,1,1
37604,84,80,4,4
37605,30,52,-22,22
37606,150,129,21,21
37607,65,59,6,6
37608,88,79,9,9
37609,80,74,6,6
37610,174,152,22,22
37611,134,143,-9,9
37612,82,76,6,6
37613,77,66,11,11
37614,65,67,-2,2
37615,49,51,-2,2
37616,95,92,3,3
37617,67,65,2,2
37618,69,62,7,7
37619,125,122,3,3
37620,124,119,5,5
37621,81,78,3,3
37622,93,88,5,5
37623,148,114,34,34
37624,158,132,26,26
37625,107,99,8,8
37626,138,117,21,21
37627,106,100,6,6
37628,102,100,2,2
37629,151,140,11,11
37630,103,100,3,3
37631,77,69,8,8
37632,139,125,14,14
37633,122,112,10,10
37634,86,75,11,11
37635,85,78,7,7
37636,76,66,10,10
37637,115,97,18,18
37638,137,116,21,21
37639,113,113,0,0
37640,155,127,28,28
37641,66,74,-8,8
37642,75,67,8,8
37643,120,113,7,7
37644,116,96,20,20
37645,152,136,16,16
37646,56,60,-4,4
37647,205,171,34,34
37648,96,91,5,5
37649,101,87,14,14
37650,100,92,8,8
37651,94,83,11,11
37652,130,115,15,15
37653,61,74,-13,13
37654,123,107,16,16
37655,111,111,0,0
37656,136,130,6,6
37657,166,142,24,24
37658,85,87,-2,2
37659,99,92,7,7
37660,58,58,0,0
37661,98,86,12,12
37662,88,74,14,14
37663,164,131,33,33
37664,67,65,2,2
37665,112,91,21,21
37666,105,95,10,10
37667,151,131,20,20
37668,80,66,14,14
37669,121,117,4,4
37670,179,137,42,42
37671,151,136,15,15
37672,116,110,6,6
37673,93,83,10,10
37674,96,89,7,7
37675,112,109,3,3
37676,45,43,2,2
37677,100,90,10,10
37678,71,77,-6,6
37679,72,64,8,8
37680,124,107,17,17
37681,54,50,4,4
37682,135,118,17,17
37683,125,107,18,18
37684,125,97,28,28
37685,104,108,-4,4
37686,76,71,5,5
37687,106,124,-18,18
37688,76,71,5,5
37689,87,81,6,6
37690,146,128,18,18
37691,91,78,13,13
37692,72,79,-7,7
37693,149,134,15,15
37694,82,74,8,8
37695,157,133,24,24
37696,138,116,22,22
37697,122,112,10,10
37698,105,97,8,8
37699,88,77,11,11
37700,157,158,-1,1
37701,108,91,17,17
37702,94,82,12,12
37703,102,100,2,2
37704,51,59,-8,8
37705,84,82,2,2
37706,67,73,-6,6
37707,128,108,20,20
37708,130,119,11,11
37709,165,141,24,24
37710,100,105,-5,5
37711,121,121,0,0
37712,74,75,-1,1
37713,58,55,3,3
37714,88,92,-4,4
37715,105,103,2,2
37716,116,106,10,10
37717,103,91,12,12
37718,101,95,6,6
37719,108,106,2,2
37720,75,83,-8,8
37721,106,101,5,5
37722,69,71,-2,2
37723,87,83,4,4
37724,68,74,-6,6
37725,51,51,0,0
37726,61,62,-1,1
37727,110,101,9,9
37728,104,92,12,12
37729,70,64,6,6
37730,47,51,-4,4
37731,69,78,-9,9
37732,48,55,-7,7
37733,92,83,9,9
37734,116,106,10,10
37735,94,91,3,3
37736,79,77,2,2
37737,116,121,-5,5
37738,133,127,6,6
37739,70,72,-2,2
37740,153,137,16,16
37741,41,80,-39,39
37742,73,71,2,2
37743,109,104,5,5
37744,145,119,26,26
37745,106,100,6,6
37746,89,77,12,12
37747,69,75,-6,6
37748,73,70,3,3
37749,61,61,0,0
37750,127,113,14,14
37751,104,98,6,6
37752,103,95,8,8
37753,107,93,14,14
37754,116,109,7,7
37755,66,70,-4,4
37756,130,117,13,13
37757,102,86,16,16
37758,102,96,6,6
37759,72,74,-2,2
37760,98,86,12,12
37761,55,55,0,0
37762,90,91,-1,1
37763,116,105,11,11
37764,64,68,-4,4
37765,113,99,14,14
37766,75,78,-3,3
37767,75,87,-12,12
37768,119,107,12,12
37769,81,73,8,8
37770,74,69,5,5
37771,156,139,17,17
37772,93,88,5,5
37773,84,79,5,5
37774,118,131,-13,13
37775,70,66,4,4
37776,197,175,22,22
37777,57,56,1,1
37778,41,53,-12,12
37779,110,109,1,1
37780,94,85,9,9
37781,121,100,21,21
37782,77,77,0,0
37783,104,79,25,25
37784,98,87,11,11
37785,101,93,8,8
37786,65,72,-7,7
37787,140,119,21,21
37788,113,99,14,14
37789,103,79,24,24
37790,84,74,10,10
37791,75,69,6,6
37792,136,113,23,23
37793,123,112,11,11
37794,117,114,3,3
37795,107,93,14,14
37796,64,60,4,4
37797,61,63,-2,2
37798,216,166,50,50
37799,94,91,3,3
37800,96,90,6,6
37801,83,97,-14,14
37802,42,49,-7,7
37803,93,95,-2,2
37804,61,63,-2,2
37805,101,77,24,24
37806,118,106,12,12
37807,100,97,3,3
37808,107,117,-10,10
37809,98,95,3,3
37810,64,57,7,7
37811,215,194,21,21
37812,127,113,14,14
37813,91,81,10,10
37814,113,119,-6,6
37815,82,78,4,4
37816,120,114,6,6
37817,72,67,5,5
37818,77,87,-10,10
37819,79,81,-2,2
37820,67,71,-4,4
37821,89,85,4,4
37822,54,56,-2,2
37823,97,96,1,1
37824,82,76,6,6
37825,91,93,-2,2
37826,83,74,9,9
37827,54,62,-8,8
37828,116,109,7,7
37829,80,82,-2,2
37830,75,68,7,7
37831,187,172,15,15
37832,78,82,-4,4
37833,95,94,1,1
37834,87,80,7,7
37835,74,75,-1,1
37836,67,62,5,5
37837,66,61,5,5
37838,78,71,7,7
37839,107,95,12,12
37840,59,51,8,8
37841,92,91,1,1
37842,41,51,-10,10
37843,130,114,16,16
37844,100,97,3,3
37845,88,78,10,10
37846,67,62,5,5
37847,100,87,13,13
37848,99,101,-2,2
37849,69,66,3,3
37850,115,110,5,5
37851,116,102,14,14
37852,49,49,0,0
37853,91,90,1,1
37854,67,75,-8,8
37855,105,95,10,10
37856,137,126,11,11
37857,72,80,-8,8
37858,61,60,1,1
37859,86,78,8,8
37860,91,92,-1,1
37861,85,79,6,6
37862,83,71,12,12
37863,68,59,9,9
37864,103,90,13,13
37865,106,91,15,15
37866,139,107,32,32
37867,115,109,6,6
37868,48,51,-3,3
37869,159,145,14,14
37870,61,56,5,5
37871,113,112,1,1
37872,101,95,6,6
37873,77,73,4,4
37874,134,124,10,10
37875,67,57,10,10
37876,106,98,8,8
37877,57,53,4,4
37878,95,94,1,1
37879,93,92,1,1
37880,95,78,17,17
37881,179,159,20,20
37882,153,156,-3,3
37883,62,65,-3,3
37884,69,64,5,5
37885,165,153,12,12
37886,180,172,8,8
37887,87,80,7,7
37888,110,103,7,7
37889,116,112,4,4
37890,159,150,9,9
37891,99,96,3,3
37892,114,106,8,8
37893,102,86,16,16
37894,154,141,13,13
37895,91,85,6,6
37896,124,103,21,21
37897,91,84,7,7
37898,41,45,-4,4
37899,45,49,-4,4
37900,71,81,-10,10
37901,76,75,1,1
37902,99,101,-2,2
37903,111,96,15,15
37904,97,84,13,13
37905,124,105,19,19
37906,96,97,-1,1
37907,79,69,10,10
37908,122,119,3,3
37909,115,94,21,21
37910,89,81,8,8
37911,73,66,7,7
37912,111,105,6,6
37913,89,92,-3,3
37914,138,122,16,16
37915,100,102,-2,2
37916,78,82,-4,4
37917,83,81,2,2
37918,86,90,-4,4
37919,135,129,6,6
37920,114,105,9,9
37921,56,55,1,1
37922,149,145,4,4
37923,81,75,6,6
37924,79,75,4,4
37925,103,97,6,6
37926,56,66,-10,10
37927,150,131,19,19
37928,78,74,4,4
37929,78,74,4,4
37930,41,45,-4,4
37931,121,101,20,20
37932,123,113,10,10
37933,76,83,-7,7
37934,103,92,11,11
37935,35,52,-17,17
37936,124,111,13,13
37937,55,59,-4,4
37938,88,81,7,7
37939,90,81,9,9
37940,120,91,29,29
37941,71,68,3,3
37942,79,78,1,1
37943,62,66,-4,4
37944,86,80,6,6
37945,64,63,1,1
37946,131,129,2,2
37947,146,126,20,20
37948,86,76,10,10
37949,98,90,8,8
37950,183,147,36,36
37951,91,85,6,6
37952,77,71,6,6
37953,142,127,15,15
37954,79,75,4,4
37955,41,42,-1,1
37956,105,100,5,5
37957,197,173,24,24
37958,115,103,12,12
37959,71,70,1,1
37960,140,134,6,6
37961,130,115,15,15
37962,83,77,6,6
37963,108,116,-8,8
37964,67,62,5,5
37965,70,77,-7,7
37966,93,88,5,5
37967,64,66,-2,2
37968,98,107,-9,9
37969,115,107,8,8
37970,62,57,5,5
37971,88,84,4,4
37972,61,60,1,1
37973,198,163,35,35
37974,101,101,0,0
37975,66,61,5,5
37976,31,36,-5,5
37977,94,85,9,9
37978,93,96,-3,3
37979,117,143,-26,26
37980,99,94,5,5
37981,36,39,-3,3
37982,76,73,3,3
37983,67,71,-4,4
37984,78,81,-3,3
37985,50,51,-1,1
37986,55,50,5,5
37987,92,89,3,3
37988,94,81,13,13
37989,137,127,10,10
37990,102,96,6,6
37991,113,97,16,16
37992,89,77,12,12
37993,124,118,6,6
37994,82,77,5,5
37995,60,65,-5,5
37996,125,104,21,21
37997,78,81,-3,3
37998,143,123,20,20
37999,142,131,11,11
38000,106,91,15,15
38001,124,107,17,17
38002,52,55,-3,3
38003,97,106,-9,9
38004,80,73,7,7
38005,107,107,0,0
38006,141,126,15,15
38007,57,55,2,2
38008,89,74,15,15
38009,104,105,-1,1
38010,154,134,20,20
38011,76,82,-6,6
38012,95,76,19,19
38013,179,150,29,29
38014,64,74,-10,10
38015,119,104,15,15
38016,108,109,-1,1
38017,114,102,12,12
38018,92,86,6,6
38019,109,99,10,10
38020,139,132,7,7
38021,130,119,11,11
38022,112,99,13,13
38023,123,105,18,18
38024,125,110,15,15
38025,66,57,9,9
38026,77,83,-6,6
38027,87,81,6,6
38028,97,98,-1,1
38029,56,51,5,5
38030,146,125,21,21
38031,71,63,8,8
38032,176,153,23,23
38033,96,83,13,13
38034,105,91,14,14
38035,127,114,13,13
38036,82,81,1,1
38037,137,140,-3,3
38038,120,108,12,12
38039,82,76,6,6
38040,73,64,9,9
38041,78,67,11,11
38042,83,80,3,3
38043,83,77,6,6
38044,74,74,0,0
38045,81,76,5,5
38046,178,147,31,31
38047,96,100,-4,4
38048,48,51,-3,3
38049,74,77,-3,3
38050,143,122,21,21
38051,94,82,12,12
38052,142,131,11,11
38053,144,136,8,8
38054,114,108,6,6
38055,91,90,1,1
38056,127,117,10,10
38057,65,72,-7,7
38058,152,133,19,19
38059,106,96,10,10
38060,140,120,20,20
38061,96,96,0,0
38062,72,99,-27,27
38063,71,57,14,14
38064,116,104,12,12
38065,156,136,20,20
38066,57,51,6,6
38067,24,35,-11,11
38068,122,109,13,13
38069,118,103,15,15
38070,96,91,5,5
38071,86,78,8,8
38072,163,142,21,21
38073,60,63,-3,3
38074,80,72,8,8
38075,78,74,4,4
38076,82,75,7,7
38077,113,98,15,15
38078,104,105,-1,1
38079,154,159,-5,5
38080,34,43,-9,9
38081,111,106,5,5
38082,103,93,10,10
38083,88,80,8,8
38084,112,108,4,4
38085,115,103,12,12
38086,60,51,9,9
38087,150,133,17,17
38088,116,107,9,9
38089,80,73,7,7
38090,112,94,18,18
38091,116,105,11,11
38092,83,83,0,0
38093,161,136,25,25
38094,65,70,-5,5
38095,74,73,1,1
38096,72,58,14,14
38097,185,149,36,36
38098,89,71,18,18
38099,90,82,8,8
38100,175,149,26,26
38101,96,82,14,14
38102,96,84,12,12
38103,111,105,6,6
38104,46,49,-3,3
38105,105,111,-6,6
38106,69,68,1,1
38107,117,104,13,13
38108,91,86,5,5
38109,70,72,-2,2
38110,150,125,25,25
38111,122,116,6,6
38112,98,98,0,0
38113,100,84,16,16
38114,160,128,32,32
38115,139,127,12,12
38116,170,147,23,23
38117,79,79,0,0
38118,132,115,17,17
38119,121,111,10,10
38120,118,112,6,6
38121,102,85,17,17
38122,98,90,8,8
38123,115,115,0,0
38124,159,145,14,14
38125,92,87,5,5
38126,41,54,-13,13
38127,84,80,4,4
38128,132,134,-2,2
38129,109,89,20,20
38130,78,82,-4,4
38131,114,98,16,16
38132,121,106,15,15
38133,93,82,11,11
38134,115,108,7,7
38135,44,47,-3,3
38136,74,70,4,4
38137,49,50,-1,1
38138,165,143,22,22
38139,83,76,7,7
38140,158,133,25,25
38141,101,84,17,17
38142,118,106,12,12
38143,94,86,8,8
38144,117,123,-6,6
38145,109,98,11,11
38146,73,84,-11,11
38147,76,75,1,1
38148,138,125,13,13
38149,113,100,13,13
38150,96,89,7,7
38151,73,75,-2,2
38152,112,97,15,15
38153,63,62,1,1
38154,104,89,15,15
38155,82,84,-2,2
38156,54,57,-3,3
38157,84,78,6,6
38158,133,127,6,6
38159,101,93,8,8
38160,108,106,2,2
38161,83,76,7,7
38162,78,78,0,0
38163,82,73,9,9
38164,76,73,3,3
38165,90,80,10,10
38166,105,97,8,8
38167,61,58,3,3
38168,102,108,-6,6
38169,104,112,-8,8
38170,72,68,4,4
38171,74,65,9,9
38172,92,91,1,1
38173,85,78,7,7
38174,99,92,7,7
38175,111,111,0,0
38176,67,70,-3,3
38177,76,70,6,6
38178,113,93,20,20
38179,107,93,14,14
38180,117,105,12,12
38181,116,111,5,5
38182,97,89,8,8
38183,125,115,10,10
38184,112,110,2,2
38185,71,79,-8,8
38186,115,105,10,10
38187,59,77,-18,18
38188,97,88,9,9
38189,124,106,18,18
38190,45,49,-4,4
38191,87,82,5,5
38192,103,116,-13,13
38193,64,61,3,3
38194,100,87,13,13
38195,97,81,16,16
38196,121,110,11,11
38197,111,110,1,1
38198,74,69,5,5
38199,118,136,-18,18
38200,91,82,9,9
38201,89,84,5,5
38202,105,82,23,23
38203,79,77,2,2
38204,68,68,0,0
38205,125,118,7,7
38206,87,78,9,9
38207,123,103,20,20
38208,93,87,6,6
38209,100,89,11,11
38210,64,58,6,6
38211,108,98,10,10
38212,68,54,14,14
38213,86,84,2,2
38214,107,90,17,17
38215,73,71,2,2
38216,128,125,3,3
38217,119,105,14,14
38218,54,45,9,9
38219,72,67,5,5
38220,73,75,-2,2
38221,159,139,20,20
38222,83,80,3,3
38223,97,89,8,8
38224,131,118,13,13
38225,69,70,-1,1
38226,86,71,15,15
38227,119,112,7,7
38228,100,88,12,12
38229,102,100,2,2
38230,67,62,5,5
38231,53,61,-8,8
38232,85,87,-2,2
38233,168,148,20,20
38234,61,54,7,7
38235,77,69,8,8
38236,85,85,0,0
38237,69,66,3,3
38238,124,112,12,12
38239,89,75,14,14
38240,148,137,11,11
38241,143,122,21,21
38242,57,75,-18,18
38243,144,127,17,17
38244,66,66,0,0
38245,83,90,-7,7
38246,120,110,10,10
38247,131,120,11,11
38248,51,54,-3,3
38249,77,59,18,18
38250,62,63,-1,1
38251,125,123,2,2
38252,87,81,6,6
38253,89,82,7,7
38254,162,142,20,20
38255,109,106,3,3
38256,126,121,5,5
38257,87,86,1,1
38258,87,93,-6,6
38259,116,106,10,10
38260,51,53,-2,2
38261,65,56,9,9
38262,95,83,12,12
38263,86,75,11,11
38264,98,94,4,4
38265,74,70,4,4
38266,87,97,-10,10
38267,113,102,11,11
38268,70,82,-12,12
38269,119,103,16,16
38270,180,156,24,24
38271,94,79,15,15
38272,67,71,-4,4
38273,85,80,5,5
38274,147,140,7,7
38275,79,66,13,13
38276,76,73,3,3
38277,60,52,8,8
38278,55,56,-1,1
38279,95,92,3,3
38280,127,107,20,20
38281,100,91,9,9
38282,85,80,5,5
38283,127,113,14,14
38284,101,83,18,18
38285,70,65,5,5
38286,102,93,9,9
38287,73,71,2,2
38288,107,101,6,6
38289,129,123,6,6
38290,114,101,13,13
38291,45,54,-9,9
38292,52,51,1,1
38293,69,69,0,0
38294,71,70,1,1
38295,65,66,-1,1
38296,211,167,44,44
38297,113,119,-6,6
38298,97,90,7,7
38299,60,65,-5,5
38300,184,143,41,41
38301,106,96,10,10
38302,121,111,10,10
38303,112,109,3,3
38304,137,127,10,10
38305,104,98,6,6
38306,124,108,16,16
38307,72,63,9,9
38308,116,100,16,16
38309,76,73,3,3
38310,99,98,1,1
38311,75,73,2,2
38312,81,77,4,4
38313,69,67,2,2
38314,72,75,-3,3
38315,87,72,15,15
38316,93,83,10,10
38317,136,122,14,14
38318,101,89,12,12
38319,89,81,8,8
38320,112,104,8,8
38321,65,65,0,0
38322,118,102,16,16
38323,92,81,11,11
38324,80,84,-4,4
38325,98,88,10,10
38326,70,65,5,5
38327,127,110,17,17
38328,149,121,28,28
38329,70,66,4,4
38330,139,131,8,8
38331,82,76,6,6
38332,91,88,3,3
38333,39,52,-13,13
38334,82,87,-5,5
38335,105,96,9,9
38336,147,135,12,12
38337,104,105,-1,1
38338,117,97,20,20
38339,91,96,-5,5
38340,90,90,0,0
38341,104,88,16,16
38342,47,52,-5,5
38343,56,57,-1,1
38344,110,103,7,7
38345,43,53,-10,10
38346,120,106,14,14
38347,70,68,2,2
38348,75,74,1,1
38349,77,77,0,0
38350,72,67,5,5
38351,105,94,11,11
38352,218,182,36,36
38353,56,60,-4,4
38354,100,100,0,0
38355,123,127,-4,4
38356,130,114,16,16
38357,63,58,5,5
38358,89,84,5,5
38359,60,66,-6,6
38360,65,71,-6,6
38361,118,110,8,8
38362,86,85,1,1
38363,166,157,9,9
38364,106,100,6,6
38365,58,63,-5,5
38366,141,118,23,23
38367,96,89,7,7
38368,106,92,14,14
38369,110,106,4,4
38370,64,62,2,2
38371,83,78,5,5
38372,92,101,-9,9
38373,70,66,4,4
38374,122,117,5,5
38375,86,84,2,2
38376,105,87,18,18
38377,99,96,3,3
38378,57,52,5,5
38379,79,74,5,5
38380,59,53,6,6
38381,70,70,0,0
38382,104,93,11,11
38383,86,83,3,3
38384,112,111,1,1
38385,102,96,6,6
38386,63,65,-2,2
38387,118,105,13,13
38388,63,56,7,7
38389,104,115,-11,11
38390,86,85,1,1
38391,167,145,22,22
38392,164,143,21,21
38393,85,83,2,2
38394,111,104,7,7
38395,121,105,16,16
38396,94,86,8,8
38397,77,81,-4,4
38398,35,37,-2,2
38399,95,86,9,9
38400,133,125,8,8
38401,85,83,2,2
38402,67,58,9,9
38403,114,107,7,7
38404,157,136,21,21
38405,157,137,20,20
38406,94,96,-2,2
38407,54,63,-9,9
38408,64,57,7,7
38409,109,98,11,11
38410,71,69,2,2
38411,73,73,0,0
38412,76,77,-1,1
38413,130,109,21,21
38414,79,72,7,7
38415,142,140,2,2
38416,89,82,7,7
38417,105,101,4,4
38418,78,84,-6,6
38419,64,60,4,4
38420,63,66,-3,3
38421,89,85,4,4
38422,171,154,17,17
38423,111,94,17,17
38424,86,73,13,13
38425,102,94,8,8
38426,61,60,1,1
38427,85,81,4,4
38428,134,112,22,22
38429,81,77,4,4
38430,142,133,9,9
38431,80,72,8,8
38432,83,77,6,6
38433,121,105,16,16
38434,67,51,16,16
38435,100,108,-8,8
38436,129,118,11,11
38437,102,101,1,1
38438,126,116,10,10
38439,98,91,7,7
38440,63,53,10,10
38441,72,74,-2,2
38442,88,90,-2,2
38443,64,65,-1,1
38444,107,107,0,0
38445,89,77,12,12
38446,93,88,5,5
38447,146,129,17,17
38448,101,100,1,1
38449,87,80,7,7
38450,97,92,5,5
38451,78,62,16,16
38452,130,105,25,25
38453,85,70,15,15
38454,77,68,9,9
38455,44,50,-6,6
38456,96,86,10,10
38457,89,74,15,15
38458,117,108,9,9
38459,41,38,3,3
38460,113,108,5,5
38461,103,81,22,22
38462,161,136,25,25
38463,196,175,21,21
38464,64,53,11,11
38465,82,71,11,11
38466,66,88,-22,22
38467,80,71,9,9
38468,54,59,-5,5
38469,104,102,2,2
38470,55,51,4,4
38471,57,53,4,4
38472,49,54,-5,5
38473,70,67,3,3
38474,74,77,-3,3
38475,33,36,-3,3
38476,83,84,-1,1
38477,89,83,6,6
38478,102,89,13,13
38479,156,151,5,5
38480,36,50,-14,14
38481,62,55,7,7
38482,102,89,13,13
38483,87,88,-1,1
38484,50,49,1,1
38485,89,92,-3,3
38486,100,89,11,11
38487,98,81,17,17
38488,56,57,-1,1
38489,75,66,9,9
38490,98,80,18,18
38491,117,100,17,17
38492,235,194,41,41
38493,54,52,2,2
38494,68,60,8,8
38495,116,115,1,1
38496,32,32,0,0
38497,55,51,4,4
38498,82,77,5,5
38499,119,109,10,10
38500,183,170,13,13
38501,112,76,36,36
38502,57,65,-8,8
38503,120,110,10,10
38504,77,79,-2,2
38505,68,73,-5,5
38506,126,110,16,16
38507,68,58,10,10
38508,103,88,15,15
38509,110,108,2,2
38510,122,99,23,23
38511,100,106,-6,6
38512,74,70,4,4
38513,185,147,38,38
38514,118,119,-1,1
38515,41,49,-8,8
38516,91,87,4,4
38517,83,73,10,10
38518,79,79,0,0
38519,82,69,13,13
38520,84,83,1,1
38521,70,60,10,10
38522,97,97,0,0
38523,99,93,6,6
38524,108,97,11,11
38525,85,77,8,8
38526,132,119,13,13
38527,99,91,8,8
38528,62,53,9,9
38529,80,75,5,5
38530,96,82,14,14
38531,98,83,15,15
38532,109,103,6,6
38533,124,119,5,5
38534,101,104,-3,3
38535,118,113,5,5
38536,57,56,1,1
38537,79,78,1,1
38538,86,83,3,3
38539,77,71,6,6
38540,132,112,20,20
38541,74,64,10,10
38542,108,98,10,10
38543,137,114,23,23
38544,102,95,7,7
38545,150,133,17,17
38546,51,51,0,0
38547,77,72,5,5
38548,59,52,7,7
38549,42,40,2,2
38550,141,131,10,10
38551,132,114,18,18
38552,67,62,5,5
38553,108,95,13,13
38554,144,137,7,7
38555,69,68,1,1
38556,85,77,8,8
38557,64,61,3,3
38558,65,63,2,2
38559,221,200,21,21
38560,70,67,3,3
38561,56,51,5,5
38562,62,62,0,0
38563,88,97,-9,9
38564,108,103,5,5
38565,178,149,29,29
38566,74,68,6,6
38567,85,89,-4,4
38568,61,67,-6,6
38569,111,78,33,33
38570,103,103,0,0
38571,110,101,9,9
38572,74,67,7,7
38573,172,160,12,12
38574,87,92,-5,5
38575,141,137,4,4
38576,86,75,11,11
38577,89,91,-2,2
38578,106,85,21,21
38579,103,92,11,11
38580,115,91,24,24
38581,61,50,11,11
38582,102,98,4,4
38583,64,65,-1,1
38584,121,105,16,16
38585,61,65,-4,4
38586,75,67,8,8
38587,43,39,4,4
38588,84,78,6,6
38589,118,107,11,11
38590,50,48,2,2
38591,81,66,15,15
38592,160,141,19,19
38593,121,104,17,17
38594,77,78,-1,1
38595,124,112,12,12
38596,140,121,19,19
38597,56,57,-1,1
38598,92,79,13,13
38599,99,89,10,10
38600,169,150,19,19
38601,102,103,-1,1
38602,149,136,13,13
38603,161,157,4,4
38604,73,74,-1,1
38605,81,78,3,3
38606,76,71,5,5
38607,131,113,18,18
38608,155,147,8,8
38609,87,83,4,4
38610,62,59,3,3
38611,87,72,15,15
38612,78,82,-4,4
38613,74,70,4,4
38614,49,69,-20,20
38615,92,82,10,10
38616,133,121,12,12
38617,149,133,16,16
38618,120,114,6,6
38619,89,76,13,13
38620,102,93,9,9
38621,62,52,10,10
38622,57,49,8,8
38623,43,57,-14,14
38624,72,70,2,2
38625,58,57,1,1
38626,66,61,5,5
38627,73,73,0,0
38628,112,88,24,24
38629,158,133,25,25
38630,70,76,-6,6
38631,136,119,17,17
38632,85,75,10,10
38633,37,48,-11,11
38634,87,87,0,0
38635,130,128,2,2
38636,88,84,4,4
38637,57,59,-2,2
38638,117,106,11,11
38639,105,91,14,14
38640,75,73,2,2
38641,153,142,11,11
38642,90,94,-4,4
38643,130,109,21,21
38644,86,83,3,3
38645,124,121,3,3
38646,83,79,4,4
38647,145,119,26,26
38648,77,76,1,1
38649,64,64,0,0
38650,129,118,11,11
38651,109,94,15,15
38652,94,82,12,12
38653,84,76,8,8
38654,64,62,2,2
38655,90,84,6,6
38656,171,152,19,19
38657,93,92,1,1
38658,121,116,5,5
38659,72,76,-4,4
38660,72,78,-6,6
38661,85,79,6,6
38662,86,74,12,12
38663,93,91,2,2
38664,94,77,17,17
38665,118,112,6,6
38666,72,60,12,12
38667,64,63,1,1
38668,127,104,23,23
38669,64,58,6,6
38670,75,71,4,4
38671,57,59,-2,2
38672,61,57,4,4
38673,74,82,-8,8
38674,53,65,-12,12
38675,80,79,1,1
38676,83,78,5,5
38677,124,109,15,15
38678,81,85,-4,4
38679,84,87,-3,3
38680,128,107,21,21
38681,93,86,7,7
38682,79,78,1,1
38683,81,92,-11,11
38684,81,77,4,4
38685,104,99,5,5
38686,82,75,7,7
38687,84,70,14,14
38688,71,68,3,3
38689,62,59,3,3
38690,66,67,-1,1
38691,63,62,1,1
38692,77,74,3,3
38693,56,56,0,0
38694,155,137,18,18
38695,143,124,19,19
38696,75,69,6,6
38697,92,92,0,0
38698,108,97,11,11
38699,105,95,10,10
38700,63,56,7,7
38701,117,109,8,8
38702,123,101,22,22
38703,69,71,-2,2
38704,119,121,-2,2
38705,92,98,-6,6
38706,94,81,13,13
38707,80,77,3,3
38708,101,91,10,10
38709,150,130,20,20
38710,92,81,11,11
38711,97,88,9,9
38712,100,93,7,7
38713,74,83,-9,9
38714,157,144,13,13
38715,65,70,-5,5
38716,97,87,10,10
38717,79,76,3,3
38718,86,79,7,7
38719,91,79,12,12
38720,51,51,0,0
38721,110,105,5,5
38722,106,99,7,7
38723,50,51,-1,1
38724,76,69,7,7
38725,126,113,13,13
38726,73,70,3,3
38727,80,79,1,1
38728,90,77,13,13
38729,94,74,20,20
38730,99,90,9,9
38731,140,119,21,21
38732,92,83,9,9
38733,96,90,6,6
38734,107,98,9,9
38735,120,101,19,19
38736,141,128,13,13
38737,58,58,0,0
38738,99,90,9,9
38739,75,68,7,7
38740,118,99,19,19
38741,93,87,6,6
38742,104,86,18,18
38743,81,78,3,3
38744,107,95,12,12
38745,91,101,-10,10
38746,87,84,3,3
38747,53,57,-4,4
38748,147,131,16,16
38749,108,94,14,14
38750,76,71,5,5
38751,59,58,1,1
38752,85,88,-3,3
38753,82,76,6,6
38754,57,58,-1,1
38755,37,48,-11,11
38756,129,120,9,9
38757,57,51,6,6
38758,67,64,3,3
38759,76,69,7,7
38760,85,76,9,9
38761,130,112,18,18
38762,106,97,9,9
38763,104,107,-3,3
38764,88,86,2,2
38765,65,69,-4,4
38766,75,72,3,3
38767,145,124,21,21
38768,149,134,15,15
38769,44,50,-6,6
38770,69,62,7,7
38771,93,88,5,5
38772,78,72,6,6
38773,63,65,-2,2
38774,78,79,-1,1
38775,85,77,8,8
38776,55,51,4,4
38777,73,83,-10,10
38778,107,101,6,6
38779,131,116,15,15
38780,87,82,5,5
38781,40,48,-8,8
38782,139,110,29,29
38783,85,84,1,1
38784,163,155,8,8
38785,64,68,-4,4
38786,193,169,24,24
38787,86,90,-4,4
38788,98,94,4,4
38789,51,56,-5,5
38790,128,115,13,13
38791,141,117,24,24
38792,84,77,7,7
38793,142,127,15,15
38794,59,58,1,1
38795,108,93,15,15
38796,39,45,-6,6
38797,156,140,16,16
38798,107,106,1,1
38799,99,99,0,0
38800,166,147,19,19
38801,85,78,7,7
38802,84,79,5,5
38803,98,89,9,9
38804,76,66,10,10
38805,138,118,20,20
38806,93,83,10,10
38807,182,146,36,36
38808,149,122,27,27
38809,132,110,22,22
38810,127,109,18,18
38811,70,67,3,3
38812,57,53,4,4
38813,176,167,9,9
38814,68,65,3,3
38815,46,47,-1,1
38816,66,62,4,4
38817,113,111,2,2
38818,135,125,10,10
38819,48,49,-1,1
38820,135,122,13,13
38821,70,70,0,0
38822,91,88,3,3
38823,125,111,14,14
38824,109,89,20,20
38825,53,53,0,0
38826,91,82,9,9
38827,70,66,4,4
38828,65,71,-6,6
38829,125,106,19,19
38830,72,69,3,3
38831,103,95,8,8
38832,103,76,27,27
38833,101,74,27,27
38834,117,115,2,2
38835,63,60,3,3
38836,164,151,13,13
38837,57,64,-7,7
38838,120,112,8,8
38839,133,116,17,17
38840,83,83,0,0
38841,64,64,0,0
38842,102,90,12,12
38843,70,68,2,2
38844,124,117,7,7
38845,106,89,17,17
38846,156,139,17,17
38847,67,65,2,2
38848,147,137,10,10
38849,113,108,5,5
38850,121,112,9,9
38851,97,90,7,7
38852,59,65,-6,6
38853,50,61,-11,11
38854,118,99,19,19
38855,56,54,2,2
38856,87,74,13,13
38857,89,91,-2,2
38858,65,66,-1,1
38859,62,62,0,0
38860,138,128,10,10
38861,149,135,14,14
38862,69,64,5,5
38863,76,81,-5,5
38864,65,70,-5,5
38865,70,63,7,7
38866,133,129,4,4
38867,77,73,4,4
38868,93,90,3,3
38869,105,122,-17,17
38870,67,68,-1,1
38871,84,76,8,8
38872,83,87,-4,4
38873,46,43,3,3
38874,102,92,10,10
38875,80,68,12,12
38876,106,99,7,7
38877,91,89,2,2
38878,70,56,14,14
38879,213,180,33,33
38880,84,81,3,3
38881,124,100,24,24
38882,113,102,11,11
38883,89,87,2,2
38884,112,100,12,12
38885,78,70,8,8
38886,60,57,3,3
38887,119,99,20,20
38888,58,60,-2,2
38889,109,94,15,15
38890,113,126,-13,13
38891,101,83,18,18
38892,61,56,5,5
38893,76,78,-2,2
38894,84,75,9,9
38895,86,87,-1,1
38896,108,93,15,15
38897,102,84,18,18
38898,151,134,17,17
38899,66,64,2,2
38900,71,63,8,8
38901,66,67,-1,1
38902,131,120,11,11
38903,49,50,-1,1
38904,99,96,3,3
38905,69,76,-7,7
38906,72,61,11,11
38907,179,150,29,29
38908,152,133,19,19
38909,70,69,1,1
38910,63,65,-2,2
38911,104,100,4,4
38912,22,43,-21,21
38913,105,96,9,9
38914,174,159,15,15
38915,123,113,10,10
38916,34,37,-3,3
38917,76,77,-1,1
38918,114,101,13,13
38919,84,93,-9,9
38920,114,95,19,19
38921,236,192,44,44
38922,86,88,-2,2
38923,91,77,14,14
38924,109,103,6,6
38925,99,82,17,17
38926,79,70,9,9
38927,51,54,-3,3
38928,201,171,30,30
38929,60,58,2,2
38930,89,87,2,2
38931,84,80,4,4
38932,40,42,-2,2
38933,68,63,5,5
38934,58,58,0,0
38935,73,68,5,5
38936,121,114,7,7
38937,55,51,4,4
38938,91,88,3,3
38939,57,59,-2,2
38940,68,56,12,12
38941,93,73,20,20
38942,59,58,1,1
38943,76,65,11,11
38944,99,96,3,3
38945,85,97,-12,12
38946,113,96,17,17
38947,107,89,18,18
38948,184,157,27,27
38949,80,73,7,7
38950,99,90,9,9
38951,180,150,30,30
38952,94,97,-3,3
38953,37,40,-3,3
38954,59,68,-9,9
38955,65,62,3,3
38956,93,88,5,5
38957,88,87,1,1
38958,92,88,4,4
38959,128,111,17,17
38960,111,106,5,5
38961,128,155,-27,27
38962,48,49,-1,1
38963,116,114,2,2
38964,54,51,3,3
38965,57,65,-8,8
38966,61,64,-3,3
38967,79,76,3,3
38968,61,59,2,2
38969,122,111,11,11
38970,89,83,6,6
38971,121,105,16,16
38972,119,106,13,13
38973,108,111,-3,3
38974,100,95,5,5
38975,58,56,2,2
38976,106,89,17,17
38977,88,86,2,2
38978,103,86,17,17
38979,31,39,-8,8
38980,34,51,-17,17
38981,87,80,7,7
38982,111,102,9,9
38983,101,95,6,6
38984,41,43,-2,2
38985,60,62,-2,2
38986,115,104,11,11
38987,136,127,9,9
38988,74,64,10,10
38989,84,73,11,11
38990,110,99,11,11
38991,73,73,0,0
38992,126,114,12,12
38993,77,70,7,7
38994,129,116,13,13
38995,123,115,8,8
38996,99,87,12,12
38997,88,61,27,27
38998,61,68,-7,7
38999,74,70,4,4
39000,107,95,12,12
39001,122,105,17,17
39002,60,59,1,1
39003,188,168,20,20
39004,84,73,11,11
39005,146,131,15,15
39006,154,142,12,12
39007,114,111,3,3
39008,117,102,15,15
39009,163,152,11,11
39010,74,70,4,4
39011,113,102,11,11
39012,68,67,1,1
39013,137,120,17,17
39014,86,82,4,4
39015,136,126,10,10
39016,77,68,9,9
39017,156,135,21,21
39018,146,126,20,20
39019,62,56,6,6
39020,66,72,-6,6
39021,121,111,10,10
39022,161,135,26,26
39023,102,103,-1,1
39024,67,58,9,9
39025,129,118,11,11
39026,120,119,1,1
39027,174,159,15,15
39028,179,156,23,23
39029,92,82,10,10
39030,112,106,6,6
39031,110,95,15,15
39032,97,90,7,7
39033,68,61,7,7
39034,117,110,7,7
39035,155,129,26,26
39036,60,60,0,0
39037,167,132,35,35
39038,115,103,12,12
39039,134,124,10,10
39040,48,51,-3,3
39041,89,77,12,12
39042,42,53,-11,11
39043,31,42,-11,11
39044,105,93,12,12
39045,138,120,18,18
39046,97,81,16,16
39047,83,80,3,3
39048,54,57,-3,3
39049,65,60,5,5
39050,94,93,1,1
39051,86,81,5,5
39052,88,89,-1,1
39053,63,58,5,5
39054,144,130,14,14
39055,62,63,-1,1
39056,63,74,-11,11
39057,98,92,6,6
39058,60,57,3,3
39059,49,53,-4,4
39060,96,83,13,13
39061,71,74,-3,3
39062,120,104,16,16
39063,150,121,29,29
39064,80,73,7,7
39065,58,60,-2,2
39066,64,68,-4,4
39067,140,126,14,14
39068,124,118,6,6
39069,97,84,13,13
39070,161,127,34,34
39071,50,62,-12,12
39072,101,99,2,2
39073,44,51,-7,7
39074,99,96,3,3
39075,171,143,28,28
39076,43,50,-7,7
39077,93,98,-5,5
39078,139,126,13,13
39079,120,106,14,14
39080,98,98,0,0
39081,101,98,3,3
39082,80,72,8,8
39083,63,55,8,8
39084,149,138,11,11
39085,132,114,18,18
39086,71,70,1,1
39087,92,93,-1,1
39088,61,71,-10,10
39089,110,102,8,8
39090,67,65,2,2
39091,38,59,-21,21
39092,89,101,-12,12
39093,86,83,3,3
39094,157,154,3,3
39095,63,67,-4,4
39096,56,59,-3,3
39097,96,92,4,4
39098,58,61,-3,3
39099,164,149,15,15
39100,107,98,9,9
39101,131,111,20,20
39102,119,106,13,13
39103,103,97,6,6
39104,58,56,2,2
39105,158,130,28,28
39106,148,123,25,25
39107,107,103,4,4
39108,108,91,17,17
39109,85,69,16,16
39110,76,76,0,0
39111,72,63,9,9
39112,133,125,8,8
39113,71,71,0,0
39114,90,76,14,14
39115,105,99,6,6
39116,107,101,6,6
39117,84,76,8,8
39118,67,68,-1,1
39119,154,137,17,17
39120,63,72,-9,9
39121,182,148,34,34
39122,130,112,18,18
39123,126,119,7,7
39124,135,118,17,17
39125,86,80,6,6
39126,90,88,2,2
39127,69,64,5,5
39128,99,100,-1,1
39129,81,82,-1,1
39130,92,84,8,8
39131,83,76,7,7
39132,76,67,9,9
39133,79,68,11,11
39134,59,60,-1,1
39135,100,94,6,6
39136,60,65,-5,5
39137,76,75,1,1
39138,110,92,18,18
39139,112,102,10,10
39140,93,89,4,4
39141,101,96,5,5
39142,107,104,3,3
39143,180,154,26,26
39144,109,101,8,8
39145,85,75,10,10
39146,123,109,14,14
39147,90,88,2,2
39148,118,108,10,10
39149,108,93,15,15
39150,95,86,9,9
39151,119,103,16,16
39152,115,92,23,23
39153,145,125,20,20
39154,46,58,-12,12
39155,59,60,-1,1
39156,127,124,3,3
39157,114,106,8,8
39158,101,94,7,7
39159,134,122,12,12
39160,99,90,9,9
39161,143,123,20,20
39162,136,119,17,17
39163,152,135,17,17
39164,103,95,8,8
39165,79,73,6,6
39166,83,76,7,7
39167,125,104,21,21
39168,74,86,-12,12
39169,44,49,-5,5
39170,100,98,2,2
39171,111,101,10,10
39172,65,59,6,6
39173,102,93,9,9
39174,109,97,12,12
39175,80,70,10,10
39176,117,106,11,11
39177,121,107,14,14
39178,154,133,21,21
39179,55,58,-3,3
39180,90,87,3,3
39181,137,108,29,29
39182,53,52,1,1
39183,137,127,10,10
39184,64,63,1,1
39185,133,110,23,23
39186,38,31,7,7
39187,105,84,21,21
39188,45,50,-5,5
39189,133,111,22,22
39190,121,112,9,9
39191,138,118,20,20
39192,84,70,14,14
39193,79,75,4,4
39194,48,51,-3,3
39195,51,59,-8,8
39196,90,85,5,5
39197,79,73,6,6
39198,73,68,5,5
39199,82,70,12,12
39200,90,89,1,1
39201,98,76,22,22
39202,56,57,-1,1
39203,100,88,12,12
39204,55,67,-12,12
39205,116,115,1,1
39206,61,57,4,4
39207,77,69,8,8
39208,131,117,14,14
39209,115,108,7,7
39210,94,81,13,13
39211,80,74,6,6
39212,57,57,0,0
39213,112,99,13,13
39214,98,87,11,11
39215,136,130,6,6
39216,125,105,20,20
39217,90,93,-3,3
39218,81,79,2,2
39219,123,112,11,11
39220,114,112,2,2
39221,35,53,-18,18
39222,55,51,4,4
39223,110,97,13,13
39224,52,51,1,1
39225,191,159,32,32
39226,48,57,-9,9
39227,70,61,9,9
39228,116,108,8,8
39229,114,108,6,6
39230,71,70,1,1
39231,130,107,23,23
39232,92,85,7,7
39233,111,104,7,7
39234,150,138,12,12
39235,112,121,-9,9
39236,85,80,5,5
39237,75,72,3,3
39238,64,65,-1,1
39239,65,64,1,1
39240,164,144,20,20
39241,63,45,18,18
39242,105,98,7,7
39243,96,88,8,8
39244,102,83,19,19
39245,84,71,13,13
39246,72,77,-5,5
39247,118,113,5,5
39248,110,100,10,10
39249,81,83,-2,2
39250,109,106,3,3
39251,76,68,8,8
39252,64,59,5,5
39253,133,110,23,23
39254,143,118,25,25
39255,72,71,1,1
39256,74,76,-2,2
39257,41,43,-2,2
39258,65,65,0,0
39259,73,64,9,9
39260,63,66,-3,3
39261,175,149,26,26
39262,85,92,-7,7
39263,82,77,5,5
39264,48,51,-3,3
39265,97,84,13,13
39266,86,85,1,1
39267,66,66,0,0
39268,80,71,9,9
39269,84,83,1,1
39270,90,83,7,7
39271,76,79,-3,3
39272,90,88,2,2
39273,128,122,6,6
39274,76,81,-5,5
39275,84,77,7,7
39276,116,107,9,9
39277,72,75,-3,3
39278,88,78,10,10
39279,58,52,6,6
39280,80,73,7,7
39281,122,106,16,16
39282,84,84,0,0
39283,62,63,-1,1
39284,78,68,10,10
39285,113,105,8,8
39286,152,136,16,16
39287,68,66,2,2
39288,72,64,8,8
39289,104,99,5,5
39290,100,92,8,8
39291,92,82,10,10
39292,95,79,16,16
39293,66,60,6,6
39294,78,78,0,0
39295,117,98,19,19
39296,109,84,25,25
39297,157,131,26,26
39298,100,82,18,18
39299,101,90,11,11
39300,68,59,9,9
39301,137,112,25,25
39302,144,138,6,6
39303,152,139,13,13
39304,121,102,19,19
39305,83,80,3,3
39306,86,95,-9,9
39307,72,64,8,8
39308,82,88,-6,6
39309,115,99,16,16
39310,44,42,2,2
39311,130,127,3,3
39312,84,79,5,5
39313,104,93,11,11
39314,70,62,8,8
39315,152,122,30,30
39316,66,66,0,0
39317,137,105,32,32
39318,86,79,7,7
39319,130,106,24,24
39320,105,92,13,13
39321,79,77,2,2
39322,79,74,5,5
39323,68,63,5,5
39324,86,76,10,10
39325,90,92,-2,2
39326,174,145,29,29
39327,41,45,-4,4
39328,109,90,19,19
39329,98,85,13,13
39330,79,79,0,0
39331,107,106,1,1
39332,138,129,9,9
39333,49,39,10,10
39334,68,72,-4,4
39335,465,344,121,121
39336,102,85,17,17
39337,108,104,4,4
39338,98,96,2,2
39339,70,59,11,11
39340,90,85,5,5
39341,103,96,7,7
39342,84,70,14,14
39343,128,128,0,0
39344,205,172,33,33
39345,149,127,22,22
39346,51,55,-4,4
39347,64,63,1,1
39348,155,132,23,23
39349,61,63,-2,2
39350,91,83,8,8
39351,69,72,-3,3
39352,51,62,-11,11
39353,59,55,4,4
39354,110,93,17,17
39355,145,119,26,26
39356,86,91,-5,5
39357,192,164,28,28
39358,80,66,14,14
39359,62,59,3,3
39360,116,110,6,6
39361,94,96,-2,2
39362,60,58,2,2
39363,128,134,-6,6
39364,129,115,14,14
39365,111,105,6,6
39366,137,125,12,12
39367,164,137,27,27
39368,119,106,13,13
39369,90,84,6,6
39370,114,118,-4,4
39371,26,31,-5,5
39372,107,102,5,5
39373,68,65,3,3
39374,118,111,7,7
39375,124,109,15,15
39376,170,146,24,24
39377,61,62,-1,1
39378,136,125,11,11
39379,196,139,57,57
39380,87,71,16,16
39381,95,100,-5,5
39382,108,104,4,4
39383,151,134,17,17
39384,67,67,0,0
39385,149,132,17,17
39386,113,99,14,14
39387,50,54,-4,4
39388,79,80,-1,1
39389,103,93,10,10
39390,80,76,4,4
39391,172,158,14,14
39392,105,105,0,0
39393,82,79,3,3
39394,47,50,-3,3
39395,54,50,4,4
39396,80,70,10,10
39397,64,60,4,4
39398,150,128,22,22
39399,134,118,16,16
39400,61,67,-6,6
39401,108,96,12,12
39402,116,110,6,6
39403,101,110,-9,9
39404,81,77,4,4
39405,90,87,3,3
39406,71,73,-2,2
39407,119,108,11,11
39408,133,123,10,10
39409,125,123,2,2
39410,70,65,5,5
39411,182,157,25,25
39412,114,112,2,2
39413,136,132,4,4
39414,76,74,2,2
39415,114,95,19,19
39416,46,51,-5,5
39417,97,104,-7,7
39418,70,72,-2,2
39419,63,52,11,11
39420,100,88,12,12
39421,114,99,15,15
39422,52,51,1,1
39423,130,120,10,10
39424,108,93,15,15
39425,133,110,23,23
39426,26,40,-14,14
39427,75,72,3,3
39428,112,112,0,0
39429,73,63,10,10
39430,44,52,-8,8
39431,75,71,4,4
39432,93,87,6,6
39433,60,72,-12,12
39434,83,78,5,5
39435,140,119,21,21
39436,100,98,2,2
39437,107,93,14,14
39438,95,78,17,17
39439,111,92,19,19
39440,112,99,13,13
39441,67,70,-3,3
39442,52,51,1,1
39443,113,95,18,18
39444,77,72,5,5
39445,135,122,13,13
39446,61,59,2,2
39447,58,66,-8,8
39448,60,59,1,1
39449,100,91,9,9
39450,49,55,-6,6
39451,71,65,6,6
39452,104,98,6,6
39453,49,51,-2,2
39454,141,126,15,15
39455,113,105,8,8
39456,74,66,8,8
39457,135,126,9,9
39458,61,63,-2,2
39459,115,109,6,6
39460,89,92,-3,3
39461,76,70,6,6
39462,111,111,0,0
39463,61,67,-6,6
39464,54,51,3,3
39465,95,96,-1,1
39466,125,116,9,9
39467,168,154,14,14
39468,71,65,6,6
39469,80,75,5,5
39470,224,205,19,19
39471,87,84,3,3
39472,65,63,2,2
39473,130,121,9,9
39474,111,105,6,6
39475,76,65,11,11
39476,111,99,12,12
39477,88,89,-1,1
39478,97,88,9,9
39479,118,109,9,9
39480,93,75,18,18
39481,131,112,19,19
39482,82,79,3,3
39483,153,131,22,22
39484,76,75,1,1
39485,105,106,-1,1
39486,38,35,3,3
39487,56,63,-7,7
39488,75,69,6,6
39489,40,41,-1,1
39490,139,130,9,9
39491,78,88,-10,10
39492,72,70,2,2
39493,123,123,0,0
39494,71,64,7,7
39495,144,128,16,16
39496,51,55,-4,4
39497,63,60,3,3
39498,51,52,-1,1
39499,98,87,11,11
39500,83,77,6,6
39501,75,83,-8,8
39502,108,100,8,8
39503,100,88,12,12
39504,61,54,7,7
39505,76,73,3,3
39506,156,202,-46,46
39507,69,65,4,4
39508,219,187,32,32
39509,112,104,8,8
39510,86,84,2,2
39511,53,51,2,2
39512,108,97,11,11
39513,82,76,6,6
39514,89,74,15,15
39515,125,110,15,15
39516,96,109,-13,13
39517,113,103,10,10
39518,61,68,-7,7
39519,39,43,-4,4
39520,65,74,-9,9
39521,101,94,7,7
39522,188,153,35,35
39523,73,71,2,2
39524,51,59,-8,8
39525,126,115,11,11
39526,95,111,-16,16
39527,85,97,-12,12
39528,112,103,9,9
39529,117,111,6,6
39530,109,88,21,21
39531,47,55,-8,8
39532,63,72,-9,9
39533,92,87,5,5
39534,78,75,3,3
39535,100,87,13,13
39536,137,114,23,23
39537,163,144,19,19
39538,74,75,-1,1
39539,64,72,-8,8
39540,87,72,15,15
39541,87,84,3,3
39542,120,116,4,4
39543,129,113,16,16
39544,137,125,12,12
39545,65,62,3,3
39546,67,65,2,2
39547,83,78,5,5
39548,91,82,9,9
39549,88,78,10,10
39550,47,50,-3,3
39551,119,110,9,9
39552,76,73,3,3
39553,96,87,9,9
39554,69,73,-4,4
39555,91,85,6,6
39556,95,90,5,5
39557,89,93,-4,4
39558,89,78,11,11
39559,106,98,8,8
39560,86,61,25,25
39561,119,101,18,18
39562,76,78,-2,2
39563,95,82,13,13
39564,93,83,10,10
39565,93,75,18,18
39566,87,82,5,5
39567,142,132,10,10
39568,81,78,3,3
39569,54,50,4,4
39570,131,114,17,17
39571,53,54,-1,1
39572,132,125,7,7
39573,83,79,4,4
39574,77,65,12,12
39575,86,88,-2,2
39576,135,117,18,18
39577,114,100,14,14
39578,75,81,-6,6
39579,62,70,-8,8
39580,96,85,11,11
39581,88,75,13,13
39582,58,58,0,0
39583,55,59,-4,4
39584,70,65,5,5
39585,162,138,24,24
39586,98,81,17,17
39587,73,65,8,8
39588,52,55,-3,3
39589,86,80,6,6
39590,133,113,20,20
39591,102,95,7,7
39592,137,123,14,14
39593,58,52,6,6
39594,94,75,19,19
39595,158,135,23,23
39596,88,84,4,4
39597,81,85,-4,4
39598,88,73,15,15
39599,170,162,8,8
39600,132,117,15,15
39601,160,148,12,12
39602,69,67,2,2
39603,78,73,5,5
39604,47,60,-13,13
39605,122,111,11,11
39606,46,50,-4,4
39607,81,79,2,2
39608,173,163,10,10
39609,36,102,-66,66
39610,84,72,12,12
39611,118,97,21,21
39612,113,95,18,18
39613,162,146,16,16
39614,98,98,0,0
39615,96,87,9,9
39616,71,70,1,1
39617,68,63,5,5
39618,85,76,9,9
39619,34,60,-26,26
39620,69,75,-6,6
39621,69,70,-1,1
39622,128,112,16,16
39623,99,96,3,3
39624,121,112,9,9
39625,179,151,28,28
39626,92,92,0,0
39627,171,160,11,11
39628,94,91,3,3
39629,112,106,6,6
39630,79,73,6,6
39631,57,65,-8,8
39632,72,76,-4,4
39633,161,130,31,31
39634,132,117,15,15
39635,126,108,18,18
39636,78,77,1,1
39637,72,66,6,6
39638,88,87,1,1
39639,93,87,6,6
39640,56,55,1,1
39641,179,151,28,28
39642,99,90,9,9
39643,143,120,23,23
39644,25,31,-6,6
39645,85,75,10,10
39646,50,51,-1,1
39647,110,98,12,12
39648,133,115,18,18
39649,103,92,11,11
39650,149,136,13,13
39651,146,138,8,8
39652,65,66,-1,1
39653,117,122,-5,5
39654,53,51,2,2
39655,155,129,26,26
39656,127,118,9,9
39657,87,84,3,3
39658,167,141,26,26
39659,74,68,6,6
39660,65,65,0,0
39661,50,51,-1,1
39662,109,101,8,8
39663,65,63,2,2
39664,98,88,10,10
39665,128,115,13,13
39666,132,123,9,9
39667,174,162,12,12
39668,81,78,3,3
39669,69,70,-1,1
39670,77,66,11,11
39671,69,66,3,3
39672,68,70,-2,2
39673,132,126,6,6
39674,152,151,1,1
39675,87,82,5,5
39676,30,36,-6,6
39677,98,82,16,16
39678,99,86,13,13
39679,116,109,7,7
39680,100,92,8,8
39681,137,119,18,18
39682,63,62,1,1
39683,82,83,-1,1
39684,99,106,-7,7
39685,58,59,-1,1
39686,68,66,2,2
39687,121,107,14,14
39688,91,75,16,16
39689,61,75,-14,14
39690,46,49,-3,3
39691,107,108,-1,1
39692,80,73,7,7
39693,78,77,1,1
39694,83,73,10,10
39695,139,125,14,14
39696,113,107,6,6
39697,109,106,3,3
39698,168,149,19,19
39699,148,129,19,19
39700,90,77,13,13
39701,49,53,-4,4
39702,91,93,-2,2
39703,48,50,-2,2
39704,99,95,4,4
39705,125,119,6,6
39706,77,90,-13,13
39707,89,81,8,8
39708,85,73,12,12
39709,85,77,8,8
39710,60,63,-3,3
39711,100,91,9,9
39712,61,62,-1,1
39713,87,82,5,5
39714,79,77,2,2
39715,48,50,-2,2
39716,90,93,-3,3
39717,85,77,8,8
39718,77,69,8,8
39719,56,59,-3,3
39720,55,54,1,1
39721,148,134,14,14
39722,108,95,13,13
39723,69,61,8,8
39724,151,131,20,20
39725,98,80,18,18
39726,87,83,4,4
39727,76,71,5,5
39728,84,76,8,8
39729,39,42,-3,3
39730,105,96,9,9
39731,68,87,-19,19
39732,58,66,-8,8
39733,81,74,7,7
39734,108,105,3,3
39735,98,94,4,4
39736,148,116,32,32
39737,71,70,1,1
39738,108,95,13,13
39739,68,71,-3,3
39740,82,79,3,3
39741,159,132,27,27
39742,109,90,19,19
39743,113,99,14,14
39744,106,95,11,11
39745,124,106,18,18
39746,74,70,4,4
39747,23,31,-8,8
39748,94,81,13,13
39749,69,66,3,3
39750,63,66,-3,3
39751,49,55,-6,6
39752,83,76,7,7
39753,65,61,4,4
39754,122,88,34,34
39755,110,100,10,10
39756,145,132,13,13
39757,128,105,23,23
39758,61,55,6,6
39759,135,116,19,19
39760,62,51,11,11
39761,143,113,30,30
39762,59,60,-1,1
39763,133,121,12,12
39764,84,86,-2,2
39765,127,114,13,13
39766,75,69,6,6
39767,128,116,12,12
39768,85,85,0,0
39769,127,106,21,21
39770,66,72,-6,6
39771,45,46,-1,1
39772,89,83,6,6
39773,82,75,7,7
39774,98,86,12,12
39775,51,55,-4,4
39776,112,107,5,5
39777,70,68,2,2
39778,75,56,19,19
39779,97,91,6,6
39780,59,71,-12,12
39781,51,48,3,3
39782,53,54,-1,1
39783,56,66,-10,10
39784,67,58,9,9
39785,66,68,-2,2
39786,89,82,7,7
39787,94,78,16,16
39788,77,78,-1,1
39789,41,48,-7,7
39790,85,78,7,7
39791,72,65,7,7
39792,108,102,6,6
39793,105,98,7,7
39794,67,67,0,0
39795,97,87,10,10
39796,76,72,4,4
39797,133,132,1,1
39798,93,86,7,7
39799,40,46,-6,6
39800,66,60,6,6
39801,43,44,-1,1
39802,145,125,20,20
39803,135,109,26,26
39804,64,64,0,0
39805,76,87,-11,11
39806,55,54,1,1
39807,78,66,12,12
39808,103,93,10,10
39809,141,133,8,8
39810,152,139,13,13
39811,110,111,-1,1
39812,122,105,17,17
39813,78,75,3,3
39814,82,77,5,5
39815,104,87,17,17
39816,112,99,13,13
39817,69,63,6,6
39818,48,51,-3,3
39819,60,62,-2,2
39820,54,51,3,3
39821,128,110,18,18
39822,61,55,6,6
39823,108,110,-2,2
39824,86,81,5,5
39825,74,76,-2,2
39826,168,147,21,21
39827,76,71,5,5
39828,80,77,3,3
39829,96,85,11,11
39830,74,67,7,7
39831,59,53,6,6
39832,143,129,14,14
39833,68,57,11,11
39834,76,75,1,1
39835,97,93,4,4
39836,66,64,2,2
39837,94,87,7,7
39838,159,140,19,19
39839,76,66,10,10
39840,121,114,7,7
39841,123,116,7,7
39842,80,76,4,4
39843,77,73,4,4
39844,52,57,-5,5
39845,115,113,2,2
39846,180,144,36,36
39847,70,67,3,3
39848,79,82,-3,3
39849,112,93,19,19
39850,89,87,2,2
39851,83,77,6,6
39852,108,105,3,3
39853,67,66,1,1
39854,86,78,8,8
39855,82,83,-1,1
39856,156,142,14,14
39857,141,119,22,22
39858,154,134,20,20
39859,63,63,0,0
39860,52,51,1,1
39861,122,104,18,18
39862,69,73,-4,4
39863,93,84,9,9
39864,106,106,0,0
39865,76,76,0,0
39866,97,83,14,14
39867,96,91,5,5
39868,116,109,7,7
39869,98,92,6,6
39870,89,80,9,9
39871,137,128,9,9
39872,88,72,16,16
39873,115,106,9,9
39874,135,121,14,14
39875,99,96,3,3
39876,68,69,-1,1
39877,98,92,6,6
39878,119,105,14,14
39879,77,69,8,8
39880,74,77,-3,3
39881,115,103,12,12
39882,67,65,2,2
39883,79,80,-1,1
39884,107,105,2,2
39885,83,79,4,4
39886,74,77,-3,3
39887,160,145,15,15
39888,56,58,-2,2
39889,74,71,3,3
39890,95,91,4,4
39891,141,140,1,1
39892,98,91,7,7
39893,84,80,4,4
39894,118,104,14,14
39895,58,52,6,6
39896,54,60,-6,6
39897,74,72,2,2
39898,69,68,1,1
39899,123,99,24,24
39900,59,56,3,3
39901,50,52,-2,2
39902,56,52,4,4
39903,55,58,-3,3
39904,145,124,21,21
39905,89,80,9,9
39906,74,62,12,12
39907,67,69,-2,2
39908,100,95,5,5
39909,99,93,6,6
39910,64,66,-2,2
39911,49,56,-7,7
39912,144,133,11,11
39913,65,63,2,2
39914,57,56,1,1
39915,74,72,2,2
39916,82,81,1,1
39917,80,70,10,10
39918,167,170,-3,3
39919,55,49,6,6
39920,98,94,4,4
39921,69,68,1,1
39922,60,60,0,0
39923,149,133,16,16
39924,170,151,19,19
39925,56,58,-2,2
39926,120,108,12,12
39927,114,105,9,9
39928,123,112,11,11
39929,67,71,-4,4
39930,145,130,15,15
39931,72,70,2,2
39932,85,77,8,8
39933,117,107,10,10
39934,87,98,-11,11
39935,66,68,-2,2
39936,116,114,2,2
39937,53,62,-9,9
39938,109,97,12,12
39939,26,31,-5,5
39940,51,51,0,0
39941,65,56,9,9
39942,89,76,13,13
39943,110,88,22,22
39944,70,69,1,1
39945,46,50,-4,4
39946,119,107,12,12
39947,127,113,14,14
39948,95,84,11,11
39949,68,65,3,3
39950,73,69,4,4
39951,112,100,12,12
39952,152,147,5,5
39953,83,78,5,5
39954,115,104,11,11
39955,131,100,31,31
39956,49,44,5,5
39957,118,93,25,25
39958,94,79,15,15
39959,120,112,8,8
39960,64,74,-10,10
39961,145,128,17,17
39962,63,64,-1,1
39963,62,60,2,2
39964,55,51,4,4
39965,113,111,2,2
39966,62,58,4,4
39967,80,73,7,7
39968,100,87,13,13
39969,72,74,-2,2
39970,75,69,6,6
39971,104,95,9,9
39972,56,51,5,5
39973,116,120,-4,4
39974,87,85,2,2
39975,109,100,9,9
39976,107,105,2,2
39977,63,66,-3,3
39978,127,122,5,5
39979,124,103,21,21
39980,67,64,3,3
39981,229,173,56,56
39982,144,116,28,28
39983,110,103,7,7
39984,70,64,6,6
39985,102,92,10,10
39986,153,123,30,30
39987,82,78,4,4
39988,50,51,-1,1
39989,54,60,-6,6
39990,97,86,11,11
39991,75,78,-3,3
39992,83,74,9,9
39993,88,79,9,9
39994,129,113,16,16
39995,91,74,17,17
39996,115,95,20,20
39997,96,88,8,8
39998,177,159,18,18
39999,109,102,7,7
40000,91,84,7,7
40001,102,91,11,11
40002,75,65,10,10
40003,67,66,1,1
40004,85,80,5,5
40005,133,115,18,18
40006,122,108,14,14
40007,99,92,7,7
40008,72,72,0,0
40009,80,79,1,1
40010,61,60,1,1
40011,118,102,16,16
40012,112,104,8,8
40013,69,73,-4,4
40014,156,138,18,18
40015,140,124,16,16
40016,55,52,3,3
40017,85,85,0,0
40018,104,90,14,14
40019,113,101,12,12
40020,61,66,-5,5
40021,110,109,1,1
40022,142,118,24,24
40023,93,85,8,8
40024,49,51,-2,2
40025,139,127,12,12
40026,42,44,-2,2
40027,80,69,11,11
40028,138,123,15,15
40029,148,133,15,15
40030,28,43,-15,15
40031,54,56,-2,2
40032,85,72,13,13
40033,84,77,7,7
40034,161,134,27,27
40035,80,75,5,5
40036,108,114,-6,6
40037,91,87,4,4
40038,92,81,11,11
40039,92,92,0,0
40040,91,77,14,14
40041,146,124,22,22
40042,59,65,-6,6
40043,109,94,15,15
40044,67,67,0,0
40045,89,85,4,4
40046,156,131,25,25
40047,106,95,11,11
40048,71,69,2,2
40049,161,141,20,20
40050,97,87,10,10
40051,95,86,9,9
40052,128,118,10,10
40053,79,87,-8,8
40054,127,124,3,3
40055,88,86,2,2
40056,63,63,0,0
40057,47,45,2,2
40058,67,73,-6,6
40059,44,40,4,4
40060,70,62,8,8
40061,59,51,8,8
40062,115,106,9,9
40063,123,118,5,5
40064,49,50,-1,1
40065,81,76,5,5
40066,55,55,0,0
40067,105,91,14,14
40068,120,111,9,9
40069,95,93,2,2
40070,73,74,-1,1
40071,76,75,1,1
40072,95,86,9,9
40073,35,39,-4,4
40074,85,76,9,9
40075,65,73,-8,8
40076,125,114,11,11
40077,62,59,3,3
40078,95,90,5,5
40079,139,125,14,14
40080,77,78,-1,1
40081,65,62,3,3
40082,53,54,-1,1
40083,83,68,15,15
40084,62,51,11,11
40085,74,68,6,6
40086,32,33,-1,1
40087,67,64,3,3
40088,134,112,22,22
40089,78,80,-2,2
40090,88,80,8,8
40091,81,81,0,0
40092,60,61,-1,1
40093,117,96,21,21
40094,61,62,-1,1
40095,147,133,14,14
40096,217,178,39,39
40097,84,79,5,5
40098,67,63,4,4
40099,158,160,-2,2
40100,51,58,-7,7
40101,91,86,5,5
40102,72,66,6,6
40103,121,115,6,6
40104,76,69,7,7
40105,117,104,13,13
40106,63,59,4,4
40107,82,84,-2,2
40108,87,91,-4,4
40109,77,70,7,7
40110,67,68,-1,1
40111,129,100,29,29
40112,56,56,0,0
40113,60,63,-3,3
40114,130,110,20,20
40115,106,107,-1,1
40116,73,65,8,8
40117,89,84,5,5
40118,85,89,-4,4
40119,71,65,6,6
40120,206,186,20,20
40121,142,137,5,5
40122,106,99,7,7
40123,98,91,7,7
40124,60,68,-8,8
40125,113,107,6,6
40126,57,61,-4,4
40127,73,60,13,13
40128,186,146,40,40
40129,87,88,-1,1
40130,122,107,15,15
40131,80,81,-1,1
40132,130,110,20,20
40133,106,97,9,9
40134,175,177,-2,2
40135,135,117,18,18
40136,115,104,11,11
40137,80,73,7,7
40138,125,105,20,20
40139,85,89,-4,4
40140,85,74,11,11
40141,143,125,18,18
40142,92,83,9,9
40143,74,58,16,16
40144,66,74,-8,8
40145,68,64,4,4
40146,103,89,14,14
40147,82,78,4,4
40148,57,57,0,0
40149,102,104,-2,2
40150,117,109,8,8
40151,79,80,-1,1
40152,179,141,38,38
40153,111,110,1,1
40154,59,61,-2,2
40155,90,81,9,9
40156,82,102,-20,20
40157,120,109,11,11
40158,89,84,5,5
40159,76,72,4,4
40160,74,64,10,10
40161,54,55,-1,1
40162,51,56,-5,5
40163,71,70,1,1
40164,116,91,25,25
40165,84,75,9,9
40166,107,93,14,14
40167,83,75,8,8
40168,170,146,24,24
40169,118,109,9,9
40170,115,100,15,15
40171,78,84,-6,6
40172,155,135,20,20
40173,143,133,10,10
40174,80,82,-2,2
40175,64,71,-7,7
40176,97,83,14,14
40177,92,85,7,7
40178,63,64,-1,1
40179,196,157,39,39
40180,70,75,-5,5
40181,95,88,7,7
40182,73,72,1,1
40183,64,69,-5,5
40184,86,91,-5,5
40185,93,92,1,1
40186,81,73,8,8
40187,132,99,33,33
40188,89,71,18,18
40189,80,68,12,12
40190,61,61,0,0
40191,148,139,9,9
40192,104,94,10,10
40193,105,99,6,6
40194,94,82,12,12
40195,72,73,-1,1
40196,71,66,5,5
40197,115,105,10,10
40198,100,90,10,10
40199,64,63,1,1
40200,88,84,4,4
40201,175,167,8,8
40202,153,146,7,7
40203,58,52,6,6
40204,143,135,8,8
40205,49,49,0,0
40206,62,55,7,7
40207,72,68,4,4
40208,112,103,9,9
40209,90,79,11,11
40210,88,80,8,8
40211,92,81,11,11
40212,25,38,-13,13
40213,97,89,8,8
40214,133,112,21,21
40215,86,84,2,2
40216,81,76,5,5
40217,164,141,23,23
40218,64,57,7,7
40219,79,72,7,7
40220,108,98,10,10
40221,62,68,-6,6
40222,84,80,4,4
40223,187,169,18,18
40224,70,75,-5,5
40225,119,102,17,17
40226,86,89,-3,3
40227,118,104,14,14
40228,79,80,-1,1
40229,77,72,5,5
40230,85,85,0,0
40231,107,90,17,17
40232,76,73,3,3
40233,54,50,4,4
40234,66,65,1,1
40235,64,68,-4,4
40236,56,47,9,9
40237,147,141,6,6
40238,92,79,13,13
40239,119,104,15,15
40240,61,69,-8,8
40241,112,98,14,14
40242,116,113,3,3
40243,68,73,-5,5
40244,153,137,16,16
40245,114,114,0,0
40246,115,104,11,11
40247,91,85,6,6
40248,68,69,-1,1
40249,111,99,12,12
40250,79,65,14,14
40251,57,63,-6,6
40252,114,107,7,7
40253,66,69,-3,3
40254,96,79,17,17
40255,83,89,-6,6
40256,93,77,16,16
40257,83,73,10,10
40258,80,69,11,11
40259,82,76,6,6
40260,114,105,9,9
40261,49,53,-4,4
40262,67,70,-3,3
40263,79,74,5,5
40264,77,74,3,3
40265,64,66,-2,2
40266,177,152,25,25
40267,71,71,0,0
40268,99,85,14,14
40269,90,82,8,8
40270,107,98,9,9
40271,103,88,15,15
40272,144,129,15,15
40273,81,73,8,8
40274,69,68,1,1
40275,63,77,-14,14
40276,105,100,5,5
40277,100,85,15,15
40278,118,112,6,6
40279,89,73,16,16
40280,90,82,8,8
40281,88,85,3,3
40282,69,63,6,6
40283,59,52,7,7
40284,84,76,8,8
40285,143,131,12,12
40286,112,113,-1,1
40287,143,143,0,0
40288,78,77,1,1
40289,38,42,-4,4
40290,107,88,19,19
40291,57,60,-3,3
40292,62,87,-25,25
40293,79,77,2,2
40294,72,73,-1,1
40295,85,77,8,8
40296,83,79,4,4
40297,69,66,3,3
40298,62,56,6,6
40299,80,79,1,1
40300,55,62,-7,7
40301,77,66,11,11
40302,77,81,-4,4
40303,81,85,-4,4
40304,88,78,10,10
40305,75,81,-6,6
40306,103,99,4,4
40307,63,60,3,3
40308,115,95,20,20
40309,149,140,9,9
40310,48,51,-3,3
40311,67,62,5,5
40312,167,134,33,33
40313,116,106,10,10
40314,40,50,-10,10
40315,93,87,6,6
40316,98,86,12,12
40317,105,89,16,16
40318,150,129,21,21
40319,174,132,42,42
40320,156,131,25,25
40321,61,90,-29,29
40322,124,120,4,4
40323,61,57,4,4
40324,58,56,2,2
40325,147,136,11,11
40326,80,84,-4,4
40327,115,95,20,20
40328,139,125,14,14
40329,73,71,2,2
40330,208,185,23,23
40331,92,93,-1,1
40332,63,54,9,9
40333,126,112,14,14
40334,31,31,0,0
40335,55,68,-13,13
40336,154,135,19,19
40337,110,102,8,8
40338,62,58,4,4
40339,124,111,13,13
40340,81,73,8,8
40341,78,69,9,9
40342,122,124,-2,2
40343,110,112,-2,2
40344,100,81,19,19
40345,112,103,9,9
40346,58,53,5,5
40347,92,83,9,9
40348,143,128,15,15
40349,76,70,6,6
40350,62,69,-7,7
40351,72,72,0,0
40352,96,93,3,3
40353,98,90,8,8
40354,209,171,38,38
40355,81,75,6,6
40356,65,68,-3,3
40357,111,92,19,19
40358,158,131,27,27
40359,106,102,4,4
40360,124,105,19,19
40361,90,78,12,12
40362,95,89,6,6
40363,86,84,2,2
40364,89,78,11,11
40365,59,66,-7,7
40366,132,112,20,20
40367,91,71,20,20
40368,90,78,12,12
40369,85,79,6,6
40370,77,84,-7,7
40371,68,60,8,8
40372,77,81,-4,4
40373,125,119,6,6
40374,53,51,2,2
40375,100,99,1,1
40376,128,119,9,9
40377,78,69,9,9
40378,73,86,-13,13
40379,79,74,5,5
40380,89,86,3,3
40381,101,94,7,7
40382,93,99,-6,6
40383,93,88,5,5
40384,62,62,0,0
40385,113,107,6,6
40386,117,104,13,13
40387,133,116,17,17
40388,107,106,1,1
40389,64,82,-18,18
40390,48,54,-6,6
40391,103,95,8,8
40392,91,90,1,1
40393,121,117,4,4
40394,109,102,7,7
40395,92,88,4,4
40396,118,100,18,18
40397,82,81,1,1
40398,76,63,13,13
40399,98,83,15,15
40400,118,102,16,16
40401,124,121,3,3
40402,120,95,25,25
40403,85,86,-1,1
40404,112,102,10,10
40405,88,83,5,5
40406,65,57,8,8
40407,48,48,0,0
40408,66,72,-6,6
40409,106,78,28,28
40410,174,132,42,42
40411,161,139,22,22
40412,42,71,-29,29
40413,65,69,-4,4
40414,47,53,-6,6
40415,100,101,-1,1
40416,91,83,8,8
40417,59,59,0,0
40418,77,81,-4,4
40419,83,77,6,6
40420,91,81,10,10
40421,91,82,9,9
40422,163,146,17,17
40423,89,79,10,10
40424,144,137,7,7
40425,107,106,1,1
40426,75,68,7,7
40427,210,193,17,17
40428,168,149,19,19
40429,116,105,11,11
40430,67,73,-6,6
40431,66,66,0,0
40432,23,34,-11,11
40433,99,88,11,11
40434,66,64,2,2
40435,56,56,0,0
40436,92,83,9,9
40437,132,115,17,17
40438,67,70,-3,3
40439,42,36,6,6
40440,123,114,9,9
40441,44,50,-6,6
40442,117,106,11,11
40443,109,98,11,11
40444,106,96,10,10
40445,92,86,6,6
40446,88,75,13,13
40447,74,71,3,3
40448,114,115,-1,1
40449,146,121,25,25
40450,105,94,11,11
40451,91,89,2,2
40452,124,112,12,12
40453,178,154,24,24
40454,98,88,10,10
40455,145,139,6,6
40456,76,73,3,3
40457,100,93,7,7
40458,128,102,26,26
40459,152,135,17,17
40460,40,43,-3,3
40461,65,68,-3,3
40462,107,102,5,5
40463,90,81,9,9
40464,100,99,1,1
40465,71,77,-6,6
40466,55,60,-5,5
40467,80,73,7,7
40468,131,100,31,31
40469,28,34,-6,6
40470,93,90,3,3
40471,149,146,3,3
40472,88,84,4,4
40473,50,56,-6,6
40474,82,86,-4,4
40475,125,108,17,17
40476,131,109,22,22
40477,93,94,-1,1
40478,83,77,6,6
40479,149,141,8,8
40480,74,78,-4,4
40481,124,116,8,8
40482,174,142,32,32
40483,83,103,-20,20
40484,119,113,6,6
40485,85,76,9,9
40486,70,64,6,6
40487,197,177,20,20
40488,131,115,16,16
40489,130,111,19,19
40490,73,75,-2,2
40491,97,86,11,11
40492,85,90,-5,5
40493,198,159,39,39
40494,100,87,13,13
40495,81,80,1,1
40496,71,72,-1,1
40497,97,91,6,6
40498,77,83,-6,6
40499,88,82,6,6
40500,90,78,12,12
40501,74,72,2,2
40502,70,70,0,0
40503,63,57,6,6
40504,149,128,21,21
40505,97,83,14,14
40506,65,71,-6,6
40507,81,74,7,7
40508,100,93,7,7
40509,79,84,-5,5
40510,106,99,7,7
40511,79,78,1,1
40512,137,126,11,11
40513,82,83,-1,1
40514,68,54,14,14
40515,100,87,13,13
40516,40,49,-9,9
40517,57,55,2,2
40518,73,75,-2,2
40519,85,82,3,3
40520,135,120,15,15
40521,126,116,10,10
40522,158,141,17,17
40523,110,99,11,11
40524,125,120,5,5
40525,115,101,14,14
40526,112,105,7,7
40527,71,74,-3,3
40528,121,127,-6,6
40529,97,98,-1,1
40530,104,96,8,8
40531,97,91,6,6
40532,54,55,-1,1
40533,76,75,1,1
40534,132,101,31,31
40535,98,99,-1,1
40536,107,98,9,9
40537,119,103,16,16
40538,125,111,14,14
40539,96,93,3,3
40540,49,51,-2,2
40541,89,74,15,15
40542,101,87,14,14
40543,86,89,-3,3
40544,43,42,1,1
40545,40,41,-1,1
40546,109,99,10,10
40547,49,52,-3,3
40548,99,95,4,4
40549,120,94,26,26
40550,70,77,-7,7
40551,177,151,26,26
40552,59,66,-7,7
40553,90,86,4,4
40554,99,90,9,9
40555,99,94,5,5
40556,113,95,18,18
40557,87,74,13,13
40558,120,111,9,9
40559,122,102,20,20
40560,156,142,14,14
40561,90,77,13,13
40562,109,99,10,10
40563,59,66,-7,7
40564,110,105,5,5
40565,64,62,2,2
40566,76,75,1,1
40567,93,83,10,10
40568,81,81,0,0
40569,155,135,20,20
40570,77,84,-7,7
40571,52,52,0,0
40572,48,52,-4,4
40573,94,92,2,2
40574,72,74,-2,2
40575,78,87,-9,9
40576,108,96,12,12
40577,74,79,-5,5
40578,67,64,3,3
40579,88,78,10,10
40580,127,117,10,10
40581,88,96,-8,8
40582,53,65,-12,12
40583,101,95,6,6
40584,105,93,12,12
40585,120,110,10,10
40586,63,67,-4,4
40587,50,53,-3,3
40588,67,64,3,3
40589,121,113,8,8
40590,76,73,3,3
40591,95,73,22,22
40592,97,91,6,6
40593,63,69,-6,6
40594,135,120,15,15
40595,61,60,1,1
40596,79,76,3,3
40597,133,118,15,15
40598,97,97,0,0
40599,78,65,13,13
40600,96,85,11,11
40601,47,44,3,3
40602,139,115,24,24
40603,99,88,11,11
40604,113,94,19,19
40605,94,85,9,9
40606,100,98,2,2
40607,71,77,-6,6
40608,102,100,2,2
40609,113,101,12,12
40610,85,79,6,6
40611,75,63,12,12
40612,62,55,7,7
40613,111,84,27,27
40614,80,73,7,7
40615,117,107,10,10
40616,107,97,10,10
40617,75,73,2,2
40618,82,80,2,2
40619,73,71,2,2
40620,110,99,11,11
40621,115,102,13,13
40622,151,133,18,18
40623,60,62,-2,2
40624,51,52,-1,1
40625,76,67,9,9
40626,115,101,14,14
40627,79,75,4,4
40628,85,83,2,2
40629,84,83,1,1
40630,136,114,22,22
40631,76,74,2,2
40632,30,41,-11,11
40633,141,125,16,16
40634,83,74,9,9
40635,81,83,-2,2
40636,79,80,-1,1
40637,113,105,8,8
40638,88,78,10,10
40639,145,155,-10,10
40640,156,140,16,16
40641,80,86,-6,6
40642,103,94,9,9
40643,116,104,12,12
40644,76,66,10,10
40645,123,114,9,9
40646,93,86,7,7
40647,103,100,3,3
40648,67,62,5,5
40649,102,102,0,0
40650,92,78,14,14
40651,86,82,4,4
40652,56,58,-2,2
40653,80,81,-1,1
40654,137,124,13,13
40655,48,54,-6,6
40656,87,72,15,15
40657,112,110,2,2
40658,74,64,10,10
40659,87,82,5,5
40660,101,101,0,0
40661,58,63,-5,5
40662,116,101,15,15
40663,97,85,12,12
40664,65,61,4,4
40665,98,84,14,14
40666,98,83,15,15
40667,156,134,22,22
40668,88,83,5,5
40669,85,87,-2,2
40670,64,57,7,7
40671,72,71,1,1
40672,107,106,1,1
40673,87,97,-10,10
40674,115,103,12,12
40675,102,84,18,18
40676,120,103,17,17
40677,87,88,-1,1
40678,81,77,4,4
40679,53,56,-3,3
40680,71,76,-5,5
40681,78,74,4,4
40682,104,91,13,13
40683,113,111,2,2
40684,51,44,7,7
40685,65,69,-4,4
40686,109,119,-10,10
40687,78,82,-4,4
40688,105,89,16,16
40689,93,94,-1,1
40690,103,94,9,9
40691,113,93,20,20
40692,77,82,-5,5
40693,135,118,17,17
40694,82,68,14,14
40695,84,77,7,7
40696,56,62,-6,6
40697,54,51,3,3
40698,146,123,23,23
40699,149,131,18,18
40700,91,79,12,12
40701,61,56,5,5
40702,117,117,0,0
40703,46,49,-3,3
40704,159,142,17,17
40705,94,79,15,15
40706,153,128,25,25
40707,108,96,12,12
40708,85,73,12,12
40709,69,71,-2,2
40710,295,213,82,82
40711,74,72,2,2
40712,103,95,8,8
40713,80,72,8,8
40714,68,69,-1,1
40715,120,114,6,6
40716,86,81,5,5
40717,118,106,12,12
40718,74,74,0,0
40719,99,79,20,20
40720,76,67,9,9
40721,134,114,20,20
40722,97,100,-3,3
40723,66,68,-2,2
40724,92,93,-1,1
40725,50,51,-1,1
40726,83,84,-1,1
40727,98,93,5,5
40728,72,67,5,5
40729,71,70,1,1
40730,71,74,-3,3
40731,78,79,-1,1
40732,81,79,2,2
40733,126,118,8,8
40734,71,66,5,5
40735,70,66,4,4
40736,141,128,13,13
40737,75,66,9,9
40738,85,76,9,9
40739,89,85,4,4
40740,82,81,1,1
40741,174,147,27,27
40742,77,73,4,4
40743,113,111,2,2
40744,165,150,15,15
40745,55,51,4,4
40746,94,78,16,16
40747,81,81,0,0
40748,103,92,11,11
40749,87,76,11,11
40750,68,80,-12,12
40751,205,194,11,11
40752,85,80,5,5
40753,66,62,4,4
40754,68,65,3,3
40755,87,82,5,5
40756,101,85,16,16
40757,115,105,10,10
40758,69,63,6,6
40759,144,127,17,17
40760,97,93,4,4
40761,107,100,7,7
40762,88,94,-6,6
40763,138,121,17,17
40764,90,74,16,16
40765,129,128,1,1
40766,66,64,2,2
40767,75,72,3,3
40768,118,104,14,14
40769,99,91,8,8
40770,77,71,6,6
40771,89,79,10,10
40772,95,90,5,5
40773,56,52,4,4
40774,115,106,9,9
40775,59,58,1,1
40776,117,107,10,10
40777,110,105,5,5
40778,120,97,23,23
40779,98,79,19,19
40780,121,114,7,7
40781,100,79,21,21
40782,85,80,5,5
40783,106,98,8,8
40784,165,143,22,22
40785,65,71,-6,6
40786,58,58,0,0
40787,165,144,21,21
40788,56,59,-3,3
40789,62,67,-5,5
40790,85,73,12,12
40791,93,91,2,2
40792,57,61,-4,4
40793,97,91,6,6
40794,96,94,2,2
40795,45,49,-4,4
40796,114,104,10,10
40797,77,67,10,10
40798,77,79,-2,2
40799,89,78,11,11
40800,70,67,3,3
40801,84,84,0,0
40802,89,97,-8,8
40803,104,101,3,3
40804,88,81,7,7
40805,68,65,3,3
40806,67,66,1,1
40807,51,51,0,0
40808,144,137,7,7
40809,135,122,13,13
40810,89,85,4,4
40811,122,108,14,14
40812,110,96,14,14
40813,81,78,3,3
40814,147,142,5,5
40815,60,59,1,1
40816,137,133,4,4
40817,110,103,7,7
40818,125,112,13,13
40819,89,85,4,4
40820,129,130,-1,1
40821,70,59,11,11
40822,149,141,8,8
40823,72,77,-5,5
40824,96,93,3,3
40825,76,76,0,0
40826,154,138,16,16
40827,220,181,39,39
40828,106,102,4,4
40829,95,95,0,0
40830,158,149,9,9
40831,140,128,12,12
40832,86,82,4,4
40833,96,79,17,17
40834,100,90,10,10
40835,70,76,-6,6
40836,64,62,2,2
40837,147,131,16,16
40838,75,72,3,3
40839,80,73,7,7
40840,161,135,26,26
40841,83,95,-12,12
40842,89,75,14,14
40843,169,147,22,22
40844,85,80,5,5
40845,151,142,9,9
40846,85,74,11,11
40847,61,68,-7,7
40848,62,57,5,5
40849,118,103,15,15
40850,97,89,8,8
40851,118,104,14,14
40852,104,87,17,17
40853,44,43,1,1
40854,101,90,11,11
40855,69,69,0,0
40856,52,51,1,1
40857,115,106,9,9
40858,56,54,2,2
40859,110,111,-1,1
40860,96,107,-11,11
40861,88,80,8,8
40862,94,90,4,4
40863,60,57,3,3
40864,108,100,8,8
40865,114,95,19,19
40866,87,83,4,4
40867,102,94,8,8
40868,75,67,8,8
40869,56,53,3,3
40870,123,118,5,5
40871,29,44,-15,15
40872,70,79,-9,9
40873,87,77,10,10
40874,48,58,-10,10
40875,108,96,12,12
40876,164,151,13,13
40877,125,103,22,22
40878,66,66,0,0
40879,190,166,24,24
40880,91,82,9,9
40881,116,90,26,26
40882,96,89,7,7
40883,86,78,8,8
40884,157,151,6,6
40885,149,126,23,23
40886,54,55,-1,1
40887,81,79,2,2
40888,97,95,2,2
40889,128,112,16,16
40890,96,91,5,5
40891,121,113,8,8
40892,131,116,15,15
40893,133,112,21,21
40894,130,118,12,12
40895,97,85,12,12
40896,68,70,-2,2
40897,118,98,20,20
40898,91,82,9,9
40899,90,97,-7,7
40900,65,63,2,2
40901,143,119,24,24
40902,80,67,13,13
40903,96,74,22,22
40904,104,91,13,13
40905,112,104,8,8
40906,86,81,5,5
40907,91,86,5,5
40908,205,163,42,42
40909,73,79,-6,6
40910,101,89,12,12
40911,73,72,1,1
40912,90,79,11,11
40913,191,178,13,13
40914,90,87,3,3
40915,149,135,14,14
40916,73,79,-6,6
40917,152,140,12,12
40918,115,101,14,14
40919,88,86,2,2
40920,86,78,8,8
40921,103,94,9,9
40922,37,39,-2,2
40923,83,72,11,11
40924,76,64,12,12
40925,56,51,5,5
40926,130,111,19,19
40927,67,61,6,6
40928,78,70,8,8
40929,105,97,8,8
40930,101,89,12,12
40931,88,80,8,8
40932,83,81,2,2
40933,108,99,9,9
40934,67,61,6,6
40935,107,96,11,11
40936,43,36,7,7
40937,71,76,-5,5
40938,99,83,16,16
40939,120,118,2,2
40940,132,107,25,25
40941,30,39,-9,9
40942,88,82,6,6
40943,82,89,-7,7
40944,59,64,-5,5
40945,68,67,1,1
40946,120,100,20,20
40947,60,56,4,4
40948,103,93,10,10
40949,110,100,10,10
40950,114,101,13,13
40951,90,82,8,8
40952,192,165,27,27
40953,100,93,7,7
40954,119,110,9,9
40955,91,74,17,17
40956,98,91,7,7
40957,51,51,0,0
40958,94,84,10,10
40959,98,96,2,2
40960,71,63,8,8
40961,106,112,-6,6
40962,78,77,1,1
40963,66,69,-3,3
40964,79,79,0,0
40965,85,81,4,4
40966,147,135,12,12
40967,68,62,6,6
40968,66,64,2,2
40969,81,76,5,5
40970,133,121,12,12
40971,120,106,14,14
40972,71,72,-1,1
40973,169,155,14,14
40974,159,139,20,20
40975,57,63,-6,6
40976,73,74,-1,1
40977,44,43,1,1
40978,85,83,2,2
40979,49,59,-10,10
40980,54,51,3,3
40981,89,80,9,9
40982,62,66,-4,4
40983,88,79,9,9
40984,93,94,-1,1
40985,66,66,0,0
40986,69,66,3,3
40987,138,139,-1,1
40988,88,83,5,5
40989,102,95,7,7
40990,45,45,0,0
40991,48,51,-3,3
40992,106,104,2,2
40993,158,124,34,34
40994,125,109,16,16
40995,64,77,-13,13
40996,153,143,10,10
40997,66,64,2,2
40998,87,85,2,2
40999,90,80,10,10
41000,105,97,8,8
41001,51,49,2,2
41002,148,125,23,23
41003,123,122,1,1
41004,59,55,4,4
41005,88,73,15,15
41006,91,85,6,6
41007,77,75,2,2
41008,98,89,9,9
41009,84,83,1,1
41010,97,85,12,12
41011,129,109,20,20
41012,158,145,13,13
41013,99,97,2,2
41014,153,142,11,11
41015,140,112,28,28
41016,97,85,12,12
41017,116,109,7,7
41018,108,94,14,14
41019,117,107,10,10
41020,112,101,11,11
41021,70,69,1,1
41022,117,114,3,3
41023,186,165,21,21
41024,88,82,6,6
41025,40,44,-4,4
41026,69,71,-2,2
41027,138,112,26,26
41028,68,68,0,0
41029,194,158,36,36
41030,141,125,16,16
41031,66,76,-10,10
41032,87,89,-2,2
41033,112,103,9,9
41034,120,100,20,20
41035,117,102,15,15
41036,116,111,5,5
41037,113,114,-1,1
41038,109,114,-5,5
41039,116,105,11,11
41040,107,94,13,13
41041,156,132,24,24
41042,54,55,-1,1
41043,96,85,11,11
41044,116,103,13,13
41045,105,92,13,13
41046,53,51,2,2
41047,146,127,19,19
41048,111,113,-2,2
41049,55,51,4,4
41050,130,114,16,16
41051,89,80,9,9
41052,99,105,-6,6
41053,101,82,19,19
41054,107,101,6,6
41055,56,56,0,0
41056,72,71,1,1
41057,141,127,14,14
41058,49,51,-2,2
41059,50,44,6,6
41060,106,87,19,19
41061,71,67,4,4
41062,82,91,-9,9
41063,112,96,16,16
41064,114,109,5,5
41065,91,85,6,6
41066,79,75,4,4
41067,87,84,3,3
41068,72,69,3,3
41069,140,129,11,11
41070,79,80,-1,1
41071,103,89,14,14
41072,105,100,5,5
41073,80,77,3,3
41074,63,62,1,1
41075,89,80,9,9
41076,58,63,-5,5
41077,71,65,6,6
41078,91,89,2,2
41079,64,57,7,7
41080,134,119,15,15
41081,144,131,13,13
41082,46,66,-20,20
41083,79,84,-5,5
41084,137,114,23,23
41085,71,68,3,3
41086,88,79,9,9
41087,99,85,14,14
41088,77,75,2,2
41089,71,69,2,2
41090,66,64,2,2
41091,57,61,-4,4
41092,107,99,8,8
41093,157,145,12,12
41094,59,65,-6,6
41095,107,108,-1,1
41096,150,128,22,22
41097,97,91,6,6
41098,56,57,-1,1
41099,122,109,13,13
41100,118,100,18,18
41101,98,78,20,20
41102,87,88,-1,1
41103,84,68,16,16
41104,67,62,5,5
41105,97,93,4,4
41106,110,102,8,8
41107,75,74,1,1
41108,49,55,-6,6
41109,121,120,1,1
41110,124,112,12,12
41111,86,80,6,6
41112,91,84,7,7
41113,74,66,8,8
41114,87,76,11,11
41115,61,64,-3,3
41116,76,75,1,1
41117,169,156,13,13
41118,79,74,5,5
41119,85,88,-3,3
41120,129,111,18,18
41121,68,65,3,3
41122,88,103,-15,15
41123,136,113,23,23
41124,81,77,4,4
41125,143,143,0,0
41126,66,62,4,4
41127,90,90,0,0
41128,69,64,5,5
41129,129,122,7,7
41130,77,81,-4,4
41131,128,119,9,9
41132,110,104,6,6
41133,125,115,10,10
41134,82,73,9,9
41135,147,126,21,21
41136,77,74,3,3
41137,81,68,13,13
41138,91,83,8,8
41139,106,85,21,21
41140,65,66,-1,1
41141,59,51,8,8
41142,107,104,3,3
41143,75,80,-5,5
41144,86,93,-7,7
41145,92,84,8,8
41146,87,81,6,6
41147,115,116,-1,1
41148,70,69,1,1
41149,78,66,12,12
41150,77,72,5,5
41151,142,140,2,2
41152,161,146,15,15
41153,145,121,24,24
41154,102,94,8,8
41155,68,66,2,2
41156,81,80,1,1
41157,92,78,14,14
41158,91,87,4,4
41159,87,79,8,8
41160,168,150,18,18
41161,58,55,3,3
41162,119,94,25,25
41163,55,50,5,5
41164,69,68,1,1
41165,69,68,1,1
41166,99,93,6,6
41167,72,69,3,3
41168,82,83,-1,1
41169,134,118,16,16
41170,88,75,13,13
41171,61,63,-2,2
41172,77,74,3,3
41173,106,103,3,3
41174,89,86,3,3
41175,90,84,6,6
41176,102,103,-1,1
41177,77,71,6,6
41178,63,62,1,1
41179,76,73,3,3
41180,67,59,8,8
41181,64,71,-7,7
41182,66,66,0,0
41183,126,115,11,11
41184,91,94,-3,3
41185,148,120,28,28
41186,111,98,13,13
41187,58,62,-4,4
41188,93,81,12,12
41189,80,72,8,8
41190,173,152,21,21
41191,80,74,6,6
41192,117,103,14,14
41193,69,56,13,13
41194,115,106,9,9
41195,122,104,18,18
41196,76,74,2,2
41197,89,69,20,20
41198,92,101,-9,9
41199,101,94,7,7
41200,156,135,21,21
41201,88,85,3,3
41202,61,61,0,0
41203,80,74,6,6
41204,128,115,13,13
41205,101,89,12,12
41206,114,104,10,10
41207,142,115,27,27
41208,53,51,2,2
41209,138,122,16,16
41210,49,51,-2,2
41211,146,119,27,27
41212,91,81,10,10
41213,136,133,3,3
41214,60,66,-6,6
41215,147,129,18,18
41216,86,80,6,6
41217,71,67,4,4
41218,127,140,-13,13
41219,62,65,-3,3
41220,109,98,11,11
41221,69,68,1,1
41222,186,170,16,16
41223,44,50,-6,6
41224,39,37,2,2
41225,89,86,3,3
41226,113,108,5,5
41227,65,60,5,5
41228,63,65,-2,2
41229,61,64,-3,3
41230,132,114,18,18
41231,70,70,0,0
41232,179,159,20,20
41233,103,103,0,0
41234,118,102,16,16
41235,71,71,0,0
41236,156,130,26,26
41237,95,85,10,10
41238,108,105,3,3
41239,92,85,7,7
41240,125,106,19,19
41241,103,88,15,15
41242,87,74,13,13
41243,57,63,-6,6
41244,95,89,6,6
41245,207,196,11,11
41246,72,73,-1,1
41247,158,143,15,15
41248,78,74,4,4
41249,59,61,-2,2
41250,77,64,13,13
41251,78,70,8,8
41252,120,101,19,19
41253,137,123,14,14
41254,71,65,6,6
41255,117,105,12,12
41256,97,90,7,7
41257,108,103,5,5
41258,64,66,-2,2
41259,125,110,15,15
41260,57,51,6,6
41261,47,51,-4,4
41262,110,91,19,19
41263,173,166,7,7
41264,70,62,8,8
41265,112,102,10,10
41266,69,66,3,3
41267,95,85,10,10
41268,50,50,0,0
41269,60,56,4,4
41270,108,102,6,6
41271,88,84,4,4
41272,141,149,-8,8
41273,65,65,0,0
41274,111,114,-3,3
41275,110,93,17,17
41276,156,121,35,35
41277,70,83,-13,13
41278,77,79,-2,2
41279,111,100,11,11
41280,77,73,4,4
41281,132,135,-3,3
41282,94,80,14,14
41283,87,87,0,0
41284,71,71,0,0
41285,69,72,-3,3
41286,57,58,-1,1
41287,63,65,-2,2
41288,170,155,15,15
41289,99,88,11,11
41290,91,86,5,5
41291,75,77,-2,2
41292,155,137,18,18
41293,169,147,22,22
41294,121,103,18,18
41295,56,59,-3,3
41296,73,69,4,4
41297,142,88,54,54
41298,76,80,-4,4
41299,117,106,11,11
41300,113,109,4,4
41301,63,53,10,10
41302,146,123,23,23
41303,71,63,8,8
41304,68,63,5,5
41305,96,90,6,6
41306,64,66,-2,2
41307,79,67,12,12
41308,77,74,3,3
41309,54,57,-3,3
41310,81,79,2,2
41311,106,102,4,4
41312,130,109,21,21
41313,63,57,6,6
41314,74,74,0,0
41315,87,82,5,5
41316,97,88,9,9
41317,136,136,0,0
41318,78,72,6,6
41319,114,96,18,18
41320,172,177,-5,5
41321,69,80,-11,11
41322,55,68,-13,13
41323,68,63,5,5
41324,84,78,6,6
41325,64,61,3,3
41326,44,51,-7,7
41327,98,87,11,11
41328,118,116,2,2
41329,115,98,17,17
41330,151,135,16,16
41331,66,67,-1,1
41332,150,126,24,24
41333,94,82,12,12
41334,83,83,0,0
41335,138,118,20,20
41336,96,89,7,7
41337,117,104,13,13
41338,32,31,1,1
41339,167,149,18,18
41340,162,134,28,28
41341,120,115,5,5
41342,84,80,4,4
41343,64,62,2,2
41344,147,130,17,17
41345,74,77,-3,3
41346,42,53,-11,11
41347,65,75,-10,10
41348,87,80,7,7
41349,101,101,0,0
41350,64,60,4,4
41351,54,61,-7,7
41352,99,95,4,4
41353,60,62,-2,2
41354,62,62,0,0
41355,134,115,19,19
41356,79,78,1,1
41357,74,69,5,5
41358,103,104,-1,1
41359,160,151,9,9
41360,103,92,11,11
41361,96,91,5,5
41362,66,60,6,6
41363,72,64,8,8
41364,69,69,0,0
41365,115,102,13,13
41366,74,64,10,10
41367,47,51,-4,4
41368,116,97,19,19
41369,75,80,-5,5
41370,74,78,-4,4
41371,138,117,21,21
41372,83,81,2,2
41373,78,77,1,1
41374,144,124,20,20
41375,94,85,9,9
41376,91,81,10,10
41377,97,96,1,1
41378,79,74,5,5
41379,87,83,4,4
41380,50,52,-2,2
41381,61,59,2,2
41382,66,73,-7,7
41383,83,76,7,7
41384,69,60,9,9
41385,117,96,21,21
41386,123,106,17,17
41387,152,119,33,33
41388,53,51,2,2
41389,41,68,-27,27
41390,120,103,17,17
41391,50,57,-7,7
41392,103,96,7,7
41393,59,73,-14,14
41394,146,117,29,29
41395,74,62,12,12
41396,119,104,15,15
41397,100,96,4,4
41398,109,93,16,16
41399,140,119,21,21
41400,104,94,10,10
41401,118,116,2,2
41402,129,111,18,18
41403,62,61,1,1
41404,80,78,2,2
41405,67,66,1,1
41406,45,51,-6,6
41407,111,105,6,6
41408,110,104,6,6
41409,68,68,0,0
41410,84,92,-8,8
41411,132,108,24,24
41412,67,63,4,4
41413,66,67,-1,1
41414,53,68,-15,15
41415,88,86,2,2
41416,115,110,5,5
41417,142,135,7,7
41418,134,126,8,8
41419,108,99,9,9
41420,63,66,-3,3
41421,68,62,6,6
41422,96,80,16,16
41423,73,74,-1,1
41424,88,84,4,4
41425,107,90,17,17
41426,114,121,-7,7
41427,132,120,12,12
41428,64,69,-5,5
41429,73,65,8,8
41430,109,94,15,15
41431,65,65,0,0
41432,138,105,33,33
41433,103,88,15,15
41434,132,114,18,18
41435,67,65,2,2
41436,70,68,2,2
41437,114,121,-7,7
41438,54,58,-4,4
41439,87,78,9,9
41440,57,60,-3,3
41441,163,153,10,10
41442,83,81,2,2
41443,48,51,-3,3
41444,62,67,-5,5
41445,110,93,17,17
41446,64,59,5,5
41447,154,137,17,17
41448,119,106,13,13
41449,81,82,-1,1
41450,76,72,4,4
41451,125,98,27,27
41452,82,74,8,8
41453,140,127,13,13
41454,58,51,7,7
41455,90,75,15,15
41456,94,82,12,12
41457,70,70,0,0
41458,126,107,19,19
41459,42,48,-6,6
41460,96,79,17,17
41461,144,120,24,24
41462,84,76,8,8
41463,91,81,10,10
41464,89,78,11,11
41465,68,70,-2,2
41466,74,72,2,2
41467,73,68,5,5
41468,95,81,14,14
41469,141,121,20,20
41470,144,122,22,22
41471,115,109,6,6
41472,126,104,22,22
41473,81,73,8,8
41474,70,65,5,5
41475,101,97,4,4
41476,36,38,-2,2
41477,103,89,14,14
41478,50,52,-2,2
41479,108,89,19,19
41480,168,162,6,6
41481,89,93,-4,4
41482,128,114,14,14
41483,87,72,15,15
41484,72,58,14,14
41485,166,142,24,24
41486,75,68,7,7
41487,116,108,8,8
41488,66,64,2,2
41489,89,90,-1,1
41490,72,75,-3,3
41491,103,107,-4,4
41492,82,81,1,1
41493,108,101,7,7
41494,115,96,19,19
41495,154,155,-1,1
41496,96,92,4,4
41497,70,67,3,3
41498,105,94,11,11
41499,103,101,2,2
41500,80,79,1,1
41501,167,126,41,41
41502,131,123,8,8
41503,87,81,6,6
41504,83,78,5,5
41505,221,186,35,35
41506,67,67,0,0
41507,114,105,9,9
41508,88,74,14,14
41509,80,72,8,8
41510,183,161,22,22
41511,67,71,-4,4
41512,172,151,21,21
41513,56,51,5,5
41514,60,54,6,6
41515,60,56,4,4
41516,77,77,0,0
41517,85,72,13,13
41518,64,63,1,1
41519,88,87,1,1
41520,143,115,28,28
41521,148,137,11,11
41522,73,71,2,2
41523,97,93,4,4
41524,85,89,-4,4
41525,62,54,8,8
41526,82,74,8,8
41527,63,56,7,7
41528,55,51,4,4
41529,133,116,17,17
41530,96,94,2,2
41531,98,90,8,8
41532,67,65,2,2
41533,104,104,0,0
41534,118,141,-23,23
41535,83,88,-5,5
41536,110,106,4,4
41537,138,120,18,18
41538,79,72,7,7
41539,75,66,9,9
41540,67,66,1,1
41541,59,58,1,1
41542,63,53,10,10
41543,125,110,15,15
41544,156,146,10,10
41545,88,77,11,11
41546,106,95,11,11
41547,88,81,7,7
41548,126,117,9,9
41549,71,73,-2,2
41550,109,100,9,9
41551,61,92,-31,31
41552,100,98,2,2
41553,157,123,34,34
41554,168,150,18,18
41555,110,98,12,12
41556,92,89,3,3
41557,118,118,0,0
41558,159,150,9,9
41559,67,63,4,4
41560,78,84,-6,6
41561,93,89,4,4
41562,76,71,5,5
41563,156,134,22,22
41564,63,68,-5,5
41565,87,82,5,5
41566,79,71,8,8
41567,56,57,-1,1
41568,65,62,3,3
41569,99,94,5,5
41570,90,75,15,15
41571,108,105,3,3
41572,59,56,3,3
41573,48,70,-22,22
41574,73,68,5,5
41575,111,94,17,17
41576,69,65,4,4
41577,149,119,30,30
41578,87,73,14,14
41579,87,78,9,9
41580,85,76,9,9
41581,112,94,18,18
41582,78,85,-7,7
41583,74,77,-3,3
41584,85,81,4,4
41585,77,78,-1,1
41586,113,97,16,16
41587,106,98,8,8
41588,61,71,-10,10
41589,82,85,-3,3
41590,115,107,8,8
41591,51,56,-5,5
41592,109,87,22,22
41593,61,57,4,4
41594,60,62,-2,2
41595,129,114,15,15
41596,152,119,33,33
41597,90,83,7,7
41598,204,177,27,27
41599,95,83,12,12
41600,81,81,0,0
41601,75,73,2,2
41602,95,83,12,12
41603,108,102,6,6
41604,140,120,20,20
41605,47,44,3,3
41606,92,76,16,16
41607,127,121,6,6
41608,64,70,-6,6
41609,86,70,16,16
41610,83,71,12,12
41611,86,87,-1,1
41612,110,101,9,9
41613,128,123,5,5
41614,152,137,15,15
41615,106,103,3,3
41616,71,71,0,0
41617,70,75,-5,5
41618,71,70,1,1
41619,80,81,-1,1
41620,10,31,-21,21
41621,95,83,12,12
41622,88,79,9,9
41623,55,42,13,13
41624,96,79,17,17
41625,114,95,19,19
41626,113,99,14,14
41627,115,100,15,15
41628,50,51,-1,1
41629,130,120,10,10
41630,130,116,14,14
41631,85,79,6,6
41632,72,69,3,3
41633,177,154,23,23
41634,90,91,-1,1
41635,131,130,1,1
41636,68,70,-2,2
41637,46,51,-5,5
41638,96,93,3,3
41639,161,139,22,22
41640,60,57,3,3
41641,73,73,0,0
41642,50,51,-1,1
41643,60,51,9,9
41644,122,109,13,13
41645,136,119,17,17
41646,90,78,12,12
41647,131,117,14,14
41648,95,85,10,10
41649,66,65,1,1
41650,105,104,1,1
41651,82,76,6,6
41652,107,98,9,9
41653,61,57,4,4
41654,136,115,21,21
41655,128,129,-1,1
41656,66,71,-5,5
41657,125,115,10,10
41658,69,64,5,5
41659,68,75,-7,7
41660,84,80,4,4
41661,47,53,-6,6
41662,77,73,4,4
41663,113,97,16,16
41664,155,146,9,9
41665,88,87,1,1
41666,76,70,6,6
41667,104,130,-26,26
41668,43,46,-3,3
41669,69,71,-2,2
41670,94,95,-1,1
41671,121,110,11,11
41672,178,153,25,25
41673,69,64,5,5
41674,113,107,6,6
41675,118,107,11,11
41676,86,79,7,7
41677,71,68,3,3
41678,112,104,8,8
41679,114,99,15,15
41680,68,61,7,7
41681,75,71,4,4
41682,103,89,14,14
41683,71,71,0,0
41684,57,55,2,2
41685,88,80,8,8
41686,165,142,23,23
41687,79,73,6,6
41688,133,124,9,9
41689,125,106,19,19
41690,91,101,-10,10
41691,117,111,6,6
41692,108,95,13,13
41693,101,93,8,8
41694,61,62,-1,1
41695,170,147,23,23
41696,152,135,17,17
41697,86,80,6,6
41698,89,81,8,8
41699,137,117,20,20
41700,107,99,8,8
41701,145,123,22,22
41702,152,146,6,6
41703,89,76,13,13
41704,81,75,6,6
41705,102,99,3,3
41706,85,86,-1,1
41707,70,69,1,1
41708,85,77,8,8
41709,105,96,9,9
41710,79,64,15,15
41711,55,62,-7,7
41712,94,84,10,10
41713,49,53,-4,4
41714,42,44,-2,2
41715,302,237,65,65
41716,116,101,15,15
41717,68,67,1,1
41718,81,79,2,2
41719,98,103,-5,5
41720,120,101,19,19
41721,135,127,8,8
41722,85,84,1,1
41723,76,74,2,2
41724,125,112,13,13
41725,26,31,-5,5
41726,111,87,24,24
41727,152,128,24,24
41728,85,77,8,8
41729,99,95,4,4
41730,98,101,-3,3
41731,99,91,8,8
41732,81,74,7,7
41733,98,103,-5,5
41734,101,82,19,19
41735,64,63,1,1
41736,185,168,17,17
41737,97,89,8,8
41738,93,95,-2,2
41739,65,64,1,1
41740,89,83,6,6
41741,53,55,-2,2
41742,96,87,9,9
41743,133,119,14,14
41744,149,119,30,30
41745,155,136,19,19
41746,86,77,9,9
41747,64,60,4,4
41748,133,115,18,18
41749,119,119,0,0
41750,70,70,0,0
41751,57,56,1,1
41752,56,60,-4,4
41753,55,51,4,4
41754,57,60,-3,3
41755,106,101,5,5
41756,85,88,-3,3
41757,80,76,4,4
41758,71,81,-10,10
41759,79,88,-9,9
41760,72,74,-2,2
41761,67,60,7,7
41762,200,173,27,27
41763,55,59,-4,4
41764,103,95,8,8
41765,80,74,6,6
41766,113,105,8,8
41767,34,64,-30,30
41768,77,77,0,0
41769,145,135,10,10
41770,143,136,7,7
41771,100,91,9,9
41772,53,50,3,3
41773,61,84,-23,23
41774,109,110,-1,1
41775,86,72,14,14
41776,72,71,1,1
41777,86,86,0,0
41778,115,115,0,0
41779,74,76,-2,2
41780,85,78,7,7
41781,97,88,9,9
41782,111,101,10,10
41783,63,75,-12,12
41784,104,97,7,7
41785,101,92,9,9
41786,110,99,11,11
41787,72,75,-3,3
41788,128,116,12,12
41789,74,83,-9,9
41790,108,93,15,15
41791,110,101,9,9
41792,68,66,2,2
41793,41,41,0,0
41794,153,147,6,6
41795,115,107,8,8
41796,58,63,-5,5
41797,45,63,-18,18
41798,92,83,9,9
41799,57,58,-1,1
41800,125,106,19,19
41801,82,82,0,0
41802,61,62,-1,1
41803,148,128,20,20
41804,72,67,5,5
41805,108,102,6,6
41806,97,99,-2,2
41807,134,114,20,20
41808,50,51,-1,1
41809,66,63,3,3
41810,61,56,5,5
41811,91,81,10,10
41812,133,118,15,15
41813,131,104,27,27
41814,67,76,-9,9
41815,112,101,11,11
41816,100,104,-4,4
41817,193,166,27,27
41818,90,80,10,10
41819,77,72,5,5
41820,80,77,3,3
41821,117,107,10,10
41822,87,84,3,3
41823,64,67,-3,3
41824,61,58,3,3
41825,120,115,5,5
41826,119,110,9,9
41827,137,115,22,22
41828,54,56,-2,2
41829,162,134,28,28
41830,152,149,3,3
41831,69,60,9,9
41832,80,75,5,5
41833,92,86,6,6
41834,96,82,14,14
41835,107,102,5,5
41836,71,70,1,1
41837,83,83,0,0
41838,89,86,3,3
41839,121,107,14,14
41840,81,77,4,4
41841,112,107,5,5
41842,147,125,22,22
41843,62,62,0,0
41844,129,116,13,13
41845,74,78,-4,4
41846,168,135,33,33
41847,47,50,-3,3
41848,128,123,5,5
41849,49,55,-6,6
41850,56,57,-1,1
41851,89,77,12,12
41852,67,63,4,4
41853,68,73,-5,5
41854,114,108,6,6
41855,137,134,3,3
41856,122,109,13,13
41857,74,72,2,2
41858,67,63,4,4
41859,129,118,11,11
41860,139,130,9,9
41861,62,64,-2,2
41862,100,94,6,6
41863,88,80,8,8
41864,64,63,1,1
41865,92,80,12,12
41866,119,124,-5,5
41867,81,77,4,4
41868,59,55,4,4
41869,106,95,11,11
41870,94,81,13,13
41871,112,93,19,19
41872,80,78,2,2
41873,101,101,0,0
41874,135,115,20,20
41875,135,118,17,17
41876,104,90,14,14
41877,85,78,7,7
41878,176,156,20,20
41879,79,75,4,4
41880,69,61,8,8
41881,41,39,2,2
41882,47,43,4,4
41883,67,66,1,1
41884,69,73,-4,4
41885,51,51,0,0
41886,73,79,-6,6
41887,108,96,12,12
41888,47,42,5,5
41889,120,117,3,3
41890,117,105,12,12
41891,91,94,-3,3
41892,110,107,3,3
41893,82,75,7,7
41894,97,90,7,7
41895,92,87,5,5
41896,72,67,5,5
41897,74,63,11,11
41898,80,87,-7,7
41899,49,49,0,0
41900,133,116,17,17
41901,85,83,2,2
41902,116,104,12,12
41903,72,64,8,8
41904,125,112,13,13
41905,91,86,5,5
41906,103,95,8,8
41907,110,102,8,8
41908,102,98,4,4
41909,111,94,17,17
41910,50,64,-14,14
41911,50,49,1,1
41912,106,94,12,12
41913,79,74,5,5
41914,138,114,24,24
41915,110,108,2,2
41916,59,57,2,2
41917,72,69,3,3
41918,190,158,32,32
41919,93,83,10,10
41920,47,44,3,3
41921,46,54,-8,8
41922,135,119,16,16
41923,56,68,-12,12
41924,67,65,2,2
41925,101,94,7,7
41926,78,74,4,4
41927,61,71,-10,10
41928,43,54,-11,11
41929,142,131,11,11
41930,88,88,0,0
41931,119,109,10,10
41932,146,119,27,27
41933,93,91,2,2
41934,109,105,4,4
41935,105,96,9,9
41936,98,95,3,3
41937,75,69,6,6
41938,78,76,2,2
41939,101,102,-1,1
41940,88,97,-9,9
41941,133,129,4,4
41942,66,65,1,1
41943,101,91,10,10
41944,94,90,4,4
41945,86,77,9,9
41946,95,84,11,11
41947,96,94,2,2
41948,83,75,8,8
41949,119,92,27,27
41950,116,108,8,8
41951,92,80,12,12
41952,89,90,-1,1
41953,215,205,10,10
41954,96,89,7,7
41955,138,120,18,18
41956,73,69,4,4
41957,72,74,-2,2
41958,83,88,-5,5
41959,119,105,14,14
41960,83,76,7,7
41961,140,120,20,20
41962,164,137,27,27
41963,105,91,14,14
41964,109,86,23,23
41965,100,86,14,14
41966,95,91,4,4
41967,85,75,10,10
41968,83,78,5,5
41969,148,131,17,17
41970,95,93,2,2
41971,110,116,-6,6
41972,104,107,-3,3
41973,125,129,-4,4
41974,110,112,-2,2
41975,109,100,9,9
41976,87,78,9,9
41977,166,149,17,17
41978,68,78,-10,10
41979,104,87,17,17
41980,127,95,32,32
41981,60,61,-1,1
41982,106,89,17,17
41983,58,59,-1,1
41984,59,56,3,3
41985,98,89,9,9
41986,150,144,6,6
41987,107,106,1,1
41988,75,79,-4,4
41989,95,90,5,5
41990,82,78,4,4
41991,101,84,17,17
41992,63,70,-7,7
41993,81,65,16,16
41994,60,63,-3,3
41995,121,108,13,13
41996,110,94,16,16
41997,73,76,-3,3
41998,62,68,-6,6
41999,66,68,-2,2
42000,87,84,3,3
42001,130,129,1,1
42002,84,83,1,1
42003,142,131,11,11
42004,61,62,-1,1
42005,109,98,11,11
42006,147,125,22,22
42007,37,57,-20,20
42008,246,182,64,64
42009,61,68,-7,7
42010,111,103,8,8
42011,92,89,3,3
42012,133,134,-1,1
42013,161,136,25,25
42014,128,125,3,3
42015,73,63,10,10
42016,115,108,7,7
42017,159,142,17,17
42018,75,68,7,7
42019,85,91,-6,6
42020,79,78,1,1
42021,103,90,13,13
42022,109,98,11,11
42023,89,83,6,6
42024,158,148,10,10
42025,86,83,3,3
42026,114,95,19,19
42027,145,127,18,18
42028,83,76,7,7
42029,142,134,8,8
42030,48,52,-4,4
42031,69,68,1,1
42032,90,99,-9,9
42033,152,129,23,23
42034,72,73,-1,1
42035,93,89,4,4
42036,59,61,-2,2
42037,142,121,21,21
42038,95,81,14,14
42039,152,126,26,26
42040,87,82,5,5
42041,79,60,19,19
42042,80,77,3,3
42043,89,86,3,3
42044,74,66,8,8
42045,78,72,6,6
42046,100,92,8,8
42047,92,88,4,4
42048,135,126,9,9
42049,112,105,7,7
42050,109,102,7,7
42051,86,75,11,11
42052,80,72,8,8
42053,92,99,-7,7
42054,93,87,6,6
42055,111,108,3,3
42056,64,62,2,2
42057,96,76,20,20
42058,79,87,-8,8
42059,148,151,-3,3
42060,74,77,-3,3
42061,91,79,12,12
42062,85,79,6,6
42063,104,91,13,13
42064,132,125,7,7
42065,75,78,-3,3
42066,175,162,13,13
42067,77,67,10,10
42068,92,88,4,4
42069,150,133,17,17
42070,35,31,4,4
42071,79,73,6,6
42072,57,61,-4,4
42073,70,55,15,15
42074,117,123,-6,6
42075,84,76,8,8
42076,51,70,-19,19
42077,88,90,-2,2
42078,83,78,5,5
42079,89,74,15,15
42080,79,74,5,5
42081,76,75,1,1
42082,50,56,-6,6
42083,102,89,13,13
42084,111,117,-6,6
42085,82,81,1,1
42086,114,115,-1,1
42087,99,82,17,17
42088,111,99,12,12
42089,99,96,3,3
42090,68,63,5,5
42091,159,131,28,28
42092,78,77,1,1
42093,43,51,-8,8
42094,64,63,1,1
42095,77,77,0,0
42096,38,56,-18,18
42097,39,36,3,3
42098,87,90,-3,3
42099,89,78,11,11
42100,101,95,6,6
42101,115,105,10,10
42102,101,90,11,11
42103,52,55,-3,3
42104,68,68,0,0
42105,57,58,-1,1
42106,97,84,13,13
42107,80,82,-2,2
42108,95,88,7,7
42109,155,136,19,19
42110,74,71,3,3
42111,104,89,15,15
42112,63,69,-6,6
42113,28,31,-3,3
42114,96,85,11,11
42115,104,99,5,5
42116,118,107,11,11
42117,81,71,10,10
42118,58,62,-4,4
42119,85,90,-5,5
42120,59,64,-5,5
42121,91,97,-6,6
42122,120,103,17,17
42123,58,44,14,14
42124,89,75,14,14
42125,101,98,3,3
42126,89,81,8,8
42127,68,60,8,8
42128,122,103,19,19
42129,71,74,-3,3
42130,71,68,3,3
42131,75,90,-15,15
42132,130,123,7,7
42133,103,85,18,18
42134,114,102,12,12
42135,145,127,18,18
42136,108,97,11,11
42137,102,97,5,5
42138,107,96,11,11
42139,97,89,8,8
42140,94,80,14,14
42141,70,71,-1,1
42142,91,88,3,3
42143,92,91,1,1
42144,60,65,-5,5
42145,83,79,4,4
42146,92,81,11,11
42147,106,103,3,3
42148,47,57,-10,10
42149,72,65,7,7
42150,137,121,16,16
42151,69,70,-1,1
42152,69,57,12,12
42153,123,110,13,13
42154,77,77,0,0
42155,74,62,12,12
42156,144,137,7,7
42157,132,121,11,11
42158,109,98,11,11
42159,93,88,5,5
42160,56,51,5,5
42161,125,110,15,15
42162,54,63,-9,9
42163,127,109,18,18
42164,96,91,5,5
42165,106,86,20,20
42166,98,92,6,6
42167,97,89,8,8
42168,65,63,2,2
42169,91,78,13,13
42170,90,84,6,6
42171,135,116,19,19
42172,109,113,-4,4
42173,101,92,9,9
42174,80,78,2,2
42175,105,100,5,5
42176,64,61,3,3
42177,155,141,14,14
42178,119,113,6,6
42179,76,66,10,10
42180,122,108,14,14
42181,59,61,-2,2
42182,63,60,3,3
42183,92,92,0,0
42184,101,93,8,8
42185,100,92,8,8
42186,88,89,-1,1
42187,98,87,11,11
42188,153,126,27,27
42189,92,81,11,11
42190,76,66,10,10
42191,110,100,10,10
42192,86,84,2,2
42193,130,118,12,12
42194,126,119,7,7
42195,78,67,11,11
42196,77,73,4,4
42197,104,97,7,7
42198,126,126,0,0
42199,79,73,6,6
42200,117,121,-4,4
42201,45,50,-5,5
42202,100,97,3,3
42203,83,68,15,15
42204,134,122,12,12
42205,83,77,6,6
42206,90,92,-2,2
42207,86,85,1,1
42208,89,82,7,7
42209,60,63,-3,3
42210,78,76,2,2
42211,120,113,7,7
42212,72,71,1,1
42213,104,98,6,6
42214,188,161,27,27
42215,93,83,10,10
42216,159,135,24,24
42217,80,72,8,8
42218,96,95,1,1
42219,114,106,8,8
42220,113,107,6,6
42221,62,68,-6,6
42222,140,124,16,16
42223,157,135,22,22
42224,61,67,-6,6
42225,95,99,-4,4
42226,130,118,12,12
42227,134,130,4,4
42228,84,83,1,1
42229,83,76,7,7
42230,96,92,4,4
42231,85,77,8,8
42232,117,113,4,4
42233,49,51,-2,2
42234,55,55,0,0
42235,116,92,24,24
42236,65,64,1,1
42237,86,81,5,5
42238,58,68,-10,10
42239,55,60,-5,5
42240,109,96,13,13
42241,109,91,18,18
42242,115,106,9,9
42243,131,101,30,30
42244,79,79,0,0
42245,74,75,-1,1
42246,114,103,11,11
42247,125,106,19,19
42248,90,77,13,13
42249,81,77,4,4
42250,109,97,12,12
42251,90,79,11,11
42252,58,51,7,7
42253,67,67,0,0
42254,88,76,12,12
42255,71,83,-12,12
42256,118,121,-3,3
42257,109,104,5,5
42258,75,91,-16,16
42259,38,37,1,1
42260,173,154,19,19
42261,153,142,11,11
42262,66,59,7,7
42263,58,60,-2,2
42264,44,45,-1,1
42265,86,76,10,10
42266,100,90,10,10
42267,86,86,0,0
42268,106,99,7,7
42269,80,74,6,6
42270,84,75,9,9
42271,76,71,5,5
42272,96,85,11,11
42273,90,85,5,5
42274,116,115,1,1
42275,196,157,39,39
42276,103,94,9,9
42277,95,97,-2,2
42278,68,63,5,5
42279,96,79,17,17
42280,109,94,15,15
42281,86,84,2,2
42282,174,160,14,14
42283,78,78,0,0
42284,47,52,-5,5
42285,96,90,6,6
42286,92,85,7,7
42287,79,64,15,15
42288,85,77,8,8
42289,113,108,5,5
42290,96,89,7,7
42291,80,74,6,6
42292,43,40,3,3
42293,93,95,-2,2
42294,63,66,-3,3
42295,96,83,13,13
42296,103,95,8,8
42297,53,58,-5,5
42298,99,89,10,10
42299,79,77,2,2
42300,70,66,4,4
42301,106,89,17,17
42302,104,130,-26,26
42303,141,129,12,12
42304,99,81,18,18
42305,96,84,12,12
42306,55,51,4,4
42307,99,93,6,6
42308,116,109,7,7
42309,64,86,-22,22
42310,152,126,26,26
42311,63,63,0,0
42312,78,72,6,6
42313,123,126,-3,3
42314,126,116,10,10
42315,79,69,10,10
42316,92,73,19,19
42317,94,95,-1,1
42318,200,172,28,28
42319,157,145,12,12
42320,80,75,5,5
42321,57,56,1,1
42322,141,127,14,14
42323,60,63,-3,3
42324,85,74,11,11
42325,54,49,5,5
42326,159,152,7,7
42327,150,127,23,23
42328,87,77,10,10
42329,47,60,-13,13
42330,96,90,6,6
42331,82,77,5,5
42332,74,66,8,8
42333,120,113,7,7
42334,109,84,25,25
42335,86,86,0,0
42336,129,113,16,16
42337,196,169,27,27
42338,178,150,28,28
42339,105,92,13,13
42340,61,63,-2,2
42341,67,69,-2,2
42342,109,100,9,9
42343,111,116,-5,5
42344,52,60,-8,8
42345,89,77,12,12
42346,71,79,-8,8
42347,111,101,10,10
42348,40,35,5,5
42349,79,81,-2,2
42350,99,89,10,10
42351,96,88,8,8
42352,63,57,6,6
42353,103,115,-12,12
42354,97,102,-5,5
42355,90,86,4,4
42356,119,98,21,21
42357,176,151,25,25
42358,97,92,5,5
42359,131,130,1,1
42360,86,74,12,12
42361,77,71,6,6
42362,84,77,7,7
42363,70,66,4,4
42364,109,101,8,8
42365,121,111,10,10
42366,125,125,0,0
42367,150,116,34,34
42368,103,92,11,11
42369,151,123,28,28
42370,58,57,1,1
42371,64,63,1,1
42372,122,115,7,7
42373,104,89,15,15
42374,92,79,13,13
42375,100,93,7,7
42376,142,120,22,22
42377,93,81,12,12
42378,120,105,15,15
42379,75,74,1,1
42380,106,94,12,12
42381,60,61,-1,1
42382,83,79,4,4
42383,98,91,7,7
42384,56,50,6,6
42385,37,38,-1,1
42386,97,81,16,16
42387,152,137,15,15
42388,97,86,11,11
42389,76,67,9,9
42390,80,84,-4,4
42391,56,54,2,2
42392,108,90,18,18
42393,128,99,29,29
42394,117,104,13,13
42395,103,91,12,12
42396,31,38,-7,7
42397,84,76,8,8
42398,92,85,7,7
42399,115,120,-5,5
42400,128,122,6,6
42401,128,111,17,17
42402,75,77,-2,2
42403,72,65,7,7
42404,95,89,6,6
42405,56,60,-4,4
42406,83,80,3,3
42407,97,95,2,2
42408,109,91,18,18
42409,126,111,15,15
42410,135,128,7,7
42411,75,74,1,1
42412,73,65,8,8
42413,89,88,1,1
42414,94,87,7,7
42415,81,76,5,5
42416,78,76,2,2
42417,79,69,10,10
42418,78,76,2,2
42419,105,102,3,3
42420,112,102,10,10
42421,75,66,9,9
42422,98,91,7,7
42423,94,87,7,7
42424,56,58,-2,2
42425,92,80,12,12
42426,68,67,1,1
42427,104,97,7,7
42428,144,114,30,30
42429,50,56,-6,6
42430,51,52,-1,1
42431,61,68,-7,7
42432,83,83,0,0
42433,28,35,-7,7
42434,99,95,4,4
42435,83,84,-1,1
42436,162,137,25,25
42437,104,93,11,11
42438,88,87,1,1
42439,95,85,10,10
42440,116,102,14,14
42441,144,124,20,20
42442,69,53,16,16
42443,102,105,-3,3
42444,116,108,8,8
42445,61,62,-1,1
42446,108,98,10,10
42447,55,54,1,1
42448,142,127,15,15
42449,156,137,19,19
42450,129,109,20,20
42451,180,157,23,23
42452,111,105,6,6
42453,179,162,17,17
42454,89,82,7,7
42455,114,100,14,14
42456,96,83,13,13
42457,117,110,7,7
42458,64,59,5,5
42459,57,52,5,5
42460,54,60,-6,6
42461,95,83,12,12
42462,89,61,28,28
42463,109,93,16,16
42464,76,73,3,3
42465,67,64,3,3
42466,65,63,2,2
42467,76,80,-4,4
42468,92,84,8,8
42469,92,87,5,5
42470,74,67,7,7
42471,92,77,15,15
42472,80,74,6,6
42473,89,85,4,4
42474,43,47,-4,4
42475,69,69,0,0
42476,88,85,3,3
42477,84,87,-3,3
42478,115,110,5,5
42479,56,51,5,5
42480,95,95,0,0
42481,80,88,-8,8
42482,80,74,6,6
42483,98,89,9,9
42484,49,51,-2,2
42485,91,76,15,15
42486,64,68,-4,4
42487,53,59,-6,6
42488,85,73,12,12
42489,98,90,8,8
42490,100,85,15,15
42491,69,70,-1,1
42492,48,51,-3,3
42493,105,88,17,17
42494,163,137,26,26
42495,150,139,11,11
42496,85,82,3,3
42497,128,123,5,5
42498,99,97,2,2
42499,103,90,13,13
42500,128,107,21,21
42501,107,103,4,4
42502,55,63,-8,8
42503,84,83,1,1
42504,90,90,0,0
42505,90,90,0,0
42506,72,66,6,6
42507,91,87,4,4
42508,87,89,-2,2
42509,84,61,23,23
42510,42,43,-1,1
42511,65,65,0,0
42512,131,120,11,11
42513,48,56,-8,8
42514,109,96,13,13
42515,85,86,-1,1
42516,66,59,7,7
42517,83,83,0,0
42518,46,41,5,5
42519,141,124,17,17
42520,59,64,-5,5
42521,87,79,8,8
42522,84,84,0,0
42523,86,85,1,1
42524,127,112,15,15
42525,111,111,0,0
42526,102,100,2,2
42527,65,67,-2,2
42528,70,67,3,3
42529,61,65,-4,4
42530,104,96,8,8
42531,111,101,10,10
42532,202,167,35,35
42533,100,84,16,16
42534,136,125,11,11
42535,35,42,-7,7
42536,40,40,0,0
42537,115,103,12,12
42538,116,103,13,13
42539,72,63,9,9
42540,108,101,7,7
42541,106,109,-3,3
42542,62,61,1,1
42543,127,110,17,17
42544,94,84,10,10
42545,89,77,12,12
42546,70,70,0,0
42547,72,74,-2,2
42548,98,80,18,18
42549,96,85,11,11
42550,108,105,3,3
42551,142,111,31,31
42552,77,76,1,1
42553,67,66,1,1
42554,81,81,0,0
42555,54,53,1,1
42556,124,113,11,11
42557,110,110,0,0
42558,101,94,7,7
42559,86,84,2,2
42560,117,104,13,13
42561,111,99,12,12
42562,136,115,21,21
42563,78,68,10,10
42564,62,72,-10,10
42565,231,196,35,35
42566,180,167,13,13
42567,91,83,8,8
42568,134,125,9,9
42569,80,78,2,2
42570,100,94,6,6
42571,123,111,12,12
42572,109,100,9,9
42573,70,68,2,2
42574,57,56,1,1
42575,148,135,13,13
42576,76,71,5,5
42577,70,67,3,3
42578,82,80,2,2
42579,102,103,-1,1
42580,198,176,22,22
42581,56,51,5,5
42582,94,91,3,3
42583,97,93,4,4
42584,103,89,14,14
42585,81,74,7,7
42586,102,91,11,11
42587,85,82,3,3
42588,165,137,28,28
42589,50,54,-4,4
42590,124,116,8,8
42591,101,93,8,8
42592,79,71,8,8
42593,138,133,5,5
42594,191,137,54,54
42595,162,145,17,17
42596,126,111,15,15
42597,103,96,7,7
42598,49,51,-2,2
42599,113,110,3,3
42600,100,89,11,11
42601,118,109,9,9
42602,117,113,4,4
42603,84,81,3,3
42604,110,94,16,16
42605,128,106,22,22
42606,105,99,6,6
42607,59,52,7,7
42608,91,84,7,7
42609,68,62,6,6
42610,72,78,-6,6
42611,135,123,12,12
42612,79,89,-10,10
42613,107,100,7,7
42614,30,38,-8,8
42615,70,71,-1,1
42616,105,97,8,8
42617,92,86,6,6
42618,177,158,19,19
42619,84,83,1,1
42620,67,73,-6,6
42621,150,116,34,34
42622,65,80,-15,15
42623,69,67,2,2
42624,94,87,7,7
42625,87,74,13,13
42626,73,77,-4,4
42627,70,71,-1,1
42628,93,81,12,12
42629,110,98,12,12
42630,87,72,15,15
42631,109,101,8,8
42632,71,72,-1,1
42633,103,99,4,4
42634,152,133,19,19
42635,70,71,-1,1
42636,125,99,26,26
42637,91,89,2,2
42638,172,154,18,18
42639,60,66,-6,6
42640,99,117,-18,18
42641,61,55,6,6
42642,91,84,7,7
42643,94,82,12,12
42644,135,118,17,17
42645,43,51,-8,8
42646,83,83,0,0
42647,93,86,7,7
42648,116,105,11,11
42649,131,101,30,30
42650,140,139,1,1
42651,101,100,1,1
42652,160,138,22,22
42653,157,127,30,30
42654,147,161,-14,14
42655,151,139,12,12
42656,162,148,14,14
42657,52,93,-41,41
42658,77,68,9,9
42659,86,77,9,9
42660,86,85,1,1
42661,91,79,12,12
42662,118,103,15,15
42663,103,89,14,14
42664,103,96,7,7
42665,74,70,4,4
42666,119,105,14,14
42667,89,80,9,9
42668,107,94,13,13
42669,109,133,-24,24
42670,85,87,-2,2
42671,70,66,4,4
42672,86,78,8,8
42673,105,97,8,8
42674,98,93,5,5
42675,75,73,2,2
42676,50,55,-5,5
42677,67,65,2,2
42678,76,69,7,7
42679,80,69,11,11
42680,124,119,5,5
42681,60,69,-9,9
42682,73,69,4,4
42683,52,51,1,1
42684,102,95,7,7
42685,29,31,-2,2
42686,66,69,-3,3
42687,80,69,11,11
42688,76,73,3,3
42689,107,98,9,9
42690,68,59,9,9
42691,129,111,18,18
42692,51,50,1,1
42693,131,124,7,7
42694,73,74,-1,1
42695,157,137,20,20
42696,96,97,-1,1
42697,19,49,-30,30
42698,109,92,17,17
42699,67,65,2,2
42700,132,122,10,10
42701,156,117,39,39
42702,85,91,-6,6
42703,90,84,6,6
42704,85,75,10,10
42705,44,55,-11,11
42706,150,129,21,21
42707,65,64,1,1
42708,91,96,-5,5
42709,63,75,-12,12
42710,80,77,3,3
42711,163,155,8,8
42712,110,94,16,16
42713,100,88,12,12
42714,89,76,13,13
42715,51,51,0,0
42716,97,97,0,0
42717,82,78,4,4
42718,85,79,6,6
42719,73,75,-2,2
42720,80,70,10,10
42721,50,57,-7,7
42722,81,73,8,8
42723,68,64,4,4
42724,76,73,3,3
42725,75,67,8,8
42726,82,86,-4,4
42727,78,76,2,2
42728,53,67,-14,14
42729,55,57,-2,2
42730,41,39,2,2
42731,95,89,6,6
42732,55,52,3,3
42733,99,110,-11,11
42734,64,69,-5,5
42735,93,99,-6,6
42736,61,54,7,7
42737,95,88,7,7
42738,116,110,6,6
42739,83,71,12,12
42740,82,71,11,11
42741,137,107,30,30
42742,69,73,-4,4
42743,69,62,7,7
42744,60,51,9,9
42745,81,85,-4,4
42746,128,118,10,10
42747,78,67,11,11
42748,79,80,-1,1
42749,74,77,-3,3
42750,69,69,0,0
42751,140,120,20,20
42752,108,108,0,0
42753,61,55,6,6
42754,142,133,9,9
42755,42,38,4,4
42756,68,61,7,7
42757,74,71,3,3
42758,94,91,3,3
42759,164,147,17,17
42760,77,70,7,7
42761,94,81,13,13
42762,192,179,13,13
42763,121,113,8,8
42764,61,58,3,3
42765,120,114,6,6
42766,103,94,9,9
42767,89,80,9,9
42768,100,87,13,13
42769,97,83,14,14
42770,64,66,-2,2
42771,165,149,16,16
42772,74,68,6,6
42773,65,64,1,1
42774,39,51,-12,12
42775,183,157,26,26
42776,82,80,2,2
42777,111,103,8,8
42778,150,126,24,24
42779,89,74,15,15
42780,116,105,11,11
42781,106,98,8,8
42782,129,124,5,5
42783,59,61,-2,2
42784,161,127,34,34
42785,108,114,-6,6
42786,63,72,-9,9
42787,114,104,10,10
42788,80,81,-1,1
42789,81,81,0,0
42790,72,69,3,3
42791,99,86,13,13
42792,98,78,20,20
42793,111,94,17,17
42794,120,109,11,11
42795,119,109,10,10
42796,69,70,-1,1
42797,137,118,19,19
42798,130,120,10,10
42799,106,87,19,19
42800,58,60,-2,2
42801,144,128,16,16
42802,117,110,7,7
42803,146,145,1,1
42804,137,121,16,16
42805,116,113,3,3
42806,86,74,12,12
42807,89,81,8,8
42808,107,98,9,9
42809,108,103,5,5
42810,109,93,16,16
42811,53,60,-7,7
42812,79,67,12,12
42813,59,60,-1,1
42814,84,76,8,8
42815,156,131,25,25
42816,121,109,12,12
42817,66,64,2,2
42818,74,70,4,4
42819,47,94,-47,47
42820,106,97,9,9
42821,98,82,16,16
42822,68,60,8,8
42823,58,65,-7,7
42824,86,85,1,1
42825,87,85,2,2
42826,85,88,-3,3
42827,143,126,17,17
42828,168,136,32,32
42829,63,69,-6,6
42830,72,108,-36,36
42831,170,169,1,1
42832,139,135,4,4
42833,104,103,1,1
42834,66,56,10,10
42835,78,75,3,3
42836,66,61,5,5
42837,78,70,8,8
42838,178,146,32,32
42839,176,155,21,21
42840,77,67,10,10
42841,51,50,1,1
42842,112,85,27,27
42843,110,118,-8,8
42844,140,134,6,6
42845,120,101,19,19
42846,88,82,6,6
42847,85,87,-2,2
42848,166,140,26,26
42849,71,68,3,3
42850,112,110,2,2
42851,73,65,8,8
42852,80,77,3,3
42853,113,116,-3,3
42854,62,63,-1,1
42855,94,66,28,28
42856,145,136,9,9
42857,131,128,3,3
42858,103,96,7,7
42859,98,98,0,0
42860,84,74,10,10
42861,133,112,21,21
42862,144,125,19,19
42863,141,120,21,21
42864,119,99,20,20
42865,87,80,7,7
42866,79,78,1,1
42867,63,67,-4,4
42868,89,89,0,0
42869,38,43,-5,5
42870,99,97,2,2
42871,114,98,16,16
42872,129,108,21,21
42873,155,139,16,16
42874,87,69,18,18
42875,70,65,5,5
42876,112,96,16,16
42877,137,122,15,15
42878,92,80,12,12
42879,145,129,16,16
42880,154,122,32,32
42881,130,118,12,12
42882,45,43,2,2
42883,63,57,6,6
42884,58,55,3,3
42885,96,93,3,3
42886,102,92,10,10
42887,118,119,-1,1
42888,119,108,11,11
42889,75,68,7,7
42890,115,109,6,6
42891,94,88,6,6
42892,108,98,10,10
42893,101,90,11,11
42894,136,122,14,14
42895,110,104,6,6
42896,127,112,15,15
42897,94,77,17,17
42898,124,102,22,22
42899,68,70,-2,2
42900,128,111,17,17
42901,138,125,13,13
42902,83,80,3,3
42903,125,99,26,26
42904,63,63,0,0
42905,133,100,33,33
42906,77,69,8,8
42907,94,85,9,9
42908,116,95,21,21
42909,93,87,6,6
42910,84,82,2,2
42911,125,113,12,12
42912,123,117,6,6
42913,92,81,11,11
42914,155,138,17,17
42915,86,164,-78,78
42916,75,71,4,4
42917,74,73,1,1
42918,78,77,1,1
42919,96,80,16,16
42920,113,111,2,2
42921,139,150,-11,11
42922,95,82,13,13
42923,83,79,4,4
42924,128,119,9,9
42925,102,97,5,5
42926,124,128,-4,4
42927,71,68,3,3
42928,63,63,0,0
42929,71,66,5,5
42930,131,125,6,6
42931,115,125,-10,10
42932,91,82,9,9
42933,92,93,-1,1
42934,59,51,8,8
42935,138,126,12,12
42936,71,65,6,6
42937,53,52,1,1
42938,103,97,6,6
42939,85,76,9,9
42940,92,86,6,6
42941,109,114,-5,5
42942,74,78,-4,4
42943,100,91,9,9
42944,111,100,11,11
42945,112,103,9,9
42946,112,97,15,15
42947,31,35,-4,4
42948,57,69,-12,12
42949,194,169,25,25
42950,75,68,7,7
42951,119,108,11,11
42952,106,96,10,10
42953,89,71,18,18
42954,75,70,5,5
42955,77,74,3,3
42956,68,70,-2,2
42957,48,46,2,2
42958,53,51,2,2
42959,91,85,6,6
42960,90,97,-7,7
42961,57,64,-7,7
42962,81,77,4,4
42963,113,102,11,11
42964,89,80,9,9
42965,74,67,7,7
42966,89,82,7,7
42967,73,74,-1,1
42968,54,48,6,6
42969,77,74,3,3
42970,108,89,19,19
42971,59,66,-7,7
42972,218,182,36,36
42973,118,119,-1,1
42974,86,85,1,1
42975,153,134,19,19
42976,123,112,11,11
42977,117,109,8,8
42978,51,45,6,6
42979,77,72,5,5
42980,59,54,5,5
42981,69,71,-2,2
42982,67,71,-4,4
42983,83,74,9,9
42984,137,116,21,21
42985,96,82,14,14
42986,68,66,2,2
42987,91,93,-2,2
42988,81,83,-2,2
42989,79,62,17,17
42990,50,45,5,5
42991,78,73,5,5
42992,32,31,1,1
42993,64,61,3,3
42994,80,83,-3,3
42995,99,94,5,5
42996,131,128,3,3
42997,48,50,-2,2
42998,77,67,10,10
42999,128,118,10,10
43000,120,110,10,10
43001,55,54,1,1
43002,79,67,12,12
43003,85,79,6,6
43004,148,127,21,21
43005,136,123,13,13
43006,111,113,-2,2
43007,105,118,-13,13
43008,93,85,8,8
43009,79,75,4,4
43010,87,80,7,7
43011,69,69,0,0
43012,109,97,12,12
43013,156,137,19,19
43014,106,101,5,5
43015,105,101,4,4
43016,42,38,4,4
43017,84,78,6,6
43018,15,31,-16,16
43019,89,89,0,0
43020,179,160,19,19
43021,65,64,1,1
43022,108,106,2,2
43023,40,45,-5,5
43024,89,78,11,11
43025,138,119,19,19
43026,134,130,4,4
43027,102,90,12,12
43028,103,95,8,8
43029,143,118,25,25
43030,65,67,-2,2
43031,74,68,6,6
43032,116,100,16,16
43033,79,75,4,4
43034,74,71,3,3
43035,91,67,24,24
43036,99,89,10,10
43037,64,59,5,5
43038,120,104,16,16
43039,103,87,16,16
43040,90,82,8,8
43041,51,50,1,1
43042,96,82,14,14
43043,77,71,6,6
43044,142,133,9,9
43045,77,63,14,14
43046,90,81,9,9
43047,141,126,15,15
43048,85,83,2,2
43049,98,85,13,13
43050,146,133,13,13
43051,120,103,17,17
43052,107,104,3,3
43053,97,95,2,2
43054,125,119,6,6
43055,81,81,0,0
43056,99,97,2,2
43057,90,89,1,1
43058,53,50,3,3
43059,88,74,14,14
43060,70,61,9,9
43061,57,69,-12,12
43062,77,70,7,7
43063,51,63,-12,12
43064,110,104,6,6
43065,72,71,1,1
43066,101,93,8,8
43067,177,147,30,30
43068,153,128,25,25
43069,157,143,14,14
43070,67,66,1,1
43071,63,62,1,1
43072,208,171,37,37
43073,84,76,8,8
43074,69,68,1,1
43075,110,90,20,20
43076,85,70,15,15
43077,37,34,3,3
43078,142,110,32,32
43079,82,84,-2,2
43080,81,83,-2,2
43081,94,88,6,6
43082,143,133,10,10
43083,118,102,16,16
43084,86,89,-3,3
43085,76,77,-1,1
43086,73,63,10,10
43087,131,106,25,25
43088,53,68,-15,15
43089,66,65,1,1
43090,101,98,3,3
43091,115,106,9,9
43092,136,123,13,13
43093,61,82,-21,21
43094,86,83,3,3
43095,71,76,-5,5
43096,81,77,4,4
43097,69,75,-6,6
43098,36,44,-8,8
43099,157,139,18,18
43100,57,58,-1,1
43101,73,61,12,12
43102,185,152,33,33
43103,62,53,9,9
43104,123,115,8,8
43105,65,64,1,1
43106,73,67,6,6
43107,98,90,8,8
43108,101,89,12,12
43109,104,94,10,10
43110,83,80,3,3
43111,58,58,0,0
43112,85,80,5,5
43113,55,58,-3,3
43114,80,67,13,13
43115,66,62,4,4
43116,83,74,9,9
43117,107,105,2,2
43118,104,90,14,14
43119,44,50,-6,6
43120,63,68,-5,5
43121,85,75,10,10
43122,133,120,13,13
43123,59,59,0,0
43124,130,100,30,30
43125,74,70,4,4
43126,62,56,6,6
43127,109,94,15,15
43128,71,68,3,3
43129,55,84,-29,29
43130,142,129,13,13
43131,117,113,4,4
43132,110,96,14,14
43133,35,46,-11,11
43134,85,84,1,1
43135,63,56,7,7
43136,79,83,-4,4
43137,101,88,13,13
43138,73,71,2,2
43139,150,146,4,4
43140,164,132,32,32
43141,121,108,13,13
43142,56,57,-1,1
43143,82,79,3,3
43144,115,121,-6,6
43145,103,88,15,15
43146,80,73,7,7
43147,90,93,-3,3
43148,103,92,11,11
43149,122,116,6,6
43150,113,106,7,7
43151,62,68,-6,6
43152,120,110,10,10
43153,94,90,4,4
43154,93,85,8,8
43155,52,53,-1,1
43156,89,77,12,12
43157,72,58,14,14
43158,65,54,11,11
43159,92,81,11,11
43160,59,58,1,1
43161,86,101,-15,15
43162,119,102,17,17
43163,64,65,-1,1
43164,142,105,37,37
43165,80,76,4,4
43166,68,66,2,2
43167,85,83,2,2
43168,69,66,3,3
43169,157,146,11,11
43170,120,97,23,23
43171,135,120,15,15
43172,72,64,8,8
43173,99,80,19,19
43174,88,88,0,0
43175,101,92,9,9
43176,72,71,1,1
43177,166,158,8,8
43178,49,51,-2,2
43179,89,81,8,8
43180,113,97,16,16
43181,113,99,14,14
43182,85,84,1,1
43183,67,73,-6,6
43184,89,85,4,4
43185,63,65,-2,2
43186,52,86,-34,34
43187,127,111,16,16
43188,106,96,10,10
43189,120,97,23,23
43190,97,104,-7,7
43191,57,61,-4,4
43192,68,75,-7,7
43193,105,100,5,5
43194,106,103,3,3
43195,133,121,12,12
43196,63,69,-6,6
43197,58,59,-1,1
43198,106,104,2,2
43199,103,88,15,15
43200,71,70,1,1
43201,103,97,6,6
43202,42,39,3,3
43203,91,80,11,11
43204,103,101,2,2
43205,90,84,6,6
43206,103,98,5,5
43207,111,95,16,16
43208,132,110,22,22
43209,115,103,12,12
43210,121,116,5,5
43211,122,104,18,18
43212,132,115,17,17
43213,32,44,-12,12
43214,110,95,15,15
43215,87,85,2,2
43216,135,120,15,15
43217,102,92,10,10
43218,82,80,2,2
43219,131,113,18,18
43220,102,98,4,4
43221,52,52,0,0
43222,100,101,-1,1
43223,100,89,11,11
43224,90,90,0,0
43225,85,85,0,0
43226,61,61,0,0
43227,154,152,2,2
43228,137,116,21,21
43229,107,92,15,15
43230,98,93,5,5
43231,92,82,10,10
43232,191,158,33,33
43233,113,113,0,0
43234,104,98,6,6
43235,62,55,7,7
43236,80,75,5,5
43237,50,50,0,0
43238,100,79,21,21
43239,126,118,8,8
43240,113,97,16,16
43241,69,68,1,1
43242,62,57,5,5
43243,52,68,-16,16
43244,118,107,11,11
43245,59,63,-4,4
43246,40,45,-5,5
43247,93,88,5,5
43248,105,104,1,1
43249,127,109,18,18
43250,84,88,-4,4
43251,93,97,-4,4
43252,121,119,2,2
43253,94,92,2,2
43254,64,62,2,2
43255,109,96,13,13
43256,123,123,0,0
43257,130,118,12,12
43258,138,123,15,15
43259,67,68,-1,1
43260,99,94,5,5
43261,84,77,7,7
43262,112,116,-4,4
43263,103,97,6,6
43264,60,54,6,6
43265,90,100,-10,10
43266,131,124,7,7
43267,47,49,-2,2
43268,90,80,10,10
43269,81,77,4,4
43270,84,77,7,7
43271,81,78,3,3
43272,105,100,5,5
43273,67,68,-1,1
43274,86,83,3,3
43275,140,133,7,7
43276,78,69,9,9
43277,96,85,11,11
43278,102,98,4,4
43279,43,47,-4,4
43280,71,78,-7,7
43281,91,91,0,0
43282,84,79,5,5
43283,125,111,14,14
43284,50,56,-6,6
43285,90,88,2,2
43286,68,59,9,9
43287,129,116,13,13
43288,133,129,4,4
43289,72,86,-14,14
43290,150,135,15,15
43291,179,150,29,29
43292,96,87,9,9
43293,72,67,5,5
43294,178,142,36,36
43295,89,81,8,8
43296,129,109,20,20
43297,84,74,10,10
43298,87,77,10,10
43299,82,72,10,10
43300,82,86,-4,4
43301,91,85,6,6
43302,112,108,4,4
43303,88,88,0,0
43304,100,99,1,1
43305,164,143,21,21
43306,89,88,1,1
43307,72,76,-4,4
43308,111,109,2,2
43309,123,120,3,3
43310,163,133,30,30
43311,65,63,2,2
43312,130,125,5,5
43313,145,133,12,12
43314,92,86,6,6
43315,50,59,-9,9
43316,73,85,-12,12
43317,57,59,-2,2
43318,89,73,16,16
43319,82,76,6,6
43320,67,62,5,5
43321,91,94,-3,3
43322,112,102,10,10
43323,73,71,2,2
43324,64,60,4,4
43325,119,121,-2,2
43326,61,51,10,10
43327,26,31,-5,5
43328,67,65,2,2
43329,178,152,26,26
43330,97,76,21,21
43331,132,104,28,28
43332,121,115,6,6
43333,143,111,32,32
43334,92,93,-1,1
43335,78,78,0,0
43336,99,97,2,2
43337,68,64,4,4
43338,61,59,2,2
43339,139,133,6,6
43340,162,148,14,14
43341,86,79,7,7
43342,106,96,10,10
43343,48,45,3,3
43344,125,108,17,17
43345,123,111,12,12
43346,117,106,11,11
43347,229,185,44,44
43348,83,81,2,2
43349,72,107,-35,35
43350,130,119,11,11
43351,49,51,-2,2
43352,124,114,10,10
43353,123,116,7,7
43354,127,125,2,2
43355,78,74,4,4
43356,87,104,-17,17
43357,129,110,19,19
43358,97,85,12,12
43359,129,132,-3,3
43360,69,61,8,8
43361,84,80,4,4
43362,122,101,21,21
43363,158,130,28,28
43364,77,78,-1,1
43365,86,90,-4,4
43366,100,98,2,2
43367,93,93,0,0
43368,117,103,14,14
43369,139,120,19,19
43370,100,88,12,12
43371,162,137,25,25
43372,68,67,1,1
43373,68,66,2,2
43374,85,73,12,12
43375,105,91,14,14
43376,174,144,30,30
43377,85,82,3,3
43378,108,93,15,15
43379,67,68,-1,1
43380,115,106,9,9
43381,63,62,1,1
43382,107,98,9,9
43383,99,97,2,2
43384,52,53,-1,1
43385,87,79,8,8
43386,125,87,38,38
43387,64,55,9,9
43388,101,103,-2,2
43389,118,109,9,9
43390,129,118,11,11
43391,100,95,5,5
43392,71,65,6,6
43393,70,73,-3,3
43394,70,71,-1,1
43395,101,79,22,22
43396,71,73,-2,2
43397,70,68,2,2
43398,115,104,11,11
43399,56,53,3,3
43400,106,95,11,11
43401,125,113,12,12
43402,104,94,10,10
43403,84,76,8,8
43404,64,66,-2,2
43405,82,79,3,3
43406,99,99,0,0
43407,167,151,16,16
43408,107,99,8,8
43409,91,80,11,11
43410,83,81,2,2
43411,89,75,14,14
43412,92,81,11,11
43413,114,99,15,15
43414,126,99,27,27
43415,133,113,20,20
43416,51,55,-4,4
43417,87,75,12,12
43418,67,61,6,6
43419,67,60,7,7
43420,142,122,20,20
43421,139,114,25,25
43422,125,104,21,21
43423,81,73,8,8
43424,210,174,36,36
43425,113,100,13,13
43426,57,67,-10,10
43427,94,92,2,2
43428,121,91,30,30
43429,107,98,9,9
43430,38,48,-10,10
43431,81,80,1,1
43432,126,104,22,22
43433,248,226,22,22
43434,92,87,5,5
43435,153,133,20,20
43436,127,119,8,8
43437,45,51,-6,6
43438,81,99,-18,18
43439,164,148,16,16
43440,140,139,1,1
43441,114,104,10,10
43442,115,109,6,6
43443,87,78,9,9
43444,57,57,0,0
43445,51,42,9,9
43446,95,99,-4,4
43447,33,40,-7,7
43448,128,115,13,13
43449,101,91,10,10
43450,75,74,1,1
43451,138,123,15,15
43452,136,114,22,22
43453,63,81,-18,18
43454,80,64,16,16
43455,90,96,-6,6
43456,47,49,-2,2
43457,96,88,8,8
43458,62,58,4,4
43459,98,88,10,10
43460,140,127,13,13
43461,84,71,13,13
43462,143,134,9,9
43463,84,82,2,2
43464,151,144,7,7
43465,87,73,14,14
43466,107,106,1,1
43467,118,101,17,17
43468,60,65,-5,5
43469,82,81,1,1
43470,167,147,20,20
43471,110,93,17,17
43472,98,92,6,6
43473,83,81,2,2
43474,76,72,4,4
43475,93,91,2,2
43476,102,94,8,8
43477,76,62,14,14
43478,76,77,-1,1
43479,115,105,10,10
43480,77,75,2,2
43481,98,90,8,8
43482,149,129,20,20
43483,78,70,8,8
43484,119,113,6,6
43485,121,107,14,14
43486,46,73,-27,27
43487,67,73,-6,6
43488,129,110,19,19
43489,114,109,5,5
43490,73,71,2,2
43491,118,109,9,9
43492,90,86,4,4
43493,165,147,18,18
43494,147,134,13,13
43495,52,42,10,10
43496,111,113,-2,2
43497,160,130,30,30
43498,88,88,0,0
43499,105,99,6,6
43500,105,87,18,18
43501,90,86,4,4
43502,120,113,7,7
43503,89,69,20,20
43504,79,76,3,3
43505,82,84,-2,2
43506,122,116,6,6
43507,96,88,8,8
43508,48,52,-4,4
43509,70,62,8,8
43510,65,72,-7,7
43511,78,76,2,2
43512,133,121,12,12
43513,48,50,-2,2
43514,90,84,6,6
43515,54,56,-2,2
43516,104,87,17,17
43517,91,77,14,14
43518,112,102,10,10
43519,63,64,-1,1
43520,113,103,10,10
43521,99,81,18,18
43522,100,91,9,9
43523,69,69,0,0
43524,122,108,14,14
43525,84,80,4,4
43526,119,98,21,21
43527,103,89,14,14
43528,91,99,-8,8
43529,55,58,-3,3
43530,64,64,0,0
43531,87,79,8,8
43532,220,188,32,32
43533,85,80,5,5
43534,63,64,-1,1
43535,64,61,3,3
43536,109,109,0,0
43537,80,74,6,6
43538,91,84,7,7
43539,146,139,7,7
43540,125,115,10,10
43541,130,123,7,7
43542,127,129,-2,2
43543,113,96,17,17
43544,125,117,8,8
43545,84,82,2,2
43546,111,102,9,9
43547,138,118,20,20
43548,47,50,-3,3
43549,75,79,-4,4
43550,98,103,-5,5
43551,163,142,21,21
43552,140,116,24,24
43553,50,43,7,7
43554,77,72,5,5
43555,64,57,7,7
43556,76,70,6,6
43557,108,99,9,9
43558,53,49,4,4
43559,65,71,-6,6
43560,197,173,24,24
43561,182,156,26,26
43562,71,64,7,7
43563,134,108,26,26
43564,126,106,20,20
43565,54,56,-2,2
43566,132,126,6,6
43567,86,76,10,10
43568,106,102,4,4
43569,53,54,-1,1
43570,87,82,5,5
43571,80,78,2,2
43572,150,142,8,8
43573,49,50,-1,1
43574,137,100,37,37
43575,51,51,0,0
43576,90,79,11,11
43577,125,115,10,10
43578,110,107,3,3
43579,112,107,5,5
43580,51,52,-1,1
43581,105,89,16,16
43582,110,105,5,5
43583,93,91,2,2
43584,169,147,22,22
43585,97,77,20,20
43586,97,76,21,21
43587,89,87,2,2
43588,75,73,2,2
43589,119,109,10,10
43590,93,91,2,2
43591,53,53,0,0
43592,121,98,23,23
43593,61,73,-12,12
43594,98,98,0,0
43595,92,87,5,5
43596,63,57,6,6
43597,101,82,19,19
43598,180,155,25,25
43599,70,67,3,3
43600,66,66,0,0
43601,121,179,-58,58
43602,100,91,9,9
43603,151,137,14,14
43604,44,60,-16,16
43605,93,87,6,6
43606,79,69,10,10
43607,133,111,22,22
43608,51,51,0,0
43609,111,103,8,8
43610,83,80,3,3
43611,93,94,-1,1
43612,78,68,10,10
43613,75,70,5,5
43614,133,123,10,10
43615,128,108,20,20
43616,98,98,0,0
43617,137,112,25,25
43618,79,80,-1,1
43619,90,81,9,9
43620,62,62,0,0
43621,170,157,13,13
43622,123,116,7,7
43623,57,63,-6,6
43624,87,92,-5,5
43625,35,48,-13,13
43626,76,82,-6,6
43627,95,80,15,15
43628,63,61,2,2
43629,74,68,6,6
43630,125,120,5,5
43631,115,106,9,9
43632,63,63,0,0
43633,141,125,16,16
43634,78,74,4,4
43635,71,69,2,2
43636,90,83,7,7
43637,235,209,26,26
43638,118,101,17,17
43639,65,69,-4,4
43640,98,86,12,12
43641,97,98,-1,1
43642,48,55,-7,7
43643,110,104,6,6
43644,96,89,7,7
43645,119,105,14,14
43646,141,126,15,15
43647,80,77,3,3
43648,88,103,-15,15
43649,93,86,7,7
43650,141,129,12,12
43651,59,74,-15,15
43652,98,91,7,7
43653,66,75,-9,9
43654,91,87,4,4
43655,90,82,8,8
43656,111,101,10,10
43657,96,89,7,7
43658,103,91,12,12
43659,59,57,2,2
43660,68,68,0,0
43661,73,68,5,5
43662,60,61,-1,1
43663,75,86,-11,11
43664,65,66,-1,1
43665,91,87,4,4
43666,53,61,-8,8
43667,97,94,3,3
43668,66,59,7,7
43669,94,90,4,4
43670,97,89,8,8
43671,81,76,5,5
43672,134,118,16,16
43673,96,94,2,2
43674,115,110,5,5
43675,51,70,-19,19
43676,75,75,0,0
43677,157,136,21,21
43678,86,83,3,3
43679,147,134,13,13
43680,85,79,6,6
43681,88,89,-1,1
43682,46,50,-4,4
43683,119,111,8,8
43684,109,94,15,15
43685,142,133,9,9
43686,95,91,4,4
43687,93,94,-1,1
43688,79,74,5,5
43689,142,127,15,15
43690,83,82,1,1
43691,93,86,7,7
43692,149,107,42,42
43693,114,96,18,18
43694,99,83,16,16
43695,125,119,6,6
43696,116,94,22,22
43697,131,128,3,3
43698,103,92,11,11
43699,79,70,9,9
43700,171,155,16,16
43701,69,73,-4,4
43702,78,82,-4,4
43703,67,75,-8,8
43704,82,77,5,5
43705,110,109,1,1
43706,171,147,24,24
43707,46,43,3,3
43708,60,59,1,1
43709,179,149,30,30
43710,68,69,-1,1
43711,66,62,4,4
43712,67,65,2,2
43713,87,98,-11,11
43714,61,62,-1,1
43715,61,63,-2,2
43716,122,118,4,4
43717,96,90,6,6
43718,106,89,17,17
43719,54,54,0,0
43720,76,75,1,1
43721,111,106,5,5
43722,44,46,-2,2
43723,163,146,17,17
43724,71,62,9,9
43725,74,71,3,3
43726,97,93,4,4
43727,134,121,13,13
43728,82,73,9,9
43729,79,93,-14,14
43730,138,115,23,23
43731,82,93,-11,11
43732,152,140,12,12
43733,111,109,2,2
43734,123,107,16,16
43735,77,67,10,10
43736,146,125,21,21
43737,82,76,6,6
43738,69,69,0,0
43739,91,93,-2,2
43740,166,142,24,24
43741,53,51,2,2
43742,71,64,7,7
43743,84,77,7,7
43744,68,68,0,0
43745,94,97,-3,3
43746,101,120,-19,19
43747,106,96,10,10
43748,93,83,10,10
43749,69,67,2,2
43750,136,115,21,21
43751,90,82,8,8
43752,87,74,13,13
43753,64,59,5,5
43754,62,95,-33,33
43755,77,79,-2,2
43756,47,65,-18,18
43757,122,111,11,11
43758,67,68,-1,1
43759,87,90,-3,3
43760,84,70,14,14
43761,68,70,-2,2
43762,60,61,-1,1
43763,75,72,3,3
43764,90,80,10,10
43765,69,79,-10,10
43766,77,71,6,6
43767,82,76,6,6
43768,127,116,11,11
43769,58,61,-3,3
43770,151,133,18,18
43771,125,123,2,2
43772,114,103,11,11
43773,106,103,3,3
43774,85,83,2,2
43775,92,84,8,8
43776,70,64,6,6
43777,124,115,9,9
43778,97,96,1,1
43779,71,72,-1,1
43780,146,134,12,12
43781,93,89,4,4
43782,91,83,8,8
43783,63,60,3,3
43784,60,57,3,3
43785,84,95,-11,11
43786,192,180,12,12
43787,93,82,11,11
43788,133,114,19,19
43789,95,87,8,8
43790,65,58,7,7
43791,81,88,-7,7
43792,107,107,0,0
43793,131,114,17,17
43794,130,126,4,4
43795,68,62,6,6
43796,77,75,2,2
43797,112,109,3,3
43798,67,72,-5,5
43799,91,84,7,7
43800,90,80,10,10
43801,125,116,9,9
43802,69,63,6,6
43803,106,98,8,8
43804,110,93,17,17
43805,65,60,5,5
43806,87,84,3,3
43807,60,52,8,8
43808,91,81,10,10
43809,153,128,25,25
43810,95,87,8,8
43811,150,129,21,21
43812,61,65,-4,4
43813,169,163,6,6
43814,76,74,2,2
43815,93,88,5,5
43816,75,68,7,7
43817,76,80,-4,4
43818,85,95,-10,10
43819,63,69,-6,6
43820,86,84,2,2
43821,111,95,16,16
43822,81,74,7,7
43823,225,162,63,63
43824,49,46,3,3
43825,90,87,3,3
43826,67,63,4,4
43827,109,105,4,4
43828,103,88,15,15
43829,73,63,10,10
43830,137,123,14,14
43831,93,91,2,2
43832,68,65,3,3
43833,82,91,-9,9
43834,66,69,-3,3
43835,110,89,21,21
43836,170,160,10,10
43837,104,95,9,9
43838,73,74,-1,1
43839,137,120,17,17
43840,55,51,4,4
43841,52,57,-5,5
43842,95,84,11,11
43843,48,50,-2,2
43844,67,74,-7,7
43845,64,63,1,1
43846,71,67,4,4
43847,77,73,4,4
43848,66,59,7,7
43849,78,74,4,4
43850,71,71,0,0
43851,117,108,9,9
43852,83,71,12,12
43853,43,49,-6,6
43854,100,87,13,13
43855,50,55,-5,5
43856,140,131,9,9
43857,86,96,-10,10
43858,63,61,2,2
43859,91,87,4,4
43860,113,101,12,12
43861,63,61,2,2
43862,61,56,5,5
43863,78,82,-4,4
43864,34,50,-16,16
43865,90,96,-6,6
43866,47,40,7,7
43867,64,71,-7,7
43868,58,65,-7,7
43869,116,112,4,4
43870,117,107,10,10
43871,84,86,-2,2
43872,105,100,5,5
43873,86,82,4,4
43874,68,57,11,11
43875,131,129,2,2
43876,77,76,1,1
43877,76,68,8,8
43878,117,100,17,17
43879,97,86,11,11
43880,123,112,11,11
43881,98,95,3,3
43882,71,67,4,4
43883,127,113,14,14
43884,56,54,2,2
43885,122,104,18,18
43886,49,55,-6,6
43887,60,63,-3,3
43888,115,100,15,15
43889,78,79,-1,1
43890,46,51,-5,5
43891,119,108,11,11
43892,129,135,-6,6
43893,66,61,5,5
43894,142,132,10,10
43895,79,74,5,5
43896,71,75,-4,4
43897,144,131,13,13
43898,106,102,4,4
43899,77,76,1,1
43900,74,76,-2,2
43901,69,65,4,4
43902,88,78,10,10
43903,59,54,5,5
43904,123,111,12,12
43905,54,56,-2,2
43906,43,51,-8,8
43907,155,128,27,27
43908,68,66,2,2
43909,131,122,9,9
43910,146,130,16,16
43911,102,81,21,21
43912,80,77,3,3
43913,57,62,-5,5
43914,81,75,6,6
43915,104,108,-4,4
43916,39,38,1,1
43917,78,76,2,2
43918,112,98,14,14
43919,44,80,-36,36
43920,79,72,7,7
43921,132,121,11,11
43922,117,116,1,1
43923,80,81,-1,1
43924,88,74,14,14
43925,61,60,1,1
43926,57,49,8,8
43927,123,112,11,11
43928,60,63,-3,3
43929,113,100,13,13
43930,64,65,-1,1
43931,101,88,13,13
43932,143,131,12,12
43933,71,73,-2,2
43934,80,68,12,12
43935,70,64,6,6
43936,45,50,-5,5
43937,44,51,-7,7
43938,92,83,9,9
43939,67,68,-1,1
43940,63,52,11,11
43941,139,123,16,16
43942,127,110,17,17
43943,69,63,6,6
43944,136,122,14,14
43945,109,108,1,1
43946,120,109,11,11
43947,63,63,0,0
43948,50,53,-3,3
43949,97,85,12,12
43950,103,87,16,16
43951,89,79,10,10
43952,85,73,12,12
43953,173,154,19,19
43954,128,117,11,11
43955,171,159,12,12
43956,49,50,-1,1
43957,99,80,19,19
43958,129,128,1,1
43959,85,84,1,1
43960,102,92,10,10
43961,124,115,9,9
43962,122,102,20,20
43963,137,125,12,12
43964,89,91,-2,2
43965,51,50,1,1
43966,81,94,-13,13
43967,88,75,13,13
43968,76,77,-1,1
43969,111,108,3,3
43970,86,84,2,2
43971,131,117,14,14
43972,23,31,-8,8
43973,109,100,9,9
43974,84,76,8,8
43975,101,95,6,6
43976,139,128,11,11
43977,58,64,-6,6
43978,71,70,1,1
43979,95,77,18,18
43980,70,62,8,8
43981,65,68,-3,3
43982,95,86,9,9
43983,109,96,13,13
43984,57,56,1,1
43985,103,94,9,9
43986,184,151,33,33
43987,80,73,7,7
43988,103,97,6,6
43989,94,114,-20,20
43990,62,59,3,3
43991,110,86,24,24
43992,109,103,6,6
43993,47,51,-4,4
43994,107,104,3,3
43995,184,149,35,35
43996,122,124,-2,2
43997,155,146,9,9
43998,66,69,-3,3
43999,63,59,4,4
44000,104,111,-7,7
44001,100,85,15,15
44002,82,93,-11,11
44003,162,147,15,15
44004,122,116,6,6
44005,78,123,-45,45
44006,71,61,10,10
44007,131,105,26,26
44008,113,97,16,16
44009,84,84,0,0
44010,65,62,3,3
44011,81,79,2,2
44012,93,78,15,15
44013,67,65,2,2
44014,148,124,24,24
44015,72,72,0,0
44016,106,92,14,14
44017,79,84,-5,5
44018,113,105,8,8
44019,66,60,6,6
44020,68,61,7,7
44021,63,58,5,5
44022,81,93,-12,12
44023,117,106,11,11
44024,70,100,-30,30
44025,78,72,6,6
44026,165,161,4,4
44027,40,40,0,0
44028,85,86,-1,1
44029,73,103,-30,30
44030,104,93,11,11
44031,129,107,22,22
44032,116,98,18,18
44033,115,100,15,15
44034,82,75,7,7
44035,84,82,2,2
44036,82,83,-1,1
44037,29,59,-30,30
44038,64,72,-8,8
44039,66,56,10,10
44040,114,105,9,9
44041,146,122,24,24
44042,65,61,4,4
44043,42,42,0,0
44044,157,147,10,10
44045,89,82,7,7
44046,116,123,-7,7
44047,54,54,0,0
44048,77,73,4,4
44049,79,77,2,2
44050,137,127,10,10
44051,67,61,6,6
44052,105,106,-1,1
44053,149,112,37,37
44054,57,60,-3,3
44055,104,105,-1,1
44056,89,92,-3,3
44057,82,83,-1,1
44058,106,114,-8,8
44059,191,167,24,24
44060,87,79,8,8
44061,58,55,3,3
44062,114,105,9,9
44063,114,112,2,2
44064,118,103,15,15
44065,159,138,21,21
44066,58,52,6,6
44067,95,88,7,7
44068,74,74,0,0
44069,135,111,24,24
44070,134,124,10,10
44071,87,78,9,9
44072,130,109,21,21
44073,119,109,10,10
44074,142,125,17,17
44075,152,137,15,15
44076,105,96,9,9
44077,63,62,1,1
44078,92,89,3,3
44079,75,66,9,9
44080,96,89,7,7
44081,75,65,10,10
44082,56,53,3,3
44083,72,66,6,6
44084,89,102,-13,13
44085,58,58,0,0
44086,76,70,6,6
44087,90,99,-9,9
44088,73,77,-4,4
44089,78,75,3,3
44090,110,111,-1,1
44091,174,139,35,35
44092,104,86,18,18
44093,94,91,3,3
44094,165,139,26,26
44095,107,91,16,16
44096,78,73,5,5
44097,90,81,9,9
44098,124,111,13,13
44099,129,108,21,21
44100,66,63,3,3
44101,73,76,-3,3
44102,139,131,8,8
44103,72,73,-1,1
44104,140,123,17,17
44105,93,93,0,0
44106,135,119,16,16
44107,56,57,-1,1
44108,76,68,8,8
44109,102,97,5,5
44110,102,97,5,5
44111,130,115,15,15
44112,152,139,13,13
44113,76,70,6,6
44114,178,165,13,13
44115,85,74,11,11
44116,78,68,10,10
44117,97,107,-10,10
44118,113,113,0,0
44119,81,83,-2,2
44120,65,72,-7,7
44121,42,45,-3,3
44122,72,78,-6,6
44123,115,106,9,9
44124,80,81,-1,1
44125,39,37,2,2
44126,85,76,9,9
44127,101,89,12,12
44128,158,148,10,10
44129,91,90,1,1
44130,68,64,4,4
44131,112,109,3,3
44132,161,147,14,14
44133,147,142,5,5
44134,63,65,-2,2
44135,60,70,-10,10
44136,84,80,4,4
44137,112,105,7,7
44138,129,111,18,18
44139,136,125,11,11
44140,130,117,13,13
44141,74,71,3,3
44142,111,106,5,5
44143,118,111,7,7
44144,60,56,4,4
44145,59,68,-9,9
44146,90,86,4,4
44147,72,75,-3,3
44148,118,110,8,8
44149,63,61,2,2
44150,91,83,8,8
44151,106,102,4,4
44152,89,83,6,6
44153,111,104,7,7
44154,131,120,11,11
44155,85,89,-4,4
44156,97,93,4,4
44157,41,43,-2,2
44158,104,97,7,7
44159,137,131,6,6
44160,110,98,12,12
44161,50,72,-22,22
44162,143,122,21,21
44163,110,98,12,12
44164,79,80,-1,1
44165,79,77,2,2
44166,71,73,-2,2
44167,116,109,7,7
44168,89,81,8,8
44169,85,82,3,3
44170,62,66,-4,4
44171,105,88,17,17
44172,110,107,3,3
44173,68,73,-5,5
44174,125,117,8,8
44175,120,109,11,11
44176,118,106,12,12
44177,63,58,5,5
44178,42,49,-7,7
44179,49,52,-3,3
44180,96,89,7,7
44181,107,100,7,7
44182,108,105,3,3
44183,94,88,6,6
44184,89,82,7,7
44185,117,108,9,9
44186,120,115,5,5
44187,71,68,3,3
44188,71,72,-1,1
44189,58,58,0,0
44190,90,95,-5,5
44191,118,103,15,15
44192,43,65,-22,22
44193,78,74,4,4
44194,159,138,21,21
44195,99,102,-3,3
44196,92,91,1,1
44197,148,125,23,23
44198,97,82,15,15
44199,84,86,-2,2
44200,45,42,3,3
44201,63,64,-1,1
44202,117,106,11,11
44203,122,109,13,13
44204,115,101,14,14
44205,110,98,12,12
44206,114,99,15,15
44207,71,70,1,1
44208,132,131,1,1
44209,73,68,5,5
44210,137,121,16,16
44211,79,67,12,12
44212,79,68,11,11
44213,106,98,8,8
44214,99,87,12,12
44215,77,94,-17,17
44216,127,120,7,7
44217,96,84,12,12
44218,66,62,4,4
44219,63,60,3,3
44220,95,91,4,4
44221,97,87,10,10
44222,42,40,2,2
44223,60,49,11,11
44224,59,62,-3,3
44225,66,63,3,3
44226,140,95,45,45
44227,64,65,-1,1
44228,72,69,3,3
44229,85,78,7,7
44230,119,93,26,26
44231,99,87,12,12
44232,133,115,18,18
44233,75,75,0,0
44234,66,63,3,3
44235,102,90,12,12
44236,63,66,-3,3
44237,133,118,15,15
44238,144,132,12,12
44239,141,117,24,24
44240,97,99,-2,2
44241,90,90,0,0
44242,124,118,6,6
44243,123,116,7,7
44244,191,159,32,32
44245,62,59,3,3
44246,58,61,-3,3
44247,98,87,11,11
44248,113,104,9,9
44249,107,91,16,16
44250,106,101,5,5
44251,95,87,8,8
44252,144,126,18,18
44253,50,50,0,0
44254,195,158,37,37
44255,122,97,25,25
44256,97,77,20,20
44257,71,58,13,13
44258,153,132,21,21
44259,67,67,0,0
44260,51,55,-4,4
44261,65,66,-1,1
44262,78,73,5,5
44263,87,80,7,7
44264,72,73,-1,1
44265,81,77,4,4
44266,149,134,15,15
44267,119,99,20,20
44268,102,87,15,15
44269,93,84,9,9
44270,116,108,8,8
44271,125,114,11,11
44272,138,122,16,16
44273,75,78,-3,3
44274,100,93,7,7
44275,107,89,18,18
44276,91,109,-18,18
44277,135,123,12,12
44278,47,52,-5,5
44279,95,81,14,14
44280,88,93,-5,5
44281,71,62,9,9
44282,110,115,-5,5
44283,108,101,7,7
44284,49,58,-9,9
44285,48,53,-5,5
44286,93,88,5,5
44287,94,88,6,6
44288,140,126,14,14
44289,68,64,4,4
44290,79,82,-3,3
44291,147,135,12,12
44292,107,92,15,15
44293,77,72,5,5
44294,87,84,3,3
44295,183,165,18,18
44296,123,106,17,17
44297,143,125,18,18
44298,94,87,7,7
44299,96,84,12,12
44300,85,85,0,0
44301,112,105,7,7
44302,82,79,3,3
44303,103,94,9,9
44304,98,92,6,6
44305,104,102,2,2
44306,81,71,10,10
44307,57,55,2,2
44308,113,119,-6,6
44309,80,75,5,5
44310,117,107,10,10
44311,68,61,7,7
44312,76,74,2,2
44313,69,75,-6,6
44314,86,87,-1,1
44315,107,89,18,18
44316,63,55,8,8
44317,127,118,9,9
44318,87,82,5,5
44319,82,75,7,7
44320,92,83,9,9
44321,78,76,2,2
44322,117,104,13,13
44323,93,96,-3,3
44324,116,109,7,7
44325,51,55,-4,4
44326,80,74,6,6
44327,126,120,6,6
44328,48,55,-7,7
44329,183,167,16,16
44330,61,61,0,0
44331,128,123,5,5
44332,95,81,14,14
44333,107,89,18,18
44334,87,87,0,0
44335,136,128,8,8
44336,49,50,-1,1
44337,77,69,8,8
44338,114,103,11,11
44339,139,116,23,23
44340,90,85,5,5
44341,164,163,1,1
44342,124,125,-1,1
44343,115,108,7,7
44344,111,99,12,12
44345,144,132,12,12
44346,72,74,-2,2
44347,121,108,13,13
44348,131,114,17,17
44349,99,102,-3,3
44350,55,60,-5,5
44351,125,108,17,17
44352,43,43,0,0
44353,75,67,8,8
44354,71,65,6,6
44355,62,60,2,2
44356,86,79,7,7
44357,78,76,2,2
44358,101,93,8,8
44359,81,78,3,3
44360,144,122,22,22
44361,121,103,18,18
44362,84,77,7,7
44363,91,80,11,11
44364,108,117,-9,9
44365,84,78,6,6
44366,96,83,13,13
44367,130,120,10,10
44368,53,51,2,2
44369,111,111,0,0
44370,65,56,9,9
44371,138,118,20,20
44372,39,36,3,3
44373,54,60,-6,6
44374,48,48,0,0
44375,62,56,6,6
44376,110,102,8,8
44377,88,85,3,3
44378,92,80,12,12
44379,124,109,15,15
44380,86,83,3,3
44381,89,92,-3,3
44382,96,97,-1,1
44383,50,51,-1,1
44384,92,78,14,14
44385,70,71,-1,1
44386,101,95,6,6
44387,143,124,19,19
44388,128,130,-2,2
44389,83,78,5,5
44390,59,56,3,3
44391,131,114,17,17
44392,79,70,9,9
44393,66,62,4,4
44394,110,98,12,12
44395,99,89,10,10
44396,100,98,2,2
44397,92,86,6,6
44398,115,97,18,18
44399,87,76,11,11
44400,105,90,15,15
44401,77,74,3,3
44402,93,91,2,2
44403,124,113,11,11
44404,71,75,-4,4
44405,68,65,3,3
44406,107,106,1,1
44407,130,120,10,10
44408,32,38,-6,6
44409,96,103,-7,7
44410,82,73,9,9
44411,73,68,5,5
44412,57,75,-18,18
44413,60,61,-1,1
44414,61,57,4,4
44415,127,106,21,21
44416,67,61,6,6
44417,148,126,22,22
44418,111,95,16,16
44419,119,103,16,16
44420,86,73,13,13
44421,88,81,7,7
44422,68,63,5,5
44423,65,67,-2,2
44424,64,69,-5,5
44425,158,123,35,35
44426,144,115,29,29
44427,91,87,4,4
44428,63,62,1,1
44429,88,86,2,2
44430,122,99,23,23
44431,51,52,-1,1
44432,124,124,0,0
44433,118,96,22,22
44434,49,48,1,1
44435,94,81,13,13
44436,69,60,9,9
44437,168,146,22,22
44438,79,79,0,0
44439,70,71,-1,1
44440,199,177,22,22
44441,43,51,-8,8
44442,85,84,1,1
44443,51,51,0,0
44444,135,118,17,17
44445,57,74,-17,17
44446,191,177,14,14
44447,94,94,0,0
44448,109,105,4,4
44449,76,72,4,4
44450,175,160,15,15
44451,126,122,4,4
44452,143,125,18,18
44453,101,93,8,8
44454,50,71,-21,21
44455,84,84,0,0
44456,94,86,8,8
44457,110,103,7,7
44458,170,134,36,36
44459,149,129,20,20
44460,94,92,2,2
44461,102,97,5,5
44462,118,120,-2,2
44463,112,108,4,4
44464,108,100,8,8
44465,58,61,-3,3
44466,39,101,-62,62
44467,112,100,12,12
44468,107,109,-2,2
44469,61,60,1,1
44470,99,91,8,8
44471,62,72,-10,10
44472,119,102,17,17
44473,105,90,15,15
44474,93,81,12,12
44475,109,100,9,9
44476,132,116,16,16
44477,83,101,-18,18
44478,46,50,-4,4
44479,170,147,23,23
44480,217,172,45,45
44481,119,108,11,11
44482,140,144,-4,4
44483,106,96,10,10
44484,100,92,8,8
44485,61,57,4,4
44486,111,118,-7,7
44487,117,95,22,22
44488,68,74,-6,6
44489,94,89,5,5
44490,74,69,5,5
44491,109,109,0,0
44492,98,106,-8,8
44493,103,90,13,13
44494,78,85,-7,7
44495,80,76,4,4
44496,83,79,4,4
44497,76,78,-2,2
44498,110,100,10,10
44499,152,133,19,19
44500,81,70,11,11
44501,133,123,10,10
44502,66,61,5,5
44503,102,92,10,10
44504,102,96,6,6
44505,53,54,-1,1
44506,139,127,12,12
44507,133,116,17,17
44508,57,57,0,0
44509,61,57,4,4
44510,116,99,17,17
44511,97,88,9,9
44512,187,150,37,37
44513,62,59,3,3
44514,102,94,8,8
44515,62,68,-6,6
44516,48,43,5,5
44517,108,106,2,2
44518,68,62,6,6
44519,112,104,8,8
44520,154,134,20,20
44521,76,72,4,4
44522,110,107,3,3
44523,89,87,2,2
44524,128,115,13,13
44525,61,66,-5,5
44526,60,66,-6,6
44527,143,129,14,14
44528,107,106,1,1
44529,76,64,12,12
44530,79,77,2,2
44531,65,61,4,4
44532,104,99,5,5
44533,145,131,14,14
44534,86,72,14,14
44535,83,77,6,6
44536,88,96,-8,8
44537,178,156,22,22
44538,116,113,3,3
44539,105,114,-9,9
44540,72,75,-3,3
44541,77,73,4,4
44542,56,60,-4,4
44543,109,91,18,18
44544,45,46,-1,1
44545,106,93,13,13
44546,42,41,1,1
44547,118,112,6,6
44548,102,92,10,10
44549,47,68,-21,21
44550,70,70,0,0
44551,103,97,6,6
44552,123,119,4,4
44553,170,158,12,12
44554,124,121,3,3
44555,98,95,3,3
44556,57,65,-8,8
44557,122,121,1,1
44558,59,55,4,4
44559,107,92,15,15
44560,73,65,8,8
44561,65,62,3,3
44562,53,49,4,4
44563,152,133,19,19
44564,81,68,13,13
44565,87,77,10,10
44566,77,71,6,6
44567,129,124,5,5
44568,165,148,17,17
44569,111,105,6,6
44570,108,105,3,3
44571,67,69,-2,2
44572,78,72,6,6
44573,105,90,15,15
44574,72,66,6,6
44575,75,80,-5,5
44576,85,74,11,11
44577,57,55,2,2
44578,115,115,0,0
44579,74,70,4,4
44580,170,150,20,20
44581,90,90,0,0
44582,85,84,1,1
44583,65,68,-3,3
44584,45,43,2,2
44585,160,130,30,30
44586,160,135,25,25
44587,99,97,2,2
44588,62,68,-6,6
44589,121,117,4,4
44590,129,113,16,16
44591,98,97,1,1
44592,104,94,10,10
44593,69,65,4,4
44594,75,66,9,9
44595,95,85,10,10
44596,118,110,8,8
44597,94,127,-33,33
44598,100,99,1,1
44599,129,111,18,18
44600,118,110,8,8
44601,57,146,-89,89
44602,68,64,4,4
44603,123,114,9,9
44604,93,81,12,12
44605,53,55,-2,2
44606,92,86,6,6
44607,78,76,2,2
44608,175,134,41,41
44609,115,118,-3,3
44610,70,72,-2,2
44611,161,130,31,31
44612,61,63,-2,2
44613,64,61,3,3
44614,86,84,2,2
44615,84,78,6,6
44616,152,127,25,25
44617,116,105,11,11
44618,53,54,-1,1
44619,57,57,0,0
44620,68,72,-4,4
44621,178,157,21,21
44622,93,83,10,10
44623,120,108,12,12
44624,136,128,8,8
44625,39,42,-3,3
44626,102,92,10,10
44627,167,157,10,10
44628,65,61,4,4
44629,50,61,-11,11
44630,80,74,6,6
44631,126,112,14,14
44632,67,64,3,3
44633,59,65,-6,6
44634,116,105,11,11
44635,95,89,6,6
44636,57,55,2,2
44637,75,78,-3,3
44638,99,91,8,8
44639,94,89,5,5
44640,65,61,4,4
44641,90,83,7,7
44642,126,108,18,18
44643,86,89,-3,3
44644,103,95,8,8
44645,92,95,-3,3
44646,120,109,11,11
44647,86,77,9,9
44648,19,31,-12,12
44649,138,121,17,17
44650,86,81,5,5
44651,126,114,12,12
44652,103,95,8,8
44653,89,81,8,8
44654,71,69,2,2
44655,63,58,5,5
44656,76,75,1,1
44657,154,136,18,18
44658,64,64,0,0
44659,73,70,3,3
44660,61,62,-1,1
44661,57,64,-7,7
44662,142,134,8,8
44663,193,170,23,23
44664,58,71,-13,13
44665,89,92,-3,3
44666,88,83,5,5
44667,121,107,14,14
44668,110,99,11,11
44669,116,101,15,15
44670,100,87,13,13
44671,62,58,4,4
44672,100,100,0,0
44673,146,117,29,29
44674,33,32,1,1
44675,105,101,4,4
44676,93,86,7,7
44677,48,56,-8,8
44678,74,73,1,1
44679,55,54,1,1
44680,77,70,7,7
44681,83,72,11,11
44682,162,140,22,22
44683,59,57,2,2
44684,196,174,22,22
44685,95,83,12,12
44686,64,58,6,6
44687,107,104,3,3
44688,163,140,23,23
44689,78,71,7,7
44690,66,72,-6,6
44691,62,71,-9,9
44692,109,94,15,15
44693,77,74,3,3
44694,125,109,16,16
44695,103,91,12,12
44696,81,75,6,6
44697,50,51,-1,1
44698,116,121,-5,5
44699,70,79,-9,9
44700,68,62,6,6
44701,96,84,12,12
44702,155,126,29,29
44703,128,125,3,3
44704,75,72,3,3
44705,116,104,12,12
44706,88,82,6,6
44707,100,85,15,15
44708,73,71,2,2
44709,140,133,7,7
44710,106,100,6,6
44711,87,85,2,2
44712,78,85,-7,7
44713,92,81,11,11
44714,109,95,14,14
44715,69,71,-2,2
44716,174,155,19,19
44717,60,58,2,2
44718,61,56,5,5
44719,59,61,-2,2
44720,124,110,14,14
44721,85,78,7,7
44722,136,106,30,30
44723,118,114,4,4
44724,81,79,2,2
44725,80,76,4,4
44726,69,64,5,5
44727,60,63,-3,3
44728,63,62,1,1
44729,46,43,3,3
44730,61,58,3,3
44731,65,74,-9,9
44732,104,103,1,1
44733,144,124,20,20
44734,73,85,-12,12
44735,77,72,5,5
44736,96,88,8,8
44737,71,77,-6,6
44738,74,74,0,0
44739,60,61,-1,1
44740,80,77,3,3
44741,74,76,-2,2
44742,168,140,28,28
44743,145,126,19,19
44744,86,87,-1,1
44745,137,125,12,12
44746,121,110,11,11
44747,91,75,16,16
44748,68,66,2,2
44749,78,68,10,10
44750,84,83,1,1
44751,150,130,20,20
44752,103,87,16,16
44753,79,76,3,3
44754,63,68,-5,5
44755,70,66,4,4
44756,229,184,45,45
44757,130,131,-1,1
44758,81,82,-1,1
44759,112,95,17,17
44760,134,108,26,26
44761,82,79,3,3
44762,152,192,-40,40
44763,90,92,-2,2
44764,105,106,-1,1
44765,138,126,12,12
44766,95,89,6,6
44767,86,77,9,9
44768,91,78,13,13
44769,58,73,-15,15
44770,130,112,18,18
44771,154,132,22,22
44772,69,71,-2,2
44773,158,127,31,31
44774,136,120,16,16
44775,56,59,-3,3
44776,86,79,7,7
44777,49,51,-2,2
44778,138,123,15,15
44779,100,92,8,8
44780,146,131,15,15
44781,56,54,2,2
44782,79,77,2,2
44783,53,51,2,2
44784,59,56,3,3
44785,64,59,5,5
44786,108,93,15,15
44787,66,64,2,2
44788,117,111,6,6
44789,60,56,4,4
44790,51,50,1,1
44791,104,93,11,11
44792,92,100,-8,8
44793,87,76,11,11
44794,84,94,-10,10
44795,155,140,15,15
44796,100,93,7,7
44797,43,44,-1,1
44798,72,62,10,10
44799,124,122,2,2
44800,116,126,-10,10
44801,159,132,27,27
44802,91,98,-7,7
44803,71,61,10,10
44804,158,141,17,17
44805,71,69,2,2
44806,102,89,13,13
44807,117,105,12,12
44808,94,90,4,4
44809,79,83,-4,4
44810,51,52,-1,1
44811,63,59,4,4
44812,55,57,-2,2
44813,152,120,32,32
44814,78,61,17,17
44815,54,53,1,1
44816,80,75,5,5
44817,59,55,4,4
44818,84,79,5,5
44819,110,98,12,12
44820,124,103,21,21
44821,92,77,15,15
44822,126,118,8,8
44823,130,113,17,17
44824,89,86,3,3
44825,109,98,11,11
44826,87,90,-3,3
44827,75,63,12,12
44828,225,201,24,24
44829,182,165,17,17
44830,82,79,3,3
44831,54,59,-5,5
44832,187,156,31,31
44833,128,125,3,3
44834,87,73,14,14
44835,92,77,15,15
44836,58,67,-9,9
44837,63,55,8,8
44838,100,88,12,12
44839,102,104,-2,2
44840,46,53,-7,7
44841,89,93,-4,4
44842,61,54,7,7
44843,134,124,10,10
44844,69,66,3,3
44845,118,107,11,11
44846,153,135,18,18
44847,115,103,12,12
44848,88,79,9,9
44849,91,86,5,5
44850,51,53,-2,2
44851,68,77,-9,9
44852,155,133,22,22
44853,52,52,0,0
44854,71,70,1,1
44855,100,88,12,12
44856,81,72,9,9
44857,168,144,24,24
44858,80,72,8,8
44859,83,75,8,8
44860,90,90,0,0
44861,99,89,10,10
44862,45,43,2,2
44863,110,102,8,8
44864,118,95,23,23
44865,98,90,8,8
44866,162,137,25,25
44867,54,54,0,0
44868,80,78,2,2
44869,91,79,12,12
44870,81,68,13,13
44871,89,81,8,8
44872,58,53,5,5
44873,194,186,8,8
44874,78,79,-1,1
44875,63,57,6,6
44876,61,56,5,5
44877,98,89,9,9
44878,95,87,8,8
44879,97,84,13,13
44880,96,102,-6,6
44881,89,79,10,10
44882,154,133,21,21
44883,51,51,0,0
44884,117,92,25,25
44885,42,52,-10,10
44886,92,82,10,10
44887,91,88,3,3
44888,162,157,5,5
44889,75,74,1,1
44890,104,99,5,5
44891,117,109,8,8
44892,74,78,-4,4
44893,52,53,-1,1
44894,77,73,4,4
44895,83,74,9,9
44896,71,69,2,2
44897,57,53,4,4
44898,62,59,3,3
44899,114,101,13,13
44900,58,64,-6,6
44901,120,117,3,3
44902,74,73,1,1
44903,95,77,18,18
44904,63,66,-3,3
44905,84,87,-3,3
44906,57,61,-4,4
44907,70,71,-1,1
44908,71,76,-5,5
44909,71,57,14,14
44910,140,114,26,26
44911,116,111,5,5
44912,62,66,-4,4
44913,96,98,-2,2
44914,73,71,2,2
44915,79,74,5,5
44916,97,81,16,16
44917,80,67,13,13
44918,76,73,3,3
44919,67,64,3,3
44920,176,155,21,21
44921,71,81,-10,10
44922,89,83,6,6
44923,75,70,5,5
44924,142,122,20,20
44925,96,90,6,6
44926,70,71,-1,1
44927,134,119,15,15
44928,123,113,10,10
44929,71,76,-5,5
44930,45,53,-8,8
44931,102,96,6,6
44932,130,120,10,10
44933,134,123,11,11
44934,71,77,-6,6
44935,111,117,-6,6
44936,134,112,22,22
44937,131,105,26,26
44938,136,147,-11,11
44939,116,103,13,13
44940,156,134,22,22
44941,139,118,21,21
44942,102,94,8,8
44943,69,73,-4,4
44944,81,73,8,8
44945,109,106,3,3
44946,94,83,11,11
44947,77,69,8,8
44948,173,162,11,11
44949,70,71,-1,1
44950,77,78,-1,1
44951,95,85,10,10
44952,96,87,9,9
44953,90,85,5,5
44954,47,59,-12,12
44955,116,113,3,3
44956,84,70,14,14
44957,62,67,-5,5
44958,128,128,0,0
44959,83,75,8,8
44960,90,89,1,1
44961,86,81,5,5
44962,113,104,9,9
44963,153,126,27,27
44964,90,80,10,10
44965,96,92,4,4
44966,76,80,-4,4
44967,73,72,1,1
44968,98,91,7,7
44969,23,42,-19,19
44970,57,58,-1,1
44971,65,76,-11,11
44972,107,102,5,5
44973,140,125,15,15
44974,112,95,17,17
44975,149,148,1,1
44976,100,77,23,23
44977,100,91,9,9
44978,64,56,8,8
44979,89,82,7,7
44980,154,136,18,18
44981,53,52,1,1
44982,45,44,1,1
44983,61,62,-1,1
44984,108,99,9,9
44985,88,75,13,13
44986,109,108,1,1
44987,143,115,28,28
44988,91,94,-3,3
44989,102,95,7,7
44990,61,68,-7,7
44991,85,82,3,3
44992,121,99,22,22
44993,65,60,5,5
44994,56,52,4,4
44995,103,93,10,10
44996,111,91,20,20
44997,102,91,11,11
44998,99,83,16,16
44999,97,109,-12,12
45000,79,74,5,5
45001,139,123,16,16
45002,107,87,20,20
45003,166,157,9,9
45004,51,51,0,0
45005,75,65,10,10
45006,113,100,13,13
45007,69,71,-2,2
45008,129,119,10,10
45009,197,177,20,20
45010,104,97,7,7
45011,99,96,3,3
45012,86,74,12,12
45013,95,83,12,12
45014,138,118,20,20
45015,78,71,7,7
45016,47,81,-34,34
45017,56,57,-1,1
45018,62,63,-1,1
45019,64,65,-1,1
45020,105,82,23,23
45021,104,93,11,11
45022,140,124,16,16
45023,84,93,-9,9
45024,126,124,2,2
45025,82,77,5,5
45026,75,72,3,3
45027,92,91,1,1
45028,77,75,2,2
45029,100,93,7,7
45030,140,131,9,9
45031,67,56,11,11
45032,117,113,4,4
45033,54,56,-2,2
45034,81,77,4,4
45035,130,119,11,11
45036,100,89,11,11
45037,86,77,9,9
45038,57,61,-4,4
45039,115,103,12,12
45040,147,136,11,11
45041,86,81,5,5
45042,39,44,-5,5
45043,79,74,5,5
45044,89,91,-2,2
45045,70,61,9,9
45046,73,76,-3,3
45047,113,99,14,14
45048,99,97,2,2
45049,78,74,4,4
45050,132,121,11,11
45051,79,81,-2,2
45052,143,128,15,15
45053,57,60,-3,3
45054,49,49,0,0
45055,85,80,5,5
45056,49,76,-27,27
45057,96,85,11,11
45058,87,82,5,5
45059,151,112,39,39
45060,147,134,13,13
45061,94,93,1,1
45062,91,83,8,8
45063,56,54,2,2
45064,123,124,-1,1
45065,188,158,30,30
45066,55,48,7,7
45067,117,101,16,16
45068,106,94,12,12
45069,109,111,-2,2
45070,61,54,7,7
45071,46,55,-9,9
45072,62,61,1,1
45073,102,92,10,10
45074,62,57,5,5
45075,85,81,4,4
45076,89,83,6,6
45077,96,89,7,7
45078,132,120,12,12
45079,94,88,6,6
45080,118,99,19,19
45081,73,69,4,4
45082,69,67,2,2
45083,57,62,-5,5
45084,86,84,2,2
45085,130,107,23,23
45086,144,128,16,16
45087,67,63,4,4
45088,64,90,-26,26
45089,85,74,11,11
45090,104,105,-1,1
45091,109,97,12,12
45092,110,101,9,9
45093,129,108,21,21
45094,97,88,9,9
45095,85,78,7,7
45096,104,92,12,12
45097,77,79,-2,2
45098,81,82,-1,1
45099,97,87,10,10
45100,130,132,-2,2
45101,67,66,1,1
45102,55,55,0,0
45103,92,79,13,13
45104,83,82,1,1
45105,135,131,4,4
45106,69,61,8,8
45107,109,103,6,6
45108,98,83,15,15
45109,95,86,9,9
45110,121,115,6,6
45111,80,67,13,13
45112,79,76,3,3
45113,123,117,6,6
45114,117,106,11,11
45115,59,60,-1,1
45116,89,85,4,4
45117,82,79,3,3
45118,117,99,18,18
45119,69,70,-1,1
45120,123,101,22,22
45121,57,65,-8,8
45122,87,73,14,14
45123,105,100,5,5
45124,108,99,9,9
45125,76,70,6,6
45126,74,98,-24,24
45127,84,72,12,12
45128,96,92,4,4
45129,78,74,4,4
45130,76,78,-2,2
45131,88,90,-2,2
45132,89,88,1,1
45133,90,90,0,0
45134,60,58,2,2
45135,53,58,-5,5
45136,67,65,2,2
45137,89,85,4,4
45138,149,119,30,30
45139,95,92,3,3
45140,109,107,2,2
45141,169,161,8,8
45142,78,72,6,6
45143,122,111,11,11
45144,48,63,-15,15
45145,108,111,-3,3
45146,90,85,5,5
45147,147,124,23,23
45148,69,65,4,4
45149,112,97,15,15
45150,158,138,20,20
45151,123,124,-1,1
45152,42,49,-7,7
45153,135,116,19,19
45154,148,127,21,21
45155,109,102,7,7
45156,73,64,9,9
45157,88,82,6,6
45158,90,79,11,11
45159,55,55,0,0
45160,83,83,0,0
45161,54,49,5,5
45162,85,85,0,0
45163,75,70,5,5
45164,121,113,8,8
45165,65,62,3,3
45166,77,69,8,8
45167,102,91,11,11
45168,104,106,-2,2
45169,67,59,8,8
45170,134,111,23,23
45171,107,91,16,16
45172,87,85,2,2
45173,168,149,19,19
45174,145,133,12,12
45175,127,119,8,8
45176,168,143,25,25
45177,113,98,15,15
45178,64,68,-4,4
45179,64,63,1,1
45180,83,83,0,0
45181,83,79,4,4
45182,125,107,18,18
45183,61,57,4,4
45184,40,43,-3,3
45185,57,51,6,6
45186,153,131,22,22
45187,101,99,2,2
45188,83,79,4,4
45189,89,93,-4,4
45190,111,104,7,7
45191,77,70,7,7
45192,127,112,15,15
45193,128,113,15,15
45194,146,124,22,22
45195,49,55,-6,6
45196,49,56,-7,7
45197,57,62,-5,5
45198,89,80,9,9
45199,88,98,-10,10
45200,153,143,10,10
45201,71,70,1,1
45202,135,127,8,8
45203,109,94,15,15
45204,73,68,5,5
45205,185,153,32,32
45206,69,64,5,5
45207,109,104,5,5
45208,74,74,0,0
45209,181,142,39,39
45210,96,92,4,4
45211,93,101,-8,8
45212,60,59,1,1
45213,104,100,4,4
45214,67,52,15,15
45215,89,91,-2,2
45216,128,107,21,21
45217,100,90,10,10
45218,96,89,7,7
45219,90,78,12,12
45220,68,64,4,4
45221,126,108,18,18
45222,54,58,-4,4
45223,106,101,5,5
45224,63,61,2,2
45225,113,89,24,24
45226,45,52,-7,7
45227,98,83,15,15
45228,156,132,24,24
45229,52,57,-5,5
45230,134,114,20,20
45231,74,78,-4,4
45232,102,94,8,8
45233,100,91,9,9
45234,62,65,-3,3
45235,82,75,7,7
45236,105,88,17,17
45237,69,70,-1,1
45238,124,128,-4,4
45239,118,106,12,12
45240,82,80,2,2
45241,63,66,-3,3
45242,70,65,5,5
45243,68,66,2,2
45244,121,103,18,18
45245,73,65,8,8
45246,51,52,-1,1
45247,81,73,8,8
45248,146,124,22,22
45249,88,82,6,6
45250,101,92,9,9
45251,126,123,3,3
45252,119,111,8,8
45253,113,111,2,2
45254,172,139,33,33
45255,81,74,7,7
45256,90,84,6,6
45257,110,101,9,9
45258,134,126,8,8
45259,37,50,-13,13
45260,62,62,0,0
45261,65,64,1,1
45262,52,51,1,1
45263,76,75,1,1
45264,116,103,13,13
45265,98,115,-17,17
45266,61,59,2,2
45267,84,83,1,1
45268,153,133,20,20
45269,72,62,10,10
45270,77,71,6,6
45271,86,82,4,4
45272,99,99,0,0
45273,124,110,14,14
45274,66,74,-8,8
45275,76,70,6,6
45276,67,51,16,16
45277,133,112,21,21
45278,91,86,5,5
45279,71,77,-6,6
45280,207,187,20,20
45281,65,65,0,0
45282,97,93,4,4
45283,131,124,7,7
45284,120,101,19,19
45285,59,61,-2,2
45286,124,112,12,12
45287,74,70,4,4
45288,101,93,8,8
45289,85,80,5,5
45290,85,82,3,3
45291,137,119,18,18
45292,76,69,7,7
45293,136,129,7,7
45294,139,126,13,13
45295,49,55,-6,6
45296,136,123,13,13
45297,75,64,11,11
45298,109,100,9,9
45299,53,53,0,0
45300,110,103,7,7
45301,59,60,-1,1
45302,119,110,9,9
45303,86,79,7,7
45304,139,120,19,19
45305,132,115,17,17
45306,191,170,21,21
45307,87,75,12,12
45308,90,82,8,8
45309,122,113,9,9
45310,73,63,10,10
45311,122,103,19,19
45312,93,90,3,3
45313,46,54,-8,8
45314,84,86,-2,2
45315,103,86,17,17
45316,39,34,5,5
45317,96,96,0,0
45318,72,68,4,4
45319,146,126,20,20
45320,80,87,-7,7
45321,68,70,-2,2
45322,49,51,-2,2
45323,110,100,10,10
45324,117,111,6,6
45325,121,103,18,18
45326,55,65,-10,10
45327,149,145,4,4
45328,78,72,6,6
45329,60,66,-6,6
45330,161,144,17,17
45331,95,96,-1,1
45332,75,62,13,13
45333,92,90,2,2
45334,112,114,-2,2
45335,67,69,-2,2
45336,91,82,9,9
45337,109,93,16,16
45338,177,153,24,24
45339,105,104,1,1
45340,82,75,7,7
45341,89,75,14,14
45342,109,101,8,8
45343,67,72,-5,5
45344,117,113,4,4
45345,96,91,5,5
45346,49,55,-6,6
45347,110,96,14,14
45348,57,52,5,5
45349,118,90,28,28
45350,120,106,14,14
45351,77,76,1,1
45352,107,89,18,18
45353,60,66,-6,6
45354,70,59,11,11
45355,115,106,9,9
45356,70,72,-2,2
45357,70,64,6,6
45358,96,105,-9,9
45359,72,77,-5,5
45360,72,66,6,6
45361,67,68,-1,1
45362,170,144,26,26
45363,57,54,3,3
45364,67,62,5,5
45365,85,82,3,3
45366,95,101,-6,6
45367,119,131,-12,12
45368,84,74,10,10
45369,65,82,-17,17
45370,225,205,20,20
45371,97,91,6,6
45372,81,77,4,4
45373,104,96,8,8
45374,23,31,-8,8
45375,75,71,4,4
45376,115,103,12,12
45377,111,94,17,17
45378,60,55,5,5
45379,72,72,0,0
45380,100,94,6,6
45381,85,76,9,9
45382,60,60,0,0
45383,55,64,-9,9
45384,120,115,5,5
45385,121,117,4,4
45386,79,73,6,6
45387,89,83,6,6
45388,127,107,20,20
45389,86,80,6,6
45390,58,53,5,5
45391,99,84,15,15
45392,126,119,7,7
45393,53,54,-1,1
45394,55,56,-1,1
45395,107,103,4,4
45396,67,59,8,8
45397,83,87,-4,4
45398,81,80,1,1
45399,92,85,7,7
45400,109,94,15,15
45401,148,140,8,8
45402,115,114,1,1
45403,124,108,16,16
45404,103,98,5,5
45405,122,115,7,7
45406,104,99,5,5
45407,58,43,15,15
45408,68,65,3,3
45409,83,84,-1,1
45410,51,63,-12,12
45411,84,79,5,5
45412,129,125,4,4
45413,64,65,-1,1
45414,150,127,23,23
45415,48,51,-3,3
45416,67,55,12,12
45417,72,71,1,1
45418,101,91,10,10
45419,68,62,6,6
45420,135,114,21,21
45421,98,90,8,8
45422,73,72,1,1
45423,93,95,-2,2
45424,161,148,13,13
45425,58,57,1,1
45426,125,116,9,9
45427,91,89,2,2
45428,82,73,9,9
45429,82,82,0,0
45430,89,100,-11,11
45431,45,40,5,5
45432,56,79,-23,23
45433,152,162,-10,10
45434,110,96,14,14
45435,81,72,9,9
45436,43,51,-8,8
45437,154,149,5,5
45438,82,69,13,13
45439,104,102,2,2
45440,78,82,-4,4
45441,130,111,19,19
45442,66,73,-7,7
45443,86,85,1,1
45444,98,98,0,0
45445,106,101,5,5
45446,78,80,-2,2
45447,89,76,13,13
45448,84,81,3,3
45449,111,96,15,15
45450,73,69,4,4
45451,115,127,-12,12
45452,174,152,22,22
45453,87,71,16,16
45454,102,94,8,8
45455,77,67,10,10
45456,37,35,2,2
45457,131,120,11,11
45458,104,95,9,9
45459,109,132,-23,23
45460,89,80,9,9
45461,108,98,10,10
45462,158,137,21,21
45463,69,66,3,3
45464,89,76,13,13
45465,42,37,5,5
45466,97,79,18,18
45467,70,74,-4,4
45468,116,104,12,12
45469,138,137,1,1
45470,110,103,7,7
45471,105,91,14,14
45472,51,55,-4,4
45473,94,94,0,0
45474,75,70,5,5
45475,129,124,5,5
45476,88,78,10,10
45477,100,85,15,15
45478,79,76,3,3
45479,176,158,18,18
45480,86,79,7,7
45481,88,93,-5,5
45482,105,107,-2,2
45483,140,123,17,17
45484,72,66,6,6
45485,111,84,27,27
45486,105,91,14,14
45487,191,167,24,24
45488,120,109,11,11
45489,99,95,4,4
45490,45,53,-8,8
45491,94,85,9,9
45492,80,80,0,0
45493,85,82,3,3
45494,74,65,9,9
45495,78,75,3,3
45496,131,110,21,21
45497,95,88,7,7
45498,59,58,1,1
45499,72,60,12,12
45500,108,105,3,3
45501,71,71,0,0
45502,74,69,5,5
45503,134,128,6,6
45504,101,96,5,5
45505,68,64,4,4
45506,127,119,8,8
45507,195,156,39,39
45508,73,70,3,3
45509,77,74,3,3
45510,79,67,12,12
45511,59,51,8,8
45512,115,95,20,20
45513,79,74,5,5
45514,91,85,6,6
45515,82,77,5,5
45516,72,67,5,5
45517,63,69,-6,6
45518,89,85,4,4
45519,69,71,-2,2
45520,62,88,-26,26
45521,45,53,-8,8
45522,87,87,0,0
45523,75,79,-4,4
45524,105,97,8,8
45525,93,96,-3,3
45526,104,96,8,8
45527,86,86,0,0
45528,159,144,15,15
45529,93,79,14,14
45530,112,105,7,7
45531,120,107,13,13
45532,62,55,7,7
45533,108,96,12,12
45534,124,119,5,5
45535,167,140,27,27
45536,163,151,12,12
45537,113,101,12,12
45538,98,82,16,16
45539,64,70,-6,6
45540,120,106,14,14
45541,52,50,2,2
45542,42,45,-3,3
45543,131,130,1,1
45544,95,79,16,16
45545,85,82,3,3
45546,71,63,8,8
45547,116,101,15,15
45548,91,77,14,14
45549,94,85,9,9
45550,52,56,-4,4
45551,84,93,-9,9
45552,61,55,6,6
45553,101,97,4,4
45554,97,90,7,7
45555,96,95,1,1
45556,141,138,3,3
45557,124,109,15,15
45558,72,70,2,2
45559,79,120,-41,41
45560,155,146,9,9
45561,112,112,0,0
45562,63,59,4,4
45563,73,73,0,0
45564,67,69,-2,2
45565,61,58,3,3
45566,114,101,13,13
45567,33,35,-2,2
45568,64,63,1,1
45569,79,72,7,7
45570,149,148,1,1
45571,97,88,9,9
45572,84,78,6,6
45573,134,128,6,6
45574,85,88,-3,3
45575,123,103,20,20
45576,97,85,12,12
45577,69,65,4,4
45578,116,98,18,18
45579,92,79,13,13
45580,125,117,8,8
45581,103,89,14,14
45582,99,84,15,15
45583,154,149,5,5
45584,102,95,7,7
45585,53,55,-2,2
45586,104,100,4,4
45587,218,174,44,44
45588,57,56,1,1
45589,154,147,7,7
45590,141,134,7,7
45591,113,113,0,0
45592,69,68,1,1
45593,87,93,-6,6
45594,126,115,11,11
45595,99,98,1,1
45596,85,85,0,0
45597,78,84,-6,6
45598,85,70,15,15
45599,77,72,5,5
45600,97,87,10,10
45601,67,74,-7,7
45602,114,103,11,11
45603,130,123,7,7
45604,127,110,17,17
45605,66,61,5,5
45606,74,75,-1,1
45607,117,107,10,10
45608,57,53,4,4
45609,169,149,20,20
45610,79,77,2,2
45611,122,125,-3,3
45612,117,111,6,6
45613,82,80,2,2
45614,119,107,12,12
45615,105,95,10,10
45616,121,102,19,19
45617,107,101,6,6
45618,63,61,2,2
45619,76,76,0,0
45620,141,108,33,33
45621,76,71,5,5
45622,189,134,55,55
45623,78,72,6,6
45624,105,111,-6,6
45625,69,67,2,2
45626,95,98,-3,3
45627,55,60,-5,5
45628,85,72,13,13
45629,62,65,-3,3
45630,72,70,2,2
45631,91,84,7,7
45632,78,85,-7,7
45633,69,62,7,7
45634,58,56,2,2
45635,104,91,13,13
45636,90,85,5,5
45637,45,53,-8,8
45638,109,91,18,18
45639,174,164,10,10
45640,102,106,-4,4
45641,72,72,0,0
45642,93,86,7,7
45643,88,107,-19,19
45644,147,125,22,22
45645,116,105,11,11
45646,71,86,-15,15
45647,59,62,-3,3
45648,110,98,12,12
45649,112,100,12,12
45650,67,54,13,13
45651,63,65,-2,2
45652,99,79,20,20
45653,71,67,4,4
45654,61,64,-3,3
45655,145,166,-21,21
45656,59,61,-2,2
45657,91,92,-1,1
45658,97,93,4,4
45659,67,65,2,2
45660,75,68,7,7
45661,107,86,21,21
45662,47,60,-13,13
45663,111,106,5,5
45664,122,104,18,18
45665,145,127,18,18
45666,133,108,25,25
45667,90,80,10,10
45668,153,136,17,17
45669,83,70,13,13
45670,44,55,-11,11
45671,64,62,2,2
45672,74,75,-1,1
45673,98,92,6,6
45674,117,74,43,43
45675,83,82,1,1
45676,52,55,-3,3
45677,74,70,4,4
45678,128,115,13,13
45679,75,72,3,3
45680,71,66,5,5
45681,72,68,4,4
45682,80,75,5,5
45683,98,90,8,8
45684,138,126,12,12
45685,161,141,20,20
45686,152,138,14,14
45687,117,103,14,14
45688,96,94,2,2
45689,76,73,3,3
45690,150,139,11,11
45691,71,74,-3,3
45692,127,122,5,5
45693,93,90,3,3
45694,116,108,8,8
45695,128,113,15,15
45696,47,49,-2,2
45697,53,54,-1,1
45698,173,157,16,16
45699,84,94,-10,10
45700,74,67,7,7
45701,40,45,-5,5
45702,125,97,28,28
45703,100,102,-2,2
45704,62,62,0,0
45705,120,102,18,18
45706,163,132,31,31
45707,111,102,9,9
45708,62,69,-7,7
45709,104,101,3,3
45710,96,84,12,12
45711,71,64,7,7
45712,94,94,0,0
45713,109,99,10,10
45714,46,50,-4,4
45715,94,86,8,8
45716,52,51,1,1
45717,88,77,11,11
45718,68,73,-5,5
45719,193,188,5,5
45720,137,117,20,20
45721,109,101,8,8
45722,97,96,1,1
45723,114,98,16,16
45724,90,83,7,7
45725,57,63,-6,6
45726,119,103,16,16
45727,157,138,19,19
45728,86,77,9,9
45729,108,99,9,9
45730,82,80,2,2
45731,111,98,13,13
45732,110,100,10,10
45733,108,88,20,20
45734,92,78,14,14
45735,38,32,6,6
45736,92,87,5,5
45737,92,84,8,8
45738,68,59,9,9
45739,74,77,-3,3
45740,83,82,1,1
45741,106,86,20,20
45742,86,81,5,5
45743,78,69,9,9
45744,155,148,7,7
45745,116,108,8,8
45746,129,92,37,37
45747,99,90,9,9
45748,114,98,16,16
45749,103,90,13,13
45750,82,70,12,12
45751,50,50,0,0
45752,86,80,6,6
45753,82,76,6,6
45754,82,85,-3,3
45755,50,60,-10,10
45756,88,72,16,16
45757,86,77,9,9
45758,103,94,9,9
45759,60,53,7,7
45760,68,63,5,5
45761,86,69,17,17
45762,85,76,9,9
45763,80,70,10,10
45764,58,63,-5,5
45765,63,75,-12,12
45766,117,104,13,13
45767,97,101,-4,4
45768,59,62,-3,3
45769,66,65,1,1
45770,121,108,13,13
45771,77,69,8,8
45772,47,50,-3,3
45773,61,65,-4,4
45774,128,115,13,13
45775,225,191,34,34
45776,145,123,22,22
45777,125,123,2,2
45778,40,43,-3,3
45779,94,79,15,15
45780,103,92,11,11
45781,137,121,16,16
45782,151,134,17,17
45783,98,95,3,3
45784,115,104,11,11
45785,77,69,8,8
45786,75,91,-16,16
45787,75,74,1,1
45788,117,104,13,13
45789,133,126,7,7
45790,89,92,-3,3
45791,92,87,5,5
45792,66,65,1,1
45793,26,31,-5,5
45794,135,116,19,19
45795,82,83,-1,1
45796,44,50,-6,6
45797,79,54,25,25
45798,135,131,4,4
45799,122,124,-2,2
45800,177,160,17,17
45801,93,82,11,11
45802,54,50,4,4
45803,104,109,-5,5
45804,69,62,7,7
45805,64,67,-3,3
45806,113,113,0,0
45807,69,64,5,5
45808,127,123,4,4
45809,115,107,8,8
45810,75,71,4,4
45811,81,73,8,8
45812,35,40,-5,5
45813,120,112,8,8
45814,86,83,3,3
45815,111,96,15,15
45816,149,126,23,23
45817,86,79,7,7
45818,122,109,13,13
45819,80,81,-1,1
45820,91,82,9,9
45821,106,96,10,10
45822,30,53,-23,23
45823,84,77,7,7
45824,159,119,40,40
45825,76,78,-2,2
45826,73,69,4,4
45827,78,78,0,0
45828,271,215,56,56
45829,138,131,7,7
45830,72,72,0,0
45831,77,65,12,12
45832,94,87,7,7
45833,101,92,9,9
45834,72,69,3,3
45835,101,99,2,2
45836,120,110,10,10
45837,159,145,14,14
45838,78,76,2,2
45839,78,77,1,1
45840,106,96,10,10
45841,87,88,-1,1
45842,62,62,0,0
45843,106,103,3,3
45844,127,126,1,1
45845,101,98,3,3
45846,56,56,0,0
45847,41,51,-10,10
45848,83,80,3,3
45849,128,121,7,7
45850,86,73,13,13
45851,82,82,0,0
45852,104,95,9,9
45853,116,125,-9,9
45854,115,109,6,6
45855,81,74,7,7
45856,82,89,-7,7
45857,88,77,11,11
45858,115,106,9,9
45859,170,153,17,17
45860,110,103,7,7
45861,228,187,41,41
45862,161,134,27,27
45863,72,71,1,1
45864,171,142,29,29
45865,117,102,15,15
45866,116,107,9,9
45867,60,52,8,8
45868,113,109,4,4
45869,121,105,16,16
45870,41,55,-14,14
45871,98,85,13,13
45872,83,76,7,7
45873,56,56,0,0
45874,107,94,13,13
45875,90,81,9,9
45876,91,88,3,3
45877,68,70,-2,2
45878,131,111,20,20
45879,95,83,12,12
45880,93,83,10,10
45881,99,91,8,8
45882,195,153,42,42
45883,124,104,20,20
45884,124,109,15,15
45885,44,56,-12,12
45886,63,59,4,4
45887,175,148,27,27
45888,127,106,21,21
45889,113,108,5,5
45890,118,92,26,26
45891,99,100,-1,1
45892,89,81,8,8
45893,64,63,1,1
45894,73,71,2,2
45895,104,93,11,11
45896,50,55,-5,5
45897,94,76,18,18
45898,115,108,7,7
45899,91,86,5,5
45900,80,68,12,12
45901,81,81,0,0
45902,80,81,-1,1
45903,100,88,12,12
45904,123,115,8,8
45905,89,77,12,12
45906,71,67,4,4
45907,162,131,31,31
45908,152,123,29,29
45909,69,64,5,5
45910,81,84,-3,3
45911,71,73,-2,2
45912,90,81,9,9
45913,104,93,11,11
45914,106,95,11,11
45915,66,65,1,1
45916,66,58,8,8
45917,79,83,-4,4
45918,45,50,-5,5
45919,89,80,9,9
45920,105,83,22,22
45921,59,55,4,4
45922,103,90,13,13
45923,116,110,6,6
45924,93,86,7,7
45925,116,122,-6,6
45926,133,116,17,17
45927,86,77,9,9
45928,86,72,14,14
45929,65,67,-2,2
45930,139,118,21,21
45931,117,114,3,3
45932,67,62,5,5
45933,119,96,23,23
45934,81,95,-14,14
45935,127,113,14,14
45936,142,123,19,19
45937,87,79,8,8
45938,70,65,5,5
45939,79,76,3,3
45940,119,106,13,13
45941,73,65,8,8
45942,72,60,12,12
45943,87,86,1,1
45944,108,97,11,11
45945,120,109,11,11
45946,82,75,7,7
45947,97,93,4,4
45948,73,74,-1,1
45949,69,65,4,4
45950,96,90,6,6
45951,44,45,-1,1
45952,104,91,13,13
45953,68,73,-5,5
45954,108,81,27,27
45955,81,80,1,1
45956,124,110,14,14
45957,91,78,13,13
45958,116,124,-8,8
45959,41,42,-1,1
45960,93,88,5,5
45961,100,97,3,3
45962,70,76,-6,6
45963,82,79,3,3
45964,124,102,22,22
45965,168,142,26,26
45966,81,77,4,4
45967,124,119,5,5
45968,74,67,7,7
45969,191,166,25,25
45970,99,100,-1,1
45971,72,72,0,0
45972,92,92,0,0
45973,122,115,7,7
45974,104,93,11,11
45975,93,84,9,9
45976,50,51,-1,1
45977,79,80,-1,1
45978,86,81,5,5
45979,147,147,0,0
45980,129,132,-3,3
45981,135,136,-1,1
45982,124,102,22,22
45983,91,86,5,5
45984,80,86,-6,6
45985,150,144,6,6
45986,113,102,11,11
45987,74,61,13,13
45988,165,140,25,25
45989,105,86,19,19
45990,49,52,-3,3
45991,96,95,1,1
45992,115,107,8,8
45993,132,116,16,16
45994,111,95,16,16
45995,44,62,-18,18
45996,98,82,16,16
45997,52,50,2,2
45998,78,77,1,1
45999,71,67,4,4
46000,30,31,-1,1
46001,116,109,7,7
46002,128,138,-10,10
46003,75,79,-4,4
46004,47,51,-4,4
46005,89,88,1,1
46006,88,74,14,14
46007,102,94,8,8
46008,48,48,0,0
46009,59,53,6,6
46010,131,115,16,16
46011,71,67,4,4
46012,81,81,0,0
46013,110,100,10,10
46014,154,139,15,15
46015,120,113,7,7
46016,155,127,28,28
46017,109,99,10,10
46018,71,76,-5,5
46019,81,74,7,7
46020,58,60,-2,2
46021,69,76,-7,7
46022,134,118,16,16
46023,99,90,9,9
46024,71,68,3,3
46025,99,91,8,8
46026,76,74,2,2
46027,98,81,17,17
46028,68,64,4,4
46029,105,88,17,17
46030,109,94,15,15
46031,143,138,5,5
46032,112,100,12,12
46033,82,95,-13,13
46034,59,58,1,1
46035,170,147,23,23
46036,84,87,-3,3
46037,84,90,-6,6
46038,97,93,4,4
46039,241,199,42,42
46040,216,180,36,36
46041,121,108,13,13
46042,72,63,9,9
46043,61,62,-1,1
46044,76,71,5,5
46045,140,131,9,9
46046,101,88,13,13
46047,92,79,13,13
46048,65,58,7,7
46049,62,66,-4,4
46050,62,65,-3,3
46051,172,140,32,32
46052,82,74,8,8
46053,118,108,10,10
46054,99,88,11,11
46055,121,109,12,12
46056,108,101,7,7
46057,96,74,22,22
46058,145,123,22,22
46059,111,125,-14,14
46060,46,49,-3,3
46061,74,64,10,10
46062,96,88,8,8
46063,60,55,5,5
46064,110,127,-17,17
46065,78,77,1,1
46066,114,92,22,22
46067,154,157,-3,3
46068,165,140,25,25
46069,42,42,0,0
46070,91,81,10,10
46071,100,96,4,4
46072,110,86,24,24
46073,67,70,-3,3
46074,68,69,-1,1
46075,137,108,29,29
46076,87,84,3,3
46077,93,82,11,11
46078,86,81,5,5
46079,200,185,15,15
46080,119,108,11,11
46081,176,153,23,23
46082,75,72,3,3
46083,125,112,13,13
46084,74,77,-3,3
46085,102,90,12,12
46086,53,51,2,2
46087,107,96,11,11
46088,95,85,10,10
46089,120,113,7,7
46090,88,82,6,6
46091,66,71,-5,5
46092,94,83,11,11
46093,137,129,8,8
46094,67,72,-5,5
46095,83,77,6,6
46096,56,56,0,0
46097,139,116,23,23
46098,100,88,12,12
46099,78,84,-6,6
46100,103,89,14,14
46101,59,64,-5,5
46102,47,52,-5,5
46103,65,57,8,8
46104,112,95,17,17
46105,132,107,25,25
46106,82,83,-1,1
46107,118,109,9,9
46108,109,93,16,16
46109,91,83,8,8
46110,67,66,1,1
46111,83,81,2,2
46112,79,74,5,5
46113,26,31,-5,5
46114,44,56,-12,12
46115,71,71,0,0
46116,86,77,9,9
46117,77,72,5,5
46118,53,49,4,4
46119,98,82,16,16
46120,144,117,27,27
46121,89,78,11,11
46122,67,67,0,0
46123,147,125,22,22
46124,127,120,7,7
46125,85,78,7,7
46126,66,63,3,3
46127,89,76,13,13
46128,89,85,4,4
46129,75,69,6,6
46130,72,67,5,5
46131,101,97,4,4
46132,126,92,34,34
46133,62,57,5,5
46134,83,76,7,7
46135,151,132,19,19
46136,102,97,5,5
46137,215,184,31,31
46138,149,129,20,20
46139,133,119,14,14
46140,90,78,12,12
46141,100,79,21,21
46142,57,53,4,4
46143,61,56,5,5
46144,41,35,6,6
46145,137,117,20,20
46146,164,142,22,22
46147,242,215,27,27
46148,99,92,7,7
46149,51,51,0,0
46150,68,64,4,4
46151,78,69,9,9
46152,120,108,12,12
46153,87,79,8,8
46154,105,90,15,15
46155,112,97,15,15
46156,87,84,3,3
46157,88,83,5,5
46158,71,65,6,6
46159,125,112,13,13
46160,73,71,2,2
46161,108,101,7,7
46162,76,73,3,3
46163,45,42,3,3
46164,100,92,8,8
46165,76,73,3,3
46166,158,137,21,21
46167,92,88,4,4
46168,77,77,0,0
46169,44,47,-3,3
46170,115,113,2,2
46171,85,85,0,0
46172,109,99,10,10
46173,89,85,4,4
46174,39,48,-9,9
46175,66,66,0,0
46176,62,68,-6,6
46177,89,87,2,2
46178,130,114,16,16
46179,92,85,7,7
46180,138,112,26,26
46181,118,100,18,18
46182,219,226,-7,7
46183,104,99,5,5
46184,94,93,1,1
46185,100,81,19,19
46186,54,50,4,4
46187,153,121,32,32
46188,84,80,4,4
46189,91,93,-2,2
46190,46,49,-3,3
46191,53,63,-10,10
46192,77,70,7,7
46193,80,71,9,9
46194,138,118,20,20
46195,80,71,9,9
46196,138,114,24,24
46197,141,123,18,18
46198,91,82,9,9
46199,176,150,26,26
46200,117,109,8,8
46201,69,71,-2,2
46202,108,107,1,1
46203,101,89,12,12
46204,135,121,14,14
46205,115,106,9,9
46206,102,95,7,7
46207,56,61,-5,5
46208,96,92,4,4
46209,69,65,4,4
46210,106,104,2,2
46211,151,142,9,9
46212,110,99,11,11
46213,112,105,7,7
46214,134,113,21,21
46215,65,62,3,3
46216,66,64,2,2
46217,97,94,3,3
46218,109,101,8,8
46219,141,123,18,18
46220,78,90,-12,12
46221,94,105,-11,11
46222,64,67,-3,3
46223,47,57,-10,10
46224,79,74,5,5
46225,104,100,4,4
46226,39,40,-1,1
46227,62,69,-7,7
46228,123,113,10,10
46229,144,119,25,25
46230,108,102,6,6
46231,183,145,38,38
46232,85,79,6,6
46233,49,54,-5,5
46234,40,43,-3,3
46235,27,42,-15,15
46236,107,100,7,7
46237,135,133,2,2
46238,129,108,21,21
46239,77,73,4,4
46240,61,66,-5,5
46241,58,68,-10,10
46242,144,128,16,16
46243,53,52,1,1
46244,95,94,1,1
46245,82,69,13,13
46246,73,72,1,1
46247,174,162,12,12
46248,101,90,11,11
46249,100,118,-18,18
46250,81,70,11,11
46251,94,86,8,8
46252,76,74,2,2
46253,70,70,0,0
46254,100,96,4,4
46255,79,67,12,12
46256,83,78,5,5
46257,90,87,3,3
46258,136,120,16,16
46259,61,58,3,3
46260,106,102,4,4
46261,90,85,5,5
46262,32,39,-7,7
46263,100,99,1,1
46264,74,64,10,10
46265,62,65,-3,3
46266,101,86,15,15
46267,104,90,14,14
46268,94,80,14,14
46269,95,93,2,2
46270,134,120,14,14
46271,134,124,10,10
46272,77,70,7,7
46273,80,90,-10,10
46274,90,83,7,7
46275,128,107,21,21
46276,108,99,9,9
46277,64,68,-4,4
46278,44,51,-7,7
46279,115,103,12,12
46280,49,55,-6,6
46281,64,72,-8,8
46282,64,63,1,1
46283,128,117,11,11
46284,69,68,1,1
46285,73,67,6,6
46286,38,46,-8,8
46287,71,69,2,2
46288,94,90,4,4
46289,89,86,3,3
46290,63,63,0,0
46291,116,98,18,18
46292,83,82,1,1
46293,38,45,-7,7
46294,57,61,-4,4
46295,84,80,4,4
46296,552,379,173,173
46297,75,68,7,7
46298,70,66,4,4
46299,90,95,-5,5
46300,181,184,-3,3
46301,109,102,7,7
46302,99,103,-4,4
46303,99,91,8,8
46304,73,69,4,4
46305,71,71,0,0
46306,125,119,6,6
46307,142,133,9,9
46308,125,112,13,13
46309,99,89,10,10
46310,127,110,17,17
46311,134,109,25,25
46312,87,76,11,11
46313,99,99,0,0
46314,116,112,4,4
46315,57,60,-3,3
46316,160,133,27,27
46317,104,91,13,13
46318,106,101,5,5
46319,82,81,1,1
46320,149,126,23,23
46321,122,115,7,7
46322,46,51,-5,5
46323,44,56,-12,12
46324,47,56,-9,9
46325,46,65,-19,19
46326,103,99,4,4
46327,118,110,8,8
46328,62,60,2,2
46329,61,66,-5,5
46330,90,86,4,4
46331,87,76,11,11
46332,163,136,27,27
46333,108,102,6,6
46334,68,65,3,3
46335,128,114,14,14
46336,132,141,-9,9
46337,48,54,-6,6
46338,66,62,4,4
46339,62,65,-3,3
46340,77,83,-6,6
46341,47,61,-14,14
46342,124,108,16,16
46343,95,97,-2,2
46344,65,57,8,8
46345,70,70,0,0
46346,133,122,11,11
46347,98,94,4,4
46348,138,131,7,7
46349,93,88,5,5
46350,136,118,18,18
46351,119,106,13,13
46352,102,101,1,1
46353,106,114,-8,8
46354,75,73,2,2
46355,58,54,4,4
46356,130,104,26,26
46357,85,84,1,1
46358,102,107,-5,5
46359,66,64,2,2
46360,83,93,-10,10
46361,85,82,3,3
46362,122,109,13,13
46363,107,107,0,0
46364,68,72,-4,4
46365,58,62,-4,4
46366,87,79,8,8
46367,67,68,-1,1
46368,74,76,-2,2
46369,68,61,7,7
46370,104,89,15,15
46371,158,144,14,14
46372,131,113,18,18
46373,103,95,8,8
46374,109,103,6,6
46375,64,60,4,4
46376,123,105,18,18
46377,111,96,15,15
46378,38,40,-2,2
46379,59,51,8,8
46380,46,55,-9,9
46381,101,99,2,2
46382,149,129,20,20
46383,116,103,13,13
46384,62,75,-13,13
46385,78,77,1,1
46386,92,82,10,10
46387,109,94,15,15
46388,94,91,3,3
46389,107,103,4,4
46390,75,75,0,0
46391,64,66,-2,2
46392,30,40,-10,10
46393,127,118,9,9
46394,67,64,3,3
46395,109,103,6,6
46396,187,158,29,29
46397,90,86,4,4
46398,123,110,13,13
46399,72,65,7,7
46400,124,117,7,7
46401,110,102,8,8
46402,108,104,4,4
46403,65,66,-1,1
46404,116,106,10,10
46405,77,85,-8,8
46406,40,47,-7,7
46407,108,99,9,9
46408,159,141,18,18
46409,60,61,-1,1
46410,116,100,16,16
46411,124,130,-6,6
46412,94,92,2,2
46413,90,77,13,13
46414,30,31,-1,1
46415,89,83,6,6
46416,89,77,12,12
46417,111,111,0,0
46418,84,81,3,3
46419,49,53,-4,4
46420,75,62,13,13
46421,136,109,27,27
46422,41,73,-32,32
46423,72,68,4,4
46424,173,151,22,22
46425,70,71,-1,1
46426,90,89,1,1
46427,153,143,10,10
46428,138,134,4,4
46429,147,133,14,14
46430,116,120,-4,4
46431,148,131,17,17
46432,117,109,8,8
46433,103,93,10,10
46434,123,111,12,12
46435,151,125,26,26
46436,126,116,10,10
46437,105,105,0,0
46438,111,105,6,6
46439,71,63,8,8
46440,99,104,-5,5
46441,59,67,-8,8
46442,104,90,14,14
46443,60,54,6,6
46444,88,84,4,4
46445,63,57,6,6
46446,186,160,26,26
46447,97,83,14,14
46448,128,110,18,18
46449,162,136,26,26
46450,74,68,6,6
46451,92,79,13,13
46452,153,134,19,19
46453,97,90,7,7
46454,116,104,12,12
46455,161,125,36,36
46456,73,74,-1,1
46457,107,102,5,5
46458,112,119,-7,7
46459,89,80,9,9
46460,92,82,10,10
46461,83,77,6,6
46462,108,112,-4,4
46463,108,102,6,6
46464,49,48,1,1
46465,64,62,2,2
46466,109,109,0,0
46467,52,51,1,1
46468,139,132,7,7
46469,90,84,6,6
46470,90,85,5,5
46471,70,71,-1,1
46472,97,96,1,1
46473,56,59,-3,3
46474,64,72,-8,8
46475,67,61,6,6
46476,48,53,-5,5
46477,69,63,6,6
46478,93,87,6,6
46479,144,129,15,15
46480,145,141,4,4
46481,142,128,14,14
46482,150,136,14,14
46483,58,51,7,7
46484,120,101,19,19
46485,102,94,8,8
46486,142,135,7,7
46487,100,96,4,4
46488,125,116,9,9
46489,84,88,-4,4
46490,123,115,8,8
46491,145,142,3,3
46492,86,84,2,2
46493,73,70,3,3
46494,97,88,9,9
46495,57,55,2,2
46496,122,110,12,12
46497,71,60,11,11
46498,99,92,7,7
46499,83,70,13,13
46500,165,147,18,18
46501,193,161,32,32
46502,104,92,12,12
46503,110,115,-5,5
46504,65,57,8,8
46505,72,71,1,1
46506,76,73,3,3
46507,173,153,20,20
46508,76,85,-9,9
46509,95,85,10,10
46510,96,87,9,9
46511,82,73,9,9
46512,91,95,-4,4
46513,88,79,9,9
46514,104,101,3,3
46515,114,110,4,4
46516,109,95,14,14
46517,74,70,4,4
46518,137,118,19,19
46519,93,86,7,7
46520,88,84,4,4
46521,55,65,-10,10
46522,72,72,0,0
46523,71,86,-15,15
46524,110,92,18,18
46525,114,108,6,6
46526,128,122,6,6
46527,65,69,-4,4
46528,114,108,6,6
46529,97,88,9,9
46530,117,135,-18,18
46531,72,72,0,0
46532,92,82,10,10
46533,64,58,6,6
46534,125,121,4,4
46535,99,93,6,6
46536,56,61,-5,5
46537,54,54,0,0
46538,122,113,9,9
46539,178,165,13,13
46540,179,156,23,23
46541,80,73,7,7
46542,109,97,12,12
46543,83,80,3,3
46544,103,90,13,13
46545,61,64,-3,3
46546,125,108,17,17
46547,96,84,12,12
46548,96,108,-12,12
46549,97,89,8,8
46550,108,87,21,21
46551,89,86,3,3
46552,55,53,2,2
46553,87,121,-34,34
46554,49,51,-2,2
46555,94,90,4,4
46556,93,109,-16,16
46557,75,70,5,5
46558,65,65,0,0
46559,52,50,2,2
46560,83,76,7,7
46561,123,99,24,24
46562,92,82,10,10
46563,74,76,-2,2
46564,109,92,17,17
46565,52,56,-4,4
46566,76,65,11,11
46567,116,103,13,13
46568,83,71,12,12
46569,82,75,7,7
46570,144,126,18,18
46571,35,36,-1,1
46572,155,140,15,15
46573,136,123,13,13
46574,123,110,13,13
46575,81,75,6,6
46576,66,68,-2,2
46577,131,114,17,17
46578,133,110,23,23
46579,71,69,2,2
46580,82,79,3,3
46581,82,79,3,3
46582,42,41,1,1
46583,137,141,-4,4
46584,140,149,-9,9
46585,58,61,-3,3
46586,117,97,20,20
46587,69,74,-5,5
46588,85,83,2,2
46589,52,46,6,6
46590,87,91,-4,4
46591,135,131,4,4
46592,64,64,0,0
46593,129,103,26,26
46594,190,170,20,20
46595,68,74,-6,6
46596,82,73,9,9
46597,75,71,4,4
46598,149,123,26,26
46599,84,77,7,7
46600,54,51,3,3
46601,98,89,9,9
46602,99,80,19,19
46603,125,117,8,8
46604,86,82,4,4
46605,95,85,10,10
46606,75,73,2,2
46607,80,72,8,8
46608,118,110,8,8
46609,91,79,12,12
46610,106,93,13,13
46611,85,87,-2,2
46612,153,129,24,24
46613,103,96,7,7
46614,159,144,15,15
46615,69,64,5,5
46616,166,127,39,39
46617,109,100,9,9
46618,133,114,19,19
46619,191,158,33,33
46620,113,87,26,26
46621,124,104,20,20
46622,139,123,16,16
46623,88,83,5,5
46624,43,63,-20,20
46625,71,71,0,0
46626,116,106,10,10
46627,115,100,15,15
46628,118,108,10,10
46629,62,58,4,4
46630,106,101,5,5
46631,116,122,-6,6
46632,137,119,18,18
46633,201,162,39,39
46634,53,56,-3,3
46635,73,74,-1,1
46636,46,51,-5,5
46637,90,83,7,7
46638,126,116,10,10
46639,113,108,5,5
46640,80,68,12,12
46641,102,88,14,14
46642,161,139,22,22
46643,103,98,5,5
46644,119,122,-3,3
46645,54,62,-8,8
46646,159,136,23,23
46647,87,76,11,11
46648,59,52,7,7
46649,59,63,-4,4
46650,90,83,7,7
46651,59,62,-3,3
46652,104,92,12,12
46653,131,125,6,6
46654,60,58,2,2
46655,68,60,8,8
46656,86,79,7,7
46657,88,79,9,9
46658,146,134,12,12
46659,62,61,1,1
46660,152,137,15,15
46661,104,95,9,9
46662,67,64,3,3
46663,102,97,5,5
46664,96,93,3,3
46665,99,102,-3,3
46666,99,96,3,3
46667,76,74,2,2
46668,97,93,4,4
46669,83,83,0,0
46670,112,109,3,3
46671,63,62,1,1
46672,136,131,5,5
46673,74,72,2,2
46674,172,139,33,33
46675,136,110,26,26
46676,120,117,3,3
46677,116,109,7,7
46678,126,110,16,16
46679,114,99,15,15
46680,72,72,0,0
46681,104,96,8,8
46682,147,139,8,8
46683,103,97,6,6
46684,81,67,14,14
46685,80,77,3,3
46686,101,93,8,8
46687,125,102,23,23
46688,92,74,18,18
46689,84,78,6,6
46690,80,101,-21,21
46691,150,133,17,17
46692,61,61,0,0
46693,112,101,11,11
46694,112,97,15,15
46695,67,57,10,10
46696,137,121,16,16
46697,58,59,-1,1
46698,105,95,10,10
46699,88,88,0,0
46700,76,69,7,7
46701,88,79,9,9
46702,108,105,3,3
46703,97,87,10,10
46704,141,130,11,11
46705,64,74,-10,10
46706,51,57,-6,6
46707,101,85,16,16
46708,158,144,14,14
46709,97,91,6,6
46710,79,79,0,0
46711,69,64,5,5
46712,97,98,-1,1
46713,90,84,6,6
46714,85,87,-2,2
46715,90,83,7,7
46716,120,107,13,13
46717,61,61,0,0
46718,145,134,11,11
46719,77,73,4,4
46720,49,55,-6,6
46721,81,78,3,3
46722,70,67,3,3
46723,107,92,15,15
46724,87,79,8,8
46725,66,64,2,2
46726,108,100,8,8
46727,86,77,9,9
46728,68,67,1,1
46729,84,71,13,13
46730,72,70,2,2
46731,67,69,-2,2
46732,73,69,4,4
46733,81,76,5,5
46734,65,55,10,10
46735,130,104,26,26
46736,47,44,3,3
46737,117,109,8,8
46738,141,114,27,27
46739,204,163,41,41
46740,85,79,6,6
46741,116,114,2,2
46742,118,103,15,15
46743,110,103,7,7
46744,100,89,11,11
46745,93,86,7,7
46746,53,51,2,2
46747,86,74,12,12
46748,70,66,4,4
46749,80,76,4,4
46750,146,136,10,10
46751,72,70,2,2
46752,154,138,16,16
46753,206,181,25,25
46754,72,76,-4,4
46755,141,125,16,16
46756,83,97,-14,14
46757,141,133,8,8
46758,97,99,-2,2
46759,137,120,17,17
46760,124,114,10,10
46761,84,80,4,4
46762,102,109,-7,7
46763,22,52,-30,30
46764,97,93,4,4
46765,59,57,2,2
46766,124,120,4,4
46767,198,179,19,19
46768,93,78,15,15
46769,96,88,8,8
46770,99,86,13,13
46771,191,144,47,47
46772,88,78,10,10
46773,88,79,9,9
46774,114,103,11,11
46775,85,88,-3,3
46776,85,70,15,15
46777,63,65,-2,2
46778,129,102,27,27
46779,142,134,8,8
46780,66,72,-6,6
46781,64,61,3,3
46782,72,63,9,9
46783,143,134,9,9
46784,73,66,7,7
46785,92,88,4,4
46786,80,80,0,0
46787,123,111,12,12
46788,67,67,0,0
46789,87,97,-10,10
46790,81,62,19,19
46791,77,96,-19,19
46792,70,64,6,6
46793,120,112,8,8
46794,119,112,7,7
46795,116,110,6,6
46796,193,175,18,18
46797,90,88,2,2
46798,113,119,-6,6
46799,109,96,13,13
46800,85,83,2,2
46801,63,63,0,0
46802,56,55,1,1
46803,131,126,5,5
46804,108,100,8,8
46805,58,58,0,0
46806,57,61,-4,4
46807,98,110,-12,12
46808,86,97,-11,11
46809,60,59,1,1
46810,54,61,-7,7
46811,160,135,25,25
46812,91,97,-6,6
46813,179,134,45,45
46814,68,81,-13,13
46815,143,129,14,14
46816,86,72,14,14
46817,115,111,4,4
46818,139,113,26,26
46819,95,89,6,6
46820,66,75,-9,9
46821,66,62,4,4
46822,143,130,13,13
46823,87,79,8,8
46824,85,86,-1,1
46825,77,78,-1,1
46826,77,67,10,10
46827,91,79,12,12
46828,80,76,4,4
46829,23,31,-8,8
46830,92,85,7,7
46831,109,94,15,15
46832,115,101,14,14
46833,93,89,4,4
46834,67,68,-1,1
46835,150,135,15,15
46836,78,65,13,13
46837,159,147,12,12
46838,124,103,21,21
46839,93,97,-4,4
46840,133,127,6,6
46841,79,78,1,1
46842,62,63,-1,1
46843,73,68,5,5
46844,66,62,4,4
46845,69,63,6,6
46846,146,149,-3,3
46847,73,62,11,11
46848,91,95,-4,4
46849,67,64,3,3
46850,80,92,-12,12
46851,96,85,11,11
46852,75,67,8,8
46853,72,76,-4,4
46854,87,80,7,7
46855,93,78,15,15
46856,115,100,15,15
46857,142,125,17,17
46858,168,130,38,38
46859,149,128,21,21
46860,91,83,8,8
46861,69,72,-3,3
46862,112,102,10,10
46863,83,75,8,8
46864,63,54,9,9
46865,84,81,3,3
46866,113,97,16,16
46867,98,90,8,8
46868,174,159,15,15
46869,103,90,13,13
46870,32,73,-41,41
46871,126,118,8,8
46872,132,123,9,9
46873,49,51,-2,2
46874,107,99,8,8
46875,121,122,-1,1
46876,132,115,17,17
46877,75,70,5,5
46878,71,71,0,0
46879,69,74,-5,5
46880,158,138,20,20
46881,73,68,5,5
46882,146,122,24,24
46883,49,58,-9,9
46884,124,116,8,8
46885,71,66,5,5
46886,43,42,1,1
46887,94,93,1,1
46888,120,121,-1,1
46889,107,97,10,10
46890,83,73,10,10
46891,111,100,11,11
46892,79,77,2,2
46893,93,92,1,1
46894,130,121,9,9
46895,119,104,15,15
46896,80,71,9,9
46897,80,70,10,10
46898,76,71,5,5
46899,101,97,4,4
46900,131,118,13,13
46901,91,89,2,2
46902,81,83,-2,2
46903,102,97,5,5
46904,108,86,22,22
46905,79,74,5,5
46906,121,104,17,17
46907,135,127,8,8
46908,68,77,-9,9
46909,104,103,1,1
46910,44,41,3,3
46911,103,101,2,2
46912,136,130,6,6
46913,107,85,22,22
46914,78,85,-7,7
46915,75,72,3,3
46916,37,36,1,1
46917,24,31,-7,7
46918,166,151,15,15
46919,134,117,17,17
46920,116,106,10,10
46921,85,80,5,5
46922,130,120,10,10
46923,150,129,21,21
46924,103,85,18,18
46925,92,84,8,8
46926,127,123,4,4
46927,72,70,2,2
46928,95,95,0,0
46929,56,56,0,0
46930,170,139,31,31
46931,106,91,15,15
46932,78,76,2,2
46933,135,128,7,7
46934,113,99,14,14
46935,191,167,24,24
46936,61,65,-4,4
46937,95,80,15,15
46938,119,109,10,10
46939,114,96,18,18
46940,88,80,8,8
46941,71,67,4,4
46942,76,71,5,5
46943,50,56,-6,6
46944,69,63,6,6
46945,51,73,-22,22
46946,74,79,-5,5
46947,79,72,7,7
46948,74,80,-6,6
46949,113,110,3,3
46950,99,101,-2,2
46951,86,82,4,4
46952,91,82,9,9
46953,83,90,-7,7
46954,106,94,12,12
46955,66,62,4,4
46956,74,67,7,7
46957,78,72,6,6
46958,101,94,7,7
46959,78,81,-3,3
46960,91,96,-5,5
46961,94,93,1,1
46962,86,82,4,4
46963,64,65,-1,1
46964,98,76,22,22
46965,100,104,-4,4
46966,148,126,22,22
46967,96,99,-3,3
46968,135,111,24,24
46969,123,128,-5,5
46970,65,63,2,2
46971,86,76,10,10
46972,86,78,8,8
46973,93,87,6,6
46974,106,98,8,8
46975,122,106,16,16
46976,75,81,-6,6
46977,86,80,6,6
46978,51,51,0,0
46979,56,57,-1,1
46980,125,122,3,3
46981,92,82,10,10
46982,108,110,-2,2
46983,151,133,18,18
46984,83,80,3,3
46985,66,69,-3,3
46986,138,118,20,20
46987,120,113,7,7
46988,79,69,10,10
46989,86,86,0,0
46990,163,152,11,11
46991,112,105,7,7
46992,98,85,13,13
46993,40,66,-26,26
46994,85,86,-1,1
46995,73,75,-2,2
46996,84,88,-4,4
46997,127,121,6,6
46998,113,97,16,16
46999,116,103,13,13
47000,91,89,2,2
47001,91,73,18,18
47002,50,53,-3,3
47003,78,77,1,1
47004,90,87,3,3
47005,125,112,13,13
47006,84,84,0,0
47007,79,71,8,8
47008,69,66,3,3
47009,115,94,21,21
47010,227,219,8,8
47011,107,103,4,4
47012,136,145,-9,9
47013,88,81,7,7
47014,117,109,8,8
47015,81,82,-1,1
47016,150,133,17,17
47017,101,112,-11,11
47018,169,150,19,19
47019,75,75,0,0
47020,146,139,7,7
47021,96,86,10,10
47022,66,66,0,0
47023,73,68,5,5
47024,85,88,-3,3
47025,104,85,19,19
47026,53,56,-3,3
47027,148,143,5,5
47028,119,102,17,17
47029,45,40,5,5
47030,72,69,3,3
47031,126,116,10,10
47032,64,60,4,4
47033,119,112,7,7
47034,89,89,0,0
47035,139,127,12,12
47036,111,109,2,2
47037,100,97,3,3
47038,82,79,3,3
47039,138,124,14,14
47040,47,49,-2,2
47041,167,138,29,29
47042,63,61,2,2
47043,118,106,12,12
47044,201,183,18,18
47045,82,85,-3,3
47046,91,90,1,1
47047,81,77,4,4
47048,91,81,10,10
47049,119,102,17,17
47050,88,76,12,12
47051,76,74,2,2
47052,86,82,4,4
47053,47,51,-4,4
47054,134,120,14,14
47055,96,90,6,6
47056,82,77,5,5
47057,82,74,8,8
47058,89,84,5,5
47059,99,98,1,1
47060,93,91,2,2
47061,87,83,4,4
47062,62,70,-8,8
47063,58,55,3,3
47064,82,79,3,3
47065,142,134,8,8
47066,101,90,11,11
47067,127,110,17,17
47068,46,50,-4,4
47069,116,102,14,14
47070,54,61,-7,7
47071,71,66,5,5
47072,121,129,-8,8
47073,80,77,3,3
47074,86,80,6,6
47075,119,106,13,13
47076,71,73,-2,2
47077,171,148,23,23
47078,126,105,21,21
47079,57,54,3,3
47080,99,94,5,5
47081,55,62,-7,7
47082,77,75,2,2
47083,110,97,13,13
47084,77,96,-19,19
47085,111,101,10,10
47086,164,152,12,12
47087,104,90,14,14
47088,85,80,5,5
47089,75,73,2,2
47090,119,102,17,17
47091,82,78,4,4
47092,122,103,19,19
47093,111,102,9,9
47094,102,90,12,12
47095,54,51,3,3
47096,96,88,8,8
47097,65,66,-1,1
47098,135,124,11,11
47099,79,72,7,7
47100,92,75,17,17
47101,56,57,-1,1
47102,109,89,20,20
47103,124,113,11,11
47104,65,68,-3,3
47105,84,80,4,4
47106,107,96,11,11
47107,114,101,13,13
47108,92,77,15,15
47109,129,115,14,14
47110,159,140,19,19
47111,80,79,1,1
47112,106,98,8,8
47113,76,74,2,2
47114,81,85,-4,4
47115,115,107,8,8
47116,89,92,-3,3
47117,66,69,-3,3
47118,49,53,-4,4
47119,74,67,7,7
47120,77,67,10,10
47121,98,88,10,10
47122,181,153,28,28
47123,65,65,0,0
47124,125,113,12,12
47125,120,116,4,4
47126,92,79,13,13
47127,125,109,16,16
47128,97,89,8,8
47129,113,94,19,19
47130,69,71,-2,2
47131,41,46,-5,5
47132,112,104,8,8
47133,93,79,14,14
47134,77,71,6,6
47135,114,117,-3,3
47136,90,84,6,6
47137,119,116,3,3
47138,85,90,-5,5
47139,99,101,-2,2
47140,113,85,28,28
47141,112,109,3,3
47142,43,49,-6,6
47143,73,68,5,5
47144,149,136,13,13
47145,72,71,1,1
47146,62,65,-3,3
47147,74,71,3,3
47148,197,169,28,28
47149,93,94,-1,1
47150,103,74,29,29
47151,96,86,10,10
47152,191,154,37,37
47153,116,105,11,11
47154,75,70,5,5
47155,99,99,0,0
47156,94,80,14,14
47157,124,119,5,5
47158,83,77,6,6
47159,131,115,16,16
47160,108,89,19,19
47161,108,111,-3,3
47162,77,72,5,5
47163,77,63,14,14
47164,126,111,15,15
47165,59,71,-12,12
47166,101,103,-2,2
47167,121,110,11,11
47168,116,111,5,5
47169,124,107,17,17
47170,69,59,10,10
47171,160,139,21,21
47172,67,70,-3,3
47173,111,109,2,2
47174,80,96,-16,16
47175,44,48,-4,4
47176,89,82,7,7
47177,92,83,9,9
47178,105,103,2,2
47179,113,95,18,18
47180,83,79,4,4
47181,54,51,3,3
47182,47,51,-4,4
47183,105,92,13,13
47184,65,61,4,4
47185,118,102,16,16
47186,115,97,18,18
47187,92,92,0,0
47188,69,58,11,11
47189,42,47,-5,5
47190,64,57,7,7
47191,119,115,4,4
47192,142,120,22,22
47193,117,102,15,15
47194,67,72,-5,5
47195,157,135,22,22
47196,57,60,-3,3
47197,122,101,21,21
47198,84,72,12,12
47199,112,105,7,7
47200,96,92,4,4
47201,75,66,9,9
47202,86,81,5,5
47203,168,141,27,27
47204,128,105,23,23
47205,111,108,3,3
47206,95,91,4,4
47207,74,80,-6,6
47208,101,84,17,17
47209,69,62,7,7
47210,160,147,13,13
47211,139,118,21,21
47212,24,58,-34,34
47213,89,78,11,11
47214,102,96,6,6
47215,49,51,-2,2
47216,94,98,-4,4
47217,76,67,9,9
47218,170,140,30,30
47219,158,142,16,16
47220,31,74,-43,43
47221,66,67,-1,1
47222,106,86,20,20
47223,60,67,-7,7
47224,77,76,1,1
47225,68,64,4,4
47226,129,117,12,12
47227,60,57,3,3
47228,106,100,6,6
47229,64,60,4,4
47230,67,66,1,1
47231,85,82,3,3
47232,79,67,12,12
47233,175,153,22,22
47234,20,57,-37,37
47235,169,140,29,29
47236,90,88,2,2
47237,74,71,3,3
47238,68,77,-9,9
47239,52,56,-4,4
47240,81,82,-1,1
47241,106,104,2,2
47242,113,107,6,6
47243,64,65,-1,1
47244,98,94,4,4
47245,120,112,8,8
47246,85,76,9,9
47247,70,61,9,9
47248,121,109,12,12
47249,132,114,18,18
47250,50,47,3,3
47251,68,74,-6,6
47252,55,54,1,1
47253,122,106,16,16
47254,107,90,17,17
47255,69,70,-1,1
47256,115,103,12,12
47257,118,106,12,12
47258,184,195,-11,11
47259,78,84,-6,6
47260,47,51,-4,4
47261,65,64,1,1
47262,109,90,19,19
47263,89,76,13,13
47264,141,132,9,9
47265,68,84,-16,16
47266,167,137,30,30
47267,68,72,-4,4
47268,86,86,0,0
47269,93,85,8,8
47270,91,83,8,8
47271,65,68,-3,3
47272,132,123,9,9
47273,91,87,4,4
47274,71,62,9,9
47275,71,62,9,9
47276,120,112,8,8
47277,118,103,15,15
47278,117,109,8,8
47279,157,145,12,12
47280,73,74,-1,1
47281,108,102,6,6
47282,82,68,14,14
47283,122,108,14,14
47284,143,135,8,8
47285,172,148,24,24
47286,76,60,16,16
47287,130,125,5,5
47288,61,57,4,4
47289,65,68,-3,3
47290,128,110,18,18
47291,98,90,8,8
47292,161,155,6,6
47293,56,53,3,3
47294,97,122,-25,25
47295,176,178,-2,2
47296,125,113,12,12
47297,115,102,13,13
47298,81,79,2,2
47299,103,94,9,9
47300,53,55,-2,2
47301,173,155,18,18
47302,132,115,17,17
47303,129,112,17,17
47304,120,110,10,10
47305,123,104,19,19
47306,203,152,51,51
47307,59,51,8,8
47308,67,66,1,1
47309,132,113,19,19
47310,182,151,31,31
47311,143,135,8,8
47312,97,81,16,16
47313,91,81,10,10
47314,96,99,-3,3
47315,91,84,7,7
47316,87,76,11,11
47317,143,139,4,4
47318,65,54,11,11
47319,78,66,12,12
47320,78,73,5,5
47321,140,130,10,10
47322,93,89,4,4
47323,52,53,-1,1
47324,95,96,-1,1
47325,96,82,14,14
47326,72,70,2,2
47327,113,107,6,6
47328,97,86,11,11
47329,77,74,3,3
47330,71,69,2,2
47331,58,57,1,1
47332,72,68,4,4
47333,210,169,41,41
47334,97,84,13,13
47335,141,134,7,7
47336,130,121,9,9
47337,105,99,6,6
47338,66,71,-5,5
47339,78,82,-4,4
47340,96,93,3,3
47341,120,109,11,11
47342,57,61,-4,4
47343,162,145,17,17
47344,134,127,7,7
47345,161,140,21,21
47346,171,157,14,14
47347,91,91,0,0
47348,46,50,-4,4
47349,128,111,17,17
47350,113,94,19,19
47351,96,86,10,10
47352,55,50,5,5
47353,101,97,4,4
47354,146,129,17,17
47355,83,111,-28,28
47356,41,43,-2,2
47357,117,108,9,9
47358,118,113,5,5
47359,89,87,2,2
47360,88,83,5,5
47361,37,34,3,3
47362,68,68,0,0
47363,53,47,6,6
47364,106,95,11,11
47365,125,109,16,16
47366,79,75,4,4
47367,100,89,11,11
47368,99,100,-1,1
47369,99,95,4,4
47370,130,113,17,17
47371,75,79,-4,4
47372,101,89,12,12
47373,90,85,5,5
47374,154,130,24,24
47375,116,104,12,12
47376,60,68,-8,8
47377,144,135,9,9
47378,75,71,4,4
47379,110,99,11,11
47380,124,117,7,7
47381,79,85,-6,6
47382,38,44,-6,6
47383,90,83,7,7
47384,84,73,11,11
47385,76,76,0,0
47386,88,86,2,2
47387,124,117,7,7
47388,76,77,-1,1
47389,84,76,8,8
47390,75,73,2,2
47391,78,74,4,4
47392,48,52,-4,4
47393,70,75,-5,5
47394,125,108,17,17
47395,129,121,8,8
47396,75,68,7,7
47397,91,96,-5,5
47398,108,100,8,8
47399,100,87,13,13
47400,56,64,-8,8
47401,140,119,21,21
47402,62,56,6,6
47403,224,170,54,54
47404,109,107,2,2
47405,159,147,12,12
47406,90,87,3,3
47407,125,111,14,14
47408,96,92,4,4
47409,74,84,-10,10
47410,109,107,2,2
47411,84,79,5,5
47412,50,50,0,0
47413,146,129,17,17
47414,116,98,18,18
47415,93,82,11,11
47416,92,80,12,12
47417,72,64,8,8
47418,159,129,30,30
47419,79,72,7,7
47420,117,102,15,15
47421,92,78,14,14
47422,102,94,8,8
47423,61,63,-2,2
47424,55,51,4,4
47425,91,73,18,18
47426,94,83,11,11
47427,64,63,1,1
47428,121,108,13,13
47429,50,50,0,0
47430,91,82,9,9
47431,87,82,5,5
47432,100,89,11,11
47433,60,57,3,3
47434,139,129,10,10
47435,77,72,5,5
47436,54,57,-3,3
47437,117,90,27,27
47438,105,109,-4,4
47439,105,93,12,12
47440,78,75,3,3
47441,108,91,17,17
47442,111,113,-2,2
47443,112,108,4,4
47444,69,65,4,4
47445,100,100,0,0
47446,96,89,7,7
47447,31,48,-17,17
47448,75,67,8,8
47449,68,68,0,0
47450,53,55,-2,2
47451,63,64,-1,1
47452,85,75,10,10
47453,126,118,8,8
47454,107,100,7,7
47455,130,115,15,15
47456,65,62,3,3
47457,73,69,4,4
47458,107,102,5,5
47459,121,111,10,10
47460,99,94,5,5
47461,92,91,1,1
47462,170,154,16,16
47463,85,69,16,16
47464,142,127,15,15
47465,86,80,6,6
47466,63,62,1,1
47467,121,104,17,17
47468,84,87,-3,3
47469,66,61,5,5
47470,60,60,0,0
47471,68,59,9,9
47472,113,117,-4,4
47473,101,95,6,6
47474,48,55,-7,7
47475,154,141,13,13
47476,160,140,20,20
47477,102,87,15,15
47478,94,89,5,5
47479,84,76,8,8
47480,107,106,1,1
47481,66,66,0,0
47482,87,86,1,1
47483,84,71,13,13
47484,86,86,0,0
47485,101,60,41,41
47486,83,76,7,7
47487,70,58,12,12
47488,104,87,17,17
47489,78,70,8,8
47490,69,65,4,4
47491,172,148,24,24
47492,66,71,-5,5
47493,96,86,10,10
47494,73,71,2,2
47495,122,121,1,1
47496,66,73,-7,7
47497,78,76,2,2
47498,70,118,-48,48
47499,62,66,-4,4
47500,64,61,3,3
47501,189,160,29,29
47502,101,94,7,7
47503,83,78,5,5
47504,88,76,12,12
47505,108,95,13,13
47506,109,99,10,10
47507,50,46,4,4
47508,100,90,10,10
47509,98,88,10,10
47510,74,64,10,10
47511,151,125,26,26
47512,67,67,0,0
47513,145,126,19,19
47514,99,92,7,7
47515,79,75,4,4
47516,66,69,-3,3
47517,87,75,12,12
47518,104,87,17,17
47519,75,67,8,8
47520,81,68,13,13
47521,79,81,-2,2
47522,82,75,7,7
47523,202,166,36,36
47524,64,59,5,5
47525,142,127,15,15
47526,77,78,-1,1
47527,95,103,-8,8
47528,127,119,8,8
47529,89,89,0,0
47530,136,131,5,5
47531,63,68,-5,5
47532,123,109,14,14
47533,113,101,12,12
47534,98,90,8,8
47535,136,113,23,23
47536,124,110,14,14
47537,124,111,13,13
47538,162,138,24,24
47539,81,88,-7,7
47540,93,88,5,5
47541,83,83,0,0
47542,127,105,22,22
47543,60,55,5,5
47544,83,81,2,2
47545,60,60,0,0
47546,103,103,0,0
47547,93,76,17,17
47548,78,73,5,5
47549,97,87,10,10
47550,73,67,6,6
47551,128,112,16,16
47552,92,91,1,1
47553,37,39,-2,2
47554,154,139,15,15
47555,60,64,-4,4
47556,94,84,10,10
47557,103,94,9,9
47558,72,71,1,1
47559,65,69,-4,4
47560,85,84,1,1
47561,111,100,11,11
47562,88,86,2,2
47563,110,94,16,16
47564,102,92,10,10
47565,59,57,2,2
47566,89,77,12,12
47567,113,93,20,20
47568,65,69,-4,4
47569,148,132,16,16
47570,83,79,4,4
47571,81,76,5,5
47572,88,81,7,7
47573,67,69,-2,2
47574,44,50,-6,6
47575,98,95,3,3
47576,89,83,6,6
47577,85,81,4,4
47578,165,137,28,28
47579,58,65,-7,7
47580,118,103,15,15
47581,138,110,28,28
47582,85,76,9,9
47583,77,75,2,2
47584,58,58,0,0
47585,78,71,7,7
47586,94,101,-7,7
47587,51,53,-2,2
47588,109,108,1,1
47589,72,75,-3,3
47590,71,67,4,4
47591,83,87,-4,4
47592,97,89,8,8
47593,81,78,3,3
47594,192,188,4,4
47595,152,132,20,20
47596,101,94,7,7
47597,65,56,9,9
47598,77,76,1,1
47599,130,112,18,18
47600,124,92,32,32
47601,89,87,2,2
47602,105,106,-1,1
47603,85,77,8,8
47604,147,135,12,12
47605,108,111,-3,3
47606,86,81,5,5
47607,66,69,-3,3
47608,62,61,1,1
47609,74,65,9,9
47610,144,114,30,30
47611,77,71,6,6
47612,53,47,6,6
47613,81,71,10,10
47614,121,109,12,12
47615,71,65,6,6
47616,75,65,10,10
47617,105,90,15,15
47618,98,96,2,2
47619,133,126,7,7
47620,115,109,6,6
47621,56,54,2,2
47622,139,123,16,16
47623,108,103,5,5
47624,207,170,37,37
47625,43,55,-12,12
47626,135,118,17,17
47627,122,113,9,9
47628,61,65,-4,4
47629,97,84,13,13
47630,77,69,8,8
47631,123,98,25,25
47632,59,61,-2,2
47633,113,110,3,3
47634,125,112,13,13
47635,88,83,5,5
47636,72,64,8,8
47637,137,127,10,10
47638,113,97,16,16
47639,112,97,15,15
47640,60,63,-3,3
47641,106,99,7,7
47642,143,131,12,12
47643,91,87,4,4
47644,95,85,10,10
47645,155,127,28,28
47646,106,101,5,5
47647,103,110,-7,7
47648,142,119,23,23
47649,76,72,4,4
47650,115,113,2,2
47651,96,111,-15,15
47652,103,88,15,15
47653,106,102,4,4
47654,67,64,3,3
47655,100,92,8,8
47656,103,86,17,17
47657,72,72,0,0
47658,142,126,16,16
47659,32,51,-19,19
47660,137,130,7,7
47661,57,62,-5,5
47662,69,70,-1,1
47663,47,51,-4,4
47664,82,72,10,10
47665,113,97,16,16
47666,81,82,-1,1
47667,96,90,6,6
47668,67,61,6,6
47669,138,120,18,18
47670,73,67,6,6
47671,62,74,-12,12
47672,45,51,-6,6
47673,106,95,11,11
47674,65,62,3,3
47675,79,75,4,4
47676,109,108,1,1
47677,147,128,19,19
47678,67,63,4,4
47679,94,85,9,9
47680,73,70,3,3
47681,57,63,-6,6
47682,124,105,19,19
47683,68,73,-5,5
47684,89,81,8,8
47685,105,89,16,16
47686,64,71,-7,7
47687,78,80,-2,2
47688,108,93,15,15
47689,171,153,18,18
47690,92,78,14,14
47691,63,61,2,2
47692,66,69,-3,3
47693,85,84,1,1
47694,134,121,13,13
47695,73,70,3,3
47696,85,79,6,6
47697,81,75,6,6
47698,119,108,11,11
47699,64,57,7,7
47700,73,68,5,5
47701,120,101,19,19
47702,122,108,14,14
47703,97,96,1,1
47704,69,70,-1,1
47705,88,82,6,6
47706,86,83,3,3
47707,87,81,6,6
47708,152,131,21,21
47709,65,63,2,2
47710,37,46,-9,9
47711,125,103,22,22
47712,117,118,-1,1
47713,72,69,3,3
47714,120,125,-5,5
47715,67,65,2,2
47716,147,131,16,16
47717,142,124,18,18
47718,111,96,15,15
47719,104,97,7,7
47720,90,78,12,12
47721,76,72,4,4
47722,82,69,13,13
47723,122,90,32,32
47724,176,153,23,23
47725,97,75,22,22
47726,84,80,4,4
47727,94,86,8,8
47728,175,163,12,12
47729,90,88,2,2
47730,62,62,0,0
47731,116,99,17,17
47732,137,123,14,14
47733,141,124,17,17
47734,96,96,0,0
47735,99,90,9,9
47736,66,57,9,9
47737,183,165,18,18
47738,64,59,5,5
47739,137,134,3,3
47740,51,53,-2,2
47741,35,39,-4,4
47742,137,116,21,21
47743,151,141,10,10
47744,115,105,10,10
47745,94,84,10,10
47746,42,42,0,0
47747,57,63,-6,6
47748,102,100,2,2
47749,59,59,0,0
47750,73,81,-8,8
47751,80,75,5,5
47752,102,102,0,0
47753,111,102,9,9
47754,150,137,13,13
47755,149,128,21,21
47756,129,111,18,18
47757,35,53,-18,18
47758,50,54,-4,4
47759,85,73,12,12
47760,90,81,9,9
47761,129,107,22,22
47762,111,105,6,6
47763,80,83,-3,3
47764,165,157,8,8
47765,69,67,2,2
47766,132,112,20,20
47767,145,126,19,19
47768,51,51,0,0
47769,152,128,24,24
47770,64,61,3,3
47771,168,142,26,26
47772,100,98,2,2
47773,72,62,10,10
47774,86,83,3,3
47775,67,71,-4,4
47776,71,69,2,2
47777,156,141,15,15
47778,92,82,10,10
47779,93,90,3,3
47780,95,93,2,2
47781,113,103,10,10
47782,105,93,12,12
47783,77,79,-2,2
47784,96,99,-3,3
47785,103,100,3,3
47786,76,86,-10,10
47787,77,68,9,9
47788,103,88,15,15
47789,80,76,4,4
47790,72,73,-1,1
47791,98,92,6,6
47792,94,80,14,14
47793,145,140,5,5
47794,57,51,6,6
47795,95,83,12,12
47796,97,74,23,23
47797,160,134,26,26
47798,161,143,18,18
47799,71,65,6,6
47800,95,83,12,12
47801,100,93,7,7
47802,57,49,8,8
47803,96,89,7,7
47804,70,66,4,4
47805,51,77,-26,26
47806,70,66,4,4
47807,27,31,-4,4
47808,93,80,13,13
47809,110,100,10,10
47810,128,113,15,15
47811,146,139,7,7
47812,81,67,14,14
47813,100,88,12,12
47814,77,66,11,11
47815,57,57,0,0
47816,110,98,12,12
47817,90,88,2,2
47818,105,104,1,1
47819,91,78,13,13
47820,158,140,18,18
47821,79,69,10,10
47822,52,51,1,1
47823,86,78,8,8
47824,100,92,8,8
47825,65,64,1,1
47826,116,102,14,14
47827,75,65,10,10
47828,95,85,10,10
47829,71,72,-1,1
47830,87,87,0,0
47831,79,64,15,15
47832,77,74,3,3
47833,55,57,-2,2
47834,94,87,7,7
47835,99,92,7,7
47836,98,93,5,5
47837,95,101,-6,6
47838,123,116,7,7
47839,76,84,-8,8
47840,157,149,8,8
47841,75,74,1,1
47842,114,104,10,10
47843,47,42,5,5
47844,110,98,12,12
47845,122,106,16,16
47846,89,94,-5,5
47847,65,65,0,0
47848,63,65,-2,2
47849,140,120,20,20
47850,101,95,6,6
47851,132,119,13,13
47852,175,167,8,8
47853,79,73,6,6
47854,97,87,10,10
47855,108,89,19,19
47856,76,66,10,10
47857,80,71,9,9
47858,114,97,17,17
47859,160,153,7,7
47860,101,87,14,14
47861,143,121,22,22
47862,40,43,-3,3
47863,151,132,19,19
47864,111,115,-4,4
47865,105,112,-7,7
47866,93,83,10,10
47867,121,115,6,6
47868,162,143,19,19
47869,91,94,-3,3
47870,86,81,5,5
47871,133,128,5,5
47872,69,70,-1,1
47873,110,104,6,6
47874,76,67,9,9
47875,70,72,-2,2
47876,129,102,27,27
47877,105,92,13,13
47878,118,107,11,11
47879,51,54,-3,3
47880,155,135,20,20
47881,80,75,5,5
47882,91,99,-8,8
47883,87,79,8,8
47884,61,70,-9,9
47885,65,63,2,2
47886,85,82,3,3
47887,89,81,8,8
47888,62,57,5,5
47889,85,85,0,0
47890,65,71,-6,6
47891,127,112,15,15
47892,94,90,4,4
47893,106,99,7,7
47894,72,66,6,6
47895,115,104,11,11
47896,100,86,14,14
47897,56,52,4,4
47898,78,82,-4,4
47899,100,94,6,6
47900,94,87,7,7
47901,104,92,12,12
47902,76,82,-6,6
47903,100,89,11,11
47904,114,98,16,16
47905,94,79,15,15
47906,92,86,6,6
47907,51,51,0,0
47908,129,119,10,10
47909,30,39,-9,9
47910,91,95,-4,4
47911,72,72,0,0
47912,99,93,6,6
47913,59,56,3,3
47914,103,90,13,13
47915,140,113,27,27
47916,71,70,1,1
47917,77,74,3,3
47918,108,102,6,6
47919,87,72,15,15
47920,150,138,12,12
47921,108,106,2,2
47922,78,69,9,9
47923,143,126,17,17
47924,109,110,-1,1
47925,81,79,2,2
47926,82,83,-1,1
47927,46,44,2,2
47928,142,120,22,22
47929,54,54,0,0
47930,89,91,-2,2
47931,53,51,2,2
47932,73,66,7,7
47933,74,68,6,6
47934,43,40,3,3
47935,89,83,6,6
47936,71,73,-2,2
47937,62,72,-10,10
47938,59,63,-4,4
47939,114,100,14,14
47940,56,54,2,2
47941,94,90,4,4
47942,102,102,0,0
47943,112,99,13,13
47944,75,73,2,2
47945,77,83,-6,6
47946,124,113,11,11
47947,128,109,19,19
47948,70,73,-3,3
47949,84,126,-42,42
47950,151,129,22,22
47951,113,98,15,15
47952,85,77,8,8
47953,82,97,-15,15
47954,163,150,13,13
47955,124,124,0,0
47956,80,72,8,8
47957,122,135,-13,13
47958,88,74,14,14
47959,66,61,5,5
47960,83,79,4,4
47961,118,104,14,14
47962,57,55,2,2
47963,66,69,-3,3
47964,108,98,10,10
47965,93,93,0,0
47966,51,51,0,0
47967,171,148,23,23
47968,114,96,18,18
47969,45,49,-4,4
47970,86,78,8,8
47971,62,67,-5,5
47972,67,66,1,1
47973,76,75,1,1
47974,108,104,4,4
47975,100,110,-10,10
47976,139,124,15,15
47977,115,106,9,9
47978,144,107,37,37
47979,90,76,14,14
47980,91,76,15,15
47981,75,75,0,0
47982,135,120,15,15
47983,67,72,-5,5
47984,117,96,21,21
47985,127,107,20,20
47986,59,54,5,5
47987,48,52,-4,4
47988,69,65,4,4
47989,93,79,14,14
47990,123,116,7,7
47991,131,131,0,0
47992,105,95,10,10
47993,121,116,5,5
47994,111,106,5,5
47995,43,44,-1,1
47996,131,115,16,16
47997,133,112,21,21
47998,74,69,5,5
47999,154,125,29,29
48000,36,41,-5,5
48001,83,85,-2,2
48002,114,108,6,6
48003,115,100,15,15
48004,117,104,13,13
48005,129,115,14,14
48006,119,107,12,12
48007,65,65,0,0
48008,88,85,3,3
48009,80,69,11,11
48010,43,41,2,2
48011,68,68,0,0
48012,157,135,22,22
48013,104,98,6,6
48014,56,52,4,4
48015,52,59,-7,7
48016,115,103,12,12
48017,64,59,5,5
48018,139,127,12,12
48019,58,55,3,3
48020,105,100,5,5
48021,196,176,20,20
48022,117,98,19,19
48023,108,86,22,22
48024,109,113,-4,4
48025,53,51,2,2
48026,97,82,15,15
48027,89,87,2,2
48028,136,118,18,18
48029,156,150,6,6
48030,107,91,16,16
48031,48,44,4,4
48032,108,106,2,2
48033,151,126,25,25
48034,71,81,-10,10
48035,99,84,15,15
48036,119,94,25,25
48037,131,119,12,12
48038,72,73,-1,1
48039,112,101,11,11
48040,142,141,1,1
48041,130,117,13,13
48042,103,100,3,3
48043,136,124,12,12
48044,61,61,0,0
48045,93,83,10,10
48046,124,114,10,10
48047,44,51,-7,7
48048,166,162,4,4
48049,134,125,9,9
48050,85,78,7,7
48051,56,61,-5,5
48052,58,65,-7,7
48053,95,86,9,9
48054,113,101,12,12
48055,80,82,-2,2
48056,105,91,14,14
48057,56,51,5,5
48058,79,81,-2,2
48059,77,80,-3,3
48060,90,82,8,8
48061,68,75,-7,7
48062,65,67,-2,2
48063,95,88,7,7
48064,51,54,-3,3
48065,99,85,14,14
48066,81,67,14,14
48067,116,95,21,21
48068,72,69,3,3
48069,55,63,-8,8
48070,144,126,18,18
48071,74,75,-1,1
48072,135,128,7,7
48073,60,64,-4,4
48074,76,80,-4,4
48075,144,111,33,33
48076,141,113,28,28
48077,80,61,19,19
48078,74,77,-3,3
48079,83,77,6,6
48080,76,66,10,10
48081,100,91,9,9
48082,97,86,11,11
48083,141,111,30,30
48084,109,98,11,11
48085,87,101,-14,14
48086,104,96,8,8
48087,69,64,5,5
48088,60,66,-6,6
48089,71,72,-1,1
48090,64,64,0,0
48091,69,72,-3,3
48092,92,85,7,7
48093,93,83,10,10
48094,88,79,9,9
48095,11,31,-20,20
48096,132,112,20,20
48097,62,70,-8,8
48098,73,84,-11,11
48099,110,94,16,16
48100,84,82,2,2
48101,63,52,11,11
48102,110,104,6,6
48103,61,58,3,3
48104,81,84,-3,3
48105,107,107,0,0
48106,161,136,25,25
48107,66,60,6,6
48108,59,66,-7,7
48109,115,114,1,1
48110,113,101,12,12
48111,125,117,8,8
48112,104,97,7,7
48113,90,82,8,8
48114,84,78,6,6
48115,101,96,5,5
48116,151,128,23,23
48117,127,111,16,16
48118,102,93,9,9
48119,85,83,2,2
48120,64,65,-1,1
48121,114,107,7,7
48122,104,92,12,12
48123,99,99,0,0
48124,60,61,-1,1
48125,102,100,2,2
48126,125,113,12,12
48127,109,113,-4,4
48128,106,93,13,13
48129,91,85,6,6
48130,54,65,-11,11
48131,86,95,-9,9
48132,108,109,-1,1
48133,61,61,0,0
48134,63,77,-14,14
48135,112,103,9,9
48136,35,31,4,4
48137,86,78,8,8
48138,79,77,2,2
48139,112,104,8,8
48140,180,163,17,17
48141,94,79,15,15
48142,125,110,15,15
48143,82,74,8,8
48144,94,94,0,0
48145,83,74,9,9
48146,93,92,1,1
48147,89,86,3,3
48148,63,62,1,1
48149,120,113,7,7
48150,91,74,17,17
48151,102,117,-15,15
48152,70,73,-3,3
48153,66,59,7,7
48154,73,67,6,6
48155,122,100,22,22
48156,50,54,-4,4
48157,65,67,-2,2
48158,146,126,20,20
48159,72,73,-1,1
48160,109,93,16,16
48161,67,69,-2,2
48162,138,122,16,16
48163,78,75,3,3
48164,143,132,11,11
48165,82,75,7,7
48166,147,144,3,3
48167,115,105,10,10
48168,107,103,4,4
48169,60,62,-2,2
48170,95,82,13,13
48171,95,89,6,6
48172,39,50,-11,11
48173,75,80,-5,5
48174,61,61,0,0
48175,194,190,4,4
48176,67,70,-3,3
48177,104,90,14,14
48178,79,78,1,1
48179,57,69,-12,12
48180,45,50,-5,5
48181,66,69,-3,3
48182,70,69,1,1
48183,61,73,-12,12
48184,93,83,10,10
48185,104,97,7,7
48186,122,125,-3,3
48187,64,63,1,1
48188,68,70,-2,2
48189,132,121,11,11
48190,55,53,2,2
48191,117,108,9,9
48192,89,77,12,12
48193,83,85,-2,2
48194,94,100,-6,6
48195,59,52,7,7
48196,149,130,19,19
48197,77,78,-1,1
48198,92,90,2,2
48199,84,72,12,12
48200,71,68,3,3
48201,75,68,7,7
48202,123,107,16,16
48203,108,106,2,2
48204,90,88,2,2
48205,99,79,20,20
48206,38,41,-3,3
48207,59,64,-5,5
48208,104,93,11,11
48209,114,119,-5,5
48210,83,80,3,3
48211,182,149,33,33
48212,89,89,0,0
48213,77,64,13,13
48214,146,124,22,22
48215,74,72,2,2
48216,73,67,6,6
48217,71,67,4,4
48218,70,61,9,9
48219,139,136,3,3
48220,75,56,19,19
48221,110,119,-9,9
48222,106,100,6,6
48223,150,137,13,13
48224,132,118,14,14
48225,108,91,17,17
48226,56,59,-3,3
48227,133,121,12,12
48228,123,103,20,20
48229,58,52,6,6
48230,73,73,0,0
48231,118,101,17,17
48232,83,78,5,5
48233,66,66,0,0
48234,83,78,5,5
48235,89,85,4,4
48236,87,90,-3,3
48237,95,87,8,8
48238,57,60,-3,3
48239,124,117,7,7
48240,136,126,10,10
48241,102,94,8,8
48242,123,115,8,8
48243,53,52,1,1
48244,59,62,-3,3
48245,150,124,26,26
48246,140,120,20,20
48247,88,80,8,8
48248,140,123,17,17
48249,86,84,2,2
48250,106,94,12,12
48251,127,129,-2,2
48252,88,76,12,12
48253,99,99,0,0
48254,83,79,4,4
48255,81,78,3,3
48256,151,127,24,24
48257,144,135,9,9
48258,55,56,-1,1
48259,66,61,5,5
48260,103,93,10,10
48261,100,90,10,10
48262,76,64,12,12
48263,115,105,10,10
48264,135,117,18,18
48265,128,107,21,21
48266,163,139,24,24
48267,81,69,12,12
48268,88,80,8,8
48269,86,105,-19,19
48270,147,127,20,20
48271,179,155,24,24
48272,98,87,11,11
48273,91,82,9,9
48274,145,129,16,16
48275,53,54,-1,1
48276,122,115,7,7
48277,79,71,8,8
48278,118,122,-4,4
48279,100,81,19,19
48280,76,69,7,7
48281,148,133,15,15
48282,55,53,2,2
48283,80,76,4,4
48284,129,128,1,1
48285,52,59,-7,7
48286,108,100,8,8
48287,71,68,3,3
48288,49,48,1,1
48289,111,96,15,15
48290,97,84,13,13
48291,106,91,15,15
48292,31,35,-4,4
48293,62,57,5,5
48294,140,143,-3,3
48295,102,89,13,13
48296,68,57,11,11
48297,66,62,4,4
48298,98,93,5,5
48299,29,31,-2,2
48300,162,143,19,19
48301,68,66,2,2
48302,39,44,-5,5
48303,61,62,-1,1
48304,126,122,4,4
48305,82,67,15,15
48306,95,80,15,15
48307,86,87,-1,1
48308,91,84,7,7
48309,68,77,-9,9
48310,70,69,1,1
48311,56,49,7,7
48312,113,105,8,8
48313,83,73,10,10
48314,185,155,30,30
48315,133,119,14,14
48316,98,89,9,9
48317,47,53,-6,6
48318,86,77,9,9
48319,115,99,16,16
48320,121,108,13,13
48321,130,123,7,7
48322,116,104,12,12
48323,55,51,4,4
48324,88,82,6,6
48325,158,146,12,12
48326,208,187,21,21
48327,104,91,13,13
48328,109,100,9,9
48329,94,97,-3,3
48330,49,52,-3,3
48331,66,67,-1,1
48332,135,140,-5,5
48333,112,96,16,16
48334,75,67,8,8
48335,99,91,8,8
48336,98,94,4,4
48337,77,81,-4,4
48338,108,92,16,16
48339,81,77,4,4
48340,99,102,-3,3
48341,113,84,29,29
48342,68,72,-4,4
48343,111,113,-2,2
48344,57,61,-4,4
48345,141,116,25,25
48346,96,87,9,9
48347,57,61,-4,4
48348,86,80,6,6
48349,64,79,-15,15
48350,58,51,7,7
48351,68,65,3,3
48352,79,72,7,7
48353,128,117,11,11
48354,133,115,18,18
48355,129,128,1,1
48356,98,85,13,13
48357,126,104,22,22
48358,68,69,-1,1
48359,98,86,12,12
48360,76,62,14,14
48361,151,126,25,25
48362,143,131,12,12
48363,81,82,-1,1
48364,154,130,24,24
48365,99,94,5,5
48366,58,61,-3,3
48367,40,43,-3,3
48368,101,93,8,8
48369,88,77,11,11
48370,102,90,12,12
48371,82,73,9,9
48372,80,73,7,7
48373,77,72,5,5
48374,91,82,9,9
48375,133,122,11,11
48376,160,134,26,26
48377,137,124,13,13
48378,110,94,16,16
48379,78,71,7,7
48380,83,78,5,5
48381,68,76,-8,8
48382,85,85,0,0
48383,90,84,6,6
48384,51,53,-2,2
48385,95,87,8,8
48386,133,114,19,19
48387,63,63,0,0
48388,64,61,3,3
48389,64,56,8,8
48390,128,118,10,10
48391,94,92,2,2
48392,87,80,7,7
48393,49,54,-5,5
48394,66,60,6,6
48395,53,53,0,0
48396,99,94,5,5
48397,55,60,-5,5
48398,166,146,20,20
48399,179,155,24,24
48400,100,89,11,11
48401,97,90,7,7
48402,139,117,22,22
48403,59,58,1,1
48404,175,153,22,22
48405,123,118,5,5
48406,72,71,1,1
48407,77,82,-5,5
48408,86,73,13,13
48409,52,53,-1,1
48410,122,125,-3,3
48411,83,77,6,6
48412,109,110,-1,1
48413,123,105,18,18
48414,72,70,2,2
48415,86,78,8,8
48416,97,102,-5,5
48417,98,87,11,11
48418,98,82,16,16
48419,72,66,6,6
48420,160,133,27,27
48421,61,58,3,3
48422,91,86,5,5
48423,65,61,4,4
48424,145,127,18,18
48425,60,57,3,3
48426,125,113,12,12
48427,57,58,-1,1
48428,117,104,13,13
48429,104,93,11,11
48430,141,125,16,16
48431,65,64,1,1
48432,78,71,7,7
48433,74,71,3,3
48434,82,78,4,4
48435,83,80,3,3
48436,79,76,3,3
48437,79,77,2,2
48438,73,69,4,4
48439,154,125,29,29
48440,89,82,7,7
48441,83,84,-1,1
48442,79,73,6,6
48443,167,142,25,25
48444,103,111,-8,8
48445,89,83,6,6
48446,199,168,31,31
48447,63,70,-7,7
48448,67,58,9,9
48449,152,147,5,5
48450,98,96,2,2
48451,78,76,2,2
48452,78,73,5,5
48453,119,116,3,3
48454,93,90,3,3
48455,121,116,5,5
48456,105,85,20,20
48457,184,131,53,53
48458,60,58,2,2
48459,167,137,30,30
48460,51,57,-6,6
48461,114,112,2,2
48462,59,55,4,4
48463,98,98,0,0
48464,62,62,0,0
48465,74,61,13,13
48466,87,78,9,9
48467,84,76,8,8
48468,63,59,4,4
48469,103,87,16,16
48470,133,110,23,23
48471,125,102,23,23
48472,137,127,10,10
48473,82,71,11,11
48474,145,131,14,14
48475,111,106,5,5
48476,117,105,12,12
48477,61,57,4,4
48478,107,105,2,2
48479,127,114,13,13
48480,50,50,0,0
48481,75,67,8,8
48482,173,153,20,20
48483,162,136,26,26
48484,72,79,-7,7
48485,104,97,7,7
48486,84,74,10,10
48487,84,74,10,10
48488,99,93,6,6
48489,109,100,9,9
48490,125,118,7,7
48491,100,93,7,7
48492,108,104,4,4
48493,118,111,7,7
48494,70,74,-4,4
48495,67,53,14,14
48496,39,42,-3,3
48497,87,81,6,6
48498,71,77,-6,6
48499,65,65,0,0
48500,185,154,31,31
48501,89,80,9,9
48502,94,85,9,9
48503,68,67,1,1
48504,66,59,7,7
48505,126,112,14,14
48506,99,95,4,4
48507,100,93,7,7
48508,85,76,9,9
48509,38,43,-5,5
48510,170,150,20,20
48511,109,90,19,19
48512,90,78,12,12
48513,58,59,-1,1
48514,52,55,-3,3
48515,162,159,3,3
48516,60,61,-1,1
48517,99,87,12,12
48518,80,74,6,6
48519,82,89,-7,7
48520,112,102,10,10
48521,81,71,10,10
48522,112,119,-7,7
48523,160,139,21,21
48524,44,51,-7,7
48525,60,62,-2,2
48526,87,73,14,14
48527,66,56,10,10
48528,54,51,3,3
48529,158,126,32,32
48530,125,114,11,11
48531,61,62,-1,1
48532,179,154,25,25
48533,174,134,40,40
48534,86,96,-10,10
48535,86,90,-4,4
48536,79,93,-14,14
48537,60,57,3,3
48538,78,72,6,6
48539,128,119,9,9
48540,111,97,14,14
48541,98,91,7,7
48542,142,110,32,32
48543,65,61,4,4
48544,142,120,22,22
48545,176,160,16,16
48546,88,77,11,11
48547,165,148,17,17
48548,85,85,0,0
48549,85,75,10,10
48550,88,84,4,4
48551,97,97,0,0
48552,125,113,12,12
48553,99,88,11,11
48554,83,74,9,9
48555,97,81,16,16
48556,96,88,8,8
48557,62,63,-1,1
48558,99,102,-3,3
48559,57,58,-1,1
48560,77,78,-1,1
48561,77,76,1,1
48562,104,116,-12,12
48563,114,98,16,16
48564,94,83,11,11
48565,67,80,-13,13
48566,112,98,14,14
48567,128,111,17,17
48568,93,88,5,5
48569,115,113,2,2
48570,63,59,4,4
48571,67,72,-5,5
48572,136,127,9,9
48573,96,101,-5,5
48574,97,100,-3,3
48575,97,98,-1,1
48576,100,90,10,10
48577,60,61,-1,1
48578,155,161,-6,6
48579,80,84,-4,4
48580,92,99,-7,7
48581,130,115,15,15
48582,139,114,25,25
48583,121,111,10,10
48584,58,61,-3,3
48585,73,74,-1,1
48586,98,91,7,7
48587,95,94,1,1
48588,126,108,18,18
48589,112,100,12,12
48590,82,82,0,0
48591,105,92,13,13
48592,68,76,-8,8
48593,67,75,-8,8
48594,121,114,7,7
48595,164,134,30,30
48596,107,103,4,4
48597,110,99,11,11
48598,125,117,8,8
48599,71,67,4,4
48600,77,77,0,0
48601,97,89,8,8
48602,114,114,0,0
48603,140,130,10,10
48604,57,61,-4,4
48605,99,91,8,8
48606,99,87,12,12
48607,52,43,9,9
48608,83,73,10,10
48609,173,225,-52,52
48610,94,93,1,1
48611,47,53,-6,6
48612,58,63,-5,5
48613,61,69,-8,8
48614,82,91,-9,9
48615,53,64,-11,11
48616,53,55,-2,2
48617,77,72,5,5
48618,88,90,-2,2
48619,74,72,2,2
48620,74,66,8,8
48621,150,131,19,19
48622,135,129,6,6
48623,176,161,15,15
48624,53,58,-5,5
48625,140,126,14,14
48626,106,105,1,1
48627,189,155,34,34
48628,104,107,-3,3
48629,71,82,-11,11
48630,66,60,6,6
48631,82,82,0,0
48632,111,116,-5,5
48633,114,93,21,21
48634,140,131,9,9
48635,95,92,3,3
48636,152,134,18,18
48637,101,102,-1,1
48638,67,59,8,8
48639,47,59,-12,12
48640,73,75,-2,2
48641,84,96,-12,12
48642,92,80,12,12
48643,157,143,14,14
48644,128,122,6,6
48645,96,101,-5,5
48646,91,84,7,7
48647,92,83,9,9
48648,132,117,15,15
48649,170,150,20,20
48650,103,84,19,19
48651,46,53,-7,7
48652,123,102,21,21
48653,91,74,17,17
48654,111,105,6,6
48655,144,135,9,9
48656,73,73,0,0
48657,116,101,15,15
48658,137,128,9,9
48659,131,113,18,18
48660,37,41,-4,4
48661,84,81,3,3
48662,91,82,9,9
48663,175,161,14,14
48664,137,127,10,10
48665,91,80,11,11
48666,41,49,-8,8
48667,88,76,12,12
48668,86,77,9,9
48669,67,66,1,1
48670,181,151,30,30
48671,108,96,12,12
48672,51,46,5,5
48673,145,127,18,18
48674,87,81,6,6
48675,42,41,1,1
48676,92,84,8,8
48677,196,164,32,32
48678,43,44,-1,1
48679,108,104,4,4
48680,131,112,19,19
48681,105,104,1,1
48682,77,76,1,1
48683,80,77,3,3
48684,144,122,22,22
48685,120,125,-5,5
48686,70,68,2,2
48687,62,60,2,2
48688,40,38,2,2
48689,80,71,9,9
48690,93,80,13,13
48691,41,51,-10,10
48692,90,94,-4,4
48693,82,74,8,8
48694,85,84,1,1
48695,103,90,13,13
48696,119,107,12,12
48697,65,64,1,1
48698,85,77,8,8
48699,114,99,15,15
48700,95,84,11,11
48701,39,36,3,3
48702,89,81,8,8
48703,116,110,6,6
48704,133,128,5,5
48705,76,73,3,3
48706,146,124,22,22
48707,55,58,-3,3
48708,170,153,17,17
48709,76,70,6,6
48710,89,86,3,3
48711,76,91,-15,15
48712,107,91,16,16
48713,69,62,7,7
48714,94,96,-2,2
48715,106,97,9,9
48716,91,76,15,15
48717,158,149,9,9
48718,110,103,7,7
48719,69,68,1,1
48720,90,79,11,11
48721,99,88,11,11
48722,74,70,4,4
48723,94,92,2,2
48724,70,65,5,5
48725,81,87,-6,6
48726,136,132,4,4
48727,89,86,3,3
48728,113,109,4,4
48729,110,95,15,15
48730,137,129,8,8
48731,100,93,7,7
48732,114,101,13,13
48733,122,99,23,23
48734,27,31,-4,4
48735,105,105,0,0
48736,65,68,-3,3
48737,120,121,-1,1
48738,68,69,-1,1
48739,158,140,18,18
48740,76,78,-2,2
48741,123,111,12,12
48742,71,67,4,4
48743,86,86,0,0
48744,68,75,-7,7
48745,118,107,11,11
48746,36,43,-7,7
48747,26,31,-5,5
48748,55,55,0,0
48749,87,83,4,4
48750,117,103,14,14
48751,36,41,-5,5
48752,112,94,18,18
48753,73,64,9,9
48754,93,85,8,8
48755,122,104,18,18
48756,117,106,11,11
48757,116,121,-5,5
48758,95,87,8,8
48759,51,50,1,1
48760,81,75,6,6
48761,88,73,15,15
48762,62,59,3,3
48763,84,64,20,20
48764,69,71,-2,2
48765,62,63,-1,1
48766,101,99,2,2
48767,112,104,8,8
48768,182,148,34,34
48769,51,55,-4,4
48770,89,83,6,6
48771,123,116,7,7
48772,91,83,8,8
48773,67,69,-2,2
48774,150,126,24,24
48775,61,63,-2,2
48776,107,98,9,9
48777,53,56,-3,3
48778,79,78,1,1
48779,143,145,-2,2
48780,115,110,5,5
48781,66,66,0,0
48782,104,96,8,8
48783,154,149,5,5
48784,96,84,12,12
48785,165,152,13,13
48786,124,117,7,7
48787,108,97,11,11
48788,106,103,3,3
48789,124,120,4,4
48790,91,91,0,0
48791,98,109,-11,11
48792,74,78,-4,4
48793,146,139,7,7
48794,136,131,5,5
48795,96,102,-6,6
48796,117,108,9,9
48797,113,100,13,13
48798,118,101,17,17
48799,151,132,19,19
48800,157,143,14,14
48801,98,81,17,17
48802,136,125,11,11
48803,119,126,-7,7
48804,66,63,3,3
48805,144,126,18,18
48806,118,110,8,8
48807,186,162,24,24
48808,91,86,5,5
48809,99,90,9,9
48810,78,77,1,1
48811,81,82,-1,1
48812,77,78,-1,1
48813,51,52,-1,1
48814,81,82,-1,1
48815,110,101,9,9
48816,83,77,6,6
48817,75,82,-7,7
48818,73,71,2,2
48819,113,105,8,8
48820,84,73,11,11
48821,94,87,7,7
48822,77,86,-9,9
48823,101,90,11,11
48824,100,84,16,16
48825,68,62,6,6
48826,65,67,-2,2
48827,159,146,13,13
48828,66,70,-4,4
48829,149,117,32,32
48830,81,93,-12,12
48831,56,55,1,1
48832,149,151,-2,2
48833,56,54,2,2
48834,110,100,10,10
48835,61,61,0,0
48836,57,51,6,6
48837,107,103,4,4
48838,58,57,1,1
48839,106,100,6,6
48840,145,116,29,29
48841,70,70,0,0
48842,115,107,8,8
48843,106,81,25,25
48844,144,124,20,20
48845,129,107,22,22
48846,127,118,9,9
48847,223,178,45,45
48848,147,137,10,10
48849,95,85,10,10
48850,34,41,-7,7
48851,66,61,5,5
48852,88,85,3,3
48853,91,79,12,12
48854,90,78,12,12
48855,131,122,9,9
48856,61,65,-4,4
48857,66,62,4,4
48858,125,121,4,4
48859,69,63,6,6
48860,73,78,-5,5
48861,87,81,6,6
48862,89,82,7,7
48863,69,71,-2,2
48864,114,103,11,11
48865,64,64,0,0
48866,146,128,18,18
48867,93,91,2,2
48868,54,58,-4,4
48869,171,163,8,8
48870,63,63,0,0
48871,70,74,-4,4
48872,61,62,-1,1
48873,75,68,7,7
48874,158,131,27,27
48875,65,76,-11,11
48876,93,89,4,4
48877,97,83,14,14
48878,126,93,33,33
48879,122,112,10,10
48880,128,124,4,4
48881,109,100,9,9
48882,90,79,11,11
48883,167,153,14,14
48884,79,67,12,12
48885,56,59,-3,3
48886,117,104,13,13
48887,80,74,6,6
48888,48,51,-3,3
48889,72,71,1,1
48890,69,65,4,4
48891,105,96,9,9
48892,103,91,12,12
48893,94,87,7,7
48894,91,79,12,12
48895,117,105,12,12
48896,168,159,9,9
48897,60,60,0,0
48898,93,97,-4,4
48899,110,97,13,13
48900,61,56,5,5
48901,133,120,13,13
48902,124,100,24,24
48903,131,122,9,9
48904,81,77,4,4
48905,78,70,8,8
48906,117,105,12,12
48907,116,104,12,12
48908,75,75,0,0
48909,50,54,-4,4
48910,76,67,9,9
48911,120,108,12,12
48912,96,88,8,8
48913,99,115,-16,16
48914,163,144,19,19
48915,136,118,18,18
48916,150,128,22,22
48917,87,92,-5,5
48918,116,106,10,10
48919,127,114,13,13
48920,73,68,5,5
48921,110,107,3,3
48922,65,63,2,2
48923,74,72,2,2
48924,98,87,11,11
48925,74,69,5,5
48926,105,97,8,8
48927,92,88,4,4
48928,80,79,1,1
48929,111,105,6,6
48930,93,85,8,8
48931,69,66,3,3
48932,76,75,1,1
48933,59,55,4,4
48934,127,115,12,12
48935,45,54,-9,9
48936,100,77,23,23
48937,111,106,5,5
48938,165,184,-19,19
48939,161,161,0,0
48940,108,106,2,2
48941,85,73,12,12
48942,131,127,4,4
48943,28,36,-8,8
48944,92,79,13,13
48945,55,54,1,1
48946,134,117,17,17
48947,112,98,14,14
48948,123,103,20,20
48949,137,125,12,12
48950,72,78,-6,6
48951,116,100,16,16
48952,136,121,15,15
48953,122,111,11,11
48954,120,110,10,10
48955,85,73,12,12
48956,98,99,-1,1
48957,108,119,-11,11
48958,95,91,4,4
48959,71,66,5,5
48960,160,134,26,26
48961,112,110,2,2
48962,98,97,1,1
48963,72,65,7,7
48964,102,95,7,7
48965,95,81,14,14
48966,130,113,17,17
48967,96,89,7,7
48968,123,108,15,15
48969,100,100,0,0
48970,172,154,18,18
48971,55,55,0,0
48972,60,70,-10,10
48973,101,98,3,3
48974,90,97,-7,7
48975,76,80,-4,4
48976,80,75,5,5
48977,100,103,-3,3
48978,61,63,-2,2
48979,75,73,2,2
48980,81,95,-14,14
48981,121,109,12,12
48982,81,78,3,3
48983,139,130,9,9
48984,86,73,13,13
48985,94,85,9,9
48986,121,112,9,9
48987,83,74,9,9
48988,127,122,5,5
48989,49,63,-14,14
48990,83,86,-3,3
48991,76,71,5,5
48992,113,101,12,12
48993,73,67,6,6
48994,85,80,5,5
48995,97,89,8,8
48996,82,73,9,9
48997,103,95,8,8
48998,68,65,3,3
48999,65,65,0,0
49000,46,57,-11,11
49001,108,95,13,13
49002,96,99,-3,3
49003,133,121,12,12
49004,97,92,5,5
49005,62,54,8,8
49006,95,92,3,3
49007,132,111,21,21
49008,164,142,22,22
49009,62,58,4,4
49010,81,78,3,3
49011,91,88,3,3
49012,73,70,3,3
49013,73,70,3,3
49014,105,106,-1,1
49015,75,74,1,1
49016,73,62,11,11
49017,94,95,-1,1
49018,112,111,1,1
49019,107,91,16,16
49020,79,72,7,7
49021,128,121,7,7
49022,100,90,10,10
49023,68,68,0,0
49024,84,71,13,13
49025,115,127,-12,12
49026,68,68,0,0
49027,50,51,-1,1
49028,80,80,0,0
49029,71,71,0,0
49030,115,107,8,8
49031,103,106,-3,3
49032,112,100,12,12
49033,95,85,10,10
49034,132,125,7,7
49035,108,101,7,7
49036,89,91,-2,2
49037,96,83,13,13
49038,110,100,10,10
49039,103,149,-46,46
49040,113,93,20,20
49041,72,75,-3,3
49042,85,85,0,0
49043,106,102,4,4
49044,101,94,7,7
49045,117,122,-5,5
49046,67,72,-5,5
49047,82,80,2,2
49048,61,61,0,0
49049,64,59,5,5
49050,86,83,3,3
49051,89,83,6,6
49052,49,51,-2,2
49053,136,111,25,25
49054,137,129,8,8
49055,79,66,13,13
49056,127,106,21,21
49057,130,116,14,14
49058,119,116,3,3
49059,83,72,11,11
49060,98,94,4,4
49061,124,112,12,12
49062,72,81,-9,9
49063,114,112,2,2
49064,144,123,21,21
49065,117,100,17,17
49066,68,66,2,2
49067,41,47,-6,6
49068,88,88,0,0
49069,156,135,21,21
49070,85,78,7,7
49071,99,89,10,10
49072,71,81,-10,10
49073,152,129,23,23
49074,86,76,10,10
49075,95,81,14,14
49076,100,91,9,9
49077,99,91,8,8
49078,137,102,35,35
49079,78,67,11,11
49080,142,124,18,18
49081,80,85,-5,5
49082,70,67,3,3
49083,112,101,11,11
49084,116,112,4,4
49085,76,76,0,0
49086,128,113,15,15
49087,101,89,12,12
49088,111,101,10,10
49089,71,67,4,4
49090,129,116,13,13
49091,170,150,20,20
49092,136,109,27,27
49093,105,92,13,13
49094,117,102,15,15
49095,102,91,11,11
49096,77,75,2,2
49097,103,103,0,0
49098,53,54,-1,1
49099,94,95,-1,1
49100,73,64,9,9
49101,65,61,4,4
49102,107,117,-10,10
49103,78,81,-3,3
49104,83,76,7,7
49105,117,107,10,10
49106,33,31,2,2
49107,97,91,6,6
49108,119,111,8,8
49109,74,68,6,6
49110,96,84,12,12
49111,113,107,6,6
49112,68,75,-7,7
49113,78,70,8,8
49114,123,95,28,28
49115,121,120,1,1
49116,74,69,5,5
49117,100,88,12,12
49118,71,68,3,3
49119,46,50,-4,4
49120,90,87,3,3
49121,63,73,-10,10
49122,94,95,-1,1
49123,83,80,3,3
49124,86,85,1,1
49125,116,112,4,4
49126,107,93,14,14
49127,111,112,-1,1
49128,211,176,35,35
49129,71,63,8,8
49130,57,66,-9,9
49131,135,121,14,14
49132,111,101,10,10
49133,97,87,10,10
49134,139,126,13,13
49135,96,93,3,3
49136,91,84,7,7
49137,131,121,10,10
49138,134,118,16,16
49139,81,78,3,3
49140,123,107,16,16
49141,122,118,4,4
49142,149,136,13,13
49143,122,104,18,18
49144,114,101,13,13
49145,112,95,17,17
49146,110,96,14,14
49147,111,107,4,4
49148,50,51,-1,1
49149,52,51,1,1
49150,119,119,0,0
49151,67,65,2,2
49152,135,122,13,13
49153,81,67,14,14
49154,122,100,22,22
49155,130,122,8,8
49156,60,64,-4,4
49157,108,110,-2,2
49158,97,93,4,4
49159,50,53,-3,3
49160,77,66,11,11
49161,106,91,15,15
49162,100,98,2,2
49163,70,72,-2,2
49164,99,95,4,4
49165,108,104,4,4
49166,138,120,18,18
49167,132,125,7,7
49168,73,75,-2,2
49169,73,77,-4,4
49170,111,95,16,16
49171,101,94,7,7
49172,123,114,9,9
49173,80,108,-28,28
49174,56,49,7,7
49175,101,87,14,14
49176,119,109,10,10
49177,125,131,-6,6
49178,107,99,8,8
49179,141,127,14,14
49180,110,115,-5,5
49181,91,78,13,13
49182,67,64,3,3
49183,91,85,6,6
49184,62,63,-1,1
49185,66,61,5,5
49186,51,64,-13,13
49187,26,31,-5,5
49188,112,106,6,6
49189,85,75,10,10
49190,173,150,23,23
49191,65,57,8,8
49192,71,73,-2,2
49193,48,48,0,0
49194,113,109,4,4
49195,111,105,6,6
49196,76,76,0,0
49197,72,70,2,2
49198,104,91,13,13
49199,113,102,11,11
49200,80,73,7,7
49201,129,123,6,6
49202,80,72,8,8
49203,99,94,5,5
49204,98,97,1,1
49205,186,166,20,20
49206,84,80,4,4
49207,46,51,-5,5
49208,81,88,-7,7
49209,62,57,5,5
49210,85,79,6,6
49211,63,60,3,3
49212,114,113,1,1
49213,91,83,8,8
49214,100,106,-6,6
49215,53,51,2,2
49216,127,105,22,22
49217,93,80,13,13
49218,59,60,-1,1
49219,52,50,2,2
49220,100,90,10,10
49221,73,73,0,0
49222,110,105,5,5
49223,88,71,17,17
49224,87,81,6,6
49225,53,53,0,0
49226,96,90,6,6
49227,70,81,-11,11
49228,80,85,-5,5
49229,80,72,8,8
49230,78,70,8,8
49231,45,43,2,2
49232,97,87,10,10
49233,172,149,23,23
49234,92,88,4,4
49235,72,71,1,1
49236,125,126,-1,1
49237,72,69,3,3
49238,156,141,15,15
49239,61,60,1,1
49240,118,115,3,3
49241,89,105,-16,16
49242,126,102,24,24
49243,121,102,19,19
49244,63,73,-10,10
49245,96,83,13,13
49246,123,105,18,18
49247,80,82,-2,2
49248,120,113,7,7
49249,75,74,1,1
49250,128,117,11,11
49251,166,146,20,20
49252,129,114,15,15
49253,74,75,-1,1
49254,70,74,-4,4
49255,75,71,4,4
49256,115,92,23,23
49257,109,101,8,8
49258,86,79,7,7
49259,90,86,4,4
49260,95,85,10,10
49261,102,102,0,0
49262,178,153,25,25
49263,140,121,19,19
49264,148,134,14,14
49265,75,75,0,0
49266,94,81,13,13
49267,83,82,1,1
49268,184,160,24,24
49269,98,85,13,13
49270,36,31,5,5
49271,68,65,3,3
49272,88,81,7,7
49273,71,66,5,5
49274,80,70,10,10
49275,81,76,5,5
49276,98,100,-2,2
49277,99,84,15,15
49278,41,50,-9,9
49279,51,53,-2,2
49280,161,140,21,21
49281,76,74,2,2
49282,103,92,11,11
49283,86,77,9,9
49284,111,100,11,11
49285,132,115,17,17
49286,91,81,10,10
49287,114,93,21,21
49288,106,92,14,14
49289,140,127,13,13
49290,54,51,3,3
49291,231,188,43,43
49292,74,73,1,1
49293,59,58,1,1
49294,149,125,24,24
49295,98,85,13,13
49296,96,88,8,8
49297,98,97,1,1
49298,29,31,-2,2
49299,80,76,4,4
49300,115,101,14,14
49301,75,68,7,7
49302,93,89,4,4
49303,86,80,6,6
49304,67,56,11,11
49305,56,52,4,4
49306,120,111,9,9
49307,188,158,30,30
49308,31,40,-9,9
49309,51,60,-9,9
49310,55,56,-1,1
49311,81,80,1,1
49312,75,72,3,3
49313,63,64,-1,1
49314,85,79,6,6
49315,32,31,1,1
49316,83,84,-1,1
49317,86,88,-2,2
49318,122,98,24,24
49319,46,52,-6,6
49320,122,105,17,17
49321,101,96,5,5
49322,55,66,-11,11
49323,80,77,3,3
49324,106,99,7,7
49325,79,85,-6,6
49326,143,137,6,6
49327,124,119,5,5
49328,128,117,11,11
49329,88,89,-1,1
49330,98,96,2,2
49331,207,171,36,36
49332,133,112,21,21
49333,46,48,-2,2
49334,115,114,1,1
49335,75,59,16,16
49336,93,84,9,9
49337,99,98,1,1
49338,107,103,4,4
49339,99,89,10,10
49340,78,73,5,5
49341,104,87,17,17
49342,112,110,2,2
49343,75,75,0,0
49344,84,82,2,2
49345,87,88,-1,1
49346,83,74,9,9
49347,151,131,20,20
49348,23,41,-18,18
49349,168,148,20,20
49350,62,63,-1,1
49351,65,61,4,4
49352,68,66,2,2
49353,110,105,5,5
49354,159,135,24,24
49355,44,50,-6,6
49356,144,128,16,16
49357,71,67,4,4
49358,71,64,7,7
49359,131,102,29,29
49360,148,99,49,49
49361,116,108,8,8
49362,117,98,19,19
49363,116,126,-10,10
49364,95,84,11,11
49365,59,69,-10,10
49366,41,42,-1,1
49367,80,83,-3,3
49368,66,68,-2,2
49369,98,83,15,15
49370,186,165,21,21
49371,109,95,14,14
49372,97,116,-19,19
49373,74,65,9,9
49374,113,106,7,7
49375,61,56,5,5
49376,108,102,6,6
49377,123,107,16,16
49378,78,75,3,3
49379,57,61,-4,4
49380,42,52,-10,10
49381,118,117,1,1
49382,59,57,2,2
49383,96,99,-3,3
49384,69,70,-1,1
49385,94,77,17,17
49386,84,88,-4,4
49387,182,171,11,11
49388,44,48,-4,4
49389,74,79,-5,5
49390,84,70,14,14
49391,173,147,26,26
49392,73,76,-3,3
49393,67,64,3,3
49394,84,83,1,1
49395,106,99,7,7
49396,80,80,0,0
49397,79,86,-7,7
49398,61,57,4,4
49399,73,76,-3,3
49400,50,51,-1,1
49401,94,88,6,6
49402,86,86,0,0
49403,71,65,6,6
49404,60,67,-7,7
49405,126,115,11,11
49406,60,57,3,3
49407,65,59,6,6
49408,83,78,5,5
49409,47,44,3,3
49410,234,182,52,52
49411,101,81,20,20
49412,111,99,12,12
49413,65,56,9,9
49414,50,56,-6,6
49415,63,67,-4,4
49416,121,117,4,4
49417,63,51,12,12
49418,105,91,14,14
49419,51,58,-7,7
49420,85,71,14,14
49421,154,127,27,27
49422,130,113,17,17
49423,95,88,7,7
49424,55,51,4,4
49425,95,91,4,4
49426,154,135,19,19
49427,109,99,10,10
49428,57,62,-5,5
49429,109,98,11,11
49430,125,105,20,20
49431,85,72,13,13
49432,76,64,12,12
49433,66,75,-9,9
49434,89,79,10,10
49435,64,60,4,4
49436,46,54,-8,8
49437,79,75,4,4
49438,114,107,7,7
49439,73,66,7,7
49440,130,122,8,8
49441,78,68,10,10
49442,62,67,-5,5
49443,49,51,-2,2
49444,65,69,-4,4
49445,66,64,2,2
49446,72,74,-2,2
49447,81,76,5,5
49448,131,122,9,9
49449,113,106,7,7
49450,103,95,8,8
49451,60,59,1,1
49452,61,59,2,2
49453,62,60,2,2
49454,79,73,6,6
49455,111,119,-8,8
49456,108,97,11,11
49457,124,98,26,26
49458,93,99,-6,6
49459,121,115,6,6
49460,49,49,0,0
49461,72,73,-1,1
49462,86,68,18,18
49463,64,62,2,2
49464,95,78,17,17
49465,108,105,3,3
49466,148,132,16,16
49467,71,63,8,8
49468,85,95,-10,10
49469,72,74,-2,2
49470,107,99,8,8
49471,121,101,20,20
49472,119,108,11,11
49473,81,97,-16,16
49474,94,90,4,4
49475,147,114,33,33
49476,101,97,4,4
49477,106,103,3,3
49478,59,61,-2,2
49479,70,64,6,6
49480,52,51,1,1
49481,89,75,14,14
49482,128,116,12,12
49483,111,109,2,2
49484,146,132,14,14
49485,49,49,0,0
49486,110,97,13,13
49487,119,107,12,12
49488,96,92,4,4
49489,119,107,12,12
49490,140,123,17,17
49491,124,113,11,11
49492,90,79,11,11
49493,68,70,-2,2
49494,92,95,-3,3
49495,163,140,23,23
49496,77,67,10,10
49497,103,93,10,10
49498,126,102,24,24
49499,70,70,0,0
49500,127,110,17,17
49501,76,76,0,0
49502,138,126,12,12
49503,88,89,-1,1
49504,58,76,-18,18
49505,68,62,6,6
49506,146,137,9,9
49507,139,130,9,9
49508,71,74,-3,3
49509,143,124,19,19
49510,123,102,21,21
49511,55,56,-1,1
49512,93,90,3,3
49513,74,78,-4,4
49514,122,110,12,12
49515,79,78,1,1
49516,75,72,3,3
49517,72,79,-7,7
49518,122,114,8,8
49519,82,77,5,5
49520,66,64,2,2
49521,67,66,1,1
49522,62,62,0,0
49523,108,91,17,17
49524,82,80,2,2
49525,93,92,1,1
49526,57,59,-2,2
49527,73,72,1,1
49528,116,93,23,23
49529,97,84,13,13
49530,107,99,8,8
49531,69,66,3,3
49532,118,106,12,12
49533,112,104,8,8
49534,75,77,-2,2
49535,128,125,3,3
49536,96,91,5,5
49537,81,79,2,2
49538,149,128,21,21
49539,65,67,-2,2
49540,28,31,-3,3
49541,92,86,6,6
49542,82,70,12,12
49543,65,74,-9,9
49544,130,118,12,12
49545,85,79,6,6
49546,105,100,5,5
49547,119,110,9,9
49548,124,104,20,20
49549,89,82,7,7
49550,52,51,1,1
49551,95,83,12,12
49552,111,112,-1,1
49553,110,91,19,19
49554,104,96,8,8
49555,107,108,-1,1
49556,79,73,6,6
49557,98,83,15,15
49558,113,107,6,6
49559,59,61,-2,2
49560,86,76,10,10
49561,40,45,-5,5
49562,59,54,5,5
49563,108,101,7,7
49564,49,54,-5,5
49565,86,73,13,13
49566,84,72,12,12
49567,93,86,7,7
49568,74,70,4,4
49569,73,70,3,3
49570,89,89,0,0
49571,83,84,-1,1
49572,94,93,1,1
49573,103,89,14,14
49574,117,118,-1,1
49575,162,142,20,20
49576,72,78,-6,6
49577,107,105,2,2
49578,122,107,15,15
49579,108,101,7,7
49580,96,76,20,20
49581,98,87,11,11
49582,111,107,4,4
49583,51,51,0,0
49584,70,75,-5,5
49585,64,62,2,2
49586,47,41,6,6
49587,45,50,-5,5
49588,69,86,-17,17
49589,91,84,7,7
49590,77,63,14,14
49591,83,75,8,8
49592,73,66,7,7
49593,70,69,1,1
49594,228,170,58,58
49595,50,55,-5,5
49596,69,67,2,2
49597,88,79,9,9
49598,76,74,2,2
49599,80,70,10,10
49600,73,69,4,4
49601,86,82,4,4
49602,103,117,-14,14
49603,135,119,16,16
49604,75,79,-4,4
49605,78,76,2,2
49606,114,93,21,21
49607,112,111,1,1
49608,66,67,-1,1
49609,94,81,13,13
49610,86,74,12,12
49611,86,75,11,11
49612,115,115,0,0
49613,81,72,9,9
49614,96,96,0,0
49615,100,89,11,11
49616,137,124,13,13
49617,71,66,5,5
49618,77,72,5,5
49619,102,92,10,10
49620,83,81,2,2
49621,87,80,7,7
49622,123,100,23,23
49623,65,69,-4,4
49624,59,64,-5,5
49625,98,89,9,9
49626,127,120,7,7
49627,141,119,22,22
49628,55,53,2,2
49629,63,64,-1,1
49630,102,91,11,11
49631,63,69,-6,6
49632,108,94,14,14
49633,105,96,9,9
49634,57,50,7,7
49635,64,52,12,12
49636,83,76,7,7
49637,97,91,6,6
49638,97,92,5,5
49639,84,88,-4,4
49640,117,107,10,10
49641,99,86,13,13
49642,106,100,6,6
49643,101,93,8,8
49644,91,78,13,13
49645,131,113,18,18
49646,162,150,12,12
49647,81,75,6,6
49648,56,61,-5,5
49649,120,100,20,20
49650,103,87,16,16
49651,43,41,2,2
49652,59,59,0,0
49653,90,80,10,10
49654,116,104,12,12
49655,55,51,4,4
49656,97,85,12,12
49657,99,87,12,12
49658,52,56,-4,4
49659,32,35,-3,3
49660,91,95,-4,4
49661,92,86,6,6
49662,52,56,-4,4
49663,159,132,27,27
49664,144,119,25,25
49665,115,107,8,8
49666,44,48,-4,4
49667,114,111,3,3
49668,183,158,25,25
49669,94,85,9,9
49670,82,90,-8,8
49671,85,71,14,14
49672,71,65,6,6
49673,151,134,17,17
49674,98,91,7,7
49675,116,108,8,8
49676,108,94,14,14
49677,85,81,4,4
49678,96,105,-9,9
49679,94,99,-5,5
49680,59,61,-2,2
49681,81,77,4,4
49682,125,117,8,8
49683,64,68,-4,4
49684,106,93,13,13
49685,89,84,5,5
49686,91,79,12,12
49687,72,62,10,10
49688,69,75,-6,6
49689,94,75,19,19
49690,133,115,18,18
49691,115,108,7,7
49692,92,84,8,8
49693,171,141,30,30
49694,108,99,9,9
49695,102,87,15,15
49696,133,130,3,3
49697,89,75,14,14
49698,93,84,9,9
49699,39,52,-13,13
49700,119,104,15,15
49701,116,108,8,8
49702,71,57,14,14
49703,121,119,2,2
49704,109,97,12,12
49705,121,97,24,24
49706,87,86,1,1
49707,73,81,-8,8
49708,103,87,16,16
49709,50,51,-1,1
49710,53,55,-2,2
49711,94,90,4,4
49712,143,138,5,5
49713,68,62,6,6
49714,148,124,24,24
49715,54,51,3,3
49716,121,104,17,17
49717,116,111,5,5
49718,91,94,-3,3
49719,74,65,9,9
49720,68,64,4,4
49721,129,120,9,9
49722,69,61,8,8
49723,43,51,-8,8
49724,125,111,14,14
49725,101,102,-1,1
49726,188,154,34,34
49727,135,112,23,23
49728,57,57,0,0
49729,96,92,4,4
49730,68,60,8,8
49731,154,129,25,25
49732,101,98,3,3
49733,48,55,-7,7
49734,62,71,-9,9
49735,182,159,23,23
49736,83,75,8,8
49737,52,51,1,1
49738,97,78,19,19
49739,108,92,16,16
49740,90,91,-1,1
49741,88,78,10,10
49742,109,102,7,7
49743,84,90,-6,6
49744,93,98,-5,5
49745,87,79,8,8
49746,75,73,2,2
49747,77,77,0,0
49748,159,132,27,27
49749,56,55,1,1
49750,135,108,27,27
49751,42,50,-8,8
49752,42,37,5,5
49753,82,89,-7,7
49754,106,104,2,2
49755,98,99,-1,1
49756,59,61,-2,2
49757,158,129,29,29
49758,109,110,-1,1
49759,93,87,6,6
49760,174,150,24,24
49761,91,86,5,5
49762,138,109,29,29
49763,104,93,11,11
49764,92,89,3,3
49765,67,70,-3,3
49766,87,86,1,1
49767,135,116,19,19
49768,102,87,15,15
49769,164,142,22,22
49770,67,70,-3,3
49771,106,84,22,22
49772,88,91,-3,3
49773,109,102,7,7
49774,97,82,15,15
49775,49,51,-2,2
49776,124,109,15,15
49777,64,56,8,8
49778,160,136,24,24
49779,108,100,8,8
49780,71,66,5,5
49781,108,94,14,14
49782,87,81,6,6
49783,181,154,27,27
49784,100,88,12,12
49785,52,51,1,1
49786,128,118,10,10
49787,84,77,7,7
49788,123,104,19,19
49789,131,121,10,10
49790,113,110,3,3
49791,127,120,7,7
49792,85,85,0,0
49793,71,69,2,2
49794,108,103,5,5
49795,74,66,8,8
49796,160,139,21,21
49797,72,75,-3,3
49798,75,69,6,6
49799,122,117,5,5
49800,85,80,5,5
49801,74,77,-3,3
49802,44,71,-27,27
49803,110,115,-5,5
49804,64,69,-5,5
49805,40,51,-11,11
49806,124,105,19,19
49807,88,83,5,5
49808,123,109,14,14
49809,122,114,8,8
49810,122,114,8,8
49811,104,92,12,12
49812,100,101,-1,1
49813,83,73,10,10
49814,50,54,-4,4
49815,93,86,7,7
49816,91,79,12,12
49817,78,76,2,2
49818,121,108,13,13
49819,90,83,7,7
49820,53,56,-3,3
49821,112,99,13,13
49822,82,77,5,5
49823,167,145,22,22
49824,97,88,9,9
49825,63,60,3,3
49826,112,104,8,8
49827,102,80,22,22
49828,78,74,4,4
49829,124,113,11,11
49830,60,56,4,4
49831,59,53,6,6
49832,55,61,-6,6
49833,154,135,19,19
49834,86,81,5,5
49835,102,88,14,14
49836,70,71,-1,1
49837,47,49,-2,2
49838,79,60,19,19
49839,62,58,4,4
49840,114,127,-13,13
49841,117,98,19,19
49842,60,57,3,3
49843,86,73,13,13
49844,152,140,12,12
49845,168,155,13,13
49846,124,121,3,3
49847,60,56,4,4
49848,125,106,19,19
49849,62,65,-3,3
49850,88,87,1,1
49851,66,62,4,4
49852,175,148,27,27
49853,88,83,5,5
49854,45,53,-8,8
49855,74,68,6,6
49856,135,121,14,14
49857,106,95,11,11
49858,130,107,23,23
49859,79,80,-1,1
49860,81,77,4,4
49861,65,70,-5,5
49862,107,88,19,19
49863,97,85,12,12
49864,76,82,-6,6
49865,116,95,21,21
49866,59,56,3,3
49867,54,58,-4,4
49868,98,91,7,7
49869,128,135,-7,7
49870,106,96,10,10
49871,78,76,2,2
49872,131,121,10,10
49873,69,63,6,6
49874,153,145,8,8
49875,71,73,-2,2
49876,67,67,0,0
49877,107,95,12,12
49878,75,94,-19,19
49879,87,84,3,3
49880,94,79,15,15
49881,90,94,-4,4
49882,74,76,-2,2
49883,135,123,12,12
49884,134,120,14,14
49885,151,129,22,22
49886,92,94,-2,2
49887,92,91,1,1
49888,80,76,4,4
49889,91,88,3,3
49890,89,85,4,4
49891,86,75,11,11
49892,76,71,5,5
49893,107,99,8,8
49894,140,104,36,36
49895,85,95,-10,10
49896,85,81,4,4
49897,69,63,6,6
49898,96,87,9,9
49899,62,56,6,6
49900,79,71,8,8
49901,138,111,27,27
49902,115,96,19,19
49903,106,92,14,14
49904,93,84,9,9
49905,122,109,13,13
49906,106,90,16,16
49907,90,82,8,8
49908,88,74,14,14
49909,72,67,5,5
49910,84,88,-4,4
49911,138,125,13,13
49912,92,90,2,2
49913,95,88,7,7
49914,86,77,9,9
49915,73,65,8,8
49916,70,76,-6,6
49917,61,62,-1,1
49918,161,137,24,24
49919,89,80,9,9
49920,130,116,14,14
49921,99,68,31,31
49922,79,75,4,4
49923,47,54,-7,7
49924,75,82,-7,7
49925,69,65,4,4
49926,78,74,4,4
49927,45,50,-5,5
49928,67,74,-7,7
49929,99,99,0,0
49930,92,97,-5,5
49931,116,105,11,11
49932,132,112,20,20
49933,88,87,1,1
49934,94,91,3,3
49935,112,111,1,1
49936,40,51,-11,11
49937,58,57,1,1
49938,88,74,14,14
49939,85,79,6,6
49940,86,55,31,31
49941,145,130,15,15
49942,105,92,13,13
49943,99,88,11,11
49944,62,62,0,0
49945,95,90,5,5
49946,90,75,15,15
49947,57,49,8,8
49948,104,90,14,14
49949,70,66,4,4
49950,103,86,17,17
49951,102,87,15,15
49952,56,58,-2,2
49953,67,65,2,2
49954,65,64,1,1
49955,65,71,-6,6
49956,100,121,-21,21
49957,77,82,-5,5
49958,140,116,24,24
49959,86,73,13,13
49960,123,112,11,11
49961,33,74,-41,41
49962,102,92,10,10
49963,116,104,12,12
49964,63,64,-1,1
49965,79,78,1,1
49966,160,136,24,24
49967,60,60,0,0
49968,65,58,7,7
49969,84,80,4,4
49970,67,66,1,1
49971,90,88,2,2
49972,70,76,-6,6
49973,68,68,0,0
49974,104,108,-4,4
49975,87,81,6,6
49976,124,101,23,23
49977,128,117,11,11
49978,166,153,13,13
49979,72,73,-1,1
49980,54,52,2,2
49981,111,93,18,18
49982,93,82,11,11
49983,107,94,13,13
49984,137,123,14,14
49985,89,78,11,11
49986,68,58,10,10
49987,52,51,1,1
49988,75,80,-5,5
49989,79,73,6,6
49990,48,54,-6,6
49991,75,68,7,7
49992,85,77,8,8
49993,78,77,1,1
49994,101,91,10,10
49995,173,140,33,33
49996,90,80,10,10
49997,55,51,4,4
49998,98,96,2,2
49999,131,105,26,26
50000,149,124,25,25
50001,90,85,5,5
50002,51,50,1,1
50003,68,68,0,0
50004,111,94,17,17
50005,77,78,-1,1
50006,150,132,18,18
50007,123,109,14,14
50008,42,51,-9,9
50009,111,101,10,10
50010,73,70,3,3
50011,77,76,1,1
50012,74,83,-9,9
50013,145,120,25,25
50014,77,65,12,12
50015,102,97,5,5
50016,79,75,4,4
50017,65,63,2,2
50018,64,64,0,0
50019,54,48,6,6
50020,127,110,17,17
50021,126,126,0,0
50022,83,79,4,4
50023,108,93,15,15
50024,103,94,9,9
50025,132,123,9,9
50026,141,117,24,24
50027,132,119,13,13
50028,71,69,2,2
50029,111,101,10,10
50030,133,117,16,16
50031,102,95,7,7
50032,57,54,3,3
50033,92,98,-6,6
50034,120,101,19,19
50035,85,75,10,10
50036,86,86,0,0
50037,79,69,10,10
50038,69,74,-5,5
50039,63,51,12,12
50040,118,113,5,5
50041,132,117,15,15
50042,72,72,0,0
50043,98,103,-5,5
50044,110,105,5,5
50045,105,101,4,4
50046,67,67,0,0
50047,92,89,3,3
50048,118,121,-3,3
50049,134,110,24,24
50050,70,66,4,4
50051,129,112,17,17
50052,67,61,6,6
50053,36,44,-8,8
50054,137,132,5,5
50055,40,51,-11,11
50056,89,83,6,6
50057,89,81,8,8
50058,83,77,6,6
50059,70,88,-18,18
50060,125,115,10,10
50061,113,100,13,13
50062,64,61,3,3
50063,101,86,15,15
50064,92,80,12,12
50065,118,105,13,13
50066,70,67,3,3
50067,87,110,-23,23
50068,112,101,11,11
50069,195,176,19,19
50070,122,112,10,10
50071,59,55,4,4
50072,155,133,22,22
50073,131,113,18,18
50074,143,111,32,32
50075,117,96,21,21
50076,120,106,14,14
50077,113,99,14,14
50078,102,92,10,10
50079,131,111,20,20
50080,105,91,14,14
50081,87,84,3,3
50082,66,61,5,5
50083,122,126,-4,4
50084,116,95,21,21
50085,104,95,9,9
50086,51,53,-2,2
50087,90,87,3,3
50088,87,82,5,5
50089,93,96,-3,3
50090,61,65,-4,4
50091,106,103,3,3
50092,47,52,-5,5
50093,80,74,6,6
50094,74,71,3,3
50095,50,53,-3,3
50096,167,148,19,19
50097,56,54,2,2
50098,110,114,-4,4
50099,160,120,40,40
50100,105,101,4,4
50101,63,59,4,4
50102,97,90,7,7
50103,98,89,9,9
50104,108,102,6,6
50105,105,99,6,6
50106,119,99,20,20
50107,144,123,21,21
50108,65,62,3,3
50109,112,100,12,12
50110,113,96,17,17
50111,98,98,0,0
50112,83,73,10,10
50113,170,149,21,21
50114,88,87,1,1
50115,109,96,13,13
50116,92,83,9,9
50117,121,113,8,8
50118,58,50,8,8
50119,96,116,-20,20
50120,108,95,13,13
50121,150,135,15,15
50122,78,73,5,5
50123,43,42,1,1
50124,49,55,-6,6
50125,173,143,30,30
50126,100,89,11,11
50127,104,93,11,11
50128,76,84,-8,8
50129,108,99,9,9
50130,148,129,19,19
50131,74,73,1,1
50132,72,64,8,8
50133,78,66,12,12
50134,108,101,7,7
50135,92,89,3,3
50136,94,93,1,1
50137,104,100,4,4
50138,102,102,0,0
50139,70,66,4,4
50140,88,78,10,10
50141,104,102,2,2
50142,115,92,23,23
50143,87,73,14,14
50144,110,101,9,9
50145,70,71,-1,1
50146,78,74,4,4
50147,80,79,1,1
50148,56,55,1,1
50149,125,113,12,12
50150,79,72,7,7
50151,90,78,12,12
50152,134,123,11,11
50153,123,112,11,11
50154,116,95,21,21
50155,79,75,4,4
50156,100,106,-6,6
50157,55,57,-2,2
50158,86,78,8,8
50159,125,119,6,6
50160,68,65,3,3
50161,73,75,-2,2
50162,103,89,14,14
50163,172,159,13,13
50164,18,30,-12,12
50165,80,77,3,3
50166,64,60,4,4
50167,90,83,7,7
50168,100,96,4,4
50169,52,60,-8,8
50170,199,168,31,31
50171,90,87,3,3
50172,80,90,-10,10
50173,138,132,6,6
50174,64,65,-1,1
50175,101,91,10,10
50176,116,118,-2,2
50177,134,108,26,26
50178,113,100,13,13
50179,84,78,6,6
50180,55,67,-12,12
50181,194,169,25,25
50182,81,81,0,0
50183,100,90,10,10
50184,97,94,3,3
50185,64,63,1,1
50186,55,56,-1,1
50187,68,71,-3,3
50188,103,99,4,4
50189,102,84,18,18
50190,68,63,5,5
50191,95,86,9,9
50192,74,72,2,2
50193,77,58,19,19
50194,97,98,-1,1
50195,77,64,13,13
50196,124,109,15,15
50197,62,63,-1,1
50198,78,78,0,0
50199,149,131,18,18
50200,53,59,-6,6
50201,80,84,-4,4
50202,82,85,-3,3
50203,69,67,2,2
50204,80,84,-4,4
50205,45,44,1,1
50206,66,65,1,1
50207,46,52,-6,6
50208,82,81,1,1
50209,45,47,-2,2
50210,105,94,11,11
50211,109,92,17,17
50212,89,85,4,4
50213,69,65,4,4
50214,132,102,30,30
50215,106,99,7,7
50216,132,117,15,15
50217,141,129,12,12
50218,282,236,46,46
50219,151,151,0,0
50220,93,81,12,12
50221,129,121,8,8
50222,82,87,-5,5
50223,72,70,2,2
50224,86,80,6,6
50225,42,39,3,3
50226,85,75,10,10
50227,105,89,16,16
50228,110,98,12,12
50229,50,53,-3,3
50230,88,92,-4,4
50231,98,83,15,15
50232,85,76,9,9
50233,122,114,8,8
50234,122,134,-12,12
50235,124,111,13,13
50236,77,77,0,0
50237,117,106,11,11
50238,98,104,-6,6
50239,90,81,9,9
50240,129,112,17,17
50241,88,90,-2,2
50242,73,71,2,2
50243,77,75,2,2
50244,139,135,4,4
50245,96,84,12,12
50246,102,89,13,13
50247,87,84,3,3
50248,70,68,2,2
50249,159,142,17,17
50250,60,60,0,0
50251,69,61,8,8
50252,113,105,8,8
50253,156,135,21,21
50254,118,101,17,17
50255,53,54,-1,1
50256,104,102,2,2
50257,83,71,12,12
50258,67,57,10,10
50259,95,100,-5,5
50260,103,93,10,10
50261,132,137,-5,5
50262,115,99,16,16
50263,89,87,2,2
50264,107,92,15,15
50265,99,96,3,3
50266,97,91,6,6
50267,54,56,-2,2
50268,101,93,8,8
50269,97,83,14,14
50270,81,82,-1,1
50271,150,146,4,4
50272,76,95,-19,19
50273,87,86,1,1
50274,101,111,-10,10
50275,51,51,0,0
50276,99,93,6,6
50277,76,73,3,3
50278,170,146,24,24
50279,129,103,26,26
50280,73,74,-1,1
50281,172,161,11,11
50282,142,127,15,15
50283,104,96,8,8
50284,125,110,15,15
50285,51,53,-2,2
50286,127,118,9,9
50287,150,128,22,22
50288,71,72,-1,1
50289,129,126,3,3
50290,92,94,-2,2
50291,83,77,6,6
50292,82,81,1,1
50293,143,138,5,5
50294,105,95,10,10
50295,60,57,3,3
50296,79,80,-1,1
50297,26,31,-5,5
50298,131,109,22,22
50299,90,82,8,8
50300,72,69,3,3
50301,62,62,0,0
50302,76,68,8,8
50303,138,127,11,11
50304,81,82,-1,1
50305,108,94,14,14
50306,88,89,-1,1
50307,115,109,6,6
50308,123,109,14,14
50309,89,88,1,1
50310,123,114,9,9
50311,104,92,12,12
50312,67,61,6,6
50313,82,86,-4,4
50314,68,61,7,7
50315,72,66,6,6
50316,92,87,5,5
50317,60,58,2,2
50318,76,84,-8,8
50319,91,88,3,3
50320,95,80,15,15
50321,101,97,4,4
50322,96,92,4,4
50323,122,107,15,15
50324,139,126,13,13
50325,141,108,33,33
50326,89,78,11,11
50327,103,108,-5,5
50328,51,56,-5,5
50329,75,80,-5,5
50330,107,109,-2,2
50331,64,63,1,1
50332,54,54,0,0
50333,90,81,9,9
50334,75,76,-1,1
50335,136,118,18,18
50336,99,101,-2,2
50337,128,126,2,2
50338,125,99,26,26
50339,131,110,21,21
50340,61,51,10,10
50341,60,56,4,4
50342,70,79,-9,9
50343,136,131,5,5
50344,91,77,14,14
50345,74,68,6,6
50346,63,70,-7,7
50347,113,97,16,16
50348,78,63,15,15
50349,208,171,37,37
50350,153,137,16,16
50351,154,145,9,9
50352,92,87,5,5
50353,61,61,0,0
50354,88,88,0,0
50355,53,62,-9,9
50356,60,57,3,3
50357,101,89,12,12
50358,108,100,8,8
50359,70,62,8,8
50360,73,66,7,7
50361,86,84,2,2
50362,63,60,3,3
50363,105,100,5,5
50364,72,63,9,9
50365,145,124,21,21
50366,71,68,3,3
50367,148,122,26,26
50368,68,70,-2,2
50369,158,134,24,24
50370,176,155,21,21
50371,98,74,24,24
50372,151,131,20,20
50373,72,86,-14,14
50374,48,52,-4,4
50375,77,71,6,6
50376,65,62,3,3
50377,107,102,5,5
50378,93,81,12,12
50379,103,102,1,1
50380,95,87,8,8
50381,45,50,-5,5
50382,148,132,16,16
50383,130,118,12,12
50384,123,110,13,13
50385,91,86,5,5
50386,127,140,-13,13
50387,66,73,-7,7
50388,71,67,4,4
50389,133,118,15,15
50390,111,110,1,1
50391,92,93,-1,1
50392,72,68,4,4
50393,70,66,4,4
50394,158,140,18,18
50395,56,53,3,3
50396,63,65,-2,2
50397,73,69,4,4
50398,170,143,27,27
50399,118,112,6,6
50400,83,86,-3,3
50401,59,62,-3,3
50402,95,76,19,19
50403,79,61,18,18
50404,79,73,6,6
50405,103,112,-9,9
50406,127,114,13,13
50407,93,92,1,1
50408,82,77,5,5
50409,48,50,-2,2
50410,90,87,3,3
50411,76,64,12,12
50412,91,89,2,2
50413,43,50,-7,7
50414,66,69,-3,3
50415,55,57,-2,2
50416,93,87,6,6
50417,102,91,11,11
50418,56,55,1,1
50419,91,85,6,6
50420,126,120,6,6
50421,78,81,-3,3
50422,81,75,6,6
50423,103,95,8,8
50424,114,99,15,15
50425,103,96,7,7
50426,137,128,9,9
50427,111,100,11,11
50428,71,70,1,1
50429,99,81,18,18
50430,118,108,10,10
50431,145,127,18,18
50432,83,76,7,7
50433,59,52,7,7
50434,79,77,2,2
50435,60,56,4,4
50436,59,56,3,3
50437,109,104,5,5
50438,74,76,-2,2
50439,125,123,2,2
50440,112,96,16,16
50441,74,70,4,4
50442,149,131,18,18
50443,79,82,-3,3
50444,76,72,4,4
50445,124,110,14,14
50446,62,62,0,0
50447,59,71,-12,12
50448,190,163,27,27
50449,62,74,-12,12
50450,105,108,-3,3
50451,97,75,22,22
50452,128,116,12,12
50453,113,104,9,9
50454,98,83,15,15
50455,37,41,-4,4
50456,136,125,11,11
50457,79,87,-8,8
50458,47,55,-8,8
50459,98,82,16,16
50460,101,99,2,2
50461,87,80,7,7
50462,49,57,-8,8
50463,88,73,15,15
50464,92,84,8,8
50465,128,116,12,12
50466,111,99,12,12
50467,106,96,10,10
50468,57,60,-3,3
50469,95,97,-2,2
50470,60,56,4,4
50471,131,112,19,19
50472,88,77,11,11
50473,83,81,2,2
50474,109,101,8,8
50475,114,107,7,7
50476,84,82,2,2
50477,85,81,4,4
50478,86,82,4,4
50479,76,74,2,2
50480,112,91,21,21
50481,106,104,2,2
50482,56,56,0,0
50483,120,114,6,6
50484,53,56,-3,3
50485,32,50,-18,18
50486,184,169,15,15
50487,82,73,9,9
50488,66,62,4,4
50489,67,73,-6,6
50490,123,113,10,10
50491,123,111,12,12
50492,146,117,29,29
50493,74,71,3,3
50494,113,96,17,17
50495,102,100,2,2
50496,143,122,21,21
50497,88,80,8,8
50498,136,119,17,17
50499,149,142,7,7
50500,165,152,13,13
50501,59,61,-2,2
50502,87,78,9,9
50503,85,75,10,10
50504,54,59,-5,5
50505,48,49,-1,1
50506,73,65,8,8
50507,74,65,9,9
50508,125,122,3,3
50509,71,64,7,7
50510,36,37,-1,1
50511,127,104,23,23
50512,71,65,6,6
50513,92,84,8,8
50514,55,55,0,0
50515,62,56,6,6
50516,76,64,12,12
50517,64,60,4,4
50518,129,115,14,14
50519,147,130,17,17
50520,69,69,0,0
50521,76,67,9,9
50522,86,82,4,4
50523,66,55,11,11
50524,76,70,6,6
50525,74,74,0,0
50526,54,54,0,0
50527,109,104,5,5
50528,141,126,15,15
50529,55,57,-2,2
50530,121,98,23,23
50531,79,78,1,1
50532,80,71,9,9
50533,156,142,14,14
50534,44,42,2,2
50535,114,96,18,18
50536,105,94,11,11
50537,73,70,3,3
50538,84,79,5,5
50539,176,154,22,22
50540,62,58,4,4
50541,121,107,14,14
50542,114,109,5,5
50543,87,89,-2,2
50544,77,79,-2,2
50545,64,61,3,3
50546,165,142,23,23
50547,139,138,1,1
50548,121,109,12,12
50549,97,89,8,8
50550,193,154,39,39
50551,125,120,5,5
50552,76,82,-6,6
50553,54,50,4,4
50554,134,128,6,6
50555,72,70,2,2
50556,96,89,7,7
50557,37,31,6,6
50558,125,108,17,17
50559,87,75,12,12
50560,33,41,-8,8
50561,71,68,3,3
50562,53,54,-1,1
50563,59,58,1,1
50564,110,96,14,14
50565,82,81,1,1
50566,110,99,11,11
50567,64,57,7,7
50568,65,65,0,0
50569,134,116,18,18
50570,58,58,0,0
50571,90,91,-1,1
50572,79,78,1,1
50573,66,79,-13,13
50574,88,93,-5,5
50575,89,113,-24,24
50576,124,115,9,9
50577,111,100,11,11
50578,144,120,24,24
50579,131,123,8,8
50580,133,118,15,15
50581,104,98,6,6
50582,63,65,-2,2
50583,72,63,9,9
50584,76,70,6,6
50585,59,51,8,8
50586,110,95,15,15
50587,69,63,6,6
50588,112,102,10,10
50589,41,54,-13,13
50590,135,120,15,15
50591,101,112,-11,11
50592,86,78,8,8
50593,116,116,0,0
50594,88,83,5,5
50595,74,80,-6,6
50596,41,51,-10,10
50597,91,93,-2,2
50598,164,142,22,22
50599,58,51,7,7
50600,203,166,37,37
50601,84,84,0,0
50602,91,71,20,20
50603,98,94,4,4
50604,123,118,5,5
50605,63,53,10,10
50606,88,75,13,13
50607,92,95,-3,3
50608,117,105,12,12
50609,72,62,10,10
50610,69,65,4,4
50611,77,72,5,5
50612,77,71,6,6
50613,73,67,6,6
50614,94,88,6,6
50615,118,106,12,12
50616,98,91,7,7
50617,82,78,4,4
50618,137,119,18,18
50619,84,90,-6,6
50620,113,100,13,13
50621,145,120,25,25
50622,67,65,2,2
50623,101,96,5,5
50624,37,55,-18,18
50625,49,54,-5,5
50626,63,66,-3,3
50627,76,70,6,6
50628,216,172,44,44
50629,138,130,8,8
50630,96,92,4,4
50631,76,82,-6,6
50632,66,62,4,4
50633,55,51,4,4
50634,92,85,7,7
50635,83,80,3,3
50636,107,114,-7,7
50637,124,106,18,18
50638,78,71,7,7
50639,149,138,11,11
50640,154,138,16,16
50641,67,62,5,5
50642,82,79,3,3
50643,99,95,4,4
50644,107,102,5,5
50645,156,140,16,16
50646,174,181,-7,7
50647,103,94,9,9
50648,116,108,8,8
50649,44,35,9,9
50650,108,101,7,7
50651,94,97,-3,3
50652,63,66,-3,3
50653,95,88,7,7
50654,57,56,1,1
50655,72,70,2,2
50656,72,67,5,5
50657,101,97,4,4
50658,94,112,-18,18
50659,86,70,16,16
50660,157,137,20,20
50661,56,55,1,1
50662,77,78,-1,1
50663,76,82,-6,6
50664,164,148,16,16
50665,68,75,-7,7
50666,65,71,-6,6
50667,124,116,8,8
50668,62,61,1,1
50669,138,119,19,19
50670,146,130,16,16
50671,135,143,-8,8
50672,124,104,20,20
50673,105,92,13,13
50674,71,63,8,8
50675,84,79,5,5
50676,84,73,11,11
50677,70,63,7,7
50678,112,97,15,15
50679,127,115,12,12
50680,51,122,-71,71
50681,104,97,7,7
50682,96,97,-1,1
50683,97,79,18,18
50684,72,71,1,1
50685,117,104,13,13
50686,115,121,-6,6
50687,76,76,0,0
50688,98,93,5,5
50689,70,70,0,0
50690,97,99,-2,2
50691,131,132,-1,1
50692,50,51,-1,1
50693,68,64,4,4
50694,64,59,5,5
50695,103,98,5,5
50696,48,46,2,2
50697,106,94,12,12
50698,80,77,3,3
50699,131,121,10,10
50700,59,62,-3,3
50701,196,173,23,23
50702,143,139,4,4
50703,74,67,7,7
50704,69,72,-3,3
50705,70,71,-1,1
50706,114,96,18,18
50707,70,65,5,5
50708,42,50,-8,8
50709,112,112,0,0
50710,79,67,12,12
50711,159,144,15,15
50712,121,99,22,22
50713,69,69,0,0
50714,93,78,15,15
50715,90,87,3,3
50716,91,91,0,0
50717,65,66,-1,1
50718,136,132,4,4
50719,65,68,-3,3
50720,51,57,-6,6
50721,131,112,19,19
50722,81,80,1,1
50723,60,113,-53,53
50724,99,89,10,10
50725,37,70,-33,33
50726,131,111,20,20
50727,164,132,32,32
50728,63,64,-1,1
50729,208,174,34,34
50730,40,51,-11,11
50731,94,97,-3,3
50732,114,106,8,8
50733,72,73,-1,1
50734,83,74,9,9
50735,65,66,-1,1
50736,124,119,5,5
50737,45,50,-5,5
50738,78,72,6,6
50739,139,120,19,19
50740,63,64,-1,1
50741,88,88,0,0
50742,81,78,3,3
50743,79,66,13,13
50744,106,97,9,9
50745,129,113,16,16
50746,107,104,3,3
50747,67,74,-7,7
50748,119,109,10,10
50749,96,95,1,1
50750,96,80,16,16
50751,64,65,-1,1
50752,110,98,12,12
50753,122,116,6,6
50754,159,147,12,12
50755,84,83,1,1
50756,78,72,6,6
50757,186,172,14,14
50758,77,73,4,4
50759,95,83,12,12
50760,78,73,5,5
50761,84,97,-13,13
50762,115,101,14,14
50763,104,99,5,5
50764,84,74,10,10
50765,94,83,11,11
50766,103,89,14,14
50767,120,109,11,11
50768,80,81,-1,1
50769,63,53,10,10
50770,113,111,2,2
50771,82,85,-3,3
50772,111,103,8,8
50773,103,99,4,4
50774,122,111,11,11
50775,81,77,4,4
50776,141,130,11,11
50777,122,113,9,9
50778,136,122,14,14
50779,67,68,-1,1
50780,91,97,-6,6
50781,86,85,1,1
50782,97,85,12,12
50783,42,60,-18,18
50784,63,65,-2,2
50785,118,108,10,10
50786,81,86,-5,5
50787,62,57,5,5
50788,55,56,-1,1
50789,89,87,2,2
50790,71,70,1,1
50791,57,59,-2,2
50792,83,82,1,1
50793,153,134,19,19
50794,106,92,14,14
50795,122,103,19,19
50796,76,72,4,4
50797,90,87,3,3
50798,70,79,-9,9
50799,33,32,1,1
50800,83,75,8,8
50801,50,55,-5,5
50802,118,106,12,12
50803,115,103,12,12
50804,45,42,3,3
50805,58,55,3,3
50806,38,45,-7,7
50807,97,98,-1,1
50808,39,49,-10,10
50809,28,31,-3,3
50810,117,109,8,8
50811,115,95,20,20
50812,121,108,13,13
50813,105,103,2,2
50814,88,80,8,8
50815,64,72,-8,8
50816,85,81,4,4
50817,103,83,20,20
50818,76,72,4,4
50819,60,63,-3,3
50820,73,72,1,1
50821,70,61,9,9
50822,54,53,1,1
50823,83,87,-4,4
50824,77,74,3,3
50825,58,53,5,5
50826,105,89,16,16
50827,145,131,14,14
50828,119,98,21,21
50829,100,92,8,8
50830,84,82,2,2
50831,88,75,13,13
50832,90,80,10,10
50833,65,71,-6,6
50834,131,118,13,13
50835,76,86,-10,10
50836,166,158,8,8
50837,52,51,1,1
50838,156,144,12,12
50839,139,141,-2,2
50840,80,74,6,6
50841,73,75,-2,2
50842,94,86,8,8
50843,83,78,5,5
50844,108,93,15,15
50845,71,70,1,1
50846,98,99,-1,1
50847,94,86,8,8
50848,99,90,9,9
50849,29,31,-2,2
50850,85,74,11,11
50851,92,86,6,6
50852,96,93,3,3
50853,107,94,13,13
50854,31,51,-20,20
50855,80,60,20,20
50856,86,78,8,8
50857,147,129,18,18
50858,113,108,5,5
50859,58,54,4,4
50860,69,71,-2,2
50861,81,80,1,1
50862,105,100,5,5
50863,146,118,28,28
50864,126,112,14,14
50865,72,66,6,6
50866,110,98,12,12
50867,140,132,8,8
50868,93,82,11,11
50869,88,83,5,5
50870,84,92,-8,8
50871,57,55,2,2
50872,78,68,10,10
50873,76,70,6,6
50874,143,117,26,26
50875,108,131,-23,23
50876,45,55,-10,10
50877,87,84,3,3
50878,77,76,1,1
50879,96,108,-12,12
50880,84,76,8,8
50881,60,62,-2,2
50882,74,77,-3,3
50883,83,75,8,8
50884,69,64,5,5
50885,58,50,8,8
50886,73,68,5,5
50887,81,82,-1,1
50888,106,95,11,11
50889,140,138,2,2
50890,75,75,0,0
50891,102,96,6,6
50892,137,110,27,27
50893,63,88,-25,25
50894,80,71,9,9
50895,65,67,-2,2
50896,151,132,19,19
50897,138,129,9,9
50898,104,88,16,16
50899,142,126,16,16
50900,77,82,-5,5
50901,102,97,5,5
50902,83,79,4,4
50903,74,79,-5,5
50904,113,103,10,10
50905,115,103,12,12
50906,86,90,-4,4
50907,66,60,6,6
50908,123,107,16,16
50909,173,154,19,19
50910,138,133,5,5
50911,121,111,10,10
50912,187,169,18,18
50913,103,89,14,14
50914,93,137,-44,44
50915,134,119,15,15
50916,84,74,10,10
50917,140,123,17,17
50918,139,118,21,21
50919,112,113,-1,1
50920,81,76,5,5
50921,48,46,2,2
50922,111,100,11,11
50923,133,116,17,17
50924,158,139,19,19
50925,47,52,-5,5
50926,115,114,1,1
50927,59,65,-6,6
50928,136,121,15,15
50929,86,84,2,2
50930,89,91,-2,2
50931,104,100,4,4
50932,88,84,4,4
50933,68,69,-1,1
50934,105,90,15,15
50935,122,106,16,16
50936,93,80,13,13
50937,172,151,21,21
50938,77,80,-3,3
50939,141,123,18,18
50940,106,103,3,3
50941,102,101,1,1
50942,136,116,20,20
50943,83,72,11,11
50944,60,64,-4,4
50945,90,95,-5,5
50946,69,69,0,0
50947,96,87,9,9
50948,101,92,9,9
50949,90,73,17,17
50950,95,93,2,2
50951,80,86,-6,6
50952,91,89,2,2
50953,125,107,18,18
50954,85,75,10,10
50955,129,121,8,8
50956,117,111,6,6
50957,77,73,4,4
50958,82,83,-1,1
50959,135,120,15,15
50960,120,105,15,15
50961,89,78,11,11
50962,161,147,14,14
50963,70,69,1,1
50964,60,64,-4,4
50965,172,151,21,21
50966,136,119,17,17
50967,86,76,10,10
50968,106,105,1,1
50969,107,104,3,3
50970,98,94,4,4
50971,120,132,-12,12
50972,158,142,16,16
50973,61,57,4,4
50974,101,91,10,10
50975,94,90,4,4
50976,60,66,-6,6
50977,68,66,2,2
50978,99,83,16,16
50979,56,51,5,5
50980,110,93,17,17
50981,102,97,5,5
50982,83,81,2,2
50983,92,87,5,5
50984,77,68,9,9
50985,125,126,-1,1
50986,79,69,10,10
50987,67,61,6,6
50988,113,103,10,10
50989,122,116,6,6
50990,131,119,12,12
50991,104,91,13,13
50992,89,99,-10,10
50993,92,87,5,5
50994,217,142,75,75
50995,45,42,3,3
50996,69,75,-6,6
50997,112,109,3,3
50998,146,113,33,33
50999,95,91,4,4
51000,91,88,3,3
51001,70,70,0,0
51002,75,80,-5,5
51003,95,91,4,4
51004,112,92,20,20
51005,58,60,-2,2
51006,54,51,3,3
51007,94,91,3,3
51008,108,93,15,15
51009,89,85,4,4
51010,90,85,5,5
51011,129,115,14,14
51012,105,92,13,13
51013,94,85,9,9
51014,132,138,-6,6
51015,95,89,6,6
51016,68,59,9,9
51017,97,83,14,14
51018,128,109,19,19
51019,116,111,5,5
51020,93,88,5,5
51021,89,77,12,12
51022,176,165,11,11
51023,172,162,10,10
51024,54,51,3,3
51025,60,62,-2,2
51026,39,51,-12,12
51027,96,80,16,16
51028,60,75,-15,15
51029,52,51,1,1
51030,105,96,9,9
51031,137,125,12,12
51032,151,127,24,24
51033,108,113,-5,5
51034,100,90,10,10
51035,68,69,-1,1
51036,99,93,6,6
51037,100,93,7,7
51038,112,98,14,14
51039,78,67,11,11
51040,110,102,8,8
51041,70,62,8,8
51042,122,108,14,14
51043,72,74,-2,2
51044,191,162,29,29
51045,106,99,7,7
51046,102,93,9,9
51047,130,109,21,21
51048,83,79,4,4
51049,70,69,1,1
51050,93,91,2,2
51051,98,87,11,11
51052,72,69,3,3
51053,121,103,18,18
51054,157,138,19,19
51055,72,76,-4,4
51056,88,87,1,1
51057,109,100,9,9
51058,129,110,19,19
51059,185,159,26,26
51060,82,84,-2,2
51061,45,44,1,1
51062,47,51,-4,4
51063,75,78,-3,3
51064,107,90,17,17
51065,73,73,0,0
51066,90,83,7,7
51067,69,70,-1,1
51068,100,100,0,0
51069,87,77,10,10
51070,56,51,5,5
51071,83,73,10,10
51072,140,130,10,10
51073,64,54,10,10
51074,97,87,10,10
51075,86,81,5,5
51076,129,109,20,20
51077,119,103,16,16
51078,85,80,5,5
51079,109,94,15,15
51080,92,87,5,5
51081,152,125,27,27
51082,74,76,-2,2
51083,147,185,-38,38
51084,117,107,10,10
51085,85,90,-5,5
51086,115,117,-2,2
51087,96,87,9,9
51088,109,103,6,6
51089,70,68,2,2
51090,107,95,12,12
51091,71,77,-6,6
51092,80,79,1,1
51093,117,105,12,12
51094,149,138,11,11
51095,74,70,4,4
51096,100,89,11,11
51097,131,127,4,4
51098,100,94,6,6
51099,72,67,5,5
51100,92,101,-9,9
51101,68,64,4,4
51102,71,73,-2,2
51103,60,55,5,5
51104,74,72,2,2
51105,114,103,11,11
51106,44,46,-2,2
51107,104,106,-2,2
51108,143,131,12,12
51109,159,134,25,25
51110,76,72,4,4
51111,93,88,5,5
51112,91,84,7,7
51113,91,88,3,3
51114,188,155,33,33
51115,85,80,5,5
51116,58,51,7,7
51117,115,100,15,15
51118,51,52,-1,1
51119,49,51,-2,2
51120,108,103,5,5
51121,92,88,4,4
51122,102,96,6,6
51123,113,103,10,10
51124,100,92,8,8
51125,80,68,12,12
51126,109,108,1,1
51127,72,69,3,3
51128,91,90,1,1
51129,93,85,8,8
51130,44,43,1,1
51131,104,101,3,3
51132,50,60,-10,10
51133,76,76,0,0
51134,53,50,3,3
51135,119,107,12,12
51136,105,89,16,16
51137,110,115,-5,5
51138,148,138,10,10
51139,105,90,15,15
51140,139,120,19,19
51141,97,81,16,16
51142,113,95,18,18
51143,85,79,6,6
51144,113,100,13,13
51145,60,57,3,3
51146,66,59,7,7
51147,115,103,12,12
51148,30,57,-27,27
51149,76,69,7,7
51150,73,75,-2,2
51151,72,76,-4,4
51152,141,124,17,17
51153,58,64,-6,6
51154,101,94,7,7
51155,80,69,11,11
51156,76,72,4,4
51157,118,113,5,5
51158,97,92,5,5
51159,96,101,-5,5
51160,40,42,-2,2
51161,157,134,23,23
51162,125,111,14,14
51163,99,88,11,11
51164,66,63,3,3
51165,117,106,11,11
51166,94,95,-1,1
51167,54,57,-3,3
51168,62,56,6,6
51169,74,69,5,5
51170,166,144,22,22
51171,142,135,7,7
51172,81,88,-7,7
51173,110,112,-2,2
51174,114,99,15,15
51175,96,89,7,7
51176,54,55,-1,1
51177,97,93,4,4
51178,86,93,-7,7
51179,67,71,-4,4
51180,65,65,0,0
51181,89,88,1,1
51182,86,85,1,1
51183,71,71,0,0
51184,146,132,14,14
51185,81,67,14,14
51186,108,98,10,10
51187,116,105,11,11
51188,90,90,0,0
51189,108,93,15,15
51190,127,111,16,16
51191,60,58,2,2
51192,66,58,8,8
51193,180,157,23,23
51194,52,50,2,2
51195,93,87,6,6
51196,127,117,10,10
51197,96,83,13,13
51198,110,88,22,22
51199,102,100,2,2
51200,110,100,10,10
51201,72,63,9,9
51202,161,141,20,20
51203,89,76,13,13
51204,78,73,5,5
51205,77,80,-3,3
51206,80,73,7,7
51207,78,76,2,2
51208,135,110,25,25
51209,88,76,12,12
51210,102,80,22,22
51211,73,71,2,2
51212,101,92,9,9
51213,84,77,7,7
51214,87,80,7,7
51215,79,80,-1,1
51216,84,82,2,2
51217,140,127,13,13
51218,106,103,3,3
51219,75,64,11,11
51220,94,86,8,8
51221,79,81,-2,2
51222,93,87,6,6
51223,155,142,13,13
51224,97,96,1,1
51225,109,115,-6,6
51226,115,97,18,18
51227,126,110,16,16
51228,90,87,3,3
51229,72,71,1,1
51230,63,58,5,5
51231,105,96,9,9
51232,68,66,2,2
51233,143,123,20,20
51234,116,110,6,6
51235,121,117,4,4
51236,130,102,28,28
51237,75,69,6,6
51238,70,73,-3,3
51239,109,89,20,20
51240,98,88,10,10
51241,106,86,20,20
51242,76,74,2,2
51243,60,53,7,7
51244,68,71,-3,3
51245,165,137,28,28
51246,90,98,-8,8
51247,178,150,28,28
51248,79,79,0,0
51249,72,61,11,11
51250,87,81,6,6
51251,82,75,7,7
51252,57,57,0,0
51253,110,105,5,5
51254,111,104,7,7
51255,70,76,-6,6
51256,112,107,5,5
51257,52,51,1,1
51258,94,82,12,12
51259,97,92,5,5
51260,66,65,1,1
51261,67,69,-2,2
51262,66,67,-1,1
51263,107,100,7,7
51264,156,176,-20,20
51265,40,85,-45,45
51266,60,62,-2,2
51267,109,122,-13,13
51268,62,62,0,0
51269,126,107,19,19
51270,96,93,3,3
51271,106,90,16,16
51272,109,91,18,18
51273,77,72,5,5
51274,70,65,5,5
51275,75,92,-17,17
51276,194,169,25,25
51277,24,31,-7,7
51278,94,89,5,5
51279,102,86,16,16
51280,126,113,13,13
51281,150,119,31,31
51282,126,116,10,10
51283,82,83,-1,1
51284,92,97,-5,5
51285,87,80,7,7
51286,122,121,1,1
51287,129,124,5,5
51288,93,85,8,8
51289,62,65,-3,3
51290,148,137,11,11
51291,73,70,3,3
51292,114,98,16,16
51293,82,76,6,6
51294,99,95,4,4
51295,181,152,29,29
51296,158,133,25,25
51297,100,95,5,5
51298,143,128,15,15
51299,118,110,8,8
51300,85,79,6,6
51301,127,123,4,4
51302,83,86,-3,3
51303,95,86,9,9
51304,63,56,7,7
51305,76,69,7,7
51306,111,111,0,0
51307,69,70,-1,1
51308,100,84,16,16
51309,47,50,-3,3
51310,83,86,-3,3
51311,85,82,3,3
51312,74,71,3,3
51313,53,66,-13,13
51314,75,75,0,0
51315,71,81,-10,10
51316,108,97,11,11
51317,71,69,2,2
51318,121,109,12,12
51319,100,101,-1,1
51320,113,107,6,6
51321,86,76,10,10
51322,86,71,15,15
51323,115,104,11,11
51324,38,38,0,0
51325,140,122,18,18
51326,119,116,3,3
51327,104,98,6,6
51328,135,110,25,25
51329,147,122,25,25
51330,116,100,16,16
51331,137,122,15,15
51332,86,83,3,3
51333,96,90,6,6
51334,76,67,9,9
51335,64,56,8,8
51336,57,52,5,5
51337,90,97,-7,7
51338,56,71,-15,15
51339,84,87,-3,3
51340,109,92,17,17
51341,124,113,11,11
51342,138,115,23,23
51343,73,68,5,5
51344,98,89,9,9
51345,93,77,16,16
51346,51,44,7,7
51347,54,52,2,2
51348,62,61,1,1
51349,126,116,10,10
51350,85,78,7,7
51351,86,71,15,15
51352,67,58,9,9
51353,80,79,1,1
51354,55,59,-4,4
51355,115,105,10,10
51356,71,67,4,4
51357,86,78,8,8
51358,120,108,12,12
51359,94,84,10,10
51360,71,68,3,3
51361,106,109,-3,3
51362,101,90,11,11
51363,41,49,-8,8
51364,77,66,11,11
51365,130,112,18,18
51366,154,135,19,19
51367,102,87,15,15
51368,56,54,2,2
51369,108,96,12,12
51370,74,75,-1,1
51371,33,96,-63,63
51372,109,100,9,9
51373,113,101,12,12
51374,115,106,9,9
51375,73,71,2,2
51376,60,67,-7,7
51377,115,102,13,13
51378,85,87,-2,2
51379,121,100,21,21
51380,128,116,12,12
51381,76,83,-7,7
51382,158,141,17,17
51383,109,101,8,8
51384,47,51,-4,4
51385,76,67,9,9
51386,75,63,12,12
51387,92,78,14,14
51388,92,89,3,3
51389,110,90,20,20
51390,101,92,9,9
51391,95,85,10,10
51392,107,99,8,8
51393,96,90,6,6
51394,127,114,13,13
51395,104,98,6,6
51396,84,73,11,11
51397,44,43,1,1
51398,112,112,0,0
51399,94,101,-7,7
51400,65,62,3,3
51401,67,71,-4,4
51402,106,99,7,7
51403,85,74,11,11
51404,75,81,-6,6
51405,72,65,7,7
51406,99,78,21,21
51407,63,62,1,1
51408,157,142,15,15
51409,70,65,5,5
51410,79,70,9,9
51411,99,87,12,12
51412,100,95,5,5
51413,152,130,22,22
51414,111,113,-2,2
51415,73,72,1,1
51416,117,106,11,11
51417,74,71,3,3
51418,84,87,-3,3
51419,117,106,11,11
51420,70,70,0,0
51421,72,73,-1,1
51422,62,62,0,0
51423,90,89,1,1
51424,123,102,21,21
51425,81,77,4,4
51426,62,62,0,0
51427,74,70,4,4
51428,189,157,32,32
51429,97,95,2,2
51430,131,118,13,13
51431,66,71,-5,5
51432,131,115,16,16
51433,101,84,17,17
51434,205,179,26,26
51435,92,89,3,3
51436,74,80,-6,6
51437,108,94,14,14
51438,78,71,7,7
51439,69,72,-3,3
51440,92,77,15,15
51441,76,74,2,2
51442,83,75,8,8
51443,104,94,10,10
51444,85,77,8,8
51445,74,67,7,7
51446,134,128,6,6
51447,119,104,15,15
51448,92,81,11,11
51449,88,82,6,6
51450,126,122,4,4
51451,100,94,6,6
51452,45,54,-9,9
51453,131,110,21,21
51454,55,55,0,0
51455,180,157,23,23
51456,133,105,28,28
51457,94,61,33,33
51458,62,78,-16,16
51459,119,105,14,14
51460,183,162,21,21
51461,88,78,10,10
51462,115,86,29,29
51463,100,83,17,17
51464,64,69,-5,5
51465,83,100,-17,17
51466,138,131,7,7
51467,62,69,-7,7
51468,193,159,34,34
51469,90,76,14,14
51470,77,82,-5,5
51471,111,99,12,12
51472,99,83,16,16
51473,118,113,5,5
51474,131,114,17,17
51475,71,63,8,8
51476,78,76,2,2
51477,94,81,13,13
51478,92,89,3,3
51479,97,90,7,7
51480,89,82,7,7
51481,131,111,20,20
51482,119,93,26,26
51483,59,63,-4,4
51484,80,79,1,1
51485,116,100,16,16
51486,93,82,11,11
51487,72,73,-1,1
51488,185,148,37,37
51489,85,84,1,1
51490,108,102,6,6
51491,84,81,3,3
51492,100,96,4,4
51493,109,82,27,27
51494,43,43,0,0
51495,77,74,3,3
51496,87,76,11,11
51497,121,105,16,16
51498,109,104,5,5
51499,83,85,-2,2
51500,108,88,20,20
51501,166,132,34,34
51502,68,62,6,6
51503,112,116,-4,4
51504,103,98,5,5
51505,106,103,3,3
51506,33,33,0,0
51507,56,50,6,6
51508,72,69,3,3
51509,136,124,12,12
51510,79,75,4,4
51511,143,117,26,26
51512,103,92,11,11
51513,75,75,0,0
51514,73,70,3,3
51515,68,66,2,2
51516,68,78,-10,10
51517,102,81,21,21
51518,83,76,7,7
51519,70,77,-7,7
51520,88,80,8,8
51521,124,112,12,12
51522,111,105,6,6
51523,103,100,3,3
51524,104,94,10,10
51525,122,110,12,12
51526,119,111,8,8
51527,71,96,-25,25
51528,196,179,17,17
51529,70,65,5,5
51530,70,81,-11,11
51531,88,81,7,7
51532,122,108,14,14
51533,102,89,13,13
51534,119,104,15,15
51535,138,121,17,17
51536,165,141,24,24
51537,94,96,-2,2
51538,52,51,1,1
51539,86,78,8,8
51540,63,67,-4,4
51541,92,80,12,12
51542,65,60,5,5
51543,47,44,3,3
51544,62,57,5,5
51545,79,87,-8,8
51546,166,126,40,40
51547,96,83,13,13
51548,120,121,-1,1
51549,117,106,11,11
51550,99,87,12,12
51551,124,120,4,4
51552,138,114,24,24
51553,60,61,-1,1
51554,90,84,6,6
51555,76,77,-1,1
51556,113,123,-10,10
51557,129,117,12,12
51558,80,76,4,4
51559,99,89,10,10
51560,87,84,3,3
51561,74,70,4,4
51562,70,67,3,3
51563,50,54,-4,4
51564,83,76,7,7
51565,150,133,17,17
51566,104,93,11,11
51567,107,99,8,8
51568,101,86,15,15
51569,153,138,15,15
51570,81,77,4,4
51571,58,69,-11,11
51572,104,92,12,12
51573,64,59,5,5
51574,58,53,5,5
51575,137,128,9,9
51576,132,103,29,29
51577,110,102,8,8
51578,120,112,8,8
51579,92,87,5,5
51580,83,108,-25,25
51581,41,51,-10,10
51582,194,194,0,0
51583,79,68,11,11
51584,65,64,1,1
51585,126,122,4,4
51586,125,125,0,0
51587,148,130,18,18
51588,63,61,2,2
51589,82,84,-2,2
51590,127,113,14,14
51591,141,122,19,19
51592,98,96,2,2
51593,140,131,9,9
51594,92,82,10,10
51595,78,81,-3,3
51596,72,71,1,1
51597,133,110,23,23
51598,82,84,-2,2
51599,53,60,-7,7
51600,68,65,3,3
51601,135,121,14,14
51602,76,87,-11,11
51603,84,71,13,13
51604,109,98,11,11
51605,115,112,3,3
51606,32,31,1,1
51607,202,165,37,37
51608,64,59,5,5
51609,69,64,5,5
51610,61,59,2,2
51611,81,70,11,11
51612,81,84,-3,3
51613,103,93,10,10
51614,73,68,5,5
51615,103,110,-7,7
51616,153,144,9,9
51617,78,75,3,3
51618,100,90,10,10
51619,136,133,3,3
51620,58,57,1,1
51621,75,78,-3,3
51622,130,107,23,23
51623,127,107,20,20
51624,51,57,-6,6
51625,87,72,15,15
51626,99,92,7,7
51627,121,105,16,16
51628,83,81,2,2
51629,65,64,1,1
51630,86,81,5,5
51631,129,118,11,11
51632,77,82,-5,5
51633,63,68,-5,5
51634,70,66,4,4
51635,75,74,1,1
51636,75,74,1,1
51637,132,122,10,10
51638,157,142,15,15
51639,130,124,6,6
51640,80,81,-1,1
51641,97,94,3,3
51642,68,65,3,3
51643,98,94,4,4
51644,81,81,0,0
51645,51,51,0,0
51646,84,79,5,5
51647,79,75,4,4
51648,151,135,16,16
51649,82,77,5,5
51650,127,115,12,12
51651,63,65,-2,2
51652,97,88,9,9
51653,121,105,16,16
51654,157,137,20,20
51655,101,90,11,11
51656,160,150,10,10
51657,92,87,5,5
51658,107,106,1,1
51659,108,83,25,25
51660,119,96,23,23
51661,61,64,-3,3
51662,112,99,13,13
51663,71,65,6,6
51664,99,93,6,6
51665,68,73,-5,5
51666,116,114,2,2
51667,64,71,-7,7
51668,124,120,4,4
51669,139,124,15,15
51670,80,74,6,6
51671,157,135,22,22
51672,101,90,11,11
51673,114,101,13,13
51674,126,119,7,7
51675,148,131,17,17
51676,77,76,1,1
51677,187,164,23,23
51678,139,126,13,13
51679,164,141,23,23
51680,98,94,4,4
51681,86,84,2,2
51682,61,61,0,0
51683,143,137,6,6
51684,57,54,3,3
51685,52,50,2,2
51686,92,97,-5,5
51687,108,98,10,10
51688,156,127,29,29
51689,159,133,26,26
51690,157,132,25,25
51691,102,93,9,9
51692,138,117,21,21
51693,78,76,2,2
51694,83,69,14,14
51695,108,89,19,19
51696,60,56,4,4
51697,142,113,29,29
51698,55,55,0,0
51699,65,56,9,9
51700,125,112,13,13
51701,90,88,2,2
51702,74,71,3,3
51703,156,138,18,18
51704,76,74,2,2
51705,94,92,2,2
51706,84,77,7,7
51707,84,75,9,9
51708,68,73,-5,5
51709,144,129,15,15
51710,74,66,8,8
51711,104,100,4,4
51712,98,71,27,27
51713,92,86,6,6
51714,106,98,8,8
51715,94,87,7,7
51716,91,89,2,2
51717,61,42,19,19
51718,77,72,5,5
51719,71,71,0,0
51720,98,90,8,8
51721,73,76,-3,3
51722,103,101,2,2
51723,124,107,17,17
51724,135,114,21,21
51725,118,115,3,3
51726,96,94,2,2
51727,54,55,-1,1
51728,112,93,19,19
51729,72,72,0,0
51730,70,73,-3,3
51731,85,75,10,10
51732,51,48,3,3
51733,106,108,-2,2
51734,113,97,16,16
51735,76,65,11,11
51736,63,70,-7,7
51737,140,113,27,27
51738,103,90,13,13
51739,163,150,13,13
51740,126,114,12,12
51741,92,100,-8,8
51742,40,43,-3,3
51743,33,39,-6,6
51744,99,93,6,6
51745,113,95,18,18
51746,59,54,5,5
51747,88,98,-10,10
51748,58,57,1,1
51749,98,91,7,7
51750,135,111,24,24
51751,92,87,5,5
51752,101,95,6,6
51753,116,103,13,13
51754,171,154,17,17
51755,98,81,17,17
51756,99,90,9,9
51757,77,68,9,9
51758,99,87,12,12
51759,61,56,5,5
51760,124,96,28,28
51761,36,36,0,0
51762,124,103,21,21
51763,89,80,9,9
51764,144,136,8,8
51765,113,102,11,11
51766,157,137,20,20
51767,95,90,5,5
51768,101,99,2,2
51769,76,74,2,2
51770,65,74,-9,9
51771,222,169,53,53
51772,123,108,15,15
51773,71,87,-16,16
51774,102,87,15,15
51775,96,94,2,2
51776,105,94,11,11
51777,81,81,0,0
51778,122,126,-4,4
51779,64,65,-1,1
51780,43,56,-13,13
51781,114,96,18,18
51782,62,62,0,0
51783,104,105,-1,1
51784,175,169,6,6
51785,98,100,-2,2
51786,87,81,6,6
51787,144,130,14,14
51788,76,83,-7,7
51789,125,114,11,11
51790,70,68,2,2
51791,86,91,-5,5
51792,140,111,29,29
51793,44,53,-9,9
51794,101,89,12,12
51795,68,67,1,1
51796,155,139,16,16
51797,125,115,10,10
51798,49,51,-2,2
51799,140,133,7,7
51800,105,92,13,13
51801,192,179,13,13
51802,89,72,17,17
51803,140,122,18,18
51804,140,125,15,15
51805,112,107,5,5
51806,136,112,24,24
51807,76,80,-4,4
51808,64,68,-4,4
51809,64,73,-9,9
51810,83,80,3,3
51811,72,65,7,7
51812,145,133,12,12
51813,113,96,17,17
51814,114,97,17,17
51815,154,128,26,26
51816,67,64,3,3
51817,197,161,36,36
51818,61,60,1,1
51819,99,92,7,7
51820,91,86,5,5
51821,181,143,38,38
51822,45,43,2,2
51823,55,57,-2,2
51824,183,184,-1,1
51825,106,103,3,3
51826,57,56,1,1
51827,133,115,18,18
51828,36,39,-3,3
51829,98,97,1,1
51830,54,50,4,4
51831,140,129,11,11
51832,114,104,10,10
51833,99,88,11,11
51834,69,68,1,1
51835,144,127,17,17
51836,112,111,1,1
51837,101,90,11,11
51838,88,77,11,11
51839,88,83,5,5
51840,94,82,12,12
51841,67,62,5,5
51842,46,51,-5,5
51843,72,64,8,8
51844,80,69,11,11
51845,75,70,5,5
51846,94,81,13,13
51847,117,111,6,6
51848,67,66,1,1
51849,71,72,-1,1
51850,67,78,-11,11
51851,68,60,8,8
51852,91,84,7,7
51853,71,71,0,0
51854,114,107,7,7
51855,93,95,-2,2
51856,73,77,-4,4
51857,164,137,27,27
51858,132,113,19,19
51859,66,55,11,11
51860,153,122,31,31
51861,108,109,-1,1
51862,110,96,14,14
51863,156,128,28,28
51864,162,141,21,21
51865,150,137,13,13
51866,125,112,13,13
51867,61,61,0,0
51868,95,87,8,8
51869,152,123,29,29
51870,125,121,4,4
51871,119,97,22,22
51872,166,169,-3,3
51873,120,98,22,22
51874,58,56,2,2
51875,45,47,-2,2
51876,117,118,-1,1
51877,65,60,5,5
51878,105,104,1,1
51879,70,68,2,2
51880,78,71,7,7
51881,91,79,12,12
51882,78,69,9,9
51883,116,119,-3,3
51884,132,107,25,25
51885,143,123,20,20
51886,117,113,4,4
51887,147,142,5,5
51888,63,65,-2,2
51889,80,86,-6,6
51890,98,89,9,9
51891,51,56,-5,5
51892,51,51,0,0
51893,73,66,7,7
51894,95,82,13,13
51895,100,91,9,9
51896,74,79,-5,5
51897,110,93,17,17
51898,78,76,2,2
51899,54,58,-4,4
51900,115,106,9,9
51901,139,118,21,21
51902,73,76,-3,3
51903,67,67,0,0
51904,76,75,1,1
51905,108,97,11,11
51906,104,95,9,9
51907,130,118,12,12
51908,116,108,8,8
51909,57,58,-1,1
51910,102,98,4,4
51911,108,94,14,14
51912,95,83,12,12
51913,40,41,-1,1
51914,76,81,-5,5
51915,71,65,6,6
51916,137,126,11,11
51917,118,103,15,15
51918,129,116,13,13
51919,67,70,-3,3
51920,72,70,2,2
51921,111,110,1,1
51922,95,89,6,6
51923,130,130,0,0
51924,116,110,6,6
51925,68,65,3,3
51926,103,94,9,9
51927,95,90,5,5
51928,117,108,9,9
51929,62,51,11,11
51930,75,77,-2,2
51931,56,63,-7,7
51932,120,100,20,20
51933,113,104,9,9
51934,85,76,9,9
51935,71,84,-13,13
51936,130,123,7,7
51937,87,87,0,0
51938,156,137,19,19
51939,89,84,5,5
51940,61,59,2,2
51941,115,105,10,10
51942,144,121,23,23
51943,73,77,-4,4
51944,94,90,4,4
51945,102,92,10,10
51946,125,116,9,9
51947,71,63,8,8
51948,140,126,14,14
51949,143,124,19,19
51950,77,78,-1,1
51951,86,71,15,15
51952,70,65,5,5
51953,101,85,16,16
51954,82,77,5,5
51955,93,83,10,10
51956,55,58,-3,3
51957,138,134,4,4
51958,88,81,7,7
51959,81,78,3,3
51960,176,145,31,31
51961,90,89,1,1
51962,52,57,-5,5
51963,97,88,9,9
51964,45,53,-8,8
51965,114,111,3,3
51966,155,139,16,16
51967,151,161,-10,10
51968,60,61,-1,1
51969,82,72,10,10
51970,96,90,6,6
51971,126,105,21,21
51972,90,83,7,7
51973,83,67,16,16
51974,72,74,-2,2
51975,139,120,19,19
51976,137,125,12,12
51977,119,109,10,10
51978,115,92,23,23
51979,76,69,7,7
51980,80,91,-11,11
51981,101,86,15,15
51982,92,85,7,7
51983,65,65,0,0
51984,89,86,3,3
51985,72,68,4,4
51986,45,49,-4,4
51987,69,66,3,3
51988,81,76,5,5
51989,95,88,7,7
51990,76,75,1,1
51991,49,43,6,6
51992,97,93,4,4
51993,90,76,14,14
51994,130,118,12,12
51995,74,77,-3,3
51996,46,55,-9,9
51997,74,77,-3,3
51998,108,95,13,13
51999,115,111,4,4
52000,37,43,-6,6
52001,79,72,7,7
52002,75,74,1,1
52003,174,143,31,31
52004,107,97,10,10
52005,53,51,2,2
52006,83,80,3,3
52007,60,56,4,4
52008,98,94,4,4
52009,57,55,2,2
52010,54,53,1,1
52011,83,75,8,8
52012,182,183,-1,1
52013,107,108,-1,1
52014,89,93,-4,4
52015,105,97,8,8
52016,109,104,5,5
52017,141,118,23,23
52018,121,115,6,6
52019,91,97,-6,6
52020,117,104,13,13
52021,58,52,6,6
52022,80,67,13,13
52023,88,78,10,10
52024,80,77,3,3
52025,146,131,15,15
52026,105,95,10,10
52027,128,130,-2,2
52028,79,74,5,5
52029,123,117,6,6
52030,85,79,6,6
52031,77,70,7,7
52032,70,63,7,7
52033,100,94,6,6
52034,71,67,4,4
52035,123,109,14,14
52036,85,82,3,3
52037,113,104,9,9
52038,98,87,11,11
52039,67,72,-5,5
52040,130,124,6,6
52041,176,145,31,31
52042,117,106,11,11
52043,130,113,17,17
52044,114,102,12,12
52045,108,102,6,6
52046,111,108,3,3
52047,91,82,9,9
52048,153,130,23,23
52049,83,94,-11,11
52050,91,88,3,3
52051,103,96,7,7
52052,123,115,8,8
52053,57,60,-3,3
52054,115,103,12,12
52055,86,86,0,0
52056,147,127,20,20
52057,116,123,-7,7
52058,87,82,5,5
52059,81,77,4,4
52060,58,53,5,5
52061,97,79,18,18
52062,138,133,5,5
52063,74,68,6,6
52064,60,67,-7,7
52065,94,89,5,5
52066,150,131,19,19
52067,143,129,14,14
52068,72,68,4,4
52069,80,80,0,0
52070,94,90,4,4
52071,85,78,7,7
52072,108,96,12,12
52073,106,89,17,17
52074,86,83,3,3
52075,160,136,24,24
52076,84,77,7,7
52077,78,69,9,9
52078,89,89,0,0
52079,76,79,-3,3
52080,57,50,7,7
52081,93,87,6,6
52082,92,91,1,1
52083,79,91,-12,12
52084,105,97,8,8
52085,146,131,15,15
52086,79,82,-3,3
52087,96,93,3,3
52088,97,91,6,6
52089,74,70,4,4
52090,79,83,-4,4
52091,90,82,8,8
52092,133,123,10,10
52093,81,79,2,2
52094,140,124,16,16
52095,20,31,-11,11
52096,42,87,-45,45
52097,178,144,34,34
52098,57,65,-8,8
52099,91,90,1,1
52100,125,129,-4,4
52101,77,71,6,6
52102,73,72,1,1
52103,96,95,1,1
52104,63,60,3,3
52105,75,72,3,3
52106,117,103,14,14
52107,135,125,10,10
52108,105,104,1,1
52109,141,128,13,13
52110,123,102,21,21
52111,71,75,-4,4
52112,108,89,19,19
52113,104,100,4,4
52114,108,105,3,3
52115,93,87,6,6
52116,102,91,11,11
52117,99,82,17,17
52118,95,94,1,1
52119,53,51,2,2
52120,117,95,22,22
52121,79,88,-9,9
52122,55,64,-9,9
52123,163,149,14,14
52124,53,51,2,2
52125,80,76,4,4
52126,124,109,15,15
52127,75,67,8,8
52128,133,121,12,12
52129,83,79,4,4
52130,54,60,-6,6
52131,52,52,0,0
52132,67,68,-1,1
52133,75,68,7,7
52134,106,95,11,11
52135,140,125,15,15
52136,124,117,7,7
52137,65,69,-4,4
52138,94,94,0,0
52139,108,102,6,6
52140,132,109,23,23
52141,123,111,12,12
52142,73,79,-6,6
52143,246,206,40,40
52144,91,78,13,13
52145,48,52,-4,4
52146,109,92,17,17
52147,120,102,18,18
52148,71,62,9,9
52149,44,48,-4,4
52150,83,75,8,8
52151,77,67,10,10
52152,108,96,12,12
52153,76,71,5,5
52154,116,95,21,21
52155,98,103,-5,5
52156,114,98,16,16
52157,142,118,24,24
52158,92,96,-4,4
52159,82,73,9,9
52160,86,79,7,7
52161,65,65,0,0
52162,91,83,8,8
52163,158,145,13,13
52164,79,73,6,6
52165,89,77,12,12
52166,54,51,3,3
52167,144,116,28,28
52168,167,159,8,8
52169,94,97,-3,3
52170,75,71,4,4
52171,110,114,-4,4
52172,113,99,14,14
52173,63,62,1,1
52174,138,123,15,15
52175,101,90,11,11
52176,99,102,-3,3
52177,98,94,4,4
52178,138,144,-6,6
52179,116,108,8,8
52180,53,64,-11,11
52181,97,90,7,7
52182,79,64,15,15
52183,94,98,-4,4
52184,72,75,-3,3
52185,104,103,1,1
52186,113,95,18,18
52187,105,105,0,0
52188,84,78,6,6
52189,66,67,-1,1
52190,75,73,2,2
52191,106,94,12,12
52192,100,89,11,11
52193,75,79,-4,4
52194,45,39,6,6
52195,126,122,4,4
52196,102,91,11,11
52197,108,103,5,5
52198,99,87,12,12
52199,146,124,22,22
52200,107,100,7,7
52201,105,104,1,1
52202,58,52,6,6
52203,114,112,2,2
52204,151,123,28,28
52205,72,72,0,0
52206,79,69,10,10
52207,131,109,22,22
52208,91,84,7,7
52209,52,53,-1,1
52210,81,66,15,15
52211,85,68,17,17
52212,96,85,11,11
52213,42,50,-8,8
52214,73,63,10,10
52215,100,88,12,12
52216,104,94,10,10
52217,85,86,-1,1
52218,67,70,-3,3
52219,71,71,0,0
52220,100,88,12,12
52221,134,104,30,30
52222,104,101,3,3
52223,90,77,13,13
52224,96,114,-18,18
52225,61,78,-17,17
52226,65,67,-2,2
52227,139,127,12,12
52228,46,48,-2,2
52229,70,67,3,3
52230,142,124,18,18
52231,90,77,13,13
52232,112,94,18,18
52233,113,97,16,16
52234,59,64,-5,5
52235,111,99,12,12
52236,84,76,8,8
52237,74,66,8,8
52238,78,67,11,11
52239,145,137,8,8
52240,100,111,-11,11
52241,103,91,12,12
52242,55,52,3,3
52243,93,89,4,4
52244,78,71,7,7
52245,80,73,7,7
52246,104,89,15,15
52247,66,67,-1,1
52248,68,58,10,10
52249,60,53,7,7
52250,103,108,-5,5
52251,69,65,4,4
52252,92,86,6,6
52253,48,54,-6,6
52254,54,60,-6,6
52255,54,53,1,1
52256,58,60,-2,2
52257,160,131,29,29
52258,83,74,9,9
52259,90,79,11,11
52260,71,113,-42,42
52261,168,162,6,6
52262,137,130,7,7
52263,139,128,11,11
52264,74,66,8,8
52265,75,75,0,0
52266,65,57,8,8
52267,93,77,16,16
52268,94,86,8,8
52269,65,74,-9,9
52270,110,105,5,5
52271,29,34,-5,5
52272,91,82,9,9
52273,78,72,6,6
52274,77,74,3,3
52275,93,87,6,6
52276,158,138,20,20
52277,206,178,28,28
52278,98,93,5,5
52279,131,118,13,13
52280,115,100,15,15
52281,129,104,25,25
52282,97,86,11,11
52283,97,87,10,10
52284,78,87,-9,9
52285,81,78,3,3
52286,107,99,8,8
52287,80,78,2,2
52288,67,66,1,1
52289,66,69,-3,3
52290,56,54,2,2
52291,72,67,5,5
52292,50,54,-4,4
52293,70,96,-26,26
52294,128,109,19,19
52295,138,131,7,7
52296,38,39,-1,1
52297,113,102,11,11
52298,168,150,18,18
52299,115,97,18,18
52300,88,82,6,6
52301,80,75,5,5
52302,124,120,4,4
52303,190,168,22,22
52304,92,90,2,2
52305,83,78,5,5
52306,78,76,2,2
52307,64,57,7,7
52308,121,110,11,11
52309,74,72,2,2
52310,59,58,1,1
52311,200,145,55,55
52312,157,136,21,21
52313,86,80,6,6
52314,126,114,12,12
52315,75,71,4,4
52316,95,101,-6,6
52317,118,99,19,19
52318,174,149,25,25
52319,148,129,19,19
52320,70,73,-3,3
52321,99,92,7,7
52322,73,71,2,2
52323,178,142,36,36
52324,127,114,13,13
52325,137,126,11,11
52326,35,44,-9,9
52327,58,58,0,0
52328,104,100,4,4
52329,85,80,5,5
52330,91,85,6,6
52331,40,38,2,2
52332,83,79,4,4
52333,100,100,0,0
52334,73,75,-2,2
52335,51,56,-5,5
52336,263,183,80,80
52337,87,85,2,2
52338,85,78,7,7
52339,85,80,5,5
52340,89,78,11,11
52341,176,158,18,18
52342,103,95,8,8
52343,128,126,2,2
52344,166,153,13,13
52345,92,100,-8,8
52346,100,93,7,7
52347,98,84,14,14
52348,57,57,0,0
52349,127,108,19,19
52350,86,84,2,2
52351,144,133,11,11
52352,60,61,-1,1
52353,113,103,10,10
52354,113,102,11,11
52355,103,93,10,10
52356,90,82,8,8
52357,56,47,9,9
52358,47,51,-4,4
52359,105,100,5,5
52360,61,61,0,0
52361,128,123,5,5
52362,55,73,-18,18
52363,67,61,6,6
52364,65,63,2,2
52365,116,101,15,15
52366,76,76,0,0
52367,41,43,-2,2
52368,83,72,11,11
52369,82,84,-2,2
52370,50,54,-4,4
52371,81,84,-3,3
52372,57,51,6,6
52373,83,77,6,6
52374,87,91,-4,4
52375,56,51,5,5
52376,68,64,4,4
52377,71,64,7,7
52378,77,74,3,3
52379,67,61,6,6
52380,120,100,20,20
52381,74,72,2,2
52382,121,113,8,8
52383,73,73,0,0
52384,53,53,0,0
52385,68,69,-1,1
52386,95,86,9,9
52387,103,100,3,3
52388,46,51,-5,5
52389,73,61,12,12
52390,148,131,17,17
52391,145,119,26,26
52392,105,90,15,15
52393,71,70,1,1
52394,43,51,-8,8
52395,106,99,7,7
52396,114,105,9,9
52397,80,72,8,8
52398,64,78,-14,14
52399,125,105,20,20
52400,84,88,-4,4
52401,86,85,1,1
52402,101,91,10,10
52403,95,86,9,9
52404,90,89,1,1
52405,93,84,9,9
52406,62,63,-1,1
52407,146,128,18,18
52408,87,83,4,4
52409,85,76,9,9
52410,134,112,22,22
52411,82,71,11,11
52412,46,45,1,1
52413,73,63,10,10
52414,23,38,-15,15
52415,167,143,24,24
52416,116,90,26,26
52417,112,107,5,5
52418,227,198,29,29
52419,108,103,5,5
52420,93,87,6,6
52421,76,73,3,3
52422,75,73,2,2
52423,74,76,-2,2
52424,85,71,14,14
52425,68,69,-1,1
52426,93,80,13,13
52427,143,128,15,15
52428,132,116,16,16
52429,68,64,4,4
52430,49,53,-4,4
52431,116,100,16,16
52432,87,78,9,9
52433,114,97,17,17
52434,133,118,15,15
52435,81,74,7,7
52436,105,89,16,16
52437,88,84,4,4
52438,158,128,30,30
52439,82,72,10,10
52440,91,87,4,4
52441,158,146,12,12
52442,77,76,1,1
52443,61,81,-20,20
52444,57,56,1,1
52445,76,75,1,1
52446,80,77,3,3
52447,90,91,-1,1
52448,75,63,12,12
52449,105,94,11,11
52450,99,90,9,9
52451,134,126,8,8
52452,70,72,-2,2
52453,139,134,5,5
52454,67,63,4,4
52455,186,153,33,33
52456,101,92,9,9
52457,142,129,13,13
52458,66,58,8,8
52459,88,79,9,9
52460,79,80,-1,1
52461,80,77,3,3
52462,103,104,-1,1
52463,133,133,0,0
52464,21,54,-33,33
52465,98,80,18,18
52466,67,61,6,6
52467,117,128,-11,11
52468,71,68,3,3
52469,45,46,-1,1
52470,90,77,13,13
52471,122,99,23,23
52472,133,117,16,16
52473,70,65,5,5
52474,99,98,1,1
52475,161,138,23,23
52476,123,107,16,16
52477,116,101,15,15
52478,148,121,27,27
52479,55,50,5,5
52480,107,102,5,5
52481,69,63,6,6
52482,103,110,-7,7
52483,50,51,-1,1
52484,76,74,2,2
52485,98,93,5,5
52486,63,64,-1,1
52487,69,65,4,4
52488,115,105,10,10
52489,64,59,5,5
52490,80,75,5,5
52491,93,81,12,12
52492,93,87,6,6
52493,107,92,15,15
52494,91,85,6,6
52495,73,82,-9,9
52496,163,137,26,26
52497,82,71,11,11
52498,133,115,18,18
52499,70,76,-6,6
52500,74,74,0,0
52501,72,69,3,3
52502,51,44,7,7
52503,192,156,36,36
52504,59,69,-10,10
52505,69,64,5,5
52506,47,49,-2,2
52507,146,144,2,2
52508,149,124,25,25
52509,96,103,-7,7
52510,73,62,11,11
52511,143,123,20,20
52512,101,98,3,3
52513,96,93,3,3
52514,108,108,0,0
52515,77,73,4,4
52516,45,51,-6,6
52517,89,89,0,0
52518,160,137,23,23
52519,97,95,2,2
52520,82,77,5,5
52521,80,70,10,10
52522,70,65,5,5
52523,123,105,18,18
52524,109,97,12,12
52525,162,146,16,16
52526,129,117,12,12
52527,80,74,6,6
52528,49,55,-6,6
52529,129,103,26,26
52530,79,71,8,8
52531,89,92,-3,3
52532,92,89,3,3
52533,87,74,13,13
52534,104,87,17,17
52535,106,87,19,19
52536,169,155,14,14
52537,96,101,-5,5
52538,66,66,0,0
52539,140,126,14,14
52540,128,110,18,18
52541,82,74,8,8
52542,128,109,19,19
52543,109,103,6,6
52544,59,60,-1,1
52545,61,62,-1,1
52546,109,85,24,24
52547,72,74,-2,2
52548,57,58,-1,1
52549,94,93,1,1
52550,86,82,4,4
52551,57,59,-2,2
52552,142,125,17,17
52553,79,82,-3,3
52554,150,133,17,17
52555,122,125,-3,3
52556,106,102,4,4
52557,41,46,-5,5
52558,218,184,34,34
52559,106,93,13,13
52560,80,71,9,9
52561,87,82,5,5
52562,121,118,3,3
52563,68,63,5,5
52564,79,78,1,1
52565,63,59,4,4
52566,57,66,-9,9
52567,132,127,5,5
52568,86,82,4,4
52569,92,85,7,7
52570,187,160,27,27
52571,97,87,10,10
52572,135,123,12,12
52573,126,103,23,23
52574,79,76,3,3
52575,69,75,-6,6
52576,142,133,9,9
52577,97,86,11,11
52578,104,103,1,1
52579,112,107,5,5
52580,168,157,11,11
52581,145,120,25,25
52582,137,121,16,16
52583,142,121,21,21
52584,81,71,10,10
52585,97,87,10,10
52586,90,75,15,15
52587,121,128,-7,7
52588,71,73,-2,2
52589,61,58,3,3
52590,95,104,-9,9
52591,95,108,-13,13
52592,53,58,-5,5
52593,126,119,7,7
52594,72,76,-4,4
52595,86,74,12,12
52596,141,134,7,7
52597,96,96,0,0
52598,98,98,0,0
52599,123,111,12,12
52600,46,49,-3,3
52601,95,80,15,15
52602,127,112,15,15
52603,153,124,29,29
52604,115,101,14,14
52605,104,91,13,13
52606,53,54,-1,1
52607,95,84,11,11
52608,88,80,8,8
52609,133,107,26,26
52610,88,82,6,6
52611,25,43,-18,18
52612,142,115,27,27
52613,98,94,4,4
52614,93,85,8,8
52615,99,87,12,12
52616,152,135,17,17
52617,124,112,12,12
52618,112,108,4,4
52619,134,111,23,23
52620,104,102,2,2
52621,86,80,6,6
52622,117,108,9,9
52623,77,74,3,3
52624,88,85,3,3
52625,72,65,7,7
52626,87,100,-13,13
52627,80,76,4,4
52628,103,94,9,9
52629,136,127,9,9
52630,105,104,1,1
52631,96,87,9,9
52632,90,77,13,13
52633,53,50,3,3
52634,77,73,4,4
52635,60,57,3,3
52636,115,113,2,2
52637,93,83,10,10
52638,91,76,15,15
52639,162,146,16,16
52640,115,96,19,19
52641,148,144,4,4
52642,68,63,5,5
52643,79,81,-2,2
52644,53,52,1,1
52645,60,58,2,2
52646,63,69,-6,6
52647,102,95,7,7
52648,111,98,13,13
52649,116,105,11,11
52650,50,50,0,0
52651,113,97,16,16
52652,46,55,-9,9
52653,62,59,3,3
52654,112,102,10,10
52655,58,65,-7,7
52656,85,83,2,2
52657,111,95,16,16
52658,105,99,6,6
52659,113,113,0,0
52660,174,148,26,26
52661,125,108,17,17
52662,109,98,11,11
52663,67,65,2,2
52664,76,64,12,12
52665,193,220,-27,27
52666,128,117,11,11
52667,88,79,9,9
52668,70,73,-3,3
52669,63,62,1,1
52670,148,127,21,21
52671,89,91,-2,2
52672,152,139,13,13
52673,62,62,0,0
52674,141,113,28,28
52675,48,52,-4,4
52676,185,160,25,25
52677,89,82,7,7
52678,87,78,9,9
52679,50,52,-2,2
52680,79,69,10,10
52681,124,125,-1,1
52682,109,98,11,11
52683,54,55,-1,1
52684,90,82,8,8
52685,85,81,4,4
52686,35,91,-56,56
52687,86,80,6,6
52688,47,51,-4,4
52689,103,89,14,14
52690,105,101,4,4
52691,47,58,-11,11
52692,44,50,-6,6
52693,137,117,20,20
52694,69,73,-4,4
52695,47,50,-3,3
52696,63,61,2,2
52697,118,111,7,7
52698,83,83,0,0
52699,80,88,-8,8
52700,119,94,25,25
52701,107,109,-2,2
52702,100,105,-5,5
52703,96,93,3,3
52704,90,93,-3,3
52705,136,121,15,15
52706,142,136,6,6
52707,82,79,3,3
52708,64,51,13,13
52709,89,86,3,3
52710,49,53,-4,4
52711,138,117,21,21
52712,74,61,13,13
52713,55,66,-11,11
52714,147,118,29,29
52715,87,85,2,2
52716,67,74,-7,7
52717,90,78,12,12
52718,72,84,-12,12
52719,110,100,10,10
52720,166,155,11,11
52721,128,99,29,29
52722,70,73,-3,3
52723,95,92,3,3
52724,58,51,7,7
52725,95,90,5,5
52726,78,79,-1,1
52727,99,97,2,2
52728,79,70,9,9
52729,96,81,15,15
52730,87,77,10,10
52731,57,61,-4,4
52732,67,64,3,3
52733,84,85,-1,1
52734,73,73,0,0
52735,77,74,3,3
52736,65,62,3,3
52737,34,45,-11,11
52738,103,93,10,10
52739,117,115,2,2
52740,73,62,11,11
52741,121,105,16,16
52742,67,70,-3,3
52743,118,93,25,25
52744,145,132,13,13
52745,83,78,5,5
52746,105,95,10,10
52747,81,68,13,13
52748,92,88,4,4
52749,44,43,1,1
52750,104,96,8,8
52751,45,44,1,1
52752,96,84,12,12
52753,115,110,5,5
52754,91,91,0,0
52755,64,72,-8,8
52756,63,59,4,4
52757,83,80,3,3
52758,126,116,10,10
52759,57,62,-5,5
52760,209,175,34,34
52761,153,125,28,28
52762,57,57,0,0
52763,70,64,6,6
52764,118,117,1,1
52765,110,104,6,6
52766,63,54,9,9
52767,117,102,15,15
52768,151,119,32,32
52769,135,135,0,0
52770,75,69,6,6
52771,121,106,15,15
52772,142,136,6,6
52773,107,93,14,14
52774,87,83,4,4
52775,83,81,2,2
52776,54,49,5,5
52777,120,110,10,10
52778,75,75,0,0
52779,116,109,7,7
52780,80,77,3,3
52781,132,128,4,4
52782,61,63,-2,2
52783,70,75,-5,5
52784,57,50,7,7
52785,137,123,14,14
52786,112,91,21,21
52787,77,73,4,4
52788,78,75,3,3
52789,94,92,2,2
52790,85,82,3,3
52791,61,56,5,5
52792,80,76,4,4
52793,116,99,17,17
52794,64,78,-14,14
52795,69,70,-1,1
52796,124,99,25,25
52797,78,61,17,17
52798,109,105,4,4
52799,90,80,10,10
52800,148,134,14,14
52801,64,63,1,1
52802,59,57,2,2
52803,42,39,3,3
52804,132,118,14,14
52805,132,118,14,14
52806,68,58,10,10
52807,173,166,7,7
52808,73,69,4,4
52809,88,82,6,6
52810,95,85,10,10
52811,56,54,2,2
52812,83,72,11,11
52813,131,121,10,10
52814,65,71,-6,6
52815,77,74,3,3
52816,110,107,3,3
52817,80,103,-23,23
52818,76,69,7,7
52819,73,73,0,0
52820,66,65,1,1
52821,149,124,25,25
52822,55,56,-1,1
52823,60,51,9,9
52824,151,136,15,15
52825,112,110,2,2
52826,67,61,6,6
52827,67,80,-13,13
52828,77,81,-4,4
52829,114,110,4,4
52830,123,123,0,0
52831,83,78,5,5
52832,42,54,-12,12
52833,104,104,0,0
52834,90,85,5,5
52835,107,108,-1,1
52836,153,128,25,25
52837,68,64,4,4
52838,41,45,-4,4
52839,82,78,4,4
52840,55,53,2,2
52841,114,100,14,14
52842,92,82,10,10
52843,90,90,0,0
52844,70,68,2,2
52845,75,75,0,0
52846,112,86,26,26
52847,76,75,1,1
52848,107,77,30,30
52849,96,90,6,6
52850,107,98,9,9
52851,46,49,-3,3
52852,103,105,-2,2
52853,122,108,14,14
52854,117,106,11,11
52855,69,76,-7,7
52856,100,97,3,3
52857,70,58,12,12
52858,96,98,-2,2
52859,89,80,9,9
52860,112,104,8,8
52861,93,103,-10,10
52862,104,93,11,11
52863,79,76,3,3
52864,150,129,21,21
52865,145,132,13,13
52866,135,125,10,10
52867,61,62,-1,1
52868,75,74,1,1
52869,63,57,6,6
52870,77,76,1,1
52871,115,113,2,2
52872,94,84,10,10
52873,60,56,4,4
52874,99,93,6,6
52875,162,154,8,8
52876,89,88,1,1
52877,84,84,0,0
52878,90,92,-2,2
52879,132,116,16,16
52880,106,91,15,15
52881,50,43,7,7
52882,66,56,10,10
52883,153,132,21,21
52884,55,54,1,1
52885,92,81,11,11
52886,113,105,8,8
52887,54,54,0,0
52888,132,118,14,14
52889,116,96,20,20
52890,88,203,-115,115
52891,127,114,13,13
52892,80,79,1,1
52893,125,104,21,21
52894,108,93,15,15
52895,104,96,8,8
52896,62,67,-5,5
52897,76,76,0,0
52898,77,77,0,0
52899,120,107,13,13
52900,71,71,0,0
52901,54,64,-10,10
52902,115,112,3,3
52903,138,130,8,8
52904,95,84,11,11
52905,31,35,-4,4
52906,46,39,7,7
52907,147,119,28,28
52908,129,127,2,2
52909,82,65,17,17
52910,81,81,0,0
52911,62,59,3,3
52912,140,122,18,18
52913,101,93,8,8
52914,120,100,20,20
52915,48,48,0,0
52916,132,118,14,14
52917,164,137,27,27
52918,48,60,-12,12
52919,81,86,-5,5
52920,74,74,0,0
52921,79,86,-7,7
52922,97,93,4,4
52923,81,83,-2,2
52924,47,51,-4,4
52925,97,95,2,2
52926,59,66,-7,7
52927,68,61,7,7
52928,67,63,4,4
52929,66,65,1,1
52930,143,119,24,24
52931,88,82,6,6
52932,96,90,6,6
52933,169,129,40,40
52934,106,88,18,18
52935,106,99,7,7
52936,78,75,3,3
52937,107,105,2,2
52938,132,129,3,3
52939,88,71,17,17
52940,68,77,-9,9
52941,104,90,14,14
52942,79,75,4,4
52943,96,85,11,11
52944,159,141,18,18
52945,133,124,9,9
52946,81,79,2,2
52947,67,70,-3,3
52948,86,84,2,2
52949,75,72,3,3
52950,106,102,4,4
52951,55,61,-6,6
52952,167,138,29,29
52953,33,32,1,1
52954,114,115,-1,1
52955,153,126,27,27
52956,76,74,2,2
52957,74,77,-3,3
52958,152,142,10,10
52959,176,130,46,46
52960,86,77,9,9
52961,191,155,36,36
52962,116,106,10,10
52963,87,78,9,9
52964,133,119,14,14
52965,131,127,4,4
52966,96,89,7,7
52967,113,107,6,6
52968,52,52,0,0
52969,68,71,-3,3
52970,110,99,11,11
52971,58,58,0,0
52972,104,112,-8,8
52973,93,86,7,7
52974,118,110,8,8
52975,92,89,3,3
52976,77,77,0,0
52977,43,42,1,1
52978,19,34,-15,15
52979,156,127,29,29
52980,145,130,15,15
52981,85,83,2,2
52982,85,69,16,16
52983,121,103,18,18
52984,76,70,6,6
52985,137,130,7,7
52986,76,73,3,3
52987,91,81,10,10
52988,93,82,11,11
52989,133,127,6,6
52990,128,111,17,17
52991,106,99,7,7
52992,77,76,1,1
52993,104,92,12,12
52994,82,75,7,7
52995,77,73,4,4
52996,91,96,-5,5
52997,73,91,-18,18
52998,144,125,19,19
52999,103,92,11,11
53000,97,105,-8,8
53001,238,203,35,35
53002,87,77,10,10
53003,135,119,16,16
53004,63,62,1,1
53005,95,86,9,9
53006,42,42,0,0
53007,69,71,-2,2
53008,98,85,13,13
53009,147,135,12,12
53010,108,104,4,4
53011,52,51,1,1
53012,69,66,3,3
53013,92,74,18,18
53014,129,120,9,9
53015,83,82,1,1
53016,108,104,4,4
53017,126,120,6,6
53018,84,78,6,6
53019,86,71,15,15
53020,82,94,-12,12
53021,88,86,2,2
53022,101,81,20,20
53023,130,110,20,20
53024,83,82,1,1
53025,118,118,0,0
53026,106,97,9,9
53027,108,104,4,4
53028,85,66,19,19
53029,133,115,18,18
53030,77,69,8,8
53031,110,95,15,15
53032,71,77,-6,6
53033,72,76,-4,4
53034,44,45,-1,1
53035,69,61,8,8
53036,106,94,12,12
53037,103,95,8,8
53038,82,72,10,10
53039,119,119,0,0
53040,94,91,3,3
53041,67,65,2,2
53042,81,74,7,7
53043,102,87,15,15
53044,68,64,4,4
53045,154,129,25,25
53046,80,71,9,9
53047,120,104,16,16
53048,59,56,3,3
53049,149,137,12,12
53050,66,69,-3,3
53051,80,63,17,17
53052,61,59,2,2
53053,40,49,-9,9
53054,80,82,-2,2
53055,54,52,2,2
53056,90,102,-12,12
53057,107,97,10,10
53058,62,62,0,0
53059,157,150,7,7
53060,113,100,13,13
53061,107,109,-2,2
53062,87,70,17,17
53063,90,83,7,7
53064,155,135,20,20
53065,37,46,-9,9
53066,66,69,-3,3
53067,92,89,3,3
53068,74,67,7,7
53069,38,31,7,7
53070,83,72,11,11
53071,90,93,-3,3
53072,262,292,-30,30
53073,83,79,4,4
53074,65,57,8,8
53075,84,73,11,11
53076,50,51,-1,1
53077,95,97,-2,2
53078,80,83,-3,3
53079,135,117,18,18
53080,75,69,6,6
53081,79,78,1,1
53082,179,158,21,21
53083,119,109,10,10
53084,89,74,15,15
53085,58,63,-5,5
53086,98,97,1,1
53087,58,56,2,2
53088,62,61,1,1
53089,65,61,4,4
53090,90,82,8,8
53091,134,114,20,20
53092,61,60,1,1
53093,142,127,15,15
53094,71,72,-1,1
53095,147,115,32,32
53096,122,113,9,9
53097,151,129,22,22
53098,105,97,8,8
53099,56,58,-2,2
53100,124,118,6,6
53101,140,135,5,5
53102,107,96,11,11
53103,103,100,3,3
53104,98,84,14,14
53105,63,51,12,12
53106,51,55,-4,4
53107,81,75,6,6
53108,65,67,-2,2
53109,150,132,18,18
53110,134,122,12,12
53111,46,41,5,5
53112,120,101,19,19
53113,80,79,1,1
53114,93,84,9,9
53115,176,144,32,32
53116,115,113,2,2
53117,128,118,10,10
53118,143,125,18,18
53119,55,53,2,2
53120,85,72,13,13
53121,102,87,15,15
53122,54,54,0,0
53123,151,115,36,36
53124,83,72,11,11
53125,47,50,-3,3
53126,80,73,7,7
53127,126,109,17,17
53128,105,101,4,4
53129,103,103,0,0
53130,70,73,-3,3
53131,64,63,1,1
53132,116,105,11,11
53133,124,124,0,0
53134,89,80,9,9
53135,73,74,-1,1
53136,131,125,6,6
53137,120,102,18,18
53138,102,89,13,13
53139,88,76,12,12
53140,82,78,4,4
53141,88,82,6,6
53142,135,107,28,28
53143,119,105,14,14
53144,67,68,-1,1
53145,55,51,4,4
53146,170,152,18,18
53147,125,126,-1,1
53148,132,109,23,23
53149,146,133,13,13
53150,83,76,7,7
53151,85,77,8,8
53152,101,94,7,7
53153,84,83,1,1
53154,135,115,20,20
53155,54,52,2,2
53156,74,60,14,14
53157,72,72,0,0
53158,112,87,25,25
53159,137,128,9,9
53160,82,70,12,12
53161,121,102,19,19
53162,83,79,4,4
53163,112,110,2,2
53164,66,60,6,6
53165,90,80,10,10
53166,111,110,1,1
53167,70,72,-2,2
53168,98,96,2,2
53169,101,90,11,11
53170,108,92,16,16
53171,77,73,4,4
53172,94,91,3,3
53173,77,79,-2,2
53174,52,62,-10,10
53175,114,107,7,7
53176,79,76,3,3
53177,43,53,-10,10
53178,110,92,18,18
53179,51,49,2,2
53180,81,75,6,6
53181,122,106,16,16
53182,128,120,8,8
53183,92,101,-9,9
53184,111,100,11,11
53185,106,91,15,15
53186,56,57,-1,1
53187,137,115,22,22
53188,75,63,12,12
53189,71,66,5,5
53190,67,64,3,3
53191,89,82,7,7
53192,96,91,5,5
53193,106,101,5,5
53194,71,67,4,4
53195,128,108,20,20
53196,63,64,-1,1
53197,82,72,10,10
53198,67,63,4,4
53199,80,75,5,5
53200,124,110,14,14
53201,117,104,13,13
53202,115,114,1,1
53203,107,102,5,5
53204,65,63,2,2
53205,119,110,9,9
53206,88,90,-2,2
53207,53,59,-6,6
53208,156,134,22,22
53209,71,67,4,4
53210,89,84,5,5
53211,88,75,13,13
53212,113,101,12,12
53213,43,49,-6,6
53214,106,99,7,7
53215,85,80,5,5
53216,108,118,-10,10
53217,70,60,10,10
53218,163,145,18,18
53219,102,96,6,6
53220,74,71,3,3
53221,60,60,0,0
53222,107,96,11,11
53223,59,73,-14,14
53224,90,72,18,18
53225,134,117,17,17
53226,159,140,19,19
53227,99,85,14,14
53228,75,73,2,2
53229,62,54,8,8
53230,93,86,7,7
53231,101,93,8,8
53232,61,65,-4,4
53233,88,71,17,17
53234,99,97,2,2
53235,45,49,-4,4
53236,65,66,-1,1
53237,120,102,18,18
53238,85,80,5,5
53239,76,76,0,0
53240,111,96,15,15
53241,75,71,4,4
53242,96,91,5,5
53243,134,110,24,24
53244,62,52,10,10
53245,69,61,8,8
53246,95,90,5,5
53247,93,82,11,11
53248,73,73,0,0
53249,89,73,16,16
53250,59,51,8,8
53251,73,66,7,7
53252,115,110,5,5
53253,86,80,6,6
53254,141,145,-4,4
53255,109,119,-10,10
53256,112,92,20,20
53257,74,73,1,1
53258,57,57,0,0
53259,61,63,-2,2
53260,104,98,6,6
53261,111,90,21,21
53262,80,76,4,4
53263,107,94,13,13
53264,43,46,-3,3
53265,71,74,-3,3
53266,54,53,1,1
53267,74,79,-5,5
53268,77,71,6,6
53269,86,93,-7,7
53270,65,64,1,1
53271,103,86,17,17
53272,67,70,-3,3
53273,77,64,13,13
53274,53,61,-8,8
53275,128,109,19,19
53276,75,76,-1,1
53277,111,123,-12,12
53278,94,88,6,6
53279,93,84,9,9
53280,131,110,21,21
53281,61,85,-24,24
53282,69,59,10,10
53283,70,55,15,15
53284,50,52,-2,2
53285,69,64,5,5
53286,101,86,15,15
53287,86,76,10,10
53288,98,88,10,10
53289,140,98,42,42
53290,88,83,5,5
53291,51,51,0,0
53292,72,72,0,0
53293,109,105,4,4
53294,67,75,-8,8
53295,114,100,14,14
53296,98,86,12,12
53297,98,98,0,0
53298,107,107,0,0
53299,133,133,0,0
53300,161,149,12,12
53301,161,124,37,37
53302,125,112,13,13
53303,90,84,6,6
53304,112,107,5,5
53305,61,62,-1,1
53306,186,169,17,17
53307,102,103,-1,1
53308,273,245,28,28
53309,125,120,5,5
53310,124,123,1,1
53311,115,101,14,14
53312,86,79,7,7
53313,67,65,2,2
53314,90,87,3,3
53315,146,128,18,18
53316,64,62,2,2
53317,78,72,6,6
53318,73,66,7,7
53319,132,115,17,17
53320,78,74,4,4
53321,108,106,2,2
53322,72,66,6,6
53323,112,110,2,2
53324,110,101,9,9
53325,157,136,21,21
53326,87,78,9,9
53327,63,58,5,5
53328,47,49,-2,2
53329,55,56,-1,1
53330,57,54,3,3
53331,77,77,0,0
53332,73,67,6,6
53333,52,51,1,1
53334,60,74,-14,14
53335,171,167,4,4
53336,153,135,18,18
53337,128,117,11,11
53338,101,93,8,8
53339,58,59,-1,1
53340,67,63,4,4
53341,58,61,-3,3
53342,69,64,5,5
53343,198,159,39,39
53344,85,74,11,11
53345,96,79,17,17
53346,68,86,-18,18
53347,80,75,5,5
53348,56,60,-4,4
53349,67,63,4,4
53350,57,55,2,2
53351,39,42,-3,3
53352,81,83,-2,2
53353,117,106,11,11
53354,104,98,6,6
53355,105,102,3,3
53356,83,75,8,8
53357,135,126,9,9
53358,76,64,12,12
53359,122,105,17,17
53360,78,74,4,4
53361,37,39,-2,2
53362,134,115,19,19
53363,71,64,7,7
53364,119,106,13,13
53365,23,38,-15,15
53366,145,128,17,17
53367,99,93,6,6
53368,70,74,-4,4
53369,41,57,-16,16
53370,82,85,-3,3
53371,102,89,13,13
53372,64,59,5,5
53373,60,56,4,4
53374,157,135,22,22
53375,144,118,26,26
53376,107,101,6,6
53377,108,109,-1,1
53378,79,73,6,6
53379,77,82,-5,5
53380,102,91,11,11
53381,62,61,1,1
53382,87,85,2,2
53383,156,132,24,24
53384,59,56,3,3
53385,54,57,-3,3
53386,114,111,3,3
53387,87,94,-7,7
53388,132,123,9,9
53389,135,120,15,15
53390,126,102,24,24
53391,105,102,3,3
53392,95,95,0,0
53393,101,92,9,9
53394,51,59,-8,8
53395,63,68,-5,5
53396,149,133,16,16
53397,72,60,12,12
53398,147,128,19,19
53399,67,65,2,2
53400,106,104,2,2
53401,98,96,2,2
53402,100,87,13,13
53403,93,95,-2,2
53404,69,71,-2,2
53405,116,123,-7,7
53406,88,79,9,9
53407,114,127,-13,13
53408,53,55,-2,2
53409,55,52,3,3
53410,86,88,-2,2
53411,110,96,14,14
53412,82,75,7,7
53413,87,76,11,11
53414,60,55,5,5
53415,59,56,3,3
53416,72,64,8,8
53417,99,82,17,17
53418,111,89,22,22
53419,105,100,5,5
53420,110,97,13,13
53421,56,54,2,2
53422,126,124,2,2
53423,75,77,-2,2
53424,56,53,3,3
53425,119,127,-8,8
53426,98,90,8,8
53427,171,154,17,17
53428,169,134,35,35
53429,126,117,9,9
53430,194,156,38,38
53431,112,98,14,14
53432,73,70,3,3
53433,106,99,7,7
53434,101,82,19,19
53435,119,101,18,18
53436,96,82,14,14
53437,58,54,4,4
53438,89,87,2,2
53439,78,75,3,3
53440,85,84,1,1
53441,87,82,5,5
53442,70,72,-2,2
53443,50,54,-4,4
53444,51,52,-1,1
53445,91,81,10,10
53446,79,75,4,4
53447,98,90,8,8
53448,117,118,-1,1
53449,94,96,-2,2
53450,141,125,16,16
53451,133,125,8,8
53452,48,50,-2,2
53453,121,112,9,9
53454,90,86,4,4
53455,50,60,-10,10
53456,69,73,-4,4
53457,90,98,-8,8
53458,83,79,4,4
53459,89,95,-6,6
53460,84,77,7,7
53461,72,71,1,1
53462,65,65,0,0
53463,93,86,7,7
53464,70,64,6,6
53465,68,67,1,1
53466,128,128,0,0
53467,102,80,22,22
53468,111,105,6,6
53469,54,51,3,3
53470,94,96,-2,2
53471,102,90,12,12
53472,104,93,11,11
53473,90,86,4,4
53474,96,92,4,4
53475,119,124,-5,5
53476,80,76,4,4
53477,77,72,5,5
53478,228,227,1,1
53479,134,107,27,27
53480,140,140,0,0
53481,47,49,-2,2
53482,113,102,11,11
53483,58,58,0,0
53484,34,33,1,1
53485,46,41,5,5
53486,68,62,6,6
53487,68,68,0,0
53488,43,50,-7,7
53489,74,77,-3,3
53490,88,87,1,1
53491,130,130,0,0
53492,112,88,24,24
53493,91,81,10,10
53494,70,69,1,1
53495,137,120,17,17
53496,67,57,10,10
53497,90,77,13,13
53498,137,114,23,23
53499,83,87,-4,4
53500,105,106,-1,1
53501,78,76,2,2
53502,93,73,20,20
53503,88,76,12,12
53504,65,59,6,6
53505,105,91,14,14
53506,131,128,3,3
53507,52,50,2,2
53508,48,51,-3,3
53509,127,122,5,5
53510,70,79,-9,9
53511,62,55,7,7
53512,119,111,8,8
53513,75,74,1,1
53514,90,77,13,13
53515,60,67,-7,7
53516,133,115,18,18
53517,86,77,9,9
53518,77,78,-1,1
53519,81,78,3,3
53520,98,92,6,6
53521,101,96,5,5
53522,70,68,2,2
53523,86,73,13,13
53524,111,107,4,4
53525,99,90,9,9
53526,62,61,1,1
53527,111,104,7,7
53528,57,54,3,3
53529,93,87,6,6
53530,77,75,2,2
53531,122,112,10,10
53532,96,95,1,1
53533,52,52,0,0
53534,66,56,10,10
53535,102,91,11,11
53536,79,88,-9,9
53537,83,90,-7,7
53538,90,85,5,5
53539,117,105,12,12
53540,87,82,5,5
53541,127,107,20,20
53542,50,56,-6,6
53543,62,62,0,0
53544,63,69,-6,6
53545,80,73,7,7
53546,111,124,-13,13
53547,53,40,13,13
53548,105,96,9,9
53549,97,81,16,16
53550,48,47,1,1
53551,66,67,-1,1
53552,113,104,9,9
53553,142,126,16,16
53554,42,42,0,0
53555,55,51,4,4
53556,111,91,20,20
53557,89,79,10,10
53558,76,84,-8,8
53559,126,106,20,20
53560,103,95,8,8
53561,53,55,-2,2
53562,90,84,6,6
53563,66,57,9,9
53564,60,65,-5,5
53565,49,55,-6,6
53566,230,184,46,46
53567,64,60,4,4
53568,104,97,7,7
53569,82,78,4,4
53570,157,140,17,17
53571,53,53,0,0
53572,93,90,3,3
53573,76,70,6,6
53574,61,64,-3,3
53575,100,86,14,14
53576,52,56,-4,4
53577,69,64,5,5
53578,117,108,9,9
53579,124,110,14,14
53580,100,98,2,2
53581,149,120,29,29
53582,99,92,7,7
53583,120,100,20,20
53584,79,80,-1,1
53585,177,157,20,20
53586,62,62,0,0
53587,99,87,12,12
53588,157,136,21,21
53589,117,112,5,5
53590,98,87,11,11
53591,68,63,5,5
53592,85,77,8,8
53593,91,93,-2,2
53594,106,90,16,16
53595,129,116,13,13
53596,134,112,22,22
53597,85,81,4,4
53598,122,115,7,7
53599,89,83,6,6
53600,46,51,-5,5
53601,91,89,2,2
53602,136,125,11,11
53603,52,50,2,2
53604,98,97,1,1
53605,98,84,14,14
53606,129,114,15,15
53607,49,50,-1,1
53608,75,69,6,6
53609,70,70,0,0
53610,102,91,11,11
53611,114,104,10,10
53612,31,41,-10,10
53613,120,105,15,15
53614,108,97,11,11
53615,84,84,0,0
53616,61,62,-1,1
53617,150,139,11,11
53618,52,81,-29,29
53619,44,50,-6,6
53620,71,74,-3,3
53621,62,63,-1,1
53622,74,72,2,2
53623,100,92,8,8
53624,83,82,1,1
53625,82,80,2,2
53626,149,122,27,27
53627,113,111,2,2
53628,99,85,14,14
53629,94,90,4,4
53630,77,78,-1,1
53631,116,120,-4,4
53632,154,144,10,10
53633,84,80,4,4
53634,116,96,20,20
53635,169,149,20,20
53636,126,113,13,13
53637,31,34,-3,3
53638,84,78,6,6
53639,81,72,9,9
53640,109,97,12,12
53641,96,91,5,5
53642,78,73,5,5
53643,100,93,7,7
53644,101,91,10,10
53645,63,68,-5,5
53646,118,108,10,10
53647,119,104,15,15
53648,70,63,7,7
53649,82,71,11,11
53650,57,52,5,5
53651,89,87,2,2
53652,124,107,17,17
53653,67,69,-2,2
53654,87,74,13,13
53655,115,99,16,16
53656,76,67,9,9
53657,63,63,0,0
53658,105,94,11,11
53659,77,71,6,6
53660,124,120,4,4
53661,84,75,9,9
53662,52,49,3,3
53663,55,55,0,0
53664,120,104,16,16
53665,206,165,41,41
53666,67,68,-1,1
53667,93,89,4,4
53668,67,65,2,2
53669,71,64,7,7
53670,87,73,14,14
53671,72,64,8,8
53672,108,98,10,10
53673,116,103,13,13
53674,62,55,7,7
53675,61,65,-4,4
53676,57,59,-2,2
53677,100,88,12,12
53678,78,63,15,15
53679,93,89,4,4
53680,102,96,6,6
53681,187,170,17,17
53682,88,74,14,14
53683,100,95,5,5
53684,169,152,17,17
53685,160,154,6,6
53686,142,126,16,16
53687,146,136,10,10
53688,81,79,2,2
53689,41,43,-2,2
53690,111,87,24,24
53691,124,106,18,18
53692,114,109,5,5
53693,133,130,3,3
53694,88,72,16,16
53695,90,78,12,12
53696,76,73,3,3
53697,83,88,-5,5
53698,130,117,13,13
53699,48,62,-14,14
53700,85,92,-7,7
53701,77,71,6,6
53702,130,118,12,12
53703,118,99,19,19
53704,106,95,11,11
53705,67,68,-1,1
53706,111,104,7,7
53707,94,83,11,11
53708,69,67,2,2
53709,76,85,-9,9
53710,96,84,12,12
53711,84,73,11,11
53712,144,111,33,33
53713,66,75,-9,9
53714,86,78,8,8
53715,56,59,-3,3
53716,103,104,-1,1
53717,154,134,20,20
53718,80,71,9,9
53719,89,82,7,7
53720,63,65,-2,2
53721,90,83,7,7
53722,102,90,12,12
53723,132,123,9,9
53724,103,97,6,6
53725,138,122,16,16
53726,107,94,13,13
53727,84,83,1,1
53728,158,133,25,25
53729,143,132,11,11
53730,83,81,2,2
53731,101,88,13,13
53732,42,51,-9,9
53733,156,135,21,21
53734,96,95,1,1
53735,124,123,1,1
53736,91,86,5,5
53737,139,124,15,15
53738,80,73,7,7
53739,95,84,11,11
53740,95,84,11,11
53741,83,81,2,2
53742,88,86,2,2
53743,120,113,7,7
53744,79,76,3,3
53745,114,99,15,15
53746,54,56,-2,2
53747,72,73,-1,1
53748,122,104,18,18
53749,125,116,9,9
53750,100,92,8,8
53751,90,93,-3,3
53752,92,86,6,6
53753,85,77,8,8
53754,115,104,11,11
53755,76,66,10,10
53756,94,98,-4,4
53757,128,109,19,19
53758,49,79,-30,30
53759,134,112,22,22
53760,114,104,10,10
53761,75,71,4,4
53762,71,67,4,4
53763,131,118,13,13
53764,110,98,12,12
53765,113,98,15,15
53766,79,83,-4,4
53767,90,88,2,2
53768,112,91,21,21
53769,92,88,4,4
53770,141,121,20,20
53771,46,50,-4,4
53772,103,95,8,8
53773,124,117,7,7
53774,98,89,9,9
53775,106,86,20,20
53776,95,81,14,14
53777,50,53,-3,3
53778,98,85,13,13
53779,127,115,12,12
53780,147,135,12,12
53781,136,119,17,17
53782,68,63,5,5
53783,133,118,15,15
53784,112,104,8,8
53785,73,65,8,8
53786,104,98,6,6
53787,118,106,12,12
53788,84,88,-4,4
53789,66,63,3,3
53790,74,67,7,7
53791,71,60,11,11
53792,122,108,14,14
53793,88,82,6,6
53794,90,89,1,1
53795,44,50,-6,6
53796,68,77,-9,9
53797,72,75,-3,3
53798,141,126,15,15
53799,84,100,-16,16
53800,120,106,14,14
53801,46,39,7,7
53802,59,55,4,4
53803,136,120,16,16
53804,47,49,-2,2
53805,57,60,-3,3
53806,64,75,-11,11
53807,114,91,23,23
53808,75,65,10,10
53809,72,74,-2,2
53810,58,52,6,6
53811,70,68,2,2
53812,146,126,20,20
53813,83,93,-10,10
53814,116,122,-6,6
53815,143,131,12,12
53816,118,98,20,20
53817,200,161,39,39
53818,116,96,20,20
53819,124,110,14,14
53820,142,134,8,8
53821,184,148,36,36
53822,137,118,19,19
53823,76,68,8,8
53824,96,89,7,7
53825,52,51,1,1
53826,91,76,15,15
53827,55,53,2,2
53828,95,79,16,16
53829,59,59,0,0
53830,145,136,9,9
53831,84,69,15,15
53832,112,106,6,6
53833,63,73,-10,10
53834,60,61,-1,1
53835,134,120,14,14
53836,88,77,11,11
53837,72,71,1,1
53838,107,109,-2,2
53839,74,66,8,8
53840,94,77,17,17
53841,84,75,9,9
53842,55,69,-14,14
53843,30,33,-3,3
53844,31,43,-12,12
53845,77,78,-1,1
53846,74,69,5,5
53847,99,79,20,20
53848,148,131,17,17
53849,70,72,-2,2
53850,86,75,11,11
53851,124,130,-6,6
53852,144,132,12,12
53853,77,69,8,8
53854,117,102,15,15
53855,78,66,12,12
53856,53,62,-9,9
53857,105,93,12,12
53858,79,64,15,15
53859,127,111,16,16
53860,94,80,14,14
53861,159,147,12,12
53862,90,83,7,7
53863,71,72,-1,1
53864,156,134,22,22
53865,140,127,13,13
53866,57,43,14,14
53867,91,86,5,5
53868,61,60,1,1
53869,91,89,2,2
53870,54,57,-3,3
53871,78,68,10,10
53872,133,107,26,26
53873,121,104,17,17
53874,151,135,16,16
53875,119,107,12,12
53876,76,100,-24,24
53877,98,88,10,10
53878,97,90,7,7
53879,41,40,1,1
53880,149,149,0,0
53881,119,108,11,11
53882,80,77,3,3
53883,67,60,7,7
53884,70,68,2,2
53885,120,105,15,15
53886,125,117,8,8
53887,76,73,3,3
53888,77,76,1,1
53889,89,86,3,3
53890,63,56,7,7
53891,163,144,19,19
53892,51,50,1,1
53893,68,62,6,6
53894,131,122,9,9
53895,109,101,8,8
53896,61,54,7,7
53897,118,120,-2,2
53898,103,94,9,9
53899,137,111,26,26
53900,93,83,10,10
53901,116,91,25,25
53902,61,62,-1,1
53903,80,78,2,2
53904,88,82,6,6
53905,121,119,2,2
53906,63,62,1,1
53907,150,133,17,17
53908,130,116,14,14
53909,112,100,12,12
53910,48,52,-4,4
53911,159,145,14,14
53912,75,66,9,9
53913,66,68,-2,2
53914,75,70,5,5
53915,70,64,6,6
53916,80,72,8,8
53917,95,90,5,5
53918,57,51,6,6
53919,79,69,10,10
53920,69,63,6,6
53921,60,58,2,2
53922,115,98,17,17
53923,121,91,30,30
53924,71,59,12,12
53925,88,78,10,10
53926,97,90,7,7
53927,56,62,-6,6
53928,107,91,16,16
53929,35,40,-5,5
53930,112,105,7,7
53931,74,74,0,0
53932,80,76,4,4
53933,89,93,-4,4
53934,81,83,-2,2
53935,142,129,13,13
53936,109,105,4,4
53937,118,97,21,21
53938,93,85,8,8
53939,127,115,12,12
53940,84,80,4,4
53941,135,123,12,12
53942,128,118,10,10
53943,88,77,11,11
53944,77,77,0,0
53945,73,74,-1,1
53946,92,78,14,14
53947,163,151,12,12
53948,117,101,16,16
53949,186,164,22,22
53950,118,116,2,2
53951,79,63,16,16
53952,81,79,2,2
53953,114,118,-4,4
53954,83,75,8,8
53955,89,75,14,14
53956,139,130,9,9
53957,85,80,5,5
53958,52,53,-1,1
53959,112,95,17,17
53960,79,76,3,3
53961,90,79,11,11
53962,102,95,7,7
53963,86,81,5,5
53964,83,75,8,8
53965,149,128,21,21
53966,50,54,-4,4
53967,73,68,5,5
53968,66,60,6,6
53969,106,99,7,7
53970,78,69,9,9
53971,85,81,4,4
53972,97,100,-3,3
53973,50,49,1,1
53974,126,127,-1,1
53975,83,86,-3,3
53976,98,86,12,12
53977,75,69,6,6
53978,93,84,9,9
53979,143,120,23,23
53980,142,113,29,29
53981,55,60,-5,5
53982,68,65,3,3
53983,61,58,3,3
53984,68,63,5,5
53985,119,95,24,24
53986,85,77,8,8
53987,56,51,5,5
53988,105,105,0,0
53989,74,70,4,4
53990,61,59,2,2
53991,125,116,9,9
53992,49,50,-1,1
53993,117,115,2,2
53994,109,105,4,4
53995,108,114,-6,6
53996,153,150,3,3
53997,59,51,8,8
53998,173,148,25,25
53999,90,83,7,7
54000,102,93,9,9
54001,53,56,-3,3
54002,91,91,0,0
54003,162,118,44,44
54004,129,117,12,12
54005,110,99,11,11
54006,80,69,11,11
54007,94,79,15,15
54008,107,95,12,12
54009,57,59,-2,2
54010,109,103,6,6
54011,73,73,0,0
54012,229,192,37,37
54013,170,156,14,14
54014,70,62,8,8
54015,104,99,5,5
54016,83,75,8,8
54017,101,90,11,11
54018,86,85,1,1
54019,108,101,7,7
54020,96,91,5,5
54021,80,80,0,0
54022,68,67,1,1
54023,91,80,11,11
54024,112,106,6,6
54025,122,107,15,15
54026,132,110,22,22
54027,96,91,5,5
54028,81,82,-1,1
54029,80,88,-8,8
54030,101,89,12,12
54031,117,107,10,10
54032,100,84,16,16
54033,83,90,-7,7
54034,93,87,6,6
54035,103,96,7,7
54036,48,57,-9,9
54037,110,97,13,13
54038,128,112,16,16
54039,37,38,-1,1
54040,110,112,-2,2
54041,94,87,7,7
54042,127,127,0,0
54043,70,63,7,7
54044,112,98,14,14
54045,189,174,15,15
54046,95,96,-1,1
54047,123,117,6,6
54048,152,137,15,15
54049,85,78,7,7
54050,60,61,-1,1
54051,74,66,8,8
54052,89,84,5,5
54053,97,91,6,6
54054,159,134,25,25
54055,90,86,4,4
54056,76,72,4,4
54057,83,90,-7,7
54058,71,76,-5,5
54059,105,87,18,18
54060,102,97,5,5
54061,161,136,25,25
54062,123,102,21,21
54063,85,79,6,6
54064,41,41,0,0
54065,165,142,23,23
54066,60,84,-24,24
54067,123,116,7,7
54068,59,52,7,7
54069,51,50,1,1
54070,160,147,13,13
54071,134,134,0,0
54072,87,88,-1,1
54073,91,83,8,8
54074,52,53,-1,1
54075,111,98,13,13
54076,139,133,6,6
54077,65,67,-2,2
54078,96,87,9,9
54079,92,81,11,11
54080,77,81,-4,4
54081,106,106,0,0
54082,194,171,23,23
54083,127,112,15,15
54084,121,97,24,24
54085,140,138,2,2
54086,129,118,11,11
54087,59,62,-3,3
54088,82,81,1,1
54089,59,60,-1,1
54090,98,89,9,9
54091,214,171,43,43
54092,107,99,8,8
54093,122,117,5,5
54094,75,68,7,7
54095,52,51,1,1
54096,129,112,17,17
54097,59,56,3,3
54098,64,60,4,4
54099,144,124,20,20
54100,99,92,7,7
54101,156,133,23,23
54102,173,155,18,18
54103,82,77,5,5
54104,145,120,25,25
54105,105,89,16,16
54106,102,103,-1,1
54107,69,65,4,4
54108,51,51,0,0
54109,44,49,-5,5
54110,30,33,-3,3
54111,118,98,20,20
54112,85,75,10,10
54113,70,68,2,2
54114,61,72,-11,11
54115,69,64,5,5
54116,81,75,6,6
54117,68,60,8,8
54118,149,131,18,18
54119,47,61,-14,14
54120,53,57,-4,4
54121,143,127,16,16
54122,91,93,-2,2
54123,93,88,5,5
54124,45,45,0,0
54125,122,110,12,12
54126,112,98,14,14
54127,165,133,32,32
54128,57,60,-3,3
54129,101,96,5,5
54130,54,52,2,2
54131,55,52,3,3
54132,74,67,7,7
54133,95,86,9,9
54134,58,85,-27,27
54135,114,115,-1,1
54136,73,87,-14,14
54137,81,73,8,8
54138,63,58,5,5
54139,139,138,1,1
54140,96,87,9,9
54141,111,102,9,9
54142,157,133,24,24
54143,167,154,13,13
54144,166,132,34,34
54145,115,110,5,5
54146,80,71,9,9
54147,166,130,36,36
54148,89,82,7,7
54149,69,61,8,8
54150,34,41,-7,7
54151,92,85,7,7
54152,81,80,1,1
54153,131,122,9,9
54154,65,64,1,1
54155,107,99,8,8
54156,61,62,-1,1
54157,77,79,-2,2
54158,92,88,4,4
54159,175,164,11,11
54160,154,142,12,12
54161,101,94,7,7
54162,96,85,11,11
54163,82,75,7,7
54164,72,68,4,4
54165,60,60,0,0
54166,137,115,22,22
54167,44,50,-6,6
54168,77,66,11,11
54169,111,101,10,10
54170,41,51,-10,10
54171,119,100,19,19
54172,83,81,2,2
54173,108,94,14,14
54174,128,104,24,24
54175,76,86,-10,10
54176,41,50,-9,9
54177,79,75,4,4
54178,175,155,20,20
54179,115,98,17,17
54180,87,89,-2,2
54181,136,114,22,22
54182,76,72,4,4
54183,107,109,-2,2
54184,86,88,-2,2
54185,118,101,17,17
54186,98,88,10,10
54187,73,67,6,6
54188,176,150,26,26
54189,110,92,18,18
54190,73,69,4,4
54191,73,71,2,2
54192,109,108,1,1
54193,96,96,0,0
54194,128,110,18,18
54195,65,60,5,5
54196,81,82,-1,1
54197,76,71,5,5
54198,81,84,-3,3
54199,55,50,5,5
54200,93,86,7,7
54201,138,130,8,8
54202,127,110,17,17
54203,110,84,26,26
54204,97,84,13,13
54205,106,107,-1,1
54206,70,70,0,0
54207,84,93,-9,9
54208,103,93,10,10
54209,109,92,17,17
54210,82,73,9,9
54211,82,77,5,5
54212,75,69,6,6
54213,96,86,10,10
54214,74,71,3,3
54215,50,51,-1,1
54216,80,71,9,9
54217,129,126,3,3
54218,127,121,6,6
54219,101,103,-2,2
54220,94,84,10,10
54221,80,77,3,3
54222,51,50,1,1
54223,98,93,5,5
54224,93,90,3,3
54225,138,127,11,11
54226,127,107,20,20
54227,115,101,14,14
54228,57,56,1,1
54229,62,63,-1,1
54230,125,118,7,7
54231,74,77,-3,3
54232,104,89,15,15
54233,112,104,8,8
54234,101,90,11,11
54235,81,68,13,13
54236,58,62,-4,4
54237,98,80,18,18
54238,60,54,6,6
54239,60,60,0,0
54240,119,100,19,19
54241,92,83,9,9
54242,79,80,-1,1
54243,72,70,2,2
54244,59,60,-1,1
54245,53,55,-2,2
54246,133,117,16,16
54247,81,86,-5,5
54248,167,142,25,25
54249,110,99,11,11
54250,62,60,2,2
54251,77,72,5,5
54252,81,86,-5,5
54253,108,84,24,24
54254,107,93,14,14
54255,56,54,2,2
54256,74,67,7,7
54257,55,66,-11,11
54258,41,41,0,0
54259,95,83,12,12
54260,80,78,2,2
54261,107,99,8,8
54262,89,85,4,4
54263,69,64,5,5
54264,89,78,11,11
54265,125,106,19,19
54266,139,131,8,8
54267,63,63,0,0
54268,79,80,-1,1
54269,111,109,2,2
54270,80,78,2,2
54271,89,91,-2,2
54272,65,58,7,7
54273,139,121,18,18
54274,105,95,10,10
54275,59,55,4,4
54276,108,92,16,16
54277,71,71,0,0
54278,57,64,-7,7
54279,65,61,4,4
54280,66,59,7,7
54281,171,157,14,14
54282,69,85,-16,16
54283,137,115,22,22
54284,62,62,0,0
54285,92,85,7,7
54286,87,74,13,13
54287,131,116,15,15
54288,160,152,8,8
54289,78,78,0,0
54290,82,86,-4,4
54291,152,155,-3,3
54292,34,33,1,1
54293,80,85,-5,5
54294,201,179,22,22
54295,89,83,6,6
54296,88,86,2,2
54297,137,122,15,15
54298,58,56,2,2
54299,87,93,-6,6
54300,106,100,6,6
54301,67,63,4,4
54302,57,51,6,6
54303,83,72,11,11
54304,105,87,18,18
54305,187,148,39,39
54306,92,85,7,7
54307,43,43,0,0
54308,130,124,6,6
54309,103,92,11,11
54310,79,76,3,3
54311,176,157,19,19
54312,120,103,17,17
54313,75,71,4,4
54314,75,67,8,8
54315,77,66,11,11
54316,87,78,9,9
54317,49,57,-8,8
54318,164,132,32,32
54319,142,121,21,21
54320,136,121,15,15
54321,51,55,-4,4
54322,79,76,3,3
54323,173,153,20,20
54324,118,108,10,10
54325,75,71,4,4
54326,87,86,1,1
54327,66,63,3,3
54328,67,67,0,0
54329,124,108,16,16
54330,62,61,1,1
54331,88,85,3,3
54332,87,80,7,7
54333,125,119,6,6
54334,107,80,27,27
54335,65,56,9,9
54336,50,53,-3,3
54337,80,70,10,10
54338,166,149,17,17
54339,142,124,18,18
54340,171,151,20,20
54341,57,56,1,1
54342,87,82,5,5
54343,106,91,15,15
54344,95,96,-1,1
54345,108,93,15,15
54346,105,92,13,13
54347,112,100,12,12
54348,101,85,16,16
54349,89,79,10,10
54350,49,53,-4,4
54351,84,78,6,6
54352,101,95,6,6
54353,66,63,3,3
54354,83,74,9,9
54355,58,58,0,0
54356,85,85,0,0
54357,91,107,-16,16
54358,53,63,-10,10
54359,94,90,4,4
54360,97,79,18,18
54361,76,71,5,5
54362,45,56,-11,11
54363,49,49,0,0
54364,150,136,14,14
54365,104,91,13,13
54366,111,108,3,3
54367,68,58,10,10
54368,93,93,0,0
54369,100,94,6,6
54370,107,100,7,7
54371,121,114,7,7
54372,60,65,-5,5
54373,134,123,11,11
54374,127,114,13,13
54375,76,72,4,4
54376,122,103,19,19
54377,71,62,9,9
54378,73,77,-4,4
54379,74,67,7,7
54380,133,123,10,10
54381,78,68,10,10
54382,60,71,-11,11
54383,112,117,-5,5
54384,87,86,1,1
54385,105,91,14,14
54386,62,61,1,1
54387,76,70,6,6
54388,124,106,18,18
54389,108,105,3,3
54390,63,57,6,6
54391,192,166,26,26
54392,63,76,-13,13
54393,94,88,6,6
54394,76,90,-14,14
54395,153,138,15,15
54396,145,127,18,18
54397,118,116,2,2
54398,144,137,7,7
54399,80,83,-3,3
54400,81,73,8,8
54401,167,134,33,33
54402,112,84,28,28
54403,87,86,1,1
54404,114,82,32,32
54405,96,93,3,3
54406,72,66,6,6
54407,148,138,10,10
54408,105,99,6,6
54409,138,134,4,4
54410,80,78,2,2
54411,79,80,-1,1
54412,92,81,11,11
54413,104,101,3,3
54414,60,69,-9,9
54415,179,151,28,28
54416,86,78,8,8
54417,32,52,-20,20
54418,134,102,32,32
54419,71,68,3,3
54420,93,87,6,6
54421,112,106,6,6
54422,117,105,12,12
54423,112,101,11,11
54424,83,80,3,3
54425,111,106,5,5
54426,143,130,13,13
54427,84,87,-3,3
54428,58,61,-3,3
54429,78,78,0,0
54430,116,98,18,18
54431,120,101,19,19
54432,102,85,17,17
54433,155,83,72,72
54434,106,99,7,7
54435,79,67,12,12
54436,111,109,2,2
54437,72,69,3,3
54438,59,56,3,3
54439,139,133,6,6
54440,119,104,15,15
54441,100,88,12,12
54442,59,68,-9,9
54443,67,71,-4,4
54444,149,144,5,5
54445,74,68,6,6
54446,96,93,3,3
54447,196,182,14,14
54448,144,133,11,11
54449,101,90,11,11
54450,80,88,-8,8
54451,76,81,-5,5
54452,96,92,4,4
54453,112,100,12,12
54454,73,88,-15,15
54455,126,117,9,9
54456,92,83,9,9
54457,125,121,4,4
54458,64,66,-2,2
54459,146,133,13,13
54460,77,89,-12,12
54461,148,133,15,15
54462,126,115,11,11
54463,95,93,2,2
54464,58,51,7,7
54465,146,125,21,21
54466,148,120,28,28
54467,104,99,5,5
54468,129,111,18,18
54469,60,52,8,8
54470,83,76,7,7
54471,67,53,14,14
54472,132,114,18,18
54473,82,85,-3,3
54474,34,49,-15,15
54475,76,78,-2,2
54476,116,112,4,4
54477,119,115,4,4
54478,96,93,3,3
54479,138,121,17,17
54480,80,76,4,4
54481,109,104,5,5
54482,103,92,11,11
54483,57,60,-3,3
54484,41,36,5,5
54485,121,111,10,10
54486,87,76,11,11
54487,125,113,12,12
54488,82,86,-4,4
54489,36,39,-3,3
54490,63,58,5,5
54491,112,101,11,11
54492,90,78,12,12
54493,110,110,0,0
54494,184,155,29,29
54495,97,92,5,5
54496,64,66,-2,2
54497,115,97,18,18
54498,85,77,8,8
54499,60,61,-1,1
54500,68,71,-3,3
54501,118,105,13,13
54502,56,67,-11,11
54503,49,60,-11,11
54504,92,90,2,2
54505,62,60,2,2
54506,131,110,21,21
54507,125,115,10,10
54508,146,137,9,9
54509,78,76,2,2
54510,69,65,4,4
54511,76,69,7,7
54512,66,64,2,2
54513,71,70,1,1
54514,97,97,0,0
54515,264,212,52,52
54516,38,47,-9,9
54517,134,130,4,4
54518,70,64,6,6
54519,67,65,2,2
54520,128,114,14,14
54521,138,98,40,40
54522,101,107,-6,6
54523,76,71,5,5
54524,42,50,-8,8
54525,138,113,25,25
54526,126,109,17,17
54527,80,71,9,9
54528,61,57,4,4
54529,105,87,18,18
54530,113,105,8,8
54531,96,91,5,5
54532,97,92,5,5
54533,74,81,-7,7
54534,129,120,9,9
54535,83,72,11,11
54536,87,78,9,9
54537,72,67,5,5
54538,120,104,16,16
54539,95,108,-13,13
54540,62,60,2,2
54541,54,58,-4,4
54542,80,81,-1,1
54543,109,92,17,17
54544,90,78,12,12
54545,30,31,-1,1
54546,103,94,9,9
54547,91,95,-4,4
54548,92,79,13,13
54549,79,81,-2,2
54550,120,108,12,12
54551,131,112,19,19
54552,91,87,4,4
54553,64,60,4,4
54554,106,99,7,7
54555,81,77,4,4
54556,86,77,9,9
54557,190,177,13,13
54558,80,71,9,9
54559,108,107,1,1
54560,136,134,2,2
54561,84,79,5,5
54562,122,113,9,9
54563,80,70,10,10
54564,80,70,10,10
54565,143,127,16,16
54566,31,37,-6,6
54567,96,87,9,9
54568,74,61,13,13
54569,130,113,17,17
54570,99,89,10,10
54571,90,91,-1,1
54572,89,76,13,13
54573,122,100,22,22
54574,116,107,9,9
54575,111,107,4,4
54576,129,112,17,17
54577,97,93,4,4
54578,122,99,23,23
54579,94,109,-15,15
54580,78,78,0,0
54581,101,91,10,10
54582,77,78,-1,1
54583,99,101,-2,2
54584,91,100,-9,9
54585,74,71,3,3
54586,120,107,13,13
54587,109,91,18,18
54588,54,58,-4,4
54589,105,90,15,15
54590,140,135,5,5
54591,175,151,24,24
54592,103,86,17,17
54593,80,77,3,3
54594,71,73,-2,2
54595,101,91,10,10
54596,91,87,4,4
54597,75,80,-5,5
54598,51,54,-3,3
54599,59,56,3,3
54600,108,97,11,11
54601,198,162,36,36
54602,48,43,5,5
54603,117,103,14,14
54604,44,44,0,0
54605,105,98,7,7
54606,78,77,1,1
54607,92,95,-3,3
54608,89,81,8,8
54609,68,63,5,5
54610,50,53,-3,3
54611,83,72,11,11
54612,71,67,4,4
54613,96,109,-13,13
54614,146,127,19,19
54615,134,100,34,34
54616,73,87,-14,14
54617,84,101,-17,17
54618,86,86,0,0
54619,152,131,21,21
54620,59,58,1,1
54621,183,152,31,31
54622,50,55,-5,5
54623,83,77,6,6
54624,103,88,15,15
54625,63,58,5,5
54626,58,59,-1,1
54627,79,71,8,8
54628,65,84,-19,19
54629,50,56,-6,6
54630,89,77,12,12
54631,132,110,22,22
54632,91,91,0,0
54633,79,78,1,1
54634,89,76,13,13
54635,117,114,3,3
54636,89,77,12,12
54637,109,106,3,3
54638,124,111,13,13
54639,97,88,9,9
54640,131,122,9,9
54641,86,81,5,5
54642,77,73,4,4
54643,96,92,4,4
54644,94,85,9,9
54645,74,70,4,4
54646,129,116,13,13
54647,104,93,11,11
54648,113,113,0,0
54649,99,91,8,8
54650,63,51,12,12
54651,95,88,7,7
54652,68,75,-7,7
54653,194,149,45,45
54654,99,100,-1,1
54655,123,124,-1,1
54656,119,106,13,13
54657,108,91,17,17
54658,66,78,-12,12
54659,60,57,3,3
54660,58,62,-4,4
54661,183,159,24,24
54662,190,170,20,20
54663,165,135,30,30
54664,80,83,-3,3
54665,166,147,19,19
54666,123,118,5,5
54667,131,122,9,9
54668,62,67,-5,5
54669,83,68,15,15
54670,125,106,19,19
54671,103,102,1,1
54672,101,97,4,4
54673,95,86,9,9
54674,59,62,-3,3
54675,107,94,13,13
54676,79,64,15,15
54677,87,76,11,11
54678,84,82,2,2
54679,67,65,2,2
54680,75,72,3,3
54681,85,76,9,9
54682,89,75,14,14
54683,105,109,-4,4
54684,71,69,2,2
54685,150,124,26,26
54686,59,60,-1,1
54687,86,79,7,7
54688,85,80,5,5
54689,110,104,6,6
54690,76,69,7,7
54691,100,93,7,7
54692,109,91,18,18
54693,110,103,7,7
54694,97,100,-3,3
54695,109,103,6,6
54696,188,161,27,27
54697,52,53,-1,1
54698,56,59,-3,3
54699,87,81,6,6
54700,72,67,5,5
54701,171,150,21,21
54702,109,96,13,13
54703,86,82,4,4
54704,140,125,15,15
54705,113,101,12,12
54706,89,83,6,6
54707,102,91,11,11
54708,82,74,8,8
54709,87,79,8,8
54710,85,81,4,4
54711,150,128,22,22
54712,151,117,34,34
54713,65,72,-7,7
54714,150,131,19,19
54715,102,93,9,9
54716,88,80,8,8
54717,108,103,5,5
54718,38,50,-12,12
54719,123,113,10,10
54720,92,75,17,17
54721,120,107,13,13
54722,108,94,14,14
54723,72,62,10,10
54724,62,57,5,5
54725,105,98,7,7
54726,71,77,-6,6
54727,99,84,15,15
54728,88,82,6,6
54729,79,82,-3,3
54730,86,81,5,5
54731,116,96,20,20
54732,74,76,-2,2
54733,93,91,2,2
54734,198,170,28,28
54735,96,87,9,9
54736,78,71,7,7
54737,57,51,6,6
54738,45,50,-5,5
54739,140,128,12,12
54740,76,70,6,6
54741,88,87,1,1
54742,127,119,8,8
54743,50,55,-5,5
54744,101,101,0,0
54745,71,75,-4,4
54746,141,118,23,23
54747,110,109,1,1
54748,144,124,20,20
54749,114,113,1,1
54750,66,60,6,6
54751,90,91,-1,1
54752,83,74,9,9
54753,143,118,25,25
54754,81,73,8,8
54755,41,39,2,2
54756,165,147,18,18
54757,92,93,-1,1
54758,43,62,-19,19
54759,84,71,13,13
54760,58,69,-11,11
54761,74,64,10,10
54762,102,78,24,24
54763,62,70,-8,8
54764,115,99,16,16
54765,93,94,-1,1
54766,155,130,25,25
54767,173,161,12,12
54768,145,128,17,17
54769,75,73,2,2
54770,116,99,17,17
54771,114,111,3,3
54772,115,110,5,5
54773,123,109,14,14
54774,86,93,-7,7
54775,95,84,11,11
54776,59,56,3,3
54777,123,113,10,10
54778,111,107,4,4
54779,109,117,-8,8
54780,92,84,8,8
54781,118,121,-3,3
54782,42,43,-1,1
54783,65,64,1,1
54784,74,71,3,3
54785,144,135,9,9
54786,139,123,16,16
54787,71,72,-1,1
54788,66,60,6,6
54789,81,78,3,3
54790,103,102,1,1
54791,65,60,5,5
54792,137,138,-1,1
54793,86,85,1,1
54794,64,51,13,13
54795,96,90,6,6
54796,76,81,-5,5
54797,56,54,2,2
54798,59,61,-2,2
54799,70,66,4,4
54800,79,70,9,9
54801,92,81,11,11
54802,64,69,-5,5
54803,141,132,9,9
54804,111,105,6,6
54805,123,101,22,22
54806,55,60,-5,5
54807,58,56,2,2
54808,105,83,22,22
54809,124,103,21,21
54810,76,69,7,7
54811,72,83,-11,11
54812,68,71,-3,3
54813,39,45,-6,6
54814,83,72,11,11
54815,90,80,10,10
54816,84,67,17,17
54817,131,109,22,22
54818,100,86,14,14
54819,68,68,0,0
54820,199,166,33,33
54821,111,100,11,11
54822,63,57,6,6
54823,112,103,9,9
54824,58,58,0,0
54825,167,151,16,16
54826,167,144,23,23
54827,204,172,32,32
54828,88,84,4,4
54829,112,111,1,1
54830,109,102,7,7
54831,74,56,18,18
54832,118,110,8,8
54833,114,106,8,8
54834,52,51,1,1
54835,79,74,5,5
54836,63,60,3,3
54837,34,38,-4,4
54838,75,71,4,4
54839,66,63,3,3
54840,165,157,8,8
54841,140,101,39,39
54842,68,67,1,1
54843,119,103,16,16
54844,109,101,8,8
54845,79,73,6,6
54846,96,79,17,17
54847,96,86,10,10
54848,58,53,5,5
54849,99,92,7,7
54850,68,71,-3,3
54851,61,56,5,5
54852,89,88,1,1
54853,135,115,20,20
54854,60,59,1,1
54855,92,86,6,6
54856,84,74,10,10
54857,84,82,2,2
54858,94,85,9,9
54859,101,103,-2,2
54860,119,107,12,12
54861,139,138,1,1
54862,84,79,5,5
54863,204,147,57,57
54864,97,90,7,7
54865,79,82,-3,3
54866,101,97,4,4
54867,86,77,9,9
54868,84,76,8,8
54869,67,65,2,2
54870,98,92,6,6
54871,79,74,5,5
54872,90,72,18,18
54873,62,63,-1,1
54874,65,64,1,1
54875,62,66,-4,4
54876,41,39,2,2
54877,140,117,23,23
54878,167,143,24,24
54879,129,118,11,11
54880,170,173,-3,3
54881,76,73,3,3
54882,88,81,7,7
54883,57,52,5,5
54884,55,55,0,0
54885,81,73,8,8
54886,142,124,18,18
54887,118,103,15,15
54888,66,60,6,6
54889,61,68,-7,7
54890,97,93,4,4
54891,88,81,7,7
54892,101,95,6,6
54893,64,62,2,2
54894,116,104,12,12
54895,90,79,11,11
54896,87,91,-4,4
54897,98,83,15,15
54898,111,105,6,6
54899,67,62,5,5
54900,51,55,-4,4
54901,123,116,7,7
54902,59,60,-1,1
54903,67,63,4,4
54904,48,51,-3,3
54905,52,59,-7,7
54906,180,171,9,9
54907,61,61,0,0
54908,162,140,22,22
54909,76,75,1,1
54910,57,57,0,0
54911,90,81,9,9
54912,55,63,-8,8
54913,103,103,0,0
54914,72,76,-4,4
54915,70,57,13,13
54916,154,129,25,25
54917,113,108,5,5
54918,108,94,14,14
54919,50,63,-13,13
54920,45,60,-15,15
54921,71,59,12,12
54922,132,117,15,15
54923,164,144,20,20
54924,100,94,6,6
54925,46,42,4,4
54926,85,75,10,10
54927,88,78,10,10
54928,107,103,4,4
54929,84,77,7,7
54930,48,51,-3,3
54931,98,94,4,4
54932,154,137,17,17
54933,115,107,8,8
54934,69,68,1,1
54935,47,51,-4,4
54936,79,70,9,9
54937,74,65,9,9
54938,77,78,-1,1
54939,52,56,-4,4
54940,146,130,16,16
54941,74,76,-2,2
54942,122,109,13,13
54943,83,99,-16,16
54944,134,97,37,37
54945,113,106,7,7
54946,113,101,12,12
54947,100,108,-8,8
54948,77,72,5,5
54949,91,81,10,10
54950,112,134,-22,22
54951,109,94,15,15
54952,97,86,11,11
54953,156,141,15,15
54954,128,112,16,16
54955,88,84,4,4
54956,68,65,3,3
54957,69,68,1,1
54958,137,126,11,11
54959,68,75,-7,7
54960,65,63,2,2
54961,93,83,10,10
54962,58,54,4,4
54963,55,59,-4,4
54964,121,107,14,14
54965,133,124,9,9
54966,50,51,-1,1
54967,228,189,39,39
54968,101,87,14,14
54969,51,51,0,0
54970,89,82,7,7
54971,63,71,-8,8
54972,70,76,-6,6
54973,41,37,4,4
54974,114,102,12,12
54975,65,65,0,0
54976,83,81,2,2
54977,61,57,4,4
54978,68,64,4,4
54979,107,98,9,9
54980,70,133,-63,63
54981,122,99,23,23
54982,44,48,-4,4
54983,138,128,10,10
54984,178,161,17,17
54985,94,84,10,10
54986,107,89,18,18
54987,63,61,2,2
54988,84,88,-4,4
54989,124,107,17,17
54990,68,79,-11,11
54991,78,77,1,1
54992,177,156,21,21
54993,49,56,-7,7
54994,60,52,8,8
54995,63,72,-9,9
54996,39,57,-18,18
54997,88,85,3,3
54998,150,135,15,15
54999,105,95,10,10
55000,88,78,10,10
55001,58,46,12,12
55002,47,50,-3,3
55003,135,113,22,22
55004,101,88,13,13
55005,61,59,2,2
55006,114,94,20,20
55007,75,67,8,8
55008,88,76,12,12
55009,69,64,5,5
55010,95,82,13,13
55011,120,125,-5,5
55012,148,147,1,1
55013,80,76,4,4
55014,54,51,3,3
55015,85,79,6,6
55016,123,83,40,40
55017,101,95,6,6
55018,108,105,3,3
55019,62,64,-2,2
55020,68,79,-11,11
55021,55,57,-2,2
55022,103,98,5,5
55023,115,101,14,14
55024,94,85,9,9
55025,77,74,3,3
55026,146,124,22,22
55027,62,65,-3,3
55028,57,57,0,0
55029,204,178,26,26
55030,52,63,-11,11
55031,111,117,-6,6
55032,67,62,5,5
55033,116,103,13,13
55034,168,154,14,14
55035,47,50,-3,3
55036,75,68,7,7
55037,92,86,6,6
55038,139,132,7,7
55039,130,129,1,1
55040,118,99,19,19
55041,72,72,0,0
55042,90,89,1,1
55043,104,77,27,27
55044,99,97,2,2
55045,98,90,8,8
55046,84,82,2,2
55047,106,85,21,21
55048,69,65,4,4
55049,72,73,-1,1
55050,86,81,5,5
55051,122,104,18,18
55052,103,84,19,19
55053,113,108,5,5
55054,70,58,12,12
55055,73,85,-12,12
55056,79,72,7,7
55057,102,88,14,14
55058,79,75,4,4
55059,67,62,5,5
55060,61,58,3,3
55061,78,80,-2,2
55062,83,75,8,8
55063,91,78,13,13
55064,49,53,-4,4
55065,64,61,3,3
55066,76,73,3,3
55067,155,139,16,16
55068,90,85,5,5
55069,78,107,-29,29
55070,67,70,-3,3
55071,112,103,9,9
55072,90,83,7,7
55073,98,92,6,6
55074,93,85,8,8
55075,103,98,5,5
55076,64,65,-1,1
55077,94,92,2,2
55078,58,59,-1,1
55079,76,77,-1,1
55080,153,134,19,19
55081,96,80,16,16
55082,151,139,12,12
55083,60,61,-1,1
55084,87,73,14,14
55085,30,42,-12,12
55086,83,73,10,10
55087,107,106,1,1
55088,114,99,15,15
55089,74,71,3,3
55090,99,106,-7,7
55091,120,110,10,10
55092,89,82,7,7
55093,215,187,28,28
55094,53,51,2,2
55095,74,71,3,3
55096,112,97,15,15
55097,76,75,1,1
55098,69,65,4,4
55099,146,127,19,19
55100,92,81,11,11
55101,72,67,5,5
55102,184,160,24,24
55103,50,51,-1,1
55104,82,73,9,9
55105,90,80,10,10
55106,152,128,24,24
55107,41,50,-9,9
55108,149,132,17,17
55109,83,76,7,7
55110,45,58,-13,13
55111,225,192,33,33
55112,169,147,22,22
55113,44,51,-7,7
55114,118,114,4,4
55115,108,95,13,13
55116,125,111,14,14
55117,124,114,10,10
55118,65,78,-13,13
55119,164,137,27,27
55120,138,126,12,12
55121,87,80,7,7
55122,51,56,-5,5
55123,98,98,0,0
55124,64,62,2,2
55125,63,66,-3,3
55126,101,95,6,6
55127,90,79,11,11
55128,104,90,14,14
55129,140,125,15,15
55130,121,104,17,17
55131,107,98,9,9
55132,85,82,3,3
55133,116,108,8,8
55134,55,61,-6,6
55135,74,77,-3,3
55136,178,136,42,42
55137,134,112,22,22
55138,62,63,-1,1
55139,113,102,11,11
55140,75,67,8,8
55141,84,76,8,8
55142,88,76,12,12
55143,68,75,-7,7
55144,46,50,-4,4
55145,150,152,-2,2
55146,99,81,18,18
55147,108,96,12,12
55148,118,80,38,38
55149,48,55,-7,7
55150,104,86,18,18
55151,73,60,13,13
55152,109,95,14,14
55153,62,61,1,1
55154,91,77,14,14
55155,119,111,8,8
55156,157,141,16,16
55157,117,103,14,14
55158,60,62,-2,2
55159,90,82,8,8
55160,102,95,7,7
55161,100,87,13,13
55162,99,91,8,8
55163,108,90,18,18
55164,90,79,11,11
55165,120,109,11,11
55166,97,90,7,7
55167,78,75,3,3
55168,105,96,9,9
55169,160,140,20,20
55170,143,123,20,20
55171,112,107,5,5
55172,152,140,12,12
55173,153,131,22,22
55174,65,59,6,6
55175,66,68,-2,2
55176,63,63,0,0
55177,55,75,-20,20
55178,75,70,5,5
55179,91,79,12,12
55180,81,72,9,9
55181,138,117,21,21
55182,120,104,16,16
55183,86,79,7,7
55184,75,71,4,4
55185,15,31,-16,16
55186,71,67,4,4
55187,158,134,24,24
55188,102,83,19,19
55189,58,56,2,2
55190,54,46,8,8
55191,77,77,0,0
55192,82,73,9,9
55193,69,64,5,5
55194,92,93,-1,1
55195,132,125,7,7
55196,109,102,7,7
55197,192,165,27,27
55198,62,59,3,3
55199,41,46,-5,5
55200,120,110,10,10
55201,82,78,4,4
55202,116,101,15,15
55203,44,55,-11,11
55204,87,77,10,10
55205,63,69,-6,6
55206,75,75,0,0
55207,106,92,14,14
55208,198,171,27,27
55209,87,75,12,12
55210,45,40,5,5
55211,95,87,8,8
55212,128,112,16,16
55213,72,68,4,4
55214,80,81,-1,1
55215,144,141,3,3
55216,83,75,8,8
55217,138,126,12,12
55218,107,89,18,18
55219,42,48,-6,6
55220,105,99,6,6
55221,129,113,16,16
55222,78,74,4,4
55223,157,129,28,28
55224,135,121,14,14
55225,38,33,5,5
55226,174,147,27,27
55227,83,78,5,5
55228,79,71,8,8
55229,172,153,19,19
55230,76,62,14,14
55231,106,89,17,17
55232,102,99,3,3
55233,60,67,-7,7
55234,160,137,23,23
55235,58,57,1,1
55236,66,66,0,0
55237,93,84,9,9
55238,97,85,12,12
55239,99,99,0,0
55240,232,207,25,25
55241,111,97,14,14
55242,57,58,-1,1
55243,92,97,-5,5
55244,70,61,9,9
55245,58,67,-9,9
55246,58,53,5,5
55247,80,79,1,1
55248,119,103,16,16
55249,111,96,15,15
55250,73,71,2,2
55251,72,64,8,8
55252,98,86,12,12
55253,114,106,8,8
55254,115,102,13,13
55255,180,47,133,133
55256,137,136,1,1
55257,106,86,20,20
55258,116,108,8,8
55259,161,139,22,22
55260,53,53,0,0
55261,160,136,24,24
55262,105,100,5,5
55263,85,81,4,4
55264,137,128,9,9
55265,78,77,1,1
55266,152,144,8,8
55267,107,93,14,14
55268,61,60,1,1
55269,113,96,17,17
55270,145,131,14,14
55271,125,107,18,18
55272,63,63,0,0
55273,83,82,1,1
55274,139,114,25,25
55275,79,70,9,9
55276,136,123,13,13
55277,77,73,4,4
55278,101,86,15,15
55279,54,57,-3,3
55280,103,95,8,8
55281,84,78,6,6
55282,62,63,-1,1
55283,149,142,7,7
55284,52,53,-1,1
55285,143,133,10,10
55286,185,163,22,22
55287,121,102,19,19
55288,93,98,-5,5
55289,89,81,8,8
55290,71,66,5,5
55291,96,84,12,12
55292,92,75,17,17
55293,132,117,15,15
55294,110,106,4,4
55295,81,76,5,5
55296,138,120,18,18
55297,121,116,5,5
55298,136,115,21,21
55299,108,107,1,1
55300,102,93,9,9
55301,107,107,0,0
55302,123,110,13,13
55303,78,72,6,6
55304,123,119,4,4
55305,191,159,32,32
55306,83,71,12,12
55307,66,66,0,0
55308,147,124,23,23
55309,75,67,8,8
55310,142,136,6,6
55311,54,54,0,0
55312,79,81,-2,2
55313,65,53,12,12
55314,69,67,2,2
55315,92,85,7,7
55316,116,91,25,25
55317,138,105,33,33
55318,60,62,-2,2
55319,113,103,10,10
55320,107,99,8,8
55321,71,76,-5,5
55322,87,77,10,10
55323,66,67,-1,1
55324,115,108,7,7
55325,88,84,4,4
55326,59,60,-1,1
55327,109,97,12,12
55328,101,93,8,8
55329,99,84,15,15
55330,84,79,5,5
55331,79,69,10,10
55332,144,116,28,28
55333,74,76,-2,2
55334,67,68,-1,1
55335,79,77,2,2
55336,69,66,3,3
55337,64,65,-1,1
55338,74,63,11,11
55339,122,136,-14,14
55340,88,88,0,0
55341,85,92,-7,7
55342,135,134,1,1
55343,150,124,26,26
55344,120,109,11,11
55345,85,78,7,7
55346,87,87,0,0
55347,69,71,-2,2
55348,136,115,21,21
55349,139,108,31,31
55350,81,78,3,3
55351,88,85,3,3
55352,117,106,11,11
55353,127,127,0,0
55354,83,80,3,3
55355,53,54,-1,1
55356,41,37,4,4
55357,97,93,4,4
55358,169,152,17,17
55359,112,95,17,17
55360,38,42,-4,4
55361,84,76,8,8
55362,67,65,2,2
55363,92,81,11,11
55364,110,99,11,11
55365,88,92,-4,4
55366,78,71,7,7
55367,84,85,-1,1
55368,69,67,2,2
55369,99,89,10,10
55370,101,104,-3,3
55371,86,81,5,5
55372,102,98,4,4
55373,60,57,3,3
55374,54,55,-1,1
55375,111,111,0,0
55376,138,119,19,19
55377,82,71,11,11
55378,96,103,-7,7
55379,62,63,-1,1
55380,161,147,14,14
55381,73,74,-1,1
55382,92,83,9,9
55383,115,107,8,8
55384,150,130,20,20
55385,78,74,4,4
55386,93,84,9,9
55387,80,73,7,7
55388,88,84,4,4
55389,89,82,7,7
55390,107,97,10,10
55391,76,66,10,10
55392,115,112,3,3
55393,96,90,6,6
55394,119,109,10,10
55395,56,58,-2,2
55396,100,107,-7,7
55397,101,86,15,15
55398,89,78,11,11
55399,75,76,-1,1
55400,106,94,12,12
55401,68,66,2,2
55402,69,61,8,8
55403,83,73,10,10
55404,85,85,0,0
55405,130,119,11,11
55406,64,63,1,1
55407,44,52,-8,8
55408,83,72,11,11
55409,54,88,-34,34
55410,130,107,23,23
55411,91,88,3,3
55412,59,76,-17,17
55413,109,92,17,17
55414,145,134,11,11
55415,65,56,9,9
55416,50,50,0,0
55417,147,127,20,20
55418,90,88,2,2
55419,143,135,8,8
55420,97,88,9,9
55421,111,100,11,11
55422,63,58,5,5
55423,70,81,-11,11
55424,109,88,21,21
55425,108,110,-2,2
55426,149,133,16,16
55427,98,88,10,10
55428,137,123,14,14
55429,45,46,-1,1
55430,95,86,9,9
55431,59,69,-10,10
55432,71,68,3,3
55433,117,111,6,6
55434,73,72,1,1
55435,80,75,5,5
55436,168,130,38,38
55437,149,143,6,6
55438,53,52,1,1
55439,65,64,1,1
55440,160,134,26,26
55441,83,78,5,5
55442,88,85,3,3
55443,98,79,19,19
55444,51,54,-3,3
55445,54,58,-4,4
55446,70,73,-3,3
55447,80,76,4,4
55448,169,135,34,34
55449,109,98,11,11
55450,57,60,-3,3
55451,119,112,7,7
55452,238,195,43,43
55453,132,122,10,10
55454,78,78,0,0
55455,88,78,10,10
55456,85,81,4,4
55457,27,51,-24,24
55458,62,65,-3,3
55459,131,115,16,16
55460,138,118,20,20
55461,43,82,-39,39
55462,58,68,-10,10
55463,76,74,2,2
55464,72,79,-7,7
55465,121,91,30,30
55466,107,96,11,11
55467,81,76,5,5
55468,49,65,-16,16
55469,113,101,12,12
55470,71,63,8,8
55471,44,49,-5,5
55472,81,73,8,8
55473,73,63,10,10
55474,85,82,3,3
55475,100,89,11,11
55476,126,108,18,18
55477,96,87,9,9
55478,67,66,1,1
55479,114,115,-1,1
55480,97,76,21,21
55481,185,150,35,35
55482,55,56,-1,1
55483,177,162,15,15
55484,85,80,5,5
55485,117,107,10,10
55486,157,135,22,22
55487,129,114,15,15
55488,94,94,0,0
55489,87,86,1,1
55490,139,114,25,25
55491,121,111,10,10
55492,65,55,10,10
55493,58,62,-4,4
55494,98,88,10,10
55495,37,38,-1,1
55496,63,63,0,0
55497,193,170,23,23
55498,101,101,0,0
55499,69,80,-11,11
55500,133,120,13,13
55501,121,100,21,21
55502,91,87,4,4
55503,85,81,4,4
55504,67,71,-4,4
55505,117,107,10,10
55506,61,54,7,7
55507,61,61,0,0
55508,97,100,-3,3
55509,81,79,2,2
55510,89,89,0,0
55511,58,60,-2,2
55512,80,70,10,10
55513,96,81,15,15
55514,87,84,3,3
55515,69,71,-2,2
55516,116,116,0,0
55517,138,135,3,3
55518,65,67,-2,2
55519,90,81,9,9
55520,87,80,7,7
55521,102,91,11,11
55522,79,84,-5,5
55523,146,138,8,8
55524,130,112,18,18
55525,127,104,23,23
55526,96,84,12,12
55527,80,73,7,7
55528,132,126,6,6
55529,115,93,22,22
55530,81,85,-4,4
55531,86,82,4,4
55532,105,91,14,14
55533,130,114,16,16
55534,84,78,6,6
55535,52,91,-39,39
55536,72,63,9,9
55537,82,75,7,7
55538,115,104,11,11
55539,100,90,10,10
55540,102,93,9,9
55541,107,100,7,7
55542,116,106,10,10
55543,61,55,6,6
55544,95,90,5,5
55545,78,71,7,7
55546,78,81,-3,3
55547,79,67,12,12
55548,82,80,2,2
55549,71,71,0,0
55550,128,111,17,17
55551,89,88,1,1
55552,115,126,-11,11
55553,83,70,13,13
55554,80,70,10,10
55555,79,90,-11,11
55556,69,78,-9,9
55557,123,108,15,15
55558,67,67,0,0
55559,135,119,16,16
55560,134,145,-11,11
55561,133,117,16,16
55562,52,53,-1,1
55563,175,152,23,23
55564,95,80,15,15
55565,122,111,11,11
55566,74,66,8,8
55567,73,74,-1,1
55568,53,54,-1,1
55569,69,69,0,0
55570,103,106,-3,3
55571,45,49,-4,4
55572,107,96,11,11
55573,49,55,-6,6
55574,132,109,23,23
55575,89,83,6,6
55576,62,60,2,2
55577,109,100,9,9
55578,81,77,4,4
55579,72,74,-2,2
55580,52,51,1,1
55581,74,75,-1,1
55582,36,41,-5,5
55583,68,68,0,0
55584,73,72,1,1
55585,89,83,6,6
55586,63,57,6,6
55587,69,71,-2,2
55588,103,100,3,3
55589,53,57,-4,4
55590,103,100,3,3
55591,108,92,16,16
55592,109,145,-36,36
55593,187,168,19,19
55594,69,66,3,3
55595,124,107,17,17
55596,117,110,7,7
55597,94,86,8,8
55598,44,51,-7,7
55599,120,105,15,15
55600,140,129,11,11
55601,131,115,16,16
55602,100,100,0,0
55603,147,137,10,10
55604,55,50,5,5
55605,126,121,5,5
55606,84,85,-1,1
55607,81,80,1,1
55608,110,85,25,25
55609,68,70,-2,2
55610,90,89,1,1
55611,79,77,2,2
55612,108,103,5,5
55613,69,68,1,1
55614,67,55,12,12
55615,151,143,8,8
55616,121,105,16,16
55617,67,71,-4,4
55618,100,86,14,14
55619,105,99,6,6
55620,105,109,-4,4
55621,92,92,0,0
55622,107,104,3,3
55623,163,146,17,17
55624,110,104,6,6
55625,115,100,15,15
55626,93,80,13,13
55627,143,128,15,15
55628,105,79,26,26
55629,102,90,12,12
55630,54,53,1,1
55631,117,109,8,8
55632,94,84,10,10
55633,121,97,24,24
55634,51,50,1,1
55635,93,93,0,0
55636,136,128,8,8
55637,75,64,11,11
55638,83,70,13,13
55639,90,80,10,10
55640,110,101,9,9
55641,69,64,5,5
55642,110,100,10,10
55643,78,77,1,1
55644,85,75,10,10
55645,89,83,6,6
55646,86,93,-7,7
55647,106,105,1,1
55648,102,95,7,7
55649,52,56,-4,4
55650,207,190,17,17
55651,93,83,10,10
55652,113,108,5,5
55653,97,91,6,6
55654,80,86,-6,6
55655,118,119,-1,1
55656,90,85,5,5
55657,88,94,-6,6
55658,96,92,4,4
55659,103,103,0,0
55660,65,65,0,0
55661,48,50,-2,2
55662,85,72,13,13
55663,104,93,11,11
55664,54,55,-1,1
55665,89,73,16,16
55666,132,122,10,10
55667,83,81,2,2
55668,80,77,3,3
55669,76,76,0,0
55670,67,60,7,7
55671,89,81,8,8
55672,149,136,13,13
55673,106,106,0,0
55674,149,138,11,11
55675,52,55,-3,3
55676,58,62,-4,4
55677,70,73,-3,3
55678,78,71,7,7
55679,212,179,33,33
55680,105,90,15,15
55681,101,83,18,18
55682,107,91,16,16
55683,145,130,15,15
55684,77,74,3,3
55685,108,91,17,17
55686,97,90,7,7
55687,90,77,13,13
55688,104,97,7,7
55689,99,89,10,10
55690,94,82,12,12
55691,105,104,1,1
55692,69,69,0,0
55693,81,83,-2,2
55694,88,84,4,4
55695,112,109,3,3
55696,93,89,4,4
55697,130,120,10,10
55698,145,118,27,27
55699,130,114,16,16
55700,62,74,-12,12
55701,99,92,7,7
55702,67,63,4,4
55703,129,111,18,18
55704,72,71,1,1
55705,96,88,8,8
55706,76,75,1,1
55707,102,93,9,9
55708,81,75,6,6
55709,157,140,17,17
55710,100,98,2,2
55711,122,107,15,15
55712,65,62,3,3
55713,82,71,11,11
55714,95,85,10,10
55715,133,128,5,5
55716,108,101,7,7
55717,81,76,5,5
55718,91,86,5,5
55719,134,118,16,16
55720,146,129,17,17
55721,93,89,4,4
55722,53,52,1,1
55723,108,94,14,14
55724,93,83,10,10
55725,99,85,14,14
55726,158,137,21,21
55727,66,72,-6,6
55728,66,62,4,4
55729,83,83,0,0
55730,103,91,12,12
55731,54,54,0,0
55732,144,125,19,19
55733,88,92,-4,4
55734,105,88,17,17
55735,115,102,13,13
55736,125,110,15,15
55737,67,70,-3,3
55738,193,157,36,36
55739,127,100,27,27
55740,29,45,-16,16
55741,86,81,5,5
55742,121,115,6,6
55743,94,81,13,13
55744,125,107,18,18
55745,174,159,15,15
55746,163,145,18,18
55747,128,105,23,23
55748,155,133,22,22
55749,123,122,1,1
55750,100,91,9,9
55751,80,83,-3,3
55752,121,107,14,14
55753,31,31,0,0
55754,96,82,14,14
55755,80,71,9,9
55756,83,75,8,8
55757,82,76,6,6
55758,97,95,2,2
55759,72,71,1,1
55760,69,69,0,0
55761,86,80,6,6
55762,73,83,-10,10
55763,100,97,3,3
55764,66,65,1,1
55765,83,67,16,16
55766,92,93,-1,1
55767,68,63,5,5
55768,118,114,4,4
55769,97,103,-6,6
55770,62,63,-1,1
55771,78,69,9,9
55772,48,51,-3,3
55773,98,88,10,10
55774,71,69,2,2
55775,62,64,-2,2
55776,45,55,-10,10
55777,122,114,8,8
55778,91,83,8,8
55779,71,128,-57,57
55780,68,62,6,6
55781,118,114,4,4
55782,79,78,1,1
55783,120,115,5,5
55784,134,134,0,0
55785,72,72,0,0
55786,92,83,9,9
55787,49,67,-18,18
55788,100,93,7,7
55789,90,91,-1,1
55790,71,69,2,2
55791,83,81,2,2
55792,71,67,4,4
55793,90,91,-1,1
55794,168,154,14,14
55795,68,79,-11,11
55796,50,55,-5,5
55797,59,54,5,5
55798,52,58,-6,6
55799,104,94,10,10
55800,95,92,3,3
55801,57,63,-6,6
55802,211,191,20,20
55803,58,53,5,5
55804,125,113,12,12
55805,99,91,8,8
55806,88,91,-3,3
55807,182,150,32,32
55808,99,92,7,7
55809,66,57,9,9
55810,169,146,23,23
55811,105,94,11,11
55812,92,88,4,4
55813,110,102,8,8
55814,111,96,15,15
55815,95,84,11,11
55816,74,69,5,5
55817,135,110,25,25
55818,51,88,-37,37
55819,78,70,8,8
55820,118,101,17,17
55821,118,109,9,9
55822,104,97,7,7
55823,37,49,-12,12
55824,96,88,8,8
55825,93,83,10,10
55826,60,83,-23,23
55827,102,90,12,12
55828,112,105,7,7
55829,73,76,-3,3
55830,142,121,21,21
55831,67,65,2,2
55832,69,62,7,7
55833,103,168,-65,65
55834,42,64,-22,22
55835,99,80,19,19
55836,181,153,28,28
55837,94,85,9,9
55838,83,79,4,4
55839,98,80,18,18
55840,151,126,25,25
55841,149,119,30,30
55842,92,91,1,1
55843,129,128,1,1
55844,79,72,7,7
55845,119,118,1,1
55846,159,138,21,21
55847,63,67,-4,4
55848,74,69,5,5
55849,141,132,9,9
55850,133,117,16,16
55851,106,95,11,11
55852,180,157,23,23
55853,152,123,29,29
55854,85,75,10,10
55855,118,102,16,16
55856,127,116,11,11
55857,143,138,5,5
55858,80,83,-3,3
55859,123,111,12,12
55860,131,115,16,16
55861,53,43,10,10
55862,83,72,11,11
55863,97,85,12,12
55864,120,112,8,8
55865,71,65,6,6
55866,127,105,22,22
55867,68,65,3,3
55868,79,76,3,3
55869,104,104,0,0
55870,139,132,7,7
55871,143,142,1,1
55872,102,104,-2,2
55873,75,67,8,8
55874,105,102,3,3
55875,71,58,13,13
55876,52,50,2,2
55877,73,66,7,7
55878,95,82,13,13
55879,84,74,10,10
55880,77,74,3,3
55881,63,68,-5,5
55882,80,85,-5,5
55883,111,96,15,15
55884,146,121,25,25
55885,136,134,2,2
55886,58,52,6,6
55887,77,71,6,6
55888,74,93,-19,19
55889,157,142,15,15
55890,113,104,9,9
55891,88,80,8,8
55892,98,92,6,6
55893,70,70,0,0
55894,70,76,-6,6
55895,95,87,8,8
55896,113,91,22,22
55897,65,64,1,1
55898,82,70,12,12
55899,89,88,1,1
55900,90,78,12,12
55901,75,86,-11,11
55902,73,63,10,10
55903,45,51,-6,6
55904,75,80,-5,5
55905,89,79,10,10
55906,127,105,22,22
55907,189,173,16,16
55908,132,114,18,18
55909,95,87,8,8
55910,113,99,14,14
55911,81,78,3,3
55912,121,115,6,6
55913,73,74,-1,1
55914,107,95,12,12
55915,72,68,4,4
55916,110,109,1,1
55917,69,66,3,3
55918,149,127,22,22
55919,63,63,0,0
55920,115,104,11,11
55921,105,95,10,10
55922,88,83,5,5
55923,65,66,-1,1
55924,87,83,4,4
55925,94,94,0,0
55926,125,114,11,11
55927,93,79,14,14
55928,112,99,13,13
55929,103,84,19,19
55930,117,107,10,10
55931,95,88,7,7
55932,76,71,5,5
55933,94,99,-5,5
55934,50,51,-1,1
55935,115,110,5,5
55936,105,92,13,13
55937,108,93,15,15
55938,141,132,9,9
55939,102,95,7,7
55940,58,64,-6,6
55941,108,97,11,11
55942,89,78,11,11
55943,71,70,1,1
55944,59,55,4,4
55945,89,80,9,9
55946,57,56,1,1
55947,106,93,13,13
55948,161,134,27,27
55949,92,83,9,9
55950,66,65,1,1
55951,82,78,4,4
55952,84,72,12,12
55953,115,95,20,20
55954,110,101,9,9
55955,135,123,12,12
55956,93,86,7,7
55957,134,139,-5,5
55958,105,88,17,17
55959,79,72,7,7
55960,25,31,-6,6
55961,124,120,4,4
55962,29,32,-3,3
55963,96,81,15,15
55964,125,114,11,11
55965,52,56,-4,4
55966,101,94,7,7
55967,70,65,5,5
55968,98,86,12,12
55969,77,67,10,10
55970,167,142,25,25
55971,82,77,5,5
55972,91,82,9,9
55973,70,68,2,2
55974,74,72,2,2
55975,121,111,10,10
55976,46,63,-17,17
55977,76,74,2,2
55978,111,107,4,4
55979,58,55,3,3
55980,65,62,3,3
55981,53,51,2,2
55982,109,109,0,0
55983,80,78,2,2
55984,88,84,4,4
55985,110,101,9,9
55986,98,83,15,15
55987,97,101,-4,4
55988,128,109,19,19
55989,144,126,18,18
55990,82,80,2,2
55991,131,116,15,15
55992,100,89,11,11
55993,95,89,6,6
55994,108,97,11,11
55995,82,79,3,3
55996,73,64,9,9
55997,94,92,2,2
55998,99,102,-3,3
55999,88,79,9,9
56000,157,138,19,19
56001,75,72,3,3
56002,95,92,3,3
56003,82,74,8,8
56004,160,156,4,4
56005,146,127,19,19
56006,166,162,4,4
56007,76,72,4,4
56008,139,128,11,11
56009,110,102,8,8
56010,118,114,4,4
56011,122,104,18,18
56012,50,59,-9,9
56013,59,60,-1,1
56014,112,104,8,8
56015,108,112,-4,4
56016,42,48,-6,6
56017,112,107,5,5
56018,126,106,20,20
56019,88,88,0,0
56020,121,99,22,22
56021,83,74,9,9
56022,95,96,-1,1
56023,98,83,15,15
56024,104,98,6,6
56025,66,66,0,0
56026,129,120,9,9
56027,85,74,11,11
56028,101,95,6,6
56029,68,70,-2,2
56030,86,82,4,4
56031,79,73,6,6
56032,91,87,4,4
56033,113,114,-1,1
56034,149,131,18,18
56035,76,74,2,2
56036,107,100,7,7
56037,110,103,7,7
56038,75,74,1,1
56039,100,96,4,4
56040,110,109,1,1
56041,115,103,12,12
56042,128,117,11,11
56043,177,151,26,26
56044,105,94,11,11
56045,79,133,-54,54
56046,126,115,11,11
56047,135,135,0,0
56048,66,63,3,3
56049,148,130,18,18
56050,128,115,13,13
56051,106,87,19,19
56052,99,78,21,21
56053,73,61,12,12
56054,64,64,0,0
56055,98,113,-15,15
56056,111,101,10,10
56057,124,116,8,8
56058,117,105,12,12
56059,94,87,7,7
56060,86,76,10,10
56061,80,72,8,8
56062,105,103,2,2
56063,77,77,0,0
56064,101,92,9,9
56065,118,104,14,14
56066,130,104,26,26
56067,97,90,7,7
56068,77,74,3,3
56069,76,75,1,1
56070,122,120,2,2
56071,116,126,-10,10
56072,67,74,-7,7
56073,109,93,16,16
56074,62,63,-1,1
56075,95,77,18,18
56076,130,114,16,16
56077,49,61,-12,12
56078,64,58,6,6
56079,84,79,5,5
56080,147,118,29,29
56081,121,102,19,19
56082,158,144,14,14
56083,105,90,15,15
56084,99,96,3,3
56085,108,105,3,3
56086,159,144,15,15
56087,87,80,7,7
56088,128,127,1,1
56089,58,68,-10,10
56090,110,103,7,7
56091,187,165,22,22
56092,87,83,4,4
56093,143,135,8,8
56094,84,69,15,15
56095,132,126,6,6
56096,74,69,5,5
56097,109,103,6,6
56098,86,97,-11,11
56099,111,100,11,11
56100,49,48,1,1
56101,73,68,5,5
56102,125,125,0,0
56103,75,69,6,6
56104,78,73,5,5
56105,99,90,9,9
56106,103,105,-2,2
56107,106,93,13,13
56108,57,54,3,3
56109,139,123,16,16
56110,90,78,12,12
56111,67,64,3,3
56112,60,63,-3,3
56113,46,43,3,3
56114,56,58,-2,2
56115,135,118,17,17
56116,52,55,-3,3
56117,102,91,11,11
56118,79,75,4,4
56119,75,75,0,0
56120,118,112,6,6
56121,107,105,2,2
56122,24,31,-7,7
56123,102,90,12,12
56124,78,78,0,0
56125,94,79,15,15
56126,109,87,22,22
56127,139,127,12,12
56128,105,102,3,3
56129,155,136,19,19
56130,53,52,1,1
56131,82,84,-2,2
56132,159,153,6,6
56133,105,92,13,13
56134,102,96,6,6
56135,78,73,5,5
56136,67,62,5,5
56137,149,138,11,11
56138,84,82,2,2
56139,87,88,-1,1
56140,132,130,2,2
56141,83,75,8,8
56142,75,69,6,6
56143,99,90,9,9
56144,77,79,-2,2
56145,97,86,11,11
56146,132,102,30,30
56147,105,103,2,2
56148,105,83,22,22
56149,59,53,6,6
56150,69,63,6,6
56151,120,107,13,13
56152,59,60,-1,1
56153,105,89,16,16
56154,81,76,5,5
56155,156,144,12,12
56156,62,64,-2,2
56157,63,62,1,1
56158,156,129,27,27
56159,48,126,-78,78
56160,81,77,4,4
56161,78,76,2,2
56162,72,65,7,7
56163,110,99,11,11
56164,76,77,-1,1
56165,82,76,6,6
56166,76,73,3,3
56167,106,97,9,9
56168,109,108,1,1
56169,96,86,10,10
56170,129,124,5,5
56171,71,65,6,6
56172,124,126,-2,2
56173,107,98,9,9
56174,97,88,9,9
56175,113,90,23,23
56176,152,131,21,21
56177,91,99,-8,8
56178,78,74,4,4
56179,158,137,21,21
56180,117,107,10,10
56181,97,93,4,4
56182,83,74,9,9
56183,132,115,17,17
56184,79,75,4,4
56185,101,99,2,2
56186,135,115,20,20
56187,96,70,26,26
56188,82,70,12,12
56189,70,75,-5,5
56190,110,98,12,12
56191,141,117,24,24
56192,61,57,4,4
56193,97,85,12,12
56194,119,91,28,28
56195,67,66,1,1
56196,92,98,-6,6
56197,84,67,17,17
56198,65,67,-2,2
56199,84,83,1,1
56200,124,106,18,18
56201,135,124,11,11
56202,146,124,22,22
56203,109,107,2,2
56204,145,138,7,7
56205,89,77,12,12
56206,136,121,15,15
56207,85,78,7,7
56208,55,56,-1,1
56209,92,94,-2,2
56210,61,61,0,0
56211,132,114,18,18
56212,65,68,-3,3
56213,112,107,5,5
56214,107,92,15,15
56215,48,48,0,0
56216,55,57,-2,2
56217,109,99,10,10
56218,136,121,15,15
56219,94,91,3,3
56220,45,45,0,0
56221,139,118,21,21
56222,72,75,-3,3
56223,156,128,28,28
56224,58,61,-3,3
56225,96,79,17,17
56226,83,76,7,7
56227,94,85,9,9
56228,29,31,-2,2
56229,124,113,11,11
56230,71,73,-2,2
56231,146,124,22,22
56232,97,86,11,11
56233,104,98,6,6
56234,32,39,-7,7
56235,140,122,18,18
56236,57,54,3,3
56237,112,104,8,8
56238,70,72,-2,2
56239,92,78,14,14
56240,57,62,-5,5
56241,107,107,0,0
56242,76,72,4,4
56243,81,75,6,6
56244,115,115,0,0
56245,22,66,-44,44
56246,96,92,4,4
56247,84,88,-4,4
56248,103,93,10,10
56249,126,104,22,22
56250,76,71,5,5
56251,159,134,25,25
56252,74,62,12,12
56253,87,77,10,10
56254,46,53,-7,7
56255,33,36,-3,3
56256,76,61,15,15
56257,98,88,10,10
56258,73,67,6,6
56259,105,91,14,14
56260,51,59,-8,8
56261,94,78,16,16
56262,54,63,-9,9
56263,86,85,1,1
56264,60,62,-2,2
56265,144,126,18,18
56266,74,60,14,14
56267,90,81,9,9
56268,100,98,2,2
56269,107,108,-1,1
56270,129,105,24,24
56271,133,113,20,20
56272,70,71,-1,1
56273,101,88,13,13
56274,60,63,-3,3
56275,200,166,34,34
56276,64,60,4,4
56277,143,126,17,17
56278,90,81,9,9
56279,72,63,9,9
56280,85,85,0,0
56281,136,128,8,8
56282,94,96,-2,2
56283,135,111,24,24
56284,102,89,13,13
56285,71,79,-8,8
56286,74,73,1,1
56287,122,121,1,1
56288,86,81,5,5
56289,40,43,-3,3
56290,109,110,-1,1
56291,113,102,11,11
56292,110,99,11,11
56293,68,63,5,5
56294,130,122,8,8
56295,89,87,2,2
56296,106,99,7,7
56297,98,92,6,6
56298,71,56,15,15
56299,128,121,7,7
56300,158,130,28,28
56301,82,75,7,7
56302,42,43,-1,1
56303,67,63,4,4
56304,107,107,0,0
56305,77,72,5,5
56306,113,109,4,4
56307,73,69,4,4
56308,189,169,20,20
56309,101,95,6,6
56310,117,120,-3,3
56311,113,106,7,7
56312,81,72,9,9
56313,113,101,12,12
56314,108,96,12,12
56315,133,131,2,2
56316,117,108,9,9
56317,119,108,11,11
56318,72,64,8,8
56319,72,80,-8,8
56320,105,101,4,4
56321,70,65,5,5
56322,66,60,6,6
56323,152,129,23,23
56324,89,80,9,9
56325,20,30,-10,10
56326,72,71,1,1
56327,89,77,12,12
56328,83,85,-2,2
56329,121,125,-4,4
56330,119,103,16,16
56331,101,94,7,7
56332,84,80,4,4
56333,78,77,1,1
56334,166,145,21,21
56335,117,107,10,10
56336,141,131,10,10
56337,123,113,10,10
56338,162,146,16,16
56339,50,56,-6,6
56340,60,55,5,5
56341,86,85,1,1
56342,70,68,2,2
56343,129,121,8,8
56344,65,66,-1,1
56345,75,78,-3,3
56346,91,67,24,24
56347,55,57,-2,2
56348,82,81,1,1
56349,102,98,4,4
56350,74,70,4,4
56351,84,78,6,6
56352,128,112,16,16
56353,91,84,7,7
56354,120,109,11,11
56355,85,83,2,2
56356,108,108,0,0
56357,72,66,6,6
56358,90,78,12,12
56359,85,83,2,2
56360,112,103,9,9
56361,148,140,8,8
56362,105,103,2,2
56363,44,52,-8,8
56364,42,53,-11,11
56365,103,88,15,15
56366,93,76,17,17
56367,63,60,3,3
56368,169,168,1,1
56369,65,62,3,3
56370,74,72,2,2
56371,99,95,4,4
56372,129,121,8,8
56373,93,85,8,8
56374,139,124,15,15
56375,64,105,-41,41
56376,93,84,9,9
56377,53,65,-12,12
56378,110,99,11,11
56379,97,87,10,10
56380,170,147,23,23
56381,56,63,-7,7
56382,172,162,10,10
56383,71,67,4,4
56384,161,138,23,23
56385,130,126,4,4
56386,101,96,5,5
56387,107,99,8,8
56388,101,94,7,7
56389,64,69,-5,5
56390,75,70,5,5
56391,128,119,9,9
56392,80,74,6,6
56393,129,119,10,10
56394,54,58,-4,4
56395,71,74,-3,3
56396,55,50,5,5
56397,91,89,2,2
56398,119,105,14,14
56399,94,87,7,7
56400,158,138,20,20
56401,60,63,-3,3
56402,158,148,10,10
56403,56,51,5,5
56404,121,114,7,7
56405,79,68,11,11
56406,120,106,14,14
56407,64,68,-4,4
56408,62,75,-13,13
56409,80,74,6,6
56410,135,120,15,15
56411,102,113,-11,11
56412,115,99,16,16
56413,142,135,7,7
56414,115,121,-6,6
56415,119,116,3,3
56416,138,124,14,14
56417,97,82,15,15
56418,80,71,9,9
56419,97,93,4,4
56420,111,104,7,7
56421,91,87,4,4
56422,95,94,1,1
56423,91,88,3,3
56424,101,85,16,16
56425,130,118,12,12
56426,89,87,2,2
56427,86,90,-4,4
56428,178,153,25,25
56429,168,148,20,20
56430,63,54,9,9
56431,69,61,8,8
56432,186,154,32,32
56433,143,125,18,18
56434,76,61,15,15
56435,87,86,1,1
56436,46,51,-5,5
56437,81,78,3,3
56438,43,46,-3,3
56439,125,114,11,11
56440,190,167,23,23
56441,112,90,22,22
56442,161,144,17,17
56443,119,104,15,15
56444,98,93,5,5
56445,122,109,13,13
56446,94,86,8,8
56447,68,73,-5,5
56448,103,84,19,19
56449,126,98,28,28
56450,75,71,4,4
56451,123,104,19,19
56452,81,73,8,8
56453,144,142,2,2
56454,53,48,5,5
56455,164,139,25,25
56456,60,62,-2,2
56457,117,107,10,10
56458,121,113,8,8
56459,90,89,1,1
56460,86,77,9,9
56461,63,65,-2,2
56462,147,127,20,20
56463,103,93,10,10
56464,68,66,2,2
56465,91,82,9,9
56466,81,67,14,14
56467,71,70,1,1
56468,63,61,2,2
56469,123,114,9,9
56470,105,95,10,10
56471,81,80,1,1
56472,112,113,-1,1
56473,78,74,4,4
56474,85,78,7,7
56475,118,109,9,9
56476,65,58,7,7
56477,127,123,4,4
56478,83,77,6,6
56479,91,81,10,10
56480,62,63,-1,1
56481,75,76,-1,1
56482,88,89,-1,1
56483,163,148,15,15
56484,48,62,-14,14
56485,93,96,-3,3
56486,85,81,4,4
56487,142,133,9,9
56488,93,94,-1,1
56489,73,66,7,7
56490,65,65,0,0
56491,83,77,6,6
56492,77,73,4,4
56493,113,102,11,11
56494,121,108,13,13
56495,71,70,1,1
56496,64,59,5,5
56497,70,75,-5,5
56498,155,137,18,18
56499,59,56,3,3
56500,80,74,6,6
56501,80,77,3,3
56502,59,58,1,1
56503,83,71,12,12
56504,68,60,8,8
56505,77,81,-4,4
56506,121,98,23,23
56507,63,70,-7,7
56508,82,77,5,5
56509,145,132,13,13
56510,63,68,-5,5
56511,124,117,7,7
56512,83,87,-4,4
56513,175,160,15,15
56514,185,171,14,14
56515,65,61,4,4
56516,61,59,2,2
56517,76,72,4,4
56518,75,76,-1,1
56519,74,85,-11,11
56520,136,113,23,23
56521,47,51,-4,4
56522,66,54,12,12
56523,131,117,14,14
56524,123,101,22,22
56525,118,109,9,9
56526,58,56,2,2
56527,89,81,8,8
56528,156,136,20,20
56529,55,59,-4,4
56530,115,98,17,17
56531,111,101,10,10
56532,116,118,-2,2
56533,62,69,-7,7
56534,108,91,17,17
56535,120,118,2,2
56536,112,106,6,6
56537,56,63,-7,7
56538,142,134,8,8
56539,91,78,13,13
56540,86,80,6,6
56541,121,112,9,9
56542,80,71,9,9
56543,103,96,7,7
56544,76,76,0,0
56545,100,119,-19,19
56546,94,85,9,9
56547,117,115,2,2
56548,84,76,8,8
56549,87,86,1,1
56550,127,110,17,17
56551,90,98,-8,8
56552,96,83,13,13
56553,56,54,2,2
56554,74,69,5,5
56555,98,87,11,11
56556,107,107,0,0
56557,125,102,23,23
56558,66,60,6,6
56559,91,90,1,1
56560,154,153,1,1
56561,151,123,28,28
56562,77,74,3,3
56563,60,60,0,0
56564,72,74,-2,2
56565,132,109,23,23
56566,74,69,5,5
56567,63,64,-1,1
56568,129,120,9,9
56569,169,154,15,15
56570,88,92,-4,4
56571,129,114,15,15
56572,140,123,17,17
56573,80,84,-4,4
56574,94,90,4,4
56575,49,54,-5,5
56576,145,132,13,13
56577,97,94,3,3
56578,94,91,3,3
56579,83,75,8,8
56580,135,122,13,13
56581,103,94,9,9
56582,40,47,-7,7
56583,119,128,-9,9
56584,60,61,-1,1
56585,44,45,-1,1
56586,104,101,3,3
56587,49,48,1,1
56588,70,86,-16,16
56589,59,61,-2,2
56590,114,113,1,1
56591,65,55,10,10
56592,60,60,0,0
56593,121,121,0,0
56594,115,102,13,13
56595,75,68,7,7
56596,74,68,6,6
56597,103,94,9,9
56598,59,57,2,2
56599,125,119,6,6
56600,94,87,7,7
56601,73,67,6,6
56602,54,51,3,3
56603,58,55,3,3
56604,174,159,15,15
56605,46,48,-2,2
56606,79,76,3,3
56607,108,92,16,16
56608,50,59,-9,9
56609,120,101,19,19
56610,159,139,20,20
56611,171,161,10,10
56612,81,81,0,0
56613,85,81,4,4
56614,118,126,-8,8
56615,73,73,0,0
56616,114,102,12,12
56617,77,67,10,10
56618,150,122,28,28
56619,72,74,-2,2
56620,64,80,-16,16
56621,85,91,-6,6
56622,112,107,5,5
56623,57,55,2,2
56624,101,92,9,9
56625,83,79,4,4
56626,74,68,6,6
56627,142,124,18,18
56628,111,92,19,19
56629,135,110,25,25
56630,64,64,0,0
56631,75,65,10,10
56632,188,172,16,16
56633,63,76,-13,13
56634,124,107,17,17
56635,42,51,-9,9
56636,136,115,21,21
56637,50,51,-1,1
56638,87,90,-3,3
56639,140,122,18,18
56640,94,90,4,4
56641,94,87,7,7
56642,61,71,-10,10
56643,86,82,4,4
56644,126,106,20,20
56645,63,61,2,2
56646,82,71,11,11
56647,140,133,7,7
56648,134,112,22,22
56649,79,73,6,6
56650,126,128,-2,2
56651,101,97,4,4
56652,103,95,8,8
56653,70,64,6,6
56654,85,73,12,12
56655,84,82,2,2
56656,58,61,-3,3
56657,139,117,22,22
56658,67,75,-8,8
56659,101,99,2,2
56660,83,82,1,1
56661,66,59,7,7
56662,59,57,2,2
56663,77,76,1,1
56664,53,59,-6,6
56665,130,117,13,13
56666,59,64,-5,5
56667,94,79,15,15
56668,120,108,12,12
56669,108,94,14,14
56670,95,83,12,12
56671,67,61,6,6
56672,103,95,8,8
56673,68,62,6,6
56674,82,74,8,8
56675,111,107,4,4
56676,78,72,6,6
56677,59,61,-2,2
56678,72,74,-2,2
56679,101,89,12,12
56680,77,79,-2,2
56681,65,61,4,4
56682,64,68,-4,4
56683,57,63,-6,6
56684,95,93,2,2
56685,68,66,2,2
56686,137,117,20,20
56687,65,66,-1,1
56688,82,76,6,6
56689,73,75,-2,2
56690,96,100,-4,4
56691,110,102,8,8
56692,139,126,13,13
56693,87,71,16,16
56694,113,94,19,19
56695,40,34,6,6
56696,81,78,3,3
56697,51,56,-5,5
56698,173,145,28,28
56699,72,79,-7,7
56700,107,98,9,9
56701,112,108,4,4
56702,125,109,16,16
56703,56,56,0,0
56704,141,120,21,21
56705,150,131,19,19
56706,136,129,7,7
56707,127,111,16,16
56708,132,129,3,3
56709,96,83,13,13
56710,35,50,-15,15
56711,86,79,7,7
56712,108,92,16,16
56713,149,130,19,19
56714,103,98,5,5
56715,144,143,1,1
56716,135,117,18,18
56717,112,99,13,13
56718,86,91,-5,5
56719,54,51,3,3
56720,78,71,7,7
56721,72,68,4,4
56722,87,86,1,1
56723,79,90,-11,11
56724,109,116,-7,7
56725,120,99,21,21
56726,173,146,27,27
56727,57,63,-6,6
56728,40,40,0,0
56729,82,82,0,0
56730,70,72,-2,2
56731,86,86,0,0
56732,98,92,6,6
56733,134,135,-1,1
56734,45,43,2,2
56735,129,110,19,19
56736,68,71,-3,3
56737,91,80,11,11
56738,113,101,12,12
56739,52,56,-4,4
56740,94,85,9,9
56741,94,95,-1,1
56742,113,105,8,8
56743,128,107,21,21
56744,99,99,0,0
56745,105,93,12,12
56746,86,98,-12,12
56747,148,133,15,15
56748,138,114,24,24
56749,99,81,18,18
56750,94,90,4,4
56751,73,73,0,0
56752,153,127,26,26
56753,95,91,4,4
56754,118,116,2,2
56755,129,117,12,12
56756,50,63,-13,13
56757,123,107,16,16
56758,142,127,15,15
56759,123,111,12,12
56760,148,138,10,10
56761,107,98,9,9
56762,98,97,1,1
56763,112,104,8,8
56764,137,119,18,18
56765,106,98,8,8
56766,97,83,14,14
56767,96,93,3,3
56768,245,178,67,67
56769,115,101,14,14
56770,81,74,7,7
56771,130,105,25,25
56772,86,74,12,12
56773,128,115,13,13
56774,73,68,5,5
56775,110,97,13,13
56776,130,115,15,15
56777,97,92,5,5
56778,80,80,0,0
56779,91,84,7,7
56780,88,77,11,11
56781,105,99,6,6
56782,75,55,20,20
56783,93,95,-2,2
56784,115,104,11,11
56785,133,116,17,17
56786,142,117,25,25
56787,62,69,-7,7
56788,78,76,2,2
56789,91,81,10,10
56790,102,92,10,10
56791,109,101,8,8
56792,102,91,11,11
56793,90,79,11,11
56794,135,110,25,25
56795,31,50,-19,19
56796,143,128,15,15
56797,123,111,12,12
56798,102,92,10,10
56799,59,55,4,4
56800,83,81,2,2
56801,99,90,9,9
56802,50,61,-11,11
56803,168,138,30,30
56804,80,78,2,2
56805,104,108,-4,4
56806,117,107,10,10
56807,113,111,2,2
56808,73,88,-15,15
56809,72,72,0,0
56810,144,111,33,33
56811,131,123,8,8
56812,107,113,-6,6
56813,85,83,2,2
56814,58,64,-6,6
56815,67,62,5,5
56816,62,58,4,4
56817,63,55,8,8
56818,148,140,8,8
56819,139,116,23,23
56820,82,82,0,0
56821,133,120,13,13
56822,70,72,-2,2
56823,99,97,2,2
56824,115,104,11,11
56825,121,113,8,8
56826,107,106,1,1
56827,113,95,18,18
56828,61,64,-3,3
56829,80,73,7,7
56830,78,72,6,6
56831,68,62,6,6
56832,122,119,3,3
56833,109,94,15,15
56834,71,66,5,5
56835,60,63,-3,3
56836,125,111,14,14
56837,68,70,-2,2
56838,114,104,10,10
56839,93,77,16,16
56840,75,75,0,0
56841,99,97,2,2
56842,133,118,15,15
56843,78,79,-1,1
56844,45,42,3,3
56845,87,74,13,13
56846,72,77,-5,5
56847,129,115,14,14
56848,93,83,10,10
56849,95,93,2,2
56850,119,113,6,6
56851,96,79,17,17
56852,45,49,-4,4
56853,151,132,19,19
56854,75,70,5,5
56855,84,80,4,4
56856,75,67,8,8
56857,97,126,-29,29
56858,79,77,2,2
56859,132,118,14,14
56860,108,98,10,10
56861,115,100,15,15
56862,89,91,-2,2
56863,84,81,3,3
56864,132,121,11,11
56865,94,83,11,11
56866,182,168,14,14
56867,170,144,26,26
56868,93,87,6,6
56869,70,72,-2,2
56870,38,39,-1,1
56871,102,104,-2,2
56872,139,121,18,18
56873,97,99,-2,2
56874,87,81,6,6
56875,86,75,11,11
56876,76,82,-6,6
56877,91,91,0,0
56878,81,75,6,6
56879,86,75,11,11
56880,90,81,9,9
56881,73,73,0,0
56882,122,112,10,10
56883,81,74,7,7
56884,182,157,25,25
56885,73,71,2,2
56886,108,97,11,11
56887,70,62,8,8
56888,170,148,22,22
56889,98,88,10,10
56890,83,81,2,2
56891,89,89,0,0
56892,79,77,2,2
56893,77,77,0,0
56894,82,83,-1,1
56895,79,76,3,3
56896,165,140,25,25
56897,57,63,-6,6
56898,94,96,-2,2
56899,101,84,17,17
56900,170,166,4,4
56901,68,71,-3,3
56902,121,107,14,14
56903,137,117,20,20
56904,72,65,7,7
56905,109,100,9,9
56906,81,73,8,8
56907,71,71,0,0
56908,135,127,8,8
56909,105,95,10,10
56910,101,89,12,12
56911,71,75,-4,4
56912,93,89,4,4
56913,75,71,4,4
56914,68,126,-58,58
56915,107,97,10,10
56916,76,69,7,7
56917,127,110,17,17
56918,117,113,4,4
56919,123,101,22,22
56920,158,148,10,10
56921,96,89,7,7
56922,44,42,2,2
56923,100,93,7,7
56924,69,68,1,1
56925,77,80,-3,3
56926,66,70,-4,4
56927,71,62,9,9
56928,117,106,11,11
56929,103,100,3,3
56930,99,93,6,6
56931,131,120,11,11
56932,50,46,4,4
56933,39,38,1,1
56934,74,68,6,6
56935,51,52,-1,1
56936,91,91,0,0
56937,104,104,0,0
56938,76,72,4,4
56939,126,115,11,11
56940,79,76,3,3
56941,88,89,-1,1
56942,103,98,5,5
56943,156,130,26,26
56944,153,140,13,13
56945,82,76,6,6
56946,69,73,-4,4
56947,85,85,0,0
56948,90,95,-5,5
56949,118,102,16,16
56950,113,108,5,5
56951,63,68,-5,5
56952,39,46,-7,7
56953,125,114,11,11
56954,111,122,-11,11
56955,85,77,8,8
56956,69,71,-2,2
56957,164,145,19,19
56958,115,106,9,9
56959,100,110,-10,10
56960,97,92,5,5
56961,76,83,-7,7
56962,109,111,-2,2
56963,122,108,14,14
56964,75,73,2,2
56965,94,88,6,6
56966,73,65,8,8
56967,138,119,19,19
56968,109,86,23,23
56969,84,85,-1,1
56970,65,60,5,5
56971,97,89,8,8
56972,150,135,15,15
56973,158,145,13,13
56974,74,72,2,2
56975,64,66,-2,2
56976,102,97,5,5
56977,83,89,-6,6
56978,181,147,34,34
56979,149,126,23,23
56980,67,61,6,6
56981,108,105,3,3
56982,126,114,12,12
56983,129,114,15,15
56984,123,110,13,13
56985,88,78,10,10
56986,79,82,-3,3
56987,122,100,22,22
56988,88,75,13,13
56989,129,125,4,4
56990,82,75,7,7
56991,72,72,0,0
56992,116,101,15,15
56993,93,93,0,0
56994,82,75,7,7
56995,153,143,10,10
56996,169,142,27,27
56997,79,88,-9,9
56998,92,85,7,7
56999,123,110,13,13
57000,75,87,-12,12
57001,162,154,8,8
57002,79,76,3,3
57003,90,82,8,8
57004,74,79,-5,5
57005,130,118,12,12
57006,128,111,17,17
57007,75,82,-7,7
57008,86,81,5,5
57009,111,103,8,8
57010,100,90,10,10
57011,57,60,-3,3
57012,126,115,11,11
57013,61,63,-2,2
57014,79,78,1,1
57015,80,66,14,14
57016,49,54,-5,5
57017,83,80,3,3
57018,65,65,0,0
57019,76,75,1,1
57020,99,93,6,6
57021,152,129,23,23
57022,74,74,0,0
57023,90,90,0,0
57024,116,114,2,2
57025,150,138,12,12
57026,98,102,-4,4
57027,136,117,19,19
57028,109,102,7,7
57029,131,137,-6,6
57030,44,51,-7,7
57031,52,51,1,1
57032,73,70,3,3
57033,160,120,40,40
57034,104,95,9,9
57035,71,64,7,7
57036,52,55,-3,3
57037,69,60,9,9
57038,120,107,13,13
57039,51,44,7,7
57040,65,70,-5,5
57041,93,82,11,11
57042,62,75,-13,13
57043,108,98,10,10
57044,86,86,0,0
57045,65,68,-3,3
57046,151,140,11,11
57047,82,82,0,0
57048,54,51,3,3
57049,57,58,-1,1
57050,87,82,5,5
57051,75,76,-1,1
57052,76,76,0,0
57053,144,128,16,16
57054,82,79,3,3
57055,70,65,5,5
57056,65,65,0,0
57057,130,123,7,7
57058,179,173,6,6
57059,143,135,8,8
57060,128,113,15,15
57061,59,56,3,3
57062,141,123,18,18
57063,91,83,8,8
57064,117,102,15,15
57065,103,96,7,7
57066,102,99,3,3
57067,150,119,31,31
57068,91,81,10,10
57069,82,82,0,0
57070,72,63,9,9
57071,146,123,23,23
57072,51,51,0,0
57073,119,114,5,5
57074,94,90,4,4
57075,113,94,19,19
57076,115,103,12,12
57077,50,51,-1,1
57078,72,84,-12,12
57079,127,113,14,14
57080,67,87,-20,20
57081,76,74,2,2
57082,96,101,-5,5
57083,137,137,0,0
57084,189,169,20,20
57085,83,79,4,4
57086,90,87,3,3
57087,85,78,7,7
57088,99,91,8,8
57089,88,84,4,4
57090,163,150,13,13
57091,78,77,1,1
57092,63,57,6,6
57093,87,85,2,2
57094,81,80,1,1
57095,117,121,-4,4
57096,86,73,13,13
57097,97,91,6,6
57098,120,110,10,10
57099,61,54,7,7
57100,109,106,3,3
57101,82,78,4,4
57102,98,83,15,15
57103,100,85,15,15
57104,114,99,15,15
57105,61,60,1,1
57106,88,88,0,0
57107,75,75,0,0
57108,96,93,3,3
57109,125,121,4,4
57110,216,185,31,31
57111,91,81,10,10
57112,149,159,-10,10
57113,104,89,15,15
57114,69,69,0,0
57115,65,65,0,0
57116,116,98,18,18
57117,66,64,2,2
57118,53,54,-1,1
57119,61,67,-6,6
57120,106,101,5,5
57121,118,102,16,16
57122,145,130,15,15
57123,90,80,10,10
57124,76,70,6,6
57125,48,51,-3,3
57126,38,41,-3,3
57127,65,64,1,1
57128,98,84,14,14
57129,48,55,-7,7
57130,93,89,4,4
57131,117,113,4,4
57132,66,66,0,0
57133,110,91,19,19
57134,121,110,11,11
57135,95,84,11,11
57136,81,77,4,4
57137,48,57,-9,9
57138,80,80,0,0
57139,136,135,1,1
57140,55,50,5,5
57141,110,97,13,13
57142,104,109,-5,5
57143,89,77,12,12
57144,90,95,-5,5
57145,111,105,6,6
57146,85,88,-3,3
57147,113,104,9,9
57148,100,94,6,6
57149,147,124,23,23
57150,86,88,-2,2
57151,76,76,0,0
57152,164,134,30,30
57153,130,113,17,17
57154,99,86,13,13
57155,40,42,-2,2
57156,175,166,9,9
57157,148,138,10,10
57158,106,100,6,6
57159,152,144,8,8
57160,91,90,1,1
57161,98,88,10,10
57162,51,60,-9,9
57163,88,84,4,4
57164,89,82,7,7
57165,63,60,3,3
57166,84,80,4,4
57167,75,67,8,8
57168,117,101,16,16
57169,111,105,6,6
57170,134,137,-3,3
57171,81,83,-2,2
57172,101,99,2,2
57173,61,56,5,5
57174,116,107,9,9
57175,77,79,-2,2
57176,121,109,12,12
57177,101,91,10,10
57178,22,31,-9,9
57179,89,82,7,7
57180,134,124,10,10
57181,132,128,4,4
57182,48,51,-3,3
57183,102,93,9,9
57184,90,80,10,10
57185,89,85,4,4
57186,109,105,4,4
57187,164,138,26,26
57188,93,90,3,3
57189,93,91,2,2
57190,63,69,-6,6
57191,99,94,5,5
57192,72,67,5,5
57193,85,80,5,5
57194,76,76,0,0
57195,85,79,6,6
57196,125,85,40,40
57197,63,60,3,3
57198,47,53,-6,6
57199,123,115,8,8
57200,88,91,-3,3
57201,75,68,7,7
57202,78,73,5,5
57203,73,62,11,11
57204,113,120,-7,7
57205,88,79,9,9
57206,91,74,17,17
57207,99,91,8,8
57208,92,96,-4,4
57209,102,100,2,2
57210,84,83,1,1
57211,153,136,17,17
57212,117,115,2,2
57213,61,53,8,8
57214,81,75,6,6
57215,148,133,15,15
57216,88,70,18,18
57217,109,99,10,10
57218,124,110,14,14
57219,44,54,-10,10
57220,75,69,6,6
57221,107,103,4,4
57222,74,75,-1,1
57223,75,64,11,11
57224,97,84,13,13
57225,95,82,13,13
57226,72,66,6,6
57227,71,64,7,7
57228,100,93,7,7
57229,110,90,20,20
57230,67,57,10,10
57231,59,56,3,3
57232,162,140,22,22
57233,97,95,2,2
57234,66,69,-3,3
57235,87,79,8,8
57236,142,127,15,15
57237,77,76,1,1
57238,61,56,5,5
57239,61,106,-45,45
57240,131,111,20,20
57241,84,82,2,2
57242,77,77,0,0
57243,60,61,-1,1
57244,77,77,0,0
57245,47,50,-3,3
57246,71,74,-3,3
57247,118,114,4,4
57248,105,108,-3,3
57249,137,122,15,15
57250,48,64,-16,16
57251,81,79,2,2
57252,105,89,16,16
57253,107,98,9,9
57254,149,132,17,17
57255,88,83,5,5
57256,104,91,13,13
57257,130,105,25,25
57258,118,112,6,6
57259,50,67,-17,17
57260,113,97,16,16
57261,48,51,-3,3
57262,105,101,4,4
57263,63,70,-7,7
57264,63,63,0,0
57265,65,69,-4,4
57266,105,100,5,5
57267,38,41,-3,3
57268,57,53,4,4
57269,94,84,10,10
57270,87,76,11,11
57271,68,67,1,1
57272,66,70,-4,4
57273,87,87,0,0
57274,121,106,15,15
57275,104,91,13,13
57276,124,119,5,5
57277,158,132,26,26
57278,30,32,-2,2
57279,101,111,-10,10
57280,86,73,13,13
57281,93,85,8,8
57282,123,128,-5,5
57283,102,84,18,18
57284,142,142,0,0
57285,61,72,-11,11
57286,75,77,-2,2
57287,125,122,3,3
57288,95,87,8,8
57289,171,150,21,21
57290,96,115,-19,19
57291,123,114,9,9
57292,106,107,-1,1
57293,62,61,1,1
57294,87,79,8,8
57295,57,57,0,0
57296,56,51,5,5
57297,124,110,14,14
57298,81,75,6,6
57299,109,90,19,19
57300,165,156,9,9
57301,171,156,15,15
57302,104,95,9,9
57303,59,63,-4,4
57304,40,45,-5,5
57305,74,83,-9,9
57306,127,114,13,13
57307,73,78,-5,5
57308,130,114,16,16
57309,47,57,-10,10
57310,59,57,2,2
57311,156,130,26,26
57312,101,87,14,14
57313,89,70,19,19
57314,95,88,7,7
57315,60,68,-8,8
57316,91,85,6,6
57317,74,71,3,3
57318,160,140,20,20
57319,114,101,13,13
57320,148,131,17,17
57321,80,71,9,9
57322,24,31,-7,7
57323,52,54,-2,2
57324,259,215,44,44
57325,44,45,-1,1
57326,149,132,17,17
57327,57,60,-3,3
57328,126,124,2,2
57329,142,120,22,22
57330,111,108,3,3
57331,167,149,18,18
57332,76,74,2,2
57333,69,60,9,9
57334,110,109,1,1
57335,92,97,-5,5
57336,99,81,18,18
57337,95,89,6,6
57338,114,98,16,16
57339,91,90,1,1
57340,104,94,10,10
57341,84,80,4,4
57342,164,138,26,26
57343,44,53,-9,9
57344,75,66,9,9
57345,95,88,7,7
57346,27,38,-11,11
57347,81,77,4,4
57348,72,71,1,1
57349,100,87,13,13
57350,131,108,23,23
57351,61,68,-7,7
57352,89,83,6,6
57353,65,68,-3,3
57354,53,62,-9,9
57355,103,106,-3,3
57356,129,118,11,11
57357,114,97,17,17
57358,102,94,8,8
57359,87,88,-1,1
57360,77,64,13,13
57361,72,72,0,0
57362,71,73,-2,2
57363,67,59,8,8
57364,116,108,8,8
57365,102,89,13,13
57366,83,72,11,11
57367,55,52,3,3
57368,71,80,-9,9
57369,84,73,11,11
57370,98,90,8,8
57371,101,84,17,17
57372,82,70,12,12
57373,117,112,5,5
57374,126,120,6,6
57375,66,70,-4,4
57376,81,82,-1,1
57377,189,178,11,11
57378,90,79,11,11
57379,86,77,9,9
57380,107,95,12,12
57381,117,125,-8,8
57382,54,54,0,0
57383,81,82,-1,1
57384,85,75,10,10
57385,88,89,-1,1
57386,57,62,-5,5
57387,103,98,5,5
57388,103,91,12,12
57389,95,91,4,4
57390,107,99,8,8
57391,91,84,7,7
57392,111,118,-7,7
57393,200,173,27,27
57394,83,83,0,0
57395,86,79,7,7
57396,80,80,0,0
57397,109,105,4,4
57398,69,64,5,5
57399,78,70,8,8
57400,70,72,-2,2
57401,77,74,3,3
57402,69,62,7,7
57403,96,80,16,16
57404,121,131,-10,10
57405,90,90,0,0
57406,152,134,18,18
57407,91,81,10,10
57408,89,82,7,7
57409,104,91,13,13
57410,88,72,16,16
57411,113,100,13,13
57412,81,87,-6,6
57413,92,80,12,12
57414,112,93,19,19
57415,113,110,3,3
57416,119,101,18,18
57417,68,66,2,2
57418,183,148,35,35
57419,154,129,25,25
57420,115,108,7,7
57421,173,175,-2,2
57422,108,95,13,13
57423,124,123,1,1
57424,71,64,7,7
57425,84,74,10,10
57426,80,80,0,0
57427,90,95,-5,5
57428,74,66,8,8
57429,89,74,15,15
57430,81,85,-4,4
57431,100,84,16,16
57432,136,125,11,11
57433,55,54,1,1
57434,105,99,6,6
57435,77,70,7,7
57436,192,172,20,20
57437,99,86,13,13
57438,90,82,8,8
57439,134,115,19,19
57440,113,101,12,12
57441,90,78,12,12
57442,150,127,23,23
57443,52,51,1,1
57444,102,92,10,10
57445,55,51,4,4
57446,110,102,8,8
57447,57,55,2,2
57448,57,60,-3,3
57449,97,89,8,8
57450,117,113,4,4
57451,83,83,0,0
57452,121,105,16,16
57453,58,61,-3,3
57454,101,93,8,8
57455,63,63,0,0
57456,105,98,7,7
57457,94,83,11,11
57458,138,126,12,12
57459,62,60,2,2
57460,113,106,7,7
57461,50,55,-5,5
57462,90,86,4,4
57463,135,125,10,10
57464,68,60,8,8
57465,94,85,9,9
57466,63,61,2,2
57467,179,151,28,28
57468,78,72,6,6
57469,197,163,34,34
57470,124,113,11,11
57471,115,118,-3,3
57472,105,95,10,10
57473,135,123,12,12
57474,59,58,1,1
57475,75,81,-6,6
57476,131,116,15,15
57477,125,116,9,9
57478,82,86,-4,4
57479,193,172,21,21
57480,23,31,-8,8
57481,67,63,4,4
57482,204,175,29,29
57483,78,78,0,0
57484,95,92,3,3
57485,143,132,11,11
57486,69,66,3,3
57487,78,70,8,8
57488,185,165,20,20
57489,60,61,-1,1
57490,93,80,13,13
57491,49,50,-1,1
57492,151,124,27,27
57493,93,83,10,10
57494,109,93,16,16
57495,58,55,3,3
57496,132,107,25,25
57497,85,73,12,12
57498,118,92,26,26
57499,69,70,-1,1
57500,76,74,2,2
57501,68,71,-3,3
57502,68,67,1,1
57503,103,107,-4,4
57504,116,104,12,12
57505,189,154,35,35
57506,64,67,-3,3
57507,54,51,3,3
57508,99,96,3,3
57509,140,120,20,20
57510,52,51,1,1
57511,144,130,14,14
57512,96,89,7,7
57513,60,78,-18,18
57514,131,121,10,10
57515,101,104,-3,3
57516,21,43,-22,22
57517,77,74,3,3
57518,94,89,5,5
57519,64,62,2,2
57520,77,67,10,10
57521,89,84,5,5
57522,68,65,3,3
57523,100,71,29,29
57524,94,86,8,8
57525,99,89,10,10
57526,104,100,4,4
57527,76,72,4,4
57528,41,45,-4,4
57529,89,76,13,13
57530,159,127,32,32
57531,145,118,27,27
57532,89,77,12,12
57533,117,111,6,6
57534,56,63,-7,7
57535,112,99,13,13
57536,59,53,6,6
57537,54,53,1,1
57538,83,74,9,9
57539,70,71,-1,1
57540,64,62,2,2
57541,134,119,15,15
57542,107,110,-3,3
57543,81,78,3,3
57544,117,114,3,3
57545,123,115,8,8
57546,114,96,18,18
57547,173,148,25,25
57548,79,68,11,11
57549,117,99,18,18
57550,32,40,-8,8
57551,87,79,8,8
57552,189,171,18,18
57553,70,75,-5,5
57554,155,125,30,30
57555,81,80,1,1
57556,168,150,18,18
57557,114,104,10,10
57558,153,148,5,5
57559,124,106,18,18
57560,51,46,5,5
57561,105,102,3,3
57562,101,107,-6,6
57563,86,83,3,3
57564,129,114,15,15
57565,122,107,15,15
57566,149,129,20,20
57567,85,78,7,7
57568,73,68,5,5
57569,66,66,0,0
57570,180,146,34,34
57571,33,40,-7,7
57572,70,71,-1,1
57573,101,108,-7,7
57574,89,88,1,1
57575,120,111,9,9
57576,121,106,15,15
57577,91,86,5,5
57578,90,83,7,7
57579,121,109,12,12
57580,154,147,7,7
57581,110,98,12,12
57582,65,58,7,7
57583,107,112,-5,5
57584,141,125,16,16
57585,61,64,-3,3
57586,119,112,7,7
57587,135,127,8,8
57588,185,149,36,36
57589,46,51,-5,5
57590,89,84,5,5
57591,134,121,13,13
57592,102,92,10,10
57593,138,128,10,10
57594,104,91,13,13
57595,176,151,25,25
57596,112,100,12,12
57597,135,125,10,10
57598,119,108,11,11
57599,82,72,10,10
57600,99,97,2,2
57601,119,103,16,16
57602,98,102,-4,4
57603,96,94,2,2
57604,90,93,-3,3
57605,81,70,11,11
57606,65,65,0,0
57607,120,107,13,13
57608,90,80,10,10
57609,80,80,0,0
57610,81,83,-2,2
57611,78,89,-11,11
57612,82,72,10,10
57613,155,124,31,31
57614,77,70,7,7
57615,116,111,5,5
57616,78,76,2,2
57617,69,64,5,5
57618,64,64,0,0
57619,88,84,4,4
57620,56,58,-2,2
57621,62,65,-3,3
57622,49,57,-8,8
57623,120,100,20,20
57624,154,137,17,17
57625,86,82,4,4
57626,61,65,-4,4
57627,66,65,1,1
57628,145,117,28,28
57629,83,83,0,0
57630,136,120,16,16
57631,88,92,-4,4
57632,71,78,-7,7
57633,93,82,11,11
57634,97,87,10,10
57635,94,81,13,13
57636,97,93,4,4
57637,57,64,-7,7
57638,142,129,13,13
57639,119,108,11,11
57640,87,88,-1,1
57641,131,127,4,4
57642,119,115,4,4
57643,76,70,6,6
57644,55,51,4,4
57645,106,94,12,12
57646,70,73,-3,3
57647,103,94,9,9
57648,96,80,16,16
57649,150,137,13,13
57650,128,122,6,6
57651,38,42,-4,4
57652,65,75,-10,10
57653,79,70,9,9
57654,96,83,13,13
57655,88,79,9,9
57656,185,186,-1,1
57657,81,72,9,9
57658,151,128,23,23
57659,94,89,5,5
57660,72,70,2,2
57661,110,98,12,12
57662,109,96,13,13
57663,80,70,10,10
57664,68,68,0,0
57665,111,92,19,19
57666,67,69,-2,2
57667,95,86,9,9
57668,114,108,6,6
57669,51,52,-1,1
57670,111,100,11,11
57671,118,99,19,19
57672,157,125,32,32
57673,82,81,1,1
57674,119,90,29,29
57675,73,70,3,3
57676,88,79,9,9
57677,46,44,2,2
57678,61,57,4,4
57679,81,79,2,2
57680,117,109,8,8
57681,87,80,7,7
57682,71,60,11,11
57683,70,65,5,5
57684,98,103,-5,5
57685,89,83,6,6
57686,100,87,13,13
57687,124,105,19,19
57688,166,145,21,21
57689,90,81,9,9
57690,43,44,-1,1
57691,175,142,33,33
57692,104,102,2,2
57693,180,161,19,19
57694,57,52,5,5
57695,36,45,-9,9
57696,144,141,3,3
57697,136,120,16,16
57698,56,56,0,0
57699,93,91,2,2
57700,91,85,6,6
57701,98,90,8,8
57702,82,64,18,18
57703,101,105,-4,4
57704,113,108,5,5
57705,53,61,-8,8
57706,55,56,-1,1
57707,120,104,16,16
57708,105,93,12,12
57709,71,72,-1,1
57710,78,72,6,6
57711,165,151,14,14
57712,82,81,1,1
57713,126,110,16,16
57714,114,100,14,14
57715,143,123,20,20
57716,118,109,9,9
57717,94,93,1,1
57718,41,41,0,0
57719,67,62,5,5
57720,83,76,7,7
57721,119,94,25,25
57722,62,62,0,0
57723,55,51,4,4
57724,95,89,6,6
57725,91,92,-1,1
57726,68,68,0,0
57727,144,136,8,8
57728,64,63,1,1
57729,43,58,-15,15
57730,81,80,1,1
57731,94,75,19,19
57732,77,73,4,4
57733,167,157,10,10
57734,51,56,-5,5
57735,117,100,17,17
57736,93,87,6,6
57737,71,70,1,1
57738,64,65,-1,1
57739,168,144,24,24
57740,98,91,7,7
57741,38,38,0,0
57742,124,108,16,16
57743,104,105,-1,1
57744,45,46,-1,1
57745,36,43,-7,7
57746,82,77,5,5
57747,120,102,18,18
57748,108,107,1,1
57749,43,50,-7,7
57750,85,76,9,9
57751,146,124,22,22
57752,82,94,-12,12
57753,115,98,17,17
57754,98,83,15,15
57755,87,77,10,10
57756,124,119,5,5
57757,86,80,6,6
57758,92,102,-10,10
57759,109,88,21,21
57760,125,111,14,14
57761,140,136,4,4
57762,84,95,-11,11
57763,66,65,1,1
57764,131,111,20,20
57765,81,70,11,11
57766,88,79,9,9
57767,143,141,2,2
57768,74,75,-1,1
57769,118,117,1,1
57770,56,60,-4,4
57771,61,56,5,5
57772,112,108,4,4
57773,119,99,20,20
57774,102,88,14,14
57775,101,115,-14,14
57776,71,67,4,4
57777,118,107,11,11
57778,119,122,-3,3
57779,83,82,1,1
57780,133,111,22,22
57781,57,56,1,1
57782,87,81,6,6
57783,6,31,-25,25
57784,76,76,0,0
57785,124,109,15,15
57786,28,31,-3,3
57787,65,61,4,4
57788,86,73,13,13
57789,111,107,4,4
57790,59,63,-4,4
57791,94,88,6,6
57792,97,104,-7,7
57793,115,110,5,5
57794,75,74,1,1
57795,144,126,18,18
57796,86,92,-6,6
57797,74,71,3,3
57798,102,98,4,4
57799,79,72,7,7
57800,99,88,11,11
57801,140,144,-4,4
57802,101,95,6,6
57803,156,132,24,24
57804,92,82,10,10
57805,70,71,-1,1
57806,59,69,-10,10
57807,116,103,13,13
57808,138,124,14,14
57809,136,130,6,6
57810,61,60,1,1
57811,53,53,0,0
57812,79,70,9,9
57813,90,80,10,10
57814,127,112,15,15
57815,177,138,39,39
57816,110,111,-1,1
57817,129,112,17,17
57818,106,116,-10,10
57819,74,73,1,1
57820,154,144,10,10
57821,129,119,10,10
57822,73,69,4,4
57823,77,80,-3,3
57824,84,84,0,0
57825,103,91,12,12
57826,90,114,-24,24
57827,109,97,12,12
57828,68,60,8,8
57829,72,64,8,8
57830,105,108,-3,3
57831,65,64,1,1
57832,95,84,11,11
57833,133,124,9,9
57834,103,89,14,14
57835,107,105,2,2
57836,79,71,8,8
57837,116,102,14,14
57838,91,79,12,12
57839,72,79,-7,7
57840,66,81,-15,15
57841,147,129,18,18
57842,90,93,-3,3
57843,192,192,0,0
57844,98,104,-6,6
57845,105,96,9,9
57846,44,48,-4,4
57847,102,84,18,18
57848,82,84,-2,2
57849,107,98,9,9
57850,102,94,8,8
57851,135,115,20,20
57852,157,132,25,25
57853,61,53,8,8
57854,155,135,20,20
57855,121,119,2,2
57856,77,70,7,7
57857,142,126,16,16
57858,95,82,13,13
57859,104,92,12,12
57860,77,75,2,2
57861,135,121,14,14
57862,101,93,8,8
57863,65,59,6,6
57864,108,97,11,11
57865,46,51,-5,5
57866,196,174,22,22
57867,83,75,8,8
57868,92,78,14,14
57869,66,58,8,8
57870,87,76,11,11
57871,76,70,6,6
57872,24,38,-14,14
57873,94,97,-3,3
57874,85,70,15,15
57875,147,176,-29,29
57876,104,107,-3,3
57877,97,90,7,7
57878,159,131,28,28
57879,103,92,11,11
57880,114,108,6,6
57881,133,124,9,9
57882,66,64,2,2
57883,101,98,3,3
57884,71,64,7,7
57885,85,79,6,6
57886,87,72,15,15
57887,116,88,28,28
57888,88,74,14,14
57889,64,58,6,6
57890,48,47,1,1
57891,55,56,-1,1
57892,61,83,-22,22
57893,86,90,-4,4
57894,56,53,3,3
57895,58,51,7,7
57896,77,74,3,3
57897,70,71,-1,1
57898,78,81,-3,3
57899,136,118,18,18
57900,69,67,2,2
57901,68,62,6,6
57902,102,92,10,10
57903,67,65,2,2
57904,82,74,8,8
57905,54,51,3,3
57906,70,73,-3,3
57907,83,75,8,8
57908,129,110,19,19
57909,43,45,-2,2
57910,46,57,-11,11
57911,119,110,9,9
57912,50,51,-1,1
57913,76,74,2,2
57914,168,148,20,20
57915,83,78,5,5
57916,116,98,18,18
57917,121,124,-3,3
57918,96,97,-1,1
57919,126,121,5,5
57920,86,82,4,4
57921,85,73,12,12
57922,93,75,18,18
57923,52,55,-3,3
57924,129,117,12,12
57925,87,78,9,9
57926,38,43,-5,5
57927,61,73,-12,12
57928,77,74,3,3
57929,73,68,5,5
57930,143,138,5,5
57931,59,62,-3,3
57932,57,61,-4,4
57933,64,64,0,0
57934,140,125,15,15
57935,109,107,2,2
57936,91,83,8,8
57937,64,66,-2,2
57938,105,85,20,20
57939,121,102,19,19
57940,65,57,8,8
57941,80,77,3,3
57942,75,71,4,4
57943,90,77,13,13
57944,93,94,-1,1
57945,60,62,-2,2
57946,75,72,3,3
57947,97,92,5,5
57948,130,116,14,14
57949,111,98,13,13
57950,82,70,12,12
57951,102,93,9,9
57952,72,67,5,5
57953,180,170,10,10
57954,71,77,-6,6
57955,92,85,7,7
57956,109,99,10,10
57957,113,99,14,14
57958,117,112,5,5
57959,105,97,8,8
57960,85,77,8,8
57961,75,65,10,10
57962,77,72,5,5
57963,79,75,4,4
57964,106,94,12,12
57965,52,62,-10,10
57966,107,78,29,29
57967,89,86,3,3
57968,150,134,16,16
57969,84,80,4,4
57970,78,78,0,0
57971,124,106,18,18
57972,58,58,0,0
57973,110,103,7,7
57974,108,102,6,6
57975,95,101,-6,6
57976,139,117,22,22
57977,92,85,7,7
57978,63,67,-4,4
57979,81,79,2,2
57980,103,86,17,17
57981,75,68,7,7
57982,75,78,-3,3
57983,125,112,13,13
57984,98,100,-2,2
57985,101,93,8,8
57986,73,78,-5,5
57987,95,87,8,8
57988,120,105,15,15
57989,90,97,-7,7
57990,178,146,32,32
57991,111,106,5,5
57992,90,85,5,5
57993,91,73,18,18
57994,92,75,17,17
57995,77,74,3,3
57996,87,78,9,9
57997,121,110,11,11
57998,99,82,17,17
57999,119,117,2,2
58000,85,89,-4,4
58001,102,96,6,6
58002,102,91,11,11
58003,68,60,8,8
58004,159,129,30,30
58005,91,72,19,19
58006,85,84,1,1
58007,77,80,-3,3
58008,136,128,8,8
58009,182,159,23,23
58010,101,93,8,8
58011,63,54,9,9
58012,89,95,-6,6
58013,78,74,4,4
58014,104,95,9,9
58015,113,101,12,12
58016,88,86,2,2
58017,87,80,7,7
58018,182,155,27,27
58019,97,89,8,8
58020,123,111,12,12
58021,93,113,-20,20
58022,77,61,16,16
58023,87,79,8,8
58024,71,69,2,2
58025,60,58,2,2
58026,95,95,0,0
58027,92,78,14,14
58028,78,70,8,8
58029,84,86,-2,2
58030,153,133,20,20
58031,140,135,5,5
58032,99,80,19,19
58033,57,54,3,3
58034,83,84,-1,1
58035,79,72,7,7
58036,87,84,3,3
58037,85,98,-13,13
58038,80,74,6,6
58039,69,71,-2,2
58040,68,67,1,1
58041,94,92,2,2
58042,79,81,-2,2
58043,115,104,11,11
58044,59,60,-1,1
58045,183,174,9,9
58046,64,64,0,0
58047,109,97,12,12
58048,54,51,3,3
58049,62,59,3,3
58050,69,77,-8,8
58051,62,56,6,6
58052,71,67,4,4
58053,140,124,16,16
58054,73,70,3,3
58055,124,115,9,9
58056,86,85,1,1
58057,142,139,3,3
58058,170,154,16,16
58059,69,65,4,4
58060,124,115,9,9
58061,123,120,3,3
58062,104,83,21,21
58063,65,68,-3,3
58064,110,101,9,9
58065,80,71,9,9
58066,66,65,1,1
58067,96,88,8,8
58068,116,112,4,4
58069,74,69,5,5
58070,59,56,3,3
58071,64,55,9,9
58072,115,110,5,5
58073,89,79,10,10
58074,136,112,24,24
58075,51,51,0,0
58076,73,68,5,5
58077,68,75,-7,7
58078,116,105,11,11
58079,135,129,6,6
58080,29,38,-9,9
58081,96,79,17,17
58082,38,56,-18,18
58083,170,150,20,20
58084,125,115,10,10
58085,160,135,25,25
58086,108,110,-2,2
58087,144,127,17,17
58088,70,62,8,8
58089,100,90,10,10
58090,62,58,4,4
58091,129,117,12,12
58092,99,84,15,15
58093,93,95,-2,2
58094,108,90,18,18
58095,59,56,3,3
58096,43,51,-8,8
58097,119,101,18,18
58098,71,62,9,9
58099,147,147,0,0
58100,60,57,3,3
58101,79,85,-6,6
58102,64,65,-1,1
58103,73,71,2,2
58104,105,101,4,4
58105,80,73,7,7
58106,79,78,1,1
58107,90,81,9,9
58108,89,74,15,15
58109,73,67,6,6
58110,113,109,4,4
58111,78,82,-4,4
58112,63,77,-14,14
58113,142,121,21,21
58114,145,145,0,0
58115,95,90,5,5
58116,101,93,8,8
58117,126,106,20,20
58118,154,130,24,24
58119,184,143,41,41
58120,116,111,5,5
58121,84,81,3,3
58122,129,121,8,8
58123,74,69,5,5
58124,97,87,10,10
58125,88,101,-13,13
58126,102,99,3,3
58127,69,67,2,2
58128,73,76,-3,3
58129,77,66,11,11
58130,98,92,6,6
58131,78,77,1,1
58132,108,84,24,24
58133,78,74,4,4
58134,86,89,-3,3
58135,70,64,6,6
58136,70,72,-2,2
58137,78,72,6,6
58138,81,73,8,8
58139,55,62,-7,7
58140,37,37,0,0
58141,80,75,5,5
58142,68,64,4,4
58143,130,121,9,9
58144,100,88,12,12
58145,71,73,-2,2
58146,97,88,9,9
58147,147,134,13,13
58148,93,90,3,3
58149,165,153,12,12
58150,70,70,0,0
58151,59,65,-6,6
58152,46,51,-5,5
58153,132,107,25,25
58154,90,72,18,18
58155,208,177,31,31
58156,124,118,6,6
58157,92,92,0,0
58158,75,69,6,6
58159,103,92,11,11
58160,47,52,-5,5
58161,72,58,14,14
58162,65,64,1,1
58163,107,103,4,4
58164,131,122,9,9
58165,67,72,-5,5
58166,119,107,12,12
58167,63,63,0,0
58168,153,127,26,26
58169,72,73,-1,1
58170,131,133,-2,2
58171,92,84,8,8
58172,70,65,5,5
58173,93,93,0,0
58174,48,60,-12,12
58175,75,68,7,7
58176,185,166,19,19
58177,90,77,13,13
58178,53,51,2,2
58179,130,119,11,11
58180,139,131,8,8
58181,92,91,1,1
58182,77,99,-22,22
58183,130,109,21,21
58184,88,75,13,13
58185,68,72,-4,4
58186,144,116,28,28
58187,73,72,1,1
58188,136,126,10,10
58189,115,102,13,13
58190,79,79,0,0
58191,97,89,8,8
58192,70,64,6,6
58193,76,77,-1,1
58194,110,99,11,11
58195,103,107,-4,4
58196,106,98,8,8
58197,82,77,5,5
58198,82,82,0,0
58199,64,62,2,2
58200,108,101,7,7
58201,162,143,19,19
58202,64,64,0,0
58203,42,50,-8,8
58204,128,116,12,12
58205,93,80,13,13
58206,83,74,9,9
58207,75,63,12,12
58208,113,99,14,14
58209,131,116,15,15
58210,70,62,8,8
58211,82,80,2,2
58212,53,56,-3,3
58213,92,88,4,4
58214,123,105,18,18
58215,132,117,15,15
58216,71,68,3,3
58217,83,80,3,3
58218,52,51,1,1
58219,102,93,9,9
58220,51,54,-3,3
58221,90,77,13,13
58222,121,119,2,2
58223,125,116,9,9
58224,66,61,5,5
58225,99,100,-1,1
58226,71,79,-8,8
58227,103,94,9,9
58228,87,85,2,2
58229,130,121,9,9
58230,74,69,5,5
58231,171,150,21,21
58232,146,117,29,29
58233,81,75,6,6
58234,72,59,13,13
58235,81,90,-9,9
58236,58,55,3,3
58237,111,98,13,13
58238,148,134,14,14
58239,76,70,6,6
58240,78,68,10,10
58241,91,90,1,1
58242,91,87,4,4
58243,70,67,3,3
58244,155,126,29,29
58245,89,93,-4,4
58246,55,51,4,4
58247,97,80,17,17
58248,71,67,4,4
58249,134,129,5,5
58250,85,73,12,12
58251,76,68,8,8
58252,98,101,-3,3
58253,51,55,-4,4
58254,111,99,12,12
58255,59,61,-2,2
58256,112,101,11,11
58257,43,42,1,1
58258,122,103,19,19
58259,62,63,-1,1
58260,57,55,2,2
58261,94,95,-1,1
58262,92,83,9,9
58263,113,112,1,1
58264,125,109,16,16
58265,98,93,5,5
58266,58,59,-1,1
58267,110,96,14,14
58268,69,69,0,0
58269,57,63,-6,6
58270,54,50,4,4
58271,69,64,5,5
58272,84,89,-5,5
58273,81,87,-6,6
58274,72,71,1,1
58275,120,104,16,16
58276,59,62,-3,3
58277,121,104,17,17
58278,54,59,-5,5
58279,62,61,1,1
58280,83,73,10,10
58281,85,74,11,11
58282,102,98,4,4
58283,109,89,20,20
58284,128,128,0,0
58285,128,106,22,22
58286,155,112,43,43
58287,75,73,2,2
58288,44,35,9,9
58289,106,100,6,6
58290,122,102,20,20
58291,99,88,11,11
58292,76,73,3,3
58293,93,82,11,11
58294,59,61,-2,2
58295,115,99,16,16
58296,147,128,19,19
58297,104,100,4,4
58298,56,58,-2,2
58299,119,107,12,12
58300,92,86,6,6
58301,55,57,-2,2
58302,70,60,10,10
58303,79,77,2,2
58304,106,95,11,11
58305,141,119,22,22
58306,142,127,15,15
58307,100,96,4,4
58308,71,66,5,5
58309,37,40,-3,3
58310,58,55,3,3
58311,107,105,2,2
58312,104,94,10,10
58313,125,114,11,11
58314,95,115,-20,20
58315,164,143,21,21
58316,45,56,-11,11
58317,86,77,9,9
58318,101,93,8,8
58319,117,102,15,15
58320,85,90,-5,5
58321,60,59,1,1
58322,141,137,4,4
58323,101,96,5,5
58324,113,93,20,20
58325,108,101,7,7
58326,86,77,9,9
58327,121,103,18,18
58328,165,166,-1,1
58329,58,56,2,2
58330,165,151,14,14
58331,99,93,6,6
58332,77,79,-2,2
58333,120,109,11,11
58334,132,112,20,20
58335,138,115,23,23
58336,104,117,-13,13
58337,59,54,5,5
58338,68,63,5,5
58339,76,74,2,2
58340,81,82,-1,1
58341,126,113,13,13
58342,125,91,34,34
58343,39,39,0,0
58344,103,74,29,29
58345,64,68,-4,4
58346,120,103,17,17
58347,53,55,-2,2
58348,81,71,10,10
58349,128,112,16,16
58350,75,72,3,3
58351,67,56,11,11
58352,158,130,28,28
58353,77,86,-9,9
58354,140,130,10,10
58355,75,78,-3,3
58356,114,106,8,8
58357,82,76,6,6
58358,96,92,4,4
58359,142,119,23,23
58360,84,92,-8,8
58361,84,62,22,22
58362,69,63,6,6
58363,63,60,3,3
58364,83,82,1,1
58365,136,125,11,11
58366,107,96,11,11
58367,95,90,5,5
58368,157,128,29,29
58369,89,84,5,5
58370,85,78,7,7
58371,102,95,7,7
58372,103,101,2,2
58373,88,78,10,10
58374,100,89,11,11
58375,69,62,7,7
58376,84,71,13,13
58377,32,42,-10,10
58378,52,51,1,1
58379,156,133,23,23
58380,71,60,11,11
58381,114,104,10,10
58382,83,79,4,4
58383,81,77,4,4
58384,164,131,33,33
58385,109,97,12,12
58386,89,90,-1,1
58387,125,100,25,25
58388,82,71,11,11
58389,73,70,3,3
58390,117,131,-14,14
58391,69,69,0,0
58392,98,87,11,11
58393,114,94,20,20
58394,86,80,6,6
58395,112,94,18,18
58396,96,93,3,3
58397,113,100,13,13
58398,86,88,-2,2
58399,130,116,14,14
58400,80,74,6,6
58401,134,125,9,9
58402,158,145,13,13
58403,59,56,3,3
58404,55,57,-2,2
58405,87,85,2,2
58406,42,47,-5,5
58407,76,73,3,3
58408,62,55,7,7
58409,119,106,13,13
58410,103,97,6,6
58411,172,158,14,14
58412,134,125,9,9
58413,68,63,5,5
58414,62,55,7,7
58415,57,62,-5,5
58416,147,121,26,26
58417,93,85,8,8
58418,116,103,13,13
58419,161,145,16,16
58420,79,90,-11,11
58421,148,135,13,13
58422,118,105,13,13
58423,46,54,-8,8
58424,130,122,8,8
58425,163,140,23,23
58426,56,57,-1,1
58427,74,67,7,7
58428,66,71,-5,5
58429,84,69,15,15
58430,76,79,-3,3
58431,88,78,10,10
58432,69,66,3,3
58433,60,61,-1,1
58434,75,71,4,4
58435,164,141,23,23
58436,71,77,-6,6
58437,125,96,29,29
58438,86,83,3,3
58439,62,55,7,7
58440,82,76,6,6
58441,55,56,-1,1
58442,58,72,-14,14
58443,52,57,-5,5
58444,107,94,13,13
58445,82,86,-4,4
58446,118,109,9,9
58447,104,93,11,11
58448,65,61,4,4
58449,148,141,7,7
58450,104,99,5,5
58451,189,165,24,24
58452,126,118,8,8
58453,92,78,14,14
58454,122,112,10,10
58455,75,71,4,4
58456,99,92,7,7
58457,99,88,11,11
58458,154,141,13,13
58459,89,90,-1,1
58460,145,133,12,12
58461,81,68,13,13
58462,146,145,1,1
58463,171,162,9,9
58464,52,52,0,0
58465,81,71,10,10
58466,102,91,11,11
58467,137,139,-2,2
58468,43,44,-1,1
58469,93,91,2,2
58470,62,59,3,3
58471,110,93,17,17
58472,78,71,7,7
58473,112,110,2,2
58474,64,66,-2,2
58475,52,51,1,1
58476,51,66,-15,15
58477,71,74,-3,3
58478,62,63,-1,1
58479,54,49,5,5
58480,81,60,21,21
58481,156,124,32,32
58482,76,73,3,3
58483,74,62,12,12
58484,63,67,-4,4
58485,59,51,8,8
58486,45,43,2,2
58487,127,100,27,27
58488,110,95,15,15
58489,68,65,3,3
58490,89,82,7,7
58491,64,60,4,4
58492,116,114,2,2
58493,68,69,-1,1
58494,211,191,20,20
58495,93,82,11,11
58496,79,76,3,3
58497,84,78,6,6
58498,73,64,9,9
58499,82,73,9,9
58500,80,89,-9,9
58501,75,73,2,2
58502,83,80,3,3
58503,123,111,12,12
58504,52,51,1,1
58505,133,114,19,19
58506,90,81,9,9
58507,70,65,5,5
58508,74,78,-4,4
58509,84,80,4,4
58510,90,88,2,2
58511,92,89,3,3
58512,55,59,-4,4
58513,62,64,-2,2
58514,120,110,10,10
58515,84,79,5,5
58516,83,72,11,11
58517,95,104,-9,9
58518,79,70,9,9
58519,89,86,3,3
58520,149,130,19,19
58521,81,105,-24,24
58522,91,89,2,2
58523,87,72,15,15
58524,76,73,3,3
58525,45,50,-5,5
58526,226,198,28,28
58527,125,112,13,13
58528,148,149,-1,1
58529,60,58,2,2
58530,134,123,11,11
58531,165,142,23,23
58532,129,112,17,17
58533,65,59,6,6
58534,89,82,7,7
58535,95,91,4,4
58536,83,77,6,6
58537,79,71,8,8
58538,111,96,15,15
58539,83,75,8,8
58540,121,110,11,11
58541,97,91,6,6
58542,114,105,9,9
58543,55,51,4,4
58544,118,106,12,12
58545,95,92,3,3
58546,80,75,5,5
58547,112,105,7,7
58548,127,110,17,17
58549,140,122,18,18
58550,100,154,-54,54
58551,50,53,-3,3
58552,130,119,11,11
58553,77,74,3,3
58554,86,89,-3,3
58555,117,95,22,22
58556,163,143,20,20
58557,78,74,4,4
58558,118,104,14,14
58559,110,105,5,5
58560,93,79,14,14
58561,76,84,-8,8
58562,71,59,12,12
58563,85,84,1,1
58564,39,42,-3,3
58565,77,77,0,0
58566,57,53,4,4
58567,68,65,3,3
58568,74,68,6,6
58569,80,69,11,11
58570,86,86,0,0
58571,55,55,0,0
58572,129,101,28,28
58573,181,170,11,11
58574,71,67,4,4
58575,106,119,-13,13
58576,43,46,-3,3
58577,157,142,15,15
58578,68,67,1,1
58579,134,117,17,17
58580,137,135,2,2
58581,71,69,2,2
58582,48,49,-1,1
58583,45,51,-6,6
58584,75,73,2,2
58585,67,75,-8,8
58586,108,92,16,16
58587,81,73,8,8
58588,94,91,3,3
58589,229,206,23,23
58590,58,60,-2,2
58591,75,72,3,3
58592,97,106,-9,9
58593,142,129,13,13
58594,196,147,49,49
58595,78,76,2,2
58596,101,104,-3,3
58597,100,90,10,10
58598,82,73,9,9
58599,100,95,5,5
58600,81,81,0,0
58601,81,84,-3,3
58602,106,118,-12,12
58603,74,65,9,9
58604,77,83,-6,6
58605,124,111,13,13
58606,35,39,-4,4
58607,76,74,2,2
58608,106,97,9,9
58609,83,83,0,0
58610,82,79,3,3
58611,77,74,3,3
58612,113,104,9,9
58613,86,77,9,9
58614,115,106,9,9
58615,98,90,8,8
58616,69,73,-4,4
58617,90,89,1,1
58618,99,85,14,14
58619,59,66,-7,7
58620,109,93,16,16
58621,72,72,0,0
58622,130,115,15,15
58623,118,110,8,8
58624,113,104,9,9
58625,98,91,7,7
58626,102,88,14,14
58627,142,118,24,24
58628,95,97,-2,2
58629,89,85,4,4
58630,45,57,-12,12
58631,35,35,0,0
58632,54,53,1,1
58633,102,82,20,20
58634,27,31,-4,4
58635,66,61,5,5
58636,35,43,-8,8
58637,115,101,14,14
58638,148,135,13,13
58639,98,85,13,13
58640,115,107,8,8
58641,79,82,-3,3
58642,84,80,4,4
58643,147,133,14,14
58644,79,70,9,9
58645,62,60,2,2
58646,95,80,15,15
58647,71,69,2,2
58648,66,67,-1,1
58649,84,80,4,4
58650,142,122,20,20
58651,142,116,26,26
58652,91,84,7,7
58653,102,93,9,9
58654,105,125,-20,20
58655,66,61,5,5
58656,83,83,0,0
58657,63,61,2,2
58658,66,67,-1,1
58659,109,113,-4,4
58660,71,66,5,5
58661,92,86,6,6
58662,139,136,3,3
58663,117,109,8,8
58664,120,111,9,9
58665,94,104,-10,10
58666,99,91,8,8
58667,58,55,3,3
58668,129,118,11,11
58669,66,72,-6,6
58670,126,100,26,26
58671,111,109,2,2
58672,54,53,1,1
58673,153,119,34,34
58674,82,77,5,5
58675,56,57,-1,1
58676,59,61,-2,2
58677,146,124,22,22
58678,64,63,1,1
58679,56,55,1,1
58680,60,58,2,2
58681,21,51,-30,30
58682,132,124,8,8
58683,85,80,5,5
58684,113,100,13,13
58685,81,76,5,5
58686,110,103,7,7
58687,98,89,9,9
58688,86,84,2,2
58689,102,91,11,11
58690,129,131,-2,2
58691,89,79,10,10
58692,121,115,6,6
58693,104,95,9,9
58694,63,66,-3,3
58695,138,131,7,7
58696,119,126,-7,7
58697,92,83,9,9
58698,113,99,14,14
58699,97,91,6,6
58700,162,142,20,20
58701,41,49,-8,8
58702,112,107,5,5
58703,124,111,13,13
58704,76,69,7,7
58705,116,112,4,4
58706,86,77,9,9
58707,69,60,9,9
58708,99,99,0,0
58709,65,65,0,0
58710,70,75,-5,5
58711,111,90,21,21
58712,79,71,8,8
58713,92,90,2,2
58714,92,77,15,15
58715,126,116,10,10
58716,109,98,11,11
58717,65,71,-6,6
58718,79,72,7,7
58719,160,143,17,17
58720,75,77,-2,2
58721,95,84,11,11
58722,97,88,9,9
58723,102,97,5,5
58724,75,71,4,4
58725,119,113,6,6
58726,31,31,0,0
58727,137,118,19,19
58728,99,102,-3,3
58729,135,120,15,15
58730,143,132,11,11
58731,128,116,12,12
58732,135,124,11,11
58733,56,51,5,5
58734,79,70,9,9
58735,157,130,27,27
58736,103,109,-6,6
58737,147,132,15,15
58738,78,75,3,3
58739,124,112,12,12
58740,57,63,-6,6
58741,63,75,-12,12
58742,79,70,9,9
58743,87,87,0,0
58744,105,92,13,13
58745,119,105,14,14
58746,41,41,0,0
58747,62,64,-2,2
58748,148,141,7,7
58749,113,100,13,13
58750,236,204,32,32
58751,49,53,-4,4
58752,78,78,0,0
58753,105,98,7,7
58754,136,119,17,17
58755,93,89,4,4
58756,55,57,-2,2
58757,87,86,1,1
58758,67,72,-5,5
58759,113,96,17,17
58760,52,52,0,0
58761,102,120,-18,18
58762,149,121,28,28
58763,65,70,-5,5
58764,106,92,14,14
58765,88,79,9,9
58766,175,146,29,29
58767,116,113,3,3
58768,128,118,10,10
58769,86,82,4,4
58770,154,130,24,24
58771,93,85,8,8
58772,65,88,-23,23
58773,119,109,10,10
58774,81,73,8,8
58775,93,103,-10,10
58776,77,79,-2,2
58777,144,112,32,32
58778,105,98,7,7
58779,111,87,24,24
58780,143,121,22,22
58781,96,88,8,8
58782,86,91,-5,5
58783,78,73,5,5
58784,136,120,16,16
58785,82,75,7,7
58786,91,82,9,9
58787,83,83,0,0
58788,106,101,5,5
58789,94,90,4,4
58790,99,96,3,3
58791,78,68,10,10
58792,154,134,20,20
58793,77,61,16,16
58794,184,162,22,22
58795,192,166,26,26
58796,77,70,7,7
58797,105,103,2,2
58798,62,64,-2,2
58799,103,94,9,9
58800,59,57,2,2
58801,77,67,10,10
58802,155,145,10,10
58803,90,80,10,10
58804,98,113,-15,15
58805,93,86,7,7
58806,132,123,9,9
58807,115,104,11,11
58808,67,63,4,4
58809,198,182,16,16
58810,90,82,8,8
58811,114,103,11,11
58812,108,100,8,8
58813,77,76,1,1
58814,114,115,-1,1
58815,126,127,-1,1
58816,86,78,8,8
58817,67,66,1,1
58818,108,98,10,10
58819,92,87,5,5
58820,123,115,8,8
58821,96,94,2,2
58822,64,63,1,1
58823,166,146,20,20
58824,218,202,16,16
58825,89,86,3,3
58826,76,77,-1,1
58827,69,66,3,3
58828,122,113,9,9
58829,115,108,7,7
58830,87,104,-17,17
58831,119,107,12,12
58832,95,86,9,9
58833,82,76,6,6
58834,57,61,-4,4
58835,100,97,3,3
58836,86,76,10,10
58837,101,86,15,15
58838,65,54,11,11
58839,106,97,9,9
58840,75,71,4,4
58841,142,120,22,22
58842,81,71,10,10
58843,77,77,0,0
58844,59,55,4,4
58845,130,109,21,21
58846,100,86,14,14
58847,92,91,1,1
58848,55,56,-1,1
58849,101,118,-17,17
58850,66,62,4,4
58851,108,88,20,20
58852,83,81,2,2
58853,69,64,5,5
58854,140,120,20,20
58855,87,79,8,8
58856,96,89,7,7
58857,167,134,33,33
58858,72,67,5,5
58859,88,85,3,3
58860,124,110,14,14
58861,91,90,1,1
58862,51,51,0,0
58863,87,66,21,21
58864,92,89,3,3
58865,58,57,1,1
58866,45,47,-2,2
58867,95,81,14,14
58868,134,112,22,22
58869,91,86,5,5
58870,121,106,15,15
58871,51,50,1,1
58872,58,52,6,6
58873,48,50,-2,2
58874,75,75,0,0
58875,46,54,-8,8
58876,56,57,-1,1
58877,87,78,9,9
58878,47,62,-15,15
58879,88,88,0,0
58880,112,97,15,15
58881,56,61,-5,5
58882,104,96,8,8
58883,61,55,6,6
58884,96,90,6,6
58885,113,97,16,16
58886,66,60,6,6
58887,153,145,8,8
58888,115,113,2,2
58889,100,94,6,6
58890,73,65,8,8
58891,89,70,19,19
58892,101,103,-2,2
58893,82,86,-4,4
58894,89,91,-2,2
58895,94,93,1,1
58896,93,81,12,12
58897,113,106,7,7
58898,129,116,13,13
58899,68,62,6,6
58900,68,58,10,10
58901,94,85,9,9
58902,157,136,21,21
58903,99,88,11,11
58904,54,61,-7,7
58905,123,107,16,16
58906,94,78,16,16
58907,183,170,13,13
58908,74,67,7,7
58909,59,56,3,3
58910,173,145,28,28
58911,122,108,14,14
58912,75,70,5,5
58913,77,77,0,0
58914,63,61,2,2
58915,90,91,-1,1
58916,56,63,-7,7
58917,82,76,6,6
58918,86,96,-10,10
58919,149,136,13,13
58920,108,94,14,14
58921,73,67,6,6
58922,67,67,0,0
58923,93,89,4,4
58924,55,52,3,3
58925,108,106,2,2
58926,118,101,17,17
58927,30,37,-7,7
58928,70,52,18,18
58929,94,89,5,5
58930,84,75,9,9
58931,77,68,9,9
58932,64,55,9,9
58933,103,95,8,8
58934,93,107,-14,14
58935,91,79,12,12
58936,65,64,1,1
58937,108,95,13,13
58938,117,98,19,19
58939,45,49,-4,4
58940,113,110,3,3
58941,70,62,8,8
58942,75,89,-14,14
58943,79,76,3,3
58944,59,56,3,3
58945,59,54,5,5
58946,42,50,-8,8
58947,96,81,15,15
58948,109,95,14,14
58949,95,97,-2,2
58950,126,115,11,11
58951,89,88,1,1
58952,99,93,6,6
58953,145,133,12,12
58954,108,95,13,13
58955,84,80,4,4
58956,82,82,0,0
58957,171,150,21,21
58958,103,85,18,18
58959,118,102,16,16
58960,180,149,31,31
58961,61,62,-1,1
58962,163,134,29,29
58963,135,134,1,1
58964,152,131,21,21
58965,109,88,21,21
58966,61,63,-2,2
58967,108,104,4,4
58968,181,173,8,8
58969,104,103,1,1
58970,105,94,11,11
58971,68,71,-3,3
58972,116,133,-17,17
58973,144,124,20,20
58974,85,75,10,10
58975,141,137,4,4
58976,152,146,6,6
58977,114,109,5,5
58978,143,125,18,18
58979,155,140,15,15
58980,191,163,28,28
58981,102,89,13,13
58982,77,70,7,7
58983,97,96,1,1
58984,85,86,-1,1
58985,82,73,9,9
58986,83,73,10,10
58987,64,61,3,3
58988,135,122,13,13
58989,86,75,11,11
58990,59,54,5,5
58991,71,58,13,13
58992,65,51,14,14
58993,134,119,15,15
58994,85,82,3,3
58995,159,142,17,17
58996,145,138,7,7
58997,66,65,1,1
58998,71,72,-1,1
58999,154,123,31,31
59000,159,154,5,5
59001,50,53,-3,3
59002,95,96,-1,1
59003,81,75,6,6
59004,128,107,21,21
59005,79,74,5,5
59006,93,93,0,0
59007,156,143,13,13
59008,107,96,11,11
59009,48,50,-2,2
59010,49,51,-2,2
59011,52,99,-47,47
59012,43,50,-7,7
59013,166,146,20,20
59014,59,57,2,2
59015,97,86,11,11
59016,143,140,3,3
59017,107,108,-1,1
59018,122,111,11,11
59019,77,69,8,8
59020,77,72,5,5
59021,52,52,0,0
59022,70,65,5,5
59023,93,85,8,8
59024,93,100,-7,7
59025,110,108,2,2
59026,53,53,0,0
59027,67,62,5,5
59028,185,163,22,22
59029,90,74,16,16
59030,107,97,10,10
59031,148,143,5,5
59032,119,112,7,7
59033,95,99,-4,4
59034,112,91,21,21
59035,171,168,3,3
59036,110,81,29,29
59037,76,78,-2,2
59038,99,87,12,12
59039,94,93,1,1
59040,107,105,2,2
59041,73,70,3,3
59042,133,109,24,24
59043,70,74,-4,4
59044,80,67,13,13
59045,149,128,21,21
59046,78,54,24,24
59047,95,87,8,8
59048,79,79,0,0
59049,42,51,-9,9
59050,73,65,8,8
59051,346,242,104,104
59052,70,53,17,17
59053,75,72,3,3
59054,144,138,6,6
59055,63,61,2,2
59056,80,77,3,3
59057,124,103,21,21
59058,69,64,5,5
59059,99,90,9,9
59060,140,106,34,34
59061,117,106,11,11
59062,58,59,-1,1
59063,84,79,5,5
59064,47,50,-3,3
59065,86,76,10,10
59066,52,55,-3,3
59067,77,77,0,0
59068,69,68,1,1
59069,107,93,14,14
59070,118,100,18,18
59071,81,88,-7,7
59072,109,94,15,15
59073,97,97,0,0
59074,85,80,5,5
59075,81,68,13,13
59076,65,55,10,10
59077,101,107,-6,6
59078,90,91,-1,1
59079,68,72,-4,4
59080,59,51,8,8
59081,97,92,5,5
59082,104,95,9,9
59083,52,51,1,1
59084,58,59,-1,1
59085,64,65,-1,1
59086,92,84,8,8
59087,179,148,31,31
59088,112,97,15,15
59089,100,103,-3,3
59090,60,57,3,3
59091,102,95,7,7
59092,111,99,12,12
59093,100,85,15,15
59094,80,72,8,8
59095,89,79,10,10
59096,124,119,5,5
59097,70,66,4,4
59098,85,87,-2,2
59099,79,80,-1,1
59100,74,72,2,2
59101,66,59,7,7
59102,75,74,1,1
59103,83,79,4,4
59104,65,67,-2,2
59105,119,110,9,9
59106,102,92,10,10
59107,81,79,2,2
59108,77,73,4,4
59109,81,77,4,4
59110,94,90,4,4
59111,103,97,6,6
59112,104,96,8,8
59113,118,98,20,20
59114,90,79,11,11
59115,71,70,1,1
59116,114,99,15,15
59117,120,90,30,30
59118,85,76,9,9
59119,79,79,0,0
59120,49,51,-2,2
59121,74,66,8,8
59122,99,92,7,7
59123,106,110,-4,4
59124,89,86,3,3
59125,21,42,-21,21
59126,114,106,8,8
59127,90,93,-3,3
59128,129,114,15,15
59129,64,57,7,7
59130,44,49,-5,5
59131,150,127,23,23
59132,136,123,13,13
59133,119,116,3,3
59134,68,72,-4,4
59135,87,87,0,0
59136,66,69,-3,3
59137,103,96,7,7
59138,117,109,8,8
59139,111,89,22,22
59140,112,82,30,30
59141,101,89,12,12
59142,143,134,9,9
59143,81,77,4,4
59144,180,146,34,34
59145,61,61,0,0
59146,131,119,12,12
59147,70,67,3,3
59148,107,101,6,6
59149,135,116,19,19
59150,92,81,11,11
59151,81,73,8,8
59152,108,97,11,11
59153,90,81,9,9
59154,86,74,12,12
59155,127,111,16,16
59156,47,53,-6,6
59157,130,117,13,13
59158,84,85,-1,1
59159,79,75,4,4
59160,91,85,6,6
59161,120,102,18,18
59162,80,75,5,5
59163,59,60,-1,1
59164,81,85,-4,4
59165,143,133,10,10
59166,117,94,23,23
59167,143,129,14,14
59168,154,118,36,36
59169,57,59,-2,2
59170,69,63,6,6
59171,44,51,-7,7
59172,84,86,-2,2
59173,96,87,9,9
59174,80,72,8,8
59175,61,77,-16,16
59176,64,69,-5,5
59177,67,66,1,1
59178,108,96,12,12
59179,87,83,4,4
59180,87,74,13,13
59181,112,91,21,21
59182,147,132,15,15
59183,143,129,14,14
59184,124,107,17,17
59185,160,136,24,24
59186,109,102,7,7
59187,71,63,8,8
59188,138,119,19,19
59189,76,71,5,5
59190,96,84,12,12
59191,94,84,10,10
59192,44,44,0,0
59193,83,82,1,1
59194,49,53,-4,4
59195,75,80,-5,5
59196,104,103,1,1
59197,75,69,6,6
59198,93,85,8,8
59199,96,97,-1,1
59200,81,83,-2,2
59201,80,73,7,7
59202,97,78,19,19
59203,65,67,-2,2
59204,46,53,-7,7
59205,79,77,2,2
59206,88,83,5,5
59207,62,71,-9,9
59208,84,71,13,13
59209,70,68,2,2
59210,129,123,6,6
59211,104,72,32,32
59212,116,113,3,3
59213,126,113,13,13
59214,95,93,2,2
59215,66,64,2,2
59216,81,73,8,8
59217,133,106,27,27
59218,95,92,3,3
59219,151,127,24,24
59220,88,84,4,4
59221,110,103,7,7
59222,69,57,12,12
59223,106,90,16,16
59224,64,68,-4,4
59225,126,104,22,22
59226,41,50,-9,9
59227,97,89,8,8
59228,46,73,-27,27
59229,52,63,-11,11
59230,66,55,11,11
59231,81,74,7,7
59232,81,79,2,2
59233,85,78,7,7
59234,35,39,-4,4
59235,118,104,14,14
59236,94,87,7,7
59237,92,82,10,10
59238,55,56,-1,1
59239,99,89,10,10
59240,68,65,3,3
59241,56,57,-1,1
59242,97,95,2,2
59243,110,108,2,2
59244,152,129,23,23
59245,40,44,-4,4
59246,52,60,-8,8
59247,169,160,9,9
59248,160,136,24,24
59249,78,67,11,11
59250,77,84,-7,7
59251,40,45,-5,5
59252,93,107,-14,14
59253,115,99,16,16
59254,108,106,2,2
59255,69,70,-1,1
59256,126,140,-14,14
59257,133,137,-4,4
59258,116,107,9,9
59259,76,83,-7,7
59260,42,44,-2,2
59261,74,77,-3,3
59262,145,124,21,21
59263,72,63,9,9
59264,103,105,-2,2
59265,67,65,2,2
59266,139,111,28,28
59267,93,85,8,8
59268,112,99,13,13
59269,176,158,18,18
59270,70,66,4,4
59271,158,119,39,39
59272,71,66,5,5
59273,47,42,5,5
59274,93,79,14,14
59275,57,63,-6,6
59276,75,67,8,8
59277,62,70,-8,8
59278,104,116,-12,12
59279,143,130,13,13
59280,83,74,9,9
59281,75,65,10,10
59282,92,85,7,7
59283,60,75,-15,15
59284,117,107,10,10
59285,64,63,1,1
59286,61,59,2,2
59287,87,73,14,14
59288,175,166,9,9
59289,58,63,-5,5
59290,77,63,14,14
59291,96,75,21,21
59292,120,115,5,5
59293,176,151,25,25
59294,132,119,13,13
59295,67,68,-1,1
59296,73,70,3,3
59297,120,131,-11,11
59298,71,70,1,1
59299,63,58,5,5
59300,74,63,11,11
59301,35,51,-16,16
59302,129,108,21,21
59303,132,127,5,5
59304,75,75,0,0
59305,122,107,15,15
59306,89,81,8,8
59307,90,77,13,13
59308,71,70,1,1
59309,92,79,13,13
59310,184,153,31,31
59311,59,82,-23,23
59312,90,86,4,4
59313,100,103,-3,3
59314,83,74,9,9
59315,83,80,3,3
59316,78,74,4,4
59317,106,98,8,8
59318,107,102,5,5
59319,45,50,-5,5
59320,82,82,0,0
59321,85,87,-2,2
59322,109,83,26,26
59323,70,72,-2,2
59324,70,72,-2,2
59325,109,103,6,6
59326,62,61,1,1
59327,63,70,-7,7
59328,67,70,-3,3
59329,38,34,4,4
59330,45,41,4,4
59331,111,95,16,16
59332,99,103,-4,4
59333,52,57,-5,5
59334,93,86,7,7
59335,103,110,-7,7
59336,86,80,6,6
59337,69,64,5,5
59338,52,77,-25,25
59339,215,160,55,55
59340,90,81,9,9
59341,54,54,0,0
59342,110,98,12,12
59343,97,81,16,16
59344,150,110,40,40
59345,142,117,25,25
59346,57,68,-11,11
59347,116,103,13,13
59348,177,147,30,30
59349,109,101,8,8
59350,78,75,3,3
59351,79,76,3,3
59352,51,54,-3,3
59353,80,77,3,3
59354,99,101,-2,2
59355,49,49,0,0
59356,153,141,12,12
59357,174,157,17,17
59358,100,93,7,7
59359,147,121,26,26
59360,75,84,-9,9
59361,138,120,18,18
59362,78,69,9,9
59363,77,77,0,0
59364,93,79,14,14
59365,148,130,18,18
59366,176,147,29,29
59367,74,67,7,7
59368,178,171,7,7
59369,107,106,1,1
59370,103,91,12,12
59371,125,112,13,13
59372,119,102,17,17
59373,98,93,5,5
59374,69,61,8,8
59375,72,64,8,8
59376,81,90,-9,9
59377,54,55,-1,1
59378,110,103,7,7
59379,84,79,5,5
59380,148,133,15,15
59381,61,54,7,7
59382,94,96,-2,2
59383,79,86,-7,7
59384,77,72,5,5
59385,83,78,5,5
59386,102,84,18,18
59387,99,90,9,9
59388,104,93,11,11
59389,128,126,2,2
59390,73,74,-1,1
59391,85,79,6,6
59392,123,126,-3,3
59393,87,87,0,0
59394,135,112,23,23
59395,71,64,7,7
59396,81,89,-8,8
59397,64,56,8,8
59398,71,64,7,7
59399,105,96,9,9
59400,59,52,7,7
59401,140,122,18,18
59402,161,140,21,21
59403,100,85,15,15
59404,89,83,6,6
59405,64,66,-2,2
59406,154,138,16,16
59407,167,122,45,45
59408,178,153,25,25
59409,88,74,14,14
59410,79,93,-14,14
59411,72,76,-4,4
59412,85,78,7,7
59413,92,87,5,5
59414,71,76,-5,5
59415,60,64,-4,4
59416,66,57,9,9
59417,95,79,16,16
59418,82,76,6,6
59419,82,81,1,1
59420,91,76,15,15
59421,121,103,18,18
59422,78,74,4,4
59423,148,130,18,18
59424,95,88,7,7
59425,138,134,4,4
59426,61,64,-3,3
59427,66,65,1,1
59428,83,75,8,8
59429,61,66,-5,5
59430,60,57,3,3
59431,56,52,4,4
59432,127,112,15,15
59433,62,56,6,6
59434,133,120,13,13
59435,79,67,12,12
59436,123,98,25,25
59437,53,52,1,1
59438,79,76,3,3
59439,126,104,22,22
59440,117,122,-5,5
59441,136,124,12,12
59442,81,98,-17,17
59443,105,118,-13,13
59444,118,113,5,5
59445,66,64,2,2
59446,59,52,7,7
59447,129,120,9,9
59448,93,93,0,0
59449,87,84,3,3
59450,45,47,-2,2
59451,64,59,5,5
59452,121,117,4,4
59453,168,139,29,29
59454,81,71,10,10
59455,99,86,13,13
59456,117,95,22,22
59457,95,79,16,16
59458,66,68,-2,2
59459,122,107,15,15
59460,112,112,0,0
59461,71,76,-5,5
59462,172,161,11,11
59463,108,91,17,17
59464,85,78,7,7
59465,130,113,17,17
59466,64,57,7,7
59467,74,77,-3,3
59468,63,63,0,0
59469,145,129,16,16
59470,95,91,4,4
59471,138,134,4,4
59472,105,98,7,7
59473,51,54,-3,3
59474,109,109,0,0
59475,91,101,-10,10
59476,70,64,6,6
59477,129,116,13,13
59478,106,84,22,22
59479,82,73,9,9
59480,54,51,3,3
59481,151,149,2,2
59482,120,104,16,16
59483,151,137,14,14
59484,96,98,-2,2
59485,62,63,-1,1
59486,165,143,22,22
59487,138,118,20,20
59488,128,119,9,9
59489,80,66,14,14
59490,94,90,4,4
59491,86,85,1,1
59492,130,118,12,12
59493,154,128,26,26
59494,81,76,5,5
59495,152,132,20,20
59496,52,64,-12,12
59497,65,61,4,4
59498,109,87,22,22
59499,72,67,5,5
59500,103,91,12,12
59501,112,90,22,22
59502,65,71,-6,6
59503,77,79,-2,2
59504,189,178,11,11
59505,178,154,24,24
59506,48,47,1,1
59507,145,129,16,16
59508,47,59,-12,12
59509,146,131,15,15
59510,118,110,8,8
59511,78,76,2,2
59512,93,90,3,3
59513,72,68,4,4
59514,86,83,3,3
59515,118,102,16,16
59516,87,82,5,5
59517,42,49,-7,7
59518,87,89,-2,2
59519,87,84,3,3
59520,159,142,17,17
59521,96,91,5,5
59522,50,53,-3,3
59523,76,87,-11,11
59524,111,108,3,3
59525,140,124,16,16
59526,133,116,17,17
59527,89,91,-2,2
59528,94,88,6,6
59529,60,51,9,9
59530,67,69,-2,2
59531,166,134,32,32
59532,74,76,-2,2
59533,88,84,4,4
59534,113,101,12,12
59535,114,104,10,10
59536,98,85,13,13
59537,52,56,-4,4
59538,109,99,10,10
59539,51,53,-2,2
59540,92,83,9,9
59541,79,78,1,1
59542,65,65,0,0
59543,80,79,1,1
59544,130,112,18,18
59545,90,92,-2,2
59546,108,91,17,17
59547,84,86,-2,2
59548,160,146,14,14
59549,53,52,1,1
59550,62,66,-4,4
59551,65,70,-5,5
59552,65,65,0,0
59553,61,56,5,5
59554,35,37,-2,2
59555,113,102,11,11
59556,69,70,-1,1
59557,56,54,2,2
59558,103,105,-2,2
59559,76,70,6,6
59560,106,105,1,1
59561,157,141,16,16
59562,150,135,15,15
59563,79,74,5,5
59564,94,90,4,4
59565,59,62,-3,3
59566,135,145,-10,10
59567,91,88,3,3
59568,129,114,15,15
59569,80,79,1,1
59570,58,55,3,3
59571,96,78,18,18
59572,160,150,10,10
59573,80,70,10,10
59574,55,54,1,1
59575,101,88,13,13
59576,85,73,12,12
59577,68,67,1,1
59578,95,104,-9,9
59579,110,100,10,10
59580,75,68,7,7
59581,73,73,0,0
59582,90,86,4,4
59583,78,79,-1,1
59584,148,130,18,18
59585,94,87,7,7
59586,64,63,1,1
59587,186,156,30,30
59588,40,48,-8,8
59589,74,72,2,2
59590,140,120,20,20
59591,103,91,12,12
59592,179,139,40,40
59593,209,159,50,50
59594,114,111,3,3
59595,44,54,-10,10
59596,84,74,10,10
59597,55,56,-1,1
59598,150,131,19,19
59599,64,57,7,7
59600,61,64,-3,3
59601,89,86,3,3
59602,129,108,21,21
59603,61,60,1,1
59604,125,101,24,24
59605,129,114,15,15
59606,94,88,6,6
59607,86,74,12,12
59608,124,116,8,8
59609,45,56,-11,11
59610,131,111,20,20
59611,89,79,10,10
59612,140,136,4,4
59613,85,84,1,1
59614,178,154,24,24
59615,120,106,14,14
59616,135,115,20,20
59617,72,63,9,9
59618,45,49,-4,4
59619,63,61,2,2
59620,62,70,-8,8
59621,87,84,3,3
59622,165,158,7,7
59623,107,120,-13,13
59624,69,75,-6,6
59625,94,87,7,7
59626,58,59,-1,1
59627,105,95,10,10
59628,115,105,10,10
59629,92,82,10,10
59630,80,74,6,6
59631,154,145,9,9
59632,61,51,10,10
59633,115,107,8,8
59634,52,50,2,2
59635,69,67,2,2
59636,58,61,-3,3
59637,92,91,1,1
59638,56,57,-1,1
59639,94,101,-7,7
59640,70,69,1,1
59641,126,94,32,32
59642,77,74,3,3
59643,77,69,8,8
59644,160,146,14,14
59645,69,68,1,1
59646,73,70,3,3
59647,72,71,1,1
59648,72,66,6,6
59649,124,114,10,10
59650,78,72,6,6
59651,81,76,5,5
59652,156,137,19,19
59653,67,59,8,8
59654,118,108,10,10
59655,79,67,12,12
59656,81,75,6,6
59657,87,75,12,12
59658,57,67,-10,10
59659,70,165,-95,95
59660,147,89,58,58
59661,141,120,21,21
59662,42,53,-11,11
59663,89,89,0,0
59664,94,87,7,7
59665,103,97,6,6
59666,100,95,5,5
59667,56,57,-1,1
59668,85,84,1,1
59669,77,70,7,7
59670,89,84,5,5
59671,125,129,-4,4
59672,41,44,-3,3
59673,135,112,23,23
59674,70,78,-8,8
59675,51,47,4,4
59676,86,87,-1,1
59677,100,93,7,7
59678,103,100,3,3
59679,62,60,2,2
59680,153,126,27,27
59681,173,154,19,19
59682,137,136,1,1
59683,107,87,20,20
59684,161,134,27,27
59685,139,127,12,12
59686,62,53,9,9
59687,71,60,11,11
59688,104,116,-12,12
59689,115,104,11,11
59690,144,130,14,14
59691,76,73,3,3
59692,168,149,19,19
59693,76,70,6,6
59694,78,77,1,1
59695,94,111,-17,17
59696,92,81,11,11
59697,96,83,13,13
59698,131,112,19,19
59699,93,91,2,2
59700,93,80,13,13
59701,60,64,-4,4
59702,78,66,12,12
59703,72,74,-2,2
59704,141,100,41,41
59705,116,101,15,15
59706,83,83,0,0
59707,78,79,-1,1
59708,79,75,4,4
59709,113,107,6,6
59710,46,51,-5,5
59711,93,93,0,0
59712,99,85,14,14
59713,103,105,-2,2
59714,98,83,15,15
59715,113,96,17,17
59716,121,127,-6,6
59717,58,58,0,0
59718,92,85,7,7
59719,89,88,1,1
59720,99,94,5,5
59721,89,84,5,5
59722,79,78,1,1
59723,138,120,18,18
59724,79,76,3,3
59725,73,75,-2,2
59726,88,78,10,10
59727,73,81,-8,8
59728,95,92,3,3
59729,104,99,5,5
59730,77,68,9,9
59731,54,57,-3,3
59732,128,118,10,10
59733,88,87,1,1
59734,89,80,9,9
59735,100,97,3,3
59736,132,121,11,11
59737,73,74,-1,1
59738,69,69,0,0
59739,88,75,13,13
59740,127,117,10,10
59741,135,127,8,8
59742,71,68,3,3
59743,133,120,13,13
59744,98,91,7,7
59745,96,78,18,18
59746,121,106,15,15
59747,110,93,17,17
59748,63,64,-1,1
59749,149,131,18,18
59750,75,85,-10,10
59751,61,66,-5,5
59752,203,167,36,36
59753,106,100,6,6
59754,90,82,8,8
59755,111,90,21,21
59756,98,84,14,14
59757,70,82,-12,12
59758,77,70,7,7
59759,65,66,-1,1
59760,110,99,11,11
59761,82,86,-4,4
59762,135,121,14,14
59763,133,121,12,12
59764,93,85,8,8
59765,96,99,-3,3
59766,83,78,5,5
59767,83,79,4,4
59768,114,96,18,18
59769,169,162,7,7
59770,83,70,13,13
59771,87,81,6,6
59772,80,84,-4,4
59773,64,67,-3,3
59774,185,159,26,26
59775,110,92,18,18
59776,109,90,19,19
59777,52,52,0,0
59778,103,94,9,9
59779,34,45,-11,11
59780,69,108,-39,39
59781,154,135,19,19
59782,149,134,15,15
59783,81,73,8,8
59784,81,78,3,3
59785,68,67,1,1
59786,93,79,14,14
59787,57,56,1,1
59788,129,119,10,10
59789,98,92,6,6
59790,117,116,1,1
59791,76,79,-3,3
59792,36,31,5,5
59793,130,116,14,14
59794,81,76,5,5
59795,72,79,-7,7
59796,76,77,-1,1
59797,63,65,-2,2
59798,97,88,9,9
59799,61,63,-2,2
59800,85,80,5,5
59801,110,121,-11,11
59802,85,77,8,8
59803,77,85,-8,8
59804,127,110,17,17
59805,49,50,-1,1
59806,85,80,5,5
59807,83,86,-3,3
59808,132,130,2,2
59809,136,126,10,10
59810,73,65,8,8
59811,71,72,-1,1
59812,79,70,9,9
59813,88,88,0,0
59814,70,119,-49,49
59815,75,66,9,9
59816,46,42,4,4
59817,101,90,11,11
59818,128,129,-1,1
59819,92,80,12,12
59820,149,115,34,34
59821,122,83,39,39
59822,79,92,-13,13
59823,48,64,-16,16
59824,101,95,6,6
59825,94,85,9,9
59826,125,112,13,13
59827,91,94,-3,3
59828,78,74,4,4
59829,121,109,12,12
59830,166,134,32,32
59831,96,89,7,7
59832,124,130,-6,6
59833,159,138,21,21
59834,66,65,1,1
59835,82,75,7,7
59836,75,72,3,3
59837,59,51,8,8
59838,85,80,5,5
59839,99,82,17,17
59840,148,129,19,19
59841,109,93,16,16
59842,81,75,6,6
59843,99,87,12,12
59844,47,48,-1,1
59845,78,74,4,4
59846,85,79,6,6
59847,76,81,-5,5
59848,54,45,9,9
59849,106,103,3,3
59850,83,75,8,8
59851,66,63,3,3
59852,47,58,-11,11
59853,60,67,-7,7
59854,109,102,7,7
59855,122,110,12,12
59856,92,84,8,8
59857,102,85,17,17
59858,130,126,4,4
59859,104,94,10,10
59860,106,85,21,21
59861,74,73,1,1
59862,149,138,11,11
59863,46,56,-10,10
59864,55,51,4,4
59865,81,77,4,4
59866,86,85,1,1
59867,159,137,22,22
59868,49,50,-1,1
59869,76,77,-1,1
59870,109,101,8,8
59871,88,73,15,15
59872,66,69,-3,3
59873,95,90,5,5
59874,123,109,14,14
59875,49,53,-4,4
59876,60,54,6,6
59877,140,128,12,12
59878,72,63,9,9
59879,103,99,4,4
59880,88,88,0,0
59881,94,87,7,7
59882,97,85,12,12
59883,112,100,12,12
59884,37,50,-13,13
59885,70,72,-2,2
59886,217,192,25,25
59887,159,128,31,31
59888,86,80,6,6
59889,116,107,9,9
59890,76,67,9,9
59891,159,136,23,23
59892,102,90,12,12
59893,72,69,3,3
59894,102,98,4,4
59895,94,79,15,15
59896,56,51,5,5
59897,136,131,5,5
59898,78,73,5,5
59899,75,78,-3,3
59900,138,125,13,13
59901,79,72,7,7
59902,89,87,2,2
59903,63,69,-6,6
59904,59,54,5,5
59905,127,117,10,10
59906,100,84,16,16
59907,60,60,0,0
59908,100,93,7,7
59909,108,91,17,17
59910,152,132,20,20
59911,118,108,10,10
59912,81,79,2,2
59913,49,49,0,0
59914,90,80,10,10
59915,97,87,10,10
59916,90,83,7,7
59917,138,123,15,15
59918,116,121,-5,5
59919,86,83,3,3
59920,106,89,17,17
59921,155,133,22,22
59922,100,89,11,11
59923,66,62,4,4
59924,84,78,6,6
59925,103,96,7,7
59926,56,58,-2,2
59927,100,88,12,12
59928,93,84,9,9
59929,135,127,8,8
59930,32,34,-2,2
59931,93,99,-6,6
59932,107,119,-12,12
59933,62,64,-2,2
59934,59,57,2,2
59935,91,85,6,6
59936,75,75,0,0
59937,73,71,2,2
59938,96,93,3,3
59939,115,107,8,8
59940,63,66,-3,3
59941,85,86,-1,1
59942,72,78,-6,6
59943,158,156,2,2
59944,91,80,11,11
59945,69,72,-3,3
59946,89,105,-16,16
59947,74,72,2,2
59948,104,238,-134,134
59949,49,54,-5,5
59950,99,87,12,12
59951,127,114,13,13
59952,73,73,0,0
59953,49,52,-3,3
59954,87,81,6,6
59955,157,136,21,21
59956,80,84,-4,4
59957,144,113,31,31
59958,83,86,-3,3
59959,131,123,8,8
59960,95,93,2,2
59961,141,128,13,13
59962,89,96,-7,7
59963,59,53,6,6
59964,86,80,6,6
59965,118,109,9,9
59966,78,80,-2,2
59967,148,131,17,17
59968,59,52,7,7
59969,104,100,4,4
59970,85,77,8,8
59971,103,100,3,3
59972,236,186,50,50
59973,66,77,-11,11
59974,50,67,-17,17
59975,77,66,11,11
59976,114,90,24,24
59977,85,78,7,7
59978,88,82,6,6
59979,74,66,8,8
59980,71,69,2,2
59981,155,137,18,18
59982,62,67,-5,5
59983,100,84,16,16
59984,82,84,-2,2
59985,113,103,10,10
59986,104,94,10,10
59987,104,93,11,11
59988,105,119,-14,14
59989,153,136,17,17
59990,76,71,5,5
59991,85,70,15,15
59992,119,118,1,1
59993,106,87,19,19
59994,73,76,-3,3
59995,137,114,23,23
59996,79,70,9,9
59997,186,169,17,17
59998,63,63,0,0
59999,93,83,10,10
60000,126,127,-1,1
60001,70,64,6,6
60002,128,108,20,20
60003,61,60,1,1
60004,83,73,10,10
60005,108,91,17,17
60006,87,89,-2,2
60007,97,94,3,3
60008,62,64,-2,2
60009,129,118,11,11
60010,124,106,18,18
60011,63,64,-1,1
60012,138,121,17,17
60013,53,51,2,2
60014,76,66,10,10
60015,138,134,4,4
60016,123,120,3,3
60017,57,52,5,5
60018,83,75,8,8
60019,96,95,1,1
60020,119,119,0,0
60021,72,66,6,6
60022,78,69,9,9
60023,106,88,18,18
60024,83,71,12,12
60025,71,62,9,9
60026,205,165,40,40
60027,59,63,-4,4
60028,57,54,3,3
60029,90,81,9,9
60030,34,56,-22,22
60031,215,166,49,49
60032,85,83,2,2
60033,158,139,19,19
60034,136,117,19,19
60035,55,46,9,9
60036,119,106,13,13
60037,109,133,-24,24
60038,57,56,1,1
60039,92,80,12,12
60040,99,86,13,13
60041,95,86,9,9
60042,74,64,10,10
60043,84,77,7,7
60044,107,95,12,12
60045,78,70,8,8
60046,64,66,-2,2
60047,66,69,-3,3
60048,88,78,10,10
60049,135,109,26,26
60050,139,122,17,17
60051,126,136,-10,10
60052,82,75,7,7
60053,70,61,9,9
60054,81,80,1,1
60055,60,59,1,1
60056,56,54,2,2
60057,131,116,15,15
60058,59,61,-2,2
60059,83,71,12,12
60060,145,131,14,14
60061,86,80,6,6
60062,102,95,7,7
60063,77,74,3,3
60064,136,112,24,24
60065,68,64,4,4
60066,81,72,9,9
60067,82,72,10,10
60068,85,77,8,8
60069,121,112,9,9
60070,69,66,3,3
60071,56,58,-2,2
60072,170,146,24,24
60073,123,116,7,7
60074,71,65,6,6
60075,77,76,1,1
60076,140,123,17,17
60077,141,122,19,19
60078,98,91,7,7
60079,93,78,15,15
60080,69,77,-8,8
60081,104,95,9,9
60082,53,60,-7,7
60083,75,77,-2,2
60084,120,109,11,11
60085,86,90,-4,4
60086,98,88,10,10
60087,84,80,4,4
60088,88,70,18,18
60089,113,103,10,10
60090,74,71,3,3
60091,91,80,11,11
60092,149,123,26,26
60093,82,77,5,5
60094,84,75,9,9
60095,195,172,23,23
60096,117,114,3,3
60097,120,116,4,4
60098,180,155,25,25
60099,80,85,-5,5
60100,122,112,10,10
60101,135,119,16,16
60102,159,147,12,12
60103,107,101,6,6
60104,76,77,-1,1
60105,85,81,4,4
60106,87,76,11,11
60107,88,77,11,11
60108,41,45,-4,4
60109,78,71,7,7
60110,61,61,0,0
60111,87,80,7,7
60112,129,111,18,18
60113,84,78,6,6
60114,142,112,30,30
60115,126,121,5,5
60116,89,82,7,7
60117,74,63,11,11
60118,51,45,6,6
60119,141,117,24,24
60120,83,74,9,9
60121,120,146,-26,26
60122,144,130,14,14
60123,67,70,-3,3
60124,82,79,3,3
60125,67,70,-3,3
60126,85,79,6,6
60127,62,50,12,12
60128,106,98,8,8
60129,59,58,1,1
60130,73,66,7,7
60131,145,130,15,15
60132,65,60,5,5
60133,72,69,3,3
60134,118,100,18,18
60135,105,109,-4,4
60136,71,66,5,5
60137,96,92,4,4
60138,111,98,13,13
60139,73,85,-12,12
60140,88,77,11,11
60141,210,187,23,23
60142,104,92,12,12
60143,76,68,8,8
60144,43,50,-7,7
60145,110,95,15,15
60146,93,81,12,12
60147,114,104,10,10
60148,190,174,16,16
60149,87,81,6,6
60150,85,70,15,15
60151,95,91,4,4
60152,97,107,-10,10
60153,58,55,3,3
60154,126,123,3,3
60155,145,121,24,24
60156,61,63,-2,2
60157,113,91,22,22
60158,42,48,-6,6
60159,108,93,15,15
60160,93,79,14,14
60161,157,142,15,15
60162,75,72,3,3
60163,59,63,-4,4
60164,101,84,17,17
60165,83,72,11,11
60166,95,86,9,9
60167,100,91,9,9
60168,69,63,6,6
60169,108,107,1,1
60170,79,72,7,7
60171,105,93,12,12
60172,98,104,-6,6
60173,123,120,3,3
60174,103,96,7,7
60175,158,139,19,19
60176,98,89,9,9
60177,128,115,13,13
60178,54,50,4,4
60179,54,58,-4,4
60180,86,82,4,4
60181,119,112,7,7
60182,67,62,5,5
60183,114,105,9,9
60184,104,95,9,9
60185,81,80,1,1
60186,84,76,8,8
60187,86,78,8,8
60188,93,89,4,4
60189,75,65,10,10
60190,69,65,4,4
60191,96,83,13,13
60192,117,110,7,7
60193,164,139,25,25
60194,121,108,13,13
60195,93,82,11,11
60196,91,81,10,10
60197,144,128,16,16
60198,101,94,7,7
60199,135,109,26,26
60200,102,94,8,8
60201,83,79,4,4
60202,88,75,13,13
60203,101,99,2,2
60204,102,97,5,5
60205,102,104,-2,2
60206,105,92,13,13
60207,99,100,-1,1
60208,151,131,20,20
60209,67,69,-2,2
60210,164,130,34,34
60211,85,81,4,4
60212,89,88,1,1
60213,59,58,1,1
60214,94,78,16,16
60215,123,111,12,12
60216,79,93,-14,14
60217,74,70,4,4
60218,176,155,21,21
60219,59,65,-6,6
60220,100,95,5,5
60221,123,116,7,7
60222,104,98,6,6
60223,145,140,5,5
60224,97,93,4,4
60225,175,152,23,23
60226,63,60,3,3
60227,124,115,9,9
60228,68,59,9,9
60229,139,122,17,17
60230,78,67,11,11
60231,79,65,14,14
60232,48,55,-7,7
60233,141,129,12,12
60234,136,114,22,22
60235,123,121,2,2
60236,85,81,4,4
60237,128,114,14,14
60238,97,85,12,12
60239,63,63,0,0
60240,141,135,6,6
60241,87,78,9,9
60242,93,95,-2,2
60243,54,51,3,3
60244,133,111,22,22
60245,50,55,-5,5
60246,71,67,4,4
60247,75,67,8,8
60248,165,152,13,13
60249,64,61,3,3
60250,95,81,14,14
60251,65,57,8,8
60252,106,94,12,12
60253,91,74,17,17
60254,70,75,-5,5
60255,124,113,11,11
60256,48,51,-3,3
60257,74,70,4,4
60258,64,57,7,7
60259,104,94,10,10
60260,82,78,4,4
60261,82,79,3,3
60262,147,137,10,10
60263,123,96,27,27
60264,81,81,0,0
60265,146,138,8,8
60266,88,80,8,8
60267,78,71,7,7
60268,118,115,3,3
60269,160,143,17,17
60270,176,152,24,24
60271,133,112,21,21
60272,122,111,11,11
60273,74,74,0,0
60274,75,73,2,2
60275,116,109,7,7
60276,116,106,10,10
60277,126,112,14,14
60278,53,52,1,1
60279,58,77,-19,19
60280,169,151,18,18
60281,100,104,-4,4
60282,56,58,-2,2
60283,63,67,-4,4
60284,58,54,4,4
60285,56,64,-8,8
60286,131,127,4,4
60287,74,66,8,8
60288,143,126,17,17
60289,127,124,3,3
60290,98,91,7,7
60291,60,55,5,5
60292,65,77,-12,12
60293,76,64,12,12
60294,72,69,3,3
60295,83,75,8,8
60296,41,50,-9,9
60297,91,81,10,10
60298,125,120,5,5
60299,119,119,0,0
60300,92,78,14,14
60301,100,104,-4,4
60302,125,111,14,14
60303,95,91,4,4
60304,108,96,12,12
60305,118,109,9,9
60306,124,125,-1,1
60307,31,31,0,0
60308,175,161,14,14
60309,122,112,10,10
60310,117,116,1,1
60311,30,50,-20,20
60312,184,156,28,28
60313,93,83,10,10
60314,98,89,9,9
60315,82,78,4,4
60316,91,89,2,2
60317,67,74,-7,7
60318,103,72,31,31
60319,127,123,4,4
60320,64,61,3,3
60321,70,77,-7,7
60322,68,69,-1,1
60323,87,95,-8,8
60324,103,94,9,9
60325,91,85,6,6
60326,77,67,10,10
60327,70,58,12,12
60328,90,87,3,3
60329,64,64,0,0
60330,53,53,0,0
60331,87,74,13,13
60332,112,95,17,17
60333,91,81,10,10
60334,132,122,10,10
60335,116,108,8,8
60336,99,97,2,2
60337,80,72,8,8
60338,125,117,8,8
60339,83,73,10,10
60340,123,119,4,4
60341,126,112,14,14
60342,114,109,5,5
60343,139,122,17,17
60344,135,131,4,4
60345,61,57,4,4
60346,70,72,-2,2
60347,112,98,14,14
60348,79,75,4,4
60349,58,63,-5,5
60350,131,130,1,1
60351,154,135,19,19
60352,85,82,3,3
60353,116,98,18,18
60354,71,73,-2,2
60355,62,70,-8,8
60356,72,72,0,0
60357,137,129,8,8
60358,152,141,11,11
60359,85,77,8,8
60360,63,63,0,0
60361,67,55,12,12
60362,108,107,1,1
60363,120,117,3,3
60364,103,93,10,10
60365,96,96,0,0
60366,108,104,4,4
60367,49,99,-50,50
60368,83,84,-1,1
60369,91,78,13,13
60370,112,99,13,13
60371,148,130,18,18
60372,110,109,1,1
60373,90,83,7,7
60374,71,54,17,17
60375,95,100,-5,5
60376,78,70,8,8
60377,102,99,3,3
60378,99,88,11,11
60379,71,68,3,3
60380,103,94,9,9
60381,75,73,2,2
60382,128,118,10,10
60383,37,44,-7,7
60384,82,74,8,8
60385,82,85,-3,3
60386,105,101,4,4
60387,96,87,9,9
60388,57,50,7,7
60389,135,127,8,8
60390,87,80,7,7
60391,75,77,-2,2
60392,75,81,-6,6
60393,127,110,17,17
60394,105,99,6,6
60395,61,57,4,4
60396,66,88,-22,22
60397,140,125,15,15
60398,129,122,7,7
60399,150,126,24,24
60400,109,98,11,11
60401,115,111,4,4
60402,118,109,9,9
60403,58,57,1,1
60404,79,66,13,13
60405,28,31,-3,3
60406,173,140,33,33
60407,89,88,1,1
60408,95,80,15,15
60409,71,75,-4,4
60410,87,85,2,2
60411,77,66,11,11
60412,106,98,8,8
60413,88,85,3,3
60414,74,73,1,1
60415,66,88,-22,22
60416,64,76,-12,12
60417,115,110,5,5
60418,59,56,3,3
60419,142,121,21,21
60420,73,62,11,11
60421,138,120,18,18
60422,110,101,9,9
60423,81,85,-4,4
60424,143,143,0,0
60425,137,115,22,22
60426,177,154,23,23
60427,100,97,3,3
60428,112,108,4,4
60429,136,134,2,2
60430,48,50,-2,2
60431,112,122,-10,10
60432,115,106,9,9
60433,134,122,12,12
60434,97,98,-1,1
60435,86,77,9,9
60436,115,101,14,14
60437,80,70,10,10
60438,157,137,20,20
60439,59,56,3,3
60440,118,109,9,9
60441,64,71,-7,7
60442,123,107,16,16
60443,70,72,-2,2
60444,60,64,-4,4
60445,76,78,-2,2
60446,161,145,16,16
60447,129,129,0,0
60448,66,64,2,2
60449,104,92,12,12
60450,86,74,12,12
60451,53,52,1,1
60452,76,70,6,6
60453,202,165,37,37
60454,81,71,10,10
60455,136,126,10,10
60456,80,69,11,11
60457,54,56,-2,2
60458,71,62,9,9
60459,37,39,-2,2
60460,92,84,8,8
60461,81,78,3,3
60462,94,109,-15,15
60463,116,105,11,11
60464,89,87,2,2
60465,123,106,17,17
60466,95,85,10,10
60467,114,101,13,13
60468,134,127,7,7
60469,153,139,14,14
60470,82,76,6,6
60471,104,90,14,14
60472,101,100,1,1
60473,73,61,12,12
60474,121,117,4,4
60475,147,121,26,26
60476,70,72,-2,2
60477,126,113,13,13
60478,284,219,65,65
60479,124,121,3,3
60480,107,98,9,9
60481,78,72,6,6
60482,116,106,10,10
60483,139,121,18,18
60484,127,116,11,11
60485,61,64,-3,3
60486,56,57,-1,1
60487,105,93,12,12
60488,68,69,-1,1
60489,101,88,13,13
60490,64,55,9,9
60491,70,68,2,2
60492,129,117,12,12
60493,86,78,8,8
60494,71,64,7,7
60495,57,127,-70,70
60496,63,76,-13,13
60497,100,86,14,14
60498,138,134,4,4
60499,143,124,19,19
60500,123,111,12,12
60501,114,110,4,4
60502,69,65,4,4
60503,71,70,1,1
60504,65,53,12,12
60505,94,97,-3,3
60506,73,72,1,1
60507,77,76,1,1
60508,68,70,-2,2
60509,126,127,-1,1
60510,133,117,16,16
60511,111,114,-3,3
60512,80,76,4,4
60513,74,77,-3,3
60514,91,83,8,8
60515,111,114,-3,3
60516,100,93,7,7
60517,191,154,37,37
60518,124,103,21,21
60519,55,53,2,2
60520,113,96,17,17
60521,34,37,-3,3
60522,108,91,17,17
60523,74,66,8,8
60524,163,130,33,33
60525,135,109,26,26
60526,86,94,-8,8
60527,122,109,13,13
60528,135,122,13,13
60529,68,80,-12,12
60530,75,69,6,6
60531,127,126,1,1
60532,65,66,-1,1
60533,83,82,1,1
60534,103,89,14,14
60535,79,74,5,5
60536,77,73,4,4
60537,116,112,4,4
60538,123,110,13,13
60539,70,65,5,5
60540,66,67,-1,1
60541,102,102,0,0
60542,108,119,-11,11
60543,64,53,11,11
60544,116,117,-1,1
60545,154,145,9,9
60546,78,76,2,2
60547,97,93,4,4
60548,64,64,0,0
60549,109,100,9,9
60550,109,94,15,15
60551,110,110,0,0
60552,124,110,14,14
60553,50,51,-1,1
60554,75,67,8,8
60555,112,108,4,4
60556,72,76,-4,4
60557,113,103,10,10
60558,70,77,-7,7
60559,112,81,31,31
60560,71,65,6,6
60561,117,108,9,9
60562,88,78,10,10
60563,88,76,12,12
60564,96,82,14,14
60565,114,109,5,5
60566,46,54,-8,8
60567,82,81,1,1
60568,77,72,5,5
60569,68,77,-9,9
60570,79,83,-4,4
60571,78,73,5,5
60572,48,51,-3,3
60573,55,54,1,1
60574,110,104,6,6
60575,106,96,10,10
60576,88,75,13,13
60577,90,92,-2,2
60578,84,86,-2,2
60579,78,82,-4,4
60580,108,106,2,2
60581,52,63,-11,11
60582,162,129,33,33
60583,46,50,-4,4
60584,100,101,-1,1
60585,95,87,8,8
60586,138,127,11,11
60587,53,54,-1,1
60588,100,87,13,13
60589,93,85,8,8
60590,90,103,-13,13
60591,103,99,4,4
60592,92,80,12,12
60593,52,49,3,3
60594,104,100,4,4
60595,49,51,-2,2
60596,82,73,9,9
60597,104,91,13,13
60598,167,151,16,16
60599,58,62,-4,4
60600,79,74,5,5
60601,75,64,11,11
60602,70,72,-2,2
60603,78,77,1,1
60604,70,66,4,4
60605,130,124,6,6
60606,90,89,1,1
60607,68,66,2,2
60608,97,96,1,1
60609,83,79,4,4
60610,51,57,-6,6
60611,70,71,-1,1
60612,35,54,-19,19
60613,24,48,-24,24
60614,113,89,24,24
60615,133,116,17,17
60616,90,88,2,2
60617,84,75,9,9
60618,86,80,6,6
60619,63,60,3,3
60620,51,52,-1,1
60621,153,132,21,21
60622,113,102,11,11
60623,47,50,-3,3
60624,111,96,15,15
60625,67,60,7,7
60626,51,56,-5,5
60627,57,63,-6,6
60628,67,55,12,12
60629,149,131,18,18
60630,71,67,4,4
60631,100,103,-3,3
60632,94,93,1,1
60633,61,57,4,4
60634,100,85,15,15
60635,147,132,15,15
60636,92,86,6,6
60637,79,78,1,1
60638,95,90,5,5
60639,155,148,7,7
60640,88,75,13,13
60641,149,146,3,3
60642,128,115,13,13
60643,73,57,16,16
60644,124,111,13,13
60645,78,77,1,1
60646,73,71,2,2
60647,104,92,12,12
60648,124,98,26,26
60649,65,67,-2,2
60650,98,95,3,3
60651,100,92,8,8
60652,79,71,8,8
60653,216,170,46,46
60654,77,77,0,0
60655,64,71,-7,7
60656,43,44,-1,1
60657,124,105,19,19
60658,87,82,5,5
60659,98,88,10,10
60660,91,81,10,10
60661,81,75,6,6
60662,109,111,-2,2
60663,61,74,-13,13
60664,86,84,2,2
60665,126,111,15,15
60666,85,75,10,10
60667,94,106,-12,12
60668,68,66,2,2
60669,77,71,6,6
60670,72,67,5,5
60671,107,103,4,4
60672,83,77,6,6
60673,116,108,8,8
60674,59,55,4,4
60675,53,51,2,2
60676,137,127,10,10
60677,128,108,20,20
60678,97,89,8,8
60679,97,96,1,1
60680,75,70,5,5
60681,107,90,17,17
60682,96,85,11,11
60683,139,121,18,18
60684,62,60,2,2
60685,90,82,8,8
60686,104,101,3,3
60687,124,109,15,15
60688,107,98,9,9
60689,124,122,2,2
60690,105,94,11,11
60691,134,128,6,6
60692,122,104,18,18
60693,70,74,-4,4
60694,152,141,11,11
60695,95,86,9,9
60696,67,82,-15,15
60697,109,96,13,13
60698,170,190,-20,20
60699,80,78,2,2
60700,88,79,9,9
60701,131,94,37,37
60702,84,75,9,9
60703,97,95,2,2
60704,149,119,30,30
60705,79,81,-2,2
60706,93,99,-6,6
60707,81,78,3,3
60708,125,116,9,9
60709,82,76,6,6
60710,79,76,3,3
60711,65,53,12,12
60712,95,89,6,6
60713,111,109,2,2
60714,113,100,13,13
60715,119,116,3,3
60716,68,70,-2,2
60717,135,109,26,26
60718,102,84,18,18
60719,96,101,-5,5
60720,107,102,5,5
60721,86,77,9,9
60722,158,123,35,35
60723,141,121,20,20
60724,129,122,7,7
60725,49,48,1,1
60726,149,133,16,16
60727,114,105,9,9
60728,40,40,0,0
60729,55,57,-2,2
60730,85,75,10,10
60731,65,60,5,5
60732,97,99,-2,2
60733,148,131,17,17
60734,141,119,22,22
60735,69,65,4,4
60736,80,77,3,3
60737,158,132,26,26
60738,75,75,0,0
60739,88,84,4,4
60740,110,96,14,14
60741,82,81,1,1
60742,58,66,-8,8
60743,76,66,10,10
60744,48,51,-3,3
60745,106,85,21,21
60746,108,100,8,8
60747,191,162,29,29
60748,100,89,11,11
60749,58,58,0,0
60750,117,108,9,9
60751,233,178,55,55
60752,78,78,0,0
60753,83,74,9,9
60754,66,65,1,1
60755,55,54,1,1
60756,77,79,-2,2
60757,102,91,11,11
60758,62,59,3,3
60759,71,66,5,5
60760,139,125,14,14
60761,132,125,7,7
60762,94,92,2,2
60763,107,106,1,1
60764,60,68,-8,8
60765,94,103,-9,9
60766,72,60,12,12
60767,86,78,8,8
60768,75,76,-1,1
60769,87,83,4,4
60770,148,123,25,25
60771,120,103,17,17
60772,68,68,0,0
60773,81,72,9,9
60774,222,196,26,26
60775,68,64,4,4
60776,103,102,1,1
60777,133,106,27,27
60778,135,106,29,29
60779,97,87,10,10
60780,56,55,1,1
60781,73,67,6,6
60782,110,107,3,3
60783,116,105,11,11
60784,46,41,5,5
60785,119,104,15,15
60786,42,41,1,1
60787,71,79,-8,8
60788,80,63,17,17
60789,87,84,3,3
60790,73,71,2,2
60791,99,88,11,11
60792,36,45,-9,9
60793,70,66,4,4
60794,55,51,4,4
60795,104,94,10,10
60796,135,125,10,10
60797,103,91,12,12
60798,83,80,3,3
60799,87,73,14,14
60800,78,68,10,10
60801,68,74,-6,6
60802,70,73,-3,3
60803,112,94,18,18
60804,99,93,6,6
60805,103,96,7,7
60806,87,80,7,7
60807,105,97,8,8
60808,94,88,6,6
60809,185,156,29,29
60810,167,151,16,16
60811,67,69,-2,2
60812,98,76,22,22
60813,109,104,5,5
60814,139,125,14,14
60815,88,80,8,8
60816,117,103,14,14
60817,101,103,-2,2
60818,124,124,0,0
60819,182,143,39,39
60820,198,160,38,38
60821,115,107,8,8
60822,92,89,3,3
60823,77,69,8,8
60824,104,97,7,7
60825,75,63,12,12
60826,93,77,16,16
60827,173,159,14,14
60828,121,116,5,5
60829,141,109,32,32
60830,66,76,-10,10
60831,72,64,8,8
60832,104,103,1,1
60833,103,91,12,12
60834,81,74,7,7
60835,122,97,25,25
60836,131,113,18,18
60837,58,59,-1,1
60838,106,100,6,6
60839,119,99,20,20
60840,57,52,5,5
60841,77,71,6,6
60842,67,57,10,10
60843,85,77,8,8
60844,62,65,-3,3
60845,140,124,16,16
60846,72,73,-1,1
60847,125,117,8,8
60848,166,144,22,22
60849,133,113,20,20
60850,101,79,22,22
60851,156,135,21,21
60852,68,67,1,1
60853,70,65,5,5
60854,127,113,14,14
60855,89,79,10,10
60856,111,91,20,20
60857,154,122,32,32
60858,91,82,9,9
60859,59,61,-2,2
60860,105,98,7,7
60861,108,117,-9,9
60862,87,90,-3,3
60863,143,126,17,17
60864,88,81,7,7
60865,83,82,1,1
60866,105,90,15,15
60867,96,94,2,2
60868,95,84,11,11
60869,104,103,1,1
60870,97,107,-10,10
60871,111,107,4,4
60872,93,83,10,10
60873,54,51,3,3
60874,90,88,2,2
60875,52,51,1,1
60876,85,81,4,4
60877,114,105,9,9
60878,152,145,7,7
60879,79,68,11,11
60880,118,115,3,3
60881,85,73,12,12
60882,94,82,12,12
60883,49,51,-2,2
60884,56,54,2,2
60885,156,132,24,24
60886,55,50,5,5
60887,116,107,9,9
60888,84,78,6,6
60889,105,95,10,10
60890,122,106,16,16
60891,80,81,-1,1
60892,89,74,15,15
60893,117,102,15,15
60894,50,50,0,0
60895,65,68,-3,3
60896,115,109,6,6
60897,78,73,5,5
60898,112,107,5,5
60899,84,73,11,11
60900,144,134,10,10
60901,95,83,12,12
60902,125,116,9,9
60903,115,120,-5,5
60904,76,69,7,7
60905,119,108,11,11
60906,133,139,-6,6
60907,90,77,13,13
60908,112,102,10,10
60909,76,69,7,7
60910,147,130,17,17
60911,55,56,-1,1
60912,131,110,21,21
60913,116,100,16,16
60914,84,78,6,6
60915,72,71,1,1
60916,73,72,1,1
60917,43,50,-7,7
60918,73,68,5,5
60919,82,85,-3,3
60920,56,58,-2,2
60921,99,86,13,13
60922,105,107,-2,2
60923,79,80,-1,1
60924,138,115,23,23
60925,111,110,1,1
60926,36,40,-4,4
60927,138,121,17,17
60928,89,87,2,2
60929,93,77,16,16
60930,132,124,8,8
60931,108,93,15,15
60932,66,65,1,1
60933,71,69,2,2
60934,65,61,4,4
60935,200,172,28,28
60936,72,99,-27,27
60937,232,208,24,24
60938,75,72,3,3
60939,186,151,35,35
60940,125,109,16,16
60941,95,98,-3,3
60942,203,144,59,59
60943,176,142,34,34
60944,129,118,11,11
60945,76,72,4,4
60946,143,129,14,14
60947,49,51,-2,2
60948,92,85,7,7
60949,92,85,7,7
60950,75,80,-5,5
60951,105,90,15,15
60952,155,125,30,30
60953,95,93,2,2
60954,86,88,-2,2
60955,132,112,20,20
60956,46,51,-5,5
60957,69,71,-2,2
60958,58,66,-8,8
60959,140,120,20,20
60960,70,62,8,8
60961,89,84,5,5
60962,84,65,19,19
60963,124,111,13,13
60964,71,68,3,3
60965,127,115,12,12
60966,69,65,4,4
60967,111,95,16,16
60968,125,118,7,7
60969,85,83,2,2
60970,76,74,2,2
60971,85,83,2,2
60972,55,56,-1,1
60973,92,87,5,5
60974,182,152,30,30
60975,89,82,7,7
60976,102,90,12,12
60977,113,107,6,6
60978,131,126,5,5
60979,133,131,2,2
60980,98,88,10,10
60981,154,126,28,28
60982,99,90,9,9
60983,114,104,10,10
60984,110,95,15,15
60985,125,99,26,26
60986,52,63,-11,11
60987,42,40,2,2
60988,80,71,9,9
60989,83,77,6,6
60990,143,125,18,18
60991,56,58,-2,2
60992,131,115,16,16
60993,112,117,-5,5
60994,110,101,9,9
60995,104,92,12,12
60996,71,69,2,2
60997,36,37,-1,1
60998,57,57,0,0
60999,72,77,-5,5
61000,119,96,23,23
61001,194,165,29,29
61002,107,90,17,17
61003,123,112,11,11
61004,87,78,9,9
61005,157,138,19,19
61006,75,72,3,3
61007,94,90,4,4
61008,85,82,3,3
61009,85,87,-2,2
61010,44,48,-4,4
61011,78,77,1,1
61012,97,75,22,22
61013,34,52,-18,18
61014,38,39,-1,1
61015,93,84,9,9
61016,113,101,12,12
61017,130,112,18,18
61018,46,46,0,0
61019,94,94,0,0
61020,144,123,21,21
61021,60,57,3,3
61022,110,104,6,6
61023,78,77,1,1
61024,172,153,19,19
61025,117,121,-4,4
61026,60,70,-10,10
61027,114,93,21,21
61028,136,135,1,1
61029,130,128,2,2
61030,140,123,17,17
61031,58,63,-5,5
61032,87,79,8,8
61033,154,131,23,23
61034,84,78,6,6
61035,78,68,10,10
61036,224,246,-22,22
61037,77,69,8,8
61038,114,103,11,11
61039,64,65,-1,1
61040,145,127,18,18
61041,62,60,2,2
61042,123,115,8,8
61043,126,114,12,12
61044,59,68,-9,9
61045,59,66,-7,7
61046,65,75,-10,10
61047,81,81,0,0
61048,104,88,16,16
61049,94,91,3,3
61050,131,120,11,11
61051,60,57,3,3
61052,111,94,17,17
61053,159,133,26,26
61054,145,132,13,13
61055,67,61,6,6
61056,114,102,12,12
61057,82,75,7,7
61058,93,88,5,5
61059,53,59,-6,6
61060,83,86,-3,3
61061,101,98,3,3
61062,112,116,-4,4
61063,71,59,12,12
61064,86,74,12,12
61065,49,94,-45,45
61066,59,55,4,4
61067,125,107,18,18
61068,157,145,12,12
61069,90,88,2,2
61070,160,151,9,9
61071,128,101,27,27
61072,78,77,1,1
61073,153,140,13,13
61074,87,94,-7,7
61075,133,116,17,17
61076,96,94,2,2
61077,88,92,-4,4
61078,69,75,-6,6
61079,150,148,2,2
61080,134,114,20,20
61081,122,113,9,9
61082,91,85,6,6
61083,156,133,23,23
61084,76,74,2,2
61085,44,50,-6,6
61086,117,114,3,3
61087,110,100,10,10
61088,101,79,22,22
61089,81,72,9,9
61090,52,53,-1,1
61091,164,149,15,15
61092,40,40,0,0
61093,80,81,-1,1
61094,129,111,18,18
61095,131,112,19,19
61096,87,83,4,4
61097,79,71,8,8
61098,110,99,11,11
61099,120,105,15,15
61100,100,111,-11,11
61101,113,105,8,8
61102,97,109,-12,12
61103,75,67,8,8
61104,85,88,-3,3
61105,49,50,-1,1
61106,103,110,-7,7
61107,177,155,22,22
61108,94,90,4,4
61109,130,117,13,13
61110,72,71,1,1
61111,158,141,17,17
61112,47,51,-4,4
61113,74,81,-7,7
61114,101,100,1,1
61115,51,57,-6,6
61116,83,77,6,6
61117,142,127,15,15
61118,58,61,-3,3
61119,83,80,3,3
61120,45,44,1,1
61121,138,125,13,13
61122,152,132,20,20
61123,101,99,2,2
61124,77,67,10,10
61125,52,73,-21,21
61126,89,77,12,12
61127,149,128,21,21
61128,78,67,11,11
61129,146,132,14,14
61130,122,116,6,6
61131,88,77,11,11
61132,131,120,11,11
61133,67,64,3,3
61134,107,88,19,19
61135,139,135,4,4
61136,164,142,22,22
61137,134,119,15,15
61138,71,68,3,3
61139,87,73,14,14
61140,68,66,2,2
61141,56,99,-43,43
61142,118,114,4,4
61143,101,94,7,7
61144,75,74,1,1
61145,127,127,0,0
61146,85,83,2,2
61147,57,69,-12,12
61148,37,47,-10,10
61149,116,105,11,11
61150,108,96,12,12
61151,137,124,13,13
61152,58,57,1,1
61153,67,82,-15,15
61154,106,99,7,7
61155,132,109,23,23
61156,102,88,14,14
61157,115,111,4,4
61158,85,79,6,6
61159,107,102,5,5
61160,49,53,-4,4
61161,139,141,-2,2
61162,126,121,5,5
61163,135,130,5,5
61164,69,62,7,7
61165,88,75,13,13
61166,117,106,11,11
61167,77,69,8,8
61168,51,60,-9,9
61169,92,98,-6,6
61170,80,81,-1,1
61171,82,76,6,6
61172,157,141,16,16
61173,83,78,5,5
61174,136,117,19,19
61175,147,124,23,23
61176,49,51,-2,2
61177,86,79,7,7
61178,125,108,17,17
61179,73,64,9,9
61180,99,103,-4,4
61181,102,98,4,4
61182,101,96,5,5
61183,109,93,16,16
61184,126,114,12,12
61185,142,115,27,27
61186,62,62,0,0
61187,113,103,10,10
61188,149,119,30,30
61189,61,58,3,3
61190,66,69,-3,3
61191,122,108,14,14
61192,89,84,5,5
61193,76,74,2,2
61194,74,79,-5,5
61195,61,65,-4,4
61196,44,51,-7,7
61197,107,114,-7,7
61198,104,92,12,12
61199,109,101,8,8
61200,140,118,22,22
61201,43,51,-8,8
61202,40,40,0,0
61203,223,178,45,45
61204,95,85,10,10
61205,47,51,-4,4
61206,71,62,9,9
61207,121,98,23,23
61208,119,113,6,6
61209,135,124,11,11
61210,78,67,11,11
61211,96,81,15,15
61212,71,67,4,4
61213,71,75,-4,4
61214,108,120,-12,12
61215,64,60,4,4
61216,169,170,-1,1
61217,80,75,5,5
61218,78,75,3,3
61219,100,89,11,11
61220,90,83,7,7
61221,108,95,13,13
61222,84,81,3,3
61223,150,132,18,18
61224,91,97,-6,6
61225,55,68,-13,13
61226,83,78,5,5
61227,119,139,-20,20
61228,86,82,4,4
61229,101,99,2,2
61230,89,78,11,11
61231,80,80,0,0
61232,116,100,16,16
61233,146,137,9,9
61234,64,69,-5,5
61235,175,153,22,22
61236,139,126,13,13
61237,79,70,9,9
61238,120,107,13,13
61239,84,85,-1,1
61240,132,123,9,9
61241,71,68,3,3
61242,104,86,18,18
61243,60,60,0,0
61244,171,134,37,37
61245,93,87,6,6
61246,132,121,11,11
61247,55,56,-1,1
61248,74,56,18,18
61249,126,104,22,22
61250,75,75,0,0
61251,45,55,-10,10
61252,95,87,8,8
61253,154,128,26,26
61254,143,122,21,21
61255,111,102,9,9
61256,97,97,0,0
61257,203,202,1,1
61258,42,39,3,3
61259,49,49,0,0
61260,111,103,8,8
61261,76,64,12,12
61262,79,71,8,8
61263,70,76,-6,6
61264,57,57,0,0
61265,60,50,10,10
61266,119,113,6,6
61267,76,76,0,0
61268,72,64,8,8
61269,124,102,22,22
61270,138,107,31,31
61271,118,108,10,10
61272,119,104,15,15
61273,94,77,17,17
61274,113,123,-10,10
61275,69,81,-12,12
61276,106,92,14,14
61277,41,50,-9,9
61278,88,78,10,10
61279,124,125,-1,1
61280,51,55,-4,4
61281,70,76,-6,6
61282,112,104,8,8
61283,100,92,8,8
61284,143,125,18,18
61285,87,88,-1,1
61286,61,61,0,0
61287,64,64,0,0
61288,130,117,13,13
61289,81,75,6,6
61290,73,61,12,12
61291,47,46,1,1
61292,99,107,-8,8
61293,95,85,10,10
61294,105,98,7,7
61295,126,118,8,8
61296,108,93,15,15
61297,67,68,-1,1
61298,72,76,-4,4
61299,65,58,7,7
61300,109,99,10,10
61301,52,55,-3,3
61302,122,105,17,17
61303,59,60,-1,1
61304,117,119,-2,2
61305,79,68,11,11
61306,46,45,1,1
61307,64,72,-8,8
61308,71,79,-8,8
61309,60,59,1,1
61310,70,67,3,3
61311,114,104,10,10
61312,101,95,6,6
61313,138,129,9,9
61314,98,84,14,14
61315,92,89,3,3
61316,196,173,23,23
61317,109,104,5,5
61318,55,51,4,4
61319,166,152,14,14
61320,68,67,1,1
61321,61,62,-1,1
61322,79,76,3,3
61323,86,76,10,10
61324,90,80,10,10
61325,128,112,16,16
61326,102,96,6,6
61327,118,101,17,17
61328,86,79,7,7
61329,105,97,8,8
61330,78,72,6,6
61331,96,90,6,6
61332,38,45,-7,7
61333,96,92,4,4
61334,123,111,12,12
61335,85,77,8,8
61336,117,101,16,16
61337,78,97,-19,19
61338,131,123,8,8
61339,82,76,6,6
61340,87,84,3,3
61341,81,76,5,5
61342,59,55,4,4
61343,84,80,4,4
61344,89,89,0,0
61345,65,63,2,2
61346,131,124,7,7
61347,55,56,-1,1
61348,66,55,11,11
61349,74,69,5,5
61350,84,66,18,18
61351,110,94,16,16
61352,63,73,-10,10
61353,97,80,17,17
61354,55,62,-7,7
61355,94,90,4,4
61356,148,134,14,14
61357,110,92,18,18
61358,161,144,17,17
61359,139,121,18,18
61360,63,68,-5,5
61361,120,110,10,10
61362,79,78,1,1
61363,131,122,9,9
61364,150,122,28,28
61365,80,76,4,4
61366,37,38,-1,1
61367,116,107,9,9
61368,82,76,6,6
61369,130,119,11,11
61370,68,71,-3,3
61371,86,78,8,8
61372,90,77,13,13
61373,57,54,3,3
61374,149,128,21,21
61375,79,77,2,2
61376,126,117,9,9
61377,120,123,-3,3
61378,197,168,29,29
61379,62,56,6,6
61380,88,82,6,6
61381,144,124,20,20
61382,99,86,13,13
61383,101,109,-8,8
61384,111,94,17,17
61385,61,59,2,2
61386,85,77,8,8
61387,96,90,6,6
61388,125,116,9,9
61389,107,91,16,16
61390,136,114,22,22
61391,148,131,17,17
61392,98,97,1,1
61393,66,60,6,6
61394,95,71,24,24
61395,107,87,20,20
61396,47,54,-7,7
61397,78,75,3,3
61398,81,74,7,7
61399,72,72,0,0
61400,84,89,-5,5
61401,145,140,5,5
61402,77,71,6,6
61403,90,80,10,10
61404,131,111,20,20
61405,91,78,13,13
61406,38,60,-22,22
61407,94,86,8,8
61408,111,102,9,9
61409,145,134,11,11
61410,84,81,3,3
61411,87,73,14,14
61412,115,100,15,15
61413,95,83,12,12
61414,144,122,22,22
61415,90,79,11,11
61416,101,89,12,12
61417,91,86,5,5
61418,190,171,19,19
61419,80,77,3,3
61420,167,140,27,27
61421,83,71,12,12
61422,66,63,3,3
61423,50,51,-1,1
61424,111,103,8,8
61425,83,85,-2,2
61426,72,64,8,8
61427,73,67,6,6
61428,79,81,-2,2
61429,66,69,-3,3
61430,83,77,6,6
61431,262,226,36,36
61432,108,110,-2,2
61433,117,104,13,13
61434,98,81,17,17
61435,85,83,2,2
61436,63,59,4,4
61437,190,167,23,23
61438,85,78,7,7
61439,123,107,16,16
61440,144,130,14,14
61441,75,74,1,1
61442,97,86,11,11
61443,85,73,12,12
61444,69,64,5,5
61445,77,76,1,1
61446,61,63,-2,2
61447,75,70,5,5
61448,97,114,-17,17
61449,70,66,4,4
61450,85,78,7,7
61451,61,63,-2,2
61452,77,69,8,8
61453,58,61,-3,3
61454,83,73,10,10
61455,91,91,0,0
61456,53,56,-3,3
61457,55,51,4,4
61458,87,83,4,4
61459,80,79,1,1
61460,53,61,-8,8
61461,133,116,17,17
61462,90,90,0,0
61463,60,64,-4,4
61464,68,70,-2,2
61465,66,52,14,14
61466,112,106,6,6
61467,139,127,12,12
61468,50,52,-2,2
61469,120,115,5,5
61470,77,74,3,3
61471,81,64,17,17
61472,87,77,10,10
61473,43,44,-1,1
61474,68,60,8,8
61475,58,54,4,4
61476,120,112,8,8
61477,114,97,17,17
61478,173,147,26,26
61479,62,63,-1,1
61480,115,99,16,16
61481,213,179,34,34
61482,108,99,9,9
61483,53,63,-10,10
61484,85,72,13,13
61485,119,109,10,10
61486,74,75,-1,1
61487,93,82,11,11
61488,72,68,4,4
61489,104,84,20,20
61490,88,84,4,4
61491,56,66,-10,10
61492,139,122,17,17
61493,110,102,8,8
61494,93,79,14,14
61495,54,50,4,4
61496,83,83,0,0
61497,73,66,7,7
61498,202,166,36,36
61499,95,88,7,7
61500,51,55,-4,4
61501,141,115,26,26
61502,130,119,11,11
61503,89,89,0,0
61504,67,64,3,3
61505,92,80,12,12
61506,138,135,3,3
61507,50,50,0,0
61508,85,73,12,12
61509,118,95,23,23
61510,84,79,5,5
61511,95,85,10,10
61512,92,92,0,0
61513,141,139,2,2
61514,94,93,1,1
61515,117,112,5,5
61516,82,67,15,15
61517,73,75,-2,2
61518,108,91,17,17
61519,93,98,-5,5
61520,156,146,10,10
61521,84,80,4,4
61522,106,87,19,19
61523,91,90,1,1
61524,88,83,5,5
61525,78,68,10,10
61526,136,122,14,14
61527,59,66,-7,7
61528,94,95,-1,1
61529,100,93,7,7
61530,144,129,15,15
61531,89,102,-13,13
61532,67,69,-2,2
61533,28,31,-3,3
61534,114,103,11,11
61535,123,121,2,2
61536,85,72,13,13
61537,77,74,3,3
61538,89,99,-10,10
61539,90,82,8,8
61540,80,79,1,1
61541,114,112,2,2
61542,46,44,2,2
61543,123,108,15,15
61544,132,120,12,12
61545,106,110,-4,4
61546,93,89,4,4
61547,100,114,-14,14
61548,82,75,7,7
61549,170,162,8,8
61550,103,109,-6,6
61551,60,61,-1,1
61552,101,106,-5,5
61553,101,91,10,10
61554,106,94,12,12
61555,53,64,-11,11
61556,45,46,-1,1
61557,102,109,-7,7
61558,74,65,9,9
61559,107,107,0,0
61560,95,92,3,3
61561,96,86,10,10
61562,100,91,9,9
61563,40,51,-11,11
61564,85,76,9,9
61565,59,59,0,0
61566,107,92,15,15
61567,157,136,21,21
61568,72,74,-2,2
61569,104,87,17,17
61570,53,60,-7,7
61571,131,119,12,12
61572,147,127,20,20
61573,80,73,7,7
61574,135,122,13,13
61575,119,102,17,17
61576,128,112,16,16
61577,126,114,12,12
61578,91,76,15,15
61579,102,84,18,18
61580,55,60,-5,5
61581,69,66,3,3
61582,57,60,-3,3
61583,53,55,-2,2
61584,109,89,20,20
61585,106,84,22,22
61586,106,101,5,5
61587,128,108,20,20
61588,84,76,8,8
61589,73,72,1,1
61590,137,101,36,36
61591,96,90,6,6
61592,106,97,9,9
61593,119,109,10,10
61594,113,105,8,8
61595,138,118,20,20
61596,52,53,-1,1
61597,115,105,10,10
61598,66,65,1,1
61599,114,109,5,5
61600,46,58,-12,12
61601,108,99,9,9
61602,85,75,10,10
61603,67,60,7,7
61604,66,57,9,9
61605,76,76,0,0
61606,93,83,10,10
61607,145,144,1,1
61608,122,106,16,16
61609,88,77,11,11
61610,59,57,2,2
61611,77,76,1,1
61612,84,83,1,1
61613,71,73,-2,2
61614,93,81,12,12
61615,71,65,6,6
61616,40,46,-6,6
61617,165,143,22,22
61618,104,97,7,7
61619,54,50,4,4
61620,46,41,5,5
61621,70,66,4,4
61622,51,51,0,0
61623,86,79,7,7
61624,86,78,8,8
61625,90,81,9,9
61626,160,149,11,11
61627,119,107,12,12
61628,78,80,-2,2
61629,112,115,-3,3
61630,89,69,20,20
61631,96,94,2,2
61632,96,90,6,6
61633,96,91,5,5
61634,33,35,-2,2
61635,78,71,7,7
61636,65,55,10,10
61637,69,68,1,1
61638,85,82,3,3
61639,71,62,9,9
61640,119,99,20,20
61641,100,89,11,11
61642,102,94,8,8
61643,96,81,15,15
61644,77,70,7,7
61645,91,89,2,2
61646,175,149,26,26
61647,96,93,3,3
61648,133,115,18,18
61649,107,117,-10,10
61650,98,87,11,11
61651,94,93,1,1
61652,67,65,2,2
61653,116,111,5,5
61654,73,75,-2,2
61655,83,67,16,16
61656,75,75,0,0
61657,109,115,-6,6
61658,143,136,7,7
61659,84,82,2,2
61660,79,79,0,0
61661,104,94,10,10
61662,44,43,1,1
61663,53,50,3,3
61664,108,97,11,11
61665,86,86,0,0
61666,119,111,8,8
61667,56,39,17,17
61668,88,86,2,2
61669,118,111,7,7
61670,102,96,6,6
61671,49,51,-2,2
61672,99,89,10,10
61673,105,166,-61,61
61674,131,105,26,26
61675,78,68,10,10
61676,99,86,13,13
61677,23,31,-8,8
61678,126,116,10,10
61679,92,83,9,9
61680,85,86,-1,1
61681,61,63,-2,2
61682,137,131,6,6
61683,74,72,2,2
61684,129,115,14,14
61685,156,144,12,12
61686,72,65,7,7
61687,151,129,22,22
61688,72,62,10,10
61689,81,82,-1,1
61690,128,111,17,17
61691,136,114,22,22
61692,111,105,6,6
61693,150,142,8,8
61694,79,76,3,3
61695,124,111,13,13
61696,133,115,18,18
61697,106,108,-2,2
61698,71,72,-1,1
61699,69,63,6,6
61700,105,106,-1,1
61701,60,56,4,4
61702,97,90,7,7
61703,129,124,5,5
61704,70,65,5,5
61705,137,133,4,4
61706,110,91,19,19
61707,97,90,7,7
61708,149,155,-6,6
61709,63,63,0,0
61710,71,70,1,1
61711,108,94,14,14
61712,127,113,14,14
61713,92,91,1,1
61714,41,45,-4,4
61715,87,79,8,8
61716,95,88,7,7
61717,58,60,-2,2
61718,103,105,-2,2
61719,106,97,9,9
61720,100,97,3,3
61721,49,52,-3,3
61722,103,111,-8,8
61723,147,144,3,3
61724,110,99,11,11
61725,121,132,-11,11
61726,66,63,3,3
61727,66,64,2,2
61728,75,70,5,5
61729,127,125,2,2
61730,96,86,10,10
61731,179,151,28,28
61732,153,140,13,13
61733,89,78,11,11
61734,111,105,6,6
61735,124,98,26,26
61736,86,69,17,17
61737,98,99,-1,1
61738,82,78,4,4
61739,138,111,27,27
61740,98,79,19,19
61741,187,164,23,23
61742,141,121,20,20
61743,72,74,-2,2
61744,110,98,12,12
61745,87,85,2,2
61746,60,58,2,2
61747,71,68,3,3
61748,123,116,7,7
61749,57,60,-3,3
61750,113,111,2,2
61751,148,135,13,13
61752,73,71,2,2
61753,62,68,-6,6
61754,108,118,-10,10
61755,105,96,9,9
61756,152,112,40,40
61757,51,52,-1,1
61758,127,114,13,13
61759,31,43,-12,12
61760,68,65,3,3
61761,163,139,24,24
61762,160,138,22,22
61763,73,74,-1,1
61764,43,49,-6,6
61765,102,93,9,9
61766,91,100,-9,9
61767,136,112,24,24
61768,92,81,11,11
61769,60,61,-1,1
61770,45,51,-6,6
61771,111,99,12,12
61772,95,94,1,1
61773,100,90,10,10
61774,139,132,7,7
61775,99,87,12,12
61776,68,70,-2,2
61777,55,52,3,3
61778,110,93,17,17
61779,67,70,-3,3
61780,103,93,10,10
61781,115,104,11,11
61782,131,133,-2,2
61783,106,107,-1,1
61784,154,137,17,17
61785,104,106,-2,2
61786,91,82,9,9
61787,139,132,7,7
61788,56,58,-2,2
61789,139,124,15,15
61790,72,63,9,9
61791,144,129,15,15
61792,112,101,11,11
61793,68,62,6,6
61794,88,83,5,5
61795,79,86,-7,7
61796,104,101,3,3
61797,54,51,3,3
61798,111,93,18,18
61799,87,83,4,4
61800,185,159,26,26
61801,92,85,7,7
61802,68,71,-3,3
61803,91,83,8,8
61804,84,75,9,9
61805,82,77,5,5
61806,126,113,13,13
61807,71,71,0,0
61808,72,65,7,7
61809,137,127,10,10
61810,61,66,-5,5
61811,106,99,7,7
61812,59,51,8,8
61813,77,70,7,7
61814,149,119,30,30
61815,63,63,0,0
61816,66,66,0,0
61817,105,94,11,11
61818,85,79,6,6
61819,109,90,19,19
61820,81,82,-1,1
61821,60,61,-1,1
61822,40,43,-3,3
61823,95,84,11,11
61824,110,91,19,19
61825,68,61,7,7
61826,67,67,0,0
61827,76,72,4,4
61828,188,166,22,22
61829,59,56,3,3
61830,131,110,21,21
61831,108,99,9,9
61832,114,110,4,4
61833,108,99,9,9
61834,104,91,13,13
61835,94,88,6,6
61836,47,49,-2,2
61837,77,65,12,12
61838,80,80,0,0
61839,96,87,9,9
61840,103,96,7,7
61841,109,103,6,6
61842,66,75,-9,9
61843,98,84,14,14
61844,126,103,23,23
61845,97,103,-6,6
61846,99,89,10,10
61847,107,102,5,5
61848,129,119,10,10
61849,87,84,3,3
61850,69,65,4,4
61851,115,99,16,16
61852,99,96,3,3
61853,99,88,11,11
61854,155,152,3,3
61855,121,108,13,13
61856,123,119,4,4
61857,91,84,7,7
61858,68,73,-5,5
61859,118,99,19,19
61860,98,95,3,3
61861,108,97,11,11
61862,112,100,12,12
61863,80,69,11,11
61864,92,123,-31,31
61865,116,100,16,16
61866,56,60,-4,4
61867,127,114,13,13
61868,50,52,-2,2
61869,121,102,19,19
61870,157,143,14,14
61871,78,71,7,7
61872,85,75,10,10
61873,142,130,12,12
61874,42,44,-2,2
61875,62,64,-2,2
61876,61,64,-3,3
61877,75,73,2,2
61878,82,79,3,3
61879,107,96,11,11
61880,130,122,8,8
61881,64,68,-4,4
61882,75,70,5,5
61883,109,98,11,11
61884,65,72,-7,7
61885,112,106,6,6
61886,88,87,1,1
61887,140,122,18,18
61888,132,116,16,16
61889,108,105,3,3
61890,92,74,18,18
61891,63,59,4,4
61892,48,51,-3,3
61893,144,111,33,33
61894,104,94,10,10
61895,107,94,13,13
61896,52,62,-10,10
61897,73,71,2,2
61898,44,48,-4,4
61899,120,107,13,13
61900,87,79,8,8
61901,110,108,2,2
61902,73,70,3,3
61903,79,83,-4,4
61904,57,60,-3,3
61905,68,66,2,2
61906,81,90,-9,9
61907,63,59,4,4
61908,41,40,1,1
61909,71,63,8,8
61910,106,105,1,1
61911,105,88,17,17
61912,183,140,43,43
61913,111,110,1,1
61914,137,122,15,15
61915,51,55,-4,4
61916,40,37,3,3
61917,70,76,-6,6
61918,120,107,13,13
61919,57,61,-4,4
61920,66,62,4,4
61921,140,114,26,26
61922,71,75,-4,4
61923,96,86,10,10
61924,108,100,8,8
61925,134,136,-2,2
61926,97,90,7,7
61927,44,42,2,2
61928,49,50,-1,1
61929,63,57,6,6
61930,97,95,2,2
61931,38,36,2,2
61932,68,64,4,4
61933,114,97,17,17
61934,105,100,5,5
61935,36,33,3,3
61936,69,60,9,9
61937,101,92,9,9
61938,155,131,24,24
61939,53,67,-14,14
61940,151,133,18,18
61941,65,61,4,4
61942,64,63,1,1
61943,181,154,27,27
61944,110,105,5,5
61945,93,90,3,3
61946,183,161,22,22
61947,94,86,8,8
61948,91,86,5,5
61949,105,101,4,4
61950,51,53,-2,2
61951,76,74,2,2
61952,60,68,-8,8
61953,72,66,6,6
61954,108,98,10,10
61955,119,107,12,12
61956,98,103,-5,5
61957,119,100,19,19
61958,122,109,13,13
61959,90,86,4,4
61960,55,55,0,0
61961,62,57,5,5
61962,41,55,-14,14
61963,86,78,8,8
61964,58,60,-2,2
61965,159,148,11,11
61966,84,80,4,4
61967,101,93,8,8
61968,107,92,15,15
61969,150,133,17,17
61970,105,102,3,3
61971,83,80,3,3
61972,78,83,-5,5
61973,51,51,0,0
61974,83,87,-4,4
61975,111,106,5,5
61976,116,116,0,0
61977,124,95,29,29
61978,116,105,11,11
61979,133,119,14,14
61980,143,129,14,14
61981,102,96,6,6
61982,94,89,5,5
61983,66,62,4,4
61984,76,78,-2,2
61985,108,95,13,13
61986,69,57,12,12
61987,90,74,16,16
61988,65,72,-7,7
61989,157,145,12,12
61990,81,71,10,10
61991,116,114,2,2
61992,94,88,6,6
61993,98,107,-9,9
61994,149,129,20,20
61995,87,82,5,5
61996,124,117,7,7
61997,121,112,9,9
61998,157,135,22,22
61999,100,89,11,11
62000,129,122,7,7
62001,97,90,7,7
62002,57,54,3,3
62003,108,97,11,11
62004,64,57,7,7
62005,195,161,34,34
62006,81,72,9,9
62007,92,83,9,9
62008,139,136,3,3
62009,67,63,4,4
62010,78,81,-3,3
62011,56,57,-1,1
62012,90,83,7,7
62013,69,69,0,0
62014,109,93,16,16
62015,67,63,4,4
62016,65,67,-2,2
62017,67,73,-6,6
62018,128,108,20,20
62019,101,91,10,10
62020,103,94,9,9
62021,66,62,4,4
62022,78,77,1,1
62023,121,106,15,15
62024,99,98,1,1
62025,69,58,11,11
62026,64,64,0,0
62027,66,64,2,2
62028,76,74,2,2
62029,91,85,6,6
62030,49,54,-5,5
62031,222,172,50,50
62032,71,61,10,10
62033,155,141,14,14
62034,80,77,3,3
62035,94,72,22,22
62036,70,65,5,5
62037,106,97,9,9
62038,81,78,3,3
62039,90,75,15,15
62040,73,70,3,3
62041,65,58,7,7
62042,71,72,-1,1
62043,140,114,26,26
62044,109,106,3,3
62045,72,67,5,5
62046,95,98,-3,3
62047,92,79,13,13
62048,104,103,1,1
62049,74,70,4,4
62050,102,96,6,6
62051,75,76,-1,1
62052,100,89,11,11
62053,111,110,1,1
62054,52,51,1,1
62055,79,66,13,13
62056,99,88,11,11
62057,140,132,8,8
62058,181,171,10,10
62059,106,95,11,11
62060,59,51,8,8
62061,129,113,16,16
62062,95,108,-13,13
62063,50,51,-1,1
62064,71,64,7,7
62065,46,58,-12,12
62066,103,103,0,0
62067,82,79,3,3
62068,114,100,14,14
62069,114,104,10,10
62070,92,88,4,4
62071,74,74,0,0
62072,102,95,7,7
62073,104,95,9,9
62074,86,76,10,10
62075,51,68,-17,17
62076,86,79,7,7
62077,78,76,2,2
62078,99,97,2,2
62079,95,85,10,10
62080,82,78,4,4
62081,111,108,3,3
62082,129,107,22,22
62083,90,103,-13,13
62084,139,124,15,15
62085,72,76,-4,4
62086,55,56,-1,1
62087,165,143,22,22
62088,115,110,5,5
62089,61,68,-7,7
62090,84,76,8,8
62091,136,125,11,11
62092,83,74,9,9
62093,27,56,-29,29
62094,108,100,8,8
62095,147,125,22,22
62096,120,112,8,8
62097,73,79,-6,6
62098,60,65,-5,5
62099,123,119,4,4
62100,89,84,5,5
62101,73,64,9,9
62102,64,64,0,0
62103,62,62,0,0
62104,100,91,9,9
62105,100,85,15,15
62106,48,60,-12,12
62107,119,105,14,14
62108,53,54,-1,1
62109,142,135,7,7
62110,58,56,2,2
62111,100,101,-1,1
62112,77,74,3,3
62113,71,80,-9,9
62114,126,116,10,10
62115,50,51,-1,1
62116,205,157,48,48
62117,60,62,-2,2
62118,91,84,7,7
62119,70,72,-2,2
62120,90,89,1,1
62121,159,139,20,20
62122,75,72,3,3
62123,116,88,28,28
62124,109,107,2,2
62125,143,127,16,16
62126,112,96,16,16
62127,84,81,3,3
62128,170,161,9,9
62129,150,140,10,10
62130,109,96,13,13
62131,161,139,22,22
62132,99,98,1,1
62133,127,104,23,23
62134,62,53,9,9
62135,133,118,15,15
62136,101,103,-2,2
62137,127,112,15,15
62138,89,81,8,8
62139,95,85,10,10
62140,150,131,19,19
62141,49,51,-2,2
62142,92,87,5,5
62143,92,85,7,7
62144,38,49,-11,11
62145,145,140,5,5
62146,156,149,7,7
62147,125,115,10,10
62148,51,51,0,0
62149,134,104,30,30
62150,92,99,-7,7
62151,85,89,-4,4
62152,60,57,3,3
62153,67,67,0,0
62154,99,101,-2,2
62155,159,148,11,11
62156,86,87,-1,1
62157,75,53,22,22
62158,42,40,2,2
62159,71,73,-2,2
62160,136,127,9,9
62161,67,73,-6,6
62162,112,102,10,10
62163,71,70,1,1
62164,48,58,-10,10
62165,139,129,10,10
62166,114,140,-26,26
62167,48,45,3,3
62168,86,82,4,4
62169,119,106,13,13
62170,94,87,7,7
62171,105,100,5,5
62172,104,89,15,15
62173,85,82,3,3
62174,66,60,6,6
62175,93,83,10,10
62176,88,88,0,0
62177,67,65,2,2
62178,91,94,-3,3
62179,110,102,8,8
62180,80,71,9,9
62181,98,100,-2,2
62182,126,115,11,11
62183,52,58,-6,6
62184,63,66,-3,3
62185,91,91,0,0
62186,103,98,5,5
62187,68,65,3,3
62188,73,77,-4,4
62189,95,92,3,3
62190,100,91,9,9
62191,111,93,18,18
62192,100,99,1,1
62193,75,74,1,1
62194,84,84,0,0
62195,75,75,0,0
62196,139,118,21,21
62197,105,102,3,3
62198,84,88,-4,4
62199,137,116,21,21
62200,65,90,-25,25
62201,97,86,11,11
62202,78,77,1,1
62203,122,118,4,4
62204,72,75,-3,3
62205,80,91,-11,11
62206,132,113,19,19
62207,113,101,12,12
62208,121,110,11,11
62209,72,70,2,2
62210,95,95,0,0
62211,124,113,11,11
62212,122,111,11,11
62213,152,140,12,12
62214,105,93,12,12
62215,103,102,1,1
62216,111,96,15,15
62217,60,51,9,9
62218,75,88,-13,13
62219,69,69,0,0
62220,85,74,11,11
62221,91,92,-1,1
62222,106,89,17,17
62223,76,80,-4,4
62224,43,49,-6,6
62225,65,62,3,3
62226,180,166,14,14
62227,38,54,-16,16
62228,86,80,6,6
62229,77,72,5,5
62230,110,105,5,5
62231,111,105,6,6
62232,134,118,16,16
62233,123,119,4,4
62234,67,65,2,2
62235,77,77,0,0
62236,95,97,-2,2
62237,94,85,9,9
62238,131,119,12,12
62239,88,96,-8,8
62240,130,117,13,13
62241,78,74,4,4
62242,98,92,6,6
62243,66,63,3,3
62244,63,63,0,0
62245,85,77,8,8
62246,82,78,4,4
62247,82,84,-2,2
62248,104,96,8,8
62249,120,110,10,10
62250,68,67,1,1
62251,108,102,6,6
62252,101,90,11,11
62253,102,92,10,10
62254,161,152,9,9
62255,48,51,-3,3
62256,82,84,-2,2
62257,134,122,12,12
62258,102,90,12,12
62259,47,51,-4,4
62260,101,75,26,26
62261,103,92,11,11
62262,158,133,25,25
62263,79,78,1,1
62264,126,114,12,12
62265,72,73,-1,1
62266,103,96,7,7
62267,86,90,-4,4
62268,73,78,-5,5
62269,150,133,17,17
62270,69,62,7,7
62271,89,80,9,9
62272,102,89,13,13
62273,89,83,6,6
62274,92,89,3,3
62275,91,81,10,10
62276,69,67,2,2
62277,31,42,-11,11
62278,62,52,10,10
62279,74,75,-1,1
62280,73,65,8,8
62281,92,76,16,16
62282,68,68,0,0
62283,121,105,16,16
62284,160,148,12,12
62285,124,114,10,10
62286,71,65,6,6
62287,98,81,17,17
62288,85,79,6,6
62289,93,81,12,12
62290,87,75,12,12
62291,210,167,43,43
62292,74,71,3,3
62293,84,83,1,1
62294,141,129,12,12
62295,68,66,2,2
62296,118,110,8,8
62297,75,75,0,0
62298,150,134,16,16
62299,162,145,17,17
62300,59,54,5,5
62301,82,77,5,5
62302,118,102,16,16
62303,94,93,1,1
62304,75,86,-11,11
62305,71,68,3,3
62306,131,114,17,17
62307,120,104,16,16
62308,91,87,4,4
62309,112,98,14,14
62310,145,133,12,12
62311,93,79,14,14
62312,93,84,9,9
62313,89,73,16,16
62314,110,96,14,14
62315,78,74,4,4
62316,80,76,4,4
62317,133,123,10,10
62318,50,45,5,5
62319,82,78,4,4
62320,145,118,27,27
62321,126,101,25,25
62322,105,94,11,11
62323,159,147,12,12
62324,118,115,3,3
62325,142,128,14,14
62326,108,93,15,15
62327,110,103,7,7
62328,106,89,17,17
62329,119,111,8,8
62330,90,86,4,4
62331,68,69,-1,1
62332,119,105,14,14
62333,162,139,23,23
62334,76,74,2,2
62335,89,78,11,11
62336,57,58,-1,1
62337,79,76,3,3
62338,72,74,-2,2
62339,110,92,18,18
62340,82,74,8,8
62341,76,67,9,9
62342,68,71,-3,3
62343,79,97,-18,18
62344,64,65,-1,1
62345,151,127,24,24
62346,64,63,1,1
62347,110,97,13,13
62348,78,69,9,9
62349,123,116,7,7
62350,118,108,10,10
62351,58,62,-4,4
62352,140,123,17,17
62353,128,107,21,21
62354,57,51,6,6
62355,101,97,4,4
62356,106,93,13,13
62357,71,74,-3,3
62358,61,56,5,5
62359,187,150,37,37
62360,123,104,19,19
62361,64,60,4,4
62362,59,59,0,0
62363,83,79,4,4
62364,68,69,-1,1
62365,83,73,10,10
62366,111,97,14,14
62367,86,90,-4,4
62368,87,81,6,6
62369,97,87,10,10
62370,76,76,0,0
62371,91,87,4,4
62372,169,143,26,26
62373,51,50,1,1
62374,57,70,-13,13
62375,168,159,9,9
62376,93,70,23,23
62377,93,84,9,9
62378,98,81,17,17
62379,76,82,-6,6
62380,142,124,18,18
62381,60,61,-1,1
62382,118,105,13,13
62383,40,56,-16,16
62384,68,61,7,7
62385,75,65,10,10
62386,97,89,8,8
62387,124,116,8,8
62388,68,61,7,7
62389,89,83,6,6
62390,109,101,8,8
62391,53,51,2,2
62392,112,102,10,10
62393,140,134,6,6
62394,113,98,15,15
62395,105,108,-3,3
62396,69,64,5,5
62397,98,112,-14,14
62398,150,135,15,15
62399,93,88,5,5
62400,117,116,1,1
62401,44,44,0,0
62402,65,55,10,10
62403,78,68,10,10
62404,149,137,12,12
62405,75,71,4,4
62406,82,77,5,5
62407,93,82,11,11
62408,129,120,9,9
62409,46,51,-5,5
62410,56,50,6,6
62411,99,80,19,19
62412,31,48,-17,17
62413,113,105,8,8
62414,167,156,11,11
62415,113,108,5,5
62416,171,159,12,12
62417,71,70,1,1
62418,103,96,7,7
62419,76,75,1,1
62420,64,54,10,10
62421,105,100,5,5
62422,176,157,19,19
62423,127,109,18,18
62424,118,99,19,19
62425,88,91,-3,3
62426,133,123,10,10
62427,84,88,-4,4
62428,108,103,5,5
62429,72,67,5,5
62430,128,115,13,13
62431,36,42,-6,6
62432,116,97,19,19
62433,105,101,4,4
62434,85,83,2,2
62435,48,51,-3,3
62436,142,118,24,24
62437,78,61,17,17
62438,72,74,-2,2
62439,255,221,34,34
62440,113,108,5,5
62441,98,85,13,13
62442,143,120,23,23
62443,85,100,-15,15
62444,111,105,6,6
62445,106,96,10,10
62446,111,105,6,6
62447,84,75,9,9
62448,74,74,0,0
62449,87,86,1,1
62450,133,123,10,10
62451,111,109,2,2
62452,78,74,4,4
62453,83,83,0,0
62454,117,97,20,20
62455,97,88,9,9
62456,127,122,5,5
62457,66,64,2,2
62458,124,108,16,16
62459,72,69,3,3
62460,108,88,20,20
62461,124,116,8,8
62462,137,110,27,27
62463,84,81,3,3
62464,175,161,14,14
62465,32,31,1,1
62466,127,104,23,23
62467,139,130,9,9
62468,84,99,-15,15
62469,138,137,1,1
62470,147,140,7,7
62471,49,53,-4,4
62472,87,80,7,7
62473,71,70,1,1
62474,89,73,16,16
62475,122,115,7,7
62476,110,108,2,2
62477,112,105,7,7
62478,161,133,28,28
62479,78,82,-4,4
62480,84,81,3,3
62481,96,81,15,15
62482,83,79,4,4
62483,166,137,29,29
62484,69,62,7,7
62485,48,46,2,2
62486,84,68,16,16
62487,113,91,22,22
62488,89,86,3,3
62489,51,54,-3,3
62490,101,95,6,6
62491,70,63,7,7
62492,107,93,14,14
62493,99,88,11,11
62494,142,124,18,18
62495,123,105,18,18
62496,81,75,6,6
62497,60,56,4,4
62498,139,119,20,20
62499,93,85,8,8
62500,123,123,0,0
62501,101,75,26,26
62502,128,118,10,10
62503,72,70,2,2
62504,134,111,23,23
62505,89,84,5,5
62506,162,142,20,20
62507,129,104,25,25
62508,97,89,8,8
62509,63,70,-7,7
62510,88,86,2,2
62511,47,50,-3,3
62512,163,142,21,21
62513,169,161,8,8
62514,88,79,9,9
62515,116,107,9,9
62516,68,68,0,0
62517,66,67,-1,1
62518,75,74,1,1
62519,79,80,-1,1
62520,132,123,9,9
62521,64,66,-2,2
62522,154,137,17,17
62523,159,118,41,41
62524,97,93,4,4
62525,151,133,18,18
62526,64,63,1,1
62527,86,72,14,14
62528,86,99,-13,13
62529,105,97,8,8
62530,135,127,8,8
62531,78,81,-3,3
62532,180,147,33,33
62533,126,109,17,17
62534,115,109,6,6
62535,95,99,-4,4
62536,123,102,21,21
62537,49,52,-3,3
62538,94,93,1,1
62539,170,152,18,18
62540,92,83,9,9
62541,101,99,2,2
62542,93,89,4,4
62543,123,127,-4,4
62544,83,71,12,12
62545,122,101,21,21
62546,109,114,-5,5
62547,67,55,12,12
62548,59,60,-1,1
62549,79,69,10,10
62550,82,81,1,1
62551,69,67,2,2
62552,83,83,0,0
62553,116,102,14,14
62554,202,164,38,38
62555,92,94,-2,2
62556,95,87,8,8
62557,104,99,5,5
62558,124,110,14,14
62559,203,171,32,32
62560,95,88,7,7
62561,131,118,13,13
62562,42,43,-1,1
62563,106,82,24,24
62564,40,43,-3,3
62565,81,78,3,3
62566,125,107,18,18
62567,82,78,4,4
62568,121,106,15,15
62569,85,89,-4,4
62570,104,87,17,17
62571,82,74,8,8
62572,76,68,8,8
62573,60,60,0,0
62574,91,72,19,19
62575,96,79,17,17
62576,118,108,10,10
62577,101,88,13,13
62578,140,131,9,9
62579,153,138,15,15
62580,115,116,-1,1
62581,38,55,-17,17
62582,74,73,1,1
62583,28,57,-29,29
62584,65,66,-1,1
62585,113,111,2,2
62586,109,104,5,5
62587,93,86,7,7
62588,87,78,9,9
62589,54,55,-1,1
62590,125,108,17,17
62591,141,128,13,13
62592,114,113,1,1
62593,122,111,11,11
62594,138,129,9,9
62595,98,88,10,10
62596,84,77,7,7
62597,118,108,10,10
62598,114,104,10,10
62599,69,70,-1,1
62600,47,57,-10,10
62601,72,59,13,13
62602,72,60,12,12
62603,85,81,4,4
62604,48,50,-2,2
62605,96,86,10,10
62606,90,83,7,7
62607,99,85,14,14
62608,122,117,5,5
62609,60,62,-2,2
62610,80,83,-3,3
62611,79,79,0,0
62612,54,52,2,2
62613,90,87,3,3
62614,84,83,1,1
62615,98,93,5,5
62616,106,97,9,9
62617,70,74,-4,4
62618,93,79,14,14
62619,81,74,7,7
62620,108,96,12,12
62621,66,63,3,3
62622,92,83,9,9
62623,58,51,7,7
62624,80,73,7,7
62625,72,72,0,0
62626,92,81,11,11
62627,114,112,2,2
62628,149,126,23,23
62629,85,76,9,9
62630,61,51,10,10
62631,104,89,15,15
62632,100,87,13,13
62633,132,119,13,13
62634,132,116,16,16
62635,114,94,20,20
62636,89,86,3,3
62637,52,51,1,1
62638,51,49,2,2
62639,109,105,4,4
62640,112,112,0,0
62641,80,72,8,8
62642,158,162,-4,4
62643,103,86,17,17
62644,59,59,0,0
62645,118,103,15,15
62646,114,103,11,11
62647,101,91,10,10
62648,64,63,1,1
62649,75,71,4,4
62650,110,89,21,21
62651,168,166,2,2
62652,109,92,17,17
62653,106,97,9,9
62654,32,75,-43,43
62655,86,85,1,1
62656,185,136,49,49
62657,125,123,2,2
62658,48,51,-3,3
62659,128,120,8,8
62660,138,132,6,6
62661,75,68,7,7
62662,84,97,-13,13
62663,115,94,21,21
62664,58,68,-10,10
62665,97,90,7,7
62666,152,128,24,24
62667,94,92,2,2
62668,114,106,8,8
62669,130,127,3,3
62670,61,58,3,3
62671,185,154,31,31
62672,110,101,9,9
62673,58,57,1,1
62674,79,77,2,2
62675,79,73,6,6
62676,93,83,10,10
62677,129,119,10,10
62678,134,118,16,16
62679,98,96,2,2
62680,162,148,14,14
62681,83,79,4,4
62682,107,88,19,19
62683,98,100,-2,2
62684,131,110,21,21
62685,57,51,6,6
62686,153,127,26,26
62687,126,115,11,11
62688,89,84,5,5
62689,68,63,5,5
62690,131,111,20,20
62691,68,75,-7,7
62692,94,82,12,12
62693,135,116,19,19
62694,96,91,5,5
62695,95,97,-2,2
62696,90,82,8,8
62697,55,56,-1,1
62698,108,106,2,2
62699,36,39,-3,3
62700,73,66,7,7
62701,73,78,-5,5
62702,102,91,11,11
62703,52,51,1,1
62704,22,53,-31,31
62705,102,85,17,17
62706,136,112,24,24
62707,83,79,4,4
62708,76,72,4,4
62709,135,124,11,11
62710,116,112,4,4
62711,69,68,1,1
62712,42,47,-5,5
62713,86,72,14,14
62714,131,114,17,17
62715,119,105,14,14
62716,65,62,3,3
62717,100,99,1,1
62718,65,65,0,0
62719,73,70,3,3
62720,63,61,2,2
62721,115,140,-25,25
62722,164,140,24,24
62723,146,136,10,10
62724,64,63,1,1
62725,101,91,10,10
62726,124,110,14,14
62727,74,76,-2,2
62728,92,76,16,16
62729,90,83,7,7
62730,93,87,6,6
62731,76,77,-1,1
62732,133,126,7,7
62733,54,56,-2,2
62734,147,115,32,32
62735,107,103,4,4
62736,132,108,24,24
62737,129,109,20,20
62738,95,85,10,10
62739,78,84,-6,6
62740,93,84,9,9
62741,85,87,-2,2
62742,138,144,-6,6
62743,106,100,6,6
62744,45,49,-4,4
62745,50,55,-5,5
62746,55,45,10,10
62747,44,52,-8,8
62748,70,66,4,4
62749,125,112,13,13
62750,82,78,4,4
62751,80,76,4,4
62752,120,109,11,11
62753,100,91,9,9
62754,70,64,6,6
62755,65,62,3,3
62756,96,95,1,1
62757,93,86,7,7
62758,106,92,14,14
62759,168,141,27,27
62760,169,148,21,21
62761,95,84,11,11
62762,95,90,5,5
62763,81,72,9,9
62764,65,65,0,0
62765,64,76,-12,12
62766,62,71,-9,9
62767,119,108,11,11
62768,93,83,10,10
62769,77,70,7,7
62770,141,128,13,13
62771,66,64,2,2
62772,76,85,-9,9
62773,148,132,16,16
62774,57,68,-11,11
62775,78,56,22,22
62776,134,106,28,28
62777,133,117,16,16
62778,66,62,4,4
62779,75,68,7,7
62780,97,87,10,10
62781,131,112,19,19
62782,171,151,20,20
62783,222,185,37,37
62784,102,98,4,4
62785,60,59,1,1
62786,144,135,9,9
62787,43,47,-4,4
62788,82,74,8,8
62789,84,79,5,5
62790,92,91,1,1
62791,94,72,22,22
62792,179,163,16,16
62793,119,111,8,8
62794,61,64,-3,3
62795,93,94,-1,1
62796,53,52,1,1
62797,142,130,12,12
62798,69,65,4,4
62799,90,88,2,2
62800,139,127,12,12
62801,90,103,-13,13
62802,56,53,3,3
62803,113,110,3,3
62804,91,82,9,9
62805,86,80,6,6
62806,111,99,12,12
62807,74,65,9,9
62808,139,119,20,20
62809,96,82,14,14
62810,105,93,12,12
62811,139,128,11,11
62812,61,62,-1,1
62813,70,70,0,0
62814,70,73,-3,3
62815,61,57,4,4
62816,127,124,3,3
62817,92,93,-1,1
62818,120,103,17,17
62819,52,52,0,0
62820,86,81,5,5
62821,62,57,5,5
62822,101,114,-13,13
62823,85,95,-10,10
62824,96,95,1,1
62825,105,98,7,7
62826,122,112,10,10
62827,116,106,10,10
62828,98,79,19,19
62829,154,133,21,21
62830,100,88,12,12
62831,164,144,20,20
62832,162,144,18,18
62833,136,129,7,7
62834,62,66,-4,4
62835,178,156,22,22
62836,109,87,22,22
62837,121,98,23,23
62838,108,114,-6,6
62839,84,83,1,1
62840,131,109,22,22
62841,122,102,20,20
62842,64,71,-7,7
62843,84,80,4,4
62844,72,69,3,3
62845,185,154,31,31
62846,77,73,4,4
62847,137,143,-6,6
62848,93,96,-3,3
62849,86,89,-3,3
62850,144,118,26,26
62851,78,80,-2,2
62852,61,63,-2,2
62853,129,110,19,19
62854,52,62,-10,10
62855,195,171,24,24
62856,87,84,3,3
62857,101,97,4,4
62858,103,97,6,6
62859,169,152,17,17
62860,104,96,8,8
62861,80,72,8,8
62862,40,54,-14,14
62863,90,89,1,1
62864,89,88,1,1
62865,105,95,10,10
62866,86,87,-1,1
62867,133,117,16,16
62868,89,81,8,8
62869,64,59,5,5
62870,94,97,-3,3
62871,86,88,-2,2
62872,128,113,15,15
62873,53,56,-3,3
62874,91,75,16,16
62875,74,67,7,7
62876,64,62,2,2
62877,81,68,13,13
62878,66,66,0,0
62879,76,65,11,11
62880,91,84,7,7
62881,76,71,5,5
62882,109,92,17,17
62883,77,69,8,8
62884,76,73,3,3
62885,110,92,18,18
62886,88,80,8,8
62887,120,105,15,15
62888,127,117,10,10
62889,106,103,3,3
62890,201,176,25,25
62891,111,103,8,8
62892,231,192,39,39
62893,59,61,-2,2
62894,150,132,18,18
62895,141,122,19,19
62896,62,56,6,6
62897,191,175,16,16
62898,119,110,9,9
62899,72,76,-4,4
62900,103,96,7,7
62901,79,80,-1,1
62902,106,100,6,6
62903,104,111,-7,7
62904,88,88,0,0
62905,78,79,-1,1
62906,81,85,-4,4
62907,98,96,2,2
62908,123,113,10,10
62909,142,130,12,12
62910,74,68,6,6
62911,163,141,22,22
62912,102,85,17,17
62913,60,58,2,2
62914,133,106,27,27
62915,59,59,0,0
62916,47,53,-6,6
62917,86,85,1,1
62918,124,107,17,17
62919,28,31,-3,3
62920,59,62,-3,3
62921,124,125,-1,1
62922,105,95,10,10
62923,103,89,14,14
62924,80,76,4,4
62925,82,75,7,7
62926,84,76,8,8
62927,128,119,9,9
62928,101,98,3,3
62929,72,67,5,5
62930,89,75,14,14
62931,119,109,10,10
62932,181,160,21,21
62933,146,132,14,14
62934,58,58,0,0
62935,80,69,11,11
62936,37,42,-5,5
62937,45,54,-9,9
62938,95,100,-5,5
62939,108,98,10,10
62940,79,69,10,10
62941,85,72,13,13
62942,53,62,-9,9
62943,211,178,33,33
62944,103,93,10,10
62945,77,72,5,5
62946,75,70,5,5
62947,95,91,4,4
62948,102,88,14,14
62949,77,74,3,3
62950,54,52,2,2
62951,110,98,12,12
62952,121,107,14,14
62953,89,72,17,17
62954,93,92,1,1
62955,44,49,-5,5
62956,84,89,-5,5
62957,135,117,18,18
62958,66,60,6,6
62959,104,106,-2,2
62960,141,122,19,19
62961,98,86,12,12
62962,90,91,-1,1
62963,115,103,12,12
62964,109,104,5,5
62965,69,71,-2,2
62966,64,56,8,8
62967,185,157,28,28
62968,114,103,11,11
62969,191,155,36,36
62970,49,50,-1,1
62971,83,83,0,0
62972,100,93,7,7
62973,98,84,14,14
62974,69,75,-6,6
62975,103,86,17,17
62976,148,145,3,3
62977,81,72,9,9
62978,151,138,13,13
62979,70,57,13,13
62980,88,79,9,9
62981,93,91,2,2
62982,60,76,-16,16
62983,88,76,12,12
62984,63,64,-1,1
62985,92,79,13,13
62986,108,105,3,3
62987,78,87,-9,9
62988,156,134,22,22
62989,63,61,2,2
62990,58,56,2,2
62991,38,39,-1,1
62992,107,94,13,13
62993,101,90,11,11
62994,65,60,5,5
62995,120,113,7,7
62996,101,86,15,15
62997,106,89,17,17
62998,72,67,5,5
62999,127,110,17,17
63000,65,67,-2,2
63001,126,105,21,21
63002,113,103,10,10
63003,104,105,-1,1
63004,152,132,20,20
63005,57,58,-1,1
63006,83,73,10,10
63007,101,96,5,5
63008,81,77,4,4
63009,54,63,-9,9
63010,80,75,5,5
63011,83,84,-1,1
63012,31,36,-5,5
63013,64,63,1,1
63014,159,150,9,9
63015,133,121,12,12
63016,116,114,2,2
63017,57,52,5,5
63018,99,90,9,9
63019,62,55,7,7
63020,90,81,9,9
63021,117,107,10,10
63022,142,121,21,21
63023,177,153,24,24
63024,59,57,2,2
63025,89,94,-5,5
63026,69,64,5,5
63027,63,68,-5,5
63028,46,69,-23,23
63029,136,132,4,4
63030,105,109,-4,4
63031,127,125,2,2
63032,66,70,-4,4
63033,138,129,9,9
63034,71,68,3,3
63035,97,91,6,6
63036,112,107,5,5
63037,77,77,0,0
63038,57,57,0,0
63039,84,84,0,0
63040,85,75,10,10
63041,111,96,15,15
63042,123,110,13,13
63043,110,108,2,2
63044,114,109,5,5
63045,111,127,-16,16
63046,71,77,-6,6
63047,93,82,11,11
63048,343,287,56,56
63049,72,69,3,3
63050,186,149,37,37
63051,62,61,1,1
63052,79,76,3,3
63053,129,122,7,7
63054,121,129,-8,8
63055,105,95,10,10
63056,157,137,20,20
63057,115,99,16,16
63058,78,71,7,7
63059,179,173,6,6
63060,80,76,4,4
63061,113,111,2,2
63062,87,85,2,2
63063,95,91,4,4
63064,95,94,1,1
63065,104,95,9,9
63066,88,83,5,5
63067,61,65,-4,4
63068,63,54,9,9
63069,87,98,-11,11
63070,157,152,5,5
63071,92,114,-22,22
63072,53,51,2,2
63073,128,110,18,18
63074,114,103,11,11
63075,95,84,11,11
63076,102,95,7,7
63077,120,113,7,7
63078,110,111,-1,1
63079,207,175,32,32
63080,103,93,10,10
63081,55,52,3,3
63082,98,90,8,8
63083,99,94,5,5
63084,94,91,3,3
63085,82,84,-2,2
63086,60,79,-19,19
63087,95,94,1,1
63088,113,96,17,17
63089,113,105,8,8
63090,105,91,14,14
63091,80,60,20,20
63092,104,105,-1,1
63093,97,91,6,6
63094,62,62,0,0
63095,62,71,-9,9
63096,85,86,-1,1
63097,114,107,7,7
63098,72,62,10,10
63099,82,73,9,9
63100,94,81,13,13
63101,90,87,3,3
63102,110,93,17,17
63103,90,81,9,9
63104,80,78,2,2
63105,109,93,16,16
63106,61,63,-2,2
63107,185,165,20,20
63108,117,108,9,9
63109,139,127,12,12
63110,56,57,-1,1
63111,74,67,7,7
63112,107,107,0,0
63113,78,83,-5,5
63114,51,51,0,0
63115,87,82,5,5
63116,114,102,12,12
63117,83,78,5,5
63118,137,119,18,18
63119,117,105,12,12
63120,87,88,-1,1
63121,69,70,-1,1
63122,86,84,2,2
63123,150,138,12,12
63124,162,143,19,19
63125,87,81,6,6
63126,68,65,3,3
63127,68,65,3,3
63128,126,97,29,29
63129,109,95,14,14
63130,106,109,-3,3
63131,114,103,11,11
63132,136,132,4,4
63133,128,107,21,21
63134,109,107,2,2
63135,114,109,5,5
63136,102,98,4,4
63137,144,122,22,22
63138,52,50,2,2
63139,73,78,-5,5
63140,116,105,11,11
63141,111,90,21,21
63142,106,102,4,4
63143,125,114,11,11
63144,119,96,23,23
63145,77,75,2,2
63146,78,71,7,7
63147,62,60,2,2
63148,80,82,-2,2
63149,101,99,2,2
63150,130,121,9,9
63151,165,138,27,27
63152,88,73,15,15
63153,97,99,-2,2
63154,125,108,17,17
63155,55,56,-1,1
63156,76,77,-1,1
63157,124,119,5,5
63158,82,78,4,4
63159,60,63,-3,3
63160,107,97,10,10
63161,109,103,6,6
63162,162,142,20,20
63163,95,105,-10,10
63164,54,52,2,2
63165,125,115,10,10
63166,107,92,15,15
63167,74,65,9,9
63168,155,140,15,15
63169,77,78,-1,1
63170,80,71,9,9
63171,122,118,4,4
63172,71,74,-3,3
63173,112,96,16,16
63174,61,62,-1,1
63175,88,87,1,1
63176,171,141,30,30
63177,98,85,13,13
63178,59,61,-2,2
63179,150,138,12,12
63180,94,88,6,6
63181,112,105,7,7
63182,113,88,25,25
63183,92,86,6,6
63184,121,115,6,6
63185,101,90,11,11
63186,82,76,6,6
63187,125,102,23,23
63188,74,68,6,6
63189,68,64,4,4
63190,104,102,2,2
63191,80,73,7,7
63192,101,85,16,16
63193,96,97,-1,1
63194,96,88,8,8
63195,79,81,-2,2
63196,75,72,3,3
63197,121,111,10,10
63198,173,149,24,24
63199,123,108,15,15
63200,124,110,14,14
63201,123,110,13,13
63202,129,123,6,6
63203,119,98,21,21
63204,107,103,4,4
63205,117,101,16,16
63206,74,74,0,0
63207,72,74,-2,2
63208,92,94,-2,2
63209,102,89,13,13
63210,123,126,-3,3
63211,119,115,4,4
63212,71,72,-1,1
63213,64,68,-4,4
63214,108,98,10,10
63215,140,118,22,22
63216,90,85,5,5
63217,128,109,19,19
63218,99,95,4,4
63219,82,89,-7,7
63220,156,141,15,15
63221,137,123,14,14
63222,78,68,10,10
63223,95,91,4,4
63224,82,90,-8,8
63225,90,88,2,2
63226,64,61,3,3
63227,73,74,-1,1
63228,53,62,-9,9
63229,123,114,9,9
63230,62,65,-3,3
63231,92,92,0,0
63232,123,108,15,15
63233,125,108,17,17
63234,41,42,-1,1
63235,187,162,25,25
63236,91,84,7,7
63237,76,74,2,2
63238,176,150,26,26
63239,93,91,2,2
63240,87,83,4,4
63241,89,87,2,2
63242,88,76,12,12
63243,99,87,12,12
63244,134,110,24,24
63245,95,88,7,7
63246,105,99,6,6
63247,42,53,-11,11
63248,96,84,12,12
63249,50,61,-11,11
63250,63,61,2,2
63251,95,98,-3,3
63252,99,89,10,10
63253,109,112,-3,3
63254,133,112,21,21
63255,90,76,14,14
63256,71,69,2,2
63257,58,68,-10,10
63258,173,156,17,17
63259,77,69,8,8
63260,88,58,30,30
63261,72,68,4,4
63262,116,102,14,14
63263,61,61,0,0
63264,94,79,15,15
63265,117,114,3,3
63266,114,105,9,9
63267,147,129,18,18
63268,125,109,16,16
63269,100,94,6,6
63270,101,85,16,16
63271,112,106,6,6
63272,94,78,16,16
63273,119,103,16,16
63274,154,139,15,15
63275,82,78,4,4
63276,58,62,-4,4
63277,131,103,28,28
63278,82,84,-2,2
63279,96,89,7,7
63280,80,69,11,11
63281,118,114,4,4
63282,51,60,-9,9
63283,164,149,15,15
63284,77,96,-19,19
63285,144,134,10,10
63286,132,127,5,5
63287,89,82,7,7
63288,78,66,12,12
63289,51,57,-6,6
63290,100,98,2,2
63291,108,100,8,8
63292,143,118,25,25
63293,88,80,8,8
63294,67,64,3,3
63295,121,118,3,3
63296,90,78,12,12
63297,65,63,2,2
63298,79,75,4,4
63299,144,125,19,19
63300,55,48,7,7
63301,78,77,1,1
63302,82,88,-6,6
63303,78,73,5,5
63304,160,149,11,11
63305,89,77,12,12
63306,101,100,1,1
63307,114,95,19,19
63308,86,74,12,12
63309,155,142,13,13
63310,105,102,3,3
63311,76,70,6,6
63312,149,129,20,20
63313,99,102,-3,3
63314,120,102,18,18
63315,69,67,2,2
63316,102,95,7,7
63317,59,56,3,3
63318,54,60,-6,6
63319,107,92,15,15
63320,60,58,2,2
63321,70,62,8,8
63322,219,198,21,21
63323,83,77,6,6
63324,68,64,4,4
63325,89,86,3,3
63326,68,72,-4,4
63327,108,104,4,4
63328,94,95,-1,1
63329,90,87,3,3
63330,171,149,22,22
63331,35,33,2,2
63332,39,36,3,3
63333,80,108,-28,28
63334,69,66,3,3
63335,109,103,6,6
63336,112,112,0,0
63337,127,120,7,7
63338,87,82,5,5
63339,60,116,-56,56
63340,67,71,-4,4
63341,151,131,20,20
63342,115,102,13,13
63343,86,86,0,0
63344,97,80,17,17
63345,128,110,18,18
63346,137,114,23,23
63347,102,95,7,7
63348,76,77,-1,1
63349,33,31,2,2
63350,89,84,5,5
63351,68,63,5,5
63352,55,55,0,0
63353,104,99,5,5
63354,98,94,4,4
63355,67,62,5,5
63356,103,90,13,13
63357,87,81,6,6
63358,92,85,7,7
63359,97,79,18,18
63360,144,129,15,15
63361,94,102,-8,8
63362,95,80,15,15
63363,131,109,22,22
63364,102,87,15,15
63365,132,123,9,9
63366,83,81,2,2
63367,127,119,8,8
63368,71,66,5,5
63369,86,81,5,5
63370,202,169,33,33
63371,181,158,23,23
63372,129,118,11,11
63373,112,100,12,12
63374,118,106,12,12
63375,46,40,6,6
63376,120,98,22,22
63377,55,63,-8,8
63378,141,124,17,17
63379,92,82,10,10
63380,137,127,10,10
63381,59,57,2,2
63382,192,183,9,9
63383,144,132,12,12
63384,91,88,3,3
63385,111,105,6,6
63386,52,51,1,1
63387,135,119,16,16
63388,43,51,-8,8
63389,138,111,27,27
63390,159,134,25,25
63391,88,88,0,0
63392,63,62,1,1
63393,90,86,4,4
63394,101,88,13,13
63395,72,68,4,4
63396,64,60,4,4
63397,81,73,8,8
63398,94,88,6,6
63399,125,123,2,2
63400,64,61,3,3
63401,68,66,2,2
63402,77,80,-3,3
63403,125,118,7,7
63404,68,65,3,3
63405,131,119,12,12
63406,72,67,5,5
63407,113,99,14,14
63408,136,128,8,8
63409,136,119,17,17
63410,129,108,21,21
63411,118,106,12,12
63412,79,72,7,7
63413,98,90,8,8
63414,117,107,10,10
63415,98,99,-1,1
63416,30,40,-10,10
63417,76,67,9,9
63418,87,78,9,9
63419,110,97,13,13
63420,80,79,1,1
63421,48,60,-12,12
63422,120,107,13,13
63423,98,97,1,1
63424,43,50,-7,7
63425,84,78,6,6
63426,62,61,1,1
63427,165,154,11,11
63428,56,58,-2,2
63429,85,80,5,5
63430,109,91,18,18
63431,149,127,22,22
63432,55,51,4,4
63433,89,88,1,1
63434,68,72,-4,4
63435,68,64,4,4
63436,146,133,13,13
63437,112,102,10,10
63438,104,91,13,13
63439,49,55,-6,6
63440,67,62,5,5
63441,70,59,11,11
63442,109,95,14,14
63443,56,53,3,3
63444,148,131,17,17
63445,97,90,7,7
63446,79,76,3,3
63447,116,99,17,17
63448,97,92,5,5
63449,79,76,3,3
63450,74,66,8,8
63451,67,56,11,11
63452,118,105,13,13
63453,72,73,-1,1
63454,128,102,26,26
63455,113,108,5,5
63456,103,103,0,0
63457,86,85,1,1
63458,59,63,-4,4
63459,114,113,1,1
63460,125,121,4,4
63461,105,95,10,10
63462,70,62,8,8
63463,147,126,21,21
63464,90,76,14,14
63465,81,85,-4,4
63466,65,71,-6,6
63467,63,61,2,2
63468,110,103,7,7
63469,108,90,18,18
63470,62,76,-14,14
63471,107,97,10,10
63472,47,50,-3,3
63473,76,71,5,5
63474,92,87,5,5
63475,129,119,10,10
63476,87,84,3,3
63477,90,75,15,15
63478,75,74,1,1
63479,69,71,-2,2
63480,61,62,-1,1
63481,76,71,5,5
63482,49,51,-2,2
63483,133,119,14,14
63484,147,139,8,8
63485,115,97,18,18
63486,88,90,-2,2
63487,70,66,4,4
63488,77,74,3,3
63489,64,62,2,2
63490,182,150,32,32
63491,103,90,13,13
63492,91,90,1,1
63493,104,95,9,9
63494,67,57,10,10
63495,90,88,2,2
63496,81,79,2,2
63497,140,127,13,13
63498,64,64,0,0
63499,132,120,12,12
63500,64,60,4,4
63501,117,109,8,8
63502,86,89,-3,3
63503,216,183,33,33
63504,129,113,16,16
63505,107,99,8,8
63506,114,102,12,12
63507,99,87,12,12
63508,232,191,41,41
63509,81,79,2,2
63510,117,110,7,7
63511,142,130,12,12
63512,33,31,2,2
63513,80,77,3,3
63514,95,83,12,12
63515,84,75,9,9
63516,111,108,3,3
63517,53,56,-3,3
63518,47,56,-9,9
63519,80,77,3,3
63520,81,76,5,5
63521,74,70,4,4
63522,49,53,-4,4
63523,124,104,20,20
63524,98,89,9,9
63525,155,144,11,11
63526,58,58,0,0
63527,111,97,14,14
63528,99,105,-6,6
63529,124,107,17,17
63530,62,54,8,8
63531,55,61,-6,6
63532,72,68,4,4
63533,62,66,-4,4
63534,74,66,8,8
63535,76,62,14,14
63536,102,91,11,11
63537,87,81,6,6
63538,136,119,17,17
63539,89,78,11,11
63540,68,66,2,2
63541,67,66,1,1
63542,97,95,2,2
63543,123,107,16,16
63544,170,143,27,27
63545,120,112,8,8
63546,110,108,2,2
63547,100,88,12,12
63548,37,43,-6,6
63549,84,67,17,17
63550,62,62,0,0
63551,145,125,20,20
63552,106,98,8,8
63553,115,100,15,15
63554,126,117,9,9
63555,141,139,2,2
63556,92,83,9,9
63557,110,100,10,10
63558,59,66,-7,7
63559,90,79,11,11
63560,77,73,4,4
63561,70,69,1,1
63562,77,69,8,8
63563,79,69,10,10
63564,154,134,20,20
63565,137,130,7,7
63566,106,98,8,8
63567,116,105,11,11
63568,119,102,17,17
63569,65,56,9,9
63570,139,122,17,17
63571,145,122,23,23
63572,141,127,14,14
63573,119,102,17,17
63574,70,70,0,0
63575,78,74,4,4
63576,75,59,16,16
63577,100,89,11,11
63578,163,143,20,20
63579,162,143,19,19
63580,153,135,18,18
63581,94,91,3,3
63582,74,68,6,6
63583,88,83,5,5
63584,67,68,-1,1
63585,100,103,-3,3
63586,117,114,3,3
63587,80,74,6,6
63588,95,79,16,16
63589,77,74,3,3
63590,121,110,11,11
63591,141,123,18,18
63592,83,72,11,11
63593,55,59,-4,4
63594,87,74,13,13
63595,76,75,1,1
63596,116,97,19,19
63597,162,173,-11,11
63598,114,105,9,9
63599,79,74,5,5
63600,117,112,5,5
63601,54,53,1,1
63602,87,86,1,1
63603,124,116,8,8
63604,101,94,7,7
63605,53,54,-1,1
63606,133,119,14,14
63607,75,84,-9,9
63608,78,84,-6,6
63609,69,78,-9,9
63610,40,41,-1,1
63611,84,78,6,6
63612,94,88,6,6
63613,75,66,9,9
63614,95,90,5,5
63615,82,91,-9,9
63616,75,69,6,6
63617,141,109,32,32
63618,98,96,2,2
63619,101,103,-2,2
63620,49,48,1,1
63621,45,43,2,2
63622,94,89,5,5
63623,132,104,28,28
63624,122,100,22,22
63625,96,93,3,3
63626,89,79,10,10
63627,114,106,8,8
63628,112,99,13,13
63629,55,63,-8,8
63630,63,62,1,1
63631,133,106,27,27
63632,71,77,-6,6
63633,81,69,12,12
63634,104,101,3,3
63635,97,79,18,18
63636,103,100,3,3
63637,110,94,16,16
63638,91,85,6,6
63639,60,61,-1,1
63640,58,62,-4,4
63641,91,85,6,6
63642,69,71,-2,2
63643,75,81,-6,6
63644,175,166,9,9
63645,62,63,-1,1
63646,121,114,7,7
63647,64,61,3,3
63648,103,91,12,12
63649,109,77,32,32
63650,111,95,16,16
63651,87,76,11,11
63652,146,127,19,19
63653,68,67,1,1
63654,69,67,2,2
63655,79,76,3,3
63656,111,112,-1,1
63657,72,66,6,6
63658,110,98,12,12
63659,106,99,7,7
63660,112,95,17,17
63661,85,72,13,13
63662,153,146,7,7
63663,102,80,22,22
63664,75,74,1,1
63665,123,106,17,17
63666,80,88,-8,8
63667,81,79,2,2
63668,76,72,4,4
63669,107,114,-7,7
63670,163,143,20,20
63671,75,80,-5,5
63672,83,78,5,5
63673,72,63,9,9
63674,73,72,1,1
63675,47,52,-5,5
63676,127,115,12,12
63677,31,37,-6,6
63678,88,79,9,9
63679,131,121,10,10
63680,140,143,-3,3
63681,172,156,16,16
63682,86,76,10,10
63683,137,122,15,15
63684,108,98,10,10
63685,67,66,1,1
63686,157,156,1,1
63687,42,51,-9,9
63688,81,80,1,1
63689,96,83,13,13
63690,189,166,23,23
63691,97,101,-4,4
63692,82,83,-1,1
63693,105,87,18,18
63694,107,90,17,17
63695,81,79,2,2
63696,44,41,3,3
63697,93,86,7,7
63698,63,61,2,2
63699,46,86,-40,40
63700,128,122,6,6
63701,133,125,8,8
63702,40,42,-2,2
63703,119,105,14,14
63704,100,86,14,14
63705,96,87,9,9
63706,84,81,3,3
63707,188,171,17,17
63708,66,67,-1,1
63709,145,135,10,10
63710,50,58,-8,8
63711,74,70,4,4
63712,82,78,4,4
63713,92,90,2,2
63714,131,120,11,11
63715,69,65,4,4
63716,97,83,14,14
63717,137,123,14,14
63718,98,93,5,5
63719,67,69,-2,2
63720,107,105,2,2
63721,49,50,-1,1
63722,76,74,2,2
63723,66,62,4,4
63724,170,146,24,24
63725,101,99,2,2
63726,95,77,18,18
63727,76,62,14,14
63728,82,74,8,8
63729,84,76,8,8
63730,106,101,5,5
63731,64,76,-12,12
63732,91,85,6,6
63733,86,79,7,7
63734,54,54,0,0
63735,82,91,-9,9
63736,89,85,4,4
63737,97,91,6,6
63738,161,139,22,22
63739,48,43,5,5
63740,109,98,11,11
63741,159,138,21,21
63742,106,101,5,5
63743,181,144,37,37
63744,129,127,2,2
63745,101,100,1,1
63746,114,101,13,13
63747,126,107,19,19
63748,168,137,31,31
63749,95,94,1,1
63750,80,79,1,1
63751,96,85,11,11
63752,35,50,-15,15
63753,73,72,1,1
63754,89,80,9,9
63755,107,89,18,18
63756,88,83,5,5
63757,92,91,1,1
63758,91,76,15,15
63759,91,77,14,14
63760,120,124,-4,4
63761,82,76,6,6
63762,80,79,1,1
63763,55,53,2,2
63764,76,66,10,10
63765,72,67,5,5
63766,105,91,14,14
63767,113,101,12,12
63768,67,60,7,7
63769,101,98,3,3
63770,80,76,4,4
63771,80,82,-2,2
63772,96,83,13,13
63773,71,72,-1,1
63774,148,141,7,7
63775,72,68,4,4
63776,127,123,4,4
63777,75,74,1,1
63778,83,81,2,2
63779,90,89,1,1
63780,86,83,3,3
63781,75,76,-1,1
63782,72,71,1,1
63783,70,59,11,11
63784,105,96,9,9
63785,41,47,-6,6
63786,68,67,1,1
63787,86,78,8,8
63788,64,55,9,9
63789,86,85,1,1
63790,51,56,-5,5
63791,124,105,19,19
63792,88,88,0,0
63793,93,86,7,7
63794,54,66,-12,12
63795,71,62,9,9
63796,132,124,8,8
63797,101,92,9,9
63798,172,141,31,31
63799,176,160,16,16
63800,173,164,9,9
63801,130,119,11,11
63802,79,72,7,7
63803,102,98,4,4
63804,133,119,14,14
63805,90,70,20,20
63806,102,91,11,11
63807,65,64,1,1
63808,128,112,16,16
63809,159,118,41,41
63810,57,58,-1,1
63811,171,150,21,21
63812,66,70,-4,4
63813,165,146,19,19
63814,51,49,2,2
63815,111,103,8,8
63816,211,166,45,45
63817,89,78,11,11
63818,74,73,1,1
63819,86,91,-5,5
63820,129,100,29,29
63821,67,61,6,6
63822,112,104,8,8
63823,102,80,22,22
63824,76,70,6,6
63825,67,75,-8,8
63826,96,87,9,9
63827,115,109,6,6
63828,95,93,2,2
63829,129,115,14,14
63830,78,71,7,7
63831,58,64,-6,6
63832,93,86,7,7
63833,53,50,3,3
63834,62,62,0,0
63835,89,84,5,5
63836,110,100,10,10
63837,109,112,-3,3
63838,34,60,-26,26
63839,94,78,16,16
63840,54,54,0,0
63841,111,103,8,8
63842,128,121,7,7
63843,141,128,13,13
63844,92,78,14,14
63845,102,81,21,21
63846,94,93,1,1
63847,130,113,17,17
63848,93,91,2,2
63849,86,72,14,14
63850,102,94,8,8
63851,137,111,26,26
63852,55,43,12,12
63853,118,106,12,12
63854,121,108,13,13
63855,155,133,22,22
63856,71,74,-3,3
63857,140,129,11,11
63858,64,68,-4,4
63859,110,112,-2,2
63860,119,114,5,5
63861,55,59,-4,4
63862,80,81,-1,1
63863,142,118,24,24
63864,44,53,-9,9
63865,111,106,5,5
63866,113,100,13,13
63867,146,121,25,25
63868,169,157,12,12
63869,129,111,18,18
63870,76,78,-2,2
63871,67,61,6,6
63872,75,70,5,5
63873,68,64,4,4
63874,74,75,-1,1
63875,80,73,7,7
63876,33,34,-1,1
63877,91,85,6,6
63878,75,67,8,8
63879,94,84,10,10
63880,142,119,23,23
63881,50,94,-44,44
63882,193,181,12,12
63883,81,82,-1,1
63884,111,97,14,14
63885,130,119,11,11
63886,51,51,0,0
63887,73,67,6,6
63888,136,132,4,4
63889,94,87,7,7
63890,111,92,19,19
63891,119,107,12,12
63892,101,97,4,4
63893,79,71,8,8
63894,92,85,7,7
63895,84,75,9,9
63896,48,54,-6,6
63897,105,100,5,5
63898,87,74,13,13
63899,91,91,0,0
63900,78,78,0,0
63901,136,138,-2,2
63902,123,115,8,8
63903,130,120,10,10
63904,126,110,16,16
63905,84,88,-4,4
63906,122,116,6,6
63907,124,115,9,9
63908,117,103,14,14
63909,49,48,1,1
63910,63,59,4,4
63911,64,62,2,2
63912,57,60,-3,3
63913,37,43,-6,6
63914,38,43,-5,5
63915,56,55,1,1
63916,137,118,19,19
63917,109,105,4,4
63918,158,139,19,19
63919,112,111,1,1
63920,96,97,-1,1
63921,99,95,4,4
63922,68,68,0,0
63923,94,91,3,3
63924,118,111,7,7
63925,80,78,2,2
63926,78,80,-2,2
63927,94,85,9,9
63928,172,157,15,15
63929,39,44,-5,5
63930,62,70,-8,8
63931,152,125,27,27
63932,120,102,18,18
63933,90,78,12,12
63934,105,91,14,14
63935,80,74,6,6
63936,58,60,-2,2
63937,51,55,-4,4
63938,90,83,7,7
63939,107,94,13,13
63940,71,73,-2,2
63941,61,65,-4,4
63942,111,121,-10,10
63943,88,88,0,0
63944,56,57,-1,1
63945,93,85,8,8
63946,106,95,11,11
63947,96,89,7,7
63948,81,85,-4,4
63949,63,57,6,6
63950,112,109,3,3
63951,120,101,19,19
63952,59,51,8,8
63953,103,85,18,18
63954,50,55,-5,5
63955,115,89,26,26
63956,54,64,-10,10
63957,71,67,4,4
63958,59,55,4,4
63959,115,103,12,12
63960,47,53,-6,6
63961,100,93,7,7
63962,77,73,4,4
63963,195,160,35,35
63964,118,106,12,12
63965,90,86,4,4
63966,101,92,9,9
63967,141,124,17,17
63968,153,130,23,23
63969,72,73,-1,1
63970,76,77,-1,1
63971,141,113,28,28
63972,168,141,27,27
63973,189,154,35,35
63974,52,54,-2,2
63975,90,84,6,6
63976,81,79,2,2
63977,54,57,-3,3
63978,128,111,17,17
63979,86,84,2,2
63980,65,69,-4,4
63981,53,52,1,1
63982,57,55,2,2
63983,90,60,30,30
63984,73,74,-1,1
63985,75,80,-5,5
63986,85,77,8,8
63987,143,131,12,12
63988,44,56,-12,12
63989,81,69,12,12
63990,76,77,-1,1
63991,126,113,13,13
63992,46,51,-5,5
63993,139,113,26,26
63994,154,138,16,16
63995,161,147,14,14
63996,59,53,6,6
63997,78,78,0,0
63998,85,80,5,5
63999,48,56,-8,8
64000,71,67,4,4
64001,79,78,1,1
64002,65,61,4,4
64003,78,73,5,5
64004,117,110,7,7
64005,51,51,0,0
64006,153,90,63,63
64007,118,117,1,1
64008,66,62,4,4
64009,75,76,-1,1
64010,102,101,1,1
64011,85,79,6,6
64012,64,63,1,1
64013,95,96,-1,1
64014,160,136,24,24
64015,94,83,11,11
64016,68,75,-7,7
64017,180,165,15,15
64018,52,73,-21,21
64019,106,100,6,6
64020,85,79,6,6
64021,115,120,-5,5
64022,57,48,9,9
64023,104,96,8,8
64024,53,54,-1,1
64025,79,70,9,9
64026,68,76,-8,8
64027,86,73,13,13
64028,121,104,17,17
64029,54,53,1,1
64030,74,70,4,4
64031,122,130,-8,8
64032,67,62,5,5
64033,128,121,7,7
64034,56,57,-1,1
64035,146,132,14,14
64036,111,107,4,4
64037,86,85,1,1
64038,96,82,14,14
64039,144,138,6,6
64040,73,71,2,2
64041,50,52,-2,2
64042,179,164,15,15
64043,83,82,1,1
64044,62,58,4,4
64045,103,98,5,5
64046,101,93,8,8
64047,59,62,-3,3
64048,74,66,8,8
64049,72,65,7,7
64050,75,81,-6,6
64051,109,102,7,7
64052,102,84,18,18
64053,143,126,17,17
64054,83,91,-8,8
64055,156,146,10,10
64056,124,105,19,19
64057,80,74,6,6
64058,161,136,25,25
64059,54,57,-3,3
64060,75,80,-5,5
64061,155,127,28,28
64062,117,97,20,20
64063,130,121,9,9
64064,225,179,46,46
64065,94,86,8,8
64066,63,55,8,8
64067,72,66,6,6
64068,179,156,23,23
64069,141,129,12,12
64070,82,70,12,12
64071,62,51,11,11
64072,122,115,7,7
64073,79,69,10,10
64074,93,74,19,19
64075,137,147,-10,10
64076,110,104,6,6
64077,137,125,12,12
64078,84,70,14,14
64079,64,60,4,4
64080,64,54,10,10
64081,56,59,-3,3
64082,70,71,-1,1
64083,76,72,4,4
64084,118,103,15,15
64085,88,76,12,12
64086,81,74,7,7
64087,129,116,13,13
64088,64,69,-5,5
64089,97,87,10,10
64090,123,117,6,6
64091,86,71,15,15
64092,97,89,8,8
64093,115,109,6,6
64094,96,97,-1,1
64095,77,75,2,2
64096,168,169,-1,1
64097,51,54,-3,3
64098,90,78,12,12
64099,56,61,-5,5
64100,71,75,-4,4
64101,107,100,7,7
64102,94,79,15,15
64103,46,55,-9,9
64104,118,101,17,17
64105,129,111,18,18
64106,106,102,4,4
64107,81,80,1,1
64108,82,72,10,10
64109,56,54,2,2
64110,79,68,11,11
64111,71,69,2,2
64112,148,144,4,4
64113,205,173,32,32
64114,142,116,26,26
64115,85,74,11,11
64116,47,52,-5,5
64117,91,82,9,9
64118,108,97,11,11
64119,73,66,7,7
64120,102,97,5,5
64121,129,126,3,3
64122,130,146,-16,16
64123,103,87,16,16
64124,70,87,-17,17
64125,90,81,9,9
64126,118,121,-3,3
64127,85,69,16,16
64128,63,66,-3,3
64129,62,57,5,5
64130,93,87,6,6
64131,66,76,-10,10
64132,57,55,2,2
64133,43,50,-7,7
64134,104,89,15,15
64135,131,117,14,14
64136,88,78,10,10
64137,79,76,3,3
64138,83,67,16,16
64139,77,68,9,9
64140,82,80,2,2
64141,109,98,11,11
64142,118,105,13,13
64143,134,125,9,9
64144,124,120,4,4
64145,105,103,2,2
64146,102,90,12,12
64147,109,98,11,11
64148,100,94,6,6
64149,84,83,1,1
64150,88,79,9,9
64151,86,79,7,7
64152,92,78,14,14
64153,125,108,17,17
64154,70,63,7,7
64155,167,130,37,37
64156,151,146,5,5
64157,80,69,11,11
64158,125,98,27,27
64159,140,139,1,1
64160,101,95,6,6
64161,68,61,7,7
64162,48,65,-17,17
64163,105,94,11,11
64164,72,67,5,5
64165,73,71,2,2
64166,139,128,11,11
64167,88,85,3,3
64168,65,93,-28,28
64169,100,91,9,9
64170,150,139,11,11
64171,116,106,10,10
64172,64,62,2,2
64173,115,98,17,17
64174,58,59,-1,1
64175,132,130,2,2
64176,91,80,11,11
64177,75,64,11,11
64178,98,95,3,3
64179,109,99,10,10
64180,115,96,19,19
64181,86,89,-3,3
64182,100,83,17,17
64183,77,72,5,5
64184,156,147,9,9
64185,63,56,7,7
64186,81,78,3,3
64187,95,86,9,9
64188,70,67,3,3
64189,100,93,7,7
64190,92,87,5,5
64191,150,143,7,7
64192,99,101,-2,2
64193,133,116,17,17
64194,46,51,-5,5
64195,99,84,15,15
64196,128,109,19,19
64197,77,75,2,2
64198,77,72,5,5
64199,62,64,-2,2
64200,175,137,38,38
64201,183,165,18,18
64202,80,77,3,3
64203,124,115,9,9
64204,116,104,12,12
64205,140,133,7,7
64206,74,67,7,7
64207,104,111,-7,7
64208,43,52,-9,9
64209,191,165,26,26
64210,245,223,22,22
64211,94,83,11,11
64212,110,94,16,16
64213,86,82,4,4
64214,49,58,-9,9
64215,116,110,6,6
64216,58,58,0,0
64217,51,47,4,4
64218,96,89,7,7
64219,73,75,-2,2
64220,100,94,6,6
64221,83,124,-41,41
64222,130,117,13,13
64223,64,66,-2,2
64224,77,74,3,3
64225,126,122,4,4
64226,52,51,1,1
64227,84,76,8,8
64228,69,77,-8,8
64229,107,115,-8,8
64230,104,86,18,18
64231,55,54,1,1
64232,87,88,-1,1
64233,88,87,1,1
64234,147,139,8,8
64235,122,107,15,15
64236,120,104,16,16
64237,166,147,19,19
64238,80,84,-4,4
64239,122,112,10,10
64240,43,40,3,3
64241,121,104,17,17
64242,70,71,-1,1
64243,101,93,8,8
64244,57,60,-3,3
64245,100,89,11,11
64246,52,55,-3,3
64247,69,67,2,2
64248,52,50,2,2
64249,60,58,2,2
64250,74,66,8,8
64251,92,88,4,4
64252,47,52,-5,5
64253,91,87,4,4
64254,72,72,0,0
64255,45,42,3,3
64256,70,73,-3,3
64257,119,112,7,7
64258,113,108,5,5
64259,51,54,-3,3
64260,56,59,-3,3
64261,95,87,8,8
64262,82,86,-4,4
64263,79,74,5,5
64264,70,68,2,2
64265,78,75,3,3
64266,94,88,6,6
64267,68,65,3,3
64268,87,87,0,0
64269,164,166,-2,2
64270,101,88,13,13
64271,145,134,11,11
64272,50,50,0,0
64273,65,77,-12,12
64274,108,91,17,17
64275,77,69,8,8
64276,153,129,24,24
64277,113,99,14,14
64278,181,143,38,38
64279,52,54,-2,2
64280,96,95,1,1
64281,139,120,19,19
64282,91,88,3,3
64283,73,70,3,3
64284,77,75,2,2
64285,71,69,2,2
64286,51,50,1,1
64287,90,84,6,6
64288,68,62,6,6
64289,73,71,2,2
64290,94,96,-2,2
64291,69,64,5,5
64292,90,86,4,4
64293,154,144,10,10
64294,163,132,31,31
64295,74,72,2,2
64296,55,59,-4,4
64297,73,73,0,0
64298,33,31,2,2
64299,154,135,19,19
64300,70,51,19,19
64301,72,72,0,0
64302,96,95,1,1
64303,117,107,10,10
64304,127,116,11,11
64305,84,84,0,0
64306,99,98,1,1
64307,72,70,2,2
64308,144,123,21,21
64309,74,73,1,1
64310,75,74,1,1
64311,89,79,10,10
64312,122,105,17,17
64313,165,148,17,17
64314,45,48,-3,3
64315,82,84,-2,2
64316,84,77,7,7
64317,166,150,16,16
64318,140,120,20,20
64319,96,98,-2,2
64320,73,68,5,5
64321,200,173,27,27
64322,113,103,10,10
64323,137,119,18,18
64324,87,84,3,3
64325,127,115,12,12
64326,74,63,11,11
64327,89,79,10,10
64328,128,126,2,2
64329,73,74,-1,1
64330,53,51,2,2
64331,26,41,-15,15
64332,104,99,5,5
64333,91,78,13,13
64334,157,138,19,19
64335,93,82,11,11
64336,125,120,5,5
64337,66,56,10,10
64338,125,110,15,15
64339,144,114,30,30
64340,106,92,14,14
64341,129,109,20,20
64342,86,89,-3,3
64343,188,161,27,27
64344,142,122,20,20
64345,54,54,0,0
64346,185,144,41,41
64347,152,136,16,16
64348,55,52,3,3
64349,74,74,0,0
64350,132,127,5,5
64351,80,72,8,8
64352,77,73,4,4
64353,67,69,-2,2
64354,71,63,8,8
64355,129,107,22,22
64356,116,98,18,18
64357,97,88,9,9
64358,39,43,-4,4
64359,44,52,-8,8
64360,73,73,0,0
64361,78,71,7,7
64362,68,62,6,6
64363,57,52,5,5
64364,97,75,22,22
64365,77,73,4,4
64366,159,143,16,16
64367,144,121,23,23
64368,58,59,-1,1
64369,74,79,-5,5
64370,47,51,-4,4
64371,86,80,6,6
64372,95,79,16,16
64373,74,69,5,5
64374,84,90,-6,6
64375,175,154,21,21
64376,47,50,-3,3
64377,110,94,16,16
64378,181,158,23,23
64379,117,107,10,10
64380,77,64,13,13
64381,88,75,13,13
64382,84,85,-1,1
64383,56,51,5,5
64384,49,46,3,3
64385,75,77,-2,2
64386,58,52,6,6
64387,110,104,6,6
64388,80,77,3,3
64389,120,119,1,1
64390,79,93,-14,14
64391,107,104,3,3
64392,79,76,3,3
64393,69,65,4,4
64394,36,47,-11,11
64395,106,98,8,8
64396,64,61,3,3
64397,91,92,-1,1
64398,70,72,-2,2
64399,69,65,4,4
64400,75,75,0,0
64401,54,51,3,3
64402,69,73,-4,4
64403,105,109,-4,4
64404,67,67,0,0
64405,28,33,-5,5
64406,57,56,1,1
64407,46,35,11,11
64408,52,54,-2,2
64409,122,113,9,9
64410,101,89,12,12
64411,129,112,17,17
64412,143,143,0,0
64413,193,166,27,27
64414,55,58,-3,3
64415,92,86,6,6
64416,107,83,24,24
64417,137,111,26,26
64418,100,95,5,5
64419,61,61,0,0
64420,113,93,20,20
64421,112,104,8,8
64422,78,68,10,10
64423,82,84,-2,2
64424,58,64,-6,6
64425,65,51,14,14
64426,52,58,-6,6
64427,106,99,7,7
64428,47,54,-7,7
64429,72,76,-4,4
64430,75,76,-1,1
64431,135,131,4,4
64432,87,83,4,4
64433,175,157,18,18
64434,99,100,-1,1
64435,50,51,-1,1
64436,90,81,9,9
64437,83,86,-3,3
64438,68,67,1,1
64439,85,80,5,5
64440,73,74,-1,1
64441,58,67,-9,9
64442,78,72,6,6
64443,89,92,-3,3
64444,49,52,-3,3
64445,73,64,9,9
64446,108,82,26,26
64447,60,64,-4,4
64448,142,119,23,23
64449,217,183,34,34
64450,57,51,6,6
64451,61,58,3,3
64452,82,73,9,9
64453,73,72,1,1
64454,108,99,9,9
64455,139,137,2,2
64456,80,74,6,6
64457,218,192,26,26
64458,119,109,10,10
64459,105,97,8,8
64460,57,60,-3,3
64461,106,108,-2,2
64462,74,77,-3,3
64463,77,77,0,0
64464,143,127,16,16
64465,103,93,10,10
64466,120,107,13,13
64467,124,103,21,21
64468,112,100,12,12
64469,105,90,15,15
64470,144,132,12,12
64471,97,85,12,12
64472,65,62,3,3
64473,74,68,6,6
64474,55,55,0,0
64475,80,77,3,3
64476,115,103,12,12
64477,145,136,9,9
64478,103,103,0,0
64479,132,112,20,20
64480,46,42,4,4
64481,59,55,4,4
64482,83,75,8,8
64483,150,141,9,9
64484,182,161,21,21
64485,44,48,-4,4
64486,64,73,-9,9
64487,53,52,1,1
64488,78,80,-2,2
64489,112,112,0,0
64490,109,98,11,11
64491,95,98,-3,3
64492,62,79,-17,17
64493,57,60,-3,3
64494,130,119,11,11
64495,101,88,13,13
64496,135,128,7,7
64497,100,108,-8,8
64498,107,107,0,0
64499,97,96,1,1
64500,79,72,7,7
64501,80,81,-1,1
64502,94,70,24,24
64503,122,107,15,15
64504,57,59,-2,2
64505,58,61,-3,3
64506,76,70,6,6
64507,144,120,24,24
64508,51,49,2,2
64509,54,56,-2,2
64510,85,81,4,4
64511,61,63,-2,2
64512,148,118,30,30
64513,33,41,-8,8
64514,99,89,10,10
64515,117,103,14,14
64516,82,74,8,8
64517,54,75,-21,21
64518,144,124,20,20
64519,141,125,16,16
64520,80,83,-3,3
64521,203,171,32,32
64522,93,85,8,8
64523,65,62,3,3
64524,61,55,6,6
64525,139,122,17,17
64526,84,78,6,6
64527,72,74,-2,2
64528,68,72,-4,4
64529,56,68,-12,12
64530,101,94,7,7
64531,63,72,-9,9
64532,94,92,2,2
64533,120,107,13,13
64534,113,110,3,3
64535,32,40,-8,8
64536,94,98,-4,4
64537,116,108,8,8
64538,101,93,8,8
64539,57,60,-3,3
64540,144,125,19,19
64541,76,73,3,3
64542,94,85,9,9
64543,80,77,3,3
64544,100,91,9,9
64545,150,126,24,24
64546,85,85,0,0
64547,77,73,4,4
64548,75,72,3,3
64549,170,145,25,25
64550,138,133,5,5
64551,74,68,6,6
64552,83,79,4,4
64553,193,174,19,19
64554,95,80,15,15
64555,132,119,13,13
64556,69,67,2,2
64557,120,122,-2,2
64558,102,91,11,11
64559,87,78,9,9
64560,133,104,29,29
64561,106,97,9,9
64562,90,89,1,1
64563,61,61,0,0
64564,87,82,5,5
64565,130,114,16,16
64566,77,77,0,0
64567,80,93,-13,13
64568,95,76,19,19
64569,64,62,2,2
64570,57,65,-8,8
64571,70,67,3,3
64572,111,100,11,11
64573,54,56,-2,2
64574,142,152,-10,10
64575,52,54,-2,2
64576,47,52,-5,5
64577,133,127,6,6
64578,140,135,5,5
64579,60,63,-3,3
64580,186,147,39,39
64581,77,73,4,4
64582,101,89,12,12
64583,59,58,1,1
64584,121,118,3,3
64585,104,103,1,1
64586,155,121,34,34
64587,83,77,6,6
64588,77,71,6,6
64589,123,103,20,20
64590,59,56,3,3
64591,105,84,21,21
64592,75,78,-3,3
64593,116,99,17,17
64594,72,70,2,2
64595,149,142,7,7
64596,119,106,13,13
64597,63,69,-6,6
64598,87,78,9,9
64599,137,123,14,14
64600,82,72,10,10
64601,125,113,12,12
64602,36,49,-13,13
64603,67,66,1,1
64604,116,108,8,8
64605,155,132,23,23
64606,103,84,19,19
64607,104,92,12,12
64608,143,129,14,14
64609,123,113,10,10
64610,121,103,18,18
64611,87,74,13,13
64612,72,72,0,0
64613,49,61,-12,12
64614,69,78,-9,9
64615,72,84,-12,12
64616,116,86,30,30
64617,138,133,5,5
64618,97,95,2,2
64619,63,61,2,2
64620,109,96,13,13
64621,80,79,1,1
64622,96,86,10,10
64623,98,82,16,16
64624,101,99,2,2
64625,143,128,15,15
64626,90,82,8,8
64627,85,76,9,9
64628,120,117,3,3
64629,65,57,8,8
64630,161,133,28,28
64631,124,100,24,24
64632,103,95,8,8
64633,99,91,8,8
64634,121,119,2,2
64635,122,111,11,11
64636,104,105,-1,1
64637,160,156,4,4
64638,109,83,26,26
64639,63,62,1,1
64640,112,105,7,7
64641,88,80,8,8
64642,88,82,6,6
64643,101,104,-3,3
64644,50,51,-1,1
64645,170,161,9,9
64646,64,69,-5,5
64647,102,104,-2,2
64648,93,84,9,9
64649,132,117,15,15
64650,75,80,-5,5
64651,84,70,14,14
64652,60,58,2,2
64653,103,106,-3,3
64654,58,57,1,1
64655,153,125,28,28
64656,135,114,21,21
64657,62,74,-12,12
64658,162,137,25,25
64659,74,76,-2,2
64660,90,77,13,13
64661,127,118,9,9
64662,97,95,2,2
64663,102,92,10,10
64664,117,107,10,10
64665,38,46,-8,8
64666,114,102,12,12
64667,45,35,10,10
64668,100,93,7,7
64669,61,57,4,4
64670,101,85,16,16
64671,120,112,8,8
64672,152,132,20,20
64673,84,83,1,1
64674,100,86,14,14
64675,108,96,12,12
64676,124,123,1,1
64677,148,141,7,7
64678,46,51,-5,5
64679,119,111,8,8
64680,118,101,17,17
64681,52,53,-1,1
64682,104,103,1,1
64683,82,95,-13,13
64684,100,84,16,16
64685,118,102,16,16
64686,70,70,0,0
64687,104,82,22,22
64688,141,124,17,17
64689,97,90,7,7
64690,24,31,-7,7
64691,192,157,35,35
64692,71,64,7,7
64693,78,85,-7,7
64694,46,51,-5,5
64695,79,78,1,1
64696,153,128,25,25
64697,88,93,-5,5
64698,64,68,-4,4
64699,81,72,9,9
64700,81,76,5,5
64701,105,91,14,14
64702,88,88,0,0
64703,120,115,5,5
64704,68,64,4,4
64705,84,79,5,5
64706,121,104,17,17
64707,80,73,7,7
64708,138,129,9,9
64709,90,77,13,13
64710,87,87,0,0
64711,92,87,5,5
64712,111,110,1,1
64713,77,70,7,7
64714,74,72,2,2
64715,170,131,39,39
64716,77,75,2,2
64717,117,114,3,3
64718,151,124,27,27
64719,84,83,1,1
64720,108,109,-1,1
64721,69,72,-3,3
64722,121,115,6,6
64723,94,95,-1,1
64724,41,43,-2,2
64725,140,124,16,16
64726,76,64,12,12
64727,85,74,11,11
64728,104,102,2,2
64729,48,55,-7,7
64730,128,124,4,4
64731,68,65,3,3
64732,70,67,3,3
64733,93,79,14,14
64734,69,74,-5,5
64735,56,49,7,7
64736,96,91,5,5
64737,50,51,-1,1
64738,64,66,-2,2
64739,69,75,-6,6
64740,89,81,8,8
64741,75,78,-3,3
64742,77,76,1,1
64743,68,61,7,7
64744,59,79,-20,20
64745,140,112,28,28
64746,79,71,8,8
64747,46,43,3,3
64748,54,50,4,4
64749,89,88,1,1
64750,99,95,4,4
64751,68,64,4,4
64752,86,87,-1,1
64753,106,88,18,18
64754,82,74,8,8
64755,97,120,-23,23
64756,29,40,-11,11
64757,99,88,11,11
64758,119,114,5,5
64759,102,96,6,6
64760,104,99,5,5
64761,148,115,33,33
64762,146,127,19,19
64763,107,93,14,14
64764,49,46,3,3
64765,45,47,-2,2
64766,133,119,14,14
64767,102,100,2,2
64768,110,106,4,4
64769,100,93,7,7
64770,112,99,13,13
64771,59,65,-6,6
64772,73,61,12,12
64773,115,116,-1,1
64774,88,80,8,8
64775,77,82,-5,5
64776,133,119,14,14
64777,86,83,3,3
64778,74,62,12,12
64779,125,113,12,12
64780,97,93,4,4
64781,71,61,10,10
64782,42,45,-3,3
64783,140,128,12,12
64784,70,65,5,5
64785,76,79,-3,3
64786,59,53,6,6
64787,87,90,-3,3
64788,134,113,21,21
64789,173,148,25,25
64790,47,50,-3,3
64791,112,94,18,18
64792,94,96,-2,2
64793,81,73,8,8
64794,152,138,14,14
64795,56,57,-1,1
64796,72,69,3,3
64797,82,76,6,6
64798,68,65,3,3
64799,87,83,4,4
64800,116,122,-6,6
64801,49,47,2,2
64802,124,113,11,11
64803,146,139,7,7
64804,151,131,20,20
64805,67,83,-16,16
64806,57,88,-31,31
64807,147,136,11,11
64808,104,100,4,4
64809,124,117,7,7
64810,46,52,-6,6
64811,118,112,6,6
64812,110,102,8,8
64813,82,76,6,6
64814,97,84,13,13
64815,104,89,15,15
64816,46,44,2,2
64817,76,79,-3,3
64818,66,65,1,1
64819,51,51,0,0
64820,63,54,9,9
64821,81,75,6,6
64822,110,103,7,7
64823,160,144,16,16
64824,65,62,3,3
64825,43,49,-6,6
64826,67,110,-43,43
64827,104,94,10,10
64828,83,85,-2,2
64829,57,68,-11,11
64830,139,125,14,14
64831,78,74,4,4
64832,68,56,12,12
64833,91,84,7,7
64834,117,110,7,7
64835,117,103,14,14
64836,110,107,3,3
64837,67,66,1,1
64838,89,85,4,4
64839,96,97,-1,1
64840,92,94,-2,2
64841,87,81,6,6
64842,92,79,13,13
64843,59,62,-3,3
64844,66,63,3,3
64845,160,150,10,10
64846,188,154,34,34
64847,96,91,5,5
64848,75,77,-2,2
64849,140,124,16,16
64850,95,85,10,10
64851,83,79,4,4
64852,103,97,6,6
64853,81,78,3,3
64854,87,81,6,6
64855,90,89,1,1
64856,66,64,2,2
64857,100,86,14,14
64858,75,73,2,2
64859,50,51,-1,1
64860,68,67,1,1
64861,82,75,7,7
64862,72,64,8,8
64863,56,57,-1,1
64864,113,102,11,11
64865,41,51,-10,10
64866,56,60,-4,4
64867,92,82,10,10
64868,68,67,1,1
64869,63,61,2,2
64870,111,107,4,4
64871,74,73,1,1
64872,91,86,5,5
64873,84,127,-43,43
64874,107,106,1,1
64875,95,89,6,6
64876,80,72,8,8
64877,125,121,4,4
64878,57,54,3,3
64879,115,113,2,2
64880,117,103,14,14
64881,71,72,-1,1
64882,72,67,5,5
64883,199,168,31,31
64884,100,97,3,3
64885,75,64,11,11
64886,78,69,9,9
64887,82,74,8,8
64888,85,82,3,3
64889,53,57,-4,4
64890,89,82,7,7
64891,111,95,16,16
64892,58,54,4,4
64893,74,65,9,9
64894,106,110,-4,4
64895,139,124,15,15
64896,94,85,9,9
64897,66,61,5,5
64898,140,114,26,26
64899,100,95,5,5
64900,60,59,1,1
64901,118,100,18,18
64902,108,90,18,18
64903,131,110,21,21
64904,141,140,1,1
64905,107,100,7,7
64906,65,72,-7,7
64907,104,102,2,2
64908,121,116,5,5
64909,93,93,0,0
64910,85,86,-1,1
64911,77,73,4,4
64912,113,100,13,13
64913,44,47,-3,3
64914,110,117,-7,7
64915,75,66,9,9
64916,65,68,-3,3
64917,59,56,3,3
64918,102,85,17,17
64919,93,104,-11,11
64920,85,81,4,4
64921,57,55,2,2
64922,129,112,17,17
64923,45,53,-8,8
64924,60,77,-17,17
64925,89,90,-1,1
64926,93,90,3,3
64927,104,95,9,9
64928,55,54,1,1
64929,83,83,0,0
64930,137,121,16,16
64931,109,92,17,17
64932,69,65,4,4
64933,110,116,-6,6
64934,119,95,24,24
64935,97,85,12,12
64936,81,78,3,3
64937,104,94,10,10
64938,71,75,-4,4
64939,50,55,-5,5
64940,136,117,19,19
64941,70,63,7,7
64942,63,68,-5,5
64943,90,90,0,0
64944,102,92,10,10
64945,50,51,-1,1
64946,138,116,22,22
64947,103,117,-14,14
64948,127,113,14,14
64949,129,123,6,6
64950,144,131,13,13
64951,52,53,-1,1
64952,72,73,-1,1
64953,94,92,2,2
64954,77,67,10,10
64955,62,64,-2,2
64956,91,89,2,2
64957,58,56,2,2
64958,78,73,5,5
64959,63,60,3,3
64960,111,95,16,16
64961,87,83,4,4
64962,85,78,7,7
64963,224,181,43,43
64964,99,90,9,9
64965,84,73,11,11
64966,101,92,9,9
64967,156,126,30,30
64968,50,51,-1,1
64969,82,77,5,5
64970,190,179,11,11
64971,127,122,5,5
64972,61,56,5,5
64973,100,96,4,4
64974,81,81,0,0
64975,141,117,24,24
64976,80,70,10,10
64977,67,64,3,3
64978,90,87,3,3
64979,81,74,7,7
64980,55,51,4,4
64981,85,82,3,3
64982,36,44,-8,8
64983,87,73,14,14
64984,73,79,-6,6
64985,90,83,7,7
64986,69,63,6,6
64987,88,79,9,9
64988,64,66,-2,2
64989,56,55,1,1
64990,130,113,17,17
64991,59,54,5,5
64992,140,134,6,6
64993,129,111,18,18
64994,122,110,12,12
64995,69,64,5,5
64996,65,71,-6,6
64997,103,93,10,10
64998,36,31,5,5
64999,193,178,15,15
65000,123,110,13,13
65001,77,75,2,2
65002,75,67,8,8
65003,85,89,-4,4
65004,124,114,10,10
65005,148,137,11,11
65006,92,90,2,2
65007,70,63,7,7
65008,129,114,15,15
65009,51,51,0,0
65010,98,81,17,17
65011,130,112,18,18
65012,134,120,14,14
65013,89,80,9,9
65014,83,85,-2,2
65015,89,82,7,7
65016,101,91,10,10
65017,110,92,18,18
65018,68,65,3,3
65019,68,60,8,8
65020,72,70,2,2
65021,77,74,3,3
65022,147,125,22,22
65023,117,105,12,12
65024,79,90,-11,11
65025,103,98,5,5
65026,65,68,-3,3
65027,102,95,7,7
65028,66,64,2,2
65029,101,89,12,12
65030,77,74,3,3
65031,58,61,-3,3
65032,75,74,1,1
65033,50,60,-10,10
65034,116,104,12,12
65035,78,72,6,6
65036,111,93,18,18
65037,35,43,-8,8
65038,94,83,11,11
65039,136,117,19,19
65040,71,65,6,6
65041,94,100,-6,6
65042,81,73,8,8
65043,54,51,3,3
65044,94,81,13,13
65045,94,90,4,4
65046,143,128,15,15
65047,82,78,4,4
65048,156,132,24,24
65049,81,81,0,0
65050,169,154,15,15
65051,104,94,10,10
65052,107,101,6,6
65053,69,78,-9,9
65054,123,98,25,25
65055,51,55,-4,4
65056,88,91,-3,3
65057,41,43,-2,2
65058,56,60,-4,4
65059,138,127,11,11
65060,102,88,14,14
65061,97,85,12,12
65062,124,119,5,5
65063,124,108,16,16
65064,119,124,-5,5
65065,55,53,2,2
65066,116,107,9,9
65067,60,55,5,5
65068,134,114,20,20
65069,63,84,-21,21
65070,73,70,3,3
65071,145,128,17,17
65072,111,105,6,6
65073,110,110,0,0
65074,194,162,32,32
65075,92,89,3,3
65076,97,83,14,14
65077,116,109,7,7
65078,61,55,6,6
65079,150,136,14,14
65080,45,48,-3,3
65081,99,83,16,16
65082,79,71,8,8
65083,118,113,5,5
65084,74,66,8,8
65085,108,98,10,10
65086,85,77,8,8
65087,89,75,14,14
65088,107,101,6,6
65089,165,157,8,8
65090,84,77,7,7
65091,132,115,17,17
65092,90,80,10,10
65093,144,110,34,34
65094,87,87,0,0
65095,103,84,19,19
65096,98,97,1,1
65097,88,81,7,7
65098,125,110,15,15
65099,112,96,16,16
65100,51,57,-6,6
65101,105,103,2,2
65102,149,118,31,31
65103,109,99,10,10
65104,74,74,0,0
65105,83,76,7,7
65106,85,83,2,2
65107,75,67,8,8
65108,78,80,-2,2
65109,67,65,2,2
65110,48,49,-1,1
65111,109,77,32,32
65112,92,82,10,10
65113,90,86,4,4
65114,90,80,10,10
65115,98,90,8,8
65116,76,72,4,4
65117,83,82,1,1
65118,148,139,9,9
65119,99,92,7,7
65120,68,65,3,3
65121,79,67,12,12
65122,98,94,4,4
65123,194,174,20,20
65124,90,79,11,11
65125,70,65,5,5
65126,88,82,6,6
65127,66,66,0,0
65128,81,62,19,19
65129,122,113,9,9
65130,96,91,5,5
65131,69,69,0,0
65132,113,91,22,22
65133,61,66,-5,5
65134,101,80,21,21
65135,178,156,22,22
65136,111,100,11,11
65137,81,71,10,10
65138,147,150,-3,3
65139,121,108,13,13
65140,78,71,7,7
65141,86,78,8,8
65142,54,54,0,0
65143,46,50,-4,4
65144,62,63,-1,1
65145,94,89,5,5
65146,101,93,8,8
65147,60,63,-3,3
65148,72,62,10,10
65149,75,79,-4,4
65150,148,130,18,18
65151,123,108,15,15
65152,81,87,-6,6
65153,126,118,8,8
65154,163,141,22,22
65155,105,96,9,9
65156,85,79,6,6
65157,102,92,10,10
65158,89,81,8,8
65159,123,119,4,4
65160,62,56,6,6
65161,78,81,-3,3
65162,98,86,12,12
65163,68,62,6,6
65164,99,97,2,2
65165,112,98,14,14
65166,89,80,9,9
65167,89,88,1,1
65168,83,75,8,8
65169,119,110,9,9
65170,92,93,-1,1
65171,77,76,1,1
65172,74,68,6,6
65173,115,124,-9,9
65174,107,95,12,12
65175,98,83,15,15
65176,136,117,19,19
65177,42,46,-4,4
65178,119,112,7,7
65179,119,114,5,5
65180,109,94,15,15
65181,113,105,8,8
65182,164,147,17,17
65183,86,79,7,7
65184,97,92,5,5
65185,112,109,3,3
65186,124,112,12,12
65187,84,93,-9,9
65188,77,75,2,2
65189,87,87,0,0
65190,52,51,1,1
65191,112,100,12,12
65192,78,73,5,5
65193,93,88,5,5
65194,115,119,-4,4
65195,76,67,9,9
65196,209,177,32,32
65197,41,51,-10,10
65198,115,101,14,14
65199,155,128,27,27
65200,53,51,2,2
65201,72,71,1,1
65202,110,81,29,29
65203,91,88,3,3
65204,99,89,10,10
65205,88,90,-2,2
65206,100,92,8,8
65207,73,79,-6,6
65208,70,65,5,5
65209,126,114,12,12
65210,102,93,9,9
65211,97,85,12,12
65212,60,63,-3,3
65213,44,46,-2,2
65214,62,68,-6,6
65215,52,56,-4,4
65216,128,115,13,13
65217,168,149,19,19
65218,101,99,2,2
65219,106,102,4,4
65220,191,161,30,30
65221,51,61,-10,10
65222,196,154,42,42
65223,92,90,2,2
65224,47,43,4,4
65225,115,99,16,16
65226,70,64,6,6
65227,84,87,-3,3
65228,145,129,16,16
65229,102,100,2,2
65230,31,31,0,0
65231,65,61,4,4
65232,92,85,7,7
65233,77,77,0,0
65234,90,86,4,4
65235,30,31,-1,1
65236,72,77,-5,5
65237,109,105,4,4
65238,148,136,12,12
65239,81,77,4,4
65240,75,68,7,7
65241,60,61,-1,1
65242,147,131,16,16
65243,95,75,20,20
65244,71,72,-1,1
65245,145,140,5,5
65246,91,91,0,0
65247,48,69,-21,21
65248,94,88,6,6
65249,86,89,-3,3
65250,70,67,3,3
65251,120,113,7,7
65252,117,108,9,9
65253,118,88,30,30
65254,66,63,3,3
65255,70,63,7,7
65256,51,50,1,1
65257,80,79,1,1
65258,78,78,0,0
65259,136,112,24,24
65260,105,99,6,6
65261,94,81,13,13
65262,119,104,15,15
65263,119,113,6,6
65264,66,59,7,7
65265,133,115,18,18
65266,106,94,12,12
65267,110,92,18,18
65268,109,95,14,14
65269,97,104,-7,7
65270,54,57,-3,3
65271,143,125,18,18
65272,103,100,3,3
65273,55,52,3,3
65274,72,68,4,4
65275,300,231,69,69
65276,110,101,9,9
65277,120,112,8,8
65278,114,113,1,1
65279,65,65,0,0
65280,51,54,-3,3
65281,107,93,14,14
65282,86,85,1,1
65283,91,87,4,4
65284,102,90,12,12
65285,72,63,9,9
65286,82,77,5,5
65287,134,117,17,17
65288,133,115,18,18
65289,79,81,-2,2
65290,146,133,13,13
65291,176,147,29,29
65292,117,106,11,11
65293,82,81,1,1
65294,105,94,11,11
65295,89,87,2,2
65296,72,72,0,0
65297,71,61,10,10
65298,117,110,7,7
65299,140,120,20,20
65300,80,80,0,0
65301,53,51,2,2
65302,185,168,17,17
65303,111,94,17,17
65304,92,91,1,1
65305,91,83,8,8
65306,112,89,23,23
65307,59,57,2,2
65308,106,93,13,13
65309,53,58,-5,5
65310,132,119,13,13
65311,80,81,-1,1
65312,163,150,13,13
65313,58,66,-8,8
65314,138,117,21,21
65315,173,154,19,19
65316,64,69,-5,5
65317,78,69,9,9
65318,101,99,2,2
65319,103,93,10,10
65320,87,75,12,12
65321,105,95,10,10
65322,94,83,11,11
65323,89,86,3,3
65324,63,68,-5,5
65325,92,82,10,10
65326,139,132,7,7
65327,78,77,1,1
65328,58,74,-16,16
65329,77,78,-1,1
65330,71,88,-17,17
65331,154,143,11,11
65332,93,84,9,9
65333,61,60,1,1
65334,168,144,24,24
65335,139,120,19,19
65336,78,75,3,3
65337,132,115,17,17
65338,56,52,4,4
65339,78,79,-1,1
65340,86,82,4,4
65341,68,65,3,3
65342,31,56,-25,25
65343,60,60,0,0
65344,150,130,20,20
65345,117,106,11,11
65346,104,94,10,10
65347,102,96,6,6
65348,77,82,-5,5
65349,64,65,-1,1
65350,103,100,3,3
65351,113,104,9,9
65352,96,91,5,5
65353,114,84,30,30
65354,126,112,14,14
65355,106,101,5,5
65356,59,60,-1,1
65357,81,79,2,2
65358,109,96,13,13
65359,121,119,2,2
65360,70,64,6,6
65361,148,134,14,14
65362,94,82,12,12
65363,127,113,14,14
65364,117,111,6,6
65365,104,92,12,12
65366,46,52,-6,6
65367,106,112,-6,6
65368,94,81,13,13
65369,124,106,18,18
65370,62,64,-2,2
65371,62,73,-11,11
65372,74,80,-6,6
65373,53,54,-1,1
65374,40,48,-8,8
65375,70,66,4,4
65376,60,60,0,0
65377,45,42,3,3
65378,111,102,9,9
65379,37,50,-13,13
65380,88,93,-5,5
65381,51,99,-48,48
65382,66,64,2,2
65383,76,69,7,7
65384,91,80,11,11
65385,121,111,10,10
65386,135,119,16,16
65387,87,88,-1,1
65388,99,93,6,6
65389,106,98,8,8
65390,83,82,1,1
65391,94,81,13,13
65392,76,72,4,4
65393,69,65,4,4
65394,100,104,-4,4
65395,118,108,10,10
65396,66,78,-12,12
65397,89,85,4,4
65398,104,111,-7,7
65399,110,88,22,22
65400,106,95,11,11
65401,118,108,10,10
65402,83,84,-1,1
65403,85,78,7,7
65404,73,80,-7,7
65405,72,62,10,10
65406,61,60,1,1
65407,59,60,-1,1
65408,114,111,3,3
65409,68,71,-3,3
65410,179,161,18,18
65411,70,66,4,4
65412,91,82,9,9
65413,114,101,13,13
65414,108,98,10,10
65415,79,76,3,3
65416,79,71,8,8
65417,125,118,7,7
65418,117,91,26,26
65419,68,72,-4,4
65420,79,74,5,5
65421,103,105,-2,2
65422,207,172,35,35
65423,63,65,-2,2
65424,117,105,12,12
65425,63,58,5,5
65426,71,66,5,5
65427,74,79,-5,5
65428,55,53,2,2
65429,170,147,23,23
65430,69,66,3,3
65431,51,58,-7,7
65432,55,54,1,1
65433,73,71,2,2
65434,89,99,-10,10
65435,173,144,29,29
65436,119,109,10,10
65437,85,86,-1,1
65438,94,90,4,4
65439,104,87,17,17
65440,96,91,5,5
65441,61,63,-2,2
65442,86,85,1,1
65443,95,89,6,6
65444,161,142,19,19
65445,80,77,3,3
65446,112,98,14,14
65447,75,77,-2,2
65448,141,121,20,20
65449,161,148,13,13
65450,99,93,6,6
65451,94,86,8,8
65452,146,123,23,23
65453,72,68,4,4
65454,105,87,18,18
65455,69,66,3,3
65456,113,100,13,13
65457,132,107,25,25
65458,121,113,8,8
65459,91,89,2,2
65460,70,67,3,3
65461,96,89,7,7
65462,155,136,19,19
65463,130,126,4,4
65464,186,152,34,34
65465,96,94,2,2
65466,146,145,1,1
65467,113,100,13,13
65468,86,84,2,2
65469,104,93,11,11
65470,66,62,4,4
65471,96,83,13,13
65472,88,72,16,16
65473,111,97,14,14
65474,146,123,23,23
65475,86,71,15,15
65476,46,49,-3,3
65477,72,68,4,4
65478,170,142,28,28
65479,35,31,4,4
65480,90,86,4,4
65481,143,134,9,9
65482,157,139,18,18
65483,62,67,-5,5
65484,65,59,6,6
65485,75,69,6,6
65486,89,83,6,6
65487,82,69,13,13
65488,80,81,-1,1
65489,56,51,5,5
65490,76,67,9,9
65491,113,104,9,9
65492,104,105,-1,1
65493,99,88,11,11
65494,62,62,0,0
65495,140,133,7,7
65496,76,76,0,0
65497,114,103,11,11
65498,108,106,2,2
65499,81,69,12,12
65500,63,61,2,2
65501,125,111,14,14
65502,70,57,13,13
65503,90,87,3,3
65504,37,44,-7,7
65505,92,97,-5,5
65506,96,96,0,0
65507,85,80,5,5
65508,106,100,6,6
65509,86,77,9,9
65510,101,84,17,17
65511,101,94,7,7
65512,100,97,3,3
65513,105,92,13,13
65514,71,72,-1,1
65515,58,53,5,5
65516,179,154,25,25
65517,106,98,8,8
65518,89,79,10,10
65519,84,76,8,8
65520,113,100,13,13
65521,129,113,16,16
65522,87,90,-3,3
65523,122,116,6,6
65524,109,103,6,6
65525,78,82,-4,4
65526,96,90,6,6
65527,176,140,36,36
65528,114,102,12,12
65529,89,72,17,17
65530,115,96,19,19
65531,73,63,10,10
65532,68,69,-1,1
65533,148,130,18,18
65534,70,66,4,4
65535,108,97,11,11
65536,60,56,4,4
65537,98,82,16,16
65538,47,50,-3,3
65539,84,84,0,0
65540,60,51,9,9
65541,119,115,4,4
65542,66,66,0,0
65543,115,104,11,11
65544,172,141,31,31
65545,105,93,12,12
65546,83,73,10,10
65547,75,66,9,9
65548,48,50,-2,2
65549,100,94,6,6
65550,59,61,-2,2
65551,67,61,6,6
65552,103,105,-2,2
65553,48,49,-1,1
65554,108,110,-2,2
65555,77,61,16,16
65556,126,113,13,13
65557,82,96,-14,14
65558,38,49,-11,11
65559,99,87,12,12
65560,56,57,-1,1
65561,131,108,23,23
65562,96,80,16,16
65563,83,82,1,1
65564,120,103,17,17
65565,102,85,17,17
65566,93,91,2,2
65567,127,115,12,12
65568,67,55,12,12
65569,98,89,9,9
65570,77,65,12,12
65571,84,72,12,12
65572,96,86,10,10
65573,118,105,13,13
65574,84,78,6,6
65575,70,81,-11,11
65576,100,94,6,6
65577,118,103,15,15
65578,54,54,0,0
65579,170,146,24,24
65580,91,93,-2,2
65581,86,77,9,9
65582,82,80,2,2
65583,123,115,8,8
65584,94,88,6,6
65585,86,70,16,16
65586,142,138,4,4
65587,132,109,23,23
65588,140,123,17,17
65589,177,142,35,35
65590,54,60,-6,6
65591,51,55,-4,4
65592,130,113,17,17
65593,71,68,3,3
65594,61,57,4,4
65595,93,85,8,8
65596,93,94,-1,1
65597,83,74,9,9
65598,104,89,15,15
65599,93,88,5,5
65600,88,79,9,9
65601,89,86,3,3
65602,154,144,10,10
65603,53,53,0,0
65604,85,79,6,6
65605,89,90,-1,1
65606,107,101,6,6
65607,102,94,8,8
65608,88,89,-1,1
65609,35,37,-2,2
65610,118,104,14,14
65611,63,61,2,2
65612,56,62,-6,6
65613,41,42,-1,1
65614,108,103,5,5
65615,137,126,11,11
65616,70,62,8,8
65617,131,135,-4,4
65618,83,73,10,10
65619,87,79,8,8
65620,87,87,0,0
65621,134,121,13,13
65622,108,85,23,23
65623,73,80,-7,7
65624,110,98,12,12
65625,100,75,25,25
65626,57,69,-12,12
65627,101,93,8,8
65628,124,111,13,13
65629,100,93,7,7
65630,116,112,4,4
65631,124,101,23,23
65632,119,115,4,4
65633,95,102,-7,7
65634,131,110,21,21
65635,46,51,-5,5
65636,119,102,17,17
65637,86,75,11,11
65638,148,135,13,13
65639,63,57,6,6
65640,84,76,8,8
65641,88,78,10,10
65642,125,107,18,18
65643,180,146,34,34
65644,92,91,1,1
65645,73,73,0,0
65646,54,56,-2,2
65647,125,120,5,5
65648,158,141,17,17
65649,115,103,12,12
65650,176,162,14,14
65651,71,82,-11,11
65652,109,111,-2,2
65653,115,104,11,11
65654,135,120,15,15
65655,75,71,4,4
65656,71,70,1,1
65657,74,81,-7,7
65658,123,123,0,0
65659,85,80,5,5
65660,124,104,20,20
65661,51,51,0,0
65662,53,57,-4,4
65663,97,98,-1,1
65664,92,87,5,5
65665,122,113,9,9
65666,183,155,28,28
65667,94,97,-3,3
65668,151,128,23,23
65669,65,63,2,2
65670,146,133,13,13
65671,68,73,-5,5
65672,186,132,54,54
65673,121,101,20,20
65674,77,72,5,5
65675,99,100,-1,1
65676,102,97,5,5
65677,80,75,5,5
65678,123,111,12,12
65679,90,88,2,2
65680,96,93,3,3
65681,119,93,26,26
65682,136,122,14,14
65683,84,75,9,9
65684,135,127,8,8
65685,84,98,-14,14
65686,56,54,2,2
65687,81,79,2,2
65688,69,60,9,9
65689,89,70,19,19
65690,105,94,11,11
65691,113,105,8,8
65692,79,72,7,7
65693,167,139,28,28
65694,85,76,9,9
65695,80,78,2,2
65696,72,71,1,1
65697,129,119,10,10
65698,155,125,30,30
65699,53,55,-2,2
65700,48,51,-3,3
65701,45,40,5,5
65702,55,55,0,0
65703,99,94,5,5
65704,91,86,5,5
65705,75,67,8,8
65706,84,77,7,7
65707,38,46,-8,8
65708,41,46,-5,5
65709,86,82,4,4
65710,76,67,9,9
65711,53,55,-2,2
65712,63,64,-1,1
65713,79,72,7,7
65714,145,128,17,17
65715,97,91,6,6
65716,120,108,12,12
65717,74,71,3,3
65718,96,92,4,4
65719,101,87,14,14
65720,94,92,2,2
65721,92,79,13,13
65722,83,71,12,12
65723,122,98,24,24
65724,57,56,1,1
65725,56,61,-5,5
65726,123,114,9,9
65727,104,95,9,9
65728,147,126,21,21
65729,190,179,11,11
65730,120,106,14,14
65731,173,150,23,23
65732,52,51,1,1
65733,134,118,16,16
65734,110,96,14,14
65735,84,75,9,9
65736,92,88,4,4
65737,112,95,17,17
65738,60,57,3,3
65739,76,72,4,4
65740,159,133,26,26
65741,61,65,-4,4
65742,141,122,19,19
65743,107,98,9,9
65744,103,87,16,16
65745,129,120,9,9
65746,61,58,3,3
65747,77,68,9,9
65748,84,82,2,2
65749,78,75,3,3
65750,47,48,-1,1
65751,140,122,18,18
65752,56,51,5,5
65753,154,130,24,24
65754,77,81,-4,4
65755,85,70,15,15
65756,104,107,-3,3
65757,70,82,-12,12
65758,71,71,0,0
65759,63,61,2,2
65760,84,77,7,7
65761,110,93,17,17
65762,88,89,-1,1
65763,74,75,-1,1
65764,72,82,-10,10
65765,46,50,-4,4
65766,94,88,6,6
65767,93,95,-2,2
65768,63,60,3,3
65769,100,94,6,6
65770,71,68,3,3
65771,113,106,7,7
65772,88,77,11,11
65773,83,65,18,18
65774,76,80,-4,4
65775,83,71,12,12
65776,153,123,30,30
65777,134,124,10,10
65778,91,85,6,6
65779,56,53,3,3
65780,89,86,3,3
65781,51,54,-3,3
65782,121,107,14,14
65783,107,100,7,7
65784,97,136,-39,39
65785,79,73,6,6
65786,115,100,15,15
65787,60,62,-2,2
65788,105,95,10,10
65789,65,67,-2,2
65790,57,56,1,1
65791,169,146,23,23
65792,92,85,7,7
65793,104,111,-7,7
65794,68,64,4,4
65795,72,67,5,5
65796,92,87,5,5
65797,124,113,11,11
65798,85,83,2,2
65799,123,112,11,11
65800,112,98,14,14
65801,138,136,2,2
65802,205,175,30,30
65803,88,84,4,4
65804,82,79,3,3
65805,77,75,2,2
65806,68,64,4,4
65807,125,111,14,14
65808,87,79,8,8
65809,112,107,5,5
65810,66,72,-6,6
65811,132,113,19,19
65812,136,112,24,24
65813,232,201,31,31
65814,63,64,-1,1
65815,77,79,-2,2
65816,121,110,11,11
65817,161,140,21,21
65818,200,147,53,53
65819,65,62,3,3
65820,104,87,17,17
65821,129,106,23,23
65822,129,132,-3,3
65823,123,108,15,15
65824,72,75,-3,3
65825,59,60,-1,1
65826,94,99,-5,5
65827,102,106,-4,4
65828,74,71,3,3
65829,64,63,1,1
65830,48,51,-3,3
65831,80,77,3,3
65832,112,94,18,18
65833,67,115,-48,48
65834,79,81,-2,2
65835,79,77,2,2
65836,51,53,-2,2
65837,213,179,34,34
65838,116,110,6,6
65839,82,79,3,3
65840,88,85,3,3
65841,154,150,4,4
65842,93,84,9,9
65843,115,105,10,10
65844,58,53,5,5
65845,89,90,-1,1
65846,69,65,4,4
65847,124,107,17,17
65848,87,81,6,6
65849,114,108,6,6
65850,75,75,0,0
65851,46,65,-19,19
65852,54,54,0,0
65853,63,56,7,7
65854,54,53,1,1
65855,70,64,6,6
65856,98,85,13,13
65857,74,71,3,3
65858,76,70,6,6
65859,80,70,10,10
65860,73,121,-48,48
65861,108,99,9,9
65862,100,88,12,12
65863,64,55,9,9
65864,101,96,5,5
65865,75,70,5,5
65866,66,69,-3,3
65867,142,125,17,17
65868,47,48,-1,1
65869,71,58,13,13
65870,26,31,-5,5
65871,53,56,-3,3
65872,133,124,9,9
65873,96,89,7,7
65874,91,91,0,0
65875,83,72,11,11
65876,103,98,5,5
65877,89,76,13,13
65878,90,88,2,2
65879,95,97,-2,2
65880,32,31,1,1
65881,72,72,0,0
65882,99,78,21,21
65883,115,106,9,9
65884,86,88,-2,2
65885,93,97,-4,4
65886,129,110,19,19
65887,92,85,7,7
65888,114,107,7,7
65889,84,81,3,3
65890,93,86,7,7
65891,89,97,-8,8
65892,59,60,-1,1
65893,63,63,0,0
65894,59,59,0,0
65895,115,106,9,9
65896,144,114,30,30
65897,76,78,-2,2
65898,112,103,9,9
65899,118,121,-3,3
65900,80,79,1,1
65901,106,97,9,9
65902,92,90,2,2
65903,65,64,1,1
65904,130,128,2,2
65905,108,95,13,13
65906,44,56,-12,12
65907,101,97,4,4
65908,72,73,-1,1
65909,67,66,1,1
65910,73,72,1,1
65911,184,159,25,25
65912,83,76,7,7
65913,77,73,4,4
65914,113,101,12,12
65915,46,42,4,4
65916,101,103,-2,2
65917,92,88,4,4
65918,122,106,16,16
65919,67,61,6,6
65920,134,114,20,20
65921,82,78,4,4
65922,142,131,11,11
65923,101,87,14,14
65924,119,116,3,3
65925,44,47,-3,3
65926,105,99,6,6
65927,99,97,2,2
65928,127,112,15,15
65929,76,72,4,4
65930,107,89,18,18
65931,104,104,0,0
65932,104,90,14,14
65933,100,92,8,8
65934,106,92,14,14
65935,66,60,6,6
65936,154,130,24,24
65937,124,117,7,7
65938,118,110,8,8
65939,79,76,3,3
65940,76,74,2,2
65941,89,79,10,10
65942,67,67,0,0
65943,104,99,5,5
65944,108,90,18,18
65945,76,72,4,4
65946,47,51,-4,4
65947,98,98,0,0
65948,137,134,3,3
65949,111,99,12,12
65950,62,56,6,6
65951,37,38,-1,1
65952,69,64,5,5
65953,115,116,-1,1
65954,98,93,5,5
65955,62,61,1,1
65956,94,87,7,7
65957,46,54,-8,8
65958,97,82,15,15
65959,108,94,14,14
65960,124,111,13,13
65961,74,83,-9,9
65962,113,104,9,9
65963,96,94,2,2
65964,135,120,15,15
65965,81,78,3,3
65966,101,92,9,9
65967,109,106,3,3
65968,121,111,10,10
65969,62,53,9,9
65970,105,103,2,2
65971,105,88,17,17
65972,96,75,21,21
65973,90,70,20,20
65974,81,71,10,10
65975,137,120,17,17
65976,86,77,9,9
65977,86,84,2,2
65978,105,103,2,2
65979,120,107,13,13
65980,70,63,7,7
65981,90,81,9,9
65982,90,83,7,7
65983,79,75,4,4
65984,62,62,0,0
65985,56,61,-5,5
65986,62,59,3,3
65987,123,103,20,20
65988,108,104,4,4
65989,73,73,0,0
65990,92,81,11,11
65991,97,86,11,11
65992,94,84,10,10
65993,119,111,8,8
65994,125,114,11,11
65995,252,206,46,46
65996,124,115,9,9
65997,76,80,-4,4
65998,120,110,10,10
65999,83,79,4,4
66000,82,78,4,4
66001,93,90,3,3
66002,56,59,-3,3
66003,78,86,-8,8
66004,121,133,-12,12
66005,100,86,14,14
66006,91,77,14,14
66007,66,64,2,2
66008,62,59,3,3
66009,72,67,5,5
66010,77,78,-1,1
66011,93,85,8,8
66012,176,151,25,25
66013,55,55,0,0
66014,75,76,-1,1
66015,60,59,1,1
66016,143,120,23,23
66017,117,113,4,4
66018,36,49,-13,13
66019,45,44,1,1
66020,96,88,8,8
66021,81,82,-1,1
66022,106,94,12,12
66023,83,85,-2,2
66024,105,91,14,14
66025,80,81,-1,1
66026,43,46,-3,3
66027,103,98,5,5
66028,134,117,17,17
66029,53,54,-1,1
66030,115,99,16,16
66031,157,129,28,28
66032,67,73,-6,6
66033,104,110,-6,6
66034,148,137,11,11
66035,116,100,16,16
66036,100,89,11,11
66037,63,65,-2,2
66038,71,74,-3,3
66039,71,63,8,8
66040,67,72,-5,5
66041,105,106,-1,1
66042,102,94,8,8
66043,53,52,1,1
66044,71,69,2,2
66045,115,112,3,3
66046,105,92,13,13
66047,62,75,-13,13
66048,119,108,11,11
66049,151,130,21,21
66050,55,62,-7,7
66051,76,75,1,1
66052,37,42,-5,5
66053,126,94,32,32
66054,116,87,29,29
66055,119,109,10,10
66056,86,78,8,8
66057,64,68,-4,4
66058,53,56,-3,3
66059,108,94,14,14
66060,118,103,15,15
66061,126,116,10,10
66062,71,67,4,4
66063,99,95,4,4
66064,49,53,-4,4
66065,87,81,6,6
66066,75,67,8,8
66067,89,85,4,4
66068,94,83,11,11
66069,100,86,14,14
66070,80,69,11,11
66071,78,74,4,4
66072,65,69,-4,4
66073,104,92,12,12
66074,111,109,2,2
66075,182,141,41,41
66076,69,66,3,3
66077,67,63,4,4
66078,99,109,-10,10
66079,82,70,12,12
66080,99,79,20,20
66081,66,63,3,3
66082,162,143,19,19
66083,142,122,20,20
66084,84,81,3,3
66085,70,80,-10,10
66086,106,97,9,9
66087,57,59,-2,2
66088,89,77,12,12
66089,119,104,15,15
66090,90,78,12,12
66091,59,64,-5,5
66092,80,74,6,6
66093,113,101,12,12
66094,47,51,-4,4
66095,72,69,3,3
66096,178,169,9,9
66097,76,83,-7,7
66098,96,96,0,0
66099,83,79,4,4
66100,63,62,1,1
66101,144,131,13,13
66102,42,52,-10,10
66103,52,48,4,4
66104,125,104,21,21
66105,63,62,1,1
66106,69,56,13,13
66107,78,69,9,9
66108,63,76,-13,13
66109,80,81,-1,1
66110,101,95,6,6
66111,187,144,43,43
66112,163,136,27,27
66113,109,106,3,3
66114,101,103,-2,2
66115,86,83,3,3
66116,72,80,-8,8
66117,142,155,-13,13
66118,99,82,17,17
66119,64,64,0,0
66120,79,76,3,3
66121,85,65,20,20
66122,107,77,30,30
66123,97,87,10,10
66124,116,106,10,10
66125,67,66,1,1
66126,89,94,-5,5
66127,122,104,18,18
66128,140,128,12,12
66129,62,55,7,7
66130,119,120,-1,1
66131,117,102,15,15
66132,104,108,-4,4
66133,47,52,-5,5
66134,73,70,3,3
66135,159,125,34,34
66136,101,95,6,6
66137,77,63,14,14
66138,58,55,3,3
66139,78,75,3,3
66140,97,86,11,11
66141,76,70,6,6
66142,88,83,5,5
66143,64,62,2,2
66144,81,87,-6,6
66145,69,65,4,4
66146,115,122,-7,7
66147,65,80,-15,15
66148,76,62,14,14
66149,58,60,-2,2
66150,33,34,-1,1
66151,133,120,13,13
66152,45,66,-21,21
66153,123,115,8,8
66154,100,91,9,9
66155,82,80,2,2
66156,83,79,4,4
66157,117,99,18,18
66158,74,66,8,8
66159,103,97,6,6
66160,72,71,1,1
66161,142,118,24,24
66162,121,102,19,19
66163,82,76,6,6
66164,80,72,8,8
66165,100,96,4,4
66166,164,148,16,16
66167,95,84,11,11
66168,57,60,-3,3
66169,81,70,11,11
66170,39,40,-1,1
66171,123,110,13,13
66172,127,114,13,13
66173,82,77,5,5
66174,105,97,8,8
66175,72,65,7,7
66176,37,41,-4,4
66177,85,83,2,2
66178,152,131,21,21
66179,80,70,10,10
66180,55,55,0,0
66181,76,84,-8,8
66182,21,42,-21,21
66183,220,187,33,33
66184,159,127,32,32
66185,90,87,3,3
66186,148,137,11,11
66187,102,91,11,11
66188,83,74,9,9
66189,80,88,-8,8
66190,100,84,16,16
66191,111,92,19,19
66192,79,79,0,0
66193,82,76,6,6
66194,82,76,6,6
66195,197,175,22,22
66196,188,155,33,33
66197,177,170,7,7
66198,76,74,2,2
66199,157,157,0,0
66200,49,53,-4,4
66201,44,44,0,0
66202,66,66,0,0
66203,156,132,24,24
66204,111,112,-1,1
66205,69,74,-5,5
66206,188,166,22,22
66207,126,102,24,24
66208,73,67,6,6
66209,111,95,16,16
66210,94,80,14,14
66211,57,63,-6,6
66212,132,115,17,17
66213,164,149,15,15
66214,55,58,-3,3
66215,139,121,18,18
66216,77,69,8,8
66217,43,50,-7,7
66218,96,84,12,12
66219,88,80,8,8
66220,74,69,5,5
66221,81,78,3,3
66222,84,81,3,3
66223,100,94,6,6
66224,108,89,19,19
66225,44,58,-14,14
66226,77,80,-3,3
66227,79,78,1,1
66228,111,104,7,7
66229,86,79,7,7
66230,61,57,4,4
66231,85,76,9,9
66232,45,52,-7,7
66233,81,70,11,11
66234,159,135,24,24
66235,80,71,9,9
66236,94,80,14,14
66237,89,84,5,5
66238,96,87,9,9
66239,95,78,17,17
66240,127,101,26,26
66241,71,62,9,9
66242,68,62,6,6
66243,80,83,-3,3
66244,122,106,16,16
66245,136,124,12,12
66246,95,90,5,5
66247,89,82,7,7
66248,88,86,2,2
66249,44,43,1,1
66250,121,104,17,17
66251,47,46,1,1
66252,72,67,5,5
66253,72,69,3,3
66254,145,146,-1,1
66255,77,74,3,3
66256,129,130,-1,1
66257,65,66,-1,1
66258,121,106,15,15
66259,92,82,10,10
66260,100,98,2,2
66261,36,41,-5,5
66262,122,109,13,13
66263,112,91,21,21
66264,76,68,8,8
66265,112,113,-1,1
66266,75,77,-2,2
66267,81,77,4,4
66268,102,85,17,17
66269,43,53,-10,10
66270,92,87,5,5
66271,118,96,22,22
66272,73,71,2,2
66273,179,170,9,9
66274,63,65,-2,2
66275,128,125,3,3
66276,161,149,12,12
66277,178,142,36,36
66278,90,81,9,9
66279,74,73,1,1
66280,74,73,1,1
66281,95,92,3,3
66282,98,94,4,4
66283,94,85,9,9
66284,115,111,4,4
66285,131,125,6,6
66286,99,75,24,24
66287,87,80,7,7
66288,74,74,0,0
66289,56,56,0,0
66290,58,59,-1,1
66291,77,78,-1,1
66292,122,100,22,22
66293,70,71,-1,1
66294,40,51,-11,11
66295,106,102,4,4
66296,100,96,4,4
66297,73,73,0,0
66298,72,63,9,9
66299,99,94,5,5
66300,135,126,9,9
66301,184,151,33,33
66302,50,67,-17,17
66303,77,73,4,4
66304,48,51,-3,3
66305,76,67,9,9
66306,87,89,-2,2
66307,137,119,18,18
66308,110,107,3,3
66309,84,82,2,2
66310,74,76,-2,2
66311,83,73,10,10
66312,76,70,6,6
66313,107,124,-17,17
66314,78,67,11,11
66315,87,79,8,8
66316,64,67,-3,3
66317,60,59,1,1
66318,94,93,1,1
66319,80,70,10,10
66320,50,49,1,1
66321,54,51,3,3
66322,65,60,5,5
66323,101,103,-2,2
66324,89,81,8,8
66325,127,117,10,10
66326,59,65,-6,6
66327,90,92,-2,2
66328,77,75,2,2
66329,100,97,3,3
66330,103,96,7,7
66331,33,54,-21,21
66332,61,57,4,4
66333,63,74,-11,11
66334,47,50,-3,3
66335,51,50,1,1
66336,141,129,12,12
66337,74,68,6,6
66338,74,71,3,3
66339,85,77,8,8
66340,149,126,23,23
66341,90,86,4,4
66342,79,81,-2,2
66343,93,96,-3,3
66344,79,73,6,6
66345,146,133,13,13
66346,81,75,6,6
66347,83,99,-16,16
66348,196,168,28,28
66349,114,96,18,18
66350,102,93,9,9
66351,140,124,16,16
66352,46,42,4,4
66353,189,161,28,28
66354,102,96,6,6
66355,96,84,12,12
66356,73,81,-8,8
66357,131,129,2,2
66358,143,119,24,24
66359,94,101,-7,7
66360,95,91,4,4
66361,131,113,18,18
66362,138,117,21,21
66363,55,60,-5,5
66364,40,40,0,0
66365,97,86,11,11
66366,70,73,-3,3
66367,95,86,9,9
66368,86,74,12,12
66369,107,93,14,14
66370,45,52,-7,7
66371,107,99,8,8
66372,77,68,9,9
66373,75,69,6,6
66374,85,81,4,4
66375,81,81,0,0
66376,100,89,11,11
66377,65,71,-6,6
66378,57,59,-2,2
66379,61,51,10,10
66380,79,77,2,2
66381,104,98,6,6
66382,106,98,8,8
66383,55,53,2,2
66384,100,91,9,9
66385,89,86,3,3
66386,73,68,5,5
66387,77,78,-1,1
66388,59,58,1,1
66389,71,71,0,0
66390,52,58,-6,6
66391,58,56,2,2
66392,72,64,8,8
66393,90,80,10,10
66394,57,59,-2,2
66395,82,87,-5,5
66396,92,84,8,8
66397,88,73,15,15
66398,49,53,-4,4
66399,91,77,14,14
66400,171,147,24,24
66401,75,84,-9,9
66402,82,77,5,5
66403,74,67,7,7
66404,116,108,8,8
66405,95,78,17,17
66406,116,98,18,18
66407,74,95,-21,21
66408,100,92,8,8
66409,81,85,-4,4
66410,141,142,-1,1
66411,113,98,15,15
66412,100,87,13,13
66413,80,68,12,12
66414,96,83,13,13
66415,83,80,3,3
66416,68,73,-5,5
66417,66,60,6,6
66418,73,71,2,2
66419,169,155,14,14
66420,119,97,22,22
66421,82,88,-6,6
66422,85,79,6,6
66423,92,98,-6,6
66424,92,85,7,7
66425,164,141,23,23
66426,131,122,9,9
66427,106,112,-6,6
66428,72,69,3,3
66429,54,56,-2,2
66430,75,73,2,2
66431,62,57,5,5
66432,89,83,6,6
66433,63,56,7,7
66434,87,77,10,10
66435,136,114,22,22
66436,79,74,5,5
66437,86,82,4,4
66438,71,72,-1,1
66439,68,61,7,7
66440,127,114,13,13
66441,78,79,-1,1
66442,43,43,0,0
66443,82,74,8,8
66444,61,62,-1,1
66445,91,94,-3,3
66446,78,76,2,2
66447,121,111,10,10
66448,83,80,3,3
66449,169,161,8,8
66450,56,58,-2,2
66451,78,57,21,21
66452,73,73,0,0
66453,66,65,1,1
66454,67,58,9,9
66455,69,52,17,17
66456,96,88,8,8
66457,118,102,16,16
66458,67,67,0,0
66459,58,59,-1,1
66460,77,62,15,15
66461,164,138,26,26
66462,57,58,-1,1
66463,98,93,5,5
66464,97,86,11,11
66465,58,62,-4,4
66466,107,101,6,6
66467,70,73,-3,3
66468,121,109,12,12
66469,144,120,24,24
66470,157,144,13,13
66471,113,105,8,8
66472,66,62,4,4
66473,47,64,-17,17
66474,106,91,15,15
66475,77,75,2,2
66476,180,167,13,13
66477,55,57,-2,2
66478,57,65,-8,8
66479,104,96,8,8
66480,120,108,12,12
66481,124,104,20,20
66482,157,148,9,9
66483,185,167,18,18
66484,63,61,2,2
66485,158,130,28,28
66486,161,153,8,8
66487,61,63,-2,2
66488,104,100,4,4
66489,65,62,3,3
66490,174,152,22,22
66491,52,56,-4,4
66492,118,100,18,18
66493,89,82,7,7
66494,88,80,8,8
66495,88,85,3,3
66496,62,66,-4,4
66497,67,63,4,4
66498,118,105,13,13
66499,113,111,2,2
66500,99,98,1,1
66501,68,66,2,2
66502,50,44,6,6
66503,123,116,7,7
66504,97,87,10,10
66505,93,100,-7,7
66506,132,99,33,33
66507,70,69,1,1
66508,65,58,7,7
66509,80,89,-9,9
66510,79,70,9,9
66511,96,93,3,3
66512,69,74,-5,5
66513,142,127,15,15
66514,126,116,10,10
66515,88,103,-15,15
66516,57,53,4,4
66517,68,60,8,8
66518,97,99,-2,2
66519,128,118,10,10
66520,129,129,0,0
66521,92,82,10,10
66522,146,114,32,32
66523,83,80,3,3
66524,92,81,11,11
66525,207,168,39,39
66526,40,51,-11,11
66527,92,88,4,4
66528,95,101,-6,6
66529,107,95,12,12
66530,51,55,-4,4
66531,210,173,37,37
66532,73,70,3,3
66533,103,89,14,14
66534,120,110,10,10
66535,132,107,25,25
66536,112,100,12,12
66537,86,79,7,7
66538,195,172,23,23
66539,69,66,3,3
66540,91,84,7,7
66541,57,72,-15,15
66542,112,100,12,12
66543,72,78,-6,6
66544,90,80,10,10
66545,99,91,8,8
66546,46,44,2,2
66547,51,52,-1,1
66548,107,98,9,9
66549,156,143,13,13
66550,61,60,1,1
66551,88,78,10,10
66552,107,95,12,12
66553,121,102,19,19
66554,89,76,13,13
66555,99,97,2,2
66556,87,85,2,2
66557,46,51,-5,5
66558,152,141,11,11
66559,67,65,2,2
66560,164,152,12,12
66561,68,68,0,0
66562,94,86,8,8
66563,60,65,-5,5
66564,205,168,37,37
66565,92,84,8,8
66566,95,83,12,12
66567,67,56,11,11
66568,55,58,-3,3
66569,151,123,28,28
66570,160,141,19,19
66571,29,31,-2,2
66572,108,97,11,11
66573,112,111,1,1
66574,109,146,-37,37
66575,86,76,10,10
66576,75,74,1,1
66577,60,61,-1,1
66578,64,66,-2,2
66579,64,81,-17,17
66580,110,107,3,3
66581,81,83,-2,2
66582,79,74,5,5
66583,124,105,19,19
66584,94,91,3,3
66585,73,85,-12,12
66586,111,97,14,14
66587,107,96,11,11
66588,71,64,7,7
66589,125,116,9,9
66590,123,102,21,21
66591,63,58,5,5
66592,98,93,5,5
66593,101,88,13,13
66594,129,118,11,11
66595,96,90,6,6
66596,58,55,3,3
66597,162,149,13,13
66598,48,50,-2,2
66599,151,130,21,21
66600,67,63,4,4
66601,122,108,14,14
66602,100,95,5,5
66603,135,134,1,1
66604,213,165,48,48
66605,129,128,1,1
66606,61,64,-3,3
66607,70,71,-1,1
66608,88,83,5,5
66609,75,72,3,3
66610,159,147,12,12
66611,100,99,1,1
66612,75,66,9,9
66613,120,126,-6,6
66614,70,69,1,1
66615,129,110,19,19
66616,124,86,38,38
66617,105,94,11,11
66618,60,54,6,6
66619,76,65,11,11
66620,64,72,-8,8
66621,145,133,12,12
66622,95,103,-8,8
66623,104,102,2,2
66624,148,128,20,20
66625,126,118,8,8
66626,142,125,17,17
66627,67,65,2,2
66628,96,97,-1,1
66629,114,102,12,12
66630,47,56,-9,9
66631,125,117,8,8
66632,66,66,0,0
66633,203,198,5,5
66634,58,62,-4,4
66635,114,101,13,13
66636,100,113,-13,13
66637,92,91,1,1
66638,114,112,2,2
66639,67,67,0,0
66640,56,52,4,4
66641,78,72,6,6
66642,62,60,2,2
66643,77,82,-5,5
66644,104,92,12,12
66645,37,41,-4,4
66646,94,87,7,7
66647,108,89,19,19
66648,42,41,1,1
66649,106,98,8,8
66650,74,69,5,5
66651,116,97,19,19
66652,77,63,14,14
66653,123,118,5,5
66654,89,90,-1,1
66655,74,68,6,6
66656,118,109,9,9
66657,73,73,0,0
66658,69,80,-11,11
66659,79,74,5,5
66660,58,62,-4,4
66661,172,131,41,41
66662,118,101,17,17
66663,140,120,20,20
66664,124,115,9,9
66665,111,95,16,16
66666,88,95,-7,7
66667,90,106,-16,16
66668,59,51,8,8
66669,139,131,8,8
66670,125,117,8,8
66671,64,64,0,0
66672,147,123,24,24
66673,50,57,-7,7
66674,81,77,4,4
66675,105,94,11,11
66676,63,64,-1,1
66677,87,88,-1,1
66678,90,83,7,7
66679,47,48,-1,1
66680,134,117,17,17
66681,61,60,1,1
66682,73,87,-14,14
66683,73,65,8,8
66684,78,78,0,0
66685,134,115,19,19
66686,51,49,2,2
66687,108,97,11,11
66688,96,86,10,10
66689,54,71,-17,17
66690,122,113,9,9
66691,129,117,12,12
66692,86,73,13,13
66693,114,104,10,10
66694,70,68,2,2
66695,79,78,1,1
66696,56,57,-1,1
66697,66,65,1,1
66698,89,78,11,11
66699,106,93,13,13
66700,77,75,2,2
66701,82,76,6,6
66702,63,78,-15,15
66703,87,82,5,5
66704,119,118,1,1
66705,146,125,21,21
66706,71,60,11,11
66707,70,75,-5,5
66708,82,80,2,2
66709,72,72,0,0
66710,91,88,3,3
66711,57,68,-11,11
66712,68,64,4,4
66713,92,82,10,10
66714,71,70,1,1
66715,100,88,12,12
66716,106,91,15,15
66717,64,55,9,9
66718,58,63,-5,5
66719,74,68,6,6
66720,104,106,-2,2
66721,133,116,17,17
66722,59,56,3,3
66723,77,73,4,4
66724,90,82,8,8
66725,116,88,28,28
66726,94,85,9,9
66727,102,98,4,4
66728,130,117,13,13
66729,115,108,7,7
66730,79,71,8,8
66731,151,130,21,21
66732,88,92,-4,4
66733,188,158,30,30
66734,91,87,4,4
66735,81,71,10,10
66736,74,73,1,1
66737,80,76,4,4
66738,125,108,17,17
66739,140,125,15,15
66740,60,60,0,0
66741,45,51,-6,6
66742,65,70,-5,5
66743,120,110,10,10
66744,105,101,4,4
66745,136,128,8,8
66746,31,59,-28,28
66747,77,76,1,1
66748,79,83,-4,4
66749,96,90,6,6
66750,40,57,-17,17
66751,54,55,-1,1
66752,94,80,14,14
66753,83,98,-15,15
66754,54,54,0,0
66755,92,87,5,5
66756,146,120,26,26
66757,172,149,23,23
66758,62,57,5,5
66759,155,140,15,15
66760,111,97,14,14
66761,99,88,11,11
66762,126,106,20,20
66763,55,54,1,1
66764,202,179,23,23
66765,60,61,-1,1
66766,97,86,11,11
66767,111,96,15,15
66768,114,104,10,10
66769,81,71,10,10
66770,35,50,-15,15
66771,88,82,6,6
66772,62,62,0,0
66773,84,80,4,4
66774,96,81,15,15
66775,105,98,7,7
66776,67,69,-2,2
66777,68,70,-2,2
66778,75,70,5,5
66779,64,65,-1,1
66780,165,133,32,32
66781,92,114,-22,22
66782,136,109,27,27
66783,93,88,5,5
66784,58,51,7,7
66785,72,71,1,1
66786,87,81,6,6
66787,53,57,-4,4
66788,138,122,16,16
66789,98,96,2,2
66790,81,78,3,3
66791,82,81,1,1
66792,140,133,7,7
66793,92,84,8,8
66794,116,107,9,9
66795,169,147,22,22
66796,76,76,0,0
66797,70,67,3,3
66798,206,171,35,35
66799,118,103,15,15
66800,82,81,1,1
66801,143,128,15,15
66802,113,97,16,16
66803,82,76,6,6
66804,72,67,5,5
66805,53,52,1,1
66806,38,52,-14,14
66807,102,91,11,11
66808,98,94,4,4
66809,60,64,-4,4
66810,133,117,16,16
66811,108,94,14,14
66812,103,91,12,12
66813,58,61,-3,3
66814,80,75,5,5
66815,72,69,3,3
66816,103,90,13,13
66817,115,115,0,0
66818,66,72,-6,6
66819,134,119,15,15
66820,129,113,16,16
66821,82,80,2,2
66822,92,84,8,8
66823,72,65,7,7
66824,156,140,16,16
66825,97,93,4,4
66826,80,78,2,2
66827,110,92,18,18
66828,112,97,15,15
66829,73,67,6,6
66830,93,92,1,1
66831,84,90,-6,6
66832,69,62,7,7
66833,63,74,-11,11
66834,97,89,8,8
66835,51,61,-10,10
66836,117,108,9,9
66837,102,105,-3,3
66838,63,65,-2,2
66839,90,107,-17,17
66840,75,69,6,6
66841,31,75,-44,44
66842,118,112,6,6
66843,110,115,-5,5
66844,126,114,12,12
66845,132,127,5,5
66846,94,81,13,13
66847,55,67,-12,12
66848,119,100,19,19
66849,47,51,-4,4
66850,152,125,27,27
66851,38,52,-14,14
66852,96,103,-7,7
66853,79,65,14,14
66854,63,58,5,5
66855,120,113,7,7
66856,97,82,15,15
66857,65,58,7,7
66858,108,101,7,7
66859,146,133,13,13
66860,99,96,3,3
66861,50,50,0,0
66862,98,92,6,6
66863,61,55,6,6
66864,67,68,-1,1
66865,102,92,10,10
66866,98,85,13,13
66867,127,114,13,13
66868,134,118,16,16
66869,107,95,12,12
66870,62,63,-1,1
66871,83,79,4,4
66872,41,35,6,6
66873,65,71,-6,6
66874,73,75,-2,2
66875,81,75,6,6
66876,85,78,7,7
66877,85,71,14,14
66878,117,105,12,12
66879,128,122,6,6
66880,89,83,6,6
66881,42,38,4,4
66882,125,132,-7,7
66883,68,65,3,3
66884,72,75,-3,3
66885,96,89,7,7
66886,134,122,12,12
66887,122,114,8,8
66888,87,85,2,2
66889,54,55,-1,1
66890,79,74,5,5
66891,148,122,26,26
66892,66,68,-2,2
66893,142,125,17,17
66894,106,89,17,17
66895,48,50,-2,2
66896,57,67,-10,10
66897,126,112,14,14
66898,51,56,-5,5
66899,109,112,-3,3
66900,106,102,4,4
66901,102,94,8,8
66902,94,88,6,6
66903,112,101,11,11
66904,140,119,21,21
66905,117,111,6,6
66906,112,88,24,24
66907,49,63,-14,14
66908,156,136,20,20
66909,89,79,10,10
66910,74,75,-1,1
66911,67,70,-3,3
66912,70,77,-7,7
66913,93,92,1,1
66914,93,90,3,3
66915,101,97,4,4
66916,76,81,-5,5
66917,67,66,1,1
66918,106,95,11,11
66919,72,78,-6,6
66920,65,61,4,4
66921,87,82,5,5
66922,89,80,9,9
66923,257,270,-13,13
66924,175,158,17,17
66925,69,64,5,5
66926,76,65,11,11
66927,65,58,7,7
66928,153,135,18,18
66929,68,68,0,0
66930,116,98,18,18
66931,114,113,1,1
66932,76,74,2,2
66933,65,57,8,8
66934,104,94,10,10
66935,148,126,22,22
66936,43,44,-1,1
66937,90,83,7,7
66938,99,91,8,8
66939,128,123,5,5
66940,110,105,5,5
66941,42,54,-12,12
66942,120,110,10,10
66943,135,103,32,32
66944,134,127,7,7
66945,116,114,2,2
66946,138,113,25,25
66947,125,108,17,17
66948,43,45,-2,2
66949,89,75,14,14
66950,126,101,25,25
66951,90,79,11,11
66952,77,74,3,3
66953,91,86,5,5
66954,120,101,19,19
66955,63,59,4,4
66956,88,81,7,7
66957,50,51,-1,1
66958,110,103,7,7
66959,71,66,5,5
66960,81,73,8,8
66961,120,108,12,12
66962,94,87,7,7
66963,51,54,-3,3
66964,84,84,0,0
66965,96,88,8,8
66966,179,151,28,28
66967,57,54,3,3
66968,114,105,9,9
66969,111,108,3,3
66970,111,96,15,15
66971,101,86,15,15
66972,53,50,3,3
66973,97,91,6,6
66974,98,86,12,12
66975,50,52,-2,2
66976,82,79,3,3
66977,108,93,15,15
66978,59,61,-2,2
66979,69,66,3,3
66980,68,67,1,1
66981,69,74,-5,5
66982,73,72,1,1
66983,28,31,-3,3
66984,75,72,3,3
66985,68,64,4,4
66986,110,105,5,5
66987,99,96,3,3
66988,72,69,3,3
66989,74,71,3,3
66990,70,72,-2,2
66991,109,92,17,17
66992,191,170,21,21
66993,54,52,2,2
66994,119,110,9,9
66995,76,71,5,5
66996,174,154,20,20
66997,87,80,7,7
66998,88,80,8,8
66999,53,53,0,0
67000,75,72,3,3
67001,68,61,7,7
67002,118,113,5,5
67003,114,99,15,15
67004,101,95,6,6
67005,102,95,7,7
67006,82,79,3,3
67007,100,96,4,4
67008,134,123,11,11
67009,140,132,8,8
67010,109,108,1,1
67011,124,112,12,12
67012,157,125,32,32
67013,67,61,6,6
67014,117,109,8,8
67015,64,60,4,4
67016,89,89,0,0
67017,52,44,8,8
67018,126,114,12,12
67019,99,93,6,6
67020,82,75,7,7
67021,96,76,20,20
67022,85,74,11,11
67023,68,73,-5,5
67024,132,114,18,18
67025,148,130,18,18
67026,56,52,4,4
67027,173,159,14,14
67028,115,111,4,4
67029,99,92,7,7
67030,115,114,1,1
67031,71,72,-1,1
67032,141,126,15,15
67033,111,100,11,11
67034,53,55,-2,2
67035,279,204,75,75
67036,101,83,18,18
67037,93,85,8,8
67038,71,64,7,7
67039,163,144,19,19
67040,52,50,2,2
67041,109,101,8,8
67042,80,84,-4,4
67043,72,99,-27,27
67044,72,64,8,8
67045,87,80,7,7
67046,82,80,2,2
67047,74,75,-1,1
67048,156,135,21,21
67049,133,115,18,18
67050,123,107,16,16
67051,63,61,2,2
67052,70,70,0,0
67053,40,40,0,0
67054,76,82,-6,6
67055,201,173,28,28
67056,76,79,-3,3
67057,109,107,2,2
67058,116,110,6,6
67059,45,43,2,2
67060,59,58,1,1
67061,104,86,18,18
67062,122,136,-14,14
67063,108,92,16,16
67064,59,65,-6,6
67065,111,113,-2,2
67066,47,43,4,4
67067,123,112,11,11
67068,127,109,18,18
67069,98,91,7,7
67070,90,84,6,6
67071,70,71,-1,1
67072,102,93,9,9
67073,101,93,8,8
67074,72,85,-13,13
67075,86,96,-10,10
67076,77,74,3,3
67077,175,141,34,34
67078,85,80,5,5
67079,109,99,10,10
67080,143,124,19,19
67081,79,80,-1,1
67082,81,76,5,5
67083,110,94,16,16
67084,68,74,-6,6
67085,107,96,11,11
67086,115,105,10,10
67087,120,112,8,8
67088,67,66,1,1
67089,95,79,16,16
67090,116,106,10,10
67091,83,79,4,4
67092,97,83,14,14
67093,85,84,1,1
67094,91,93,-2,2
67095,147,128,19,19
67096,60,66,-6,6
67097,104,91,13,13
67098,99,90,9,9
67099,142,121,21,21
67100,65,63,2,2
67101,58,57,1,1
67102,81,82,-1,1
67103,85,80,5,5
67104,158,141,17,17
67105,57,55,2,2
67106,32,35,-3,3
67107,161,139,22,22
67108,139,123,16,16
67109,123,112,11,11
67110,141,132,9,9
67111,127,115,12,12
67112,65,64,1,1
67113,177,149,28,28
67114,131,118,13,13
67115,140,125,15,15
67116,51,55,-4,4
67117,85,82,3,3
67118,75,72,3,3
67119,103,92,11,11
67120,155,128,27,27
67121,85,75,10,10
67122,72,70,2,2
67123,80,68,12,12
67124,62,63,-1,1
67125,58,58,0,0
67126,53,54,-1,1
67127,76,84,-8,8
67128,117,111,6,6
67129,75,67,8,8
67130,138,119,19,19
67131,82,74,8,8
67132,79,75,4,4
67133,83,87,-4,4
67134,79,71,8,8
67135,141,123,18,18
67136,76,67,9,9
67137,165,142,23,23
67138,150,140,10,10
67139,65,61,4,4
67140,37,39,-2,2
67141,55,55,0,0
67142,227,195,32,32
67143,82,81,1,1
67144,70,67,3,3
67145,57,55,2,2
67146,73,65,8,8
67147,78,71,7,7
67148,58,58,0,0
67149,87,80,7,7
67150,48,56,-8,8
67151,127,120,7,7
67152,65,55,10,10
67153,111,89,22,22
67154,74,71,3,3
67155,103,90,13,13
67156,91,76,15,15
67157,188,186,2,2
67158,98,103,-5,5
67159,86,80,6,6
67160,68,59,9,9
67161,99,90,9,9
67162,68,65,3,3
67163,87,76,11,11
67164,110,103,7,7
67165,53,60,-7,7
67166,75,70,5,5
67167,113,103,10,10
67168,103,116,-13,13
67169,48,55,-7,7
67170,180,154,26,26
67171,67,73,-6,6
67172,69,70,-1,1
67173,114,115,-1,1
67174,82,71,11,11
67175,152,134,18,18
67176,108,101,7,7
67177,126,113,13,13
67178,126,128,-2,2
67179,68,70,-2,2
67180,111,98,13,13
67181,127,104,23,23
67182,106,93,13,13
67183,93,96,-3,3
67184,134,127,7,7
67185,65,67,-2,2
67186,129,108,21,21
67187,84,81,3,3
67188,64,64,0,0
67189,147,126,21,21
67190,123,108,15,15
67191,102,94,8,8
67192,66,56,10,10
67193,56,57,-1,1
67194,99,101,-2,2
67195,92,84,8,8
67196,96,89,7,7
67197,125,125,0,0
67198,85,78,7,7
67199,100,87,13,13
67200,77,76,1,1
67201,69,66,3,3
67202,95,89,6,6
67203,87,77,10,10
67204,112,102,10,10
67205,124,112,12,12
67206,99,87,12,12
67207,65,61,4,4
67208,119,92,27,27
67209,66,68,-2,2
67210,89,79,10,10
67211,139,117,22,22
67212,111,93,18,18
67213,81,87,-6,6
67214,100,94,6,6
67215,82,74,8,8
67216,145,143,2,2
67217,91,88,3,3
67218,187,173,14,14
67219,84,80,4,4
67220,45,49,-4,4
67221,116,109,7,7
67222,69,65,4,4
67223,80,80,0,0
67224,44,36,8,8
67225,93,94,-1,1
67226,58,52,6,6
67227,74,75,-1,1
67228,74,72,2,2
67229,99,103,-4,4
67230,93,93,0,0
67231,67,64,3,3
67232,108,102,6,6
67233,108,107,1,1
67234,116,95,21,21
67235,127,104,23,23
67236,98,88,10,10
67237,115,115,0,0
67238,131,121,10,10
67239,185,153,32,32
67240,120,99,21,21
67241,75,74,1,1
67242,165,125,40,40
67243,44,71,-27,27
67244,82,80,2,2
67245,66,74,-8,8
67246,72,70,2,2
67247,137,118,19,19
67248,66,71,-5,5
67249,79,87,-8,8
67250,48,51,-3,3
67251,76,73,3,3
67252,87,77,10,10
67253,90,74,16,16
67254,67,68,-1,1
67255,139,126,13,13
67256,52,53,-1,1
67257,97,84,13,13
67258,135,117,18,18
67259,60,51,9,9
67260,65,67,-2,2
67261,61,51,10,10
67262,175,150,25,25
67263,146,124,22,22
67264,64,72,-8,8
67265,122,112,10,10
67266,66,65,1,1
67267,62,60,2,2
67268,97,94,3,3
67269,117,113,4,4
67270,72,73,-1,1
67271,66,80,-14,14
67272,147,115,32,32
67273,139,119,20,20
67274,143,138,5,5
67275,106,100,6,6
67276,81,88,-7,7
67277,85,72,13,13
67278,112,97,15,15
67279,74,79,-5,5
67280,157,135,22,22
67281,76,69,7,7
67282,69,65,4,4
67283,133,117,16,16
67284,79,84,-5,5
67285,58,60,-2,2
67286,111,105,6,6
67287,195,165,30,30
67288,129,106,23,23
67289,58,78,-20,20
67290,101,103,-2,2
67291,186,161,25,25
67292,76,64,12,12
67293,72,69,3,3
67294,100,98,2,2
67295,60,57,3,3
67296,59,61,-2,2
67297,118,104,14,14
67298,195,157,38,38
67299,92,82,10,10
67300,245,228,17,17
67301,102,103,-1,1
67302,84,82,2,2
67303,95,87,8,8
67304,126,110,16,16
67305,101,86,15,15
67306,192,157,35,35
67307,118,109,9,9
67308,72,77,-5,5
67309,66,66,0,0
67310,72,72,0,0
67311,75,72,3,3
67312,47,50,-3,3
67313,53,53,0,0
67314,75,78,-3,3
67315,77,84,-7,7
67316,133,129,4,4
67317,66,65,1,1
67318,122,117,5,5
67319,151,140,11,11
67320,95,102,-7,7
67321,70,74,-4,4
67322,66,65,1,1
67323,101,92,9,9
67324,92,82,10,10
67325,94,81,13,13
67326,80,69,11,11
67327,86,89,-3,3
67328,99,85,14,14
67329,167,139,28,28
67330,104,91,13,13
67331,92,80,12,12
67332,82,86,-4,4
67333,93,85,8,8
67334,57,53,4,4
67335,80,73,7,7
67336,154,123,31,31
67337,92,82,10,10
67338,121,105,16,16
67339,90,92,-2,2
67340,94,88,6,6
67341,100,93,7,7
67342,55,58,-3,3
67343,179,162,17,17
67344,157,134,23,23
67345,58,66,-8,8
67346,94,99,-5,5
67347,85,77,8,8
67348,55,61,-6,6
67349,72,60,12,12
67350,114,104,10,10
67351,99,93,6,6
67352,75,67,8,8
67353,45,43,2,2
67354,58,54,4,4
67355,110,99,11,11
67356,69,72,-3,3
67357,68,64,4,4
67358,102,88,14,14
67359,77,78,-1,1
67360,85,77,8,8
67361,112,103,9,9
67362,40,42,-2,2
67363,73,72,1,1
67364,76,76,0,0
67365,65,64,1,1
67366,72,79,-7,7
67367,89,104,-15,15
67368,110,108,2,2
67369,91,83,8,8
67370,59,81,-22,22
67371,90,78,12,12
67372,84,79,5,5
67373,130,114,16,16
67374,63,56,7,7
67375,63,65,-2,2
67376,87,79,8,8
67377,106,105,1,1
67378,145,125,20,20
67379,128,120,8,8
67380,81,78,3,3
67381,111,91,20,20
67382,76,77,-1,1
67383,53,63,-10,10
67384,82,74,8,8
67385,100,92,8,8
67386,74,82,-8,8
67387,105,100,5,5
67388,58,56,2,2
67389,102,97,5,5
67390,113,100,13,13
67391,99,97,2,2
67392,113,103,10,10
67393,55,54,1,1
67394,98,84,14,14
67395,108,104,4,4
67396,54,51,3,3
67397,99,90,9,9
67398,78,74,4,4
67399,68,57,11,11
67400,45,45,0,0
67401,71,74,-3,3
67402,216,181,35,35
67403,103,94,9,9
67404,77,72,5,5
67405,64,67,-3,3
67406,108,102,6,6
67407,106,81,25,25
67408,124,99,25,25
67409,71,67,4,4
67410,91,77,14,14
67411,80,81,-1,1
67412,122,112,10,10
67413,105,99,6,6
67414,80,78,2,2
67415,142,113,29,29
67416,64,85,-21,21
67417,95,75,20,20
67418,112,113,-1,1
67419,83,72,11,11
67420,147,126,21,21
67421,47,51,-4,4
67422,80,78,2,2
67423,104,102,2,2
67424,71,73,-2,2
67425,67,63,4,4
67426,69,71,-2,2
67427,82,78,4,4
67428,85,74,11,11
67429,144,130,14,14
67430,81,86,-5,5
67431,141,129,12,12
67432,86,76,10,10
67433,176,160,16,16
67434,74,66,8,8
67435,91,83,8,8
67436,102,79,23,23
67437,74,65,9,9
67438,97,88,9,9
67439,60,61,-1,1
67440,97,93,4,4
67441,119,108,11,11
67442,97,98,-1,1
67443,70,70,0,0
67444,102,90,12,12
67445,61,65,-4,4
67446,86,73,13,13
67447,45,50,-5,5
67448,51,54,-3,3
67449,130,123,7,7
67450,74,76,-2,2
67451,78,77,1,1
67452,163,149,14,14
67453,52,61,-9,9
67454,99,97,2,2
67455,84,82,2,2
67456,109,95,14,14
67457,84,80,4,4
67458,88,91,-3,3
67459,117,103,14,14
67460,186,160,26,26
67461,55,51,4,4
67462,65,76,-11,11
67463,119,121,-2,2
67464,71,70,1,1
67465,87,75,12,12
67466,51,56,-5,5
67467,46,50,-4,4
67468,61,62,-1,1
67469,103,87,16,16
67470,84,77,7,7
67471,56,57,-1,1
67472,73,72,1,1
67473,84,79,5,5
67474,127,105,22,22
67475,178,165,13,13
67476,71,68,3,3
67477,107,96,11,11
67478,111,94,17,17
67479,69,68,1,1
67480,94,90,4,4
67481,45,50,-5,5
67482,94,90,4,4
67483,120,116,4,4
67484,63,65,-2,2
67485,78,70,8,8
67486,40,44,-4,4
67487,114,102,12,12
67488,112,99,13,13
67489,152,133,19,19
67490,184,145,39,39
67491,84,78,6,6
67492,122,104,18,18
67493,108,91,17,17
67494,64,61,3,3
67495,114,102,12,12
67496,143,134,9,9
67497,97,81,16,16
67498,99,90,9,9
67499,145,139,6,6
67500,63,61,2,2
67501,111,105,6,6
67502,68,69,-1,1
67503,108,108,0,0
67504,94,78,16,16
67505,77,74,3,3
67506,49,56,-7,7
67507,82,76,6,6
67508,66,65,1,1
67509,74,65,9,9
67510,142,136,6,6
67511,82,83,-1,1
67512,87,77,10,10
67513,78,75,3,3
67514,58,63,-5,5
67515,108,101,7,7
67516,50,76,-26,26
67517,170,148,22,22
67518,74,73,1,1
67519,102,95,7,7
67520,95,88,7,7
67521,90,80,10,10
67522,118,106,12,12
67523,70,64,6,6
67524,111,102,9,9
67525,96,99,-3,3
67526,81,76,5,5
67527,110,97,13,13
67528,94,84,10,10
67529,99,97,2,2
67530,107,99,8,8
67531,129,124,5,5
67532,135,113,22,22
67533,123,105,18,18
67534,67,68,-1,1
67535,79,76,3,3
67536,91,89,2,2
67537,72,68,4,4
67538,150,147,3,3
67539,117,116,1,1
67540,60,62,-2,2
67541,102,98,4,4
67542,32,48,-16,16
67543,65,63,2,2
67544,163,145,18,18
67545,99,86,13,13
67546,76,71,5,5
67547,146,120,26,26
67548,137,120,17,17
67549,131,121,10,10
67550,152,130,22,22
67551,93,98,-5,5
67552,78,72,6,6
67553,83,76,7,7
67554,109,90,19,19
67555,134,129,5,5
67556,56,70,-14,14
67557,82,74,8,8
67558,50,41,9,9
67559,104,97,7,7
67560,78,77,1,1
67561,60,57,3,3
67562,137,118,19,19
67563,64,61,3,3
67564,144,132,12,12
67565,49,51,-2,2
67566,104,93,11,11
67567,66,62,4,4
67568,71,65,6,6
67569,128,111,17,17
67570,84,99,-15,15
67571,141,136,5,5
67572,97,85,12,12
67573,52,50,2,2
67574,74,71,3,3
67575,98,105,-7,7
67576,71,68,3,3
67577,56,54,2,2
67578,71,72,-1,1
67579,123,108,15,15
67580,146,116,30,30
67581,77,74,3,3
67582,68,70,-2,2
67583,110,87,23,23
67584,85,78,7,7
67585,162,122,40,40
67586,105,88,17,17
67587,68,64,4,4
67588,100,84,16,16
67589,103,94,9,9
67590,121,102,19,19
67591,96,80,16,16
67592,199,163,36,36
67593,83,78,5,5
67594,91,85,6,6
67595,61,63,-2,2
67596,103,101,2,2
67597,95,89,6,6
67598,68,67,1,1
67599,94,84,10,10
67600,54,52,2,2
67601,160,123,37,37
67602,123,102,21,21
67603,154,132,22,22
67604,48,55,-7,7
67605,66,69,-3,3
67606,81,76,5,5
67607,56,58,-2,2
67608,160,129,31,31
67609,121,137,-16,16
67610,103,84,19,19
67611,126,110,16,16
67612,82,75,7,7
67613,63,72,-9,9
67614,88,83,5,5
67615,111,109,2,2
67616,139,124,15,15
67617,103,92,11,11
67618,74,75,-1,1
67619,133,112,21,21
67620,49,52,-3,3
67621,93,84,9,9
67622,86,80,6,6
67623,77,68,9,9
67624,56,70,-14,14
67625,66,60,6,6
67626,132,117,15,15
67627,149,123,26,26
67628,39,36,3,3
67629,117,106,11,11
67630,98,91,7,7
67631,59,59,0,0
67632,146,133,13,13
67633,106,88,18,18
67634,63,64,-1,1
67635,90,86,4,4
67636,73,73,0,0
67637,80,72,8,8
67638,89,79,10,10
67639,88,80,8,8
67640,51,51,0,0
67641,85,79,6,6
67642,106,117,-11,11
67643,136,118,18,18
67644,46,44,2,2
67645,107,105,2,2
67646,154,146,8,8
67647,109,99,10,10
67648,79,74,5,5
67649,94,79,15,15
67650,64,63,1,1
67651,63,56,7,7
67652,62,60,2,2
67653,58,63,-5,5
67654,48,51,-3,3
67655,67,67,0,0
67656,74,71,3,3
67657,94,86,8,8
67658,75,67,8,8
67659,158,132,26,26
67660,134,114,20,20
67661,189,159,30,30
67662,62,67,-5,5
67663,73,70,3,3
67664,89,89,0,0
67665,42,50,-8,8
67666,129,108,21,21
67667,65,71,-6,6
67668,49,51,-2,2
67669,163,139,24,24
67670,93,84,9,9
67671,185,157,28,28
67672,91,85,6,6
67673,43,46,-3,3
67674,163,149,14,14
67675,65,64,1,1
67676,49,36,13,13
67677,62,60,2,2
67678,123,123,0,0
67679,78,75,3,3
67680,144,123,21,21
67681,75,95,-20,20
67682,83,77,6,6
67683,122,87,35,35
67684,92,84,8,8
67685,101,92,9,9
67686,75,81,-6,6
67687,130,107,23,23
67688,160,143,17,17
67689,58,61,-3,3
67690,154,134,20,20
67691,101,89,12,12
67692,54,61,-7,7
67693,177,157,20,20
67694,198,167,31,31
67695,98,98,0,0
67696,87,93,-6,6
67697,116,105,11,11
67698,63,58,5,5
67699,95,84,11,11
67700,57,53,4,4
67701,64,56,8,8
67702,69,57,12,12
67703,79,74,5,5
67704,89,92,-3,3
67705,53,52,1,1
67706,94,91,3,3
67707,85,87,-2,2
67708,85,80,5,5
67709,80,85,-5,5
67710,80,85,-5,5
67711,95,83,12,12
67712,95,84,11,11
67713,72,73,-1,1
67714,59,57,2,2
67715,122,99,23,23
67716,76,70,6,6
67717,103,84,19,19
67718,80,79,1,1
67719,84,79,5,5
67720,108,99,9,9
67721,94,88,6,6
67722,128,116,12,12
67723,121,111,10,10
67724,156,125,31,31
67725,120,106,14,14
67726,97,90,7,7
67727,87,94,-7,7
67728,116,103,13,13
67729,48,47,1,1
67730,139,125,14,14
67731,93,80,13,13
67732,184,175,9,9
67733,62,60,2,2
67734,116,112,4,4
67735,114,99,15,15
67736,104,93,11,11
67737,94,90,4,4
67738,169,150,19,19
67739,89,88,1,1
67740,91,93,-2,2
67741,97,95,2,2
67742,111,103,8,8
67743,69,66,3,3
67744,120,108,12,12
67745,105,114,-9,9
67746,99,93,6,6
67747,37,62,-25,25
67748,105,86,19,19
67749,69,69,0,0
67750,67,65,2,2
67751,31,37,-6,6
67752,60,59,1,1
67753,90,88,2,2
67754,74,69,5,5
67755,123,107,16,16
67756,97,92,5,5
67757,55,51,4,4
67758,127,111,16,16
67759,122,111,11,11
67760,103,96,7,7
67761,141,126,15,15
67762,67,63,4,4
67763,113,110,3,3
67764,135,125,10,10
67765,203,174,29,29
67766,88,84,4,4
67767,94,94,0,0
67768,103,96,7,7
67769,86,79,7,7
67770,143,127,16,16
67771,52,51,1,1
67772,75,80,-5,5
67773,114,112,2,2
67774,92,82,10,10
67775,113,100,13,13
67776,123,114,9,9
67777,68,72,-4,4
67778,86,91,-5,5
67779,27,31,-4,4
67780,126,119,7,7
67781,89,79,10,10
67782,113,95,18,18
67783,106,91,15,15
67784,90,80,10,10
67785,82,71,11,11
67786,88,86,2,2
67787,97,87,10,10
67788,141,121,20,20
67789,123,103,20,20
67790,188,179,9,9
67791,108,102,6,6
67792,73,70,3,3
67793,104,98,6,6
67794,87,86,1,1
67795,78,78,0,0
67796,75,70,5,5
67797,153,131,22,22
67798,74,67,7,7
67799,129,107,22,22
67800,117,103,14,14
67801,82,81,1,1
67802,103,93,10,10
67803,93,77,16,16
67804,89,83,6,6
67805,44,52,-8,8
67806,76,72,4,4
67807,79,87,-8,8
67808,87,84,3,3
67809,38,37,1,1
67810,120,111,9,9
67811,88,86,2,2
67812,155,132,23,23
67813,120,100,20,20
67814,89,78,11,11
67815,100,88,12,12
67816,66,62,4,4
67817,85,86,-1,1
67818,90,73,17,17
67819,126,114,12,12
67820,153,121,32,32
67821,83,78,5,5
67822,113,98,15,15
67823,88,85,3,3
67824,152,144,8,8
67825,104,89,15,15
67826,75,70,5,5
67827,48,44,4,4
67828,127,109,18,18
67829,79,70,9,9
67830,117,109,8,8
67831,63,67,-4,4
67832,113,110,3,3
67833,143,145,-2,2
67834,110,100,10,10
67835,75,80,-5,5
67836,48,51,-3,3
67837,64,83,-19,19
67838,99,92,7,7
67839,91,81,10,10
67840,111,96,15,15
67841,89,82,7,7
67842,141,122,19,19
67843,101,86,15,15
67844,74,66,8,8
67845,124,103,21,21
67846,115,113,2,2
67847,94,97,-3,3
67848,110,107,3,3
67849,70,69,1,1
67850,89,89,0,0
67851,53,53,0,0
67852,85,88,-3,3
67853,166,140,26,26
67854,77,71,6,6
67855,76,70,6,6
67856,137,134,3,3
67857,79,82,-3,3
67858,144,112,32,32
67859,57,49,8,8
67860,102,95,7,7
67861,77,74,3,3
67862,105,104,1,1
67863,99,88,11,11
67864,40,43,-3,3
67865,96,85,11,11
67866,99,95,4,4
67867,69,64,5,5
67868,111,96,15,15
67869,119,115,4,4
67870,152,133,19,19
67871,138,121,17,17
67872,146,144,2,2
67873,79,91,-12,12
67874,113,100,13,13
67875,65,68,-3,3
67876,135,112,23,23
67877,58,39,19,19
67878,68,74,-6,6
67879,103,90,13,13
67880,110,105,5,5
67881,57,56,1,1
67882,191,163,28,28
67883,87,78,9,9
67884,130,113,17,17
67885,94,88,6,6
67886,101,99,2,2
67887,52,49,3,3
67888,134,122,12,12
67889,75,72,3,3
67890,91,90,1,1
67891,109,101,8,8
67892,96,85,11,11
67893,55,55,0,0
67894,114,100,14,14
67895,159,130,29,29
67896,74,69,5,5
67897,89,91,-2,2
67898,45,54,-9,9
67899,50,69,-19,19
67900,78,72,6,6
67901,136,131,5,5
67902,81,76,5,5
67903,104,88,16,16
67904,42,42,0,0
67905,45,43,2,2
67906,91,76,15,15
67907,81,77,4,4
67908,73,71,2,2
67909,163,140,23,23
67910,62,57,5,5
67911,62,72,-10,10
67912,117,95,22,22
67913,91,89,2,2
67914,81,89,-8,8
67915,183,145,38,38
67916,115,107,8,8
67917,45,42,3,3
67918,67,67,0,0
67919,73,67,6,6
67920,115,108,7,7
67921,143,122,21,21
67922,122,105,17,17
67923,158,128,30,30
67924,132,116,16,16
67925,56,59,-3,3
67926,138,126,12,12
67927,128,110,18,18
67928,170,147,23,23
67929,101,97,4,4
67930,147,130,17,17
67931,116,108,8,8
67932,97,106,-9,9
67933,116,111,5,5
67934,73,69,4,4
67935,58,52,6,6
67936,99,86,13,13
67937,148,141,7,7
67938,56,55,1,1
67939,144,136,8,8
67940,73,67,6,6
67941,124,121,3,3
67942,58,80,-22,22
67943,72,71,1,1
67944,57,55,2,2
67945,77,65,12,12
67946,93,84,9,9
67947,136,121,15,15
67948,56,56,0,0
67949,106,91,15,15
67950,68,60,8,8
67951,107,97,10,10
67952,137,122,15,15
67953,51,55,-4,4
67954,161,145,16,16
67955,75,71,4,4
67956,207,165,42,42
67957,134,132,2,2
67958,139,128,11,11
67959,85,80,5,5
67960,64,64,0,0
67961,57,57,0,0
67962,87,82,5,5
67963,143,126,17,17
67964,89,84,5,5
67965,78,70,8,8
67966,73,85,-12,12
67967,188,180,8,8
67968,115,94,21,21
67969,119,88,31,31
67970,74,73,1,1
67971,96,92,4,4
67972,64,65,-1,1
67973,117,108,9,9
67974,127,120,7,7
67975,70,71,-1,1
67976,97,96,1,1
67977,163,153,10,10
67978,143,121,22,22
67979,69,73,-4,4
67980,98,99,-1,1
67981,87,80,7,7
67982,100,94,6,6
67983,111,111,0,0
67984,129,124,5,5
67985,94,77,17,17
67986,124,113,11,11
67987,70,72,-2,2
67988,64,62,2,2
67989,131,113,18,18
67990,81,85,-4,4
67991,121,105,16,16
67992,139,120,19,19
67993,49,53,-4,4
67994,54,59,-5,5
67995,109,104,5,5
67996,71,74,-3,3
67997,124,103,21,21
67998,110,91,19,19
67999,103,98,5,5
68000,104,105,-1,1
68001,95,107,-12,12
68002,85,71,14,14
68003,83,73,10,10
68004,111,110,1,1
68005,68,55,13,13
68006,76,68,8,8
68007,47,49,-2,2
68008,143,116,27,27
68009,64,61,3,3
68010,102,95,7,7
68011,77,77,0,0
68012,52,57,-5,5
68013,52,55,-3,3
68014,75,75,0,0
68015,83,77,6,6
68016,70,64,6,6
68017,44,50,-6,6
68018,41,47,-6,6
68019,77,68,9,9
68020,53,51,2,2
68021,132,122,10,10
68022,112,96,16,16
68023,81,69,12,12
68024,85,80,5,5
68025,90,84,6,6
68026,51,51,0,0
68027,55,63,-8,8
68028,45,60,-15,15
68029,52,51,1,1
68030,98,91,7,7
68031,72,68,4,4
68032,239,211,28,28
68033,123,102,21,21
68034,164,139,25,25
68035,75,69,6,6
68036,145,131,14,14
68037,63,64,-1,1
68038,63,91,-28,28
68039,100,99,1,1
68040,110,105,5,5
68041,76,83,-7,7
68042,94,94,0,0
68043,109,90,19,19
68044,59,69,-10,10
68045,140,141,-1,1
68046,83,72,11,11
68047,136,118,18,18
68048,50,50,0,0
68049,85,74,11,11
68050,113,97,16,16
68051,49,55,-6,6
68052,98,78,20,20
68053,80,65,15,15
68054,95,91,4,4
68055,129,122,7,7
68056,89,78,11,11
68057,115,102,13,13
68058,73,74,-1,1
68059,75,77,-2,2
68060,168,142,26,26
68061,52,59,-7,7
68062,76,70,6,6
68063,104,95,9,9
68064,124,101,23,23
68065,113,109,4,4
68066,80,72,8,8
68067,79,97,-18,18
68068,89,83,6,6
68069,90,77,13,13
68070,46,51,-5,5
68071,80,72,8,8
68072,108,112,-4,4
68073,46,45,1,1
68074,106,92,14,14
68075,139,124,15,15
68076,99,94,5,5
68077,50,51,-1,1
68078,65,61,4,4
68079,69,67,2,2
68080,125,111,14,14
68081,97,91,6,6
68082,84,80,4,4
68083,114,111,3,3
68084,39,31,8,8
68085,106,87,19,19
68086,88,87,1,1
68087,80,78,2,2
68088,178,153,25,25
68089,104,105,-1,1
68090,76,67,9,9
68091,108,90,18,18
68092,82,87,-5,5
68093,44,57,-13,13
68094,67,61,6,6
68095,69,73,-4,4
68096,69,62,7,7
68097,112,99,13,13
68098,151,127,24,24
68099,47,50,-3,3
68100,70,64,6,6
68101,86,79,7,7
68102,95,90,5,5
68103,68,69,-1,1
68104,44,45,-1,1
68105,70,70,0,0
68106,132,115,17,17
68107,66,66,0,0
68108,104,93,11,11
68109,155,135,20,20
68110,136,121,15,15
68111,74,71,3,3
68112,109,102,7,7
68113,88,87,1,1
68114,156,150,6,6
68115,153,141,12,12
68116,83,71,12,12
68117,88,78,10,10
68118,167,161,6,6
68119,44,44,0,0
68120,124,101,23,23
68121,71,65,6,6
68122,131,109,22,22
68123,94,82,12,12
68124,64,62,2,2
68125,81,77,4,4
68126,69,65,4,4
68127,52,51,1,1
68128,84,79,5,5
68129,59,57,2,2
68130,117,109,8,8
68131,115,97,18,18
68132,86,82,4,4
68133,111,97,14,14
68134,69,72,-3,3
68135,119,103,16,16
68136,73,67,6,6
68137,81,75,6,6
68138,79,88,-9,9
68139,89,92,-3,3
68140,51,52,-1,1
68141,63,61,2,2
68142,87,83,4,4
68143,116,103,13,13
68144,115,100,15,15
68145,111,107,4,4
68146,38,42,-4,4
68147,130,126,4,4
68148,100,85,15,15
68149,60,51,9,9
68150,91,78,13,13
68151,67,64,3,3
68152,73,61,12,12
68153,152,139,13,13
68154,199,171,28,28
68155,156,136,20,20
68156,61,64,-3,3
68157,109,92,17,17
68158,69,68,1,1
68159,87,83,4,4
68160,65,65,0,0
68161,83,82,1,1
68162,94,88,6,6
68163,104,82,22,22
68164,72,72,0,0
68165,74,84,-10,10
68166,93,79,14,14
68167,88,79,9,9
68168,88,77,11,11
68169,75,80,-5,5
68170,102,95,7,7
68171,72,70,2,2
68172,95,79,16,16
68173,98,89,9,9
68174,86,82,4,4
68175,91,101,-10,10
68176,67,63,4,4
68177,73,72,1,1
68178,129,122,7,7
68179,64,62,2,2
68180,94,89,5,5
68181,123,103,20,20
68182,89,82,7,7
68183,45,51,-6,6
68184,95,89,6,6
68185,77,74,3,3
68186,61,65,-4,4
68187,151,144,7,7
68188,53,54,-1,1
68189,109,95,14,14
68190,84,84,0,0
68191,86,86,0,0
68192,105,95,10,10
68193,107,108,-1,1
68194,97,97,0,0
68195,41,44,-3,3
68196,69,69,0,0
68197,111,80,31,31
68198,40,43,-3,3
68199,140,125,15,15
68200,65,67,-2,2
68201,149,114,35,35
68202,46,43,3,3
68203,103,92,11,11
68204,80,76,4,4
68205,41,40,1,1
68206,97,119,-22,22
68207,65,62,3,3
68208,124,134,-10,10
68209,65,64,1,1
68210,85,79,6,6
68211,151,136,15,15
68212,75,69,6,6
68213,92,87,5,5
68214,96,86,10,10
68215,120,121,-1,1
68216,71,65,6,6
68217,77,76,1,1
68218,84,88,-4,4
68219,100,101,-1,1
68220,105,108,-3,3
68221,123,107,16,16
68222,53,54,-1,1
68223,178,161,17,17
68224,99,90,9,9
68225,64,64,0,0
68226,78,79,-1,1
68227,108,97,11,11
68228,77,72,5,5
68229,157,135,22,22
68230,72,76,-4,4
68231,68,67,1,1
68232,87,75,12,12
68233,70,72,-2,2
68234,52,52,0,0
68235,85,74,11,11
68236,100,100,0,0
68237,71,65,6,6
68238,109,106,3,3
68239,154,151,3,3
68240,96,73,23,23
68241,78,82,-4,4
68242,82,88,-6,6
68243,114,103,11,11
68244,103,101,2,2
68245,118,113,5,5
68246,87,85,2,2
68247,121,118,3,3
68248,94,88,6,6
68249,62,57,5,5
68250,89,80,9,9
68251,105,93,12,12
68252,85,76,9,9
68253,79,82,-3,3
68254,86,80,6,6
68255,100,92,8,8
68256,104,93,11,11
68257,83,75,8,8
68258,90,80,10,10
68259,112,118,-6,6
68260,69,68,1,1
68261,121,94,27,27
68262,84,85,-1,1
68263,87,78,9,9
68264,92,89,3,3
68265,147,133,14,14
68266,86,83,3,3
68267,89,78,11,11
68268,52,63,-11,11
68269,110,98,12,12
68270,145,128,17,17
68271,87,82,5,5
68272,107,80,27,27
68273,145,110,35,35
68274,55,55,0,0
68275,51,59,-8,8
68276,95,89,6,6
68277,101,92,9,9
68278,72,64,8,8
68279,90,82,8,8
68280,91,77,14,14
68281,94,90,4,4
68282,60,64,-4,4
68283,59,55,4,4
68284,96,85,11,11
68285,55,52,3,3
68286,101,83,18,18
68287,95,91,4,4
68288,113,100,13,13
68289,77,69,8,8
68290,114,117,-3,3
68291,101,102,-1,1
68292,100,100,0,0
68293,64,65,-1,1
68294,100,86,14,14
68295,158,130,28,28
68296,81,79,2,2
68297,62,62,0,0
68298,136,119,17,17
68299,156,138,18,18
68300,160,136,24,24
68301,128,119,9,9
68302,49,47,2,2
68303,135,113,22,22
68304,81,80,1,1
68305,85,81,4,4
68306,74,66,8,8
68307,141,122,19,19
68308,98,89,9,9
68309,140,122,18,18
68310,102,87,15,15
68311,91,94,-3,3
68312,68,64,4,4
68313,117,100,17,17
68314,57,51,6,6
68315,70,70,0,0
68316,203,154,49,49
68317,96,105,-9,9
68318,128,120,8,8
68319,81,73,8,8
68320,81,87,-6,6
68321,66,57,9,9
68322,128,112,16,16
68323,150,133,17,17
68324,79,82,-3,3
68325,68,69,-1,1
68326,57,59,-2,2
68327,63,68,-5,5
68328,110,103,7,7
68329,84,78,6,6
68330,84,68,16,16
68331,59,57,2,2
68332,101,86,15,15
68333,73,73,0,0
68334,82,80,2,2
68335,163,144,19,19
68336,113,104,9,9
68337,95,70,25,25
68338,73,73,0,0
68339,83,77,6,6
68340,114,106,8,8
68341,136,110,26,26
68342,86,82,4,4
68343,81,74,7,7
68344,108,108,0,0
68345,149,139,10,10
68346,101,92,9,9
68347,78,77,1,1
68348,126,108,18,18
68349,122,121,1,1
68350,112,95,17,17
68351,67,60,7,7
68352,62,58,4,4
68353,112,105,7,7
68354,171,147,24,24
68355,65,57,8,8
68356,97,82,15,15
68357,43,45,-2,2
68358,71,58,13,13
68359,71,67,4,4
68360,55,48,7,7
68361,72,78,-6,6
68362,85,77,8,8
68363,190,161,29,29
68364,97,92,5,5
68365,100,92,8,8
68366,75,74,1,1
68367,130,105,25,25
68368,60,59,1,1
68369,105,96,9,9
68370,85,80,5,5
68371,89,88,1,1
68372,93,87,6,6
68373,39,61,-22,22
68374,74,63,11,11
68375,148,139,9,9
68376,136,116,20,20
68377,61,69,-8,8
68378,181,156,25,25
68379,99,86,13,13
68380,165,144,21,21
68381,97,87,10,10
68382,116,99,17,17
68383,105,105,0,0
68384,50,50,0,0
68385,71,80,-9,9
68386,115,102,13,13
68387,61,56,5,5
68388,101,96,5,5
68389,80,76,4,4
68390,100,100,0,0
68391,79,87,-8,8
68392,121,109,12,12
68393,85,90,-5,5
68394,87,86,1,1
68395,61,62,-1,1
68396,125,123,2,2
68397,85,84,1,1
68398,87,84,3,3
68399,64,68,-4,4
68400,66,64,2,2
68401,85,83,2,2
68402,159,133,26,26
68403,132,126,6,6
68404,96,95,1,1
68405,100,101,-1,1
68406,76,67,9,9
68407,117,112,5,5
68408,101,106,-5,5
68409,86,81,5,5
68410,117,105,12,12
68411,96,84,12,12
68412,55,57,-2,2
68413,145,124,21,21
68414,68,73,-5,5
68415,71,63,8,8
68416,129,114,15,15
68417,121,111,10,10
68418,92,75,17,17
68419,57,55,2,2
68420,50,46,4,4
68421,56,56,0,0
68422,52,52,0,0
68423,61,57,4,4
68424,164,142,22,22
68425,119,107,12,12
68426,85,73,12,12
68427,83,75,8,8
68428,149,132,17,17
68429,103,87,16,16
68430,61,47,14,14
68431,142,131,11,11
68432,80,80,0,0
68433,49,53,-4,4
68434,109,91,18,18
68435,101,91,10,10
68436,77,76,1,1
68437,160,156,4,4
68438,108,104,4,4
68439,137,123,14,14
68440,125,114,11,11
68441,76,73,3,3
68442,145,120,25,25
68443,86,85,1,1
68444,131,115,16,16
68445,99,98,1,1
68446,97,91,6,6
68447,67,62,5,5
68448,107,118,-11,11
68449,87,80,7,7
68450,104,95,9,9
68451,77,72,5,5
68452,49,54,-5,5
68453,152,126,26,26
68454,138,124,14,14
68455,183,159,24,24
68456,53,55,-2,2
68457,100,95,5,5
68458,71,67,4,4
68459,73,80,-7,7
68460,108,96,12,12
68461,85,86,-1,1
68462,72,70,2,2
68463,92,85,7,7
68464,127,114,13,13
68465,61,79,-18,18
68466,86,93,-7,7
68467,56,53,3,3
68468,104,89,15,15
68469,86,82,4,4
68470,142,133,9,9
68471,78,82,-4,4
68472,96,79,17,17
68473,75,72,3,3
68474,88,81,7,7
68475,69,65,4,4
68476,62,62,0,0
68477,107,101,6,6
68478,65,63,2,2
68479,129,126,3,3
68480,86,87,-1,1
68481,77,68,9,9
68482,115,92,23,23
68483,87,79,8,8
68484,32,31,1,1
68485,80,86,-6,6
68486,107,96,11,11
68487,112,116,-4,4
68488,83,78,5,5
68489,89,88,1,1
68490,65,62,3,3
68491,63,65,-2,2
68492,56,56,0,0
68493,99,82,17,17
68494,88,84,4,4
68495,130,122,8,8
68496,59,59,0,0
68497,157,117,40,40
68498,94,99,-5,5
68499,94,87,7,7
68500,61,61,0,0
68501,98,94,4,4
68502,98,88,10,10
68503,108,94,14,14
68504,122,110,12,12
68505,115,108,7,7
68506,49,51,-2,2
68507,79,75,4,4
68508,96,94,2,2
68509,81,84,-3,3
68510,54,53,1,1
68511,70,73,-3,3
68512,141,121,20,20
68513,113,187,-74,74
68514,110,104,6,6
68515,75,76,-1,1
68516,85,90,-5,5
68517,85,75,10,10
68518,105,98,7,7
68519,62,66,-4,4
68520,39,44,-5,5
68521,83,79,4,4
68522,103,91,12,12
68523,69,67,2,2
68524,103,94,9,9
68525,82,72,10,10
68526,98,90,8,8
68527,134,115,19,19
68528,51,62,-11,11
68529,98,89,9,9
68530,58,61,-3,3
68531,66,73,-7,7
68532,66,61,5,5
68533,139,114,25,25
68534,182,158,24,24
68535,118,124,-6,6
68536,69,60,9,9
68537,61,67,-6,6
68538,101,89,12,12
68539,126,90,36,36
68540,87,81,6,6
68541,53,52,1,1
68542,83,80,3,3
68543,113,109,4,4
68544,109,94,15,15
68545,60,57,3,3
68546,113,105,8,8
68547,84,86,-2,2
68548,60,53,7,7
68549,56,54,2,2
68550,52,50,2,2
68551,111,98,13,13
68552,74,76,-2,2
68553,57,54,3,3
68554,72,70,2,2
68555,77,75,2,2
68556,93,85,8,8
68557,167,135,32,32
68558,64,62,2,2
68559,97,84,13,13
68560,106,102,4,4
68561,165,139,26,26
68562,86,99,-13,13
68563,146,124,22,22
68564,98,87,11,11
68565,88,82,6,6
68566,89,81,8,8
68567,99,92,7,7
68568,86,81,5,5
68569,95,100,-5,5
68570,70,62,8,8
68571,91,93,-2,2
68572,98,89,9,9
68573,92,82,10,10
68574,103,93,10,10
68575,91,77,14,14
68576,58,69,-11,11
68577,61,62,-1,1
68578,53,55,-2,2
68579,83,77,6,6
68580,56,55,1,1
68581,84,80,4,4
68582,73,76,-3,3
68583,73,68,5,5
68584,81,77,4,4
68585,69,69,0,0
68586,71,72,-1,1
68587,107,106,1,1
68588,111,103,8,8
68589,107,93,14,14
68590,115,92,23,23
68591,75,73,2,2
68592,129,109,20,20
68593,94,84,10,10
68594,52,51,1,1
68595,146,130,16,16
68596,99,96,3,3
68597,93,101,-8,8
68598,57,59,-2,2
68599,102,102,0,0
68600,58,62,-4,4
68601,95,122,-27,27
68602,92,85,7,7
68603,99,87,12,12
68604,115,109,6,6
68605,77,71,6,6
68606,176,164,12,12
68607,97,97,0,0
68608,153,126,27,27
68609,74,67,7,7
68610,182,154,28,28
68611,91,94,-3,3
68612,67,73,-6,6
68613,85,90,-5,5
68614,109,98,11,11
68615,113,99,14,14
68616,111,104,7,7
68617,95,100,-5,5
68618,74,69,5,5
68619,110,100,10,10
68620,58,55,3,3
68621,135,116,19,19
68622,108,104,4,4
68623,112,109,3,3
68624,49,51,-2,2
68625,114,109,5,5
68626,57,58,-1,1
68627,74,66,8,8
68628,99,93,6,6
68629,96,86,10,10
68630,88,79,9,9
68631,79,81,-2,2
68632,82,68,14,14
68633,99,90,9,9
68634,116,102,14,14
68635,80,75,5,5
68636,120,108,12,12
68637,70,59,11,11
68638,74,70,4,4
68639,55,60,-5,5
68640,97,85,12,12
68641,74,73,1,1
68642,92,93,-1,1
68643,71,69,2,2
68644,86,79,7,7
68645,66,58,8,8
68646,74,65,9,9
68647,90,83,7,7
68648,110,99,11,11
68649,94,87,7,7
68650,101,93,8,8
68651,115,106,9,9
68652,91,88,3,3
68653,102,96,6,6
68654,116,114,2,2
68655,130,119,11,11
68656,45,51,-6,6
68657,77,74,3,3
68658,117,119,-2,2
68659,109,100,9,9
68660,94,86,8,8
68661,130,113,17,17
68662,37,42,-5,5
68663,73,75,-2,2
68664,79,66,13,13
68665,80,84,-4,4
68666,143,115,28,28
68667,69,67,2,2
68668,143,129,14,14
68669,105,97,8,8
68670,150,130,20,20
68671,94,82,12,12
68672,107,93,14,14
68673,64,58,6,6
68674,154,123,31,31
68675,129,118,11,11
68676,118,104,14,14
68677,86,80,6,6
68678,98,94,4,4
68679,134,130,4,4
68680,96,92,4,4
68681,90,85,5,5
68682,173,159,14,14
68683,83,79,4,4
68684,168,152,16,16
68685,97,90,7,7
68686,88,82,6,6
68687,54,52,2,2
68688,142,110,32,32
68689,152,132,20,20
68690,75,80,-5,5
68691,73,70,3,3
68692,170,164,6,6
68693,82,78,4,4
68694,103,106,-3,3
68695,135,117,18,18
68696,98,92,6,6
68697,190,162,28,28
68698,110,88,22,22
68699,56,62,-6,6
68700,160,135,25,25
68701,86,93,-7,7
68702,105,96,9,9
68703,42,42,0,0
68704,148,145,3,3
68705,78,68,10,10
68706,108,101,7,7
68707,81,76,5,5
68708,135,120,15,15
68709,84,86,-2,2
68710,115,98,17,17
68711,124,107,17,17
68712,67,72,-5,5
68713,97,89,8,8
68714,90,83,7,7
68715,158,137,21,21
68716,162,140,22,22
68717,165,149,16,16
68718,76,73,3,3
68719,174,157,17,17
68720,125,109,16,16
68721,155,140,15,15
68722,80,82,-2,2
68723,150,142,8,8
68724,54,51,3,3
68725,119,97,22,22
68726,83,73,10,10
68727,56,62,-6,6
68728,69,75,-6,6
68729,94,91,3,3
68730,103,100,3,3
68731,120,105,15,15
68732,119,116,3,3
68733,92,86,6,6
68734,102,94,8,8
68735,75,72,3,3
68736,64,60,4,4
68737,175,149,26,26
68738,66,62,4,4
68739,69,65,4,4
68740,66,62,4,4
68741,42,44,-2,2
68742,222,192,30,30
68743,161,143,18,18
68744,139,112,27,27
68745,88,83,5,5
68746,81,72,9,9
68747,160,152,8,8
68748,100,96,4,4
68749,64,67,-3,3
68750,26,31,-5,5
68751,126,111,15,15
68752,49,51,-2,2
68753,101,95,6,6
68754,78,69,9,9
68755,82,78,4,4
68756,68,67,1,1
68757,90,84,6,6
68758,78,74,4,4
68759,114,108,6,6
68760,160,140,20,20
68761,108,98,10,10
68762,93,87,6,6
68763,52,51,1,1
68764,142,124,18,18
68765,151,147,4,4
68766,118,112,6,6
68767,90,84,6,6
68768,103,87,16,16
68769,126,110,16,16
68770,121,110,11,11
68771,111,105,6,6
68772,87,80,7,7
68773,48,50,-2,2
68774,86,71,15,15
68775,60,86,-26,26
68776,162,131,31,31
68777,98,84,14,14
68778,134,119,15,15
68779,147,133,14,14
68780,113,107,6,6
68781,79,73,6,6
68782,76,67,9,9
68783,72,78,-6,6
68784,59,65,-6,6
68785,151,130,21,21
68786,114,104,10,10
68787,71,72,-1,1
68788,146,130,16,16
68789,83,77,6,6
68790,65,61,4,4
68791,60,52,8,8
68792,113,93,20,20
68793,146,119,27,27
68794,103,100,3,3
68795,123,104,19,19
68796,59,60,-1,1
68797,158,130,28,28
68798,114,94,20,20
68799,133,113,20,20
68800,151,130,21,21
68801,41,42,-1,1
68802,80,73,7,7
68803,71,62,9,9
68804,88,86,2,2
68805,94,97,-3,3
68806,41,51,-10,10
68807,129,132,-3,3
68808,126,111,15,15
68809,132,108,24,24
68810,38,50,-12,12
68811,81,79,2,2
68812,97,92,5,5
68813,99,91,8,8
68814,159,143,16,16
68815,113,109,4,4
68816,42,54,-12,12
68817,176,150,26,26
68818,96,79,17,17
68819,122,112,10,10
68820,134,128,6,6
68821,63,63,0,0
68822,81,75,6,6
68823,94,93,1,1
68824,122,107,15,15
68825,99,82,17,17
68826,103,100,3,3
68827,77,95,-18,18
68828,90,92,-2,2
68829,139,114,25,25
68830,74,75,-1,1
68831,83,79,4,4
68832,84,79,5,5
68833,108,94,14,14
68834,80,81,-1,1
68835,117,108,9,9
68836,81,73,8,8
68837,73,72,1,1
68838,146,126,20,20
68839,83,79,4,4
68840,71,64,7,7
68841,99,100,-1,1
68842,52,51,1,1
68843,97,100,-3,3
68844,80,74,6,6
68845,112,102,10,10
68846,57,68,-11,11
68847,105,96,9,9
68848,145,137,8,8
68849,104,87,17,17
68850,94,82,12,12
68851,109,104,5,5
68852,73,70,3,3
68853,54,56,-2,2
68854,99,85,14,14
68855,204,172,32,32
68856,42,48,-6,6
68857,40,40,0,0
68858,61,55,6,6
68859,98,94,4,4
68860,88,87,1,1
68861,107,110,-3,3
68862,101,94,7,7
68863,156,136,20,20
68864,43,50,-7,7
68865,85,75,10,10
68866,130,111,19,19
68867,49,56,-7,7
68868,82,74,8,8
68869,105,97,8,8
68870,141,141,0,0
68871,124,117,7,7
68872,149,151,-2,2
68873,61,52,9,9
68874,163,149,14,14
68875,94,92,2,2
68876,64,67,-3,3
68877,129,132,-3,3
68878,71,73,-2,2
68879,95,96,-1,1
68880,106,104,2,2
68881,103,82,21,21
68882,81,73,8,8
68883,89,79,10,10
68884,144,125,19,19
68885,64,66,-2,2
68886,37,110,-73,73
68887,87,74,13,13
68888,34,32,2,2
68889,94,90,4,4
68890,84,83,1,1
68891,76,70,6,6
68892,79,71,8,8
68893,96,96,0,0
68894,99,87,12,12
68895,102,95,7,7
68896,66,64,2,2
68897,96,81,15,15
68898,75,74,1,1
68899,98,83,15,15
68900,75,68,7,7
68901,106,93,13,13
68902,85,80,5,5
68903,104,109,-5,5
68904,83,83,0,0
68905,92,87,5,5
68906,110,114,-4,4
68907,89,99,-10,10
68908,148,127,21,21
68909,105,96,9,9
68910,90,78,12,12
68911,42,54,-12,12
68912,102,95,7,7
68913,142,125,17,17
68914,122,107,15,15
68915,109,94,15,15
68916,101,97,4,4
68917,89,90,-1,1
68918,118,108,10,10
68919,146,125,21,21
68920,100,99,1,1
68921,99,88,11,11
68922,62,56,6,6
68923,84,71,13,13
68924,62,66,-4,4
68925,190,160,30,30
68926,105,104,1,1
68927,101,89,12,12
68928,69,72,-3,3
68929,105,95,10,10
68930,135,121,14,14
68931,162,153,9,9
68932,96,89,7,7
68933,80,73,7,7
68934,83,82,1,1
68935,133,119,14,14
68936,77,70,7,7
68937,130,116,14,14
68938,143,146,-3,3
68939,83,82,1,1
68940,77,76,1,1
68941,148,129,19,19
68942,88,78,10,10
68943,47,42,5,5
68944,66,53,13,13
68945,54,63,-9,9
68946,97,87,10,10
68947,80,82,-2,2
68948,51,65,-14,14
68949,122,118,4,4
68950,134,112,22,22
68951,152,139,13,13
68952,96,95,1,1
68953,75,77,-2,2
68954,143,130,13,13
68955,164,148,16,16
68956,99,93,6,6
68957,149,140,9,9
68958,126,112,14,14
68959,90,77,13,13
68960,102,98,4,4
68961,18,31,-13,13
68962,103,127,-24,24
68963,130,114,16,16
68964,67,68,-1,1
68965,69,61,8,8
68966,84,78,6,6
68967,122,116,6,6
68968,103,91,12,12
68969,65,56,9,9
68970,111,108,3,3
68971,177,159,18,18
68972,64,58,6,6
68973,159,146,13,13
68974,123,119,4,4
68975,67,68,-1,1
68976,138,133,5,5
68977,88,96,-8,8
68978,94,98,-4,4
68979,114,98,16,16
68980,81,73,8,8
68981,68,63,5,5
68982,214,182,32,32
68983,145,119,26,26
68984,54,54,0,0
68985,100,84,16,16
68986,146,131,15,15
68987,213,172,41,41
68988,106,107,-1,1
68989,57,50,7,7
68990,128,116,12,12
68991,97,89,8,8
68992,90,89,1,1
68993,102,91,11,11
68994,153,126,27,27
68995,84,77,7,7
68996,27,31,-4,4
68997,51,50,1,1
68998,73,74,-1,1
68999,86,79,7,7
69000,77,69,8,8
69001,154,126,28,28
69002,107,95,12,12
69003,173,154,19,19
69004,80,78,2,2
69005,92,85,7,7
69006,86,78,8,8
69007,70,71,-1,1
69008,116,112,4,4
69009,79,75,4,4
69010,101,93,8,8
69011,138,124,14,14
69012,125,103,22,22
69013,65,63,2,2
69014,82,78,4,4
69015,88,85,3,3
69016,40,50,-10,10
69017,104,100,4,4
69018,111,103,8,8
69019,81,76,5,5
69020,67,74,-7,7
69021,91,92,-1,1
69022,135,122,13,13
69023,155,154,1,1
69024,89,78,11,11
69025,58,65,-7,7
69026,137,119,18,18
69027,69,65,4,4
69028,84,78,6,6
69029,110,88,22,22
69030,68,87,-19,19
69031,126,105,21,21
69032,185,139,46,46
69033,64,52,12,12
69034,119,105,14,14
69035,133,120,13,13
69036,96,86,10,10
69037,54,55,-1,1
69038,90,84,6,6
69039,75,69,6,6
69040,123,118,5,5
69041,91,85,6,6
69042,114,105,9,9
69043,49,72,-23,23
69044,119,101,18,18
69045,78,69,9,9
69046,105,93,12,12
69047,113,105,8,8
69048,75,68,7,7
69049,162,146,16,16
69050,62,56,6,6
69051,93,77,16,16
69052,67,63,4,4
69053,118,110,8,8
69054,76,71,5,5
69055,132,115,17,17
69056,43,41,2,2
69057,69,73,-4,4
69058,99,95,4,4
69059,81,73,8,8
69060,103,95,8,8
69061,87,76,11,11
69062,88,79,9,9
69063,92,83,9,9
69064,102,87,15,15
69065,53,52,1,1
69066,80,75,5,5
69067,86,76,10,10
69068,107,102,5,5
69069,165,156,9,9
69070,43,45,-2,2
69071,84,72,12,12
69072,129,116,13,13
69073,135,121,14,14
69074,32,59,-27,27
69075,49,60,-11,11
69076,91,85,6,6
69077,72,71,1,1
69078,85,77,8,8
69079,75,77,-2,2
69080,95,109,-14,14
69081,132,116,16,16
69082,98,98,0,0
69083,34,31,3,3
69084,114,104,10,10
69085,104,91,13,13
69086,111,94,17,17
69087,59,54,5,5
69088,38,45,-7,7
69089,45,44,1,1
69090,160,158,2,2
69091,87,79,8,8
69092,78,81,-3,3
69093,180,138,42,42
69094,112,109,3,3
69095,99,97,2,2
69096,77,76,1,1
69097,64,79,-15,15
69098,93,76,17,17
69099,135,137,-2,2
69100,80,75,5,5
69101,105,86,19,19
69102,93,88,5,5
69103,97,94,3,3
69104,93,95,-2,2
69105,126,101,25,25
69106,100,90,10,10
69107,93,87,6,6
69108,116,109,7,7
69109,89,82,7,7
69110,72,82,-10,10
69111,158,130,28,28
69112,107,87,20,20
69113,57,61,-4,4
69114,95,96,-1,1
69115,199,167,32,32
69116,98,91,7,7
69117,50,51,-1,1
69118,72,66,6,6
69119,86,75,11,11
69120,36,43,-7,7
69121,77,62,15,15
69122,144,134,10,10
69123,101,110,-9,9
69124,141,130,11,11
69125,136,114,22,22
69126,81,74,7,7
69127,96,107,-11,11
69128,92,85,7,7
69129,37,46,-9,9
69130,117,111,6,6
69131,96,85,11,11
69132,120,127,-7,7
69133,58,59,-1,1
69134,147,120,27,27
69135,60,61,-1,1
69136,85,77,8,8
69137,71,61,10,10
69138,74,67,7,7
69139,98,93,5,5
69140,59,55,4,4
69141,77,75,2,2
69142,77,77,0,0
69143,76,75,1,1
69144,52,55,-3,3
69145,116,108,8,8
69146,78,80,-2,2
69147,74,73,1,1
69148,124,113,11,11
69149,58,55,3,3
69150,86,78,8,8
69151,132,113,19,19
69152,108,91,17,17
69153,38,41,-3,3
69154,138,132,6,6
69155,74,69,5,5
69156,73,73,0,0
69157,95,77,18,18
69158,129,123,6,6
69159,102,89,13,13
69160,112,99,13,13
69161,141,129,12,12
69162,76,68,8,8
69163,142,129,13,13
69164,72,66,6,6
69165,163,145,18,18
69166,122,111,11,11
69167,44,40,4,4
69168,104,94,10,10
69169,72,78,-6,6
69170,60,56,4,4
69171,69,65,4,4
69172,113,98,15,15
69173,89,84,5,5
69174,42,46,-4,4
69175,146,131,15,15
69176,147,117,30,30
69177,132,134,-2,2
69178,107,95,12,12
69179,77,77,0,0
69180,102,94,8,8
69181,153,127,26,26
69182,56,79,-23,23
69183,105,103,2,2
69184,129,118,11,11
69185,99,86,13,13
69186,55,55,0,0
69187,102,102,0,0
69188,102,90,12,12
69189,111,104,7,7
69190,123,118,5,5
69191,62,64,-2,2
69192,152,153,-1,1
69193,89,77,12,12
69194,94,83,11,11
69195,35,51,-16,16
69196,94,86,8,8
69197,110,107,3,3
69198,175,162,13,13
69199,105,91,14,14
69200,42,50,-8,8
69201,152,132,20,20
69202,149,127,22,22
69203,207,172,35,35
69204,152,145,7,7
69205,88,91,-3,3
69206,94,87,7,7
69207,76,69,7,7
69208,84,78,6,6
69209,87,80,7,7
69210,59,52,7,7
69211,112,100,12,12
69212,110,95,15,15
69213,136,107,29,29
69214,81,85,-4,4
69215,177,147,30,30
69216,120,113,7,7
69217,86,85,1,1
69218,57,58,-1,1
69219,100,79,21,21
69220,134,119,15,15
69221,75,67,8,8
69222,88,79,9,9
69223,82,82,0,0
69224,54,56,-2,2
69225,74,64,10,10
69226,50,53,-3,3
69227,125,106,19,19
69228,85,84,1,1
69229,148,131,17,17
69230,88,84,4,4
69231,58,70,-12,12
69232,124,100,24,24
69233,129,119,10,10
69234,100,92,8,8
69235,76,72,4,4
69236,86,74,12,12
69237,57,66,-9,9
69238,84,80,4,4
69239,103,88,15,15
69240,87,82,5,5
69241,114,108,6,6
69242,58,61,-3,3
69243,100,88,12,12
69244,92,93,-1,1
69245,78,79,-1,1
69246,73,82,-9,9
69247,73,65,8,8
69248,106,98,8,8
69249,135,124,11,11
69250,95,104,-9,9
69251,75,75,0,0
69252,116,114,2,2
69253,58,53,5,5
69254,135,115,20,20
69255,75,73,2,2
69256,51,57,-6,6
69257,69,64,5,5
69258,97,102,-5,5
69259,73,72,1,1
69260,91,91,0,0
69261,156,139,17,17
69262,67,69,-2,2
69263,77,71,6,6
69264,133,128,5,5
69265,129,136,-7,7
69266,110,98,12,12
69267,121,124,-3,3
69268,150,135,15,15
69269,89,82,7,7
69270,71,67,4,4
69271,119,100,19,19
69272,70,74,-4,4
69273,121,118,3,3
69274,116,110,6,6
69275,123,118,5,5
69276,95,83,12,12
69277,70,63,7,7
69278,111,85,26,26
69279,113,98,15,15
69280,92,74,18,18
69281,52,55,-3,3
69282,114,103,11,11
69283,106,97,9,9
69284,102,107,-5,5
69285,72,79,-7,7
69286,134,111,23,23
69287,101,94,7,7
69288,134,113,21,21
69289,111,106,5,5
69290,99,92,7,7
69291,98,86,12,12
69292,94,90,4,4
69293,44,45,-1,1
69294,92,88,4,4
69295,81,74,7,7
69296,74,71,3,3
69297,51,49,2,2
69298,135,122,13,13
69299,34,39,-5,5
69300,151,139,12,12
69301,64,63,1,1
69302,105,102,3,3
69303,117,97,20,20
69304,88,84,4,4
69305,100,96,4,4
69306,88,79,9,9
69307,84,82,2,2
69308,189,169,20,20
69309,45,50,-5,5
69310,64,64,0,0
69311,94,87,7,7
69312,199,169,30,30
69313,80,71,9,9
69314,105,100,5,5
69315,112,99,13,13
69316,59,42,17,17
69317,54,59,-5,5
69318,123,107,16,16
69319,59,60,-1,1
69320,186,164,22,22
69321,110,102,8,8
69322,117,103,14,14
69323,82,77,5,5
69324,202,162,40,40
69325,129,105,24,24
69326,91,88,3,3
69327,131,105,26,26
69328,117,103,14,14
69329,82,70,12,12
69330,78,81,-3,3
69331,129,117,12,12
69332,46,37,9,9
69333,122,118,4,4
69334,124,106,18,18
69335,186,173,13,13
69336,103,95,8,8
69337,112,110,2,2
69338,135,131,4,4
69339,68,69,-1,1
69340,110,105,5,5
69341,57,55,2,2
69342,144,128,16,16
69343,115,96,19,19
69344,143,127,16,16
69345,75,79,-4,4
69346,69,61,8,8
69347,140,117,23,23
69348,93,94,-1,1
69349,74,69,5,5
69350,165,149,16,16
69351,77,78,-1,1
69352,57,55,2,2
69353,87,95,-8,8
69354,123,116,7,7
69355,78,80,-2,2
69356,120,113,7,7
69357,100,93,7,7
69358,112,104,8,8
69359,87,84,3,3
69360,98,82,16,16
69361,106,96,10,10
69362,91,92,-1,1
69363,107,101,6,6
69364,67,62,5,5
69365,125,114,11,11
69366,61,52,9,9
69367,96,91,5,5
69368,73,69,4,4
69369,70,65,5,5
69370,89,79,10,10
69371,114,102,12,12
69372,74,74,0,0
69373,133,107,26,26
69374,107,106,1,1
69375,91,84,7,7
69376,83,71,12,12
69377,76,69,7,7
69378,75,77,-2,2
69379,83,75,8,8
69380,62,60,2,2
69381,71,76,-5,5
69382,40,39,1,1
69383,131,113,18,18
69384,138,130,8,8
69385,43,50,-7,7
69386,76,79,-3,3
69387,128,140,-12,12
69388,62,60,2,2
69389,128,113,15,15
69390,79,78,1,1
69391,140,123,17,17
69392,94,96,-2,2
69393,96,91,5,5
69394,43,41,2,2
69395,159,139,20,20
69396,62,53,9,9
69397,131,114,17,17
69398,65,63,2,2
69399,63,65,-2,2
69400,116,117,-1,1
69401,65,77,-12,12
69402,70,61,9,9
69403,56,58,-2,2
69404,95,89,6,6
69405,120,104,16,16
69406,93,91,2,2
69407,92,85,7,7
69408,101,87,14,14
69409,106,103,3,3
69410,151,132,19,19
69411,98,87,11,11
69412,63,62,1,1
69413,120,113,7,7
69414,93,86,7,7
69415,89,82,7,7
69416,47,50,-3,3
69417,92,88,4,4
69418,95,81,14,14
69419,90,79,11,11
69420,116,100,16,16
69421,88,82,6,6
69422,107,105,2,2
69423,168,168,0,0
69424,49,48,1,1
69425,111,97,14,14
69426,76,75,1,1
69427,89,83,6,6
69428,72,70,2,2
69429,131,122,9,9
69430,61,71,-10,10
69431,106,91,15,15
69432,65,66,-1,1
69433,76,73,3,3
69434,62,88,-26,26
69435,63,60,3,3
69436,77,71,6,6
69437,120,104,16,16
69438,109,102,7,7
69439,93,84,9,9
69440,66,64,2,2
69441,72,63,9,9
69442,94,81,13,13
69443,143,118,25,25
69444,75,74,1,1
69445,99,91,8,8
69446,112,106,6,6
69447,66,65,1,1
69448,72,65,7,7
69449,46,52,-6,6
69450,100,94,6,6
69451,89,78,11,11
69452,101,94,7,7
69453,63,59,4,4
69454,108,98,10,10
69455,89,88,1,1
69456,101,90,11,11
69457,94,84,10,10
69458,73,73,0,0
69459,148,111,37,37
69460,142,125,17,17
69461,92,85,7,7
69462,151,132,19,19
69463,119,106,13,13
69464,61,62,-1,1
69465,124,117,7,7
69466,46,52,-6,6
69467,67,73,-6,6
69468,46,59,-13,13
69469,81,76,5,5
69470,104,98,6,6
69471,47,50,-3,3
69472,88,83,5,5
69473,115,75,40,40
69474,92,102,-10,10
69475,100,81,19,19
69476,141,126,15,15
69477,107,98,9,9
69478,127,106,21,21
69479,117,114,3,3
69480,72,68,4,4
69481,81,79,2,2
69482,100,119,-19,19
69483,84,95,-11,11
69484,70,63,7,7
69485,152,128,24,24
69486,32,35,-3,3
69487,121,114,7,7
69488,69,66,3,3
69489,63,66,-3,3
69490,76,73,3,3
69491,81,80,1,1
69492,106,94,12,12
69493,69,73,-4,4
69494,54,57,-3,3
69495,92,83,9,9
69496,61,63,-2,2
69497,141,121,20,20
69498,78,72,6,6
69499,124,132,-8,8
69500,94,87,7,7
69501,66,67,-1,1
69502,156,147,9,9
69503,80,94,-14,14
69504,84,82,2,2
69505,161,148,13,13
69506,106,92,14,14
69507,98,91,7,7
69508,108,97,11,11
69509,109,95,14,14
69510,85,79,6,6
69511,74,77,-3,3
69512,74,71,3,3
69513,88,91,-3,3
69514,128,113,15,15
69515,93,84,9,9
69516,140,128,12,12
69517,109,98,11,11
69518,58,54,4,4
69519,73,60,13,13
69520,86,80,6,6
69521,94,85,9,9
69522,332,275,57,57
69523,112,94,18,18
69524,48,45,3,3
69525,73,73,0,0
69526,116,104,12,12
69527,105,86,19,19
69528,65,63,2,2
69529,108,96,12,12
69530,83,86,-3,3
69531,81,83,-2,2
69532,155,142,13,13
69533,110,93,17,17
69534,120,102,18,18
69535,92,79,13,13
69536,152,128,24,24
69537,131,127,4,4
69538,48,62,-14,14
69539,68,66,2,2
69540,74,69,5,5
69541,86,90,-4,4
69542,148,144,4,4
69543,188,165,23,23
69544,79,84,-5,5
69545,125,109,16,16
69546,95,78,17,17
69547,63,59,4,4
69548,78,70,8,8
69549,116,109,7,7
69550,83,78,5,5
69551,68,66,2,2
69552,104,106,-2,2
69553,107,100,7,7
69554,93,81,12,12
69555,115,104,11,11
69556,105,82,23,23
69557,76,87,-11,11
69558,129,111,18,18
69559,53,51,2,2
69560,78,82,-4,4
69561,108,94,14,14
69562,39,44,-5,5
69563,81,73,8,8
69564,122,118,4,4
69565,74,67,7,7
69566,63,64,-1,1
69567,115,104,11,11
69568,119,111,8,8
69569,130,116,14,14
69570,103,118,-15,15
69571,107,102,5,5
69572,69,75,-6,6
69573,130,112,18,18
69574,98,106,-8,8
69575,126,107,19,19
69576,119,98,21,21
69577,86,86,0,0
69578,211,186,25,25
69579,82,78,4,4
69580,64,61,3,3
69581,96,73,23,23
69582,63,61,2,2
69583,102,96,6,6
69584,119,117,2,2
69585,82,84,-2,2
69586,119,104,15,15
69587,64,60,4,4
69588,48,44,4,4
69589,140,125,15,15
69590,112,99,13,13
69591,93,101,-8,8
69592,88,85,3,3
69593,93,84,9,9
69594,60,57,3,3
69595,66,65,1,1
69596,48,49,-1,1
69597,101,89,12,12
69598,54,54,0,0
69599,99,85,14,14
69600,81,75,6,6
69601,155,134,21,21
69602,80,76,4,4
69603,69,66,3,3
69604,65,72,-7,7
69605,81,85,-4,4
69606,100,96,4,4
69607,89,93,-4,4
69608,86,82,4,4
69609,107,104,3,3
69610,61,62,-1,1
69611,59,53,6,6
69612,51,56,-5,5
69613,147,139,8,8
69614,127,110,17,17
69615,130,126,4,4
69616,53,46,7,7
69617,117,89,28,28
69618,132,120,12,12
69619,119,106,13,13
69620,107,87,20,20
69621,79,86,-7,7
69622,157,142,15,15
69623,125,102,23,23
69624,60,63,-3,3
69625,79,67,12,12
69626,80,79,1,1
69627,151,124,27,27
69628,109,93,16,16
69629,64,62,2,2
69630,111,91,20,20
69631,44,51,-7,7
69632,95,81,14,14
69633,137,121,16,16
69634,121,94,27,27
69635,51,58,-7,7
69636,53,57,-4,4
69637,93,86,7,7
69638,91,88,3,3
69639,125,105,20,20
69640,59,57,2,2
69641,63,63,0,0
69642,111,90,21,21
69643,117,112,5,5
69644,74,70,4,4
69645,117,112,5,5
69646,65,59,6,6
69647,100,84,16,16
69648,227,199,28,28
69649,145,153,-8,8
69650,82,80,2,2
69651,93,75,18,18
69652,120,118,2,2
69653,122,103,19,19
69654,121,109,12,12
69655,106,86,20,20
69656,95,94,1,1
69657,71,67,4,4
69658,64,71,-7,7
69659,103,94,9,9
69660,66,77,-11,11
69661,60,64,-4,4
69662,85,79,6,6
69663,110,102,8,8
69664,109,102,7,7
69665,80,87,-7,7
69666,80,67,13,13
69667,147,138,9,9
69668,107,106,1,1
69669,61,58,3,3
69670,163,153,10,10
69671,60,55,5,5
69672,85,79,6,6
69673,152,150,2,2
69674,90,85,5,5
69675,81,75,6,6
69676,76,70,6,6
69677,95,85,10,10
69678,70,66,4,4
69679,101,87,14,14
69680,65,58,7,7
69681,78,84,-6,6
69682,94,91,3,3
69683,69,65,4,4
69684,161,150,11,11
69685,97,95,2,2
69686,66,70,-4,4
69687,171,143,28,28
69688,93,77,16,16
69689,98,86,12,12
69690,101,98,3,3
69691,97,91,6,6
69692,74,75,-1,1
69693,88,74,14,14
69694,184,167,17,17
69695,74,76,-2,2
69696,65,73,-8,8
69697,193,169,24,24
69698,103,90,13,13
69699,57,62,-5,5
69700,113,123,-10,10
69701,145,153,-8,8
69702,60,59,1,1
69703,128,128,0,0
69704,89,84,5,5
69705,80,75,5,5
69706,79,70,9,9
69707,114,102,12,12
69708,200,174,26,26
69709,133,120,13,13
69710,114,100,14,14
69711,125,111,14,14
69712,82,75,7,7
69713,90,78,12,12
69714,95,86,9,9
69715,140,133,7,7
69716,96,95,1,1
69717,186,166,20,20
69718,89,93,-4,4
69719,57,57,0,0
69720,76,73,3,3
69721,64,59,5,5
69722,138,120,18,18
69723,97,87,10,10
69724,95,97,-2,2
69725,157,146,11,11
69726,76,66,10,10
69727,77,79,-2,2
69728,110,101,9,9
69729,191,162,29,29
69730,70,62,8,8
69731,100,104,-4,4
69732,98,96,2,2
69733,64,67,-3,3
69734,106,97,9,9
69735,95,91,4,4
69736,70,73,-3,3
69737,132,109,23,23
69738,43,34,9,9
69739,177,147,30,30
69740,59,56,3,3
69741,42,49,-7,7
69742,40,34,6,6
69743,82,45,37,37
69744,79,82,-3,3
69745,62,71,-9,9
69746,108,95,13,13
69747,103,106,-3,3
69748,92,85,7,7
69749,63,65,-2,2
69750,65,66,-1,1
69751,144,134,10,10
69752,92,82,10,10
69753,129,119,10,10
69754,137,128,9,9
69755,122,118,4,4
69756,48,66,-18,18
69757,85,66,19,19
69758,90,89,1,1
69759,82,68,14,14
69760,112,96,16,16
69761,85,81,4,4
69762,91,81,10,10
69763,78,75,3,3
69764,69,66,3,3
69765,121,103,18,18
69766,68,69,-1,1
69767,131,122,9,9
69768,89,84,5,5
69769,93,83,10,10
69770,54,50,4,4
69771,136,125,11,11
69772,35,68,-33,33
69773,178,146,32,32
69774,105,94,11,11
69775,145,133,12,12
69776,75,78,-3,3
69777,117,100,17,17
69778,63,59,4,4
69779,132,121,11,11
69780,100,95,5,5
69781,67,67,0,0
69782,47,51,-4,4
69783,128,107,21,21
69784,119,116,3,3
69785,119,112,7,7
69786,93,74,19,19
69787,121,112,9,9
69788,79,70,9,9
69789,166,144,22,22
69790,87,76,11,11
69791,85,82,3,3
69792,80,72,8,8
69793,68,67,1,1
69794,131,125,6,6
69795,124,112,12,12
69796,146,139,7,7
69797,71,62,9,9
69798,89,92,-3,3
69799,60,64,-4,4
69800,64,60,4,4
69801,63,67,-4,4
69802,61,61,0,0
69803,119,97,22,22
69804,83,82,1,1
69805,96,92,4,4
69806,116,124,-8,8
69807,122,109,13,13
69808,102,88,14,14
69809,85,82,3,3
69810,129,122,7,7
69811,109,92,17,17
69812,41,41,0,0
69813,95,93,2,2
69814,131,104,27,27
69815,98,72,26,26
69816,105,91,14,14
69817,35,46,-11,11
69818,65,60,5,5
69819,69,64,5,5
69820,72,67,5,5
69821,101,98,3,3
69822,86,79,7,7
69823,103,98,5,5
69824,110,92,18,18
69825,77,68,9,9
69826,98,70,28,28
69827,107,96,11,11
69828,72,75,-3,3
69829,109,102,7,7
69830,68,61,7,7
69831,64,59,5,5
69832,158,142,16,16
69833,112,110,2,2
69834,71,78,-7,7
69835,119,105,14,14
69836,63,60,3,3
69837,66,65,1,1
69838,90,82,8,8
69839,114,110,4,4
69840,81,80,1,1
69841,136,116,20,20
69842,92,84,8,8
69843,46,63,-17,17
69844,48,50,-2,2
69845,99,82,17,17
69846,63,64,-1,1
69847,113,103,10,10
69848,77,76,1,1
69849,95,100,-5,5
69850,95,88,7,7
69851,92,88,4,4
69852,77,72,5,5
69853,108,97,11,11
69854,80,74,6,6
69855,106,97,9,9
69856,193,171,22,22
69857,138,115,23,23
69858,146,134,12,12
69859,146,136,10,10
69860,121,103,18,18
69861,134,112,22,22
69862,92,87,5,5
69863,109,97,12,12
69864,94,93,1,1
69865,96,95,1,1
69866,105,111,-6,6
69867,124,117,7,7
69868,101,89,12,12
69869,63,69,-6,6
69870,91,89,2,2
69871,75,78,-3,3
69872,89,94,-5,5
69873,134,121,13,13
69874,130,117,13,13
69875,71,77,-6,6
69876,152,139,13,13
69877,79,61,18,18
69878,82,68,14,14
69879,80,84,-4,4
69880,51,55,-4,4
69881,134,121,13,13
69882,120,99,21,21
69883,88,80,8,8
69884,66,69,-3,3
69885,40,49,-9,9
69886,81,69,12,12
69887,125,106,19,19
69888,57,56,1,1
69889,127,111,16,16
69890,70,59,11,11
69891,144,93,51,51
69892,100,102,-2,2
69893,190,157,33,33
69894,79,74,5,5
69895,95,71,24,24
69896,86,70,16,16
69897,75,59,16,16
69898,108,96,12,12
69899,74,69,5,5
69900,110,111,-1,1
69901,121,104,17,17
69902,75,74,1,1
69903,193,157,36,36
69904,102,89,13,13
69905,83,81,2,2
69906,161,144,17,17
69907,43,52,-9,9
69908,157,164,-7,7
69909,152,146,6,6
69910,166,145,21,21
69911,61,57,4,4
69912,123,110,13,13
69913,77,63,14,14
69914,76,66,10,10
69915,103,102,1,1
69916,73,67,6,6
69917,94,89,5,5
69918,71,73,-2,2
69919,69,76,-7,7
69920,46,44,2,2
69921,59,58,1,1
69922,109,95,14,14
69923,166,159,7,7
69924,65,64,1,1
69925,97,85,12,12
69926,170,145,25,25
69927,76,77,-1,1
69928,79,75,4,4
69929,84,85,-1,1
69930,36,31,5,5
69931,149,138,11,11
69932,61,56,5,5
69933,109,101,8,8
69934,160,132,28,28
69935,96,84,12,12
69936,139,131,8,8
69937,59,57,2,2
69938,52,44,8,8
69939,148,126,22,22
69940,90,70,20,20
69941,68,57,11,11
69942,60,63,-3,3
69943,110,104,6,6
69944,80,93,-13,13
69945,37,38,-1,1
69946,75,82,-7,7
69947,62,68,-6,6
69948,66,64,2,2
69949,99,99,0,0
69950,105,94,11,11
69951,165,140,25,25
69952,164,147,17,17
69953,93,87,6,6
69954,58,72,-14,14
69955,93,83,10,10
69956,37,42,-5,5
69957,68,70,-2,2
69958,122,115,7,7
69959,36,34,2,2
69960,109,101,8,8
69961,111,97,14,14
69962,39,42,-3,3
69963,139,123,16,16
69964,109,104,5,5
69965,169,151,18,18
69966,138,126,12,12
69967,104,111,-7,7
69968,170,167,3,3
69969,66,64,2,2
69970,154,140,14,14
69971,46,50,-4,4
69972,136,113,23,23
69973,81,75,6,6
69974,390,281,109,109
69975,88,79,9,9
69976,66,74,-8,8
69977,69,64,5,5
69978,48,55,-7,7
69979,136,114,22,22
69980,85,80,5,5
69981,73,68,5,5
69982,128,126,2,2
69983,90,88,2,2
69984,105,99,6,6
69985,127,114,13,13
69986,102,95,7,7
69987,111,100,11,11
69988,110,90,20,20
69989,92,83,9,9
69990,66,96,-30,30
69991,103,95,8,8
69992,111,96,15,15
69993,120,109,11,11
69994,96,93,3,3
69995,141,128,13,13
69996,89,98,-9,9
69997,66,64,2,2
69998,95,80,15,15
69999,83,84,-1,1
70000,62,58,4,4
70001,136,127,9,9
70002,99,90,9,9
70003,78,65,13,13
70004,79,82,-3,3
70005,86,77,9,9
70006,70,70,0,0
70007,128,120,8,8
70008,100,78,22,22
70009,116,94,22,22
70010,165,165,0,0
70011,125,112,13,13
70012,63,68,-5,5
70013,93,94,-1,1
70014,135,114,21,21
70015,61,60,1,1
70016,55,67,-12,12
70017,95,82,13,13
70018,98,92,6,6
70019,54,54,0,0
70020,85,84,1,1
70021,96,81,15,15
70022,132,122,10,10
70023,81,80,1,1
70024,57,59,-2,2
70025,71,63,8,8
70026,92,86,6,6
70027,99,82,17,17
70028,87,79,8,8
70029,116,94,22,22
70030,46,51,-5,5
70031,29,31,-2,2
70032,163,158,5,5
70033,110,96,14,14
70034,68,64,4,4
70035,62,59,3,3
70036,60,51,9,9
70037,91,91,0,0
70038,35,32,3,3
70039,61,66,-5,5
70040,101,83,18,18
70041,135,120,15,15
70042,169,159,10,10
70043,122,105,17,17
70044,182,161,21,21
70045,86,85,1,1
70046,121,107,14,14
70047,65,58,7,7
70048,84,79,5,5
70049,98,86,12,12
70050,61,64,-3,3
70051,71,76,-5,5
70052,54,57,-3,3
70053,130,111,19,19
70054,47,52,-5,5
70055,78,71,7,7
70056,83,70,13,13
70057,119,98,21,21
70058,86,75,11,11
70059,92,88,4,4
70060,76,73,3,3
70061,80,82,-2,2
70062,103,89,14,14
70063,113,102,11,11
70064,79,80,-1,1
70065,68,67,1,1
70066,115,104,11,11
70067,62,66,-4,4
70068,107,109,-2,2
70069,115,99,16,16
70070,138,129,9,9
70071,115,114,1,1
70072,117,99,18,18
70073,92,132,-40,40
70074,122,106,16,16
70075,54,56,-2,2
70076,76,74,2,2
70077,96,87,9,9
70078,57,58,-1,1
70079,108,102,6,6
70080,104,99,5,5
70081,107,99,8,8
70082,66,61,5,5
70083,57,63,-6,6
70084,72,66,6,6
70085,63,86,-23,23
70086,119,113,6,6
70087,123,107,16,16
70088,86,80,6,6
70089,121,97,24,24
70090,72,61,11,11
70091,70,67,3,3
70092,84,71,13,13
70093,72,74,-2,2
70094,61,56,5,5
70095,128,106,22,22
70096,90,87,3,3
70097,138,140,-2,2
70098,80,77,3,3
70099,134,98,36,36
70100,135,127,8,8
70101,108,98,10,10
70102,114,99,15,15
70103,87,74,13,13
70104,29,48,-19,19
70105,84,80,4,4
70106,139,128,11,11
70107,126,108,18,18
70108,61,53,8,8
70109,22,31,-9,9
70110,61,71,-10,10
70111,74,80,-6,6
70112,120,106,14,14
70113,69,65,4,4
70114,61,64,-3,3
70115,88,86,2,2
70116,102,98,4,4
70117,107,100,7,7
70118,103,94,9,9
70119,89,87,2,2
70120,134,125,9,9
70121,52,57,-5,5
70122,63,87,-24,24
70123,116,99,17,17
70124,123,123,0,0
70125,101,88,13,13
70126,58,60,-2,2
70127,95,90,5,5
70128,66,61,5,5
70129,69,66,3,3
70130,107,93,14,14
70131,118,121,-3,3
70132,155,130,25,25
70133,75,72,3,3
70134,103,89,14,14
70135,81,71,10,10
70136,94,88,6,6
70137,64,63,1,1
70138,135,118,17,17
70139,116,124,-8,8
70140,213,173,40,40
70141,87,83,4,4
70142,109,116,-7,7
70143,149,136,13,13
70144,81,88,-7,7
70145,78,73,5,5
70146,62,56,6,6
70147,73,74,-1,1
70148,68,58,10,10
70149,103,76,27,27
70150,121,100,21,21
70151,165,138,27,27
70152,105,93,12,12
70153,71,64,7,7
70154,139,133,6,6
70155,75,93,-18,18
70156,146,143,3,3
70157,88,88,0,0
70158,184,170,14,14
70159,122,103,19,19
70160,50,66,-16,16
70161,98,92,6,6
70162,28,71,-43,43
70163,68,58,10,10
70164,34,35,-1,1
70165,88,75,13,13
70166,87,86,1,1
70167,91,83,8,8
70168,97,88,9,9
70169,93,71,22,22
70170,46,48,-2,2
70171,63,59,4,4
70172,54,62,-8,8
70173,68,69,-1,1
70174,100,107,-7,7
70175,51,51,0,0
70176,92,89,3,3
70177,111,104,7,7
70178,66,58,8,8
70179,60,68,-8,8
70180,66,62,4,4
70181,130,109,21,21
70182,125,103,22,22
70183,134,126,8,8
70184,139,127,12,12
70185,105,100,5,5
70186,70,68,2,2
70187,106,91,15,15
70188,146,122,24,24
70189,144,136,8,8
70190,108,117,-9,9
70191,77,76,1,1
70192,99,87,12,12
70193,79,74,5,5
70194,65,64,1,1
70195,65,74,-9,9
70196,89,93,-4,4
70197,128,107,21,21
70198,95,111,-16,16
70199,131,133,-2,2
70200,48,48,0,0
70201,127,107,20,20
70202,102,98,4,4
70203,127,115,12,12
70204,53,55,-2,2
70205,148,123,25,25
70206,173,147,26,26
70207,110,99,11,11
70208,61,59,2,2
70209,65,62,3,3
70210,83,76,7,7
70211,125,117,8,8
70212,94,85,9,9
70213,82,74,8,8
70214,95,83,12,12
70215,48,52,-4,4
70216,112,103,9,9
70217,74,71,3,3
70218,114,98,16,16
70219,64,64,0,0
70220,109,94,15,15
70221,163,140,23,23
70222,136,123,13,13
70223,218,183,35,35
70224,114,98,16,16
70225,152,136,16,16
70226,115,109,6,6
70227,70,74,-4,4
70228,76,72,4,4
70229,101,94,7,7
70230,122,106,16,16
70231,95,83,12,12
70232,112,132,-20,20
70233,114,105,9,9
70234,93,85,8,8
70235,56,65,-9,9
70236,110,113,-3,3
70237,97,90,7,7
70238,86,90,-4,4
70239,87,79,8,8
70240,55,67,-12,12
70241,183,182,1,1
70242,99,92,7,7
70243,102,94,8,8
70244,113,100,13,13
70245,95,88,7,7
70246,191,157,34,34
70247,82,80,2,2
70248,55,51,4,4
70249,60,62,-2,2
70250,81,73,8,8
70251,87,81,6,6
70252,142,134,8,8
70253,97,79,18,18
70254,116,94,22,22
70255,73,70,3,3
70256,87,88,-1,1
70257,102,87,15,15
70258,57,59,-2,2
70259,56,61,-5,5
70260,193,151,42,42
70261,99,94,5,5
70262,61,63,-2,2
70263,90,82,8,8
70264,129,125,4,4
70265,86,81,5,5
70266,68,74,-6,6
70267,106,89,17,17
70268,101,101,0,0
70269,139,121,18,18
70270,97,98,-1,1
70271,79,82,-3,3
70272,54,61,-7,7
70273,47,51,-4,4
70274,119,101,18,18
70275,93,88,5,5
70276,70,67,3,3
70277,109,101,8,8
70278,55,65,-10,10
70279,127,124,3,3
70280,76,73,3,3
70281,35,40,-5,5
70282,66,62,4,4
70283,72,70,2,2
70284,91,95,-4,4
70285,128,125,3,3
70286,123,114,9,9
70287,129,116,13,13
70288,106,92,14,14
70289,84,85,-1,1
70290,99,82,17,17
70291,59,55,4,4
70292,54,58,-4,4
70293,120,109,11,11
70294,188,161,27,27
70295,83,76,7,7
70296,146,121,25,25
70297,69,65,4,4
70298,58,58,0,0
70299,173,138,35,35
70300,131,111,20,20
70301,150,131,19,19
70302,115,104,11,11
70303,107,93,14,14
70304,131,124,7,7
70305,101,95,6,6
70306,105,88,17,17
70307,104,98,6,6
70308,138,117,21,21
70309,62,60,2,2
70310,88,88,0,0
70311,44,43,1,1
70312,116,110,6,6
70313,84,77,7,7
70314,80,93,-13,13
70315,112,105,7,7
70316,85,77,8,8
70317,82,70,12,12
70318,101,96,5,5
70319,123,110,13,13
70320,137,120,17,17
70321,112,91,21,21
70322,72,73,-1,1
70323,100,89,11,11
70324,106,93,13,13
70325,64,54,10,10
70326,115,98,17,17
70327,44,49,-5,5
70328,112,101,11,11
70329,113,96,17,17
70330,203,168,35,35
70331,113,95,18,18
70332,154,140,14,14
70333,88,88,0,0
70334,88,94,-6,6
70335,56,56,0,0
70336,116,108,8,8
70337,104,96,8,8
70338,96,87,9,9
70339,99,91,8,8
70340,98,100,-2,2
70341,128,128,0,0
70342,79,72,7,7
70343,97,100,-3,3
70344,68,72,-4,4
70345,93,77,16,16
70346,99,91,8,8
70347,68,67,1,1
70348,83,74,9,9
70349,85,85,0,0
70350,89,89,0,0
70351,95,86,9,9
70352,133,120,13,13
70353,86,80,6,6
70354,94,87,7,7
70355,63,68,-5,5
70356,134,121,13,13
70357,79,79,0,0
70358,55,51,4,4
70359,82,81,1,1
70360,60,64,-4,4
70361,63,69,-6,6
70362,179,151,28,28
70363,127,115,12,12
70364,65,57,8,8
70365,101,95,6,6
70366,112,99,13,13
70367,66,68,-2,2
70368,104,92,12,12
70369,80,92,-12,12
70370,84,71,13,13
70371,57,59,-2,2
70372,55,54,1,1
70373,134,121,13,13
70374,125,109,16,16
70375,83,78,5,5
70376,66,63,3,3
70377,59,78,-19,19
70378,117,105,12,12
70379,103,112,-9,9
70380,101,87,14,14
70381,128,119,9,9
70382,92,90,2,2
70383,167,145,22,22
70384,79,76,3,3
70385,121,107,14,14
70386,85,73,12,12
70387,80,61,19,19
70388,26,31,-5,5
70389,52,54,-2,2
70390,58,67,-9,9
70391,137,124,13,13
70392,48,51,-3,3
70393,138,120,18,18
70394,81,63,18,18
70395,132,122,10,10
70396,111,101,10,10
70397,115,106,9,9
70398,129,118,11,11
70399,125,114,11,11
70400,138,150,-12,12
70401,51,55,-4,4
70402,131,132,-1,1
70403,164,157,7,7
70404,107,86,21,21
70405,102,93,9,9
70406,66,64,2,2
70407,59,58,1,1
70408,60,58,2,2
70409,145,129,16,16
70410,143,129,14,14
70411,121,113,8,8
70412,98,97,1,1
70413,107,86,21,21
70414,69,63,6,6
70415,154,144,10,10
70416,93,91,2,2
70417,93,89,4,4
70418,41,35,6,6
70419,103,100,3,3
70420,81,77,4,4
70421,105,90,15,15
70422,60,54,6,6
70423,90,88,2,2
70424,76,72,4,4
70425,98,92,6,6
70426,70,65,5,5
70427,49,58,-9,9
70428,113,101,12,12
70429,45,58,-13,13
70430,109,95,14,14
70431,53,54,-1,1
70432,98,79,19,19
70433,70,63,7,7
70434,91,82,9,9
70435,126,108,18,18
70436,68,55,13,13
70437,54,70,-16,16
70438,99,84,15,15
70439,85,82,3,3
70440,85,74,11,11
70441,93,89,4,4
70442,69,65,4,4
70443,59,56,3,3
70444,47,57,-10,10
70445,83,76,7,7
70446,103,101,2,2
70447,93,78,15,15
70448,125,123,2,2
70449,97,90,7,7
70450,103,101,2,2
70451,79,74,5,5
70452,103,106,-3,3
70453,132,114,18,18
70454,165,154,11,11
70455,132,118,14,14
70456,88,82,6,6
70457,92,80,12,12
70458,75,71,4,4
70459,108,93,15,15
70460,98,88,10,10
70461,133,140,-7,7
70462,75,67,8,8
70463,187,172,15,15
70464,123,110,13,13
70465,63,76,-13,13
70466,92,97,-5,5
70467,117,106,11,11
70468,98,81,17,17
70469,247,213,34,34
70470,98,94,4,4
70471,102,83,19,19
70472,66,71,-5,5
70473,62,58,4,4
70474,84,80,4,4
70475,52,51,1,1
70476,107,96,11,11
70477,155,130,25,25
70478,118,109,9,9
70479,150,140,10,10
70480,112,98,14,14
70481,106,98,8,8
70482,61,61,0,0
70483,101,94,7,7
70484,80,67,13,13
70485,65,76,-11,11
70486,86,76,10,10
70487,74,66,8,8
70488,163,136,27,27
70489,100,98,2,2
70490,44,49,-5,5
70491,86,69,17,17
70492,119,105,14,14
70493,80,71,9,9
70494,57,61,-4,4
70495,136,119,17,17
70496,113,108,5,5
70497,75,71,4,4
70498,41,51,-10,10
70499,125,129,-4,4
70500,77,72,5,5
70501,97,84,13,13
70502,159,148,11,11
70503,43,50,-7,7
70504,47,50,-3,3
70505,53,53,0,0
70506,141,118,23,23
70507,79,78,1,1
70508,74,69,5,5
70509,117,108,9,9
70510,39,48,-9,9
70511,74,75,-1,1
70512,131,123,8,8
70513,95,90,5,5
70514,152,129,23,23
70515,80,78,2,2
70516,125,101,24,24
70517,114,108,6,6
70518,113,100,13,13
70519,58,66,-8,8
70520,98,85,13,13
70521,135,119,16,16
70522,88,92,-4,4
70523,147,135,12,12
70524,83,77,6,6
70525,145,132,13,13
70526,144,132,12,12
70527,142,122,20,20
70528,65,64,1,1
70529,59,61,-2,2
70530,116,105,11,11
70531,51,54,-3,3
70532,48,51,-3,3
70533,113,111,2,2
70534,87,63,24,24
70535,72,75,-3,3
70536,100,91,9,9
70537,66,65,1,1
70538,106,104,2,2
70539,128,108,20,20
70540,71,63,8,8
70541,69,72,-3,3
70542,117,121,-4,4
70543,125,115,10,10
70544,105,92,13,13
70545,43,45,-2,2
70546,154,145,9,9
70547,77,75,2,2
70548,104,98,6,6
70549,112,100,12,12
70550,84,79,5,5
70551,69,64,5,5
70552,135,115,20,20
70553,130,111,19,19
70554,117,113,4,4
70555,47,54,-7,7
70556,114,110,4,4
70557,100,97,3,3
70558,129,125,4,4
70559,59,59,0,0
70560,159,139,20,20
70561,61,58,3,3
70562,51,53,-2,2
70563,92,84,8,8
70564,73,72,1,1
70565,98,77,21,21
70566,117,104,13,13
70567,100,100,0,0
70568,54,67,-13,13
70569,76,66,10,10
70570,132,120,12,12
70571,178,129,49,49
70572,91,89,2,2
70573,127,107,20,20
70574,75,66,9,9
70575,70,67,3,3
70576,124,112,12,12
70577,125,119,6,6
70578,80,78,2,2
70579,59,58,1,1
70580,82,84,-2,2
70581,130,121,9,9
70582,82,84,-2,2
70583,93,80,13,13
70584,82,82,0,0
70585,160,136,24,24
70586,83,76,7,7
70587,128,108,20,20
70588,123,103,20,20
70589,98,86,12,12
70590,104,86,18,18
70591,109,95,14,14
70592,48,48,0,0
70593,62,58,4,4
70594,63,60,3,3
70595,63,64,-1,1
70596,115,99,16,16
70597,94,82,12,12
70598,94,91,3,3
70599,91,85,6,6
70600,141,137,4,4
70601,162,143,19,19
70602,91,87,4,4
70603,88,87,1,1
70604,117,118,-1,1
70605,52,53,-1,1
70606,57,60,-3,3
70607,106,85,21,21
70608,77,79,-2,2
70609,58,61,-3,3
70610,85,74,11,11
70611,110,98,12,12
70612,74,76,-2,2
70613,97,82,15,15
70614,58,60,-2,2
70615,92,90,2,2
70616,97,89,8,8
70617,73,72,1,1
70618,89,87,2,2
70619,108,95,13,13
70620,129,113,16,16
70621,83,76,7,7
70622,97,86,11,11
70623,88,82,6,6
70624,88,78,10,10
70625,74,74,0,0
70626,103,99,4,4
70627,93,80,13,13
70628,39,45,-6,6
70629,168,143,25,25
70630,102,86,16,16
70631,77,77,0,0
70632,209,196,13,13
70633,88,78,10,10
70634,88,85,3,3
70635,95,95,0,0
70636,113,98,15,15
70637,109,103,6,6
70638,93,91,2,2
70639,167,142,25,25
70640,55,70,-15,15
70641,115,104,11,11
70642,101,96,5,5
70643,52,60,-8,8
70644,155,144,11,11
70645,47,52,-5,5
70646,123,118,5,5
70647,71,66,5,5
70648,109,102,7,7
70649,63,68,-5,5
70650,132,131,1,1
70651,74,75,-1,1
70652,89,91,-2,2
70653,131,118,13,13
70654,71,70,1,1
70655,100,82,18,18
70656,76,84,-8,8
70657,67,65,2,2
70658,121,104,17,17
70659,45,58,-13,13
70660,79,63,16,16
70661,145,132,13,13
70662,242,192,50,50
70663,64,67,-3,3
70664,146,125,21,21
70665,80,74,6,6
70666,135,126,9,9
70667,94,82,12,12
70668,88,76,12,12
70669,119,114,5,5
70670,129,113,16,16
70671,86,79,7,7
70672,60,56,4,4
70673,148,143,5,5
70674,43,53,-10,10
70675,41,43,-2,2
70676,272,218,54,54
70677,116,92,24,24
70678,86,77,9,9
70679,69,70,-1,1
70680,51,51,0,0
70681,80,75,5,5
70682,83,76,7,7
70683,108,98,10,10
70684,66,61,5,5
70685,178,168,10,10
70686,138,129,9,9
70687,124,103,21,21
70688,58,59,-1,1
70689,93,87,6,6
70690,135,117,18,18
70691,98,76,22,22
70692,91,77,14,14
70693,83,71,12,12
70694,192,168,24,24
70695,119,98,21,21
70696,44,53,-9,9
70697,83,81,2,2
70698,75,74,1,1
70699,216,190,26,26
70700,178,158,20,20
70701,81,76,5,5
70702,56,64,-8,8
70703,85,80,5,5
70704,87,81,6,6
70705,77,73,4,4
70706,73,73,0,0
70707,122,113,9,9
70708,169,139,30,30
70709,155,133,22,22
70710,111,102,9,9
70711,37,42,-5,5
70712,116,109,7,7
70713,107,100,7,7
70714,63,67,-4,4
70715,97,85,12,12
70716,108,87,21,21
70717,94,89,5,5
70718,56,56,0,0
70719,49,44,5,5
70720,87,86,1,1
70721,110,102,8,8
70722,89,87,2,2
70723,87,76,11,11
70724,127,119,8,8
70725,82,77,5,5
70726,58,54,4,4
70727,69,69,0,0
70728,66,57,9,9
70729,62,76,-14,14
70730,80,77,3,3
70731,62,60,2,2
70732,46,50,-4,4
70733,48,65,-17,17
70734,77,71,6,6
70735,99,106,-7,7
70736,98,93,5,5
70737,87,82,5,5
70738,63,66,-3,3
70739,114,110,4,4
70740,121,119,2,2
70741,70,69,1,1
70742,118,100,18,18
70743,116,108,8,8
70744,89,87,2,2
70745,100,92,8,8
70746,249,249,0,0
70747,202,172,30,30
70748,152,134,18,18
70749,140,125,15,15
70750,162,141,21,21
70751,90,82,8,8
70752,132,108,24,24
70753,79,66,13,13
70754,73,66,7,7
70755,115,98,17,17
70756,188,162,26,26
70757,72,70,2,2
70758,112,106,6,6
70759,131,114,17,17
70760,128,119,9,9
70761,125,113,12,12
70762,133,116,17,17
70763,159,137,22,22
70764,96,87,9,9
70765,85,83,2,2
70766,103,94,9,9
70767,74,66,8,8
70768,139,128,11,11
70769,114,103,11,11
70770,35,35,0,0
70771,56,59,-3,3
70772,85,84,1,1
70773,111,92,19,19
70774,107,100,7,7
70775,138,128,10,10
70776,79,70,9,9
70777,89,83,6,6
70778,97,85,12,12
70779,88,77,11,11
70780,77,75,2,2
70781,83,72,11,11
70782,138,128,10,10
70783,109,101,8,8
70784,58,65,-7,7
70785,65,67,-2,2
70786,97,97,0,0
70787,95,89,6,6
70788,93,84,9,9
70789,80,80,0,0
70790,88,74,14,14
70791,104,101,3,3
70792,72,71,1,1
70793,75,69,6,6
70794,88,83,5,5
70795,104,104,0,0
70796,70,67,3,3
70797,83,83,0,0
70798,108,91,17,17
70799,84,74,10,10
70800,91,90,1,1
70801,115,106,9,9
70802,80,81,-1,1
70803,122,116,6,6
70804,116,107,9,9
70805,119,106,13,13
70806,105,90,15,15
70807,80,79,1,1
70808,63,77,-14,14
70809,108,107,1,1
70810,73,68,5,5
70811,116,107,9,9
70812,101,85,16,16
70813,78,75,3,3
70814,137,128,9,9
70815,94,91,3,3
70816,63,55,8,8
70817,122,123,-1,1
70818,145,127,18,18
70819,110,94,16,16
70820,86,79,7,7
70821,160,141,19,19
70822,149,129,20,20
70823,93,82,11,11
70824,77,66,11,11
70825,43,50,-7,7
70826,85,85,0,0
70827,85,73,12,12
70828,71,66,5,5
70829,68,70,-2,2
70830,85,82,3,3
70831,74,76,-2,2
70832,152,152,0,0
70833,161,136,25,25
70834,130,126,4,4
70835,83,75,8,8
70836,102,97,5,5
70837,96,98,-2,2
70838,111,107,4,4
70839,41,43,-2,2
70840,54,58,-4,4
70841,119,106,13,13
70842,89,75,14,14
70843,105,88,17,17
70844,163,143,20,20
70845,102,92,10,10
70846,90,81,9,9
70847,52,62,-10,10
70848,61,57,4,4
70849,84,89,-5,5
70850,87,86,1,1
70851,56,68,-12,12
70852,86,92,-6,6
70853,153,134,19,19
70854,130,109,21,21
70855,171,145,26,26
70856,81,77,4,4
70857,76,69,7,7
70858,82,83,-1,1
70859,114,111,3,3
70860,103,99,4,4
70861,98,93,5,5
70862,130,120,10,10
70863,145,117,28,28
70864,66,77,-11,11
70865,136,106,30,30
70866,96,100,-4,4
70867,35,44,-9,9
70868,77,71,6,6
70869,108,96,12,12
70870,91,97,-6,6
70871,68,70,-2,2
70872,114,108,6,6
70873,38,41,-3,3
70874,123,96,27,27
70875,81,76,5,5
70876,96,83,13,13
70877,89,82,7,7
70878,129,134,-5,5
70879,93,85,8,8
70880,57,58,-1,1
70881,81,72,9,9
70882,137,118,19,19
70883,83,70,13,13
70884,97,90,7,7
70885,100,93,7,7
70886,83,81,2,2
70887,94,81,13,13
70888,87,93,-6,6
70889,154,137,17,17
70890,126,101,25,25
70891,74,71,3,3
70892,87,86,1,1
70893,62,68,-6,6
70894,61,58,3,3
70895,94,79,15,15
70896,91,79,12,12
70897,67,65,2,2
70898,87,77,10,10
70899,58,64,-6,6
70900,126,111,15,15
70901,102,90,12,12
70902,97,93,4,4
70903,60,62,-2,2
70904,84,79,5,5
70905,168,119,49,49
70906,89,83,6,6
70907,60,61,-1,1
70908,99,94,5,5
70909,119,103,16,16
70910,90,83,7,7
70911,150,140,10,10
70912,95,88,7,7
70913,79,75,4,4
70914,45,47,-2,2
70915,101,89,12,12
70916,123,108,15,15
70917,145,133,12,12
70918,56,57,-1,1
70919,83,79,4,4
70920,48,51,-3,3
70921,65,63,2,2
70922,102,100,2,2
70923,75,71,4,4
70924,194,187,7,7
70925,55,57,-2,2
70926,61,59,2,2
70927,97,87,10,10
70928,123,119,4,4
70929,47,51,-4,4
70930,99,105,-6,6
70931,88,82,6,6
70932,65,62,3,3
70933,71,70,1,1
70934,140,123,17,17
70935,113,102,11,11
70936,70,70,0,0
70937,123,115,8,8
70938,113,92,21,21
70939,170,141,29,29
70940,101,99,2,2
70941,113,97,16,16
70942,102,90,12,12
70943,74,73,1,1
70944,73,76,-3,3
70945,90,90,0,0
70946,62,59,3,3
70947,104,112,-8,8
70948,119,107,12,12
70949,71,62,9,9
70950,129,129,0,0
70951,48,51,-3,3
70952,149,143,6,6
70953,63,61,2,2
70954,115,104,11,11
70955,110,104,6,6
70956,93,111,-18,18
70957,100,96,4,4
70958,90,86,4,4
70959,46,52,-6,6
70960,126,112,14,14
70961,99,90,9,9
70962,65,60,5,5
70963,77,70,7,7
70964,70,64,6,6
70965,82,86,-4,4
70966,91,86,5,5
70967,142,123,19,19
70968,73,66,7,7
70969,146,121,25,25
70970,106,98,8,8
70971,185,171,14,14
70972,72,71,1,1
70973,119,100,19,19
70974,56,57,-1,1
70975,110,96,14,14
70976,94,86,8,8
70977,79,83,-4,4
70978,50,50,0,0
70979,86,79,7,7
70980,73,69,4,4
70981,81,77,4,4
70982,68,69,-1,1
70983,69,70,-1,1
70984,135,114,21,21
70985,162,131,31,31
70986,107,96,11,11
70987,74,74,0,0
70988,61,62,-1,1
70989,101,85,16,16
70990,70,62,8,8
70991,101,112,-11,11
70992,61,61,0,0
70993,103,95,8,8
70994,47,103,-56,56
70995,87,82,5,5
70996,73,71,2,2
70997,100,82,18,18
70998,97,81,16,16
70999,75,75,0,0
71000,77,71,6,6
71001,59,57,2,2
71002,136,129,7,7
71003,44,47,-3,3
71004,149,127,22,22
71005,85,83,2,2
71006,132,121,11,11
71007,54,58,-4,4
71008,98,87,11,11
71009,102,102,0,0
71010,122,112,10,10
71011,70,64,6,6
71012,121,116,5,5
71013,86,81,5,5
71014,99,92,7,7
71015,71,65,6,6
71016,113,102,11,11
71017,100,92,8,8
71018,61,57,4,4
71019,69,73,-4,4
71020,103,106,-3,3
71021,122,130,-8,8
71022,90,78,12,12
71023,113,94,19,19
71024,99,100,-1,1
71025,100,82,18,18
71026,77,76,1,1
71027,84,75,9,9
71028,101,89,12,12
71029,86,79,7,7
71030,43,45,-2,2
71031,73,72,1,1
71032,128,114,14,14
71033,81,68,13,13
71034,67,56,11,11
71035,137,122,15,15
71036,77,71,6,6
71037,52,57,-5,5
71038,103,104,-1,1
71039,107,97,10,10
71040,101,88,13,13
71041,80,76,4,4
71042,114,106,8,8
71043,112,110,2,2
71044,118,95,23,23
71045,110,101,9,9
71046,88,79,9,9
71047,63,85,-22,22
71048,125,107,18,18
71049,126,104,22,22
71050,68,78,-10,10
71051,59,60,-1,1
71052,69,70,-1,1
71053,90,78,12,12
71054,108,104,4,4
71055,80,76,4,4
71056,63,62,1,1
71057,52,52,0,0
71058,72,74,-2,2
71059,76,76,0,0
71060,92,85,7,7
71061,133,145,-12,12
71062,65,70,-5,5
71063,69,66,3,3
71064,121,102,19,19
71065,92,82,10,10
71066,67,67,0,0
71067,134,119,15,15
71068,81,72,9,9
71069,68,74,-6,6
71070,67,66,1,1
71071,52,54,-2,2
71072,107,99,8,8
71073,120,107,13,13
71074,133,122,11,11
71075,150,125,25,25
71076,124,128,-4,4
71077,86,82,4,4
71078,29,31,-2,2
71079,170,140,30,30
71080,88,83,5,5
71081,158,138,20,20
71082,58,57,1,1
71083,129,114,15,15
71084,94,87,7,7
71085,116,107,9,9
71086,159,140,19,19
71087,86,76,10,10
71088,174,162,12,12
71089,104,90,14,14
71090,90,78,12,12
71091,101,91,10,10
71092,107,101,6,6
71093,133,109,24,24
71094,70,63,7,7
71095,100,92,8,8
71096,174,160,14,14
71097,41,46,-5,5
71098,85,80,5,5
71099,76,71,5,5
71100,73,73,0,0
71101,131,119,12,12
71102,83,77,6,6
71103,88,88,0,0
71104,128,117,11,11
71105,86,82,4,4
71106,163,147,16,16
71107,104,98,6,6
71108,50,51,-1,1
71109,114,90,24,24
71110,108,102,6,6
71111,72,73,-1,1
71112,63,62,1,1
71113,51,51,0,0
71114,94,85,9,9
71115,76,67,9,9
71116,39,42,-3,3
71117,100,92,8,8
71118,64,65,-1,1
71119,87,80,7,7
71120,112,97,15,15
71121,105,100,5,5
71122,84,83,1,1
71123,135,121,14,14
71124,66,59,7,7
71125,164,146,18,18
71126,53,58,-5,5
71127,131,111,20,20
71128,97,89,8,8
71129,44,55,-11,11
71130,85,82,3,3
71131,58,52,6,6
71132,105,105,0,0
71133,51,51,0,0
71134,67,64,3,3
71135,82,85,-3,3
71136,100,87,13,13
71137,154,127,27,27
71138,89,87,2,2
71139,88,77,11,11
71140,104,82,22,22
71141,82,71,11,11
71142,97,88,9,9
71143,87,95,-8,8
71144,71,59,12,12
71145,87,85,2,2
71146,71,70,1,1
71147,168,148,20,20
71148,124,107,17,17
71149,75,61,14,14
71150,137,102,35,35
71151,131,115,16,16
71152,161,152,9,9
71153,80,75,5,5
71154,109,100,9,9
71155,65,61,4,4
71156,152,140,12,12
71157,120,106,14,14
71158,116,108,8,8
71159,82,92,-10,10
71160,214,183,31,31
71161,75,70,5,5
71162,95,81,14,14
71163,120,105,15,15
71164,126,116,10,10
71165,112,101,11,11
71166,115,115,0,0
71167,94,85,9,9
71168,84,83,1,1
71169,99,94,5,5
71170,69,64,5,5
71171,62,56,6,6
71172,106,101,5,5
71173,110,95,15,15
71174,78,76,2,2
71175,161,176,-15,15
71176,140,97,43,43
71177,83,92,-9,9
71178,110,95,15,15
71179,50,54,-4,4
71180,160,137,23,23
71181,93,80,13,13
71182,161,147,14,14
71183,37,43,-6,6
71184,58,50,8,8
71185,109,113,-4,4
71186,99,96,3,3
71187,124,135,-11,11
71188,65,64,1,1
71189,113,100,13,13
71190,114,116,-2,2
71191,127,109,18,18
71192,99,85,14,14
71193,83,75,8,8
71194,74,74,0,0
71195,112,109,3,3
71196,76,73,3,3
71197,86,77,9,9
71198,59,64,-5,5
71199,185,149,36,36
71200,113,87,26,26
71201,90,85,5,5
71202,60,61,-1,1
71203,136,110,26,26
71204,94,85,9,9
71205,100,88,12,12
71206,93,84,9,9
71207,80,76,4,4
71208,138,115,23,23
71209,123,109,14,14
71210,84,79,5,5
71211,96,94,2,2
71212,123,111,12,12
71213,46,80,-34,34
71214,54,53,1,1
71215,135,124,11,11
71216,135,109,26,26
71217,79,78,1,1
71218,127,110,17,17
71219,75,74,1,1
71220,43,64,-21,21
71221,107,84,23,23
71222,86,75,11,11
71223,114,110,4,4
71224,56,52,4,4
71225,80,74,6,6
71226,86,78,8,8
71227,62,55,7,7
71228,78,65,13,13
71229,158,149,9,9
71230,96,106,-10,10
71231,88,82,6,6
71232,62,56,6,6
71233,116,98,18,18
71234,103,97,6,6
71235,108,110,-2,2
71236,96,88,8,8
71237,65,64,1,1
71238,64,67,-3,3
71239,136,117,19,19
71240,92,90,2,2
71241,66,57,9,9
71242,106,100,6,6
71243,168,139,29,29
71244,91,85,6,6
71245,90,91,-1,1
71246,83,76,7,7
71247,198,172,26,26
71248,98,94,4,4
71249,116,91,25,25
71250,77,78,-1,1
71251,95,84,11,11
71252,113,103,10,10
71253,102,92,10,10
71254,54,52,2,2
71255,138,131,7,7
71256,76,72,4,4
71257,58,54,4,4
71258,74,69,5,5
71259,93,87,6,6
71260,56,74,-18,18
71261,139,132,7,7
71262,169,156,13,13
71263,131,121,10,10
71264,64,51,13,13
71265,89,88,1,1
71266,111,95,16,16
71267,149,132,17,17
71268,86,77,9,9
71269,67,84,-17,17
71270,54,52,2,2
71271,47,54,-7,7
71272,43,50,-7,7
71273,90,85,5,5
71274,139,120,19,19
71275,62,62,0,0
71276,67,71,-4,4
71277,75,75,0,0
71278,87,80,7,7
71279,82,76,6,6
71280,41,50,-9,9
71281,86,82,4,4
71282,151,130,21,21
71283,87,79,8,8
71284,107,100,7,7
71285,67,65,2,2
71286,90,93,-3,3
71287,133,119,14,14
71288,42,42,0,0
71289,124,107,17,17
71290,66,64,2,2
71291,74,72,2,2
71292,54,52,2,2
71293,123,110,13,13
71294,137,126,11,11
71295,67,60,7,7
71296,113,108,5,5
71297,103,87,16,16
71298,161,134,27,27
71299,114,99,15,15
71300,112,111,1,1
71301,103,97,6,6
71302,112,105,7,7
71303,123,120,3,3
71304,65,64,1,1
71305,97,85,12,12
71306,68,60,8,8
71307,69,64,5,5
71308,69,60,9,9
71309,143,123,20,20
71310,107,98,9,9
71311,59,75,-16,16
71312,125,108,17,17
71313,57,63,-6,6
71314,108,104,4,4
71315,86,83,3,3
71316,98,89,9,9
71317,82,76,6,6
71318,87,111,-24,24
71319,65,63,2,2
71320,96,84,12,12
71321,60,56,4,4
71322,77,73,4,4
71323,81,73,8,8
71324,147,134,13,13
71325,75,65,10,10
71326,75,68,7,7
71327,85,88,-3,3
71328,94,87,7,7
71329,158,145,13,13
71330,103,77,26,26
71331,125,107,18,18
71332,119,131,-12,12
71333,109,99,10,10
71334,64,60,4,4
71335,74,73,1,1
71336,33,31,2,2
71337,104,95,9,9
71338,73,84,-11,11
71339,148,115,33,33
71340,57,62,-5,5
71341,62,57,5,5
71342,143,128,15,15
71343,96,101,-5,5
71344,61,62,-1,1
71345,126,115,11,11
71346,66,78,-12,12
71347,97,96,1,1
71348,58,60,-2,2
71349,85,82,3,3
71350,207,163,44,44
71351,114,99,15,15
71352,105,96,9,9
71353,92,87,5,5
71354,80,75,5,5
71355,97,88,9,9
71356,93,88,5,5
71357,55,55,0,0
71358,89,78,11,11
71359,116,107,9,9
71360,98,91,7,7
71361,79,71,8,8
71362,127,118,9,9
71363,112,97,15,15
71364,131,105,26,26
71365,92,90,2,2
71366,81,76,5,5
71367,236,201,35,35
71368,110,115,-5,5
71369,66,70,-4,4
71370,100,99,1,1
71371,98,93,5,5
71372,118,102,16,16
71373,91,91,0,0
71374,162,134,28,28
71375,77,71,6,6
71376,67,64,3,3
71377,131,119,12,12
71378,103,99,4,4
71379,57,59,-2,2
71380,93,77,16,16
71381,72,75,-3,3
71382,67,58,9,9
71383,49,58,-9,9
71384,72,66,6,6
71385,56,51,5,5
71386,154,160,-6,6
71387,72,76,-4,4
71388,44,50,-6,6
71389,97,91,6,6
71390,173,132,41,41
71391,151,132,19,19
71392,92,80,12,12
71393,41,56,-15,15
71394,101,99,2,2
71395,151,123,28,28
71396,112,94,18,18
71397,82,78,4,4
71398,147,128,19,19
71399,104,83,21,21
71400,156,133,23,23
71401,69,64,5,5
71402,88,85,3,3
71403,49,55,-6,6
71404,72,69,3,3
71405,87,81,6,6
71406,83,75,8,8
71407,78,65,13,13
71408,109,101,8,8
71409,118,119,-1,1
71410,146,174,-28,28
71411,95,83,12,12
71412,139,122,17,17
71413,112,108,4,4
71414,74,75,-1,1
71415,101,98,3,3
71416,69,65,4,4
71417,60,57,3,3
71418,52,51,1,1
71419,70,69,1,1
71420,52,51,1,1
71421,93,91,2,2
71422,75,73,2,2
71423,50,56,-6,6
71424,64,66,-2,2
71425,167,136,31,31
71426,59,60,-1,1
71427,117,110,7,7
71428,97,90,7,7
71429,93,90,3,3
71430,70,71,-1,1
71431,91,79,12,12
71432,52,53,-1,1
71433,97,94,3,3
71434,66,51,15,15
71435,91,84,7,7
71436,72,102,-30,30
71437,113,98,15,15
71438,91,82,9,9
71439,50,61,-11,11
71440,85,96,-11,11
71441,167,145,22,22
71442,78,77,1,1
71443,149,130,19,19
71444,102,88,14,14
71445,116,106,10,10
71446,69,74,-5,5
71447,63,59,4,4
71448,108,106,2,2
71449,81,75,6,6
71450,82,76,6,6
71451,113,104,9,9
71452,83,80,3,3
71453,97,84,13,13
71454,78,87,-9,9
71455,102,95,7,7
71456,109,106,3,3
71457,64,72,-8,8
71458,98,91,7,7
71459,156,127,29,29
71460,126,117,9,9
71461,90,85,5,5
71462,122,108,14,14
71463,67,70,-3,3
71464,60,58,2,2
71465,60,63,-3,3
71466,73,68,5,5
71467,135,127,8,8
71468,116,105,11,11
71469,92,82,10,10
71470,116,107,9,9
71471,76,74,2,2
71472,137,123,14,14
71473,38,50,-12,12
71474,212,176,36,36
71475,115,104,11,11
71476,170,147,23,23
71477,140,146,-6,6
71478,194,152,42,42
71479,119,107,12,12
71480,46,51,-5,5
71481,67,63,4,4
71482,114,101,13,13
71483,107,115,-8,8
71484,83,94,-11,11
71485,103,91,12,12
71486,75,77,-2,2
71487,117,135,-18,18
71488,59,54,5,5
71489,68,86,-18,18
71490,117,108,9,9
71491,142,120,22,22
71492,50,44,6,6
71493,72,72,0,0
71494,114,118,-4,4
71495,161,145,16,16
71496,104,93,11,11
71497,241,208,33,33
71498,72,68,4,4
71499,89,89,0,0
71500,76,73,3,3
71501,97,92,5,5
71502,93,82,11,11
71503,73,64,9,9
71504,67,52,15,15
71505,89,85,4,4
71506,91,87,4,4
71507,112,104,8,8
71508,156,144,12,12
71509,59,61,-2,2
71510,71,73,-2,2
71511,35,36,-1,1
71512,60,58,2,2
71513,151,144,7,7
71514,83,81,2,2
71515,114,109,5,5
71516,66,60,6,6
71517,68,69,-1,1
71518,128,115,13,13
71519,168,133,35,35
71520,84,78,6,6
71521,87,81,6,6
71522,94,86,8,8
71523,44,54,-10,10
71524,93,91,2,2
71525,135,116,19,19
71526,80,72,8,8
71527,105,90,15,15
71528,86,84,2,2
71529,115,107,8,8
71530,183,156,27,27
71531,120,105,15,15
71532,25,37,-12,12
71533,53,54,-1,1
71534,131,106,25,25
71535,164,142,22,22
71536,74,71,3,3
71537,125,110,15,15
71538,91,93,-2,2
71539,106,87,19,19
71540,95,86,9,9
71541,75,67,8,8
71542,114,99,15,15
71543,70,63,7,7
71544,89,78,11,11
71545,37,34,3,3
71546,90,80,10,10
71547,60,58,2,2
71548,106,101,5,5
71549,59,64,-5,5
71550,114,112,2,2
71551,69,64,5,5
71552,96,92,4,4
71553,90,68,22,22
71554,132,129,3,3
71555,117,111,6,6
71556,78,76,2,2
71557,63,67,-4,4
71558,96,99,-3,3
71559,132,100,32,32
71560,83,75,8,8
71561,114,102,12,12
71562,109,98,11,11
71563,97,84,13,13
71564,81,78,3,3
71565,95,87,8,8
71566,82,79,3,3
71567,127,122,5,5
71568,108,102,6,6
71569,91,99,-8,8
71570,87,79,8,8
71571,92,82,10,10
71572,165,144,21,21
71573,85,79,6,6
71574,50,56,-6,6
71575,62,56,6,6
71576,97,91,6,6
71577,87,86,1,1
71578,66,60,6,6
71579,76,70,6,6
71580,75,75,0,0
71581,172,153,19,19
71582,45,51,-6,6
71583,86,85,1,1
71584,73,78,-5,5
71585,189,154,35,35
71586,65,64,1,1
71587,76,72,4,4
71588,95,89,6,6
71589,95,82,13,13
71590,87,82,5,5
71591,108,100,8,8
71592,91,77,14,14
71593,69,74,-5,5
71594,141,135,6,6
71595,75,73,2,2
71596,82,80,2,2
71597,55,53,2,2
71598,55,63,-8,8
71599,121,110,11,11
71600,55,51,4,4
71601,131,110,21,21
71602,111,96,15,15
71603,52,60,-8,8
71604,141,120,21,21
71605,82,77,5,5
71606,49,51,-2,2
71607,67,75,-8,8
71608,65,63,2,2
71609,116,109,7,7
71610,112,106,6,6
71611,117,104,13,13
71612,137,124,13,13
71613,95,96,-1,1
71614,59,61,-2,2
71615,84,88,-4,4
71616,89,74,15,15
71617,137,125,12,12
71618,194,148,46,46
71619,144,123,21,21
71620,106,90,16,16
71621,122,101,21,21
71622,67,71,-4,4
71623,104,100,4,4
71624,114,103,11,11
71625,84,87,-3,3
71626,49,61,-12,12
71627,232,181,51,51
71628,79,71,8,8
71629,101,97,4,4
71630,105,95,10,10
71631,104,98,6,6
71632,221,175,46,46
71633,124,101,23,23
71634,154,133,21,21
71635,110,97,13,13
71636,75,73,2,2
71637,175,154,21,21
71638,162,152,10,10
71639,169,138,31,31
71640,82,85,-3,3
71641,69,65,4,4
71642,63,63,0,0
71643,101,98,3,3
71644,59,57,2,2
71645,123,116,7,7
71646,105,101,4,4
71647,99,84,15,15
71648,58,64,-6,6
71649,103,91,12,12
71650,77,80,-3,3
71651,64,56,8,8
71652,49,48,1,1
71653,96,87,9,9
71654,78,76,2,2
71655,124,121,3,3
71656,66,79,-13,13
71657,163,141,22,22
71658,140,138,2,2
71659,77,76,1,1
71660,55,62,-7,7
71661,64,59,5,5
71662,73,76,-3,3
71663,86,84,2,2
71664,87,82,5,5
71665,80,79,1,1
71666,74,76,-2,2
71667,69,62,7,7
71668,118,108,10,10
71669,74,76,-2,2
71670,162,146,16,16
71671,63,66,-3,3
71672,88,82,6,6
71673,105,96,9,9
71674,70,59,11,11
71675,86,86,0,0
71676,82,77,5,5
71677,181,167,14,14
71678,60,59,1,1
71679,139,129,10,10
71680,45,37,8,8
71681,84,80,4,4
71682,87,77,10,10
71683,94,80,14,14
71684,94,88,6,6
71685,102,115,-13,13
71686,82,77,5,5
71687,102,84,18,18
71688,51,51,0,0
71689,91,83,8,8
71690,92,87,5,5
71691,119,108,11,11
71692,98,96,2,2
71693,92,82,10,10
71694,144,127,17,17
71695,117,113,4,4
71696,61,55,6,6
71697,55,48,7,7
71698,89,77,12,12
71699,83,78,5,5
71700,122,100,22,22
71701,101,96,5,5
71702,71,72,-1,1
71703,183,166,17,17
71704,79,78,1,1
71705,68,76,-8,8
71706,124,112,12,12
71707,96,85,11,11
71708,82,75,7,7
71709,99,99,0,0
71710,145,116,29,29
71711,143,131,12,12
71712,131,123,8,8
71713,83,77,6,6
71714,118,122,-4,4
71715,65,67,-2,2
71716,52,57,-5,5
71717,78,74,4,4
71718,76,72,4,4
71719,142,119,23,23
71720,90,81,9,9
71721,64,66,-2,2
71722,70,65,5,5
71723,81,85,-4,4
71724,155,138,17,17
71725,94,98,-4,4
71726,64,62,2,2
71727,83,76,7,7
71728,112,100,12,12
71729,112,89,23,23
71730,132,117,15,15
71731,84,74,10,10
71732,63,64,-1,1
71733,78,80,-2,2
71734,143,124,19,19
71735,71,70,1,1
71736,94,86,8,8
71737,75,72,3,3
71738,54,62,-8,8
71739,81,67,14,14
71740,72,74,-2,2
71741,95,84,11,11
71742,136,118,18,18
71743,89,80,9,9
71744,66,70,-4,4
71745,95,85,10,10
71746,85,78,7,7
71747,114,106,8,8
71748,70,64,6,6
71749,70,72,-2,2
71750,115,110,5,5
71751,139,127,12,12
71752,104,93,11,11
71753,65,62,3,3
71754,145,123,22,22
71755,108,97,11,11
71756,81,79,2,2
71757,85,70,15,15
71758,59,66,-7,7
71759,146,143,3,3
71760,89,96,-7,7
71761,94,88,6,6
71762,82,76,6,6
71763,58,61,-3,3
71764,78,75,3,3
71765,92,78,14,14
71766,65,64,1,1
71767,100,88,12,12
71768,126,112,14,14
71769,115,101,14,14
71770,64,59,5,5
71771,67,69,-2,2
71772,114,99,15,15
71773,73,68,5,5
71774,86,79,7,7
71775,92,80,12,12
71776,393,342,51,51
71777,121,127,-6,6
71778,77,79,-2,2
71779,106,86,20,20
71780,81,77,4,4
71781,99,80,19,19
71782,150,135,15,15
71783,98,93,5,5
71784,107,101,6,6
71785,59,53,6,6
71786,53,43,10,10
71787,99,89,10,10
71788,138,123,15,15
71789,58,61,-3,3
71790,85,78,7,7
71791,129,115,14,14
71792,60,56,4,4
71793,67,63,4,4
71794,107,94,13,13
71795,42,50,-8,8
71796,73,69,4,4
71797,81,84,-3,3
71798,154,121,33,33
71799,84,75,9,9
71800,67,68,-1,1
71801,62,56,6,6
71802,93,83,10,10
71803,119,105,14,14
71804,112,99,13,13
71805,146,130,16,16
71806,45,43,2,2
71807,127,110,17,17
71808,87,80,7,7
71809,122,110,12,12
71810,83,74,9,9
71811,116,105,11,11
71812,95,93,2,2
71813,101,96,5,5
71814,132,119,13,13
71815,116,101,15,15
71816,79,68,11,11
71817,94,84,10,10
71818,131,113,18,18
71819,61,58,3,3
71820,66,64,2,2
71821,78,77,1,1
71822,145,136,9,9
71823,166,151,15,15
71824,88,76,12,12
71825,99,86,13,13
71826,85,83,2,2
71827,62,61,1,1
71828,85,81,4,4
71829,103,95,8,8
71830,123,136,-13,13
71831,43,51,-8,8
71832,89,89,0,0
71833,61,64,-3,3
71834,65,63,2,2
71835,81,76,5,5
71836,77,70,7,7
71837,118,109,9,9
71838,53,51,2,2
71839,90,76,14,14
71840,101,107,-6,6
71841,88,82,6,6
71842,136,123,13,13
71843,142,125,17,17
71844,79,68,11,11
71845,124,113,11,11
71846,69,65,4,4
71847,55,55,0,0
71848,84,80,4,4
71849,34,35,-1,1
71850,86,75,11,11
71851,67,57,10,10
71852,234,191,43,43
71853,175,157,18,18
71854,50,49,1,1
71855,75,65,10,10
71856,61,62,-1,1
71857,103,92,11,11
71858,59,55,4,4
71859,83,88,-5,5
71860,50,47,3,3
71861,89,83,6,6
71862,65,70,-5,5
71863,140,116,24,24
71864,158,143,15,15
71865,113,108,5,5
71866,118,112,6,6
71867,172,142,30,30
71868,119,112,7,7
71869,106,98,8,8
71870,146,133,13,13
71871,72,71,1,1
71872,84,78,6,6
71873,78,77,1,1
71874,58,53,5,5
71875,85,73,12,12
71876,137,118,19,19
71877,86,107,-21,21
71878,78,73,5,5
71879,88,86,2,2
71880,108,95,13,13
71881,104,90,14,14
71882,77,85,-8,8
71883,101,96,5,5
71884,109,100,9,9
71885,84,74,10,10
71886,70,63,7,7
71887,134,125,9,9
71888,51,47,4,4
71889,128,118,10,10
71890,103,105,-2,2
71891,76,74,2,2
71892,101,103,-2,2
71893,92,88,4,4
71894,72,73,-1,1
71895,68,69,-1,1
71896,84,82,2,2
71897,88,82,6,6
71898,119,115,4,4
71899,56,49,7,7
71900,31,33,-2,2
71901,91,88,3,3
71902,163,145,18,18
71903,124,107,17,17
71904,71,65,6,6
71905,101,87,14,14
71906,112,131,-19,19
71907,103,95,8,8
71908,74,68,6,6
71909,57,60,-3,3
71910,137,125,12,12
71911,124,104,20,20
71912,77,86,-9,9
71913,83,77,6,6
71914,66,75,-9,9
71915,110,93,17,17
71916,65,65,0,0
71917,98,97,1,1
71918,87,79,8,8
71919,90,77,13,13
71920,140,128,12,12
71921,116,105,11,11
71922,128,109,19,19
71923,73,66,7,7
71924,155,164,-9,9
71925,96,96,0,0
71926,115,108,7,7
71927,63,61,2,2
71928,57,51,6,6
71929,113,112,1,1
71930,104,89,15,15
71931,53,57,-4,4
71932,62,59,3,3
71933,53,55,-2,2
71934,71,64,7,7
71935,76,73,3,3
71936,117,103,14,14
71937,57,60,-3,3
71938,79,66,13,13
71939,69,78,-9,9
71940,78,70,8,8
71941,40,59,-19,19
71942,58,69,-11,11
71943,105,91,14,14
71944,87,94,-7,7
71945,118,97,21,21
71946,101,107,-6,6
71947,32,32,0,0
71948,75,73,2,2
71949,112,103,9,9
71950,112,93,19,19
71951,124,122,2,2
71952,68,65,3,3
71953,72,65,7,7
71954,52,51,1,1
71955,84,77,7,7
71956,78,71,7,7
71957,106,84,22,22
71958,126,117,9,9
71959,103,97,6,6
71960,110,92,18,18
71961,91,79,12,12
71962,149,127,22,22
71963,55,52,3,3
71964,113,100,13,13
71965,72,67,5,5
71966,79,78,1,1
71967,125,113,12,12
71968,126,108,18,18
71969,156,149,7,7
71970,69,66,3,3
71971,59,50,9,9
71972,92,102,-10,10
71973,65,64,1,1
71974,94,89,5,5
71975,76,82,-6,6
71976,145,128,17,17
71977,141,127,14,14
71978,71,72,-1,1
71979,91,84,7,7
71980,56,62,-6,6
71981,107,104,3,3
71982,73,63,10,10
71983,120,124,-4,4
71984,109,74,35,35
71985,125,112,13,13
71986,80,73,7,7
71987,55,55,0,0
71988,92,87,5,5
71989,125,110,15,15
71990,74,71,3,3
71991,65,72,-7,7
71992,85,81,4,4
71993,41,44,-3,3
71994,73,78,-5,5
71995,133,98,35,35
71996,48,49,-1,1
71997,81,74,7,7
71998,109,109,0,0
71999,98,91,7,7
72000,123,111,12,12
72001,103,100,3,3
72002,79,76,3,3
72003,60,64,-4,4
72004,93,88,5,5
72005,162,122,40,40
72006,121,105,16,16
72007,113,112,1,1
72008,64,70,-6,6
72009,61,64,-3,3
72010,110,100,10,10
72011,106,94,12,12
72012,111,98,13,13
72013,72,77,-5,5
72014,50,48,2,2
72015,58,51,7,7
72016,112,109,3,3
72017,86,92,-6,6
72018,77,70,7,7
72019,116,106,10,10
72020,77,75,2,2
72021,156,132,24,24
72022,94,91,3,3
72023,152,128,24,24
72024,153,138,15,15
72025,91,85,6,6
72026,114,101,13,13
72027,54,55,-1,1
72028,68,64,4,4
72029,108,119,-11,11
72030,144,128,16,16
72031,122,106,16,16
72032,94,92,2,2
72033,100,86,14,14
72034,63,65,-2,2
72035,109,97,12,12
72036,92,74,18,18
72037,104,91,13,13
72038,80,68,12,12
72039,83,76,7,7
72040,115,109,6,6
72041,149,138,11,11
72042,111,106,5,5
72043,64,69,-5,5
72044,117,97,20,20
72045,68,66,2,2
72046,98,85,13,13
72047,58,58,0,0
72048,109,94,15,15
72049,84,74,10,10
72050,59,64,-5,5
72051,122,99,23,23
72052,67,69,-2,2
72053,74,63,11,11
72054,65,64,1,1
72055,95,84,11,11
72056,90,84,6,6
72057,71,67,4,4
72058,46,40,6,6
72059,37,58,-21,21
72060,128,112,16,16
72061,110,100,10,10
72062,98,98,0,0
72063,55,51,4,4
72064,118,100,18,18
72065,28,31,-3,3
72066,164,143,21,21
72067,97,93,4,4
72068,149,123,26,26
72069,100,86,14,14
72070,102,103,-1,1
72071,99,91,8,8
72072,170,136,34,34
72073,124,120,4,4
72074,109,114,-5,5
72075,146,128,18,18
72076,170,158,12,12
72077,85,61,24,24
72078,106,94,12,12
72079,96,91,5,5
72080,105,96,9,9
72081,116,98,18,18
72082,61,62,-1,1
72083,114,104,10,10
72084,105,98,7,7
72085,163,158,5,5
72086,50,51,-1,1
72087,141,110,31,31
72088,79,82,-3,3
72089,129,111,18,18
72090,82,75,7,7
72091,61,59,2,2
72092,69,69,0,0
72093,62,71,-9,9
72094,93,85,8,8
72095,92,90,2,2
72096,91,98,-7,7
72097,45,44,1,1
72098,167,144,23,23
72099,71,65,6,6
72100,43,48,-5,5
72101,122,114,8,8
72102,73,62,11,11
72103,99,88,11,11
72104,82,74,8,8
72105,119,101,18,18
72106,135,113,22,22
72107,46,44,2,2
72108,102,88,14,14
72109,66,63,3,3
72110,159,141,18,18
72111,93,84,9,9
72112,93,79,14,14
72113,71,65,6,6
72114,106,80,26,26
72115,99,85,14,14
72116,145,145,0,0
72117,102,104,-2,2
72118,146,129,17,17
72119,129,115,14,14
72120,105,107,-2,2
72121,119,101,18,18
72122,49,51,-2,2
72123,114,99,15,15
72124,137,128,9,9
72125,84,80,4,4
72126,63,60,3,3
72127,120,104,16,16
72128,63,55,8,8
72129,153,128,25,25
72130,73,76,-3,3
72131,110,93,17,17
72132,178,157,21,21
72133,73,93,-20,20
72134,80,67,13,13
72135,98,89,9,9
72136,122,113,9,9
72137,122,111,11,11
72138,95,90,5,5
72139,100,97,3,3
72140,107,102,5,5
72141,86,72,14,14
72142,62,56,6,6
72143,77,73,4,4
72144,49,51,-2,2
72145,68,69,-1,1
72146,25,31,-6,6
72147,83,73,10,10
72148,54,45,9,9
72149,122,114,8,8
72150,115,110,5,5
72151,92,79,13,13
72152,120,118,2,2
72153,161,135,26,26
72154,100,89,11,11
72155,127,118,9,9
72156,56,61,-5,5
72157,120,109,11,11
72158,319,265,54,54
72159,161,138,23,23
72160,120,101,19,19
72161,119,98,21,21
72162,119,96,23,23
72163,155,126,29,29
72164,90,87,3,3
72165,43,51,-8,8
72166,67,57,10,10
72167,75,64,11,11
72168,86,78,8,8
72169,107,94,13,13
72170,109,101,8,8
72171,105,104,1,1
72172,120,114,6,6
72173,57,56,1,1
72174,81,79,2,2
72175,114,102,12,12
72176,101,90,11,11
72177,104,88,16,16
72178,105,89,16,16
72179,93,89,4,4
72180,117,106,11,11
72181,93,82,11,11
72182,60,60,0,0
72183,81,61,20,20
72184,96,90,6,6
72185,99,95,4,4
72186,88,76,12,12
72187,113,107,6,6
72188,91,90,1,1
72189,142,123,19,19
72190,95,91,4,4
72191,79,77,2,2
72192,80,87,-7,7
72193,54,52,2,2
72194,124,106,18,18
72195,86,87,-1,1
72196,154,123,31,31
72197,77,76,1,1
72198,129,105,24,24
72199,196,155,41,41
72200,78,75,3,3
72201,63,66,-3,3
72202,176,150,26,26
72203,102,93,9,9
72204,102,95,7,7
72205,92,83,9,9
72206,145,124,21,21
72207,64,62,2,2
72208,100,86,14,14
72209,96,106,-10,10
72210,96,79,17,17
72211,51,51,0,0
72212,61,72,-11,11
72213,129,113,16,16
72214,196,167,29,29
72215,61,60,1,1
72216,86,77,9,9
72217,69,74,-5,5
72218,121,104,17,17
72219,87,88,-1,1
72220,105,90,15,15
72221,67,77,-10,10
72222,71,83,-12,12
72223,165,138,27,27
72224,132,117,15,15
72225,171,152,19,19
72226,81,73,8,8
72227,142,127,15,15
72228,75,72,3,3
72229,102,86,16,16
72230,86,85,1,1
72231,136,117,19,19
72232,63,59,4,4
72233,122,117,5,5
72234,89,86,3,3
72235,97,97,0,0
72236,67,65,2,2
72237,105,94,11,11
72238,64,59,5,5
72239,85,89,-4,4
72240,99,97,2,2
72241,80,60,20,20
72242,115,100,15,15
72243,65,63,2,2
72244,104,87,17,17
72245,115,104,11,11
72246,147,133,14,14
72247,105,96,9,9
72248,141,125,16,16
72249,163,145,18,18
72250,129,112,17,17
72251,90,87,3,3
72252,73,74,-1,1
72253,101,84,17,17
72254,103,96,7,7
72255,53,56,-3,3
72256,67,69,-2,2
72257,78,77,1,1
72258,75,67,8,8
72259,76,72,4,4
72260,105,98,7,7
72261,103,90,13,13
72262,108,104,4,4
72263,154,128,26,26
72264,84,84,0,0
72265,125,111,14,14
72266,71,66,5,5
72267,84,84,0,0
72268,81,77,4,4
72269,95,90,5,5
72270,249,199,50,50
72271,101,95,6,6
72272,69,68,1,1
72273,109,106,3,3
72274,76,72,4,4
72275,92,90,2,2
72276,56,60,-4,4
72277,85,87,-2,2
72278,51,55,-4,4
72279,117,97,20,20
72280,74,73,1,1
72281,184,152,32,32
72282,82,80,2,2
72283,93,94,-1,1
72284,87,75,12,12
72285,56,54,2,2
72286,65,60,5,5
72287,95,82,13,13
72288,112,108,4,4
72289,110,104,6,6
72290,137,123,14,14
72291,73,72,1,1
72292,128,111,17,17
72293,99,80,19,19
72294,133,118,15,15
72295,109,99,10,10
72296,74,80,-6,6
72297,99,83,16,16
72298,23,31,-8,8
72299,87,91,-4,4
72300,175,152,23,23
72301,71,74,-3,3
72302,64,67,-3,3
72303,74,79,-5,5
72304,127,118,9,9
72305,136,131,5,5
72306,114,105,9,9
72307,143,127,16,16
72308,115,105,10,10
72309,83,86,-3,3
72310,118,104,14,14
72311,64,63,1,1
72312,94,88,6,6
72313,69,58,11,11
72314,142,123,19,19
72315,75,68,7,7
72316,58,58,0,0
72317,19,31,-12,12
72318,83,82,1,1
72319,59,58,1,1
72320,99,93,6,6
72321,69,67,2,2
72322,95,82,13,13
72323,248,186,62,62
72324,129,116,13,13
72325,45,51,-6,6
72326,129,119,10,10
72327,99,87,12,12
72328,98,88,10,10
72329,115,109,6,6
72330,136,128,8,8
72331,111,97,14,14
72332,98,95,3,3
72333,85,87,-2,2
72334,141,125,16,16
72335,94,94,0,0
72336,94,90,4,4
72337,112,112,0,0
72338,107,101,6,6
72339,127,116,11,11
72340,113,94,19,19
72341,131,106,25,25
72342,69,72,-3,3
72343,51,54,-3,3
72344,148,128,20,20
72345,79,67,12,12
72346,108,98,10,10
72347,105,105,0,0
72348,82,93,-11,11
72349,152,149,3,3
72350,77,77,0,0
72351,96,98,-2,2
72352,118,123,-5,5
72353,176,157,19,19
72354,161,153,8,8
72355,74,67,7,7
72356,89,93,-4,4
72357,126,124,2,2
72358,105,96,9,9
72359,102,94,8,8
72360,74,77,-3,3
72361,122,109,13,13
72362,80,78,2,2
72363,75,71,4,4
72364,148,135,13,13
72365,129,115,14,14
72366,68,64,4,4
72367,74,82,-8,8
72368,96,80,16,16
72369,88,78,10,10
72370,53,65,-12,12
72371,79,74,5,5
72372,78,72,6,6
72373,69,69,0,0
72374,134,113,21,21
72375,77,70,7,7
72376,144,117,27,27
72377,102,96,6,6
72378,112,112,0,0
72379,122,108,14,14
72380,87,81,6,6
72381,111,108,3,3
72382,102,96,6,6
72383,73,72,1,1
72384,86,81,5,5
72385,74,70,4,4
72386,132,112,20,20
72387,128,121,7,7
72388,130,116,14,14
72389,62,62,0,0
72390,44,50,-6,6
72391,78,77,1,1
72392,95,87,8,8
72393,95,79,16,16
72394,116,106,10,10
72395,80,75,5,5
72396,57,58,-1,1
72397,84,93,-9,9
72398,122,106,16,16
72399,115,108,7,7
72400,185,150,35,35
72401,144,114,30,30
72402,54,57,-3,3
72403,125,113,12,12
72404,107,106,1,1
72405,140,135,5,5
72406,59,62,-3,3
72407,64,63,1,1
72408,83,80,3,3
72409,56,54,2,2
72410,79,68,11,11
72411,58,56,2,2
72412,92,90,2,2
72413,138,127,11,11
72414,110,99,11,11
72415,197,162,35,35
72416,102,93,9,9
72417,75,68,7,7
72418,127,108,19,19
72419,95,96,-1,1
72420,64,56,8,8
72421,68,73,-5,5
72422,174,153,21,21
72423,61,60,1,1
72424,74,68,6,6
72425,106,99,7,7
72426,60,60,0,0
72427,73,80,-7,7
72428,92,82,10,10
72429,189,148,41,41
72430,99,86,13,13
72431,147,128,19,19
72432,120,107,13,13
72433,75,73,2,2
72434,57,55,2,2
72435,56,54,2,2
72436,73,70,3,3
72437,67,63,4,4
72438,176,149,27,27
72439,131,120,11,11
72440,101,92,9,9
72441,77,70,7,7
72442,90,105,-15,15
72443,106,103,3,3
72444,120,108,12,12
72445,82,74,8,8
72446,117,108,9,9
72447,57,74,-17,17
72448,57,65,-8,8
72449,104,93,11,11
72450,85,77,8,8
72451,112,106,6,6
72452,89,85,4,4
72453,88,95,-7,7
72454,87,74,13,13
72455,103,113,-10,10
72456,151,127,24,24
72457,92,89,3,3
72458,98,83,15,15
72459,63,71,-8,8
72460,88,83,5,5
72461,85,77,8,8
72462,29,34,-5,5
72463,88,93,-5,5
72464,105,102,3,3
72465,108,97,11,11
72466,69,61,8,8
72467,100,92,8,8
72468,67,69,-2,2
72469,78,64,14,14
72470,97,94,3,3
72471,84,69,15,15
72472,57,63,-6,6
72473,124,107,17,17
72474,117,104,13,13
72475,101,87,14,14
72476,104,100,4,4
72477,97,100,-3,3
72478,69,64,5,5
72479,105,97,8,8
72480,78,80,-2,2
72481,75,66,9,9
72482,67,59,8,8
72483,182,153,29,29
72484,49,51,-2,2
72485,89,84,5,5
72486,72,68,4,4
72487,97,93,4,4
72488,72,68,4,4
72489,66,63,3,3
72490,118,116,2,2
72491,49,57,-8,8
72492,87,78,9,9
72493,157,126,31,31
72494,63,60,3,3
72495,69,74,-5,5
72496,163,155,8,8
72497,221,202,19,19
72498,60,65,-5,5
72499,97,93,4,4
72500,64,53,11,11
72501,87,93,-6,6
72502,101,96,5,5
72503,96,91,5,5
72504,111,112,-1,1
72505,67,65,2,2
72506,112,105,7,7
72507,92,79,13,13
72508,90,93,-3,3
72509,127,124,3,3
72510,62,64,-2,2
72511,82,82,0,0
72512,131,106,25,25
72513,66,60,6,6
72514,122,116,6,6
72515,80,87,-7,7
72516,83,83,0,0
72517,71,75,-4,4
72518,76,66,10,10
72519,130,125,5,5
72520,72,57,15,15
72521,51,51,0,0
72522,114,109,5,5
72523,62,65,-3,3
72524,46,43,3,3
72525,58,61,-3,3
72526,84,86,-2,2
72527,69,66,3,3
72528,59,106,-47,47
72529,65,66,-1,1
72530,175,157,18,18
72531,135,124,11,11
72532,106,97,9,9
72533,72,75,-3,3
72534,124,114,10,10
72535,126,112,14,14
72536,120,112,8,8
72537,92,86,6,6
72538,68,62,6,6
72539,109,96,13,13
72540,74,80,-6,6
72541,61,62,-1,1
72542,96,88,8,8
72543,115,113,2,2
72544,88,88,0,0
72545,112,101,11,11
72546,182,151,31,31
72547,156,137,19,19
72548,156,136,20,20
72549,103,84,19,19
72550,89,82,7,7
72551,114,97,17,17
72552,106,88,18,18
72553,85,73,12,12
72554,107,90,17,17
72555,75,71,4,4
72556,84,80,4,4
72557,120,108,12,12
72558,95,82,13,13
72559,48,49,-1,1
72560,65,59,6,6
72561,59,66,-7,7
72562,85,78,7,7
72563,125,111,14,14
72564,89,81,8,8
72565,92,81,11,11
72566,131,123,8,8
72567,83,80,3,3
72568,81,73,8,8
72569,82,72,10,10
72570,66,63,3,3
72571,126,119,7,7
72572,167,140,27,27
72573,103,96,7,7
72574,119,105,14,14
72575,133,120,13,13
72576,138,130,8,8
72577,136,120,16,16
72578,57,57,0,0
72579,111,100,11,11
72580,75,76,-1,1
72581,64,60,4,4
72582,111,106,5,5
72583,126,116,10,10
72584,147,126,21,21
72585,188,151,37,37
72586,123,62,61,61
72587,87,90,-3,3
72588,77,75,2,2
72589,82,72,10,10
72590,83,79,4,4
72591,69,76,-7,7
72592,136,131,5,5
72593,53,59,-6,6
72594,81,75,6,6
72595,124,114,10,10
72596,111,96,15,15
72597,120,109,11,11
72598,66,69,-3,3
72599,68,62,6,6
72600,147,139,8,8
72601,193,157,36,36
72602,62,61,1,1
72603,113,106,7,7
72604,83,81,2,2
72605,114,110,4,4
72606,138,128,10,10
72607,63,71,-8,8
72608,153,127,26,26
72609,75,75,0,0
72610,104,94,10,10
72611,138,133,5,5
72612,86,71,15,15
72613,85,82,3,3
72614,132,121,11,11
72615,86,80,6,6
72616,60,65,-5,5
72617,119,107,12,12
72618,233,192,41,41
72619,125,124,1,1
72620,128,113,15,15
72621,135,127,8,8
72622,92,80,12,12
72623,134,118,16,16
72624,108,99,9,9
72625,154,129,25,25
72626,149,136,13,13
72627,112,96,16,16
72628,117,106,11,11
72629,158,140,18,18
72630,83,75,8,8
72631,92,86,6,6
72632,80,73,7,7
72633,86,85,1,1
72634,23,31,-8,8
72635,90,83,7,7
72636,129,120,9,9
72637,122,112,10,10
72638,49,57,-8,8
72639,58,62,-4,4
72640,115,99,16,16
72641,92,83,9,9
72642,146,151,-5,5
72643,69,83,-14,14
72644,107,108,-1,1
72645,152,132,20,20
72646,106,85,21,21
72647,78,75,3,3
72648,122,101,21,21
72649,97,98,-1,1
72650,62,62,0,0
72651,125,116,9,9
72652,172,147,25,25
72653,73,73,0,0
72654,88,82,6,6
72655,69,71,-2,2
72656,72,63,9,9
72657,87,83,4,4
72658,53,51,2,2
72659,65,64,1,1
72660,117,107,10,10
72661,105,101,4,4
72662,168,146,22,22
72663,83,88,-5,5
72664,65,65,0,0
72665,108,97,11,11
72666,45,51,-6,6
72667,123,103,20,20
72668,62,65,-3,3
72669,69,68,1,1
72670,65,65,0,0
72671,88,92,-4,4
72672,70,70,0,0
72673,115,103,12,12
72674,68,61,7,7
72675,109,100,9,9
72676,117,110,7,7
72677,68,66,2,2
72678,93,83,10,10
72679,76,70,6,6
72680,147,124,23,23
72681,124,110,14,14
72682,146,132,14,14
72683,104,106,-2,2
72684,85,82,3,3
72685,107,88,19,19
72686,131,111,20,20
72687,71,65,6,6
72688,78,69,9,9
72689,69,70,-1,1
72690,124,120,4,4
72691,101,87,14,14
72692,64,56,8,8
72693,69,66,3,3
72694,60,64,-4,4
72695,97,86,11,11
72696,78,72,6,6
72697,106,118,-12,12
72698,102,92,10,10
72699,102,92,10,10
72700,135,121,14,14
72701,84,88,-4,4
72702,132,114,18,18
72703,81,74,7,7
72704,55,51,4,4
72705,80,71,9,9
72706,89,94,-5,5
72707,218,346,-128,128
72708,68,63,5,5
72709,136,107,29,29
72710,78,70,8,8
72711,66,70,-4,4
72712,115,105,10,10
72713,102,87,15,15
72714,64,67,-3,3
72715,32,31,1,1
72716,61,54,7,7
72717,98,93,5,5
72718,87,74,13,13
72719,75,60,15,15
72720,131,114,17,17
72721,82,88,-6,6
72722,102,90,12,12
72723,68,62,6,6
72724,129,118,11,11
72725,147,130,17,17
72726,54,53,1,1
72727,95,91,4,4
72728,181,158,23,23
72729,102,100,2,2
72730,49,52,-3,3
72731,100,86,14,14
72732,72,71,1,1
72733,137,135,2,2
72734,57,52,5,5
72735,85,74,11,11
72736,69,67,2,2
72737,44,39,5,5
72738,102,95,7,7
72739,140,128,12,12
72740,59,60,-1,1
72741,59,65,-6,6
72742,67,62,5,5
72743,96,91,5,5
72744,54,46,8,8
72745,81,72,9,9
72746,154,136,18,18
72747,134,131,3,3
72748,100,79,21,21
72749,104,90,14,14
72750,92,95,-3,3
72751,63,64,-1,1
72752,115,91,24,24
72753,55,57,-2,2
72754,163,140,23,23
72755,122,115,7,7
72756,106,96,10,10
72757,90,90,0,0
72758,97,86,11,11
72759,69,68,1,1
72760,86,79,7,7
72761,87,82,5,5
72762,134,112,22,22
72763,83,84,-1,1
72764,96,92,4,4
72765,75,69,6,6
72766,91,78,13,13
72767,74,67,7,7
72768,105,98,7,7
72769,109,98,11,11
72770,50,65,-15,15
72771,83,65,18,18
72772,101,92,9,9
72773,98,96,2,2
72774,78,76,2,2
72775,115,96,19,19
72776,151,131,20,20
72777,50,43,7,7
72778,111,105,6,6
72779,75,81,-6,6
72780,191,166,25,25
72781,82,75,7,7
72782,133,114,19,19
72783,131,119,12,12
72784,69,65,4,4
72785,112,98,14,14
72786,52,54,-2,2
72787,109,112,-3,3
72788,82,79,3,3
72789,106,104,2,2
72790,36,39,-3,3
72791,84,80,4,4
72792,103,91,12,12
72793,56,57,-1,1
72794,78,74,4,4
72795,69,67,2,2
72796,67,66,1,1
72797,83,84,-1,1
72798,103,98,5,5
72799,84,80,4,4
72800,68,71,-3,3
72801,78,74,4,4
72802,118,103,15,15
72803,112,102,10,10
72804,108,103,5,5
72805,113,101,12,12
72806,116,94,22,22
72807,67,64,3,3
72808,110,102,8,8
72809,100,86,14,14
72810,111,93,18,18
72811,82,82,0,0
72812,157,142,15,15
72813,75,74,1,1
72814,102,93,9,9
72815,90,86,4,4
72816,60,63,-3,3
72817,88,85,3,3
72818,96,90,6,6
72819,117,127,-10,10
72820,76,79,-3,3
72821,166,137,29,29
72822,187,141,46,46
72823,73,64,9,9
72824,91,91,0,0
72825,125,117,8,8
72826,60,61,-1,1
72827,91,82,9,9
72828,99,101,-2,2
72829,80,69,11,11
72830,125,114,11,11
72831,111,111,0,0
72832,54,54,0,0
72833,192,164,28,28
72834,159,137,22,22
72835,71,65,6,6
72836,80,79,1,1
72837,58,58,0,0
72838,78,67,11,11
72839,146,123,23,23
72840,73,66,7,7
72841,178,144,34,34
72842,94,89,5,5
72843,131,113,18,18
72844,70,57,13,13
72845,126,118,8,8
72846,84,77,7,7
72847,80,79,1,1
72848,214,174,40,40
72849,111,101,10,10
72850,134,128,6,6
72851,89,84,5,5
72852,124,128,-4,4
72853,112,95,17,17
72854,94,97,-3,3
72855,110,99,11,11
72856,143,130,13,13
72857,70,68,2,2
72858,112,107,5,5
72859,88,81,7,7
72860,89,75,14,14
72861,78,71,7,7
72862,121,105,16,16
72863,69,66,3,3
72864,82,77,5,5
72865,137,154,-17,17
72866,116,107,9,9
72867,169,145,24,24
72868,108,91,17,17
72869,62,58,4,4
72870,66,79,-13,13
72871,126,110,16,16
72872,77,66,11,11
72873,170,148,22,22
72874,48,51,-3,3
72875,123,105,18,18
72876,135,121,14,14
72877,128,118,10,10
72878,108,99,9,9
72879,102,89,13,13
72880,89,83,6,6
72881,68,68,0,0
72882,83,72,11,11
72883,174,156,18,18
72884,130,102,28,28
72885,176,149,27,27
72886,87,89,-2,2
72887,69,60,9,9
72888,69,69,0,0
72889,100,84,16,16
72890,164,144,20,20
72891,94,94,0,0
72892,82,75,7,7
72893,191,171,20,20
72894,99,96,3,3
72895,78,77,1,1
72896,68,66,2,2
72897,121,97,24,24
72898,128,113,15,15
72899,149,133,16,16
72900,164,141,23,23
72901,74,73,1,1
72902,67,58,9,9
72903,59,63,-4,4
72904,100,107,-7,7
72905,62,71,-9,9
72906,100,95,5,5
72907,79,76,3,3
72908,137,142,-5,5
72909,74,72,2,2
72910,94,86,8,8
72911,119,93,26,26
72912,103,93,10,10
72913,95,88,7,7
72914,60,55,5,5
72915,111,97,14,14
72916,34,32,2,2
72917,78,81,-3,3
72918,97,89,8,8
72919,111,102,9,9
72920,85,85,0,0
72921,149,128,21,21
72922,90,78,12,12
72923,49,52,-3,3
72924,138,121,17,17
72925,69,64,5,5
72926,79,71,8,8
72927,70,65,5,5
72928,82,79,3,3
72929,79,76,3,3
72930,85,89,-4,4
72931,89,79,10,10
72932,67,69,-2,2
72933,106,108,-2,2
72934,70,75,-5,5
72935,74,78,-4,4
72936,55,60,-5,5
72937,164,150,14,14
72938,77,71,6,6
72939,57,53,4,4
72940,97,101,-4,4
72941,136,131,5,5
72942,83,76,7,7
72943,66,63,3,3
72944,92,91,1,1
72945,92,87,5,5
72946,71,63,8,8
72947,67,72,-5,5
72948,150,127,23,23
72949,69,71,-2,2
72950,132,115,17,17
72951,194,168,26,26
72952,137,122,15,15
72953,68,69,-1,1
72954,90,90,0,0
72955,113,102,11,11
72956,61,53,8,8
72957,160,137,23,23
72958,149,135,14,14
72959,48,52,-4,4
72960,128,118,10,10
72961,102,93,9,9
72962,95,91,4,4
72963,68,60,8,8
72964,164,143,21,21
72965,92,95,-3,3
72966,100,85,15,15
72967,68,73,-5,5
72968,81,78,3,3
72969,87,75,12,12
72970,121,95,26,26
72971,95,91,4,4
72972,99,75,24,24
72973,59,65,-6,6
72974,140,117,23,23
72975,109,86,23,23
72976,147,127,20,20
72977,84,80,4,4
72978,111,100,11,11
72979,85,84,1,1
72980,63,67,-4,4
72981,64,62,2,2
72982,75,67,8,8
72983,136,110,26,26
72984,140,132,8,8
72985,45,49,-4,4
72986,159,146,13,13
72987,110,95,15,15
72988,54,67,-13,13
72989,129,120,9,9
72990,170,165,5,5
72991,111,102,9,9
72992,72,65,7,7
72993,129,120,9,9
72994,67,66,1,1
72995,159,156,3,3
72996,60,62,-2,2
72997,91,86,5,5
72998,126,105,21,21
72999,240,186,54,54
73000,113,103,10,10
73001,85,75,10,10
73002,54,64,-10,10
73003,68,65,3,3
73004,89,78,11,11
73005,142,122,20,20
73006,146,125,21,21
73007,87,81,6,6
73008,122,116,6,6
73009,81,56,25,25
73010,77,73,4,4
73011,113,95,18,18
73012,182,170,12,12
73013,111,97,14,14
73014,97,81,16,16
73015,90,81,9,9
73016,149,130,19,19
73017,62,74,-12,12
73018,121,110,11,11
73019,90,81,9,9
73020,64,56,8,8
73021,158,141,17,17
73022,89,83,6,6
73023,93,83,10,10
73024,82,72,10,10
73025,80,79,1,1
73026,231,204,27,27
73027,52,55,-3,3
73028,185,157,28,28
73029,125,120,5,5
73030,116,100,16,16
73031,70,68,2,2
73032,92,82,10,10
73033,135,128,7,7
73034,83,84,-1,1
73035,78,76,2,2
73036,89,82,7,7
73037,98,89,9,9
73038,74,75,-1,1
73039,117,108,9,9
73040,65,185,-120,120
73041,80,77,3,3
73042,82,75,7,7
73043,144,139,5,5
73044,64,61,3,3
73045,144,126,18,18
73046,46,42,4,4
73047,29,33,-4,4
73048,81,77,4,4
73049,115,105,10,10
73050,99,88,11,11
73051,80,74,6,6
73052,111,100,11,11
73053,113,104,9,9
73054,119,94,25,25
73055,49,44,5,5
73056,128,113,15,15
73057,168,144,24,24
73058,52,53,-1,1
73059,115,104,11,11
73060,230,187,43,43
73061,113,119,-6,6
73062,66,57,9,9
73063,102,93,9,9
73064,52,51,1,1
73065,94,87,7,7
73066,69,68,1,1
73067,146,142,4,4
73068,130,115,15,15
73069,82,68,14,14
73070,51,51,0,0
73071,114,100,14,14
73072,58,65,-7,7
73073,70,73,-3,3
73074,74,68,6,6
73075,75,65,10,10
73076,54,51,3,3
73077,134,129,5,5
73078,46,42,4,4
73079,79,70,9,9
73080,66,70,-4,4
73081,114,107,7,7
73082,76,81,-5,5
73083,149,131,18,18
73084,126,110,16,16
73085,91,92,-1,1
73086,56,52,4,4
73087,131,117,14,14
73088,119,121,-2,2
73089,119,109,10,10
73090,124,115,9,9
73091,142,131,11,11
73092,215,174,41,41
73093,59,56,3,3
73094,60,57,3,3
73095,76,76,0,0
73096,54,47,7,7
73097,78,82,-4,4
73098,133,130,3,3
73099,56,54,2,2
73100,79,76,3,3
73101,74,65,9,9
73102,55,66,-11,11
73103,62,52,10,10
73104,47,44,3,3
73105,112,108,4,4
73106,112,98,14,14
73107,122,107,15,15
73108,104,96,8,8
73109,81,93,-12,12
73110,76,79,-3,3
73111,61,56,5,5
73112,230,167,63,63
73113,87,79,8,8
73114,94,84,10,10
73115,83,76,7,7
73116,154,123,31,31
73117,140,120,20,20
73118,81,79,2,2
73119,78,72,6,6
73120,112,98,14,14
73121,133,113,20,20
73122,72,72,0,0
73123,150,114,36,36
73124,133,119,14,14
73125,74,63,11,11
73126,122,113,9,9
73127,90,85,5,5
73128,69,63,6,6
73129,75,76,-1,1
73130,50,48,2,2
73131,135,119,16,16
73132,126,112,14,14
73133,68,82,-14,14
73134,88,83,5,5
73135,78,79,-1,1
73136,55,56,-1,1
73137,94,93,1,1
73138,57,63,-6,6
73139,70,69,1,1
73140,150,131,19,19
73141,67,70,-3,3
73142,78,80,-2,2
73143,82,78,4,4
73144,123,117,6,6
73145,75,65,10,10
73146,151,141,10,10
73147,79,71,8,8
73148,116,100,16,16
73149,89,80,9,9
73150,143,127,16,16
73151,94,90,4,4
73152,94,94,0,0
73153,81,81,0,0
73154,77,77,0,0
73155,85,80,5,5
73156,104,104,0,0
73157,58,58,0,0
73158,76,78,-2,2
73159,72,70,2,2
73160,90,81,9,9
73161,126,124,2,2
73162,81,76,5,5
73163,113,104,9,9
73164,72,75,-3,3
73165,111,107,4,4
73166,94,84,10,10
73167,77,70,7,7
73168,76,66,10,10
73169,91,80,11,11
73170,84,82,2,2
73171,50,58,-8,8
73172,111,106,5,5
73173,160,141,19,19
73174,90,77,13,13
73175,165,160,5,5
73176,153,126,27,27
73177,38,42,-4,4
73178,76,86,-10,10
73179,73,69,4,4
73180,99,96,3,3
73181,64,65,-1,1
73182,148,128,20,20
73183,146,131,15,15
73184,86,83,3,3
73185,70,70,0,0
73186,74,68,6,6
73187,102,89,13,13
73188,76,65,11,11
73189,115,97,18,18
73190,111,98,13,13
73191,67,65,2,2
73192,120,119,1,1
73193,72,69,3,3
73194,93,85,8,8
73195,256,225,31,31
73196,157,141,16,16
73197,70,65,5,5
73198,95,97,-2,2
73199,99,93,6,6
73200,94,87,7,7
73201,81,74,7,7
73202,102,89,13,13
73203,107,101,6,6
73204,137,117,20,20
73205,91,87,4,4
73206,90,91,-1,1
73207,68,64,4,4
73208,59,60,-1,1
73209,86,84,2,2
73210,118,120,-2,2
73211,197,175,22,22
73212,55,67,-12,12
73213,82,74,8,8
73214,96,94,2,2
73215,88,91,-3,3
73216,72,81,-9,9
73217,56,57,-1,1
73218,110,98,12,12
73219,75,68,7,7
73220,107,108,-1,1
73221,100,98,2,2
73222,137,113,24,24
73223,76,73,3,3
73224,174,156,18,18
73225,101,100,1,1
73226,85,82,3,3
73227,53,55,-2,2
73228,108,89,19,19
73229,82,75,7,7
73230,84,85,-1,1
73231,92,87,5,5
73232,125,127,-2,2
73233,93,94,-1,1
73234,54,56,-2,2
73235,113,98,15,15
73236,196,173,23,23
73237,71,66,5,5
73238,75,68,7,7
73239,46,51,-5,5
73240,107,102,5,5
73241,82,82,0,0
73242,88,95,-7,7
73243,57,52,5,5
73244,153,130,23,23
73245,131,125,6,6
73246,111,116,-5,5
73247,136,126,10,10
73248,58,61,-3,3
73249,85,80,5,5
73250,98,85,13,13
73251,80,77,3,3
73252,82,85,-3,3
73253,74,68,6,6
73254,135,115,20,20
73255,88,83,5,5
73256,27,39,-12,12
73257,60,63,-3,3
73258,82,74,8,8
73259,176,161,15,15
73260,163,133,30,30
73261,130,122,8,8
73262,120,104,16,16
73263,143,113,30,30
73264,138,131,7,7
73265,88,78,10,10
73266,125,115,10,10
73267,81,77,4,4
73268,56,54,2,2
73269,70,68,2,2
73270,59,61,-2,2
73271,117,122,-5,5
73272,35,36,-1,1
73273,115,97,18,18
73274,59,59,0,0
73275,88,77,11,11
73276,124,120,4,4
73277,110,92,18,18
73278,118,103,15,15
73279,103,86,17,17
73280,121,112,9,9
73281,78,73,5,5
73282,69,70,-1,1
73283,129,114,15,15
73284,75,66,9,9
73285,54,51,3,3
73286,185,155,30,30
73287,105,93,12,12
73288,65,60,5,5
73289,145,121,24,24
73290,134,115,19,19
73291,102,92,10,10
73292,75,71,4,4
73293,106,94,12,12
73294,122,112,10,10
73295,42,49,-7,7
73296,144,137,7,7
73297,104,91,13,13
73298,117,103,14,14
73299,69,67,2,2
73300,63,72,-9,9
73301,184,139,45,45
73302,96,87,9,9
73303,86,75,11,11
73304,98,93,5,5
73305,78,73,5,5
73306,91,82,9,9
73307,53,51,2,2
73308,79,71,8,8
73309,141,122,19,19
73310,82,75,7,7
73311,49,51,-2,2
73312,109,94,15,15
73313,61,61,0,0
73314,90,87,3,3
73315,61,53,8,8
73316,94,97,-3,3
73317,134,127,7,7
73318,65,70,-5,5
73319,136,123,13,13
73320,164,147,17,17
73321,98,98,0,0
73322,83,78,5,5
73323,40,42,-2,2
73324,67,76,-9,9
73325,90,84,6,6
73326,62,54,8,8
73327,60,56,4,4
73328,115,96,19,19
73329,135,125,10,10
73330,75,71,4,4
73331,35,58,-23,23
73332,94,98,-4,4
73333,113,97,16,16
73334,133,118,15,15
73335,103,68,35,35
73336,108,94,14,14
73337,65,64,1,1
73338,67,57,10,10
73339,121,108,13,13
73340,89,95,-6,6
73341,69,68,1,1
73342,128,116,12,12
73343,99,85,14,14
73344,100,92,8,8
73345,88,73,15,15
73346,160,138,22,22
73347,94,81,13,13
73348,111,105,6,6
73349,83,73,10,10
73350,51,60,-9,9
73351,126,112,14,14
73352,150,125,25,25
73353,57,56,1,1
73354,63,66,-3,3
73355,112,106,6,6
73356,196,169,27,27
73357,71,71,0,0
73358,152,135,17,17
73359,87,83,4,4
73360,59,57,2,2
73361,144,128,16,16
73362,122,104,18,18
73363,61,64,-3,3
73364,99,100,-1,1
73365,74,65,9,9
73366,68,67,1,1
73367,92,91,1,1
73368,147,138,9,9
73369,114,103,11,11
73370,64,61,3,3
73371,92,74,18,18
73372,85,75,10,10
73373,100,87,13,13
73374,142,119,23,23
73375,34,32,2,2
73376,107,88,19,19
73377,110,96,14,14
73378,154,135,19,19
73379,69,68,1,1
73380,91,94,-3,3
73381,124,107,17,17
73382,71,60,11,11
73383,61,54,7,7
73384,110,98,12,12
73385,86,86,0,0
73386,143,122,21,21
73387,65,64,1,1
73388,82,73,9,9
73389,90,90,0,0
73390,156,145,11,11
73391,177,158,19,19
73392,108,99,9,9
73393,100,100,0,0
73394,60,65,-5,5
73395,81,86,-5,5
73396,99,95,4,4
73397,63,83,-20,20
73398,87,93,-6,6
73399,53,51,2,2
73400,47,51,-4,4
73401,65,69,-4,4
73402,79,71,8,8
73403,65,65,0,0
73404,99,96,3,3
73405,61,59,2,2
73406,101,103,-2,2
73407,75,65,10,10
73408,99,100,-1,1
73409,84,81,3,3
73410,130,114,16,16
73411,147,123,24,24
73412,103,97,6,6
73413,48,49,-1,1
73414,88,81,7,7
73415,115,100,15,15
73416,81,78,3,3
73417,69,76,-7,7
73418,144,135,9,9
73419,103,89,14,14
73420,84,76,8,8
73421,175,161,14,14
73422,133,108,25,25
73423,88,84,4,4
73424,112,103,9,9
73425,98,94,4,4
73426,79,74,5,5
73427,65,62,3,3
73428,75,81,-6,6
73429,101,97,4,4
73430,44,45,-1,1
73431,89,82,7,7
73432,107,100,7,7
73433,85,79,6,6
73434,42,50,-8,8
73435,86,79,7,7
73436,92,82,10,10
73437,70,70,0,0
73438,79,74,5,5
73439,39,55,-16,16
73440,90,81,9,9
73441,126,108,18,18
73442,116,104,12,12
73443,69,69,0,0
73444,51,54,-3,3
73445,107,93,14,14
73446,88,82,6,6
73447,104,87,17,17
73448,81,68,13,13
73449,78,70,8,8
73450,87,82,5,5
73451,63,73,-10,10
73452,92,88,4,4
73453,125,121,4,4
73454,113,102,11,11
73455,50,50,0,0
73456,71,66,5,5
73457,78,76,2,2
73458,65,63,2,2
73459,145,125,20,20
73460,64,56,8,8
73461,83,78,5,5
73462,162,134,28,28
73463,84,79,5,5
73464,149,138,11,11
73465,68,67,1,1
73466,84,82,2,2
73467,74,65,9,9
73468,106,97,9,9
73469,87,85,2,2
73470,102,109,-7,7
73471,142,117,25,25
73472,159,141,18,18
73473,49,49,0,0
73474,133,126,7,7
73475,89,82,7,7
73476,47,51,-4,4
73477,111,106,5,5
73478,79,71,8,8
73479,108,111,-3,3
73480,58,56,2,2
73481,111,110,1,1
73482,46,50,-4,4
73483,69,67,2,2
73484,144,132,12,12
73485,122,109,13,13
73486,114,102,12,12
73487,60,58,2,2
73488,75,77,-2,2
73489,79,75,4,4
73490,97,95,2,2
73491,177,161,16,16
73492,111,97,14,14
73493,35,41,-6,6
73494,133,109,24,24
73495,58,53,5,5
73496,114,93,21,21
73497,80,77,3,3
73498,133,109,24,24
73499,116,110,6,6
73500,88,68,20,20
73501,126,110,16,16
73502,135,114,21,21
73503,85,84,1,1
73504,154,140,14,14
73505,118,105,13,13
73506,92,84,8,8
73507,146,138,8,8
73508,63,62,1,1
73509,77,76,1,1
73510,113,100,13,13
73511,110,106,4,4
73512,63,65,-2,2
73513,78,68,10,10
73514,130,117,13,13
73515,64,56,8,8
73516,81,79,2,2
73517,75,63,12,12
73518,41,51,-10,10
73519,139,123,16,16
73520,60,57,3,3
73521,81,78,3,3
73522,108,98,10,10
73523,102,92,10,10
73524,63,63,0,0
73525,111,99,12,12
73526,42,43,-1,1
73527,93,87,6,6
73528,106,104,2,2
73529,92,80,12,12
73530,87,81,6,6
73531,100,95,5,5
73532,73,70,3,3
73533,65,61,4,4
73534,84,86,-2,2
73535,158,146,12,12
73536,73,68,5,5
73537,116,118,-2,2
73538,79,83,-4,4
73539,114,101,13,13
73540,108,100,8,8
73541,89,80,9,9
73542,65,70,-5,5
73543,123,109,14,14
73544,70,73,-3,3
73545,58,57,1,1
73546,61,64,-3,3
73547,118,122,-4,4
73548,91,92,-1,1
73549,82,83,-1,1
73550,42,51,-9,9
73551,43,45,-2,2
73552,144,121,23,23
73553,60,68,-8,8
73554,29,52,-23,23
73555,111,91,20,20
73556,69,66,3,3
73557,192,158,34,34
73558,88,97,-9,9
73559,64,63,1,1
73560,131,122,9,9
73561,107,104,3,3
73562,95,97,-2,2
73563,70,69,1,1
73564,51,50,1,1
73565,195,164,31,31
73566,77,75,2,2
73567,117,113,4,4
73568,87,76,11,11
73569,46,43,3,3
73570,71,66,5,5
73571,65,60,5,5
73572,171,168,3,3
73573,106,97,9,9
73574,82,78,4,4
73575,130,111,19,19
73576,58,63,-5,5
73577,105,101,4,4
73578,121,113,8,8
73579,148,142,6,6
73580,87,80,7,7
73581,98,95,3,3
73582,74,79,-5,5
73583,138,126,12,12
73584,95,92,3,3
73585,104,96,8,8
73586,64,57,7,7
73587,74,71,3,3
73588,126,100,26,26
73589,93,93,0,0
73590,80,75,5,5
73591,62,64,-2,2
73592,56,57,-1,1
73593,91,88,3,3
73594,202,167,35,35
73595,97,93,4,4
73596,109,109,0,0
73597,62,50,12,12
73598,156,141,15,15
73599,62,56,6,6
73600,156,143,13,13
73601,60,62,-2,2
73602,67,62,5,5
73603,109,105,4,4
73604,129,112,17,17
73605,126,109,17,17
73606,141,123,18,18
73607,117,96,21,21
73608,167,149,18,18
73609,123,119,4,4
73610,127,107,20,20
73611,70,64,6,6
73612,67,66,1,1
73613,93,85,8,8
73614,79,72,7,7
73615,80,77,3,3
73616,81,83,-2,2
73617,77,71,6,6
73618,57,58,-1,1
73619,125,124,1,1
73620,137,116,21,21
73621,98,97,1,1
73622,76,69,7,7
73623,99,84,15,15
73624,88,85,3,3
73625,71,68,3,3
73626,85,78,7,7
73627,93,91,2,2
73628,112,95,17,17
73629,63,65,-2,2
73630,79,86,-7,7
73631,90,87,3,3
73632,71,67,4,4
73633,67,78,-11,11
73634,147,117,30,30
73635,57,71,-14,14
73636,61,57,4,4
73637,100,89,11,11
73638,79,71,8,8
73639,136,106,30,30
73640,88,85,3,3
73641,67,64,3,3
73642,173,155,18,18
73643,111,94,17,17
73644,96,76,20,20
73645,91,78,13,13
73646,90,77,13,13
73647,93,83,10,10
73648,99,93,6,6
73649,57,52,5,5
73650,71,66,5,5
73651,165,141,24,24
73652,91,96,-5,5
73653,59,55,4,4
73654,103,96,7,7
73655,72,68,4,4
73656,95,85,10,10
73657,86,74,12,12
73658,142,111,31,31
73659,92,86,6,6
73660,86,86,0,0
73661,143,123,20,20
73662,37,42,-5,5
73663,66,66,0,0
73664,121,107,14,14
73665,89,84,5,5
73666,54,69,-15,15
73667,64,61,3,3
73668,48,46,2,2
73669,33,37,-4,4
73670,154,136,18,18
73671,55,56,-1,1
73672,85,75,10,10
73673,68,64,4,4
73674,88,85,3,3
73675,61,62,-1,1
73676,123,107,16,16
73677,98,94,4,4
73678,161,143,18,18
73679,53,56,-3,3
73680,68,72,-4,4
73681,131,113,18,18
73682,100,91,9,9
73683,64,62,2,2
73684,109,109,0,0
73685,87,81,6,6
73686,78,76,2,2
73687,56,58,-2,2
73688,96,83,13,13
73689,104,94,10,10
73690,94,89,5,5
73691,66,63,3,3
73692,106,93,13,13
73693,132,130,2,2
73694,142,110,32,32
73695,112,108,4,4
73696,104,75,29,29
73697,129,126,3,3
73698,107,96,11,11
73699,137,133,4,4
73700,81,81,0,0
73701,57,53,4,4
73702,126,109,17,17
73703,57,67,-10,10
73704,141,118,23,23
73705,94,85,9,9
73706,56,63,-7,7
73707,100,85,15,15
73708,65,68,-3,3
73709,153,138,15,15
73710,106,102,4,4
73711,65,63,2,2
73712,89,85,4,4
73713,69,60,9,9
73714,172,150,22,22
73715,74,72,2,2
73716,55,60,-5,5
73717,95,87,8,8
73718,80,80,0,0
73719,72,71,1,1
73720,69,66,3,3
73721,77,80,-3,3
73722,136,119,17,17
73723,60,58,2,2
73724,106,94,12,12
73725,98,87,11,11
73726,113,104,9,9
73727,66,64,2,2
73728,117,102,15,15
73729,75,71,4,4
73730,123,113,10,10
73731,54,51,3,3
73732,157,152,5,5
73733,100,91,9,9
73734,74,74,0,0
73735,61,63,-2,2
73736,72,73,-1,1
73737,81,73,8,8
73738,138,135,3,3
73739,137,129,8,8
73740,163,133,30,30
73741,65,75,-10,10
73742,130,121,9,9
73743,68,73,-5,5
73744,97,85,12,12
73745,167,145,22,22
73746,93,75,18,18
73747,63,67,-4,4
73748,91,81,10,10
73749,174,148,26,26
73750,138,113,25,25
73751,75,71,4,4
73752,129,126,3,3
73753,116,97,19,19
73754,47,41,6,6
73755,116,99,17,17
73756,103,92,11,11
73757,112,97,15,15
73758,133,115,18,18
73759,55,58,-3,3
73760,75,76,-1,1
73761,53,54,-1,1
73762,88,92,-4,4
73763,132,116,16,16
73764,35,35,0,0
73765,45,50,-5,5
73766,67,66,1,1
73767,124,101,23,23
73768,148,127,21,21
73769,138,116,22,22
73770,98,88,10,10
73771,81,77,4,4
73772,54,56,-2,2
73773,35,42,-7,7
73774,69,64,5,5
73775,66,62,4,4
73776,116,102,14,14
73777,86,79,7,7
73778,95,89,6,6
73779,95,93,2,2
73780,61,60,1,1
73781,79,74,5,5
73782,74,90,-16,16
73783,117,107,10,10
73784,63,59,4,4
73785,138,111,27,27
73786,125,116,9,9
73787,95,89,6,6
73788,66,66,0,0
73789,53,52,1,1
73790,83,78,5,5
73791,60,65,-5,5
73792,52,55,-3,3
73793,55,51,4,4
73794,100,98,2,2
73795,91,100,-9,9
73796,87,81,6,6
73797,63,53,10,10
73798,122,90,32,32
73799,75,70,5,5
73800,57,66,-9,9
73801,55,58,-3,3
73802,110,94,16,16
73803,88,86,2,2
73804,155,152,3,3
73805,96,93,3,3
73806,81,73,8,8
73807,102,93,9,9
73808,141,116,25,25
73809,105,96,9,9
73810,68,64,4,4
73811,80,72,8,8
73812,94,94,0,0
73813,60,61,-1,1
73814,107,86,21,21
73815,112,103,9,9
73816,92,88,4,4
73817,86,73,13,13
73818,131,108,23,23
73819,62,55,7,7
73820,146,137,9,9
73821,67,75,-8,8
73822,77,76,1,1
73823,101,98,3,3
73824,80,70,10,10
73825,97,79,18,18
73826,140,119,21,21
73827,128,125,3,3
73828,108,102,6,6
73829,91,83,8,8
73830,91,88,3,3
73831,87,77,10,10
73832,151,122,29,29
73833,91,88,3,3
73834,161,137,24,24
73835,60,60,0,0
73836,135,115,20,20
73837,73,83,-10,10
73838,88,92,-4,4
73839,71,65,6,6
73840,80,77,3,3
73841,50,51,-1,1
73842,106,95,11,11
73843,66,64,2,2
73844,90,91,-1,1
73845,122,121,1,1
73846,99,88,11,11
73847,73,70,3,3
73848,60,58,2,2
73849,63,77,-14,14
73850,105,112,-7,7
73851,34,35,-1,1
73852,74,78,-4,4
73853,122,106,16,16
73854,123,102,21,21
73855,66,61,5,5
73856,122,108,14,14
73857,114,99,15,15
73858,165,151,14,14
73859,139,140,-1,1
73860,58,49,9,9
73861,70,68,2,2
73862,71,62,9,9
73863,158,167,-9,9
73864,66,63,3,3
73865,166,120,46,46
73866,129,121,8,8
73867,91,83,8,8
73868,109,120,-11,11
73869,118,121,-3,3
73870,90,88,2,2
73871,125,111,14,14
73872,94,82,12,12
73873,107,91,16,16
73874,144,116,28,28
73875,83,74,9,9
73876,71,72,-1,1
73877,93,88,5,5
73878,103,94,9,9
73879,78,76,2,2
73880,33,74,-41,41
73881,44,75,-31,31
73882,129,114,15,15
73883,210,181,29,29
73884,98,87,11,11
73885,60,74,-14,14
73886,110,96,14,14
73887,56,59,-3,3
73888,149,125,24,24
73889,86,80,6,6
73890,101,92,9,9
73891,80,70,10,10
73892,96,89,7,7
73893,66,64,2,2
73894,73,71,2,2
73895,87,71,16,16
73896,73,65,8,8
73897,96,83,13,13
73898,36,48,-12,12
73899,171,177,-6,6
73900,125,114,11,11
73901,82,79,3,3
73902,79,69,10,10
73903,148,127,21,21
73904,137,121,16,16
73905,82,80,2,2
73906,72,87,-15,15
73907,57,58,-1,1
73908,162,149,13,13
73909,148,125,23,23
73910,82,74,8,8
73911,76,73,3,3
73912,72,64,8,8
73913,42,35,7,7
73914,102,100,2,2
73915,61,64,-3,3
73916,107,101,6,6
73917,72,65,7,7
73918,117,117,0,0
73919,70,64,6,6
73920,60,57,3,3
73921,110,87,23,23
73922,94,87,7,7
73923,121,118,3,3
73924,102,94,8,8
73925,61,60,1,1
73926,69,69,0,0
73927,51,59,-8,8
73928,113,113,0,0
73929,148,155,-7,7
73930,129,107,22,22
73931,60,57,3,3
73932,82,95,-13,13
73933,149,127,22,22
73934,64,57,7,7
73935,95,93,2,2
73936,105,95,10,10
73937,129,117,12,12
73938,140,128,12,12
73939,143,136,7,7
73940,67,61,6,6
73941,81,75,6,6
73942,131,110,21,21
73943,61,54,7,7
73944,95,87,8,8
73945,121,109,12,12
73946,96,79,17,17
73947,159,125,34,34
73948,51,53,-2,2
73949,72,72,0,0
73950,83,78,5,5
73951,114,102,12,12
73952,90,88,2,2
73953,72,66,6,6
73954,88,76,12,12
73955,149,126,23,23
73956,69,65,4,4
73957,67,69,-2,2
73958,65,70,-5,5
73959,119,114,5,5
73960,146,123,23,23
73961,75,81,-6,6
73962,175,146,29,29
73963,109,105,4,4
73964,80,74,6,6
73965,99,86,13,13
73966,137,124,13,13
73967,77,88,-11,11
73968,44,69,-25,25
73969,96,87,9,9
73970,55,53,2,2
73971,113,98,15,15
73972,108,97,11,11
73973,55,51,4,4
73974,138,109,29,29
73975,74,68,6,6
73976,69,68,1,1
73977,131,117,14,14
73978,129,148,-19,19
73979,103,98,5,5
73980,50,51,-1,1
73981,90,89,1,1
73982,42,41,1,1
73983,140,142,-2,2
73984,76,86,-10,10
73985,113,100,13,13
73986,43,51,-8,8
73987,73,81,-8,8
73988,116,108,8,8
73989,112,111,1,1
73990,126,118,8,8
73991,98,96,2,2
73992,83,81,2,2
73993,51,60,-9,9
73994,73,87,-14,14
73995,220,176,44,44
73996,72,76,-4,4
73997,63,61,2,2
73998,107,101,6,6
73999,90,78,12,12
74000,50,58,-8,8
74001,100,90,10,10
74002,126,108,18,18
74003,73,69,4,4
74004,88,87,1,1
74005,65,74,-9,9
74006,73,65,8,8
74007,83,78,5,5
74008,118,112,6,6
74009,77,68,9,9
74010,175,154,21,21
74011,101,91,10,10
74012,72,69,3,3
74013,84,82,2,2
74014,320,335,-15,15
74015,86,93,-7,7
74016,48,51,-3,3
74017,82,72,10,10
74018,111,95,16,16
74019,83,79,4,4
74020,105,110,-5,5
74021,87,88,-1,1
74022,92,87,5,5
74023,106,95,11,11
74024,179,163,16,16
74025,123,106,17,17
74026,68,71,-3,3
74027,52,49,3,3
74028,155,122,33,33
74029,97,102,-5,5
74030,78,77,1,1
74031,52,51,1,1
74032,62,61,1,1
74033,92,86,6,6
74034,113,99,14,14
74035,141,125,16,16
74036,66,67,-1,1
74037,97,83,14,14
74038,80,94,-14,14
74039,71,87,-16,16
74040,117,105,12,12
74041,202,176,26,26
74042,89,79,10,10
74043,65,69,-4,4
74044,83,85,-2,2
74045,151,131,20,20
74046,68,60,8,8
74047,84,84,0,0
74048,114,102,12,12
74049,67,63,4,4
74050,48,43,5,5
74051,108,103,5,5
74052,159,125,34,34
74053,84,76,8,8
74054,153,130,23,23
74055,52,67,-15,15
74056,159,142,17,17
74057,118,111,7,7
74058,83,84,-1,1
74059,50,51,-1,1
74060,125,108,17,17
74061,41,80,-39,39
74062,62,70,-8,8
74063,85,73,12,12
74064,133,123,10,10
74065,129,112,17,17
74066,97,91,6,6
74067,102,99,3,3
74068,23,32,-9,9
74069,74,73,1,1
74070,41,51,-10,10
74071,108,107,1,1
74072,104,96,8,8
74073,108,89,19,19
74074,97,88,9,9
74075,74,73,1,1
74076,94,86,8,8
74077,78,72,6,6
74078,117,111,6,6
74079,119,112,7,7
74080,60,51,9,9
74081,86,76,10,10
74082,84,82,2,2
74083,72,69,3,3
74084,93,92,1,1
74085,72,70,2,2
74086,156,127,29,29
74087,73,74,-1,1
74088,108,88,20,20
74089,126,125,1,1
74090,93,88,5,5
74091,79,63,16,16
74092,181,140,41,41
74093,83,73,10,10
74094,119,107,12,12
74095,71,67,4,4
74096,77,64,13,13
74097,104,113,-9,9
74098,72,74,-2,2
74099,68,65,3,3
74100,98,90,8,8
74101,57,72,-15,15
74102,80,98,-18,18
74103,73,68,5,5
74104,191,159,32,32
74105,100,87,13,13
74106,132,108,24,24
74107,40,36,4,4
74108,54,51,3,3
74109,154,138,16,16
74110,139,123,16,16
74111,107,97,10,10
74112,128,111,17,17
74113,133,116,17,17
74114,83,70,13,13
74115,63,81,-18,18
74116,81,76,5,5
74117,163,142,21,21
74118,109,101,8,8
74119,63,60,3,3
74120,90,83,7,7
74121,81,88,-7,7
74122,66,61,5,5
74123,120,115,5,5
74124,89,79,10,10
74125,67,69,-2,2
74126,85,83,2,2
74127,78,74,4,4
74128,75,76,-1,1
74129,198,172,26,26
74130,92,87,5,5
74131,118,100,18,18
74132,57,60,-3,3
74133,155,139,16,16
74134,86,79,7,7
74135,67,63,4,4
74136,178,137,41,41
74137,68,67,1,1
74138,85,80,5,5
74139,79,79,0,0
74140,93,79,14,14
74141,50,55,-5,5
74142,58,57,1,1
74143,104,98,6,6
74144,100,90,10,10
74145,201,174,27,27
74146,105,99,6,6
74147,105,101,4,4
74148,90,87,3,3
74149,68,71,-3,3
74150,74,75,-1,1
74151,60,57,3,3
74152,59,72,-13,13
74153,97,97,0,0
74154,87,79,8,8
74155,55,62,-7,7
74156,111,96,15,15
74157,119,97,22,22
74158,115,110,5,5
74159,59,52,7,7
74160,61,59,2,2
74161,30,52,-22,22
74162,96,86,10,10
74163,131,107,24,24
74164,183,163,20,20
74165,161,154,7,7
74166,146,135,11,11
74167,200,170,30,30
74168,100,95,5,5
74169,114,103,11,11
74170,108,100,8,8
74171,73,67,6,6
74172,75,67,8,8
74173,72,68,4,4
74174,143,140,3,3
74175,101,86,15,15
74176,66,66,0,0
74177,164,135,29,29
74178,85,78,7,7
74179,88,81,7,7
74180,98,95,3,3
74181,54,87,-33,33
74182,95,91,4,4
74183,64,65,-1,1
74184,144,131,13,13
74185,105,96,9,9
74186,102,101,1,1
74187,114,90,24,24
74188,54,56,-2,2
74189,112,96,16,16
74190,181,153,28,28
74191,110,96,14,14
74192,75,64,11,11
74193,51,60,-9,9
74194,98,89,9,9
74195,85,81,4,4
74196,54,63,-9,9
74197,57,59,-2,2
74198,77,81,-4,4
74199,66,74,-8,8
74200,84,72,12,12
74201,102,100,2,2
74202,124,116,8,8
74203,129,115,14,14
74204,195,175,20,20
74205,111,103,8,8
74206,109,113,-4,4
74207,68,62,6,6
74208,57,56,1,1
74209,76,83,-7,7
74210,99,90,9,9
74211,78,80,-2,2
74212,124,114,10,10
74213,83,73,10,10
74214,82,73,9,9
74215,73,65,8,8
74216,66,67,-1,1
74217,102,96,6,6
74218,107,107,0,0
74219,101,91,10,10
74220,119,112,7,7
74221,120,121,-1,1
74222,69,69,0,0
74223,80,90,-10,10
74224,113,103,10,10
74225,63,67,-4,4
74226,94,80,14,14
74227,146,136,10,10
74228,109,98,11,11
74229,117,99,18,18
74230,66,68,-2,2
74231,151,122,29,29
74232,60,53,7,7
74233,146,145,1,1
74234,135,122,13,13
74235,90,77,13,13
74236,48,52,-4,4
74237,71,64,7,7
74238,155,140,15,15
74239,86,73,13,13
74240,111,114,-3,3
74241,96,87,9,9
74242,137,139,-2,2
74243,81,82,-1,1
74244,60,62,-2,2
74245,83,87,-4,4
74246,106,99,7,7
74247,67,69,-2,2
74248,52,51,1,1
74249,104,94,10,10
74250,73,77,-4,4
74251,87,84,3,3
74252,148,139,9,9
74253,77,68,9,9
74254,92,86,6,6
74255,201,175,26,26
74256,50,51,-1,1
74257,149,134,15,15
74258,150,122,28,28
74259,89,93,-4,4
74260,131,113,18,18
74261,73,65,8,8
74262,83,82,1,1
74263,155,139,16,16
74264,80,58,22,22
74265,128,118,10,10
74266,59,55,4,4
74267,85,88,-3,3
74268,87,98,-11,11
74269,85,77,8,8
74270,72,66,6,6
74271,72,75,-3,3
74272,56,57,-1,1
74273,127,117,10,10
74274,73,67,6,6
74275,94,76,18,18
74276,72,67,5,5
74277,48,45,3,3
74278,130,107,23,23
74279,103,84,19,19
74280,96,77,19,19
74281,140,134,6,6
74282,63,66,-3,3
74283,61,54,7,7
74284,78,72,6,6
74285,75,65,10,10
74286,81,81,0,0
74287,79,80,-1,1
74288,94,88,6,6
74289,117,107,10,10
74290,59,54,5,5
74291,84,76,8,8
74292,149,131,18,18
74293,109,103,6,6
74294,46,53,-7,7
74295,131,111,20,20
74296,118,101,17,17
74297,83,86,-3,3
74298,68,80,-12,12
74299,70,80,-10,10
74300,49,53,-4,4
74301,73,69,4,4
74302,132,124,8,8
74303,93,80,13,13
74304,159,147,12,12
74305,107,102,5,5
74306,185,155,30,30
74307,143,130,13,13
74308,60,64,-4,4
74309,78,67,11,11
74310,106,102,4,4
74311,98,82,16,16
74312,101,80,21,21
74313,39,56,-17,17
74314,104,99,5,5
74315,51,62,-11,11
74316,88,78,10,10
74317,83,79,4,4
74318,116,121,-5,5
74319,59,55,4,4
74320,88,80,8,8
74321,206,159,47,47
74322,147,114,33,33
74323,40,48,-8,8
74324,45,48,-3,3
74325,89,85,4,4
74326,146,128,18,18
74327,76,76,0,0
74328,92,69,23,23
74329,35,44,-9,9
74330,77,88,-11,11
74331,104,103,1,1
74332,97,84,13,13
74333,135,118,17,17
74334,63,58,5,5
74335,54,54,0,0
74336,117,111,6,6
74337,79,72,7,7
74338,64,65,-1,1
74339,63,62,1,1
74340,63,62,1,1
74341,80,77,3,3
74342,136,121,15,15
74343,106,85,21,21
74344,76,69,7,7
74345,80,75,5,5
74346,126,112,14,14
74347,96,85,11,11
74348,56,52,4,4
74349,124,118,6,6
74350,137,123,14,14
74351,63,64,-1,1
74352,59,63,-4,4
74353,102,93,9,9
74354,41,36,5,5
74355,84,83,1,1
74356,99,95,4,4
74357,108,107,1,1
74358,125,117,8,8
74359,115,102,13,13
74360,84,77,7,7
74361,100,100,0,0
74362,128,121,7,7
74363,60,60,0,0
74364,77,76,1,1
74365,63,58,5,5
74366,90,95,-5,5
74367,64,70,-6,6
74368,61,51,10,10
74369,99,97,2,2
74370,97,94,3,3
74371,65,57,8,8
74372,99,96,3,3
74373,181,155,26,26
74374,83,83,0,0
74375,102,95,7,7
74376,136,132,4,4
74377,56,51,5,5
74378,132,118,14,14
74379,76,71,5,5
74380,101,89,12,12
74381,110,88,22,22
74382,51,50,1,1
74383,60,64,-4,4
74384,127,116,11,11
74385,81,102,-21,21
74386,59,58,1,1
74387,82,77,5,5
74388,103,92,11,11
74389,99,89,10,10
74390,50,43,7,7
74391,85,93,-8,8
74392,67,60,7,7
74393,125,109,16,16
74394,93,84,9,9
74395,116,105,11,11
74396,68,73,-5,5
74397,77,72,5,5
74398,95,91,4,4
74399,59,64,-5,5
74400,111,93,18,18
74401,79,79,0,0
74402,84,83,1,1
74403,89,90,-1,1
74404,164,146,18,18
74405,72,68,4,4
74406,78,77,1,1
74407,149,144,5,5
74408,95,75,20,20
74409,85,68,17,17
74410,96,92,4,4
74411,72,62,10,10
74412,112,93,19,19
74413,77,71,6,6
74414,40,43,-3,3
74415,110,103,7,7
74416,59,68,-9,9
74417,107,97,10,10
74418,66,72,-6,6
74419,87,78,9,9
74420,72,70,2,2
74421,85,87,-2,2
74422,49,51,-2,2
74423,72,72,0,0
74424,156,155,1,1
74425,75,60,15,15
74426,83,70,13,13
74427,107,100,7,7
74428,97,84,13,13
74429,108,97,11,11
74430,89,76,13,13
74431,103,108,-5,5
74432,133,123,10,10
74433,56,51,5,5
74434,77,74,3,3
74435,88,85,3,3
74436,106,105,1,1
74437,134,127,7,7
74438,81,82,-1,1
74439,126,115,11,11
74440,69,68,1,1
74441,120,150,-30,30
74442,121,101,20,20
74443,62,59,3,3
74444,85,77,8,8
74445,93,84,9,9
74446,111,101,10,10
74447,99,109,-10,10
74448,50,51,-1,1
74449,98,100,-2,2
74450,83,72,11,11
74451,94,96,-2,2
74452,144,132,12,12
74453,49,51,-2,2
74454,46,43,3,3
74455,87,87,0,0
74456,80,79,1,1
74457,150,117,33,33
74458,67,70,-3,3
74459,39,35,4,4
74460,82,72,10,10
74461,76,70,6,6
74462,56,56,0,0
74463,33,44,-11,11
74464,95,85,10,10
74465,67,55,12,12
74466,87,87,0,0
74467,101,89,12,12
74468,62,63,-1,1
74469,62,65,-3,3
74470,93,79,14,14
74471,71,57,14,14
74472,79,77,2,2
74473,86,75,11,11
74474,70,70,0,0
74475,117,104,13,13
74476,51,64,-13,13
74477,168,149,19,19
74478,120,99,21,21
74479,99,87,12,12
74480,73,75,-2,2
74481,120,112,8,8
74482,136,119,17,17
74483,57,60,-3,3
74484,89,79,10,10
74485,89,89,0,0
74486,81,82,-1,1
74487,72,58,14,14
74488,104,95,9,9
74489,141,121,20,20
74490,79,75,4,4
74491,167,144,23,23
74492,86,78,8,8
74493,138,113,25,25
74494,66,63,3,3
74495,59,55,4,4
74496,110,114,-4,4
74497,82,73,9,9
74498,92,87,5,5
74499,62,58,4,4
74500,82,70,12,12
74501,62,65,-3,3
74502,94,82,12,12
74503,135,142,-7,7
74504,227,222,5,5
74505,85,78,7,7
74506,74,80,-6,6
74507,106,128,-22,22
74508,52,54,-2,2
74509,96,101,-5,5
74510,97,91,6,6
74511,143,132,11,11
74512,84,64,20,20
74513,77,66,11,11
74514,49,50,-1,1
74515,116,105,11,11
74516,67,87,-20,20
74517,74,77,-3,3
74518,83,79,4,4
74519,77,70,7,7
74520,113,104,9,9
74521,125,109,16,16
74522,59,59,0,0
74523,62,64,-2,2
74524,148,134,14,14
74525,56,64,-8,8
74526,85,89,-4,4
74527,158,131,27,27
74528,79,82,-3,3
74529,87,76,11,11
74530,115,133,-18,18
74531,62,59,3,3
74532,78,73,5,5
74533,107,90,17,17
74534,129,115,14,14
74535,109,95,14,14
74536,46,51,-5,5
74537,73,66,7,7
74538,47,44,3,3
74539,57,56,1,1
74540,136,130,6,6
74541,74,69,5,5
74542,73,67,6,6
74543,117,105,12,12
74544,64,53,11,11
74545,65,71,-6,6
74546,61,60,1,1
74547,40,51,-11,11
74548,84,76,8,8
74549,96,93,3,3
74550,108,91,17,17
74551,148,135,13,13
74552,111,101,10,10
74553,131,125,6,6
74554,55,60,-5,5
74555,132,114,18,18
74556,156,117,39,39
74557,68,65,3,3
74558,109,96,13,13
74559,65,59,6,6
74560,78,67,11,11
74561,136,118,18,18
74562,190,178,12,12
74563,157,143,14,14
74564,110,103,7,7
74565,50,53,-3,3
74566,123,120,3,3
74567,127,114,13,13
74568,88,83,5,5
74569,116,105,11,11
74570,85,86,-1,1
74571,116,102,14,14
74572,181,162,19,19
74573,87,87,0,0
74574,135,126,9,9
74575,64,72,-8,8
74576,92,85,7,7
74577,59,57,2,2
74578,81,67,14,14
74579,71,65,6,6
74580,130,128,2,2
74581,96,81,15,15
74582,86,75,11,11
74583,107,116,-9,9
74584,118,103,15,15
74585,93,88,5,5
74586,88,88,0,0
74587,54,59,-5,5
74588,101,95,6,6
74589,58,60,-2,2
74590,109,95,14,14
74591,106,104,2,2
74592,139,125,14,14
74593,50,53,-3,3
74594,168,153,15,15
74595,115,117,-2,2
74596,70,72,-2,2
74597,92,83,9,9
74598,133,118,15,15
74599,74,71,3,3
74600,159,149,10,10
74601,120,110,10,10
74602,84,96,-12,12
74603,103,99,4,4
74604,183,141,42,42
74605,139,119,20,20
74606,86,75,11,11
74607,82,80,2,2
74608,61,70,-9,9
74609,123,94,29,29
74610,87,83,4,4
74611,135,121,14,14
74612,99,86,13,13
74613,74,67,7,7
74614,74,74,0,0
74615,139,130,9,9
74616,85,78,7,7
74617,70,72,-2,2
74618,106,97,9,9
74619,123,113,10,10
74620,100,94,6,6
74621,61,60,1,1
74622,92,86,6,6
74623,132,125,7,7
74624,59,59,0,0
74625,226,188,38,38
74626,84,74,10,10
74627,165,155,10,10
74628,83,84,-1,1
74629,115,105,10,10
74630,159,133,26,26
74631,93,79,14,14
74632,126,123,3,3
74633,51,51,0,0
74634,118,107,11,11
74635,80,66,14,14
74636,161,137,24,24
74637,91,84,7,7
74638,83,77,6,6
74639,91,82,9,9
74640,234,188,46,46
74641,78,72,6,6
74642,101,89,12,12
74643,72,68,4,4
74644,92,70,22,22
74645,44,55,-11,11
74646,76,74,2,2
74647,106,95,11,11
74648,119,100,19,19
74649,111,88,23,23
74650,111,108,3,3
74651,105,90,15,15
74652,62,63,-1,1
74653,113,110,3,3
74654,94,92,2,2
74655,155,134,21,21
74656,59,55,4,4
74657,86,92,-6,6
74658,61,53,8,8
74659,198,166,32,32
74660,83,77,6,6
74661,50,57,-7,7
74662,126,112,14,14
74663,95,84,11,11
74664,95,80,15,15
74665,24,31,-7,7
74666,90,89,1,1
74667,47,48,-1,1
74668,64,72,-8,8
74669,107,103,4,4
74670,94,80,14,14
74671,77,74,3,3
74672,111,117,-6,6
74673,107,101,6,6
74674,33,36,-3,3
74675,73,67,6,6
74676,63,66,-3,3
74677,90,88,2,2
74678,89,160,-71,71
74679,79,72,7,7
74680,128,116,12,12
74681,91,84,7,7
74682,114,98,16,16
74683,103,89,14,14
74684,61,51,10,10
74685,122,121,1,1
74686,114,104,10,10
74687,143,128,15,15
74688,75,72,3,3
74689,66,62,4,4
74690,90,87,3,3
74691,108,87,21,21
74692,74,74,0,0
74693,137,126,11,11
74694,121,101,20,20
74695,85,96,-11,11
74696,47,51,-4,4
74697,51,58,-7,7
74698,79,69,10,10
74699,80,71,9,9
74700,111,100,11,11
74701,126,123,3,3
74702,37,39,-2,2
74703,87,79,8,8
74704,102,95,7,7
74705,73,72,1,1
74706,81,85,-4,4
74707,85,71,14,14
74708,127,111,16,16
74709,127,104,23,23
74710,93,99,-6,6
74711,122,114,8,8
74712,175,142,33,33
74713,96,91,5,5
74714,88,76,12,12
74715,162,127,35,35
74716,124,126,-2,2
74717,42,40,2,2
74718,90,84,6,6
74719,91,85,6,6
74720,129,116,13,13
74721,53,54,-1,1
74722,75,74,1,1
74723,88,82,6,6
74724,70,63,7,7
74725,185,164,21,21
74726,105,93,12,12
74727,128,111,17,17
74728,103,93,10,10
74729,100,98,2,2
74730,71,70,1,1
74731,157,129,28,28
74732,103,101,2,2
74733,118,109,9,9
74734,140,159,-19,19
74735,102,96,6,6
74736,71,64,7,7
74737,143,136,7,7
74738,58,60,-2,2
74739,96,94,2,2
74740,112,103,9,9
74741,85,80,5,5
74742,92,96,-4,4
74743,81,81,0,0
74744,102,94,8,8
74745,43,54,-11,11
74746,87,79,8,8
74747,118,107,11,11
74748,85,72,13,13
74749,100,96,4,4
74750,83,87,-4,4
74751,83,68,15,15
74752,89,82,7,7
74753,50,53,-3,3
74754,134,118,16,16
74755,65,55,10,10
74756,72,73,-1,1
74757,75,66,9,9
74758,78,74,4,4
74759,81,82,-1,1
74760,105,106,-1,1
74761,67,61,6,6
74762,136,67,69,69
74763,86,94,-8,8
74764,139,123,16,16
74765,78,70,8,8
74766,38,39,-1,1
74767,78,69,9,9
74768,59,53,6,6
74769,91,82,9,9
74770,152,135,17,17
74771,148,147,1,1
74772,108,98,10,10
74773,77,68,9,9
74774,83,73,10,10
74775,89,78,11,11
74776,104,89,15,15
74777,117,112,5,5
74778,151,135,16,16
74779,45,52,-7,7
74780,60,52,8,8
74781,125,116,9,9
74782,41,41,0,0
74783,49,50,-1,1
74784,140,124,16,16
74785,90,87,3,3
74786,93,88,5,5
74787,100,82,18,18
74788,125,110,15,15
74789,114,108,6,6
74790,128,118,10,10
74791,60,59,1,1
74792,191,167,24,24
74793,140,130,10,10
74794,82,90,-8,8
74795,76,67,9,9
74796,117,108,9,9
74797,83,82,1,1
74798,82,75,7,7
74799,122,120,2,2
74800,60,62,-2,2
74801,117,107,10,10
74802,96,84,12,12
74803,115,107,8,8
74804,134,122,12,12
74805,109,101,8,8
74806,91,79,12,12
74807,72,69,3,3
74808,96,83,13,13
74809,80,79,1,1
74810,71,71,0,0
74811,95,80,15,15
74812,101,95,6,6
74813,67,64,3,3
74814,87,90,-3,3
74815,89,85,4,4
74816,62,62,0,0
74817,126,140,-14,14
74818,78,81,-3,3
74819,100,98,2,2
74820,96,86,10,10
74821,100,93,7,7
74822,59,59,0,0
74823,93,84,9,9
74824,120,110,10,10
74825,70,72,-2,2
74826,46,50,-4,4
74827,153,134,19,19
74828,91,85,6,6
74829,94,89,5,5
74830,74,81,-7,7
74831,87,72,15,15
74832,76,74,2,2
74833,56,58,-2,2
74834,104,114,-10,10
74835,126,115,11,11
74836,115,106,9,9
74837,107,106,1,1
74838,41,51,-10,10
74839,75,67,8,8
74840,76,78,-2,2
74841,75,76,-1,1
74842,50,51,-1,1
74843,118,110,8,8
74844,131,119,12,12
74845,92,126,-34,34
74846,113,100,13,13
74847,126,105,21,21
74848,65,69,-4,4
74849,128,114,14,14
74850,89,84,5,5
74851,100,82,18,18
74852,85,76,9,9
74853,166,139,27,27
74854,100,105,-5,5
74855,119,111,8,8
74856,72,63,9,9
74857,78,75,3,3
74858,70,62,8,8
74859,84,78,6,6
74860,56,51,5,5
74861,18,31,-13,13
74862,75,74,1,1
74863,107,106,1,1
74864,86,75,11,11
74865,128,119,9,9
74866,99,97,2,2
74867,69,72,-3,3
74868,130,113,17,17
74869,127,118,9,9
74870,188,166,22,22
74871,99,94,5,5
74872,83,77,6,6
74873,105,89,16,16
74874,56,59,-3,3
74875,84,77,7,7
74876,43,50,-7,7
74877,104,107,-3,3
74878,93,90,3,3
74879,111,109,2,2
74880,106,112,-6,6
74881,77,70,7,7
74882,74,66,8,8
74883,138,128,10,10
74884,47,43,4,4
74885,158,142,16,16
74886,111,104,7,7
74887,84,83,1,1
74888,129,123,6,6
74889,76,75,1,1
74890,84,78,6,6
74891,67,66,1,1
74892,61,54,7,7
74893,107,91,16,16
74894,79,67,12,12
74895,112,111,1,1
74896,53,54,-1,1
74897,84,77,7,7
74898,46,47,-1,1
74899,115,100,15,15
74900,48,44,4,4
74901,51,51,0,0
74902,73,81,-8,8
74903,81,94,-13,13
74904,53,52,1,1
74905,144,128,16,16
74906,93,82,11,11
74907,63,72,-9,9
74908,47,44,3,3
74909,117,96,21,21
74910,172,117,55,55
74911,57,61,-4,4
74912,143,131,12,12
74913,108,105,3,3
74914,140,122,18,18
74915,70,71,-1,1
74916,96,90,6,6
74917,107,103,4,4
74918,116,102,14,14
74919,120,112,8,8
74920,60,52,8,8
74921,77,80,-3,3
74922,112,106,6,6
74923,97,101,-4,4
74924,183,173,10,10
74925,95,88,7,7
74926,92,83,9,9
74927,76,84,-8,8
74928,99,93,6,6
74929,85,73,12,12
74930,76,76,0,0
74931,93,87,6,6
74932,50,54,-4,4
74933,55,56,-1,1
74934,88,84,4,4
74935,97,99,-2,2
74936,83,78,5,5
74937,54,50,4,4
74938,86,76,10,10
74939,77,82,-5,5
74940,282,322,-40,40
74941,136,119,17,17
74942,91,78,13,13
74943,150,150,0,0
74944,66,67,-1,1
74945,71,75,-4,4
74946,87,79,8,8
74947,87,88,-1,1
74948,119,112,7,7
74949,148,127,21,21
74950,117,106,11,11
74951,85,82,3,3
74952,97,88,9,9
74953,49,54,-5,5
74954,103,101,2,2
74955,38,35,3,3
74956,86,92,-6,6
74957,49,50,-1,1
74958,103,90,13,13
74959,103,117,-14,14
74960,45,47,-2,2
74961,103,94,9,9
74962,83,74,9,9
74963,95,84,11,11
74964,60,64,-4,4
74965,102,98,4,4
74966,138,137,1,1
74967,83,76,7,7
74968,95,96,-1,1
74969,96,88,8,8
74970,150,140,10,10
74971,53,51,2,2
74972,133,110,23,23
74973,45,51,-6,6
74974,50,49,1,1
74975,35,81,-46,46
74976,103,87,16,16
74977,58,56,2,2
74978,72,72,0,0
74979,100,99,1,1
74980,95,84,11,11
74981,109,94,15,15
74982,57,63,-6,6
74983,68,81,-13,13
74984,89,81,8,8
74985,129,114,15,15
74986,118,106,12,12
74987,114,105,9,9
74988,112,100,12,12
74989,103,91,12,12
74990,95,87,8,8
74991,130,128,2,2
74992,95,80,15,15
74993,129,118,11,11
74994,84,78,6,6
74995,103,101,2,2
74996,146,134,12,12
74997,84,88,-4,4
74998,143,125,18,18
74999,84,81,3,3
75000,69,75,-6,6
75001,94,94,0,0
75002,56,71,-15,15
75003,133,125,8,8
75004,49,59,-10,10
75005,58,52,6,6
75006,122,102,20,20
75007,117,106,11,11
75008,87,79,8,8
75009,113,105,8,8
75010,60,59,1,1
75011,65,60,5,5
75012,103,93,10,10
75013,152,128,24,24
75014,121,111,10,10
75015,119,107,12,12
75016,47,51,-4,4
75017,113,98,15,15
75018,101,94,7,7
75019,73,78,-5,5
75020,88,91,-3,3
75021,156,130,26,26
75022,99,87,12,12
75023,86,81,5,5
75024,101,96,5,5
75025,91,84,7,7
75026,59,62,-3,3
75027,72,71,1,1
75028,111,93,18,18
75029,108,98,10,10
75030,78,77,1,1
75031,63,67,-4,4
75032,97,95,2,2
75033,76,73,3,3
75034,94,100,-6,6
75035,83,77,6,6
75036,72,68,4,4
75037,113,93,20,20
75038,126,112,14,14
75039,86,92,-6,6
75040,67,56,11,11
75041,149,132,17,17
75042,89,78,11,11
75043,115,99,16,16
75044,111,93,18,18
75045,135,131,4,4
75046,54,56,-2,2
75047,123,118,5,5
75048,82,81,1,1
75049,26,40,-14,14
75050,66,62,4,4
75051,117,99,18,18
75052,135,132,3,3
75053,70,64,6,6
75054,59,58,1,1
75055,141,130,11,11
75056,64,58,6,6
75057,126,118,8,8
75058,97,90,7,7
75059,54,51,3,3
75060,99,90,9,9
75061,138,115,23,23
75062,130,126,4,4
75063,111,86,25,25
75064,81,76,5,5
75065,97,88,9,9
75066,146,132,14,14
75067,92,81,11,11
75068,68,53,15,15
75069,70,71,-1,1
75070,79,67,12,12
75071,57,60,-3,3
75072,70,64,6,6
75073,52,57,-5,5
75074,82,86,-4,4
75075,72,71,1,1
75076,86,76,10,10
75077,124,103,21,21
75078,71,67,4,4
75079,75,55,20,20
75080,111,97,14,14
75081,85,72,13,13
75082,77,73,4,4
75083,116,111,5,5
75084,121,119,2,2
75085,63,57,6,6
75086,65,58,7,7
75087,92,87,5,5
75088,115,103,12,12
75089,62,56,6,6
75090,90,81,9,9
75091,50,51,-1,1
75092,81,80,1,1
75093,33,35,-2,2
75094,141,123,18,18
75095,51,51,0,0
75096,32,42,-10,10
75097,89,97,-8,8
75098,117,108,9,9
75099,97,97,0,0
75100,92,78,14,14
75101,71,68,3,3
75102,76,74,2,2
75103,42,52,-10,10
75104,84,89,-5,5
75105,87,89,-2,2
75106,153,133,20,20
75107,91,86,5,5
75108,59,77,-18,18
75109,69,65,4,4
75110,109,92,17,17
75111,115,99,16,16
75112,169,156,13,13
75113,67,66,1,1
75114,96,90,6,6
75115,94,89,5,5
75116,173,133,40,40
75117,96,87,9,9
75118,127,96,31,31
75119,58,57,1,1
75120,69,65,4,4
75121,68,66,2,2
75122,141,129,12,12
75123,110,123,-13,13
75124,46,84,-38,38
75125,56,110,-54,54
75126,99,103,-4,4
75127,117,106,11,11
75128,53,53,0,0
75129,92,85,7,7
75130,100,104,-4,4
75131,100,85,15,15
75132,92,94,-2,2
75133,67,62,5,5
75134,148,122,26,26
75135,122,113,9,9
75136,162,144,18,18
75137,86,82,4,4
75138,165,135,30,30
75139,106,90,16,16
75140,84,93,-9,9
75141,97,89,8,8
75142,61,61,0,0
75143,187,171,16,16
75144,153,149,4,4
75145,57,59,-2,2
75146,101,94,7,7
75147,154,118,36,36
75148,108,97,11,11
75149,55,51,4,4
75150,113,95,18,18
75151,55,51,4,4
75152,101,82,19,19
75153,91,91,0,0
75154,89,84,5,5
75155,96,84,12,12
75156,52,62,-10,10
75157,54,55,-1,1
75158,69,67,2,2
75159,95,102,-7,7
75160,88,77,11,11
75161,126,114,12,12
75162,82,85,-3,3
75163,76,76,0,0
75164,112,98,14,14
75165,117,103,14,14
75166,113,104,9,9
75167,97,84,13,13
75168,98,91,7,7
75169,83,75,8,8
75170,76,67,9,9
75171,80,68,12,12
75172,111,102,9,9
75173,135,118,17,17
75174,62,64,-2,2
75175,140,127,13,13
75176,68,66,2,2
75177,141,132,9,9
75178,53,61,-8,8
75179,140,131,9,9
75180,74,70,4,4
75181,70,68,2,2
75182,78,82,-4,4
75183,103,92,11,11
75184,97,91,6,6
75185,75,72,3,3
75186,143,134,9,9
75187,163,145,18,18
75188,71,69,2,2
75189,58,56,2,2
75190,69,67,2,2
75191,72,68,4,4
75192,158,145,13,13
75193,93,93,0,0
75194,80,77,3,3
75195,142,123,19,19
75196,46,58,-12,12
75197,76,65,11,11
75198,129,153,-24,24
75199,82,76,6,6
75200,146,126,20,20
75201,93,85,8,8
75202,113,99,14,14
75203,142,138,4,4
75204,72,66,6,6
75205,74,70,4,4
75206,88,99,-11,11
75207,105,106,-1,1
75208,110,109,1,1
75209,83,76,7,7
75210,27,48,-21,21
75211,136,123,13,13
75212,81,76,5,5
75213,98,85,13,13
75214,120,109,11,11
75215,92,73,19,19
75216,145,128,17,17
75217,137,126,11,11
75218,103,102,1,1
75219,121,124,-3,3
75220,54,68,-14,14
75221,112,102,10,10
75222,76,73,3,3
75223,89,81,8,8
75224,160,110,50,50
75225,28,42,-14,14
75226,76,64,12,12
75227,165,149,16,16
75228,100,86,14,14
75229,152,129,23,23
75230,82,79,3,3
75231,94,80,14,14
75232,60,60,0,0
75233,125,115,10,10
75234,69,69,0,0
75235,120,89,31,31
75236,91,83,8,8
75237,96,85,11,11
75238,45,49,-4,4
75239,56,60,-4,4
75240,76,69,7,7
75241,75,73,2,2
75242,79,79,0,0
75243,124,111,13,13
75244,106,90,16,16
75245,122,110,12,12
75246,51,59,-8,8
75247,69,66,3,3
75248,85,81,4,4
75249,115,136,-21,21
75250,115,100,15,15
75251,115,101,14,14
75252,60,68,-8,8
75253,76,72,4,4
75254,32,40,-8,8
75255,79,75,4,4
75256,44,43,1,1
75257,58,58,0,0
75258,130,117,13,13
75259,132,111,21,21
75260,79,75,4,4
75261,92,87,5,5
75262,144,135,9,9
75263,54,58,-4,4
75264,133,110,23,23
75265,64,70,-6,6
75266,92,86,6,6
75267,156,140,16,16
75268,58,54,4,4
75269,82,69,13,13
75270,86,81,5,5
75271,173,153,20,20
75272,94,84,10,10
75273,60,62,-2,2
75274,108,98,10,10
75275,126,112,14,14
75276,56,56,0,0
75277,98,94,4,4
75278,92,76,16,16
75279,117,100,17,17
75280,52,48,4,4
75281,94,84,10,10
75282,78,72,6,6
75283,76,94,-18,18
75284,67,65,2,2
75285,124,120,4,4
75286,128,118,10,10
75287,73,64,9,9
75288,62,58,4,4
75289,100,100,0,0
75290,130,120,10,10
75291,61,58,3,3
75292,262,214,48,48
75293,60,55,5,5
75294,102,104,-2,2
75295,57,56,1,1
75296,97,98,-1,1
75297,84,83,1,1
75298,61,81,-20,20
75299,135,116,19,19
75300,104,82,22,22
75301,79,75,4,4
75302,187,150,37,37
75303,62,57,5,5
75304,94,85,9,9
75305,94,99,-5,5
75306,94,80,14,14
75307,126,108,18,18
75308,126,104,22,22
75309,108,95,13,13
75310,60,51,9,9
75311,93,99,-6,6
75312,53,52,1,1
75313,61,61,0,0
75314,79,74,5,5
75315,74,68,6,6
75316,50,48,2,2
75317,75,56,19,19
75318,40,51,-11,11
75319,47,49,-2,2
75320,78,76,2,2
75321,51,55,-4,4
75322,97,91,6,6
75323,54,50,4,4
75324,100,95,5,5
75325,91,81,10,10
75326,48,53,-5,5
75327,46,49,-3,3
75328,153,137,16,16
75329,123,112,11,11
75330,52,60,-8,8
75331,92,78,14,14
75332,71,76,-5,5
75333,141,118,23,23
75334,46,38,8,8
75335,72,71,1,1
75336,84,77,7,7
75337,82,85,-3,3
75338,78,72,6,6
75339,77,66,11,11
75340,93,77,16,16
75341,47,50,-3,3
75342,67,63,4,4
75343,67,63,4,4
75344,113,97,16,16
75345,179,159,20,20
75346,95,92,3,3
75347,164,146,18,18
75348,45,49,-4,4
75349,127,110,17,17
75350,118,116,2,2
75351,96,84,12,12
75352,57,51,6,6
75353,151,137,14,14
75354,69,79,-10,10
75355,79,73,6,6
75356,86,82,4,4
75357,186,166,20,20
75358,147,124,23,23
75359,109,105,4,4
75360,97,83,14,14
75361,110,99,11,11
75362,69,64,5,5
75363,65,66,-1,1
75364,119,104,15,15
75365,58,62,-4,4
75366,77,72,5,5
75367,97,92,5,5
75368,95,88,7,7
75369,123,117,6,6
75370,107,122,-15,15
75371,117,106,11,11
75372,72,80,-8,8
75373,119,104,15,15
75374,103,94,9,9
75375,129,120,9,9
75376,83,72,11,11
75377,248,208,40,40
75378,93,80,13,13
75379,129,120,9,9
75380,68,73,-5,5
75381,117,106,11,11
75382,87,83,4,4
75383,118,103,15,15
75384,98,86,12,12
75385,103,100,3,3
75386,69,68,1,1
75387,110,99,11,11
75388,125,110,15,15
75389,113,103,10,10
75390,112,99,13,13
75391,81,71,10,10
75392,86,84,2,2
75393,148,128,20,20
75394,102,88,14,14
75395,31,38,-7,7
75396,64,65,-1,1
75397,114,110,4,4
75398,87,84,3,3
75399,127,114,13,13
75400,91,92,-1,1
75401,74,66,8,8
75402,175,146,29,29
75403,223,164,59,59
75404,87,75,12,12
75405,67,61,6,6
75406,59,53,6,6
75407,104,85,19,19
75408,64,83,-19,19
75409,149,143,6,6
75410,125,110,15,15
75411,45,47,-2,2
75412,93,91,2,2
75413,86,82,4,4
75414,80,70,10,10
75415,73,58,15,15
75416,92,81,11,11
75417,120,128,-8,8
75418,126,110,16,16
75419,73,71,2,2
75420,54,56,-2,2
75421,65,66,-1,1
75422,100,93,7,7
75423,105,93,12,12
75424,85,76,9,9
75425,100,87,13,13
75426,81,81,0,0
75427,67,64,3,3
75428,174,155,19,19
75429,132,116,16,16
75430,127,97,30,30
75431,96,96,0,0
75432,73,68,5,5
75433,86,77,9,9
75434,73,69,4,4
75435,124,113,11,11
75436,75,69,6,6
75437,49,59,-10,10
75438,99,119,-20,20
75439,55,55,0,0
75440,141,105,36,36
75441,62,64,-2,2
75442,75,70,5,5
75443,99,91,8,8
75444,97,87,10,10
75445,104,95,9,9
75446,96,83,13,13
75447,122,112,10,10
75448,101,81,20,20
75449,109,104,5,5
75450,111,102,9,9
75451,99,84,15,15
75452,77,80,-3,3
75453,118,114,4,4
75454,89,79,10,10
75455,75,78,-3,3
75456,59,56,3,3
75457,57,61,-4,4
75458,99,86,13,13
75459,88,71,17,17
75460,106,92,14,14
75461,101,97,4,4
75462,131,116,15,15
75463,127,116,11,11
75464,65,58,7,7
75465,101,83,18,18
75466,140,122,18,18
75467,122,111,11,11
75468,80,75,5,5
75469,128,124,4,4
75470,85,82,3,3
75471,111,105,6,6
75472,78,85,-7,7
75473,93,88,5,5
75474,42,42,0,0
75475,66,51,15,15
75476,95,93,2,2
75477,90,72,18,18
75478,100,100,0,0
75479,82,77,5,5
75480,67,73,-6,6
75481,105,93,12,12
75482,110,96,14,14
75483,56,57,-1,1
75484,37,36,1,1
75485,65,68,-3,3
75486,72,69,3,3
75487,106,99,7,7
75488,99,86,13,13
75489,104,94,10,10
75490,87,85,2,2
75491,76,79,-3,3
75492,53,50,3,3
75493,57,60,-3,3
75494,69,63,6,6
75495,83,74,9,9
75496,56,57,-1,1
75497,78,75,3,3
75498,95,98,-3,3
75499,78,74,4,4
75500,74,69,5,5
75501,82,97,-15,15
75502,95,85,10,10
75503,85,76,9,9
75504,63,65,-2,2
75505,124,114,10,10
75506,67,60,7,7
75507,112,103,9,9
75508,94,86,8,8
75509,69,64,5,5
75510,121,119,2,2
75511,82,81,1,1
75512,111,99,12,12
75513,126,117,9,9
75514,74,65,9,9
75515,81,72,9,9
75516,100,94,6,6
75517,148,127,21,21
75518,88,83,5,5
75519,70,65,5,5
75520,150,123,27,27
75521,88,79,9,9
75522,28,31,-3,3
75523,93,83,10,10
75524,96,98,-2,2
75525,90,83,7,7
75526,150,150,0,0
75527,75,76,-1,1
75528,93,95,-2,2
75529,150,134,16,16
75530,123,93,30,30
75531,133,124,9,9
75532,69,81,-12,12
75533,167,131,36,36
75534,46,39,7,7
75535,92,90,2,2
75536,54,56,-2,2
75537,154,130,24,24
75538,45,50,-5,5
75539,137,123,14,14
75540,115,101,14,14
75541,99,84,15,15
75542,93,81,12,12
75543,83,73,10,10
75544,115,98,17,17
75545,23,52,-29,29
75546,92,88,4,4
75547,85,83,2,2
75548,80,71,9,9
75549,190,177,13,13
75550,95,84,11,11
75551,153,122,31,31
75552,83,83,0,0
75553,51,51,0,0
75554,85,79,6,6
75555,85,83,2,2
75556,59,65,-6,6
75557,172,146,26,26
75558,53,55,-2,2
75559,128,105,23,23
75560,72,70,2,2
75561,130,113,17,17
75562,54,56,-2,2
75563,145,111,34,34
75564,94,93,1,1
75565,111,103,8,8
75566,35,51,-16,16
75567,74,75,-1,1
75568,85,85,0,0
75569,129,115,14,14
75570,49,55,-6,6
75571,56,62,-6,6
75572,99,88,11,11
75573,79,90,-11,11
75574,129,115,14,14
75575,74,71,3,3
75576,78,83,-5,5
75577,70,72,-2,2
75578,157,159,-2,2
75579,98,93,5,5
75580,66,67,-1,1
75581,75,75,0,0
75582,76,68,8,8
75583,94,95,-1,1
75584,100,85,15,15
75585,50,51,-1,1
75586,98,92,6,6
75587,96,94,2,2
75588,134,124,10,10
75589,108,91,17,17
75590,212,191,21,21
75591,138,125,13,13
75592,88,78,10,10
75593,12,31,-19,19
75594,66,63,3,3
75595,98,83,15,15
75596,110,99,11,11
75597,75,69,6,6
75598,146,140,6,6
75599,176,166,10,10
75600,91,79,12,12
75601,88,79,9,9
75602,51,51,0,0
75603,190,161,29,29
75604,128,117,11,11
75605,74,71,3,3
75606,83,81,2,2
75607,64,60,4,4
75608,127,119,8,8
75609,130,112,18,18
75610,95,82,13,13
75611,66,124,-58,58
75612,46,39,7,7
75613,79,76,3,3
75614,110,99,11,11
75615,116,106,10,10
75616,68,68,0,0
75617,70,82,-12,12
75618,59,70,-11,11
75619,107,89,18,18
75620,77,83,-6,6
75621,97,110,-13,13
75622,160,140,20,20
75623,130,130,0,0
75624,60,58,2,2
75625,104,93,11,11
75626,91,86,5,5
75627,89,94,-5,5
75628,49,53,-4,4
75629,155,141,14,14
75630,94,85,9,9
75631,146,133,13,13
75632,87,88,-1,1
75633,127,112,15,15
75634,79,81,-2,2
75635,93,87,6,6
75636,121,116,5,5
75637,74,65,9,9
75638,113,104,9,9
75639,163,139,24,24
75640,122,100,22,22
75641,118,113,5,5
75642,56,56,0,0
75643,129,111,18,18
75644,128,113,15,15
75645,159,135,24,24
75646,62,58,4,4
75647,108,101,7,7
75648,72,66,6,6
75649,79,76,3,3
75650,166,144,22,22
75651,62,70,-8,8
75652,144,134,10,10
75653,129,112,17,17
75654,72,70,2,2
75655,93,79,14,14
75656,86,90,-4,4
75657,126,112,14,14
75658,86,80,6,6
75659,87,82,5,5
75660,183,162,21,21
75661,68,65,3,3
75662,80,72,8,8
75663,63,68,-5,5
75664,61,63,-2,2
75665,103,98,5,5
75666,46,50,-4,4
75667,107,91,16,16
75668,127,118,9,9
75669,89,79,10,10
75670,104,99,5,5
75671,82,83,-1,1
75672,114,107,7,7
75673,82,75,7,7
75674,109,105,4,4
75675,105,97,8,8
75676,67,68,-1,1
75677,64,61,3,3
75678,109,98,11,11
75679,50,51,-1,1
75680,49,51,-2,2
75681,89,87,2,2
75682,163,145,18,18
75683,64,69,-5,5
75684,180,152,28,28
75685,73,112,-39,39
75686,155,135,20,20
75687,106,100,6,6
75688,102,89,13,13
75689,142,130,12,12
75690,62,62,0,0
75691,93,88,5,5
75692,125,98,27,27
75693,71,67,4,4
75694,62,68,-6,6
75695,129,114,15,15
75696,109,111,-2,2
75697,174,154,20,20
75698,103,100,3,3
75699,124,104,20,20
75700,74,76,-2,2
75701,96,85,11,11
75702,112,100,12,12
75703,78,76,2,2
75704,59,57,2,2
75705,54,56,-2,2
75706,86,76,10,10
75707,99,104,-5,5
75708,120,124,-4,4
75709,134,117,17,17
75710,141,120,21,21
75711,99,96,3,3
75712,92,88,4,4
75713,121,111,10,10
75714,74,70,4,4
75715,101,84,17,17
75716,14,81,-67,67
75717,80,73,7,7
75718,88,77,11,11
75719,60,64,-4,4
75720,112,105,7,7
75721,153,123,30,30
75722,108,96,12,12
75723,98,93,5,5
75724,78,91,-13,13
75725,115,132,-17,17
75726,71,65,6,6
75727,129,120,9,9
75728,56,57,-1,1
75729,68,64,4,4
75730,80,76,4,4
75731,110,113,-3,3
75732,86,88,-2,2
75733,139,125,14,14
75734,125,111,14,14
75735,73,72,1,1
75736,122,106,16,16
75737,99,94,5,5
75738,78,71,7,7
75739,150,127,23,23
75740,112,86,26,26
75741,95,92,3,3
75742,85,77,8,8
75743,67,67,0,0
75744,91,79,12,12
75745,110,94,16,16
75746,88,73,15,15
75747,115,117,-2,2
75748,78,74,4,4
75749,89,92,-3,3
75750,71,67,4,4
75751,65,60,5,5
75752,67,76,-9,9
75753,144,121,23,23
75754,98,96,2,2
75755,78,72,6,6
75756,130,125,5,5
75757,75,74,1,1
75758,83,76,7,7
75759,72,66,6,6
75760,106,94,12,12
75761,44,45,-1,1
75762,108,98,10,10
75763,80,65,15,15
75764,98,97,1,1
75765,97,89,8,8
75766,124,126,-2,2
75767,96,80,16,16
75768,71,68,3,3
75769,118,112,6,6
75770,115,101,14,14
75771,88,82,6,6
75772,104,95,9,9
75773,75,68,7,7
75774,115,100,15,15
75775,94,79,15,15
75776,97,92,5,5
75777,71,67,4,4
75778,73,80,-7,7
75779,64,66,-2,2
75780,61,65,-4,4
75781,46,45,1,1
75782,81,75,6,6
75783,56,59,-3,3
75784,99,93,6,6
75785,131,130,1,1
75786,75,84,-9,9
75787,74,66,8,8
75788,111,101,10,10
75789,136,121,15,15
75790,81,75,6,6
75791,50,52,-2,2
75792,95,87,8,8
75793,108,112,-4,4
75794,62,99,-37,37
75795,78,76,2,2
75796,92,75,17,17
75797,42,46,-4,4
75798,102,101,1,1
75799,104,101,3,3
75800,55,63,-8,8
75801,69,71,-2,2
75802,90,85,5,5
75803,63,61,2,2
75804,101,96,5,5
75805,43,43,0,0
75806,69,70,-1,1
75807,109,99,10,10
75808,142,134,8,8
75809,140,124,16,16
75810,67,66,1,1
75811,62,63,-1,1
75812,114,97,17,17
75813,107,100,7,7
75814,85,92,-7,7
75815,167,148,19,19
75816,163,154,9,9
75817,85,82,3,3
75818,73,77,-4,4
75819,109,95,14,14
75820,61,63,-2,2
75821,77,75,2,2
75822,207,166,41,41
75823,99,93,6,6
75824,182,157,25,25
75825,99,91,8,8
75826,83,80,3,3
75827,75,74,1,1
75828,139,126,13,13
75829,47,44,3,3
75830,65,76,-11,11
75831,143,110,33,33
75832,73,76,-3,3
75833,79,77,2,2
75834,85,74,11,11
75835,88,87,1,1
75836,141,124,17,17
75837,71,89,-18,18
75838,96,84,12,12
75839,153,134,19,19
75840,133,112,21,21
75841,80,81,-1,1
75842,171,161,10,10
75843,125,120,5,5
75844,91,80,11,11
75845,61,61,0,0
75846,131,110,21,21
75847,136,107,29,29
75848,58,56,2,2
75849,93,84,9,9
75850,88,82,6,6
75851,68,66,2,2
75852,129,120,9,9
75853,127,105,22,22
75854,98,131,-33,33
75855,87,82,5,5
75856,84,79,5,5
75857,51,78,-27,27
75858,72,68,4,4
75859,144,127,17,17
75860,96,90,6,6
75861,61,55,6,6
75862,86,79,7,7
75863,78,70,8,8
75864,51,57,-6,6
75865,151,133,18,18
75866,109,95,14,14
75867,108,109,-1,1
75868,80,73,7,7
75869,67,57,10,10
75870,125,129,-4,4
75871,75,66,9,9
75872,176,160,16,16
75873,105,99,6,6
75874,82,84,-2,2
75875,146,133,13,13
75876,49,84,-35,35
75877,68,80,-12,12
75878,119,113,6,6
75879,40,39,1,1
75880,118,108,10,10
75881,65,61,4,4
75882,92,93,-1,1
75883,69,62,7,7
75884,110,98,12,12
75885,94,85,9,9
75886,152,162,-10,10
75887,118,108,10,10
75888,72,69,3,3
75889,141,122,19,19
75890,43,46,-3,3
75891,122,104,18,18
75892,73,69,4,4
75893,92,84,8,8
75894,101,105,-4,4
75895,66,64,2,2
75896,70,61,9,9
75897,43,46,-3,3
75898,84,73,11,11
75899,83,91,-8,8
75900,71,64,7,7
75901,97,81,16,16
75902,116,107,9,9
75903,107,107,0,0
75904,152,133,19,19
75905,130,137,-7,7
75906,49,46,3,3
75907,111,98,13,13
75908,124,101,23,23
75909,75,70,5,5
75910,112,120,-8,8
75911,111,108,3,3
75912,97,88,9,9
75913,47,39,8,8
75914,114,93,21,21
75915,107,105,2,2
75916,93,88,5,5
75917,107,98,9,9
75918,114,105,9,9
75919,124,122,2,2
75920,133,111,22,22
75921,64,60,4,4
75922,80,78,2,2
75923,155,129,26,26
75924,98,103,-5,5
75925,82,66,16,16
75926,50,53,-3,3
75927,64,58,6,6
75928,97,95,2,2
75929,123,104,19,19
75930,46,52,-6,6
75931,78,67,11,11
75932,122,112,10,10
75933,181,154,27,27
75934,64,66,-2,2
75935,56,59,-3,3
75936,72,78,-6,6
75937,141,123,18,18
75938,126,112,14,14
75939,71,61,10,10
75940,81,66,15,15
75941,137,119,18,18
75942,91,86,5,5
75943,117,101,16,16
75944,160,145,15,15
75945,101,82,19,19
75946,55,63,-8,8
75947,104,99,5,5
75948,72,69,3,3
75949,165,145,20,20
75950,74,66,8,8
75951,72,70,2,2
75952,138,108,30,30
75953,87,85,2,2
75954,66,61,5,5
75955,78,75,3,3
75956,80,71,9,9
75957,111,107,4,4
75958,132,120,12,12
75959,70,67,3,3
75960,96,88,8,8
75961,127,116,11,11
75962,121,112,9,9
75963,57,54,3,3
75964,203,178,25,25
75965,94,87,7,7
75966,81,87,-6,6
75967,52,51,1,1
75968,150,127,23,23
75969,83,104,-21,21
75970,99,80,19,19
75971,64,63,1,1
75972,79,75,4,4
75973,81,79,2,2
75974,47,51,-4,4
75975,54,53,1,1
75976,152,132,20,20
75977,44,51,-7,7
75978,87,81,6,6
75979,161,140,21,21
75980,83,79,4,4
75981,75,74,1,1
75982,111,109,2,2
75983,60,54,6,6
75984,98,85,13,13
75985,74,76,-2,2
75986,81,73,8,8
75987,113,104,9,9
75988,110,95,15,15
75989,84,81,3,3
75990,57,55,2,2
75991,70,65,5,5
75992,175,146,29,29
75993,95,90,5,5
75994,94,86,8,8
75995,107,98,9,9
75996,75,75,0,0
75997,85,87,-2,2
75998,162,130,32,32
75999,93,88,5,5
76000,73,72,1,1
76001,86,82,4,4
76002,179,159,20,20
76003,202,178,24,24
76004,98,94,4,4
76005,85,84,1,1
76006,37,48,-11,11
76007,121,105,16,16
76008,128,108,20,20
76009,87,90,-3,3
76010,141,132,9,9
76011,70,60,10,10
76012,151,144,7,7
76013,116,108,8,8
76014,81,72,9,9
76015,81,71,10,10
76016,89,85,4,4
76017,124,98,26,26
76018,94,90,4,4
76019,56,63,-7,7
76020,151,134,17,17
76021,157,137,20,20
76022,70,72,-2,2
76023,154,139,15,15
76024,130,116,14,14
76025,121,107,14,14
76026,119,114,5,5
76027,94,90,4,4
76028,62,68,-6,6
76029,99,86,13,13
76030,82,73,9,9
76031,145,134,11,11
76032,107,111,-4,4
76033,107,103,4,4
76034,128,110,18,18
76035,52,51,1,1
76036,103,93,10,10
76037,70,66,4,4
76038,161,147,14,14
76039,74,75,-1,1
76040,70,59,11,11
76041,114,98,16,16
76042,150,137,13,13
76043,105,109,-4,4
76044,119,118,1,1
76045,71,73,-2,2
76046,102,88,14,14
76047,43,51,-8,8
76048,84,79,5,5
76049,70,73,-3,3
76050,82,78,4,4
76051,74,60,14,14
76052,98,91,7,7
76053,55,57,-2,2
76054,110,101,9,9
76055,145,140,5,5
76056,80,74,6,6
76057,137,115,22,22
76058,77,84,-7,7
76059,80,70,10,10
76060,73,65,8,8
76061,83,73,10,10
76062,100,86,14,14
76063,85,77,8,8
76064,101,95,6,6
76065,79,78,1,1
76066,89,93,-4,4
76067,60,63,-3,3
76068,112,89,23,23
76069,173,153,20,20
76070,60,56,4,4
76071,41,43,-2,2
76072,57,60,-3,3
76073,88,86,2,2
76074,101,88,13,13
76075,82,70,12,12
76076,100,90,10,10
76077,85,83,2,2
76078,117,95,22,22
76079,83,81,2,2
76080,162,132,30,30
76081,59,57,2,2
76082,127,110,17,17
76083,170,142,28,28
76084,114,100,14,14
76085,111,100,11,11
76086,44,48,-4,4
76087,91,91,0,0
76088,76,80,-4,4
76089,64,68,-4,4
76090,67,63,4,4
76091,135,119,16,16
76092,75,72,3,3
76093,110,100,10,10
76094,84,75,9,9
76095,77,71,6,6
76096,97,92,5,5
76097,85,86,-1,1
76098,61,54,7,7
76099,86,81,5,5
76100,75,69,6,6
76101,83,108,-25,25
76102,168,150,18,18
76103,97,91,6,6
76104,64,65,-1,1
76105,126,109,17,17
76106,85,84,1,1
76107,111,105,6,6
76108,87,78,9,9
76109,101,105,-4,4
76110,162,106,56,56
76111,143,134,9,9
76112,123,107,16,16
76113,82,73,9,9
76114,101,92,9,9
76115,92,96,-4,4
76116,87,93,-6,6
76117,93,79,14,14
76118,100,101,-1,1
76119,92,80,12,12
76120,85,74,11,11
76121,49,49,0,0
76122,79,86,-7,7
76123,58,54,4,4
76124,85,86,-1,1
76125,61,59,2,2
76126,140,127,13,13
76127,127,120,7,7
76128,152,138,14,14
76129,67,61,6,6
76130,64,62,2,2
76131,136,125,11,11
76132,74,66,8,8
76133,100,85,15,15
76134,158,130,28,28
76135,80,80,0,0
76136,88,81,7,7
76137,110,108,2,2
76138,74,63,11,11
76139,116,113,3,3
76140,82,74,8,8
76141,117,101,16,16
76142,81,76,5,5
76143,74,70,4,4
76144,104,97,7,7
76145,147,123,24,24
76146,82,74,8,8
76147,50,49,1,1
76148,180,158,22,22
76149,182,170,12,12
76150,63,71,-8,8
76151,190,151,39,39
76152,122,129,-7,7
76153,99,88,11,11
76154,66,67,-1,1
76155,53,66,-13,13
76156,63,62,1,1
76157,125,126,-1,1
76158,112,97,15,15
76159,85,81,4,4
76160,56,58,-2,2
76161,85,77,8,8
76162,70,74,-4,4
76163,83,84,-1,1
76164,135,124,11,11
76165,57,54,3,3
76166,84,76,8,8
76167,90,95,-5,5
76168,59,67,-8,8
76169,77,70,7,7
76170,64,58,6,6
76171,99,96,3,3
76172,109,97,12,12
76173,97,93,4,4
76174,92,82,10,10
76175,87,87,0,0
76176,42,42,0,0
76177,74,76,-2,2
76178,162,166,-4,4
76179,125,104,21,21
76180,178,166,12,12
76181,98,98,0,0
76182,89,91,-2,2
76183,72,63,9,9
76184,78,72,6,6
76185,53,57,-4,4
76186,85,76,9,9
76187,122,109,13,13
76188,101,99,2,2
76189,81,75,6,6
76190,128,87,41,41
76191,98,94,4,4
76192,154,148,6,6
76193,122,118,4,4
76194,63,58,5,5
76195,83,84,-1,1
76196,98,92,6,6
76197,70,68,2,2
76198,89,98,-9,9
76199,111,112,-1,1
76200,44,54,-10,10
76201,48,54,-6,6
76202,104,94,10,10
76203,106,97,9,9
76204,148,121,27,27
76205,128,122,6,6
76206,118,107,11,11
76207,105,86,19,19
76208,141,135,6,6
76209,115,99,16,16
76210,161,144,17,17
76211,71,86,-15,15
76212,149,131,18,18
76213,77,72,5,5
76214,117,103,14,14
76215,119,106,13,13
76216,116,99,17,17
76217,88,79,9,9
76218,107,103,4,4
76219,72,78,-6,6
76220,137,142,-5,5
76221,122,116,6,6
76222,126,117,9,9
76223,50,54,-4,4
76224,119,97,22,22
76225,79,69,10,10
76226,124,119,5,5
76227,128,119,9,9
76228,132,110,22,22
76229,90,81,9,9
76230,95,90,5,5
76231,97,85,12,12
76232,63,63,0,0
76233,109,97,12,12
76234,133,133,0,0
76235,104,95,9,9
76236,35,71,-36,36
76237,72,70,2,2
76238,65,67,-2,2
76239,120,105,15,15
76240,135,145,-10,10
76241,130,112,18,18
76242,137,128,9,9
76243,81,73,8,8
76244,83,81,2,2
76245,51,54,-3,3
76246,77,77,0,0
76247,116,101,15,15
76248,72,76,-4,4
76249,97,94,3,3
76250,78,68,10,10
76251,63,60,3,3
76252,130,124,6,6
76253,158,140,18,18
76254,75,77,-2,2
76255,76,71,5,5
76256,101,93,8,8
76257,44,51,-7,7
76258,74,68,6,6
76259,98,84,14,14
76260,134,130,4,4
76261,104,93,11,11
76262,88,82,6,6
76263,179,153,26,26
76264,46,51,-5,5
76265,141,130,11,11
76266,91,78,13,13
76267,72,71,1,1
76268,82,76,6,6
76269,73,67,6,6
76270,139,122,17,17
76271,124,113,11,11
76272,100,87,13,13
76273,98,88,10,10
76274,80,77,3,3
76275,97,107,-10,10
76276,62,65,-3,3
76277,136,120,16,16
76278,93,83,10,10
76279,104,97,7,7
76280,158,142,16,16
76281,105,94,11,11
76282,82,63,19,19
76283,150,135,15,15
76284,161,135,26,26
76285,68,64,4,4
76286,97,93,4,4
76287,106,94,12,12
76288,75,68,7,7
76289,95,89,6,6
76290,84,78,6,6
76291,144,120,24,24
76292,115,108,7,7
76293,45,52,-7,7
76294,99,89,10,10
76295,91,83,8,8
76296,75,67,8,8
76297,134,111,23,23
76298,69,64,5,5
76299,74,68,6,6
76300,53,55,-2,2
76301,74,75,-1,1
76302,95,89,6,6
76303,54,57,-3,3
76304,96,87,9,9
76305,93,84,9,9
76306,108,98,10,10
76307,104,109,-5,5
76308,80,74,6,6
76309,87,75,12,12
76310,98,98,0,0
76311,60,61,-1,1
76312,65,64,1,1
76313,75,79,-4,4
76314,80,85,-5,5
76315,81,85,-4,4
76316,123,107,16,16
76317,89,92,-3,3
76318,142,128,14,14
76319,64,57,7,7
76320,100,98,2,2
76321,45,51,-6,6
76322,118,101,17,17
76323,73,74,-1,1
76324,74,72,2,2
76325,102,98,4,4
76326,66,74,-8,8
76327,120,116,4,4
76328,57,54,3,3
76329,149,122,27,27
76330,131,123,8,8
76331,81,72,9,9
76332,61,60,1,1
76333,89,85,4,4
76334,66,60,6,6
76335,64,63,1,1
76336,76,77,-1,1
76337,124,109,15,15
76338,48,58,-10,10
76339,68,64,4,4
76340,100,96,4,4
76341,96,90,6,6
76342,50,47,3,3
76343,85,84,1,1
76344,85,81,4,4
76345,61,63,-2,2
76346,91,76,15,15
76347,72,67,5,5
76348,129,108,21,21
76349,104,93,11,11
76350,54,62,-8,8
76351,53,52,1,1
76352,105,106,-1,1
76353,91,100,-9,9
76354,66,72,-6,6
76355,59,57,2,2
76356,118,107,11,11
76357,109,107,2,2
76358,63,63,0,0
76359,63,55,8,8
76360,68,63,5,5
76361,166,161,5,5
76362,84,74,10,10
76363,66,62,4,4
76364,100,101,-1,1
76365,104,90,14,14
76366,65,62,3,3
76367,57,57,0,0
76368,99,89,10,10
76369,96,105,-9,9
76370,71,66,5,5
76371,57,60,-3,3
76372,105,104,1,1
76373,88,77,11,11
76374,54,55,-1,1
76375,181,154,27,27
76376,100,92,8,8
76377,103,95,8,8
76378,138,116,22,22
76379,65,68,-3,3
76380,71,70,1,1
76381,70,66,4,4
76382,72,67,5,5
76383,66,57,9,9
76384,79,74,5,5
76385,169,153,16,16
76386,129,112,17,17
76387,129,99,30,30
76388,63,60,3,3
76389,92,84,8,8
76390,109,105,4,4
76391,58,61,-3,3
76392,108,93,15,15
76393,107,91,16,16
76394,162,143,19,19
76395,57,55,2,2
76396,109,107,2,2
76397,86,83,3,3
76398,91,80,11,11
76399,89,77,12,12
76400,93,91,2,2
76401,70,64,6,6
76402,73,71,2,2
76403,71,67,4,4
76404,59,51,8,8
76405,166,150,16,16
76406,71,59,12,12
76407,71,60,11,11
76408,132,108,24,24
76409,103,102,1,1
76410,114,97,17,17
76411,103,102,1,1
76412,98,92,6,6
76413,92,79,13,13
76414,102,103,-1,1
76415,113,109,4,4
76416,130,140,-10,10
76417,56,59,-3,3
76418,127,113,14,14
76419,53,66,-13,13
76420,129,117,12,12
76421,93,85,8,8
76422,133,113,20,20
76423,93,86,7,7
76424,92,87,5,5
76425,45,52,-7,7
76426,96,81,15,15
76427,104,118,-14,14
76428,65,61,4,4
76429,114,100,14,14
76430,52,51,1,1
76431,80,79,1,1
76432,135,122,13,13
76433,78,95,-17,17
76434,69,64,5,5
76435,61,58,3,3
76436,75,66,9,9
76437,131,123,8,8
76438,108,108,0,0
76439,96,91,5,5
76440,178,151,27,27
76441,171,162,9,9
76442,81,73,8,8
76443,91,79,12,12
76444,69,72,-3,3
76445,146,126,20,20
76446,111,92,19,19
76447,65,63,2,2
76448,86,77,9,9
76449,79,85,-6,6
76450,108,91,17,17
76451,94,89,5,5
76452,107,100,7,7
76453,100,89,11,11
76454,121,105,16,16
76455,144,140,4,4
76456,66,65,1,1
76457,40,41,-1,1
76458,99,95,4,4
76459,32,44,-12,12
76460,69,61,8,8
76461,145,132,13,13
76462,76,76,0,0
76463,85,77,8,8
76464,53,55,-2,2
76465,27,35,-8,8
76466,55,67,-12,12
76467,41,39,2,2
76468,57,61,-4,4
76469,83,60,23,23
76470,77,70,7,7
76471,85,91,-6,6
76472,118,98,20,20
76473,55,55,0,0
76474,62,58,4,4
76475,111,101,10,10
76476,108,98,10,10
76477,89,87,2,2
76478,97,84,13,13
76479,94,93,1,1
76480,61,61,0,0
76481,82,82,0,0
76482,83,82,1,1
76483,140,114,26,26
76484,152,121,31,31
76485,86,75,11,11
76486,33,35,-2,2
76487,88,79,9,9
76488,71,66,5,5
76489,97,105,-8,8
76490,81,80,1,1
76491,129,115,14,14
76492,55,56,-1,1
76493,122,115,7,7
76494,103,103,0,0
76495,98,87,11,11
76496,89,78,11,11
76497,87,77,10,10
76498,79,79,0,0
76499,98,100,-2,2
76500,49,54,-5,5
76501,82,77,5,5
76502,120,111,9,9
76503,108,100,8,8
76504,169,143,26,26
76505,161,144,17,17
76506,134,125,9,9
76507,96,93,3,3
76508,56,53,3,3
76509,101,98,3,3
76510,86,87,-1,1
76511,82,78,4,4
76512,85,87,-2,2
76513,79,70,9,9
76514,78,77,1,1
76515,105,87,18,18
76516,142,128,14,14
76517,65,74,-9,9
76518,57,62,-5,5
76519,81,76,5,5
76520,139,106,33,33
76521,84,76,8,8
76522,81,76,5,5
76523,154,123,31,31
76524,147,126,21,21
76525,153,132,21,21
76526,73,74,-1,1
76527,141,126,15,15
76528,43,51,-8,8
76529,101,92,9,9
76530,42,51,-9,9
76531,78,74,4,4
76532,97,104,-7,7
76533,65,66,-1,1
76534,58,59,-1,1
76535,79,84,-5,5
76536,95,88,7,7
76537,105,110,-5,5
76538,37,50,-13,13
76539,82,85,-3,3
76540,130,115,15,15
76541,99,99,0,0
76542,125,97,28,28
76543,51,60,-9,9
76544,87,81,6,6
76545,147,139,8,8
76546,61,53,8,8
76547,122,113,9,9
76548,70,73,-3,3
76549,81,69,12,12
76550,93,84,9,9
76551,136,125,11,11
76552,61,62,-1,1
76553,75,79,-4,4
76554,118,98,20,20
76555,110,106,4,4
76556,153,148,5,5
76557,57,55,2,2
76558,128,108,20,20
76559,118,100,18,18
76560,81,84,-3,3
76561,82,75,7,7
76562,126,111,15,15
76563,110,99,11,11
76564,91,88,3,3
76565,106,82,24,24
76566,92,83,9,9
76567,74,76,-2,2
76568,119,108,11,11
76569,47,50,-3,3
76570,81,85,-4,4
76571,101,88,13,13
76572,91,82,9,9
76573,68,66,2,2
76574,119,104,15,15
76575,90,82,8,8
76576,104,99,5,5
76577,80,79,1,1
76578,84,85,-1,1
76579,132,112,20,20
76580,32,66,-34,34
76581,139,123,16,16
76582,85,74,11,11
76583,83,76,7,7
76584,55,56,-1,1
76585,98,101,-3,3
76586,177,159,18,18
76587,81,80,1,1
76588,90,90,0,0
76589,133,112,21,21
76590,85,65,20,20
76591,58,52,6,6
76592,133,119,14,14
76593,81,74,7,7
76594,149,129,20,20
76595,107,98,9,9
76596,113,88,25,25
76597,108,92,16,16
76598,93,85,8,8
76599,100,84,16,16
76600,66,66,0,0
76601,109,94,15,15
76602,77,82,-5,5
76603,208,163,45,45
76604,79,81,-2,2
76605,74,65,9,9
76606,74,68,6,6
76607,131,115,16,16
76608,127,107,20,20
76609,77,68,9,9
76610,100,75,25,25
76611,82,105,-23,23
76612,100,99,1,1
76613,65,69,-4,4
76614,97,93,4,4
76615,146,122,24,24
76616,99,81,18,18
76617,117,99,18,18
76618,71,69,2,2
76619,60,56,4,4
76620,75,72,3,3
76621,46,43,3,3
76622,121,99,22,22
76623,55,53,2,2
76624,119,114,5,5
76625,178,158,20,20
76626,131,117,14,14
76627,123,110,13,13
76628,99,92,7,7
76629,164,143,21,21
76630,69,67,2,2
76631,55,54,1,1
76632,148,136,12,12
76633,67,60,7,7
76634,138,126,12,12
76635,115,100,15,15
76636,134,117,17,17
76637,91,92,-1,1
76638,94,85,9,9
76639,114,101,13,13
76640,92,84,8,8
76641,98,95,3,3
76642,41,37,4,4
76643,49,56,-7,7
76644,59,66,-7,7
76645,90,82,8,8
76646,165,141,24,24
76647,53,52,1,1
76648,67,67,0,0
76649,77,70,7,7
76650,87,77,10,10
76651,65,62,3,3
76652,133,120,13,13
76653,98,89,9,9
76654,103,96,7,7
76655,85,77,8,8
76656,153,132,21,21
76657,85,71,14,14
76658,126,122,4,4
76659,102,104,-2,2
76660,115,104,11,11
76661,78,78,0,0
76662,152,144,8,8
76663,72,66,6,6
76664,65,63,2,2
76665,71,68,3,3
76666,134,126,8,8
76667,104,96,8,8
76668,54,59,-5,5
76669,133,113,20,20
76670,99,80,19,19
76671,69,69,0,0
76672,169,154,15,15
76673,94,91,3,3
76674,106,101,5,5
76675,86,84,2,2
76676,107,95,12,12
76677,52,56,-4,4
76678,71,72,-1,1
76679,87,77,10,10
76680,155,149,6,6
76681,58,59,-1,1
76682,144,123,21,21
76683,111,98,13,13
76684,90,84,6,6
76685,74,62,12,12
76686,100,87,13,13
76687,112,101,11,11
76688,117,108,9,9
76689,48,85,-37,37
76690,107,88,19,19
76691,144,130,14,14
76692,86,73,13,13
76693,101,90,11,11
76694,94,87,7,7
76695,129,106,23,23
76696,132,122,10,10
76697,61,61,0,0
76698,103,101,2,2
76699,104,91,13,13
76700,135,109,26,26
76701,76,77,-1,1
76702,112,107,5,5
76703,114,92,22,22
76704,69,61,8,8
76705,92,78,14,14
76706,80,79,1,1
76707,139,118,21,21
76708,76,69,7,7
76709,71,63,8,8
76710,100,94,6,6
76711,106,90,16,16
76712,145,128,17,17
76713,76,81,-5,5
76714,92,93,-1,1
76715,49,49,0,0
76716,110,99,11,11
76717,92,88,4,4
76718,173,137,36,36
76719,98,92,6,6
76720,175,140,35,35
76721,75,79,-4,4
76722,103,85,18,18
76723,111,119,-8,8
76724,215,191,24,24
76725,131,114,17,17
76726,67,71,-4,4
76727,127,127,0,0
76728,72,71,1,1
76729,43,64,-21,21
76730,65,61,4,4
76731,69,64,5,5
76732,149,144,5,5
76733,75,64,11,11
76734,81,78,3,3
76735,76,64,12,12
76736,53,60,-7,7
76737,79,82,-3,3
76738,152,130,22,22
76739,97,92,5,5
76740,48,50,-2,2
76741,107,101,6,6
76742,118,110,8,8
76743,78,72,6,6
76744,98,84,14,14
76745,121,106,15,15
76746,108,93,15,15
76747,59,55,4,4
76748,95,93,2,2
76749,98,91,7,7
76750,71,64,7,7
76751,76,71,5,5
76752,100,101,-1,1
76753,70,64,6,6
76754,71,60,11,11
76755,94,73,21,21
76756,86,83,3,3
76757,102,97,5,5
76758,106,96,10,10
76759,74,78,-4,4
76760,49,55,-6,6
76761,103,90,13,13
76762,70,70,0,0
76763,168,155,13,13
76764,66,68,-2,2
76765,128,122,6,6
76766,110,100,10,10
76767,82,70,12,12
76768,92,79,13,13
76769,187,165,22,22
76770,101,109,-8,8
76771,47,48,-1,1
76772,72,68,4,4
76773,77,74,3,3
76774,30,33,-3,3
76775,124,116,8,8
76776,218,174,44,44
76777,110,105,5,5
76778,106,102,4,4
76779,133,111,22,22
76780,88,74,14,14
76781,58,55,3,3
76782,184,152,32,32
76783,152,121,31,31
76784,87,86,1,1
76785,167,143,24,24
76786,93,93,0,0
76787,130,102,28,28
76788,96,80,16,16
76789,119,114,5,5
76790,81,78,3,3
76791,52,51,1,1
76792,66,60,6,6
76793,102,101,1,1
76794,76,68,8,8
76795,117,97,20,20
76796,98,88,10,10
76797,81,79,2,2
76798,99,98,1,1
76799,81,72,9,9
76800,64,68,-4,4
76801,139,130,9,9
76802,84,80,4,4
76803,68,64,4,4
76804,42,42,0,0
76805,73,62,11,11
76806,158,114,44,44
76807,101,97,4,4
76808,122,107,15,15
76809,76,80,-4,4
76810,129,142,-13,13
76811,99,83,16,16
76812,71,63,8,8
76813,80,76,4,4
76814,141,119,22,22
76815,48,50,-2,2
76816,146,125,21,21
76817,83,81,2,2
76818,102,94,8,8
76819,87,83,4,4
76820,83,72,11,11
76821,63,69,-6,6
76822,89,83,6,6
76823,142,120,22,22
76824,90,92,-2,2
76825,97,87,10,10
76826,130,114,16,16
76827,88,78,10,10
76828,146,137,9,9
76829,118,100,18,18
76830,124,110,14,14
76831,108,111,-3,3
76832,53,56,-3,3
76833,78,76,2,2
76834,54,55,-1,1
76835,121,103,18,18
76836,105,108,-3,3
76837,47,59,-12,12
76838,58,53,5,5
76839,126,107,19,19
76840,165,136,29,29
76841,118,103,15,15
76842,54,55,-1,1
76843,98,87,11,11
76844,39,34,5,5
76845,88,87,1,1
76846,85,84,1,1
76847,92,94,-2,2
76848,101,97,4,4
76849,69,74,-5,5
76850,70,62,8,8
76851,57,83,-26,26
76852,89,83,6,6
76853,165,147,18,18
76854,88,85,3,3
76855,142,123,19,19
76856,109,106,3,3
76857,105,97,8,8
76858,94,91,3,3
76859,124,111,13,13
76860,119,106,13,13
76861,41,43,-2,2
76862,102,93,9,9
76863,90,70,20,20
76864,126,117,9,9
76865,59,70,-11,11
76866,74,69,5,5
76867,104,102,2,2
76868,101,90,11,11
76869,102,92,10,10
76870,123,114,9,9
76871,90,81,9,9
76872,85,75,10,10
76873,85,88,-3,3
76874,57,54,3,3
76875,73,71,2,2
76876,73,74,-1,1
76877,106,103,3,3
76878,47,45,2,2
76879,91,91,0,0
76880,93,77,16,16
76881,63,65,-2,2
76882,80,74,6,6
76883,71,67,4,4
76884,92,82,10,10
76885,125,110,15,15
76886,82,88,-6,6
76887,97,95,2,2
76888,59,52,7,7
76889,125,125,0,0
76890,115,98,17,17
76891,103,93,10,10
76892,97,91,6,6
76893,89,84,5,5
76894,78,74,4,4
76895,159,135,24,24
76896,117,115,2,2
76897,100,87,13,13
76898,104,97,7,7
76899,97,100,-3,3
76900,114,97,17,17
76901,118,117,1,1
76902,99,78,21,21
76903,98,86,12,12
76904,114,107,7,7
76905,99,91,8,8
76906,95,88,7,7
76907,68,72,-4,4
76908,119,106,13,13
76909,125,107,18,18
76910,74,73,1,1
76911,97,84,13,13
76912,101,92,9,9
76913,157,142,15,15
76914,141,122,19,19
76915,132,126,6,6
76916,104,97,7,7
76917,85,82,3,3
76918,110,102,8,8
76919,91,93,-2,2
76920,53,51,2,2
76921,81,76,5,5
76922,78,76,2,2
76923,79,86,-7,7
76924,73,70,3,3
76925,81,79,2,2
76926,89,80,9,9
76927,78,72,6,6
76928,122,100,22,22
76929,64,65,-1,1
76930,52,51,1,1
76931,87,86,1,1
76932,134,123,11,11
76933,104,90,14,14
76934,116,113,3,3
76935,102,99,3,3
76936,160,130,30,30
76937,83,72,11,11
76938,159,154,5,5
76939,130,126,4,4
76940,92,83,9,9
76941,95,84,11,11
76942,179,171,8,8
76943,132,104,28,28
76944,53,53,0,0
76945,100,91,9,9
76946,105,89,16,16
76947,77,74,3,3
76948,115,105,10,10
76949,126,117,9,9
76950,91,89,2,2
76951,79,77,2,2
76952,40,47,-7,7
76953,128,114,14,14
76954,145,128,17,17
76955,153,132,21,21
76956,81,72,9,9
76957,113,113,0,0
76958,138,112,26,26
76959,100,97,3,3
76960,77,67,10,10
76961,71,71,0,0
76962,110,105,5,5
76963,118,106,12,12
76964,137,129,8,8
76965,94,88,6,6
76966,65,62,3,3
76967,52,68,-16,16
76968,74,73,1,1
76969,68,59,9,9
76970,101,96,5,5
76971,104,93,11,11
76972,138,119,19,19
76973,71,68,3,3
76974,140,115,25,25
76975,83,77,6,6
76976,91,85,6,6
76977,125,108,17,17
76978,77,79,-2,2
76979,63,56,7,7
76980,116,103,13,13
76981,102,94,8,8
76982,121,120,1,1
76983,116,105,11,11
76984,181,164,17,17
76985,112,113,-1,1
76986,151,146,5,5
76987,127,113,14,14
76988,87,80,7,7
76989,123,113,10,10
76990,74,82,-8,8
76991,161,143,18,18
76992,48,50,-2,2
76993,207,181,26,26
76994,124,116,8,8
76995,91,93,-2,2
76996,104,95,9,9
76997,118,114,4,4
76998,112,102,10,10
76999,70,66,4,4
77000,76,66,10,10
77001,133,114,19,19
77002,79,69,10,10
77003,56,63,-7,7
77004,111,123,-12,12
77005,48,53,-5,5
77006,80,65,15,15
77007,144,129,15,15
77008,39,35,4,4
77009,91,87,4,4
77010,97,90,7,7
77011,93,81,12,12
77012,142,124,18,18
77013,116,103,13,13
77014,86,86,0,0
77015,128,122,6,6
77016,101,103,-2,2
77017,53,55,-2,2
77018,153,134,19,19
77019,69,75,-6,6
77020,101,89,12,12
77021,146,135,11,11
77022,107,98,9,9
77023,86,82,4,4
77024,44,50,-6,6
77025,64,67,-3,3
77026,90,68,22,22
77027,69,69,0,0
77028,78,88,-10,10
77029,141,127,14,14
77030,54,50,4,4
77031,61,54,7,7
77032,140,116,24,24
77033,158,123,35,35
77034,96,86,10,10
77035,159,142,17,17
77036,155,122,33,33
77037,152,131,21,21
77038,62,53,9,9
77039,84,73,11,11
77040,197,174,23,23
77041,123,112,11,11
77042,80,78,2,2
77043,25,31,-6,6
77044,140,132,8,8
77045,65,71,-6,6
77046,67,91,-24,24
77047,62,64,-2,2
77048,71,67,4,4
77049,138,126,12,12
77050,73,70,3,3
77051,84,82,2,2
77052,227,185,42,42
77053,97,85,12,12
77054,47,49,-2,2
77055,74,75,-1,1
77056,75,76,-1,1
77057,64,64,0,0
77058,107,100,7,7
77059,60,57,3,3
77060,70,68,2,2
77061,117,93,24,24
77062,110,108,2,2
77063,118,109,9,9
77064,86,78,8,8
77065,61,67,-6,6
77066,72,68,4,4
77067,153,130,23,23
77068,92,90,2,2
77069,117,110,7,7
77070,79,74,5,5
77071,111,94,17,17
77072,48,50,-2,2
77073,71,61,10,10
77074,100,92,8,8
77075,90,78,12,12
77076,67,68,-1,1
77077,111,102,9,9
77078,68,63,5,5
77079,113,98,15,15
77080,78,85,-7,7
77081,94,87,7,7
77082,86,85,1,1
77083,131,120,11,11
77084,142,117,25,25
77085,83,85,-2,2
77086,62,75,-13,13
77087,74,62,12,12
77088,143,126,17,17
77089,163,150,13,13
77090,78,71,7,7
77091,42,39,3,3
77092,69,66,3,3
77093,68,65,3,3
77094,132,115,17,17
77095,59,55,4,4
77096,107,98,9,9
77097,107,102,5,5
77098,49,49,0,0
77099,114,104,10,10
77100,87,80,7,7
77101,103,77,26,26
77102,122,105,17,17
77103,114,106,8,8
77104,172,147,25,25
77105,69,70,-1,1
77106,57,61,-4,4
77107,108,101,7,7
77108,80,92,-12,12
77109,70,70,0,0
77110,126,116,10,10
77111,102,89,13,13
77112,45,51,-6,6
77113,72,67,5,5
77114,174,146,28,28
77115,101,99,2,2
77116,53,51,2,2
77117,71,66,5,5
77118,157,155,2,2
77119,139,120,19,19
77120,116,96,20,20
77121,86,72,14,14
77122,96,82,14,14
77123,107,102,5,5
77124,98,100,-2,2
77125,89,87,2,2
77126,117,117,0,0
77127,108,101,7,7
77128,54,53,1,1
77129,116,110,6,6
77130,111,103,8,8
77131,139,132,7,7
77132,74,69,5,5
77133,117,113,4,4
77134,106,105,1,1
77135,158,128,30,30
77136,97,91,6,6
77137,70,62,8,8
77138,106,101,5,5
77139,82,73,9,9
77140,141,117,24,24
77141,132,117,15,15
77142,114,97,17,17
77143,145,126,19,19
77144,56,57,-1,1
77145,109,90,19,19
77146,131,109,22,22
77147,154,110,44,44
77148,73,66,7,7
77149,63,68,-5,5
77150,134,136,-2,2
77151,91,78,13,13
77152,127,109,18,18
77153,42,46,-4,4
77154,101,98,3,3
77155,52,50,2,2
77156,143,134,9,9
77157,92,81,11,11
77158,84,75,9,9
77159,101,107,-6,6
77160,117,109,8,8
77161,85,79,6,6
77162,52,56,-4,4
77163,74,63,11,11
77164,78,63,15,15
77165,64,62,2,2
77166,90,87,3,3
77167,59,62,-3,3
77168,53,60,-7,7
77169,94,91,3,3
77170,77,73,4,4
77171,108,87,21,21
77172,138,120,18,18
77173,83,81,2,2
77174,150,122,28,28
77175,108,97,11,11
77176,64,64,0,0
77177,101,105,-4,4
77178,92,81,11,11
77179,150,131,19,19
77180,133,122,11,11
77181,42,48,-6,6
77182,43,49,-6,6
77183,63,60,3,3
77184,82,81,1,1
77185,56,51,5,5
77186,101,105,-4,4
77187,65,70,-5,5
77188,112,101,11,11
77189,50,51,-1,1
77190,130,113,17,17
77191,88,92,-4,4
77192,74,65,9,9
77193,129,123,6,6
77194,57,64,-7,7
77195,110,101,9,9
77196,99,96,3,3
77197,77,67,10,10
77198,117,106,11,11
77199,107,93,14,14
77200,62,55,7,7
77201,75,77,-2,2
77202,97,98,-1,1
77203,54,61,-7,7
77204,80,73,7,7
77205,84,77,7,7
77206,52,51,1,1
77207,106,100,6,6
77208,99,106,-7,7
77209,92,83,9,9
77210,53,57,-4,4
77211,135,123,12,12
77212,116,92,24,24
77213,96,94,2,2
77214,116,104,12,12
77215,90,82,8,8
77216,187,144,43,43
77217,55,87,-32,32
77218,48,46,2,2
77219,77,77,0,0
77220,74,73,1,1
77221,97,100,-3,3
77222,159,142,17,17
77223,127,114,13,13
77224,83,79,4,4
77225,67,66,1,1
77226,103,88,15,15
77227,68,56,12,12
77228,75,68,7,7
77229,88,82,6,6
77230,82,102,-20,20
77231,128,109,19,19
77232,177,149,28,28
77233,140,121,19,19
77234,108,85,23,23
77235,59,51,8,8
77236,97,92,5,5
77237,105,97,8,8
77238,59,58,1,1
77239,74,70,4,4
77240,63,57,6,6
77241,53,52,1,1
77242,67,66,1,1
77243,88,80,8,8
77244,116,106,10,10
77245,141,130,11,11
77246,123,115,8,8
77247,111,104,7,7
77248,89,82,7,7
77249,112,104,8,8
77250,118,107,11,11
77251,51,54,-3,3
77252,165,141,24,24
77253,70,72,-2,2
77254,92,78,14,14
77255,156,123,33,33
77256,160,130,30,30
77257,64,64,0,0
77258,137,127,10,10
77259,93,83,10,10
77260,124,117,7,7
77261,77,75,2,2
77262,128,116,12,12
77263,79,64,15,15
77264,61,67,-6,6
77265,112,96,16,16
77266,45,44,1,1
77267,67,62,5,5
77268,126,116,10,10
77269,92,83,9,9
77270,74,74,0,0
77271,67,72,-5,5
77272,105,95,10,10
77273,167,155,12,12
77274,131,118,13,13
77275,84,119,-35,35
77276,110,113,-3,3
77277,72,74,-2,2
77278,71,100,-29,29
77279,115,109,6,6
77280,159,141,18,18
77281,82,88,-6,6
77282,100,105,-5,5
77283,70,61,9,9
77284,104,99,5,5
77285,49,45,4,4
77286,104,99,5,5
77287,101,99,2,2
77288,66,69,-3,3
77289,87,82,5,5
77290,85,86,-1,1
77291,124,123,1,1
77292,121,103,18,18
77293,97,85,12,12
77294,63,58,5,5
77295,93,90,3,3
77296,79,70,9,9
77297,49,49,0,0
77298,95,88,7,7
77299,76,76,0,0
77300,133,122,11,11
77301,66,65,1,1
77302,85,86,-1,1
77303,228,243,-15,15
77304,124,121,3,3
77305,90,78,12,12
77306,95,87,8,8
77307,54,57,-3,3
77308,82,90,-8,8
77309,155,130,25,25
77310,173,152,21,21
77311,171,143,28,28
77312,42,52,-10,10
77313,141,129,12,12
77314,92,82,10,10
77315,94,84,10,10
77316,82,82,0,0
77317,132,115,17,17
77318,124,108,16,16
77319,94,85,9,9
77320,60,58,2,2
77321,58,61,-3,3
77322,102,101,1,1
77323,112,101,11,11
77324,121,109,12,12
77325,133,128,5,5
77326,54,65,-11,11
77327,105,104,1,1
77328,82,81,1,1
77329,104,90,14,14
77330,91,81,10,10
77331,103,101,2,2
77332,96,98,-2,2
77333,147,147,0,0
77334,95,91,4,4
77335,111,110,1,1
77336,106,101,5,5
77337,59,56,3,3
77338,77,72,5,5
77339,97,79,18,18
77340,73,56,17,17
77341,105,91,14,14
77342,122,106,16,16
77343,55,60,-5,5
77344,108,102,6,6
77345,59,53,6,6
77346,124,116,8,8
77347,116,113,3,3
77348,100,87,13,13
77349,76,75,1,1
77350,102,88,14,14
77351,95,94,1,1
77352,138,119,19,19
77353,119,110,9,9
77354,78,76,2,2
77355,108,102,6,6
77356,34,35,-1,1
77357,105,100,5,5
77358,120,105,15,15
77359,91,85,6,6
77360,103,106,-3,3
77361,75,69,6,6
77362,176,145,31,31
77363,85,75,10,10
77364,75,70,5,5
77365,103,98,5,5
77366,81,80,1,1
77367,105,106,-1,1
77368,50,56,-6,6
77369,118,107,11,11
77370,163,145,18,18
77371,137,119,18,18
77372,167,154,13,13
77373,116,106,10,10
77374,52,54,-2,2
77375,115,101,14,14
77376,188,176,12,12
77377,187,160,27,27
77378,84,76,8,8
77379,124,111,13,13
77380,95,89,6,6
77381,79,83,-4,4
77382,72,60,12,12
77383,68,64,4,4
77384,116,107,9,9
77385,83,96,-13,13
77386,94,83,11,11
77387,63,62,1,1
77388,200,186,14,14
77389,61,61,0,0
77390,148,127,21,21
77391,56,57,-1,1
77392,110,103,7,7
77393,94,93,1,1
77394,59,68,-9,9
77395,76,67,9,9
77396,67,70,-3,3
77397,102,100,2,2
77398,165,137,28,28
77399,79,75,4,4
77400,74,65,9,9
77401,136,118,18,18
77402,116,100,16,16
77403,95,94,1,1
77404,112,102,10,10
77405,65,67,-2,2
77406,43,43,0,0
77407,92,84,8,8
77408,48,52,-4,4
77409,75,72,3,3
77410,118,109,9,9
77411,99,90,9,9
77412,101,90,11,11
77413,41,62,-21,21
77414,78,79,-1,1
77415,129,105,24,24
77416,109,106,3,3
77417,81,72,9,9
77418,167,146,21,21
77419,55,77,-22,22
77420,202,168,34,34
77421,118,105,13,13
77422,122,115,7,7
77423,67,63,4,4
77424,67,63,4,4
77425,54,53,1,1
77426,54,59,-5,5
77427,89,87,2,2
77428,107,96,11,11
77429,94,88,6,6
77430,72,63,9,9
77431,127,120,7,7
77432,84,90,-6,6
77433,64,62,2,2
77434,96,91,5,5
77435,116,104,12,12
77436,127,118,9,9
77437,128,111,17,17
77438,118,121,-3,3
77439,62,62,0,0
77440,73,64,9,9
77441,36,34,2,2
77442,165,132,33,33
77443,100,99,1,1
77444,65,66,-1,1
77445,75,75,0,0
77446,75,83,-8,8
77447,97,96,1,1
77448,93,98,-5,5
77449,57,60,-3,3
77450,59,55,4,4
77451,85,77,8,8
77452,99,104,-5,5
77453,87,84,3,3
77454,102,104,-2,2
77455,75,76,-1,1
77456,92,86,6,6
77457,79,83,-4,4
77458,50,57,-7,7
77459,48,54,-6,6
77460,217,172,45,45
77461,132,113,19,19
77462,101,93,8,8
77463,82,77,5,5
77464,116,110,6,6
77465,112,95,17,17
77466,66,75,-9,9
77467,81,82,-1,1
77468,56,56,0,0
77469,97,83,14,14
77470,84,72,12,12
77471,37,41,-4,4
77472,74,68,6,6
77473,127,115,12,12
77474,54,54,0,0
77475,80,73,7,7
77476,57,51,6,6
77477,106,77,29,29
77478,91,85,6,6
77479,103,98,5,5
77480,114,93,21,21
77481,131,118,13,13
77482,85,76,9,9
77483,85,82,3,3
77484,93,89,4,4
77485,74,61,13,13
77486,88,86,2,2
77487,52,50,2,2
77488,41,34,7,7
77489,82,78,4,4
77490,112,102,10,10
77491,67,59,8,8
77492,69,74,-5,5
77493,150,128,22,22
77494,93,90,3,3
77495,63,57,6,6
77496,95,80,15,15
77497,46,50,-4,4
77498,72,67,5,5
77499,77,77,0,0
77500,87,84,3,3
77501,121,114,7,7
77502,149,127,22,22
77503,82,67,15,15
77504,57,51,6,6
77505,127,105,22,22
77506,103,88,15,15
77507,96,89,7,7
77508,82,73,9,9
77509,161,142,19,19
77510,133,119,14,14
77511,73,66,7,7
77512,71,59,12,12
77513,168,156,12,12
77514,137,125,12,12
77515,72,66,6,6
77516,77,77,0,0
77517,114,107,7,7
77518,115,104,11,11
77519,70,64,6,6
77520,78,78,0,0
77521,118,111,7,7
77522,88,79,9,9
77523,81,73,8,8
77524,118,111,7,7
77525,60,52,8,8
77526,98,93,5,5
77527,99,81,18,18
77528,55,54,1,1
77529,100,90,10,10
77530,75,74,1,1
77531,77,67,10,10
77532,139,131,8,8
77533,99,84,15,15
77534,106,101,5,5
77535,92,93,-1,1
77536,87,82,5,5
77537,55,60,-5,5
77538,89,91,-2,2
77539,106,104,2,2
77540,161,152,9,9
77541,72,71,1,1
77542,119,99,20,20
77543,90,77,13,13
77544,110,99,11,11
77545,51,53,-2,2
77546,63,64,-1,1
77547,42,44,-2,2
77548,85,74,11,11
77549,144,127,17,17
77550,69,72,-3,3
77551,43,46,-3,3
77552,94,93,1,1
77553,178,172,6,6
77554,80,75,5,5
77555,65,64,1,1
77556,62,61,1,1
77557,62,58,4,4
77558,144,136,8,8
77559,102,93,9,9
77560,104,95,9,9
77561,45,52,-7,7
77562,57,57,0,0
77563,132,103,29,29
77564,105,92,13,13
77565,99,92,7,7
77566,60,68,-8,8
77567,72,72,0,0
77568,122,117,5,5
77569,141,129,12,12
77570,94,84,10,10
77571,89,91,-2,2
77572,43,51,-8,8
77573,160,138,22,22
77574,84,71,13,13
77575,84,75,9,9
77576,90,88,2,2
77577,68,64,4,4
77578,189,166,23,23
77579,77,83,-6,6
77580,59,61,-2,2
77581,139,130,9,9
77582,98,90,8,8
77583,147,127,20,20
77584,158,124,34,34
77585,97,87,10,10
77586,109,103,6,6
77587,112,101,11,11
77588,74,69,5,5
77589,155,132,23,23
77590,75,70,5,5
77591,129,111,18,18
77592,189,170,19,19
77593,98,95,3,3
77594,68,69,-1,1
77595,100,94,6,6
77596,136,113,23,23
77597,144,129,15,15
77598,123,117,6,6
77599,60,56,4,4
77600,131,115,16,16
77601,74,74,0,0
77602,148,110,38,38
77603,112,97,15,15
77604,60,65,-5,5
77605,89,79,10,10
77606,83,84,-1,1
77607,100,86,14,14
77608,70,68,2,2
77609,119,117,2,2
77610,52,58,-6,6
77611,72,69,3,3
77612,127,116,11,11
77613,82,78,4,4
77614,65,59,6,6
77615,75,65,10,10
77616,65,63,2,2
77617,80,92,-12,12
77618,95,111,-16,16
77619,74,75,-1,1
77620,107,97,10,10
77621,63,64,-1,1
77622,117,105,12,12
77623,83,69,14,14
77624,74,65,9,9
77625,56,51,5,5
77626,143,133,10,10
77627,61,67,-6,6
77628,92,90,2,2
77629,147,146,1,1
77630,68,75,-7,7
77631,95,87,8,8
77632,80,80,0,0
77633,129,111,18,18
77634,133,134,-1,1
77635,47,47,0,0
77636,65,55,10,10
77637,85,77,8,8
77638,100,89,11,11
77639,113,102,11,11
77640,104,92,12,12
77641,70,66,4,4
77642,16,31,-15,15
77643,102,90,12,12
77644,125,106,19,19
77645,83,78,5,5
77646,114,92,22,22
77647,150,136,14,14
77648,164,140,24,24
77649,97,90,7,7
77650,71,65,6,6
77651,78,73,5,5
77652,128,115,13,13
77653,111,96,15,15
77654,78,70,8,8
77655,83,78,5,5
77656,84,74,10,10
77657,81,78,3,3
77658,103,107,-4,4
77659,91,90,1,1
77660,79,74,5,5
77661,84,81,3,3
77662,143,111,32,32
77663,97,86,11,11
77664,85,79,6,6
77665,120,102,18,18
77666,88,94,-6,6
77667,114,93,21,21
77668,116,102,14,14
77669,72,76,-4,4
77670,101,90,11,11
77671,129,119,10,10
77672,119,99,20,20
77673,86,82,4,4
77674,75,78,-3,3
77675,76,68,8,8
77676,84,72,12,12
77677,75,73,2,2
77678,124,113,11,11
77679,177,175,2,2
77680,75,71,4,4
77681,117,110,7,7
77682,99,120,-21,21
77683,50,50,0,0
77684,70,78,-8,8
77685,115,103,12,12
77686,60,57,3,3
77687,96,87,9,9
77688,142,130,12,12
77689,87,76,11,11
77690,112,106,6,6
77691,116,95,21,21
77692,56,57,-1,1
77693,158,145,13,13
77694,188,165,23,23
77695,181,153,28,28
77696,104,85,19,19
77697,159,143,16,16
77698,122,121,1,1
77699,69,71,-2,2
77700,105,91,14,14
77701,84,86,-2,2
77702,80,76,4,4
77703,62,54,8,8
77704,75,68,7,7
77705,72,75,-3,3
77706,86,77,9,9
77707,99,103,-4,4
77708,59,57,2,2
77709,104,90,14,14
77710,78,74,4,4
77711,97,94,3,3
77712,129,114,15,15
77713,64,70,-6,6
77714,105,93,12,12
77715,93,80,13,13
77716,92,86,6,6
77717,40,39,1,1
77718,98,97,1,1
77719,132,123,9,9
77720,67,72,-5,5
77721,51,78,-27,27
77722,81,87,-6,6
77723,142,133,9,9
77724,145,126,19,19
77725,72,63,9,9
77726,102,93,9,9
77727,87,78,9,9
77728,111,101,10,10
77729,80,72,8,8
77730,85,78,7,7
77731,144,122,22,22
77732,66,72,-6,6
77733,98,86,12,12
77734,91,87,4,4
77735,61,62,-1,1
77736,46,52,-6,6
77737,89,90,-1,1
77738,105,89,16,16
77739,102,86,16,16
77740,100,95,5,5
77741,58,63,-5,5
77742,116,107,9,9
77743,73,73,0,0
77744,96,88,8,8
77745,89,81,8,8
77746,79,78,1,1
77747,74,70,4,4
77748,100,83,17,17
77749,35,50,-15,15
77750,49,50,-1,1
77751,79,73,6,6
77752,102,87,15,15
77753,104,79,25,25
77754,198,160,38,38
77755,136,117,19,19
77756,62,68,-6,6
77757,100,94,6,6
77758,89,83,6,6
77759,131,118,13,13
77760,82,77,5,5
77761,157,137,20,20
77762,71,68,3,3
77763,54,51,3,3
77764,115,113,2,2
77765,80,76,4,4
77766,69,63,6,6
77767,80,70,10,10
77768,89,84,5,5
77769,91,84,7,7
77770,171,134,37,37
77771,86,79,7,7
77772,120,111,9,9
77773,72,70,2,2
77774,67,61,6,6
77775,122,130,-8,8
77776,71,69,2,2
77777,119,109,10,10
77778,80,75,5,5
77779,110,94,16,16
77780,47,51,-4,4
77781,193,160,33,33
77782,80,73,7,7
77783,52,56,-4,4
77784,61,59,2,2
77785,90,88,2,2
77786,85,79,6,6
77787,74,71,3,3
77788,85,80,5,5
77789,125,135,-10,10
77790,150,130,20,20
77791,89,83,6,6
77792,93,85,8,8
77793,131,123,8,8
77794,66,66,0,0
77795,78,72,6,6
77796,151,139,12,12
77797,91,87,4,4
77798,75,78,-3,3
77799,39,39,0,0
77800,54,51,3,3
77801,106,93,13,13
77802,128,121,7,7
77803,49,55,-6,6
77804,124,113,11,11
77805,76,72,4,4
77806,89,79,10,10
77807,48,41,7,7
77808,135,140,-5,5
77809,108,102,6,6
77810,113,96,17,17
77811,97,92,5,5
77812,155,142,13,13
77813,154,131,23,23
77814,118,98,20,20
77815,87,76,11,11
77816,56,59,-3,3
77817,56,70,-14,14
77818,70,75,-5,5
77819,45,51,-6,6
77820,49,68,-19,19
77821,91,76,15,15
77822,76,68,8,8
77823,81,95,-14,14
77824,121,113,8,8
77825,109,100,9,9
77826,72,74,-2,2
77827,75,72,3,3
77828,35,43,-8,8
77829,90,89,1,1
77830,132,118,14,14
77831,140,142,-2,2
77832,75,76,-1,1
77833,76,70,6,6
77834,111,123,-12,12
77835,92,93,-1,1
77836,120,123,-3,3
77837,119,108,11,11
77838,78,80,-2,2
77839,86,78,8,8
77840,60,64,-4,4
77841,158,134,24,24
77842,94,82,12,12
77843,126,112,14,14
77844,112,93,19,19
77845,112,98,14,14
77846,73,73,0,0
77847,94,91,3,3
77848,133,116,17,17
77849,70,64,6,6
77850,83,73,10,10
77851,117,109,8,8
77852,104,95,9,9
77853,109,98,11,11
77854,173,138,35,35
77855,55,67,-12,12
77856,46,51,-5,5
77857,36,39,-3,3
77858,76,74,2,2
77859,136,120,16,16
77860,102,93,9,9
77861,110,100,10,10
77862,94,84,10,10
77863,80,76,4,4
77864,149,129,20,20
77865,249,213,36,36
77866,150,142,8,8
77867,49,54,-5,5
77868,58,54,4,4
77869,54,51,3,3
77870,83,67,16,16
77871,119,100,19,19
77872,58,61,-3,3
77873,123,104,19,19
77874,125,108,17,17
77875,115,113,2,2
77876,74,80,-6,6
77877,71,63,8,8
77878,162,131,31,31
77879,96,93,3,3
77880,63,57,6,6
77881,87,87,0,0
77882,74,62,12,12
77883,70,83,-13,13
77884,114,109,5,5
77885,72,65,7,7
77886,58,64,-6,6
77887,117,102,15,15
77888,77,92,-15,15
77889,57,63,-6,6
77890,142,125,17,17
77891,57,63,-6,6
77892,77,72,5,5
77893,100,112,-12,12
77894,92,102,-10,10
77895,53,57,-4,4
77896,98,84,14,14
77897,96,89,7,7
77898,67,61,6,6
77899,69,66,3,3
77900,108,101,7,7
77901,97,84,13,13
77902,75,68,7,7
77903,97,93,4,4
77904,127,109,18,18
77905,87,79,8,8
77906,86,78,8,8
77907,84,71,13,13
77908,86,81,5,5
77909,88,80,8,8
77910,97,91,6,6
77911,86,80,6,6
77912,79,81,-2,2
77913,183,163,20,20
77914,97,91,6,6
77915,136,121,15,15
77916,78,76,2,2
77917,128,117,11,11
77918,116,103,13,13
77919,167,149,18,18
77920,143,142,1,1
77921,72,72,0,0
77922,101,93,8,8
77923,89,85,4,4
77924,63,57,6,6
77925,136,119,17,17
77926,129,118,11,11
77927,77,75,2,2
77928,70,75,-5,5
77929,114,101,13,13
77930,100,105,-5,5
77931,133,115,18,18
77932,130,118,12,12
77933,64,58,6,6
77934,105,93,12,12
77935,171,143,28,28
77936,120,105,15,15
77937,95,89,6,6
77938,72,71,1,1
77939,75,68,7,7
77940,110,91,19,19
77941,119,103,16,16
77942,184,158,26,26
77943,132,117,15,15
77944,128,125,3,3
77945,78,88,-10,10
77946,124,114,10,10
77947,123,117,6,6
77948,105,88,17,17
77949,51,60,-9,9
77950,89,96,-7,7
77951,58,60,-2,2
77952,112,99,13,13
77953,97,88,9,9
77954,95,90,5,5
77955,79,74,5,5
77956,85,79,6,6
77957,135,110,25,25
77958,127,124,3,3
77959,95,79,16,16
77960,141,135,6,6
77961,76,75,1,1
77962,63,61,2,2
77963,106,95,11,11
77964,95,82,13,13
77965,91,85,6,6
77966,147,132,15,15
77967,124,107,17,17
77968,88,74,14,14
77969,70,70,0,0
77970,80,86,-6,6
77971,41,43,-2,2
77972,59,55,4,4
77973,97,99,-2,2
77974,61,62,-1,1
77975,148,125,23,23
77976,106,91,15,15
77977,102,105,-3,3
77978,66,61,5,5
77979,75,67,8,8
77980,98,86,12,12
77981,58,54,4,4
77982,59,58,1,1
77983,53,51,2,2
77984,53,73,-20,20
77985,121,100,21,21
77986,101,82,19,19
77987,145,123,22,22
77988,57,57,0,0
77989,74,67,7,7
77990,65,63,2,2
77991,79,83,-4,4
77992,117,106,11,11
77993,65,63,2,2
77994,64,66,-2,2
77995,81,72,9,9
77996,125,99,26,26
77997,67,63,4,4
77998,69,68,1,1
77999,59,50,9,9
78000,126,111,15,15
78001,106,101,5,5
78002,63,62,1,1
78003,89,90,-1,1
78004,120,94,26,26
78005,97,93,4,4
78006,70,64,6,6
78007,116,113,3,3
78008,77,66,11,11
78009,49,51,-2,2
78010,71,63,8,8
78011,64,72,-8,8
78012,72,59,13,13
78013,128,105,23,23
78014,98,87,11,11
78015,66,67,-1,1
78016,112,107,5,5
78017,51,50,1,1
78018,85,77,8,8
78019,100,86,14,14
78020,92,82,10,10
78021,111,103,8,8
78022,100,111,-11,11
78023,96,88,8,8
78024,166,139,27,27
78025,137,134,3,3
78026,72,68,4,4
78027,115,110,5,5
78028,88,79,9,9
78029,91,87,4,4
78030,103,102,1,1
78031,47,53,-6,6
78032,86,88,-2,2
78033,136,116,20,20
78034,157,145,12,12
78035,124,114,10,10
78036,137,125,12,12
78037,101,95,6,6
78038,74,66,8,8
78039,85,72,13,13
78040,45,42,3,3
78041,168,146,22,22
78042,115,98,17,17
78043,116,120,-4,4
78044,84,84,0,0
78045,102,95,7,7
78046,59,69,-10,10
78047,106,103,3,3
78048,60,68,-8,8
78049,123,108,15,15
78050,85,71,14,14
78051,60,64,-4,4
78052,82,70,12,12
78053,160,134,26,26
78054,82,77,5,5
78055,83,81,2,2
78056,73,73,0,0
78057,113,108,5,5
78058,95,79,16,16
78059,100,88,12,12
78060,40,44,-4,4
78061,80,77,3,3
78062,110,99,11,11
78063,144,135,9,9
78064,115,98,17,17
78065,64,72,-8,8
78066,119,101,18,18
78067,102,99,3,3
78068,159,128,31,31
78069,104,92,12,12
78070,91,85,6,6
78071,133,122,11,11
78072,98,91,7,7
78073,96,97,-1,1
78074,134,118,16,16
78075,160,142,18,18
78076,59,67,-8,8
78077,74,74,0,0
78078,106,90,16,16
78079,64,59,5,5
78080,90,90,0,0
78081,67,64,3,3
78082,100,93,7,7
78083,68,66,2,2
78084,159,143,16,16
78085,87,83,4,4
78086,123,121,2,2
78087,78,73,5,5
78088,95,83,12,12
78089,56,67,-11,11
78090,102,97,5,5
78091,108,90,18,18
78092,73,66,7,7
78093,111,104,7,7
78094,137,122,15,15
78095,84,81,3,3
78096,89,77,12,12
78097,70,77,-7,7
78098,78,76,2,2
78099,152,137,15,15
78100,81,78,3,3
78101,49,51,-2,2
78102,69,68,1,1
78103,102,85,17,17
78104,62,61,1,1
78105,91,83,8,8
78106,72,52,20,20
78107,47,47,0,0
78108,184,149,35,35
78109,103,86,17,17
78110,69,71,-2,2
78111,51,56,-5,5
78112,120,121,-1,1
78113,105,80,25,25
78114,46,55,-9,9
78115,75,71,4,4
78116,71,65,6,6
78117,45,51,-6,6
78118,80,81,-1,1
78119,79,85,-6,6
78120,78,72,6,6
78121,62,66,-4,4
78122,86,78,8,8
78123,122,113,9,9
78124,101,87,14,14
78125,72,68,4,4
78126,141,129,12,12
78127,69,69,0,0
78128,93,83,10,10
78129,55,51,4,4
78130,121,108,13,13
78131,105,104,1,1
78132,99,81,18,18
78133,195,159,36,36
78134,76,72,4,4
78135,124,107,17,17
78136,100,79,21,21
78137,152,140,12,12
78138,108,98,10,10
78139,49,50,-1,1
78140,176,153,23,23
78141,104,174,-70,70
78142,81,65,16,16
78143,97,89,8,8
78144,58,57,1,1
78145,110,98,12,12
78146,55,60,-5,5
78147,69,65,4,4
78148,107,123,-16,16
78149,71,66,5,5
78150,88,83,5,5
78151,43,52,-9,9
78152,117,111,6,6
78153,81,67,14,14
78154,75,75,0,0
78155,108,100,8,8
78156,63,62,1,1
78157,74,74,0,0
78158,68,67,1,1
78159,62,61,1,1
78160,52,51,1,1
78161,78,81,-3,3
78162,108,109,-1,1
78163,188,149,39,39
78164,61,61,0,0
78165,77,70,7,7
78166,97,83,14,14
78167,67,56,11,11
78168,77,97,-20,20
78169,91,87,4,4
78170,69,67,2,2
78171,131,123,8,8
78172,56,53,3,3
78173,49,55,-6,6
78174,126,115,11,11
78175,114,103,11,11
78176,90,87,3,3
78177,75,79,-4,4
78178,83,72,11,11
78179,92,94,-2,2
78180,83,80,3,3
78181,89,74,15,15
78182,85,78,7,7
78183,70,63,7,7
78184,108,97,11,11
78185,71,71,0,0
78186,68,61,7,7
78187,70,69,1,1
78188,107,102,5,5
78189,58,58,0,0
78190,51,52,-1,1
78191,55,62,-7,7
78192,161,150,11,11
78193,46,54,-8,8
78194,92,85,7,7
78195,154,137,17,17
78196,83,79,4,4
78197,128,115,13,13
78198,73,72,1,1
78199,87,81,6,6
78200,122,106,16,16
78201,108,86,22,22
78202,76,85,-9,9
78203,59,66,-7,7
78204,83,82,1,1
78205,92,88,4,4
78206,96,91,5,5
78207,105,89,16,16
78208,58,63,-5,5
78209,81,72,9,9
78210,110,93,17,17
78211,44,53,-9,9
78212,81,74,7,7
78213,63,66,-3,3
78214,78,74,4,4
78215,68,70,-2,2
78216,120,114,6,6
78217,181,155,26,26
78218,141,124,17,17
78219,178,153,25,25
78220,64,56,8,8
78221,72,72,0,0
78222,45,40,5,5
78223,143,119,24,24
78224,145,122,23,23
78225,111,104,7,7
78226,86,81,5,5
78227,125,123,2,2
78228,79,76,3,3
78229,67,70,-3,3
78230,173,148,25,25
78231,81,79,2,2
78232,88,89,-1,1
78233,63,63,0,0
78234,66,84,-18,18
78235,96,88,8,8
78236,100,73,27,27
78237,57,51,6,6
78238,125,106,19,19
78239,156,137,19,19
78240,125,110,15,15
78241,133,122,11,11
78242,66,64,2,2
78243,159,153,6,6
78244,44,59,-15,15
78245,67,60,7,7
78246,105,98,7,7
78247,77,74,3,3
78248,64,68,-4,4
78249,62,85,-23,23
78250,69,62,7,7
78251,163,142,21,21
78252,62,62,0,0
78253,50,50,0,0
78254,100,95,5,5
78255,108,94,14,14
78256,70,67,3,3
78257,97,87,10,10
78258,83,72,11,11
78259,137,134,3,3
78260,70,65,5,5
78261,122,93,29,29
78262,79,80,-1,1
78263,52,70,-18,18
78264,86,88,-2,2
78265,93,81,12,12
78266,93,100,-7,7
78267,62,62,0,0
78268,109,90,19,19
78269,107,103,4,4
78270,83,81,2,2
78271,57,58,-1,1
78272,61,63,-2,2
78273,43,50,-7,7
78274,156,130,26,26
78275,102,88,14,14
78276,56,64,-8,8
78277,199,161,38,38
78278,103,101,2,2
78279,77,75,2,2
78280,147,146,1,1
78281,99,103,-4,4
78282,74,101,-27,27
78283,71,63,8,8
78284,142,131,11,11
78285,72,63,9,9
78286,28,38,-10,10
78287,99,102,-3,3
78288,145,141,4,4
78289,51,51,0,0
78290,132,124,8,8
78291,102,94,8,8
78292,69,68,1,1
78293,142,129,13,13
78294,52,48,4,4
78295,87,86,1,1
78296,122,116,6,6
78297,93,95,-2,2
78298,85,85,0,0
78299,101,90,11,11
78300,88,86,2,2
78301,64,60,4,4
78302,131,118,13,13
78303,91,86,5,5
78304,174,143,31,31
78305,50,50,0,0
78306,78,80,-2,2
78307,76,77,-1,1
78308,118,107,11,11
78309,56,58,-2,2
78310,53,51,2,2
78311,98,97,1,1
78312,119,114,5,5
78313,133,120,13,13
78314,66,62,4,4
78315,117,116,1,1
78316,94,86,8,8
78317,79,79,0,0
78318,114,107,7,7
78319,96,80,16,16
78320,81,79,2,2
78321,83,82,1,1
78322,74,73,1,1
78323,89,82,7,7
78324,73,78,-5,5
78325,160,144,16,16
78326,120,104,16,16
78327,52,51,1,1
78328,127,120,7,7
78329,93,83,10,10
78330,108,110,-2,2
78331,95,90,5,5
78332,75,72,3,3
78333,124,103,21,21
78334,90,86,4,4
78335,101,98,3,3
78336,44,50,-6,6
78337,113,99,14,14
78338,64,71,-7,7
78339,135,121,14,14
78340,147,127,20,20
78341,112,109,3,3
78342,63,64,-1,1
78343,91,97,-6,6
78344,93,73,20,20
78345,116,104,12,12
78346,124,117,7,7
78347,127,124,3,3
78348,114,112,2,2
78349,137,106,31,31
78350,56,57,-1,1
78351,54,56,-2,2
78352,78,79,-1,1
78353,71,71,0,0
78354,72,70,2,2
78355,67,70,-3,3
78356,48,48,0,0
78357,115,125,-10,10
78358,53,54,-1,1
78359,95,87,8,8
78360,56,67,-11,11
78361,45,39,6,6
78362,209,178,31,31
78363,85,90,-5,5
78364,80,73,7,7
78365,139,130,9,9
78366,64,62,2,2
78367,83,82,1,1
78368,121,107,14,14
78369,102,103,-1,1
78370,94,85,9,9
78371,119,108,11,11
78372,59,62,-3,3
78373,61,83,-22,22
78374,74,68,6,6
78375,76,71,5,5
78376,91,88,3,3
78377,132,108,24,24
78378,54,56,-2,2
78379,74,70,4,4
78380,96,83,13,13
78381,60,65,-5,5
78382,91,91,0,0
78383,102,98,4,4
78384,131,120,11,11
78385,95,83,12,12
78386,35,32,3,3
78387,70,76,-6,6
78388,115,98,17,17
78389,63,63,0,0
78390,70,76,-6,6
78391,73,69,4,4
78392,79,76,3,3
78393,114,110,4,4
78394,75,82,-7,7
78395,103,95,8,8
78396,111,98,13,13
78397,110,107,3,3
78398,55,50,5,5
78399,89,91,-2,2
78400,53,61,-8,8
78401,114,96,18,18
78402,104,100,4,4
78403,45,49,-4,4
78404,122,108,14,14
78405,72,73,-1,1
78406,140,122,18,18
78407,132,109,23,23
78408,127,145,-18,18
78409,133,120,13,13
78410,66,62,4,4
78411,99,92,7,7
78412,112,104,8,8
78413,104,82,22,22
78414,143,129,14,14
78415,107,92,15,15
78416,122,114,8,8
78417,166,153,13,13
78418,169,152,17,17
78419,165,154,11,11
78420,147,116,31,31
78421,63,59,4,4
78422,71,73,-2,2
78423,59,55,4,4
78424,127,117,10,10
78425,168,141,27,27
78426,43,47,-4,4
78427,103,88,15,15
78428,109,95,14,14
78429,99,97,2,2
78430,71,68,3,3
78431,94,90,4,4
78432,104,93,11,11
78433,96,91,5,5
78434,85,75,10,10
78435,122,99,23,23
78436,85,81,4,4
78437,49,53,-4,4
78438,44,62,-18,18
78439,65,59,6,6
78440,78,76,2,2
78441,117,107,10,10
78442,103,89,14,14
78443,106,87,19,19
78444,97,96,1,1
78445,167,167,0,0
78446,50,52,-2,2
78447,134,116,18,18
78448,100,102,-2,2
78449,81,76,5,5
78450,108,106,2,2
78451,55,56,-1,1
78452,82,79,3,3
78453,94,104,-10,10
78454,94,83,11,11
78455,61,59,2,2
78456,141,128,13,13
78457,79,76,3,3
78458,71,77,-6,6
78459,48,52,-4,4
78460,140,131,9,9
78461,70,66,4,4
78462,63,60,3,3
78463,137,120,17,17
78464,40,41,-1,1
78465,103,92,11,11
78466,67,71,-4,4
78467,82,74,8,8
78468,119,114,5,5
78469,131,117,14,14
78470,77,88,-11,11
78471,98,88,10,10
78472,148,145,3,3
78473,91,81,10,10
78474,95,93,2,2
78475,60,55,5,5
78476,72,71,1,1
78477,123,109,14,14
78478,68,64,4,4
78479,124,119,5,5
78480,128,117,11,11
78481,114,110,4,4
78482,90,84,6,6
78483,108,102,6,6
78484,114,100,14,14
78485,33,51,-18,18
78486,95,90,5,5
78487,113,103,10,10
78488,57,57,0,0
78489,71,66,5,5
78490,110,90,20,20
78491,67,69,-2,2
78492,59,62,-3,3
78493,105,100,5,5
78494,132,114,18,18
78495,93,94,-1,1
78496,90,89,1,1
78497,134,115,19,19
78498,32,40,-8,8
78499,108,135,-27,27
78500,81,71,10,10
78501,94,89,5,5
78502,116,113,3,3
78503,131,117,14,14
78504,63,70,-7,7
78505,96,90,6,6
78506,71,62,9,9
78507,71,62,9,9
78508,79,83,-4,4
78509,115,104,11,11
78510,48,65,-17,17
78511,85,75,10,10
78512,113,99,14,14
78513,89,85,4,4
78514,131,119,12,12
78515,91,88,3,3
78516,72,65,7,7
78517,169,143,26,26
78518,133,125,8,8
78519,176,143,33,33
78520,118,114,4,4
78521,71,75,-4,4
78522,65,69,-4,4
78523,144,116,28,28
78524,72,80,-8,8
78525,70,71,-1,1
78526,70,68,2,2
78527,117,98,19,19
78528,97,89,8,8
78529,57,57,0,0
78530,61,77,-16,16
78531,80,74,6,6
78532,92,84,8,8
78533,85,85,0,0
78534,125,106,19,19
78535,90,93,-3,3
78536,80,72,8,8
78537,71,74,-3,3
78538,149,124,25,25
78539,69,63,6,6
78540,104,92,12,12
78541,95,86,9,9
78542,129,103,26,26
78543,144,117,27,27
78544,61,59,2,2
78545,130,110,20,20
78546,144,124,20,20
78547,39,43,-4,4
78548,114,104,10,10
78549,48,49,-1,1
78550,94,82,12,12
78551,92,81,11,11
78552,101,83,18,18
78553,79,80,-1,1
78554,113,95,18,18
78555,69,71,-2,2
78556,41,49,-8,8
78557,69,71,-2,2
78558,108,100,8,8
78559,66,64,2,2
78560,93,77,16,16
78561,86,75,11,11
78562,79,73,6,6
78563,80,83,-3,3
78564,87,75,12,12
78565,179,154,25,25
78566,67,58,9,9
78567,71,75,-4,4
78568,86,73,13,13
78569,92,90,2,2
78570,109,103,6,6
78571,45,51,-6,6
78572,84,80,4,4
78573,158,141,17,17
78574,92,80,12,12
78575,75,69,6,6
78576,84,78,6,6
78577,65,71,-6,6
78578,104,88,16,16
78579,44,43,1,1
78580,198,150,48,48
78581,124,108,16,16
78582,134,110,24,24
78583,122,104,18,18
78584,77,73,4,4
78585,103,93,10,10
78586,98,85,13,13
78587,59,52,7,7
78588,87,66,21,21
78589,74,65,9,9
78590,67,71,-4,4
78591,85,79,6,6
78592,79,68,11,11
78593,96,94,2,2
78594,121,113,8,8
78595,98,101,-3,3
78596,145,120,25,25
78597,110,98,12,12
78598,144,138,6,6
78599,85,78,7,7
78600,114,113,1,1
78601,95,87,8,8
78602,51,59,-8,8
78603,97,87,10,10
78604,81,68,13,13
78605,81,74,7,7
78606,85,79,6,6
78607,154,142,12,12
78608,125,114,11,11
78609,97,96,1,1
78610,161,138,23,23
78611,144,116,28,28
78612,127,110,17,17
78613,88,81,7,7
78614,180,154,26,26
78615,90,91,-1,1
78616,66,71,-5,5
78617,95,85,10,10
78618,94,97,-3,3
78619,75,76,-1,1
78620,65,70,-5,5
78621,111,114,-3,3
78622,67,60,7,7
78623,86,88,-2,2
78624,141,120,21,21
78625,102,92,10,10
78626,142,135,7,7
78627,188,171,17,17
78628,62,55,7,7
78629,104,103,1,1
78630,63,61,2,2
78631,100,88,12,12
78632,148,128,20,20
78633,103,100,3,3
78634,122,119,3,3
78635,69,68,1,1
78636,89,81,8,8
78637,113,87,26,26
78638,135,122,13,13
78639,158,133,25,25
78640,74,64,10,10
78641,54,54,0,0
78642,106,97,9,9
78643,56,80,-24,24
78644,113,101,12,12
78645,95,81,14,14
78646,134,123,11,11
78647,73,73,0,0
78648,51,51,0,0
78649,50,45,5,5
78650,33,31,2,2
78651,130,111,19,19
78652,111,118,-7,7
78653,58,57,1,1
78654,103,95,8,8
78655,136,129,7,7
78656,99,92,7,7
78657,99,88,11,11
78658,116,101,15,15
78659,149,132,17,17
78660,69,67,2,2
78661,81,87,-6,6
78662,57,58,-1,1
78663,85,75,10,10
78664,78,89,-11,11
78665,94,86,8,8
78666,112,95,17,17
78667,141,110,31,31
78668,133,113,20,20
78669,85,89,-4,4
78670,100,101,-1,1
78671,62,58,4,4
78672,121,109,12,12
78673,54,54,0,0
78674,154,138,16,16
78675,142,117,25,25
78676,104,109,-5,5
78677,103,93,10,10
78678,70,63,7,7
78679,118,107,11,11
78680,115,107,8,8
78681,145,130,15,15
78682,106,102,4,4
78683,114,106,8,8
78684,87,78,9,9
78685,155,127,28,28
78686,142,120,22,22
78687,132,113,19,19
78688,94,86,8,8
78689,142,128,14,14
78690,150,133,17,17
78691,53,56,-3,3
78692,94,82,12,12
78693,85,92,-7,7
78694,62,66,-4,4
78695,53,50,3,3
78696,81,83,-2,2
78697,175,157,18,18
78698,55,51,4,4
78699,72,78,-6,6
78700,93,83,10,10
78701,73,76,-3,3
78702,47,54,-7,7
78703,67,68,-1,1
78704,117,104,13,13
78705,104,97,7,7
78706,76,71,5,5
78707,99,80,19,19
78708,131,113,18,18
78709,84,86,-2,2
78710,105,109,-4,4
78711,157,125,32,32
78712,111,110,1,1
78713,91,87,4,4
78714,74,75,-1,1
78715,79,75,4,4
78716,103,87,16,16
78717,119,104,15,15
78718,163,125,38,38
78719,69,68,1,1
78720,112,101,11,11
78721,55,63,-8,8
78722,97,95,2,2
78723,99,83,16,16
78724,58,67,-9,9
78725,125,102,23,23
78726,88,77,11,11
78727,81,76,5,5
78728,158,147,11,11
78729,55,64,-9,9
78730,114,110,4,4
78731,95,88,7,7
78732,87,98,-11,11
78733,139,118,21,21
78734,79,72,7,7
78735,75,64,11,11
78736,56,56,0,0
78737,113,124,-11,11
78738,148,126,22,22
78739,160,131,29,29
78740,97,89,8,8
78741,88,85,3,3
78742,89,81,8,8
78743,101,94,7,7
78744,53,56,-3,3
78745,97,102,-5,5
78746,67,66,1,1
78747,117,101,16,16
78748,72,63,9,9
78749,40,45,-5,5
78750,48,50,-2,2
78751,88,77,11,11
78752,95,73,22,22
78753,132,115,17,17
78754,63,57,6,6
78755,95,87,8,8
78756,84,79,5,5
78757,33,38,-5,5
78758,70,68,2,2
78759,154,137,17,17
78760,163,140,23,23
78761,175,150,25,25
78762,92,82,10,10
78763,150,136,14,14
78764,67,68,-1,1
78765,127,120,7,7
78766,131,114,17,17
78767,194,158,36,36
78768,113,99,14,14
78769,106,96,10,10
78770,88,77,11,11
78771,75,72,3,3
78772,56,68,-12,12
78773,86,93,-7,7
78774,66,60,6,6
78775,171,151,20,20
78776,127,113,14,14
78777,110,103,7,7
78778,93,89,4,4
78779,89,83,6,6
78780,72,77,-5,5
78781,98,82,16,16
78782,77,74,3,3
78783,93,87,6,6
78784,112,93,19,19
78785,68,65,3,3
78786,104,105,-1,1
78787,78,72,6,6
78788,69,74,-5,5
78789,48,50,-2,2
78790,65,70,-5,5
78791,109,104,5,5
78792,90,98,-8,8
78793,141,125,16,16
78794,100,96,4,4
78795,133,126,7,7
78796,110,96,14,14
78797,54,54,0,0
78798,71,68,3,3
78799,144,128,16,16
78800,57,63,-6,6
78801,88,83,5,5
78802,107,92,15,15
78803,128,114,14,14
78804,93,91,2,2
78805,136,129,7,7
78806,107,89,18,18
78807,151,128,23,23
78808,114,103,11,11
78809,67,62,5,5
78810,94,88,6,6
78811,90,79,11,11
78812,105,90,15,15
78813,132,111,21,21
78814,90,80,10,10
78815,120,115,5,5
78816,91,94,-3,3
78817,155,135,20,20
78818,62,63,-1,1
78819,109,96,13,13
78820,100,99,1,1
78821,160,128,32,32
78822,96,89,7,7
78823,104,103,1,1
78824,93,86,7,7
78825,72,69,3,3
78826,59,71,-12,12
78827,74,68,6,6
78828,83,70,13,13
78829,92,78,14,14
78830,100,100,0,0
78831,87,79,8,8
78832,122,114,8,8
78833,78,74,4,4
78834,79,69,10,10
78835,138,114,24,24
78836,158,136,22,22
78837,75,73,2,2
78838,100,89,11,11
78839,134,114,20,20
78840,138,142,-4,4
78841,82,86,-4,4
78842,52,51,1,1
78843,74,73,1,1
78844,60,55,5,5
78845,49,50,-1,1
78846,45,49,-4,4
78847,83,76,7,7
78848,55,57,-2,2
78849,74,66,8,8
78850,96,85,11,11
78851,71,71,0,0
78852,73,70,3,3
78853,104,109,-5,5
78854,57,53,4,4
78855,79,78,1,1
78856,109,104,5,5
78857,65,60,5,5
78858,129,130,-1,1
78859,75,68,7,7
78860,209,176,33,33
78861,102,90,12,12
78862,102,101,1,1
78863,142,118,24,24
78864,140,112,28,28
78865,44,47,-3,3
78866,102,101,1,1
78867,89,75,14,14
78868,86,75,11,11
78869,85,78,7,7
78870,88,78,10,10
78871,77,80,-3,3
78872,123,120,3,3
78873,62,69,-7,7
78874,163,148,15,15
78875,114,106,8,8
78876,55,62,-7,7
78877,112,107,5,5
78878,125,113,12,12
78879,123,115,8,8
78880,96,88,8,8
78881,111,98,13,13
78882,136,115,21,21
78883,75,72,3,3
78884,134,125,9,9
78885,77,79,-2,2
78886,98,94,4,4
78887,94,83,11,11
78888,77,76,1,1
78889,83,74,9,9
78890,97,79,18,18
78891,82,77,5,5
78892,126,112,14,14
78893,159,142,17,17
78894,100,101,-1,1
78895,100,106,-6,6
78896,121,111,10,10
78897,117,95,22,22
78898,81,79,2,2
78899,90,84,6,6
78900,68,63,5,5
78901,110,103,7,7
78902,118,121,-3,3
78903,97,90,7,7
78904,81,71,10,10
78905,105,99,6,6
78906,95,82,13,13
78907,66,80,-14,14
78908,109,102,7,7
78909,141,132,9,9
78910,52,52,0,0
78911,80,70,10,10
78912,93,81,12,12
78913,76,73,3,3
78914,111,105,6,6
78915,107,92,15,15
78916,132,113,19,19
78917,100,97,3,3
78918,138,118,20,20
78919,122,108,14,14
78920,105,97,8,8
78921,85,79,6,6
78922,96,80,16,16
78923,60,57,3,3
78924,106,95,11,11
78925,47,63,-16,16
78926,97,87,10,10
78927,36,38,-2,2
78928,111,94,17,17
78929,121,120,1,1
78930,85,73,12,12
78931,95,89,6,6
78932,78,76,2,2
78933,113,109,4,4
78934,72,66,6,6
78935,110,109,1,1
78936,38,43,-5,5
78937,133,121,12,12
78938,52,75,-23,23
78939,49,51,-2,2
78940,57,55,2,2
78941,209,151,58,58
78942,93,92,1,1
78943,62,61,1,1
78944,51,54,-3,3
78945,82,98,-16,16
78946,77,72,5,5
78947,165,139,26,26
78948,58,59,-1,1
78949,108,97,11,11
78950,43,50,-7,7
78951,83,79,4,4
78952,92,84,8,8
78953,127,110,17,17
78954,47,50,-3,3
78955,78,72,6,6
78956,62,58,4,4
78957,136,115,21,21
78958,121,115,6,6
78959,79,79,0,0
78960,83,86,-3,3
78961,100,96,4,4
78962,86,96,-10,10
78963,89,87,2,2
78964,74,64,10,10
78965,133,122,11,11
78966,107,99,8,8
78967,89,78,11,11
78968,72,67,5,5
78969,78,80,-2,2
78970,52,51,1,1
78971,94,87,7,7
78972,107,98,9,9
78973,61,55,6,6
78974,224,184,40,40
78975,75,63,12,12
78976,53,56,-3,3
78977,95,91,4,4
78978,63,59,4,4
78979,133,119,14,14
78980,45,43,2,2
78981,65,61,4,4
78982,93,84,9,9
78983,68,72,-4,4
78984,86,82,4,4
78985,116,105,11,11
78986,112,107,5,5
78987,79,69,10,10
78988,83,73,10,10
78989,136,135,1,1
78990,58,57,1,1
78991,98,87,11,11
78992,216,197,19,19
78993,135,120,15,15
78994,87,79,8,8
78995,99,87,12,12
78996,85,77,8,8
78997,57,55,2,2
78998,69,62,7,7
78999,72,67,5,5
79000,42,48,-6,6
79001,50,51,-1,1
79002,120,108,12,12
79003,43,48,-5,5
79004,58,54,4,4
79005,64,73,-9,9
79006,47,51,-4,4
79007,118,100,18,18
79008,91,109,-18,18
79009,115,108,7,7
79010,132,122,10,10
79011,124,111,13,13
79012,127,131,-4,4
79013,90,79,11,11
79014,142,131,11,11
79015,72,70,2,2
79016,91,90,1,1
79017,93,91,2,2
79018,159,146,13,13
79019,76,77,-1,1
79020,89,90,-1,1
79021,127,100,27,27
79022,76,74,2,2
79023,101,86,15,15
79024,95,89,6,6
79025,82,77,5,5
79026,109,101,8,8
79027,108,95,13,13
79028,84,84,0,0
79029,184,163,21,21
79030,77,72,5,5
79031,92,75,17,17
79032,57,60,-3,3
79033,104,89,15,15
79034,118,111,7,7
79035,111,97,14,14
79036,78,62,16,16
79037,122,100,22,22
79038,72,69,3,3
79039,106,87,19,19
79040,61,56,5,5
79041,106,100,6,6
79042,122,114,8,8
79043,119,108,11,11
79044,141,116,25,25
79045,114,104,10,10
79046,124,105,19,19
79047,86,73,13,13
79048,43,52,-9,9
79049,177,161,16,16
79050,169,165,4,4
79051,100,96,4,4
79052,70,69,1,1
79053,80,77,3,3
79054,82,81,1,1
79055,97,84,13,13
79056,112,96,16,16
79057,122,107,15,15
79058,62,58,4,4
79059,146,117,29,29
79060,77,79,-2,2
79061,95,90,5,5
79062,167,136,31,31
79063,62,85,-23,23
79064,112,127,-15,15
79065,56,59,-3,3
79066,126,102,24,24
79067,127,108,19,19
79068,221,185,36,36
79069,180,153,27,27
79070,73,61,12,12
79071,53,57,-4,4
79072,82,84,-2,2
79073,58,54,4,4
79074,78,71,7,7
79075,130,114,16,16
79076,39,32,7,7
79077,93,105,-12,12
79078,87,75,12,12
79079,82,72,10,10
79080,130,124,6,6
79081,74,72,2,2
79082,93,83,10,10
79083,69,74,-5,5
79084,57,56,1,1
79085,79,71,8,8
79086,120,108,12,12
79087,91,77,14,14
79088,99,100,-1,1
79089,100,87,13,13
79090,93,85,8,8
79091,78,78,0,0
79092,82,80,2,2
79093,242,202,40,40
79094,154,137,17,17
79095,63,62,1,1
79096,52,53,-1,1
79097,106,96,10,10
79098,87,99,-12,12
79099,106,102,4,4
79100,36,32,4,4
79101,108,118,-10,10
79102,153,173,-20,20
79103,44,57,-13,13
79104,119,108,11,11
79105,51,51,0,0
79106,156,129,27,27
79107,114,122,-8,8
79108,123,113,10,10
79109,149,128,21,21
79110,90,79,11,11
79111,67,67,0,0
79112,179,157,22,22
79113,123,113,10,10
79114,88,84,4,4
79115,211,192,19,19
79116,149,129,20,20
79117,58,56,2,2
79118,85,78,7,7
79119,94,85,9,9
79120,125,121,4,4
79121,50,56,-6,6
79122,78,68,10,10
79123,91,81,10,10
79124,166,151,15,15
79125,89,78,11,11
79126,55,62,-7,7
79127,140,125,15,15
79128,122,116,6,6
79129,92,75,17,17
79130,59,61,-2,2
79131,112,112,0,0
79132,97,93,4,4
79133,109,105,4,4
79134,121,131,-10,10
79135,75,73,2,2
79136,80,72,8,8
79137,104,96,8,8
79138,130,120,10,10
79139,148,137,11,11
79140,54,51,3,3
79141,121,102,19,19
79142,65,79,-14,14
79143,51,56,-5,5
79144,142,114,28,28
79145,40,36,4,4
79146,58,61,-3,3
79147,92,85,7,7
79148,71,70,1,1
79149,96,88,8,8
79150,118,103,15,15
79151,54,62,-8,8
79152,91,90,1,1
79153,70,64,6,6
79154,85,77,8,8
79155,47,51,-4,4
79156,137,127,10,10
79157,88,92,-4,4
79158,73,71,2,2
79159,99,90,9,9
79160,68,67,1,1
79161,174,162,12,12
79162,119,116,3,3
79163,84,80,4,4
79164,103,112,-9,9
79165,174,157,17,17
79166,98,89,9,9
79167,86,74,12,12
79168,101,97,4,4
79169,88,73,15,15
79170,78,67,11,11
79171,94,83,11,11
79172,131,115,16,16
79173,104,89,15,15
79174,89,89,0,0
79175,104,111,-7,7
79176,43,51,-8,8
79177,85,79,6,6
79178,66,67,-1,1
79179,108,109,-1,1
79180,89,96,-7,7
79181,54,56,-2,2
79182,75,72,3,3
79183,85,88,-3,3
79184,94,87,7,7
79185,58,62,-4,4
79186,191,167,24,24
79187,63,57,6,6
79188,73,63,10,10
79189,92,86,6,6
79190,125,106,19,19
79191,90,85,5,5
79192,128,119,9,9
79193,38,45,-7,7
79194,84,73,11,11
79195,85,76,9,9
79196,147,129,18,18
79197,54,51,3,3
79198,78,74,4,4
79199,117,100,17,17
79200,78,78,0,0
79201,83,72,11,11
79202,125,139,-14,14
79203,108,99,9,9
79204,94,88,6,6
79205,45,44,1,1
79206,120,111,9,9
79207,86,78,8,8
79208,85,80,5,5
79209,50,51,-1,1
79210,89,81,8,8
79211,90,79,11,11
79212,75,68,7,7
79213,110,107,3,3
79214,82,77,5,5
79215,140,127,13,13
79216,102,97,5,5
79217,78,78,0,0
79218,90,85,5,5
79219,49,51,-2,2
79220,60,57,3,3
79221,128,133,-5,5
79222,91,90,1,1
79223,94,86,8,8
79224,101,88,13,13
79225,90,81,9,9
79226,115,102,13,13
79227,111,89,22,22
79228,110,111,-1,1
79229,64,67,-3,3
79230,112,91,21,21
79231,88,89,-1,1
79232,108,91,17,17
79233,100,94,6,6
79234,66,66,0,0
79235,142,116,26,26
79236,64,63,1,1
79237,140,126,14,14
79238,124,112,12,12
79239,66,64,2,2
79240,99,85,14,14
79241,78,70,8,8
79242,103,102,1,1
79243,121,111,10,10
79244,96,84,12,12
79245,30,36,-6,6
79246,69,61,8,8
79247,97,83,14,14
79248,81,72,9,9
79249,72,67,5,5
79250,93,80,13,13
79251,84,88,-4,4
79252,84,88,-4,4
79253,98,94,4,4
79254,57,70,-13,13
79255,81,78,3,3
79256,88,89,-1,1
79257,98,90,8,8
79258,171,152,19,19
79259,76,72,4,4
79260,126,123,3,3
79261,90,87,3,3
79262,91,78,13,13
79263,94,80,14,14
79264,91,78,13,13
79265,122,111,11,11
79266,81,84,-3,3
79267,86,96,-10,10
79268,79,74,5,5
79269,76,80,-4,4
79270,97,98,-1,1
79271,125,136,-11,11
79272,125,118,7,7
79273,62,62,0,0
79274,63,65,-2,2
79275,81,76,5,5
79276,115,90,25,25
79277,162,150,12,12
79278,103,92,11,11
79279,64,64,0,0
79280,153,129,24,24
79281,69,76,-7,7
79282,132,112,20,20
79283,76,68,8,8
79284,63,73,-10,10
79285,65,64,1,1
79286,89,77,12,12
79287,165,129,36,36
79288,84,76,8,8
79289,89,77,12,12
79290,130,116,14,14
79291,73,64,9,9
79292,110,113,-3,3
79293,157,131,26,26
79294,82,82,0,0
79295,100,93,7,7
79296,128,115,13,13
79297,122,109,13,13
79298,102,95,7,7
79299,102,86,16,16
79300,86,72,14,14
79301,124,118,6,6
79302,157,135,22,22
79303,104,94,10,10
79304,94,89,5,5
79305,59,57,2,2
79306,103,90,13,13
79307,78,68,10,10
79308,73,73,0,0
79309,76,74,2,2
79310,112,115,-3,3
79311,103,106,-3,3
79312,159,119,40,40
79313,42,49,-7,7
79314,83,75,8,8
79315,108,101,7,7
79316,129,113,16,16
79317,129,119,10,10
79318,145,124,21,21
79319,70,67,3,3
79320,71,66,5,5
79321,60,62,-2,2
79322,100,90,10,10
79323,173,152,21,21
79324,156,134,22,22
79325,101,92,9,9
79326,99,95,4,4
79327,130,118,12,12
79328,68,117,-49,49
79329,138,118,20,20
79330,138,129,9,9
79331,126,117,9,9
79332,74,66,8,8
79333,75,69,6,6
79334,79,72,7,7
79335,67,66,1,1
79336,80,111,-31,31
79337,86,74,12,12
79338,57,58,-1,1
79339,111,112,-1,1
79340,95,91,4,4
79341,85,76,9,9
79342,88,78,10,10
79343,72,67,5,5
79344,22,58,-36,36
79345,97,79,18,18
79346,130,110,20,20
79347,55,55,0,0
79348,95,83,12,12
79349,86,81,5,5
79350,53,54,-1,1
79351,66,64,2,2
79352,122,122,0,0
79353,130,120,10,10
79354,135,120,15,15
79355,47,50,-3,3
79356,65,94,-29,29
79357,46,39,7,7
79358,155,130,25,25
79359,60,61,-1,1
79360,75,75,0,0
79361,97,83,14,14
79362,142,113,29,29
79363,57,62,-5,5
79364,80,75,5,5
79365,44,43,1,1
79366,107,101,6,6
79367,39,56,-17,17
79368,163,150,13,13
79369,152,152,0,0
79370,119,108,11,11
79371,98,79,19,19
79372,67,79,-12,12
79373,61,56,5,5
79374,99,92,7,7
79375,62,62,0,0
79376,68,64,4,4
79377,72,74,-2,2
79378,83,83,0,0
79379,103,88,15,15
79380,116,117,-1,1
79381,122,115,7,7
79382,88,88,0,0
79383,129,113,16,16
79384,86,78,8,8
79385,82,81,1,1
79386,83,82,1,1
79387,71,78,-7,7
79388,77,74,3,3
79389,100,98,2,2
79390,206,178,28,28
79391,152,159,-7,7
79392,58,55,3,3
79393,141,127,14,14
79394,96,81,15,15
79395,149,120,29,29
79396,80,70,10,10
79397,48,48,0,0
79398,75,76,-1,1
79399,95,84,11,11
79400,126,119,7,7
79401,74,67,7,7
79402,95,85,10,10
79403,59,64,-5,5
79404,164,148,16,16
79405,95,85,10,10
79406,46,52,-6,6
79407,88,81,7,7
79408,135,131,4,4
79409,140,117,23,23
79410,103,96,7,7
79411,69,65,4,4
79412,144,119,25,25
79413,147,124,23,23
79414,105,103,2,2
79415,154,116,38,38
79416,77,71,6,6
79417,74,74,0,0
79418,132,117,15,15
79419,56,56,0,0
79420,48,51,-3,3
79421,77,72,5,5
79422,20,31,-11,11
79423,94,93,1,1
79424,66,67,-1,1
79425,72,67,5,5
79426,130,111,19,19
79427,282,231,51,51
79428,139,108,31,31
79429,99,106,-7,7
79430,67,66,1,1
79431,72,72,0,0
79432,96,99,-3,3
79433,76,75,1,1
79434,119,104,15,15
79435,93,78,15,15
79436,61,64,-3,3
79437,79,70,9,9
79438,107,95,12,12
79439,152,145,7,7
79440,85,73,12,12
79441,62,55,7,7
79442,103,85,18,18
79443,59,58,1,1
79444,109,106,3,3
79445,84,87,-3,3
79446,85,78,7,7
79447,77,84,-7,7
79448,182,161,21,21
79449,105,103,2,2
79450,165,151,14,14
79451,101,92,9,9
79452,91,82,9,9
79453,93,86,7,7
79454,105,101,4,4
79455,98,95,3,3
79456,140,131,9,9
79457,150,127,23,23
79458,168,144,24,24
79459,155,135,20,20
79460,75,65,10,10
79461,56,53,3,3
79462,41,51,-10,10
79463,84,78,6,6
79464,46,50,-4,4
79465,168,151,17,17
79466,148,128,20,20
79467,92,88,4,4
79468,93,84,9,9
79469,108,91,17,17
79470,52,52,0,0
79471,100,90,10,10
79472,77,80,-3,3
79473,95,84,11,11
79474,67,65,2,2
79475,84,69,15,15
79476,107,97,10,10
79477,80,74,6,6
79478,104,95,9,9
79479,86,80,6,6
79480,90,75,15,15
79481,70,75,-5,5
79482,125,125,0,0
79483,68,64,4,4
79484,125,114,11,11
79485,133,124,9,9
79486,77,70,7,7
79487,70,70,0,0
79488,182,157,25,25
79489,114,93,21,21
79490,114,105,9,9
79491,183,167,16,16
79492,57,61,-4,4
79493,111,104,7,7
79494,49,51,-2,2
79495,58,55,3,3
79496,97,100,-3,3
79497,141,135,6,6
79498,133,122,11,11
79499,115,97,18,18
79500,142,124,18,18
79501,53,55,-2,2
79502,69,62,7,7
79503,152,122,30,30
79504,52,51,1,1
79505,145,130,15,15
79506,90,83,7,7
79507,125,108,17,17
79508,73,63,10,10
79509,72,69,3,3
79510,69,76,-7,7
79511,146,124,22,22
79512,149,136,13,13
79513,79,76,3,3
79514,105,105,0,0
79515,65,61,4,4
79516,139,117,22,22
79517,123,110,13,13
79518,105,77,28,28
79519,40,45,-5,5
79520,65,64,1,1
79521,134,120,14,14
79522,123,109,14,14
79523,127,106,21,21
79524,39,65,-26,26
79525,104,105,-1,1
79526,48,51,-3,3
79527,78,82,-4,4
79528,102,92,10,10
79529,72,58,14,14
79530,130,123,7,7
79531,107,99,8,8
79532,90,85,5,5
79533,85,76,9,9
79534,103,98,5,5
79535,118,104,14,14
79536,67,72,-5,5
79537,101,80,21,21
79538,108,91,17,17
79539,134,138,-4,4
79540,83,72,11,11
79541,103,91,12,12
79542,43,60,-17,17
79543,154,129,25,25
79544,137,126,11,11
79545,133,113,20,20
79546,165,132,33,33
79547,68,68,0,0
79548,144,130,14,14
79549,112,105,7,7
79550,96,88,8,8
79551,84,71,13,13
79552,131,106,25,25
79553,95,86,9,9
79554,166,137,29,29
79555,56,59,-3,3
79556,112,103,9,9
79557,55,55,0,0
79558,88,82,6,6
79559,81,72,9,9
79560,79,72,7,7
79561,105,99,6,6
79562,52,53,-1,1
79563,131,117,14,14
79564,101,96,5,5
79565,98,74,24,24
79566,60,57,3,3
79567,66,66,0,0
79568,85,73,12,12
79569,81,73,8,8
79570,117,115,2,2
79571,61,57,4,4
79572,74,74,0,0
79573,64,65,-1,1
79574,61,61,0,0
79575,106,96,10,10
79576,82,75,7,7
79577,68,80,-12,12
79578,100,95,5,5
79579,111,85,26,26
79580,73,76,-3,3
79581,110,101,9,9
79582,110,108,2,2
79583,150,132,18,18
79584,119,111,8,8
79585,140,129,11,11
79586,107,91,16,16
79587,31,44,-13,13
79588,111,100,11,11
79589,93,91,2,2
79590,73,74,-1,1
79591,75,76,-1,1
79592,106,111,-5,5
79593,46,51,-5,5
79594,169,149,20,20
79595,128,113,15,15
79596,189,174,15,15
79597,119,107,12,12
79598,61,53,8,8
79599,109,102,7,7
79600,129,109,20,20
79601,118,113,5,5
79602,91,86,5,5
79603,95,89,6,6
79604,106,86,20,20
79605,188,166,22,22
79606,78,73,5,5
79607,59,69,-10,10
79608,66,62,4,4
79609,62,61,1,1
79610,137,122,15,15
79611,82,77,5,5
79612,115,108,7,7
79613,102,102,0,0
79614,50,62,-12,12
79615,119,108,11,11
79616,159,148,11,11
79617,146,133,13,13
79618,62,58,4,4
79619,72,63,9,9
79620,82,77,5,5
79621,64,61,3,3
79622,74,69,5,5
79623,104,89,15,15
79624,169,119,50,50
79625,86,85,1,1
79626,178,172,6,6
79627,83,75,8,8
79628,115,106,9,9
79629,124,114,10,10
79630,123,136,-13,13
79631,90,85,5,5
79632,51,52,-1,1
79633,99,89,10,10
79634,99,114,-15,15
79635,108,88,20,20
79636,124,101,23,23
79637,144,135,9,9
79638,128,124,4,4
79639,70,67,3,3
79640,74,78,-4,4
79641,134,127,7,7
79642,119,116,3,3
79643,41,46,-5,5
79644,101,99,2,2
79645,149,128,21,21
79646,121,104,17,17
79647,56,51,5,5
79648,108,97,11,11
79649,72,74,-2,2
79650,98,84,14,14
79651,67,62,5,5
79652,69,66,3,3
79653,89,80,9,9
79654,122,120,2,2
79655,75,71,4,4
79656,80,79,1,1
79657,184,169,15,15
79658,80,75,5,5
79659,136,124,12,12
79660,85,79,6,6
79661,86,77,9,9
79662,99,100,-1,1
79663,161,150,11,11
79664,106,105,1,1
79665,86,82,4,4
79666,160,137,23,23
79667,140,135,5,5
79668,157,146,11,11
79669,121,113,8,8
79670,61,65,-4,4
79671,108,99,9,9
79672,110,100,10,10
79673,101,88,13,13
79674,85,80,5,5
79675,125,114,11,11
79676,67,65,2,2
79677,64,60,4,4
79678,47,59,-12,12
79679,111,110,1,1
79680,45,50,-5,5
79681,79,62,17,17
79682,102,91,11,11
79683,99,78,21,21
79684,121,109,12,12
79685,75,79,-4,4
79686,172,153,19,19
79687,67,68,-1,1
79688,111,95,16,16
79689,119,119,0,0
79690,134,115,19,19
79691,139,125,14,14
79692,67,66,1,1
79693,100,112,-12,12
79694,64,64,0,0
79695,105,97,8,8
79696,106,98,8,8
79697,41,43,-2,2
79698,122,107,15,15
79699,96,93,3,3
79700,74,71,3,3
79701,97,85,12,12
79702,106,95,11,11
79703,58,51,7,7
79704,61,60,1,1
79705,72,66,6,6
79706,97,90,7,7
79707,104,97,7,7
79708,90,85,5,5
79709,190,162,28,28
79710,113,115,-2,2
79711,72,89,-17,17
79712,102,89,13,13
79713,143,108,35,35
79714,71,67,4,4
79715,80,80,0,0
79716,45,48,-3,3
79717,57,61,-4,4
79718,109,99,10,10
79719,80,75,5,5
79720,54,57,-3,3
79721,75,76,-1,1
79722,80,79,1,1
79723,73,71,2,2
79724,216,186,30,30
79725,73,74,-1,1
79726,124,113,11,11
79727,160,119,41,41
79728,140,121,19,19
79729,136,120,16,16
79730,68,60,8,8
79731,91,83,8,8
79732,69,56,13,13
79733,93,95,-2,2
79734,103,93,10,10
79735,93,88,5,5
79736,53,55,-2,2
79737,116,105,11,11
79738,57,68,-11,11
79739,89,80,9,9
79740,58,53,5,5
79741,136,127,9,9
79742,95,91,4,4
79743,59,62,-3,3
79744,169,144,25,25
79745,105,99,6,6
79746,119,95,24,24
79747,89,83,6,6
79748,132,113,19,19
79749,81,69,12,12
79750,52,44,8,8
79751,139,109,30,30
79752,60,60,0,0
79753,128,113,15,15
79754,54,51,3,3
79755,123,116,7,7
79756,99,91,8,8
79757,36,42,-6,6
79758,40,42,-2,2
79759,114,106,8,8
79760,89,74,15,15
79761,68,68,0,0
79762,96,80,16,16
79763,120,108,12,12
79764,85,79,6,6
79765,67,61,6,6
79766,90,82,8,8
79767,59,55,4,4
79768,86,74,12,12
79769,187,165,22,22
79770,117,104,13,13
79771,50,58,-8,8
79772,90,82,8,8
79773,92,81,11,11
79774,57,61,-4,4
79775,55,55,0,0
79776,51,58,-7,7
79777,84,79,5,5
79778,110,104,6,6
79779,52,65,-13,13
79780,56,64,-8,8
79781,82,77,5,5
79782,141,131,10,10
79783,104,95,9,9
79784,113,110,3,3
79785,119,102,17,17
79786,124,113,11,11
79787,79,74,5,5
79788,99,87,12,12
79789,133,111,22,22
79790,53,52,1,1
79791,88,83,5,5
79792,58,58,0,0
79793,90,87,3,3
79794,89,92,-3,3
79795,91,93,-2,2
79796,110,100,10,10
79797,77,73,4,4
79798,71,69,2,2
79799,77,75,2,2
79800,115,110,5,5
79801,62,70,-8,8
79802,167,153,14,14
79803,105,102,3,3
79804,100,89,11,11
79805,100,101,-1,1
79806,111,109,2,2
79807,92,83,9,9
79808,162,146,16,16
79809,109,102,7,7
79810,164,146,18,18
79811,63,54,9,9
79812,67,69,-2,2
79813,158,150,8,8
79814,82,77,5,5
79815,65,56,9,9
79816,118,101,17,17
79817,87,88,-1,1
79818,159,146,13,13
79819,122,104,18,18
79820,102,96,6,6
79821,63,64,-1,1
79822,94,89,5,5
79823,100,95,5,5
79824,87,70,17,17
79825,98,85,13,13
79826,79,69,10,10
79827,104,90,14,14
79828,115,99,16,16
79829,118,123,-5,5
79830,82,77,5,5
79831,130,111,19,19
79832,98,96,2,2
79833,141,135,6,6
79834,197,169,28,28
79835,141,132,9,9
79836,91,86,5,5
79837,80,75,5,5
79838,104,88,16,16
79839,171,151,20,20
79840,292,218,74,74
79841,113,108,5,5
79842,111,99,12,12
79843,116,108,8,8
79844,66,62,4,4
79845,146,131,15,15
79846,62,60,2,2
79847,105,95,10,10
79848,66,62,4,4
79849,59,56,3,3
79850,74,74,0,0
79851,91,77,14,14
79852,117,107,10,10
79853,101,99,2,2
79854,167,161,6,6
79855,69,64,5,5
79856,120,112,8,8
79857,119,105,14,14
79858,130,113,17,17
79859,69,64,5,5
79860,97,96,1,1
79861,76,75,1,1
79862,183,160,23,23
79863,65,68,-3,3
79864,155,135,20,20
79865,80,70,10,10
79866,107,102,5,5
79867,46,57,-11,11
79868,95,83,12,12
79869,72,68,4,4
79870,74,77,-3,3
79871,73,70,3,3
79872,66,58,8,8
79873,76,75,1,1
79874,75,75,0,0
79875,36,58,-22,22
79876,82,78,4,4
79877,150,130,20,20
79878,88,88,0,0
79879,40,41,-1,1
79880,82,78,4,4
79881,166,146,20,20
79882,113,105,8,8
79883,120,114,6,6
79884,136,121,15,15
79885,53,57,-4,4
79886,233,197,36,36
79887,78,71,7,7
79888,112,101,11,11
79889,103,107,-4,4
79890,100,89,11,11
79891,86,86,0,0
79892,69,69,0,0
79893,109,100,9,9
79894,105,93,12,12
79895,51,81,-30,30
79896,99,101,-2,2
79897,138,132,6,6
79898,42,88,-46,46
79899,87,77,10,10
79900,141,127,14,14
79901,75,80,-5,5
79902,96,85,11,11
79903,56,56,0,0
79904,122,107,15,15
79905,65,63,2,2
79906,113,94,19,19
79907,67,60,7,7
79908,83,77,6,6
79909,91,75,16,16
79910,136,126,10,10
79911,85,73,12,12
79912,66,65,1,1
79913,79,61,18,18
79914,73,67,6,6
79915,106,96,10,10
79916,76,69,7,7
79917,149,128,21,21
79918,38,51,-13,13
79919,108,95,13,13
79920,91,89,2,2
79921,105,97,8,8
79922,85,81,4,4
79923,62,70,-8,8
79924,117,121,-4,4
79925,62,65,-3,3
79926,115,98,17,17
79927,85,67,18,18
79928,150,139,11,11
79929,132,124,8,8
79930,74,73,1,1
79931,44,61,-17,17
79932,152,141,11,11
79933,142,134,8,8
79934,106,102,4,4
79935,97,94,3,3
79936,97,82,15,15
79937,53,61,-8,8
79938,116,109,7,7
79939,141,128,13,13
79940,109,101,8,8
79941,90,80,10,10
79942,111,103,8,8
79943,186,175,11,11
79944,133,119,14,14
79945,83,73,10,10
79946,69,76,-7,7
79947,73,73,0,0
79948,154,130,24,24
79949,93,97,-4,4
79950,87,80,7,7
79951,126,119,7,7
79952,91,86,5,5
79953,79,75,4,4
79954,82,83,-1,1
79955,112,85,27,27
79956,72,63,9,9
79957,179,167,12,12
79958,67,71,-4,4
79959,61,75,-14,14
79960,134,117,17,17
79961,129,111,18,18
79962,79,73,6,6
79963,95,90,5,5
79964,147,127,20,20
79965,86,86,0,0
79966,64,64,0,0
79967,73,76,-3,3
79968,60,60,0,0
79969,122,116,6,6
79970,91,88,3,3
79971,78,71,7,7
79972,69,72,-3,3
79973,64,79,-15,15
79974,120,104,16,16
79975,101,94,7,7
79976,51,51,0,0
79977,80,81,-1,1
79978,100,125,-25,25
79979,104,98,6,6
79980,69,71,-2,2
79981,94,87,7,7
79982,110,111,-1,1
79983,157,144,13,13
79984,56,58,-2,2
79985,118,111,7,7
79986,29,31,-2,2
79987,110,129,-19,19
79988,102,91,11,11
79989,78,74,4,4
79990,116,118,-2,2
79991,129,119,10,10
79992,124,122,2,2
79993,69,81,-12,12
79994,94,91,3,3
79995,105,91,14,14
79996,127,130,-3,3
79997,99,92,7,7
79998,106,87,19,19
79999,45,42,3,3
80000,73,66,7,7
80001,57,51,6,6
80002,71,66,5,5
80003,84,81,3,3
80004,91,87,4,4
80005,93,85,8,8
80006,75,76,-1,1
80007,98,87,11,11
80008,76,71,5,5
80009,87,81,6,6
80010,100,99,1,1
80011,101,90,11,11
80012,63,70,-7,7
80013,94,80,14,14
80014,58,60,-2,2
80015,77,63,14,14
80016,136,116,20,20
80017,86,84,2,2
80018,109,95,14,14
80019,77,72,5,5
80020,146,128,18,18
80021,128,117,11,11
80022,164,146,18,18
80023,71,69,2,2
80024,147,138,9,9
80025,96,85,11,11
80026,65,62,3,3
80027,95,87,8,8
80028,84,79,5,5
80029,104,93,11,11
80030,75,73,2,2
80031,168,150,18,18
80032,200,167,33,33
80033,153,146,7,7
80034,171,158,13,13
80035,111,110,1,1
80036,65,71,-6,6
80037,85,89,-4,4
80038,98,81,17,17
80039,111,104,7,7
80040,112,102,10,10
80041,113,100,13,13
80042,148,123,25,25
80043,115,106,9,9
80044,63,67,-4,4
80045,95,81,14,14
80046,98,95,3,3
80047,117,109,8,8
80048,144,126,18,18
80049,115,115,0,0
80050,124,110,14,14
80051,115,110,5,5
80052,93,93,0,0
80053,83,80,3,3
80054,83,78,5,5
80055,106,98,8,8
80056,104,96,8,8
80057,149,152,-3,3
80058,94,93,1,1
80059,61,61,0,0
80060,63,70,-7,7
80061,98,93,5,5
80062,70,73,-3,3
80063,96,94,2,2
80064,89,81,8,8
80065,120,133,-13,13
80066,85,73,12,12
80067,159,125,34,34
80068,144,134,10,10
80069,63,63,0,0
80070,102,94,8,8
80071,119,100,19,19
80072,106,101,5,5
80073,88,69,19,19
80074,54,54,0,0
80075,58,56,2,2
80076,130,109,21,21
80077,168,143,25,25
80078,73,68,5,5
80079,133,126,7,7
80080,98,95,3,3
80081,86,76,10,10
80082,81,79,2,2
80083,83,77,6,6
80084,59,61,-2,2
80085,43,47,-4,4
80086,80,79,1,1
80087,73,74,-1,1
80088,86,81,5,5
80089,89,105,-16,16
80090,77,75,2,2
80091,59,51,8,8
80092,64,91,-27,27
80093,82,72,10,10
80094,47,49,-2,2
80095,99,76,23,23
80096,104,98,6,6
80097,62,65,-3,3
80098,70,72,-2,2
80099,65,65,0,0
80100,79,73,6,6
80101,86,81,5,5
80102,105,94,11,11
80103,91,91,0,0
80104,117,99,18,18
80105,43,47,-4,4
80106,171,149,22,22
80107,115,105,10,10
80108,111,104,7,7
80109,73,70,3,3
80110,118,102,16,16
80111,84,74,10,10
80112,96,94,2,2
80113,115,108,7,7
80114,172,151,21,21
80115,138,122,16,16
80116,130,112,18,18
80117,142,128,14,14
80118,92,87,5,5
80119,71,63,8,8
80120,42,45,-3,3
80121,93,82,11,11
80122,116,97,19,19
80123,90,76,14,14
80124,74,73,1,1
80125,56,60,-4,4
80126,139,114,25,25
80127,76,82,-6,6
80128,97,95,2,2
80129,88,84,4,4
80130,70,67,3,3
80131,148,130,18,18
80132,70,67,3,3
80133,112,105,7,7
80134,81,65,16,16
80135,52,51,1,1
80136,95,94,1,1
80137,80,78,2,2
80138,46,50,-4,4
80139,50,51,-1,1
80140,129,116,13,13
80141,90,86,4,4
80142,132,105,27,27
80143,143,129,14,14
80144,130,136,-6,6
80145,147,127,20,20
80146,103,91,12,12
80147,61,57,4,4
80148,88,88,0,0
80149,158,137,21,21
80150,50,53,-3,3
80151,115,105,10,10
80152,86,85,1,1
80153,95,85,10,10
80154,135,133,2,2
80155,84,81,3,3
80156,116,123,-7,7
80157,31,39,-8,8
80158,86,82,4,4
80159,87,75,12,12
80160,99,83,16,16
80161,61,64,-3,3
80162,66,61,5,5
80163,99,91,8,8
80164,83,67,16,16
80165,63,60,3,3
80166,85,72,13,13
80167,90,87,3,3
80168,114,102,12,12
80169,77,71,6,6
80170,74,75,-1,1
80171,85,77,8,8
80172,49,77,-28,28
80173,29,38,-9,9
80174,77,67,10,10
80175,70,66,4,4
80176,72,75,-3,3
80177,67,79,-12,12
80178,73,71,2,2
80179,112,95,17,17
80180,153,143,10,10
80181,120,110,10,10
80182,96,89,7,7
80183,104,95,9,9
80184,74,73,1,1
80185,50,50,0,0
80186,74,68,6,6
80187,91,82,9,9
80188,100,96,4,4
80189,45,56,-11,11
80190,96,94,2,2
80191,57,55,2,2
80192,117,103,14,14
80193,116,107,9,9
80194,117,110,7,7
80195,85,87,-2,2
80196,90,87,3,3
80197,120,98,22,22
80198,63,69,-6,6
80199,131,137,-6,6
80200,55,56,-1,1
80201,159,152,7,7
80202,95,82,13,13
80203,91,87,4,4
80204,52,51,1,1
80205,73,65,8,8
80206,107,95,12,12
80207,73,74,-1,1
80208,144,125,19,19
80209,101,101,0,0
80210,84,75,9,9
80211,72,75,-3,3
80212,100,105,-5,5
80213,57,58,-1,1
80214,89,78,11,11
80215,85,77,8,8
80216,136,125,11,11
80217,104,102,2,2
80218,180,156,24,24
80219,88,80,8,8
80220,81,84,-3,3
80221,98,90,8,8
80222,63,56,7,7
80223,81,87,-6,6
80224,132,129,3,3
80225,139,128,11,11
80226,156,132,24,24
80227,94,90,4,4
80228,113,109,4,4
80229,155,162,-7,7
80230,106,90,16,16
80231,71,68,3,3
80232,98,98,0,0
80233,48,119,-71,71
80234,54,53,1,1
80235,86,78,8,8
80236,103,97,6,6
80237,148,126,22,22
80238,73,65,8,8
80239,135,131,4,4
80240,93,86,7,7
80241,137,129,8,8
80242,82,75,7,7
80243,78,69,9,9
80244,95,92,3,3
80245,74,69,5,5
80246,95,88,7,7
80247,64,61,3,3
80248,100,100,0,0
80249,95,92,3,3
80250,28,41,-13,13
80251,38,41,-3,3
80252,92,83,9,9
80253,134,127,7,7
80254,68,66,2,2
80255,117,104,13,13
80256,118,103,15,15
80257,79,71,8,8
80258,61,61,0,0
80259,132,112,20,20
80260,98,101,-3,3
80261,70,71,-1,1
80262,117,103,14,14
80263,61,55,6,6
80264,69,67,2,2
80265,76,64,12,12
80266,56,61,-5,5
80267,108,95,13,13
80268,70,64,6,6
80269,53,53,0,0
80270,94,90,4,4
80271,158,143,15,15
80272,146,131,15,15
80273,94,89,5,5
80274,48,51,-3,3
80275,85,85,0,0
80276,117,96,21,21
80277,119,102,17,17
80278,72,73,-1,1
80279,103,94,9,9
80280,85,79,6,6
80281,121,100,21,21
80282,66,72,-6,6
80283,177,172,5,5
80284,85,78,7,7
80285,151,144,7,7
80286,57,52,5,5
80287,83,68,15,15
80288,68,63,5,5
80289,118,110,8,8
80290,70,64,6,6
80291,30,49,-19,19
80292,94,95,-1,1
80293,68,68,0,0
80294,153,144,9,9
80295,81,72,9,9
80296,106,96,10,10
80297,93,80,13,13
80298,152,143,9,9
80299,117,109,8,8
80300,121,109,12,12
80301,104,101,3,3
80302,130,110,20,20
80303,113,101,12,12
80304,108,93,15,15
80305,110,95,15,15
80306,76,81,-5,5
80307,119,108,11,11
80308,79,66,13,13
80309,96,89,7,7
80310,74,84,-10,10
80311,71,62,9,9
80312,79,68,11,11
80313,62,66,-4,4
80314,67,66,1,1
80315,149,121,28,28
80316,70,69,1,1
80317,87,81,6,6
80318,302,256,46,46
80319,51,53,-2,2
80320,73,67,6,6
80321,47,50,-3,3
80322,138,118,20,20
80323,155,137,18,18
80324,67,71,-4,4
80325,118,116,2,2
80326,73,69,4,4
80327,67,68,-1,1
80328,43,54,-11,11
80329,101,100,1,1
80330,89,79,10,10
80331,67,68,-1,1
80332,148,136,12,12
80333,131,116,15,15
80334,73,62,11,11
80335,135,131,4,4
80336,71,73,-2,2
80337,71,65,6,6
80338,108,89,19,19
80339,131,114,17,17
80340,115,120,-5,5
80341,56,56,0,0
80342,84,77,7,7
80343,92,92,0,0
80344,38,36,2,2
80345,134,110,24,24
80346,75,73,2,2
80347,124,104,20,20
80348,126,116,10,10
80349,103,108,-5,5
80350,57,51,6,6
80351,82,85,-3,3
80352,113,107,6,6
80353,103,106,-3,3
80354,119,95,24,24
80355,259,263,-4,4
80356,87,80,7,7
80357,180,139,41,41
80358,84,84,0,0
80359,110,111,-1,1
80360,116,99,17,17
80361,114,107,7,7
80362,124,123,1,1
80363,92,80,12,12
80364,86,85,1,1
80365,85,82,3,3
80366,65,63,2,2
80367,73,68,5,5
80368,72,69,3,3
80369,108,101,7,7
80370,47,46,1,1
80371,96,92,4,4
80372,66,69,-3,3
80373,70,74,-4,4
80374,134,117,17,17
80375,47,51,-4,4
80376,50,55,-5,5
80377,69,74,-5,5
80378,82,78,4,4
80379,103,91,12,12
80380,79,73,6,6
80381,82,78,4,4
80382,77,81,-4,4
80383,77,77,0,0
80384,99,91,8,8
80385,99,93,6,6
80386,156,153,3,3
80387,82,71,11,11
80388,123,105,18,18
80389,75,68,7,7
80390,47,52,-5,5
80391,32,37,-5,5
80392,72,73,-1,1
80393,92,85,7,7
80394,128,100,28,28
80395,100,96,4,4
80396,78,80,-2,2
80397,141,124,17,17
80398,361,254,107,107
80399,142,123,19,19
80400,28,55,-27,27
80401,53,52,1,1
80402,80,78,2,2
80403,81,80,1,1
80404,181,144,37,37
80405,55,59,-4,4
80406,81,75,6,6
80407,58,60,-2,2
80408,28,31,-3,3
80409,76,77,-1,1
80410,77,79,-2,2
80411,125,115,10,10
80412,89,93,-4,4
80413,91,84,7,7
80414,103,101,2,2
80415,97,91,6,6
80416,90,75,15,15
80417,69,67,2,2
80418,140,129,11,11
80419,59,51,8,8
80420,140,125,15,15
80421,119,111,8,8
80422,86,87,-1,1
80423,71,67,4,4
80424,179,159,20,20
80425,119,97,22,22
80426,115,99,16,16
80427,61,63,-2,2
80428,160,149,11,11
80429,127,119,8,8
80430,186,174,12,12
80431,95,90,5,5
80432,73,76,-3,3
80433,86,77,9,9
80434,64,67,-3,3
80435,164,145,19,19
80436,80,73,7,7
80437,107,116,-9,9
80438,138,122,16,16
80439,95,88,7,7
80440,161,137,24,24
80441,81,73,8,8
80442,118,109,9,9
80443,102,94,8,8
80444,79,74,5,5
80445,83,78,5,5
80446,96,79,17,17
80447,99,95,4,4
80448,101,93,8,8
80449,73,70,3,3
80450,151,133,18,18
80451,86,87,-1,1
80452,107,94,13,13
80453,102,89,13,13
80454,87,81,6,6
80455,110,97,13,13
80456,75,80,-5,5
80457,68,83,-15,15
80458,88,86,2,2
80459,84,77,7,7
80460,81,75,6,6
80461,78,75,3,3
80462,73,69,4,4
80463,103,88,15,15
80464,175,150,25,25
80465,122,109,13,13
80466,106,96,10,10
80467,53,49,4,4
80468,120,109,11,11
80469,135,124,11,11
80470,96,89,7,7
80471,69,70,-1,1
80472,86,83,3,3
80473,94,92,2,2
80474,46,50,-4,4
80475,93,86,7,7
80476,111,106,5,5
80477,54,54,0,0
80478,63,58,5,5
80479,59,64,-5,5
80480,61,63,-2,2
80481,68,72,-4,4
80482,140,114,26,26
80483,79,70,9,9
80484,148,139,9,9
80485,114,103,11,11
80486,77,77,0,0
80487,95,82,13,13
80488,53,51,2,2
80489,102,98,4,4
80490,150,143,7,7
80491,142,115,27,27
80492,123,119,4,4
80493,85,74,11,11
80494,86,74,12,12
80495,106,92,14,14
80496,123,109,14,14
80497,99,90,9,9
80498,78,69,9,9
80499,74,68,6,6
80500,83,75,8,8
80501,68,89,-21,21
80502,100,99,1,1
80503,71,60,11,11
80504,85,69,16,16
80505,105,93,12,12
80506,132,119,13,13
80507,109,92,17,17
80508,95,87,8,8
80509,101,91,10,10
80510,49,53,-4,4
80511,37,40,-3,3
80512,80,82,-2,2
80513,66,54,12,12
80514,70,70,0,0
80515,93,80,13,13
80516,54,59,-5,5
80517,99,100,-1,1
80518,100,92,8,8
80519,143,129,14,14
80520,67,59,8,8
80521,69,67,2,2
80522,72,86,-14,14
80523,88,88,0,0
80524,116,85,31,31
80525,103,97,6,6
80526,129,120,9,9
80527,112,101,11,11
80528,47,50,-3,3
80529,80,73,7,7
80530,87,79,8,8
80531,102,100,2,2
80532,111,103,8,8
80533,113,109,4,4
80534,85,75,10,10
80535,57,61,-4,4
80536,110,96,14,14
80537,91,87,4,4
80538,127,112,15,15
80539,71,64,7,7
80540,110,94,16,16
80541,143,130,13,13
80542,90,86,4,4
80543,122,103,19,19
80544,124,107,17,17
80545,53,53,0,0
80546,77,78,-1,1
80547,35,38,-3,3
80548,63,71,-8,8
80549,115,100,15,15
80550,128,116,12,12
80551,99,95,4,4
80552,90,89,1,1
80553,80,73,7,7
80554,98,90,8,8
80555,95,86,9,9
80556,138,125,13,13
80557,84,77,7,7
80558,129,125,4,4
80559,101,84,17,17
80560,109,89,20,20
80561,142,132,10,10
80562,72,55,17,17
80563,110,101,9,9
80564,52,50,2,2
80565,66,80,-14,14
80566,69,67,2,2
80567,79,73,6,6
80568,69,70,-1,1
80569,97,88,9,9
80570,96,86,10,10
80571,105,94,11,11
80572,144,126,18,18
80573,129,111,18,18
80574,75,75,0,0
80575,111,96,15,15
80576,149,132,17,17
80577,110,101,9,9
80578,73,69,4,4
80579,58,59,-1,1
80580,47,49,-2,2
80581,82,83,-1,1
80582,70,66,4,4
80583,124,99,25,25
80584,78,74,4,4
80585,136,116,20,20
80586,147,141,6,6
80587,84,94,-10,10
80588,121,106,15,15
80589,63,54,9,9
80590,94,86,8,8
80591,125,121,4,4
80592,82,83,-1,1
80593,158,131,27,27
80594,67,67,0,0
80595,61,65,-4,4
80596,119,108,11,11
80597,65,67,-2,2
80598,86,84,2,2
80599,98,79,19,19
80600,143,131,12,12
80601,105,99,6,6
80602,113,119,-6,6
80603,77,69,8,8
80604,107,105,2,2
80605,58,58,0,0
80606,145,133,12,12
80607,52,65,-13,13
80608,109,95,14,14
80609,71,69,2,2
80610,64,65,-1,1
80611,129,111,18,18
80612,83,83,0,0
80613,40,58,-18,18
80614,102,101,1,1
80615,65,59,6,6
80616,100,82,18,18
80617,131,119,12,12
80618,90,81,9,9
80619,92,92,0,0
80620,67,74,-7,7
80621,121,107,14,14
80622,126,106,20,20
80623,93,89,4,4
80624,157,142,15,15
80625,89,82,7,7
80626,53,57,-4,4
80627,96,85,11,11
80628,111,96,15,15
80629,121,107,14,14
80630,67,74,-7,7
80631,59,54,5,5
80632,88,84,4,4
80633,71,78,-7,7
80634,57,56,1,1
80635,118,103,15,15
80636,78,68,10,10
80637,118,104,14,14
80638,85,80,5,5
80639,102,94,8,8
80640,69,72,-3,3
80641,179,167,12,12
80642,94,102,-8,8
80643,100,93,7,7
80644,91,79,12,12
80645,139,135,4,4
80646,77,77,0,0
80647,64,61,3,3
80648,64,62,2,2
80649,137,127,10,10
80650,113,103,10,10
80651,93,81,12,12
80652,100,97,3,3
80653,88,81,7,7
80654,87,80,7,7
80655,144,128,16,16
80656,41,51,-10,10
80657,51,57,-6,6
80658,78,71,7,7
80659,72,65,7,7
80660,66,63,3,3
80661,58,64,-6,6
80662,123,115,8,8
80663,90,79,11,11
80664,56,51,5,5
80665,98,79,19,19
80666,91,83,8,8
80667,126,109,17,17
80668,68,52,16,16
80669,117,100,17,17
80670,46,53,-7,7
80671,71,72,-1,1
80672,111,98,13,13
80673,89,80,9,9
80674,58,62,-4,4
80675,104,96,8,8
80676,110,95,15,15
80677,101,94,7,7
80678,203,204,-1,1
80679,90,85,5,5
80680,82,74,8,8
80681,133,109,24,24
80682,67,65,2,2
80683,75,73,2,2
80684,90,78,12,12
80685,91,79,12,12
80686,91,86,5,5
80687,67,72,-5,5
80688,122,109,13,13
80689,59,61,-2,2
80690,40,46,-6,6
80691,104,91,13,13
80692,118,112,6,6
80693,92,79,13,13
80694,157,153,4,4
80695,65,66,-1,1
80696,60,63,-3,3
80697,100,91,9,9
80698,31,34,-3,3
80699,94,85,9,9
80700,45,50,-5,5
80701,109,94,15,15
80702,85,74,11,11
80703,86,88,-2,2
80704,185,161,24,24
80705,97,86,11,11
80706,69,56,13,13
80707,194,175,19,19
80708,63,73,-10,10
80709,141,130,11,11
80710,87,71,16,16
80711,131,116,15,15
80712,152,129,23,23
80713,96,86,10,10
80714,111,103,8,8
80715,92,76,16,16
80716,108,95,13,13
80717,83,75,8,8
80718,52,56,-4,4
80719,103,99,4,4
80720,189,165,24,24
80721,80,64,16,16
80722,149,129,20,20
80723,146,122,24,24
80724,66,60,6,6
80725,38,42,-4,4
80726,124,122,2,2
80727,55,57,-2,2
80728,141,109,32,32
80729,83,109,-26,26
80730,144,141,3,3
80731,127,122,5,5
80732,80,67,13,13
80733,125,110,15,15
80734,115,101,14,14
80735,79,75,4,4
80736,73,71,2,2
80737,92,69,23,23
80738,84,83,1,1
80739,103,97,6,6
80740,104,103,1,1
80741,101,97,4,4
80742,92,90,2,2
80743,169,144,25,25
80744,53,51,2,2
80745,114,94,20,20
80746,138,130,8,8
80747,86,78,8,8
80748,85,80,5,5
80749,147,132,15,15
80750,58,63,-5,5
80751,128,116,12,12
80752,65,66,-1,1
80753,89,79,10,10
80754,95,91,4,4
80755,84,83,1,1
80756,115,99,16,16
80757,142,125,17,17
80758,120,106,14,14
80759,102,101,1,1
80760,121,131,-10,10
80761,48,53,-5,5
80762,127,97,30,30
80763,76,67,9,9
80764,133,115,18,18
80765,108,95,13,13
80766,67,63,4,4
80767,33,44,-11,11
80768,148,122,26,26
80769,115,95,20,20
80770,68,93,-25,25
80771,132,132,0,0
80772,167,143,24,24
80773,145,143,2,2
80774,126,116,10,10
80775,72,63,9,9
80776,108,105,3,3
80777,75,76,-1,1
80778,66,70,-4,4
80779,72,63,9,9
80780,99,87,12,12
80781,67,62,5,5
80782,113,103,10,10
80783,108,94,14,14
80784,94,85,9,9
80785,57,63,-6,6
80786,97,83,14,14
80787,64,66,-2,2
80788,127,118,9,9
80789,90,76,14,14
80790,185,168,17,17
80791,110,93,17,17
80792,59,62,-3,3
80793,119,100,19,19
80794,88,93,-5,5
80795,196,167,29,29
80796,95,89,6,6
80797,69,74,-5,5
80798,159,150,9,9
80799,66,78,-12,12
80800,100,83,17,17
80801,90,90,0,0
80802,71,65,6,6
80803,63,58,5,5
80804,104,88,16,16
80805,64,68,-4,4
80806,67,72,-5,5
80807,71,71,0,0
80808,155,133,22,22
80809,89,77,12,12
80810,128,115,13,13
80811,95,94,1,1
80812,51,51,0,0
80813,118,104,14,14
80814,102,94,8,8
80815,124,113,11,11
80816,68,67,1,1
80817,50,51,-1,1
80818,86,85,1,1
80819,89,85,4,4
80820,113,94,19,19
80821,126,114,12,12
80822,64,73,-9,9
80823,120,112,8,8
80824,62,67,-5,5
80825,73,83,-10,10
80826,145,131,14,14
80827,63,59,4,4
80828,80,84,-4,4
80829,82,78,4,4
80830,41,38,3,3
80831,93,88,5,5
80832,107,97,10,10
80833,60,57,3,3
80834,93,83,10,10
80835,97,89,8,8
80836,90,86,4,4
80837,111,108,3,3
80838,57,57,0,0
80839,75,70,5,5
80840,54,61,-7,7
80841,55,69,-14,14
80842,84,79,5,5
80843,95,89,6,6
80844,101,83,18,18
80845,91,83,8,8
80846,65,64,1,1
80847,59,60,-1,1
80848,112,100,12,12
80849,164,148,16,16
80850,61,63,-2,2
80851,75,74,1,1
80852,149,132,17,17
80853,152,128,24,24
80854,65,66,-1,1
80855,90,81,9,9
80856,96,94,2,2
80857,105,96,9,9
80858,75,73,2,2
80859,61,60,1,1
80860,102,91,11,11
80861,96,84,12,12
80862,96,81,15,15
80863,89,80,9,9
80864,100,90,10,10
80865,96,81,15,15
80866,57,56,1,1
80867,67,68,-1,1
80868,148,134,14,14
80869,108,97,11,11
80870,50,51,-1,1
80871,151,131,20,20
80872,72,75,-3,3
80873,55,59,-4,4
80874,166,133,33,33
80875,75,75,0,0
80876,154,127,27,27
80877,71,72,-1,1
80878,77,75,2,2
80879,72,62,10,10
80880,79,75,4,4
80881,166,142,24,24
80882,72,73,-1,1
80883,91,83,8,8
80884,80,79,1,1
80885,111,82,29,29
80886,81,84,-3,3
80887,74,72,2,2
80888,129,114,15,15
80889,120,103,17,17
80890,79,72,7,7
80891,95,76,19,19
80892,82,82,0,0
80893,124,106,18,18
80894,73,67,6,6
80895,328,413,-85,85
80896,95,80,15,15
80897,90,80,10,10
80898,105,98,7,7
80899,131,120,11,11
80900,96,80,16,16
80901,64,52,12,12
80902,129,104,25,25
80903,84,71,13,13
80904,126,111,15,15
80905,132,117,15,15
80906,108,100,8,8
80907,74,70,4,4
80908,122,108,14,14
80909,96,102,-6,6
80910,172,167,5,5
80911,150,128,22,22
80912,82,78,4,4
80913,119,112,7,7
80914,42,47,-5,5
80915,125,104,21,21
80916,47,42,5,5
80917,78,68,10,10
80918,51,54,-3,3
80919,56,60,-4,4
80920,100,100,0,0
80921,105,96,9,9
80922,241,180,61,61
80923,148,127,21,21
80924,49,50,-1,1
80925,116,104,12,12
80926,45,40,5,5
80927,89,77,12,12
80928,83,82,1,1
80929,106,100,6,6
80930,84,90,-6,6
80931,82,74,8,8
80932,69,69,0,0
80933,87,83,4,4
80934,85,96,-11,11
80935,75,65,10,10
80936,142,132,10,10
80937,84,79,5,5
80938,112,90,22,22
80939,74,73,1,1
80940,82,80,2,2
80941,96,92,4,4
80942,106,95,11,11
80943,41,50,-9,9
80944,70,63,7,7
80945,62,61,1,1
80946,108,102,6,6
80947,115,97,18,18
80948,79,71,8,8
80949,101,95,6,6
80950,73,67,6,6
80951,69,70,-1,1
80952,42,42,0,0
80953,130,115,15,15
80954,74,63,11,11
80955,69,68,1,1
80956,112,99,13,13
80957,95,92,3,3
80958,56,56,0,0
80959,98,89,9,9
80960,93,92,1,1
80961,93,84,9,9
80962,99,94,5,5
80963,137,118,19,19
80964,127,118,9,9
80965,82,74,8,8
80966,58,67,-9,9
80967,83,72,11,11
80968,130,111,19,19
80969,99,80,19,19
80970,134,123,11,11
80971,134,114,20,20
80972,73,68,5,5
80973,98,102,-4,4
80974,56,56,0,0
80975,106,102,4,4
80976,157,134,23,23
80977,70,67,3,3
80978,105,95,10,10
80979,108,107,1,1
80980,65,64,1,1
80981,82,72,10,10
80982,75,70,5,5
80983,88,85,3,3
80984,79,75,4,4
80985,85,88,-3,3
80986,98,87,11,11
80987,70,68,2,2
80988,132,127,5,5
80989,121,100,21,21
80990,120,126,-6,6
80991,131,112,19,19
80992,100,97,3,3
80993,103,95,8,8
80994,89,81,8,8
80995,87,84,3,3
80996,63,65,-2,2
80997,101,86,15,15
80998,80,72,8,8
80999,60,55,5,5
81000,53,55,-2,2
81001,147,124,23,23
81002,83,79,4,4
81003,91,86,5,5
81004,120,105,15,15
81005,79,73,6,6
81006,66,58,8,8
81007,126,97,29,29
81008,155,128,27,27
81009,73,71,2,2
81010,75,69,6,6
81011,110,103,7,7
81012,87,81,6,6
81013,92,83,9,9
81014,133,124,9,9
81015,100,87,13,13
81016,89,83,6,6
81017,73,73,0,0
81018,56,52,4,4
81019,117,100,17,17
81020,77,56,21,21
81021,58,53,5,5
81022,132,122,10,10
81023,149,119,30,30
81024,60,54,6,6
81025,88,77,11,11
81026,118,98,20,20
81027,71,74,-3,3
81028,158,143,15,15
81029,143,120,23,23
81030,63,70,-7,7
81031,49,54,-5,5
81032,111,99,12,12
81033,121,113,8,8
81034,97,83,14,14
81035,116,105,11,11
81036,58,55,3,3
81037,66,57,9,9
81038,63,56,7,7
81039,54,49,5,5
81040,83,81,2,2
81041,66,67,-1,1
81042,48,51,-3,3
81043,69,73,-4,4
81044,39,58,-19,19
81045,158,121,37,37
81046,48,51,-3,3
81047,63,59,4,4
81048,93,90,3,3
81049,87,78,9,9
81050,64,55,9,9
81051,148,111,37,37
81052,58,59,-1,1
81053,51,57,-6,6
81054,53,58,-5,5
81055,138,127,11,11
81056,75,73,2,2
81057,94,88,6,6
81058,49,58,-9,9
81059,132,128,4,4
81060,98,89,9,9
81061,97,99,-2,2
81062,100,86,14,14
81063,107,94,13,13
81064,65,59,6,6
81065,67,64,3,3
81066,54,53,1,1
81067,123,110,13,13
81068,133,112,21,21
81069,105,118,-13,13
81070,91,88,3,3
81071,121,111,10,10
81072,81,83,-2,2
81073,59,65,-6,6
81074,154,126,28,28
81075,85,82,3,3
81076,80,88,-8,8
81077,181,162,19,19
81078,112,100,12,12
81079,80,74,6,6
81080,140,118,22,22
81081,92,76,16,16
81082,87,73,14,14
81083,62,72,-10,10
81084,136,117,19,19
81085,74,69,5,5
81086,74,67,7,7
81087,45,43,2,2
81088,87,81,6,6
81089,81,73,8,8
81090,37,38,-1,1
81091,73,69,4,4
81092,81,78,3,3
81093,119,107,12,12
81094,139,127,12,12
81095,106,101,5,5
81096,105,97,8,8
81097,129,116,13,13
81098,97,94,3,3
81099,94,109,-15,15
81100,89,104,-15,15
81101,84,78,6,6
81102,182,149,33,33
81103,44,50,-6,6
81104,98,86,12,12
81105,83,74,9,9
81106,159,138,21,21
81107,61,59,2,2
81108,145,114,31,31
81109,113,124,-11,11
81110,74,72,2,2
81111,44,43,1,1
81112,70,76,-6,6
81113,87,99,-12,12
81114,156,132,24,24
81115,78,73,5,5
81116,99,84,15,15
81117,120,102,18,18
81118,100,105,-5,5
81119,90,79,11,11
81120,90,88,2,2
81121,126,118,8,8
81122,59,50,9,9
81123,82,75,7,7
81124,71,77,-6,6
81125,87,79,8,8
81126,72,76,-4,4
81127,112,97,15,15
81128,65,59,6,6
81129,68,68,0,0
81130,62,64,-2,2
81131,130,121,9,9
81132,60,57,3,3
81133,100,98,2,2
81134,48,51,-3,3
81135,97,89,8,8
81136,85,75,10,10
81137,143,111,32,32
81138,112,105,7,7
81139,70,70,0,0
81140,107,110,-3,3
81141,103,94,9,9
81142,79,69,10,10
81143,65,57,8,8
81144,74,66,8,8
81145,62,63,-1,1
81146,146,132,14,14
81147,138,121,17,17
81148,109,100,9,9
81149,57,55,2,2
81150,81,78,3,3
81151,100,92,8,8
81152,55,59,-4,4
81153,71,69,2,2
81154,137,116,21,21
81155,173,153,20,20
81156,53,57,-4,4
81157,69,65,4,4
81158,115,93,22,22
81159,71,73,-2,2
81160,129,113,16,16
81161,142,121,21,21
81162,48,51,-3,3
81163,77,74,3,3
81164,81,86,-5,5
81165,103,93,10,10
81166,75,70,5,5
81167,86,76,10,10
81168,105,100,5,5
81169,61,54,7,7
81170,109,95,14,14
81171,98,86,12,12
81172,153,140,13,13
81173,50,56,-6,6
81174,178,151,27,27
81175,85,76,9,9
81176,118,110,8,8
81177,94,79,15,15
81178,116,92,24,24
81179,92,81,11,11
81180,96,90,6,6
81181,44,47,-3,3
81182,96,88,8,8
81183,146,115,31,31
81184,90,74,16,16
81185,86,79,7,7
81186,112,106,6,6
81187,102,106,-4,4
81188,47,49,-2,2
81189,107,91,16,16
81190,52,62,-10,10
81191,122,114,8,8
81192,84,73,11,11
81193,76,74,2,2
81194,72,71,1,1
81195,181,159,22,22
81196,71,71,0,0
81197,92,90,2,2
81198,152,136,16,16
81199,133,123,10,10
81200,97,94,3,3
81201,135,126,9,9
81202,75,75,0,0
81203,99,93,6,6
81204,92,111,-19,19
81205,113,110,3,3
81206,65,61,4,4
81207,100,94,6,6
81208,124,120,4,4
81209,82,79,3,3
81210,111,107,4,4
81211,101,91,10,10
81212,60,60,0,0
81213,141,119,22,22
81214,69,68,1,1
81215,141,132,9,9
81216,111,92,19,19
81217,169,152,17,17
81218,126,112,14,14
81219,75,77,-2,2
81220,120,104,16,16
81221,141,134,7,7
81222,104,108,-4,4
81223,48,54,-6,6
81224,93,87,6,6
81225,140,125,15,15
81226,97,79,18,18
81227,110,96,14,14
81228,45,42,3,3
81229,92,87,5,5
81230,87,70,17,17
81231,90,77,13,13
81232,68,69,-1,1
81233,64,68,-4,4
81234,59,53,6,6
81235,135,121,14,14
81236,52,56,-4,4
81237,121,118,3,3
81238,78,77,1,1
81239,97,90,7,7
81240,64,84,-20,20
81241,113,106,7,7
81242,83,78,5,5
81243,79,71,8,8
81244,77,79,-2,2
81245,56,59,-3,3
81246,156,138,18,18
81247,134,119,15,15
81248,66,65,1,1
81249,113,107,6,6
81250,89,81,8,8
81251,95,93,2,2
81252,98,93,5,5
81253,137,133,4,4
81254,113,97,16,16
81255,173,147,26,26
81256,122,110,12,12
81257,92,83,9,9
81258,142,123,19,19
81259,82,77,5,5
81260,42,42,0,0
81261,116,128,-12,12
81262,89,84,5,5
81263,140,125,15,15
81264,130,100,30,30
81265,80,72,8,8
81266,113,109,4,4
81267,60,59,1,1
81268,143,156,-13,13
81269,86,76,10,10
81270,126,110,16,16
81271,75,67,8,8
81272,120,105,15,15
81273,125,107,18,18
81274,195,168,27,27
81275,71,69,2,2
81276,131,118,13,13
81277,111,104,7,7
81278,89,89,0,0
81279,93,85,8,8
81280,80,77,3,3
81281,80,72,8,8
81282,46,44,2,2
81283,134,118,16,16
81284,83,76,7,7
81285,145,131,14,14
81286,80,76,4,4
81287,82,70,12,12
81288,86,72,14,14
81289,62,68,-6,6
81290,46,51,-5,5
81291,112,98,14,14
81292,99,92,7,7
81293,145,124,21,21
81294,166,154,12,12
81295,45,51,-6,6
81296,126,101,25,25
81297,89,80,9,9
81298,99,97,2,2
81299,77,73,4,4
81300,119,100,19,19
81301,93,103,-10,10
81302,102,101,1,1
81303,62,60,2,2
81304,57,56,1,1
81305,63,63,0,0
81306,56,54,2,2
81307,137,124,13,13
81308,101,90,11,11
81309,90,77,13,13
81310,136,122,14,14
81311,70,63,7,7
81312,81,77,4,4
81313,66,59,7,7
81314,93,86,7,7
81315,73,66,7,7
81316,90,82,8,8
81317,83,77,6,6
81318,89,81,8,8
81319,103,101,2,2
81320,105,92,13,13
81321,83,96,-13,13
81322,115,108,7,7
81323,99,95,4,4
81324,85,84,1,1
81325,73,74,-1,1
81326,80,80,0,0
81327,49,56,-7,7
81328,80,74,6,6
81329,63,65,-2,2
81330,33,35,-2,2
81331,178,167,11,11
81332,105,120,-15,15
81333,41,55,-14,14
81334,92,89,3,3
81335,98,88,10,10
81336,71,69,2,2
81337,30,31,-1,1
81338,62,62,0,0
81339,126,133,-7,7
81340,102,95,7,7
81341,122,113,9,9
81342,79,76,3,3
81343,152,130,22,22
81344,159,133,26,26
81345,161,150,11,11
81346,71,63,8,8
81347,84,81,3,3
81348,118,99,19,19
81349,73,69,4,4
81350,118,110,8,8
81351,102,82,20,20
81352,69,75,-6,6
81353,101,88,13,13
81354,127,108,19,19
81355,84,72,12,12
81356,40,37,3,3
81357,70,65,5,5
81358,135,115,20,20
81359,77,75,2,2
81360,78,74,4,4
81361,70,68,2,2
81362,73,76,-3,3
81363,85,78,7,7
81364,106,93,13,13
81365,151,133,18,18
81366,153,142,11,11
81367,133,112,21,21
81368,121,110,11,11
81369,110,100,10,10
81370,71,76,-5,5
81371,98,90,8,8
81372,126,121,5,5
81373,86,83,3,3
81374,77,73,4,4
81375,198,169,29,29
81376,133,121,12,12
81377,124,120,4,4
81378,90,79,11,11
81379,60,60,0,0
81380,80,87,-7,7
81381,47,51,-4,4
81382,82,71,11,11
81383,119,90,29,29
81384,66,64,2,2
81385,136,113,23,23
81386,141,121,20,20
81387,50,61,-11,11
81388,71,74,-3,3
81389,98,90,8,8
81390,121,98,23,23
81391,81,84,-3,3
81392,117,105,12,12
81393,112,102,10,10
81394,94,87,7,7
81395,55,71,-16,16
81396,97,100,-3,3
81397,92,92,0,0
81398,137,126,11,11
81399,54,54,0,0
81400,140,127,13,13
81401,138,117,21,21
81402,85,79,6,6
81403,84,86,-2,2
81404,104,95,9,9
81405,113,104,9,9
81406,109,106,3,3
81407,76,85,-9,9
81408,79,78,1,1
81409,65,61,4,4
81410,81,74,7,7
81411,131,111,20,20
81412,204,166,38,38
81413,77,69,8,8
81414,161,133,28,28
81415,97,93,4,4
81416,110,91,19,19
81417,76,73,3,3
81418,70,64,6,6
81419,122,115,7,7
81420,52,55,-3,3
81421,121,112,9,9
81422,89,84,5,5
81423,99,83,16,16
81424,62,60,2,2
81425,117,103,14,14
81426,92,92,0,0
81427,169,151,18,18
81428,122,106,16,16
81429,88,88,0,0
81430,94,84,10,10
81431,163,128,35,35
81432,72,66,6,6
81433,87,88,-1,1
81434,104,105,-1,1
81435,51,55,-4,4
81436,57,53,4,4
81437,149,134,15,15
81438,87,82,5,5
81439,109,102,7,7
81440,120,105,15,15
81441,79,70,9,9
81442,129,116,13,13
81443,162,137,25,25
81444,133,121,12,12
81445,82,76,6,6
81446,110,102,8,8
81447,180,153,27,27
81448,104,93,11,11
81449,134,119,15,15
81450,114,98,16,16
81451,130,132,-2,2
81452,94,92,2,2
81453,182,154,28,28
81454,93,90,3,3
81455,74,75,-1,1
81456,66,65,1,1
81457,164,201,-37,37
81458,125,151,-26,26
81459,74,77,-3,3
81460,148,135,13,13
81461,69,67,2,2
81462,98,88,10,10
81463,71,70,1,1
81464,107,95,12,12
81465,133,112,21,21
81466,72,65,7,7
81467,68,65,3,3
81468,97,88,9,9
81469,185,151,34,34
81470,184,165,19,19
81471,106,106,0,0
81472,143,134,9,9
81473,82,89,-7,7
81474,47,55,-8,8
81475,82,71,11,11
81476,97,80,17,17
81477,58,59,-1,1
81478,115,99,16,16
81479,137,110,27,27
81480,112,102,10,10
81481,101,92,9,9
81482,56,55,1,1
81483,80,72,8,8
81484,79,77,2,2
81485,186,151,35,35
81486,79,67,12,12
81487,80,68,12,12
81488,85,75,10,10
81489,123,104,19,19
81490,94,78,16,16
81491,71,79,-8,8
81492,83,79,4,4
81493,45,49,-4,4
81494,120,134,-14,14
81495,165,147,18,18
81496,73,73,0,0
81497,87,78,9,9
81498,80,78,2,2
81499,132,128,4,4
81500,82,73,9,9
81501,77,72,5,5
81502,62,62,0,0
81503,74,72,2,2
81504,87,88,-1,1
81505,142,125,17,17
81506,119,102,17,17
81507,62,63,-1,1
