,original,predict,differ,abs
0,67,75,-8,8
1,58,64,-6,6
2,88,89,-1,1
3,183,173,10,10
4,81,80,1,1
5,88,88,0,0
6,83,88,-5,5
7,183,138,45,45
8,81,79,2,2
9,117,119,-2,2
10,64,58,6,6
11,59,68,-9,9
12,74,73,1,1
13,100,106,-6,6
14,103,104,-1,1
15,66,68,-2,2
16,97,98,-1,1
17,120,105,15,15
18,79,80,-1,1
19,110,119,-9,9
20,217,196,21,21
21,156,152,4,4
22,97,87,10,10
23,101,121,-20,20
24,82,75,7,7
25,127,120,7,7
26,112,114,-2,2
27,191,171,20,20
28,48,45,3,3
29,106,115,-9,9
30,133,133,0,0
31,57,65,-8,8
32,108,106,2,2
33,89,81,8,8
34,50,60,-10,10
35,62,44,18,18
36,102,100,2,2
37,55,54,1,1
38,89,106,-17,17
39,96,107,-11,11
40,70,72,-2,2
41,115,120,-5,5
42,82,82,0,0
43,102,103,-1,1
44,167,144,23,23
45,82,88,-6,6
46,118,129,-11,11
47,85,80,5,5
48,93,93,0,0
49,111,100,11,11
50,77,74,3,3
51,136,131,5,5
52,109,98,11,11
53,85,98,-13,13
54,133,122,11,11
55,138,128,10,10
56,100,121,-21,21
57,130,130,0,0
58,96,104,-8,8
59,58,58,0,0
60,115,117,-2,2
61,73,78,-5,5
62,135,125,10,10
63,177,174,3,3
64,96,103,-7,7
65,77,80,-3,3
66,84,87,-3,3
67,105,99,6,6
68,193,187,6,6
69,143,144,-1,1
70,111,103,8,8
71,104,93,11,11
72,265,248,17,17
73,88,90,-2,2
74,78,81,-3,3
75,58,61,-3,3
76,86,81,5,5
77,59,66,-7,7
78,139,138,1,1
79,96,95,1,1
80,90,85,5,5
81,83,82,1,1
82,133,132,1,1
83,141,140,1,1
84,72,68,4,4
85,75,75,0,0
86,43,45,-2,2
87,68,70,-2,2
88,170,137,33,33
89,92,102,-10,10
90,64,87,-23,23
91,101,111,-10,10
92,82,73,9,9
93,81,77,4,4
94,75,76,-1,1
95,99,99,0,0
96,45,57,-12,12
97,186,184,2,2
98,127,141,-14,14
99,100,106,-6,6
100,66,67,-1,1
101,129,110,19,19
102,107,115,-8,8
103,128,125,3,3
104,90,83,7,7
105,68,73,-5,5
106,107,110,-3,3
107,90,86,4,4
108,89,91,-2,2
109,70,73,-3,3
110,174,150,24,24
111,90,82,8,8
112,76,78,-2,2
113,67,65,2,2
114,76,87,-11,11
115,168,161,7,7
116,91,87,4,4
117,103,107,-4,4
118,91,88,3,3
119,67,74,-7,7
120,118,125,-7,7
121,51,52,-1,1
122,76,82,-6,6
123,110,117,-7,7
124,99,91,8,8
125,96,101,-5,5
126,169,174,-5,5
127,89,93,-4,4
128,94,103,-9,9
129,123,132,-9,9
130,186,182,4,4
131,132,131,1,1
132,102,93,9,9
133,78,83,-5,5
134,129,118,11,11
135,116,104,12,12
136,136,129,7,7
137,131,131,0,0
138,105,107,-2,2
139,69,69,0,0
140,66,64,2,2
141,127,121,6,6
142,127,124,3,3
143,66,80,-14,14
144,112,120,-8,8
145,115,108,7,7
146,98,90,8,8
147,69,67,2,2
148,93,83,10,10
149,121,128,-7,7
150,92,99,-7,7
151,73,72,1,1
152,139,137,2,2
153,80,84,-4,4
154,89,92,-3,3
155,67,67,0,0
156,66,65,1,1
157,81,85,-4,4
158,59,62,-3,3
159,128,131,-3,3
160,109,116,-7,7
161,50,47,3,3
162,74,70,4,4
163,80,83,-3,3
164,132,125,7,7
165,51,56,-5,5
166,115,115,0,0
167,70,85,-15,15
168,159,143,16,16
169,151,156,-5,5
170,94,100,-6,6
171,81,98,-17,17
172,77,82,-5,5
173,42,45,-3,3
174,135,132,3,3
175,106,102,4,4
176,50,55,-5,5
177,162,142,20,20
178,130,115,15,15
179,120,104,16,16
180,84,88,-4,4
181,76,81,-5,5
182,67,71,-4,4
183,75,71,4,4
184,39,40,-1,1
185,119,108,11,11
186,55,61,-6,6
187,90,83,7,7
188,124,128,-4,4
189,171,173,-2,2
190,70,71,-1,1
191,137,136,1,1
192,127,135,-8,8
193,143,151,-8,8
194,195,164,31,31
195,112,109,3,3
196,43,51,-8,8
197,114,112,2,2
198,111,115,-4,4
199,80,81,-1,1
200,128,114,14,14
201,176,176,0,0
202,64,61,3,3
203,142,136,6,6
204,100,93,7,7
205,63,58,5,5
206,145,135,10,10
207,101,100,1,1
208,78,75,3,3
209,98,93,5,5
210,147,149,-2,2
211,50,53,-3,3
212,70,70,0,0
213,175,168,7,7
214,87,105,-18,18
215,87,78,9,9
216,108,125,-17,17
217,67,67,0,0
218,95,101,-6,6
219,89,99,-10,10
220,135,141,-6,6
221,79,89,-10,10
222,43,53,-10,10
223,195,161,34,34
224,83,87,-4,4
225,81,89,-8,8
226,63,71,-8,8
227,119,119,0,0
228,98,100,-2,2
229,44,49,-5,5
230,47,54,-7,7
231,87,69,18,18
232,90,78,12,12
233,62,68,-6,6
234,103,101,2,2
235,140,142,-2,2
236,114,116,-2,2
237,57,71,-14,14
238,81,81,0,0
239,74,103,-29,29
240,61,72,-11,11
241,43,41,2,2
242,55,60,-5,5
243,100,89,11,11
244,124,110,14,14
245,107,107,0,0
246,121,126,-5,5
247,86,100,-14,14
248,146,136,10,10
249,147,149,-2,2
250,47,39,8,8
251,124,115,9,9
252,89,90,-1,1
253,50,60,-10,10
254,110,114,-4,4
255,158,153,5,5
256,86,81,5,5
257,102,106,-4,4
258,107,112,-5,5
259,64,69,-5,5
260,136,132,4,4
261,125,113,12,12
262,115,107,8,8
263,71,70,1,1
264,80,79,1,1
265,82,88,-6,6
266,79,82,-3,3
267,102,100,2,2
268,49,59,-10,10
269,109,117,-8,8
270,52,55,-3,3
271,72,70,2,2
272,68,74,-6,6
273,151,156,-5,5
274,112,112,0,0
275,97,114,-17,17
276,82,91,-9,9
277,72,80,-8,8
278,125,133,-8,8
279,128,131,-3,3
280,94,100,-6,6
281,76,70,6,6
282,71,76,-5,5
283,112,114,-2,2
284,75,73,2,2
285,77,73,4,4
286,78,71,7,7
287,89,82,7,7
288,88,83,5,5
289,97,97,0,0
290,80,77,3,3
291,67,71,-4,4
292,83,87,-4,4
293,85,82,3,3
294,76,71,5,5
295,64,64,0,0
296,107,114,-7,7
297,141,151,-10,10
298,130,128,2,2
299,51,60,-9,9
300,66,64,2,2
301,75,78,-3,3
302,186,168,18,18
303,86,80,6,6
304,141,142,-1,1
305,83,78,5,5
306,85,82,3,3
307,148,133,15,15
308,87,87,0,0
309,77,71,6,6
310,27,39,-12,12
311,88,86,2,2
312,92,86,6,6
313,86,92,-6,6
314,135,135,0,0
315,77,72,5,5
316,73,73,0,0
317,133,137,-4,4
318,51,53,-2,2
319,125,118,7,7
320,98,111,-13,13
321,143,138,5,5
322,140,136,4,4
323,87,91,-4,4
324,89,74,15,15
325,69,73,-4,4
326,96,73,23,23
327,127,120,7,7
328,79,77,2,2
329,137,125,12,12
330,85,87,-2,2
331,84,89,-5,5
332,52,61,-9,9
333,77,75,2,2
334,78,86,-8,8
335,104,101,3,3
336,89,99,-10,10
337,89,58,31,31
338,56,55,1,1
339,106,87,19,19
340,71,66,5,5
341,132,122,10,10
342,82,78,4,4
343,100,92,8,8
344,51,59,-8,8
345,66,65,1,1
346,85,79,6,6
347,112,113,-1,1
348,34,52,-18,18
349,134,121,13,13
350,93,101,-8,8
351,114,133,-19,19
352,137,128,9,9
353,88,90,-2,2
354,108,117,-9,9
355,106,100,6,6
356,146,176,-30,30
357,54,69,-15,15
358,170,141,29,29
359,86,74,12,12
360,110,98,12,12
361,82,80,2,2
362,101,100,1,1
363,64,69,-5,5
364,44,52,-8,8
365,84,82,2,2
366,60,59,1,1
367,101,106,-5,5
368,120,112,8,8
369,60,59,1,1
370,130,126,4,4
371,41,46,-5,5
372,116,112,4,4
373,58,59,-1,1
374,77,75,2,2
375,96,103,-7,7
376,88,98,-10,10
377,103,102,1,1
378,35,34,1,1
379,64,63,1,1
380,86,77,9,9
381,89,88,1,1
382,108,108,0,0
383,116,110,6,6
384,82,84,-2,2
385,65,67,-2,2
386,64,71,-7,7
387,134,129,5,5
388,65,68,-3,3
389,77,76,1,1
390,120,121,-1,1
391,54,57,-3,3
392,90,90,0,0
393,87,91,-4,4
394,97,94,3,3
395,17,10,7,7
396,69,89,-20,20
397,31,41,-10,10
398,90,90,0,0
399,104,107,-3,3
400,97,93,4,4
401,52,61,-9,9
402,81,82,-1,1
403,88,85,3,3
404,150,152,-2,2
405,103,114,-11,11
406,47,49,-2,2
407,119,118,1,1
408,107,116,-9,9
409,88,64,24,24
410,85,85,0,0
411,95,100,-5,5
412,89,83,6,6
413,87,89,-2,2
414,148,136,12,12
415,98,99,-1,1
416,148,151,-3,3
417,77,81,-4,4
418,70,74,-4,4
419,64,63,1,1
420,110,130,-20,20
421,143,148,-5,5
422,122,169,-47,47
423,82,83,-1,1
424,112,113,-1,1
425,128,131,-3,3
426,148,151,-3,3
427,80,79,1,1
428,56,57,-1,1
429,90,90,0,0
430,110,111,-1,1
431,88,100,-12,12
432,91,92,-1,1
433,99,99,0,0
434,122,118,4,4
435,66,64,2,2
436,106,105,1,1
437,65,63,2,2
438,164,153,11,11
439,68,68,0,0
440,48,67,-19,19
441,88,80,8,8
442,107,109,-2,2
443,58,64,-6,6
444,91,89,2,2
445,113,108,5,5
446,107,103,4,4
447,101,99,2,2
448,72,83,-11,11
449,134,132,2,2
450,87,89,-2,2
451,64,65,-1,1
452,72,69,3,3
453,146,151,-5,5
454,110,111,-1,1
455,104,106,-2,2
456,129,135,-6,6
457,134,142,-8,8
458,123,126,-3,3
459,62,62,0,0
460,71,73,-2,2
461,58,65,-7,7
462,88,84,4,4
463,134,136,-2,2
464,81,83,-2,2
465,77,89,-12,12
466,118,117,1,1
467,131,128,3,3
468,66,65,1,1
469,61,65,-4,4
470,43,38,5,5
471,121,123,-2,2
472,101,111,-10,10
473,112,104,8,8
474,67,65,2,2
475,88,83,5,5
476,57,53,4,4
477,93,82,11,11
478,77,65,12,12
479,57,60,-3,3
480,55,70,-15,15
481,68,69,-1,1
482,118,114,4,4
483,63,67,-4,4
484,110,118,-8,8
485,58,58,0,0
486,119,108,11,11
487,110,140,-30,30
488,146,142,4,4
489,50,46,4,4
490,104,103,1,1
491,136,131,5,5
492,145,148,-3,3
493,110,104,6,6
494,124,133,-9,9
495,117,115,2,2
496,134,129,5,5
497,98,87,11,11
498,104,127,-23,23
499,78,74,4,4
500,100,99,1,1
501,45,55,-10,10
502,108,116,-8,8
503,50,60,-10,10
504,69,76,-7,7
505,106,103,3,3
506,66,64,2,2
507,61,65,-4,4
508,96,97,-1,1
509,96,89,7,7
510,53,59,-6,6
511,93,98,-5,5
512,80,75,5,5
513,73,74,-1,1
514,70,77,-7,7
515,100,92,8,8
516,137,134,3,3
517,114,117,-3,3
518,70,71,-1,1
519,55,66,-11,11
520,108,98,10,10
521,138,139,-1,1
522,95,99,-4,4
523,142,140,2,2
524,83,83,0,0
525,122,116,6,6
526,97,98,-1,1
527,56,56,0,0
528,122,121,1,1
529,73,75,-2,2
530,69,60,9,9
531,95,102,-7,7
532,68,75,-7,7
533,95,95,0,0
534,78,92,-14,14
535,90,87,3,3
536,106,107,-1,1
537,42,46,-4,4
538,76,80,-4,4
539,157,167,-10,10
540,119,116,3,3
541,99,104,-5,5
542,61,67,-6,6
543,102,100,2,2
544,92,99,-7,7
545,124,113,11,11
546,82,86,-4,4
547,76,80,-4,4
548,67,71,-4,4
549,148,140,8,8
550,74,77,-3,3
551,66,74,-8,8
552,108,112,-4,4
553,64,65,-1,1
554,102,103,-1,1
555,63,61,2,2
556,66,61,5,5
557,74,71,3,3
558,74,77,-3,3
559,67,71,-4,4
560,86,94,-8,8
561,81,93,-12,12
562,90,98,-8,8
563,47,52,-5,5
564,68,76,-8,8
565,88,78,10,10
566,83,81,2,2
567,76,74,2,2
568,55,59,-4,4
569,100,111,-11,11
570,108,123,-15,15
571,178,165,13,13
572,80,82,-2,2
573,82,84,-2,2
574,149,136,13,13
575,69,73,-4,4
576,70,77,-7,7
577,90,106,-16,16
578,91,89,2,2
579,75,69,6,6
580,88,85,3,3
581,134,126,8,8
582,49,59,-10,10
583,51,54,-3,3
584,113,106,7,7
585,88,87,1,1
586,53,53,0,0
587,84,65,19,19
588,105,103,2,2
589,85,78,7,7
590,105,103,2,2
591,75,76,-1,1
592,139,136,3,3
593,103,101,2,2
594,87,92,-5,5
595,65,78,-13,13
596,74,73,1,1
597,98,106,-8,8
598,110,107,3,3
599,112,108,4,4
600,88,80,8,8
601,85,83,2,2
602,55,55,0,0
603,86,82,4,4
604,124,125,-1,1
605,114,117,-3,3
606,57,59,-2,2
607,56,62,-6,6
608,78,75,3,3
609,122,138,-16,16
610,79,73,6,6
611,81,77,4,4
612,117,113,4,4
613,112,121,-9,9
614,95,100,-5,5
615,195,176,19,19
616,76,88,-12,12
617,104,99,5,5
618,112,110,2,2
619,103,107,-4,4
620,91,99,-8,8
621,105,103,2,2
622,127,110,17,17
623,60,66,-6,6
624,111,112,-1,1
625,106,107,-1,1
626,109,110,-1,1
627,85,87,-2,2
628,67,74,-7,7
629,81,84,-3,3
630,83,85,-2,2
631,56,63,-7,7
632,92,90,2,2
633,71,80,-9,9
634,95,88,7,7
635,93,99,-6,6
636,144,147,-3,3
637,53,57,-4,4
638,77,87,-10,10
639,71,70,1,1
640,95,103,-8,8
641,95,103,-8,8
642,61,58,3,3
643,141,130,11,11
644,133,127,6,6
645,94,87,7,7
646,112,116,-4,4
647,84,84,0,0
648,92,92,0,0
649,84,83,1,1
650,94,99,-5,5
651,72,75,-3,3
652,102,119,-17,17
653,61,64,-3,3
654,108,116,-8,8
655,105,109,-4,4
656,85,87,-2,2
657,74,79,-5,5
658,50,52,-2,2
659,101,99,2,2
660,82,75,7,7
661,108,91,17,17
662,148,142,6,6
663,126,121,5,5
664,136,149,-13,13
665,75,78,-3,3
666,36,37,-1,1
667,42,56,-14,14
668,69,67,2,2
669,126,124,2,2
670,109,101,8,8
671,90,89,1,1
672,116,106,10,10
673,151,183,-32,32
674,147,145,2,2
675,52,97,-45,45
676,107,113,-6,6
677,90,90,0,0
678,162,148,14,14
679,103,107,-4,4
680,150,137,13,13
681,62,77,-15,15
682,111,113,-2,2
683,77,84,-7,7
684,166,168,-2,2
685,151,160,-9,9
686,116,120,-4,4
687,79,80,-1,1
688,94,117,-23,23
689,110,114,-4,4
690,152,138,14,14
691,176,162,14,14
692,92,93,-1,1
693,156,150,6,6
694,92,99,-7,7
695,77,73,4,4
696,32,49,-17,17
697,87,90,-3,3
698,108,110,-2,2
699,104,95,9,9
700,70,69,1,1
701,66,54,12,12
702,118,112,6,6
703,65,67,-2,2
704,111,104,7,7
705,74,70,4,4
706,81,86,-5,5
707,88,81,7,7
708,87,82,5,5
709,116,125,-9,9
710,47,45,2,2
711,95,101,-6,6
712,44,52,-8,8
713,91,108,-17,17
714,83,84,-1,1
715,137,131,6,6
716,80,81,-1,1
717,147,137,10,10
718,119,123,-4,4
719,137,115,22,22
720,133,142,-9,9
721,89,92,-3,3
722,150,143,7,7
723,108,103,5,5
724,96,81,15,15
725,88,84,4,4
726,140,130,10,10
727,128,132,-4,4
728,53,55,-2,2
729,100,113,-13,13
730,58,70,-12,12
731,110,104,6,6
732,125,124,1,1
733,124,111,13,13
734,109,121,-12,12
735,122,127,-5,5
736,95,99,-4,4
737,93,94,-1,1
738,85,79,6,6
739,98,85,13,13
740,68,77,-9,9
741,48,48,0,0
742,97,103,-6,6
743,81,81,0,0
744,88,83,5,5
745,91,113,-22,22
746,64,63,1,1
747,204,185,19,19
748,114,112,2,2
749,185,155,30,30
750,75,75,0,0
751,70,67,3,3
752,145,148,-3,3
753,87,83,4,4
754,45,51,-6,6
755,73,71,2,2
756,125,131,-6,6
757,60,65,-5,5
758,95,98,-3,3
759,119,104,15,15
760,76,73,3,3
761,56,61,-5,5
762,44,56,-12,12
763,98,102,-4,4
764,86,77,9,9
765,161,145,16,16
766,102,120,-18,18
767,103,106,-3,3
768,69,75,-6,6
769,151,158,-7,7
770,92,73,19,19
771,80,88,-8,8
772,87,88,-1,1
773,108,102,6,6
774,51,53,-2,2
775,110,111,-1,1
776,64,62,2,2
777,73,70,3,3
778,92,89,3,3
779,93,97,-4,4
780,103,104,-1,1
781,49,47,2,2
782,71,77,-6,6
783,70,68,2,2
784,67,66,1,1
785,100,100,0,0
786,93,102,-9,9
787,75,75,0,0
788,97,101,-4,4
789,84,87,-3,3
790,140,129,11,11
791,151,141,10,10
792,78,83,-5,5
793,79,78,1,1
794,108,122,-14,14
795,95,97,-2,2
796,98,97,1,1
797,119,124,-5,5
798,83,99,-16,16
799,67,71,-4,4
800,64,67,-3,3
801,102,98,4,4
802,75,77,-2,2
803,68,79,-11,11
804,78,77,1,1
805,53,54,-1,1
806,126,126,0,0
807,89,98,-9,9
808,85,98,-13,13
809,64,70,-6,6
810,85,82,3,3
811,74,71,3,3
812,66,66,0,0
813,79,73,6,6
814,125,108,17,17
815,119,115,4,4
816,26,48,-22,22
817,66,67,-1,1
818,88,80,8,8
819,111,100,11,11
820,86,81,5,5
821,76,85,-9,9
822,86,82,4,4
823,145,134,11,11
824,46,49,-3,3
825,107,102,5,5
826,99,91,8,8
827,63,63,0,0
828,68,69,-1,1
829,100,89,11,11
830,110,121,-11,11
831,77,79,-2,2
832,66,72,-6,6
833,64,63,1,1
834,77,84,-7,7
835,144,146,-2,2
836,106,105,1,1
837,93,102,-9,9
838,73,81,-8,8
839,103,110,-7,7
840,105,112,-7,7
841,75,77,-2,2
842,83,79,4,4
843,112,115,-3,3
844,156,148,8,8
845,156,147,9,9
846,77,83,-6,6
847,76,77,-1,1
848,95,98,-3,3
849,41,54,-13,13
850,106,118,-12,12
851,135,131,4,4
852,92,102,-10,10
853,91,100,-9,9
854,112,112,0,0
855,84,87,-3,3
856,77,71,6,6
857,29,57,-28,28
858,64,67,-3,3
859,143,129,14,14
860,59,59,0,0
861,155,150,5,5
862,207,168,39,39
863,129,118,11,11
864,115,109,6,6
865,108,103,5,5
866,162,145,17,17
867,69,73,-4,4
868,62,73,-11,11
869,79,95,-16,16
870,57,59,-2,2
871,90,89,1,1
872,98,98,0,0
873,108,109,-1,1
874,80,101,-21,21
875,114,104,10,10
876,57,58,-1,1
877,41,109,-68,68
878,90,87,3,3
879,84,72,12,12
880,87,89,-2,2
881,70,76,-6,6
882,109,110,-1,1
883,76,76,0,0
884,62,54,8,8
885,83,78,5,5
886,124,134,-10,10
887,122,125,-3,3
888,55,59,-4,4
889,108,119,-11,11
890,109,114,-5,5
891,52,71,-19,19
892,134,120,14,14
893,60,56,4,4
894,71,75,-4,4
895,123,117,6,6
896,60,63,-3,3
897,140,136,4,4
898,109,97,12,12
899,150,170,-20,20
900,74,78,-4,4
901,94,83,11,11
902,71,77,-6,6
903,139,131,8,8
904,87,96,-9,9
905,72,74,-2,2
906,53,52,1,1
907,163,147,16,16
908,111,97,14,14
909,70,64,6,6
910,46,52,-6,6
911,138,134,4,4
912,127,123,4,4
913,70,75,-5,5
914,107,121,-14,14
915,64,64,0,0
916,69,81,-12,12
917,196,186,10,10
918,136,138,-2,2
919,52,55,-3,3
920,79,81,-2,2
921,109,119,-10,10
922,78,81,-3,3
923,115,118,-3,3
924,77,83,-6,6
925,110,108,2,2
926,74,70,4,4
927,49,48,1,1
928,55,58,-3,3
929,145,134,11,11
930,119,120,-1,1
931,96,98,-2,2
932,196,190,6,6
933,72,78,-6,6
934,90,99,-9,9
935,62,106,-44,44
936,118,111,7,7
937,137,143,-6,6
938,79,78,1,1
939,152,144,8,8
940,87,100,-13,13
941,112,114,-2,2
942,62,66,-4,4
943,72,77,-5,5
944,109,109,0,0
945,83,80,3,3
946,68,66,2,2
947,97,100,-3,3
948,59,62,-3,3
949,173,153,20,20
950,73,70,3,3
951,85,90,-5,5
952,62,65,-3,3
953,75,71,4,4
954,90,93,-3,3
955,93,100,-7,7
956,98,102,-4,4
957,116,113,3,3
958,50,49,1,1
959,106,110,-4,4
960,114,109,5,5
961,98,95,3,3
962,184,181,3,3
963,69,73,-4,4
964,147,142,5,5
965,29,57,-28,28
966,108,119,-11,11
967,65,66,-1,1
968,96,96,0,0
969,84,90,-6,6
970,70,68,2,2
971,162,155,7,7
972,112,116,-4,4
973,71,70,1,1
974,139,127,12,12
975,72,81,-9,9
976,68,73,-5,5
977,76,80,-4,4
978,87,87,0,0
979,52,51,1,1
980,115,113,2,2
981,161,151,10,10
982,88,81,7,7
983,107,107,0,0
984,84,77,7,7
985,90,87,3,3
986,55,58,-3,3
987,138,129,9,9
988,90,84,6,6
989,114,106,8,8
990,111,126,-15,15
991,44,45,-1,1
992,111,122,-11,11
993,128,111,17,17
994,98,92,6,6
995,93,86,7,7
996,74,72,2,2
997,130,132,-2,2
998,82,97,-15,15
999,178,156,22,22
1000,42,49,-7,7
1001,96,88,8,8
1002,39,51,-12,12
1003,75,76,-1,1
1004,147,144,3,3
1005,102,107,-5,5
1006,212,194,18,18
1007,64,66,-2,2
1008,91,89,2,2
1009,39,40,-1,1
1010,92,102,-10,10
1011,159,148,11,11
1012,119,112,7,7
1013,128,127,1,1
1014,125,122,3,3
1015,63,69,-6,6
1016,117,114,3,3
1017,117,121,-4,4
1018,35,45,-10,10
1019,108,113,-5,5
1020,108,103,5,5
1021,77,78,-1,1
1022,88,87,1,1
1023,45,50,-5,5
1024,88,101,-13,13
1025,110,102,8,8
1026,93,88,5,5
1027,77,83,-6,6
1028,144,137,7,7
1029,63,70,-7,7
1030,56,52,4,4
1031,143,136,7,7
1032,119,134,-15,15
1033,85,81,4,4
1034,94,90,4,4
1035,115,122,-7,7
1036,117,121,-4,4
1037,71,70,1,1
1038,79,84,-5,5
1039,119,90,29,29
1040,78,77,1,1
1041,101,118,-17,17
1042,89,98,-9,9
1043,91,99,-8,8
1044,112,112,0,0
1045,131,132,-1,1
1046,43,48,-5,5
1047,162,159,3,3
1048,55,59,-4,4
1049,116,120,-4,4
1050,49,50,-1,1
1051,88,80,8,8
1052,108,108,0,0
1053,72,66,6,6
1054,115,112,3,3
1055,55,57,-2,2
1056,146,135,11,11
1057,97,80,17,17
1058,81,81,0,0
1059,146,138,8,8
1060,133,128,5,5
1061,62,66,-4,4
1062,148,144,4,4
1063,98,87,11,11
1064,81,71,10,10
1065,73,77,-4,4
1066,81,75,6,6
1067,148,141,7,7
1068,141,129,12,12
1069,56,54,2,2
1070,123,118,5,5
1071,83,77,6,6
1072,117,123,-6,6
1073,99,102,-3,3
1074,99,106,-7,7
1075,64,65,-1,1
1076,92,85,7,7
1077,40,40,0,0
1078,183,170,13,13
1079,44,59,-15,15
1080,115,116,-1,1
1081,49,54,-5,5
1082,127,124,3,3
1083,155,141,14,14
1084,81,89,-8,8
1085,92,83,9,9
1086,74,65,9,9
1087,108,110,-2,2
1088,57,63,-6,6
1089,61,69,-8,8
1090,125,126,-1,1
1091,97,89,8,8
1092,60,100,-40,40
1093,78,77,1,1
1094,71,81,-10,10
1095,84,85,-1,1
1096,177,160,17,17
1097,80,76,4,4
1098,130,136,-6,6
1099,81,82,-1,1
1100,88,87,1,1
1101,56,59,-3,3
1102,149,141,8,8
1103,92,79,13,13
1104,90,90,0,0
1105,45,49,-4,4
1106,63,73,-10,10
1107,92,92,0,0
1108,124,128,-4,4
1109,140,141,-1,1
1110,122,137,-15,15
1111,47,49,-2,2
1112,67,69,-2,2
1113,199,184,15,15
1114,110,134,-24,24
1115,78,83,-5,5
1116,42,44,-2,2
1117,51,56,-5,5
1118,183,156,27,27
1119,160,162,-2,2
1120,117,117,0,0
1121,70,72,-2,2
1122,90,85,5,5
1123,101,113,-12,12
1124,73,73,0,0
1125,64,66,-2,2
1126,69,70,-1,1
1127,98,99,-1,1
1128,121,122,-1,1
1129,83,80,3,3
1130,170,167,3,3
1131,80,79,1,1
1132,68,70,-2,2
1133,130,139,-9,9
1134,66,75,-9,9
1135,65,85,-20,20
1136,95,98,-3,3
1137,99,100,-1,1
1138,95,120,-25,25
1139,174,169,5,5
1140,154,138,16,16
1141,121,112,9,9
1142,109,101,8,8
1143,87,107,-20,20
1144,61,53,8,8
1145,96,101,-5,5
1146,96,99,-3,3
1147,118,117,1,1
1148,97,90,7,7
1149,105,104,1,1
1150,87,82,5,5
1151,104,100,4,4
1152,80,87,-7,7
1153,54,65,-11,11
1154,92,97,-5,5
1155,48,54,-6,6
1156,78,84,-6,6
1157,136,124,12,12
1158,139,129,10,10
1159,61,114,-53,53
1160,83,83,0,0
1161,103,111,-8,8
1162,128,123,5,5
1163,131,125,6,6
1164,76,84,-8,8
1165,74,67,7,7
1166,135,136,-1,1
1167,73,76,-3,3
1168,115,121,-6,6
1169,81,89,-8,8
1170,140,130,10,10
1171,69,74,-5,5
1172,46,53,-7,7
1173,109,104,5,5
1174,197,177,20,20
1175,111,122,-11,11
1176,100,101,-1,1
1177,77,71,6,6
1178,66,70,-4,4
1179,67,69,-2,2
1180,120,137,-17,17
1181,349,340,9,9
1182,78,75,3,3
1183,118,124,-6,6
1184,51,63,-12,12
1185,82,85,-3,3
1186,49,45,4,4
1187,72,71,1,1
1188,112,297,-185,185
1189,140,120,20,20
1190,69,64,5,5
1191,94,98,-4,4
1192,69,70,-1,1
1193,96,101,-5,5
1194,77,117,-40,40
1195,92,104,-12,12
1196,141,143,-2,2
1197,94,93,1,1
1198,92,81,11,11
1199,96,117,-21,21
1200,69,64,5,5
1201,35,46,-11,11
1202,78,77,1,1
1203,113,114,-1,1
1204,99,91,8,8
1205,108,109,-1,1
1206,118,110,8,8
1207,95,91,4,4
1208,106,111,-5,5
1209,101,83,18,18
1210,77,94,-17,17
1211,97,92,5,5
1212,86,85,1,1
1213,60,63,-3,3
1214,101,111,-10,10
1215,105,100,5,5
1216,73,77,-4,4
1217,90,87,3,3
1218,121,113,8,8
1219,80,85,-5,5
1220,85,97,-12,12
1221,158,159,-1,1
1222,75,77,-2,2
1223,70,77,-7,7
1224,66,72,-6,6
1225,107,106,1,1
1226,182,177,5,5
1227,134,131,3,3
1228,103,100,3,3
1229,69,76,-7,7
1230,95,86,9,9
1231,33,43,-10,10
1232,58,60,-2,2
1233,63,72,-9,9
1234,115,100,15,15
1235,111,102,9,9
1236,128,119,9,9
1237,141,132,9,9
1238,50,54,-4,4
1239,129,113,16,16
1240,49,59,-10,10
1241,91,87,4,4
1242,131,121,10,10
1243,120,109,11,11
1244,91,85,6,6
1245,108,113,-5,5
1246,70,76,-6,6
1247,51,51,0,0
1248,92,100,-8,8
1249,77,76,1,1
1250,149,138,11,11
1251,117,112,5,5
1252,144,139,5,5
1253,82,72,10,10
1254,107,113,-6,6
1255,51,51,0,0
1256,55,62,-7,7
1257,101,103,-2,2
1258,99,99,0,0
1259,114,109,5,5
1260,55,68,-13,13
1261,83,82,1,1
1262,174,171,3,3
1263,136,130,6,6
1264,89,93,-4,4
1265,67,76,-9,9
1266,81,82,-1,1
1267,122,127,-5,5
1268,74,78,-4,4
1269,149,164,-15,15
1270,62,67,-5,5
1271,64,73,-9,9
1272,85,90,-5,5
1273,163,143,20,20
1274,72,68,4,4
1275,62,60,2,2
1276,50,55,-5,5
1277,57,65,-8,8
1278,82,98,-16,16
1279,58,59,-1,1
1280,51,53,-2,2
1281,63,69,-6,6
1282,125,111,14,14
1283,78,85,-7,7
1284,57,55,2,2
1285,65,68,-3,3
1286,111,120,-9,9
1287,90,85,5,5
1288,107,109,-2,2
1289,81,77,4,4
1290,133,113,20,20
1291,111,119,-8,8
1292,64,72,-8,8
1293,56,75,-19,19
1294,51,59,-8,8
1295,64,66,-2,2
1296,156,149,7,7
1297,96,108,-12,12
1298,94,84,10,10
1299,65,92,-27,27
1300,167,156,11,11
1301,44,48,-4,4
1302,255,220,35,35
1303,80,77,3,3
1304,142,135,7,7
1305,73,63,10,10
1306,114,109,5,5
1307,81,74,7,7
1308,66,70,-4,4
1309,91,89,2,2
1310,106,100,6,6
1311,84,91,-7,7
1312,120,124,-4,4
1313,115,113,2,2
1314,130,126,4,4
1315,192,195,-3,3
1316,150,140,10,10
1317,87,88,-1,1
1318,69,73,-4,4
1319,170,176,-6,6
1320,99,99,0,0
1321,72,79,-7,7
1322,106,105,1,1
1323,142,124,18,18
1324,44,48,-4,4
1325,87,97,-10,10
1326,72,79,-7,7
1327,116,109,7,7
1328,66,69,-3,3
1329,43,39,4,4
1330,145,138,7,7
1331,92,88,4,4
1332,86,90,-4,4
1333,87,99,-12,12
1334,71,70,1,1
1335,136,128,8,8
1336,73,78,-5,5
1337,81,83,-2,2
1338,65,61,4,4
1339,97,88,9,9
1340,61,62,-1,1
1341,76,67,9,9
1342,55,56,-1,1
1343,100,99,1,1
1344,120,121,-1,1
1345,110,123,-13,13
1346,103,104,-1,1
1347,57,60,-3,3
1348,95,83,12,12
1349,82,86,-4,4
1350,105,114,-9,9
1351,68,72,-4,4
1352,177,165,12,12
1353,97,98,-1,1
1354,150,133,17,17
1355,38,44,-6,6
1356,85,84,1,1
1357,79,83,-4,4
1358,78,80,-2,2
1359,98,101,-3,3
1360,138,130,8,8
1361,92,82,10,10
1362,110,107,3,3
1363,135,144,-9,9
1364,96,100,-4,4
1365,107,101,6,6
1366,84,86,-2,2
1367,82,77,5,5
1368,87,106,-19,19
1369,58,62,-4,4
1370,55,53,2,2
1371,69,75,-6,6
1372,193,182,11,11
1373,102,108,-6,6
1374,105,101,4,4
1375,74,90,-16,16
1376,122,135,-13,13
1377,85,81,4,4
1378,103,102,1,1
1379,139,127,12,12
1380,91,85,6,6
1381,84,100,-16,16
1382,155,142,13,13
1383,73,70,3,3
1384,141,128,13,13
1385,70,65,5,5
1386,93,85,8,8
1387,100,94,6,6
1388,96,94,2,2
1389,56,60,-4,4
1390,93,121,-28,28
1391,97,121,-24,24
1392,43,44,-1,1
1393,58,56,2,2
1394,107,105,2,2
1395,118,116,2,2
1396,64,59,5,5
1397,114,103,11,11
1398,84,80,4,4
1399,68,73,-5,5
1400,170,150,20,20
1401,121,118,3,3
1402,180,174,6,6
1403,81,83,-2,2
1404,131,124,7,7
1405,166,160,6,6
1406,83,85,-2,2
1407,107,100,7,7
1408,95,98,-3,3
1409,88,78,10,10
1410,149,140,9,9
1411,160,155,5,5
1412,112,111,1,1
1413,145,143,2,2
1414,38,37,1,1
1415,104,100,4,4
1416,125,130,-5,5
1417,86,84,2,2
1418,105,104,1,1
1419,44,50,-6,6
1420,116,105,11,11
1421,136,128,8,8
1422,149,138,11,11
1423,135,109,26,26
1424,51,60,-9,9
1425,94,107,-13,13
1426,88,101,-13,13
1427,128,130,-2,2
1428,148,144,4,4
1429,103,113,-10,10
1430,59,63,-4,4
1431,75,76,-1,1
1432,83,81,2,2
1433,73,74,-1,1
1434,75,100,-25,25
1435,74,82,-8,8
1436,85,86,-1,1
1437,74,70,4,4
1438,99,101,-2,2
1439,122,121,1,1
1440,130,131,-1,1
1441,61,68,-7,7
1442,48,49,-1,1
1443,111,118,-7,7
1444,58,57,1,1
1445,61,75,-14,14
1446,129,131,-2,2
1447,55,56,-1,1
1448,159,152,7,7
1449,81,80,1,1
1450,44,49,-5,5
1451,64,61,3,3
1452,105,99,6,6
1453,131,131,0,0
1454,188,176,12,12
1455,107,104,3,3
1456,74,78,-4,4
1457,155,167,-12,12
1458,93,88,5,5
1459,125,122,3,3
1460,113,121,-8,8
1461,81,80,1,1
1462,73,71,2,2
1463,78,74,4,4
1464,124,112,12,12
1465,68,76,-8,8
1466,90,96,-6,6
1467,108,99,9,9
1468,73,69,4,4
1469,92,90,2,2
1470,118,121,-3,3
1471,70,64,6,6
1472,98,103,-5,5
1473,70,67,3,3
1474,72,75,-3,3
1475,107,98,9,9
1476,112,110,2,2
1477,118,115,3,3
1478,86,83,3,3
1479,114,100,14,14
1480,121,115,6,6
1481,120,110,10,10
1482,275,216,59,59
1483,98,89,9,9
1484,95,107,-12,12
1485,80,75,5,5
1486,126,132,-6,6
1487,98,102,-4,4
1488,133,144,-11,11
1489,61,64,-3,3
1490,129,121,8,8
1491,117,115,2,2
1492,54,78,-24,24
1493,54,58,-4,4
1494,48,55,-7,7
1495,85,82,3,3
1496,56,77,-21,21
1497,77,88,-11,11
1498,140,128,12,12
1499,69,73,-4,4
1500,88,86,2,2
1501,107,108,-1,1
1502,81,81,0,0
1503,134,121,13,13
1504,80,81,-1,1
1505,121,118,3,3
1506,111,107,4,4
1507,72,77,-5,5
1508,155,158,-3,3
1509,61,64,-3,3
1510,70,77,-7,7
1511,55,56,-1,1
1512,74,76,-2,2
1513,151,148,3,3
1514,38,43,-5,5
1515,164,187,-23,23
1516,66,77,-11,11
1517,58,57,1,1
1518,66,69,-3,3
1519,116,105,11,11
1520,71,87,-16,16
1521,99,101,-2,2
1522,108,118,-10,10
1523,77,82,-5,5
1524,56,62,-6,6
1525,126,113,13,13
1526,117,116,1,1
1527,71,66,5,5
1528,80,74,6,6
1529,69,72,-3,3
1530,76,59,17,17
1531,137,135,2,2
1532,184,172,12,12
1533,131,118,13,13
1534,149,139,10,10
1535,95,97,-2,2
1536,122,121,1,1
1537,54,56,-2,2
1538,88,91,-3,3
1539,83,85,-2,2
1540,69,76,-7,7
1541,87,101,-14,14
1542,156,154,2,2
1543,118,119,-1,1
1544,55,60,-5,5
1545,83,83,0,0
1546,81,100,-19,19
1547,101,110,-9,9
1548,73,74,-1,1
1549,105,108,-3,3
1550,82,85,-3,3
1551,65,69,-4,4
1552,78,78,0,0
1553,115,112,3,3
1554,133,123,10,10
1555,58,64,-6,6
1556,108,115,-7,7
1557,128,131,-3,3
1558,136,120,16,16
1559,37,42,-5,5
1560,95,105,-10,10
1561,121,117,4,4
1562,87,82,5,5
1563,100,119,-19,19
1564,89,82,7,7
1565,126,127,-1,1
1566,109,123,-14,14
1567,103,99,4,4
1568,150,137,13,13
1569,94,126,-32,32
1570,148,156,-8,8
1571,60,66,-6,6
1572,70,74,-4,4
1573,131,136,-5,5
1574,70,68,2,2
1575,95,103,-8,8
1576,66,74,-8,8
1577,86,77,9,9
1578,91,87,4,4
1579,75,84,-9,9
1580,46,52,-6,6
1581,100,105,-5,5
1582,98,92,6,6
1583,92,85,7,7
1584,112,103,9,9
1585,167,156,11,11
1586,90,99,-9,9
1587,109,101,8,8
1588,93,111,-18,18
1589,61,65,-4,4
1590,123,116,7,7
1591,93,99,-6,6
1592,74,68,6,6
1593,36,43,-7,7
1594,89,84,5,5
1595,144,155,-11,11
1596,80,80,0,0
1597,114,114,0,0
1598,106,109,-3,3
1599,57,59,-2,2
1600,70,77,-7,7
1601,112,116,-4,4
1602,92,84,8,8
1603,106,101,5,5
1604,122,127,-5,5
1605,128,122,6,6
1606,109,110,-1,1
1607,75,75,0,0
1608,120,111,9,9
1609,60,59,1,1
1610,137,126,11,11
1611,78,80,-2,2
1612,93,101,-8,8
1613,91,89,2,2
1614,84,84,0,0
1615,137,134,3,3
1616,43,53,-10,10
1617,74,53,21,21
1618,77,74,3,3
1619,114,117,-3,3
1620,104,93,11,11
1621,101,108,-7,7
1622,43,43,0,0
1623,106,107,-1,1
1624,90,88,2,2
1625,114,122,-8,8
1626,82,73,9,9
1627,62,70,-8,8
1628,112,109,3,3
1629,46,54,-8,8
1630,104,97,7,7
1631,106,106,0,0
1632,62,62,0,0
1633,123,123,0,0
1634,95,99,-4,4
1635,64,70,-6,6
1636,76,82,-6,6
1637,104,102,2,2
1638,126,125,1,1
1639,144,137,7,7
1640,119,122,-3,3
1641,74,70,4,4
1642,51,58,-7,7
1643,91,99,-8,8
1644,86,94,-8,8
1645,95,89,6,6
1646,72,76,-4,4
1647,162,153,9,9
1648,87,83,4,4
1649,91,97,-6,6
1650,122,135,-13,13
1651,70,72,-2,2
1652,106,114,-8,8
1653,89,100,-11,11
1654,59,55,4,4
1655,44,48,-4,4
1656,74,67,7,7
1657,77,81,-4,4
1658,135,128,7,7
1659,107,107,0,0
1660,64,66,-2,2
1661,52,69,-17,17
1662,61,65,-4,4
1663,74,75,-1,1
1664,87,101,-14,14
1665,106,102,4,4
1666,64,65,-1,1
1667,70,78,-8,8
1668,77,78,-1,1
1669,62,61,1,1
1670,67,66,1,1
1671,109,107,2,2
1672,118,119,-1,1
1673,74,81,-7,7
1674,100,101,-1,1
1675,83,102,-19,19
1676,83,75,8,8
1677,121,114,7,7
1678,79,84,-5,5
1679,46,49,-3,3
1680,92,84,8,8
1681,102,102,0,0
1682,103,99,4,4
1683,64,60,4,4
1684,101,100,1,1
1685,105,103,2,2
1686,55,61,-6,6
1687,66,62,4,4
1688,60,63,-3,3
1689,62,67,-5,5
1690,150,152,-2,2
1691,84,92,-8,8
1692,98,109,-11,11
1693,59,66,-7,7
1694,57,61,-4,4
1695,88,126,-38,38
1696,146,148,-2,2
1697,58,62,-4,4
1698,73,65,8,8
1699,192,177,15,15
1700,58,60,-2,2
1701,97,88,9,9
1702,84,83,1,1
1703,149,140,9,9
1704,162,140,22,22
1705,53,66,-13,13
1706,48,60,-12,12
1707,103,117,-14,14
1708,64,64,0,0
1709,85,81,4,4
1710,64,67,-3,3
1711,73,74,-1,1
1712,72,65,7,7
1713,136,123,13,13
1714,103,96,7,7
1715,161,151,10,10
1716,89,86,3,3
1717,102,98,4,4
1718,66,116,-50,50
1719,87,83,4,4
1720,101,103,-2,2
1721,90,99,-9,9
1722,108,115,-7,7
1723,59,64,-5,5
1724,118,115,3,3
1725,56,56,0,0
1726,195,186,9,9
1727,70,67,3,3
1728,90,98,-8,8
1729,108,114,-6,6
1730,118,135,-17,17
1731,74,77,-3,3
1732,115,112,3,3
1733,31,38,-7,7
1734,121,124,-3,3
1735,43,42,1,1
1736,78,75,3,3
1737,63,66,-3,3
1738,57,55,2,2
1739,53,59,-6,6
1740,63,68,-5,5
1741,88,88,0,0
1742,80,89,-9,9
1743,133,137,-4,4
1744,90,82,8,8
1745,130,130,0,0
1746,70,71,-1,1
1747,169,151,18,18
1748,45,49,-4,4
1749,171,163,8,8
1750,84,83,1,1
1751,95,102,-7,7
1752,73,77,-4,4
1753,59,61,-2,2
1754,82,90,-8,8
1755,101,93,8,8
1756,77,86,-9,9
1757,57,66,-9,9
1758,97,97,0,0
1759,69,71,-2,2
1760,82,76,6,6
1761,60,80,-20,20
1762,70,74,-4,4
1763,79,83,-4,4
1764,127,124,3,3
1765,92,108,-16,16
1766,119,121,-2,2
1767,59,61,-2,2
1768,66,74,-8,8
1769,44,49,-5,5
1770,46,44,2,2
1771,129,117,12,12
1772,93,85,8,8
1773,98,125,-27,27
1774,89,90,-1,1
1775,74,73,1,1
1776,96,101,-5,5
1777,103,90,13,13
1778,84,90,-6,6
1779,75,74,1,1
1780,167,152,15,15
1781,85,87,-2,2
1782,108,116,-8,8
1783,59,61,-2,2
1784,101,103,-2,2
1785,76,78,-2,2
1786,118,116,2,2
1787,67,69,-2,2
1788,53,66,-13,13
1789,108,111,-3,3
1790,103,100,3,3
1791,130,142,-12,12
1792,83,83,0,0
1793,52,63,-11,11
1794,79,84,-5,5
1795,80,86,-6,6
1796,88,66,22,22
1797,55,61,-6,6
1798,53,53,0,0
1799,116,109,7,7
1800,103,102,1,1
1801,73,79,-6,6
1802,72,74,-2,2
1803,155,142,13,13
1804,205,204,1,1
1805,55,56,-1,1
1806,119,118,1,1
1807,93,88,5,5
1808,81,83,-2,2
1809,93,91,2,2
1810,121,126,-5,5
1811,62,62,0,0
1812,61,65,-4,4
1813,113,116,-3,3
1814,79,74,5,5
1815,130,133,-3,3
1816,68,79,-11,11
1817,81,81,0,0
1818,114,106,8,8
1819,101,86,15,15
1820,63,58,5,5
1821,87,103,-16,16
1822,117,119,-2,2
1823,114,118,-4,4
1824,109,109,0,0
1825,96,97,-1,1
1826,54,60,-6,6
1827,132,129,3,3
1828,85,90,-5,5
1829,70,66,4,4
1830,60,54,6,6
1831,68,70,-2,2
1832,48,47,1,1
1833,75,81,-6,6
1834,126,120,6,6
1835,106,103,3,3
1836,60,60,0,0
1837,70,65,5,5
1838,52,53,-1,1
1839,86,81,5,5
1840,74,72,2,2
1841,118,112,6,6
1842,43,49,-6,6
1843,207,201,6,6
1844,97,89,8,8
1845,78,77,1,1
1846,100,106,-6,6
1847,108,101,7,7
1848,73,75,-2,2
1849,151,142,9,9
1850,45,50,-5,5
1851,81,77,4,4
1852,68,70,-2,2
1853,140,152,-12,12
1854,121,115,6,6
1855,88,106,-18,18
1856,42,50,-8,8
1857,76,81,-5,5
1858,89,87,2,2
1859,61,62,-1,1
1860,98,94,4,4
1861,78,83,-5,5
1862,54,59,-5,5
1863,128,146,-18,18
1864,160,154,6,6
1865,65,70,-5,5
1866,109,108,1,1
1867,149,158,-9,9
1868,112,108,4,4
1869,78,76,2,2
1870,61,58,3,3
1871,82,78,4,4
1872,54,53,1,1
1873,45,56,-11,11
1874,102,101,1,1
1875,92,95,-3,3
1876,121,122,-1,1
1877,119,119,0,0
1878,84,80,4,4
1879,99,102,-3,3
1880,116,121,-5,5
1881,119,115,4,4
1882,157,157,0,0
1883,119,109,10,10
1884,92,87,5,5
1885,60,68,-8,8
1886,101,105,-4,4
1887,90,98,-8,8
1888,132,136,-4,4
1889,156,149,7,7
1890,101,103,-2,2
1891,88,86,2,2
1892,141,117,24,24
1893,56,61,-5,5
1894,85,76,9,9
1895,182,168,14,14
1896,127,116,11,11
1897,76,75,1,1
1898,83,79,4,4
1899,59,57,2,2
1900,33,40,-7,7
1901,38,40,-2,2
1902,90,80,10,10
1903,87,100,-13,13
1904,81,90,-9,9
1905,123,128,-5,5
1906,111,108,3,3
1907,207,214,-7,7
1908,140,136,4,4
1909,90,85,5,5
1910,67,72,-5,5
1911,102,135,-33,33
1912,65,67,-2,2
1913,81,83,-2,2
1914,75,76,-1,1
1915,93,101,-8,8
1916,87,104,-17,17
1917,183,164,19,19
1918,95,99,-4,4
1919,200,196,4,4
1920,95,96,-1,1
1921,199,186,13,13
1922,87,71,16,16
1923,56,58,-2,2
1924,55,66,-11,11
1925,90,100,-10,10
1926,64,72,-8,8
1927,57,61,-4,4
1928,179,188,-9,9
1929,78,77,1,1
1930,54,60,-6,6
1931,112,109,3,3
1932,69,84,-15,15
1933,73,80,-7,7
1934,64,67,-3,3
1935,65,71,-6,6
1936,63,65,-2,2
1937,159,149,10,10
1938,71,77,-6,6
1939,90,86,4,4
1940,116,114,2,2
1941,110,112,-2,2
1942,80,87,-7,7
1943,116,122,-6,6
1944,101,108,-7,7
1945,145,139,6,6
1946,144,146,-2,2
1947,163,146,17,17
1948,115,126,-11,11
1949,115,124,-9,9
1950,102,113,-11,11
1951,105,85,20,20
1952,61,61,0,0
1953,74,75,-1,1
1954,88,86,2,2
1955,86,76,10,10
1956,98,102,-4,4
1957,113,111,2,2
1958,82,67,15,15
1959,124,107,17,17
1960,76,72,4,4
1961,137,137,0,0
1962,88,102,-14,14
1963,130,122,8,8
1964,75,69,6,6
1965,97,84,13,13
1966,114,123,-9,9
1967,92,89,3,3
1968,106,107,-1,1
1969,89,90,-1,1
1970,72,91,-19,19
1971,92,89,3,3
1972,66,65,1,1
1973,26,28,-2,2
1974,106,104,2,2
1975,82,87,-5,5
1976,112,114,-2,2
1977,94,91,3,3
1978,106,104,2,2
1979,114,107,7,7
1980,85,103,-18,18
1981,144,148,-4,4
1982,137,126,11,11
1983,56,66,-10,10
1984,62,55,7,7
1985,65,72,-7,7
1986,71,77,-6,6
1987,78,90,-12,12
1988,66,60,6,6
1989,106,108,-2,2
1990,74,105,-31,31
1991,46,123,-77,77
1992,140,133,7,7
1993,129,121,8,8
1994,83,87,-4,4
1995,81,84,-3,3
1996,49,51,-2,2
1997,124,120,4,4
1998,42,42,0,0
1999,89,86,3,3
2000,101,92,9,9
2001,184,201,-17,17
2002,113,113,0,0
2003,212,203,9,9
2004,120,115,5,5
2005,95,99,-4,4
2006,120,123,-3,3
2007,97,99,-2,2
2008,72,73,-1,1
2009,80,68,12,12
2010,87,100,-13,13
2011,100,100,0,0
2012,185,180,5,5
2013,90,92,-2,2
2014,77,81,-4,4
2015,67,71,-4,4
2016,63,67,-4,4
2017,74,78,-4,4
2018,104,99,5,5
2019,129,128,1,1
2020,73,73,0,0
2021,128,123,5,5
2022,64,65,-1,1
2023,88,80,8,8
2024,47,55,-8,8
2025,68,66,2,2
2026,75,69,6,6
2027,75,75,0,0
2028,80,85,-5,5
2029,61,66,-5,5
2030,74,76,-2,2
2031,79,84,-5,5
2032,62,71,-9,9
2033,121,128,-7,7
2034,77,78,-1,1
2035,104,108,-4,4
2036,116,115,1,1
2037,61,74,-13,13
2038,86,84,2,2
2039,83,93,-10,10
2040,119,123,-4,4
2041,109,118,-9,9
2042,83,99,-16,16
2043,66,72,-6,6
2044,112,114,-2,2
2045,110,112,-2,2
2046,115,128,-13,13
2047,97,100,-3,3
2048,115,116,-1,1
2049,78,81,-3,3
2050,58,60,-2,2
2051,98,108,-10,10
2052,104,101,3,3
2053,109,104,5,5
2054,143,137,6,6
2055,98,100,-2,2
2056,56,65,-9,9
2057,61,64,-3,3
2058,86,83,3,3
2059,73,76,-3,3
2060,101,101,0,0
2061,165,149,16,16
2062,64,55,9,9
2063,62,61,1,1
2064,68,67,1,1
2065,101,107,-6,6
2066,72,82,-10,10
2067,56,57,-1,1
2068,109,101,8,8
2069,63,59,4,4
2070,48,53,-5,5
2071,134,136,-2,2
2072,91,102,-11,11
2073,80,83,-3,3
2074,112,108,4,4
2075,49,56,-7,7
2076,91,86,5,5
2077,75,82,-7,7
2078,86,78,8,8
2079,142,128,14,14
2080,79,75,4,4
2081,122,132,-10,10
2082,139,137,2,2
2083,79,71,8,8
2084,184,166,18,18
2085,134,163,-29,29
2086,99,97,2,2
2087,59,66,-7,7
2088,77,82,-5,5
2089,84,83,1,1
2090,116,119,-3,3
2091,41,45,-4,4
2092,70,65,5,5
2093,39,40,-1,1
2094,82,82,0,0
2095,58,62,-4,4
2096,166,158,8,8
2097,71,77,-6,6
2098,119,115,4,4
2099,92,102,-10,10
2100,116,121,-5,5
2101,121,113,8,8
2102,106,105,1,1
2103,82,80,2,2
2104,137,136,1,1
2105,113,118,-5,5
2106,84,87,-3,3
2107,136,126,10,10
2108,57,62,-5,5
2109,142,133,9,9
2110,55,55,0,0
2111,82,83,-1,1
2112,208,193,15,15
2113,101,84,17,17
2114,156,162,-6,6
2115,175,159,16,16
2116,137,122,15,15
2117,105,121,-16,16
2118,84,89,-5,5
2119,78,80,-2,2
2120,115,104,11,11
2121,74,74,0,0
2122,67,66,1,1
2123,46,50,-4,4
2124,123,118,5,5
2125,68,67,1,1
2126,110,117,-7,7
2127,95,93,2,2
2128,77,86,-9,9
2129,86,91,-5,5
2130,62,59,3,3
2131,91,84,7,7
2132,76,80,-4,4
2133,92,81,11,11
2134,98,91,7,7
2135,108,107,1,1
2136,142,141,1,1
2137,111,85,26,26
2138,96,102,-6,6
2139,86,84,2,2
2140,138,134,4,4
2141,89,97,-8,8
2142,149,130,19,19
2143,82,86,-4,4
2144,135,136,-1,1
2145,94,91,3,3
2146,79,82,-3,3
2147,84,86,-2,2
2148,44,82,-38,38
2149,46,63,-17,17
2150,96,98,-2,2
2151,114,113,1,1
2152,57,62,-5,5
2153,79,77,2,2
2154,78,92,-14,14
2155,117,138,-21,21
2156,98,85,13,13
2157,57,54,3,3
2158,99,89,10,10
2159,97,92,5,5
2160,98,90,8,8
2161,70,66,4,4
2162,102,110,-8,8
2163,82,88,-6,6
2164,81,82,-1,1
2165,69,74,-5,5
2166,66,62,4,4
2167,97,84,13,13
2168,86,88,-2,2
2169,58,59,-1,1
2170,83,89,-6,6
2171,78,80,-2,2
2172,64,63,1,1
2173,127,100,27,27
2174,73,64,9,9
2175,70,80,-10,10
2176,93,103,-10,10
2177,116,119,-3,3
2178,103,89,14,14
2179,44,49,-5,5
2180,84,98,-14,14
2181,116,100,16,16
2182,102,110,-8,8
2183,56,56,0,0
2184,117,115,2,2
2185,111,111,0,0
2186,82,89,-7,7
2187,115,109,6,6
2188,96,110,-14,14
2189,137,115,22,22
2190,111,111,0,0
2191,63,71,-8,8
2192,65,66,-1,1
2193,57,58,-1,1
2194,82,74,8,8
2195,64,83,-19,19
2196,100,97,3,3
2197,68,64,4,4
2198,57,63,-6,6
2199,76,72,4,4
2200,138,134,4,4
2201,61,72,-11,11
2202,80,89,-9,9
2203,98,105,-7,7
2204,137,136,1,1
2205,101,98,3,3
2206,122,127,-5,5
2207,75,83,-8,8
2208,118,116,2,2
2209,87,88,-1,1
2210,116,114,2,2
2211,97,100,-3,3
2212,147,159,-12,12
2213,74,71,3,3
2214,55,60,-5,5
2215,110,101,9,9
2216,93,98,-5,5
2217,64,73,-9,9
2218,105,114,-9,9
2219,70,100,-30,30
2220,92,84,8,8
2221,63,65,-2,2
2222,93,94,-1,1
2223,60,71,-11,11
2224,82,82,0,0
2225,108,108,0,0
2226,118,120,-2,2
2227,167,163,4,4
2228,112,112,0,0
2229,85,87,-2,2
2230,77,97,-20,20
2231,105,109,-4,4
2232,144,142,2,2
2233,159,163,-4,4
2234,68,69,-1,1
2235,42,46,-4,4
2236,111,129,-18,18
2237,67,76,-9,9
2238,135,127,8,8
2239,45,54,-9,9
2240,79,76,3,3
2241,117,122,-5,5
2242,94,90,4,4
2243,44,75,-31,31
2244,94,104,-10,10
2245,140,131,9,9
2246,98,93,5,5
2247,66,74,-8,8
2248,63,69,-6,6
2249,65,74,-9,9
2250,104,111,-7,7
2251,92,101,-9,9
2252,86,91,-5,5
2253,81,85,-4,4
2254,77,86,-9,9
2255,78,80,-2,2
2256,48,59,-11,11
2257,39,42,-3,3
2258,47,45,2,2
2259,94,107,-13,13
2260,161,151,10,10
2261,72,60,12,12
2262,35,43,-8,8
2263,89,101,-12,12
2264,69,98,-29,29
2265,102,109,-7,7
2266,79,100,-21,21
2267,107,99,8,8
2268,111,126,-15,15
2269,95,100,-5,5
2270,102,107,-5,5
2271,89,99,-10,10
2272,65,65,0,0
2273,108,110,-2,2
2274,57,71,-14,14
2275,103,102,1,1
2276,151,127,24,24
2277,184,169,15,15
2278,78,78,0,0
2279,185,159,26,26
2280,63,71,-8,8
2281,131,131,0,0
2282,155,145,10,10
2283,87,80,7,7
2284,136,130,6,6
2285,104,110,-6,6
2286,54,56,-2,2
2287,107,109,-2,2
2288,64,66,-2,2
2289,68,70,-2,2
2290,90,93,-3,3
2291,65,74,-9,9
2292,86,99,-13,13
2293,78,79,-1,1
2294,72,68,4,4
2295,50,62,-12,12
2296,107,109,-2,2
2297,101,213,-112,112
2298,104,103,1,1
2299,47,48,-1,1
2300,87,83,4,4
2301,102,106,-4,4
2302,103,99,4,4
2303,62,56,6,6
2304,57,62,-5,5
2305,68,74,-6,6
2306,109,111,-2,2
2307,80,89,-9,9
2308,76,85,-9,9
2309,97,102,-5,5
2310,83,80,3,3
2311,116,116,0,0
2312,72,74,-2,2
2313,49,53,-4,4
2314,108,112,-4,4
2315,106,96,10,10
2316,135,125,10,10
2317,115,120,-5,5
2318,111,105,6,6
2319,95,85,10,10
2320,56,67,-11,11
2321,154,137,17,17
2322,106,107,-1,1
2323,71,75,-4,4
2324,92,88,4,4
2325,96,85,11,11
2326,75,81,-6,6
2327,127,114,13,13
2328,66,71,-5,5
2329,78,79,-1,1
2330,148,145,3,3
2331,95,97,-2,2
2332,145,126,19,19
2333,80,85,-5,5
2334,48,54,-6,6
2335,73,83,-10,10
2336,128,139,-11,11
2337,38,48,-10,10
2338,180,175,5,5
2339,63,67,-4,4
2340,60,60,0,0
2341,149,145,4,4
2342,97,106,-9,9
2343,57,62,-5,5
2344,158,141,17,17
2345,85,96,-11,11
2346,83,76,7,7
2347,145,137,8,8
2348,76,76,0,0
2349,107,101,6,6
2350,177,171,6,6
2351,106,93,13,13
2352,73,74,-1,1
2353,43,49,-6,6
2354,141,124,17,17
2355,100,108,-8,8
2356,81,103,-22,22
2357,267,221,46,46
2358,69,70,-1,1
2359,114,118,-4,4
2360,110,108,2,2
2361,107,112,-5,5
2362,95,85,10,10
2363,92,86,6,6
2364,166,146,20,20
2365,83,88,-5,5
2366,140,130,10,10
2367,102,99,3,3
2368,82,88,-6,6
2369,88,94,-6,6
2370,129,115,14,14
2371,171,180,-9,9
2372,53,55,-2,2
2373,139,123,16,16
2374,131,120,11,11
2375,137,124,13,13
2376,65,68,-3,3
2377,83,86,-3,3
2378,191,188,3,3
2379,65,57,8,8
2380,197,190,7,7
2381,101,104,-3,3
2382,147,145,2,2
2383,159,158,1,1
2384,46,48,-2,2
2385,151,145,6,6
2386,104,103,1,1
2387,132,136,-4,4
2388,67,67,0,0
2389,80,82,-2,2
2390,198,187,11,11
2391,116,132,-16,16
2392,72,109,-37,37
2393,152,141,11,11
2394,63,72,-9,9
2395,61,67,-6,6
2396,112,113,-1,1
2397,96,86,10,10
2398,90,86,4,4
2399,118,121,-3,3
2400,102,107,-5,5
2401,65,66,-1,1
2402,93,101,-8,8
2403,64,66,-2,2
2404,88,116,-28,28
2405,116,114,2,2
2406,94,104,-10,10
2407,96,109,-13,13
2408,83,99,-16,16
2409,125,125,0,0
2410,71,65,6,6
2411,147,153,-6,6
2412,117,122,-5,5
2413,125,118,7,7
2414,65,62,3,3
2415,69,75,-6,6
2416,72,73,-1,1
2417,80,87,-7,7
2418,73,68,5,5
2419,62,67,-5,5
2420,126,126,0,0
2421,56,57,-1,1
2422,90,99,-9,9
2423,95,103,-8,8
2424,67,74,-7,7
2425,37,48,-11,11
2426,128,122,6,6
2427,63,62,1,1
2428,32,38,-6,6
2429,63,62,1,1
2430,42,54,-12,12
2431,90,92,-2,2
2432,58,64,-6,6
2433,159,143,16,16
2434,114,125,-11,11
2435,76,71,5,5
2436,71,71,0,0
2437,91,87,4,4
2438,144,131,13,13
2439,71,67,4,4
2440,70,76,-6,6
2441,109,113,-4,4
2442,86,85,1,1
2443,114,117,-3,3
2444,66,56,10,10
2445,92,85,7,7
2446,71,72,-1,1
2447,92,87,5,5
2448,137,154,-17,17
2449,73,85,-12,12
2450,73,74,-1,1
2451,101,92,9,9
2452,119,115,4,4
2453,97,99,-2,2
2454,110,106,4,4
2455,69,65,4,4
2456,81,78,3,3
2457,67,72,-5,5
2458,139,132,7,7
2459,88,87,1,1
2460,114,114,0,0
2461,64,63,1,1
2462,86,85,1,1
2463,122,119,3,3
2464,122,116,6,6
2465,94,90,4,4
2466,128,131,-3,3
2467,83,78,5,5
2468,92,92,0,0
2469,175,172,3,3
2470,141,141,0,0
2471,72,79,-7,7
2472,135,144,-9,9
2473,84,82,2,2
2474,123,117,6,6
2475,113,120,-7,7
2476,135,132,3,3
2477,83,84,-1,1
2478,58,66,-8,8
2479,146,146,0,0
2480,123,126,-3,3
2481,50,55,-5,5
2482,67,80,-13,13
2483,80,86,-6,6
2484,136,133,3,3
2485,165,162,3,3
2486,84,78,6,6
2487,107,104,3,3
2488,151,150,1,1
2489,111,115,-4,4
2490,51,58,-7,7
2491,78,81,-3,3
2492,145,126,19,19
2493,54,60,-6,6
2494,86,83,3,3
2495,93,91,2,2
2496,117,109,8,8
2497,52,57,-5,5
2498,84,91,-7,7
2499,196,199,-3,3
2500,70,60,10,10
2501,166,164,2,2
2502,103,91,12,12
2503,67,84,-17,17
2504,54,56,-2,2
2505,91,91,0,0
2506,124,122,2,2
2507,80,80,0,0
2508,111,114,-3,3
2509,108,99,9,9
2510,134,139,-5,5
2511,98,101,-3,3
2512,64,87,-23,23
2513,73,75,-2,2
2514,94,99,-5,5
2515,61,74,-13,13
2516,90,96,-6,6
2517,102,102,0,0
2518,150,138,12,12
2519,97,104,-7,7
2520,76,76,0,0
2521,58,63,-5,5
2522,90,75,15,15
2523,70,72,-2,2
2524,65,68,-3,3
2525,78,80,-2,2
2526,53,62,-9,9
2527,83,76,7,7
2528,103,70,33,33
2529,74,73,1,1
2530,173,167,6,6
2531,63,70,-7,7
2532,104,101,3,3
2533,96,104,-8,8
2534,110,123,-13,13
2535,83,80,3,3
2536,89,90,-1,1
2537,95,105,-10,10
2538,74,83,-9,9
2539,55,55,0,0
2540,117,119,-2,2
2541,32,32,0,0
2542,64,74,-10,10
2543,103,87,16,16
2544,121,122,-1,1
2545,129,120,9,9
2546,90,100,-10,10
2547,119,147,-28,28
2548,105,98,7,7
2549,78,75,3,3
2550,159,144,15,15
2551,73,77,-4,4
2552,128,128,0,0
2553,149,150,-1,1
2554,129,113,16,16
2555,87,93,-6,6
2556,69,76,-7,7
2557,120,116,4,4
2558,57,59,-2,2
2559,107,116,-9,9
2560,56,59,-3,3
2561,128,88,40,40
2562,153,136,17,17
2563,114,128,-14,14
2564,96,103,-7,7
2565,111,110,1,1
2566,130,132,-2,2
2567,88,91,-3,3
2568,75,76,-1,1
2569,85,91,-6,6
2570,105,107,-2,2
2571,48,53,-5,5
2572,98,101,-3,3
2573,62,70,-8,8
2574,142,140,2,2
2575,91,66,25,25
2576,85,87,-2,2
2577,67,63,4,4
2578,116,112,4,4
2579,82,90,-8,8
2580,136,138,-2,2
2581,145,126,19,19
2582,76,81,-5,5
2583,46,50,-4,4
2584,112,130,-18,18
2585,119,124,-5,5
2586,75,96,-21,21
2587,58,67,-9,9
2588,90,102,-12,12
2589,106,117,-11,11
2590,117,116,1,1
2591,97,93,4,4
2592,142,149,-7,7
2593,156,150,6,6
2594,136,97,39,39
2595,73,81,-8,8
2596,98,88,10,10
2597,79,86,-7,7
2598,130,135,-5,5
2599,114,121,-7,7
2600,122,123,-1,1
2601,87,80,7,7
2602,136,130,6,6
2603,157,146,11,11
2604,53,55,-2,2
2605,106,104,2,2
2606,62,68,-6,6
2607,87,91,-4,4
2608,75,73,2,2
2609,71,74,-3,3
2610,87,86,1,1
2611,81,80,1,1
2612,110,106,4,4
2613,119,120,-1,1
2614,103,102,1,1
2615,65,59,6,6
2616,137,124,13,13
2617,66,73,-7,7
2618,78,74,4,4
2619,93,100,-7,7
2620,117,113,4,4
2621,95,98,-3,3
2622,88,84,4,4
2623,102,89,13,13
2624,49,52,-3,3
2625,82,78,4,4
2626,70,76,-6,6
2627,78,86,-8,8
2628,75,75,0,0
2629,80,87,-7,7
2630,133,125,8,8
2631,82,83,-1,1
2632,147,114,33,33
2633,174,164,10,10
2634,65,67,-2,2
2635,95,92,3,3
2636,105,99,6,6
2637,72,69,3,3
2638,78,81,-3,3
2639,137,134,3,3
2640,153,143,10,10
2641,131,148,-17,17
2642,53,60,-7,7
2643,88,83,5,5
2644,74,80,-6,6
2645,62,64,-2,2
2646,97,108,-11,11
2647,121,121,0,0
2648,106,110,-4,4
2649,76,109,-33,33
2650,103,107,-4,4
2651,87,79,8,8
2652,67,66,1,1
2653,68,94,-26,26
2654,123,114,9,9
2655,68,66,2,2
2656,115,118,-3,3
2657,116,106,10,10
2658,95,91,4,4
2659,57,66,-9,9
2660,106,104,2,2
2661,85,83,2,2
2662,106,98,8,8
2663,87,85,2,2
2664,86,87,-1,1
2665,84,87,-3,3
2666,60,64,-4,4
2667,99,106,-7,7
2668,84,91,-7,7
2669,60,61,-1,1
2670,134,122,12,12
2671,130,130,0,0
2672,78,75,3,3
2673,62,64,-2,2
2674,90,78,12,12
2675,105,110,-5,5
2676,104,107,-3,3
2677,102,106,-4,4
2678,125,127,-2,2
2679,74,61,13,13
2680,100,102,-2,2
2681,103,110,-7,7
2682,77,67,10,10
2683,86,85,1,1
2684,97,107,-10,10
2685,81,90,-9,9
2686,88,98,-10,10
2687,52,59,-7,7
2688,59,69,-10,10
2689,89,82,7,7
2690,51,66,-15,15
2691,45,56,-11,11
2692,103,117,-14,14
2693,70,76,-6,6
2694,148,144,4,4
2695,91,101,-10,10
2696,45,43,2,2
2697,146,149,-3,3
2698,119,120,-1,1
2699,107,113,-6,6
2700,170,156,14,14
2701,62,62,0,0
2702,130,113,17,17
2703,40,58,-18,18
2704,91,87,4,4
2705,61,63,-2,2
2706,72,65,7,7
2707,113,115,-2,2
2708,120,104,16,16
2709,52,56,-4,4
2710,43,51,-8,8
2711,63,61,2,2
2712,106,112,-6,6
2713,109,110,-1,1
2714,136,135,1,1
2715,100,104,-4,4
2716,58,64,-6,6
2717,64,64,0,0
2718,135,140,-5,5
2719,125,128,-3,3
2720,91,110,-19,19
2721,81,87,-6,6
2722,53,54,-1,1
2723,120,120,0,0
2724,96,101,-5,5
2725,42,40,2,2
2726,122,124,-2,2
2727,67,65,2,2
2728,97,89,8,8
2729,65,70,-5,5
2730,86,91,-5,5
2731,72,70,2,2
2732,62,59,3,3
2733,72,70,2,2
2734,83,74,9,9
2735,129,128,1,1
2736,109,110,-1,1
2737,72,86,-14,14
2738,78,82,-4,4
2739,175,182,-7,7
2740,125,123,2,2
2741,65,61,4,4
2742,122,119,3,3
2743,79,84,-5,5
2744,35,46,-11,11
2745,86,98,-12,12
2746,120,112,8,8
2747,96,99,-3,3
2748,152,153,-1,1
2749,114,122,-8,8
2750,94,101,-7,7
2751,67,69,-2,2
2752,94,101,-7,7
2753,145,129,16,16
2754,52,57,-5,5
2755,108,111,-3,3
2756,86,100,-14,14
2757,91,97,-6,6
2758,132,129,3,3
2759,160,159,1,1
2760,94,84,10,10
2761,136,123,13,13
2762,46,43,3,3
2763,76,69,7,7
2764,66,71,-5,5
2765,72,72,0,0
2766,102,107,-5,5
2767,77,83,-6,6
2768,56,60,-4,4
2769,139,143,-4,4
2770,217,201,16,16
2771,105,107,-2,2
2772,86,81,5,5
2773,172,158,14,14
2774,131,130,1,1
2775,141,137,4,4
2776,85,90,-5,5
2777,68,63,5,5
2778,90,93,-3,3
2779,75,77,-2,2
2780,82,82,0,0
2781,76,72,4,4
2782,92,93,-1,1
2783,76,76,0,0
2784,108,110,-2,2
2785,99,101,-2,2
2786,65,71,-6,6
2787,101,112,-11,11
2788,196,186,10,10
2789,80,86,-6,6
2790,130,131,-1,1
2791,57,75,-18,18
2792,105,99,6,6
2793,83,85,-2,2
2794,75,87,-12,12
2795,37,42,-5,5
2796,92,101,-9,9
2797,70,69,1,1
2798,35,43,-8,8
2799,120,111,9,9
2800,87,80,7,7
2801,56,48,8,8
2802,84,83,1,1
2803,185,178,7,7
2804,95,83,12,12
2805,76,76,0,0
2806,60,61,-1,1
2807,84,85,-1,1
2808,67,68,-1,1
2809,79,77,2,2
2810,106,106,0,0
2811,121,120,1,1
2812,81,90,-9,9
2813,93,95,-2,2
2814,150,143,7,7
2815,104,113,-9,9
2816,95,93,2,2
2817,120,112,8,8
2818,140,147,-7,7
2819,106,120,-14,14
2820,92,79,13,13
2821,75,78,-3,3
2822,69,80,-11,11
2823,78,77,1,1
2824,57,65,-8,8
2825,71,66,5,5
2826,110,107,3,3
2827,90,89,1,1
2828,58,58,0,0
2829,52,56,-4,4
2830,108,112,-4,4
2831,53,62,-9,9
2832,102,103,-1,1
2833,89,98,-9,9
2834,158,144,14,14
2835,81,72,9,9
2836,93,104,-11,11
2837,127,121,6,6
2838,117,116,1,1
2839,105,102,3,3
2840,133,129,4,4
2841,106,101,5,5
2842,149,142,7,7
2843,117,115,2,2
2844,92,88,4,4
2845,74,72,2,2
2846,156,148,8,8
2847,90,88,2,2
2848,116,121,-5,5
2849,118,116,2,2
2850,109,113,-4,4
2851,110,110,0,0
2852,84,95,-11,11
2853,120,111,9,9
2854,145,144,1,1
2855,64,68,-4,4
2856,95,114,-19,19
2857,54,61,-7,7
2858,109,104,5,5
2859,81,81,0,0
2860,74,76,-2,2
2861,123,129,-6,6
2862,88,91,-3,3
2863,153,158,-5,5
2864,119,129,-10,10
2865,100,99,1,1
2866,91,87,4,4
2867,85,74,11,11
2868,72,70,2,2
2869,137,128,9,9
2870,120,142,-22,22
2871,58,61,-3,3
2872,106,108,-2,2
2873,100,97,3,3
2874,75,77,-2,2
2875,71,70,1,1
2876,90,81,9,9
2877,56,56,0,0
2878,109,109,0,0
2879,97,103,-6,6
2880,95,91,4,4
2881,84,78,6,6
2882,64,64,0,0
2883,79,75,4,4
2884,66,65,1,1
2885,65,71,-6,6
2886,117,119,-2,2
2887,143,140,3,3
2888,65,64,1,1
2889,80,79,1,1
2890,111,120,-9,9
2891,116,114,2,2
2892,80,133,-53,53
2893,89,90,-1,1
2894,181,167,14,14
2895,95,89,6,6
2896,81,82,-1,1
2897,172,153,19,19
2898,137,123,14,14
2899,83,83,0,0
2900,98,103,-5,5
2901,131,125,6,6
2902,75,75,0,0
2903,160,155,5,5
2904,115,106,9,9
2905,124,131,-7,7
2906,121,114,7,7
2907,113,111,2,2
2908,116,112,4,4
2909,62,70,-8,8
2910,94,88,6,6
2911,92,89,3,3
2912,144,138,6,6
2913,37,87,-50,50
2914,65,72,-7,7
2915,159,174,-15,15
2916,76,72,4,4
2917,116,115,1,1
2918,79,76,3,3
2919,89,100,-11,11
2920,79,79,0,0
2921,100,109,-9,9
2922,92,86,6,6
2923,90,88,2,2
2924,53,57,-4,4
2925,97,109,-12,12
2926,148,140,8,8
2927,104,111,-7,7
2928,57,56,1,1
2929,71,68,3,3
2930,116,133,-17,17
2931,191,184,7,7
2932,122,120,2,2
2933,60,67,-7,7
2934,125,153,-28,28
2935,69,80,-11,11
2936,98,103,-5,5
2937,131,121,10,10
2938,105,111,-6,6
2939,103,103,0,0
2940,60,67,-7,7
2941,67,68,-1,1
2942,118,118,0,0
2943,58,76,-18,18
2944,76,77,-1,1
2945,109,104,5,5
2946,72,73,-1,1
2947,87,83,4,4
2948,57,63,-6,6
2949,85,86,-1,1
2950,78,82,-4,4
2951,88,80,8,8
2952,75,74,1,1
2953,124,118,6,6
2954,84,89,-5,5
2955,112,107,5,5
2956,98,90,8,8
2957,152,145,7,7
2958,54,57,-3,3
2959,121,124,-3,3
2960,164,154,10,10
2961,58,61,-3,3
2962,164,159,5,5
2963,47,57,-10,10
2964,163,168,-5,5
2965,104,103,1,1
2966,66,72,-6,6
2967,111,112,-1,1
2968,60,67,-7,7
2969,45,49,-4,4
2970,98,92,6,6
2971,129,119,10,10
2972,94,99,-5,5
2973,100,105,-5,5
2974,88,95,-7,7
2975,79,80,-1,1
2976,73,78,-5,5
2977,125,121,4,4
2978,91,93,-2,2
2979,102,107,-5,5
2980,137,131,6,6
2981,186,184,2,2
2982,67,74,-7,7
2983,59,65,-6,6
2984,36,45,-9,9
2985,128,122,6,6
2986,80,78,2,2
2987,102,120,-18,18
2988,137,116,21,21
2989,58,51,7,7
2990,94,95,-1,1
2991,90,85,5,5
2992,110,104,6,6
2993,101,112,-11,11
2994,78,81,-3,3
2995,121,109,12,12
2996,87,81,6,6
2997,81,84,-3,3
2998,70,71,-1,1
2999,142,135,7,7
3000,93,99,-6,6
3001,98,87,11,11
3002,125,125,0,0
3003,65,64,1,1
3004,126,128,-2,2
3005,77,75,2,2
3006,79,82,-3,3
3007,85,90,-5,5
3008,65,63,2,2
3009,74,78,-4,4
3010,124,128,-4,4
3011,112,103,9,9
3012,99,106,-7,7
3013,73,67,6,6
3014,97,89,8,8
3015,73,76,-3,3
3016,58,69,-11,11
3017,172,167,5,5
3018,91,90,1,1
3019,67,69,-2,2
3020,100,104,-4,4
3021,110,113,-3,3
3022,58,65,-7,7
3023,96,104,-8,8
3024,69,80,-11,11
3025,91,90,1,1
3026,64,67,-3,3
3027,71,75,-4,4
3028,49,67,-18,18
3029,88,99,-11,11
3030,147,129,18,18
3031,71,71,0,0
3032,117,113,4,4
3033,89,98,-9,9
3034,95,90,5,5
3035,78,83,-5,5
3036,82,99,-17,17
3037,72,78,-6,6
3038,137,124,13,13
3039,122,129,-7,7
3040,115,110,5,5
3041,120,116,4,4
3042,119,124,-5,5
3043,84,83,1,1
3044,88,81,7,7
3045,60,64,-4,4
3046,115,115,0,0
3047,81,80,1,1
3048,136,147,-11,11
3049,85,98,-13,13
3050,100,112,-12,12
3051,118,124,-6,6
3052,109,108,1,1
3053,61,75,-14,14
3054,105,106,-1,1
3055,206,189,17,17
3056,112,113,-1,1
3057,83,80,3,3
3058,181,185,-4,4
3059,151,142,9,9
3060,104,107,-3,3
3061,83,101,-18,18
3062,109,105,4,4
3063,62,64,-2,2
3064,76,79,-3,3
3065,86,97,-11,11
3066,127,117,10,10
3067,83,80,3,3
3068,122,112,10,10
3069,103,109,-6,6
3070,107,109,-2,2
3071,94,91,3,3
3072,103,91,12,12
3073,72,68,4,4
3074,66,71,-5,5
3075,70,85,-15,15
3076,54,54,0,0
3077,57,68,-11,11
3078,165,165,0,0
3079,125,121,4,4
3080,125,134,-9,9
3081,92,90,2,2
3082,53,44,9,9
3083,106,128,-22,22
3084,95,90,5,5
3085,94,87,7,7
3086,72,76,-4,4
3087,78,77,1,1
3088,113,117,-4,4
3089,106,98,8,8
3090,101,101,0,0
3091,102,115,-13,13
3092,95,90,5,5
3093,69,73,-4,4
3094,74,70,4,4
3095,104,96,8,8
3096,78,84,-6,6
3097,86,90,-4,4
3098,41,42,-1,1
3099,86,88,-2,2
3100,80,75,5,5
3101,182,168,14,14
3102,83,86,-3,3
3103,65,62,3,3
3104,81,76,5,5
3105,159,154,5,5
3106,103,103,0,0
3107,102,98,4,4
3108,60,54,6,6
3109,142,131,11,11
3110,62,66,-4,4
3111,129,126,3,3
3112,79,87,-8,8
3113,87,88,-1,1
3114,127,118,9,9
3115,56,65,-9,9
3116,94,108,-14,14
3117,90,87,3,3
3118,62,70,-8,8
3119,60,69,-9,9
3120,110,131,-21,21
3121,98,105,-7,7
3122,58,61,-3,3
3123,88,88,0,0
3124,35,39,-4,4
3125,138,138,0,0
3126,73,78,-5,5
3127,99,86,13,13
3128,87,83,4,4
3129,69,72,-3,3
3130,102,92,10,10
3131,89,92,-3,3
3132,106,100,6,6
3133,116,114,2,2
3134,69,71,-2,2
3135,75,73,2,2
3136,91,86,5,5
3137,67,70,-3,3
3138,133,137,-4,4
3139,76,83,-7,7
3140,103,94,9,9
3141,71,66,5,5
3142,135,131,4,4
3143,99,106,-7,7
3144,104,98,6,6
3145,146,130,16,16
3146,57,48,9,9
3147,108,117,-9,9
3148,82,76,6,6
3149,106,100,6,6
3150,110,115,-5,5
3151,98,104,-6,6
3152,62,61,1,1
3153,102,107,-5,5
3154,130,133,-3,3
3155,108,102,6,6
3156,61,66,-5,5
3157,73,85,-12,12
3158,54,57,-3,3
3159,63,58,5,5
3160,140,124,16,16
3161,47,118,-71,71
3162,68,78,-10,10
3163,134,127,7,7
3164,106,103,3,3
3165,72,75,-3,3
3166,107,109,-2,2
3167,107,107,0,0
3168,53,54,-1,1
3169,112,108,4,4
3170,124,123,1,1
3171,103,100,3,3
3172,76,82,-6,6
3173,103,107,-4,4
3174,92,92,0,0
3175,40,42,-2,2
3176,79,79,0,0
3177,83,89,-6,6
3178,77,76,1,1
3179,75,74,1,1
3180,63,60,3,3
3181,134,130,4,4
3182,66,71,-5,5
3183,173,174,-1,1
3184,100,95,5,5
3185,119,105,14,14
3186,143,145,-2,2
3187,61,71,-10,10
3188,59,64,-5,5
3189,91,102,-11,11
3190,61,61,0,0
3191,127,127,0,0
3192,164,160,4,4
3193,81,79,2,2
3194,136,132,4,4
3195,73,80,-7,7
3196,72,74,-2,2
3197,82,80,2,2
3198,79,80,-1,1
3199,70,76,-6,6
3200,95,93,2,2
3201,63,62,1,1
3202,67,68,-1,1
3203,127,128,-1,1
3204,107,106,1,1
3205,58,62,-4,4
3206,91,97,-6,6
3207,60,60,0,0
3208,94,107,-13,13
3209,90,77,13,13
3210,49,48,1,1
3211,94,117,-23,23
3212,68,66,2,2
3213,86,76,10,10
3214,107,99,8,8
3215,54,51,3,3
3216,88,80,8,8
3217,69,75,-6,6
3218,85,82,3,3
3219,99,99,0,0
3220,116,127,-11,11
3221,113,111,2,2
3222,42,58,-16,16
3223,36,37,-1,1
3224,52,60,-8,8
3225,88,79,9,9
3226,62,71,-9,9
3227,87,77,10,10
3228,97,113,-16,16
3229,94,98,-4,4
3230,113,112,1,1
3231,168,162,6,6
3232,107,103,4,4
3233,130,128,2,2
3234,169,159,10,10
3235,84,89,-5,5
3236,151,123,28,28
3237,75,68,7,7
3238,73,72,1,1
3239,64,73,-9,9
3240,144,150,-6,6
3241,86,84,2,2
3242,91,87,4,4
3243,76,73,3,3
3244,112,118,-6,6
3245,46,61,-15,15
3246,51,48,3,3
3247,116,104,12,12
3248,106,121,-15,15
3249,63,72,-9,9
3250,115,109,6,6
3251,151,163,-12,12
3252,70,65,5,5
3253,153,151,2,2
3254,66,64,2,2
3255,95,102,-7,7
3256,71,72,-1,1
3257,75,76,-1,1
3258,83,80,3,3
3259,75,70,5,5
3260,111,101,10,10
3261,95,98,-3,3
3262,133,120,13,13
3263,56,50,6,6
3264,42,50,-8,8
3265,61,68,-7,7
3266,72,77,-5,5
3267,60,64,-4,4
3268,95,88,7,7
3269,115,126,-11,11
3270,101,109,-8,8
3271,65,69,-4,4
3272,100,111,-11,11
3273,69,75,-6,6
3274,81,78,3,3
3275,82,85,-3,3
3276,107,106,1,1
3277,112,122,-10,10
3278,99,100,-1,1
3279,75,75,0,0
3280,161,153,8,8
3281,76,76,0,0
3282,142,146,-4,4
3283,111,105,6,6
3284,78,82,-4,4
3285,137,136,1,1
3286,40,41,-1,1
3287,65,67,-2,2
3288,88,91,-3,3
3289,103,96,7,7
3290,143,162,-19,19
3291,37,36,1,1
3292,65,61,4,4
3293,90,84,6,6
3294,97,86,11,11
3295,107,106,1,1
3296,104,111,-7,7
3297,151,141,10,10
3298,98,103,-5,5
3299,91,101,-10,10
3300,90,87,3,3
3301,79,84,-5,5
3302,62,58,4,4
3303,83,80,3,3
3304,102,109,-7,7
3305,92,101,-9,9
3306,48,53,-5,5
3307,103,106,-3,3
3308,65,60,5,5
3309,84,84,0,0
3310,57,57,0,0
3311,108,113,-5,5
3312,80,81,-1,1
3313,66,82,-16,16
3314,106,114,-8,8
3315,52,57,-5,5
3316,107,121,-14,14
3317,107,100,7,7
3318,57,61,-4,4
3319,137,135,2,2
3320,69,69,0,0
3321,90,80,10,10
3322,65,69,-4,4
3323,49,53,-4,4
3324,153,146,7,7
3325,119,115,4,4
3326,75,78,-3,3
3327,160,155,5,5
3328,140,140,0,0
3329,146,149,-3,3
3330,104,89,15,15
3331,94,100,-6,6
3332,60,54,6,6
3333,118,105,13,13
3334,71,74,-3,3
3335,66,71,-5,5
3336,183,165,18,18
3337,103,92,11,11
3338,119,115,4,4
3339,107,121,-14,14
3340,92,86,6,6
3341,89,99,-10,10
3342,116,109,7,7
3343,84,78,6,6
3344,118,124,-6,6
3345,52,56,-4,4
3346,75,81,-6,6
3347,163,155,8,8
3348,96,98,-2,2
3349,104,113,-9,9
3350,135,147,-12,12
3351,78,78,0,0
3352,127,120,7,7
3353,96,97,-1,1
3354,123,111,12,12
3355,119,109,10,10
3356,83,87,-4,4
3357,107,111,-4,4
3358,96,86,10,10
3359,105,104,1,1
3360,142,123,19,19
3361,67,72,-5,5
3362,67,77,-10,10
3363,126,123,3,3
3364,59,62,-3,3
3365,59,62,-3,3
3366,74,77,-3,3
3367,87,87,0,0
3368,69,72,-3,3
3369,66,68,-2,2
3370,117,109,8,8
3371,186,184,2,2
3372,63,71,-8,8
3373,125,127,-2,2
3374,87,77,10,10
3375,97,103,-6,6
3376,96,90,6,6
3377,49,50,-1,1
3378,105,111,-6,6
3379,48,49,-1,1
3380,111,109,2,2
3381,98,106,-8,8
3382,123,115,8,8
3383,74,66,8,8
3384,55,57,-2,2
3385,124,122,2,2
3386,151,145,6,6
3387,54,57,-3,3
3388,44,48,-4,4
3389,78,86,-8,8
3390,141,148,-7,7
3391,85,92,-7,7
3392,40,52,-12,12
3393,77,76,1,1
3394,104,101,3,3
3395,71,65,6,6
3396,94,103,-9,9
3397,98,109,-11,11
3398,56,59,-3,3
3399,64,73,-9,9
3400,107,109,-2,2
3401,58,63,-5,5
3402,40,47,-7,7
3403,107,97,10,10
3404,110,109,1,1
3405,124,116,8,8
3406,100,90,10,10
3407,88,98,-10,10
3408,131,110,21,21
3409,93,85,8,8
3410,134,130,4,4
3411,81,91,-10,10
3412,81,84,-3,3
3413,84,88,-4,4
3414,86,87,-1,1
3415,152,154,-2,2
3416,64,66,-2,2
3417,73,80,-7,7
3418,118,116,2,2
3419,73,67,6,6
3420,88,79,9,9
3421,112,122,-10,10
3422,141,137,4,4
3423,150,154,-4,4
3424,105,106,-1,1
3425,163,154,9,9
3426,29,37,-8,8
3427,94,100,-6,6
3428,67,74,-7,7
3429,98,113,-15,15
3430,89,90,-1,1
3431,106,106,0,0
3432,100,102,-2,2
3433,107,103,4,4
3434,64,69,-5,5
3435,45,53,-8,8
3436,77,82,-5,5
3437,144,130,14,14
3438,103,105,-2,2
3439,67,110,-43,43
3440,38,41,-3,3
3441,116,114,2,2
3442,102,101,1,1
3443,119,114,5,5
3444,88,91,-3,3
3445,111,110,1,1
3446,48,50,-2,2
3447,131,116,15,15
3448,86,84,2,2
3449,76,76,0,0
3450,80,91,-11,11
3451,99,94,5,5
3452,132,129,3,3
3453,91,109,-18,18
3454,105,107,-2,2
3455,159,162,-3,3
3456,117,113,4,4
3457,142,148,-6,6
3458,69,65,4,4
3459,79,85,-6,6
3460,134,139,-5,5
3461,101,90,11,11
3462,94,90,4,4
3463,97,119,-22,22
3464,112,97,15,15
3465,70,68,2,2
3466,139,130,9,9
3467,120,115,5,5
3468,93,100,-7,7
3469,70,73,-3,3
3470,77,73,4,4
3471,91,89,2,2
3472,57,53,4,4
3473,75,83,-8,8
3474,64,64,0,0
3475,88,87,1,1
3476,90,98,-8,8
3477,82,86,-4,4
3478,54,60,-6,6
3479,101,101,0,0
3480,102,109,-7,7
3481,92,96,-4,4
3482,77,75,2,2
3483,76,80,-4,4
3484,109,117,-8,8
3485,48,53,-5,5
3486,86,86,0,0
3487,91,89,2,2
3488,60,55,5,5
3489,117,120,-3,3
3490,121,125,-4,4
3491,129,136,-7,7
3492,90,101,-11,11
3493,106,82,24,24
3494,80,72,8,8
3495,129,112,17,17
3496,65,68,-3,3
3497,48,52,-4,4
3498,104,104,0,0
3499,72,70,2,2
3500,69,71,-2,2
3501,115,109,6,6
3502,147,166,-19,19
3503,83,86,-3,3
3504,96,98,-2,2
3505,83,82,1,1
3506,106,106,0,0
3507,83,85,-2,2
3508,94,83,11,11
3509,101,86,15,15
3510,112,110,2,2
3511,56,66,-10,10
3512,106,111,-5,5
3513,93,87,6,6
3514,83,90,-7,7
3515,60,63,-3,3
3516,116,117,-1,1
3517,127,114,13,13
3518,65,70,-5,5
3519,134,137,-3,3
3520,45,56,-11,11
3521,74,82,-8,8
3522,107,109,-2,2
3523,97,100,-3,3
3524,145,142,3,3
3525,101,106,-5,5
3526,104,88,16,16
3527,90,93,-3,3
3528,98,100,-2,2
3529,107,113,-6,6
3530,66,69,-3,3
3531,76,87,-11,11
3532,39,37,2,2
3533,89,87,2,2
3534,47,54,-7,7
3535,68,79,-11,11
3536,47,52,-5,5
3537,194,167,27,27
3538,107,120,-13,13
3539,155,149,6,6
3540,163,161,2,2
3541,93,86,7,7
3542,124,129,-5,5
3543,28,34,-6,6
3544,101,108,-7,7
3545,70,73,-3,3
3546,61,68,-7,7
3547,92,85,7,7
3548,78,83,-5,5
3549,51,56,-5,5
3550,99,100,-1,1
3551,95,98,-3,3
3552,137,119,18,18
3553,90,85,5,5
3554,84,87,-3,3
3555,72,79,-7,7
3556,83,90,-7,7
3557,94,93,1,1
3558,86,83,3,3
3559,86,78,8,8
3560,87,92,-5,5
3561,104,115,-11,11
3562,58,62,-4,4
3563,50,63,-13,13
3564,44,46,-2,2
3565,83,82,1,1
3566,97,91,6,6
3567,146,128,18,18
3568,147,131,16,16
3569,107,108,-1,1
3570,117,107,10,10
3571,152,157,-5,5
3572,130,112,18,18
3573,157,141,16,16
3574,268,246,22,22
3575,90,84,6,6
3576,101,108,-7,7
3577,73,73,0,0
3578,120,121,-1,1
3579,86,85,1,1
3580,144,127,17,17
3581,97,94,3,3
3582,93,94,-1,1
3583,49,52,-3,3
3584,97,101,-4,4
3585,99,88,11,11
3586,63,63,0,0
3587,135,125,10,10
3588,66,68,-2,2
3589,71,73,-2,2
3590,74,73,1,1
3591,160,146,14,14
3592,52,63,-11,11
3593,84,79,5,5
3594,127,133,-6,6
3595,82,83,-1,1
3596,80,85,-5,5
3597,108,113,-5,5
3598,104,112,-8,8
3599,106,102,4,4
3600,154,147,7,7
3601,54,62,-8,8
3602,91,103,-12,12
3603,115,132,-17,17
3604,98,107,-9,9
3605,117,119,-2,2
3606,46,48,-2,2
3607,93,98,-5,5
3608,50,52,-2,2
3609,110,152,-42,42
3610,101,102,-1,1
3611,121,114,7,7
3612,129,137,-8,8
3613,123,114,9,9
3614,55,62,-7,7
3615,97,84,13,13
3616,102,103,-1,1
3617,127,137,-10,10
3618,66,74,-8,8
3619,75,73,2,2
3620,125,133,-8,8
3621,75,69,6,6
3622,137,146,-9,9
3623,76,75,1,1
3624,80,71,9,9
3625,93,90,3,3
3626,213,210,3,3
3627,73,71,2,2
3628,99,98,1,1
3629,152,149,3,3
3630,110,114,-4,4
3631,53,60,-7,7
3632,83,82,1,1
3633,94,101,-7,7
3634,60,64,-4,4
3635,150,143,7,7
3636,146,133,13,13
3637,156,167,-11,11
3638,99,101,-2,2
3639,66,66,0,0
3640,85,76,9,9
3641,68,84,-16,16
3642,174,168,6,6
3643,112,102,10,10
3644,102,107,-5,5
3645,96,92,4,4
3646,123,121,2,2
3647,62,67,-5,5
3648,42,45,-3,3
3649,84,78,6,6
3650,99,116,-17,17
3651,96,103,-7,7
3652,94,87,7,7
3653,88,81,7,7
3654,113,109,4,4
3655,136,141,-5,5
3656,51,60,-9,9
3657,82,90,-8,8
3658,103,97,6,6
3659,109,106,3,3
3660,39,47,-8,8
3661,66,61,5,5
3662,68,65,3,3
3663,97,90,7,7
3664,85,82,3,3
3665,123,116,7,7
3666,134,136,-2,2
3667,171,163,8,8
3668,88,92,-4,4
3669,83,76,7,7
3670,52,57,-5,5
3671,90,92,-2,2
3672,75,76,-1,1
3673,80,81,-1,1
3674,85,79,6,6
3675,113,127,-14,14
3676,85,74,11,11
3677,124,120,4,4
3678,126,118,8,8
3679,136,123,13,13
3680,111,112,-1,1
3681,122,113,9,9
3682,84,85,-1,1
3683,53,51,2,2
3684,83,85,-2,2
3685,132,132,0,0
3686,133,135,-2,2
3687,96,97,-1,1
3688,53,55,-2,2
3689,87,101,-14,14
3690,63,63,0,0
3691,92,81,11,11
3692,73,81,-8,8
3693,142,132,10,10
3694,93,79,14,14
3695,69,69,0,0
3696,59,61,-2,2
3697,120,126,-6,6
3698,52,57,-5,5
3699,50,50,0,0
3700,80,89,-9,9
3701,68,71,-3,3
3702,73,73,0,0
3703,245,208,37,37
3704,147,149,-2,2
3705,75,73,2,2
3706,59,65,-6,6
3707,84,79,5,5
3708,92,89,3,3
3709,146,139,7,7
3710,183,182,1,1
3711,64,70,-6,6
3712,101,91,10,10
3713,102,104,-2,2
3714,117,114,3,3
3715,178,183,-5,5
3716,143,122,21,21
3717,68,75,-7,7
3718,90,82,8,8
3719,48,47,1,1
3720,74,75,-1,1
3721,63,60,3,3
3722,74,76,-2,2
3723,83,87,-4,4
3724,89,94,-5,5
3725,112,107,5,5
3726,89,99,-10,10
3727,71,67,4,4
3728,72,77,-5,5
3729,66,65,1,1
3730,173,174,-1,1
3731,139,141,-2,2
3732,94,102,-8,8
3733,48,52,-4,4
3734,102,105,-3,3
3735,69,72,-3,3
3736,67,65,2,2
3737,91,91,0,0
3738,109,115,-6,6
3739,39,44,-5,5
3740,146,139,7,7
3741,103,106,-3,3
3742,149,152,-3,3
3743,78,70,8,8
3744,78,79,-1,1
3745,76,68,8,8
3746,81,85,-4,4
3747,155,156,-1,1
3748,76,79,-3,3
3749,113,110,3,3
3750,87,86,1,1
3751,81,74,7,7
3752,82,88,-6,6
3753,107,114,-7,7
3754,148,148,0,0
3755,57,67,-10,10
3756,73,71,2,2
3757,112,106,6,6
3758,48,49,-1,1
3759,77,88,-11,11
3760,142,131,11,11
3761,142,131,11,11
3762,122,126,-4,4
3763,67,66,1,1
3764,132,116,16,16
3765,134,152,-18,18
3766,96,86,10,10
3767,70,70,0,0
3768,84,83,1,1
3769,108,101,7,7
3770,159,154,5,5
3771,114,127,-13,13
3772,71,74,-3,3
3773,88,98,-10,10
3774,95,92,3,3
3775,36,38,-2,2
3776,99,105,-6,6
3777,54,60,-6,6
3778,148,139,9,9
3779,75,70,5,5
3780,64,74,-10,10
3781,170,165,5,5
3782,176,163,13,13
3783,143,133,10,10
3784,108,98,10,10
3785,94,166,-72,72
3786,102,116,-14,14
3787,92,102,-10,10
3788,132,135,-3,3
3789,84,85,-1,1
3790,152,148,4,4
3791,94,83,11,11
3792,103,106,-3,3
3793,122,121,1,1
3794,79,85,-6,6
3795,81,71,10,10
3796,81,84,-3,3
3797,65,60,5,5
3798,90,78,12,12
3799,85,88,-3,3
3800,74,77,-3,3
3801,110,109,1,1
3802,62,68,-6,6
3803,132,133,-1,1
3804,94,95,-1,1
3805,77,72,5,5
3806,69,79,-10,10
3807,90,84,6,6
3808,58,59,-1,1
3809,101,109,-8,8
3810,72,80,-8,8
3811,49,65,-16,16
3812,120,125,-5,5
3813,60,72,-12,12
3814,140,155,-15,15
3815,53,53,0,0
3816,66,67,-1,1
3817,60,62,-2,2
3818,103,108,-5,5
3819,92,99,-7,7
3820,158,137,21,21
3821,71,91,-20,20
3822,73,76,-3,3
3823,66,73,-7,7
3824,149,145,4,4
3825,146,141,5,5
3826,68,62,6,6
3827,108,111,-3,3
3828,54,59,-5,5
3829,70,71,-1,1
3830,98,99,-1,1
3831,112,110,2,2
3832,64,64,0,0
3833,96,100,-4,4
3834,124,133,-9,9
3835,73,76,-3,3
3836,75,77,-2,2
3837,97,99,-2,2
3838,100,103,-3,3
3839,153,173,-20,20
3840,145,147,-2,2
3841,98,91,7,7
3842,114,103,11,11
3843,111,99,12,12
3844,68,74,-6,6
3845,60,64,-4,4
3846,87,102,-15,15
3847,74,66,8,8
3848,54,64,-10,10
3849,77,76,1,1
3850,63,64,-1,1
3851,120,114,6,6
3852,107,100,7,7
3853,75,80,-5,5
3854,96,102,-6,6
3855,50,45,5,5
3856,152,131,21,21
3857,133,130,3,3
3858,140,140,0,0
3859,63,62,1,1
3860,82,90,-8,8
3861,101,113,-12,12
3862,78,76,2,2
3863,101,90,11,11
3864,74,74,0,0
3865,104,101,3,3
3866,97,101,-4,4
3867,55,70,-15,15
3868,166,159,7,7
3869,110,102,8,8
3870,76,100,-24,24
3871,81,82,-1,1
3872,128,126,2,2
3873,108,109,-1,1
3874,68,69,-1,1
3875,86,87,-1,1
3876,79,80,-1,1
3877,65,66,-1,1
3878,148,147,1,1
3879,165,150,15,15
3880,96,104,-8,8
3881,61,63,-2,2
3882,86,77,9,9
3883,65,63,2,2
3884,124,134,-10,10
3885,94,90,4,4
3886,55,55,0,0
3887,71,70,1,1
3888,132,119,13,13
3889,55,57,-2,2
3890,97,112,-15,15
3891,96,105,-9,9
3892,101,101,0,0
3893,100,86,14,14
3894,78,74,4,4
3895,132,134,-2,2
3896,73,76,-3,3
3897,93,82,11,11
3898,51,52,-1,1
3899,136,136,0,0
3900,80,70,10,10
3901,159,169,-10,10
3902,151,144,7,7
3903,64,64,0,0
3904,75,77,-2,2
3905,151,133,18,18
3906,72,79,-7,7
3907,113,102,11,11
3908,88,91,-3,3
3909,93,89,4,4
3910,62,70,-8,8
3911,59,70,-11,11
3912,104,107,-3,3
3913,133,129,4,4
3914,66,76,-10,10
3915,90,101,-11,11
3916,98,98,0,0
3917,181,144,37,37
3918,68,66,2,2
3919,81,79,2,2
3920,148,143,5,5
3921,92,81,11,11
3922,109,106,3,3
3923,176,173,3,3
3924,236,206,30,30
3925,112,107,5,5
3926,74,76,-2,2
3927,82,73,9,9
3928,78,79,-1,1
3929,83,85,-2,2
3930,89,90,-1,1
3931,95,98,-3,3
3932,177,168,9,9
3933,53,64,-11,11
3934,94,105,-11,11
3935,104,104,0,0
3936,63,66,-3,3
3937,94,93,1,1
3938,95,95,0,0
3939,122,117,5,5
3940,135,127,8,8
3941,170,152,18,18
3942,104,121,-17,17
3943,153,139,14,14
3944,70,101,-31,31
3945,124,116,8,8
3946,81,79,2,2
3947,143,139,4,4
3948,86,101,-15,15
3949,87,82,5,5
3950,92,100,-8,8
3951,111,109,2,2
3952,73,76,-3,3
3953,83,73,10,10
3954,117,113,4,4
3955,92,91,1,1
3956,70,77,-7,7
3957,107,103,4,4
3958,62,70,-8,8
3959,96,98,-2,2
3960,93,94,-1,1
3961,50,57,-7,7
3962,61,61,0,0
3963,118,124,-6,6
3964,117,112,5,5
3965,116,110,6,6
3966,183,169,14,14
3967,56,67,-11,11
3968,67,67,0,0
3969,81,76,5,5
3970,117,112,5,5
3971,98,99,-1,1
3972,63,62,1,1
3973,62,62,0,0
3974,84,92,-8,8
3975,156,151,5,5
3976,105,98,7,7
3977,89,81,8,8
3978,132,137,-5,5
3979,106,112,-6,6
3980,111,114,-3,3
3981,150,159,-9,9
3982,95,102,-7,7
3983,20,40,-20,20
3984,99,100,-1,1
3985,103,104,-1,1
3986,73,86,-13,13
3987,83,78,5,5
3988,69,67,2,2
3989,130,130,0,0
3990,106,106,0,0
3991,104,93,11,11
3992,125,133,-8,8
3993,121,103,18,18
3994,190,182,8,8
3995,116,118,-2,2
3996,87,107,-20,20
3997,71,75,-4,4
3998,71,80,-9,9
3999,146,153,-7,7
4000,97,100,-3,3
4001,98,94,4,4
4002,127,129,-2,2
4003,74,74,0,0
4004,47,46,1,1
4005,92,89,3,3
4006,82,78,4,4
4007,118,112,6,6
4008,137,120,17,17
4009,101,99,2,2
4010,51,58,-7,7
4011,88,98,-10,10
4012,177,158,19,19
4013,82,79,3,3
4014,90,95,-5,5
4015,99,93,6,6
4016,83,86,-3,3
4017,104,104,0,0
4018,83,77,6,6
4019,57,62,-5,5
4020,155,153,2,2
4021,107,100,7,7
4022,72,77,-5,5
4023,72,69,3,3
4024,102,106,-4,4
4025,90,87,3,3
4026,111,105,6,6
4027,123,117,6,6
4028,46,50,-4,4
4029,81,81,0,0
4030,95,79,16,16
4031,125,120,5,5
4032,105,100,5,5
4033,74,75,-1,1
4034,166,148,18,18
4035,96,99,-3,3
4036,70,67,3,3
4037,56,47,9,9
4038,66,64,2,2
4039,85,86,-1,1
4040,46,49,-3,3
4041,47,62,-15,15
4042,68,75,-7,7
4043,130,126,4,4
4044,141,141,0,0
4045,95,92,3,3
4046,111,102,9,9
4047,50,54,-4,4
4048,111,117,-6,6
4049,100,107,-7,7
4050,72,70,2,2
4051,80,84,-4,4
4052,120,111,9,9
4053,180,171,9,9
4054,39,47,-8,8
4055,103,115,-12,12
4056,95,99,-4,4
4057,146,155,-9,9
4058,110,108,2,2
4059,48,41,7,7
4060,83,102,-19,19
4061,66,81,-15,15
4062,86,86,0,0
4063,79,76,3,3
4064,113,120,-7,7
4065,114,112,2,2
4066,86,78,8,8
4067,165,163,2,2
4068,69,78,-9,9
4069,124,126,-2,2
4070,103,110,-7,7
4071,76,64,12,12
4072,118,120,-2,2
4073,157,152,5,5
4074,107,108,-1,1
4075,170,146,24,24
4076,58,61,-3,3
4077,59,64,-5,5
4078,124,116,8,8
4079,142,126,16,16
4080,105,120,-15,15
4081,116,115,1,1
4082,140,138,2,2
4083,92,87,5,5
4084,130,134,-4,4
4085,113,115,-2,2
4086,129,140,-11,11
4087,73,80,-7,7
4088,100,103,-3,3
4089,87,99,-12,12
4090,75,70,5,5
4091,87,90,-3,3
4092,113,103,10,10
4093,64,69,-5,5
4094,83,80,3,3
4095,75,74,1,1
4096,124,130,-6,6
4097,87,87,0,0
4098,63,68,-5,5
4099,78,76,2,2
4100,86,87,-1,1
4101,104,113,-9,9
4102,95,99,-4,4
4103,119,128,-9,9
4104,99,107,-8,8
4105,54,62,-8,8
4106,73,73,0,0
4107,71,70,1,1
4108,83,81,2,2
4109,182,153,29,29
4110,74,87,-13,13
4111,133,129,4,4
4112,80,76,4,4
4113,98,106,-8,8
4114,98,104,-6,6
4115,96,93,3,3
4116,84,71,13,13
4117,199,198,1,1
4118,153,140,13,13
4119,121,133,-12,12
4120,104,116,-12,12
4121,79,84,-5,5
4122,109,94,15,15
4123,74,81,-7,7
4124,48,53,-5,5
4125,127,122,5,5
4126,77,83,-6,6
4127,57,63,-6,6
4128,88,83,5,5
4129,76,68,8,8
4130,120,121,-1,1
4131,86,92,-6,6
4132,62,72,-10,10
4133,60,61,-1,1
4134,83,79,4,4
4135,90,91,-1,1
4136,69,70,-1,1
4137,65,66,-1,1
4138,97,96,1,1
4139,107,105,2,2
4140,131,137,-6,6
4141,118,112,6,6
4142,107,135,-28,28
4143,72,78,-6,6
4144,153,151,2,2
4145,83,82,1,1
4146,55,60,-5,5
4147,106,107,-1,1
4148,97,107,-10,10
4149,176,167,9,9
4150,139,127,12,12
4151,84,93,-9,9
4152,112,106,6,6
4153,58,68,-10,10
4154,119,117,2,2
4155,75,77,-2,2
4156,155,155,0,0
4157,71,65,6,6
4158,150,138,12,12
4159,94,99,-5,5
4160,54,64,-10,10
4161,70,75,-5,5
4162,125,115,10,10
4163,36,38,-2,2
4164,78,82,-4,4
4165,96,97,-1,1
4166,100,100,0,0
4167,106,104,2,2
4168,129,120,9,9
4169,39,42,-3,3
4170,44,46,-2,2
4171,97,94,3,3
4172,80,87,-7,7
4173,52,51,1,1
4174,102,102,0,0
4175,101,92,9,9
4176,90,91,-1,1
4177,151,148,3,3
4178,82,80,2,2
4179,117,115,2,2
4180,63,76,-13,13
4181,135,133,2,2
4182,71,69,2,2
4183,96,110,-14,14
4184,123,120,3,3
4185,75,74,1,1
4186,60,66,-6,6
4187,103,106,-3,3
4188,59,59,0,0
4189,116,125,-9,9
4190,92,91,1,1
4191,76,67,9,9
4192,53,51,2,2
4193,107,115,-8,8
4194,70,72,-2,2
4195,101,102,-1,1
4196,88,84,4,4
4197,84,85,-1,1
4198,26,51,-25,25
4199,107,111,-4,4
4200,121,120,1,1
4201,66,70,-4,4
4202,75,81,-6,6
4203,140,150,-10,10
4204,87,86,1,1
4205,57,53,4,4
4206,100,99,1,1
4207,183,162,21,21
4208,131,132,-1,1
4209,98,129,-31,31
4210,70,74,-4,4
4211,80,77,3,3
4212,112,115,-3,3
4213,164,169,-5,5
4214,112,101,11,11
4215,49,52,-3,3
4216,69,76,-7,7
4217,64,75,-11,11
4218,78,84,-6,6
4219,116,125,-9,9
4220,113,109,4,4
4221,123,125,-2,2
4222,101,109,-8,8
4223,100,109,-9,9
4224,84,80,4,4
4225,114,112,2,2
4226,109,103,6,6
4227,52,53,-1,1
4228,115,108,7,7
4229,106,110,-4,4
4230,93,91,2,2
4231,69,78,-9,9
4232,149,144,5,5
4233,87,86,1,1
4234,103,101,2,2
4235,106,113,-7,7
4236,76,99,-23,23
4237,124,133,-9,9
4238,115,122,-7,7
4239,82,81,1,1
4240,152,160,-8,8
4241,138,134,4,4
4242,196,184,12,12
4243,133,115,18,18
4244,146,142,4,4
4245,105,115,-10,10
4246,92,104,-12,12
4247,71,68,3,3
4248,97,104,-7,7
4249,70,73,-3,3
4250,107,120,-13,13
4251,80,83,-3,3
4252,63,82,-19,19
4253,75,75,0,0
4254,75,78,-3,3
4255,75,78,-3,3
4256,104,98,6,6
4257,152,142,10,10
4258,71,68,3,3
4259,107,103,4,4
4260,161,151,10,10
4261,71,76,-5,5
4262,91,84,7,7
4263,98,93,5,5
4264,108,112,-4,4
4265,78,73,5,5
4266,116,122,-6,6
4267,108,95,13,13
4268,81,84,-3,3
4269,65,74,-9,9
4270,111,116,-5,5
4271,70,70,0,0
4272,55,60,-5,5
4273,102,101,1,1
4274,102,105,-3,3
4275,56,59,-3,3
4276,100,90,10,10
4277,47,46,1,1
4278,145,140,5,5
4279,108,105,3,3
4280,143,139,4,4
4281,123,122,1,1
4282,172,164,8,8
4283,60,68,-8,8
4284,105,102,3,3
4285,46,41,5,5
4286,80,68,12,12
4287,114,120,-6,6
4288,189,183,6,6
4289,82,76,6,6
4290,126,127,-1,1
4291,157,145,12,12
4292,147,171,-24,24
4293,27,62,-35,35
4294,79,75,4,4
4295,75,70,5,5
4296,65,62,3,3
4297,68,66,2,2
4298,126,125,1,1
4299,133,128,5,5
4300,101,90,11,11
4301,80,80,0,0
4302,103,99,4,4
4303,95,92,3,3
4304,103,106,-3,3
4305,113,112,1,1
4306,42,40,2,2
4307,85,88,-3,3
4308,82,85,-3,3
4309,104,107,-3,3
4310,85,76,9,9
4311,107,92,15,15
4312,78,75,3,3
4313,66,66,0,0
4314,108,107,1,1
4315,90,101,-11,11
4316,88,91,-3,3
4317,59,62,-3,3
4318,79,75,4,4
4319,69,69,0,0
4320,135,134,1,1
4321,96,115,-19,19
4322,148,148,0,0
4323,31,39,-8,8
4324,65,76,-11,11
4325,86,84,2,2
4326,47,44,3,3
4327,83,82,1,1
4328,170,179,-9,9
4329,63,66,-3,3
4330,110,109,1,1
4331,182,168,14,14
4332,141,142,-1,1
4333,94,102,-8,8
4334,81,82,-1,1
4335,87,90,-3,3
4336,131,131,0,0
4337,117,108,9,9
4338,64,60,4,4
4339,150,169,-19,19
4340,93,101,-8,8
4341,88,86,2,2
4342,90,97,-7,7
4343,86,91,-5,5
4344,96,110,-14,14
4345,173,159,14,14
4346,104,104,0,0
4347,44,49,-5,5
4348,81,75,6,6
4349,71,66,5,5
4350,77,65,12,12
4351,82,74,8,8
4352,196,183,13,13
4353,126,123,3,3
4354,100,102,-2,2
4355,159,151,8,8
4356,61,69,-8,8
4357,54,55,-1,1
4358,73,70,3,3
4359,73,79,-6,6
4360,88,83,5,5
4361,136,135,1,1
4362,94,98,-4,4
4363,164,182,-18,18
4364,100,102,-2,2
4365,126,122,4,4
4366,50,55,-5,5
4367,79,84,-5,5
4368,94,116,-22,22
4369,110,120,-10,10
4370,144,140,4,4
4371,62,59,3,3
4372,92,99,-7,7
4373,59,63,-4,4
4374,279,227,52,52
4375,149,141,8,8
4376,61,77,-16,16
4377,72,85,-13,13
4378,64,67,-3,3
4379,142,136,6,6
4380,56,57,-1,1
4381,140,145,-5,5
4382,221,199,22,22
4383,111,102,9,9
4384,93,89,4,4
4385,110,116,-6,6
4386,83,75,8,8
4387,65,76,-11,11
4388,154,153,1,1
4389,92,87,5,5
4390,144,134,10,10
4391,102,103,-1,1
4392,131,125,6,6
4393,98,96,2,2
4394,104,102,2,2
4395,95,99,-4,4
4396,108,117,-9,9
4397,89,87,2,2
4398,139,147,-8,8
4399,116,110,6,6
4400,58,64,-6,6
4401,140,142,-2,2
4402,89,90,-1,1
4403,103,104,-1,1
4404,67,88,-21,21
4405,62,62,0,0
4406,162,161,1,1
4407,77,74,3,3
4408,99,104,-5,5
4409,92,79,13,13
4410,105,108,-3,3
4411,99,99,0,0
4412,82,102,-20,20
4413,139,130,9,9
4414,99,100,-1,1
4415,82,87,-5,5
4416,95,102,-7,7
4417,101,100,1,1
4418,85,92,-7,7
4419,102,103,-1,1
4420,133,137,-4,4
4421,76,75,1,1
4422,126,129,-3,3
4423,101,100,1,1
4424,119,108,11,11
4425,152,158,-6,6
4426,136,121,15,15
4427,87,87,0,0
4428,116,106,10,10
4429,60,64,-4,4
4430,96,98,-2,2
4431,76,81,-5,5
4432,128,122,6,6
4433,85,89,-4,4
4434,84,89,-5,5
4435,153,140,13,13
4436,72,66,6,6
4437,73,66,7,7
4438,108,101,7,7
4439,73,73,0,0
4440,94,90,4,4
4441,86,81,5,5
4442,89,82,7,7
4443,56,59,-3,3
4444,195,183,12,12
4445,70,69,1,1
4446,64,66,-2,2
4447,96,90,6,6
4448,103,109,-6,6
4449,131,127,4,4
4450,93,96,-3,3
4451,122,126,-4,4
4452,54,55,-1,1
4453,67,78,-11,11
4454,66,62,4,4
4455,110,114,-4,4
4456,108,109,-1,1
4457,119,123,-4,4
4458,80,69,11,11
4459,60,69,-9,9
4460,88,83,5,5
4461,123,111,12,12
4462,59,62,-3,3
4463,103,95,8,8
4464,93,97,-4,4
4465,90,88,2,2
4466,157,154,3,3
4467,94,93,1,1
4468,79,80,-1,1
4469,131,131,0,0
4470,50,51,-1,1
4471,111,106,5,5
4472,106,110,-4,4
4473,104,106,-2,2
4474,94,103,-9,9
4475,71,67,4,4
4476,168,151,17,17
4477,102,117,-15,15
4478,58,64,-6,6
4479,49,51,-2,2
4480,96,90,6,6
4481,74,78,-4,4
4482,135,139,-4,4
4483,171,161,10,10
4484,70,75,-5,5
4485,118,125,-7,7
4486,90,80,10,10
4487,101,120,-19,19
4488,97,101,-4,4
4489,107,102,5,5
4490,87,84,3,3
4491,43,51,-8,8
4492,79,77,2,2
4493,106,99,7,7
4494,39,37,2,2
4495,178,161,17,17
4496,74,81,-7,7
4497,36,40,-4,4
4498,68,72,-4,4
4499,114,104,10,10
4500,80,84,-4,4
4501,109,120,-11,11
4502,128,121,7,7
4503,87,102,-15,15
4504,110,102,8,8
4505,100,96,4,4
4506,128,131,-3,3
4507,136,135,1,1
4508,129,127,2,2
4509,122,125,-3,3
4510,102,101,1,1
4511,109,110,-1,1
4512,58,62,-4,4
4513,122,120,2,2
4514,90,88,2,2
4515,57,51,6,6
4516,107,105,2,2
4517,168,161,7,7
4518,98,104,-6,6
4519,120,113,7,7
4520,74,75,-1,1
4521,88,86,2,2
4522,96,84,12,12
4523,64,76,-12,12
4524,55,58,-3,3
4525,94,94,0,0
4526,148,137,11,11
4527,92,110,-18,18
4528,95,108,-13,13
4529,110,109,1,1
4530,83,76,7,7
4531,139,132,7,7
4532,108,99,9,9
4533,78,80,-2,2
4534,78,79,-1,1
4535,98,100,-2,2
4536,104,103,1,1
4537,68,66,2,2
4538,103,106,-3,3
4539,66,59,7,7
4540,100,101,-1,1
4541,123,123,0,0
4542,74,86,-12,12
4543,136,128,8,8
4544,47,49,-2,2
4545,92,92,0,0
4546,122,114,8,8
4547,125,131,-6,6
4548,122,112,10,10
4549,61,63,-2,2
4550,82,103,-21,21
4551,112,112,0,0
4552,48,51,-3,3
4553,146,153,-7,7
4554,67,60,7,7
4555,115,113,2,2
4556,165,166,-1,1
4557,87,94,-7,7
4558,40,43,-3,3
4559,55,53,2,2
4560,127,120,7,7
4561,70,72,-2,2
4562,99,105,-6,6
4563,45,52,-7,7
4564,95,92,3,3
4565,80,84,-4,4
4566,47,53,-6,6
4567,99,120,-21,21
4568,118,121,-3,3
4569,104,106,-2,2
4570,75,77,-2,2
4571,90,87,3,3
4572,82,78,4,4
4573,163,150,13,13
4574,93,88,5,5
4575,166,179,-13,13
4576,69,73,-4,4
4577,122,137,-15,15
4578,148,150,-2,2
4579,56,58,-2,2
4580,66,61,5,5
4581,83,93,-10,10
4582,63,63,0,0
4583,108,106,2,2
4584,123,106,17,17
4585,161,174,-13,13
4586,83,105,-22,22
4587,49,49,0,0
4588,78,77,1,1
4589,101,107,-6,6
4590,38,44,-6,6
4591,98,99,-1,1
4592,174,156,18,18
4593,75,85,-10,10
4594,56,58,-2,2
4595,138,131,7,7
4596,38,43,-5,5
4597,51,53,-2,2
4598,69,65,4,4
4599,98,103,-5,5
4600,87,88,-1,1
4601,88,86,2,2
4602,156,158,-2,2
4603,140,136,4,4
4604,92,98,-6,6
4605,49,55,-6,6
4606,82,87,-5,5
4607,217,236,-19,19
4608,99,104,-5,5
4609,110,104,6,6
4610,79,83,-4,4
4611,69,67,2,2
4612,87,76,11,11
4613,84,81,3,3
4614,77,73,4,4
4615,78,73,5,5
4616,100,108,-8,8
4617,112,111,1,1
4618,130,125,5,5
4619,137,124,13,13
4620,125,118,7,7
4621,86,87,-1,1
4622,152,145,7,7
4623,96,105,-9,9
4624,111,114,-3,3
4625,99,109,-10,10
4626,56,56,0,0
4627,211,204,7,7
4628,109,118,-9,9
4629,137,132,5,5
4630,74,79,-5,5
4631,120,123,-3,3
4632,81,85,-4,4
4633,71,73,-2,2
4634,88,85,3,3
4635,111,107,4,4
4636,197,190,7,7
4637,85,80,5,5
4638,112,113,-1,1
4639,44,63,-19,19
4640,86,89,-3,3
4641,72,83,-11,11
4642,59,63,-4,4
4643,82,92,-10,10
4644,69,68,1,1
4645,91,83,8,8
4646,142,139,3,3
4647,84,68,16,16
4648,81,82,-1,1
4649,101,101,0,0
4650,190,168,22,22
4651,107,104,3,3
4652,119,125,-6,6
4653,77,76,1,1
4654,152,150,2,2
4655,64,59,5,5
4656,77,80,-3,3
4657,51,48,3,3
4658,77,79,-2,2
4659,84,88,-4,4
4660,60,62,-2,2
4661,107,105,2,2
4662,87,104,-17,17
4663,116,130,-14,14
4664,160,144,16,16
4665,116,115,1,1
4666,84,79,5,5
4667,113,118,-5,5
4668,105,107,-2,2
4669,55,49,6,6
4670,91,98,-7,7
4671,113,105,8,8
4672,62,57,5,5
4673,75,76,-1,1
4674,45,46,-1,1
4675,177,162,15,15
4676,131,140,-9,9
4677,112,112,0,0
4678,127,135,-8,8
4679,146,125,21,21
4680,138,138,0,0
4681,93,102,-9,9
4682,65,71,-6,6
4683,168,171,-3,3
4684,112,126,-14,14
4685,149,137,12,12
4686,140,145,-5,5
4687,94,98,-4,4
4688,141,137,4,4
4689,75,79,-4,4
4690,134,126,8,8
4691,95,89,6,6
4692,119,106,13,13
4693,95,104,-9,9
4694,65,69,-4,4
4695,95,103,-8,8
4696,97,102,-5,5
4697,132,133,-1,1
4698,87,86,1,1
4699,124,113,11,11
4700,115,118,-3,3
4701,45,48,-3,3
4702,110,106,4,4
4703,57,63,-6,6
4704,126,107,19,19
4705,50,51,-1,1
4706,132,133,-1,1
4707,71,69,2,2
4708,88,81,7,7
4709,91,105,-14,14
4710,79,77,2,2
4711,47,47,0,0
4712,103,115,-12,12
4713,38,41,-3,3
4714,68,62,6,6
4715,130,123,7,7
4716,157,155,2,2
4717,99,101,-2,2
4718,62,57,5,5
4719,79,77,2,2
4720,74,78,-4,4
4721,154,140,14,14
4722,36,57,-21,21
4723,81,80,1,1
4724,69,69,0,0
4725,39,42,-3,3
4726,106,107,-1,1
4727,141,138,3,3
4728,71,73,-2,2
4729,108,108,0,0
4730,142,135,7,7
4731,43,45,-2,2
4732,109,120,-11,11
4733,72,74,-2,2
4734,110,105,5,5
4735,84,98,-14,14
4736,88,82,6,6
4737,156,147,9,9
4738,106,115,-9,9
4739,160,161,-1,1
4740,105,105,0,0
4741,231,219,12,12
4742,111,105,6,6
4743,53,57,-4,4
4744,124,130,-6,6
4745,105,109,-4,4
4746,144,148,-4,4
4747,83,90,-7,7
4748,81,83,-2,2
4749,96,100,-4,4
4750,143,135,8,8
4751,118,111,7,7
4752,77,79,-2,2
4753,116,118,-2,2
4754,116,83,33,33
4755,76,75,1,1
4756,73,76,-3,3
4757,92,86,6,6
4758,89,82,7,7
4759,58,58,0,0
4760,70,71,-1,1
4761,134,129,5,5
4762,73,82,-9,9
4763,139,134,5,5
4764,59,64,-5,5
4765,59,63,-4,4
4766,72,74,-2,2
4767,81,80,1,1
4768,96,96,0,0
4769,190,180,10,10
4770,131,119,12,12
4771,188,192,-4,4
4772,141,152,-11,11
4773,103,101,2,2
4774,65,80,-15,15
4775,86,85,1,1
4776,64,64,0,0
4777,115,121,-6,6
4778,58,71,-13,13
4779,150,145,5,5
4780,70,75,-5,5
4781,91,91,0,0
4782,104,103,1,1
4783,78,80,-2,2
4784,57,57,0,0
4785,117,112,5,5
4786,82,82,0,0
4787,50,59,-9,9
4788,76,81,-5,5
4789,64,64,0,0
4790,140,139,1,1
4791,88,98,-10,10
4792,41,44,-3,3
4793,56,72,-16,16
4794,161,168,-7,7
4795,107,99,8,8
4796,94,98,-4,4
4797,71,65,6,6
4798,163,150,13,13
4799,99,91,8,8
4800,30,37,-7,7
4801,99,87,12,12
4802,161,141,20,20
4803,82,85,-3,3
4804,92,90,2,2
4805,152,132,20,20
4806,131,113,18,18
4807,99,92,7,7
4808,50,48,2,2
4809,80,84,-4,4
4810,99,100,-1,1
4811,69,69,0,0
4812,67,76,-9,9
4813,143,126,17,17
4814,68,71,-3,3
4815,65,73,-8,8
4816,94,100,-6,6
4817,55,61,-6,6
4818,94,94,0,0
4819,45,52,-7,7
4820,140,139,1,1
4821,65,64,1,1
4822,62,63,-1,1
4823,94,102,-8,8
4824,129,125,4,4
4825,123,124,-1,1
4826,80,70,10,10
4827,86,81,5,5
4828,112,115,-3,3
4829,89,86,3,3
4830,72,71,1,1
4831,65,70,-5,5
4832,90,92,-2,2
4833,71,80,-9,9
4834,107,115,-8,8
4835,140,137,3,3
4836,57,63,-6,6
4837,104,107,-3,3
4838,56,68,-12,12
4839,103,103,0,0
4840,104,104,0,0
4841,78,78,0,0
4842,126,122,4,4
4843,101,98,3,3
4844,85,91,-6,6
4845,72,65,7,7
4846,57,62,-5,5
4847,51,63,-12,12
4848,102,107,-5,5
4849,85,86,-1,1
4850,71,69,2,2
4851,87,84,3,3
4852,74,76,-2,2
4853,104,106,-2,2
4854,102,107,-5,5
4855,181,166,15,15
4856,130,130,0,0
4857,75,86,-11,11
4858,102,105,-3,3
4859,56,65,-9,9
4860,72,76,-4,4
4861,90,99,-9,9
4862,66,74,-8,8
4863,82,78,4,4
4864,139,156,-17,17
4865,97,83,14,14
4866,83,85,-2,2
4867,71,82,-11,11
4868,81,74,7,7
4869,80,72,8,8
4870,152,151,1,1
4871,54,53,1,1
4872,51,55,-4,4
4873,142,126,16,16
4874,134,142,-8,8
4875,253,255,-2,2
4876,85,103,-18,18
4877,274,231,43,43
4878,180,160,20,20
4879,85,89,-4,4
4880,68,78,-10,10
4881,126,125,1,1
4882,147,140,7,7
4883,67,68,-1,1
4884,58,65,-7,7
4885,146,144,2,2
4886,170,169,1,1
4887,80,88,-8,8
4888,117,117,0,0
4889,72,74,-2,2
4890,52,58,-6,6
4891,92,97,-5,5
4892,88,85,3,3
4893,106,107,-1,1
4894,93,90,3,3
4895,151,148,3,3
4896,90,88,2,2
4897,71,71,0,0
4898,63,66,-3,3
4899,171,155,16,16
4900,83,72,11,11
4901,125,120,5,5
4902,123,116,7,7
4903,119,115,4,4
4904,100,100,0,0
4905,97,111,-14,14
4906,82,75,7,7
4907,104,112,-8,8
4908,84,81,3,3
4909,133,137,-4,4
4910,66,70,-4,4
4911,328,263,65,65
4912,66,69,-3,3
4913,129,124,5,5
4914,60,64,-4,4
4915,107,125,-18,18
4916,88,80,8,8
4917,92,111,-19,19
4918,97,80,17,17
4919,95,101,-6,6
4920,176,160,16,16
4921,93,91,2,2
4922,124,132,-8,8
4923,80,75,5,5
4924,117,113,4,4
4925,92,87,5,5
4926,137,118,19,19
4927,160,155,5,5
4928,114,115,-1,1
4929,78,74,4,4
4930,73,75,-2,2
4931,62,62,0,0
4932,85,86,-1,1
4933,52,58,-6,6
4934,53,49,4,4
4935,98,78,20,20
4936,92,98,-6,6
4937,100,102,-2,2
4938,114,117,-3,3
4939,139,142,-3,3
4940,76,78,-2,2
4941,119,115,4,4
4942,41,46,-5,5
4943,53,55,-2,2
4944,268,266,2,2
4945,66,65,1,1
4946,130,122,8,8
4947,115,114,1,1
4948,157,160,-3,3
4949,50,59,-9,9
4950,75,74,1,1
4951,79,75,4,4
4952,85,84,1,1
4953,42,67,-25,25
4954,85,79,6,6
4955,95,92,3,3
4956,72,80,-8,8
4957,90,102,-12,12
4958,81,78,3,3
4959,109,114,-5,5
4960,146,153,-7,7
4961,131,122,9,9
4962,138,131,7,7
4963,32,44,-12,12
4964,86,86,0,0
4965,76,79,-3,3
4966,73,84,-11,11
4967,132,128,4,4
4968,136,136,0,0
4969,36,42,-6,6
4970,40,48,-8,8
4971,62,61,1,1
4972,99,108,-9,9
4973,63,75,-12,12
4974,90,81,9,9
4975,63,78,-15,15
4976,63,68,-5,5
4977,73,86,-13,13
4978,73,77,-4,4
4979,120,117,3,3
4980,161,152,9,9
4981,74,73,1,1
4982,74,65,9,9
4983,49,54,-5,5
4984,157,140,17,17
4985,123,120,3,3
4986,91,84,7,7
4987,115,105,10,10
4988,85,86,-1,1
4989,66,69,-3,3
4990,102,98,4,4
4991,98,100,-2,2
4992,100,99,1,1
4993,105,125,-20,20
4994,84,98,-14,14
4995,95,92,3,3
4996,108,101,7,7
4997,62,64,-2,2
4998,116,119,-3,3
4999,79,76,3,3
5000,73,67,6,6
5001,50,63,-13,13
5002,97,93,4,4
5003,145,131,14,14
5004,152,142,10,10
5005,134,126,8,8
5006,110,105,5,5
5007,114,113,1,1
5008,72,69,3,3
5009,113,111,2,2
5010,58,67,-9,9
5011,50,42,8,8
5012,29,38,-9,9
5013,71,70,1,1
5014,90,99,-9,9
5015,140,134,6,6
5016,123,118,5,5
5017,131,126,5,5
5018,50,52,-2,2
5019,82,81,1,1
5020,77,83,-6,6
5021,98,90,8,8
5022,83,76,7,7
5023,88,77,11,11
5024,122,112,10,10
5025,87,85,2,2
5026,107,108,-1,1
5027,75,79,-4,4
5028,89,91,-2,2
5029,124,132,-8,8
5030,105,103,2,2
5031,62,61,1,1
5032,125,114,11,11
5033,94,93,1,1
5034,91,99,-8,8
5035,74,89,-15,15
5036,82,97,-15,15
5037,60,60,0,0
5038,69,72,-3,3
5039,132,127,5,5
5040,76,75,1,1
5041,169,171,-2,2
5042,101,104,-3,3
5043,167,164,3,3
5044,79,82,-3,3
5045,78,90,-12,12
5046,61,62,-1,1
5047,137,121,16,16
5048,116,107,9,9
5049,77,82,-5,5
5050,76,89,-13,13
5051,157,165,-8,8
5052,90,103,-13,13
5053,79,73,6,6
5054,131,118,13,13
5055,118,107,11,11
5056,110,101,9,9
5057,151,135,16,16
5058,159,161,-2,2
5059,95,100,-5,5
5060,78,78,0,0
5061,107,116,-9,9
5062,131,129,2,2
5063,87,93,-6,6
5064,42,44,-2,2
5065,66,70,-4,4
5066,101,102,-1,1
5067,140,135,5,5
5068,66,63,3,3
5069,43,46,-3,3
5070,100,101,-1,1
5071,120,105,15,15
5072,76,64,12,12
5073,121,130,-9,9
5074,78,78,0,0
5075,121,120,1,1
5076,51,58,-7,7
5077,101,107,-6,6
5078,136,136,0,0
5079,107,121,-14,14
5080,106,110,-4,4
5081,116,110,6,6
5082,89,88,1,1
5083,65,68,-3,3
5084,154,144,10,10
5085,130,122,8,8
5086,98,84,14,14
5087,75,90,-15,15
5088,81,82,-1,1
5089,82,88,-6,6
5090,86,90,-4,4
5091,93,99,-6,6
5092,73,79,-6,6
5093,76,81,-5,5
5094,166,165,1,1
5095,98,100,-2,2
5096,120,105,15,15
5097,67,72,-5,5
5098,81,80,1,1
5099,170,167,3,3
5100,40,51,-11,11
5101,101,100,1,1
5102,80,80,0,0
5103,121,108,13,13
5104,58,57,1,1
5105,115,110,5,5
5106,63,65,-2,2
5107,87,89,-2,2
5108,148,156,-8,8
5109,102,103,-1,1
5110,79,78,1,1
5111,118,110,8,8
5112,92,90,2,2
5113,110,113,-3,3
5114,131,133,-2,2
5115,139,152,-13,13
5116,68,75,-7,7
5117,122,125,-3,3
5118,140,131,9,9
5119,124,123,1,1
5120,103,93,10,10
5121,59,74,-15,15
5122,80,82,-2,2
5123,131,125,6,6
5124,104,103,1,1
5125,155,145,10,10
5126,89,91,-2,2
5127,68,83,-15,15
5128,79,79,0,0
5129,110,110,0,0
5130,54,57,-3,3
5131,121,137,-16,16
5132,101,106,-5,5
5133,109,116,-7,7
5134,100,100,0,0
5135,132,131,1,1
5136,71,74,-3,3
5137,89,89,0,0
5138,92,88,4,4
5139,91,92,-1,1
5140,117,109,8,8
5141,100,99,1,1
5142,118,112,6,6
5143,160,134,26,26
5144,121,113,8,8
5145,88,98,-10,10
5146,152,151,1,1
5147,56,55,1,1
5148,51,69,-18,18
5149,110,98,12,12
5150,79,84,-5,5
5151,68,85,-17,17
5152,52,59,-7,7
5153,129,130,-1,1
5154,81,75,6,6
5155,39,41,-2,2
5156,55,115,-60,60
5157,53,58,-5,5
5158,92,98,-6,6
5159,72,74,-2,2
5160,103,108,-5,5
5161,141,129,12,12
5162,82,87,-5,5
5163,69,75,-6,6
5164,168,164,4,4
5165,65,70,-5,5
5166,76,79,-3,3
5167,104,101,3,3
5168,89,91,-2,2
5169,101,108,-7,7
5170,53,60,-7,7
5171,105,105,0,0
5172,90,83,7,7
5173,116,114,2,2
5174,137,132,5,5
5175,126,115,11,11
5176,43,42,1,1
5177,65,72,-7,7
5178,76,80,-4,4
5179,104,103,1,1
5180,88,81,7,7
5181,75,73,2,2
5182,82,79,3,3
5183,40,66,-26,26
5184,77,77,0,0
5185,66,66,0,0
5186,154,141,13,13
5187,86,81,5,5
5188,112,123,-11,11
5189,93,99,-6,6
5190,130,150,-20,20
5191,177,169,8,8
5192,148,137,11,11
5193,80,82,-2,2
5194,58,56,2,2
5195,115,109,6,6
5196,118,113,5,5
5197,66,66,0,0
5198,161,155,6,6
5199,80,82,-2,2
5200,105,101,4,4
5201,56,55,1,1
5202,66,69,-3,3
5203,93,92,1,1
5204,105,104,1,1
5205,96,94,2,2
5206,62,63,-1,1
5207,68,79,-11,11
5208,83,78,5,5
5209,110,110,0,0
5210,109,111,-2,2
5211,147,138,9,9
5212,68,64,4,4
5213,121,112,9,9
5214,128,135,-7,7
5215,136,133,3,3
5216,110,102,8,8
5217,84,76,8,8
5218,93,94,-1,1
5219,68,73,-5,5
5220,88,87,1,1
5221,89,97,-8,8
5222,134,137,-3,3
5223,128,128,0,0
5224,79,77,2,2
5225,66,69,-3,3
5226,58,53,5,5
5227,58,75,-17,17
5228,69,70,-1,1
5229,56,58,-2,2
5230,85,89,-4,4
5231,73,76,-3,3
5232,97,93,4,4
5233,100,85,15,15
5234,82,72,10,10
5235,65,67,-2,2
5236,90,99,-9,9
5237,66,79,-13,13
5238,58,59,-1,1
5239,62,104,-42,42
5240,50,55,-5,5
5241,84,81,3,3
5242,82,85,-3,3
5243,147,154,-7,7
5244,91,85,6,6
5245,95,92,3,3
5246,121,118,3,3
5247,56,61,-5,5
5248,54,52,2,2
5249,103,104,-1,1
5250,86,75,11,11
5251,85,81,4,4
5252,97,81,16,16
5253,92,80,12,12
5254,59,63,-4,4
5255,115,116,-1,1
5256,116,116,0,0
5257,101,103,-2,2
5258,120,99,21,21
5259,164,147,17,17
5260,55,51,4,4
5261,91,98,-7,7
5262,75,80,-5,5
5263,121,121,0,0
5264,57,61,-4,4
5265,38,54,-16,16
5266,92,84,8,8
5267,67,68,-1,1
5268,120,119,1,1
5269,83,83,0,0
5270,138,141,-3,3
5271,169,159,10,10
5272,59,69,-10,10
5273,47,52,-5,5
5274,46,46,0,0
5275,123,133,-10,10
5276,142,139,3,3
5277,80,86,-6,6
5278,31,42,-11,11
5279,128,131,-3,3
5280,112,103,9,9
5281,98,108,-10,10
5282,55,63,-8,8
5283,110,99,11,11
5284,91,94,-3,3
5285,112,93,19,19
5286,115,110,5,5
5287,73,70,3,3
5288,106,107,-1,1
5289,93,97,-4,4
5290,166,166,0,0
5291,128,139,-11,11
5292,112,110,2,2
5293,89,83,6,6
5294,74,77,-3,3
5295,106,123,-17,17
5296,72,73,-1,1
5297,78,79,-1,1
5298,92,98,-6,6
5299,140,130,10,10
5300,103,101,2,2
5301,102,115,-13,13
5302,63,77,-14,14
5303,169,160,9,9
5304,78,78,0,0
5305,132,129,3,3
5306,50,38,12,12
5307,127,115,12,12
5308,138,117,21,21
5309,61,53,8,8
5310,87,88,-1,1
5311,109,115,-6,6
5312,77,80,-3,3
5313,92,106,-14,14
5314,84,79,5,5
5315,140,125,15,15
5316,79,86,-7,7
5317,87,79,8,8
5318,76,79,-3,3
5319,54,52,2,2
5320,77,91,-14,14
5321,28,56,-28,28
5322,85,67,18,18
5323,41,42,-1,1
5324,78,84,-6,6
5325,117,107,10,10
5326,99,103,-4,4
5327,130,129,1,1
5328,58,63,-5,5
5329,76,72,4,4
5330,72,78,-6,6
5331,72,72,0,0
5332,130,118,12,12
5333,85,94,-9,9
5334,74,77,-3,3
5335,117,117,0,0
5336,105,111,-6,6
5337,114,112,2,2
5338,94,95,-1,1
5339,127,125,2,2
5340,100,98,2,2
5341,100,108,-8,8
5342,114,110,4,4
5343,137,148,-11,11
5344,141,136,5,5
5345,186,174,12,12
5346,49,57,-8,8
5347,71,76,-5,5
5348,144,143,1,1
5349,108,87,21,21
5350,102,88,14,14
5351,129,127,2,2
5352,123,121,2,2
5353,48,53,-5,5
5354,70,67,3,3
5355,81,83,-2,2
5356,72,77,-5,5
5357,76,79,-3,3
5358,114,127,-13,13
5359,130,125,5,5
5360,113,123,-10,10
5361,57,61,-4,4
5362,77,79,-2,2
5363,117,116,1,1
5364,79,74,5,5
5365,87,98,-11,11
5366,99,101,-2,2
5367,211,197,14,14
5368,92,83,9,9
5369,119,112,7,7
5370,54,61,-7,7
5371,111,107,4,4
5372,67,67,0,0
5373,185,188,-3,3
5374,68,78,-10,10
5375,190,169,21,21
5376,124,123,1,1
5377,80,88,-8,8
5378,78,78,0,0
5379,92,107,-15,15
5380,70,72,-2,2
5381,51,67,-16,16
5382,89,92,-3,3
5383,82,89,-7,7
5384,83,81,2,2
5385,204,188,16,16
5386,114,109,5,5
5387,62,62,0,0
5388,100,88,12,12
5389,143,161,-18,18
5390,89,85,4,4
5391,123,131,-8,8
5392,150,146,4,4
5393,135,114,21,21
5394,114,120,-6,6
5395,94,103,-9,9
5396,158,149,9,9
5397,58,71,-13,13
5398,94,101,-7,7
5399,59,59,0,0
5400,81,100,-19,19
5401,70,70,0,0
5402,79,81,-2,2
5403,49,54,-5,5
5404,85,82,3,3
5405,85,80,5,5
5406,55,53,2,2
5407,97,102,-5,5
5408,95,99,-4,4
5409,129,122,7,7
5410,53,62,-9,9
5411,109,113,-4,4
5412,92,88,4,4
5413,122,102,20,20
5414,102,106,-4,4
5415,98,112,-14,14
5416,68,76,-8,8
5417,108,103,5,5
5418,92,87,5,5
5419,95,97,-2,2
5420,65,66,-1,1
5421,27,33,-6,6
5422,62,60,2,2
5423,109,109,0,0
5424,72,74,-2,2
5425,58,58,0,0
5426,121,111,10,10
5427,101,100,1,1
5428,63,70,-7,7
5429,38,37,1,1
5430,145,142,3,3
5431,103,107,-4,4
5432,215,234,-19,19
5433,122,113,9,9
5434,90,100,-10,10
5435,67,68,-1,1
5436,98,106,-8,8
5437,106,115,-9,9
5438,119,123,-4,4
5439,93,93,0,0
5440,48,61,-13,13
5441,87,86,1,1
5442,108,116,-8,8
5443,72,68,4,4
5444,124,123,1,1
5445,114,115,-1,1
5446,43,44,-1,1
5447,109,108,1,1
5448,99,106,-7,7
5449,116,109,7,7
5450,72,90,-18,18
5451,122,133,-11,11
5452,98,100,-2,2
5453,144,156,-12,12
5454,78,73,5,5
5455,70,68,2,2
5456,114,109,5,5
5457,137,136,1,1
5458,113,107,6,6
5459,115,106,9,9
5460,85,85,0,0
5461,63,62,1,1
5462,114,120,-6,6
5463,88,91,-3,3
5464,125,116,9,9
5465,116,119,-3,3
5466,150,120,30,30
5467,78,81,-3,3
5468,75,75,0,0
5469,81,87,-6,6
5470,116,129,-13,13
5471,64,60,4,4
5472,93,99,-6,6
5473,96,89,7,7
5474,147,149,-2,2
5475,77,75,2,2
5476,139,142,-3,3
5477,64,59,5,5
5478,82,78,4,4
5479,70,69,1,1
5480,142,140,2,2
5481,99,98,1,1
5482,64,70,-6,6
5483,80,88,-8,8
5484,69,64,5,5
5485,64,67,-3,3
5486,99,102,-3,3
5487,120,111,9,9
5488,80,79,1,1
5489,145,148,-3,3
5490,161,157,4,4
5491,86,92,-6,6
5492,123,123,0,0
5493,91,90,1,1
5494,147,138,9,9
5495,92,88,4,4
5496,79,82,-3,3
5497,144,133,11,11
5498,72,72,0,0
5499,91,106,-15,15
5500,162,158,4,4
5501,76,82,-6,6
5502,82,86,-4,4
5503,63,70,-7,7
5504,71,74,-3,3
5505,74,76,-2,2
5506,152,141,11,11
5507,102,106,-4,4
5508,70,70,0,0
5509,46,50,-4,4
5510,85,100,-15,15
5511,81,83,-2,2
5512,85,86,-1,1
5513,108,100,8,8
5514,124,121,3,3
5515,81,86,-5,5
5516,97,124,-27,27
5517,137,142,-5,5
5518,125,119,6,6
5519,90,100,-10,10
5520,83,77,6,6
5521,89,89,0,0
5522,124,114,10,10
5523,101,89,12,12
5524,103,107,-4,4
5525,61,63,-2,2
5526,85,78,7,7
5527,102,105,-3,3
5528,83,101,-18,18
5529,91,99,-8,8
5530,131,108,23,23
5531,150,140,10,10
5532,107,109,-2,2
5533,115,118,-3,3
5534,126,126,0,0
5535,129,128,1,1
5536,95,89,6,6
5537,143,134,9,9
5538,115,118,-3,3
5539,85,83,2,2
5540,164,156,8,8
5541,95,96,-1,1
5542,137,147,-10,10
5543,121,118,3,3
5544,83,83,0,0
5545,115,125,-10,10
5546,154,163,-9,9
5547,115,115,0,0
5548,88,82,6,6
5549,116,119,-3,3
5550,119,103,16,16
5551,30,42,-12,12
5552,100,96,4,4
5553,132,140,-8,8
5554,186,173,13,13
5555,82,86,-4,4
5556,176,145,31,31
5557,107,104,3,3
5558,89,83,6,6
5559,94,99,-5,5
5560,51,45,6,6
5561,138,142,-4,4
5562,78,80,-2,2
5563,59,65,-6,6
5564,58,57,1,1
5565,67,67,0,0
5566,79,73,6,6
5567,54,54,0,0
5568,62,64,-2,2
5569,83,81,2,2
5570,75,81,-6,6
5571,115,114,1,1
5572,114,117,-3,3
5573,126,115,11,11
5574,88,103,-15,15
5575,69,64,5,5
5576,38,54,-16,16
5577,71,69,2,2
5578,66,64,2,2
5579,62,62,0,0
5580,75,67,8,8
5581,59,58,1,1
5582,97,106,-9,9
5583,81,94,-13,13
5584,69,82,-13,13
5585,81,77,4,4
5586,101,104,-3,3
5587,97,92,5,5
5588,60,72,-12,12
5589,119,116,3,3
5590,113,140,-27,27
5591,130,117,13,13
5592,61,70,-9,9
5593,166,157,9,9
5594,51,55,-4,4
5595,140,135,5,5
5596,109,118,-9,9
5597,115,121,-6,6
5598,112,110,2,2
5599,89,88,1,1
5600,65,69,-4,4
5601,97,104,-7,7
5602,81,90,-9,9
5603,59,62,-3,3
5604,52,53,-1,1
5605,74,87,-13,13
5606,76,78,-2,2
5607,111,77,34,34
5608,112,112,0,0
5609,66,70,-4,4
5610,96,92,4,4
5611,61,67,-6,6
5612,162,157,5,5
5613,120,113,7,7
5614,68,84,-16,16
5615,61,75,-14,14
5616,110,110,0,0
5617,114,120,-6,6
5618,41,40,1,1
5619,63,55,8,8
5620,77,74,3,3
5621,92,86,6,6
5622,80,78,2,2
5623,40,47,-7,7
5624,56,63,-7,7
5625,72,74,-2,2
5626,123,113,10,10
5627,77,78,-1,1
5628,107,107,0,0
5629,112,114,-2,2
5630,72,78,-6,6
5631,99,108,-9,9
5632,118,115,3,3
5633,77,72,5,5
5634,139,136,3,3
5635,84,82,2,2
5636,62,67,-5,5
5637,100,102,-2,2
5638,80,80,0,0
5639,91,99,-8,8
5640,113,110,3,3
5641,45,41,4,4
5642,71,63,8,8
5643,122,109,13,13
5644,53,57,-4,4
5645,78,91,-13,13
5646,65,73,-8,8
5647,40,50,-10,10
5648,136,130,6,6
5649,120,112,8,8
5650,104,113,-9,9
5651,85,82,3,3
5652,89,88,1,1
5653,84,87,-3,3
5654,80,90,-10,10
5655,119,127,-8,8
5656,105,103,2,2
5657,61,76,-15,15
5658,53,63,-10,10
5659,69,74,-5,5
5660,83,82,1,1
5661,122,104,18,18
5662,88,86,2,2
5663,88,81,7,7
5664,104,109,-5,5
5665,94,89,5,5
5666,133,129,4,4
5667,53,55,-2,2
5668,73,79,-6,6
5669,92,95,-3,3
5670,92,88,4,4
5671,91,91,0,0
5672,82,85,-3,3
5673,87,91,-4,4
5674,135,128,7,7
5675,126,126,0,0
5676,94,90,4,4
5677,55,56,-1,1
5678,104,99,5,5
5679,127,127,0,0
5680,135,134,1,1
5681,145,132,13,13
5682,99,103,-4,4
5683,96,105,-9,9
5684,103,89,14,14
5685,32,39,-7,7
5686,74,78,-4,4
5687,109,99,10,10
5688,59,63,-4,4
5689,101,101,0,0
5690,69,70,-1,1
5691,71,85,-14,14
5692,101,98,3,3
5693,129,132,-3,3
5694,114,114,0,0
5695,73,72,1,1
5696,179,160,19,19
5697,81,83,-2,2
5698,127,122,5,5
5699,129,130,-1,1
5700,57,52,5,5
5701,50,60,-10,10
5702,80,70,10,10
5703,116,116,0,0
5704,93,85,8,8
5705,164,149,15,15
5706,43,49,-6,6
5707,96,108,-12,12
5708,88,79,9,9
5709,66,62,4,4
5710,97,103,-6,6
5711,86,87,-1,1
5712,83,93,-10,10
5713,87,86,1,1
5714,61,65,-4,4
5715,81,82,-1,1
5716,164,157,7,7
5717,138,133,5,5
5718,115,121,-6,6
5719,86,87,-1,1
5720,118,141,-23,23
5721,67,69,-2,2
5722,87,95,-8,8
5723,74,69,5,5
5724,51,47,4,4
5725,67,65,2,2
5726,84,80,4,4
5727,94,90,4,4
5728,69,69,0,0
5729,115,122,-7,7
5730,48,50,-2,2
5731,77,76,1,1
5732,81,79,2,2
5733,110,119,-9,9
5734,74,91,-17,17
5735,54,64,-10,10
5736,84,87,-3,3
5737,70,75,-5,5
5738,64,68,-4,4
5739,80,87,-7,7
5740,78,75,3,3
5741,83,92,-9,9
5742,81,80,1,1
5743,34,39,-5,5
5744,149,163,-14,14
5745,50,55,-5,5
5746,57,58,-1,1
5747,75,75,0,0
5748,139,129,10,10
5749,48,48,0,0
5750,61,65,-4,4
5751,96,89,7,7
5752,64,59,5,5
5753,90,101,-11,11
5754,81,81,0,0
5755,119,128,-9,9
5756,129,127,2,2
5757,111,117,-6,6
5758,79,80,-1,1
5759,107,104,3,3
5760,77,84,-7,7
5761,67,67,0,0
5762,103,94,9,9
5763,60,64,-4,4
5764,115,120,-5,5
5765,62,59,3,3
5766,71,76,-5,5
5767,67,77,-10,10
5768,46,51,-5,5
5769,52,54,-2,2
5770,55,59,-4,4
5771,95,89,6,6
5772,119,107,12,12
5773,156,165,-9,9
5774,89,81,8,8
5775,130,111,19,19
5776,149,141,8,8
5777,53,68,-15,15
5778,103,103,0,0
5779,181,161,20,20
5780,88,89,-1,1
5781,91,89,2,2
5782,79,73,6,6
5783,64,77,-13,13
5784,85,91,-6,6
5785,45,48,-3,3
5786,72,72,0,0
5787,118,112,6,6
5788,54,53,1,1
5789,98,103,-5,5
5790,79,85,-6,6
5791,63,63,0,0
5792,27,34,-7,7
5793,142,137,5,5
5794,67,70,-3,3
5795,146,141,5,5
5796,80,87,-7,7
5797,68,79,-11,11
5798,92,98,-6,6
5799,48,51,-3,3
5800,117,103,14,14
5801,98,102,-4,4
5802,73,76,-3,3
5803,84,84,0,0
5804,95,91,4,4
5805,120,120,0,0
5806,151,167,-16,16
5807,50,49,1,1
5808,93,98,-5,5
5809,150,149,1,1
5810,65,80,-15,15
5811,76,81,-5,5
5812,69,70,-1,1
5813,91,89,2,2
5814,81,86,-5,5
5815,92,86,6,6
5816,127,144,-17,17
5817,100,100,0,0
5818,98,98,0,0
5819,109,106,3,3
5820,69,74,-5,5
5821,94,101,-7,7
5822,156,143,13,13
5823,82,91,-9,9
5824,62,74,-12,12
5825,56,60,-4,4
5826,44,51,-7,7
5827,134,107,27,27
5828,75,73,2,2
5829,88,90,-2,2
5830,63,71,-8,8
5831,106,110,-4,4
5832,121,109,12,12
5833,94,105,-11,11
5834,89,100,-11,11
5835,45,54,-9,9
5836,76,81,-5,5
5837,85,87,-2,2
5838,129,136,-7,7
5839,113,114,-1,1
5840,127,119,8,8
5841,129,148,-19,19
5842,92,92,0,0
5843,60,59,1,1
5844,91,77,14,14
5845,90,85,5,5
5846,143,140,3,3
5847,79,78,1,1
5848,118,163,-45,45
5849,65,63,2,2
5850,88,78,10,10
5851,102,107,-5,5
5852,67,66,1,1
5853,104,101,3,3
5854,164,159,5,5
5855,145,141,4,4
5856,51,50,1,1
5857,35,42,-7,7
5858,125,122,3,3
5859,78,81,-3,3
5860,110,109,1,1
5861,133,135,-2,2
5862,92,98,-6,6
5863,89,93,-4,4
5864,66,67,-1,1
5865,96,103,-7,7
5866,74,74,0,0
5867,21,28,-7,7
5868,52,56,-4,4
5869,49,47,2,2
5870,133,143,-10,10
5871,56,60,-4,4
5872,48,51,-3,3
5873,53,46,7,7
5874,86,88,-2,2
5875,81,97,-16,16
5876,139,140,-1,1
5877,111,125,-14,14
5878,118,125,-7,7
5879,61,63,-2,2
5880,88,101,-13,13
5881,58,61,-3,3
5882,91,87,4,4
5883,110,110,0,0
5884,118,97,21,21
5885,109,104,5,5
5886,52,56,-4,4
5887,69,74,-5,5
5888,144,130,14,14
5889,87,87,0,0
5890,153,134,19,19
5891,49,54,-5,5
5892,106,115,-9,9
5893,85,83,2,2
5894,95,98,-3,3
5895,99,101,-2,2
5896,154,155,-1,1
5897,64,79,-15,15
5898,74,71,3,3
5899,94,88,6,6
5900,83,64,19,19
5901,66,67,-1,1
5902,48,55,-7,7
5903,87,103,-16,16
5904,28,50,-22,22
5905,63,61,2,2
5906,117,114,3,3
5907,169,165,4,4
5908,54,54,0,0
5909,118,118,0,0
5910,77,74,3,3
5911,87,91,-4,4
5912,259,229,30,30
5913,116,125,-9,9
5914,141,136,5,5
5915,63,70,-7,7
5916,194,179,15,15
5917,58,72,-14,14
5918,117,117,0,0
5919,101,102,-1,1
5920,128,128,0,0
5921,99,86,13,13
5922,122,108,14,14
5923,146,141,5,5
5924,117,107,10,10
5925,85,92,-7,7
5926,156,152,4,4
5927,85,84,1,1
5928,149,159,-10,10
5929,62,69,-7,7
5930,133,135,-2,2
5931,76,78,-2,2
5932,67,68,-1,1
5933,125,146,-21,21
5934,73,71,2,2
5935,106,97,9,9
5936,98,100,-2,2
5937,113,115,-2,2
5938,151,153,-2,2
5939,91,88,3,3
5940,115,125,-10,10
5941,99,104,-5,5
5942,51,56,-5,5
5943,102,109,-7,7
5944,123,113,10,10
5945,71,66,5,5
5946,116,120,-4,4
5947,118,118,0,0
5948,151,161,-10,10
5949,93,84,9,9
5950,77,81,-4,4
5951,52,51,1,1
5952,88,86,2,2
5953,56,55,1,1
5954,152,160,-8,8
5955,129,132,-3,3
5956,75,81,-6,6
5957,98,98,0,0
5958,149,152,-3,3
5959,73,71,2,2
5960,96,109,-13,13
5961,145,143,2,2
5962,88,81,7,7
5963,159,145,14,14
5964,178,165,13,13
5965,81,88,-7,7
5966,142,133,9,9
5967,97,97,0,0
5968,145,145,0,0
5969,91,89,2,2
5970,85,73,12,12
5971,87,75,12,12
5972,90,77,13,13
5973,68,70,-2,2
5974,94,89,5,5
5975,101,99,2,2
5976,92,83,9,9
5977,71,79,-8,8
5978,113,114,-1,1
5979,102,104,-2,2
5980,114,118,-4,4
5981,97,92,5,5
5982,47,57,-10,10
5983,60,63,-3,3
5984,135,132,3,3
5985,58,56,2,2
5986,206,184,22,22
5987,68,71,-3,3
5988,42,49,-7,7
5989,73,64,9,9
5990,83,78,5,5
5991,72,68,4,4
5992,111,82,29,29
5993,58,53,5,5
5994,130,140,-10,10
5995,111,112,-1,1
5996,140,150,-10,10
5997,95,101,-6,6
5998,96,98,-2,2
5999,91,87,4,4
6000,79,80,-1,1
6001,74,74,0,0
6002,169,154,15,15
6003,117,121,-4,4
6004,78,61,17,17
6005,115,121,-6,6
6006,44,48,-4,4
6007,103,115,-12,12
6008,78,98,-20,20
6009,49,53,-4,4
6010,126,133,-7,7
6011,93,83,10,10
6012,140,141,-1,1
6013,85,88,-3,3
6014,116,128,-12,12
6015,83,77,6,6
6016,96,107,-11,11
6017,143,131,12,12
6018,74,78,-4,4
6019,92,100,-8,8
6020,63,58,5,5
6021,49,55,-6,6
6022,144,146,-2,2
6023,54,56,-2,2
6024,116,165,-49,49
6025,66,78,-12,12
6026,56,62,-6,6
6027,56,99,-43,43
6028,107,111,-4,4
6029,140,134,6,6
6030,92,100,-8,8
6031,76,80,-4,4
6032,90,99,-9,9
6033,138,141,-3,3
6034,71,63,8,8
6035,89,101,-12,12
6036,66,59,7,7
6037,60,63,-3,3
6038,116,127,-11,11
6039,179,177,2,2
6040,90,80,10,10
6041,116,122,-6,6
6042,89,89,0,0
6043,95,91,4,4
6044,85,79,6,6
6045,53,57,-4,4
6046,166,164,2,2
6047,43,50,-7,7
6048,119,128,-9,9
6049,105,119,-14,14
6050,121,116,5,5
6051,73,74,-1,1
6052,67,67,0,0
6053,119,123,-4,4
6054,106,109,-3,3
6055,72,65,7,7
6056,75,73,2,2
6057,70,78,-8,8
6058,143,131,12,12
6059,83,78,5,5
6060,83,81,2,2
6061,46,64,-18,18
6062,47,46,1,1
6063,119,120,-1,1
6064,108,101,7,7
6065,43,52,-9,9
6066,64,62,2,2
6067,83,88,-5,5
6068,141,136,5,5
6069,107,108,-1,1
6070,35,55,-20,20
6071,119,119,0,0
6072,88,81,7,7
6073,77,84,-7,7
6074,75,73,2,2
6075,140,137,3,3
6076,66,68,-2,2
6077,121,130,-9,9
6078,47,60,-13,13
6079,68,72,-4,4
6080,112,107,5,5
6081,178,168,10,10
6082,87,95,-8,8
6083,164,150,14,14
6084,79,80,-1,1
6085,71,72,-1,1
6086,111,129,-18,18
6087,78,85,-7,7
6088,160,167,-7,7
6089,98,101,-3,3
6090,115,158,-43,43
6091,95,105,-10,10
6092,65,66,-1,1
6093,159,160,-1,1
6094,85,87,-2,2
6095,69,66,3,3
6096,116,118,-2,2
6097,55,58,-3,3
6098,96,101,-5,5
6099,94,87,7,7
6100,72,73,-1,1
6101,94,85,9,9
6102,124,136,-12,12
6103,62,64,-2,2
6104,79,72,7,7
6105,146,136,10,10
6106,42,49,-7,7
6107,85,82,3,3
6108,100,87,13,13
6109,131,113,18,18
6110,72,79,-7,7
6111,49,49,0,0
6112,116,111,5,5
6113,102,103,-1,1
6114,135,134,1,1
6115,138,134,4,4
6116,40,59,-19,19
6117,104,104,0,0
6118,99,99,0,0
6119,50,49,1,1
6120,108,108,0,0
6121,106,105,1,1
6122,93,86,7,7
6123,155,158,-3,3
6124,127,123,4,4
6125,78,77,1,1
6126,87,89,-2,2
6127,73,77,-4,4
6128,92,94,-2,2
6129,86,85,1,1
6130,117,116,1,1
6131,65,62,3,3
6132,44,44,0,0
6133,142,137,5,5
6134,83,91,-8,8
6135,104,100,4,4
6136,119,105,14,14
6137,112,111,1,1
6138,96,85,11,11
6139,58,66,-8,8
6140,44,48,-4,4
6141,107,112,-5,5
6142,115,116,-1,1
6143,87,97,-10,10
6144,102,102,0,0
6145,89,86,3,3
6146,119,118,1,1
6147,101,97,4,4
6148,55,61,-6,6
6149,92,86,6,6
6150,108,102,6,6
6151,57,60,-3,3
6152,119,113,6,6
6153,133,132,1,1
6154,80,84,-4,4
6155,66,70,-4,4
6156,114,108,6,6
6157,111,115,-4,4
6158,140,133,7,7
6159,108,87,21,21
6160,89,102,-13,13
6161,88,78,10,10
6162,76,83,-7,7
6163,80,83,-3,3
6164,98,90,8,8
6165,73,73,0,0
6166,136,131,5,5
6167,50,52,-2,2
6168,88,101,-13,13
6169,69,72,-3,3
6170,151,147,4,4
6171,66,62,4,4
6172,73,71,2,2
6173,65,61,4,4
6174,72,75,-3,3
6175,52,57,-5,5
6176,108,97,11,11
6177,86,84,2,2
6178,34,44,-10,10
6179,183,182,1,1
6180,54,51,3,3
6181,122,127,-5,5
6182,64,65,-1,1
6183,75,80,-5,5
6184,105,98,7,7
6185,65,70,-5,5
6186,84,95,-11,11
6187,101,102,-1,1
6188,117,112,5,5
6189,148,149,-1,1
6190,66,70,-4,4
6191,106,114,-8,8
6192,147,130,17,17
6193,108,113,-5,5
6194,133,107,26,26
6195,42,45,-3,3
6196,67,65,2,2
6197,117,113,4,4
6198,127,135,-8,8
6199,84,83,1,1
6200,72,71,1,1
6201,77,77,0,0
6202,83,79,4,4
6203,77,91,-14,14
6204,133,131,2,2
6205,61,70,-9,9
6206,75,82,-7,7
6207,81,81,0,0
6208,95,92,3,3
6209,115,113,2,2
6210,106,100,6,6
6211,85,75,10,10
6212,89,90,-1,1
6213,103,100,3,3
6214,78,76,2,2
6215,83,81,2,2
6216,128,115,13,13
6217,64,71,-7,7
6218,87,83,4,4
6219,108,98,10,10
6220,108,107,1,1
6221,77,74,3,3
6222,65,75,-10,10
6223,56,58,-2,2
6224,69,65,4,4
6225,83,85,-2,2
6226,93,102,-9,9
6227,85,85,0,0
6228,177,178,-1,1
6229,52,53,-1,1
6230,35,39,-4,4
6231,128,116,12,12
6232,98,99,-1,1
6233,83,81,2,2
6234,67,61,6,6
6235,102,103,-1,1
6236,115,117,-2,2
6237,103,100,3,3
6238,99,104,-5,5
6239,100,102,-2,2
6240,148,132,16,16
6241,67,66,1,1
6242,131,128,3,3
6243,76,77,-1,1
6244,91,90,1,1
6245,110,93,17,17
6246,133,135,-2,2
6247,77,89,-12,12
6248,151,154,-3,3
6249,130,137,-7,7
6250,80,88,-8,8
6251,86,89,-3,3
6252,117,124,-7,7
6253,72,71,1,1
6254,104,108,-4,4
6255,108,102,6,6
6256,103,107,-4,4
6257,57,61,-4,4
6258,30,41,-11,11
6259,70,74,-4,4
6260,93,107,-14,14
6261,75,71,4,4
6262,46,51,-5,5
6263,169,136,33,33
6264,88,86,2,2
6265,71,78,-7,7
6266,97,100,-3,3
6267,133,124,9,9
6268,77,80,-3,3
6269,93,98,-5,5
6270,52,66,-14,14
6271,124,137,-13,13
6272,60,91,-31,31
6273,53,61,-8,8
6274,98,100,-2,2
6275,105,90,15,15
6276,92,87,5,5
6277,106,103,3,3
6278,55,57,-2,2
6279,94,100,-6,6
6280,94,83,11,11
6281,67,71,-4,4
6282,109,101,8,8
6283,61,67,-6,6
6284,49,57,-8,8
6285,99,97,2,2
6286,109,100,9,9
6287,73,69,4,4
6288,107,107,0,0
6289,82,80,2,2
6290,122,117,5,5
6291,50,52,-2,2
6292,102,99,3,3
6293,99,100,-1,1
6294,40,42,-2,2
6295,61,53,8,8
6296,94,102,-8,8
6297,55,59,-4,4
6298,66,66,0,0
6299,58,67,-9,9
6300,139,151,-12,12
6301,104,88,16,16
6302,74,72,2,2
6303,77,71,6,6
6304,77,71,6,6
6305,91,92,-1,1
6306,74,73,1,1
6307,63,65,-2,2
6308,56,57,-1,1
6309,103,113,-10,10
6310,83,87,-4,4
6311,69,78,-9,9
6312,165,153,12,12
6313,109,112,-3,3
6314,93,82,11,11
6315,123,125,-2,2
6316,142,141,1,1
6317,71,66,5,5
6318,102,105,-3,3
6319,81,83,-2,2
6320,178,157,21,21
6321,75,69,6,6
6322,68,71,-3,3
6323,135,129,6,6
6324,103,108,-5,5
6325,108,112,-4,4
6326,62,81,-19,19
6327,95,106,-11,11
6328,114,109,5,5
6329,120,120,0,0
6330,124,128,-4,4
6331,90,93,-3,3
6332,29,37,-8,8
6333,69,73,-4,4
6334,61,72,-11,11
6335,85,80,5,5
6336,83,91,-8,8
6337,122,114,8,8
6338,148,140,8,8
6339,108,103,5,5
6340,96,104,-8,8
6341,75,77,-2,2
6342,101,115,-14,14
6343,81,79,2,2
6344,98,102,-4,4
6345,95,91,4,4
6346,100,98,2,2
6347,96,102,-6,6
6348,161,174,-13,13
6349,84,85,-1,1
6350,55,54,1,1
6351,59,65,-6,6
6352,124,125,-1,1
6353,137,134,3,3
6354,118,113,5,5
6355,144,126,18,18
6356,182,178,4,4
6357,126,121,5,5
6358,127,117,10,10
6359,111,109,2,2
6360,92,91,1,1
6361,106,106,0,0
6362,74,80,-6,6
6363,68,84,-16,16
6364,108,116,-8,8
6365,95,90,5,5
6366,103,107,-4,4
6367,81,85,-4,4
6368,86,90,-4,4
6369,170,154,16,16
6370,50,52,-2,2
6371,51,54,-3,3
6372,94,86,8,8
6373,146,160,-14,14
6374,74,76,-2,2
6375,100,90,10,10
6376,128,112,16,16
6377,74,70,4,4
6378,108,108,0,0
6379,77,82,-5,5
6380,63,66,-3,3
6381,50,44,6,6
6382,109,104,5,5
6383,52,57,-5,5
6384,68,78,-10,10
6385,90,99,-9,9
6386,80,88,-8,8
6387,55,67,-12,12
6388,103,97,6,6
6389,84,89,-5,5
6390,90,81,9,9
6391,66,75,-9,9
6392,167,163,4,4
6393,82,85,-3,3
6394,73,72,1,1
6395,86,96,-10,10
6396,71,76,-5,5
6397,80,87,-7,7
6398,92,98,-6,6
6399,117,105,12,12
6400,51,59,-8,8
6401,94,92,2,2
6402,84,83,1,1
6403,135,137,-2,2
6404,66,76,-10,10
6405,151,148,3,3
6406,92,92,0,0
6407,102,101,1,1
6408,116,107,9,9
6409,50,59,-9,9
6410,88,92,-4,4
6411,119,119,0,0
6412,107,110,-3,3
6413,93,107,-14,14
6414,142,135,7,7
6415,52,54,-2,2
6416,115,120,-5,5
6417,52,55,-3,3
6418,56,57,-1,1
6419,152,134,18,18
6420,83,76,7,7
6421,62,66,-4,4
6422,64,75,-11,11
6423,119,113,6,6
6424,157,140,17,17
6425,51,58,-7,7
6426,118,121,-3,3
6427,58,68,-10,10
6428,94,90,4,4
6429,45,49,-4,4
6430,120,113,7,7
6431,88,87,1,1
6432,84,91,-7,7
6433,131,133,-2,2
6434,98,92,6,6
6435,50,49,1,1
6436,88,69,19,19
6437,101,115,-14,14
6438,78,75,3,3
6439,40,60,-20,20
6440,103,114,-11,11
6441,96,88,8,8
6442,83,82,1,1
6443,93,92,1,1
6444,82,72,10,10
6445,103,101,2,2
6446,41,65,-24,24
6447,39,51,-12,12
6448,60,57,3,3
6449,137,128,9,9
6450,46,46,0,0
6451,51,53,-2,2
6452,82,87,-5,5
6453,131,121,10,10
6454,66,76,-10,10
6455,76,73,3,3
6456,204,190,14,14
6457,106,110,-4,4
6458,72,68,4,4
6459,145,144,1,1
6460,80,77,3,3
6461,89,92,-3,3
6462,148,149,-1,1
6463,141,126,15,15
6464,59,64,-5,5
6465,51,51,0,0
6466,88,86,2,2
6467,77,73,4,4
6468,103,105,-2,2
6469,94,86,8,8
6470,92,82,10,10
6471,82,78,4,4
6472,89,99,-10,10
6473,72,74,-2,2
6474,135,132,3,3
6475,135,127,8,8
6476,85,83,2,2
6477,63,68,-5,5
6478,173,164,9,9
6479,108,110,-2,2
6480,141,120,21,21
6481,85,91,-6,6
6482,144,142,2,2
6483,66,67,-1,1
6484,86,90,-4,4
6485,84,74,10,10
6486,107,104,3,3
6487,60,64,-4,4
6488,62,72,-10,10
6489,174,174,0,0
6490,68,66,2,2
6491,74,82,-8,8
6492,67,67,0,0
6493,72,66,6,6
6494,117,109,8,8
6495,93,118,-25,25
6496,69,79,-10,10
6497,75,73,2,2
6498,84,84,0,0
6499,101,105,-4,4
6500,78,79,-1,1
6501,202,196,6,6
6502,97,111,-14,14
6503,79,79,0,0
6504,97,106,-9,9
6505,60,70,-10,10
6506,58,58,0,0
6507,113,121,-8,8
6508,63,63,0,0
6509,79,79,0,0
6510,94,98,-4,4
6511,129,128,1,1
6512,142,140,2,2
6513,96,98,-2,2
6514,83,78,5,5
6515,137,128,9,9
6516,99,96,3,3
6517,92,94,-2,2
6518,92,104,-12,12
6519,69,68,1,1
6520,126,142,-16,16
6521,148,157,-9,9
6522,90,88,2,2
6523,94,90,4,4
6524,111,112,-1,1
6525,86,94,-8,8
6526,49,60,-11,11
6527,124,117,7,7
6528,107,111,-4,4
6529,129,128,1,1
6530,58,55,3,3
6531,70,73,-3,3
6532,70,75,-5,5
6533,91,86,5,5
6534,86,75,11,11
6535,102,106,-4,4
6536,83,86,-3,3
6537,119,122,-3,3
6538,76,71,5,5
6539,49,47,2,2
6540,94,81,13,13
6541,124,106,18,18
6542,65,65,0,0
6543,96,111,-15,15
6544,170,168,2,2
6545,68,75,-7,7
6546,28,32,-4,4
6547,135,137,-2,2
6548,151,132,19,19
6549,80,85,-5,5
6550,79,98,-19,19
6551,68,80,-12,12
6552,118,108,10,10
6553,73,75,-2,2
6554,104,114,-10,10
6555,147,134,13,13
6556,91,104,-13,13
6557,147,129,18,18
6558,55,65,-10,10
6559,66,71,-5,5
6560,121,115,6,6
6561,70,72,-2,2
6562,107,107,0,0
6563,153,153,0,0
6564,124,127,-3,3
6565,59,70,-11,11
6566,90,91,-1,1
6567,57,66,-9,9
6568,129,118,11,11
6569,98,105,-7,7
6570,152,144,8,8
6571,55,63,-8,8
6572,93,60,33,33
6573,61,59,2,2
6574,135,131,4,4
6575,72,68,4,4
6576,105,113,-8,8
6577,65,97,-32,32
6578,91,90,1,1
6579,117,115,2,2
6580,85,89,-4,4
6581,125,120,5,5
6582,57,61,-4,4
6583,151,139,12,12
6584,68,73,-5,5
6585,104,115,-11,11
6586,53,61,-8,8
6587,88,89,-1,1
6588,91,84,7,7
6589,184,153,31,31
6590,99,101,-2,2
6591,189,169,20,20
6592,186,171,15,15
6593,125,118,7,7
6594,62,75,-13,13
6595,103,106,-3,3
6596,183,182,1,1
6597,62,58,4,4
6598,66,68,-2,2
6599,73,70,3,3
6600,114,113,1,1
6601,123,126,-3,3
6602,108,97,11,11
6603,115,110,5,5
6604,124,119,5,5
6605,66,79,-13,13
6606,104,89,15,15
6607,75,74,1,1
6608,108,115,-7,7
6609,81,83,-2,2
6610,82,72,10,10
6611,80,73,7,7
6612,30,40,-10,10
6613,90,88,2,2
6614,62,65,-3,3
6615,86,82,4,4
6616,56,56,0,0
6617,95,102,-7,7
6618,100,106,-6,6
6619,102,101,1,1
6620,102,104,-2,2
6621,59,56,3,3
6622,152,135,17,17
6623,163,164,-1,1
6624,143,137,6,6
6625,162,159,3,3
6626,84,89,-5,5
6627,78,83,-5,5
6628,92,102,-10,10
6629,79,81,-2,2
6630,78,73,5,5
6631,120,109,11,11
6632,99,97,2,2
6633,103,91,12,12
6634,76,83,-7,7
6635,80,77,3,3
6636,66,67,-1,1
6637,128,129,-1,1
6638,85,73,12,12
6639,100,106,-6,6
6640,46,54,-8,8
6641,125,124,1,1
6642,111,119,-8,8
6643,119,119,0,0
6644,59,66,-7,7
6645,55,57,-2,2
6646,158,149,9,9
6647,106,113,-7,7
6648,136,136,0,0
6649,108,104,4,4
6650,124,121,3,3
6651,106,108,-2,2
6652,92,83,9,9
6653,118,128,-10,10
6654,108,107,1,1
6655,114,107,7,7
6656,51,59,-8,8
6657,85,81,4,4
6658,61,87,-26,26
6659,74,76,-2,2
6660,67,65,2,2
6661,108,105,3,3
6662,132,130,2,2
6663,78,72,6,6
6664,102,112,-10,10
6665,175,152,23,23
6666,140,138,2,2
6667,93,86,7,7
6668,75,85,-10,10
6669,98,100,-2,2
6670,98,97,1,1
6671,119,111,8,8
6672,121,148,-27,27
6673,94,98,-4,4
6674,117,102,15,15
6675,108,113,-5,5
6676,87,109,-22,22
6677,100,99,1,1
6678,88,83,5,5
6679,86,67,19,19
6680,65,70,-5,5
6681,81,78,3,3
6682,89,91,-2,2
6683,114,104,10,10
6684,108,110,-2,2
6685,95,87,8,8
6686,100,100,0,0
6687,98,102,-4,4
6688,88,87,1,1
6689,95,86,9,9
6690,92,97,-5,5
6691,161,155,6,6
6692,57,55,2,2
6693,89,90,-1,1
6694,67,55,12,12
6695,101,106,-5,5
6696,102,110,-8,8
6697,84,83,1,1
6698,64,63,1,1
6699,127,128,-1,1
6700,97,103,-6,6
6701,101,105,-4,4
6702,65,71,-6,6
6703,89,82,7,7
6704,70,68,2,2
6705,67,71,-4,4
6706,169,163,6,6
6707,59,69,-10,10
6708,163,148,15,15
6709,38,43,-5,5
6710,117,114,3,3
6711,53,54,-1,1
6712,52,56,-4,4
6713,120,122,-2,2
6714,80,69,11,11
6715,52,59,-7,7
6716,127,145,-18,18
6717,87,102,-15,15
6718,54,84,-30,30
6719,66,63,3,3
6720,98,91,7,7
6721,112,118,-6,6
6722,56,60,-4,4
6723,114,111,3,3
6724,90,88,2,2
6725,87,89,-2,2
6726,58,62,-4,4
6727,118,116,2,2
6728,96,102,-6,6
6729,102,113,-11,11
6730,84,91,-7,7
6731,111,108,3,3
6732,62,67,-5,5
6733,73,70,3,3
6734,69,73,-4,4
6735,133,127,6,6
6736,87,83,4,4
6737,64,65,-1,1
6738,85,89,-4,4
6739,103,100,3,3
6740,86,82,4,4
6741,68,67,1,1
6742,145,148,-3,3
6743,74,69,5,5
6744,91,101,-10,10
6745,102,98,4,4
6746,128,126,2,2
6747,104,108,-4,4
6748,110,120,-10,10
6749,56,57,-1,1
6750,83,85,-2,2
6751,109,117,-8,8
6752,77,73,4,4
6753,164,147,17,17
6754,137,134,3,3
6755,134,124,10,10
6756,172,163,9,9
6757,116,115,1,1
6758,80,77,3,3
6759,50,56,-6,6
6760,168,152,16,16
6761,68,74,-6,6
6762,88,92,-4,4
6763,48,54,-6,6
6764,60,58,2,2
6765,135,138,-3,3
6766,75,70,5,5
6767,187,179,8,8
6768,78,73,5,5
6769,117,103,14,14
6770,109,116,-7,7
6771,79,74,5,5
6772,80,84,-4,4
6773,72,75,-3,3
6774,105,108,-3,3
6775,130,140,-10,10
6776,108,117,-9,9
6777,39,47,-8,8
6778,94,102,-8,8
6779,76,84,-8,8
6780,84,86,-2,2
6781,110,120,-10,10
6782,79,78,1,1
6783,129,111,18,18
6784,66,67,-1,1
6785,73,75,-2,2
6786,90,83,7,7
6787,69,72,-3,3
6788,76,65,11,11
6789,96,110,-14,14
6790,113,113,0,0
6791,118,122,-4,4
6792,78,76,2,2
6793,92,86,6,6
6794,96,96,0,0
6795,111,124,-13,13
6796,143,150,-7,7
6797,101,101,0,0
6798,99,105,-6,6
6799,110,122,-12,12
6800,105,112,-7,7
6801,79,79,0,0
6802,80,90,-10,10
6803,54,55,-1,1
6804,86,80,6,6
6805,66,78,-12,12
6806,96,95,1,1
6807,151,150,1,1
6808,78,102,-24,24
6809,82,88,-6,6
6810,93,90,3,3
6811,57,70,-13,13
6812,129,122,7,7
6813,89,88,1,1
6814,83,82,1,1
6815,72,81,-9,9
6816,85,88,-3,3
6817,58,60,-2,2
6818,69,69,0,0
6819,69,81,-12,12
6820,55,51,4,4
6821,114,104,10,10
6822,145,131,14,14
6823,81,87,-6,6
6824,41,50,-9,9
6825,88,106,-18,18
6826,108,114,-6,6
6827,104,105,-1,1
6828,74,68,6,6
6829,111,110,1,1
6830,74,72,2,2
6831,82,79,3,3
6832,129,128,1,1
6833,75,81,-6,6
6834,137,130,7,7
6835,135,132,3,3
6836,93,84,9,9
6837,73,87,-14,14
6838,125,127,-2,2
6839,110,122,-12,12
6840,147,159,-12,12
6841,86,98,-12,12
6842,96,91,5,5
6843,104,103,1,1
6844,110,116,-6,6
6845,80,75,5,5
6846,66,73,-7,7
6847,168,164,4,4
6848,123,135,-12,12
6849,138,140,-2,2
6850,66,67,-1,1
6851,66,61,5,5
6852,143,131,12,12
6853,88,77,11,11
6854,76,84,-8,8
6855,143,151,-8,8
6856,108,101,7,7
6857,74,74,0,0
6858,76,75,1,1
6859,59,65,-6,6
6860,87,84,3,3
6861,113,108,5,5
6862,57,60,-3,3
6863,56,68,-12,12
6864,102,99,3,3
6865,74,75,-1,1
6866,89,92,-3,3
6867,75,82,-7,7
6868,128,130,-2,2
6869,106,115,-9,9
6870,92,88,4,4
6871,138,143,-5,5
6872,75,73,2,2
6873,103,105,-2,2
6874,120,110,10,10
6875,136,126,10,10
6876,72,75,-3,3
6877,128,133,-5,5
6878,128,127,1,1
6879,150,143,7,7
6880,86,81,5,5
6881,85,81,4,4
6882,62,61,1,1
6883,76,76,0,0
6884,123,121,2,2
6885,64,66,-2,2
6886,116,119,-3,3
6887,62,66,-4,4
6888,81,77,4,4
6889,118,114,4,4
6890,117,117,0,0
6891,123,114,9,9
6892,144,129,15,15
6893,109,111,-2,2
6894,79,75,4,4
6895,97,106,-9,9
6896,87,79,8,8
6897,55,54,1,1
6898,65,68,-3,3
6899,103,106,-3,3
6900,90,80,10,10
6901,87,82,5,5
6902,43,48,-5,5
6903,92,86,6,6
6904,147,149,-2,2
6905,106,105,1,1
6906,68,74,-6,6
6907,71,68,3,3
6908,97,103,-6,6
6909,93,96,-3,3
6910,69,86,-17,17
6911,92,101,-9,9
6912,77,85,-8,8
6913,132,128,4,4
6914,87,91,-4,4
6915,118,114,4,4
6916,58,59,-1,1
6917,43,40,3,3
6918,80,87,-7,7
6919,118,110,8,8
6920,107,121,-14,14
6921,132,132,0,0
6922,86,88,-2,2
6923,114,109,5,5
6924,85,82,3,3
6925,66,70,-4,4
6926,65,67,-2,2
6927,84,88,-4,4
6928,122,127,-5,5
6929,74,82,-8,8
6930,154,160,-6,6
6931,93,92,1,1
6932,40,76,-36,36
6933,88,81,7,7
6934,84,90,-6,6
6935,67,68,-1,1
6936,113,120,-7,7
6937,110,113,-3,3
6938,217,192,25,25
6939,99,108,-9,9
6940,107,113,-6,6
6941,120,121,-1,1
6942,116,112,4,4
6943,70,80,-10,10
6944,86,84,2,2
6945,89,98,-9,9
6946,75,73,2,2
6947,72,71,1,1
6948,75,76,-1,1
6949,55,64,-9,9
6950,196,198,-2,2
6951,114,108,6,6
6952,142,89,53,53
6953,76,79,-3,3
6954,71,63,8,8
6955,80,87,-7,7
6956,81,80,1,1
6957,106,99,7,7
6958,126,124,2,2
6959,114,118,-4,4
6960,90,87,3,3
6961,134,130,4,4
6962,112,113,-1,1
6963,86,87,-1,1
6964,109,116,-7,7
6965,98,109,-11,11
6966,123,125,-2,2
6967,48,55,-7,7
6968,89,86,3,3
6969,141,142,-1,1
6970,122,123,-1,1
6971,65,89,-24,24
6972,163,154,9,9
6973,106,108,-2,2
6974,145,152,-7,7
6975,65,65,0,0
6976,111,98,13,13
6977,110,114,-4,4
6978,40,40,0,0
6979,77,79,-2,2
6980,81,79,2,2
6981,136,132,4,4
6982,124,131,-7,7
6983,107,112,-5,5
6984,83,82,1,1
6985,137,131,6,6
6986,93,99,-6,6
6987,95,97,-2,2
6988,82,98,-16,16
6989,91,92,-1,1
6990,139,125,14,14
6991,49,49,0,0
6992,36,40,-4,4
6993,76,69,7,7
6994,57,61,-4,4
6995,128,131,-3,3
6996,77,97,-20,20
6997,86,89,-3,3
6998,144,142,2,2
6999,72,75,-3,3
7000,48,52,-4,4
7001,86,82,4,4
7002,96,90,6,6
7003,67,68,-1,1
7004,65,62,3,3
7005,132,117,15,15
7006,128,122,6,6
7007,115,114,1,1
7008,109,111,-2,2
7009,63,65,-2,2
7010,55,64,-9,9
7011,119,105,14,14
7012,70,67,3,3
7013,125,117,8,8
7014,146,136,10,10
7015,84,84,0,0
7016,120,126,-6,6
7017,83,90,-7,7
7018,68,67,1,1
7019,106,102,4,4
7020,147,128,19,19
7021,81,80,1,1
7022,87,92,-5,5
7023,86,82,4,4
7024,67,74,-7,7
7025,100,93,7,7
7026,81,84,-3,3
7027,70,77,-7,7
7028,94,86,8,8
7029,123,114,9,9
7030,121,116,5,5
7031,71,74,-3,3
7032,73,71,2,2
7033,79,78,1,1
7034,98,106,-8,8
7035,147,119,28,28
7036,86,87,-1,1
7037,83,76,7,7
7038,117,114,3,3
7039,93,101,-8,8
7040,44,50,-6,6
7041,68,72,-4,4
7042,74,75,-1,1
7043,76,98,-22,22
7044,96,86,10,10
7045,80,70,10,10
7046,73,82,-9,9
7047,93,87,6,6
7048,48,52,-4,4
7049,85,85,0,0
7050,140,139,1,1
7051,81,84,-3,3
7052,57,53,4,4
7053,93,88,5,5
7054,119,122,-3,3
7055,129,140,-11,11
7056,88,83,5,5
7057,101,95,6,6
7058,91,90,1,1
7059,59,60,-1,1
7060,109,121,-12,12
7061,89,81,8,8
7062,101,91,10,10
7063,116,110,6,6
7064,86,91,-5,5
7065,113,113,0,0
7066,101,95,6,6
7067,110,116,-6,6
7068,115,142,-27,27
7069,137,146,-9,9
7070,64,73,-9,9
7071,133,125,8,8
7072,80,87,-7,7
7073,61,57,4,4
7074,116,121,-5,5
7075,154,147,7,7
7076,69,70,-1,1
7077,123,125,-2,2
7078,63,69,-6,6
7079,99,118,-19,19
7080,52,49,3,3
7081,86,79,7,7
7082,79,78,1,1
7083,97,108,-11,11
7084,68,72,-4,4
7085,79,85,-6,6
7086,82,76,6,6
7087,66,64,2,2
7088,28,28,0,0
7089,54,65,-11,11
7090,76,75,1,1
7091,74,85,-11,11
7092,97,103,-6,6
7093,82,81,1,1
7094,103,109,-6,6
7095,61,57,4,4
7096,69,63,6,6
7097,60,66,-6,6
7098,61,87,-26,26
7099,100,108,-8,8
7100,100,104,-4,4
7101,129,121,8,8
7102,184,167,17,17
7103,119,121,-2,2
7104,91,82,9,9
7105,99,112,-13,13
7106,100,100,0,0
7107,58,66,-8,8
7108,70,72,-2,2
7109,76,86,-10,10
7110,77,76,1,1
7111,70,66,4,4
7112,116,113,3,3
7113,149,146,3,3
7114,124,129,-5,5
7115,139,118,21,21
7116,142,155,-13,13
7117,77,80,-3,3
7118,96,85,11,11
7119,215,187,28,28
7120,70,73,-3,3
7121,118,121,-3,3
7122,89,90,-1,1
7123,106,101,5,5
7124,117,117,0,0
7125,60,65,-5,5
7126,67,71,-4,4
7127,149,154,-5,5
7128,364,390,-26,26
7129,110,107,3,3
7130,106,101,5,5
7131,161,161,0,0
7132,119,131,-12,12
7133,113,144,-31,31
7134,100,106,-6,6
7135,51,56,-5,5
7136,121,122,-1,1
7137,108,111,-3,3
7138,107,109,-2,2
7139,62,63,-1,1
7140,84,87,-3,3
7141,93,81,12,12
7142,143,142,1,1
7143,136,129,7,7
7144,53,63,-10,10
7145,97,105,-8,8
7146,139,148,-9,9
7147,126,131,-5,5
7148,46,56,-10,10
7149,172,175,-3,3
7150,101,104,-3,3
7151,89,88,1,1
7152,118,114,4,4
7153,71,78,-7,7
7154,120,124,-4,4
7155,77,79,-2,2
7156,145,134,11,11
7157,45,44,1,1
7158,80,76,4,4
7159,58,65,-7,7
7160,117,112,5,5
7161,91,91,0,0
7162,192,182,10,10
7163,68,67,1,1
7164,71,65,6,6
7165,82,81,1,1
7166,84,86,-2,2
7167,70,80,-10,10
7168,47,53,-6,6
7169,95,87,8,8
7170,59,65,-6,6
7171,154,147,7,7
7172,131,125,6,6
7173,98,104,-6,6
7174,38,45,-7,7
7175,86,98,-12,12
7176,55,60,-5,5
7177,40,46,-6,6
7178,119,118,1,1
7179,247,213,34,34
7180,96,101,-5,5
7181,69,75,-6,6
7182,87,98,-11,11
7183,93,101,-8,8
7184,84,82,2,2
7185,127,134,-7,7
7186,106,106,0,0
7187,62,62,0,0
7188,84,88,-4,4
7189,48,55,-7,7
7190,116,122,-6,6
7191,83,81,2,2
7192,123,127,-4,4
7193,97,86,11,11
7194,119,109,10,10
7195,113,117,-4,4
7196,70,73,-3,3
7197,123,127,-4,4
7198,86,81,5,5
7199,49,57,-8,8
7200,113,113,0,0
7201,100,99,1,1
7202,131,129,2,2
7203,93,92,1,1
7204,92,85,7,7
7205,73,74,-1,1
7206,61,63,-2,2
7207,72,69,3,3
7208,91,88,3,3
7209,86,87,-1,1
7210,82,77,5,5
7211,179,177,2,2
7212,121,109,12,12
7213,58,59,-1,1
7214,83,76,7,7
7215,100,82,18,18
7216,84,79,5,5
7217,76,72,4,4
7218,83,75,8,8
7219,81,81,0,0
7220,119,120,-1,1
7221,160,151,9,9
7222,97,104,-7,7
7223,143,161,-18,18
7224,49,43,6,6
7225,188,169,19,19
7226,79,83,-4,4
7227,62,66,-4,4
7228,71,67,4,4
7229,114,127,-13,13
7230,167,172,-5,5
7231,100,89,11,11
7232,90,82,8,8
7233,106,112,-6,6
7234,129,132,-3,3
7235,81,79,2,2
7236,52,55,-3,3
7237,86,82,4,4
7238,92,108,-16,16
7239,59,64,-5,5
7240,98,106,-8,8
7241,94,89,5,5
7242,173,169,4,4
7243,82,93,-11,11
7244,121,117,4,4
7245,84,79,5,5
7246,44,42,2,2
7247,88,93,-5,5
7248,91,87,4,4
7249,97,95,2,2
7250,46,46,0,0
7251,114,111,3,3
7252,108,103,5,5
7253,66,64,2,2
7254,71,72,-1,1
7255,76,79,-3,3
7256,159,158,1,1
7257,39,41,-2,2
7258,47,55,-8,8
7259,142,126,16,16
7260,124,134,-10,10
7261,109,111,-2,2
7262,110,114,-4,4
7263,59,58,1,1
7264,107,99,8,8
7265,59,57,2,2
7266,93,100,-7,7
7267,96,104,-8,8
7268,40,50,-10,10
7269,124,121,3,3
7270,90,76,14,14
7271,52,57,-5,5
7272,95,88,7,7
7273,81,86,-5,5
7274,171,156,15,15
7275,78,69,9,9
7276,97,87,10,10
7277,82,91,-9,9
7278,93,89,4,4
7279,106,113,-7,7
7280,129,120,9,9
7281,110,123,-13,13
7282,28,55,-27,27
7283,152,157,-5,5
7284,113,105,8,8
7285,62,62,0,0
7286,51,54,-3,3
7287,167,171,-4,4
7288,60,55,5,5
7289,176,169,7,7
7290,139,141,-2,2
7291,193,188,5,5
7292,78,83,-5,5
7293,76,73,3,3
7294,80,81,-1,1
7295,86,105,-19,19
7296,102,98,4,4
7297,51,54,-3,3
7298,32,35,-3,3
7299,133,118,15,15
7300,160,147,13,13
7301,75,74,1,1
7302,84,77,7,7
7303,85,86,-1,1
7304,89,92,-3,3
7305,69,68,1,1
7306,113,114,-1,1
7307,69,68,1,1
7308,76,81,-5,5
7309,56,77,-21,21
7310,86,77,9,9
7311,92,101,-9,9
7312,54,58,-4,4
7313,100,97,3,3
7314,37,53,-16,16
7315,140,138,2,2
7316,57,71,-14,14
7317,83,87,-4,4
7318,75,67,8,8
7319,59,61,-2,2
7320,99,122,-23,23
7321,108,106,2,2
7322,93,101,-8,8
7323,78,84,-6,6
7324,166,165,1,1
7325,81,82,-1,1
7326,80,80,0,0
7327,166,145,21,21
7328,56,57,-1,1
7329,108,107,1,1
7330,88,88,0,0
7331,124,134,-10,10
7332,71,75,-4,4
7333,111,103,8,8
7334,77,89,-12,12
7335,84,82,2,2
7336,85,84,1,1
7337,103,93,10,10
7338,67,77,-10,10
7339,128,120,8,8
7340,54,55,-1,1
7341,98,98,0,0
7342,115,132,-17,17
7343,80,82,-2,2
7344,66,63,3,3
7345,84,81,3,3
7346,179,171,8,8
7347,70,75,-5,5
7348,93,99,-6,6
7349,139,154,-15,15
7350,136,127,9,9
7351,173,172,1,1
7352,112,104,8,8
7353,76,86,-10,10
7354,112,118,-6,6
7355,118,130,-12,12
7356,109,104,5,5
7357,101,111,-10,10
7358,105,99,6,6
7359,67,69,-2,2
7360,131,125,6,6
7361,41,55,-14,14
7362,49,46,3,3
7363,113,115,-2,2
7364,137,139,-2,2
7365,96,104,-8,8
7366,68,68,0,0
7367,110,120,-10,10
7368,70,73,-3,3
7369,155,161,-6,6
7370,58,55,3,3
7371,140,148,-8,8
7372,119,123,-4,4
7373,67,71,-4,4
7374,79,83,-4,4
7375,68,69,-1,1
7376,62,63,-1,1
7377,48,55,-7,7
7378,104,110,-6,6
7379,67,74,-7,7
7380,63,68,-5,5
7381,70,70,0,0
7382,83,88,-5,5
7383,66,69,-3,3
7384,67,79,-12,12
7385,54,57,-3,3
7386,144,149,-5,5
7387,68,70,-2,2
7388,76,81,-5,5
7389,62,61,1,1
7390,147,135,12,12
7391,80,105,-25,25
7392,53,57,-4,4
7393,73,60,13,13
7394,74,73,1,1
7395,63,69,-6,6
7396,111,113,-2,2
7397,199,180,19,19
7398,90,89,1,1
7399,65,68,-3,3
7400,68,63,5,5
7401,81,84,-3,3
7402,95,98,-3,3
7403,83,85,-2,2
7404,99,85,14,14
7405,64,69,-5,5
7406,70,75,-5,5
7407,62,57,5,5
7408,60,65,-5,5
7409,84,89,-5,5
7410,63,65,-2,2
7411,91,98,-7,7
7412,53,70,-17,17
7413,114,111,3,3
7414,102,100,2,2
7415,80,67,13,13
7416,85,92,-7,7
7417,112,119,-7,7
7418,86,85,1,1
7419,61,68,-7,7
7420,118,112,6,6
7421,108,90,18,18
7422,179,159,20,20
7423,87,91,-4,4
7424,185,172,13,13
7425,91,89,2,2
7426,73,79,-6,6
7427,63,54,9,9
7428,159,147,12,12
7429,146,145,1,1
7430,75,81,-6,6
7431,73,77,-4,4
7432,107,99,8,8
7433,93,91,2,2
7434,89,100,-11,11
7435,82,100,-18,18
7436,79,76,3,3
7437,50,57,-7,7
7438,69,75,-6,6
7439,89,93,-4,4
7440,145,152,-7,7
7441,84,88,-4,4
7442,115,124,-9,9
7443,103,118,-15,15
7444,90,102,-12,12
7445,57,53,4,4
7446,118,104,14,14
7447,99,104,-5,5
7448,124,118,6,6
7449,102,116,-14,14
7450,97,100,-3,3
7451,64,61,3,3
7452,78,74,4,4
7453,121,123,-2,2
7454,163,154,9,9
7455,63,61,2,2
7456,53,60,-7,7
7457,71,71,0,0
7458,79,79,0,0
7459,102,107,-5,5
7460,130,124,6,6
7461,114,114,0,0
7462,118,125,-7,7
7463,93,100,-7,7
7464,78,74,4,4
7465,87,87,0,0
7466,107,103,4,4
7467,105,102,3,3
7468,135,121,14,14
7469,64,63,1,1
7470,80,73,7,7
7471,79,89,-10,10
7472,156,160,-4,4
7473,123,128,-5,5
7474,81,90,-9,9
7475,91,98,-7,7
7476,184,169,15,15
7477,62,69,-7,7
7478,76,83,-7,7
7479,112,112,0,0
7480,60,68,-8,8
7481,103,99,4,4
7482,83,86,-3,3
7483,69,71,-2,2
7484,206,195,11,11
7485,78,83,-5,5
7486,82,74,8,8
7487,81,85,-4,4
7488,39,40,-1,1
7489,109,111,-2,2
7490,32,52,-20,20
7491,65,73,-8,8
7492,88,85,3,3
7493,94,101,-7,7
7494,87,95,-8,8
7495,74,72,2,2
7496,88,82,6,6
7497,103,112,-9,9
7498,72,63,9,9
7499,83,85,-2,2
7500,197,206,-9,9
7501,41,47,-6,6
7502,76,76,0,0
7503,129,112,17,17
7504,40,61,-21,21
7505,136,139,-3,3
7506,62,62,0,0
7507,66,65,1,1
7508,106,122,-16,16
7509,62,61,1,1
7510,109,105,4,4
7511,136,126,10,10
7512,100,98,2,2
7513,160,157,3,3
7514,105,106,-1,1
7515,122,117,5,5
7516,98,100,-2,2
7517,78,76,2,2
7518,75,79,-4,4
7519,67,69,-2,2
7520,56,62,-6,6
7521,60,61,-1,1
7522,38,37,1,1
7523,53,58,-5,5
7524,57,69,-12,12
7525,113,112,1,1
7526,83,78,5,5
7527,81,75,6,6
7528,136,141,-5,5
7529,78,72,6,6
7530,89,85,4,4
7531,86,87,-1,1
7532,68,74,-6,6
7533,156,156,0,0
7534,85,83,2,2
7535,126,126,0,0
7536,57,68,-11,11
7537,114,118,-4,4
7538,113,106,7,7
7539,75,83,-8,8
7540,130,124,6,6
7541,79,64,15,15
7542,112,108,4,4
7543,120,122,-2,2
7544,76,80,-4,4
7545,86,81,5,5
7546,60,60,0,0
7547,52,59,-7,7
7548,80,74,6,6
7549,136,127,9,9
7550,71,76,-5,5
7551,152,153,-1,1
7552,59,68,-9,9
7553,88,82,6,6
7554,71,67,4,4
7555,71,68,3,3
7556,88,99,-11,11
7557,44,51,-7,7
7558,95,106,-11,11
7559,99,98,1,1
7560,74,85,-11,11
7561,148,137,11,11
7562,74,73,1,1
7563,103,90,13,13
7564,70,65,5,5
7565,128,119,9,9
7566,70,79,-9,9
7567,69,74,-5,5
7568,95,71,24,24
7569,125,127,-2,2
7570,87,93,-6,6
7571,130,131,-1,1
7572,105,120,-15,15
7573,96,89,7,7
7574,90,91,-1,1
7575,52,53,-1,1
7576,77,95,-18,18
7577,143,138,5,5
7578,97,110,-13,13
7579,81,83,-2,2
7580,55,52,3,3
7581,122,134,-12,12
7582,59,63,-4,4
7583,106,107,-1,1
7584,146,134,12,12
7585,62,64,-2,2
7586,122,121,1,1
7587,166,157,9,9
7588,76,73,3,3
7589,82,89,-7,7
7590,114,113,1,1
7591,113,125,-12,12
7592,94,92,2,2
7593,113,119,-6,6
7594,79,80,-1,1
7595,106,106,0,0
7596,123,125,-2,2
7597,118,112,6,6
7598,80,75,5,5
7599,94,97,-3,3
7600,89,82,7,7
7601,64,58,6,6
7602,113,116,-3,3
7603,137,132,5,5
7604,53,109,-56,56
7605,133,134,-1,1
7606,65,78,-13,13
7607,78,85,-7,7
7608,40,41,-1,1
7609,60,65,-5,5
7610,52,56,-4,4
7611,136,131,5,5
7612,155,156,-1,1
7613,94,101,-7,7
7614,75,76,-1,1
7615,36,46,-10,10
7616,132,127,5,5
7617,117,115,2,2
7618,136,149,-13,13
7619,141,128,13,13
7620,65,68,-3,3
7621,96,81,15,15
7622,68,69,-1,1
7623,144,126,18,18
7624,148,145,3,3
7625,117,118,-1,1
7626,60,72,-12,12
7627,98,100,-2,2
7628,114,110,4,4
7629,139,124,15,15
7630,109,103,6,6
7631,69,78,-9,9
7632,105,102,3,3
7633,116,109,7,7
7634,72,67,5,5
7635,74,84,-10,10
7636,102,108,-6,6
7637,62,51,11,11
7638,36,34,2,2
7639,94,86,8,8
7640,78,79,-1,1
7641,150,138,12,12
7642,81,81,0,0
7643,154,156,-2,2
7644,115,123,-8,8
7645,44,56,-12,12
7646,88,91,-3,3
7647,80,79,1,1
7648,75,73,2,2
7649,58,56,2,2
7650,124,126,-2,2
7651,90,84,6,6
7652,117,109,8,8
7653,93,88,5,5
7654,133,129,4,4
7655,71,68,3,3
7656,82,85,-3,3
7657,66,70,-4,4
7658,69,72,-3,3
7659,112,108,4,4
7660,114,107,7,7
7661,81,68,13,13
7662,110,114,-4,4
7663,76,74,2,2
7664,97,103,-6,6
7665,83,83,0,0
7666,73,76,-3,3
7667,109,110,-1,1
7668,67,67,0,0
7669,101,110,-9,9
7670,74,73,1,1
7671,122,119,3,3
7672,51,58,-7,7
7673,80,92,-12,12
7674,118,115,3,3
7675,87,82,5,5
7676,84,79,5,5
7677,135,128,7,7
7678,51,101,-50,50
7679,121,106,15,15
7680,60,62,-2,2
7681,150,147,3,3
7682,41,48,-7,7
7683,55,55,0,0
7684,149,132,17,17
7685,136,136,0,0
7686,121,105,16,16
7687,121,119,2,2
7688,50,62,-12,12
7689,61,57,4,4
7690,129,122,7,7
7691,83,100,-17,17
7692,83,101,-18,18
7693,77,74,3,3
7694,110,103,7,7
7695,110,99,11,11
7696,108,119,-11,11
7697,95,102,-7,7
7698,91,86,5,5
7699,99,92,7,7
7700,105,107,-2,2
7701,104,131,-27,27
7702,82,83,-1,1
7703,68,69,-1,1
7704,77,78,-1,1
7705,103,102,1,1
7706,87,87,0,0
7707,55,55,0,0
7708,94,95,-1,1
7709,67,66,1,1
7710,75,92,-17,17
7711,137,140,-3,3
7712,69,73,-4,4
7713,67,69,-2,2
7714,77,91,-14,14
7715,68,69,-1,1
7716,117,114,3,3
7717,109,118,-9,9
7718,164,147,17,17
7719,102,118,-16,16
7720,77,85,-8,8
7721,71,99,-28,28
7722,71,77,-6,6
7723,146,132,14,14
7724,40,40,0,0
7725,121,115,6,6
7726,86,79,7,7
7727,99,101,-2,2
7728,68,75,-7,7
7729,89,77,12,12
7730,71,76,-5,5
7731,72,72,0,0
7732,49,49,0,0
7733,155,126,29,29
7734,145,148,-3,3
7735,102,110,-8,8
7736,131,127,4,4
7737,101,85,16,16
7738,61,67,-6,6
7739,108,114,-6,6
7740,62,68,-6,6
7741,93,87,6,6
7742,84,80,4,4
7743,56,100,-44,44
7744,143,134,9,9
7745,145,136,9,9
7746,103,100,3,3
7747,88,89,-1,1
7748,96,94,2,2
7749,63,66,-3,3
7750,88,91,-3,3
7751,50,64,-14,14
7752,106,112,-6,6
7753,89,75,14,14
7754,101,111,-10,10
7755,134,127,7,7
7756,91,87,4,4
7757,134,145,-11,11
7758,79,84,-5,5
7759,161,153,8,8
7760,127,127,0,0
7761,88,91,-3,3
7762,61,68,-7,7
7763,60,71,-11,11
7764,102,91,11,11
7765,140,145,-5,5
7766,69,73,-4,4
7767,101,114,-13,13
7768,175,172,3,3
7769,129,142,-13,13
7770,115,116,-1,1
7771,88,104,-16,16
7772,79,79,0,0
7773,102,107,-5,5
7774,43,47,-4,4
7775,97,95,2,2
7776,132,139,-7,7
7777,58,58,0,0
7778,89,101,-12,12
7779,90,100,-10,10
7780,98,110,-12,12
7781,102,106,-4,4
7782,88,88,0,0
7783,106,106,0,0
7784,99,99,0,0
7785,151,145,6,6
7786,111,101,10,10
7787,65,66,-1,1
7788,71,74,-3,3
7789,79,98,-19,19
7790,65,64,1,1
7791,136,130,6,6
7792,151,154,-3,3
7793,108,108,0,0
7794,121,116,5,5
7795,54,65,-11,11
7796,96,105,-9,9
7797,98,88,10,10
7798,62,67,-5,5
7799,78,82,-4,4
7800,97,100,-3,3
7801,80,76,4,4
7802,65,71,-6,6
7803,74,79,-5,5
7804,118,119,-1,1
7805,109,104,5,5
7806,99,100,-1,1
7807,78,87,-9,9
7808,59,71,-12,12
7809,84,93,-9,9
7810,108,113,-5,5
7811,89,99,-10,10
7812,119,110,9,9
7813,182,165,17,17
7814,133,115,18,18
7815,90,100,-10,10
7816,144,161,-17,17
7817,109,110,-1,1
7818,154,138,16,16
7819,54,53,1,1
7820,59,65,-6,6
7821,120,119,1,1
7822,113,124,-11,11
7823,90,85,5,5
7824,119,109,10,10
7825,72,75,-3,3
7826,173,166,7,7
7827,252,248,4,4
7828,123,136,-13,13
7829,178,170,8,8
7830,207,193,14,14
7831,86,92,-6,6
7832,61,59,2,2
7833,82,88,-6,6
7834,77,79,-2,2
7835,90,90,0,0
7836,85,105,-20,20
7837,133,146,-13,13
7838,67,68,-1,1
7839,71,78,-7,7
7840,118,128,-10,10
7841,168,169,-1,1
7842,101,107,-6,6
7843,126,118,8,8
7844,127,126,1,1
7845,197,184,13,13
7846,67,68,-1,1
7847,59,58,1,1
7848,139,136,3,3
7849,84,84,0,0
7850,75,77,-2,2
7851,124,126,-2,2
7852,61,64,-3,3
7853,78,77,1,1
7854,102,91,11,11
7855,50,47,3,3
7856,72,85,-13,13
7857,98,110,-12,12
7858,109,106,3,3
7859,97,90,7,7
7860,79,77,2,2
7861,73,74,-1,1
7862,114,105,9,9
7863,118,116,2,2
7864,101,108,-7,7
7865,103,108,-5,5
7866,49,54,-5,5
7867,49,57,-8,8
7868,37,45,-8,8
7869,121,122,-1,1
7870,69,72,-3,3
7871,126,130,-4,4
7872,91,87,4,4
7873,119,115,4,4
7874,105,101,4,4
7875,129,129,0,0
7876,83,82,1,1
7877,99,99,0,0
7878,106,115,-9,9
7879,67,65,2,2
7880,132,134,-2,2
7881,110,99,11,11
7882,72,69,3,3
7883,126,125,1,1
7884,129,144,-15,15
7885,74,74,0,0
7886,131,133,-2,2
7887,97,100,-3,3
7888,118,124,-6,6
7889,124,123,1,1
7890,66,73,-7,7
7891,99,108,-9,9
7892,93,92,1,1
7893,169,168,1,1
7894,109,119,-10,10
7895,194,179,15,15
7896,131,125,6,6
7897,67,71,-4,4
7898,102,103,-1,1
7899,126,124,2,2
7900,166,171,-5,5
7901,52,61,-9,9
7902,129,142,-13,13
7903,175,169,6,6
7904,77,70,7,7
7905,52,51,1,1
7906,73,67,6,6
7907,97,102,-5,5
7908,49,53,-4,4
7909,112,112,0,0
7910,108,116,-8,8
7911,91,83,8,8
7912,84,106,-22,22
7913,35,48,-13,13
7914,182,190,-8,8
7915,61,65,-4,4
7916,61,49,12,12
7917,79,80,-1,1
7918,55,61,-6,6
7919,64,69,-5,5
7920,142,135,7,7
7921,66,67,-1,1
7922,74,84,-10,10
7923,150,144,6,6
7924,99,100,-1,1
7925,106,114,-8,8
7926,72,80,-8,8
7927,121,119,2,2
7928,114,117,-3,3
7929,75,74,1,1
7930,65,72,-7,7
7931,116,119,-3,3
7932,99,99,0,0
7933,199,191,8,8
7934,60,59,1,1
7935,67,64,3,3
7936,81,81,0,0
7937,178,136,42,42
7938,70,80,-10,10
7939,131,121,10,10
7940,149,138,11,11
7941,70,70,0,0
7942,97,110,-13,13
7943,104,97,7,7
7944,73,74,-1,1
7945,74,82,-8,8
7946,87,102,-15,15
7947,112,115,-3,3
7948,126,121,5,5
7949,86,104,-18,18
7950,134,131,3,3
7951,117,99,18,18
7952,61,64,-3,3
7953,71,81,-10,10
7954,80,91,-11,11
7955,63,66,-3,3
7956,70,67,3,3
7957,63,75,-12,12
7958,46,55,-9,9
7959,59,64,-5,5
7960,89,91,-2,2
7961,134,132,2,2
7962,113,115,-2,2
7963,73,87,-14,14
7964,122,116,6,6
7965,59,64,-5,5
7966,142,149,-7,7
7967,175,171,4,4
7968,61,58,3,3
7969,142,156,-14,14
7970,68,60,8,8
7971,51,55,-4,4
7972,94,103,-9,9
7973,104,100,4,4
7974,85,88,-3,3
7975,155,159,-4,4
7976,157,170,-13,13
7977,115,115,0,0
7978,94,102,-8,8
7979,86,97,-11,11
7980,115,127,-12,12
7981,85,85,0,0
7982,106,104,2,2
7983,64,65,-1,1
7984,38,78,-40,40
7985,51,57,-6,6
7986,106,109,-3,3
7987,101,109,-8,8
7988,46,56,-10,10
7989,85,78,7,7
7990,104,106,-2,2
7991,95,101,-6,6
7992,130,126,4,4
7993,151,145,6,6
7994,57,57,0,0
7995,93,100,-7,7
7996,69,65,4,4
7997,39,35,4,4
7998,76,81,-5,5
7999,84,75,9,9
8000,41,44,-3,3
8001,45,54,-9,9
8002,68,73,-5,5
8003,82,82,0,0
8004,68,72,-4,4
8005,73,69,4,4
8006,49,63,-14,14
8007,93,90,3,3
8008,75,74,1,1
8009,85,79,6,6
8010,103,106,-3,3
8011,129,127,2,2
8012,116,119,-3,3
8013,77,72,5,5
8014,83,82,1,1
8015,104,99,5,5
8016,124,116,8,8
8017,89,90,-1,1
8018,88,103,-15,15
8019,49,65,-16,16
8020,104,109,-5,5
8021,107,109,-2,2
8022,125,126,-1,1
8023,57,64,-7,7
8024,104,102,2,2
8025,51,70,-19,19
8026,86,82,4,4
8027,96,103,-7,7
8028,190,188,2,2
8029,84,87,-3,3
8030,105,106,-1,1
8031,94,94,0,0
8032,74,71,3,3
8033,100,98,2,2
8034,126,121,5,5
8035,73,73,0,0
8036,83,84,-1,1
8037,141,135,6,6
8038,124,125,-1,1
8039,79,81,-2,2
8040,135,130,5,5
8041,81,75,6,6
8042,137,140,-3,3
8043,75,80,-5,5
8044,54,66,-12,12
8045,102,106,-4,4
8046,157,139,18,18
8047,93,91,2,2
8048,155,144,11,11
8049,71,68,3,3
8050,109,106,3,3
8051,60,65,-5,5
8052,57,72,-15,15
8053,113,114,-1,1
8054,130,132,-2,2
8055,71,83,-12,12
8056,92,90,2,2
8057,148,128,20,20
8058,117,107,10,10
8059,68,71,-3,3
8060,161,151,10,10
8061,85,84,1,1
8062,65,63,2,2
8063,43,45,-2,2
8064,102,104,-2,2
8065,69,65,4,4
8066,185,191,-6,6
8067,133,128,5,5
8068,104,106,-2,2
8069,105,107,-2,2
8070,120,114,6,6
8071,85,83,2,2
8072,73,59,14,14
8073,158,170,-12,12
8074,76,73,3,3
8075,87,71,16,16
8076,148,131,17,17
8077,85,88,-3,3
8078,98,87,11,11
8079,66,73,-7,7
8080,100,102,-2,2
8081,110,113,-3,3
8082,86,91,-5,5
8083,119,126,-7,7
8084,75,73,2,2
8085,110,126,-16,16
8086,69,75,-6,6
8087,127,113,14,14
8088,98,97,1,1
8089,116,125,-9,9
8090,65,68,-3,3
8091,94,98,-4,4
8092,58,58,0,0
8093,68,85,-17,17
8094,118,113,5,5
8095,27,42,-15,15
8096,74,70,4,4
8097,81,85,-4,4
8098,98,93,5,5
8099,56,63,-7,7
8100,101,103,-2,2
8101,128,121,7,7
8102,104,110,-6,6
8103,69,67,2,2
8104,130,116,14,14
8105,121,124,-3,3
8106,42,84,-42,42
8107,89,101,-12,12
8108,71,65,6,6
8109,129,120,9,9
8110,59,68,-9,9
8111,101,109,-8,8
8112,102,106,-4,4
8113,109,114,-5,5
8114,94,89,5,5
8115,108,114,-6,6
8116,102,100,2,2
8117,89,95,-6,6
8118,121,125,-4,4
8119,122,137,-15,15
8120,67,73,-6,6
8121,51,65,-14,14
8122,89,85,4,4
8123,88,99,-11,11
8124,131,115,16,16
8125,103,104,-1,1
8126,151,176,-25,25
8127,134,145,-11,11
8128,108,112,-4,4
8129,92,90,2,2
8130,65,63,2,2
8131,81,82,-1,1
8132,68,80,-12,12
8133,91,87,4,4
8134,114,110,4,4
8135,48,64,-16,16
8136,102,110,-8,8
8137,149,151,-2,2
8138,108,111,-3,3
8139,60,64,-4,4
8140,103,110,-7,7
8141,65,71,-6,6
8142,119,123,-4,4
8143,104,113,-9,9
8144,64,62,2,2
8145,48,52,-4,4
8146,55,55,0,0
8147,75,80,-5,5
8148,44,58,-14,14
8149,73,80,-7,7
8150,54,59,-5,5
8151,54,59,-5,5
8152,52,57,-5,5
8153,95,85,10,10
8154,66,73,-7,7
8155,85,101,-16,16
8156,75,69,6,6
8157,95,113,-18,18
8158,95,87,8,8
8159,36,39,-3,3
8160,79,81,-2,2
8161,123,125,-2,2
8162,81,75,6,6
8163,176,159,17,17
8164,60,53,7,7
8165,61,72,-11,11
8166,140,125,15,15
8167,127,124,3,3
8168,96,98,-2,2
8169,99,89,10,10
8170,108,103,5,5
8171,58,59,-1,1
8172,51,60,-9,9
8173,95,91,4,4
8174,58,76,-18,18
8175,76,74,2,2
8176,116,113,3,3
8177,108,103,5,5
8178,168,155,13,13
8179,27,35,-8,8
8180,145,132,13,13
8181,53,59,-6,6
8182,67,70,-3,3
8183,92,95,-3,3
8184,78,75,3,3
8185,113,117,-4,4
8186,141,142,-1,1
8187,136,127,9,9
8188,103,109,-6,6
8189,86,85,1,1
8190,195,197,-2,2
8191,75,73,2,2
8192,63,66,-3,3
8193,66,70,-4,4
8194,127,127,0,0
8195,122,115,7,7
8196,54,100,-46,46
8197,101,106,-5,5
8198,93,79,14,14
8199,64,68,-4,4
8200,108,113,-5,5
8201,111,108,3,3
8202,77,69,8,8
8203,154,152,2,2
8204,94,85,9,9
8205,84,85,-1,1
8206,76,88,-12,12
8207,87,82,5,5
8208,126,120,6,6
8209,82,82,0,0
8210,82,86,-4,4
8211,80,79,1,1
8212,126,125,1,1
8213,64,67,-3,3
8214,142,124,18,18
8215,143,141,2,2
8216,127,139,-12,12
8217,76,80,-4,4
8218,57,72,-15,15
8219,109,101,8,8
8220,141,136,5,5
8221,129,120,9,9
8222,114,109,5,5
8223,83,82,1,1
8224,149,149,0,0
8225,47,57,-10,10
8226,88,91,-3,3
8227,88,86,2,2
8228,105,109,-4,4
8229,93,104,-11,11
8230,109,96,13,13
8231,87,85,2,2
8232,43,43,0,0
8233,81,78,3,3
8234,101,83,18,18
8235,80,68,12,12
8236,112,113,-1,1
8237,92,101,-9,9
8238,102,103,-1,1
8239,71,69,2,2
8240,166,155,11,11
8241,98,90,8,8
8242,129,118,11,11
8243,79,86,-7,7
8244,109,104,5,5
8245,145,139,6,6
8246,166,156,10,10
8247,76,83,-7,7
8248,46,48,-2,2
8249,113,107,6,6
8250,75,85,-10,10
8251,86,75,11,11
8252,76,78,-2,2
8253,88,93,-5,5
8254,67,78,-11,11
8255,100,94,6,6
8256,71,80,-9,9
8257,59,64,-5,5
8258,181,183,-2,2
8259,56,60,-4,4
8260,114,99,15,15
8261,92,98,-6,6
8262,100,103,-3,3
8263,75,95,-20,20
8264,188,176,12,12
8265,51,54,-3,3
8266,84,97,-13,13
8267,171,185,-14,14
8268,66,63,3,3
8269,92,88,4,4
8270,122,125,-3,3
8271,40,50,-10,10
8272,87,88,-1,1
8273,122,121,1,1
8274,98,89,9,9
8275,96,98,-2,2
8276,120,113,7,7
8277,82,86,-4,4
8278,88,83,5,5
8279,60,64,-4,4
8280,83,81,2,2
8281,81,71,10,10
8282,151,156,-5,5
8283,187,181,6,6
8284,98,111,-13,13
8285,95,89,6,6
8286,77,77,0,0
8287,144,142,2,2
8288,81,85,-4,4
8289,91,98,-7,7
8290,149,148,1,1
8291,99,118,-19,19
8292,96,84,12,12
8293,129,133,-4,4
8294,63,65,-2,2
8295,86,81,5,5
8296,64,71,-7,7
8297,74,67,7,7
8298,93,97,-4,4
8299,85,83,2,2
8300,248,219,29,29
8301,91,90,1,1
8302,58,62,-4,4
8303,93,86,7,7
8304,93,99,-6,6
8305,55,59,-4,4
8306,102,109,-7,7
8307,107,101,6,6
8308,79,82,-3,3
8309,84,81,3,3
8310,95,93,2,2
8311,110,111,-1,1
8312,80,78,2,2
8313,44,38,6,6
8314,96,99,-3,3
8315,59,67,-8,8
8316,109,112,-3,3
8317,198,195,3,3
8318,81,91,-10,10
8319,119,118,1,1
8320,106,111,-5,5
8321,114,104,10,10
8322,51,60,-9,9
8323,110,111,-1,1
8324,112,118,-6,6
8325,99,103,-4,4
8326,80,76,4,4
8327,59,67,-8,8
8328,110,119,-9,9
8329,125,113,12,12
8330,137,127,10,10
8331,73,75,-2,2
8332,190,183,7,7
8333,137,145,-8,8
8334,46,52,-6,6
8335,124,128,-4,4
8336,87,83,4,4
8337,114,102,12,12
8338,83,80,3,3
8339,85,86,-1,1
8340,142,159,-17,17
8341,108,100,8,8
8342,129,133,-4,4
8343,107,100,7,7
8344,109,113,-4,4
8345,144,137,7,7
8346,76,77,-1,1
8347,38,56,-18,18
8348,157,158,-1,1
8349,55,59,-4,4
8350,99,106,-7,7
8351,153,145,8,8
8352,74,73,1,1
8353,74,76,-2,2
8354,78,76,2,2
8355,74,84,-10,10
8356,94,93,1,1
8357,112,104,8,8
8358,141,145,-4,4
8359,82,75,7,7
8360,160,163,-3,3
8361,103,107,-4,4
8362,110,108,2,2
8363,42,49,-7,7
8364,69,71,-2,2
8365,59,51,8,8
8366,98,99,-1,1
8367,75,68,7,7
8368,58,58,0,0
8369,74,70,4,4
8370,108,115,-7,7
8371,66,78,-12,12
8372,105,101,4,4
8373,46,62,-16,16
8374,55,57,-2,2
8375,71,68,3,3
8376,115,114,1,1
8377,88,78,10,10
8378,47,48,-1,1
8379,174,162,12,12
8380,94,87,7,7
8381,74,73,1,1
8382,84,83,1,1
8383,85,78,7,7
8384,65,59,6,6
8385,39,36,3,3
8386,118,108,10,10
8387,101,99,2,2
8388,78,82,-4,4
8389,97,113,-16,16
8390,104,101,3,3
8391,98,95,3,3
8392,81,97,-16,16
8393,112,110,2,2
8394,98,101,-3,3
8395,96,106,-10,10
8396,53,51,2,2
8397,67,80,-13,13
8398,70,74,-4,4
8399,114,104,10,10
8400,104,110,-6,6
8401,65,72,-7,7
8402,80,67,13,13
8403,96,83,13,13
8404,70,68,2,2
8405,105,107,-2,2
8406,100,86,14,14
8407,160,145,15,15
8408,91,101,-10,10
8409,100,104,-4,4
8410,119,104,15,15
8411,65,70,-5,5
8412,99,105,-6,6
8413,172,142,30,30
8414,83,81,2,2
8415,85,79,6,6
8416,69,66,3,3
8417,59,65,-6,6
8418,93,100,-7,7
8419,81,84,-3,3
8420,75,77,-2,2
8421,62,62,0,0
8422,115,106,9,9
8423,107,139,-32,32
8424,105,107,-2,2
8425,51,57,-6,6
8426,76,82,-6,6
8427,88,98,-10,10
8428,145,142,3,3
8429,114,120,-6,6
8430,38,42,-4,4
8431,133,133,0,0
8432,74,74,0,0
8433,119,119,0,0
8434,96,91,5,5
8435,143,130,13,13
8436,60,62,-2,2
8437,130,120,10,10
8438,120,110,10,10
8439,122,140,-18,18
8440,113,112,1,1
8441,68,74,-6,6
8442,98,93,5,5
8443,143,128,15,15
8444,77,73,4,4
8445,92,99,-7,7
8446,61,62,-1,1
8447,74,77,-3,3
8448,94,81,13,13
8449,102,102,0,0
8450,118,115,3,3
8451,119,117,2,2
8452,193,182,11,11
8453,95,92,3,3
8454,89,90,-1,1
8455,129,127,2,2
8456,124,114,10,10
8457,84,80,4,4
8458,76,79,-3,3
8459,55,56,-1,1
8460,143,139,4,4
8461,134,121,13,13
8462,88,92,-4,4
8463,132,133,-1,1
8464,114,102,12,12
8465,71,70,1,1
8466,79,73,6,6
8467,101,101,0,0
8468,134,137,-3,3
8469,61,41,20,20
8470,81,76,5,5
8471,107,113,-6,6
8472,86,82,4,4
8473,83,82,1,1
8474,94,99,-5,5
8475,102,110,-8,8
8476,110,128,-18,18
8477,137,140,-3,3
8478,56,71,-15,15
8479,134,123,11,11
8480,80,89,-9,9
8481,46,52,-6,6
8482,111,114,-3,3
8483,112,111,1,1
8484,121,123,-2,2
8485,113,114,-1,1
8486,91,101,-10,10
8487,47,56,-9,9
8488,65,66,-1,1
8489,56,69,-13,13
8490,83,87,-4,4
8491,85,93,-8,8
8492,102,99,3,3
8493,80,85,-5,5
8494,110,107,3,3
8495,141,146,-5,5
8496,90,100,-10,10
8497,73,72,1,1
8498,60,61,-1,1
8499,178,148,30,30
8500,124,136,-12,12
8501,108,103,5,5
8502,100,103,-3,3
8503,78,81,-3,3
8504,115,121,-6,6
8505,127,133,-6,6
8506,47,48,-1,1
8507,58,55,3,3
8508,151,139,12,12
8509,104,98,6,6
8510,56,67,-11,11
8511,79,88,-9,9
8512,67,70,-3,3
8513,109,112,-3,3
8514,83,75,8,8
8515,101,76,25,25
8516,78,85,-7,7
8517,101,131,-30,30
8518,64,73,-9,9
8519,69,66,3,3
8520,81,80,1,1
8521,185,183,2,2
8522,89,82,7,7
8523,137,123,14,14
8524,98,92,6,6
8525,185,173,12,12
8526,62,61,1,1
8527,135,132,3,3
8528,140,132,8,8
8529,166,173,-7,7
8530,68,71,-3,3
8531,100,108,-8,8
8532,122,137,-15,15
8533,105,108,-3,3
8534,129,129,0,0
8535,117,118,-1,1
8536,74,77,-3,3
8537,91,88,3,3
8538,96,97,-1,1
8539,96,101,-5,5
8540,76,85,-9,9
8541,106,103,3,3
8542,71,69,2,2
8543,43,46,-3,3
8544,88,83,5,5
8545,79,90,-11,11
8546,104,100,4,4
8547,82,83,-1,1
8548,112,117,-5,5
8549,104,111,-7,7
8550,55,59,-4,4
8551,90,91,-1,1
8552,47,61,-14,14
8553,111,101,10,10
8554,127,125,2,2
8555,67,74,-7,7
8556,163,152,11,11
8557,154,157,-3,3
8558,63,67,-4,4
8559,50,58,-8,8
8560,56,68,-12,12
8561,104,114,-10,10
8562,80,86,-6,6
8563,83,77,6,6
8564,64,70,-6,6
8565,55,54,1,1
8566,84,75,9,9
8567,130,126,4,4
8568,85,89,-4,4
8569,109,110,-1,1
8570,153,142,11,11
8571,104,105,-1,1
8572,129,124,5,5
8573,106,102,4,4
8574,173,175,-2,2
8575,93,91,2,2
8576,93,89,4,4
8577,99,99,0,0
8578,66,69,-3,3
8579,98,99,-1,1
8580,110,139,-29,29
8581,50,64,-14,14
8582,104,105,-1,1
8583,110,106,4,4
8584,60,74,-14,14
8585,102,100,2,2
8586,87,80,7,7
8587,133,135,-2,2
8588,133,133,0,0
8589,122,109,13,13
8590,92,88,4,4
8591,139,134,5,5
8592,52,54,-2,2
8593,83,98,-15,15
8594,91,87,4,4
8595,65,67,-2,2
8596,113,119,-6,6
8597,77,81,-4,4
8598,161,145,16,16
8599,92,93,-1,1
8600,180,156,24,24
8601,77,71,6,6
8602,109,109,0,0
8603,81,86,-5,5
8604,98,106,-8,8
8605,54,53,1,1
8606,126,121,5,5
8607,91,98,-7,7
8608,77,82,-5,5
8609,124,122,2,2
8610,78,83,-5,5
8611,189,162,27,27
8612,80,77,3,3
8613,159,143,16,16
8614,73,79,-6,6
8615,90,103,-13,13
8616,62,59,3,3
8617,90,89,1,1
8618,134,142,-8,8
8619,121,107,14,14
8620,87,87,0,0
8621,59,61,-2,2
8622,89,102,-13,13
8623,105,109,-4,4
8624,97,90,7,7
8625,110,103,7,7
8626,141,125,16,16
8627,85,87,-2,2
8628,132,132,0,0
8629,89,87,2,2
8630,75,79,-4,4
8631,81,77,4,4
8632,77,66,11,11
8633,104,101,3,3
8634,132,145,-13,13
8635,136,125,11,11
8636,82,84,-2,2
8637,85,90,-5,5
8638,76,77,-1,1
8639,109,127,-18,18
8640,51,59,-8,8
8641,85,91,-6,6
8642,58,62,-4,4
8643,161,163,-2,2
8644,85,87,-2,2
8645,61,57,4,4
8646,82,83,-1,1
8647,114,118,-4,4
8648,113,112,1,1
8649,82,82,0,0
8650,128,124,4,4
8651,113,117,-4,4
8652,61,74,-13,13
8653,85,77,8,8
8654,112,110,2,2
8655,76,80,-4,4
8656,89,88,1,1
8657,142,132,10,10
8658,81,81,0,0
8659,143,139,4,4
8660,94,96,-2,2
8661,134,111,23,23
8662,59,57,2,2
8663,55,63,-8,8
8664,75,83,-8,8
8665,87,92,-5,5
8666,69,59,10,10
8667,104,106,-2,2
8668,57,51,6,6
8669,68,67,1,1
8670,169,160,9,9
8671,114,120,-6,6
8672,92,89,3,3
8673,97,87,10,10
8674,121,120,1,1
8675,89,77,12,12
8676,116,120,-4,4
8677,93,104,-11,11
8678,116,108,8,8
8679,125,130,-5,5
8680,82,108,-26,26
8681,50,49,1,1
8682,46,47,-1,1
8683,45,51,-6,6
8684,120,122,-2,2
8685,93,90,3,3
8686,102,106,-4,4
8687,126,125,1,1
8688,108,130,-22,22
8689,110,111,-1,1
8690,101,101,0,0
8691,73,77,-4,4
8692,58,58,0,0
8693,113,107,6,6
8694,136,144,-8,8
8695,64,66,-2,2
8696,125,162,-37,37
8697,88,80,8,8
8698,92,87,5,5
8699,106,104,2,2
8700,90,108,-18,18
8701,85,88,-3,3
8702,80,79,1,1
8703,110,108,2,2
8704,80,79,1,1
8705,117,112,5,5
8706,47,61,-14,14
8707,112,109,3,3
8708,84,85,-1,1
8709,116,114,2,2
8710,61,67,-6,6
8711,82,79,3,3
8712,164,142,22,22
8713,125,126,-1,1
8714,80,82,-2,2
8715,66,68,-2,2
8716,61,68,-7,7
8717,82,106,-24,24
8718,81,85,-4,4
8719,143,130,13,13
8720,145,127,18,18
8721,75,71,4,4
8722,60,82,-22,22
8723,86,91,-5,5
8724,99,106,-7,7
8725,112,113,-1,1
8726,98,97,1,1
8727,96,90,6,6
8728,64,70,-6,6
8729,62,64,-2,2
8730,123,131,-8,8
8731,83,86,-3,3
8732,101,104,-3,3
8733,27,34,-7,7
8734,167,160,7,7
8735,149,152,-3,3
8736,94,87,7,7
8737,155,149,6,6
8738,39,42,-3,3
8739,62,65,-3,3
8740,81,73,8,8
8741,58,59,-1,1
8742,74,80,-6,6
8743,139,140,-1,1
8744,74,74,0,0
8745,84,90,-6,6
8746,155,129,26,26
8747,114,115,-1,1
8748,152,225,-73,73
8749,104,92,12,12
8750,92,104,-12,12
8751,55,63,-8,8
8752,91,88,3,3
8753,90,82,8,8
8754,86,84,2,2
8755,76,87,-11,11
8756,86,90,-4,4
8757,49,46,3,3
8758,105,110,-5,5
8759,67,69,-2,2
8760,96,125,-29,29
8761,105,109,-4,4
8762,98,85,13,13
8763,114,115,-1,1
8764,114,122,-8,8
8765,103,118,-15,15
8766,128,125,3,3
8767,110,104,6,6
8768,89,76,13,13
8769,67,65,2,2
8770,136,122,14,14
8771,154,144,10,10
8772,62,75,-13,13
8773,109,111,-2,2
8774,91,91,0,0
8775,63,65,-2,2
8776,172,161,11,11
8777,93,84,9,9
8778,81,79,2,2
8779,87,94,-7,7
8780,49,62,-13,13
8781,157,163,-6,6
8782,87,85,2,2
8783,61,86,-25,25
8784,60,60,0,0
8785,129,128,1,1
8786,75,74,1,1
8787,86,95,-9,9
8788,37,38,-1,1
8789,110,111,-1,1
8790,124,121,3,3
8791,65,69,-4,4
8792,148,156,-8,8
8793,73,87,-14,14
8794,105,115,-10,10
8795,70,77,-7,7
8796,63,74,-11,11
8797,71,69,2,2
8798,71,74,-3,3
8799,68,72,-4,4
8800,96,89,7,7
8801,87,84,3,3
8802,88,92,-4,4
8803,69,68,1,1
8804,83,84,-1,1
8805,72,83,-11,11
8806,98,107,-9,9
8807,126,123,3,3
8808,45,57,-12,12
8809,52,53,-1,1
8810,103,109,-6,6
8811,77,74,3,3
8812,83,78,5,5
8813,73,64,9,9
8814,108,104,4,4
8815,73,80,-7,7
8816,80,80,0,0
8817,57,56,1,1
8818,63,66,-3,3
8819,24,32,-8,8
8820,89,73,16,16
8821,61,65,-4,4
8822,97,103,-6,6
8823,85,87,-2,2
8824,143,143,0,0
8825,129,123,6,6
8826,75,84,-9,9
8827,71,76,-5,5
8828,92,88,4,4
8829,72,69,3,3
8830,91,81,10,10
8831,83,74,9,9
8832,75,84,-9,9
8833,66,67,-1,1
8834,43,53,-10,10
8835,127,124,3,3
8836,125,133,-8,8
8837,44,46,-2,2
8838,51,60,-9,9
8839,54,59,-5,5
8840,203,232,-29,29
8841,127,120,7,7
8842,102,101,1,1
8843,81,77,4,4
8844,69,65,4,4
8845,121,121,0,0
8846,85,81,4,4
8847,125,116,9,9
8848,138,127,11,11
8849,191,164,27,27
8850,92,101,-9,9
8851,94,95,-1,1
8852,128,127,1,1
8853,35,51,-16,16
8854,104,106,-2,2
8855,86,80,6,6
8856,132,122,10,10
8857,89,89,0,0
8858,48,51,-3,3
8859,75,67,8,8
8860,80,69,11,11
8861,100,99,1,1
8862,115,116,-1,1
8863,135,131,4,4
8864,88,92,-4,4
8865,108,106,2,2
8866,141,147,-6,6
8867,81,80,1,1
8868,147,148,-1,1
8869,94,88,6,6
8870,86,83,3,3
8871,125,123,2,2
8872,62,65,-3,3
8873,82,86,-4,4
8874,123,117,6,6
8875,80,76,4,4
8876,108,102,6,6
8877,91,79,12,12
8878,124,122,2,2
8879,93,104,-11,11
8880,141,159,-18,18
8881,97,60,37,37
8882,177,164,13,13
8883,80,83,-3,3
8884,133,154,-21,21
8885,98,109,-11,11
8886,104,98,6,6
8887,64,66,-2,2
8888,170,160,10,10
8889,91,98,-7,7
8890,98,101,-3,3
8891,125,118,7,7
8892,65,71,-6,6
8893,86,89,-3,3
8894,75,67,8,8
8895,72,76,-4,4
8896,53,72,-19,19
8897,93,82,11,11
8898,69,70,-1,1
8899,95,87,8,8
8900,76,80,-4,4
8901,73,74,-1,1
8902,56,56,0,0
8903,92,91,1,1
8904,43,52,-9,9
8905,60,58,2,2
8906,74,83,-9,9
8907,85,91,-6,6
8908,91,91,0,0
8909,92,88,4,4
8910,91,87,4,4
8911,60,67,-7,7
8912,142,150,-8,8
8913,127,138,-11,11
8914,87,89,-2,2
8915,130,140,-10,10
8916,104,104,0,0
8917,62,62,0,0
8918,125,127,-2,2
8919,96,178,-82,82
8920,170,147,23,23
8921,103,124,-21,21
8922,185,180,5,5
8923,80,78,2,2
8924,56,66,-10,10
8925,105,122,-17,17
8926,63,64,-1,1
8927,88,91,-3,3
8928,79,81,-2,2
8929,60,74,-14,14
8930,84,85,-1,1
8931,123,130,-7,7
8932,107,105,2,2
8933,94,100,-6,6
8934,70,75,-5,5
8935,141,124,17,17
8936,56,48,8,8
8937,166,164,2,2
8938,120,107,13,13
8939,137,126,11,11
8940,88,97,-9,9
8941,127,105,22,22
8942,157,150,7,7
8943,130,135,-5,5
8944,106,114,-8,8
8945,131,132,-1,1
8946,54,55,-1,1
8947,132,129,3,3
8948,80,78,2,2
8949,81,88,-7,7
8950,128,115,13,13
8951,36,40,-4,4
8952,106,113,-7,7
8953,85,87,-2,2
8954,64,67,-3,3
8955,81,83,-2,2
8956,120,117,3,3
8957,130,122,8,8
8958,99,94,5,5
8959,70,67,3,3
8960,78,73,5,5
8961,112,120,-8,8
8962,82,82,0,0
8963,184,164,20,20
8964,129,139,-10,10
8965,111,108,3,3
8966,99,108,-9,9
8967,51,61,-10,10
8968,102,101,1,1
8969,66,70,-4,4
8970,74,77,-3,3
8971,129,132,-3,3
8972,54,60,-6,6
8973,117,138,-21,21
8974,120,118,2,2
8975,73,80,-7,7
8976,177,174,3,3
8977,157,154,3,3
8978,77,79,-2,2
8979,55,60,-5,5
8980,132,127,5,5
8981,180,163,17,17
8982,72,69,3,3
8983,88,99,-11,11
8984,71,76,-5,5
8985,85,81,4,4
8986,51,46,5,5
8987,61,65,-4,4
8988,76,72,4,4
8989,90,90,0,0
8990,64,72,-8,8
8991,67,90,-23,23
8992,95,97,-2,2
8993,46,50,-4,4
8994,92,84,8,8
8995,121,140,-19,19
8996,93,98,-5,5
8997,92,100,-8,8
8998,52,54,-2,2
8999,112,122,-10,10
9000,66,106,-40,40
9001,76,75,1,1
9002,157,153,4,4
9003,75,74,1,1
9004,68,71,-3,3
9005,64,69,-5,5
9006,135,125,10,10
9007,107,107,0,0
9008,79,89,-10,10
9009,82,82,0,0
9010,101,97,4,4
9011,142,166,-24,24
9012,108,110,-2,2
9013,93,104,-11,11
9014,111,119,-8,8
9015,111,106,5,5
9016,101,90,11,11
9017,67,64,3,3
9018,58,58,0,0
9019,117,113,4,4
9020,100,99,1,1
9021,96,96,0,0
9022,106,108,-2,2
9023,82,86,-4,4
9024,57,63,-6,6
9025,95,87,8,8
9026,92,89,3,3
9027,78,80,-2,2
9028,85,80,5,5
9029,46,43,3,3
9030,60,69,-9,9
9031,68,74,-6,6
9032,90,87,3,3
9033,106,109,-3,3
9034,72,72,0,0
9035,91,89,2,2
9036,142,139,3,3
9037,63,59,4,4
9038,55,58,-3,3
9039,112,108,4,4
9040,165,168,-3,3
9041,80,78,2,2
9042,58,56,2,2
9043,96,105,-9,9
9044,69,68,1,1
9045,85,100,-15,15
9046,74,79,-5,5
9047,148,139,9,9
9048,61,60,1,1
9049,114,121,-7,7
9050,117,115,2,2
9051,87,87,0,0
9052,148,144,4,4
9053,129,124,5,5
9054,100,92,8,8
9055,79,80,-1,1
9056,84,82,2,2
9057,75,75,0,0
9058,101,103,-2,2
9059,74,77,-3,3
9060,98,87,11,11
9061,97,101,-4,4
9062,58,58,0,0
9063,104,102,2,2
9064,122,119,3,3
9065,33,42,-9,9
9066,62,55,7,7
9067,59,68,-9,9
9068,66,75,-9,9
9069,112,110,2,2
9070,109,102,7,7
9071,67,72,-5,5
9072,157,176,-19,19
9073,147,149,-2,2
9074,114,113,1,1
9075,45,40,5,5
9076,71,77,-6,6
9077,135,130,5,5
9078,64,56,8,8
9079,101,112,-11,11
9080,93,99,-6,6
9081,92,87,5,5
9082,128,124,4,4
9083,90,82,8,8
9084,113,103,10,10
9085,62,67,-5,5
9086,66,63,3,3
9087,69,72,-3,3
9088,90,87,3,3
9089,69,67,2,2
9090,87,89,-2,2
9091,70,83,-13,13
9092,88,86,2,2
9093,60,68,-8,8
9094,172,156,16,16
9095,94,98,-4,4
9096,53,60,-7,7
9097,81,78,3,3
9098,103,105,-2,2
9099,146,139,7,7
9100,93,93,0,0
9101,106,112,-6,6
9102,115,109,6,6
9103,171,162,9,9
9104,80,82,-2,2
9105,89,79,10,10
9106,75,81,-6,6
9107,197,187,10,10
9108,52,62,-10,10
9109,56,61,-5,5
9110,76,78,-2,2
9111,136,139,-3,3
9112,127,129,-2,2
9113,102,106,-4,4
9114,100,106,-6,6
9115,154,146,8,8
9116,127,139,-12,12
9117,115,111,4,4
9118,69,75,-6,6
9119,113,101,12,12
9120,116,117,-1,1
9121,92,98,-6,6
9122,95,102,-7,7
9123,81,73,8,8
9124,81,84,-3,3
9125,148,150,-2,2
9126,94,91,3,3
9127,117,120,-3,3
9128,47,51,-4,4
9129,100,94,6,6
9130,133,128,5,5
9131,79,103,-24,24
9132,147,140,7,7
9133,62,66,-4,4
9134,77,80,-3,3
9135,154,142,12,12
9136,112,120,-8,8
9137,65,63,2,2
9138,42,45,-3,3
9139,114,114,0,0
9140,114,110,4,4
9141,77,69,8,8
9142,68,74,-6,6
9143,84,87,-3,3
9144,120,123,-3,3
9145,132,132,0,0
9146,113,125,-12,12
9147,86,83,3,3
9148,78,82,-4,4
9149,73,92,-19,19
9150,68,63,5,5
9151,93,101,-8,8
9152,113,123,-10,10
9153,58,60,-2,2
9154,63,65,-2,2
9155,54,51,3,3
9156,123,109,14,14
9157,43,47,-4,4
9158,82,79,3,3
9159,144,140,4,4
9160,73,80,-7,7
9161,49,52,-3,3
9162,103,99,4,4
9163,179,183,-4,4
9164,106,106,0,0
9165,93,106,-13,13
9166,135,144,-9,9
9167,120,122,-2,2
9168,130,126,4,4
9169,79,87,-8,8
9170,82,82,0,0
9171,55,57,-2,2
9172,74,67,7,7
9173,153,152,1,1
9174,93,94,-1,1
9175,107,109,-2,2
9176,136,148,-12,12
9177,88,92,-4,4
9178,56,68,-12,12
9179,171,156,15,15
9180,115,114,1,1
9181,53,62,-9,9
9182,124,129,-5,5
9183,117,109,8,8
9184,76,79,-3,3
9185,168,156,12,12
9186,78,73,5,5
9187,42,42,0,0
9188,74,77,-3,3
9189,156,135,21,21
9190,81,79,2,2
9191,88,83,5,5
9192,169,160,9,9
9193,74,73,1,1
9194,108,108,0,0
9195,98,92,6,6
9196,175,190,-15,15
9197,39,48,-9,9
9198,47,50,-3,3
9199,100,83,17,17
9200,105,98,7,7
9201,103,105,-2,2
9202,114,115,-1,1
9203,65,70,-5,5
9204,70,69,1,1
9205,79,82,-3,3
9206,96,103,-7,7
9207,123,130,-7,7
9208,94,98,-4,4
9209,124,128,-4,4
9210,102,99,3,3
9211,108,105,3,3
9212,78,85,-7,7
9213,111,116,-5,5
9214,84,91,-7,7
9215,58,54,4,4
9216,124,122,2,2
9217,92,90,2,2
9218,75,80,-5,5
9219,64,53,11,11
9220,89,82,7,7
9221,88,95,-7,7
9222,58,67,-9,9
9223,116,117,-1,1
9224,57,64,-7,7
9225,98,99,-1,1
9226,138,145,-7,7
9227,87,90,-3,3
9228,58,56,2,2
9229,141,134,7,7
9230,72,72,0,0
9231,63,74,-11,11
9232,173,162,11,11
9233,113,111,2,2
9234,114,108,6,6
9235,95,84,11,11
9236,80,85,-5,5
9237,75,77,-2,2
9238,113,115,-2,2
9239,86,99,-13,13
9240,54,61,-7,7
9241,99,98,1,1
9242,149,141,8,8
9243,73,61,12,12
9244,86,79,7,7
9245,108,108,0,0
9246,74,73,1,1
9247,59,65,-6,6
9248,106,113,-7,7
9249,158,140,18,18
9250,45,65,-20,20
9251,77,76,1,1
9252,116,129,-13,13
9253,52,58,-6,6
9254,93,107,-14,14
9255,129,122,7,7
9256,63,70,-7,7
9257,41,47,-6,6
9258,62,61,1,1
9259,168,162,6,6
9260,117,116,1,1
9261,142,137,5,5
9262,112,107,5,5
9263,101,103,-2,2
9264,86,84,2,2
9265,77,79,-2,2
9266,141,134,7,7
9267,80,91,-11,11
9268,107,119,-12,12
9269,90,89,1,1
9270,65,72,-7,7
9271,57,54,3,3
9272,89,83,6,6
9273,63,62,1,1
9274,121,118,3,3
9275,108,107,1,1
9276,83,85,-2,2
9277,116,116,0,0
9278,66,71,-5,5
9279,128,131,-3,3
9280,98,100,-2,2
9281,76,80,-4,4
9282,130,122,8,8
9283,55,61,-6,6
9284,64,68,-4,4
9285,107,119,-12,12
9286,117,106,11,11
9287,124,123,1,1
9288,88,86,2,2
9289,44,42,2,2
9290,89,87,2,2
9291,82,89,-7,7
9292,78,77,1,1
9293,63,66,-3,3
9294,60,54,6,6
9295,55,60,-5,5
9296,80,84,-4,4
9297,56,59,-3,3
9298,68,74,-6,6
9299,177,179,-2,2
9300,69,70,-1,1
9301,63,69,-6,6
9302,116,110,6,6
9303,96,102,-6,6
9304,142,125,17,17
9305,85,82,3,3
9306,56,64,-8,8
9307,91,90,1,1
9308,72,75,-3,3
9309,69,80,-11,11
9310,114,105,9,9
9311,131,134,-3,3
9312,70,76,-6,6
9313,138,134,4,4
9314,103,102,1,1
9315,69,76,-7,7
9316,97,102,-5,5
9317,98,116,-18,18
9318,117,109,8,8
9319,95,106,-11,11
9320,130,125,5,5
9321,174,158,16,16
9322,114,122,-8,8
9323,87,100,-13,13
9324,92,100,-8,8
9325,57,63,-6,6
9326,93,85,8,8
9327,90,91,-1,1
9328,87,93,-6,6
9329,87,90,-3,3
9330,115,117,-2,2
9331,103,108,-5,5
9332,66,68,-2,2
9333,95,91,4,4
9334,98,99,-1,1
9335,82,80,2,2
9336,63,59,4,4
9337,39,42,-3,3
9338,60,64,-4,4
9339,112,110,2,2
9340,159,154,5,5
9341,41,47,-6,6
9342,96,98,-2,2
9343,117,113,4,4
9344,69,77,-8,8
9345,82,84,-2,2
9346,125,118,7,7
9347,82,78,4,4
9348,65,73,-8,8
9349,92,82,10,10
9350,91,93,-2,2
9351,91,89,2,2
9352,95,82,13,13
9353,28,40,-12,12
9354,64,62,2,2
9355,73,74,-1,1
9356,122,111,11,11
9357,76,83,-7,7
9358,82,78,4,4
9359,134,130,4,4
9360,118,111,7,7
9361,72,76,-4,4
9362,96,123,-27,27
9363,176,158,18,18
9364,156,149,7,7
9365,64,86,-22,22
9366,99,112,-13,13
9367,94,94,0,0
9368,84,77,7,7
9369,88,89,-1,1
9370,144,146,-2,2
9371,123,116,7,7
9372,99,107,-8,8
9373,63,86,-23,23
9374,64,67,-3,3
9375,141,129,12,12
9376,71,83,-12,12
9377,166,155,11,11
9378,118,112,6,6
9379,120,112,8,8
9380,145,134,11,11
9381,87,90,-3,3
9382,90,92,-2,2
9383,80,88,-8,8
9384,125,126,-1,1
9385,59,52,7,7
9386,171,162,9,9
9387,72,69,3,3
9388,121,107,14,14
9389,47,45,2,2
9390,73,83,-10,10
9391,124,109,15,15
9392,87,97,-10,10
9393,95,97,-2,2
9394,77,76,1,1
9395,167,163,4,4
9396,53,60,-7,7
9397,89,86,3,3
9398,83,78,5,5
9399,77,86,-9,9
9400,127,128,-1,1
9401,94,99,-5,5
9402,95,84,11,11
9403,93,95,-2,2
9404,74,66,8,8
9405,112,119,-7,7
9406,117,110,7,7
9407,69,69,0,0
9408,88,92,-4,4
9409,71,72,-1,1
9410,57,48,9,9
9411,89,83,6,6
9412,98,111,-13,13
9413,123,120,3,3
9414,88,86,2,2
9415,136,124,12,12
9416,85,78,7,7
9417,93,94,-1,1
9418,150,154,-4,4
9419,50,55,-5,5
9420,77,81,-4,4
9421,87,97,-10,10
9422,123,121,2,2
9423,71,75,-4,4
9424,142,142,0,0
9425,78,81,-3,3
9426,111,98,13,13
9427,54,74,-20,20
9428,66,73,-7,7
9429,110,104,6,6
9430,96,98,-2,2
9431,56,59,-3,3
9432,17,27,-10,10
9433,84,82,2,2
9434,108,110,-2,2
9435,103,89,14,14
9436,102,104,-2,2
9437,81,84,-3,3
9438,125,126,-1,1
9439,120,132,-12,12
9440,89,86,3,3
9441,73,68,5,5
9442,110,107,3,3
9443,86,86,0,0
9444,94,96,-2,2
9445,76,74,2,2
9446,72,70,2,2
9447,41,48,-7,7
9448,129,127,2,2
9449,80,79,1,1
9450,92,85,7,7
9451,208,184,24,24
9452,170,169,1,1
9453,88,90,-2,2
9454,43,52,-9,9
9455,65,65,0,0
9456,52,58,-6,6
9457,44,46,-2,2
9458,96,106,-10,10
9459,165,161,4,4
9460,92,84,8,8
9461,104,90,14,14
9462,131,130,1,1
9463,73,78,-5,5
9464,131,121,10,10
9465,51,68,-17,17
9466,63,69,-6,6
9467,107,115,-8,8
9468,109,126,-17,17
9469,131,118,13,13
9470,96,92,4,4
9471,90,76,14,14
9472,60,69,-9,9
9473,106,106,0,0
9474,101,86,15,15
9475,67,69,-2,2
9476,117,117,0,0
9477,76,85,-9,9
9478,78,74,4,4
9479,94,90,4,4
9480,95,99,-4,4
9481,78,70,8,8
9482,133,135,-2,2
9483,41,59,-18,18
9484,105,103,2,2
9485,102,95,7,7
9486,88,99,-11,11
9487,106,108,-2,2
9488,89,88,1,1
9489,98,124,-26,26
9490,128,123,5,5
9491,102,108,-6,6
9492,132,138,-6,6
9493,101,101,0,0
9494,144,143,1,1
9495,61,63,-2,2
9496,61,67,-6,6
9497,114,121,-7,7
9498,125,125,0,0
9499,70,71,-1,1
9500,83,84,-1,1
9501,147,145,2,2
9502,97,104,-7,7
9503,82,85,-3,3
9504,87,81,6,6
9505,94,91,3,3
9506,54,62,-8,8
9507,71,78,-7,7
9508,105,95,10,10
9509,87,90,-3,3
9510,95,108,-13,13
9511,71,75,-4,4
9512,76,82,-6,6
9513,123,121,2,2
9514,127,123,4,4
9515,84,95,-11,11
9516,48,53,-5,5
9517,108,98,10,10
9518,157,134,23,23
9519,54,57,-3,3
9520,100,90,10,10
9521,118,112,6,6
9522,57,59,-2,2
9523,137,131,6,6
9524,80,81,-1,1
9525,48,54,-6,6
9526,49,44,5,5
9527,94,98,-4,4
9528,101,99,2,2
9529,64,70,-6,6
9530,114,127,-13,13
9531,82,80,2,2
9532,62,67,-5,5
9533,57,66,-9,9
9534,88,98,-10,10
9535,92,100,-8,8
9536,66,83,-17,17
9537,76,82,-6,6
9538,59,62,-3,3
9539,89,87,2,2
9540,63,65,-2,2
9541,51,51,0,0
9542,123,123,0,0
9543,88,91,-3,3
9544,59,68,-9,9
9545,66,67,-1,1
9546,135,120,15,15
9547,54,61,-7,7
9548,24,32,-8,8
9549,91,78,13,13
9550,166,159,7,7
9551,45,48,-3,3
9552,95,93,2,2
9553,99,100,-1,1
9554,70,77,-7,7
9555,81,73,8,8
9556,97,88,9,9
9557,75,88,-13,13
9558,55,64,-9,9
9559,86,91,-5,5
9560,172,164,8,8
9561,65,76,-11,11
9562,174,155,19,19
9563,78,81,-3,3
9564,81,88,-7,7
9565,68,63,5,5
9566,74,67,7,7
9567,46,50,-4,4
9568,119,128,-9,9
9569,48,54,-6,6
9570,112,117,-5,5
9571,135,152,-17,17
9572,91,77,14,14
9573,103,99,4,4
9574,95,117,-22,22
9575,91,77,14,14
9576,201,178,23,23
9577,89,86,3,3
9578,71,70,1,1
9579,198,186,12,12
9580,93,85,8,8
9581,82,81,1,1
9582,132,127,5,5
9583,79,91,-12,12
9584,60,63,-3,3
9585,72,82,-10,10
9586,107,113,-6,6
9587,112,113,-1,1
9588,99,108,-9,9
9589,104,114,-10,10
9590,68,71,-3,3
9591,57,61,-4,4
9592,47,54,-7,7
9593,96,90,6,6
9594,95,109,-14,14
9595,43,49,-6,6
9596,116,108,8,8
9597,65,72,-7,7
9598,106,95,11,11
9599,117,125,-8,8
9600,96,93,3,3
9601,67,65,2,2
9602,100,92,8,8
9603,108,111,-3,3
9604,103,104,-1,1
9605,58,61,-3,3
9606,88,87,1,1
9607,133,126,7,7
9608,161,157,4,4
9609,95,89,6,6
9610,99,87,12,12
9611,69,66,3,3
9612,112,109,3,3
9613,127,120,7,7
9614,66,69,-3,3
9615,116,120,-4,4
9616,105,116,-11,11
9617,100,92,8,8
9618,93,93,0,0
9619,79,86,-7,7
9620,121,115,6,6
9621,86,98,-12,12
9622,88,81,7,7
9623,177,157,20,20
9624,67,65,2,2
9625,73,74,-1,1
9626,105,103,2,2
9627,115,114,1,1
9628,141,140,1,1
9629,75,76,-1,1
9630,58,62,-4,4
9631,86,86,0,0
9632,137,129,8,8
9633,113,118,-5,5
9634,92,87,5,5
9635,83,90,-7,7
9636,103,116,-13,13
9637,145,129,16,16
9638,84,82,2,2
9639,123,130,-7,7
9640,104,101,3,3
9641,61,64,-3,3
9642,79,91,-12,12
9643,90,114,-24,24
9644,115,119,-4,4
9645,138,148,-10,10
9646,80,81,-1,1
9647,92,100,-8,8
9648,126,124,2,2
9649,62,55,7,7
9650,81,83,-2,2
9651,88,86,2,2
9652,90,94,-4,4
9653,70,72,-2,2
9654,113,109,4,4
9655,81,83,-2,2
9656,70,80,-10,10
9657,87,84,3,3
9658,62,71,-9,9
9659,54,59,-5,5
9660,85,87,-2,2
9661,76,75,1,1
9662,44,45,-1,1
9663,106,99,7,7
9664,116,114,2,2
9665,114,123,-9,9
9666,156,153,3,3
9667,127,117,10,10
9668,61,63,-2,2
9669,57,56,1,1
9670,128,127,1,1
9671,90,80,10,10
9672,113,112,1,1
9673,81,76,5,5
9674,48,58,-10,10
9675,47,52,-5,5
9676,139,129,10,10
9677,154,150,4,4
9678,104,113,-9,9
9679,97,99,-2,2
9680,123,123,0,0
9681,68,60,8,8
9682,94,99,-5,5
9683,77,86,-9,9
9684,45,44,1,1
9685,78,79,-1,1
9686,75,80,-5,5
9687,79,77,2,2
9688,175,177,-2,2
9689,117,112,5,5
9690,108,105,3,3
9691,106,114,-8,8
9692,82,72,10,10
9693,112,105,7,7
9694,74,77,-3,3
9695,117,120,-3,3
9696,94,99,-5,5
9697,226,210,16,16
9698,120,108,12,12
9699,40,44,-4,4
9700,40,105,-65,65
9701,119,123,-4,4
9702,51,58,-7,7
9703,61,62,-1,1
9704,119,116,3,3
9705,97,85,12,12
9706,70,77,-7,7
9707,101,92,9,9
9708,160,153,7,7
9709,88,83,5,5
9710,41,53,-12,12
9711,86,86,0,0
9712,76,81,-5,5
9713,66,74,-8,8
9714,110,113,-3,3
9715,120,117,3,3
9716,97,101,-4,4
9717,89,100,-11,11
9718,117,116,1,1
9719,59,68,-9,9
9720,145,142,3,3
9721,84,79,5,5
9722,78,87,-9,9
9723,65,65,0,0
9724,62,66,-4,4
9725,114,116,-2,2
9726,76,82,-6,6
9727,51,56,-5,5
9728,131,146,-15,15
9729,162,170,-8,8
9730,90,101,-11,11
9731,95,101,-6,6
9732,49,61,-12,12
9733,81,85,-4,4
9734,103,103,0,0
9735,136,140,-4,4
9736,116,113,3,3
9737,74,73,1,1
9738,54,65,-11,11
9739,110,114,-4,4
9740,113,98,15,15
9741,142,117,25,25
9742,130,110,20,20
9743,156,147,9,9
9744,186,188,-2,2
9745,70,70,0,0
9746,115,107,8,8
9747,149,131,18,18
9748,135,125,10,10
9749,72,70,2,2
9750,143,140,3,3
9751,190,177,13,13
9752,117,127,-10,10
9753,124,111,13,13
9754,78,87,-9,9
9755,90,95,-5,5
9756,49,49,0,0
9757,52,61,-9,9
9758,48,53,-5,5
9759,69,74,-5,5
9760,69,75,-6,6
9761,40,50,-10,10
9762,89,93,-4,4
9763,85,84,1,1
9764,104,111,-7,7
9765,130,121,9,9
9766,110,90,20,20
9767,136,129,7,7
9768,91,82,9,9
9769,83,88,-5,5
9770,50,52,-2,2
9771,104,109,-5,5
9772,83,78,5,5
9773,114,115,-1,1
9774,119,133,-14,14
9775,88,83,5,5
9776,68,91,-23,23
9777,84,105,-21,21
9778,93,75,18,18
9779,56,57,-1,1
9780,66,71,-5,5
9781,60,58,2,2
9782,58,63,-5,5
9783,142,138,4,4
9784,197,179,18,18
9785,53,56,-3,3
9786,86,105,-19,19
9787,85,85,0,0
9788,153,137,16,16
9789,58,63,-5,5
9790,78,81,-3,3
9791,159,151,8,8
9792,129,128,1,1
9793,115,115,0,0
9794,64,63,1,1
9795,142,141,1,1
9796,83,81,2,2
9797,171,177,-6,6
9798,137,146,-9,9
9799,107,109,-2,2
9800,101,89,12,12
9801,75,68,7,7
9802,103,101,2,2
9803,80,81,-1,1
9804,51,55,-4,4
9805,92,85,7,7
9806,88,85,3,3
9807,96,101,-5,5
9808,140,128,12,12
9809,107,110,-3,3
9810,59,62,-3,3
9811,128,116,12,12
9812,80,79,1,1
9813,40,43,-3,3
9814,139,138,1,1
9815,79,73,6,6
9816,89,92,-3,3
9817,127,128,-1,1
9818,132,122,10,10
9819,104,110,-6,6
9820,100,92,8,8
9821,76,80,-4,4
9822,182,151,31,31
9823,43,48,-5,5
9824,56,59,-3,3
9825,140,133,7,7
9826,98,104,-6,6
9827,66,78,-12,12
9828,52,45,7,7
9829,100,100,0,0
9830,131,118,13,13
9831,47,55,-8,8
9832,57,57,0,0
9833,58,64,-6,6
9834,100,100,0,0
9835,143,150,-7,7
9836,81,76,5,5
9837,130,108,22,22
9838,63,71,-8,8
9839,84,104,-20,20
9840,86,87,-1,1
9841,118,118,0,0
9842,109,103,6,6
9843,176,179,-3,3
9844,68,71,-3,3
9845,102,107,-5,5
9846,65,65,0,0
9847,88,92,-4,4
9848,127,119,8,8
9849,56,58,-2,2
9850,104,107,-3,3
9851,105,91,14,14
9852,84,84,0,0
9853,27,66,-39,39
9854,95,100,-5,5
9855,77,79,-2,2
9856,192,192,0,0
9857,78,70,8,8
9858,122,125,-3,3
9859,80,85,-5,5
9860,94,81,13,13
9861,126,121,5,5
9862,44,49,-5,5
9863,73,79,-6,6
9864,104,84,20,20
9865,71,66,5,5
9866,65,78,-13,13
9867,96,80,16,16
9868,116,101,15,15
9869,103,109,-6,6
9870,129,129,0,0
9871,143,139,4,4
9872,100,119,-19,19
9873,133,124,9,9
9874,64,66,-2,2
9875,121,119,2,2
9876,61,65,-4,4
9877,55,62,-7,7
9878,49,46,3,3
9879,86,84,2,2
9880,85,82,3,3
9881,61,59,2,2
9882,128,136,-8,8
9883,91,76,15,15
9884,99,84,15,15
9885,92,88,4,4
9886,179,173,6,6
9887,114,104,10,10
9888,66,62,4,4
9889,78,86,-8,8
9890,69,72,-3,3
9891,121,116,5,5
9892,85,72,13,13
9893,110,126,-16,16
9894,92,99,-7,7
9895,117,109,8,8
9896,174,166,8,8
9897,135,134,1,1
9898,64,62,2,2
9899,75,75,0,0
9900,97,107,-10,10
9901,120,126,-6,6
9902,102,102,0,0
9903,91,88,3,3
9904,70,77,-7,7
9905,64,74,-10,10
9906,49,51,-2,2
9907,94,104,-10,10
9908,71,80,-9,9
9909,136,161,-25,25
9910,68,70,-2,2
9911,122,123,-1,1
9912,73,71,2,2
9913,114,117,-3,3
9914,98,100,-2,2
9915,104,104,0,0
9916,103,102,1,1
9917,108,104,4,4
9918,127,123,4,4
9919,130,135,-5,5
9920,95,99,-4,4
9921,89,81,8,8
9922,73,76,-3,3
9923,157,141,16,16
9924,103,101,2,2
9925,105,104,1,1
9926,112,104,8,8
9927,109,104,5,5
9928,79,74,5,5
9929,92,112,-20,20
9930,72,68,4,4
9931,48,55,-7,7
9932,98,93,5,5
9933,111,115,-4,4
9934,119,114,5,5
9935,139,123,16,16
9936,55,69,-14,14
9937,107,114,-7,7
9938,135,146,-11,11
9939,102,101,1,1
9940,88,92,-4,4
9941,105,116,-11,11
9942,136,123,13,13
9943,82,86,-4,4
9944,67,68,-1,1
9945,123,120,3,3
9946,120,120,0,0
9947,94,105,-11,11
9948,51,50,1,1
9949,95,87,8,8
9950,92,95,-3,3
9951,154,136,18,18
9952,76,80,-4,4
9953,59,57,2,2
9954,153,142,11,11
9955,66,75,-9,9
9956,96,104,-8,8
9957,131,127,4,4
9958,81,78,3,3
9959,80,83,-3,3
9960,59,63,-4,4
9961,72,79,-7,7
9962,148,142,6,6
9963,123,134,-11,11
9964,72,70,2,2
9965,59,63,-4,4
9966,145,143,2,2
9967,95,99,-4,4
9968,125,126,-1,1
9969,79,80,-1,1
9970,79,82,-3,3
9971,68,72,-4,4
9972,135,138,-3,3
9973,96,99,-3,3
9974,64,64,0,0
9975,62,58,4,4
9976,102,103,-1,1
9977,141,134,7,7
9978,82,74,8,8
9979,84,73,11,11
9980,85,88,-3,3
9981,77,79,-2,2
9982,107,102,5,5
9983,94,96,-2,2
9984,84,75,9,9
9985,90,88,2,2
9986,127,127,0,0
9987,94,94,0,0
9988,142,163,-21,21
9989,88,97,-9,9
9990,104,100,4,4
9991,66,71,-5,5
9992,48,49,-1,1
9993,76,73,3,3
9994,105,109,-4,4
9995,62,57,5,5
9996,82,84,-2,2
9997,123,126,-3,3
9998,88,98,-10,10
9999,68,67,1,1
10000,171,158,13,13
10001,134,128,6,6
10002,81,77,4,4
10003,66,71,-5,5
10004,49,51,-2,2
10005,92,98,-6,6
10006,121,119,2,2
10007,133,127,6,6
10008,147,138,9,9
10009,81,82,-1,1
10010,69,76,-7,7
10011,83,87,-4,4
10012,88,87,1,1
10013,59,54,5,5
10014,91,99,-8,8
10015,153,159,-6,6
10016,114,110,4,4
10017,77,85,-8,8
10018,85,71,14,14
10019,80,76,4,4
10020,74,76,-2,2
10021,169,159,10,10
10022,108,110,-2,2
10023,121,126,-5,5
10024,83,88,-5,5
10025,56,55,1,1
10026,74,76,-2,2
10027,53,62,-9,9
10028,80,87,-7,7
10029,79,82,-3,3
10030,117,117,0,0
10031,174,165,9,9
10032,77,73,4,4
10033,114,100,14,14
10034,79,81,-2,2
10035,158,152,6,6
10036,80,80,0,0
10037,90,119,-29,29
10038,111,107,4,4
10039,155,143,12,12
10040,55,60,-5,5
10041,74,75,-1,1
10042,62,69,-7,7
10043,138,139,-1,1
10044,143,154,-11,11
10045,113,119,-6,6
10046,100,108,-8,8
10047,115,100,15,15
10048,49,52,-3,3
10049,139,144,-5,5
10050,114,120,-6,6
10051,125,130,-5,5
10052,61,64,-3,3
10053,136,132,4,4
10054,77,73,4,4
10055,211,189,22,22
10056,66,62,4,4
10057,111,108,3,3
10058,122,128,-6,6
10059,139,135,4,4
10060,121,112,9,9
10061,108,118,-10,10
10062,85,95,-10,10
10063,110,110,0,0
10064,62,73,-11,11
10065,107,104,3,3
10066,49,49,0,0
10067,82,79,3,3
10068,92,91,1,1
10069,59,63,-4,4
10070,56,60,-4,4
10071,105,101,4,4
10072,61,70,-9,9
10073,95,104,-9,9
10074,56,63,-7,7
10075,148,150,-2,2
10076,123,129,-6,6
10077,111,119,-8,8
10078,75,74,1,1
10079,139,151,-12,12
10080,68,73,-5,5
10081,90,84,6,6
10082,150,157,-7,7
10083,133,116,17,17
10084,49,54,-5,5
10085,62,66,-4,4
10086,111,105,6,6
10087,117,118,-1,1
10088,151,150,1,1
10089,100,99,1,1
10090,42,52,-10,10
10091,78,76,2,2
10092,48,52,-4,4
10093,118,109,9,9
10094,70,66,4,4
10095,117,133,-16,16
10096,61,80,-19,19
10097,94,105,-11,11
10098,78,80,-2,2
10099,170,162,8,8
10100,68,69,-1,1
10101,78,72,6,6
10102,47,52,-5,5
10103,130,112,18,18
10104,80,74,6,6
10105,70,78,-8,8
10106,49,56,-7,7
10107,117,113,4,4
10108,86,88,-2,2
10109,82,78,4,4
10110,54,55,-1,1
10111,160,155,5,5
10112,78,91,-13,13
10113,82,82,0,0
10114,59,55,4,4
10115,115,112,3,3
10116,86,89,-3,3
10117,119,109,10,10
10118,116,120,-4,4
10119,90,100,-10,10
10120,75,80,-5,5
10121,81,80,1,1
10122,87,90,-3,3
10123,108,106,2,2
10124,50,57,-7,7
10125,53,58,-5,5
10126,130,143,-13,13
10127,125,112,13,13
10128,118,116,2,2
10129,112,111,1,1
10130,62,73,-11,11
10131,105,107,-2,2
10132,90,100,-10,10
10133,143,145,-2,2
10134,58,60,-2,2
10135,64,69,-5,5
10136,108,102,6,6
10137,98,85,13,13
10138,136,130,6,6
10139,101,117,-16,16
10140,85,92,-7,7
10141,92,99,-7,7
10142,144,136,8,8
10143,80,82,-2,2
10144,110,100,10,10
10145,66,64,2,2
10146,73,71,2,2
10147,59,59,0,0
10148,88,94,-6,6
10149,74,82,-8,8
10150,61,66,-5,5
10151,125,117,8,8
10152,55,56,-1,1
10153,115,114,1,1
10154,58,67,-9,9
10155,76,82,-6,6
10156,137,144,-7,7
10157,81,79,2,2
10158,116,117,-1,1
10159,81,77,4,4
10160,94,89,5,5
10161,78,92,-14,14
10162,80,77,3,3
10163,99,99,0,0
10164,118,116,2,2
10165,137,129,8,8
10166,98,105,-7,7
10167,71,71,0,0
10168,83,83,0,0
10169,132,144,-12,12
10170,69,71,-2,2
10171,119,119,0,0
10172,101,111,-10,10
10173,92,99,-7,7
10174,74,72,2,2
10175,95,100,-5,5
10176,67,71,-4,4
10177,50,54,-4,4
10178,106,102,4,4
10179,102,99,3,3
10180,359,272,87,87
10181,58,61,-3,3
10182,94,92,2,2
10183,90,82,8,8
10184,88,83,5,5
10185,105,99,6,6
10186,75,77,-2,2
10187,89,88,1,1
10188,86,82,4,4
10189,133,130,3,3
10190,35,47,-12,12
10191,88,79,9,9
10192,177,162,15,15
10193,100,100,0,0
10194,65,63,2,2
10195,104,104,0,0
10196,67,63,4,4
10197,86,84,2,2
10198,123,117,6,6
10199,108,102,6,6
10200,84,81,3,3
10201,54,66,-12,12
10202,95,98,-3,3
10203,86,84,2,2
10204,70,83,-13,13
10205,84,80,4,4
10206,107,106,1,1
10207,45,50,-5,5
10208,85,89,-4,4
10209,79,77,2,2
10210,125,127,-2,2
10211,92,89,3,3
10212,74,77,-3,3
10213,139,144,-5,5
10214,84,80,4,4
10215,103,117,-14,14
10216,60,74,-14,14
10217,78,85,-7,7
10218,69,47,22,22
10219,131,133,-2,2
10220,102,100,2,2
10221,69,72,-3,3
10222,58,65,-7,7
10223,43,51,-8,8
10224,29,39,-10,10
10225,86,88,-2,2
10226,114,115,-1,1
10227,38,49,-11,11
10228,113,125,-12,12
10229,74,85,-11,11
10230,67,69,-2,2
10231,221,215,6,6
10232,103,106,-3,3
10233,224,207,17,17
10234,82,102,-20,20
10235,104,101,3,3
10236,115,106,9,9
10237,70,84,-14,14
10238,92,92,0,0
10239,118,118,0,0
10240,159,141,18,18
10241,124,111,13,13
10242,165,141,24,24
10243,118,124,-6,6
10244,79,76,3,3
10245,113,108,5,5
10246,61,68,-7,7
10247,112,111,1,1
10248,68,68,0,0
10249,71,79,-8,8
10250,127,122,5,5
10251,82,81,1,1
10252,63,63,0,0
10253,189,198,-9,9
10254,73,78,-5,5
10255,76,71,5,5
10256,99,108,-9,9
10257,131,132,-1,1
10258,88,90,-2,2
10259,61,67,-6,6
10260,135,129,6,6
10261,52,59,-7,7
10262,114,115,-1,1
10263,82,83,-1,1
10264,106,107,-1,1
10265,102,114,-12,12
10266,105,117,-12,12
10267,77,84,-7,7
10268,66,64,2,2
10269,129,120,9,9
10270,73,75,-2,2
10271,77,79,-2,2
10272,70,70,0,0
10273,40,45,-5,5
10274,55,66,-11,11
10275,130,135,-5,5
10276,168,158,10,10
10277,76,67,9,9
10278,136,133,3,3
10279,104,113,-9,9
10280,52,59,-7,7
10281,151,145,6,6
10282,74,77,-3,3
10283,60,69,-9,9
10284,90,85,5,5
10285,81,79,2,2
10286,118,118,0,0
10287,96,101,-5,5
10288,96,89,7,7
10289,151,154,-3,3
10290,125,120,5,5
10291,73,71,2,2
10292,107,106,1,1
10293,113,118,-5,5
10294,118,126,-8,8
10295,71,81,-10,10
10296,68,70,-2,2
10297,65,71,-6,6
10298,48,55,-7,7
10299,73,78,-5,5
10300,86,108,-22,22
10301,45,47,-2,2
10302,87,86,1,1
10303,113,110,3,3
10304,137,136,1,1
10305,114,116,-2,2
10306,61,64,-3,3
10307,106,96,10,10
10308,128,130,-2,2
10309,111,115,-4,4
10310,100,100,0,0
10311,100,94,6,6
10312,133,142,-9,9
10313,96,99,-3,3
10314,133,136,-3,3
10315,130,129,1,1
10316,78,84,-6,6
10317,130,115,15,15
10318,110,121,-11,11
10319,75,84,-9,9
10320,144,144,0,0
10321,81,88,-7,7
10322,63,71,-8,8
10323,122,124,-2,2
10324,119,128,-9,9
10325,99,101,-2,2
10326,111,111,0,0
10327,143,126,17,17
10328,104,120,-16,16
10329,93,87,6,6
10330,72,82,-10,10
10331,79,83,-4,4
10332,128,131,-3,3
10333,99,99,0,0
10334,76,83,-7,7
10335,100,105,-5,5
10336,70,70,0,0
10337,148,151,-3,3
10338,68,68,0,0
10339,100,113,-13,13
10340,74,89,-15,15
10341,86,81,5,5
10342,93,85,8,8
10343,138,121,17,17
10344,149,162,-13,13
10345,65,61,4,4
10346,89,96,-7,7
10347,117,86,31,31
10348,98,89,9,9
10349,127,127,0,0
10350,106,100,6,6
10351,68,64,4,4
10352,160,139,21,21
10353,83,90,-7,7
10354,129,117,12,12
10355,117,106,11,11
10356,74,82,-8,8
10357,101,100,1,1
10358,113,115,-2,2
10359,121,114,7,7
10360,122,128,-6,6
10361,117,116,1,1
10362,131,135,-4,4
10363,68,63,5,5
10364,86,95,-9,9
10365,97,90,7,7
10366,125,123,2,2
10367,65,72,-7,7
10368,49,49,0,0
10369,81,82,-1,1
10370,103,108,-5,5
10371,110,104,6,6
10372,86,97,-11,11
10373,103,103,0,0
10374,103,109,-6,6
10375,59,61,-2,2
10376,119,111,8,8
10377,40,38,2,2
10378,102,105,-3,3
10379,120,112,8,8
10380,103,107,-4,4
10381,101,102,-1,1
10382,106,107,-1,1
10383,110,112,-2,2
10384,82,79,3,3
10385,88,81,7,7
10386,174,175,-1,1
10387,99,90,9,9
10388,66,68,-2,2
10389,105,111,-6,6
10390,59,60,-1,1
10391,128,115,13,13
10392,53,66,-13,13
10393,123,129,-6,6
10394,88,90,-2,2
10395,80,81,-1,1
10396,72,84,-12,12
10397,73,78,-5,5
10398,60,64,-4,4
10399,88,86,2,2
10400,82,81,1,1
10401,156,146,10,10
10402,163,144,19,19
10403,73,72,1,1
10404,105,98,7,7
10405,137,126,11,11
10406,74,79,-5,5
10407,85,79,6,6
10408,71,78,-7,7
10409,56,66,-10,10
10410,95,89,6,6
10411,48,49,-1,1
10412,113,118,-5,5
10413,96,98,-2,2
10414,111,113,-2,2
10415,80,115,-35,35
10416,44,46,-2,2
10417,73,71,2,2
10418,132,115,17,17
10419,100,89,11,11
10420,126,121,5,5
10421,77,86,-9,9
10422,81,91,-10,10
10423,68,63,5,5
10424,73,90,-17,17
10425,100,101,-1,1
10426,98,87,11,11
10427,60,61,-1,1
10428,110,111,-1,1
10429,102,102,0,0
10430,75,74,1,1
10431,138,142,-4,4
10432,81,76,5,5
10433,108,117,-9,9
10434,148,135,13,13
10435,59,58,1,1
10436,88,97,-9,9
10437,104,87,17,17
10438,72,68,4,4
10439,82,84,-2,2
10440,93,93,0,0
10441,93,88,5,5
10442,160,156,4,4
10443,129,130,-1,1
10444,113,119,-6,6
10445,116,101,15,15
10446,119,117,2,2
10447,86,85,1,1
10448,44,40,4,4
10449,76,70,6,6
10450,61,65,-4,4
10451,80,89,-9,9
10452,99,96,3,3
10453,87,103,-16,16
10454,117,114,3,3
10455,50,71,-21,21
10456,150,140,10,10
10457,123,116,7,7
10458,100,78,22,22
10459,147,141,6,6
10460,185,188,-3,3
10461,59,62,-3,3
10462,81,75,6,6
10463,61,76,-15,15
10464,126,122,4,4
10465,82,84,-2,2
10466,100,99,1,1
10467,81,77,4,4
10468,39,44,-5,5
10469,77,72,5,5
10470,51,57,-6,6
10471,98,109,-11,11
10472,133,146,-13,13
10473,80,80,0,0
10474,151,135,16,16
10475,88,78,10,10
10476,55,53,2,2
10477,72,80,-8,8
10478,75,85,-10,10
10479,77,70,7,7
10480,81,73,8,8
10481,144,142,2,2
10482,121,104,17,17
10483,57,58,-1,1
10484,69,73,-4,4
10485,99,103,-4,4
10486,64,73,-9,9
10487,130,115,15,15
10488,106,111,-5,5
10489,72,74,-2,2
10490,67,73,-6,6
10491,68,69,-1,1
10492,79,84,-5,5
10493,81,84,-3,3
10494,69,72,-3,3
10495,67,67,0,0
10496,73,75,-2,2
10497,39,48,-9,9
10498,112,127,-15,15
10499,71,75,-4,4
10500,132,123,9,9
10501,133,137,-4,4
10502,95,97,-2,2
10503,112,106,6,6
10504,112,103,9,9
10505,99,114,-15,15
10506,71,80,-9,9
10507,127,142,-15,15
10508,89,99,-10,10
10509,87,83,4,4
10510,124,115,9,9
10511,66,71,-5,5
10512,92,101,-9,9
10513,80,77,3,3
10514,94,99,-5,5
10515,146,151,-5,5
10516,139,141,-2,2
10517,136,130,6,6
10518,63,63,0,0
10519,54,60,-6,6
10520,171,161,10,10
10521,91,85,6,6
10522,170,153,17,17
10523,147,137,10,10
10524,70,72,-2,2
10525,140,144,-4,4
10526,117,119,-2,2
10527,72,72,0,0
10528,132,127,5,5
10529,63,66,-3,3
10530,102,109,-7,7
10531,81,87,-6,6
10532,90,88,2,2
10533,87,91,-4,4
10534,127,122,5,5
10535,56,56,0,0
10536,44,44,0,0
10537,122,119,3,3
10538,111,112,-1,1
10539,66,72,-6,6
10540,110,118,-8,8
10541,101,104,-3,3
10542,119,122,-3,3
10543,75,82,-7,7
10544,65,67,-2,2
10545,55,61,-6,6
10546,76,86,-10,10
10547,70,74,-4,4
10548,157,188,-31,31
10549,27,42,-15,15
10550,83,80,3,3
10551,125,120,5,5
10552,95,105,-10,10
10553,86,79,7,7
10554,116,121,-5,5
10555,66,67,-1,1
10556,144,164,-20,20
10557,96,105,-9,9
10558,94,99,-5,5
10559,37,45,-8,8
10560,195,181,14,14
10561,108,113,-5,5
10562,130,133,-3,3
10563,78,82,-4,4
10564,57,65,-8,8
10565,72,68,4,4
10566,57,70,-13,13
10567,90,105,-15,15
10568,67,60,7,7
10569,157,158,-1,1
10570,57,66,-9,9
10571,94,97,-3,3
10572,69,77,-8,8
10573,86,85,1,1
10574,58,61,-3,3
10575,105,103,2,2
10576,74,74,0,0
10577,116,118,-2,2
10578,78,75,3,3
10579,115,113,2,2
10580,64,67,-3,3
10581,127,118,9,9
10582,77,78,-1,1
10583,99,90,9,9
10584,68,75,-7,7
10585,101,113,-12,12
10586,88,83,5,5
10587,121,121,0,0
10588,100,101,-1,1
10589,87,71,16,16
10590,80,75,5,5
10591,43,51,-8,8
10592,103,112,-9,9
10593,149,137,12,12
10594,67,76,-9,9
10595,110,114,-4,4
10596,127,114,13,13
10597,55,60,-5,5
10598,133,129,4,4
10599,82,85,-3,3
10600,45,46,-1,1
10601,59,60,-1,1
10602,120,118,2,2
10603,103,111,-8,8
10604,145,144,1,1
10605,119,124,-5,5
10606,75,84,-9,9
10607,74,70,4,4
10608,109,116,-7,7
10609,148,144,4,4
10610,80,81,-1,1
10611,68,68,0,0
10612,116,121,-5,5
10613,114,107,7,7
10614,100,105,-5,5
10615,72,74,-2,2
10616,119,135,-16,16
10617,96,88,8,8
10618,58,65,-7,7
10619,132,141,-9,9
10620,169,169,0,0
10621,70,71,-1,1
10622,90,84,6,6
10623,93,89,4,4
10624,107,128,-21,21
10625,124,116,8,8
10626,43,46,-3,3
10627,102,102,0,0
10628,107,108,-1,1
10629,61,67,-6,6
10630,62,63,-1,1
10631,72,69,3,3
10632,129,123,6,6
10633,74,75,-1,1
10634,81,74,7,7
10635,107,101,6,6
10636,79,76,3,3
10637,43,42,1,1
10638,72,77,-5,5
10639,102,88,14,14
10640,93,87,6,6
10641,90,87,3,3
10642,66,60,6,6
10643,125,119,6,6
10644,73,73,0,0
10645,78,73,5,5
10646,49,56,-7,7
10647,81,75,6,6
10648,74,81,-7,7
10649,78,76,2,2
10650,82,82,0,0
10651,92,113,-21,21
10652,110,89,21,21
10653,96,98,-2,2
10654,83,89,-6,6
10655,143,144,-1,1
10656,88,79,9,9
10657,111,111,0,0
10658,54,55,-1,1
10659,66,71,-5,5
10660,68,82,-14,14
10661,57,65,-8,8
10662,169,147,22,22
10663,63,73,-10,10
10664,131,144,-13,13
10665,102,102,0,0
10666,47,49,-2,2
10667,58,64,-6,6
10668,127,123,4,4
10669,100,97,3,3
10670,109,116,-7,7
10671,109,106,3,3
10672,92,91,1,1
10673,93,92,1,1
10674,64,66,-2,2
10675,95,100,-5,5
10676,97,92,5,5
10677,87,91,-4,4
10678,65,73,-8,8
10679,84,85,-1,1
10680,140,122,18,18
10681,88,86,2,2
10682,56,54,2,2
10683,131,129,2,2
10684,107,105,2,2
10685,93,86,7,7
10686,125,120,5,5
10687,204,188,16,16
10688,128,121,7,7
10689,80,78,2,2
10690,161,180,-19,19
10691,114,113,1,1
10692,96,79,17,17
10693,79,82,-3,3
10694,60,61,-1,1
10695,176,166,10,10
10696,41,46,-5,5
10697,50,56,-6,6
10698,45,44,1,1
10699,168,143,25,25
10700,65,65,0,0
10701,57,52,5,5
10702,98,100,-2,2
10703,77,77,0,0
10704,84,80,4,4
10705,76,83,-7,7
10706,75,86,-11,11
10707,93,97,-4,4
10708,71,106,-35,35
10709,87,83,4,4
10710,65,68,-3,3
10711,130,121,9,9
10712,74,65,9,9
10713,34,39,-5,5
10714,129,112,17,17
10715,114,122,-8,8
10716,70,68,2,2
10717,50,61,-11,11
10718,93,85,8,8
10719,55,54,1,1
10720,94,81,13,13
10721,46,42,4,4
10722,50,50,0,0
10723,104,96,8,8
10724,118,117,1,1
10725,102,100,2,2
10726,84,84,0,0
10727,165,173,-8,8
10728,97,100,-3,3
10729,92,93,-1,1
10730,89,76,13,13
10731,76,77,-1,1
10732,75,97,-22,22
10733,142,142,0,0
10734,96,101,-5,5
10735,145,147,-2,2
10736,87,89,-2,2
10737,64,64,0,0
10738,48,60,-12,12
10739,94,91,3,3
10740,69,65,4,4
10741,66,61,5,5
10742,131,123,8,8
10743,98,98,0,0
10744,94,101,-7,7
10745,65,68,-3,3
10746,89,92,-3,3
10747,128,121,7,7
10748,144,142,2,2
10749,53,61,-8,8
10750,108,114,-6,6
10751,29,42,-13,13
10752,58,58,0,0
10753,94,107,-13,13
10754,74,72,2,2
10755,133,129,4,4
10756,75,75,0,0
10757,87,79,8,8
10758,133,132,1,1
10759,74,69,5,5
10760,80,80,0,0
10761,52,57,-5,5
10762,116,117,-1,1
10763,158,154,4,4
10764,224,210,14,14
10765,97,102,-5,5
10766,128,122,6,6
10767,102,102,0,0
10768,114,107,7,7
10769,41,45,-4,4
10770,86,88,-2,2
10771,42,50,-8,8
10772,111,108,3,3
10773,142,143,-1,1
10774,68,73,-5,5
10775,65,69,-4,4
10776,116,120,-4,4
10777,91,84,7,7
10778,157,157,0,0
10779,140,137,3,3
10780,126,118,8,8
10781,77,72,5,5
10782,86,89,-3,3
10783,102,106,-4,4
10784,95,96,-1,1
10785,64,64,0,0
10786,103,110,-7,7
10787,55,60,-5,5
10788,77,82,-5,5
10789,160,148,12,12
10790,58,62,-4,4
10791,191,187,4,4
10792,121,130,-9,9
10793,77,69,8,8
10794,161,150,11,11
10795,65,66,-1,1
10796,80,93,-13,13
10797,77,82,-5,5
10798,67,76,-9,9
10799,51,54,-3,3
10800,76,76,0,0
10801,155,141,14,14
10802,96,87,9,9
10803,65,65,0,0
10804,98,100,-2,2
10805,101,101,0,0
10806,49,46,3,3
10807,112,110,2,2
10808,81,69,12,12
10809,49,53,-4,4
10810,65,63,2,2
10811,90,86,4,4
10812,126,117,9,9
10813,48,52,-4,4
10814,120,123,-3,3
10815,55,60,-5,5
10816,75,88,-13,13
10817,83,102,-19,19
10818,135,127,8,8
10819,131,131,0,0
10820,117,126,-9,9
10821,88,79,9,9
10822,92,93,-1,1
10823,90,102,-12,12
10824,98,105,-7,7
10825,101,98,3,3
10826,138,139,-1,1
10827,84,88,-4,4
10828,104,110,-6,6
10829,98,116,-18,18
10830,87,92,-5,5
10831,102,109,-7,7
10832,81,85,-4,4
10833,75,78,-3,3
10834,145,137,8,8
10835,114,114,0,0
10836,63,66,-3,3
10837,51,57,-6,6
10838,109,112,-3,3
10839,69,69,0,0
10840,87,100,-13,13
10841,72,67,5,5
10842,114,118,-4,4
10843,96,84,12,12
10844,140,150,-10,10
10845,171,164,7,7
10846,97,100,-3,3
10847,77,77,0,0
10848,125,102,23,23
10849,75,73,2,2
10850,98,105,-7,7
10851,118,120,-2,2
10852,120,114,6,6
10853,69,69,0,0
10854,57,55,2,2
10855,129,120,9,9
10856,127,126,1,1
10857,81,84,-3,3
10858,102,105,-3,3
10859,154,144,10,10
10860,116,113,3,3
10861,47,50,-3,3
10862,124,119,5,5
10863,124,116,8,8
10864,138,128,10,10
10865,82,84,-2,2
10866,120,114,6,6
10867,114,110,4,4
10868,90,90,0,0
10869,88,81,7,7
10870,53,59,-6,6
10871,84,80,4,4
10872,80,81,-1,1
10873,147,141,6,6
10874,79,86,-7,7
10875,115,110,5,5
10876,80,79,1,1
10877,117,116,1,1
10878,123,119,4,4
10879,54,58,-4,4
10880,93,93,0,0
10881,145,143,2,2
10882,128,133,-5,5
10883,73,75,-2,2
10884,51,50,1,1
10885,65,66,-1,1
10886,102,113,-11,11
10887,95,103,-8,8
10888,58,62,-4,4
10889,49,61,-12,12
10890,113,111,2,2
10891,121,129,-8,8
10892,148,146,2,2
10893,139,144,-5,5
10894,96,111,-15,15
10895,143,136,7,7
10896,92,100,-8,8
10897,78,78,0,0
10898,11,32,-21,21
10899,66,72,-6,6
10900,79,78,1,1
10901,70,70,0,0
10902,67,73,-6,6
10903,77,78,-1,1
10904,144,142,2,2
10905,84,87,-3,3
10906,50,49,1,1
10907,79,71,8,8
10908,90,102,-12,12
10909,62,56,6,6
10910,134,145,-11,11
10911,110,96,14,14
10912,78,105,-27,27
10913,142,128,14,14
10914,79,85,-6,6
10915,143,137,6,6
10916,80,86,-6,6
10917,37,40,-3,3
10918,70,68,2,2
10919,96,104,-8,8
10920,135,142,-7,7
10921,76,76,0,0
10922,181,171,10,10
10923,105,114,-9,9
10924,49,53,-4,4
10925,65,75,-10,10
10926,139,130,9,9
10927,38,43,-5,5
10928,83,92,-9,9
10929,56,58,-2,2
10930,120,108,12,12
10931,109,115,-6,6
10932,160,154,6,6
10933,117,124,-7,7
10934,92,103,-11,11
10935,99,101,-2,2
10936,114,115,-1,1
10937,70,65,5,5
10938,93,104,-11,11
10939,112,106,6,6
10940,118,112,6,6
10941,72,66,6,6
10942,51,58,-7,7
10943,119,105,14,14
10944,85,83,2,2
10945,101,116,-15,15
10946,78,84,-6,6
10947,75,73,2,2
10948,69,81,-12,12
10949,120,117,3,3
10950,72,72,0,0
10951,64,78,-14,14
10952,80,79,1,1
10953,80,87,-7,7
10954,75,74,1,1
10955,76,74,2,2
10956,157,145,12,12
10957,80,95,-15,15
10958,117,116,1,1
10959,103,92,11,11
10960,129,114,15,15
10961,139,137,2,2
10962,98,99,-1,1
10963,87,78,9,9
10964,165,148,17,17
10965,73,77,-4,4
10966,137,133,4,4
10967,150,159,-9,9
10968,74,83,-9,9
10969,157,148,9,9
10970,82,101,-19,19
10971,74,69,5,5
10972,37,46,-9,9
10973,95,98,-3,3
10974,104,102,2,2
10975,124,129,-5,5
10976,37,45,-8,8
10977,80,108,-28,28
10978,80,90,-10,10
10979,88,82,6,6
10980,147,124,23,23
10981,65,74,-9,9
10982,101,104,-3,3
10983,93,91,2,2
10984,71,69,2,2
10985,64,59,5,5
10986,71,76,-5,5
10987,60,68,-8,8
10988,64,77,-13,13
10989,55,59,-4,4
10990,48,75,-27,27
10991,141,131,10,10
10992,95,97,-2,2
10993,58,63,-5,5
10994,95,90,5,5
10995,71,75,-4,4
10996,89,87,2,2
10997,125,122,3,3
10998,170,180,-10,10
10999,153,153,0,0
11000,84,82,2,2
11001,137,136,1,1
11002,81,76,5,5
11003,77,97,-20,20
11004,75,81,-6,6
11005,110,111,-1,1
11006,53,53,0,0
11007,92,87,5,5
11008,105,120,-15,15
11009,55,62,-7,7
11010,85,103,-18,18
11011,141,125,16,16
11012,126,133,-7,7
11013,82,82,0,0
11014,124,120,4,4
11015,76,93,-17,17
11016,126,110,16,16
11017,56,59,-3,3
11018,65,66,-1,1
11019,91,99,-8,8
11020,65,72,-7,7
11021,84,88,-4,4
11022,95,99,-4,4
11023,109,101,8,8
11024,74,67,7,7
11025,60,59,1,1
11026,65,63,2,2
11027,77,79,-2,2
11028,79,79,0,0
11029,65,65,0,0
11030,110,112,-2,2
11031,116,126,-10,10
11032,67,69,-2,2
11033,83,84,-1,1
11034,120,114,6,6
11035,157,133,24,24
11036,123,121,2,2
11037,80,80,0,0
11038,99,107,-8,8
11039,88,80,8,8
11040,67,79,-12,12
11041,134,131,3,3
11042,76,73,3,3
11043,96,106,-10,10
11044,83,87,-4,4
11045,57,60,-3,3
11046,93,92,1,1
11047,60,62,-2,2
11048,85,84,1,1
11049,62,74,-12,12
11050,110,113,-3,3
11051,108,112,-4,4
11052,66,66,0,0
11053,67,82,-15,15
11054,71,65,6,6
11055,79,77,2,2
11056,145,149,-4,4
11057,62,73,-11,11
11058,60,70,-10,10
11059,126,129,-3,3
11060,120,124,-4,4
11061,67,70,-3,3
11062,96,99,-3,3
11063,54,53,1,1
11064,66,62,4,4
11065,101,102,-1,1
11066,83,78,5,5
11067,120,112,8,8
11068,186,184,2,2
11069,72,74,-2,2
11070,91,96,-5,5
11071,158,146,12,12
11072,67,71,-4,4
11073,118,102,16,16
11074,63,60,3,3
11075,105,103,2,2
11076,124,114,10,10
11077,108,89,19,19
11078,121,110,11,11
11079,39,41,-2,2
11080,90,92,-2,2
11081,218,228,-10,10
11082,71,79,-8,8
11083,81,88,-7,7
11084,61,58,3,3
11085,86,79,7,7
11086,59,58,1,1
11087,168,176,-8,8
11088,86,98,-12,12
11089,104,112,-8,8
11090,89,95,-6,6
11091,80,78,2,2
11092,81,77,4,4
11093,87,79,8,8
11094,119,113,6,6
11095,136,128,8,8
11096,113,106,7,7
11097,68,79,-11,11
11098,86,77,9,9
11099,103,104,-1,1
11100,72,80,-8,8
11101,142,146,-4,4
11102,172,187,-15,15
11103,166,163,3,3
11104,96,111,-15,15
11105,106,113,-7,7
11106,125,120,5,5
11107,125,120,5,5
11108,75,104,-29,29
11109,94,88,6,6
11110,103,108,-5,5
11111,58,60,-2,2
11112,81,77,4,4
11113,133,116,17,17
11114,122,122,0,0
11115,99,106,-7,7
11116,67,68,-1,1
11117,126,118,8,8
11118,91,87,4,4
11119,73,77,-4,4
11120,89,98,-9,9
11121,124,142,-18,18
11122,68,59,9,9
11123,126,125,1,1
11124,76,82,-6,6
11125,167,148,19,19
11126,36,36,0,0
11127,137,134,3,3
11128,93,90,3,3
11129,115,114,1,1
11130,125,118,7,7
11131,79,78,1,1
11132,59,62,-3,3
11133,90,94,-4,4
11134,73,73,0,0
11135,74,73,1,1
11136,111,106,5,5
11137,129,125,4,4
11138,80,84,-4,4
11139,97,92,5,5
11140,83,80,3,3
11141,129,126,3,3
11142,120,120,0,0
11143,93,86,7,7
11144,95,108,-13,13
11145,101,101,0,0
11146,93,91,2,2
11147,112,128,-16,16
11148,103,108,-5,5
11149,60,65,-5,5
11150,95,111,-16,16
11151,62,59,3,3
11152,69,72,-3,3
11153,83,101,-18,18
11154,53,52,1,1
11155,98,90,8,8
11156,101,113,-12,12
11157,73,86,-13,13
11158,94,108,-14,14
11159,55,54,1,1
11160,93,113,-20,20
11161,70,72,-2,2
11162,102,110,-8,8
11163,75,71,4,4
11164,77,69,8,8
11165,96,98,-2,2
11166,93,106,-13,13
11167,78,86,-8,8
11168,155,147,8,8
11169,94,99,-5,5
11170,66,69,-3,3
11171,71,84,-13,13
11172,96,93,3,3
11173,143,143,0,0
11174,60,58,2,2
11175,79,84,-5,5
11176,93,97,-4,4
11177,126,124,2,2
11178,128,123,5,5
11179,103,97,6,6
11180,95,91,4,4
11181,86,102,-16,16
11182,95,90,5,5
11183,68,69,-1,1
11184,102,111,-9,9
11185,74,76,-2,2
11186,94,121,-27,27
11187,83,65,18,18
11188,107,105,2,2
11189,65,58,7,7
11190,66,72,-6,6
11191,113,114,-1,1
11192,164,150,14,14
11193,60,65,-5,5
11194,139,155,-16,16
11195,96,108,-12,12
11196,87,77,10,10
11197,113,111,2,2
11198,180,180,0,0
11199,106,103,3,3
11200,73,75,-2,2
11201,121,126,-5,5
11202,125,124,1,1
11203,62,65,-3,3
11204,56,55,1,1
11205,81,84,-3,3
11206,103,101,2,2
11207,107,102,5,5
11208,70,65,5,5
11209,107,103,4,4
11210,167,217,-50,50
11211,72,61,11,11
11212,123,116,7,7
11213,178,188,-10,10
11214,142,151,-9,9
11215,138,126,12,12
11216,148,139,9,9
11217,141,143,-2,2
11218,119,129,-10,10
11219,67,69,-2,2
11220,126,143,-17,17
11221,35,69,-34,34
11222,86,90,-4,4
11223,82,98,-16,16
11224,135,164,-29,29
11225,111,106,5,5
11226,145,146,-1,1
11227,99,87,12,12
11228,69,75,-6,6
11229,81,97,-16,16
11230,58,59,-1,1
11231,58,69,-11,11
11232,141,120,21,21
11233,75,80,-5,5
11234,108,114,-6,6
11235,128,138,-10,10
11236,87,101,-14,14
11237,90,96,-6,6
11238,133,134,-1,1
11239,73,71,2,2
11240,63,64,-1,1
11241,73,76,-3,3
11242,136,144,-8,8
11243,105,102,3,3
11244,60,65,-5,5
11245,102,100,2,2
11246,100,100,0,0
11247,57,62,-5,5
11248,71,71,0,0
11249,76,75,1,1
11250,58,64,-6,6
11251,204,194,10,10
11252,96,98,-2,2
11253,113,108,5,5
11254,114,98,16,16
11255,138,131,7,7
11256,79,87,-8,8
11257,142,129,13,13
11258,109,104,5,5
11259,141,141,0,0
11260,73,69,4,4
11261,89,77,12,12
11262,85,90,-5,5
11263,159,149,10,10
11264,107,105,2,2
11265,68,77,-9,9
11266,79,85,-6,6
11267,109,111,-2,2
11268,78,73,5,5
11269,61,66,-5,5
11270,102,106,-4,4
11271,140,142,-2,2
11272,156,150,6,6
11273,155,152,3,3
11274,118,110,8,8
11275,85,82,3,3
11276,162,153,9,9
11277,105,111,-6,6
11278,100,103,-3,3
11279,102,95,7,7
11280,130,121,9,9
11281,55,61,-6,6
11282,69,78,-9,9
11283,89,86,3,3
11284,39,48,-9,9
11285,139,131,8,8
11286,94,90,4,4
11287,79,72,7,7
11288,171,165,6,6
11289,139,133,6,6
11290,85,96,-11,11
11291,86,86,0,0
11292,114,109,5,5
11293,134,125,9,9
11294,51,50,1,1
11295,47,55,-8,8
11296,56,63,-7,7
11297,72,76,-4,4
11298,96,105,-9,9
11299,143,143,0,0
11300,115,99,16,16
11301,99,111,-12,12
11302,91,103,-12,12
11303,85,91,-6,6
11304,151,133,18,18
11305,42,54,-12,12
11306,125,119,6,6
11307,41,70,-29,29
11308,137,116,21,21
11309,100,98,2,2
11310,143,127,16,16
11311,174,172,2,2
11312,81,78,3,3
11313,106,108,-2,2
11314,150,138,12,12
11315,66,70,-4,4
11316,119,117,2,2
11317,133,117,16,16
11318,58,67,-9,9
11319,90,97,-7,7
11320,111,111,0,0
11321,157,143,14,14
11322,106,104,2,2
11323,121,120,1,1
11324,61,67,-6,6
11325,111,110,1,1
11326,88,89,-1,1
11327,81,85,-4,4
11328,93,94,-1,1
11329,77,78,-1,1
11330,163,142,21,21
11331,104,106,-2,2
11332,76,70,6,6
11333,52,55,-3,3
11334,87,94,-7,7
11335,104,102,2,2
11336,62,61,1,1
11337,112,115,-3,3
11338,76,83,-7,7
11339,129,130,-1,1
11340,106,117,-11,11
11341,63,67,-4,4
11342,87,89,-2,2
11343,106,108,-2,2
11344,86,75,11,11
11345,88,85,3,3
11346,89,90,-1,1
11347,71,73,-2,2
11348,116,102,14,14
11349,55,61,-6,6
11350,83,94,-11,11
11351,64,68,-4,4
11352,71,70,1,1
11353,128,120,8,8
11354,57,61,-4,4
11355,127,128,-1,1
11356,47,47,0,0
11357,94,88,6,6
11358,60,59,1,1
11359,60,70,-10,10
11360,55,64,-9,9
11361,97,104,-7,7
11362,82,85,-3,3
11363,109,108,1,1
11364,111,106,5,5
11365,61,64,-3,3
11366,70,76,-6,6
11367,79,78,1,1
11368,107,110,-3,3
11369,89,85,4,4
11370,60,60,0,0
11371,147,147,0,0
11372,83,85,-2,2
11373,104,106,-2,2
11374,134,141,-7,7
11375,88,88,0,0
11376,35,39,-4,4
11377,117,131,-14,14
11378,78,79,-1,1
11379,149,138,11,11
11380,85,85,0,0
11381,97,100,-3,3
11382,115,126,-11,11
11383,109,98,11,11
11384,81,80,1,1
11385,81,90,-9,9
11386,93,101,-8,8
11387,123,130,-7,7
11388,95,99,-4,4
11389,102,101,1,1
11390,57,56,1,1
11391,179,189,-10,10
11392,126,129,-3,3
11393,62,63,-1,1
11394,65,76,-11,11
11395,109,105,4,4
11396,74,76,-2,2
11397,113,113,0,0
11398,121,118,3,3
11399,114,115,-1,1
11400,63,65,-2,2
11401,103,107,-4,4
11402,80,75,5,5
11403,45,78,-33,33
11404,93,95,-2,2
11405,121,113,8,8
11406,166,167,-1,1
11407,63,75,-12,12
11408,66,59,7,7
11409,55,77,-22,22
11410,116,118,-2,2
11411,96,94,2,2
11412,76,76,0,0
11413,54,64,-10,10
11414,108,111,-3,3
11415,51,54,-3,3
11416,109,110,-1,1
11417,75,75,0,0
11418,86,98,-12,12
11419,82,98,-16,16
11420,36,44,-8,8
11421,64,73,-9,9
11422,119,110,9,9
11423,53,60,-7,7
11424,73,76,-3,3
11425,58,54,4,4
11426,41,47,-6,6
11427,58,65,-7,7
11428,118,118,0,0
11429,134,126,8,8
11430,75,74,1,1
11431,50,54,-4,4
11432,98,102,-4,4
11433,33,36,-3,3
11434,109,105,4,4
11435,79,86,-7,7
11436,60,60,0,0
11437,100,105,-5,5
11438,85,76,9,9
11439,75,80,-5,5
11440,82,78,4,4
11441,57,63,-6,6
11442,164,166,-2,2
11443,157,152,5,5
11444,76,70,6,6
11445,72,80,-8,8
11446,57,82,-25,25
11447,96,111,-15,15
11448,90,86,4,4
11449,100,102,-2,2
11450,129,126,3,3
11451,91,88,3,3
11452,98,99,-1,1
11453,102,102,0,0
11454,198,205,-7,7
11455,78,76,2,2
11456,60,62,-2,2
11457,173,174,-1,1
11458,98,100,-2,2
11459,72,73,-1,1
11460,90,120,-30,30
11461,170,163,7,7
11462,163,152,11,11
11463,77,81,-4,4
11464,66,72,-6,6
11465,67,61,6,6
11466,66,76,-10,10
11467,99,89,10,10
11468,86,85,1,1
11469,85,88,-3,3
11470,71,71,0,0
11471,136,128,8,8
11472,86,81,5,5
11473,60,65,-5,5
11474,119,121,-2,2
11475,132,136,-4,4
11476,114,116,-2,2
11477,66,68,-2,2
11478,147,140,7,7
11479,90,96,-6,6
11480,112,111,1,1
11481,68,64,4,4
11482,119,113,6,6
11483,121,118,3,3
11484,70,99,-29,29
11485,124,116,8,8
11486,47,52,-5,5
11487,70,81,-11,11
11488,80,76,4,4
11489,44,46,-2,2
11490,75,84,-9,9
11491,65,69,-4,4
11492,80,73,7,7
11493,95,100,-5,5
11494,124,120,4,4
11495,50,62,-12,12
11496,133,127,6,6
11497,77,77,0,0
11498,105,109,-4,4
11499,70,71,-1,1
11500,86,88,-2,2
11501,97,85,12,12
11502,80,75,5,5
11503,98,107,-9,9
11504,106,111,-5,5
11505,74,69,5,5
11506,66,71,-5,5
11507,118,120,-2,2
11508,110,103,7,7
11509,156,149,7,7
11510,67,67,0,0
11511,170,141,29,29
11512,117,107,10,10
11513,101,103,-2,2
11514,130,126,4,4
11515,93,106,-13,13
11516,105,104,1,1
11517,41,61,-20,20
11518,84,72,12,12
11519,59,61,-2,2
11520,141,136,5,5
11521,47,65,-18,18
11522,114,94,20,20
11523,137,131,6,6
11524,126,137,-11,11
11525,62,62,0,0
11526,111,112,-1,1
11527,74,77,-3,3
11528,81,79,2,2
11529,160,155,5,5
11530,102,104,-2,2
11531,91,85,6,6
11532,83,84,-1,1
11533,72,64,8,8
11534,68,74,-6,6
11535,126,116,10,10
11536,77,82,-5,5
11537,160,141,19,19
11538,106,110,-4,4
11539,81,84,-3,3
11540,170,141,29,29
11541,131,125,6,6
11542,50,63,-13,13
11543,115,110,5,5
11544,70,78,-8,8
11545,109,118,-9,9
11546,72,68,4,4
11547,74,79,-5,5
11548,67,69,-2,2
11549,81,78,3,3
11550,83,85,-2,2
11551,105,106,-1,1
11552,95,104,-9,9
11553,133,123,10,10
11554,115,124,-9,9
11555,98,97,1,1
11556,55,40,15,15
11557,109,112,-3,3
11558,50,61,-11,11
11559,145,133,12,12
11560,89,81,8,8
11561,85,86,-1,1
11562,85,85,0,0
11563,65,89,-24,24
11564,86,91,-5,5
11565,105,98,7,7
11566,53,59,-6,6
11567,60,63,-3,3
11568,121,115,6,6
11569,52,65,-13,13
11570,53,59,-6,6
11571,164,163,1,1
11572,92,101,-9,9
11573,100,104,-4,4
11574,111,111,0,0
11575,67,67,0,0
11576,169,161,8,8
11577,86,82,4,4
11578,51,51,0,0
11579,96,99,-3,3
11580,97,82,15,15
11581,82,73,9,9
11582,75,78,-3,3
11583,103,103,0,0
11584,91,84,7,7
11585,108,110,-2,2
11586,85,87,-2,2
11587,137,135,2,2
11588,88,92,-4,4
11589,167,153,14,14
11590,65,71,-6,6
11591,92,85,7,7
11592,98,90,8,8
11593,68,71,-3,3
11594,65,63,2,2
11595,60,59,1,1
11596,71,69,2,2
11597,50,51,-1,1
11598,79,83,-4,4
11599,102,100,2,2
11600,85,79,6,6
11601,69,69,0,0
11602,105,106,-1,1
11603,114,110,4,4
11604,77,79,-2,2
11605,70,63,7,7
11606,80,81,-1,1
11607,137,143,-6,6
11608,105,102,3,3
11609,83,90,-7,7
11610,95,98,-3,3
11611,70,78,-8,8
11612,183,176,7,7
11613,50,57,-7,7
11614,164,159,5,5
11615,125,117,8,8
11616,90,89,1,1
11617,108,109,-1,1
11618,150,147,3,3
11619,90,82,8,8
11620,73,74,-1,1
11621,86,98,-12,12
11622,91,103,-12,12
11623,108,107,1,1
11624,120,112,8,8
11625,127,108,19,19
11626,65,62,3,3
11627,121,97,24,24
11628,80,76,4,4
11629,89,74,15,15
11630,81,77,4,4
11631,96,78,18,18
11632,119,117,2,2
11633,118,123,-5,5
11634,128,132,-4,4
11635,56,72,-16,16
11636,56,64,-8,8
11637,86,82,4,4
11638,79,79,0,0
11639,116,106,10,10
11640,69,75,-6,6
11641,111,100,11,11
11642,81,100,-19,19
11643,56,62,-6,6
11644,119,123,-4,4
11645,82,74,8,8
11646,81,74,7,7
11647,136,123,13,13
11648,127,132,-5,5
11649,108,119,-11,11
11650,129,132,-3,3
11651,74,98,-24,24
11652,63,74,-11,11
11653,168,154,14,14
11654,100,107,-7,7
11655,66,68,-2,2
11656,70,84,-14,14
11657,101,101,0,0
11658,112,104,8,8
11659,102,91,11,11
11660,124,123,1,1
11661,82,83,-1,1
11662,94,99,-5,5
11663,70,81,-11,11
11664,72,78,-6,6
11665,67,66,1,1
11666,117,130,-13,13
11667,47,45,2,2
11668,110,99,11,11
11669,93,89,4,4
11670,64,64,0,0
11671,134,136,-2,2
11672,66,64,2,2
11673,69,67,2,2
11674,99,106,-7,7
11675,137,128,9,9
11676,58,61,-3,3
11677,85,80,5,5
11678,94,92,2,2
11679,104,106,-2,2
11680,108,110,-2,2
11681,89,86,3,3
11682,176,166,10,10
11683,88,90,-2,2
11684,46,50,-4,4
11685,94,99,-5,5
11686,162,158,4,4
11687,92,89,3,3
11688,96,93,3,3
11689,124,126,-2,2
11690,74,83,-9,9
11691,68,74,-6,6
11692,67,72,-5,5
11693,90,98,-8,8
11694,87,89,-2,2
11695,86,83,3,3
11696,68,73,-5,5
11697,90,88,2,2
11698,77,84,-7,7
11699,126,108,18,18
11700,126,120,6,6
11701,94,99,-5,5
11702,172,173,-1,1
11703,63,92,-29,29
11704,101,98,3,3
11705,148,145,3,3
11706,87,99,-12,12
11707,127,117,10,10
11708,121,108,13,13
11709,142,146,-4,4
11710,73,75,-2,2
11711,71,73,-2,2
11712,103,131,-28,28
11713,39,42,-3,3
11714,99,103,-4,4
11715,69,69,0,0
11716,182,168,14,14
11717,138,163,-25,25
11718,142,138,4,4
11719,114,123,-9,9
11720,54,55,-1,1
11721,93,90,3,3
11722,110,104,6,6
11723,38,45,-7,7
11724,133,137,-4,4
11725,143,134,9,9
11726,125,130,-5,5
11727,69,68,1,1
11728,120,120,0,0
11729,121,131,-10,10
11730,71,68,3,3
11731,97,98,-1,1
11732,104,102,2,2
11733,97,99,-2,2
11734,47,51,-4,4
11735,184,176,8,8
11736,110,122,-12,12
11737,67,67,0,0
11738,106,108,-2,2
11739,66,76,-10,10
11740,118,111,7,7
11741,81,83,-2,2
11742,83,84,-1,1
11743,64,75,-11,11
11744,70,61,9,9
11745,50,52,-2,2
11746,93,85,8,8
11747,157,142,15,15
11748,51,55,-4,4
11749,77,78,-1,1
11750,87,81,6,6
11751,119,113,6,6
11752,115,109,6,6
11753,85,75,10,10
11754,63,84,-21,21
11755,91,99,-8,8
11756,67,65,2,2
11757,64,71,-7,7
11758,127,138,-11,11
11759,67,69,-2,2
11760,71,72,-1,1
11761,96,87,9,9
11762,111,112,-1,1
11763,62,62,0,0
11764,77,73,4,4
11765,174,180,-6,6
11766,138,125,13,13
11767,65,68,-3,3
11768,116,111,5,5
11769,47,52,-5,5
11770,119,117,2,2
11771,94,86,8,8
11772,122,120,2,2
11773,92,102,-10,10
11774,148,128,20,20
11775,67,71,-4,4
11776,101,105,-4,4
11777,86,84,2,2
11778,53,47,6,6
11779,77,82,-5,5
11780,126,118,8,8
11781,74,71,3,3
11782,91,94,-3,3
11783,81,85,-4,4
11784,43,48,-5,5
11785,114,112,2,2
11786,79,81,-2,2
11787,96,92,4,4
11788,106,99,7,7
11789,79,87,-8,8
11790,120,135,-15,15
11791,107,109,-2,2
11792,98,100,-2,2
11793,47,48,-1,1
11794,76,79,-3,3
11795,85,83,2,2
11796,67,76,-9,9
11797,79,78,1,1
11798,90,105,-15,15
11799,84,80,4,4
11800,152,144,8,8
11801,152,140,12,12
11802,87,85,2,2
11803,65,67,-2,2
11804,83,82,1,1
11805,205,192,13,13
11806,151,151,0,0
11807,114,96,18,18
11808,83,90,-7,7
11809,66,73,-7,7
11810,66,72,-6,6
11811,105,104,1,1
11812,176,163,13,13
11813,166,163,3,3
11814,185,168,17,17
11815,108,110,-2,2
11816,95,98,-3,3
11817,67,83,-16,16
11818,87,89,-2,2
11819,82,85,-3,3
11820,121,116,5,5
11821,71,79,-8,8
11822,62,69,-7,7
11823,113,91,22,22
11824,104,103,1,1
11825,68,72,-4,4
11826,93,100,-7,7
11827,74,69,5,5
11828,60,64,-4,4
11829,80,90,-10,10
11830,70,74,-4,4
11831,75,80,-5,5
11832,76,70,6,6
11833,75,74,1,1
11834,80,69,11,11
11835,45,55,-10,10
11836,93,113,-20,20
11837,99,114,-15,15
11838,77,79,-2,2
11839,89,84,5,5
11840,143,154,-11,11
11841,83,91,-8,8
11842,102,104,-2,2
11843,122,122,0,0
11844,118,112,6,6
11845,132,114,18,18
11846,102,116,-14,14
11847,75,72,3,3
11848,105,109,-4,4
11849,124,117,7,7
11850,75,73,2,2
11851,47,53,-6,6
11852,130,130,0,0
11853,147,141,6,6
11854,134,128,6,6
11855,71,72,-1,1
11856,72,71,1,1
11857,42,50,-8,8
11858,97,96,1,1
11859,99,108,-9,9
11860,147,153,-6,6
11861,127,128,-1,1
11862,65,66,-1,1
11863,73,89,-16,16
11864,54,62,-8,8
11865,87,89,-2,2
11866,125,134,-9,9
11867,120,124,-4,4
11868,75,73,2,2
11869,101,107,-6,6
11870,139,137,2,2
11871,93,90,3,3
11872,85,88,-3,3
11873,162,153,9,9
11874,158,155,3,3
11875,234,200,34,34
11876,76,78,-2,2
11877,68,64,4,4
11878,60,59,1,1
11879,115,108,7,7
11880,92,90,2,2
11881,99,83,16,16
11882,95,92,3,3
11883,69,83,-14,14
11884,53,60,-7,7
11885,100,100,0,0
11886,157,153,4,4
11887,103,102,1,1
11888,117,119,-2,2
11889,100,98,2,2
11890,95,88,7,7
11891,146,132,14,14
11892,97,91,6,6
11893,49,50,-1,1
11894,83,87,-4,4
11895,89,82,7,7
11896,97,104,-7,7
11897,98,102,-4,4
11898,99,102,-3,3
11899,52,61,-9,9
11900,92,94,-2,2
11901,128,136,-8,8
11902,60,58,2,2
11903,47,49,-2,2
11904,106,102,4,4
11905,78,73,5,5
11906,143,147,-4,4
11907,90,87,3,3
11908,125,123,2,2
11909,80,88,-8,8
11910,114,111,3,3
11911,161,150,11,11
11912,120,116,4,4
11913,41,56,-15,15
11914,38,45,-7,7
11915,105,116,-11,11
11916,48,49,-1,1
11917,58,60,-2,2
11918,112,109,3,3
11919,59,60,-1,1
11920,76,78,-2,2
11921,118,117,1,1
11922,77,73,4,4
11923,51,57,-6,6
11924,76,68,8,8
11925,56,61,-5,5
11926,40,48,-8,8
11927,69,70,-1,1
11928,77,78,-1,1
11929,91,94,-3,3
11930,149,146,3,3
11931,110,110,0,0
11932,115,123,-8,8
11933,117,115,2,2
11934,93,89,4,4
11935,31,37,-6,6
11936,111,130,-19,19
11937,79,86,-7,7
11938,72,75,-3,3
11939,44,46,-2,2
11940,89,90,-1,1
11941,51,57,-6,6
11942,186,193,-7,7
11943,144,134,10,10
11944,98,91,7,7
11945,68,68,0,0
11946,82,84,-2,2
11947,110,108,2,2
11948,101,78,23,23
11949,73,76,-3,3
11950,106,109,-3,3
11951,50,54,-4,4
11952,128,126,2,2
11953,82,86,-4,4
11954,39,61,-22,22
11955,57,62,-5,5
11956,100,103,-3,3
11957,132,128,4,4
11958,58,61,-3,3
11959,65,64,1,1
11960,46,51,-5,5
11961,90,89,1,1
11962,132,127,5,5
11963,84,88,-4,4
11964,95,92,3,3
11965,152,154,-2,2
11966,67,67,0,0
11967,96,107,-11,11
11968,78,79,-1,1
11969,99,88,11,11
11970,71,81,-10,10
11971,116,110,6,6
11972,122,127,-5,5
11973,81,80,1,1
11974,42,52,-10,10
11975,121,122,-1,1
11976,144,141,3,3
11977,190,190,0,0
11978,132,129,3,3
11979,112,103,9,9
11980,106,88,18,18
11981,104,100,4,4
11982,79,76,3,3
11983,81,84,-3,3
11984,92,110,-18,18
11985,55,60,-5,5
11986,85,78,7,7
11987,72,72,0,0
11988,48,51,-3,3
11989,92,106,-14,14
11990,44,49,-5,5
11991,112,109,3,3
11992,118,115,3,3
11993,74,80,-6,6
11994,102,92,10,10
11995,93,103,-10,10
11996,113,108,5,5
11997,89,97,-8,8
11998,133,132,1,1
11999,45,49,-4,4
12000,53,57,-4,4
12001,139,140,-1,1
12002,61,63,-2,2
12003,85,102,-17,17
12004,67,69,-2,2
12005,81,76,5,5
12006,33,37,-4,4
12007,74,79,-5,5
12008,81,80,1,1
12009,81,85,-4,4
12010,114,114,0,0
12011,158,162,-4,4
12012,59,66,-7,7
12013,60,66,-6,6
12014,111,108,3,3
12015,102,103,-1,1
12016,89,79,10,10
12017,80,76,4,4
12018,73,79,-6,6
12019,53,52,1,1
12020,124,123,1,1
12021,108,108,0,0
12022,101,91,10,10
12023,93,101,-8,8
12024,69,71,-2,2
12025,111,116,-5,5
12026,74,76,-2,2
12027,80,77,3,3
12028,101,90,11,11
12029,127,144,-17,17
12030,78,77,1,1
12031,143,149,-6,6
12032,114,128,-14,14
12033,49,72,-23,23
12034,115,122,-7,7
12035,103,96,7,7
12036,84,86,-2,2
12037,88,88,0,0
12038,92,90,2,2
12039,108,113,-5,5
12040,90,87,3,3
12041,65,71,-6,6
12042,60,59,1,1
12043,72,72,0,0
12044,129,139,-10,10
12045,76,78,-2,2
12046,109,118,-9,9
12047,88,100,-12,12
12048,60,61,-1,1
12049,47,41,6,6
12050,100,97,3,3
12051,117,125,-8,8
12052,125,115,10,10
12053,113,107,6,6
12054,54,55,-1,1
12055,111,115,-4,4
12056,156,145,11,11
12057,110,106,4,4
12058,82,95,-13,13
12059,114,109,5,5
12060,68,75,-7,7
12061,66,77,-11,11
12062,90,93,-3,3
12063,63,66,-3,3
12064,100,102,-2,2
12065,66,71,-5,5
12066,141,136,5,5
12067,79,78,1,1
12068,104,92,12,12
12069,140,129,11,11
12070,72,76,-4,4
12071,39,44,-5,5
12072,118,114,4,4
12073,97,86,11,11
12074,95,106,-11,11
12075,86,88,-2,2
12076,90,85,5,5
12077,86,101,-15,15
12078,95,96,-1,1
12079,118,110,8,8
12080,94,89,5,5
12081,130,132,-2,2
12082,58,59,-1,1
12083,121,128,-7,7
12084,125,125,0,0
12085,150,152,-2,2
12086,102,101,1,1
12087,122,113,9,9
12088,109,108,1,1
12089,74,80,-6,6
12090,93,84,9,9
12091,53,59,-6,6
12092,117,121,-4,4
12093,93,92,1,1
12094,191,201,-10,10
12095,142,123,19,19
12096,123,111,12,12
12097,83,88,-5,5
12098,127,125,2,2
12099,83,84,-1,1
12100,85,81,4,4
12101,83,84,-1,1
12102,94,87,7,7
12103,164,157,7,7
12104,72,62,10,10
12105,76,56,20,20
12106,122,111,11,11
12107,59,42,17,17
12108,87,86,1,1
12109,88,59,29,29
12110,61,59,2,2
12111,154,146,8,8
12112,159,147,12,12
12113,163,150,13,13
12114,104,102,2,2
12115,121,127,-6,6
12116,116,109,7,7
12117,98,101,-3,3
12118,84,87,-3,3
12119,42,47,-5,5
12120,78,77,1,1
12121,99,116,-17,17
12122,77,90,-13,13
12123,189,173,16,16
12124,66,78,-12,12
12125,144,148,-4,4
12126,196,182,14,14
12127,107,106,1,1
12128,68,72,-4,4
12129,88,83,5,5
12130,36,42,-6,6
12131,107,108,-1,1
12132,123,111,12,12
12133,62,63,-1,1
12134,207,198,9,9
12135,89,87,2,2
12136,74,74,0,0
12137,87,86,1,1
12138,135,130,5,5
12139,72,69,3,3
12140,183,141,42,42
12141,118,127,-9,9
12142,110,90,20,20
12143,111,113,-2,2
12144,122,113,9,9
12145,90,92,-2,2
12146,121,124,-3,3
12147,58,58,0,0
12148,126,117,9,9
12149,105,103,2,2
12150,109,111,-2,2
12151,71,76,-5,5
12152,148,144,4,4
12153,95,101,-6,6
12154,103,105,-2,2
12155,90,91,-1,1
12156,77,79,-2,2
12157,126,120,6,6
12158,141,138,3,3
12159,134,125,9,9
12160,49,53,-4,4
12161,99,102,-3,3
12162,130,122,8,8
12163,74,72,2,2
12164,64,64,0,0
12165,196,182,14,14
12166,106,116,-10,10
12167,100,104,-4,4
12168,88,87,1,1
12169,116,114,2,2
12170,107,110,-3,3
12171,128,128,0,0
12172,93,85,8,8
12173,150,134,16,16
12174,92,82,10,10
12175,96,88,8,8
12176,115,110,5,5
12177,111,105,6,6
12178,87,90,-3,3
12179,69,72,-3,3
12180,139,151,-12,12
12181,104,105,-1,1
12182,115,119,-4,4
12183,114,110,4,4
12184,58,61,-3,3
12185,77,77,0,0
12186,79,85,-6,6
12187,114,116,-2,2
12188,111,118,-7,7
12189,102,102,0,0
12190,161,160,1,1
12191,197,189,8,8
12192,72,59,13,13
12193,142,141,1,1
12194,49,47,2,2
12195,63,67,-4,4
12196,135,134,1,1
12197,192,176,16,16
12198,47,50,-3,3
12199,110,111,-1,1
12200,71,71,0,0
12201,108,112,-4,4
12202,137,143,-6,6
12203,128,120,8,8
12204,137,136,1,1
12205,148,147,1,1
12206,82,84,-2,2
12207,70,82,-12,12
12208,60,57,3,3
12209,115,109,6,6
12210,76,75,1,1
12211,86,82,4,4
12212,97,100,-3,3
12213,122,119,3,3
12214,104,100,4,4
12215,149,155,-6,6
12216,73,73,0,0
12217,88,85,3,3
12218,93,87,6,6
12219,94,90,4,4
12220,110,108,2,2
12221,56,73,-17,17
12222,66,71,-5,5
12223,73,80,-7,7
12224,96,102,-6,6
12225,121,115,6,6
12226,122,128,-6,6
12227,94,97,-3,3
12228,88,103,-15,15
12229,130,133,-3,3
12230,63,71,-8,8
12231,141,128,13,13
12232,54,63,-9,9
12233,73,77,-4,4
12234,71,69,2,2
12235,95,89,6,6
12236,121,110,11,11
12237,73,75,-2,2
12238,125,127,-2,2
12239,67,77,-10,10
12240,121,119,2,2
12241,109,111,-2,2
12242,64,69,-5,5
12243,96,90,6,6
12244,119,132,-13,13
12245,93,101,-8,8
12246,75,75,0,0
12247,95,99,-4,4
12248,66,72,-6,6
12249,99,101,-2,2
12250,47,49,-2,2
12251,84,100,-16,16
12252,165,217,-52,52
12253,97,91,6,6
12254,73,79,-6,6
12255,37,47,-10,10
12256,104,98,6,6
12257,71,74,-3,3
12258,65,68,-3,3
12259,66,60,6,6
12260,63,63,0,0
12261,96,101,-5,5
12262,130,128,2,2
12263,141,138,3,3
12264,86,105,-19,19
12265,108,114,-6,6
12266,128,118,10,10
12267,118,113,5,5
12268,83,80,3,3
12269,68,70,-2,2
12270,84,84,0,0
12271,105,103,2,2
12272,61,75,-14,14
12273,73,77,-4,4
12274,65,67,-2,2
12275,131,116,15,15
12276,118,112,6,6
12277,93,99,-6,6
12278,76,75,1,1
12279,75,75,0,0
12280,65,71,-6,6
12281,70,67,3,3
12282,140,142,-2,2
12283,95,90,5,5
12284,145,126,19,19
12285,82,73,9,9
12286,185,168,17,17
12287,71,72,-1,1
12288,100,109,-9,9
12289,99,91,8,8
12290,64,66,-2,2
12291,65,65,0,0
12292,51,56,-5,5
12293,79,90,-11,11
12294,50,55,-5,5
12295,128,138,-10,10
12296,109,105,4,4
12297,106,92,14,14
12298,50,54,-4,4
12299,126,123,3,3
12300,105,107,-2,2
12301,39,49,-10,10
12302,70,70,0,0
12303,134,104,30,30
12304,46,51,-5,5
12305,81,85,-4,4
12306,115,112,3,3
12307,56,63,-7,7
12308,90,88,2,2
12309,107,105,2,2
12310,38,43,-5,5
12311,112,109,3,3
12312,86,91,-5,5
12313,102,103,-1,1
12314,81,87,-6,6
12315,133,126,7,7
12316,65,66,-1,1
12317,67,78,-11,11
12318,63,68,-5,5
12319,105,103,2,2
12320,81,84,-3,3
12321,97,105,-8,8
12322,96,104,-8,8
12323,113,128,-15,15
12324,91,99,-8,8
12325,67,80,-13,13
12326,85,81,4,4
12327,102,105,-3,3
12328,76,76,0,0
12329,190,197,-7,7
12330,63,66,-3,3
12331,87,73,14,14
12332,140,134,6,6
12333,113,100,13,13
12334,102,102,0,0
12335,62,56,6,6
12336,57,58,-1,1
12337,48,49,-1,1
12338,62,59,3,3
12339,94,113,-19,19
12340,95,106,-11,11
12341,183,178,5,5
12342,80,82,-2,2
12343,164,160,4,4
12344,66,66,0,0
12345,67,82,-15,15
12346,103,103,0,0
12347,69,81,-12,12
12348,118,118,0,0
12349,78,79,-1,1
12350,66,66,0,0
12351,94,92,2,2
12352,92,93,-1,1
12353,142,135,7,7
12354,55,68,-13,13
12355,101,106,-5,5
12356,79,73,6,6
12357,122,128,-6,6
12358,123,111,12,12
12359,38,38,0,0
12360,65,80,-15,15
12361,138,123,15,15
12362,76,74,2,2
12363,114,118,-4,4
12364,79,84,-5,5
12365,114,108,6,6
12366,68,70,-2,2
12367,78,80,-2,2
12368,93,102,-9,9
12369,103,108,-5,5
12370,163,139,24,24
12371,101,109,-8,8
12372,126,125,1,1
12373,67,64,3,3
12374,78,78,0,0
12375,116,114,2,2
12376,128,129,-1,1
12377,91,86,5,5
12378,142,132,10,10
12379,65,67,-2,2
12380,145,159,-14,14
12381,61,56,5,5
12382,136,130,6,6
12383,84,79,5,5
12384,98,97,1,1
12385,87,95,-8,8
12386,107,111,-4,4
12387,115,130,-15,15
12388,106,101,5,5
12389,93,99,-6,6
12390,80,73,7,7
12391,130,119,11,11
12392,115,109,6,6
12393,97,112,-15,15
12394,92,98,-6,6
12395,88,85,3,3
12396,66,67,-1,1
12397,66,67,-1,1
12398,87,90,-3,3
12399,106,107,-1,1
12400,70,78,-8,8
12401,180,167,13,13
12402,87,99,-12,12
12403,89,80,9,9
12404,92,101,-9,9
12405,125,112,13,13
12406,88,103,-15,15
12407,109,106,3,3
12408,35,42,-7,7
12409,67,72,-5,5
12410,117,118,-1,1
12411,190,176,14,14
12412,114,114,0,0
12413,137,134,3,3
12414,138,152,-14,14
12415,129,137,-8,8
12416,106,90,16,16
12417,63,70,-7,7
12418,58,62,-4,4
12419,57,60,-3,3
12420,86,95,-9,9
12421,104,102,2,2
12422,97,101,-4,4
12423,101,104,-3,3
12424,137,129,8,8
12425,64,53,11,11
12426,176,195,-19,19
12427,93,86,7,7
12428,120,119,1,1
12429,108,109,-1,1
12430,70,72,-2,2
12431,97,95,2,2
12432,83,90,-7,7
12433,83,79,4,4
12434,150,162,-12,12
12435,64,68,-4,4
12436,89,84,5,5
12437,96,99,-3,3
12438,114,113,1,1
12439,119,116,3,3
12440,61,57,4,4
12441,96,98,-2,2
12442,105,107,-2,2
12443,61,54,7,7
12444,141,138,3,3
12445,86,82,4,4
12446,87,85,2,2
12447,90,79,11,11
12448,105,107,-2,2
12449,91,81,10,10
12450,111,117,-6,6
12451,76,75,1,1
12452,87,89,-2,2
12453,91,99,-8,8
12454,107,114,-7,7
12455,110,111,-1,1
12456,124,131,-7,7
12457,128,121,7,7
12458,109,112,-3,3
12459,71,70,1,1
12460,87,81,6,6
12461,148,146,2,2
12462,107,102,5,5
12463,134,135,-1,1
12464,23,32,-9,9
12465,119,135,-16,16
12466,91,84,7,7
12467,25,48,-23,23
12468,61,76,-15,15
12469,101,101,0,0
12470,72,71,1,1
12471,95,104,-9,9
12472,47,45,2,2
12473,97,99,-2,2
12474,81,81,0,0
12475,59,59,0,0
12476,77,73,4,4
12477,138,124,14,14
12478,120,125,-5,5
12479,136,142,-6,6
12480,79,83,-4,4
12481,63,66,-3,3
12482,102,103,-1,1
12483,158,148,10,10
12484,73,78,-5,5
12485,53,50,3,3
12486,83,87,-4,4
12487,155,134,21,21
12488,139,130,9,9
12489,93,87,6,6
12490,128,132,-4,4
12491,98,107,-9,9
12492,96,86,10,10
12493,153,143,10,10
12494,104,106,-2,2
12495,115,102,13,13
12496,72,74,-2,2
12497,90,86,4,4
12498,127,137,-10,10
12499,112,125,-13,13
12500,64,71,-7,7
12501,73,71,2,2
12502,72,79,-7,7
12503,73,84,-11,11
12504,56,59,-3,3
12505,106,104,2,2
12506,144,134,10,10
12507,47,65,-18,18
12508,147,142,5,5
12509,95,93,2,2
12510,76,84,-8,8
12511,128,129,-1,1
12512,81,72,9,9
12513,79,82,-3,3
12514,86,82,4,4
12515,44,52,-8,8
12516,87,90,-3,3
12517,102,106,-4,4
12518,116,118,-2,2
12519,105,106,-1,1
12520,113,126,-13,13
12521,152,136,16,16
12522,175,170,5,5
12523,70,73,-3,3
12524,173,165,8,8
12525,87,78,9,9
12526,102,100,2,2
12527,88,91,-3,3
12528,76,75,1,1
12529,110,105,5,5
12530,99,104,-5,5
12531,71,71,0,0
12532,75,75,0,0
12533,105,106,-1,1
12534,153,159,-6,6
12535,100,114,-14,14
12536,90,85,5,5
12537,83,101,-18,18
12538,82,88,-6,6
12539,49,54,-5,5
12540,69,70,-1,1
12541,113,115,-2,2
12542,63,66,-3,3
12543,58,63,-5,5
12544,65,65,0,0
12545,145,145,0,0
12546,50,52,-2,2
12547,83,89,-6,6
12548,100,100,0,0
12549,76,76,0,0
12550,72,73,-1,1
12551,71,88,-17,17
12552,106,103,3,3
12553,127,135,-8,8
12554,96,98,-2,2
12555,67,68,-1,1
12556,140,139,1,1
12557,56,57,-1,1
12558,108,107,1,1
12559,94,90,4,4
12560,59,60,-1,1
12561,84,88,-4,4
12562,96,101,-5,5
12563,92,104,-12,12
12564,186,186,0,0
12565,62,63,-1,1
12566,164,151,13,13
12567,49,52,-3,3
12568,62,63,-1,1
12569,50,61,-11,11
12570,128,128,0,0
12571,57,64,-7,7
12572,69,70,-1,1
12573,48,56,-8,8
12574,132,127,5,5
12575,140,144,-4,4
12576,107,108,-1,1
12577,80,83,-3,3
12578,78,77,1,1
12579,140,123,17,17
12580,78,79,-1,1
12581,123,113,10,10
12582,87,96,-9,9
12583,91,110,-19,19
12584,119,129,-10,10
12585,107,107,0,0
12586,52,57,-5,5
12587,61,72,-11,11
12588,102,98,4,4
12589,79,74,5,5
12590,81,81,0,0
12591,72,69,3,3
12592,74,85,-11,11
12593,73,67,6,6
12594,114,89,25,25
12595,127,126,1,1
12596,92,82,10,10
12597,118,126,-8,8
12598,115,192,-77,77
12599,73,73,0,0
12600,93,99,-6,6
12601,70,69,1,1
12602,73,72,1,1
12603,107,121,-14,14
12604,96,103,-7,7
12605,101,86,15,15
12606,76,88,-12,12
12607,85,78,7,7
12608,111,110,1,1
12609,42,49,-7,7
12610,69,68,1,1
12611,97,89,8,8
12612,90,84,6,6
12613,96,91,5,5
12614,114,133,-19,19
12615,121,116,5,5
12616,68,72,-4,4
12617,45,51,-6,6
12618,73,76,-3,3
12619,109,106,3,3
12620,175,171,4,4
12621,90,82,8,8
12622,70,71,-1,1
12623,85,85,0,0
12624,62,70,-8,8
12625,89,102,-13,13
12626,132,128,4,4
12627,155,146,9,9
12628,99,103,-4,4
12629,60,60,0,0
12630,110,108,2,2
12631,87,86,1,1
12632,98,109,-11,11
12633,80,99,-19,19
12634,127,124,3,3
12635,172,169,3,3
12636,181,171,10,10
12637,130,121,9,9
12638,76,75,1,1
12639,86,85,1,1
12640,105,102,3,3
12641,105,116,-11,11
12642,56,66,-10,10
12643,65,72,-7,7
12644,42,44,-2,2
12645,120,113,7,7
12646,65,65,0,0
12647,76,79,-3,3
12648,134,126,8,8
12649,28,67,-39,39
12650,96,98,-2,2
12651,92,99,-7,7
12652,53,51,2,2
12653,66,63,3,3
12654,79,78,1,1
12655,101,117,-16,16
12656,78,100,-22,22
12657,88,98,-10,10
12658,136,130,6,6
12659,142,137,5,5
12660,73,65,8,8
12661,97,88,9,9
12662,80,76,4,4
12663,51,57,-6,6
12664,69,80,-11,11
12665,52,56,-4,4
12666,57,56,1,1
12667,100,115,-15,15
12668,147,144,3,3
12669,129,130,-1,1
12670,92,103,-11,11
12671,107,98,9,9
12672,99,110,-11,11
12673,89,99,-10,10
12674,58,63,-5,5
12675,103,95,8,8
12676,33,39,-6,6
12677,103,92,11,11
12678,88,88,0,0
12679,81,84,-3,3
12680,53,57,-4,4
12681,70,82,-12,12
12682,32,41,-9,9
12683,88,87,1,1
12684,99,116,-17,17
12685,110,109,1,1
12686,78,79,-1,1
12687,99,101,-2,2
12688,46,51,-5,5
12689,136,120,16,16
12690,75,72,3,3
12691,117,102,15,15
12692,93,82,11,11
12693,132,132,0,0
12694,70,72,-2,2
12695,69,75,-6,6
12696,49,40,9,9
12697,71,66,5,5
12698,118,118,0,0
12699,97,101,-4,4
12700,76,88,-12,12
12701,195,159,36,36
12702,128,124,4,4
12703,66,59,7,7
12704,120,122,-2,2
12705,73,76,-3,3
12706,62,70,-8,8
12707,104,92,12,12
12708,94,99,-5,5
12709,94,88,6,6
12710,110,103,7,7
12711,96,91,5,5
12712,107,105,2,2
12713,77,85,-8,8
12714,91,101,-10,10
12715,63,61,2,2
12716,128,113,15,15
12717,77,76,1,1
12718,67,76,-9,9
12719,124,116,8,8
12720,94,91,3,3
12721,64,66,-2,2
12722,74,77,-3,3
12723,88,89,-1,1
12724,70,74,-4,4
12725,78,78,0,0
12726,66,78,-12,12
12727,104,108,-4,4
12728,134,143,-9,9
12729,92,89,3,3
12730,74,72,2,2
12731,93,89,4,4
12732,98,99,-1,1
12733,100,88,12,12
12734,87,90,-3,3
12735,101,99,2,2
12736,49,54,-5,5
12737,121,117,4,4
12738,84,102,-18,18
12739,158,157,1,1
12740,115,106,9,9
12741,125,115,10,10
12742,53,49,4,4
12743,80,86,-6,6
12744,68,66,2,2
12745,103,102,1,1
12746,107,109,-2,2
12747,77,87,-10,10
12748,100,109,-9,9
12749,120,126,-6,6
12750,91,90,1,1
12751,77,62,15,15
12752,132,124,8,8
12753,131,126,5,5
12754,43,62,-19,19
12755,45,48,-3,3
12756,124,119,5,5
12757,86,82,4,4
12758,107,103,4,4
12759,82,89,-7,7
12760,204,188,16,16
12761,107,104,3,3
12762,120,124,-4,4
12763,140,138,2,2
12764,153,142,11,11
12765,83,85,-2,2
12766,47,49,-2,2
12767,91,81,10,10
12768,68,57,11,11
12769,56,55,1,1
12770,77,84,-7,7
12771,37,46,-9,9
12772,117,111,6,6
12773,85,82,3,3
12774,101,95,6,6
12775,67,76,-9,9
12776,118,130,-12,12
12777,56,65,-9,9
12778,68,69,-1,1
12779,65,78,-13,13
12780,105,103,2,2
12781,102,110,-8,8
12782,116,109,7,7
12783,69,69,0,0
12784,79,76,3,3
12785,105,107,-2,2
12786,101,79,22,22
12787,106,98,8,8
12788,89,84,5,5
12789,77,81,-4,4
12790,116,119,-3,3
12791,111,106,5,5
12792,91,77,14,14
12793,74,71,3,3
12794,96,101,-5,5
12795,119,127,-8,8
12796,124,118,6,6
12797,83,78,5,5
12798,59,67,-8,8
12799,87,80,7,7
12800,55,58,-3,3
12801,121,124,-3,3
12802,94,94,0,0
12803,90,87,3,3
12804,181,175,6,6
12805,93,75,18,18
12806,72,76,-4,4
12807,92,92,0,0
12808,153,143,10,10
12809,55,59,-4,4
12810,61,66,-5,5
12811,99,98,1,1
12812,82,85,-3,3
12813,102,93,9,9
12814,148,145,3,3
12815,112,108,4,4
12816,172,174,-2,2
12817,133,132,1,1
12818,97,98,-1,1
12819,70,76,-6,6
12820,70,79,-9,9
12821,98,85,13,13
12822,96,107,-11,11
12823,69,70,-1,1
12824,90,86,4,4
12825,138,132,6,6
12826,132,128,4,4
12827,153,156,-3,3
12828,86,76,10,10
12829,108,103,5,5
12830,80,90,-10,10
12831,154,137,17,17
12832,116,120,-4,4
12833,103,100,3,3
12834,104,113,-9,9
12835,116,112,4,4
12836,107,97,10,10
12837,96,89,7,7
12838,90,98,-8,8
12839,50,58,-8,8
12840,104,106,-2,2
12841,72,68,4,4
12842,106,100,6,6
12843,87,86,1,1
12844,124,125,-1,1
12845,27,36,-9,9
12846,133,122,11,11
12847,122,110,12,12
12848,124,140,-16,16
12849,89,98,-9,9
12850,97,125,-28,28
12851,84,90,-6,6
12852,140,145,-5,5
12853,136,131,5,5
12854,20,36,-16,16
12855,93,100,-7,7
12856,85,88,-3,3
12857,74,79,-5,5
12858,103,98,5,5
12859,75,78,-3,3
12860,46,49,-3,3
12861,84,102,-18,18
12862,75,75,0,0
12863,53,53,0,0
12864,52,79,-27,27
12865,87,89,-2,2
12866,109,101,8,8
12867,105,99,6,6
12868,67,67,0,0
12869,154,136,18,18
12870,84,88,-4,4
12871,128,123,5,5
12872,113,122,-9,9
12873,87,80,7,7
12874,101,108,-7,7
12875,96,105,-9,9
12876,39,45,-6,6
12877,133,131,2,2
12878,191,192,-1,1
12879,60,64,-4,4
12880,125,121,4,4
12881,75,80,-5,5
12882,40,48,-8,8
12883,103,98,5,5
12884,79,79,0,0
12885,185,183,2,2
12886,124,117,7,7
12887,109,117,-8,8
12888,89,101,-12,12
12889,67,68,-1,1
12890,47,47,0,0
12891,76,71,5,5
12892,122,125,-3,3
12893,106,101,5,5
12894,142,127,15,15
12895,96,80,16,16
12896,52,53,-1,1
12897,96,99,-3,3
12898,117,125,-8,8
12899,69,75,-6,6
12900,89,83,6,6
12901,72,73,-1,1
12902,180,177,3,3
12903,94,87,7,7
12904,53,62,-9,9
12905,93,101,-8,8
12906,161,145,16,16
12907,137,137,0,0
12908,129,131,-2,2
12909,89,83,6,6
12910,102,101,1,1
12911,159,158,1,1
12912,67,71,-4,4
12913,67,72,-5,5
12914,97,99,-2,2
12915,71,68,3,3
12916,153,151,2,2
12917,100,102,-2,2
12918,92,101,-9,9
12919,79,88,-9,9
12920,79,81,-2,2
12921,73,71,2,2
12922,133,134,-1,1
12923,51,56,-5,5
12924,139,131,8,8
12925,115,124,-9,9
12926,89,88,1,1
12927,124,123,1,1
12928,90,87,3,3
12929,128,129,-1,1
12930,131,122,9,9
12931,71,72,-1,1
12932,113,109,4,4
12933,127,135,-8,8
12934,61,67,-6,6
12935,113,114,-1,1
12936,112,91,21,21
12937,75,75,0,0
12938,125,111,14,14
12939,73,76,-3,3
12940,100,115,-15,15
12941,187,173,14,14
12942,101,99,2,2
12943,103,98,5,5
12944,99,110,-11,11
12945,65,68,-3,3
12946,116,114,2,2
12947,97,111,-14,14
12948,83,88,-5,5
12949,90,103,-13,13
12950,101,103,-2,2
12951,97,105,-8,8
12952,107,106,1,1
12953,119,129,-10,10
12954,78,74,4,4
12955,79,82,-3,3
12956,74,79,-5,5
12957,150,145,5,5
12958,83,96,-13,13
12959,131,144,-13,13
12960,68,73,-5,5
12961,222,190,32,32
12962,88,84,4,4
12963,109,104,5,5
12964,149,152,-3,3
12965,82,89,-7,7
12966,33,35,-2,2
12967,97,107,-10,10
12968,88,89,-1,1
12969,127,131,-4,4
12970,70,69,1,1
12971,86,88,-2,2
12972,63,62,1,1
12973,101,100,1,1
12974,85,86,-1,1
12975,97,83,14,14
12976,68,71,-3,3
12977,79,91,-12,12
12978,182,174,8,8
12979,68,71,-3,3
12980,68,70,-2,2
12981,81,77,4,4
12982,118,111,7,7
12983,93,97,-4,4
12984,117,101,16,16
12985,144,139,5,5
12986,134,123,11,11
12987,69,70,-1,1
12988,133,130,3,3
12989,88,90,-2,2
12990,63,58,5,5
12991,116,119,-3,3
12992,113,124,-11,11
12993,103,94,9,9
12994,127,126,1,1
12995,116,115,1,1
12996,114,108,6,6
12997,123,118,5,5
12998,72,68,4,4
12999,107,102,5,5
13000,121,111,10,10
13001,100,90,10,10
13002,87,87,0,0
13003,102,99,3,3
13004,155,161,-6,6
13005,72,80,-8,8
13006,84,86,-2,2
13007,86,98,-12,12
13008,115,121,-6,6
13009,100,100,0,0
13010,81,74,7,7
13011,51,53,-2,2
13012,54,54,0,0
13013,86,86,0,0
13014,92,89,3,3
13015,60,63,-3,3
13016,112,113,-1,1
13017,92,88,4,4
13018,87,88,-1,1
13019,95,99,-4,4
13020,80,78,2,2
13021,139,141,-2,2
13022,103,98,5,5
13023,120,131,-11,11
13024,75,85,-10,10
13025,51,47,4,4
13026,76,74,2,2
13027,67,70,-3,3
13028,165,160,5,5
13029,84,88,-4,4
13030,83,96,-13,13
13031,61,60,1,1
13032,159,153,6,6
13033,64,71,-7,7
13034,140,140,0,0
13035,65,78,-13,13
13036,68,73,-5,5
13037,67,62,5,5
13038,87,92,-5,5
13039,109,110,-1,1
13040,116,117,-1,1
13041,94,110,-16,16
13042,135,123,12,12
13043,77,75,2,2
13044,55,55,0,0
13045,61,62,-1,1
13046,73,78,-5,5
13047,139,123,16,16
13048,106,118,-12,12
13049,78,88,-10,10
13050,74,66,8,8
13051,99,91,8,8
13052,88,93,-5,5
13053,93,82,11,11
13054,69,67,2,2
13055,235,209,26,26
13056,83,87,-4,4
13057,101,83,18,18
13058,66,72,-6,6
13059,58,58,0,0
13060,119,121,-2,2
13061,129,128,1,1
13062,82,82,0,0
13063,168,165,3,3
13064,72,77,-5,5
13065,125,117,8,8
13066,82,78,4,4
13067,97,89,8,8
13068,56,64,-8,8
13069,123,139,-16,16
13070,79,71,8,8
13071,84,82,2,2
13072,112,110,2,2
13073,80,85,-5,5
13074,106,108,-2,2
13075,60,65,-5,5
13076,72,75,-3,3
13077,96,103,-7,7
13078,60,45,15,15
13079,117,99,18,18
13080,66,74,-8,8
13081,78,81,-3,3
13082,55,59,-4,4
13083,164,146,18,18
13084,184,174,10,10
13085,78,82,-4,4
13086,61,69,-8,8
13087,109,128,-19,19
13088,101,103,-2,2
13089,79,80,-1,1
13090,51,57,-6,6
13091,64,61,3,3
13092,62,65,-3,3
13093,144,139,5,5
13094,57,61,-4,4
13095,50,53,-3,3
13096,81,80,1,1
13097,99,102,-3,3
13098,97,101,-4,4
13099,129,116,13,13
13100,104,101,3,3
13101,93,101,-8,8
13102,84,79,5,5
13103,90,89,1,1
13104,112,118,-6,6
13105,69,71,-2,2
13106,69,74,-5,5
13107,107,89,18,18
13108,145,125,20,20
13109,84,77,7,7
13110,51,57,-6,6
13111,100,93,7,7
13112,82,89,-7,7
13113,71,86,-15,15
13114,104,100,4,4
13115,67,79,-12,12
13116,89,92,-3,3
13117,61,79,-18,18
13118,74,80,-6,6
13119,101,110,-9,9
13120,67,76,-9,9
13121,72,79,-7,7
13122,70,70,0,0
13123,158,161,-3,3
13124,94,92,2,2
13125,84,82,2,2
13126,120,122,-2,2
13127,152,154,-2,2
13128,137,130,7,7
13129,82,91,-9,9
13130,116,114,2,2
13131,112,106,6,6
13132,99,92,7,7
13133,150,153,-3,3
13134,66,59,7,7
13135,81,70,11,11
13136,50,54,-4,4
13137,133,135,-2,2
13138,65,68,-3,3
13139,65,67,-2,2
13140,80,80,0,0
13141,53,51,2,2
13142,108,101,7,7
13143,80,65,15,15
13144,126,133,-7,7
13145,73,80,-7,7
13146,58,58,0,0
13147,80,76,4,4
13148,62,65,-3,3
13149,64,68,-4,4
13150,55,55,0,0
13151,81,82,-1,1
13152,97,102,-5,5
13153,78,73,5,5
13154,101,86,15,15
13155,72,82,-10,10
13156,112,112,0,0
13157,84,87,-3,3
13158,68,74,-6,6
13159,102,109,-7,7
13160,117,129,-12,12
13161,88,83,5,5
13162,127,116,11,11
13163,64,58,6,6
13164,87,88,-1,1
13165,80,82,-2,2
13166,101,88,13,13
13167,122,119,3,3
13168,67,66,1,1
13169,131,128,3,3
13170,97,101,-4,4
13171,135,122,13,13
13172,88,88,0,0
13173,115,130,-15,15
13174,134,122,12,12
13175,116,119,-3,3
13176,79,83,-4,4
13177,45,47,-2,2
13178,100,101,-1,1
13179,85,107,-22,22
13180,63,71,-8,8
13181,89,88,1,1
13182,76,78,-2,2
13183,138,128,10,10
13184,123,121,2,2
13185,74,80,-6,6
13186,43,55,-12,12
13187,66,74,-8,8
13188,86,110,-24,24
13189,115,130,-15,15
13190,30,46,-16,16
13191,66,71,-5,5
13192,208,178,30,30
13193,90,88,2,2
13194,71,65,6,6
13195,94,85,9,9
13196,171,165,6,6
13197,55,56,-1,1
13198,43,43,0,0
13199,67,73,-6,6
13200,143,126,17,17
13201,98,102,-4,4
13202,100,100,0,0
13203,108,105,3,3
13204,91,82,9,9
13205,131,132,-1,1
13206,79,71,8,8
13207,153,156,-3,3
13208,37,43,-6,6
13209,46,42,4,4
13210,241,226,15,15
13211,89,87,2,2
13212,72,70,2,2
13213,100,94,6,6
13214,83,85,-2,2
13215,98,104,-6,6
13216,128,125,3,3
13217,162,120,42,42
13218,81,78,3,3
13219,98,100,-2,2
13220,70,78,-8,8
13221,182,166,16,16
13222,71,72,-1,1
13223,173,175,-2,2
13224,54,60,-6,6
13225,66,67,-1,1
13226,85,80,5,5
13227,93,93,0,0
13228,71,114,-43,43
13229,163,162,1,1
13230,86,83,3,3
13231,74,72,2,2
13232,148,149,-1,1
13233,112,112,0,0
13234,90,79,11,11
13235,64,60,4,4
13236,78,99,-21,21
13237,115,122,-7,7
13238,105,101,4,4
13239,90,89,1,1
13240,117,113,4,4
13241,103,92,11,11
13242,139,156,-17,17
13243,107,116,-9,9
13244,118,131,-13,13
13245,94,83,11,11
13246,56,56,0,0
13247,97,98,-1,1
13248,77,71,6,6
13249,117,100,17,17
13250,125,127,-2,2
13251,67,73,-6,6
13252,73,72,1,1
13253,152,142,10,10
13254,73,71,2,2
13255,121,119,2,2
13256,166,165,1,1
13257,90,90,0,0
13258,96,104,-8,8
13259,149,159,-10,10
13260,61,68,-7,7
13261,144,136,8,8
13262,121,122,-1,1
13263,131,122,9,9
13264,58,54,4,4
13265,51,55,-4,4
13266,54,68,-14,14
13267,72,76,-4,4
13268,99,107,-8,8
13269,124,112,12,12
13270,105,108,-3,3
13271,100,99,1,1
13272,153,156,-3,3
13273,76,81,-5,5
13274,120,113,7,7
13275,94,92,2,2
13276,85,79,6,6
13277,84,91,-7,7
13278,53,68,-15,15
13279,106,112,-6,6
13280,108,112,-4,4
13281,140,132,8,8
13282,113,110,3,3
13283,57,70,-13,13
13284,108,109,-1,1
13285,123,114,9,9
13286,108,105,3,3
13287,83,81,2,2
13288,99,85,14,14
13289,78,82,-4,4
13290,96,102,-6,6
13291,58,59,-1,1
13292,82,80,2,2
13293,148,149,-1,1
13294,86,98,-12,12
13295,81,72,9,9
13296,119,119,0,0
13297,97,106,-9,9
13298,118,120,-2,2
13299,92,85,7,7
13300,102,111,-9,9
13301,72,75,-3,3
13302,64,61,3,3
13303,86,89,-3,3
13304,57,67,-10,10
13305,102,103,-1,1
13306,67,62,5,5
13307,88,97,-9,9
13308,139,124,15,15
13309,61,66,-5,5
13310,77,76,1,1
13311,158,160,-2,2
13312,130,120,10,10
13313,132,137,-5,5
13314,187,188,-1,1
13315,79,76,3,3
13316,96,107,-11,11
13317,76,77,-1,1
13318,71,74,-3,3
13319,78,82,-4,4
13320,209,201,8,8
13321,75,74,1,1
13322,146,133,13,13
13323,100,99,1,1
13324,80,85,-5,5
13325,70,73,-3,3
13326,65,71,-6,6
13327,95,104,-9,9
13328,80,79,1,1
13329,69,71,-2,2
13330,132,138,-6,6
13331,77,71,6,6
13332,98,94,4,4
13333,94,99,-5,5
13334,86,85,1,1
13335,90,87,3,3
13336,75,69,6,6
13337,130,106,24,24
13338,87,99,-12,12
13339,141,129,12,12
13340,161,148,13,13
13341,68,78,-10,10
13342,97,91,6,6
13343,125,116,9,9
13344,36,47,-11,11
13345,115,111,4,4
13346,68,57,11,11
13347,106,102,4,4
13348,96,111,-15,15
13349,82,82,0,0
13350,73,66,7,7
13351,89,76,13,13
13352,75,76,-1,1
13353,85,94,-9,9
13354,134,143,-9,9
13355,90,82,8,8
13356,83,86,-3,3
13357,129,107,22,22
13358,140,141,-1,1
13359,60,58,2,2
13360,82,78,4,4
13361,153,142,11,11
13362,80,90,-10,10
13363,119,120,-1,1
13364,108,104,4,4
13365,54,58,-4,4
13366,99,106,-7,7
13367,130,160,-30,30
13368,100,101,-1,1
13369,59,57,2,2
13370,84,91,-7,7
13371,117,119,-2,2
13372,60,64,-4,4
13373,55,58,-3,3
13374,96,101,-5,5
13375,73,82,-9,9
13376,64,75,-11,11
13377,75,71,4,4
13378,55,51,4,4
13379,90,86,4,4
13380,142,148,-6,6
13381,139,138,1,1
13382,118,114,4,4
13383,120,112,8,8
13384,112,116,-4,4
13385,43,48,-5,5
13386,106,111,-5,5
13387,187,178,9,9
13388,117,123,-6,6
13389,111,113,-2,2
13390,188,183,5,5
13391,156,138,18,18
13392,136,140,-4,4
13393,88,92,-4,4
13394,29,38,-9,9
13395,107,97,10,10
13396,113,97,16,16
13397,93,91,2,2
13398,81,82,-1,1
13399,22,35,-13,13
13400,69,69,0,0
13401,168,159,9,9
13402,147,136,11,11
13403,105,116,-11,11
13404,145,134,11,11
13405,58,65,-7,7
13406,60,67,-7,7
13407,150,154,-4,4
13408,70,67,3,3
13409,69,72,-3,3
13410,140,141,-1,1
13411,88,84,4,4
13412,120,122,-2,2
13413,63,64,-1,1
13414,81,87,-6,6
13415,66,62,4,4
13416,91,85,6,6
13417,131,137,-6,6
13418,126,108,18,18
13419,138,144,-6,6
13420,103,109,-6,6
13421,103,104,-1,1
13422,50,62,-12,12
13423,64,72,-8,8
13424,75,79,-4,4
13425,67,66,1,1
13426,97,94,3,3
13427,109,114,-5,5
13428,137,132,5,5
13429,71,68,3,3
13430,98,90,8,8
13431,82,95,-13,13
13432,65,71,-6,6
13433,117,107,10,10
13434,148,155,-7,7
13435,190,177,13,13
13436,84,81,3,3
13437,110,105,5,5
13438,138,134,4,4
13439,74,75,-1,1
13440,130,118,12,12
13441,79,78,1,1
13442,92,114,-22,22
13443,137,144,-7,7
13444,104,93,11,11
13445,160,124,36,36
13446,90,87,3,3
13447,101,103,-2,2
13448,123,126,-3,3
13449,73,74,-1,1
13450,66,70,-4,4
13451,124,124,0,0
13452,173,159,14,14
13453,142,131,11,11
13454,32,41,-9,9
13455,104,103,1,1
13456,65,84,-19,19
13457,60,62,-2,2
13458,71,77,-6,6
13459,56,56,0,0
13460,122,124,-2,2
13461,135,149,-14,14
13462,162,160,2,2
13463,96,112,-16,16
13464,126,134,-8,8
13465,74,78,-4,4
13466,102,106,-4,4
13467,80,81,-1,1
13468,88,83,5,5
13469,92,81,11,11
13470,107,113,-6,6
13471,87,80,7,7
13472,58,61,-3,3
13473,80,73,7,7
13474,79,71,8,8
13475,114,123,-9,9
13476,78,88,-10,10
13477,75,79,-4,4
13478,168,173,-5,5
13479,114,115,-1,1
13480,59,70,-11,11
13481,152,159,-7,7
13482,66,66,0,0
13483,98,91,7,7
13484,70,74,-4,4
13485,101,87,14,14
13486,130,131,-1,1
13487,114,108,6,6
13488,63,66,-3,3
13489,181,170,11,11
13490,86,84,2,2
13491,107,120,-13,13
13492,59,61,-2,2
13493,74,74,0,0
13494,134,138,-4,4
13495,199,170,29,29
13496,58,62,-4,4
13497,99,103,-4,4
13498,103,108,-5,5
13499,183,163,20,20
13500,96,99,-3,3
13501,99,104,-5,5
13502,113,106,7,7
13503,88,79,9,9
13504,88,97,-9,9
13505,128,124,4,4
13506,82,92,-10,10
13507,80,76,4,4
13508,53,58,-5,5
13509,47,55,-8,8
13510,102,90,12,12
13511,97,99,-2,2
13512,68,71,-3,3
13513,125,116,9,9
13514,110,120,-10,10
13515,77,75,2,2
13516,127,118,9,9
13517,87,88,-1,1
13518,107,97,10,10
13519,105,114,-9,9
13520,153,128,25,25
13521,61,68,-7,7
13522,33,79,-46,46
13523,146,140,6,6
13524,100,108,-8,8
13525,170,157,13,13
13526,134,125,9,9
13527,78,100,-22,22
13528,73,65,8,8
13529,60,60,0,0
13530,64,64,0,0
13531,99,95,4,4
13532,80,97,-17,17
13533,65,66,-1,1
13534,67,62,5,5
13535,141,126,15,15
13536,60,65,-5,5
13537,138,146,-8,8
13538,154,154,0,0
13539,58,61,-3,3
13540,114,125,-11,11
13541,132,125,7,7
13542,98,101,-3,3
13543,80,88,-8,8
13544,105,108,-3,3
13545,84,92,-8,8
13546,78,79,-1,1
13547,154,147,7,7
13548,67,73,-6,6
13549,95,108,-13,13
13550,125,120,5,5
13551,128,122,6,6
13552,42,46,-4,4
13553,204,194,10,10
13554,98,100,-2,2
13555,112,113,-1,1
13556,132,124,8,8
13557,139,128,11,11
13558,93,88,5,5
13559,146,140,6,6
13560,56,59,-3,3
13561,65,63,2,2
13562,124,116,8,8
13563,103,107,-4,4
13564,86,80,6,6
13565,60,71,-11,11
13566,98,102,-4,4
13567,80,120,-40,40
13568,89,104,-15,15
13569,148,133,15,15
13570,40,45,-5,5
13571,80,90,-10,10
13572,70,80,-10,10
13573,82,73,9,9
13574,133,145,-12,12
13575,75,81,-6,6
13576,75,72,3,3
13577,120,106,14,14
13578,50,57,-7,7
13579,111,126,-15,15
13580,86,83,3,3
13581,115,120,-5,5
13582,63,59,4,4
13583,93,99,-6,6
13584,104,98,6,6
13585,153,153,0,0
13586,51,54,-3,3
13587,128,119,9,9
13588,92,87,5,5
13589,51,58,-7,7
13590,84,85,-1,1
13591,104,106,-2,2
13592,101,98,3,3
13593,83,89,-6,6
13594,69,76,-7,7
13595,96,91,5,5
13596,83,80,3,3
13597,54,69,-15,15
13598,83,71,12,12
13599,54,49,5,5
13600,61,60,1,1
13601,116,107,9,9
13602,113,104,9,9
13603,76,72,4,4
13604,87,84,3,3
13605,59,59,0,0
13606,141,139,2,2
13607,97,102,-5,5
13608,89,83,6,6
13609,131,133,-2,2
13610,71,70,1,1
13611,60,57,3,3
13612,39,47,-8,8
13613,68,75,-7,7
13614,61,62,-1,1
13615,107,105,2,2
13616,95,98,-3,3
13617,94,114,-20,20
13618,82,87,-5,5
13619,110,115,-5,5
13620,113,117,-4,4
13621,107,102,5,5
13622,161,142,19,19
13623,180,159,21,21
13624,101,105,-4,4
13625,88,85,3,3
13626,87,87,0,0
13627,115,116,-1,1
13628,121,117,4,4
13629,139,138,1,1
13630,123,123,0,0
13631,63,63,0,0
13632,122,115,7,7
13633,68,71,-3,3
13634,110,103,7,7
13635,57,80,-23,23
13636,82,79,3,3
13637,95,98,-3,3
13638,134,135,-1,1
13639,98,85,13,13
13640,128,123,5,5
13641,95,92,3,3
13642,104,127,-23,23
13643,175,163,12,12
13644,109,101,8,8
13645,164,149,15,15
13646,118,116,2,2
13647,70,72,-2,2
13648,54,66,-12,12
13649,145,145,0,0
13650,68,69,-1,1
13651,82,89,-7,7
13652,61,63,-2,2
13653,92,93,-1,1
13654,89,86,3,3
13655,96,92,4,4
13656,122,116,6,6
13657,79,80,-1,1
13658,75,77,-2,2
13659,108,110,-2,2
13660,43,46,-3,3
13661,67,71,-4,4
13662,75,79,-4,4
13663,67,68,-1,1
13664,88,92,-4,4
13665,55,57,-2,2
13666,96,111,-15,15
13667,60,63,-3,3
13668,125,118,7,7
13669,56,64,-8,8
13670,111,113,-2,2
13671,105,119,-14,14
13672,77,101,-24,24
13673,89,98,-9,9
13674,79,83,-4,4
13675,107,112,-5,5
13676,124,116,8,8
13677,119,117,2,2
13678,57,80,-23,23
13679,127,126,1,1
13680,64,74,-10,10
13681,96,101,-5,5
13682,89,81,8,8
13683,71,74,-3,3
13684,76,77,-1,1
13685,110,114,-4,4
13686,120,132,-12,12
13687,98,91,7,7
13688,84,90,-6,6
13689,233,214,19,19
13690,75,70,5,5
13691,107,89,18,18
13692,76,78,-2,2
13693,84,89,-5,5
13694,86,84,2,2
13695,103,98,5,5
13696,106,100,6,6
13697,150,130,20,20
13698,73,72,1,1
13699,130,143,-13,13
13700,132,121,11,11
13701,139,137,2,2
13702,115,116,-1,1
13703,155,150,5,5
13704,75,82,-7,7
13705,70,73,-3,3
13706,127,118,9,9
13707,65,61,4,4
13708,100,111,-11,11
13709,170,165,5,5
13710,135,130,5,5
13711,75,77,-2,2
13712,164,171,-7,7
13713,125,113,12,12
13714,104,116,-12,12
13715,53,52,1,1
13716,146,143,3,3
13717,102,87,15,15
13718,70,75,-5,5
13719,54,58,-4,4
13720,108,108,0,0
13721,97,99,-2,2
13722,104,102,2,2
13723,140,141,-1,1
13724,94,108,-14,14
13725,62,76,-14,14
13726,105,99,6,6
13727,48,48,0,0
13728,63,68,-5,5
13729,64,57,7,7
13730,51,53,-2,2
13731,63,61,2,2
13732,121,121,0,0
13733,120,115,5,5
13734,86,87,-1,1
13735,91,96,-5,5
13736,55,62,-7,7
13737,98,102,-4,4
13738,69,64,5,5
13739,45,41,4,4
13740,126,141,-15,15
13741,169,168,1,1
13742,95,89,6,6
13743,106,111,-5,5
13744,91,85,6,6
13745,126,119,7,7
13746,67,71,-4,4
13747,55,58,-3,3
13748,74,80,-6,6
13749,87,76,11,11
13750,87,87,0,0
13751,83,75,8,8
13752,114,128,-14,14
13753,125,130,-5,5
13754,120,118,2,2
13755,86,82,4,4
13756,66,72,-6,6
13757,106,105,1,1
13758,62,59,3,3
13759,87,110,-23,23
13760,68,65,3,3
13761,77,78,-1,1
13762,106,105,1,1
13763,101,101,0,0
13764,93,89,4,4
13765,63,88,-25,25
13766,53,62,-9,9
13767,116,120,-4,4
13768,116,114,2,2
13769,92,117,-25,25
13770,80,85,-5,5
13771,93,95,-2,2
13772,129,123,6,6
13773,97,100,-3,3
13774,51,62,-11,11
13775,98,90,8,8
13776,80,108,-28,28
13777,74,76,-2,2
13778,157,147,10,10
13779,163,167,-4,4
13780,62,65,-3,3
13781,107,109,-2,2
13782,107,96,11,11
13783,107,107,0,0
13784,83,84,-1,1
13785,117,103,14,14
13786,94,101,-7,7
13787,65,67,-2,2
13788,61,69,-8,8
13789,79,83,-4,4
13790,137,139,-2,2
13791,141,132,9,9
13792,95,94,1,1
13793,101,104,-3,3
13794,95,100,-5,5
13795,142,127,15,15
13796,107,95,12,12
13797,80,79,1,1
13798,91,93,-2,2
13799,71,72,-1,1
13800,81,77,4,4
13801,96,93,3,3
13802,151,143,8,8
13803,75,85,-10,10
13804,69,74,-5,5
13805,70,72,-2,2
13806,66,70,-4,4
13807,100,104,-4,4
13808,107,106,1,1
13809,116,114,2,2
13810,59,65,-6,6
13811,90,91,-1,1
13812,60,58,2,2
13813,55,56,-1,1
13814,66,71,-5,5
13815,90,94,-4,4
13816,80,85,-5,5
13817,151,79,72,72
13818,91,88,3,3
13819,59,64,-5,5
13820,73,73,0,0
13821,51,60,-9,9
13822,95,99,-4,4
13823,92,90,2,2
13824,61,61,0,0
13825,80,80,0,0
13826,107,124,-17,17
13827,79,81,-2,2
13828,167,151,16,16
13829,58,61,-3,3
13830,104,103,1,1
13831,106,120,-14,14
13832,61,56,5,5
13833,111,119,-8,8
13834,97,113,-16,16
13835,101,103,-2,2
13836,67,70,-3,3
13837,56,64,-8,8
13838,57,61,-4,4
13839,82,68,14,14
13840,95,92,3,3
13841,69,74,-5,5
13842,58,63,-5,5
13843,105,104,1,1
13844,163,145,18,18
13845,61,66,-5,5
13846,90,74,16,16
13847,220,206,14,14
13848,96,83,13,13
13849,44,48,-4,4
13850,59,61,-2,2
13851,60,64,-4,4
13852,64,68,-4,4
13853,94,93,1,1
13854,151,139,12,12
13855,75,76,-1,1
13856,75,75,0,0
13857,79,73,6,6
13858,70,78,-8,8
13859,107,113,-6,6
13860,145,139,6,6
13861,70,66,4,4
13862,75,69,6,6
13863,141,134,7,7
13864,66,70,-4,4
13865,79,74,5,5
13866,111,103,8,8
13867,112,104,8,8
13868,125,136,-11,11
13869,121,129,-8,8
13870,108,106,2,2
13871,74,82,-8,8
13872,106,113,-7,7
13873,118,122,-4,4
13874,162,149,13,13
13875,142,111,31,31
13876,65,69,-4,4
13877,59,59,0,0
13878,91,84,7,7
13879,75,72,3,3
13880,125,120,5,5
13881,146,136,10,10
13882,84,79,5,5
13883,95,95,0,0
13884,88,82,6,6
13885,95,91,4,4
13886,54,60,-6,6
13887,68,60,8,8
13888,250,242,8,8
13889,64,58,6,6
13890,89,84,5,5
13891,63,66,-3,3
13892,47,63,-16,16
13893,113,114,-1,1
13894,118,114,4,4
13895,77,77,0,0
13896,175,157,18,18
13897,87,86,1,1
13898,85,87,-2,2
13899,107,101,6,6
13900,77,66,11,11
13901,112,123,-11,11
13902,67,73,-6,6
13903,124,139,-15,15
13904,69,69,0,0
13905,170,168,2,2
13906,91,81,10,10
13907,69,72,-3,3
13908,69,64,5,5
13909,102,104,-2,2
13910,87,101,-14,14
13911,61,63,-2,2
13912,140,119,21,21
13913,56,57,-1,1
13914,50,47,3,3
13915,71,67,4,4
13916,46,52,-6,6
13917,102,105,-3,3
13918,72,70,2,2
13919,102,109,-7,7
13920,98,98,0,0
13921,114,118,-4,4
13922,83,87,-4,4
13923,75,78,-3,3
13924,92,86,6,6
13925,107,112,-5,5
13926,166,156,10,10
13927,72,77,-5,5
13928,43,62,-19,19
13929,98,86,12,12
13930,141,137,4,4
13931,112,100,12,12
13932,149,144,5,5
13933,17,33,-16,16
13934,63,73,-10,10
13935,127,125,2,2
13936,128,128,0,0
13937,64,67,-3,3
13938,59,64,-5,5
13939,45,58,-13,13
13940,104,102,2,2
13941,82,81,1,1
13942,52,48,4,4
13943,96,87,9,9
13944,108,108,0,0
13945,122,124,-2,2
13946,105,105,0,0
13947,72,75,-3,3
13948,75,72,3,3
13949,111,112,-1,1
13950,86,84,2,2
13951,121,121,0,0
13952,86,77,9,9
13953,66,66,0,0
13954,93,93,0,0
13955,128,138,-10,10
13956,142,134,8,8
13957,87,74,13,13
13958,84,86,-2,2
13959,103,107,-4,4
13960,113,105,8,8
13961,136,137,-1,1
13962,74,72,2,2
13963,108,125,-17,17
13964,89,90,-1,1
13965,84,86,-2,2
13966,98,100,-2,2
13967,51,56,-5,5
13968,53,47,6,6
13969,88,91,-3,3
13970,96,88,8,8
13971,105,115,-10,10
13972,95,87,8,8
13973,119,93,26,26
13974,79,72,7,7
13975,110,92,18,18
13976,68,67,1,1
13977,98,102,-4,4
13978,162,165,-3,3
13979,124,126,-2,2
13980,54,54,0,0
13981,89,100,-11,11
13982,55,56,-1,1
13983,147,128,19,19
13984,118,113,5,5
13985,28,38,-10,10
13986,115,115,0,0
13987,87,89,-2,2
13988,129,122,7,7
13989,100,99,1,1
13990,119,120,-1,1
13991,95,93,2,2
13992,130,129,1,1
13993,57,51,6,6
13994,103,93,10,10
13995,100,98,2,2
13996,95,93,2,2
13997,61,62,-1,1
13998,59,65,-6,6
13999,126,113,13,13
14000,162,172,-10,10
14001,98,105,-7,7
14002,134,112,22,22
14003,118,117,1,1
14004,57,62,-5,5
14005,84,91,-7,7
14006,84,82,2,2
14007,120,131,-11,11
14008,163,165,-2,2
14009,64,68,-4,4
14010,83,78,5,5
14011,69,83,-14,14
14012,135,105,30,30
14013,86,83,3,3
14014,60,53,7,7
14015,77,80,-3,3
14016,92,97,-5,5
14017,85,81,4,4
14018,161,155,6,6
14019,126,112,14,14
14020,63,65,-2,2
14021,93,105,-12,12
14022,73,70,3,3
14023,107,109,-2,2
14024,74,76,-2,2
14025,73,69,4,4
14026,108,98,10,10
14027,182,175,7,7
14028,134,122,12,12
14029,67,72,-5,5
14030,91,84,7,7
14031,131,157,-26,26
14032,146,141,5,5
14033,80,80,0,0
14034,139,130,9,9
14035,188,186,2,2
14036,150,143,7,7
14037,74,76,-2,2
14038,115,118,-3,3
14039,87,83,4,4
14040,83,68,15,15
14041,71,69,2,2
14042,95,99,-4,4
14043,110,106,4,4
14044,91,90,1,1
14045,108,109,-1,1
14046,51,52,-1,1
14047,71,75,-4,4
14048,50,53,-3,3
14049,66,72,-6,6
14050,56,67,-11,11
14051,108,114,-6,6
14052,114,111,3,3
14053,86,75,11,11
14054,88,86,2,2
14055,66,60,6,6
14056,111,114,-3,3
14057,53,58,-5,5
14058,94,92,2,2
14059,74,74,0,0
14060,129,135,-6,6
14061,75,81,-6,6
14062,198,179,19,19
14063,76,71,5,5
14064,94,97,-3,3
14065,70,69,1,1
14066,172,151,21,21
14067,61,64,-3,3
14068,80,78,2,2
14069,102,94,8,8
14070,114,115,-1,1
14071,70,76,-6,6
14072,75,83,-8,8
14073,112,107,5,5
14074,44,50,-6,6
14075,145,167,-22,22
14076,68,95,-27,27
14077,148,144,4,4
14078,56,60,-4,4
14079,81,83,-2,2
14080,73,75,-2,2
14081,122,127,-5,5
14082,75,81,-6,6
14083,121,129,-8,8
14084,139,142,-3,3
14085,63,64,-1,1
14086,125,125,0,0
14087,85,83,2,2
14088,112,117,-5,5
14089,114,111,3,3
14090,134,127,7,7
14091,98,110,-12,12
14092,75,83,-8,8
14093,135,124,11,11
14094,96,103,-7,7
14095,102,102,0,0
14096,150,154,-4,4
14097,186,168,18,18
14098,63,62,1,1
14099,116,111,5,5
14100,83,74,9,9
14101,110,98,12,12
14102,104,102,2,2
14103,71,73,-2,2
14104,111,120,-9,9
14105,106,114,-8,8
14106,147,152,-5,5
14107,67,72,-5,5
14108,212,200,12,12
14109,83,84,-1,1
14110,174,151,23,23
14111,113,128,-15,15
14112,68,79,-11,11
14113,159,165,-6,6
14114,52,63,-11,11
14115,123,124,-1,1
14116,112,115,-3,3
14117,69,79,-10,10
14118,61,66,-5,5
14119,63,66,-3,3
14120,70,73,-3,3
14121,65,73,-8,8
14122,145,154,-9,9
14123,121,126,-5,5
14124,60,58,2,2
14125,187,171,16,16
14126,24,35,-11,11
14127,136,137,-1,1
14128,65,76,-11,11
14129,67,68,-1,1
14130,189,184,5,5
14131,83,105,-22,22
14132,76,79,-3,3
14133,91,89,2,2
14134,74,88,-14,14
14135,55,65,-10,10
14136,107,102,5,5
14137,160,149,11,11
14138,149,138,11,11
14139,96,89,7,7
14140,88,88,0,0
14141,118,114,4,4
14142,91,89,2,2
14143,92,101,-9,9
14144,74,74,0,0
14145,118,125,-7,7
14146,81,100,-19,19
14147,95,98,-3,3
14148,68,73,-5,5
14149,132,118,14,14
14150,49,45,4,4
14151,115,116,-1,1
14152,148,147,1,1
14153,109,127,-18,18
14154,104,99,5,5
14155,159,163,-4,4
14156,83,75,8,8
14157,47,46,1,1
14158,92,88,4,4
14159,101,108,-7,7
14160,57,59,-2,2
14161,40,49,-9,9
14162,153,142,11,11
14163,163,142,21,21
14164,66,69,-3,3
14165,90,87,3,3
14166,55,53,2,2
14167,52,62,-10,10
14168,96,94,2,2
14169,115,117,-2,2
14170,47,45,2,2
14171,77,91,-14,14
14172,76,81,-5,5
14173,115,119,-4,4
14174,93,100,-7,7
14175,120,96,24,24
14176,83,90,-7,7
14177,119,116,3,3
14178,40,52,-12,12
14179,47,53,-6,6
14180,55,54,1,1
14181,96,98,-2,2
14182,88,97,-9,9
14183,74,88,-14,14
14184,80,87,-7,7
14185,68,65,3,3
14186,144,139,5,5
14187,101,99,2,2
14188,116,116,0,0
14189,63,63,0,0
14190,51,51,0,0
14191,123,120,3,3
14192,145,142,3,3
14193,107,100,7,7
14194,109,111,-2,2
14195,115,120,-5,5
14196,59,59,0,0
14197,63,73,-10,10
14198,190,186,4,4
14199,69,66,3,3
14200,77,78,-1,1
14201,78,85,-7,7
14202,85,99,-14,14
14203,112,98,14,14
14204,82,83,-1,1
14205,150,147,3,3
14206,72,78,-6,6
14207,105,110,-5,5
14208,80,79,1,1
14209,39,45,-6,6
14210,102,109,-7,7
14211,68,74,-6,6
14212,95,91,4,4
14213,24,34,-10,10
14214,50,54,-4,4
14215,66,59,7,7
14216,69,75,-6,6
14217,120,113,7,7
14218,140,123,17,17
14219,69,74,-5,5
14220,187,155,32,32
14221,107,106,1,1
14222,67,67,0,0
14223,126,133,-7,7
14224,112,125,-13,13
14225,93,106,-13,13
14226,89,92,-3,3
14227,93,104,-11,11
14228,48,48,0,0
14229,153,148,5,5
14230,67,67,0,0
14231,48,54,-6,6
14232,58,69,-11,11
14233,179,167,12,12
14234,91,92,-1,1
14235,123,125,-2,2
14236,70,71,-1,1
14237,32,41,-9,9
14238,96,85,11,11
14239,53,58,-5,5
14240,99,104,-5,5
14241,133,121,12,12
14242,77,86,-9,9
14243,47,50,-3,3
14244,55,56,-1,1
14245,85,79,6,6
14246,135,133,2,2
14247,103,98,5,5
14248,62,75,-13,13
14249,73,76,-3,3
14250,117,130,-13,13
14251,112,109,3,3
14252,34,36,-2,2
14253,46,51,-5,5
14254,68,66,2,2
14255,42,41,1,1
14256,88,106,-18,18
14257,88,86,2,2
14258,78,82,-4,4
14259,74,81,-7,7
14260,145,137,8,8
14261,144,142,2,2
14262,146,149,-3,3
14263,50,53,-3,3
14264,134,119,15,15
14265,81,78,3,3
14266,81,76,5,5
14267,64,66,-2,2
14268,134,131,3,3
14269,177,175,2,2
14270,115,106,9,9
14271,105,109,-4,4
14272,142,131,11,11
14273,104,103,1,1
14274,74,81,-7,7
14275,177,162,15,15
14276,47,48,-1,1
14277,127,132,-5,5
14278,186,171,15,15
14279,81,95,-14,14
14280,78,75,3,3
14281,155,140,15,15
14282,170,131,39,39
14283,97,91,6,6
14284,94,90,4,4
14285,77,83,-6,6
14286,83,85,-2,2
14287,109,109,0,0
14288,92,98,-6,6
14289,93,97,-4,4
14290,63,86,-23,23
14291,85,85,0,0
14292,92,103,-11,11
14293,68,58,10,10
14294,111,120,-9,9
14295,181,174,7,7
14296,57,57,0,0
14297,93,104,-11,11
14298,68,77,-9,9
14299,95,102,-7,7
14300,123,111,12,12
14301,58,63,-5,5
14302,159,143,16,16
14303,97,87,10,10
14304,82,79,3,3
14305,70,68,2,2
14306,87,76,11,11
14307,63,67,-4,4
14308,138,134,4,4
14309,124,126,-2,2
14310,90,86,4,4
14311,72,65,7,7
14312,82,95,-13,13
14313,102,122,-20,20
14314,149,132,17,17
14315,127,120,7,7
14316,127,110,17,17
14317,80,80,0,0
14318,79,68,11,11
14319,126,132,-6,6
14320,160,156,4,4
14321,88,90,-2,2
14322,57,46,11,11
14323,117,118,-1,1
14324,88,80,8,8
14325,117,119,-2,2
14326,108,109,-1,1
14327,122,133,-11,11
14328,126,119,7,7
14329,137,136,1,1
14330,119,104,15,15
14331,94,98,-4,4
14332,89,72,17,17
14333,65,61,4,4
14334,80,79,1,1
14335,73,77,-4,4
14336,137,123,14,14
14337,112,113,-1,1
14338,93,90,3,3
14339,121,104,17,17
14340,94,101,-7,7
14341,74,77,-3,3
14342,126,123,3,3
14343,102,95,7,7
14344,61,59,2,2
14345,107,113,-6,6
14346,187,172,15,15
14347,129,124,5,5
14348,96,101,-5,5
14349,85,77,8,8
14350,89,96,-7,7
14351,65,59,6,6
14352,67,74,-7,7
14353,95,89,6,6
14354,90,82,8,8
14355,70,86,-16,16
14356,51,61,-10,10
14357,67,76,-9,9
14358,105,98,7,7
14359,72,87,-15,15
14360,73,67,6,6
14361,90,89,1,1
14362,60,57,3,3
14363,125,123,2,2
14364,128,119,9,9
14365,114,113,1,1
14366,80,61,19,19
14367,130,118,12,12
14368,170,186,-16,16
14369,163,156,7,7
14370,121,110,11,11
14371,65,70,-5,5
14372,110,109,1,1
14373,86,88,-2,2
14374,136,137,-1,1
14375,95,99,-4,4
14376,82,80,2,2
14377,117,113,4,4
14378,122,124,-2,2
14379,61,57,4,4
14380,49,52,-3,3
14381,188,169,19,19
14382,61,69,-8,8
14383,164,164,0,0
14384,64,72,-8,8
14385,100,92,8,8
14386,75,75,0,0
14387,90,85,5,5
14388,83,78,5,5
14389,74,83,-9,9
14390,88,89,-1,1
14391,110,103,7,7
14392,104,104,0,0
14393,61,68,-7,7
14394,80,87,-7,7
14395,121,114,7,7
14396,72,75,-3,3
14397,80,78,2,2
14398,38,37,1,1
14399,136,119,17,17
14400,85,90,-5,5
14401,86,86,0,0
14402,129,125,4,4
14403,58,60,-2,2
14404,73,79,-6,6
14405,135,137,-2,2
14406,106,119,-13,13
14407,53,59,-6,6
14408,54,55,-1,1
14409,62,77,-15,15
14410,91,97,-6,6
14411,61,61,0,0
14412,56,66,-10,10
14413,53,56,-3,3
14414,67,67,0,0
14415,81,86,-5,5
14416,77,85,-8,8
14417,92,96,-4,4
14418,181,171,10,10
14419,68,74,-6,6
14420,73,77,-4,4
14421,102,99,3,3
14422,85,86,-1,1
14423,78,79,-1,1
14424,85,80,5,5
14425,86,98,-12,12
14426,61,62,-1,1
14427,60,62,-2,2
14428,70,85,-15,15
14429,63,68,-5,5
14430,141,151,-10,10
14431,82,79,3,3
14432,125,117,8,8
14433,25,31,-6,6
14434,124,119,5,5
14435,42,47,-5,5
14436,123,130,-7,7
14437,50,54,-4,4
14438,94,104,-10,10
14439,175,166,9,9
14440,119,124,-5,5
14441,97,105,-8,8
14442,112,112,0,0
14443,105,104,1,1
14444,85,84,1,1
14445,117,123,-6,6
14446,140,135,5,5
14447,117,109,8,8
14448,45,45,0,0
14449,73,78,-5,5
14450,71,84,-13,13
14451,41,43,-2,2
14452,134,127,7,7
14453,102,105,-3,3
14454,69,70,-1,1
14455,98,104,-6,6
14456,113,107,6,6
14457,90,93,-3,3
14458,67,65,2,2
14459,83,86,-3,3
14460,64,66,-2,2
14461,192,170,22,22
14462,93,81,12,12
14463,111,113,-2,2
14464,122,128,-6,6
14465,89,101,-12,12
14466,77,101,-24,24
14467,66,69,-3,3
14468,57,62,-5,5
14469,84,87,-3,3
14470,90,94,-4,4
14471,103,105,-2,2
14472,144,141,3,3
14473,120,112,8,8
14474,105,104,1,1
14475,121,121,0,0
14476,51,93,-42,42
14477,91,82,9,9
14478,73,79,-6,6
14479,60,62,-2,2
14480,50,48,2,2
14481,94,104,-10,10
14482,107,102,5,5
14483,62,56,6,6
14484,77,77,0,0
14485,109,106,3,3
14486,113,108,5,5
14487,95,103,-8,8
14488,153,154,-1,1
14489,146,131,15,15
14490,75,79,-4,4
14491,97,102,-5,5
14492,96,101,-5,5
14493,112,127,-15,15
14494,93,105,-12,12
14495,88,89,-1,1
14496,143,130,13,13
14497,131,132,-1,1
14498,92,99,-7,7
14499,77,74,3,3
14500,94,91,3,3
14501,60,72,-12,12
14502,70,69,1,1
14503,73,76,-3,3
14504,115,111,4,4
14505,111,117,-6,6
14506,41,40,1,1
14507,49,52,-3,3
14508,141,136,5,5
14509,85,79,6,6
14510,89,86,3,3
14511,84,74,10,10
14512,102,102,0,0
14513,100,104,-4,4
14514,72,73,-1,1
14515,99,99,0,0
14516,68,65,3,3
14517,63,58,5,5
14518,156,165,-9,9
14519,113,109,4,4
14520,109,104,5,5
14521,141,135,6,6
14522,173,168,5,5
14523,95,104,-9,9
14524,89,99,-10,10
14525,103,102,1,1
14526,71,74,-3,3
14527,81,81,0,0
14528,93,98,-5,5
14529,138,153,-15,15
14530,94,82,12,12
14531,168,154,14,14
14532,56,62,-6,6
14533,70,66,4,4
14534,143,124,19,19
14535,115,116,-1,1
14536,78,73,5,5
14537,71,65,6,6
14538,61,60,1,1
14539,174,169,5,5
14540,136,138,-2,2
14541,137,142,-5,5
14542,64,60,4,4
14543,98,94,4,4
14544,61,66,-5,5
14545,79,78,1,1
14546,58,61,-3,3
14547,88,89,-1,1
14548,83,83,0,0
14549,58,67,-9,9
14550,113,104,9,9
14551,65,61,4,4
14552,98,97,1,1
14553,98,91,7,7
14554,119,108,11,11
14555,81,86,-5,5
14556,107,112,-5,5
14557,69,67,2,2
14558,102,108,-6,6
14559,64,69,-5,5
14560,92,103,-11,11
14561,91,80,11,11
14562,76,70,6,6
14563,120,116,4,4
14564,131,129,2,2
14565,73,67,6,6
14566,113,97,16,16
14567,46,55,-9,9
14568,31,30,1,1
14569,86,98,-12,12
14570,124,132,-8,8
14571,69,67,2,2
14572,103,102,1,1
14573,78,85,-7,7
14574,85,79,6,6
14575,43,42,1,1
14576,102,105,-3,3
14577,64,72,-8,8
14578,112,123,-11,11
14579,104,103,1,1
14580,116,120,-4,4
14581,72,75,-3,3
14582,86,101,-15,15
14583,45,50,-5,5
14584,90,99,-9,9
14585,204,188,16,16
14586,38,44,-6,6
14587,95,80,15,15
14588,102,113,-11,11
14589,193,187,6,6
14590,130,122,8,8
14591,47,51,-4,4
14592,132,134,-2,2
14593,176,146,30,30
14594,67,72,-5,5
14595,100,109,-9,9
14596,73,67,6,6
14597,44,50,-6,6
14598,65,69,-4,4
14599,34,44,-10,10
14600,56,65,-9,9
14601,87,89,-2,2
14602,87,108,-21,21
14603,44,54,-10,10
14604,115,108,7,7
14605,82,80,2,2
14606,134,140,-6,6
14607,161,151,10,10
14608,61,58,3,3
14609,150,147,3,3
14610,106,104,2,2
14611,68,66,2,2
14612,106,100,6,6
14613,96,97,-1,1
14614,142,150,-8,8
14615,74,65,9,9
14616,47,52,-5,5
14617,130,134,-4,4
14618,121,124,-3,3
14619,104,105,-1,1
14620,79,80,-1,1
14621,85,81,4,4
14622,92,88,4,4
14623,52,99,-47,47
14624,144,159,-15,15
14625,92,80,12,12
14626,58,56,2,2
14627,116,125,-9,9
14628,71,79,-8,8
14629,65,62,3,3
14630,86,77,9,9
14631,51,58,-7,7
14632,51,57,-6,6
14633,169,164,5,5
14634,117,124,-7,7
14635,94,98,-4,4
14636,77,74,3,3
14637,61,64,-3,3
14638,64,65,-1,1
14639,38,50,-12,12
14640,54,52,2,2
14641,70,72,-2,2
14642,77,82,-5,5
14643,127,119,8,8
14644,58,61,-3,3
14645,84,86,-2,2
14646,89,98,-9,9
14647,52,50,2,2
14648,73,73,0,0
14649,64,73,-9,9
14650,53,65,-12,12
14651,112,105,7,7
14652,92,91,1,1
14653,90,76,14,14
14654,72,72,0,0
14655,99,108,-9,9
14656,84,77,7,7
14657,90,93,-3,3
14658,135,140,-5,5
14659,91,86,5,5
14660,81,89,-8,8
14661,119,112,7,7
14662,70,75,-5,5
14663,62,63,-1,1
14664,80,84,-4,4
14665,69,69,0,0
14666,107,121,-14,14
14667,145,136,9,9
14668,137,130,7,7
14669,94,99,-5,5
14670,158,140,18,18
14671,174,188,-14,14
14672,100,106,-6,6
14673,141,133,8,8
14674,131,124,7,7
14675,168,162,6,6
14676,98,99,-1,1
14677,116,126,-10,10
14678,101,100,1,1
14679,89,109,-20,20
14680,119,117,2,2
14681,139,137,2,2
14682,25,28,-3,3
14683,106,108,-2,2
14684,161,160,1,1
14685,123,121,2,2
14686,87,85,2,2
14687,58,60,-2,2
14688,62,67,-5,5
14689,89,87,2,2
14690,81,78,3,3
14691,70,63,7,7
14692,78,79,-1,1
14693,163,162,1,1
14694,46,76,-30,30
14695,57,54,3,3
14696,108,107,1,1
14697,148,114,34,34
14698,74,78,-4,4
14699,54,59,-5,5
14700,64,75,-11,11
14701,162,143,19,19
14702,124,116,8,8
14703,75,80,-5,5
14704,76,76,0,0
14705,81,91,-10,10
14706,56,62,-6,6
14707,90,83,7,7
14708,70,79,-9,9
14709,66,83,-17,17
14710,75,78,-3,3
14711,95,114,-19,19
14712,123,125,-2,2
14713,125,125,0,0
14714,44,46,-2,2
14715,141,138,3,3
14716,53,60,-7,7
14717,97,99,-2,2
14718,100,105,-5,5
14719,78,99,-21,21
14720,199,186,13,13
14721,124,119,5,5
14722,56,71,-15,15
14723,62,59,3,3
14724,109,106,3,3
14725,149,134,15,15
14726,101,107,-6,6
14727,129,121,8,8
14728,138,121,17,17
14729,118,124,-6,6
14730,151,144,7,7
14731,58,60,-2,2
14732,148,149,-1,1
14733,89,92,-3,3
14734,93,99,-6,6
14735,111,104,7,7
14736,131,129,2,2
14737,106,108,-2,2
14738,123,121,2,2
14739,119,141,-22,22
14740,106,111,-5,5
14741,121,115,6,6
14742,74,68,6,6
14743,94,99,-5,5
14744,83,77,6,6
14745,159,150,9,9
14746,126,118,8,8
14747,71,73,-2,2
14748,52,52,0,0
14749,139,145,-6,6
14750,98,90,8,8
14751,94,96,-2,2
14752,58,57,1,1
14753,126,130,-4,4
14754,65,66,-1,1
14755,98,86,12,12
14756,170,163,7,7
14757,71,78,-7,7
14758,63,74,-11,11
14759,74,80,-6,6
14760,119,114,5,5
14761,73,87,-14,14
14762,88,87,1,1
14763,96,102,-6,6
14764,125,128,-3,3
14765,119,119,0,0
14766,88,87,1,1
14767,98,93,5,5
14768,103,119,-16,16
14769,95,90,5,5
14770,80,83,-3,3
14771,88,87,1,1
14772,50,46,4,4
14773,81,76,5,5
14774,72,67,5,5
14775,56,51,5,5
14776,54,56,-2,2
14777,70,81,-11,11
14778,92,85,7,7
14779,79,80,-1,1
14780,64,68,-4,4
14781,121,121,0,0
14782,55,56,-1,1
14783,110,109,1,1
14784,142,140,2,2
14785,160,153,7,7
14786,61,63,-2,2
14787,59,61,-2,2
14788,102,107,-5,5
14789,95,89,6,6
14790,62,69,-7,7
14791,142,144,-2,2
14792,91,77,14,14
14793,114,110,4,4
14794,54,54,0,0
14795,93,103,-10,10
14796,96,98,-2,2
14797,75,72,3,3
14798,95,90,5,5
14799,59,63,-4,4
14800,87,76,11,11
14801,121,108,13,13
14802,85,90,-5,5
14803,74,77,-3,3
14804,94,98,-4,4
14805,117,122,-5,5
14806,136,136,0,0
14807,51,51,0,0
14808,143,136,7,7
14809,110,111,-1,1
14810,112,109,3,3
14811,59,57,2,2
14812,69,64,5,5
14813,92,89,3,3
14814,92,100,-8,8
14815,125,115,10,10
14816,93,85,8,8
14817,94,85,9,9
14818,183,166,17,17
14819,158,164,-6,6
14820,126,122,4,4
14821,201,180,21,21
14822,96,88,8,8
14823,69,83,-14,14
14824,112,125,-13,13
14825,60,66,-6,6
14826,81,76,5,5
14827,229,222,7,7
14828,81,76,5,5
14829,49,58,-9,9
14830,98,91,7,7
14831,104,106,-2,2
14832,117,110,7,7
14833,91,98,-7,7
14834,96,84,12,12
14835,82,81,1,1
14836,193,167,26,26
14837,75,81,-6,6
14838,101,102,-1,1
14839,128,116,12,12
14840,103,104,-1,1
14841,84,80,4,4
14842,162,149,13,13
14843,117,116,1,1
14844,104,124,-20,20
14845,85,84,1,1
14846,90,91,-1,1
14847,67,70,-3,3
14848,91,80,11,11
14849,152,147,5,5
14850,60,58,2,2
14851,107,107,0,0
14852,114,133,-19,19
14853,95,99,-4,4
14854,85,86,-1,1
14855,72,107,-35,35
14856,66,90,-24,24
14857,81,82,-1,1
14858,112,107,5,5
14859,39,43,-4,4
14860,125,138,-13,13
14861,67,69,-2,2
14862,103,99,4,4
14863,44,55,-11,11
14864,52,51,1,1
14865,58,63,-5,5
14866,105,111,-6,6
14867,55,66,-11,11
14868,107,126,-19,19
14869,102,113,-11,11
14870,61,78,-17,17
14871,129,130,-1,1
14872,72,72,0,0
14873,144,141,3,3
14874,67,72,-5,5
14875,131,122,9,9
14876,59,64,-5,5
14877,142,136,6,6
14878,80,82,-2,2
14879,95,90,5,5
14880,62,69,-7,7
14881,99,105,-6,6
14882,69,81,-12,12
14883,36,42,-6,6
14884,53,56,-3,3
14885,174,155,19,19
14886,120,120,0,0
14887,60,69,-9,9
14888,44,45,-1,1
14889,104,110,-6,6
14890,70,65,5,5
14891,80,75,5,5
14892,72,68,4,4
14893,114,130,-16,16
14894,110,111,-1,1
14895,69,63,6,6
14896,108,106,2,2
14897,136,134,2,2
14898,62,66,-4,4
14899,170,172,-2,2
14900,109,101,8,8
14901,85,85,0,0
14902,93,85,8,8
14903,117,117,0,0
14904,102,86,16,16
14905,123,118,5,5
14906,91,108,-17,17
14907,65,68,-3,3
14908,52,59,-7,7
14909,139,125,14,14
14910,88,93,-5,5
14911,67,83,-16,16
14912,143,141,2,2
14913,153,156,-3,3
14914,65,66,-1,1
14915,84,85,-1,1
14916,101,112,-11,11
14917,90,118,-28,28
14918,75,75,0,0
14919,95,92,3,3
14920,197,172,25,25
14921,60,61,-1,1
14922,152,149,3,3
14923,69,67,2,2
14924,79,82,-3,3
14925,63,71,-8,8
14926,114,115,-1,1
14927,94,87,7,7
14928,107,103,4,4
14929,94,94,0,0
14930,68,68,0,0
14931,95,98,-3,3
14932,123,115,8,8
14933,81,79,2,2
14934,141,126,15,15
14935,78,80,-2,2
14936,100,109,-9,9
14937,120,118,2,2
14938,36,43,-7,7
14939,81,86,-5,5
14940,118,103,15,15
14941,122,122,0,0
14942,80,74,6,6
14943,130,120,10,10
14944,44,46,-2,2
14945,170,172,-2,2
14946,74,90,-16,16
14947,66,72,-6,6
14948,192,175,17,17
14949,84,87,-3,3
14950,116,139,-23,23
14951,81,79,2,2
14952,43,43,0,0
14953,69,70,-1,1
14954,63,61,2,2
14955,94,97,-3,3
14956,84,82,2,2
14957,56,53,3,3
14958,106,113,-7,7
14959,152,129,23,23
14960,92,89,3,3
14961,68,68,0,0
14962,87,90,-3,3
14963,88,101,-13,13
14964,78,80,-2,2
14965,64,74,-10,10
14966,147,143,4,4
14967,57,57,0,0
14968,81,85,-4,4
14969,59,64,-5,5
14970,70,70,0,0
14971,87,99,-12,12
14972,90,81,9,9
14973,87,79,8,8
14974,49,55,-6,6
14975,160,139,21,21
14976,131,118,13,13
14977,83,86,-3,3
14978,44,48,-4,4
14979,44,52,-8,8
14980,52,51,1,1
14981,102,111,-9,9
14982,69,72,-3,3
14983,99,98,1,1
14984,81,89,-8,8
14985,91,101,-10,10
14986,87,83,4,4
14987,57,56,1,1
14988,82,88,-6,6
14989,56,57,-1,1
14990,76,73,3,3
14991,79,81,-2,2
14992,78,74,4,4
14993,121,111,10,10
14994,119,94,25,25
14995,68,77,-9,9
14996,146,136,10,10
14997,106,97,9,9
14998,132,120,12,12
14999,47,49,-2,2
15000,70,69,1,1
15001,114,101,13,13
15002,71,68,3,3
15003,85,101,-16,16
15004,132,123,9,9
15005,33,32,1,1
15006,16,52,-36,36
15007,68,73,-5,5
15008,62,66,-4,4
15009,84,89,-5,5
15010,50,54,-4,4
15011,91,96,-5,5
15012,116,114,2,2
15013,97,90,7,7
15014,126,130,-4,4
15015,102,109,-7,7
15016,111,102,9,9
15017,113,110,3,3
15018,149,135,14,14
15019,87,75,12,12
15020,120,111,9,9
15021,124,126,-2,2
15022,145,131,14,14
15023,78,76,2,2
15024,158,160,-2,2
15025,47,55,-8,8
15026,228,215,13,13
15027,86,93,-7,7
15028,97,97,0,0
15029,105,102,3,3
15030,59,68,-9,9
15031,134,108,26,26
15032,122,123,-1,1
15033,116,133,-17,17
15034,72,80,-8,8
15035,95,109,-14,14
15036,48,49,-1,1
15037,71,69,2,2
15038,164,167,-3,3
15039,80,81,-1,1
15040,96,87,9,9
15041,133,127,6,6
15042,121,127,-6,6
15043,122,125,-3,3
15044,99,91,8,8
15045,96,87,9,9
15046,41,49,-8,8
15047,157,137,20,20
15048,104,83,21,21
15049,65,73,-8,8
15050,103,112,-9,9
15051,118,116,2,2
15052,99,100,-1,1
15053,126,116,10,10
15054,106,106,0,0
15055,55,50,5,5
15056,75,73,2,2
15057,69,73,-4,4
15058,107,109,-2,2
15059,122,119,3,3
15060,63,67,-4,4
15061,107,108,-1,1
15062,96,116,-20,20
15063,62,74,-12,12
15064,72,70,2,2
15065,152,143,9,9
15066,65,70,-5,5
15067,78,78,0,0
15068,115,115,0,0
15069,113,105,8,8
15070,113,99,14,14
15071,105,105,0,0
15072,116,118,-2,2
15073,158,151,7,7
15074,57,62,-5,5
15075,141,145,-4,4
15076,82,81,1,1
15077,106,108,-2,2
15078,96,86,10,10
15079,104,105,-1,1
15080,98,97,1,1
15081,83,99,-16,16
15082,138,132,6,6
15083,148,143,5,5
15084,71,74,-3,3
15085,90,102,-12,12
15086,134,124,10,10
15087,129,135,-6,6
15088,127,127,0,0
15089,77,74,3,3
15090,69,77,-8,8
15091,102,106,-4,4
15092,69,70,-1,1
15093,65,68,-3,3
15094,102,113,-11,11
15095,56,71,-15,15
15096,123,116,7,7
15097,73,72,1,1
15098,61,70,-9,9
15099,102,116,-14,14
15100,98,101,-3,3
15101,80,75,5,5
15102,85,89,-4,4
15103,61,58,3,3
15104,127,130,-3,3
15105,68,67,1,1
15106,127,136,-9,9
15107,71,72,-1,1
15108,71,59,12,12
15109,149,140,9,9
15110,91,85,6,6
15111,98,107,-9,9
15112,51,56,-5,5
15113,90,86,4,4
15114,105,116,-11,11
15115,84,83,1,1
15116,98,92,6,6
15117,188,194,-6,6
15118,57,57,0,0
15119,135,115,20,20
15120,107,102,5,5
15121,166,157,9,9
15122,102,99,3,3
15123,162,155,7,7
15124,74,71,3,3
15125,81,82,-1,1
15126,58,60,-2,2
15127,93,76,17,17
15128,67,63,4,4
15129,136,143,-7,7
15130,122,124,-2,2
15131,114,120,-6,6
15132,66,64,2,2
15133,121,113,8,8
15134,82,91,-9,9
15135,110,108,2,2
15136,63,68,-5,5
15137,108,107,1,1
15138,77,74,3,3
15139,86,81,5,5
15140,74,69,5,5
15141,101,109,-8,8
15142,114,125,-11,11
15143,105,101,4,4
15144,106,109,-3,3
15145,83,80,3,3
15146,169,166,3,3
15147,71,72,-1,1
15148,87,92,-5,5
15149,67,72,-5,5
15150,86,110,-24,24
15151,244,226,18,18
15152,96,85,11,11
15153,136,134,2,2
15154,64,65,-1,1
15155,131,142,-11,11
15156,142,147,-5,5
15157,63,74,-11,11
15158,56,63,-7,7
15159,65,62,3,3
15160,116,108,8,8
15161,57,55,2,2
15162,109,117,-8,8
15163,114,127,-13,13
15164,68,65,3,3
15165,114,111,3,3
15166,64,84,-20,20
15167,112,119,-7,7
15168,47,52,-5,5
15169,66,66,0,0
15170,81,86,-5,5
15171,127,131,-4,4
15172,109,110,-1,1
15173,72,68,4,4
15174,94,100,-6,6
15175,46,54,-8,8
15176,113,81,32,32
15177,70,72,-2,2
15178,80,86,-6,6
15179,64,66,-2,2
15180,113,109,4,4
15181,56,67,-11,11
15182,112,104,8,8
15183,50,61,-11,11
15184,101,99,2,2
15185,173,172,1,1
15186,57,54,3,3
15187,104,101,3,3
15188,90,85,5,5
15189,76,75,1,1
15190,94,97,-3,3
15191,105,123,-18,18
15192,121,118,3,3
15193,126,134,-8,8
15194,127,112,15,15
15195,116,120,-4,4
15196,88,83,5,5
15197,62,73,-11,11
15198,190,189,1,1
15199,91,109,-18,18
15200,68,75,-7,7
15201,102,100,2,2
15202,150,119,31,31
15203,85,91,-6,6
15204,45,50,-5,5
15205,106,113,-7,7
15206,64,61,3,3
15207,152,155,-3,3
15208,124,129,-5,5
15209,77,82,-5,5
15210,80,88,-8,8
15211,68,60,8,8
15212,131,133,-2,2
15213,141,133,8,8
15214,138,124,14,14
15215,139,153,-14,14
15216,54,60,-6,6
15217,81,84,-3,3
15218,131,133,-2,2
15219,105,105,0,0
15220,88,79,9,9
15221,97,100,-3,3
15222,132,125,7,7
15223,80,86,-6,6
15224,83,84,-1,1
15225,56,64,-8,8
15226,68,78,-10,10
15227,88,84,4,4
15228,101,107,-6,6
15229,123,118,5,5
15230,123,133,-10,10
15231,56,74,-18,18
15232,139,139,0,0
15233,102,107,-5,5
15234,53,54,-1,1
15235,145,142,3,3
15236,94,100,-6,6
15237,126,124,2,2
15238,92,84,8,8
15239,82,80,2,2
15240,74,83,-9,9
15241,165,136,29,29
15242,99,107,-8,8
15243,139,146,-7,7
15244,84,75,9,9
15245,85,84,1,1
15246,63,71,-8,8
15247,174,151,23,23
15248,127,112,15,15
15249,93,106,-13,13
15250,106,107,-1,1
15251,108,136,-28,28
15252,93,93,0,0
15253,98,81,17,17
15254,91,88,3,3
15255,68,65,3,3
15256,98,99,-1,1
15257,264,255,9,9
15258,105,97,8,8
15259,71,76,-5,5
15260,57,56,1,1
15261,99,98,1,1
15262,87,82,5,5
15263,109,112,-3,3
15264,132,132,0,0
15265,66,75,-9,9
15266,99,104,-5,5
15267,70,67,3,3
15268,111,112,-1,1
15269,124,123,1,1
15270,53,61,-8,8
15271,113,106,7,7
15272,69,61,8,8
15273,69,76,-7,7
15274,80,80,0,0
15275,87,85,2,2
15276,117,109,8,8
15277,105,100,5,5
15278,64,58,6,6
15279,41,51,-10,10
15280,60,61,-1,1
15281,93,89,4,4
15282,74,68,6,6
15283,100,92,8,8
15284,75,74,1,1
15285,117,107,10,10
15286,129,132,-3,3
15287,145,143,2,2
15288,102,108,-6,6
15289,147,147,0,0
15290,55,60,-5,5
15291,91,85,6,6
15292,46,53,-7,7
15293,211,176,35,35
15294,125,133,-8,8
15295,76,76,0,0
15296,84,85,-1,1
15297,104,105,-1,1
15298,62,69,-7,7
15299,77,81,-4,4
15300,100,98,2,2
15301,83,88,-5,5
15302,90,90,0,0
15303,181,165,16,16
15304,132,147,-15,15
15305,88,85,3,3
15306,85,86,-1,1
15307,69,74,-5,5
15308,59,59,0,0
15309,42,36,6,6
15310,138,131,7,7
15311,75,70,5,5
15312,116,117,-1,1
15313,76,88,-12,12
15314,85,84,1,1
15315,60,65,-5,5
15316,101,107,-6,6
15317,117,125,-8,8
15318,73,80,-7,7
15319,65,68,-3,3
15320,136,140,-4,4
15321,40,49,-9,9
15322,61,64,-3,3
15323,138,137,1,1
15324,55,62,-7,7
15325,87,83,4,4
15326,60,58,2,2
15327,42,41,1,1
15328,184,190,-6,6
15329,136,141,-5,5
15330,46,63,-17,17
15331,157,121,36,36
15332,99,106,-7,7
15333,64,62,2,2
15334,95,99,-4,4
15335,138,137,1,1
15336,63,70,-7,7
15337,72,63,9,9
15338,52,59,-7,7
15339,90,84,6,6
15340,78,87,-9,9
15341,97,101,-4,4
15342,118,114,4,4
15343,89,91,-2,2
15344,55,60,-5,5
15345,109,107,2,2
15346,64,72,-8,8
15347,103,100,3,3
15348,96,98,-2,2
15349,101,102,-1,1
15350,130,128,2,2
15351,67,80,-13,13
15352,65,65,0,0
15353,80,80,0,0
15354,90,87,3,3
15355,86,80,6,6
15356,62,63,-1,1
15357,162,155,7,7
15358,107,115,-8,8
15359,42,43,-1,1
15360,104,107,-3,3
15361,125,125,0,0
15362,93,99,-6,6
15363,163,180,-17,17
15364,42,55,-13,13
15365,127,122,5,5
15366,94,105,-11,11
15367,88,90,-2,2
15368,147,142,5,5
15369,155,148,7,7
15370,107,101,6,6
15371,65,66,-1,1
15372,94,111,-17,17
15373,77,85,-8,8
15374,128,131,-3,3
15375,70,73,-3,3
15376,51,60,-9,9
15377,101,109,-8,8
15378,108,98,10,10
15379,169,160,9,9
15380,56,61,-5,5
15381,114,104,10,10
15382,129,139,-10,10
15383,98,98,0,0
15384,62,61,1,1
15385,52,54,-2,2
15386,125,113,12,12
15387,123,117,6,6
15388,107,108,-1,1
15389,100,104,-4,4
15390,153,170,-17,17
15391,81,87,-6,6
15392,82,89,-7,7
15393,97,104,-7,7
15394,28,37,-9,9
15395,123,126,-3,3
15396,66,78,-12,12
15397,91,91,0,0
15398,95,98,-3,3
15399,66,74,-8,8
15400,105,111,-6,6
15401,64,65,-1,1
15402,106,101,5,5
15403,136,122,14,14
15404,87,88,-1,1
15405,71,69,2,2
15406,116,118,-2,2
15407,88,91,-3,3
15408,53,58,-5,5
15409,126,116,10,10
15410,144,130,14,14
15411,74,80,-6,6
15412,63,67,-4,4
15413,72,73,-1,1
15414,73,62,11,11
15415,76,80,-4,4
15416,88,84,4,4
15417,78,81,-3,3
15418,103,104,-1,1
15419,76,67,9,9
15420,41,83,-42,42
15421,231,201,30,30
15422,134,136,-2,2
15423,126,109,17,17
15424,138,129,9,9
15425,103,113,-10,10
15426,90,98,-8,8
15427,73,72,1,1
15428,63,76,-13,13
15429,81,90,-9,9
15430,120,104,16,16
15431,92,98,-6,6
15432,100,103,-3,3
15433,51,57,-6,6
15434,116,121,-5,5
15435,97,99,-2,2
15436,87,75,12,12
15437,138,126,12,12
15438,52,62,-10,10
15439,36,42,-6,6
15440,167,170,-3,3
15441,80,92,-12,12
15442,117,118,-1,1
15443,91,82,9,9
15444,163,155,8,8
15445,112,125,-13,13
15446,75,79,-4,4
15447,119,116,3,3
15448,61,65,-4,4
15449,71,68,3,3
15450,117,120,-3,3
15451,115,133,-18,18
15452,99,107,-8,8
15453,125,124,1,1
15454,100,100,0,0
15455,153,134,19,19
15456,146,150,-4,4
15457,157,145,12,12
15458,104,106,-2,2
15459,130,122,8,8
15460,137,143,-6,6
15461,105,113,-8,8
15462,101,88,13,13
15463,110,116,-6,6
15464,97,91,6,6
15465,87,82,5,5
15466,107,110,-3,3
15467,87,88,-1,1
15468,90,78,12,12
15469,90,87,3,3
15470,118,121,-3,3
15471,57,66,-9,9
15472,108,116,-8,8
15473,51,55,-4,4
15474,56,73,-17,17
15475,53,69,-16,16
15476,55,62,-7,7
15477,68,77,-9,9
15478,61,68,-7,7
15479,142,144,-2,2
15480,83,77,6,6
15481,56,63,-7,7
15482,60,71,-11,11
15483,59,64,-5,5
15484,119,119,0,0
15485,60,70,-10,10
15486,60,64,-4,4
15487,106,101,5,5
15488,78,82,-4,4
15489,83,81,2,2
15490,63,65,-2,2
15491,147,124,23,23
15492,182,169,13,13
15493,129,123,6,6
15494,97,102,-5,5
15495,115,112,3,3
15496,105,114,-9,9
15497,102,111,-9,9
15498,127,135,-8,8
15499,157,150,7,7
15500,84,82,2,2
15501,152,140,12,12
15502,74,79,-5,5
15503,79,79,0,0
15504,123,128,-5,5
15505,135,138,-3,3
15506,82,83,-1,1
15507,111,115,-4,4
15508,62,86,-24,24
15509,59,67,-8,8
15510,77,89,-12,12
15511,63,70,-7,7
15512,81,81,0,0
15513,56,57,-1,1
15514,69,76,-7,7
15515,65,70,-5,5
15516,82,81,1,1
15517,91,90,1,1
15518,190,162,28,28
15519,185,176,9,9
15520,131,123,8,8
15521,65,67,-2,2
15522,158,146,12,12
15523,144,155,-11,11
15524,73,81,-8,8
15525,80,89,-9,9
15526,152,143,9,9
15527,62,68,-6,6
15528,64,69,-5,5
15529,65,71,-6,6
15530,146,140,6,6
15531,124,121,3,3
15532,108,105,3,3
15533,131,123,8,8
15534,107,114,-7,7
15535,104,107,-3,3
15536,78,75,3,3
15537,115,123,-8,8
15538,159,148,11,11
15539,103,109,-6,6
15540,101,109,-8,8
15541,63,61,2,2
15542,160,158,2,2
15543,61,66,-5,5
15544,60,60,0,0
15545,130,137,-7,7
15546,96,93,3,3
15547,84,86,-2,2
15548,93,88,5,5
15549,110,112,-2,2
15550,66,65,1,1
15551,77,73,4,4
15552,103,104,-1,1
15553,78,79,-1,1
15554,147,140,7,7
15555,87,90,-3,3
15556,84,77,7,7
15557,83,80,3,3
15558,69,66,3,3
15559,180,182,-2,2
15560,140,137,3,3
15561,57,62,-5,5
15562,120,117,3,3
15563,62,64,-2,2
15564,79,79,0,0
15565,127,131,-4,4
15566,64,71,-7,7
15567,81,74,7,7
15568,100,99,1,1
15569,118,116,2,2
15570,85,75,10,10
15571,77,86,-9,9
15572,104,99,5,5
15573,72,69,3,3
15574,101,99,2,2
15575,95,103,-8,8
15576,98,96,2,2
15577,62,61,1,1
15578,98,90,8,8
15579,113,129,-16,16
15580,62,64,-2,2
15581,52,62,-10,10
15582,112,104,8,8
15583,80,84,-4,4
15584,106,117,-11,11
15585,63,67,-4,4
15586,49,66,-17,17
15587,72,75,-3,3
15588,117,105,12,12
15589,116,112,4,4
15590,94,91,3,3
15591,95,100,-5,5
15592,83,95,-12,12
15593,119,121,-2,2
15594,106,110,-4,4
15595,92,84,8,8
15596,70,78,-8,8
15597,133,130,3,3
15598,64,65,-1,1
15599,169,158,11,11
15600,93,87,6,6
15601,102,104,-2,2
15602,87,82,5,5
15603,71,72,-1,1
15604,62,68,-6,6
15605,59,56,3,3
15606,85,83,2,2
15607,72,75,-3,3
15608,50,56,-6,6
15609,92,88,4,4
15610,127,123,4,4
15611,57,56,1,1
15612,107,106,1,1
15613,65,61,4,4
15614,82,85,-3,3
15615,81,86,-5,5
15616,98,101,-3,3
15617,82,79,3,3
15618,110,129,-19,19
15619,166,159,7,7
15620,107,107,0,0
15621,50,57,-7,7
15622,148,137,11,11
15623,70,73,-3,3
15624,100,90,10,10
15625,108,107,1,1
15626,113,114,-1,1
15627,53,63,-10,10
15628,126,128,-2,2
15629,72,74,-2,2
15630,197,182,15,15
15631,47,48,-1,1
15632,89,83,6,6
15633,143,131,12,12
15634,119,119,0,0
15635,76,82,-6,6
15636,73,80,-7,7
15637,68,73,-5,5
15638,111,109,2,2
15639,121,108,13,13
15640,92,102,-10,10
15641,113,109,4,4
15642,98,100,-2,2
15643,152,161,-9,9
15644,80,82,-2,2
15645,82,78,4,4
15646,128,122,6,6
15647,49,57,-8,8
15648,128,131,-3,3
15649,63,66,-3,3
15650,52,57,-5,5
15651,89,87,2,2
15652,68,63,5,5
15653,109,109,0,0
15654,83,83,0,0
15655,97,99,-2,2
15656,73,76,-3,3
15657,75,72,3,3
15658,127,123,4,4
15659,52,81,-29,29
15660,69,59,10,10
15661,152,146,6,6
15662,87,88,-1,1
15663,130,115,15,15
15664,72,82,-10,10
15665,114,119,-5,5
15666,75,75,0,0
15667,136,126,10,10
15668,77,76,1,1
15669,88,85,3,3
15670,64,72,-8,8
15671,90,80,10,10
15672,174,175,-1,1
15673,57,67,-10,10
15674,56,65,-9,9
15675,78,76,2,2
15676,81,77,4,4
15677,67,62,5,5
15678,123,115,8,8
15679,146,146,0,0
15680,123,128,-5,5
15681,98,104,-6,6
15682,61,64,-3,3
15683,109,112,-3,3
15684,76,83,-7,7
15685,121,122,-1,1
15686,81,82,-1,1
15687,38,51,-13,13
15688,70,75,-5,5
15689,83,81,2,2
15690,100,103,-3,3
15691,79,86,-7,7
15692,98,106,-8,8
15693,79,73,6,6
15694,196,180,16,16
15695,137,139,-2,2
15696,67,73,-6,6
15697,87,88,-1,1
15698,79,80,-1,1
15699,84,89,-5,5
15700,104,118,-14,14
15701,105,112,-7,7
15702,113,108,5,5
15703,54,48,6,6
15704,77,75,2,2
15705,124,124,0,0
15706,103,103,0,0
15707,175,159,16,16
15708,67,62,5,5
15709,86,86,0,0
15710,65,70,-5,5
15711,74,76,-2,2
15712,85,58,27,27
15713,77,77,0,0
15714,94,93,1,1
15715,163,142,21,21
15716,107,108,-1,1
15717,126,127,-1,1
15718,97,97,0,0
15719,80,78,2,2
15720,150,157,-7,7
15721,67,74,-7,7
15722,120,108,12,12
15723,86,99,-13,13
15724,80,78,2,2
15725,79,77,2,2
15726,98,98,0,0
15727,100,104,-4,4
15728,105,109,-4,4
15729,140,159,-19,19
15730,110,106,4,4
15731,101,96,5,5
15732,50,54,-4,4
15733,132,129,3,3
15734,160,162,-2,2
15735,119,108,11,11
15736,94,90,4,4
15737,83,82,1,1
15738,92,89,3,3
15739,76,68,8,8
15740,103,102,1,1
15741,93,101,-8,8
15742,67,73,-6,6
15743,104,117,-13,13
15744,123,123,0,0
15745,90,80,10,10
15746,75,79,-4,4
15747,120,119,1,1
15748,66,61,5,5
15749,106,109,-3,3
15750,120,117,3,3
15751,98,83,15,15
15752,105,112,-7,7
15753,97,100,-3,3
15754,101,98,3,3
15755,80,83,-3,3
15756,87,85,2,2
15757,68,66,2,2
15758,160,148,12,12
15759,77,80,-3,3
15760,65,71,-6,6
15761,90,92,-2,2
15762,34,37,-3,3
15763,90,101,-11,11
15764,83,76,7,7
15765,47,48,-1,1
15766,47,68,-21,21
15767,106,116,-10,10
15768,63,68,-5,5
15769,96,101,-5,5
15770,108,120,-12,12
15771,85,85,0,0
15772,157,143,14,14
15773,90,72,18,18
15774,116,121,-5,5
15775,132,131,1,1
15776,123,119,4,4
15777,118,117,1,1
15778,45,57,-12,12
15779,60,62,-2,2
15780,179,162,17,17
15781,111,114,-3,3
15782,118,124,-6,6
15783,87,99,-12,12
15784,51,60,-9,9
15785,37,43,-6,6
15786,91,90,1,1
15787,69,74,-5,5
15788,130,118,12,12
15789,102,112,-10,10
15790,93,104,-11,11
15791,129,125,4,4
15792,54,53,1,1
15793,70,70,0,0
15794,125,113,12,12
15795,59,63,-4,4
15796,46,41,5,5
15797,64,70,-6,6
15798,113,102,11,11
15799,110,100,10,10
15800,46,53,-7,7
15801,134,144,-10,10
15802,71,86,-15,15
15803,143,145,-2,2
15804,63,66,-3,3
15805,120,120,0,0
15806,86,78,8,8
15807,74,81,-7,7
15808,118,123,-5,5
15809,61,68,-7,7
15810,65,64,1,1
15811,136,123,13,13
15812,85,86,-1,1
15813,105,91,14,14
15814,146,143,3,3
15815,98,109,-11,11
15816,30,49,-19,19
15817,76,77,-1,1
15818,148,142,6,6
15819,126,110,16,16
15820,121,117,4,4
15821,173,131,42,42
15822,68,82,-14,14
15823,100,105,-5,5
15824,109,114,-5,5
15825,73,80,-7,7
15826,97,100,-3,3
15827,92,91,1,1
15828,97,96,1,1
15829,88,101,-13,13
15830,159,146,13,13
15831,104,104,0,0
15832,65,68,-3,3
15833,84,80,4,4
15834,82,83,-1,1
15835,100,112,-12,12
15836,105,103,2,2
15837,70,79,-9,9
15838,77,69,8,8
15839,111,113,-2,2
15840,96,87,9,9
15841,98,108,-10,10
15842,89,90,-1,1
15843,62,68,-6,6
15844,144,131,13,13
15845,134,130,4,4
15846,96,99,-3,3
15847,64,75,-11,11
15848,74,74,0,0
15849,113,108,5,5
15850,125,137,-12,12
15851,122,114,8,8
15852,66,75,-9,9
15853,46,51,-5,5
15854,115,116,-1,1
15855,59,60,-1,1
15856,76,74,2,2
15857,97,99,-2,2
15858,125,126,-1,1
15859,138,112,26,26
15860,24,34,-10,10
15861,34,39,-5,5
15862,77,74,3,3
15863,112,125,-13,13
15864,123,122,1,1
15865,88,87,1,1
15866,130,127,3,3
15867,108,110,-2,2
15868,52,51,1,1
15869,112,120,-8,8
15870,41,43,-2,2
15871,68,79,-11,11
15872,111,113,-2,2
15873,97,105,-8,8
15874,73,75,-2,2
15875,75,75,0,0
15876,79,93,-14,14
15877,62,70,-8,8
15878,75,90,-15,15
15879,128,125,3,3
15880,113,120,-7,7
15881,49,49,0,0
15882,65,58,7,7
15883,64,67,-3,3
15884,97,111,-14,14
15885,117,104,13,13
15886,62,63,-1,1
15887,75,94,-19,19
15888,80,85,-5,5
15889,63,70,-7,7
15890,50,60,-10,10
15891,112,114,-2,2
15892,129,130,-1,1
15893,78,75,3,3
15894,102,106,-4,4
15895,101,90,11,11
15896,67,71,-4,4
15897,49,54,-5,5
15898,184,169,15,15
15899,81,81,0,0
15900,70,69,1,1
15901,95,84,11,11
15902,111,105,6,6
15903,141,135,6,6
15904,105,113,-8,8
15905,54,51,3,3
15906,78,78,0,0
15907,155,143,12,12
15908,134,128,6,6
15909,88,80,8,8
15910,66,74,-8,8
15911,64,71,-7,7
15912,60,70,-10,10
15913,94,93,1,1
15914,103,92,11,11
15915,146,144,2,2
15916,74,85,-11,11
15917,73,71,2,2
15918,62,66,-4,4
15919,103,105,-2,2
15920,126,121,5,5
15921,96,87,9,9
15922,160,149,11,11
15923,118,118,0,0
15924,128,119,9,9
15925,191,183,8,8
15926,123,117,6,6
15927,107,110,-3,3
15928,55,57,-2,2
15929,47,41,6,6
15930,55,53,2,2
15931,58,60,-2,2
15932,107,110,-3,3
15933,76,75,1,1
15934,96,85,11,11
15935,57,59,-2,2
15936,110,119,-9,9
15937,79,75,4,4
15938,65,70,-5,5
15939,123,116,7,7
15940,61,53,8,8
15941,65,74,-9,9
15942,113,110,3,3
15943,49,46,3,3
15944,82,91,-9,9
15945,98,104,-6,6
15946,75,80,-5,5
15947,112,120,-8,8
15948,113,103,10,10
15949,94,97,-3,3
15950,58,48,10,10
15951,64,64,0,0
15952,105,115,-10,10
15953,101,105,-4,4
15954,68,71,-3,3
15955,101,99,2,2
15956,52,51,1,1
15957,70,68,2,2
15958,97,130,-33,33
15959,117,111,6,6
15960,68,72,-4,4
15961,127,116,11,11
15962,69,76,-7,7
15963,90,100,-10,10
15964,40,44,-4,4
15965,114,110,4,4
15966,98,102,-4,4
15967,66,69,-3,3
15968,67,80,-13,13
15969,190,190,0,0
15970,104,103,1,1
15971,74,82,-8,8
15972,69,59,10,10
15973,86,92,-6,6
15974,102,97,5,5
15975,122,117,5,5
15976,142,131,11,11
15977,103,90,13,13
15978,164,153,11,11
15979,110,127,-17,17
15980,64,68,-4,4
15981,74,72,2,2
15982,61,61,0,0
15983,63,69,-6,6
15984,100,88,12,12
15985,107,108,-1,1
15986,102,101,1,1
15987,31,46,-15,15
15988,147,137,10,10
15989,60,64,-4,4
15990,86,83,3,3
15991,114,124,-10,10
15992,103,118,-15,15
15993,75,78,-3,3
15994,95,108,-13,13
15995,87,80,7,7
15996,99,88,11,11
15997,114,117,-3,3
15998,76,85,-9,9
15999,120,127,-7,7
16000,90,84,6,6
16001,64,60,4,4
16002,113,112,1,1
16003,66,66,0,0
16004,123,113,10,10
16005,132,123,9,9
16006,124,110,14,14
16007,56,60,-4,4
16008,125,134,-9,9
16009,101,103,-2,2
16010,89,83,6,6
16011,57,68,-11,11
16012,98,92,6,6
16013,101,102,-1,1
16014,82,89,-7,7
16015,128,139,-11,11
16016,56,60,-4,4
16017,162,162,0,0
16018,84,91,-7,7
16019,79,74,5,5
16020,53,54,-1,1
16021,55,63,-8,8
16022,62,61,1,1
16023,73,76,-3,3
16024,42,50,-8,8
16025,127,141,-14,14
16026,52,60,-8,8
16027,121,130,-9,9
16028,75,84,-9,9
16029,89,84,5,5
16030,64,67,-3,3
16031,36,33,3,3
16032,89,82,7,7
16033,72,69,3,3
16034,148,147,1,1
16035,106,107,-1,1
16036,158,165,-7,7
16037,131,126,5,5
16038,130,133,-3,3
16039,77,73,4,4
16040,136,130,6,6
16041,102,107,-5,5
16042,86,87,-1,1
16043,89,82,7,7
16044,101,95,6,6
16045,99,96,3,3
16046,100,91,9,9
16047,69,76,-7,7
16048,92,82,10,10
16049,69,72,-3,3
16050,128,122,6,6
16051,151,144,7,7
16052,39,38,1,1
16053,44,51,-7,7
16054,74,88,-14,14
16055,82,77,5,5
16056,140,133,7,7
16057,120,108,12,12
16058,79,69,10,10
16059,89,91,-2,2
16060,158,188,-30,30
16061,105,128,-23,23
16062,113,114,-1,1
16063,58,59,-1,1
16064,95,89,6,6
16065,82,86,-4,4
16066,140,133,7,7
16067,66,74,-8,8
16068,94,98,-4,4
16069,116,119,-3,3
16070,70,80,-10,10
16071,90,89,1,1
16072,73,84,-11,11
16073,62,105,-43,43
16074,55,59,-4,4
16075,87,87,0,0
16076,97,102,-5,5
16077,75,77,-2,2
16078,113,111,2,2
16079,148,130,18,18
16080,144,168,-24,24
16081,64,60,4,4
16082,117,106,11,11
16083,89,85,4,4
16084,106,106,0,0
16085,130,115,15,15
16086,91,104,-13,13
16087,52,53,-1,1
16088,54,64,-10,10
16089,117,104,13,13
16090,127,137,-10,10
16091,104,92,12,12
16092,122,117,5,5
16093,67,66,1,1
16094,73,79,-6,6
16095,84,84,0,0
16096,63,61,2,2
16097,199,195,4,4
16098,138,153,-15,15
16099,85,82,3,3
16100,112,117,-5,5
16101,100,106,-6,6
16102,184,193,-9,9
16103,90,88,2,2
16104,55,56,-1,1
16105,142,134,8,8
16106,124,123,1,1
16107,83,100,-17,17
16108,79,89,-10,10
16109,52,68,-16,16
16110,92,95,-3,3
16111,71,71,0,0
16112,47,46,1,1
16113,83,85,-2,2
16114,68,70,-2,2
16115,65,73,-8,8
16116,99,99,0,0
16117,114,119,-5,5
16118,98,104,-6,6
16119,84,103,-19,19
16120,181,162,19,19
16121,51,50,1,1
16122,95,81,14,14
16123,77,76,1,1
16124,70,76,-6,6
16125,103,100,3,3
16126,106,104,2,2
16127,70,78,-8,8
16128,92,92,0,0
16129,104,111,-7,7
16130,49,61,-12,12
16131,62,74,-12,12
16132,52,56,-4,4
16133,88,84,4,4
16134,84,74,10,10
16135,80,84,-4,4
16136,55,59,-4,4
16137,84,79,5,5
16138,158,140,18,18
16139,76,71,5,5
16140,58,63,-5,5
16141,94,85,9,9
16142,44,44,0,0
16143,96,91,5,5
16144,134,129,5,5
16145,124,122,2,2
16146,137,139,-2,2
16147,139,134,5,5
16148,40,43,-3,3
16149,64,67,-3,3
16150,100,102,-2,2
16151,90,98,-8,8
16152,88,89,-1,1
16153,80,81,-1,1
16154,67,70,-3,3
16155,96,91,5,5
16156,74,67,7,7
16157,80,69,11,11
16158,54,62,-8,8
16159,133,132,1,1
16160,71,66,5,5
16161,151,141,10,10
16162,150,149,1,1
16163,107,113,-6,6
16164,104,109,-5,5
16165,96,96,0,0
16166,164,163,1,1
16167,61,75,-14,14
16168,95,98,-3,3
16169,120,118,2,2
16170,107,113,-6,6
16171,116,111,5,5
16172,89,87,2,2
16173,42,44,-2,2
16174,74,75,-1,1
16175,100,108,-8,8
16176,66,62,4,4
16177,105,109,-4,4
16178,108,98,10,10
16179,144,145,-1,1
16180,118,127,-9,9
16181,82,77,5,5
16182,164,147,17,17
16183,125,129,-4,4
16184,68,73,-5,5
16185,102,105,-3,3
16186,109,118,-9,9
16187,111,101,10,10
16188,115,106,9,9
16189,58,57,1,1
16190,109,100,9,9
16191,90,97,-7,7
16192,99,100,-1,1
16193,124,138,-14,14
16194,147,117,30,30
16195,67,68,-1,1
16196,89,92,-3,3
16197,77,71,6,6
16198,106,127,-21,21
16199,78,82,-4,4
16200,58,73,-15,15
16201,119,112,7,7
16202,74,81,-7,7
16203,80,84,-4,4
16204,143,136,7,7
16205,160,145,15,15
16206,117,112,5,5
16207,79,74,5,5
16208,103,108,-5,5
16209,88,75,13,13
16210,74,80,-6,6
16211,96,101,-5,5
16212,94,114,-20,20
16213,66,65,1,1
16214,43,55,-12,12
16215,137,131,6,6
16216,89,86,3,3
16217,95,105,-10,10
16218,172,180,-8,8
16219,37,44,-7,7
16220,75,77,-2,2
16221,112,115,-3,3
16222,98,104,-6,6
16223,137,135,2,2
16224,122,117,5,5
16225,55,54,1,1
16226,65,62,3,3
16227,105,109,-4,4
16228,67,73,-6,6
16229,115,109,6,6
16230,35,54,-19,19
16231,95,92,3,3
16232,62,58,4,4
16233,60,60,0,0
16234,142,129,13,13
16235,74,86,-12,12
16236,100,98,2,2
16237,179,109,70,70
16238,173,156,17,17
16239,161,161,0,0
16240,76,78,-2,2
16241,79,90,-11,11
16242,116,105,11,11
16243,58,65,-7,7
16244,83,83,0,0
16245,48,56,-8,8
16246,74,74,0,0
16247,57,65,-8,8
16248,84,80,4,4
16249,114,105,9,9
16250,72,64,8,8
16251,96,105,-9,9
16252,113,140,-27,27
16253,105,102,3,3
16254,149,137,12,12
16255,62,66,-4,4
16256,72,65,7,7
16257,77,77,0,0
16258,152,148,4,4
16259,94,88,6,6
16260,115,114,1,1
16261,56,54,2,2
16262,65,69,-4,4
16263,111,108,3,3
16264,73,80,-7,7
16265,75,73,2,2
16266,90,93,-3,3
16267,121,131,-10,10
16268,111,107,4,4
16269,179,168,11,11
16270,136,139,-3,3
16271,111,110,1,1
16272,35,60,-25,25
16273,90,91,-1,1
16274,58,56,2,2
16275,172,159,13,13
16276,77,76,1,1
16277,81,76,5,5
16278,31,41,-10,10
16279,87,97,-10,10
16280,63,79,-16,16
16281,114,106,8,8
16282,96,100,-4,4
16283,83,82,1,1
16284,117,123,-6,6
16285,121,108,13,13
16286,89,91,-2,2
16287,106,108,-2,2
16288,108,106,2,2
16289,121,116,5,5
16290,160,146,14,14
16291,110,111,-1,1
16292,87,76,11,11
16293,107,108,-1,1
16294,117,119,-2,2
16295,74,78,-4,4
16296,96,100,-4,4
16297,133,128,5,5
16298,81,92,-11,11
16299,81,83,-2,2
16300,76,78,-2,2
16301,57,64,-7,7
16302,131,138,-7,7
16303,91,82,9,9
16304,39,44,-5,5
16305,119,113,6,6
16306,138,130,8,8
16307,105,114,-9,9
16308,77,67,10,10
16309,132,135,-3,3
16310,58,66,-8,8
16311,42,43,-1,1
16312,67,69,-2,2
16313,54,52,2,2
16314,74,73,1,1
16315,95,99,-4,4
16316,73,70,3,3
16317,75,102,-27,27
16318,58,67,-9,9
16319,112,107,5,5
16320,114,106,8,8
16321,118,123,-5,5
16322,63,66,-3,3
16323,59,71,-12,12
16324,56,58,-2,2
16325,66,64,2,2
16326,64,67,-3,3
16327,100,91,9,9
16328,97,101,-4,4
16329,155,146,9,9
16330,93,81,12,12
16331,123,123,0,0
16332,89,76,13,13
16333,76,83,-7,7
16334,178,182,-4,4
16335,67,63,4,4
16336,112,107,5,5
16337,105,102,3,3
16338,95,89,6,6
16339,81,83,-2,2
16340,67,78,-11,11
16341,79,75,4,4
16342,117,124,-7,7
16343,72,79,-7,7
16344,103,107,-4,4
16345,109,107,2,2
16346,59,63,-4,4
16347,101,101,0,0
16348,112,112,0,0
16349,158,146,12,12
16350,119,123,-4,4
16351,92,89,3,3
16352,38,43,-5,5
16353,66,74,-8,8
16354,69,77,-8,8
16355,51,58,-7,7
16356,200,167,33,33
16357,93,86,7,7
16358,97,100,-3,3
16359,171,140,31,31
16360,65,74,-9,9
16361,102,101,1,1
16362,72,73,-1,1
16363,55,62,-7,7
16364,118,100,18,18
16365,86,82,4,4
16366,135,127,8,8
16367,78,71,7,7
16368,115,120,-5,5
16369,140,148,-8,8
16370,61,66,-5,5
16371,48,56,-8,8
16372,78,77,1,1
16373,195,198,-3,3
16374,48,58,-10,10
16375,71,68,3,3
16376,126,125,1,1
16377,207,193,14,14
16378,111,102,9,9
16379,75,85,-10,10
16380,106,106,0,0
16381,84,79,5,5
16382,140,137,3,3
16383,77,102,-25,25
16384,88,88,0,0
16385,63,61,2,2
16386,146,135,11,11
16387,43,49,-6,6
16388,87,87,0,0
16389,63,61,2,2
16390,92,104,-12,12
16391,64,71,-7,7
16392,107,101,6,6
16393,114,111,3,3
16394,76,70,6,6
16395,108,119,-11,11
16396,61,64,-3,3
16397,157,155,2,2
16398,161,148,13,13
16399,81,80,1,1
16400,42,47,-5,5
16401,120,99,21,21
16402,118,106,12,12
16403,99,97,2,2
16404,78,76,2,2
16405,39,39,0,0
16406,62,67,-5,5
16407,93,86,7,7
16408,51,59,-8,8
16409,63,86,-23,23
16410,131,144,-13,13
16411,117,106,11,11
16412,96,87,9,9
16413,158,155,3,3
16414,88,90,-2,2
16415,77,86,-9,9
16416,84,84,0,0
16417,123,120,3,3
16418,84,78,6,6
16419,122,125,-3,3
16420,88,91,-3,3
16421,73,66,7,7
16422,198,186,12,12
16423,87,77,10,10
16424,76,85,-9,9
16425,85,87,-2,2
16426,86,95,-9,9
16427,161,166,-5,5
16428,132,111,21,21
16429,65,57,8,8
16430,65,61,4,4
16431,155,146,9,9
16432,94,102,-8,8
16433,91,86,5,5
16434,94,108,-14,14
16435,132,131,1,1
16436,74,79,-5,5
16437,134,132,2,2
16438,186,186,0,0
16439,117,112,5,5
16440,128,130,-2,2
16441,49,52,-3,3
16442,52,55,-3,3
16443,54,51,3,3
16444,49,61,-12,12
16445,61,68,-7,7
16446,87,86,1,1
16447,121,130,-9,9
16448,110,111,-1,1
16449,29,35,-6,6
16450,75,73,2,2
16451,119,126,-7,7
16452,100,98,2,2
16453,73,93,-20,20
16454,71,77,-6,6
16455,61,82,-21,21
16456,91,110,-19,19
16457,68,81,-13,13
16458,79,81,-2,2
16459,141,153,-12,12
16460,89,91,-2,2
16461,132,131,1,1
16462,110,111,-1,1
16463,70,74,-4,4
16464,49,54,-5,5
16465,99,104,-5,5
16466,60,58,2,2
16467,94,93,1,1
16468,89,88,1,1
16469,149,144,5,5
16470,78,73,5,5
16471,133,143,-10,10
16472,134,143,-9,9
16473,65,73,-8,8
16474,117,104,13,13
16475,96,97,-1,1
16476,130,118,12,12
16477,138,136,2,2
16478,85,90,-5,5
16479,128,128,0,0
16480,84,84,0,0
16481,127,119,8,8
16482,67,72,-5,5
16483,149,154,-5,5
16484,77,70,7,7
16485,91,92,-1,1
16486,137,129,8,8
16487,142,137,5,5
16488,68,74,-6,6
16489,129,130,-1,1
16490,120,116,4,4
16491,38,47,-9,9
16492,109,110,-1,1
16493,101,91,10,10
16494,66,102,-36,36
16495,61,65,-4,4
16496,107,107,0,0
16497,112,103,9,9
16498,114,128,-14,14
16499,96,100,-4,4
16500,136,137,-1,1
16501,60,66,-6,6
16502,108,102,6,6
16503,109,109,0,0
16504,98,99,-1,1
16505,53,68,-15,15
16506,68,61,7,7
16507,114,113,1,1
16508,181,185,-4,4
16509,121,116,5,5
16510,67,66,1,1
16511,78,70,8,8
16512,74,72,2,2
16513,47,45,2,2
16514,113,124,-11,11
16515,41,46,-5,5
16516,57,62,-5,5
16517,68,62,6,6
16518,88,98,-10,10
16519,76,97,-21,21
16520,96,101,-5,5
16521,45,52,-7,7
16522,119,116,3,3
16523,104,116,-12,12
16524,111,110,1,1
16525,62,57,5,5
16526,94,99,-5,5
16527,86,81,5,5
16528,78,89,-11,11
16529,132,133,-1,1
16530,105,105,0,0
16531,141,127,14,14
16532,59,63,-4,4
16533,205,170,35,35
16534,91,96,-5,5
16535,87,107,-20,20
16536,87,86,1,1
16537,102,85,17,17
16538,94,87,7,7
16539,77,79,-2,2
16540,61,62,-1,1
16541,152,135,17,17
16542,85,88,-3,3
16543,120,118,2,2
16544,83,89,-6,6
16545,135,131,4,4
16546,52,51,1,1
16547,79,76,3,3
16548,50,58,-8,8
16549,152,143,9,9
16550,80,73,7,7
16551,83,87,-4,4
16552,163,163,0,0
16553,75,85,-10,10
16554,72,75,-3,3
16555,93,87,6,6
16556,118,107,11,11
16557,84,84,0,0
16558,72,71,1,1
16559,75,78,-3,3
16560,79,79,0,0
16561,84,89,-5,5
16562,88,90,-2,2
16563,99,99,0,0
16564,59,61,-2,2
16565,112,113,-1,1
16566,128,112,16,16
16567,115,110,5,5
16568,101,118,-17,17
16569,60,61,-1,1
16570,80,88,-8,8
16571,134,138,-4,4
16572,72,71,1,1
16573,160,147,13,13
16574,123,122,1,1
16575,111,109,2,2
16576,61,70,-9,9
16577,68,71,-3,3
16578,131,140,-9,9
16579,135,123,12,12
16580,217,227,-10,10
16581,56,50,6,6
16582,86,91,-5,5
16583,104,104,0,0
16584,87,99,-12,12
16585,76,77,-1,1
16586,137,130,7,7
16587,86,87,-1,1
16588,53,56,-3,3
16589,82,86,-4,4
16590,52,49,3,3
16591,85,84,1,1
16592,110,109,1,1
16593,58,56,2,2
16594,103,110,-7,7
16595,40,43,-3,3
16596,70,67,3,3
16597,50,49,1,1
16598,69,72,-3,3
16599,108,116,-8,8
16600,82,72,10,10
16601,138,129,9,9
16602,103,105,-2,2
16603,119,114,5,5
16604,111,103,8,8
16605,154,144,10,10
16606,131,126,5,5
16607,67,69,-2,2
16608,76,74,2,2
16609,104,106,-2,2
16610,134,121,13,13
16611,41,50,-9,9
16612,54,52,2,2
16613,116,113,3,3
16614,58,58,0,0
16615,74,84,-10,10
16616,101,107,-6,6
16617,62,57,5,5
16618,141,141,0,0
16619,93,87,6,6
16620,98,100,-2,2
16621,88,101,-13,13
16622,33,38,-5,5
16623,115,125,-10,10
16624,86,86,0,0
16625,156,148,8,8
16626,66,65,1,1
16627,93,87,6,6
16628,61,63,-2,2
16629,128,124,4,4
16630,161,146,15,15
16631,51,57,-6,6
16632,59,58,1,1
16633,97,99,-2,2
16634,157,146,11,11
16635,91,102,-11,11
16636,67,63,4,4
16637,90,94,-4,4
16638,82,81,1,1
16639,104,103,1,1
16640,96,98,-2,2
16641,122,128,-6,6
16642,86,79,7,7
16643,126,123,3,3
16644,87,84,3,3
16645,77,80,-3,3
16646,117,112,5,5
16647,144,132,12,12
16648,86,77,9,9
16649,61,58,3,3
16650,79,102,-23,23
16651,96,93,3,3
16652,89,94,-5,5
16653,89,100,-11,11
16654,110,109,1,1
16655,87,79,8,8
16656,39,48,-9,9
16657,98,98,0,0
16658,151,144,7,7
16659,89,90,-1,1
16660,67,67,0,0
16661,71,70,1,1
16662,119,111,8,8
16663,86,87,-1,1
16664,147,141,6,6
16665,51,50,1,1
16666,83,94,-11,11
16667,83,84,-1,1
16668,54,58,-4,4
16669,138,124,14,14
16670,64,67,-3,3
16671,80,81,-1,1
16672,58,62,-4,4
16673,92,88,4,4
16674,56,73,-17,17
16675,114,124,-10,10
16676,58,62,-4,4
16677,51,56,-5,5
16678,111,109,2,2
16679,66,78,-12,12
16680,64,67,-3,3
16681,99,112,-13,13
16682,73,69,4,4
16683,110,100,10,10
16684,99,111,-12,12
16685,92,87,5,5
16686,57,58,-1,1
16687,138,134,4,4
16688,156,157,-1,1
16689,113,111,2,2
16690,37,45,-8,8
16691,119,115,4,4
16692,109,114,-5,5
16693,137,133,4,4
16694,187,146,41,41
16695,77,85,-8,8
16696,78,73,5,5
16697,89,93,-4,4
16698,144,149,-5,5
16699,111,113,-2,2
16700,46,55,-9,9
16701,119,119,0,0
16702,89,79,10,10
16703,85,71,14,14
16704,155,138,17,17
16705,164,169,-5,5
16706,176,168,8,8
16707,61,67,-6,6
16708,143,148,-5,5
16709,66,54,12,12
16710,138,128,10,10
16711,107,107,0,0
16712,80,76,4,4
16713,95,96,-1,1
16714,94,107,-13,13
16715,90,89,1,1
16716,65,69,-4,4
16717,75,76,-1,1
16718,54,57,-3,3
16719,84,84,0,0
16720,129,118,11,11
16721,142,123,19,19
16722,96,106,-10,10
16723,112,114,-2,2
16724,93,79,14,14
16725,57,60,-3,3
16726,36,51,-15,15
16727,46,56,-10,10
16728,94,102,-8,8
16729,57,60,-3,3
16730,106,115,-9,9
16731,130,133,-3,3
16732,62,62,0,0
16733,89,96,-7,7
16734,137,132,5,5
16735,107,115,-8,8
16736,58,57,1,1
16737,73,71,2,2
16738,86,86,0,0
16739,103,100,3,3
16740,121,121,0,0
16741,66,62,4,4
16742,87,97,-10,10
16743,59,55,4,4
16744,109,110,-1,1
16745,79,89,-10,10
16746,68,70,-2,2
16747,66,68,-2,2
16748,72,73,-1,1
16749,100,101,-1,1
16750,102,104,-2,2
16751,55,61,-6,6
16752,98,97,1,1
16753,107,108,-1,1
16754,77,63,14,14
16755,76,81,-5,5
16756,65,65,0,0
16757,134,118,16,16
16758,39,51,-12,12
16759,123,128,-5,5
16760,64,63,1,1
16761,105,104,1,1
16762,66,69,-3,3
16763,203,195,8,8
16764,144,120,24,24
16765,75,79,-4,4
16766,106,104,2,2
16767,104,105,-1,1
16768,73,81,-8,8
16769,83,73,10,10
16770,81,99,-18,18
16771,83,86,-3,3
16772,100,110,-10,10
16773,103,99,4,4
16774,76,75,1,1
16775,66,67,-1,1
16776,72,75,-3,3
16777,87,103,-16,16
16778,81,97,-16,16
16779,109,108,1,1
16780,103,98,5,5
16781,112,124,-12,12
16782,170,162,8,8
16783,89,87,2,2
16784,73,80,-7,7
16785,59,59,0,0
16786,135,131,4,4
16787,61,68,-7,7
16788,78,82,-4,4
16789,125,118,7,7
16790,64,74,-10,10
16791,54,59,-5,5
16792,119,114,5,5
16793,92,100,-8,8
16794,117,114,3,3
16795,88,82,6,6
16796,99,99,0,0
16797,48,53,-5,5
16798,123,123,0,0
16799,113,117,-4,4
16800,98,100,-2,2
16801,66,63,3,3
16802,82,77,5,5
16803,38,46,-8,8
16804,86,89,-3,3
16805,135,145,-10,10
16806,140,136,4,4
16807,73,72,1,1
16808,95,100,-5,5
16809,40,48,-8,8
16810,67,89,-22,22
16811,160,154,6,6
16812,121,114,7,7
16813,104,87,17,17
16814,98,100,-2,2
16815,125,119,6,6
16816,119,106,13,13
16817,109,115,-6,6
16818,73,74,-1,1
16819,212,187,25,25
16820,81,77,4,4
16821,104,104,0,0
16822,44,46,-2,2
16823,82,70,12,12
16824,181,159,22,22
16825,50,51,-1,1
16826,90,106,-16,16
16827,87,85,2,2
16828,76,90,-14,14
16829,211,204,7,7
16830,104,101,3,3
16831,114,112,2,2
16832,143,146,-3,3
16833,142,138,4,4
16834,153,167,-14,14
16835,60,60,0,0
16836,60,66,-6,6
16837,111,98,13,13
16838,143,152,-9,9
16839,76,80,-4,4
16840,73,72,1,1
16841,76,70,6,6
16842,75,74,1,1
16843,58,64,-6,6
16844,57,52,5,5
16845,112,110,2,2
16846,151,139,12,12
16847,51,48,3,3
16848,64,69,-5,5
16849,80,82,-2,2
16850,89,86,3,3
16851,155,149,6,6
16852,97,97,0,0
16853,82,88,-6,6
16854,122,115,7,7
16855,110,114,-4,4
16856,91,82,9,9
16857,27,61,-34,34
16858,55,55,0,0
16859,107,104,3,3
16860,61,67,-6,6
16861,67,74,-7,7
16862,111,121,-10,10
16863,95,91,4,4
16864,129,130,-1,1
16865,165,183,-18,18
16866,139,132,7,7
16867,97,132,-35,35
16868,88,87,1,1
16869,64,73,-9,9
16870,83,80,3,3
16871,118,119,-1,1
16872,81,79,2,2
16873,78,74,4,4
16874,164,164,0,0
16875,60,66,-6,6
16876,23,33,-10,10
16877,60,62,-2,2
16878,58,67,-9,9
16879,102,109,-7,7
16880,100,101,-1,1
16881,103,109,-6,6
16882,98,85,13,13
16883,136,143,-7,7
16884,110,111,-1,1
16885,95,98,-3,3
16886,113,115,-2,2
16887,143,155,-12,12
16888,141,140,1,1
16889,117,110,7,7
16890,63,72,-9,9
16891,83,75,8,8
16892,52,59,-7,7
16893,95,108,-13,13
16894,85,88,-3,3
16895,75,84,-9,9
16896,137,133,4,4
16897,81,79,2,2
16898,55,49,6,6
16899,128,111,17,17
16900,135,124,11,11
16901,107,104,3,3
16902,68,73,-5,5
16903,95,100,-5,5
16904,131,125,6,6
16905,106,105,1,1
16906,84,103,-19,19
16907,120,125,-5,5
16908,69,71,-2,2
16909,93,103,-10,10
16910,100,102,-2,2
16911,152,146,6,6
16912,139,149,-10,10
16913,109,110,-1,1
16914,122,120,2,2
16915,70,72,-2,2
16916,89,82,7,7
16917,81,71,10,10
16918,59,61,-2,2
16919,74,76,-2,2
16920,121,108,13,13
16921,88,83,5,5
16922,72,97,-25,25
16923,107,108,-1,1
16924,47,57,-10,10
16925,105,102,3,3
16926,61,70,-9,9
16927,116,117,-1,1
16928,110,106,4,4
16929,63,64,-1,1
16930,121,114,7,7
16931,52,57,-5,5
16932,92,85,7,7
16933,102,118,-16,16
16934,86,87,-1,1
16935,171,192,-21,21
16936,97,105,-8,8
16937,105,98,7,7
16938,127,124,3,3
16939,84,97,-13,13
16940,99,89,10,10
16941,65,65,0,0
16942,86,75,11,11
16943,107,100,7,7
16944,84,85,-1,1
16945,136,127,9,9
16946,82,75,7,7
16947,52,57,-5,5
16948,103,120,-17,17
16949,102,105,-3,3
16950,126,117,9,9
16951,185,172,13,13
16952,143,136,7,7
16953,48,63,-15,15
16954,142,121,21,21
16955,58,64,-6,6
16956,164,164,0,0
16957,95,98,-3,3
16958,191,190,1,1
16959,115,120,-5,5
16960,58,63,-5,5
16961,121,115,6,6
16962,101,101,0,0
16963,79,84,-5,5
16964,84,87,-3,3
16965,69,68,1,1
16966,153,153,0,0
16967,67,75,-8,8
16968,69,83,-14,14
16969,71,77,-6,6
16970,94,94,0,0
16971,110,113,-3,3
16972,105,109,-4,4
16973,88,95,-7,7
16974,93,99,-6,6
16975,70,67,3,3
16976,65,71,-6,6
16977,62,69,-7,7
16978,120,116,4,4
16979,55,50,5,5
16980,73,79,-6,6
16981,102,100,2,2
16982,71,72,-1,1
16983,111,128,-17,17
16984,156,155,1,1
16985,89,99,-10,10
16986,67,67,0,0
16987,71,75,-4,4
16988,71,74,-3,3
16989,108,104,4,4
16990,72,72,0,0
16991,80,77,3,3
16992,104,90,14,14
16993,111,116,-5,5
16994,58,56,2,2
16995,68,64,4,4
16996,92,90,2,2
16997,161,154,7,7
16998,107,99,8,8
16999,66,78,-12,12
17000,76,82,-6,6
17001,105,104,1,1
17002,140,131,9,9
17003,77,75,2,2
17004,70,77,-7,7
17005,133,127,6,6
17006,50,61,-11,11
17007,66,69,-3,3
17008,60,73,-13,13
17009,72,76,-4,4
17010,123,118,5,5
17011,88,87,1,1
17012,110,106,4,4
17013,94,89,5,5
17014,88,86,2,2
17015,82,76,6,6
17016,107,124,-17,17
17017,69,69,0,0
17018,85,86,-1,1
17019,81,84,-3,3
17020,57,60,-3,3
17021,124,116,8,8
17022,126,127,-1,1
17023,59,50,9,9
17024,78,81,-3,3
17025,112,117,-5,5
17026,87,101,-14,14
17027,101,97,4,4
17028,101,101,0,0
17029,150,148,2,2
17030,135,127,8,8
17031,146,142,4,4
17032,61,65,-4,4
17033,103,102,1,1
17034,134,128,6,6
17035,68,73,-5,5
17036,84,77,7,7
17037,59,64,-5,5
17038,115,115,0,0
17039,98,84,14,14
17040,118,130,-12,12
17041,97,102,-5,5
17042,94,107,-13,13
17043,143,134,9,9
17044,119,119,0,0
17045,82,89,-7,7
17046,86,94,-8,8
17047,79,83,-4,4
17048,178,186,-8,8
17049,151,137,14,14
17050,133,128,5,5
17051,71,80,-9,9
17052,56,56,0,0
17053,61,62,-1,1
17054,69,76,-7,7
17055,95,101,-6,6
17056,98,93,5,5
17057,88,90,-2,2
17058,86,91,-5,5
17059,79,83,-4,4
17060,77,74,3,3
17061,88,106,-18,18
17062,110,107,3,3
17063,138,143,-5,5
17064,98,111,-13,13
17065,99,97,2,2
17066,73,74,-1,1
17067,143,138,5,5
17068,44,45,-1,1
17069,136,126,10,10
17070,150,141,9,9
17071,125,124,1,1
17072,134,129,5,5
17073,93,101,-8,8
17074,107,105,2,2
17075,38,49,-11,11
17076,133,148,-15,15
17077,151,148,3,3
17078,104,112,-8,8
17079,83,77,6,6
17080,124,109,15,15
17081,161,161,0,0
17082,72,67,5,5
17083,77,84,-7,7
17084,111,113,-2,2
17085,107,105,2,2
17086,107,114,-7,7
17087,98,107,-9,9
17088,168,164,4,4
17089,100,97,3,3
17090,70,73,-3,3
17091,68,68,0,0
17092,74,67,7,7
17093,129,129,0,0
17094,121,115,6,6
17095,69,66,3,3
17096,121,123,-2,2
17097,103,104,-1,1
17098,187,184,3,3
17099,61,60,1,1
17100,81,78,3,3
17101,117,128,-11,11
17102,46,58,-12,12
17103,77,79,-2,2
17104,85,88,-3,3
17105,47,55,-8,8
17106,81,78,3,3
17107,99,88,11,11
17108,152,159,-7,7
17109,58,69,-11,11
17110,45,52,-7,7
17111,87,83,4,4
17112,100,82,18,18
17113,41,43,-2,2
17114,184,162,22,22
17115,72,72,0,0
17116,38,45,-7,7
17117,79,102,-23,23
17118,98,88,10,10
17119,71,74,-3,3
17120,62,65,-3,3
17121,90,81,9,9
17122,97,85,12,12
17123,52,53,-1,1
17124,74,68,6,6
17125,154,149,5,5
17126,99,99,0,0
17127,44,40,4,4
17128,85,79,6,6
17129,128,125,3,3
17130,128,112,16,16
17131,78,95,-17,17
17132,62,68,-6,6
17133,112,123,-11,11
17134,63,68,-5,5
17135,88,88,0,0
17136,51,52,-1,1
17137,129,127,2,2
17138,65,64,1,1
17139,56,55,1,1
17140,102,100,2,2
17141,87,83,4,4
17142,129,127,2,2
17143,61,68,-7,7
17144,79,78,1,1
17145,57,68,-11,11
17146,171,158,13,13
17147,90,92,-2,2
17148,96,91,5,5
17149,91,89,2,2
17150,47,55,-8,8
17151,87,102,-15,15
17152,86,103,-17,17
17153,133,136,-3,3
17154,133,131,2,2
17155,89,98,-9,9
17156,64,55,9,9
17157,54,57,-3,3
17158,99,113,-14,14
17159,91,92,-1,1
17160,76,82,-6,6
17161,75,75,0,0
17162,72,70,2,2
17163,107,114,-7,7
17164,39,40,-1,1
17165,99,98,1,1
17166,121,115,6,6
17167,89,86,3,3
17168,132,133,-1,1
17169,108,116,-8,8
17170,84,72,12,12
17171,104,104,0,0
17172,68,72,-4,4
17173,55,56,-1,1
17174,74,71,3,3
17175,85,88,-3,3
17176,63,63,0,0
17177,77,78,-1,1
17178,103,107,-4,4
17179,66,69,-3,3
17180,77,70,7,7
17181,112,109,3,3
17182,127,138,-11,11
17183,100,107,-7,7
17184,59,67,-8,8
17185,111,108,3,3
17186,29,36,-7,7
17187,77,78,-1,1
17188,98,100,-2,2
17189,108,111,-3,3
17190,196,194,2,2
17191,79,77,2,2
17192,150,151,-1,1
17193,99,92,7,7
17194,73,73,0,0
17195,75,75,0,0
17196,62,67,-5,5
17197,77,82,-5,5
17198,100,88,12,12
17199,139,139,0,0
17200,80,78,2,2
17201,151,125,26,26
17202,125,127,-2,2
17203,70,79,-9,9
17204,141,135,6,6
17205,76,82,-6,6
17206,74,83,-9,9
17207,108,101,7,7
17208,146,129,17,17
17209,65,63,2,2
17210,92,106,-14,14
17211,98,99,-1,1
17212,112,123,-11,11
17213,155,140,15,15
17214,109,108,1,1
17215,127,122,5,5
17216,40,52,-12,12
17217,106,120,-14,14
17218,106,117,-11,11
17219,68,68,0,0
17220,73,75,-2,2
17221,69,72,-3,3
17222,93,99,-6,6
17223,95,93,2,2
17224,99,97,2,2
17225,108,106,2,2
17226,77,82,-5,5
17227,76,77,-1,1
17228,102,106,-4,4
17229,117,110,7,7
17230,88,87,1,1
17231,82,82,0,0
17232,99,99,0,0
17233,147,135,12,12
17234,66,67,-1,1
17235,79,72,7,7
17236,62,74,-12,12
17237,175,166,9,9
17238,101,102,-1,1
17239,64,67,-3,3
17240,74,74,0,0
17241,72,89,-17,17
17242,64,70,-6,6
17243,73,72,1,1
17244,48,59,-11,11
17245,186,176,10,10
17246,100,126,-26,26
17247,120,117,3,3
17248,53,66,-13,13
17249,120,109,11,11
17250,98,103,-5,5
17251,34,39,-5,5
17252,97,96,1,1
17253,118,110,8,8
17254,128,116,12,12
17255,90,85,5,5
17256,63,69,-6,6
17257,160,143,17,17
17258,177,151,26,26
17259,185,184,1,1
17260,104,106,-2,2
17261,68,70,-2,2
17262,119,124,-5,5
17263,110,105,5,5
17264,67,63,4,4
17265,56,62,-6,6
17266,160,151,9,9
17267,103,120,-17,17
17268,68,68,0,0
17269,112,115,-3,3
17270,75,73,2,2
17271,101,107,-6,6
17272,89,113,-24,24
17273,57,72,-15,15
17274,65,66,-1,1
17275,95,105,-10,10
17276,93,98,-5,5
17277,100,99,1,1
17278,127,132,-5,5
17279,105,98,7,7
17280,58,52,6,6
17281,70,73,-3,3
17282,146,146,0,0
17283,90,85,5,5
17284,75,73,2,2
17285,92,92,0,0
17286,122,121,1,1
17287,77,79,-2,2
17288,50,55,-5,5
17289,69,77,-8,8
17290,36,39,-3,3
17291,97,88,9,9
17292,81,87,-6,6
17293,127,136,-9,9
17294,142,142,0,0
17295,98,105,-7,7
17296,91,80,11,11
17297,84,88,-4,4
17298,94,89,5,5
17299,71,81,-10,10
17300,87,80,7,7
17301,109,107,2,2
17302,58,57,1,1
17303,63,69,-6,6
17304,65,66,-1,1
17305,45,46,-1,1
17306,87,74,13,13
17307,64,68,-4,4
17308,82,83,-1,1
17309,156,156,0,0
17310,138,117,21,21
17311,76,79,-3,3
17312,134,129,5,5
17313,115,114,1,1
17314,92,98,-6,6
17315,126,128,-2,2
17316,103,107,-4,4
17317,56,62,-6,6
17318,125,140,-15,15
17319,108,97,11,11
17320,69,71,-2,2
17321,151,146,5,5
17322,88,101,-13,13
17323,101,102,-1,1
17324,165,167,-2,2
17325,151,134,17,17
17326,82,81,1,1
17327,65,64,1,1
17328,93,99,-6,6
17329,102,104,-2,2
17330,71,75,-4,4
17331,66,73,-7,7
17332,101,106,-5,5
17333,109,103,6,6
17334,67,61,6,6
17335,150,146,4,4
17336,71,52,19,19
17337,93,101,-8,8
17338,106,112,-6,6
17339,127,124,3,3
17340,167,162,5,5
17341,67,72,-5,5
17342,137,138,-1,1
17343,90,88,2,2
17344,48,57,-9,9
17345,79,75,4,4
17346,72,79,-7,7
17347,139,136,3,3
17348,81,84,-3,3
17349,124,125,-1,1
17350,114,107,7,7
17351,75,80,-5,5
17352,73,75,-2,2
17353,90,82,8,8
17354,156,156,0,0
17355,107,110,-3,3
17356,88,87,1,1
17357,135,145,-10,10
17358,120,109,11,11
17359,55,71,-16,16
17360,58,64,-6,6
17361,104,115,-11,11
17362,53,52,1,1
17363,65,62,3,3
17364,71,72,-1,1
17365,36,48,-12,12
17366,135,126,9,9
17367,159,158,1,1
17368,118,106,12,12
17369,93,99,-6,6
17370,91,90,1,1
17371,66,73,-7,7
17372,68,63,5,5
17373,81,81,0,0
17374,138,145,-7,7
17375,68,70,-2,2
17376,128,133,-5,5
17377,97,111,-14,14
17378,83,88,-5,5
17379,194,180,14,14
17380,63,62,1,1
17381,68,62,6,6
17382,68,71,-3,3
17383,89,99,-10,10
17384,103,98,5,5
17385,113,123,-10,10
17386,95,92,3,3
17387,93,85,8,8
17388,68,66,2,2
17389,57,54,3,3
17390,58,65,-7,7
17391,174,160,14,14
17392,71,73,-2,2
17393,106,100,6,6
17394,63,63,0,0
17395,63,58,5,5
17396,126,118,8,8
17397,104,101,3,3
17398,83,84,-1,1
17399,80,82,-2,2
17400,175,168,7,7
17401,77,99,-22,22
17402,146,138,8,8
17403,78,76,2,2
17404,114,106,8,8
17405,86,103,-17,17
17406,149,149,0,0
17407,170,167,3,3
17408,121,116,5,5
17409,61,62,-1,1
17410,64,59,5,5
17411,67,63,4,4
17412,99,110,-11,11
17413,185,170,15,15
17414,56,69,-13,13
17415,99,100,-1,1
17416,75,82,-7,7
17417,85,80,5,5
17418,92,88,4,4
17419,91,86,5,5
17420,80,73,7,7
17421,56,66,-10,10
17422,80,78,2,2
17423,135,129,6,6
17424,98,121,-23,23
17425,150,155,-5,5
17426,53,64,-11,11
17427,106,107,-1,1
17428,74,77,-3,3
17429,196,177,19,19
17430,88,85,3,3
17431,47,57,-10,10
17432,101,109,-8,8
17433,110,106,4,4
17434,116,121,-5,5
17435,96,102,-6,6
17436,65,65,0,0
17437,55,54,1,1
17438,140,143,-3,3
17439,94,85,9,9
17440,89,82,7,7
17441,101,90,11,11
17442,80,73,7,7
17443,112,106,6,6
17444,106,116,-10,10
17445,103,109,-6,6
17446,60,65,-5,5
17447,95,108,-13,13
17448,87,90,-3,3
17449,45,49,-4,4
17450,92,97,-5,5
17451,108,105,3,3
17452,98,98,0,0
17453,62,65,-3,3
17454,107,108,-1,1
17455,74,67,7,7
17456,137,123,14,14
17457,75,74,1,1
17458,66,67,-1,1
17459,100,100,0,0
17460,129,142,-13,13
17461,79,80,-1,1
17462,111,105,6,6
17463,88,98,-10,10
17464,63,66,-3,3
17465,95,103,-8,8
17466,74,75,-1,1
17467,108,108,0,0
17468,115,109,6,6
17469,96,96,0,0
17470,146,134,12,12
17471,178,172,6,6
17472,171,164,7,7
17473,171,162,9,9
17474,151,152,-1,1
17475,90,96,-6,6
17476,94,84,10,10
17477,89,78,11,11
17478,71,74,-3,3
17479,223,203,20,20
17480,66,70,-4,4
17481,116,117,-1,1
17482,69,67,2,2
17483,153,144,9,9
17484,48,56,-8,8
17485,83,86,-3,3
17486,177,165,12,12
17487,70,83,-13,13
17488,80,86,-6,6
17489,77,81,-4,4
17490,69,68,1,1
17491,81,76,5,5
17492,115,120,-5,5
17493,96,106,-10,10
17494,94,87,7,7
17495,46,53,-7,7
17496,88,104,-16,16
17497,90,80,10,10
17498,89,98,-9,9
17499,65,66,-1,1
17500,78,76,2,2
17501,76,79,-3,3
17502,116,108,8,8
17503,127,119,8,8
17504,146,146,0,0
17505,89,97,-8,8
17506,42,60,-18,18
17507,73,73,0,0
17508,61,65,-4,4
17509,79,74,5,5
17510,105,104,1,1
17511,64,65,-1,1
17512,115,120,-5,5
17513,66,75,-9,9
17514,75,73,2,2
17515,82,81,1,1
17516,46,58,-12,12
17517,106,111,-5,5
17518,74,82,-8,8
17519,58,69,-11,11
17520,89,92,-3,3
17521,76,71,5,5
17522,90,81,9,9
17523,108,108,0,0
17524,89,101,-12,12
17525,75,73,2,2
17526,98,98,0,0
17527,87,84,3,3
17528,65,70,-5,5
17529,121,111,10,10
17530,63,68,-5,5
17531,139,146,-7,7
17532,80,82,-2,2
17533,75,75,0,0
17534,64,71,-7,7
17535,48,46,2,2
17536,115,114,1,1
17537,82,82,0,0
17538,120,117,3,3
17539,141,143,-2,2
17540,67,63,4,4
17541,48,64,-16,16
17542,117,113,4,4
17543,173,165,8,8
17544,74,81,-7,7
17545,53,54,-1,1
17546,33,38,-5,5
17547,79,84,-5,5
17548,76,71,5,5
17549,119,108,11,11
17550,139,135,4,4
17551,77,76,1,1
17552,115,115,0,0
17553,67,75,-8,8
17554,105,99,6,6
17555,127,129,-2,2
17556,84,83,1,1
17557,106,113,-7,7
17558,79,87,-8,8
17559,96,105,-9,9
17560,82,77,5,5
17561,146,141,5,5
17562,98,103,-5,5
17563,116,125,-9,9
17564,42,45,-3,3
17565,82,84,-2,2
17566,71,73,-2,2
17567,103,92,11,11
17568,60,65,-5,5
17569,86,87,-1,1
17570,137,127,10,10
17571,105,100,5,5
17572,68,75,-7,7
17573,94,101,-7,7
17574,190,180,10,10
17575,61,63,-2,2
17576,112,111,1,1
17577,72,66,6,6
17578,137,126,11,11
17579,85,87,-2,2
17580,190,185,5,5
17581,145,151,-6,6
17582,100,106,-6,6
17583,143,132,11,11
17584,81,83,-2,2
17585,58,65,-7,7
17586,79,95,-16,16
17587,119,118,1,1
17588,63,70,-7,7
17589,106,103,3,3
17590,111,106,5,5
17591,90,93,-3,3
17592,134,138,-4,4
17593,129,117,12,12
17594,67,70,-3,3
17595,128,131,-3,3
17596,43,47,-4,4
17597,58,60,-2,2
17598,123,130,-7,7
17599,63,60,3,3
17600,61,67,-6,6
17601,74,64,10,10
17602,117,106,11,11
17603,132,106,26,26
17604,73,61,12,12
17605,127,129,-2,2
17606,170,168,2,2
17607,101,107,-6,6
17608,118,107,11,11
17609,73,70,3,3
17610,82,83,-1,1
17611,100,99,1,1
17612,62,66,-4,4
17613,80,75,5,5
17614,50,53,-3,3
17615,68,71,-3,3
17616,163,154,9,9
17617,49,53,-4,4
17618,75,75,0,0
17619,133,125,8,8
17620,115,115,0,0
17621,102,108,-6,6
17622,74,78,-4,4
17623,161,150,11,11
17624,130,133,-3,3
17625,122,117,5,5
17626,109,106,3,3
17627,120,130,-10,10
17628,72,53,19,19
17629,90,96,-6,6
17630,80,97,-17,17
17631,103,114,-11,11
17632,134,129,5,5
17633,93,95,-2,2
17634,82,80,2,2
17635,184,166,18,18
17636,84,85,-1,1
17637,62,66,-4,4
17638,65,66,-1,1
17639,68,74,-6,6
17640,118,118,0,0
17641,81,83,-2,2
17642,116,118,-2,2
17643,116,117,-1,1
17644,85,81,4,4
17645,55,61,-6,6
17646,91,88,3,3
17647,79,82,-3,3
17648,24,45,-21,21
17649,155,147,8,8
17650,97,89,8,8
17651,69,79,-10,10
17652,105,106,-1,1
17653,158,159,-1,1
17654,129,131,-2,2
17655,115,109,6,6
17656,92,103,-11,11
17657,82,86,-4,4
17658,100,103,-3,3
17659,66,61,5,5
17660,46,51,-5,5
17661,141,144,-3,3
17662,128,126,2,2
17663,101,84,17,17
17664,103,100,3,3
17665,75,75,0,0
17666,125,123,2,2
17667,50,49,1,1
17668,67,65,2,2
17669,91,99,-8,8
17670,95,100,-5,5
17671,133,126,7,7
17672,124,121,3,3
17673,59,56,3,3
17674,138,135,3,3
17675,132,131,1,1
17676,109,107,2,2
17677,72,79,-7,7
17678,84,88,-4,4
17679,107,108,-1,1
17680,73,82,-9,9
17681,76,78,-2,2
17682,122,107,15,15
17683,107,114,-7,7
17684,38,41,-3,3
17685,127,119,8,8
17686,82,77,5,5
17687,189,171,18,18
17688,115,112,3,3
17689,100,101,-1,1
17690,70,67,3,3
17691,81,62,19,19
17692,150,165,-15,15
17693,94,89,5,5
17694,88,84,4,4
17695,81,83,-2,2
17696,148,148,0,0
17697,75,87,-12,12
17698,90,89,1,1
17699,124,122,2,2
17700,46,49,-3,3
17701,103,112,-9,9
17702,101,93,8,8
17703,93,98,-5,5
17704,105,108,-3,3
17705,91,93,-2,2
17706,138,138,0,0
17707,85,87,-2,2
17708,102,99,3,3
17709,72,82,-10,10
17710,81,78,3,3
17711,118,118,0,0
17712,114,123,-9,9
17713,118,115,3,3
17714,79,82,-3,3
17715,149,140,9,9
17716,74,79,-5,5
17717,46,52,-6,6
17718,76,69,7,7
17719,80,79,1,1
17720,124,140,-16,16
17721,126,136,-10,10
17722,57,53,4,4
17723,91,105,-14,14
17724,206,181,25,25
17725,122,112,10,10
17726,89,98,-9,9
17727,108,112,-4,4
17728,170,159,11,11
17729,89,89,0,0
17730,90,85,5,5
17731,85,88,-3,3
17732,80,72,8,8
17733,105,90,15,15
17734,84,73,11,11
17735,97,99,-2,2
17736,60,63,-3,3
17737,39,46,-7,7
17738,103,99,4,4
17739,122,125,-3,3
17740,105,105,0,0
17741,72,75,-3,3
17742,72,80,-8,8
17743,126,121,5,5
17744,113,110,3,3
17745,88,85,3,3
17746,121,122,-1,1
17747,88,93,-5,5
17748,72,71,1,1
17749,65,74,-9,9
17750,74,81,-7,7
17751,112,120,-8,8
17752,53,54,-1,1
17753,138,132,6,6
17754,108,112,-4,4
17755,65,67,-2,2
17756,72,77,-5,5
17757,122,118,4,4
17758,48,57,-9,9
17759,93,88,5,5
17760,124,120,4,4
17761,92,93,-1,1
17762,66,71,-5,5
17763,69,70,-1,1
17764,144,155,-11,11
17765,103,108,-5,5
17766,96,98,-2,2
17767,107,104,3,3
17768,129,125,4,4
17769,60,62,-2,2
17770,72,71,1,1
17771,53,54,-1,1
17772,117,105,12,12
17773,109,113,-4,4
17774,73,74,-1,1
17775,121,116,5,5
17776,193,187,6,6
17777,69,76,-7,7
17778,80,71,9,9
17779,135,120,15,15
17780,47,49,-2,2
17781,75,73,2,2
17782,135,144,-9,9
17783,97,94,3,3
17784,76,82,-6,6
17785,108,108,0,0
17786,110,113,-3,3
17787,87,96,-9,9
17788,59,61,-2,2
17789,163,156,7,7
17790,80,82,-2,2
17791,169,153,16,16
17792,91,93,-2,2
17793,122,119,3,3
17794,97,97,0,0
17795,63,70,-7,7
17796,139,143,-4,4
17797,76,74,2,2
17798,80,80,0,0
17799,79,75,4,4
17800,112,114,-2,2
17801,94,97,-3,3
17802,103,108,-5,5
17803,53,60,-7,7
17804,70,74,-4,4
17805,156,158,-2,2
17806,29,56,-27,27
17807,128,135,-7,7
17808,125,126,-1,1
17809,126,106,20,20
17810,50,86,-36,36
17811,152,151,1,1
17812,195,162,33,33
17813,76,82,-6,6
17814,87,86,1,1
17815,80,74,6,6
17816,66,65,1,1
17817,72,71,1,1
17818,104,115,-11,11
17819,67,66,1,1
17820,109,112,-3,3
17821,146,143,3,3
17822,59,69,-10,10
17823,78,76,2,2
17824,73,71,2,2
17825,139,137,2,2
17826,103,100,3,3
17827,112,121,-9,9
17828,99,87,12,12
17829,68,76,-8,8
17830,53,57,-4,4
17831,152,129,23,23
17832,55,55,0,0
17833,96,105,-9,9
17834,78,80,-2,2
17835,69,92,-23,23
17836,54,54,0,0
17837,118,107,11,11
17838,120,109,11,11
17839,45,55,-10,10
17840,94,90,4,4
17841,141,143,-2,2
17842,81,87,-6,6
17843,85,97,-12,12
17844,100,106,-6,6
17845,104,108,-4,4
17846,189,166,23,23
17847,79,74,5,5
17848,98,101,-3,3
17849,53,53,0,0
17850,139,132,7,7
17851,96,113,-17,17
17852,75,74,1,1
17853,74,78,-4,4
17854,142,144,-2,2
17855,135,153,-18,18
17856,40,40,0,0
17857,176,161,15,15
17858,55,60,-5,5
17859,70,77,-7,7
17860,71,75,-4,4
17861,55,67,-12,12
17862,168,166,2,2
17863,146,136,10,10
17864,111,117,-6,6
17865,117,99,18,18
17866,64,68,-4,4
17867,106,103,3,3
17868,110,102,8,8
17869,79,79,0,0
17870,95,88,7,7
17871,121,118,3,3
17872,129,130,-1,1
17873,98,85,13,13
17874,60,59,1,1
17875,53,59,-6,6
17876,121,111,10,10
17877,112,134,-22,22
17878,54,59,-5,5
17879,76,78,-2,2
17880,126,135,-9,9
17881,131,121,10,10
17882,45,55,-10,10
17883,135,133,2,2
17884,95,87,8,8
17885,80,73,7,7
17886,96,97,-1,1
17887,143,134,9,9
17888,59,63,-4,4
17889,140,140,0,0
17890,73,75,-2,2
17891,109,113,-4,4
17892,116,128,-12,12
17893,42,45,-3,3
17894,44,42,2,2
17895,151,150,1,1
17896,109,115,-6,6
17897,106,90,16,16
17898,131,108,23,23
17899,139,133,6,6
17900,77,74,3,3
17901,127,122,5,5
17902,79,90,-11,11
17903,140,136,4,4
17904,63,62,1,1
17905,121,126,-5,5
17906,65,63,2,2
17907,146,145,1,1
17908,110,104,6,6
17909,101,108,-7,7
17910,35,39,-4,4
17911,105,103,2,2
17912,154,160,-6,6
17913,72,70,2,2
17914,98,105,-7,7
17915,126,136,-10,10
17916,142,136,6,6
17917,98,115,-17,17
17918,82,88,-6,6
17919,86,101,-15,15
17920,79,75,4,4
17921,111,103,8,8
17922,74,72,2,2
17923,58,59,-1,1
17924,48,51,-3,3
17925,74,71,3,3
17926,123,121,2,2
17927,40,49,-9,9
17928,80,66,14,14
17929,63,53,10,10
17930,115,103,12,12
17931,107,111,-4,4
17932,80,75,5,5
17933,85,85,0,0
17934,166,158,8,8
17935,71,80,-9,9
17936,56,64,-8,8
17937,48,56,-8,8
17938,96,92,4,4
17939,54,58,-4,4
17940,124,126,-2,2
17941,92,93,-1,1
17942,51,61,-10,10
17943,62,66,-4,4
17944,89,85,4,4
17945,141,134,7,7
17946,87,71,16,16
17947,75,85,-10,10
17948,81,78,3,3
17949,65,85,-20,20
17950,90,82,8,8
17951,85,82,3,3
17952,71,78,-7,7
17953,61,68,-7,7
17954,104,103,1,1
17955,98,106,-8,8
17956,68,66,2,2
17957,77,68,9,9
17958,90,88,2,2
17959,71,86,-15,15
17960,59,72,-13,13
17961,109,104,5,5
17962,105,110,-5,5
17963,175,166,9,9
17964,83,91,-8,8
17965,139,128,11,11
17966,68,71,-3,3
17967,88,97,-9,9
17968,75,71,4,4
17969,104,112,-8,8
17970,126,115,11,11
17971,91,92,-1,1
17972,94,102,-8,8
17973,89,88,1,1
17974,41,49,-8,8
17975,91,109,-18,18
17976,81,85,-4,4
17977,72,70,2,2
17978,146,132,14,14
17979,80,82,-2,2
17980,141,122,19,19
17981,104,98,6,6
17982,111,104,7,7
17983,115,118,-3,3
17984,67,66,1,1
17985,132,126,6,6
17986,118,121,-3,3
17987,79,75,4,4
17988,67,80,-13,13
17989,158,140,18,18
17990,90,82,8,8
17991,78,79,-1,1
17992,52,52,0,0
17993,67,69,-2,2
17994,57,72,-15,15
17995,93,99,-6,6
17996,73,71,2,2
17997,100,108,-8,8
17998,150,135,15,15
17999,68,68,0,0
18000,74,77,-3,3
18001,100,103,-3,3
18002,92,104,-12,12
18003,101,110,-9,9
18004,96,86,10,10
18005,161,152,9,9
18006,71,78,-7,7
18007,97,99,-2,2
18008,62,61,1,1
18009,70,74,-4,4
18010,106,103,3,3
18011,67,76,-9,9
18012,56,67,-11,11
18013,75,71,4,4
18014,47,47,0,0
18015,78,75,3,3
18016,62,59,3,3
18017,68,69,-1,1
18018,106,102,4,4
18019,125,113,12,12
18020,84,98,-14,14
18021,107,103,4,4
18022,63,62,1,1
18023,76,86,-10,10
18024,98,90,8,8
18025,139,115,24,24
18026,94,95,-1,1
18027,142,140,2,2
18028,121,120,1,1
18029,79,80,-1,1
18030,123,126,-3,3
18031,82,85,-3,3
18032,174,171,3,3
18033,116,123,-7,7
18034,51,52,-1,1
18035,157,142,15,15
18036,57,61,-4,4
18037,71,67,4,4
18038,30,37,-7,7
18039,102,105,-3,3
18040,140,129,11,11
18041,156,158,-2,2
18042,44,42,2,2
18043,157,149,8,8
18044,91,94,-3,3
18045,111,121,-10,10
18046,107,113,-6,6
18047,83,89,-6,6
18048,83,78,5,5
18049,103,100,3,3
18050,84,77,7,7
18051,79,77,2,2
18052,119,110,9,9
18053,66,72,-6,6
18054,34,47,-13,13
18055,134,130,4,4
18056,108,106,2,2
18057,60,69,-9,9
18058,33,38,-5,5
18059,105,113,-8,8
18060,71,77,-6,6
18061,92,101,-9,9
18062,62,67,-5,5
18063,54,59,-5,5
18064,85,90,-5,5
18065,154,138,16,16
18066,109,105,4,4
18067,120,135,-15,15
18068,55,55,0,0
18069,102,113,-11,11
18070,58,56,2,2
18071,34,39,-5,5
18072,91,92,-1,1
18073,110,108,2,2
18074,117,109,8,8
18075,102,127,-25,25
18076,95,90,5,5
18077,38,46,-8,8
18078,88,86,2,2
18079,107,93,14,14
18080,113,116,-3,3
18081,58,62,-4,4
18082,56,64,-8,8
18083,68,72,-4,4
18084,59,61,-2,2
18085,169,174,-5,5
18086,70,66,4,4
18087,117,112,5,5
18088,84,83,1,1
18089,150,158,-8,8
18090,123,133,-10,10
18091,72,74,-2,2
18092,108,112,-4,4
18093,87,86,1,1
18094,123,148,-25,25
18095,79,81,-2,2
18096,112,126,-14,14
18097,77,72,5,5
18098,123,122,1,1
18099,109,120,-11,11
18100,82,73,9,9
18101,57,62,-5,5
18102,120,113,7,7
18103,117,124,-7,7
18104,53,52,1,1
18105,72,80,-8,8
18106,90,85,5,5
18107,92,110,-18,18
18108,88,83,5,5
18109,55,71,-16,16
18110,62,57,5,5
18111,108,114,-6,6
18112,85,76,9,9
18113,66,83,-17,17
18114,165,168,-3,3
18115,124,134,-10,10
18116,75,84,-9,9
18117,54,55,-1,1
18118,141,138,3,3
18119,67,67,0,0
18120,94,100,-6,6
18121,102,110,-8,8
18122,119,124,-5,5
18123,53,61,-8,8
18124,122,137,-15,15
18125,60,63,-3,3
18126,88,90,-2,2
18127,101,106,-5,5
18128,64,67,-3,3
18129,48,68,-20,20
18130,75,73,2,2
18131,53,71,-18,18
18132,123,111,12,12
18133,90,89,1,1
18134,137,142,-5,5
18135,95,102,-7,7
18136,88,109,-21,21
18137,106,120,-14,14
18138,155,147,8,8
18139,75,68,7,7
18140,62,64,-2,2
18141,91,82,9,9
18142,58,51,7,7
18143,51,61,-10,10
18144,120,124,-4,4
18145,94,101,-7,7
18146,112,109,3,3
18147,84,100,-16,16
18148,67,73,-6,6
18149,83,84,-1,1
18150,162,155,7,7
18151,122,122,0,0
18152,36,42,-6,6
18153,127,124,3,3
18154,75,91,-16,16
18155,119,108,11,11
18156,147,143,4,4
18157,105,105,0,0
18158,55,57,-2,2
18159,90,86,4,4
18160,57,62,-5,5
18161,100,103,-3,3
18162,63,58,5,5
18163,58,62,-4,4
18164,140,147,-7,7
18165,107,105,2,2
18166,71,80,-9,9
18167,145,145,0,0
18168,64,73,-9,9
18169,94,84,10,10
18170,71,71,0,0
18171,68,74,-6,6
18172,109,102,7,7
18173,67,71,-4,4
18174,81,82,-1,1
18175,101,95,6,6
18176,135,129,6,6
18177,60,59,1,1
18178,154,144,10,10
18179,131,122,9,9
18180,97,90,7,7
18181,65,66,-1,1
18182,132,127,5,5
18183,95,101,-6,6
18184,97,90,7,7
18185,122,115,7,7
18186,80,88,-8,8
18187,89,83,6,6
18188,97,83,14,14
18189,106,107,-1,1
18190,101,108,-7,7
18191,116,128,-12,12
18192,70,88,-18,18
18193,44,53,-9,9
18194,149,144,5,5
18195,95,100,-5,5
18196,79,78,1,1
18197,114,117,-3,3
18198,77,70,7,7
18199,121,111,10,10
18200,80,82,-2,2
18201,117,107,10,10
18202,150,140,10,10
18203,85,82,3,3
18204,72,83,-11,11
18205,112,110,2,2
18206,91,87,4,4
18207,61,58,3,3
18208,126,120,6,6
18209,78,78,0,0
18210,129,127,2,2
18211,71,72,-1,1
18212,72,78,-6,6
18213,166,162,4,4
18214,134,128,6,6
18215,36,36,0,0
18216,63,69,-6,6
18217,73,73,0,0
18218,88,90,-2,2
18219,88,99,-11,11
18220,113,121,-8,8
18221,138,135,3,3
18222,88,70,18,18
18223,127,128,-1,1
18224,216,207,9,9
18225,108,110,-2,2
18226,137,136,1,1
18227,66,81,-15,15
18228,68,76,-8,8
18229,100,97,3,3
18230,50,54,-4,4
18231,130,132,-2,2
18232,100,105,-5,5
18233,201,171,30,30
18234,53,56,-3,3
18235,65,67,-2,2
18236,60,60,0,0
18237,177,172,5,5
18238,88,80,8,8
18239,64,66,-2,2
18240,141,145,-4,4
18241,87,92,-5,5
18242,144,141,3,3
18243,118,108,10,10
18244,84,88,-4,4
18245,80,86,-6,6
18246,131,136,-5,5
18247,61,63,-2,2
18248,93,90,3,3
18249,78,89,-11,11
18250,58,56,2,2
18251,99,88,11,11
18252,107,101,6,6
18253,119,121,-2,2
18254,104,116,-12,12
18255,87,91,-4,4
18256,88,86,2,2
18257,131,130,1,1
18258,126,124,2,2
18259,125,117,8,8
18260,99,107,-8,8
18261,127,125,2,2
18262,34,54,-20,20
18263,77,69,8,8
18264,88,90,-2,2
18265,106,122,-16,16
18266,104,103,1,1
18267,78,88,-10,10
18268,78,78,0,0
18269,211,188,23,23
18270,68,54,14,14
18271,110,111,-1,1
18272,86,86,0,0
18273,102,106,-4,4
18274,82,76,6,6
18275,57,58,-1,1
18276,106,110,-4,4
18277,52,59,-7,7
18278,60,60,0,0
18279,78,81,-3,3
18280,66,59,7,7
18281,134,128,6,6
18282,61,67,-6,6
18283,88,85,3,3
18284,95,100,-5,5
18285,79,81,-2,2
18286,109,111,-2,2
18287,74,80,-6,6
18288,82,73,9,9
18289,77,78,-1,1
18290,89,87,2,2
18291,115,108,7,7
18292,64,67,-3,3
18293,143,137,6,6
18294,189,181,8,8
18295,27,36,-9,9
18296,82,90,-8,8
18297,127,138,-11,11
18298,121,113,8,8
18299,103,106,-3,3
18300,55,57,-2,2
18301,163,161,2,2
18302,93,99,-6,6
18303,95,94,1,1
18304,123,125,-2,2
18305,59,62,-3,3
18306,112,104,8,8
18307,76,78,-2,2
18308,77,89,-12,12
18309,62,68,-6,6
18310,71,74,-3,3
18311,60,60,0,0
18312,141,147,-6,6
18313,91,98,-7,7
18314,96,95,1,1
18315,58,62,-4,4
18316,93,92,1,1
18317,165,166,-1,1
18318,199,195,4,4
18319,98,100,-2,2
18320,152,156,-4,4
18321,81,74,7,7
18322,93,87,6,6
18323,122,115,7,7
18324,83,84,-1,1
18325,82,86,-4,4
18326,61,64,-3,3
18327,87,92,-5,5
18328,44,60,-16,16
18329,90,104,-14,14
18330,50,58,-8,8
18331,122,119,3,3
18332,82,83,-1,1
18333,101,107,-6,6
18334,93,99,-6,6
18335,132,120,12,12
18336,111,121,-10,10
18337,96,81,15,15
18338,47,49,-2,2
18339,113,115,-2,2
18340,182,182,0,0
18341,107,128,-21,21
18342,99,112,-13,13
18343,72,75,-3,3
18344,84,89,-5,5
18345,55,58,-3,3
18346,154,159,-5,5
18347,39,44,-5,5
18348,107,106,1,1
18349,89,98,-9,9
18350,114,118,-4,4
18351,99,106,-7,7
18352,76,79,-3,3
18353,61,65,-4,4
18354,112,101,11,11
18355,79,80,-1,1
18356,81,80,1,1
18357,80,85,-5,5
18358,49,60,-11,11
18359,48,39,9,9
18360,113,111,2,2
18361,91,95,-4,4
18362,76,77,-1,1
18363,144,148,-4,4
18364,67,68,-1,1
18365,81,70,11,11
18366,111,110,1,1
18367,78,78,0,0
18368,53,59,-6,6
18369,77,79,-2,2
18370,71,87,-16,16
18371,76,71,5,5
18372,65,66,-1,1
18373,90,92,-2,2
18374,165,157,8,8
18375,188,185,3,3
18376,58,160,-102,102
18377,81,80,1,1
18378,65,68,-3,3
18379,91,93,-2,2
18380,116,119,-3,3
18381,145,136,9,9
18382,111,117,-6,6
18383,146,140,6,6
18384,119,109,10,10
18385,91,98,-7,7
18386,116,120,-4,4
18387,48,50,-2,2
18388,107,119,-12,12
18389,63,66,-3,3
18390,120,112,8,8
18391,86,83,3,3
18392,93,92,1,1
18393,89,97,-8,8
18394,95,96,-1,1
18395,90,85,5,5
18396,104,104,0,0
18397,144,145,-1,1
18398,119,111,8,8
18399,82,86,-4,4
18400,61,74,-13,13
18401,93,101,-8,8
18402,142,134,8,8
18403,73,73,0,0
18404,133,119,14,14
18405,128,137,-9,9
18406,104,105,-1,1
18407,90,87,3,3
18408,88,93,-5,5
18409,65,77,-12,12
18410,102,99,3,3
18411,176,160,16,16
18412,90,100,-10,10
18413,241,224,17,17
18414,115,104,11,11
18415,69,66,3,3
18416,94,86,8,8
18417,123,121,2,2
18418,96,111,-15,15
18419,90,99,-9,9
18420,59,64,-5,5
18421,76,72,4,4
18422,72,72,0,0
18423,70,74,-4,4
18424,67,67,0,0
18425,83,87,-4,4
18426,205,185,20,20
18427,62,67,-5,5
18428,214,210,4,4
18429,79,74,5,5
18430,142,133,9,9
18431,88,84,4,4
18432,107,114,-7,7
18433,120,113,7,7
18434,108,109,-1,1
18435,102,100,2,2
18436,64,70,-6,6
18437,86,97,-11,11
18438,70,73,-3,3
18439,130,110,20,20
18440,97,89,8,8
18441,85,90,-5,5
18442,67,63,4,4
18443,142,123,19,19
18444,48,53,-5,5
18445,88,83,5,5
18446,123,127,-4,4
18447,69,78,-9,9
18448,92,90,2,2
18449,69,72,-3,3
18450,45,45,0,0
18451,64,60,4,4
18452,84,77,7,7
18453,131,128,3,3
18454,78,81,-3,3
18455,32,39,-7,7
18456,85,81,4,4
18457,100,98,2,2
18458,99,84,15,15
18459,125,119,6,6
18460,91,82,9,9
18461,196,188,8,8
18462,94,121,-27,27
18463,54,54,0,0
18464,134,129,5,5
18465,168,154,14,14
18466,64,60,4,4
18467,73,77,-4,4
18468,96,90,6,6
18469,82,72,10,10
18470,48,52,-4,4
18471,65,71,-6,6
18472,121,120,1,1
18473,102,108,-6,6
18474,69,65,4,4
18475,92,91,1,1
18476,79,80,-1,1
18477,107,113,-6,6
18478,76,92,-16,16
18479,73,79,-6,6
18480,75,71,4,4
18481,150,154,-4,4
18482,149,145,4,4
18483,144,136,8,8
18484,113,112,1,1
18485,62,71,-9,9
18486,108,112,-4,4
18487,103,108,-5,5
18488,58,94,-36,36
18489,42,57,-15,15
18490,115,103,12,12
18491,58,89,-31,31
18492,115,106,9,9
18493,109,104,5,5
18494,51,42,9,9
18495,70,70,0,0
18496,68,90,-22,22
18497,143,141,2,2
18498,83,72,11,11
18499,116,110,6,6
18500,45,51,-6,6
18501,90,85,5,5
18502,67,68,-1,1
18503,100,104,-4,4
18504,113,117,-4,4
18505,30,44,-14,14
18506,98,102,-4,4
18507,67,72,-5,5
18508,53,57,-4,4
18509,105,108,-3,3
18510,123,130,-7,7
18511,57,59,-2,2
18512,125,116,9,9
18513,98,98,0,0
18514,111,113,-2,2
18515,122,119,3,3
18516,117,120,-3,3
18517,74,75,-1,1
18518,84,83,1,1
18519,143,142,1,1
18520,121,115,6,6
18521,121,121,0,0
18522,99,101,-2,2
18523,103,98,5,5
18524,104,90,14,14
18525,63,61,2,2
18526,222,193,29,29
18527,113,107,6,6
18528,88,91,-3,3
18529,122,104,18,18
18530,109,121,-12,12
18531,72,69,3,3
18532,64,64,0,0
18533,144,137,7,7
18534,82,82,0,0
18535,82,89,-7,7
18536,162,156,6,6
18537,112,121,-9,9
18538,62,64,-2,2
18539,78,99,-21,21
18540,48,48,0,0
18541,90,90,0,0
18542,130,120,10,10
18543,70,74,-4,4
18544,141,152,-11,11
18545,138,136,2,2
18546,126,100,26,26
18547,71,69,2,2
18548,89,99,-10,10
18549,138,137,1,1
18550,70,66,4,4
18551,123,115,8,8
18552,72,76,-4,4
18553,107,114,-7,7
18554,58,55,3,3
18555,90,86,4,4
18556,136,141,-5,5
18557,163,159,4,4
18558,108,103,5,5
18559,83,67,16,16
18560,117,117,0,0
18561,142,139,3,3
18562,69,69,0,0
18563,100,91,9,9
18564,211,192,19,19
18565,148,152,-4,4
18566,82,79,3,3
18567,86,88,-2,2
18568,201,194,7,7
18569,113,122,-9,9
18570,126,127,-1,1
18571,64,61,3,3
18572,98,98,0,0
18573,51,56,-5,5
18574,93,106,-13,13
18575,60,61,-1,1
18576,82,80,2,2
18577,95,114,-19,19
18578,94,84,10,10
18579,81,81,0,0
18580,111,114,-3,3
18581,63,73,-10,10
18582,55,58,-3,3
18583,142,140,2,2
18584,139,130,9,9
18585,118,114,4,4
18586,209,174,35,35
18587,73,74,-1,1
18588,103,109,-6,6
18589,118,122,-4,4
18590,124,117,7,7
18591,79,92,-13,13
18592,124,121,3,3
18593,129,129,0,0
18594,91,86,5,5
18595,83,90,-7,7
18596,120,111,9,9
18597,91,84,7,7
18598,101,99,2,2
18599,117,111,6,6
18600,154,144,10,10
18601,83,83,0,0
18602,113,114,-1,1
18603,83,87,-4,4
18604,106,112,-6,6
18605,47,50,-3,3
18606,63,66,-3,3
18607,99,99,0,0
18608,47,67,-20,20
18609,111,107,4,4
18610,111,106,5,5
18611,152,144,8,8
18612,91,106,-15,15
18613,111,116,-5,5
18614,103,119,-16,16
18615,80,85,-5,5
18616,133,129,4,4
18617,83,82,1,1
18618,67,66,1,1
18619,124,131,-7,7
18620,93,105,-12,12
18621,80,79,1,1
18622,64,72,-8,8
18623,74,83,-9,9
18624,92,97,-5,5
18625,122,115,7,7
18626,92,108,-16,16
18627,111,116,-5,5
18628,148,129,19,19
18629,102,93,9,9
18630,101,100,1,1
18631,89,88,1,1
18632,94,103,-9,9
18633,78,77,1,1
18634,88,76,12,12
18635,87,99,-12,12
18636,59,52,7,7
18637,75,79,-4,4
18638,101,107,-6,6
18639,96,104,-8,8
18640,64,65,-1,1
18641,106,105,1,1
18642,90,92,-2,2
18643,95,102,-7,7
18644,107,108,-1,1
18645,95,101,-6,6
18646,78,87,-9,9
18647,124,155,-31,31
18648,142,144,-2,2
18649,73,71,2,2
18650,111,112,-1,1
18651,92,77,15,15
18652,205,182,23,23
18653,93,87,6,6
18654,87,101,-14,14
18655,43,47,-4,4
18656,51,58,-7,7
18657,102,104,-2,2
18658,85,102,-17,17
18659,152,151,1,1
18660,69,68,1,1
18661,47,51,-4,4
18662,52,60,-8,8
18663,94,103,-9,9
18664,149,145,4,4
18665,81,70,11,11
18666,96,86,10,10
18667,88,87,1,1
18668,81,76,5,5
18669,129,125,4,4
18670,107,132,-25,25
18671,93,84,9,9
18672,90,90,0,0
18673,72,77,-5,5
18674,82,82,0,0
18675,73,76,-3,3
18676,102,103,-1,1
18677,52,56,-4,4
18678,79,88,-9,9
18679,131,125,6,6
18680,56,56,0,0
18681,58,52,6,6
18682,66,63,3,3
18683,58,63,-5,5
18684,76,82,-6,6
18685,83,81,2,2
18686,84,83,1,1
18687,100,106,-6,6
18688,114,106,8,8
18689,112,116,-4,4
18690,104,101,3,3
18691,110,115,-5,5
18692,160,164,-4,4
18693,98,102,-4,4
18694,122,121,1,1
18695,39,44,-5,5
18696,120,125,-5,5
18697,84,84,0,0
18698,64,86,-22,22
18699,87,97,-10,10
18700,102,104,-2,2
18701,87,90,-3,3
18702,76,73,3,3
18703,132,132,0,0
18704,65,64,1,1
18705,136,123,13,13
18706,87,77,10,10
18707,93,87,6,6
18708,130,124,6,6
18709,96,97,-1,1
18710,93,90,3,3
18711,67,77,-10,10
18712,116,119,-3,3
18713,81,89,-8,8
18714,107,112,-5,5
18715,70,55,15,15
18716,113,112,1,1
18717,78,83,-5,5
18718,93,87,6,6
18719,62,71,-9,9
18720,43,47,-4,4
18721,81,79,2,2
18722,85,87,-2,2
18723,128,120,8,8
18724,110,116,-6,6
18725,37,38,-1,1
18726,66,74,-8,8
18727,56,56,0,0
18728,95,95,0,0
18729,95,95,0,0
18730,92,91,1,1
18731,99,107,-8,8
18732,75,82,-7,7
18733,186,164,22,22
18734,30,36,-6,6
18735,63,63,0,0
18736,60,53,7,7
18737,38,48,-10,10
18738,70,79,-9,9
18739,85,85,0,0
18740,71,53,18,18
18741,122,128,-6,6
18742,45,40,5,5
18743,94,90,4,4
18744,133,131,2,2
18745,89,82,7,7
18746,85,78,7,7
18747,80,82,-2,2
18748,141,132,9,9
18749,108,108,0,0
18750,39,51,-12,12
18751,85,105,-20,20
18752,99,102,-3,3
18753,81,78,3,3
18754,123,124,-1,1
18755,98,101,-3,3
18756,81,83,-2,2
18757,110,116,-6,6
18758,64,71,-7,7
18759,75,84,-9,9
18760,59,58,1,1
18761,66,74,-8,8
18762,81,57,24,24
18763,92,91,1,1
18764,115,112,3,3
18765,129,135,-6,6
18766,99,98,1,1
18767,72,77,-5,5
18768,91,98,-7,7
18769,69,73,-4,4
18770,80,75,5,5
18771,89,99,-10,10
18772,92,101,-9,9
18773,95,97,-2,2
18774,166,152,14,14
18775,61,58,3,3
18776,59,52,7,7
18777,42,52,-10,10
18778,53,58,-5,5
18779,101,99,2,2
18780,90,84,6,6
18781,116,112,4,4
18782,83,76,7,7
18783,89,90,-1,1
18784,121,121,0,0
18785,74,59,15,15
18786,113,105,8,8
18787,85,88,-3,3
18788,137,137,0,0
18789,72,83,-11,11
18790,78,70,8,8
18791,113,125,-12,12
18792,144,118,26,26
18793,54,56,-2,2
18794,74,71,3,3
18795,72,73,-1,1
18796,73,74,-1,1
18797,163,145,18,18
18798,96,102,-6,6
18799,90,89,1,1
18800,64,66,-2,2
18801,61,63,-2,2
18802,79,78,1,1
18803,118,124,-6,6
18804,70,71,-1,1
18805,108,109,-1,1
18806,83,109,-26,26
18807,55,55,0,0
18808,139,141,-2,2
18809,49,52,-3,3
18810,159,149,10,10
18811,30,41,-11,11
18812,111,119,-8,8
18813,112,111,1,1
18814,149,151,-2,2
18815,104,103,1,1
18816,166,143,23,23
18817,76,70,6,6
18818,128,137,-9,9
18819,54,62,-8,8
18820,99,101,-2,2
18821,53,53,0,0
18822,98,93,5,5
18823,94,101,-7,7
18824,144,143,1,1
18825,47,49,-2,2
18826,124,133,-9,9
18827,137,151,-14,14
18828,55,52,3,3
18829,79,67,12,12
18830,103,106,-3,3
18831,67,74,-7,7
18832,45,47,-2,2
18833,129,120,9,9
18834,33,52,-19,19
18835,108,110,-2,2
18836,68,69,-1,1
18837,165,157,8,8
18838,108,100,8,8
18839,142,123,19,19
18840,108,113,-5,5
18841,56,65,-9,9
18842,73,77,-4,4
18843,121,120,1,1
18844,139,145,-6,6
18845,124,120,4,4
18846,59,59,0,0
18847,98,118,-20,20
18848,42,43,-1,1
18849,94,103,-9,9
18850,120,114,6,6
18851,64,69,-5,5
18852,52,60,-8,8
18853,193,185,8,8
18854,99,93,6,6
18855,73,82,-9,9
18856,166,138,28,28
18857,116,118,-2,2
18858,69,87,-18,18
18859,67,68,-1,1
18860,81,70,11,11
18861,112,105,7,7
18862,120,109,11,11
18863,67,60,7,7
18864,105,89,16,16
18865,146,135,11,11
18866,110,104,6,6
18867,90,90,0,0
18868,94,84,10,10
18869,106,121,-15,15
18870,95,98,-3,3
18871,112,115,-3,3
18872,104,97,7,7
18873,60,66,-6,6
18874,93,78,15,15
18875,171,168,3,3
18876,57,52,5,5
18877,106,101,5,5
18878,83,90,-7,7
18879,65,56,9,9
18880,111,114,-3,3
18881,117,119,-2,2
18882,71,75,-4,4
18883,46,59,-13,13
18884,87,105,-18,18
18885,80,77,3,3
18886,58,61,-3,3
18887,47,44,3,3
18888,196,179,17,17
18889,100,105,-5,5
18890,122,130,-8,8
18891,126,129,-3,3
18892,61,65,-4,4
18893,68,74,-6,6
18894,90,100,-10,10
18895,96,103,-7,7
18896,154,161,-7,7
18897,153,154,-1,1
18898,83,85,-2,2
18899,130,128,2,2
18900,110,103,7,7
18901,122,120,2,2
18902,85,79,6,6
18903,55,57,-2,2
18904,85,83,2,2
18905,122,119,3,3
18906,71,70,1,1
18907,149,140,9,9
18908,101,100,1,1
18909,81,94,-13,13
18910,95,94,1,1
18911,120,119,1,1
18912,137,143,-6,6
18913,132,145,-13,13
18914,83,75,8,8
18915,121,117,4,4
18916,121,118,3,3
18917,125,139,-14,14
18918,81,84,-3,3
18919,137,141,-4,4
18920,89,88,1,1
18921,113,111,2,2
18922,23,41,-18,18
18923,123,103,20,20
18924,172,171,1,1
18925,64,64,0,0
18926,122,132,-10,10
18927,67,68,-1,1
18928,86,86,0,0
18929,42,50,-8,8
18930,126,122,4,4
18931,148,133,15,15
18932,81,74,7,7
18933,78,80,-2,2
18934,74,73,1,1
18935,52,59,-7,7
18936,67,68,-1,1
18937,69,71,-2,2
18938,76,83,-7,7
18939,56,58,-2,2
18940,103,114,-11,11
18941,86,101,-15,15
18942,67,69,-2,2
18943,74,80,-6,6
18944,61,60,1,1
18945,42,56,-14,14
18946,106,105,1,1
18947,59,61,-2,2
18948,65,65,0,0
18949,148,153,-5,5
18950,161,152,9,9
18951,140,134,6,6
18952,140,133,7,7
18953,70,78,-8,8
18954,157,147,10,10
18955,70,76,-6,6
18956,110,117,-7,7
18957,132,155,-23,23
18958,40,50,-10,10
18959,115,107,8,8
18960,165,163,2,2
18961,46,57,-11,11
18962,108,120,-12,12
18963,145,141,4,4
18964,153,142,11,11
18965,64,68,-4,4
18966,104,107,-3,3
18967,104,90,14,14
18968,103,93,10,10
18969,99,110,-11,11
18970,58,65,-7,7
18971,78,76,2,2
18972,116,117,-1,1
18973,95,113,-18,18
18974,77,75,2,2
18975,100,101,-1,1
18976,147,143,4,4
18977,73,76,-3,3
18978,90,94,-4,4
18979,91,92,-1,1
18980,136,132,4,4
18981,156,144,12,12
18982,71,71,0,0
18983,65,66,-1,1
18984,82,82,0,0
18985,116,117,-1,1
18986,134,129,5,5
18987,70,74,-4,4
18988,98,101,-3,3
18989,194,184,10,10
18990,58,63,-5,5
18991,111,152,-41,41
18992,55,56,-1,1
18993,105,108,-3,3
18994,85,87,-2,2
18995,105,100,5,5
18996,83,90,-7,7
18997,96,89,7,7
18998,83,82,1,1
18999,153,151,2,2
19000,81,82,-1,1
19001,60,62,-2,2
19002,137,139,-2,2
19003,140,135,5,5
19004,88,97,-9,9
19005,124,126,-2,2
19006,101,98,3,3
19007,84,80,4,4
19008,99,100,-1,1
19009,59,53,6,6
19010,83,98,-15,15
19011,113,126,-13,13
19012,83,91,-8,8
19013,65,68,-3,3
19014,52,59,-7,7
19015,120,128,-8,8
19016,102,95,7,7
19017,50,73,-23,23
19018,134,140,-6,6
19019,90,89,1,1
19020,79,76,3,3
19021,78,83,-5,5
19022,122,114,8,8
19023,69,74,-5,5
19024,72,71,1,1
19025,71,73,-2,2
19026,112,97,15,15
19027,111,103,8,8
19028,96,104,-8,8
19029,96,98,-2,2
19030,67,71,-4,4
19031,102,106,-4,4
19032,71,79,-8,8
19033,147,147,0,0
19034,123,128,-5,5
19035,89,75,14,14
19036,72,80,-8,8
19037,81,84,-3,3
19038,61,62,-1,1
19039,79,79,0,0
19040,112,104,8,8
19041,167,173,-6,6
19042,74,79,-5,5
19043,122,116,6,6
19044,78,87,-9,9
19045,64,66,-2,2
19046,72,78,-6,6
19047,90,84,6,6
19048,86,78,8,8
19049,122,120,2,2
19050,70,60,10,10
19051,80,79,1,1
19052,55,56,-1,1
19053,86,77,9,9
19054,117,119,-2,2
19055,95,94,1,1
19056,88,88,0,0
19057,123,113,10,10
19058,102,99,3,3
19059,73,66,7,7
19060,33,37,-4,4
19061,133,122,11,11
19062,65,75,-10,10
19063,75,67,8,8
19064,39,38,1,1
19065,119,111,8,8
19066,88,89,-1,1
19067,110,102,8,8
19068,59,64,-5,5
19069,94,105,-11,11
19070,90,87,3,3
19071,64,66,-2,2
19072,111,112,-1,1
19073,95,100,-5,5
19074,77,78,-1,1
19075,60,63,-3,3
19076,151,147,4,4
19077,90,83,7,7
19078,65,73,-8,8
19079,100,114,-14,14
19080,59,63,-4,4
19081,89,89,0,0
19082,91,103,-12,12
19083,152,146,6,6
19084,58,59,-1,1
19085,98,111,-13,13
19086,111,108,3,3
19087,94,88,6,6
19088,98,104,-6,6
19089,99,91,8,8
19090,132,129,3,3
19091,99,121,-22,22
19092,163,174,-11,11
19093,105,95,10,10
19094,109,114,-5,5
19095,49,51,-2,2
19096,97,115,-18,18
19097,153,140,13,13
19098,73,102,-29,29
19099,71,76,-5,5
19100,89,83,6,6
19101,110,100,10,10
19102,73,75,-2,2
19103,151,130,21,21
19104,146,141,5,5
19105,74,72,2,2
19106,76,69,7,7
19107,57,130,-73,73
19108,96,83,13,13
19109,143,129,14,14
19110,98,84,14,14
19111,74,77,-3,3
19112,78,74,4,4
19113,139,154,-15,15
19114,81,85,-4,4
19115,74,84,-10,10
19116,81,82,-1,1
19117,149,163,-14,14
19118,59,70,-11,11
19119,92,103,-11,11
19120,88,85,3,3
19121,94,93,1,1
19122,106,107,-1,1
19123,143,125,18,18
19124,61,69,-8,8
19125,84,78,6,6
19126,107,111,-4,4
19127,129,134,-5,5
19128,80,80,0,0
19129,89,87,2,2
19130,159,154,5,5
19131,44,50,-6,6
19132,116,121,-5,5
19133,79,83,-4,4
19134,82,77,5,5
19135,77,80,-3,3
19136,124,117,7,7
19137,97,104,-7,7
19138,62,69,-7,7
19139,65,68,-3,3
19140,78,73,5,5
19141,105,108,-3,3
19142,107,117,-10,10
19143,60,65,-5,5
19144,63,62,1,1
19145,71,71,0,0
19146,122,127,-5,5
19147,76,75,1,1
19148,137,140,-3,3
19149,89,89,0,0
19150,87,99,-12,12
19151,147,147,0,0
19152,121,134,-13,13
19153,91,83,8,8
19154,62,64,-2,2
19155,77,86,-9,9
19156,95,97,-2,2
19157,71,74,-3,3
19158,129,142,-13,13
19159,114,114,0,0
19160,196,188,8,8
19161,113,115,-2,2
19162,122,113,9,9
19163,120,113,7,7
19164,104,119,-15,15
19165,99,100,-1,1
19166,80,83,-3,3
19167,69,74,-5,5
19168,100,108,-8,8
19169,63,66,-3,3
19170,145,134,11,11
19171,55,50,5,5
19172,91,88,3,3
19173,148,140,8,8
19174,75,71,4,4
19175,106,108,-2,2
19176,179,163,16,16
19177,86,101,-15,15
19178,72,74,-2,2
19179,127,133,-6,6
19180,68,66,2,2
19181,69,85,-16,16
19182,136,140,-4,4
19183,91,88,3,3
19184,102,109,-7,7
19185,128,119,9,9
19186,94,91,3,3
19187,105,107,-2,2
19188,146,139,7,7
19189,72,68,4,4
19190,105,105,0,0
19191,137,133,4,4
19192,169,162,7,7
19193,130,155,-25,25
19194,126,127,-1,1
19195,125,118,7,7
19196,102,103,-1,1
19197,74,72,2,2
19198,74,89,-15,15
19199,97,98,-1,1
19200,113,112,1,1
19201,54,59,-5,5
19202,127,113,14,14
19203,73,81,-8,8
19204,145,153,-8,8
19205,117,116,1,1
19206,123,123,0,0
19207,188,166,22,22
19208,75,85,-10,10
19209,76,86,-10,10
19210,45,55,-10,10
19211,86,84,2,2
19212,74,77,-3,3
19213,103,116,-13,13
19214,140,128,12,12
19215,95,100,-5,5
19216,102,106,-4,4
19217,34,44,-10,10
19218,101,101,0,0
19219,62,72,-10,10
19220,81,89,-8,8
19221,84,87,-3,3
19222,114,129,-15,15
19223,90,81,9,9
19224,66,98,-32,32
19225,98,101,-3,3
19226,68,76,-8,8
19227,115,112,3,3
19228,101,69,32,32
19229,137,125,12,12
19230,125,126,-1,1
19231,84,88,-4,4
19232,43,59,-16,16
19233,99,98,1,1
19234,126,129,-3,3
19235,97,101,-4,4
19236,105,99,6,6
19237,74,79,-5,5
19238,108,109,-1,1
19239,70,69,1,1
19240,49,53,-4,4
19241,133,133,0,0
19242,105,101,4,4
19243,147,151,-4,4
19244,98,102,-4,4
19245,124,116,8,8
19246,73,75,-2,2
19247,78,72,6,6
19248,106,113,-7,7
19249,63,63,0,0
19250,87,95,-8,8
19251,80,77,3,3
19252,101,102,-1,1
19253,80,80,0,0
19254,107,98,9,9
19255,65,73,-8,8
19256,62,60,2,2
19257,124,129,-5,5
19258,37,43,-6,6
19259,109,109,0,0
19260,48,58,-10,10
19261,152,138,14,14
19262,163,160,3,3
19263,126,124,2,2
19264,62,92,-30,30
19265,128,137,-9,9
19266,104,105,-1,1
19267,110,126,-16,16
19268,79,83,-4,4
19269,79,81,-2,2
19270,145,138,7,7
19271,74,81,-7,7
19272,59,66,-7,7
19273,107,110,-3,3
19274,88,98,-10,10
19275,47,54,-7,7
19276,111,115,-4,4
19277,108,104,4,4
19278,133,119,14,14
19279,155,161,-6,6
19280,85,86,-1,1
19281,135,122,13,13
19282,104,102,2,2
19283,149,156,-7,7
19284,78,79,-1,1
19285,76,77,-1,1
19286,96,102,-6,6
19287,130,120,10,10
19288,90,87,3,3
19289,55,76,-21,21
19290,123,132,-9,9
19291,65,65,0,0
19292,69,52,17,17
19293,50,56,-6,6
19294,51,60,-9,9
19295,81,71,10,10
19296,108,109,-1,1
19297,81,83,-2,2
19298,42,45,-3,3
19299,141,122,19,19
19300,66,75,-9,9
19301,103,103,0,0
19302,147,140,7,7
19303,105,90,15,15
19304,136,117,19,19
19305,58,65,-7,7
19306,108,93,15,15
19307,63,67,-4,4
19308,116,119,-3,3
19309,147,139,8,8
19310,73,70,3,3
19311,92,97,-5,5
19312,63,66,-3,3
19313,98,103,-5,5
19314,153,149,4,4
19315,98,99,-1,1
19316,68,77,-9,9
19317,70,60,10,10
19318,69,129,-60,60
19319,68,68,0,0
19320,66,66,0,0
19321,83,84,-1,1
19322,113,108,5,5
19323,123,111,12,12
19324,39,42,-3,3
19325,127,116,11,11
19326,119,123,-4,4
19327,80,76,4,4
19328,202,217,-15,15
19329,71,80,-9,9
19330,49,54,-5,5
19331,73,84,-11,11
19332,90,103,-13,13
19333,86,88,-2,2
19334,71,85,-14,14
19335,62,70,-8,8
19336,89,83,6,6
19337,205,187,18,18
19338,157,133,24,24
19339,95,107,-12,12
19340,54,67,-13,13
19341,86,88,-2,2
19342,105,107,-2,2
19343,51,62,-11,11
19344,56,61,-5,5
19345,142,146,-4,4
19346,151,139,12,12
19347,72,70,2,2
19348,71,81,-10,10
19349,73,76,-3,3
19350,58,59,-1,1
19351,175,203,-28,28
19352,132,130,2,2
19353,102,106,-4,4
19354,115,114,1,1
19355,92,103,-11,11
19356,77,73,4,4
19357,113,112,1,1
19358,103,108,-5,5
19359,147,158,-11,11
19360,93,113,-20,20
19361,105,110,-5,5
19362,95,90,5,5
19363,158,149,9,9
19364,117,120,-3,3
19365,113,120,-7,7
19366,84,76,8,8
19367,64,72,-8,8
19368,98,99,-1,1
19369,91,101,-10,10
19370,106,93,13,13
19371,57,66,-9,9
19372,130,130,0,0
19373,67,75,-8,8
19374,60,68,-8,8
19375,80,74,6,6
19376,109,111,-2,2
19377,56,83,-27,27
19378,61,75,-14,14
19379,162,157,5,5
19380,105,105,0,0
19381,118,114,4,4
19382,88,84,4,4
19383,61,54,7,7
19384,101,100,1,1
19385,130,136,-6,6
19386,116,111,5,5
19387,66,71,-5,5
19388,67,61,6,6
19389,68,78,-10,10
19390,54,55,-1,1
19391,76,76,0,0
19392,91,91,0,0
19393,48,51,-3,3
19394,108,111,-3,3
19395,50,55,-5,5
19396,121,131,-10,10
19397,55,55,0,0
19398,99,92,7,7
19399,109,110,-1,1
19400,129,121,8,8
19401,59,56,3,3
19402,193,187,6,6
19403,115,114,1,1
19404,168,167,1,1
19405,109,111,-2,2
19406,79,90,-11,11
19407,69,69,0,0
19408,124,125,-1,1
19409,86,101,-15,15
19410,108,106,2,2
19411,57,63,-6,6
19412,69,62,7,7
19413,73,78,-5,5
19414,93,105,-12,12
19415,108,105,3,3
19416,47,48,-1,1
19417,96,98,-2,2
19418,136,145,-9,9
19419,62,51,11,11
19420,35,44,-9,9
19421,168,174,-6,6
19422,72,68,4,4
19423,53,55,-2,2
19424,181,176,5,5
19425,106,103,3,3
19426,110,121,-11,11
19427,71,75,-4,4
19428,81,89,-8,8
19429,66,67,-1,1
19430,96,104,-8,8
19431,94,91,3,3
19432,101,89,12,12
19433,56,59,-3,3
19434,161,149,12,12
19435,120,116,4,4
19436,90,97,-7,7
19437,74,77,-3,3
19438,119,115,4,4
19439,120,118,2,2
19440,116,140,-24,24
19441,72,74,-2,2
19442,100,91,9,9
19443,72,71,1,1
19444,152,152,0,0
19445,65,75,-10,10
19446,84,81,3,3
19447,100,103,-3,3
19448,116,107,9,9
19449,88,90,-2,2
19450,94,107,-13,13
19451,76,75,1,1
19452,70,77,-7,7
19453,72,90,-18,18
19454,114,115,-1,1
19455,95,99,-4,4
19456,88,83,5,5
19457,103,118,-15,15
19458,82,82,0,0
19459,66,77,-11,11
19460,126,117,9,9
19461,215,217,-2,2
19462,127,126,1,1
19463,71,72,-1,1
19464,106,98,8,8
19465,125,129,-4,4
19466,98,92,6,6
19467,80,100,-20,20
19468,76,81,-5,5
19469,126,126,0,0
19470,45,48,-3,3
19471,98,100,-2,2
19472,75,76,-1,1
19473,76,70,6,6
19474,103,108,-5,5
19475,149,144,5,5
19476,110,114,-4,4
19477,71,73,-2,2
19478,121,128,-7,7
19479,86,86,0,0
19480,44,49,-5,5
19481,126,127,-1,1
19482,145,131,14,14
19483,94,107,-13,13
19484,49,59,-10,10
19485,99,98,1,1
19486,75,87,-12,12
19487,77,98,-21,21
19488,65,74,-9,9
19489,117,114,3,3
19490,87,83,4,4
19491,87,103,-16,16
19492,138,139,-1,1
19493,66,67,-1,1
19494,100,88,12,12
19495,107,100,7,7
19496,82,110,-28,28
19497,76,86,-10,10
19498,67,76,-9,9
19499,40,49,-9,9
19500,88,98,-10,10
19501,184,172,12,12
19502,92,84,8,8
19503,134,138,-4,4
19504,105,107,-2,2
19505,112,116,-4,4
19506,70,71,-1,1
19507,70,77,-7,7
19508,57,61,-4,4
19509,120,119,1,1
19510,98,106,-8,8
19511,115,112,3,3
19512,84,101,-17,17
19513,97,97,0,0
19514,85,86,-1,1
19515,67,71,-4,4
19516,93,84,9,9
19517,123,119,4,4
19518,52,104,-52,52
19519,113,112,1,1
19520,63,67,-4,4
19521,97,94,3,3
19522,103,102,1,1
19523,91,102,-11,11
19524,74,77,-3,3
19525,110,121,-11,11
19526,162,154,8,8
19527,98,102,-4,4
19528,103,101,2,2
19529,96,107,-11,11
19530,35,43,-8,8
19531,85,91,-6,6
19532,69,72,-3,3
19533,80,72,8,8
19534,60,59,1,1
19535,87,103,-16,16
19536,77,76,1,1
19537,139,135,4,4
19538,51,56,-5,5
19539,122,113,9,9
19540,125,118,7,7
19541,63,58,5,5
19542,125,116,9,9
19543,85,99,-14,14
19544,112,114,-2,2
19545,58,61,-3,3
19546,104,106,-2,2
19547,120,116,4,4
19548,43,48,-5,5
19549,90,105,-15,15
19550,29,32,-3,3
19551,92,83,9,9
19552,99,86,13,13
19553,55,63,-8,8
19554,66,62,4,4
19555,78,73,5,5
19556,67,62,5,5
19557,91,83,8,8
19558,143,131,12,12
19559,86,93,-7,7
19560,57,70,-13,13
19561,96,88,8,8
19562,101,114,-13,13
19563,58,56,2,2
19564,113,108,5,5
19565,44,43,1,1
19566,140,121,19,19
19567,150,151,-1,1
19568,117,124,-7,7
19569,86,90,-4,4
19570,99,92,7,7
19571,114,109,5,5
19572,81,79,2,2
19573,64,61,3,3
19574,132,134,-2,2
19575,82,83,-1,1
19576,141,138,3,3
19577,68,84,-16,16
19578,137,130,7,7
19579,75,71,4,4
19580,71,72,-1,1
19581,59,48,11,11
19582,45,40,5,5
19583,70,68,2,2
19584,107,107,0,0
19585,59,61,-2,2
19586,41,47,-6,6
19587,65,72,-7,7
19588,50,53,-3,3
19589,88,91,-3,3
19590,114,115,-1,1
19591,64,59,5,5
19592,154,153,1,1
19593,64,72,-8,8
19594,46,67,-21,21
19595,120,119,1,1
19596,80,82,-2,2
19597,52,51,1,1
19598,88,108,-20,20
19599,65,89,-24,24
19600,49,57,-8,8
19601,82,101,-19,19
19602,108,116,-8,8
19603,59,68,-9,9
19604,68,71,-3,3
19605,99,90,9,9
19606,100,103,-3,3
19607,100,92,8,8
19608,156,149,7,7
19609,91,97,-6,6
19610,152,147,5,5
19611,125,116,9,9
19612,60,62,-2,2
19613,43,53,-10,10
19614,48,50,-2,2
19615,94,103,-9,9
19616,70,68,2,2
19617,52,54,-2,2
19618,70,69,1,1
19619,154,144,10,10
19620,133,138,-5,5
19621,72,73,-1,1
19622,79,86,-7,7
19623,111,117,-6,6
19624,72,73,-1,1
19625,147,152,-5,5
19626,94,90,4,4
19627,41,44,-3,3
19628,79,88,-9,9
19629,61,63,-2,2
19630,68,75,-7,7
19631,70,68,2,2
19632,80,85,-5,5
19633,58,67,-9,9
19634,45,50,-5,5
19635,187,170,17,17
19636,84,84,0,0
19637,76,77,-1,1
19638,154,149,5,5
19639,139,133,6,6
19640,173,165,8,8
19641,75,69,6,6
19642,148,141,7,7
19643,174,170,4,4
19644,100,111,-11,11
19645,29,35,-6,6
19646,102,99,3,3
19647,67,72,-5,5
19648,51,51,0,0
19649,133,115,18,18
19650,36,41,-5,5
19651,66,66,0,0
19652,65,60,5,5
19653,73,76,-3,3
19654,151,138,13,13
19655,87,83,4,4
19656,138,148,-10,10
19657,65,66,-1,1
19658,97,98,-1,1
19659,84,85,-1,1
19660,171,166,5,5
19661,110,111,-1,1
19662,120,115,5,5
19663,99,95,4,4
19664,135,143,-8,8
19665,90,94,-4,4
19666,70,68,2,2
19667,99,105,-6,6
19668,58,60,-2,2
19669,109,133,-24,24
19670,77,80,-3,3
19671,74,74,0,0
19672,134,136,-2,2
19673,130,115,15,15
19674,65,66,-1,1
19675,109,108,1,1
19676,75,82,-7,7
19677,125,127,-2,2
19678,99,100,-1,1
19679,147,146,1,1
19680,160,156,4,4
19681,49,49,0,0
19682,62,70,-8,8
19683,332,307,25,25
19684,127,124,3,3
19685,34,39,-5,5
19686,145,140,5,5
19687,108,105,3,3
19688,66,72,-6,6
19689,65,69,-4,4
19690,157,148,9,9
19691,89,80,9,9
19692,97,109,-12,12
19693,116,116,0,0
19694,102,104,-2,2
19695,118,126,-8,8
19696,161,158,3,3
19697,97,88,9,9
19698,40,40,0,0
19699,63,66,-3,3
19700,70,82,-12,12
19701,83,78,5,5
19702,100,106,-6,6
19703,76,76,0,0
19704,105,107,-2,2
19705,72,85,-13,13
19706,69,85,-16,16
19707,136,141,-5,5
19708,126,112,14,14
19709,130,138,-8,8
19710,116,120,-4,4
19711,87,84,3,3
19712,100,105,-5,5
19713,100,99,1,1
19714,55,59,-4,4
19715,92,98,-6,6
19716,101,99,2,2
19717,149,153,-4,4
19718,98,88,10,10
19719,89,91,-2,2
19720,40,43,-3,3
19721,91,86,5,5
19722,103,107,-4,4
19723,88,83,5,5
19724,76,90,-14,14
19725,43,53,-10,10
19726,60,62,-2,2
19727,165,153,12,12
19728,148,167,-19,19
19729,114,113,1,1
19730,97,86,11,11
19731,141,144,-3,3
19732,82,95,-13,13
19733,89,89,0,0
19734,141,142,-1,1
19735,31,42,-11,11
19736,87,101,-14,14
19737,83,87,-4,4
19738,64,67,-3,3
19739,68,75,-7,7
19740,75,72,3,3
19741,102,104,-2,2
19742,54,59,-5,5
19743,108,116,-8,8
19744,104,91,13,13
19745,132,132,0,0
19746,77,76,1,1
19747,130,131,-1,1
19748,46,44,2,2
19749,83,40,43,43
19750,79,88,-9,9
19751,180,168,12,12
19752,118,128,-10,10
19753,105,113,-8,8
19754,93,101,-8,8
19755,81,77,4,4
19756,61,70,-9,9
19757,142,144,-2,2
19758,93,99,-6,6
19759,100,103,-3,3
19760,146,136,10,10
19761,64,69,-5,5
19762,116,112,4,4
19763,55,46,9,9
19764,55,63,-8,8
19765,86,102,-16,16
19766,90,89,1,1
19767,146,145,1,1
19768,55,53,2,2
19769,76,79,-3,3
19770,48,59,-11,11
19771,84,74,10,10
19772,62,61,1,1
19773,93,89,4,4
19774,104,104,0,0
19775,108,110,-2,2
19776,83,91,-8,8
19777,57,54,3,3
19778,76,76,0,0
19779,100,129,-29,29
19780,96,100,-4,4
19781,124,99,25,25
19782,55,72,-17,17
19783,61,66,-5,5
19784,104,104,0,0
19785,70,75,-5,5
19786,94,85,9,9
19787,64,68,-4,4
19788,113,117,-4,4
19789,92,99,-7,7
19790,136,145,-9,9
19791,115,109,6,6
19792,103,115,-12,12
19793,84,87,-3,3
19794,60,66,-6,6
19795,83,116,-33,33
19796,127,128,-1,1
19797,137,127,10,10
19798,64,57,7,7
19799,180,172,8,8
19800,144,134,10,10
19801,82,78,4,4
19802,89,84,5,5
19803,122,132,-10,10
19804,85,88,-3,3
19805,127,118,9,9
19806,86,82,4,4
19807,81,88,-7,7
19808,102,99,3,3
19809,104,84,20,20
19810,47,49,-2,2
19811,163,146,17,17
19812,102,102,0,0
19813,152,140,12,12
19814,139,130,9,9
19815,88,79,9,9
19816,57,56,1,1
19817,79,73,6,6
19818,60,49,11,11
19819,104,99,5,5
19820,92,95,-3,3
19821,74,73,1,1
19822,94,91,3,3
19823,102,111,-9,9
19824,109,107,2,2
19825,86,83,3,3
19826,85,79,6,6
19827,86,82,4,4
19828,158,144,14,14
19829,78,79,-1,1
19830,72,70,2,2
19831,127,125,2,2
19832,81,85,-4,4
19833,99,104,-5,5
19834,64,70,-6,6
19835,137,143,-6,6
19836,99,106,-7,7
19837,74,81,-7,7
19838,80,88,-8,8
19839,99,109,-10,10
19840,95,101,-6,6
19841,48,51,-3,3
19842,77,79,-2,2
19843,88,101,-13,13
19844,99,100,-1,1
19845,87,82,5,5
19846,75,82,-7,7
19847,103,110,-7,7
19848,190,186,4,4
19849,88,54,34,34
19850,85,87,-2,2
19851,59,53,6,6
19852,63,82,-19,19
19853,85,86,-1,1
19854,67,87,-20,20
19855,76,81,-5,5
19856,115,115,0,0
19857,62,64,-2,2
19858,61,66,-5,5
19859,147,145,2,2
19860,153,147,6,6
19861,68,62,6,6
19862,106,114,-8,8
19863,79,79,0,0
19864,165,155,10,10
19865,63,63,0,0
19866,106,111,-5,5
19867,74,79,-5,5
19868,135,131,4,4
19869,76,81,-5,5
19870,113,123,-10,10
19871,77,81,-4,4
19872,67,72,-5,5
19873,93,113,-20,20
19874,170,165,5,5
19875,77,85,-8,8
19876,88,82,6,6
19877,103,101,2,2
19878,85,87,-2,2
19879,82,76,6,6
19880,70,78,-8,8
19881,94,109,-15,15
19882,44,53,-9,9
19883,103,94,9,9
19884,99,103,-4,4
19885,67,67,0,0
19886,56,64,-8,8
19887,94,99,-5,5
19888,77,80,-3,3
19889,68,70,-2,2
19890,125,117,8,8
19891,110,112,-2,2
19892,102,91,11,11
19893,57,53,4,4
19894,68,86,-18,18
19895,75,78,-3,3
19896,101,100,1,1
19897,57,56,1,1
19898,93,110,-17,17
19899,52,39,13,13
19900,57,65,-8,8
19901,123,112,11,11
19902,111,119,-8,8
19903,62,65,-3,3
19904,89,103,-14,14
19905,114,108,6,6
19906,45,55,-10,10
19907,79,76,3,3
19908,134,127,7,7
19909,101,99,2,2
19910,92,90,2,2
19911,74,71,3,3
19912,95,97,-2,2
19913,49,56,-7,7
19914,86,82,4,4
19915,50,70,-20,20
19916,55,62,-7,7
19917,49,48,1,1
19918,87,91,-4,4
19919,59,68,-9,9
19920,108,111,-3,3
19921,88,84,4,4
19922,118,129,-11,11
19923,108,107,1,1
19924,38,63,-25,25
19925,94,92,2,2
19926,35,40,-5,5
19927,114,119,-5,5
19928,124,117,7,7
19929,108,118,-10,10
19930,129,143,-14,14
19931,69,74,-5,5
19932,108,118,-10,10
19933,66,75,-9,9
19934,62,62,0,0
19935,107,111,-4,4
19936,65,68,-3,3
19937,169,150,19,19
19938,115,113,2,2
19939,116,117,-1,1
19940,87,89,-2,2
19941,62,58,4,4
19942,128,121,7,7
19943,126,133,-7,7
19944,139,143,-4,4
19945,217,193,24,24
19946,147,157,-10,10
19947,117,111,6,6
19948,181,182,-1,1
19949,101,126,-25,25
19950,66,71,-5,5
19951,77,75,2,2
19952,110,112,-2,2
19953,186,183,3,3
19954,60,62,-2,2
19955,68,73,-5,5
19956,125,128,-3,3
19957,52,56,-4,4
19958,75,75,0,0
19959,109,112,-3,3
19960,44,55,-11,11
19961,123,128,-5,5
19962,123,119,4,4
19963,69,69,0,0
19964,51,55,-4,4
19965,148,136,12,12
19966,104,96,8,8
19967,64,66,-2,2
19968,82,90,-8,8
19969,82,79,3,3
19970,135,139,-4,4
19971,54,60,-6,6
19972,88,78,10,10
19973,88,84,4,4
19974,102,104,-2,2
19975,45,50,-5,5
19976,85,85,0,0
19977,117,106,11,11
19978,124,117,7,7
19979,60,68,-8,8
19980,40,61,-21,21
19981,133,133,0,0
19982,101,107,-6,6
19983,80,79,1,1
19984,90,111,-21,21
19985,85,86,-1,1
19986,68,72,-4,4
19987,150,155,-5,5
19988,86,80,6,6
19989,105,111,-6,6
19990,45,56,-11,11
19991,149,159,-10,10
19992,74,79,-5,5
19993,40,46,-6,6
19994,75,82,-7,7
19995,47,52,-5,5
19996,70,76,-6,6
19997,56,59,-3,3
19998,46,51,-5,5
19999,98,103,-5,5
20000,107,105,2,2
20001,121,113,8,8
20002,192,194,-2,2
20003,50,53,-3,3
20004,62,79,-17,17
20005,93,91,2,2
20006,96,87,9,9
20007,72,71,1,1
20008,134,139,-5,5
20009,98,102,-4,4
20010,159,142,17,17
20011,115,112,3,3
20012,54,56,-2,2
20013,60,64,-4,4
20014,80,78,2,2
20015,103,106,-3,3
20016,89,84,5,5
20017,118,123,-5,5
20018,109,107,2,2
20019,65,74,-9,9
20020,62,72,-10,10
20021,100,102,-2,2
20022,127,135,-8,8
20023,54,60,-6,6
20024,113,108,5,5
20025,122,116,6,6
20026,140,125,15,15
20027,71,64,7,7
20028,86,95,-9,9
20029,94,101,-7,7
20030,124,121,3,3
20031,59,63,-4,4
20032,115,111,4,4
20033,61,60,1,1
20034,65,60,5,5
20035,79,82,-3,3
20036,122,114,8,8
20037,97,106,-9,9
20038,64,69,-5,5
20039,107,105,2,2
20040,109,110,-1,1
20041,70,71,-1,1
20042,63,63,0,0
20043,104,104,0,0
20044,88,78,10,10
20045,91,97,-6,6
20046,136,138,-2,2
20047,67,69,-2,2
20048,65,64,1,1
20049,97,99,-2,2
20050,114,119,-5,5
20051,122,134,-12,12
20052,76,69,7,7
20053,96,104,-8,8
20054,90,82,8,8
20055,68,65,3,3
20056,78,81,-3,3
20057,158,145,13,13
20058,77,82,-5,5
20059,65,65,0,0
20060,126,119,7,7
20061,102,98,4,4
20062,96,88,8,8
20063,120,129,-9,9
20064,44,51,-7,7
20065,68,74,-6,6
20066,170,172,-2,2
20067,40,41,-1,1
20068,43,54,-11,11
20069,95,87,8,8
20070,114,108,6,6
20071,60,67,-7,7
20072,35,42,-7,7
20073,70,70,0,0
20074,126,125,1,1
20075,68,71,-3,3
20076,137,142,-5,5
20077,154,128,26,26
20078,139,139,0,0
20079,103,102,1,1
20080,82,76,6,6
20081,94,106,-12,12
20082,136,128,8,8
20083,81,74,7,7
20084,51,47,4,4
20085,126,127,-1,1
20086,89,124,-35,35
20087,88,94,-6,6
20088,77,68,9,9
20089,83,88,-5,5
20090,77,71,6,6
20091,84,81,3,3
20092,82,75,7,7
20093,65,68,-3,3
20094,113,107,6,6
20095,78,90,-12,12
20096,54,57,-3,3
20097,94,106,-12,12
20098,59,67,-8,8
20099,117,125,-8,8
20100,78,67,11,11
20101,48,41,7,7
20102,54,62,-8,8
20103,99,106,-7,7
20104,71,71,0,0
20105,136,130,6,6
20106,45,53,-8,8
20107,84,88,-4,4
20108,82,86,-4,4
20109,45,54,-9,9
20110,125,106,19,19
20111,50,54,-4,4
20112,71,75,-4,4
20113,89,83,6,6
20114,61,67,-6,6
20115,105,102,3,3
20116,143,142,1,1
20117,185,168,17,17
20118,48,52,-4,4
20119,98,103,-5,5
20120,38,46,-8,8
20121,92,87,5,5
20122,139,140,-1,1
20123,99,90,9,9
20124,106,108,-2,2
20125,60,76,-16,16
20126,96,81,15,15
20127,138,148,-10,10
20128,83,84,-1,1
20129,152,127,25,25
20130,115,119,-4,4
20131,84,93,-9,9
20132,133,127,6,6
20133,128,126,2,2
20134,78,79,-1,1
20135,93,98,-5,5
20136,105,106,-1,1
20137,90,93,-3,3
20138,205,176,29,29
20139,80,81,-1,1
20140,80,81,-1,1
20141,118,101,17,17
20142,60,72,-12,12
20143,101,103,-2,2
20144,95,91,4,4
20145,130,142,-12,12
20146,113,113,0,0
20147,79,90,-11,11
20148,88,85,3,3
20149,109,105,4,4
20150,98,101,-3,3
20151,70,70,0,0
20152,92,86,6,6
20153,157,165,-8,8
20154,44,56,-12,12
20155,95,87,8,8
20156,87,79,8,8
20157,109,97,12,12
20158,111,113,-2,2
20159,86,81,5,5
20160,149,152,-3,3
20161,111,108,3,3
20162,45,48,-3,3
20163,150,149,1,1
20164,89,83,6,6
20165,67,77,-10,10
20166,87,86,1,1
20167,150,139,11,11
20168,124,109,15,15
20169,96,98,-2,2
20170,125,128,-3,3
20171,116,130,-14,14
20172,80,81,-1,1
20173,156,136,20,20
20174,159,163,-4,4
20175,108,108,0,0
20176,90,90,0,0
20177,117,111,6,6
20178,139,130,9,9
20179,87,88,-1,1
20180,79,72,7,7
20181,103,105,-2,2
20182,157,142,15,15
20183,159,171,-12,12
20184,46,79,-33,33
20185,84,85,-1,1
20186,62,72,-10,10
20187,99,106,-7,7
20188,62,66,-4,4
20189,87,104,-17,17
20190,186,189,-3,3
20191,104,100,4,4
20192,83,82,1,1
20193,82,82,0,0
20194,82,84,-2,2
20195,116,119,-3,3
20196,48,46,2,2
20197,72,80,-8,8
20198,81,80,1,1
20199,89,100,-11,11
20200,66,69,-3,3
20201,99,105,-6,6
20202,97,99,-2,2
20203,83,82,1,1
20204,57,56,1,1
20205,95,99,-4,4
20206,81,83,-2,2
20207,77,87,-10,10
20208,65,64,1,1
20209,109,109,0,0
20210,58,61,-3,3
20211,38,47,-9,9
20212,109,110,-1,1
20213,128,124,4,4
20214,68,64,4,4
20215,134,132,2,2
20216,80,83,-3,3
20217,197,187,10,10
20218,105,106,-1,1
20219,78,78,0,0
20220,99,118,-19,19
20221,88,87,1,1
20222,105,103,2,2
20223,63,75,-12,12
20224,76,103,-27,27
20225,80,83,-3,3
20226,68,74,-6,6
20227,97,101,-4,4
20228,107,102,5,5
20229,96,78,18,18
20230,120,127,-7,7
20231,110,107,3,3
20232,67,70,-3,3
20233,154,141,13,13
20234,133,123,10,10
20235,98,88,10,10
20236,93,91,2,2
20237,93,98,-5,5
20238,95,102,-7,7
20239,96,97,-1,1
20240,66,68,-2,2
20241,54,60,-6,6
20242,89,88,1,1
20243,165,155,10,10
20244,189,185,4,4
20245,62,70,-8,8
20246,49,53,-4,4
20247,59,61,-2,2
20248,82,81,1,1
20249,75,79,-4,4
20250,121,116,5,5
20251,116,99,17,17
20252,185,191,-6,6
20253,139,139,0,0
20254,73,79,-6,6
20255,147,145,2,2
20256,109,120,-11,11
20257,119,119,0,0
20258,83,79,4,4
20259,122,127,-5,5
20260,84,90,-6,6
20261,130,126,4,4
20262,137,146,-9,9
20263,96,102,-6,6
20264,81,79,2,2
20265,123,120,3,3
20266,83,73,10,10
20267,104,100,4,4
20268,121,108,13,13
20269,130,126,4,4
20270,104,102,2,2
20271,107,102,5,5
20272,121,111,10,10
20273,76,81,-5,5
20274,59,65,-6,6
20275,127,129,-2,2
20276,179,189,-10,10
20277,70,77,-7,7
20278,83,84,-1,1
20279,83,86,-3,3
20280,52,66,-14,14
20281,58,67,-9,9
20282,116,122,-6,6
20283,57,67,-10,10
20284,107,105,2,2
20285,164,165,-1,1
20286,110,108,2,2
20287,101,102,-1,1
20288,159,149,10,10
20289,103,116,-13,13
20290,133,139,-6,6
20291,59,77,-18,18
20292,93,106,-13,13
20293,129,122,7,7
20294,49,65,-16,16
20295,98,95,3,3
20296,100,99,1,1
20297,131,133,-2,2
20298,140,144,-4,4
20299,87,86,1,1
20300,138,128,10,10
20301,145,145,0,0
20302,124,121,3,3
20303,111,112,-1,1
20304,128,122,6,6
20305,83,74,9,9
20306,90,101,-11,11
20307,96,94,2,2
20308,160,153,7,7
20309,75,78,-3,3
20310,83,91,-8,8
20311,115,113,2,2
20312,78,86,-8,8
20313,91,92,-1,1
20314,60,57,3,3
20315,92,90,2,2
20316,107,100,7,7
20317,94,105,-11,11
20318,75,109,-34,34
20319,60,61,-1,1
20320,58,69,-11,11
20321,103,107,-4,4
20322,68,70,-2,2
20323,141,130,11,11
20324,89,96,-7,7
20325,172,162,10,10
20326,147,144,3,3
20327,94,84,10,10
20328,128,127,1,1
20329,76,78,-2,2
20330,97,89,8,8
20331,110,113,-3,3
20332,89,91,-2,2
20333,72,68,4,4
20334,104,113,-9,9
20335,82,104,-22,22
20336,87,85,2,2
20337,96,94,2,2
20338,94,110,-16,16
20339,158,156,2,2
20340,102,103,-1,1
20341,62,67,-5,5
20342,53,63,-10,10
20343,98,99,-1,1
20344,96,92,4,4
20345,79,85,-6,6
20346,131,118,13,13
20347,44,52,-8,8
20348,102,93,9,9
20349,69,75,-6,6
20350,106,113,-7,7
20351,128,134,-6,6
20352,49,57,-8,8
20353,123,116,7,7
20354,191,166,25,25
20355,116,107,9,9
20356,127,122,5,5
20357,42,47,-5,5
20358,124,103,21,21
20359,92,104,-12,12
20360,143,131,12,12
20361,68,70,-2,2
20362,111,109,2,2
20363,120,134,-14,14
20364,93,89,4,4
20365,46,56,-10,10
20366,116,117,-1,1
20367,84,84,0,0
20368,39,45,-6,6
20369,70,65,5,5
20370,59,76,-17,17
20371,107,129,-22,22
20372,59,58,1,1
20373,115,112,3,3
20374,92,104,-12,12
20375,105,118,-13,13
20376,110,106,4,4
20377,60,59,1,1
20378,119,107,12,12
20379,106,114,-8,8
20380,90,90,0,0
20381,63,67,-4,4
20382,103,103,0,0
20383,105,114,-9,9
20384,98,102,-4,4
20385,48,55,-7,7
20386,110,136,-26,26
20387,119,108,11,11
20388,86,91,-5,5
20389,82,103,-21,21
20390,65,65,0,0
20391,89,89,0,0
20392,118,124,-6,6
20393,146,135,11,11
20394,65,72,-7,7
20395,125,126,-1,1
20396,87,87,0,0
20397,89,99,-10,10
20398,75,77,-2,2
20399,87,85,2,2
20400,130,133,-3,3
20401,51,53,-2,2
20402,129,135,-6,6
20403,81,81,0,0
20404,80,78,2,2
20405,66,71,-5,5
20406,47,53,-6,6
20407,103,104,-1,1
20408,77,91,-14,14
20409,60,63,-3,3
20410,133,135,-2,2
20411,66,68,-2,2
20412,161,150,11,11
20413,101,108,-7,7
20414,80,85,-5,5
20415,124,130,-6,6
20416,140,137,3,3
20417,120,111,9,9
20418,141,133,8,8
20419,90,91,-1,1
20420,54,62,-8,8
20421,63,61,2,2
20422,115,119,-4,4
20423,59,70,-11,11
20424,68,72,-4,4
20425,51,55,-4,4
20426,56,62,-6,6
20427,69,79,-10,10
20428,71,75,-4,4
20429,103,110,-7,7
20430,94,102,-8,8
20431,157,169,-12,12
20432,122,116,6,6
20433,111,113,-2,2
20434,120,128,-8,8
20435,103,98,5,5
20436,62,69,-7,7
20437,130,133,-3,3
20438,81,80,1,1
20439,166,145,21,21
20440,79,86,-7,7
20441,90,93,-3,3
20442,91,99,-8,8
20443,44,47,-3,3
20444,87,98,-11,11
20445,117,118,-1,1
20446,101,110,-9,9
20447,106,115,-9,9
20448,102,99,3,3
20449,74,74,0,0
20450,175,162,13,13
20451,71,83,-12,12
20452,122,119,3,3
20453,165,159,6,6
20454,134,127,7,7
20455,192,166,26,26
20456,80,73,7,7
20457,65,61,4,4
20458,105,114,-9,9
20459,121,115,6,6
20460,84,87,-3,3
20461,106,111,-5,5
20462,91,86,5,5
20463,174,177,-3,3
20464,64,63,1,1
20465,58,67,-9,9
20466,76,69,7,7
20467,70,77,-7,7
20468,143,141,2,2
20469,92,89,3,3
20470,94,101,-7,7
20471,95,90,5,5
20472,119,114,5,5
20473,101,92,9,9
20474,110,110,0,0
20475,144,155,-11,11
20476,129,143,-14,14
20477,79,79,0,0
20478,99,104,-5,5
20479,85,82,3,3
20480,142,133,9,9
20481,77,85,-8,8
20482,62,66,-4,4
20483,122,126,-4,4
20484,106,115,-9,9
20485,52,51,1,1
20486,79,83,-4,4
20487,95,86,9,9
20488,77,85,-8,8
20489,89,88,1,1
20490,70,74,-4,4
20491,97,99,-2,2
20492,100,115,-15,15
20493,79,73,6,6
20494,138,137,1,1
20495,123,114,9,9
20496,152,130,22,22
20497,135,134,1,1
20498,83,86,-3,3
20499,118,108,10,10
20500,91,87,4,4
20501,83,86,-3,3
20502,77,81,-4,4
20503,69,73,-4,4
20504,68,72,-4,4
20505,139,135,4,4
20506,171,167,4,4
20507,80,83,-3,3
20508,83,80,3,3
20509,108,105,3,3
20510,92,99,-7,7
20511,59,63,-4,4
20512,74,71,3,3
20513,62,61,1,1
20514,138,134,4,4
20515,55,59,-4,4
20516,85,82,3,3
20517,77,77,0,0
20518,39,43,-4,4
20519,65,67,-2,2
20520,109,117,-8,8
20521,91,95,-4,4
20522,74,73,1,1
20523,74,80,-6,6
20524,154,149,5,5
20525,153,146,7,7
20526,40,38,2,2
20527,110,113,-3,3
20528,63,61,2,2
20529,114,112,2,2
20530,114,126,-12,12
20531,62,75,-13,13
20532,81,73,8,8
20533,49,54,-5,5
20534,63,62,1,1
20535,93,90,3,3
20536,76,72,4,4
20537,146,144,2,2
20538,87,81,6,6
20539,162,154,8,8
20540,91,96,-5,5
20541,107,127,-20,20
20542,82,89,-7,7
20543,97,95,2,2
20544,42,42,0,0
20545,81,83,-2,2
20546,115,115,0,0
20547,120,117,3,3
20548,62,67,-5,5
20549,131,140,-9,9
20550,82,86,-4,4
20551,59,63,-4,4
20552,127,133,-6,6
20553,100,92,8,8
20554,92,89,3,3
20555,55,64,-9,9
20556,111,111,0,0
20557,92,92,0,0
20558,111,117,-6,6
20559,189,165,24,24
20560,93,80,13,13
20561,61,62,-1,1
20562,50,46,4,4
20563,62,67,-5,5
20564,46,51,-5,5
20565,145,149,-4,4
20566,82,86,-4,4
20567,83,84,-1,1
20568,78,79,-1,1
20569,69,64,5,5
20570,117,109,8,8
20571,142,138,4,4
20572,111,113,-2,2
20573,72,71,1,1
20574,95,91,4,4
20575,141,127,14,14
20576,179,167,12,12
20577,85,90,-5,5
20578,286,238,48,48
20579,87,80,7,7
20580,93,96,-3,3
20581,87,84,3,3
20582,49,52,-3,3
20583,87,88,-1,1
20584,143,119,24,24
20585,98,110,-12,12
20586,70,74,-4,4
20587,112,118,-6,6
20588,53,60,-7,7
20589,55,59,-4,4
20590,88,85,3,3
20591,113,116,-3,3
20592,86,85,1,1
20593,59,47,12,12
20594,62,63,-1,1
20595,71,81,-10,10
20596,102,123,-21,21
20597,69,76,-7,7
20598,117,117,0,0
20599,79,81,-2,2
20600,131,136,-5,5
20601,45,50,-5,5
20602,81,83,-2,2
20603,62,77,-15,15
20604,82,87,-5,5
20605,86,89,-3,3
20606,52,51,1,1
20607,79,81,-2,2
20608,108,103,5,5
20609,62,66,-4,4
20610,94,100,-6,6
20611,74,85,-11,11
20612,136,126,10,10
20613,151,139,12,12
20614,145,152,-7,7
20615,99,100,-1,1
20616,169,179,-10,10
20617,69,75,-6,6
20618,54,56,-2,2
20619,93,85,8,8
20620,106,110,-4,4
20621,77,77,0,0
20622,100,113,-13,13
20623,96,109,-13,13
20624,56,59,-3,3
20625,99,92,7,7
20626,115,121,-6,6
20627,90,89,1,1
20628,56,65,-9,9
20629,83,76,7,7
20630,117,110,7,7
20631,75,81,-6,6
20632,88,87,1,1
20633,80,80,0,0
20634,150,131,19,19
20635,126,113,13,13
20636,92,92,0,0
20637,117,115,2,2
20638,75,80,-5,5
20639,92,83,9,9
20640,72,73,-1,1
20641,45,55,-10,10
20642,55,72,-17,17
20643,123,130,-7,7
20644,127,121,6,6
20645,128,133,-5,5
20646,161,158,3,3
20647,130,127,3,3
20648,87,80,7,7
20649,223,183,40,40
20650,79,84,-5,5
20651,155,144,11,11
20652,77,82,-5,5
20653,82,73,9,9
20654,101,108,-7,7
20655,89,101,-12,12
20656,106,110,-4,4
20657,68,62,6,6
20658,98,101,-3,3
20659,102,109,-7,7
20660,88,81,7,7
20661,102,102,0,0
20662,173,156,17,17
20663,52,65,-13,13
20664,114,114,0,0
20665,85,75,10,10
20666,86,85,1,1
20667,77,73,4,4
20668,81,81,0,0
20669,89,85,4,4
20670,149,140,9,9
20671,68,78,-10,10
20672,77,75,2,2
20673,83,85,-2,2
20674,71,71,0,0
20675,71,74,-3,3
20676,91,99,-8,8
20677,56,69,-13,13
20678,80,83,-3,3
20679,129,122,7,7
20680,95,98,-3,3
20681,114,106,8,8
20682,149,138,11,11
20683,74,73,1,1
20684,84,77,7,7
20685,72,70,2,2
20686,119,116,3,3
20687,82,76,6,6
20688,94,119,-25,25
20689,89,103,-14,14
20690,45,49,-4,4
20691,77,65,12,12
20692,169,170,-1,1
20693,100,85,15,15
20694,114,110,4,4
20695,95,90,5,5
20696,97,115,-18,18
20697,224,210,14,14
20698,96,103,-7,7
20699,66,73,-7,7
20700,97,98,-1,1
20701,113,113,0,0
20702,107,113,-6,6
20703,59,72,-13,13
20704,148,156,-8,8
20705,66,53,13,13
20706,151,158,-7,7
20707,87,81,6,6
20708,119,111,8,8
20709,63,60,3,3
20710,122,116,6,6
20711,75,74,1,1
20712,142,140,2,2
20713,33,38,-5,5
20714,86,88,-2,2
20715,33,38,-5,5
20716,144,123,21,21
20717,124,120,4,4
20718,77,79,-2,2
20719,144,142,2,2
20720,88,98,-10,10
20721,87,98,-11,11
20722,45,47,-2,2
20723,104,90,14,14
20724,70,76,-6,6
20725,87,85,2,2
20726,139,138,1,1
20727,136,138,-2,2
20728,85,77,8,8
20729,106,114,-8,8
20730,134,128,6,6
20731,98,99,-1,1
20732,77,81,-4,4
20733,131,133,-2,2
20734,125,146,-21,21
20735,76,77,-1,1
20736,110,104,6,6
20737,123,116,7,7
20738,56,52,4,4
20739,62,67,-5,5
20740,59,61,-2,2
20741,96,107,-11,11
20742,107,99,8,8
20743,126,137,-11,11
20744,114,119,-5,5
20745,85,95,-10,10
20746,63,60,3,3
20747,59,77,-18,18
20748,80,74,6,6
20749,93,86,7,7
20750,82,95,-13,13
20751,73,70,3,3
20752,133,128,5,5
20753,145,134,11,11
20754,78,81,-3,3
20755,89,86,3,3
20756,81,83,-2,2
20757,100,103,-3,3
20758,129,141,-12,12
20759,80,84,-4,4
20760,122,118,4,4
20761,26,43,-17,17
20762,151,145,6,6
20763,118,127,-9,9
20764,146,134,12,12
20765,75,77,-2,2
20766,80,107,-27,27
20767,52,65,-13,13
20768,128,116,12,12
20769,76,91,-15,15
20770,73,76,-3,3
20771,55,58,-3,3
20772,94,99,-5,5
20773,115,109,6,6
20774,70,74,-4,4
20775,125,115,10,10
20776,50,53,-3,3
20777,90,97,-7,7
20778,110,110,0,0
20779,120,127,-7,7
20780,62,69,-7,7
20781,78,90,-12,12
20782,132,133,-1,1
20783,46,50,-4,4
20784,140,152,-12,12
20785,97,93,4,4
20786,53,55,-2,2
20787,93,100,-7,7
20788,145,133,12,12
20789,84,88,-4,4
20790,121,127,-6,6
20791,124,128,-4,4
20792,65,64,1,1
20793,129,139,-10,10
20794,111,110,1,1
20795,81,73,8,8
20796,87,74,13,13
20797,64,71,-7,7
20798,92,89,3,3
20799,74,74,0,0
20800,78,77,1,1
20801,72,81,-9,9
20802,101,105,-4,4
20803,35,45,-10,10
20804,171,160,11,11
20805,54,54,0,0
20806,155,170,-15,15
20807,151,150,1,1
20808,45,52,-7,7
20809,87,86,1,1
20810,115,113,2,2
20811,75,70,5,5
20812,89,92,-3,3
20813,134,124,10,10
20814,65,69,-4,4
20815,51,53,-2,2
20816,33,41,-8,8
20817,85,103,-18,18
20818,114,113,1,1
20819,120,121,-1,1
20820,83,87,-4,4
20821,106,115,-9,9
20822,41,50,-9,9
20823,101,121,-20,20
20824,134,131,3,3
20825,132,133,-1,1
20826,53,46,7,7
20827,89,84,5,5
20828,120,126,-6,6
20829,106,117,-11,11
20830,165,151,14,14
20831,59,71,-12,12
20832,77,78,-1,1
20833,105,100,5,5
20834,113,116,-3,3
20835,85,86,-1,1
20836,57,57,0,0
20837,101,110,-9,9
20838,109,109,0,0
20839,129,135,-6,6
20840,75,88,-13,13
20841,143,140,3,3
20842,48,53,-5,5
20843,115,125,-10,10
20844,57,110,-53,53
20845,76,76,0,0
20846,79,79,0,0
20847,107,106,1,1
20848,61,70,-9,9
20849,134,135,-1,1
20850,93,98,-5,5
20851,141,143,-2,2
20852,81,76,5,5
20853,65,75,-10,10
20854,148,141,7,7
20855,70,81,-11,11
20856,78,90,-12,12
20857,46,49,-3,3
20858,108,115,-7,7
20859,94,99,-5,5
20860,165,166,-1,1
20861,83,97,-14,14
20862,131,129,2,2
20863,91,84,7,7
20864,86,121,-35,35
20865,99,104,-5,5
20866,111,99,12,12
20867,93,95,-2,2
20868,82,73,9,9
20869,60,72,-12,12
20870,89,87,2,2
20871,153,152,1,1
20872,102,105,-3,3
20873,92,100,-8,8
20874,102,100,2,2
20875,118,130,-12,12
20876,75,71,4,4
20877,176,171,5,5
20878,129,124,5,5
20879,69,84,-15,15
20880,83,80,3,3
20881,124,121,3,3
20882,68,64,4,4
20883,102,103,-1,1
20884,63,65,-2,2
20885,96,114,-18,18
20886,120,131,-11,11
20887,75,82,-7,7
20888,111,115,-4,4
20889,181,164,17,17
20890,82,83,-1,1
20891,132,129,3,3
20892,48,71,-23,23
20893,75,78,-3,3
20894,64,66,-2,2
20895,41,45,-4,4
20896,64,79,-15,15
20897,97,100,-3,3
20898,77,83,-6,6
20899,91,87,4,4
20900,51,51,0,0
20901,68,73,-5,5
20902,121,129,-8,8
20903,86,85,1,1
20904,59,66,-7,7
20905,107,108,-1,1
20906,84,89,-5,5
20907,55,57,-2,2
20908,76,94,-18,18
20909,93,87,6,6
20910,40,45,-5,5
20911,118,106,12,12
20912,156,160,-4,4
20913,126,124,2,2
20914,74,73,1,1
20915,96,102,-6,6
20916,121,121,0,0
20917,76,70,6,6
20918,122,135,-13,13
20919,89,84,5,5
20920,59,60,-1,1
20921,84,74,10,10
20922,83,79,4,4
20923,73,71,2,2
20924,63,61,2,2
20925,64,71,-7,7
20926,125,117,8,8
20927,101,95,6,6
20928,122,134,-12,12
20929,63,67,-4,4
20930,107,112,-5,5
20931,68,70,-2,2
20932,74,75,-1,1
20933,102,107,-5,5
20934,119,126,-7,7
20935,106,100,6,6
20936,66,68,-2,2
20937,87,88,-1,1
20938,85,85,0,0
20939,66,62,4,4
20940,145,144,1,1
20941,180,161,19,19
20942,75,79,-4,4
20943,63,76,-13,13
20944,144,146,-2,2
20945,66,71,-5,5
20946,49,48,1,1
20947,98,104,-6,6
20948,77,67,10,10
20949,105,108,-3,3
20950,81,99,-18,18
20951,92,84,8,8
20952,104,114,-10,10
20953,151,152,-1,1
20954,51,56,-5,5
20955,124,134,-10,10
20956,84,84,0,0
20957,58,64,-6,6
20958,108,104,4,4
20959,41,45,-4,4
20960,151,141,10,10
20961,113,104,9,9
20962,138,135,3,3
20963,70,79,-9,9
20964,106,111,-5,5
20965,95,103,-8,8
20966,121,125,-4,4
20967,66,67,-1,1
20968,98,96,2,2
20969,70,73,-3,3
20970,142,138,4,4
20971,139,140,-1,1
20972,62,64,-2,2
20973,138,146,-8,8
20974,70,71,-1,1
20975,138,116,22,22
20976,105,100,5,5
20977,61,64,-3,3
20978,113,123,-10,10
20979,173,153,20,20
20980,94,91,3,3
20981,90,85,5,5
20982,112,112,0,0
20983,43,44,-1,1
20984,140,142,-2,2
20985,197,203,-6,6
20986,116,107,9,9
20987,229,207,22,22
20988,119,116,3,3
20989,80,70,10,10
20990,115,120,-5,5
20991,61,69,-8,8
20992,41,51,-10,10
20993,101,99,2,2
20994,185,186,-1,1
20995,46,50,-4,4
20996,221,209,12,12
20997,113,110,3,3
20998,60,64,-4,4
20999,116,99,17,17
21000,125,123,2,2
21001,99,102,-3,3
21002,97,118,-21,21
21003,171,158,13,13
21004,79,84,-5,5
21005,73,73,0,0
21006,80,90,-10,10
21007,148,136,12,12
21008,111,127,-16,16
21009,110,117,-7,7
21010,84,94,-10,10
21011,60,70,-10,10
21012,94,87,7,7
21013,57,62,-5,5
21014,118,119,-1,1
21015,115,119,-4,4
21016,118,129,-11,11
21017,133,124,9,9
21018,67,72,-5,5
21019,148,145,3,3
21020,34,91,-57,57
21021,59,61,-2,2
21022,71,73,-2,2
21023,59,58,1,1
21024,58,73,-15,15
21025,61,56,5,5
21026,105,105,0,0
21027,144,142,2,2
21028,135,131,4,4
21029,120,120,0,0
21030,180,180,0,0
21031,177,156,21,21
21032,115,131,-16,16
21033,138,130,8,8
21034,113,102,11,11
21035,97,100,-3,3
21036,88,82,6,6
21037,108,121,-13,13
21038,106,102,4,4
21039,81,79,2,2
21040,105,105,0,0
21041,30,36,-6,6
21042,97,104,-7,7
21043,39,40,-1,1
21044,57,56,1,1
21045,92,114,-22,22
21046,85,78,7,7
21047,94,85,9,9
21048,165,152,13,13
21049,119,124,-5,5
21050,120,117,3,3
21051,139,130,9,9
21052,42,41,1,1
21053,78,81,-3,3
21054,78,82,-4,4
21055,73,69,4,4
21056,84,86,-2,2
21057,159,151,8,8
21058,84,85,-1,1
21059,133,131,2,2
21060,87,93,-6,6
21061,147,136,11,11
21062,83,80,3,3
21063,51,63,-12,12
21064,107,108,-1,1
21065,62,63,-1,1
21066,94,88,6,6
21067,62,64,-2,2
21068,79,80,-1,1
21069,177,157,20,20
21070,104,88,16,16
21071,85,99,-14,14
21072,100,99,1,1
21073,69,70,-1,1
21074,119,124,-5,5
21075,90,78,12,12
21076,82,78,4,4
21077,54,51,3,3
21078,115,104,11,11
21079,74,70,4,4
21080,113,110,3,3
21081,56,60,-4,4
21082,68,78,-10,10
21083,195,185,10,10
21084,150,134,16,16
21085,62,71,-9,9
21086,71,73,-2,2
21087,81,80,1,1
21088,131,132,-1,1
21089,90,84,6,6
21090,86,99,-13,13
21091,168,176,-8,8
21092,101,99,2,2
21093,109,110,-1,1
21094,71,108,-37,37
21095,67,70,-3,3
21096,115,112,3,3
21097,95,115,-20,20
21098,84,80,4,4
21099,74,85,-11,11
21100,69,66,3,3
21101,63,72,-9,9
21102,127,124,3,3
21103,82,88,-6,6
21104,78,77,1,1
21105,78,80,-2,2
21106,147,143,4,4
21107,96,98,-2,2
21108,72,84,-12,12
21109,65,65,0,0
21110,107,111,-4,4
21111,119,110,9,9
21112,101,98,3,3
21113,162,151,11,11
21114,119,117,2,2
21115,93,100,-7,7
21116,102,106,-4,4
21117,145,142,3,3
21118,94,90,4,4
21119,83,85,-2,2
21120,166,156,10,10
21121,63,68,-5,5
21122,90,89,1,1
21123,53,56,-3,3
21124,103,111,-8,8
21125,117,114,3,3
21126,99,102,-3,3
21127,44,46,-2,2
21128,149,144,5,5
21129,104,104,0,0
21130,225,213,12,12
21131,101,101,0,0
21132,101,101,0,0
21133,76,72,4,4
21134,80,77,3,3
21135,70,67,3,3
21136,130,110,20,20
21137,148,137,11,11
21138,70,81,-11,11
21139,137,146,-9,9
21140,59,57,2,2
21141,71,76,-5,5
21142,134,132,2,2
21143,116,107,9,9
21144,104,106,-2,2
21145,63,70,-7,7
21146,61,63,-2,2
21147,89,114,-25,25
21148,61,59,2,2
21149,97,102,-5,5
21150,102,102,0,0
21151,63,66,-3,3
21152,165,160,5,5
21153,88,101,-13,13
21154,112,101,11,11
21155,90,89,1,1
21156,179,176,3,3
21157,89,98,-9,9
21158,19,25,-6,6
21159,123,120,3,3
21160,111,137,-26,26
21161,89,84,5,5
21162,86,100,-14,14
21163,92,96,-4,4
21164,93,88,5,5
21165,91,90,1,1
21166,70,71,-1,1
21167,105,108,-3,3
21168,85,81,4,4
21169,78,74,4,4
21170,112,115,-3,3
21171,96,100,-4,4
21172,54,60,-6,6
21173,121,110,11,11
21174,131,130,1,1
21175,66,72,-6,6
21176,61,70,-9,9
21177,80,81,-1,1
21178,89,83,6,6
21179,74,65,9,9
21180,65,78,-13,13
21181,101,109,-8,8
21182,97,88,9,9
21183,108,112,-4,4
21184,96,105,-9,9
21185,132,130,2,2
21186,62,59,3,3
21187,82,73,9,9
21188,154,140,14,14
21189,82,87,-5,5
21190,50,52,-2,2
21191,68,64,4,4
21192,124,131,-7,7
21193,74,73,1,1
21194,149,150,-1,1
21195,59,66,-7,7
21196,56,58,-2,2
21197,58,60,-2,2
21198,151,159,-8,8
21199,113,111,2,2
21200,74,102,-28,28
21201,71,70,1,1
21202,86,81,5,5
21203,65,64,1,1
21204,69,75,-6,6
21205,161,158,3,3
21206,89,90,-1,1
21207,36,40,-4,4
21208,55,57,-2,2
21209,97,98,-1,1
21210,89,83,6,6
21211,64,63,1,1
21212,98,105,-7,7
21213,89,85,4,4
21214,44,42,2,2
21215,162,159,3,3
21216,126,135,-9,9
21217,82,86,-4,4
21218,77,87,-10,10
21219,81,85,-4,4
21220,137,137,0,0
21221,69,71,-2,2
21222,86,85,1,1
21223,67,71,-4,4
21224,101,100,1,1
21225,74,79,-5,5
21226,71,73,-2,2
21227,66,68,-2,2
21228,104,111,-7,7
21229,111,127,-16,16
21230,86,91,-5,5
21231,96,99,-3,3
21232,79,78,1,1
21233,183,190,-7,7
21234,89,85,4,4
21235,133,125,8,8
21236,80,81,-1,1
21237,72,73,-1,1
21238,109,102,7,7
21239,107,107,0,0
21240,84,79,5,5
21241,67,65,2,2
21242,102,102,0,0
21243,66,193,-127,127
21244,132,138,-6,6
21245,103,107,-4,4
21246,91,97,-6,6
21247,111,116,-5,5
21248,110,107,3,3
21249,156,162,-6,6
21250,44,45,-1,1
21251,48,48,0,0
21252,79,88,-9,9
21253,58,52,6,6
21254,134,124,10,10
21255,105,107,-2,2
21256,79,76,3,3
21257,124,163,-39,39
21258,109,101,8,8
21259,79,76,3,3
21260,66,73,-7,7
21261,93,88,5,5
21262,93,98,-5,5
21263,85,99,-14,14
21264,92,90,2,2
21265,103,111,-8,8
21266,104,103,1,1
21267,108,111,-3,3
21268,82,79,3,3
21269,92,100,-8,8
21270,41,44,-3,3
21271,47,52,-5,5
21272,79,81,-2,2
21273,101,114,-13,13
21274,66,71,-5,5
21275,83,81,2,2
21276,89,78,11,11
21277,55,59,-4,4
21278,137,136,1,1
21279,92,85,7,7
21280,131,131,0,0
21281,99,98,1,1
21282,100,109,-9,9
21283,82,77,5,5
21284,57,63,-6,6
21285,74,81,-7,7
21286,79,80,-1,1
21287,83,81,2,2
21288,118,113,5,5
21289,133,159,-26,26
21290,129,131,-2,2
21291,70,87,-17,17
21292,145,142,3,3
21293,149,119,30,30
21294,113,124,-11,11
21295,56,63,-7,7
21296,44,43,1,1
21297,89,103,-14,14
21298,90,97,-7,7
21299,74,64,10,10
21300,117,110,7,7
21301,65,61,4,4
21302,48,53,-5,5
21303,92,89,3,3
21304,72,73,-1,1
21305,83,84,-1,1
21306,63,67,-4,4
21307,135,124,11,11
21308,147,152,-5,5
21309,142,151,-9,9
21310,122,115,7,7
21311,77,76,1,1
21312,106,102,4,4
21313,65,73,-8,8
21314,70,69,1,1
21315,124,118,6,6
21316,100,100,0,0
21317,56,57,-1,1
21318,72,65,7,7
21319,83,82,1,1
21320,66,66,0,0
21321,45,49,-4,4
21322,162,163,-1,1
21323,85,84,1,1
21324,115,120,-5,5
21325,122,122,0,0
21326,72,71,1,1
21327,68,72,-4,4
21328,65,68,-3,3
21329,84,81,3,3
21330,161,145,16,16
21331,149,143,6,6
21332,109,108,1,1
21333,57,67,-10,10
21334,85,80,5,5
21335,100,99,1,1
21336,171,138,33,33
21337,73,79,-6,6
21338,78,81,-3,3
21339,67,81,-14,14
21340,122,134,-12,12
21341,84,78,6,6
21342,171,156,15,15
21343,87,87,0,0
21344,140,127,13,13
21345,86,98,-12,12
21346,85,97,-12,12
21347,50,50,0,0
21348,78,81,-3,3
21349,67,60,7,7
21350,81,77,4,4
21351,75,77,-2,2
21352,91,92,-1,1
21353,119,122,-3,3
21354,138,140,-2,2
21355,58,58,0,0
21356,137,129,8,8
21357,88,96,-8,8
21358,122,120,2,2
21359,106,102,4,4
21360,101,105,-4,4
21361,88,91,-3,3
21362,83,75,8,8
21363,80,77,3,3
21364,111,115,-4,4
21365,183,177,6,6
21366,73,72,1,1
21367,97,91,6,6
21368,55,63,-8,8
21369,116,125,-9,9
21370,78,78,0,0
21371,99,101,-2,2
21372,141,133,8,8
21373,56,59,-3,3
21374,65,67,-2,2
21375,72,70,2,2
21376,99,73,26,26
21377,96,89,7,7
21378,69,76,-7,7
21379,94,107,-13,13
21380,98,93,5,5
21381,55,62,-7,7
21382,107,110,-3,3
21383,68,71,-3,3
21384,84,89,-5,5
21385,65,66,-1,1
21386,177,158,19,19
21387,62,61,1,1
21388,182,166,16,16
21389,72,50,22,22
21390,151,148,3,3
21391,80,76,4,4
21392,122,126,-4,4
21393,136,126,10,10
21394,141,141,0,0
21395,88,83,5,5
21396,88,82,6,6
21397,127,128,-1,1
21398,92,99,-7,7
21399,74,70,4,4
21400,111,113,-2,2
21401,204,202,2,2
21402,111,103,8,8
21403,59,57,2,2
21404,129,116,13,13
21405,107,105,2,2
21406,104,100,4,4
21407,76,80,-4,4
21408,113,122,-9,9
21409,110,114,-4,4
21410,69,63,6,6
21411,67,69,-2,2
21412,85,84,1,1
21413,94,99,-5,5
21414,93,89,4,4
21415,90,95,-5,5
21416,61,51,10,10
21417,56,52,4,4
21418,114,110,4,4
21419,71,66,5,5
21420,86,94,-8,8
21421,114,121,-7,7
21422,50,49,1,1
21423,155,153,2,2
21424,108,116,-8,8
21425,104,89,15,15
21426,89,85,4,4
21427,75,70,5,5
21428,149,151,-2,2
21429,94,88,6,6
21430,63,79,-16,16
21431,127,138,-11,11
21432,103,108,-5,5
21433,90,82,8,8
21434,64,72,-8,8
21435,144,135,9,9
21436,119,113,6,6
21437,45,54,-9,9
21438,78,78,0,0
21439,45,56,-11,11
21440,113,115,-2,2
21441,89,93,-4,4
21442,122,127,-5,5
21443,93,98,-5,5
21444,54,58,-4,4
21445,89,80,9,9
21446,85,81,4,4
21447,101,103,-2,2
21448,132,144,-12,12
21449,47,47,0,0
21450,83,80,3,3
21451,89,81,8,8
21452,77,72,5,5
21453,150,138,12,12
21454,130,116,14,14
21455,85,86,-1,1
21456,114,113,1,1
21457,155,153,2,2
21458,63,65,-2,2
21459,94,98,-4,4
21460,42,45,-3,3
21461,138,140,-2,2
21462,78,83,-5,5
21463,79,78,1,1
21464,95,98,-3,3
21465,80,70,10,10
21466,80,97,-17,17
21467,39,44,-5,5
21468,143,136,7,7
21469,88,85,3,3
21470,47,52,-5,5
21471,70,73,-3,3
21472,174,165,9,9
21473,148,144,4,4
21474,185,169,16,16
21475,122,133,-11,11
21476,138,137,1,1
21477,99,98,1,1
21478,50,54,-4,4
21479,104,93,11,11
21480,69,69,0,0
21481,127,124,3,3
21482,59,69,-10,10
21483,89,87,2,2
21484,81,86,-5,5
21485,64,72,-8,8
21486,124,126,-2,2
21487,75,81,-6,6
21488,102,101,1,1
21489,156,147,9,9
21490,81,81,0,0
21491,90,85,5,5
21492,58,74,-16,16
21493,153,138,15,15
21494,100,99,1,1
21495,133,122,11,11
21496,133,129,4,4
21497,68,74,-6,6
21498,104,106,-2,2
21499,74,75,-1,1
21500,138,130,8,8
21501,83,87,-4,4
21502,125,140,-15,15
21503,98,103,-5,5
21504,92,86,6,6
21505,39,44,-5,5
21506,93,93,0,0
21507,47,61,-14,14
21508,72,80,-8,8
21509,138,132,6,6
21510,81,84,-3,3
21511,102,106,-4,4
21512,146,142,4,4
21513,80,78,2,2
21514,76,70,6,6
21515,130,144,-14,14
21516,138,130,8,8
21517,69,77,-8,8
21518,134,125,9,9
21519,73,78,-5,5
21520,55,62,-7,7
21521,68,75,-7,7
21522,78,90,-12,12
21523,85,82,3,3
21524,118,118,0,0
21525,80,78,2,2
21526,153,158,-5,5
21527,81,76,5,5
21528,85,84,1,1
21529,117,117,0,0
21530,126,129,-3,3
21531,34,36,-2,2
21532,72,68,4,4
21533,138,133,5,5
21534,82,86,-4,4
21535,113,118,-5,5
21536,63,71,-8,8
21537,80,71,9,9
21538,67,66,1,1
21539,117,131,-14,14
21540,120,112,8,8
21541,75,75,0,0
21542,117,115,2,2
21543,103,109,-6,6
21544,149,160,-11,11
21545,169,171,-2,2
21546,85,99,-14,14
21547,91,86,5,5
21548,121,124,-3,3
21549,95,112,-17,17
21550,123,128,-5,5
21551,36,47,-11,11
21552,71,72,-1,1
21553,106,103,3,3
21554,101,92,9,9
21555,60,77,-17,17
21556,68,66,2,2
21557,76,72,4,4
21558,91,86,5,5
21559,84,85,-1,1
21560,97,104,-7,7
21561,75,80,-5,5
21562,44,46,-2,2
21563,78,67,11,11
21564,55,56,-1,1
21565,106,119,-13,13
21566,125,124,1,1
21567,185,167,18,18
21568,148,170,-22,22
21569,156,145,11,11
21570,128,124,4,4
21571,96,97,-1,1
21572,99,96,3,3
21573,63,72,-9,9
21574,78,87,-9,9
21575,162,137,25,25
21576,75,72,3,3
21577,103,101,2,2
21578,110,107,3,3
21579,116,116,0,0
21580,51,56,-5,5
21581,126,124,2,2
21582,37,47,-10,10
21583,109,107,2,2
21584,115,122,-7,7
21585,70,69,1,1
21586,94,107,-13,13
21587,113,114,-1,1
21588,91,91,0,0
21589,71,76,-5,5
21590,55,60,-5,5
21591,63,71,-8,8
21592,59,63,-4,4
21593,81,81,0,0
21594,135,142,-7,7
21595,95,89,6,6
21596,67,77,-10,10
21597,80,80,0,0
21598,73,85,-12,12
21599,98,97,1,1
21600,104,94,10,10
21601,63,57,6,6
21602,60,58,2,2
21603,117,114,3,3
21604,60,61,-1,1
21605,127,124,3,3
21606,121,108,13,13
21607,118,120,-2,2
21608,80,80,0,0
21609,77,80,-3,3
21610,104,99,5,5
21611,182,203,-21,21
21612,90,97,-7,7
21613,49,47,2,2
21614,86,86,0,0
21615,88,87,1,1
21616,114,108,6,6
21617,56,57,-1,1
21618,66,61,5,5
21619,68,82,-14,14
21620,88,89,-1,1
21621,45,74,-29,29
21622,231,214,17,17
21623,136,128,8,8
21624,69,69,0,0
21625,123,133,-10,10
21626,60,58,2,2
21627,72,72,0,0
21628,84,88,-4,4
21629,123,123,0,0
21630,58,70,-12,12
21631,58,57,1,1
21632,71,72,-1,1
21633,97,90,7,7
21634,61,64,-3,3
21635,57,64,-7,7
21636,172,165,7,7
21637,62,65,-3,3
21638,112,103,9,9
21639,126,122,4,4
21640,85,83,2,2
21641,105,116,-11,11
21642,100,102,-2,2
21643,117,131,-14,14
21644,76,86,-10,10
21645,85,84,1,1
21646,187,162,25,25
21647,145,141,4,4
21648,64,75,-11,11
21649,107,107,0,0
21650,140,137,3,3
21651,46,54,-8,8
21652,63,58,5,5
21653,93,92,1,1
21654,111,113,-2,2
21655,60,60,0,0
21656,120,118,2,2
21657,67,71,-4,4
21658,157,153,4,4
21659,133,134,-1,1
21660,112,123,-11,11
21661,119,133,-14,14
21662,86,85,1,1
21663,128,129,-1,1
21664,109,108,1,1
21665,133,130,3,3
21666,62,61,1,1
21667,167,158,9,9
21668,122,115,7,7
21669,42,43,-1,1
21670,66,64,2,2
21671,110,111,-1,1
21672,84,99,-15,15
21673,115,116,-1,1
21674,174,167,7,7
21675,85,86,-1,1
21676,100,100,0,0
21677,56,63,-7,7
21678,72,71,1,1
21679,87,89,-2,2
21680,70,94,-24,24
21681,76,74,2,2
21682,89,88,1,1
21683,69,70,-1,1
21684,175,163,12,12
21685,191,176,15,15
21686,66,61,5,5
21687,145,145,0,0
21688,127,117,10,10
21689,54,50,4,4
21690,70,67,3,3
21691,67,65,2,2
21692,77,76,1,1
21693,119,126,-7,7
21694,38,51,-13,13
21695,77,78,-1,1
21696,49,50,-1,1
21697,63,79,-16,16
21698,40,41,-1,1
21699,69,84,-15,15
21700,35,47,-12,12
21701,93,85,8,8
21702,61,76,-15,15
21703,50,47,3,3
21704,113,117,-4,4
21705,123,114,9,9
21706,75,76,-1,1
21707,94,89,5,5
21708,71,79,-8,8
21709,114,117,-3,3
21710,68,67,1,1
21711,129,139,-10,10
21712,61,60,1,1
21713,92,87,5,5
21714,76,68,8,8
21715,106,99,7,7
21716,123,120,3,3
21717,89,90,-1,1
21718,88,93,-5,5
21719,48,56,-8,8
21720,87,90,-3,3
21721,53,62,-9,9
21722,120,114,6,6
21723,105,112,-7,7
21724,117,113,4,4
21725,128,123,5,5
21726,173,157,16,16
21727,85,86,-1,1
21728,97,85,12,12
21729,101,101,0,0
21730,67,73,-6,6
21731,71,74,-3,3
21732,89,81,8,8
21733,85,99,-14,14
21734,83,83,0,0
21735,78,74,4,4
21736,76,77,-1,1
21737,115,116,-1,1
21738,68,65,3,3
21739,75,72,3,3
21740,106,89,17,17
21741,76,76,0,0
21742,123,119,4,4
21743,82,84,-2,2
21744,82,86,-4,4
21745,162,158,4,4
21746,64,71,-7,7
21747,66,58,8,8
21748,48,46,2,2
21749,86,89,-3,3
21750,59,65,-6,6
21751,118,120,-2,2
21752,75,76,-1,1
21753,138,126,12,12
21754,50,54,-4,4
21755,96,85,11,11
21756,68,70,-2,2
21757,83,86,-3,3
21758,93,112,-19,19
21759,78,85,-7,7
21760,45,44,1,1
21761,85,85,0,0
21762,123,114,9,9
21763,42,45,-3,3
21764,84,83,1,1
21765,123,121,2,2
21766,45,57,-12,12
21767,88,89,-1,1
21768,85,84,1,1
21769,79,70,9,9
21770,75,74,1,1
21771,125,127,-2,2
21772,33,41,-8,8
21773,84,89,-5,5
21774,117,125,-8,8
21775,79,80,-1,1
21776,190,190,0,0
21777,112,116,-4,4
21778,86,90,-4,4
21779,115,112,3,3
21780,74,72,2,2
21781,85,87,-2,2
21782,28,35,-7,7
21783,45,51,-6,6
21784,115,114,1,1
21785,92,87,5,5
21786,78,75,3,3
21787,129,128,1,1
21788,119,110,9,9
21789,78,78,0,0
21790,78,68,10,10
21791,211,192,19,19
21792,95,105,-10,10
21793,101,101,0,0
21794,163,154,9,9
21795,168,156,12,12
21796,109,109,0,0
21797,98,106,-8,8
21798,61,65,-4,4
21799,131,136,-5,5
21800,74,74,0,0
21801,66,75,-9,9
21802,130,125,5,5
21803,71,71,0,0
21804,135,140,-5,5
21805,88,82,6,6
21806,150,165,-15,15
21807,152,134,18,18
21808,117,101,16,16
21809,133,133,0,0
21810,77,78,-1,1
21811,75,72,3,3
21812,63,64,-1,1
21813,73,68,5,5
21814,72,73,-1,1
21815,62,76,-14,14
21816,98,104,-6,6
21817,103,99,4,4
21818,167,185,-18,18
21819,73,79,-6,6
21820,68,64,4,4
21821,104,106,-2,2
21822,96,103,-7,7
21823,165,164,1,1
21824,128,127,1,1
21825,147,142,5,5
21826,139,137,2,2
21827,156,145,11,11
21828,86,89,-3,3
21829,78,79,-1,1
21830,78,75,3,3
21831,89,84,5,5
21832,115,110,5,5
21833,122,120,2,2
21834,47,61,-14,14
21835,60,72,-12,12
21836,87,103,-16,16
21837,77,79,-2,2
21838,115,107,8,8
21839,105,91,14,14
21840,120,120,0,0
21841,95,95,0,0
21842,103,101,2,2
21843,57,56,1,1
21844,132,125,7,7
21845,118,108,10,10
21846,134,122,12,12
21847,85,99,-14,14
21848,130,139,-9,9
21849,107,115,-8,8
21850,112,107,5,5
21851,63,63,0,0
21852,176,167,9,9
21853,83,78,5,5
21854,88,101,-13,13
21855,141,126,15,15
21856,121,115,6,6
21857,119,113,6,6
21858,51,58,-7,7
21859,60,67,-7,7
21860,103,88,15,15
21861,122,120,2,2
21862,79,77,2,2
21863,103,99,4,4
21864,86,82,4,4
21865,58,65,-7,7
21866,103,106,-3,3
21867,89,85,4,4
21868,94,88,6,6
21869,115,120,-5,5
21870,151,164,-13,13
21871,97,99,-2,2
21872,88,84,4,4
21873,78,82,-4,4
21874,79,76,3,3
21875,51,46,5,5
21876,77,92,-15,15
21877,98,89,9,9
21878,160,140,20,20
21879,114,116,-2,2
21880,95,100,-5,5
21881,77,84,-7,7
21882,75,78,-3,3
21883,142,138,4,4
21884,72,74,-2,2
21885,150,139,11,11
21886,67,74,-7,7
21887,104,105,-1,1
21888,95,102,-7,7
21889,116,113,3,3
21890,43,75,-32,32
21891,98,103,-5,5
21892,85,77,8,8
21893,93,97,-4,4
21894,106,105,1,1
21895,99,101,-2,2
21896,179,168,11,11
21897,61,79,-18,18
21898,77,80,-3,3
21899,64,64,0,0
21900,90,96,-6,6
21901,106,118,-12,12
21902,67,67,0,0
21903,102,104,-2,2
21904,94,68,26,26
21905,92,88,4,4
21906,81,71,10,10
21907,84,81,3,3
21908,131,138,-7,7
21909,96,99,-3,3
21910,89,85,4,4
21911,107,106,1,1
21912,73,80,-7,7
21913,81,78,3,3
21914,69,77,-8,8
21915,73,75,-2,2
21916,150,152,-2,2
21917,115,107,8,8
21918,90,87,3,3
21919,63,73,-10,10
21920,138,130,8,8
21921,125,130,-5,5
21922,111,111,0,0
21923,124,111,13,13
21924,37,44,-7,7
21925,114,117,-3,3
21926,67,67,0,0
21927,116,117,-1,1
21928,134,147,-13,13
21929,58,63,-5,5
21930,75,72,3,3
21931,119,116,3,3
21932,94,87,7,7
21933,72,71,1,1
21934,144,147,-3,3
21935,86,84,2,2
21936,112,113,-1,1
21937,57,59,-2,2
21938,121,131,-10,10
21939,118,117,1,1
21940,79,79,0,0
21941,53,53,0,0
21942,61,56,5,5
21943,90,98,-8,8
21944,114,116,-2,2
21945,101,107,-6,6
21946,180,177,3,3
21947,136,152,-16,16
21948,100,103,-3,3
21949,107,110,-3,3
21950,95,102,-7,7
21951,75,79,-4,4
21952,86,92,-6,6
21953,71,81,-10,10
21954,126,130,-4,4
21955,125,121,4,4
21956,162,158,4,4
21957,71,76,-5,5
21958,60,60,0,0
21959,118,127,-9,9
21960,104,81,23,23
21961,117,116,1,1
21962,144,136,8,8
21963,78,82,-4,4
21964,95,98,-3,3
21965,157,155,2,2
21966,70,71,-1,1
21967,68,74,-6,6
21968,125,119,6,6
21969,111,100,11,11
21970,112,107,5,5
21971,118,110,8,8
21972,71,62,9,9
21973,126,111,15,15
21974,96,97,-1,1
21975,59,70,-11,11
21976,82,94,-12,12
21977,101,112,-11,11
21978,80,83,-3,3
21979,61,61,0,0
21980,89,95,-6,6
21981,107,96,11,11
21982,55,64,-9,9
21983,99,98,1,1
21984,131,138,-7,7
21985,80,75,5,5
21986,110,93,17,17
21987,94,98,-4,4
21988,32,40,-8,8
21989,105,105,0,0
21990,103,109,-6,6
21991,152,154,-2,2
21992,136,124,12,12
21993,78,76,2,2
21994,68,67,1,1
21995,68,81,-13,13
21996,36,39,-3,3
21997,111,116,-5,5
21998,64,61,3,3
21999,70,71,-1,1
22000,89,85,4,4
22001,103,102,1,1
22002,79,79,0,0
22003,175,174,1,1
22004,103,110,-7,7
22005,84,81,3,3
22006,79,76,3,3
22007,93,102,-9,9
22008,124,122,2,2
22009,106,104,2,2
22010,144,132,12,12
22011,100,101,-1,1
22012,70,72,-2,2
22013,122,127,-5,5
22014,101,105,-4,4
22015,125,125,0,0
22016,94,90,4,4
22017,134,143,-9,9
22018,69,74,-5,5
22019,119,112,7,7
22020,106,104,2,2
22021,122,125,-3,3
22022,54,55,-1,1
22023,89,86,3,3
22024,76,91,-15,15
22025,86,87,-1,1
22026,144,132,12,12
22027,93,85,8,8
22028,105,113,-8,8
22029,101,106,-5,5
22030,81,97,-16,16
22031,85,85,0,0
22032,157,137,20,20
22033,112,119,-7,7
22034,76,78,-2,2
22035,85,99,-14,14
22036,141,125,16,16
22037,87,99,-12,12
22038,71,79,-8,8
22039,104,113,-9,9
22040,73,78,-5,5
22041,143,136,7,7
22042,92,102,-10,10
22043,80,84,-4,4
22044,98,104,-6,6
22045,80,76,4,4
22046,54,61,-7,7
22047,134,147,-13,13
22048,70,70,0,0
22049,114,116,-2,2
22050,80,71,9,9
22051,90,84,6,6
22052,82,91,-9,9
22053,103,102,1,1
22054,82,81,1,1
22055,92,88,4,4
22056,82,80,2,2
22057,66,69,-3,3
22058,124,162,-38,38
22059,61,69,-8,8
22060,63,72,-9,9
22061,91,99,-8,8
22062,72,71,1,1
22063,54,66,-12,12
22064,87,85,2,2
22065,104,118,-14,14
22066,61,69,-8,8
22067,125,113,12,12
22068,129,132,-3,3
22069,33,45,-12,12
22070,97,103,-6,6
22071,73,91,-18,18
22072,154,141,13,13
22073,74,72,2,2
22074,125,129,-4,4
22075,54,58,-4,4
22076,68,75,-7,7
22077,91,84,7,7
22078,68,68,0,0
22079,92,109,-17,17
22080,117,106,11,11
22081,98,107,-9,9
22082,124,114,10,10
22083,71,77,-6,6
22084,66,67,-1,1
22085,37,45,-8,8
22086,108,105,3,3
22087,59,58,1,1
22088,84,80,4,4
22089,162,150,12,12
22090,108,109,-1,1
22091,120,114,6,6
22092,102,112,-10,10
22093,68,83,-15,15
22094,146,127,19,19
22095,116,120,-4,4
22096,66,69,-3,3
22097,67,72,-5,5
22098,46,56,-10,10
22099,92,84,8,8
22100,150,137,13,13
22101,58,56,2,2
22102,103,108,-5,5
22103,112,101,11,11
22104,90,103,-13,13
22105,98,101,-3,3
22106,54,63,-9,9
22107,76,81,-5,5
22108,77,83,-6,6
22109,111,105,6,6
22110,118,123,-5,5
22111,125,124,1,1
22112,94,103,-9,9
22113,73,76,-3,3
22114,173,173,0,0
22115,155,155,0,0
22116,120,132,-12,12
22117,86,79,7,7
22118,115,111,4,4
22119,149,139,10,10
22120,68,88,-20,20
22121,130,115,15,15
22122,65,71,-6,6
22123,63,50,13,13
22124,39,42,-3,3
22125,82,80,2,2
22126,74,64,10,10
22127,57,70,-13,13
22128,105,111,-6,6
22129,106,109,-3,3
22130,126,148,-22,22
22131,113,106,7,7
22132,109,111,-2,2
22133,95,101,-6,6
22134,86,78,8,8
22135,99,99,0,0
22136,65,83,-18,18
22137,70,72,-2,2
22138,66,64,2,2
22139,45,53,-8,8
22140,77,76,1,1
22141,50,61,-11,11
22142,105,107,-2,2
22143,101,111,-10,10
22144,62,70,-8,8
22145,82,90,-8,8
22146,69,63,6,6
22147,122,141,-19,19
22148,147,147,0,0
22149,220,225,-5,5
22150,69,72,-3,3
22151,93,90,3,3
22152,111,111,0,0
22153,152,152,0,0
22154,124,126,-2,2
22155,43,46,-3,3
22156,112,101,11,11
22157,83,83,0,0
22158,140,139,1,1
22159,110,113,-3,3
22160,71,80,-9,9
22161,96,114,-18,18
22162,148,150,-2,2
22163,53,41,12,12
22164,120,113,7,7
22165,188,185,3,3
22166,29,38,-9,9
22167,117,117,0,0
22168,104,105,-1,1
22169,81,81,0,0
22170,124,131,-7,7
22171,103,115,-12,12
22172,139,138,1,1
22173,79,70,9,9
22174,133,127,6,6
22175,112,119,-7,7
22176,99,108,-9,9
22177,101,92,9,9
22178,75,72,3,3
22179,110,110,0,0
22180,121,123,-2,2
22181,110,114,-4,4
22182,68,86,-18,18
22183,99,100,-1,1
22184,67,77,-10,10
22185,72,81,-9,9
22186,151,133,18,18
22187,87,95,-8,8
22188,83,82,1,1
22189,58,74,-16,16
22190,56,59,-3,3
22191,72,70,2,2
22192,91,88,3,3
22193,61,58,3,3
22194,95,83,12,12
22195,101,99,2,2
22196,98,98,0,0
22197,128,137,-9,9
22198,183,171,12,12
22199,68,70,-2,2
22200,97,94,3,3
22201,74,73,1,1
22202,127,127,0,0
22203,91,90,1,1
22204,95,96,-1,1
22205,83,82,1,1
22206,130,129,1,1
22207,143,89,54,54
22208,68,77,-9,9
22209,72,70,2,2
22210,81,82,-1,1
22211,63,66,-3,3
22212,92,86,6,6
22213,70,84,-14,14
22214,114,122,-8,8
22215,119,97,22,22
22216,130,132,-2,2
22217,94,100,-6,6
22218,104,111,-7,7
22219,99,110,-11,11
22220,55,65,-10,10
22221,111,117,-6,6
22222,101,92,9,9
22223,86,85,1,1
22224,89,91,-2,2
22225,91,111,-20,20
22226,140,139,1,1
22227,74,76,-2,2
22228,82,84,-2,2
22229,103,88,15,15
22230,104,95,9,9
22231,75,83,-8,8
22232,92,103,-11,11
22233,53,58,-5,5
22234,74,82,-8,8
22235,38,38,0,0
22236,141,137,4,4
22237,91,100,-9,9
22238,97,89,8,8
22239,115,111,4,4
22240,141,144,-3,3
22241,72,83,-11,11
22242,87,92,-5,5
22243,114,115,-1,1
22244,96,89,7,7
22245,68,77,-9,9
22246,123,129,-6,6
22247,91,87,4,4
22248,91,85,6,6
22249,116,124,-8,8
22250,49,72,-23,23
22251,57,58,-1,1
22252,124,128,-4,4
22253,88,101,-13,13
22254,129,127,2,2
22255,55,53,2,2
22256,188,173,15,15
22257,64,68,-4,4
22258,71,73,-2,2
22259,45,48,-3,3
22260,93,104,-11,11
22261,68,68,0,0
22262,161,171,-10,10
22263,69,80,-11,11
22264,113,120,-7,7
22265,74,87,-13,13
22266,58,65,-7,7
22267,149,155,-6,6
22268,49,54,-5,5
22269,96,96,0,0
22270,122,115,7,7
22271,92,82,10,10
22272,124,128,-4,4
22273,93,92,1,1
22274,149,152,-3,3
22275,179,169,10,10
22276,147,150,-3,3
22277,121,120,1,1
22278,62,64,-2,2
22279,50,55,-5,5
22280,54,55,-1,1
22281,104,99,5,5
22282,73,73,0,0
22283,101,102,-1,1
22284,71,77,-6,6
22285,90,87,3,3
22286,71,69,2,2
22287,72,76,-4,4
22288,61,87,-26,26
22289,65,64,1,1
22290,81,81,0,0
22291,37,51,-14,14
22292,65,71,-6,6
22293,128,123,5,5
22294,55,81,-26,26
22295,55,68,-13,13
22296,131,116,15,15
22297,67,61,6,6
22298,138,137,1,1
22299,66,65,1,1
22300,62,64,-2,2
22301,187,183,4,4
22302,127,121,6,6
22303,105,113,-8,8
22304,78,78,0,0
22305,94,91,3,3
22306,94,98,-4,4
22307,108,109,-1,1
22308,135,131,4,4
22309,78,76,2,2
22310,87,93,-6,6
22311,59,65,-6,6
22312,134,145,-11,11
22313,89,84,5,5
22314,79,80,-1,1
22315,27,42,-15,15
22316,74,66,8,8
22317,56,64,-8,8
22318,121,130,-9,9
22319,88,96,-8,8
22320,145,150,-5,5
22321,99,101,-2,2
22322,127,116,11,11
22323,85,83,2,2
22324,91,76,15,15
22325,184,191,-7,7
22326,76,74,2,2
22327,86,85,1,1
22328,88,82,6,6
22329,156,152,4,4
22330,106,111,-5,5
22331,102,91,11,11
22332,106,104,2,2
22333,87,86,1,1
22334,60,64,-4,4
22335,82,81,1,1
22336,112,107,5,5
22337,118,125,-7,7
22338,75,67,8,8
22339,94,100,-6,6
22340,57,64,-7,7
22341,96,98,-2,2
22342,67,68,-1,1
22343,78,98,-20,20
22344,114,108,6,6
22345,70,70,0,0
22346,60,65,-5,5
22347,91,89,2,2
22348,86,81,5,5
22349,84,86,-2,2
22350,75,73,2,2
22351,133,140,-7,7
22352,193,175,18,18
22353,68,71,-3,3
22354,139,139,0,0
22355,57,74,-17,17
22356,110,114,-4,4
22357,83,96,-13,13
22358,159,134,25,25
22359,110,108,2,2
22360,150,135,15,15
22361,95,106,-11,11
22362,139,130,9,9
22363,72,71,1,1
22364,147,135,12,12
22365,89,85,4,4
22366,136,136,0,0
22367,47,46,1,1
22368,158,159,-1,1
22369,111,119,-8,8
22370,99,97,2,2
22371,112,112,0,0
22372,82,88,-6,6
22373,38,39,-1,1
22374,82,80,2,2
22375,80,81,-1,1
22376,119,111,8,8
22377,68,73,-5,5
22378,117,117,0,0
22379,76,75,1,1
22380,94,99,-5,5
22381,68,72,-4,4
22382,49,47,2,2
22383,59,64,-5,5
22384,135,144,-9,9
22385,111,114,-3,3
22386,102,98,4,4
22387,118,121,-3,3
22388,90,86,4,4
22389,62,70,-8,8
22390,104,105,-1,1
22391,120,114,6,6
22392,105,111,-6,6
22393,131,128,3,3
22394,103,114,-11,11
22395,117,116,1,1
22396,92,97,-5,5
22397,70,74,-4,4
22398,108,112,-4,4
22399,71,73,-2,2
22400,58,63,-5,5
22401,91,78,13,13
22402,98,88,10,10
22403,40,48,-8,8
22404,92,82,10,10
22405,100,104,-4,4
22406,138,146,-8,8
22407,132,121,11,11
22408,101,110,-9,9
22409,71,82,-11,11
22410,86,81,5,5
22411,107,105,2,2
22412,85,85,0,0
22413,68,74,-6,6
22414,80,74,6,6
22415,125,121,4,4
22416,99,90,9,9
22417,122,117,5,5
22418,190,174,16,16
22419,109,92,17,17
22420,83,75,8,8
22421,121,142,-21,21
22422,79,91,-12,12
22423,142,157,-15,15
22424,63,65,-2,2
22425,66,68,-2,2
22426,114,102,12,12
22427,80,78,2,2
22428,72,66,6,6
22429,190,186,4,4
22430,91,91,0,0
22431,152,142,10,10
22432,74,63,11,11
22433,88,95,-7,7
22434,181,186,-5,5
22435,118,122,-4,4
22436,131,128,3,3
22437,64,111,-47,47
22438,86,87,-1,1
22439,74,82,-8,8
22440,79,78,1,1
22441,99,102,-3,3
22442,169,168,1,1
22443,68,62,6,6
22444,79,74,5,5
22445,181,164,17,17
22446,119,112,7,7
22447,120,114,6,6
22448,67,74,-7,7
22449,67,75,-8,8
22450,76,73,3,3
22451,87,83,4,4
22452,91,102,-11,11
22453,161,149,12,12
22454,58,58,0,0
22455,57,57,0,0
22456,95,87,8,8
22457,63,68,-5,5
22458,64,65,-1,1
22459,55,59,-4,4
22460,136,146,-10,10
22461,107,107,0,0
22462,83,90,-7,7
22463,52,64,-12,12
22464,127,140,-13,13
22465,90,98,-8,8
22466,141,134,7,7
22467,87,98,-11,11
22468,99,101,-2,2
22469,67,70,-3,3
22470,79,80,-1,1
22471,102,103,-1,1
22472,168,171,-3,3
22473,154,154,0,0
22474,118,118,0,0
22475,68,81,-13,13
22476,109,110,-1,1
22477,41,48,-7,7
22478,65,71,-6,6
22479,108,102,6,6
22480,26,32,-6,6
22481,99,107,-8,8
22482,137,137,0,0
22483,180,177,3,3
22484,223,187,36,36
22485,103,104,-1,1
22486,91,98,-7,7
22487,120,117,3,3
22488,73,71,2,2
22489,69,77,-8,8
22490,76,95,-19,19
22491,73,62,11,11
22492,41,42,-1,1
22493,143,146,-3,3
22494,121,137,-16,16
22495,97,109,-12,12
22496,86,98,-12,12
22497,80,85,-5,5
22498,105,113,-8,8
22499,111,90,21,21
22500,133,144,-11,11
22501,120,118,2,2
22502,156,167,-11,11
22503,100,111,-11,11
22504,41,44,-3,3
22505,94,105,-11,11
22506,59,58,1,1
22507,71,71,0,0
22508,68,69,-1,1
22509,102,98,4,4
22510,134,133,1,1
22511,60,55,5,5
22512,169,146,23,23
22513,80,84,-4,4
22514,126,149,-23,23
22515,146,135,11,11
22516,128,141,-13,13
22517,67,69,-2,2
22518,92,100,-8,8
22519,72,75,-3,3
22520,79,81,-2,2
22521,102,100,2,2
22522,62,66,-4,4
22523,59,61,-2,2
22524,116,107,9,9
22525,96,93,3,3
22526,86,85,1,1
22527,68,78,-10,10
22528,90,99,-9,9
22529,90,84,6,6
22530,141,129,12,12
22531,109,111,-2,2
22532,51,68,-17,17
22533,107,104,3,3
22534,130,126,4,4
22535,103,106,-3,3
22536,49,57,-8,8
22537,106,100,6,6
22538,87,85,2,2
22539,68,69,-1,1
22540,88,90,-2,2
22541,79,86,-7,7
22542,104,90,14,14
22543,94,96,-2,2
22544,123,115,8,8
22545,98,88,10,10
22546,123,117,6,6
22547,104,107,-3,3
22548,60,70,-10,10
22549,70,77,-7,7
22550,89,86,3,3
22551,122,114,8,8
22552,55,57,-2,2
22553,141,133,8,8
22554,80,82,-2,2
22555,97,96,1,1
22556,126,117,9,9
22557,73,79,-6,6
22558,63,78,-15,15
22559,151,136,15,15
22560,109,105,4,4
22561,161,160,1,1
22562,80,80,0,0
22563,126,113,13,13
22564,89,85,4,4
22565,95,89,6,6
22566,163,147,16,16
22567,121,113,8,8
22568,80,83,-3,3
22569,79,69,10,10
22570,94,88,6,6
22571,143,135,8,8
22572,95,91,4,4
22573,108,108,0,0
22574,94,102,-8,8
22575,102,99,3,3
22576,84,90,-6,6
22577,80,79,1,1
22578,135,129,6,6
22579,98,83,15,15
22580,113,116,-3,3
22581,85,107,-22,22
22582,97,93,4,4
22583,67,68,-1,1
22584,135,132,3,3
22585,31,33,-2,2
22586,154,154,0,0
22587,136,136,0,0
22588,35,36,-1,1
22589,145,139,6,6
22590,76,72,4,4
22591,89,100,-11,11
22592,84,95,-11,11
22593,82,103,-21,21
22594,76,75,1,1
22595,88,93,-5,5
22596,85,78,7,7
22597,109,120,-11,11
22598,165,158,7,7
22599,88,98,-10,10
22600,54,58,-4,4
22601,93,84,9,9
22602,66,72,-6,6
22603,75,78,-3,3
22604,55,60,-5,5
22605,72,76,-4,4
22606,113,115,-2,2
22607,127,127,0,0
22608,53,59,-6,6
22609,94,100,-6,6
22610,90,91,-1,1
22611,65,74,-9,9
22612,60,67,-7,7
22613,59,48,11,11
22614,107,108,-1,1
22615,93,107,-14,14
22616,128,118,10,10
22617,55,61,-6,6
22618,93,97,-4,4
22619,79,74,5,5
22620,148,137,11,11
22621,129,128,1,1
22622,51,64,-13,13
22623,92,95,-3,3
22624,93,111,-18,18
22625,114,118,-4,4
22626,72,76,-4,4
22627,92,101,-9,9
22628,81,77,4,4
22629,69,79,-10,10
22630,93,89,4,4
22631,189,183,6,6
22632,71,74,-3,3
22633,87,84,3,3
22634,48,101,-53,53
22635,94,90,4,4
22636,116,132,-16,16
22637,62,69,-7,7
22638,240,219,21,21
22639,104,103,1,1
22640,80,87,-7,7
22641,66,60,6,6
22642,100,91,9,9
22643,133,130,3,3
22644,103,100,3,3
22645,137,141,-4,4
22646,165,154,11,11
22647,125,123,2,2
22648,86,80,6,6
22649,95,90,5,5
22650,103,112,-9,9
22651,140,126,14,14
22652,95,102,-7,7
22653,68,72,-4,4
22654,52,54,-2,2
22655,77,74,3,3
22656,121,117,4,4
22657,107,112,-5,5
22658,98,98,0,0
22659,100,98,2,2
22660,81,82,-1,1
22661,46,45,1,1
22662,162,161,1,1
22663,136,129,7,7
22664,85,90,-5,5
22665,83,74,9,9
22666,135,127,8,8
22667,39,44,-5,5
22668,61,65,-4,4
22669,73,62,11,11
22670,87,77,10,10
22671,76,80,-4,4
22672,84,105,-21,21
22673,94,82,12,12
22674,163,172,-9,9
22675,80,86,-6,6
22676,86,107,-21,21
22677,152,139,13,13
22678,100,110,-10,10
22679,75,72,3,3
22680,92,88,4,4
22681,84,81,3,3
22682,144,140,4,4
22683,69,70,-1,1
22684,109,116,-7,7
22685,109,100,9,9
22686,88,75,13,13
22687,67,72,-5,5
22688,115,112,3,3
22689,125,135,-10,10
22690,95,104,-9,9
22691,87,84,3,3
22692,98,105,-7,7
22693,83,101,-18,18
22694,101,101,0,0
22695,51,48,3,3
22696,108,108,0,0
22697,136,142,-6,6
22698,208,213,-5,5
22699,121,121,0,0
22700,84,78,6,6
22701,86,80,6,6
22702,148,156,-8,8
22703,110,118,-8,8
22704,117,117,0,0
22705,96,102,-6,6
22706,69,70,-1,1
22707,137,133,4,4
22708,66,62,4,4
22709,89,77,12,12
22710,44,52,-8,8
22711,136,132,4,4
22712,128,116,12,12
22713,73,74,-1,1
22714,155,159,-4,4
22715,89,76,13,13
22716,87,74,13,13
22717,147,139,8,8
22718,64,64,0,0
22719,37,38,-1,1
22720,122,119,3,3
22721,44,47,-3,3
22722,126,126,0,0
22723,60,71,-11,11
22724,148,145,3,3
22725,134,131,3,3
22726,87,78,9,9
22727,135,141,-6,6
22728,90,82,8,8
22729,60,60,0,0
22730,86,78,8,8
22731,150,152,-2,2
22732,59,72,-13,13
22733,111,103,8,8
22734,54,55,-1,1
22735,158,146,12,12
22736,135,121,14,14
22737,32,37,-5,5
22738,63,66,-3,3
22739,117,102,15,15
22740,83,87,-4,4
22741,54,58,-4,4
22742,151,147,4,4
22743,64,68,-4,4
22744,44,46,-2,2
22745,138,135,3,3
22746,48,62,-14,14
22747,123,115,8,8
22748,97,103,-6,6
22749,59,64,-5,5
22750,96,94,2,2
22751,19,31,-12,12
22752,112,109,3,3
22753,131,144,-13,13
22754,153,151,2,2
22755,100,103,-3,3
22756,183,182,1,1
22757,121,118,3,3
22758,129,126,3,3
22759,93,106,-13,13
22760,89,98,-9,9
22761,92,89,3,3
22762,81,106,-25,25
22763,133,127,6,6
22764,77,83,-6,6
22765,63,67,-4,4
22766,66,61,5,5
22767,74,84,-10,10
22768,150,156,-6,6
22769,76,86,-10,10
22770,68,60,8,8
22771,73,69,4,4
22772,93,89,4,4
22773,90,80,10,10
22774,81,100,-19,19
22775,59,54,5,5
22776,160,144,16,16
22777,47,46,1,1
22778,109,132,-23,23
22779,133,130,3,3
22780,114,122,-8,8
22781,89,81,8,8
22782,86,81,5,5
22783,95,87,8,8
22784,149,159,-10,10
22785,86,83,3,3
22786,112,115,-3,3
22787,61,107,-46,46
22788,32,40,-8,8
22789,141,137,4,4
22790,106,103,3,3
22791,62,73,-11,11
22792,98,102,-4,4
22793,169,139,30,30
22794,75,90,-15,15
22795,113,112,1,1
22796,69,72,-3,3
22797,54,61,-7,7
22798,72,79,-7,7
22799,140,149,-9,9
22800,86,90,-4,4
22801,106,106,0,0
22802,81,81,0,0
22803,109,102,7,7
22804,120,110,10,10
22805,103,98,5,5
22806,201,183,18,18
22807,115,133,-18,18
22808,94,83,11,11
22809,110,123,-13,13
22810,90,88,2,2
22811,117,112,5,5
22812,80,78,2,2
22813,136,133,3,3
22814,95,103,-8,8
22815,121,106,15,15
22816,38,45,-7,7
22817,100,89,11,11
22818,83,86,-3,3
22819,102,103,-1,1
22820,100,101,-1,1
22821,67,70,-3,3
22822,88,120,-32,32
22823,68,65,3,3
22824,145,143,2,2
22825,86,85,1,1
22826,107,102,5,5
22827,85,100,-15,15
22828,102,108,-6,6
22829,132,132,0,0
22830,61,63,-2,2
22831,70,66,4,4
22832,91,90,1,1
22833,139,140,-1,1
22834,51,52,-1,1
22835,39,42,-3,3
22836,100,94,6,6
22837,93,97,-4,4
22838,89,100,-11,11
22839,92,99,-7,7
22840,35,39,-4,4
22841,93,86,7,7
22842,64,60,4,4
22843,62,59,3,3
22844,102,87,15,15
22845,101,101,0,0
22846,93,91,2,2
22847,63,64,-1,1
22848,88,84,4,4
22849,80,85,-5,5
22850,134,99,35,35
22851,77,76,1,1
22852,73,76,-3,3
22853,57,62,-5,5
22854,118,87,31,31
22855,134,141,-7,7
22856,127,123,4,4
22857,88,88,0,0
22858,91,89,2,2
22859,110,114,-4,4
22860,46,48,-2,2
22861,105,104,1,1
22862,103,108,-5,5
22863,108,103,5,5
22864,93,104,-11,11
22865,75,82,-7,7
22866,131,134,-3,3
22867,130,131,-1,1
22868,89,87,2,2
22869,49,104,-55,55
22870,120,126,-6,6
22871,151,163,-12,12
22872,92,92,0,0
22873,77,77,0,0
22874,126,134,-8,8
22875,100,103,-3,3
22876,54,58,-4,4
22877,110,106,4,4
22878,133,132,1,1
22879,119,125,-6,6
22880,126,118,8,8
22881,42,44,-2,2
22882,63,66,-3,3
22883,170,168,2,2
22884,68,79,-11,11
22885,114,112,2,2
22886,115,104,11,11
22887,64,73,-9,9
22888,90,91,-1,1
22889,126,112,14,14
22890,72,85,-13,13
22891,116,137,-21,21
22892,151,160,-9,9
22893,98,81,17,17
22894,135,129,6,6
22895,132,123,9,9
22896,166,155,11,11
22897,109,106,3,3
22898,73,67,6,6
22899,43,47,-4,4
22900,60,62,-2,2
22901,95,104,-9,9
22902,185,173,12,12
22903,116,117,-1,1
22904,120,119,1,1
22905,117,114,3,3
22906,80,88,-8,8
22907,54,60,-6,6
22908,94,99,-5,5
22909,104,112,-8,8
22910,167,175,-8,8
22911,183,184,-1,1
22912,125,129,-4,4
22913,67,67,0,0
22914,127,117,10,10
22915,108,110,-2,2
22916,110,110,0,0
22917,72,72,0,0
22918,76,79,-3,3
22919,60,61,-1,1
22920,127,114,13,13
22921,60,59,1,1
22922,117,115,2,2
22923,62,64,-2,2
22924,98,90,8,8
22925,64,68,-4,4
22926,90,86,4,4
22927,155,156,-1,1
22928,69,69,0,0
22929,91,85,6,6
22930,91,83,8,8
22931,97,87,10,10
22932,116,107,9,9
22933,100,103,-3,3
22934,81,82,-1,1
22935,77,73,4,4
22936,46,43,3,3
22937,86,101,-15,15
22938,98,91,7,7
22939,128,104,24,24
22940,53,57,-4,4
22941,86,87,-1,1
22942,106,110,-4,4
22943,118,117,1,1
22944,132,138,-6,6
22945,179,184,-5,5
22946,72,68,4,4
22947,57,58,-1,1
22948,159,151,8,8
22949,56,64,-8,8
22950,90,102,-12,12
22951,84,82,2,2
22952,120,127,-7,7
22953,99,89,10,10
22954,121,112,9,9
22955,96,101,-5,5
22956,46,55,-9,9
22957,84,96,-12,12
22958,79,80,-1,1
22959,165,161,4,4
22960,72,73,-1,1
22961,75,78,-3,3
22962,116,119,-3,3
22963,117,118,-1,1
22964,95,89,6,6
22965,138,151,-13,13
22966,64,68,-4,4
22967,70,75,-5,5
22968,51,51,0,0
22969,74,85,-11,11
22970,105,104,1,1
22971,137,136,1,1
22972,93,91,2,2
22973,72,80,-8,8
22974,83,81,2,2
22975,113,111,2,2
22976,97,98,-1,1
22977,76,78,-2,2
22978,65,65,0,0
22979,159,153,6,6
22980,72,73,-1,1
22981,127,121,6,6
22982,94,90,4,4
22983,83,82,1,1
22984,84,89,-5,5
22985,60,64,-4,4
22986,100,106,-6,6
22987,108,110,-2,2
22988,118,116,2,2
22989,76,76,0,0
22990,87,76,11,11
22991,50,53,-3,3
22992,38,39,-1,1
22993,146,129,17,17
22994,114,116,-2,2
22995,52,57,-5,5
22996,84,88,-4,4
22997,122,126,-4,4
22998,102,100,2,2
22999,181,171,10,10
23000,98,92,6,6
23001,39,47,-8,8
23002,84,71,13,13
23003,145,115,30,30
23004,124,131,-7,7
23005,110,121,-11,11
23006,57,60,-3,3
23007,88,88,0,0
23008,64,67,-3,3
23009,195,182,13,13
23010,131,140,-9,9
23011,124,123,1,1
23012,79,102,-23,23
23013,66,69,-3,3
23014,100,110,-10,10
23015,82,77,5,5
23016,81,86,-5,5
23017,85,81,4,4
23018,192,192,0,0
23019,112,113,-1,1
23020,166,157,9,9
23021,101,104,-3,3
23022,82,75,7,7
23023,89,79,10,10
23024,94,87,7,7
23025,79,90,-11,11
23026,108,118,-10,10
23027,117,113,4,4
23028,123,117,6,6
23029,81,79,2,2
23030,87,81,6,6
23031,66,69,-3,3
23032,35,40,-5,5
23033,102,95,7,7
23034,145,135,10,10
23035,62,61,1,1
23036,121,117,4,4
23037,69,69,0,0
23038,142,134,8,8
23039,74,66,8,8
23040,92,86,6,6
23041,63,60,3,3
23042,71,76,-5,5
23043,148,134,14,14
23044,72,81,-9,9
23045,75,73,2,2
23046,118,124,-6,6
23047,103,111,-8,8
23048,136,121,15,15
23049,126,131,-5,5
23050,93,103,-10,10
23051,101,106,-5,5
23052,133,124,9,9
23053,83,88,-5,5
23054,91,93,-2,2
23055,52,48,4,4
23056,100,102,-2,2
23057,88,87,1,1
23058,80,88,-8,8
23059,83,94,-11,11
23060,90,87,3,3
23061,69,99,-30,30
23062,85,77,8,8
23063,107,102,5,5
23064,103,99,4,4
23065,60,62,-2,2
23066,152,155,-3,3
23067,40,40,0,0
23068,87,81,6,6
23069,78,72,6,6
23070,145,146,-1,1
23071,47,52,-5,5
23072,139,126,13,13
23073,94,91,3,3
23074,138,157,-19,19
23075,115,102,13,13
23076,94,99,-5,5
23077,106,106,0,0
23078,85,73,12,12
23079,82,79,3,3
23080,61,63,-2,2
23081,160,157,3,3
23082,157,163,-6,6
23083,87,91,-4,4
23084,135,127,8,8
23085,120,116,4,4
23086,104,102,2,2
23087,165,147,18,18
23088,88,86,2,2
23089,67,73,-6,6
23090,87,85,2,2
23091,66,72,-6,6
23092,74,73,1,1
23093,76,78,-2,2
23094,62,66,-4,4
23095,79,82,-3,3
23096,91,92,-1,1
23097,70,66,4,4
23098,148,137,11,11
23099,135,124,11,11
23100,74,80,-6,6
23101,78,76,2,2
23102,93,97,-4,4
23103,124,125,-1,1
23104,129,134,-5,5
23105,98,91,7,7
23106,72,68,4,4
23107,53,61,-8,8
23108,138,137,1,1
23109,184,157,27,27
23110,85,87,-2,2
23111,82,76,6,6
23112,105,115,-10,10
23113,99,101,-2,2
23114,65,69,-4,4
23115,73,69,4,4
23116,66,62,4,4
23117,102,108,-6,6
23118,85,77,8,8
23119,188,194,-6,6
23120,81,213,-132,132
23121,124,122,2,2
23122,59,64,-5,5
23123,108,109,-1,1
23124,92,97,-5,5
23125,100,102,-2,2
23126,105,106,-1,1
23127,93,95,-2,2
23128,155,153,2,2
23129,71,69,2,2
23130,65,58,7,7
23131,94,88,6,6
23132,122,128,-6,6
23133,70,71,-1,1
23134,65,68,-3,3
23135,160,154,6,6
23136,115,117,-2,2
23137,134,137,-3,3
23138,101,106,-5,5
23139,105,106,-1,1
23140,93,100,-7,7
23141,94,86,8,8
23142,82,78,4,4
23143,90,87,3,3
23144,78,69,9,9
23145,145,142,3,3
23146,120,118,2,2
23147,94,93,1,1
23148,95,85,10,10
23149,115,131,-16,16
23150,49,50,-1,1
23151,134,136,-2,2
23152,88,84,4,4
23153,82,83,-1,1
23154,67,61,6,6
23155,71,67,4,4
23156,56,68,-12,12
23157,88,84,4,4
23158,34,41,-7,7
23159,62,79,-17,17
23160,82,84,-2,2
23161,111,119,-8,8
23162,48,50,-2,2
23163,102,107,-5,5
23164,143,136,7,7
23165,47,48,-1,1
23166,76,76,0,0
23167,119,119,0,0
23168,64,65,-1,1
23169,72,69,3,3
23170,141,136,5,5
23171,64,60,4,4
23172,127,118,9,9
23173,72,75,-3,3
23174,111,110,1,1
23175,104,88,16,16
23176,77,81,-4,4
23177,133,143,-10,10
23178,113,109,4,4
23179,110,111,-1,1
23180,89,87,2,2
23181,125,124,1,1
23182,127,113,14,14
23183,68,62,6,6
23184,99,106,-7,7
23185,86,93,-7,7
23186,111,112,-1,1
23187,118,107,11,11
23188,74,79,-5,5
23189,132,122,10,10
23190,99,98,1,1
23191,139,139,0,0
23192,107,110,-3,3
23193,70,78,-8,8
23194,77,71,6,6
23195,101,106,-5,5
23196,103,104,-1,1
23197,86,87,-1,1
23198,104,92,12,12
23199,100,108,-8,8
23200,150,141,9,9
23201,69,68,1,1
23202,129,128,1,1
23203,162,167,-5,5
23204,111,124,-13,13
23205,133,132,1,1
23206,87,86,1,1
23207,74,84,-10,10
23208,95,103,-8,8
23209,110,121,-11,11
23210,124,124,0,0
23211,155,149,6,6
23212,74,65,9,9
23213,80,78,2,2
23214,90,85,5,5
23215,100,103,-3,3
23216,112,100,12,12
23217,81,69,12,12
23218,73,80,-7,7
23219,122,120,2,2
23220,130,125,5,5
23221,129,123,6,6
23222,123,117,6,6
23223,84,85,-1,1
23224,63,67,-4,4
23225,144,135,9,9
23226,91,162,-71,71
23227,66,77,-11,11
23228,95,91,4,4
23229,129,125,4,4
23230,75,77,-2,2
23231,152,184,-32,32
23232,119,90,29,29
23233,107,106,1,1
23234,184,171,13,13
23235,84,88,-4,4
23236,123,119,4,4
23237,167,148,19,19
23238,59,54,5,5
23239,68,73,-5,5
23240,119,94,25,25
23241,77,66,11,11
23242,70,79,-9,9
23243,79,75,4,4
23244,114,119,-5,5
23245,75,73,2,2
23246,64,57,7,7
23247,127,119,8,8
23248,52,58,-6,6
23249,67,63,4,4
23250,73,76,-3,3
23251,85,79,6,6
23252,63,70,-7,7
23253,88,80,8,8
23254,89,108,-19,19
23255,133,117,16,16
23256,82,84,-2,2
23257,115,108,7,7
23258,97,99,-2,2
23259,81,97,-16,16
23260,102,99,3,3
23261,68,63,5,5
23262,64,64,0,0
23263,70,69,1,1
23264,73,80,-7,7
23265,59,69,-10,10
23266,136,136,0,0
23267,103,110,-7,7
23268,137,122,15,15
23269,73,76,-3,3
23270,83,83,0,0
23271,95,86,9,9
23272,138,128,10,10
23273,86,80,6,6
23274,66,87,-21,21
23275,134,170,-36,36
23276,116,114,2,2
23277,70,73,-3,3
23278,118,115,3,3
23279,131,129,2,2
23280,40,62,-22,22
23281,82,83,-1,1
23282,78,75,3,3
23283,97,89,8,8
23284,89,100,-11,11
23285,133,129,4,4
23286,76,73,3,3
23287,152,136,16,16
23288,92,87,5,5
23289,62,65,-3,3
23290,179,158,21,21
23291,127,118,9,9
23292,115,113,2,2
23293,54,66,-12,12
23294,136,122,14,14
23295,76,83,-7,7
23296,62,71,-9,9
23297,78,80,-2,2
23298,182,162,20,20
23299,67,66,1,1
23300,110,103,7,7
23301,92,85,7,7
23302,150,139,11,11
23303,122,128,-6,6
23304,62,70,-8,8
23305,109,104,5,5
23306,123,116,7,7
23307,107,110,-3,3
23308,50,59,-9,9
23309,62,66,-4,4
23310,115,115,0,0
23311,41,53,-12,12
23312,106,106,0,0
23313,58,58,0,0
23314,67,67,0,0
23315,64,59,5,5
23316,71,89,-18,18
23317,83,96,-13,13
23318,157,172,-15,15
23319,90,98,-8,8
23320,100,112,-12,12
23321,92,99,-7,7
23322,87,106,-19,19
23323,76,89,-13,13
23324,101,108,-7,7
23325,56,47,9,9
23326,65,69,-4,4
23327,70,72,-2,2
23328,57,61,-4,4
23329,112,143,-31,31
23330,50,68,-18,18
23331,47,55,-8,8
23332,140,157,-17,17
23333,51,53,-2,2
23334,61,73,-12,12
23335,78,79,-1,1
23336,70,67,3,3
23337,98,92,6,6
23338,152,143,9,9
23339,99,102,-3,3
23340,93,102,-9,9
23341,90,88,2,2
23342,51,55,-4,4
23343,94,89,5,5
23344,82,87,-5,5
23345,137,137,0,0
23346,85,92,-7,7
23347,131,138,-7,7
23348,110,104,6,6
23349,70,66,4,4
23350,99,107,-8,8
23351,146,137,9,9
23352,37,41,-4,4
23353,94,88,6,6
23354,124,120,4,4
23355,91,110,-19,19
23356,85,86,-1,1
23357,58,65,-7,7
23358,78,82,-4,4
23359,62,69,-7,7
23360,51,56,-5,5
23361,85,91,-6,6
23362,64,67,-3,3
23363,108,120,-12,12
23364,89,97,-8,8
23365,120,121,-1,1
23366,131,119,12,12
23367,50,53,-3,3
23368,109,109,0,0
23369,82,78,4,4
23370,115,111,4,4
23371,121,108,13,13
23372,193,187,6,6
23373,66,67,-1,1
23374,125,120,5,5
23375,64,65,-1,1
23376,105,101,4,4
23377,47,53,-6,6
23378,57,71,-14,14
23379,105,100,5,5
23380,124,125,-1,1
23381,90,102,-12,12
23382,126,118,8,8
23383,89,100,-11,11
23384,122,118,4,4
23385,116,116,0,0
23386,80,71,9,9
23387,92,89,3,3
23388,62,88,-26,26
23389,144,145,-1,1
23390,45,55,-10,10
23391,139,139,0,0
23392,117,108,9,9
23393,99,104,-5,5
23394,98,100,-2,2
23395,87,89,-2,2
23396,171,148,23,23
23397,127,111,16,16
23398,114,112,2,2
23399,100,107,-7,7
23400,71,83,-12,12
23401,143,130,13,13
23402,84,84,0,0
23403,89,82,7,7
23404,85,86,-1,1
23405,69,70,-1,1
23406,145,156,-11,11
23407,115,119,-4,4
23408,116,117,-1,1
23409,114,118,-4,4
23410,58,55,3,3
23411,79,76,3,3
23412,73,75,-2,2
23413,114,120,-6,6
23414,140,146,-6,6
23415,92,103,-11,11
23416,111,115,-4,4
23417,131,137,-6,6
23418,76,79,-3,3
23419,94,100,-6,6
23420,91,104,-13,13
23421,76,74,2,2
23422,115,112,3,3
23423,65,64,1,1
23424,113,122,-9,9
23425,85,95,-10,10
23426,214,223,-9,9
23427,211,201,10,10
23428,41,46,-5,5
23429,78,76,2,2
23430,161,157,4,4
23431,79,76,3,3
23432,51,57,-6,6
23433,103,107,-4,4
23434,73,77,-4,4
23435,55,64,-9,9
23436,136,119,17,17
23437,131,132,-1,1
23438,77,79,-2,2
23439,80,78,2,2
23440,110,113,-3,3
23441,54,58,-4,4
23442,111,119,-8,8
23443,84,87,-3,3
23444,70,67,3,3
23445,70,68,2,2
23446,106,101,5,5
23447,97,99,-2,2
23448,100,99,1,1
23449,135,133,2,2
23450,86,86,0,0
23451,42,43,-1,1
23452,132,139,-7,7
23453,73,74,-1,1
23454,125,125,0,0
23455,83,87,-4,4
23456,125,127,-2,2
23457,120,119,1,1
23458,110,109,1,1
23459,197,184,13,13
23460,111,110,1,1
23461,86,98,-12,12
23462,76,71,5,5
23463,150,141,9,9
23464,115,118,-3,3
23465,89,100,-11,11
23466,176,160,16,16
23467,64,71,-7,7
23468,120,118,2,2
23469,121,115,6,6
23470,64,75,-11,11
23471,49,66,-17,17
23472,70,68,2,2
23473,112,111,1,1
23474,89,98,-9,9
23475,107,108,-1,1
23476,155,157,-2,2
23477,73,79,-6,6
23478,129,139,-10,10
23479,161,153,8,8
23480,89,87,2,2
23481,113,116,-3,3
23482,99,95,4,4
23483,127,129,-2,2
23484,115,118,-3,3
23485,78,79,-1,1
23486,155,167,-12,12
23487,54,52,2,2
23488,89,90,-1,1
23489,115,112,3,3
23490,82,82,0,0
23491,165,159,6,6
23492,90,86,4,4
23493,87,87,0,0
23494,115,110,5,5
23495,70,70,0,0
23496,85,78,7,7
23497,101,103,-2,2
23498,118,131,-13,13
23499,135,118,17,17
23500,74,75,-1,1
23501,108,118,-10,10
23502,134,133,1,1
23503,109,108,1,1
23504,77,76,1,1
23505,71,66,5,5
23506,78,74,4,4
23507,125,111,14,14
23508,90,85,5,5
23509,47,48,-1,1
23510,89,87,2,2
23511,102,96,6,6
23512,94,99,-5,5
23513,137,140,-3,3
23514,110,103,7,7
23515,100,101,-1,1
23516,125,114,11,11
23517,57,96,-39,39
23518,120,120,0,0
23519,149,143,6,6
23520,69,75,-6,6
23521,91,101,-10,10
23522,69,71,-2,2
23523,143,135,8,8
23524,112,105,7,7
23525,108,102,6,6
23526,83,97,-14,14
23527,102,110,-8,8
23528,55,57,-2,2
23529,101,100,1,1
23530,39,43,-4,4
23531,173,172,1,1
23532,98,98,0,0
23533,136,133,3,3
23534,62,65,-3,3
23535,188,159,29,29
23536,98,101,-3,3
23537,132,126,6,6
23538,89,101,-12,12
23539,106,110,-4,4
23540,101,113,-12,12
23541,150,136,14,14
23542,194,179,15,15
23543,108,113,-5,5
23544,78,89,-11,11
23545,70,72,-2,2
23546,93,102,-9,9
23547,65,72,-7,7
23548,113,104,9,9
23549,129,126,3,3
23550,94,101,-7,7
23551,108,107,1,1
23552,90,97,-7,7
23553,68,72,-4,4
23554,98,106,-8,8
23555,96,112,-16,16
23556,85,98,-13,13
23557,137,142,-5,5
23558,112,113,-1,1
23559,168,156,12,12
23560,87,94,-7,7
23561,134,126,8,8
23562,75,82,-7,7
23563,135,128,7,7
23564,81,80,1,1
23565,96,108,-12,12
23566,91,100,-9,9
23567,104,95,9,9
23568,105,102,3,3
23569,56,57,-1,1
23570,111,109,2,2
23571,56,67,-11,11
23572,62,63,-1,1
23573,103,106,-3,3
23574,144,146,-2,2
23575,101,103,-2,2
23576,79,74,5,5
23577,102,96,6,6
23578,121,122,-1,1
23579,140,138,2,2
23580,135,134,1,1
23581,80,77,3,3
23582,51,59,-8,8
23583,152,141,11,11
23584,94,94,0,0
23585,52,46,6,6
23586,78,81,-3,3
23587,82,85,-3,3
23588,75,72,3,3
23589,117,118,-1,1
23590,136,134,2,2
23591,92,91,1,1
23592,55,52,3,3
23593,126,115,11,11
23594,55,58,-3,3
23595,43,44,-1,1
23596,83,89,-6,6
23597,116,126,-10,10
23598,113,113,0,0
23599,60,62,-2,2
23600,100,104,-4,4
23601,100,109,-9,9
23602,113,111,2,2
23603,123,141,-18,18
23604,69,73,-4,4
23605,113,132,-19,19
23606,71,79,-8,8
23607,132,126,6,6
23608,151,151,0,0
23609,57,60,-3,3
23610,105,107,-2,2
23611,188,174,14,14
23612,79,76,3,3
23613,151,149,2,2
23614,137,143,-6,6
23615,42,55,-13,13
23616,144,142,2,2
23617,41,47,-6,6
23618,82,82,0,0
23619,91,86,5,5
23620,65,69,-4,4
23621,65,67,-2,2
23622,103,109,-6,6
23623,116,115,1,1
23624,149,149,0,0
23625,202,189,13,13
23626,61,61,0,0
23627,78,78,0,0
23628,154,139,15,15
23629,87,91,-4,4
23630,93,88,5,5
23631,134,133,1,1
23632,116,121,-5,5
23633,124,131,-7,7
23634,148,145,3,3
23635,140,145,-5,5
23636,69,64,5,5
23637,107,110,-3,3
23638,99,100,-1,1
23639,137,128,9,9
23640,165,143,22,22
23641,102,98,4,4
23642,116,112,4,4
23643,95,79,16,16
23644,86,106,-20,20
23645,88,103,-15,15
23646,108,109,-1,1
23647,153,157,-4,4
23648,69,67,2,2
23649,76,75,1,1
23650,103,104,-1,1
23651,79,92,-13,13
23652,129,118,11,11
23653,87,86,1,1
23654,67,69,-2,2
23655,81,80,1,1
23656,118,114,4,4
23657,69,66,3,3
23658,63,71,-8,8
23659,77,77,0,0
23660,113,111,2,2
23661,143,142,1,1
23662,57,62,-5,5
23663,86,88,-2,2
23664,36,52,-16,16
23665,128,112,16,16
23666,111,107,4,4
23667,68,74,-6,6
23668,60,70,-10,10
23669,90,89,1,1
23670,99,101,-2,2
23671,80,75,5,5
23672,79,88,-9,9
23673,84,90,-6,6
23674,77,69,8,8
23675,132,129,3,3
23676,94,67,27,27
23677,95,100,-5,5
23678,67,69,-2,2
23679,134,126,8,8
23680,148,148,0,0
23681,92,87,5,5
23682,85,77,8,8
23683,69,81,-12,12
23684,107,117,-10,10
23685,113,131,-18,18
23686,49,52,-3,3
23687,31,38,-7,7
23688,72,79,-7,7
23689,135,136,-1,1
23690,126,121,5,5
23691,67,68,-1,1
23692,70,77,-7,7
23693,64,68,-4,4
23694,70,96,-26,26
23695,88,82,6,6
23696,66,75,-9,9
23697,80,89,-9,9
23698,82,100,-18,18
23699,85,89,-4,4
23700,128,127,1,1
23701,116,117,-1,1
23702,74,68,6,6
23703,107,108,-1,1
23704,74,75,-1,1
23705,133,120,13,13
23706,91,87,4,4
23707,100,106,-6,6
23708,90,81,9,9
23709,41,47,-6,6
23710,117,114,3,3
23711,91,101,-10,10
23712,108,124,-16,16
23713,61,61,0,0
23714,201,190,11,11
23715,112,112,0,0
23716,62,61,1,1
23717,70,72,-2,2
23718,79,78,1,1
23719,85,77,8,8
23720,138,132,6,6
23721,132,131,1,1
23722,46,57,-11,11
23723,172,173,-1,1
23724,120,111,9,9
23725,120,115,5,5
23726,96,104,-8,8
23727,108,104,4,4
23728,125,133,-8,8
23729,72,79,-7,7
23730,110,102,8,8
23731,51,60,-9,9
23732,127,128,-1,1
23733,109,115,-6,6
23734,70,68,2,2
23735,91,90,1,1
23736,53,65,-12,12
23737,195,193,2,2
23738,63,67,-4,4
23739,97,102,-5,5
23740,109,105,4,4
23741,116,118,-2,2
23742,52,60,-8,8
23743,66,81,-15,15
23744,70,68,2,2
23745,143,144,-1,1
23746,61,119,-58,58
23747,105,99,6,6
23748,58,57,1,1
23749,141,141,0,0
23750,64,61,3,3
23751,126,129,-3,3
23752,154,153,1,1
23753,103,99,4,4
23754,54,57,-3,3
23755,100,103,-3,3
23756,99,103,-4,4
23757,84,91,-7,7
23758,67,73,-6,6
23759,51,63,-12,12
23760,118,121,-3,3
23761,139,127,12,12
23762,83,86,-3,3
23763,127,129,-2,2
23764,98,98,0,0
23765,86,82,4,4
23766,53,59,-6,6
23767,111,119,-8,8
23768,82,84,-2,2
23769,101,93,8,8
23770,79,82,-3,3
23771,82,91,-9,9
23772,101,91,10,10
23773,172,161,11,11
23774,49,59,-10,10
23775,144,138,6,6
23776,79,79,0,0
23777,71,78,-7,7
23778,109,113,-4,4
23779,97,98,-1,1
23780,134,127,7,7
23781,139,160,-21,21
23782,103,101,2,2
23783,104,102,2,2
23784,45,56,-11,11
23785,124,134,-10,10
23786,77,83,-6,6
23787,92,94,-2,2
23788,54,57,-3,3
23789,96,95,1,1
23790,77,69,8,8
23791,99,92,7,7
23792,46,50,-4,4
23793,128,132,-4,4
23794,114,126,-12,12
23795,183,173,10,10
23796,74,77,-3,3
23797,152,142,10,10
23798,95,87,8,8
23799,84,73,11,11
23800,103,103,0,0
23801,118,115,3,3
23802,82,101,-19,19
23803,161,170,-9,9
23804,93,86,7,7
23805,91,83,8,8
23806,106,104,2,2
23807,91,87,4,4
23808,52,58,-6,6
23809,89,88,1,1
23810,80,83,-3,3
23811,112,119,-7,7
23812,69,64,5,5
23813,68,68,0,0
23814,219,209,10,10
23815,89,93,-4,4
23816,127,124,3,3
23817,84,95,-11,11
23818,85,82,3,3
23819,28,50,-22,22
23820,141,132,9,9
23821,92,99,-7,7
23822,130,121,9,9
23823,59,64,-5,5
23824,143,132,11,11
23825,145,135,10,10
23826,73,74,-1,1
23827,177,172,5,5
23828,169,158,11,11
23829,54,56,-2,2
23830,128,118,10,10
23831,52,60,-8,8
23832,129,132,-3,3
23833,99,106,-7,7
23834,119,106,13,13
23835,75,82,-7,7
23836,119,111,8,8
23837,103,102,1,1
23838,130,127,3,3
23839,119,114,5,5
23840,100,98,2,2
23841,159,165,-6,6
23842,75,73,2,2
23843,86,89,-3,3
23844,123,123,0,0
23845,74,80,-6,6
23846,50,62,-12,12
23847,57,50,7,7
23848,50,53,-3,3
23849,71,77,-6,6
23850,96,97,-1,1
23851,76,75,1,1
23852,130,125,5,5
23853,62,72,-10,10
23854,92,90,2,2
23855,98,105,-7,7
23856,67,59,8,8
23857,231,212,19,19
23858,68,61,7,7
23859,59,59,0,0
23860,82,72,10,10
23861,67,70,-3,3
23862,88,80,8,8
23863,138,117,21,21
23864,81,70,11,11
23865,117,117,0,0
23866,67,72,-5,5
23867,57,63,-6,6
23868,53,57,-4,4
23869,87,87,0,0
23870,123,129,-6,6
23871,128,127,1,1
23872,80,84,-4,4
23873,95,94,1,1
23874,105,112,-7,7
23875,92,91,1,1
23876,97,91,6,6
23877,96,106,-10,10
23878,114,107,7,7
23879,57,59,-2,2
23880,174,159,15,15
23881,98,99,-1,1
23882,96,86,10,10
23883,34,53,-19,19
23884,53,55,-2,2
23885,70,71,-1,1
23886,100,108,-8,8
23887,112,119,-7,7
23888,86,90,-4,4
23889,106,105,1,1
23890,75,79,-4,4
23891,97,114,-17,17
23892,93,99,-6,6
23893,105,83,22,22
23894,108,105,3,3
23895,137,149,-12,12
23896,99,108,-9,9
23897,71,73,-2,2
23898,157,163,-6,6
23899,111,108,3,3
23900,102,92,10,10
23901,144,139,5,5
23902,86,83,3,3
23903,63,77,-14,14
23904,97,88,9,9
23905,30,37,-7,7
23906,77,79,-2,2
23907,111,105,6,6
23908,77,72,5,5
23909,41,43,-2,2
23910,82,87,-5,5
23911,144,136,8,8
23912,117,116,1,1
23913,94,88,6,6
23914,58,58,0,0
23915,101,101,0,0
23916,105,98,7,7
23917,99,109,-10,10
23918,88,84,4,4
23919,69,78,-9,9
23920,67,62,5,5
23921,51,67,-16,16
23922,120,120,0,0
23923,60,64,-4,4
23924,90,86,4,4
23925,81,80,1,1
23926,163,173,-10,10
23927,142,131,11,11
23928,65,69,-4,4
23929,156,155,1,1
23930,52,49,3,3
23931,74,69,5,5
23932,115,114,1,1
23933,126,136,-10,10
23934,48,49,-1,1
23935,129,133,-4,4
23936,160,149,11,11
23937,110,119,-9,9
23938,121,128,-7,7
23939,97,96,1,1
23940,110,136,-26,26
23941,135,132,3,3
23942,153,155,-2,2
23943,103,127,-24,24
23944,103,102,1,1
23945,119,113,6,6
23946,76,84,-8,8
23947,195,203,-8,8
23948,57,61,-4,4
23949,59,72,-13,13
23950,146,146,0,0
23951,91,82,9,9
23952,101,100,1,1
23953,240,206,34,34
23954,88,93,-5,5
23955,83,73,10,10
23956,77,80,-3,3
23957,82,92,-10,10
23958,82,93,-11,11
23959,119,110,9,9
23960,106,101,5,5
23961,101,111,-10,10
23962,78,83,-5,5
23963,82,78,4,4
23964,82,83,-1,1
23965,126,114,12,12
23966,87,100,-13,13
23967,96,94,2,2
23968,68,70,-2,2
23969,100,98,2,2
23970,71,79,-8,8
23971,91,102,-11,11
23972,118,116,2,2
23973,93,99,-6,6
23974,87,89,-2,2
23975,75,82,-7,7
23976,64,65,-1,1
23977,94,90,4,4
23978,45,53,-8,8
23979,97,87,10,10
23980,115,113,2,2
23981,84,79,5,5
23982,139,128,11,11
23983,155,163,-8,8
23984,65,71,-6,6
23985,72,79,-7,7
23986,65,71,-6,6
23987,45,46,-1,1
23988,92,101,-9,9
23989,148,145,3,3
23990,163,144,19,19
23991,80,74,6,6
23992,131,122,9,9
23993,74,78,-4,4
23994,62,66,-4,4
23995,65,59,6,6
23996,110,94,16,16
23997,119,93,26,26
23998,110,109,1,1
23999,89,94,-5,5
24000,104,114,-10,10
24001,110,120,-10,10
24002,83,76,7,7
24003,134,135,-1,1
24004,110,114,-4,4
24005,74,84,-10,10
24006,152,150,2,2
24007,103,103,0,0
24008,47,53,-6,6
24009,104,103,1,1
24010,59,65,-6,6
24011,76,66,10,10
24012,82,86,-4,4
24013,100,104,-4,4
24014,127,128,-1,1
24015,70,67,3,3
24016,71,77,-6,6
24017,83,96,-13,13
24018,80,80,0,0
24019,102,106,-4,4
24020,70,80,-10,10
24021,89,88,1,1
24022,75,76,-1,1
24023,104,102,2,2
24024,84,72,12,12
24025,56,57,-1,1
24026,55,64,-9,9
24027,141,155,-14,14
24028,82,85,-3,3
24029,182,171,11,11
24030,154,155,-1,1
24031,86,88,-2,2
24032,78,78,0,0
24033,91,89,2,2
24034,115,118,-3,3
24035,112,120,-8,8
24036,98,118,-20,20
24037,83,77,6,6
24038,58,62,-4,4
24039,72,71,1,1
24040,46,52,-6,6
24041,54,58,-4,4
24042,99,102,-3,3
24043,100,128,-28,28
24044,114,117,-3,3
24045,56,51,5,5
24046,49,60,-11,11
24047,63,57,6,6
24048,63,63,0,0
24049,72,71,1,1
24050,97,99,-2,2
24051,59,63,-4,4
24052,123,130,-7,7
24053,109,113,-4,4
24054,108,109,-1,1
24055,95,105,-10,10
24056,94,88,6,6
24057,59,64,-5,5
24058,80,85,-5,5
24059,140,138,2,2
24060,102,105,-3,3
24061,65,70,-5,5
24062,117,113,4,4
24063,63,58,5,5
24064,77,85,-8,8
24065,137,103,34,34
24066,114,118,-4,4
24067,78,70,8,8
24068,45,47,-2,2
24069,84,90,-6,6
24070,96,109,-13,13
24071,62,66,-4,4
24072,67,77,-10,10
24073,178,159,19,19
24074,78,86,-8,8
24075,112,114,-2,2
24076,99,84,15,15
24077,94,101,-7,7
24078,86,76,10,10
24079,116,112,4,4
24080,64,63,1,1
24081,51,48,3,3
24082,176,146,30,30
24083,120,109,11,11
24084,121,104,17,17
24085,84,85,-1,1
24086,108,109,-1,1
24087,97,100,-3,3
24088,91,97,-6,6
24089,117,120,-3,3
24090,102,95,7,7
24091,53,51,2,2
24092,82,79,3,3
24093,63,66,-3,3
24094,50,92,-42,42
24095,121,115,6,6
24096,33,47,-14,14
24097,75,74,1,1
24098,98,103,-5,5
24099,95,90,5,5
24100,94,90,4,4
24101,43,48,-5,5
24102,88,103,-15,15
24103,72,75,-3,3
24104,118,113,5,5
24105,76,82,-6,6
24106,58,59,-1,1
24107,104,85,19,19
24108,115,115,0,0
24109,63,62,1,1
24110,105,111,-6,6
24111,59,58,1,1
24112,58,57,1,1
24113,146,139,7,7
24114,82,88,-6,6
24115,114,124,-10,10
24116,95,91,4,4
24117,46,51,-5,5
24118,122,115,7,7
24119,78,81,-3,3
24120,97,93,4,4
24121,111,112,-1,1
24122,161,149,12,12
24123,157,162,-5,5
24124,90,96,-6,6
24125,69,67,2,2
24126,78,76,2,2
24127,111,109,2,2
24128,56,54,2,2
24129,83,71,12,12
24130,186,175,11,11
24131,76,80,-4,4
24132,76,80,-4,4
24133,136,134,2,2
24134,87,87,0,0
24135,87,81,6,6
24136,72,72,0,0
24137,64,74,-10,10
24138,162,161,1,1
24139,59,64,-5,5
24140,77,74,3,3
24141,58,61,-3,3
24142,65,60,5,5
24143,103,98,5,5
24144,74,75,-1,1
24145,83,73,10,10
24146,62,61,1,1
24147,115,105,10,10
24148,88,93,-5,5
24149,79,86,-7,7
24150,102,103,-1,1
24151,76,73,3,3
24152,72,76,-4,4
24153,127,133,-6,6
24154,57,62,-5,5
24155,123,126,-3,3
24156,108,107,1,1
24157,179,163,16,16
24158,56,81,-25,25
24159,129,138,-9,9
24160,76,81,-5,5
24161,160,137,23,23
24162,108,102,6,6
24163,65,67,-2,2
24164,80,76,4,4
24165,68,79,-11,11
24166,125,156,-31,31
24167,55,60,-5,5
24168,101,110,-9,9
24169,102,100,2,2
24170,151,160,-9,9
24171,98,127,-29,29
24172,72,83,-11,11
24173,124,121,3,3
24174,113,108,5,5
24175,84,75,9,9
24176,51,59,-8,8
24177,73,73,0,0
24178,58,52,6,6
24179,103,103,0,0
24180,89,77,12,12
24181,103,112,-9,9
24182,122,123,-1,1
24183,62,66,-4,4
24184,152,139,13,13
24185,49,53,-4,4
24186,76,77,-1,1
24187,107,105,2,2
24188,63,80,-17,17
24189,132,131,1,1
24190,167,109,58,58
24191,105,101,4,4
24192,160,161,-1,1
24193,86,86,0,0
24194,105,101,4,4
24195,88,89,-1,1
24196,102,101,1,1
24197,102,116,-14,14
24198,101,115,-14,14
24199,48,59,-11,11
24200,131,133,-2,2
24201,45,42,3,3
24202,100,103,-3,3
24203,77,76,1,1
24204,131,140,-9,9
24205,106,108,-2,2
24206,115,114,1,1
24207,140,128,12,12
24208,111,120,-9,9
24209,100,107,-7,7
24210,55,60,-5,5
24211,80,77,3,3
24212,98,107,-9,9
24213,61,56,5,5
24214,106,103,3,3
24215,91,97,-6,6
24216,96,92,4,4
24217,88,84,4,4
24218,79,84,-5,5
24219,108,121,-13,13
24220,108,114,-6,6
24221,137,122,15,15
24222,110,111,-1,1
24223,67,69,-2,2
24224,81,78,3,3
24225,74,76,-2,2
24226,95,106,-11,11
24227,36,35,1,1
24228,96,99,-3,3
24229,80,86,-6,6
24230,86,79,7,7
24231,145,157,-12,12
24232,163,165,-2,2
24233,57,56,1,1
24234,91,102,-11,11
24235,100,108,-8,8
24236,55,53,2,2
24237,118,114,4,4
24238,183,182,1,1
24239,79,85,-6,6
24240,82,71,11,11
24241,107,109,-2,2
24242,47,53,-6,6
24243,103,111,-8,8
24244,78,76,2,2
24245,114,118,-4,4
24246,127,122,5,5
24247,65,70,-5,5
24248,149,160,-11,11
24249,72,71,1,1
24250,75,79,-4,4
24251,99,101,-2,2
24252,91,90,1,1
24253,50,62,-12,12
24254,116,114,2,2
24255,150,135,15,15
24256,136,142,-6,6
24257,145,107,38,38
24258,64,72,-8,8
24259,81,81,0,0
24260,76,68,8,8
24261,91,83,8,8
24262,64,62,2,2
24263,52,61,-9,9
24264,85,88,-3,3
24265,93,98,-5,5
24266,80,88,-8,8
24267,84,90,-6,6
24268,71,69,2,2
24269,73,70,3,3
24270,54,63,-9,9
24271,87,81,6,6
24272,88,99,-11,11
24273,50,57,-7,7
24274,122,115,7,7
24275,98,101,-3,3
24276,82,77,5,5
24277,173,164,9,9
24278,78,77,1,1
24279,106,103,3,3
24280,103,115,-12,12
24281,78,77,1,1
24282,57,62,-5,5
24283,125,134,-9,9
24284,103,110,-7,7
24285,100,103,-3,3
24286,78,83,-5,5
24287,122,115,7,7
24288,122,131,-9,9
24289,135,127,8,8
24290,110,97,13,13
24291,174,159,15,15
24292,54,59,-5,5
24293,43,47,-4,4
24294,82,78,4,4
24295,91,85,6,6
24296,104,99,5,5
24297,148,140,8,8
24298,30,36,-6,6
24299,115,112,3,3
24300,122,117,5,5
24301,126,118,8,8
24302,68,76,-8,8
24303,119,101,18,18
24304,124,132,-8,8
24305,81,69,12,12
24306,74,71,3,3
24307,75,77,-2,2
24308,57,66,-9,9
24309,92,72,20,20
24310,79,74,5,5
24311,118,125,-7,7
24312,62,67,-5,5
24313,86,79,7,7
24314,57,51,6,6
24315,93,108,-15,15
24316,111,102,9,9
24317,77,79,-2,2
24318,66,75,-9,9
24319,142,110,32,32
24320,117,106,11,11
24321,48,52,-4,4
24322,195,179,16,16
24323,100,104,-4,4
24324,103,85,18,18
24325,59,72,-13,13
24326,76,75,1,1
24327,108,111,-3,3
24328,127,129,-2,2
24329,91,83,8,8
24330,67,72,-5,5
24331,157,147,10,10
24332,120,131,-11,11
24333,79,80,-1,1
24334,95,100,-5,5
24335,103,107,-4,4
24336,126,122,4,4
24337,73,101,-28,28
24338,53,64,-11,11
24339,126,126,0,0
24340,78,73,5,5
24341,128,127,1,1
24342,51,58,-7,7
24343,76,73,3,3
24344,130,132,-2,2
24345,87,90,-3,3
24346,76,83,-7,7
24347,71,69,2,2
24348,115,117,-2,2
24349,119,120,-1,1
24350,75,73,2,2
24351,75,87,-12,12
24352,93,88,5,5
24353,128,137,-9,9
24354,127,152,-25,25
24355,94,99,-5,5
24356,133,126,7,7
24357,53,46,7,7
24358,146,133,13,13
24359,117,133,-16,16
24360,74,75,-1,1
24361,126,124,2,2
24362,41,50,-9,9
24363,143,144,-1,1
24364,90,89,1,1
24365,73,79,-6,6
24366,156,152,4,4
24367,72,69,3,3
24368,59,58,1,1
24369,27,36,-9,9
24370,93,100,-7,7
24371,87,91,-4,4
24372,44,52,-8,8
24373,182,184,-2,2
24374,90,91,-1,1
24375,170,161,9,9
24376,128,127,1,1
24377,102,97,5,5
24378,99,101,-2,2
24379,106,102,4,4
24380,86,80,6,6
24381,127,114,13,13
24382,99,96,3,3
24383,101,104,-3,3
24384,155,144,11,11
24385,184,162,22,22
24386,98,99,-1,1
24387,95,98,-3,3
24388,108,134,-26,26
24389,103,112,-9,9
24390,147,146,1,1
24391,100,94,6,6
24392,76,99,-23,23
24393,308,257,51,51
24394,71,69,2,2
24395,80,82,-2,2
24396,88,80,8,8
24397,92,105,-13,13
24398,105,112,-7,7
24399,63,72,-9,9
24400,89,88,1,1
24401,77,89,-12,12
24402,94,93,1,1
24403,72,86,-14,14
24404,65,64,1,1
24405,132,118,14,14
24406,90,86,4,4
24407,83,84,-1,1
24408,35,74,-39,39
24409,163,158,5,5
24410,73,76,-3,3
24411,117,118,-1,1
24412,87,84,3,3
24413,70,78,-8,8
24414,189,175,14,14
24415,81,79,2,2
24416,59,57,2,2
24417,110,117,-7,7
24418,103,113,-10,10
24419,89,92,-3,3
24420,90,82,8,8
24421,475,383,92,92
24422,66,62,4,4
24423,97,104,-7,7
24424,89,82,7,7
24425,106,107,-1,1
24426,81,80,1,1
24427,143,145,-2,2
24428,113,112,1,1
24429,83,88,-5,5
24430,276,278,-2,2
24431,88,85,3,3
24432,91,100,-9,9
24433,179,160,19,19
24434,175,132,43,43
24435,86,86,0,0
24436,60,63,-3,3
24437,86,86,0,0
24438,104,100,4,4
24439,144,139,5,5
24440,93,92,1,1
24441,98,101,-3,3
24442,59,68,-9,9
24443,112,147,-35,35
24444,98,113,-15,15
24445,60,62,-2,2
24446,72,69,3,3
24447,42,52,-10,10
24448,57,57,0,0
24449,138,129,9,9
24450,99,99,0,0
24451,134,136,-2,2
24452,96,80,16,16
24453,101,109,-8,8
24454,88,101,-13,13
24455,79,86,-7,7
24456,61,58,3,3
24457,77,66,11,11
24458,119,119,0,0
24459,124,117,7,7
24460,77,83,-6,6
24461,81,81,0,0
24462,70,72,-2,2
24463,120,132,-12,12
24464,90,102,-12,12
24465,88,98,-10,10
24466,49,50,-1,1
24467,70,69,1,1
24468,90,88,2,2
24469,70,67,3,3
24470,119,109,10,10
24471,99,103,-4,4
24472,79,84,-5,5
24473,112,111,1,1
24474,63,70,-7,7
24475,40,51,-11,11
24476,145,138,7,7
24477,82,78,4,4
24478,87,84,3,3
24479,75,68,7,7
24480,71,70,1,1
24481,84,80,4,4
24482,85,79,6,6
24483,101,99,2,2
24484,111,100,11,11
24485,90,93,-3,3
24486,63,64,-1,1
24487,174,178,-4,4
24488,106,104,2,2
24489,64,74,-10,10
24490,33,41,-8,8
24491,100,114,-14,14
24492,185,163,22,22
24493,68,69,-1,1
24494,29,36,-7,7
24495,45,46,-1,1
24496,58,62,-4,4
24497,120,114,6,6
24498,124,116,8,8
24499,70,66,4,4
24500,104,112,-8,8
24501,101,100,1,1
24502,92,91,1,1
24503,81,75,6,6
24504,59,60,-1,1
24505,84,85,-1,1
24506,67,72,-5,5
24507,105,100,5,5
24508,81,83,-2,2
24509,56,59,-3,3
24510,115,119,-4,4
24511,117,112,5,5
24512,95,88,7,7
24513,134,126,8,8
24514,89,92,-3,3
24515,136,137,-1,1
24516,100,103,-3,3
24517,95,110,-15,15
24518,73,78,-5,5
24519,58,69,-11,11
24520,157,146,11,11
24521,77,84,-7,7
24522,54,45,9,9
24523,90,104,-14,14
24524,85,92,-7,7
24525,71,74,-3,3
24526,73,73,0,0
24527,87,90,-3,3
24528,57,61,-4,4
24529,64,68,-4,4
24530,72,71,1,1
24531,184,160,24,24
24532,152,121,31,31
24533,88,89,-1,1
24534,90,87,3,3
24535,96,104,-8,8
24536,117,110,7,7
24537,65,62,3,3
24538,101,94,7,7
24539,130,135,-5,5
24540,189,172,17,17
24541,80,85,-5,5
24542,72,71,1,1
24543,99,107,-8,8
24544,131,126,5,5
24545,120,129,-9,9
24546,64,68,-4,4
24547,59,50,9,9
24548,69,74,-5,5
24549,44,52,-8,8
24550,85,98,-13,13
24551,51,69,-18,18
24552,70,74,-4,4
24553,61,71,-10,10
24554,110,126,-16,16
24555,69,76,-7,7
24556,56,58,-2,2
24557,125,143,-18,18
24558,91,85,6,6
24559,53,64,-11,11
24560,91,98,-7,7
24561,42,46,-4,4
24562,85,87,-2,2
24563,33,37,-4,4
24564,94,82,12,12
24565,143,142,1,1
24566,72,66,6,6
24567,85,86,-1,1
24568,132,135,-3,3
24569,103,101,2,2
24570,131,113,18,18
24571,72,72,0,0
24572,109,114,-5,5
24573,104,106,-2,2
24574,128,123,5,5
24575,147,143,4,4
24576,90,86,4,4
24577,44,50,-6,6
24578,84,87,-3,3
24579,129,135,-6,6
24580,76,92,-16,16
24581,82,98,-16,16
24582,155,134,21,21
24583,141,129,12,12
24584,110,123,-13,13
24585,117,124,-7,7
24586,112,115,-3,3
24587,109,117,-8,8
24588,63,56,7,7
24589,68,70,-2,2
24590,140,132,8,8
24591,42,50,-8,8
24592,97,111,-14,14
24593,73,70,3,3
24594,49,45,4,4
24595,163,141,22,22
24596,116,118,-2,2
24597,98,114,-16,16
24598,97,99,-2,2
24599,76,79,-3,3
24600,84,84,0,0
24601,52,49,3,3
24602,134,130,4,4
24603,62,58,4,4
24604,123,127,-4,4
24605,55,56,-1,1
24606,80,84,-4,4
24607,77,79,-2,2
24608,121,133,-12,12
24609,45,53,-8,8
24610,66,65,1,1
24611,59,51,8,8
24612,45,53,-8,8
24613,63,65,-2,2
24614,65,79,-14,14
24615,95,97,-2,2
24616,84,81,3,3
24617,110,127,-17,17
24618,83,84,-1,1
24619,133,116,17,17
24620,111,109,2,2
24621,69,72,-3,3
24622,43,46,-3,3
24623,97,105,-8,8
24624,78,91,-13,13
24625,75,77,-2,2
24626,130,120,10,10
24627,73,78,-5,5
24628,156,151,5,5
24629,110,99,11,11
24630,132,135,-3,3
24631,108,114,-6,6
24632,97,102,-5,5
24633,139,134,5,5
24634,88,85,3,3
24635,136,124,12,12
24636,115,109,6,6
24637,141,133,8,8
24638,125,122,3,3
24639,114,112,2,2
24640,127,124,3,3
24641,87,90,-3,3
24642,126,127,-1,1
24643,83,98,-15,15
24644,68,65,3,3
24645,100,95,5,5
24646,67,71,-4,4
24647,79,72,7,7
24648,123,117,6,6
24649,49,49,0,0
24650,73,87,-14,14
24651,105,102,3,3
24652,86,84,2,2
24653,78,91,-13,13
24654,97,88,9,9
24655,95,105,-10,10
24656,46,56,-10,10
24657,105,115,-10,10
24658,157,147,10,10
24659,97,112,-15,15
24660,130,122,8,8
24661,114,129,-15,15
24662,56,59,-3,3
24663,37,46,-9,9
24664,133,132,1,1
24665,80,101,-21,21
24666,56,57,-1,1
24667,64,65,-1,1
24668,78,81,-3,3
24669,96,96,0,0
24670,90,87,3,3
24671,126,119,7,7
24672,85,86,-1,1
24673,60,58,2,2
24674,92,88,4,4
24675,105,107,-2,2
24676,92,93,-1,1
24677,85,84,1,1
24678,187,164,23,23
24679,108,121,-13,13
24680,64,61,3,3
24681,99,98,1,1
24682,92,92,0,0
24683,111,113,-2,2
24684,83,74,9,9
24685,92,88,4,4
24686,68,62,6,6
24687,158,138,20,20
24688,54,55,-1,1
24689,86,77,9,9
24690,94,93,1,1
24691,102,102,0,0
24692,55,55,0,0
24693,52,63,-11,11
24694,69,80,-11,11
24695,97,95,2,2
24696,59,67,-8,8
24697,86,84,2,2
24698,104,110,-6,6
24699,119,128,-9,9
24700,124,110,14,14
24701,99,102,-3,3
24702,94,92,2,2
24703,129,132,-3,3
24704,134,120,14,14
24705,58,67,-9,9
24706,131,121,10,10
24707,100,92,8,8
24708,97,89,8,8
24709,75,70,5,5
24710,133,130,3,3
24711,87,84,3,3
24712,76,77,-1,1
24713,55,57,-2,2
24714,167,172,-5,5
24715,108,117,-9,9
24716,64,67,-3,3
24717,56,68,-12,12
24718,49,70,-21,21
24719,55,52,3,3
24720,80,102,-22,22
24721,55,61,-6,6
24722,169,159,10,10
24723,156,152,4,4
24724,102,94,8,8
24725,94,97,-3,3
24726,92,97,-5,5
24727,116,130,-14,14
24728,120,126,-6,6
24729,107,109,-2,2
24730,113,112,1,1
24731,75,80,-5,5
24732,67,62,5,5
24733,98,89,9,9
24734,193,175,18,18
24735,165,162,3,3
24736,92,82,10,10
24737,53,51,2,2
24738,82,98,-16,16
24739,113,123,-10,10
24740,89,94,-5,5
24741,93,85,8,8
24742,94,97,-3,3
24743,87,83,4,4
24744,145,131,14,14
24745,142,135,7,7
24746,115,113,2,2
24747,82,85,-3,3
24748,87,93,-6,6
24749,74,69,5,5
24750,61,71,-10,10
24751,125,122,3,3
24752,74,74,0,0
24753,129,124,5,5
24754,88,81,7,7
24755,93,102,-9,9
24756,83,83,0,0
24757,123,116,7,7
24758,103,102,1,1
24759,136,139,-3,3
24760,88,86,2,2
24761,94,95,-1,1
24762,71,77,-6,6
24763,80,86,-6,6
24764,73,74,-1,1
24765,90,81,9,9
24766,81,82,-1,1
24767,85,93,-8,8
24768,48,58,-10,10
24769,122,134,-12,12
24770,120,114,6,6
24771,100,107,-7,7
24772,123,116,7,7
24773,154,139,15,15
24774,49,63,-14,14
24775,110,95,15,15
24776,90,99,-9,9
24777,103,101,2,2
24778,69,77,-8,8
24779,113,108,5,5
24780,102,104,-2,2
24781,80,111,-31,31
24782,45,50,-5,5
24783,154,149,5,5
24784,116,108,8,8
24785,125,118,7,7
24786,182,163,19,19
24787,68,65,3,3
24788,82,72,10,10
24789,78,80,-2,2
24790,60,75,-15,15
24791,119,112,7,7
24792,76,78,-2,2
24793,102,104,-2,2
24794,94,116,-22,22
24795,76,83,-7,7
24796,52,52,0,0
24797,82,73,9,9
24798,117,120,-3,3
24799,110,106,4,4
24800,165,153,12,12
24801,79,70,9,9
24802,132,129,3,3
24803,118,113,5,5
24804,95,89,6,6
24805,74,78,-4,4
24806,52,64,-12,12
24807,104,111,-7,7
24808,103,130,-27,27
24809,119,119,0,0
24810,99,103,-4,4
24811,141,134,7,7
24812,62,61,1,1
24813,95,102,-7,7
24814,115,113,2,2
24815,97,110,-13,13
24816,46,51,-5,5
24817,122,129,-7,7
24818,121,123,-2,2
24819,102,110,-8,8
24820,148,141,7,7
24821,71,69,2,2
24822,114,109,5,5
24823,126,120,6,6
24824,84,82,2,2
24825,83,81,2,2
24826,101,87,14,14
24827,98,99,-1,1
24828,121,113,8,8
24829,84,98,-14,14
24830,56,67,-11,11
24831,90,77,13,13
24832,85,82,3,3
24833,87,84,3,3
24834,113,116,-3,3
24835,140,138,2,2
24836,116,119,-3,3
24837,120,128,-8,8
24838,82,78,4,4
24839,150,139,11,11
24840,89,86,3,3
24841,72,74,-2,2
24842,106,109,-3,3
24843,66,74,-8,8
24844,67,70,-3,3
24845,78,77,1,1
24846,118,114,4,4
24847,83,100,-17,17
24848,133,137,-4,4
24849,127,127,0,0
24850,178,169,9,9
24851,70,71,-1,1
24852,50,54,-4,4
24853,121,115,6,6
24854,127,123,4,4
24855,62,57,5,5
24856,74,75,-1,1
24857,79,80,-1,1
24858,95,96,-1,1
24859,103,109,-6,6
24860,113,104,9,9
24861,58,74,-16,16
24862,162,125,37,37
24863,43,47,-4,4
24864,73,70,3,3
24865,60,63,-3,3
24866,134,127,7,7
24867,66,70,-4,4
24868,42,60,-18,18
24869,89,86,3,3
24870,82,73,9,9
24871,133,130,3,3
24872,28,37,-9,9
24873,120,110,10,10
24874,60,58,2,2
24875,59,68,-9,9
24876,54,53,1,1
24877,81,88,-7,7
24878,102,104,-2,2
24879,47,53,-6,6
24880,90,74,16,16
24881,123,114,9,9
24882,83,83,0,0
24883,92,110,-18,18
24884,105,104,1,1
24885,108,96,12,12
24886,114,126,-12,12
24887,57,62,-5,5
24888,67,69,-2,2
24889,85,97,-12,12
24890,68,72,-4,4
24891,55,52,3,3
24892,93,89,4,4
24893,61,67,-6,6
24894,61,63,-2,2
24895,87,88,-1,1
24896,85,84,1,1
24897,88,89,-1,1
24898,57,57,0,0
24899,65,68,-3,3
24900,58,62,-4,4
24901,118,117,1,1
24902,94,100,-6,6
24903,164,161,3,3
24904,74,77,-3,3
24905,106,155,-49,49
24906,97,113,-16,16
24907,117,115,2,2
24908,123,122,1,1
24909,72,83,-11,11
24910,73,70,3,3
24911,105,148,-43,43
24912,53,60,-7,7
24913,63,67,-4,4
24914,85,83,2,2
24915,136,146,-10,10
24916,113,104,9,9
24917,92,105,-13,13
24918,97,102,-5,5
24919,95,109,-14,14
24920,106,104,2,2
24921,167,162,5,5
24922,121,132,-11,11
24923,42,43,-1,1
24924,80,86,-6,6
24925,48,57,-9,9
24926,116,115,1,1
24927,117,115,2,2
24928,67,67,0,0
24929,69,71,-2,2
24930,114,105,9,9
24931,134,127,7,7
24932,91,86,5,5
24933,88,83,5,5
24934,130,132,-2,2
24935,187,181,6,6
24936,99,106,-7,7
24937,95,107,-12,12
24938,151,147,4,4
24939,97,101,-4,4
24940,66,67,-1,1
24941,39,45,-6,6
24942,114,118,-4,4
24943,124,118,6,6
24944,109,112,-3,3
24945,92,112,-20,20
24946,50,56,-6,6
24947,139,134,5,5
24948,116,120,-4,4
24949,79,76,3,3
24950,69,85,-16,16
24951,95,103,-8,8
24952,112,117,-5,5
24953,57,69,-12,12
24954,57,62,-5,5
24955,112,121,-9,9
24956,77,81,-4,4
24957,79,85,-6,6
24958,115,111,4,4
24959,52,58,-6,6
24960,121,107,14,14
24961,93,94,-1,1
24962,51,49,2,2
24963,71,71,0,0
24964,126,130,-4,4
24965,149,140,9,9
24966,91,111,-20,20
24967,142,143,-1,1
24968,55,66,-11,11
24969,110,111,-1,1
24970,197,201,-4,4
24971,85,82,3,3
24972,115,114,1,1
24973,111,104,7,7
24974,136,125,11,11
24975,57,63,-6,6
24976,100,88,12,12
24977,121,110,11,11
24978,105,101,4,4
24979,145,154,-9,9
24980,93,91,2,2
24981,104,109,-5,5
24982,104,100,4,4
24983,89,86,3,3
24984,82,80,2,2
24985,137,125,12,12
24986,112,104,8,8
24987,99,91,8,8
24988,94,99,-5,5
24989,140,131,9,9
24990,75,81,-6,6
24991,114,118,-4,4
24992,71,70,1,1
24993,155,136,19,19
24994,71,72,-1,1
24995,61,62,-1,1
24996,84,99,-15,15
24997,75,72,3,3
24998,128,141,-13,13
24999,247,239,8,8
25000,101,109,-8,8
25001,113,104,9,9
25002,116,115,1,1
25003,112,112,0,0
25004,83,86,-3,3
25005,52,57,-5,5
25006,73,60,13,13
25007,43,55,-12,12
25008,96,100,-4,4
25009,49,60,-11,11
25010,57,65,-8,8
25011,104,125,-21,21
25012,86,89,-3,3
25013,66,69,-3,3
25014,69,82,-13,13
25015,92,99,-7,7
25016,120,123,-3,3
25017,124,129,-5,5
25018,109,104,5,5
25019,90,104,-14,14
25020,88,88,0,0
25021,60,61,-1,1
25022,100,108,-8,8
25023,171,204,-33,33
25024,55,60,-5,5
25025,143,142,1,1
25026,104,103,1,1
25027,120,123,-3,3
25028,132,129,3,3
25029,142,145,-3,3
25030,68,68,0,0
25031,74,72,2,2
25032,107,106,1,1
25033,82,80,2,2
25034,48,52,-4,4
25035,83,77,6,6
25036,66,67,-1,1
25037,90,90,0,0
25038,114,120,-6,6
25039,123,108,15,15
25040,140,129,11,11
25041,71,65,6,6
25042,112,107,5,5
25043,175,182,-7,7
25044,148,134,14,14
25045,87,81,6,6
25046,156,155,1,1
25047,44,47,-3,3
25048,105,107,-2,2
25049,120,127,-7,7
25050,65,67,-2,2
25051,120,122,-2,2
25052,69,69,0,0
25053,91,104,-13,13
25054,135,118,17,17
25055,133,136,-3,3
25056,81,85,-4,4
25057,74,67,7,7
25058,144,146,-2,2
25059,146,143,3,3
25060,95,82,13,13
25061,223,190,33,33
25062,126,109,17,17
25063,49,52,-3,3
25064,102,103,-1,1
25065,116,113,3,3
25066,60,61,-1,1
25067,154,148,6,6
25068,134,117,17,17
25069,100,103,-3,3
25070,76,70,6,6
25071,74,74,0,0
25072,77,70,7,7
25073,88,93,-5,5
25074,76,86,-10,10
25075,81,82,-1,1
25076,165,160,5,5
25077,108,110,-2,2
25078,53,27,26,26
25079,59,65,-6,6
25080,85,106,-21,21
25081,98,98,0,0
25082,58,60,-2,2
25083,105,108,-3,3
25084,148,140,8,8
25085,159,139,20,20
25086,163,165,-2,2
25087,102,100,2,2
25088,71,92,-21,21
25089,156,151,5,5
25090,97,98,-1,1
25091,97,92,5,5
25092,72,71,1,1
25093,83,111,-28,28
25094,81,65,16,16
25095,103,99,4,4
25096,95,99,-4,4
25097,82,92,-10,10
25098,121,118,3,3
25099,78,84,-6,6
25100,98,97,1,1
25101,145,147,-2,2
25102,122,120,2,2
25103,123,114,9,9
25104,76,71,5,5
25105,195,177,18,18
25106,48,43,5,5
25107,59,74,-15,15
25108,73,75,-2,2
25109,73,77,-4,4
25110,63,58,5,5
25111,178,155,23,23
25112,69,68,1,1
25113,96,99,-3,3
25114,67,68,-1,1
25115,46,50,-4,4
25116,88,91,-3,3
25117,47,55,-8,8
25118,45,53,-8,8
25119,47,46,1,1
25120,123,118,5,5
25121,124,122,2,2
25122,167,160,7,7
25123,136,125,11,11
25124,72,77,-5,5
25125,109,109,0,0
25126,74,75,-1,1
25127,80,77,3,3
25128,126,125,1,1
25129,119,114,5,5
25130,60,64,-4,4
25131,98,101,-3,3
25132,128,115,13,13
25133,96,90,6,6
25134,109,108,1,1
25135,135,130,5,5
25136,86,79,7,7
25137,125,123,2,2
25138,71,78,-7,7
25139,137,134,3,3
25140,86,92,-6,6
25141,150,156,-6,6
25142,83,90,-7,7
25143,57,57,0,0
25144,87,88,-1,1
25145,58,70,-12,12
25146,74,81,-7,7
25147,168,147,21,21
25148,145,135,10,10
25149,65,67,-2,2
25150,76,80,-4,4
25151,114,114,0,0
25152,151,156,-5,5
25153,146,160,-14,14
25154,65,69,-4,4
25155,77,98,-21,21
25156,165,149,16,16
25157,89,111,-22,22
25158,107,102,5,5
25159,96,117,-21,21
25160,115,118,-3,3
25161,74,70,4,4
25162,160,157,3,3
25163,82,85,-3,3
25164,80,75,5,5
25165,94,102,-8,8
25166,97,100,-3,3
25167,48,67,-19,19
25168,79,69,10,10
25169,16,38,-22,22
25170,100,102,-2,2
25171,51,69,-18,18
25172,86,85,1,1
25173,108,112,-4,4
25174,46,45,1,1
25175,55,57,-2,2
25176,112,124,-12,12
25177,84,84,0,0
25178,100,102,-2,2
25179,150,137,13,13
25180,138,135,3,3
25181,92,90,2,2
25182,66,68,-2,2
25183,103,103,0,0
25184,96,99,-3,3
25185,148,152,-4,4
25186,81,80,1,1
25187,45,69,-24,24
25188,126,121,5,5
25189,168,161,7,7
25190,76,79,-3,3
25191,134,143,-9,9
25192,83,85,-2,2
25193,118,113,5,5
25194,117,110,7,7
25195,100,110,-10,10
25196,96,103,-7,7
25197,122,118,4,4
25198,76,82,-6,6
25199,96,109,-13,13
25200,103,99,4,4
25201,70,74,-4,4
25202,209,186,23,23
25203,75,78,-3,3
25204,54,71,-17,17
25205,111,111,0,0
25206,70,68,2,2
25207,100,106,-6,6
25208,108,102,6,6
25209,56,64,-8,8
25210,172,181,-9,9
25211,67,70,-3,3
25212,118,106,12,12
25213,47,53,-6,6
25214,69,69,0,0
25215,85,91,-6,6
25216,63,57,6,6
25217,267,233,34,34
25218,101,101,0,0
25219,126,118,8,8
25220,99,102,-3,3
25221,124,130,-6,6
25222,145,133,12,12
25223,83,78,5,5
25224,96,86,10,10
25225,149,172,-23,23
25226,65,67,-2,2
25227,83,77,6,6
25228,51,56,-5,5
25229,73,86,-13,13
25230,164,147,17,17
25231,76,81,-5,5
25232,86,84,2,2
25233,128,117,11,11
25234,126,114,12,12
25235,75,76,-1,1
25236,85,86,-1,1
25237,59,57,2,2
25238,80,73,7,7
25239,115,111,4,4
25240,96,97,-1,1
25241,57,62,-5,5
25242,78,75,3,3
25243,92,87,5,5
25244,114,115,-1,1
25245,97,89,8,8
25246,67,63,4,4
25247,68,95,-27,27
25248,88,87,1,1
25249,58,63,-5,5
25250,86,94,-8,8
25251,81,81,0,0
25252,80,84,-4,4
25253,107,113,-6,6
25254,65,66,-1,1
25255,77,75,2,2
25256,30,45,-15,15
25257,81,80,1,1
25258,91,105,-14,14
25259,62,72,-10,10
25260,78,89,-11,11
25261,103,101,2,2
25262,113,110,3,3
25263,121,119,2,2
25264,75,74,1,1
25265,113,115,-2,2
25266,52,60,-8,8
25267,93,104,-11,11
25268,51,65,-14,14
25269,128,117,11,11
25270,86,76,10,10
25271,107,110,-3,3
25272,105,106,-1,1
25273,195,189,6,6
25274,64,61,3,3
25275,56,69,-13,13
25276,38,94,-56,56
25277,111,134,-23,23
25278,72,74,-2,2
25279,103,106,-3,3
25280,93,89,4,4
25281,90,100,-10,10
25282,64,71,-7,7
25283,142,133,9,9
25284,96,99,-3,3
25285,85,87,-2,2
25286,99,101,-2,2
25287,52,55,-3,3
25288,117,135,-18,18
25289,76,77,-1,1
25290,80,78,2,2
25291,99,90,9,9
25292,103,100,3,3
25293,60,68,-8,8
25294,96,101,-5,5
25295,112,113,-1,1
25296,77,72,5,5
25297,126,115,11,11
25298,125,126,-1,1
25299,132,137,-5,5
25300,79,87,-8,8
25301,106,109,-3,3
25302,35,44,-9,9
25303,85,77,8,8
25304,63,63,0,0
25305,65,71,-6,6
25306,23,53,-30,30
25307,73,75,-2,2
25308,103,108,-5,5
25309,79,78,1,1
25310,81,86,-5,5
25311,54,50,4,4
25312,77,80,-3,3
25313,90,88,2,2
25314,92,98,-6,6
25315,54,60,-6,6
25316,101,107,-6,6
25317,102,91,11,11
25318,77,81,-4,4
25319,113,126,-13,13
25320,166,155,11,11
25321,74,77,-3,3
25322,116,120,-4,4
25323,127,138,-11,11
25324,89,87,2,2
25325,101,101,0,0
25326,103,111,-8,8
25327,127,126,1,1
25328,83,77,6,6
25329,123,127,-4,4
25330,118,123,-5,5
25331,160,157,3,3
25332,79,79,0,0
25333,76,71,5,5
25334,51,49,2,2
25335,110,118,-8,8
25336,112,129,-17,17
25337,73,71,2,2
25338,90,85,5,5
25339,87,89,-2,2
25340,97,100,-3,3
25341,51,53,-2,2
25342,175,170,5,5
25343,51,58,-7,7
25344,96,98,-2,2
25345,96,83,13,13
25346,87,90,-3,3
25347,98,97,1,1
25348,195,182,13,13
25349,74,72,2,2
25350,111,104,7,7
25351,62,62,0,0
25352,62,70,-8,8
25353,50,52,-2,2
25354,77,77,0,0
25355,68,62,6,6
25356,72,78,-6,6
25357,82,76,6,6
25358,69,72,-3,3
25359,133,133,0,0
25360,57,64,-7,7
25361,87,103,-16,16
25362,86,83,3,3
25363,53,82,-29,29
25364,111,134,-23,23
25365,85,99,-14,14
25366,68,71,-3,3
25367,82,90,-8,8
25368,125,114,11,11
25369,127,119,8,8
25370,46,85,-39,39
25371,125,132,-7,7
25372,133,125,8,8
25373,84,91,-7,7
25374,70,68,2,2
25375,130,117,13,13
25376,86,85,1,1
25377,161,155,6,6
25378,100,124,-24,24
25379,107,110,-3,3
25380,89,91,-2,2
25381,62,51,11,11
25382,75,77,-2,2
25383,82,83,-1,1
25384,104,111,-7,7
25385,83,98,-15,15
25386,109,106,3,3
25387,57,47,10,10
25388,125,125,0,0
25389,87,76,11,11
25390,201,170,31,31
25391,75,79,-4,4
25392,80,82,-2,2
25393,143,161,-18,18
25394,120,120,0,0
25395,146,145,1,1
25396,70,68,2,2
25397,93,94,-1,1
25398,110,113,-3,3
25399,43,52,-9,9
25400,97,92,5,5
25401,70,63,7,7
25402,85,84,1,1
25403,91,101,-10,10
25404,85,90,-5,5
25405,120,116,4,4
25406,70,72,-2,2
25407,61,70,-9,9
25408,67,69,-2,2
25409,156,151,5,5
25410,45,43,2,2
25411,121,130,-9,9
25412,93,107,-14,14
25413,111,119,-8,8
25414,72,79,-7,7
25415,44,46,-2,2
25416,140,147,-7,7
25417,52,57,-5,5
25418,70,71,-1,1
25419,117,119,-2,2
25420,60,51,9,9
25421,73,87,-14,14
25422,107,104,3,3
25423,90,98,-8,8
25424,59,68,-9,9
25425,102,106,-4,4
25426,73,76,-3,3
25427,86,90,-4,4
25428,58,62,-4,4
25429,66,67,-1,1
25430,62,100,-38,38
25431,130,127,3,3
25432,121,106,15,15
25433,114,108,6,6
25434,128,130,-2,2
25435,106,111,-5,5
25436,94,87,7,7
25437,139,139,0,0
25438,57,57,0,0
25439,62,78,-16,16
25440,59,66,-7,7
25441,134,121,13,13
25442,88,86,2,2
25443,67,71,-4,4
25444,91,96,-5,5
25445,79,74,5,5
25446,99,104,-5,5
25447,135,150,-15,15
25448,118,122,-4,4
25449,97,100,-3,3
25450,96,87,9,9
25451,81,80,1,1
25452,93,101,-8,8
25453,108,112,-4,4
25454,69,69,0,0
25455,106,113,-7,7
25456,80,86,-6,6
25457,108,110,-2,2
25458,95,87,8,8
25459,41,42,-1,1
25460,97,98,-1,1
25461,161,137,24,24
25462,96,99,-3,3
25463,86,92,-6,6
25464,123,111,12,12
25465,84,77,7,7
25466,81,86,-5,5
25467,99,100,-1,1
25468,108,101,7,7
25469,57,66,-9,9
25470,82,88,-6,6
25471,117,144,-27,27
25472,78,88,-10,10
25473,206,199,7,7
25474,70,71,-1,1
25475,66,72,-6,6
25476,132,120,12,12
25477,73,71,2,2
25478,53,60,-7,7
25479,47,54,-7,7
25480,73,84,-11,11
25481,72,76,-4,4
25482,96,90,6,6
25483,182,178,4,4
25484,80,76,4,4
25485,98,92,6,6
25486,103,108,-5,5
25487,182,183,-1,1
25488,136,144,-8,8
25489,101,104,-3,3
25490,81,77,4,4
25491,161,148,13,13
25492,83,90,-7,7
25493,57,70,-13,13
25494,119,110,9,9
25495,103,100,3,3
25496,143,132,11,11
25497,61,102,-41,41
25498,117,113,4,4
25499,113,115,-2,2
25500,94,101,-7,7
25501,70,73,-3,3
25502,116,122,-6,6
25503,102,91,11,11
25504,154,148,6,6
25505,91,85,6,6
25506,105,111,-6,6
25507,114,124,-10,10
25508,160,163,-3,3
25509,94,96,-2,2
25510,151,135,16,16
25511,170,162,8,8
25512,76,70,6,6
25513,74,71,3,3
25514,101,105,-4,4
25515,62,62,0,0
25516,84,84,0,0
25517,109,113,-4,4
25518,106,104,2,2
25519,119,110,9,9
25520,89,98,-9,9
25521,53,56,-3,3
25522,37,37,0,0
25523,97,97,0,0
25524,91,85,6,6
25525,94,88,6,6
25526,111,100,11,11
25527,203,199,4,4
25528,71,68,3,3
25529,63,68,-5,5
25530,55,63,-8,8
25531,87,82,5,5
25532,125,139,-14,14
25533,101,106,-5,5
25534,98,86,12,12
25535,116,123,-7,7
25536,79,84,-5,5
25537,206,196,10,10
25538,102,109,-7,7
25539,153,147,6,6
25540,86,91,-5,5
25541,60,58,2,2
25542,95,112,-17,17
25543,156,146,10,10
25544,90,83,7,7
25545,131,126,5,5
25546,107,103,4,4
25547,56,61,-5,5
25548,96,100,-4,4
25549,67,75,-8,8
25550,66,66,0,0
25551,116,119,-3,3
25552,97,103,-6,6
25553,132,126,6,6
25554,87,94,-7,7
25555,94,101,-7,7
25556,50,52,-2,2
25557,104,98,6,6
25558,179,185,-6,6
25559,121,106,15,15
25560,54,60,-6,6
25561,86,76,10,10
25562,29,32,-3,3
25563,109,111,-2,2
25564,81,88,-7,7
25565,75,82,-7,7
25566,179,163,16,16
25567,59,52,7,7
25568,122,115,7,7
25569,209,190,19,19
25570,53,58,-5,5
25571,79,71,8,8
25572,97,98,-1,1
25573,99,107,-8,8
25574,50,51,-1,1
25575,81,87,-6,6
25576,77,71,6,6
25577,179,168,11,11
25578,100,109,-9,9
25579,57,66,-9,9
25580,88,91,-3,3
25581,47,52,-5,5
25582,92,97,-5,5
25583,94,86,8,8
25584,49,68,-19,19
25585,155,135,20,20
25586,93,102,-9,9
25587,160,146,14,14
25588,34,37,-3,3
25589,109,104,5,5
25590,112,110,2,2
25591,65,64,1,1
25592,76,72,4,4
25593,82,91,-9,9
25594,97,82,15,15
25595,72,77,-5,5
25596,95,102,-7,7
25597,59,66,-7,7
25598,52,54,-2,2
25599,81,73,8,8
25600,87,81,6,6
25601,129,124,5,5
25602,57,70,-13,13
25603,54,59,-5,5
25604,122,108,14,14
25605,90,87,3,3
25606,136,133,3,3
25607,55,53,2,2
25608,69,78,-9,9
25609,118,114,4,4
25610,103,105,-2,2
25611,70,71,-1,1
25612,43,50,-7,7
25613,66,68,-2,2
25614,140,144,-4,4
25615,89,96,-7,7
25616,147,119,28,28
25617,112,113,-1,1
25618,78,68,10,10
25619,40,48,-8,8
25620,55,58,-3,3
25621,77,76,1,1
25622,80,97,-17,17
25623,71,74,-3,3
25624,82,84,-2,2
25625,82,87,-5,5
25626,93,104,-11,11
25627,68,70,-2,2
25628,96,87,9,9
25629,116,112,4,4
25630,53,70,-17,17
25631,87,82,5,5
25632,116,118,-2,2
25633,102,99,3,3
25634,89,84,5,5
25635,121,118,3,3
25636,92,92,0,0
25637,29,52,-23,23
25638,98,88,10,10
25639,70,62,8,8
25640,127,118,9,9
25641,208,194,14,14
25642,85,81,4,4
25643,84,89,-5,5
25644,92,99,-7,7
25645,118,134,-16,16
25646,66,72,-6,6
25647,79,81,-2,2
25648,167,152,15,15
25649,174,172,2,2
25650,92,91,1,1
25651,90,101,-11,11
25652,103,102,1,1
25653,85,87,-2,2
25654,43,47,-4,4
25655,144,141,3,3
25656,66,64,2,2
25657,33,51,-18,18
25658,50,59,-9,9
25659,68,69,-1,1
25660,152,162,-10,10
25661,102,100,2,2
25662,45,47,-2,2
25663,67,67,0,0
25664,59,64,-5,5
25665,92,103,-11,11
25666,138,137,1,1
25667,152,147,5,5
25668,79,74,5,5
25669,122,125,-3,3
25670,122,119,3,3
25671,59,67,-8,8
25672,164,148,16,16
25673,93,147,-54,54
25674,86,97,-11,11
25675,133,126,7,7
25676,95,111,-16,16
25677,86,98,-12,12
25678,76,73,3,3
25679,152,148,4,4
25680,99,87,12,12
25681,62,63,-1,1
25682,92,100,-8,8
25683,105,101,4,4
25684,95,88,7,7
25685,103,79,24,24
25686,64,71,-7,7
25687,113,128,-15,15
25688,139,143,-4,4
25689,116,111,5,5
25690,109,123,-14,14
25691,110,114,-4,4
25692,102,103,-1,1
25693,108,117,-9,9
25694,83,72,11,11
25695,151,148,3,3
25696,84,95,-11,11
25697,109,103,6,6
25698,136,129,7,7
25699,109,106,3,3
25700,136,116,20,20
25701,109,107,2,2
25702,68,72,-4,4
25703,76,72,4,4
25704,81,82,-1,1
25705,102,103,-1,1
25706,139,135,4,4
25707,86,86,0,0
25708,105,100,5,5
25709,58,67,-9,9
25710,35,46,-11,11
25711,49,58,-9,9
25712,82,80,2,2
25713,70,78,-8,8
25714,79,80,-1,1
25715,66,60,6,6
25716,122,120,2,2
25717,77,72,5,5
25718,120,116,4,4
25719,155,138,17,17
25720,123,125,-2,2
25721,74,82,-8,8
25722,88,87,1,1
25723,143,140,3,3
25724,88,79,9,9
25725,57,62,-5,5
25726,130,127,3,3
25727,81,90,-9,9
25728,83,90,-7,7
25729,173,149,24,24
25730,66,71,-5,5
25731,91,98,-7,7
25732,70,71,-1,1
25733,73,65,8,8
25734,72,78,-6,6
25735,73,73,0,0
25736,109,123,-14,14
25737,106,62,44,44
25738,72,70,2,2
25739,80,88,-8,8
25740,188,172,16,16
25741,112,112,0,0
25742,116,114,2,2
25743,115,108,7,7
25744,97,100,-3,3
25745,171,170,1,1
25746,96,105,-9,9
25747,97,91,6,6
25748,60,66,-6,6
25749,119,106,13,13
25750,144,140,4,4
25751,64,66,-2,2
25752,55,60,-5,5
25753,92,92,0,0
25754,92,87,5,5
25755,133,139,-6,6
25756,62,64,-2,2
25757,143,139,4,4
25758,92,101,-9,9
25759,95,118,-23,23
25760,43,43,0,0
25761,110,110,0,0
25762,94,84,10,10
25763,68,70,-2,2
25764,81,79,2,2
25765,150,135,15,15
25766,129,127,2,2
25767,133,124,9,9
25768,105,104,1,1
25769,66,85,-19,19
25770,91,98,-7,7
25771,90,77,13,13
25772,117,101,16,16
25773,140,133,7,7
25774,165,161,4,4
25775,95,100,-5,5
25776,85,81,4,4
25777,158,148,10,10
25778,138,144,-6,6
25779,96,101,-5,5
25780,122,121,1,1
25781,65,61,4,4
25782,63,67,-4,4
25783,111,112,-1,1
25784,80,99,-19,19
25785,79,81,-2,2
25786,100,89,11,11
25787,81,87,-6,6
25788,92,88,4,4
25789,75,91,-16,16
25790,82,85,-3,3
25791,79,89,-10,10
25792,57,65,-8,8
25793,148,121,27,27
25794,79,79,0,0
25795,122,119,3,3
25796,82,85,-3,3
25797,61,67,-6,6
25798,38,45,-7,7
25799,94,106,-12,12
25800,101,87,14,14
25801,89,84,5,5
25802,68,66,2,2
25803,47,55,-8,8
25804,90,87,3,3
25805,60,63,-3,3
25806,114,111,3,3
25807,80,90,-10,10
25808,127,115,12,12
25809,102,113,-11,11
25810,69,67,2,2
25811,53,68,-15,15
25812,59,65,-6,6
25813,95,101,-6,6
25814,64,66,-2,2
25815,144,150,-6,6
25816,71,58,13,13
25817,100,107,-7,7
25818,116,118,-2,2
25819,104,104,0,0
25820,177,186,-9,9
25821,108,108,0,0
25822,132,124,8,8
25823,118,110,8,8
25824,135,151,-16,16
25825,115,115,0,0
25826,73,75,-2,2
25827,133,123,10,10
25828,95,97,-2,2
25829,80,82,-2,2
25830,48,71,-23,23
25831,158,153,5,5
25832,73,79,-6,6
25833,94,87,7,7
25834,74,102,-28,28
25835,154,156,-2,2
25836,127,130,-3,3
25837,73,72,1,1
25838,89,84,5,5
25839,61,66,-5,5
25840,87,80,7,7
25841,65,83,-18,18
25842,81,85,-4,4
25843,99,102,-3,3
25844,83,88,-5,5
25845,90,93,-3,3
25846,82,81,1,1
25847,115,109,6,6
25848,137,142,-5,5
25849,78,79,-1,1
25850,94,85,9,9
25851,101,105,-4,4
25852,96,93,3,3
25853,77,75,2,2
25854,112,106,6,6
25855,138,140,-2,2
25856,98,98,0,0
25857,91,92,-1,1
25858,143,136,7,7
25859,153,152,1,1
25860,40,47,-7,7
25861,69,68,1,1
25862,67,67,0,0
25863,43,53,-10,10
25864,104,108,-4,4
25865,117,111,6,6
25866,84,79,5,5
25867,84,93,-9,9
25868,74,71,3,3
25869,75,72,3,3
25870,147,153,-6,6
25871,94,102,-8,8
25872,92,89,3,3
25873,71,76,-5,5
25874,84,82,2,2
25875,78,101,-23,23
25876,83,80,3,3
25877,84,92,-8,8
25878,42,57,-15,15
25879,149,151,-2,2
25880,95,103,-8,8
25881,132,121,11,11
25882,83,91,-8,8
25883,131,136,-5,5
25884,62,68,-6,6
25885,87,90,-3,3
25886,91,86,5,5
25887,155,167,-12,12
25888,73,83,-10,10
25889,98,104,-6,6
25890,72,69,3,3
25891,75,83,-8,8
25892,147,143,4,4
25893,54,63,-9,9
25894,128,122,6,6
25895,98,102,-4,4
25896,111,112,-1,1
25897,81,85,-4,4
25898,87,79,8,8
25899,28,65,-37,37
25900,123,122,1,1
25901,82,78,4,4
25902,82,74,8,8
25903,113,109,4,4
25904,121,135,-14,14
25905,124,124,0,0
25906,85,80,5,5
25907,82,85,-3,3
25908,107,111,-4,4
25909,113,114,-1,1
25910,74,84,-10,10
25911,97,90,7,7
25912,56,63,-7,7
25913,89,87,2,2
25914,132,127,5,5
25915,134,130,4,4
25916,93,99,-6,6
25917,128,139,-11,11
25918,121,126,-5,5
25919,132,140,-8,8
25920,114,117,-3,3
25921,93,89,4,4
25922,132,128,4,4
25923,139,122,17,17
25924,59,64,-5,5
25925,185,166,19,19
25926,47,55,-8,8
25927,68,69,-1,1
25928,122,132,-10,10
25929,130,137,-7,7
25930,98,103,-5,5
25931,42,46,-4,4
25932,125,126,-1,1
25933,56,61,-5,5
25934,129,128,1,1
25935,60,82,-22,22
25936,51,56,-5,5
25937,78,82,-4,4
25938,62,71,-9,9
25939,80,98,-18,18
25940,39,51,-12,12
25941,120,121,-1,1
25942,100,97,3,3
25943,112,125,-13,13
25944,85,82,3,3
25945,118,115,3,3
25946,124,131,-7,7
25947,56,59,-3,3
25948,97,101,-4,4
25949,83,95,-12,12
25950,91,94,-3,3
25951,68,70,-2,2
25952,108,113,-5,5
25953,87,89,-2,2
25954,57,61,-4,4
25955,70,66,4,4
25956,87,88,-1,1
25957,111,105,6,6
25958,79,83,-4,4
25959,117,107,10,10
25960,95,103,-8,8
25961,139,133,6,6
25962,52,52,0,0
25963,47,106,-59,59
25964,104,105,-1,1
25965,89,82,7,7
25966,86,98,-12,12
25967,90,86,4,4
25968,113,111,2,2
25969,89,89,0,0
25970,94,103,-9,9
25971,134,133,1,1
25972,63,61,2,2
25973,102,103,-1,1
25974,146,135,11,11
25975,140,141,-1,1
25976,73,75,-2,2
25977,127,126,1,1
25978,47,58,-11,11
25979,90,109,-19,19
25980,77,78,-1,1
25981,136,129,7,7
25982,121,123,-2,2
25983,82,79,3,3
25984,114,127,-13,13
25985,114,111,3,3
25986,80,78,2,2
25987,82,77,5,5
25988,79,78,1,1
25989,107,114,-7,7
25990,113,100,13,13
25991,114,111,3,3
25992,52,61,-9,9
25993,67,69,-2,2
25994,74,78,-4,4
25995,113,116,-3,3
25996,77,74,3,3
25997,125,134,-9,9
25998,60,58,2,2
25999,78,80,-2,2
26000,94,99,-5,5
26001,102,102,0,0
26002,115,110,5,5
26003,114,111,3,3
26004,115,122,-7,7
26005,109,108,1,1
26006,107,115,-8,8
26007,80,80,0,0
26008,111,107,4,4
26009,36,58,-22,22
26010,78,78,0,0
26011,87,82,5,5
26012,74,75,-1,1
26013,70,77,-7,7
26014,64,65,-1,1
26015,51,54,-3,3
26016,97,103,-6,6
26017,106,104,2,2
26018,150,150,0,0
26019,105,99,6,6
26020,80,83,-3,3
26021,81,82,-1,1
26022,78,82,-4,4
26023,103,111,-8,8
26024,68,72,-4,4
26025,69,71,-2,2
26026,100,119,-19,19
26027,100,82,18,18
26028,171,162,9,9
26029,102,99,3,3
26030,98,87,11,11
26031,81,87,-6,6
26032,86,79,7,7
26033,47,55,-8,8
26034,83,87,-4,4
26035,139,138,1,1
26036,71,76,-5,5
26037,142,140,2,2
26038,65,64,1,1
26039,68,68,0,0
26040,63,66,-3,3
26041,105,96,9,9
26042,53,59,-6,6
26043,126,120,6,6
26044,137,138,-1,1
26045,64,63,1,1
26046,126,137,-11,11
26047,117,112,5,5
26048,65,92,-27,27
26049,133,138,-5,5
26050,64,62,2,2
26051,96,90,6,6
26052,92,92,0,0
26053,99,107,-8,8
26054,148,147,1,1
26055,54,59,-5,5
26056,99,81,18,18
26057,89,101,-12,12
26058,63,62,1,1
26059,90,88,2,2
26060,71,83,-12,12
26061,82,75,7,7
26062,89,88,1,1
26063,58,62,-4,4
26064,88,96,-8,8
26065,91,99,-8,8
26066,29,35,-6,6
26067,63,75,-12,12
26068,73,75,-2,2
26069,68,62,6,6
26070,76,83,-7,7
26071,73,65,8,8
26072,152,139,13,13
26073,113,102,11,11
26074,57,54,3,3
26075,81,79,2,2
26076,102,112,-10,10
26077,87,115,-28,28
26078,106,110,-4,4
26079,83,88,-5,5
26080,164,154,10,10
26081,122,102,20,20
26082,68,75,-7,7
26083,79,76,3,3
26084,57,60,-3,3
26085,116,123,-7,7
26086,57,64,-7,7
26087,105,98,7,7
26088,95,88,7,7
26089,164,162,2,2
26090,159,165,-6,6
26091,92,82,10,10
26092,100,114,-14,14
26093,64,60,4,4
26094,121,162,-41,41
26095,157,145,12,12
26096,116,115,1,1
26097,46,52,-6,6
26098,106,103,3,3
26099,67,75,-8,8
26100,83,87,-4,4
26101,66,64,2,2
26102,105,113,-8,8
26103,166,170,-4,4
26104,109,98,11,11
26105,75,73,2,2
26106,86,84,2,2
26107,91,84,7,7
26108,76,74,2,2
26109,149,157,-8,8
26110,102,100,2,2
26111,76,78,-2,2
26112,64,63,1,1
26113,108,106,2,2
26114,99,101,-2,2
26115,104,107,-3,3
26116,136,142,-6,6
26117,72,88,-16,16
26118,92,82,10,10
26119,70,71,-1,1
26120,69,71,-2,2
26121,154,148,6,6
26122,129,126,3,3
26123,102,100,2,2
26124,107,107,0,0
26125,107,109,-2,2
26126,75,70,5,5
26127,108,104,4,4
26128,96,91,5,5
26129,80,84,-4,4
26130,73,75,-2,2
26131,129,129,0,0
26132,57,59,-2,2
26133,92,91,1,1
26134,70,82,-12,12
26135,61,69,-8,8
26136,52,67,-15,15
26137,145,139,6,6
26138,74,78,-4,4
26139,75,73,2,2
26140,134,135,-1,1
26141,105,111,-6,6
26142,108,98,10,10
26143,98,101,-3,3
26144,96,87,9,9
26145,135,134,1,1
26146,103,106,-3,3
26147,84,83,1,1
26148,132,124,8,8
26149,114,103,11,11
26150,87,82,5,5
26151,55,62,-7,7
26152,65,59,6,6
26153,48,53,-5,5
26154,64,66,-2,2
26155,113,101,12,12
26156,137,128,9,9
26157,124,126,-2,2
26158,47,49,-2,2
26159,103,100,3,3
26160,136,132,4,4
26161,80,79,1,1
26162,65,95,-30,30
26163,117,109,8,8
26164,113,121,-8,8
26165,71,64,7,7
26166,132,142,-10,10
26167,102,87,15,15
26168,191,182,9,9
26169,127,120,7,7
26170,102,104,-2,2
26171,104,101,3,3
26172,113,113,0,0
26173,74,89,-15,15
26174,143,143,0,0
26175,73,67,6,6
26176,143,140,3,3
26177,120,113,7,7
26178,95,98,-3,3
26179,84,87,-3,3
26180,146,140,6,6
26181,70,69,1,1
26182,125,109,16,16
26183,79,79,0,0
26184,77,83,-6,6
26185,69,68,1,1
26186,100,101,-1,1
26187,190,173,17,17
26188,90,93,-3,3
26189,67,85,-18,18
26190,179,171,8,8
26191,68,79,-11,11
26192,79,93,-14,14
26193,149,134,15,15
26194,87,68,19,19
26195,58,83,-25,25
26196,176,185,-9,9
26197,67,68,-1,1
26198,76,79,-3,3
26199,127,124,3,3
26200,73,69,4,4
26201,68,71,-3,3
26202,70,71,-1,1
26203,101,94,7,7
26204,122,131,-9,9
26205,95,90,5,5
26206,90,91,-1,1
26207,85,93,-8,8
26208,138,134,4,4
26209,115,118,-3,3
26210,122,118,4,4
26211,59,59,0,0
26212,51,53,-2,2
26213,106,104,2,2
26214,110,115,-5,5
26215,111,115,-4,4
26216,62,81,-19,19
26217,93,81,12,12
26218,46,48,-2,2
26219,107,111,-4,4
26220,144,131,13,13
26221,92,83,9,9
26222,92,92,0,0
26223,95,108,-13,13
26224,154,149,5,5
26225,54,56,-2,2
26226,102,104,-2,2
26227,61,67,-6,6
26228,109,117,-8,8
26229,155,131,24,24
26230,83,72,11,11
26231,79,79,0,0
26232,102,103,-1,1
26233,133,120,13,13
26234,134,139,-5,5
26235,81,81,0,0
26236,151,147,4,4
26237,46,51,-5,5
26238,97,100,-3,3
26239,62,62,0,0
26240,114,115,-1,1
26241,83,90,-7,7
26242,114,112,2,2
26243,87,100,-13,13
26244,110,101,9,9
26245,232,233,-1,1
26246,35,43,-8,8
26247,96,91,5,5
26248,87,98,-11,11
26249,52,57,-5,5
26250,89,85,4,4
26251,84,77,7,7
26252,84,85,-1,1
26253,151,148,3,3
26254,51,57,-6,6
26255,112,105,7,7
26256,189,179,10,10
26257,68,67,1,1
26258,77,74,3,3
26259,62,65,-3,3
26260,112,116,-4,4
26261,95,97,-2,2
26262,81,86,-5,5
26263,108,100,8,8
26264,96,92,4,4
26265,58,60,-2,2
26266,84,83,1,1
26267,116,108,8,8
26268,97,103,-6,6
26269,92,93,-1,1
26270,101,114,-13,13
26271,56,54,2,2
26272,74,80,-6,6
26273,115,109,6,6
26274,74,80,-6,6
26275,58,57,1,1
26276,129,131,-2,2
26277,91,94,-3,3
26278,59,55,4,4
26279,52,53,-1,1
26280,73,78,-5,5
26281,69,61,8,8
26282,119,101,18,18
26283,126,118,8,8
26284,114,99,15,15
26285,100,109,-9,9
26286,86,89,-3,3
26287,116,132,-16,16
26288,72,70,2,2
26289,61,64,-3,3
26290,83,73,10,10
26291,94,99,-5,5
26292,90,98,-8,8
26293,93,102,-9,9
26294,31,33,-2,2
26295,163,156,7,7
26296,99,96,3,3
26297,46,54,-8,8
26298,55,54,1,1
26299,75,80,-5,5
26300,72,75,-3,3
26301,107,100,7,7
26302,89,97,-8,8
26303,66,54,12,12
26304,67,73,-6,6
26305,145,146,-1,1
26306,151,146,5,5
26307,153,134,19,19
26308,56,52,4,4
26309,97,104,-7,7
26310,162,157,5,5
26311,90,90,0,0
26312,106,103,3,3
26313,27,33,-6,6
26314,93,82,11,11
26315,105,105,0,0
26316,123,136,-13,13
26317,61,70,-9,9
26318,64,61,3,3
26319,109,114,-5,5
26320,153,150,3,3
26321,81,79,2,2
26322,167,150,17,17
26323,100,99,1,1
26324,40,58,-18,18
26325,84,92,-8,8
26326,126,125,1,1
26327,69,73,-4,4
26328,54,47,7,7
26329,41,44,-3,3
26330,86,93,-7,7
26331,71,65,6,6
26332,97,99,-2,2
26333,131,132,-1,1
26334,42,44,-2,2
26335,102,105,-3,3
26336,83,87,-4,4
26337,187,173,14,14
26338,180,178,2,2
26339,73,74,-1,1
26340,108,133,-25,25
26341,57,61,-4,4
26342,121,122,-1,1
26343,88,92,-4,4
26344,105,104,1,1
26345,80,89,-9,9
26346,86,99,-13,13
26347,124,122,2,2
26348,117,113,4,4
26349,112,112,0,0
26350,66,64,2,2
26351,94,106,-12,12
26352,107,111,-4,4
26353,45,51,-6,6
26354,121,121,0,0
26355,82,78,4,4
26356,69,71,-2,2
26357,160,148,12,12
26358,119,111,8,8
26359,58,60,-2,2
26360,100,94,6,6
26361,72,74,-2,2
26362,67,69,-2,2
26363,66,67,-1,1
26364,119,116,3,3
26365,138,146,-8,8
26366,65,61,4,4
26367,105,113,-8,8
26368,36,49,-13,13
26369,69,73,-4,4
26370,78,75,3,3
26371,131,120,11,11
26372,109,118,-9,9
26373,75,72,3,3
26374,63,58,5,5
26375,53,64,-11,11
26376,105,110,-5,5
26377,64,72,-8,8
26378,70,76,-6,6
26379,26,39,-13,13
26380,181,172,9,9
26381,66,69,-3,3
26382,130,142,-12,12
26383,122,122,0,0
26384,94,88,6,6
26385,124,128,-4,4
26386,70,74,-4,4
26387,114,117,-3,3
26388,93,87,6,6
26389,106,114,-8,8
26390,96,100,-4,4
26391,90,100,-10,10
26392,118,121,-3,3
26393,63,87,-24,24
26394,79,84,-5,5
26395,43,50,-7,7
26396,112,117,-5,5
26397,45,56,-11,11
26398,114,122,-8,8
26399,107,102,5,5
26400,83,81,2,2
26401,40,51,-11,11
26402,98,103,-5,5
26403,115,116,-1,1
26404,92,100,-8,8
26405,131,135,-4,4
26406,106,90,16,16
26407,99,99,0,0
26408,67,69,-2,2
26409,171,163,8,8
26410,128,112,16,16
26411,88,83,5,5
26412,56,63,-7,7
26413,113,109,4,4
26414,62,51,11,11
26415,81,72,9,9
26416,83,86,-3,3
26417,113,108,5,5
26418,100,107,-7,7
26419,91,89,2,2
26420,79,86,-7,7
26421,156,150,6,6
26422,113,116,-3,3
26423,67,81,-14,14
26424,129,123,6,6
26425,89,97,-8,8
26426,66,68,-2,2
26427,102,112,-10,10
26428,131,128,3,3
26429,111,109,2,2
26430,47,49,-2,2
26431,37,49,-12,12
26432,92,98,-6,6
26433,91,89,2,2
26434,101,102,-1,1
26435,43,54,-11,11
26436,78,72,6,6
26437,102,104,-2,2
26438,92,92,0,0
26439,96,108,-12,12
26440,109,110,-1,1
26441,98,101,-3,3
26442,131,122,9,9
26443,104,114,-10,10
26444,96,122,-26,26
26445,98,100,-2,2
26446,66,69,-3,3
26447,75,77,-2,2
26448,70,72,-2,2
26449,49,53,-4,4
26450,110,102,8,8
26451,128,114,14,14
26452,50,52,-2,2
26453,85,87,-2,2
26454,59,57,2,2
26455,41,52,-11,11
26456,71,72,-1,1
26457,117,112,5,5
26458,91,92,-1,1
26459,64,66,-2,2
26460,118,119,-1,1
26461,43,50,-7,7
26462,134,135,-1,1
26463,101,98,3,3
26464,109,98,11,11
26465,114,125,-11,11
26466,118,126,-8,8
26467,70,79,-9,9
26468,102,102,0,0
26469,157,160,-3,3
26470,308,265,43,43
26471,104,118,-14,14
26472,106,92,14,14
26473,74,71,3,3
26474,148,139,9,9
26475,106,105,1,1
26476,74,76,-2,2
26477,118,117,1,1
26478,114,116,-2,2
26479,60,60,0,0
26480,135,123,12,12
26481,60,63,-3,3
26482,62,63,-1,1
26483,120,127,-7,7
26484,150,165,-15,15
26485,112,104,8,8
26486,87,86,1,1
26487,100,103,-3,3
26488,52,60,-8,8
26489,82,84,-2,2
26490,136,142,-6,6
26491,65,69,-4,4
26492,104,98,6,6
26493,134,130,4,4
26494,104,90,14,14
26495,119,122,-3,3
26496,119,120,-1,1
26497,60,73,-13,13
26498,155,156,-1,1
26499,129,132,-3,3
26500,46,53,-7,7
26501,58,62,-4,4
26502,73,65,8,8
26503,114,107,7,7
26504,85,93,-8,8
26505,77,75,2,2
26506,89,85,4,4
26507,186,171,15,15
26508,74,71,3,3
26509,80,69,11,11
26510,108,111,-3,3
26511,112,88,24,24
26512,38,43,-5,5
26513,61,58,3,3
26514,109,104,5,5
26515,46,41,5,5
26516,139,128,11,11
26517,85,88,-3,3
26518,97,89,8,8
26519,60,73,-13,13
26520,36,44,-8,8
26521,89,104,-15,15
26522,147,143,4,4
26523,94,87,7,7
26524,88,81,7,7
26525,120,113,7,7
26526,75,86,-11,11
26527,95,99,-4,4
26528,90,84,6,6
26529,46,54,-8,8
26530,49,58,-9,9
26531,145,141,4,4
26532,93,83,10,10
26533,48,48,0,0
26534,93,98,-5,5
26535,76,67,9,9
26536,51,50,1,1
26537,102,101,1,1
26538,86,87,-1,1
26539,88,83,5,5
26540,97,106,-9,9
26541,139,130,9,9
26542,163,157,6,6
26543,91,102,-11,11
26544,139,127,12,12
26545,56,68,-12,12
26546,56,70,-14,14
26547,84,82,2,2
26548,85,88,-3,3
26549,55,61,-6,6
26550,82,81,1,1
26551,90,85,5,5
26552,102,92,10,10
26553,46,51,-5,5
26554,151,149,2,2
26555,90,84,6,6
26556,78,114,-36,36
26557,70,66,4,4
26558,126,118,8,8
26559,114,118,-4,4
26560,135,120,15,15
26561,209,191,18,18
26562,163,155,8,8
26563,62,63,-1,1
26564,79,94,-15,15
26565,90,88,2,2
26566,126,119,7,7
26567,161,147,14,14
26568,119,114,5,5
26569,65,80,-15,15
26570,75,106,-31,31
26571,94,85,9,9
26572,57,56,1,1
26573,60,60,0,0
26574,62,64,-2,2
26575,61,66,-5,5
26576,174,166,8,8
26577,65,68,-3,3
26578,122,122,0,0
26579,103,122,-19,19
26580,66,69,-3,3
26581,110,103,7,7
26582,59,62,-3,3
26583,120,113,7,7
26584,101,103,-2,2
26585,94,91,3,3
26586,125,123,2,2
26587,76,74,2,2
26588,66,75,-9,9
26589,85,97,-12,12
26590,101,106,-5,5
26591,79,79,0,0
26592,179,178,1,1
26593,73,82,-9,9
26594,97,101,-4,4
26595,40,60,-20,20
26596,75,72,3,3
26597,157,156,1,1
26598,77,80,-3,3
26599,108,116,-8,8
26600,129,121,8,8
26601,100,101,-1,1
26602,76,91,-15,15
26603,40,46,-6,6
26604,72,77,-5,5
26605,81,78,3,3
26606,122,114,8,8
26607,77,71,6,6
26608,162,155,7,7
26609,52,56,-4,4
26610,86,81,5,5
26611,61,56,5,5
26612,139,129,10,10
26613,122,118,4,4
26614,129,133,-4,4
26615,64,65,-1,1
26616,53,57,-4,4
26617,163,150,13,13
26618,76,91,-15,15
26619,47,52,-5,5
26620,57,61,-4,4
26621,142,137,5,5
26622,89,79,10,10
26623,100,106,-6,6
26624,126,135,-9,9
26625,149,140,9,9
26626,102,98,4,4
26627,51,58,-7,7
26628,131,113,18,18
26629,113,113,0,0
26630,128,121,7,7
26631,84,77,7,7
26632,88,85,3,3
26633,96,97,-1,1
26634,131,116,15,15
26635,142,145,-3,3
26636,139,136,3,3
26637,62,67,-5,5
26638,162,169,-7,7
26639,100,102,-2,2
26640,94,93,1,1
26641,118,113,5,5
26642,140,126,14,14
26643,105,105,0,0
26644,54,64,-10,10
26645,80,82,-2,2
26646,54,54,0,0
26647,82,88,-6,6
26648,78,78,0,0
26649,81,81,0,0
26650,55,55,0,0
26651,142,148,-6,6
26652,152,141,11,11
26653,121,118,3,3
26654,109,108,1,1
26655,80,89,-9,9
26656,73,75,-2,2
26657,154,124,30,30
26658,122,123,-1,1
26659,85,85,0,0
26660,65,68,-3,3
26661,127,120,7,7
26662,44,45,-1,1
26663,90,99,-9,9
26664,115,115,0,0
26665,124,124,0,0
26666,148,152,-4,4
26667,49,50,-1,1
26668,77,77,0,0
26669,173,168,5,5
26670,68,75,-7,7
26671,149,151,-2,2
26672,73,75,-2,2
26673,54,55,-1,1
26674,90,84,6,6
26675,73,73,0,0
26676,74,79,-5,5
26677,49,50,-1,1
26678,79,73,6,6
26679,117,123,-6,6
26680,57,67,-10,10
26681,123,114,9,9
26682,94,97,-3,3
26683,124,107,17,17
26684,74,79,-5,5
26685,63,65,-2,2
26686,116,110,6,6
26687,93,86,7,7
26688,115,122,-7,7
26689,64,67,-3,3
26690,117,125,-8,8
26691,74,79,-5,5
26692,49,49,0,0
26693,72,67,5,5
26694,86,87,-1,1
26695,52,57,-5,5
26696,87,85,2,2
26697,152,153,-1,1
26698,61,67,-6,6
26699,67,72,-5,5
26700,64,72,-8,8
26701,100,102,-2,2
26702,135,120,15,15
26703,120,122,-2,2
26704,124,114,10,10
26705,105,112,-7,7
26706,144,148,-4,4
26707,100,107,-7,7
26708,80,83,-3,3
26709,73,88,-15,15
26710,82,84,-2,2
26711,76,72,4,4
26712,115,118,-3,3
26713,106,110,-4,4
26714,125,128,-3,3
26715,86,81,5,5
26716,94,92,2,2
26717,80,85,-5,5
26718,145,131,14,14
26719,122,117,5,5
26720,122,123,-1,1
26721,115,113,2,2
26722,66,69,-3,3
26723,85,80,5,5
26724,95,103,-8,8
26725,110,101,9,9
26726,49,61,-12,12
26727,80,92,-12,12
26728,101,99,2,2
26729,77,76,1,1
26730,89,101,-12,12
26731,130,120,10,10
26732,106,119,-13,13
26733,56,54,2,2
26734,68,65,3,3
26735,152,145,7,7
26736,113,115,-2,2
26737,98,104,-6,6
26738,125,119,6,6
26739,71,72,-1,1
26740,123,112,11,11
26741,97,81,16,16
26742,77,81,-4,4
26743,56,62,-6,6
26744,127,124,3,3
26745,49,61,-12,12
26746,115,110,5,5
26747,61,64,-3,3
26748,97,98,-1,1
26749,101,105,-4,4
26750,77,83,-6,6
26751,117,127,-10,10
26752,90,103,-13,13
26753,120,116,4,4
26754,80,84,-4,4
26755,71,70,1,1
26756,54,57,-3,3
26757,80,85,-5,5
26758,110,111,-1,1
26759,71,89,-18,18
26760,82,87,-5,5
26761,68,80,-12,12
26762,78,89,-11,11
26763,69,68,1,1
26764,87,91,-4,4
26765,94,86,8,8
26766,137,132,5,5
26767,57,61,-4,4
26768,56,55,1,1
26769,57,69,-12,12
26770,62,60,2,2
26771,63,71,-8,8
26772,165,159,6,6
26773,115,110,5,5
26774,133,130,3,3
26775,94,83,11,11
26776,107,112,-5,5
26777,106,103,3,3
26778,112,118,-6,6
26779,93,93,0,0
26780,55,62,-7,7
26781,85,86,-1,1
26782,41,44,-3,3
26783,120,112,8,8
26784,99,102,-3,3
26785,83,75,8,8
26786,84,86,-2,2
26787,110,108,2,2
26788,124,134,-10,10
26789,122,116,6,6
26790,38,45,-7,7
26791,120,113,7,7
26792,97,101,-4,4
26793,61,66,-5,5
26794,113,119,-6,6
26795,74,69,5,5
26796,79,77,2,2
26797,125,107,18,18
26798,81,79,2,2
26799,125,120,5,5
26800,123,124,-1,1
26801,90,95,-5,5
26802,48,57,-9,9
26803,55,59,-4,4
26804,62,72,-10,10
26805,64,77,-13,13
26806,91,99,-8,8
26807,145,147,-2,2
26808,86,83,3,3
26809,66,73,-7,7
26810,116,123,-7,7
26811,76,77,-1,1
26812,88,99,-11,11
26813,103,111,-8,8
26814,97,107,-10,10
26815,138,131,7,7
26816,75,78,-3,3
26817,92,85,7,7
26818,149,150,-1,1
26819,60,63,-3,3
26820,108,112,-4,4
26821,30,39,-9,9
26822,89,86,3,3
26823,49,60,-11,11
26824,97,91,6,6
26825,128,117,11,11
26826,96,99,-3,3
26827,96,92,4,4
26828,63,57,6,6
26829,76,75,1,1
26830,106,110,-4,4
26831,79,88,-9,9
26832,127,117,10,10
26833,45,50,-5,5
26834,105,117,-12,12
26835,90,88,2,2
26836,43,48,-5,5
26837,235,161,74,74
26838,50,60,-10,10
26839,111,105,6,6
26840,69,71,-2,2
26841,52,137,-85,85
26842,105,107,-2,2
26843,49,51,-2,2
26844,66,72,-6,6
26845,64,66,-2,2
26846,75,69,6,6
26847,70,70,0,0
26848,96,89,7,7
26849,86,90,-4,4
26850,109,107,2,2
26851,357,181,176,176
26852,74,74,0,0
26853,96,104,-8,8
26854,101,107,-6,6
26855,86,89,-3,3
26856,97,89,8,8
26857,47,47,0,0
26858,76,86,-10,10
26859,139,132,7,7
26860,127,128,-1,1
26861,119,112,7,7
26862,133,129,4,4
26863,190,192,-2,2
26864,119,113,6,6
26865,96,98,-2,2
26866,31,35,-4,4
26867,94,111,-17,17
26868,112,125,-13,13
26869,104,104,0,0
26870,162,150,12,12
26871,128,123,5,5
26872,142,145,-3,3
26873,107,77,30,30
26874,120,109,11,11
26875,57,62,-5,5
26876,157,148,9,9
26877,94,98,-4,4
26878,109,120,-11,11
26879,58,67,-9,9
26880,108,98,10,10
26881,88,86,2,2
26882,123,129,-6,6
26883,85,85,0,0
26884,136,138,-2,2
26885,72,76,-4,4
26886,77,76,1,1
26887,59,58,1,1
26888,154,141,13,13
26889,63,79,-16,16
26890,40,47,-7,7
26891,142,151,-9,9
26892,160,152,8,8
26893,68,63,5,5
26894,91,80,11,11
26895,77,84,-7,7
26896,135,134,1,1
26897,134,199,-65,65
26898,172,171,1,1
26899,131,160,-29,29
26900,86,95,-9,9
26901,67,73,-6,6
26902,55,57,-2,2
26903,148,143,5,5
26904,66,72,-6,6
26905,120,106,14,14
26906,83,81,2,2
26907,101,101,0,0
26908,83,75,8,8
26909,106,130,-24,24
26910,99,103,-4,4
26911,67,70,-3,3
26912,130,129,1,1
26913,79,81,-2,2
26914,43,51,-8,8
26915,146,135,11,11
26916,57,60,-3,3
26917,100,112,-12,12
26918,139,122,17,17
26919,114,101,13,13
26920,61,62,-1,1
26921,77,93,-16,16
26922,102,114,-12,12
26923,104,99,5,5
26924,145,143,2,2
26925,81,88,-7,7
26926,87,97,-10,10
26927,135,141,-6,6
26928,117,118,-1,1
26929,82,75,7,7
26930,118,120,-2,2
26931,106,115,-9,9
26932,123,124,-1,1
26933,109,111,-2,2
26934,66,67,-1,1
26935,86,86,0,0
26936,104,110,-6,6
26937,61,75,-14,14
26938,59,86,-27,27
26939,68,72,-4,4
26940,68,73,-5,5
26941,63,69,-6,6
26942,85,81,4,4
26943,135,138,-3,3
26944,117,125,-8,8
26945,134,125,9,9
26946,104,108,-4,4
26947,73,76,-3,3
26948,79,79,0,0
26949,137,132,5,5
26950,106,97,9,9
26951,80,70,10,10
26952,175,165,10,10
26953,96,105,-9,9
26954,137,127,10,10
26955,119,115,4,4
26956,118,114,4,4
26957,135,132,3,3
26958,127,107,20,20
26959,103,108,-5,5
26960,87,89,-2,2
26961,90,69,21,21
26962,50,56,-6,6
26963,68,71,-3,3
26964,75,76,-1,1
26965,150,155,-5,5
26966,107,100,7,7
26967,122,122,0,0
26968,48,46,2,2
26969,141,144,-3,3
26970,96,98,-2,2
26971,93,98,-5,5
26972,85,81,4,4
26973,55,58,-3,3
26974,51,55,-4,4
26975,99,100,-1,1
26976,52,60,-8,8
26977,79,71,8,8
26978,110,111,-1,1
26979,121,117,4,4
26980,37,36,1,1
26981,92,94,-2,2
26982,66,58,8,8
26983,148,125,23,23
26984,83,82,1,1
26985,175,168,7,7
26986,88,80,8,8
26987,110,107,3,3
26988,79,85,-6,6
26989,64,58,6,6
26990,124,114,10,10
26991,129,123,6,6
26992,91,89,2,2
26993,59,58,1,1
26994,49,64,-15,15
26995,132,131,1,1
26996,76,114,-38,38
26997,110,104,6,6
26998,61,63,-2,2
26999,90,90,0,0
27000,126,126,0,0
27001,98,101,-3,3
27002,59,59,0,0
27003,93,100,-7,7
27004,76,66,10,10
27005,75,69,6,6
27006,85,90,-5,5
27007,149,138,11,11
27008,89,87,2,2
27009,112,112,0,0
27010,88,82,6,6
27011,65,63,2,2
27012,86,86,0,0
27013,64,59,5,5
27014,81,92,-11,11
27015,86,89,-3,3
27016,70,69,1,1
27017,150,131,19,19
27018,102,97,5,5
27019,92,83,9,9
27020,47,54,-7,7
27021,92,101,-9,9
27022,108,106,2,2
27023,85,88,-3,3
27024,127,124,3,3
27025,114,113,1,1
27026,89,80,9,9
27027,98,104,-6,6
27028,47,47,0,0
27029,95,106,-11,11
27030,174,180,-6,6
27031,74,75,-1,1
27032,214,209,5,5
27033,35,43,-8,8
27034,202,203,-1,1
27035,83,79,4,4
27036,125,117,8,8
27037,109,99,10,10
27038,54,63,-9,9
27039,56,62,-6,6
27040,71,75,-4,4
27041,81,82,-1,1
27042,78,76,2,2
27043,61,59,2,2
27044,77,73,4,4
27045,114,110,4,4
27046,59,66,-7,7
27047,116,125,-9,9
27048,49,64,-15,15
27049,66,82,-16,16
27050,91,79,12,12
27051,98,100,-2,2
27052,73,76,-3,3
27053,78,79,-1,1
27054,105,112,-7,7
27055,112,109,3,3
27056,84,88,-4,4
27057,78,68,10,10
27058,112,121,-9,9
27059,178,154,24,24
27060,134,138,-4,4
27061,93,88,5,5
27062,99,102,-3,3
27063,67,70,-3,3
27064,76,80,-4,4
27065,80,76,4,4
27066,74,70,4,4
27067,83,84,-1,1
27068,99,112,-13,13
27069,70,62,8,8
27070,64,71,-7,7
27071,128,123,5,5
27072,93,83,10,10
27073,65,63,2,2
27074,40,47,-7,7
27075,133,128,5,5
27076,97,102,-5,5
27077,89,98,-9,9
27078,73,72,1,1
27079,102,91,11,11
27080,62,63,-1,1
27081,91,98,-7,7
27082,147,139,8,8
27083,70,67,3,3
27084,71,70,1,1
27085,86,86,0,0
27086,62,67,-5,5
27087,104,89,15,15
27088,72,69,3,3
27089,52,53,-1,1
27090,38,47,-9,9
27091,67,73,-6,6
27092,196,187,9,9
27093,47,46,1,1
27094,51,57,-6,6
27095,88,86,2,2
27096,96,98,-2,2
27097,42,47,-5,5
27098,101,106,-5,5
27099,105,101,4,4
27100,70,70,0,0
27101,87,103,-16,16
27102,120,124,-4,4
27103,71,71,0,0
27104,118,114,4,4
27105,71,84,-13,13
27106,101,112,-11,11
27107,80,76,4,4
27108,107,102,5,5
27109,87,81,6,6
27110,60,65,-5,5
27111,56,54,2,2
27112,79,83,-4,4
27113,148,144,4,4
27114,75,75,0,0
27115,53,56,-3,3
27116,88,86,2,2
27117,104,128,-24,24
27118,77,71,6,6
27119,53,53,0,0
27120,114,117,-3,3
27121,74,72,2,2
27122,73,83,-10,10
27123,127,121,6,6
27124,81,78,3,3
27125,127,131,-4,4
27126,139,128,11,11
27127,78,78,0,0
27128,79,78,1,1
27129,115,110,5,5
27130,125,116,9,9
27131,141,140,1,1
27132,127,111,16,16
27133,105,105,0,0
27134,57,64,-7,7
27135,99,106,-7,7
27136,91,88,3,3
27137,98,87,11,11
27138,114,129,-15,15
27139,74,75,-1,1
27140,143,126,17,17
27141,68,73,-5,5
27142,159,149,10,10
27143,69,67,2,2
27144,72,66,6,6
27145,48,56,-8,8
27146,110,113,-3,3
27147,86,85,1,1
27148,72,75,-3,3
27149,80,75,5,5
27150,70,76,-6,6
27151,37,47,-10,10
27152,79,79,0,0
27153,53,48,5,5
27154,82,84,-2,2
27155,55,61,-6,6
27156,72,83,-11,11
27157,104,105,-1,1
27158,81,83,-2,2
27159,131,138,-7,7
27160,110,121,-11,11
27161,70,74,-4,4
27162,96,105,-9,9
27163,56,68,-12,12
27164,76,79,-3,3
27165,87,89,-2,2
27166,100,92,8,8
27167,51,57,-6,6
27168,67,68,-1,1
27169,50,56,-6,6
27170,72,86,-14,14
27171,69,69,0,0
27172,96,102,-6,6
27173,90,84,6,6
27174,84,87,-3,3
27175,136,141,-5,5
27176,83,81,2,2
27177,93,100,-7,7
27178,130,150,-20,20
27179,111,113,-2,2
27180,107,119,-12,12
27181,112,121,-9,9
27182,27,30,-3,3
27183,156,143,13,13
27184,102,92,10,10
27185,122,123,-1,1
27186,114,107,7,7
27187,39,43,-4,4
27188,137,133,4,4
27189,86,85,1,1
27190,83,78,5,5
27191,148,145,3,3
27192,108,111,-3,3
27193,102,100,2,2
27194,95,100,-5,5
27195,52,62,-10,10
27196,78,83,-5,5
27197,99,102,-3,3
27198,124,129,-5,5
27199,94,107,-13,13
27200,120,124,-4,4
27201,102,104,-2,2
27202,128,130,-2,2
27203,64,58,6,6
27204,78,77,1,1
27205,65,75,-10,10
27206,128,133,-5,5
27207,88,77,11,11
27208,63,70,-7,7
27209,86,98,-12,12
27210,102,104,-2,2
27211,120,101,19,19
27212,95,105,-10,10
27213,83,79,4,4
27214,96,108,-12,12
27215,75,79,-4,4
27216,50,53,-3,3
27217,69,68,1,1
27218,118,109,9,9
27219,103,111,-8,8
27220,88,94,-6,6
27221,83,86,-3,3
27222,113,109,4,4
27223,89,83,6,6
27224,92,89,3,3
27225,96,104,-8,8
27226,97,122,-25,25
27227,57,57,0,0
27228,70,73,-3,3
27229,79,86,-7,7
27230,81,81,0,0
27231,106,104,2,2
27232,178,168,10,10
27233,141,140,1,1
27234,97,98,-1,1
27235,152,156,-4,4
27236,82,79,3,3
27237,62,59,3,3
27238,69,76,-7,7
27239,145,141,4,4
27240,80,79,1,1
27241,124,123,1,1
27242,128,131,-3,3
27243,147,138,9,9
27244,181,186,-5,5
27245,92,98,-6,6
27246,48,51,-3,3
27247,144,142,2,2
27248,54,64,-10,10
27249,116,109,7,7
27250,106,103,3,3
27251,72,69,3,3
27252,139,132,7,7
27253,153,155,-2,2
27254,105,99,6,6
27255,152,142,10,10
27256,137,124,13,13
27257,123,128,-5,5
27258,49,58,-9,9
27259,80,77,3,3
27260,63,49,14,14
27261,35,64,-29,29
27262,53,59,-6,6
27263,80,84,-4,4
27264,56,50,6,6
27265,143,149,-6,6
27266,160,153,7,7
27267,98,99,-1,1
27268,98,93,5,5
27269,83,89,-6,6
27270,117,129,-12,12
27271,143,143,0,0
27272,91,99,-8,8
27273,60,69,-9,9
27274,106,102,4,4
27275,33,41,-8,8
27276,65,65,0,0
27277,79,77,2,2
27278,47,50,-3,3
27279,78,77,1,1
27280,108,113,-5,5
27281,59,65,-6,6
27282,75,81,-6,6
27283,130,132,-2,2
27284,75,85,-10,10
27285,89,90,-1,1
27286,85,81,4,4
27287,127,122,5,5
27288,71,81,-10,10
27289,103,103,0,0
27290,40,45,-5,5
27291,57,72,-15,15
27292,142,137,5,5
27293,61,74,-13,13
27294,77,73,4,4
27295,95,103,-8,8
27296,90,74,16,16
27297,101,107,-6,6
27298,64,61,3,3
27299,154,131,23,23
27300,90,88,2,2
27301,103,106,-3,3
27302,134,130,4,4
27303,96,81,15,15
27304,48,49,-1,1
27305,88,83,5,5
27306,126,125,1,1
27307,80,75,5,5
27308,66,67,-1,1
27309,43,44,-1,1
27310,71,68,3,3
27311,102,100,2,2
27312,78,75,3,3
27313,99,102,-3,3
27314,110,111,-1,1
27315,105,108,-3,3
27316,103,114,-11,11
27317,103,105,-2,2
27318,62,86,-24,24
27319,92,99,-7,7
27320,68,77,-9,9
27321,94,100,-6,6
27322,97,102,-5,5
27323,50,63,-13,13
27324,46,62,-16,16
27325,76,70,6,6
27326,127,107,20,20
27327,55,57,-2,2
27328,62,60,2,2
27329,114,117,-3,3
27330,70,66,4,4
27331,110,112,-2,2
27332,115,117,-2,2
27333,102,98,4,4
27334,105,115,-10,10
27335,99,97,2,2
27336,122,121,1,1
27337,69,75,-6,6
27338,69,64,5,5
27339,79,79,0,0
27340,67,72,-5,5
27341,76,68,8,8
27342,54,55,-1,1
27343,96,93,3,3
27344,90,91,-1,1
27345,73,69,4,4
27346,76,78,-2,2
27347,48,55,-7,7
27348,104,113,-9,9
27349,64,67,-3,3
27350,76,76,0,0
27351,106,105,1,1
27352,58,62,-4,4
27353,118,122,-4,4
27354,78,82,-4,4
27355,119,119,0,0
27356,64,68,-4,4
27357,144,116,28,28
27358,112,103,9,9
27359,60,60,0,0
27360,58,84,-26,26
27361,148,165,-17,17
27362,70,68,2,2
27363,193,177,16,16
27364,90,95,-5,5
27365,50,57,-7,7
27366,94,89,5,5
27367,114,108,6,6
27368,57,61,-4,4
27369,72,86,-14,14
27370,97,84,13,13
27371,121,116,5,5
27372,96,97,-1,1
27373,78,86,-8,8
27374,124,133,-9,9
27375,156,155,1,1
27376,103,99,4,4
27377,117,120,-3,3
27378,75,64,11,11
27379,101,107,-6,6
27380,45,42,3,3
27381,60,62,-2,2
27382,124,128,-4,4
27383,129,127,2,2
27384,90,92,-2,2
27385,79,88,-9,9
27386,64,67,-3,3
27387,87,99,-12,12
27388,138,137,1,1
27389,106,110,-4,4
27390,96,101,-5,5
27391,124,124,0,0
27392,78,75,3,3
27393,99,94,5,5
27394,208,174,34,34
27395,111,110,1,1
27396,107,103,4,4
27397,92,85,7,7
27398,87,78,9,9
27399,108,121,-13,13
27400,70,59,11,11
27401,115,118,-3,3
27402,86,91,-5,5
27403,86,81,5,5
27404,165,165,0,0
27405,59,101,-42,42
27406,111,119,-8,8
27407,196,176,20,20
27408,99,100,-1,1
27409,121,95,26,26
27410,57,55,2,2
27411,78,75,3,3
27412,98,103,-5,5
27413,90,80,10,10
27414,89,91,-2,2
27415,97,92,5,5
27416,77,76,1,1
27417,78,77,1,1
27418,95,111,-16,16
27419,98,100,-2,2
27420,126,119,7,7
27421,107,113,-6,6
27422,83,83,0,0
27423,129,134,-5,5
27424,93,98,-5,5
27425,210,183,27,27
27426,112,115,-3,3
27427,51,55,-4,4
27428,93,85,8,8
27429,61,72,-11,11
27430,76,85,-9,9
27431,107,110,-3,3
27432,115,101,14,14
27433,106,110,-4,4
27434,77,79,-2,2
27435,102,108,-6,6
27436,54,62,-8,8
27437,81,74,7,7
27438,64,75,-11,11
27439,134,132,2,2
27440,124,118,6,6
27441,49,59,-10,10
27442,90,102,-12,12
27443,72,65,7,7
27444,76,77,-1,1
27445,114,107,7,7
27446,59,70,-11,11
27447,97,113,-16,16
27448,96,90,6,6
27449,177,143,34,34
27450,111,109,2,2
27451,105,111,-6,6
27452,78,85,-7,7
27453,85,98,-13,13
27454,71,71,0,0
27455,114,115,-1,1
27456,78,82,-4,4
27457,164,162,2,2
27458,75,78,-3,3
27459,128,126,2,2
27460,105,121,-16,16
27461,75,74,1,1
27462,87,90,-3,3
27463,104,102,2,2
27464,130,124,6,6
27465,101,107,-6,6
27466,81,82,-1,1
27467,75,74,1,1
27468,115,112,3,3
27469,80,73,7,7
27470,54,67,-13,13
27471,93,103,-10,10
27472,142,127,15,15
27473,41,52,-11,11
27474,78,81,-3,3
27475,62,64,-2,2
27476,68,77,-9,9
27477,45,55,-10,10
27478,99,98,1,1
27479,92,86,6,6
27480,88,80,8,8
27481,134,140,-6,6
27482,112,105,7,7
27483,97,108,-11,11
27484,131,138,-7,7
27485,71,68,3,3
27486,39,45,-6,6
27487,68,75,-7,7
27488,47,49,-2,2
27489,60,61,-1,1
27490,151,128,23,23
27491,81,71,10,10
27492,104,100,4,4
27493,99,108,-9,9
27494,103,103,0,0
27495,84,81,3,3
27496,92,97,-5,5
27497,108,111,-3,3
27498,124,121,3,3
27499,68,72,-4,4
27500,107,109,-2,2
27501,97,82,15,15
27502,108,105,3,3
27503,54,63,-9,9
27504,75,77,-2,2
27505,43,50,-7,7
27506,105,110,-5,5
27507,103,111,-8,8
27508,85,96,-11,11
27509,121,120,1,1
27510,85,88,-3,3
27511,102,93,9,9
27512,113,119,-6,6
27513,70,75,-5,5
27514,120,115,5,5
27515,106,100,6,6
27516,72,76,-4,4
27517,89,88,1,1
27518,90,84,6,6
27519,52,51,1,1
27520,78,80,-2,2
27521,88,98,-10,10
27522,290,240,50,50
27523,98,100,-2,2
27524,94,100,-6,6
27525,130,118,12,12
27526,50,65,-15,15
27527,102,99,3,3
27528,72,73,-1,1
27529,79,74,5,5
27530,101,105,-4,4
27531,88,79,9,9
27532,75,77,-2,2
27533,109,122,-13,13
27534,68,67,1,1
27535,117,114,3,3
27536,112,116,-4,4
27537,149,142,7,7
27538,94,104,-10,10
27539,73,73,0,0
27540,86,82,4,4
27541,68,73,-5,5
27542,94,93,1,1
27543,96,101,-5,5
27544,86,113,-27,27
27545,84,86,-2,2
27546,98,91,7,7
27547,149,142,7,7
27548,92,91,1,1
27549,72,68,4,4
27550,108,109,-1,1
27551,85,98,-13,13
27552,92,92,0,0
27553,72,76,-4,4
27554,73,79,-6,6
27555,91,92,-1,1
27556,167,171,-4,4
27557,78,88,-10,10
27558,50,61,-11,11
27559,96,76,20,20
27560,105,109,-4,4
27561,102,106,-4,4
27562,106,103,3,3
27563,138,129,9,9
27564,123,125,-2,2
27565,76,74,2,2
27566,95,97,-2,2
27567,87,86,1,1
27568,154,154,0,0
27569,75,75,0,0
27570,137,129,8,8
27571,98,83,15,15
27572,96,99,-3,3
27573,68,72,-4,4
27574,66,74,-8,8
27575,96,101,-5,5
27576,99,103,-4,4
27577,53,66,-13,13
27578,36,64,-28,28
27579,79,85,-6,6
27580,108,108,0,0
27581,20,32,-12,12
27582,95,98,-3,3
27583,78,81,-3,3
27584,114,113,1,1
27585,89,101,-12,12
27586,118,136,-18,18
27587,163,150,13,13
27588,64,65,-1,1
27589,50,47,3,3
27590,65,68,-3,3
27591,91,90,1,1
27592,126,129,-3,3
27593,96,93,3,3
27594,115,108,7,7
27595,114,116,-2,2
27596,139,118,21,21
27597,45,59,-14,14
27598,155,157,-2,2
27599,77,73,4,4
27600,105,92,13,13
27601,156,129,27,27
27602,90,87,3,3
27603,105,100,5,5
27604,36,43,-7,7
27605,134,146,-12,12
27606,111,122,-11,11
27607,61,55,6,6
27608,97,100,-3,3
27609,76,76,0,0
27610,81,84,-3,3
27611,71,69,2,2
27612,99,92,7,7
27613,98,104,-6,6
27614,89,85,4,4
27615,153,147,6,6
27616,110,116,-6,6
27617,61,61,0,0
27618,72,77,-5,5
27619,107,107,0,0
27620,107,108,-1,1
27621,116,109,7,7
27622,116,112,4,4
27623,71,73,-2,2
27624,95,98,-3,3
27625,99,103,-4,4
27626,59,56,3,3
27627,107,126,-19,19
27628,130,125,5,5
27629,95,81,14,14
27630,165,146,19,19
27631,171,154,17,17
27632,93,104,-11,11
27633,79,86,-7,7
27634,175,163,12,12
27635,121,123,-2,2
27636,155,154,1,1
27637,174,175,-1,1
27638,81,74,7,7
27639,57,56,1,1
27640,180,153,27,27
27641,116,113,3,3
27642,162,161,1,1
27643,77,77,0,0
27644,78,77,1,1
27645,111,108,3,3
27646,87,78,9,9
27647,37,46,-9,9
27648,176,168,8,8
27649,69,77,-8,8
27650,72,77,-5,5
27651,91,97,-6,6
27652,102,106,-4,4
27653,81,83,-2,2
27654,142,140,2,2
27655,189,169,20,20
27656,200,183,17,17
27657,61,68,-7,7
27658,89,90,-1,1
27659,94,100,-6,6
27660,88,88,0,0
27661,85,78,7,7
27662,88,86,2,2
27663,52,59,-7,7
27664,61,86,-25,25
27665,79,79,0,0
27666,141,134,7,7
27667,83,81,2,2
27668,112,147,-35,35
27669,123,120,3,3
27670,54,52,2,2
27671,66,66,0,0
27672,117,119,-2,2
27673,73,73,0,0
27674,70,85,-15,15
27675,66,66,0,0
27676,105,120,-15,15
27677,77,78,-1,1
27678,100,101,-1,1
27679,167,147,20,20
27680,73,72,1,1
27681,130,126,4,4
27682,87,73,14,14
27683,85,81,4,4
27684,69,71,-2,2
27685,73,76,-3,3
27686,77,81,-4,4
27687,138,135,3,3
27688,80,87,-7,7
27689,55,56,-1,1
27690,117,107,10,10
27691,110,107,3,3
27692,60,60,0,0
27693,96,89,7,7
27694,85,80,5,5
27695,106,115,-9,9
27696,94,98,-4,4
27697,69,78,-9,9
27698,125,130,-5,5
27699,179,163,16,16
27700,86,84,2,2
27701,129,127,2,2
27702,82,85,-3,3
27703,91,81,10,10
27704,150,148,2,2
27705,57,66,-9,9
27706,70,68,2,2
27707,134,128,6,6
27708,71,77,-6,6
27709,74,81,-7,7
27710,83,82,1,1
27711,82,103,-21,21
27712,70,71,-1,1
27713,82,96,-14,14
27714,52,60,-8,8
27715,93,86,7,7
27716,54,60,-6,6
27717,136,138,-2,2
27718,72,72,0,0
27719,86,110,-24,24
27720,108,116,-8,8
27721,93,88,5,5
27722,57,76,-19,19
27723,78,78,0,0
27724,130,121,9,9
27725,83,83,0,0
27726,116,100,16,16
27727,103,97,6,6
27728,79,81,-2,2
27729,43,48,-5,5
27730,100,103,-3,3
27731,77,75,2,2
27732,127,123,4,4
27733,83,81,2,2
27734,134,150,-16,16
27735,108,98,10,10
27736,122,115,7,7
27737,86,88,-2,2
27738,71,73,-2,2
27739,111,112,-1,1
27740,132,120,12,12
27741,200,191,9,9
27742,77,77,0,0
27743,131,116,15,15
27744,75,81,-6,6
27745,66,66,0,0
27746,83,84,-1,1
27747,155,144,11,11
27748,104,89,15,15
27749,85,81,4,4
27750,149,135,14,14
27751,198,236,-38,38
27752,68,82,-14,14
27753,143,110,33,33
27754,118,106,12,12
27755,75,76,-1,1
27756,150,172,-22,22
27757,52,57,-5,5
27758,153,152,1,1
27759,88,102,-14,14
27760,101,117,-16,16
27761,74,72,2,2
27762,102,104,-2,2
27763,140,133,7,7
27764,71,65,6,6
27765,110,101,9,9
27766,110,115,-5,5
27767,63,66,-3,3
27768,66,65,1,1
27769,49,55,-6,6
27770,54,54,0,0
27771,86,87,-1,1
27772,58,59,-1,1
27773,54,58,-4,4
27774,60,67,-7,7
27775,77,79,-2,2
27776,70,77,-7,7
27777,91,95,-4,4
27778,112,116,-4,4
27779,89,86,3,3
27780,80,79,1,1
27781,95,100,-5,5
27782,98,91,7,7
27783,91,93,-2,2
27784,117,116,1,1
27785,76,80,-4,4
27786,126,152,-26,26
27787,131,117,14,14
27788,65,73,-8,8
27789,90,86,4,4
27790,77,77,0,0
27791,114,113,1,1
27792,88,85,3,3
27793,90,87,3,3
27794,84,92,-8,8
27795,135,123,12,12
27796,95,89,6,6
27797,94,108,-14,14
27798,106,104,2,2
27799,75,73,2,2
27800,115,113,2,2
27801,143,143,0,0
27802,60,60,0,0
27803,68,69,-1,1
27804,73,71,2,2
27805,168,146,22,22
27806,99,106,-7,7
27807,108,109,-1,1
27808,77,86,-9,9
27809,60,55,5,5
27810,79,74,5,5
27811,103,120,-17,17
27812,120,127,-7,7
27813,137,150,-13,13
27814,80,91,-11,11
27815,78,81,-3,3
27816,49,57,-8,8
27817,97,110,-13,13
27818,104,107,-3,3
27819,172,162,10,10
27820,154,150,4,4
27821,93,102,-9,9
27822,103,98,5,5
27823,51,54,-3,3
27824,72,72,0,0
27825,81,83,-2,2
27826,69,64,5,5
27827,111,106,5,5
27828,106,108,-2,2
27829,143,131,12,12
27830,46,44,2,2
27831,118,124,-6,6
27832,136,121,15,15
27833,103,99,4,4
27834,115,120,-5,5
27835,100,100,0,0
27836,130,122,8,8
27837,146,136,10,10
27838,106,107,-1,1
27839,160,158,2,2
27840,151,116,35,35
27841,111,110,1,1
27842,132,120,12,12
27843,70,62,8,8
27844,95,98,-3,3
27845,113,113,0,0
27846,100,117,-17,17
27847,84,84,0,0
27848,144,126,18,18
27849,75,80,-5,5
27850,127,131,-4,4
27851,35,46,-11,11
27852,48,59,-11,11
27853,52,56,-4,4
27854,110,113,-3,3
27855,109,108,1,1
27856,72,74,-2,2
27857,99,100,-1,1
27858,58,53,5,5
27859,81,73,8,8
27860,96,86,10,10
27861,71,73,-2,2
27862,122,103,19,19
27863,151,142,9,9
27864,92,90,2,2
27865,69,69,0,0
27866,111,110,1,1
27867,106,102,4,4
27868,122,122,0,0
27869,100,83,17,17
27870,62,65,-3,3
27871,77,75,2,2
27872,111,111,0,0
27873,68,77,-9,9
27874,97,90,7,7
27875,118,88,30,30
27876,118,121,-3,3
27877,97,106,-9,9
27878,78,84,-6,6
27879,146,144,2,2
27880,99,102,-3,3
27881,76,76,0,0
27882,64,60,4,4
27883,48,50,-2,2
27884,89,88,1,1
27885,59,61,-2,2
27886,74,79,-5,5
27887,72,75,-3,3
27888,83,82,1,1
27889,83,72,11,11
27890,97,102,-5,5
27891,100,92,8,8
27892,181,184,-3,3
27893,37,40,-3,3
27894,64,66,-2,2
27895,84,75,9,9
27896,68,62,6,6
27897,54,54,0,0
27898,85,83,2,2
27899,75,75,0,0
27900,98,98,0,0
27901,147,139,8,8
27902,138,134,4,4
27903,61,62,-1,1
27904,83,90,-7,7
27905,158,141,17,17
27906,119,112,7,7
27907,88,83,5,5
27908,119,119,0,0
27909,118,108,10,10
27910,68,66,2,2
27911,49,55,-6,6
27912,112,105,7,7
27913,113,110,3,3
27914,83,88,-5,5
27915,81,88,-7,7
27916,31,37,-6,6
27917,87,80,7,7
27918,144,140,4,4
27919,133,140,-7,7
27920,137,136,1,1
27921,95,100,-5,5
27922,80,81,-1,1
27923,109,108,1,1
27924,90,98,-8,8
27925,70,70,0,0
27926,66,71,-5,5
27927,81,73,8,8
27928,156,155,1,1
27929,70,78,-8,8
27930,95,106,-11,11
27931,109,100,9,9
27932,61,109,-48,48
27933,40,43,-3,3
27934,138,144,-6,6
27935,96,89,7,7
27936,53,69,-16,16
27937,85,97,-12,12
27938,137,129,8,8
27939,113,114,-1,1
27940,127,125,2,2
27941,77,73,4,4
27942,66,70,-4,4
27943,36,39,-3,3
27944,83,88,-5,5
27945,120,109,11,11
27946,55,64,-9,9
27947,61,66,-5,5
27948,68,65,3,3
27949,93,101,-8,8
27950,173,169,4,4
27951,58,66,-8,8
27952,75,79,-4,4
27953,83,75,8,8
27954,141,149,-8,8
27955,67,69,-2,2
27956,35,49,-14,14
27957,63,68,-5,5
27958,52,57,-5,5
27959,183,176,7,7
27960,52,52,0,0
27961,72,70,2,2
27962,77,81,-4,4
27963,61,58,3,3
27964,124,116,8,8
27965,78,84,-6,6
27966,123,123,0,0
27967,122,125,-3,3
27968,88,92,-4,4
27969,74,80,-6,6
27970,66,70,-4,4
27971,69,79,-10,10
27972,92,97,-5,5
27973,79,75,4,4
27974,45,70,-25,25
27975,115,119,-4,4
27976,143,140,3,3
27977,99,106,-7,7
27978,129,135,-6,6
27979,103,106,-3,3
27980,90,103,-13,13
27981,88,87,1,1
27982,123,128,-5,5
27983,175,151,24,24
27984,95,91,4,4
27985,105,110,-5,5
27986,65,72,-7,7
27987,66,62,4,4
27988,137,127,10,10
27989,84,88,-4,4
27990,110,106,4,4
27991,118,111,7,7
27992,114,117,-3,3
27993,97,110,-13,13
27994,90,86,4,4
27995,124,126,-2,2
27996,158,159,-1,1
27997,67,93,-26,26
27998,96,94,2,2
27999,97,98,-1,1
28000,108,107,1,1
28001,106,106,0,0
28002,56,57,-1,1
28003,69,70,-1,1
28004,41,51,-10,10
28005,67,67,0,0
28006,172,172,0,0
28007,53,53,0,0
28008,94,85,9,9
28009,121,119,2,2
28010,97,84,13,13
28011,91,88,3,3
28012,117,95,22,22
28013,125,146,-21,21
28014,59,61,-2,2
28015,114,104,10,10
28016,87,82,5,5
28017,106,110,-4,4
28018,77,81,-4,4
28019,135,121,14,14
28020,145,130,15,15
28021,72,72,0,0
28022,53,59,-6,6
28023,149,139,10,10
28024,101,106,-5,5
28025,76,58,18,18
28026,87,99,-12,12
28027,73,67,6,6
28028,107,111,-4,4
28029,67,61,6,6
28030,67,74,-7,7
28031,80,83,-3,3
28032,91,88,3,3
28033,91,88,3,3
28034,104,127,-23,23
28035,66,57,9,9
28036,90,90,0,0
28037,71,81,-10,10
28038,118,105,13,13
28039,87,94,-7,7
28040,68,68,0,0
28041,114,121,-7,7
28042,117,123,-6,6
28043,130,124,6,6
28044,134,145,-11,11
28045,125,125,0,0
28046,74,72,2,2
28047,88,85,3,3
28048,56,72,-16,16
28049,116,110,6,6
28050,145,143,2,2
28051,75,70,5,5
28052,71,84,-13,13
28053,50,52,-2,2
28054,97,102,-5,5
28055,55,51,4,4
28056,52,51,1,1
28057,154,126,28,28
28058,132,126,6,6
28059,180,163,17,17
28060,68,73,-5,5
28061,86,88,-2,2
28062,147,148,-1,1
28063,68,83,-15,15
28064,80,77,3,3
28065,98,89,9,9
28066,109,120,-11,11
28067,88,94,-6,6
28068,78,85,-7,7
28069,86,77,9,9
28070,42,49,-7,7
28071,74,87,-13,13
28072,137,135,2,2
28073,110,109,1,1
28074,76,87,-11,11
28075,64,68,-4,4
28076,150,139,11,11
28077,116,107,9,9
28078,74,77,-3,3
28079,69,68,1,1
28080,55,51,4,4
28081,114,124,-10,10
28082,178,185,-7,7
28083,78,77,1,1
28084,71,71,0,0
28085,80,86,-6,6
28086,119,129,-10,10
28087,59,65,-6,6
28088,75,66,9,9
28089,77,89,-12,12
28090,64,71,-7,7
28091,118,111,7,7
28092,141,139,2,2
28093,144,150,-6,6
28094,118,117,1,1
28095,90,77,13,13
28096,96,101,-5,5
28097,107,107,0,0
28098,141,148,-7,7
28099,71,60,11,11
28100,94,88,6,6
28101,196,176,20,20
28102,93,105,-12,12
28103,122,110,12,12
28104,78,82,-4,4
28105,83,104,-21,21
28106,84,79,5,5
28107,65,61,4,4
28108,165,166,-1,1
28109,116,130,-14,14
28110,91,78,13,13
28111,69,65,4,4
28112,87,80,7,7
28113,94,103,-9,9
28114,113,113,0,0
28115,169,171,-2,2
28116,112,105,7,7
28117,85,90,-5,5
28118,113,108,5,5
28119,145,133,12,12
28120,53,58,-5,5
28121,97,101,-4,4
28122,102,111,-9,9
28123,107,117,-10,10
28124,88,83,5,5
28125,76,73,3,3
28126,46,50,-4,4
28127,83,86,-3,3
28128,99,98,1,1
28129,118,120,-2,2
28130,85,78,7,7
28131,112,117,-5,5
28132,120,112,8,8
28133,246,222,24,24
28134,124,116,8,8
28135,64,70,-6,6
28136,118,111,7,7
28137,118,112,6,6
28138,78,81,-3,3
28139,74,82,-8,8
28140,86,83,3,3
28141,90,77,13,13
28142,132,144,-12,12
28143,125,121,4,4
28144,70,69,1,1
28145,69,68,1,1
28146,119,117,2,2
28147,144,136,8,8
28148,172,160,12,12
28149,83,80,3,3
28150,99,92,7,7
28151,104,105,-1,1
28152,127,131,-4,4
28153,78,73,5,5
28154,110,99,11,11
28155,53,56,-3,3
28156,79,88,-9,9
28157,47,43,4,4
28158,123,118,5,5
28159,132,134,-2,2
28160,104,110,-6,6
28161,127,124,3,3
28162,105,93,12,12
28163,65,72,-7,7
28164,100,104,-4,4
28165,192,169,23,23
28166,61,90,-29,29
28167,106,115,-9,9
28168,38,72,-34,34
28169,186,163,23,23
28170,166,153,13,13
28171,122,118,4,4
28172,141,142,-1,1
28173,122,134,-12,12
28174,39,63,-24,24
28175,117,122,-5,5
28176,128,126,2,2
28177,148,144,4,4
28178,118,117,1,1
28179,96,101,-5,5
28180,72,78,-6,6
28181,76,68,8,8
28182,63,66,-3,3
28183,84,93,-9,9
28184,102,103,-1,1
28185,75,74,1,1
28186,92,93,-1,1
28187,69,68,1,1
28188,94,83,11,11
28189,70,65,5,5
28190,112,105,7,7
28191,87,80,7,7
28192,68,72,-4,4
28193,123,140,-17,17
28194,81,70,11,11
28195,116,130,-14,14
28196,82,87,-5,5
28197,149,131,18,18
28198,60,77,-17,17
28199,59,68,-9,9
28200,110,101,9,9
28201,89,127,-38,38
28202,114,115,-1,1
28203,128,123,5,5
28204,57,65,-8,8
28205,77,84,-7,7
28206,85,85,0,0
28207,194,199,-5,5
28208,72,87,-15,15
28209,75,83,-8,8
28210,57,82,-25,25
28211,165,153,12,12
28212,99,101,-2,2
28213,84,84,0,0
28214,89,97,-8,8
28215,64,68,-4,4
28216,115,123,-8,8
28217,81,86,-5,5
28218,96,106,-10,10
28219,134,135,-1,1
28220,74,73,1,1
28221,121,139,-18,18
28222,81,98,-17,17
28223,58,58,0,0
28224,77,71,6,6
28225,97,99,-2,2
28226,66,63,3,3
28227,104,108,-4,4
28228,112,117,-5,5
28229,59,61,-2,2
28230,151,141,10,10
28231,111,104,7,7
28232,133,131,2,2
28233,76,79,-3,3
28234,93,101,-8,8
28235,76,74,2,2
28236,85,81,4,4
28237,151,153,-2,2
28238,76,78,-2,2
28239,79,77,2,2
28240,172,186,-14,14
28241,148,137,11,11
28242,89,90,-1,1
28243,87,79,8,8
28244,128,126,2,2
28245,71,66,5,5
28246,72,69,3,3
28247,77,79,-2,2
28248,100,99,1,1
28249,107,109,-2,2
28250,86,86,0,0
28251,81,76,5,5
28252,93,93,0,0
28253,56,55,1,1
28254,138,132,6,6
28255,77,81,-4,4
28256,175,173,2,2
28257,72,73,-1,1
28258,93,93,0,0
28259,92,87,5,5
28260,104,121,-17,17
28261,132,116,16,16
28262,81,86,-5,5
28263,71,75,-4,4
28264,140,147,-7,7
28265,102,101,1,1
28266,53,55,-2,2
28267,87,90,-3,3
28268,147,145,2,2
28269,93,107,-14,14
28270,65,69,-4,4
28271,154,145,9,9
28272,222,205,17,17
28273,107,101,6,6
28274,81,77,4,4
28275,59,63,-4,4
28276,63,66,-3,3
28277,100,103,-3,3
28278,89,82,7,7
28279,70,65,5,5
28280,90,96,-6,6
28281,135,138,-3,3
28282,112,110,2,2
28283,102,99,3,3
28284,126,130,-4,4
28285,87,92,-5,5
28286,98,96,2,2
28287,128,117,11,11
28288,54,55,-1,1
28289,88,90,-2,2
28290,79,76,3,3
28291,177,164,13,13
28292,110,109,1,1
28293,68,75,-7,7
28294,126,129,-3,3
28295,115,116,-1,1
28296,105,114,-9,9
28297,86,85,1,1
28298,66,104,-38,38
28299,65,60,5,5
28300,78,87,-9,9
28301,87,88,-1,1
28302,108,109,-1,1
28303,46,58,-12,12
28304,106,107,-1,1
28305,127,120,7,7
28306,137,138,-1,1
28307,84,76,8,8
28308,73,79,-6,6
28309,70,69,1,1
28310,76,74,2,2
28311,84,80,4,4
28312,125,99,26,26
28313,73,79,-6,6
28314,176,173,3,3
28315,97,91,6,6
28316,128,125,3,3
28317,74,76,-2,2
28318,145,138,7,7
28319,93,100,-7,7
28320,70,74,-4,4
28321,67,80,-13,13
28322,84,87,-3,3
28323,59,59,0,0
28324,92,97,-5,5
28325,112,107,5,5
28326,51,51,0,0
28327,56,56,0,0
28328,92,90,2,2
28329,49,59,-10,10
28330,98,104,-6,6
28331,71,76,-5,5
28332,72,74,-2,2
28333,68,78,-10,10
28334,87,91,-4,4
28335,121,119,2,2
28336,94,99,-5,5
28337,76,85,-9,9
28338,112,110,2,2
28339,69,63,6,6
28340,113,115,-2,2
28341,129,134,-5,5
28342,105,111,-6,6
28343,99,110,-11,11
28344,58,63,-5,5
28345,130,120,10,10
28346,85,83,2,2
28347,73,61,12,12
28348,56,53,3,3
28349,97,110,-13,13
28350,104,112,-8,8
28351,73,78,-5,5
28352,111,105,6,6
28353,73,68,5,5
28354,98,89,9,9
28355,102,109,-7,7
28356,80,76,4,4
28357,47,50,-3,3
28358,102,115,-13,13
28359,76,77,-1,1
28360,69,88,-19,19
28361,85,87,-2,2
28362,111,120,-9,9
28363,34,39,-5,5
28364,137,142,-5,5
28365,79,79,0,0
28366,72,80,-8,8
28367,62,67,-5,5
28368,91,90,1,1
28369,82,83,-1,1
28370,120,133,-13,13
28371,92,100,-8,8
28372,110,115,-5,5
28373,122,119,3,3
28374,119,116,3,3
28375,183,177,6,6
28376,61,68,-7,7
28377,97,89,8,8
28378,117,119,-2,2
28379,71,76,-5,5
28380,100,91,9,9
28381,119,115,4,4
28382,94,83,11,11
28383,94,100,-6,6
28384,97,84,13,13
28385,62,58,4,4
28386,74,75,-1,1
28387,104,108,-4,4
28388,143,144,-1,1
28389,74,77,-3,3
28390,126,122,4,4
28391,64,71,-7,7
28392,97,90,7,7
28393,82,83,-1,1
28394,56,65,-9,9
28395,98,107,-9,9
28396,139,137,2,2
28397,102,106,-4,4
28398,100,104,-4,4
28399,115,100,15,15
28400,138,121,17,17
28401,39,44,-5,5
28402,132,134,-2,2
28403,127,133,-6,6
28404,98,88,10,10
28405,83,74,9,9
28406,106,113,-7,7
28407,161,151,10,10
28408,77,68,9,9
28409,76,84,-8,8
28410,96,90,6,6
28411,107,111,-4,4
28412,85,269,-184,184
28413,79,81,-2,2
28414,102,101,1,1
28415,57,55,2,2
28416,79,83,-4,4
28417,76,89,-13,13
28418,82,86,-4,4
28419,56,56,0,0
28420,84,80,4,4
28421,110,105,5,5
28422,183,166,17,17
28423,118,125,-7,7
28424,100,91,9,9
28425,109,102,7,7
28426,101,100,1,1
28427,57,65,-8,8
28428,89,111,-22,22
28429,148,137,11,11
28430,202,199,3,3
28431,137,147,-10,10
28432,91,88,3,3
28433,112,115,-3,3
28434,68,72,-4,4
28435,83,82,1,1
28436,72,70,2,2
28437,79,78,1,1
28438,116,117,-1,1
28439,54,58,-4,4
28440,87,90,-3,3
28441,82,81,1,1
28442,104,102,2,2
28443,126,122,4,4
28444,106,114,-8,8
28445,116,111,5,5
28446,91,99,-8,8
28447,77,76,1,1
28448,123,145,-22,22
28449,145,140,5,5
28450,88,81,7,7
28451,95,113,-18,18
28452,79,84,-5,5
28453,91,102,-11,11
28454,133,126,7,7
28455,165,179,-14,14
28456,61,59,2,2
28457,63,69,-6,6
28458,120,121,-1,1
28459,54,51,3,3
28460,145,143,2,2
28461,130,130,0,0
28462,68,68,0,0
28463,55,59,-4,4
28464,90,86,4,4
28465,102,93,9,9
28466,52,52,0,0
28467,102,107,-5,5
28468,162,162,0,0
28469,85,98,-13,13
28470,81,82,-1,1
28471,57,54,3,3
28472,82,77,5,5
28473,135,99,36,36
28474,43,48,-5,5
28475,82,78,4,4
28476,66,69,-3,3
28477,102,106,-4,4
28478,70,72,-2,2
28479,151,146,5,5
28480,127,127,0,0
28481,77,61,16,16
28482,137,126,11,11
28483,83,76,7,7
28484,183,172,11,11
28485,43,40,3,3
28486,129,133,-4,4
28487,58,61,-3,3
28488,73,76,-3,3
28489,67,59,8,8
28490,57,61,-4,4
28491,133,146,-13,13
28492,76,78,-2,2
28493,87,88,-1,1
28494,76,81,-5,5
28495,99,88,11,11
28496,95,98,-3,3
28497,56,61,-5,5
28498,146,140,6,6
28499,123,110,13,13
28500,93,116,-23,23
28501,71,73,-2,2
28502,97,91,6,6
28503,122,114,8,8
28504,97,101,-4,4
28505,86,84,2,2
28506,87,89,-2,2
28507,134,120,14,14
28508,99,107,-8,8
28509,135,132,3,3
28510,85,83,2,2
28511,132,131,1,1
28512,54,57,-3,3
28513,77,86,-9,9
28514,63,70,-7,7
28515,138,141,-3,3
28516,58,61,-3,3
28517,141,131,10,10
28518,161,159,2,2
28519,105,119,-14,14
28520,107,116,-9,9
28521,153,161,-8,8
28522,90,93,-3,3
28523,147,148,-1,1
28524,92,100,-8,8
28525,34,35,-1,1
28526,90,99,-9,9
28527,50,54,-4,4
28528,83,79,4,4
28529,127,140,-13,13
28530,59,55,4,4
28531,57,63,-6,6
28532,115,121,-6,6
28533,91,100,-9,9
28534,143,133,10,10
28535,119,113,6,6
28536,97,101,-4,4
28537,155,148,7,7
28538,128,124,4,4
28539,67,68,-1,1
28540,60,64,-4,4
28541,103,99,4,4
28542,128,122,6,6
28543,100,98,2,2
28544,71,72,-1,1
28545,85,87,-2,2
28546,74,74,0,0
28547,172,143,29,29
28548,73,71,2,2
28549,51,60,-9,9
28550,76,78,-2,2
28551,110,108,2,2
28552,125,114,11,11
28553,49,56,-7,7
28554,145,136,9,9
28555,81,76,5,5
28556,79,102,-23,23
28557,108,109,-1,1
28558,95,92,3,3
28559,66,60,6,6
28560,78,78,0,0
28561,41,48,-7,7
28562,89,79,10,10
28563,60,64,-4,4
28564,88,82,6,6
28565,54,64,-10,10
28566,112,106,6,6
28567,135,122,13,13
28568,123,123,0,0
28569,76,90,-14,14
28570,82,80,2,2
28571,38,44,-6,6
28572,51,55,-4,4
28573,33,47,-14,14
28574,100,100,0,0
28575,64,73,-9,9
28576,98,104,-6,6
28577,104,100,4,4
28578,108,113,-5,5
28579,112,111,1,1
28580,54,59,-5,5
28581,75,78,-3,3
28582,89,101,-12,12
28583,137,129,8,8
28584,66,57,9,9
28585,81,82,-1,1
28586,91,100,-9,9
28587,84,85,-1,1
28588,52,54,-2,2
28589,64,73,-9,9
28590,176,176,0,0
28591,59,66,-7,7
28592,70,66,4,4
28593,69,61,8,8
28594,83,106,-23,23
28595,71,77,-6,6
28596,61,66,-5,5
28597,65,64,1,1
28598,94,112,-18,18
28599,53,56,-3,3
28600,66,59,7,7
28601,93,98,-5,5
28602,66,65,1,1
28603,75,74,1,1
28604,96,102,-6,6
28605,66,57,9,9
28606,158,124,34,34
28607,80,69,11,11
28608,67,64,3,3
28609,67,70,-3,3
28610,79,77,2,2
28611,57,62,-5,5
28612,66,73,-7,7
28613,44,47,-3,3
28614,59,59,0,0
28615,150,140,10,10
28616,128,125,3,3
28617,74,76,-2,2
28618,38,55,-17,17
28619,51,54,-3,3
28620,123,125,-2,2
28621,61,57,4,4
28622,77,66,11,11
28623,61,66,-5,5
28624,94,90,4,4
28625,104,113,-9,9
28626,62,72,-10,10
28627,115,110,5,5
28628,122,108,14,14
28629,96,103,-7,7
28630,84,85,-1,1
28631,119,119,0,0
28632,99,99,0,0
28633,85,83,2,2
28634,118,112,6,6
28635,144,130,14,14
28636,54,55,-1,1
28637,152,140,12,12
28638,47,54,-7,7
28639,67,67,0,0
28640,81,81,0,0
28641,125,123,2,2
28642,104,102,2,2
28643,63,73,-10,10
28644,71,64,7,7
28645,56,64,-8,8
28646,144,142,2,2
28647,125,135,-10,10
28648,64,59,5,5
28649,108,101,7,7
28650,87,81,6,6
28651,66,74,-8,8
28652,83,84,-1,1
28653,102,102,0,0
28654,120,119,1,1
28655,114,116,-2,2
28656,114,112,2,2
28657,148,147,1,1
28658,100,100,0,0
28659,76,75,1,1
28660,53,63,-10,10
28661,104,109,-5,5
28662,101,108,-7,7
28663,93,98,-5,5
28664,50,54,-4,4
28665,47,52,-5,5
28666,137,132,5,5
28667,109,106,3,3
28668,83,100,-17,17
28669,32,39,-7,7
28670,69,68,1,1
28671,92,89,3,3
28672,78,85,-7,7
28673,96,113,-17,17
28674,92,87,5,5
28675,53,55,-2,2
28676,144,142,2,2
28677,107,102,5,5
28678,112,112,0,0
28679,72,65,7,7
28680,108,103,5,5
28681,84,78,6,6
28682,54,58,-4,4
28683,82,116,-34,34
28684,98,89,9,9
28685,73,74,-1,1
28686,50,55,-5,5
28687,89,89,0,0
28688,66,66,0,0
28689,140,144,-4,4
28690,97,100,-3,3
28691,77,84,-7,7
28692,106,77,29,29
28693,73,75,-2,2
28694,122,119,3,3
28695,80,79,1,1
28696,60,62,-2,2
28697,90,83,7,7
28698,83,86,-3,3
28699,86,88,-2,2
28700,33,34,-1,1
28701,134,129,5,5
28702,117,119,-2,2
28703,60,59,1,1
28704,116,113,3,3
28705,110,120,-10,10
28706,129,130,-1,1
28707,88,87,1,1
28708,76,74,2,2
28709,171,166,5,5
28710,98,82,16,16
28711,100,99,1,1
28712,66,59,7,7
28713,140,131,9,9
28714,101,85,16,16
28715,61,60,1,1
28716,89,87,2,2
28717,93,101,-8,8
28718,101,99,2,2
28719,63,74,-11,11
28720,85,89,-4,4
28721,94,99,-5,5
28722,114,135,-21,21
28723,104,112,-8,8
28724,78,79,-1,1
28725,108,126,-18,18
28726,57,58,-1,1
28727,38,55,-17,17
28728,69,76,-7,7
28729,106,108,-2,2
28730,77,76,1,1
28731,235,231,4,4
28732,98,104,-6,6
28733,111,109,2,2
28734,70,88,-18,18
28735,102,102,0,0
28736,92,94,-2,2
28737,67,74,-7,7
28738,83,88,-5,5
28739,71,70,1,1
28740,92,75,17,17
28741,59,65,-6,6
28742,90,88,2,2
28743,71,70,1,1
28744,52,59,-7,7
28745,109,96,13,13
28746,105,113,-8,8
28747,79,74,5,5
28748,81,73,8,8
28749,84,88,-4,4
28750,80,71,9,9
28751,56,67,-11,11
28752,84,82,2,2
28753,44,51,-7,7
28754,85,86,-1,1
28755,62,67,-5,5
28756,83,76,7,7
28757,59,73,-14,14
28758,92,88,4,4
28759,99,108,-9,9
28760,131,149,-18,18
28761,58,62,-4,4
28762,164,151,13,13
28763,132,119,13,13
28764,73,71,2,2
28765,82,83,-1,1
28766,57,62,-5,5
28767,97,109,-12,12
28768,26,39,-13,13
28769,107,100,7,7
28770,88,80,8,8
28771,84,87,-3,3
28772,82,86,-4,4
28773,141,150,-9,9
28774,78,75,3,3
28775,146,142,4,4
28776,84,79,5,5
28777,93,85,8,8
28778,74,76,-2,2
28779,139,131,8,8
28780,125,129,-4,4
28781,65,69,-4,4
28782,101,110,-9,9
28783,114,122,-8,8
28784,54,60,-6,6
28785,99,91,8,8
28786,83,84,-1,1
28787,128,126,2,2
28788,90,99,-9,9
28789,77,76,1,1
28790,68,57,11,11
28791,78,97,-19,19
28792,76,76,0,0
28793,85,83,2,2
28794,106,111,-5,5
28795,207,178,29,29
28796,105,105,0,0
28797,110,116,-6,6
28798,86,78,8,8
28799,166,136,30,30
28800,118,119,-1,1
28801,99,99,0,0
28802,80,95,-15,15
28803,27,45,-18,18
28804,125,114,11,11
28805,92,90,2,2
28806,85,81,4,4
28807,91,92,-1,1
28808,61,60,1,1
28809,86,80,6,6
28810,50,54,-4,4
28811,101,106,-5,5
28812,79,67,12,12
28813,82,99,-17,17
28814,63,57,6,6
28815,100,93,7,7
28816,103,86,17,17
28817,150,142,8,8
28818,86,77,9,9
28819,72,82,-10,10
28820,54,58,-4,4
28821,136,137,-1,1
28822,60,59,1,1
28823,118,116,2,2
28824,64,59,5,5
28825,78,75,3,3
28826,76,72,4,4
28827,145,141,4,4
28828,62,72,-10,10
28829,98,103,-5,5
28830,100,102,-2,2
28831,142,135,7,7
28832,77,88,-11,11
28833,81,89,-8,8
28834,79,80,-1,1
28835,78,76,2,2
28836,84,90,-6,6
28837,63,61,2,2
28838,94,92,2,2
28839,89,86,3,3
28840,78,76,2,2
28841,132,139,-7,7
28842,151,140,11,11
28843,156,151,5,5
28844,41,59,-18,18
28845,106,110,-4,4
28846,99,102,-3,3
28847,42,50,-8,8
28848,79,73,6,6
28849,60,77,-17,17
28850,136,148,-12,12
28851,130,132,-2,2
28852,136,140,-4,4
28853,81,73,8,8
28854,112,113,-1,1
28855,60,67,-7,7
28856,93,79,14,14
28857,103,110,-7,7
28858,180,170,10,10
28859,93,93,0,0
28860,172,166,6,6
28861,95,108,-13,13
28862,79,90,-11,11
28863,55,60,-5,5
28864,105,109,-4,4
28865,118,114,4,4
28866,111,111,0,0
28867,66,71,-5,5
28868,146,125,21,21
28869,81,113,-32,32
28870,75,70,5,5
28871,79,83,-4,4
28872,64,65,-1,1
28873,97,103,-6,6
28874,103,105,-2,2
28875,68,70,-2,2
28876,74,82,-8,8
28877,80,70,10,10
28878,90,69,21,21
28879,59,55,4,4
28880,109,113,-4,4
28881,90,87,3,3
28882,71,78,-7,7
28883,108,111,-3,3
28884,83,76,7,7
28885,130,125,5,5
28886,85,89,-4,4
28887,49,61,-12,12
28888,73,74,-1,1
28889,104,108,-4,4
28890,131,131,0,0
28891,69,71,-2,2
28892,102,100,2,2
28893,74,74,0,0
28894,58,59,-1,1
28895,167,155,12,12
28896,144,138,6,6
28897,108,113,-5,5
28898,70,70,0,0
28899,84,85,-1,1
28900,50,50,0,0
28901,68,72,-4,4
28902,128,136,-8,8
28903,106,110,-4,4
28904,63,65,-2,2
28905,61,114,-53,53
28906,82,79,3,3
28907,100,108,-8,8
28908,92,89,3,3
28909,75,83,-8,8
28910,132,130,2,2
28911,85,97,-12,12
28912,183,174,9,9
28913,115,112,3,3
28914,125,120,5,5
28915,99,100,-1,1
28916,102,103,-1,1
28917,125,130,-5,5
28918,75,75,0,0
28919,173,169,4,4
28920,66,72,-6,6
28921,90,82,8,8
28922,88,88,0,0
28923,124,123,1,1
28924,70,68,2,2
28925,93,86,7,7
28926,64,61,3,3
28927,60,55,5,5
28928,134,136,-2,2
28929,104,100,4,4
28930,44,49,-5,5
28931,109,99,10,10
28932,68,63,5,5
28933,81,81,0,0
28934,103,105,-2,2
28935,99,102,-3,3
28936,80,80,0,0
28937,104,111,-7,7
28938,67,76,-9,9
28939,126,123,3,3
28940,53,56,-3,3
28941,135,130,5,5
28942,95,84,11,11
28943,95,106,-11,11
28944,63,68,-5,5
28945,140,128,12,12
28946,71,82,-11,11
28947,79,76,3,3
28948,47,72,-25,25
28949,87,102,-15,15
28950,57,63,-6,6
28951,81,81,0,0
28952,53,54,-1,1
28953,88,100,-12,12
28954,109,114,-5,5
28955,85,87,-2,2
28956,114,112,2,2
28957,81,85,-4,4
28958,85,99,-14,14
28959,95,99,-4,4
28960,61,72,-11,11
28961,65,66,-1,1
28962,47,51,-4,4
28963,57,56,1,1
28964,66,77,-11,11
28965,86,91,-5,5
28966,76,77,-1,1
28967,143,133,10,10
28968,79,95,-16,16
28969,87,79,8,8
28970,99,102,-3,3
28971,103,117,-14,14
28972,83,78,5,5
28973,116,117,-1,1
28974,128,125,3,3
28975,159,158,1,1
28976,113,106,7,7
28977,124,121,3,3
28978,81,88,-7,7
28979,66,58,8,8
28980,82,69,13,13
28981,58,66,-8,8
28982,101,111,-10,10
28983,67,80,-13,13
28984,97,85,12,12
28985,78,81,-3,3
28986,104,105,-1,1
28987,117,119,-2,2
28988,82,92,-10,10
28989,125,129,-4,4
28990,152,152,0,0
28991,92,101,-9,9
28992,128,121,7,7
28993,68,71,-3,3
28994,101,98,3,3
28995,96,101,-5,5
28996,98,98,0,0
28997,134,125,9,9
28998,106,113,-7,7
28999,54,55,-1,1
29000,88,100,-12,12
29001,66,59,7,7
29002,99,101,-2,2
29003,82,87,-5,5
29004,118,123,-5,5
29005,66,63,3,3
29006,96,93,3,3
29007,139,138,1,1
29008,25,36,-11,11
29009,123,115,8,8
29010,130,128,2,2
29011,92,87,5,5
29012,80,75,5,5
29013,67,61,6,6
29014,71,68,3,3
29015,92,98,-6,6
29016,113,104,9,9
29017,67,81,-14,14
29018,58,63,-5,5
29019,39,89,-50,50
29020,78,83,-5,5
29021,113,104,9,9
29022,50,53,-3,3
29023,66,65,1,1
29024,88,88,0,0
29025,88,100,-12,12
29026,131,122,9,9
29027,64,80,-16,16
29028,91,90,1,1
29029,101,87,14,14
29030,110,107,3,3
29031,56,65,-9,9
29032,77,77,0,0
29033,129,126,3,3
29034,91,104,-13,13
29035,97,104,-7,7
29036,98,101,-3,3
29037,75,77,-2,2
29038,109,94,15,15
29039,64,72,-8,8
29040,71,74,-3,3
29041,54,59,-5,5
29042,59,61,-2,2
29043,145,145,0,0
29044,86,79,7,7
29045,56,54,2,2
29046,79,87,-8,8
29047,114,118,-4,4
29048,65,75,-10,10
29049,104,98,6,6
29050,61,71,-10,10
29051,155,158,-3,3
29052,106,103,3,3
29053,48,68,-20,20
29054,173,147,26,26
29055,31,45,-14,14
29056,87,90,-3,3
29057,147,145,2,2
29058,79,79,0,0
29059,92,107,-15,15
29060,100,90,10,10
29061,118,127,-9,9
29062,83,80,3,3
29063,72,74,-2,2
29064,101,98,3,3
29065,83,87,-4,4
29066,94,93,1,1
29067,103,110,-7,7
29068,73,74,-1,1
29069,179,175,4,4
29070,115,107,8,8
29071,85,83,2,2
29072,101,102,-1,1
29073,130,132,-2,2
29074,155,163,-8,8
29075,65,65,0,0
29076,116,123,-7,7
29077,71,68,3,3
29078,78,85,-7,7
29079,129,129,0,0
29080,78,73,5,5
29081,141,132,9,9
29082,139,127,12,12
29083,90,88,2,2
29084,174,166,8,8
29085,92,89,3,3
29086,76,77,-1,1
29087,40,50,-10,10
29088,36,40,-4,4
29089,78,75,3,3
29090,89,99,-10,10
29091,63,70,-7,7
29092,79,75,4,4
29093,127,117,10,10
29094,61,69,-8,8
29095,118,72,46,46
29096,112,105,7,7
29097,131,126,5,5
29098,78,78,0,0
29099,95,92,3,3
29100,75,75,0,0
29101,170,164,6,6
29102,97,103,-6,6
29103,62,64,-2,2
29104,130,125,5,5
29105,116,132,-16,16
29106,72,78,-6,6
29107,89,86,3,3
29108,95,100,-5,5
29109,82,80,2,2
29110,54,61,-7,7
29111,102,104,-2,2
29112,106,105,1,1
29113,138,131,7,7
29114,90,94,-4,4
29115,53,64,-11,11
29116,111,99,12,12
29117,91,88,3,3
29118,84,89,-5,5
29119,116,108,8,8
29120,119,115,4,4
29121,82,84,-2,2
29122,102,100,2,2
29123,64,65,-1,1
29124,40,54,-14,14
29125,104,110,-6,6
29126,73,75,-2,2
29127,92,92,0,0
29128,127,112,15,15
29129,155,151,4,4
29130,82,85,-3,3
29131,86,89,-3,3
29132,61,56,5,5
29133,136,127,9,9
29134,123,130,-7,7
29135,40,53,-13,13
29136,103,99,4,4
29137,145,148,-3,3
29138,92,101,-9,9
29139,60,83,-23,23
29140,71,72,-1,1
29141,63,64,-1,1
29142,51,57,-6,6
29143,92,92,0,0
29144,48,51,-3,3
29145,66,47,19,19
29146,165,153,12,12
29147,114,110,4,4
29148,48,49,-1,1
29149,121,110,11,11
29150,134,129,5,5
29151,68,67,1,1
29152,34,48,-14,14
29153,68,64,4,4
29154,72,75,-3,3
29155,63,63,0,0
29156,59,69,-10,10
29157,94,99,-5,5
29158,59,58,1,1
29159,77,88,-11,11
29160,119,114,5,5
29161,134,135,-1,1
29162,120,119,1,1
29163,90,86,4,4
29164,79,76,3,3
29165,70,70,0,0
29166,103,102,1,1
29167,111,100,11,11
29168,62,65,-3,3
29169,139,120,19,19
29170,138,141,-3,3
29171,213,208,5,5
29172,73,74,-1,1
29173,116,119,-3,3
29174,135,135,0,0
29175,77,71,6,6
29176,89,82,7,7
29177,40,40,0,0
29178,82,75,7,7
29179,101,107,-6,6
29180,81,98,-17,17
29181,159,156,3,3
29182,89,98,-9,9
29183,74,83,-9,9
29184,106,106,0,0
29185,53,63,-10,10
29186,98,120,-22,22
29187,96,98,-2,2
29188,116,123,-7,7
29189,68,72,-4,4
29190,74,75,-1,1
29191,167,168,-1,1
29192,90,103,-13,13
29193,106,105,1,1
29194,62,58,4,4
29195,46,52,-6,6
29196,68,78,-10,10
29197,73,73,0,0
29198,78,76,2,2
29199,58,60,-2,2
29200,129,123,6,6
29201,79,90,-11,11
29202,92,89,3,3
29203,34,47,-13,13
29204,81,52,29,29
29205,73,67,6,6
29206,171,170,1,1
29207,90,102,-12,12
29208,70,82,-12,12
29209,199,202,-3,3
29210,68,66,2,2
29211,161,159,2,2
29212,46,47,-1,1
29213,61,64,-3,3
29214,112,111,1,1
29215,133,122,11,11
29216,91,83,8,8
29217,80,93,-13,13
29218,160,133,27,27
29219,90,89,1,1
29220,103,97,6,6
29221,87,78,9,9
29222,148,139,9,9
29223,183,126,57,57
29224,87,84,3,3
29225,161,153,8,8
29226,80,78,2,2
29227,128,132,-4,4
29228,123,121,2,2
29229,159,149,10,10
29230,48,49,-1,1
29231,77,80,-3,3
29232,87,86,1,1
29233,53,55,-2,2
29234,118,115,3,3
29235,89,69,20,20
29236,76,77,-1,1
29237,145,136,9,9
29238,125,114,11,11
29239,97,108,-11,11
29240,49,55,-6,6
29241,62,79,-17,17
29242,81,86,-5,5
29243,136,137,-1,1
29244,100,105,-5,5
29245,187,196,-9,9
29246,105,113,-8,8
29247,176,168,8,8
29248,113,113,0,0
29249,115,120,-5,5
29250,86,90,-4,4
29251,120,112,8,8
29252,74,81,-7,7
29253,86,101,-15,15
29254,99,109,-10,10
29255,70,68,2,2
29256,109,115,-6,6
29257,110,105,5,5
29258,102,103,-1,1
29259,156,150,6,6
29260,107,111,-4,4
29261,53,58,-5,5
29262,121,117,4,4
29263,97,100,-3,3
29264,103,116,-13,13
29265,66,62,4,4
29266,108,125,-17,17
29267,59,67,-8,8
29268,64,70,-6,6
29269,70,73,-3,3
29270,86,83,3,3
29271,118,112,6,6
29272,61,68,-7,7
29273,120,112,8,8
29274,112,107,5,5
29275,176,153,23,23
29276,61,64,-3,3
29277,89,103,-14,14
29278,115,106,9,9
29279,112,100,12,12
29280,110,108,2,2
29281,92,91,1,1
29282,124,117,7,7
29283,60,62,-2,2
29284,70,67,3,3
29285,98,87,11,11
29286,77,77,0,0
29287,60,58,2,2
29288,149,147,2,2
29289,135,133,2,2
29290,71,71,0,0
29291,47,57,-10,10
29292,141,131,10,10
29293,76,86,-10,10
29294,85,79,6,6
29295,66,66,0,0
29296,86,87,-1,1
29297,144,138,6,6
29298,74,80,-6,6
29299,181,173,8,8
29300,79,83,-4,4
29301,106,101,5,5
29302,138,131,7,7
29303,91,77,14,14
29304,76,76,0,0
29305,140,131,9,9
29306,77,79,-2,2
29307,54,62,-8,8
29308,71,74,-3,3
29309,110,99,11,11
29310,90,89,1,1
29311,116,123,-7,7
29312,83,81,2,2
29313,59,64,-5,5
29314,92,97,-5,5
29315,144,135,9,9
29316,67,62,5,5
29317,105,104,1,1
29318,62,61,1,1
29319,136,129,7,7
29320,111,114,-3,3
29321,64,72,-8,8
29322,73,61,12,12
29323,86,95,-9,9
29324,84,85,-1,1
29325,74,78,-4,4
29326,135,130,5,5
29327,119,114,5,5
29328,83,89,-6,6
29329,102,104,-2,2
29330,84,90,-6,6
29331,66,119,-53,53
29332,47,47,0,0
29333,97,95,2,2
29334,106,105,1,1
29335,75,78,-3,3
29336,108,118,-10,10
29337,154,148,6,6
29338,91,88,3,3
29339,75,79,-4,4
29340,155,142,13,13
29341,75,86,-11,11
29342,211,191,20,20
29343,69,67,2,2
29344,52,55,-3,3
29345,84,67,17,17
29346,89,90,-1,1
29347,79,77,2,2
29348,78,84,-6,6
29349,90,85,5,5
29350,305,269,36,36
29351,83,88,-5,5
29352,193,194,-1,1
29353,124,130,-6,6
29354,46,47,-1,1
29355,85,80,5,5
29356,84,88,-4,4
29357,98,99,-1,1
29358,72,74,-2,2
29359,60,66,-6,6
29360,102,102,0,0
29361,92,88,4,4
29362,102,106,-4,4
29363,74,81,-7,7
29364,114,107,7,7
29365,86,98,-12,12
29366,114,118,-4,4
29367,151,161,-10,10
29368,91,94,-3,3
29369,78,73,5,5
29370,153,147,6,6
29371,80,98,-18,18
29372,108,112,-4,4
29373,88,78,10,10
29374,153,142,11,11
29375,71,80,-9,9
29376,95,102,-7,7
29377,127,121,6,6
29378,139,143,-4,4
29379,46,52,-6,6
29380,124,122,2,2
29381,93,99,-6,6
29382,114,108,6,6
29383,93,86,7,7
29384,67,66,1,1
29385,110,113,-3,3
29386,63,66,-3,3
29387,70,68,2,2
29388,87,84,3,3
29389,122,119,3,3
29390,107,116,-9,9
29391,153,145,8,8
29392,94,93,1,1
29393,101,103,-2,2
29394,78,83,-5,5
29395,82,91,-9,9
29396,88,84,4,4
29397,94,86,8,8
29398,37,52,-15,15
29399,67,69,-2,2
29400,85,81,4,4
29401,105,91,14,14
29402,40,50,-10,10
29403,194,182,12,12
29404,123,125,-2,2
29405,87,80,7,7
29406,102,101,1,1
29407,145,132,13,13
29408,68,69,-1,1
29409,159,138,21,21
29410,82,83,-1,1
29411,83,77,6,6
29412,82,84,-2,2
29413,69,65,4,4
29414,103,104,-1,1
29415,105,108,-3,3
29416,100,114,-14,14
29417,55,58,-3,3
29418,80,80,0,0
29419,73,81,-8,8
29420,51,36,15,15
29421,124,121,3,3
29422,52,57,-5,5
29423,115,137,-22,22
29424,116,109,7,7
29425,101,106,-5,5
29426,63,48,15,15
29427,52,59,-7,7
29428,84,78,6,6
29429,142,140,2,2
29430,71,74,-3,3
29431,82,92,-10,10
29432,85,99,-14,14
29433,74,73,1,1
29434,61,53,8,8
29435,107,112,-5,5
29436,98,103,-5,5
29437,80,83,-3,3
29438,69,79,-10,10
29439,64,68,-4,4
29440,137,131,6,6
29441,77,78,-1,1
29442,94,108,-14,14
29443,86,85,1,1
29444,60,62,-2,2
29445,54,68,-14,14
29446,62,65,-3,3
29447,86,87,-1,1
29448,60,61,-1,1
29449,64,65,-1,1
29450,91,94,-3,3
29451,71,68,3,3
29452,78,88,-10,10
29453,104,102,2,2
29454,103,109,-6,6
29455,167,172,-5,5
29456,129,115,14,14
29457,125,124,1,1
29458,108,115,-7,7
29459,77,82,-5,5
29460,121,126,-5,5
29461,77,76,1,1
29462,61,71,-10,10
29463,67,66,1,1
29464,96,93,3,3
29465,113,126,-13,13
29466,70,73,-3,3
29467,79,74,5,5
29468,91,97,-6,6
29469,86,99,-13,13
29470,74,75,-1,1
29471,78,85,-7,7
29472,117,104,13,13
29473,82,72,10,10
29474,79,82,-3,3
29475,138,150,-12,12
29476,92,87,5,5
29477,69,65,4,4
29478,81,90,-9,9
29479,73,75,-2,2
29480,100,105,-5,5
29481,51,47,4,4
29482,60,61,-1,1
29483,109,104,5,5
29484,131,132,-1,1
29485,71,75,-4,4
29486,77,84,-7,7
29487,97,110,-13,13
29488,69,70,-1,1
29489,124,119,5,5
29490,69,70,-1,1
29491,131,124,7,7
29492,87,90,-3,3
29493,178,177,1,1
29494,111,112,-1,1
29495,122,109,13,13
29496,155,146,9,9
29497,136,117,19,19
29498,113,126,-13,13
29499,64,71,-7,7
29500,111,110,1,1
29501,94,91,3,3
29502,58,63,-5,5
29503,89,83,6,6
29504,82,79,3,3
29505,87,92,-5,5
29506,50,59,-9,9
29507,79,76,3,3
29508,140,126,14,14
29509,134,210,-76,76
29510,119,112,7,7
29511,140,144,-4,4
29512,119,120,-1,1
29513,52,54,-2,2
29514,124,136,-12,12
29515,131,107,24,24
29516,45,51,-6,6
29517,70,69,1,1
29518,99,102,-3,3
29519,82,80,2,2
29520,73,69,4,4
29521,120,130,-10,10
29522,107,111,-4,4
29523,88,89,-1,1
29524,82,80,2,2
29525,59,58,1,1
29526,90,103,-13,13
29527,56,65,-9,9
29528,113,116,-3,3
29529,78,70,8,8
29530,61,70,-9,9
29531,89,88,1,1
29532,44,51,-7,7
29533,62,60,2,2
29534,111,116,-5,5
29535,75,76,-1,1
29536,74,73,1,1
29537,79,71,8,8
29538,89,95,-6,6
29539,94,98,-4,4
29540,116,114,2,2
29541,120,111,9,9
29542,180,168,12,12
29543,48,47,1,1
29544,85,85,0,0
29545,112,105,7,7
29546,114,98,16,16
29547,78,75,3,3
29548,111,126,-15,15
29549,71,75,-4,4
29550,64,68,-4,4
29551,47,49,-2,2
29552,85,89,-4,4
29553,90,100,-10,10
29554,137,126,11,11
29555,138,142,-4,4
29556,64,63,1,1
29557,78,76,2,2
29558,42,40,2,2
29559,98,98,0,0
29560,59,51,8,8
29561,76,86,-10,10
29562,106,103,3,3
29563,33,36,-3,3
29564,121,125,-4,4
29565,108,102,6,6
29566,76,79,-3,3
29567,64,61,3,3
29568,73,65,8,8
29569,112,109,3,3
29570,105,101,4,4
29571,59,69,-10,10
29572,205,179,26,26
29573,78,86,-8,8
29574,79,87,-8,8
29575,123,125,-2,2
29576,83,84,-1,1
29577,115,119,-4,4
29578,75,77,-2,2
29579,86,89,-3,3
29580,111,124,-13,13
29581,82,108,-26,26
29582,157,158,-1,1
29583,58,61,-3,3
29584,101,101,0,0
29585,99,99,0,0
29586,96,100,-4,4
29587,133,144,-11,11
29588,93,98,-5,5
29589,79,77,2,2
29590,87,71,16,16
29591,101,108,-7,7
29592,73,73,0,0
29593,76,75,1,1
29594,110,102,8,8
29595,100,100,0,0
29596,87,87,0,0
29597,126,131,-5,5
29598,81,75,6,6
29599,70,82,-12,12
29600,139,140,-1,1
29601,74,73,1,1
29602,147,123,24,24
29603,92,86,6,6
29604,133,116,17,17
29605,87,87,0,0
29606,96,104,-8,8
29607,70,103,-33,33
29608,75,82,-7,7
29609,121,120,1,1
29610,88,86,2,2
29611,96,103,-7,7
29612,196,145,51,51
29613,90,94,-4,4
29614,110,109,1,1
29615,59,61,-2,2
29616,131,128,3,3
29617,56,57,-1,1
29618,98,106,-8,8
29619,94,89,5,5
29620,73,78,-5,5
29621,52,51,1,1
29622,97,90,7,7
29623,119,115,4,4
29624,94,84,10,10
29625,144,137,7,7
29626,128,125,3,3
29627,81,78,3,3
29628,101,94,7,7
29629,138,131,7,7
29630,68,66,2,2
29631,124,108,16,16
29632,61,76,-15,15
29633,118,106,12,12
29634,69,74,-5,5
29635,84,86,-2,2
29636,175,161,14,14
29637,54,57,-3,3
29638,72,83,-11,11
29639,82,74,8,8
29640,102,95,7,7
29641,107,108,-1,1
29642,110,110,0,0
29643,128,127,1,1
29644,132,138,-6,6
29645,80,76,4,4
29646,60,67,-7,7
29647,54,59,-5,5
29648,89,95,-6,6
29649,90,99,-9,9
29650,62,77,-15,15
29651,64,83,-19,19
29652,74,66,8,8
29653,123,202,-79,79
29654,77,77,0,0
29655,79,76,3,3
29656,88,96,-8,8
29657,77,87,-10,10
29658,96,103,-7,7
29659,80,81,-1,1
29660,104,105,-1,1
29661,46,52,-6,6
29662,70,80,-10,10
29663,93,104,-11,11
29664,103,101,2,2
29665,117,110,7,7
29666,80,83,-3,3
29667,93,92,1,1
29668,88,92,-4,4
29669,101,98,3,3
29670,69,72,-3,3
29671,97,99,-2,2
29672,56,55,1,1
29673,101,101,0,0
29674,122,118,4,4
29675,95,102,-7,7
29676,113,111,2,2
29677,150,140,10,10
29678,164,168,-4,4
29679,87,86,1,1
29680,128,123,5,5
29681,66,72,-6,6
29682,68,63,5,5
29683,120,116,4,4
29684,151,152,-1,1
29685,72,65,7,7
29686,89,100,-11,11
29687,231,213,18,18
29688,49,63,-14,14
29689,68,67,1,1
29690,81,80,1,1
29691,96,99,-3,3
29692,123,113,10,10
29693,88,86,2,2
29694,188,184,4,4
29695,78,69,9,9
29696,78,81,-3,3
29697,105,111,-6,6
29698,102,103,-1,1
29699,74,83,-9,9
29700,74,79,-5,5
29701,63,63,0,0
29702,106,106,0,0
29703,90,85,5,5
29704,100,94,6,6
29705,106,105,1,1
29706,74,79,-5,5
29707,75,81,-6,6
29708,119,130,-11,11
29709,115,118,-3,3
29710,125,112,13,13
29711,106,104,2,2
29712,113,117,-4,4
29713,81,80,1,1
29714,84,81,3,3
29715,79,89,-10,10
29716,129,123,6,6
29717,55,56,-1,1
29718,99,104,-5,5
29719,88,93,-5,5
29720,129,112,17,17
29721,92,92,0,0
29722,113,118,-5,5
29723,67,68,-1,1
29724,96,113,-17,17
29725,64,71,-7,7
29726,132,144,-12,12
29727,172,159,13,13
29728,104,110,-6,6
29729,83,74,9,9
29730,70,84,-14,14
29731,104,105,-1,1
29732,78,71,7,7
29733,66,83,-17,17
29734,81,82,-1,1
29735,63,68,-5,5
29736,74,81,-7,7
29737,109,96,13,13
29738,70,69,1,1
29739,91,80,11,11
29740,95,100,-5,5
29741,76,81,-5,5
29742,68,67,1,1
29743,92,91,1,1
29744,65,66,-1,1
29745,36,44,-8,8
29746,105,110,-5,5
29747,110,110,0,0
29748,121,117,4,4
29749,49,49,0,0
29750,98,85,13,13
29751,117,112,5,5
29752,52,104,-52,52
29753,84,87,-3,3
29754,148,143,5,5
29755,63,64,-1,1
29756,63,74,-11,11
29757,92,98,-6,6
29758,85,81,4,4
29759,93,89,4,4
29760,88,76,12,12
29761,80,83,-3,3
29762,83,84,-1,1
29763,61,69,-8,8
29764,76,78,-2,2
29765,81,89,-8,8
29766,75,70,5,5
29767,61,56,5,5
29768,110,110,0,0
29769,91,87,4,4
29770,63,57,6,6
29771,126,130,-4,4
29772,102,92,10,10
29773,102,101,1,1
29774,107,106,1,1
29775,49,52,-3,3
29776,71,78,-7,7
29777,70,85,-15,15
29778,94,100,-6,6
29779,201,192,9,9
29780,80,83,-3,3
29781,62,63,-1,1
29782,97,99,-2,2
29783,77,76,1,1
29784,74,86,-12,12
29785,55,60,-5,5
29786,88,86,2,2
29787,27,48,-21,21
29788,64,63,1,1
29789,95,111,-16,16
29790,74,77,-3,3
29791,99,107,-8,8
29792,68,69,-1,1
29793,65,70,-5,5
29794,97,104,-7,7
29795,73,72,1,1
29796,88,97,-9,9
29797,121,129,-8,8
29798,102,100,2,2
29799,101,108,-7,7
29800,78,86,-8,8
29801,156,145,11,11
29802,76,84,-8,8
29803,66,64,2,2
29804,91,106,-15,15
29805,82,78,4,4
29806,150,151,-1,1
29807,46,48,-2,2
29808,164,162,2,2
29809,134,131,3,3
29810,124,121,3,3
29811,75,78,-3,3
29812,64,73,-9,9
29813,207,194,13,13
29814,125,129,-4,4
29815,143,128,15,15
29816,79,74,5,5
29817,62,64,-2,2
29818,149,154,-5,5
29819,136,133,3,3
29820,48,52,-4,4
29821,117,109,8,8
29822,50,56,-6,6
29823,88,84,4,4
29824,62,66,-4,4
29825,37,47,-10,10
29826,142,128,14,14
29827,59,61,-2,2
29828,123,123,0,0
29829,78,77,1,1
29830,117,113,4,4
29831,84,93,-9,9
29832,191,179,12,12
29833,176,160,16,16
29834,68,52,16,16
29835,58,57,1,1
29836,74,76,-2,2
29837,166,162,4,4
29838,178,170,8,8
29839,102,107,-5,5
29840,106,100,6,6
29841,121,128,-7,7
29842,157,155,2,2
29843,60,58,2,2
29844,116,113,3,3
29845,133,136,-3,3
29846,50,55,-5,5
29847,90,90,0,0
29848,138,128,10,10
29849,216,208,8,8
29850,114,115,-1,1
29851,107,110,-3,3
29852,68,62,6,6
29853,52,60,-8,8
29854,139,132,7,7
29855,98,87,11,11
29856,143,137,6,6
29857,97,88,9,9
29858,80,85,-5,5
29859,60,58,2,2
29860,104,107,-3,3
29861,102,109,-7,7
29862,155,152,3,3
29863,157,147,10,10
29864,122,108,14,14
29865,89,87,2,2
29866,68,66,2,2
29867,68,68,0,0
29868,102,106,-4,4
29869,107,113,-6,6
29870,62,63,-1,1
29871,145,150,-5,5
29872,92,90,2,2
29873,113,110,3,3
29874,72,67,5,5
29875,67,70,-3,3
29876,86,87,-1,1
29877,78,80,-2,2
29878,94,100,-6,6
29879,103,89,14,14
29880,145,151,-6,6
29881,74,79,-5,5
29882,128,135,-7,7
29883,146,121,25,25
29884,54,59,-5,5
29885,162,152,10,10
29886,150,152,-2,2
29887,57,66,-9,9
29888,118,119,-1,1
29889,37,44,-7,7
29890,121,114,7,7
29891,130,121,9,9
29892,62,66,-4,4
29893,66,70,-4,4
29894,119,100,19,19
29895,120,111,9,9
29896,100,106,-6,6
29897,121,130,-9,9
29898,85,95,-10,10
29899,99,98,1,1
29900,63,69,-6,6
29901,98,89,9,9
29902,62,62,0,0
29903,78,79,-1,1
29904,61,62,-1,1
29905,110,104,6,6
29906,90,96,-6,6
29907,125,101,24,24
29908,59,54,5,5
29909,83,78,5,5
29910,103,115,-12,12
29911,66,66,0,0
29912,131,133,-2,2
29913,72,78,-6,6
29914,56,61,-5,5
29915,110,110,0,0
29916,72,76,-4,4
29917,120,124,-4,4
29918,82,85,-3,3
29919,79,85,-6,6
29920,169,165,4,4
29921,140,149,-9,9
29922,139,129,10,10
29923,53,61,-8,8
29924,93,105,-12,12
29925,95,87,8,8
29926,91,89,2,2
29927,96,91,5,5
29928,115,115,0,0
29929,80,74,6,6
29930,61,59,2,2
29931,125,133,-8,8
29932,79,77,2,2
29933,113,109,4,4
29934,113,116,-3,3
29935,79,80,-1,1
29936,143,131,12,12
29937,69,85,-16,16
29938,71,99,-28,28
29939,67,70,-3,3
29940,53,53,0,0
29941,132,142,-10,10
29942,129,125,4,4
29943,85,82,3,3
29944,107,111,-4,4
29945,143,140,3,3
29946,57,54,3,3
29947,99,98,1,1
29948,54,65,-11,11
29949,102,110,-8,8
29950,64,65,-1,1
29951,86,102,-16,16
29952,88,85,3,3
29953,170,154,16,16
29954,71,75,-4,4
29955,127,128,-1,1
29956,61,64,-3,3
29957,63,71,-8,8
29958,46,50,-4,4
29959,78,72,6,6
29960,85,93,-8,8
29961,86,77,9,9
29962,91,87,4,4
29963,75,72,3,3
29964,75,77,-2,2
29965,73,100,-27,27
29966,74,73,1,1
29967,69,76,-7,7
29968,77,72,5,5
29969,119,121,-2,2
29970,77,89,-12,12
29971,143,140,3,3
29972,132,137,-5,5
29973,89,95,-6,6
29974,60,58,2,2
29975,131,138,-7,7
29976,83,75,8,8
29977,80,78,2,2
29978,92,86,6,6
29979,187,188,-1,1
29980,128,130,-2,2
29981,151,142,9,9
29982,44,43,1,1
29983,83,89,-6,6
29984,78,74,4,4
29985,81,84,-3,3
29986,73,74,-1,1
29987,138,139,-1,1
29988,45,46,-1,1
29989,58,62,-4,4
29990,105,108,-3,3
29991,103,104,-1,1
29992,91,89,2,2
29993,48,52,-4,4
29994,74,83,-9,9
29995,104,92,12,12
29996,69,72,-3,3
29997,62,67,-5,5
29998,140,158,-18,18
29999,129,153,-24,24
30000,98,97,1,1
30001,99,101,-2,2
30002,71,69,2,2
30003,149,161,-12,12
30004,101,107,-6,6
30005,114,127,-13,13
30006,181,174,7,7
30007,112,123,-11,11
30008,112,112,0,0
30009,95,99,-4,4
30010,133,133,0,0
30011,168,154,14,14
30012,24,47,-23,23
30013,119,116,3,3
30014,102,101,1,1
30015,84,82,2,2
30016,134,131,3,3
30017,69,66,3,3
30018,66,62,4,4
30019,74,67,7,7
30020,113,112,1,1
30021,64,72,-8,8
30022,79,77,2,2
30023,103,89,14,14
30024,107,109,-2,2
30025,66,74,-8,8
30026,88,89,-1,1
30027,158,164,-6,6
30028,123,113,10,10
30029,73,79,-6,6
30030,105,106,-1,1
30031,65,69,-4,4
30032,119,123,-4,4
30033,68,68,0,0
30034,64,67,-3,3
30035,74,74,0,0
30036,23,33,-10,10
30037,97,98,-1,1
30038,124,122,2,2
30039,72,72,0,0
30040,132,129,3,3
30041,42,55,-13,13
30042,121,115,6,6
30043,89,85,4,4
30044,113,109,4,4
30045,114,112,2,2
30046,57,56,1,1
30047,63,64,-1,1
30048,121,122,-1,1
30049,144,137,7,7
30050,118,119,-1,1
30051,64,65,-1,1
30052,121,119,2,2
30053,135,129,6,6
30054,80,87,-7,7
30055,110,105,5,5
30056,100,101,-1,1
30057,94,104,-10,10
30058,83,78,5,5
30059,87,91,-4,4
30060,67,67,0,0
30061,95,106,-11,11
30062,88,83,5,5
30063,93,93,0,0
30064,91,77,14,14
30065,133,127,6,6
30066,77,100,-23,23
30067,106,113,-7,7
30068,53,61,-8,8
30069,89,90,-1,1
30070,154,132,22,22
30071,98,107,-9,9
30072,54,61,-7,7
30073,79,82,-3,3
30074,115,114,1,1
30075,135,137,-2,2
30076,81,82,-1,1
30077,56,57,-1,1
30078,54,66,-12,12
30079,73,65,8,8
30080,80,86,-6,6
30081,114,111,3,3
30082,170,178,-8,8
30083,124,122,2,2
30084,63,63,0,0
30085,93,107,-14,14
30086,77,76,1,1
30087,178,172,6,6
30088,67,67,0,0
30089,72,63,9,9
30090,60,59,1,1
30091,64,65,-1,1
30092,85,84,1,1
30093,158,151,7,7
30094,124,115,9,9
30095,70,117,-47,47
30096,61,66,-5,5
30097,110,121,-11,11
30098,94,106,-12,12
30099,161,150,11,11
30100,98,100,-2,2
30101,165,156,9,9
30102,82,86,-4,4
30103,102,109,-7,7
30104,105,105,0,0
30105,85,97,-12,12
30106,106,115,-9,9
30107,91,87,4,4
30108,86,90,-4,4
30109,44,47,-3,3
30110,96,103,-7,7
30111,114,111,3,3
30112,83,88,-5,5
30113,24,21,3,3
30114,75,82,-7,7
30115,140,147,-7,7
30116,46,51,-5,5
30117,80,81,-1,1
30118,82,103,-21,21
30119,125,122,3,3
30120,56,60,-4,4
30121,76,77,-1,1
30122,44,46,-2,2
30123,102,97,5,5
30124,146,143,3,3
30125,46,50,-4,4
30126,80,84,-4,4
30127,117,125,-8,8
30128,85,77,8,8
30129,60,56,4,4
30130,81,91,-10,10
30131,42,39,3,3
30132,79,88,-9,9
30133,98,95,3,3
30134,110,108,2,2
30135,74,74,0,0
30136,54,53,1,1
30137,113,120,-7,7
30138,78,90,-12,12
30139,52,50,2,2
30140,449,471,-22,22
30141,121,125,-4,4
30142,68,65,3,3
30143,35,40,-5,5
30144,36,42,-6,6
30145,81,88,-7,7
30146,155,153,2,2
30147,207,185,22,22
30148,105,112,-7,7
30149,66,72,-6,6
30150,105,89,16,16
30151,63,59,4,4
30152,97,94,3,3
30153,114,105,9,9
30154,69,70,-1,1
30155,181,180,1,1
30156,58,63,-5,5
30157,56,60,-4,4
30158,41,47,-6,6
30159,61,67,-6,6
30160,108,115,-7,7
30161,113,105,8,8
30162,46,39,7,7
30163,85,80,5,5
30164,109,114,-5,5
30165,144,147,-3,3
30166,45,76,-31,31
30167,56,52,4,4
30168,71,66,5,5
30169,83,73,10,10
30170,72,75,-3,3
30171,92,82,10,10
30172,97,114,-17,17
30173,52,56,-4,4
30174,135,140,-5,5
30175,69,74,-5,5
30176,88,97,-9,9
30177,79,78,1,1
30178,74,73,1,1
30179,74,76,-2,2
30180,102,108,-6,6
30181,154,141,13,13
30182,225,221,4,4
30183,98,108,-10,10
30184,77,79,-2,2
30185,164,147,17,17
30186,144,115,29,29
30187,75,70,5,5
30188,142,151,-9,9
30189,115,116,-1,1
30190,81,81,0,0
30191,103,107,-4,4
30192,94,103,-9,9
30193,76,96,-20,20
30194,50,55,-5,5
30195,108,120,-12,12
30196,146,140,6,6
30197,90,90,0,0
30198,129,126,3,3
30199,74,87,-13,13
30200,105,103,2,2
30201,91,90,1,1
30202,121,127,-6,6
30203,109,98,11,11
30204,85,102,-17,17
30205,111,120,-9,9
30206,136,134,2,2
30207,74,73,1,1
30208,89,100,-11,11
30209,102,104,-2,2
30210,63,57,6,6
30211,113,118,-5,5
30212,92,81,11,11
30213,87,91,-4,4
30214,98,99,-1,1
30215,111,110,1,1
30216,116,105,11,11
30217,133,137,-4,4
30218,160,153,7,7
30219,86,85,1,1
30220,132,133,-1,1
30221,110,111,-1,1
30222,53,55,-2,2
30223,95,98,-3,3
30224,88,87,1,1
30225,56,59,-3,3
30226,75,80,-5,5
30227,76,77,-1,1
30228,47,51,-4,4
30229,96,89,7,7
30230,39,60,-21,21
30231,159,143,16,16
30232,61,64,-3,3
30233,53,51,2,2
30234,84,87,-3,3
30235,85,82,3,3
30236,82,88,-6,6
30237,88,98,-10,10
30238,87,66,21,21
30239,111,111,0,0
30240,161,149,12,12
30241,131,135,-4,4
30242,89,82,7,7
30243,156,152,4,4
30244,61,60,1,1
30245,94,104,-10,10
30246,102,89,13,13
30247,167,172,-5,5
30248,182,170,12,12
30249,59,55,4,4
30250,162,147,15,15
30251,132,127,5,5
30252,66,64,2,2
30253,88,88,0,0
30254,106,91,15,15
30255,59,62,-3,3
30256,86,93,-7,7
30257,45,52,-7,7
30258,42,53,-11,11
30259,54,54,0,0
30260,79,82,-3,3
30261,139,145,-6,6
30262,98,105,-7,7
30263,113,112,1,1
30264,87,87,0,0
30265,55,61,-6,6
30266,47,51,-4,4
30267,93,103,-10,10
30268,55,61,-6,6
30269,113,142,-29,29
30270,87,80,7,7
30271,138,143,-5,5
30272,106,98,8,8
30273,76,80,-4,4
30274,89,89,0,0
30275,90,85,5,5
30276,119,115,4,4
30277,106,107,-1,1
30278,89,86,3,3
30279,80,84,-4,4
30280,77,79,-2,2
30281,138,126,12,12
30282,99,98,1,1
30283,70,78,-8,8
30284,107,106,1,1
30285,64,66,-2,2
30286,123,123,0,0
30287,75,79,-4,4
30288,46,51,-5,5
30289,94,99,-5,5
30290,68,66,2,2
30291,116,124,-8,8
30292,68,76,-8,8
30293,42,39,3,3
30294,74,62,12,12
30295,102,107,-5,5
30296,111,106,5,5
30297,102,113,-11,11
30298,155,176,-21,21
30299,97,105,-8,8
30300,75,73,2,2
30301,158,170,-12,12
30302,66,56,10,10
30303,72,71,1,1
30304,197,163,34,34
30305,133,115,18,18
30306,103,112,-9,9
30307,119,116,3,3
30308,88,97,-9,9
30309,56,64,-8,8
30310,59,69,-10,10
30311,73,86,-13,13
30312,100,93,7,7
30313,83,79,4,4
30314,104,103,1,1
30315,91,100,-9,9
30316,86,90,-4,4
30317,62,60,2,2
30318,90,105,-15,15
30319,79,79,0,0
30320,127,127,0,0
30321,108,118,-10,10
30322,38,58,-20,20
30323,63,72,-9,9
30324,55,58,-3,3
30325,111,96,15,15
30326,53,63,-10,10
30327,77,77,0,0
30328,143,146,-3,3
30329,136,131,5,5
30330,47,56,-9,9
30331,85,81,4,4
30332,96,97,-1,1
30333,87,84,3,3
30334,87,86,1,1
30335,144,132,12,12
30336,105,99,6,6
30337,96,107,-11,11
30338,78,82,-4,4
30339,140,156,-16,16
30340,69,69,0,0
30341,41,49,-8,8
30342,73,82,-9,9
30343,75,76,-1,1
30344,54,63,-9,9
30345,71,76,-5,5
30346,92,100,-8,8
30347,78,77,1,1
30348,106,106,0,0
30349,77,81,-4,4
30350,74,72,2,2
30351,59,58,1,1
30352,94,108,-14,14
30353,86,82,4,4
30354,102,112,-10,10
30355,87,98,-11,11
30356,121,121,0,0
30357,75,72,3,3
30358,108,108,0,0
30359,174,162,12,12
30360,119,116,3,3
30361,84,90,-6,6
30362,98,100,-2,2
30363,84,92,-8,8
30364,89,83,6,6
30365,87,75,12,12
30366,43,55,-12,12
30367,95,104,-9,9
30368,62,68,-6,6
30369,97,107,-10,10
30370,110,110,0,0
30371,102,111,-9,9
30372,95,102,-7,7
30373,84,86,-2,2
30374,88,88,0,0
30375,101,103,-2,2
30376,154,154,0,0
30377,159,151,8,8
30378,103,96,7,7
30379,75,77,-2,2
30380,119,108,11,11
30381,27,35,-8,8
30382,77,83,-6,6
30383,169,152,17,17
30384,151,157,-6,6
30385,72,63,9,9
30386,145,128,17,17
30387,62,67,-5,5
30388,52,69,-17,17
30389,69,79,-10,10
30390,74,73,1,1
30391,102,84,18,18
30392,91,100,-9,9
30393,93,90,3,3
30394,81,83,-2,2
30395,137,133,4,4
30396,157,158,-1,1
30397,48,49,-1,1
30398,122,125,-3,3
30399,64,68,-4,4
30400,175,167,8,8
30401,74,64,10,10
30402,47,53,-6,6
30403,103,102,1,1
30404,88,98,-10,10
30405,64,72,-8,8
30406,94,98,-4,4
30407,111,110,1,1
30408,209,188,21,21
30409,80,79,1,1
30410,108,114,-6,6
30411,103,103,0,0
30412,93,117,-24,24
30413,86,89,-3,3
30414,105,105,0,0
30415,110,108,2,2
30416,82,86,-4,4
30417,69,63,6,6
30418,43,45,-2,2
30419,74,81,-7,7
30420,131,119,12,12
30421,137,138,-1,1
30422,110,122,-12,12
30423,61,68,-7,7
30424,90,91,-1,1
30425,78,77,1,1
30426,82,85,-3,3
30427,82,85,-3,3
30428,66,60,6,6
30429,136,141,-5,5
30430,112,104,8,8
30431,71,72,-1,1
30432,114,116,-2,2
30433,105,154,-49,49
30434,93,81,12,12
30435,122,129,-7,7
30436,167,170,-3,3
30437,67,63,4,4
30438,62,81,-19,19
30439,116,112,4,4
30440,120,110,10,10
30441,126,125,1,1
30442,110,108,2,2
30443,85,87,-2,2
30444,124,119,5,5
30445,129,133,-4,4
30446,99,117,-18,18
30447,172,165,7,7
30448,76,80,-4,4
30449,64,61,3,3
30450,138,128,10,10
30451,59,60,-1,1
30452,123,118,5,5
30453,140,105,35,35
30454,67,66,1,1
30455,211,195,16,16
30456,155,145,10,10
30457,84,94,-10,10
30458,125,128,-3,3
30459,72,74,-2,2
30460,121,130,-9,9
30461,121,125,-4,4
30462,141,146,-5,5
30463,67,67,0,0
30464,73,100,-27,27
30465,107,112,-5,5
30466,72,66,6,6
30467,65,71,-6,6
30468,82,80,2,2
30469,87,76,11,11
30470,87,83,4,4
30471,52,58,-6,6
30472,84,78,6,6
30473,81,78,3,3
30474,75,81,-6,6
30475,126,130,-4,4
30476,45,51,-6,6
30477,48,55,-7,7
30478,77,81,-4,4
30479,150,132,18,18
30480,100,102,-2,2
30481,128,135,-7,7
30482,86,87,-1,1
30483,72,64,8,8
30484,108,107,1,1
30485,61,41,20,20
30486,121,127,-6,6
30487,132,132,0,0
30488,112,118,-6,6
30489,148,144,4,4
30490,89,106,-17,17
30491,47,56,-9,9
30492,75,77,-2,2
30493,113,128,-15,15
30494,82,87,-5,5
30495,82,83,-1,1
30496,155,144,11,11
30497,114,112,2,2
30498,85,90,-5,5
30499,97,103,-6,6
30500,117,108,9,9
30501,57,58,-1,1
30502,121,123,-2,2
30503,50,52,-2,2
30504,32,36,-4,4
30505,126,124,2,2
30506,85,90,-5,5
30507,45,53,-8,8
30508,105,103,2,2
30509,84,87,-3,3
30510,99,96,3,3
30511,129,100,29,29
30512,115,114,1,1
30513,127,131,-4,4
30514,42,65,-23,23
30515,86,98,-12,12
30516,106,108,-2,2
30517,108,105,3,3
30518,143,143,0,0
30519,98,108,-10,10
30520,131,111,20,20
30521,117,117,0,0
30522,82,75,7,7
30523,79,82,-3,3
30524,58,59,-1,1
30525,96,91,5,5
30526,105,99,6,6
30527,103,110,-7,7
30528,72,87,-15,15
30529,108,118,-10,10
30530,155,151,4,4
30531,164,153,11,11
30532,60,59,1,1
30533,130,125,5,5
30534,123,121,2,2
30535,104,110,-6,6
30536,79,77,2,2
30537,136,134,2,2
30538,130,132,-2,2
30539,135,123,12,12
30540,77,77,0,0
30541,136,131,5,5
30542,107,83,24,24
30543,127,117,10,10
30544,116,119,-3,3
30545,132,132,0,0
30546,88,81,7,7
30547,74,70,4,4
30548,71,82,-11,11
30549,53,54,-1,1
30550,57,56,1,1
30551,189,181,8,8
30552,49,48,1,1
30553,124,132,-8,8
30554,127,124,3,3
30555,45,64,-19,19
30556,110,116,-6,6
30557,104,111,-7,7
30558,82,84,-2,2
30559,133,131,2,2
30560,229,205,24,24
30561,64,69,-5,5
30562,107,100,7,7
30563,109,112,-3,3
30564,174,164,10,10
30565,176,171,5,5
30566,101,96,5,5
30567,113,111,2,2
30568,139,131,8,8
30569,56,57,-1,1
30570,75,75,0,0
30571,89,89,0,0
30572,34,43,-9,9
30573,130,129,1,1
30574,81,77,4,4
30575,103,117,-14,14
30576,99,104,-5,5
30577,136,141,-5,5
30578,37,41,-4,4
30579,82,78,4,4
30580,125,125,0,0
30581,121,121,0,0
30582,94,88,6,6
30583,67,66,1,1
30584,110,121,-11,11
30585,82,80,2,2
30586,106,118,-12,12
30587,154,143,11,11
30588,97,97,0,0
30589,65,69,-4,4
30590,81,88,-7,7
30591,53,53,0,0
30592,123,115,8,8
30593,123,113,10,10
30594,60,51,9,9
30595,59,66,-7,7
30596,71,102,-31,31
30597,154,148,6,6
30598,89,86,3,3
30599,89,82,7,7
30600,95,88,7,7
30601,78,78,0,0
30602,79,82,-3,3
30603,132,135,-3,3
30604,124,127,-3,3
30605,125,123,2,2
30606,73,74,-1,1
30607,109,114,-5,5
30608,84,83,1,1
30609,114,120,-6,6
30610,98,102,-4,4
30611,229,208,21,21
30612,118,120,-2,2
30613,105,109,-4,4
30614,56,64,-8,8
30615,86,84,2,2
30616,72,77,-5,5
30617,144,167,-23,23
30618,151,144,7,7
30619,91,87,4,4
30620,134,139,-5,5
30621,142,139,3,3
30622,119,122,-3,3
30623,115,113,2,2
30624,122,127,-5,5
30625,121,112,9,9
30626,145,155,-10,10
30627,151,147,4,4
30628,99,80,19,19
30629,90,90,0,0
30630,115,141,-26,26
30631,65,84,-19,19
30632,90,90,0,0
30633,78,80,-2,2
30634,65,73,-8,8
30635,77,80,-3,3
30636,64,66,-2,2
30637,204,197,7,7
30638,134,142,-8,8
30639,144,134,10,10
30640,127,133,-6,6
30641,88,81,7,7
30642,61,65,-4,4
30643,118,121,-3,3
30644,91,91,0,0
30645,143,123,20,20
30646,166,151,15,15
30647,77,74,3,3
30648,97,92,5,5
30649,97,102,-5,5
30650,98,85,13,13
30651,71,72,-1,1
30652,77,74,3,3
30653,145,139,6,6
30654,127,124,3,3
30655,144,140,4,4
30656,128,120,8,8
30657,148,146,2,2
30658,67,64,3,3
30659,147,151,-4,4
30660,85,98,-13,13
30661,98,102,-4,4
30662,72,71,1,1
30663,74,79,-5,5
30664,111,114,-3,3
30665,80,77,3,3
30666,73,72,1,1
30667,79,83,-4,4
30668,90,77,13,13
30669,104,96,8,8
30670,70,71,-1,1
30671,99,103,-4,4
30672,64,68,-4,4
30673,68,72,-4,4
30674,96,94,2,2
30675,44,54,-10,10
30676,84,84,0,0
30677,81,75,6,6
30678,152,152,0,0
30679,69,73,-4,4
30680,86,104,-18,18
30681,89,99,-10,10
30682,151,147,4,4
30683,80,89,-9,9
30684,97,104,-7,7
30685,55,55,0,0
30686,126,117,9,9
30687,110,122,-12,12
30688,112,123,-11,11
30689,156,139,17,17
30690,52,64,-12,12
30691,88,90,-2,2
30692,98,109,-11,11
30693,131,125,6,6
30694,114,111,3,3
30695,154,158,-4,4
30696,52,60,-8,8
30697,134,137,-3,3
30698,60,59,1,1
30699,68,69,-1,1
30700,119,121,-2,2
30701,61,68,-7,7
30702,94,105,-11,11
30703,98,107,-9,9
30704,103,111,-8,8
30705,120,124,-4,4
30706,97,99,-2,2
30707,126,120,6,6
30708,103,101,2,2
30709,97,102,-5,5
30710,89,85,4,4
30711,69,69,0,0
30712,58,57,1,1
30713,109,105,4,4
30714,91,80,11,11
30715,76,76,0,0
30716,206,192,14,14
30717,109,101,8,8
30718,167,163,4,4
30719,124,118,6,6
30720,68,67,1,1
30721,162,138,24,24
30722,92,91,1,1
30723,160,164,-4,4
30724,107,106,1,1
30725,104,91,13,13
30726,72,67,5,5
30727,59,64,-5,5
30728,102,96,6,6
30729,110,121,-11,11
30730,71,71,0,0
30731,96,90,6,6
30732,117,115,2,2
30733,67,71,-4,4
30734,64,71,-7,7
30735,111,109,2,2
30736,54,50,4,4
30737,70,73,-3,3
30738,89,86,3,3
30739,125,136,-11,11
30740,81,96,-15,15
30741,132,126,6,6
30742,122,126,-4,4
30743,83,88,-5,5
30744,49,61,-12,12
30745,134,119,15,15
30746,86,87,-1,1
30747,87,84,3,3
30748,113,113,0,0
30749,147,150,-3,3
30750,57,71,-14,14
30751,81,80,1,1
30752,84,90,-6,6
30753,130,126,4,4
30754,103,100,3,3
30755,57,62,-5,5
30756,58,62,-4,4
30757,147,129,18,18
30758,136,136,0,0
30759,78,82,-4,4
30760,92,98,-6,6
30761,69,76,-7,7
30762,151,140,11,11
30763,155,161,-6,6
30764,80,88,-8,8
30765,71,66,5,5
30766,113,177,-64,64
30767,129,114,15,15
30768,113,115,-2,2
30769,82,88,-6,6
30770,69,61,8,8
30771,95,92,3,3
30772,86,88,-2,2
30773,86,78,8,8
30774,73,70,3,3
30775,84,88,-4,4
30776,99,100,-1,1
30777,159,145,14,14
30778,94,100,-6,6
30779,93,98,-5,5
30780,52,56,-4,4
30781,92,93,-1,1
30782,77,87,-10,10
30783,83,85,-2,2
30784,145,149,-4,4
30785,89,85,4,4
30786,98,94,4,4
30787,128,134,-6,6
30788,70,82,-12,12
30789,85,85,0,0
30790,94,98,-4,4
30791,63,71,-8,8
30792,120,110,10,10
30793,93,105,-12,12
30794,113,113,0,0
30795,164,169,-5,5
30796,121,118,3,3
30797,61,56,5,5
30798,100,136,-36,36
30799,67,62,5,5
30800,107,108,-1,1
30801,56,51,5,5
30802,79,81,-2,2
30803,116,148,-32,32
30804,139,137,2,2
30805,112,122,-10,10
30806,92,92,0,0
30807,108,107,1,1
30808,124,130,-6,6
30809,158,164,-6,6
30810,106,101,5,5
30811,132,129,3,3
30812,100,100,0,0
30813,64,100,-36,36
30814,128,122,6,6
30815,53,50,3,3
30816,54,52,2,2
30817,81,84,-3,3
30818,67,66,1,1
30819,97,115,-18,18
30820,129,119,10,10
30821,122,109,13,13
30822,139,137,2,2
30823,44,50,-6,6
30824,131,129,2,2
30825,67,74,-7,7
30826,115,112,3,3
30827,53,52,1,1
30828,84,83,1,1
30829,124,124,0,0
30830,74,68,6,6
30831,104,113,-9,9
30832,70,77,-7,7
30833,112,114,-2,2
30834,90,78,12,12
30835,83,104,-21,21
30836,71,74,-3,3
30837,81,79,2,2
30838,124,143,-19,19
30839,161,164,-3,3
30840,52,55,-3,3
30841,78,85,-7,7
30842,57,51,6,6
30843,113,114,-1,1
30844,105,100,5,5
30845,119,111,8,8
30846,48,54,-6,6
30847,123,127,-4,4
30848,96,93,3,3
30849,124,116,8,8
30850,129,132,-3,3
30851,125,127,-2,2
30852,104,110,-6,6
30853,117,119,-2,2
30854,151,150,1,1
30855,125,122,3,3
30856,87,100,-13,13
30857,71,72,-1,1
30858,58,59,-1,1
30859,127,127,0,0
30860,143,128,15,15
30861,78,78,0,0
30862,114,125,-11,11
30863,49,50,-1,1
30864,86,89,-3,3
30865,81,90,-9,9
30866,85,87,-2,2
30867,158,139,19,19
30868,57,55,2,2
30869,109,111,-2,2
30870,95,91,4,4
30871,45,45,0,0
30872,76,89,-13,13
30873,83,81,2,2
30874,100,117,-17,17
30875,65,79,-14,14
30876,76,80,-4,4
30877,47,62,-15,15
30878,70,72,-2,2
30879,157,159,-2,2
30880,204,180,24,24
30881,88,84,4,4
30882,93,86,7,7
30883,53,64,-11,11
30884,97,102,-5,5
30885,84,84,0,0
30886,66,73,-7,7
30887,73,78,-5,5
30888,64,67,-3,3
30889,102,94,8,8
30890,56,61,-5,5
30891,73,77,-4,4
30892,78,83,-5,5
30893,64,73,-9,9
30894,89,98,-9,9
30895,108,113,-5,5
30896,79,73,6,6
30897,99,102,-3,3
30898,104,105,-1,1
30899,174,161,13,13
30900,76,80,-4,4
30901,67,75,-8,8
30902,103,102,1,1
30903,72,72,0,0
30904,65,79,-14,14
30905,79,84,-5,5
30906,39,69,-30,30
30907,42,46,-4,4
30908,43,48,-5,5
30909,130,131,-1,1
30910,56,58,-2,2
30911,67,74,-7,7
30912,61,64,-3,3
30913,79,68,11,11
30914,122,104,18,18
30915,121,119,2,2
30916,87,80,7,7
30917,95,103,-8,8
30918,76,76,0,0
30919,98,86,12,12
30920,149,150,-1,1
30921,37,42,-5,5
30922,91,79,12,12
30923,99,92,7,7
30924,64,70,-6,6
30925,113,111,2,2
30926,82,84,-2,2
30927,71,74,-3,3
30928,103,111,-8,8
30929,58,63,-5,5
30930,112,109,3,3
30931,61,63,-2,2
30932,60,70,-10,10
30933,118,124,-6,6
30934,48,60,-12,12
30935,86,76,10,10
30936,61,70,-9,9
30937,123,115,8,8
30938,151,146,5,5
30939,50,52,-2,2
30940,123,132,-9,9
30941,186,183,3,3
30942,59,67,-8,8
30943,141,140,1,1
30944,130,152,-22,22
30945,83,77,6,6
30946,63,67,-4,4
30947,168,153,15,15
30948,88,87,1,1
30949,49,57,-8,8
30950,47,56,-9,9
30951,81,85,-4,4
30952,176,153,23,23
30953,58,61,-3,3
30954,48,42,6,6
30955,117,120,-3,3
30956,115,109,6,6
30957,120,115,5,5
30958,90,89,1,1
30959,46,54,-8,8
30960,113,126,-13,13
30961,64,71,-7,7
30962,126,120,6,6
30963,153,137,16,16
30964,114,108,6,6
30965,182,184,-2,2
30966,114,118,-4,4
30967,91,95,-4,4
30968,116,106,10,10
30969,135,128,7,7
30970,70,73,-3,3
30971,80,76,4,4
30972,50,65,-15,15
30973,90,92,-2,2
30974,50,57,-7,7
30975,144,129,15,15
30976,77,74,3,3
30977,81,76,5,5
30978,41,50,-9,9
30979,80,84,-4,4
30980,97,93,4,4
30981,65,66,-1,1
30982,70,72,-2,2
30983,176,183,-7,7
30984,143,140,3,3
30985,79,81,-2,2
30986,122,116,6,6
30987,135,133,2,2
30988,85,92,-7,7
30989,50,56,-6,6
30990,88,85,3,3
30991,120,111,9,9
30992,134,134,0,0
30993,74,81,-7,7
30994,86,97,-11,11
30995,95,98,-3,3
30996,56,64,-8,8
30997,92,91,1,1
30998,86,86,0,0
30999,70,89,-19,19
31000,81,80,1,1
31001,113,118,-5,5
31002,99,93,6,6
31003,77,81,-4,4
31004,31,29,2,2
31005,99,96,3,3
31006,85,83,2,2
31007,80,89,-9,9
31008,92,90,2,2
31009,56,62,-6,6
31010,139,150,-11,11
31011,51,48,3,3
31012,36,33,3,3
31013,126,119,7,7
31014,76,80,-4,4
31015,96,110,-14,14
31016,87,92,-5,5
31017,117,116,1,1
31018,102,109,-7,7
31019,89,98,-9,9
31020,107,90,17,17
31021,79,80,-1,1
31022,89,90,-1,1
31023,67,64,3,3
31024,114,113,1,1
31025,69,72,-3,3
31026,115,100,15,15
31027,168,173,-5,5
31028,84,97,-13,13
31029,79,54,25,25
31030,133,138,-5,5
31031,123,112,11,11
31032,102,115,-13,13
31033,123,116,7,7
31034,97,88,9,9
31035,89,89,0,0
31036,92,101,-9,9
31037,171,151,20,20
31038,72,66,6,6
31039,92,103,-11,11
31040,54,63,-9,9
31041,113,118,-5,5
31042,110,100,10,10
31043,64,64,0,0
31044,64,65,-1,1
31045,69,64,5,5
31046,81,82,-1,1
31047,101,105,-4,4
31048,92,91,1,1
31049,85,97,-12,12
31050,58,58,0,0
31051,124,118,6,6
31052,81,78,3,3
31053,108,102,6,6
31054,93,88,5,5
31055,70,62,8,8
31056,119,99,20,20
31057,65,66,-1,1
31058,90,82,8,8
31059,53,55,-2,2
31060,73,79,-6,6
31061,52,57,-5,5
31062,97,102,-5,5
31063,118,106,12,12
31064,95,92,3,3
31065,89,87,2,2
31066,66,64,2,2
31067,75,81,-6,6
31068,107,104,3,3
31069,63,62,1,1
31070,148,137,11,11
31071,110,112,-2,2
31072,96,109,-13,13
31073,123,129,-6,6
31074,123,115,8,8
31075,106,90,16,16
31076,101,93,8,8
31077,105,110,-5,5
31078,94,103,-9,9
31079,53,69,-16,16
31080,53,62,-9,9
31081,116,119,-3,3
31082,122,131,-9,9
31083,96,104,-8,8
31084,117,114,3,3
31085,105,104,1,1
31086,74,76,-2,2
31087,43,54,-11,11
31088,110,113,-3,3
31089,71,74,-3,3
31090,72,70,2,2
31091,109,111,-2,2
31092,142,144,-2,2
31093,69,66,3,3
31094,127,137,-10,10
31095,113,123,-10,10
31096,61,65,-4,4
31097,108,108,0,0
31098,83,77,6,6
31099,58,65,-7,7
31100,107,107,0,0
31101,108,127,-19,19
31102,97,98,-1,1
31103,101,97,4,4
31104,101,108,-7,7
31105,123,114,9,9
31106,68,71,-3,3
31107,89,84,5,5
31108,47,51,-4,4
31109,128,119,9,9
31110,117,116,1,1
31111,94,88,6,6
31112,111,104,7,7
31113,51,55,-4,4
31114,65,75,-10,10
31115,79,101,-22,22
31116,140,140,0,0
31117,152,135,17,17
31118,108,111,-3,3
31119,115,110,5,5
31120,78,89,-11,11
31121,100,104,-4,4
31122,69,74,-5,5
31123,127,126,1,1
31124,64,61,3,3
31125,148,145,3,3
31126,105,103,2,2
31127,123,121,2,2
31128,56,60,-4,4
31129,60,70,-10,10
31130,100,97,3,3
31131,77,103,-26,26
31132,89,112,-23,23
31133,63,72,-9,9
31134,70,70,0,0
31135,74,68,6,6
31136,74,81,-7,7
31137,149,130,19,19
31138,60,65,-5,5
31139,115,166,-51,51
31140,65,72,-7,7
31141,95,89,6,6
31142,126,143,-17,17
31143,84,97,-13,13
31144,114,105,9,9
31145,130,124,6,6
31146,117,108,9,9
31147,135,139,-4,4
31148,110,117,-7,7
31149,74,70,4,4
31150,91,94,-3,3
31151,102,100,2,2
31152,76,84,-8,8
31153,81,100,-19,19
31154,117,114,3,3
31155,58,62,-4,4
31156,52,69,-17,17
31157,44,62,-18,18
31158,126,133,-7,7
31159,102,107,-5,5
31160,68,63,5,5
31161,96,117,-21,21
31162,116,107,9,9
31163,96,90,6,6
31164,44,53,-9,9
31165,49,47,2,2
31166,109,108,1,1
31167,40,50,-10,10
31168,84,117,-33,33
31169,57,57,0,0
31170,85,93,-8,8
31171,44,46,-2,2
31172,77,74,3,3
31173,70,82,-12,12
31174,63,70,-7,7
31175,75,71,4,4
31176,88,89,-1,1
31177,98,95,3,3
31178,66,84,-18,18
31179,78,73,5,5
31180,95,105,-10,10
31181,99,127,-28,28
31182,20,97,-77,77
31183,88,91,-3,3
31184,165,160,5,5
31185,127,124,3,3
31186,55,60,-5,5
31187,145,142,3,3
31188,72,72,0,0
31189,84,77,7,7
31190,62,66,-4,4
31191,107,103,4,4
31192,113,99,14,14
31193,64,69,-5,5
31194,132,116,16,16
31195,80,74,6,6
31196,64,70,-6,6
31197,58,71,-13,13
31198,53,66,-13,13
31199,101,103,-2,2
31200,97,90,7,7
31201,93,94,-1,1
31202,87,77,10,10
31203,78,76,2,2
31204,70,64,6,6
31205,119,86,33,33
31206,66,70,-4,4
31207,82,92,-10,10
31208,117,103,14,14
31209,106,103,3,3
31210,79,79,0,0
31211,129,159,-30,30
31212,95,86,9,9
31213,66,74,-8,8
31214,63,63,0,0
31215,128,128,0,0
31216,86,79,7,7
31217,87,95,-8,8
31218,115,113,2,2
31219,126,127,-1,1
31220,66,105,-39,39
31221,138,139,-1,1
31222,118,107,11,11
31223,105,108,-3,3
31224,59,69,-10,10
31225,51,59,-8,8
31226,45,61,-16,16
31227,79,81,-2,2
31228,103,92,11,11
31229,86,109,-23,23
31230,63,61,2,2
31231,104,107,-3,3
31232,144,138,6,6
31233,160,145,15,15
31234,55,61,-6,6
31235,83,83,0,0
31236,104,106,-2,2
31237,61,63,-2,2
31238,92,101,-9,9
31239,72,77,-5,5
31240,103,101,2,2
31241,192,170,22,22
31242,89,85,4,4
31243,76,74,2,2
31244,70,77,-7,7
31245,81,75,6,6
31246,96,98,-2,2
31247,120,116,4,4
31248,88,90,-2,2
31249,81,75,6,6
31250,91,90,1,1
31251,104,97,7,7
31252,71,72,-1,1
31253,51,49,2,2
31254,138,130,8,8
31255,88,74,14,14
31256,64,75,-11,11
31257,108,114,-6,6
31258,120,118,2,2
31259,78,104,-26,26
31260,158,142,16,16
31261,185,166,19,19
31262,168,175,-7,7
31263,96,103,-7,7
31264,100,79,21,21
31265,48,108,-60,60
31266,80,81,-1,1
31267,49,57,-8,8
31268,108,110,-2,2
31269,71,74,-3,3
31270,111,112,-1,1
31271,75,72,3,3
31272,117,119,-2,2
31273,156,142,14,14
31274,111,105,6,6
31275,108,111,-3,3
31276,54,58,-4,4
31277,83,97,-14,14
31278,91,82,9,9
31279,53,62,-9,9
31280,46,51,-5,5
31281,39,46,-7,7
31282,97,109,-12,12
31283,97,111,-14,14
31284,93,87,6,6
31285,173,161,12,12
31286,76,75,1,1
31287,146,140,6,6
31288,128,135,-7,7
31289,81,76,5,5
31290,90,92,-2,2
31291,109,114,-5,5
31292,123,113,10,10
31293,100,102,-2,2
31294,77,82,-5,5
31295,77,79,-2,2
31296,109,121,-12,12
31297,85,83,2,2
31298,94,91,3,3
31299,57,57,0,0
31300,51,54,-3,3
31301,50,60,-10,10
31302,80,75,5,5
31303,73,71,2,2
31304,68,75,-7,7
31305,153,141,12,12
31306,120,129,-9,9
31307,99,102,-3,3
31308,97,93,4,4
31309,82,79,3,3
31310,85,96,-11,11
31311,84,66,18,18
31312,93,105,-12,12
31313,55,61,-6,6
31314,53,57,-4,4
31315,148,142,6,6
31316,115,124,-9,9
31317,116,116,0,0
31318,109,100,9,9
31319,72,77,-5,5
31320,85,87,-2,2
31321,78,68,10,10
31322,133,124,9,9
31323,89,88,1,1
31324,53,65,-12,12
31325,145,154,-9,9
31326,75,71,4,4
31327,60,64,-4,4
31328,71,70,1,1
31329,62,65,-3,3
31330,165,156,9,9
31331,51,64,-13,13
31332,146,157,-11,11
31333,64,65,-1,1
31334,75,84,-9,9
31335,79,74,5,5
31336,85,87,-2,2
31337,100,103,-3,3
31338,119,112,7,7
31339,106,115,-9,9
31340,79,80,-1,1
31341,163,156,7,7
31342,121,129,-8,8
31343,66,73,-7,7
31344,114,115,-1,1
31345,77,81,-4,4
31346,57,59,-2,2
31347,87,97,-10,10
31348,86,83,3,3
31349,71,78,-7,7
31350,124,122,2,2
31351,65,63,2,2
31352,111,108,3,3
31353,62,71,-9,9
31354,94,85,9,9
31355,76,79,-3,3
31356,122,135,-13,13
31357,136,152,-16,16
31358,76,76,0,0
31359,82,94,-12,12
31360,62,61,1,1
31361,65,64,1,1
31362,63,73,-10,10
31363,50,52,-2,2
31364,56,70,-14,14
31365,80,88,-8,8
31366,95,85,10,10
31367,94,99,-5,5
31368,90,78,12,12
31369,116,103,13,13
31370,113,106,7,7
31371,70,69,1,1
31372,31,40,-9,9
31373,70,76,-6,6
31374,72,69,3,3
31375,92,85,7,7
31376,82,80,2,2
31377,58,69,-11,11
31378,104,115,-11,11
31379,75,75,0,0
31380,90,99,-9,9
31381,130,125,5,5
31382,126,126,0,0
31383,89,86,3,3
31384,108,107,1,1
31385,51,58,-7,7
31386,132,130,2,2
31387,91,92,-1,1
31388,109,118,-9,9
31389,103,120,-17,17
31390,87,83,4,4
31391,123,126,-3,3
31392,109,103,6,6
31393,77,91,-14,14
31394,96,101,-5,5
31395,82,85,-3,3
31396,111,110,1,1
31397,72,71,1,1
31398,117,111,6,6
31399,117,117,0,0
31400,137,135,2,2
31401,107,96,11,11
31402,91,92,-1,1
31403,110,110,0,0
31404,76,82,-6,6
31405,83,77,6,6
31406,142,145,-3,3
31407,97,99,-2,2
31408,54,53,1,1
31409,71,76,-5,5
31410,91,104,-13,13
31411,100,106,-6,6
31412,47,50,-3,3
31413,114,102,12,12
31414,65,56,9,9
31415,33,39,-6,6
31416,88,87,1,1
31417,102,109,-7,7
31418,72,88,-16,16
31419,95,94,1,1
31420,100,102,-2,2
31421,200,196,4,4
31422,147,134,13,13
31423,98,109,-11,11
31424,111,111,0,0
31425,105,109,-4,4
31426,89,89,0,0
31427,108,110,-2,2
31428,35,66,-31,31
31429,54,62,-8,8
31430,124,125,-1,1
31431,90,80,10,10
31432,130,128,2,2
31433,138,132,6,6
31434,143,130,13,13
31435,74,76,-2,2
31436,47,57,-10,10
31437,64,66,-2,2
31438,174,176,-2,2
31439,96,94,2,2
31440,132,134,-2,2
31441,66,73,-7,7
31442,105,106,-1,1
31443,128,131,-3,3
31444,99,102,-3,3
31445,70,71,-1,1
31446,62,59,3,3
31447,78,75,3,3
31448,93,103,-10,10
31449,89,74,15,15
31450,104,114,-10,10
31451,74,74,0,0
31452,102,86,16,16
31453,58,59,-1,1
31454,89,88,1,1
31455,84,75,9,9
31456,128,117,11,11
31457,91,97,-6,6
31458,80,71,9,9
31459,84,98,-14,14
31460,100,107,-7,7
31461,115,114,1,1
31462,92,98,-6,6
31463,155,156,-1,1
31464,175,153,22,22
31465,79,77,2,2
31466,70,65,5,5
31467,64,74,-10,10
31468,111,115,-4,4
31469,83,84,-1,1
31470,92,92,0,0
31471,153,149,4,4
31472,138,137,1,1
31473,90,106,-16,16
31474,104,113,-9,9
31475,52,51,1,1
31476,72,77,-5,5
31477,76,79,-3,3
31478,69,71,-2,2
31479,145,137,8,8
31480,67,66,1,1
31481,79,75,4,4
31482,103,99,4,4
31483,145,152,-7,7
31484,86,86,0,0
31485,112,110,2,2
31486,130,124,6,6
31487,173,164,9,9
31488,75,75,0,0
31489,195,167,28,28
31490,93,91,2,2
31491,102,100,2,2
31492,64,63,1,1
31493,68,67,1,1
31494,58,63,-5,5
31495,93,82,11,11
31496,119,105,14,14
31497,54,53,1,1
31498,72,90,-18,18
31499,82,84,-2,2
31500,130,126,4,4
31501,75,79,-4,4
31502,73,79,-6,6
31503,72,77,-5,5
31504,243,263,-20,20
31505,62,83,-21,21
31506,79,69,10,10
31507,129,137,-8,8
31508,119,113,6,6
31509,121,123,-2,2
31510,135,133,2,2
31511,64,57,7,7
31512,84,84,0,0
31513,68,74,-6,6
31514,89,83,6,6
31515,59,54,5,5
31516,67,75,-8,8
31517,108,117,-9,9
31518,55,60,-5,5
31519,161,140,21,21
31520,75,78,-3,3
31521,113,109,4,4
31522,102,99,3,3
31523,116,114,2,2
31524,134,134,0,0
31525,161,136,25,25
31526,122,105,17,17
31527,103,102,1,1
31528,75,77,-2,2
31529,162,144,18,18
31530,76,84,-8,8
31531,57,60,-3,3
31532,74,78,-4,4
31533,78,71,7,7
31534,68,67,1,1
31535,101,99,2,2
31536,66,70,-4,4
31537,61,67,-6,6
31538,120,113,7,7
31539,62,64,-2,2
31540,149,133,16,16
31541,85,91,-6,6
31542,126,118,8,8
31543,192,192,0,0
31544,94,93,1,1
31545,69,75,-6,6
31546,99,86,13,13
31547,114,108,6,6
31548,75,77,-2,2
31549,113,125,-12,12
31550,165,153,12,12
31551,133,128,5,5
31552,86,93,-7,7
31553,72,67,5,5
31554,97,101,-4,4
31555,113,163,-50,50
31556,110,113,-3,3
31557,119,126,-7,7
31558,60,64,-4,4
31559,72,81,-9,9
31560,110,112,-2,2
31561,151,137,14,14
31562,70,65,5,5
31563,89,98,-9,9
31564,112,108,4,4
31565,70,70,0,0
31566,64,66,-2,2
31567,155,158,-3,3
31568,103,102,1,1
31569,115,112,3,3
31570,57,58,-1,1
31571,92,102,-10,10
31572,96,90,6,6
31573,61,64,-3,3
31574,144,132,12,12
31575,75,77,-2,2
31576,138,131,7,7
31577,103,109,-6,6
31578,118,108,10,10
31579,80,88,-8,8
31580,107,104,3,3
31581,84,82,2,2
31582,87,82,5,5
31583,56,50,6,6
31584,129,133,-4,4
31585,94,92,2,2
31586,72,79,-7,7
31587,193,165,28,28
31588,141,123,18,18
31589,98,100,-2,2
31590,116,125,-9,9
31591,154,147,7,7
31592,116,123,-7,7
31593,75,83,-8,8
31594,107,103,4,4
31595,83,79,4,4
31596,103,113,-10,10
31597,99,101,-2,2
31598,109,115,-6,6
31599,95,91,4,4
31600,85,79,6,6
31601,81,80,1,1
31602,112,99,13,13
31603,82,80,2,2
31604,56,59,-3,3
31605,64,67,-3,3
31606,105,122,-17,17
31607,118,119,-1,1
31608,82,86,-4,4
31609,96,99,-3,3
31610,69,68,1,1
31611,128,130,-2,2
31612,88,94,-6,6
31613,90,87,3,3
31614,141,135,6,6
31615,75,86,-11,11
31616,108,112,-4,4
31617,153,147,6,6
31618,101,101,0,0
31619,76,80,-4,4
31620,86,98,-12,12
31621,49,50,-1,1
31622,130,129,1,1
31623,95,96,-1,1
31624,33,45,-12,12
31625,156,158,-2,2
31626,49,48,1,1
31627,89,84,5,5
31628,86,76,10,10
31629,80,77,3,3
31630,97,91,6,6
31631,59,66,-7,7
31632,153,144,9,9
31633,51,55,-4,4
31634,88,73,15,15
31635,145,155,-10,10
31636,165,178,-13,13
31637,74,81,-7,7
31638,80,89,-9,9
31639,101,99,2,2
31640,46,48,-2,2
31641,62,63,-1,1
31642,107,99,8,8
31643,66,70,-4,4
31644,153,149,4,4
31645,75,77,-2,2
31646,49,52,-3,3
31647,120,128,-8,8
31648,131,126,5,5
31649,106,111,-5,5
31650,147,142,5,5
31651,81,85,-4,4
31652,94,94,0,0
31653,57,59,-2,2
31654,61,71,-10,10
31655,47,48,-1,1
31656,53,54,-1,1
31657,117,114,3,3
31658,98,77,21,21
31659,48,48,0,0
31660,190,189,1,1
31661,68,70,-2,2
31662,106,105,1,1
31663,57,67,-10,10
31664,131,137,-6,6
31665,132,128,4,4
31666,74,77,-3,3
31667,125,128,-3,3
31668,86,89,-3,3
31669,49,54,-5,5
31670,95,83,12,12
31671,67,64,3,3
31672,82,88,-6,6
31673,93,104,-11,11
31674,52,61,-9,9
31675,55,58,-3,3
31676,111,109,2,2
31677,73,68,5,5
31678,72,82,-10,10
31679,160,159,1,1
31680,97,105,-8,8
31681,95,87,8,8
31682,117,99,18,18
31683,67,61,6,6
31684,55,60,-5,5
31685,103,98,5,5
31686,108,113,-5,5
31687,82,74,8,8
31688,155,143,12,12
31689,87,94,-7,7
31690,88,85,3,3
31691,84,102,-18,18
31692,66,75,-9,9
31693,59,59,0,0
31694,80,78,2,2
31695,120,129,-9,9
31696,92,97,-5,5
31697,36,39,-3,3
31698,89,81,8,8
31699,113,104,9,9
31700,86,90,-4,4
31701,117,141,-24,24
31702,78,75,3,3
31703,72,80,-8,8
31704,76,69,7,7
31705,76,79,-3,3
31706,87,87,0,0
31707,76,101,-25,25
31708,79,66,13,13
31709,51,43,8,8
31710,121,129,-8,8
31711,100,91,9,9
31712,83,84,-1,1
31713,84,75,9,9
31714,100,106,-6,6
31715,125,121,4,4
31716,73,71,2,2
31717,59,63,-4,4
31718,79,84,-5,5
31719,76,81,-5,5
31720,108,114,-6,6
31721,64,76,-12,12
31722,101,99,2,2
31723,140,124,16,16
31724,89,89,0,0
31725,72,70,2,2
31726,82,88,-6,6
31727,68,71,-3,3
31728,41,51,-10,10
31729,77,78,-1,1
31730,150,142,8,8
31731,121,117,4,4
31732,96,118,-22,22
31733,50,55,-5,5
31734,45,53,-8,8
31735,118,127,-9,9
31736,108,107,1,1
31737,74,74,0,0
31738,148,139,9,9
31739,109,109,0,0
31740,53,56,-3,3
31741,69,66,3,3
31742,75,79,-4,4
31743,75,89,-14,14
31744,93,97,-4,4
31745,36,38,-2,2
31746,62,70,-8,8
31747,139,138,1,1
31748,67,70,-3,3
31749,199,199,0,0
31750,61,60,1,1
31751,66,69,-3,3
31752,58,60,-2,2
31753,58,61,-3,3
31754,98,106,-8,8
31755,65,64,1,1
31756,96,101,-5,5
31757,105,111,-6,6
31758,44,53,-9,9
31759,116,116,0,0
31760,87,86,1,1
31761,94,104,-10,10
31762,130,135,-5,5
31763,103,104,-1,1
31764,85,83,2,2
31765,94,106,-12,12
31766,78,77,1,1
31767,120,118,2,2
31768,48,55,-7,7
31769,107,102,5,5
31770,87,90,-3,3
31771,115,118,-3,3
31772,122,124,-2,2
31773,137,126,11,11
31774,19,28,-9,9
31775,90,98,-8,8
31776,45,44,1,1
31777,53,62,-9,9
31778,132,121,11,11
31779,54,51,3,3
31780,123,132,-9,9
31781,88,106,-18,18
31782,90,87,3,3
31783,112,112,0,0
31784,67,64,3,3
31785,50,61,-11,11
31786,65,66,-1,1
31787,44,50,-6,6
31788,86,98,-12,12
31789,65,68,-3,3
31790,80,100,-20,20
31791,128,121,7,7
31792,166,137,29,29
31793,105,99,6,6
31794,77,77,0,0
31795,113,117,-4,4
31796,82,83,-1,1
31797,94,103,-9,9
31798,123,120,3,3
31799,118,121,-3,3
31800,159,150,9,9
31801,100,85,15,15
31802,95,89,6,6
31803,128,133,-5,5
31804,67,79,-12,12
31805,131,119,12,12
31806,78,80,-2,2
31807,58,63,-5,5
31808,126,121,5,5
31809,136,140,-4,4
31810,75,73,2,2
31811,100,100,0,0
31812,52,55,-3,3
31813,94,86,8,8
31814,64,70,-6,6
31815,65,68,-3,3
31816,85,86,-1,1
31817,100,101,-1,1
31818,134,134,0,0
31819,88,90,-2,2
31820,87,88,-1,1
31821,112,112,0,0
31822,222,206,16,16
31823,103,99,4,4
31824,131,154,-23,23
31825,143,144,-1,1
31826,89,88,1,1
31827,144,129,15,15
31828,90,88,2,2
31829,117,113,4,4
31830,41,42,-1,1
31831,161,159,2,2
31832,87,98,-11,11
31833,67,68,-1,1
31834,89,98,-9,9
31835,58,54,4,4
31836,54,56,-2,2
31837,66,64,2,2
31838,62,68,-6,6
31839,46,48,-2,2
31840,116,117,-1,1
31841,146,148,-2,2
31842,153,159,-6,6
31843,110,98,12,12
31844,83,72,11,11
31845,138,130,8,8
31846,117,111,6,6
31847,86,78,8,8
31848,170,164,6,6
31849,96,105,-9,9
31850,57,55,2,2
31851,102,91,11,11
31852,96,97,-1,1
31853,88,84,4,4
31854,117,122,-5,5
31855,83,101,-18,18
31856,94,106,-12,12
31857,68,80,-12,12
31858,81,75,6,6
31859,165,163,2,2
31860,93,86,7,7
31861,169,165,4,4
31862,79,83,-4,4
31863,91,86,5,5
31864,96,99,-3,3
31865,107,97,10,10
31866,98,96,2,2
31867,81,77,4,4
31868,125,131,-6,6
31869,111,110,1,1
31870,50,58,-8,8
31871,102,104,-2,2
31872,94,87,7,7
31873,57,57,0,0
31874,110,110,0,0
31875,89,84,5,5
31876,69,66,3,3
31877,116,119,-3,3
31878,135,122,13,13
31879,76,73,3,3
31880,98,88,10,10
31881,72,70,2,2
31882,68,76,-8,8
31883,77,77,0,0
31884,125,137,-12,12
31885,115,109,6,6
31886,136,124,12,12
31887,80,82,-2,2
31888,82,85,-3,3
31889,76,82,-6,6
31890,82,79,3,3
31891,138,133,5,5
31892,108,104,4,4
31893,153,149,4,4
31894,76,76,0,0
31895,100,91,9,9
31896,97,104,-7,7
31897,119,118,1,1
31898,35,43,-8,8
31899,39,42,-3,3
31900,102,99,3,3
31901,93,108,-15,15
31902,122,119,3,3
31903,88,84,4,4
31904,84,85,-1,1
31905,207,191,16,16
31906,67,71,-4,4
31907,111,114,-3,3
31908,75,74,1,1
31909,112,104,8,8
31910,59,63,-4,4
31911,66,66,0,0
31912,161,157,4,4
31913,80,87,-7,7
31914,64,72,-8,8
31915,123,78,45,45
31916,123,117,6,6
31917,144,144,0,0
31918,61,66,-5,5
31919,85,74,11,11
31920,100,96,4,4
31921,100,99,1,1
31922,65,59,6,6
31923,75,72,3,3
31924,104,98,6,6
31925,112,124,-12,12
31926,93,91,2,2
31927,69,66,3,3
31928,58,59,-1,1
31929,120,108,12,12
31930,131,119,12,12
31931,101,98,3,3
31932,156,156,0,0
31933,83,79,4,4
31934,62,66,-4,4
31935,94,99,-5,5
31936,87,92,-5,5
31937,182,167,15,15
31938,132,128,4,4
31939,100,106,-6,6
31940,74,76,-2,2
31941,57,65,-8,8
31942,95,99,-4,4
31943,64,58,6,6
31944,99,102,-3,3
31945,102,113,-11,11
31946,144,127,17,17
31947,152,141,11,11
31948,66,65,1,1
31949,57,62,-5,5
31950,73,81,-8,8
31951,85,81,4,4
31952,111,103,8,8
31953,78,80,-2,2
31954,87,83,4,4
31955,58,64,-6,6
31956,125,123,2,2
31957,98,98,0,0
31958,127,124,3,3
31959,125,116,9,9
31960,107,112,-5,5
31961,57,66,-9,9
31962,161,150,11,11
31963,109,103,6,6
31964,110,104,6,6
31965,64,64,0,0
31966,304,314,-10,10
31967,75,75,0,0
31968,161,163,-2,2
31969,85,99,-14,14
31970,124,110,14,14
31971,53,55,-2,2
31972,98,105,-7,7
31973,124,124,0,0
31974,67,66,1,1
31975,59,60,-1,1
31976,115,108,7,7
31977,91,84,7,7
31978,108,111,-3,3
31979,82,88,-6,6
31980,104,99,5,5
31981,65,78,-13,13
31982,107,109,-2,2
31983,140,146,-6,6
31984,83,81,2,2
31985,128,145,-17,17
31986,65,61,4,4
31987,70,74,-4,4
31988,160,163,-3,3
31989,94,94,0,0
31990,74,69,5,5
31991,99,104,-5,5
31992,105,105,0,0
31993,65,72,-7,7
31994,46,52,-6,6
31995,72,73,-1,1
31996,53,55,-2,2
31997,110,109,1,1
31998,100,91,9,9
31999,65,71,-6,6
32000,102,101,1,1
32001,128,124,4,4
32002,90,84,6,6
32003,139,151,-12,12
32004,145,130,15,15
32005,89,87,2,2
32006,68,80,-12,12
32007,64,67,-3,3
32008,79,87,-8,8
32009,86,77,9,9
32010,60,70,-10,10
32011,101,98,3,3
32012,36,51,-15,15
32013,103,103,0,0
32014,52,49,3,3
32015,152,151,1,1
32016,80,96,-16,16
32017,142,127,15,15
32018,129,119,10,10
32019,140,116,24,24
32020,49,55,-6,6
32021,147,149,-2,2
32022,100,89,11,11
32023,59,69,-10,10
32024,106,111,-5,5
32025,88,89,-1,1
32026,86,89,-3,3
32027,106,95,11,11
32028,110,110,0,0
32029,43,39,4,4
32030,114,122,-8,8
32031,77,76,1,1
32032,103,106,-3,3
32033,125,128,-3,3
32034,65,66,-1,1
32035,105,105,0,0
32036,98,114,-16,16
32037,132,146,-14,14
32038,119,113,6,6
32039,80,83,-3,3
32040,107,107,0,0
32041,94,86,8,8
32042,59,73,-14,14
32043,109,115,-6,6
32044,144,149,-5,5
32045,45,50,-5,5
32046,66,51,15,15
32047,122,128,-6,6
32048,88,90,-2,2
32049,53,48,5,5
32050,58,66,-8,8
32051,68,70,-2,2
32052,104,100,4,4
32053,129,134,-5,5
32054,55,57,-2,2
32055,80,71,9,9
32056,100,104,-4,4
32057,64,76,-12,12
32058,150,148,2,2
32059,80,79,1,1
32060,96,89,7,7
32061,83,83,0,0
32062,39,48,-9,9
32063,112,101,11,11
32064,146,140,6,6
32065,91,100,-9,9
32066,77,86,-9,9
32067,121,126,-5,5
32068,113,115,-2,2
32069,132,140,-8,8
32070,102,102,0,0
32071,71,70,1,1
32072,81,78,3,3
32073,60,73,-13,13
32074,112,102,10,10
32075,95,88,7,7
32076,116,112,4,4
32077,85,89,-4,4
32078,116,128,-12,12
32079,107,109,-2,2
32080,156,142,14,14
32081,84,87,-3,3
32082,77,79,-2,2
32083,111,107,4,4
32084,61,86,-25,25
32085,124,130,-6,6
32086,106,100,6,6
32087,116,117,-1,1
32088,64,77,-13,13
32089,108,107,1,1
32090,76,75,1,1
32091,72,77,-5,5
32092,75,76,-1,1
32093,66,65,1,1
32094,128,140,-12,12
32095,189,170,19,19
32096,120,123,-3,3
32097,64,64,0,0
32098,141,145,-4,4
32099,96,99,-3,3
32100,170,169,1,1
32101,83,82,1,1
32102,101,105,-4,4
32103,81,90,-9,9
32104,43,47,-4,4
32105,150,144,6,6
32106,70,67,3,3
32107,89,83,6,6
32108,115,109,6,6
32109,103,104,-1,1
32110,54,58,-4,4
32111,63,64,-1,1
32112,127,138,-11,11
32113,96,82,14,14
32114,79,98,-19,19
32115,83,87,-4,4
32116,108,104,4,4
32117,116,111,5,5
32118,121,120,1,1
32119,127,118,9,9
32120,109,114,-5,5
32121,96,98,-2,2
32122,82,81,1,1
32123,103,132,-29,29
32124,142,132,10,10
32125,161,150,11,11
32126,126,128,-2,2
32127,78,74,4,4
32128,157,159,-2,2
32129,63,69,-6,6
32130,64,65,-1,1
32131,90,87,3,3
32132,95,103,-8,8
32133,146,144,2,2
32134,56,60,-4,4
32135,48,48,0,0
32136,68,71,-3,3
32137,94,100,-6,6
32138,87,85,2,2
32139,122,113,9,9
32140,126,115,11,11
32141,55,64,-9,9
32142,61,65,-4,4
32143,89,104,-15,15
32144,62,72,-10,10
32145,71,72,-1,1
32146,87,90,-3,3
32147,39,43,-4,4
32148,123,116,7,7
32149,79,83,-4,4
32150,109,106,3,3
32151,101,110,-9,9
32152,107,105,2,2
32153,114,112,2,2
32154,81,91,-10,10
32155,167,163,4,4
32156,71,76,-5,5
32157,65,70,-5,5
32158,76,74,2,2
32159,94,93,1,1
32160,162,152,10,10
32161,86,102,-16,16
32162,162,164,-2,2
32163,50,51,-1,1
32164,109,106,3,3
32165,70,69,1,1
32166,69,73,-4,4
32167,36,40,-4,4
32168,117,109,8,8
32169,104,91,13,13
32170,107,113,-6,6
32171,66,70,-4,4
32172,98,101,-3,3
32173,113,116,-3,3
32174,57,62,-5,5
32175,117,116,1,1
32176,79,89,-10,10
32177,88,90,-2,2
32178,101,104,-3,3
32179,98,101,-3,3
32180,164,184,-20,20
32181,108,106,2,2
32182,79,79,0,0
32183,77,87,-10,10
32184,81,82,-1,1
32185,111,110,1,1
32186,108,109,-1,1
32187,104,102,2,2
32188,51,46,5,5
32189,79,81,-2,2
32190,141,136,5,5
32191,105,102,3,3
32192,79,86,-7,7
32193,121,114,7,7
32194,85,93,-8,8
32195,60,63,-3,3
32196,76,72,4,4
32197,66,65,1,1
32198,140,130,10,10
32199,115,100,15,15
32200,135,123,12,12
32201,137,148,-11,11
32202,108,116,-8,8
32203,56,64,-8,8
32204,145,140,5,5
32205,107,101,6,6
32206,75,64,11,11
32207,73,78,-5,5
32208,58,63,-5,5
32209,73,71,2,2
32210,100,99,1,1
32211,154,146,8,8
32212,89,88,1,1
32213,86,80,6,6
32214,218,197,21,21
32215,96,99,-3,3
32216,72,76,-4,4
32217,136,149,-13,13
32218,197,189,8,8
32219,75,79,-4,4
32220,138,135,3,3
32221,112,122,-10,10
32222,97,104,-7,7
32223,50,58,-8,8
32224,144,135,9,9
32225,62,63,-1,1
32226,91,99,-8,8
32227,108,112,-4,4
32228,111,113,-2,2
32229,154,147,7,7
32230,84,88,-4,4
32231,181,180,1,1
32232,80,80,0,0
32233,134,129,5,5
32234,78,87,-9,9
32235,243,223,20,20
32236,59,54,5,5
32237,83,72,11,11
32238,76,65,11,11
32239,88,85,3,3
32240,62,64,-2,2
32241,81,81,0,0
32242,127,128,-1,1
32243,119,113,6,6
32244,70,77,-7,7
32245,114,105,9,9
32246,91,88,3,3
32247,120,104,16,16
32248,61,61,0,0
32249,73,74,-1,1
32250,77,84,-7,7
32251,175,177,-2,2
32252,86,83,3,3
32253,125,121,4,4
32254,109,103,6,6
32255,90,101,-11,11
32256,71,75,-4,4
32257,64,70,-6,6
32258,91,84,7,7
32259,116,114,2,2
32260,63,59,4,4
32261,79,80,-1,1
32262,56,54,2,2
32263,144,141,3,3
32264,130,118,12,12
32265,73,75,-2,2
32266,64,54,10,10
32267,146,132,14,14
32268,30,48,-18,18
32269,107,112,-5,5
32270,80,88,-8,8
32271,94,111,-17,17
32272,57,59,-2,2
32273,85,87,-2,2
32274,157,149,8,8
32275,131,135,-4,4
32276,170,149,21,21
32277,115,124,-9,9
32278,124,111,13,13
32279,83,84,-1,1
32280,139,135,4,4
32281,104,109,-5,5
32282,54,56,-2,2
32283,117,114,3,3
32284,84,99,-15,15
32285,97,90,7,7
32286,50,44,6,6
32287,57,68,-11,11
32288,84,85,-1,1
32289,70,76,-6,6
32290,75,82,-7,7
32291,33,49,-16,16
32292,110,128,-18,18
32293,60,62,-2,2
32294,66,72,-6,6
32295,121,115,6,6
32296,97,100,-3,3
32297,128,120,8,8
32298,82,79,3,3
32299,110,106,4,4
32300,135,136,-1,1
32301,96,100,-4,4
32302,79,72,7,7
32303,82,74,8,8
32304,112,103,9,9
32305,119,122,-3,3
32306,113,91,22,22
32307,129,127,2,2
32308,30,42,-12,12
32309,143,146,-3,3
32310,48,55,-7,7
32311,70,71,-1,1
32312,66,100,-34,34
32313,117,122,-5,5
32314,49,48,1,1
32315,73,77,-4,4
32316,104,113,-9,9
32317,78,89,-11,11
32318,94,100,-6,6
32319,39,41,-2,2
32320,163,154,9,9
32321,131,132,-1,1
32322,78,82,-4,4
32323,107,112,-5,5
32324,40,47,-7,7
32325,83,83,0,0
32326,88,104,-16,16
32327,104,107,-3,3
32328,116,110,6,6
32329,144,131,13,13
32330,93,100,-7,7
32331,89,90,-1,1
32332,110,107,3,3
32333,62,89,-27,27
32334,100,103,-3,3
32335,79,81,-2,2
32336,80,77,3,3
32337,120,123,-3,3
32338,84,103,-19,19
32339,88,96,-8,8
32340,132,134,-2,2
32341,93,86,7,7
32342,79,82,-3,3
32343,27,39,-12,12
32344,97,100,-3,3
32345,167,156,11,11
32346,146,152,-6,6
32347,45,44,1,1
32348,53,57,-4,4
32349,57,60,-3,3
32350,40,47,-7,7
32351,77,80,-3,3
32352,120,118,2,2
32353,87,101,-14,14
32354,189,172,17,17
32355,84,88,-4,4
32356,68,70,-2,2
32357,85,89,-4,4
32358,75,82,-7,7
32359,58,59,-1,1
32360,67,68,-1,1
32361,58,61,-3,3
32362,38,41,-3,3
32363,63,69,-6,6
32364,82,94,-12,12
32365,111,127,-16,16
32366,168,157,11,11
32367,67,68,-1,1
32368,92,95,-3,3
32369,43,39,4,4
32370,126,118,8,8
32371,94,98,-4,4
32372,108,118,-10,10
32373,80,90,-10,10
32374,159,146,13,13
32375,101,84,17,17
32376,71,67,4,4
32377,77,84,-7,7
32378,53,60,-7,7
32379,96,103,-7,7
32380,144,130,14,14
32381,96,102,-6,6
32382,120,124,-4,4
32383,91,90,1,1
32384,57,67,-10,10
32385,95,103,-8,8
32386,114,120,-6,6
32387,115,122,-7,7
32388,63,56,7,7
32389,103,99,4,4
32390,213,203,10,10
32391,82,91,-9,9
32392,113,106,7,7
32393,75,78,-3,3
32394,122,128,-6,6
32395,82,69,13,13
32396,112,105,7,7
32397,114,114,0,0
32398,62,53,9,9
32399,145,132,13,13
32400,153,160,-7,7
32401,102,77,25,25
32402,65,71,-6,6
32403,79,64,15,15
32404,85,89,-4,4
32405,69,66,3,3
32406,69,76,-7,7
32407,106,106,0,0
32408,73,69,4,4
32409,95,87,8,8
32410,68,76,-8,8
32411,72,76,-4,4
32412,71,77,-6,6
32413,135,132,3,3
32414,115,113,2,2
32415,75,77,-2,2
32416,57,60,-3,3
32417,33,39,-6,6
32418,73,78,-5,5
32419,147,145,2,2
32420,100,103,-3,3
32421,81,82,-1,1
32422,130,131,-1,1
32423,63,64,-1,1
32424,75,80,-5,5
32425,97,105,-8,8
32426,80,87,-7,7
32427,67,69,-2,2
32428,135,137,-2,2
32429,48,46,2,2
32430,113,122,-9,9
32431,62,64,-2,2
32432,66,65,1,1
32433,62,54,8,8
32434,140,153,-13,13
32435,82,87,-5,5
32436,86,87,-1,1
32437,123,124,-1,1
32438,134,132,2,2
32439,63,66,-3,3
32440,142,132,10,10
32441,63,67,-4,4
32442,94,88,6,6
32443,72,77,-5,5
32444,146,143,3,3
32445,90,73,17,17
32446,57,61,-4,4
32447,51,61,-10,10
32448,64,67,-3,3
32449,80,84,-4,4
32450,105,107,-2,2
32451,109,105,4,4
32452,99,109,-10,10
32453,209,192,17,17
32454,82,74,8,8
32455,49,57,-8,8
32456,72,69,3,3
32457,62,62,0,0
32458,50,56,-6,6
32459,153,154,-1,1
32460,140,132,8,8
32461,95,89,6,6
32462,81,79,2,2
32463,114,105,9,9
32464,130,131,-1,1
32465,31,37,-6,6
32466,86,91,-5,5
32467,100,110,-10,10
32468,58,60,-2,2
32469,58,60,-2,2
32470,95,84,11,11
32471,121,126,-5,5
32472,83,84,-1,1
32473,152,142,10,10
32474,138,142,-4,4
32475,128,130,-2,2
32476,92,102,-10,10
32477,64,70,-6,6
32478,72,79,-7,7
32479,110,116,-6,6
32480,57,57,0,0
32481,99,99,0,0
32482,98,98,0,0
32483,73,86,-13,13
32484,53,55,-2,2
32485,55,63,-8,8
32486,61,62,-1,1
32487,239,222,17,17
32488,86,87,-1,1
32489,133,118,15,15
32490,80,83,-3,3
32491,76,73,3,3
32492,79,70,9,9
32493,140,133,7,7
32494,97,104,-7,7
32495,74,62,12,12
32496,142,134,8,8
32497,82,84,-2,2
32498,62,66,-4,4
32499,101,109,-8,8
32500,69,84,-15,15
32501,171,163,8,8
32502,69,75,-6,6
32503,72,73,-1,1
32504,93,97,-4,4
32505,78,85,-7,7
32506,68,71,-3,3
32507,54,59,-5,5
32508,110,116,-6,6
32509,69,79,-10,10
32510,92,89,3,3
32511,65,66,-1,1
32512,28,32,-4,4
32513,65,67,-2,2
32514,69,66,3,3
32515,119,111,8,8
32516,78,74,4,4
32517,75,77,-2,2
32518,70,69,1,1
32519,57,71,-14,14
32520,88,91,-3,3
32521,80,74,6,6
32522,113,118,-5,5
32523,63,66,-3,3
32524,91,88,3,3
32525,141,124,17,17
32526,88,90,-2,2
32527,46,56,-10,10
32528,109,106,3,3
32529,98,107,-9,9
32530,177,170,7,7
32531,142,145,-3,3
32532,56,62,-6,6
32533,166,147,19,19
32534,70,69,1,1
32535,64,67,-3,3
32536,70,73,-3,3
32537,66,74,-8,8
32538,104,97,7,7
32539,131,120,11,11
32540,82,85,-3,3
32541,65,66,-1,1
32542,95,100,-5,5
32543,79,74,5,5
32544,86,83,3,3
32545,84,84,0,0
32546,103,91,12,12
32547,77,76,1,1
32548,125,118,7,7
32549,122,123,-1,1
32550,64,61,3,3
32551,95,106,-11,11
32552,79,84,-5,5
32553,67,67,0,0
32554,160,153,7,7
32555,103,104,-1,1
32556,114,112,2,2
32557,74,79,-5,5
32558,123,120,3,3
32559,50,60,-10,10
32560,53,57,-4,4
32561,195,199,-4,4
32562,71,73,-2,2
32563,171,151,20,20
32564,90,101,-11,11
32565,75,76,-1,1
32566,84,90,-6,6
32567,86,106,-20,20
32568,101,105,-4,4
32569,131,120,11,11
32570,159,142,17,17
32571,52,63,-11,11
32572,119,114,5,5
32573,85,83,2,2
32574,97,100,-3,3
32575,73,78,-5,5
32576,54,62,-8,8
32577,73,69,4,4
32578,127,119,8,8
32579,164,161,3,3
32580,104,92,12,12
32581,57,59,-2,2
32582,40,51,-11,11
32583,103,105,-2,2
32584,149,137,12,12
32585,105,101,4,4
32586,184,166,18,18
32587,74,74,0,0
32588,145,131,14,14
32589,74,82,-8,8
32590,83,99,-16,16
32591,82,77,5,5
32592,85,101,-16,16
32593,133,138,-5,5
32594,68,69,-1,1
32595,56,74,-18,18
32596,183,175,8,8
32597,66,64,2,2
32598,115,130,-15,15
32599,86,83,3,3
32600,64,69,-5,5
32601,41,43,-2,2
32602,97,118,-21,21
32603,76,77,-1,1
32604,64,68,-4,4
32605,67,68,-1,1
32606,92,87,5,5
32607,86,88,-2,2
32608,86,85,1,1
32609,114,115,-1,1
32610,134,121,13,13
32611,80,71,9,9
32612,151,168,-17,17
32613,99,100,-1,1
32614,144,144,0,0
32615,118,111,7,7
32616,74,76,-2,2
32617,85,79,6,6
32618,51,59,-8,8
32619,57,61,-4,4
32620,152,146,6,6
32621,80,83,-3,3
32622,83,75,8,8
32623,69,67,2,2
32624,126,142,-16,16
32625,178,167,11,11
32626,101,111,-10,10
32627,110,112,-2,2
32628,53,59,-6,6
32629,89,100,-11,11
32630,97,103,-6,6
32631,81,78,3,3
32632,87,83,4,4
32633,52,53,-1,1
32634,98,98,0,0
32635,109,107,2,2
32636,103,104,-1,1
32637,90,76,14,14
32638,73,72,1,1
32639,157,153,4,4
32640,106,102,4,4
32641,144,140,4,4
32642,105,111,-6,6
32643,191,181,10,10
32644,79,77,2,2
32645,113,105,8,8
32646,66,66,0,0
32647,62,82,-20,20
32648,71,79,-8,8
32649,93,93,0,0
32650,90,81,9,9
32651,81,79,2,2
32652,97,104,-7,7
32653,43,60,-17,17
32654,150,137,13,13
32655,78,76,2,2
32656,122,112,10,10
32657,76,77,-1,1
32658,50,61,-11,11
32659,78,96,-18,18
32660,68,77,-9,9
32661,92,85,7,7
32662,65,74,-9,9
32663,112,107,5,5
32664,69,73,-4,4
32665,86,85,1,1
32666,73,72,1,1
32667,99,101,-2,2
32668,99,91,8,8
32669,70,76,-6,6
32670,88,85,3,3
32671,66,66,0,0
32672,123,112,11,11
32673,72,62,10,10
32674,120,132,-12,12
32675,51,61,-10,10
32676,68,64,4,4
32677,103,109,-6,6
32678,76,74,2,2
32679,77,88,-11,11
32680,143,156,-13,13
32681,128,130,-2,2
32682,87,78,9,9
32683,47,49,-2,2
32684,119,119,0,0
32685,119,117,2,2
32686,52,62,-10,10
32687,123,101,22,22
32688,78,80,-2,2
32689,135,140,-5,5
32690,65,66,-1,1
32691,50,56,-6,6
32692,59,79,-20,20
32693,95,87,8,8
32694,74,87,-13,13
32695,127,115,12,12
32696,135,113,22,22
32697,80,80,0,0
32698,81,88,-7,7
32699,102,102,0,0
32700,131,134,-3,3
32701,96,89,7,7
32702,100,107,-7,7
32703,104,102,2,2
32704,112,115,-3,3
32705,103,97,6,6
32706,96,99,-3,3
32707,86,81,5,5
32708,130,136,-6,6
32709,47,50,-3,3
32710,118,112,6,6
32711,81,79,2,2
32712,117,99,18,18
32713,77,79,-2,2
32714,129,126,3,3
32715,111,89,22,22
32716,131,125,6,6
32717,67,72,-5,5
32718,66,63,3,3
32719,111,122,-11,11
32720,71,84,-13,13
32721,58,57,1,1
32722,61,79,-18,18
32723,65,67,-2,2
32724,91,100,-9,9
32725,126,125,1,1
32726,79,65,14,14
32727,98,92,6,6
32728,83,108,-25,25
32729,46,48,-2,2
32730,71,73,-2,2
32731,56,68,-12,12
32732,74,69,5,5
32733,86,82,4,4
32734,125,120,5,5
32735,71,64,7,7
32736,62,67,-5,5
32737,96,65,31,31
32738,145,128,17,17
32739,73,68,5,5
32740,67,71,-4,4
32741,87,88,-1,1
32742,79,71,8,8
32743,93,100,-7,7
32744,72,74,-2,2
32745,68,66,2,2
32746,72,72,0,0
32747,132,124,8,8
32748,75,71,4,4
32749,86,90,-4,4
32750,101,98,3,3
32751,193,196,-3,3
32752,124,120,4,4
32753,96,88,8,8
32754,102,105,-3,3
32755,48,49,-1,1
32756,95,87,8,8
32757,172,170,2,2
32758,174,172,2,2
32759,171,155,16,16
32760,64,64,0,0
32761,90,97,-7,7
32762,77,81,-4,4
32763,79,79,0,0
32764,82,81,1,1
32765,128,124,4,4
32766,96,100,-4,4
32767,88,87,1,1
32768,78,78,0,0
32769,115,120,-5,5
32770,75,82,-7,7
32771,132,128,4,4
32772,161,151,10,10
32773,117,111,6,6
32774,61,57,4,4
32775,84,73,11,11
32776,102,111,-9,9
32777,108,111,-3,3
32778,108,123,-15,15
32779,156,149,7,7
32780,107,106,1,1
32781,74,71,3,3
32782,185,198,-13,13
32783,61,77,-16,16
32784,106,105,1,1
32785,73,78,-5,5
32786,83,74,9,9
32787,53,55,-2,2
32788,216,200,16,16
32789,90,86,4,4
32790,94,108,-14,14
32791,113,119,-6,6
32792,48,54,-6,6
32793,125,141,-16,16
32794,58,59,-1,1
32795,112,111,1,1
32796,91,85,6,6
32797,90,104,-14,14
32798,104,101,3,3
32799,59,64,-5,5
32800,74,75,-1,1
32801,99,112,-13,13
32802,76,84,-8,8
32803,101,101,0,0
32804,143,138,5,5
32805,66,68,-2,2
32806,108,94,14,14
32807,126,124,2,2
32808,102,94,8,8
32809,106,111,-5,5
32810,84,80,4,4
32811,133,133,0,0
32812,68,70,-2,2
32813,133,133,0,0
32814,91,92,-1,1
32815,148,147,1,1
32816,131,131,0,0
32817,105,103,2,2
32818,111,128,-17,17
32819,50,53,-3,3
32820,118,110,8,8
32821,56,64,-8,8
32822,76,78,-2,2
32823,141,133,8,8
32824,162,154,8,8
32825,144,148,-4,4
32826,131,143,-12,12
32827,57,55,2,2
32828,105,113,-8,8
32829,74,73,1,1
32830,118,142,-24,24
32831,157,154,3,3
32832,105,105,0,0
32833,90,90,0,0
32834,96,106,-10,10
32835,161,160,1,1
32836,83,80,3,3
32837,145,139,6,6
32838,55,58,-3,3
32839,113,127,-14,14
32840,72,76,-4,4
32841,199,193,6,6
32842,57,70,-13,13
32843,86,88,-2,2
32844,124,117,7,7
32845,59,74,-15,15
32846,65,56,9,9
32847,82,78,4,4
32848,127,125,2,2
32849,82,87,-5,5
32850,101,92,9,9
32851,105,104,1,1
32852,94,94,0,0
32853,125,119,6,6
32854,96,77,19,19
32855,48,52,-4,4
32856,68,74,-6,6
32857,98,102,-4,4
32858,152,145,7,7
32859,139,114,25,25
32860,80,89,-9,9
32861,113,112,1,1
32862,102,116,-14,14
32863,94,91,3,3
32864,56,61,-5,5
32865,112,114,-2,2
32866,71,71,0,0
32867,163,166,-3,3
32868,95,101,-6,6
32869,165,162,3,3
32870,100,106,-6,6
32871,104,101,3,3
32872,68,78,-10,10
32873,152,144,8,8
32874,62,72,-10,10
32875,56,60,-4,4
32876,87,88,-1,1
32877,48,54,-6,6
32878,85,82,3,3
32879,82,103,-21,21
32880,70,91,-21,21
32881,80,80,0,0
32882,100,109,-9,9
32883,158,152,6,6
32884,143,138,5,5
32885,76,75,1,1
32886,64,69,-5,5
32887,121,115,6,6
32888,72,78,-6,6
32889,53,55,-2,2
32890,202,191,11,11
32891,54,56,-2,2
32892,58,57,1,1
32893,125,126,-1,1
32894,74,65,9,9
32895,58,102,-44,44
32896,144,142,2,2
32897,124,124,0,0
32898,84,86,-2,2
32899,27,64,-37,37
32900,84,78,6,6
32901,176,156,20,20
32902,44,51,-7,7
32903,66,70,-4,4
32904,73,85,-12,12
32905,71,88,-17,17
32906,42,74,-32,32
32907,61,82,-21,21
32908,71,68,3,3
32909,90,104,-14,14
32910,74,71,3,3
32911,109,95,14,14
32912,124,121,3,3
32913,94,97,-3,3
32914,158,169,-11,11
32915,97,86,11,11
32916,73,69,4,4
32917,90,102,-12,12
32918,64,62,2,2
32919,144,148,-4,4
32920,104,111,-7,7
32921,186,169,17,17
32922,102,100,2,2
32923,85,86,-1,1
32924,96,104,-8,8
32925,122,123,-1,1
32926,97,97,0,0
32927,96,98,-2,2
32928,50,46,4,4
32929,110,129,-19,19
32930,89,87,2,2
32931,98,99,-1,1
32932,123,133,-10,10
32933,53,56,-3,3
32934,114,115,-1,1
32935,152,157,-5,5
32936,146,152,-6,6
32937,134,125,9,9
32938,105,113,-8,8
32939,38,70,-32,32
32940,99,99,0,0
32941,107,106,1,1
32942,92,82,10,10
32943,120,122,-2,2
32944,129,132,-3,3
32945,95,94,1,1
32946,90,90,0,0
32947,103,107,-4,4
32948,114,110,4,4
32949,59,64,-5,5
32950,36,39,-3,3
32951,99,99,0,0
32952,76,78,-2,2
32953,149,130,19,19
32954,106,92,14,14
32955,61,72,-11,11
32956,47,61,-14,14
32957,158,169,-11,11
32958,54,55,-1,1
32959,50,58,-8,8
32960,98,97,1,1
32961,94,88,6,6
32962,67,68,-1,1
32963,49,52,-3,3
32964,146,144,2,2
32965,135,124,11,11
32966,87,78,9,9
32967,98,103,-5,5
32968,59,61,-2,2
32969,86,84,2,2
32970,62,66,-4,4
32971,113,104,9,9
32972,93,98,-5,5
32973,75,83,-8,8
32974,83,80,3,3
32975,138,133,5,5
32976,67,71,-4,4
32977,84,77,7,7
32978,117,119,-2,2
32979,64,68,-4,4
32980,80,77,3,3
32981,85,87,-2,2
32982,67,68,-1,1
32983,96,101,-5,5
32984,72,73,-1,1
32985,63,75,-12,12
32986,151,135,16,16
32987,49,49,0,0
32988,103,80,23,23
32989,32,38,-6,6
32990,70,68,2,2
32991,135,137,-2,2
32992,55,59,-4,4
32993,99,104,-5,5
32994,114,118,-4,4
32995,82,78,4,4
32996,119,125,-6,6
32997,104,108,-4,4
32998,123,120,3,3
32999,113,119,-6,6
33000,153,153,0,0
33001,89,91,-2,2
33002,48,71,-23,23
33003,113,109,4,4
33004,83,86,-3,3
33005,129,120,9,9
33006,67,75,-8,8
33007,96,93,3,3
33008,92,92,0,0
33009,103,98,5,5
33010,121,110,11,11
33011,48,55,-7,7
33012,98,91,7,7
33013,112,111,1,1
33014,107,112,-5,5
33015,92,81,11,11
33016,72,77,-5,5
33017,86,85,1,1
33018,86,87,-1,1
33019,120,114,6,6
33020,65,71,-6,6
33021,86,84,2,2
33022,138,129,9,9
33023,74,85,-11,11
33024,60,61,-1,1
33025,125,117,8,8
33026,61,68,-7,7
33027,99,100,-1,1
33028,150,143,7,7
33029,69,68,1,1
33030,41,42,-1,1
33031,108,103,5,5
33032,163,168,-5,5
33033,121,115,6,6
33034,72,74,-2,2
33035,109,106,3,3
33036,133,137,-4,4
33037,74,76,-2,2
33038,119,122,-3,3
33039,77,79,-2,2
33040,97,111,-14,14
33041,76,78,-2,2
33042,102,100,2,2
33043,88,80,8,8
33044,139,137,2,2
33045,93,91,2,2
33046,171,165,6,6
33047,115,135,-20,20
33048,73,74,-1,1
33049,102,101,1,1
33050,97,100,-3,3
33051,107,114,-7,7
33052,180,181,-1,1
33053,78,79,-1,1
33054,279,255,24,24
33055,86,97,-11,11
33056,80,79,1,1
33057,131,140,-9,9
33058,49,51,-2,2
33059,100,101,-1,1
33060,53,65,-12,12
33061,116,111,5,5
33062,61,62,-1,1
33063,73,60,13,13
33064,70,65,5,5
33065,56,62,-6,6
33066,69,70,-1,1
33067,76,74,2,2
33068,57,65,-8,8
33069,36,44,-8,8
33070,75,86,-11,11
33071,62,61,1,1
33072,78,77,1,1
33073,112,115,-3,3
33074,85,82,3,3
33075,164,148,16,16
33076,52,64,-12,12
33077,102,103,-1,1
33078,34,36,-2,2
33079,52,55,-3,3
33080,63,78,-15,15
33081,60,61,-1,1
33082,145,142,3,3
33083,74,79,-5,5
33084,106,114,-8,8
33085,53,58,-5,5
33086,114,119,-5,5
33087,135,141,-6,6
33088,119,117,2,2
33089,84,100,-16,16
33090,62,63,-1,1
33091,150,147,3,3
33092,178,194,-16,16
33093,125,127,-2,2
33094,125,125,0,0
33095,56,61,-5,5
33096,83,85,-2,2
33097,79,99,-20,20
33098,66,69,-3,3
33099,62,63,-1,1
33100,77,81,-4,4
33101,113,114,-1,1
33102,119,124,-5,5
33103,100,91,9,9
33104,121,123,-2,2
33105,102,98,4,4
33106,106,120,-14,14
33107,67,68,-1,1
33108,104,94,10,10
33109,133,136,-3,3
33110,138,130,8,8
33111,62,73,-11,11
33112,110,119,-9,9
33113,140,135,5,5
33114,80,73,7,7
33115,103,109,-6,6
33116,114,112,2,2
33117,55,56,-1,1
33118,91,90,1,1
33119,38,45,-7,7
33120,89,77,12,12
33121,129,126,3,3
33122,30,63,-33,33
33123,103,102,1,1
33124,100,109,-9,9
33125,87,92,-5,5
33126,99,99,0,0
33127,87,84,3,3
33128,91,98,-7,7
33129,105,103,2,2
33130,104,104,0,0
33131,46,52,-6,6
33132,86,78,8,8
33133,59,75,-16,16
33134,135,141,-6,6
33135,47,52,-5,5
33136,108,94,14,14
33137,108,103,5,5
33138,120,125,-5,5
33139,50,76,-26,26
33140,102,123,-21,21
33141,129,139,-10,10
33142,82,126,-44,44
33143,141,129,12,12
33144,87,83,4,4
33145,108,106,2,2
33146,113,127,-14,14
33147,166,161,5,5
33148,82,79,3,3
33149,34,63,-29,29
33150,57,61,-4,4
33151,128,137,-9,9
33152,86,90,-4,4
33153,70,68,2,2
33154,106,107,-1,1
33155,111,113,-2,2
33156,89,102,-13,13
33157,28,38,-10,10
33158,102,106,-4,4
33159,159,141,18,18
33160,170,157,13,13
33161,98,103,-5,5
33162,77,81,-4,4
33163,118,122,-4,4
33164,96,96,0,0
33165,51,63,-12,12
33166,63,60,3,3
33167,70,72,-2,2
33168,99,111,-12,12
33169,58,56,2,2
33170,60,61,-1,1
33171,78,82,-4,4
33172,45,60,-15,15
33173,89,103,-14,14
33174,69,73,-4,4
33175,84,93,-9,9
33176,73,72,1,1
33177,178,164,14,14
33178,63,72,-9,9
33179,108,106,2,2
33180,105,112,-7,7
33181,43,48,-5,5
33182,82,78,4,4
33183,76,82,-6,6
33184,143,131,12,12
33185,91,88,3,3
33186,63,67,-4,4
33187,136,132,4,4
33188,83,77,6,6
33189,128,122,6,6
33190,63,68,-5,5
33191,72,79,-7,7
33192,96,101,-5,5
33193,66,62,4,4
33194,89,106,-17,17
33195,74,71,3,3
33196,69,67,2,2
33197,86,86,0,0
33198,105,105,0,0
33199,92,99,-7,7
33200,49,61,-12,12
33201,151,137,14,14
33202,87,101,-14,14
33203,86,86,0,0
33204,55,54,1,1
33205,113,128,-15,15
33206,96,98,-2,2
33207,84,82,2,2
33208,102,104,-2,2
33209,85,90,-5,5
33210,141,141,0,0
33211,90,78,12,12
33212,57,60,-3,3
33213,80,87,-7,7
33214,111,109,2,2
33215,82,123,-41,41
33216,85,86,-1,1
33217,85,80,5,5
33218,67,67,0,0
33219,86,83,3,3
33220,102,92,10,10
33221,71,74,-3,3
33222,130,155,-25,25
33223,76,80,-4,4
33224,70,75,-5,5
33225,86,99,-13,13
33226,55,50,5,5
33227,97,101,-4,4
33228,98,118,-20,20
33229,70,63,7,7
33230,102,99,3,3
33231,79,74,5,5
33232,104,102,2,2
33233,70,63,7,7
33234,94,88,6,6
33235,103,106,-3,3
33236,102,113,-11,11
33237,102,101,1,1
33238,67,66,1,1
33239,165,163,2,2
33240,73,97,-24,24
33241,149,136,13,13
33242,92,90,2,2
33243,57,66,-9,9
33244,76,65,11,11
33245,129,123,6,6
33246,66,73,-7,7
33247,132,126,6,6
33248,108,102,6,6
33249,162,160,2,2
33250,104,103,1,1
33251,98,106,-8,8
33252,81,81,0,0
33253,106,116,-10,10
33254,134,143,-9,9
33255,118,122,-4,4
33256,156,141,15,15
33257,73,72,1,1
33258,106,110,-4,4
33259,64,62,2,2
33260,66,63,3,3
33261,126,114,12,12
33262,103,108,-5,5
33263,57,59,-2,2
33264,158,163,-5,5
33265,103,101,2,2
33266,103,107,-4,4
33267,172,162,10,10
33268,137,140,-3,3
33269,95,91,4,4
33270,127,121,6,6
33271,87,86,1,1
33272,136,119,17,17
33273,51,51,0,0
33274,95,92,3,3
33275,100,103,-3,3
33276,140,135,5,5
33277,102,107,-5,5
33278,69,69,0,0
33279,148,143,5,5
33280,121,138,-17,17
33281,133,134,-1,1
33282,106,114,-8,8
33283,95,92,3,3
33284,71,84,-13,13
33285,148,147,1,1
33286,188,181,7,7
33287,111,112,-1,1
33288,88,92,-4,4
33289,71,87,-16,16
33290,83,86,-3,3
33291,44,46,-2,2
33292,69,67,2,2
33293,44,48,-4,4
33294,111,110,1,1
33295,105,114,-9,9
33296,76,77,-1,1
33297,95,99,-4,4
33298,181,174,7,7
33299,128,119,9,9
33300,81,82,-1,1
33301,175,156,19,19
33302,57,57,0,0
33303,70,67,3,3
33304,77,71,6,6
33305,61,66,-5,5
33306,108,112,-4,4
33307,69,75,-6,6
33308,61,63,-2,2
33309,116,112,4,4
33310,50,56,-6,6
33311,95,84,11,11
33312,62,71,-9,9
33313,161,151,10,10
33314,101,103,-2,2
33315,84,80,4,4
33316,87,98,-11,11
33317,71,71,0,0
33318,56,61,-5,5
33319,77,77,0,0
33320,100,123,-23,23
33321,74,81,-7,7
33322,59,68,-9,9
33323,117,118,-1,1
33324,102,104,-2,2
33325,97,98,-1,1
33326,77,76,1,1
33327,128,136,-8,8
33328,89,89,0,0
33329,67,70,-3,3
33330,69,73,-4,4
33331,104,109,-5,5
33332,55,60,-5,5
33333,62,65,-3,3
33334,101,100,1,1
33335,78,81,-3,3
33336,86,77,9,9
33337,81,78,3,3
33338,104,99,5,5
33339,57,57,0,0
33340,101,96,5,5
33341,84,81,3,3
33342,73,81,-8,8
33343,106,113,-7,7
33344,102,110,-8,8
33345,71,77,-6,6
33346,144,144,0,0
33347,131,117,14,14
33348,82,71,11,11
33349,83,75,8,8
33350,169,162,7,7
33351,70,66,4,4
33352,158,150,8,8
33353,162,134,28,28
33354,104,99,5,5
33355,52,43,9,9
33356,59,60,-1,1
33357,70,72,-2,2
33358,112,121,-9,9
33359,106,100,6,6
33360,130,124,6,6
33361,111,106,5,5
33362,117,109,8,8
33363,118,129,-11,11
33364,74,78,-4,4
33365,52,60,-8,8
33366,97,109,-12,12
33367,72,76,-4,4
33368,84,78,6,6
33369,50,57,-7,7
33370,101,105,-4,4
33371,52,57,-5,5
33372,85,90,-5,5
33373,90,91,-1,1
33374,66,74,-8,8
33375,132,122,10,10
33376,91,93,-2,2
33377,46,49,-3,3
33378,36,43,-7,7
33379,94,98,-4,4
33380,65,65,0,0
33381,85,84,1,1
33382,78,76,2,2
33383,140,148,-8,8
33384,79,81,-2,2
33385,108,110,-2,2
33386,84,83,1,1
33387,89,87,2,2
33388,119,113,6,6
33389,52,49,3,3
33390,130,118,12,12
33391,57,52,5,5
33392,128,124,4,4
33393,106,101,5,5
33394,65,59,6,6
33395,75,83,-8,8
33396,153,156,-3,3
33397,42,46,-4,4
33398,70,67,3,3
33399,157,153,4,4
33400,153,148,5,5
33401,93,86,7,7
33402,85,82,3,3
33403,70,86,-16,16
33404,84,91,-7,7
33405,61,62,-1,1
33406,80,82,-2,2
33407,60,58,2,2
33408,60,64,-4,4
33409,122,124,-2,2
33410,87,87,0,0
33411,207,168,39,39
33412,102,107,-5,5
33413,52,62,-10,10
33414,75,79,-4,4
33415,62,64,-2,2
33416,82,89,-7,7
33417,144,128,16,16
33418,130,137,-7,7
33419,90,79,11,11
33420,71,76,-5,5
33421,77,73,4,4
33422,72,71,1,1
33423,46,50,-4,4
33424,55,67,-12,12
33425,64,104,-40,40
33426,73,71,2,2
33427,76,81,-5,5
33428,100,103,-3,3
33429,108,99,9,9
33430,130,125,5,5
33431,136,132,4,4
33432,89,87,2,2
33433,79,88,-9,9
33434,110,104,6,6
33435,125,132,-7,7
33436,79,90,-11,11
33437,32,34,-2,2
33438,97,123,-26,26
33439,135,132,3,3
33440,93,95,-2,2
33441,111,112,-1,1
33442,87,96,-9,9
33443,131,120,11,11
33444,72,67,5,5
33445,72,83,-11,11
33446,192,167,25,25
33447,129,122,7,7
33448,102,101,1,1
33449,86,78,8,8
33450,134,127,7,7
33451,157,155,2,2
33452,75,78,-3,3
33453,93,93,0,0
33454,96,97,-1,1
33455,105,107,-2,2
33456,110,113,-3,3
33457,137,127,10,10
33458,194,194,0,0
33459,82,83,-1,1
33460,102,115,-13,13
33461,92,99,-7,7
33462,119,105,14,14
33463,113,111,2,2
33464,85,89,-4,4
33465,66,71,-5,5
33466,145,143,2,2
33467,112,116,-4,4
33468,133,136,-3,3
33469,113,104,9,9
33470,175,146,29,29
33471,113,119,-6,6
33472,59,62,-3,3
33473,97,104,-7,7
33474,74,75,-1,1
33475,53,52,1,1
33476,108,113,-5,5
33477,133,124,9,9
33478,46,46,0,0
33479,135,126,9,9
33480,111,105,6,6
33481,117,113,4,4
33482,69,71,-2,2
33483,175,161,14,14
33484,83,80,3,3
33485,80,84,-4,4
33486,95,109,-14,14
33487,80,81,-1,1
33488,71,75,-4,4
33489,61,61,0,0
33490,83,84,-1,1
33491,168,158,10,10
33492,78,75,3,3
33493,79,85,-6,6
33494,112,120,-8,8
33495,73,73,0,0
33496,71,89,-18,18
33497,86,86,0,0
33498,105,115,-10,10
33499,103,100,3,3
33500,81,80,1,1
33501,70,74,-4,4
33502,107,100,7,7
33503,150,150,0,0
33504,70,64,6,6
33505,80,84,-4,4
33506,48,60,-12,12
33507,100,111,-11,11
33508,52,61,-9,9
33509,97,99,-2,2
33510,172,170,2,2
33511,28,37,-9,9
33512,42,77,-35,35
33513,120,121,-1,1
33514,60,67,-7,7
33515,118,109,9,9
33516,175,161,14,14
33517,69,71,-2,2
33518,50,51,-1,1
33519,90,92,-2,2
33520,109,112,-3,3
33521,63,73,-10,10
33522,63,66,-3,3
33523,54,58,-4,4
33524,115,117,-2,2
33525,61,63,-2,2
33526,91,98,-7,7
33527,76,91,-15,15
33528,72,79,-7,7
33529,64,67,-3,3
33530,47,48,-1,1
33531,67,63,4,4
33532,111,108,3,3
33533,102,134,-32,32
33534,68,67,1,1
33535,101,87,14,14
33536,154,136,18,18
33537,71,75,-4,4
33538,77,77,0,0
33539,74,75,-1,1
33540,95,101,-6,6
33541,98,101,-3,3
33542,87,84,3,3
33543,134,135,-1,1
33544,118,120,-2,2
33545,146,144,2,2
33546,82,98,-16,16
33547,85,75,10,10
33548,68,91,-23,23
33549,62,64,-2,2
33550,79,69,10,10
33551,33,36,-3,3
33552,130,120,10,10
33553,88,71,17,17
33554,132,130,2,2
33555,69,77,-8,8
33556,98,90,8,8
33557,113,105,8,8
33558,84,87,-3,3
33559,78,75,3,3
33560,121,119,2,2
33561,69,71,-2,2
33562,70,87,-17,17
33563,89,94,-5,5
33564,97,100,-3,3
33565,89,88,1,1
33566,128,124,4,4
33567,149,145,4,4
33568,115,113,2,2
33569,68,80,-12,12
33570,44,45,-1,1
33571,36,45,-9,9
33572,64,83,-19,19
33573,75,67,8,8
33574,85,85,0,0
33575,90,90,0,0
33576,98,112,-14,14
33577,110,107,3,3
33578,91,100,-9,9
33579,179,164,15,15
33580,97,85,12,12
33581,65,71,-6,6
33582,111,120,-9,9
33583,191,168,23,23
33584,181,160,21,21
33585,58,64,-6,6
33586,90,77,13,13
33587,101,98,3,3
33588,164,144,20,20
33589,117,108,9,9
33590,84,92,-8,8
33591,112,108,4,4
33592,117,108,9,9
33593,80,81,-1,1
33594,150,141,9,9
33595,94,99,-5,5
33596,115,120,-5,5
33597,157,141,16,16
33598,69,73,-4,4
33599,61,63,-2,2
33600,97,100,-3,3
33601,74,78,-4,4
33602,90,94,-4,4
33603,59,58,1,1
33604,121,111,10,10
33605,102,96,6,6
33606,107,114,-7,7
33607,102,112,-10,10
33608,256,249,7,7
33609,75,79,-4,4
33610,80,81,-1,1
33611,67,71,-4,4
33612,122,119,3,3
33613,65,62,3,3
33614,74,84,-10,10
33615,86,88,-2,2
33616,206,201,5,5
33617,139,143,-4,4
33618,76,77,-1,1
33619,186,176,10,10
33620,111,114,-3,3
33621,80,74,6,6
33622,148,144,4,4
33623,76,82,-6,6
33624,123,144,-21,21
33625,79,99,-20,20
33626,118,110,8,8
33627,51,54,-3,3
33628,88,108,-20,20
33629,157,157,0,0
33630,84,90,-6,6
33631,129,123,6,6
33632,131,119,12,12
33633,74,98,-24,24
33634,93,98,-5,5
33635,88,90,-2,2
33636,74,82,-8,8
33637,102,102,0,0
33638,143,138,5,5
33639,67,67,0,0
33640,197,190,7,7
33641,98,88,10,10
33642,117,110,7,7
33643,120,122,-2,2
33644,118,124,-6,6
33645,63,54,9,9
33646,139,140,-1,1
33647,144,151,-7,7
33648,96,95,1,1
33649,110,96,14,14
33650,121,123,-2,2
33651,68,82,-14,14
33652,84,106,-22,22
33653,118,117,1,1
33654,96,102,-6,6
33655,78,84,-6,6
33656,27,35,-8,8
33657,157,149,8,8
33658,137,130,7,7
33659,107,111,-4,4
33660,95,98,-3,3
33661,45,57,-12,12
33662,69,107,-38,38
33663,196,177,19,19
33664,108,98,10,10
33665,88,83,5,5
33666,199,184,15,15
33667,111,117,-6,6
33668,179,163,16,16
33669,157,154,3,3
33670,82,72,10,10
33671,77,75,2,2
33672,56,55,1,1
33673,63,68,-5,5
33674,196,183,13,13
33675,89,99,-10,10
33676,126,124,2,2
33677,39,37,2,2
33678,80,90,-10,10
33679,97,98,-1,1
33680,85,79,6,6
33681,58,58,0,0
33682,132,132,0,0
33683,54,68,-14,14
33684,99,99,0,0
33685,91,98,-7,7
33686,75,70,5,5
33687,57,68,-11,11
33688,66,72,-6,6
33689,105,115,-10,10
33690,51,48,3,3
33691,134,125,9,9
33692,27,30,-3,3
33693,71,66,5,5
33694,65,65,0,0
33695,112,92,20,20
33696,100,109,-9,9
33697,56,61,-5,5
33698,74,77,-3,3
33699,137,131,6,6
33700,96,100,-4,4
33701,113,126,-13,13
33702,56,57,-1,1
33703,91,99,-8,8
33704,179,177,2,2
33705,54,52,2,2
33706,90,95,-5,5
33707,92,92,0,0
33708,87,88,-1,1
33709,122,115,7,7
33710,150,137,13,13
33711,90,87,3,3
33712,98,99,-1,1
33713,59,67,-8,8
33714,122,122,0,0
33715,150,153,-3,3
33716,74,75,-1,1
33717,65,71,-6,6
33718,53,62,-9,9
33719,93,89,4,4
33720,108,104,4,4
33721,70,80,-10,10
33722,135,130,5,5
33723,87,98,-11,11
33724,65,75,-10,10
33725,55,51,4,4
33726,40,46,-6,6
33727,88,83,5,5
33728,168,154,14,14
33729,37,39,-2,2
33730,80,70,10,10
33731,92,81,11,11
33732,157,144,13,13
33733,121,125,-4,4
33734,119,125,-6,6
33735,131,110,21,21
33736,112,102,10,10
33737,71,83,-12,12
33738,73,76,-3,3
33739,99,100,-1,1
33740,81,73,8,8
33741,70,72,-2,2
33742,91,87,4,4
33743,63,63,0,0
33744,65,66,-1,1
33745,92,104,-12,12
33746,83,80,3,3
33747,62,68,-6,6
33748,137,134,3,3
33749,194,178,16,16
33750,104,100,4,4
33751,136,136,0,0
33752,149,146,3,3
33753,109,110,-1,1
33754,70,67,3,3
33755,121,118,3,3
33756,73,76,-3,3
33757,97,89,8,8
33758,105,101,4,4
33759,131,127,4,4
33760,118,113,5,5
33761,97,98,-1,1
33762,49,52,-3,3
33763,110,109,1,1
33764,87,97,-10,10
33765,107,108,-1,1
33766,72,71,1,1
33767,173,167,6,6
33768,117,120,-3,3
33769,91,100,-9,9
33770,93,78,15,15
33771,34,31,3,3
33772,75,71,4,4
33773,110,117,-7,7
33774,76,87,-11,11
33775,122,157,-35,35
33776,94,101,-7,7
33777,60,64,-4,4
33778,96,102,-6,6
33779,92,101,-9,9
33780,155,143,12,12
33781,116,108,8,8
33782,113,113,0,0
33783,70,63,7,7
33784,127,134,-7,7
33785,104,115,-11,11
33786,103,106,-3,3
33787,66,59,7,7
33788,58,63,-5,5
33789,47,61,-14,14
33790,124,129,-5,5
33791,47,40,7,7
33792,134,122,12,12
33793,126,115,11,11
33794,133,137,-4,4
33795,101,107,-6,6
33796,48,54,-6,6
33797,69,85,-16,16
33798,62,61,1,1
33799,112,103,9,9
33800,124,131,-7,7
33801,68,69,-1,1
33802,70,68,2,2
33803,98,101,-3,3
33804,61,77,-16,16
33805,98,108,-10,10
33806,128,117,11,11
33807,112,108,4,4
33808,62,67,-5,5
33809,106,101,5,5
33810,90,81,9,9
33811,57,59,-2,2
33812,127,128,-1,1
33813,83,80,3,3
33814,123,123,0,0
33815,99,98,1,1
33816,114,118,-4,4
33817,124,131,-7,7
33818,63,66,-3,3
33819,169,163,6,6
33820,86,87,-1,1
33821,97,101,-4,4
33822,95,89,6,6
33823,97,95,2,2
33824,120,111,9,9
33825,100,100,0,0
33826,127,135,-8,8
33827,65,68,-3,3
33828,74,75,-1,1
33829,146,143,3,3
33830,93,100,-7,7
33831,76,77,-1,1
33832,127,122,5,5
33833,61,63,-2,2
33834,81,85,-4,4
33835,132,108,24,24
33836,69,64,5,5
33837,56,69,-13,13
33838,103,103,0,0
33839,110,117,-7,7
33840,102,103,-1,1
33841,74,70,4,4
33842,111,116,-5,5
33843,74,76,-2,2
33844,58,61,-3,3
33845,96,104,-8,8
33846,67,70,-3,3
33847,57,57,0,0
33848,104,102,2,2
33849,60,71,-11,11
33850,50,58,-8,8
33851,120,120,0,0
33852,73,71,2,2
33853,45,48,-3,3
33854,95,101,-6,6
33855,125,132,-7,7
33856,106,108,-2,2
33857,80,74,6,6
33858,138,137,1,1
33859,105,111,-6,6
33860,100,107,-7,7
33861,89,88,1,1
33862,161,139,22,22
33863,115,121,-6,6
33864,109,103,6,6
33865,120,116,4,4
33866,64,66,-2,2
33867,85,86,-1,1
33868,139,135,4,4
33869,56,64,-8,8
33870,100,105,-5,5
33871,61,62,-1,1
33872,87,97,-10,10
33873,78,72,6,6
33874,135,126,9,9
33875,149,152,-3,3
33876,123,118,5,5
33877,114,100,14,14
33878,106,118,-12,12
33879,121,110,11,11
33880,103,117,-14,14
33881,133,134,-1,1
33882,83,82,1,1
33883,90,84,6,6
33884,43,49,-6,6
33885,195,180,15,15
33886,82,77,5,5
33887,121,119,2,2
33888,77,78,-1,1
33889,80,84,-4,4
33890,56,60,-4,4
33891,70,66,4,4
33892,57,58,-1,1
33893,98,101,-3,3
33894,85,88,-3,3
33895,102,103,-1,1
33896,114,106,8,8
33897,153,144,9,9
33898,61,59,2,2
33899,99,101,-2,2
33900,77,74,3,3
33901,89,76,13,13
33902,79,76,3,3
33903,108,116,-8,8
33904,102,85,17,17
33905,54,61,-7,7
33906,101,98,3,3
33907,131,127,4,4
33908,56,63,-7,7
33909,110,106,4,4
33910,78,75,3,3
33911,153,144,9,9
33912,73,79,-6,6
33913,105,100,5,5
33914,57,65,-8,8
33915,95,110,-15,15
33916,56,64,-8,8
33917,107,104,3,3
33918,62,80,-18,18
33919,157,152,5,5
33920,94,90,4,4
33921,84,73,11,11
33922,131,128,3,3
33923,75,75,0,0
33924,122,121,1,1
33925,114,125,-11,11
33926,61,60,1,1
33927,137,145,-8,8
33928,72,71,1,1
33929,115,102,13,13
33930,49,83,-34,34
33931,98,91,7,7
33932,114,119,-5,5
33933,79,77,2,2
33934,75,71,4,4
33935,111,94,17,17
33936,84,86,-2,2
33937,61,62,-1,1
33938,70,77,-7,7
33939,103,108,-5,5
33940,119,112,7,7
33941,62,65,-3,3
33942,94,84,10,10
33943,161,151,10,10
33944,253,219,34,34
33945,112,118,-6,6
33946,63,76,-13,13
33947,90,87,3,3
33948,124,123,1,1
33949,85,75,10,10
33950,167,166,1,1
33951,115,100,15,15
33952,113,106,7,7
33953,95,99,-4,4
33954,93,90,3,3
33955,138,126,12,12
33956,74,77,-3,3
33957,52,56,-4,4
33958,104,101,3,3
33959,143,137,6,6
33960,74,83,-9,9
33961,69,69,0,0
33962,133,137,-4,4
33963,82,82,0,0
33964,98,91,7,7
33965,77,76,1,1
33966,142,144,-2,2
33967,84,88,-4,4
33968,95,104,-9,9
33969,83,81,2,2
33970,114,101,13,13
33971,53,79,-26,26
33972,91,87,4,4
33973,122,130,-8,8
33974,89,115,-26,26
33975,81,84,-3,3
33976,110,111,-1,1
33977,96,91,5,5
33978,119,117,2,2
33979,80,84,-4,4
33980,108,100,8,8
33981,71,70,1,1
33982,80,81,-1,1
33983,157,160,-3,3
33984,85,74,11,11
33985,47,59,-12,12
33986,68,61,7,7
33987,86,73,13,13
33988,71,72,-1,1
33989,64,63,1,1
33990,65,69,-4,4
33991,155,162,-7,7
33992,108,118,-10,10
33993,188,171,17,17
33994,109,114,-5,5
33995,64,69,-5,5
33996,120,141,-21,21
33997,72,77,-5,5
33998,55,57,-2,2
33999,69,65,4,4
34000,186,168,18,18
34001,96,114,-18,18
34002,77,81,-4,4
34003,83,83,0,0
34004,79,74,5,5
34005,55,68,-13,13
34006,155,148,7,7
34007,91,91,0,0
34008,48,59,-11,11
34009,122,120,2,2
34010,75,89,-14,14
34011,109,115,-6,6
34012,110,110,0,0
34013,79,78,1,1
34014,69,69,0,0
34015,78,84,-6,6
34016,129,133,-4,4
34017,131,128,3,3
34018,45,51,-6,6
34019,96,92,4,4
34020,105,124,-19,19
34021,128,131,-3,3
34022,139,137,2,2
34023,116,107,9,9
34024,81,80,1,1
34025,77,81,-4,4
34026,100,103,-3,3
34027,68,69,-1,1
34028,70,76,-6,6
34029,222,225,-3,3
34030,22,34,-12,12
34031,121,120,1,1
34032,67,70,-3,3
34033,87,81,6,6
34034,58,59,-1,1
34035,69,80,-11,11
34036,71,82,-11,11
34037,54,70,-16,16
34038,60,56,4,4
34039,87,88,-1,1
34040,101,100,1,1
34041,61,61,0,0
34042,141,128,13,13
34043,121,127,-6,6
34044,102,90,12,12
34045,78,81,-3,3
34046,96,111,-15,15
34047,56,54,2,2
34048,101,89,12,12
34049,64,69,-5,5
34050,55,66,-11,11
34051,89,77,12,12
34052,84,76,8,8
34053,90,87,3,3
34054,166,153,13,13
34055,85,111,-26,26
34056,94,95,-1,1
34057,130,138,-8,8
34058,146,153,-7,7
34059,77,98,-21,21
34060,97,91,6,6
34061,102,102,0,0
34062,150,154,-4,4
34063,104,104,0,0
34064,90,90,0,0
34065,70,69,1,1
34066,45,47,-2,2
34067,76,71,5,5
34068,90,110,-20,20
34069,63,59,4,4
34070,123,118,5,5
34071,91,79,12,12
34072,102,92,10,10
34073,120,114,6,6
34074,48,71,-23,23
34075,42,50,-8,8
34076,85,86,-1,1
34077,67,65,2,2
34078,73,63,10,10
34079,67,67,0,0
34080,87,85,2,2
34081,172,155,17,17
34082,128,138,-10,10
34083,116,119,-3,3
34084,102,100,2,2
34085,134,136,-2,2
34086,94,105,-11,11
34087,55,55,0,0
34088,175,179,-4,4
34089,71,73,-2,2
34090,53,61,-8,8
34091,92,102,-10,10
34092,111,108,3,3
34093,120,123,-3,3
34094,107,118,-11,11
34095,48,48,0,0
34096,85,80,5,5
34097,122,144,-22,22
34098,90,100,-10,10
34099,70,67,3,3
34100,63,66,-3,3
34101,110,105,5,5
34102,56,61,-5,5
34103,96,105,-9,9
34104,79,81,-2,2
34105,56,58,-2,2
34106,115,107,8,8
34107,60,69,-9,9
34108,59,62,-3,3
34109,74,74,0,0
34110,110,118,-8,8
34111,99,115,-16,16
34112,106,107,-1,1
34113,62,55,7,7
34114,93,98,-5,5
34115,59,60,-1,1
34116,88,81,7,7
34117,75,90,-15,15
34118,78,72,6,6
34119,67,70,-3,3
34120,118,111,7,7
34121,66,64,2,2
34122,69,70,-1,1
34123,110,100,10,10
34124,102,107,-5,5
34125,127,130,-3,3
34126,99,103,-4,4
34127,127,135,-8,8
34128,97,87,10,10
34129,52,48,4,4
34130,56,61,-5,5
34131,64,63,1,1
34132,111,107,4,4
34133,114,113,1,1
34134,162,148,14,14
34135,56,68,-12,12
34136,35,40,-5,5
34137,83,85,-2,2
34138,151,154,-3,3
34139,77,78,-1,1
34140,65,73,-8,8
34141,67,70,-3,3
34142,81,78,3,3
34143,56,57,-1,1
34144,67,68,-1,1
34145,59,56,3,3
34146,142,123,19,19
34147,79,81,-2,2
34148,104,106,-2,2
34149,68,70,-2,2
34150,67,74,-7,7
34151,56,61,-5,5
34152,66,67,-1,1
34153,31,32,-1,1
34154,121,113,8,8
34155,115,112,3,3
34156,68,69,-1,1
34157,103,109,-6,6
34158,71,72,-1,1
34159,115,122,-7,7
34160,122,114,8,8
34161,99,98,1,1
34162,112,112,0,0
34163,215,218,-3,3
34164,68,75,-7,7
34165,84,82,2,2
34166,82,82,0,0
34167,82,82,0,0
34168,95,90,5,5
34169,80,82,-2,2
34170,121,115,6,6
34171,103,97,6,6
34172,74,78,-4,4
34173,59,62,-3,3
34174,106,102,4,4
34175,62,59,3,3
34176,49,50,-1,1
34177,62,65,-3,3
34178,151,150,1,1
34179,178,155,23,23
34180,96,97,-1,1
34181,91,92,-1,1
34182,74,76,-2,2
34183,78,87,-9,9
34184,95,119,-24,24
34185,109,110,-1,1
34186,59,62,-3,3
34187,64,56,8,8
34188,122,109,13,13
34189,106,111,-5,5
34190,137,133,4,4
34191,79,77,2,2
34192,45,52,-7,7
34193,96,96,0,0
34194,53,55,-2,2
34195,121,115,6,6
34196,138,139,-1,1
34197,107,100,7,7
34198,90,88,2,2
34199,83,87,-4,4
34200,65,66,-1,1
34201,68,76,-8,8
34202,50,51,-1,1
34203,44,70,-26,26
34204,78,84,-6,6
34205,74,76,-2,2
34206,67,67,0,0
34207,116,108,8,8
34208,50,47,3,3
34209,100,92,8,8
34210,52,55,-3,3
34211,70,66,4,4
34212,92,92,0,0
34213,130,125,5,5
34214,139,145,-6,6
34215,96,89,7,7
34216,98,88,10,10
34217,49,55,-6,6
34218,90,83,7,7
34219,103,112,-9,9
34220,39,48,-9,9
34221,172,153,19,19
34222,104,99,5,5
34223,63,66,-3,3
34224,78,75,3,3
34225,65,68,-3,3
34226,58,58,0,0
34227,140,143,-3,3
34228,95,109,-14,14
34229,77,74,3,3
34230,122,115,7,7
34231,63,54,9,9
34232,26,30,-4,4
34233,78,79,-1,1
34234,60,64,-4,4
34235,80,80,0,0
34236,96,100,-4,4
34237,62,65,-3,3
34238,77,82,-5,5
34239,101,99,2,2
34240,103,107,-4,4
34241,87,98,-11,11
34242,132,129,3,3
34243,223,197,26,26
34244,117,112,5,5
34245,151,143,8,8
34246,87,99,-12,12
34247,103,103,0,0
34248,59,69,-10,10
34249,150,130,20,20
34250,100,91,9,9
34251,92,83,9,9
34252,65,76,-11,11
34253,72,72,0,0
34254,48,49,-1,1
34255,114,110,4,4
34256,63,59,4,4
34257,139,137,2,2
34258,86,85,1,1
34259,96,84,12,12
34260,80,79,1,1
34261,126,117,9,9
34262,112,111,1,1
34263,99,112,-13,13
34264,83,77,6,6
34265,62,59,3,3
34266,53,69,-16,16
34267,40,44,-4,4
34268,103,105,-2,2
34269,87,99,-12,12
34270,66,71,-5,5
34271,116,108,8,8
34272,107,99,8,8
34273,121,120,1,1
34274,114,103,11,11
34275,111,112,-1,1
34276,105,108,-3,3
34277,103,107,-4,4
34278,106,94,12,12
34279,126,123,3,3
34280,104,102,2,2
34281,77,75,2,2
34282,114,117,-3,3
34283,77,77,0,0
34284,83,84,-1,1
34285,78,83,-5,5
34286,81,85,-4,4
34287,64,68,-4,4
34288,134,130,4,4
34289,78,80,-2,2
34290,137,133,4,4
34291,80,80,0,0
34292,145,133,12,12
34293,103,112,-9,9
34294,101,101,0,0
34295,87,83,4,4
34296,83,84,-1,1
34297,98,89,9,9
34298,133,135,-2,2
34299,114,126,-12,12
34300,119,108,11,11
34301,94,92,2,2
34302,85,89,-4,4
34303,162,163,-1,1
34304,85,72,13,13
34305,62,58,4,4
34306,83,80,3,3
34307,99,99,0,0
34308,79,85,-6,6
34309,95,101,-6,6
34310,140,141,-1,1
34311,165,157,8,8
34312,104,101,3,3
34313,110,125,-15,15
34314,138,179,-41,41
34315,117,133,-16,16
34316,120,114,6,6
34317,67,79,-12,12
34318,82,80,2,2
34319,110,104,6,6
34320,110,104,6,6
34321,63,73,-10,10
34322,54,55,-1,1
34323,128,133,-5,5
34324,90,83,7,7
34325,99,106,-7,7
34326,121,146,-25,25
34327,47,57,-10,10
34328,88,82,6,6
34329,96,86,10,10
34330,83,106,-23,23
34331,91,80,11,11
34332,100,103,-3,3
34333,68,70,-2,2
34334,44,47,-3,3
34335,94,91,3,3
34336,48,55,-7,7
34337,63,63,0,0
34338,114,114,0,0
34339,88,81,7,7
34340,105,102,3,3
34341,67,69,-2,2
34342,61,53,8,8
34343,120,119,1,1
34344,111,101,10,10
34345,102,93,9,9
34346,111,107,4,4
34347,48,47,1,1
34348,102,108,-6,6
34349,101,102,-1,1
34350,88,96,-8,8
34351,58,66,-8,8
34352,64,66,-2,2
34353,65,68,-3,3
34354,156,150,6,6
34355,84,84,0,0
34356,169,151,18,18
34357,130,116,14,14
34358,51,63,-12,12
34359,60,59,1,1
34360,109,101,8,8
34361,107,111,-4,4
34362,133,147,-14,14
34363,73,72,1,1
34364,117,115,2,2
34365,105,104,1,1
34366,118,140,-22,22
34367,107,109,-2,2
34368,89,89,0,0
34369,130,125,5,5
34370,107,117,-10,10
34371,86,88,-2,2
34372,87,89,-2,2
34373,166,155,11,11
34374,91,97,-6,6
34375,83,76,7,7
34376,90,105,-15,15
34377,60,70,-10,10
34378,73,76,-3,3
34379,133,120,13,13
34380,131,131,0,0
34381,128,154,-26,26
34382,93,90,3,3
34383,48,52,-4,4
34384,126,107,19,19
34385,62,73,-11,11
34386,50,59,-9,9
34387,70,71,-1,1
34388,111,114,-3,3
34389,89,81,8,8
34390,94,101,-7,7
34391,38,43,-5,5
34392,76,88,-12,12
34393,92,92,0,0
34394,66,67,-1,1
34395,84,83,1,1
34396,72,72,0,0
34397,79,76,3,3
34398,78,79,-1,1
34399,61,62,-1,1
34400,68,67,1,1
34401,114,108,6,6
34402,84,87,-3,3
34403,51,63,-12,12
34404,96,88,8,8
34405,74,67,7,7
34406,64,73,-9,9
34407,79,78,1,1
34408,89,83,6,6
34409,150,151,-1,1
34410,137,122,15,15
34411,62,64,-2,2
34412,120,110,10,10
34413,75,61,14,14
34414,63,68,-5,5
34415,144,149,-5,5
34416,83,79,4,4
34417,71,105,-34,34
34418,125,125,0,0
34419,71,73,-2,2
34420,90,98,-8,8
34421,57,57,0,0
34422,68,75,-7,7
34423,117,109,8,8
34424,142,141,1,1
34425,95,86,9,9
34426,91,100,-9,9
34427,86,93,-7,7
34428,119,126,-7,7
34429,71,76,-5,5
34430,97,91,6,6
34431,92,99,-7,7
34432,86,91,-5,5
34433,48,51,-3,3
34434,50,44,6,6
34435,105,137,-32,32
34436,105,109,-4,4
34437,127,112,15,15
34438,108,110,-2,2
34439,71,70,1,1
34440,73,77,-4,4
34441,68,77,-9,9
34442,147,133,14,14
34443,142,146,-4,4
34444,39,46,-7,7
34445,91,81,10,10
34446,79,84,-5,5
34447,84,81,3,3
34448,123,128,-5,5
34449,63,76,-13,13
34450,196,187,9,9
34451,161,162,-1,1
34452,152,128,24,24
34453,144,136,8,8
34454,96,100,-4,4
34455,125,127,-2,2
34456,82,76,6,6
34457,128,121,7,7
34458,160,162,-2,2
34459,43,48,-5,5
34460,68,72,-4,4
34461,108,85,23,23
34462,74,74,0,0
34463,52,54,-2,2
34464,107,121,-14,14
34465,64,69,-5,5
34466,89,86,3,3
34467,85,71,14,14
34468,73,79,-6,6
34469,177,185,-8,8
34470,111,112,-1,1
34471,67,78,-11,11
34472,76,74,2,2
34473,152,139,13,13
34474,90,91,-1,1
34475,79,78,1,1
34476,99,106,-7,7
34477,78,72,6,6
34478,131,128,3,3
34479,100,93,7,7
34480,74,82,-8,8
34481,99,102,-3,3
34482,135,134,1,1
34483,104,111,-7,7
34484,67,64,3,3
34485,102,91,11,11
34486,48,57,-9,9
34487,243,230,13,13
34488,97,98,-1,1
34489,112,112,0,0
34490,118,125,-7,7
34491,77,83,-6,6
34492,73,64,9,9
34493,99,103,-4,4
34494,60,78,-18,18
34495,155,153,2,2
34496,125,124,1,1
34497,202,171,31,31
34498,82,96,-14,14
34499,100,94,6,6
34500,78,77,1,1
34501,59,67,-8,8
34502,48,59,-11,11
34503,121,126,-5,5
34504,128,122,6,6
34505,96,104,-8,8
34506,133,123,10,10
34507,107,108,-1,1
34508,106,102,4,4
34509,111,126,-15,15
34510,48,69,-21,21
34511,79,89,-10,10
34512,121,111,10,10
34513,147,142,5,5
34514,113,109,4,4
34515,58,60,-2,2
34516,93,83,10,10
34517,109,111,-2,2
34518,85,90,-5,5
34519,69,76,-7,7
34520,70,70,0,0
34521,81,93,-12,12
34522,47,49,-2,2
34523,121,114,7,7
34524,151,133,18,18
34525,80,83,-3,3
34526,60,60,0,0
34527,133,129,4,4
34528,65,71,-6,6
34529,162,167,-5,5
34530,73,69,4,4
34531,108,102,6,6
34532,87,84,3,3
34533,101,110,-9,9
34534,90,91,-1,1
34535,130,148,-18,18
34536,133,127,6,6
34537,139,137,2,2
34538,95,104,-9,9
34539,96,100,-4,4
34540,66,69,-3,3
34541,69,73,-4,4
34542,69,69,0,0
34543,86,84,2,2
34544,95,99,-4,4
34545,91,87,4,4
34546,189,163,26,26
34547,109,108,1,1
34548,63,65,-2,2
34549,156,156,0,0
34550,64,66,-2,2
34551,117,112,5,5
34552,55,55,0,0
34553,115,122,-7,7
34554,103,99,4,4
34555,155,146,9,9
34556,78,80,-2,2
34557,159,165,-6,6
34558,73,63,10,10
34559,188,180,8,8
34560,150,150,0,0
34561,103,92,11,11
34562,80,83,-3,3
34563,92,100,-8,8
34564,121,123,-2,2
34565,113,118,-5,5
34566,106,104,2,2
34567,72,64,8,8
34568,120,120,0,0
34569,49,55,-6,6
34570,124,131,-7,7
34571,82,83,-1,1
34572,145,159,-14,14
34573,61,60,1,1
34574,108,106,2,2
34575,53,55,-2,2
34576,117,112,5,5
34577,88,89,-1,1
34578,122,98,24,24
34579,56,62,-6,6
34580,161,148,13,13
34581,115,112,3,3
34582,100,102,-2,2
34583,149,151,-2,2
34584,126,119,7,7
34585,74,72,2,2
34586,124,119,5,5
34587,101,102,-1,1
34588,83,100,-17,17
34589,105,103,2,2
34590,143,137,6,6
34591,153,146,7,7
34592,54,59,-5,5
34593,52,52,0,0
34594,87,85,2,2
34595,63,65,-2,2
34596,84,89,-5,5
34597,96,99,-3,3
34598,59,62,-3,3
34599,141,136,5,5
34600,121,113,8,8
34601,21,27,-6,6
34602,93,87,6,6
34603,126,130,-4,4
34604,91,91,0,0
34605,126,124,2,2
34606,79,79,0,0
34607,133,137,-4,4
34608,72,75,-3,3
34609,117,103,14,14
34610,51,61,-10,10
34611,92,91,1,1
34612,78,83,-5,5
34613,70,74,-4,4
34614,77,78,-1,1
34615,94,86,8,8
34616,75,76,-1,1
34617,93,99,-6,6
34618,75,68,7,7
34619,149,146,3,3
34620,99,103,-4,4
34621,94,107,-13,13
34622,98,90,8,8
34623,68,70,-2,2
34624,101,145,-44,44
34625,115,111,4,4
34626,87,84,3,3
34627,100,114,-14,14
34628,80,89,-9,9
34629,133,126,7,7
34630,54,57,-3,3
34631,164,159,5,5
34632,98,102,-4,4
34633,75,78,-3,3
34634,77,72,5,5
34635,126,124,2,2
34636,124,120,4,4
34637,89,92,-3,3
34638,77,81,-4,4
34639,162,149,13,13
34640,129,117,12,12
34641,126,126,0,0
34642,90,83,7,7
34643,145,142,3,3
34644,59,68,-9,9
34645,79,76,3,3
34646,100,91,9,9
34647,136,130,6,6
34648,53,64,-11,11
34649,109,106,3,3
34650,79,80,-1,1
34651,111,110,1,1
34652,172,139,33,33
34653,142,137,5,5
34654,81,80,1,1
34655,100,101,-1,1
34656,71,72,-1,1
34657,37,44,-7,7
34658,91,88,3,3
34659,85,85,0,0
34660,96,100,-4,4
34661,96,98,-2,2
34662,72,68,4,4
34663,58,60,-2,2
34664,128,137,-9,9
34665,90,82,8,8
34666,79,80,-1,1
34667,57,55,2,2
34668,164,143,21,21
34669,147,116,31,31
34670,42,53,-11,11
34671,92,106,-14,14
34672,73,77,-4,4
34673,80,81,-1,1
34674,82,78,4,4
34675,82,86,-4,4
34676,124,122,2,2
34677,87,99,-12,12
34678,93,98,-5,5
34679,151,135,16,16
34680,88,85,3,3
34681,99,91,8,8
34682,104,107,-3,3
34683,80,83,-3,3
34684,91,81,10,10
34685,116,136,-20,20
34686,136,127,9,9
34687,76,112,-36,36
34688,125,134,-9,9
34689,99,91,8,8
34690,112,120,-8,8
34691,103,116,-13,13
34692,152,147,5,5
34693,122,120,2,2
34694,74,63,11,11
34695,106,105,1,1
34696,76,75,1,1
34697,59,65,-6,6
34698,100,124,-24,24
34699,58,63,-5,5
34700,69,74,-5,5
34701,120,128,-8,8
34702,74,75,-1,1
34703,55,59,-4,4
34704,89,88,1,1
34705,79,82,-3,3
34706,137,143,-6,6
34707,81,83,-2,2
34708,64,78,-14,14
34709,170,167,3,3
34710,69,70,-1,1
34711,72,69,3,3
34712,73,68,5,5
34713,66,74,-8,8
34714,114,114,0,0
34715,96,109,-13,13
34716,67,72,-5,5
34717,83,83,0,0
34718,72,69,3,3
34719,150,148,2,2
34720,56,54,2,2
34721,66,71,-5,5
34722,53,62,-9,9
34723,169,154,15,15
34724,66,69,-3,3
34725,105,114,-9,9
34726,101,102,-1,1
34727,78,83,-5,5
34728,130,130,0,0
34729,140,133,7,7
34730,91,107,-16,16
34731,89,76,13,13
34732,73,74,-1,1
34733,111,110,1,1
34734,111,116,-5,5
34735,154,145,9,9
34736,56,59,-3,3
34737,136,128,8,8
34738,101,90,11,11
34739,120,123,-3,3
34740,62,57,5,5
34741,105,104,1,1
34742,76,77,-1,1
34743,161,161,0,0
34744,88,91,-3,3
34745,51,56,-5,5
34746,108,113,-5,5
34747,101,101,0,0
34748,74,75,-1,1
34749,189,164,25,25
34750,46,45,1,1
34751,58,64,-6,6
34752,100,88,12,12
34753,171,148,23,23
34754,45,48,-3,3
34755,87,70,17,17
34756,57,59,-2,2
34757,137,124,13,13
34758,72,73,-1,1
34759,115,113,2,2
34760,98,99,-1,1
34761,58,62,-4,4
34762,87,114,-27,27
34763,79,79,0,0
34764,79,77,2,2
34765,67,66,1,1
34766,32,40,-8,8
34767,76,77,-1,1
34768,80,72,8,8
34769,106,92,14,14
34770,54,63,-9,9
34771,75,81,-6,6
34772,149,147,2,2
34773,110,102,8,8
34774,106,110,-4,4
34775,130,131,-1,1
34776,49,52,-3,3
34777,119,125,-6,6
34778,75,80,-5,5
34779,89,89,0,0
34780,63,60,3,3
34781,64,54,10,10
34782,116,115,1,1
34783,79,69,10,10
34784,92,95,-3,3
34785,70,75,-5,5
34786,120,118,2,2
34787,165,160,5,5
34788,187,194,-7,7
34789,82,77,5,5
34790,53,67,-14,14
34791,88,85,3,3
34792,75,71,4,4
34793,66,61,5,5
34794,80,81,-1,1
34795,113,105,8,8
34796,48,44,4,4
34797,52,50,2,2
34798,169,161,8,8
34799,100,111,-11,11
34800,71,78,-7,7
34801,103,116,-13,13
34802,127,126,1,1
34803,132,133,-1,1
34804,136,136,0,0
34805,67,54,13,13
34806,127,130,-3,3
34807,142,145,-3,3
34808,114,120,-6,6
34809,71,79,-8,8
34810,77,77,0,0
34811,86,100,-14,14
34812,166,146,20,20
34813,116,113,3,3
34814,42,44,-2,2
34815,91,84,7,7
34816,81,75,6,6
34817,109,107,2,2
34818,164,166,-2,2
34819,119,123,-4,4
34820,79,74,5,5
34821,122,120,2,2
34822,67,69,-2,2
34823,96,91,5,5
34824,81,79,2,2
34825,110,84,26,26
34826,142,140,2,2
34827,30,35,-5,5
34828,102,108,-6,6
34829,128,119,9,9
34830,127,133,-6,6
34831,55,89,-34,34
34832,125,156,-31,31
34833,85,87,-2,2
34834,82,84,-2,2
34835,99,110,-11,11
34836,142,145,-3,3
34837,99,112,-13,13
34838,96,106,-10,10
34839,87,103,-16,16
34840,76,73,3,3
34841,95,102,-7,7
34842,61,65,-4,4
34843,58,66,-8,8
34844,88,90,-2,2
34845,87,101,-14,14
34846,89,86,3,3
34847,100,98,2,2
34848,87,90,-3,3
34849,86,85,1,1
34850,43,55,-12,12
34851,33,36,-3,3
34852,97,99,-2,2
34853,130,125,5,5
34854,149,138,11,11
34855,139,124,15,15
34856,71,76,-5,5
34857,53,66,-13,13
34858,69,65,4,4
34859,114,105,9,9
34860,60,71,-11,11
34861,53,58,-5,5
34862,80,77,3,3
34863,75,65,10,10
34864,101,117,-16,16
34865,147,144,3,3
34866,100,90,10,10
34867,112,122,-10,10
34868,61,62,-1,1
34869,68,69,-1,1
34870,41,61,-20,20
34871,72,76,-4,4
34872,69,78,-9,9
34873,135,125,10,10
34874,112,115,-3,3
34875,63,65,-2,2
34876,83,80,3,3
34877,74,77,-3,3
34878,85,98,-13,13
34879,91,83,8,8
34880,150,150,0,0
34881,96,92,4,4
34882,61,84,-23,23
34883,51,65,-14,14
34884,61,64,-3,3
34885,143,161,-18,18
34886,64,70,-6,6
34887,59,59,0,0
34888,67,83,-16,16
34889,65,82,-17,17
34890,142,130,12,12
34891,66,68,-2,2
34892,73,81,-8,8
34893,107,107,0,0
34894,112,101,11,11
34895,104,108,-4,4
34896,46,50,-4,4
34897,83,73,10,10
34898,89,85,4,4
34899,73,65,8,8
34900,59,59,0,0
34901,59,60,-1,1
34902,112,110,2,2
34903,75,80,-5,5
34904,68,72,-4,4
34905,80,89,-9,9
34906,70,81,-11,11
34907,77,82,-5,5
34908,49,51,-2,2
34909,91,89,2,2
34910,65,62,3,3
34911,77,76,1,1
34912,130,119,11,11
34913,77,77,0,0
34914,175,175,0,0
34915,103,113,-10,10
34916,79,78,1,1
34917,74,69,5,5
34918,98,107,-9,9
34919,111,113,-2,2
34920,105,119,-14,14
34921,106,110,-4,4
34922,43,44,-1,1
34923,91,101,-10,10
34924,88,89,-1,1
34925,121,119,2,2
34926,111,106,5,5
34927,65,69,-4,4
34928,63,61,2,2
34929,91,102,-11,11
34930,70,74,-4,4
34931,117,111,6,6
34932,56,65,-9,9
34933,153,152,1,1
34934,135,135,0,0
34935,66,65,1,1
34936,97,103,-6,6
34937,94,102,-8,8
34938,79,79,0,0
34939,89,82,7,7
34940,117,113,4,4
34941,50,48,2,2
34942,172,176,-4,4
34943,71,81,-10,10
34944,94,97,-3,3
34945,146,150,-4,4
34946,57,59,-2,2
34947,91,94,-3,3
34948,44,53,-9,9
34949,124,124,0,0
34950,117,105,12,12
34951,93,86,7,7
34952,100,106,-6,6
34953,167,160,7,7
34954,97,99,-2,2
34955,117,114,3,3
34956,142,136,6,6
34957,62,64,-2,2
34958,99,102,-3,3
34959,83,82,1,1
34960,61,66,-5,5
34961,80,86,-6,6
34962,85,79,6,6
34963,102,108,-6,6
34964,127,134,-7,7
34965,123,128,-5,5
34966,117,116,1,1
34967,102,118,-16,16
34968,100,99,1,1
34969,105,103,2,2
34970,116,102,14,14
34971,104,112,-8,8
34972,70,70,0,0
34973,71,78,-7,7
34974,59,70,-11,11
34975,86,82,4,4
34976,121,104,17,17
34977,104,100,4,4
34978,93,88,5,5
34979,78,82,-4,4
34980,124,120,4,4
34981,83,86,-3,3
34982,126,125,1,1
34983,91,91,0,0
34984,89,102,-13,13
34985,79,78,1,1
34986,110,113,-3,3
34987,80,81,-1,1
34988,116,116,0,0
34989,133,121,12,12
34990,91,109,-18,18
34991,94,87,7,7
34992,160,150,10,10
34993,107,116,-9,9
34994,61,70,-9,9
34995,74,66,8,8
34996,80,82,-2,2
34997,50,57,-7,7
34998,98,102,-4,4
34999,47,50,-3,3
35000,63,84,-21,21
35001,92,100,-8,8
35002,97,98,-1,1
35003,101,105,-4,4
35004,48,55,-7,7
35005,114,117,-3,3
35006,106,108,-2,2
35007,98,98,0,0
35008,133,133,0,0
35009,98,85,13,13
35010,41,45,-4,4
35011,85,87,-2,2
35012,102,107,-5,5
35013,97,88,9,9
35014,49,54,-5,5
35015,50,60,-10,10
35016,86,94,-8,8
35017,96,109,-13,13
35018,110,104,6,6
35019,95,102,-7,7
35020,89,81,8,8
35021,92,89,3,3
35022,109,102,7,7
35023,75,76,-1,1
35024,61,54,7,7
35025,82,91,-9,9
35026,88,95,-7,7
35027,139,135,4,4
35028,67,81,-14,14
35029,106,109,-3,3
35030,108,111,-3,3
35031,80,85,-5,5
35032,78,87,-9,9
35033,87,89,-2,2
35034,57,60,-3,3
35035,63,65,-2,2
35036,105,92,13,13
35037,129,113,16,16
35038,65,62,3,3
35039,93,98,-5,5
35040,50,47,3,3
35041,30,43,-13,13
35042,81,79,2,2
35043,55,68,-13,13
35044,76,75,1,1
35045,135,123,12,12
35046,55,60,-5,5
35047,140,143,-3,3
35048,92,84,8,8
35049,124,126,-2,2
35050,100,102,-2,2
35051,40,41,-1,1
35052,50,48,2,2
35053,85,87,-2,2
35054,87,99,-12,12
35055,136,127,9,9
35056,65,71,-6,6
35057,97,74,23,23
35058,80,78,2,2
35059,99,101,-2,2
35060,69,72,-3,3
35061,97,105,-8,8
35062,65,65,0,0
35063,67,70,-3,3
35064,108,106,2,2
35065,105,112,-7,7
35066,98,89,9,9
35067,73,73,0,0
35068,87,85,2,2
35069,80,69,11,11
35070,115,118,-3,3
35071,129,116,13,13
35072,62,66,-4,4
35073,141,131,10,10
35074,165,159,6,6
35075,167,162,5,5
35076,128,117,11,11
35077,163,150,13,13
35078,49,62,-13,13
35079,73,80,-7,7
35080,117,162,-45,45
35081,182,165,17,17
35082,91,81,10,10
35083,73,78,-5,5
35084,130,134,-4,4
35085,92,92,0,0
35086,164,142,22,22
35087,100,114,-14,14
35088,106,113,-7,7
35089,155,159,-4,4
35090,84,83,1,1
35091,115,123,-8,8
35092,74,77,-3,3
35093,62,60,2,2
35094,76,80,-4,4
35095,82,92,-10,10
35096,116,109,7,7
35097,84,83,1,1
35098,61,71,-10,10
35099,155,143,12,12
35100,87,147,-60,60
35101,118,121,-3,3
35102,126,132,-6,6
35103,123,127,-4,4
35104,72,78,-6,6
35105,106,107,-1,1
35106,119,114,5,5
35107,79,80,-1,1
35108,70,86,-16,16
35109,129,118,11,11
35110,93,83,10,10
35111,98,87,11,11
35112,164,171,-7,7
35113,110,116,-6,6
35114,108,111,-3,3
35115,79,79,0,0
35116,140,145,-5,5
35117,81,89,-8,8
35118,84,94,-10,10
35119,64,62,2,2
35120,101,103,-2,2
35121,65,69,-4,4
35122,71,81,-10,10
35123,66,62,4,4
35124,81,83,-2,2
35125,82,98,-16,16
35126,101,110,-9,9
35127,95,101,-6,6
35128,95,102,-7,7
35129,177,177,0,0
35130,148,157,-9,9
35131,83,89,-6,6
35132,79,77,2,2
35133,87,84,3,3
35134,120,119,1,1
35135,140,164,-24,24
35136,117,117,0,0
35137,88,89,-1,1
35138,79,71,8,8
35139,89,89,0,0
35140,83,77,6,6
35141,79,98,-19,19
35142,118,118,0,0
35143,79,84,-5,5
35144,95,88,7,7
35145,62,63,-1,1
35146,67,74,-7,7
35147,63,67,-4,4
35148,99,86,13,13
35149,164,166,-2,2
35150,71,63,8,8
35151,49,51,-2,2
35152,88,89,-1,1
35153,93,88,5,5
35154,90,88,2,2
35155,96,84,12,12
35156,91,90,1,1
35157,41,44,-3,3
35158,94,93,1,1
35159,58,59,-1,1
35160,87,89,-2,2
35161,100,99,1,1
35162,117,120,-3,3
35163,106,104,2,2
35164,65,76,-11,11
35165,126,128,-2,2
35166,92,92,0,0
35167,78,87,-9,9
35168,98,99,-1,1
35169,102,118,-16,16
35170,115,103,12,12
35171,93,88,5,5
35172,48,59,-11,11
35173,64,68,-4,4
35174,168,177,-9,9
35175,95,84,11,11
35176,125,125,0,0
35177,128,141,-13,13
35178,137,115,22,22
35179,62,56,6,6
35180,76,75,1,1
35181,66,67,-1,1
35182,50,56,-6,6
35183,98,99,-1,1
35184,101,110,-9,9
35185,77,78,-1,1
35186,97,102,-5,5
35187,116,110,6,6
35188,118,110,8,8
35189,157,158,-1,1
35190,48,56,-8,8
35191,86,89,-3,3
35192,79,94,-15,15
35193,93,88,5,5
35194,58,60,-2,2
35195,65,66,-1,1
35196,203,186,17,17
35197,59,60,-1,1
35198,103,101,2,2
35199,35,38,-3,3
35200,95,103,-8,8
35201,89,91,-2,2
35202,122,115,7,7
35203,97,98,-1,1
35204,84,82,2,2
35205,146,129,17,17
35206,129,119,10,10
35207,76,84,-8,8
35208,79,78,1,1
35209,92,91,1,1
35210,82,72,10,10
35211,111,106,5,5
35212,88,84,4,4
35213,155,146,9,9
35214,75,68,7,7
35215,109,108,1,1
35216,64,61,3,3
35217,76,72,4,4
35218,114,119,-5,5
35219,84,81,3,3
35220,90,87,3,3
35221,49,54,-5,5
35222,103,108,-5,5
35223,140,137,3,3
35224,64,63,1,1
35225,171,174,-3,3
35226,89,87,2,2
35227,57,63,-6,6
35228,99,72,27,27
35229,62,65,-3,3
35230,191,178,13,13
35231,108,101,7,7
35232,116,116,0,0
35233,157,147,10,10
35234,98,113,-15,15
35235,167,173,-6,6
35236,89,82,7,7
35237,65,70,-5,5
35238,103,107,-4,4
35239,107,106,1,1
35240,66,64,2,2
35241,137,133,4,4
35242,68,66,2,2
35243,64,62,2,2
35244,137,130,7,7
35245,101,104,-3,3
35246,120,115,5,5
35247,99,105,-6,6
35248,58,67,-9,9
35249,93,99,-6,6
35250,48,68,-20,20
35251,96,116,-20,20
35252,68,70,-2,2
35253,95,100,-5,5
35254,117,111,6,6
35255,61,69,-8,8
35256,122,127,-5,5
35257,77,87,-10,10
35258,69,77,-8,8
35259,105,98,7,7
35260,126,128,-2,2
35261,67,62,5,5
35262,122,122,0,0
35263,96,96,0,0
35264,188,170,18,18
35265,72,59,13,13
35266,122,114,8,8
35267,53,57,-4,4
35268,49,61,-12,12
35269,131,122,9,9
35270,118,105,13,13
35271,68,66,2,2
35272,84,89,-5,5
35273,80,84,-4,4
35274,95,111,-16,16
35275,54,57,-3,3
35276,80,85,-5,5
35277,55,61,-6,6
35278,50,48,2,2
35279,141,139,2,2
35280,118,114,4,4
35281,64,68,-4,4
35282,132,121,11,11
35283,81,77,4,4
35284,49,47,2,2
35285,86,86,0,0
35286,107,107,0,0
35287,123,123,0,0
35288,109,104,5,5
35289,121,117,4,4
35290,89,99,-10,10
35291,57,64,-7,7
35292,123,118,5,5
35293,102,110,-8,8
35294,143,131,12,12
35295,57,59,-2,2
35296,84,80,4,4
35297,73,71,2,2
35298,124,126,-2,2
35299,86,78,8,8
35300,128,126,2,2
35301,146,133,13,13
35302,92,86,6,6
35303,68,78,-10,10
35304,88,91,-3,3
35305,147,149,-2,2
35306,134,136,-2,2
35307,91,97,-6,6
35308,137,132,5,5
35309,130,131,-1,1
35310,103,103,0,0
35311,78,93,-15,15
35312,85,79,6,6
35313,57,59,-2,2
35314,159,145,14,14
35315,80,86,-6,6
35316,113,124,-11,11
35317,152,141,11,11
35318,163,150,13,13
35319,137,116,21,21
35320,116,117,-1,1
35321,144,137,7,7
35322,61,68,-7,7
35323,158,150,8,8
35324,120,148,-28,28
35325,64,70,-6,6
35326,106,105,1,1
35327,60,70,-10,10
35328,87,91,-4,4
35329,72,62,10,10
35330,92,97,-5,5
35331,164,153,11,11
35332,121,131,-10,10
35333,63,67,-4,4
35334,108,111,-3,3
35335,70,66,4,4
35336,66,76,-10,10
35337,81,130,-49,49
35338,84,84,0,0
35339,69,72,-3,3
35340,161,163,-2,2
35341,73,72,1,1
35342,62,61,1,1
35343,66,70,-4,4
35344,80,85,-5,5
35345,110,127,-17,17
35346,145,142,3,3
35347,32,55,-23,23
35348,62,70,-8,8
35349,191,187,4,4
35350,84,83,1,1
35351,96,88,8,8
35352,87,80,7,7
35353,54,59,-5,5
35354,85,86,-1,1
35355,118,110,8,8
35356,52,52,0,0
35357,102,87,15,15
35358,66,69,-3,3
35359,151,156,-5,5
35360,129,140,-11,11
35361,61,58,3,3
35362,102,112,-10,10
35363,88,88,0,0
35364,61,71,-10,10
35365,77,86,-9,9
35366,79,81,-2,2
35367,110,107,3,3
35368,96,91,5,5
35369,74,74,0,0
35370,120,121,-1,1
35371,134,130,4,4
35372,66,66,0,0
35373,61,60,1,1
35374,130,122,8,8
35375,60,65,-5,5
35376,66,69,-3,3
35377,115,114,1,1
35378,99,99,0,0
35379,55,54,1,1
35380,104,98,6,6
35381,104,107,-3,3
35382,97,104,-7,7
35383,48,50,-2,2
35384,51,57,-6,6
35385,51,48,3,3
35386,80,82,-2,2
35387,57,56,1,1
35388,77,60,17,17
35389,128,125,3,3
35390,141,144,-3,3
35391,77,76,1,1
35392,132,131,1,1
35393,110,111,-1,1
35394,43,34,9,9
35395,110,117,-7,7
35396,85,76,9,9
35397,92,101,-9,9
35398,49,50,-1,1
35399,69,70,-1,1
35400,64,65,-1,1
35401,82,77,5,5
35402,59,68,-9,9
35403,69,69,0,0
35404,66,67,-1,1
35405,92,88,4,4
35406,101,87,14,14
35407,62,71,-9,9
35408,126,117,9,9
35409,119,121,-2,2
35410,117,105,12,12
35411,162,156,6,6
35412,100,101,-1,1
35413,107,119,-12,12
35414,49,59,-10,10
35415,75,77,-2,2
35416,85,83,2,2
35417,87,74,13,13
35418,58,58,0,0
35419,86,108,-22,22
35420,54,55,-1,1
35421,149,147,2,2
35422,99,91,8,8
35423,118,119,-1,1
35424,88,94,-6,6
35425,128,145,-17,17
35426,121,125,-4,4
35427,62,65,-3,3
35428,32,36,-4,4
35429,152,142,10,10
35430,58,57,1,1
35431,77,84,-7,7
35432,127,114,13,13
35433,109,105,4,4
35434,116,115,1,1
35435,83,84,-1,1
35436,70,80,-10,10
35437,101,97,4,4
35438,70,68,2,2
35439,117,112,5,5
35440,93,101,-8,8
35441,72,77,-5,5
35442,131,137,-6,6
35443,64,69,-5,5
35444,160,156,4,4
35445,86,79,7,7
35446,84,88,-4,4
35447,56,58,-2,2
35448,94,88,6,6
35449,149,137,12,12
35450,128,117,11,11
35451,97,107,-10,10
35452,178,169,9,9
35453,102,101,1,1
35454,53,54,-1,1
35455,124,115,9,9
35456,79,84,-5,5
35457,136,152,-16,16
35458,71,80,-9,9
35459,54,53,1,1
35460,97,87,10,10
35461,72,78,-6,6
35462,169,151,18,18
35463,80,77,3,3
35464,53,61,-8,8
35465,64,59,5,5
35466,52,59,-7,7
35467,38,53,-15,15
35468,78,76,2,2
35469,160,86,74,74
35470,113,110,3,3
35471,90,94,-4,4
35472,63,63,0,0
35473,79,82,-3,3
35474,56,62,-6,6
35475,241,234,7,7
35476,68,69,-1,1
35477,145,145,0,0
35478,69,68,1,1
35479,107,105,2,2
35480,79,84,-5,5
35481,123,125,-2,2
35482,97,90,7,7
35483,77,76,1,1
35484,66,140,-74,74
35485,83,82,1,1
35486,82,86,-4,4
35487,78,82,-4,4
35488,89,85,4,4
35489,76,67,9,9
35490,61,65,-4,4
35491,116,112,4,4
35492,128,133,-5,5
35493,130,134,-4,4
35494,46,49,-3,3
35495,105,106,-1,1
35496,150,129,21,21
35497,156,159,-3,3
35498,69,69,0,0
35499,89,88,1,1
35500,77,74,3,3
35501,123,126,-3,3
35502,97,97,0,0
35503,87,81,6,6
35504,80,79,1,1
35505,79,80,-1,1
35506,58,64,-6,6
35507,53,53,0,0
35508,105,113,-8,8
35509,74,82,-8,8
35510,101,107,-6,6
35511,56,59,-3,3
35512,115,110,5,5
35513,141,150,-9,9
35514,116,107,9,9
35515,47,47,0,0
35516,43,47,-4,4
35517,80,86,-6,6
35518,91,97,-6,6
35519,75,86,-11,11
35520,114,105,9,9
35521,79,84,-5,5
35522,106,100,6,6
35523,69,62,7,7
35524,87,77,10,10
35525,118,124,-6,6
35526,84,87,-3,3
35527,90,99,-9,9
35528,97,91,6,6
35529,57,60,-3,3
35530,132,131,1,1
35531,90,108,-18,18
35532,108,111,-3,3
35533,132,120,12,12
35534,76,83,-7,7
35535,38,36,2,2
35536,52,55,-3,3
35537,68,63,5,5
35538,141,146,-5,5
35539,90,96,-6,6
35540,72,68,4,4
35541,74,69,5,5
35542,89,86,3,3
35543,72,73,-1,1
35544,78,61,17,17
35545,67,66,1,1
35546,94,92,2,2
35547,65,65,0,0
35548,75,72,3,3
35549,76,83,-7,7
35550,78,72,6,6
35551,70,74,-4,4
35552,124,114,10,10
35553,123,120,3,3
35554,185,171,14,14
35555,126,113,13,13
35556,104,105,-1,1
35557,79,78,1,1
35558,74,57,17,17
35559,82,82,0,0
35560,47,53,-6,6
35561,40,42,-2,2
35562,102,104,-2,2
35563,68,75,-7,7
35564,95,103,-8,8
35565,111,106,5,5
35566,74,76,-2,2
35567,63,71,-8,8
35568,118,116,2,2
35569,181,167,14,14
35570,63,67,-4,4
35571,73,74,-1,1
35572,76,80,-4,4
35573,80,78,2,2
35574,99,104,-5,5
35575,83,93,-10,10
35576,48,49,-1,1
35577,140,127,13,13
35578,101,108,-7,7
35579,76,90,-14,14
35580,84,98,-14,14
35581,95,87,8,8
35582,60,64,-4,4
35583,78,79,-1,1
35584,125,125,0,0
35585,90,92,-2,2
35586,99,98,1,1
35587,58,57,1,1
35588,128,128,0,0
35589,67,69,-2,2
35590,96,111,-15,15
35591,96,91,5,5
35592,141,137,4,4
35593,77,84,-7,7
35594,114,102,12,12
35595,86,83,3,3
35596,175,169,6,6
35597,129,128,1,1
35598,50,57,-7,7
35599,70,66,4,4
35600,224,204,20,20
35601,146,141,5,5
35602,81,78,3,3
35603,97,90,7,7
35604,118,126,-8,8
35605,77,67,10,10
35606,73,73,0,0
35607,85,84,1,1
35608,102,102,0,0
35609,130,127,3,3
35610,133,136,-3,3
35611,129,125,4,4
35612,80,79,1,1
35613,93,99,-6,6
35614,91,84,7,7
35615,41,95,-54,54
35616,82,88,-6,6
35617,67,71,-4,4
35618,85,84,1,1
35619,75,80,-5,5
35620,118,120,-2,2
35621,118,101,17,17
35622,79,79,0,0
35623,63,65,-2,2
35624,170,171,-1,1
35625,73,77,-4,4
35626,114,88,26,26
35627,154,162,-8,8
35628,54,66,-12,12
35629,115,110,5,5
35630,49,124,-75,75
35631,99,107,-8,8
35632,80,77,3,3
35633,152,152,0,0
35634,71,72,-1,1
35635,118,147,-29,29
35636,106,102,4,4
35637,106,115,-9,9
35638,173,155,18,18
35639,89,94,-5,5
35640,65,69,-4,4
35641,93,88,5,5
35642,109,110,-1,1
35643,126,131,-5,5
35644,143,159,-16,16
35645,127,131,-4,4
35646,114,105,9,9
35647,84,90,-6,6
35648,68,77,-9,9
35649,60,68,-8,8
35650,111,113,-2,2
35651,127,139,-12,12
35652,83,79,4,4
35653,98,101,-3,3
35654,83,71,12,12
35655,77,79,-2,2
35656,51,55,-4,4
35657,88,92,-4,4
35658,48,64,-16,16
35659,147,146,1,1
35660,66,82,-16,16
35661,100,98,2,2
35662,76,79,-3,3
35663,59,62,-3,3
35664,116,112,4,4
35665,61,66,-5,5
35666,155,148,7,7
35667,99,105,-6,6
35668,112,111,1,1
35669,70,57,13,13
35670,79,86,-7,7
35671,96,103,-7,7
35672,90,95,-5,5
35673,104,100,4,4
35674,99,104,-5,5
35675,81,87,-6,6
35676,134,147,-13,13
35677,126,126,0,0
35678,160,122,38,38
35679,75,74,1,1
35680,104,112,-8,8
35681,150,134,16,16
35682,120,121,-1,1
35683,90,91,-1,1
35684,120,111,9,9
35685,142,135,7,7
35686,75,71,4,4
35687,102,79,23,23
35688,162,152,10,10
35689,74,74,0,0
35690,75,73,2,2
35691,99,103,-4,4
35692,130,130,0,0
35693,53,51,2,2
35694,127,130,-3,3
35695,103,91,12,12
35696,94,94,0,0
35697,76,86,-10,10
35698,83,87,-4,4
35699,195,176,19,19
35700,58,72,-14,14
35701,51,64,-13,13
35702,153,148,5,5
35703,190,178,12,12
35704,87,86,1,1
35705,96,99,-3,3
35706,100,92,8,8
35707,74,75,-1,1
35708,67,68,-1,1
35709,124,125,-1,1
35710,74,71,3,3
35711,111,102,9,9
35712,93,117,-24,24
35713,107,100,7,7
35714,70,61,9,9
35715,154,150,4,4
35716,125,113,12,12
35717,107,100,7,7
35718,69,84,-15,15
35719,101,107,-6,6
35720,95,85,10,10
35721,96,89,7,7
35722,85,82,3,3
35723,70,99,-29,29
35724,68,65,3,3
35725,61,63,-2,2
35726,155,157,-2,2
35727,58,66,-8,8
35728,72,71,1,1
35729,47,51,-4,4
35730,98,103,-5,5
35731,145,133,12,12
35732,52,60,-8,8
35733,120,108,12,12
35734,78,75,3,3
35735,56,59,-3,3
35736,89,97,-8,8
35737,82,85,-3,3
35738,104,110,-6,6
35739,128,139,-11,11
35740,159,142,17,17
35741,79,85,-6,6
35742,109,107,2,2
35743,120,122,-2,2
35744,79,98,-19,19
35745,73,65,8,8
35746,64,58,6,6
35747,97,89,8,8
35748,135,113,22,22
35749,81,90,-9,9
35750,91,88,3,3
35751,58,54,4,4
35752,78,77,1,1
35753,77,75,2,2
35754,47,44,3,3
35755,167,158,9,9
35756,65,86,-21,21
35757,152,149,3,3
35758,159,155,4,4
35759,89,113,-24,24
35760,205,195,10,10
35761,108,105,3,3
35762,101,96,5,5
35763,129,131,-2,2
35764,123,122,1,1
35765,90,91,-1,1
35766,138,131,7,7
35767,105,98,7,7
35768,93,85,8,8
35769,129,120,9,9
35770,110,100,10,10
35771,86,101,-15,15
35772,72,78,-6,6
35773,122,118,4,4
35774,37,49,-12,12
35775,173,173,0,0
35776,97,85,12,12
35777,45,47,-2,2
35778,97,85,12,12
35779,85,92,-7,7
35780,83,87,-4,4
35781,105,102,3,3
35782,138,134,4,4
35783,98,88,10,10
35784,128,118,10,10
35785,94,84,10,10
35786,131,114,17,17
35787,67,73,-6,6
35788,176,174,2,2
35789,116,114,2,2
35790,116,124,-8,8
35791,80,52,28,28
35792,84,82,2,2
35793,69,74,-5,5
35794,165,168,-3,3
35795,55,69,-14,14
35796,123,125,-2,2
35797,117,125,-8,8
35798,81,72,9,9
35799,86,84,2,2
35800,185,179,6,6
35801,104,107,-3,3
35802,89,91,-2,2
35803,85,78,7,7
35804,156,142,14,14
35805,72,70,2,2
35806,95,79,16,16
35807,86,77,9,9
35808,72,69,3,3
35809,168,148,20,20
35810,42,45,-3,3
35811,93,99,-6,6
35812,103,90,13,13
35813,83,84,-1,1
35814,137,134,3,3
35815,117,128,-11,11
35816,77,85,-8,8
35817,79,91,-12,12
35818,121,116,5,5
35819,110,120,-10,10
35820,101,100,1,1
35821,88,103,-15,15
35822,91,88,3,3
35823,166,154,12,12
35824,63,63,0,0
35825,92,97,-5,5
35826,138,124,14,14
35827,110,116,-6,6
35828,151,148,3,3
35829,121,131,-10,10
35830,73,71,2,2
35831,77,74,3,3
35832,197,193,4,4
35833,94,78,16,16
35834,67,72,-5,5
35835,147,127,20,20
35836,92,116,-24,24
35837,138,137,1,1
35838,71,83,-12,12
35839,93,88,5,5
35840,115,111,4,4
35841,90,85,5,5
35842,137,130,7,7
35843,136,140,-4,4
35844,63,64,-1,1
35845,68,69,-1,1
35846,105,106,-1,1
35847,61,60,1,1
35848,75,76,-1,1
35849,120,122,-2,2
35850,145,146,-1,1
35851,106,106,0,0
35852,171,160,11,11
35853,87,92,-5,5
35854,112,99,13,13
35855,75,78,-3,3
35856,84,88,-4,4
35857,55,57,-2,2
35858,57,61,-4,4
35859,71,68,3,3
35860,150,142,8,8
35861,42,44,-2,2
35862,95,98,-3,3
35863,100,106,-6,6
35864,77,72,5,5
35865,134,146,-12,12
35866,100,83,17,17
35867,117,123,-6,6
35868,74,109,-35,35
35869,106,101,5,5
35870,121,116,5,5
35871,115,110,5,5
35872,137,132,5,5
35873,80,80,0,0
35874,81,86,-5,5
35875,50,59,-9,9
35876,60,68,-8,8
35877,143,129,14,14
35878,80,97,-17,17
35879,72,72,0,0
35880,74,73,1,1
35881,125,124,1,1
35882,111,103,8,8
35883,99,101,-2,2
35884,72,72,0,0
35885,84,78,6,6
35886,52,52,0,0
35887,54,56,-2,2
35888,63,63,0,0
35889,101,98,3,3
35890,65,57,8,8
35891,74,80,-6,6
35892,141,139,2,2
35893,84,85,-1,1
35894,156,137,19,19
35895,105,100,5,5
35896,130,125,5,5
35897,74,78,-4,4
35898,97,111,-14,14
35899,111,117,-6,6
35900,65,70,-5,5
35901,124,121,3,3
35902,80,82,-2,2
35903,93,87,6,6
35904,122,120,2,2
35905,84,93,-9,9
35906,92,99,-7,7
35907,52,75,-23,23
35908,86,91,-5,5
35909,69,76,-7,7
35910,114,108,6,6
35911,68,67,1,1
35912,123,129,-6,6
35913,104,122,-18,18
35914,119,111,8,8
35915,123,108,15,15
35916,99,96,3,3
35917,117,134,-17,17
35918,94,103,-9,9
35919,126,125,1,1
35920,148,137,11,11
35921,112,104,8,8
35922,168,173,-5,5
35923,81,79,2,2
35924,100,97,3,3
35925,78,79,-1,1
35926,109,111,-2,2
35927,120,114,6,6
35928,119,122,-3,3
35929,83,107,-24,24
35930,138,135,3,3
35931,63,69,-6,6
35932,63,57,6,6
35933,88,83,5,5
35934,50,51,-1,1
35935,171,165,6,6
35936,111,100,11,11
35937,154,154,0,0
35938,131,117,14,14
35939,110,103,7,7
35940,74,81,-7,7
35941,116,122,-6,6
35942,112,114,-2,2
35943,89,89,0,0
35944,109,114,-5,5
35945,68,68,0,0
35946,77,76,1,1
35947,69,69,0,0
35948,54,63,-9,9
35949,74,73,1,1
35950,140,139,1,1
35951,92,83,9,9
35952,47,54,-7,7
35953,49,58,-9,9
35954,72,73,-1,1
35955,79,84,-5,5
35956,45,56,-11,11
35957,53,61,-8,8
35958,114,119,-5,5
35959,64,72,-8,8
35960,63,61,2,2
35961,113,104,9,9
35962,103,100,3,3
35963,109,108,1,1
35964,94,98,-4,4
35965,65,64,1,1
35966,94,86,8,8
35967,142,142,0,0
35968,38,46,-8,8
35969,91,104,-13,13
35970,86,84,2,2
35971,150,144,6,6
35972,66,69,-3,3
35973,68,65,3,3
35974,62,60,2,2
35975,53,53,0,0
35976,53,53,0,0
35977,117,115,2,2
35978,89,97,-8,8
35979,96,86,10,10
35980,109,111,-2,2
35981,100,101,-1,1
35982,132,123,9,9
35983,125,127,-2,2
35984,47,44,3,3
35985,76,92,-16,16
35986,80,80,0,0
35987,108,129,-21,21
35988,72,75,-3,3
35989,79,77,2,2
35990,103,103,0,0
35991,93,90,3,3
35992,90,82,8,8
35993,76,76,0,0
35994,88,88,0,0
35995,70,73,-3,3
35996,162,138,24,24
35997,86,80,6,6
35998,62,65,-3,3
35999,78,81,-3,3
36000,51,48,3,3
36001,131,112,19,19
36002,81,81,0,0
36003,100,105,-5,5
36004,107,109,-2,2
36005,71,74,-3,3
36006,99,96,3,3
36007,128,121,7,7
36008,102,106,-4,4
36009,111,123,-12,12
36010,114,119,-5,5
36011,145,137,8,8
36012,123,110,13,13
36013,64,66,-2,2
36014,138,136,2,2
36015,120,128,-8,8
36016,96,97,-1,1
36017,143,140,3,3
36018,79,81,-2,2
36019,139,147,-8,8
36020,124,120,4,4
36021,76,83,-7,7
36022,67,71,-4,4
36023,65,77,-12,12
36024,62,65,-3,3
36025,184,181,3,3
36026,102,103,-1,1
36027,60,63,-3,3
36028,79,89,-10,10
36029,63,64,-1,1
36030,70,59,11,11
36031,91,100,-9,9
36032,68,74,-6,6
36033,86,93,-7,7
36034,97,111,-14,14
36035,78,86,-8,8
36036,110,97,13,13
36037,94,86,8,8
36038,68,84,-16,16
36039,150,145,5,5
36040,81,78,3,3
36041,58,62,-4,4
36042,48,51,-3,3
36043,76,75,1,1
36044,102,99,3,3
36045,74,77,-3,3
36046,60,63,-3,3
36047,75,84,-9,9
36048,92,86,6,6
36049,62,64,-2,2
36050,91,98,-7,7
36051,93,91,2,2
36052,146,147,-1,1
36053,94,88,6,6
36054,88,90,-2,2
36055,124,126,-2,2
36056,92,94,-2,2
36057,87,112,-25,25
36058,113,125,-12,12
36059,99,98,1,1
36060,90,89,1,1
36061,95,88,7,7
36062,61,62,-1,1
36063,139,131,8,8
36064,106,120,-14,14
36065,42,47,-5,5
36066,95,99,-4,4
36067,121,128,-7,7
36068,130,143,-13,13
36069,121,125,-4,4
36070,74,74,0,0
36071,84,85,-1,1
36072,70,71,-1,1
36073,73,77,-4,4
36074,116,108,8,8
36075,120,120,0,0
36076,151,143,8,8
36077,80,81,-1,1
36078,90,92,-2,2
36079,68,73,-5,5
36080,102,103,-1,1
36081,180,178,2,2
36082,44,79,-35,35
36083,170,164,6,6
36084,99,88,11,11
36085,130,125,5,5
36086,78,106,-28,28
36087,107,105,2,2
36088,93,103,-10,10
36089,146,143,3,3
36090,97,92,5,5
36091,107,103,4,4
36092,116,112,4,4
36093,81,96,-15,15
36094,84,79,5,5
36095,88,102,-14,14
36096,77,66,11,11
36097,65,67,-2,2
36098,158,146,12,12
36099,76,83,-7,7
36100,56,54,2,2
36101,119,122,-3,3
36102,82,78,4,4
36103,52,60,-8,8
36104,44,49,-5,5
36105,122,110,12,12
36106,92,99,-7,7
36107,87,86,1,1
36108,152,157,-5,5
36109,97,101,-4,4
36110,127,120,7,7
36111,61,66,-5,5
36112,58,66,-8,8
36113,94,98,-4,4
36114,123,125,-2,2
36115,141,125,16,16
36116,61,68,-7,7
36117,151,169,-18,18
36118,117,117,0,0
36119,88,91,-3,3
36120,71,68,3,3
36121,131,134,-3,3
36122,98,96,2,2
36123,54,62,-8,8
36124,133,124,9,9
36125,68,67,1,1
36126,49,58,-9,9
36127,106,105,1,1
36128,144,137,7,7
36129,105,107,-2,2
36130,59,56,3,3
36131,65,68,-3,3
36132,136,130,6,6
36133,58,56,2,2
36134,49,49,0,0
36135,47,50,-3,3
36136,87,88,-1,1
36137,81,93,-12,12
36138,110,99,11,11
36139,119,117,2,2
36140,114,112,2,2
36141,77,71,6,6
36142,114,116,-2,2
36143,112,117,-5,5
36144,86,112,-26,26
36145,91,96,-5,5
36146,136,123,13,13
36147,52,49,3,3
36148,85,89,-4,4
36149,97,97,0,0
36150,151,143,8,8
36151,118,113,5,5
36152,156,139,17,17
36153,61,55,6,6
36154,107,105,2,2
36155,173,173,0,0
36156,86,91,-5,5
36157,74,80,-6,6
36158,90,87,3,3
36159,61,65,-4,4
36160,112,117,-5,5
36161,114,107,7,7
36162,86,91,-5,5
36163,115,118,-3,3
36164,128,127,1,1
36165,62,68,-6,6
36166,81,86,-5,5
36167,102,102,0,0
36168,104,109,-5,5
36169,70,79,-9,9
36170,85,82,3,3
36171,59,63,-4,4
36172,112,107,5,5
36173,141,150,-9,9
36174,103,110,-7,7
36175,89,88,1,1
36176,83,80,3,3
36177,54,53,1,1
36178,70,75,-5,5
36179,75,79,-4,4
36180,124,124,0,0
36181,64,64,0,0
36182,137,128,9,9
36183,112,126,-14,14
36184,60,71,-11,11
36185,103,105,-2,2
36186,76,71,5,5
36187,100,86,14,14
36188,68,73,-5,5
36189,72,82,-10,10
36190,52,53,-1,1
36191,91,91,0,0
36192,57,56,1,1
36193,71,60,11,11
36194,99,105,-6,6
36195,117,132,-15,15
36196,179,169,10,10
36197,109,108,1,1
36198,33,46,-13,13
36199,101,104,-3,3
36200,105,102,3,3
36201,88,87,1,1
36202,152,160,-8,8
36203,88,81,7,7
36204,140,132,8,8
36205,123,107,16,16
36206,129,126,3,3
36207,57,59,-2,2
36208,53,54,-1,1
36209,65,69,-4,4
36210,72,73,-1,1
36211,127,142,-15,15
36212,62,69,-7,7
36213,47,52,-5,5
36214,101,104,-3,3
36215,58,49,9,9
36216,90,94,-4,4
36217,71,70,1,1
36218,148,135,13,13
36219,131,126,5,5
36220,173,177,-4,4
36221,140,132,8,8
36222,88,89,-1,1
36223,105,112,-7,7
36224,129,119,10,10
36225,105,100,5,5
36226,113,127,-14,14
36227,83,92,-9,9
36228,58,59,-1,1
36229,59,62,-3,3
36230,110,90,20,20
36231,106,112,-6,6
36232,95,98,-3,3
36233,101,86,15,15
36234,56,65,-9,9
36235,134,138,-4,4
36236,118,116,2,2
36237,114,106,8,8
36238,70,73,-3,3
36239,68,74,-6,6
36240,66,63,3,3
36241,92,85,7,7
36242,113,116,-3,3
36243,108,107,1,1
36244,91,101,-10,10
36245,146,149,-3,3
36246,114,114,0,0
36247,103,110,-7,7
36248,108,139,-31,31
36249,60,61,-1,1
36250,62,60,2,2
36251,102,103,-1,1
36252,110,116,-6,6
36253,194,169,25,25
36254,53,59,-6,6
36255,102,102,0,0
36256,175,160,15,15
36257,66,64,2,2
36258,108,108,0,0
36259,112,108,4,4
36260,154,141,13,13
36261,121,128,-7,7
36262,66,64,2,2
36263,84,83,1,1
36264,72,72,0,0
36265,97,89,8,8
36266,125,121,4,4
36267,53,51,2,2
36268,56,61,-5,5
36269,139,145,-6,6
36270,76,83,-7,7
36271,98,98,0,0
36272,64,68,-4,4
36273,102,102,0,0
36274,63,72,-9,9
36275,125,125,0,0
36276,133,117,16,16
36277,61,62,-1,1
36278,57,60,-3,3
36279,87,80,7,7
36280,65,71,-6,6
36281,45,51,-6,6
36282,105,111,-6,6
36283,123,104,19,19
36284,96,84,12,12
36285,146,152,-6,6
36286,65,70,-5,5
36287,93,90,3,3
36288,67,68,-1,1
36289,112,97,15,15
36290,128,121,7,7
36291,78,80,-2,2
36292,73,74,-1,1
36293,89,86,3,3
36294,62,60,2,2
36295,127,133,-6,6
36296,126,116,10,10
36297,80,77,3,3
36298,84,91,-7,7
36299,85,107,-22,22
36300,65,68,-3,3
36301,63,64,-1,1
36302,42,51,-9,9
36303,84,82,2,2
36304,73,74,-1,1
36305,50,47,3,3
36306,107,127,-20,20
36307,108,107,1,1
36308,65,71,-6,6
36309,150,125,25,25
36310,101,100,1,1
36311,51,50,1,1
36312,74,70,4,4
36313,79,80,-1,1
36314,117,108,9,9
36315,71,83,-12,12
36316,70,79,-9,9
36317,75,73,2,2
36318,38,48,-10,10
36319,104,109,-5,5
36320,97,98,-1,1
36321,117,114,3,3
36322,78,75,3,3
36323,58,71,-13,13
36324,133,134,-1,1
36325,51,54,-3,3
36326,117,122,-5,5
36327,82,75,7,7
36328,155,154,1,1
36329,102,110,-8,8
36330,137,136,1,1
36331,85,81,4,4
36332,132,136,-4,4
36333,35,39,-4,4
36334,72,79,-7,7
36335,119,123,-4,4
36336,90,85,5,5
36337,69,71,-2,2
36338,76,83,-7,7
36339,85,86,-1,1
36340,114,106,8,8
36341,84,110,-26,26
36342,78,80,-2,2
36343,55,62,-7,7
36344,102,106,-4,4
36345,163,142,21,21
36346,69,72,-3,3
36347,126,125,1,1
36348,43,39,4,4
36349,61,57,4,4
36350,54,58,-4,4
36351,109,107,2,2
36352,102,116,-14,14
36353,80,83,-3,3
36354,206,185,21,21
36355,51,54,-3,3
36356,89,78,11,11
36357,72,81,-9,9
36358,127,126,1,1
36359,76,83,-7,7
36360,107,107,0,0
36361,71,69,2,2
36362,66,63,3,3
36363,76,75,1,1
36364,184,171,13,13
36365,129,131,-2,2
36366,55,61,-6,6
36367,110,112,-2,2
36368,75,79,-4,4
36369,61,66,-5,5
36370,136,129,7,7
36371,103,93,10,10
36372,115,124,-9,9
36373,55,61,-6,6
36374,113,108,5,5
36375,89,82,7,7
36376,121,110,11,11
36377,80,95,-15,15
36378,141,134,7,7
36379,150,167,-17,17
36380,90,82,8,8
36381,73,78,-5,5
36382,137,155,-18,18
36383,107,101,6,6
36384,86,83,3,3
36385,112,116,-4,4
36386,46,56,-10,10
36387,72,77,-5,5
36388,99,106,-7,7
36389,63,65,-2,2
36390,126,107,19,19
36391,64,62,2,2
36392,90,101,-11,11
36393,59,64,-5,5
36394,66,58,8,8
36395,114,100,14,14
36396,102,97,5,5
36397,77,76,1,1
36398,90,78,12,12
36399,68,69,-1,1
36400,78,73,5,5
36401,71,73,-2,2
36402,49,54,-5,5
36403,83,84,-1,1
36404,112,123,-11,11
36405,102,112,-10,10
36406,134,114,20,20
36407,57,60,-3,3
36408,71,76,-5,5
36409,163,164,-1,1
36410,130,120,10,10
36411,123,132,-9,9
36412,117,120,-3,3
36413,78,78,0,0
36414,39,45,-6,6
36415,49,52,-3,3
36416,57,60,-3,3
36417,51,61,-10,10
36418,123,111,12,12
36419,92,93,-1,1
36420,93,96,-3,3
36421,77,77,0,0
36422,197,159,38,38
36423,112,115,-3,3
36424,63,71,-8,8
36425,83,87,-4,4
36426,68,86,-18,18
36427,105,103,2,2
36428,62,72,-10,10
36429,71,67,4,4
36430,91,89,2,2
36431,85,81,4,4
36432,197,197,0,0
36433,124,117,7,7
36434,119,115,4,4
36435,130,140,-10,10
36436,81,78,3,3
36437,92,98,-6,6
36438,71,72,-1,1
36439,67,64,3,3
36440,99,97,2,2
36441,94,99,-5,5
36442,114,121,-7,7
36443,167,155,12,12
36444,120,109,11,11
36445,125,108,17,17
36446,70,65,5,5
36447,114,108,6,6
36448,95,91,4,4
36449,46,54,-8,8
36450,101,108,-7,7
36451,61,59,2,2
36452,90,101,-11,11
36453,67,143,-76,76
36454,157,146,11,11
36455,79,79,0,0
36456,105,104,1,1
36457,112,103,9,9
36458,89,97,-8,8
36459,105,107,-2,2
36460,124,114,10,10
36461,65,63,2,2
36462,73,73,0,0
36463,66,71,-5,5
36464,61,67,-6,6
36465,125,140,-15,15
36466,122,129,-7,7
36467,76,74,2,2
36468,90,99,-9,9
36469,176,156,20,20
36470,62,68,-6,6
36471,139,138,1,1
36472,43,43,0,0
36473,67,73,-6,6
36474,50,57,-7,7
36475,66,64,2,2
36476,59,63,-4,4
36477,81,77,4,4
36478,83,77,6,6
36479,92,90,2,2
36480,76,82,-6,6
36481,62,60,2,2
36482,64,78,-14,14
36483,92,103,-11,11
36484,123,120,3,3
36485,84,74,10,10
36486,88,89,-1,1
36487,58,64,-6,6
36488,87,87,0,0
36489,73,75,-2,2
36490,44,55,-11,11
36491,123,122,1,1
36492,76,72,4,4
36493,82,91,-9,9
36494,84,81,3,3
36495,69,73,-4,4
36496,80,83,-3,3
36497,104,104,0,0
36498,81,80,1,1
36499,79,85,-6,6
36500,90,108,-18,18
36501,105,103,2,2
36502,140,137,3,3
36503,85,89,-4,4
36504,96,92,4,4
36505,102,103,-1,1
36506,81,79,2,2
36507,117,110,7,7
36508,68,67,1,1
36509,79,81,-2,2
36510,143,134,9,9
36511,66,61,5,5
36512,52,52,0,0
36513,109,100,9,9
36514,40,53,-13,13
36515,140,128,12,12
36516,115,114,1,1
36517,74,87,-13,13
36518,61,67,-6,6
36519,66,69,-3,3
36520,92,80,12,12
36521,48,71,-23,23
36522,116,115,1,1
36523,141,130,11,11
36524,113,108,5,5
36525,89,83,6,6
36526,139,128,11,11
36527,134,136,-2,2
36528,152,149,3,3
36529,88,89,-1,1
36530,93,97,-4,4
36531,161,152,9,9
36532,90,93,-3,3
36533,68,65,3,3
36534,148,136,12,12
36535,82,80,2,2
36536,96,91,5,5
36537,171,170,1,1
36538,96,111,-15,15
36539,66,69,-3,3
36540,113,108,5,5
36541,78,83,-5,5
36542,82,81,1,1
36543,61,64,-3,3
36544,82,79,3,3
36545,99,110,-11,11
36546,225,185,40,40
36547,81,79,2,2
36548,62,62,0,0
36549,66,69,-3,3
36550,44,57,-13,13
36551,74,88,-14,14
36552,83,80,3,3
36553,109,109,0,0
36554,51,64,-13,13
36555,121,121,0,0
36556,83,74,9,9
36557,81,89,-8,8
36558,53,58,-5,5
36559,73,84,-11,11
36560,109,103,6,6
36561,151,153,-2,2
36562,115,112,3,3
36563,122,114,8,8
36564,116,118,-2,2
36565,107,104,3,3
36566,109,102,7,7
36567,72,74,-2,2
36568,43,35,8,8
36569,78,76,2,2
36570,127,117,10,10
36571,50,53,-3,3
36572,96,92,4,4
36573,53,57,-4,4
36574,37,43,-6,6
36575,94,86,8,8
36576,56,64,-8,8
36577,27,36,-9,9
36578,38,50,-12,12
36579,109,115,-6,6
36580,109,111,-2,2
36581,70,76,-6,6
36582,60,65,-5,5
36583,82,93,-11,11
36584,67,68,-1,1
36585,67,71,-4,4
36586,78,73,5,5
36587,62,73,-11,11
36588,49,57,-8,8
36589,109,101,8,8
36590,88,91,-3,3
36591,81,97,-16,16
36592,82,91,-9,9
36593,90,87,3,3
36594,79,83,-4,4
36595,97,92,5,5
36596,75,82,-7,7
36597,104,98,6,6
36598,84,87,-3,3
36599,146,144,2,2
36600,62,62,0,0
36601,104,113,-9,9
36602,106,110,-4,4
36603,92,96,-4,4
36604,92,90,2,2
36605,92,99,-7,7
36606,71,75,-4,4
36607,91,97,-6,6
36608,87,85,2,2
36609,79,97,-18,18
36610,86,102,-16,16
36611,128,116,12,12
36612,186,182,4,4
36613,138,127,11,11
36614,89,82,7,7
36615,168,161,7,7
36616,46,48,-2,2
36617,93,96,-3,3
36618,72,74,-2,2
36619,110,106,4,4
36620,99,88,11,11
36621,51,51,0,0
36622,93,100,-7,7
36623,99,99,0,0
36624,126,124,2,2
36625,64,69,-5,5
36626,209,194,15,15
36627,102,103,-1,1
36628,98,104,-6,6
36629,79,71,8,8
36630,85,90,-5,5
36631,64,64,0,0
36632,83,80,3,3
36633,121,104,17,17
36634,111,108,3,3
36635,72,73,-1,1
36636,97,92,5,5
36637,96,87,9,9
36638,64,67,-3,3
36639,128,124,4,4
36640,34,37,-3,3
36641,124,102,22,22
36642,84,77,7,7
36643,132,128,4,4
36644,55,57,-2,2
36645,118,118,0,0
36646,47,51,-4,4
36647,74,72,2,2
36648,75,73,2,2
36649,93,95,-2,2
36650,171,149,22,22
36651,81,84,-3,3
36652,62,67,-5,5
36653,81,79,2,2
36654,83,74,9,9
36655,65,65,0,0
36656,61,62,-1,1
36657,83,86,-3,3
36658,102,104,-2,2
36659,78,77,1,1
36660,85,83,2,2
36661,122,120,2,2
36662,60,63,-3,3
36663,151,159,-8,8
36664,72,78,-6,6
36665,93,91,2,2
36666,99,99,0,0
36667,95,103,-8,8
36668,105,104,1,1
36669,83,72,11,11
36670,128,134,-6,6
36671,76,104,-28,28
36672,114,105,9,9
36673,125,130,-5,5
36674,88,85,3,3
36675,117,126,-9,9
36676,54,55,-1,1
36677,102,104,-2,2
36678,60,54,6,6
36679,47,64,-17,17
36680,76,73,3,3
36681,53,55,-2,2
36682,83,90,-7,7
36683,148,155,-7,7
36684,101,99,2,2
36685,126,122,4,4
36686,124,195,-71,71
36687,114,115,-1,1
36688,74,81,-7,7
36689,83,94,-11,11
36690,109,105,4,4
36691,89,98,-9,9
36692,76,80,-4,4
36693,53,59,-6,6
36694,78,77,1,1
36695,60,63,-3,3
36696,136,126,10,10
36697,42,57,-15,15
36698,126,119,7,7
36699,99,108,-9,9
36700,96,101,-5,5
36701,45,46,-1,1
36702,77,73,4,4
36703,167,151,16,16
36704,102,131,-29,29
36705,92,100,-8,8
36706,61,61,0,0
36707,138,131,7,7
36708,117,130,-13,13
36709,127,120,7,7
36710,92,77,15,15
36711,83,86,-3,3
36712,69,69,0,0
36713,189,177,12,12
36714,89,76,13,13
36715,154,150,4,4
36716,78,85,-7,7
36717,92,92,0,0
36718,151,156,-5,5
36719,138,145,-7,7
36720,73,72,1,1
36721,152,150,2,2
36722,122,120,2,2
36723,71,66,5,5
36724,118,118,0,0
36725,93,81,12,12
36726,104,102,2,2
36727,85,81,4,4
36728,91,87,4,4
36729,50,51,-1,1
36730,102,90,12,12
36731,120,118,2,2
36732,111,104,7,7
36733,71,76,-5,5
36734,57,51,6,6
36735,161,123,38,38
36736,53,50,3,3
36737,122,137,-15,15
36738,125,128,-3,3
36739,83,81,2,2
36740,74,82,-8,8
36741,78,78,0,0
36742,51,53,-2,2
36743,167,139,28,28
36744,78,79,-1,1
36745,207,192,15,15
36746,120,121,-1,1
36747,142,144,-2,2
36748,71,82,-11,11
36749,144,123,21,21
36750,55,53,2,2
36751,75,68,7,7
36752,113,121,-8,8
36753,100,110,-10,10
36754,56,58,-2,2
36755,137,128,9,9
36756,92,92,0,0
36757,142,133,9,9
36758,114,115,-1,1
36759,47,52,-5,5
36760,61,59,2,2
36761,130,122,8,8
36762,68,75,-7,7
36763,72,83,-11,11
36764,39,41,-2,2
36765,116,125,-9,9
36766,135,127,8,8
36767,121,115,6,6
36768,126,122,4,4
36769,115,128,-13,13
36770,92,89,3,3
36771,137,125,12,12
36772,67,68,-1,1
36773,58,53,5,5
36774,74,78,-4,4
36775,66,53,13,13
36776,70,66,4,4
36777,89,106,-17,17
36778,85,98,-13,13
36779,77,78,-1,1
36780,54,61,-7,7
36781,103,107,-4,4
36782,45,53,-8,8
36783,35,46,-11,11
36784,84,111,-27,27
36785,61,72,-11,11
36786,114,109,5,5
36787,47,53,-6,6
36788,86,84,2,2
36789,92,102,-10,10
36790,61,58,3,3
36791,96,98,-2,2
36792,48,52,-4,4
36793,115,127,-12,12
36794,209,190,19,19
36795,89,89,0,0
36796,63,55,8,8
36797,68,68,0,0
36798,88,100,-12,12
36799,63,73,-10,10
36800,121,133,-12,12
36801,146,158,-12,12
36802,64,62,2,2
36803,75,77,-2,2
36804,118,126,-8,8
36805,121,125,-4,4
36806,87,82,5,5
36807,80,79,1,1
36808,80,84,-4,4
36809,107,99,8,8
36810,137,132,5,5
36811,96,87,9,9
36812,74,75,-1,1
36813,90,84,6,6
36814,70,66,4,4
36815,45,52,-7,7
36816,63,57,6,6
36817,122,118,4,4
36818,80,76,4,4
36819,91,98,-7,7
36820,241,212,29,29
36821,49,51,-2,2
36822,115,124,-9,9
36823,136,104,32,32
36824,87,76,11,11
36825,90,109,-19,19
36826,86,72,14,14
36827,126,123,3,3
36828,63,79,-16,16
36829,68,69,-1,1
36830,83,74,9,9
36831,101,101,0,0
36832,82,113,-31,31
36833,105,115,-10,10
36834,141,147,-6,6
36835,67,72,-5,5
36836,29,36,-7,7
36837,96,102,-6,6
36838,69,66,3,3
36839,62,67,-5,5
36840,68,75,-7,7
36841,96,86,10,10
36842,122,129,-7,7
36843,109,117,-8,8
36844,83,79,4,4
36845,127,119,8,8
36846,115,130,-15,15
36847,95,96,-1,1
36848,64,62,2,2
36849,80,82,-2,2
36850,285,271,14,14
36851,88,89,-1,1
36852,154,123,31,31
36853,163,155,8,8
36854,68,112,-44,44
36855,72,82,-10,10
36856,184,183,1,1
36857,87,82,5,5
36858,58,61,-3,3
36859,110,117,-7,7
36860,62,70,-8,8
36861,53,50,3,3
36862,158,161,-3,3
36863,87,105,-18,18
36864,70,79,-9,9
36865,72,76,-4,4
36866,141,125,16,16
36867,94,90,4,4
36868,48,59,-11,11
36869,56,57,-1,1
36870,169,157,12,12
36871,81,107,-26,26
36872,71,73,-2,2
36873,97,87,10,10
36874,73,75,-2,2
36875,90,98,-8,8
36876,122,118,4,4
36877,68,59,9,9
36878,128,117,11,11
36879,68,70,-2,2
36880,128,133,-5,5
36881,80,80,0,0
36882,76,70,6,6
36883,131,141,-10,10
36884,96,101,-5,5
36885,118,127,-9,9
36886,112,106,6,6
36887,174,165,9,9
36888,44,42,2,2
36889,92,99,-7,7
36890,66,69,-3,3
36891,90,95,-5,5
36892,144,140,4,4
36893,110,106,4,4
36894,164,148,16,16
36895,85,79,6,6
36896,87,102,-15,15
36897,126,149,-23,23
36898,70,72,-2,2
36899,111,110,1,1
36900,56,57,-1,1
36901,50,55,-5,5
36902,93,99,-6,6
36903,66,71,-5,5
36904,77,74,3,3
36905,59,58,1,1
36906,95,102,-7,7
36907,79,77,2,2
36908,84,84,0,0
36909,81,80,1,1
36910,118,106,12,12
36911,62,61,1,1
36912,113,117,-4,4
36913,89,79,10,10
36914,109,102,7,7
36915,157,148,9,9
36916,144,162,-18,18
36917,113,106,7,7
36918,136,123,13,13
36919,55,49,6,6
36920,100,131,-31,31
36921,127,114,13,13
36922,137,135,2,2
36923,77,75,2,2
36924,75,74,1,1
36925,96,103,-7,7
36926,183,172,11,11
36927,100,99,1,1
36928,66,62,4,4
36929,87,89,-2,2
36930,76,79,-3,3
36931,79,102,-23,23
36932,84,83,1,1
36933,101,100,1,1
36934,110,113,-3,3
36935,97,100,-3,3
36936,55,58,-3,3
36937,94,83,11,11
36938,65,69,-4,4
36939,78,76,2,2
36940,69,69,0,0
36941,171,164,7,7
36942,78,77,1,1
36943,58,62,-4,4
36944,79,77,2,2
36945,90,83,7,7
36946,43,41,2,2
36947,80,101,-21,21
36948,121,130,-9,9
36949,186,171,15,15
36950,87,88,-1,1
36951,25,32,-7,7
36952,77,84,-7,7
36953,111,114,-3,3
36954,60,61,-1,1
36955,70,74,-4,4
36956,145,131,14,14
36957,83,86,-3,3
36958,87,78,9,9
36959,79,75,4,4
36960,110,112,-2,2
36961,70,68,2,2
36962,157,152,5,5
36963,95,96,-1,1
36964,62,68,-6,6
36965,83,83,0,0
36966,64,64,0,0
36967,240,225,15,15
36968,77,82,-5,5
36969,171,157,14,14
36970,111,112,-1,1
36971,98,87,11,11
36972,60,63,-3,3
36973,94,99,-5,5
36974,117,110,7,7
36975,113,118,-5,5
36976,149,164,-15,15
36977,84,84,0,0
36978,50,55,-5,5
36979,109,123,-14,14
36980,77,89,-12,12
36981,125,123,2,2
36982,74,85,-11,11
36983,80,80,0,0
36984,70,73,-3,3
36985,79,80,-1,1
36986,125,111,14,14
36987,102,87,15,15
36988,72,72,0,0
36989,99,105,-6,6
36990,73,80,-7,7
36991,104,96,8,8
36992,99,99,0,0
36993,97,89,8,8
36994,135,137,-2,2
36995,80,86,-6,6
36996,146,144,2,2
36997,59,68,-9,9
36998,95,101,-6,6
36999,159,140,19,19
37000,73,67,6,6
37001,94,91,3,3
37002,159,133,26,26
37003,178,168,10,10
37004,58,60,-2,2
37005,88,85,3,3
37006,88,92,-4,4
37007,81,88,-7,7
37008,79,73,6,6
37009,54,57,-3,3
37010,88,82,6,6
37011,75,71,4,4
37012,101,90,11,11
37013,89,84,5,5
37014,51,60,-9,9
37015,121,120,1,1
37016,110,114,-4,4
37017,99,89,10,10
37018,63,67,-4,4
37019,113,117,-4,4
37020,137,138,-1,1
37021,114,125,-11,11
37022,87,86,1,1
37023,176,150,26,26
37024,136,131,5,5
37025,104,103,1,1
37026,131,159,-28,28
37027,100,115,-15,15
37028,110,115,-5,5
37029,54,52,2,2
37030,99,103,-4,4
37031,55,62,-7,7
37032,141,129,12,12
37033,142,140,2,2
37034,125,110,15,15
37035,114,125,-11,11
37036,121,123,-2,2
37037,138,129,9,9
37038,66,78,-12,12
37039,108,106,2,2
37040,137,131,6,6
37041,57,56,1,1
37042,97,100,-3,3
37043,114,105,9,9
37044,124,151,-27,27
37045,66,71,-5,5
37046,51,56,-5,5
37047,162,148,14,14
37048,161,157,4,4
37049,116,112,4,4
37050,111,115,-4,4
37051,143,142,1,1
37052,41,47,-6,6
37053,97,86,11,11
37054,49,55,-6,6
37055,156,148,8,8
37056,48,51,-3,3
37057,82,77,5,5
37058,58,58,0,0
37059,81,75,6,6
37060,81,82,-1,1
37061,68,67,1,1
37062,120,125,-5,5
37063,28,37,-9,9
37064,84,102,-18,18
37065,96,100,-4,4
37066,79,80,-1,1
37067,446,400,46,46
37068,132,132,0,0
37069,131,128,3,3
37070,60,72,-12,12
37071,78,74,4,4
37072,113,115,-2,2
37073,67,68,-1,1
37074,83,80,3,3
37075,77,67,10,10
37076,82,82,0,0
37077,60,62,-2,2
37078,112,113,-1,1
37079,124,119,5,5
37080,150,135,15,15
37081,87,87,0,0
37082,129,121,8,8
37083,151,144,7,7
37084,36,42,-6,6
37085,100,103,-3,3
37086,57,108,-51,51
37087,108,117,-9,9
37088,78,85,-7,7
37089,72,66,6,6
37090,69,84,-15,15
37091,108,114,-6,6
37092,87,83,4,4
37093,51,65,-14,14
37094,48,51,-3,3
37095,98,113,-15,15
37096,31,49,-18,18
37097,140,121,19,19
37098,74,68,6,6
37099,95,103,-8,8
37100,87,83,4,4
37101,120,125,-5,5
37102,83,77,6,6
37103,81,99,-18,18
37104,75,78,-3,3
37105,87,89,-2,2
37106,145,144,1,1
37107,98,91,7,7
37108,52,49,3,3
37109,83,83,0,0
37110,55,72,-17,17
37111,110,119,-9,9
37112,125,134,-9,9
37113,87,79,8,8
37114,101,103,-2,2
37115,81,74,7,7
37116,143,135,8,8
37117,218,195,23,23
37118,79,75,4,4
37119,97,89,8,8
37120,58,62,-4,4
37121,116,123,-7,7
37122,76,69,7,7
37123,94,98,-4,4
37124,79,91,-12,12
37125,60,61,-1,1
37126,103,113,-10,10
37127,51,51,0,0
37128,113,106,7,7
37129,83,103,-20,20
37130,121,122,-1,1
37131,87,74,13,13
37132,152,148,4,4
37133,97,98,-1,1
37134,169,167,2,2
37135,73,88,-15,15
37136,141,149,-8,8
37137,88,77,11,11
37138,75,170,-95,95
37139,78,78,0,0
37140,114,111,3,3
37141,95,84,11,11
37142,100,109,-9,9
37143,94,101,-7,7
37144,62,66,-4,4
37145,75,105,-30,30
37146,91,97,-6,6
37147,155,136,19,19
37148,82,78,4,4
37149,120,120,0,0
37150,154,142,12,12
37151,45,48,-3,3
37152,69,72,-3,3
37153,70,75,-5,5
37154,129,133,-4,4
37155,83,79,4,4
37156,102,93,9,9
37157,34,43,-9,9
37158,84,80,4,4
37159,93,88,5,5
37160,173,158,15,15
37161,81,86,-5,5
37162,112,126,-14,14
37163,141,137,4,4
37164,117,115,2,2
37165,87,98,-11,11
37166,89,107,-18,18
37167,138,142,-4,4
37168,77,81,-4,4
37169,71,75,-4,4
37170,108,116,-8,8
37171,84,82,2,2
37172,90,103,-13,13
37173,156,146,10,10
37174,90,99,-9,9
37175,91,93,-2,2
37176,64,65,-1,1
37177,66,69,-3,3
37178,59,53,6,6
37179,124,115,9,9
37180,49,48,1,1
37181,108,110,-2,2
37182,83,83,0,0
37183,115,102,13,13
37184,59,62,-3,3
37185,51,67,-16,16
37186,90,85,5,5
37187,77,90,-13,13
37188,59,52,7,7
37189,100,101,-1,1
37190,138,129,9,9
37191,237,225,12,12
37192,71,75,-4,4
37193,51,52,-1,1
37194,160,163,-3,3
37195,162,136,26,26
37196,121,119,2,2
37197,122,116,6,6
37198,64,61,3,3
37199,78,72,6,6
37200,107,133,-26,26
37201,102,111,-9,9
37202,74,84,-10,10
37203,90,102,-12,12
37204,65,58,7,7
37205,85,90,-5,5
37206,88,91,-3,3
37207,95,100,-5,5
37208,92,97,-5,5
37209,148,130,18,18
37210,89,88,1,1
37211,63,65,-2,2
37212,98,87,11,11
37213,74,75,-1,1
37214,69,70,-1,1
37215,58,63,-5,5
37216,148,135,13,13
37217,75,80,-5,5
37218,128,129,-1,1
37219,63,76,-13,13
37220,113,97,16,16
37221,88,98,-10,10
37222,68,63,5,5
37223,98,94,4,4
37224,79,81,-2,2
37225,69,74,-5,5
37226,284,262,22,22
37227,76,76,0,0
37228,98,102,-4,4
37229,73,76,-3,3
37230,135,134,1,1
37231,71,68,3,3
37232,85,81,4,4
37233,58,63,-5,5
37234,110,113,-3,3
37235,63,66,-3,3
37236,91,94,-3,3
37237,72,75,-3,3
37238,111,134,-23,23
37239,75,70,5,5
37240,127,126,1,1
37241,157,143,14,14
37242,136,138,-2,2
37243,66,65,1,1
37244,53,55,-2,2
37245,76,80,-4,4
37246,76,74,2,2
37247,123,134,-11,11
37248,90,86,4,4
37249,62,63,-1,1
37250,93,116,-23,23
37251,150,138,12,12
37252,114,114,0,0
37253,99,83,16,16
37254,85,83,2,2
37255,68,65,3,3
37256,54,57,-3,3
37257,64,64,0,0
37258,126,130,-4,4
37259,52,56,-4,4
37260,119,113,6,6
37261,112,113,-1,1
37262,257,232,25,25
37263,75,77,-2,2
37264,58,55,3,3
37265,87,84,3,3
37266,50,48,2,2
37267,79,82,-3,3
37268,142,133,9,9
37269,122,127,-5,5
37270,69,72,-3,3
37271,82,78,4,4
37272,83,84,-1,1
37273,87,84,3,3
37274,132,130,2,2
37275,110,124,-14,14
37276,98,83,15,15
37277,93,92,1,1
37278,112,121,-9,9
37279,101,92,9,9
37280,97,103,-6,6
37281,111,117,-6,6
37282,53,57,-4,4
37283,78,98,-20,20
37284,104,101,3,3
37285,86,82,4,4
37286,109,110,-1,1
37287,136,131,5,5
37288,113,128,-15,15
37289,53,60,-7,7
37290,85,77,8,8
37291,142,132,10,10
37292,141,139,2,2
37293,87,87,0,0
37294,79,80,-1,1
37295,171,157,14,14
37296,104,110,-6,6
37297,91,123,-32,32
37298,70,68,2,2
37299,93,100,-7,7
37300,115,117,-2,2
37301,49,43,6,6
37302,115,105,10,10
37303,85,83,2,2
37304,96,101,-5,5
37305,112,111,1,1
37306,133,139,-6,6
37307,114,112,2,2
37308,78,101,-23,23
37309,158,147,11,11
37310,73,68,5,5
37311,44,49,-5,5
37312,160,161,-1,1
37313,114,119,-5,5
37314,163,118,45,45
37315,113,111,2,2
37316,92,101,-9,9
37317,35,40,-5,5
37318,135,130,5,5
37319,113,113,0,0
37320,105,99,6,6
37321,79,74,5,5
37322,130,121,9,9
37323,129,130,-1,1
37324,81,83,-2,2
37325,71,76,-5,5
37326,233,205,28,28
37327,79,85,-6,6
37328,88,88,0,0
37329,121,126,-5,5
37330,132,123,9,9
37331,179,168,11,11
37332,199,180,19,19
37333,133,125,8,8
37334,127,122,5,5
37335,71,75,-4,4
37336,59,65,-6,6
37337,92,93,-1,1
37338,98,98,0,0
37339,93,79,14,14
37340,103,77,26,26
37341,114,124,-10,10
37342,80,81,-1,1
37343,84,82,2,2
37344,95,88,7,7
37345,141,137,4,4
37346,184,170,14,14
37347,138,119,19,19
37348,59,62,-3,3
37349,172,166,6,6
37350,146,138,8,8
37351,72,77,-5,5
37352,139,142,-3,3
37353,108,109,-1,1
37354,91,103,-12,12
37355,38,41,-3,3
37356,44,51,-7,7
37357,86,85,1,1
37358,68,75,-7,7
37359,68,63,5,5
37360,100,105,-5,5
37361,135,124,11,11
37362,30,45,-15,15
37363,149,145,4,4
37364,93,92,1,1
37365,132,137,-5,5
37366,61,61,0,0
37367,104,110,-6,6
37368,119,118,1,1
37369,61,69,-8,8
37370,79,81,-2,2
37371,48,54,-6,6
37372,80,58,22,22
37373,145,168,-23,23
37374,65,72,-7,7
37375,68,68,0,0
37376,68,70,-2,2
37377,78,81,-3,3
37378,65,65,0,0
37379,98,94,4,4
37380,102,111,-9,9
37381,115,102,13,13
37382,71,68,3,3
37383,63,70,-7,7
37384,64,77,-13,13
37385,97,100,-3,3
37386,102,90,12,12
37387,101,107,-6,6
37388,34,33,1,1
37389,70,70,0,0
37390,53,64,-11,11
37391,92,90,2,2
37392,83,88,-5,5
37393,101,109,-8,8
37394,76,75,1,1
37395,76,82,-6,6
37396,111,108,3,3
37397,49,61,-12,12
37398,55,66,-11,11
37399,115,108,7,7
37400,126,125,1,1
37401,121,112,9,9
37402,145,136,9,9
37403,60,74,-14,14
37404,73,65,8,8
37405,63,68,-5,5
37406,71,72,-1,1
37407,81,84,-3,3
37408,98,100,-2,2
37409,138,142,-4,4
37410,69,76,-7,7
37411,172,182,-10,10
37412,57,68,-11,11
37413,119,114,5,5
37414,65,69,-4,4
37415,54,56,-2,2
37416,86,94,-8,8
37417,116,119,-3,3
37418,145,136,9,9
37419,102,109,-7,7
37420,108,107,1,1
37421,63,66,-3,3
37422,125,119,6,6
37423,90,93,-3,3
37424,139,143,-4,4
37425,94,92,2,2
37426,86,88,-2,2
37427,44,53,-9,9
37428,89,99,-10,10
37429,82,80,2,2
37430,114,107,7,7
37431,60,60,0,0
37432,103,108,-5,5
37433,58,57,1,1
37434,108,117,-9,9
37435,140,147,-7,7
37436,160,162,-2,2
37437,54,56,-2,2
37438,106,103,3,3
37439,140,143,-3,3
37440,101,101,0,0
37441,120,118,2,2
37442,118,115,3,3
37443,116,115,1,1
37444,108,109,-1,1
37445,205,206,-1,1
37446,192,180,12,12
37447,97,101,-4,4
37448,59,61,-2,2
37449,60,66,-6,6
37450,51,49,2,2
37451,48,48,0,0
37452,118,116,2,2
37453,209,193,16,16
37454,64,66,-2,2
37455,76,82,-6,6
37456,130,127,3,3
37457,83,86,-3,3
37458,69,77,-8,8
37459,66,60,6,6
37460,81,89,-8,8
37461,116,135,-19,19
37462,91,100,-9,9
37463,178,177,1,1
37464,148,165,-17,17
37465,160,159,1,1
37466,116,128,-12,12
37467,87,94,-7,7
37468,93,97,-4,4
37469,71,71,0,0
37470,121,120,1,1
37471,85,72,13,13
37472,75,78,-3,3
37473,101,103,-2,2
37474,72,75,-3,3
37475,60,61,-1,1
37476,102,97,5,5
37477,111,108,3,3
37478,81,88,-7,7
37479,75,89,-14,14
37480,107,114,-7,7
37481,75,79,-4,4
37482,67,77,-10,10
37483,126,130,-4,4
37484,106,109,-3,3
37485,126,126,0,0
37486,104,110,-6,6
37487,65,75,-10,10
37488,92,94,-2,2
37489,78,74,4,4
37490,127,124,3,3
37491,88,86,2,2
37492,35,52,-17,17
37493,87,86,1,1
37494,53,65,-12,12
37495,108,112,-4,4
37496,89,92,-3,3
37497,79,77,2,2
37498,79,85,-6,6
37499,138,119,19,19
37500,92,84,8,8
37501,84,82,2,2
37502,65,66,-1,1
37503,74,74,0,0
37504,147,145,2,2
37505,96,101,-5,5
37506,124,124,0,0
37507,84,91,-7,7
37508,118,119,-1,1
37509,80,77,3,3
37510,89,98,-9,9
37511,154,160,-6,6
37512,96,107,-11,11
37513,73,83,-10,10
37514,218,187,31,31
37515,108,109,-1,1
37516,156,155,1,1
37517,56,65,-9,9
37518,105,101,4,4
37519,103,130,-27,27
37520,98,105,-7,7
37521,161,160,1,1
37522,150,130,20,20
37523,50,55,-5,5
37524,99,99,0,0
37525,62,64,-2,2
37526,102,104,-2,2
37527,86,82,4,4
37528,81,78,3,3
37529,51,59,-8,8
37530,100,93,7,7
37531,74,71,3,3
37532,65,57,8,8
37533,95,100,-5,5
37534,99,100,-1,1
37535,84,91,-7,7
37536,114,100,14,14
37537,99,90,9,9
37538,58,53,5,5
37539,49,49,0,0
37540,119,112,7,7
37541,83,85,-2,2
37542,96,104,-8,8
37543,70,75,-5,5
37544,108,110,-2,2
37545,128,115,13,13
37546,75,73,2,2
37547,72,71,1,1
37548,88,78,10,10
37549,71,70,1,1
37550,103,99,4,4
37551,109,106,3,3
37552,77,82,-5,5
37553,74,72,2,2
37554,105,100,5,5
37555,56,50,6,6
37556,95,93,2,2
37557,152,141,11,11
37558,62,63,-1,1
37559,128,125,3,3
37560,108,103,5,5
37561,58,65,-7,7
37562,144,126,18,18
37563,109,103,6,6
37564,66,63,3,3
37565,114,117,-3,3
37566,150,134,16,16
37567,98,92,6,6
37568,151,146,5,5
37569,73,71,2,2
37570,84,85,-1,1
37571,126,126,0,0
37572,50,57,-7,7
37573,101,118,-17,17
37574,56,61,-5,5
37575,95,99,-4,4
37576,65,68,-3,3
37577,141,121,20,20
37578,94,90,4,4
37579,67,73,-6,6
37580,55,58,-3,3
37581,65,66,-1,1
37582,52,67,-15,15
37583,95,90,5,5
37584,158,151,7,7
37585,106,36,70,70
37586,101,101,0,0
37587,96,97,-1,1
37588,132,135,-3,3
37589,91,89,2,2
37590,80,81,-1,1
37591,209,195,14,14
37592,71,79,-8,8
37593,94,105,-11,11
37594,93,88,5,5
37595,103,108,-5,5
37596,69,77,-8,8
37597,190,191,-1,1
37598,92,91,1,1
37599,105,100,5,5
37600,69,75,-6,6
37601,54,66,-12,12
37602,59,60,-1,1
37603,82,87,-5,5
37604,84,84,0,0
37605,30,52,-22,22
37606,150,141,9,9
37607,65,62,3,3
37608,88,84,4,4
37609,80,78,2,2
37610,174,166,8,8
37611,134,157,-23,23
37612,82,79,3,3
37613,77,70,7,7
37614,65,71,-6,6
37615,49,55,-6,6
37616,95,100,-5,5
37617,67,69,-2,2
37618,69,66,3,3
37619,125,133,-8,8
37620,124,134,-10,10
37621,81,81,0,0
37622,93,91,2,2
37623,148,125,23,23
37624,158,144,14,14
37625,107,109,-2,2
37626,138,129,9,9
37627,106,109,-3,3
37628,102,110,-8,8
37629,151,155,-4,4
37630,103,110,-7,7
37631,77,73,4,4
37632,139,134,5,5
37633,122,122,0,0
37634,86,79,7,7
37635,85,83,2,2
37636,76,74,2,2
37637,115,110,5,5
37638,137,125,12,12
37639,113,125,-12,12
37640,155,139,16,16
37641,66,78,-12,12
37642,75,71,4,4
37643,120,121,-1,1
37644,116,106,10,10
37645,152,149,3,3
37646,56,59,-3,3
37647,205,187,18,18
37648,96,102,-6,6
37649,101,94,7,7
37650,100,102,-2,2
37651,94,89,5,5
37652,130,124,6,6
37653,61,80,-19,19
37654,123,120,3,3
37655,111,118,-7,7
37656,136,143,-7,7
37657,166,151,15,15
37658,85,92,-7,7
37659,99,101,-2,2
37660,58,62,-4,4
37661,98,92,6,6
37662,88,77,11,11
37663,164,143,21,21
37664,67,67,0,0
37665,112,98,14,14
37666,105,102,3,3
37667,151,140,11,11
37668,80,72,8,8
37669,121,129,-8,8
37670,179,149,30,30
37671,151,145,6,6
37672,116,119,-3,3
37673,93,90,3,3
37674,96,100,-4,4
37675,112,123,-11,11
37676,45,49,-4,4
37677,100,93,7,7
37678,71,82,-11,11
37679,72,68,4,4
37680,124,118,6,6
37681,54,53,1,1
37682,135,129,6,6
37683,125,118,7,7
37684,125,104,21,21
37685,104,116,-12,12
37686,76,76,0,0
37687,106,137,-31,31
37688,76,75,1,1
37689,87,86,1,1
37690,146,140,6,6
37691,91,84,7,7
37692,72,86,-14,14
37693,149,148,1,1
37694,82,79,3,3
37695,157,143,14,14
37696,138,127,11,11
37697,122,123,-1,1
37698,105,107,-2,2
37699,88,84,4,4
37700,157,171,-14,14
37701,108,100,8,8
37702,94,87,7,7
37703,102,108,-6,6
37704,51,61,-10,10
37705,84,87,-3,3
37706,67,85,-18,18
37707,128,118,10,10
37708,130,129,1,1
37709,165,154,11,11
37710,100,115,-15,15
37711,121,133,-12,12
37712,74,78,-4,4
37713,58,59,-1,1
37714,88,100,-12,12
37715,105,113,-8,8
37716,116,118,-2,2
37717,103,100,3,3
37718,101,105,-4,4
37719,108,115,-7,7
37720,75,89,-14,14
37721,106,113,-7,7
37722,69,73,-4,4
37723,87,90,-3,3
37724,68,77,-9,9
37725,51,54,-3,3
37726,61,63,-2,2
37727,110,113,-3,3
37728,104,103,1,1
37729,70,69,1,1
37730,47,55,-8,8
37731,69,84,-15,15
37732,48,61,-13,13
37733,92,89,3,3
37734,116,115,1,1
37735,94,99,-5,5
37736,79,82,-3,3
37737,116,131,-15,15
37738,133,139,-6,6
37739,70,76,-6,6
37740,153,150,3,3
37741,41,85,-44,44
37742,73,75,-2,2
37743,109,111,-2,2
37744,145,127,18,18
37745,106,108,-2,2
37746,89,82,7,7
37747,69,80,-11,11
37748,73,74,-1,1
37749,61,65,-4,4
37750,127,124,3,3
37751,104,109,-5,5
37752,103,105,-2,2
37753,107,102,5,5
37754,116,117,-1,1
37755,66,67,-1,1
37756,130,128,2,2
37757,102,99,3,3
37758,102,106,-4,4
37759,72,79,-7,7
37760,98,94,4,4
37761,55,55,0,0
37762,90,97,-7,7
37763,116,116,0,0
37764,64,73,-9,9
37765,113,106,7,7
37766,75,79,-4,4
37767,75,93,-18,18
37768,119,120,-1,1
37769,81,78,3,3
37770,74,73,1,1
37771,156,153,3,3
37772,93,92,1,1
37773,84,86,-2,2
37774,118,142,-24,24
37775,70,70,0,0
37776,197,193,4,4
37777,57,58,-1,1
37778,41,51,-10,10
37779,110,121,-11,11
37780,94,89,5,5
37781,121,110,11,11
37782,77,78,-1,1
37783,104,87,17,17
37784,98,93,5,5
37785,101,95,6,6
37786,65,75,-10,10
37787,140,129,11,11
37788,113,108,5,5
37789,103,95,8,8
37790,84,77,7,7
37791,75,70,5,5
37792,136,122,14,14
37793,123,123,0,0
37794,117,123,-6,6
37795,107,102,5,5
37796,64,63,1,1
37797,61,67,-6,6
37798,216,181,35,35
37799,94,102,-8,8
37800,96,98,-2,2
37801,83,102,-19,19
37802,42,52,-10,10
37803,93,105,-12,12
37804,61,66,-5,5
37805,101,81,20,20
37806,118,117,1,1
37807,100,105,-5,5
37808,107,122,-15,15
37809,98,105,-7,7
37810,64,61,3,3
37811,215,211,4,4
37812,127,124,3,3
37813,91,86,5,5
37814,113,128,-15,15
37815,82,84,-2,2
37816,120,126,-6,6
37817,72,72,0,0
37818,77,98,-21,21
37819,79,87,-8,8
37820,67,72,-5,5
37821,89,91,-2,2
37822,54,59,-5,5
37823,97,105,-8,8
37824,82,81,1,1
37825,91,102,-11,11
37826,83,78,5,5
37827,54,67,-13,13
37828,116,117,-1,1
37829,80,87,-7,7
37830,75,75,0,0
37831,187,188,-1,1
37832,78,88,-10,10
37833,95,103,-8,8
37834,87,86,1,1
37835,74,79,-5,5
37836,67,66,1,1
37837,66,63,3,3
37838,78,74,4,4
37839,107,103,4,4
37840,59,53,6,6
37841,92,101,-9,9
37842,41,53,-12,12
37843,130,123,7,7
37844,100,107,-7,7
37845,88,83,5,5
37846,67,63,4,4
37847,100,90,10,10
37848,99,108,-9,9
37849,69,69,0,0
37850,115,118,-3,3
37851,116,110,6,6
37852,49,48,1,1
37853,91,100,-9,9
37854,67,78,-11,11
37855,105,102,3,3
37856,137,137,0,0
37857,72,84,-12,12
37858,61,63,-2,2
37859,86,83,3,3
37860,91,102,-11,11
37861,85,85,0,0
37862,83,78,5,5
37863,68,62,6,6
37864,103,97,6,6
37865,106,100,6,6
37866,139,117,22,22
37867,115,119,-4,4
37868,48,51,-3,3
37869,159,158,1,1
37870,61,60,1,1
37871,113,120,-7,7
37872,101,104,-3,3
37873,77,75,2,2
37874,134,134,0,0
37875,67,64,3,3
37876,106,107,-1,1
37877,57,58,-1,1
37878,95,104,-9,9
37879,93,101,-8,8
37880,95,85,10,10
37881,179,175,4,4
37882,153,169,-16,16
37883,62,67,-5,5
37884,69,66,3,3
37885,165,167,-2,2
37886,180,187,-7,7
37887,87,82,5,5
37888,110,113,-3,3
37889,116,123,-7,7
37890,159,166,-7,7
37891,99,105,-6,6
37892,114,116,-2,2
37893,102,93,9,9
37894,154,153,1,1
37895,91,93,-2,2
37896,124,112,12,12
37897,91,90,1,1
37898,41,45,-4,4
37899,45,48,-3,3
37900,71,87,-16,16
37901,76,78,-2,2
37902,99,112,-13,13
37903,111,106,5,5
37904,97,89,8,8
37905,124,115,9,9
37906,96,103,-7,7
37907,79,76,3,3
37908,122,132,-10,10
37909,115,104,11,11
37910,89,87,2,2
37911,73,71,2,2
37912,111,114,-3,3
37913,89,93,-4,4
37914,138,134,4,4
37915,100,112,-12,12
37916,78,86,-8,8
37917,83,88,-5,5
37918,86,98,-12,12
37919,135,141,-6,6
37920,114,116,-2,2
37921,56,59,-3,3
37922,149,159,-10,10
37923,81,80,1,1
37924,79,78,1,1
37925,103,105,-2,2
37926,56,70,-14,14
37927,150,143,7,7
37928,78,81,-3,3
37929,78,79,-1,1
37930,41,46,-5,5
37931,121,111,10,10
37932,123,122,1,1
37933,76,88,-12,12
37934,103,101,2,2
37935,35,56,-21,21
37936,124,120,4,4
37937,55,63,-8,8
37938,88,86,2,2
37939,90,87,3,3
37940,120,98,22,22
37941,71,71,0,0
37942,79,82,-3,3
37943,62,67,-5,5
37944,86,85,1,1
37945,64,70,-6,6
37946,131,142,-11,11
37947,146,137,9,9
37948,86,80,6,6
37949,98,98,0,0
37950,183,161,22,22
37951,91,91,0,0
37952,77,74,3,3
37953,142,138,4,4
37954,79,79,0,0
37955,41,43,-2,2
37956,105,112,-7,7
37957,197,195,2,2
37958,115,114,1,1
37959,71,76,-5,5
37960,140,145,-5,5
37961,130,129,1,1
37962,83,83,0,0
37963,108,126,-18,18
37964,67,69,-2,2
37965,70,81,-11,11
37966,93,99,-6,6
37967,64,69,-5,5
37968,98,118,-20,20
37969,115,117,-2,2
37970,62,63,-1,1
37971,88,90,-2,2
37972,61,65,-4,4
37973,198,179,19,19
37974,101,110,-9,9
37975,66,66,0,0
37976,31,35,-4,4
37977,94,94,0,0
37978,93,102,-9,9
37979,117,157,-40,40
37980,99,104,-5,5
37981,36,39,-3,3
37982,76,78,-2,2
37983,67,78,-11,11
37984,78,86,-8,8
37985,50,55,-5,5
37986,55,49,6,6
37987,92,99,-7,7
37988,94,84,10,10
37989,137,139,-2,2
37990,102,104,-2,2
37991,113,108,5,5
37992,89,81,8,8
37993,124,132,-8,8
37994,82,81,1,1
37995,60,69,-9,9
37996,125,114,11,11
37997,78,85,-7,7
37998,143,136,7,7
37999,142,143,-1,1
38000,106,99,7,7
38001,124,116,8,8
38002,52,58,-6,6
38003,97,116,-19,19
38004,80,78,2,2
38005,107,117,-10,10
38006,141,138,3,3
38007,57,57,0,0
38008,89,79,10,10
38009,104,113,-9,9
38010,154,147,7,7
38011,76,89,-13,13
38012,95,84,11,11
38013,179,163,16,16
38014,64,77,-13,13
38015,119,113,6,6
38016,108,122,-14,14
38017,114,114,0,0
38018,92,97,-5,5
38019,109,110,-1,1
38020,139,143,-4,4
38021,130,130,0,0
38022,112,109,3,3
38023,123,116,7,7
38024,125,119,6,6
38025,66,62,4,4
38026,77,88,-11,11
38027,87,88,-1,1
38028,97,108,-11,11
38029,56,56,0,0
38030,146,138,8,8
38031,71,73,-2,2
38032,176,166,10,10
38033,96,89,7,7
38034,105,106,-1,1
38035,127,127,0,0
38036,82,87,-5,5
38037,137,151,-14,14
38038,120,117,3,3
38039,82,81,1,1
38040,73,70,3,3
38041,78,71,7,7
38042,83,84,-1,1
38043,83,84,-1,1
38044,74,80,-6,6
38045,81,81,0,0
38046,178,160,18,18
38047,96,108,-12,12
38048,48,54,-6,6
38049,74,83,-9,9
38050,143,133,10,10
38051,94,86,8,8
38052,142,145,-3,3
38053,144,147,-3,3
38054,114,117,-3,3
38055,91,100,-9,9
38056,127,129,-2,2
38057,65,76,-11,11
38058,152,144,8,8
38059,106,106,0,0
38060,140,134,6,6
38061,96,105,-9,9
38062,72,105,-33,33
38063,71,62,9,9
38064,116,112,4,4
38065,156,149,7,7
38066,57,57,0,0
38067,24,34,-10,10
38068,122,118,4,4
38069,118,113,5,5
38070,96,100,-4,4
38071,86,81,5,5
38072,163,154,9,9
38073,60,67,-7,7
38074,80,77,3,3
38075,78,76,2,2
38076,82,78,4,4
38077,113,107,6,6
38078,104,113,-9,9
38079,154,175,-21,21
38080,34,46,-12,12
38081,111,116,-5,5
38082,103,102,1,1
38083,88,85,3,3
38084,112,118,-6,6
38085,115,111,4,4
38086,60,59,1,1
38087,150,144,6,6
38088,116,115,1,1
38089,80,80,0,0
38090,112,104,8,8
38091,116,114,2,2
38092,83,89,-6,6
38093,161,148,13,13
38094,65,72,-7,7
38095,74,78,-4,4
38096,72,65,7,7
38097,185,163,22,22
38098,89,76,13,13
38099,90,90,0,0
38100,175,164,11,11
38101,96,90,6,6
38102,96,90,6,6
38103,111,114,-3,3
38104,46,51,-5,5
38105,105,120,-15,15
38106,69,73,-4,4
38107,117,115,2,2
38108,91,89,2,2
38109,70,77,-7,7
38110,150,136,14,14
38111,122,126,-4,4
38112,98,107,-9,9
38113,100,90,10,10
38114,160,139,21,21
38115,139,135,4,4
38116,170,160,10,10
38117,79,86,-7,7
38118,132,126,6,6
38119,121,123,-2,2
38120,118,121,-3,3
38121,102,89,13,13
38122,98,99,-1,1
38123,115,123,-8,8
38124,159,158,1,1
38125,92,98,-6,6
38126,41,52,-11,11
38127,84,85,-1,1
38128,132,143,-11,11
38129,109,97,12,12
38130,78,87,-9,9
38131,114,106,8,8
38132,121,117,4,4
38133,93,89,4,4
38134,115,118,-3,3
38135,44,47,-3,3
38136,74,72,2,2
38137,49,49,0,0
38138,165,155,10,10
38139,83,81,2,2
38140,158,146,12,12
38141,101,90,11,11
38142,118,115,3,3
38143,94,93,1,1
38144,117,135,-18,18
38145,109,110,-1,1
38146,73,88,-15,15
38147,76,81,-5,5
38148,138,135,3,3
38149,113,110,3,3
38150,96,99,-3,3
38151,73,76,-3,3
38152,112,108,4,4
38153,63,68,-5,5
38154,104,99,5,5
38155,82,89,-7,7
38156,54,60,-6,6
38157,84,81,3,3
38158,133,140,-7,7
38159,101,104,-3,3
38160,108,119,-11,11
38161,83,80,3,3
38162,78,81,-3,3
38163,82,76,6,6
38164,76,78,-2,2
38165,90,86,4,4
38166,105,107,-2,2
38167,61,59,2,2
38168,102,118,-16,16
38169,104,122,-18,18
38170,72,72,0,0
38171,74,66,8,8
38172,92,101,-9,9
38173,85,83,2,2
38174,99,100,-1,1
38175,111,123,-12,12
38176,67,74,-7,7
38177,76,74,2,2
38178,113,102,11,11
38179,107,103,4,4
38180,117,115,2,2
38181,116,123,-7,7
38182,97,100,-3,3
38183,125,125,0,0
38184,112,119,-7,7
38185,71,83,-12,12
38186,115,115,0,0
38187,59,81,-22,22
38188,97,94,3,3
38189,124,116,8,8
38190,45,50,-5,5
38191,87,88,-1,1
38192,103,124,-21,21
38193,64,65,-1,1
38194,100,98,2,2
38195,97,84,13,13
38196,121,121,0,0
38197,111,120,-9,9
38198,74,74,0,0
38199,118,151,-33,33
38200,91,87,4,4
38201,89,90,-1,1
38202,105,89,16,16
38203,79,84,-5,5
38204,68,71,-3,3
38205,125,129,-4,4
38206,87,85,2,2
38207,123,114,9,9
38208,93,93,0,0
38209,100,100,0,0
38210,64,58,6,6
38211,108,108,0,0
38212,68,58,10,10
38213,86,89,-3,3
38214,107,99,8,8
38215,73,77,-4,4
38216,128,137,-9,9
38217,119,115,4,4
38218,54,49,5,5
38219,72,74,-2,2
38220,73,79,-6,6
38221,159,152,7,7
38222,83,84,-1,1
38223,97,99,-2,2
38224,131,129,2,2
38225,69,74,-5,5
38226,86,75,11,11
38227,119,123,-4,4
38228,100,90,10,10
38229,102,111,-9,9
38230,67,65,2,2
38231,53,63,-10,10
38232,85,97,-12,12
38233,168,160,8,8
38234,61,61,0,0
38235,77,74,3,3
38236,85,91,-6,6
38237,69,68,1,1
38238,124,123,1,1
38239,89,82,7,7
38240,148,149,-1,1
38241,143,133,10,10
38242,57,79,-22,22
38243,144,139,5,5
38244,66,69,-3,3
38245,83,100,-17,17
38246,120,117,3,3
38247,131,131,0,0
38248,51,56,-5,5
38249,77,61,16,16
38250,62,66,-4,4
38251,125,133,-8,8
38252,87,86,1,1
38253,89,88,1,1
38254,162,158,4,4
38255,109,117,-8,8
38256,126,131,-5,5
38257,87,99,-12,12
38258,87,101,-14,14
38259,116,116,0,0
38260,51,56,-5,5
38261,65,60,5,5
38262,95,87,8,8
38263,86,78,8,8
38264,98,103,-5,5
38265,74,74,0,0
38266,87,102,-15,15
38267,113,112,1,1
38268,70,87,-17,17
38269,119,114,5,5
38270,180,169,11,11
38271,94,84,10,10
38272,67,76,-9,9
38273,85,86,-1,1
38274,147,153,-6,6
38275,79,69,10,10
38276,76,79,-3,3
38277,60,52,8,8
38278,55,59,-4,4
38279,95,100,-5,5
38280,127,115,12,12
38281,100,102,-2,2
38282,85,85,0,0
38283,127,125,2,2
38284,101,89,12,12
38285,70,71,-1,1
38286,102,102,0,0
38287,73,75,-2,2
38288,107,111,-4,4
38289,129,134,-5,5
38290,114,111,3,3
38291,45,54,-9,9
38292,52,55,-3,3
38293,69,73,-4,4
38294,71,73,-2,2
38295,65,70,-5,5
38296,211,180,31,31
38297,113,131,-18,18
38298,97,94,3,3
38299,60,69,-9,9
38300,184,155,29,29
38301,106,105,1,1
38302,121,120,1,1
38303,112,118,-6,6
38304,137,138,-1,1
38305,104,107,-3,3
38306,124,118,6,6
38307,72,67,5,5
38308,116,109,7,7
38309,76,75,1,1
38310,99,107,-8,8
38311,75,78,-3,3
38312,81,83,-2,2
38313,69,69,0,0
38314,72,81,-9,9
38315,87,76,11,11
38316,93,92,1,1
38317,136,135,1,1
38318,101,99,2,2
38319,89,85,4,4
38320,112,113,-1,1
38321,65,69,-4,4
38322,118,112,6,6
38323,92,87,5,5
38324,80,88,-8,8
38325,98,94,4,4
38326,70,68,2,2
38327,127,120,7,7
38328,149,131,18,18
38329,70,67,3,3
38330,139,142,-3,3
38331,82,80,2,2
38332,91,93,-2,2
38333,39,53,-14,14
38334,82,100,-18,18
38335,105,106,-1,1
38336,147,143,4,4
38337,104,112,-8,8
38338,117,100,17,17
38339,91,106,-15,15
38340,90,99,-9,9
38341,104,98,6,6
38342,47,56,-9,9
38343,56,60,-4,4
38344,110,113,-3,3
38345,43,54,-11,11
38346,120,116,4,4
38347,70,74,-4,4
38348,75,78,-3,3
38349,77,79,-2,2
38350,72,72,0,0
38351,105,105,0,0
38352,218,199,19,19
38353,56,64,-8,8
38354,100,108,-8,8
38355,123,138,-15,15
38356,130,124,6,6
38357,63,62,1,1
38358,89,91,-2,2
38359,60,69,-9,9
38360,65,80,-15,15
38361,118,118,0,0
38362,86,90,-4,4
38363,166,171,-5,5
38364,106,109,-3,3
38365,58,65,-7,7
38366,141,129,12,12
38367,96,99,-3,3
38368,106,100,6,6
38369,110,114,-4,4
38370,64,66,-2,2
38371,83,81,2,2
38372,92,110,-18,18
38373,70,72,-2,2
38374,122,128,-6,6
38375,86,88,-2,2
38376,105,98,7,7
38377,99,107,-8,8
38378,57,53,4,4
38379,79,79,0,0
38380,59,58,1,1
38381,70,73,-3,3
38382,104,104,0,0
38383,86,89,-3,3
38384,112,120,-8,8
38385,102,105,-3,3
38386,63,70,-7,7
38387,118,115,3,3
38388,63,63,0,0
38389,104,125,-21,21
38390,86,88,-2,2
38391,167,156,11,11
38392,164,156,8,8
38393,85,85,0,0
38394,111,116,-5,5
38395,121,114,7,7
38396,94,93,1,1
38397,77,87,-10,10
38398,35,38,-3,3
38399,95,91,4,4
38400,133,137,-4,4
38401,85,89,-4,4
38402,67,61,6,6
38403,114,117,-3,3
38404,157,150,7,7
38405,157,148,9,9
38406,94,106,-12,12
38407,54,65,-11,11
38408,64,61,3,3
38409,109,108,1,1
38410,71,75,-4,4
38411,73,78,-5,5
38412,76,84,-8,8
38413,130,118,12,12
38414,79,77,2,2
38415,142,153,-11,11
38416,89,85,4,4
38417,105,111,-6,6
38418,78,91,-13,13
38419,64,62,2,2
38420,63,71,-8,8
38421,89,90,-1,1
38422,171,169,2,2
38423,111,94,17,17
38424,86,79,7,7
38425,102,100,2,2
38426,61,64,-3,3
38427,85,85,0,0
38428,134,122,12,12
38429,81,83,-2,2
38430,142,141,1,1
38431,80,75,5,5
38432,83,82,1,1
38433,121,114,7,7
38434,67,54,13,13
38435,100,117,-17,17
38436,129,128,1,1
38437,102,109,-7,7
38438,126,127,-1,1
38439,98,101,-3,3
38440,63,56,7,7
38441,72,77,-5,5
38442,88,99,-11,11
38443,64,69,-5,5
38444,107,118,-11,11
38445,89,80,9,9
38446,93,97,-4,4
38447,146,139,7,7
38448,101,110,-9,9
38449,87,86,1,1
38450,97,100,-3,3
38451,78,66,12,12
38452,130,116,14,14
38453,85,75,10,10
38454,77,74,3,3
38455,44,51,-7,7
38456,96,92,4,4
38457,89,80,9,9
38458,117,117,0,0
38459,41,44,-3,3
38460,113,118,-5,5
38461,103,86,17,17
38462,161,148,13,13
38463,196,190,6,6
38464,64,55,9,9
38465,82,76,6,6
38466,66,93,-27,27
38467,80,77,3,3
38468,54,61,-7,7
38469,104,109,-5,5
38470,55,56,-1,1
38471,57,59,-2,2
38472,49,57,-8,8
38473,70,70,0,0
38474,74,81,-7,7
38475,33,40,-7,7
38476,83,90,-7,7
38477,89,88,1,1
38478,102,99,3,3
38479,156,163,-7,7
38480,36,47,-11,11
38481,62,62,0,0
38482,102,95,7,7
38483,87,99,-12,12
38484,50,50,0,0
38485,89,101,-12,12
38486,100,94,6,6
38487,98,87,11,11
38488,56,59,-3,3
38489,75,70,5,5
38490,98,85,13,13
38491,117,107,10,10
38492,235,202,33,33
38493,54,57,-3,3
38494,68,62,6,6
38495,116,126,-10,10
38496,32,38,-6,6
38497,55,51,4,4
38498,82,80,2,2
38499,119,118,1,1
38500,183,184,-1,1
38501,112,86,26,26
38502,57,64,-7,7
38503,120,119,1,1
38504,77,83,-6,6
38505,68,77,-9,9
38506,126,121,5,5
38507,68,61,7,7
38508,103,94,9,9
38509,110,118,-8,8
38510,122,106,16,16
38511,100,118,-18,18
38512,74,75,-1,1
38513,185,161,24,24
38514,118,129,-11,11
38515,41,50,-9,9
38516,91,93,-2,2
38517,83,76,7,7
38518,79,85,-6,6
38519,82,76,6,6
38520,84,88,-4,4
38521,70,60,10,10
38522,97,106,-9,9
38523,99,103,-4,4
38524,108,106,2,2
38525,85,82,3,3
38526,132,130,2,2
38527,99,100,-1,1
38528,62,58,4,4
38529,80,87,-7,7
38530,96,90,6,6
38531,98,87,11,11
38532,109,112,-3,3
38533,124,130,-6,6
38534,101,114,-13,13
38535,118,122,-4,4
38536,57,57,0,0
38537,79,82,-3,3
38538,86,88,-2,2
38539,77,77,0,0
38540,132,124,8,8
38541,74,67,7,7
38542,108,108,0,0
38543,137,126,11,11
38544,102,105,-3,3
38545,150,146,4,4
38546,51,51,0,0
38547,77,73,4,4
38548,59,55,4,4
38549,42,42,0,0
38550,141,142,-1,1
38551,132,125,7,7
38552,67,65,2,2
38553,108,104,4,4
38554,144,150,-6,6
38555,69,71,-2,2
38556,85,82,3,3
38557,64,63,1,1
38558,65,66,-1,1
38559,221,218,3,3
38560,70,70,0,0
38561,56,54,2,2
38562,62,61,1,1
38563,88,106,-18,18
38564,108,111,-3,3
38565,178,162,16,16
38566,74,72,2,2
38567,85,101,-16,16
38568,61,70,-9,9
38569,111,78,33,33
38570,103,112,-9,9
38571,110,110,0,0
38572,74,70,4,4
38573,172,167,5,5
38574,87,102,-15,15
38575,141,148,-7,7
38576,86,79,7,7
38577,89,105,-16,16
38578,106,89,17,17
38579,103,101,2,2
38580,115,100,15,15
38581,61,58,3,3
38582,102,107,-5,5
38583,64,67,-3,3
38584,121,116,5,5
38585,61,67,-6,6
38586,75,74,1,1
38587,43,38,5,5
38588,84,82,2,2
38589,118,116,2,2
38590,50,51,-1,1
38591,81,68,13,13
38592,160,153,7,7
38593,121,115,6,6
38594,77,80,-3,3
38595,124,122,2,2
38596,140,130,10,10
38597,56,63,-7,7
38598,92,86,6,6
38599,99,100,-1,1
38600,169,165,4,4
38601,102,112,-10,10
38602,149,148,1,1
38603,161,173,-12,12
38604,73,80,-7,7
38605,81,83,-2,2
38606,76,76,0,0
38607,131,124,7,7
38608,155,159,-4,4
38609,87,87,0,0
38610,62,63,-1,1
38611,87,78,9,9
38612,78,88,-10,10
38613,74,77,-3,3
38614,49,69,-20,20
38615,92,88,4,4
38616,133,131,2,2
38617,149,147,2,2
38618,120,124,-4,4
38619,89,83,6,6
38620,102,101,1,1
38621,62,48,14,14
38622,57,51,6,6
38623,43,63,-20,20
38624,72,76,-4,4
38625,58,58,0,0
38626,66,65,1,1
38627,73,80,-7,7
38628,112,97,15,15
38629,158,146,12,12
38630,70,82,-12,12
38631,136,131,5,5
38632,85,81,4,4
38633,37,43,-6,6
38634,87,91,-4,4
38635,130,138,-8,8
38636,88,90,-2,2
38637,57,63,-6,6
38638,117,117,0,0
38639,105,100,5,5
38640,75,76,-1,1
38641,153,155,-2,2
38642,90,103,-13,13
38643,130,120,10,10
38644,86,89,-3,3
38645,124,131,-7,7
38646,83,85,-2,2
38647,145,130,15,15
38648,77,78,-1,1
38649,64,67,-3,3
38650,129,129,0,0
38651,109,101,8,8
38652,94,88,6,6
38653,84,80,4,4
38654,64,65,-1,1
38655,90,89,1,1
38656,171,166,5,5
38657,93,103,-10,10
38658,121,128,-7,7
38659,72,80,-8,8
38660,72,82,-10,10
38661,85,84,1,1
38662,86,79,7,7
38663,93,100,-7,7
38664,94,80,14,14
38665,118,124,-6,6
38666,72,62,10,10
38667,64,67,-3,3
38668,127,112,15,15
38669,64,63,1,1
38670,75,74,1,1
38671,57,64,-7,7
38672,61,63,-2,2
38673,74,87,-13,13
38674,53,65,-12,12
38675,80,85,-5,5
38676,83,83,0,0
38677,124,120,4,4
38678,81,92,-11,11
38679,84,95,-11,11
38680,128,118,10,10
38681,93,92,1,1
38682,79,84,-5,5
38683,81,102,-21,21
38684,81,83,-2,2
38685,104,110,-6,6
38686,82,79,3,3
38687,84,71,13,13
38688,71,75,-4,4
38689,62,61,1,1
38690,66,71,-5,5
38691,63,67,-4,4
38692,77,76,1,1
38693,56,60,-4,4
38694,155,151,4,4
38695,143,135,8,8
38696,75,74,1,1
38697,92,103,-11,11
38698,108,107,1,1
38699,105,107,-2,2
38700,63,61,2,2
38701,117,118,-1,1
38702,123,110,13,13
38703,69,72,-3,3
38704,119,129,-10,10
38705,92,107,-15,15
38706,94,88,6,6
38707,80,83,-3,3
38708,101,100,1,1
38709,150,146,4,4
38710,92,87,5,5
38711,97,98,-1,1
38712,100,100,0,0
38713,74,87,-13,13
38714,157,156,1,1
38715,65,68,-3,3
38716,97,97,0,0
38717,79,77,2,2
38718,86,84,2,2
38719,91,85,6,6
38720,51,50,1,1
38721,110,116,-6,6
38722,106,108,-2,2
38723,50,54,-4,4
38724,76,72,4,4
38725,126,122,4,4
38726,73,73,0,0
38727,80,86,-6,6
38728,90,84,6,6
38729,94,80,14,14
38730,99,99,0,0
38731,140,132,8,8
38732,92,88,4,4
38733,96,100,-4,4
38734,107,107,0,0
38735,120,112,8,8
38736,141,137,4,4
38737,58,62,-4,4
38738,99,101,-2,2
38739,75,74,1,1
38740,118,108,10,10
38741,93,93,0,0
38742,104,87,17,17
38743,81,84,-3,3
38744,107,104,3,3
38745,91,111,-20,20
38746,87,89,-2,2
38747,53,59,-6,6
38748,147,141,6,6
38749,108,106,2,2
38750,76,75,1,1
38751,59,62,-3,3
38752,85,99,-14,14
38753,82,87,-5,5
38754,57,62,-5,5
38755,37,49,-12,12
38756,129,132,-3,3
38757,57,50,7,7
38758,67,70,-3,3
38759,76,67,9,9
38760,85,83,2,2
38761,130,121,9,9
38762,106,106,0,0
38763,104,118,-14,14
38764,88,91,-3,3
38765,65,65,0,0
38766,75,76,-1,1
38767,145,137,8,8
38768,149,146,3,3
38769,44,54,-10,10
38770,69,66,3,3
38771,93,102,-9,9
38772,78,76,2,2
38773,63,69,-6,6
38774,78,84,-6,6
38775,85,81,4,4
38776,55,56,-1,1
38777,73,88,-15,15
38778,107,108,-1,1
38779,131,124,7,7
38780,87,87,0,0
38781,40,50,-10,10
38782,139,123,16,16
38783,85,89,-4,4
38784,163,170,-7,7
38785,64,73,-9,9
38786,193,185,8,8
38787,86,99,-13,13
38788,98,100,-2,2
38789,51,61,-10,10
38790,128,124,4,4
38791,141,129,12,12
38792,84,82,2,2
38793,142,137,5,5
38794,59,64,-5,5
38795,108,104,4,4
38796,39,47,-8,8
38797,156,155,1,1
38798,107,116,-9,9
38799,99,111,-12,12
38800,166,157,9,9
38801,85,84,1,1
38802,84,84,0,0
38803,98,99,-1,1
38804,76,72,4,4
38805,138,128,10,10
38806,93,89,4,4
38807,182,159,23,23
38808,149,133,16,16
38809,132,116,16,16
38810,127,119,8,8
38811,70,72,-2,2
38812,57,62,-5,5
38813,176,183,-7,7
38814,68,69,-1,1
38815,46,53,-7,7
38816,66,65,1,1
38817,113,120,-7,7
38818,135,137,-2,2
38819,48,55,-7,7
38820,135,130,5,5
38821,70,75,-5,5
38822,91,99,-8,8
38823,125,123,2,2
38824,109,98,11,11
38825,53,58,-5,5
38826,91,92,-1,1
38827,70,72,-2,2
38828,65,71,-6,6
38829,125,117,8,8
38830,72,73,-1,1
38831,103,105,-2,2
38832,103,83,20,20
38833,101,83,18,18
38834,117,126,-9,9
38835,63,62,1,1
38836,164,165,-1,1
38837,57,67,-10,10
38838,120,124,-4,4
38839,133,128,5,5
38840,83,89,-6,6
38841,64,68,-4,4
38842,102,100,2,2
38843,70,73,-3,3
38844,124,130,-6,6
38845,106,98,8,8
38846,156,150,6,6
38847,67,71,-4,4
38848,147,147,0,0
38849,113,117,-4,4
38850,121,123,-2,2
38851,97,98,-1,1
38852,59,70,-11,11
38853,50,60,-10,10
38854,118,108,10,10
38855,56,59,-3,3
38856,87,80,7,7
38857,89,101,-12,12
38858,65,72,-7,7
38859,62,66,-4,4
38860,138,136,2,2
38861,149,146,3,3
38862,69,67,2,2
38863,76,85,-9,9
38864,65,73,-8,8
38865,70,68,2,2
38866,133,138,-5,5
38867,77,79,-2,2
38868,93,100,-7,7
38869,105,132,-27,27
38870,67,73,-6,6
38871,84,83,1,1
38872,83,95,-12,12
38873,46,46,0,0
38874,102,102,0,0
38875,80,73,7,7
38876,106,109,-3,3
38877,91,98,-7,7
38878,70,59,11,11
38879,213,199,14,14
38880,84,85,-1,1
38881,124,107,17,17
38882,113,107,6,6
38883,89,98,-9,9
38884,112,110,2,2
38885,78,74,4,4
38886,60,58,2,2
38887,119,111,8,8
38888,58,62,-4,4
38889,109,104,5,5
38890,113,137,-24,24
38891,101,90,11,11
38892,61,57,4,4
38893,76,82,-6,6
38894,84,82,2,2
38895,86,97,-11,11
38896,108,103,5,5
38897,102,90,12,12
38898,151,145,6,6
38899,66,67,-1,1
38900,71,70,1,1
38901,66,72,-6,6
38902,131,130,1,1
38903,49,50,-1,1
38904,99,104,-5,5
38905,69,79,-10,10
38906,72,65,7,7
38907,179,162,17,17
38908,152,148,4,4
38909,70,70,0,0
38910,63,71,-8,8
38911,104,110,-6,6
38912,22,33,-11,11
38913,105,105,0,0
38914,174,172,2,2
38915,123,124,-1,1
38916,34,46,-12,12
38917,76,79,-3,3
38918,114,112,2,2
38919,84,102,-18,18
38920,114,102,12,12
38921,236,208,28,28
38922,86,93,-7,7
38923,91,81,10,10
38924,109,110,-1,1
38925,99,96,3,3
38926,79,72,7,7
38927,51,59,-8,8
38928,201,187,14,14
38929,60,61,-1,1
38930,89,89,0,0
38931,84,84,0,0
38932,40,48,-8,8
38933,68,67,1,1
38934,58,59,-1,1
38935,73,73,0,0
38936,121,125,-4,4
38937,55,52,3,3
38938,91,91,0,0
38939,57,59,-2,2
38940,68,59,9,9
38941,93,80,13,13
38942,59,63,-4,4
38943,76,71,5,5
38944,99,106,-7,7
38945,85,104,-19,19
38946,113,103,10,10
38947,107,97,10,10
38948,184,171,13,13
38949,80,79,1,1
38950,99,101,-2,2
38951,180,164,16,16
38952,94,108,-14,14
38953,37,40,-3,3
38954,59,69,-10,10
38955,65,66,-1,1
38956,93,99,-6,6
38957,88,94,-6,6
38958,92,95,-3,3
38959,128,119,9,9
38960,111,116,-5,5
38961,128,167,-39,39
38962,48,52,-4,4
38963,116,126,-10,10
38964,54,52,2,2
38965,57,68,-11,11
38966,61,67,-6,6
38967,79,80,-1,1
38968,61,63,-2,2
38969,122,121,1,1
38970,89,85,4,4
38971,121,115,6,6
38972,119,115,4,4
38973,108,119,-11,11
38974,100,103,-3,3
38975,58,60,-2,2
38976,106,100,6,6
38977,88,97,-9,9
38978,103,97,6,6
38979,31,38,-7,7
38980,34,52,-18,18
38981,87,88,-1,1
38982,111,112,-1,1
38983,101,103,-2,2
38984,41,46,-5,5
38985,60,67,-7,7
38986,115,115,0,0
38987,136,137,-1,1
38988,74,68,6,6
38989,84,77,7,7
38990,110,110,0,0
38991,73,77,-4,4
38992,126,124,2,2
38993,77,75,2,2
38994,129,127,2,2
38995,123,131,-8,8
38996,99,92,7,7
38997,88,58,30,30
38998,61,72,-11,11
38999,74,76,-2,2
39000,107,105,2,2
39001,122,116,6,6
39002,60,63,-3,3
39003,188,185,3,3
39004,84,77,7,7
39005,146,147,-1,1
39006,154,157,-3,3
39007,114,121,-7,7
39008,117,113,4,4
39009,163,164,-1,1
39010,74,76,-2,2
39011,113,109,4,4
39012,68,73,-5,5
39013,137,135,2,2
39014,86,90,-4,4
39015,136,138,-2,2
39016,77,72,5,5
39017,156,148,8,8
39018,146,139,7,7
39019,62,62,0,0
39020,66,76,-10,10
39021,121,121,0,0
39022,161,144,17,17
39023,102,114,-12,12
39024,67,64,3,3
39025,129,131,-2,2
39026,120,128,-8,8
39027,174,173,1,1
39028,179,176,3,3
39029,92,86,6,6
39030,112,116,-4,4
39031,110,104,6,6
39032,97,100,-3,3
39033,68,64,4,4
39034,117,123,-6,6
39035,155,138,17,17
39036,60,62,-2,2
39037,167,145,22,22
39038,115,112,3,3
39039,134,136,-2,2
39040,48,52,-4,4
39041,89,81,8,8
39042,42,57,-15,15
39043,31,46,-15,15
39044,105,101,4,4
39045,138,131,7,7
39046,97,87,10,10
39047,83,84,-1,1
39048,54,60,-6,6
39049,65,65,0,0
39050,94,102,-8,8
39051,86,87,-1,1
39052,88,99,-11,11
39053,63,60,3,3
39054,144,142,2,2
39055,62,65,-3,3
39056,63,78,-15,15
39057,98,97,1,1
39058,60,57,3,3
39059,49,54,-5,5
39060,96,87,9,9
39061,71,77,-6,6
39062,120,114,6,6
39063,150,132,18,18
39064,80,76,4,4
39065,58,62,-4,4
39066,64,70,-6,6
39067,140,139,1,1
39068,124,130,-6,6
39069,97,90,7,7
39070,161,138,23,23
39071,50,64,-14,14
39072,101,108,-7,7
39073,44,56,-12,12
39074,99,107,-8,8
39075,171,155,16,16
39076,43,50,-7,7
39077,93,108,-15,15
39078,139,137,2,2
39079,120,116,4,4
39080,98,107,-9,9
39081,101,106,-5,5
39082,80,77,3,3
39083,63,60,3,3
39084,149,150,-1,1
39085,132,122,10,10
39086,71,73,-2,2
39087,92,101,-9,9
39088,61,74,-13,13
39089,110,112,-2,2
39090,67,68,-1,1
39091,38,69,-31,31
39092,89,108,-19,19
39093,86,90,-4,4
39094,157,170,-13,13
39095,63,71,-8,8
39096,56,62,-6,6
39097,96,105,-9,9
39098,58,65,-7,7
39099,164,164,0,0
39100,107,108,-1,1
39101,131,118,13,13
39102,119,115,4,4
39103,103,106,-3,3
39104,58,62,-4,4
39105,158,141,17,17
39106,148,134,14,14
39107,107,112,-5,5
39108,108,99,9,9
39109,85,74,11,11
39110,76,82,-6,6
39111,72,66,6,6
39112,133,133,0,0
39113,71,76,-5,5
39114,90,82,8,8
39115,105,109,-4,4
39116,107,112,-5,5
39117,84,82,2,2
39118,67,73,-6,6
39119,154,150,4,4
39120,63,75,-12,12
39121,182,163,19,19
39122,130,124,6,6
39123,126,130,-4,4
39124,135,129,6,6
39125,86,87,-1,1
39126,90,99,-9,9
39127,69,69,0,0
39128,99,104,-5,5
39129,81,87,-6,6
39130,92,90,2,2
39131,83,81,2,2
39132,76,73,3,3
39133,79,71,8,8
39134,59,66,-7,7
39135,100,101,-1,1
39136,60,58,2,2
39137,76,80,-4,4
39138,110,101,9,9
39139,112,112,0,0
39140,93,100,-7,7
39141,101,106,-5,5
39142,107,112,-5,5
39143,180,168,12,12
39144,109,110,-1,1
39145,85,77,8,8
39146,123,119,4,4
39147,90,98,-8,8
39148,118,116,2,2
39149,108,103,5,5
39150,95,91,4,4
39151,119,113,6,6
39152,115,103,12,12
39153,145,136,9,9
39154,46,58,-12,12
39155,59,65,-6,6
39156,127,135,-8,8
39157,114,115,-1,1
39158,101,104,-3,3
39159,134,132,2,2
39160,99,101,-2,2
39161,143,136,7,7
39162,136,131,5,5
39163,152,148,4,4
39164,103,102,1,1
39165,79,77,2,2
39166,83,81,2,2
39167,125,113,12,12
39168,74,93,-19,19
39169,44,47,-3,3
39170,100,105,-5,5
39171,111,112,-1,1
39172,65,63,2,2
39173,102,103,-1,1
39174,109,106,3,3
39175,80,72,8,8
39176,117,117,0,0
39177,121,118,3,3
39178,154,145,9,9
39179,55,62,-7,7
39180,90,97,-7,7
39181,137,119,18,18
39182,53,48,5,5
39183,137,136,1,1
39184,64,66,-2,2
39185,133,120,13,13
39186,38,39,-1,1
39187,105,88,17,17
39188,45,50,-5,5
39189,133,119,14,14
39190,121,122,-1,1
39191,138,129,9,9
39192,84,76,8,8
39193,79,80,-1,1
39194,48,53,-5,5
39195,51,61,-10,10
39196,90,92,-2,2
39197,79,75,4,4
39198,73,72,1,1
39199,82,73,9,9
39200,90,99,-9,9
39201,98,79,19,19
39202,56,61,-5,5
39203,100,98,2,2
39204,55,66,-11,11
39205,116,127,-11,11
39206,61,59,2,2
39207,77,74,3,3
39208,131,125,6,6
39209,115,114,1,1
39210,94,86,8,8
39211,80,79,1,1
39212,57,64,-7,7
39213,112,109,3,3
39214,98,93,5,5
39215,136,142,-6,6
39216,125,114,11,11
39217,90,101,-11,11
39218,81,85,-4,4
39219,123,121,2,2
39220,114,122,-8,8
39221,35,55,-20,20
39222,55,56,-1,1
39223,110,104,6,6
39224,52,56,-4,4
39225,191,173,18,18
39226,48,59,-11,11
39227,70,62,8,8
39228,116,116,0,0
39229,114,118,-4,4
39230,71,76,-5,5
39231,130,119,11,11
39232,92,90,2,2
39233,111,118,-7,7
39234,150,149,1,1
39235,112,132,-20,20
39236,85,87,-2,2
39237,75,77,-2,2
39238,64,64,0,0
39239,65,68,-3,3
39240,164,159,5,5
39241,63,45,18,18
39242,105,106,-1,1
39243,96,93,3,3
39244,102,88,14,14
39245,84,73,11,11
39246,72,80,-8,8
39247,118,124,-6,6
39248,110,110,0,0
39249,81,85,-4,4
39250,109,114,-5,5
39251,76,68,8,8
39252,64,61,3,3
39253,133,120,13,13
39254,143,131,12,12
39255,72,76,-4,4
39256,74,82,-8,8
39257,41,44,-3,3
39258,65,67,-2,2
39259,73,70,3,3
39260,63,72,-9,9
39261,175,162,13,13
39262,85,101,-16,16
39263,82,81,1,1
39264,48,51,-3,3
39265,97,92,5,5
39266,86,90,-4,4
39267,66,70,-4,4
39268,80,76,4,4
39269,84,88,-4,4
39270,90,89,1,1
39271,76,86,-10,10
39272,90,93,-3,3
39273,128,136,-8,8
39274,76,88,-12,12
39275,84,82,2,2
39276,116,119,-3,3
39277,72,80,-8,8
39278,88,84,4,4
39279,58,59,-1,1
39280,80,80,0,0
39281,122,116,6,6
39282,84,90,-6,6
39283,62,66,-4,4
39284,78,73,5,5
39285,113,115,-2,2
39286,152,147,5,5
39287,68,70,-2,2
39288,72,65,7,7
39289,104,109,-5,5
39290,100,102,-2,2
39291,92,84,8,8
39292,95,87,8,8
39293,66,63,3,3
39294,78,83,-5,5
39295,117,108,9,9
39296,109,93,16,16
39297,157,143,14,14
39298,100,87,13,13
39299,101,99,2,2
39300,68,63,5,5
39301,137,121,16,16
39302,144,150,-6,6
39303,152,151,1,1
39304,121,112,9,9
39305,83,85,-2,2
39306,86,101,-15,15
39307,72,66,6,6
39308,82,99,-17,17
39309,115,110,5,5
39310,44,47,-3,3
39311,130,137,-7,7
39312,84,84,0,0
39313,104,101,3,3
39314,70,64,6,6
39315,152,132,20,20
39316,66,70,-4,4
39317,137,115,22,22
39318,86,85,1,1
39319,130,119,11,11
39320,105,101,4,4
39321,79,81,-2,2
39322,79,78,1,1
39323,68,66,2,2
39324,86,81,5,5
39325,90,96,-6,6
39326,174,160,14,14
39327,41,51,-10,10
39328,109,101,8,8
39329,98,96,2,2
39330,79,84,-5,5
39331,107,115,-8,8
39332,138,141,-3,3
39333,49,41,8,8
39334,68,78,-10,10
39335,465,397,68,68
39336,102,92,10,10
39337,108,112,-4,4
39338,98,105,-7,7
39339,70,65,5,5
39340,90,91,-1,1
39341,103,105,-2,2
39342,84,74,10,10
39343,128,137,-9,9
39344,205,185,20,20
39345,149,138,11,11
39346,51,55,-4,4
39347,64,69,-5,5
39348,155,142,13,13
39349,61,69,-8,8
39350,91,88,3,3
39351,69,77,-8,8
39352,51,65,-14,14
39353,59,60,-1,1
39354,110,102,8,8
39355,145,133,12,12
39356,86,102,-16,16
39357,192,188,4,4
39358,80,69,11,11
39359,62,62,0,0
39360,116,119,-3,3
39361,94,106,-12,12
39362,60,60,0,0
39363,128,146,-18,18
39364,129,128,1,1
39365,111,115,-4,4
39366,137,136,1,1
39367,164,150,14,14
39368,119,116,3,3
39369,90,89,1,1
39370,114,127,-13,13
39371,26,27,-1,1
39372,107,109,-2,2
39373,68,69,-1,1
39374,118,121,-3,3
39375,124,119,5,5
39376,170,158,12,12
39377,61,65,-4,4
39378,136,138,-2,2
39379,196,156,40,40
39380,87,79,8,8
39381,95,109,-14,14
39382,108,112,-4,4
39383,151,146,5,5
39384,67,71,-4,4
39385,149,147,2,2
39386,113,111,2,2
39387,50,63,-13,13
39388,79,86,-7,7
39389,103,103,0,0
39390,80,76,4,4
39391,172,174,-2,2
39392,105,115,-10,10
39393,82,84,-2,2
39394,47,48,-1,1
39395,54,50,4,4
39396,80,77,3,3
39397,64,63,1,1
39398,150,141,9,9
39399,134,131,3,3
39400,61,71,-10,10
39401,108,104,4,4
39402,116,120,-4,4
39403,101,121,-20,20
39404,81,82,-1,1
39405,90,98,-8,8
39406,71,74,-3,3
39407,119,119,0,0
39408,133,137,-4,4
39409,125,138,-13,13
39410,70,68,2,2
39411,182,170,12,12
39412,114,118,-4,4
39413,136,144,-8,8
39414,76,78,-2,2
39415,114,105,9,9
39416,46,52,-6,6
39417,97,114,-17,17
39418,70,76,-6,6
39419,63,58,5,5
39420,100,93,7,7
39421,114,109,5,5
39422,52,52,0,0
39423,130,131,-1,1
39424,108,103,5,5
39425,133,119,14,14
39426,26,38,-12,12
39427,75,76,-1,1
39428,112,121,-9,9
39429,73,67,6,6
39430,44,52,-8,8
39431,75,74,1,1
39432,93,97,-4,4
39433,60,71,-11,11
39434,83,83,0,0
39435,140,130,10,10
39436,100,102,-2,2
39437,107,101,6,6
39438,95,81,14,14
39439,111,103,8,8
39440,112,110,2,2
39441,67,73,-6,6
39442,52,56,-4,4
39443,113,105,8,8
39444,77,77,0,0
39445,135,134,1,1
39446,61,62,-1,1
39447,58,68,-10,10
39448,60,61,-1,1
39449,100,100,0,0
39450,49,58,-9,9
39451,71,68,3,3
39452,104,107,-3,3
39453,49,55,-6,6
39454,141,140,1,1
39455,113,115,-2,2
39456,74,69,5,5
39457,135,137,-2,2
39458,61,67,-6,6
39459,115,121,-6,6
39460,89,100,-11,11
39461,76,72,4,4
39462,111,123,-12,12
39463,61,71,-10,10
39464,54,54,0,0
39465,95,104,-9,9
39466,125,127,-2,2
39467,168,168,0,0
39468,71,69,2,2
39469,80,79,1,1
39470,224,229,-5,5
39471,87,90,-3,3
39472,65,67,-2,2
39473,130,137,-7,7
39474,111,118,-7,7
39475,76,72,4,4
39476,111,108,3,3
39477,88,99,-11,11
39478,97,98,-1,1
39479,118,119,-1,1
39480,93,80,13,13
39481,131,121,10,10
39482,82,84,-2,2
39483,153,143,10,10
39484,76,78,-2,2
39485,105,113,-8,8
39486,38,41,-3,3
39487,56,65,-9,9
39488,75,75,0,0
39489,40,42,-2,2
39490,139,144,-5,5
39491,78,94,-16,16
39492,72,74,-2,2
39493,123,133,-10,10
39494,71,69,2,2
39495,144,141,3,3
39496,51,58,-7,7
39497,63,68,-5,5
39498,51,55,-4,4
39499,98,99,-1,1
39500,83,79,4,4
39501,75,90,-15,15
39502,108,108,0,0
39503,100,99,1,1
39504,61,57,4,4
39505,76,77,-1,1
39506,156,221,-65,65
39507,69,68,1,1
39508,219,222,-3,3
39509,112,114,-2,2
39510,86,90,-4,4
39511,53,52,1,1
39512,108,106,2,2
39513,82,80,2,2
39514,89,80,9,9
39515,125,120,5,5
39516,96,116,-20,20
39517,113,112,1,1
39518,61,70,-9,9
39519,39,44,-5,5
39520,65,79,-14,14
39521,101,103,-2,2
39522,188,166,22,22
39523,73,73,0,0
39524,51,62,-11,11
39525,126,125,1,1
39526,95,122,-27,27
39527,85,106,-21,21
39528,112,115,-3,3
39529,117,122,-5,5
39530,109,98,11,11
39531,47,58,-11,11
39532,63,77,-14,14
39533,92,93,-1,1
39534,78,79,-1,1
39535,100,97,3,3
39536,137,126,11,11
39537,163,161,2,2
39538,74,82,-8,8
39539,64,77,-13,13
39540,87,74,13,13
39541,87,89,-2,2
39542,120,126,-6,6
39543,129,122,7,7
39544,137,136,1,1
39545,65,67,-2,2
39546,67,67,0,0
39547,83,83,0,0
39548,91,85,6,6
39549,88,80,8,8
39550,47,49,-2,2
39551,119,118,1,1
39552,76,79,-3,3
39553,96,90,6,6
39554,69,78,-9,9
39555,91,90,1,1
39556,95,100,-5,5
39557,89,101,-12,12
39558,89,81,8,8
39559,106,108,-2,2
39560,86,64,22,22
39561,119,112,7,7
39562,76,83,-7,7
39563,95,87,8,8
39564,93,87,6,6
39565,93,82,11,11
39566,87,88,-1,1
39567,142,146,-4,4
39568,81,82,-1,1
39569,54,49,5,5
39570,131,123,8,8
39571,53,57,-4,4
39572,132,132,0,0
39573,83,84,-1,1
39574,77,69,8,8
39575,86,96,-10,10
39576,135,127,8,8
39577,114,109,5,5
39578,75,87,-12,12
39579,62,74,-12,12
39580,96,92,4,4
39581,88,84,4,4
39582,58,60,-2,2
39583,55,60,-5,5
39584,70,71,-1,1
39585,162,152,10,10
39586,98,86,12,12
39587,73,67,6,6
39588,52,58,-6,6
39589,86,82,4,4
39590,133,122,11,11
39591,102,105,-3,3
39592,137,135,2,2
39593,58,58,0,0
39594,94,79,15,15
39595,158,148,10,10
39596,88,95,-7,7
39597,81,90,-9,9
39598,88,78,10,10
39599,170,177,-7,7
39600,132,128,4,4
39601,160,164,-4,4
39602,69,71,-2,2
39603,78,78,0,0
39604,47,64,-17,17
39605,122,123,-1,1
39606,46,42,4,4
39607,81,86,-5,5
39608,173,179,-6,6
39609,36,111,-75,75
39610,84,78,6,6
39611,118,105,13,13
39612,113,104,9,9
39613,162,159,3,3
39614,98,105,-7,7
39615,96,90,6,6
39616,71,72,-1,1
39617,68,67,1,1
39618,85,83,2,2
39619,34,62,-28,28
39620,69,80,-11,11
39621,69,75,-6,6
39622,128,123,5,5
39623,99,104,-5,5
39624,121,122,-1,1
39625,179,166,13,13
39626,92,102,-10,10
39627,171,175,-4,4
39628,94,98,-4,4
39629,112,114,-2,2
39630,79,73,6,6
39631,57,67,-10,10
39632,72,79,-7,7
39633,161,141,20,20
39634,132,128,4,4
39635,126,118,8,8
39636,78,84,-6,6
39637,72,71,1,1
39638,88,97,-9,9
39639,93,90,3,3
39640,56,59,-3,3
39641,179,164,15,15
39642,99,99,0,0
39643,143,129,14,14
39644,25,35,-10,10
39645,85,81,4,4
39646,50,54,-4,4
39647,110,107,3,3
39648,133,126,7,7
39649,103,100,3,3
39650,149,149,0,0
39651,146,150,-4,4
39652,65,70,-5,5
39653,117,134,-17,17
39654,53,54,-1,1
39655,155,141,14,14
39656,127,127,0,0
39657,87,90,-3,3
39658,167,153,14,14
39659,74,70,4,4
39660,65,70,-5,5
39661,50,55,-5,5
39662,109,107,2,2
39663,65,68,-3,3
39664,98,93,5,5
39665,128,125,3,3
39666,132,133,-1,1
39667,174,176,-2,2
39668,81,82,-1,1
39669,69,74,-5,5
39670,77,73,4,4
39671,69,69,0,0
39672,68,71,-3,3
39673,132,135,-3,3
39674,152,164,-12,12
39675,87,88,-1,1
39676,30,38,-8,8
39677,98,86,12,12
39678,99,95,4,4
39679,116,118,-2,2
39680,100,101,-1,1
39681,137,131,6,6
39682,63,68,-5,5
39683,82,89,-7,7
39684,99,115,-16,16
39685,58,62,-4,4
39686,68,70,-2,2
39687,121,117,4,4
39688,91,80,11,11
39689,61,79,-18,18
39690,46,52,-6,6
39691,107,118,-11,11
39692,80,76,4,4
39693,78,82,-4,4
39694,83,78,5,5
39695,139,137,2,2
39696,113,116,-3,3
39697,109,118,-9,9
39698,168,162,6,6
39699,148,140,8,8
39700,90,82,8,8
39701,49,55,-6,6
39702,91,103,-12,12
39703,48,55,-7,7
39704,99,103,-4,4
39705,125,130,-5,5
39706,77,99,-22,22
39707,89,88,1,1
39708,85,78,7,7
39709,85,82,3,3
39710,60,65,-5,5
39711,100,100,0,0
39712,61,66,-5,5
39713,87,87,0,0
39714,79,82,-3,3
39715,48,48,0,0
39716,90,103,-13,13
39717,85,84,1,1
39718,77,72,5,5
39719,56,62,-6,6
39720,55,58,-3,3
39721,148,143,5,5
39722,108,104,4,4
39723,69,65,4,4
39724,151,142,9,9
39725,98,84,14,14
39726,87,89,-2,2
39727,76,74,2,2
39728,84,82,2,2
39729,39,42,-3,3
39730,105,106,-1,1
39731,68,90,-22,22
39732,58,70,-12,12
39733,81,80,1,1
39734,108,114,-6,6
39735,98,103,-5,5
39736,148,121,27,27
39737,71,75,-4,4
39738,108,105,3,3
39739,68,73,-5,5
39740,82,83,-1,1
39741,159,141,18,18
39742,109,100,9,9
39743,113,109,4,4
39744,106,105,1,1
39745,124,115,9,9
39746,74,74,0,0
39747,23,29,-6,6
39748,94,87,7,7
39749,69,70,-1,1
39750,63,69,-6,6
39751,49,57,-8,8
39752,83,81,2,2
39753,65,67,-2,2
39754,122,99,23,23
39755,110,111,-1,1
39756,145,143,2,2
39757,128,112,16,16
39758,61,58,3,3
39759,135,126,9,9
39760,62,55,7,7
39761,143,122,21,21
39762,59,62,-3,3
39763,133,131,2,2
39764,84,97,-13,13
39765,127,125,2,2
39766,75,73,2,2
39767,128,125,3,3
39768,85,91,-6,6
39769,127,115,12,12
39770,66,75,-9,9
39771,45,39,6,6
39772,89,88,1,1
39773,82,76,6,6
39774,98,91,7,7
39775,51,61,-10,10
39776,112,117,-5,5
39777,70,71,-1,1
39778,75,61,14,14
39779,97,98,-1,1
39780,59,70,-11,11
39781,51,49,2,2
39782,53,58,-5,5
39783,56,70,-14,14
39784,67,62,5,5
39785,66,71,-5,5
39786,89,86,3,3
39787,94,83,11,11
39788,77,85,-8,8
39789,41,48,-7,7
39790,85,84,1,1
39791,72,70,2,2
39792,108,111,-3,3
39793,105,108,-3,3
39794,67,71,-4,4
39795,97,93,4,4
39796,76,78,-2,2
39797,133,145,-12,12
39798,93,92,1,1
39799,40,45,-5,5
39800,66,65,1,1
39801,43,46,-3,3
39802,145,135,10,10
39803,135,119,16,16
39804,64,71,-7,7
39805,76,96,-20,20
39806,55,59,-4,4
39807,78,73,5,5
39808,103,103,0,0
39809,141,145,-4,4
39810,152,153,-1,1
39811,110,119,-9,9
39812,122,113,9,9
39813,78,80,-2,2
39814,82,81,1,1
39815,104,91,13,13
39816,112,108,4,4
39817,69,66,3,3
39818,48,51,-3,3
39819,60,68,-8,8
39820,54,52,2,2
39821,128,121,7,7
39822,61,60,1,1
39823,108,118,-10,10
39824,86,86,0,0
39825,74,82,-8,8
39826,168,162,6,6
39827,76,72,4,4
39828,80,80,0,0
39829,96,88,8,8
39830,74,74,0,0
39831,59,58,1,1
39832,143,140,3,3
39833,68,62,6,6
39834,76,79,-3,3
39835,97,103,-6,6
39836,66,69,-3,3
39837,94,98,-4,4
39838,159,153,6,6
39839,76,71,5,5
39840,121,124,-3,3
39841,123,125,-2,2
39842,80,81,-1,1
39843,77,79,-2,2
39844,52,59,-7,7
39845,115,123,-8,8
39846,180,157,23,23
39847,70,71,-1,1
39848,79,88,-9,9
39849,112,104,8,8
39850,89,97,-8,8
39851,83,82,1,1
39852,108,115,-7,7
39853,67,72,-5,5
39854,86,83,3,3
39855,82,88,-6,6
39856,156,155,1,1
39857,141,129,12,12
39858,154,147,7,7
39859,63,64,-1,1
39860,52,53,-1,1
39861,122,114,8,8
39862,69,77,-8,8
39863,93,90,3,3
39864,106,116,-10,10
39865,76,86,-10,10
39866,97,90,7,7
39867,96,99,-3,3
39868,116,119,-3,3
39869,98,101,-3,3
39870,89,87,2,2
39871,137,140,-3,3
39872,88,74,14,14
39873,115,116,-1,1
39874,135,132,3,3
39875,99,104,-5,5
39876,68,75,-7,7
39877,98,100,-2,2
39878,119,115,4,4
39879,77,75,2,2
39880,74,82,-8,8
39881,115,113,2,2
39882,67,70,-3,3
39883,79,83,-4,4
39884,107,114,-7,7
39885,83,83,0,0
39886,74,83,-9,9
39887,160,160,0,0
39888,56,60,-4,4
39889,74,76,-2,2
39890,95,101,-6,6
39891,141,149,-8,8
39892,98,100,-2,2
39893,84,86,-2,2
39894,118,114,4,4
39895,58,55,3,3
39896,54,63,-9,9
39897,74,75,-1,1
39898,69,72,-3,3
39899,123,111,12,12
39900,59,62,-3,3
39901,50,57,-7,7
39902,56,56,0,0
39903,55,60,-5,5
39904,145,134,11,11
39905,89,84,5,5
39906,74,67,7,7
39907,67,69,-2,2
39908,100,104,-4,4
39909,99,102,-3,3
39910,64,69,-5,5
39911,49,57,-8,8
39912,144,144,0,0
39913,65,66,-1,1
39914,57,60,-3,3
39915,74,76,-2,2
39916,82,87,-5,5
39917,80,76,4,4
39918,167,186,-19,19
39919,55,45,10,10
39920,98,104,-6,6
39921,69,71,-2,2
39922,60,66,-6,6
39923,149,144,5,5
39924,170,166,4,4
39925,56,56,0,0
39926,120,117,3,3
39927,114,117,-3,3
39928,123,124,-1,1
39929,67,74,-7,7
39930,145,142,3,3
39931,72,71,1,1
39932,85,83,2,2
39933,117,119,-2,2
39934,87,107,-20,20
39935,66,71,-5,5
39936,116,123,-7,7
39937,53,65,-12,12
39938,109,104,5,5
39939,26,32,-6,6
39940,51,55,-4,4
39941,65,61,4,4
39942,89,82,7,7
39943,110,98,12,12
39944,70,73,-3,3
39945,46,49,-3,3
39946,119,117,2,2
39947,127,121,6,6
39948,95,91,4,4
39949,68,72,-4,4
39950,73,73,0,0
39951,112,109,3,3
39952,152,164,-12,12
39953,83,84,-1,1
39954,115,115,0,0
39955,131,112,19,19
39956,49,51,-2,2
39957,118,101,17,17
39958,94,85,9,9
39959,120,125,-5,5
39960,64,78,-14,14
39961,145,139,6,6
39962,63,66,-3,3
39963,62,62,0,0
39964,55,57,-2,2
39965,113,120,-7,7
39966,62,63,-1,1
39967,80,77,3,3
39968,100,98,2,2
39969,72,77,-5,5
39970,75,76,-1,1
39971,104,104,0,0
39972,56,53,3,3
39973,116,129,-13,13
39974,87,97,-10,10
39975,109,108,1,1
39976,107,116,-9,9
39977,63,70,-7,7
39978,127,133,-6,6
39979,124,110,14,14
39980,67,66,1,1
39981,229,184,45,45
39982,144,127,17,17
39983,110,113,-3,3
39984,70,67,3,3
39985,102,101,1,1
39986,153,134,19,19
39987,82,84,-2,2
39988,50,54,-4,4
39989,54,61,-7,7
39990,97,90,7,7
39991,75,82,-7,7
39992,83,80,3,3
39993,88,85,3,3
39994,129,123,6,6
39995,91,79,12,12
39996,115,106,9,9
39997,96,99,-3,3
39998,177,173,4,4
39999,109,112,-3,3
40000,91,92,-1,1
40001,102,101,1,1
40002,75,70,5,5
40003,67,72,-5,5
40004,85,86,-1,1
40005,133,127,6,6
40006,122,117,5,5
40007,99,102,-3,3
40008,72,77,-5,5
40009,80,84,-4,4
40010,61,63,-2,2
40011,118,110,8,8
40012,112,114,-2,2
40013,69,78,-9,9
40014,156,152,4,4
40015,140,134,6,6
40016,55,54,1,1
40017,85,91,-6,6
40018,104,100,4,4
40019,113,111,2,2
40020,61,67,-6,6
40021,110,117,-7,7
40022,142,128,14,14
40023,93,90,3,3
40024,49,55,-6,6
40025,139,141,-2,2
40026,42,50,-8,8
40027,80,75,5,5
40028,138,135,3,3
40029,148,146,2,2
40030,28,47,-19,19
40031,54,64,-10,10
40032,85,77,8,8
40033,84,82,2,2
40034,161,146,15,15
40035,80,79,1,1
40036,108,125,-17,17
40037,91,97,-6,6
40038,92,85,7,7
40039,92,104,-12,12
40040,91,90,1,1
40041,146,134,12,12
40042,59,69,-10,10
40043,109,103,6,6
40044,67,71,-4,4
40045,89,97,-8,8
40046,156,145,11,11
40047,106,103,3,3
40048,71,75,-4,4
40049,161,155,6,6
40050,97,93,4,4
40051,95,91,4,4
40052,128,130,-2,2
40053,79,97,-18,18
40054,127,135,-8,8
40055,88,92,-4,4
40056,63,66,-3,3
40057,47,46,1,1
40058,67,76,-9,9
40059,44,42,2,2
40060,70,67,3,3
40061,59,54,5,5
40062,115,114,1,1
40063,123,128,-5,5
40064,49,49,0,0
40065,81,81,0,0
40066,55,61,-6,6
40067,105,100,5,5
40068,120,120,0,0
40069,95,103,-8,8
40070,73,79,-6,6
40071,76,78,-2,2
40072,95,96,-1,1
40073,35,39,-4,4
40074,85,81,4,4
40075,65,79,-14,14
40076,125,129,-4,4
40077,62,62,0,0
40078,95,100,-5,5
40079,139,136,3,3
40080,77,79,-2,2
40081,65,64,1,1
40082,53,58,-5,5
40083,83,73,10,10
40084,62,54,8,8
40085,74,75,-1,1
40086,32,39,-7,7
40087,67,67,0,0
40088,134,124,10,10
40089,78,82,-4,4
40090,88,85,3,3
40091,81,85,-4,4
40092,60,66,-6,6
40093,117,105,12,12
40094,61,67,-6,6
40095,147,144,3,3
40096,217,197,20,20
40097,84,80,4,4
40098,67,65,2,2
40099,158,173,-15,15
40100,51,64,-13,13
40101,91,98,-7,7
40102,72,68,4,4
40103,121,125,-4,4
40104,76,73,3,3
40105,117,113,4,4
40106,63,66,-3,3
40107,82,89,-7,7
40108,87,101,-14,14
40109,77,75,2,2
40110,67,70,-3,3
40111,129,108,21,21
40112,56,59,-3,3
40113,60,67,-7,7
40114,130,120,10,10
40115,106,117,-11,11
40116,73,72,1,1
40117,89,90,-1,1
40118,85,98,-13,13
40119,71,68,3,3
40120,206,216,-10,10
40121,142,151,-9,9
40122,106,108,-2,2
40123,98,100,-2,2
40124,60,73,-13,13
40125,113,119,-6,6
40126,57,64,-7,7
40127,73,61,12,12
40128,186,158,28,28
40129,87,99,-12,12
40130,122,116,6,6
40131,80,86,-6,6
40132,130,118,12,12
40133,106,103,3,3
40134,175,193,-18,18
40135,135,130,5,5
40136,115,114,1,1
40137,80,80,0,0
40138,125,114,11,11
40139,85,98,-13,13
40140,85,79,6,6
40141,143,138,5,5
40142,92,88,4,4
40143,74,62,12,12
40144,66,76,-10,10
40145,68,69,-1,1
40146,103,97,6,6
40147,82,82,0,0
40148,57,59,-2,2
40149,102,114,-12,12
40150,117,119,-2,2
40151,79,83,-4,4
40152,179,155,24,24
40153,111,121,-10,10
40154,59,62,-3,3
40155,90,88,2,2
40156,82,108,-26,26
40157,120,118,2,2
40158,89,90,-1,1
40159,76,74,2,2
40160,74,69,5,5
40161,54,57,-3,3
40162,51,57,-6,6
40163,71,75,-4,4
40164,116,104,12,12
40165,84,79,5,5
40166,107,104,3,3
40167,83,81,2,2
40168,170,159,11,11
40169,118,120,-2,2
40170,115,111,4,4
40171,78,87,-9,9
40172,155,150,5,5
40173,143,146,-3,3
40174,80,87,-7,7
40175,64,76,-12,12
40176,97,88,9,9
40177,92,89,3,3
40178,63,69,-6,6
40179,196,171,25,25
40180,70,80,-10,10
40181,95,99,-4,4
40182,73,76,-3,3
40183,64,74,-10,10
40184,86,100,-14,14
40185,93,101,-8,8
40186,81,79,2,2
40187,132,103,29,29
40188,89,70,19,19
40189,80,72,8,8
40190,61,62,-1,1
40191,148,153,-5,5
40192,104,104,0,0
40193,105,109,-4,4
40194,94,88,6,6
40195,72,74,-2,2
40196,71,71,0,0
40197,115,112,3,3
40198,100,100,0,0
40199,64,65,-1,1
40200,88,91,-3,3
40201,175,182,-7,7
40202,153,159,-6,6
40203,58,57,1,1
40204,143,147,-4,4
40205,49,48,1,1
40206,62,62,0,0
40207,72,72,0,0
40208,112,113,-1,1
40209,90,84,6,6
40210,88,86,2,2
40211,92,86,6,6
40212,25,39,-14,14
40213,97,98,-1,1
40214,133,125,8,8
40215,86,87,-1,1
40216,81,78,3,3
40217,164,153,11,11
40218,64,61,3,3
40219,79,77,2,2
40220,108,109,-1,1
40221,62,71,-9,9
40222,84,84,0,0
40223,187,186,1,1
40224,70,80,-10,10
40225,119,108,11,11
40226,86,98,-12,12
40227,118,114,4,4
40228,79,83,-4,4
40229,77,78,-1,1
40230,85,92,-7,7
40231,107,99,8,8
40232,76,78,-2,2
40233,54,50,4,4
40234,66,69,-3,3
40235,64,73,-9,9
40236,56,54,2,2
40237,147,154,-7,7
40238,92,71,21,21
40239,119,115,4,4
40240,61,75,-14,14
40241,112,108,4,4
40242,116,122,-6,6
40243,68,78,-10,10
40244,153,148,5,5
40245,114,125,-11,11
40246,115,114,1,1
40247,91,91,0,0
40248,68,69,-1,1
40249,111,108,3,3
40250,79,71,8,8
40251,57,65,-8,8
40252,114,117,-3,3
40253,66,74,-8,8
40254,96,81,15,15
40255,83,98,-15,15
40256,93,83,10,10
40257,83,75,8,8
40258,80,76,4,4
40259,82,84,-2,2
40260,114,114,0,0
40261,49,58,-9,9
40262,67,74,-7,7
40263,79,80,-1,1
40264,77,77,0,0
40265,64,69,-5,5
40266,177,166,11,11
40267,71,76,-5,5
40268,99,92,7,7
40269,90,87,3,3
40270,107,107,0,0
40271,103,95,8,8
40272,144,141,3,3
40273,81,78,3,3
40274,69,73,-4,4
40275,63,82,-19,19
40276,105,108,-3,3
40277,100,91,9,9
40278,118,123,-5,5
40279,89,79,10,10
40280,90,88,2,2
40281,88,91,-3,3
40282,69,69,0,0
40283,59,55,4,4
40284,84,82,2,2
40285,143,143,0,0
40286,112,125,-13,13
40287,143,154,-11,11
40288,78,82,-4,4
40289,38,46,-8,8
40290,107,99,8,8
40291,57,63,-6,6
40292,62,98,-36,36
40293,79,82,-3,3
40294,72,77,-5,5
40295,85,83,2,2
40296,83,88,-5,5
40297,69,69,0,0
40298,62,61,1,1
40299,80,83,-3,3
40300,55,67,-12,12
40301,77,69,8,8
40302,77,90,-13,13
40303,81,90,-9,9
40304,88,84,4,4
40305,75,85,-10,10
40306,103,108,-5,5
40307,63,62,1,1
40308,115,104,11,11
40309,149,152,-3,3
40310,48,51,-3,3
40311,67,64,3,3
40312,167,146,21,21
40313,116,116,0,0
40314,40,50,-10,10
40315,93,99,-6,6
40316,98,93,5,5
40317,105,99,6,6
40318,150,141,9,9
40319,174,149,25,25
40320,156,133,23,23
40321,61,100,-39,39
40322,124,131,-7,7
40323,61,61,0,0
40324,58,62,-4,4
40325,147,149,-2,2
40326,80,89,-9,9
40327,115,106,9,9
40328,139,134,5,5
40329,73,75,-2,2
40330,208,200,8,8
40331,92,100,-8,8
40332,63,56,7,7
40333,126,118,8,8
40334,31,34,-3,3
40335,55,74,-19,19
40336,154,147,7,7
40337,110,113,-3,3
40338,62,63,-1,1
40339,124,119,5,5
40340,81,75,6,6
40341,78,73,5,5
40342,122,133,-11,11
40343,110,122,-12,12
40344,100,86,14,14
40345,112,112,0,0
40346,58,58,0,0
40347,92,90,2,2
40348,143,141,2,2
40349,76,75,1,1
40350,62,70,-8,8
40351,72,77,-5,5
40352,96,102,-6,6
40353,98,100,-2,2
40354,209,185,24,24
40355,81,80,1,1
40356,65,72,-7,7
40357,111,101,10,10
40358,158,152,6,6
40359,106,113,-7,7
40360,124,117,7,7
40361,90,82,8,8
40362,95,98,-3,3
40363,86,89,-3,3
40364,89,82,7,7
40365,59,71,-12,12
40366,132,120,12,12
40367,91,76,15,15
40368,90,85,5,5
40369,85,85,0,0
40370,77,89,-12,12
40371,68,64,4,4
40372,77,87,-10,10
40373,125,132,-7,7
40374,53,53,0,0
40375,100,108,-8,8
40376,128,130,-2,2
40377,78,72,6,6
40378,73,91,-18,18
40379,79,80,-1,1
40380,89,93,-4,4
40381,101,106,-5,5
40382,93,109,-16,16
40383,93,94,-1,1
40384,62,65,-3,3
40385,113,116,-3,3
40386,117,113,4,4
40387,133,127,6,6
40388,107,115,-8,8
40389,64,87,-23,23
40390,48,52,-4,4
40391,103,103,0,0
40392,91,101,-10,10
40393,121,127,-6,6
40394,109,114,-5,5
40395,92,96,-4,4
40396,118,110,8,8
40397,82,85,-3,3
40398,76,70,6,6
40399,98,88,10,10
40400,118,108,10,10
40401,124,132,-8,8
40402,120,106,14,14
40403,85,91,-6,6
40404,112,109,3,3
40405,88,88,0,0
40406,65,62,3,3
40407,48,51,-3,3
40408,66,77,-11,11
40409,106,83,23,23
40410,174,150,24,24
40411,161,152,9,9
40412,42,84,-42,42
40413,65,73,-8,8
40414,47,57,-10,10
40415,100,111,-11,11
40416,91,88,3,3
40417,59,63,-4,4
40418,77,86,-9,9
40419,83,80,3,3
40420,91,86,5,5
40421,91,85,6,6
40422,163,160,3,3
40423,89,84,5,5
40424,144,150,-6,6
40425,107,114,-7,7
40426,75,71,4,4
40427,210,214,-4,4
40428,168,165,3,3
40429,116,104,12,12
40430,67,79,-12,12
40431,66,69,-3,3
40432,23,37,-14,14
40433,99,98,1,1
40434,66,69,-3,3
40435,56,58,-2,2
40436,92,91,1,1
40437,132,125,7,7
40438,67,73,-6,6
40439,42,41,1,1
40440,123,124,-1,1
40441,44,49,-5,5
40442,117,117,0,0
40443,109,108,1,1
40444,106,104,2,2
40445,92,97,-5,5
40446,88,82,6,6
40447,74,77,-3,3
40448,114,128,-14,14
40449,146,131,15,15
40450,105,104,1,1
40451,91,94,-3,3
40452,124,121,3,3
40453,178,169,9,9
40454,98,99,-1,1
40455,145,153,-8,8
40456,76,78,-2,2
40457,100,101,-1,1
40458,128,111,17,17
40459,152,147,5,5
40460,40,46,-6,6
40461,65,72,-7,7
40462,107,112,-5,5
40463,90,88,2,2
40464,100,108,-8,8
40465,71,85,-14,14
40466,55,60,-5,5
40467,80,76,4,4
40468,131,109,22,22
40469,28,39,-11,11
40470,93,101,-8,8
40471,149,159,-10,10
40472,88,90,-2,2
40473,50,56,-6,6
40474,82,91,-9,9
40475,125,119,6,6
40476,131,118,13,13
40477,93,103,-10,10
40478,83,81,2,2
40479,149,155,-6,6
40480,74,81,-7,7
40481,124,126,-2,2
40482,174,154,20,20
40483,83,113,-30,30
40484,119,124,-5,5
40485,85,80,5,5
40486,70,66,4,4
40487,197,193,4,4
40488,131,126,5,5
40489,130,122,8,8
40490,73,79,-6,6
40491,97,93,4,4
40492,85,92,-7,7
40493,198,174,24,24
40494,100,98,2,2
40495,81,92,-11,11
40496,71,76,-5,5
40497,97,101,-4,4
40498,77,89,-12,12
40499,88,88,0,0
40500,90,83,7,7
40501,74,76,-2,2
40502,70,76,-6,6
40503,63,60,3,3
40504,149,140,9,9
40505,97,88,9,9
40506,65,70,-5,5
40507,81,80,1,1
40508,100,102,-2,2
40509,79,96,-17,17
40510,106,108,-2,2
40511,79,83,-4,4
40512,137,136,1,1
40513,82,88,-6,6
40514,68,61,7,7
40515,100,91,9,9
40516,40,47,-7,7
40517,57,57,0,0
40518,73,78,-5,5
40519,85,89,-4,4
40520,135,128,7,7
40521,126,124,2,2
40522,158,152,6,6
40523,110,109,1,1
40524,125,131,-6,6
40525,115,110,5,5
40526,112,116,-4,4
40527,71,77,-6,6
40528,121,138,-17,17
40529,97,108,-11,11
40530,104,105,-1,1
40531,97,100,-3,3
40532,54,60,-6,6
40533,76,78,-2,2
40534,132,110,22,22
40535,98,104,-6,6
40536,107,106,1,1
40537,119,114,5,5
40538,125,120,5,5
40539,96,104,-8,8
40540,49,54,-5,5
40541,89,76,13,13
40542,101,94,7,7
40543,86,100,-14,14
40544,43,49,-6,6
40545,40,42,-2,2
40546,109,108,1,1
40547,49,59,-10,10
40548,99,103,-4,4
40549,120,100,20,20
40550,70,84,-14,14
40551,177,160,17,17
40552,59,70,-11,11
40553,90,92,-2,2
40554,99,101,-2,2
40555,99,103,-4,4
40556,113,104,9,9
40557,87,87,0,0
40558,120,120,0,0
40559,122,107,15,15
40560,156,153,3,3
40561,90,83,7,7
40562,109,110,-1,1
40563,59,70,-11,11
40564,110,115,-5,5
40565,64,67,-3,3
40566,76,77,-1,1
40567,93,88,5,5
40568,81,87,-6,6
40569,155,148,7,7
40570,77,90,-13,13
40571,52,55,-3,3
40572,48,55,-7,7
40573,94,100,-6,6
40574,72,80,-8,8
40575,78,94,-16,16
40576,108,105,3,3
40577,74,84,-10,10
40578,67,64,3,3
40579,88,85,3,3
40580,127,125,2,2
40581,88,106,-18,18
40582,53,70,-17,17
40583,101,104,-3,3
40584,105,104,1,1
40585,120,120,0,0
40586,63,74,-11,11
40587,50,55,-5,5
40588,67,69,-2,2
40589,121,124,-3,3
40590,76,78,-2,2
40591,95,79,16,16
40592,97,101,-4,4
40593,63,71,-8,8
40594,135,130,5,5
40595,61,62,-1,1
40596,79,78,1,1
40597,133,125,8,8
40598,97,106,-9,9
40599,78,66,12,12
40600,96,92,4,4
40601,47,50,-3,3
40602,139,126,13,13
40603,99,99,0,0
40604,113,104,9,9
40605,94,91,3,3
40606,100,107,-7,7
40607,71,79,-8,8
40608,102,109,-7,7
40609,113,112,1,1
40610,85,84,1,1
40611,75,63,12,12
40612,62,58,4,4
40613,111,90,21,21
40614,80,77,3,3
40615,117,117,0,0
40616,107,108,-1,1
40617,75,77,-2,2
40618,82,84,-2,2
40619,73,76,-3,3
40620,110,110,0,0
40621,115,110,5,5
40622,151,145,6,6
40623,60,65,-5,5
40624,51,58,-7,7
40625,76,69,7,7
40626,115,108,7,7
40627,79,80,-1,1
40628,85,87,-2,2
40629,84,85,-1,1
40630,136,124,12,12
40631,76,79,-3,3
40632,30,46,-16,16
40633,141,136,5,5
40634,83,78,5,5
40635,81,87,-6,6
40636,79,86,-7,7
40637,113,114,-1,1
40638,88,81,7,7
40639,145,169,-24,24
40640,156,152,4,4
40641,80,91,-11,11
40642,103,103,0,0
40643,116,115,1,1
40644,76,71,5,5
40645,123,126,-3,3
40646,93,92,1,1
40647,103,112,-9,9
40648,67,67,0,0
40649,102,112,-10,10
40650,92,81,11,11
40651,86,85,1,1
40652,56,61,-5,5
40653,80,84,-4,4
40654,137,134,3,3
40655,48,59,-11,11
40656,87,72,15,15
40657,112,120,-8,8
40658,74,70,4,4
40659,87,87,0,0
40660,101,109,-8,8
40661,58,64,-6,6
40662,116,112,4,4
40663,97,97,0,0
40664,65,64,1,1
40665,98,87,11,11
40666,98,90,8,8
40667,156,148,8,8
40668,88,88,0,0
40669,85,97,-12,12
40670,64,60,4,4
40671,72,75,-3,3
40672,107,116,-9,9
40673,87,104,-17,17
40674,115,111,4,4
40675,102,95,7,7
40676,120,113,7,7
40677,87,94,-7,7
40678,81,83,-2,2
40679,53,59,-6,6
40680,71,87,-16,16
40681,78,77,1,1
40682,104,100,4,4
40683,113,121,-8,8
40684,51,48,3,3
40685,65,73,-8,8
40686,109,131,-22,22
40687,78,83,-5,5
40688,105,98,7,7
40689,93,101,-8,8
40690,103,104,-1,1
40691,113,103,10,10
40692,77,88,-11,11
40693,135,130,5,5
40694,82,72,10,10
40695,84,84,0,0
40696,56,67,-11,11
40697,54,58,-4,4
40698,146,132,14,14
40699,149,141,8,8
40700,91,83,8,8
40701,61,62,-1,1
40702,117,126,-9,9
40703,46,48,-2,2
40704,159,158,1,1
40705,94,87,7,7
40706,153,139,14,14
40707,108,105,3,3
40708,85,79,6,6
40709,69,73,-4,4
40710,295,271,24,24
40711,74,78,-4,4
40712,103,105,-2,2
40713,80,76,4,4
40714,68,71,-3,3
40715,120,127,-7,7
40716,86,86,0,0
40717,118,113,5,5
40718,74,79,-5,5
40719,99,85,14,14
40720,76,71,5,5
40721,134,126,8,8
40722,97,109,-12,12
40723,66,75,-9,9
40724,92,103,-11,11
40725,50,55,-5,5
40726,83,89,-6,6
40727,98,103,-5,5
40728,72,72,0,0
40729,71,73,-2,2
40730,71,79,-8,8
40731,78,84,-6,6
40732,81,85,-4,4
40733,126,128,-2,2
40734,71,70,1,1
40735,70,72,-2,2
40736,141,138,3,3
40737,75,73,2,2
40738,85,79,6,6
40739,89,90,-1,1
40740,82,83,-1,1
40741,174,157,17,17
40742,77,76,1,1
40743,113,116,-3,3
40744,165,163,2,2
40745,55,54,1,1
40746,94,84,10,10
40747,81,84,-3,3
40748,103,102,1,1
40749,87,84,3,3
40750,68,85,-17,17
40751,205,208,-3,3
40752,85,86,-1,1
40753,66,66,0,0
40754,68,68,0,0
40755,87,86,1,1
40756,101,98,3,3
40757,115,115,0,0
40758,69,66,3,3
40759,144,136,8,8
40760,97,99,-2,2
40761,107,111,-4,4
40762,88,101,-13,13
40763,138,134,4,4
40764,90,81,9,9
40765,129,139,-10,10
40766,66,69,-3,3
40767,75,77,-2,2
40768,118,114,4,4
40769,99,98,1,1
40770,77,72,5,5
40771,89,87,2,2
40772,95,100,-5,5
40773,56,57,-1,1
40774,115,115,0,0
40775,59,61,-2,2
40776,117,118,-1,1
40777,110,113,-3,3
40778,120,102,18,18
40779,98,83,15,15
40780,121,123,-2,2
40781,100,86,14,14
40782,85,84,1,1
40783,106,106,0,0
40784,165,151,14,14
40785,65,72,-7,7
40786,58,60,-2,2
40787,165,158,7,7
40788,56,62,-6,6
40789,62,69,-7,7
40790,85,78,7,7
40791,93,101,-8,8
40792,57,62,-5,5
40793,97,101,-4,4
40794,96,102,-6,6
40795,45,50,-5,5
40796,114,115,-1,1
40797,77,68,9,9
40798,77,85,-8,8
40799,89,83,6,6
40800,70,71,-1,1
40801,84,89,-5,5
40802,89,107,-18,18
40803,104,110,-6,6
40804,88,85,3,3
40805,68,69,-1,1
40806,67,72,-5,5
40807,51,55,-4,4
40808,144,152,-8,8
40809,135,132,3,3
40810,89,89,0,0
40811,122,117,5,5
40812,110,106,4,4
40813,81,82,-1,1
40814,147,154,-7,7
40815,60,64,-4,4
40816,137,145,-8,8
40817,110,111,-1,1
40818,125,124,1,1
40819,89,93,-4,4
40820,129,140,-11,11
40821,70,62,8,8
40822,149,156,-7,7
40823,72,80,-8,8
40824,96,101,-5,5
40825,76,80,-4,4
40826,154,151,3,3
40827,220,198,22,22
40828,106,109,-3,3
40829,95,103,-8,8
40830,158,163,-5,5
40831,140,140,0,0
40832,86,87,-1,1
40833,96,84,12,12
40834,100,99,1,1
40835,70,83,-13,13
40836,64,66,-2,2
40837,147,145,2,2
40838,75,77,-2,2
40839,80,79,1,1
40840,161,150,11,11
40841,83,106,-23,23
40842,89,80,9,9
40843,169,162,7,7
40844,85,87,-2,2
40845,151,157,-6,6
40846,85,80,5,5
40847,61,68,-7,7
40848,62,65,-3,3
40849,118,113,5,5
40850,97,94,3,3
40851,118,114,4,4
40852,104,90,14,14
40853,44,46,-2,2
40854,101,100,1,1
40855,69,72,-3,3
40856,52,54,-2,2
40857,115,117,-2,2
40858,56,57,-1,1
40859,110,123,-13,13
40860,96,122,-26,26
40861,88,86,2,2
40862,94,99,-5,5
40863,60,62,-2,2
40864,108,110,-2,2
40865,114,106,8,8
40866,87,87,0,0
40867,102,103,-1,1
40868,75,69,6,6
40869,56,55,1,1
40870,123,130,-7,7
40871,29,42,-13,13
40872,70,83,-13,13
40873,87,84,3,3
40874,48,62,-14,14
40875,108,101,7,7
40876,164,165,-1,1
40877,125,113,12,12
40878,66,66,0,0
40879,190,181,9,9
40880,91,89,2,2
40881,116,98,18,18
40882,96,99,-3,3
40883,86,84,2,2
40884,157,165,-8,8
40885,149,137,12,12
40886,54,57,-3,3
40887,81,83,-2,2
40888,97,103,-6,6
40889,128,123,5,5
40890,96,102,-6,6
40891,121,124,-3,3
40892,131,127,4,4
40893,133,122,11,11
40894,130,127,3,3
40895,97,91,6,6
40896,68,76,-8,8
40897,118,109,9,9
40898,91,88,3,3
40899,90,107,-17,17
40900,65,66,-1,1
40901,143,131,12,12
40902,80,68,12,12
40903,96,81,15,15
40904,104,101,3,3
40905,112,115,-3,3
40906,86,86,0,0
40907,91,97,-6,6
40908,205,179,26,26
40909,73,84,-11,11
40910,101,99,2,2
40911,73,77,-4,4
40912,90,84,6,6
40913,191,194,-3,3
40914,90,96,-6,6
40915,149,149,0,0
40916,73,85,-12,12
40917,152,154,-2,2
40918,115,111,4,4
40919,88,97,-9,9
40920,86,83,3,3
40921,103,103,0,0
40922,37,39,-2,2
40923,83,78,5,5
40924,76,67,9,9
40925,56,58,-2,2
40926,130,123,7,7
40927,67,64,3,3
40928,78,75,3,3
40929,105,107,-2,2
40930,101,101,0,0
40931,88,85,3,3
40932,83,87,-4,4
40933,108,110,-2,2
40934,67,66,1,1
40935,107,105,2,2
40936,43,39,4,4
40937,71,79,-8,8
40938,99,89,10,10
40939,120,128,-8,8
40940,132,121,11,11
40941,30,36,-6,6
40942,88,89,-1,1
40943,82,100,-18,18
40944,59,68,-9,9
40945,68,73,-5,5
40946,120,108,12,12
40947,60,62,-2,2
40948,103,102,1,1
40949,110,108,2,2
40950,114,112,2,2
40951,90,88,2,2
40952,192,182,10,10
40953,100,103,-3,3
40954,119,121,-2,2
40955,91,85,6,6
40956,98,99,-1,1
40957,51,52,-1,1
40958,94,90,4,4
40959,98,105,-7,7
40960,71,70,1,1
40961,106,120,-14,14
40962,78,82,-4,4
40963,66,73,-7,7
40964,79,84,-5,5
40965,85,86,-1,1
40966,147,148,-1,1
40967,68,67,1,1
40968,66,66,0,0
40969,81,79,2,2
40970,133,131,2,2
40971,120,114,6,6
40972,71,76,-5,5
40973,169,171,-2,2
40974,159,151,8,8
40975,57,66,-9,9
40976,73,75,-2,2
40977,44,45,-1,1
40978,85,88,-3,3
40979,49,63,-14,14
40980,54,57,-3,3
40981,89,84,5,5
40982,62,71,-9,9
40983,88,84,4,4
40984,93,104,-11,11
40985,66,66,0,0
40986,69,69,0,0
40987,138,150,-12,12
40988,88,90,-2,2
40989,102,105,-3,3
40990,45,45,0,0
40991,48,51,-3,3
40992,106,112,-6,6
40993,158,135,23,23
40994,125,120,5,5
40995,64,81,-17,17
40996,153,155,-2,2
40997,66,68,-2,2
40998,87,90,-3,3
40999,90,87,3,3
41000,105,107,-2,2
41001,51,50,1,1
41002,148,137,11,11
41003,123,133,-10,10
41004,59,59,0,0
41005,88,78,10,10
41006,91,91,0,0
41007,77,81,-4,4
41008,98,98,0,0
41009,84,89,-5,5
41010,97,90,7,7
41011,129,119,10,10
41012,158,160,-2,2
41013,99,106,-7,7
41014,153,154,-1,1
41015,140,126,14,14
41016,97,89,8,8
41017,116,121,-5,5
41018,108,105,3,3
41019,117,117,0,0
41020,112,110,2,2
41021,70,74,-4,4
41022,117,125,-8,8
41023,186,180,6,6
41024,88,88,0,0
41025,40,45,-5,5
41026,69,74,-5,5
41027,138,125,13,13
41028,68,74,-6,6
41029,194,172,22,22
41030,141,136,5,5
41031,66,77,-11,11
41032,87,98,-11,11
41033,112,113,-1,1
41034,120,108,12,12
41035,117,111,6,6
41036,116,118,-2,2
41037,113,124,-11,11
41038,109,120,-11,11
41039,116,113,3,3
41040,107,103,4,4
41041,156,143,13,13
41042,54,58,-4,4
41043,96,92,4,4
41044,116,113,3,3
41045,105,101,4,4
41046,53,55,-2,2
41047,146,137,9,9
41048,111,124,-13,13
41049,55,54,1,1
41050,130,124,6,6
41051,89,86,3,3
41052,99,114,-15,15
41053,101,94,7,7
41054,107,111,-4,4
41055,56,60,-4,4
41056,72,74,-2,2
41057,141,138,3,3
41058,49,55,-6,6
41059,50,49,1,1
41060,106,98,8,8
41061,71,70,1,1
41062,82,100,-18,18
41063,112,106,6,6
41064,114,119,-5,5
41065,91,95,-4,4
41066,79,76,3,3
41067,87,90,-3,3
41068,72,70,2,2
41069,140,141,-1,1
41070,79,86,-7,7
41071,103,89,14,14
41072,105,108,-3,3
41073,80,78,2,2
41074,63,65,-2,2
41075,89,83,6,6
41076,58,64,-6,6
41077,71,67,4,4
41078,91,92,-1,1
41079,64,60,4,4
41080,134,129,5,5
41081,144,144,0,0
41082,46,68,-22,22
41083,79,90,-11,11
41084,137,122,15,15
41085,71,71,0,0
41086,88,84,4,4
41087,99,89,10,10
41088,77,78,-1,1
41089,71,73,-2,2
41090,66,66,0,0
41091,57,66,-9,9
41092,107,110,-3,3
41093,157,155,2,2
41094,59,68,-9,9
41095,107,119,-12,12
41096,150,137,13,13
41097,97,102,-5,5
41098,56,58,-2,2
41099,122,119,3,3
41100,118,110,8,8
41101,98,79,19,19
41102,87,93,-6,6
41103,84,75,9,9
41104,67,68,-1,1
41105,97,100,-3,3
41106,110,112,-2,2
41107,75,78,-3,3
41108,49,57,-8,8
41109,121,132,-11,11
41110,124,125,-1,1
41111,86,87,-1,1
41112,91,93,-2,2
41113,74,69,5,5
41114,87,78,9,9
41115,61,66,-5,5
41116,76,83,-7,7
41117,169,168,1,1
41118,79,80,-1,1
41119,85,98,-13,13
41120,129,121,8,8
41121,68,71,-3,3
41122,88,112,-24,24
41123,136,123,13,13
41124,81,82,-1,1
41125,143,152,-9,9
41126,66,66,0,0
41127,90,100,-10,10
41128,69,70,-1,1
41129,129,132,-3,3
41130,77,83,-6,6
41131,128,130,-2,2
41132,110,114,-4,4
41133,125,125,0,0
41134,82,79,3,3
41135,147,136,11,11
41136,77,78,-1,1
41137,81,72,9,9
41138,91,90,1,1
41139,106,93,13,13
41140,65,71,-6,6
41141,59,59,0,0
41142,107,114,-7,7
41143,75,87,-12,12
41144,86,101,-15,15
41145,92,89,3,3
41146,87,89,-2,2
41147,115,127,-12,12
41148,70,73,-3,3
41149,78,68,10,10
41150,77,76,1,1
41151,142,154,-12,12
41152,161,158,3,3
41153,145,135,10,10
41154,102,104,-2,2
41155,68,71,-3,3
41156,81,86,-5,5
41157,92,86,6,6
41158,91,93,-2,2
41159,87,86,1,1
41160,168,163,5,5
41161,58,59,-1,1
41162,119,105,14,14
41163,55,51,4,4
41164,69,70,-1,1
41165,69,71,-2,2
41166,99,102,-3,3
41167,72,73,-1,1
41168,82,86,-4,4
41169,134,129,5,5
41170,88,83,5,5
41171,61,66,-5,5
41172,77,79,-2,2
41173,106,104,2,2
41174,89,90,-1,1
41175,90,87,3,3
41176,102,111,-9,9
41177,77,76,1,1
41178,63,65,-2,2
41179,76,80,-4,4
41180,67,65,2,2
41181,64,74,-10,10
41182,66,71,-5,5
41183,126,125,1,1
41184,91,105,-14,14
41185,148,130,18,18
41186,111,104,7,7
41187,58,67,-9,9
41188,93,87,6,6
41189,80,74,6,6
41190,173,165,8,8
41191,80,80,0,0
41192,117,111,6,6
41193,69,60,9,9
41194,115,114,1,1
41195,122,112,10,10
41196,76,79,-3,3
41197,89,74,15,15
41198,92,110,-18,18
41199,101,99,2,2
41200,156,148,8,8
41201,88,88,0,0
41202,61,63,-2,2
41203,80,77,3,3
41204,128,124,4,4
41205,101,99,2,2
41206,114,112,2,2
41207,142,124,18,18
41208,53,53,0,0
41209,138,134,4,4
41210,49,50,-1,1
41211,146,132,14,14
41212,91,86,5,5
41213,136,147,-11,11
41214,60,70,-10,10
41215,147,139,8,8
41216,86,87,-1,1
41217,71,73,-2,2
41218,127,155,-28,28
41219,62,68,-6,6
41220,109,105,4,4
41221,69,72,-3,3
41222,186,186,0,0
41223,44,49,-5,5
41224,39,38,1,1
41225,89,93,-4,4
41226,113,117,-4,4
41227,65,64,1,1
41228,63,69,-6,6
41229,61,67,-6,6
41230,132,123,9,9
41231,70,73,-3,3
41232,179,169,10,10
41233,103,110,-7,7
41234,118,112,6,6
41235,71,72,-1,1
41236,156,143,13,13
41237,95,90,5,5
41238,108,114,-6,6
41239,92,92,0,0
41240,125,113,12,12
41241,103,91,12,12
41242,87,75,12,12
41243,57,67,-10,10
41244,95,93,2,2
41245,207,212,-5,5
41246,72,77,-5,5
41247,158,157,1,1
41248,78,81,-3,3
41249,59,61,-2,2
41250,77,65,12,12
41251,78,75,3,3
41252,120,109,11,11
41253,137,135,2,2
41254,71,66,5,5
41255,117,114,3,3
41256,97,100,-3,3
41257,108,110,-2,2
41258,64,70,-6,6
41259,125,118,7,7
41260,57,53,4,4
41261,47,55,-8,8
41262,110,100,10,10
41263,173,179,-6,6
41264,70,65,5,5
41265,112,109,3,3
41266,69,72,-3,3
41267,95,92,3,3
41268,50,50,0,0
41269,60,63,-3,3
41270,108,113,-5,5
41271,88,87,1,1
41272,141,161,-20,20
41273,65,68,-3,3
41274,111,124,-13,13
41275,110,102,8,8
41276,156,131,25,25
41277,70,89,-19,19
41278,77,83,-6,6
41279,111,108,3,3
41280,77,76,1,1
41281,132,149,-17,17
41282,94,85,9,9
41283,87,89,-2,2
41284,71,77,-6,6
41285,69,76,-7,7
41286,57,60,-3,3
41287,63,70,-7,7
41288,170,170,0,0
41289,99,96,3,3
41290,91,91,0,0
41291,75,80,-5,5
41292,155,151,4,4
41293,169,163,6,6
41294,121,112,9,9
41295,56,61,-5,5
41296,73,74,-1,1
41297,142,80,62,62
41298,76,84,-8,8
41299,117,122,-5,5
41300,113,121,-8,8
41301,63,56,7,7
41302,146,135,11,11
41303,71,69,2,2
41304,68,69,-1,1
41305,96,100,-4,4
41306,64,70,-6,6
41307,79,71,8,8
41308,77,78,-1,1
41309,54,59,-5,5
41310,81,84,-3,3
41311,106,111,-5,5
41312,130,119,11,11
41313,63,59,4,4
41314,74,78,-4,4
41315,87,88,-1,1
41316,97,98,-1,1
41317,136,145,-9,9
41318,78,76,2,2
41319,114,106,8,8
41320,172,194,-22,22
41321,69,86,-17,17
41322,55,66,-11,11
41323,68,67,1,1
41324,84,81,3,3
41325,64,65,-1,1
41326,44,49,-5,5
41327,98,92,6,6
41328,118,127,-9,9
41329,115,109,6,6
41330,151,146,5,5
41331,66,67,-1,1
41332,150,136,14,14
41333,94,89,5,5
41334,83,88,-5,5
41335,138,129,9,9
41336,96,100,-4,4
41337,117,115,2,2
41338,32,37,-5,5
41339,167,161,6,6
41340,162,147,15,15
41341,120,126,-6,6
41342,84,88,-4,4
41343,64,66,-2,2
41344,147,145,2,2
41345,74,80,-6,6
41346,42,57,-15,15
41347,65,78,-13,13
41348,87,79,8,8
41349,101,109,-8,8
41350,64,66,-2,2
41351,54,65,-11,11
41352,99,105,-6,6
41353,60,66,-6,6
41354,62,65,-3,3
41355,134,125,9,9
41356,79,84,-5,5
41357,74,74,0,0
41358,103,114,-11,11
41359,160,166,-6,6
41360,103,101,2,2
41361,96,100,-4,4
41362,66,61,5,5
41363,72,68,4,4
41364,69,75,-6,6
41365,115,111,4,4
41366,74,71,3,3
41367,47,55,-8,8
41368,116,105,11,11
41369,75,81,-6,6
41370,74,86,-12,12
41371,138,132,6,6
41372,83,85,-2,2
41373,78,78,0,0
41374,144,136,8,8
41375,94,91,3,3
41376,91,89,2,2
41377,97,104,-7,7
41378,79,78,1,1
41379,87,88,-1,1
41380,50,58,-8,8
41381,61,61,0,0
41382,66,78,-12,12
41383,83,82,1,1
41384,69,64,5,5
41385,117,108,9,9
41386,123,116,7,7
41387,152,130,22,22
41388,53,52,1,1
41389,41,68,-27,27
41390,120,111,9,9
41391,50,57,-7,7
41392,103,104,-1,1
41393,59,75,-16,16
41394,146,130,16,16
41395,74,65,9,9
41396,119,113,6,6
41397,100,104,-4,4
41398,109,103,6,6
41399,140,131,9,9
41400,104,103,1,1
41401,118,125,-7,7
41402,129,119,10,10
41403,62,60,2,2
41404,80,82,-2,2
41405,67,71,-4,4
41406,45,52,-7,7
41407,111,116,-5,5
41408,110,115,-5,5
41409,68,71,-3,3
41410,84,101,-17,17
41411,132,117,15,15
41412,67,67,0,0
41413,66,72,-6,6
41414,53,73,-20,20
41415,88,91,-3,3
41416,115,120,-5,5
41417,142,149,-7,7
41418,134,138,-4,4
41419,108,111,-3,3
41420,63,67,-4,4
41421,68,64,4,4
41422,96,86,10,10
41423,73,79,-6,6
41424,88,92,-4,4
41425,107,99,8,8
41426,114,130,-16,16
41427,132,131,1,1
41428,64,73,-9,9
41429,73,72,1,1
41430,109,104,5,5
41431,65,65,0,0
41432,138,116,22,22
41433,103,93,10,10
41434,132,126,6,6
41435,67,68,-1,1
41436,70,73,-3,3
41437,114,128,-14,14
41438,54,61,-7,7
41439,87,82,5,5
41440,57,64,-7,7
41441,163,167,-4,4
41442,83,85,-2,2
41443,48,56,-8,8
41444,62,72,-10,10
41445,110,105,5,5
41446,64,63,1,1
41447,154,150,4,4
41448,119,115,4,4
41449,81,87,-6,6
41450,76,75,1,1
41451,125,107,18,18
41452,82,80,2,2
41453,140,138,2,2
41454,58,59,-1,1
41455,90,80,10,10
41456,94,89,5,5
41457,70,75,-5,5
41458,126,121,5,5
41459,42,48,-6,6
41460,96,90,6,6
41461,144,130,14,14
41462,84,77,7,7
41463,91,87,4,4
41464,89,84,5,5
41465,68,74,-6,6
41466,74,75,-1,1
41467,73,73,0,0
41468,95,87,8,8
41469,141,129,12,12
41470,144,132,12,12
41471,115,119,-4,4
41472,126,113,13,13
41473,81,77,4,4
41474,70,66,4,4
41475,101,107,-6,6
41476,36,40,-4,4
41477,103,101,2,2
41478,50,56,-6,6
41479,108,99,9,9
41480,168,178,-10,10
41481,89,100,-11,11
41482,128,123,5,5
41483,87,77,10,10
41484,72,62,10,10
41485,166,158,8,8
41486,75,75,0,0
41487,116,119,-3,3
41488,66,67,-1,1
41489,89,99,-10,10
41490,72,81,-9,9
41491,103,117,-14,14
41492,82,86,-4,4
41493,108,110,-2,2
41494,115,104,11,11
41495,154,170,-16,16
41496,96,101,-5,5
41497,70,70,0,0
41498,105,103,2,2
41499,103,109,-6,6
41500,80,82,-2,2
41501,167,140,27,27
41502,131,132,-1,1
41503,87,87,0,0
41504,83,83,0,0
41505,221,201,20,20
41506,67,69,-2,2
41507,114,113,1,1
41508,88,79,9,9
41509,80,78,2,2
41510,183,176,7,7
41511,67,73,-6,6
41512,172,167,5,5
41513,56,53,3,3
41514,60,58,2,2
41515,60,60,0,0
41516,77,81,-4,4
41517,85,77,8,8
41518,64,66,-2,2
41519,88,93,-5,5
41520,143,130,13,13
41521,148,148,0,0
41522,73,74,-1,1
41523,97,101,-4,4
41524,85,98,-13,13
41525,62,57,5,5
41526,82,80,2,2
41527,63,60,3,3
41528,55,54,1,1
41529,133,125,8,8
41530,96,102,-6,6
41531,98,101,-3,3
41532,67,69,-2,2
41533,104,114,-10,10
41534,118,162,-44,44
41535,83,93,-10,10
41536,110,116,-6,6
41537,138,132,6,6
41538,79,75,4,4
41539,75,68,7,7
41540,67,70,-3,3
41541,59,62,-3,3
41542,63,56,7,7
41543,125,122,3,3
41544,156,159,-3,3
41545,88,82,6,6
41546,106,105,1,1
41547,88,85,3,3
41548,126,128,-2,2
41549,71,79,-8,8
41550,109,109,0,0
41551,61,101,-40,40
41552,100,108,-8,8
41553,157,136,21,21
41554,168,161,7,7
41555,110,109,1,1
41556,92,100,-8,8
41557,118,129,-11,11
41558,159,164,-5,5
41559,67,69,-2,2
41560,78,90,-12,12
41561,93,91,2,2
41562,76,76,0,0
41563,156,145,11,11
41564,63,72,-9,9
41565,87,88,-1,1
41566,79,77,2,2
41567,56,59,-3,3
41568,65,65,0,0
41569,99,102,-3,3
41570,90,76,14,14
41571,108,113,-5,5
41572,59,58,1,1
41573,48,73,-25,25
41574,73,72,1,1
41575,111,100,11,11
41576,69,70,-1,1
41577,149,132,17,17
41578,87,78,9,9
41579,87,81,6,6
41580,85,83,2,2
41581,112,103,9,9
41582,78,90,-12,12
41583,74,77,-3,3
41584,85,87,-2,2
41585,77,83,-6,6
41586,113,104,9,9
41587,106,105,1,1
41588,61,69,-8,8
41589,82,89,-7,7
41590,115,119,-4,4
41591,51,58,-7,7
41592,109,92,17,17
41593,61,61,0,0
41594,60,66,-6,6
41595,129,125,4,4
41596,152,128,24,24
41597,90,88,2,2
41598,204,198,6,6
41599,95,88,7,7
41600,81,85,-4,4
41601,75,75,0,0
41602,95,88,7,7
41603,108,111,-3,3
41604,140,131,9,9
41605,47,46,1,1
41606,92,81,11,11
41607,127,131,-4,4
41608,64,75,-11,11
41609,86,76,10,10
41610,83,79,4,4
41611,86,98,-12,12
41612,110,110,0,0
41613,128,136,-8,8
41614,152,149,3,3
41615,106,113,-7,7
41616,71,73,-2,2
41617,70,80,-10,10
41618,71,72,-1,1
41619,80,86,-6,6
41620,10,29,-19,19
41621,95,87,8,8
41622,88,84,4,4
41623,55,45,10,10
41624,96,82,14,14
41625,114,103,11,11
41626,113,108,5,5
41627,115,106,9,9
41628,50,55,-5,5
41629,130,130,0,0
41630,130,126,4,4
41631,85,84,1,1
41632,72,72,0,0
41633,177,167,10,10
41634,90,100,-10,10
41635,131,141,-10,10
41636,68,71,-3,3
41637,46,52,-6,6
41638,96,102,-6,6
41639,161,151,10,10
41640,60,62,-2,2
41641,73,79,-6,6
41642,50,56,-6,6
41643,60,53,7,7
41644,122,115,7,7
41645,136,130,6,6
41646,90,84,6,6
41647,131,128,3,3
41648,95,90,5,5
41649,66,70,-4,4
41650,105,113,-8,8
41651,82,82,0,0
41652,107,104,3,3
41653,61,61,0,0
41654,136,123,13,13
41655,128,140,-12,12
41656,66,74,-8,8
41657,125,125,0,0
41658,69,67,2,2
41659,68,80,-12,12
41660,84,85,-1,1
41661,47,57,-10,10
41662,77,79,-2,2
41663,113,107,6,6
41664,155,157,-2,2
41665,88,98,-10,10
41666,76,75,1,1
41667,104,146,-42,42
41668,43,48,-5,5
41669,69,74,-5,5
41670,94,105,-11,11
41671,121,117,4,4
41672,178,170,8,8
41673,69,66,3,3
41674,113,118,-5,5
41675,118,118,0,0
41676,86,85,1,1
41677,71,73,-2,2
41678,112,110,2,2
41679,114,109,5,5
41680,68,67,1,1
41681,75,72,3,3
41682,103,100,3,3
41683,71,74,-3,3
41684,57,57,0,0
41685,88,86,2,2
41686,165,155,10,10
41687,79,71,8,8
41688,133,134,-1,1
41689,125,115,10,10
41690,91,111,-20,20
41691,117,121,-4,4
41692,108,103,5,5
41693,101,103,-2,2
41694,61,65,-4,4
41695,170,161,9,9
41696,152,148,4,4
41697,86,86,0,0
41698,89,85,4,4
41699,137,130,7,7
41700,107,109,-2,2
41701,145,138,7,7
41702,152,160,-8,8
41703,89,77,12,12
41704,81,77,4,4
41705,102,108,-6,6
41706,85,91,-6,6
41707,70,72,-2,2
41708,85,84,1,1
41709,105,105,0,0
41710,79,64,15,15
41711,55,66,-11,11
41712,94,89,5,5
41713,49,57,-8,8
41714,42,45,-3,3
41715,302,286,16,16
41716,116,110,6,6
41717,68,71,-3,3
41718,81,83,-2,2
41719,98,112,-14,14
41720,120,107,13,13
41721,135,136,-1,1
41722,85,91,-6,6
41723,76,79,-3,3
41724,125,122,3,3
41725,26,30,-4,4
41726,111,93,18,18
41727,152,137,15,15
41728,85,83,2,2
41729,99,104,-5,5
41730,98,106,-8,8
41731,99,99,0,0
41732,81,79,2,2
41733,98,113,-15,15
41734,101,87,14,14
41735,64,68,-4,4
41736,185,183,2,2
41737,97,99,-2,2
41738,93,105,-12,12
41739,65,67,-2,2
41740,89,90,-1,1
41741,53,58,-5,5
41742,96,98,-2,2
41743,133,127,6,6
41744,149,131,18,18
41745,155,148,7,7
41746,86,81,5,5
41747,64,62,2,2
41748,133,126,7,7
41749,119,132,-13,13
41750,70,76,-6,6
41751,57,59,-2,2
41752,56,64,-8,8
41753,55,55,0,0
41754,57,63,-6,6
41755,106,111,-5,5
41756,85,98,-13,13
41757,80,81,-1,1
41758,71,85,-14,14
41759,79,94,-15,15
41760,72,79,-7,7
41761,67,63,4,4
41762,200,189,11,11
41763,55,61,-6,6
41764,103,105,-2,2
41765,80,79,1,1
41766,113,115,-2,2
41767,34,67,-33,33
41768,77,80,-3,3
41769,145,145,0,0
41770,143,149,-6,6
41771,100,100,0,0
41772,53,46,7,7
41773,61,88,-27,27
41774,109,118,-9,9
41775,86,76,10,10
41776,72,76,-4,4
41777,86,91,-5,5
41778,115,128,-13,13
41779,74,81,-7,7
41780,85,83,2,2
41781,97,98,-1,1
41782,111,110,1,1
41783,63,80,-17,17
41784,104,106,-2,2
41785,101,103,-2,2
41786,110,109,1,1
41787,72,79,-7,7
41788,128,127,1,1
41789,74,87,-13,13
41790,108,96,12,12
41791,110,110,0,0
41792,68,67,1,1
41793,41,43,-2,2
41794,153,158,-5,5
41795,115,119,-4,4
41796,58,65,-7,7
41797,45,63,-18,18
41798,92,89,3,3
41799,57,63,-6,6
41800,125,117,8,8
41801,82,90,-8,8
41802,61,66,-5,5
41803,148,137,11,11
41804,72,71,1,1
41805,108,110,-2,2
41806,97,106,-9,9
41807,134,124,10,10
41808,50,49,1,1
41809,66,68,-2,2
41810,61,59,2,2
41811,91,87,4,4
41812,133,129,4,4
41813,131,113,18,18
41814,67,77,-10,10
41815,112,112,0,0
41816,100,113,-13,13
41817,193,183,10,10
41818,90,84,6,6
41819,77,78,-1,1
41820,80,82,-2,2
41821,117,116,1,1
41822,87,91,-4,4
41823,64,70,-6,6
41824,61,64,-3,3
41825,120,126,-6,6
41826,119,119,0,0
41827,137,124,13,13
41828,54,55,-1,1
41829,162,146,16,16
41830,152,164,-12,12
41831,69,66,3,3
41832,80,82,-2,2
41833,92,92,0,0
41834,96,88,8,8
41835,107,112,-5,5
41836,71,75,-4,4
41837,83,89,-6,6
41838,89,92,-3,3
41839,121,118,3,3
41840,81,83,-2,2
41841,112,117,-5,5
41842,147,136,11,11
41843,62,66,-4,4
41844,129,127,2,2
41845,74,81,-7,7
41846,168,148,20,20
41847,47,50,-3,3
41848,128,135,-7,7
41849,49,57,-8,8
41850,56,62,-6,6
41851,89,83,6,6
41852,67,68,-1,1
41853,68,77,-9,9
41854,114,118,-4,4
41855,137,151,-14,14
41856,122,117,5,5
41857,74,77,-3,3
41858,67,63,4,4
41859,129,128,1,1
41860,139,143,-4,4
41861,62,66,-4,4
41862,100,100,0,0
41863,88,86,2,2
41864,64,62,2,2
41865,92,85,7,7
41866,119,137,-18,18
41867,81,82,-1,1
41868,59,57,2,2
41869,106,105,1,1
41870,94,89,5,5
41871,112,102,10,10
41872,80,82,-2,2
41873,101,111,-10,10
41874,135,126,9,9
41875,135,129,6,6
41876,104,99,5,5
41877,85,83,2,2
41878,176,170,6,6
41879,79,78,1,1
41880,69,64,5,5
41881,41,39,2,2
41882,47,45,2,2
41883,67,71,-4,4
41884,69,76,-7,7
41885,51,56,-5,5
41886,73,85,-12,12
41887,108,105,3,3
41888,47,42,5,5
41889,120,127,-7,7
41890,117,114,3,3
41891,91,100,-9,9
41892,110,118,-8,8
41893,82,79,3,3
41894,97,100,-3,3
41895,92,97,-5,5
41896,72,72,0,0
41897,74,64,10,10
41898,80,100,-20,20
41899,49,49,0,0
41900,133,127,6,6
41901,85,87,-2,2
41902,116,115,1,1
41903,72,65,7,7
41904,125,123,2,2
41905,91,92,-1,1
41906,103,103,0,0
41907,110,109,1,1
41908,102,107,-5,5
41909,111,105,6,6
41910,50,68,-18,18
41911,50,53,-3,3
41912,106,106,0,0
41913,79,79,0,0
41914,138,124,14,14
41915,110,120,-10,10
41916,59,61,-2,2
41917,72,72,0,0
41918,190,173,17,17
41919,93,89,4,4
41920,47,49,-2,2
41921,46,59,-13,13
41922,135,130,5,5
41923,56,71,-15,15
41924,67,68,-1,1
41925,101,104,-3,3
41926,78,76,2,2
41927,61,74,-13,13
41928,43,55,-12,12
41929,142,144,-2,2
41930,88,98,-10,10
41931,119,118,1,1
41932,146,132,14,14
41933,93,99,-6,6
41934,109,115,-6,6
41935,105,107,-2,2
41936,98,105,-7,7
41937,75,73,2,2
41938,78,80,-2,2
41939,101,110,-9,9
41940,88,106,-18,18
41941,133,138,-5,5
41942,66,71,-5,5
41943,101,102,-1,1
41944,94,98,-4,4
41945,86,87,-1,1
41946,95,89,6,6
41947,96,105,-9,9
41948,83,81,2,2
41949,119,100,19,19
41950,116,119,-3,3
41951,92,87,5,5
41952,89,100,-11,11
41953,215,222,-7,7
41954,96,100,-4,4
41955,138,131,7,7
41956,73,75,-2,2
41957,72,79,-7,7
41958,83,90,-7,7
41959,119,115,4,4
41960,83,83,0,0
41961,140,129,11,11
41962,164,151,13,13
41963,105,99,6,6
41964,109,92,17,17
41965,100,96,4,4
41966,95,96,-1,1
41967,85,79,6,6
41968,83,84,-1,1
41969,148,146,2,2
41970,95,103,-8,8
41971,110,128,-18,18
41972,104,119,-15,15
41973,125,141,-16,16
41974,110,122,-12,12
41975,109,110,-1,1
41976,87,84,3,3
41977,166,162,4,4
41978,68,82,-14,14
41979,104,93,11,11
41980,127,106,21,21
41981,60,65,-5,5
41982,106,98,8,8
41983,58,64,-6,6
41984,59,58,1,1
41985,98,101,-3,3
41986,150,155,-5,5
41987,107,116,-9,9
41988,75,83,-8,8
41989,95,100,-5,5
41990,82,84,-2,2
41991,101,86,15,15
41992,63,71,-8,8
41993,81,66,15,15
41994,60,64,-4,4
41995,121,118,3,3
41996,110,105,5,5
41997,73,79,-6,6
41998,62,73,-11,11
41999,66,72,-6,6
42000,87,91,-4,4
42001,130,142,-12,12
42002,84,89,-5,5
42003,142,143,-1,1
42004,61,64,-3,3
42005,109,107,2,2
42006,147,140,7,7
42007,37,58,-21,21
42008,246,196,50,50
42009,61,68,-7,7
42010,111,112,-1,1
42011,92,97,-5,5
42012,133,146,-13,13
42013,161,148,13,13
42014,128,138,-10,10
42015,73,65,8,8
42016,115,115,0,0
42017,159,156,3,3
42018,75,73,2,2
42019,85,101,-16,16
42020,79,82,-3,3
42021,103,100,3,3
42022,109,108,1,1
42023,89,91,-2,2
42024,158,160,-2,2
42025,86,90,-4,4
42026,114,103,11,11
42027,145,139,6,6
42028,83,81,2,2
42029,142,145,-3,3
42030,48,55,-7,7
42031,69,72,-3,3
42032,90,109,-19,19
42033,152,138,14,14
42034,72,76,-4,4
42035,93,98,-5,5
42036,59,62,-3,3
42037,142,136,6,6
42038,95,85,10,10
42039,152,137,15,15
42040,87,85,2,2
42041,79,63,16,16
42042,80,81,-1,1
42043,89,91,-2,2
42044,74,71,3,3
42045,78,74,4,4
42046,100,104,-4,4
42047,92,102,-10,10
42048,135,139,-4,4
42049,112,115,-3,3
42050,109,111,-2,2
42051,86,79,7,7
42052,80,77,3,3
42053,92,105,-13,13
42054,93,101,-8,8
42055,111,115,-4,4
42056,64,65,-1,1
42057,96,78,18,18
42058,79,99,-20,20
42059,148,163,-15,15
42060,74,82,-8,8
42061,91,85,6,6
42062,85,84,1,1
42063,104,101,3,3
42064,132,137,-5,5
42065,75,84,-9,9
42066,175,176,-1,1
42067,77,71,6,6
42068,92,98,-6,6
42069,150,144,6,6
42070,35,31,4,4
42071,79,78,1,1
42072,57,64,-7,7
42073,70,59,11,11
42074,117,134,-17,17
42075,84,80,4,4
42076,51,80,-29,29
42077,88,102,-14,14
42078,83,83,0,0
42079,89,79,10,10
42080,79,79,0,0
42081,76,81,-5,5
42082,50,61,-11,11
42083,102,94,8,8
42084,111,128,-17,17
42085,82,87,-5,5
42086,114,126,-12,12
42087,99,86,13,13
42088,111,108,3,3
42089,99,105,-6,6
42090,68,67,1,1
42091,159,141,18,18
42092,78,80,-2,2
42093,43,53,-10,10
42094,64,66,-2,2
42095,77,83,-6,6
42096,38,46,-8,8
42097,39,41,-2,2
42098,87,94,-7,7
42099,89,82,7,7
42100,101,105,-4,4
42101,115,115,0,0
42102,101,99,2,2
42103,52,57,-5,5
42104,68,73,-5,5
42105,57,61,-4,4
42106,97,91,6,6
42107,80,86,-6,6
42108,95,100,-5,5
42109,155,149,6,6
42110,74,77,-3,3
42111,104,99,5,5
42112,63,73,-10,10
42113,28,34,-6,6
42114,96,87,9,9
42115,104,108,-4,4
42116,118,118,0,0
42117,81,75,6,6
42118,58,64,-6,6
42119,85,98,-13,13
42120,59,69,-10,10
42121,91,103,-12,12
42122,120,113,7,7
42123,58,45,13,13
42124,89,79,10,10
42125,101,108,-7,7
42126,89,90,-1,1
42127,68,64,4,4
42128,122,114,8,8
42129,71,80,-9,9
42130,71,73,-2,2
42131,75,99,-24,24
42132,130,134,-4,4
42133,103,92,11,11
42134,114,108,6,6
42135,145,139,6,6
42136,108,106,2,2
42137,102,107,-5,5
42138,107,105,2,2
42139,97,100,-3,3
42140,94,86,8,8
42141,70,73,-3,3
42142,91,91,0,0
42143,92,99,-7,7
42144,60,68,-8,8
42145,83,85,-2,2
42146,92,85,7,7
42147,106,111,-5,5
42148,47,60,-13,13
42149,72,70,2,2
42150,137,133,4,4
42151,69,75,-6,6
42152,69,63,6,6
42153,123,120,3,3
42154,77,81,-4,4
42155,74,69,5,5
42156,144,149,-5,5
42157,132,133,-1,1
42158,109,102,7,7
42159,93,98,-5,5
42160,56,56,0,0
42161,125,120,5,5
42162,54,66,-12,12
42163,127,121,6,6
42164,96,100,-4,4
42165,106,97,9,9
42166,98,102,-4,4
42167,97,99,-2,2
42168,65,65,0,0
42169,91,83,8,8
42170,90,92,-2,2
42171,135,124,11,11
42172,109,124,-15,15
42173,101,103,-2,2
42174,80,83,-3,3
42175,105,110,-5,5
42176,64,68,-4,4
42177,155,155,0,0
42178,119,124,-5,5
42179,76,69,7,7
42180,122,117,5,5
42181,59,63,-4,4
42182,63,62,1,1
42183,92,95,-3,3
42184,101,102,-1,1
42185,100,101,-1,1
42186,88,101,-13,13
42187,98,97,1,1
42188,153,138,15,15
42189,92,88,4,4
42190,76,69,7,7
42191,110,108,2,2
42192,86,89,-3,3
42193,130,127,3,3
42194,126,129,-3,3
42195,78,72,6,6
42196,77,76,1,1
42197,104,108,-4,4
42198,126,138,-12,12
42199,79,76,3,3
42200,117,131,-14,14
42201,45,49,-4,4
42202,100,106,-6,6
42203,83,74,9,9
42204,134,134,0,0
42205,83,81,2,2
42206,90,102,-12,12
42207,86,89,-3,3
42208,89,89,0,0
42209,60,63,-3,3
42210,78,81,-3,3
42211,120,125,-5,5
42212,72,75,-3,3
42213,104,106,-2,2
42214,188,178,10,10
42215,93,90,3,3
42216,159,146,13,13
42217,80,77,3,3
42218,96,105,-9,9
42219,114,118,-4,4
42220,113,118,-5,5
42221,62,73,-11,11
42222,140,137,3,3
42223,157,146,11,11
42224,61,69,-8,8
42225,95,107,-12,12
42226,130,130,0,0
42227,134,142,-8,8
42228,84,87,-3,3
42229,83,80,3,3
42230,96,102,-6,6
42231,85,80,5,5
42232,117,124,-7,7
42233,49,55,-6,6
42234,55,58,-3,3
42235,116,101,15,15
42236,65,68,-3,3
42237,86,86,0,0
42238,58,72,-14,14
42239,55,63,-8,8
42240,109,106,3,3
42241,109,101,8,8
42242,115,114,1,1
42243,131,112,19,19
42244,79,80,-1,1
42245,74,79,-5,5
42246,114,114,0,0
42247,125,117,8,8
42248,90,83,7,7
42249,81,81,0,0
42250,109,103,6,6
42251,90,85,5,5
42252,58,50,8,8
42253,67,71,-4,4
42254,88,80,8,8
42255,71,87,-16,16
42256,118,129,-11,11
42257,109,113,-4,4
42258,75,100,-25,25
42259,38,42,-4,4
42260,173,171,2,2
42261,153,157,-4,4
42262,66,61,5,5
42263,58,61,-3,3
42264,44,51,-7,7
42265,86,79,7,7
42266,100,101,-1,1
42267,86,93,-7,7
42268,106,108,-2,2
42269,80,80,0,0
42270,84,80,4,4
42271,76,76,0,0
42272,96,91,5,5
42273,90,93,-3,3
42274,116,126,-10,10
42275,196,173,23,23
42276,103,102,1,1
42277,95,106,-11,11
42278,68,67,1,1
42279,96,84,12,12
42280,109,102,7,7
42281,86,86,0,0
42282,174,173,1,1
42283,78,84,-6,6
42284,47,54,-7,7
42285,96,99,-3,3
42286,92,96,-4,4
42287,79,71,8,8
42288,85,81,4,4
42289,113,117,-4,4
42290,96,99,-3,3
42291,80,79,1,1
42292,43,41,2,2
42293,93,105,-12,12
42294,63,72,-9,9
42295,96,89,7,7
42296,103,106,-3,3
42297,53,60,-7,7
42298,99,94,5,5
42299,79,80,-1,1
42300,70,70,0,0
42301,106,99,7,7
42302,104,140,-36,36
42303,141,140,1,1
42304,99,89,10,10
42305,96,91,5,5
42306,55,52,3,3
42307,99,102,-3,3
42308,116,120,-4,4
42309,64,92,-28,28
42310,152,137,15,15
42311,63,67,-4,4
42312,78,74,4,4
42313,123,137,-14,14
42314,126,125,1,1
42315,79,73,6,6
42316,92,76,16,16
42317,94,103,-9,9
42318,200,187,13,13
42319,157,156,1,1
42320,80,78,2,2
42321,57,60,-3,3
42322,141,138,3,3
42323,60,67,-7,7
42324,85,82,3,3
42325,54,54,0,0
42326,159,162,-3,3
42327,150,137,13,13
42328,87,80,7,7
42329,47,63,-16,16
42330,96,100,-4,4
42331,82,82,0,0
42332,74,68,6,6
42333,120,126,-6,6
42334,109,89,20,20
42335,86,90,-4,4
42336,129,122,7,7
42337,196,183,13,13
42338,178,163,15,15
42339,105,103,2,2
42340,61,71,-10,10
42341,67,71,-4,4
42342,109,109,0,0
42343,111,129,-18,18
42344,52,61,-9,9
42345,89,79,10,10
42346,71,84,-13,13
42347,111,112,-1,1
42348,40,40,0,0
42349,79,86,-7,7
42350,99,96,3,3
42351,96,99,-3,3
42352,63,58,5,5
42353,103,124,-21,21
42354,97,112,-15,15
42355,90,92,-2,2
42356,119,108,11,11
42357,176,161,15,15
42358,97,101,-4,4
42359,131,142,-11,11
42360,86,79,7,7
42361,77,74,3,3
42362,84,83,1,1
42363,70,71,-1,1
42364,109,109,0,0
42365,121,120,1,1
42366,125,139,-14,14
42367,150,129,21,21
42368,103,101,2,2
42369,151,135,16,16
42370,58,59,-1,1
42371,64,64,0,0
42372,122,125,-3,3
42373,104,98,6,6
42374,92,84,8,8
42375,100,101,-1,1
42376,142,132,10,10
42377,93,86,7,7
42378,120,115,5,5
42379,75,80,-5,5
42380,106,101,5,5
42381,60,64,-4,4
42382,83,85,-2,2
42383,98,101,-3,3
42384,56,51,5,5
42385,37,39,-2,2
42386,97,86,11,11
42387,152,148,4,4
42388,97,92,5,5
42389,76,72,4,4
42390,80,91,-11,11
42391,56,59,-3,3
42392,108,99,9,9
42393,128,107,21,21
42394,117,114,3,3
42395,103,102,1,1
42396,31,39,-8,8
42397,84,81,3,3
42398,92,95,-3,3
42399,115,129,-14,14
42400,128,132,-4,4
42401,128,121,7,7
42402,75,81,-6,6
42403,72,82,-10,10
42404,95,97,-2,2
42405,56,62,-6,6
42406,83,89,-6,6
42407,97,105,-8,8
42408,109,99,10,10
42409,126,122,4,4
42410,135,140,-5,5
42411,75,80,-5,5
42412,73,69,4,4
42413,89,94,-5,5
42414,94,99,-5,5
42415,81,80,1,1
42416,78,80,-2,2
42417,79,72,7,7
42418,78,81,-3,3
42419,105,112,-7,7
42420,112,111,1,1
42421,75,70,5,5
42422,98,101,-3,3
42423,94,98,-4,4
42424,56,65,-9,9
42425,92,80,12,12
42426,68,70,-2,2
42427,104,106,-2,2
42428,144,121,23,23
42429,50,59,-9,9
42430,51,56,-5,5
42431,61,71,-10,10
42432,83,90,-7,7
42433,28,37,-9,9
42434,99,104,-5,5
42435,83,89,-6,6
42436,162,150,12,12
42437,104,103,1,1
42438,88,92,-4,4
42439,95,90,5,5
42440,116,112,4,4
42441,144,134,10,10
42442,69,55,14,14
42443,102,113,-11,11
42444,116,117,-1,1
42445,61,66,-5,5
42446,108,112,-4,4
42447,55,57,-2,2
42448,142,138,4,4
42449,156,153,3,3
42450,129,121,8,8
42451,180,173,7,7
42452,111,114,-3,3
42453,179,176,3,3
42454,89,92,-3,3
42455,114,111,3,3
42456,96,90,6,6
42457,117,122,-5,5
42458,64,63,1,1
42459,57,58,-1,1
42460,54,62,-8,8
42461,95,88,7,7
42462,89,67,22,22
42463,109,101,8,8
42464,76,79,-3,3
42465,67,67,0,0
42466,65,67,-2,2
42467,76,83,-7,7
42468,92,90,2,2
42469,92,90,2,2
42470,74,73,1,1
42471,92,84,8,8
42472,80,74,6,6
42473,89,92,-3,3
42474,43,47,-4,4
42475,69,74,-5,5
42476,88,90,-2,2
42477,84,96,-12,12
42478,115,119,-4,4
42479,56,53,3,3
42480,95,103,-8,8
42481,80,99,-19,19
42482,80,81,-1,1
42483,98,99,-1,1
42484,49,54,-5,5
42485,91,83,8,8
42486,64,69,-5,5
42487,53,59,-6,6
42488,85,78,7,7
42489,98,99,-1,1
42490,100,92,8,8
42491,69,73,-4,4
42492,48,56,-8,8
42493,105,99,6,6
42494,163,149,14,14
42495,150,151,-1,1
42496,85,89,-4,4
42497,128,130,-2,2
42498,99,107,-8,8
42499,103,98,5,5
42500,128,117,11,11
42501,107,113,-6,6
42502,55,64,-9,9
42503,84,98,-14,14
42504,90,99,-9,9
42505,90,98,-8,8
42506,72,71,1,1
42507,91,93,-2,2
42508,87,99,-12,12
42509,84,67,17,17
42510,42,49,-7,7
42511,65,69,-4,4
42512,131,132,-1,1
42513,48,59,-11,11
42514,109,103,6,6
42515,85,92,-7,7
42516,66,61,5,5
42517,83,92,-9,9
42518,46,49,-3,3
42519,141,136,5,5
42520,59,68,-9,9
42521,87,86,1,1
42522,84,97,-13,13
42523,86,92,-6,6
42524,127,122,5,5
42525,111,117,-6,6
42526,102,109,-7,7
42527,65,69,-4,4
42528,70,71,-1,1
42529,61,70,-9,9
42530,104,105,-1,1
42531,111,110,1,1
42532,202,189,13,13
42533,100,91,9,9
42534,136,141,-5,5
42535,35,43,-8,8
42536,40,41,-1,1
42537,115,113,2,2
42538,116,112,4,4
42539,72,68,4,4
42540,108,109,-1,1
42541,106,119,-13,13
42542,62,67,-5,5
42543,127,120,7,7
42544,94,89,5,5
42545,89,83,6,6
42546,70,72,-2,2
42547,72,81,-9,9
42548,98,86,12,12
42549,96,94,2,2
42550,108,114,-6,6
42551,142,122,20,20
42552,77,77,0,0
42553,67,70,-3,3
42554,81,88,-7,7
42555,54,54,0,0
42556,124,122,2,2
42557,110,120,-10,10
42558,101,103,-2,2
42559,86,92,-6,6
42560,117,115,2,2
42561,111,107,4,4
42562,136,125,11,11
42563,78,75,3,3
42564,62,78,-16,16
42565,231,216,15,15
42566,180,183,-3,3
42567,91,88,3,3
42568,134,136,-2,2
42569,80,80,0,0
42570,100,103,-3,3
42571,123,121,2,2
42572,109,110,-1,1
42573,70,72,-2,2
42574,57,58,-1,1
42575,148,145,3,3
42576,76,73,3,3
42577,70,73,-3,3
42578,82,88,-6,6
42579,102,111,-9,9
42580,198,191,7,7
42581,56,56,0,0
42582,94,98,-4,4
42583,97,102,-5,5
42584,103,91,12,12
42585,81,79,2,2
42586,102,102,0,0
42587,85,83,2,2
42588,165,150,15,15
42589,50,60,-10,10
42590,124,125,-1,1
42591,101,101,0,0
42592,79,77,2,2
42593,138,146,-8,8
42594,191,153,38,38
42595,162,158,4,4
42596,126,120,6,6
42597,103,106,-3,3
42598,49,53,-4,4
42599,113,120,-7,7
42600,100,100,0,0
42601,118,119,-1,1
42602,117,127,-10,10
42603,84,86,-2,2
42604,110,104,6,6
42605,128,117,11,11
42606,105,106,-1,1
42607,59,55,4,4
42608,91,91,0,0
42609,68,62,6,6
42610,72,82,-10,10
42611,135,133,2,2
42612,79,101,-22,22
42613,107,108,-1,1
42614,30,41,-11,11
42615,70,75,-5,5
42616,105,107,-2,2
42617,92,90,2,2
42618,177,172,5,5
42619,84,88,-4,4
42620,67,78,-11,11
42621,150,126,24,24
42622,65,85,-20,20
42623,69,73,-4,4
42624,94,97,-3,3
42625,87,77,10,10
42626,73,83,-10,10
42627,70,77,-7,7
42628,93,84,9,9
42629,110,107,3,3
42630,87,77,10,10
42631,109,110,-1,1
42632,71,78,-7,7
42633,103,110,-7,7
42634,152,144,8,8
42635,70,76,-6,6
42636,125,109,16,16
42637,91,98,-7,7
42638,172,168,4,4
42639,60,67,-7,7
42640,99,128,-29,29
42641,61,61,0,0
42642,91,89,2,2
42643,94,88,6,6
42644,135,128,7,7
42645,43,57,-14,14
42646,83,90,-7,7
42647,93,92,1,1
42648,116,115,1,1
42649,131,109,22,22
42650,140,150,-10,10
42651,101,111,-10,10
42652,160,151,9,9
42653,157,138,19,19
42654,147,176,-29,29
42655,151,152,-1,1
42656,162,160,2,2
42657,52,101,-49,49
42658,77,70,7,7
42659,86,84,2,2
42660,86,93,-7,7
42661,91,84,7,7
42662,118,113,5,5
42663,103,102,1,1
42664,103,104,-1,1
42665,74,76,-2,2
42666,119,116,3,3
42667,89,86,3,3
42668,107,104,3,3
42669,109,144,-35,35
42670,85,97,-12,12
42671,70,70,0,0
42672,86,85,1,1
42673,105,106,-1,1
42674,98,102,-4,4
42675,75,77,-2,2
42676,50,61,-11,11
42677,67,71,-4,4
42678,76,74,2,2
42679,80,76,4,4
42680,124,129,-5,5
42681,60,74,-14,14
42682,73,73,0,0
42683,52,54,-2,2
42684,102,104,-2,2
42685,29,24,5,5
42686,66,75,-9,9
42687,80,73,7,7
42688,76,77,-1,1
42689,107,108,-1,1
42690,68,61,7,7
42691,129,120,9,9
42692,51,50,1,1
42693,131,137,-6,6
42694,73,78,-5,5
42695,157,149,8,8
42696,96,106,-10,10
42697,19,50,-31,31
42698,109,103,6,6
42699,67,71,-4,4
42700,132,132,0,0
42701,156,129,27,27
42702,85,99,-14,14
42703,90,88,2,2
42704,85,81,4,4
42705,44,56,-12,12
42706,150,143,7,7
42707,65,68,-3,3
42708,91,110,-19,19
42709,63,78,-15,15
42710,80,84,-4,4
42711,163,170,-7,7
42712,110,103,7,7
42713,100,102,-2,2
42714,89,82,7,7
42715,51,53,-2,2
42716,97,106,-9,9
42717,82,86,-4,4
42718,85,84,1,1
42719,73,79,-6,6
42720,80,75,5,5
42721,50,63,-13,13
42722,81,77,4,4
42723,68,69,-1,1
42724,76,78,-2,2
42725,75,70,5,5
42726,82,90,-8,8
42727,78,80,-2,2
42728,53,72,-19,19
42729,55,59,-4,4
42730,41,50,-9,9
42731,95,101,-6,6
42732,55,55,0,0
42733,99,117,-18,18
42734,64,73,-9,9
42735,93,107,-14,14
42736,61,58,3,3
42737,95,98,-3,3
42738,116,121,-5,5
42739,83,75,8,8
42740,82,75,7,7
42741,137,117,20,20
42742,69,76,-7,7
42743,69,66,3,3
42744,60,59,1,1
42745,81,87,-6,6
42746,128,130,-2,2
42747,78,75,3,3
42748,79,86,-7,7
42749,74,81,-7,7
42750,69,72,-3,3
42751,140,135,5,5
42752,108,118,-10,10
42753,61,58,3,3
42754,142,144,-2,2
42755,42,42,0,0
42756,68,65,3,3
42757,74,76,-2,2
42758,94,100,-6,6
42759,164,156,8,8
42760,77,76,1,1
42761,94,87,7,7
42762,192,193,-1,1
42763,121,123,-2,2
42764,61,61,0,0
42765,120,126,-6,6
42766,103,105,-2,2
42767,89,84,5,5
42768,100,90,10,10
42769,97,88,9,9
42770,64,70,-6,6
42771,165,162,3,3
42772,74,72,2,2
42773,65,69,-4,4
42774,39,45,-6,6
42775,183,172,11,11
42776,82,84,-2,2
42777,111,111,0,0
42778,150,138,12,12
42779,89,80,9,9
42780,116,116,0,0
42781,106,109,-3,3
42782,129,134,-5,5
42783,59,64,-5,5
42784,161,139,22,22
42785,108,125,-17,17
42786,63,75,-12,12
42787,114,114,0,0
42788,80,86,-6,6
42789,81,85,-4,4
42790,72,72,0,0
42791,99,92,7,7
42792,98,85,13,13
42793,111,103,8,8
42794,120,116,4,4
42795,119,118,1,1
42796,69,75,-6,6
42797,137,130,7,7
42798,130,131,-1,1
42799,106,93,13,13
42800,58,62,-4,4
42801,144,140,4,4
42802,117,121,-4,4
42803,146,158,-12,12
42804,137,133,4,4
42805,116,123,-7,7
42806,86,81,5,5
42807,89,87,2,2
42808,107,106,1,1
42809,108,115,-7,7
42810,109,101,8,8
42811,53,59,-6,6
42812,79,72,7,7
42813,59,64,-5,5
42814,84,80,4,4
42815,156,141,15,15
42816,121,120,1,1
42817,66,69,-3,3
42818,74,72,2,2
42819,47,106,-59,59
42820,106,105,1,1
42821,98,90,8,8
42822,68,63,5,5
42823,58,68,-10,10
42824,86,90,-4,4
42825,87,91,-4,4
42826,85,98,-13,13
42827,143,137,6,6
42828,168,149,19,19
42829,63,73,-10,10
42830,72,120,-48,48
42831,170,184,-14,14
42832,139,146,-7,7
42833,104,113,-9,9
42834,66,58,8,8
42835,78,79,-1,1
42836,66,62,4,4
42837,78,74,4,4
42838,178,160,18,18
42839,176,169,7,7
42840,77,72,5,5
42841,51,52,-1,1
42842,112,91,21,21
42843,110,127,-17,17
42844,140,147,-7,7
42845,120,112,8,8
42846,88,89,-1,1
42847,85,97,-12,12
42848,166,153,13,13
42849,71,75,-4,4
42850,112,122,-10,10
42851,73,66,7,7
42852,80,80,0,0
42853,113,129,-16,16
42854,62,66,-4,4
42855,94,65,29,29
42856,145,145,0,0
42857,131,141,-10,10
42858,103,104,-1,1
42859,98,104,-6,6
42860,84,79,5,5
42861,133,129,4,4
42862,144,139,5,5
42863,141,132,9,9
42864,119,106,13,13
42865,87,87,0,0
42866,79,82,-3,3
42867,63,71,-8,8
42868,89,99,-10,10
42869,38,43,-5,5
42870,99,108,-9,9
42871,114,108,6,6
42872,129,116,13,13
42873,155,151,4,4
42874,87,74,13,13
42875,70,69,1,1
42876,112,107,5,5
42877,137,134,3,3
42878,92,85,7,7
42879,145,140,5,5
42880,154,129,25,25
42881,130,128,2,2
42882,45,41,4,4
42883,63,61,2,2
42884,58,56,2,2
42885,96,102,-6,6
42886,102,103,-1,1
42887,118,128,-10,10
42888,119,121,-2,2
42889,75,76,-1,1
42890,115,117,-2,2
42891,94,98,-4,4
42892,108,108,0,0
42893,101,99,2,2
42894,136,135,1,1
42895,110,113,-3,3
42896,127,122,5,5
42897,94,85,9,9
42898,124,113,11,11
42899,68,71,-3,3
42900,128,121,7,7
42901,138,138,0,0
42902,83,86,-3,3
42903,125,109,16,16
42904,63,67,-4,4
42905,133,110,23,23
42906,77,75,2,2
42907,94,93,1,1
42908,116,106,10,10
42909,93,98,-5,5
42910,84,88,-4,4
42911,125,123,2,2
42912,123,129,-6,6
42913,92,89,3,3
42914,155,150,5,5
42915,86,190,-104,104
42916,75,76,-1,1
42917,74,78,-4,4
42918,78,80,-2,2
42919,96,85,11,11
42920,113,123,-10,10
42921,139,164,-25,25
42922,95,89,6,6
42923,83,83,0,0
42924,128,128,0,0
42925,102,105,-3,3
42926,124,140,-16,16
42927,71,74,-3,3
42928,63,68,-5,5
42929,71,73,-2,2
42930,131,138,-7,7
42931,115,136,-21,21
42932,91,88,3,3
42933,92,101,-9,9
42934,59,53,6,6
42935,138,141,-3,3
42936,71,70,1,1
42937,53,45,8,8
42938,103,106,-3,3
42939,85,80,5,5
42940,92,92,0,0
42941,109,127,-18,18
42942,74,84,-10,10
42943,100,101,-1,1
42944,111,109,2,2
42945,112,112,0,0
42946,112,107,5,5
42947,31,40,-9,9
42948,57,72,-15,15
42949,194,186,8,8
42950,75,67,8,8
42951,119,123,-4,4
42952,106,106,0,0
42953,89,77,12,12
42954,75,72,3,3
42955,77,82,-5,5
42956,68,74,-6,6
42957,48,49,-1,1
42958,53,52,1,1
42959,91,96,-5,5
42960,90,106,-16,16
42961,57,67,-10,10
42962,81,82,-1,1
42963,113,111,2,2
42964,89,88,1,1
42965,74,72,2,2
42966,89,87,2,2
42967,73,80,-7,7
42968,54,47,7,7
42969,77,82,-5,5
42970,108,95,13,13
42971,59,68,-9,9
42972,218,204,14,14
42973,118,128,-10,10
42974,86,93,-7,7
42975,153,146,7,7
42976,123,123,0,0
42977,117,121,-4,4
42978,51,45,6,6
42979,77,76,1,1
42980,59,57,2,2
42981,69,77,-8,8
42982,67,78,-11,11
42983,83,79,4,4
42984,137,126,11,11
42985,96,87,9,9
42986,68,69,-1,1
42987,91,102,-11,11
42988,81,87,-6,6
42989,79,66,13,13
42990,50,46,4,4
42991,78,79,-1,1
42992,32,36,-4,4
42993,64,64,0,0
42994,80,88,-8,8
42995,99,99,0,0
42996,131,140,-9,9
42997,48,50,-2,2
42998,77,72,5,5
42999,128,131,-3,3
43000,120,122,-2,2
43001,55,60,-5,5
43002,79,70,9,9
43003,85,83,2,2
43004,148,137,11,11
43005,136,135,1,1
43006,111,122,-11,11
43007,105,133,-28,28
43008,93,86,7,7
43009,79,76,3,3
43010,87,87,0,0
43011,69,73,-4,4
43012,109,110,-1,1
43013,156,151,5,5
43014,106,111,-5,5
43015,105,108,-3,3
43016,42,42,0,0
43017,84,81,3,3
43018,15,31,-16,16
43019,89,99,-10,10
43020,179,174,5,5
43021,65,70,-5,5
43022,108,116,-8,8
43023,40,48,-8,8
43024,89,81,8,8
43025,138,130,8,8
43026,134,141,-7,7
43027,102,101,1,1
43028,103,101,2,2
43029,143,128,15,15
43030,65,71,-6,6
43031,74,72,2,2
43032,116,110,6,6
43033,79,81,-2,2
43034,74,77,-3,3
43035,91,68,23,23
43036,99,98,1,1
43037,64,60,4,4
43038,120,115,5,5
43039,103,91,12,12
43040,90,86,4,4
43041,51,51,0,0
43042,96,89,7,7
43043,77,75,2,2
43044,142,146,-4,4
43045,77,68,9,9
43046,90,88,2,2
43047,141,137,4,4
43048,85,89,-4,4
43049,98,90,8,8
43050,146,144,2,2
43051,120,112,8,8
43052,107,114,-7,7
43053,97,105,-8,8
43054,125,131,-6,6
43055,81,86,-5,5
43056,99,105,-6,6
43057,90,99,-9,9
43058,53,51,2,2
43059,88,79,9,9
43060,70,69,1,1
43061,57,75,-18,18
43062,77,71,6,6
43063,51,66,-15,15
43064,110,113,-3,3
43065,72,75,-3,3
43066,101,103,-2,2
43067,177,160,17,17
43068,153,140,13,13
43069,157,156,1,1
43070,67,68,-1,1
43071,63,65,-2,2
43072,208,189,19,19
43073,84,82,2,2
43074,69,72,-3,3
43075,110,101,9,9
43076,85,70,15,15
43077,37,41,-4,4
43078,142,120,22,22
43079,82,91,-9,9
43080,81,89,-8,8
43081,94,96,-2,2
43082,143,144,-1,1
43083,118,113,5,5
43084,86,98,-12,12
43085,76,80,-4,4
43086,73,66,7,7
43087,131,114,17,17
43088,53,70,-17,17
43089,66,68,-2,2
43090,101,108,-7,7
43091,115,115,0,0
43092,136,132,4,4
43093,61,87,-26,26
43094,86,88,-2,2
43095,71,81,-10,10
43096,81,80,1,1
43097,69,80,-11,11
43098,36,43,-7,7
43099,157,154,3,3
43100,57,61,-4,4
43101,73,70,3,3
43102,185,164,21,21
43103,62,57,5,5
43104,123,126,-3,3
43105,65,66,-1,1
43106,73,70,3,3
43107,98,101,-3,3
43108,101,99,2,2
43109,104,102,2,2
43110,83,85,-2,2
43111,58,63,-5,5
43112,85,85,0,0
43113,55,60,-5,5
43114,80,73,7,7
43115,66,65,1,1
43116,83,77,6,6
43117,107,116,-9,9
43118,104,100,4,4
43119,44,47,-3,3
43120,63,73,-10,10
43121,85,79,6,6
43122,133,130,3,3
43123,59,59,0,0
43124,130,108,22,22
43125,74,75,-1,1
43126,62,58,4,4
43127,109,102,7,7
43128,71,74,-3,3
43129,55,93,-38,38
43130,142,140,2,2
43131,117,124,-7,7
43132,110,106,4,4
43133,35,43,-8,8
43134,85,88,-3,3
43135,63,56,7,7
43136,79,90,-11,11
43137,101,99,2,2
43138,73,77,-4,4
43139,150,156,-6,6
43140,164,144,20,20
43141,121,119,2,2
43142,56,61,-5,5
43143,82,86,-4,4
43144,115,132,-17,17
43145,103,98,5,5
43146,80,76,4,4
43147,90,101,-11,11
43148,103,101,2,2
43149,122,126,-4,4
43150,113,118,-5,5
43151,62,71,-9,9
43152,120,120,0,0
43153,94,101,-7,7
43154,93,95,-2,2
43155,52,53,-1,1
43156,89,82,7,7
43157,72,61,11,11
43158,65,60,5,5
43159,92,86,6,6
43160,59,62,-3,3
43161,86,104,-18,18
43162,119,112,7,7
43163,64,68,-4,4
43164,142,116,26,26
43165,80,83,-3,3
43166,68,71,-3,3
43167,85,87,-2,2
43168,69,67,2,2
43169,157,152,5,5
43170,120,108,12,12
43171,135,131,4,4
43172,72,70,2,2
43173,99,88,11,11
43174,88,98,-10,10
43175,101,102,-1,1
43176,72,76,-4,4
43177,166,174,-8,8
43178,49,55,-6,6
43179,89,82,7,7
43180,113,106,7,7
43181,113,108,5,5
43182,85,89,-4,4
43183,67,77,-10,10
43184,89,91,-2,2
43185,63,66,-3,3
43186,52,106,-54,54
43187,127,120,7,7
43188,106,105,1,1
43189,120,105,15,15
43190,97,113,-16,16
43191,57,64,-7,7
43192,68,71,-3,3
43193,105,110,-5,5
43194,106,113,-7,7
43195,133,130,3,3
43196,63,73,-10,10
43197,58,63,-5,5
43198,106,113,-7,7
43199,103,98,5,5
43200,71,73,-2,2
43201,103,107,-4,4
43202,42,39,3,3
43203,91,85,6,6
43204,103,111,-8,8
43205,90,89,1,1
43206,103,108,-5,5
43207,111,106,5,5
43208,132,121,11,11
43209,115,114,1,1
43210,121,129,-8,8
43211,122,114,8,8
43212,132,127,5,5
43213,32,44,-12,12
43214,110,103,7,7
43215,87,91,-4,4
43216,135,132,3,3
43217,102,102,0,0
43218,82,85,-3,3
43219,131,121,10,10
43220,102,107,-5,5
43221,52,53,-1,1
43222,100,114,-14,14
43223,100,99,1,1
43224,90,94,-4,4
43225,85,90,-5,5
43226,61,66,-5,5
43227,154,165,-11,11
43228,137,129,8,8
43229,107,100,7,7
43230,98,100,-2,2
43231,92,83,9,9
43232,191,171,20,20
43233,113,123,-10,10
43234,104,108,-4,4
43235,62,58,4,4
43236,80,79,1,1
43237,50,50,0,0
43238,100,83,17,17
43239,126,129,-3,3
43240,113,108,5,5
43241,69,71,-2,2
43242,62,63,-1,1
43243,52,72,-20,20
43244,118,118,0,0
43245,59,65,-6,6
43246,40,46,-6,6
43247,93,97,-4,4
43248,105,115,-10,10
43249,127,118,9,9
43250,84,98,-14,14
43251,93,107,-14,14
43252,121,129,-8,8
43253,94,101,-7,7
43254,64,68,-4,4
43255,109,106,3,3
43256,123,133,-10,10
43257,130,125,5,5
43258,138,135,3,3
43259,67,70,-3,3
43260,99,99,0,0
43261,84,78,6,6
43262,112,127,-15,15
43263,103,105,-2,2
43264,60,57,3,3
43265,90,111,-21,21
43266,131,137,-6,6
43267,47,49,-2,2
43268,90,85,5,5
43269,81,83,-2,2
43270,84,82,2,2
43271,81,84,-3,3
43272,105,111,-6,6
43273,67,72,-5,5
43274,86,87,-1,1
43275,140,145,-5,5
43276,78,71,7,7
43277,96,92,4,4
43278,102,107,-5,5
43279,43,44,-1,1
43280,71,85,-14,14
43281,91,100,-9,9
43282,84,82,2,2
43283,125,119,6,6
43284,50,60,-10,10
43285,90,94,-4,4
43286,68,65,3,3
43287,129,126,3,3
43288,133,140,-7,7
43289,72,91,-19,19
43290,150,147,3,3
43291,179,164,15,15
43292,96,98,-2,2
43293,72,70,2,2
43294,178,155,23,23
43295,89,89,0,0
43296,129,118,11,11
43297,84,79,5,5
43298,87,80,7,7
43299,82,76,6,6
43300,82,93,-11,11
43301,91,86,5,5
43302,112,118,-6,6
43303,88,98,-10,10
43304,100,108,-8,8
43305,164,158,6,6
43306,89,95,-6,6
43307,72,77,-5,5
43308,111,120,-9,9
43309,123,130,-7,7
43310,163,148,15,15
43311,65,69,-4,4
43312,130,139,-9,9
43313,145,144,1,1
43314,92,90,2,2
43315,50,61,-11,11
43316,73,91,-18,18
43317,57,60,-3,3
43318,89,76,13,13
43319,82,79,3,3
43320,67,67,0,0
43321,91,103,-12,12
43322,112,112,0,0
43323,73,73,0,0
43324,64,62,2,2
43325,119,132,-13,13
43326,61,51,10,10
43327,26,30,-4,4
43328,67,71,-4,4
43329,178,165,13,13
43330,97,84,13,13
43331,132,115,17,17
43332,121,126,-5,5
43333,143,122,21,21
43334,92,100,-8,8
43335,78,83,-5,5
43336,99,107,-8,8
43337,68,67,1,1
43338,61,61,0,0
43339,139,145,-6,6
43340,162,160,2,2
43341,86,84,2,2
43342,106,103,3,3
43343,48,48,0,0
43344,125,119,6,6
43345,123,123,0,0
43346,117,113,4,4
43347,229,198,31,31
43348,83,86,-3,3
43349,72,114,-42,42
43350,130,132,-2,2
43351,49,52,-3,3
43352,124,126,-2,2
43353,123,127,-4,4
43354,127,135,-8,8
43355,78,80,-2,2
43356,87,110,-23,23
43357,129,119,10,10
43358,97,91,6,6
43359,129,141,-12,12
43360,69,65,4,4
43361,84,86,-2,2
43362,122,111,11,11
43363,158,144,14,14
43364,77,84,-7,7
43365,86,102,-16,16
43366,100,106,-6,6
43367,93,100,-7,7
43368,117,114,3,3
43369,139,128,11,11
43370,100,99,1,1
43371,162,152,10,10
43372,68,71,-3,3
43373,68,74,-6,6
43374,85,78,7,7
43375,105,99,6,6
43376,174,158,16,16
43377,85,88,-3,3
43378,108,103,5,5
43379,67,71,-4,4
43380,115,114,1,1
43381,63,63,0,0
43382,107,107,0,0
43383,99,109,-10,10
43384,52,55,-3,3
43385,87,85,2,2
43386,125,99,26,26
43387,64,58,6,6
43388,101,107,-6,6
43389,118,119,-1,1
43390,129,128,1,1
43391,100,103,-3,3
43392,71,65,6,6
43393,70,78,-8,8
43394,70,79,-9,9
43395,101,84,17,17
43396,71,74,-3,3
43397,70,72,-2,2
43398,115,114,1,1
43399,56,58,-2,2
43400,106,107,-1,1
43401,125,125,0,0
43402,104,104,0,0
43403,84,83,1,1
43404,64,66,-2,2
43405,82,83,-1,1
43406,99,109,-10,10
43407,167,162,5,5
43408,107,109,-2,2
43409,91,86,5,5
43410,83,87,-4,4
43411,89,79,10,10
43412,92,89,3,3
43413,114,110,4,4
43414,126,106,20,20
43415,133,128,5,5
43416,51,59,-8,8
43417,87,80,7,7
43418,67,67,0,0
43419,67,65,2,2
43420,142,135,7,7
43421,139,127,12,12
43422,125,113,12,12
43423,81,77,4,4
43424,210,189,21,21
43425,113,109,4,4
43426,57,71,-14,14
43427,94,98,-4,4
43428,121,96,25,25
43429,107,108,-1,1
43430,38,43,-5,5
43431,81,86,-5,5
43432,126,114,12,12
43433,248,242,6,6
43434,92,93,-1,1
43435,153,146,7,7
43436,127,133,-6,6
43437,45,50,-5,5
43438,81,106,-25,25
43439,164,162,2,2
43440,140,151,-11,11
43441,114,114,0,0
43442,115,118,-3,3
43443,87,80,7,7
43444,57,60,-3,3
43445,51,49,2,2
43446,95,110,-15,15
43447,33,40,-7,7
43448,128,124,4,4
43449,101,100,1,1
43450,75,78,-3,3
43451,138,133,5,5
43452,136,126,10,10
43453,63,87,-24,24
43454,80,65,15,15
43455,90,105,-15,15
43456,47,47,0,0
43457,96,100,-4,4
43458,62,59,3,3
43459,98,94,4,4
43460,140,140,0,0
43461,84,75,9,9
43462,143,146,-3,3
43463,84,87,-3,3
43464,151,150,1,1
43465,87,78,9,9
43466,107,117,-10,10
43467,118,112,6,6
43468,60,68,-8,8
43469,82,86,-4,4
43470,167,162,5,5
43471,110,103,7,7
43472,98,102,-4,4
43473,83,85,-2,2
43474,76,76,0,0
43475,93,101,-8,8
43476,102,103,-1,1
43477,76,68,8,8
43478,76,84,-8,8
43479,115,114,1,1
43480,77,81,-4,4
43481,98,99,-1,1
43482,149,141,8,8
43483,78,78,0,0
43484,119,121,-2,2
43485,121,117,4,4
43486,46,77,-31,31
43487,67,77,-10,10
43488,129,120,9,9
43489,114,119,-5,5
43490,73,75,-2,2
43491,118,120,-2,2
43492,90,97,-7,7
43493,165,163,2,2
43494,147,146,1,1
43495,52,46,6,6
43496,111,123,-12,12
43497,160,142,18,18
43498,88,99,-11,11
43499,105,106,-1,1
43500,105,98,7,7
43501,90,93,-3,3
43502,120,123,-3,3
43503,89,76,13,13
43504,79,81,-2,2
43505,82,91,-9,9
43506,122,125,-3,3
43507,96,93,3,3
43508,48,53,-5,5
43509,70,65,5,5
43510,65,76,-11,11
43511,78,82,-4,4
43512,133,131,2,2
43513,48,53,-5,5
43514,90,89,1,1
43515,54,58,-4,4
43516,104,93,11,11
43517,91,81,10,10
43518,112,113,-1,1
43519,63,69,-6,6
43520,113,113,0,0
43521,99,86,13,13
43522,100,101,-1,1
43523,69,70,-1,1
43524,122,117,5,5
43525,84,86,-2,2
43526,119,109,10,10
43527,103,98,5,5
43528,91,108,-17,17
43529,55,61,-6,6
43530,64,67,-3,3
43531,87,83,4,4
43532,220,204,16,16
43533,85,90,-5,5
43534,63,69,-6,6
43535,64,67,-3,3
43536,109,121,-12,12
43537,80,78,2,2
43538,91,87,4,4
43539,146,154,-8,8
43540,125,124,1,1
43541,130,134,-4,4
43542,127,144,-17,17
43543,113,102,11,11
43544,125,128,-3,3
43545,84,84,0,0
43546,111,113,-2,2
43547,138,129,9,9
43548,47,53,-6,6
43549,75,84,-9,9
43550,98,112,-14,14
43551,163,153,10,10
43552,140,127,13,13
43553,50,47,3,3
43554,77,76,1,1
43555,64,60,4,4
43556,76,75,1,1
43557,108,107,1,1
43558,53,49,4,4
43559,65,74,-9,9
43560,197,188,9,9
43561,182,170,12,12
43562,71,71,0,0
43563,134,118,16,16
43564,126,118,8,8
43565,54,60,-6,6
43566,132,138,-6,6
43567,86,82,4,4
43568,106,111,-5,5
43569,53,61,-8,8
43570,87,89,-2,2
43571,80,80,0,0
43572,150,156,-6,6
43573,49,50,-1,1
43574,137,106,31,31
43575,51,54,-3,3
43576,90,83,7,7
43577,125,126,-1,1
43578,110,118,-8,8
43579,112,119,-7,7
43580,51,55,-4,4
43581,105,99,6,6
43582,110,115,-5,5
43583,93,100,-7,7
43584,169,161,8,8
43585,97,79,18,18
43586,97,83,14,14
43587,89,92,-3,3
43588,75,77,-2,2
43589,119,120,-1,1
43590,93,101,-8,8
43591,53,54,-1,1
43592,121,105,16,16
43593,61,79,-18,18
43594,98,108,-10,10
43595,92,100,-8,8
43596,63,63,0,0
43597,101,88,13,13
43598,180,169,11,11
43599,70,67,3,3
43600,66,70,-4,4
43601,121,197,-76,76
43602,100,102,-2,2
43603,151,148,3,3
43604,44,67,-23,23
43605,93,96,-3,3
43606,79,73,6,6
43607,133,123,10,10
43608,51,51,0,0
43609,111,114,-3,3
43610,83,85,-2,2
43611,93,104,-11,11
43612,78,68,10,10
43613,75,75,0,0
43614,133,136,-3,3
43615,128,117,11,11
43616,98,109,-11,11
43617,137,123,14,14
43618,79,86,-7,7
43619,90,86,4,4
43620,62,71,-9,9
43621,170,172,-2,2
43622,123,122,1,1
43623,57,64,-7,7
43624,87,102,-15,15
43625,35,51,-16,16
43626,76,86,-10,10
43627,95,84,11,11
43628,63,76,-13,13
43629,74,73,1,1
43630,125,132,-7,7
43631,115,118,-3,3
43632,63,63,0,0
43633,141,136,5,5
43634,78,79,-1,1
43635,71,74,-3,3
43636,90,87,3,3
43637,235,225,10,10
43638,118,111,7,7
43639,65,72,-7,7
43640,98,97,1,1
43641,97,108,-11,11
43642,48,59,-11,11
43643,110,114,-4,4
43644,96,99,-3,3
43645,119,116,3,3
43646,141,138,3,3
43647,80,82,-2,2
43648,88,113,-25,25
43649,93,93,0,0
43650,141,140,1,1
43651,59,82,-23,23
43652,98,100,-2,2
43653,66,78,-12,12
43654,91,93,-2,2
43655,90,87,3,3
43656,111,112,-1,1
43657,96,99,-3,3
43658,103,98,5,5
43659,59,58,1,1
43660,68,74,-6,6
43661,73,72,1,1
43662,60,67,-7,7
43663,75,90,-15,15
43664,65,70,-5,5
43665,91,96,-5,5
43666,53,62,-9,9
43667,97,104,-7,7
43668,66,62,4,4
43669,94,102,-8,8
43670,97,99,-2,2
43671,81,81,0,0
43672,134,131,3,3
43673,96,104,-8,8
43674,115,119,-4,4
43675,51,71,-20,20
43676,75,79,-4,4
43677,157,147,10,10
43678,86,88,-2,2
43679,147,153,-6,6
43680,85,84,1,1
43681,88,98,-10,10
43682,46,52,-6,6
43683,119,122,-3,3
43684,109,106,3,3
43685,142,146,-4,4
43686,95,100,-5,5
43687,93,104,-11,11
43688,79,79,0,0
43689,142,141,1,1
43690,83,88,-5,5
43691,93,91,2,2
43692,149,118,31,31
43693,114,106,8,8
43694,99,89,10,10
43695,125,129,-4,4
43696,116,112,4,4
43697,131,137,-6,6
43698,103,100,3,3
43699,79,73,6,6
43700,171,169,2,2
43701,69,77,-8,8
43702,78,91,-13,13
43703,67,80,-13,13
43704,82,83,-1,1
43705,110,118,-8,8
43706,171,162,9,9
43707,46,44,2,2
43708,60,60,0,0
43709,179,162,17,17
43710,68,77,-9,9
43711,66,63,3,3
43712,67,69,-2,2
43713,87,106,-19,19
43714,61,64,-3,3
43715,61,65,-4,4
43716,122,130,-8,8
43717,96,99,-3,3
43718,106,91,15,15
43719,54,59,-5,5
43720,76,79,-3,3
43721,111,118,-7,7
43722,44,47,-3,3
43723,163,159,4,4
43724,71,64,7,7
43725,74,75,-1,1
43726,97,103,-6,6
43727,134,129,5,5
43728,82,75,7,7
43729,79,101,-22,22
43730,138,125,13,13
43731,82,100,-18,18
43732,152,152,0,0
43733,111,111,0,0
43734,123,117,6,6
43735,77,68,9,9
43736,146,138,8,8
43737,82,80,2,2
43738,69,74,-5,5
43739,91,102,-11,11
43740,166,156,10,10
43741,53,55,-2,2
43742,71,72,-1,1
43743,84,82,2,2
43744,68,75,-7,7
43745,94,106,-12,12
43746,101,131,-30,30
43747,106,106,0,0
43748,93,89,4,4
43749,69,73,-4,4
43750,136,125,11,11
43751,90,88,2,2
43752,87,76,11,11
43753,64,62,2,2
43754,62,103,-41,41
43755,77,86,-9,9
43756,47,63,-16,16
43757,122,122,0,0
43758,67,72,-5,5
43759,87,99,-12,12
43760,84,75,9,9
43761,68,75,-7,7
43762,60,67,-7,7
43763,75,76,-1,1
43764,90,85,5,5
43765,69,84,-15,15
43766,77,75,2,2
43767,82,80,2,2
43768,127,128,-1,1
43769,58,62,-4,4
43770,151,140,11,11
43771,125,134,-9,9
43772,114,112,2,2
43773,106,113,-7,7
43774,85,88,-3,3
43775,92,96,-4,4
43776,70,70,0,0
43777,124,125,-1,1
43778,97,106,-9,9
43779,71,77,-6,6
43780,146,147,-1,1
43781,93,99,-6,6
43782,91,86,5,5
43783,63,65,-2,2
43784,60,60,0,0
43785,84,102,-18,18
43786,192,196,-4,4
43787,93,87,6,6
43788,133,125,8,8
43789,95,91,4,4
43790,65,61,4,4
43791,81,90,-9,9
43792,107,116,-9,9
43793,131,122,9,9
43794,130,133,-3,3
43795,68,66,2,2
43796,77,79,-2,2
43797,112,120,-8,8
43798,67,75,-8,8
43799,91,90,1,1
43800,90,86,4,4
43801,125,128,-3,3
43802,69,67,2,2
43803,106,108,-2,2
43804,110,104,6,6
43805,65,64,1,1
43806,87,88,-1,1
43807,60,55,5,5
43808,91,87,4,4
43809,153,138,15,15
43810,95,97,-2,2
43811,150,143,7,7
43812,61,71,-10,10
43813,169,179,-10,10
43814,76,79,-3,3
43815,93,98,-5,5
43816,75,70,5,5
43817,76,85,-9,9
43818,85,106,-21,21
43819,63,70,-7,7
43820,86,91,-5,5
43821,111,108,3,3
43822,81,78,3,3
43823,225,183,42,42
43824,49,54,-5,5
43825,90,98,-8,8
43826,67,67,0,0
43827,109,116,-7,7
43828,103,98,5,5
43829,73,70,3,3
43830,137,136,1,1
43831,93,100,-7,7
43832,68,69,-1,1
43833,82,101,-19,19
43834,66,73,-7,7
43835,110,95,15,15
43836,170,175,-5,5
43837,104,104,0,0
43838,73,80,-7,7
43839,137,131,6,6
43840,55,52,3,3
43841,52,63,-11,11
43842,95,86,9,9
43843,48,49,-1,1
43844,67,78,-11,11
43845,64,67,-3,3
43846,71,72,-1,1
43847,77,75,2,2
43848,66,63,3,3
43849,78,76,2,2
43850,71,77,-6,6
43851,117,118,-1,1
43852,83,77,6,6
43853,43,46,-3,3
43854,100,96,4,4
43855,50,59,-9,9
43856,140,145,-5,5
43857,86,103,-17,17
43858,63,63,0,0
43859,91,90,1,1
43860,113,108,5,5
43861,63,66,-3,3
43862,61,58,3,3
43863,78,89,-11,11
43864,34,49,-15,15
43865,90,105,-15,15
43866,47,43,4,4
43867,64,72,-8,8
43868,58,65,-7,7
43869,116,121,-5,5
43870,117,118,-1,1
43871,84,92,-8,8
43872,105,111,-6,6
43873,86,87,-1,1
43874,68,61,7,7
43875,131,141,-10,10
43876,77,81,-4,4
43877,76,72,4,4
43878,117,109,8,8
43879,97,98,-1,1
43880,123,122,1,1
43881,98,103,-5,5
43882,71,73,-2,2
43883,127,120,7,7
43884,56,56,0,0
43885,122,112,10,10
43886,49,60,-11,11
43887,60,66,-6,6
43888,115,111,4,4
43889,78,83,-5,5
43890,46,49,-3,3
43891,119,119,0,0
43892,129,148,-19,19
43893,66,66,0,0
43894,142,142,0,0
43895,79,79,0,0
43896,71,78,-7,7
43897,144,141,3,3
43898,106,112,-6,6
43899,77,79,-2,2
43900,74,82,-8,8
43901,69,72,-3,3
43902,88,83,5,5
43903,59,56,3,3
43904,123,120,3,3
43905,54,58,-4,4
43906,43,51,-8,8
43907,155,141,14,14
43908,68,71,-3,3
43909,131,134,-3,3
43910,146,141,5,5
43911,102,87,15,15
43912,80,83,-3,3
43913,57,67,-10,10
43914,81,81,0,0
43915,104,119,-15,15
43916,39,42,-3,3
43917,78,80,-2,2
43918,112,110,2,2
43919,44,85,-41,41
43920,79,77,2,2
43921,132,131,1,1
43922,117,116,1,1
43923,80,85,-5,5
43924,88,80,8,8
43925,61,61,0,0
43926,57,49,8,8
43927,123,126,-3,3
43928,60,64,-4,4
43929,113,106,7,7
43930,64,72,-8,8
43931,101,91,10,10
43932,143,141,2,2
43933,71,78,-7,7
43934,80,74,6,6
43935,70,67,3,3
43936,45,50,-5,5
43937,44,53,-9,9
43938,92,84,8,8
43939,67,73,-6,6
43940,63,56,7,7
43941,139,134,5,5
43942,127,120,7,7
43943,69,66,3,3
43944,136,131,5,5
43945,109,117,-8,8
43946,120,120,0,0
43947,63,64,-1,1
43948,50,56,-6,6
43949,97,96,1,1
43950,103,97,6,6
43951,89,84,5,5
43952,85,78,7,7
43953,173,168,5,5
43954,128,128,0,0
43955,171,177,-6,6
43956,49,46,3,3
43957,99,88,11,11
43958,129,141,-12,12
43959,85,89,-4,4
43960,102,101,1,1
43961,124,124,0,0
43962,122,113,9,9
43963,137,133,4,4
43964,89,97,-8,8
43965,51,52,-1,1
43966,81,101,-20,20
43967,88,81,7,7
43968,76,82,-6,6
43969,111,118,-7,7
43970,86,87,-1,1
43971,131,128,3,3
43972,23,30,-7,7
43973,109,109,0,0
43974,84,84,0,0
43975,101,102,-1,1
43976,139,138,1,1
43977,58,68,-10,10
43978,71,75,-4,4
43979,95,84,11,11
43980,70,66,4,4
43981,65,72,-7,7
43982,95,91,4,4
43983,109,105,4,4
43984,57,61,-4,4
43985,103,103,0,0
43986,184,163,21,21
43987,80,78,2,2
43988,103,107,-4,4
43989,94,125,-31,31
43990,62,65,-3,3
43991,110,95,15,15
43992,109,113,-4,4
43993,47,54,-7,7
43994,107,114,-7,7
43995,184,166,18,18
43996,122,134,-12,12
43997,155,157,-2,2
43998,66,73,-7,7
43999,63,61,2,2
44000,104,119,-15,15
44001,100,91,9,9
44002,82,102,-20,20
44003,162,161,1,1
44004,122,126,-4,4
44005,78,133,-55,55
44006,71,66,5,5
44007,131,116,15,15
44008,113,105,8,8
44009,84,96,-12,12
44010,65,65,0,0
44011,81,87,-6,6
44012,93,83,10,10
44013,67,71,-4,4
44014,148,133,15,15
44015,72,77,-5,5
44016,106,101,5,5
44017,79,87,-8,8
44018,113,116,-3,3
44019,66,64,2,2
44020,68,60,8,8
44021,63,63,0,0
44022,81,103,-22,22
44023,117,116,1,1
44024,70,110,-40,40
44025,78,77,1,1
44026,165,175,-10,10
44027,40,43,-3,3
44028,85,92,-7,7
44029,73,116,-43,43
44030,104,99,5,5
44031,129,118,11,11
44032,116,109,7,7
44033,115,112,3,3
44034,82,80,2,2
44035,84,89,-5,5
44036,82,89,-7,7
44037,29,66,-37,37
44038,64,74,-10,10
44039,66,57,9,9
44040,114,114,0,0
44041,146,137,9,9
44042,65,63,2,2
44043,42,46,-4,4
44044,157,162,-5,5
44045,89,87,2,2
44046,116,132,-16,16
44047,54,57,-3,3
44048,77,76,1,1
44049,79,82,-3,3
44050,137,137,0,0
44051,67,65,2,2
44052,105,116,-11,11
44053,149,121,28,28
44054,57,63,-6,6
44055,104,115,-11,11
44056,89,100,-11,11
44057,82,90,-8,8
44058,106,122,-16,16
44059,191,182,9,9
44060,87,85,2,2
44061,58,63,-5,5
44062,114,114,0,0
44063,114,121,-7,7
44064,118,112,6,6
44065,159,153,6,6
44066,58,57,1,1
44067,95,98,-3,3
44068,74,76,-2,2
44069,135,123,12,12
44070,134,135,-1,1
44071,87,80,7,7
44072,130,120,10,10
44073,119,120,-1,1
44074,142,135,7,7
44075,152,152,0,0
44076,105,105,0,0
44077,63,66,-3,3
44078,92,98,-6,6
44079,75,73,2,2
44080,96,98,-2,2
44081,75,68,7,7
44082,56,55,1,1
44083,72,69,3,3
44084,89,112,-23,23
44085,58,63,-5,5
44086,76,75,1,1
44087,90,108,-18,18
44088,73,82,-9,9
44089,78,80,-2,2
44090,110,121,-11,11
44091,174,154,20,20
44092,104,90,14,14
44093,94,99,-5,5
44094,165,150,15,15
44095,107,104,3,3
44096,78,79,-1,1
44097,90,86,4,4
44098,124,121,3,3
44099,129,120,9,9
44100,66,65,1,1
44101,73,80,-7,7
44102,139,144,-5,5
44103,72,78,-6,6
44104,140,135,5,5
44105,93,101,-8,8
44106,135,129,6,6
44107,56,58,-2,2
44108,76,74,2,2
44109,102,104,-2,2
44110,102,108,-6,6
44111,130,124,6,6
44112,152,155,-3,3
44113,76,74,2,2
44114,178,181,-3,3
44115,85,78,7,7
44116,78,74,4,4
44117,97,117,-20,20
44118,113,121,-8,8
44119,81,90,-9,9
44120,65,76,-11,11
44121,42,49,-7,7
44122,72,84,-12,12
44123,115,115,0,0
44124,80,87,-7,7
44125,39,39,0,0
44126,85,83,2,2
44127,101,98,3,3
44128,158,155,3,3
44129,91,98,-7,7
44130,68,70,-2,2
44131,112,122,-10,10
44132,161,161,0,0
44133,147,154,-7,7
44134,63,67,-4,4
44135,60,79,-19,19
44136,84,85,-1,1
44137,112,110,2,2
44138,129,122,7,7
44139,136,138,-2,2
44140,130,128,2,2
44141,74,76,-2,2
44142,111,115,-4,4
44143,118,121,-3,3
44144,60,59,1,1
44145,59,70,-11,11
44146,90,92,-2,2
44147,72,77,-5,5
44148,118,120,-2,2
44149,63,65,-2,2
44150,91,91,0,0
44151,106,111,-5,5
44152,89,88,1,1
44153,111,114,-3,3
44154,131,130,1,1
44155,85,96,-11,11
44156,97,102,-5,5
44157,41,48,-7,7
44158,104,110,-6,6
44159,137,142,-5,5
44160,110,105,5,5
44161,50,79,-29,29
44162,143,129,14,14
44163,110,110,0,0
44164,79,85,-6,6
44165,79,83,-4,4
44166,71,78,-7,7
44167,116,120,-4,4
44168,89,86,3,3
44169,85,89,-4,4
44170,62,69,-7,7
44171,105,96,9,9
44172,110,117,-7,7
44173,68,80,-12,12
44174,125,130,-5,5
44175,120,118,2,2
44176,118,117,1,1
44177,63,64,-1,1
44178,42,47,-5,5
44179,49,50,-1,1
44180,96,96,0,0
44181,107,110,-3,3
44182,108,116,-8,8
44183,94,97,-3,3
44184,89,88,1,1
44185,117,116,1,1
44186,120,126,-6,6
44187,71,73,-2,2
44188,71,75,-4,4
44189,58,63,-5,5
44190,90,104,-14,14
44191,118,111,7,7
44192,43,69,-26,26
44193,78,76,2,2
44194,159,154,5,5
44195,99,113,-14,14
44196,92,100,-8,8
44197,148,138,10,10
44198,97,84,13,13
44199,84,92,-8,8
44200,45,49,-4,4
44201,63,68,-5,5
44202,117,112,5,5
44203,122,122,0,0
44204,115,110,5,5
44205,110,108,2,2
44206,114,109,5,5
44207,71,73,-2,2
44208,132,143,-11,11
44209,73,72,1,1
44210,137,132,5,5
44211,79,60,19,19
44212,79,71,8,8
44213,106,108,-2,2
44214,99,97,2,2
44215,77,105,-28,28
44216,127,131,-4,4
44217,96,88,8,8
44218,66,65,1,1
44219,63,65,-2,2
44220,95,101,-6,6
44221,97,92,5,5
44222,42,44,-2,2
44223,60,48,12,12
44224,59,65,-6,6
44225,66,63,3,3
44226,140,107,33,33
44227,64,69,-5,5
44228,72,73,-1,1
44229,85,83,2,2
44230,119,101,18,18
44231,99,97,2,2
44232,133,124,9,9
44233,75,79,-4,4
44234,66,68,-2,2
44235,102,98,4,4
44236,63,70,-7,7
44237,133,131,2,2
44238,144,143,1,1
44239,141,127,14,14
44240,97,108,-11,11
44241,90,98,-8,8
44242,124,129,-5,5
44243,123,129,-6,6
44244,191,164,27,27
44245,62,60,2,2
44246,58,63,-5,5
44247,98,97,1,1
44248,113,113,0,0
44249,107,103,4,4
44250,106,108,-2,2
44251,95,93,2,2
44252,144,135,9,9
44253,50,50,0,0
44254,195,172,23,23
44255,122,108,14,14
44256,97,82,15,15
44257,71,64,7,7
44258,153,144,9,9
44259,67,72,-5,5
44260,51,56,-5,5
44261,65,72,-7,7
44262,78,78,0,0
44263,87,85,2,2
44264,72,78,-6,6
44265,81,79,2,2
44266,149,144,5,5
44267,119,109,10,10
44268,102,97,5,5
44269,93,90,3,3
44270,116,119,-3,3
44271,125,125,0,0
44272,138,130,8,8
44273,75,84,-9,9
44274,100,102,-2,2
44275,107,99,8,8
44276,91,120,-29,29
44277,135,133,2,2
44278,47,57,-10,10
44279,95,86,9,9
44280,88,101,-13,13
44281,71,67,4,4
44282,110,128,-18,18
44283,108,110,-2,2
44284,49,61,-12,12
44285,48,52,-4,4
44286,93,97,-4,4
44287,94,97,-3,3
44288,140,142,-2,2
44289,68,61,7,7
44290,79,87,-8,8
44291,147,146,1,1
44292,107,101,6,6
44293,77,76,1,1
44294,87,89,-2,2
44295,183,179,4,4
44296,123,118,5,5
44297,143,137,6,6
44298,94,98,-4,4
44299,96,90,6,6
44300,85,97,-12,12
44301,112,116,-4,4
44302,82,85,-3,3
44303,103,105,-2,2
44304,98,101,-3,3
44305,104,112,-8,8
44306,81,77,4,4
44307,57,60,-3,3
44308,113,130,-17,17
44309,80,81,-1,1
44310,117,117,0,0
44311,68,66,2,2
44312,76,77,-1,1
44313,69,80,-11,11
44314,86,93,-7,7
44315,107,99,8,8
44316,63,65,-2,2
44317,127,127,0,0
44318,87,84,3,3
44319,82,82,0,0
44320,92,88,4,4
44321,78,82,-4,4
44322,117,114,3,3
44323,93,107,-14,14
44324,116,120,-4,4
44325,51,58,-7,7
44326,80,76,4,4
44327,126,132,-6,6
44328,48,53,-5,5
44329,183,185,-2,2
44330,61,64,-3,3
44331,128,133,-5,5
44332,95,86,9,9
44333,107,94,13,13
44334,87,95,-8,8
44335,136,138,-2,2
44336,49,51,-2,2
44337,77,73,4,4
44338,114,112,2,2
44339,139,126,13,13
44340,90,92,-2,2
44341,164,178,-14,14
44342,124,136,-12,12
44343,115,120,-5,5
44344,111,108,3,3
44345,144,143,1,1
44346,72,81,-9,9
44347,121,116,5,5
44348,131,123,8,8
44349,99,113,-14,14
44350,55,64,-9,9
44351,125,118,7,7
44352,43,50,-7,7
44353,75,71,4,4
44354,71,71,0,0
44355,62,67,-5,5
44356,86,83,3,3
44357,78,80,-2,2
44358,101,99,2,2
44359,81,83,-2,2
44360,144,132,12,12
44361,121,111,10,10
44362,84,85,-1,1
44363,91,86,5,5
44364,108,127,-19,19
44365,84,83,1,1
44366,96,89,7,7
44367,130,131,-1,1
44368,53,51,2,2
44369,111,123,-12,12
44370,65,56,9,9
44371,138,129,9,9
44372,39,43,-4,4
44373,54,62,-8,8
44374,48,46,2,2
44375,62,64,-2,2
44376,110,111,-1,1
44377,88,90,-2,2
44378,92,86,6,6
44379,124,119,5,5
44380,86,87,-1,1
44381,89,101,-12,12
44382,96,106,-10,10
44383,50,54,-4,4
44384,92,84,8,8
44385,70,69,1,1
44386,101,105,-4,4
44387,143,137,6,6
44388,128,141,-13,13
44389,83,85,-2,2
44390,59,62,-3,3
44391,131,126,5,5
44392,79,76,3,3
44393,66,65,1,1
44394,110,106,4,4
44395,99,99,0,0
44396,100,105,-5,5
44397,92,92,0,0
44398,115,108,7,7
44399,87,79,8,8
44400,105,98,7,7
44401,77,77,0,0
44402,93,100,-7,7
44403,124,124,0,0
44404,71,78,-7,7
44405,68,68,0,0
44406,107,117,-10,10
44407,130,131,-1,1
44408,32,40,-8,8
44409,96,110,-14,14
44410,82,77,5,5
44411,73,70,3,3
44412,57,78,-21,21
44413,60,65,-5,5
44414,61,64,-3,3
44415,127,116,11,11
44416,67,63,4,4
44417,148,136,12,12
44418,111,107,4,4
44419,119,113,6,6
44420,86,80,6,6
44421,88,85,3,3
44422,68,68,0,0
44423,65,72,-7,7
44424,64,71,-7,7
44425,158,135,23,23
44426,144,127,17,17
44427,91,95,-4,4
44428,63,66,-3,3
44429,88,92,-4,4
44430,122,108,14,14
44431,51,62,-11,11
44432,124,133,-9,9
44433,118,106,12,12
44434,49,48,1,1
44435,94,84,10,10
44436,69,65,4,4
44437,168,159,9,9
44438,79,85,-6,6
44439,70,75,-5,5
44440,199,202,-3,3
44441,43,51,-8,8
44442,85,87,-2,2
44443,51,54,-3,3
44444,135,129,6,6
44445,57,76,-19,19
44446,191,196,-5,5
44447,94,104,-10,10
44448,109,114,-5,5
44449,76,76,0,0
44450,175,174,1,1
44451,126,132,-6,6
44452,143,136,7,7
44453,101,102,-1,1
44454,50,72,-22,22
44455,84,89,-5,5
44456,94,91,3,3
44457,110,111,-1,1
44458,170,144,26,26
44459,149,140,9,9
44460,94,100,-6,6
44461,102,107,-5,5
44462,118,131,-13,13
44463,112,117,-5,5
44464,108,111,-3,3
44465,58,64,-6,6
44466,39,112,-73,73
44467,112,110,2,2
44468,107,122,-15,15
44469,61,61,0,0
44470,99,100,-1,1
44471,62,73,-11,11
44472,119,112,7,7
44473,105,98,7,7
44474,93,83,10,10
44475,109,110,-1,1
44476,132,128,4,4
44477,83,109,-26,26
44478,46,49,-3,3
44479,170,160,10,10
44480,217,187,30,30
44481,119,118,1,1
44482,140,153,-13,13
44483,106,106,0,0
44484,100,100,0,0
44485,61,62,-1,1
44486,111,128,-17,17
44487,117,105,12,12
44488,68,79,-11,11
44489,94,97,-3,3
44490,74,74,0,0
44491,109,119,-10,10
44492,98,117,-19,19
44493,103,100,3,3
44494,78,88,-10,10
44495,80,83,-3,3
44496,83,84,-1,1
44497,76,83,-7,7
44498,110,110,0,0
44499,152,145,7,7
44500,81,70,11,11
44501,133,135,-2,2
44502,66,67,-1,1
44503,102,102,0,0
44504,102,105,-3,3
44505,53,56,-3,3
44506,139,139,0,0
44507,133,127,6,6
44508,57,62,-5,5
44509,61,61,0,0
44510,116,109,7,7
44511,97,99,-2,2
44512,187,171,16,16
44513,62,61,1,1
44514,102,102,0,0
44515,62,71,-9,9
44516,48,44,4,4
44517,108,116,-8,8
44518,68,66,2,2
44519,112,113,-1,1
44520,154,149,5,5
44521,76,78,-2,2
44522,110,118,-8,8
44523,89,96,-7,7
44524,128,126,2,2
44525,61,71,-10,10
44526,60,69,-9,9
44527,143,143,0,0
44528,107,115,-8,8
44529,76,68,8,8
44530,79,84,-5,5
44531,65,64,1,1
44532,104,109,-5,5
44533,145,143,2,2
44534,86,77,9,9
44535,83,82,1,1
44536,88,103,-15,15
44537,178,172,6,6
44538,116,124,-8,8
44539,105,124,-19,19
44540,72,81,-9,9
44541,77,78,-1,1
44542,56,62,-6,6
44543,109,100,9,9
44544,45,48,-3,3
44545,106,101,5,5
44546,42,47,-5,5
44547,118,124,-6,6
44548,102,101,1,1
44549,47,70,-23,23
44550,70,75,-5,5
44551,103,104,-1,1
44552,123,129,-6,6
44553,170,169,1,1
44554,124,132,-8,8
44555,98,103,-5,5
44556,57,70,-13,13
44557,122,133,-11,11
44558,59,59,0,0
44559,107,102,5,5
44560,73,71,2,2
44561,65,67,-2,2
44562,53,54,-1,1
44563,152,145,7,7
44564,81,77,4,4
44565,87,84,3,3
44566,77,75,2,2
44567,129,138,-9,9
44568,165,161,4,4
44569,111,115,-4,4
44570,108,115,-7,7
44571,67,73,-6,6
44572,78,78,0,0
44573,105,101,4,4
44574,72,71,1,1
44575,75,85,-10,10
44576,85,79,6,6
44577,57,59,-2,2
44578,115,124,-9,9
44579,74,74,0,0
44580,170,170,0,0
44581,90,100,-10,10
44582,85,89,-4,4
44583,65,70,-5,5
44584,45,46,-1,1
44585,160,140,20,20
44586,160,151,9,9
44587,99,104,-5,5
44588,62,76,-14,14
44589,121,127,-6,6
44590,129,124,5,5
44591,98,107,-9,9
44592,104,103,1,1
44593,69,70,-1,1
44594,75,70,5,5
44595,95,96,-1,1
44596,118,122,-4,4
44597,94,136,-42,42
44598,100,105,-5,5
44599,129,121,8,8
44600,118,119,-1,1
44601,57,158,-101,101
44602,68,70,-2,2
44603,123,125,-2,2
44604,93,86,7,7
44605,53,61,-8,8
44606,92,90,2,2
44607,78,80,-2,2
44608,175,149,26,26
44609,115,130,-15,15
44610,70,77,-7,7
44611,161,143,18,18
44612,61,65,-4,4
44613,64,61,3,3
44614,86,90,-4,4
44615,84,81,3,3
44616,152,124,28,28
44617,116,115,1,1
44618,53,59,-6,6
44619,57,61,-4,4
44620,68,77,-9,9
44621,178,171,7,7
44622,93,89,4,4
44623,120,115,5,5
44624,136,140,-4,4
44625,39,46,-7,7
44626,102,101,1,1
44627,167,172,-5,5
44628,65,66,-1,1
44629,50,63,-13,13
44630,80,79,1,1
44631,126,118,8,8
44632,67,68,-1,1
44633,59,68,-9,9
44634,116,114,2,2
44635,95,97,-2,2
44636,57,60,-3,3
44637,75,84,-9,9
44638,99,102,-3,3
44639,94,99,-5,5
44640,65,63,2,2
44641,90,90,0,0
44642,126,118,8,8
44643,86,99,-13,13
44644,103,104,-1,1
44645,92,103,-11,11
44646,120,118,2,2
44647,86,84,2,2
44648,19,16,3,3
44649,138,132,6,6
44650,86,88,-2,2
44651,126,120,6,6
44652,103,104,-1,1
44653,89,86,3,3
44654,71,74,-3,3
44655,63,64,-1,1
44656,76,78,-2,2
44657,154,148,6,6
44658,64,67,-3,3
44659,73,74,-1,1
44660,61,64,-3,3
44661,57,67,-10,10
44662,142,144,-2,2
44663,193,189,4,4
44664,58,78,-20,20
44665,89,101,-12,12
44666,88,89,-1,1
44667,121,119,2,2
44668,110,109,1,1
44669,116,113,3,3
44670,100,99,1,1
44671,62,63,-1,1
44672,100,110,-10,10
44673,146,129,17,17
44674,33,38,-5,5
44675,105,110,-5,5
44676,93,93,0,0
44677,48,60,-12,12
44678,74,77,-3,3
44679,55,58,-3,3
44680,77,74,3,3
44681,83,74,9,9
44682,162,152,10,10
44683,59,60,-1,1
44684,196,189,7,7
44685,95,89,6,6
44686,64,60,4,4
44687,107,113,-6,6
44688,163,151,12,12
44689,78,75,3,3
44690,66,76,-10,10
44691,62,73,-11,11
44692,109,103,6,6
44693,77,79,-2,2
44694,125,120,5,5
44695,103,100,3,3
44696,81,77,4,4
44697,50,56,-6,6
44698,116,133,-17,17
44699,70,79,-9,9
44700,68,62,6,6
44701,96,87,9,9
44702,155,137,18,18
44703,128,135,-7,7
44704,75,77,-2,2
44705,116,113,3,3
44706,88,90,-2,2
44707,100,91,9,9
44708,73,76,-3,3
44709,140,143,-3,3
44710,106,109,-3,3
44711,87,91,-4,4
44712,78,86,-8,8
44713,92,91,1,1
44714,109,105,4,4
44715,69,76,-7,7
44716,174,166,8,8
44717,60,61,-1,1
44718,61,61,0,0
44719,59,66,-7,7
44720,124,124,0,0
44721,85,81,4,4
44722,136,112,24,24
44723,118,125,-7,7
44724,81,85,-4,4
44725,80,82,-2,2
44726,69,68,1,1
44727,60,66,-6,6
44728,63,67,-4,4
44729,46,45,1,1
44730,61,64,-3,3
44731,65,79,-14,14
44732,104,111,-7,7
44733,144,136,8,8
44734,73,95,-22,22
44735,77,76,1,1
44736,96,99,-3,3
44737,71,82,-11,11
44738,74,80,-6,6
44739,60,65,-5,5
44740,80,84,-4,4
44741,74,81,-7,7
44742,168,153,15,15
44743,145,137,8,8
44744,86,97,-11,11
44745,137,138,-1,1
44746,121,117,4,4
44747,91,79,12,12
44748,68,72,-4,4
44749,78,69,9,9
44750,84,86,-2,2
44751,150,141,9,9
44752,103,91,12,12
44753,79,78,1,1
44754,63,71,-8,8
44755,70,70,0,0
44756,229,217,12,12
44757,130,145,-15,15
44758,81,86,-5,5
44759,112,104,8,8
44760,134,119,15,15
44761,82,82,0,0
44762,152,206,-54,54
44763,90,98,-8,8
44764,105,113,-8,8
44765,138,138,0,0
44766,95,99,-4,4
44767,86,82,4,4
44768,91,82,9,9
44769,58,75,-17,17
44770,130,122,8,8
44771,154,143,11,11
44772,69,74,-5,5
44773,158,136,22,22
44774,136,134,2,2
44775,56,64,-8,8
44776,86,81,5,5
44777,49,54,-5,5
44778,138,133,5,5
44779,100,101,-1,1
44780,146,143,3,3
44781,56,58,-2,2
44782,79,83,-4,4
44783,53,52,1,1
44784,59,56,3,3
44785,64,62,2,2
44786,108,104,4,4
44787,66,70,-4,4
44788,117,119,-2,2
44789,60,58,2,2
44790,51,54,-3,3
44791,104,103,1,1
44792,92,109,-17,17
44793,87,78,9,9
44794,84,107,-23,23
44795,155,158,-3,3
44796,100,106,-6,6
44797,43,46,-3,3
44798,72,60,12,12
44799,124,132,-8,8
44800,116,139,-23,23
44801,159,144,15,15
44802,91,103,-12,12
44803,71,68,3,3
44804,158,153,5,5
44805,71,74,-3,3
44806,102,100,2,2
44807,117,115,2,2
44808,94,99,-5,5
44809,79,88,-9,9
44810,51,58,-7,7
44811,63,62,1,1
44812,55,59,-4,4
44813,152,131,21,21
44814,78,63,15,15
44815,54,56,-2,2
44816,80,80,0,0
44817,59,60,-1,1
44818,84,90,-6,6
44819,110,109,1,1
44820,124,113,11,11
44821,92,77,15,15
44822,126,130,-4,4
44823,130,122,8,8
44824,89,88,1,1
44825,109,108,1,1
44826,87,99,-12,12
44827,75,67,8,8
44828,225,219,6,6
44829,182,182,0,0
44830,82,84,-2,2
44831,54,64,-10,10
44832,187,170,17,17
44833,128,137,-9,9
44834,87,78,9,9
44835,92,84,8,8
44836,58,69,-11,11
44837,63,60,3,3
44838,100,95,5,5
44839,102,113,-11,11
44840,46,55,-9,9
44841,89,102,-13,13
44842,61,57,4,4
44843,134,136,-2,2
44844,69,72,-3,3
44845,118,117,1,1
44846,153,147,6,6
44847,115,113,2,2
44848,88,84,4,4
44849,91,92,-1,1
44850,51,46,5,5
44851,68,83,-15,15
44852,155,148,7,7
44853,52,54,-2,2
44854,71,75,-4,4
44855,100,98,2,2
44856,81,77,4,4
44857,168,160,8,8
44858,80,77,3,3
44859,83,81,2,2
44860,90,100,-10,10
44861,99,99,0,0
44862,45,45,0,0
44863,110,109,1,1
44864,118,102,16,16
44865,98,95,3,3
44866,162,154,8,8
44867,54,57,-3,3
44868,80,82,-2,2
44869,91,83,8,8
44870,81,75,6,6
44871,89,87,2,2
44872,58,59,-1,1
44873,194,204,-10,10
44874,78,82,-4,4
44875,63,62,1,1
44876,61,61,0,0
44877,98,99,-1,1
44878,95,99,-4,4
44879,97,90,7,7
44880,96,112,-16,16
44881,89,86,3,3
44882,154,146,8,8
44883,51,53,-2,2
44884,117,106,11,11
44885,42,55,-13,13
44886,92,88,4,4
44887,91,98,-7,7
44888,162,171,-9,9
44889,75,76,-1,1
44890,104,109,-5,5
44891,117,119,-2,2
44892,74,81,-7,7
44893,52,55,-3,3
44894,77,74,3,3
44895,83,84,-1,1
44896,71,76,-5,5
44897,57,59,-2,2
44898,62,61,1,1
44899,114,111,3,3
44900,58,65,-7,7
44901,120,126,-6,6
44902,74,77,-3,3
44903,95,81,14,14
44904,63,70,-7,7
44905,84,94,-10,10
44906,57,63,-6,6
44907,70,75,-5,5
44908,71,80,-9,9
44909,71,62,9,9
44910,140,127,13,13
44911,116,123,-7,7
44912,62,69,-7,7
44913,96,105,-9,9
44914,73,76,-3,3
44915,79,78,1,1
44916,97,85,12,12
44917,80,72,8,8
44918,76,80,-4,4
44919,67,69,-2,2
44920,176,171,5,5
44921,71,85,-14,14
44922,89,87,2,2
44923,75,76,-1,1
44924,142,132,10,10
44925,96,99,-3,3
44926,70,77,-7,7
44927,134,130,4,4
44928,123,123,0,0
44929,71,83,-12,12
44930,45,57,-12,12
44931,102,104,-2,2
44932,130,129,1,1
44933,134,135,-1,1
44934,71,83,-12,12
44935,111,126,-15,15
44936,134,122,12,12
44937,131,115,16,16
44938,136,164,-28,28
44939,116,114,2,2
44940,156,149,7,7
44941,139,125,14,14
44942,102,104,-2,2
44943,69,77,-8,8
44944,81,78,3,3
44945,109,117,-8,8
44946,94,92,2,2
44947,77,73,4,4
44948,173,178,-5,5
44949,70,76,-6,6
44950,77,82,-5,5
44951,95,98,-3,3
44952,96,92,4,4
44953,90,92,-2,2
44954,47,66,-19,19
44955,116,124,-8,8
44956,84,74,10,10
44957,62,66,-4,4
44958,128,143,-15,15
44959,83,82,1,1
44960,90,99,-9,9
44961,86,87,-1,1
44962,113,114,-1,1
44963,153,137,16,16
44964,90,91,-1,1
44965,96,101,-5,5
44966,76,87,-11,11
44967,73,77,-4,4
44968,98,100,-2,2
44969,23,47,-24,24
44970,57,60,-3,3
44971,65,78,-13,13
44972,107,113,-6,6
44973,140,139,1,1
44974,112,102,10,10
44975,149,162,-13,13
44976,100,79,21,21
44977,100,101,-1,1
44978,64,61,3,3
44979,89,87,2,2
44980,154,147,7,7
44981,53,58,-5,5
44982,45,46,-1,1
44983,61,66,-5,5
44984,108,108,0,0
44985,88,81,7,7
44986,109,114,-5,5
44987,143,125,18,18
44988,91,103,-12,12
44989,102,105,-3,3
44990,61,66,-5,5
44991,85,87,-2,2
44992,121,109,12,12
44993,65,62,3,3
44994,56,57,-1,1
44995,103,102,1,1
44996,111,100,11,11
44997,102,101,1,1
44998,99,89,10,10
44999,97,119,-22,22
45000,79,79,0,0
45001,139,134,5,5
45002,107,97,10,10
45003,166,170,-4,4
45004,51,55,-4,4
45005,75,67,8,8
45006,113,109,4,4
45007,69,82,-13,13
45008,129,130,-1,1
45009,197,192,5,5
45010,104,107,-3,3
45011,99,105,-6,6
45012,86,77,9,9
45013,95,88,7,7
45014,138,129,9,9
45015,78,77,1,1
45016,47,85,-38,38
45017,56,60,-4,4
45018,62,66,-4,4
45019,64,70,-6,6
45020,105,87,18,18
45021,104,102,2,2
45022,140,135,5,5
45023,84,92,-8,8
45024,126,134,-8,8
45025,82,82,0,0
45026,75,77,-2,2
45027,92,93,-1,1
45028,77,78,-1,1
45029,100,101,-1,1
45030,140,145,-5,5
45031,67,59,8,8
45032,117,125,-8,8
45033,54,59,-5,5
45034,81,83,-2,2
45035,130,131,-1,1
45036,100,100,0,0
45037,86,83,3,3
45038,57,64,-7,7
45039,115,111,4,4
45040,147,150,-3,3
45041,86,86,0,0
45042,39,48,-9,9
45043,79,80,-1,1
45044,89,93,-4,4
45045,70,67,3,3
45046,73,80,-7,7
45047,113,108,5,5
45048,99,105,-6,6
45049,78,79,-1,1
45050,132,134,-2,2
45051,79,89,-10,10
45052,143,139,4,4
45053,57,62,-5,5
45054,49,55,-6,6
45055,85,85,0,0
45056,49,80,-31,31
45057,96,90,6,6
45058,87,88,-1,1
45059,151,123,28,28
45060,147,145,2,2
45061,94,104,-10,10
45062,91,90,1,1
45063,56,57,-1,1
45064,123,135,-12,12
45065,188,170,18,18
45066,55,48,7,7
45067,117,109,8,8
45068,106,104,2,2
45069,109,121,-12,12
45070,61,57,4,4
45071,46,56,-10,10
45072,62,59,3,3
45073,102,100,2,2
45074,62,62,0,0
45075,85,86,-1,1
45076,89,88,1,1
45077,96,99,-3,3
45078,132,130,2,2
45079,94,98,-4,4
45080,118,109,9,9
45081,73,73,0,0
45082,69,73,-4,4
45083,57,61,-4,4
45084,86,90,-4,4
45085,130,118,12,12
45086,144,139,5,5
45087,67,70,-3,3
45088,64,98,-34,34
45089,85,80,5,5
45090,104,115,-11,11
45091,109,104,5,5
45092,110,110,0,0
45093,129,117,12,12
45094,97,98,-1,1
45095,85,86,-1,1
45096,104,100,4,4
45097,77,84,-7,7
45098,81,89,-8,8
45099,97,92,5,5
45100,130,143,-13,13
45101,67,69,-2,2
45102,55,57,-2,2
45103,92,86,6,6
45104,83,91,-8,8
45105,135,143,-8,8
45106,69,64,5,5
45107,109,114,-5,5
45108,98,88,10,10
45109,95,90,5,5
45110,121,124,-3,3
45111,80,73,7,7
45112,79,81,-2,2
45113,123,128,-5,5
45114,117,113,4,4
45115,59,65,-6,6
45116,89,95,-6,6
45117,82,83,-1,1
45118,117,110,7,7
45119,69,73,-4,4
45120,123,111,12,12
45121,57,68,-11,11
45122,87,80,7,7
45123,105,109,-4,4
45124,108,109,-1,1
45125,76,75,1,1
45126,74,108,-34,34
45127,84,73,11,11
45128,96,101,-5,5
45129,78,81,-3,3
45130,76,84,-8,8
45131,88,99,-11,11
45132,89,93,-4,4
45133,90,99,-9,9
45134,60,61,-1,1
45135,53,59,-6,6
45136,67,70,-3,3
45137,89,90,-1,1
45138,149,128,21,21
45139,95,102,-7,7
45140,109,115,-6,6
45141,169,176,-7,7
45142,78,72,6,6
45143,122,122,0,0
45144,48,66,-18,18
45145,108,121,-13,13
45146,90,91,-1,1
45147,147,131,16,16
45148,69,69,0,0
45149,112,105,7,7
45150,158,149,9,9
45151,123,137,-14,14
45152,42,47,-5,5
45153,135,125,10,10
45154,148,141,7,7
45155,109,111,-2,2
45156,73,67,6,6
45157,88,86,2,2
45158,90,83,7,7
45159,55,60,-5,5
45160,83,88,-5,5
45161,54,47,7,7
45162,85,88,-3,3
45163,75,71,4,4
45164,121,123,-2,2
45165,65,64,1,1
45166,77,73,4,4
45167,102,100,2,2
45168,104,114,-10,10
45169,67,63,4,4
45170,134,122,12,12
45171,107,100,7,7
45172,87,95,-8,8
45173,168,162,6,6
45174,145,147,-2,2
45175,127,131,-4,4
45176,168,157,11,11
45177,113,106,7,7
45178,64,72,-8,8
45179,64,68,-4,4
45180,83,87,-4,4
45181,83,83,0,0
45182,125,115,10,10
45183,61,58,3,3
45184,40,45,-5,5
45185,57,55,2,2
45186,153,141,12,12
45187,101,106,-5,5
45188,83,85,-2,2
45189,89,103,-14,14
45190,111,114,-3,3
45191,77,78,-1,1
45192,127,121,6,6
45193,128,121,7,7
45194,146,133,13,13
45195,49,56,-7,7
45196,49,59,-10,10
45197,57,67,-10,10
45198,89,85,4,4
45199,88,102,-14,14
45200,153,158,-5,5
45201,71,75,-4,4
45202,135,141,-6,6
45203,109,104,5,5
45204,73,70,3,3
45205,185,169,16,16
45206,69,66,3,3
45207,109,113,-4,4
45208,74,81,-7,7
45209,181,161,20,20
45210,96,103,-7,7
45211,93,109,-16,16
45212,60,58,2,2
45213,104,108,-4,4
45214,67,60,7,7
45215,89,100,-11,11
45216,128,116,12,12
45217,100,100,0,0
45218,96,93,3,3
45219,90,82,8,8
45220,68,68,0,0
45221,126,120,6,6
45222,54,62,-8,8
45223,106,111,-5,5
45224,63,63,0,0
45225,113,93,20,20
45226,45,56,-11,11
45227,98,94,4,4
45228,156,144,12,12
45229,52,59,-7,7
45230,134,125,9,9
45231,74,75,-1,1
45232,102,103,-1,1
45233,100,100,0,0
45234,62,67,-5,5
45235,82,75,7,7
45236,105,93,12,12
45237,69,75,-6,6
45238,124,135,-11,11
45239,118,115,3,3
45240,82,84,-2,2
45241,63,70,-7,7
45242,70,70,0,0
45243,68,70,-2,2
45244,121,114,7,7
45245,73,72,1,1
45246,51,55,-4,4
45247,81,77,4,4
45248,146,136,10,10
45249,88,89,-1,1
45250,101,101,0,0
45251,126,134,-8,8
45252,119,119,0,0
45253,113,122,-9,9
45254,172,153,19,19
45255,81,78,3,3
45256,90,89,1,1
45257,110,111,-1,1
45258,134,138,-4,4
45259,37,49,-12,12
45260,62,67,-5,5
45261,65,65,0,0
45262,52,56,-4,4
45263,76,82,-6,6
45264,116,114,2,2
45265,98,123,-25,25
45266,61,63,-2,2
45267,84,88,-4,4
45268,153,144,9,9
45269,72,68,4,4
45270,77,78,-1,1
45271,86,88,-2,2
45272,99,109,-10,10
45273,124,120,4,4
45274,66,75,-9,9
45275,76,76,0,0
45276,67,53,14,14
45277,133,122,11,11
45278,91,91,0,0
45279,71,80,-9,9
45280,207,205,2,2
45281,65,67,-2,2
45282,97,103,-6,6
45283,131,136,-5,5
45284,120,112,8,8
45285,59,63,-4,4
45286,124,119,5,5
45287,74,71,3,3
45288,101,103,-2,2
45289,85,85,0,0
45290,85,85,0,0
45291,137,130,7,7
45292,76,73,3,3
45293,136,140,-4,4
45294,139,135,4,4
45295,49,57,-8,8
45296,136,134,2,2
45297,75,68,7,7
45298,109,110,-1,1
45299,53,57,-4,4
45300,110,113,-3,3
45301,59,63,-4,4
45302,119,118,1,1
45303,86,83,3,3
45304,139,132,7,7
45305,132,126,6,6
45306,191,186,5,5
45307,87,81,6,6
45308,90,89,1,1
45309,122,122,0,0
45310,73,67,6,6
45311,122,113,9,9
45312,93,100,-7,7
45313,46,56,-10,10
45314,84,91,-7,7
45315,103,95,8,8
45316,39,41,-2,2
45317,96,105,-9,9
45318,72,72,0,0
45319,146,138,8,8
45320,80,92,-12,12
45321,68,79,-11,11
45322,49,55,-6,6
45323,110,110,0,0
45324,117,120,-3,3
45325,121,111,10,10
45326,55,66,-11,11
45327,149,159,-10,10
45328,78,77,1,1
45329,60,70,-10,10
45330,161,157,4,4
45331,95,105,-10,10
45332,75,65,10,10
45333,92,99,-7,7
45334,112,124,-12,12
45335,67,73,-6,6
45336,91,88,3,3
45337,109,104,5,5
45338,177,168,9,9
45339,105,116,-11,11
45340,82,78,4,4
45341,89,76,13,13
45342,109,110,-1,1
45343,67,80,-13,13
45344,117,119,-2,2
45345,96,100,-4,4
45346,49,60,-11,11
45347,110,106,4,4
45348,57,56,1,1
45349,118,96,22,22
45350,120,114,6,6
45351,77,82,-5,5
45352,107,99,8,8
45353,60,67,-7,7
45354,70,63,7,7
45355,115,117,-2,2
45356,70,76,-6,6
45357,70,67,3,3
45358,96,111,-15,15
45359,72,82,-10,10
45360,72,70,2,2
45361,67,70,-3,3
45362,170,158,12,12
45363,57,58,-1,1
45364,67,66,1,1
45365,85,88,-3,3
45366,95,110,-15,15
45367,119,142,-23,23
45368,84,79,5,5
45369,65,87,-22,22
45370,225,225,0,0
45371,97,100,-3,3
45372,81,82,-1,1
45373,104,106,-2,2
45374,23,29,-6,6
45375,75,75,0,0
45376,115,112,3,3
45377,111,102,9,9
45378,60,61,-1,1
45379,72,74,-2,2
45380,100,105,-5,5
45381,85,80,5,5
45382,60,62,-2,2
45383,55,65,-10,10
45384,120,126,-6,6
45385,121,128,-7,7
45386,79,77,2,2
45387,89,89,0,0
45388,127,118,9,9
45389,86,86,0,0
45390,58,55,3,3
45391,99,90,9,9
45392,126,133,-7,7
45393,53,55,-2,2
45394,55,63,-8,8
45395,107,114,-7,7
45396,67,68,-1,1
45397,83,97,-14,14
45398,81,85,-4,4
45399,92,91,1,1
45400,109,103,6,6
45401,148,152,-4,4
45402,115,124,-9,9
45403,124,120,4,4
45404,103,102,1,1
45405,122,127,-5,5
45406,104,109,-5,5
45407,58,46,12,12
45408,68,70,-2,2
45409,83,90,-7,7
45410,51,68,-17,17
45411,84,84,0,0
45412,129,136,-7,7
45413,64,71,-7,7
45414,150,139,11,11
45415,48,49,-1,1
45416,67,59,8,8
45417,72,74,-2,2
45418,101,99,2,2
45419,68,67,1,1
45420,135,124,11,11
45421,98,102,-4,4
45422,73,74,-1,1
45423,93,104,-11,11
45424,161,162,-1,1
45425,58,61,-3,3
45426,125,129,-4,4
45427,91,94,-3,3
45428,82,79,3,3
45429,82,88,-6,6
45430,89,109,-20,20
45431,45,43,2,2
45432,56,95,-39,39
45433,152,175,-23,23
45434,110,103,7,7
45435,81,79,2,2
45436,43,50,-7,7
45437,154,160,-6,6
45438,82,74,8,8
45439,104,111,-7,7
45440,78,86,-8,8
45441,130,121,9,9
45442,66,77,-11,11
45443,86,91,-5,5
45444,98,108,-10,10
45445,106,107,-1,1
45446,78,86,-8,8
45447,89,81,8,8
45448,84,88,-4,4
45449,111,101,10,10
45450,73,75,-2,2
45451,115,138,-23,23
45452,174,168,6,6
45453,87,79,8,8
45454,102,103,-1,1
45455,77,71,6,6
45456,37,39,-2,2
45457,131,130,1,1
45458,104,104,0,0
45459,109,145,-36,36
45460,89,85,4,4
45461,108,108,0,0
45462,158,151,7,7
45463,69,69,0,0
45464,89,83,6,6
45465,42,49,-7,7
45466,97,83,14,14
45467,70,74,-4,4
45468,116,115,1,1
45469,138,149,-11,11
45470,110,113,-3,3
45471,105,100,5,5
45472,51,60,-9,9
45473,94,104,-10,10
45474,75,72,3,3
45475,129,136,-7,7
45476,88,83,5,5
45477,100,91,9,9
45478,79,79,0,0
45479,176,170,6,6
45480,86,82,4,4
45481,88,101,-13,13
45482,105,117,-12,12
45483,140,134,6,6
45484,72,71,1,1
45485,111,103,8,8
45486,105,101,4,4
45487,191,181,10,10
45488,120,121,-1,1
45489,99,106,-7,7
45490,45,54,-9,9
45491,94,90,4,4
45492,80,86,-6,6
45493,85,84,1,1
45494,74,70,4,4
45495,78,81,-3,3
45496,131,123,8,8
45497,95,98,-3,3
45498,59,62,-3,3
45499,72,62,10,10
45500,108,112,-4,4
45501,71,75,-4,4
45502,74,71,3,3
45503,134,139,-5,5
45504,101,104,-3,3
45505,68,65,3,3
45506,127,126,1,1
45507,195,172,23,23
45508,73,75,-2,2
45509,77,78,-1,1
45510,79,74,5,5
45511,59,54,5,5
45512,115,104,11,11
45513,79,81,-2,2
45514,91,91,0,0
45515,82,81,1,1
45516,72,72,0,0
45517,63,74,-11,11
45518,89,89,0,0
45519,69,75,-6,6
45520,62,93,-31,31
45521,45,53,-8,8
45522,87,93,-6,6
45523,75,83,-8,8
45524,105,106,-1,1
45525,93,102,-9,9
45526,104,103,1,1
45527,86,92,-6,6
45528,159,157,2,2
45529,93,86,7,7
45530,112,114,-2,2
45531,120,115,5,5
45532,62,58,4,4
45533,108,109,-1,1
45534,124,128,-4,4
45535,167,152,15,15
45536,163,168,-5,5
45537,113,112,1,1
45538,98,87,11,11
45539,64,73,-9,9
45540,120,116,4,4
45541,52,53,-1,1
45542,42,45,-3,3
45543,131,144,-13,13
45544,95,82,13,13
45545,85,86,-1,1
45546,71,69,2,2
45547,116,112,4,4
45548,91,81,10,10
45549,94,92,2,2
45550,52,58,-6,6
45551,84,102,-18,18
45552,61,61,0,0
45553,101,107,-6,6
45554,97,100,-3,3
45555,96,105,-9,9
45556,141,150,-9,9
45557,124,118,6,6
45558,72,72,0,0
45559,79,132,-53,53
45560,155,159,-4,4
45561,112,124,-12,12
45562,63,62,1,1
45563,73,79,-6,6
45564,67,71,-4,4
45565,61,63,-2,2
45566,114,110,4,4
45567,33,37,-4,4
45568,64,66,-2,2
45569,79,76,3,3
45570,149,161,-12,12
45571,97,99,-2,2
45572,84,82,2,2
45573,134,140,-6,6
45574,85,99,-14,14
45575,123,115,8,8
45576,97,94,3,3
45577,69,70,-1,1
45578,116,108,8,8
45579,92,84,8,8
45580,125,126,-1,1
45581,103,99,4,4
45582,99,90,9,9
45583,154,163,-9,9
45584,102,103,-1,1
45585,53,58,-5,5
45586,104,109,-5,5
45587,218,190,28,28
45588,57,58,-1,1
45589,154,161,-7,7
45590,141,147,-6,6
45591,113,124,-11,11
45592,69,72,-3,3
45593,87,103,-16,16
45594,126,125,1,1
45595,99,107,-8,8
45596,85,90,-5,5
45597,78,89,-11,11
45598,85,76,9,9
45599,77,74,3,3
45600,97,92,5,5
45601,67,78,-11,11
45602,114,113,1,1
45603,130,135,-5,5
45604,127,118,9,9
45605,66,63,3,3
45606,74,80,-6,6
45607,117,115,2,2
45608,57,58,-1,1
45609,169,162,7,7
45610,79,82,-3,3
45611,122,136,-14,14
45612,117,122,-5,5
45613,82,84,-2,2
45614,119,118,1,1
45615,105,104,1,1
45616,121,113,8,8
45617,107,110,-3,3
45618,63,66,-3,3
45619,76,80,-4,4
45620,141,117,24,24
45621,76,75,1,1
45622,189,145,44,44
45623,78,78,0,0
45624,105,122,-17,17
45625,69,72,-3,3
45626,95,107,-12,12
45627,55,63,-8,8
45628,85,76,9,9
45629,62,68,-6,6
45630,72,76,-4,4
45631,91,94,-3,3
45632,78,90,-12,12
45633,69,66,3,3
45634,58,61,-3,3
45635,104,101,3,3
45636,90,92,-2,2
45637,45,58,-13,13
45638,109,99,10,10
45639,174,178,-4,4
45640,102,116,-14,14
45641,72,78,-6,6
45642,93,91,2,2
45643,88,118,-30,30
45644,147,136,11,11
45645,116,115,1,1
45646,71,91,-20,20
45647,59,63,-4,4
45648,110,109,1,1
45649,112,109,3,3
45650,67,53,14,14
45651,63,69,-6,6
45652,99,84,15,15
45653,71,69,2,2
45654,61,68,-7,7
45655,145,181,-36,36
45656,59,63,-4,4
45657,91,101,-10,10
45658,97,102,-5,5
45659,67,70,-3,3
45660,75,72,3,3
45661,107,92,15,15
45662,47,62,-15,15
45663,111,122,-11,11
45664,122,116,6,6
45665,145,138,7,7
45666,133,117,16,16
45667,90,85,5,5
45668,153,151,2,2
45669,83,76,7,7
45670,44,57,-13,13
45671,64,68,-4,4
45672,74,79,-5,5
45673,98,102,-4,4
45674,117,78,39,39
45675,83,88,-5,5
45676,52,59,-7,7
45677,74,74,0,0
45678,128,126,2,2
45679,75,76,-1,1
45680,71,72,-1,1
45681,72,72,0,0
45682,80,80,0,0
45683,98,98,0,0
45684,138,138,0,0
45685,161,156,5,5
45686,152,150,2,2
45687,117,114,3,3
45688,96,104,-8,8
45689,76,77,-1,1
45690,150,151,-1,1
45691,71,77,-6,6
45692,127,134,-7,7
45693,93,100,-7,7
45694,116,118,-2,2
45695,128,125,3,3
45696,47,49,-2,2
45697,53,57,-4,4
45698,173,173,0,0
45699,84,102,-18,18
45700,74,73,1,1
45701,40,45,-5,5
45702,125,109,16,16
45703,100,111,-11,11
45704,62,66,-4,4
45705,120,114,6,6
45706,163,140,23,23
45707,111,112,-1,1
45708,62,71,-9,9
45709,104,112,-8,8
45710,96,92,4,4
45711,71,67,4,4
45712,94,101,-7,7
45713,109,110,-1,1
45714,46,52,-6,6
45715,94,90,4,4
45716,52,53,-1,1
45717,88,84,4,4
45718,68,76,-8,8
45719,193,203,-10,10
45720,137,125,12,12
45721,109,111,-2,2
45722,97,108,-11,11
45723,114,108,6,6
45724,90,89,1,1
45725,57,69,-12,12
45726,119,113,6,6
45727,157,151,6,6
45728,86,81,5,5
45729,108,108,0,0
45730,82,85,-3,3
45731,111,107,4,4
45732,110,110,0,0
45733,108,100,8,8
45734,92,83,9,9
45735,38,40,-2,2
45736,92,96,-4,4
45737,92,88,4,4
45738,68,61,7,7
45739,74,82,-8,8
45740,83,86,-3,3
45741,106,87,19,19
45742,86,90,-4,4
45743,78,70,8,8
45744,155,163,-8,8
45745,116,117,-1,1
45746,129,102,27,27
45747,99,99,0,0
45748,114,108,6,6
45749,103,99,4,4
45750,82,73,9,9
45751,50,50,0,0
45752,86,83,3,3
45753,82,82,0,0
45754,82,93,-11,11
45755,50,60,-10,10
45756,88,76,12,12
45757,86,79,7,7
45758,103,102,1,1
45759,60,59,1,1
45760,68,67,1,1
45761,86,69,17,17
45762,85,82,3,3
45763,80,76,4,4
45764,58,66,-8,8
45765,63,80,-17,17
45766,117,115,2,2
45767,97,110,-13,13
45768,59,60,-1,1
45769,66,70,-4,4
45770,121,118,3,3
45771,77,73,4,4
45772,47,48,-1,1
45773,61,68,-7,7
45774,128,125,3,3
45775,225,216,9,9
45776,145,137,8,8
45777,125,133,-8,8
45778,40,44,-4,4
45779,94,86,8,8
45780,103,101,2,2
45781,137,131,6,6
45782,151,146,5,5
45783,98,104,-6,6
45784,115,114,1,1
45785,77,73,4,4
45786,75,103,-28,28
45787,75,77,-2,2
45788,117,115,2,2
45789,133,136,-3,3
45790,89,99,-10,10
45791,92,95,-3,3
45792,66,68,-2,2
45793,26,39,-13,13
45794,135,126,9,9
45795,82,86,-4,4
45796,44,51,-7,7
45797,79,50,29,29
45798,135,142,-7,7
45799,122,135,-13,13
45800,177,175,2,2
45801,93,85,8,8
45802,54,51,3,3
45803,104,119,-15,15
45804,69,66,3,3
45805,64,68,-4,4
45806,113,123,-10,10
45807,69,66,3,3
45808,127,133,-6,6
45809,115,116,-1,1
45810,75,76,-1,1
45811,81,79,2,2
45812,35,42,-7,7
45813,120,123,-3,3
45814,86,86,0,0
45815,111,104,7,7
45816,149,135,14,14
45817,86,84,2,2
45818,122,119,3,3
45819,80,87,-7,7
45820,91,86,5,5
45821,106,106,0,0
45822,30,54,-24,24
45823,84,86,-2,2
45824,159,131,28,28
45825,76,82,-6,6
45826,73,74,-1,1
45827,78,80,-2,2
45828,271,245,26,26
45829,138,145,-7,7
45830,72,79,-7,7
45831,77,69,8,8
45832,94,94,0,0
45833,101,103,-2,2
45834,72,72,0,0
45835,101,109,-8,8
45836,120,120,0,0
45837,159,157,2,2
45838,78,80,-2,2
45839,78,83,-5,5
45840,106,107,-1,1
45841,87,100,-13,13
45842,62,67,-5,5
45843,106,111,-5,5
45844,127,134,-7,7
45845,101,103,-2,2
45846,56,58,-2,2
45847,41,53,-12,12
45848,83,85,-2,2
45849,128,130,-2,2
45850,86,78,8,8
45851,82,88,-6,6
45852,104,103,1,1
45853,116,137,-21,21
45854,115,113,2,2
45855,81,86,-5,5
45856,82,93,-11,11
45857,88,85,3,3
45858,115,117,-2,2
45859,170,170,0,0
45860,110,112,-2,2
45861,228,207,21,21
45862,161,146,15,15
45863,72,76,-4,4
45864,171,155,16,16
45865,117,110,7,7
45866,116,116,0,0
45867,60,55,5,5
45868,113,121,-8,8
45869,121,116,5,5
45870,41,57,-16,16
45871,98,91,7,7
45872,83,81,2,2
45873,56,60,-4,4
45874,107,103,4,4
45875,90,85,5,5
45876,91,98,-7,7
45877,68,73,-5,5
45878,131,120,11,11
45879,95,88,7,7
45880,93,89,4,4
45881,99,100,-1,1
45882,195,171,24,24
45883,124,116,8,8
45884,124,119,5,5
45885,44,66,-22,22
45886,63,61,2,2
45887,175,162,13,13
45888,127,114,13,13
45889,113,118,-5,5
45890,118,101,17,17
45891,99,111,-12,12
45892,89,88,1,1
45893,64,63,1,1
45894,73,76,-3,3
45895,104,99,5,5
45896,50,57,-7,7
45897,94,78,16,16
45898,115,120,-5,5
45899,91,91,0,0
45900,80,74,6,6
45901,81,86,-5,5
45902,80,86,-6,6
45903,100,100,0,0
45904,123,125,-2,2
45905,89,82,7,7
45906,71,69,2,2
45907,162,142,20,20
45908,152,133,19,19
45909,69,69,0,0
45910,81,87,-6,6
45911,71,76,-5,5
45912,90,86,4,4
45913,104,103,1,1
45914,106,105,1,1
45915,66,67,-1,1
45916,66,64,2,2
45917,79,90,-11,11
45918,45,50,-5,5
45919,89,87,2,2
45920,105,88,17,17
45921,59,56,3,3
45922,103,98,5,5
45923,116,118,-2,2
45924,93,91,2,2
45925,116,133,-17,17
45926,133,125,8,8
45927,86,82,4,4
45928,86,76,10,10
45929,65,68,-3,3
45930,139,126,13,13
45931,117,124,-7,7
45932,67,67,0,0
45933,119,105,14,14
45934,81,100,-19,19
45935,127,123,4,4
45936,142,135,7,7
45937,87,86,1,1
45938,70,70,0,0
45939,79,80,-1,1
45940,119,121,-2,2
45941,73,70,3,3
45942,72,61,11,11
45943,87,91,-4,4
45944,108,107,1,1
45945,120,121,-1,1
45946,82,80,2,2
45947,97,102,-5,5
45948,73,80,-7,7
45949,69,68,1,1
45950,96,99,-3,3
45951,44,47,-3,3
45952,104,102,2,2
45953,68,72,-4,4
45954,108,85,23,23
45955,81,86,-5,5
45956,124,121,3,3
45957,91,85,6,6
45958,116,133,-17,17
45959,41,43,-2,2
45960,93,98,-5,5
45961,100,106,-6,6
45962,70,81,-11,11
45963,82,82,0,0
45964,124,114,10,10
45965,168,158,10,10
45966,81,81,0,0
45967,124,131,-7,7
45968,74,71,3,3
45969,191,179,12,12
45970,99,110,-11,11
45971,72,73,-1,1
45972,92,100,-8,8
45973,122,125,-3,3
45974,104,102,2,2
45975,93,89,4,4
45976,50,58,-8,8
45977,79,84,-5,5
45978,86,85,1,1
45979,147,162,-15,15
45980,129,144,-15,15
45981,135,147,-12,12
45982,124,112,12,12
45983,91,96,-5,5
45984,80,90,-10,10
45985,150,159,-9,9
45986,113,112,1,1
45987,74,66,8,8
45988,165,154,11,11
45989,105,92,13,13
45990,49,54,-5,5
45991,96,104,-8,8
45992,115,115,0,0
45993,132,128,4,4
45994,111,107,4,4
45995,44,51,-7,7
45996,98,88,10,10
45997,52,48,4,4
45998,78,84,-6,6
45999,71,72,-1,1
46000,30,33,-3,3
46001,116,120,-4,4
46002,128,149,-21,21
46003,75,84,-9,9
46004,47,56,-9,9
46005,89,91,-2,2
46006,88,81,7,7
46007,102,104,-2,2
46008,48,54,-6,6
46009,59,61,-2,2
46010,131,124,7,7
46011,71,73,-2,2
46012,81,85,-4,4
46013,110,109,1,1
46014,154,151,3,3
46015,120,121,-1,1
46016,155,141,14,14
46017,109,108,1,1
46018,71,80,-9,9
46019,81,85,-4,4
46020,58,62,-4,4
46021,69,80,-11,11
46022,134,129,5,5
46023,99,93,6,6
46024,71,73,-2,2
46025,99,102,-3,3
46026,76,79,-3,3
46027,98,85,13,13
46028,68,69,-1,1
46029,105,98,7,7
46030,109,102,7,7
46031,143,142,1,1
46032,112,109,3,3
46033,82,106,-24,24
46034,59,60,-1,1
46035,170,162,8,8
46036,84,97,-13,13
46037,84,98,-14,14
46038,97,103,-6,6
46039,241,215,26,26
46040,216,197,19,19
46041,121,123,-2,2
46042,72,66,6,6
46043,61,63,-2,2
46044,76,76,0,0
46045,140,144,-4,4
46046,101,97,4,4
46047,92,84,8,8
46048,65,63,2,2
46049,62,69,-7,7
46050,62,67,-5,5
46051,172,152,20,20
46052,82,78,4,4
46053,118,119,-1,1
46054,99,94,5,5
46055,121,120,1,1
46056,108,109,-1,1
46057,96,80,16,16
46058,145,136,9,9
46059,111,135,-24,24
46060,46,51,-5,5
46061,74,68,6,6
46062,96,97,-1,1
46063,60,62,-2,2
46064,110,139,-29,29
46065,78,82,-4,4
46066,114,103,11,11
46067,154,171,-17,17
46068,165,154,11,11
46069,42,45,-3,3
46070,91,87,4,4
46071,100,105,-5,5
46072,110,97,13,13
46073,67,75,-8,8
46074,68,74,-6,6
46075,137,119,18,18
46076,87,89,-2,2
46077,93,85,8,8
46078,86,88,-2,2
46079,200,205,-5,5
46080,119,116,3,3
46081,176,166,10,10
46082,75,75,0,0
46083,125,115,10,10
46084,74,81,-7,7
46085,102,99,3,3
46086,53,55,-2,2
46087,107,105,2,2
46088,95,91,4,4
46089,120,125,-5,5
46090,88,87,1,1
46091,66,74,-8,8
46092,94,88,6,6
46093,137,141,-4,4
46094,67,79,-12,12
46095,83,82,1,1
46096,56,56,0,0
46097,139,127,12,12
46098,100,92,8,8
46099,78,89,-11,11
46100,103,100,3,3
46101,59,66,-7,7
46102,47,56,-9,9
46103,65,62,3,3
46104,112,105,7,7
46105,132,119,13,13
46106,82,88,-6,6
46107,118,118,0,0
46108,109,99,10,10
46109,91,89,2,2
46110,67,70,-3,3
46111,83,84,-1,1
46112,79,79,0,0
46113,26,28,-2,2
46114,44,59,-15,15
46115,71,78,-7,7
46116,86,83,3,3
46117,77,77,0,0
46118,53,49,4,4
46119,98,90,8,8
46120,144,125,19,19
46121,89,80,9,9
46122,67,70,-3,3
46123,147,135,12,12
46124,127,129,-2,2
46125,85,82,3,3
46126,66,62,4,4
46127,89,80,9,9
46128,89,96,-7,7
46129,75,75,0,0
46130,72,69,3,3
46131,101,107,-6,6
46132,126,102,24,24
46133,62,62,0,0
46134,83,80,3,3
46135,151,146,5,5
46136,102,106,-4,4
46137,215,200,15,15
46138,149,142,7,7
46139,133,130,3,3
46140,90,84,6,6
46141,100,85,15,15
46142,57,55,2,2
46143,61,60,1,1
46144,41,41,0,0
46145,137,129,8,8
46146,164,155,9,9
46147,242,224,18,18
46148,99,101,-2,2
46149,51,54,-3,3
46150,68,66,2,2
46151,78,76,2,2
46152,120,118,2,2
46153,87,86,1,1
46154,105,99,6,6
46155,112,107,5,5
46156,87,90,-3,3
46157,88,89,-1,1
46158,71,70,1,1
46159,125,123,2,2
46160,73,77,-4,4
46161,108,111,-3,3
46162,76,79,-3,3
46163,45,45,0,0
46164,100,101,-1,1
46165,76,78,-2,2
46166,158,156,2,2
46167,92,91,1,1
46168,77,82,-5,5
46169,44,46,-2,2
46170,115,123,-8,8
46171,85,91,-6,6
46172,109,108,1,1
46173,89,96,-7,7
46174,39,45,-6,6
46175,66,69,-3,3
46176,62,71,-9,9
46177,89,98,-9,9
46178,130,127,3,3
46179,92,91,1,1
46180,138,123,15,15
46181,118,110,8,8
46182,219,234,-15,15
46183,104,108,-4,4
46184,94,102,-8,8
46185,100,88,12,12
46186,54,50,4,4
46187,153,135,18,18
46188,84,84,0,0
46189,91,101,-10,10
46190,46,50,-4,4
46191,53,64,-11,11
46192,77,71,6,6
46193,80,73,7,7
46194,138,128,10,10
46195,80,76,4,4
46196,138,121,17,17
46197,141,133,8,8
46198,91,88,3,3
46199,176,166,10,10
46200,117,121,-4,4
46201,69,75,-6,6
46202,108,118,-10,10
46203,101,98,3,3
46204,135,129,6,6
46205,115,116,-1,1
46206,102,106,-4,4
46207,56,64,-8,8
46208,96,100,-4,4
46209,69,69,0,0
46210,106,115,-9,9
46211,151,152,-1,1
46212,110,109,1,1
46213,112,101,11,11
46214,134,125,9,9
46215,65,66,-1,1
46216,66,68,-2,2
46217,97,103,-6,6
46218,109,111,-2,2
46219,141,133,8,8
46220,78,97,-19,19
46221,94,112,-18,18
46222,64,72,-8,8
46223,47,60,-13,13
46224,79,77,2,2
46225,104,110,-6,6
46226,39,40,-1,1
46227,62,73,-11,11
46228,123,123,0,0
46229,144,127,17,17
46230,108,112,-4,4
46231,183,157,26,26
46232,85,85,0,0
46233,49,55,-6,6
46234,40,45,-5,5
46235,27,45,-18,18
46236,107,108,-1,1
46237,135,146,-11,11
46238,129,119,10,10
46239,77,76,1,1
46240,61,70,-9,9
46241,58,71,-13,13
46242,144,139,5,5
46243,53,57,-4,4
46244,95,103,-8,8
46245,82,74,8,8
46246,73,76,-3,3
46247,174,177,-3,3
46248,101,99,2,2
46249,100,127,-27,27
46250,81,75,6,6
46251,94,91,3,3
46252,76,80,-4,4
46253,70,74,-4,4
46254,100,105,-5,5
46255,79,61,18,18
46256,83,84,-1,1
46257,90,98,-8,8
46258,136,130,6,6
46259,61,59,2,2
46260,106,112,-6,6
46261,90,91,-1,1
46262,32,37,-5,5
46263,100,108,-8,8
46264,74,69,5,5
46265,62,67,-5,5
46266,101,95,6,6
46267,104,99,5,5
46268,94,85,9,9
46269,95,102,-7,7
46270,134,131,3,3
46271,134,134,0,0
46272,77,74,3,3
46273,80,99,-19,19
46274,90,89,1,1
46275,128,120,8,8
46276,108,116,-8,8
46277,64,72,-8,8
46278,44,56,-12,12
46279,115,111,4,4
46280,49,56,-7,7
46281,64,75,-11,11
46282,64,67,-3,3
46283,128,124,4,4
46284,69,73,-4,4
46285,73,68,5,5
46286,38,43,-5,5
46287,71,73,-2,2
46288,94,99,-5,5
46289,89,96,-7,7
46290,63,67,-4,4
46291,116,108,8,8
46292,83,85,-2,2
46293,38,49,-11,11
46294,57,63,-6,6
46295,84,85,-1,1
46296,552,425,127,127
46297,75,74,1,1
46298,70,66,4,4
46299,90,107,-17,17
46300,181,200,-19,19
46301,109,110,-1,1
46302,99,113,-14,14
46303,99,100,-1,1
46304,73,73,0,0
46305,71,76,-5,5
46306,125,132,-7,7
46307,142,145,-3,3
46308,125,124,1,1
46309,99,100,-1,1
46310,127,116,11,11
46311,134,119,15,15
46312,87,82,5,5
46313,99,110,-11,11
46314,116,122,-6,6
46315,57,62,-5,5
46316,160,149,11,11
46317,104,99,5,5
46318,106,110,-4,4
46319,82,87,-5,5
46320,149,136,13,13
46321,122,125,-3,3
46322,46,51,-5,5
46323,44,59,-15,15
46324,47,60,-13,13
46325,46,68,-22,22
46326,103,109,-6,6
46327,118,120,-2,2
46328,62,64,-2,2
46329,61,69,-8,8
46330,90,91,-1,1
46331,87,78,9,9
46332,163,149,14,14
46333,108,112,-4,4
46334,68,72,-4,4
46335,128,121,7,7
46336,132,151,-19,19
46337,48,59,-11,11
46338,66,63,3,3
46339,62,70,-8,8
46340,77,85,-8,8
46341,47,63,-16,16
46342,124,117,7,7
46343,95,106,-11,11
46344,65,63,2,2
46345,70,75,-5,5
46346,133,132,1,1
46347,98,103,-5,5
46348,138,145,-7,7
46349,93,99,-6,6
46350,136,130,6,6
46351,119,114,5,5
46352,102,109,-7,7
46353,106,123,-17,17
46354,75,79,-4,4
46355,58,60,-2,2
46356,130,114,16,16
46357,85,87,-2,2
46358,102,114,-12,12
46359,66,68,-2,2
46360,83,102,-19,19
46361,85,88,-3,3
46362,122,120,2,2
46363,107,115,-8,8
46364,68,75,-7,7
46365,58,62,-4,4
46366,87,82,5,5
46367,67,74,-7,7
46368,74,79,-5,5
46369,68,63,5,5
46370,104,94,10,10
46371,158,157,1,1
46372,131,124,7,7
46373,103,104,-1,1
46374,109,112,-3,3
46375,64,65,-1,1
46376,123,111,12,12
46377,111,106,5,5
46378,38,44,-6,6
46379,59,52,7,7
46380,46,60,-14,14
46381,101,110,-9,9
46382,149,139,10,10
46383,116,114,2,2
46384,62,81,-19,19
46385,78,81,-3,3
46386,92,86,6,6
46387,109,105,4,4
46388,94,100,-6,6
46389,107,112,-5,5
46390,75,80,-5,5
46391,64,69,-5,5
46392,30,40,-10,10
46393,127,128,-1,1
46394,67,69,-2,2
46395,109,112,-3,3
46396,187,172,15,15
46397,90,93,-3,3
46398,123,120,3,3
46399,72,67,5,5
46400,124,127,-3,3
46401,110,113,-3,3
46402,108,112,-4,4
46403,65,73,-8,8
46404,116,123,-7,7
46405,77,93,-16,16
46406,40,54,-14,14
46407,108,108,0,0
46408,159,154,5,5
46409,60,63,-3,3
46410,116,111,5,5
46411,124,142,-18,18
46412,94,102,-8,8
46413,90,81,9,9
46414,30,34,-4,4
46415,89,89,0,0
46416,89,82,7,7
46417,111,121,-10,10
46418,84,87,-3,3
46419,49,56,-7,7
46420,75,65,10,10
46421,136,121,15,15
46422,41,87,-46,46
46423,72,73,-1,1
46424,173,166,7,7
46425,70,76,-6,6
46426,90,97,-7,7
46427,153,156,-3,3
46428,138,146,-8,8
46429,147,147,0,0
46430,116,129,-13,13
46431,148,142,6,6
46432,117,120,-3,3
46433,103,102,1,1
46434,123,122,1,1
46435,151,133,18,18
46436,126,127,-1,1
46437,105,116,-11,11
46438,111,116,-5,5
46439,71,65,6,6
46440,99,113,-14,14
46441,59,69,-10,10
46442,104,100,4,4
46443,60,59,1,1
46444,88,90,-2,2
46445,63,62,1,1
46446,186,175,11,11
46447,97,89,8,8
46448,128,120,8,8
46449,162,149,13,13
46450,74,71,3,3
46451,92,85,7,7
46452,153,147,6,6
46453,97,99,-2,2
46454,116,115,1,1
46455,161,135,26,26
46456,73,75,-2,2
46457,107,112,-5,5
46458,112,128,-16,16
46459,89,85,4,4
46460,92,88,4,4
46461,83,82,1,1
46462,108,122,-14,14
46463,108,113,-5,5
46464,49,47,2,2
46465,64,66,-2,2
46466,109,118,-9,9
46467,52,55,-3,3
46468,139,141,-2,2
46469,90,92,-2,2
46470,90,97,-7,7
46471,70,75,-5,5
46472,97,103,-6,6
46473,56,63,-7,7
46474,64,78,-14,14
46475,67,67,0,0
46476,48,54,-6,6
46477,69,68,1,1
46478,93,91,2,2
46479,144,141,3,3
46480,145,155,-10,10
46481,142,143,-1,1
46482,150,149,1,1
46483,58,56,2,2
46484,120,109,11,11
46485,102,104,-2,2
46486,142,144,-2,2
46487,100,107,-7,7
46488,125,126,-1,1
46489,84,96,-12,12
46490,123,126,-3,3
46491,145,154,-9,9
46492,86,90,-4,4
46493,73,74,-1,1
46494,97,94,3,3
46495,57,57,0,0
46496,122,120,2,2
46497,71,64,7,7
46498,99,101,-2,2
46499,83,75,8,8
46500,165,155,10,10
46501,193,180,13,13
46502,104,102,2,2
46503,110,124,-14,14
46504,65,58,7,7
46505,72,76,-4,4
46506,76,77,-1,1
46507,173,166,7,7
46508,76,91,-15,15
46509,95,91,4,4
46510,96,97,-1,1
46511,82,79,3,3
46512,91,104,-13,13
46513,88,85,3,3
46514,104,111,-7,7
46515,114,120,-6,6
46516,109,104,5,5
46517,74,74,0,0
46518,137,129,8,8
46519,93,92,1,1
46520,88,90,-2,2
46521,55,68,-13,13
46522,72,74,-2,2
46523,71,95,-24,24
46524,110,98,12,12
46525,114,116,-2,2
46526,128,131,-3,3
46527,65,70,-5,5
46528,114,118,-4,4
46529,97,91,6,6
46530,117,147,-30,30
46531,72,78,-6,6
46532,92,88,4,4
46533,64,63,1,1
46534,125,132,-7,7
46535,99,103,-4,4
46536,56,65,-9,9
46537,54,56,-2,2
46538,122,121,1,1
46539,178,179,-1,1
46540,179,171,8,8
46541,80,77,3,3
46542,109,106,3,3
46543,83,85,-2,2
46544,103,100,3,3
46545,61,69,-8,8
46546,125,117,8,8
46547,96,91,5,5
46548,96,115,-19,19
46549,97,99,-2,2
46550,108,92,16,16
46551,89,90,-1,1
46552,55,58,-3,3
46553,87,133,-46,46
46554,49,53,-4,4
46555,94,100,-6,6
46556,93,120,-27,27
46557,75,74,1,1
46558,65,66,-1,1
46559,52,54,-2,2
46560,83,80,3,3
46561,123,109,14,14
46562,92,87,5,5
46563,74,79,-5,5
46564,109,99,10,10
46565,52,57,-5,5
46566,76,69,7,7
46567,116,114,2,2
46568,83,77,6,6
46569,82,80,2,2
46570,144,139,5,5
46571,35,42,-7,7
46572,155,150,5,5
46573,136,130,6,6
46574,123,118,5,5
46575,81,76,5,5
46576,66,71,-5,5
46577,131,125,6,6
46578,133,119,14,14
46579,71,68,3,3
46580,82,83,-1,1
46581,82,84,-2,2
46582,42,45,-3,3
46583,137,153,-16,16
46584,140,164,-24,24
46585,58,65,-7,7
46586,117,108,9,9
46587,69,83,-14,14
46588,85,88,-3,3
46589,52,44,8,8
46590,87,101,-14,14
46591,135,143,-8,8
46592,64,67,-3,3
46593,129,112,17,17
46594,190,186,4,4
46595,68,73,-5,5
46596,82,74,8,8
46597,75,77,-2,2
46598,149,135,14,14
46599,84,81,3,3
46600,54,54,0,0
46601,98,99,-1,1
46602,99,87,12,12
46603,125,125,0,0
46604,86,89,-3,3
46605,95,93,2,2
46606,75,78,-3,3
46607,80,77,3,3
46608,118,120,-2,2
46609,91,82,9,9
46610,106,103,3,3
46611,85,97,-12,12
46612,153,151,2,2
46613,103,107,-4,4
46614,159,160,-1,1
46615,69,71,-2,2
46616,166,138,28,28
46617,109,109,0,0
46618,133,124,9,9
46619,191,173,18,18
46620,113,99,14,14
46621,124,113,11,11
46622,139,137,2,2
46623,88,90,-2,2
46624,43,78,-35,35
46625,71,76,-5,5
46626,116,115,1,1
46627,115,109,6,6
46628,118,120,-2,2
46629,62,64,-2,2
46630,106,108,-2,2
46631,116,132,-16,16
46632,137,129,8,8
46633,201,176,25,25
46634,53,58,-5,5
46635,73,77,-4,4
46636,46,54,-8,8
46637,90,88,2,2
46638,126,127,-1,1
46639,113,117,-4,4
46640,80,74,6,6
46641,102,98,4,4
46642,161,148,13,13
46643,103,106,-3,3
46644,119,131,-12,12
46645,54,65,-11,11
46646,159,149,10,10
46647,87,79,8,8
46648,59,53,6,6
46649,59,66,-7,7
46650,90,87,3,3
46651,59,66,-7,7
46652,104,102,2,2
46653,131,134,-3,3
46654,60,63,-3,3
46655,68,66,2,2
46656,86,85,1,1
46657,88,83,5,5
46658,146,147,-1,1
46659,62,61,1,1
46660,152,150,2,2
46661,104,106,-2,2
46662,67,64,3,3
46663,102,107,-5,5
46664,96,102,-6,6
46665,99,111,-12,12
46666,99,106,-7,7
46667,76,81,-5,5
46668,97,99,-2,2
46669,83,88,-5,5
46670,112,121,-9,9
46671,63,67,-4,4
46672,136,144,-8,8
46673,74,77,-3,3
46674,172,153,19,19
46675,136,121,15,15
46676,120,127,-7,7
46677,116,119,-3,3
46678,126,121,5,5
46679,114,110,4,4
46680,72,77,-5,5
46681,104,106,-2,2
46682,147,150,-3,3
46683,103,104,-1,1
46684,81,73,8,8
46685,80,85,-5,5
46686,101,101,0,0
46687,125,112,13,13
46688,92,78,14,14
46689,84,82,2,2
46690,80,110,-30,30
46691,150,144,6,6
46692,61,65,-4,4
46693,112,112,0,0
46694,112,106,6,6
46695,67,58,9,9
46696,137,133,4,4
46697,58,61,-3,3
46698,105,104,1,1
46699,88,92,-4,4
46700,76,74,2,2
46701,88,85,3,3
46702,108,115,-7,7
46703,97,98,-1,1
46704,141,142,-1,1
46705,64,78,-14,14
46706,51,59,-8,8
46707,101,90,11,11
46708,158,157,1,1
46709,97,100,-3,3
46710,79,84,-5,5
46711,69,70,-1,1
46712,97,107,-10,10
46713,90,90,0,0
46714,85,91,-6,6
46715,90,86,4,4
46716,120,117,3,3
46717,61,64,-3,3
46718,145,147,-2,2
46719,77,79,-2,2
46720,49,56,-7,7
46721,81,84,-3,3
46722,70,72,-2,2
46723,107,102,5,5
46724,87,83,4,4
46725,66,67,-1,1
46726,108,108,0,0
46727,86,83,3,3
46728,68,71,-3,3
46729,84,74,10,10
46730,72,75,-3,3
46731,67,73,-6,6
46732,73,73,0,0
46733,81,82,-1,1
46734,65,60,5,5
46735,130,113,17,17
46736,47,44,3,3
46737,117,120,-3,3
46738,141,132,9,9
46739,204,185,19,19
46740,85,85,0,0
46741,116,127,-11,11
46742,118,113,5,5
46743,110,115,-5,5
46744,100,99,1,1
46745,93,96,-3,3
46746,53,56,-3,3
46747,86,79,7,7
46748,70,70,0,0
46749,80,80,0,0
46750,146,150,-4,4
46751,72,74,-2,2
46752,154,152,2,2
46753,206,204,2,2
46754,72,78,-6,6
46755,141,137,4,4
46756,83,108,-25,25
46757,141,143,-2,2
46758,97,106,-9,9
46759,137,132,5,5
46760,124,127,-3,3
46761,84,86,-2,2
46762,102,119,-17,17
46763,22,57,-35,35
46764,97,102,-5,5
46765,59,60,-1,1
46766,124,128,-4,4
46767,198,195,3,3
46768,93,81,12,12
46769,96,95,1,1
46770,99,93,6,6
46771,191,157,34,34
46772,88,84,4,4
46773,88,82,6,6
46774,114,113,1,1
46775,85,98,-13,13
46776,85,74,11,11
46777,63,65,-2,2
46778,129,108,21,21
46779,142,145,-3,3
46780,66,77,-11,11
46781,64,61,3,3
46782,72,67,5,5
46783,143,146,-3,3
46784,73,68,5,5
46785,92,98,-6,6
46786,80,86,-6,6
46787,123,121,2,2
46788,67,73,-6,6
46789,87,104,-17,17
46790,81,69,12,12
46791,77,104,-27,27
46792,70,69,1,1
46793,120,122,-2,2
46794,119,124,-5,5
46795,116,121,-5,5
46796,193,192,1,1
46797,90,96,-6,6
46798,113,132,-19,19
46799,109,104,5,5
46800,85,87,-2,2
46801,63,65,-2,2
46802,56,61,-5,5
46803,131,137,-6,6
46804,108,111,-3,3
46805,58,61,-3,3
46806,57,64,-7,7
46807,98,119,-21,21
46808,86,107,-21,21
46809,60,61,-1,1
46810,54,63,-9,9
46811,160,147,13,13
46812,91,101,-10,10
46813,179,149,30,30
46814,68,87,-19,19
46815,143,140,3,3
46816,86,75,11,11
46817,115,120,-5,5
46818,139,124,15,15
46819,95,100,-5,5
46820,66,80,-14,14
46821,66,67,-1,1
46822,143,144,-1,1
46823,87,84,3,3
46824,85,96,-11,11
46825,77,80,-3,3
46826,77,70,7,7
46827,91,84,7,7
46828,80,82,-2,2
46829,23,29,-6,6
46830,92,91,1,1
46831,109,103,6,6
46832,115,109,6,6
46833,93,100,-7,7
46834,67,73,-6,6
46835,150,147,3,3
46836,78,71,7,7
46837,159,161,-2,2
46838,124,112,12,12
46839,93,107,-14,14
46840,133,139,-6,6
46841,79,85,-6,6
46842,62,67,-5,5
46843,73,72,1,1
46844,66,65,1,1
46845,69,67,2,2
46846,146,163,-17,17
46847,73,66,7,7
46848,91,104,-13,13
46849,67,68,-1,1
46850,80,102,-22,22
46851,96,91,5,5
46852,75,75,0,0
46853,72,84,-12,12
46854,87,84,3,3
46855,93,85,8,8
46856,115,111,4,4
46857,142,136,6,6
46858,168,144,24,24
46859,149,140,9,9
46860,91,89,2,2
46861,69,77,-8,8
46862,112,111,1,1
46863,83,81,2,2
46864,63,56,7,7
46865,84,87,-3,3
46866,113,106,7,7
46867,98,100,-2,2
46868,174,171,3,3
46869,103,100,3,3
46870,32,82,-50,50
46871,126,132,-6,6
46872,132,133,-1,1
46873,49,53,-4,4
46874,107,109,-2,2
46875,121,132,-11,11
46876,132,122,10,10
46877,75,76,-1,1
46878,71,78,-7,7
46879,69,81,-12,12
46880,158,151,7,7
46881,73,72,1,1
46882,146,134,12,12
46883,49,61,-12,12
46884,124,124,0,0
46885,71,70,1,1
46886,43,42,1,1
46887,94,101,-7,7
46888,120,132,-12,12
46889,107,108,-1,1
46890,83,77,6,6
46891,111,110,1,1
46892,79,81,-2,2
46893,93,98,-5,5
46894,130,128,2,2
46895,119,113,6,6
46896,80,75,5,5
46897,80,74,6,6
46898,76,77,-1,1
46899,101,107,-6,6
46900,131,127,4,4
46901,91,100,-9,9
46902,81,89,-8,8
46903,102,105,-3,3
46904,108,91,17,17
46905,79,78,1,1
46906,121,114,7,7
46907,135,139,-4,4
46908,68,80,-12,12
46909,104,115,-11,11
46910,44,43,1,1
46911,103,112,-9,9
46912,136,143,-7,7
46913,107,92,15,15
46914,78,97,-19,19
46915,75,77,-2,2
46916,37,38,-1,1
46917,24,35,-11,11
46918,166,161,5,5
46919,134,128,6,6
46920,116,116,0,0
46921,85,86,-1,1
46922,130,131,-1,1
46923,150,141,9,9
46924,103,103,0,0
46925,92,90,2,2
46926,127,134,-7,7
46927,72,75,-3,3
46928,95,104,-9,9
46929,56,57,-1,1
46930,170,152,18,18
46931,106,98,8,8
46932,78,81,-3,3
46933,135,140,-5,5
46934,113,108,5,5
46935,191,184,7,7
46936,61,70,-9,9
46937,95,85,10,10
46938,119,119,0,0
46939,114,108,6,6
46940,88,87,1,1
46941,71,71,0,0
46942,76,75,1,1
46943,50,62,-12,12
46944,69,69,0,0
46945,51,75,-24,24
46946,74,84,-10,10
46947,79,78,1,1
46948,74,86,-12,12
46949,113,121,-8,8
46950,99,111,-12,12
46951,86,87,-1,1
46952,91,88,3,3
46953,83,100,-17,17
46954,106,103,3,3
46955,66,65,1,1
46956,74,69,5,5
46957,78,76,2,2
46958,101,106,-5,5
46959,78,84,-6,6
46960,91,104,-13,13
46961,94,101,-7,7
46962,86,88,-2,2
46963,64,67,-3,3
46964,98,82,16,16
46965,100,115,-15,15
46966,148,136,12,12
46967,96,105,-9,9
46968,135,122,13,13
46969,123,136,-13,13
46970,65,68,-3,3
46971,86,81,5,5
46972,86,84,2,2
46973,93,92,1,1
46974,106,108,-2,2
46975,122,117,5,5
46976,75,87,-12,12
46977,86,85,1,1
46978,51,54,-3,3
46979,56,62,-6,6
46980,125,133,-8,8
46981,92,88,4,4
46982,108,119,-11,11
46983,151,144,7,7
46984,83,85,-2,2
46985,66,72,-6,6
46986,138,126,12,12
46987,120,126,-6,6
46988,79,76,3,3
46989,86,95,-9,9
46990,163,166,-3,3
46991,112,113,-1,1
46992,98,87,11,11
46993,40,72,-32,32
46994,85,87,-2,2
46995,73,80,-7,7
46996,84,96,-12,12
46997,127,132,-5,5
46998,113,106,7,7
46999,116,114,2,2
47000,91,99,-8,8
47001,91,77,14,14
47002,50,55,-5,5
47003,78,82,-4,4
47004,90,91,-1,1
47005,125,121,4,4
47006,84,90,-6,6
47007,79,78,1,1
47008,69,71,-2,2
47009,115,104,11,11
47010,227,237,-10,10
47011,107,111,-4,4
47012,136,164,-28,28
47013,88,85,3,3
47014,117,120,-3,3
47015,81,85,-4,4
47016,150,146,4,4
47017,101,122,-21,21
47018,169,163,6,6
47019,75,81,-6,6
47020,146,149,-3,3
47021,96,94,2,2
47022,66,69,-3,3
47023,73,74,-1,1
47024,85,95,-10,10
47025,104,91,13,13
47026,53,58,-5,5
47027,148,157,-9,9
47028,119,113,6,6
47029,45,46,-1,1
47030,72,74,-2,2
47031,126,127,-1,1
47032,64,65,-1,1
47033,119,120,-1,1
47034,89,99,-10,10
47035,139,139,0,0
47036,111,119,-8,8
47037,100,105,-5,5
47038,82,85,-3,3
47039,138,137,1,1
47040,47,51,-4,4
47041,167,154,13,13
47042,63,63,0,0
47043,118,116,2,2
47044,201,202,-1,1
47045,82,91,-9,9
47046,91,99,-8,8
47047,81,84,-3,3
47048,91,87,4,4
47049,119,111,8,8
47050,88,83,5,5
47051,76,79,-3,3
47052,86,87,-1,1
47053,47,51,-4,4
47054,134,130,4,4
47055,96,101,-5,5
47056,82,77,5,5
47057,82,79,3,3
47058,89,91,-2,2
47059,99,108,-9,9
47060,93,101,-8,8
47061,87,90,-3,3
47062,62,72,-10,10
47063,58,54,4,4
47064,82,85,-3,3
47065,142,146,-4,4
47066,101,99,2,2
47067,127,120,7,7
47068,46,47,-1,1
47069,116,113,3,3
47070,54,65,-11,11
47071,71,69,2,2
47072,121,143,-22,22
47073,80,81,-1,1
47074,86,86,0,0
47075,119,114,5,5
47076,71,78,-7,7
47077,171,163,8,8
47078,126,116,10,10
47079,57,57,0,0
47080,99,103,-4,4
47081,55,61,-6,6
47082,77,81,-4,4
47083,110,112,-2,2
47084,77,106,-29,29
47085,111,111,0,0
47086,164,166,-2,2
47087,104,101,3,3
47088,85,85,0,0
47089,75,75,0,0
47090,119,113,6,6
47091,82,83,-1,1
47092,122,112,10,10
47093,111,110,1,1
47094,102,99,3,3
47095,54,57,-3,3
47096,96,98,-2,2
47097,65,67,-2,2
47098,135,136,-1,1
47099,79,77,2,2
47100,92,81,11,11
47101,56,61,-5,5
47102,109,95,14,14
47103,124,125,-1,1
47104,65,71,-6,6
47105,84,85,-1,1
47106,107,106,1,1
47107,114,98,16,16
47108,92,85,7,7
47109,129,125,4,4
47110,159,152,7,7
47111,80,86,-6,6
47112,106,109,-3,3
47113,76,79,-3,3
47114,81,87,-6,6
47115,115,116,-1,1
47116,89,100,-11,11
47117,66,72,-6,6
47118,49,57,-8,8
47119,74,72,2,2
47120,77,72,5,5
47121,98,98,0,0
47122,181,167,14,14
47123,65,67,-2,2
47124,125,123,2,2
47125,120,126,-6,6
47126,92,85,7,7
47127,125,121,4,4
47128,97,100,-3,3
47129,113,105,8,8
47130,69,73,-4,4
47131,41,48,-7,7
47132,112,114,-2,2
47133,93,85,8,8
47134,77,75,2,2
47135,114,127,-13,13
47136,90,90,0,0
47137,119,126,-7,7
47138,85,99,-14,14
47139,99,110,-11,11
47140,113,92,21,21
47141,112,121,-9,9
47142,43,47,-4,4
47143,73,71,2,2
47144,149,152,-3,3
47145,72,75,-3,3
47146,62,69,-7,7
47147,74,73,1,1
47148,197,186,11,11
47149,93,105,-12,12
47150,103,80,23,23
47151,96,91,5,5
47152,191,165,26,26
47153,116,114,2,2
47154,75,72,3,3
47155,99,108,-9,9
47156,94,85,9,9
47157,124,131,-7,7
47158,83,84,-1,1
47159,131,126,5,5
47160,108,98,10,10
47161,108,121,-13,13
47162,77,77,0,0
47163,77,67,10,10
47164,126,123,3,3
47165,59,67,-8,8
47166,101,114,-13,13
47167,121,120,1,1
47168,116,121,-5,5
47169,124,118,6,6
47170,69,64,5,5
47171,160,154,6,6
47172,67,74,-7,7
47173,111,119,-8,8
47174,80,102,-22,22
47175,44,47,-3,3
47176,89,84,5,5
47177,92,89,3,3
47178,105,113,-8,8
47179,113,105,8,8
47180,83,84,-1,1
47181,54,53,1,1
47182,47,51,-4,4
47183,105,101,4,4
47184,65,64,1,1
47185,118,112,6,6
47186,115,103,12,12
47187,92,101,-9,9
47188,69,63,6,6
47189,42,50,-8,8
47190,64,62,2,2
47191,119,125,-6,6
47192,142,130,12,12
47193,117,110,7,7
47194,67,74,-7,7
47195,157,148,9,9
47196,57,62,-5,5
47197,122,111,11,11
47198,84,78,6,6
47199,112,115,-3,3
47200,96,100,-4,4
47201,75,66,9,9
47202,86,86,0,0
47203,168,155,13,13
47204,128,114,14,14
47205,111,111,0,0
47206,95,99,-4,4
47207,74,84,-10,10
47208,101,85,16,16
47209,69,67,2,2
47210,160,160,0,0
47211,139,130,9,9
47212,24,62,-38,38
47213,89,90,-1,1
47214,102,107,-5,5
47215,49,51,-2,2
47216,94,108,-14,14
47217,76,74,2,2
47218,170,148,22,22
47219,158,156,2,2
47220,31,82,-51,51
47221,66,72,-6,6
47222,106,91,15,15
47223,60,71,-11,11
47224,77,81,-4,4
47225,68,69,-1,1
47226,129,130,-1,1
47227,60,61,-1,1
47228,106,110,-4,4
47229,64,62,2,2
47230,67,66,1,1
47231,85,86,-1,1
47232,79,75,4,4
47233,175,167,8,8
47234,20,60,-40,40
47235,169,153,16,16
47236,90,98,-8,8
47237,74,74,0,0
47238,68,82,-14,14
47239,52,59,-7,7
47240,81,87,-6,6
47241,106,113,-7,7
47242,113,119,-6,6
47243,64,67,-3,3
47244,98,105,-7,7
47245,120,124,-4,4
47246,85,83,2,2
47247,70,66,4,4
47248,121,121,0,0
47249,132,125,7,7
47250,50,50,0,0
47251,68,78,-10,10
47252,55,57,-2,2
47253,122,115,7,7
47254,107,101,6,6
47255,69,75,-6,6
47256,115,114,1,1
47257,118,115,3,3
47258,184,208,-24,24
47259,78,90,-12,12
47260,47,53,-6,6
47261,65,68,-3,3
47262,109,99,10,10
47263,89,78,11,11
47264,141,144,-3,3
47265,68,90,-22,22
47266,167,149,18,18
47267,68,77,-9,9
47268,86,95,-9,9
47269,93,91,2,2
47270,91,89,2,2
47271,65,73,-8,8
47272,132,133,-1,1
47273,91,98,-7,7
47274,71,67,4,4
47275,71,66,5,5
47276,120,122,-2,2
47277,118,114,4,4
47278,117,118,-1,1
47279,157,159,-2,2
47280,73,79,-6,6
47281,108,114,-6,6
47282,82,73,9,9
47283,122,119,3,3
47284,143,149,-6,6
47285,172,164,8,8
47286,76,64,12,12
47287,130,135,-5,5
47288,61,61,0,0
47289,65,72,-7,7
47290,128,122,6,6
47291,98,95,3,3
47292,161,171,-10,10
47293,56,57,-1,1
47294,97,136,-39,39
47295,176,201,-25,25
47296,125,123,2,2
47297,115,112,3,3
47298,81,83,-2,2
47299,103,103,0,0
47300,53,56,-3,3
47301,173,167,6,6
47302,132,127,5,5
47303,129,124,5,5
47304,120,119,1,1
47305,123,118,5,5
47306,203,173,30,30
47307,59,51,8,8
47308,67,70,-3,3
47309,132,122,10,10
47310,182,164,18,18
47311,143,146,-3,3
47312,97,86,11,11
47313,91,87,4,4
47314,96,107,-11,11
47315,91,90,1,1
47316,87,81,6,6
47317,143,152,-9,9
47318,65,59,6,6
47319,78,68,10,10
47320,78,79,-1,1
47321,140,141,-1,1
47322,93,99,-6,6
47323,52,55,-3,3
47324,95,104,-9,9
47325,96,87,9,9
47326,72,74,-2,2
47327,113,116,-3,3
47328,97,92,5,5
47329,77,79,-2,2
47330,71,74,-3,3
47331,58,61,-3,3
47332,72,72,0,0
47333,210,184,26,26
47334,97,90,7,7
47335,141,147,-6,6
47336,130,135,-5,5
47337,105,110,-5,5
47338,66,77,-11,11
47339,78,87,-9,9
47340,96,102,-6,6
47341,120,120,0,0
47342,57,63,-6,6
47343,162,156,6,6
47344,134,137,-3,3
47345,161,150,11,11
47346,171,170,1,1
47347,91,101,-10,10
47348,46,52,-6,6
47349,128,121,7,7
47350,113,102,11,11
47351,96,97,-1,1
47352,55,55,0,0
47353,101,106,-5,5
47354,146,141,5,5
47355,83,122,-39,39
47356,41,48,-7,7
47357,117,117,0,0
47358,118,125,-7,7
47359,89,99,-10,10
47360,88,88,0,0
47361,37,37,0,0
47362,68,73,-5,5
47363,53,50,3,3
47364,106,103,3,3
47365,125,119,6,6
47366,79,81,-2,2
47367,100,101,-1,1
47368,99,108,-9,9
47369,99,104,-5,5
47370,130,124,6,6
47371,75,85,-10,10
47372,101,100,1,1
47373,90,88,2,2
47374,154,140,14,14
47375,116,113,3,3
47376,60,71,-11,11
47377,144,147,-3,3
47378,75,78,-3,3
47379,110,108,2,2
47380,124,128,-4,4
47381,79,97,-18,18
47382,38,43,-5,5
47383,90,90,0,0
47384,84,73,11,11
47385,76,82,-6,6
47386,88,98,-10,10
47387,124,130,-6,6
47388,76,82,-6,6
47389,84,81,3,3
47390,75,76,-1,1
47391,78,77,1,1
47392,48,54,-6,6
47393,70,77,-7,7
47394,125,119,6,6
47395,129,132,-3,3
47396,75,69,6,6
47397,91,105,-14,14
47398,108,109,-1,1
47399,100,97,3,3
47400,56,69,-13,13
47401,140,128,12,12
47402,62,63,-1,1
47403,224,187,37,37
47404,109,115,-6,6
47405,159,160,-1,1
47406,90,97,-7,7
47407,125,121,4,4
47408,96,101,-5,5
47409,74,90,-16,16
47410,109,117,-8,8
47411,84,84,0,0
47412,50,48,2,2
47413,146,138,8,8
47414,116,107,9,9
47415,93,87,6,6
47416,92,85,7,7
47417,72,67,5,5
47418,159,142,17,17
47419,79,76,3,3
47420,117,110,7,7
47421,92,83,9,9
47422,102,104,-2,2
47423,61,66,-5,5
47424,55,49,6,6
47425,91,79,12,12
47426,94,88,6,6
47427,64,67,-3,3
47428,121,118,3,3
47429,50,53,-3,3
47430,91,88,3,3
47431,87,88,-1,1
47432,100,98,2,2
47433,60,59,1,1
47434,139,140,-1,1
47435,77,75,2,2
47436,54,63,-9,9
47437,117,101,16,16
47438,105,119,-14,14
47439,105,103,2,2
47440,78,79,-1,1
47441,108,100,8,8
47442,111,124,-13,13
47443,112,119,-7,7
47444,69,70,-1,1
47445,100,106,-6,6
47446,96,98,-2,2
47447,31,43,-12,12
47448,75,74,1,1
47449,68,72,-4,4
47450,53,59,-6,6
47451,63,67,-4,4
47452,85,81,4,4
47453,126,128,-2,2
47454,107,110,-3,3
47455,130,130,0,0
47456,65,65,0,0
47457,73,72,1,1
47458,107,113,-6,6
47459,121,123,-2,2
47460,99,103,-4,4
47461,92,99,-7,7
47462,170,168,2,2
47463,85,70,15,15
47464,142,138,4,4
47465,86,87,-1,1
47466,63,66,-3,3
47467,121,115,6,6
47468,84,92,-8,8
47469,66,64,2,2
47470,60,63,-3,3
47471,68,62,6,6
47472,113,127,-14,14
47473,101,103,-2,2
47474,48,57,-9,9
47475,154,153,1,1
47476,160,154,6,6
47477,102,96,6,6
47478,94,91,3,3
47479,84,79,5,5
47480,107,115,-8,8
47481,66,72,-6,6
47482,87,90,-3,3
47483,84,76,8,8
47484,86,90,-4,4
47485,101,59,42,42
47486,83,76,7,7
47487,70,64,6,6
47488,104,95,9,9
47489,78,74,4,4
47490,69,68,1,1
47491,172,162,10,10
47492,66,75,-9,9
47493,96,93,3,3
47494,73,76,-3,3
47495,122,132,-10,10
47496,66,75,-9,9
47497,78,81,-3,3
47498,70,126,-56,56
47499,62,69,-7,7
47500,64,64,0,0
47501,189,174,15,15
47502,101,104,-3,3
47503,83,84,-1,1
47504,88,81,7,7
47505,108,104,4,4
47506,109,108,1,1
47507,50,48,2,2
47508,100,100,0,0
47509,98,93,5,5
47510,74,70,4,4
47511,151,135,16,16
47512,67,73,-6,6
47513,145,134,11,11
47514,99,97,2,2
47515,79,78,1,1
47516,66,74,-8,8
47517,87,82,5,5
47518,104,97,7,7
47519,75,74,1,1
47520,81,74,7,7
47521,79,86,-7,7
47522,82,81,1,1
47523,202,183,19,19
47524,64,62,2,2
47525,142,138,4,4
47526,77,95,-18,18
47527,95,110,-15,15
47528,127,129,-2,2
47529,89,99,-10,10
47530,136,146,-10,10
47531,63,70,-7,7
47532,123,120,3,3
47533,113,110,3,3
47534,98,101,-3,3
47535,136,123,13,13
47536,124,116,8,8
47537,124,119,5,5
47538,162,149,13,13
47539,81,99,-18,18
47540,93,93,0,0
47541,83,88,-5,5
47542,127,115,12,12
47543,60,58,2,2
47544,83,85,-2,2
47545,60,63,-3,3
47546,103,113,-10,10
47547,93,81,12,12
47548,78,79,-1,1
47549,97,97,0,0
47550,73,70,3,3
47551,128,123,5,5
47552,92,100,-8,8
47553,37,37,0,0
47554,154,149,5,5
47555,60,69,-9,9
47556,94,91,3,3
47557,103,100,3,3
47558,72,74,-2,2
47559,65,77,-12,12
47560,85,89,-4,4
47561,111,111,0,0
47562,88,91,-3,3
47563,110,103,7,7
47564,102,101,1,1
47565,59,59,0,0
47566,89,81,8,8
47567,113,103,10,10
47568,65,73,-8,8
47569,148,145,3,3
47570,83,85,-2,2
47571,81,81,0,0
47572,88,86,2,2
47573,67,72,-5,5
47574,44,53,-9,9
47575,98,105,-7,7
47576,89,88,1,1
47577,85,87,-2,2
47578,165,147,18,18
47579,58,66,-8,8
47580,118,113,5,5
47581,138,119,19,19
47582,85,80,5,5
47583,77,81,-4,4
47584,58,60,-2,2
47585,78,73,5,5
47586,94,110,-16,16
47587,51,58,-7,7
47588,109,120,-11,11
47589,72,78,-6,6
47590,71,70,1,1
47591,83,88,-5,5
47592,97,99,-2,2
47593,81,84,-3,3
47594,192,206,-14,14
47595,152,143,9,9
47596,101,104,-3,3
47597,65,59,6,6
47598,77,79,-2,2
47599,130,123,7,7
47600,124,99,25,25
47601,89,91,-2,2
47602,105,117,-12,12
47603,85,83,2,2
47604,147,146,1,1
47605,108,123,-15,15
47606,86,86,0,0
47607,66,70,-4,4
47608,62,62,0,0
47609,74,67,7,7
47610,144,124,20,20
47611,77,75,2,2
47612,53,47,6,6
47613,81,78,3,3
47614,121,121,0,0
47615,71,69,2,2
47616,75,64,11,11
47617,105,98,7,7
47618,98,106,-8,8
47619,133,138,-5,5
47620,115,119,-4,4
47621,56,57,-1,1
47622,139,136,3,3
47623,108,113,-5,5
47624,207,184,23,23
47625,43,57,-14,14
47626,135,129,6,6
47627,122,126,-4,4
47628,61,70,-9,9
47629,97,89,8,8
47630,77,75,2,2
47631,123,107,16,16
47632,59,65,-6,6
47633,113,120,-7,7
47634,125,123,2,2
47635,88,88,0,0
47636,72,69,3,3
47637,137,141,-4,4
47638,113,107,6,6
47639,112,107,5,5
47640,60,67,-7,7
47641,106,111,-5,5
47642,143,144,-1,1
47643,91,92,-1,1
47644,95,88,7,7
47645,155,137,18,18
47646,106,109,-3,3
47647,103,120,-17,17
47648,142,130,12,12
47649,76,77,-1,1
47650,115,124,-9,9
47651,96,118,-22,22
47652,103,99,4,4
47653,106,110,-4,4
47654,67,64,3,3
47655,100,101,-1,1
47656,103,93,10,10
47657,72,75,-3,3
47658,142,135,7,7
47659,32,49,-17,17
47660,137,140,-3,3
47661,57,65,-8,8
47662,69,76,-7,7
47663,47,52,-5,5
47664,82,79,3,3
47665,113,105,8,8
47666,81,88,-7,7
47667,96,99,-3,3
47668,67,67,0,0
47669,138,131,7,7
47670,73,71,2,2
47671,62,81,-19,19
47672,45,54,-9,9
47673,106,105,1,1
47674,65,65,0,0
47675,79,81,-2,2
47676,109,118,-9,9
47677,147,140,7,7
47678,67,65,2,2
47679,94,90,4,4
47680,73,75,-2,2
47681,57,68,-11,11
47682,124,114,10,10
47683,68,65,3,3
47684,89,90,-1,1
47685,105,98,7,7
47686,64,79,-15,15
47687,78,85,-7,7
47688,108,103,5,5
47689,171,167,4,4
47690,92,84,8,8
47691,63,67,-4,4
47692,66,72,-6,6
47693,85,90,-5,5
47694,134,130,4,4
47695,73,73,0,0
47696,85,84,1,1
47697,81,78,3,3
47698,119,118,1,1
47699,64,59,5,5
47700,73,71,2,2
47701,120,110,10,10
47702,122,119,3,3
47703,97,106,-9,9
47704,69,73,-4,4
47705,88,86,2,2
47706,86,88,-2,2
47707,87,90,-3,3
47708,152,143,9,9
47709,65,65,0,0
47710,37,47,-10,10
47711,125,113,12,12
47712,117,128,-11,11
47713,72,73,-1,1
47714,120,135,-15,15
47715,67,71,-4,4
47716,147,146,1,1
47717,142,136,6,6
47718,111,98,13,13
47719,104,107,-3,3
47720,90,82,8,8
47721,76,76,0,0
47722,82,71,11,11
47723,122,100,22,22
47724,176,164,12,12
47725,97,79,18,18
47726,84,85,-1,1
47727,94,89,5,5
47728,175,180,-5,5
47729,90,98,-8,8
47730,62,64,-2,2
47731,116,109,7,7
47732,137,134,3,3
47733,141,134,7,7
47734,96,109,-13,13
47735,99,100,-1,1
47736,66,62,4,4
47737,183,179,4,4
47738,64,63,1,1
47739,137,146,-9,9
47740,51,56,-5,5
47741,35,37,-2,2
47742,137,126,11,11
47743,151,154,-3,3
47744,115,116,-1,1
47745,94,90,4,4
47746,42,43,-1,1
47747,57,66,-9,9
47748,102,110,-8,8
47749,59,61,-2,2
47750,73,83,-10,10
47751,80,81,-1,1
47752,102,111,-9,9
47753,111,112,-1,1
47754,150,151,-1,1
47755,149,140,9,9
47756,129,121,8,8
47757,35,51,-16,16
47758,50,56,-6,6
47759,85,79,6,6
47760,90,87,3,3
47761,129,117,12,12
47762,111,116,-5,5
47763,80,89,-9,9
47764,165,168,-3,3
47765,69,70,-1,1
47766,132,122,10,10
47767,145,137,8,8
47768,51,52,-1,1
47769,152,140,12,12
47770,64,66,-2,2
47771,168,156,12,12
47772,100,109,-9,9
47773,72,64,8,8
47774,86,90,-4,4
47775,67,75,-8,8
47776,71,75,-4,4
47777,156,154,2,2
47778,92,87,5,5
47779,93,99,-6,6
47780,95,106,-11,11
47781,113,113,0,0
47782,105,103,2,2
47783,77,83,-6,6
47784,96,107,-11,11
47785,103,108,-5,5
47786,76,88,-12,12
47787,77,74,3,3
47788,103,96,7,7
47789,80,81,-1,1
47790,72,78,-6,6
47791,98,101,-3,3
47792,94,84,10,10
47793,145,151,-6,6
47794,57,58,-1,1
47795,95,89,6,6
47796,97,76,21,21
47797,160,146,14,14
47798,161,156,5,5
47799,71,68,3,3
47800,95,89,6,6
47801,100,100,0,0
47802,57,48,9,9
47803,96,94,2,2
47804,70,71,-1,1
47805,51,81,-30,30
47806,70,72,-2,2
47807,27,36,-9,9
47808,93,86,7,7
47809,110,110,0,0
47810,128,126,2,2
47811,146,154,-8,8
47812,81,71,10,10
47813,100,93,7,7
47814,77,70,7,7
47815,57,61,-4,4
47816,110,108,2,2
47817,90,88,2,2
47818,105,111,-6,6
47819,91,81,10,10
47820,158,152,6,6
47821,79,75,4,4
47822,52,51,1,1
47823,86,81,5,5
47824,100,102,-2,2
47825,65,67,-2,2
47826,116,110,6,6
47827,75,69,6,6
47828,95,92,3,3
47829,71,76,-5,5
47830,87,92,-5,5
47831,79,70,9,9
47832,77,75,2,2
47833,55,60,-5,5
47834,94,89,5,5
47835,99,101,-2,2
47836,98,102,-4,4
47837,95,110,-15,15
47838,123,127,-4,4
47839,76,90,-14,14
47840,157,164,-7,7
47841,75,79,-4,4
47842,114,113,1,1
47843,47,45,2,2
47844,110,113,-3,3
47845,122,117,5,5
47846,89,95,-6,6
47847,65,69,-4,4
47848,63,70,-7,7
47849,140,130,10,10
47850,101,105,-4,4
47851,132,130,2,2
47852,175,183,-8,8
47853,79,77,2,2
47854,97,97,0,0
47855,108,98,10,10
47856,76,69,7,7
47857,80,76,4,4
47858,114,106,8,8
47859,160,171,-11,11
47860,101,92,9,9
47861,143,132,11,11
47862,40,46,-6,6
47863,151,145,6,6
47864,111,126,-15,15
47865,105,123,-18,18
47866,93,90,3,3
47867,121,126,-5,5
47868,162,155,7,7
47869,91,103,-12,12
47870,86,86,0,0
47871,133,139,-6,6
47872,69,73,-4,4
47873,110,112,-2,2
47874,76,72,4,4
47875,70,77,-7,7
47876,129,112,17,17
47877,105,101,4,4
47878,118,115,3,3
47879,51,57,-6,6
47880,155,147,8,8
47881,80,80,0,0
47882,91,110,-19,19
47883,87,82,5,5
47884,61,75,-14,14
47885,65,68,-3,3
47886,85,88,-3,3
47887,89,87,2,2
47888,62,62,0,0
47889,85,88,-3,3
47890,65,77,-12,12
47891,127,123,4,4
47892,94,100,-6,6
47893,106,106,0,0
47894,72,71,1,1
47895,115,113,2,2
47896,100,91,9,9
47897,56,58,-2,2
47898,78,88,-10,10
47899,100,102,-2,2
47900,94,95,-1,1
47901,104,102,2,2
47902,76,88,-12,12
47903,100,101,-1,1
47904,114,110,4,4
47905,94,85,9,9
47906,92,94,-2,2
47907,51,53,-2,2
47908,129,130,-1,1
47909,30,38,-8,8
47910,91,105,-14,14
47911,72,73,-1,1
47912,99,102,-3,3
47913,59,60,-1,1
47914,103,100,3,3
47915,140,122,18,18
47916,71,76,-5,5
47917,77,78,-1,1
47918,108,112,-4,4
47919,87,79,8,8
47920,150,152,-2,2
47921,108,115,-7,7
47922,78,75,3,3
47923,143,138,5,5
47924,109,117,-8,8
47925,81,85,-4,4
47926,82,89,-7,7
47927,46,49,-3,3
47928,142,132,10,10
47929,54,55,-1,1
47930,89,99,-10,10
47931,53,55,-2,2
47932,73,69,4,4
47933,74,74,0,0
47934,43,41,2,2
47935,89,89,0,0
47936,71,76,-5,5
47937,62,76,-14,14
47938,59,67,-8,8
47939,114,109,5,5
47940,56,58,-2,2
47941,94,100,-6,6
47942,102,113,-11,11
47943,112,109,3,3
47944,75,78,-3,3
47945,77,90,-13,13
47946,124,124,0,0
47947,128,119,9,9
47948,70,76,-6,6
47949,84,139,-55,55
47950,151,140,11,11
47951,113,107,6,6
47952,85,80,5,5
47953,82,104,-22,22
47954,163,163,0,0
47955,124,136,-12,12
47956,80,72,8,8
47957,122,148,-26,26
47958,88,79,9,9
47959,66,64,2,2
47960,83,82,1,1
47961,118,115,3,3
47962,57,58,-1,1
47963,66,75,-9,9
47964,108,106,2,2
47965,93,103,-10,10
47966,51,52,-1,1
47967,171,161,10,10
47968,114,103,11,11
47969,45,50,-5,5
47970,86,83,3,3
47971,62,71,-9,9
47972,67,68,-1,1
47973,76,80,-4,4
47974,108,116,-8,8
47975,100,119,-19,19
47976,139,137,2,2
47977,115,119,-4,4
47978,144,116,28,28
47979,90,81,9,9
47980,91,82,9,9
47981,75,81,-6,6
47982,135,130,5,5
47983,67,78,-11,11
47984,117,105,12,12
47985,127,117,10,10
47986,59,61,-2,2
47987,48,57,-9,9
47988,69,70,-1,1
47989,93,84,9,9
47990,123,129,-6,6
47991,131,144,-13,13
47992,105,105,0,0
47993,121,127,-6,6
47994,111,118,-7,7
47995,43,45,-2,2
47996,131,127,4,4
47997,133,123,10,10
47998,74,77,-3,3
47999,154,137,17,17
48000,36,37,-1,1
48001,83,91,-8,8
48002,114,118,-4,4
48003,115,111,4,4
48004,117,114,3,3
48005,129,124,5,5
48006,119,117,2,2
48007,65,70,-5,5
48008,88,91,-3,3
48009,80,73,7,7
48010,43,42,1,1
48011,68,73,-5,5
48012,157,147,10,10
48013,104,105,-1,1
48014,56,54,2,2
48015,52,62,-10,10
48016,115,111,4,4
48017,64,63,1,1
48018,139,138,1,1
48019,58,60,-2,2
48020,105,111,-6,6
48021,196,191,5,5
48022,117,108,9,9
48023,108,92,16,16
48024,109,126,-17,17
48025,53,52,1,1
48026,97,88,9,9
48027,89,97,-8,8
48028,136,129,7,7
48029,156,166,-10,10
48030,107,99,8,8
48031,48,49,-1,1
48032,108,116,-8,8
48033,151,139,12,12
48034,71,86,-15,15
48035,99,93,6,6
48036,119,103,16,16
48037,131,129,2,2
48038,72,73,-1,1
48039,112,110,2,2
48040,142,154,-12,12
48041,130,128,2,2
48042,103,110,-7,7
48043,136,134,2,2
48044,61,61,0,0
48045,93,90,3,3
48046,124,126,-2,2
48047,44,55,-11,11
48048,166,176,-10,10
48049,134,138,-4,4
48050,85,82,3,3
48051,56,66,-10,10
48052,58,68,-10,10
48053,95,101,-6,6
48054,113,110,3,3
48055,80,87,-7,7
48056,105,100,5,5
48057,56,54,2,2
48058,79,86,-7,7
48059,77,85,-8,8
48060,90,88,2,2
48061,68,73,-5,5
48062,65,71,-6,6
48063,95,101,-6,6
48064,51,58,-7,7
48065,99,93,6,6
48066,81,72,9,9
48067,116,103,13,13
48068,72,73,-1,1
48069,55,62,-7,7
48070,144,140,4,4
48071,74,82,-8,8
48072,135,143,-8,8
48073,60,68,-8,8
48074,76,86,-10,10
48075,144,121,23,23
48076,141,122,19,19
48077,80,63,17,17
48078,74,81,-7,7
48079,83,83,0,0
48080,76,72,4,4
48081,100,100,0,0
48082,97,93,4,4
48083,141,120,21,21
48084,109,106,3,3
48085,87,112,-25,25
48086,104,101,3,3
48087,69,70,-1,1
48088,60,70,-10,10
48089,71,73,-2,2
48090,64,68,-4,4
48091,69,77,-8,8
48092,92,94,-2,2
48093,93,89,4,4
48094,88,83,5,5
48095,11,23,-12,12
48096,132,124,8,8
48097,62,71,-9,9
48098,73,95,-22,22
48099,110,102,8,8
48100,84,89,-5,5
48101,63,56,7,7
48102,110,112,-2,2
48103,61,59,2,2
48104,81,90,-9,9
48105,107,111,-4,4
48106,161,147,14,14
48107,66,64,2,2
48108,59,69,-10,10
48109,115,127,-12,12
48110,113,112,1,1
48111,125,128,-3,3
48112,104,106,-2,2
48113,90,89,1,1
48114,84,83,1,1
48115,101,103,-2,2
48116,151,144,7,7
48117,127,122,5,5
48118,102,102,0,0
48119,85,89,-4,4
48120,64,70,-6,6
48121,114,117,-3,3
48122,104,101,3,3
48123,99,106,-7,7
48124,60,62,-2,2
48125,102,110,-8,8
48126,125,123,2,2
48127,109,123,-14,14
48128,106,103,3,3
48129,91,92,-1,1
48130,54,70,-16,16
48131,86,102,-16,16
48132,108,117,-9,9
48133,61,66,-5,5
48134,63,80,-17,17
48135,112,110,2,2
48136,35,38,-3,3
48137,86,84,2,2
48138,79,84,-5,5
48139,112,113,-1,1
48140,180,177,3,3
48141,94,86,8,8
48142,125,121,4,4
48143,82,78,4,4
48144,94,104,-10,10
48145,83,78,5,5
48146,93,101,-8,8
48147,89,91,-2,2
48148,63,67,-4,4
48149,120,124,-4,4
48150,91,80,11,11
48151,102,125,-23,23
48152,70,75,-5,5
48153,66,66,0,0
48154,73,71,2,2
48155,122,111,11,11
48156,50,55,-5,5
48157,65,71,-6,6
48158,146,142,4,4
48159,72,77,-5,5
48160,109,102,7,7
48161,67,75,-8,8
48162,138,134,4,4
48163,78,77,1,1
48164,143,146,-3,3
48165,82,81,1,1
48166,147,156,-9,9
48167,115,116,-1,1
48168,107,113,-6,6
48169,60,64,-4,4
48170,95,88,7,7
48171,95,98,-3,3
48172,39,47,-8,8
48173,75,86,-11,11
48174,61,65,-4,4
48175,194,201,-7,7
48176,67,74,-7,7
48177,104,102,2,2
48178,79,86,-7,7
48179,57,79,-22,22
48180,45,47,-2,2
48181,66,74,-8,8
48182,70,71,-1,1
48183,61,76,-15,15
48184,93,89,4,4
48185,104,106,-2,2
48186,122,136,-14,14
48187,64,68,-4,4
48188,68,73,-5,5
48189,132,131,1,1
48190,55,61,-6,6
48191,117,118,-1,1
48192,89,83,6,6
48193,83,91,-8,8
48194,94,107,-13,13
48195,59,52,7,7
48196,149,141,8,8
48197,77,82,-5,5
48198,92,101,-9,9
48199,84,76,8,8
48200,71,72,-1,1
48201,75,72,3,3
48202,123,115,8,8
48203,108,113,-5,5
48204,90,93,-3,3
48205,99,86,13,13
48206,38,43,-5,5
48207,59,67,-8,8
48208,104,101,3,3
48209,114,127,-13,13
48210,83,85,-2,2
48211,182,162,20,20
48212,89,93,-4,4
48213,77,70,7,7
48214,146,136,10,10
48215,74,77,-3,3
48216,73,71,2,2
48217,71,72,-1,1
48218,70,66,4,4
48219,139,145,-6,6
48220,75,60,15,15
48221,110,130,-20,20
48222,106,110,-4,4
48223,150,149,1,1
48224,132,128,4,4
48225,108,101,7,7
48226,56,59,-3,3
48227,133,132,1,1
48228,123,112,11,11
48229,58,52,6,6
48230,73,74,-1,1
48231,118,111,7,7
48232,83,83,0,0
48233,66,63,3,3
48234,83,85,-2,2
48235,89,92,-3,3
48236,87,99,-12,12
48237,95,99,-4,4
48238,57,63,-6,6
48239,124,126,-2,2
48240,136,136,0,0
48241,102,104,-2,2
48242,123,129,-6,6
48243,53,55,-2,2
48244,59,67,-8,8
48245,150,135,15,15
48246,140,132,8,8
48247,88,89,-1,1
48248,140,135,5,5
48249,86,94,-8,8
48250,106,105,1,1
48251,127,141,-14,14
48252,88,78,10,10
48253,99,103,-4,4
48254,83,82,1,1
48255,81,83,-2,2
48256,151,139,12,12
48257,144,148,-4,4
48258,55,58,-3,3
48259,66,65,1,1
48260,103,102,1,1
48261,100,99,1,1
48262,76,69,7,7
48263,115,115,0,0
48264,135,128,7,7
48265,128,117,11,11
48266,163,152,11,11
48267,81,78,3,3
48268,88,86,2,2
48269,86,118,-32,32
48270,147,138,9,9
48271,179,172,7,7
48272,98,91,7,7
48273,91,87,4,4
48274,145,141,4,4
48275,53,57,-4,4
48276,122,125,-3,3
48277,79,76,3,3
48278,118,131,-13,13
48279,100,88,12,12
48280,76,72,4,4
48281,148,143,5,5
48282,55,53,2,2
48283,80,80,0,0
48284,129,140,-11,11
48285,52,61,-9,9
48286,108,111,-3,3
48287,71,72,-1,1
48288,49,47,2,2
48289,111,104,7,7
48290,97,90,7,7
48291,106,99,7,7
48292,31,38,-7,7
48293,62,61,1,1
48294,140,157,-17,17
48295,102,98,4,4
48296,68,61,7,7
48297,66,69,-3,3
48298,98,102,-4,4
48299,29,33,-4,4
48300,162,155,7,7
48301,68,71,-3,3
48302,39,43,-4,4
48303,61,63,-2,2
48304,126,133,-7,7
48305,82,68,14,14
48306,95,86,9,9
48307,86,92,-6,6
48308,91,90,1,1
48309,68,83,-15,15
48310,70,72,-2,2
48311,56,49,7,7
48312,113,116,-3,3
48313,83,75,8,8
48314,185,169,16,16
48315,133,128,5,5
48316,98,99,-1,1
48317,47,54,-7,7
48318,86,80,6,6
48319,115,108,7,7
48320,121,116,5,5
48321,130,135,-5,5
48322,116,113,3,3
48323,55,53,2,2
48324,88,87,1,1
48325,158,160,-2,2
48326,208,202,6,6
48327,104,100,4,4
48328,109,110,-1,1
48329,94,106,-12,12
48330,49,57,-8,8
48331,66,72,-6,6
48332,135,153,-18,18
48333,112,104,8,8
48334,75,76,-1,1
48335,99,100,-1,1
48336,98,103,-5,5
48337,77,86,-9,9
48338,108,103,5,5
48339,81,83,-2,2
48340,99,109,-10,10
48341,113,98,15,15
48342,68,72,-4,4
48343,111,120,-9,9
48344,57,64,-7,7
48345,141,128,13,13
48346,96,96,0,0
48347,57,66,-9,9
48348,86,86,0,0
48349,64,83,-19,19
48350,58,61,-3,3
48351,68,70,-2,2
48352,79,76,3,3
48353,128,130,-2,2
48354,133,125,8,8
48355,129,138,-9,9
48356,98,93,5,5
48357,126,115,11,11
48358,68,73,-5,5
48359,98,91,7,7
48360,76,65,11,11
48361,151,135,16,16
48362,143,144,-1,1
48363,81,85,-4,4
48364,154,142,12,12
48365,99,104,-5,5
48366,58,60,-2,2
48367,40,43,-3,3
48368,101,104,-3,3
48369,88,83,5,5
48370,102,98,4,4
48371,82,79,3,3
48372,80,79,1,1
48373,77,76,1,1
48374,91,87,4,4
48375,133,132,1,1
48376,160,147,13,13
48377,137,135,2,2
48378,110,105,5,5
48379,78,71,7,7
48380,83,86,-3,3
48381,68,80,-12,12
48382,85,91,-6,6
48383,90,89,1,1
48384,51,56,-5,5
48385,95,98,-3,3
48386,133,126,7,7
48387,63,68,-5,5
48388,64,64,0,0
48389,64,60,4,4
48390,128,132,-4,4
48391,94,103,-9,9
48392,87,85,2,2
48393,49,55,-6,6
48394,66,60,6,6
48395,53,58,-5,5
48396,99,104,-5,5
48397,55,65,-10,10
48398,166,158,8,8
48399,179,167,12,12
48400,100,94,6,6
48401,97,99,-2,2
48402,139,128,11,11
48403,59,57,2,2
48404,175,165,10,10
48405,123,131,-8,8
48406,72,76,-4,4
48407,77,88,-11,11
48408,86,78,8,8
48409,52,59,-7,7
48410,122,136,-14,14
48411,83,81,2,2
48412,109,120,-11,11
48413,123,115,8,8
48414,72,75,-3,3
48415,86,85,1,1
48416,97,113,-16,16
48417,98,92,6,6
48418,98,88,10,10
48419,72,71,1,1
48420,160,145,15,15
48421,61,61,0,0
48422,91,91,0,0
48423,65,62,3,3
48424,145,137,8,8
48425,60,63,-3,3
48426,125,118,7,7
48427,57,64,-7,7
48428,117,114,3,3
48429,104,102,2,2
48430,141,136,5,5
48431,65,69,-4,4
48432,78,71,7,7
48433,74,74,0,0
48434,82,85,-3,3
48435,83,85,-2,2
48436,79,83,-4,4
48437,79,83,-4,4
48438,73,75,-2,2
48439,154,136,18,18
48440,89,85,4,4
48441,83,91,-8,8
48442,79,78,1,1
48443,167,154,13,13
48444,103,121,-18,18
48445,89,88,1,1
48446,199,182,17,17
48447,63,73,-10,10
48448,67,66,1,1
48449,152,160,-8,8
48450,98,105,-7,7
48451,78,80,-2,2
48452,78,76,2,2
48453,119,127,-8,8
48454,93,100,-7,7
48455,121,124,-3,3
48456,105,91,14,14
48457,184,144,40,40
48458,60,62,-2,2
48459,167,149,18,18
48460,51,59,-8,8
48461,114,121,-7,7
48462,59,57,2,2
48463,98,107,-9,9
48464,62,67,-5,5
48465,74,63,11,11
48466,87,83,4,4
48467,84,81,3,3
48468,63,61,2,2
48469,103,95,8,8
48470,133,122,11,11
48471,125,113,12,12
48472,137,140,-3,3
48473,82,75,7,7
48474,145,143,2,2
48475,111,117,-6,6
48476,117,116,1,1
48477,61,61,0,0
48478,107,115,-8,8
48479,127,126,1,1
48480,50,50,0,0
48481,75,71,4,4
48482,173,166,7,7
48483,162,151,11,11
48484,72,85,-13,13
48485,104,105,-1,1
48486,84,80,4,4
48487,84,77,7,7
48488,99,101,-2,2
48489,109,110,-1,1
48490,125,130,-5,5
48491,100,103,-3,3
48492,108,115,-7,7
48493,118,121,-3,3
48494,70,78,-8,8
48495,67,57,10,10
48496,39,40,-1,1
48497,87,88,-1,1
48498,71,84,-13,13
48499,65,69,-4,4
48500,185,168,17,17
48501,89,85,4,4
48502,94,91,3,3
48503,68,72,-4,4
48504,66,64,2,2
48505,126,123,3,3
48506,99,102,-3,3
48507,100,102,-2,2
48508,85,79,6,6
48509,38,48,-10,10
48510,170,163,7,7
48511,109,100,9,9
48512,90,83,7,7
48513,58,62,-4,4
48514,52,57,-5,5
48515,162,174,-12,12
48516,60,64,-4,4
48517,99,102,-3,3
48518,80,76,4,4
48519,82,99,-17,17
48520,112,112,0,0
48521,81,73,8,8
48522,112,128,-16,16
48523,160,151,9,9
48524,44,49,-5,5
48525,60,65,-5,5
48526,87,80,7,7
48527,66,64,2,2
48528,54,56,-2,2
48529,158,140,18,18
48530,125,125,0,0
48531,61,65,-4,4
48532,179,169,10,10
48533,174,146,28,28
48534,86,105,-19,19
48535,86,100,-14,14
48536,79,101,-22,22
48537,60,63,-3,3
48538,78,75,3,3
48539,128,132,-4,4
48540,111,108,3,3
48541,98,99,-1,1
48542,142,120,22,22
48543,65,66,-1,1
48544,142,130,12,12
48545,176,174,2,2
48546,88,83,5,5
48547,165,163,2,2
48548,85,89,-4,4
48549,85,80,5,5
48550,88,91,-3,3
48551,97,107,-10,10
48552,125,122,3,3
48553,99,99,0,0
48554,83,78,5,5
48555,97,97,0,0
48556,96,98,-2,2
48557,62,69,-7,7
48558,99,111,-12,12
48559,57,61,-4,4
48560,77,83,-6,6
48561,77,86,-9,9
48562,104,129,-25,25
48563,114,109,5,5
48564,94,89,5,5
48565,67,86,-19,19
48566,112,108,4,4
48567,128,121,7,7
48568,93,99,-6,6
48569,115,126,-11,11
48570,63,63,0,0
48571,67,75,-8,8
48572,136,138,-2,2
48573,96,111,-15,15
48574,97,110,-13,13
48575,97,109,-12,12
48576,100,99,1,1
48577,60,65,-5,5
48578,155,176,-21,21
48579,80,96,-16,16
48580,92,109,-17,17
48581,130,124,6,6
48582,139,129,10,10
48583,121,122,-1,1
48584,58,65,-7,7
48585,73,79,-6,6
48586,98,100,-2,2
48587,95,103,-8,8
48588,126,116,10,10
48589,112,105,7,7
48590,82,89,-7,7
48591,105,101,4,4
48592,68,81,-13,13
48593,67,80,-13,13
48594,121,124,-3,3
48595,164,145,19,19
48596,107,111,-4,4
48597,110,109,1,1
48598,125,127,-2,2
48599,71,71,0,0
48600,77,83,-6,6
48601,97,99,-2,2
48602,114,124,-10,10
48603,140,141,-1,1
48604,57,64,-7,7
48605,99,98,1,1
48606,99,98,1,1
48607,52,47,5,5
48608,83,77,6,6
48609,173,237,-64,64
48610,94,102,-8,8
48611,47,55,-8,8
48612,58,68,-10,10
48613,61,74,-13,13
48614,82,101,-19,19
48615,53,68,-15,15
48616,53,60,-7,7
48617,77,78,-1,1
48618,88,101,-13,13
48619,74,76,-2,2
48620,74,69,5,5
48621,150,143,7,7
48622,135,142,-7,7
48623,176,185,-9,9
48624,53,60,-7,7
48625,140,139,1,1
48626,106,117,-11,11
48627,189,169,20,20
48628,104,113,-9,9
48629,71,85,-14,14
48630,66,63,3,3
48631,82,88,-6,6
48632,111,123,-12,12
48633,114,97,17,17
48634,140,142,-2,2
48635,95,100,-5,5
48636,152,145,7,7
48637,101,112,-11,11
48638,67,64,3,3
48639,47,54,-7,7
48640,73,81,-8,8
48641,84,104,-20,20
48642,92,83,9,9
48643,157,159,-2,2
48644,128,135,-7,7
48645,96,110,-14,14
48646,91,89,2,2
48647,92,86,6,6
48648,132,126,6,6
48649,170,164,6,6
48650,103,89,14,14
48651,46,54,-8,8
48652,123,111,12,12
48653,91,80,11,11
48654,111,112,-1,1
48655,144,148,-4,4
48656,73,78,-5,5
48657,116,111,5,5
48658,137,137,0,0
48659,131,122,9,9
48660,37,40,-3,3
48661,84,85,-1,1
48662,91,87,4,4
48663,175,176,-1,1
48664,137,136,1,1
48665,91,85,6,6
48666,41,53,-12,12
48667,88,78,10,10
48668,86,82,4,4
48669,67,71,-4,4
48670,181,166,15,15
48671,108,106,2,2
48672,51,43,8,8
48673,145,139,6,6
48674,87,87,0,0
48675,42,40,2,2
48676,92,90,2,2
48677,196,181,15,15
48678,43,48,-5,5
48679,108,114,-6,6
48680,131,122,9,9
48681,105,114,-9,9
48682,77,81,-4,4
48683,80,79,1,1
48684,144,135,9,9
48685,120,135,-15,15
48686,70,73,-3,3
48687,62,64,-2,2
48688,40,44,-4,4
48689,80,75,5,5
48690,93,86,7,7
48691,41,50,-9,9
48692,90,100,-10,10
48693,82,78,4,4
48694,85,88,-3,3
48695,103,100,3,3
48696,119,116,3,3
48697,65,68,-3,3
48698,85,78,7,7
48699,114,109,5,5
48700,95,89,6,6
48701,39,37,2,2
48702,89,86,3,3
48703,116,117,-1,1
48704,133,139,-6,6
48705,76,77,-1,1
48706,146,135,11,11
48707,55,61,-6,6
48708,170,167,3,3
48709,76,73,3,3
48710,89,91,-2,2
48711,76,100,-24,24
48712,107,101,6,6
48713,69,67,2,2
48714,94,107,-13,13
48715,106,107,-1,1
48716,91,81,10,10
48717,158,164,-6,6
48718,110,113,-3,3
48719,69,73,-4,4
48720,90,84,6,6
48721,99,92,7,7
48722,74,74,0,0
48723,94,103,-9,9
48724,70,72,-2,2
48725,81,98,-17,17
48726,136,143,-7,7
48727,89,92,-3,3
48728,113,117,-4,4
48729,110,104,6,6
48730,137,138,-1,1
48731,100,101,-1,1
48732,114,110,4,4
48733,122,109,13,13
48734,27,33,-6,6
48735,105,113,-8,8
48736,65,73,-8,8
48737,120,130,-10,10
48738,68,72,-4,4
48739,158,150,8,8
48740,76,81,-5,5
48741,123,122,1,1
48742,71,68,3,3
48743,86,89,-3,3
48744,68,78,-10,10
48745,118,116,2,2
48746,36,44,-8,8
48747,26,31,-5,5
48748,55,57,-2,2
48749,87,82,5,5
48750,117,112,5,5
48751,36,42,-6,6
48752,112,107,5,5
48753,73,64,9,9
48754,93,91,2,2
48755,122,113,9,9
48756,117,117,0,0
48757,116,131,-15,15
48758,95,97,-2,2
48759,51,52,-1,1
48760,81,80,1,1
48761,88,77,11,11
48762,62,63,-1,1
48763,84,65,19,19
48764,69,74,-5,5
48765,62,64,-2,2
48766,101,108,-7,7
48767,112,115,-3,3
48768,182,161,21,21
48769,51,61,-10,10
48770,89,88,1,1
48771,123,127,-4,4
48772,91,88,3,3
48773,67,75,-8,8
48774,150,138,12,12
48775,61,67,-6,6
48776,107,106,1,1
48777,53,60,-7,7
48778,79,84,-5,5
48779,143,158,-15,15
48780,115,121,-6,6
48781,66,71,-5,5
48782,104,106,-2,2
48783,154,163,-9,9
48784,96,90,6,6
48785,165,166,-1,1
48786,124,128,-4,4
48787,108,107,1,1
48788,106,112,-6,6
48789,124,131,-7,7
48790,91,102,-11,11
48791,98,118,-20,20
48792,74,82,-8,8
48793,146,152,-6,6
48794,136,140,-4,4
48795,96,110,-14,14
48796,117,120,-3,3
48797,113,111,2,2
48798,118,112,6,6
48799,151,137,14,14
48800,157,156,1,1
48801,98,85,13,13
48802,136,137,-1,1
48803,119,137,-18,18
48804,66,65,1,1
48805,144,137,7,7
48806,118,122,-4,4
48807,186,183,3,3
48808,91,97,-6,6
48809,99,101,-2,2
48810,78,82,-4,4
48811,81,84,-3,3
48812,77,83,-6,6
48813,51,55,-4,4
48814,81,86,-5,5
48815,110,111,-1,1
48816,83,82,1,1
48817,75,89,-14,14
48818,73,74,-1,1
48819,113,115,-2,2
48820,84,79,5,5
48821,94,92,2,2
48822,77,96,-19,19
48823,101,99,2,2
48824,100,95,5,5
48825,68,69,-1,1
48826,65,72,-7,7
48827,159,161,-2,2
48828,66,74,-8,8
48829,149,129,20,20
48830,81,101,-20,20
48831,56,59,-3,3
48832,149,164,-15,15
48833,56,57,-1,1
48834,110,111,-1,1
48835,61,67,-6,6
48836,57,54,3,3
48837,107,112,-5,5
48838,58,63,-5,5
48839,106,111,-5,5
48840,145,130,15,15
48841,70,74,-4,4
48842,115,120,-5,5
48843,106,87,19,19
48844,144,135,9,9
48845,129,116,13,13
48846,127,127,0,0
48847,223,193,30,30
48848,147,150,-3,3
48849,95,87,8,8
48850,34,38,-4,4
48851,66,63,3,3
48852,88,96,-8,8
48853,91,86,5,5
48854,90,84,6,6
48855,131,133,-2,2
48856,61,68,-7,7
48857,66,65,1,1
48858,125,131,-6,6
48859,69,68,1,1
48860,73,83,-10,10
48861,87,85,2,2
48862,89,87,2,2
48863,69,77,-8,8
48864,114,115,-1,1
48865,64,69,-5,5
48866,146,141,5,5
48867,93,100,-7,7
48868,54,59,-5,5
48869,171,180,-9,9
48870,63,66,-3,3
48871,70,80,-10,10
48872,61,67,-6,6
48873,75,71,4,4
48874,158,143,15,15
48875,65,79,-14,14
48876,93,99,-6,6
48877,97,89,8,8
48878,126,97,29,29
48879,122,120,2,2
48880,128,139,-11,11
48881,109,110,-1,1
48882,90,86,4,4
48883,167,166,1,1
48884,79,69,10,10
48885,56,62,-6,6
48886,117,113,4,4
48887,80,79,1,1
48888,48,53,-5,5
48889,72,75,-3,3
48890,69,71,-2,2
48891,105,102,3,3
48892,103,102,1,1
48893,94,93,1,1
48894,91,83,8,8
48895,117,116,1,1
48896,168,170,-2,2
48897,60,63,-3,3
48898,93,103,-10,10
48899,110,106,4,4
48900,61,60,1,1
48901,133,131,2,2
48902,124,108,16,16
48903,131,130,1,1
48904,81,82,-1,1
48905,78,74,4,4
48906,117,113,4,4
48907,116,116,0,0
48908,75,81,-6,6
48909,50,57,-7,7
48910,76,71,5,5
48911,120,117,3,3
48912,96,98,-2,2
48913,99,121,-22,22
48914,163,157,6,6
48915,136,128,8,8
48916,150,139,11,11
48917,87,99,-12,12
48918,116,116,0,0
48919,127,127,0,0
48920,73,70,3,3
48921,110,115,-5,5
48922,65,67,-2,2
48923,74,76,-2,2
48924,98,95,3,3
48925,74,71,3,3
48926,105,105,0,0
48927,92,93,-1,1
48928,80,84,-4,4
48929,111,114,-3,3
48930,93,98,-5,5
48931,69,70,-1,1
48932,76,80,-4,4
48933,59,57,2,2
48934,127,126,1,1
48935,45,54,-9,9
48936,100,81,19,19
48937,111,116,-5,5
48938,165,204,-39,39
48939,161,177,-16,16
48940,108,114,-6,6
48941,85,71,14,14
48942,131,137,-6,6
48943,28,37,-9,9
48944,92,85,7,7
48945,55,60,-5,5
48946,134,129,5,5
48947,112,107,5,5
48948,123,113,10,10
48949,137,135,2,2
48950,72,81,-9,9
48951,116,108,8,8
48952,136,130,6,6
48953,122,121,1,1
48954,120,120,0,0
48955,85,78,7,7
48956,98,108,-10,10
48957,108,127,-19,19
48958,95,101,-6,6
48959,71,72,-1,1
48960,160,146,14,14
48961,112,119,-7,7
48962,98,102,-4,4
48963,72,70,2,2
48964,102,105,-3,3
48965,95,87,8,8
48966,130,121,9,9
48967,96,98,-2,2
48968,123,122,1,1
48969,100,109,-9,9
48970,172,169,3,3
48971,55,57,-2,2
48972,60,73,-13,13
48973,101,109,-8,8
48974,90,107,-17,17
48975,76,86,-10,10
48976,80,79,1,1
48977,100,112,-12,12
48978,61,65,-4,4
48979,75,76,-1,1
48980,81,101,-20,20
48981,121,120,1,1
48982,81,84,-3,3
48983,139,143,-4,4
48984,86,74,12,12
48985,94,92,2,2
48986,121,123,-2,2
48987,83,75,8,8
48988,127,134,-7,7
48989,49,64,-15,15
48990,83,92,-9,9
48991,76,70,6,6
48992,113,110,3,3
48993,73,70,3,3
48994,85,85,0,0
48995,97,99,-2,2
48996,82,78,4,4
48997,103,105,-2,2
48998,68,71,-3,3
48999,65,68,-3,3
49000,46,65,-19,19
49001,108,104,4,4
49002,96,108,-12,12
49003,133,133,0,0
49004,97,102,-5,5
49005,62,59,3,3
49006,95,102,-7,7
49007,132,123,9,9
49008,164,154,10,10
49009,62,62,0,0
49010,81,83,-2,2
49011,91,98,-7,7
49012,73,75,-2,2
49013,73,73,0,0
49014,105,116,-11,11
49015,75,78,-3,3
49016,73,65,8,8
49017,94,103,-9,9
49018,112,122,-10,10
49019,107,100,7,7
49020,79,77,2,2
49021,128,133,-5,5
49022,100,99,1,1
49023,68,72,-4,4
49024,84,73,11,11
49025,115,140,-25,25
49026,68,70,-2,2
49027,50,53,-3,3
49028,80,84,-4,4
49029,71,76,-5,5
49030,115,118,-3,3
49031,103,116,-13,13
49032,112,111,1,1
49033,95,92,3,3
49034,132,135,-3,3
49035,108,112,-4,4
49036,89,100,-11,11
49037,96,89,7,7
49038,110,112,-2,2
49039,103,167,-64,64
49040,113,103,10,10
49041,72,80,-8,8
49042,85,91,-6,6
49043,106,111,-5,5
49044,101,103,-2,2
49045,117,133,-16,16
49046,67,77,-10,10
49047,82,83,-1,1
49048,61,64,-3,3
49049,64,65,-1,1
49050,86,90,-4,4
49051,89,87,2,2
49052,49,52,-3,3
49053,136,122,14,14
49054,137,139,-2,2
49055,79,68,11,11
49056,127,116,11,11
49057,130,127,3,3
49058,119,131,-12,12
49059,83,77,6,6
49060,98,105,-7,7
49061,124,122,2,2
49062,72,87,-15,15
49063,114,123,-9,9
49064,144,135,9,9
49065,117,107,10,10
49066,68,69,-1,1
49067,41,47,-6,6
49068,88,92,-4,4
49069,156,151,5,5
49070,85,83,2,2
49071,99,99,0,0
49072,71,86,-15,15
49073,152,144,8,8
49074,86,82,4,4
49075,95,88,7,7
49076,100,100,0,0
49077,99,102,-3,3
49078,137,111,26,26
49079,78,72,6,6
49080,142,136,6,6
49081,80,90,-10,10
49082,70,71,-1,1
49083,112,108,4,4
49084,116,121,-5,5
49085,76,82,-6,6
49086,128,123,5,5
49087,101,99,2,2
49088,111,111,0,0
49089,71,71,0,0
49090,129,128,1,1
49091,170,163,7,7
49092,136,120,16,16
49093,105,101,4,4
49094,117,112,5,5
49095,102,100,2,2
49096,77,80,-3,3
49097,103,108,-5,5
49098,53,56,-3,3
49099,94,104,-10,10
49100,73,69,4,4
49101,65,68,-3,3
49102,107,129,-22,22
49103,78,87,-9,9
49104,83,79,4,4
49105,117,119,-2,2
49106,33,34,-1,1
49107,97,103,-6,6
49108,119,123,-4,4
49109,74,72,2,2
49110,96,95,1,1
49111,113,118,-5,5
49112,68,81,-13,13
49113,78,76,2,2
49114,123,106,17,17
49115,121,130,-9,9
49116,74,73,1,1
49117,100,99,1,1
49118,71,74,-3,3
49119,46,50,-4,4
49120,90,97,-7,7
49121,63,76,-13,13
49122,94,103,-9,9
49123,83,86,-3,3
49124,86,90,-4,4
49125,116,123,-7,7
49126,107,105,2,2
49127,111,123,-12,12
49128,211,201,10,10
49129,71,67,4,4
49130,57,66,-9,9
49131,135,135,0,0
49132,111,107,4,4
49133,97,91,6,6
49134,139,137,2,2
49135,96,102,-6,6
49136,91,89,2,2
49137,131,129,2,2
49138,134,131,3,3
49139,81,82,-1,1
49140,123,119,4,4
49141,122,130,-8,8
49142,149,149,0,0
49143,122,115,7,7
49144,114,107,7,7
49145,112,104,8,8
49146,110,105,5,5
49147,111,117,-6,6
49148,50,54,-4,4
49149,52,52,0,0
49150,119,130,-11,11
49151,67,71,-4,4
49152,135,137,-2,2
49153,81,74,7,7
49154,122,110,12,12
49155,130,133,-3,3
49156,60,64,-4,4
49157,108,121,-13,13
49158,97,101,-4,4
49159,50,57,-7,7
49160,77,73,4,4
49161,106,100,6,6
49162,100,107,-7,7
49163,70,77,-7,7
49164,99,104,-5,5
49165,108,114,-6,6
49166,138,130,8,8
49167,132,135,-3,3
49168,73,79,-6,6
49169,73,80,-7,7
49170,111,105,6,6
49171,101,104,-3,3
49172,123,125,-2,2
49173,80,120,-40,40
49174,56,45,11,11
49175,101,94,7,7
49176,119,120,-1,1
49177,125,142,-17,17
49178,107,105,2,2
49179,141,141,0,0
49180,110,127,-17,17
49181,91,80,11,11
49182,67,68,-1,1
49183,91,94,-3,3
49184,62,64,-2,2
49185,66,64,2,2
49186,51,68,-17,17
49187,26,35,-9,9
49188,112,115,-3,3
49189,85,78,7,7
49190,173,161,12,12
49191,65,60,5,5
49192,71,76,-5,5
49193,48,39,9,9
49194,113,118,-5,5
49195,111,113,-2,2
49196,76,82,-6,6
49197,72,75,-3,3
49198,104,101,3,3
49199,113,112,1,1
49200,80,78,2,2
49201,129,136,-7,7
49202,80,78,2,2
49203,99,104,-5,5
49204,98,104,-6,6
49205,186,181,5,5
49206,84,87,-3,3
49207,46,52,-6,6
49208,81,98,-17,17
49209,62,61,1,1
49210,85,83,2,2
49211,63,64,-1,1
49212,114,124,-10,10
49213,91,90,1,1
49214,100,117,-17,17
49215,53,53,0,0
49216,127,115,12,12
49217,93,86,7,7
49218,59,65,-6,6
49219,52,46,6,6
49220,100,101,-1,1
49221,73,78,-5,5
49222,110,114,-4,4
49223,88,75,13,13
49224,87,85,2,2
49225,53,53,0,0
49226,96,99,-3,3
49227,70,83,-13,13
49228,80,90,-10,10
49229,80,80,0,0
49230,78,75,3,3
49231,45,40,5,5
49232,97,98,-1,1
49233,172,163,9,9
49234,92,97,-5,5
49235,72,75,-3,3
49236,125,134,-9,9
49237,72,73,-1,1
49238,156,152,4,4
49239,61,66,-5,5
49240,118,124,-6,6
49241,89,115,-26,26
49242,126,110,16,16
49243,121,110,11,11
49244,63,75,-12,12
49245,96,89,7,7
49246,123,116,7,7
49247,80,87,-7,7
49248,120,124,-4,4
49249,75,79,-4,4
49250,128,128,0,0
49251,166,158,8,8
49252,129,124,5,5
49253,74,81,-7,7
49254,70,78,-8,8
49255,75,76,-1,1
49256,115,103,12,12
49257,109,109,0,0
49258,86,86,0,0
49259,90,94,-4,4
49260,95,91,4,4
49261,102,113,-11,11
49262,178,170,8,8
49263,140,132,8,8
49264,148,145,3,3
49265,75,79,-4,4
49266,94,85,9,9
49267,83,89,-6,6
49268,184,176,8,8
49269,98,92,6,6
49270,36,35,1,1
49271,68,70,-2,2
49272,88,87,1,1
49273,71,70,1,1
49274,80,76,4,4
49275,81,79,2,2
49276,98,110,-12,12
49277,99,90,9,9
49278,41,51,-10,10
49279,51,52,-1,1
49280,161,154,7,7
49281,76,77,-1,1
49282,103,103,0,0
49283,86,81,5,5
49284,111,109,2,2
49285,132,125,7,7
49286,91,82,9,9
49287,114,102,12,12
49288,106,103,3,3
49289,140,140,0,0
49290,54,51,3,3
49291,231,207,24,24
49292,74,76,-2,2
49293,59,60,-1,1
49294,149,137,12,12
49295,98,89,9,9
49296,96,98,-2,2
49297,98,105,-7,7
49298,29,37,-8,8
49299,80,79,1,1
49300,115,112,3,3
49301,75,69,6,6
49302,93,95,-2,2
49303,86,84,2,2
49304,67,59,8,8
49305,56,56,0,0
49306,120,122,-2,2
49307,188,170,18,18
49308,31,41,-10,10
49309,51,61,-10,10
49310,55,58,-3,3
49311,81,85,-4,4
49312,75,78,-3,3
49313,63,70,-7,7
49314,85,85,0,0
49315,32,34,-2,2
49316,83,90,-7,7
49317,86,97,-11,11
49318,122,106,16,16
49319,46,50,-4,4
49320,122,114,8,8
49321,101,105,-4,4
49322,55,67,-12,12
49323,80,81,-1,1
49324,106,109,-3,3
49325,79,88,-9,9
49326,143,150,-7,7
49327,124,129,-5,5
49328,128,129,-1,1
49329,88,99,-11,11
49330,98,104,-6,6
49331,207,188,19,19
49332,133,126,7,7
49333,46,47,-1,1
49334,115,127,-12,12
49335,75,62,13,13
49336,93,89,4,4
49337,99,107,-8,8
49338,107,114,-7,7
49339,99,99,0,0
49340,78,78,0,0
49341,104,98,6,6
49342,112,120,-8,8
49343,75,75,0,0
49344,84,88,-4,4
49345,87,91,-4,4
49346,83,78,5,5
49347,151,142,9,9
49348,23,41,-18,18
49349,168,162,6,6
49350,62,65,-3,3
49351,65,66,-1,1
49352,68,71,-3,3
49353,110,116,-6,6
49354,159,148,11,11
49355,44,52,-8,8
49356,144,141,3,3
49357,71,72,-1,1
49358,71,67,4,4
49359,131,114,17,17
49360,148,102,46,46
49361,116,119,-3,3
49362,117,106,11,11
49363,116,136,-20,20
49364,95,86,9,9
49365,59,70,-11,11
49366,41,46,-5,5
49367,80,88,-8,8
49368,66,75,-9,9
49369,98,87,11,11
49370,186,178,8,8
49371,109,105,4,4
49372,97,125,-28,28
49373,74,70,4,4
49374,113,116,-3,3
49375,61,57,4,4
49376,108,111,-3,3
49377,123,116,7,7
49378,78,81,-3,3
49379,57,66,-9,9
49380,42,55,-13,13
49381,118,129,-11,11
49382,59,60,-1,1
49383,96,109,-13,13
49384,69,73,-4,4
49385,94,84,10,10
49386,84,97,-13,13
49387,182,185,-3,3
49388,44,48,-4,4
49389,74,85,-11,11
49390,84,74,10,10
49391,173,160,13,13
49392,73,80,-7,7
49393,67,68,-1,1
49394,84,88,-4,4
49395,106,109,-3,3
49396,80,87,-7,7
49397,79,97,-18,18
49398,61,59,2,2
49399,73,80,-7,7
49400,50,49,1,1
49401,94,94,0,0
49402,86,91,-5,5
49403,71,68,3,3
49404,60,72,-12,12
49405,126,126,0,0
49406,60,61,-1,1
49407,65,60,5,5
49408,83,79,4,4
49409,47,47,0,0
49410,234,203,31,31
49411,101,87,14,14
49412,111,110,1,1
49413,65,62,3,3
49414,50,56,-6,6
49415,63,72,-9,9
49416,121,129,-8,8
49417,63,53,10,10
49418,105,101,4,4
49419,51,62,-11,11
49420,85,77,8,8
49421,154,137,17,17
49422,130,123,7,7
49423,95,98,-3,3
49424,55,61,-6,6
49425,95,100,-5,5
49426,154,148,6,6
49427,109,108,1,1
49428,57,67,-10,10
49429,109,108,1,1
49430,125,118,7,7
49431,85,78,7,7
49432,76,72,4,4
49433,66,80,-14,14
49434,89,83,6,6
49435,64,65,-1,1
49436,46,55,-9,9
49437,79,80,-1,1
49438,114,117,-3,3
49439,73,70,3,3
49440,130,132,-2,2
49441,78,71,7,7
49442,62,72,-10,10
49443,49,51,-2,2
49444,65,72,-7,7
49445,66,67,-1,1
49446,72,79,-7,7
49447,81,82,-1,1
49448,131,132,-1,1
49449,113,113,0,0
49450,103,102,1,1
49451,60,61,-1,1
49452,61,60,1,1
49453,62,62,0,0
49454,79,77,2,2
49455,111,128,-17,17
49456,108,107,1,1
49457,124,104,20,20
49458,93,107,-14,14
49459,121,124,-3,3
49460,49,49,0,0
49461,72,78,-6,6
49462,86,73,13,13
49463,64,67,-3,3
49464,95,82,13,13
49465,108,114,-6,6
49466,148,145,3,3
49467,71,67,4,4
49468,85,105,-20,20
49469,72,78,-6,6
49470,107,108,-1,1
49471,121,110,11,11
49472,119,92,27,27
49473,81,105,-24,24
49474,94,99,-5,5
49475,147,125,22,22
49476,101,106,-5,5
49477,106,113,-7,7
49478,59,63,-4,4
49479,70,69,1,1
49480,52,52,0,0
49481,89,83,6,6
49482,128,126,2,2
49483,111,119,-8,8
49484,146,145,1,1
49485,49,49,0,0
49486,110,107,3,3
49487,119,108,11,11
49488,96,101,-5,5
49489,119,117,2,2
49490,140,134,6,6
49491,124,124,0,0
49492,90,83,7,7
49493,68,75,-7,7
49494,92,103,-11,11
49495,163,152,11,11
49496,77,73,4,4
49497,103,103,0,0
49498,126,111,15,15
49499,70,77,-7,7
49500,127,120,7,7
49501,76,81,-5,5
49502,138,135,3,3
49503,88,100,-12,12
49504,58,78,-20,20
49505,68,69,-1,1
49506,146,148,-2,2
49507,139,142,-3,3
49508,71,79,-8,8
49509,143,135,8,8
49510,123,108,15,15
49511,55,62,-7,7
49512,93,99,-6,6
49513,74,86,-12,12
49514,122,121,1,1
49515,79,79,0,0
49516,75,75,0,0
49517,72,84,-12,12
49518,122,123,-1,1
49519,82,81,1,1
49520,66,68,-2,2
49521,67,69,-2,2
49522,62,66,-4,4
49523,108,102,6,6
49524,82,85,-3,3
49525,93,99,-6,6
49526,57,62,-5,5
49527,73,77,-4,4
49528,116,104,12,12
49529,97,89,8,8
49530,107,109,-2,2
49531,69,71,-2,2
49532,118,118,0,0
49533,112,113,-1,1
49534,75,81,-6,6
49535,128,135,-7,7
49536,96,99,-3,3
49537,81,83,-2,2
49538,149,139,10,10
49539,65,70,-5,5
49540,28,37,-9,9
49541,92,92,0,0
49542,82,75,7,7
49543,65,81,-16,16
49544,130,130,0,0
49545,85,86,-1,1
49546,105,109,-4,4
49547,119,118,1,1
49548,124,113,11,11
49549,89,87,2,2
49550,52,53,-1,1
49551,95,88,7,7
49552,111,126,-15,15
49553,110,99,11,11
49554,104,105,-1,1
49555,107,119,-12,12
49556,79,78,1,1
49557,98,91,7,7
49558,113,116,-3,3
49559,59,62,-3,3
49560,86,82,4,4
49561,40,43,-3,3
49562,59,57,2,2
49563,108,109,-1,1
49564,49,59,-10,10
49565,86,76,10,10
49566,84,77,7,7
49567,93,90,3,3
49568,74,73,1,1
49569,73,76,-3,3
49570,89,99,-10,10
49571,83,89,-6,6
49572,94,104,-10,10
49573,103,99,4,4
49574,117,127,-10,10
49575,162,155,7,7
49576,72,85,-13,13
49577,107,112,-5,5
49578,122,117,5,5
49579,108,113,-5,5
49580,96,79,17,17
49581,98,101,-3,3
49582,111,118,-7,7
49583,51,54,-3,3
49584,70,79,-9,9
49585,64,68,-4,4
49586,47,40,7,7
49587,45,47,-2,2
49588,69,89,-20,20
49589,91,91,0,0
49590,77,68,9,9
49591,83,81,2,2
49592,73,70,3,3
49593,70,71,-1,1
49594,228,185,43,43
49595,50,53,-3,3
49596,69,71,-2,2
49597,88,86,2,2
49598,76,78,-2,2
49599,80,76,4,4
49600,73,74,-1,1
49601,86,89,-3,3
49602,103,126,-23,23
49603,135,131,4,4
49604,75,82,-7,7
49605,78,83,-5,5
49606,114,104,10,10
49607,112,116,-4,4
49608,66,71,-5,5
49609,94,86,8,8
49610,86,79,7,7
49611,86,81,5,5
49612,115,125,-10,10
49613,81,76,5,5
49614,96,108,-12,12
49615,100,85,15,15
49616,137,135,2,2
49617,71,71,0,0
49618,77,76,1,1
49619,102,95,7,7
49620,83,87,-4,4
49621,87,91,-4,4
49622,123,108,15,15
49623,65,73,-8,8
49624,59,67,-8,8
49625,98,100,-2,2
49626,127,133,-6,6
49627,141,130,11,11
49628,55,58,-3,3
49629,63,69,-6,6
49630,102,99,3,3
49631,63,72,-9,9
49632,108,103,5,5
49633,105,108,-3,3
49634,57,49,8,8
49635,64,54,10,10
49636,83,81,2,2
49637,97,102,-5,5
49638,97,102,-5,5
49639,84,98,-14,14
49640,117,113,4,4
49641,99,92,7,7
49642,106,109,-3,3
49643,101,99,2,2
49644,91,83,8,8
49645,131,124,7,7
49646,162,162,0,0
49647,81,80,1,1
49648,56,63,-7,7
49649,120,103,17,17
49650,103,98,5,5
49651,43,44,-1,1
49652,59,62,-3,3
49653,90,85,5,5
49654,116,113,3,3
49655,55,51,4,4
49656,97,88,9,9
49657,99,93,6,6
49658,52,59,-7,7
49659,32,37,-5,5
49660,91,104,-13,13
49661,92,82,10,10
49662,52,58,-6,6
49663,159,145,14,14
49664,144,129,15,15
49665,115,118,-3,3
49666,44,50,-6,6
49667,114,118,-4,4
49668,183,172,11,11
49669,94,91,3,3
49670,82,99,-17,17
49671,85,68,17,17
49672,71,67,4,4
49673,151,145,6,6
49674,98,99,-1,1
49675,116,119,-3,3
49676,108,102,6,6
49677,85,86,-1,1
49678,96,107,-11,11
49679,94,107,-13,13
49680,59,62,-3,3
49681,81,86,-5,5
49682,125,127,-2,2
49683,64,72,-8,8
49684,106,96,10,10
49685,89,91,-2,2
49686,91,83,8,8
49687,72,64,8,8
49688,69,77,-8,8
49689,94,80,14,14
49690,133,127,6,6
49691,115,118,-3,3
49692,92,91,1,1
49693,171,152,19,19
49694,108,108,0,0
49695,102,93,9,9
49696,133,143,-10,10
49697,89,80,9,9
49698,93,88,5,5
49699,39,48,-9,9
49700,119,115,4,4
49701,116,118,-2,2
49702,71,62,9,9
49703,121,127,-6,6
49704,109,106,3,3
49705,121,109,12,12
49706,87,96,-9,9
49707,73,86,-13,13
49708,103,93,10,10
49709,50,56,-6,6
49710,53,58,-5,5
49711,94,99,-5,5
49712,143,150,-7,7
49713,68,67,1,1
49714,148,137,11,11
49715,54,49,5,5
49716,121,113,8,8
49717,116,121,-5,5
49718,91,102,-11,11
49719,74,71,3,3
49720,68,70,-2,2
49721,129,131,-2,2
49722,69,67,2,2
49723,43,54,-11,11
49724,125,120,5,5
49725,101,113,-12,12
49726,188,168,20,20
49727,135,124,11,11
49728,57,62,-5,5
49729,96,101,-5,5
49730,68,63,5,5
49731,154,140,14,14
49732,101,106,-5,5
49733,48,54,-6,6
49734,62,75,-13,13
49735,182,172,10,10
49736,83,87,-4,4
49737,52,54,-2,2
49738,97,81,16,16
49739,108,101,7,7
49740,90,86,4,4
49741,88,85,3,3
49742,109,111,-2,2
49743,84,100,-16,16
49744,93,104,-11,11
49745,87,82,5,5
49746,75,75,0,0
49747,77,81,-4,4
49748,159,143,16,16
49749,56,59,-3,3
49750,135,119,16,16
49751,42,49,-7,7
49752,42,40,2,2
49753,82,99,-17,17
49754,106,107,-1,1
49755,98,109,-11,11
49756,59,65,-6,6
49757,158,141,17,17
49758,109,118,-9,9
49759,93,92,1,1
49760,174,163,11,11
49761,91,93,-2,2
49762,138,121,17,17
49763,104,104,0,0
49764,92,98,-6,6
49765,67,73,-6,6
49766,87,98,-11,11
49767,135,127,8,8
49768,102,91,11,11
49769,164,155,9,9
49770,67,73,-6,6
49771,106,91,15,15
49772,88,102,-14,14
49773,109,112,-3,3
49774,97,89,8,8
49775,49,56,-7,7
49776,124,120,4,4
49777,64,62,2,2
49778,160,149,11,11
49779,108,110,-2,2
49780,71,70,1,1
49781,108,102,6,6
49782,87,86,1,1
49783,181,170,11,11
49784,100,93,7,7
49785,52,52,0,0
49786,128,127,1,1
49787,84,79,5,5
49788,123,114,9,9
49789,131,132,-1,1
49790,113,120,-7,7
49791,127,130,-3,3
49792,85,89,-4,4
49793,71,75,-4,4
49794,108,113,-5,5
49795,74,71,3,3
49796,160,149,11,11
49797,72,80,-8,8
49798,75,75,0,0
49799,122,126,-4,4
49800,85,84,1,1
49801,74,84,-10,10
49802,44,74,-30,30
49803,110,125,-15,15
49804,64,72,-8,8
49805,40,51,-11,11
49806,124,117,7,7
49807,88,89,-1,1
49808,123,122,1,1
49809,122,125,-3,3
49810,122,123,-1,1
49811,104,99,5,5
49812,100,109,-9,9
49813,83,77,6,6
49814,50,58,-8,8
49815,93,92,1,1
49816,91,87,4,4
49817,78,81,-3,3
49818,121,116,5,5
49819,90,87,3,3
49820,53,58,-5,5
49821,112,107,5,5
49822,82,82,0,0
49823,167,159,8,8
49824,97,97,0,0
49825,63,62,1,1
49826,112,114,-2,2
49827,102,84,18,18
49828,78,80,-2,2
49829,124,123,1,1
49830,60,59,1,1
49831,59,56,3,3
49832,55,64,-9,9
49833,154,147,7,7
49834,86,87,-1,1
49835,102,97,5,5
49836,70,76,-6,6
49837,47,52,-5,5
49838,79,66,13,13
49839,62,62,0,0
49840,114,139,-25,25
49841,117,108,9,9
49842,60,66,-6,6
49843,86,77,9,9
49844,152,153,-1,1
49845,168,168,0,0
49846,124,132,-8,8
49847,60,59,1,1
49848,125,114,11,11
49849,62,70,-8,8
49850,88,95,-7,7
49851,66,66,0,0
49852,175,159,16,16
49853,88,88,0,0
49854,45,57,-12,12
49855,74,72,2,2
49856,135,134,1,1
49857,106,105,1,1
49858,130,115,15,15
49859,79,85,-6,6
49860,81,80,1,1
49861,65,76,-11,11
49862,107,98,9,9
49863,97,90,7,7
49864,76,87,-11,11
49865,116,107,9,9
49866,59,61,-2,2
49867,54,64,-10,10
49868,98,101,-3,3
49869,128,147,-19,19
49870,106,105,1,1
49871,78,79,-1,1
49872,131,134,-3,3
49873,69,67,2,2
49874,153,159,-6,6
49875,71,75,-4,4
49876,67,70,-3,3
49877,107,104,3,3
49878,75,101,-26,26
49879,87,90,-3,3
49880,94,84,10,10
49881,90,103,-13,13
49882,74,80,-6,6
49883,135,133,2,2
49884,134,130,4,4
49885,151,139,12,12
49886,92,103,-11,11
49887,92,100,-8,8
49888,80,90,-10,10
49889,91,93,-2,2
49890,89,91,-2,2
49891,86,82,4,4
49892,76,77,-1,1
49893,107,108,-1,1
49894,140,118,22,22
49895,85,104,-19,19
49896,85,85,0,0
49897,69,63,6,6
49898,96,93,3,3
49899,62,59,3,3
49900,79,74,5,5
49901,138,120,18,18
49902,115,107,8,8
49903,106,101,5,5
49904,93,90,3,3
49905,122,119,3,3
49906,106,101,5,5
49907,90,88,2,2
49908,88,77,11,11
49909,72,73,-1,1
49910,84,98,-14,14
49911,138,139,-1,1
49912,92,99,-7,7
49913,95,98,-3,3
49914,86,83,3,3
49915,73,66,7,7
49916,70,81,-11,11
49917,61,65,-4,4
49918,161,151,10,10
49919,89,83,6,6
49920,130,128,2,2
49921,99,72,27,27
49922,79,79,0,0
49923,47,56,-9,9
49924,75,87,-12,12
49925,69,71,-2,2
49926,78,80,-2,2
49927,45,49,-4,4
49928,67,79,-12,12
49929,99,106,-7,7
49930,92,101,-9,9
49931,116,114,2,2
49932,132,124,8,8
49933,88,93,-5,5
49934,94,102,-8,8
49935,112,122,-10,10
49936,40,53,-13,13
49937,58,61,-3,3
49938,88,78,10,10
49939,85,84,1,1
49940,86,54,32,32
49941,145,143,2,2
49942,105,102,3,3
49943,99,96,3,3
49944,62,64,-2,2
49945,95,99,-4,4
49946,90,81,9,9
49947,57,51,6,6
49948,104,100,4,4
49949,70,67,3,3
49950,103,92,11,11
49951,102,90,12,12
49952,56,57,-1,1
49953,67,69,-2,2
49954,65,68,-3,3
49955,65,75,-10,10
49956,100,131,-31,31
49957,77,87,-10,10
49958,140,125,15,15
49959,86,77,9,9
49960,123,122,1,1
49961,33,75,-42,42
49962,102,103,-1,1
49963,116,114,2,2
49964,63,68,-5,5
49965,79,83,-4,4
49966,160,150,10,10
49967,60,61,-1,1
49968,65,61,4,4
49969,84,83,1,1
49970,67,70,-3,3
49971,90,92,-2,2
49972,70,82,-12,12
49973,68,73,-5,5
49974,104,119,-15,15
49975,87,86,1,1
49976,124,110,14,14
49977,128,127,1,1
49978,166,165,1,1
49979,72,78,-6,6
49980,54,55,-1,1
49981,111,104,7,7
49982,93,89,4,4
49983,107,103,4,4
49984,137,134,3,3
49985,89,84,5,5
49986,68,61,7,7
49987,52,54,-2,2
49988,75,85,-10,10
49989,79,78,1,1
49990,48,57,-9,9
49991,75,71,4,4
49992,85,82,3,3
49993,78,80,-2,2
49994,101,100,1,1
49995,173,152,21,21
49996,90,83,7,7
49997,55,54,1,1
49998,98,106,-8,8
49999,131,116,15,15
50000,149,136,13,13
50001,90,86,4,4
50002,51,49,2,2
50003,68,68,0,0
50004,111,101,10,10
50005,77,84,-7,7
50006,150,145,5,5
50007,123,117,6,6
50008,42,54,-12,12
50009,111,110,1,1
50010,73,77,-4,4
50011,77,78,-1,1
50012,74,95,-21,21
50013,145,130,15,15
50014,77,69,8,8
50015,102,105,-3,3
50016,79,81,-2,2
50017,65,67,-2,2
50018,64,67,-3,3
50019,54,50,4,4
50020,127,120,7,7
50021,126,132,-6,6
50022,83,85,-2,2
50023,108,101,7,7
50024,103,103,0,0
50025,132,135,-3,3
50026,141,128,13,13
50027,132,131,1,1
50028,71,74,-3,3
50029,111,107,4,4
50030,133,127,6,6
50031,102,103,-1,1
50032,57,60,-3,3
50033,92,108,-16,16
50034,120,113,7,7
50035,85,81,4,4
50036,86,96,-10,10
50037,79,75,4,4
50038,69,76,-7,7
50039,63,55,8,8
50040,118,123,-5,5
50041,132,127,5,5
50042,72,74,-2,2
50043,98,113,-15,15
50044,110,113,-3,3
50045,105,112,-7,7
50046,67,69,-2,2
50047,92,98,-6,6
50048,118,133,-15,15
50049,134,119,15,15
50050,70,70,0,0
50051,129,121,8,8
50052,67,65,2,2
50053,36,45,-9,9
50054,137,144,-7,7
50055,40,53,-13,13
50056,89,89,0,0
50057,89,87,2,2
50058,83,84,-1,1
50059,70,93,-23,23
50060,125,128,-3,3
50061,113,108,5,5
50062,64,65,-1,1
50063,101,93,8,8
50064,92,96,-4,4
50065,118,116,2,2
50066,70,73,-3,3
50067,87,121,-34,34
50068,112,110,2,2
50069,195,194,1,1
50070,122,123,-1,1
50071,59,60,-1,1
50072,155,145,10,10
50073,131,125,6,6
50074,143,122,21,21
50075,117,104,13,13
50076,120,117,3,3
50077,113,108,5,5
50078,102,101,1,1
50079,131,122,9,9
50080,105,100,5,5
50081,87,90,-3,3
50082,66,61,5,5
50083,122,138,-16,16
50084,116,104,12,12
50085,104,105,-1,1
50086,51,55,-4,4
50087,90,92,-2,2
50088,87,88,-1,1
50089,93,102,-9,9
50090,61,68,-7,7
50091,106,111,-5,5
50092,47,55,-8,8
50093,80,78,2,2
50094,74,69,5,5
50095,50,53,-3,3
50096,167,162,5,5
50097,56,56,0,0
50098,110,125,-15,15
50099,160,132,28,28
50100,105,111,-6,6
50101,63,63,0,0
50102,97,100,-3,3
50103,98,96,2,2
50104,108,112,-4,4
50105,105,107,-2,2
50106,119,108,11,11
50107,144,135,9,9
50108,65,64,1,1
50109,112,110,2,2
50110,113,105,8,8
50111,98,109,-11,11
50112,83,75,8,8
50113,170,163,7,7
50114,88,92,-4,4
50115,109,101,8,8
50116,92,89,3,3
50117,121,124,-3,3
50118,58,56,2,2
50119,96,128,-32,32
50120,108,105,3,3
50121,150,147,3,3
50122,78,78,0,0
50123,43,48,-5,5
50124,49,57,-8,8
50125,173,155,18,18
50126,100,100,0,0
50127,104,104,0,0
50128,76,88,-12,12
50129,108,109,-1,1
50130,148,142,6,6
50131,74,76,-2,2
50132,72,66,6,6
50133,78,70,8,8
50134,108,111,-3,3
50135,92,92,0,0
50136,94,104,-10,10
50137,104,105,-1,1
50138,102,112,-10,10
50139,70,72,-2,2
50140,88,84,4,4
50141,104,110,-6,6
50142,115,101,14,14
50143,87,78,9,9
50144,110,111,-1,1
50145,70,79,-9,9
50146,78,79,-1,1
50147,80,83,-3,3
50148,56,59,-3,3
50149,125,124,1,1
50150,79,77,2,2
50151,90,82,8,8
50152,134,134,0,0
50153,123,122,1,1
50154,116,102,14,14
50155,79,81,-2,2
50156,100,117,-17,17
50157,55,61,-6,6
50158,86,84,2,2
50159,125,131,-6,6
50160,68,70,-2,2
50161,73,79,-6,6
50162,103,99,4,4
50163,172,174,-2,2
50164,18,30,-12,12
50165,80,83,-3,3
50166,64,66,-2,2
50167,90,89,1,1
50168,100,105,-5,5
50169,52,63,-11,11
50170,199,186,13,13
50171,90,94,-4,4
50172,80,101,-21,21
50173,138,145,-7,7
50174,64,72,-8,8
50175,101,100,1,1
50176,116,135,-19,19
50177,134,119,15,15
50178,113,106,7,7
50179,84,82,2,2
50180,55,69,-14,14
50181,194,180,14,14
50182,81,88,-7,7
50183,100,99,1,1
50184,97,103,-6,6
50185,64,66,-2,2
50186,55,59,-4,4
50187,68,75,-7,7
50188,103,107,-4,4
50189,102,90,12,12
50190,68,65,3,3
50191,95,90,5,5
50192,74,76,-2,2
50193,77,54,23,23
50194,97,105,-8,8
50195,77,69,8,8
50196,124,122,2,2
50197,62,68,-6,6
50198,78,83,-5,5
50199,149,143,6,6
50200,53,64,-11,11
50201,80,83,-3,3
50202,82,90,-8,8
50203,69,72,-3,3
50204,80,89,-9,9
50205,45,48,-3,3
50206,66,71,-5,5
50207,46,57,-11,11
50208,82,87,-5,5
50209,45,47,-2,2
50210,105,102,3,3
50211,109,101,8,8
50212,89,91,-2,2
50213,69,70,-1,1
50214,132,109,23,23
50215,106,107,-1,1
50216,132,128,4,4
50217,141,139,2,2
50218,282,247,35,35
50219,151,164,-13,13
50220,93,91,2,2
50221,129,133,-4,4
50222,82,95,-13,13
50223,72,76,-4,4
50224,86,85,1,1
50225,42,41,1,1
50226,85,76,9,9
50227,105,99,6,6
50228,110,108,2,2
50229,50,50,0,0
50230,88,102,-14,14
50231,98,85,13,13
50232,85,79,6,6
50233,122,126,-4,4
50234,122,148,-26,26
50235,124,119,5,5
50236,77,81,-4,4
50237,117,115,2,2
50238,98,115,-17,17
50239,90,85,5,5
50240,129,122,7,7
50241,88,100,-12,12
50242,73,77,-4,4
50243,77,83,-6,6
50244,139,147,-8,8
50245,96,89,7,7
50246,102,99,3,3
50247,87,89,-2,2
50248,70,70,0,0
50249,159,153,6,6
50250,60,63,-3,3
50251,69,66,3,3
50252,113,116,-3,3
50253,156,147,9,9
50254,118,109,9,9
50255,53,55,-2,2
50256,104,112,-8,8
50257,83,77,6,6
50258,67,60,7,7
50259,95,109,-14,14
50260,103,103,0,0
50261,132,146,-14,14
50262,115,108,7,7
50263,89,93,-4,4
50264,107,102,5,5
50265,99,106,-7,7
50266,97,100,-3,3
50267,54,60,-6,6
50268,101,102,-1,1
50269,97,88,9,9
50270,81,88,-7,7
50271,150,159,-9,9
50272,76,106,-30,30
50273,87,92,-5,5
50274,101,121,-20,20
50275,51,54,-3,3
50276,99,101,-2,2
50277,76,74,2,2
50278,170,159,11,11
50279,129,112,17,17
50280,73,77,-4,4
50281,172,176,-4,4
50282,142,140,2,2
50283,104,107,-3,3
50284,125,119,6,6
50285,51,55,-4,4
50286,127,128,-1,1
50287,150,139,11,11
50288,71,78,-7,7
50289,129,136,-7,7
50290,92,101,-9,9
50291,83,81,2,2
50292,82,85,-3,3
50293,143,150,-7,7
50294,105,105,0,0
50295,60,61,-1,1
50296,79,86,-7,7
50297,26,35,-9,9
50298,131,119,12,12
50299,90,84,6,6
50300,72,75,-3,3
50301,62,67,-5,5
50302,76,72,4,4
50303,138,137,1,1
50304,81,86,-5,5
50305,108,102,6,6
50306,88,100,-12,12
50307,115,122,-7,7
50308,123,119,4,4
50309,89,99,-10,10
50310,123,122,1,1
50311,104,101,3,3
50312,67,65,2,2
50313,82,89,-7,7
50314,68,64,4,4
50315,72,71,1,1
50316,92,91,1,1
50317,60,63,-3,3
50318,76,95,-19,19
50319,91,97,-6,6
50320,95,86,9,9
50321,101,108,-7,7
50322,96,101,-5,5
50323,122,115,7,7
50324,139,138,1,1
50325,141,119,22,22
50326,89,83,6,6
50327,103,118,-15,15
50328,51,62,-11,11
50329,75,85,-10,10
50330,107,116,-9,9
50331,64,67,-3,3
50332,54,55,-1,1
50333,90,84,6,6
50334,75,82,-7,7
50335,136,130,6,6
50336,99,111,-12,12
50337,128,140,-12,12
50338,125,106,19,19
50339,131,121,10,10
50340,61,51,10,10
50341,60,60,0,0
50342,70,83,-13,13
50343,136,140,-4,4
50344,91,82,9,9
50345,74,72,2,2
50346,63,72,-9,9
50347,113,106,7,7
50348,78,64,14,14
50349,208,190,18,18
50350,153,150,3,3
50351,154,153,1,1
50352,92,93,-1,1
50353,61,64,-3,3
50354,88,94,-6,6
50355,53,69,-16,16
50356,60,59,1,1
50357,101,100,1,1
50358,108,110,-2,2
50359,70,66,4,4
50360,73,70,3,3
50361,86,89,-3,3
50362,63,63,0,0
50363,105,110,-5,5
50364,72,65,7,7
50365,145,133,12,12
50366,71,72,-1,1
50367,148,135,13,13
50368,68,80,-12,12
50369,158,148,10,10
50370,176,168,8,8
50371,98,80,18,18
50372,151,142,9,9
50373,72,90,-18,18
50374,48,56,-8,8
50375,77,75,2,2
50376,65,65,0,0
50377,107,111,-4,4
50378,93,87,6,6
50379,103,112,-9,9
50380,95,98,-3,3
50381,45,52,-7,7
50382,148,145,3,3
50383,130,126,4,4
50384,123,122,1,1
50385,91,92,-1,1
50386,127,154,-27,27
50387,66,78,-12,12
50388,71,71,0,0
50389,133,129,4,4
50390,111,120,-9,9
50391,92,104,-12,12
50392,72,71,1,1
50393,70,71,-1,1
50394,158,154,4,4
50395,56,53,3,3
50396,63,70,-7,7
50397,73,72,1,1
50398,170,157,13,13
50399,118,121,-3,3
50400,83,93,-10,10
50401,59,67,-8,8
50402,95,83,12,12
50403,79,63,16,16
50404,79,76,3,3
50405,103,120,-17,17
50406,127,127,0,0
50407,93,101,-8,8
50408,82,79,3,3
50409,48,51,-3,3
50410,90,92,-2,2
50411,76,70,6,6
50412,91,97,-6,6
50413,43,51,-8,8
50414,66,70,-4,4
50415,55,57,-2,2
50416,93,98,-5,5
50417,102,101,1,1
50418,56,58,-2,2
50419,91,91,0,0
50420,126,133,-7,7
50421,78,87,-9,9
50422,81,79,2,2
50423,103,105,-2,2
50424,114,110,4,4
50425,103,104,-1,1
50426,137,143,-6,6
50427,111,110,1,1
50428,71,73,-2,2
50429,99,87,12,12
50430,118,116,2,2
50431,145,136,9,9
50432,83,79,4,4
50433,59,54,5,5
50434,79,84,-5,5
50435,60,59,1,1
50436,59,57,2,2
50437,109,114,-5,5
50438,74,78,-4,4
50439,125,135,-10,10
50440,112,105,7,7
50441,74,74,0,0
50442,149,143,6,6
50443,79,88,-9,9
50444,76,76,0,0
50445,124,120,4,4
50446,62,66,-4,4
50447,59,72,-13,13
50448,190,178,12,12
50449,62,79,-17,17
50450,105,116,-11,11
50451,97,81,16,16
50452,128,126,2,2
50453,113,114,-1,1
50454,98,90,8,8
50455,37,43,-6,6
50456,136,136,0,0
50457,79,98,-19,19
50458,47,58,-11,11
50459,98,86,12,12
50460,101,107,-6,6
50461,87,86,1,1
50462,49,60,-11,11
50463,88,76,12,12
50464,92,88,4,4
50465,128,126,2,2
50466,111,110,1,1
50467,106,103,3,3
50468,57,64,-7,7
50469,95,105,-10,10
50470,60,59,1,1
50471,131,123,8,8
50472,88,81,7,7
50473,83,87,-4,4
50474,109,109,0,0
50475,114,116,-2,2
50476,84,85,-1,1
50477,85,87,-2,2
50478,86,90,-4,4
50479,76,79,-3,3
50480,112,102,10,10
50481,106,114,-8,8
50482,56,60,-4,4
50483,120,126,-6,6
50484,53,61,-8,8
50485,32,50,-18,18
50486,184,185,-1,1
50487,82,75,7,7
50488,66,66,0,0
50489,67,79,-12,12
50490,123,126,-3,3
50491,123,121,2,2
50492,146,130,16,16
50493,74,75,-1,1
50494,113,107,6,6
50495,102,108,-6,6
50496,143,133,10,10
50497,88,85,3,3
50498,136,131,5,5
50499,149,154,-5,5
50500,165,164,1,1
50501,59,63,-4,4
50502,87,85,2,2
50503,85,82,3,3
50504,54,64,-10,10
50505,48,41,7,7
50506,73,68,5,5
50507,74,72,2,2
50508,125,134,-9,9
50509,71,63,8,8
50510,36,43,-7,7
50511,127,111,16,16
50512,71,68,3,3
50513,92,91,1,1
50514,55,58,-3,3
50515,62,54,8,8
50516,76,70,6,6
50517,64,65,-1,1
50518,129,124,5,5
50519,147,146,1,1
50520,69,71,-2,2
50521,76,71,5,5
50522,86,88,-2,2
50523,66,58,8,8
50524,76,73,3,3
50525,74,80,-6,6
50526,54,58,-4,4
50527,109,114,-5,5
50528,141,137,4,4
50529,55,63,-8,8
50530,121,110,11,11
50531,79,85,-6,6
50532,80,78,2,2
50533,156,158,-2,2
50534,44,46,-2,2
50535,114,106,8,8
50536,105,104,1,1
50537,73,75,-2,2
50538,84,84,0,0
50539,176,168,8,8
50540,62,60,2,2
50541,121,118,3,3
50542,114,120,-6,6
50543,87,99,-12,12
50544,77,86,-9,9
50545,64,65,-1,1
50546,165,157,8,8
50547,139,150,-11,11
50548,121,119,2,2
50549,97,91,6,6
50550,193,168,25,25
50551,125,130,-5,5
50552,76,91,-15,15
50553,54,51,3,3
50554,134,141,-7,7
50555,72,75,-3,3
50556,96,94,2,2
50557,37,37,0,0
50558,125,119,6,6
50559,87,80,7,7
50560,33,39,-6,6
50561,71,72,-1,1
50562,53,56,-3,3
50563,59,63,-4,4
50564,110,105,5,5
50565,82,86,-4,4
50566,110,109,1,1
50567,64,62,2,2
50568,65,67,-2,2
50569,134,126,8,8
50570,58,63,-5,5
50571,90,100,-10,10
50572,79,86,-7,7
50573,66,83,-17,17
50574,88,103,-15,15
50575,89,123,-34,34
50576,124,123,1,1
50577,111,111,0,0
50578,144,132,12,12
50579,131,136,-5,5
50580,133,132,1,1
50581,104,108,-4,4
50582,63,68,-5,5
50583,72,69,3,3
50584,76,71,5,5
50585,59,58,1,1
50586,110,105,5,5
50587,69,65,4,4
50588,112,110,2,2
50589,41,58,-17,17
50590,135,130,5,5
50591,101,123,-22,22
50592,86,83,3,3
50593,116,127,-11,11
50594,88,88,0,0
50595,74,86,-12,12
50596,41,52,-11,11
50597,91,103,-12,12
50598,164,155,9,9
50599,58,58,0,0
50600,203,176,27,27
50601,84,88,-4,4
50602,91,75,16,16
50603,98,104,-6,6
50604,123,131,-8,8
50605,63,56,7,7
50606,88,82,6,6
50607,92,102,-10,10
50608,117,117,0,0
50609,72,66,6,6
50610,69,70,-1,1
50611,77,77,0,0
50612,77,76,1,1
50613,73,68,5,5
50614,94,98,-4,4
50615,118,115,3,3
50616,98,99,-1,1
50617,82,85,-3,3
50618,137,128,9,9
50619,84,100,-16,16
50620,113,111,2,2
50621,145,128,17,17
50622,67,69,-2,2
50623,101,107,-6,6
50624,37,57,-20,20
50625,49,58,-9,9
50626,63,66,-3,3
50627,76,78,-2,2
50628,216,187,29,29
50629,138,144,-6,6
50630,96,100,-4,4
50631,76,87,-11,11
50632,66,65,1,1
50633,55,51,4,4
50634,92,96,-4,4
50635,83,83,0,0
50636,107,123,-16,16
50637,124,117,7,7
50638,78,77,1,1
50639,149,153,-4,4
50640,154,153,1,1
50641,67,66,1,1
50642,82,83,-1,1
50643,99,104,-5,5
50644,107,112,-5,5
50645,156,152,4,4
50646,174,193,-19,19
50647,103,104,-1,1
50648,116,119,-3,3
50649,44,39,5,5
50650,108,110,-2,2
50651,94,106,-12,12
50652,63,70,-7,7
50653,95,96,-1,1
50654,57,63,-6,6
50655,72,73,-1,1
50656,72,68,4,4
50657,101,106,-5,5
50658,94,120,-26,26
50659,86,74,12,12
50660,157,149,8,8
50661,56,60,-4,4
50662,77,82,-5,5
50663,76,88,-12,12
50664,164,164,0,0
50665,68,78,-10,10
50666,65,76,-11,11
50667,124,126,-2,2
50668,62,63,-1,1
50669,138,129,9,9
50670,146,143,3,3
50671,135,155,-20,20
50672,124,115,9,9
50673,105,103,2,2
50674,71,68,3,3
50675,84,83,1,1
50676,84,75,9,9
50677,70,69,1,1
50678,112,105,7,7
50679,127,125,2,2
50680,51,135,-84,84
50681,104,106,-2,2
50682,96,106,-10,10
50683,97,85,12,12
50684,72,74,-2,2
50685,117,116,1,1
50686,115,128,-13,13
50687,76,80,-4,4
50688,98,105,-7,7
50689,70,74,-4,4
50690,97,104,-7,7
50691,131,145,-14,14
50692,50,54,-4,4
50693,68,68,0,0
50694,64,62,2,2
50695,103,110,-7,7
50696,48,46,2,2
50697,106,105,1,1
50698,80,81,-1,1
50699,131,135,-4,4
50700,59,65,-6,6
50701,196,189,7,7
50702,143,152,-9,9
50703,74,71,3,3
50704,69,75,-6,6
50705,70,74,-4,4
50706,114,106,8,8
50707,70,68,2,2
50708,42,52,-10,10
50709,112,124,-12,12
50710,79,65,14,14
50711,159,157,2,2
50712,121,110,11,11
50713,69,75,-6,6
50714,93,87,6,6
50715,90,91,-1,1
50716,91,100,-9,9
50717,65,69,-4,4
50718,136,143,-7,7
50719,65,70,-5,5
50720,51,60,-9,9
50721,131,122,9,9
50722,81,86,-5,5
50723,60,123,-63,63
50724,99,98,1,1
50725,37,72,-35,35
50726,131,120,11,11
50727,164,140,24,24
50728,63,68,-5,5
50729,208,189,19,19
50730,40,55,-15,15
50731,94,104,-10,10
50732,114,117,-3,3
50733,72,77,-5,5
50734,83,78,5,5
50735,65,72,-7,7
50736,124,129,-5,5
50737,45,53,-8,8
50738,78,76,2,2
50739,139,130,9,9
50740,63,67,-4,4
50741,88,98,-10,10
50742,81,80,1,1
50743,79,64,15,15
50744,106,108,-2,2
50745,129,123,6,6
50746,107,113,-6,6
50747,67,77,-10,10
50748,119,120,-1,1
50749,96,97,-1,1
50750,96,87,9,9
50751,64,70,-6,6
50752,110,109,1,1
50753,122,125,-3,3
50754,159,160,-1,1
50755,84,89,-5,5
50756,78,77,1,1
50757,186,184,2,2
50758,77,80,-3,3
50759,95,90,5,5
50760,78,79,-1,1
50761,84,106,-22,22
50762,115,110,5,5
50763,104,109,-5,5
50764,84,75,9,9
50765,94,87,7,7
50766,103,100,3,3
50767,120,118,2,2
50768,80,85,-5,5
50769,63,56,7,7
50770,113,123,-10,10
50771,82,93,-11,11
50772,111,113,-2,2
50773,103,108,-5,5
50774,122,121,1,1
50775,81,84,-3,3
50776,141,143,-2,2
50777,122,125,-3,3
50778,136,134,2,2
50779,67,72,-5,5
50780,91,103,-12,12
50781,86,88,-2,2
50782,97,90,7,7
50783,42,65,-23,23
50784,63,69,-6,6
50785,118,118,0,0
50786,81,92,-11,11
50787,62,59,3,3
50788,55,60,-5,5
50789,89,96,-7,7
50790,71,74,-3,3
50791,57,62,-5,5
50792,83,85,-2,2
50793,153,144,9,9
50794,106,102,4,4
50795,122,113,9,9
50796,76,77,-1,1
50797,90,99,-9,9
50798,70,85,-15,15
50799,33,37,-4,4
50800,83,80,3,3
50801,50,57,-7,7
50802,118,114,4,4
50803,115,114,1,1
50804,45,45,0,0
50805,58,59,-1,1
50806,38,46,-8,8
50807,97,108,-11,11
50808,39,52,-13,13
50809,28,35,-7,7
50810,117,121,-4,4
50811,115,110,5,5
50812,121,119,2,2
50813,105,112,-7,7
50814,88,85,3,3
50815,64,76,-12,12
50816,85,87,-2,2
50817,103,90,13,13
50818,76,77,-1,1
50819,60,66,-6,6
50820,73,74,-1,1
50821,70,65,5,5
50822,54,60,-6,6
50823,83,92,-9,9
50824,77,75,2,2
50825,58,58,0,0
50826,105,99,6,6
50827,145,142,3,3
50828,119,98,21,21
50829,100,101,-1,1
50830,84,88,-4,4
50831,88,80,8,8
50832,90,84,6,6
50833,65,72,-7,7
50834,131,129,2,2
50835,76,91,-15,15
50836,166,172,-6,6
50837,52,52,0,0
50838,156,159,-3,3
50839,139,153,-14,14
50840,80,77,3,3
50841,73,81,-8,8
50842,94,92,2,2
50843,83,84,-1,1
50844,108,103,5,5
50845,71,73,-2,2
50846,98,109,-11,11
50847,94,92,2,2
50848,99,98,1,1
50849,29,31,-2,2
50850,85,80,5,5
50851,92,92,0,0
50852,96,100,-4,4
50853,107,106,1,1
50854,31,51,-20,20
50855,80,59,21,21
50856,86,85,1,1
50857,147,141,6,6
50858,113,118,-5,5
50859,58,60,-2,2
50860,69,75,-6,6
50861,81,86,-5,5
50862,105,110,-5,5
50863,146,128,18,18
50864,126,121,5,5
50865,72,73,-1,1
50866,110,107,3,3
50867,140,143,-3,3
50868,93,86,7,7
50869,88,89,-1,1
50870,84,99,-15,15
50871,57,58,-1,1
50872,78,75,3,3
50873,76,76,0,0
50874,143,127,16,16
50875,108,140,-32,32
50876,45,56,-11,11
50877,87,94,-7,7
50878,77,80,-3,3
50879,96,115,-19,19
50880,84,82,2,2
50881,60,64,-4,4
50882,74,83,-9,9
50883,83,82,1,1
50884,69,67,2,2
50885,58,53,5,5
50886,73,72,1,1
50887,81,87,-6,6
50888,106,104,2,2
50889,140,153,-13,13
50890,75,80,-5,5
50891,102,109,-7,7
50892,137,120,17,17
50893,63,92,-29,29
50894,80,76,4,4
50895,65,71,-6,6
50896,151,144,7,7
50897,138,139,-1,1
50898,104,98,6,6
50899,142,137,5,5
50900,77,88,-11,11
50901,102,111,-9,9
50902,83,85,-2,2
50903,74,82,-8,8
50904,113,112,1,1
50905,115,115,0,0
50906,86,97,-11,11
50907,66,63,3,3
50908,123,118,5,5
50909,173,168,5,5
50910,138,145,-7,7
50911,121,123,-2,2
50912,187,183,4,4
50913,103,98,5,5
50914,93,150,-57,57
50915,134,130,4,4
50916,84,75,9,9
50917,140,133,7,7
50918,139,126,13,13
50919,112,123,-11,11
50920,81,80,1,1
50921,48,46,2,2
50922,111,109,2,2
50923,133,127,6,6
50924,158,151,7,7
50925,47,55,-8,8
50926,115,126,-11,11
50927,59,67,-8,8
50928,136,131,5,5
50929,86,89,-3,3
50930,89,102,-13,13
50931,104,108,-4,4
50932,88,89,-1,1
50933,68,71,-3,3
50934,105,99,6,6
50935,122,116,6,6
50936,93,87,6,6
50937,172,166,6,6
50938,77,86,-9,9
50939,141,137,4,4
50940,106,112,-6,6
50941,102,111,-9,9
50942,136,129,7,7
50943,83,78,5,5
50944,60,68,-8,8
50945,90,105,-15,15
50946,69,72,-3,3
50947,96,98,-2,2
50948,101,103,-2,2
50949,90,80,10,10
50950,95,103,-8,8
50951,80,98,-18,18
50952,91,98,-7,7
50953,125,113,12,12
50954,85,81,4,4
50955,129,131,-2,2
50956,117,123,-6,6
50957,77,78,-1,1
50958,82,88,-6,6
50959,135,131,4,4
50960,120,119,1,1
50961,89,77,12,12
50962,161,161,0,0
50963,70,73,-3,3
50964,60,68,-8,8
50965,172,165,7,7
50966,136,132,4,4
50967,86,78,8,8
50968,106,114,-8,8
50969,107,114,-7,7
50970,98,102,-4,4
50971,120,145,-25,25
50972,158,153,5,5
50973,61,60,1,1
50974,101,101,0,0
50975,94,97,-3,3
50976,60,70,-10,10
50977,68,71,-3,3
50978,99,83,16,16
50979,56,57,-1,1
50980,110,101,9,9
50981,102,105,-3,3
50982,83,87,-4,4
50983,92,95,-3,3
50984,77,71,6,6
50985,125,137,-12,12
50986,79,73,6,6
50987,67,64,3,3
50988,113,114,-1,1
50989,122,126,-4,4
50990,131,130,1,1
50991,104,101,3,3
50992,89,108,-19,19
50993,92,93,-1,1
50994,217,161,56,56
50995,45,39,6,6
50996,69,79,-10,10
50997,112,118,-6,6
50998,146,124,22,22
50999,95,101,-6,6
51000,91,98,-7,7
51001,70,75,-5,5
51002,75,86,-11,11
51003,95,100,-5,5
51004,112,104,8,8
51005,58,62,-4,4
51006,54,52,2,2
51007,94,103,-9,9
51008,108,103,5,5
51009,89,97,-8,8
51010,90,90,0,0
51011,129,125,4,4
51012,105,101,4,4
51013,94,93,1,1
51014,132,149,-17,17
51015,95,88,7,7
51016,68,61,7,7
51017,97,91,6,6
51018,128,122,6,6
51019,116,121,-5,5
51020,93,99,-6,6
51021,89,84,5,5
51022,176,181,-5,5
51023,172,175,-3,3
51024,54,55,-1,1
51025,60,66,-6,6
51026,39,44,-5,5
51027,96,85,11,11
51028,60,80,-20,20
51029,52,53,-1,1
51030,105,106,-1,1
51031,137,139,-2,2
51032,151,138,13,13
51033,108,123,-15,15
51034,100,100,0,0
51035,68,71,-3,3
51036,99,103,-4,4
51037,100,101,-1,1
51038,112,108,4,4
51039,78,71,7,7
51040,110,112,-2,2
51041,70,65,5,5
51042,122,120,2,2
51043,72,81,-9,9
51044,191,176,15,15
51045,106,110,-4,4
51046,102,103,-1,1
51047,130,121,9,9
51048,83,83,0,0
51049,70,73,-3,3
51050,93,103,-10,10
51051,98,92,6,6
51052,72,72,0,0
51053,121,113,8,8
51054,157,151,6,6
51055,72,78,-6,6
51056,88,95,-7,7
51057,109,110,-1,1
51058,129,122,7,7
51059,185,172,13,13
51060,82,90,-8,8
51061,45,45,0,0
51062,47,50,-3,3
51063,75,84,-9,9
51064,107,95,12,12
51065,73,78,-5,5
51066,90,89,1,1
51067,69,67,2,2
51068,100,109,-9,9
51069,87,82,5,5
51070,56,54,2,2
51071,83,78,5,5
51072,140,140,0,0
51073,64,59,5,5
51074,97,99,-2,2
51075,86,86,0,0
51076,129,116,13,13
51077,119,112,7,7
51078,85,86,-1,1
51079,109,105,4,4
51080,92,90,2,2
51081,152,134,18,18
51082,74,82,-8,8
51083,147,208,-61,61
51084,117,116,1,1
51085,85,96,-11,11
51086,115,125,-10,10
51087,96,92,4,4
51088,109,113,-4,4
51089,70,72,-2,2
51090,107,102,5,5
51091,71,86,-15,15
51092,80,83,-3,3
51093,117,113,4,4
51094,149,151,-2,2
51095,74,74,0,0
51096,100,98,2,2
51097,131,135,-4,4
51098,100,103,-3,3
51099,72,70,2,2
51100,92,110,-18,18
51101,68,69,-1,1
51102,71,78,-7,7
51103,60,58,2,2
51104,74,76,-2,2
51105,114,112,2,2
51106,44,51,-7,7
51107,104,116,-12,12
51108,143,143,0,0
51109,159,148,11,11
51110,76,77,-1,1
51111,93,98,-5,5
51112,91,92,-1,1
51113,91,98,-7,7
51114,188,168,20,20
51115,85,84,1,1
51116,58,52,6,6
51117,115,113,2,2
51118,51,57,-6,6
51119,49,54,-5,5
51120,108,114,-6,6
51121,92,99,-7,7
51122,102,107,-5,5
51123,113,114,-1,1
51124,100,101,-1,1
51125,80,74,6,6
51126,109,119,-10,10
51127,72,72,0,0
51128,91,100,-9,9
51129,93,92,1,1
51130,44,47,-3,3
51131,104,111,-7,7
51132,50,66,-16,16
51133,76,80,-4,4
51134,53,52,1,1
51135,119,116,3,3
51136,105,100,5,5
51137,110,127,-17,17
51138,148,153,-5,5
51139,105,100,5,5
51140,139,131,8,8
51141,97,87,10,10
51142,113,104,9,9
51143,85,85,0,0
51144,113,109,4,4
51145,60,58,2,2
51146,66,61,5,5
51147,115,111,4,4
51148,30,51,-21,21
51149,76,74,2,2
51150,73,79,-6,6
51151,72,81,-9,9
51152,141,136,5,5
51153,58,71,-13,13
51154,101,104,-3,3
51155,80,73,7,7
51156,76,73,3,3
51157,118,124,-6,6
51158,97,102,-5,5
51159,96,110,-14,14
51160,40,43,-3,3
51161,157,147,10,10
51162,125,122,3,3
51163,99,97,2,2
51164,66,67,-1,1
51165,117,119,-2,2
51166,94,103,-9,9
51167,54,61,-7,7
51168,62,63,-1,1
51169,74,73,1,1
51170,166,160,6,6
51171,142,147,-5,5
51172,81,92,-11,11
51173,110,122,-12,12
51174,114,110,4,4
51175,96,97,-1,1
51176,54,57,-3,3
51177,97,101,-4,4
51178,86,102,-16,16
51179,67,74,-7,7
51180,65,64,1,1
51181,89,100,-11,11
51182,86,90,-4,4
51183,71,75,-4,4
51184,146,146,0,0
51185,81,72,9,9
51186,108,108,0,0
51187,116,117,-1,1
51188,90,100,-10,10
51189,108,102,6,6
51190,127,123,4,4
51191,60,63,-3,3
51192,66,60,6,6
51193,180,177,3,3
51194,52,51,1,1
51195,93,93,0,0
51196,127,125,2,2
51197,96,87,9,9
51198,110,98,12,12
51199,102,111,-9,9
51200,110,110,0,0
51201,72,66,6,6
51202,161,151,10,10
51203,89,81,8,8
51204,78,77,1,1
51205,77,86,-9,9
51206,80,77,3,3
51207,78,78,0,0
51208,135,117,18,18
51209,88,81,7,7
51210,102,88,14,14
51211,73,75,-2,2
51212,101,101,0,0
51213,84,85,-1,1
51214,87,84,3,3
51215,79,83,-4,4
51216,84,87,-3,3
51217,140,137,3,3
51218,106,113,-7,7
51219,75,68,7,7
51220,94,93,1,1
51221,79,86,-7,7
51222,93,97,-4,4
51223,155,154,1,1
51224,97,106,-9,9
51225,109,127,-18,18
51226,115,107,8,8
51227,126,124,2,2
51228,90,93,-3,3
51229,72,76,-4,4
51230,63,61,2,2
51231,105,106,-1,1
51232,68,71,-3,3
51233,143,127,16,16
51234,116,119,-3,3
51235,121,126,-5,5
51236,130,112,18,18
51237,75,74,1,1
51238,70,79,-9,9
51239,109,101,8,8
51240,98,99,-1,1
51241,106,97,9,9
51242,76,80,-4,4
51243,60,56,4,4
51244,68,73,-5,5
51245,165,149,16,16
51246,90,109,-19,19
51247,178,165,13,13
51248,79,84,-5,5
51249,72,65,7,7
51250,87,85,2,2
51251,82,81,1,1
51252,57,60,-3,3
51253,110,114,-4,4
51254,111,114,-3,3
51255,70,78,-8,8
51256,112,118,-6,6
51257,52,55,-3,3
51258,94,88,6,6
51259,97,103,-6,6
51260,66,67,-1,1
51261,67,74,-7,7
51262,66,72,-6,6
51263,107,109,-2,2
51264,156,193,-37,37
51265,40,91,-51,51
51266,60,66,-6,6
51267,109,132,-23,23
51268,62,65,-3,3
51269,126,118,8,8
51270,96,103,-7,7
51271,106,100,6,6
51272,109,98,11,11
51273,77,77,0,0
51274,70,67,3,3
51275,75,95,-20,20
51276,194,186,8,8
51277,24,33,-9,9
51278,94,99,-5,5
51279,102,96,6,6
51280,126,123,3,3
51281,150,131,19,19
51282,126,128,-2,2
51283,82,92,-10,10
51284,92,107,-15,15
51285,87,86,1,1
51286,122,133,-11,11
51287,129,132,-3,3
51288,93,91,2,2
51289,62,70,-8,8
51290,148,151,-3,3
51291,73,75,-2,2
51292,114,108,6,6
51293,82,81,1,1
51294,99,105,-6,6
51295,181,168,13,13
51296,158,147,11,11
51297,100,106,-6,6
51298,143,138,5,5
51299,118,120,-2,2
51300,85,82,3,3
51301,127,133,-6,6
51302,83,95,-12,12
51303,95,92,3,3
51304,63,59,4,4
51305,76,73,3,3
51306,111,122,-11,11
51307,69,76,-7,7
51308,100,90,10,10
51309,47,51,-4,4
51310,83,92,-9,9
51311,85,88,-3,3
51312,74,74,0,0
51313,53,71,-18,18
51314,75,81,-6,6
51315,71,84,-13,13
51316,108,107,1,1
51317,71,74,-3,3
51318,121,119,2,2
51319,100,110,-10,10
51320,113,118,-5,5
51321,86,80,6,6
51322,86,75,11,11
51323,115,114,1,1
51324,38,42,-4,4
51325,140,133,7,7
51326,119,127,-8,8
51327,104,105,-1,1
51328,135,119,16,16
51329,147,134,13,13
51330,116,111,5,5
51331,137,133,4,4
51332,86,88,-2,2
51333,96,99,-3,3
51334,76,75,1,1
51335,64,60,4,4
51336,57,55,2,2
51337,90,108,-18,18
51338,56,74,-18,18
51339,84,91,-7,7
51340,109,101,8,8
51341,124,124,0,0
51342,138,127,11,11
51343,73,71,2,2
51344,98,99,-1,1
51345,93,82,11,11
51346,51,49,2,2
51347,54,52,2,2
51348,62,64,-2,2
51349,126,127,-1,1
51350,85,83,2,2
51351,86,74,12,12
51352,67,63,4,4
51353,80,86,-6,6
51354,55,60,-5,5
51355,115,114,1,1
51356,71,72,-1,1
51357,86,84,2,2
51358,120,120,0,0
51359,94,88,6,6
51360,71,74,-3,3
51361,106,119,-13,13
51362,101,100,1,1
51363,41,47,-6,6
51364,77,71,6,6
51365,130,123,7,7
51366,154,148,6,6
51367,102,91,11,11
51368,56,57,-1,1
51369,108,107,1,1
51370,74,78,-4,4
51371,33,106,-73,73
51372,109,110,-1,1
51373,113,112,1,1
51374,115,116,-1,1
51375,73,77,-4,4
51376,60,72,-12,12
51377,115,111,4,4
51378,85,92,-7,7
51379,121,111,10,10
51380,128,127,1,1
51381,76,88,-12,12
51382,158,154,4,4
51383,109,110,-1,1
51384,47,51,-4,4
51385,76,72,4,4
51386,75,66,9,9
51387,92,84,8,8
51388,92,97,-5,5
51389,110,100,10,10
51390,101,99,2,2
51391,95,90,5,5
51392,107,107,0,0
51393,96,99,-3,3
51394,127,125,2,2
51395,104,108,-4,4
51396,84,77,7,7
51397,44,45,-1,1
51398,112,121,-9,9
51399,94,109,-15,15
51400,65,67,-2,2
51401,67,74,-7,7
51402,106,105,1,1
51403,85,77,8,8
51404,75,88,-13,13
51405,72,70,2,2
51406,99,82,17,17
51407,63,66,-3,3
51408,157,156,1,1
51409,70,68,2,2
51410,79,79,0,0
51411,99,97,2,2
51412,100,106,-6,6
51413,152,144,8,8
51414,111,124,-13,13
51415,73,77,-4,4
51416,117,116,1,1
51417,74,75,-1,1
51418,84,93,-9,9
51419,117,114,3,3
51420,70,75,-5,5
51421,72,79,-7,7
51422,62,64,-2,2
51423,90,95,-5,5
51424,123,113,10,10
51425,81,84,-3,3
51426,62,64,-2,2
51427,74,74,0,0
51428,189,172,17,17
51429,97,105,-8,8
51430,131,131,0,0
51431,66,74,-8,8
51432,131,123,8,8
51433,101,90,11,11
51434,205,206,-1,1
51435,92,101,-9,9
51436,74,84,-10,10
51437,108,104,4,4
51438,78,74,4,4
51439,69,75,-6,6
51440,92,88,4,4
51441,76,77,-1,1
51442,83,81,2,2
51443,104,102,2,2
51444,85,80,5,5
51445,74,71,3,3
51446,134,138,-4,4
51447,119,115,4,4
51448,92,89,3,3
51449,88,86,2,2
51450,126,134,-8,8
51451,100,102,-2,2
51452,45,57,-12,12
51453,131,120,11,11
51454,55,57,-2,2
51455,180,176,4,4
51456,133,115,18,18
51457,94,67,27,27
51458,62,82,-20,20
51459,119,118,1,1
51460,183,172,11,11
51461,88,83,5,5
51462,115,91,24,24
51463,100,87,13,13
51464,64,75,-11,11
51465,83,109,-26,26
51466,138,139,-1,1
51467,62,72,-10,10
51468,193,172,21,21
51469,90,82,8,8
51470,77,88,-11,11
51471,111,109,2,2
51472,99,89,10,10
51473,118,125,-7,7
51474,131,125,6,6
51475,71,67,4,4
51476,78,81,-3,3
51477,94,84,10,10
51478,92,99,-7,7
51479,97,100,-3,3
51480,89,85,4,4
51481,131,121,10,10
51482,119,103,16,16
51483,59,65,-6,6
51484,80,82,-2,2
51485,116,109,7,7
51486,93,88,5,5
51487,72,78,-6,6
51488,185,164,21,21
51489,85,91,-6,6
51490,108,116,-8,8
51491,84,86,-2,2
51492,100,105,-5,5
51493,109,90,19,19
51494,43,44,-1,1
51495,77,79,-2,2
51496,87,82,5,5
51497,121,115,6,6
51498,109,112,-3,3
51499,83,89,-6,6
51500,108,99,9,9
51501,166,145,21,21
51502,68,68,0,0
51503,112,130,-18,18
51504,103,105,-2,2
51505,106,113,-7,7
51506,33,40,-7,7
51507,56,50,6,6
51508,72,72,0,0
51509,136,136,0,0
51510,79,79,0,0
51511,143,126,17,17
51512,103,102,1,1
51513,75,79,-4,4
51514,73,74,-1,1
51515,68,70,-2,2
51516,68,84,-16,16
51517,102,88,14,14
51518,83,83,0,0
51519,70,78,-8,8
51520,88,85,3,3
51521,124,123,1,1
51522,111,115,-4,4
51523,103,108,-5,5
51524,104,100,4,4
51525,122,120,2,2
51526,119,119,0,0
51527,71,105,-34,34
51528,196,199,-3,3
51529,70,69,1,1
51530,70,86,-16,16
51531,88,85,3,3
51532,122,120,2,2
51533,102,100,2,2
51534,119,113,6,6
51535,138,133,5,5
51536,165,151,14,14
51537,94,104,-10,10
51538,52,55,-3,3
51539,86,82,4,4
51540,63,71,-8,8
51541,92,84,8,8
51542,65,62,3,3
51543,47,47,0,0
51544,62,63,-1,1
51545,79,95,-16,16
51546,166,137,29,29
51547,96,89,7,7
51548,120,135,-15,15
51549,117,116,1,1
51550,99,93,6,6
51551,124,132,-8,8
51552,138,127,11,11
51553,60,64,-4,4
51554,90,90,0,0
51555,76,79,-3,3
51556,113,134,-21,21
51557,129,125,4,4
51558,80,82,-2,2
51559,99,94,5,5
51560,87,87,0,0
51561,74,76,-2,2
51562,70,72,-2,2
51563,50,55,-5,5
51564,83,82,1,1
51565,150,142,8,8
51566,104,102,2,2
51567,107,108,-1,1
51568,101,98,3,3
51569,153,151,2,2
51570,81,82,-1,1
51571,58,70,-12,12
51572,104,101,3,3
51573,64,66,-2,2
51574,58,54,4,4
51575,137,138,-1,1
51576,132,115,17,17
51577,110,109,1,1
51578,120,124,-4,4
51579,92,98,-6,6
51580,83,115,-32,32
51581,41,51,-10,10
51582,194,206,-12,12
51583,79,73,6,6
51584,65,68,-3,3
51585,126,135,-9,9
51586,125,139,-14,14
51587,148,142,6,6
51588,63,64,-1,1
51589,82,87,-5,5
51590,127,124,3,3
51591,141,133,8,8
51592,98,107,-9,9
51593,140,142,-2,2
51594,92,84,8,8
51595,78,85,-7,7
51596,72,74,-2,2
51597,133,121,12,12
51598,82,89,-7,7
51599,53,61,-8,8
51600,68,68,0,0
51601,135,135,0,0
51602,76,93,-17,17
51603,84,77,7,7
51604,109,107,2,2
51605,115,123,-8,8
51606,32,31,1,1
51607,202,179,23,23
51608,64,64,0,0
51609,69,67,2,2
51610,61,62,-1,1
51611,81,76,5,5
51612,81,88,-7,7
51613,103,101,2,2
51614,73,72,1,1
51615,103,120,-17,17
51616,153,157,-4,4
51617,78,80,-2,2
51618,100,100,0,0
51619,136,145,-9,9
51620,58,61,-3,3
51621,75,82,-7,7
51622,130,118,12,12
51623,127,119,8,8
51624,51,60,-9,9
51625,87,75,12,12
51626,99,104,-5,5
51627,121,116,5,5
51628,83,86,-3,3
51629,65,66,-1,1
51630,86,87,-1,1
51631,129,130,-1,1
51632,77,88,-11,11
51633,63,69,-6,6
51634,70,72,-2,2
51635,75,79,-4,4
51636,75,80,-5,5
51637,132,132,0,0
51638,157,155,2,2
51639,130,136,-6,6
51640,80,85,-5,5
51641,97,102,-5,5
51642,68,67,1,1
51643,98,102,-4,4
51644,81,87,-6,6
51645,51,54,-3,3
51646,84,85,-1,1
51647,79,80,-1,1
51648,151,146,5,5
51649,82,81,1,1
51650,127,125,2,2
51651,63,71,-8,8
51652,97,99,-2,2
51653,121,117,4,4
51654,157,150,7,7
51655,101,100,1,1
51656,160,164,-4,4
51657,92,91,1,1
51658,107,117,-10,10
51659,108,98,10,10
51660,119,104,15,15
51661,61,67,-6,6
51662,112,107,5,5
51663,71,68,3,3
51664,99,102,-3,3
51665,68,76,-8,8
51666,116,123,-7,7
51667,64,76,-12,12
51668,124,129,-5,5
51669,139,135,4,4
51670,80,81,-1,1
51671,157,149,8,8
51672,101,100,1,1
51673,114,110,4,4
51674,126,131,-5,5
51675,148,140,8,8
51676,77,81,-4,4
51677,187,181,6,6
51678,139,140,-1,1
51679,164,155,9,9
51680,98,104,-6,6
51681,86,91,-5,5
51682,61,63,-2,2
51683,143,148,-5,5
51684,57,56,1,1
51685,52,55,-3,3
51686,92,107,-15,15
51687,108,105,3,3
51688,156,137,19,19
51689,159,145,14,14
51690,157,144,13,13
51691,102,101,1,1
51692,138,127,11,11
51693,78,81,-3,3
51694,83,75,8,8
51695,108,98,10,10
51696,60,58,2,2
51697,142,124,18,18
51698,55,61,-6,6
51699,65,62,3,3
51700,125,123,2,2
51701,90,93,-3,3
51702,74,75,-1,1
51703,156,149,7,7
51704,76,77,-1,1
51705,94,102,-8,8
51706,84,83,1,1
51707,84,79,5,5
51708,68,79,-11,11
51709,144,140,4,4
51710,74,71,3,3
51711,104,108,-4,4
51712,98,74,24,24
51713,92,97,-5,5
51714,106,109,-3,3
51715,94,93,1,1
51716,91,100,-9,9
51717,61,44,17,17
51718,77,73,4,4
51719,71,76,-5,5
51720,98,99,-1,1
51721,73,80,-7,7
51722,103,112,-9,9
51723,124,117,7,7
51724,135,121,14,14
51725,118,125,-7,7
51726,96,106,-10,10
51727,54,61,-7,7
51728,112,101,11,11
51729,72,75,-3,3
51730,70,77,-7,7
51731,85,82,3,3
51732,51,47,4,4
51733,106,119,-13,13
51734,113,106,7,7
51735,76,69,7,7
51736,63,71,-8,8
51737,140,126,14,14
51738,103,99,4,4
51739,163,165,-2,2
51740,126,128,-2,2
51741,92,107,-15,15
51742,40,44,-4,4
51743,33,41,-8,8
51744,99,102,-3,3
51745,113,105,8,8
51746,59,61,-2,2
51747,88,107,-19,19
51748,58,61,-3,3
51749,98,100,-2,2
51750,135,121,14,14
51751,92,98,-6,6
51752,101,104,-3,3
51753,116,114,2,2
51754,171,168,3,3
51755,98,87,11,11
51756,99,99,0,0
51757,77,75,2,2
51758,99,100,-1,1
51759,61,61,0,0
51760,124,105,19,19
51761,36,38,-2,2
51762,124,114,10,10
51763,89,87,2,2
51764,144,150,-6,6
51765,113,111,2,2
51766,157,148,9,9
51767,95,98,-3,3
51768,101,109,-8,8
51769,76,81,-5,5
51770,65,77,-12,12
51771,222,183,39,39
51772,123,119,4,4
51773,71,92,-21,21
51774,102,97,5,5
51775,96,101,-5,5
51776,105,104,1,1
51777,81,86,-5,5
51778,122,139,-17,17
51779,64,69,-5,5
51780,43,57,-14,14
51781,114,107,7,7
51782,62,66,-4,4
51783,104,115,-11,11
51784,175,184,-9,9
51785,98,109,-11,11
51786,87,86,1,1
51787,144,142,2,2
51788,76,87,-11,11
51789,125,125,0,0
51790,70,74,-4,4
51791,86,101,-15,15
51792,140,119,21,21
51793,44,54,-10,10
51794,101,100,1,1
51795,68,71,-3,3
51796,155,157,-2,2
51797,125,126,-1,1
51798,49,56,-7,7
51799,140,145,-5,5
51800,105,101,4,4
51801,192,195,-3,3
51802,89,80,9,9
51803,140,134,6,6
51804,140,138,2,2
51805,112,117,-5,5
51806,136,121,15,15
51807,76,84,-8,8
51808,64,74,-10,10
51809,64,78,-14,14
51810,83,86,-3,3
51811,72,69,3,3
51812,145,144,1,1
51813,113,107,6,6
51814,114,107,7,7
51815,154,141,13,13
51816,67,67,0,0
51817,197,180,17,17
51818,61,62,-1,1
51819,99,101,-2,2
51820,91,92,-1,1
51821,181,157,24,24
51822,45,47,-2,2
51823,55,63,-8,8
51824,183,197,-14,14
51825,106,112,-6,6
51826,57,56,1,1
51827,133,126,7,7
51828,36,47,-11,11
51829,98,106,-8,8
51830,54,50,4,4
51831,140,143,-3,3
51832,114,115,-1,1
51833,99,94,5,5
51834,69,69,0,0
51835,144,138,6,6
51836,112,122,-10,10
51837,101,100,1,1
51838,88,80,8,8
51839,88,89,-1,1
51840,94,90,4,4
51841,67,64,3,3
51842,46,50,-4,4
51843,72,70,2,2
51844,80,76,4,4
51845,75,74,1,1
51846,94,89,5,5
51847,117,120,-3,3
51848,67,70,-3,3
51849,71,75,-4,4
51850,67,81,-14,14
51851,68,64,4,4
51852,91,90,1,1
51853,71,75,-4,4
51854,114,116,-2,2
51855,93,102,-9,9
51856,73,79,-6,6
51857,164,151,13,13
51858,132,123,9,9
51859,66,58,8,8
51860,153,131,22,22
51861,108,120,-12,12
51862,110,108,2,2
51863,156,138,18,18
51864,162,154,8,8
51865,150,146,4,4
51866,125,123,2,2
51867,61,63,-2,2
51868,95,96,-1,1
51869,152,135,17,17
51870,125,131,-6,6
51871,119,108,11,11
51872,166,186,-20,20
51873,120,106,14,14
51874,58,59,-1,1
51875,45,46,-1,1
51876,117,128,-11,11
51877,65,63,2,2
51878,105,114,-9,9
51879,70,71,-1,1
51880,78,75,3,3
51881,91,86,5,5
51882,78,74,4,4
51883,116,130,-14,14
51884,132,115,17,17
51885,143,134,9,9
51886,117,122,-5,5
51887,147,156,-9,9
51888,63,68,-5,5
51889,80,94,-14,14
51890,98,99,-1,1
51891,51,61,-10,10
51892,51,50,1,1
51893,73,71,2,2
51894,95,86,9,9
51895,100,101,-1,1
51896,74,83,-9,9
51897,110,102,8,8
51898,78,80,-2,2
51899,54,66,-12,12
51900,115,116,-1,1
51901,139,134,5,5
51902,73,80,-7,7
51903,67,67,0,0
51904,76,79,-3,3
51905,108,108,0,0
51906,104,105,-1,1
51907,130,127,3,3
51908,116,118,-2,2
51909,57,62,-5,5
51910,102,109,-7,7
51911,108,101,7,7
51912,95,88,7,7
51913,40,45,-5,5
51914,76,85,-9,9
51915,71,69,2,2
51916,137,137,0,0
51917,118,113,5,5
51918,129,126,3,3
51919,67,73,-6,6
51920,72,74,-2,2
51921,111,120,-9,9
51922,95,99,-4,4
51923,130,143,-13,13
51924,116,124,-8,8
51925,68,69,-1,1
51926,103,104,-1,1
51927,95,100,-5,5
51928,117,118,-1,1
51929,62,58,4,4
51930,75,82,-7,7
51931,56,66,-10,10
51932,120,111,9,9
51933,113,114,-1,1
51934,85,81,4,4
51935,71,95,-24,24
51936,130,133,-3,3
51937,87,95,-8,8
51938,156,151,5,5
51939,89,91,-2,2
51940,61,61,0,0
51941,115,115,0,0
51942,144,132,12,12
51943,73,82,-9,9
51944,94,99,-5,5
51945,102,102,0,0
51946,125,127,-2,2
51947,71,66,5,5
51948,140,136,4,4
51949,143,137,6,6
51950,77,85,-8,8
51951,86,76,10,10
51952,70,69,1,1
51953,101,92,9,9
51954,82,79,3,3
51955,93,87,6,6
51956,55,60,-5,5
51957,138,147,-9,9
51958,88,89,-1,1
51959,81,85,-4,4
51960,176,158,18,18
51961,90,97,-7,7
51962,52,61,-9,9
51963,97,99,-2,2
51964,45,55,-10,10
51965,114,120,-6,6
51966,155,149,6,6
51967,151,174,-23,23
51968,60,64,-4,4
51969,82,76,6,6
51970,96,99,-3,3
51971,126,115,11,11
51972,90,87,3,3
51973,83,73,10,10
51974,72,78,-6,6
51975,139,130,9,9
51976,137,130,7,7
51977,119,117,2,2
51978,115,100,15,15
51979,76,73,3,3
51980,80,100,-20,20
51981,101,100,1,1
51982,92,90,2,2
51983,65,65,0,0
51984,89,97,-8,8
51985,72,71,1,1
51986,45,50,-5,5
51987,69,71,-2,2
51988,81,81,0,0
51989,95,99,-4,4
51990,76,79,-3,3
51991,49,46,3,3
51992,97,102,-5,5
51993,90,86,4,4
51994,130,128,2,2
51995,74,80,-6,6
51996,46,58,-12,12
51997,74,82,-8,8
51998,108,105,3,3
51999,115,122,-7,7
52000,37,48,-11,11
52001,79,77,2,2
52002,75,79,-4,4
52003,174,154,20,20
52004,107,105,2,2
52005,53,52,1,1
52006,83,91,-8,8
52007,60,61,-1,1
52008,98,106,-8,8
52009,57,59,-2,2
52010,54,57,-3,3
52011,83,79,4,4
52012,182,198,-16,16
52013,107,117,-10,10
52014,89,102,-13,13
52015,105,106,-1,1
52016,109,115,-6,6
52017,141,129,12,12
52018,121,125,-4,4
52019,91,108,-17,17
52020,117,113,4,4
52021,58,50,8,8
52022,80,72,8,8
52023,88,86,2,2
52024,80,83,-3,3
52025,146,142,4,4
52026,105,105,0,0
52027,128,142,-14,14
52028,79,78,1,1
52029,123,128,-5,5
52030,85,84,1,1
52031,77,77,0,0
52032,70,67,3,3
52033,100,104,-4,4
52034,71,70,1,1
52035,123,119,4,4
52036,85,88,-3,3
52037,113,114,-1,1
52038,98,93,5,5
52039,67,78,-11,11
52040,130,139,-9,9
52041,176,159,17,17
52042,117,115,2,2
52043,130,124,6,6
52044,114,111,3,3
52045,108,113,-5,5
52046,111,119,-8,8
52047,91,88,3,3
52048,153,142,11,11
52049,83,103,-20,20
52050,91,92,-1,1
52051,103,107,-4,4
52052,123,124,-1,1
52053,57,65,-8,8
52054,115,113,2,2
52055,86,92,-6,6
52056,147,141,6,6
52057,116,133,-17,17
52058,87,87,0,0
52059,81,82,-1,1
52060,58,55,3,3
52061,97,85,12,12
52062,138,147,-9,9
52063,74,72,2,2
52064,60,71,-11,11
52065,94,99,-5,5
52066,150,143,7,7
52067,143,143,0,0
52068,72,73,-1,1
52069,80,84,-4,4
52070,94,99,-5,5
52071,85,82,3,3
52072,108,106,2,2
52073,106,99,7,7
52074,86,86,0,0
52075,160,150,10,10
52076,84,83,1,1
52077,78,72,6,6
52078,89,98,-9,9
52079,76,86,-10,10
52080,57,49,8,8
52081,93,97,-4,4
52082,92,99,-7,7
52083,79,102,-23,23
52084,105,106,-1,1
52085,146,142,4,4
52086,79,86,-7,7
52087,96,102,-6,6
52088,97,98,-1,1
52089,74,75,-1,1
52090,79,88,-9,9
52091,90,87,3,3
52092,133,133,0,0
52093,81,86,-5,5
52094,140,134,6,6
52095,20,23,-3,3
52096,42,98,-56,56
52097,178,157,21,21
52098,57,71,-14,14
52099,91,99,-8,8
52100,125,144,-19,19
52101,77,76,1,1
52102,73,77,-4,4
52103,96,105,-9,9
52104,63,64,-1,1
52105,75,77,-2,2
52106,117,114,3,3
52107,135,136,-1,1
52108,105,112,-7,7
52109,141,139,2,2
52110,123,112,11,11
52111,71,88,-17,17
52112,108,100,8,8
52113,104,110,-6,6
52114,108,101,7,7
52115,93,97,-4,4
52116,102,101,1,1
52117,99,88,11,11
52118,95,104,-9,9
52119,53,53,0,0
52120,117,104,13,13
52121,79,96,-17,17
52122,55,69,-14,14
52123,163,161,2,2
52124,53,54,-1,1
52125,80,81,-1,1
52126,124,119,5,5
52127,75,72,3,3
52128,133,133,0,0
52129,83,84,-1,1
52130,54,63,-9,9
52131,52,57,-5,5
52132,67,70,-3,3
52133,75,73,2,2
52134,106,105,1,1
52135,140,135,5,5
52136,124,128,-4,4
52137,65,70,-5,5
52138,94,100,-6,6
52139,108,112,-4,4
52140,132,118,14,14
52141,123,122,1,1
52142,73,85,-12,12
52143,246,238,8,8
52144,91,83,8,8
52145,48,58,-10,10
52146,109,99,10,10
52147,120,112,8,8
52148,71,66,5,5
52149,44,46,-2,2
52150,83,80,3,3
52151,77,71,6,6
52152,108,105,3,3
52153,76,74,2,2
52154,116,105,11,11
52155,98,114,-16,16
52156,114,107,7,7
52157,142,128,14,14
52158,92,103,-11,11
52159,82,78,4,4
52160,86,85,1,1
52161,65,68,-3,3
52162,91,89,2,2
52163,158,159,-1,1
52164,79,77,2,2
52165,89,83,6,6
52166,54,51,3,3
52167,144,126,18,18
52168,167,174,-7,7
52169,94,106,-12,12
52170,75,75,0,0
52171,110,121,-11,11
52172,113,110,3,3
52173,63,65,-2,2
52174,138,134,4,4
52175,101,94,7,7
52176,99,111,-12,12
52177,98,105,-7,7
52178,138,155,-17,17
52179,116,118,-2,2
52180,53,66,-13,13
52181,97,98,-1,1
52182,79,67,12,12
52183,94,108,-14,14
52184,72,80,-8,8
52185,104,114,-10,10
52186,113,105,8,8
52187,105,114,-9,9
52188,84,84,0,0
52189,66,71,-5,5
52190,75,75,0,0
52191,106,106,0,0
52192,100,99,1,1
52193,75,83,-8,8
52194,45,42,3,3
52195,126,134,-8,8
52196,102,100,2,2
52197,108,111,-3,3
52198,99,96,3,3
52199,146,142,4,4
52200,107,111,-4,4
52201,105,116,-11,11
52202,58,56,2,2
52203,114,121,-7,7
52204,151,133,18,18
52205,72,74,-2,2
52206,79,74,5,5
52207,131,120,11,11
52208,91,91,0,0
52209,52,56,-4,4
52210,81,71,10,10
52211,85,74,11,11
52212,96,91,5,5
52213,42,52,-10,10
52214,73,67,6,6
52215,100,94,6,6
52216,104,99,5,5
52217,85,92,-7,7
52218,67,74,-7,7
52219,71,76,-5,5
52220,100,90,10,10
52221,134,114,20,20
52222,104,112,-8,8
52223,90,80,10,10
52224,96,126,-30,30
52225,61,92,-31,31
52226,65,71,-6,6
52227,139,138,1,1
52228,46,51,-5,5
52229,70,73,-3,3
52230,142,134,8,8
52231,90,95,-5,5
52232,112,105,7,7
52233,113,108,5,5
52234,59,67,-8,8
52235,111,110,1,1
52236,84,77,7,7
52237,74,69,5,5
52238,78,72,6,6
52239,145,147,-2,2
52240,100,122,-22,22
52241,103,100,3,3
52242,55,58,-3,3
52243,93,98,-5,5
52244,78,76,2,2
52245,80,80,0,0
52246,104,98,6,6
52247,66,69,-3,3
52248,68,64,4,4
52249,60,59,1,1
52250,103,119,-16,16
52251,69,70,-1,1
52252,92,90,2,2
52253,48,57,-9,9
52254,54,63,-9,9
52255,54,57,-3,3
52256,58,63,-5,5
52257,160,145,15,15
52258,83,79,4,4
52259,90,84,6,6
52260,71,125,-54,54
52261,168,176,-8,8
52262,137,141,-4,4
52263,139,140,-1,1
52264,74,71,3,3
52265,75,80,-5,5
52266,65,63,2,2
52267,93,81,12,12
52268,94,92,2,2
52269,65,75,-10,10
52270,110,115,-5,5
52271,29,42,-13,13
52272,91,88,3,3
52273,78,77,1,1
52274,77,75,2,2
52275,93,98,-5,5
52276,158,151,7,7
52277,206,197,9,9
52278,98,103,-5,5
52279,131,128,3,3
52280,115,112,3,3
52281,129,113,16,16
52282,97,91,6,6
52283,97,96,1,1
52284,78,91,-13,13
52285,81,83,-2,2
52286,107,105,2,2
52287,80,84,-4,4
52288,67,71,-4,4
52289,66,75,-9,9
52290,56,58,-2,2
52291,72,73,-1,1
52292,50,59,-9,9
52293,70,102,-32,32
52294,128,121,7,7
52295,138,142,-4,4
52296,38,43,-5,5
52297,113,113,0,0
52298,168,163,5,5
52299,115,107,8,8
52300,88,86,2,2
52301,80,78,2,2
52302,124,133,-9,9
52303,190,187,3,3
52304,92,100,-8,8
52305,83,84,-1,1
52306,78,81,-3,3
52307,64,59,5,5
52308,121,120,1,1
52309,74,77,-3,3
52310,59,65,-6,6
52311,200,164,36,36
52312,157,148,9,9
52313,86,86,0,0
52314,126,123,3,3
52315,75,75,0,0
52316,95,108,-13,13
52317,118,106,12,12
52318,174,164,10,10
52319,148,140,8,8
52320,70,77,-7,7
52321,99,101,-2,2
52322,73,75,-2,2
52323,178,155,23,23
52324,127,124,3,3
52325,137,136,1,1
52326,35,44,-9,9
52327,58,60,-2,2
52328,104,111,-7,7
52329,85,84,1,1
52330,91,91,0,0
52331,40,42,-2,2
52332,83,84,-1,1
52333,100,106,-6,6
52334,73,80,-7,7
52335,51,57,-6,6
52336,263,215,48,48
52337,87,90,-3,3
52338,85,84,1,1
52339,85,87,-2,2
52340,89,85,4,4
52341,176,174,2,2
52342,103,104,-1,1
52343,128,136,-8,8
52344,166,167,-1,1
52345,92,110,-18,18
52346,100,102,-2,2
52347,98,89,9,9
52348,57,60,-3,3
52349,127,119,8,8
52350,86,89,-3,3
52351,144,146,-2,2
52352,60,64,-4,4
52353,113,112,1,1
52354,113,108,5,5
52355,103,103,0,0
52356,90,88,2,2
52357,56,51,5,5
52358,47,50,-3,3
52359,105,111,-6,6
52360,61,63,-2,2
52361,128,139,-11,11
52362,55,79,-24,24
52363,67,65,2,2
52364,65,68,-3,3
52365,116,111,5,5
52366,76,80,-4,4
52367,41,43,-2,2
52368,83,78,5,5
52369,82,88,-6,6
52370,50,57,-7,7
52371,81,95,-14,14
52372,57,51,6,6
52373,83,79,4,4
52374,87,100,-13,13
52375,56,45,11,11
52376,68,67,1,1
52377,71,68,3,3
52378,77,80,-3,3
52379,67,67,0,0
52380,120,110,10,10
52381,74,79,-5,5
52382,121,123,-2,2
52383,73,76,-3,3
52384,53,57,-4,4
52385,68,73,-5,5
52386,95,92,3,3
52387,103,108,-5,5
52388,46,52,-6,6
52389,73,68,5,5
52390,148,143,5,5
52391,145,127,18,18
52392,105,99,6,6
52393,71,75,-4,4
52394,43,50,-7,7
52395,106,108,-2,2
52396,114,115,-1,1
52397,80,77,3,3
52398,64,82,-18,18
52399,125,116,9,9
52400,84,99,-15,15
52401,86,89,-3,3
52402,101,100,1,1
52403,95,92,3,3
52404,90,98,-8,8
52405,93,88,5,5
52406,62,65,-3,3
52407,146,141,5,5
52408,87,88,-1,1
52409,85,78,7,7
52410,134,121,13,13
52411,82,78,4,4
52412,46,50,-4,4
52413,73,64,9,9
52414,23,37,-14,14
52415,167,153,14,14
52416,116,99,17,17
52417,112,117,-5,5
52418,227,217,10,10
52419,108,111,-3,3
52420,93,95,-2,2
52421,76,79,-3,3
52422,75,77,-2,2
52423,74,82,-8,8
52424,85,78,7,7
52425,68,69,-1,1
52426,93,86,7,7
52427,143,137,6,6
52428,132,126,6,6
52429,68,69,-1,1
52430,49,56,-7,7
52431,116,108,8,8
52432,87,84,3,3
52433,114,108,6,6
52434,133,127,6,6
52435,81,78,3,3
52436,105,95,10,10
52437,88,90,-2,2
52438,158,142,16,16
52439,82,74,8,8
52440,91,93,-2,2
52441,158,154,4,4
52442,77,81,-4,4
52443,61,81,-20,20
52444,57,64,-7,7
52445,76,82,-6,6
52446,80,83,-3,3
52447,90,100,-10,10
52448,75,66,9,9
52449,105,103,2,2
52450,99,100,-1,1
52451,134,138,-4,4
52452,70,75,-5,5
52453,139,144,-5,5
52454,67,70,-3,3
52455,186,168,18,18
52456,101,102,-1,1
52457,142,137,5,5
52458,66,64,2,2
52459,88,83,5,5
52460,79,86,-7,7
52461,80,83,-3,3
52462,103,114,-11,11
52463,133,144,-11,11
52464,21,60,-39,39
52465,98,82,16,16
52466,67,64,3,3
52467,117,141,-24,24
52468,71,73,-2,2
52469,45,47,-2,2
52470,90,82,8,8
52471,122,105,17,17
52472,133,128,5,5
52473,70,71,-1,1
52474,99,107,-8,8
52475,161,151,10,10
52476,123,118,5,5
52477,116,111,5,5
52478,148,130,18,18
52479,55,49,6,6
52480,107,112,-5,5
52481,69,67,2,2
52482,103,120,-17,17
52483,50,53,-3,3
52484,76,78,-2,2
52485,98,101,-3,3
52486,63,68,-5,5
52487,69,69,0,0
52488,115,115,0,0
52489,64,63,1,1
52490,80,81,-1,1
52491,93,87,6,6
52492,93,91,2,2
52493,107,101,6,6
52494,91,90,1,1
52495,73,87,-14,14
52496,163,148,15,15
52497,82,77,5,5
52498,133,120,13,13
52499,70,77,-7,7
52500,74,75,-1,1
52501,72,73,-1,1
52502,51,43,8,8
52503,192,170,22,22
52504,59,71,-12,12
52505,69,67,2,2
52506,47,51,-4,4
52507,146,160,-14,14
52508,149,137,12,12
52509,96,113,-17,17
52510,73,69,4,4
52511,143,135,8,8
52512,101,109,-8,8
52513,96,102,-6,6
52514,108,118,-10,10
52515,77,78,-1,1
52516,45,55,-10,10
52517,89,100,-11,11
52518,160,149,11,11
52519,97,104,-7,7
52520,82,84,-2,2
52521,80,76,4,4
52522,70,71,-1,1
52523,123,116,7,7
52524,109,106,3,3
52525,162,158,4,4
52526,129,129,0,0
52527,80,77,3,3
52528,49,55,-6,6
52529,129,115,14,14
52530,79,74,5,5
52531,89,94,-5,5
52532,92,99,-7,7
52533,87,80,7,7
52534,104,94,10,10
52535,106,91,15,15
52536,169,170,-1,1
52537,96,108,-12,12
52538,66,68,-2,2
52539,140,138,2,2
52540,128,121,7,7
52541,82,78,4,4
52542,128,118,10,10
52543,109,114,-5,5
52544,59,65,-6,6
52545,61,66,-5,5
52546,109,92,17,17
52547,72,80,-8,8
52548,57,62,-5,5
52549,94,102,-8,8
52550,86,87,-1,1
52551,57,60,-3,3
52552,142,138,4,4
52553,79,87,-8,8
52554,150,145,5,5
52555,122,131,-9,9
52556,106,112,-6,6
52557,41,46,-5,5
52558,218,200,18,18
52559,106,103,3,3
52560,80,75,5,5
52561,87,88,-1,1
52562,121,128,-7,7
52563,68,69,-1,1
52564,79,85,-6,6
52565,63,62,1,1
52566,57,71,-14,14
52567,132,138,-6,6
52568,86,88,-2,2
52569,92,89,3,3
52570,187,170,17,17
52571,97,94,3,3
52572,135,131,4,4
52573,126,109,17,17
52574,79,82,-3,3
52575,69,79,-10,10
52576,142,142,0,0
52577,97,91,6,6
52578,104,112,-8,8
52579,112,116,-4,4
52580,168,172,-4,4
52581,145,129,16,16
52582,137,130,7,7
52583,142,131,11,11
52584,81,76,5,5
52585,97,98,-1,1
52586,90,78,12,12
52587,121,138,-17,17
52588,71,79,-8,8
52589,61,61,0,0
52590,95,114,-19,19
52591,95,116,-21,21
52592,53,63,-10,10
52593,126,128,-2,2
52594,72,80,-8,8
52595,86,79,7,7
52596,141,145,-4,4
52597,96,105,-9,9
52598,98,105,-7,7
52599,123,123,0,0
52600,46,44,2,2
52601,95,83,12,12
52602,127,121,6,6
52603,153,138,15,15
52604,115,111,4,4
52605,104,100,4,4
52606,53,59,-6,6
52607,95,90,5,5
52608,88,87,1,1
52609,133,117,16,16
52610,88,87,1,1
52611,25,44,-19,19
52612,142,126,16,16
52613,98,106,-8,8
52614,93,92,1,1
52615,99,92,7,7
52616,152,146,6,6
52617,124,123,1,1
52618,112,116,-4,4
52619,134,119,15,15
52620,104,111,-7,7
52621,86,84,2,2
52622,117,119,-2,2
52623,77,81,-4,4
52624,88,89,-1,1
52625,72,70,2,2
52626,87,109,-22,22
52627,80,77,3,3
52628,103,104,-1,1
52629,136,138,-2,2
52630,105,115,-10,10
52631,96,97,-1,1
52632,90,85,5,5
52633,53,52,1,1
52634,77,78,-1,1
52635,60,61,-1,1
52636,115,122,-7,7
52637,93,92,1,1
52638,91,82,9,9
52639,162,159,3,3
52640,115,102,13,13
52641,148,156,-8,8
52642,68,66,2,2
52643,79,84,-5,5
52644,53,56,-3,3
52645,60,63,-3,3
52646,63,74,-11,11
52647,102,105,-3,3
52648,111,105,6,6
52649,116,116,0,0
52650,50,53,-3,3
52651,113,106,7,7
52652,46,57,-11,11
52653,62,63,-1,1
52654,112,113,-1,1
52655,58,63,-5,5
52656,85,94,-9,9
52657,111,105,6,6
52658,105,108,-3,3
52659,113,123,-10,10
52660,174,163,11,11
52661,125,121,4,4
52662,109,107,2,2
52663,67,73,-6,6
52664,76,70,6,6
52665,193,238,-45,45
52666,128,125,3,3
52667,88,82,6,6
52668,70,76,-6,6
52669,63,65,-2,2
52670,148,134,14,14
52671,89,101,-12,12
52672,152,151,1,1
52673,62,66,-4,4
52674,141,121,20,20
52675,48,51,-3,3
52676,185,174,11,11
52677,89,84,5,5
52678,87,84,3,3
52679,50,49,1,1
52680,79,74,5,5
52681,124,137,-13,13
52682,109,106,3,3
52683,54,57,-3,3
52684,90,89,1,1
52685,85,87,-2,2
52686,35,101,-66,66
52687,86,84,2,2
52688,47,53,-6,6
52689,103,100,3,3
52690,105,108,-3,3
52691,47,62,-15,15
52692,44,51,-7,7
52693,137,129,8,8
52694,69,74,-5,5
52695,47,47,0,0
52696,63,64,-1,1
52697,118,120,-2,2
52698,83,88,-5,5
52699,80,96,-16,16
52700,119,99,20,20
52701,107,116,-9,9
52702,100,115,-15,15
52703,96,104,-8,8
52704,90,104,-14,14
52705,136,131,5,5
52706,142,149,-7,7
52707,82,84,-2,2
52708,64,55,9,9
52709,89,91,-2,2
52710,49,61,-12,12
52711,138,128,10,10
52712,74,67,7,7
52713,55,69,-14,14
52714,147,130,17,17
52715,87,92,-5,5
52716,67,80,-13,13
52717,90,83,7,7
52718,72,89,-17,17
52719,110,105,5,5
52720,166,169,-3,3
52721,128,109,19,19
52722,70,78,-8,8
52723,95,102,-7,7
52724,58,53,5,5
52725,95,99,-4,4
52726,78,84,-6,6
52727,99,106,-7,7
52728,79,76,3,3
52729,96,86,10,10
52730,87,83,4,4
52731,57,65,-8,8
52732,67,66,1,1
52733,84,94,-10,10
52734,73,77,-4,4
52735,77,76,1,1
52736,65,66,-1,1
52737,34,46,-12,12
52738,103,101,2,2
52739,117,125,-8,8
52740,73,69,4,4
52741,121,116,5,5
52742,67,73,-6,6
52743,118,102,16,16
52744,145,144,1,1
52745,83,84,-1,1
52746,105,103,2,2
52747,81,70,11,11
52748,92,98,-6,6
52749,44,46,-2,2
52750,104,105,-1,1
52751,45,48,-3,3
52752,96,92,4,4
52753,115,122,-7,7
52754,91,101,-10,10
52755,64,78,-14,14
52756,63,63,0,0
52757,83,83,0,0
52758,126,128,-2,2
52759,57,66,-9,9
52760,209,190,19,19
52761,153,135,18,18
52762,57,61,-4,4
52763,70,69,1,1
52764,118,129,-11,11
52765,110,114,-4,4
52766,63,57,6,6
52767,117,113,4,4
52768,151,129,22,22
52769,135,148,-13,13
52770,75,73,2,2
52771,121,115,6,6
52772,142,151,-9,9
52773,107,105,2,2
52774,87,87,0,0
52775,83,87,-4,4
52776,54,50,4,4
52777,120,120,0,0
52778,75,79,-4,4
52779,116,119,-3,3
52780,80,79,1,1
52781,132,141,-9,9
52782,61,68,-7,7
52783,70,77,-7,7
52784,57,49,8,8
52785,137,134,3,3
52786,112,100,12,12
52787,77,78,-1,1
52788,78,80,-2,2
52789,94,101,-7,7
52790,85,88,-3,3
52791,61,60,1,1
52792,80,78,2,2
52793,116,109,7,7
52794,64,83,-19,19
52795,69,73,-4,4
52796,124,111,13,13
52797,78,68,10,10
52798,109,115,-6,6
52799,90,85,5,5
52800,148,145,3,3
52801,64,70,-6,6
52802,59,51,8,8
52803,42,43,-1,1
52804,132,130,2,2
52805,132,128,4,4
52806,68,62,6,6
52807,173,180,-7,7
52808,73,70,3,3
52809,88,89,-1,1
52810,95,90,5,5
52811,56,58,-2,2
52812,83,74,9,9
52813,131,134,-3,3
52814,65,74,-9,9
52815,77,76,1,1
52816,110,116,-6,6
52817,80,112,-32,32
52818,76,70,6,6
52819,73,74,-1,1
52820,66,71,-5,5
52821,149,136,13,13
52822,55,61,-6,6
52823,60,59,1,1
52824,151,151,0,0
52825,112,121,-9,9
52826,67,67,0,0
52827,67,82,-15,15
52828,77,84,-7,7
52829,114,121,-7,7
52830,123,135,-12,12
52831,83,80,3,3
52832,42,53,-11,11
52833,104,113,-9,9
52834,90,90,0,0
52835,107,118,-11,11
52836,153,142,11,11
52837,68,69,-1,1
52838,41,50,-9,9
52839,82,82,0,0
52840,55,60,-5,5
52841,114,103,11,11
52842,92,89,3,3
52843,90,93,-3,3
52844,70,72,-2,2
52845,75,80,-5,5
52846,112,98,14,14
52847,76,81,-5,5
52848,107,80,27,27
52849,96,99,-3,3
52850,107,105,2,2
52851,46,49,-3,3
52852,103,114,-11,11
52853,122,118,4,4
52854,117,117,0,0
52855,69,83,-14,14
52856,100,106,-6,6
52857,70,65,5,5
52858,96,107,-11,11
52859,89,87,2,2
52860,112,118,-6,6
52861,93,113,-20,20
52862,104,104,0,0
52863,79,79,0,0
52864,150,138,12,12
52865,145,139,6,6
52866,135,138,-3,3
52867,61,64,-3,3
52868,75,81,-6,6
52869,63,61,2,2
52870,77,81,-4,4
52871,115,123,-8,8
52872,94,90,4,4
52873,60,60,0,0
52874,99,103,-4,4
52875,162,168,-6,6
52876,89,98,-9,9
52877,84,94,-10,10
52878,90,101,-11,11
52879,132,126,6,6
52880,106,102,4,4
52881,50,47,3,3
52882,66,60,6,6
52883,153,144,9,9
52884,55,56,-1,1
52885,92,89,3,3
52886,113,117,-4,4
52887,54,55,-1,1
52888,132,127,5,5
52889,116,105,11,11
52890,88,219,-131,131
52891,127,124,3,3
52892,80,86,-6,6
52893,125,115,10,10
52894,108,101,7,7
52895,104,106,-2,2
52896,62,71,-9,9
52897,76,80,-4,4
52898,77,82,-5,5
52899,120,117,3,3
52900,71,74,-3,3
52901,54,68,-14,14
52902,115,122,-7,7
52903,138,142,-4,4
52904,95,90,5,5
52905,31,39,-8,8
52906,46,45,1,1
52907,147,132,15,15
52908,129,138,-9,9
52909,82,69,13,13
52910,81,85,-4,4
52911,62,63,-1,1
52912,140,137,3,3
52913,101,102,-1,1
52914,120,108,12,12
52915,48,48,0,0
52916,132,127,5,5
52917,164,148,16,16
52918,48,61,-13,13
52919,81,95,-14,14
52920,74,78,-4,4
52921,79,91,-12,12
52922,97,99,-2,2
52923,81,91,-10,10
52924,47,54,-7,7
52925,97,107,-10,10
52926,59,66,-7,7
52927,68,65,3,3
52928,67,69,-2,2
52929,66,69,-3,3
52930,143,129,14,14
52931,88,87,1,1
52932,96,99,-3,3
52933,169,141,28,28
52934,106,98,8,8
52935,106,108,-2,2
52936,78,80,-2,2
52937,107,117,-10,10
52938,132,141,-9,9
52939,88,78,10,10
52940,68,80,-12,12
52941,104,105,-1,1
52942,79,74,5,5
52943,96,89,7,7
52944,159,155,4,4
52945,133,137,-4,4
52946,81,84,-3,3
52947,67,74,-7,7
52948,86,88,-2,2
52949,75,75,0,0
52950,106,112,-6,6
52951,55,63,-8,8
52952,167,148,19,19
52953,33,36,-3,3
52954,114,126,-12,12
52955,153,133,20,20
52956,76,76,0,0
52957,74,81,-7,7
52958,152,156,-4,4
52959,176,145,31,31
52960,86,83,3,3
52961,191,175,16,16
52962,116,115,1,1
52963,87,84,3,3
52964,133,130,3,3
52965,131,140,-9,9
52966,96,92,4,4
52967,113,119,-6,6
52968,52,55,-3,3
52969,68,77,-9,9
52970,110,110,0,0
52971,58,59,-1,1
52972,104,122,-18,18
52973,93,90,3,3
52974,118,121,-3,3
52975,92,98,-6,6
52976,77,81,-4,4
52977,43,43,0,0
52978,19,37,-18,18
52979,156,137,19,19
52980,145,144,1,1
52981,85,90,-5,5
52982,85,76,9,9
52983,121,114,7,7
52984,76,77,-1,1
52985,137,144,-7,7
52986,76,77,-1,1
52987,91,87,4,4
52988,93,88,5,5
52989,133,138,-5,5
52990,128,121,7,7
52991,106,109,-3,3
52992,77,80,-3,3
52993,104,100,4,4
52994,82,79,3,3
52995,77,79,-2,2
52996,91,106,-15,15
52997,73,99,-26,26
52998,144,136,8,8
52999,103,102,1,1
53000,97,112,-15,15
53001,238,213,25,25
53002,87,83,4,4
53003,135,128,7,7
53004,63,65,-2,2
53005,95,88,7,7
53006,42,44,-2,2
53007,69,75,-6,6
53008,98,90,8,8
53009,147,144,3,3
53010,108,116,-8,8
53011,52,55,-3,3
53012,69,68,1,1
53013,92,72,20,20
53014,129,137,-8,8
53015,83,88,-5,5
53016,108,116,-8,8
53017,126,132,-6,6
53018,84,84,0,0
53019,86,75,11,11
53020,82,103,-21,21
53021,88,90,-2,2
53022,101,88,13,13
53023,130,123,7,7
53024,83,84,-1,1
53025,118,126,-8,8
53026,106,106,0,0
53027,108,115,-7,7
53028,85,70,15,15
53029,133,126,7,7
53030,77,74,3,3
53031,110,101,9,9
53032,71,81,-10,10
53033,72,81,-9,9
53034,44,45,-1,1
53035,69,63,6,6
53036,106,102,4,4
53037,103,103,0,0
53038,82,77,5,5
53039,119,127,-8,8
53040,94,101,-7,7
53041,67,70,-3,3
53042,81,77,4,4
53043,102,94,8,8
53044,68,64,4,4
53045,154,137,17,17
53046,80,77,3,3
53047,120,117,3,3
53048,59,64,-5,5
53049,149,149,0,0
53050,66,74,-8,8
53051,80,67,13,13
53052,61,63,-2,2
53053,40,49,-9,9
53054,80,84,-4,4
53055,54,55,-1,1
53056,90,107,-17,17
53057,107,106,1,1
53058,62,66,-4,4
53059,157,164,-7,7
53060,113,109,4,4
53061,107,116,-9,9
53062,87,76,11,11
53063,90,91,-1,1
53064,155,150,5,5
53065,37,49,-12,12
53066,66,71,-5,5
53067,92,100,-8,8
53068,74,73,1,1
53069,38,38,0,0
53070,83,77,6,6
53071,90,101,-11,11
53072,262,321,-59,59
53073,83,82,1,1
53074,65,64,1,1
53075,84,77,7,7
53076,50,52,-2,2
53077,95,106,-11,11
53078,80,86,-6,6
53079,135,126,9,9
53080,75,71,4,4
53081,79,84,-5,5
53082,179,174,5,5
53083,119,118,1,1
53084,89,77,12,12
53085,58,67,-9,9
53086,98,106,-8,8
53087,58,61,-3,3
53088,62,63,-1,1
53089,65,66,-1,1
53090,90,89,1,1
53091,134,123,11,11
53092,61,65,-4,4
53093,142,140,2,2
53094,71,77,-6,6
53095,147,122,25,25
53096,122,125,-3,3
53097,151,141,10,10
53098,105,106,-1,1
53099,56,60,-4,4
53100,124,129,-5,5
53101,140,148,-8,8
53102,107,108,-1,1
53103,103,111,-8,8
53104,98,90,8,8
53105,63,57,6,6
53106,51,57,-6,6
53107,81,80,1,1
53108,65,73,-8,8
53109,150,145,5,5
53110,134,131,3,3
53111,46,47,-1,1
53112,120,109,11,11
53113,80,86,-6,6
53114,93,92,1,1
53115,176,158,18,18
53116,115,124,-9,9
53117,128,128,0,0
53118,143,135,8,8
53119,55,56,-1,1
53120,85,76,9,9
53121,102,98,4,4
53122,54,56,-2,2
53123,151,124,27,27
53124,83,74,9,9
53125,47,49,-2,2
53126,80,79,1,1
53127,126,117,9,9
53128,105,111,-6,6
53129,103,112,-9,9
53130,70,79,-9,9
53131,64,66,-2,2
53132,116,116,0,0
53133,124,137,-13,13
53134,89,84,5,5
53135,73,77,-4,4
53136,131,137,-6,6
53137,120,114,6,6
53138,102,99,3,3
53139,88,82,6,6
53140,82,80,2,2
53141,88,87,1,1
53142,135,118,17,17
53143,119,115,4,4
53144,67,75,-8,8
53145,55,53,2,2
53146,170,166,4,4
53147,125,136,-11,11
53148,132,118,14,14
53149,146,147,-1,1
53150,83,81,2,2
53151,85,79,6,6
53152,101,104,-3,3
53153,84,87,-3,3
53154,135,131,4,4
53155,54,55,-1,1
53156,74,64,10,10
53157,72,74,-2,2
53158,112,95,17,17
53159,137,139,-2,2
53160,82,71,11,11
53161,121,110,11,11
53162,83,83,0,0
53163,112,121,-9,9
53164,66,61,5,5
53165,90,88,2,2
53166,111,120,-9,9
53167,70,78,-8,8
53168,98,106,-8,8
53169,101,101,0,0
53170,108,100,8,8
53171,77,78,-1,1
53172,94,102,-8,8
53173,77,83,-6,6
53174,52,68,-16,16
53175,114,118,-4,4
53176,79,80,-1,1
53177,43,54,-11,11
53178,110,102,8,8
53179,51,46,5,5
53180,81,79,2,2
53181,122,115,7,7
53182,128,130,-2,2
53183,92,110,-18,18
53184,111,110,1,1
53185,106,100,6,6
53186,56,59,-3,3
53187,137,125,12,12
53188,75,71,4,4
53189,71,70,1,1
53190,67,69,-2,2
53191,89,87,2,2
53192,96,100,-4,4
53193,106,110,-4,4
53194,71,70,1,1
53195,128,119,9,9
53196,63,68,-5,5
53197,82,77,5,5
53198,67,67,0,0
53199,80,80,0,0
53200,124,120,4,4
53201,117,113,4,4
53202,115,126,-11,11
53203,107,112,-5,5
53204,65,67,-2,2
53205,119,121,-2,2
53206,88,100,-12,12
53207,53,60,-7,7
53208,156,144,12,12
53209,71,72,-1,1
53210,89,90,-1,1
53211,88,79,9,9
53212,113,109,4,4
53213,43,50,-7,7
53214,106,107,-1,1
53215,85,84,1,1
53216,108,127,-19,19
53217,70,63,7,7
53218,163,160,3,3
53219,102,104,-2,2
53220,74,76,-2,2
53221,60,63,-3,3
53222,107,106,1,1
53223,59,79,-20,20
53224,90,70,20,20
53225,134,128,6,6
53226,159,153,6,6
53227,99,91,8,8
53228,75,79,-4,4
53229,62,58,4,4
53230,93,90,3,3
53231,101,102,-1,1
53232,61,68,-7,7
53233,88,78,10,10
53234,99,107,-8,8
53235,45,50,-5,5
53236,65,70,-5,5
53237,120,111,9,9
53238,85,85,0,0
53239,76,81,-5,5
53240,111,107,4,4
53241,75,79,-4,4
53242,96,102,-6,6
53243,134,121,13,13
53244,62,59,3,3
53245,69,65,4,4
53246,95,98,-3,3
53247,93,87,6,6
53248,73,73,0,0
53249,89,79,10,10
53250,59,54,5,5
53251,73,66,7,7
53252,115,120,-5,5
53253,86,85,1,1
53254,141,158,-17,17
53255,109,132,-23,23
53256,112,104,8,8
53257,74,79,-5,5
53258,57,60,-3,3
53259,61,64,-3,3
53260,104,109,-5,5
53261,111,99,12,12
53262,80,81,-1,1
53263,107,104,3,3
53264,43,48,-5,5
53265,71,80,-9,9
53266,54,56,-2,2
53267,74,83,-9,9
53268,77,78,-1,1
53269,86,102,-16,16
53270,65,69,-4,4
53271,103,90,13,13
53272,67,73,-6,6
53273,77,68,9,9
53274,53,61,-8,8
53275,128,109,19,19
53276,75,80,-5,5
53277,111,136,-25,25
53278,94,98,-4,4
53279,93,92,1,1
53280,131,122,9,9
53281,61,91,-30,30
53282,69,65,4,4
53283,70,58,12,12
53284,50,55,-5,5
53285,69,66,3,3
53286,101,91,10,10
53287,86,79,7,7
53288,98,98,0,0
53289,140,107,33,33
53290,88,87,1,1
53291,51,55,-4,4
53292,72,77,-5,5
53293,109,113,-4,4
53294,67,80,-13,13
53295,114,109,5,5
53296,98,98,0,0
53297,98,109,-11,11
53298,107,114,-7,7
53299,133,146,-13,13
53300,161,162,-1,1
53301,161,142,19,19
53302,125,122,3,3
53303,90,90,0,0
53304,112,116,-4,4
53305,61,66,-5,5
53306,186,186,0,0
53307,102,113,-11,11
53308,273,261,12,12
53309,125,131,-6,6
53310,124,132,-8,8
53311,115,111,4,4
53312,86,85,1,1
53313,67,70,-3,3
53314,90,95,-5,5
53315,146,139,7,7
53316,64,65,-1,1
53317,78,76,2,2
53318,73,71,2,2
53319,132,124,8,8
53320,78,80,-2,2
53321,108,116,-8,8
53322,72,70,2,2
53323,112,123,-11,11
53324,110,111,-1,1
53325,157,148,9,9
53326,87,84,3,3
53327,63,63,0,0
53328,47,52,-5,5
53329,55,58,-3,3
53330,57,58,-1,1
53331,77,81,-4,4
53332,73,71,2,2
53333,52,54,-2,2
53334,60,76,-16,16
53335,171,181,-10,10
53336,153,146,7,7
53337,128,128,0,0
53338,101,101,0,0
53339,58,61,-3,3
53340,67,67,0,0
53341,58,61,-3,3
53342,69,68,1,1
53343,198,173,25,25
53344,85,79,6,6
53345,96,85,11,11
53346,68,92,-24,24
53347,80,78,2,2
53348,56,66,-10,10
53349,67,69,-2,2
53350,57,59,-2,2
53351,39,44,-5,5
53352,81,85,-4,4
53353,117,116,1,1
53354,104,107,-3,3
53355,105,112,-7,7
53356,83,80,3,3
53357,135,136,-1,1
53358,76,68,8,8
53359,122,115,7,7
53360,78,80,-2,2
53361,37,41,-4,4
53362,134,123,11,11
53363,71,69,2,2
53364,119,114,5,5
53365,23,35,-12,12
53366,145,140,5,5
53367,99,103,-4,4
53368,70,80,-10,10
53369,41,60,-19,19
53370,82,91,-9,9
53371,102,99,3,3
53372,64,64,0,0
53373,60,63,-3,3
53374,157,147,10,10
53375,144,129,15,15
53376,107,110,-3,3
53377,108,119,-11,11
53378,79,83,-4,4
53379,77,87,-10,10
53380,102,100,2,2
53381,62,66,-4,4
53382,87,92,-5,5
53383,156,143,13,13
53384,59,59,0,0
53385,54,59,-5,5
53386,114,117,-3,3
53387,87,103,-16,16
53388,132,131,1,1
53389,135,132,3,3
53390,126,112,14,14
53391,105,113,-8,8
53392,95,105,-10,10
53393,101,101,0,0
53394,51,61,-10,10
53395,63,71,-8,8
53396,149,146,3,3
53397,72,64,8,8
53398,147,141,6,6
53399,67,67,0,0
53400,106,112,-6,6
53401,98,108,-10,10
53402,100,97,3,3
53403,93,112,-19,19
53404,69,74,-5,5
53405,116,132,-16,16
53406,88,84,4,4
53407,114,137,-23,23
53408,53,58,-5,5
53409,55,57,-2,2
53410,86,96,-10,10
53411,110,101,9,9
53412,82,81,1,1
53413,87,81,6,6
53414,60,59,1,1
53415,59,60,-1,1
53416,72,63,9,9
53417,99,87,12,12
53418,111,100,11,11
53419,105,109,-4,4
53420,110,106,4,4
53421,56,58,-2,2
53422,126,136,-10,10
53423,75,79,-4,4
53424,56,58,-2,2
53425,119,136,-17,17
53426,98,101,-3,3
53427,171,169,2,2
53428,169,147,22,22
53429,126,125,1,1
53430,194,171,23,23
53431,112,108,4,4
53432,73,73,0,0
53433,106,108,-2,2
53434,101,88,13,13
53435,119,112,7,7
53436,96,84,12,12
53437,58,61,-3,3
53438,89,98,-9,9
53439,78,80,-2,2
53440,85,87,-2,2
53441,87,89,-2,2
53442,70,76,-6,6
53443,50,60,-10,10
53444,51,55,-4,4
53445,91,88,3,3
53446,79,83,-4,4
53447,98,100,-2,2
53448,117,129,-12,12
53449,94,106,-12,12
53450,141,135,6,6
53451,133,137,-4,4
53452,48,54,-6,6
53453,121,121,0,0
53454,90,92,-2,2
53455,50,63,-13,13
53456,69,78,-9,9
53457,90,105,-15,15
53458,83,85,-2,2
53459,89,106,-17,17
53460,84,80,4,4
53461,72,70,2,2
53462,65,70,-5,5
53463,93,92,1,1
53464,70,68,2,2
53465,68,70,-2,2
53466,128,141,-13,13
53467,102,91,11,11
53468,111,112,-1,1
53469,54,54,0,0
53470,94,106,-12,12
53471,102,100,2,2
53472,104,103,1,1
53473,90,92,-2,2
53474,96,105,-9,9
53475,119,138,-19,19
53476,80,73,7,7
53477,77,77,0,0
53478,228,279,-51,51
53479,134,115,19,19
53480,140,153,-13,13
53481,47,49,-2,2
53482,113,111,2,2
53483,58,60,-2,2
53484,34,37,-3,3
53485,46,44,2,2
53486,68,63,5,5
53487,68,70,-2,2
53488,43,50,-7,7
53489,74,80,-6,6
53490,88,93,-5,5
53491,130,142,-12,12
53492,112,97,15,15
53493,91,87,4,4
53494,70,74,-4,4
53495,137,131,6,6
53496,67,59,8,8
53497,90,82,8,8
53498,137,125,12,12
53499,83,96,-13,13
53500,105,115,-10,10
53501,78,84,-6,6
53502,93,80,13,13
53503,88,82,6,6
53504,65,62,3,3
53505,105,101,4,4
53506,131,139,-8,8
53507,52,52,0,0
53508,48,53,-5,5
53509,127,133,-6,6
53510,70,83,-13,13
53511,62,59,3,3
53512,119,123,-4,4
53513,75,77,-2,2
53514,90,82,8,8
53515,60,69,-9,9
53516,133,125,8,8
53517,86,82,4,4
53518,77,84,-7,7
53519,81,83,-2,2
53520,98,100,-2,2
53521,101,106,-5,5
53522,70,73,-3,3
53523,86,79,7,7
53524,111,117,-6,6
53525,99,97,2,2
53526,62,64,-2,2
53527,111,115,-4,4
53528,57,59,-2,2
53529,93,98,-5,5
53530,77,80,-3,3
53531,122,120,2,2
53532,96,100,-4,4
53533,52,56,-4,4
53534,66,59,7,7
53535,102,100,2,2
53536,79,89,-10,10
53537,83,98,-15,15
53538,90,88,2,2
53539,117,111,6,6
53540,87,88,-1,1
53541,127,118,9,9
53542,50,59,-9,9
53543,62,67,-5,5
53544,63,77,-14,14
53545,80,77,3,3
53546,111,134,-23,23
53547,53,41,12,12
53548,105,108,-3,3
53549,97,88,9,9
53550,48,48,0,0
53551,66,68,-2,2
53552,113,116,-3,3
53553,142,137,5,5
53554,42,42,0,0
53555,55,57,-2,2
53556,111,101,10,10
53557,89,86,3,3
53558,76,89,-13,13
53559,126,119,7,7
53560,103,106,-3,3
53561,53,57,-4,4
53562,90,89,1,1
53563,66,60,6,6
53564,60,68,-8,8
53565,49,56,-7,7
53566,230,212,18,18
53567,64,62,2,2
53568,104,106,-2,2
53569,82,86,-4,4
53570,157,151,6,6
53571,53,55,-2,2
53572,93,101,-8,8
53573,76,74,2,2
53574,61,68,-7,7
53575,100,91,9,9
53576,52,59,-7,7
53577,69,68,1,1
53578,117,118,-1,1
53579,124,121,3,3
53580,100,108,-8,8
53581,149,131,18,18
53582,99,102,-3,3
53583,120,107,13,13
53584,79,86,-7,7
53585,177,172,5,5
53586,62,64,-2,2
53587,99,98,1,1
53588,157,147,10,10
53589,117,122,-5,5
53590,98,96,2,2
53591,68,67,1,1
53592,85,82,3,3
53593,91,104,-13,13
53594,106,99,7,7
53595,129,129,0,0
53596,134,123,11,11
53597,85,85,0,0
53598,122,128,-6,6
53599,89,89,0,0
53600,46,55,-9,9
53601,91,95,-4,4
53602,136,137,-1,1
53603,52,49,3,3
53604,98,106,-8,8
53605,98,91,7,7
53606,129,127,2,2
53607,49,51,-2,2
53608,75,71,4,4
53609,70,76,-6,6
53610,102,99,3,3
53611,114,114,0,0
53612,31,41,-10,10
53613,120,118,2,2
53614,108,109,-1,1
53615,84,90,-6,6
53616,61,66,-5,5
53617,150,152,-2,2
53618,52,78,-26,26
53619,44,48,-4,4
53620,71,78,-7,7
53621,62,67,-5,5
53622,74,79,-5,5
53623,100,101,-1,1
53624,83,87,-4,4
53625,82,87,-5,5
53626,149,131,18,18
53627,113,120,-7,7
53628,99,90,9,9
53629,94,97,-3,3
53630,77,83,-6,6
53631,116,131,-15,15
53632,154,156,-2,2
53633,84,84,0,0
53634,116,104,12,12
53635,169,164,5,5
53636,126,123,3,3
53637,31,41,-10,10
53638,84,84,0,0
53639,81,75,6,6
53640,109,106,3,3
53641,96,101,-5,5
53642,78,76,2,2
53643,100,102,-2,2
53644,101,101,0,0
53645,63,72,-9,9
53646,118,116,2,2
53647,119,114,5,5
53648,70,67,3,3
53649,82,76,6,6
53650,57,58,-1,1
53651,89,95,-6,6
53652,124,117,7,7
53653,67,72,-5,5
53654,87,82,5,5
53655,115,109,6,6
53656,76,73,3,3
53657,63,64,-1,1
53658,105,103,2,2
53659,77,74,3,3
53660,124,129,-5,5
53661,84,77,7,7
53662,52,50,2,2
53663,55,58,-3,3
53664,120,113,7,7
53665,206,180,26,26
53666,67,73,-6,6
53667,93,98,-5,5
53668,67,73,-6,6
53669,71,65,6,6
53670,87,78,9,9
53671,72,68,4,4
53672,108,108,0,0
53673,116,112,4,4
53674,62,60,2,2
53675,61,69,-8,8
53676,57,61,-4,4
53677,100,93,7,7
53678,78,71,7,7
53679,93,99,-6,6
53680,102,104,-2,2
53681,187,187,0,0
53682,88,80,8,8
53683,100,105,-5,5
53684,169,164,5,5
53685,160,168,-8,8
53686,142,137,5,5
53687,146,148,-2,2
53688,81,86,-5,5
53689,41,41,0,0
53690,111,101,10,10
53691,124,119,5,5
53692,114,119,-5,5
53693,133,141,-8,8
53694,88,78,10,10
53695,90,85,5,5
53696,76,75,1,1
53697,83,96,-13,13
53698,130,128,2,2
53699,48,60,-12,12
53700,85,102,-17,17
53701,77,76,1,1
53702,130,127,3,3
53703,118,108,10,10
53704,106,105,1,1
53705,67,72,-5,5
53706,111,115,-4,4
53707,94,86,8,8
53708,69,68,1,1
53709,76,88,-12,12
53710,96,87,9,9
53711,84,78,6,6
53712,144,115,29,29
53713,66,79,-13,13
53714,86,85,1,1
53715,56,61,-5,5
53716,103,113,-10,10
53717,154,149,5,5
53718,80,77,3,3
53719,89,89,0,0
53720,63,69,-6,6
53721,90,95,-5,5
53722,102,98,4,4
53723,132,133,-1,1
53724,103,107,-4,4
53725,138,133,5,5
53726,107,105,2,2
53727,84,85,-1,1
53728,158,144,14,14
53729,143,144,-1,1
53730,83,85,-2,2
53731,101,97,4,4
53732,42,52,-10,10
53733,156,145,11,11
53734,96,104,-8,8
53735,124,133,-9,9
53736,91,89,2,2
53737,139,135,4,4
53738,80,77,3,3
53739,95,90,5,5
53740,95,89,6,6
53741,83,87,-4,4
53742,88,91,-3,3
53743,120,123,-3,3
53744,79,84,-5,5
53745,114,110,4,4
53746,54,58,-4,4
53747,72,78,-6,6
53748,122,113,9,9
53749,125,127,-2,2
53750,100,101,-1,1
53751,90,104,-14,14
53752,92,88,4,4
53753,85,83,2,2
53754,115,114,1,1
53755,76,71,5,5
53756,94,107,-13,13
53757,128,118,10,10
53758,49,90,-41,41
53759,134,120,14,14
53760,114,117,-3,3
53761,75,75,0,0
53762,71,69,2,2
53763,131,129,2,2
53764,110,108,2,2
53765,113,107,6,6
53766,79,89,-10,10
53767,90,84,6,6
53768,112,100,12,12
53769,92,97,-5,5
53770,141,134,7,7
53771,46,50,-4,4
53772,103,105,-2,2
53773,124,126,-2,2
53774,98,98,0,0
53775,106,91,15,15
53776,95,86,9,9
53777,50,56,-6,6
53778,98,92,6,6
53779,127,127,0,0
53780,147,148,-1,1
53781,136,131,5,5
53782,68,67,1,1
53783,133,127,6,6
53784,112,114,-2,2
53785,73,69,4,4
53786,104,109,-5,5
53787,118,116,2,2
53788,84,94,-10,10
53789,66,66,0,0
53790,74,71,3,3
53791,71,64,7,7
53792,122,118,4,4
53793,88,86,2,2
53794,90,101,-11,11
53795,44,51,-7,7
53796,68,81,-13,13
53797,72,79,-7,7
53798,141,136,5,5
53799,84,111,-27,27
53800,120,116,4,4
53801,46,45,1,1
53802,59,58,1,1
53803,136,131,5,5
53804,47,48,-1,1
53805,57,63,-6,6
53806,64,78,-14,14
53807,114,96,18,18
53808,75,69,6,6
53809,72,77,-5,5
53810,58,54,4,4
53811,70,74,-4,4
53812,146,139,7,7
53813,83,102,-19,19
53814,116,131,-15,15
53815,143,145,-2,2
53816,118,109,9,9
53817,200,179,21,21
53818,116,105,11,11
53819,124,118,6,6
53820,142,148,-6,6
53821,184,163,21,21
53822,137,133,4,4
53823,76,69,7,7
53824,96,98,-2,2
53825,52,51,1,1
53826,91,81,10,10
53827,55,55,0,0
53828,95,83,12,12
53829,59,63,-4,4
53830,145,150,-5,5
53831,84,71,13,13
53832,112,117,-5,5
53833,63,74,-11,11
53834,60,63,-3,3
53835,134,134,0,0
53836,88,83,5,5
53837,72,74,-2,2
53838,107,118,-11,11
53839,74,72,2,2
53840,94,83,11,11
53841,84,80,4,4
53842,55,79,-24,24
53843,30,32,-2,2
53844,31,42,-11,11
53845,77,82,-5,5
53846,74,75,-1,1
53847,99,87,12,12
53848,148,141,7,7
53849,70,78,-8,8
53850,86,80,6,6
53851,124,141,-17,17
53852,144,142,2,2
53853,77,72,5,5
53854,117,113,4,4
53855,78,72,6,6
53856,53,67,-14,14
53857,105,102,3,3
53858,79,69,10,10
53859,127,120,7,7
53860,94,86,8,8
53861,159,161,-2,2
53862,90,89,1,1
53863,71,77,-6,6
53864,156,147,9,9
53865,140,136,4,4
53866,57,46,11,11
53867,91,96,-5,5
53868,61,63,-2,2
53869,91,100,-9,9
53870,54,61,-7,7
53871,78,73,5,5
53872,133,120,13,13
53873,121,115,6,6
53874,151,149,2,2
53875,119,117,2,2
53876,76,110,-34,34
53877,98,92,6,6
53878,97,94,3,3
53879,41,45,-4,4
53880,149,162,-13,13
53881,119,121,-2,2
53882,80,80,0,0
53883,67,65,2,2
53884,70,75,-5,5
53885,120,111,9,9
53886,125,125,0,0
53887,76,79,-3,3
53888,77,80,-3,3
53889,89,92,-3,3
53890,63,59,4,4
53891,163,156,7,7
53892,51,49,2,2
53893,68,67,1,1
53894,131,135,-4,4
53895,109,110,-1,1
53896,61,57,4,4
53897,118,130,-12,12
53898,103,105,-2,2
53899,137,121,16,16
53900,93,88,5,5
53901,116,103,13,13
53902,61,66,-5,5
53903,80,84,-4,4
53904,88,89,-1,1
53905,121,129,-8,8
53906,63,67,-4,4
53907,150,144,6,6
53908,130,126,4,4
53909,112,112,0,0
53910,48,56,-8,8
53911,159,158,1,1
53912,75,70,5,5
53913,66,74,-8,8
53914,75,74,1,1
53915,70,70,0,0
53916,80,74,6,6
53917,95,99,-4,4
53918,57,48,9,9
53919,79,72,7,7
53920,69,66,3,3
53921,60,59,1,1
53922,115,107,8,8
53923,121,101,20,20
53924,71,63,8,8
53925,88,83,5,5
53926,97,99,-2,2
53927,56,64,-8,8
53928,107,102,5,5
53929,35,41,-6,6
53930,112,112,0,0
53931,74,80,-6,6
53932,80,81,-1,1
53933,89,104,-15,15
53934,81,89,-8,8
53935,142,141,1,1
53936,109,112,-3,3
53937,118,107,11,11
53938,93,90,3,3
53939,127,128,-1,1
53940,84,87,-3,3
53941,135,135,0,0
53942,128,128,0,0
53943,88,79,9,9
53944,77,85,-8,8
53945,73,79,-6,6
53946,92,86,6,6
53947,163,164,-1,1
53948,117,111,6,6
53949,186,179,7,7
53950,118,124,-6,6
53951,79,67,12,12
53952,81,84,-3,3
53953,114,130,-16,16
53954,83,81,2,2
53955,89,81,8,8
53956,139,145,-6,6
53957,85,84,1,1
53958,52,61,-9,9
53959,112,105,7,7
53960,79,81,-2,2
53961,90,86,4,4
53962,102,104,-2,2
53963,86,86,0,0
53964,83,81,2,2
53965,149,138,11,11
53966,50,54,-4,4
53967,73,72,1,1
53968,66,66,0,0
53969,106,108,-2,2
53970,78,74,4,4
53971,85,87,-2,2
53972,97,107,-10,10
53973,50,48,2,2
53974,126,136,-10,10
53975,83,89,-6,6
53976,98,93,5,5
53977,75,73,2,2
53978,93,91,2,2
53979,143,131,12,12
53980,142,125,17,17
53981,55,65,-10,10
53982,68,64,4,4
53983,61,60,1,1
53984,68,70,-2,2
53985,119,104,15,15
53986,85,80,5,5
53987,56,52,4,4
53988,105,114,-9,9
53989,74,73,1,1
53990,61,62,-1,1
53991,125,129,-4,4
53992,49,48,1,1
53993,117,127,-10,10
53994,109,115,-6,6
53995,108,126,-18,18
53996,153,162,-9,9
53997,59,53,6,6
53998,173,163,10,10
53999,90,89,1,1
54000,102,101,1,1
54001,53,59,-6,6
54002,91,100,-9,9
54003,162,129,33,33
54004,129,127,2,2
54005,110,109,1,1
54006,80,72,8,8
54007,94,85,9,9
54008,107,103,4,4
54009,57,63,-6,6
54010,109,111,-2,2
54011,73,75,-2,2
54012,229,205,24,24
54013,170,169,1,1
54014,70,64,6,6
54015,104,109,-5,5
54016,83,80,3,3
54017,101,100,1,1
54018,86,91,-5,5
54019,108,111,-3,3
54020,96,99,-3,3
54021,80,86,-6,6
54022,68,71,-3,3
54023,91,87,4,4
54024,112,116,-4,4
54025,122,116,6,6
54026,132,117,15,15
54027,96,100,-4,4
54028,81,87,-6,6
54029,80,97,-17,17
54030,101,99,2,2
54031,117,115,2,2
54032,100,102,-2,2
54033,83,101,-18,18
54034,93,92,1,1
54035,103,107,-4,4
54036,48,65,-17,17
54037,110,106,4,4
54038,128,120,8,8
54039,37,40,-3,3
54040,110,120,-10,10
54041,94,93,1,1
54042,127,137,-10,10
54043,70,69,1,1
54044,112,109,3,3
54045,189,194,-5,5
54046,95,105,-10,10
54047,123,127,-4,4
54048,152,148,4,4
54049,85,83,2,2
54050,60,66,-6,6
54051,74,70,4,4
54052,89,91,-2,2
54053,97,101,-4,4
54054,159,146,13,13
54055,90,92,-2,2
54056,76,78,-2,2
54057,83,98,-15,15
54058,71,80,-9,9
54059,105,93,12,12
54060,102,106,-4,4
54061,161,149,12,12
54062,123,111,12,12
54063,85,85,0,0
54064,41,44,-3,3
54065,165,155,10,10
54066,60,94,-34,34
54067,123,126,-3,3
54068,59,56,3,3
54069,51,51,0,0
54070,160,160,0,0
54071,134,145,-11,11
54072,87,94,-7,7
54073,91,94,-3,3
54074,52,58,-6,6
54075,111,108,3,3
54076,139,145,-6,6
54077,65,73,-8,8
54078,96,98,-2,2
54079,92,87,5,5
54080,77,86,-9,9
54081,106,118,-12,12
54082,194,188,6,6
54083,127,124,3,3
54084,121,105,16,16
54085,140,150,-10,10
54086,129,129,0,0
54087,59,66,-7,7
54088,82,88,-6,6
54089,59,62,-3,3
54090,98,97,1,1
54091,214,187,27,27
54092,107,110,-3,3
54093,122,128,-6,6
54094,75,72,3,3
54095,52,51,1,1
54096,129,122,7,7
54097,59,59,0,0
54098,64,63,1,1
54099,144,137,7,7
54100,99,101,-2,2
54101,156,146,10,10
54102,173,168,5,5
54103,82,81,1,1
54104,145,131,14,14
54105,105,98,7,7
54106,102,111,-9,9
54107,69,70,-1,1
54108,51,51,0,0
54109,44,45,-1,1
54110,30,37,-7,7
54111,118,107,11,11
54112,85,78,7,7
54113,70,71,-1,1
54114,61,67,-6,6
54115,69,64,5,5
54116,81,81,0,0
54117,68,63,5,5
54118,149,143,6,6
54119,47,65,-18,18
54120,53,62,-9,9
54121,143,139,4,4
54122,91,101,-10,10
54123,93,98,-5,5
54124,45,46,-1,1
54125,122,121,1,1
54126,112,108,4,4
54127,165,147,18,18
54128,57,64,-7,7
54129,101,106,-5,5
54130,54,60,-6,6
54131,55,58,-3,3
54132,74,71,3,3
54133,95,99,-4,4
54134,58,89,-31,31
54135,114,127,-13,13
54136,73,89,-16,16
54137,81,78,3,3
54138,63,60,3,3
54139,139,150,-11,11
54140,96,93,3,3
54141,111,110,1,1
54142,157,145,12,12
54143,167,165,2,2
54144,166,143,23,23
54145,115,121,-6,6
54146,80,76,4,4
54147,166,143,23,23
54148,89,87,2,2
54149,69,66,3,3
54150,34,43,-9,9
54151,92,91,1,1
54152,81,89,-8,8
54153,131,136,-5,5
54154,65,70,-5,5
54155,107,109,-2,2
54156,61,66,-5,5
54157,77,85,-8,8
54158,92,100,-8,8
54159,175,179,-4,4
54160,154,156,-2,2
54161,101,106,-5,5
54162,96,90,6,6
54163,82,80,2,2
54164,72,71,1,1
54165,60,62,-2,2
54166,137,125,12,12
54167,44,51,-7,7
54168,77,72,5,5
54169,111,111,0,0
54170,41,52,-11,11
54171,119,111,8,8
54172,83,84,-1,1
54173,108,101,7,7
54174,128,115,13,13
54175,76,91,-15,15
54176,41,50,-9,9
54177,79,79,0,0
54178,175,169,6,6
54179,115,108,7,7
54180,87,98,-11,11
54181,136,125,11,11
54182,76,75,1,1
54183,107,119,-12,12
54184,86,91,-5,5
54185,118,109,9,9
54186,98,96,2,2
54187,73,69,4,4
54188,176,164,12,12
54189,110,101,9,9
54190,73,70,3,3
54191,73,77,-4,4
54192,109,117,-8,8
54193,96,104,-8,8
54194,128,120,8,8
54195,65,64,1,1
54196,81,87,-6,6
54197,76,77,-1,1
54198,81,90,-9,9
54199,55,53,2,2
54200,93,91,2,2
54201,138,144,-6,6
54202,127,121,6,6
54203,110,93,17,17
54204,97,97,0,0
54205,106,114,-8,8
54206,70,75,-5,5
54207,84,102,-18,18
54208,103,103,0,0
54209,109,101,8,8
54210,82,78,4,4
54211,82,85,-3,3
54212,75,72,3,3
54213,96,98,-2,2
54214,74,76,-2,2
54215,50,51,-1,1
54216,80,75,5,5
54217,129,137,-8,8
54218,127,130,-3,3
54219,101,112,-11,11
54220,94,93,1,1
54221,80,83,-3,3
54222,51,52,-1,1
54223,98,100,-2,2
54224,93,98,-5,5
54225,138,141,-3,3
54226,127,118,9,9
54227,115,111,4,4
54228,57,62,-5,5
54229,62,65,-3,3
54230,125,129,-4,4
54231,74,83,-9,9
54232,104,99,5,5
54233,112,117,-5,5
54234,101,99,2,2
54235,81,72,9,9
54236,58,63,-5,5
54237,98,85,13,13
54238,60,58,2,2
54239,60,65,-5,5
54240,119,108,11,11
54241,92,91,1,1
54242,79,86,-7,7
54243,72,73,-1,1
54244,59,63,-4,4
54245,53,57,-4,4
54246,133,127,6,6
54247,81,97,-16,16
54248,167,154,13,13
54249,110,108,2,2
54250,62,65,-3,3
54251,77,76,1,1
54252,81,90,-9,9
54253,108,91,17,17
54254,107,101,6,6
54255,56,58,-2,2
54256,74,71,3,3
54257,55,72,-17,17
54258,41,41,0,0
54259,95,90,5,5
54260,80,83,-3,3
54261,107,108,-1,1
54262,89,91,-2,2
54263,69,70,-1,1
54264,89,84,5,5
54265,125,117,8,8
54266,139,147,-8,8
54267,63,69,-6,6
54268,79,86,-7,7
54269,111,119,-8,8
54270,80,82,-2,2
54271,89,100,-11,11
54272,65,62,3,3
54273,139,133,6,6
54274,105,103,2,2
54275,59,57,2,2
54276,108,102,6,6
54277,71,74,-3,3
54278,57,67,-10,10
54279,65,64,1,1
54280,66,63,3,3
54281,171,173,-2,2
54282,69,96,-27,27
54283,137,124,13,13
54284,62,66,-4,4
54285,92,90,2,2
54286,87,81,6,6
54287,131,128,3,3
54288,160,169,-9,9
54289,78,82,-4,4
54290,82,89,-7,7
54291,152,169,-17,17
54292,34,34,0,0
54293,80,91,-11,11
54294,201,196,5,5
54295,89,90,-1,1
54296,88,93,-5,5
54297,137,132,5,5
54298,58,62,-4,4
54299,87,103,-16,16
54300,106,110,-4,4
54301,67,69,-2,2
54302,57,53,4,4
54303,83,78,5,5
54304,105,93,12,12
54305,187,164,23,23
54306,92,92,0,0
54307,43,45,-2,2
54308,130,134,-4,4
54309,103,99,4,4
54310,79,80,-1,1
54311,176,170,6,6
54312,120,112,8,8
54313,75,74,1,1
54314,75,72,3,3
54315,77,76,1,1
54316,87,85,2,2
54317,49,57,-8,8
54318,164,142,22,22
54319,142,130,12,12
54320,136,134,2,2
54321,51,54,-3,3
54322,79,80,-1,1
54323,173,167,6,6
54324,118,117,1,1
54325,75,73,2,2
54326,87,92,-5,5
54327,66,68,-2,2
54328,67,72,-5,5
54329,124,120,4,4
54330,62,67,-5,5
54331,88,91,-3,3
54332,87,83,4,4
54333,125,130,-5,5
54334,107,87,20,20
54335,65,60,5,5
54336,50,55,-5,5
54337,80,74,6,6
54338,166,163,3,3
54339,142,136,6,6
54340,171,165,6,6
54341,57,60,-3,3
54342,87,89,-2,2
54343,106,99,7,7
54344,95,105,-10,10
54345,108,101,7,7
54346,105,100,5,5
54347,112,110,2,2
54348,101,89,12,12
54349,89,92,-3,3
54350,49,56,-7,7
54351,84,82,2,2
54352,101,105,-4,4
54353,66,66,0,0
54354,83,80,3,3
54355,58,60,-2,2
54356,85,90,-5,5
54357,91,117,-26,26
54358,53,66,-13,13
54359,94,97,-3,3
54360,97,81,16,16
54361,76,75,1,1
54362,45,60,-15,15
54363,49,53,-4,4
54364,150,148,2,2
54365,104,103,1,1
54366,111,119,-8,8
54367,68,63,5,5
54368,93,99,-6,6
54369,100,103,-3,3
54370,107,109,-2,2
54371,121,124,-3,3
54372,60,69,-9,9
54373,134,136,-2,2
54374,127,126,1,1
54375,76,78,-2,2
54376,122,113,9,9
54377,71,63,8,8
54378,73,80,-7,7
54379,74,71,3,3
54380,133,134,-1,1
54381,78,70,8,8
54382,60,75,-15,15
54383,112,131,-19,19
54384,87,89,-2,2
54385,105,100,5,5
54386,62,66,-4,4
54387,76,74,2,2
54388,124,117,7,7
54389,108,117,-9,9
54390,63,62,1,1
54391,192,182,10,10
54392,63,78,-15,15
54393,94,100,-6,6
54394,76,100,-24,24
54395,153,149,4,4
54396,145,139,6,6
54397,118,126,-8,8
54398,144,148,-4,4
54399,80,86,-6,6
54400,81,75,6,6
54401,167,147,20,20
54402,112,89,23,23
54403,87,98,-11,11
54404,114,83,31,31
54405,96,102,-6,6
54406,72,73,-1,1
54407,148,152,-4,4
54408,105,109,-4,4
54409,138,145,-7,7
54410,80,79,1,1
54411,79,83,-4,4
54412,92,87,5,5
54413,104,107,-3,3
54414,60,73,-13,13
54415,179,167,12,12
54416,86,84,2,2
54417,32,49,-17,17
54418,134,109,25,25
54419,71,71,0,0
54420,93,96,-3,3
54421,112,110,2,2
54422,117,115,2,2
54423,112,112,0,0
54424,83,87,-4,4
54425,111,115,-4,4
54426,143,144,-1,1
54427,84,91,-7,7
54428,58,65,-7,7
54429,78,82,-4,4
54430,116,106,10,10
54431,120,111,9,9
54432,102,94,8,8
54433,155,99,56,56
54434,106,108,-2,2
54435,79,74,5,5
54436,111,119,-8,8
54437,72,71,1,1
54438,59,60,-1,1
54439,139,145,-6,6
54440,119,114,5,5
54441,100,98,2,2
54442,59,71,-12,12
54443,67,75,-8,8
54444,149,155,-6,6
54445,74,74,0,0
54446,96,102,-6,6
54447,196,197,-1,1
54448,144,144,0,0
54449,101,99,2,2
54450,80,98,-18,18
54451,76,84,-8,8
54452,96,102,-6,6
54453,112,109,3,3
54454,73,99,-26,26
54455,126,127,-1,1
54456,92,90,2,2
54457,125,131,-6,6
54458,64,67,-3,3
54459,146,144,2,2
54460,77,96,-19,19
54461,148,148,0,0
54462,126,125,1,1
54463,95,101,-6,6
54464,58,57,1,1
54465,146,134,12,12
54466,148,133,15,15
54467,104,105,-1,1
54468,129,120,9,9
54469,60,53,7,7
54470,83,82,1,1
54471,67,59,8,8
54472,132,123,9,9
54473,82,90,-8,8
54474,34,49,-15,15
54475,76,87,-11,11
54476,116,124,-8,8
54477,119,125,-6,6
54478,96,103,-7,7
54479,138,132,6,6
54480,80,80,0,0
54481,109,113,-4,4
54482,103,101,2,2
54483,57,62,-5,5
54484,41,40,1,1
54485,121,120,1,1
54486,87,79,8,8
54487,125,122,3,3
54488,82,93,-11,11
54489,36,40,-4,4
54490,63,63,0,0
54491,112,109,3,3
54492,90,82,8,8
54493,110,120,-10,10
54494,184,167,17,17
54495,97,100,-3,3
54496,64,70,-6,6
54497,115,104,11,11
54498,85,83,2,2
54499,60,66,-6,6
54500,68,78,-10,10
54501,118,117,1,1
54502,56,71,-15,15
54503,49,64,-15,15
54504,92,94,-2,2
54505,62,60,2,2
54506,131,120,11,11
54507,125,125,0,0
54508,146,149,-3,3
54509,78,80,-2,2
54510,69,70,-1,1
54511,76,70,6,6
54512,66,69,-3,3
54513,71,74,-3,3
54514,97,104,-7,7
54515,264,254,10,10
54516,38,46,-8,8
54517,134,141,-7,7
54518,70,68,2,2
54519,67,69,-2,2
54520,128,125,3,3
54521,138,108,30,30
54522,101,118,-17,17
54523,76,77,-1,1
54524,42,52,-10,10
54525,138,126,12,12
54526,126,119,7,7
54527,80,77,3,3
54528,61,62,-1,1
54529,105,98,7,7
54530,113,113,0,0
54531,96,102,-6,6
54532,97,100,-3,3
54533,74,86,-12,12
54534,129,133,-4,4
54535,83,75,8,8
54536,87,84,3,3
54537,72,68,4,4
54538,120,112,8,8
54539,95,117,-22,22
54540,62,64,-2,2
54541,54,59,-5,5
54542,80,86,-6,6
54543,109,101,8,8
54544,90,84,6,6
54545,30,32,-2,2
54546,103,104,-1,1
54547,91,104,-13,13
54548,92,81,11,11
54549,79,87,-8,8
54550,120,121,-1,1
54551,131,124,7,7
54552,91,91,0,0
54553,64,67,-3,3
54554,106,109,-3,3
54555,81,84,-3,3
54556,86,81,5,5
54557,190,195,-5,5
54558,80,77,3,3
54559,108,116,-8,8
54560,136,148,-12,12
54561,84,82,2,2
54562,122,122,0,0
54563,80,74,6,6
54564,80,75,5,5
54565,143,138,5,5
54566,31,38,-7,7
54567,96,98,-2,2
54568,74,65,9,9
54569,130,126,4,4
54570,99,95,4,4
54571,90,99,-9,9
54572,89,81,8,8
54573,122,109,13,13
54574,116,119,-3,3
54575,111,118,-7,7
54576,129,123,6,6
54577,97,103,-6,6
54578,122,109,13,13
54579,94,119,-25,25
54580,78,83,-5,5
54581,101,103,-2,2
54582,77,83,-6,6
54583,99,111,-12,12
54584,91,110,-19,19
54585,74,74,0,0
54586,120,114,6,6
54587,109,100,9,9
54588,54,59,-5,5
54589,105,99,6,6
54590,140,146,-6,6
54591,175,164,11,11
54592,103,96,7,7
54593,80,84,-4,4
54594,71,77,-6,6
54595,101,100,1,1
54596,91,91,0,0
54597,75,85,-10,10
54598,51,54,-3,3
54599,59,61,-2,2
54600,108,106,2,2
54601,198,177,21,21
54602,48,48,0,0
54603,117,118,-1,1
54604,44,46,-2,2
54605,105,110,-5,5
54606,78,82,-4,4
54607,92,103,-11,11
54608,89,87,2,2
54609,68,67,1,1
54610,50,53,-3,3
54611,83,76,7,7
54612,71,70,1,1
54613,96,117,-21,21
54614,146,139,7,7
54615,134,108,26,26
54616,73,102,-29,29
54617,84,108,-24,24
54618,86,91,-5,5
54619,152,143,9,9
54620,59,60,-1,1
54621,183,174,9,9
54622,50,57,-7,7
54623,83,82,1,1
54624,103,99,4,4
54625,63,62,1,1
54626,58,64,-6,6
54627,79,73,6,6
54628,65,87,-22,22
54629,50,57,-7,7
54630,89,84,5,5
54631,132,121,11,11
54632,91,101,-10,10
54633,79,84,-5,5
54634,89,82,7,7
54635,117,124,-7,7
54636,89,81,8,8
54637,109,116,-7,7
54638,124,120,4,4
54639,97,97,0,0
54640,131,133,-2,2
54641,86,86,0,0
54642,77,78,-1,1
54643,96,101,-5,5
54644,94,92,2,2
54645,74,75,-1,1
54646,129,127,2,2
54647,104,102,2,2
54648,113,122,-9,9
54649,99,103,-4,4
54650,63,52,11,11
54651,95,100,-5,5
54652,68,79,-11,11
54653,194,168,26,26
54654,99,109,-10,10
54655,123,136,-13,13
54656,119,116,3,3
54657,108,101,7,7
54658,66,81,-15,15
54659,60,63,-3,3
54660,58,65,-7,7
54661,183,175,8,8
54662,190,189,1,1
54663,165,146,19,19
54664,80,86,-6,6
54665,166,161,5,5
54666,123,129,-6,6
54667,131,133,-2,2
54668,62,70,-8,8
54669,83,73,10,10
54670,125,115,10,10
54671,103,112,-9,9
54672,101,109,-8,8
54673,95,90,5,5
54674,59,64,-5,5
54675,107,103,4,4
54676,79,69,10,10
54677,87,76,11,11
54678,84,87,-3,3
54679,67,69,-2,2
54680,75,70,5,5
54681,85,81,4,4
54682,89,82,7,7
54683,105,118,-13,13
54684,71,73,-2,2
54685,150,139,11,11
54686,59,62,-3,3
54687,86,85,1,1
54688,85,86,-1,1
54689,110,115,-5,5
54690,76,72,4,4
54691,100,101,-1,1
54692,109,101,8,8
54693,110,114,-4,4
54694,97,111,-14,14
54695,109,113,-4,4
54696,188,178,10,10
54697,52,56,-4,4
54698,56,61,-5,5
54699,87,86,1,1
54700,72,72,0,0
54701,171,164,7,7
54702,109,106,3,3
54703,86,88,-2,2
54704,140,136,4,4
54705,113,112,1,1
54706,89,90,-1,1
54707,102,101,1,1
54708,82,77,5,5
54709,87,83,4,4
54710,85,85,0,0
54711,150,141,9,9
54712,151,131,20,20
54713,65,76,-11,11
54714,150,145,5,5
54715,102,103,-1,1
54716,88,85,3,3
54717,108,109,-1,1
54718,38,51,-13,13
54719,123,122,1,1
54720,92,79,13,13
54721,120,115,5,5
54722,108,101,7,7
54723,72,67,5,5
54724,62,54,8,8
54725,105,108,-3,3
54726,71,82,-11,11
54727,99,88,11,11
54728,88,89,-1,1
54729,79,84,-5,5
54730,86,87,-1,1
54731,116,107,9,9
54732,74,82,-8,8
54733,93,98,-5,5
54734,198,176,22,22
54735,96,98,-2,2
54736,78,76,2,2
54737,57,57,0,0
54738,45,54,-9,9
54739,140,139,1,1
54740,76,74,2,2
54741,88,91,-3,3
54742,127,128,-1,1
54743,50,60,-10,10
54744,101,111,-10,10
54745,71,78,-7,7
54746,141,131,10,10
54747,110,120,-10,10
54748,144,130,14,14
54749,114,127,-13,13
54750,66,63,3,3
54751,90,99,-9,9
54752,83,80,3,3
54753,143,129,14,14
54754,81,78,3,3
54755,41,42,-1,1
54756,165,161,4,4
54757,92,102,-10,10
54758,43,67,-24,24
54759,84,75,9,9
54760,58,69,-11,11
54761,74,69,5,5
54762,102,83,19,19
54763,62,73,-11,11
54764,115,108,7,7
54765,93,103,-10,10
54766,155,143,12,12
54767,173,174,-1,1
54768,145,139,6,6
54769,75,76,-1,1
54770,116,108,8,8
54771,114,121,-7,7
54772,115,121,-6,6
54773,123,122,1,1
54774,86,103,-17,17
54775,95,89,6,6
54776,59,62,-3,3
54777,123,123,0,0
54778,111,116,-5,5
54779,109,129,-20,20
54780,92,91,1,1
54781,118,133,-15,15
54782,42,46,-4,4
54783,65,70,-5,5
54784,74,73,1,1
54785,144,147,-3,3
54786,139,132,7,7
54787,71,76,-5,5
54788,66,64,2,2
54789,81,85,-4,4
54790,103,110,-7,7
54791,65,64,1,1
54792,137,150,-13,13
54793,86,87,-1,1
54794,64,50,14,14
54795,96,99,-3,3
54796,76,85,-9,9
54797,56,58,-2,2
54798,59,64,-5,5
54799,70,72,-2,2
54800,79,76,3,3
54801,92,85,7,7
54802,64,71,-7,7
54803,141,145,-4,4
54804,111,114,-3,3
54805,123,112,11,11
54806,55,61,-6,6
54807,58,61,-3,3
54808,105,90,15,15
54809,124,113,11,11
54810,76,73,3,3
54811,72,87,-15,15
54812,68,75,-7,7
54813,39,45,-6,6
54814,83,77,6,6
54815,90,86,4,4
54816,84,69,15,15
54817,131,119,12,12
54818,100,92,8,8
54819,68,70,-2,2
54820,199,178,21,21
54821,111,111,0,0
54822,63,63,0,0
54823,112,114,-2,2
54824,58,64,-6,6
54825,167,167,0,0
54826,167,157,10,10
54827,204,188,16,16
54828,88,89,-1,1
54829,112,121,-9,9
54830,109,112,-3,3
54831,74,61,13,13
54832,118,122,-4,4
54833,114,116,-2,2
54834,52,56,-4,4
54835,79,78,1,1
54836,63,62,1,1
54837,34,46,-12,12
54838,75,77,-2,2
54839,66,67,-1,1
54840,165,173,-8,8
54841,140,107,33,33
54842,68,72,-4,4
54843,119,112,7,7
54844,109,112,-3,3
54845,79,79,0,0
54846,96,85,11,11
54847,96,92,4,4
54848,58,57,1,1
54849,99,101,-2,2
54850,68,72,-4,4
54851,61,59,2,2
54852,89,94,-5,5
54853,135,127,8,8
54854,60,63,-3,3
54855,92,92,0,0
54856,84,77,7,7
54857,84,89,-5,5
54858,94,90,4,4
54859,101,112,-11,11
54860,119,117,2,2
54861,139,150,-11,11
54862,84,85,-1,1
54863,204,164,40,40
54864,97,100,-3,3
54865,79,87,-8,8
54866,101,106,-5,5
54867,86,84,2,2
54868,84,77,7,7
54869,67,73,-6,6
54870,98,101,-3,3
54871,79,79,0,0
54872,90,79,11,11
54873,62,65,-3,3
54874,65,68,-3,3
54875,62,71,-9,9
54876,41,42,-1,1
54877,140,129,11,11
54878,167,158,9,9
54879,129,128,1,1
54880,170,188,-18,18
54881,76,79,-3,3
54882,88,88,0,0
54883,57,56,1,1
54884,55,58,-3,3
54885,81,78,3,3
54886,142,133,9,9
54887,118,111,7,7
54888,66,63,3,3
54889,61,70,-9,9
54890,97,102,-5,5
54891,88,86,2,2
54892,101,103,-2,2
54893,64,68,-4,4
54894,116,115,1,1
54895,90,84,6,6
54896,87,94,-7,7
54897,98,90,8,8
54898,111,111,0,0
54899,67,66,1,1
54900,51,58,-7,7
54901,123,126,-3,3
54902,59,65,-6,6
54903,67,68,-1,1
54904,48,51,-3,3
54905,52,64,-12,12
54906,180,185,-5,5
54907,61,66,-5,5
54908,162,153,9,9
54909,76,78,-2,2
54910,57,59,-2,2
54911,90,88,2,2
54912,55,65,-10,10
54913,103,113,-10,10
54914,72,80,-8,8
54915,70,62,8,8
54916,154,141,13,13
54917,113,117,-4,4
54918,108,103,5,5
54919,50,67,-17,17
54920,45,63,-18,18
54921,71,63,8,8
54922,132,128,4,4
54923,164,157,7,7
54924,100,103,-3,3
54925,46,42,4,4
54926,85,81,4,4
54927,88,83,5,5
54928,107,114,-7,7
54929,84,81,3,3
54930,48,51,-3,3
54931,98,104,-6,6
54932,154,147,7,7
54933,115,116,-1,1
54934,69,71,-2,2
54935,47,54,-7,7
54936,79,71,8,8
54937,74,69,5,5
54938,77,82,-5,5
54939,52,59,-7,7
54940,146,141,5,5
54941,74,83,-9,9
54942,122,119,3,3
54943,83,108,-25,25
54944,134,109,25,25
54945,113,124,-11,11
54946,113,110,3,3
54947,100,117,-17,17
54948,77,75,2,2
54949,91,85,6,6
54950,112,146,-34,34
54951,109,104,5,5
54952,97,93,4,4
54953,156,154,2,2
54954,128,122,6,6
54955,88,89,-1,1
54956,68,71,-3,3
54957,69,72,-3,3
54958,137,138,-1,1
54959,68,79,-11,11
54960,65,67,-2,2
54961,93,89,4,4
54962,58,58,0,0
54963,55,61,-6,6
54964,121,120,1,1
54965,133,136,-3,3
54966,50,57,-7,7
54967,228,205,23,23
54968,101,92,9,9
54969,51,54,-3,3
54970,89,87,2,2
54971,63,75,-12,12
54972,70,79,-9,9
54973,41,42,-1,1
54974,114,112,2,2
54975,65,68,-3,3
54976,83,85,-2,2
54977,61,61,0,0
54978,68,76,-8,8
54979,107,108,-1,1
54980,70,145,-75,75
54981,122,109,13,13
54982,44,48,-4,4
54983,138,139,-1,1
54984,178,175,3,3
54985,94,89,5,5
54986,107,99,8,8
54987,63,65,-2,2
54988,84,97,-13,13
54989,124,117,7,7
54990,68,83,-15,15
54991,78,82,-4,4
54992,177,168,9,9
54993,49,61,-12,12
54994,60,58,2,2
54995,63,74,-11,11
54996,39,61,-22,22
54997,88,90,-2,2
54998,150,149,1,1
54999,105,105,0,0
55000,88,84,4,4
55001,58,44,14,14
55002,47,52,-5,5
55003,135,124,11,11
55004,101,94,7,7
55005,61,61,0,0
55006,114,103,11,11
55007,75,73,2,2
55008,88,80,8,8
55009,69,66,3,3
55010,95,89,6,6
55011,120,134,-14,14
55012,148,161,-13,13
55013,80,83,-3,3
55014,54,58,-4,4
55015,85,86,-1,1
55016,123,99,24,24
55017,101,103,-2,2
55018,108,114,-6,6
55019,62,67,-5,5
55020,68,83,-15,15
55021,55,59,-4,4
55022,103,106,-3,3
55023,115,110,5,5
55024,94,90,4,4
55025,77,77,0,0
55026,146,134,12,12
55027,62,68,-6,6
55028,57,59,-2,2
55029,204,192,12,12
55030,52,67,-15,15
55031,111,128,-17,17
55032,67,66,1,1
55033,116,114,2,2
55034,168,168,0,0
55035,47,52,-5,5
55036,75,73,2,2
55037,92,93,-1,1
55038,139,144,-5,5
55039,130,142,-12,12
55040,118,108,10,10
55041,72,76,-4,4
55042,90,100,-10,10
55043,104,82,22,22
55044,99,108,-9,9
55045,98,100,-2,2
55046,84,87,-3,3
55047,106,95,11,11
55048,69,68,1,1
55049,72,78,-6,6
55050,86,85,1,1
55051,122,113,9,9
55052,103,91,12,12
55053,113,118,-5,5
55054,70,62,8,8
55055,73,94,-21,21
55056,79,76,3,3
55057,102,98,4,4
55058,79,81,-2,2
55059,67,67,0,0
55060,61,60,1,1
55061,78,85,-7,7
55062,83,78,5,5
55063,91,85,6,6
55064,49,57,-8,8
55065,64,64,0,0
55066,76,79,-3,3
55067,155,151,4,4
55068,90,92,-2,2
55069,78,116,-38,38
55070,67,75,-8,8
55071,112,112,0,0
55072,90,89,1,1
55073,98,103,-5,5
55074,93,92,1,1
55075,103,105,-2,2
55076,64,65,-1,1
55077,94,100,-6,6
55078,58,65,-7,7
55079,76,81,-5,5
55080,153,147,6,6
55081,96,84,12,12
55082,151,152,-1,1
55083,60,65,-5,5
55084,87,78,9,9
55085,30,43,-13,13
55086,83,76,7,7
55087,107,114,-7,7
55088,114,108,6,6
55089,74,74,0,0
55090,99,117,-18,18
55091,120,119,1,1
55092,89,87,2,2
55093,215,204,11,11
55094,53,52,1,1
55095,74,77,-3,3
55096,112,109,3,3
55097,76,79,-3,3
55098,69,68,1,1
55099,146,139,7,7
55100,92,87,5,5
55101,72,72,0,0
55102,184,193,-9,9
55103,50,49,1,1
55104,82,79,3,3
55105,90,84,6,6
55106,152,140,12,12
55107,41,49,-8,8
55108,149,144,5,5
55109,83,80,3,3
55110,45,59,-14,14
55111,225,206,19,19
55112,169,161,8,8
55113,44,52,-8,8
55114,118,125,-7,7
55115,108,105,3,3
55116,125,120,5,5
55117,124,124,0,0
55118,65,86,-21,21
55119,164,150,14,14
55120,138,137,1,1
55121,87,86,1,1
55122,51,60,-9,9
55123,98,107,-9,9
55124,64,67,-3,3
55125,63,70,-7,7
55126,101,103,-2,2
55127,90,84,6,6
55128,104,98,6,6
55129,140,134,6,6
55130,121,114,7,7
55131,107,106,1,1
55132,85,89,-4,4
55133,116,116,0,0
55134,55,65,-10,10
55135,74,82,-8,8
55136,178,150,28,28
55137,134,117,17,17
55138,62,66,-4,4
55139,113,112,1,1
55140,75,71,4,4
55141,84,82,2,2
55142,88,75,13,13
55143,68,79,-11,11
55144,46,45,1,1
55145,150,167,-17,17
55146,99,87,12,12
55147,108,102,6,6
55148,118,85,33,33
55149,48,59,-11,11
55150,104,92,12,12
55151,73,64,9,9
55152,109,104,5,5
55153,62,64,-2,2
55154,91,80,11,11
55155,119,121,-2,2
55156,157,153,4,4
55157,117,115,2,2
55158,60,63,-3,3
55159,90,91,-1,1
55160,102,103,-1,1
55161,100,90,10,10
55162,99,100,-1,1
55163,108,100,8,8
55164,90,85,5,5
55165,120,120,0,0
55166,97,97,0,0
55167,78,81,-3,3
55168,105,107,-2,2
55169,160,151,9,9
55170,143,136,7,7
55171,112,118,-6,6
55172,152,143,9,9
55173,153,143,10,10
55174,65,65,0,0
55175,66,69,-3,3
55176,63,65,-2,2
55177,55,82,-27,27
55178,75,74,1,1
55179,91,84,7,7
55180,81,78,3,3
55181,138,128,10,10
55182,120,114,6,6
55183,86,84,2,2
55184,75,76,-1,1
55185,15,25,-10,10
55186,71,73,-2,2
55187,158,149,9,9
55188,102,88,14,14
55189,58,63,-5,5
55190,54,44,10,10
55191,77,88,-11,11
55192,82,78,4,4
55193,69,69,0,0
55194,92,101,-9,9
55195,132,134,-2,2
55196,109,112,-3,3
55197,192,182,10,10
55198,62,63,-1,1
55199,41,48,-7,7
55200,120,118,2,2
55201,82,82,0,0
55202,116,112,4,4
55203,44,56,-12,12
55204,87,85,2,2
55205,63,74,-11,11
55206,75,81,-6,6
55207,106,101,5,5
55208,198,186,12,12
55209,87,78,9,9
55210,45,48,-3,3
55211,95,90,5,5
55212,128,124,4,4
55213,72,72,0,0
55214,80,86,-6,6
55215,144,152,-8,8
55216,83,80,3,3
55217,138,138,0,0
55218,107,99,8,8
55219,42,49,-7,7
55220,105,107,-2,2
55221,129,123,6,6
55222,78,79,-1,1
55223,157,142,15,15
55224,135,132,3,3
55225,38,46,-8,8
55226,174,160,14,14
55227,83,84,-1,1
55228,79,74,5,5
55229,172,168,4,4
55230,76,65,11,11
55231,106,97,9,9
55232,102,109,-7,7
55233,60,69,-9,9
55234,160,148,12,12
55235,58,60,-2,2
55236,66,69,-3,3
55237,93,90,3,3
55238,97,90,7,7
55239,99,109,-10,10
55240,232,221,11,11
55241,111,105,6,6
55242,57,63,-6,6
55243,92,103,-11,11
55244,70,65,5,5
55245,58,73,-15,15
55246,58,56,2,2
55247,80,83,-3,3
55248,119,110,9,9
55249,111,106,5,5
55250,73,74,-1,1
55251,72,68,4,4
55252,98,91,7,7
55253,114,118,-4,4
55254,115,111,4,4
55255,180,44,136,136
55256,137,151,-14,14
55257,106,91,15,15
55258,116,116,0,0
55259,161,152,9,9
55260,53,57,-4,4
55261,160,150,10,10
55262,105,111,-6,6
55263,85,83,2,2
55264,137,141,-4,4
55265,78,80,-2,2
55266,152,157,-5,5
55267,107,105,2,2
55268,61,64,-3,3
55269,113,103,10,10
55270,145,143,2,2
55271,125,117,8,8
55272,63,65,-2,2
55273,83,86,-3,3
55274,139,124,15,15
55275,79,75,4,4
55276,136,135,1,1
55277,77,79,-2,2
55278,101,92,9,9
55279,54,56,-2,2
55280,103,104,-1,1
55281,84,79,5,5
55282,62,66,-4,4
55283,149,157,-8,8
55284,52,52,0,0
55285,143,144,-1,1
55286,185,175,10,10
55287,121,112,9,9
55288,93,109,-16,16
55289,89,87,2,2
55290,71,72,-1,1
55291,96,89,7,7
55292,92,82,10,10
55293,132,128,4,4
55294,110,113,-3,3
55295,81,82,-1,1
55296,138,133,5,5
55297,121,126,-5,5
55298,136,124,12,12
55299,108,119,-11,11
55300,102,104,-2,2
55301,107,118,-11,11
55302,123,119,4,4
55303,78,75,3,3
55304,123,131,-8,8
55305,191,172,19,19
55306,83,77,6,6
55307,66,66,0,0
55308,147,138,9,9
55309,75,71,4,4
55310,142,150,-8,8
55311,54,58,-4,4
55312,79,85,-6,6
55313,65,56,9,9
55314,69,72,-3,3
55315,92,93,-1,1
55316,116,100,16,16
55317,138,111,27,27
55318,60,65,-5,5
55319,113,112,1,1
55320,107,107,0,0
55321,71,81,-10,10
55322,87,82,5,5
55323,66,70,-4,4
55324,115,116,-1,1
55325,88,90,-2,2
55326,59,65,-6,6
55327,109,104,5,5
55328,101,104,-3,3
55329,99,90,9,9
55330,84,83,1,1
55331,79,74,5,5
55332,144,126,18,18
55333,74,80,-6,6
55334,67,72,-5,5
55335,79,83,-4,4
55336,69,70,-1,1
55337,64,72,-8,8
55338,74,69,5,5
55339,122,148,-26,26
55340,88,98,-10,10
55341,85,102,-17,17
55342,135,148,-13,13
55343,150,138,12,12
55344,120,120,0,0
55345,85,83,2,2
55346,87,91,-4,4
55347,69,76,-7,7
55348,136,124,12,12
55349,139,116,23,23
55350,81,82,-1,1
55351,88,90,-2,2
55352,117,116,1,1
55353,127,136,-9,9
55354,83,86,-3,3
55355,53,55,-2,2
55356,41,35,6,6
55357,97,101,-4,4
55358,169,166,3,3
55359,112,106,6,6
55360,38,45,-7,7
55361,84,82,2,2
55362,67,69,-2,2
55363,92,87,5,5
55364,110,109,1,1
55365,88,101,-13,13
55366,78,76,2,2
55367,84,90,-6,6
55368,69,71,-2,2
55369,99,99,0,0
55370,101,114,-13,13
55371,86,85,1,1
55372,102,108,-6,6
55373,60,62,-2,2
55374,54,59,-5,5
55375,111,117,-6,6
55376,138,130,8,8
55377,82,74,8,8
55378,96,111,-15,15
55379,62,68,-6,6
55380,161,162,-1,1
55381,73,78,-5,5
55382,92,91,1,1
55383,115,117,-2,2
55384,150,144,6,6
55385,78,78,0,0
55386,93,90,3,3
55387,80,77,3,3
55388,88,98,-10,10
55389,89,91,-2,2
55390,107,106,1,1
55391,76,70,6,6
55392,115,122,-7,7
55393,96,100,-4,4
55394,119,118,1,1
55395,56,62,-6,6
55396,100,113,-13,13
55397,101,98,3,3
55398,89,84,5,5
55399,75,81,-6,6
55400,106,104,2,2
55401,68,70,-2,2
55402,69,64,5,5
55403,83,76,7,7
55404,85,91,-6,6
55405,130,129,1,1
55406,64,63,1,1
55407,44,54,-10,10
55408,83,77,6,6
55409,54,98,-44,44
55410,130,116,14,14
55411,91,99,-8,8
55412,59,81,-22,22
55413,109,99,10,10
55414,145,141,4,4
55415,65,59,6,6
55416,50,50,0,0
55417,147,137,10,10
55418,90,99,-9,9
55419,143,150,-7,7
55420,97,100,-3,3
55421,111,112,-1,1
55422,63,62,1,1
55423,70,83,-13,13
55424,109,98,11,11
55425,108,119,-11,11
55426,149,145,4,4
55427,98,101,-3,3
55428,137,134,3,3
55429,45,47,-2,2
55430,95,93,2,2
55431,59,73,-14,14
55432,71,70,1,1
55433,117,121,-4,4
55434,73,78,-5,5
55435,80,80,0,0
55436,168,143,25,25
55437,149,157,-8,8
55438,53,53,0,0
55439,65,67,-2,2
55440,160,145,15,15
55441,83,82,1,1
55442,88,91,-3,3
55443,98,86,12,12
55444,51,57,-6,6
55445,54,63,-9,9
55446,70,75,-5,5
55447,80,82,-2,2
55448,169,146,23,23
55449,109,105,4,4
55450,57,62,-5,5
55451,119,123,-4,4
55452,238,222,16,16
55453,132,132,0,0
55454,78,85,-7,7
55455,88,83,5,5
55456,85,89,-4,4
55457,27,45,-18,18
55458,62,69,-7,7
55459,131,126,5,5
55460,138,128,10,10
55461,43,98,-55,55
55462,58,71,-13,13
55463,76,80,-4,4
55464,72,84,-12,12
55465,121,97,24,24
55466,107,106,1,1
55467,81,79,2,2
55468,49,67,-18,18
55469,113,108,5,5
55470,71,68,3,3
55471,44,47,-3,3
55472,81,78,3,3
55473,73,66,7,7
55474,85,90,-5,5
55475,100,96,4,4
55476,126,117,9,9
55477,96,94,2,2
55478,67,71,-4,4
55479,114,126,-12,12
55480,97,79,18,18
55481,185,163,22,22
55482,55,58,-3,3
55483,177,177,0,0
55484,85,85,0,0
55485,117,118,-1,1
55486,157,149,8,8
55487,129,125,4,4
55488,94,103,-9,9
55489,87,92,-5,5
55490,139,124,15,15
55491,121,122,-1,1
55492,65,62,3,3
55493,58,67,-9,9
55494,98,100,-2,2
55495,37,47,-10,10
55496,63,70,-7,7
55497,193,194,-1,1
55498,101,109,-8,8
55499,69,84,-15,15
55500,133,129,4,4
55501,121,104,17,17
55502,91,98,-7,7
55503,85,87,-2,2
55504,67,78,-11,11
55505,117,118,-1,1
55506,61,57,4,4
55507,61,63,-2,2
55508,97,109,-12,12
55509,81,85,-4,4
55510,89,98,-9,9
55511,58,64,-6,6
55512,80,75,5,5
55513,96,84,12,12
55514,87,96,-9,9
55515,69,72,-3,3
55516,116,126,-10,10
55517,138,146,-8,8
55518,65,67,-2,2
55519,90,85,5,5
55520,87,88,-1,1
55521,102,100,2,2
55522,79,89,-10,10
55523,146,149,-3,3
55524,130,120,10,10
55525,127,112,15,15
55526,96,89,7,7
55527,80,78,2,2
55528,132,139,-7,7
55529,115,102,13,13
55530,81,98,-17,17
55531,86,86,0,0
55532,105,101,4,4
55533,130,131,-1,1
55534,84,83,1,1
55535,52,100,-48,48
55536,72,66,6,6
55537,82,81,1,1
55538,115,115,0,0
55539,100,100,0,0
55540,102,104,-2,2
55541,107,109,-2,2
55542,116,117,-1,1
55543,61,58,3,3
55544,95,100,-5,5
55545,78,74,4,4
55546,78,84,-6,6
55547,79,69,10,10
55548,82,85,-3,3
55549,71,75,-4,4
55550,128,121,7,7
55551,89,99,-10,10
55552,115,136,-21,21
55553,83,75,8,8
55554,80,75,5,5
55555,79,99,-20,20
55556,69,86,-17,17
55557,123,118,5,5
55558,67,73,-6,6
55559,135,127,8,8
55560,134,157,-23,23
55561,133,129,4,4
55562,52,59,-7,7
55563,175,167,8,8
55564,95,85,10,10
55565,122,122,0,0
55566,74,71,3,3
55567,73,78,-5,5
55568,53,57,-4,4
55569,69,72,-3,3
55570,103,115,-12,12
55571,45,49,-4,4
55572,107,104,3,3
55573,49,58,-9,9
55574,132,121,11,11
55575,89,88,1,1
55576,62,65,-3,3
55577,109,109,0,0
55578,81,82,-1,1
55579,72,80,-8,8
55580,52,52,0,0
55581,74,79,-5,5
55582,36,43,-7,7
55583,68,72,-4,4
55584,73,77,-4,4
55585,89,90,-1,1
55586,63,65,-2,2
55587,69,75,-6,6
55588,103,112,-9,9
55589,53,58,-5,5
55590,103,109,-6,6
55591,108,102,6,6
55592,109,160,-51,51
55593,187,189,-2,2
55594,69,70,-1,1
55595,124,116,8,8
55596,117,118,-1,1
55597,94,97,-3,3
55598,44,41,3,3
55599,120,112,8,8
55600,140,142,-2,2
55601,131,125,6,6
55602,100,110,-10,10
55603,147,149,-2,2
55604,55,52,3,3
55605,126,131,-5,5
55606,84,90,-6,6
55607,81,85,-4,4
55608,110,89,21,21
55609,68,74,-6,6
55610,90,99,-9,9
55611,79,78,1,1
55612,108,113,-5,5
55613,69,74,-5,5
55614,67,62,5,5
55615,151,155,-4,4
55616,121,115,6,6
55617,67,76,-9,9
55618,100,93,7,7
55619,105,108,-3,3
55620,105,119,-14,14
55621,92,100,-8,8
55622,107,111,-4,4
55623,163,160,3,3
55624,110,113,-3,3
55625,115,110,5,5
55626,93,84,9,9
55627,143,136,7,7
55628,105,86,19,19
55629,102,99,3,3
55630,54,52,2,2
55631,117,120,-3,3
55632,94,87,7,7
55633,121,108,13,13
55634,51,52,-1,1
55635,93,100,-7,7
55636,136,139,-3,3
55637,75,69,6,6
55638,83,73,10,10
55639,90,84,6,6
55640,110,113,-3,3
55641,69,67,2,2
55642,110,109,1,1
55643,78,84,-6,6
55644,85,81,4,4
55645,89,89,0,0
55646,86,103,-17,17
55647,106,114,-8,8
55648,102,104,-2,2
55649,52,55,-3,3
55650,207,210,-3,3
55651,93,89,4,4
55652,113,119,-6,6
55653,97,101,-4,4
55654,80,89,-9,9
55655,118,130,-12,12
55656,90,97,-7,7
55657,88,101,-13,13
55658,96,101,-5,5
55659,103,110,-7,7
55660,65,68,-3,3
55661,48,52,-4,4
55662,85,77,8,8
55663,104,103,1,1
55664,54,56,-2,2
55665,89,77,12,12
55666,132,133,-1,1
55667,83,86,-3,3
55668,80,83,-3,3
55669,76,78,-2,2
55670,67,62,5,5
55671,89,86,3,3
55672,149,147,2,2
55673,106,116,-10,10
55674,149,149,0,0
55675,52,58,-6,6
55676,58,65,-7,7
55677,70,77,-7,7
55678,78,76,2,2
55679,212,195,17,17
55680,105,95,10,10
55681,101,88,13,13
55682,107,101,6,6
55683,145,142,3,3
55684,77,77,0,0
55685,108,99,9,9
55686,97,100,-3,3
55687,90,82,8,8
55688,104,106,-2,2
55689,99,99,0,0
55690,94,87,7,7
55691,105,114,-9,9
55692,69,74,-5,5
55693,81,88,-7,7
55694,88,85,3,3
55695,112,121,-9,9
55696,93,99,-6,6
55697,130,130,0,0
55698,145,128,17,17
55699,130,125,5,5
55700,62,87,-25,25
55701,99,102,-3,3
55702,67,65,2,2
55703,129,121,8,8
55704,72,75,-3,3
55705,96,89,7,7
55706,76,80,-4,4
55707,102,101,1,1
55708,81,80,1,1
55709,157,154,3,3
55710,100,106,-6,6
55711,122,117,5,5
55712,65,67,-2,2
55713,82,76,6,6
55714,95,90,5,5
55715,133,141,-8,8
55716,108,110,-2,2
55717,81,83,-2,2
55718,91,92,-1,1
55719,134,130,4,4
55720,146,142,4,4
55721,93,101,-8,8
55722,53,56,-3,3
55723,108,103,5,5
55724,93,89,4,4
55725,99,91,8,8
55726,158,151,7,7
55727,66,75,-9,9
55728,66,68,-2,2
55729,83,88,-5,5
55730,103,100,3,3
55731,54,59,-5,5
55732,144,137,7,7
55733,88,103,-15,15
55734,105,98,7,7
55735,115,110,5,5
55736,125,121,4,4
55737,67,76,-9,9
55738,193,170,23,23
55739,127,106,21,21
55740,29,42,-13,13
55741,86,86,0,0
55742,121,123,-2,2
55743,94,86,8,8
55744,125,113,12,12
55745,174,175,-1,1
55746,163,157,6,6
55747,128,116,12,12
55748,155,145,10,10
55749,123,132,-9,9
55750,100,101,-1,1
55751,80,88,-8,8
55752,121,119,2,2
55753,31,42,-11,11
55754,96,88,8,8
55755,80,78,2,2
55756,83,82,1,1
55757,82,81,1,1
55758,97,104,-7,7
55759,72,76,-4,4
55760,69,75,-6,6
55761,86,85,1,1
55762,73,87,-14,14
55763,100,106,-6,6
55764,66,71,-5,5
55765,83,73,10,10
55766,92,102,-10,10
55767,68,67,1,1
55768,118,125,-7,7
55769,97,117,-20,20
55770,62,66,-4,4
55771,78,74,4,4
55772,48,52,-4,4
55773,98,98,0,0
55774,71,74,-3,3
55775,62,68,-6,6
55776,45,61,-16,16
55777,122,123,-1,1
55778,91,86,5,5
55779,71,141,-70,70
55780,68,65,3,3
55781,118,124,-6,6
55782,79,80,-1,1
55783,120,126,-6,6
55784,134,145,-11,11
55785,72,76,-4,4
55786,92,89,3,3
55787,49,69,-20,20
55788,100,102,-2,2
55789,90,98,-8,8
55790,71,75,-4,4
55791,83,86,-3,3
55792,71,73,-2,2
55793,90,100,-10,10
55794,168,169,-1,1
55795,68,83,-15,15
55796,50,59,-9,9
55797,59,58,1,1
55798,52,61,-9,9
55799,104,104,0,0
55800,95,102,-7,7
55801,57,68,-11,11
55802,211,209,2,2
55803,58,59,-1,1
55804,125,124,1,1
55805,99,101,-2,2
55806,88,102,-14,14
55807,182,169,13,13
55808,99,101,-2,2
55809,66,61,5,5
55810,169,160,9,9
55811,105,103,2,2
55812,92,98,-6,6
55813,110,108,2,2
55814,111,102,9,9
55815,95,90,5,5
55816,74,73,1,1
55817,135,121,14,14
55818,51,99,-48,48
55819,78,77,1,1
55820,118,110,8,8
55821,118,119,-1,1
55822,104,106,-2,2
55823,37,50,-13,13
55824,96,100,-4,4
55825,93,89,4,4
55826,60,90,-30,30
55827,102,100,2,2
55828,112,116,-4,4
55829,73,81,-8,8
55830,142,132,10,10
55831,67,68,-1,1
55832,69,66,3,3
55833,103,191,-88,88
55834,42,68,-26,26
55835,99,87,12,12
55836,181,166,15,15
55837,94,92,2,2
55838,83,86,-3,3
55839,98,85,13,13
55840,151,137,14,14
55841,149,131,18,18
55842,92,101,-9,9
55843,129,138,-9,9
55844,79,78,1,1
55845,119,128,-9,9
55846,159,150,9,9
55847,63,73,-10,10
55848,74,73,1,1
55849,141,144,-3,3
55850,133,128,5,5
55851,106,103,3,3
55852,180,173,7,7
55853,152,134,18,18
55854,85,82,3,3
55855,118,110,8,8
55856,127,127,0,0
55857,143,150,-7,7
55858,80,88,-8,8
55859,123,124,-1,1
55860,131,127,4,4
55861,53,49,4,4
55862,83,76,7,7
55863,97,90,7,7
55864,120,123,-3,3
55865,71,70,1,1
55866,127,115,12,12
55867,68,72,-4,4
55868,79,83,-4,4
55869,104,117,-13,13
55870,139,146,-7,7
55871,143,153,-10,10
55872,102,116,-14,14
55873,75,73,2,2
55874,105,110,-5,5
55875,71,64,7,7
55876,52,53,-1,1
55877,73,75,-2,2
55878,95,86,9,9
55879,84,80,4,4
55880,77,77,0,0
55881,63,72,-9,9
55882,80,91,-11,11
55883,111,106,5,5
55884,146,131,15,15
55885,136,144,-8,8
55886,58,54,4,4
55887,77,73,4,4
55888,74,101,-27,27
55889,157,155,2,2
55890,113,112,1,1
55891,88,84,4,4
55892,98,100,-2,2
55893,70,75,-5,5
55894,70,80,-10,10
55895,95,98,-3,3
55896,113,102,11,11
55897,65,68,-3,3
55898,82,74,8,8
55899,89,93,-4,4
55900,90,85,5,5
55901,75,91,-16,16
55902,73,64,9,9
55903,45,54,-9,9
55904,75,86,-11,11
55905,89,85,4,4
55906,127,115,12,12
55907,189,190,-1,1
55908,132,127,5,5
55909,95,92,3,3
55910,113,109,4,4
55911,81,81,0,0
55912,121,125,-4,4
55913,73,75,-2,2
55914,107,107,0,0
55915,72,71,1,1
55916,110,120,-10,10
55917,69,72,-3,3
55918,149,141,8,8
55919,63,67,-4,4
55920,115,115,0,0
55921,105,104,1,1
55922,88,90,-2,2
55923,65,69,-4,4
55924,87,89,-2,2
55925,94,103,-9,9
55926,125,126,-1,1
55927,93,85,8,8
55928,112,110,2,2
55929,103,91,12,12
55930,117,116,1,1
55931,95,93,2,2
55932,76,72,4,4
55933,94,109,-15,15
55934,50,50,0,0
55935,115,122,-7,7
55936,105,91,14,14
55937,108,103,5,5
55938,141,141,0,0
55939,102,102,0,0
55940,58,70,-12,12
55941,108,106,2,2
55942,89,82,7,7
55943,71,77,-6,6
55944,59,61,-2,2
55945,89,85,4,4
55946,57,57,0,0
55947,106,103,3,3
55948,161,145,16,16
55949,92,86,6,6
55950,66,70,-4,4
55951,82,82,0,0
55952,84,77,7,7
55953,115,105,10,10
55954,110,109,1,1
55955,135,133,2,2
55956,93,92,1,1
55957,134,152,-18,18
55958,105,100,5,5
55959,79,77,2,2
55960,25,26,-1,1
55961,124,129,-5,5
55962,29,41,-12,12
55963,96,84,12,12
55964,125,124,1,1
55965,52,59,-7,7
55966,101,104,-3,3
55967,70,69,1,1
55968,98,91,7,7
55969,77,72,5,5
55970,167,156,11,11
55971,82,82,0,0
55972,91,86,5,5
55973,70,70,0,0
55974,74,67,7,7
55975,121,122,-1,1
55976,46,64,-18,18
55977,76,79,-3,3
55978,111,116,-5,5
55979,58,58,0,0
55980,65,64,1,1
55981,53,54,-1,1
55982,109,121,-12,12
55983,80,83,-3,3
55984,88,85,3,3
55985,110,109,1,1
55986,98,91,7,7
55987,97,108,-11,11
55988,128,120,8,8
55989,144,137,7,7
55990,82,83,-1,1
55991,131,126,5,5
55992,100,95,5,5
55993,95,99,-4,4
55994,108,106,2,2
55995,82,84,-2,2
55996,73,66,7,7
55997,94,102,-8,8
55998,99,110,-11,11
55999,88,84,4,4
56000,157,160,-3,3
56001,75,78,-3,3
56002,95,104,-9,9
56003,82,79,3,3
56004,160,173,-13,13
56005,146,141,5,5
56006,166,177,-11,11
56007,76,77,-1,1
56008,139,136,3,3
56009,110,110,0,0
56010,118,127,-9,9
56011,122,114,8,8
56012,50,60,-10,10
56013,59,64,-5,5
56014,112,113,-1,1
56015,108,124,-16,16
56016,42,47,-5,5
56017,112,118,-6,6
56018,126,117,9,9
56019,88,99,-11,11
56020,121,109,12,12
56021,83,79,4,4
56022,95,104,-9,9
56023,98,92,6,6
56024,104,108,-4,4
56025,66,67,-1,1
56026,129,131,-2,2
56027,85,78,7,7
56028,101,104,-3,3
56029,68,73,-5,5
56030,86,88,-2,2
56031,79,75,4,4
56032,91,89,2,2
56033,113,123,-10,10
56034,149,141,8,8
56035,76,78,-2,2
56036,107,110,-3,3
56037,110,113,-3,3
56038,75,81,-6,6
56039,100,104,-4,4
56040,110,119,-9,9
56041,115,116,-1,1
56042,128,127,1,1
56043,177,168,9,9
56044,105,102,3,3
56045,79,145,-66,66
56046,126,126,0,0
56047,135,157,-22,22
56048,66,66,0,0
56049,148,144,4,4
56050,128,124,4,4
56051,106,99,7,7
56052,99,83,16,16
56053,73,66,7,7
56054,64,69,-5,5
56055,98,124,-26,26
56056,111,111,0,0
56057,124,127,-3,3
56058,117,114,3,3
56059,94,97,-3,3
56060,86,79,7,7
56061,80,79,1,1
56062,105,113,-8,8
56063,77,85,-8,8
56064,101,97,4,4
56065,118,116,2,2
56066,130,112,18,18
56067,97,100,-3,3
56068,77,78,-1,1
56069,76,79,-3,3
56070,122,130,-8,8
56071,116,137,-21,21
56072,67,79,-12,12
56073,109,102,7,7
56074,62,66,-4,4
56075,95,84,11,11
56076,130,126,4,4
56077,49,69,-20,20
56078,64,62,2,2
56079,84,86,-2,2
56080,147,125,22,22
56081,121,110,11,11
56082,158,155,3,3
56083,105,99,6,6
56084,99,105,-6,6
56085,108,114,-6,6
56086,159,157,2,2
56087,87,86,1,1
56088,128,139,-11,11
56089,58,71,-13,13
56090,110,110,0,0
56091,187,180,7,7
56092,87,90,-3,3
56093,143,146,-3,3
56094,84,76,8,8
56095,132,141,-9,9
56096,74,72,2,2
56097,109,113,-4,4
56098,86,106,-20,20
56099,111,108,3,3
56100,49,50,-1,1
56101,73,73,0,0
56102,125,137,-12,12
56103,75,75,0,0
56104,78,78,0,0
56105,99,100,-1,1
56106,103,114,-11,11
56107,106,101,5,5
56108,57,62,-5,5
56109,139,134,5,5
56110,90,83,7,7
56111,67,66,1,1
56112,60,65,-5,5
56113,46,43,3,3
56114,56,57,-1,1
56115,135,128,7,7
56116,52,46,6,6
56117,102,100,2,2
56118,79,81,-2,2
56119,75,78,-3,3
56120,118,120,-2,2
56121,107,115,-8,8
56122,24,28,-4,4
56123,102,99,3,3
56124,78,81,-3,3
56125,94,85,9,9
56126,109,98,11,11
56127,139,138,1,1
56128,105,112,-7,7
56129,155,149,6,6
56130,53,53,0,0
56131,82,90,-8,8
56132,159,166,-7,7
56133,105,102,3,3
56134,102,106,-4,4
56135,78,78,0,0
56136,67,66,1,1
56137,149,152,-3,3
56138,84,88,-4,4
56139,87,98,-11,11
56140,132,141,-9,9
56141,83,81,2,2
56142,75,79,-4,4
56143,99,100,-1,1
56144,77,84,-7,7
56145,97,89,8,8
56146,132,113,19,19
56147,105,110,-5,5
56148,105,91,14,14
56149,59,57,2,2
56150,69,68,1,1
56151,120,116,4,4
56152,59,63,-4,4
56153,105,98,7,7
56154,81,79,2,2
56155,156,155,1,1
56156,62,71,-9,9
56157,63,67,-4,4
56158,156,141,15,15
56159,48,139,-91,91
56160,81,81,0,0
56161,78,79,-1,1
56162,72,69,3,3
56163,110,109,1,1
56164,76,84,-8,8
56165,82,81,1,1
56166,76,77,-1,1
56167,106,107,-1,1
56168,109,119,-10,10
56169,96,90,6,6
56170,129,134,-5,5
56171,71,71,0,0
56172,124,139,-15,15
56173,107,106,1,1
56174,97,99,-2,2
56175,113,104,9,9
56176,152,145,7,7
56177,91,109,-18,18
56178,78,77,1,1
56179,158,150,8,8
56180,117,118,-1,1
56181,97,99,-2,2
56182,83,81,2,2
56183,132,124,8,8
56184,79,80,-1,1
56185,101,111,-10,10
56186,135,128,7,7
56187,96,73,23,23
56188,82,74,8,8
56189,70,77,-7,7
56190,110,108,2,2
56191,141,128,13,13
56192,61,59,2,2
56193,97,91,6,6
56194,119,96,23,23
56195,67,72,-5,5
56196,92,108,-16,16
56197,84,72,12,12
56198,65,68,-3,3
56199,84,89,-5,5
56200,124,117,7,7
56201,135,139,-4,4
56202,146,137,9,9
56203,109,118,-9,9
56204,145,150,-5,5
56205,89,84,5,5
56206,136,133,3,3
56207,85,84,1,1
56208,55,62,-7,7
56209,92,102,-10,10
56210,61,64,-3,3
56211,132,125,7,7
56212,65,71,-6,6
56213,112,115,-3,3
56214,107,95,12,12
56215,48,48,0,0
56216,55,58,-3,3
56217,109,110,-1,1
56218,136,132,4,4
56219,94,98,-4,4
56220,45,49,-4,4
56221,139,130,9,9
56222,72,81,-9,9
56223,156,140,16,16
56224,58,64,-6,6
56225,96,85,11,11
56226,83,82,1,1
56227,94,90,4,4
56228,29,33,-4,4
56229,124,123,1,1
56230,71,79,-8,8
56231,146,136,10,10
56232,97,87,10,10
56233,104,109,-5,5
56234,32,39,-7,7
56235,140,134,6,6
56236,57,56,1,1
56237,112,114,-2,2
56238,70,77,-7,7
56239,92,82,10,10
56240,57,64,-7,7
56241,107,112,-5,5
56242,76,79,-3,3
56243,81,82,-1,1
56244,115,125,-10,10
56245,22,70,-48,48
56246,96,100,-4,4
56247,84,98,-14,14
56248,103,104,-1,1
56249,126,114,12,12
56250,76,76,0,0
56251,159,148,11,11
56252,74,66,8,8
56253,87,78,9,9
56254,46,58,-12,12
56255,33,47,-14,14
56256,76,66,10,10
56257,98,102,-4,4
56258,73,70,3,3
56259,105,100,5,5
56260,51,62,-11,11
56261,94,85,9,9
56262,54,71,-17,17
56263,86,93,-7,7
56264,60,66,-6,6
56265,144,138,6,6
56266,74,64,10,10
56267,90,94,-4,4
56268,100,109,-9,9
56269,107,119,-12,12
56270,129,120,9,9
56271,133,124,9,9
56272,70,73,-3,3
56273,101,93,8,8
56274,60,67,-7,7
56275,200,181,19,19
56276,64,64,0,0
56277,143,136,7,7
56278,90,87,3,3
56279,72,69,3,3
56280,85,91,-6,6
56281,136,139,-3,3
56282,94,107,-13,13
56283,135,120,15,15
56284,102,100,2,2
56285,71,81,-10,10
56286,74,78,-4,4
56287,122,132,-10,10
56288,86,85,1,1
56289,40,43,-3,3
56290,109,118,-9,9
56291,113,121,-8,8
56292,110,108,2,2
56293,68,66,2,2
56294,130,134,-4,4
56295,89,98,-9,9
56296,106,109,-3,3
56297,98,99,-1,1
56298,71,58,13,13
56299,128,131,-3,3
56300,158,142,16,16
56301,82,80,2,2
56302,42,43,-1,1
56303,67,68,-1,1
56304,107,117,-10,10
56305,77,78,-1,1
56306,113,120,-7,7
56307,73,71,2,2
56308,189,185,4,4
56309,101,101,0,0
56310,117,131,-14,14
56311,113,117,-4,4
56312,81,78,3,3
56313,113,111,2,2
56314,108,105,3,3
56315,133,145,-12,12
56316,117,120,-3,3
56317,119,118,1,1
56318,72,69,3,3
56319,72,85,-13,13
56320,105,111,-6,6
56321,70,69,1,1
56322,66,65,1,1
56323,152,141,11,11
56324,89,82,7,7
56325,20,18,2,2
56326,72,75,-3,3
56327,89,84,5,5
56328,83,89,-6,6
56329,121,136,-15,15
56330,119,113,6,6
56331,101,102,-1,1
56332,84,85,-1,1
56333,78,83,-5,5
56334,166,160,6,6
56335,117,117,0,0
56336,141,141,0,0
56337,123,123,0,0
56338,162,157,5,5
56339,50,58,-8,8
56340,60,57,3,3
56341,86,90,-4,4
56342,70,71,-1,1
56343,129,133,-4,4
56344,65,68,-3,3
56345,75,81,-6,6
56346,91,73,18,18
56347,55,61,-6,6
56348,82,85,-3,3
56349,102,108,-6,6
56350,74,71,3,3
56351,84,82,2,2
56352,128,124,4,4
56353,91,95,-4,4
56354,120,119,1,1
56355,85,88,-3,3
56356,108,118,-10,10
56357,72,73,-1,1
56358,90,85,5,5
56359,85,89,-4,4
56360,112,114,-2,2
56361,148,152,-4,4
56362,105,114,-9,9
56363,44,64,-20,20
56364,42,55,-13,13
56365,103,99,4,4
56366,93,81,12,12
56367,63,65,-2,2
56368,169,182,-13,13
56369,65,66,-1,1
56370,74,74,0,0
56371,99,103,-4,4
56372,129,132,-3,3
56373,93,89,4,4
56374,139,137,2,2
56375,64,111,-47,47
56376,93,92,1,1
56377,53,69,-16,16
56378,110,108,2,2
56379,97,93,4,4
56380,170,164,6,6
56381,56,67,-11,11
56382,172,177,-5,5
56383,71,70,1,1
56384,161,150,11,11
56385,130,139,-9,9
56386,101,103,-2,2
56387,107,109,-2,2
56388,101,103,-2,2
56389,64,71,-7,7
56390,75,73,2,2
56391,128,129,-1,1
56392,80,80,0,0
56393,129,130,-1,1
56394,54,60,-6,6
56395,71,78,-7,7
56396,55,51,4,4
56397,91,100,-9,9
56398,119,113,6,6
56399,94,98,-4,4
56400,158,149,9,9
56401,60,66,-6,6
56402,158,160,-2,2
56403,56,54,2,2
56404,121,123,-2,2
56405,79,72,7,7
56406,120,116,4,4
56407,64,65,-1,1
56408,62,81,-19,19
56409,80,77,3,3
56410,135,130,5,5
56411,102,121,-19,19
56412,115,109,6,6
56413,142,146,-4,4
56414,115,129,-14,14
56415,119,125,-6,6
56416,138,136,2,2
56417,97,89,8,8
56418,80,76,4,4
56419,97,103,-6,6
56420,111,113,-2,2
56421,91,98,-7,7
56422,95,103,-8,8
56423,91,98,-7,7
56424,101,94,7,7
56425,130,130,0,0
56426,89,89,0,0
56427,86,99,-13,13
56428,178,167,11,11
56429,168,161,7,7
56430,63,53,10,10
56431,69,65,4,4
56432,186,168,18,18
56433,143,136,7,7
56434,76,67,9,9
56435,87,91,-4,4
56436,46,52,-6,6
56437,81,84,-3,3
56438,43,48,-5,5
56439,125,124,1,1
56440,190,183,7,7
56441,112,102,10,10
56442,161,158,3,3
56443,119,110,9,9
56444,98,101,-3,3
56445,122,117,5,5
56446,94,92,2,2
56447,68,75,-7,7
56448,103,89,14,14
56449,126,107,19,19
56450,75,73,2,2
56451,123,114,9,9
56452,81,79,2,2
56453,144,153,-9,9
56454,53,51,2,2
56455,164,150,14,14
56456,60,67,-7,7
56457,117,115,2,2
56458,121,122,-1,1
56459,90,99,-9,9
56460,86,84,2,2
56461,63,69,-6,6
56462,147,138,9,9
56463,103,104,-1,1
56464,68,72,-4,4
56465,91,85,6,6
56466,81,73,8,8
56467,71,72,-1,1
56468,63,67,-4,4
56469,123,127,-4,4
56470,105,103,2,2
56471,81,85,-4,4
56472,112,120,-8,8
56473,78,80,-2,2
56474,85,85,0,0
56475,118,120,-2,2
56476,65,60,5,5
56477,127,134,-7,7
56478,83,82,1,1
56479,91,87,4,4
56480,62,65,-3,3
56481,75,79,-4,4
56482,88,97,-9,9
56483,163,160,3,3
56484,48,62,-14,14
56485,93,107,-14,14
56486,85,87,-2,2
56487,142,144,-2,2
56488,93,103,-10,10
56489,73,72,1,1
56490,65,69,-4,4
56491,83,80,3,3
56492,77,77,0,0
56493,113,114,-1,1
56494,121,117,4,4
56495,71,74,-3,3
56496,64,64,0,0
56497,70,79,-9,9
56498,155,142,13,13
56499,59,57,2,2
56500,80,77,3,3
56501,80,83,-3,3
56502,59,62,-3,3
56503,83,76,7,7
56504,68,65,3,3
56505,77,88,-11,11
56506,121,110,11,11
56507,63,73,-10,10
56508,82,81,1,1
56509,145,143,2,2
56510,63,71,-8,8
56511,124,128,-4,4
56512,83,91,-8,8
56513,175,173,2,2
56514,185,188,-3,3
56515,65,67,-2,2
56516,61,61,0,0
56517,76,74,2,2
56518,75,81,-6,6
56519,74,94,-20,20
56520,136,122,14,14
56521,47,43,4,4
56522,66,60,6,6
56523,131,129,2,2
56524,123,111,12,12
56525,118,118,0,0
56526,58,57,1,1
56527,89,86,3,3
56528,156,147,9,9
56529,55,63,-8,8
56530,115,107,8,8
56531,111,110,1,1
56532,116,130,-14,14
56533,62,72,-10,10
56534,108,102,6,6
56535,120,127,-7,7
56536,112,116,-4,4
56537,56,66,-10,10
56538,142,147,-5,5
56539,91,81,10,10
56540,86,86,0,0
56541,121,123,-2,2
56542,80,75,5,5
56543,103,104,-1,1
56544,76,83,-7,7
56545,100,128,-28,28
56546,94,92,2,2
56547,117,127,-10,10
56548,84,81,3,3
56549,87,96,-9,9
56550,127,120,7,7
56551,90,101,-11,11
56552,96,89,7,7
56553,56,60,-4,4
56554,74,72,2,2
56555,98,94,4,4
56556,107,115,-8,8
56557,125,112,13,13
56558,66,63,3,3
56559,91,100,-9,9
56560,154,170,-16,16
56561,151,132,19,19
56562,77,78,-1,1
56563,60,62,-2,2
56564,72,80,-8,8
56565,132,117,15,15
56566,74,73,1,1
56567,63,64,-1,1
56568,129,128,1,1
56569,169,168,1,1
56570,88,102,-14,14
56571,129,127,2,2
56572,140,134,6,6
56573,80,90,-10,10
56574,94,99,-5,5
56575,49,56,-7,7
56576,145,144,1,1
56577,97,103,-6,6
56578,94,100,-6,6
56579,83,83,0,0
56580,135,132,3,3
56581,103,104,-1,1
56582,40,46,-6,6
56583,119,139,-20,20
56584,60,63,-3,3
56585,44,46,-2,2
56586,104,113,-9,9
56587,49,52,-3,3
56588,70,87,-17,17
56589,59,63,-4,4
56590,114,124,-10,10
56591,65,58,7,7
56592,60,64,-4,4
56593,121,134,-13,13
56594,115,111,4,4
56595,75,74,1,1
56596,74,76,-2,2
56597,103,102,1,1
56598,59,59,0,0
56599,125,130,-5,5
56600,94,93,1,1
56601,73,70,3,3
56602,54,53,1,1
56603,58,56,2,2
56604,174,171,3,3
56605,46,46,0,0
56606,79,82,-3,3
56607,108,101,7,7
56608,50,64,-14,14
56609,120,109,11,11
56610,159,151,8,8
56611,171,176,-5,5
56612,81,85,-4,4
56613,85,87,-2,2
56614,118,137,-19,19
56615,73,76,-3,3
56616,114,112,2,2
56617,77,71,6,6
56618,150,133,17,17
56619,72,80,-8,8
56620,64,84,-20,20
56621,85,100,-15,15
56622,112,115,-3,3
56623,57,59,-2,2
56624,101,101,0,0
56625,83,85,-2,2
56626,74,72,2,2
56627,142,135,7,7
56628,111,102,9,9
56629,135,122,13,13
56630,64,67,-3,3
56631,75,70,5,5
56632,188,189,-1,1
56633,63,78,-15,15
56634,124,118,6,6
56635,42,52,-10,10
56636,136,122,14,14
56637,50,55,-5,5
56638,87,90,-3,3
56639,140,132,8,8
56640,94,99,-5,5
56641,94,98,-4,4
56642,61,76,-15,15
56643,86,89,-3,3
56644,126,116,10,10
56645,63,66,-3,3
56646,82,78,4,4
56647,140,146,-6,6
56648,134,124,10,10
56649,79,80,-1,1
56650,126,139,-13,13
56651,101,111,-10,10
56652,103,104,-1,1
56653,70,68,2,2
56654,85,75,10,10
56655,84,89,-5,5
56656,58,65,-7,7
56657,139,127,12,12
56658,67,78,-11,11
56659,101,108,-7,7
56660,83,86,-3,3
56661,66,64,2,2
56662,59,60,-1,1
56663,77,80,-3,3
56664,53,63,-10,10
56665,130,127,3,3
56666,59,67,-8,8
56667,94,85,9,9
56668,120,116,4,4
56669,108,103,5,5
56670,95,88,7,7
56671,67,67,0,0
56672,103,106,-3,3
56673,68,65,3,3
56674,82,81,1,1
56675,111,116,-5,5
56676,78,77,1,1
56677,59,66,-7,7
56678,72,80,-8,8
56679,101,101,0,0
56680,77,85,-8,8
56681,65,65,0,0
56682,64,74,-10,10
56683,57,66,-9,9
56684,95,103,-8,8
56685,68,71,-3,3
56686,137,125,12,12
56687,65,67,-2,2
56688,82,81,1,1
56689,73,77,-4,4
56690,96,110,-14,14
56691,110,113,-3,3
56692,139,137,2,2
56693,87,76,11,11
56694,113,102,11,11
56695,40,38,2,2
56696,81,84,-3,3
56697,51,58,-7,7
56698,173,162,11,11
56699,72,86,-14,14
56700,107,108,-1,1
56701,112,118,-6,6
56702,125,122,3,3
56703,56,60,-4,4
56704,141,131,10,10
56705,150,141,9,9
56706,136,139,-3,3
56707,127,121,6,6
56708,132,140,-8,8
56709,96,89,7,7
56710,35,51,-16,16
56711,86,84,2,2
56712,108,104,4,4
56713,149,141,8,8
56714,103,104,-1,1
56715,144,157,-13,13
56716,135,124,11,11
56717,112,108,4,4
56718,86,103,-17,17
56719,54,52,2,2
56720,78,76,2,2
56721,72,72,0,0
56722,87,97,-10,10
56723,79,101,-22,22
56724,109,127,-18,18
56725,120,109,11,11
56726,173,159,14,14
56727,57,64,-7,7
56728,40,43,-3,3
56729,82,85,-3,3
56730,70,75,-5,5
56731,86,91,-5,5
56732,98,102,-4,4
56733,134,146,-12,12
56734,45,43,2,2
56735,129,122,7,7
56736,68,73,-5,5
56737,91,83,8,8
56738,113,111,2,2
56739,52,62,-10,10
56740,94,92,2,2
56741,94,104,-10,10
56742,113,113,0,0
56743,128,117,11,11
56744,99,110,-11,11
56745,105,101,4,4
56746,86,107,-21,21
56747,148,144,4,4
56748,138,126,12,12
56749,99,85,14,14
56750,94,100,-6,6
56751,73,77,-4,4
56752,153,139,14,14
56753,95,100,-5,5
56754,118,126,-8,8
56755,129,125,4,4
56756,50,65,-15,15
56757,123,118,5,5
56758,142,139,3,3
56759,123,120,3,3
56760,148,143,5,5
56761,107,109,-2,2
56762,98,106,-8,8
56763,112,115,-3,3
56764,137,131,6,6
56765,106,106,0,0
56766,97,95,2,2
56767,96,102,-6,6
56768,245,193,52,52
56769,115,105,10,10
56770,81,76,5,5
56771,130,113,17,17
56772,86,80,6,6
56773,128,122,6,6
56774,73,73,0,0
56775,110,106,4,4
56776,130,124,6,6
56777,97,100,-3,3
56778,80,84,-4,4
56779,91,91,0,0
56780,88,82,6,6
56781,105,106,-1,1
56782,75,59,16,16
56783,93,105,-12,12
56784,115,111,4,4
56785,133,127,6,6
56786,142,127,15,15
56787,62,74,-12,12
56788,78,82,-4,4
56789,91,85,6,6
56790,102,101,1,1
56791,109,111,-2,2
56792,102,99,3,3
56793,90,85,5,5
56794,135,120,15,15
56795,31,50,-19,19
56796,143,138,5,5
56797,123,118,5,5
56798,102,101,1,1
56799,59,58,1,1
56800,83,88,-5,5
56801,99,97,2,2
56802,50,65,-15,15
56803,168,153,15,15
56804,80,87,-7,7
56805,104,117,-13,13
56806,117,114,3,3
56807,113,122,-9,9
56808,73,95,-22,22
56809,72,77,-5,5
56810,144,125,19,19
56811,131,134,-3,3
56812,107,125,-18,18
56813,85,91,-6,6
56814,58,69,-11,11
56815,67,64,3,3
56816,62,62,0,0
56817,63,57,6,6
56818,148,154,-6,6
56819,139,129,10,10
56820,82,91,-9,9
56821,133,131,2,2
56822,70,75,-5,5
56823,99,107,-8,8
56824,115,113,2,2
56825,121,122,-1,1
56826,107,115,-8,8
56827,113,103,10,10
56828,61,66,-5,5
56829,80,74,6,6
56830,78,77,1,1
56831,68,66,2,2
56832,122,129,-7,7
56833,109,105,4,4
56834,71,70,1,1
56835,60,66,-6,6
56836,125,122,3,3
56837,68,73,-5,5
56838,114,115,-1,1
56839,93,82,11,11
56840,75,80,-5,5
56841,99,102,-3,3
56842,133,131,2,2
56843,78,82,-4,4
56844,45,45,0,0
56845,87,78,9,9
56846,72,83,-11,11
56847,129,126,3,3
56848,93,90,3,3
56849,95,102,-7,7
56850,119,126,-7,7
56851,96,83,13,13
56852,45,49,-4,4
56853,151,145,6,6
56854,75,71,4,4
56855,84,86,-2,2
56856,75,72,3,3
56857,97,138,-41,41
56858,79,83,-4,4
56859,132,128,4,4
56860,108,103,5,5
56861,115,110,5,5
56862,89,99,-10,10
56863,84,86,-2,2
56864,132,132,0,0
56865,94,89,5,5
56866,182,184,-2,2
56867,170,159,11,11
56868,93,93,0,0
56869,70,77,-7,7
56870,38,45,-7,7
56871,102,114,-12,12
56872,139,132,7,7
56873,97,104,-7,7
56874,87,86,1,1
56875,86,80,6,6
56876,76,90,-14,14
56877,91,101,-10,10
56878,81,76,5,5
56879,86,77,9,9
56880,90,87,3,3
56881,73,78,-5,5
56882,122,123,-1,1
56883,81,79,2,2
56884,182,173,9,9
56885,73,75,-2,2
56886,108,108,0,0
56887,70,70,0,0
56888,170,161,9,9
56889,98,91,7,7
56890,83,88,-5,5
56891,89,99,-10,10
56892,79,85,-6,6
56893,77,83,-6,6
56894,82,89,-7,7
56895,79,83,-4,4
56896,165,155,10,10
56897,57,64,-7,7
56898,94,108,-14,14
56899,101,90,11,11
56900,170,180,-10,10
56901,68,75,-7,7
56902,121,118,3,3
56903,137,125,12,12
56904,72,71,1,1
56905,109,110,-1,1
56906,81,78,3,3
56907,71,76,-5,5
56908,135,137,-2,2
56909,105,102,3,3
56910,101,99,2,2
56911,71,80,-9,9
56912,93,98,-5,5
56913,75,74,1,1
56914,68,137,-69,69
56915,107,104,3,3
56916,76,72,4,4
56917,127,122,5,5
56918,117,124,-7,7
56919,123,112,11,11
56920,158,163,-5,5
56921,96,98,-2,2
56922,44,46,-2,2
56923,100,104,-4,4
56924,69,72,-3,3
56925,77,85,-8,8
56926,66,74,-8,8
56927,71,65,6,6
56928,117,112,5,5
56929,103,111,-8,8
56930,99,99,0,0
56931,131,132,-1,1
56932,50,47,3,3
56933,39,39,0,0
56934,74,73,1,1
56935,51,52,-1,1
56936,91,100,-9,9
56937,104,113,-9,9
56938,76,76,0,0
56939,126,126,0,0
56940,79,82,-3,3
56941,88,98,-10,10
56942,103,107,-4,4
56943,156,145,11,11
56944,153,153,0,0
56945,82,81,1,1
56946,69,76,-7,7
56947,85,88,-3,3
56948,90,104,-14,14
56949,118,110,8,8
56950,113,115,-2,2
56951,63,73,-10,10
56952,39,48,-9,9
56953,125,121,4,4
56954,111,131,-20,20
56955,85,83,2,2
56956,69,74,-5,5
56957,164,158,6,6
56958,115,117,-2,2
56959,100,118,-18,18
56960,97,104,-7,7
56961,76,88,-12,12
56962,109,121,-12,12
56963,122,118,4,4
56964,75,78,-3,3
56965,94,99,-5,5
56966,73,71,2,2
56967,138,131,7,7
56968,109,98,11,11
56969,84,87,-3,3
56970,65,62,3,3
56971,97,99,-2,2
56972,150,144,6,6
56973,158,159,-1,1
56974,74,75,-1,1
56975,64,68,-4,4
56976,102,104,-2,2
56977,83,99,-16,16
56978,181,165,16,16
56979,149,137,12,12
56980,67,66,1,1
56981,108,114,-6,6
56982,126,128,-2,2
56983,129,125,4,4
56984,123,120,3,3
56985,88,82,6,6
56986,79,87,-8,8
56987,122,109,13,13
56988,88,81,7,7
56989,129,133,-4,4
56990,82,80,2,2
56991,72,76,-4,4
56992,116,109,7,7
56993,93,99,-6,6
56994,82,80,2,2
56995,153,155,-2,2
56996,169,157,12,12
56997,79,92,-13,13
56998,92,91,1,1
56999,123,119,4,4
57000,75,100,-25,25
57001,162,167,-5,5
57002,79,79,0,0
57003,90,89,1,1
57004,74,84,-10,10
57005,130,128,2,2
57006,128,122,6,6
57007,75,85,-10,10
57008,86,85,1,1
57009,111,113,-2,2
57010,100,100,0,0
57011,57,65,-8,8
57012,126,124,2,2
57013,61,65,-4,4
57014,79,80,-1,1
57015,80,71,9,9
57016,49,58,-9,9
57017,83,84,-1,1
57018,65,68,-3,3
57019,76,79,-3,3
57020,99,101,-2,2
57021,152,142,10,10
57022,74,79,-5,5
57023,90,99,-9,9
57024,116,127,-11,11
57025,150,152,-2,2
57026,98,112,-14,14
57027,136,128,8,8
57028,109,109,0,0
57029,131,148,-17,17
57030,44,53,-9,9
57031,52,57,-5,5
57032,73,74,-1,1
57033,160,129,31,31
57034,104,107,-3,3
57035,71,67,4,4
57036,52,60,-8,8
57037,69,64,5,5
57038,120,112,8,8
57039,51,45,6,6
57040,65,74,-9,9
57041,93,90,3,3
57042,62,78,-16,16
57043,108,105,3,3
57044,86,95,-9,9
57045,65,72,-7,7
57046,151,152,-1,1
57047,82,86,-4,4
57048,54,57,-3,3
57049,57,60,-3,3
57050,87,91,-4,4
57051,75,81,-6,6
57052,76,79,-3,3
57053,144,143,1,1
57054,82,86,-4,4
57055,70,69,1,1
57056,65,70,-5,5
57057,130,134,-4,4
57058,179,188,-9,9
57059,143,147,-4,4
57060,128,124,4,4
57061,59,59,0,0
57062,141,132,9,9
57063,91,88,3,3
57064,117,111,6,6
57065,103,100,3,3
57066,102,109,-7,7
57067,150,131,19,19
57068,91,85,6,6
57069,82,86,-4,4
57070,72,66,6,6
57071,146,135,11,11
57072,51,57,-6,6
57073,119,125,-6,6
57074,94,100,-6,6
57075,113,104,9,9
57076,115,112,3,3
57077,50,60,-10,10
57078,72,90,-18,18
57079,127,123,4,4
57080,67,84,-17,17
57081,76,79,-3,3
57082,96,107,-11,11
57083,137,150,-13,13
57084,189,186,3,3
57085,83,85,-2,2
57086,90,98,-8,8
57087,85,81,4,4
57088,99,101,-2,2
57089,88,89,-1,1
57090,163,170,-7,7
57091,78,82,-4,4
57092,63,62,1,1
57093,87,91,-4,4
57094,81,86,-5,5
57095,117,132,-15,15
57096,86,78,8,8
57097,97,99,-2,2
57098,120,120,0,0
57099,61,55,6,6
57100,109,115,-6,6
57101,82,83,-1,1
57102,98,90,8,8
57103,100,96,4,4
57104,114,108,6,6
57105,61,68,-7,7
57106,88,93,-5,5
57107,75,78,-3,3
57108,96,100,-4,4
57109,125,132,-7,7
57110,216,201,15,15
57111,91,90,1,1
57112,149,173,-24,24
57113,104,97,7,7
57114,69,73,-4,4
57115,65,67,-2,2
57116,116,109,7,7
57117,66,68,-2,2
57118,53,56,-3,3
57119,61,68,-7,7
57120,106,109,-3,3
57121,118,112,6,6
57122,145,142,3,3
57123,90,84,6,6
57124,76,75,1,1
57125,48,50,-2,2
57126,38,42,-4,4
57127,65,69,-4,4
57128,98,91,7,7
57129,48,60,-12,12
57130,93,94,-1,1
57131,117,120,-3,3
57132,66,69,-3,3
57133,110,101,9,9
57134,121,120,1,1
57135,95,91,4,4
57136,81,80,1,1
57137,48,60,-12,12
57138,80,85,-5,5
57139,136,148,-12,12
57140,55,49,6,6
57141,110,106,4,4
57142,104,120,-16,16
57143,89,84,5,5
57144,90,105,-15,15
57145,111,115,-4,4
57146,85,99,-14,14
57147,113,114,-1,1
57148,100,104,-4,4
57149,147,138,9,9
57150,86,93,-7,7
57151,76,81,-5,5
57152,164,146,18,18
57153,130,119,11,11
57154,99,91,8,8
57155,40,47,-7,7
57156,175,181,-6,6
57157,148,148,0,0
57158,106,111,-5,5
57159,152,157,-5,5
57160,91,101,-10,10
57161,98,96,2,2
57162,51,63,-12,12
57163,88,90,-2,2
57164,89,88,1,1
57165,63,61,2,2
57166,84,86,-2,2
57167,75,71,4,4
57168,117,111,6,6
57169,111,115,-4,4
57170,134,149,-15,15
57171,81,90,-9,9
57172,101,109,-8,8
57173,61,61,0,0
57174,116,119,-3,3
57175,77,85,-8,8
57176,121,115,6,6
57177,101,95,6,6
57178,22,31,-9,9
57179,89,89,0,0
57180,134,135,-1,1
57181,132,138,-6,6
57182,48,50,-2,2
57183,102,103,-1,1
57184,90,84,6,6
57185,89,92,-3,3
57186,109,116,-7,7
57187,164,150,14,14
57188,93,99,-6,6
57189,93,101,-8,8
57190,63,74,-11,11
57191,99,104,-5,5
57192,72,73,-1,1
57193,85,88,-3,3
57194,76,80,-4,4
57195,85,84,1,1
57196,125,93,32,32
57197,63,64,-1,1
57198,47,56,-9,9
57199,123,125,-2,2
57200,88,100,-12,12
57201,75,76,-1,1
57202,78,80,-2,2
57203,73,65,8,8
57204,113,130,-17,17
57205,88,83,5,5
57206,91,81,10,10
57207,99,99,0,0
57208,92,104,-12,12
57209,102,111,-9,9
57210,84,89,-5,5
57211,153,148,5,5
57212,117,126,-9,9
57213,61,57,4,4
57214,81,80,1,1
57215,148,143,5,5
57216,88,77,11,11
57217,109,108,1,1
57218,124,120,4,4
57219,44,57,-13,13
57220,75,77,-2,2
57221,107,114,-7,7
57222,74,81,-7,7
57223,75,69,6,6
57224,97,90,7,7
57225,95,87,8,8
57226,72,68,4,4
57227,71,71,0,0
57228,100,104,-4,4
57229,110,100,10,10
57230,67,61,6,6
57231,59,57,2,2
57232,162,152,10,10
57233,97,102,-5,5
57234,66,72,-6,6
57235,87,86,1,1
57236,142,138,4,4
57237,77,82,-5,5
57238,61,58,3,3
57239,61,118,-57,57
57240,131,124,7,7
57241,84,89,-5,5
57242,77,84,-7,7
57243,60,63,-3,3
57244,77,82,-5,5
57245,47,54,-7,7
57246,71,78,-7,7
57247,118,124,-6,6
57248,105,119,-14,14
57249,137,135,2,2
57250,48,65,-17,17
57251,81,85,-4,4
57252,105,96,9,9
57253,107,107,0,0
57254,149,144,5,5
57255,88,85,3,3
57256,104,100,4,4
57257,130,116,14,14
57258,118,122,-4,4
57259,50,69,-19,19
57260,113,107,6,6
57261,48,51,-3,3
57262,105,111,-6,6
57263,63,71,-8,8
57264,63,68,-5,5
57265,65,75,-10,10
57266,105,109,-4,4
57267,38,45,-7,7
57268,57,51,6,6
57269,94,92,2,2
57270,87,80,7,7
57271,68,71,-3,3
57272,66,74,-8,8
57273,87,97,-10,10
57274,121,116,5,5
57275,104,102,2,2
57276,124,131,-7,7
57277,158,143,15,15
57278,30,39,-9,9
57279,101,118,-17,17
57280,86,75,11,11
57281,93,90,3,3
57282,123,138,-15,15
57283,102,91,11,11
57284,142,157,-15,15
57285,61,78,-17,17
57286,75,82,-7,7
57287,125,133,-8,8
57288,95,96,-1,1
57289,171,164,7,7
57290,96,130,-34,34
57291,123,125,-2,2
57292,106,115,-9,9
57293,62,67,-5,5
57294,87,84,3,3
57295,57,60,-3,3
57296,56,52,4,4
57297,124,122,2,2
57298,81,79,2,2
57299,109,100,9,9
57300,165,174,-9,9
57301,171,162,9,9
57302,104,104,0,0
57303,59,69,-10,10
57304,40,48,-8,8
57305,74,96,-22,22
57306,127,125,2,2
57307,73,83,-10,10
57308,130,122,8,8
57309,47,65,-18,18
57310,59,62,-3,3
57311,156,142,14,14
57312,101,97,4,4
57313,89,74,15,15
57314,95,98,-3,3
57315,60,73,-13,13
57316,91,91,0,0
57317,74,74,0,0
57318,160,152,8,8
57319,114,109,5,5
57320,148,142,6,6
57321,80,77,3,3
57322,24,32,-8,8
57323,52,56,-4,4
57324,259,234,25,25
57325,44,49,-5,5
57326,149,146,3,3
57327,57,63,-6,6
57328,126,134,-8,8
57329,142,132,10,10
57330,111,117,-6,6
57331,167,162,5,5
57332,76,76,0,0
57333,69,63,6,6
57334,110,120,-10,10
57335,92,109,-17,17
57336,99,86,13,13
57337,95,100,-5,5
57338,114,107,7,7
57339,91,99,-8,8
57340,104,103,1,1
57341,84,85,-1,1
57342,164,150,14,14
57343,44,57,-13,13
57344,75,72,3,3
57345,95,99,-4,4
57346,27,36,-9,9
57347,81,84,-3,3
57348,72,75,-3,3
57349,100,92,8,8
57350,131,119,12,12
57351,61,70,-9,9
57352,89,89,0,0
57353,65,72,-7,7
57354,53,66,-13,13
57355,103,115,-12,12
57356,129,129,0,0
57357,114,107,7,7
57358,102,104,-2,2
57359,87,94,-7,7
57360,77,68,9,9
57361,72,75,-3,3
57362,71,78,-7,7
57363,67,60,7,7
57364,116,116,0,0
57365,102,99,3,3
57366,83,79,4,4
57367,55,54,1,1
57368,71,85,-14,14
57369,84,78,6,6
57370,98,99,-1,1
57371,101,91,10,10
57372,82,75,7,7
57373,117,121,-4,4
57374,126,129,-3,3
57375,66,75,-9,9
57376,81,88,-7,7
57377,189,193,-4,4
57378,90,82,8,8
57379,86,83,3,3
57380,107,104,3,3
57381,117,135,-18,18
57382,54,58,-4,4
57383,81,88,-7,7
57384,85,81,4,4
57385,88,99,-11,11
57386,57,64,-7,7
57387,103,105,-2,2
57388,103,101,2,2
57389,95,97,-2,2
57390,107,107,0,0
57391,91,89,2,2
57392,111,130,-19,19
57393,200,188,12,12
57394,83,89,-6,6
57395,86,84,2,2
57396,80,85,-5,5
57397,109,117,-8,8
57398,69,70,-1,1
57399,78,77,1,1
57400,70,80,-10,10
57401,77,77,0,0
57402,69,65,4,4
57403,96,84,12,12
57404,121,139,-18,18
57405,90,100,-10,10
57406,152,144,8,8
57407,91,84,7,7
57408,89,86,3,3
57409,104,103,1,1
57410,88,73,15,15
57411,113,111,2,2
57412,81,97,-16,16
57413,92,87,5,5
57414,112,103,9,9
57415,113,120,-7,7
57416,119,110,9,9
57417,68,71,-3,3
57418,183,161,22,22
57419,154,142,12,12
57420,115,119,-4,4
57421,173,196,-23,23
57422,108,103,5,5
57423,124,136,-12,12
57424,71,70,1,1
57425,84,77,7,7
57426,80,92,-12,12
57427,90,104,-14,14
57428,74,70,4,4
57429,89,80,9,9
57430,81,91,-10,10
57431,100,91,9,9
57432,136,136,0,0
57433,55,58,-3,3
57434,105,109,-4,4
57435,77,75,2,2
57436,192,187,5,5
57437,99,91,8,8
57438,90,88,2,2
57439,134,126,8,8
57440,113,112,1,1
57441,90,85,5,5
57442,150,137,13,13
57443,52,58,-6,6
57444,102,99,3,3
57445,55,55,0,0
57446,110,110,0,0
57447,57,62,-5,5
57448,57,61,-4,4
57449,97,99,-2,2
57450,117,124,-7,7
57451,83,89,-6,6
57452,121,116,5,5
57453,58,63,-5,5
57454,101,102,-1,1
57455,63,71,-8,8
57456,105,106,-1,1
57457,94,87,7,7
57458,138,135,3,3
57459,62,63,-1,1
57460,113,118,-5,5
57461,50,56,-6,6
57462,90,97,-7,7
57463,135,139,-4,4
57464,68,62,6,6
57465,94,98,-4,4
57466,63,64,-1,1
57467,179,162,17,17
57468,78,76,2,2
57469,197,174,23,23
57470,124,126,-2,2
57471,115,125,-10,10
57472,105,101,4,4
57473,135,136,-1,1
57474,59,62,-3,3
57475,75,91,-16,16
57476,131,123,8,8
57477,125,128,-3,3
57478,82,89,-7,7
57479,193,191,2,2
57480,23,30,-7,7
57481,67,67,0,0
57482,204,190,14,14
57483,78,84,-6,6
57484,95,106,-11,11
57485,143,146,-3,3
57486,69,71,-2,2
57487,78,74,4,4
57488,185,180,5,5
57489,60,65,-5,5
57490,93,85,8,8
57491,49,52,-3,3
57492,151,136,15,15
57493,93,89,4,4
57494,109,103,6,6
57495,58,58,0,0
57496,132,118,14,14
57497,85,78,7,7
57498,118,101,17,17
57499,69,72,-3,3
57500,76,80,-4,4
57501,68,77,-9,9
57502,68,69,-1,1
57503,103,117,-14,14
57504,116,115,1,1
57505,189,168,21,21
57506,64,71,-7,7
57507,54,52,2,2
57508,99,105,-6,6
57509,140,129,11,11
57510,52,54,-2,2
57511,144,143,1,1
57512,96,94,2,2
57513,60,86,-26,26
57514,131,134,-3,3
57515,101,112,-11,11
57516,21,42,-21,21
57517,77,78,-1,1
57518,94,101,-7,7
57519,64,63,1,1
57520,77,71,6,6
57521,89,89,0,0
57522,68,70,-2,2
57523,100,78,22,22
57524,94,92,2,2
57525,99,99,0,0
57526,104,109,-5,5
57527,76,78,-2,2
57528,41,47,-6,6
57529,89,81,8,8
57530,159,136,23,23
57531,145,130,15,15
57532,89,84,5,5
57533,117,123,-6,6
57534,56,66,-10,10
57535,112,109,3,3
57536,59,58,1,1
57537,54,56,-2,2
57538,83,77,6,6
57539,70,76,-6,6
57540,64,67,-3,3
57541,134,132,2,2
57542,107,118,-11,11
57543,81,82,-1,1
57544,117,124,-7,7
57545,123,128,-5,5
57546,114,105,9,9
57547,173,161,12,12
57548,79,74,5,5
57549,117,109,8,8
57550,32,40,-8,8
57551,87,80,7,7
57552,189,184,5,5
57553,70,79,-9,9
57554,155,135,20,20
57555,81,84,-3,3
57556,168,163,5,5
57557,114,114,0,0
57558,153,162,-9,9
57559,124,114,10,10
57560,51,49,2,2
57561,105,113,-8,8
57562,101,120,-19,19
57563,86,89,-3,3
57564,129,125,4,4
57565,122,118,4,4
57566,149,141,8,8
57567,85,81,4,4
57568,73,72,1,1
57569,66,71,-5,5
57570,180,161,19,19
57571,33,45,-12,12
57572,70,77,-7,7
57573,101,117,-16,16
57574,89,101,-12,12
57575,120,119,1,1
57576,121,116,5,5
57577,91,93,-2,2
57578,90,89,1,1
57579,121,120,1,1
57580,154,158,-4,4
57581,110,108,2,2
57582,65,62,3,3
57583,107,122,-15,15
57584,141,135,6,6
57585,61,66,-5,5
57586,119,123,-4,4
57587,135,137,-2,2
57588,185,163,22,22
57589,46,52,-6,6
57590,89,88,1,1
57591,134,132,2,2
57592,102,101,1,1
57593,138,139,-1,1
57594,104,97,7,7
57595,176,167,9,9
57596,112,111,1,1
57597,135,131,4,4
57598,119,118,1,1
57599,82,74,8,8
57600,99,105,-6,6
57601,119,114,5,5
57602,98,111,-13,13
57603,96,104,-8,8
57604,90,100,-10,10
57605,81,73,8,8
57606,65,67,-2,2
57607,120,116,4,4
57608,90,87,3,3
57609,80,86,-6,6
57610,81,88,-7,7
57611,78,99,-21,21
57612,82,77,5,5
57613,155,135,20,20
57614,77,73,4,4
57615,116,119,-3,3
57616,78,80,-2,2
57617,69,68,1,1
57618,64,68,-4,4
57619,88,86,2,2
57620,56,60,-4,4
57621,62,68,-6,6
57622,49,59,-10,10
57623,120,110,10,10
57624,154,149,5,5
57625,86,88,-2,2
57626,61,69,-8,8
57627,66,65,1,1
57628,145,127,18,18
57629,83,89,-6,6
57630,136,130,6,6
57631,88,101,-13,13
57632,71,85,-14,14
57633,93,88,5,5
57634,97,92,5,5
57635,94,87,7,7
57636,97,104,-7,7
57637,57,67,-10,10
57638,142,138,4,4
57639,119,116,3,3
57640,87,97,-10,10
57641,131,140,-9,9
57642,119,125,-6,6
57643,76,73,3,3
57644,55,53,2,2
57645,106,104,2,2
57646,70,75,-5,5
57647,103,105,-2,2
57648,96,84,12,12
57649,150,148,2,2
57650,128,133,-5,5
57651,38,41,-3,3
57652,65,79,-14,14
57653,79,77,2,2
57654,96,88,8,8
57655,88,84,4,4
57656,185,201,-16,16
57657,81,77,4,4
57658,151,140,11,11
57659,94,97,-3,3
57660,72,76,-4,4
57661,110,109,1,1
57662,109,105,4,4
57663,80,75,5,5
57664,68,74,-6,6
57665,111,102,9,9
57666,67,73,-6,6
57667,95,91,4,4
57668,114,119,-5,5
57669,51,55,-4,4
57670,111,111,0,0
57671,118,109,9,9
57672,157,137,20,20
57673,82,87,-5,5
57674,119,99,20,20
57675,73,74,-1,1
57676,88,82,6,6
57677,46,47,-1,1
57678,61,64,-3,3
57679,81,85,-4,4
57680,117,115,2,2
57681,87,85,2,2
57682,71,66,5,5
57683,70,67,3,3
57684,98,113,-15,15
57685,89,90,-1,1
57686,100,96,4,4
57687,124,115,9,9
57688,166,157,9,9
57689,90,87,3,3
57690,43,46,-3,3
57691,175,160,15,15
57692,104,111,-7,7
57693,180,176,4,4
57694,57,58,-1,1
57695,36,48,-12,12
57696,144,154,-10,10
57697,136,131,5,5
57698,56,59,-3,3
57699,93,101,-8,8
57700,91,90,1,1
57701,98,100,-2,2
57702,82,68,14,14
57703,101,114,-13,13
57704,113,113,0,0
57705,53,61,-8,8
57706,55,58,-3,3
57707,120,113,7,7
57708,105,103,2,2
57709,71,76,-5,5
57710,78,77,1,1
57711,165,164,1,1
57712,82,87,-5,5
57713,126,119,7,7
57714,114,111,3,3
57715,143,134,9,9
57716,118,117,1,1
57717,94,101,-7,7
57718,41,44,-3,3
57719,67,67,0,0
57720,83,81,2,2
57721,119,106,13,13
57722,62,65,-3,3
57723,55,53,2,2
57724,95,100,-5,5
57725,91,98,-7,7
57726,68,70,-2,2
57727,144,149,-5,5
57728,64,66,-2,2
57729,43,61,-18,18
57730,81,87,-6,6
57731,94,83,11,11
57732,77,78,-1,1
57733,167,173,-6,6
57734,51,61,-10,10
57735,117,107,10,10
57736,93,98,-5,5
57737,71,74,-3,3
57738,64,70,-6,6
57739,168,159,9,9
57740,98,101,-3,3
57741,38,40,-2,2
57742,124,116,8,8
57743,104,116,-12,12
57744,45,44,1,1
57745,36,42,-6,6
57746,82,82,0,0
57747,120,114,6,6
57748,108,118,-10,10
57749,43,47,-4,4
57750,85,81,4,4
57751,146,139,7,7
57752,82,103,-21,21
57753,115,109,6,6
57754,98,88,10,10
57755,87,82,5,5
57756,124,129,-5,5
57757,86,85,1,1
57758,92,111,-19,19
57759,109,98,11,11
57760,125,122,3,3
57761,140,147,-7,7
57762,84,103,-19,19
57763,66,70,-4,4
57764,131,121,10,10
57765,81,75,6,6
57766,88,84,4,4
57767,143,155,-12,12
57768,74,80,-6,6
57769,118,127,-9,9
57770,56,63,-7,7
57771,61,59,2,2
57772,112,119,-7,7
57773,119,112,7,7
57774,102,98,4,4
57775,101,124,-23,23
57776,71,70,1,1
57777,118,118,0,0
57778,119,134,-15,15
57779,83,87,-4,4
57780,133,123,10,10
57781,57,60,-3,3
57782,87,85,2,2
57783,6,22,-16,16
57784,76,88,-12,12
57785,124,118,6,6
57786,28,36,-8,8
57787,65,64,1,1
57788,86,80,6,6
57789,111,117,-6,6
57790,59,67,-8,8
57791,94,98,-4,4
57792,97,114,-17,17
57793,115,118,-3,3
57794,75,79,-4,4
57795,144,138,6,6
57796,86,100,-14,14
57797,74,75,-1,1
57798,102,106,-4,4
57799,79,78,1,1
57800,99,100,-1,1
57801,140,153,-13,13
57802,101,105,-4,4
57803,156,143,13,13
57804,92,88,4,4
57805,70,71,-1,1
57806,59,75,-16,16
57807,116,112,4,4
57808,138,137,1,1
57809,136,140,-4,4
57810,61,62,-1,1
57811,53,57,-4,4
57812,79,72,7,7
57813,90,85,5,5
57814,127,123,4,4
57815,177,151,26,26
57816,110,118,-8,8
57817,129,121,8,8
57818,106,128,-22,22
57819,74,78,-4,4
57820,154,156,-2,2
57821,129,131,-2,2
57822,73,73,0,0
57823,77,84,-7,7
57824,84,91,-7,7
57825,103,100,3,3
57826,90,123,-33,33
57827,109,109,0,0
57828,68,66,2,2
57829,72,67,5,5
57830,105,118,-13,13
57831,65,67,-2,2
57832,95,89,6,6
57833,133,134,-1,1
57834,103,94,9,9
57835,107,113,-6,6
57836,79,77,2,2
57837,116,110,6,6
57838,91,86,5,5
57839,72,84,-12,12
57840,66,84,-18,18
57841,147,136,11,11
57842,90,102,-12,12
57843,192,209,-17,17
57844,98,111,-13,13
57845,105,103,2,2
57846,44,48,-4,4
57847,102,90,12,12
57848,82,90,-8,8
57849,107,108,-1,1
57850,102,103,-1,1
57851,135,125,10,10
57852,157,147,10,10
57853,61,58,3,3
57854,155,146,9,9
57855,121,131,-10,10
57856,77,75,2,2
57857,142,139,3,3
57858,95,88,7,7
57859,104,103,1,1
57860,77,78,-1,1
57861,135,131,4,4
57862,101,103,-2,2
57863,65,61,4,4
57864,108,107,1,1
57865,46,53,-7,7
57866,196,191,5,5
57867,83,85,-2,2
57868,92,83,9,9
57869,66,60,6,6
57870,87,83,4,4
57871,76,76,0,0
57872,24,42,-18,18
57873,94,107,-13,13
57874,85,74,11,11
57875,147,191,-44,44
57876,104,116,-12,12
57877,97,97,0,0
57878,159,146,13,13
57879,103,102,1,1
57880,114,119,-5,5
57881,133,135,-2,2
57882,66,68,-2,2
57883,101,107,-6,6
57884,71,70,1,1
57885,85,85,0,0
57886,87,74,13,13
57887,116,99,17,17
57888,88,81,7,7
57889,64,63,1,1
57890,48,51,-3,3
57891,55,60,-5,5
57892,61,89,-28,28
57893,86,100,-14,14
57894,56,55,1,1
57895,58,53,5,5
57896,77,79,-2,2
57897,70,76,-6,6
57898,78,84,-6,6
57899,136,129,7,7
57900,69,72,-3,3
57901,68,64,4,4
57902,102,102,0,0
57903,67,67,0,0
57904,82,78,4,4
57905,54,52,2,2
57906,70,77,-7,7
57907,83,79,4,4
57908,129,120,9,9
57909,43,46,-3,3
57910,46,59,-13,13
57911,119,120,-1,1
57912,50,52,-2,2
57913,76,78,-2,2
57914,168,159,9,9
57915,83,80,3,3
57916,116,107,9,9
57917,121,135,-14,14
57918,96,107,-11,11
57919,126,132,-6,6
57920,86,89,-3,3
57921,85,78,7,7
57922,93,81,12,12
57923,52,59,-7,7
57924,129,127,2,2
57925,87,84,3,3
57926,38,48,-10,10
57927,61,77,-16,16
57928,77,78,-1,1
57929,73,70,3,3
57930,143,151,-8,8
57931,59,65,-6,6
57932,57,62,-5,5
57933,64,67,-3,3
57934,140,135,5,5
57935,109,116,-7,7
57936,91,89,2,2
57937,64,67,-3,3
57938,105,92,13,13
57939,121,111,10,10
57940,65,63,2,2
57941,80,84,-4,4
57942,75,75,0,0
57943,90,84,6,6
57944,93,101,-8,8
57945,60,66,-6,6
57946,75,79,-4,4
57947,97,103,-6,6
57948,130,125,5,5
57949,111,107,4,4
57950,82,75,7,7
57951,102,102,0,0
57952,72,70,2,2
57953,180,187,-7,7
57954,71,83,-12,12
57955,92,91,1,1
57956,109,108,1,1
57957,113,110,3,3
57958,117,109,8,8
57959,105,107,-2,2
57960,85,81,4,4
57961,75,67,8,8
57962,77,77,0,0
57963,79,80,-1,1
57964,106,104,2,2
57965,52,64,-12,12
57966,107,83,24,24
57967,89,95,-6,6
57968,150,145,5,5
57969,84,83,1,1
57970,78,82,-4,4
57971,124,116,8,8
57972,58,63,-5,5
57973,110,112,-2,2
57974,108,112,-4,4
57975,95,108,-13,13
57976,139,127,12,12
57977,92,91,1,1
57978,63,72,-9,9
57979,81,84,-3,3
57980,103,92,11,11
57981,75,74,1,1
57982,75,89,-14,14
57983,125,122,3,3
57984,98,107,-9,9
57985,101,103,-2,2
57986,73,82,-9,9
57987,95,92,3,3
57988,120,113,7,7
57989,90,107,-17,17
57990,178,160,18,18
57991,111,118,-7,7
57992,90,90,0,0
57993,91,78,13,13
57994,92,81,11,11
57995,77,76,1,1
57996,87,84,3,3
57997,121,119,2,2
57998,99,87,12,12
57999,119,128,-9,9
58000,85,95,-10,10
58001,102,105,-3,3
58002,102,100,2,2
58003,68,63,5,5
58004,159,140,19,19
58005,91,77,14,14
58006,85,88,-3,3
58007,77,84,-7,7
58008,136,134,2,2
58009,182,171,11,11
58010,101,103,-2,2
58011,63,59,4,4
58012,89,106,-17,17
58013,78,79,-1,1
58014,104,103,1,1
58015,113,112,1,1
58016,88,89,-1,1
58017,87,85,2,2
58018,182,168,14,14
58019,97,98,-1,1
58020,123,123,0,0
58021,93,122,-29,29
58022,77,64,13,13
58023,87,85,2,2
58024,71,75,-4,4
58025,60,60,0,0
58026,95,104,-9,9
58027,92,84,8,8
58028,78,76,2,2
58029,84,89,-5,5
58030,153,145,8,8
58031,140,146,-6,6
58032,99,84,15,15
58033,57,56,1,1
58034,83,89,-6,6
58035,79,76,3,3
58036,87,90,-3,3
58037,85,107,-22,22
58038,80,82,-2,2
58039,69,75,-6,6
58040,68,73,-5,5
58041,94,102,-8,8
58042,79,85,-6,6
58043,115,114,1,1
58044,59,64,-5,5
58045,183,190,-7,7
58046,64,67,-3,3
58047,109,103,6,6
58048,54,53,1,1
58049,62,62,0,0
58050,69,82,-13,13
58051,62,59,3,3
58052,71,74,-3,3
58053,140,134,6,6
58054,73,72,1,1
58055,124,125,-1,1
58056,86,91,-5,5
58057,142,151,-9,9
58058,170,166,4,4
58059,69,68,1,1
58060,124,128,-4,4
58061,123,130,-7,7
58062,104,87,17,17
58063,65,72,-7,7
58064,110,112,-2,2
58065,80,75,5,5
58066,66,70,-4,4
58067,96,92,4,4
58068,116,123,-7,7
58069,74,73,1,1
58070,59,58,1,1
58071,64,59,5,5
58072,115,119,-4,4
58073,89,84,5,5
58074,136,125,11,11
58075,51,52,-1,1
58076,73,71,2,2
58077,68,77,-9,9
58078,116,115,1,1
58079,135,140,-5,5
58080,29,37,-8,8
58081,96,85,11,11
58082,38,59,-21,21
58083,170,169,1,1
58084,125,124,1,1
58085,160,146,14,14
58086,108,118,-10,10
58087,144,142,2,2
58088,70,64,6,6
58089,100,100,0,0
58090,62,63,-1,1
58091,129,127,2,2
58092,99,92,7,7
58093,93,103,-10,10
58094,108,99,9,9
58095,59,57,2,2
58096,43,46,-3,3
58097,119,108,11,11
58098,71,65,6,6
58099,147,161,-14,14
58100,60,64,-4,4
58101,79,89,-10,10
58102,64,71,-7,7
58103,73,74,-1,1
58104,105,108,-3,3
58105,80,79,1,1
58106,79,83,-4,4
58107,90,88,2,2
58108,89,80,9,9
58109,73,71,2,2
58110,113,118,-5,5
58111,78,87,-9,9
58112,63,81,-18,18
58113,142,135,7,7
58114,145,160,-15,15
58115,95,100,-5,5
58116,101,102,-1,1
58117,126,114,12,12
58118,154,142,12,12
58119,184,156,28,28
58120,116,121,-5,5
58121,84,86,-2,2
58122,129,130,-1,1
58123,74,74,0,0
58124,97,94,3,3
58125,88,111,-23,23
58126,102,109,-7,7
58127,69,72,-3,3
58128,73,80,-7,7
58129,77,69,8,8
58130,98,101,-3,3
58131,78,83,-5,5
58132,108,93,15,15
58133,78,79,-1,1
58134,86,99,-13,13
58135,70,66,4,4
58136,70,74,-4,4
58137,78,77,1,1
58138,81,78,3,3
58139,55,63,-8,8
58140,37,48,-11,11
58141,80,80,0,0
58142,68,69,-1,1
58143,130,133,-3,3
58144,100,98,2,2
58145,71,77,-6,6
58146,97,96,1,1
58147,147,144,3,3
58148,93,98,-5,5
58149,165,166,-1,1
58150,70,74,-4,4
58151,59,69,-10,10
58152,46,48,-2,2
58153,132,117,15,15
58154,90,77,13,13
58155,208,201,7,7
58156,124,129,-5,5
58157,92,101,-9,9
58158,75,76,-1,1
58159,103,103,0,0
58160,47,53,-6,6
58161,72,64,8,8
58162,65,67,-2,2
58163,107,112,-5,5
58164,131,133,-2,2
58165,67,79,-12,12
58166,119,116,3,3
58167,63,66,-3,3
58168,153,138,15,15
58169,72,76,-4,4
58170,131,146,-15,15
58171,92,87,5,5
58172,70,70,0,0
58173,93,102,-9,9
58174,48,65,-17,17
58175,75,72,3,3
58176,185,180,5,5
58177,90,79,11,11
58178,53,54,-1,1
58179,130,131,-1,1
58180,139,141,-2,2
58181,92,100,-8,8
58182,77,110,-33,33
58183,130,120,10,10
58184,88,80,8,8
58185,68,77,-9,9
58186,144,125,19,19
58187,73,78,-5,5
58188,136,138,-2,2
58189,115,112,3,3
58190,79,83,-4,4
58191,97,99,-2,2
58192,70,69,1,1
58193,76,81,-5,5
58194,110,108,2,2
58195,103,117,-14,14
58196,106,107,-1,1
58197,82,83,-1,1
58198,82,87,-5,5
58199,64,66,-2,2
58200,108,110,-2,2
58201,162,155,7,7
58202,64,70,-6,6
58203,42,48,-6,6
58204,128,129,-1,1
58205,93,86,7,7
58206,83,79,4,4
58207,75,70,5,5
58208,113,108,5,5
58209,131,124,7,7
58210,70,64,6,6
58211,82,84,-2,2
58212,53,57,-4,4
58213,92,93,-1,1
58214,123,115,8,8
58215,132,124,8,8
58216,71,72,-1,1
58217,83,84,-1,1
58218,52,53,-1,1
58219,102,103,-1,1
58220,51,59,-8,8
58221,90,83,7,7
58222,121,130,-9,9
58223,125,125,0,0
58224,66,69,-3,3
58225,99,110,-11,11
58226,71,83,-12,12
58227,103,103,0,0
58228,87,90,-3,3
58229,130,131,-1,1
58230,74,74,0,0
58231,171,159,12,12
58232,146,127,19,19
58233,81,79,2,2
58234,72,66,6,6
58235,81,98,-17,17
58236,58,67,-9,9
58237,111,108,3,3
58238,148,148,0,0
58239,76,74,2,2
58240,78,72,6,6
58241,91,100,-9,9
58242,91,97,-6,6
58243,70,75,-5,5
58244,155,138,17,17
58245,89,95,-6,6
58246,55,51,4,4
58247,97,83,14,14
58248,71,73,-2,2
58249,134,139,-5,5
58250,85,77,8,8
58251,76,75,1,1
58252,98,112,-14,14
58253,51,59,-8,8
58254,111,107,4,4
58255,59,65,-6,6
58256,112,112,0,0
58257,43,44,-1,1
58258,122,114,8,8
58259,62,78,-16,16
58260,57,58,-1,1
58261,94,100,-6,6
58262,92,90,2,2
58263,113,121,-8,8
58264,125,118,7,7
58265,98,104,-6,6
58266,58,58,0,0
58267,110,106,4,4
58268,69,75,-6,6
58269,57,68,-11,11
58270,54,53,1,1
58271,69,68,1,1
58272,84,91,-7,7
58273,81,90,-9,9
58274,72,78,-6,6
58275,120,112,8,8
58276,59,66,-7,7
58277,121,113,8,8
58278,54,61,-7,7
58279,62,66,-4,4
58280,83,76,7,7
58281,85,77,8,8
58282,102,108,-6,6
58283,109,99,10,10
58284,128,141,-13,13
58285,128,117,11,11
58286,155,121,34,34
58287,75,79,-4,4
58288,44,40,4,4
58289,106,109,-3,3
58290,122,112,10,10
58291,99,98,1,1
58292,76,78,-2,2
58293,93,89,4,4
58294,59,62,-3,3
58295,115,109,6,6
58296,147,141,6,6
58297,104,110,-6,6
58298,56,62,-6,6
58299,119,116,3,3
58300,92,97,-5,5
58301,55,60,-5,5
58302,70,65,5,5
58303,79,84,-5,5
58304,106,103,3,3
58305,141,130,11,11
58306,142,139,3,3
58307,100,105,-5,5
58308,71,70,1,1
58309,37,38,-1,1
58310,58,59,-1,1
58311,107,115,-8,8
58312,104,104,0,0
58313,125,125,0,0
58314,95,124,-29,29
58315,164,157,7,7
58316,45,58,-13,13
58317,86,82,4,4
58318,101,101,0,0
58319,117,110,7,7
58320,85,103,-18,18
58321,60,62,-2,2
58322,141,150,-9,9
58323,101,106,-5,5
58324,113,104,9,9
58325,108,110,-2,2
58326,86,82,4,4
58327,121,113,8,8
58328,165,183,-18,18
58329,58,56,2,2
58330,165,163,2,2
58331,99,102,-3,3
58332,77,84,-7,7
58333,120,118,2,2
58334,132,121,11,11
58335,138,125,13,13
58336,104,129,-25,25
58337,59,58,1,1
58338,68,65,3,3
58339,76,79,-3,3
58340,81,90,-9,9
58341,126,123,3,3
58342,125,101,24,24
58343,39,38,1,1
58344,103,86,17,17
58345,64,72,-8,8
58346,120,112,8,8
58347,53,59,-6,6
58348,81,74,7,7
58349,128,122,6,6
58350,75,77,-2,2
58351,67,60,7,7
58352,158,142,16,16
58353,77,92,-15,15
58354,140,142,-2,2
58355,75,83,-8,8
58356,114,117,-3,3
58357,82,80,2,2
58358,96,97,-1,1
58359,142,129,13,13
58360,84,100,-16,16
58361,84,66,18,18
58362,69,66,3,3
58363,63,65,-2,2
58364,83,88,-5,5
58365,136,140,-4,4
58366,107,106,1,1
58367,95,101,-6,6
58368,157,141,16,16
58369,89,91,-2,2
58370,85,81,4,4
58371,102,105,-3,3
58372,103,110,-7,7
58373,88,84,4,4
58374,100,101,-1,1
58375,69,66,3,3
58376,84,75,9,9
58377,32,40,-8,8
58378,52,57,-5,5
58379,156,146,10,10
58380,71,64,7,7
58381,114,111,3,3
58382,83,83,0,0
58383,81,82,-1,1
58384,164,145,19,19
58385,109,108,1,1
58386,89,99,-10,10
58387,125,106,19,19
58388,82,75,7,7
58389,73,76,-3,3
58390,117,140,-23,23
58391,69,72,-3,3
58392,98,92,6,6
58393,114,105,9,9
58394,86,87,-1,1
58395,112,104,8,8
58396,96,103,-7,7
58397,113,111,2,2
58398,86,96,-10,10
58399,130,126,4,4
58400,80,79,1,1
58401,134,135,-1,1
58402,158,159,-1,1
58403,59,58,1,1
58404,55,61,-6,6
58405,87,91,-4,4
58406,42,50,-8,8
58407,76,75,1,1
58408,62,61,1,1
58409,119,114,5,5
58410,103,107,-4,4
58411,172,173,-1,1
58412,134,137,-3,3
58413,68,67,1,1
58414,62,59,3,3
58415,57,64,-7,7
58416,147,134,13,13
58417,93,88,5,5
58418,116,113,3,3
58419,161,160,1,1
58420,79,94,-15,15
58421,148,147,1,1
58422,118,117,1,1
58423,46,56,-10,10
58424,130,133,-3,3
58425,163,152,11,11
58426,56,60,-4,4
58427,74,71,3,3
58428,66,75,-9,9
58429,84,74,10,10
58430,76,84,-8,8
58431,88,84,4,4
58432,69,71,-2,2
58433,60,64,-4,4
58434,75,74,1,1
58435,164,154,10,10
58436,71,82,-11,11
58437,125,107,18,18
58438,86,89,-3,3
58439,62,61,1,1
58440,82,81,1,1
58441,55,59,-4,4
58442,58,73,-15,15
58443,52,63,-11,11
58444,107,104,3,3
58445,82,91,-9,9
58446,118,115,3,3
58447,104,102,2,2
58448,65,66,-1,1
58449,148,156,-8,8
58450,104,104,0,0
58451,189,179,10,10
58452,126,129,-3,3
58453,92,82,10,10
58454,122,122,0,0
58455,75,77,-2,2
58456,99,102,-3,3
58457,99,95,4,4
58458,154,154,0,0
58459,89,100,-11,11
58460,145,146,-1,1
58461,81,73,8,8
58462,146,162,-16,16
58463,171,178,-7,7
58464,52,57,-5,5
58465,81,76,5,5
58466,102,101,1,1
58467,137,151,-14,14
58468,43,43,0,0
58469,93,100,-7,7
58470,62,63,-1,1
58471,110,104,6,6
58472,78,72,6,6
58473,112,123,-11,11
58474,64,71,-7,7
58475,52,53,-1,1
58476,51,70,-19,19
58477,71,78,-7,7
58478,62,68,-6,6
58479,54,51,3,3
58480,81,65,16,16
58481,156,137,19,19
58482,76,80,-4,4
58483,74,67,7,7
58484,63,71,-8,8
58485,59,54,5,5
58486,45,46,-1,1
58487,127,108,19,19
58488,110,102,8,8
58489,68,68,0,0
58490,89,89,0,0
58491,64,65,-1,1
58492,116,123,-7,7
58493,68,76,-8,8
58494,211,215,-4,4
58495,93,86,7,7
58496,79,78,1,1
58497,84,85,-1,1
58498,73,72,1,1
58499,82,77,5,5
58500,80,98,-18,18
58501,75,77,-2,2
58502,83,86,-3,3
58503,123,120,3,3
58504,52,53,-1,1
58505,133,123,10,10
58506,90,88,2,2
58507,70,69,1,1
58508,74,81,-7,7
58509,84,87,-3,3
58510,90,98,-8,8
58511,92,99,-7,7
58512,55,61,-6,6
58513,62,69,-7,7
58514,120,121,-1,1
58515,84,85,-1,1
58516,83,77,6,6
58517,95,116,-21,21
58518,79,75,4,4
58519,89,92,-3,3
58520,149,146,3,3
58521,81,116,-35,35
58522,91,98,-7,7
58523,87,77,10,10
58524,76,77,-1,1
58525,45,51,-6,6
58526,226,223,3,3
58527,125,124,1,1
58528,148,163,-15,15
58529,60,61,-1,1
58530,134,134,0,0
58531,165,156,9,9
58532,129,122,7,7
58533,65,64,1,1
58534,89,87,2,2
58535,95,99,-4,4
58536,83,83,0,0
58537,79,74,5,5
58538,111,108,3,3
58539,83,78,5,5
58540,121,120,1,1
58541,97,101,-4,4
58542,114,116,-2,2
58543,55,54,1,1
58544,118,115,3,3
58545,95,88,7,7
58546,80,79,1,1
58547,112,117,-5,5
58548,127,122,5,5
58549,140,133,7,7
58550,100,169,-69,69
58551,50,55,-5,5
58552,130,129,1,1
58553,77,76,1,1
58554,86,99,-13,13
58555,117,105,12,12
58556,163,159,4,4
58557,78,78,0,0
58558,118,115,3,3
58559,110,118,-8,8
58560,93,87,6,6
58561,76,90,-14,14
58562,71,62,9,9
58563,85,86,-1,1
58564,39,42,-3,3
58565,77,83,-6,6
58566,57,59,-2,2
58567,68,71,-3,3
58568,74,73,1,1
58569,80,76,4,4
58570,86,90,-4,4
58571,55,57,-2,2
58572,129,110,19,19
58573,181,186,-5,5
58574,71,71,0,0
58575,106,130,-24,24
58576,43,51,-8,8
58577,157,155,2,2
58578,68,67,1,1
58579,134,129,5,5
58580,137,144,-7,7
58581,71,73,-2,2
58582,48,48,0,0
58583,45,50,-5,5
58584,75,77,-2,2
58585,67,80,-13,13
58586,108,102,6,6
58587,81,80,1,1
58588,94,99,-5,5
58589,229,224,5,5
58590,58,65,-7,7
58591,75,77,-2,2
58592,97,116,-19,19
58593,142,142,0,0
58594,196,163,33,33
58595,78,79,-1,1
58596,101,114,-13,13
58597,100,98,2,2
58598,82,72,10,10
58599,100,104,-4,4
58600,81,86,-5,5
58601,81,88,-7,7
58602,106,114,-8,8
58603,74,67,7,7
58604,77,88,-11,11
58605,124,123,1,1
58606,35,39,-4,4
58607,76,85,-9,9
58608,106,106,0,0
58609,83,90,-7,7
58610,82,83,-1,1
58611,77,80,-3,3
58612,113,113,0,0
58613,86,82,4,4
58614,115,113,2,2
58615,98,99,-1,1
58616,69,78,-9,9
58617,90,100,-10,10
58618,99,92,7,7
58619,59,68,-9,9
58620,109,103,6,6
58621,72,77,-5,5
58622,130,125,5,5
58623,118,120,-2,2
58624,113,113,0,0
58625,98,101,-3,3
58626,102,97,5,5
58627,142,127,15,15
58628,95,104,-9,9
58629,89,92,-3,3
58630,45,62,-17,17
58631,35,38,-3,3
58632,54,58,-4,4
58633,102,88,14,14
58634,27,30,-3,3
58635,66,67,-1,1
58636,35,48,-13,13
58637,115,109,6,6
58638,148,144,4,4
58639,98,91,7,7
58640,115,116,-1,1
58641,79,88,-9,9
58642,84,85,-1,1
58643,147,146,1,1
58644,79,75,4,4
58645,62,62,0,0
58646,95,86,9,9
58647,71,73,-2,2
58648,66,69,-3,3
58649,84,86,-2,2
58650,142,134,8,8
58651,142,127,15,15
58652,91,90,1,1
58653,102,102,0,0
58654,105,137,-32,32
58655,66,65,1,1
58656,83,88,-5,5
58657,63,65,-2,2
58658,66,72,-6,6
58659,109,127,-18,18
58660,71,79,-8,8
58661,92,90,2,2
58662,139,150,-11,11
58663,117,121,-4,4
58664,120,121,-1,1
58665,94,115,-21,21
58666,99,99,0,0
58667,58,59,-1,1
58668,129,131,-2,2
58669,66,73,-7,7
58670,126,108,18,18
58671,111,119,-8,8
58672,54,56,-2,2
58673,153,130,23,23
58674,82,82,0,0
58675,56,60,-4,4
58676,59,63,-4,4
58677,146,133,13,13
58678,64,67,-3,3
58679,56,55,1,1
58680,60,64,-4,4
58681,21,52,-31,31
58682,132,136,-4,4
58683,85,86,-1,1
58684,113,111,2,2
58685,81,80,1,1
58686,110,113,-3,3
58687,98,99,-1,1
58688,86,94,-8,8
58689,102,102,0,0
58690,129,145,-16,16
58691,89,83,6,6
58692,121,126,-5,5
58693,104,103,1,1
58694,63,73,-10,10
58695,138,136,2,2
58696,119,137,-18,18
58697,92,89,3,3
58698,113,109,4,4
58699,97,98,-1,1
58700,162,152,10,10
58701,41,48,-7,7
58702,112,116,-4,4
58703,124,121,3,3
58704,76,76,0,0
58705,116,122,-6,6
58706,86,83,3,3
58707,69,65,4,4
58708,99,110,-11,11
58709,65,70,-5,5
58710,70,82,-12,12
58711,111,100,11,11
58712,79,76,3,3
58713,92,98,-6,6
58714,92,83,9,9
58715,126,127,-1,1
58716,109,107,2,2
58717,65,73,-8,8
58718,79,77,2,2
58719,160,156,4,4
58720,75,80,-5,5
58721,95,90,5,5
58722,97,94,3,3
58723,102,101,1,1
58724,75,70,5,5
58725,119,123,-4,4
58726,31,33,-2,2
58727,137,128,9,9
58728,99,111,-12,12
58729,135,131,4,4
58730,143,145,-2,2
58731,128,126,2,2
58732,135,136,-1,1
58733,56,54,2,2
58734,79,75,4,4
58735,157,140,17,17
58736,103,115,-12,12
58737,147,143,4,4
58738,78,78,0,0
58739,124,119,5,5
58740,57,66,-9,9
58741,63,82,-19,19
58742,79,71,8,8
58743,87,92,-5,5
58744,105,101,4,4
58745,119,114,5,5
58746,41,46,-5,5
58747,62,70,-8,8
58748,148,154,-6,6
58749,113,111,2,2
58750,236,222,14,14
58751,49,55,-6,6
58752,78,84,-6,6
58753,105,108,-3,3
58754,136,132,4,4
58755,93,99,-6,6
58756,55,61,-6,6
58757,87,90,-3,3
58758,67,76,-9,9
58759,113,106,7,7
58760,52,58,-6,6
58761,102,129,-27,27
58762,149,131,18,18
58763,65,76,-11,11
58764,106,101,5,5
58765,88,85,3,3
58766,175,157,18,18
58767,116,122,-6,6
58768,128,129,-1,1
58769,86,88,-2,2
58770,154,136,18,18
58771,93,91,2,2
58772,65,98,-33,33
58773,119,121,-2,2
58774,81,76,5,5
58775,93,104,-11,11
58776,77,83,-6,6
58777,144,122,22,22
58778,105,108,-3,3
58779,111,91,20,20
58780,143,129,14,14
58781,96,92,4,4
58782,86,101,-15,15
58783,78,75,3,3
58784,136,133,3,3
58785,82,80,2,2
58786,91,89,2,2
58787,83,88,-5,5
58788,106,112,-6,6
58789,94,100,-6,6
58790,99,104,-5,5
58791,78,74,4,4
58792,154,146,8,8
58793,77,64,13,13
58794,184,176,8,8
58795,192,182,10,10
58796,77,75,2,2
58797,105,111,-6,6
58798,62,70,-8,8
58799,103,102,1,1
58800,59,62,-3,3
58801,77,69,8,8
58802,155,158,-3,3
58803,90,85,5,5
58804,98,121,-23,23
58805,93,95,-2,2
58806,132,132,0,0
58807,115,117,-2,2
58808,67,66,1,1
58809,198,196,2,2
58810,90,87,3,3
58811,114,112,2,2
58812,108,109,-1,1
58813,77,82,-5,5
58814,114,124,-10,10
58815,126,139,-13,13
58816,86,84,2,2
58817,67,70,-3,3
58818,108,108,0,0
58819,92,93,-1,1
58820,123,125,-2,2
58821,96,103,-7,7
58822,64,64,0,0
58823,166,158,8,8
58824,218,221,-3,3
58825,89,97,-8,8
58826,76,77,-1,1
58827,69,69,0,0
58828,122,124,-2,2
58829,115,119,-4,4
58830,87,108,-21,21
58831,119,116,3,3
58832,95,90,5,5
58833,82,82,0,0
58834,57,63,-6,6
58835,100,108,-8,8
58836,86,77,9,9
58837,101,97,4,4
58838,65,57,8,8
58839,106,107,-1,1
58840,75,73,2,2
58841,142,130,12,12
58842,81,76,5,5
58843,77,81,-4,4
58844,59,58,1,1
58845,130,121,9,9
58846,100,88,12,12
58847,92,99,-7,7
58848,55,58,-3,3
58849,101,129,-28,28
58850,66,65,1,1
58851,108,99,9,9
58852,83,84,-1,1
58853,69,67,2,2
58854,140,130,10,10
58855,87,82,5,5
58856,96,100,-4,4
58857,167,144,23,23
58858,72,72,0,0
58859,88,90,-2,2
58860,124,119,5,5
58861,91,97,-6,6
58862,51,51,0,0
58863,87,71,16,16
58864,92,98,-6,6
58865,58,62,-4,4
58866,45,48,-3,3
58867,95,88,7,7
58868,134,124,10,10
58869,91,90,1,1
58870,121,115,6,6
58871,51,47,4,4
58872,58,57,1,1
58873,48,52,-4,4
58874,75,79,-4,4
58875,46,54,-8,8
58876,56,62,-6,6
58877,87,83,4,4
58878,47,66,-19,19
58879,88,90,-2,2
58880,112,108,4,4
58881,56,62,-6,6
58882,104,107,-3,3
58883,61,59,2,2
58884,96,100,-4,4
58885,113,108,5,5
58886,66,63,3,3
58887,153,158,-5,5
58888,115,121,-6,6
58889,100,105,-5,5
58890,73,71,2,2
58891,89,74,15,15
58892,101,114,-13,13
58893,82,91,-9,9
58894,89,101,-12,12
58895,94,102,-8,8
58896,93,86,7,7
58897,113,114,-1,1
58898,129,127,2,2
58899,68,65,3,3
58900,68,63,5,5
58901,94,91,3,3
58902,157,150,7,7
58903,99,100,-1,1
58904,54,63,-9,9
58905,123,116,7,7
58906,94,81,13,13
58907,183,185,-2,2
58908,74,69,5,5
58909,59,58,1,1
58910,173,158,15,15
58911,122,117,5,5
58912,75,75,0,0
58913,77,81,-4,4
58914,63,66,-3,3
58915,90,100,-10,10
58916,56,66,-10,10
58917,82,82,0,0
58918,86,103,-17,17
58919,149,148,1,1
58920,108,105,3,3
58921,73,72,1,1
58922,67,72,-5,5
58923,93,98,-5,5
58924,55,55,0,0
58925,108,115,-7,7
58926,118,112,6,6
58927,30,36,-6,6
58928,70,52,18,18
58929,94,99,-5,5
58930,84,79,5,5
58931,77,73,4,4
58932,64,62,2,2
58933,103,104,-1,1
58934,93,119,-26,26
58935,91,86,5,5
58936,65,69,-4,4
58937,108,103,5,5
58938,117,108,9,9
58939,45,47,-2,2
58940,113,120,-7,7
58941,70,66,4,4
58942,75,99,-24,24
58943,79,81,-2,2
58944,59,59,0,0
58945,59,57,2,2
58946,42,53,-11,11
58947,96,85,11,11
58948,109,105,4,4
58949,95,104,-9,9
58950,126,124,2,2
58951,89,98,-9,9
58952,99,103,-4,4
58953,145,146,-1,1
58954,108,104,4,4
58955,84,84,0,0
58956,82,89,-7,7
58957,171,167,4,4
58958,103,98,5,5
58959,118,112,6,6
58960,180,163,17,17
58961,61,65,-4,4
58962,163,147,16,16
58963,135,150,-15,15
58964,152,139,13,13
58965,109,94,15,15
58966,61,68,-7,7
58967,108,110,-2,2
58968,181,188,-7,7
58969,104,111,-7,7
58970,105,103,2,2
58971,68,73,-5,5
58972,116,144,-28,28
58973,144,137,7,7
58974,85,77,8,8
58975,141,150,-9,9
58976,152,156,-4,4
58977,114,118,-4,4
58978,143,136,7,7
58979,155,152,3,3
58980,191,177,14,14
58981,102,100,2,2
58982,77,74,3,3
58983,97,105,-8,8
58984,85,96,-11,11
58985,82,73,9,9
58986,83,76,7,7
58987,64,66,-2,2
58988,135,135,0,0
58989,86,78,8,8
58990,59,56,3,3
58991,71,63,8,8
58992,65,53,12,12
58993,134,130,4,4
58994,85,88,-3,3
58995,159,155,4,4
58996,145,150,-5,5
58997,66,70,-4,4
58998,71,76,-5,5
58999,154,134,20,20
59000,159,173,-14,14
59001,50,56,-6,6
59002,95,105,-10,10
59003,81,79,2,2
59004,128,116,12,12
59005,79,79,0,0
59006,93,104,-11,11
59007,156,158,-2,2
59008,107,104,3,3
59009,48,50,-2,2
59010,49,55,-6,6
59011,52,111,-59,59
59012,43,50,-7,7
59013,166,159,7,7
59014,59,59,0,0
59015,97,88,9,9
59016,143,153,-10,10
59017,107,118,-11,11
59018,122,121,1,1
59019,77,72,5,5
59020,77,80,-3,3
59021,52,54,-2,2
59022,70,67,3,3
59023,93,91,2,2
59024,93,109,-16,16
59025,110,117,-7,7
59026,53,58,-5,5
59027,67,66,1,1
59028,185,177,8,8
59029,90,79,11,11
59030,107,107,0,0
59031,148,158,-10,10
59032,119,122,-3,3
59033,95,107,-12,12
59034,112,99,13,13
59035,171,184,-13,13
59036,110,95,15,15
59037,76,84,-8,8
59038,99,99,0,0
59039,94,103,-9,9
59040,107,116,-9,9
59041,73,73,0,0
59042,133,119,14,14
59043,70,79,-9,9
59044,80,67,13,13
59045,149,141,8,8
59046,78,57,21,21
59047,95,98,-3,3
59048,79,86,-7,7
59049,42,53,-11,11
59050,73,73,0,0
59051,346,273,73,73
59052,70,54,16,16
59053,75,77,-2,2
59054,144,146,-2,2
59055,63,65,-2,2
59056,80,80,0,0
59057,124,113,11,11
59058,69,69,0,0
59059,99,100,-1,1
59060,140,117,23,23
59061,117,115,2,2
59062,58,56,2,2
59063,84,87,-3,3
59064,47,49,-2,2
59065,86,83,3,3
59066,52,58,-6,6
59067,77,83,-6,6
59068,69,70,-1,1
59069,107,103,4,4
59070,118,107,11,11
59071,81,92,-11,11
59072,109,104,5,5
59073,97,108,-11,11
59074,85,84,1,1
59075,81,74,7,7
59076,65,58,7,7
59077,101,117,-16,16
59078,90,99,-9,9
59079,68,76,-8,8
59080,59,55,4,4
59081,97,100,-3,3
59082,104,105,-1,1
59083,52,52,0,0
59084,58,63,-5,5
59085,64,72,-8,8
59086,92,91,1,1
59087,179,162,17,17
59088,112,107,5,5
59089,100,112,-12,12
59090,60,60,0,0
59091,102,105,-3,3
59092,111,109,2,2
59093,100,92,8,8
59094,80,76,4,4
59095,89,85,4,4
59096,124,131,-7,7
59097,70,71,-1,1
59098,85,93,-8,8
59099,79,85,-6,6
59100,74,75,-1,1
59101,66,64,2,2
59102,75,79,-4,4
59103,83,81,2,2
59104,65,69,-4,4
59105,119,118,1,1
59106,102,101,1,1
59107,81,85,-4,4
59108,77,80,-3,3
59109,81,80,1,1
59110,94,101,-7,7
59111,103,107,-4,4
59112,104,104,0,0
59113,118,107,11,11
59114,90,80,10,10
59115,71,73,-2,2
59116,114,108,6,6
59117,120,100,20,20
59118,85,80,5,5
59119,79,83,-4,4
59120,49,55,-6,6
59121,74,71,3,3
59122,99,101,-2,2
59123,106,117,-11,11
59124,89,91,-2,2
59125,21,39,-18,18
59126,114,117,-3,3
59127,90,99,-9,9
59128,129,123,6,6
59129,64,65,-1,1
59130,44,48,-4,4
59131,150,138,12,12
59132,136,134,2,2
59133,119,127,-8,8
59134,68,76,-8,8
59135,87,98,-11,11
59136,66,74,-8,8
59137,103,104,-1,1
59138,117,120,-3,3
59139,111,97,14,14
59140,112,93,19,19
59141,101,99,2,2
59142,143,146,-3,3
59143,81,82,-1,1
59144,180,160,20,20
59145,61,64,-3,3
59146,131,128,3,3
59147,70,75,-5,5
59148,107,112,-5,5
59149,135,125,10,10
59150,92,87,5,5
59151,81,79,2,2
59152,108,107,1,1
59153,90,87,3,3
59154,86,75,11,11
59155,127,117,10,10
59156,47,51,-4,4
59157,130,129,1,1
59158,84,92,-8,8
59159,79,80,-1,1
59160,91,91,0,0
59161,120,109,11,11
59162,80,79,1,1
59163,59,61,-2,2
59164,81,91,-10,10
59165,143,147,-4,4
59166,117,102,15,15
59167,143,140,3,3
59168,154,128,26,26
59169,57,64,-7,7
59170,69,68,1,1
59171,44,48,-4,4
59172,84,94,-10,10
59173,96,91,5,5
59174,80,79,1,1
59175,61,81,-20,20
59176,64,77,-13,13
59177,67,67,0,0
59178,108,105,3,3
59179,87,88,-1,1
59180,87,87,0,0
59181,112,100,12,12
59182,147,144,3,3
59183,143,140,3,3
59184,124,118,6,6
59185,160,149,11,11
59186,109,111,-2,2
59187,71,68,3,3
59188,138,133,5,5
59189,76,76,0,0
59190,96,90,6,6
59191,94,93,1,1
59192,44,44,0,0
59193,83,87,-4,4
59194,49,53,-4,4
59195,75,84,-9,9
59196,104,112,-8,8
59197,75,75,0,0
59198,93,91,2,2
59199,96,106,-10,10
59200,81,88,-7,7
59201,80,78,2,2
59202,97,81,16,16
59203,65,72,-7,7
59204,46,55,-9,9
59205,79,80,-1,1
59206,88,89,-1,1
59207,62,75,-13,13
59208,84,75,9,9
59209,70,72,-2,2
59210,129,134,-5,5
59211,104,79,25,25
59212,116,122,-6,6
59213,126,123,3,3
59214,95,102,-7,7
59215,66,67,-1,1
59216,81,79,2,2
59217,133,114,19,19
59218,95,101,-6,6
59219,151,138,13,13
59220,88,90,-2,2
59221,110,112,-2,2
59222,69,61,8,8
59223,106,100,6,6
59224,64,69,-5,5
59225,126,114,12,12
59226,41,48,-7,7
59227,97,99,-2,2
59228,46,67,-21,21
59229,52,67,-15,15
59230,66,58,8,8
59231,81,79,2,2
59232,81,83,-2,2
59233,85,81,4,4
59234,35,41,-6,6
59235,118,113,5,5
59236,94,97,-3,3
59237,92,90,2,2
59238,55,60,-5,5
59239,99,94,5,5
59240,68,72,-4,4
59241,56,59,-3,3
59242,97,106,-9,9
59243,110,117,-7,7
59244,152,142,10,10
59245,40,50,-10,10
59246,52,62,-10,10
59247,169,173,-4,4
59248,160,148,12,12
59249,78,73,5,5
59250,77,89,-12,12
59251,40,46,-6,6
59252,93,117,-24,24
59253,115,109,6,6
59254,108,116,-8,8
59255,69,71,-2,2
59256,126,152,-26,26
59257,133,147,-14,14
59258,116,116,0,0
59259,76,91,-15,15
59260,42,50,-8,8
59261,74,82,-8,8
59262,145,137,8,8
59263,72,69,3,3
59264,103,114,-11,11
59265,67,70,-3,3
59266,139,124,15,15
59267,93,89,4,4
59268,112,109,3,3
59269,176,174,2,2
59270,70,69,1,1
59271,158,129,29,29
59272,71,70,1,1
59273,47,46,1,1
59274,93,84,9,9
59275,57,66,-9,9
59276,75,69,6,6
59277,62,74,-12,12
59278,104,121,-17,17
59279,143,144,-1,1
59280,83,79,4,4
59281,75,72,3,3
59282,92,92,0,0
59283,60,79,-19,19
59284,117,115,2,2
59285,64,68,-4,4
59286,61,63,-2,2
59287,87,77,10,10
59288,175,183,-8,8
59289,58,61,-3,3
59290,77,67,10,10
59291,96,80,16,16
59292,120,123,-3,3
59293,176,168,8,8
59294,132,129,3,3
59295,67,68,-1,1
59296,73,75,-2,2
59297,120,143,-23,23
59298,71,75,-4,4
59299,63,61,2,2
59300,74,68,6,6
59301,35,54,-19,19
59302,129,118,11,11
59303,132,138,-6,6
59304,75,79,-4,4
59305,122,117,5,5
59306,89,87,2,2
59307,90,80,10,10
59308,71,76,-5,5
59309,92,82,10,10
59310,184,167,17,17
59311,59,90,-31,31
59312,90,91,-1,1
59313,100,114,-14,14
59314,83,82,1,1
59315,83,85,-2,2
59316,78,79,-1,1
59317,106,106,0,0
59318,107,113,-6,6
59319,45,50,-5,5
59320,82,86,-4,4
59321,85,93,-8,8
59322,109,90,19,19
59323,70,74,-4,4
59324,70,75,-5,5
59325,109,114,-5,5
59326,62,60,2,2
59327,63,70,-7,7
59328,67,73,-6,6
59329,38,38,0,0
59330,45,47,-2,2
59331,111,106,5,5
59332,99,111,-12,12
59333,52,60,-8,8
59334,93,92,1,1
59335,103,120,-17,17
59336,86,87,-1,1
59337,69,66,3,3
59338,52,77,-25,25
59339,215,179,36,36
59340,90,87,3,3
59341,54,58,-4,4
59342,110,106,4,4
59343,97,88,9,9
59344,150,120,30,30
59345,142,133,9,9
59346,57,74,-17,17
59347,116,112,4,4
59348,177,160,17,17
59349,109,109,0,0
59350,78,79,-1,1
59351,79,82,-3,3
59352,51,55,-4,4
59353,80,85,-5,5
59354,99,111,-12,12
59355,49,51,-2,2
59356,153,155,-2,2
59357,174,170,4,4
59358,100,102,-2,2
59359,147,131,16,16
59360,75,97,-22,22
59361,138,129,9,9
59362,78,74,4,4
59363,77,82,-5,5
59364,93,85,8,8
59365,148,140,8,8
59366,176,159,17,17
59367,74,72,2,2
59368,178,187,-9,9
59369,107,117,-10,10
59370,103,100,3,3
59371,125,123,2,2
59372,119,112,7,7
59373,98,103,-5,5
59374,69,65,4,4
59375,72,70,2,2
59376,81,99,-18,18
59377,54,60,-6,6
59378,110,113,-3,3
59379,84,83,1,1
59380,148,144,4,4
59381,61,55,6,6
59382,94,106,-12,12
59383,79,93,-14,14
59384,77,76,1,1
59385,83,84,-1,1
59386,102,93,9,9
59387,99,100,-1,1
59388,104,101,3,3
59389,128,140,-12,12
59390,73,78,-5,5
59391,85,84,1,1
59392,123,138,-15,15
59393,87,92,-5,5
59394,135,120,15,15
59395,71,70,1,1
59396,81,99,-18,18
59397,64,62,2,2
59398,71,69,2,2
59399,105,106,-1,1
59400,59,58,1,1
59401,140,132,8,8
59402,161,153,8,8
59403,100,94,6,6
59404,89,91,-2,2
59405,64,65,-1,1
59406,154,150,4,4
59407,167,136,31,31
59408,178,167,11,11
59409,88,79,9,9
59410,79,104,-25,25
59411,72,81,-9,9
59412,85,83,2,2
59413,92,90,2,2
59414,71,82,-11,11
59415,60,65,-5,5
59416,66,62,4,4
59417,95,85,10,10
59418,82,80,2,2
59419,82,88,-6,6
59420,91,81,10,10
59421,121,111,10,10
59422,78,78,0,0
59423,148,143,5,5
59424,95,99,-4,4
59425,138,144,-6,6
59426,61,67,-6,6
59427,66,69,-3,3
59428,83,81,2,2
59429,61,68,-7,7
59430,60,59,1,1
59431,56,55,1,1
59432,127,126,1,1
59433,62,62,0,0
59434,133,135,-2,2
59435,79,74,5,5
59436,123,102,21,21
59437,53,56,-3,3
59438,79,80,-1,1
59439,126,115,11,11
59440,117,134,-17,17
59441,136,133,3,3
59442,81,109,-28,28
59443,105,128,-23,23
59444,118,122,-4,4
59445,66,66,0,0
59446,59,54,5,5
59447,129,132,-3,3
59448,93,102,-9,9
59449,87,89,-2,2
59450,45,48,-3,3
59451,64,64,0,0
59452,121,124,-3,3
59453,168,150,18,18
59454,81,75,6,6
59455,99,92,7,7
59456,117,106,11,11
59457,95,86,9,9
59458,66,71,-5,5
59459,122,116,6,6
59460,112,123,-11,11
59461,71,81,-10,10
59462,172,175,-3,3
59463,108,98,10,10
59464,85,84,1,1
59465,130,125,5,5
59466,64,65,-1,1
59467,74,80,-6,6
59468,63,66,-3,3
59469,145,143,2,2
59470,95,100,-5,5
59471,138,141,-3,3
59472,105,103,2,2
59473,51,58,-7,7
59474,109,118,-9,9
59475,91,109,-18,18
59476,70,64,6,6
59477,129,126,3,3
59478,106,90,16,16
59479,82,76,6,6
59480,54,56,-2,2
59481,151,163,-12,12
59482,120,114,6,6
59483,151,148,3,3
59484,96,108,-12,12
59485,62,67,-5,5
59486,165,156,9,9
59487,138,129,9,9
59488,128,131,-3,3
59489,80,71,9,9
59490,94,98,-4,4
59491,86,89,-3,3
59492,130,128,2,2
59493,154,144,10,10
59494,81,79,2,2
59495,152,140,12,12
59496,52,70,-18,18
59497,65,66,-1,1
59498,109,91,18,18
59499,72,71,1,1
59500,103,100,3,3
59501,112,101,11,11
59502,65,74,-9,9
59503,77,87,-10,10
59504,189,191,-2,2
59505,178,168,10,10
59506,48,50,-2,2
59507,145,143,2,2
59508,47,65,-18,18
59509,146,140,6,6
59510,118,120,-2,2
59511,78,82,-4,4
59512,93,102,-9,9
59513,72,72,0,0
59514,86,87,-1,1
59515,118,112,6,6
59516,87,87,0,0
59517,42,50,-8,8
59518,87,99,-12,12
59519,87,92,-5,5
59520,159,157,2,2
59521,96,100,-4,4
59522,50,56,-6,6
59523,76,92,-16,16
59524,111,120,-9,9
59525,140,133,7,7
59526,133,123,10,10
59527,89,101,-12,12
59528,94,92,2,2
59529,60,58,2,2
59530,67,70,-3,3
59531,166,145,21,21
59532,74,77,-3,3
59533,88,90,-2,2
59534,113,110,3,3
59535,114,113,1,1
59536,98,91,7,7
59537,52,60,-8,8
59538,109,109,0,0
59539,51,57,-6,6
59540,92,89,3,3
59541,79,83,-4,4
59542,65,70,-5,5
59543,80,84,-4,4
59544,130,123,7,7
59545,90,103,-13,13
59546,108,100,8,8
59547,84,92,-8,8
59548,160,162,-2,2
59549,53,54,-1,1
59550,62,71,-9,9
59551,65,75,-10,10
59552,65,70,-5,5
59553,61,54,7,7
59554,35,41,-6,6
59555,113,110,3,3
59556,69,75,-6,6
59557,56,56,0,0
59558,103,114,-11,11
59559,76,74,2,2
59560,106,116,-10,10
59561,157,152,5,5
59562,150,147,3,3
59563,79,80,-1,1
59564,94,98,-4,4
59565,59,65,-6,6
59566,135,158,-23,23
59567,91,98,-7,7
59568,129,125,4,4
59569,80,85,-5,5
59570,58,55,3,3
59571,96,82,14,14
59572,160,163,-3,3
59573,80,76,4,4
59574,55,58,-3,3
59575,101,104,-3,3
59576,85,80,5,5
59577,68,71,-3,3
59578,95,112,-17,17
59579,110,109,1,1
59580,75,76,-1,1
59581,73,78,-5,5
59582,90,89,1,1
59583,78,81,-3,3
59584,148,139,9,9
59585,94,98,-4,4
59586,64,67,-3,3
59587,186,169,17,17
59588,40,48,-8,8
59589,74,76,-2,2
59590,140,131,9,9
59591,103,100,3,3
59592,179,149,30,30
59593,209,173,36,36
59594,114,119,-5,5
59595,44,59,-15,15
59596,84,80,4,4
59597,55,58,-3,3
59598,150,142,8,8
59599,64,63,1,1
59600,61,67,-6,6
59601,89,90,-1,1
59602,129,119,10,10
59603,61,65,-4,4
59604,125,109,16,16
59605,129,124,5,5
59606,94,100,-6,6
59607,86,80,6,6
59608,124,128,-4,4
59609,45,60,-15,15
59610,131,120,11,11
59611,89,86,3,3
59612,140,145,-5,5
59613,85,91,-6,6
59614,178,175,3,3
59615,120,112,8,8
59616,135,125,10,10
59617,72,67,5,5
59618,45,44,1,1
59619,63,65,-2,2
59620,62,73,-11,11
59621,87,87,0,0
59622,165,173,-8,8
59623,107,130,-23,23
59624,69,80,-11,11
59625,94,98,-4,4
59626,58,61,-3,3
59627,105,104,1,1
59628,115,117,-2,2
59629,92,86,6,6
59630,80,79,1,1
59631,154,162,-8,8
59632,61,54,7,7
59633,115,116,-1,1
59634,52,54,-2,2
59635,69,69,0,0
59636,58,64,-6,6
59637,92,101,-9,9
59638,56,62,-6,6
59639,94,108,-14,14
59640,70,75,-5,5
59641,126,104,22,22
59642,77,80,-3,3
59643,77,74,3,3
59644,160,160,0,0
59645,69,70,-1,1
59646,73,75,-2,2
59647,72,74,-2,2
59648,72,70,2,2
59649,124,119,5,5
59650,78,76,2,2
59651,81,79,2,2
59652,156,150,6,6
59653,67,61,6,6
59654,118,118,0,0
59655,79,72,7,7
59656,81,77,4,4
59657,87,79,8,8
59658,57,73,-16,16
59659,70,195,-125,125
59660,147,113,34,34
59661,141,134,7,7
59662,42,56,-14,14
59663,89,98,-9,9
59664,94,93,1,1
59665,103,107,-4,4
59666,100,104,-4,4
59667,56,59,-3,3
59668,85,93,-8,8
59669,77,75,2,2
59670,89,87,2,2
59671,125,141,-16,16
59672,41,43,-2,2
59673,135,122,13,13
59674,70,81,-11,11
59675,51,49,2,2
59676,86,94,-8,8
59677,100,103,-3,3
59678,103,109,-6,6
59679,62,65,-3,3
59680,153,135,18,18
59681,173,170,3,3
59682,137,146,-9,9
59683,107,97,10,10
59684,161,147,14,14
59685,139,140,-1,1
59686,62,56,6,6
59687,71,65,6,6
59688,104,128,-24,24
59689,115,113,2,2
59690,144,141,3,3
59691,76,79,-3,3
59692,168,163,5,5
59693,76,74,2,2
59694,78,82,-4,4
59695,94,120,-26,26
59696,92,92,0,0
59697,96,90,6,6
59698,131,123,8,8
59699,93,98,-5,5
59700,93,84,9,9
59701,60,65,-5,5
59702,78,69,9,9
59703,72,81,-9,9
59704,141,112,29,29
59705,116,111,5,5
59706,83,88,-5,5
59707,78,84,-6,6
59708,79,79,0,0
59709,113,117,-4,4
59710,46,55,-9,9
59711,93,102,-9,9
59712,99,90,9,9
59713,103,112,-9,9
59714,98,90,8,8
59715,113,107,6,6
59716,121,136,-15,15
59717,58,63,-5,5
59718,92,92,0,0
59719,89,100,-11,11
59720,99,105,-6,6
59721,89,90,-1,1
59722,79,84,-5,5
59723,138,130,8,8
59724,79,78,1,1
59725,73,78,-5,5
59726,88,84,4,4
59727,73,86,-13,13
59728,95,96,-1,1
59729,104,109,-5,5
59730,77,73,4,4
59731,54,60,-6,6
59732,128,130,-2,2
59733,88,90,-2,2
59734,89,83,6,6
59735,100,108,-8,8
59736,132,133,-1,1
59737,73,80,-7,7
59738,69,72,-3,3
59739,88,80,8,8
59740,127,127,0,0
59741,135,138,-3,3
59742,71,69,2,2
59743,133,131,2,2
59744,98,101,-3,3
59745,96,83,13,13
59746,121,116,5,5
59747,110,103,7,7
59748,63,69,-6,6
59749,149,142,7,7
59750,75,84,-9,9
59751,61,71,-10,10
59752,203,180,23,23
59753,106,109,-3,3
59754,90,88,2,2
59755,111,98,13,13
59756,98,91,7,7
59757,70,86,-16,16
59758,77,72,5,5
59759,65,73,-8,8
59760,110,109,1,1
59761,82,92,-10,10
59762,135,134,1,1
59763,133,133,0,0
59764,93,90,3,3
59765,96,109,-13,13
59766,83,83,0,0
59767,83,84,-1,1
59768,114,106,8,8
59769,169,178,-9,9
59770,83,65,18,18
59771,87,88,-1,1
59772,80,95,-15,15
59773,64,70,-6,6
59774,185,175,10,10
59775,110,100,10,10
59776,109,101,8,8
59777,52,54,-2,2
59778,103,101,2,2
59779,34,43,-9,9
59780,69,118,-49,49
59781,154,145,9,9
59782,149,146,3,3
59783,81,78,3,3
59784,81,83,-2,2
59785,68,69,-1,1
59786,93,83,10,10
59787,57,53,4,4
59788,129,130,-1,1
59789,98,102,-4,4
59790,117,128,-11,11
59791,76,85,-9,9
59792,36,36,0,0
59793,130,125,5,5
59794,81,81,0,0
59795,72,80,-8,8
59796,76,78,-2,2
59797,63,68,-5,5
59798,97,94,3,3
59799,61,62,-1,1
59800,85,87,-2,2
59801,110,133,-23,23
59802,85,81,4,4
59803,77,88,-11,11
59804,127,121,6,6
59805,49,54,-5,5
59806,85,86,-1,1
59807,83,98,-15,15
59808,132,142,-10,10
59809,136,136,0,0
59810,73,67,6,6
59811,71,77,-6,6
59812,79,76,3,3
59813,88,99,-11,11
59814,70,130,-60,60
59815,75,71,4,4
59816,46,41,5,5
59817,101,98,3,3
59818,128,141,-13,13
59819,92,86,6,6
59820,149,124,25,25
59821,122,86,36,36
59822,79,100,-21,21
59823,48,62,-14,14
59824,101,103,-2,2
59825,94,90,4,4
59826,125,122,3,3
59827,91,104,-13,13
59828,78,83,-5,5
59829,121,119,2,2
59830,166,148,18,18
59831,96,99,-3,3
59832,124,142,-18,18
59833,159,151,8,8
59834,66,71,-5,5
59835,82,78,4,4
59836,75,76,-1,1
59837,59,56,3,3
59838,85,85,0,0
59839,99,89,10,10
59840,148,138,10,10
59841,109,101,8,8
59842,81,81,0,0
59843,99,92,7,7
59844,47,46,1,1
59845,78,79,-1,1
59846,85,85,0,0
59847,76,86,-10,10
59848,54,50,4,4
59849,106,111,-5,5
59850,83,79,4,4
59851,66,68,-2,2
59852,47,59,-12,12
59853,60,70,-10,10
59854,109,113,-4,4
59855,122,123,-1,1
59856,92,90,2,2
59857,102,91,11,11
59858,130,138,-8,8
59859,104,103,1,1
59860,106,92,14,14
59861,74,77,-3,3
59862,149,151,-2,2
59863,46,59,-13,13
59864,55,54,1,1
59865,81,79,2,2
59866,86,90,-4,4
59867,159,150,9,9
59868,49,51,-2,2
59869,76,81,-5,5
59870,109,113,-4,4
59871,88,75,13,13
59872,66,70,-4,4
59873,95,93,2,2
59874,123,118,5,5
59875,49,57,-8,8
59876,60,55,5,5
59877,140,139,1,1
59878,72,69,3,3
59879,103,106,-3,3
59880,88,98,-10,10
59881,94,98,-4,4
59882,97,93,4,4
59883,112,111,1,1
59884,37,52,-15,15
59885,70,74,-4,4
59886,217,202,15,15
59887,159,140,19,19
59888,86,86,0,0
59889,116,117,-1,1
59890,76,70,6,6
59891,159,146,13,13
59892,102,101,1,1
59893,72,74,-2,2
59894,102,107,-5,5
59895,94,84,10,10
59896,56,54,2,2
59897,136,143,-7,7
59898,78,76,2,2
59899,75,82,-7,7
59900,138,138,0,0
59901,79,77,2,2
59902,89,94,-5,5
59903,63,72,-9,9
59904,59,59,0,0
59905,127,125,2,2
59906,100,90,10,10
59907,60,63,-3,3
59908,100,99,1,1
59909,108,100,8,8
59910,152,145,7,7
59911,118,119,-1,1
59912,81,84,-3,3
59913,49,49,0,0
59914,90,85,5,5
59915,97,98,-1,1
59916,90,88,2,2
59917,138,131,7,7
59918,116,132,-16,16
59919,86,86,0,0
59920,106,99,7,7
59921,155,144,11,11
59922,100,100,0,0
59923,66,72,-6,6
59924,84,81,3,3
59925,103,107,-4,4
59926,56,65,-9,9
59927,100,98,2,2
59928,93,90,3,3
59929,135,141,-6,6
59930,32,39,-7,7
59931,93,108,-15,15
59932,107,129,-22,22
59933,62,69,-7,7
59934,59,65,-6,6
59935,91,92,-1,1
59936,75,80,-5,5
59937,73,72,1,1
59938,96,103,-7,7
59939,115,117,-2,2
59940,63,70,-7,7
59941,85,88,-3,3
59942,72,83,-11,11
59943,158,168,-10,10
59944,91,82,9,9
59945,69,78,-9,9
59946,89,116,-27,27
59947,74,77,-3,3
59948,104,267,-163,163
59949,49,59,-10,10
59950,99,95,4,4
59951,127,124,3,3
59952,73,79,-6,6
59953,49,58,-9,9
59954,87,89,-2,2
59955,157,148,9,9
59956,80,90,-10,10
59957,144,123,21,21
59958,83,96,-13,13
59959,131,131,0,0
59960,95,104,-9,9
59961,141,139,2,2
59962,89,107,-18,18
59963,59,57,2,2
59964,86,84,2,2
59965,118,118,0,0
59966,78,83,-5,5
59967,148,142,6,6
59968,59,56,3,3
59969,104,110,-6,6
59970,85,84,1,1
59971,103,110,-7,7
59972,236,205,31,31
59973,66,81,-15,15
59974,50,68,-18,18
59975,77,72,5,5
59976,114,100,14,14
59977,85,82,3,3
59978,88,89,-1,1
59979,74,72,2,2
59980,71,73,-2,2
59981,155,148,7,7
59982,62,71,-9,9
59983,100,93,7,7
59984,82,91,-9,9
59985,113,112,1,1
59986,104,112,-8,8
59987,104,100,4,4
59988,105,127,-22,22
59989,153,145,8,8
59990,76,72,4,4
59991,85,76,9,9
59992,119,129,-10,10
59993,106,98,8,8
59994,73,81,-8,8
59995,137,121,16,16
59996,79,75,4,4
59997,186,184,2,2
59998,63,67,-4,4
59999,93,88,5,5
60000,126,136,-10,10
60001,70,68,2,2
60002,128,119,9,9
60003,61,65,-4,4
60004,83,77,6,6
60005,108,101,7,7
60006,87,95,-8,8
60007,97,104,-7,7
60008,62,68,-6,6
60009,129,130,-1,1
60010,124,117,7,7
60011,63,67,-4,4
60012,138,131,7,7
60013,53,53,0,0
60014,76,69,7,7
60015,138,145,-7,7
60016,123,131,-8,8
60017,57,55,2,2
60018,83,82,1,1
60019,96,106,-10,10
60020,119,132,-13,13
60021,72,71,1,1
60022,78,71,7,7
60023,106,97,9,9
60024,83,77,6,6
60025,71,66,5,5
60026,205,181,24,24
60027,59,65,-6,6
60028,57,56,1,1
60029,90,88,2,2
60030,34,59,-25,25
60031,215,182,33,33
60032,85,89,-4,4
60033,158,155,3,3
60034,136,129,7,7
60035,55,49,6,6
60036,119,117,2,2
60037,109,147,-38,38
60038,57,60,-3,3
60039,92,82,10,10
60040,99,89,10,10
60041,95,97,-2,2
60042,74,67,7,7
60043,84,80,4,4
60044,107,102,5,5
60045,78,75,3,3
60046,64,68,-4,4
60047,66,73,-7,7
60048,88,86,2,2
60049,135,120,15,15
60050,139,131,8,8
60051,126,147,-21,21
60052,82,82,0,0
60053,70,66,4,4
60054,81,87,-6,6
60055,60,64,-4,4
60056,56,55,1,1
60057,131,126,5,5
60058,59,64,-5,5
60059,83,76,7,7
60060,145,143,2,2
60061,86,87,-1,1
60062,102,104,-2,2
60063,77,79,-2,2
60064,136,122,14,14
60065,68,69,-1,1
60066,81,77,4,4
60067,82,77,5,5
60068,85,83,2,2
60069,121,118,3,3
60070,69,68,1,1
60071,56,62,-6,6
60072,170,158,12,12
60073,123,129,-6,6
60074,71,71,0,0
60075,77,80,-3,3
60076,140,134,6,6
60077,141,135,6,6
60078,98,100,-2,2
60079,93,84,9,9
60080,69,81,-12,12
60081,104,104,0,0
60082,53,64,-11,11
60083,75,80,-5,5
60084,120,121,-1,1
60085,86,98,-12,12
60086,98,99,-1,1
60087,84,86,-2,2
60088,88,84,4,4
60089,113,115,-2,2
60090,74,76,-2,2
60091,91,88,3,3
60092,149,132,17,17
60093,82,82,0,0
60094,84,79,5,5
60095,195,186,9,9
60096,117,125,-8,8
60097,120,127,-7,7
60098,180,168,12,12
60099,80,90,-10,10
60100,122,121,1,1
60101,135,128,7,7
60102,159,163,-4,4
60103,107,108,-1,1
60104,76,81,-5,5
60105,85,83,2,2
60106,87,82,5,5
60107,88,82,6,6
60108,41,46,-5,5
60109,78,73,5,5
60110,61,63,-2,2
60111,87,87,0,0
60112,129,120,9,9
60113,84,82,2,2
60114,142,125,17,17
60115,126,131,-5,5
60116,89,86,3,3
60117,74,67,7,7
60118,51,57,-6,6
60119,141,128,13,13
60120,83,79,4,4
60121,120,157,-37,37
60122,144,144,0,0
60123,67,74,-7,7
60124,82,86,-4,4
60125,67,75,-8,8
60126,85,82,3,3
60127,62,52,10,10
60128,106,106,0,0
60129,59,61,-2,2
60130,73,70,3,3
60131,145,141,4,4
60132,65,64,1,1
60133,72,70,2,2
60134,118,109,9,9
60135,105,119,-14,14
60136,71,72,-1,1
60137,96,102,-6,6
60138,111,108,3,3
60139,73,90,-17,17
60140,88,83,5,5
60141,210,203,7,7
60142,104,101,3,3
60143,76,69,7,7
60144,43,51,-8,8
60145,110,100,10,10
60146,93,83,10,10
60147,114,112,2,2
60148,190,190,0,0
60149,87,85,2,2
60150,85,76,9,9
60151,95,100,-5,5
60152,97,118,-21,21
60153,58,62,-4,4
60154,126,136,-10,10
60155,145,132,13,13
60156,61,69,-8,8
60157,113,100,13,13
60158,42,46,-4,4
60159,108,103,5,5
60160,93,83,10,10
60161,157,155,2,2
60162,75,77,-2,2
60163,59,67,-8,8
60164,101,92,9,9
60165,83,79,4,4
60166,95,91,4,4
60167,100,102,-2,2
60168,69,68,1,1
60169,108,116,-8,8
60170,79,71,8,8
60171,105,102,3,3
60172,98,115,-17,17
60173,123,130,-7,7
60174,103,105,-2,2
60175,158,152,6,6
60176,98,98,0,0
60177,128,124,4,4
60178,54,53,1,1
60179,54,64,-10,10
60180,86,87,-1,1
60181,119,122,-3,3
60182,67,65,2,2
60183,114,116,-2,2
60184,104,102,2,2
60185,81,84,-3,3
60186,84,81,3,3
60187,86,85,1,1
60188,93,96,-3,3
60189,75,70,5,5
60190,69,71,-2,2
60191,96,89,7,7
60192,117,123,-6,6
60193,164,151,13,13
60194,121,120,1,1
60195,93,88,5,5
60196,91,88,3,3
60197,144,139,5,5
60198,101,105,-4,4
60199,135,123,12,12
60200,102,103,-1,1
60201,83,85,-2,2
60202,88,82,6,6
60203,101,110,-9,9
60204,102,107,-5,5
60205,102,113,-11,11
60206,105,103,2,2
60207,99,109,-10,10
60208,151,144,7,7
60209,67,75,-8,8
60210,164,141,23,23
60211,85,85,0,0
60212,89,100,-11,11
60213,59,60,-1,1
60214,94,84,10,10
60215,123,119,4,4
60216,79,102,-23,23
60217,74,72,2,2
60218,176,168,8,8
60219,59,71,-12,12
60220,100,102,-2,2
60221,123,126,-3,3
60222,104,108,-4,4
60223,145,153,-8,8
60224,97,103,-6,6
60225,175,166,9,9
60226,63,63,0,0
60227,124,126,-2,2
60228,68,63,5,5
60229,139,133,6,6
60230,78,72,6,6
60231,79,65,14,14
60232,48,56,-8,8
60233,141,140,1,1
60234,136,124,12,12
60235,123,135,-12,12
60236,85,87,-2,2
60237,128,121,7,7
60238,97,98,-1,1
60239,63,66,-3,3
60240,141,147,-6,6
60241,87,85,2,2
60242,93,105,-12,12
60243,54,52,2,2
60244,133,120,13,13
60245,50,58,-8,8
60246,71,72,-1,1
60247,75,74,1,1
60248,165,164,1,1
60249,64,65,-1,1
60250,95,87,8,8
60251,65,60,5,5
60252,106,105,1,1
60253,91,79,12,12
60254,70,77,-7,7
60255,124,123,1,1
60256,48,57,-9,9
60257,74,75,-1,1
60258,64,58,6,6
60259,104,103,1,1
60260,82,83,-1,1
60261,82,82,0,0
60262,147,151,-4,4
60263,123,104,19,19
60264,81,86,-5,5
60265,146,152,-6,6
60266,88,85,3,3
60267,78,78,0,0
60268,118,125,-7,7
60269,160,156,4,4
60270,176,165,11,11
60271,133,121,12,12
60272,122,120,2,2
60273,74,80,-6,6
60274,75,79,-4,4
60275,116,119,-3,3
60276,116,114,2,2
60277,126,122,4,4
60278,53,57,-4,4
60279,58,82,-24,24
60280,169,165,4,4
60281,100,115,-15,15
60282,56,62,-6,6
60283,63,71,-8,8
60284,58,61,-3,3
60285,56,69,-13,13
60286,131,137,-6,6
60287,74,68,6,6
60288,143,137,6,6
60289,127,132,-5,5
60290,98,100,-2,2
60291,60,58,2,2
60292,65,83,-18,18
60293,76,68,8,8
60294,72,75,-3,3
60295,83,80,3,3
60296,41,48,-7,7
60297,91,83,8,8
60298,125,129,-4,4
60299,119,129,-10,10
60300,92,84,8,8
60301,100,113,-13,13
60302,125,122,3,3
60303,95,100,-5,5
60304,108,105,3,3
60305,118,118,0,0
60306,124,135,-11,11
60307,31,37,-6,6
60308,175,176,-1,1
60309,122,123,-1,1
60310,117,126,-9,9
60311,30,52,-22,22
60312,184,171,13,13
60313,93,90,3,3
60314,98,100,-2,2
60315,82,82,0,0
60316,91,79,12,12
60317,67,77,-10,10
60318,103,79,24,24
60319,127,132,-5,5
60320,64,64,0,0
60321,70,82,-12,12
60322,68,72,-4,4
60323,87,99,-12,12
60324,103,104,-1,1
60325,91,92,-1,1
60326,77,73,4,4
60327,70,63,7,7
60328,90,98,-8,8
60329,64,67,-3,3
60330,53,56,-3,3
60331,87,80,7,7
60332,112,105,7,7
60333,91,87,4,4
60334,132,133,-1,1
60335,116,120,-4,4
60336,99,108,-9,9
60337,80,77,3,3
60338,125,128,-3,3
60339,83,78,5,5
60340,123,130,-7,7
60341,126,122,4,4
60342,114,120,-6,6
60343,139,133,6,6
60344,135,143,-8,8
60345,61,60,1,1
60346,70,76,-6,6
60347,112,109,3,3
60348,79,76,3,3
60349,58,67,-9,9
60350,131,142,-11,11
60351,154,147,7,7
60352,85,85,0,0
60353,116,106,10,10
60354,71,78,-7,7
60355,62,76,-14,14
60356,72,77,-5,5
60357,137,140,-3,3
60358,152,154,-2,2
60359,85,81,4,4
60360,63,67,-4,4
60361,67,59,8,8
60362,108,116,-8,8
60363,120,129,-9,9
60364,103,101,2,2
60365,96,104,-8,8
60366,108,115,-7,7
60367,49,108,-59,59
60368,83,91,-8,8
60369,91,85,6,6
60370,112,110,2,2
60371,148,140,8,8
60372,110,119,-9,9
60373,90,90,0,0
60374,71,62,9,9
60375,95,108,-13,13
60376,78,71,7,7
60377,102,108,-6,6
60378,99,98,1,1
60379,71,73,-2,2
60380,103,102,1,1
60381,75,77,-2,2
60382,128,129,-1,1
60383,37,42,-5,5
60384,82,77,5,5
60385,82,90,-8,8
60386,105,108,-3,3
60387,96,90,6,6
60388,57,51,6,6
60389,135,139,-4,4
60390,87,86,1,1
60391,75,78,-3,3
60392,75,85,-10,10
60393,127,119,8,8
60394,105,107,-2,2
60395,61,61,0,0
60396,66,99,-33,33
60397,140,135,5,5
60398,129,133,-4,4
60399,150,137,13,13
60400,109,107,2,2
60401,115,128,-13,13
60402,118,116,2,2
60403,58,59,-1,1
60404,79,71,8,8
60405,28,34,-6,6
60406,173,152,21,21
60407,89,89,0,0
60408,95,84,11,11
60409,71,78,-7,7
60410,87,90,-3,3
60411,77,72,5,5
60412,106,108,-2,2
60413,88,88,0,0
60414,74,78,-4,4
60415,66,76,-10,10
60416,64,78,-14,14
60417,115,124,-9,9
60418,59,59,0,0
60419,142,131,11,11
60420,73,67,6,6
60421,138,134,4,4
60422,110,110,0,0
60423,81,88,-7,7
60424,143,155,-12,12
60425,137,124,13,13
60426,177,168,9,9
60427,100,106,-6,6
60428,112,118,-6,6
60429,136,138,-2,2
60430,48,49,-1,1
60431,112,130,-18,18
60432,115,115,0,0
60433,134,133,1,1
60434,97,106,-9,9
60435,86,83,3,3
60436,115,109,6,6
60437,80,75,5,5
60438,157,147,10,10
60439,59,58,1,1
60440,118,119,-1,1
60441,64,75,-11,11
60442,123,119,4,4
60443,70,77,-7,7
60444,60,66,-6,6
60445,76,80,-4,4
60446,161,157,4,4
60447,129,139,-10,10
60448,66,66,0,0
60449,104,100,4,4
60450,86,81,5,5
60451,53,53,0,0
60452,76,71,5,5
60453,202,179,23,23
60454,81,76,5,5
60455,136,135,1,1
60456,80,73,7,7
60457,54,59,-5,5
60458,71,67,4,4
60459,37,46,-9,9
60460,92,89,3,3
60461,81,87,-6,6
60462,94,121,-27,27
60463,116,113,3,3
60464,89,92,-3,3
60465,123,117,6,6
60466,95,91,4,4
60467,114,112,2,2
60468,134,140,-6,6
60469,153,151,2,2
60470,82,82,0,0
60471,104,102,2,2
60472,101,107,-6,6
60473,73,64,9,9
60474,121,127,-6,6
60475,147,134,13,13
60476,70,76,-6,6
60477,126,124,2,2
60478,284,241,43,43
60479,124,134,-10,10
60480,107,107,0,0
60481,78,76,2,2
60482,116,116,0,0
60483,139,133,6,6
60484,127,127,0,0
60485,61,68,-7,7
60486,56,61,-5,5
60487,105,102,3,3
60488,68,74,-6,6
60489,101,97,4,4
60490,64,59,5,5
60491,70,72,-2,2
60492,129,128,1,1
60493,86,83,3,3
60494,71,70,1,1
60495,57,142,-85,85
60496,63,78,-15,15
60497,100,92,8,8
60498,138,146,-8,8
60499,143,135,8,8
60500,123,122,1,1
60501,114,119,-5,5
60502,69,69,0,0
60503,71,73,-2,2
60504,65,57,8,8
60505,94,105,-11,11
60506,73,79,-6,6
60507,77,80,-3,3
60508,68,74,-6,6
60509,126,144,-18,18
60510,133,125,8,8
60511,111,125,-14,14
60512,80,81,-1,1
60513,74,82,-8,8
60514,91,88,3,3
60515,111,122,-11,11
60516,100,102,-2,2
60517,191,169,22,22
60518,124,113,11,11
60519,55,57,-2,2
60520,113,105,8,8
60521,34,41,-7,7
60522,108,102,6,6
60523,74,68,6,6
60524,163,145,18,18
60525,135,121,14,14
60526,86,100,-14,14
60527,122,120,2,2
60528,135,132,3,3
60529,68,82,-14,14
60530,75,73,2,2
60531,127,138,-11,11
60532,65,73,-8,8
60533,83,85,-2,2
60534,103,98,5,5
60535,79,77,2,2
60536,77,76,1,1
60537,116,124,-8,8
60538,123,120,3,3
60539,70,67,3,3
60540,66,70,-4,4
60541,102,113,-11,11
60542,108,128,-20,20
60543,64,57,7,7
60544,116,129,-13,13
60545,154,159,-5,5
60546,78,80,-2,2
60547,97,103,-6,6
60548,64,69,-5,5
60549,109,112,-3,3
60550,109,102,7,7
60551,110,118,-8,8
60552,124,120,4,4
60553,50,51,-1,1
60554,75,71,4,4
60555,112,118,-6,6
60556,72,79,-7,7
60557,113,113,0,0
60558,70,80,-10,10
60559,112,87,25,25
60560,71,71,0,0
60561,117,119,-2,2
60562,88,85,3,3
60563,88,78,10,10
60564,96,85,11,11
60565,114,120,-6,6
60566,46,58,-12,12
60567,82,88,-6,6
60568,77,77,0,0
60569,68,74,-6,6
60570,79,88,-9,9
60571,78,78,0,0
60572,48,52,-4,4
60573,55,59,-4,4
60574,110,112,-2,2
60575,106,106,0,0
60576,88,80,8,8
60577,90,102,-12,12
60578,84,90,-6,6
60579,78,87,-9,9
60580,108,118,-10,10
60581,52,62,-10,10
60582,162,136,26,26
60583,46,51,-5,5
60584,100,106,-6,6
60585,95,97,-2,2
60586,138,139,-1,1
60587,53,57,-4,4
60588,100,93,7,7
60589,93,91,2,2
60590,90,112,-22,22
60591,103,108,-5,5
60592,92,83,9,9
60593,52,49,3,3
60594,104,109,-5,5
60595,49,54,-5,5
60596,82,78,4,4
60597,104,101,3,3
60598,167,165,2,2
60599,58,66,-8,8
60600,79,80,-1,1
60601,75,67,8,8
60602,70,76,-6,6
60603,78,79,-1,1
60604,70,71,-1,1
60605,130,136,-6,6
60606,90,98,-8,8
60607,68,70,-2,2
60608,97,104,-7,7
60609,83,85,-2,2
60610,51,59,-8,8
60611,70,75,-5,5
60612,35,51,-16,16
60613,24,49,-25,25
60614,113,97,16,16
60615,133,126,7,7
60616,90,94,-4,4
60617,84,81,3,3
60618,86,85,1,1
60619,63,64,-1,1
60620,51,53,-2,2
60621,153,144,9,9
60622,113,112,1,1
60623,47,50,-3,3
60624,111,107,4,4
60625,67,64,3,3
60626,51,52,-1,1
60627,57,67,-10,10
60628,67,61,6,6
60629,149,143,6,6
60630,71,70,1,1
60631,100,110,-10,10
60632,94,103,-9,9
60633,61,60,1,1
60634,100,91,9,9
60635,147,142,5,5
60636,92,92,0,0
60637,79,84,-5,5
60638,95,100,-5,5
60639,155,158,-3,3
60640,88,82,6,6
60641,149,163,-14,14
60642,128,130,-2,2
60643,73,59,14,14
60644,124,122,2,2
60645,78,81,-3,3
60646,73,70,3,3
60647,104,100,4,4
60648,124,108,16,16
60649,65,68,-3,3
60650,98,102,-4,4
60651,100,100,0,0
60652,79,74,5,5
60653,216,186,30,30
60654,77,79,-2,2
60655,64,76,-12,12
60656,43,49,-6,6
60657,124,116,8,8
60658,87,86,1,1
60659,98,98,0,0
60660,91,87,4,4
60661,81,77,4,4
60662,109,122,-13,13
60663,61,76,-15,15
60664,86,90,-4,4
60665,126,122,4,4
60666,85,77,8,8
60667,94,118,-24,24
60668,68,69,-1,1
60669,77,73,4,4
60670,72,73,-1,1
60671,107,113,-6,6
60672,83,82,1,1
60673,116,119,-3,3
60674,59,62,-3,3
60675,53,54,-1,1
60676,137,140,-3,3
60677,128,120,8,8
60678,97,99,-2,2
60679,97,104,-7,7
60680,75,75,0,0
60681,107,100,7,7
60682,96,98,-2,2
60683,139,132,7,7
60684,62,62,0,0
60685,90,85,5,5
60686,104,112,-8,8
60687,124,121,3,3
60688,107,112,-5,5
60689,124,132,-8,8
60690,105,102,3,3
60691,134,138,-4,4
60692,122,116,6,6
60693,70,77,-7,7
60694,152,156,-4,4
60695,95,92,3,3
60696,67,89,-22,22
60697,109,105,4,4
60698,170,204,-34,34
60699,80,80,0,0
60700,88,84,4,4
60701,131,104,27,27
60702,84,79,5,5
60703,97,105,-8,8
60704,149,130,19,19
60705,79,85,-6,6
60706,93,107,-14,14
60707,81,84,-3,3
60708,125,125,0,0
60709,82,81,1,1
60710,79,80,-1,1
60711,65,55,10,10
60712,95,99,-4,4
60713,111,118,-7,7
60714,113,111,2,2
60715,119,123,-4,4
60716,68,74,-6,6
60717,135,117,18,18
60718,102,90,12,12
60719,96,113,-17,17
60720,107,111,-4,4
60721,86,83,3,3
60722,158,136,22,22
60723,141,134,7,7
60724,129,134,-5,5
60725,49,47,2,2
60726,149,145,4,4
60727,114,114,0,0
60728,40,45,-5,5
60729,55,60,-5,5
60730,85,81,4,4
60731,65,61,4,4
60732,97,108,-11,11
60733,148,142,6,6
60734,141,133,8,8
60735,69,64,5,5
60736,80,81,-1,1
60737,158,143,15,15
60738,75,79,-4,4
60739,88,88,0,0
60740,110,106,4,4
60741,82,84,-2,2
60742,58,67,-9,9
60743,76,72,4,4
60744,48,57,-9,9
60745,106,91,15,15
60746,108,109,-1,1
60747,191,179,12,12
60748,100,101,-1,1
60749,58,58,0,0
60750,117,120,-3,3
60751,233,193,40,40
60752,78,81,-3,3
60753,83,77,6,6
60754,66,67,-1,1
60755,55,57,-2,2
60756,77,79,-2,2
60757,102,101,1,1
60758,62,61,1,1
60759,71,70,1,1
60760,139,137,2,2
60761,132,136,-4,4
60762,94,102,-8,8
60763,107,115,-8,8
60764,60,72,-12,12
60765,94,110,-16,16
60766,72,62,10,10
60767,86,84,2,2
60768,75,82,-7,7
60769,87,89,-2,2
60770,148,136,12,12
60771,120,111,9,9
60772,68,72,-4,4
60773,81,76,5,5
60774,222,212,10,10
60775,68,67,1,1
60776,103,113,-10,10
60777,133,114,19,19
60778,135,118,17,17
60779,97,97,0,0
60780,56,61,-5,5
60781,73,72,1,1
60782,110,115,-5,5
60783,116,116,0,0
60784,46,43,3,3
60785,119,114,5,5
60786,42,44,-2,2
60787,71,85,-14,14
60788,80,69,11,11
60789,87,89,-2,2
60790,73,75,-2,2
60791,99,98,1,1
60792,36,46,-10,10
60793,70,68,2,2
60794,55,56,-1,1
60795,104,105,-1,1
60796,135,137,-2,2
60797,103,99,4,4
60798,83,85,-2,2
60799,87,76,11,11
60800,78,74,4,4
60801,68,76,-8,8
60802,70,78,-8,8
60803,112,104,8,8
60804,99,103,-4,4
60805,103,105,-2,2
60806,87,83,4,4
60807,105,105,0,0
60808,94,94,0,0
60809,185,173,12,12
60810,167,164,3,3
60811,67,76,-9,9
60812,98,81,17,17
60813,109,116,-7,7
60814,139,138,1,1
60815,88,85,3,3
60816,117,112,5,5
60817,101,114,-13,13
60818,124,136,-12,12
60819,182,157,25,25
60820,198,173,25,25
60821,115,115,0,0
60822,92,99,-7,7
60823,77,73,4,4
60824,104,106,-2,2
60825,75,70,5,5
60826,93,84,9,9
60827,173,174,-1,1
60828,121,126,-5,5
60829,141,112,29,29
60830,66,82,-16,16
60831,72,70,2,2
60832,104,112,-8,8
60833,103,101,2,2
60834,81,79,2,2
60835,122,105,17,17
60836,131,121,10,10
60837,58,61,-3,3
60838,106,109,-3,3
60839,119,111,8,8
60840,57,56,1,1
60841,77,76,1,1
60842,67,61,6,6
60843,85,82,3,3
60844,62,69,-7,7
60845,140,136,4,4
60846,72,80,-8,8
60847,125,129,-4,4
60848,166,158,8,8
60849,133,122,11,11
60850,101,83,18,18
60851,156,150,6,6
60852,68,71,-3,3
60853,70,69,1,1
60854,127,125,2,2
60855,89,85,4,4
60856,111,103,8,8
60857,154,136,18,18
60858,91,88,3,3
60859,59,62,-3,3
60860,105,107,-2,2
60861,108,125,-17,17
60862,87,99,-12,12
60863,143,138,5,5
60864,88,86,2,2
60865,83,87,-4,4
60866,105,100,5,5
60867,96,105,-9,9
60868,95,91,4,4
60869,104,114,-10,10
60870,97,118,-21,21
60871,111,115,-4,4
60872,93,88,5,5
60873,54,53,1,1
60874,90,99,-9,9
60875,52,56,-4,4
60876,85,88,-3,3
60877,114,116,-2,2
60878,152,160,-8,8
60879,79,71,8,8
60880,118,126,-8,8
60881,85,74,11,11
60882,94,87,7,7
60883,49,54,-5,5
60884,56,59,-3,3
60885,156,144,12,12
60886,55,52,3,3
60887,116,118,-2,2
60888,84,86,-2,2
60889,105,104,1,1
60890,122,116,6,6
60891,80,86,-6,6
60892,89,79,10,10
60893,117,113,4,4
60894,50,49,1,1
60895,65,71,-6,6
60896,115,120,-5,5
60897,78,77,1,1
60898,112,117,-5,5
60899,84,78,6,6
60900,144,147,-3,3
60901,95,90,5,5
60902,125,127,-2,2
60903,115,133,-18,18
60904,76,75,1,1
60905,119,118,1,1
60906,133,152,-19,19
60907,90,82,8,8
60908,112,108,4,4
60909,76,72,4,4
60910,147,138,9,9
60911,55,60,-5,5
60912,131,119,12,12
60913,116,107,9,9
60914,84,83,1,1
60915,72,74,-2,2
60916,73,76,-3,3
60917,43,51,-8,8
60918,73,73,0,0
60919,82,89,-7,7
60920,56,61,-5,5
60921,99,91,8,8
60922,105,113,-8,8
60923,79,93,-14,14
60924,138,126,12,12
60925,111,120,-9,9
60926,36,48,-12,12
60927,138,134,4,4
60928,89,97,-8,8
60929,93,82,11,11
60930,132,135,-3,3
60931,108,102,6,6
60932,66,68,-2,2
60933,71,71,0,0
60934,65,61,4,4
60935,200,188,12,12
60936,72,107,-35,35
60937,232,220,12,12
60938,75,76,-1,1
60939,186,170,16,16
60940,125,119,6,6
60941,95,106,-11,11
60942,203,158,45,45
60943,176,156,20,20
60944,129,129,0,0
60945,76,76,0,0
60946,143,141,2,2
60947,49,54,-5,5
60948,92,91,1,1
60949,92,92,0,0
60950,75,83,-8,8
60951,105,99,6,6
60952,155,136,19,19
60953,95,103,-8,8
60954,86,100,-14,14
60955,132,124,8,8
60956,46,54,-8,8
60957,69,76,-7,7
60958,58,72,-14,14
60959,140,133,7,7
60960,70,67,3,3
60961,89,90,-1,1
60962,84,70,14,14
60963,124,122,2,2
60964,71,74,-3,3
60965,127,126,1,1
60966,69,71,-2,2
60967,111,105,6,6
60968,125,128,-3,3
60969,85,90,-5,5
60970,76,77,-1,1
60971,85,89,-4,4
60972,55,57,-2,2
60973,92,97,-5,5
60974,182,169,13,13
60975,89,86,3,3
60976,102,99,3,3
60977,113,118,-5,5
60978,131,139,-8,8
60979,133,143,-10,10
60980,98,100,-2,2
60981,154,138,16,16
60982,99,100,-1,1
60983,114,113,1,1
60984,110,106,4,4
60985,125,105,20,20
60986,52,66,-14,14
60987,42,43,-1,1
60988,80,75,5,5
60989,83,83,0,0
60990,143,136,7,7
60991,56,62,-6,6
60992,131,129,2,2
60993,112,129,-17,17
60994,110,112,-2,2
60995,104,101,3,3
60996,71,74,-3,3
60997,36,38,-2,2
60998,57,65,-8,8
60999,72,81,-9,9
61000,119,107,12,12
61001,194,181,13,13
61002,107,102,5,5
61003,123,124,-1,1
61004,87,82,5,5
61005,157,151,6,6
61006,75,77,-2,2
61007,94,97,-3,3
61008,85,86,-1,1
61009,85,98,-13,13
61010,44,50,-6,6
61011,78,82,-4,4
61012,97,81,16,16
61013,34,53,-19,19
61014,38,38,0,0
61015,93,89,4,4
61016,113,109,4,4
61017,130,120,10,10
61018,46,46,0,0
61019,94,104,-10,10
61020,144,132,12,12
61021,60,60,0,0
61022,110,112,-2,2
61023,78,80,-2,2
61024,172,169,3,3
61025,117,131,-14,14
61026,60,73,-13,13
61027,114,103,11,11
61028,136,146,-10,10
61029,130,139,-9,9
61030,140,133,7,7
61031,58,65,-7,7
61032,87,84,3,3
61033,154,142,12,12
61034,84,84,0,0
61035,78,74,4,4
61036,224,262,-38,38
61037,77,75,2,2
61038,114,113,1,1
61039,64,66,-2,2
61040,145,140,5,5
61041,62,61,1,1
61042,123,122,1,1
61043,126,126,0,0
61044,59,74,-15,15
61045,59,69,-10,10
61046,65,80,-15,15
61047,81,85,-4,4
61048,104,96,8,8
61049,94,100,-6,6
61050,131,131,0,0
61051,60,59,1,1
61052,111,103,8,8
61053,159,145,14,14
61054,145,147,-2,2
61055,67,61,6,6
61056,114,109,5,5
61057,82,78,4,4
61058,93,99,-6,6
61059,53,60,-7,7
61060,83,90,-7,7
61061,101,107,-6,6
61062,112,126,-14,14
61063,71,62,9,9
61064,86,78,8,8
61065,49,103,-54,54
61066,59,61,-2,2
61067,125,117,8,8
61068,157,158,-1,1
61069,90,98,-8,8
61070,160,167,-7,7
61071,128,110,18,18
61072,78,82,-4,4
61073,153,152,1,1
61074,87,103,-16,16
61075,133,127,6,6
61076,96,100,-4,4
61077,88,100,-12,12
61078,69,79,-10,10
61079,150,162,-12,12
61080,134,124,10,10
61081,122,124,-2,2
61082,91,90,1,1
61083,156,148,8,8
61084,76,78,-2,2
61085,44,46,-2,2
61086,117,125,-8,8
61087,110,110,0,0
61088,101,85,16,16
61089,81,77,4,4
61090,52,53,-1,1
61091,164,163,1,1
61092,40,43,-3,3
61093,80,86,-6,6
61094,129,122,7,7
61095,131,124,7,7
61096,87,90,-3,3
61097,79,76,3,3
61098,110,110,0,0
61099,120,113,7,7
61100,100,119,-19,19
61101,113,114,-1,1
61102,97,118,-21,21
61103,75,73,2,2
61104,85,98,-13,13
61105,49,47,2,2
61106,103,120,-17,17
61107,177,169,8,8
61108,94,99,-5,5
61109,130,128,2,2
61110,72,76,-4,4
61111,158,155,3,3
61112,47,53,-6,6
61113,74,86,-12,12
61114,101,111,-10,10
61115,51,60,-9,9
61116,83,82,1,1
61117,142,139,3,3
61118,58,66,-8,8
61119,83,86,-3,3
61120,45,45,0,0
61121,138,137,1,1
61122,152,148,4,4
61123,101,109,-8,8
61124,77,71,6,6
61125,52,80,-28,28
61126,89,83,6,6
61127,149,137,12,12
61128,78,70,8,8
61129,146,146,0,0
61130,122,126,-4,4
61131,88,79,9,9
61132,131,131,0,0
61133,67,67,0,0
61134,107,98,9,9
61135,139,146,-7,7
61136,164,151,13,13
61137,134,129,5,5
61138,71,70,1,1
61139,87,80,7,7
61140,68,72,-4,4
61141,56,108,-52,52
61142,118,123,-5,5
61143,101,103,-2,2
61144,75,80,-5,5
61145,127,142,-15,15
61146,85,87,-2,2
61147,57,81,-24,24
61148,37,47,-10,10
61149,116,115,1,1
61150,108,107,1,1
61151,137,135,2,2
61152,58,60,-2,2
61153,67,86,-19,19
61154,106,108,-2,2
61155,132,117,15,15
61156,102,98,4,4
61157,115,119,-4,4
61158,85,85,0,0
61159,107,110,-3,3
61160,49,54,-5,5
61161,139,156,-17,17
61162,126,132,-6,6
61163,135,143,-8,8
61164,69,64,5,5
61165,88,81,7,7
61166,117,115,2,2
61167,77,77,0,0
61168,51,60,-9,9
61169,92,108,-16,16
61170,80,89,-9,9
61171,82,83,-1,1
61172,157,153,4,4
61173,83,86,-3,3
61174,136,125,11,11
61175,147,135,12,12
61176,49,53,-4,4
61177,86,85,1,1
61178,125,118,7,7
61179,73,66,7,7
61180,99,113,-14,14
61181,102,108,-6,6
61182,101,105,-4,4
61183,109,103,6,6
61184,126,123,3,3
61185,142,126,16,16
61186,62,63,-1,1
61187,113,114,-1,1
61188,149,128,21,21
61189,61,63,-2,2
61190,66,74,-8,8
61191,122,117,5,5
61192,89,90,-1,1
61193,76,78,-2,2
61194,74,84,-10,10
61195,61,68,-7,7
61196,44,49,-5,5
61197,107,124,-17,17
61198,104,101,3,3
61199,109,113,-4,4
61200,140,130,10,10
61201,43,51,-8,8
61202,40,45,-5,5
61203,223,193,30,30
61204,95,91,4,4
61205,47,52,-5,5
61206,71,69,2,2
61207,121,109,12,12
61208,119,124,-5,5
61209,135,136,-1,1
61210,78,73,5,5
61211,96,87,9,9
61212,71,73,-2,2
61213,71,78,-7,7
61214,108,132,-24,24
61215,64,66,-2,2
61216,169,185,-16,16
61217,80,80,0,0
61218,78,79,-1,1
61219,100,99,1,1
61220,90,90,0,0
61221,108,105,3,3
61222,84,87,-3,3
61223,150,144,6,6
61224,91,106,-15,15
61225,55,66,-11,11
61226,83,85,-2,2
61227,119,157,-38,38
61228,86,87,-1,1
61229,101,109,-8,8
61230,89,80,9,9
61231,80,86,-6,6
61232,116,110,6,6
61233,146,150,-4,4
61234,64,73,-9,9
61235,175,168,7,7
61236,139,139,0,0
61237,79,75,4,4
61238,120,117,3,3
61239,84,96,-12,12
61240,132,136,-4,4
61241,71,72,-1,1
61242,104,96,8,8
61243,60,63,-3,3
61244,171,151,20,20
61245,93,98,-5,5
61246,132,131,1,1
61247,55,59,-4,4
61248,74,59,15,15
61249,126,113,13,13
61250,75,77,-2,2
61251,45,56,-11,11
61252,95,96,-1,1
61253,154,140,14,14
61254,143,133,10,10
61255,111,112,-1,1
61256,97,107,-10,10
61257,203,215,-12,12
61258,42,40,2,2
61259,49,50,-1,1
61260,111,112,-1,1
61261,76,65,11,11
61262,79,76,3,3
61263,70,80,-10,10
61264,57,57,0,0
61265,60,49,11,11
61266,119,122,-3,3
61267,76,80,-4,4
61268,72,69,3,3
61269,124,108,16,16
61270,138,120,18,18
61271,118,119,-1,1
61272,119,114,5,5
61273,94,80,14,14
61274,113,135,-22,22
61275,69,84,-15,15
61276,106,101,5,5
61277,41,48,-7,7
61278,88,83,5,5
61279,124,135,-11,11
61280,51,57,-6,6
61281,70,80,-10,10
61282,112,113,-1,1
61283,100,101,-1,1
61284,143,137,6,6
61285,87,100,-13,13
61286,61,66,-5,5
61287,64,69,-5,5
61288,130,128,2,2
61289,81,80,1,1
61290,73,64,9,9
61291,47,47,0,0
61292,99,116,-17,17
61293,95,92,3,3
61294,105,108,-3,3
61295,126,129,-3,3
61296,108,102,6,6
61297,67,71,-4,4
61298,72,79,-7,7
61299,65,63,2,2
61300,109,108,1,1
61301,52,56,-4,4
61302,122,116,6,6
61303,59,58,1,1
61304,117,130,-13,13
61305,79,73,6,6
61306,46,48,-2,2
61307,64,76,-12,12
61308,71,85,-14,14
61309,60,62,-2,2
61310,70,70,0,0
61311,114,113,1,1
61312,101,103,-2,2
61313,138,141,-3,3
61314,98,88,10,10
61315,92,100,-8,8
61316,196,184,12,12
61317,109,116,-7,7
61318,55,58,-3,3
61319,166,166,0,0
61320,68,73,-5,5
61321,61,66,-5,5
61322,79,78,1,1
61323,86,80,6,6
61324,90,85,5,5
61325,128,125,3,3
61326,102,105,-3,3
61327,118,110,8,8
61328,86,84,2,2
61329,105,107,-2,2
61330,78,78,0,0
61331,96,100,-4,4
61332,38,45,-7,7
61333,96,101,-5,5
61334,123,121,2,2
61335,85,81,4,4
61336,117,109,8,8
61337,78,107,-29,29
61338,131,137,-6,6
61339,82,82,0,0
61340,87,90,-3,3
61341,81,83,-2,2
61342,59,56,3,3
61343,84,82,2,2
61344,89,98,-9,9
61345,65,65,0,0
61346,131,136,-5,5
61347,55,60,-5,5
61348,66,59,7,7
61349,74,74,0,0
61350,84,70,14,14
61351,110,106,4,4
61352,63,77,-14,14
61353,97,87,10,10
61354,55,67,-12,12
61355,94,99,-5,5
61356,148,149,-1,1
61357,110,100,10,10
61358,161,157,4,4
61359,139,132,7,7
61360,63,70,-7,7
61361,120,119,1,1
61362,79,83,-4,4
61363,131,136,-5,5
61364,150,132,18,18
61365,80,80,0,0
61366,37,39,-2,2
61367,116,119,-3,3
61368,82,81,1,1
61369,130,131,-1,1
61370,68,76,-8,8
61371,86,82,4,4
61372,90,83,7,7
61373,57,59,-2,2
61374,149,140,9,9
61375,79,80,-1,1
61376,126,126,0,0
61377,120,134,-14,14
61378,197,185,12,12
61379,62,64,-2,2
61380,88,87,1,1
61381,144,136,8,8
61382,99,85,14,14
61383,101,120,-19,19
61384,111,103,8,8
61385,61,65,-4,4
61386,85,82,3,3
61387,96,95,1,1
61388,125,126,-1,1
61389,107,101,6,6
61390,136,125,11,11
61391,148,143,5,5
61392,98,106,-8,8
61393,66,63,3,3
61394,95,79,16,16
61395,107,92,15,15
61396,47,55,-8,8
61397,78,77,1,1
61398,81,77,4,4
61399,72,75,-3,3
61400,84,98,-14,14
61401,145,153,-8,8
61402,77,75,2,2
61403,90,82,8,8
61404,131,123,8,8
61405,91,84,7,7
61406,38,64,-26,26
61407,94,92,2,2
61408,111,112,-1,1
61409,145,145,0,0
61410,84,84,0,0
61411,87,78,9,9
61412,115,109,6,6
61413,95,86,9,9
61414,144,133,11,11
61415,90,85,5,5
61416,101,98,3,3
61417,91,92,-1,1
61418,190,189,1,1
61419,80,81,-1,1
61420,167,153,14,14
61421,83,74,9,9
61422,66,65,1,1
61423,50,54,-4,4
61424,111,115,-4,4
61425,83,91,-8,8
61426,72,68,4,4
61427,73,72,1,1
61428,79,83,-4,4
61429,66,69,-3,3
61430,83,81,2,2
61431,262,237,25,25
61432,108,117,-9,9
61433,117,114,3,3
61434,98,86,12,12
61435,85,88,-3,3
61436,63,60,3,3
61437,190,181,9,9
61438,85,85,0,0
61439,123,117,6,6
61440,144,143,1,1
61441,75,77,-2,2
61442,97,97,0,0
61443,85,75,10,10
61444,69,68,1,1
61445,77,81,-4,4
61446,61,66,-5,5
61447,75,75,0,0
61448,97,121,-24,24
61449,70,71,-1,1
61450,85,85,0,0
61451,61,70,-9,9
61452,77,74,3,3
61453,58,64,-6,6
61454,83,79,4,4
61455,91,92,-1,1
61456,53,62,-9,9
61457,55,55,0,0
61458,87,89,-2,2
61459,80,85,-5,5
61460,53,62,-9,9
61461,133,129,4,4
61462,90,98,-8,8
61463,60,67,-7,7
61464,68,69,-1,1
61465,66,57,9,9
61466,112,117,-5,5
61467,139,138,1,1
61468,50,59,-9,9
61469,120,124,-4,4
61470,77,80,-3,3
61471,81,70,11,11
61472,87,83,4,4
61473,43,47,-4,4
61474,68,64,4,4
61475,58,56,2,2
61476,120,123,-3,3
61477,114,107,7,7
61478,173,162,11,11
61479,62,68,-6,6
61480,115,109,6,6
61481,213,194,19,19
61482,108,109,-1,1
61483,53,67,-14,14
61484,85,78,7,7
61485,119,121,-2,2
61486,74,80,-6,6
61487,93,88,5,5
61488,72,71,1,1
61489,104,88,16,16
61490,88,89,-1,1
61491,56,65,-9,9
61492,139,133,6,6
61493,110,109,1,1
61494,93,82,11,11
61495,54,49,5,5
61496,83,90,-7,7
61497,73,69,4,4
61498,202,182,20,20
61499,95,98,-3,3
61500,51,61,-10,10
61501,141,125,16,16
61502,130,129,1,1
61503,89,98,-9,9
61504,67,69,-2,2
61505,92,82,10,10
61506,138,150,-12,12
61507,50,54,-4,4
61508,85,77,8,8
61509,118,104,14,14
61510,84,81,3,3
61511,95,88,7,7
61512,92,101,-9,9
61513,141,151,-10,10
61514,94,102,-8,8
61515,117,122,-5,5
61516,82,68,14,14
61517,73,81,-8,8
61518,108,101,7,7
61519,93,107,-14,14
61520,156,159,-3,3
61521,84,86,-2,2
61522,106,95,11,11
61523,91,99,-8,8
61524,88,89,-1,1
61525,78,74,4,4
61526,136,132,4,4
61527,59,67,-8,8
61528,94,104,-10,10
61529,100,104,-4,4
61530,144,138,6,6
61531,89,112,-23,23
61532,67,69,-2,2
61533,28,34,-6,6
61534,114,113,1,1
61535,123,133,-10,10
61536,85,74,11,11
61537,77,77,0,0
61538,89,108,-19,19
61539,90,88,2,2
61540,80,84,-4,4
61541,114,124,-10,10
61542,46,45,1,1
61543,123,118,5,5
61544,132,133,-1,1
61545,106,121,-15,15
61546,93,100,-7,7
61547,100,125,-25,25
61548,82,77,5,5
61549,170,178,-8,8
61550,103,117,-14,14
61551,60,64,-4,4
61552,101,116,-15,15
61553,101,101,0,0
61554,106,103,3,3
61555,53,65,-12,12
61556,45,46,-1,1
61557,102,122,-20,20
61558,74,72,2,2
61559,107,117,-10,10
61560,95,95,0,0
61561,96,95,1,1
61562,100,100,0,0
61563,40,54,-14,14
61564,85,80,5,5
61565,59,62,-3,3
61566,107,102,5,5
61567,157,150,7,7
61568,72,73,-1,1
61569,104,95,9,9
61570,53,63,-10,10
61571,131,128,3,3
61572,147,138,9,9
61573,80,79,1,1
61574,135,137,-2,2
61575,119,111,8,8
61576,128,123,5,5
61577,126,123,3,3
61578,91,83,8,8
61579,102,91,11,11
61580,55,64,-9,9
61581,69,70,-1,1
61582,57,56,1,1
61583,53,58,-5,5
61584,109,99,10,10
61585,106,90,16,16
61586,106,111,-5,5
61587,128,119,9,9
61588,84,82,2,2
61589,73,74,-1,1
61590,137,115,22,22
61591,96,101,-5,5
61592,106,106,0,0
61593,119,121,-2,2
61594,113,116,-3,3
61595,138,127,11,11
61596,52,56,-4,4
61597,115,114,1,1
61598,66,68,-2,2
61599,114,120,-6,6
61600,46,58,-12,12
61601,108,109,-1,1
61602,85,80,5,5
61603,67,67,0,0
61604,66,64,2,2
61605,76,81,-5,5
61606,93,88,5,5
61607,145,156,-11,11
61608,122,116,6,6
61609,88,83,5,5
61610,59,64,-5,5
61611,77,79,-2,2
61612,84,89,-5,5
61613,71,78,-7,7
61614,93,87,6,6
61615,71,71,0,0
61616,40,49,-9,9
61617,165,158,7,7
61618,104,106,-2,2
61619,54,50,4,4
61620,46,40,6,6
61621,70,69,1,1
61622,51,58,-7,7
61623,86,83,3,3
61624,86,84,2,2
61625,90,88,2,2
61626,160,165,-5,5
61627,119,117,2,2
61628,78,83,-5,5
61629,112,128,-16,16
61630,89,88,1,1
61631,96,103,-7,7
61632,96,100,-4,4
61633,96,101,-5,5
61634,33,42,-9,9
61635,78,78,0,0
61636,65,57,8,8
61637,69,74,-5,5
61638,85,88,-3,3
61639,71,64,7,7
61640,119,110,9,9
61641,100,99,1,1
61642,102,104,-2,2
61643,96,85,11,11
61644,77,73,4,4
61645,91,97,-6,6
61646,175,165,10,10
61647,96,103,-7,7
61648,133,127,6,6
61649,107,127,-20,20
61650,98,96,2,2
61651,94,103,-9,9
61652,67,71,-4,4
61653,116,120,-4,4
61654,73,81,-8,8
61655,83,74,9,9
61656,75,79,-4,4
61657,109,124,-15,15
61658,143,150,-7,7
61659,84,88,-4,4
61660,79,83,-4,4
61661,104,105,-1,1
61662,44,44,0,0
61663,53,48,5,5
61664,108,104,4,4
61665,86,93,-7,7
61666,119,122,-3,3
61667,56,43,13,13
61668,88,92,-4,4
61669,118,122,-4,4
61670,102,106,-4,4
61671,49,50,-1,1
61672,99,98,1,1
61673,105,188,-83,83
61674,131,115,16,16
61675,78,74,4,4
61676,99,99,0,0
61677,23,30,-7,7
61678,126,126,0,0
61679,92,90,2,2
61680,85,95,-10,10
61681,61,65,-4,4
61682,137,141,-4,4
61683,74,76,-2,2
61684,129,124,5,5
61685,156,160,-4,4
61686,72,69,3,3
61687,151,138,13,13
61688,72,65,7,7
61689,81,87,-6,6
61690,128,120,8,8
61691,136,127,9,9
61692,111,116,-5,5
61693,150,154,-4,4
61694,79,81,-2,2
61695,124,121,3,3
61696,133,128,5,5
61697,106,118,-12,12
61698,71,75,-4,4
61699,69,66,3,3
61700,105,116,-11,11
61701,60,58,2,2
61702,97,99,-2,2
61703,129,135,-6,6
61704,70,72,-2,2
61705,137,145,-8,8
61706,110,102,8,8
61707,97,96,1,1
61708,149,168,-19,19
61709,63,67,-4,4
61710,71,73,-2,2
61711,108,104,4,4
61712,127,124,3,3
61713,92,103,-11,11
61714,41,46,-5,5
61715,87,83,4,4
61716,95,91,4,4
61717,58,64,-6,6
61718,103,115,-12,12
61719,106,107,-1,1
61720,100,107,-7,7
61721,49,56,-7,7
61722,103,113,-10,10
61723,147,156,-9,9
61724,110,108,2,2
61725,121,143,-22,22
61726,66,68,-2,2
61727,66,69,-3,3
61728,75,75,0,0
61729,127,136,-9,9
61730,96,94,2,2
61731,179,170,9,9
61732,153,152,1,1
61733,89,81,8,8
61734,111,110,1,1
61735,124,108,16,16
61736,86,73,13,13
61737,98,109,-11,11
61738,82,84,-2,2
61739,138,123,15,15
61740,98,89,9,9
61741,187,178,9,9
61742,141,131,10,10
61743,72,80,-8,8
61744,110,108,2,2
61745,87,97,-10,10
61746,60,61,-1,1
61747,71,72,-1,1
61748,123,129,-6,6
61749,57,62,-5,5
61750,113,120,-7,7
61751,148,148,0,0
61752,73,76,-3,3
61753,62,72,-10,10
61754,108,128,-20,20
61755,105,106,-1,1
61756,152,122,30,30
61757,51,53,-2,2
61758,127,123,4,4
61759,31,45,-14,14
61760,68,68,0,0
61761,163,152,11,11
61762,160,150,10,10
61763,73,80,-7,7
61764,43,44,-1,1
61765,102,103,-1,1
61766,91,109,-18,18
61767,136,120,16,16
61768,92,86,6,6
61769,60,65,-5,5
61770,45,53,-8,8
61771,111,104,7,7
61772,95,107,-12,12
61773,100,101,-1,1
61774,139,147,-8,8
61775,99,91,8,8
61776,68,73,-5,5
61777,55,59,-4,4
61778,110,103,7,7
61779,67,76,-9,9
61780,103,102,1,1
61781,115,114,1,1
61782,131,143,-12,12
61783,106,116,-10,10
61784,154,154,0,0
61785,104,116,-12,12
61786,91,87,4,4
61787,139,145,-6,6
61788,56,61,-5,5
61789,139,134,5,5
61790,72,66,6,6
61791,144,142,2,2
61792,112,109,3,3
61793,68,65,3,3
61794,88,87,1,1
61795,79,98,-19,19
61796,104,111,-7,7
61797,54,53,1,1
61798,111,104,7,7
61799,87,88,-1,1
61800,185,172,13,13
61801,92,88,4,4
61802,68,75,-7,7
61803,91,86,5,5
61804,84,78,6,6
61805,82,82,0,0
61806,126,125,1,1
61807,71,74,-3,3
61808,72,68,4,4
61809,137,137,0,0
61810,61,70,-9,9
61811,106,109,-3,3
61812,59,60,-1,1
61813,77,74,3,3
61814,149,131,18,18
61815,63,67,-4,4
61816,66,73,-7,7
61817,105,105,0,0
61818,85,83,2,2
61819,109,100,9,9
61820,81,88,-7,7
61821,60,64,-4,4
61822,40,45,-5,5
61823,95,89,6,6
61824,110,100,10,10
61825,68,64,4,4
61826,67,69,-2,2
61827,76,77,-1,1
61828,188,180,8,8
61829,59,60,-1,1
61830,131,121,10,10
61831,108,108,0,0
61832,114,120,-6,6
61833,108,108,0,0
61834,104,101,3,3
61835,94,99,-5,5
61836,47,50,-3,3
61837,77,69,8,8
61838,80,84,-4,4
61839,96,97,-1,1
61840,103,106,-3,3
61841,109,111,-2,2
61842,66,76,-10,10
61843,98,89,9,9
61844,126,114,12,12
61845,97,113,-16,16
61846,99,99,0,0
61847,107,111,-4,4
61848,129,129,0,0
61849,87,91,-4,4
61850,69,70,-1,1
61851,115,109,6,6
61852,99,105,-6,6
61853,99,95,4,4
61854,155,165,-10,10
61855,121,117,4,4
61856,123,130,-7,7
61857,91,90,1,1
61858,68,78,-10,10
61859,118,110,8,8
61860,98,105,-7,7
61861,108,107,1,1
61862,112,112,0,0
61863,80,74,6,6
61864,92,135,-43,43
61865,116,112,4,4
61866,56,64,-8,8
61867,127,125,2,2
61868,50,57,-7,7
61869,121,111,10,10
61870,157,155,2,2
61871,78,78,0,0
61872,85,77,8,8
61873,142,142,0,0
61874,42,48,-6,6
61875,62,67,-5,5
61876,61,66,-5,5
61877,75,78,-3,3
61878,82,86,-4,4
61879,107,105,2,2
61880,130,133,-3,3
61881,64,71,-7,7
61882,75,74,1,1
61883,109,107,2,2
61884,65,75,-10,10
61885,112,116,-4,4
61886,88,93,-5,5
61887,140,134,6,6
61888,132,125,7,7
61889,108,116,-8,8
61890,92,79,13,13
61891,63,64,-1,1
61892,48,57,-9,9
61893,144,123,21,21
61894,104,103,1,1
61895,107,104,3,3
61896,52,67,-15,15
61897,73,76,-3,3
61898,44,48,-4,4
61899,120,115,5,5
61900,87,85,2,2
61901,110,119,-9,9
61902,73,75,-2,2
61903,79,89,-10,10
61904,57,63,-6,6
61905,68,72,-4,4
61906,81,101,-20,20
61907,63,63,0,0
61908,41,44,-3,3
61909,71,64,7,7
61910,106,114,-8,8
61911,105,93,12,12
61912,183,153,30,30
61913,111,120,-9,9
61914,137,134,3,3
61915,51,60,-9,9
61916,40,43,-3,3
61917,70,79,-9,9
61918,120,117,3,3
61919,57,65,-8,8
61920,66,64,2,2
61921,140,123,17,17
61922,71,79,-8,8
61923,96,92,4,4
61924,108,111,-3,3
61925,134,146,-12,12
61926,97,99,-2,2
61927,44,46,-2,2
61928,49,51,-2,2
61929,63,62,1,1
61930,97,104,-7,7
61931,38,39,-1,1
61932,68,68,0,0
61933,114,102,12,12
61934,105,110,-5,5
61935,36,39,-3,3
61936,69,64,5,5
61937,101,101,0,0
61938,155,143,12,12
61939,53,69,-16,16
61940,151,148,3,3
61941,65,65,0,0
61942,64,67,-3,3
61943,181,169,12,12
61944,110,109,1,1
61945,93,99,-6,6
61946,183,175,8,8
61947,94,92,2,2
61948,91,94,-3,3
61949,105,113,-8,8
61950,51,54,-3,3
61951,76,76,0,0
61952,60,72,-12,12
61953,72,70,2,2
61954,108,107,1,1
61955,119,116,3,3
61956,98,113,-15,15
61957,119,110,9,9
61958,122,119,3,3
61959,90,90,0,0
61960,55,59,-4,4
61961,62,61,1,1
61962,41,55,-14,14
61963,86,83,3,3
61964,58,61,-3,3
61965,159,160,-1,1
61966,84,89,-5,5
61967,101,102,-1,1
61968,107,99,8,8
61969,150,145,5,5
61970,105,110,-5,5
61971,83,84,-1,1
61972,78,90,-12,12
61973,51,52,-1,1
61974,83,98,-15,15
61975,111,117,-6,6
61976,116,127,-11,11
61977,124,101,23,23
61978,116,114,2,2
61979,133,129,4,4
61980,143,139,4,4
61981,102,105,-3,3
61982,94,99,-5,5
61983,66,68,-2,2
61984,76,83,-7,7
61985,108,103,5,5
61986,69,64,5,5
61987,90,80,10,10
61988,65,73,-8,8
61989,157,159,-2,2
61990,81,75,6,6
61991,116,125,-9,9
61992,94,92,2,2
61993,98,114,-16,16
61994,149,143,6,6
61995,87,91,-4,4
61996,124,127,-3,3
61997,121,121,0,0
61998,157,146,11,11
61999,100,97,3,3
62000,129,131,-2,2
62001,97,99,-2,2
62002,57,59,-2,2
62003,108,105,3,3
62004,64,60,4,4
62005,195,176,19,19
62006,81,78,3,3
62007,92,89,3,3
62008,139,147,-8,8
62009,67,67,0,0
62010,78,88,-10,10
62011,56,64,-8,8
62012,90,89,1,1
62013,69,73,-4,4
62014,109,103,6,6
62015,67,68,-1,1
62016,65,71,-6,6
62017,67,78,-11,11
62018,128,117,11,11
62019,101,101,0,0
62020,103,104,-1,1
62021,66,66,0,0
62022,78,81,-3,3
62023,121,116,5,5
62024,99,108,-9,9
62025,69,62,7,7
62026,64,68,-4,4
62027,66,64,2,2
62028,76,79,-3,3
62029,91,90,1,1
62030,49,57,-8,8
62031,222,194,28,28
62032,71,64,7,7
62033,155,153,2,2
62034,80,82,-2,2
62035,94,79,15,15
62036,70,66,4,4
62037,106,108,-2,2
62038,81,85,-4,4
62039,90,81,9,9
62040,73,75,-2,2
62041,65,64,1,1
62042,71,77,-6,6
62043,140,123,17,17
62044,109,118,-9,9
62045,72,72,0,0
62046,95,108,-13,13
62047,92,85,7,7
62048,104,112,-8,8
62049,74,76,-2,2
62050,102,104,-2,2
62051,75,80,-5,5
62052,100,99,1,1
62053,111,119,-8,8
62054,52,52,0,0
62055,79,73,6,6
62056,99,93,6,6
62057,140,147,-7,7
62058,181,185,-4,4
62059,106,106,0,0
62060,59,54,5,5
62061,129,122,7,7
62062,95,114,-19,19
62063,50,54,-4,4
62064,71,69,2,2
62065,46,59,-13,13
62066,103,110,-7,7
62067,82,86,-4,4
62068,114,110,4,4
62069,114,114,0,0
62070,92,98,-6,6
62071,74,80,-6,6
62072,102,107,-5,5
62073,104,105,-1,1
62074,86,83,3,3
62075,51,65,-14,14
62076,86,83,3,3
62077,78,81,-3,3
62078,99,107,-8,8
62079,95,88,7,7
62080,82,83,-1,1
62081,111,117,-6,6
62082,129,114,15,15
62083,90,112,-22,22
62084,139,133,6,6
62085,72,81,-9,9
62086,55,59,-4,4
62087,165,157,8,8
62088,115,119,-4,4
62089,61,71,-10,10
62090,84,80,4,4
62091,136,137,-1,1
62092,83,79,4,4
62093,27,62,-35,35
62094,108,110,-2,2
62095,147,136,11,11
62096,120,123,-3,3
62097,73,94,-21,21
62098,60,69,-9,9
62099,123,129,-6,6
62100,89,91,-2,2
62101,73,67,6,6
62102,64,69,-5,5
62103,62,65,-3,3
62104,100,99,1,1
62105,100,90,10,10
62106,48,66,-18,18
62107,119,115,4,4
62108,53,57,-4,4
62109,142,146,-4,4
62110,58,61,-3,3
62111,100,113,-13,13
62112,77,77,0,0
62113,71,86,-15,15
62114,126,128,-2,2
62115,50,54,-4,4
62116,205,169,36,36
62117,60,66,-6,6
62118,91,89,2,2
62119,70,77,-7,7
62120,90,99,-9,9
62121,159,155,4,4
62122,75,79,-4,4
62123,116,94,22,22
62124,109,117,-8,8
62125,143,137,6,6
62126,112,106,6,6
62127,84,86,-2,2
62128,170,177,-7,7
62129,150,151,-1,1
62130,109,106,3,3
62131,161,154,7,7
62132,99,107,-8,8
62133,127,109,18,18
62134,62,50,12,12
62135,133,131,2,2
62136,101,111,-10,10
62137,127,122,5,5
62138,89,85,4,4
62139,95,91,4,4
62140,150,142,8,8
62141,49,48,1,1
62142,92,95,-3,3
62143,92,90,2,2
62144,38,48,-10,10
62145,145,153,-8,8
62146,156,164,-8,8
62147,125,127,-2,2
62148,51,51,0,0
62149,134,116,18,18
62150,92,107,-15,15
62151,85,98,-13,13
62152,60,63,-3,3
62153,67,72,-5,5
62154,99,110,-11,11
62155,159,162,-3,3
62156,86,92,-6,6
62157,75,57,18,18
62158,42,43,-1,1
62159,71,76,-5,5
62160,136,140,-4,4
62161,67,78,-11,11
62162,112,114,-2,2
62163,71,75,-4,4
62164,48,59,-11,11
62165,139,142,-3,3
62166,114,150,-36,36
62167,48,49,-1,1
62168,86,87,-1,1
62169,119,117,2,2
62170,94,97,-3,3
62171,105,109,-4,4
62172,104,99,5,5
62173,85,86,-1,1
62174,66,62,4,4
62175,93,89,4,4
62176,88,92,-4,4
62177,67,69,-2,2
62178,91,103,-12,12
62179,110,110,0,0
62180,80,75,5,5
62181,98,105,-7,7
62182,126,126,0,0
62183,52,63,-11,11
62184,63,71,-8,8
62185,91,99,-8,8
62186,103,107,-4,4
62187,68,68,0,0
62188,73,79,-6,6
62189,95,101,-6,6
62190,100,101,-1,1
62191,111,103,8,8
62192,100,109,-9,9
62193,75,79,-4,4
62194,84,91,-7,7
62195,75,79,-4,4
62196,139,129,10,10
62197,105,110,-5,5
62198,84,97,-13,13
62199,137,127,10,10
62200,65,100,-35,35
62201,97,90,7,7
62202,78,81,-3,3
62203,122,128,-6,6
62204,72,79,-7,7
62205,80,98,-18,18
62206,132,125,7,7
62207,113,111,2,2
62208,121,121,0,0
62209,72,75,-3,3
62210,95,104,-9,9
62211,124,124,0,0
62212,122,122,0,0
62213,152,154,-2,2
62214,105,103,2,2
62215,103,113,-10,10
62216,111,107,4,4
62217,60,52,8,8
62218,75,99,-24,24
62219,69,73,-4,4
62220,85,79,6,6
62221,91,100,-9,9
62222,106,101,5,5
62223,76,85,-9,9
62224,43,48,-5,5
62225,65,63,2,2
62226,180,180,0,0
62227,38,58,-20,20
62228,86,85,1,1
62229,77,77,0,0
62230,110,113,-3,3
62231,111,115,-4,4
62232,134,129,5,5
62233,123,129,-6,6
62234,67,70,-3,3
62235,77,82,-5,5
62236,95,103,-8,8
62237,94,96,-2,2
62238,131,130,1,1
62239,88,105,-17,17
62240,130,128,2,2
62241,78,79,-1,1
62242,98,101,-3,3
62243,66,66,0,0
62244,63,68,-5,5
62245,85,83,2,2
62246,82,84,-2,2
62247,82,89,-7,7
62248,104,106,-2,2
62249,120,122,-2,2
62250,68,72,-4,4
62251,108,110,-2,2
62252,101,99,2,2
62253,102,101,1,1
62254,161,165,-4,4
62255,48,53,-5,5
62256,82,89,-7,7
62257,134,133,1,1
62258,102,101,1,1
62259,47,53,-6,6
62260,101,79,22,22
62261,103,101,2,2
62262,158,144,14,14
62263,79,83,-4,4
62264,126,125,1,1
62265,72,79,-7,7
62266,103,108,-5,5
62267,86,99,-13,13
62268,73,86,-13,13
62269,150,146,4,4
62270,69,66,3,3
62271,89,82,7,7
62272,102,99,3,3
62273,89,88,1,1
62274,92,93,-1,1
62275,91,86,5,5
62276,69,76,-7,7
62277,31,47,-16,16
62278,62,60,2,2
62279,74,79,-5,5
62280,73,67,6,6
62281,92,81,11,11
62282,68,71,-3,3
62283,121,116,5,5
62284,160,161,-1,1
62285,124,125,-1,1
62286,71,71,0,0
62287,98,87,11,11
62288,85,83,2,2
62289,93,85,8,8
62290,87,83,4,4
62291,210,181,29,29
62292,74,77,-3,3
62293,84,87,-3,3
62294,141,142,-1,1
62295,68,71,-3,3
62296,118,118,0,0
62297,75,78,-3,3
62298,150,148,2,2
62299,162,158,4,4
62300,59,61,-2,2
62301,82,83,-1,1
62302,118,113,5,5
62303,94,101,-7,7
62304,75,94,-19,19
62305,71,72,-1,1
62306,131,123,8,8
62307,120,114,6,6
62308,91,99,-8,8
62309,112,108,4,4
62310,145,148,-3,3
62311,93,83,10,10
62312,93,90,3,3
62313,89,78,11,11
62314,110,106,4,4
62315,78,76,2,2
62316,80,77,3,3
62317,133,136,-3,3
62318,50,49,1,1
62319,82,83,-1,1
62320,145,128,17,17
62321,126,108,18,18
62322,105,104,1,1
62323,159,160,-1,1
62324,118,125,-7,7
62325,142,138,4,4
62326,108,100,8,8
62327,110,114,-4,4
62328,106,99,7,7
62329,119,120,-1,1
62330,90,93,-3,3
62331,68,74,-6,6
62332,119,115,4,4
62333,162,154,8,8
62334,76,81,-5,5
62335,89,79,10,10
62336,57,60,-3,3
62337,79,81,-2,2
62338,72,78,-6,6
62339,110,101,9,9
62340,82,79,3,3
62341,76,73,3,3
62342,68,76,-8,8
62343,79,106,-27,27
62344,64,69,-5,5
62345,151,137,14,14
62346,64,67,-3,3
62347,110,106,4,4
62348,78,73,5,5
62349,123,123,0,0
62350,118,118,0,0
62351,58,66,-8,8
62352,140,136,4,4
62353,128,120,8,8
62354,57,53,4,4
62355,101,108,-7,7
62356,106,103,3,3
62357,71,77,-6,6
62358,61,62,-1,1
62359,187,163,24,24
62360,123,114,9,9
62361,64,61,3,3
62362,59,66,-7,7
62363,83,86,-3,3
62364,68,73,-5,5
62365,83,78,5,5
62366,111,106,5,5
62367,86,99,-13,13
62368,87,92,-5,5
62369,97,94,3,3
62370,76,78,-2,2
62371,91,94,-3,3
62372,169,154,15,15
62373,51,49,2,2
62374,57,72,-15,15
62375,168,172,-4,4
62376,93,73,20,20
62377,93,90,3,3
62378,98,84,14,14
62379,76,87,-11,11
62380,142,137,5,5
62381,60,64,-4,4
62382,118,115,3,3
62383,40,61,-21,21
62384,68,64,4,4
62385,75,67,8,8
62386,97,97,0,0
62387,124,126,-2,2
62388,68,63,5,5
62389,89,89,0,0
62390,109,113,-4,4
62391,53,52,1,1
62392,112,110,2,2
62393,140,145,-5,5
62394,113,106,7,7
62395,105,117,-12,12
62396,69,67,2,2
62397,98,123,-25,25
62398,150,146,4,4
62399,93,92,1,1
62400,117,128,-11,11
62401,44,47,-3,3
62402,65,61,4,4
62403,78,73,5,5
62404,149,149,0,0
62405,75,74,1,1
62406,82,84,-2,2
62407,93,87,6,6
62408,129,131,-2,2
62409,46,54,-8,8
62410,56,49,7,7
62411,99,87,12,12
62412,31,48,-17,17
62413,113,116,-3,3
62414,167,169,-2,2
62415,113,118,-5,5
62416,171,177,-6,6
62417,71,74,-3,3
62418,103,106,-3,3
62419,76,81,-5,5
62420,64,58,6,6
62421,105,108,-3,3
62422,176,171,5,5
62423,127,119,8,8
62424,118,106,12,12
62425,88,93,-5,5
62426,133,133,0,0
62427,84,98,-14,14
62428,108,114,-6,6
62429,72,73,-1,1
62430,128,125,3,3
62431,36,43,-7,7
62432,116,109,7,7
62433,105,109,-4,4
62434,85,88,-3,3
62435,48,50,-2,2
62436,142,128,14,14
62437,78,64,14,14
62438,72,79,-7,7
62439,255,234,21,21
62440,113,121,-8,8
62441,98,90,8,8
62442,143,128,15,15
62443,85,109,-24,24
62444,111,116,-5,5
62445,106,105,1,1
62446,111,115,-4,4
62447,84,80,4,4
62448,74,76,-2,2
62449,87,91,-4,4
62450,133,134,-1,1
62451,111,118,-7,7
62452,78,80,-2,2
62453,83,88,-5,5
62454,117,104,13,13
62455,97,94,3,3
62456,127,132,-5,5
62457,66,65,1,1
62458,124,120,4,4
62459,72,75,-3,3
62460,108,101,7,7
62461,124,126,-2,2
62462,137,119,18,18
62463,84,87,-3,3
62464,175,176,-1,1
62465,32,35,-3,3
62466,127,114,13,13
62467,139,143,-4,4
62468,84,109,-25,25
62469,138,145,-7,7
62470,147,151,-4,4
62471,49,54,-5,5
62472,87,84,3,3
62473,71,74,-3,3
62474,89,78,11,11
62475,122,123,-1,1
62476,110,118,-8,8
62477,112,116,-4,4
62478,161,143,18,18
62479,78,92,-14,14
62480,84,85,-1,1
62481,96,84,12,12
62482,83,83,0,0
62483,166,147,19,19
62484,69,65,4,4
62485,48,48,0,0
62486,84,67,17,17
62487,113,99,14,14
62488,89,92,-3,3
62489,51,54,-3,3
62490,101,103,-2,2
62491,70,68,2,2
62492,107,102,5,5
62493,99,99,0,0
62494,142,135,7,7
62495,123,114,9,9
62496,81,77,4,4
62497,60,62,-2,2
62498,139,132,7,7
62499,93,89,4,4
62500,123,134,-11,11
62501,101,80,21,21
62502,128,130,-2,2
62503,72,72,0,0
62504,134,123,11,11
62505,89,88,1,1
62506,162,155,7,7
62507,129,114,15,15
62508,97,97,0,0
62509,63,74,-11,11
62510,88,91,-3,3
62511,47,50,-3,3
62512,163,157,6,6
62513,169,178,-9,9
62514,88,86,2,2
62515,116,119,-3,3
62516,68,72,-4,4
62517,66,71,-5,5
62518,75,79,-4,4
62519,79,87,-8,8
62520,132,135,-3,3
62521,64,70,-6,6
62522,154,152,2,2
62523,159,134,25,25
62524,97,103,-6,6
62525,151,145,6,6
62526,64,63,1,1
62527,86,78,8,8
62528,86,105,-19,19
62529,105,105,0,0
62530,135,137,-2,2
62531,78,86,-8,8
62532,180,161,19,19
62533,126,120,6,6
62534,115,119,-4,4
62535,95,110,-15,15
62536,123,110,13,13
62537,49,48,1,1
62538,94,103,-9,9
62539,170,166,4,4
62540,92,89,3,3
62541,101,108,-7,7
62542,93,99,-6,6
62543,123,143,-20,20
62544,83,75,8,8
62545,122,109,13,13
62546,109,125,-16,16
62547,67,60,7,7
62548,59,64,-5,5
62549,79,71,8,8
62550,82,86,-4,4
62551,69,67,2,2
62552,83,89,-6,6
62553,116,111,5,5
62554,202,180,22,22
62555,92,103,-11,11
62556,95,94,1,1
62557,104,111,-7,7
62558,124,120,4,4
62559,203,192,11,11
62560,95,98,-3,3
62561,131,130,1,1
62562,42,45,-3,3
62563,106,86,20,20
62564,40,44,-4,4
62565,81,82,-1,1
62566,125,115,10,10
62567,82,82,0,0
62568,121,117,4,4
62569,85,99,-14,14
62570,104,95,9,9
62571,82,79,3,3
62572,76,71,5,5
62573,60,62,-2,2
62574,91,76,15,15
62575,96,90,6,6
62576,118,116,2,2
62577,101,98,3,3
62578,140,144,-4,4
62579,153,151,2,2
62580,115,127,-12,12
62581,38,59,-21,21
62582,74,79,-5,5
62583,28,59,-31,31
62584,65,71,-6,6
62585,113,120,-7,7
62586,109,113,-4,4
62587,93,93,0,0
62588,87,85,2,2
62589,54,57,-3,3
62590,125,121,4,4
62591,141,138,3,3
62592,114,123,-9,9
62593,122,121,1,1
62594,138,140,-2,2
62595,98,98,0,0
62596,84,83,1,1
62597,118,118,0,0
62598,114,116,-2,2
62599,69,74,-5,5
62600,47,59,-12,12
62601,72,60,12,12
62602,72,63,9,9
62603,85,86,-1,1
62604,48,53,-5,5
62605,96,92,4,4
62606,90,88,2,2
62607,99,90,9,9
62608,122,130,-8,8
62609,60,65,-5,5
62610,80,87,-7,7
62611,79,86,-7,7
62612,54,54,0,0
62613,90,92,-2,2
62614,84,89,-5,5
62615,98,102,-4,4
62616,106,107,-1,1
62617,70,76,-6,6
62618,93,84,9,9
62619,81,79,2,2
62620,108,105,3,3
62621,66,69,-3,3
62622,92,89,3,3
62623,58,55,3,3
62624,80,78,2,2
62625,72,78,-6,6
62626,92,86,6,6
62627,114,125,-11,11
62628,149,139,10,10
62629,85,82,3,3
62630,61,57,4,4
62631,104,97,7,7
62632,100,92,8,8
62633,132,131,1,1
62634,132,127,5,5
62635,114,102,12,12
62636,89,96,-7,7
62637,52,51,1,1
62638,51,48,3,3
62639,109,113,-4,4
62640,112,122,-10,10
62641,80,76,4,4
62642,158,177,-19,19
62643,103,95,8,8
62644,59,61,-2,2
62645,118,113,5,5
62646,114,112,2,2
62647,101,101,0,0
62648,64,67,-3,3
62649,75,74,1,1
62650,110,100,10,10
62651,168,183,-15,15
62652,109,103,6,6
62653,106,107,-1,1
62654,32,80,-48,48
62655,86,89,-3,3
62656,185,152,33,33
62657,125,135,-10,10
62658,48,53,-5,5
62659,128,131,-3,3
62660,138,144,-6,6
62661,75,69,6,6
62662,84,105,-21,21
62663,115,104,11,11
62664,58,70,-12,12
62665,97,98,-1,1
62666,152,140,12,12
62667,94,101,-7,7
62668,114,114,0,0
62669,130,140,-10,10
62670,61,65,-4,4
62671,185,168,17,17
62672,110,112,-2,2
62673,58,58,0,0
62674,79,85,-6,6
62675,79,77,2,2
62676,93,89,4,4
62677,129,130,-1,1
62678,134,129,5,5
62679,98,107,-9,9
62680,162,164,-2,2
62681,83,85,-2,2
62682,107,96,11,11
62683,98,111,-13,13
62684,131,120,11,11
62685,57,54,3,3
62686,153,140,13,13
62687,126,128,-2,2
62688,89,88,1,1
62689,68,68,0,0
62690,131,121,10,10
62691,68,80,-12,12
62692,94,84,10,10
62693,135,126,9,9
62694,96,101,-5,5
62695,95,106,-11,11
62696,90,90,0,0
62697,55,59,-4,4
62698,108,116,-8,8
62699,36,37,-1,1
62700,73,72,1,1
62701,73,83,-10,10
62702,102,100,2,2
62703,52,51,1,1
62704,22,52,-30,30
62705,102,93,9,9
62706,136,121,15,15
62707,83,85,-2,2
62708,76,77,-1,1
62709,135,136,-1,1
62710,116,123,-7,7
62711,69,73,-4,4
62712,42,43,-1,1
62713,86,75,11,11
62714,131,131,0,0
62715,119,118,1,1
62716,65,65,0,0
62717,100,108,-8,8
62718,65,69,-4,4
62719,73,74,-1,1
62720,63,66,-3,3
62721,115,154,-39,39
62722,164,149,15,15
62723,146,149,-3,3
62724,64,70,-6,6
62725,101,101,0,0
62726,124,118,6,6
62727,74,79,-5,5
62728,92,78,14,14
62729,90,89,1,1
62730,93,98,-5,5
62731,76,80,-4,4
62732,133,138,-5,5
62733,54,59,-5,5
62734,147,124,23,23
62735,107,114,-7,7
62736,132,116,16,16
62737,129,121,8,8
62738,95,92,3,3
62739,78,89,-11,11
62740,93,86,7,7
62741,85,98,-13,13
62742,138,155,-17,17
62743,106,108,-2,2
62744,45,52,-7,7
62745,50,58,-8,8
62746,55,41,14,14
62747,44,54,-10,10
62748,70,70,0,0
62749,125,122,3,3
62750,82,83,-1,1
62751,80,81,-1,1
62752,120,120,0,0
62753,100,101,-1,1
62754,70,68,2,2
62755,65,66,-1,1
62756,96,103,-7,7
62757,93,96,-3,3
62758,106,102,4,4
62759,168,153,15,15
62760,169,161,8,8
62761,95,89,6,6
62762,95,100,-5,5
62763,81,77,4,4
62764,65,72,-7,7
62765,64,71,-7,7
62766,62,78,-16,16
62767,119,120,-1,1
62768,93,87,6,6
62769,77,74,3,3
62770,141,142,-1,1
62771,66,70,-4,4
62772,76,89,-13,13
62773,148,142,6,6
62774,57,67,-10,10
62775,78,52,26,26
62776,134,112,22,22
62777,133,130,3,3
62778,66,66,0,0
62779,75,72,3,3
62780,97,98,-1,1
62781,131,119,12,12
62782,171,164,7,7
62783,222,218,4,4
62784,102,106,-4,4
62785,60,64,-4,4
62786,144,146,-2,2
62787,43,46,-3,3
62788,82,80,2,2
62789,84,85,-1,1
62790,92,101,-9,9
62791,94,75,19,19
62792,179,178,1,1
62793,119,123,-4,4
62794,61,69,-8,8
62795,93,103,-10,10
62796,53,54,-1,1
62797,142,142,0,0
62798,69,72,-3,3
62799,90,97,-7,7
62800,139,142,-3,3
62801,90,112,-22,22
62802,56,58,-2,2
62803,113,121,-8,8
62804,91,91,0,0
62805,86,87,-1,1
62806,111,107,4,4
62807,74,67,7,7
62808,139,129,10,10
62809,96,88,8,8
62810,105,103,2,2
62811,139,141,-2,2
62812,61,65,-4,4
62813,70,74,-4,4
62814,70,77,-7,7
62815,61,63,-2,2
62816,127,137,-10,10
62817,92,104,-12,12
62818,120,114,6,6
62819,52,57,-5,5
62820,86,87,-1,1
62821,62,61,1,1
62822,101,122,-21,21
62823,85,104,-19,19
62824,96,104,-8,8
62825,105,108,-3,3
62826,122,123,-1,1
62827,116,116,0,0
62828,98,82,16,16
62829,154,150,4,4
62830,100,97,3,3
62831,164,158,6,6
62832,162,157,5,5
62833,136,139,-3,3
62834,62,70,-8,8
62835,178,171,7,7
62836,109,95,14,14
62837,121,108,13,13
62838,108,124,-16,16
62839,84,85,-1,1
62840,131,119,12,12
62841,122,112,10,10
62842,64,76,-12,12
62843,84,86,-2,2
62844,72,74,-2,2
62845,185,167,18,18
62846,77,76,1,1
62847,137,159,-22,22
62848,93,105,-12,12
62849,86,100,-14,14
62850,144,127,17,17
62851,78,87,-9,9
62852,61,67,-6,6
62853,129,119,10,10
62854,52,67,-15,15
62855,195,187,8,8
62856,87,93,-6,6
62857,101,108,-7,7
62858,103,106,-3,3
62859,169,162,7,7
62860,104,105,-1,1
62861,80,78,2,2
62862,40,56,-16,16
62863,90,100,-10,10
62864,89,99,-10,10
62865,105,105,0,0
62866,86,98,-12,12
62867,133,129,4,4
62868,89,87,2,2
62869,64,64,0,0
62870,94,105,-11,11
62871,86,98,-12,12
62872,128,124,4,4
62873,53,59,-6,6
62874,91,81,10,10
62875,74,73,1,1
62876,64,66,-2,2
62877,81,71,10,10
62878,66,69,-3,3
62879,76,71,5,5
62880,91,90,1,1
62881,76,76,0,0
62882,109,100,9,9
62883,77,74,3,3
62884,76,77,-1,1
62885,110,103,7,7
62886,88,85,3,3
62887,120,115,5,5
62888,127,126,1,1
62889,106,110,-4,4
62890,201,194,7,7
62891,111,112,-1,1
62892,231,209,22,22
62893,59,67,-8,8
62894,150,142,8,8
62895,141,135,6,6
62896,62,60,2,2
62897,191,190,1,1
62898,119,121,-2,2
62899,72,79,-7,7
62900,103,105,-2,2
62901,79,86,-7,7
62902,106,109,-3,3
62903,104,123,-19,19
62904,88,98,-10,10
62905,78,85,-7,7
62906,81,91,-10,10
62907,98,104,-6,6
62908,123,123,0,0
62909,142,140,2,2
62910,74,74,0,0
62911,163,154,9,9
62912,102,92,10,10
62913,60,61,-1,1
62914,133,121,12,12
62915,59,61,-2,2
62916,47,55,-8,8
62917,86,90,-4,4
62918,124,118,6,6
62919,28,35,-7,7
62920,59,62,-3,3
62921,124,135,-11,11
62922,105,105,0,0
62923,103,100,3,3
62924,80,80,0,0
62925,82,79,3,3
62926,84,81,3,3
62927,128,129,-1,1
62928,101,106,-5,5
62929,72,74,-2,2
62930,89,81,8,8
62931,119,121,-2,2
62932,181,174,7,7
62933,146,146,0,0
62934,58,61,-3,3
62935,80,74,6,6
62936,37,42,-5,5
62937,45,56,-11,11
62938,95,110,-15,15
62939,108,108,0,0
62940,79,75,4,4
62941,85,75,10,10
62942,53,62,-9,9
62943,211,194,17,17
62944,103,106,-3,3
62945,77,76,1,1
62946,75,74,1,1
62947,95,99,-4,4
62948,102,93,9,9
62949,77,79,-2,2
62950,54,54,0,0
62951,110,109,1,1
62952,121,115,6,6
62953,89,75,14,14
62954,93,102,-9,9
62955,44,49,-5,5
62956,84,100,-16,16
62957,135,128,7,7
62958,66,61,5,5
62959,104,116,-12,12
62960,141,131,10,10
62961,98,90,8,8
62962,90,99,-9,9
62963,115,114,1,1
62964,109,113,-4,4
62965,69,77,-8,8
62966,64,61,3,3
62967,185,172,13,13
62968,114,112,2,2
62969,191,170,21,21
62970,49,50,-1,1
62971,83,91,-8,8
62972,100,101,-1,1
62973,98,89,9,9
62974,69,79,-10,10
62975,103,96,7,7
62976,148,158,-10,10
62977,81,71,10,10
62978,151,152,-1,1
62979,70,60,10,10
62980,88,82,6,6
62981,93,102,-9,9
62982,60,73,-13,13
62983,88,82,6,6
62984,63,68,-5,5
62985,92,87,5,5
62986,108,114,-6,6
62987,78,86,-8,8
62988,156,145,11,11
62989,63,64,-1,1
62990,58,58,0,0
62991,38,42,-4,4
62992,107,104,3,3
62993,101,100,1,1
62994,65,70,-5,5
62995,120,125,-5,5
62996,101,97,4,4
62997,106,92,14,14
62998,72,72,0,0
62999,127,120,7,7
63000,65,68,-3,3
63001,126,116,10,10
63002,113,112,1,1
63003,104,116,-12,12
63004,152,146,6,6
63005,57,62,-5,5
63006,83,78,5,5
63007,101,106,-5,5
63008,81,83,-2,2
63009,54,66,-12,12
63010,80,78,2,2
63011,83,89,-6,6
63012,31,45,-14,14
63013,64,67,-3,3
63014,159,166,-7,7
63015,133,131,2,2
63016,116,125,-9,9
63017,57,51,6,6
63018,99,96,3,3
63019,62,58,4,4
63020,90,87,3,3
63021,117,117,0,0
63022,142,131,11,11
63023,177,166,11,11
63024,59,62,-3,3
63025,89,104,-15,15
63026,69,67,2,2
63027,63,72,-9,9
63028,46,75,-29,29
63029,136,147,-11,11
63030,105,120,-15,15
63031,127,136,-9,9
63032,66,73,-7,7
63033,138,139,-1,1
63034,71,71,0,0
63035,97,101,-4,4
63036,112,116,-4,4
63037,77,82,-5,5
63038,57,61,-4,4
63039,84,90,-6,6
63040,85,79,6,6
63041,111,106,5,5
63042,123,120,3,3
63043,110,118,-8,8
63044,114,120,-6,6
63045,111,138,-27,27
63046,71,80,-9,9
63047,93,86,7,7
63048,343,291,52,52
63049,72,77,-5,5
63050,186,164,22,22
63051,62,64,-2,2
63052,79,81,-2,2
63053,129,133,-4,4
63054,121,139,-18,18
63055,105,103,2,2
63056,157,147,10,10
63057,115,109,6,6
63058,78,77,1,1
63059,179,190,-11,11
63060,80,78,2,2
63061,113,122,-9,9
63062,87,90,-3,3
63063,95,100,-5,5
63064,95,104,-9,9
63065,104,106,-2,2
63066,88,89,-1,1
63067,61,67,-6,6
63068,63,58,5,5
63069,87,107,-20,20
63070,157,169,-12,12
63071,92,126,-34,34
63072,53,58,-5,5
63073,128,122,6,6
63074,114,111,3,3
63075,95,88,7,7
63076,102,103,-1,1
63077,120,123,-3,3
63078,110,121,-11,11
63079,207,197,10,10
63080,103,102,1,1
63081,55,59,-4,4
63082,98,99,-1,1
63083,99,103,-4,4
63084,94,100,-6,6
63085,82,91,-9,9
63086,60,85,-25,25
63087,95,104,-9,9
63088,113,105,8,8
63089,113,116,-3,3
63090,105,103,2,2
63091,80,65,15,15
63092,104,112,-8,8
63093,97,99,-2,2
63094,62,68,-6,6
63095,62,75,-13,13
63096,85,92,-7,7
63097,114,114,0,0
63098,72,65,7,7
63099,82,77,5,5
63100,94,87,7,7
63101,90,97,-7,7
63102,110,102,8,8
63103,90,83,7,7
63104,80,83,-3,3
63105,109,102,7,7
63106,61,66,-5,5
63107,185,179,6,6
63108,117,118,-1,1
63109,139,137,2,2
63110,56,61,-5,5
63111,74,73,1,1
63112,107,117,-10,10
63113,78,86,-8,8
63114,51,53,-2,2
63115,87,87,0,0
63116,114,113,1,1
63117,83,84,-1,1
63118,137,130,7,7
63119,117,115,2,2
63120,87,100,-13,13
63121,69,74,-5,5
63122,86,88,-2,2
63123,150,150,0,0
63124,162,156,6,6
63125,87,86,1,1
63126,68,68,0,0
63127,68,69,-1,1
63128,126,107,19,19
63129,109,105,4,4
63130,106,114,-8,8
63131,114,114,0,0
63132,136,144,-8,8
63133,128,113,15,15
63134,109,113,-4,4
63135,114,119,-5,5
63136,102,107,-5,5
63137,144,133,11,11
63138,52,50,2,2
63139,73,87,-14,14
63140,116,114,2,2
63141,111,101,10,10
63142,106,112,-6,6
63143,125,124,1,1
63144,119,104,15,15
63145,77,81,-4,4
63146,78,77,1,1
63147,62,63,-1,1
63148,80,87,-7,7
63149,101,107,-6,6
63150,130,134,-4,4
63151,165,151,14,14
63152,88,77,11,11
63153,97,107,-10,10
63154,125,118,7,7
63155,55,61,-6,6
63156,76,81,-5,5
63157,124,129,-5,5
63158,82,87,-5,5
63159,60,66,-6,6
63160,107,105,2,2
63161,109,114,-5,5
63162,162,152,10,10
63163,95,111,-16,16
63164,54,55,-1,1
63165,125,126,-1,1
63166,107,102,5,5
63167,74,67,7,7
63168,155,151,4,4
63169,77,84,-7,7
63170,80,75,5,5
63171,122,127,-5,5
63172,71,80,-9,9
63173,112,107,5,5
63174,61,68,-7,7
63175,88,98,-10,10
63176,171,155,16,16
63177,98,89,9,9
63178,59,62,-3,3
63179,150,151,-1,1
63180,94,98,-4,4
63181,112,115,-3,3
63182,113,91,22,22
63183,92,92,0,0
63184,121,124,-3,3
63185,101,94,7,7
63186,82,82,0,0
63187,125,113,12,12
63188,74,74,0,0
63189,68,71,-3,3
63190,104,112,-8,8
63191,80,82,-2,2
63192,101,93,8,8
63193,96,106,-10,10
63194,96,94,2,2
63195,79,86,-7,7
63196,75,75,0,0
63197,121,122,-1,1
63198,173,163,10,10
63199,123,120,3,3
63200,124,120,4,4
63201,123,119,4,4
63202,129,132,-3,3
63203,119,108,11,11
63204,107,114,-7,7
63205,117,108,9,9
63206,74,78,-4,4
63207,72,75,-3,3
63208,92,104,-12,12
63209,102,99,3,3
63210,123,135,-12,12
63211,119,131,-12,12
63212,71,73,-2,2
63213,64,72,-8,8
63214,108,108,0,0
63215,140,128,12,12
63216,90,93,-3,3
63217,128,120,8,8
63218,99,102,-3,3
63219,82,100,-18,18
63220,156,155,1,1
63221,137,137,0,0
63222,78,68,10,10
63223,95,101,-6,6
63224,82,98,-16,16
63225,90,98,-8,8
63226,64,65,-1,1
63227,73,79,-6,6
63228,53,64,-11,11
63229,123,124,-1,1
63230,62,68,-6,6
63231,92,102,-10,10
63232,123,118,5,5
63233,125,118,7,7
63234,41,46,-5,5
63235,187,178,9,9
63236,91,89,2,2
63237,76,78,-2,2
63238,176,164,12,12
63239,93,100,-7,7
63240,87,90,-3,3
63241,89,98,-9,9
63242,88,82,6,6
63243,99,97,2,2
63244,134,121,13,13
63245,95,94,1,1
63246,105,109,-4,4
63247,42,54,-12,12
63248,96,90,6,6
63249,50,64,-14,14
63250,63,67,-4,4
63251,95,107,-12,12
63252,99,99,0,0
63253,109,122,-13,13
63254,133,122,11,11
63255,90,83,7,7
63256,71,73,-2,2
63257,58,68,-10,10
63258,173,170,3,3
63259,77,74,3,3
63260,88,58,30,30
63261,72,71,1,1
63262,116,112,4,4
63263,61,66,-5,5
63264,94,86,8,8
63265,117,123,-6,6
63266,114,115,-1,1
63267,147,142,5,5
63268,125,119,6,6
63269,100,109,-9,9
63270,101,96,5,5
63271,112,115,-3,3
63272,94,87,7,7
63273,119,111,8,8
63274,154,151,3,3
63275,82,82,0,0
63276,58,68,-10,10
63277,131,114,17,17
63278,82,89,-7,7
63279,96,99,-3,3
63280,80,71,9,9
63281,118,123,-5,5
63282,51,63,-12,12
63283,164,161,3,3
63284,77,107,-30,30
63285,144,145,-1,1
63286,132,136,-4,4
63287,89,89,0,0
63288,78,69,9,9
63289,51,61,-10,10
63290,100,107,-7,7
63291,108,108,0,0
63292,143,127,16,16
63293,88,85,3,3
63294,67,65,2,2
63295,121,130,-9,9
63296,90,83,7,7
63297,65,70,-5,5
63298,79,79,0,0
63299,144,137,7,7
63300,55,49,6,6
63301,78,81,-3,3
63302,82,97,-15,15
63303,78,78,0,0
63304,160,161,-1,1
63305,89,81,8,8
63306,101,110,-9,9
63307,114,104,10,10
63308,86,79,7,7
63309,155,156,-1,1
63310,105,109,-4,4
63311,76,71,5,5
63312,149,137,12,12
63313,99,110,-11,11
63314,120,112,8,8
63315,69,72,-3,3
63316,102,103,-1,1
63317,59,57,2,2
63318,54,61,-7,7
63319,107,101,6,6
63320,60,67,-7,7
63321,70,66,4,4
63322,219,216,3,3
63323,83,83,0,0
63324,68,68,0,0
63325,89,92,-3,3
63326,68,76,-8,8
63327,108,114,-6,6
63328,94,102,-8,8
63329,90,92,-2,2
63330,171,162,9,9
63331,35,39,-4,4
63332,39,40,-1,1
63333,80,114,-34,34
63334,69,70,-1,1
63335,109,112,-3,3
63336,112,120,-8,8
63337,127,131,-4,4
63338,87,88,-1,1
63339,60,129,-69,69
63340,67,74,-7,7
63341,151,143,8,8
63342,115,113,2,2
63343,86,91,-5,5
63344,97,86,11,11
63345,128,120,8,8
63346,137,125,12,12
63347,102,103,-1,1
63348,76,80,-4,4
63349,33,35,-2,2
63350,89,87,2,2
63351,68,67,1,1
63352,55,57,-2,2
63353,104,109,-5,5
63354,98,104,-6,6
63355,67,67,0,0
63356,103,103,0,0
63357,87,87,0,0
63358,92,91,1,1
63359,97,87,10,10
63360,144,139,5,5
63361,94,109,-15,15
63362,95,83,12,12
63363,131,117,14,14
63364,102,93,9,9
63365,132,134,-2,2
63366,83,87,-4,4
63367,127,130,-3,3
63368,71,69,2,2
63369,86,86,0,0
63370,202,186,16,16
63371,181,170,11,11
63372,129,132,-3,3
63373,112,109,3,3
63374,118,117,1,1
63375,46,43,3,3
63376,120,102,18,18
63377,55,67,-12,12
63378,141,135,6,6
63379,92,89,3,3
63380,137,142,-5,5
63381,59,60,-1,1
63382,192,198,-6,6
63383,144,146,-2,2
63384,91,92,-1,1
63385,111,116,-5,5
63386,52,53,-1,1
63387,135,130,5,5
63388,43,50,-7,7
63389,138,122,16,16
63390,159,144,15,15
63391,88,95,-7,7
63392,63,65,-2,2
63393,90,96,-6,6
63394,101,99,2,2
63395,72,74,-2,2
63396,64,64,0,0
63397,81,76,5,5
63398,94,96,-2,2
63399,125,125,0,0
63400,64,65,-1,1
63401,68,69,-1,1
63402,77,86,-9,9
63403,125,130,-5,5
63404,68,70,-2,2
63405,131,128,3,3
63406,72,70,2,2
63407,113,110,3,3
63408,136,136,0,0
63409,136,129,7,7
63410,129,119,10,10
63411,118,116,2,2
63412,79,76,3,3
63413,98,98,0,0
63414,117,118,-1,1
63415,98,109,-11,11
63416,30,42,-12,12
63417,76,74,2,2
63418,87,82,5,5
63419,110,105,5,5
63420,80,83,-3,3
63421,48,64,-16,16
63422,120,117,3,3
63423,98,106,-8,8
63424,43,49,-6,6
63425,84,82,2,2
63426,62,66,-4,4
63427,165,167,-2,2
63428,56,62,-6,6
63429,85,88,-3,3
63430,109,97,12,12
63431,149,141,8,8
63432,55,53,2,2
63433,89,94,-5,5
63434,68,76,-8,8
63435,68,68,0,0
63436,146,145,1,1
63437,112,113,-1,1
63438,104,101,3,3
63439,49,53,-4,4
63440,67,65,2,2
63441,70,68,2,2
63442,109,104,5,5
63443,56,55,1,1
63444,148,143,5,5
63445,97,101,-4,4
63446,79,79,0,0
63447,116,109,7,7
63448,97,100,-3,3
63449,79,78,1,1
63450,74,68,6,6
63451,67,61,6,6
63452,118,114,4,4
63453,72,79,-7,7
63454,128,109,19,19
63455,113,118,-5,5
63456,103,114,-11,11
63457,86,91,-5,5
63458,59,66,-7,7
63459,114,125,-11,11
63460,125,133,-8,8
63461,105,104,1,1
63462,70,67,3,3
63463,147,137,10,10
63464,90,82,8,8
63465,81,89,-8,8
63466,65,74,-9,9
63467,63,63,0,0
63468,110,112,-2,2
63469,108,102,6,6
63470,62,80,-18,18
63471,107,108,-1,1
63472,47,52,-5,5
63473,76,79,-3,3
63474,92,98,-6,6
63475,129,129,0,0
63476,87,88,-1,1
63477,90,82,8,8
63478,75,77,-2,2
63479,69,72,-3,3
63480,61,66,-5,5
63481,76,75,1,1
63482,49,53,-4,4
63483,133,125,8,8
63484,147,153,-6,6
63485,115,103,12,12
63486,88,99,-11,11
63487,70,70,0,0
63488,77,79,-2,2
63489,64,63,1,1
63490,182,164,18,18
63491,103,100,3,3
63492,91,98,-7,7
63493,104,104,0,0
63494,67,61,6,6
63495,90,98,-8,8
63496,81,84,-3,3
63497,140,139,1,1
63498,64,70,-6,6
63499,132,134,-2,2
63500,64,64,0,0
63501,117,117,0,0
63502,86,94,-8,8
63503,216,197,19,19
63504,129,124,5,5
63505,107,104,3,3
63506,114,115,-1,1
63507,99,96,3,3
63508,232,208,24,24
63509,81,84,-3,3
63510,117,119,-2,2
63511,142,144,-2,2
63512,33,34,-1,1
63513,80,83,-3,3
63514,95,91,4,4
63515,84,80,4,4
63516,111,120,-9,9
63517,53,60,-7,7
63518,47,61,-14,14
63519,80,81,-1,1
63520,81,79,2,2
63521,74,71,3,3
63522,49,56,-7,7
63523,124,113,11,11
63524,98,99,-1,1
63525,155,157,-2,2
63526,58,61,-3,3
63527,111,106,5,5
63528,99,112,-13,13
63529,124,116,8,8
63530,62,59,3,3
63531,55,56,-1,1
63532,72,73,-1,1
63533,62,66,-4,4
63534,74,73,1,1
63535,76,65,11,11
63536,102,101,1,1
63537,87,88,-1,1
63538,136,132,4,4
63539,89,83,6,6
63540,68,70,-2,2
63541,67,71,-4,4
63542,97,102,-5,5
63543,123,116,7,7
63544,170,158,12,12
63545,120,123,-3,3
63546,110,119,-9,9
63547,100,104,-4,4
63548,37,44,-7,7
63549,84,73,11,11
63550,62,65,-3,3
63551,145,136,9,9
63552,106,107,-1,1
63553,115,110,5,5
63554,126,128,-2,2
63555,141,155,-14,14
63556,92,88,4,4
63557,110,109,1,1
63558,59,70,-11,11
63559,90,83,7,7
63560,77,79,-2,2
63561,70,72,-2,2
63562,77,70,7,7
63563,79,75,4,4
63564,154,145,9,9
63565,137,145,-8,8
63566,106,108,-2,2
63567,116,110,6,6
63568,119,111,8,8
63569,65,61,4,4
63570,139,134,5,5
63571,145,132,13,13
63572,141,138,3,3
63573,119,113,6,6
63574,70,75,-5,5
63575,78,80,-2,2
63576,75,62,13,13
63577,100,97,3,3
63578,163,156,7,7
63579,162,158,4,4
63580,153,146,7,7
63581,94,102,-8,8
63582,74,72,2,2
63583,88,89,-1,1
63584,67,71,-4,4
63585,100,112,-12,12
63586,117,124,-7,7
63587,80,78,2,2
63588,95,82,13,13
63589,77,80,-3,3
63590,121,117,4,4
63591,141,132,9,9
63592,83,75,8,8
63593,55,60,-5,5
63594,87,79,8,8
63595,76,80,-4,4
63596,116,109,7,7
63597,162,195,-33,33
63598,114,115,-1,1
63599,79,79,0,0
63600,117,123,-6,6
63601,54,60,-6,6
63602,87,91,-4,4
63603,124,127,-3,3
63604,101,99,2,2
63605,53,52,1,1
63606,133,131,2,2
63607,75,90,-15,15
63608,78,90,-12,12
63609,69,80,-11,11
63610,40,44,-4,4
63611,84,82,2,2
63612,94,98,-4,4
63613,75,71,4,4
63614,95,100,-5,5
63615,82,101,-19,19
63616,75,74,1,1
63617,141,120,21,21
63618,98,105,-7,7
63619,101,113,-12,12
63620,49,51,-2,2
63621,45,46,-1,1
63622,94,99,-5,5
63623,132,113,19,19
63624,122,105,17,17
63625,96,101,-5,5
63626,89,85,4,4
63627,114,116,-2,2
63628,112,107,5,5
63629,55,66,-11,11
63630,63,64,-1,1
63631,133,116,17,17
63632,71,81,-10,10
63633,81,73,8,8
63634,104,111,-7,7
63635,97,84,13,13
63636,103,110,-7,7
63637,110,101,9,9
63638,91,90,1,1
63639,60,61,-1,1
63640,58,65,-7,7
63641,91,91,0,0
63642,69,76,-7,7
63643,75,85,-10,10
63644,175,182,-7,7
63645,62,66,-4,4
63646,121,126,-5,5
63647,64,67,-3,3
63648,103,100,3,3
63649,109,67,42,42
63650,111,102,9,9
63651,87,81,6,6
63652,146,138,8,8
63653,68,71,-3,3
63654,69,74,-5,5
63655,79,85,-6,6
63656,111,119,-8,8
63657,72,69,3,3
63658,110,106,4,4
63659,106,107,-1,1
63660,112,103,9,9
63661,85,76,9,9
63662,153,157,-4,4
63663,102,83,19,19
63664,75,79,-4,4
63665,123,113,10,10
63666,80,99,-19,19
63667,81,84,-3,3
63668,76,77,-1,1
63669,107,121,-14,14
63670,163,155,8,8
63671,75,84,-9,9
63672,83,82,1,1
63673,72,69,3,3
63674,73,76,-3,3
63675,47,53,-6,6
63676,127,124,3,3
63677,31,38,-7,7
63678,88,83,5,5
63679,131,131,0,0
63680,140,155,-15,15
63681,172,174,-2,2
63682,86,83,3,3
63683,137,133,4,4
63684,108,109,-1,1
63685,67,71,-4,4
63686,157,169,-12,12
63687,42,53,-11,11
63688,81,85,-4,4
63689,96,87,9,9
63690,189,185,4,4
63691,97,109,-12,12
63692,82,88,-6,6
63693,105,94,11,11
63694,107,100,7,7
63695,81,85,-4,4
63696,44,43,1,1
63697,93,94,-1,1
63698,63,64,-1,1
63699,46,98,-52,52
63700,128,135,-7,7
63701,133,138,-5,5
63702,40,45,-5,5
63703,119,114,5,5
63704,100,97,3,3
63705,96,94,2,2
63706,84,87,-3,3
63707,188,189,-1,1
63708,66,71,-5,5
63709,145,147,-2,2
63710,50,61,-11,11
63711,74,73,1,1
63712,82,83,-1,1
63713,92,98,-6,6
63714,131,129,2,2
63715,69,70,-1,1
63716,97,91,6,6
63717,137,135,2,2
63718,98,103,-5,5
63719,67,71,-4,4
63720,107,115,-8,8
63721,49,49,0,0
63722,76,75,1,1
63723,66,67,-1,1
63724,170,158,12,12
63725,101,107,-6,6
63726,95,83,12,12
63727,76,70,6,6
63728,82,83,-1,1
63729,84,82,2,2
63730,106,108,-2,2
63731,64,81,-17,17
63732,91,91,0,0
63733,86,84,2,2
63734,54,54,0,0
63735,82,101,-19,19
63736,89,90,-1,1
63737,97,100,-3,3
63738,161,152,9,9
63739,48,46,2,2
63740,109,109,0,0
63741,159,152,7,7
63742,106,108,-2,2
63743,181,158,23,23
63744,129,136,-7,7
63745,101,111,-10,10
63746,114,111,3,3
63747,126,117,9,9
63748,168,152,16,16
63749,95,103,-8,8
63750,80,83,-3,3
63751,96,92,4,4
63752,35,39,-4,4
63753,73,76,-3,3
63754,89,87,2,2
63755,107,100,7,7
63756,88,93,-5,5
63757,92,101,-9,9
63758,91,78,13,13
63759,91,83,8,8
63760,120,138,-18,18
63761,82,80,2,2
63762,80,84,-4,4
63763,55,55,0,0
63764,76,69,7,7
63765,72,71,1,1
63766,105,101,4,4
63767,113,109,4,4
63768,67,67,0,0
63769,101,110,-9,9
63770,80,85,-5,5
63771,80,84,-4,4
63772,96,87,9,9
63773,71,75,-4,4
63774,148,150,-2,2
63775,72,70,2,2
63776,127,134,-7,7
63777,75,76,-1,1
63778,83,88,-5,5
63779,90,89,1,1
63780,86,90,-4,4
63781,75,80,-5,5
63782,72,74,-2,2
63783,70,62,8,8
63784,105,105,0,0
63785,41,43,-2,2
63786,68,72,-4,4
63787,86,84,2,2
63788,64,58,6,6
63789,86,95,-9,9
63790,51,63,-12,12
63791,124,114,10,10
63792,88,98,-10,10
63793,93,96,-3,3
63794,54,70,-16,16
63795,71,64,7,7
63796,132,136,-4,4
63797,101,100,1,1
63798,172,153,19,19
63799,176,173,3,3
63800,173,177,-4,4
63801,130,128,2,2
63802,79,77,2,2
63803,102,108,-6,6
63804,133,130,3,3
63805,90,71,19,19
63806,102,101,1,1
63807,65,65,0,0
63808,128,121,7,7
63809,159,127,32,32
63810,57,63,-6,6
63811,171,161,10,10
63812,66,73,-7,7
63813,165,154,11,11
63814,51,51,0,0
63815,111,113,-2,2
63816,211,182,29,29
63817,89,84,5,5
63818,74,79,-5,5
63819,86,99,-13,13
63820,129,107,22,22
63821,67,64,3,3
63822,112,115,-3,3
63823,102,86,16,16
63824,76,75,1,1
63825,67,79,-12,12
63826,96,95,1,1
63827,115,118,-3,3
63828,95,103,-8,8
63829,129,126,3,3
63830,78,76,2,2
63831,58,66,-8,8
63832,93,93,0,0
63833,53,51,2,2
63834,62,65,-3,3
63835,89,91,-2,2
63836,110,109,1,1
63837,109,121,-12,12
63838,34,66,-32,32
63839,94,83,11,11
63840,54,60,-6,6
63841,111,115,-4,4
63842,128,131,-3,3
63843,141,139,2,2
63844,92,87,5,5
63845,102,88,14,14
63846,94,104,-10,10
63847,130,123,7,7
63848,93,101,-8,8
63849,86,75,11,11
63850,102,105,-3,3
63851,137,123,14,14
63852,55,48,7,7
63853,118,115,3,3
63854,121,115,6,6
63855,155,143,12,12
63856,71,79,-8,8
63857,140,140,0,0
63858,64,74,-10,10
63859,110,121,-11,11
63860,119,123,-4,4
63861,55,61,-6,6
63862,80,88,-8,8
63863,142,126,16,16
63864,44,56,-12,12
63865,111,116,-5,5
63866,113,110,3,3
63867,146,132,14,14
63868,169,173,-4,4
63869,129,119,10,10
63870,76,82,-6,6
63871,67,65,2,2
63872,75,76,-1,1
63873,68,70,-2,2
63874,74,81,-7,7
63875,80,78,2,2
63876,33,37,-4,4
63877,91,88,3,3
63878,75,72,3,3
63879,94,89,5,5
63880,142,129,13,13
63881,50,109,-59,59
63882,193,197,-4,4
63883,81,87,-6,6
63884,111,108,3,3
63885,130,131,-1,1
63886,51,54,-3,3
63887,73,72,1,1
63888,136,143,-7,7
63889,94,92,2,2
63890,111,103,8,8
63891,119,117,2,2
63892,101,105,-4,4
63893,79,75,4,4
63894,92,91,1,1
63895,84,78,6,6
63896,48,58,-10,10
63897,105,110,-5,5
63898,87,79,8,8
63899,91,100,-9,9
63900,78,83,-5,5
63901,136,150,-14,14
63902,123,125,-2,2
63903,130,130,0,0
63904,126,120,6,6
63905,84,94,-10,10
63906,122,127,-5,5
63907,124,122,2,2
63908,117,114,3,3
63909,49,50,-1,1
63910,63,62,1,1
63911,64,65,-1,1
63912,57,64,-7,7
63913,37,45,-8,8
63914,38,48,-10,10
63915,56,56,0,0
63916,137,130,7,7
63917,109,113,-4,4
63918,158,152,6,6
63919,112,121,-9,9
63920,96,106,-10,10
63921,99,105,-6,6
63922,68,72,-4,4
63923,94,101,-7,7
63924,118,119,-1,1
63925,80,85,-5,5
63926,78,83,-5,5
63927,94,89,5,5
63928,172,172,0,0
63929,39,44,-5,5
63930,62,73,-11,11
63931,152,135,17,17
63932,120,115,5,5
63933,90,82,8,8
63934,105,100,5,5
63935,80,78,2,2
63936,58,63,-5,5
63937,51,59,-8,8
63938,90,88,2,2
63939,107,104,3,3
63940,71,77,-6,6
63941,61,72,-11,11
63942,111,132,-21,21
63943,88,96,-8,8
63944,56,62,-6,6
63945,93,89,4,4
63946,106,104,2,2
63947,96,97,-1,1
63948,81,87,-6,6
63949,63,60,3,3
63950,112,120,-8,8
63951,120,112,8,8
63952,59,59,0,0
63953,103,98,5,5
63954,50,57,-7,7
63955,115,98,17,17
63956,54,63,-9,9
63957,71,73,-2,2
63958,59,62,-3,3
63959,115,108,7,7
63960,47,53,-6,6
63961,100,99,1,1
63962,77,80,-3,3
63963,195,176,19,19
63964,118,115,3,3
63965,90,90,0,0
63966,101,100,1,1
63967,141,134,7,7
63968,153,145,8,8
63969,72,78,-6,6
63970,76,83,-7,7
63971,141,122,19,19
63972,168,154,14,14
63973,189,165,24,24
63974,52,55,-3,3
63975,90,90,0,0
63976,81,84,-3,3
63977,54,61,-7,7
63978,128,121,7,7
63979,86,98,-12,12
63980,65,70,-5,5
63981,53,53,0,0
63982,57,62,-5,5
63983,90,66,24,24
63984,73,80,-7,7
63985,75,85,-10,10
63986,85,81,4,4
63987,143,142,1,1
63988,44,60,-16,16
63989,81,75,6,6
63990,76,83,-7,7
63991,126,123,3,3
63992,46,57,-11,11
63993,139,125,14,14
63994,154,146,8,8
63995,161,163,-2,2
63996,59,55,4,4
63997,78,81,-3,3
63998,85,86,-1,1
63999,48,58,-10,10
64000,71,70,1,1
64001,79,82,-3,3
64002,65,66,-1,1
64003,78,79,-1,1
64004,117,120,-3,3
64005,51,51,0,0
64006,153,87,66,66
64007,118,126,-8,8
64008,66,66,0,0
64009,75,82,-7,7
64010,102,110,-8,8
64011,85,86,-1,1
64012,64,66,-2,2
64013,95,103,-8,8
64014,160,150,10,10
64015,94,88,6,6
64016,68,81,-13,13
64017,180,179,1,1
64018,52,80,-28,28
64019,106,111,-5,5
64020,85,84,1,1
64021,115,129,-14,14
64022,57,51,6,6
64023,104,105,-1,1
64024,53,57,-4,4
64025,79,73,6,6
64026,68,78,-10,10
64027,86,79,7,7
64028,121,115,6,6
64029,54,53,1,1
64030,74,73,1,1
64031,122,141,-19,19
64032,67,65,2,2
64033,128,133,-5,5
64034,56,60,-4,4
64035,146,144,2,2
64036,111,119,-8,8
64037,86,91,-5,5
64038,96,86,10,10
64039,144,148,-4,4
64040,73,76,-3,3
64041,50,56,-6,6
64042,179,179,0,0
64043,83,86,-3,3
64044,62,64,-2,2
64045,103,107,-4,4
64046,101,103,-2,2
64047,59,65,-6,6
64048,74,67,7,7
64049,72,72,0,0
64050,75,86,-11,11
64051,109,114,-5,5
64052,102,92,10,10
64053,143,140,3,3
64054,83,100,-17,17
64055,156,159,-3,3
64056,124,116,8,8
64057,80,80,0,0
64058,161,147,14,14
64059,54,60,-6,6
64060,75,90,-15,15
64061,155,139,16,16
64062,117,105,12,12
64063,130,132,-2,2
64064,225,195,30,30
64065,94,92,2,2
64066,63,58,5,5
64067,72,69,3,3
64068,179,170,9,9
64069,141,140,1,1
64070,82,75,7,7
64071,62,53,9,9
64072,122,127,-5,5
64073,79,75,4,4
64074,93,80,13,13
64075,137,162,-25,25
64076,110,115,-5,5
64077,137,135,2,2
64078,84,74,10,10
64079,64,65,-1,1
64080,64,60,4,4
64081,56,62,-6,6
64082,70,76,-6,6
64083,76,79,-3,3
64084,118,113,5,5
64085,88,82,6,6
64086,81,76,5,5
64087,129,124,5,5
64088,64,70,-6,6
64089,97,89,8,8
64090,123,129,-6,6
64091,86,76,10,10
64092,97,98,-1,1
64093,115,122,-7,7
64094,96,107,-11,11
64095,77,79,-2,2
64096,168,181,-13,13
64097,51,56,-5,5
64098,90,83,7,7
64099,56,65,-9,9
64100,71,79,-8,8
64101,107,111,-4,4
64102,94,86,8,8
64103,46,61,-15,15
64104,118,112,6,6
64105,129,121,8,8
64106,106,112,-6,6
64107,81,84,-3,3
64108,82,77,5,5
64109,56,57,-1,1
64110,79,75,4,4
64111,71,73,-2,2
64112,148,155,-7,7
64113,205,188,17,17
64114,142,127,15,15
64115,85,80,5,5
64116,47,55,-8,8
64117,91,88,3,3
64118,108,108,0,0
64119,73,71,2,2
64120,102,108,-6,6
64121,129,136,-7,7
64122,130,162,-32,32
64123,103,98,5,5
64124,70,92,-22,22
64125,90,86,4,4
64126,118,135,-17,17
64127,85,74,11,11
64128,63,71,-8,8
64129,62,60,2,2
64130,93,97,-4,4
64131,66,85,-19,19
64132,57,59,-2,2
64133,43,53,-10,10
64134,104,100,4,4
64135,131,125,6,6
64136,88,83,5,5
64137,79,81,-2,2
64138,83,71,12,12
64139,77,73,4,4
64140,82,84,-2,2
64141,109,109,0,0
64142,118,112,6,6
64143,134,135,-1,1
64144,124,131,-7,7
64145,105,113,-8,8
64146,102,99,3,3
64147,109,108,1,1
64148,100,102,-2,2
64149,84,89,-5,5
64150,88,84,4,4
64151,86,85,1,1
64152,92,82,10,10
64153,125,121,4,4
64154,70,71,-1,1
64155,167,140,27,27
64156,151,160,-9,9
64157,80,73,7,7
64158,125,110,15,15
64159,140,153,-13,13
64160,101,104,-3,3
64161,68,64,4,4
64162,48,59,-11,11
64163,105,105,0,0
64164,72,70,2,2
64165,73,75,-2,2
64166,139,137,2,2
64167,88,90,-2,2
64168,65,104,-39,39
64169,100,101,-1,1
64170,150,150,0,0
64171,116,117,-1,1
64172,64,60,4,4
64173,115,106,9,9
64174,58,63,-5,5
64175,132,143,-11,11
64176,91,84,7,7
64177,75,70,5,5
64178,98,107,-9,9
64179,109,107,2,2
64180,115,105,10,10
64181,86,99,-13,13
64182,100,88,12,12
64183,77,77,0,0
64184,156,162,-6,6
64185,63,60,3,3
64186,81,84,-3,3
64187,95,90,5,5
64188,70,72,-2,2
64189,100,103,-3,3
64190,92,97,-5,5
64191,150,152,-2,2
64192,99,110,-11,11
64193,133,128,5,5
64194,46,52,-6,6
64195,99,89,10,10
64196,128,121,7,7
64197,77,81,-4,4
64198,77,78,-1,1
64199,62,70,-8,8
64200,175,156,19,19
64201,183,178,5,5
64202,80,81,-1,1
64203,124,123,1,1
64204,116,114,2,2
64205,140,150,-10,10
64206,74,69,5,5
64207,104,120,-16,16
64208,43,54,-11,11
64209,191,179,12,12
64210,245,234,11,11
64211,94,88,6,6
64212,110,100,10,10
64213,86,88,-2,2
64214,49,60,-11,11
64215,116,120,-4,4
64216,58,58,0,0
64217,51,52,-1,1
64218,96,98,-2,2
64219,73,78,-5,5
64220,100,103,-3,3
64221,83,139,-56,56
64222,130,127,3,3
64223,64,69,-5,5
64224,77,80,-3,3
64225,126,132,-6,6
64226,52,52,0,0
64227,84,80,4,4
64228,69,84,-15,15
64229,107,126,-19,19
64230,104,93,11,11
64231,55,57,-2,2
64232,87,94,-7,7
64233,88,90,-2,2
64234,147,150,-3,3
64235,122,115,7,7
64236,120,112,8,8
64237,166,161,5,5
64238,80,89,-9,9
64239,122,124,-2,2
64240,43,43,0,0
64241,121,112,9,9
64242,70,75,-5,5
64243,101,103,-2,2
64244,57,63,-6,6
64245,100,95,5,5
64246,52,61,-9,9
64247,69,74,-5,5
64248,52,49,3,3
64249,60,62,-2,2
64250,74,71,3,3
64251,92,94,-2,2
64252,47,55,-8,8
64253,91,99,-8,8
64254,72,77,-5,5
64255,45,45,0,0
64256,70,79,-9,9
64257,119,121,-2,2
64258,113,117,-4,4
64259,51,55,-4,4
64260,56,62,-6,6
64261,95,98,-3,3
64262,82,91,-9,9
64263,79,78,1,1
64264,70,75,-5,5
64265,78,81,-3,3
64266,94,92,2,2
64267,68,70,-2,2
64268,87,96,-9,9
64269,164,184,-20,20
64270,101,96,5,5
64271,145,146,-1,1
64272,50,51,-1,1
64273,65,83,-18,18
64274,108,101,7,7
64275,77,74,3,3
64276,153,142,11,11
64277,113,108,5,5
64278,181,156,25,25
64279,52,56,-4,4
64280,96,103,-7,7
64281,139,133,6,6
64282,91,90,1,1
64283,73,74,-1,1
64284,77,76,1,1
64285,71,73,-2,2
64286,51,52,-1,1
64287,90,88,2,2
64288,68,66,2,2
64289,73,75,-2,2
64290,94,106,-12,12
64291,69,68,1,1
64292,90,92,-2,2
64293,154,156,-2,2
64294,163,143,20,20
64295,74,77,-3,3
64296,55,62,-7,7
64297,73,80,-7,7
64298,33,33,0,0
64299,154,145,9,9
64300,70,53,17,17
64301,72,75,-3,3
64302,96,105,-9,9
64303,117,119,-2,2
64304,127,124,3,3
64305,84,89,-5,5
64306,99,107,-8,8
64307,72,70,2,2
64308,144,135,9,9
64309,74,78,-4,4
64310,75,75,0,0
64311,89,84,5,5
64312,122,115,7,7
64313,165,160,5,5
64314,45,50,-5,5
64315,82,91,-9,9
64316,84,80,4,4
64317,166,163,3,3
64318,140,130,10,10
64319,96,105,-9,9
64320,73,72,1,1
64321,200,189,11,11
64322,113,113,0,0
64323,137,131,6,6
64324,87,94,-7,7
64325,127,127,0,0
64326,74,63,11,11
64327,89,80,9,9
64328,128,138,-10,10
64329,73,76,-3,3
64330,53,53,0,0
64331,26,45,-19,19
64332,104,108,-4,4
64333,91,84,7,7
64334,157,150,7,7
64335,93,88,5,5
64336,125,129,-4,4
64337,66,62,4,4
64338,125,121,4,4
64339,144,120,24,24
64340,106,102,4,4
64341,129,120,9,9
64342,86,99,-13,13
64343,188,179,9,9
64344,142,133,9,9
64345,54,56,-2,2
64346,185,157,28,28
64347,152,147,5,5
64348,55,55,0,0
64349,74,80,-6,6
64350,132,139,-7,7
64351,80,78,2,2
64352,77,76,1,1
64353,67,83,-16,16
64354,71,68,3,3
64355,129,116,13,13
64356,116,108,8,8
64357,97,93,4,4
64358,39,45,-6,6
64359,44,54,-10,10
64360,73,75,-2,2
64361,78,76,2,2
64362,68,65,3,3
64363,57,55,2,2
64364,97,73,24,24
64365,77,77,0,0
64366,159,156,3,3
64367,144,132,12,12
64368,58,63,-5,5
64369,74,83,-9,9
64370,47,52,-5,5
64371,86,79,7,7
64372,95,82,13,13
64373,74,72,2,2
64374,84,99,-15,15
64375,175,169,6,6
64376,47,47,0,0
64377,110,105,5,5
64378,181,172,9,9
64379,117,117,0,0
64380,77,70,7,7
64381,88,80,8,8
64382,84,91,-7,7
64383,56,54,2,2
64384,49,48,1,1
64385,75,80,-5,5
64386,58,56,2,2
64387,110,113,-3,3
64388,80,82,-2,2
64389,120,131,-11,11
64390,79,102,-23,23
64391,107,113,-6,6
64392,79,80,-1,1
64393,69,70,-1,1
64394,36,47,-11,11
64395,106,108,-2,2
64396,64,62,2,2
64397,91,92,-1,1
64398,70,74,-4,4
64399,69,70,-1,1
64400,75,76,-1,1
64401,54,56,-2,2
64402,69,77,-8,8
64403,105,119,-14,14
64404,67,73,-6,6
64405,28,38,-10,10
64406,57,62,-5,5
64407,46,41,5,5
64408,52,60,-8,8
64409,122,123,-1,1
64410,101,100,1,1
64411,129,122,7,7
64412,143,157,-14,14
64413,193,180,13,13
64414,55,60,-5,5
64415,92,91,1,1
64416,107,90,17,17
64417,137,122,15,15
64418,100,104,-4,4
64419,61,71,-10,10
64420,113,102,11,11
64421,112,110,2,2
64422,78,70,8,8
64423,82,89,-7,7
64424,58,69,-11,11
64425,65,55,10,10
64426,52,62,-10,10
64427,106,105,1,1
64428,47,55,-8,8
64429,72,80,-8,8
64430,75,79,-4,4
64431,135,142,-7,7
64432,87,90,-3,3
64433,175,168,7,7
64434,99,107,-8,8
64435,50,52,-2,2
64436,90,85,5,5
64437,83,97,-14,14
64438,68,72,-4,4
64439,85,87,-2,2
64440,73,79,-6,6
64441,58,69,-11,11
64442,78,78,0,0
64443,89,99,-10,10
64444,49,51,-2,2
64445,73,65,8,8
64446,108,85,23,23
64447,60,68,-8,8
64448,142,128,14,14
64449,217,199,18,18
64450,57,54,3,3
64451,61,58,3,3
64452,82,76,6,6
64453,73,76,-3,3
64454,108,109,-1,1
64455,139,147,-8,8
64456,80,78,2,2
64457,218,216,2,2
64458,119,120,-1,1
64459,105,105,0,0
64460,57,61,-4,4
64461,106,117,-11,11
64462,74,81,-7,7
64463,77,82,-5,5
64464,143,137,6,6
64465,103,105,-2,2
64466,120,115,5,5
64467,124,112,12,12
64468,112,110,2,2
64469,105,101,4,4
64470,144,144,0,0
64471,97,89,8,8
64472,65,65,0,0
64473,74,74,0,0
64474,55,60,-5,5
64475,80,81,-1,1
64476,115,115,0,0
64477,145,150,-5,5
64478,103,114,-11,11
64479,132,123,9,9
64480,46,39,7,7
64481,59,59,0,0
64482,83,79,4,4
64483,150,147,3,3
64484,182,182,0,0
64485,44,51,-7,7
64486,64,78,-14,14
64487,53,55,-2,2
64488,78,87,-9,9
64489,112,122,-10,10
64490,109,109,0,0
64491,95,106,-11,11
64492,62,87,-25,25
64493,57,64,-7,7
64494,130,131,-1,1
64495,101,99,2,2
64496,135,138,-3,3
64497,100,117,-17,17
64498,107,118,-11,11
64499,97,108,-11,11
64500,79,76,3,3
64501,80,85,-5,5
64502,94,72,22,22
64503,122,121,1,1
64504,57,59,-2,2
64505,58,64,-6,6
64506,76,76,0,0
64507,144,128,16,16
64508,51,51,0,0
64509,54,60,-6,6
64510,85,88,-3,3
64511,61,64,-3,3
64512,148,125,23,23
64513,33,43,-10,10
64514,99,99,0,0
64515,117,113,4,4
64516,82,81,1,1
64517,54,82,-28,28
64518,144,133,11,11
64519,141,136,5,5
64520,80,88,-8,8
64521,203,187,16,16
64522,93,92,1,1
64523,65,69,-4,4
64524,61,57,4,4
64525,139,132,7,7
64526,84,85,-1,1
64527,72,81,-9,9
64528,68,75,-7,7
64529,56,70,-14,14
64530,101,104,-3,3
64531,63,73,-10,10
64532,94,95,-1,1
64533,120,116,4,4
64534,113,119,-6,6
64535,32,37,-5,5
64536,94,108,-14,14
64537,116,118,-2,2
64538,101,100,1,1
64539,57,63,-6,6
64540,144,138,6,6
64541,76,78,-2,2
64542,94,92,2,2
64543,80,82,-2,2
64544,100,101,-1,1
64545,150,138,12,12
64546,85,90,-5,5
64547,77,74,3,3
64548,75,73,2,2
64549,170,157,13,13
64550,138,142,-4,4
64551,74,72,2,2
64552,83,83,0,0
64553,193,189,4,4
64554,95,86,9,9
64555,132,130,2,2
64556,69,68,1,1
64557,120,132,-12,12
64558,102,98,4,4
64559,87,81,6,6
64560,133,115,18,18
64561,106,107,-1,1
64562,90,100,-10,10
64563,61,66,-5,5
64564,87,90,-3,3
64565,130,127,3,3
64566,77,81,-4,4
64567,80,101,-21,21
64568,95,80,15,15
64569,64,65,-1,1
64570,57,65,-8,8
64571,70,72,-2,2
64572,111,109,2,2
64573,54,56,-2,2
64574,142,165,-23,23
64575,52,58,-6,6
64576,47,55,-8,8
64577,133,138,-5,5
64578,140,149,-9,9
64579,60,67,-7,7
64580,186,162,24,24
64581,77,79,-2,2
64582,101,99,2,2
64583,59,60,-1,1
64584,121,130,-9,9
64585,104,110,-6,6
64586,155,131,24,24
64587,83,81,2,2
64588,77,74,3,3
64589,123,112,11,11
64590,59,57,2,2
64591,105,96,9,9
64592,75,83,-8,8
64593,116,109,7,7
64594,72,74,-2,2
64595,149,155,-6,6
64596,119,112,7,7
64597,63,73,-10,10
64598,87,82,5,5
64599,137,132,5,5
64600,82,75,7,7
64601,125,123,2,2
64602,36,57,-21,21
64603,67,71,-4,4
64604,116,118,-2,2
64605,155,144,11,11
64606,103,91,12,12
64607,104,103,1,1
64608,143,139,4,4
64609,123,121,2,2
64610,121,113,8,8
64611,87,78,9,9
64612,72,77,-5,5
64613,49,69,-20,20
64614,69,80,-11,11
64615,72,91,-19,19
64616,116,98,18,18
64617,138,146,-8,8
64618,97,103,-6,6
64619,63,62,1,1
64620,109,103,6,6
64621,80,83,-3,3
64622,96,92,4,4
64623,98,87,11,11
64624,101,108,-7,7
64625,143,142,1,1
64626,90,88,2,2
64627,85,82,3,3
64628,120,126,-6,6
64629,65,61,4,4
64630,161,149,12,12
64631,124,111,13,13
64632,103,104,-1,1
64633,99,101,-2,2
64634,121,130,-9,9
64635,122,121,1,1
64636,104,107,-3,3
64637,160,175,-15,15
64638,109,87,22,22
64639,63,65,-2,2
64640,112,111,1,1
64641,88,83,5,5
64642,88,83,5,5
64643,101,115,-14,14
64644,50,51,-1,1
64645,170,175,-5,5
64646,64,73,-9,9
64647,102,113,-11,11
64648,93,91,2,2
64649,132,128,4,4
64650,75,84,-9,9
64651,84,76,8,8
64652,60,65,-5,5
64653,103,118,-15,15
64654,58,59,-1,1
64655,153,139,14,14
64656,135,125,10,10
64657,62,77,-15,15
64658,162,149,13,13
64659,74,78,-4,4
64660,90,84,6,6
64661,127,127,0,0
64662,97,102,-5,5
64663,102,102,0,0
64664,117,115,2,2
64665,38,45,-7,7
64666,114,109,5,5
64667,45,38,7,7
64668,100,102,-2,2
64669,61,60,1,1
64670,101,92,9,9
64671,120,122,-2,2
64672,152,145,7,7
64673,84,88,-4,4
64674,100,91,9,9
64675,108,106,2,2
64676,124,135,-11,11
64677,148,152,-4,4
64678,46,52,-6,6
64679,119,121,-2,2
64680,118,111,7,7
64681,52,55,-3,3
64682,104,113,-9,9
64683,82,102,-20,20
64684,100,92,8,8
64685,118,110,8,8
64686,70,74,-4,4
64687,104,89,15,15
64688,141,136,5,5
64689,97,100,-3,3
64690,24,28,-4,4
64691,192,172,20,20
64692,71,68,3,3
64693,78,87,-9,9
64694,46,54,-8,8
64695,79,83,-4,4
64696,153,146,7,7
64697,88,102,-14,14
64698,64,72,-8,8
64699,81,73,8,8
64700,81,83,-2,2
64701,105,101,4,4
64702,88,90,-2,2
64703,120,127,-7,7
64704,68,68,0,0
64705,84,86,-2,2
64706,121,119,2,2
64707,80,76,4,4
64708,138,141,-3,3
64709,90,84,6,6
64710,87,92,-5,5
64711,92,96,-4,4
64712,111,122,-11,11
64713,77,74,3,3
64714,74,76,-2,2
64715,170,142,28,28
64716,77,81,-4,4
64717,117,124,-7,7
64718,151,135,16,16
64719,84,89,-5,5
64720,108,119,-11,11
64721,69,76,-7,7
64722,121,128,-7,7
64723,94,105,-11,11
64724,41,45,-4,4
64725,140,136,4,4
64726,76,71,5,5
64727,85,78,7,7
64728,104,111,-7,7
64729,48,56,-8,8
64730,128,136,-8,8
64731,68,71,-3,3
64732,70,70,0,0
64733,93,84,9,9
64734,69,86,-17,17
64735,56,53,3,3
64736,96,101,-5,5
64737,50,52,-2,2
64738,64,71,-7,7
64739,69,76,-7,7
64740,89,86,3,3
64741,75,81,-6,6
64742,77,83,-6,6
64743,68,66,2,2
64744,59,94,-35,35
64745,140,122,18,18
64746,79,73,6,6
64747,46,44,2,2
64748,54,52,2,2
64749,89,94,-5,5
64750,99,106,-7,7
64751,68,70,-2,2
64752,86,97,-11,11
64753,106,98,8,8
64754,82,79,3,3
64755,97,126,-29,29
64756,29,44,-15,15
64757,99,96,3,3
64758,119,123,-4,4
64759,102,106,-4,4
64760,104,108,-4,4
64761,148,126,22,22
64762,146,139,7,7
64763,107,101,6,6
64764,49,54,-5,5
64765,45,47,-2,2
64766,133,131,2,2
64767,102,109,-7,7
64768,110,117,-7,7
64769,100,104,-4,4
64770,112,109,3,3
64771,59,71,-12,12
64772,73,69,4,4
64773,115,127,-12,12
64774,88,86,2,2
64775,77,87,-10,10
64776,133,131,2,2
64777,86,87,-1,1
64778,74,66,8,8
64779,125,123,2,2
64780,97,103,-6,6
64781,71,66,5,5
64782,42,43,-1,1
64783,140,140,0,0
64784,70,70,0,0
64785,76,83,-7,7
64786,59,58,1,1
64787,87,98,-11,11
64788,134,124,10,10
64789,173,164,9,9
64790,47,53,-6,6
64791,112,103,9,9
64792,94,102,-8,8
64793,81,78,3,3
64794,152,152,0,0
64795,56,62,-6,6
64796,72,74,-2,2
64797,82,82,0,0
64798,68,69,-1,1
64799,87,89,-2,2
64800,116,134,-18,18
64801,49,46,3,3
64802,124,123,1,1
64803,146,152,-6,6
64804,151,144,7,7
64805,67,89,-22,22
64806,57,98,-41,41
64807,147,149,-2,2
64808,104,109,-5,5
64809,124,128,-4,4
64810,46,54,-8,8
64811,118,121,-3,3
64812,110,114,-4,4
64813,82,78,4,4
64814,97,88,9,9
64815,104,94,10,10
64816,46,49,-3,3
64817,76,84,-8,8
64818,66,70,-4,4
64819,51,53,-2,2
64820,63,60,3,3
64821,81,79,2,2
64822,110,111,-1,1
64823,160,157,3,3
64824,65,68,-3,3
64825,43,50,-7,7
64826,67,122,-55,55
64827,104,100,4,4
64828,83,96,-13,13
64829,57,72,-15,15
64830,139,135,4,4
64831,78,79,-1,1
64832,68,58,10,10
64833,91,86,5,5
64834,117,121,-4,4
64835,117,114,3,3
64836,110,115,-5,5
64837,67,69,-2,2
64838,89,91,-2,2
64839,96,107,-11,11
64840,92,104,-12,12
64841,87,86,1,1
64842,92,82,10,10
64843,59,68,-9,9
64844,66,67,-1,1
64845,160,163,-3,3
64846,188,169,19,19
64847,96,101,-5,5
64848,75,83,-8,8
64849,140,134,6,6
64850,95,92,3,3
64851,83,85,-2,2
64852,103,106,-3,3
64853,81,86,-5,5
64854,87,86,1,1
64855,90,96,-6,6
64856,66,68,-2,2
64857,100,94,6,6
64858,75,75,0,0
64859,50,52,-2,2
64860,68,69,-1,1
64861,82,80,2,2
64862,72,68,4,4
64863,56,62,-6,6
64864,113,113,0,0
64865,41,50,-9,9
64866,56,65,-9,9
64867,92,87,5,5
64868,68,70,-2,2
64869,63,65,-2,2
64870,111,117,-6,6
64871,74,78,-4,4
64872,91,91,0,0
64873,84,137,-53,53
64874,107,116,-9,9
64875,95,95,0,0
64876,80,77,3,3
64877,125,132,-7,7
64878,57,55,2,2
64879,115,124,-9,9
64880,117,114,3,3
64881,71,76,-5,5
64882,72,71,1,1
64883,199,182,17,17
64884,100,109,-9,9
64885,75,69,6,6
64886,78,76,2,2
64887,82,75,7,7
64888,85,86,-1,1
64889,53,59,-6,6
64890,89,89,0,0
64891,111,104,7,7
64892,58,59,-1,1
64893,74,70,4,4
64894,106,120,-14,14
64895,139,138,1,1
64896,94,92,2,2
64897,66,66,0,0
64898,140,125,15,15
64899,100,102,-2,2
64900,60,62,-2,2
64901,118,107,11,11
64902,108,100,8,8
64903,131,121,10,10
64904,141,151,-10,10
64905,107,112,-5,5
64906,65,80,-15,15
64907,104,112,-8,8
64908,121,127,-6,6
64909,93,101,-8,8
64910,85,96,-11,11
64911,77,70,7,7
64912,113,107,6,6
64913,44,48,-4,4
64914,110,126,-16,16
64915,75,70,5,5
64916,65,75,-10,10
64917,59,60,-1,1
64918,102,97,5,5
64919,93,113,-20,20
64920,85,85,0,0
64921,57,58,-1,1
64922,129,124,5,5
64923,45,58,-13,13
64924,60,79,-19,19
64925,89,99,-10,10
64926,93,98,-5,5
64927,104,106,-2,2
64928,55,57,-2,2
64929,83,88,-5,5
64930,137,133,4,4
64931,109,102,7,7
64932,69,71,-2,2
64933,110,126,-16,16
64934,119,105,14,14
64935,97,91,6,6
64936,81,81,0,0
64937,104,103,1,1
64938,71,81,-10,10
64939,50,60,-10,10
64940,136,127,9,9
64941,70,66,4,4
64942,63,72,-9,9
64943,90,97,-7,7
64944,102,102,0,0
64945,50,55,-5,5
64946,138,126,12,12
64947,103,128,-25,25
64948,127,124,3,3
64949,129,135,-6,6
64950,144,141,3,3
64951,52,60,-8,8
64952,72,76,-4,4
64953,94,101,-7,7
64954,77,72,5,5
64955,62,67,-5,5
64956,91,98,-7,7
64957,58,57,1,1
64958,78,77,1,1
64959,63,67,-4,4
64960,111,105,6,6
64961,87,87,0,0
64962,85,81,4,4
64963,224,196,28,28
64964,99,98,1,1
64965,84,79,5,5
64966,101,103,-2,2
64967,156,136,20,20
64968,50,55,-5,5
64969,82,80,2,2
64970,190,197,-7,7
64971,127,134,-7,7
64972,61,60,1,1
64973,100,105,-5,5
64974,81,84,-3,3
64975,141,128,13,13
64976,80,78,2,2
64977,67,70,-3,3
64978,90,93,-3,3
64979,81,77,4,4
64980,55,54,1,1
64981,85,87,-2,2
64982,36,42,-6,6
64983,87,76,11,11
64984,73,85,-12,12
64985,90,90,0,0
64986,69,70,-1,1
64987,88,86,2,2
64988,64,69,-5,5
64989,56,60,-4,4
64990,130,123,7,7
64991,59,59,0,0
64992,140,148,-8,8
64993,129,119,10,10
64994,122,120,2,2
64995,69,68,1,1
64996,65,76,-11,11
64997,103,104,-1,1
64998,36,36,0,0
64999,193,195,-2,2
65000,123,119,4,4
65001,77,77,0,0
65002,75,74,1,1
65003,85,99,-14,14
65004,124,124,0,0
65005,148,148,0,0
65006,92,99,-7,7
65007,70,73,-3,3
65008,129,122,7,7
65009,51,52,-1,1
65010,98,88,10,10
65011,130,121,9,9
65012,134,131,3,3
65013,89,84,5,5
65014,83,92,-9,9
65015,89,90,-1,1
65016,101,100,1,1
65017,110,102,8,8
65018,68,68,0,0
65019,68,66,2,2
65020,72,75,-3,3
65021,77,81,-4,4
65022,147,135,12,12
65023,117,116,1,1
65024,79,102,-23,23
65025,103,108,-5,5
65026,65,71,-6,6
65027,102,105,-3,3
65028,66,69,-3,3
65029,101,90,11,11
65030,77,79,-2,2
65031,58,65,-7,7
65032,75,78,-3,3
65033,50,66,-16,16
65034,116,115,1,1
65035,78,76,2,2
65036,111,103,8,8
65037,35,43,-8,8
65038,94,90,4,4
65039,136,128,8,8
65040,71,70,1,1
65041,94,107,-13,13
65042,81,78,3,3
65043,54,55,-1,1
65044,94,87,7,7
65045,94,101,-7,7
65046,143,140,3,3
65047,82,82,0,0
65048,156,146,10,10
65049,81,86,-5,5
65050,169,165,4,4
65051,104,104,0,0
65052,107,111,-4,4
65053,69,80,-11,11
65054,123,105,18,18
65055,51,57,-6,6
65056,88,100,-12,12
65057,41,45,-4,4
65058,56,67,-11,11
65059,138,139,-1,1
65060,102,96,6,6
65061,97,96,1,1
65062,124,132,-8,8
65063,124,118,6,6
65064,119,133,-14,14
65065,55,57,-2,2
65066,116,118,-2,2
65067,60,61,-1,1
65068,134,121,13,13
65069,63,90,-27,27
65070,73,76,-3,3
65071,145,141,4,4
65072,111,112,-1,1
65073,110,119,-9,9
65074,194,177,17,17
65075,92,102,-10,10
65076,97,91,6,6
65077,116,119,-3,3
65078,61,60,1,1
65079,150,145,5,5
65080,45,48,-3,3
65081,99,88,11,11
65082,79,76,3,3
65083,118,123,-5,5
65084,74,70,4,4
65085,108,107,1,1
65086,85,78,7,7
65087,89,80,9,9
65088,107,112,-5,5
65089,165,173,-8,8
65090,84,79,5,5
65091,132,126,6,6
65092,90,87,3,3
65093,144,119,25,25
65094,87,97,-10,10
65095,103,90,13,13
65096,98,107,-9,9
65097,88,85,3,3
65098,125,123,2,2
65099,112,103,9,9
65100,51,62,-11,11
65101,105,108,-3,3
65102,149,130,19,19
65103,109,108,1,1
65104,74,74,0,0
65105,83,83,0,0
65106,85,88,-3,3
65107,75,70,5,5
65108,78,85,-7,7
65109,67,68,-1,1
65110,48,51,-3,3
65111,109,92,17,17
65112,92,86,6,6
65113,90,98,-8,8
65114,90,87,3,3
65115,98,99,-1,1
65116,76,74,2,2
65117,83,87,-4,4
65118,148,152,-4,4
65119,99,101,-2,2
65120,68,70,-2,2
65121,79,74,5,5
65122,98,103,-5,5
65123,194,189,5,5
65124,90,84,6,6
65125,70,65,5,5
65126,88,92,-4,4
65127,66,67,-1,1
65128,81,65,16,16
65129,122,123,-1,1
65130,96,100,-4,4
65131,69,72,-3,3
65132,113,99,14,14
65133,61,70,-9,9
65134,101,84,17,17
65135,178,166,12,12
65136,111,109,2,2
65137,81,78,3,3
65138,147,163,-16,16
65139,121,116,5,5
65140,78,69,9,9
65141,86,83,3,3
65142,54,57,-3,3
65143,46,48,-2,2
65144,62,69,-7,7
65145,94,101,-7,7
65146,101,104,-3,3
65147,60,68,-8,8
65148,72,67,5,5
65149,75,84,-9,9
65150,148,141,7,7
65151,123,115,8,8
65152,81,91,-10,10
65153,126,130,-4,4
65154,163,153,10,10
65155,105,108,-3,3
65156,85,82,3,3
65157,102,101,1,1
65158,89,87,2,2
65159,123,130,-7,7
65160,62,60,2,2
65161,78,87,-9,9
65162,98,92,6,6
65163,68,68,0,0
65164,99,106,-7,7
65165,112,106,6,6
65166,89,84,5,5
65167,89,97,-8,8
65168,83,77,6,6
65169,119,119,0,0
65170,92,100,-8,8
65171,77,82,-5,5
65172,74,71,3,3
65173,115,135,-20,20
65174,107,106,1,1
65175,98,89,9,9
65176,136,128,8,8
65177,42,47,-5,5
65178,119,123,-4,4
65179,119,125,-6,6
65180,109,105,4,4
65181,113,111,2,2
65182,164,159,5,5
65183,86,84,2,2
65184,97,103,-6,6
65185,112,117,-5,5
65186,124,121,3,3
65187,84,103,-19,19
65188,77,79,-2,2
65189,87,95,-8,8
65190,52,56,-4,4
65191,112,109,3,3
65192,78,80,-2,2
65193,93,93,0,0
65194,115,130,-15,15
65195,76,72,4,4
65196,209,193,16,16
65197,41,49,-8,8
65198,115,112,3,3
65199,155,140,15,15
65200,53,53,0,0
65201,72,73,-1,1
65202,110,88,22,22
65203,91,97,-6,6
65204,99,99,0,0
65205,88,100,-12,12
65206,100,102,-2,2
65207,73,84,-11,11
65208,70,69,1,1
65209,126,125,1,1
65210,102,103,-1,1
65211,97,92,5,5
65212,60,67,-7,7
65213,44,46,-2,2
65214,62,70,-8,8
65215,52,59,-7,7
65216,128,125,3,3
65217,168,165,3,3
65218,101,103,-2,2
65219,106,110,-4,4
65220,191,174,17,17
65221,51,64,-13,13
65222,196,168,28,28
65223,92,101,-9,9
65224,47,45,2,2
65225,115,105,10,10
65226,70,67,3,3
65227,84,92,-8,8
65228,145,141,4,4
65229,102,104,-2,2
65230,31,32,-1,1
65231,65,66,-1,1
65232,92,89,3,3
65233,77,83,-6,6
65234,90,98,-8,8
65235,30,34,-4,4
65236,72,82,-10,10
65237,109,115,-6,6
65238,148,147,1,1
65239,81,71,10,10
65240,75,73,2,2
65241,60,62,-2,2
65242,147,142,5,5
65243,95,83,12,12
65244,71,78,-7,7
65245,145,154,-9,9
65246,91,101,-10,10
65247,48,72,-24,24
65248,94,98,-4,4
65249,86,97,-11,11
65250,70,70,0,0
65251,120,123,-3,3
65252,117,117,0,0
65253,118,97,21,21
65254,66,68,-2,2
65255,70,67,3,3
65256,51,52,-1,1
65257,80,84,-4,4
65258,78,83,-5,5
65259,136,120,16,16
65260,105,107,-2,2
65261,94,85,9,9
65262,119,115,4,4
65263,119,120,-1,1
65264,66,64,2,2
65265,133,126,7,7
65266,106,106,0,0
65267,110,101,9,9
65268,109,107,2,2
65269,97,113,-16,16
65270,54,60,-6,6
65271,143,139,4,4
65272,103,109,-6,6
65273,55,54,1,1
65274,72,72,0,0
65275,300,242,58,58
65276,110,109,1,1
65277,120,122,-2,2
65278,114,124,-10,10
65279,65,70,-5,5
65280,51,53,-2,2
65281,107,100,7,7
65282,86,92,-6,6
65283,91,91,0,0
65284,102,98,4,4
65285,72,61,11,11
65286,82,82,0,0
65287,134,128,6,6
65288,133,125,8,8
65289,79,85,-6,6
65290,146,144,2,2
65291,176,166,10,10
65292,117,118,-1,1
65293,82,86,-4,4
65294,105,105,0,0
65295,89,93,-4,4
65296,72,79,-7,7
65297,71,63,8,8
65298,117,120,-3,3
65299,140,131,9,9
65300,80,83,-3,3
65301,53,57,-4,4
65302,185,181,4,4
65303,111,103,8,8
65304,92,100,-8,8
65305,91,87,4,4
65306,112,100,12,12
65307,59,60,-1,1
65308,106,103,3,3
65309,53,60,-7,7
65310,132,132,0,0
65311,80,85,-5,5
65312,163,164,-1,1
65313,58,67,-9,9
65314,138,128,10,10
65315,173,170,3,3
65316,64,72,-8,8
65317,78,74,4,4
65318,101,110,-9,9
65319,103,103,0,0
65320,87,80,7,7
65321,105,106,-1,1
65322,94,90,4,4
65323,89,94,-5,5
65324,63,71,-8,8
65325,92,86,6,6
65326,139,144,-5,5
65327,78,82,-4,4
65328,58,81,-23,23
65329,77,81,-4,4
65330,71,115,-44,44
65331,154,157,-3,3
65332,93,88,5,5
65333,61,59,2,2
65334,168,158,10,10
65335,139,129,10,10
65336,78,80,-2,2
65337,132,127,5,5
65338,56,56,0,0
65339,78,81,-3,3
65340,86,88,-2,2
65341,68,69,-1,1
65342,31,58,-27,27
65343,60,63,-3,3
65344,150,142,8,8
65345,117,115,2,2
65346,104,100,4,4
65347,102,103,-1,1
65348,77,86,-9,9
65349,64,70,-6,6
65350,103,108,-5,5
65351,113,106,7,7
65352,96,99,-3,3
65353,114,98,16,16
65354,126,121,5,5
65355,106,111,-5,5
65356,59,63,-4,4
65357,81,84,-3,3
65358,109,106,3,3
65359,121,131,-10,10
65360,70,69,1,1
65361,148,149,-1,1
65362,94,86,8,8
65363,127,121,6,6
65364,117,123,-6,6
65365,104,103,1,1
65366,46,55,-9,9
65367,106,123,-17,17
65368,94,88,6,6
65369,124,115,9,9
65370,62,69,-7,7
65371,62,78,-16,16
65372,74,85,-11,11
65373,53,56,-3,3
65374,40,47,-7,7
65375,70,70,0,0
65376,60,64,-4,4
65377,45,44,1,1
65378,111,111,0,0
65379,37,50,-13,13
65380,88,104,-16,16
65381,51,108,-57,57
65382,66,70,-4,4
65383,76,64,12,12
65384,91,89,2,2
65385,121,124,-3,3
65386,135,130,5,5
65387,87,94,-7,7
65388,99,103,-4,4
65389,106,108,-2,2
65390,83,87,-4,4
65391,94,86,8,8
65392,76,76,0,0
65393,69,68,1,1
65394,100,115,-15,15
65395,118,119,-1,1
65396,66,82,-16,16
65397,89,91,-2,2
65398,104,121,-17,17
65399,110,96,14,14
65400,106,104,2,2
65401,118,116,2,2
65402,83,89,-6,6
65403,85,82,3,3
65404,73,85,-12,12
65405,72,67,5,5
65406,61,63,-2,2
65407,59,62,-3,3
65408,114,121,-7,7
65409,68,74,-6,6
65410,179,177,2,2
65411,70,74,-4,4
65412,91,89,2,2
65413,114,109,5,5
65414,108,107,1,1
65415,79,79,0,0
65416,79,75,4,4
65417,125,128,-3,3
65418,117,103,14,14
65419,68,79,-11,11
65420,79,78,1,1
65421,103,116,-13,13
65422,207,186,21,21
65423,63,69,-6,6
65424,117,116,1,1
65425,63,63,0,0
65426,71,72,-1,1
65427,74,82,-8,8
65428,55,56,-1,1
65429,170,159,11,11
65430,69,69,0,0
65431,51,61,-10,10
65432,55,56,-1,1
65433,73,73,0,0
65434,89,110,-21,21
65435,173,159,14,14
65436,119,115,4,4
65437,85,93,-8,8
65438,94,99,-5,5
65439,104,98,6,6
65440,96,99,-3,3
65441,61,67,-6,6
65442,86,90,-4,4
65443,95,92,3,3
65444,161,154,7,7
65445,80,80,0,0
65446,112,108,4,4
65447,75,83,-8,8
65448,141,132,9,9
65449,161,162,-1,1
65450,99,102,-3,3
65451,94,90,4,4
65452,146,132,14,14
65453,72,72,0,0
65454,105,92,13,13
65455,69,71,-2,2
65456,113,110,3,3
65457,132,115,17,17
65458,121,122,-1,1
65459,91,95,-4,4
65460,70,65,5,5
65461,96,98,-2,2
65462,155,147,8,8
65463,130,139,-9,9
65464,186,167,19,19
65465,96,100,-4,4
65466,146,161,-15,15
65467,113,109,4,4
65468,86,91,-5,5
65469,104,102,2,2
65470,66,66,0,0
65471,96,92,4,4
65472,88,77,11,11
65473,111,105,6,6
65474,146,134,12,12
65475,86,75,11,11
65476,46,48,-2,2
65477,72,73,-1,1
65478,170,156,14,14
65479,35,35,0,0
65480,90,97,-7,7
65481,143,145,-2,2
65482,157,150,7,7
65483,62,68,-6,6
65484,65,65,0,0
65485,75,71,4,4
65486,89,89,0,0
65487,82,76,6,6
65488,80,83,-3,3
65489,56,56,0,0
65490,76,74,2,2
65491,113,115,-2,2
65492,104,114,-10,10
65493,99,99,0,0
65494,62,65,-3,3
65495,140,146,-6,6
65496,76,81,-5,5
65497,114,113,1,1
65498,108,115,-7,7
65499,81,74,7,7
65500,63,64,-1,1
65501,125,122,3,3
65502,70,60,10,10
65503,90,95,-5,5
65504,37,44,-7,7
65505,92,106,-14,14
65506,96,104,-8,8
65507,85,83,2,2
65508,106,111,-5,5
65509,86,83,3,3
65510,101,90,11,11
65511,101,102,-1,1
65512,100,105,-5,5
65513,105,102,3,3
65514,71,77,-6,6
65515,58,54,4,4
65516,179,168,11,11
65517,106,107,-1,1
65518,89,88,1,1
65519,84,72,12,12
65520,113,110,3,3
65521,129,122,7,7
65522,87,98,-11,11
65523,122,127,-5,5
65524,109,112,-3,3
65525,78,84,-6,6
65526,96,94,2,2
65527,176,151,25,25
65528,114,113,1,1
65529,89,79,10,10
65530,115,105,10,10
65531,73,69,4,4
65532,68,71,-3,3
65533,148,143,5,5
65534,70,71,-1,1
65535,108,105,3,3
65536,60,59,1,1
65537,98,86,12,12
65538,47,53,-6,6
65539,84,90,-6,6
65540,60,55,5,5
65541,119,126,-7,7
65542,66,72,-6,6
65543,115,115,0,0
65544,172,154,18,18
65545,105,102,3,3
65546,83,78,5,5
65547,75,71,4,4
65548,48,49,-1,1
65549,100,103,-3,3
65550,59,64,-5,5
65551,67,65,2,2
65552,103,112,-9,9
65553,48,52,-4,4
65554,108,121,-13,13
65555,77,64,13,13
65556,126,124,2,2
65557,82,105,-23,23
65558,38,45,-7,7
65559,99,98,1,1
65560,56,65,-9,9
65561,131,111,20,20
65562,96,86,10,10
65563,83,87,-4,4
65564,120,114,6,6
65565,102,96,6,6
65566,93,99,-6,6
65567,127,124,3,3
65568,67,59,8,8
65569,98,98,0,0
65570,77,71,6,6
65571,84,77,7,7
65572,96,91,5,5
65573,118,116,2,2
65574,84,85,-1,1
65575,70,84,-14,14
65576,100,103,-3,3
65577,118,113,5,5
65578,54,60,-6,6
65579,170,160,10,10
65580,91,101,-10,10
65581,86,83,3,3
65582,82,87,-5,5
65583,123,125,-2,2
65584,94,98,-4,4
65585,86,77,9,9
65586,142,150,-8,8
65587,132,118,14,14
65588,140,134,6,6
65589,177,156,21,21
65590,54,63,-9,9
65591,51,57,-6,6
65592,130,122,8,8
65593,71,74,-3,3
65594,61,60,1,1
65595,93,88,5,5
65596,93,101,-8,8
65597,83,82,1,1
65598,104,99,5,5
65599,93,93,0,0
65600,88,85,3,3
65601,89,96,-7,7
65602,154,157,-3,3
65603,53,56,-3,3
65604,85,83,2,2
65605,89,100,-11,11
65606,107,111,-4,4
65607,102,104,-2,2
65608,88,99,-11,11
65609,35,36,-1,1
65610,118,114,4,4
65611,63,63,0,0
65612,56,64,-8,8
65613,41,44,-3,3
65614,108,111,-3,3
65615,137,138,-1,1
65616,70,68,2,2
65617,131,141,-10,10
65618,83,77,6,6
65619,87,85,2,2
65620,87,98,-11,11
65621,134,132,2,2
65622,108,91,17,17
65623,73,85,-12,12
65624,110,107,3,3
65625,100,79,21,21
65626,57,78,-21,21
65627,101,101,0,0
65628,124,119,5,5
65629,100,103,-3,3
65630,116,121,-5,5
65631,124,110,14,14
65632,119,127,-8,8
65633,95,106,-11,11
65634,131,122,9,9
65635,46,51,-5,5
65636,119,112,7,7
65637,86,81,5,5
65638,148,150,-2,2
65639,63,62,1,1
65640,84,80,4,4
65641,88,85,3,3
65642,125,117,8,8
65643,180,160,20,20
65644,92,100,-8,8
65645,73,77,-4,4
65646,54,61,-7,7
65647,125,131,-6,6
65648,158,155,3,3
65649,115,112,3,3
65650,176,174,2,2
65651,71,89,-18,18
65652,109,121,-12,12
65653,115,111,4,4
65654,135,130,5,5
65655,75,75,0,0
65656,71,77,-6,6
65657,74,85,-11,11
65658,123,132,-9,9
65659,85,86,-1,1
65660,124,120,4,4
65661,51,54,-3,3
65662,53,59,-6,6
65663,97,107,-10,10
65664,92,91,1,1
65665,122,125,-3,3
65666,183,168,15,15
65667,94,103,-9,9
65668,151,141,10,10
65669,65,66,-1,1
65670,146,144,2,2
65671,68,78,-10,10
65672,186,124,62,62
65673,121,110,11,11
65674,77,77,0,0
65675,99,108,-9,9
65676,102,108,-6,6
65677,80,81,-1,1
65678,123,124,-1,1
65679,90,99,-9,9
65680,96,103,-7,7
65681,119,103,16,16
65682,136,134,2,2
65683,84,82,2,2
65684,135,134,1,1
65685,84,106,-22,22
65686,56,58,-2,2
65687,81,84,-3,3
65688,69,62,7,7
65689,89,75,14,14
65690,105,104,1,1
65691,113,117,-4,4
65692,79,76,3,3
65693,167,152,15,15
65694,85,76,9,9
65695,80,83,-3,3
65696,72,75,-3,3
65697,129,130,-1,1
65698,155,135,20,20
65699,53,57,-4,4
65700,48,50,-2,2
65701,45,41,4,4
65702,55,56,-1,1
65703,99,103,-4,4
65704,91,97,-6,6
65705,75,74,1,1
65706,84,83,1,1
65707,38,47,-9,9
65708,41,47,-6,6
65709,86,87,-1,1
65710,76,75,1,1
65711,53,60,-7,7
65712,63,66,-3,3
65713,79,77,2,2
65714,145,137,8,8
65715,97,101,-4,4
65716,120,118,2,2
65717,74,76,-2,2
65718,96,102,-6,6
65719,101,95,6,6
65720,94,105,-11,11
65721,92,83,9,9
65722,83,73,10,10
65723,122,109,13,13
65724,57,59,-2,2
65725,56,64,-8,8
65726,123,126,-3,3
65727,104,105,-1,1
65728,147,134,13,13
65729,190,196,-6,6
65730,120,118,2,2
65731,173,163,10,10
65732,52,52,0,0
65733,134,126,8,8
65734,110,105,5,5
65735,84,81,3,3
65736,92,98,-6,6
65737,112,105,7,7
65738,60,64,-4,4
65739,76,78,-2,2
65740,159,146,13,13
65741,61,69,-8,8
65742,141,134,7,7
65743,107,106,1,1
65744,103,92,11,11
65745,129,133,-4,4
65746,61,60,1,1
65747,77,73,4,4
65748,84,87,-3,3
65749,78,79,-1,1
65750,47,49,-2,2
65751,140,134,6,6
65752,56,57,-1,1
65753,154,143,11,11
65754,77,86,-9,9
65755,85,71,14,14
65756,104,115,-11,11
65757,70,89,-19,19
65758,71,74,-3,3
65759,63,62,1,1
65760,84,82,2,2
65761,110,102,8,8
65762,88,98,-10,10
65763,74,77,-3,3
65764,72,87,-15,15
65765,46,50,-4,4
65766,94,94,0,0
65767,93,103,-10,10
65768,63,63,0,0
65769,100,103,-3,3
65770,71,71,0,0
65771,113,117,-4,4
65772,88,84,4,4
65773,83,68,15,15
65774,76,85,-9,9
65775,83,74,9,9
65776,153,135,18,18
65777,134,138,-4,4
65778,91,91,0,0
65779,56,60,-4,4
65780,89,93,-4,4
65781,51,56,-5,5
65782,121,117,4,4
65783,107,109,-2,2
65784,97,148,-51,51
65785,79,80,-1,1
65786,115,111,4,4
65787,60,65,-5,5
65788,105,105,0,0
65789,65,69,-4,4
65790,57,61,-4,4
65791,169,159,10,10
65792,92,92,0,0
65793,104,121,-17,17
65794,68,68,0,0
65795,72,69,3,3
65796,92,92,0,0
65797,124,124,0,0
65798,85,88,-3,3
65799,123,121,2,2
65800,112,108,4,4
65801,138,149,-11,11
65802,205,191,14,14
65803,88,89,-1,1
65804,82,83,-1,1
65805,77,81,-4,4
65806,68,66,2,2
65807,125,123,2,2
65808,87,87,0,0
65809,112,117,-5,5
65810,66,76,-10,10
65811,132,125,7,7
65812,136,123,13,13
65813,232,214,18,18
65814,63,69,-6,6
65815,77,83,-6,6
65816,121,119,2,2
65817,161,153,8,8
65818,200,163,37,37
65819,65,66,-1,1
65820,104,98,6,6
65821,129,117,12,12
65822,129,143,-14,14
65823,123,119,4,4
65824,72,77,-5,5
65825,59,60,-1,1
65826,94,108,-14,14
65827,102,114,-12,12
65828,74,75,-1,1
65829,64,63,1,1
65830,48,55,-7,7
65831,80,83,-3,3
65832,112,100,12,12
65833,67,124,-57,57
65834,79,88,-9,9
65835,79,83,-4,4
65836,51,54,-3,3
65837,213,197,16,16
65838,116,121,-5,5
65839,82,85,-3,3
65840,88,89,-1,1
65841,154,165,-11,11
65842,93,89,4,4
65843,115,114,1,1
65844,58,55,3,3
65845,89,100,-11,11
65846,69,70,-1,1
65847,124,117,7,7
65848,87,88,-1,1
65849,114,118,-4,4
65850,75,78,-3,3
65851,46,65,-19,19
65852,54,59,-5,5
65853,63,59,4,4
65854,54,54,0,0
65855,70,70,0,0
65856,98,93,5,5
65857,74,75,-1,1
65858,76,75,1,1
65859,80,77,3,3
65860,73,132,-59,59
65861,108,106,2,2
65862,100,98,2,2
65863,64,57,7,7
65864,101,106,-5,5
65865,75,75,0,0
65866,66,75,-9,9
65867,142,137,5,5
65868,47,48,-1,1
65869,71,63,8,8
65870,26,36,-10,10
65871,53,59,-6,6
65872,133,134,-1,1
65873,96,101,-5,5
65874,91,105,-14,14
65875,83,78,5,5
65876,103,109,-6,6
65877,89,83,6,6
65878,90,98,-8,8
65879,95,107,-12,12
65880,32,36,-4,4
65881,72,80,-8,8
65882,99,83,16,16
65883,115,115,0,0
65884,86,94,-8,8
65885,93,110,-17,17
65886,129,121,8,8
65887,92,89,3,3
65888,114,118,-4,4
65889,84,87,-3,3
65890,93,91,2,2
65891,89,107,-18,18
65892,59,61,-2,2
65893,63,67,-4,4
65894,59,61,-2,2
65895,115,117,-2,2
65896,144,123,21,21
65897,76,82,-6,6
65898,112,111,1,1
65899,118,133,-15,15
65900,80,86,-6,6
65901,106,105,1,1
65902,92,100,-8,8
65903,65,68,-3,3
65904,130,139,-9,9
65905,108,103,5,5
65906,44,57,-13,13
65907,101,106,-5,5
65908,72,78,-6,6
65909,67,69,-2,2
65910,73,76,-3,3
65911,184,175,9,9
65912,83,79,4,4
65913,77,78,-1,1
65914,113,110,3,3
65915,46,43,3,3
65916,101,109,-8,8
65917,92,99,-7,7
65918,122,115,7,7
65919,67,64,3,3
65920,134,127,7,7
65921,82,86,-4,4
65922,142,144,-2,2
65923,101,97,4,4
65924,119,127,-8,8
65925,44,48,-4,4
65926,105,108,-3,3
65927,99,106,-7,7
65928,127,123,4,4
65929,76,76,0,0
65930,107,94,13,13
65931,104,112,-8,8
65932,104,100,4,4
65933,100,103,-3,3
65934,106,102,4,4
65935,66,64,2,2
65936,154,141,13,13
65937,124,128,-4,4
65938,118,120,-2,2
65939,79,79,0,0
65940,76,76,0,0
65941,89,88,1,1
65942,67,75,-8,8
65943,104,109,-5,5
65944,108,98,10,10
65945,76,77,-1,1
65946,47,52,-5,5
65947,98,109,-11,11
65948,137,146,-9,9
65949,111,109,2,2
65950,62,59,3,3
65951,37,39,-2,2
65952,69,69,0,0
65953,115,124,-9,9
65954,98,103,-5,5
65955,62,68,-6,6
65956,94,91,3,3
65957,46,55,-9,9
65958,97,86,11,11
65959,108,103,5,5
65960,124,123,1,1
65961,74,87,-13,13
65962,113,116,-3,3
65963,96,103,-7,7
65964,135,131,4,4
65965,81,82,-1,1
65966,101,102,-1,1
65967,109,115,-6,6
65968,121,121,0,0
65969,62,56,6,6
65970,105,113,-8,8
65971,105,96,9,9
65972,96,82,14,14
65973,90,73,17,17
65974,81,76,5,5
65975,137,131,6,6
65976,86,82,4,4
65977,86,89,-3,3
65978,105,113,-8,8
65979,120,116,4,4
65980,70,66,4,4
65981,90,88,2,2
65982,90,89,1,1
65983,79,80,-1,1
65984,62,65,-3,3
65985,56,62,-6,6
65986,62,60,2,2
65987,123,113,10,10
65988,108,113,-5,5
65989,73,78,-5,5
65990,92,84,8,8
65991,97,93,4,4
65992,94,88,6,6
65993,119,121,-2,2
65994,125,123,2,2
65995,252,221,31,31
65996,124,127,-3,3
65997,76,85,-9,9
65998,120,120,0,0
65999,83,84,-1,1
66000,82,83,-1,1
66001,93,95,-2,2
66002,56,61,-5,5
66003,78,92,-14,14
66004,121,152,-31,31
66005,100,88,12,12
66006,91,80,11,11
66007,66,63,3,3
66008,62,62,0,0
66009,72,74,-2,2
66010,77,80,-3,3
66011,93,88,5,5
66012,176,158,18,18
66013,55,58,-3,3
66014,75,79,-4,4
66015,60,61,-1,1
66016,143,119,24,24
66017,117,124,-7,7
66018,36,51,-15,15
66019,45,49,-4,4
66020,96,100,-4,4
66021,81,90,-9,9
66022,106,102,4,4
66023,83,90,-7,7
66024,105,102,3,3
66025,80,86,-6,6
66026,43,39,4,4
66027,103,108,-5,5
66028,134,126,8,8
66029,53,56,-3,3
66030,115,107,8,8
66031,157,139,18,18
66032,67,80,-13,13
66033,104,120,-16,16
66034,148,150,-2,2
66035,116,110,6,6
66036,100,100,0,0
66037,63,69,-6,6
66038,71,79,-8,8
66039,71,66,5,5
66040,67,74,-7,7
66041,105,115,-10,10
66042,102,103,-1,1
66043,53,58,-5,5
66044,71,74,-3,3
66045,115,115,0,0
66046,105,104,1,1
66047,62,81,-19,19
66048,119,117,2,2
66049,151,142,9,9
66050,55,66,-11,11
66051,76,81,-5,5
66052,37,44,-7,7
66053,126,101,25,25
66054,116,99,17,17
66055,119,120,-1,1
66056,86,83,3,3
66057,64,73,-9,9
66058,53,60,-7,7
66059,108,104,4,4
66060,118,114,4,4
66061,126,129,-3,3
66062,71,70,1,1
66063,99,103,-4,4
66064,49,55,-6,6
66065,87,88,-1,1
66066,75,71,4,4
66067,89,91,-2,2
66068,94,88,6,6
66069,100,92,8,8
66070,80,70,10,10
66071,78,78,0,0
66072,65,69,-4,4
66073,104,101,3,3
66074,111,120,-9,9
66075,182,151,31,31
66076,69,71,-2,2
66077,67,66,1,1
66078,99,118,-19,19
66079,82,78,4,4
66080,99,84,15,15
66081,66,68,-2,2
66082,162,157,5,5
66083,142,133,9,9
66084,84,85,-1,1
66085,70,86,-16,16
66086,106,106,0,0
66087,57,59,-2,2
66088,89,82,7,7
66089,119,116,3,3
66090,90,83,7,7
66091,59,68,-9,9
66092,80,78,2,2
66093,113,108,5,5
66094,47,51,-4,4
66095,72,74,-2,2
66096,178,184,-6,6
66097,76,87,-11,11
66098,96,104,-8,8
66099,83,83,0,0
66100,63,65,-2,2
66101,144,142,2,2
66102,42,56,-14,14
66103,52,50,2,2
66104,125,115,10,10
66105,63,66,-3,3
66106,69,60,9,9
66107,78,71,7,7
66108,63,86,-23,23
66109,80,87,-7,7
66110,101,103,-2,2
66111,187,150,37,37
66112,163,146,17,17
66113,109,116,-7,7
66114,101,114,-13,13
66115,86,87,-1,1
66116,72,85,-13,13
66117,142,171,-29,29
66118,99,88,11,11
66119,64,68,-4,4
66120,79,82,-3,3
66121,85,70,15,15
66122,107,83,24,24
66123,97,96,1,1
66124,116,115,1,1
66125,67,69,-2,2
66126,89,104,-15,15
66127,122,113,9,9
66128,140,139,1,1
66129,62,60,2,2
66130,119,133,-14,14
66131,117,113,4,4
66132,104,117,-13,13
66133,47,53,-6,6
66134,73,75,-2,2
66135,159,134,25,25
66136,101,106,-5,5
66137,77,66,11,11
66138,58,57,1,1
66139,78,80,-2,2
66140,97,91,6,6
66141,76,76,0,0
66142,88,90,-2,2
66143,64,64,0,0
66144,81,90,-9,9
66145,69,67,2,2
66146,115,133,-18,18
66147,65,85,-20,20
66148,76,66,10,10
66149,58,63,-5,5
66150,33,37,-4,4
66151,133,126,7,7
66152,45,67,-22,22
66153,123,126,-3,3
66154,100,100,0,0
66155,82,83,-1,1
66156,83,86,-3,3
66157,117,108,9,9
66158,74,71,3,3
66159,103,103,0,0
66160,72,75,-3,3
66161,142,129,13,13
66162,121,111,10,10
66163,82,79,3,3
66164,80,77,3,3
66165,100,103,-3,3
66166,164,162,2,2
66167,95,89,6,6
66168,57,62,-5,5
66169,81,78,3,3
66170,39,40,-1,1
66171,123,121,2,2
66172,127,125,2,2
66173,82,81,1,1
66174,105,106,-1,1
66175,72,71,1,1
66176,37,43,-6,6
66177,85,88,-3,3
66178,152,144,8,8
66179,80,76,4,4
66180,55,59,-4,4
66181,76,89,-13,13
66182,21,43,-22,22
66183,220,204,16,16
66184,159,140,19,19
66185,90,98,-8,8
66186,148,148,0,0
66187,102,100,2,2
66188,83,82,1,1
66189,80,98,-18,18
66190,100,89,11,11
66191,111,102,9,9
66192,79,84,-5,5
66193,82,79,3,3
66194,82,81,1,1
66195,197,189,8,8
66196,188,172,16,16
66197,177,184,-7,7
66198,76,73,3,3
66199,157,173,-16,16
66200,49,57,-8,8
66201,44,43,1,1
66202,66,70,-4,4
66203,156,143,13,13
66204,111,121,-10,10
66205,69,79,-10,10
66206,188,180,8,8
66207,126,112,14,14
66208,73,71,2,2
66209,111,104,7,7
66210,94,85,9,9
66211,57,74,-17,17
66212,132,125,7,7
66213,164,164,0,0
66214,55,60,-5,5
66215,139,132,7,7
66216,77,71,6,6
66217,43,54,-11,11
66218,96,88,8,8
66219,88,83,5,5
66220,74,74,0,0
66221,81,82,-1,1
66222,84,86,-2,2
66223,100,103,-3,3
66224,108,99,9,9
66225,44,60,-16,16
66226,77,83,-6,6
66227,79,84,-5,5
66228,111,114,-3,3
66229,86,86,0,0
66230,61,65,-4,4
66231,85,82,3,3
66232,45,44,1,1
66233,81,74,7,7
66234,159,148,11,11
66235,80,76,4,4
66236,94,85,9,9
66237,89,89,0,0
66238,96,91,5,5
66239,95,82,13,13
66240,127,114,13,13
66241,71,65,6,6
66242,68,67,1,1
66243,80,88,-8,8
66244,122,118,4,4
66245,136,135,1,1
66246,95,98,-3,3
66247,89,86,3,3
66248,88,93,-5,5
66249,44,44,0,0
66250,121,115,6,6
66251,47,49,-2,2
66252,72,72,0,0
66253,72,73,-1,1
66254,145,159,-14,14
66255,77,80,-3,3
66256,129,146,-17,17
66257,65,71,-6,6
66258,121,117,4,4
66259,92,88,4,4
66260,100,106,-6,6
66261,36,47,-11,11
66262,122,118,4,4
66263,112,102,10,10
66264,76,74,2,2
66265,112,124,-12,12
66266,75,81,-6,6
66267,81,81,0,0
66268,102,89,13,13
66269,43,55,-12,12
66270,92,97,-5,5
66271,118,107,11,11
66272,73,70,3,3
66273,179,190,-11,11
66274,63,71,-8,8
66275,128,136,-8,8
66276,161,162,-1,1
66277,178,157,21,21
66278,90,86,4,4
66279,74,75,-1,1
66280,74,80,-6,6
66281,95,101,-6,6
66282,98,103,-5,5
66283,94,89,5,5
66284,115,123,-8,8
66285,131,137,-6,6
66286,99,81,18,18
66287,87,85,2,2
66288,74,79,-5,5
66289,56,60,-4,4
66290,58,61,-3,3
66291,77,84,-7,7
66292,122,111,11,11
66293,70,74,-4,4
66294,40,53,-13,13
66295,106,112,-6,6
66296,100,104,-4,4
66297,73,77,-4,4
66298,72,66,6,6
66299,99,104,-5,5
66300,135,138,-3,3
66301,184,165,19,19
66302,50,70,-20,20
66303,77,78,-1,1
66304,48,54,-6,6
66305,76,63,13,13
66306,87,100,-13,13
66307,137,129,8,8
66308,110,118,-8,8
66309,84,87,-3,3
66310,74,80,-6,6
66311,83,74,9,9
66312,76,77,-1,1
66313,107,136,-29,29
66314,78,74,4,4
66315,87,85,2,2
66316,64,69,-5,5
66317,60,64,-4,4
66318,94,103,-9,9
66319,80,75,5,5
66320,50,51,-1,1
66321,54,55,-1,1
66322,65,61,4,4
66323,101,114,-13,13
66324,89,86,3,3
66325,127,127,0,0
66326,59,68,-9,9
66327,90,102,-12,12
66328,77,81,-4,4
66329,100,109,-9,9
66330,103,105,-2,2
66331,33,56,-23,23
66332,61,61,0,0
66333,63,77,-14,14
66334,47,55,-8,8
66335,51,52,-1,1
66336,141,142,-1,1
66337,74,72,2,2
66338,74,76,-2,2
66339,85,83,2,2
66340,149,137,12,12
66341,90,96,-6,6
66342,79,87,-8,8
66343,93,105,-12,12
66344,79,79,0,0
66345,146,146,0,0
66346,81,78,3,3
66347,83,108,-25,25
66348,196,198,-2,2
66349,114,107,7,7
66350,102,101,1,1
66351,140,134,6,6
66352,46,44,2,2
66353,189,176,13,13
66354,102,101,1,1
66355,96,90,6,6
66356,73,86,-13,13
66357,131,139,-8,8
66358,143,129,14,14
66359,94,113,-19,19
66360,95,100,-5,5
66361,131,125,6,6
66362,138,129,9,9
66363,55,64,-9,9
66364,40,40,0,0
66365,97,92,5,5
66366,70,78,-8,8
66367,95,92,3,3
66368,86,79,7,7
66369,107,103,4,4
66370,45,51,-6,6
66371,107,110,-3,3
66372,77,72,5,5
66373,75,73,2,2
66374,85,85,0,0
66375,81,86,-5,5
66376,100,98,2,2
66377,65,74,-9,9
66378,57,63,-6,6
66379,61,54,7,7
66380,79,81,-2,2
66381,104,106,-2,2
66382,106,109,-3,3
66383,55,57,-2,2
66384,100,99,1,1
66385,89,94,-5,5
66386,73,73,0,0
66387,77,85,-8,8
66388,59,63,-4,4
66389,71,74,-3,3
66390,52,63,-11,11
66391,58,58,0,0
66392,72,68,4,4
66393,90,86,4,4
66394,57,63,-6,6
66395,82,99,-17,17
66396,92,88,4,4
66397,88,76,12,12
66398,49,57,-8,8
66399,91,83,8,8
66400,171,160,11,11
66401,75,96,-21,21
66402,82,81,1,1
66403,74,70,4,4
66404,116,116,0,0
66405,95,83,12,12
66406,116,107,9,9
66407,74,104,-30,30
66408,100,102,-2,2
66409,81,90,-9,9
66410,141,157,-16,16
66411,113,109,4,4
66412,100,92,8,8
66413,80,73,7,7
66414,96,89,7,7
66415,83,85,-2,2
66416,68,77,-9,9
66417,66,65,1,1
66418,73,75,-2,2
66419,169,169,0,0
66420,119,106,13,13
66421,82,98,-16,16
66422,85,85,0,0
66423,92,108,-16,16
66424,92,92,0,0
66425,164,153,11,11
66426,131,132,-1,1
66427,106,123,-17,17
66428,72,72,0,0
66429,54,58,-4,4
66430,75,78,-3,3
66431,62,64,-2,2
66432,89,86,3,3
66433,63,59,4,4
66434,87,82,5,5
66435,136,124,12,12
66436,79,78,1,1
66437,86,88,-2,2
66438,71,74,-3,3
66439,68,64,4,4
66440,127,123,4,4
66441,78,85,-7,7
66442,43,42,1,1
66443,82,80,2,2
66444,61,67,-6,6
66445,91,103,-12,12
66446,78,77,1,1
66447,121,121,0,0
66448,83,86,-3,3
66449,169,175,-6,6
66450,56,62,-6,6
66451,78,61,17,17
66452,73,76,-3,3
66453,66,70,-4,4
66454,67,63,4,4
66455,69,48,21,21
66456,96,98,-2,2
66457,118,113,5,5
66458,67,71,-4,4
66459,58,69,-11,11
66460,77,65,12,12
66461,164,150,14,14
66462,57,63,-6,6
66463,98,101,-3,3
66464,97,91,6,6
66465,58,62,-4,4
66466,107,110,-3,3
66467,70,76,-6,6
66468,121,118,3,3
66469,144,131,13,13
66470,157,154,3,3
66471,113,116,-3,3
66472,66,64,2,2
66473,47,59,-12,12
66474,106,99,7,7
66475,77,82,-5,5
66476,180,182,-2,2
66477,55,56,-1,1
66478,57,71,-14,14
66479,104,106,-2,2
66480,120,116,4,4
66481,124,115,9,9
66482,157,160,-3,3
66483,185,181,4,4
66484,63,65,-2,2
66485,158,140,18,18
66486,161,166,-5,5
66487,61,65,-4,4
66488,104,110,-6,6
66489,65,67,-2,2
66490,174,167,7,7
66491,52,57,-5,5
66492,118,109,9,9
66493,89,85,4,4
66494,88,87,1,1
66495,88,91,-3,3
66496,62,70,-8,8
66497,67,67,0,0
66498,118,113,5,5
66499,113,121,-8,8
66500,99,109,-10,10
66501,68,71,-3,3
66502,50,49,1,1
66503,123,122,1,1
66504,97,97,0,0
66505,93,109,-16,16
66506,132,116,16,16
66507,70,73,-3,3
66508,65,60,5,5
66509,80,100,-20,20
66510,79,75,4,4
66511,96,98,-2,2
66512,69,78,-9,9
66513,142,141,1,1
66514,126,127,-1,1
66515,88,111,-23,23
66516,57,57,0,0
66517,68,65,3,3
66518,97,109,-12,12
66519,128,129,-1,1
66520,129,139,-10,10
66521,92,88,4,4
66522,146,127,19,19
66523,83,86,-3,3
66524,92,86,6,6
66525,207,183,24,24
66526,40,51,-11,11
66527,92,101,-9,9
66528,95,110,-15,15
66529,107,105,2,2
66530,51,56,-5,5
66531,210,188,22,22
66532,73,74,-1,1
66533,103,99,4,4
66534,120,120,0,0
66535,132,114,18,18
66536,112,109,3,3
66537,86,84,2,2
66538,195,189,6,6
66539,69,72,-3,3
66540,91,89,2,2
66541,57,74,-17,17
66542,112,110,2,2
66543,72,84,-12,12
66544,90,86,4,4
66545,99,101,-2,2
66546,46,44,2,2
66547,51,55,-4,4
66548,107,108,-1,1
66549,156,153,3,3
66550,61,64,-3,3
66551,88,85,3,3
66552,107,105,2,2
66553,121,112,9,9
66554,89,83,6,6
66555,99,107,-8,8
66556,87,92,-5,5
66557,46,53,-7,7
66558,152,154,-2,2
66559,67,70,-3,3
66560,164,167,-3,3
66561,68,71,-3,3
66562,94,94,0,0
66563,60,67,-7,7
66564,205,183,22,22
66565,92,89,3,3
66566,95,88,7,7
66567,67,59,8,8
66568,55,61,-6,6
66569,151,135,16,16
66570,160,152,8,8
66571,29,40,-11,11
66572,108,107,1,1
66573,112,120,-8,8
66574,109,161,-52,52
66575,86,81,5,5
66576,75,78,-3,3
66577,60,66,-6,6
66578,64,74,-10,10
66579,64,83,-19,19
66580,110,116,-6,6
66581,81,88,-7,7
66582,79,79,0,0
66583,124,113,11,11
66584,94,101,-7,7
66585,73,89,-16,16
66586,111,106,5,5
66587,107,105,2,2
66588,71,70,1,1
66589,125,127,-2,2
66590,123,111,12,12
66591,63,64,-1,1
66592,98,103,-5,5
66593,101,93,8,8
66594,129,130,-1,1
66595,96,98,-2,2
66596,58,60,-2,2
66597,162,163,-1,1
66598,48,51,-3,3
66599,151,142,9,9
66600,67,67,0,0
66601,122,117,5,5
66602,100,101,-1,1
66603,135,145,-10,10
66604,213,180,33,33
66605,129,140,-11,11
66606,61,70,-9,9
66607,70,75,-5,5
66608,88,91,-3,3
66609,75,75,0,0
66610,159,161,-2,2
66611,100,107,-7,7
66612,75,72,3,3
66613,120,135,-15,15
66614,70,75,-5,5
66615,129,121,8,8
66616,124,108,16,16
66617,105,103,2,2
66618,60,55,5,5
66619,76,71,5,5
66620,64,73,-9,9
66621,145,140,5,5
66622,95,113,-18,18
66623,104,114,-10,10
66624,148,139,9,9
66625,126,128,-2,2
66626,142,134,8,8
66627,67,70,-3,3
66628,96,105,-9,9
66629,114,113,1,1
66630,47,58,-11,11
66631,125,131,-6,6
66632,66,72,-6,6
66633,203,218,-15,15
66634,58,66,-8,8
66635,114,110,4,4
66636,100,122,-22,22
66637,92,102,-10,10
66638,114,123,-9,9
66639,67,70,-3,3
66640,56,54,2,2
66641,78,76,2,2
66642,62,64,-2,2
66643,77,89,-12,12
66644,104,101,3,3
66645,37,47,-10,10
66646,94,92,2,2
66647,108,100,8,8
66648,42,40,2,2
66649,106,106,0,0
66650,74,72,2,2
66651,116,105,11,11
66652,77,65,12,12
66653,123,128,-5,5
66654,89,100,-11,11
66655,74,72,2,2
66656,118,117,1,1
66657,73,76,-3,3
66658,69,85,-16,16
66659,79,77,2,2
66660,58,65,-7,7
66661,172,147,25,25
66662,118,111,7,7
66663,140,131,9,9
66664,124,125,-1,1
66665,111,104,7,7
66666,88,102,-14,14
66667,90,115,-25,25
66668,59,55,4,4
66669,139,144,-5,5
66670,125,127,-2,2
66671,64,66,-2,2
66672,147,137,10,10
66673,50,58,-8,8
66674,81,83,-2,2
66675,105,104,1,1
66676,63,67,-4,4
66677,87,96,-9,9
66678,90,86,4,4
66679,47,49,-2,2
66680,134,126,8,8
66681,61,64,-3,3
66682,73,90,-17,17
66683,73,68,5,5
66684,78,82,-4,4
66685,134,124,10,10
66686,51,47,4,4
66687,108,105,3,3
66688,96,95,1,1
66689,54,65,-11,11
66690,122,123,-1,1
66691,129,128,1,1
66692,86,74,12,12
66693,114,114,0,0
66694,70,73,-3,3
66695,79,83,-4,4
66696,56,59,-3,3
66697,66,68,-2,2
66698,89,82,7,7
66699,106,103,3,3
66700,77,81,-4,4
66701,82,78,4,4
66702,63,81,-18,18
66703,87,86,1,1
66704,119,127,-8,8
66705,146,136,10,10
66706,71,66,5,5
66707,70,80,-10,10
66708,82,84,-2,2
66709,72,73,-1,1
66710,91,92,-1,1
66711,57,73,-16,16
66712,68,68,0,0
66713,92,84,8,8
66714,71,74,-3,3
66715,100,99,1,1
66716,106,100,6,6
66717,64,59,5,5
66718,58,66,-8,8
66719,74,74,0,0
66720,104,117,-13,13
66721,133,125,8,8
66722,59,61,-2,2
66723,77,77,0,0
66724,90,88,2,2
66725,116,95,21,21
66726,94,89,5,5
66727,102,106,-4,4
66728,130,129,1,1
66729,115,118,-3,3
66730,79,76,3,3
66731,151,142,9,9
66732,88,101,-13,13
66733,188,173,15,15
66734,91,92,-1,1
66735,81,76,5,5
66736,74,78,-4,4
66737,80,80,0,0
66738,125,120,5,5
66739,140,136,4,4
66740,60,65,-5,5
66741,45,50,-5,5
66742,65,73,-8,8
66743,120,119,1,1
66744,105,110,-5,5
66745,136,141,-5,5
66746,31,60,-29,29
66747,77,83,-6,6
66748,79,88,-9,9
66749,96,100,-4,4
66750,40,61,-21,21
66751,54,59,-5,5
66752,94,84,10,10
66753,83,107,-24,24
66754,54,58,-4,4
66755,92,92,0,0
66756,146,131,15,15
66757,172,163,9,9
66758,62,63,-1,1
66759,155,154,1,1
66760,111,107,4,4
66761,99,94,5,5
66762,126,119,7,7
66763,55,57,-2,2
66764,202,199,3,3
66765,60,66,-6,6
66766,97,92,5,5
66767,111,107,4,4
66768,114,114,0,0
66769,81,77,4,4
66770,35,48,-13,13
66771,88,88,0,0
66772,62,68,-6,6
66773,84,86,-2,2
66774,96,84,12,12
66775,105,107,-2,2
66776,67,72,-5,5
66777,68,75,-7,7
66778,75,74,1,1
66779,64,70,-6,6
66780,165,146,19,19
66781,92,126,-34,34
66782,136,120,16,16
66783,93,99,-6,6
66784,58,51,7,7
66785,72,75,-3,3
66786,87,88,-1,1
66787,53,61,-8,8
66788,138,122,16,16
66789,98,106,-8,8
66790,81,83,-2,2
66791,82,85,-3,3
66792,140,144,-4,4
66793,92,96,-4,4
66794,116,118,-2,2
66795,169,160,9,9
66796,76,83,-7,7
66797,70,70,0,0
66798,206,187,19,19
66799,118,113,5,5
66800,82,87,-5,5
66801,143,138,5,5
66802,113,108,5,5
66803,82,81,1,1
66804,72,72,0,0
66805,53,52,1,1
66806,38,53,-15,15
66807,102,100,2,2
66808,98,105,-7,7
66809,60,68,-8,8
66810,133,129,4,4
66811,108,104,4,4
66812,103,101,2,2
66813,58,64,-6,6
66814,80,81,-1,1
66815,72,74,-2,2
66816,103,101,2,2
66817,115,127,-12,12
66818,66,74,-8,8
66819,134,133,1,1
66820,129,124,5,5
66821,82,83,-1,1
66822,92,90,2,2
66823,72,69,3,3
66824,156,153,3,3
66825,97,100,-3,3
66826,80,82,-2,2
66827,110,100,10,10
66828,112,104,8,8
66829,73,73,0,0
66830,93,101,-8,8
66831,84,99,-15,15
66832,69,65,4,4
66833,63,77,-14,14
66834,97,101,-4,4
66835,51,64,-13,13
66836,117,116,1,1
66837,102,116,-14,14
66838,63,64,-1,1
66839,90,112,-22,22
66840,75,73,2,2
66841,31,79,-48,48
66842,118,123,-5,5
66843,110,126,-16,16
66844,126,124,2,2
66845,132,140,-8,8
66846,94,89,5,5
66847,55,70,-15,15
66848,119,113,6,6
66849,47,51,-4,4
66850,152,136,16,16
66851,38,48,-10,10
66852,96,114,-18,18
66853,79,69,10,10
66854,63,61,2,2
66855,120,121,-1,1
66856,97,89,8,8
66857,65,62,3,3
66858,108,109,-1,1
66859,146,147,-1,1
66860,99,107,-8,8
66861,50,54,-4,4
66862,98,100,-2,2
66863,61,60,1,1
66864,67,73,-6,6
66865,102,102,0,0
66866,98,92,6,6
66867,127,123,4,4
66868,134,127,7,7
66869,107,106,1,1
66870,62,65,-3,3
66871,83,83,0,0
66872,41,38,3,3
66873,65,74,-9,9
66874,73,79,-6,6
66875,81,79,2,2
66876,85,79,6,6
66877,85,75,10,10
66878,117,116,1,1
66879,128,133,-5,5
66880,89,88,1,1
66881,42,43,-1,1
66882,125,144,-19,19
66883,68,67,1,1
66884,72,80,-8,8
66885,96,93,3,3
66886,134,132,2,2
66887,122,126,-4,4
66888,87,91,-4,4
66889,54,60,-6,6
66890,79,80,-1,1
66891,148,135,13,13
66892,66,73,-7,7
66893,142,133,9,9
66894,106,98,8,8
66895,48,49,-1,1
66896,57,73,-16,16
66897,126,124,2,2
66898,51,58,-7,7
66899,109,120,-11,11
66900,106,111,-5,5
66901,102,103,-1,1
66902,94,98,-4,4
66903,112,112,0,0
66904,140,131,9,9
66905,117,116,1,1
66906,112,97,15,15
66907,49,68,-19,19
66908,156,148,8,8
66909,89,84,5,5
66910,74,80,-6,6
66911,67,75,-8,8
66912,70,83,-13,13
66913,93,103,-10,10
66914,93,99,-6,6
66915,101,107,-6,6
66916,76,85,-9,9
66917,67,70,-3,3
66918,106,103,3,3
66919,72,81,-9,9
66920,65,66,-1,1
66921,87,86,1,1
66922,89,85,4,4
66923,257,273,-16,16
66924,175,174,1,1
66925,69,66,3,3
66926,76,70,6,6
66927,65,67,-2,2
66928,153,145,8,8
66929,68,72,-4,4
66930,116,108,8,8
66931,114,124,-10,10
66932,76,79,-3,3
66933,65,63,2,2
66934,104,103,1,1
66935,148,140,8,8
66936,43,45,-2,2
66937,90,89,1,1
66938,99,101,-2,2
66939,128,134,-6,6
66940,110,113,-3,3
66941,42,65,-23,23
66942,120,120,0,0
66943,135,115,20,20
66944,134,138,-4,4
66945,116,122,-6,6
66946,138,125,13,13
66947,125,115,10,10
66948,43,46,-3,3
66949,89,79,10,10
66950,126,113,13,13
66951,90,84,6,6
66952,77,79,-2,2
66953,91,91,0,0
66954,120,110,10,10
66955,63,62,1,1
66956,88,84,4,4
66957,50,54,-4,4
66958,110,110,0,0
66959,71,72,-1,1
66960,81,81,0,0
66961,120,117,3,3
66962,94,91,3,3
66963,51,57,-6,6
66964,84,85,-1,1
66965,96,97,-1,1
66966,179,165,14,14
66967,57,57,0,0
66968,114,115,-1,1
66969,111,117,-6,6
66970,111,105,6,6
66971,101,97,4,4
66972,53,49,4,4
66973,97,102,-5,5
66974,98,96,2,2
66975,50,56,-6,6
66976,82,82,0,0
66977,108,103,5,5
66978,59,64,-5,5
66979,69,73,-4,4
66980,68,74,-6,6
66981,69,78,-9,9
66982,73,77,-4,4
66983,28,35,-7,7
66984,75,75,0,0
66985,68,66,2,2
66986,110,112,-2,2
66987,99,109,-10,10
66988,72,75,-3,3
66989,74,75,-1,1
66990,70,76,-6,6
66991,109,101,8,8
66992,191,185,6,6
66993,54,53,1,1
66994,119,121,-2,2
66995,76,80,-4,4
66996,174,170,4,4
66997,87,86,1,1
66998,88,88,0,0
66999,53,60,-7,7
67000,75,77,-2,2
67001,68,64,4,4
67002,118,124,-6,6
67003,114,110,4,4
67004,101,103,-2,2
67005,102,105,-3,3
67006,82,87,-5,5
67007,100,105,-5,5
67008,134,135,-1,1
67009,140,143,-3,3
67010,109,117,-8,8
67011,124,123,1,1
67012,157,135,22,22
67013,67,58,9,9
67014,117,118,-1,1
67015,64,67,-3,3
67016,89,95,-6,6
67017,52,45,7,7
67018,126,125,1,1
67019,99,102,-3,3
67020,82,81,1,1
67021,96,81,15,15
67022,85,80,5,5
67023,68,85,-17,17
67024,132,125,7,7
67025,148,146,2,2
67026,56,57,-1,1
67027,173,174,-1,1
67028,115,119,-4,4
67029,99,101,-2,2
67030,115,126,-11,11
67031,71,77,-6,6
67032,141,139,2,2
67033,111,111,0,0
67034,53,58,-5,5
67035,279,211,68,68
67036,101,86,15,15
67037,93,90,3,3
67038,71,67,4,4
67039,163,160,3,3
67040,52,51,1,1
67041,109,109,0,0
67042,80,89,-9,9
67043,72,110,-38,38
67044,72,69,3,3
67045,87,85,2,2
67046,82,86,-4,4
67047,74,79,-5,5
67048,156,147,9,9
67049,133,124,9,9
67050,123,116,7,7
67051,63,65,-2,2
67052,70,75,-5,5
67053,40,42,-2,2
67054,76,85,-9,9
67055,201,198,3,3
67056,76,84,-8,8
67057,109,116,-7,7
67058,116,119,-3,3
67059,45,50,-5,5
67060,59,61,-2,2
67061,104,93,11,11
67062,122,148,-26,26
67063,108,101,7,7
67064,59,67,-8,8
67065,111,124,-13,13
67066,47,47,0,0
67067,123,122,1,1
67068,127,117,10,10
67069,98,99,-1,1
67070,90,91,-1,1
67071,70,75,-5,5
67072,102,100,2,2
67073,101,103,-2,2
67074,72,92,-20,20
67075,86,107,-21,21
67076,77,81,-4,4
67077,175,154,21,21
67078,85,87,-2,2
67079,109,106,3,3
67080,143,134,9,9
67081,79,85,-6,6
67082,81,83,-2,2
67083,110,103,7,7
67084,68,78,-10,10
67085,107,103,4,4
67086,115,114,1,1
67087,120,123,-3,3
67088,67,70,-3,3
67089,95,87,8,8
67090,116,115,1,1
67091,83,85,-2,2
67092,97,90,7,7
67093,85,91,-6,6
67094,91,103,-12,12
67095,147,139,8,8
67096,60,69,-9,9
67097,104,102,2,2
67098,99,101,-2,2
67099,142,130,12,12
67100,65,65,0,0
67101,58,59,-1,1
67102,81,89,-8,8
67103,85,84,1,1
67104,158,152,6,6
67105,57,58,-1,1
67106,32,40,-8,8
67107,161,151,10,10
67108,139,133,6,6
67109,123,121,2,2
67110,141,144,-3,3
67111,127,125,2,2
67112,65,68,-3,3
67113,177,162,15,15
67114,131,129,2,2
67115,140,135,5,5
67116,51,61,-10,10
67117,85,88,-3,3
67118,75,77,-2,2
67119,103,100,3,3
67120,155,139,16,16
67121,85,83,2,2
67122,72,75,-3,3
67123,80,68,12,12
67124,62,67,-5,5
67125,58,62,-4,4
67126,53,58,-5,5
67127,76,88,-12,12
67128,117,122,-5,5
67129,75,71,4,4
67130,138,131,7,7
67131,82,77,5,5
67132,79,82,-3,3
67133,83,97,-14,14
67134,79,77,2,2
67135,141,131,10,10
67136,76,71,5,5
67137,165,152,13,13
67138,150,155,-5,5
67139,65,66,-1,1
67140,37,39,-2,2
67141,55,59,-4,4
67142,227,221,6,6
67143,82,86,-4,4
67144,70,72,-2,2
67145,57,59,-2,2
67146,73,67,6,6
67147,78,75,3,3
67148,58,61,-3,3
67149,87,86,1,1
67150,48,59,-11,11
67151,127,130,-3,3
67152,65,61,4,4
67153,111,98,13,13
67154,74,75,-1,1
67155,103,99,4,4
67156,91,83,8,8
67157,188,201,-13,13
67158,98,113,-15,15
67159,86,84,2,2
67160,68,63,5,5
67161,99,102,-3,3
67162,68,70,-2,2
67163,87,81,6,6
67164,110,114,-4,4
67165,53,61,-8,8
67166,75,77,-2,2
67167,113,111,2,2
67168,103,130,-27,27
67169,48,59,-11,11
67170,180,167,13,13
67171,67,77,-10,10
67172,69,75,-6,6
67173,114,124,-10,10
67174,82,76,6,6
67175,152,147,5,5
67176,108,112,-4,4
67177,126,124,2,2
67178,126,136,-10,10
67179,68,75,-7,7
67180,111,108,3,3
67181,127,116,11,11
67182,106,102,4,4
67183,93,103,-10,10
67184,134,138,-4,4
67185,65,71,-6,6
67186,129,116,13,13
67187,84,88,-4,4
67188,64,68,-4,4
67189,147,140,7,7
67190,123,115,8,8
67191,102,102,0,0
67192,66,60,6,6
67193,56,62,-6,6
67194,99,110,-11,11
67195,92,86,6,6
67196,96,99,-3,3
67197,125,138,-13,13
67198,85,78,7,7
67199,100,98,2,2
67200,77,82,-5,5
67201,69,70,-1,1
67202,95,99,-4,4
67203,87,83,4,4
67204,112,112,0,0
67205,124,123,1,1
67206,99,92,7,7
67207,65,62,3,3
67208,119,103,16,16
67209,66,72,-6,6
67210,89,85,4,4
67211,139,127,12,12
67212,111,102,9,9
67213,81,98,-17,17
67214,100,99,1,1
67215,82,78,4,4
67216,145,156,-11,11
67217,91,93,-2,2
67218,187,186,1,1
67219,84,83,1,1
67220,45,49,-4,4
67221,116,120,-4,4
67222,69,69,0,0
67223,80,85,-5,5
67224,44,41,3,3
67225,93,100,-7,7
67226,58,57,1,1
67227,74,79,-5,5
67228,74,76,-2,2
67229,99,113,-14,14
67230,93,103,-10,10
67231,67,65,2,2
67232,108,112,-4,4
67233,108,114,-6,6
67234,116,105,11,11
67235,127,113,14,14
67236,98,98,0,0
67237,115,124,-9,9
67238,131,130,1,1
67239,185,177,8,8
67240,120,107,13,13
67241,75,80,-5,5
67242,165,135,30,30
67243,44,71,-27,27
67244,82,85,-3,3
67245,66,77,-11,11
67246,72,76,-4,4
67247,137,133,4,4
67248,66,74,-8,8
67249,79,98,-19,19
67250,48,57,-9,9
67251,76,77,-1,1
67252,87,83,4,4
67253,90,83,7,7
67254,67,73,-6,6
67255,139,137,2,2
67256,52,56,-4,4
67257,97,90,7,7
67258,135,126,9,9
67259,60,53,7,7
67260,65,70,-5,5
67261,61,58,3,3
67262,175,165,10,10
67263,146,132,14,14
67264,64,79,-15,15
67265,122,122,0,0
67266,66,69,-3,3
67267,62,64,-2,2
67268,97,103,-6,6
67269,117,125,-8,8
67270,72,77,-5,5
67271,66,85,-19,19
67272,147,125,22,22
67273,139,130,9,9
67274,143,151,-8,8
67275,106,108,-2,2
67276,81,95,-14,14
67277,85,73,12,12
67278,112,105,7,7
67279,74,85,-11,11
67280,157,146,11,11
67281,76,74,2,2
67282,69,68,1,1
67283,133,129,4,4
67284,79,86,-7,7
67285,58,65,-7,7
67286,111,114,-3,3
67287,195,176,19,19
67288,129,112,17,17
67289,58,80,-22,22
67290,101,113,-12,12
67291,186,178,8,8
67292,76,68,8,8
67293,72,71,1,1
67294,100,109,-9,9
67295,60,62,-2,2
67296,59,64,-5,5
67297,118,114,4,4
67298,195,170,25,25
67299,92,88,4,4
67300,245,244,1,1
67301,102,109,-7,7
67302,84,88,-4,4
67303,95,92,3,3
67304,126,122,4,4
67305,101,92,9,9
67306,192,175,17,17
67307,118,118,0,0
67308,72,80,-8,8
67309,66,72,-6,6
67310,72,75,-3,3
67311,75,75,0,0
67312,47,50,-3,3
67313,53,61,-8,8
67314,75,83,-8,8
67315,77,92,-15,15
67316,133,137,-4,4
67317,66,68,-2,2
67318,122,127,-5,5
67319,151,151,0,0
67320,95,112,-17,17
67321,70,80,-10,10
67322,66,69,-3,3
67323,101,100,1,1
67324,92,88,4,4
67325,94,87,7,7
67326,80,71,9,9
67327,86,97,-11,11
67328,99,88,11,11
67329,167,151,16,16
67330,104,99,5,5
67331,92,85,7,7
67332,82,92,-10,10
67333,93,90,3,3
67334,57,58,-1,1
67335,80,78,2,2
67336,154,134,20,20
67337,92,86,6,6
67338,121,114,7,7
67339,90,102,-12,12
67340,94,98,-4,4
67341,100,102,-2,2
67342,55,60,-5,5
67343,179,176,3,3
67344,157,144,13,13
67345,58,71,-13,13
67346,94,111,-17,17
67347,85,81,4,4
67348,55,65,-10,10
67349,72,63,9,9
67350,114,113,1,1
67351,99,103,-4,4
67352,75,72,3,3
67353,45,46,-1,1
67354,58,55,3,3
67355,110,109,1,1
67356,69,76,-7,7
67357,68,69,-1,1
67358,102,98,4,4
67359,77,84,-7,7
67360,85,82,3,3
67361,112,113,-1,1
67362,40,46,-6,6
67363,73,77,-4,4
67364,76,81,-5,5
67365,65,68,-3,3
67366,72,87,-15,15
67367,89,113,-24,24
67368,110,117,-7,7
67369,91,89,2,2
67370,59,86,-27,27
67371,90,84,6,6
67372,84,84,0,0
67373,130,125,5,5
67374,63,62,1,1
67375,63,67,-4,4
67376,87,85,2,2
67377,106,114,-8,8
67378,145,135,10,10
67379,128,131,-3,3
67380,81,84,-3,3
67381,111,100,11,11
67382,76,83,-7,7
67383,53,66,-13,13
67384,82,77,5,5
67385,100,100,0,0
67386,74,85,-11,11
67387,105,110,-5,5
67388,58,59,-1,1
67389,102,109,-7,7
67390,113,109,4,4
67391,99,106,-7,7
67392,113,113,0,0
67393,55,60,-5,5
67394,98,90,8,8
67395,108,115,-7,7
67396,54,55,-1,1
67397,99,100,-1,1
67398,78,80,-2,2
67399,68,68,0,0
67400,45,46,-1,1
67401,71,79,-8,8
67402,216,208,8,8
67403,103,103,0,0
67404,77,75,2,2
67405,64,67,-3,3
67406,108,113,-5,5
67407,106,87,19,19
67408,124,109,15,15
67409,71,71,0,0
67410,91,83,8,8
67411,80,86,-6,6
67412,122,125,-3,3
67413,105,109,-4,4
67414,80,82,-2,2
67415,142,122,20,20
67416,64,90,-26,26
67417,95,78,17,17
67418,112,123,-11,11
67419,83,78,5,5
67420,147,139,8,8
67421,47,50,-3,3
67422,80,84,-4,4
67423,104,114,-10,10
67424,71,77,-6,6
67425,67,65,2,2
67426,69,76,-7,7
67427,82,80,2,2
67428,85,78,7,7
67429,144,144,0,0
67430,81,87,-6,6
67431,141,144,-3,3
67432,86,79,7,7
67433,176,175,1,1
67434,74,69,5,5
67435,91,89,2,2
67436,102,87,15,15
67437,74,71,3,3
67438,97,97,0,0
67439,60,65,-5,5
67440,97,102,-5,5
67441,119,115,4,4
67442,97,107,-10,10
67443,70,72,-2,2
67444,102,90,12,12
67445,61,69,-8,8
67446,86,78,8,8
67447,45,49,-4,4
67448,51,55,-4,4
67449,130,134,-4,4
67450,74,79,-5,5
67451,78,82,-4,4
67452,163,163,0,0
67453,52,64,-12,12
67454,99,105,-6,6
67455,84,88,-4,4
67456,109,104,5,5
67457,84,86,-2,2
67458,88,100,-12,12
67459,117,113,4,4
67460,186,173,13,13
67461,55,53,2,2
67462,65,80,-15,15
67463,119,138,-19,19
67464,71,74,-3,3
67465,87,81,6,6
67466,51,58,-7,7
67467,46,48,-2,2
67468,61,65,-4,4
67469,103,91,12,12
67470,84,79,5,5
67471,56,63,-7,7
67472,73,76,-3,3
67473,84,84,0,0
67474,127,114,13,13
67475,178,179,-1,1
67476,71,75,-4,4
67477,107,106,1,1
67478,111,104,7,7
67479,69,74,-5,5
67480,94,92,2,2
67481,45,49,-4,4
67482,94,101,-7,7
67483,120,124,-4,4
67484,63,70,-7,7
67485,78,79,-1,1
67486,40,48,-8,8
67487,114,110,4,4
67488,112,108,4,4
67489,152,144,8,8
67490,184,158,26,26
67491,84,82,2,2
67492,122,112,10,10
67493,108,100,8,8
67494,64,66,-2,2
67495,114,113,1,1
67496,143,147,-4,4
67497,97,87,10,10
67498,99,101,-2,2
67499,145,152,-7,7
67500,63,65,-2,2
67501,111,116,-5,5
67502,68,73,-5,5
67503,108,118,-10,10
67504,94,83,11,11
67505,77,79,-2,2
67506,49,55,-6,6
67507,82,83,-1,1
67508,66,67,-1,1
67509,74,70,4,4
67510,142,150,-8,8
67511,82,86,-4,4
67512,87,82,5,5
67513,78,82,-4,4
67514,58,62,-4,4
67515,108,108,0,0
67516,50,81,-31,31
67517,170,163,7,7
67518,74,77,-3,3
67519,102,104,-2,2
67520,95,99,-4,4
67521,90,81,9,9
67522,118,117,1,1
67523,70,68,2,2
67524,111,113,-2,2
67525,96,107,-11,11
67526,81,81,0,0
67527,110,106,4,4
67528,94,89,5,5
67529,99,108,-9,9
67530,107,110,-3,3
67531,129,135,-6,6
67532,135,123,12,12
67533,123,113,10,10
67534,67,72,-5,5
67535,79,80,-1,1
67536,91,101,-10,10
67537,72,72,0,0
67538,150,160,-10,10
67539,117,129,-12,12
67540,60,65,-5,5
67541,102,109,-7,7
67542,32,47,-15,15
67543,65,68,-3,3
67544,163,156,7,7
67545,99,103,-4,4
67546,76,76,0,0
67547,146,132,14,14
67548,137,130,7,7
67549,131,133,-2,2
67550,152,141,11,11
67551,93,107,-14,14
67552,78,78,0,0
67553,83,81,2,2
67554,109,100,9,9
67555,134,143,-9,9
67556,56,74,-18,18
67557,82,81,1,1
67558,50,42,8,8
67559,104,106,-2,2
67560,78,81,-3,3
67561,60,62,-2,2
67562,137,129,8,8
67563,64,63,1,1
67564,144,145,-1,1
67565,49,56,-7,7
67566,104,103,1,1
67567,66,67,-1,1
67568,71,71,0,0
67569,128,121,7,7
67570,84,108,-24,24
67571,141,149,-8,8
67572,97,91,6,6
67573,52,53,-1,1
67574,74,76,-2,2
67575,98,115,-17,17
67576,71,68,3,3
67577,56,61,-5,5
67578,71,78,-7,7
67579,123,118,5,5
67580,146,129,17,17
67581,77,77,0,0
67582,68,76,-8,8
67583,110,97,13,13
67584,85,83,2,2
67585,162,130,32,32
67586,105,94,11,11
67587,68,70,-2,2
67588,100,92,8,8
67589,103,103,0,0
67590,121,111,10,10
67591,96,83,13,13
67592,199,174,25,25
67593,83,82,1,1
67594,91,89,2,2
67595,61,65,-4,4
67596,103,111,-8,8
67597,95,99,-4,4
67598,68,70,-2,2
67599,94,90,4,4
67600,54,59,-5,5
67601,160,135,25,25
67602,123,113,10,10
67603,154,139,15,15
67604,48,55,-7,7
67605,66,73,-7,7
67606,81,83,-2,2
67607,56,62,-6,6
67608,160,140,20,20
67609,121,150,-29,29
67610,103,90,13,13
67611,126,121,5,5
67612,82,80,2,2
67613,63,76,-13,13
67614,88,87,1,1
67615,111,119,-8,8
67616,139,135,4,4
67617,103,102,1,1
67618,74,80,-6,6
67619,133,125,8,8
67620,49,56,-7,7
67621,93,89,4,4
67622,86,87,-1,1
67623,77,71,6,6
67624,56,73,-17,17
67625,66,62,4,4
67626,132,127,5,5
67627,149,133,16,16
67628,39,41,-2,2
67629,117,116,1,1
67630,98,100,-2,2
67631,59,62,-3,3
67632,146,145,1,1
67633,106,93,13,13
67634,63,69,-6,6
67635,90,91,-1,1
67636,73,79,-6,6
67637,80,78,2,2
67638,89,87,2,2
67639,88,86,2,2
67640,51,53,-2,2
67641,85,84,1,1
67642,106,126,-20,20
67643,136,129,7,7
67644,46,48,-2,2
67645,107,115,-8,8
67646,154,159,-5,5
67647,109,109,0,0
67648,79,76,3,3
67649,94,84,10,10
67650,64,65,-1,1
67651,63,61,2,2
67652,62,62,0,0
67653,58,66,-8,8
67654,48,55,-7,7
67655,67,72,-5,5
67656,74,74,0,0
67657,94,96,-2,2
67658,75,71,4,4
67659,158,144,14,14
67660,134,127,7,7
67661,189,173,16,16
67662,62,71,-9,9
67663,73,73,0,0
67664,89,98,-9,9
67665,42,62,-20,20
67666,129,121,8,8
67667,65,70,-5,5
67668,49,54,-5,5
67669,163,152,11,11
67670,93,90,3,3
67671,185,171,14,14
67672,91,90,1,1
67673,43,44,-1,1
67674,163,161,2,2
67675,65,69,-4,4
67676,49,38,11,11
67677,62,64,-2,2
67678,123,132,-9,9
67679,78,80,-2,2
67680,144,136,8,8
67681,75,102,-27,27
67682,83,81,2,2
67683,122,107,15,15
67684,92,91,1,1
67685,101,103,-2,2
67686,75,86,-11,11
67687,130,118,12,12
67688,160,152,8,8
67689,58,62,-4,4
67690,154,146,8,8
67691,101,97,4,4
67692,54,63,-9,9
67693,177,172,5,5
67694,198,182,16,16
67695,98,110,-12,12
67696,87,101,-14,14
67697,116,114,2,2
67698,63,63,0,0
67699,95,90,5,5
67700,57,57,0,0
67701,64,62,2,2
67702,69,60,9,9
67703,79,80,-1,1
67704,89,102,-13,13
67705,53,56,-3,3
67706,94,99,-5,5
67707,85,97,-12,12
67708,85,86,-1,1
67709,80,91,-11,11
67710,80,91,-11,11
67711,95,89,6,6
67712,95,90,5,5
67713,72,79,-7,7
67714,59,62,-3,3
67715,122,106,16,16
67716,76,75,1,1
67717,103,91,12,12
67718,80,83,-3,3
67719,84,85,-1,1
67720,108,110,-2,2
67721,94,98,-4,4
67722,128,126,2,2
67723,121,121,0,0
67724,156,139,17,17
67725,120,117,3,3
67726,97,100,-3,3
67727,87,104,-17,17
67728,116,113,3,3
67729,48,46,2,2
67730,139,137,2,2
67731,93,86,7,7
67732,184,190,-6,6
67733,62,64,-2,2
67734,116,124,-8,8
67735,114,108,6,6
67736,104,101,3,3
67737,94,107,-13,13
67738,169,166,3,3
67739,89,93,-4,4
67740,91,101,-10,10
67741,97,103,-6,6
67742,111,111,0,0
67743,69,69,0,0
67744,120,117,3,3
67745,105,124,-19,19
67746,99,103,-4,4
67747,37,66,-29,29
67748,105,97,8,8
67749,69,77,-8,8
67750,67,68,-1,1
67751,31,35,-4,4
67752,60,66,-6,6
67753,90,99,-9,9
67754,74,72,2,2
67755,123,117,6,6
67756,97,102,-5,5
67757,55,52,3,3
67758,127,121,6,6
67759,122,121,1,1
67760,103,107,-4,4
67761,141,138,3,3
67762,67,67,0,0
67763,113,121,-8,8
67764,135,137,-2,2
67765,203,189,14,14
67766,88,91,-3,3
67767,94,103,-9,9
67768,103,105,-2,2
67769,86,84,2,2
67770,143,143,0,0
67771,52,52,0,0
67772,75,85,-10,10
67773,114,121,-7,7
67774,92,86,6,6
67775,113,108,5,5
67776,123,125,-2,2
67777,68,76,-8,8
67778,86,99,-13,13
67779,27,39,-12,12
67780,126,130,-4,4
67781,89,84,5,5
67782,113,99,14,14
67783,106,102,4,4
67784,90,84,6,6
67785,82,75,7,7
67786,88,89,-1,1
67787,97,93,4,4
67788,141,132,9,9
67789,123,111,12,12
67790,188,196,-8,8
67791,108,111,-3,3
67792,73,75,-2,2
67793,104,108,-4,4
67794,87,90,-3,3
67795,78,82,-4,4
67796,75,74,1,1
67797,153,142,11,11
67798,74,70,4,4
67799,129,117,12,12
67800,117,109,8,8
67801,82,87,-5,5
67802,103,101,2,2
67803,93,82,11,11
67804,89,90,-1,1
67805,44,48,-4,4
67806,76,76,0,0
67807,79,92,-13,13
67808,87,88,-1,1
67809,38,41,-3,3
67810,120,122,-2,2
67811,88,91,-3,3
67812,155,139,16,16
67813,120,111,9,9
67814,89,82,7,7
67815,100,98,2,2
67816,66,65,1,1
67817,85,95,-10,10
67818,90,80,10,10
67819,126,123,3,3
67820,153,134,19,19
67821,83,81,2,2
67822,113,108,5,5
67823,88,94,-6,6
67824,152,158,-6,6
67825,104,97,7,7
67826,75,74,1,1
67827,48,51,-3,3
67828,127,120,7,7
67829,79,76,3,3
67830,117,118,-1,1
67831,63,70,-7,7
67832,113,122,-9,9
67833,143,157,-14,14
67834,110,111,-1,1
67835,75,86,-11,11
67836,48,52,-4,4
67837,64,95,-31,31
67838,99,100,-1,1
67839,91,87,4,4
67840,111,106,5,5
67841,89,87,2,2
67842,141,136,5,5
67843,101,92,9,9
67844,74,72,2,2
67845,124,111,13,13
67846,115,124,-9,9
67847,94,107,-13,13
67848,110,117,-7,7
67849,70,73,-3,3
67850,89,98,-9,9
67851,53,56,-3,3
67852,85,98,-13,13
67853,166,152,14,14
67854,77,72,5,5
67855,76,70,6,6
67856,137,145,-8,8
67857,79,87,-8,8
67858,144,123,21,21
67859,57,47,10,10
67860,102,104,-2,2
67861,77,78,-1,1
67862,105,114,-9,9
67863,99,93,6,6
67864,40,44,-4,4
67865,96,97,-1,1
67866,99,106,-7,7
67867,69,67,2,2
67868,111,106,5,5
67869,119,127,-8,8
67870,152,146,6,6
67871,138,133,5,5
67872,146,159,-13,13
67873,79,101,-22,22
67874,113,109,4,4
67875,65,75,-10,10
67876,135,121,14,14
67877,58,43,15,15
67878,68,78,-10,10
67879,103,100,3,3
67880,110,115,-5,5
67881,57,60,-3,3
67882,191,178,13,13
67883,87,81,6,6
67884,130,123,7,7
67885,94,97,-3,3
67886,101,107,-6,6
67887,52,46,6,6
67888,134,132,2,2
67889,75,76,-1,1
67890,91,100,-9,9
67891,109,111,-2,2
67892,96,90,6,6
67893,55,57,-2,2
67894,114,107,7,7
67895,159,144,15,15
67896,74,73,1,1
67897,89,99,-10,10
67898,45,54,-9,9
67899,50,70,-20,20
67900,78,73,5,5
67901,136,141,-5,5
67902,81,80,1,1
67903,104,95,9,9
67904,42,49,-7,7
67905,45,49,-4,4
67906,91,82,9,9
67907,81,79,2,2
67908,73,76,-3,3
67909,163,156,7,7
67910,62,61,1,1
67911,62,82,-20,20
67912,117,105,12,12
67913,91,99,-8,8
67914,81,92,-11,11
67915,183,157,26,26
67916,115,117,-2,2
67917,45,42,3,3
67918,67,68,-1,1
67919,73,72,1,1
67920,115,117,-2,2
67921,143,136,7,7
67922,122,112,10,10
67923,158,140,18,18
67924,132,128,4,4
67925,56,60,-4,4
67926,138,138,0,0
67927,128,118,10,10
67928,170,158,12,12
67929,101,101,0,0
67930,147,139,8,8
67931,116,121,-5,5
67932,97,117,-20,20
67933,116,123,-7,7
67934,73,74,-1,1
67935,58,55,3,3
67936,99,90,9,9
67937,148,153,-5,5
67938,56,55,1,1
67939,144,149,-5,5
67940,73,70,3,3
67941,124,134,-10,10
67942,58,84,-26,26
67943,72,76,-4,4
67944,57,56,1,1
67945,77,68,9,9
67946,93,89,4,4
67947,136,129,7,7
67948,56,60,-4,4
67949,106,100,6,6
67950,68,65,3,3
67951,107,106,1,1
67952,137,134,3,3
67953,51,55,-4,4
67954,161,161,0,0
67955,75,75,0,0
67956,207,181,26,26
67957,134,143,-9,9
67958,139,140,-1,1
67959,85,86,-1,1
67960,64,69,-5,5
67961,57,60,-3,3
67962,87,89,-2,2
67963,143,136,7,7
67964,89,94,-5,5
67965,78,74,4,4
67966,73,94,-21,21
67967,188,197,-9,9
67968,115,101,14,14
67969,119,99,20,20
67970,74,78,-4,4
67971,96,101,-5,5
67972,64,67,-3,3
67973,117,119,-2,2
67974,127,131,-4,4
67975,70,77,-7,7
67976,97,106,-9,9
67977,163,166,-3,3
67978,143,133,10,10
67979,69,79,-10,10
67980,98,108,-10,10
67981,87,85,2,2
67982,100,101,-1,1
67983,111,120,-9,9
67984,129,136,-7,7
67985,94,82,12,12
67986,124,122,2,2
67987,70,77,-7,7
67988,64,64,0,0
67989,131,124,7,7
67990,81,88,-7,7
67991,121,115,6,6
67992,139,132,7,7
67993,49,53,-4,4
67994,54,58,-4,4
67995,109,112,-3,3
67996,71,80,-9,9
67997,124,113,11,11
67998,110,102,8,8
67999,103,109,-6,6
68000,104,115,-11,11
68001,95,116,-21,21
68002,85,74,11,11
68003,83,76,7,7
68004,111,119,-8,8
68005,68,58,10,10
68006,76,74,2,2
68007,47,48,-1,1
68008,143,128,15,15
68009,64,67,-3,3
68010,102,105,-3,3
68011,77,81,-4,4
68012,52,61,-9,9
68013,52,57,-5,5
68014,75,80,-5,5
68015,83,82,1,1
68016,70,67,3,3
68017,44,50,-6,6
68018,41,46,-5,5
68019,77,74,3,3
68020,53,52,1,1
68021,132,131,1,1
68022,112,106,6,6
68023,81,80,1,1
68024,85,84,1,1
68025,90,88,2,2
68026,51,56,-5,5
68027,55,65,-10,10
68028,45,61,-16,16
68029,52,55,-3,3
68030,98,101,-3,3
68031,72,74,-2,2
68032,239,229,10,10
68033,123,111,12,12
68034,164,152,12,12
68035,75,74,1,1
68036,145,144,1,1
68037,63,69,-6,6
68038,63,101,-38,38
68039,100,105,-5,5
68040,110,117,-7,7
68041,76,89,-13,13
68042,94,104,-10,10
68043,109,102,7,7
68044,59,69,-10,10
68045,140,154,-14,14
68046,83,81,2,2
68047,136,128,8,8
68048,50,55,-5,5
68049,85,78,7,7
68050,113,107,6,6
68051,49,58,-9,9
68052,98,85,13,13
68053,80,68,12,12
68054,95,100,-5,5
68055,129,133,-4,4
68056,89,84,5,5
68057,115,111,4,4
68058,73,80,-7,7
68059,75,82,-7,7
68060,168,154,14,14
68061,52,61,-9,9
68062,76,72,4,4
68063,104,105,-1,1
68064,124,110,14,14
68065,113,118,-5,5
68066,80,77,3,3
68067,79,103,-24,24
68068,89,89,0,0
68069,90,81,9,9
68070,46,54,-8,8
68071,80,74,6,6
68072,108,122,-14,14
68073,46,46,0,0
68074,106,102,4,4
68075,139,134,5,5
68076,99,104,-5,5
68077,50,52,-2,2
68078,65,65,0,0
68079,69,73,-4,4
68080,125,120,5,5
68081,97,98,-1,1
68082,84,87,-3,3
68083,114,119,-5,5
68084,39,37,2,2
68085,106,104,2,2
68086,88,91,-3,3
68087,80,85,-5,5
68088,178,164,14,14
68089,104,115,-11,11
68090,76,73,3,3
68091,108,98,10,10
68092,82,92,-10,10
68093,44,54,-10,10
68094,67,65,2,2
68095,69,77,-8,8
68096,69,65,4,4
68097,112,110,2,2
68098,151,138,13,13
68099,47,49,-2,2
68100,70,70,0,0
68101,86,86,0,0
68102,95,91,4,4
68103,68,72,-4,4
68104,44,47,-3,3
68105,70,75,-5,5
68106,132,125,7,7
68107,66,71,-5,5
68108,104,102,2,2
68109,155,154,1,1
68110,136,135,1,1
68111,74,76,-2,2
68112,109,113,-4,4
68113,88,98,-10,10
68114,156,166,-10,10
68115,153,153,0,0
68116,83,74,9,9
68117,88,82,6,6
68118,167,174,-7,7
68119,44,48,-4,4
68120,124,112,12,12
68121,71,69,2,2
68122,131,119,12,12
68123,94,94,0,0
68124,64,67,-3,3
68125,81,81,0,0
68126,69,70,-1,1
68127,52,52,0,0
68128,84,85,-1,1
68129,59,62,-3,3
68130,117,119,-2,2
68131,115,108,7,7
68132,86,87,-1,1
68133,111,107,4,4
68134,69,77,-8,8
68135,119,114,5,5
68136,73,70,3,3
68137,81,80,1,1
68138,79,93,-14,14
68139,89,102,-13,13
68140,51,51,0,0
68141,63,66,-3,3
68142,87,89,-2,2
68143,116,113,3,3
68144,115,111,4,4
68145,111,115,-4,4
68146,38,43,-5,5
68147,130,137,-7,7
68148,100,91,9,9
68149,60,53,7,7
68150,91,83,8,8
68151,67,68,-1,1
68152,73,65,8,8
68153,152,151,1,1
68154,199,188,11,11
68155,156,150,6,6
68156,61,66,-5,5
68157,109,99,10,10
68158,69,74,-5,5
68159,87,89,-2,2
68160,65,70,-5,5
68161,83,88,-5,5
68162,94,99,-5,5
68163,104,89,15,15
68164,72,78,-6,6
68165,74,88,-14,14
68166,93,83,10,10
68167,88,85,3,3
68168,88,80,8,8
68169,75,84,-9,9
68170,102,105,-3,3
68171,72,72,0,0
68172,95,84,11,11
68173,98,100,-2,2
68174,86,88,-2,2
68175,91,109,-18,18
68176,67,66,1,1
68177,73,76,-3,3
68178,129,133,-4,4
68179,64,63,1,1
68180,94,99,-5,5
68181,123,116,7,7
68182,89,88,1,1
68183,45,51,-6,6
68184,95,99,-4,4
68185,77,77,0,0
68186,61,68,-7,7
68187,151,157,-6,6
68188,53,58,-5,5
68189,109,105,4,4
68190,84,89,-5,5
68191,86,91,-5,5
68192,105,104,1,1
68193,107,118,-11,11
68194,97,107,-10,10
68195,41,47,-6,6
68196,69,73,-4,4
68197,111,82,29,29
68198,40,47,-7,7
68199,140,136,4,4
68200,65,69,-4,4
68201,149,128,21,21
68202,46,43,3,3
68203,103,103,0,0
68204,80,81,-1,1
68205,41,41,0,0
68206,97,131,-34,34
68207,65,65,0,0
68208,124,148,-24,24
68209,65,68,-3,3
68210,85,82,3,3
68211,151,147,4,4
68212,75,78,-3,3
68213,92,101,-9,9
68214,96,97,-1,1
68215,120,123,-3,3
68216,71,70,1,1
68217,77,81,-4,4
68218,84,91,-7,7
68219,100,111,-11,11
68220,105,118,-13,13
68221,123,118,5,5
68222,53,56,-3,3
68223,178,177,1,1
68224,99,102,-3,3
68225,64,65,-1,1
68226,78,84,-6,6
68227,108,107,1,1
68228,77,78,-1,1
68229,157,154,3,3
68230,72,80,-8,8
68231,68,71,-3,3
68232,87,77,10,10
68233,70,79,-9,9
68234,52,58,-6,6
68235,85,77,8,8
68236,100,109,-9,9
68237,71,68,3,3
68238,109,116,-7,7
68239,154,164,-10,10
68240,96,77,19,19
68241,78,88,-10,10
68242,82,97,-15,15
68243,114,111,3,3
68244,103,110,-7,7
68245,118,126,-8,8
68246,87,91,-4,4
68247,121,129,-8,8
68248,94,95,-1,1
68249,62,62,0,0
68250,89,85,4,4
68251,105,98,7,7
68252,85,79,6,6
68253,79,88,-9,9
68254,86,86,0,0
68255,100,101,-1,1
68256,104,102,2,2
68257,83,82,1,1
68258,90,87,3,3
68259,112,128,-16,16
68260,69,75,-6,6
68261,121,103,18,18
68262,84,90,-6,6
68263,87,84,3,3
68264,92,93,-1,1
68265,147,145,2,2
68266,86,88,-2,2
68267,89,83,6,6
68268,52,67,-15,15
68269,110,107,3,3
68270,145,142,3,3
68271,87,88,-1,1
68272,107,88,19,19
68273,145,121,24,24
68274,55,59,-4,4
68275,51,63,-12,12
68276,95,99,-4,4
68277,101,99,2,2
68278,72,68,4,4
68279,90,87,3,3
68280,91,80,11,11
68281,94,100,-6,6
68282,60,68,-8,8
68283,59,56,3,3
68284,96,88,8,8
68285,55,56,-1,1
68286,101,87,14,14
68287,95,100,-5,5
68288,113,105,8,8
68289,77,72,5,5
68290,114,128,-14,14
68291,101,112,-11,11
68292,100,110,-10,10
68293,64,70,-6,6
68294,100,93,7,7
68295,158,140,18,18
68296,81,83,-2,2
68297,62,67,-5,5
68298,136,131,5,5
68299,156,151,5,5
68300,160,149,11,11
68301,128,130,-2,2
68302,49,48,1,1
68303,135,125,10,10
68304,81,86,-5,5
68305,85,86,-1,1
68306,74,71,3,3
68307,141,134,7,7
68308,98,99,-1,1
68309,140,134,6,6
68310,102,94,8,8
68311,91,103,-12,12
68312,68,70,-2,2
68313,117,110,7,7
68314,57,57,0,0
68315,70,72,-2,2
68316,203,169,34,34
68317,96,113,-17,17
68318,128,130,-2,2
68319,81,77,4,4
68320,81,97,-16,16
68321,66,62,4,4
68322,128,124,4,4
68323,150,145,5,5
68324,79,87,-8,8
68325,68,75,-7,7
68326,57,62,-5,5
68327,63,74,-11,11
68328,110,115,-5,5
68329,84,82,2,2
68330,84,73,11,11
68331,59,63,-4,4
68332,101,89,12,12
68333,73,77,-4,4
68334,82,85,-3,3
68335,163,157,6,6
68336,113,113,0,0
68337,95,78,17,17
68338,73,77,-4,4
68339,83,82,1,1
68340,114,118,-4,4
68341,136,119,17,17
68342,86,87,-1,1
68343,81,80,1,1
68344,108,115,-7,7
68345,149,154,-5,5
68346,101,102,-1,1
68347,78,81,-3,3
68348,126,119,7,7
68349,122,132,-10,10
68350,112,104,8,8
68351,67,66,1,1
68352,62,62,0,0
68353,112,115,-3,3
68354,171,159,12,12
68355,65,64,1,1
68356,97,88,9,9
68357,43,45,-2,2
68358,71,62,9,9
68359,71,70,1,1
68360,55,47,8,8
68361,72,85,-13,13
68362,85,82,3,3
68363,190,173,17,17
68364,97,101,-4,4
68365,100,101,-1,1
68366,75,78,-3,3
68367,130,116,14,14
68368,60,61,-1,1
68369,105,106,-1,1
68370,85,82,3,3
68371,89,98,-9,9
68372,93,94,-1,1
68373,39,62,-23,23
68374,74,67,7,7
68375,148,151,-3,3
68376,136,126,10,10
68377,61,74,-13,13
68378,181,172,9,9
68379,99,92,7,7
68380,165,157,8,8
68381,97,97,0,0
68382,116,105,11,11
68383,105,112,-7,7
68384,50,47,3,3
68385,71,85,-14,14
68386,115,112,3,3
68387,61,56,5,5
68388,101,107,-6,6
68389,80,80,0,0
68390,100,109,-9,9
68391,79,96,-17,17
68392,121,119,2,2
68393,85,93,-8,8
68394,87,92,-5,5
68395,61,67,-6,6
68396,125,132,-7,7
68397,85,90,-5,5
68398,87,88,-1,1
68399,64,70,-6,6
68400,66,69,-3,3
68401,85,87,-2,2
68402,159,145,14,14
68403,132,138,-6,6
68404,96,100,-4,4
68405,100,112,-12,12
68406,76,73,3,3
68407,117,123,-6,6
68408,101,115,-14,14
68409,86,85,1,1
68410,117,113,4,4
68411,96,90,6,6
68412,55,63,-8,8
68413,145,134,11,11
68414,68,75,-7,7
68415,71,69,2,2
68416,129,126,3,3
68417,121,119,2,2
68418,92,80,12,12
68419,57,59,-2,2
68420,50,49,1,1
68421,56,63,-7,7
68422,52,58,-6,6
68423,61,61,0,0
68424,164,153,11,11
68425,119,119,0,0
68426,85,79,6,6
68427,83,80,3,3
68428,149,143,6,6
68429,103,97,6,6
68430,61,43,18,18
68431,142,145,-3,3
68432,80,85,-5,5
68433,49,55,-6,6
68434,109,98,11,11
68435,101,101,0,0
68436,77,82,-5,5
68437,160,170,-10,10
68438,108,115,-7,7
68439,137,133,4,4
68440,125,125,0,0
68441,76,77,-1,1
68442,145,131,14,14
68443,86,93,-7,7
68444,131,125,6,6
68445,99,107,-8,8
68446,97,100,-3,3
68447,67,65,2,2
68448,107,128,-21,21
68449,87,86,1,1
68450,104,103,1,1
68451,77,76,1,1
68452,49,56,-7,7
68453,152,143,9,9
68454,138,135,3,3
68455,183,175,8,8
68456,53,55,-2,2
68457,100,98,2,2
68458,71,72,-1,1
68459,73,89,-16,16
68460,108,105,3,3
68461,85,91,-6,6
68462,72,74,-2,2
68463,92,90,2,2
68464,127,123,4,4
68465,61,84,-23,23
68466,86,103,-17,17
68467,56,56,0,0
68468,104,99,5,5
68469,86,87,-1,1
68470,142,147,-5,5
68471,78,87,-9,9
68472,96,83,13,13
68473,75,82,-7,7
68474,88,87,1,1
68475,69,68,1,1
68476,62,66,-4,4
68477,107,107,0,0
68478,65,65,0,0
68479,129,136,-7,7
68480,86,95,-9,9
68481,77,71,6,6
68482,115,102,13,13
68483,87,81,6,6
68484,32,32,0,0
68485,80,90,-10,10
68486,107,106,1,1
68487,112,127,-15,15
68488,83,82,1,1
68489,89,98,-9,9
68490,65,68,-3,3
68491,63,70,-7,7
68492,56,61,-5,5
68493,99,85,14,14
68494,88,96,-8,8
68495,130,132,-2,2
68496,59,61,-2,2
68497,157,128,29,29
68498,94,107,-13,13
68499,94,94,0,0
68500,61,66,-5,5
68501,98,103,-5,5
68502,98,99,-1,1
68503,108,102,6,6
68504,122,121,1,1
68505,115,118,-3,3
68506,49,54,-5,5
68507,79,81,-2,2
68508,96,103,-7,7
68509,81,92,-11,11
68510,54,56,-2,2
68511,70,78,-8,8
68512,141,135,6,6
68513,113,209,-96,96
68514,110,122,-12,12
68515,75,78,-3,3
68516,85,95,-10,10
68517,85,76,9,9
68518,105,106,-1,1
68519,62,69,-7,7
68520,39,45,-6,6
68521,83,85,-2,2
68522,103,102,1,1
68523,69,73,-4,4
68524,103,103,0,0
68525,82,78,4,4
68526,98,100,-2,2
68527,134,126,8,8
68528,51,64,-13,13
68529,98,99,-1,1
68530,58,62,-4,4
68531,66,74,-8,8
68532,66,67,-1,1
68533,139,124,15,15
68534,182,172,10,10
68535,118,131,-13,13
68536,69,68,1,1
68537,61,69,-8,8
68538,101,98,3,3
68539,126,103,23,23
68540,87,84,3,3
68541,53,58,-5,5
68542,83,72,11,11
68543,113,125,-12,12
68544,109,102,7,7
68545,60,61,-1,1
68546,113,116,-3,3
68547,84,96,-12,12
68548,60,56,4,4
68549,56,57,-1,1
68550,52,52,0,0
68551,111,107,4,4
68552,74,81,-7,7
68553,57,60,-3,3
68554,72,74,-2,2
68555,77,82,-5,5
68556,93,90,3,3
68557,167,146,21,21
68558,64,64,0,0
68559,97,90,7,7
68560,106,110,-4,4
68561,165,150,15,15
68562,86,108,-22,22
68563,146,133,13,13
68564,98,101,-3,3
68565,88,86,2,2
68566,89,87,2,2
68567,99,99,0,0
68568,86,85,1,1
68569,95,111,-16,16
68570,70,65,5,5
68571,91,103,-12,12
68572,98,98,0,0
68573,92,89,3,3
68574,103,101,2,2
68575,91,83,8,8
68576,58,76,-18,18
68577,61,67,-6,6
68578,53,56,-3,3
68579,83,79,4,4
68580,56,59,-3,3
68581,84,85,-1,1
68582,73,80,-7,7
68583,73,73,0,0
68584,81,83,-2,2
68585,69,74,-5,5
68586,71,75,-4,4
68587,107,116,-9,9
68588,111,113,-2,2
68589,107,102,5,5
68590,115,100,15,15
68591,75,78,-3,3
68592,129,118,11,11
68593,94,90,4,4
68594,52,56,-4,4
68595,146,144,2,2
68596,99,104,-5,5
68597,93,110,-17,17
68598,57,60,-3,3
68599,102,111,-9,9
68600,58,65,-7,7
68601,95,135,-40,40
68602,92,90,2,2
68603,99,99,0,0
68604,115,119,-4,4
68605,77,77,0,0
68606,176,179,-3,3
68607,97,102,-5,5
68608,153,137,16,16
68609,74,73,1,1
68610,182,168,14,14
68611,91,102,-11,11
68612,67,80,-13,13
68613,85,94,-9,9
68614,109,108,1,1
68615,113,108,5,5
68616,111,115,-4,4
68617,95,110,-15,15
68618,74,73,1,1
68619,110,110,0,0
68620,58,56,2,2
68621,135,129,6,6
68622,108,112,-4,4
68623,112,120,-8,8
68624,49,55,-6,6
68625,114,121,-7,7
68626,57,61,-4,4
68627,74,71,3,3
68628,99,102,-3,3
68629,96,92,4,4
68630,88,84,4,4
68631,79,85,-6,6
68632,82,72,10,10
68633,99,97,2,2
68634,116,112,4,4
68635,80,82,-2,2
68636,120,116,4,4
68637,70,66,4,4
68638,74,74,0,0
68639,55,64,-9,9
68640,97,89,8,8
68641,74,78,-4,4
68642,92,100,-8,8
68643,71,73,-2,2
68644,86,83,3,3
68645,66,62,4,4
68646,74,71,3,3
68647,90,89,1,1
68648,110,108,2,2
68649,94,94,0,0
68650,101,102,-1,1
68651,115,114,1,1
68652,91,98,-7,7
68653,102,107,-5,5
68654,116,123,-7,7
68655,130,131,-1,1
68656,45,51,-6,6
68657,77,81,-4,4
68658,117,130,-13,13
68659,109,107,2,2
68660,94,92,2,2
68661,130,119,11,11
68662,37,44,-7,7
68663,73,78,-5,5
68664,79,72,7,7
68665,80,87,-7,7
68666,143,126,17,17
68667,69,70,-1,1
68668,143,140,3,3
68669,105,106,-1,1
68670,150,140,10,10
68671,94,88,6,6
68672,107,102,5,5
68673,64,63,1,1
68674,154,135,19,19
68675,129,128,1,1
68676,118,113,5,5
68677,86,87,-1,1
68678,98,102,-4,4
68679,134,144,-10,10
68680,96,102,-6,6
68681,90,91,-1,1
68682,173,173,0,0
68683,83,85,-2,2
68684,168,166,2,2
68685,97,99,-2,2
68686,88,84,4,4
68687,54,57,-3,3
68688,142,123,19,19
68689,152,143,9,9
68690,75,86,-11,11
68691,73,75,-2,2
68692,170,179,-9,9
68693,82,81,1,1
68694,103,114,-11,11
68695,135,128,7,7
68696,98,101,-3,3
68697,190,177,13,13
68698,110,100,10,10
68699,56,64,-8,8
68700,160,147,13,13
68701,86,103,-17,17
68702,105,106,-1,1
68703,42,44,-2,2
68704,148,158,-10,10
68705,78,73,5,5
68706,108,110,-2,2
68707,81,82,-1,1
68708,135,131,4,4
68709,84,93,-9,9
68710,115,107,8,8
68711,124,117,7,7
68712,67,77,-10,10
68713,97,90,7,7
68714,90,89,1,1
68715,158,149,9,9
68716,162,152,10,10
68717,165,165,0,0
68718,76,78,-2,2
68719,174,173,1,1
68720,125,118,7,7
68721,155,156,-1,1
68722,80,87,-7,7
68723,150,155,-5,5
68724,54,51,3,3
68725,119,108,11,11
68726,83,76,7,7
68727,56,62,-6,6
68728,69,81,-12,12
68729,94,99,-5,5
68730,103,112,-9,9
68731,120,115,5,5
68732,119,128,-9,9
68733,92,92,0,0
68734,102,104,-2,2
68735,75,76,-1,1
68736,64,64,0,0
68737,175,163,12,12
68738,66,67,-1,1
68739,69,64,5,5
68740,66,66,0,0
68741,42,48,-6,6
68742,222,205,17,17
68743,161,154,7,7
68744,139,123,16,16
68745,88,88,0,0
68746,81,76,5,5
68747,160,159,1,1
68748,100,106,-6,6
68749,64,71,-7,7
68750,26,31,-5,5
68751,126,122,4,4
68752,49,53,-4,4
68753,101,102,-1,1
68754,78,74,4,4
68755,82,82,0,0
68756,68,71,-3,3
68757,90,92,-2,2
68758,78,74,4,4
68759,114,119,-5,5
68760,160,154,6,6
68761,108,109,-1,1
68762,93,93,0,0
68763,52,55,-3,3
68764,142,136,6,6
68765,151,160,-9,9
68766,118,123,-5,5
68767,90,96,-6,6
68768,103,98,5,5
68769,126,120,6,6
68770,121,118,3,3
68771,111,116,-5,5
68772,87,85,2,2
68773,48,51,-3,3
68774,86,75,11,11
68775,60,108,-48,48
68776,162,143,19,19
68777,98,88,10,10
68778,134,130,4,4
68779,147,145,2,2
68780,113,118,-5,5
68781,79,78,1,1
68782,76,70,6,6
68783,72,84,-12,12
68784,59,68,-9,9
68785,151,142,9,9
68786,114,111,3,3
68787,71,76,-5,5
68788,146,143,3,3
68789,83,81,2,2
68790,65,65,0,0
68791,60,60,0,0
68792,113,102,11,11
68793,146,132,14,14
68794,103,109,-6,6
68795,123,115,8,8
68796,59,62,-3,3
68797,158,141,17,17
68798,114,103,11,11
68799,133,122,11,11
68800,151,142,9,9
68801,41,44,-3,3
68802,80,78,2,2
68803,71,67,4,4
68804,88,89,-1,1
68805,94,107,-13,13
68806,41,56,-15,15
68807,129,145,-16,16
68808,126,121,5,5
68809,132,116,16,16
68810,38,49,-11,11
68811,81,83,-2,2
68812,97,102,-5,5
68813,99,100,-1,1
68814,159,156,3,3
68815,113,120,-7,7
68816,42,54,-12,12
68817,176,164,12,12
68818,96,85,11,11
68819,122,123,-1,1
68820,134,140,-6,6
68821,63,66,-3,3
68822,81,78,3,3
68823,94,102,-8,8
68824,122,116,6,6
68825,99,88,11,11
68826,103,109,-6,6
68827,77,102,-25,25
68828,90,102,-12,12
68829,139,125,14,14
68830,74,73,1,1
68831,83,85,-2,2
68832,84,84,0,0
68833,108,104,4,4
68834,80,86,-6,6
68835,117,117,0,0
68836,81,80,1,1
68837,73,76,-3,3
68838,146,139,7,7
68839,83,82,1,1
68840,71,70,1,1
68841,99,110,-11,11
68842,52,51,1,1
68843,97,105,-8,8
68844,80,80,0,0
68845,112,114,-2,2
68846,57,70,-13,13
68847,105,105,0,0
68848,145,149,-4,4
68849,104,92,12,12
68850,94,88,6,6
68851,109,113,-4,4
68852,73,75,-2,2
68853,54,59,-5,5
68854,99,96,3,3
68855,204,188,16,16
68856,42,50,-8,8
68857,40,38,2,2
68858,61,58,3,3
68859,98,103,-5,5
68860,88,97,-9,9
68861,107,118,-11,11
68862,101,106,-5,5
68863,156,149,7,7
68864,43,48,-5,5
68865,85,81,4,4
68866,130,121,9,9
68867,49,60,-11,11
68868,82,79,3,3
68869,105,105,0,0
68870,141,153,-12,12
68871,124,130,-6,6
68872,149,163,-14,14
68873,61,55,6,6
68874,163,160,3,3
68875,94,103,-9,9
68876,64,69,-5,5
68877,129,144,-15,15
68878,71,78,-7,7
68879,95,106,-11,11
68880,106,115,-9,9
68881,103,86,17,17
68882,81,78,3,3
68883,89,84,5,5
68884,144,131,13,13
68885,64,70,-6,6
68886,37,117,-80,80
68887,87,80,7,7
68888,34,36,-2,2
68889,94,100,-6,6
68890,84,89,-5,5
68891,76,73,3,3
68892,79,76,3,3
68893,96,106,-10,10
68894,99,100,-1,1
68895,102,104,-2,2
68896,66,63,3,3
68897,96,85,11,11
68898,75,75,0,0
68899,98,88,10,10
68900,75,74,1,1
68901,106,100,6,6
68902,85,83,2,2
68903,104,119,-15,15
68904,83,88,-5,5
68905,92,97,-5,5
68906,110,124,-14,14
68907,89,108,-19,19
68908,148,138,10,10
68909,105,105,0,0
68910,90,81,9,9
68911,42,57,-15,15
68912,102,106,-4,4
68913,142,136,6,6
68914,122,117,5,5
68915,109,105,4,4
68916,101,109,-8,8
68917,89,101,-12,12
68918,118,123,-5,5
68919,146,136,10,10
68920,100,107,-7,7
68921,99,98,1,1
68922,62,61,1,1
68923,84,77,7,7
68924,62,71,-9,9
68925,190,173,17,17
68926,105,112,-7,7
68927,101,93,8,8
68928,69,77,-8,8
68929,105,104,1,1
68930,135,135,0,0
68931,162,168,-6,6
68932,96,100,-4,4
68933,80,74,6,6
68934,83,85,-2,2
68935,133,130,3,3
68936,77,75,2,2
68937,130,128,2,2
68938,143,159,-16,16
68939,83,86,-3,3
68940,77,78,-1,1
68941,148,141,7,7
68942,88,84,4,4
68943,47,48,-1,1
68944,66,61,5,5
68945,54,68,-14,14
68946,97,98,-1,1
68947,80,88,-8,8
68948,51,69,-18,18
68949,122,129,-7,7
68950,134,123,11,11
68951,152,151,1,1
68952,96,105,-9,9
68953,75,83,-8,8
68954,143,144,-1,1
68955,164,162,2,2
68956,99,101,-2,2
68957,149,153,-4,4
68958,126,121,5,5
68959,90,82,8,8
68960,102,107,-5,5
68961,18,32,-14,14
68962,103,142,-39,39
68963,130,126,4,4
68964,67,72,-5,5
68965,69,62,7,7
68966,84,80,4,4
68967,122,128,-6,6
68968,103,99,4,4
68969,65,57,8,8
68970,111,119,-8,8
68971,177,179,-2,2
68972,64,62,2,2
68973,159,161,-2,2
68974,123,131,-8,8
68975,67,69,-2,2
68976,138,145,-7,7
68977,88,100,-12,12
68978,94,106,-12,12
68979,114,108,6,6
68980,81,79,2,2
68981,68,67,1,1
68982,214,198,16,16
68983,145,131,14,14
68984,54,59,-5,5
68985,100,91,9,9
68986,146,143,3,3
68987,213,188,25,25
68988,106,117,-11,11
68989,57,50,7,7
68990,128,127,1,1
68991,97,99,-2,2
68992,90,101,-11,11
68993,102,101,1,1
68994,153,140,13,13
68995,84,81,3,3
68996,27,33,-6,6
68997,51,49,2,2
68998,73,78,-5,5
68999,86,85,1,1
69000,77,73,4,4
69001,154,138,16,16
69002,107,104,3,3
69003,173,169,4,4
69004,80,84,-4,4
69005,92,91,1,1
69006,86,84,2,2
69007,70,74,-4,4
69008,116,122,-6,6
69009,79,81,-2,2
69010,101,105,-4,4
69011,138,133,5,5
69012,125,113,12,12
69013,65,67,-2,2
69014,82,83,-1,1
69015,88,96,-8,8
69016,40,54,-14,14
69017,104,111,-7,7
69018,111,112,-1,1
69019,81,79,2,2
69020,67,78,-11,11
69021,91,102,-11,11
69022,135,134,1,1
69023,155,166,-11,11
69024,89,81,8,8
69025,58,68,-10,10
69026,137,128,9,9
69027,69,69,0,0
69028,84,85,-1,1
69029,110,92,18,18
69030,68,95,-27,27
69031,126,113,13,13
69032,185,149,36,36
69033,64,59,5,5
69034,119,116,3,3
69035,133,130,3,3
69036,96,92,4,4
69037,54,56,-2,2
69038,90,91,-1,1
69039,75,73,2,2
69040,123,127,-4,4
69041,91,91,0,0
69042,114,115,-1,1
69043,49,82,-33,33
69044,119,110,9,9
69045,78,75,3,3
69046,105,101,4,4
69047,113,116,-3,3
69048,75,71,4,4
69049,162,159,3,3
69050,62,63,-1,1
69051,93,84,9,9
69052,67,62,5,5
69053,118,117,1,1
69054,76,76,0,0
69055,132,127,5,5
69056,43,49,-6,6
69057,69,73,-4,4
69058,99,105,-6,6
69059,81,80,1,1
69060,103,104,-1,1
69061,87,82,5,5
69062,88,84,4,4
69063,92,88,4,4
69064,102,99,3,3
69065,53,52,1,1
69066,80,81,-1,1
69067,86,80,6,6
69068,107,114,-7,7
69069,165,170,-5,5
69070,43,49,-6,6
69071,84,78,6,6
69072,129,126,3,3
69073,135,135,0,0
69074,32,65,-33,33
69075,49,60,-11,11
69076,91,90,1,1
69077,72,73,-1,1
69078,85,83,2,2
69079,75,82,-7,7
69080,95,122,-27,27
69081,132,126,6,6
69082,98,107,-9,9
69083,34,39,-5,5
69084,114,112,2,2
69085,104,101,3,3
69086,111,103,8,8
69087,59,57,2,2
69088,38,46,-8,8
69089,45,46,-1,1
69090,160,171,-11,11
69091,87,85,2,2
69092,78,85,-7,7
69093,180,152,28,28
69094,112,120,-8,8
69095,99,104,-5,5
69096,77,79,-2,2
69097,64,79,-15,15
69098,93,79,14,14
69099,135,150,-15,15
69100,80,81,-1,1
69101,105,92,13,13
69102,93,99,-6,6
69103,97,103,-6,6
69104,93,106,-13,13
69105,126,109,17,17
69106,100,98,2,2
69107,93,98,-5,5
69108,116,118,-2,2
69109,89,88,1,1
69110,72,88,-16,16
69111,158,143,15,15
69112,107,98,9,9
69113,57,63,-6,6
69114,95,104,-9,9
69115,199,186,13,13
69116,98,101,-3,3
69117,50,49,1,1
69118,72,70,2,2
69119,86,80,6,6
69120,36,39,-3,3
69121,77,65,12,12
69122,144,145,-1,1
69123,101,121,-20,20
69124,141,141,0,0
69125,136,127,9,9
69126,81,80,1,1
69127,96,117,-21,21
69128,92,91,1,1
69129,37,49,-12,12
69130,117,120,-3,3
69131,96,88,8,8
69132,120,138,-18,18
69133,58,63,-5,5
69134,147,130,17,17
69135,60,64,-4,4
69136,85,83,2,2
69137,71,64,7,7
69138,74,72,2,2
69139,98,102,-4,4
69140,59,60,-1,1
69141,77,80,-3,3
69142,77,83,-6,6
69143,76,80,-4,4
69144,52,57,-5,5
69145,116,116,0,0
69146,78,83,-5,5
69147,74,75,-1,1
69148,124,122,2,2
69149,58,55,3,3
69150,86,84,2,2
69151,132,123,9,9
69152,108,100,8,8
69153,38,41,-3,3
69154,138,140,-2,2
69155,74,74,0,0
69156,73,77,-4,4
69157,95,84,11,11
69158,129,136,-7,7
69159,102,96,6,6
69160,112,111,1,1
69161,141,141,0,0
69162,76,76,0,0
69163,142,139,3,3
69164,72,73,-1,1
69165,163,159,4,4
69166,122,120,2,2
69167,44,39,5,5
69168,104,104,0,0
69169,72,84,-12,12
69170,60,57,3,3
69171,69,69,0,0
69172,113,108,5,5
69173,89,91,-2,2
69174,42,45,-3,3
69175,146,142,4,4
69176,147,127,20,20
69177,132,147,-15,15
69178,107,105,2,2
69179,77,82,-5,5
69180,102,104,-2,2
69181,153,141,12,12
69182,56,75,-19,19
69183,105,112,-7,7
69184,129,129,0,0
69185,99,95,4,4
69186,55,57,-2,2
69187,102,114,-12,12
69188,102,99,3,3
69189,111,114,-3,3
69190,123,127,-4,4
69191,62,67,-5,5
69192,152,166,-14,14
69193,89,79,10,10
69194,94,90,4,4
69195,35,54,-19,19
69196,94,95,-1,1
69197,110,117,-7,7
69198,175,177,-2,2
69199,105,99,6,6
69200,42,48,-6,6
69201,152,146,6,6
69202,149,135,14,14
69203,207,187,20,20
69204,152,158,-6,6
69205,88,101,-13,13
69206,94,97,-3,3
69207,76,70,6,6
69208,84,83,1,1
69209,87,85,2,2
69210,59,46,13,13
69211,112,109,3,3
69212,110,107,3,3
69213,136,118,18,18
69214,81,94,-13,13
69215,177,162,15,15
69216,120,125,-5,5
69217,86,91,-5,5
69218,57,62,-5,5
69219,100,82,18,18
69220,134,131,3,3
69221,75,72,3,3
69222,88,82,6,6
69223,82,88,-6,6
69224,54,60,-6,6
69225,74,69,5,5
69226,50,55,-5,5
69227,125,116,9,9
69228,85,86,-1,1
69229,148,145,3,3
69230,88,95,-7,7
69231,58,72,-14,14
69232,124,109,15,15
69233,129,129,0,0
69234,100,93,7,7
69235,76,74,2,2
69236,86,79,7,7
69237,57,68,-11,11
69238,84,86,-2,2
69239,103,99,4,4
69240,87,88,-1,1
69241,114,119,-5,5
69242,58,63,-5,5
69243,100,93,7,7
69244,92,102,-10,10
69245,78,83,-5,5
69246,73,86,-13,13
69247,73,70,3,3
69248,106,108,-2,2
69249,135,136,-1,1
69250,95,113,-18,18
69251,75,79,-4,4
69252,116,125,-9,9
69253,58,55,3,3
69254,135,128,7,7
69255,75,78,-3,3
69256,51,58,-7,7
69257,69,70,-1,1
69258,97,112,-15,15
69259,73,78,-5,5
69260,91,100,-9,9
69261,156,151,5,5
69262,67,74,-7,7
69263,77,72,5,5
69264,133,139,-6,6
69265,129,147,-18,18
69266,110,108,2,2
69267,121,137,-16,16
69268,150,148,2,2
69269,89,87,2,2
69270,71,83,-12,12
69271,119,108,11,11
69272,70,77,-7,7
69273,121,125,-4,4
69274,116,122,-6,6
69275,123,129,-6,6
69276,95,89,6,6
69277,70,66,4,4
69278,111,91,20,20
69279,113,106,7,7
69280,92,80,12,12
69281,52,58,-6,6
69282,114,111,3,3
69283,106,107,-1,1
69284,102,118,-16,16
69285,72,83,-11,11
69286,134,120,14,14
69287,101,103,-2,2
69288,134,121,13,13
69289,111,116,-5,5
69290,99,102,-3,3
69291,98,92,6,6
69292,94,99,-5,5
69293,44,48,-4,4
69294,92,94,-2,2
69295,81,77,4,4
69296,74,76,-2,2
69297,51,51,0,0
69298,135,135,0,0
69299,34,40,-6,6
69300,151,151,0,0
69301,64,64,0,0
69302,105,112,-7,7
69303,117,107,10,10
69304,88,88,0,0
69305,100,103,-3,3
69306,88,85,3,3
69307,84,87,-3,3
69308,189,185,4,4
69309,45,54,-9,9
69310,64,70,-6,6
69311,94,98,-4,4
69312,199,184,15,15
69313,80,75,5,5
69314,105,108,-3,3
69315,112,110,2,2
69316,59,42,17,17
69317,54,63,-9,9
69318,123,119,4,4
69319,59,66,-7,7
69320,186,178,8,8
69321,110,111,-1,1
69322,117,112,5,5
69323,82,82,0,0
69324,202,176,26,26
69325,129,114,15,15
69326,91,93,-2,2
69327,131,112,19,19
69328,117,110,7,7
69329,82,76,6,6
69330,78,87,-9,9
69331,129,128,1,1
69332,46,41,5,5
69333,122,128,-6,6
69334,124,116,8,8
69335,186,193,-7,7
69336,103,105,-2,2
69337,112,121,-9,9
69338,135,143,-8,8
69339,68,74,-6,6
69340,110,113,-3,3
69341,57,57,0,0
69342,144,139,5,5
69343,115,106,9,9
69344,143,142,1,1
69345,75,85,-10,10
69346,69,65,4,4
69347,140,128,12,12
69348,93,104,-11,11
69349,74,73,1,1
69350,165,161,4,4
69351,77,84,-7,7
69352,57,61,-4,4
69353,87,106,-19,19
69354,123,123,0,0
69355,78,84,-6,6
69356,120,122,-2,2
69357,100,98,2,2
69358,112,115,-3,3
69359,87,95,-8,8
69360,98,83,15,15
69361,106,105,1,1
69362,91,101,-10,10
69363,107,109,-2,2
69364,67,65,2,2
69365,125,123,2,2
69366,61,52,9,9
69367,96,100,-4,4
69368,73,72,1,1
69369,70,69,1,1
69370,89,85,4,4
69371,114,111,3,3
69372,74,79,-5,5
69373,133,117,16,16
69374,107,115,-8,8
69375,91,90,1,1
69376,83,77,6,6
69377,76,72,4,4
69378,75,82,-7,7
69379,83,80,3,3
69380,62,61,1,1
69381,71,81,-10,10
69382,40,42,-2,2
69383,131,125,6,6
69384,138,139,-1,1
69385,43,53,-10,10
69386,76,84,-8,8
69387,128,152,-24,24
69388,62,62,0,0
69389,128,124,4,4
69390,79,83,-4,4
69391,140,131,9,9
69392,94,105,-11,11
69393,96,101,-5,5
69394,43,43,0,0
69395,159,155,4,4
69396,62,57,5,5
69397,131,126,5,5
69398,65,67,-2,2
69399,63,68,-5,5
69400,116,127,-11,11
69401,65,80,-15,15
69402,70,68,2,2
69403,56,62,-6,6
69404,95,100,-5,5
69405,120,115,5,5
69406,93,102,-9,9
69407,92,92,0,0
69408,101,91,10,10
69409,106,112,-6,6
69410,151,143,8,8
69411,98,96,2,2
69412,63,63,0,0
69413,120,122,-2,2
69414,93,92,1,1
69415,89,89,0,0
69416,47,55,-8,8
69417,92,100,-8,8
69418,95,87,8,8
69419,90,81,9,9
69420,116,109,7,7
69421,88,87,1,1
69422,107,115,-8,8
69423,168,182,-14,14
69424,49,49,0,0
69425,111,107,4,4
69426,76,81,-5,5
69427,89,86,3,3
69428,72,74,-2,2
69429,131,132,-1,1
69430,61,77,-16,16
69431,106,102,4,4
69432,65,71,-6,6
69433,76,79,-3,3
69434,62,94,-32,32
69435,63,63,0,0
69436,77,75,2,2
69437,120,114,6,6
69438,109,114,-5,5
69439,93,90,3,3
69440,66,66,0,0
69441,72,64,8,8
69442,94,87,7,7
69443,143,130,13,13
69444,75,76,-1,1
69445,99,101,-2,2
69446,112,114,-2,2
69447,66,67,-1,1
69448,72,69,3,3
69449,46,55,-9,9
69450,100,104,-4,4
69451,89,83,6,6
69452,101,103,-2,2
69453,63,63,0,0
69454,108,109,-1,1
69455,89,97,-8,8
69456,101,94,7,7
69457,94,90,4,4
69458,73,76,-3,3
69459,148,123,25,25
69460,142,136,6,6
69461,92,94,-2,2
69462,151,143,8,8
69463,119,115,4,4
69464,61,69,-8,8
69465,124,127,-3,3
69466,46,54,-8,8
69467,67,76,-9,9
69468,46,63,-17,17
69469,81,79,2,2
69470,104,106,-2,2
69471,47,50,-3,3
69472,88,88,0,0
69473,115,86,29,29
69474,92,111,-19,19
69475,100,86,14,14
69476,141,136,5,5
69477,107,109,-2,2
69478,127,112,15,15
69479,117,126,-9,9
69480,72,73,-1,1
69481,81,84,-3,3
69482,100,129,-29,29
69483,84,104,-20,20
69484,70,68,2,2
69485,152,140,12,12
69486,32,41,-9,9
69487,121,126,-5,5
69488,69,70,-1,1
69489,63,66,-3,3
69490,76,75,1,1
69491,81,85,-4,4
69492,106,104,2,2
69493,69,77,-8,8
69494,54,60,-6,6
69495,92,89,3,3
69496,61,67,-6,6
69497,141,127,14,14
69498,78,75,3,3
69499,124,142,-18,18
69500,94,92,2,2
69501,66,71,-5,5
69502,156,161,-5,5
69503,80,104,-24,24
69504,84,90,-6,6
69505,161,160,1,1
69506,106,102,4,4
69507,98,99,-1,1
69508,108,107,1,1
69509,109,105,4,4
69510,85,83,2,2
69511,74,83,-9,9
69512,74,76,-2,2
69513,88,100,-12,12
69514,128,121,7,7
69515,93,91,2,2
69516,140,141,-1,1
69517,109,108,1,1
69518,58,56,2,2
69519,73,66,7,7
69520,86,86,0,0
69521,94,89,5,5
69522,332,300,32,32
69523,112,105,7,7
69524,48,48,0,0
69525,73,78,-5,5
69526,116,114,2,2
69527,105,90,15,15
69528,65,67,-2,2
69529,108,105,3,3
69530,83,94,-11,11
69531,81,88,-7,7
69532,155,162,-7,7
69533,110,101,9,9
69534,120,114,6,6
69535,92,84,8,8
69536,152,139,13,13
69537,131,138,-7,7
69538,48,62,-14,14
69539,68,71,-3,3
69540,74,74,0,0
69541,86,100,-14,14
69542,148,157,-9,9
69543,188,180,8,8
69544,79,90,-11,11
69545,125,118,7,7
69546,95,84,11,11
69547,63,61,2,2
69548,78,72,6,6
69549,116,117,-1,1
69550,83,83,0,0
69551,68,72,-4,4
69552,104,114,-10,10
69553,107,107,0,0
69554,93,88,5,5
69555,115,114,1,1
69556,105,92,13,13
69557,76,93,-17,17
69558,129,118,11,11
69559,53,50,3,3
69560,78,85,-7,7
69561,108,105,3,3
69562,39,49,-10,10
69563,81,76,5,5
69564,122,129,-7,7
69565,74,71,3,3
69566,63,68,-5,5
69567,115,115,0,0
69568,119,124,-5,5
69569,130,129,1,1
69570,103,129,-26,26
69571,107,113,-6,6
69572,69,80,-11,11
69573,130,123,7,7
69574,98,114,-16,16
69575,126,117,9,9
69576,119,107,12,12
69577,86,91,-5,5
69578,211,202,9,9
69579,82,83,-1,1
69580,64,62,2,2
69581,96,76,20,20
69582,63,66,-3,3
69583,102,105,-3,3
69584,119,127,-8,8
69585,82,90,-8,8
69586,119,113,6,6
69587,64,64,0,0
69588,48,50,-2,2
69589,140,134,6,6
69590,112,108,4,4
69591,93,107,-14,14
69592,88,91,-3,3
69593,93,97,-4,4
69594,60,59,1,1
69595,66,67,-1,1
69596,48,50,-2,2
69597,101,98,3,3
69598,54,53,1,1
69599,99,98,1,1
69600,81,80,1,1
69601,155,148,7,7
69602,80,74,6,6
69603,69,70,-1,1
69604,65,77,-12,12
69605,81,88,-7,7
69606,100,105,-5,5
69607,89,103,-14,14
69608,86,88,-2,2
69609,107,113,-6,6
69610,61,67,-6,6
69611,59,55,4,4
69612,51,56,-5,5
69613,147,150,-3,3
69614,127,122,5,5
69615,130,137,-7,7
69616,53,47,6,6
69617,117,100,17,17
69618,132,129,3,3
69619,119,116,3,3
69620,107,93,14,14
69621,79,99,-20,20
69622,157,153,4,4
69623,125,112,13,13
69624,60,65,-5,5
69625,79,69,10,10
69626,80,84,-4,4
69627,151,137,14,14
69628,109,100,9,9
69629,64,66,-2,2
69630,111,101,10,10
69631,44,55,-11,11
69632,95,86,9,9
69633,137,131,6,6
69634,121,103,18,18
69635,51,60,-9,9
69636,53,60,-7,7
69637,93,92,1,1
69638,91,97,-6,6
69639,125,116,9,9
69640,59,60,-1,1
69641,63,64,-1,1
69642,111,100,11,11
69643,117,121,-4,4
69644,74,72,2,2
69645,117,124,-7,7
69646,65,61,4,4
69647,100,86,14,14
69648,227,217,10,10
69649,145,174,-29,29
69650,82,84,-2,2
69651,93,79,14,14
69652,120,136,-16,16
69653,122,113,9,9
69654,121,118,3,3
69655,106,91,15,15
69656,95,103,-8,8
69657,71,72,-1,1
69658,64,76,-12,12
69659,103,103,0,0
69660,66,82,-16,16
69661,60,65,-5,5
69662,85,83,2,2
69663,110,112,-2,2
69664,109,111,-2,2
69665,80,89,-9,9
69666,80,73,7,7
69667,147,151,-4,4
69668,107,114,-7,7
69669,61,64,-3,3
69670,163,161,2,2
69671,60,57,3,3
69672,85,83,2,2
69673,152,165,-13,13
69674,90,90,0,0
69675,81,80,1,1
69676,76,73,3,3
69677,95,90,5,5
69678,70,73,-3,3
69679,101,95,6,6
69680,65,63,2,2
69681,78,87,-9,9
69682,94,100,-6,6
69683,69,71,-2,2
69684,161,163,-2,2
69685,97,105,-8,8
69686,66,73,-7,7
69687,171,156,15,15
69688,93,83,10,10
69689,98,92,6,6
69690,101,107,-6,6
69691,97,100,-3,3
69692,74,81,-7,7
69693,88,77,11,11
69694,184,185,-1,1
69695,74,79,-5,5
69696,65,75,-10,10
69697,193,179,14,14
69698,103,100,3,3
69699,57,62,-5,5
69700,113,133,-20,20
69701,145,168,-23,23
69702,60,62,-2,2
69703,128,139,-11,11
69704,89,90,-1,1
69705,80,80,0,0
69706,79,74,5,5
69707,114,108,6,6
69708,200,188,12,12
69709,133,130,3,3
69710,114,111,3,3
69711,125,122,3,3
69712,82,80,2,2
69713,90,82,8,8
69714,95,93,2,2
69715,140,142,-2,2
69716,96,105,-9,9
69717,186,180,6,6
69718,89,101,-12,12
69719,57,60,-3,3
69720,76,79,-3,3
69721,64,63,1,1
69722,138,133,5,5
69723,97,97,0,0
69724,95,106,-11,11
69725,157,160,-3,3
69726,76,71,5,5
69727,77,83,-6,6
69728,110,111,-1,1
69729,191,176,15,15
69730,70,63,7,7
69731,100,115,-15,15
69732,98,107,-9,9
69733,64,71,-7,7
69734,106,107,-1,1
69735,95,100,-5,5
69736,70,78,-8,8
69737,132,120,12,12
69738,43,38,5,5
69739,177,164,13,13
69740,59,62,-3,3
69741,42,49,-7,7
69742,40,40,0,0
69743,82,46,36,36
69744,79,84,-5,5
69745,62,76,-14,14
69746,108,105,3,3
69747,103,115,-12,12
69748,92,91,1,1
69749,63,68,-5,5
69750,65,71,-6,6
69751,144,147,-3,3
69752,92,91,1,1
69753,129,130,-1,1
69754,137,139,-2,2
69755,122,129,-7,7
69756,48,63,-15,15
69757,85,70,15,15
69758,90,99,-9,9
69759,82,74,8,8
69760,112,106,6,6
69761,85,85,0,0
69762,91,86,5,5
69763,78,81,-3,3
69764,69,71,-2,2
69765,121,112,9,9
69766,68,72,-4,4
69767,131,133,-2,2
69768,89,88,1,1
69769,93,93,0,0
69770,54,50,4,4
69771,136,138,-2,2
69772,35,69,-34,34
69773,178,160,18,18
69774,105,102,3,3
69775,145,148,-3,3
69776,75,81,-6,6
69777,117,109,8,8
69778,63,64,-1,1
69779,132,131,1,1
69780,100,104,-4,4
69781,67,70,-3,3
69782,47,53,-6,6
69783,128,116,12,12
69784,119,126,-7,7
69785,119,123,-4,4
69786,93,80,13,13
69787,121,123,-2,2
69788,79,75,4,4
69789,166,159,7,7
69790,87,79,8,8
69791,85,88,-3,3
69792,80,80,0,0
69793,68,75,-7,7
69794,131,135,-4,4
69795,124,123,1,1
69796,146,151,-5,5
69797,71,68,3,3
69798,89,102,-13,13
69799,60,67,-7,7
69800,64,65,-1,1
69801,63,77,-14,14
69802,61,65,-4,4
69803,119,110,9,9
69804,83,89,-6,6
69805,96,102,-6,6
69806,116,135,-19,19
69807,122,120,2,2
69808,102,96,6,6
69809,85,87,-2,2
69810,129,134,-5,5
69811,109,101,8,8
69812,41,42,-1,1
69813,95,104,-9,9
69814,131,108,23,23
69815,98,78,20,20
69816,105,100,5,5
69817,35,46,-11,11
69818,65,66,-1,1
69819,69,67,2,2
69820,72,67,5,5
69821,101,102,-1,1
69822,86,85,1,1
69823,103,108,-5,5
69824,110,103,7,7
69825,77,69,8,8
69826,98,72,26,26
69827,107,104,3,3
69828,72,80,-8,8
69829,109,112,-3,3
69830,68,61,7,7
69831,64,61,3,3
69832,158,154,4,4
69833,112,122,-10,10
69834,71,83,-12,12
69835,119,116,3,3
69836,63,65,-2,2
69837,66,70,-4,4
69838,90,85,5,5
69839,114,122,-8,8
69840,81,85,-4,4
69841,136,125,11,11
69842,92,90,2,2
69843,46,61,-15,15
69844,48,53,-5,5
69845,99,88,11,11
69846,63,67,-4,4
69847,113,114,-1,1
69848,77,80,-3,3
69849,95,107,-12,12
69850,95,96,-1,1
69851,92,99,-7,7
69852,77,76,1,1
69853,108,106,2,2
69854,80,80,0,0
69855,106,104,2,2
69856,193,187,6,6
69857,138,127,11,11
69858,146,149,-3,3
69859,146,147,-1,1
69860,121,114,7,7
69861,134,122,12,12
69862,92,92,0,0
69863,109,109,0,0
69864,94,101,-7,7
69865,96,104,-8,8
69866,105,121,-16,16
69867,124,128,-4,4
69868,101,98,3,3
69869,63,69,-6,6
69870,91,99,-8,8
69871,75,82,-7,7
69872,89,102,-13,13
69873,134,134,0,0
69874,130,127,3,3
69875,71,82,-11,11
69876,152,151,1,1
69877,79,67,12,12
69878,82,73,9,9
69879,80,92,-12,12
69880,51,59,-8,8
69881,134,134,0,0
69882,120,108,12,12
69883,88,86,2,2
69884,66,75,-9,9
69885,40,50,-10,10
69886,81,77,4,4
69887,125,115,10,10
69888,57,60,-3,3
69889,127,120,7,7
69890,70,65,5,5
69891,144,100,44,44
69892,100,109,-9,9
69893,190,173,17,17
69894,79,79,0,0
69895,95,75,20,20
69896,86,74,12,12
69897,75,65,10,10
69898,108,105,3,3
69899,74,75,-1,1
69900,110,120,-10,10
69901,121,114,7,7
69902,75,80,-5,5
69903,193,171,22,22
69904,102,99,3,3
69905,83,87,-4,4
69906,161,159,2,2
69907,43,48,-5,5
69908,157,180,-23,23
69909,152,158,-6,6
69910,166,159,7,7
69911,61,58,3,3
69912,123,120,3,3
69913,77,69,8,8
69914,76,71,5,5
69915,103,111,-8,8
69916,73,71,2,2
69917,94,99,-5,5
69918,71,79,-8,8
69919,69,81,-12,12
69920,46,47,-1,1
69921,59,59,0,0
69922,109,103,6,6
69923,166,172,-6,6
69924,65,68,-3,3
69925,97,90,7,7
69926,170,156,14,14
69927,76,81,-5,5
69928,79,80,-1,1
69929,84,89,-5,5
69930,36,33,3,3
69931,149,153,-4,4
69932,61,58,3,3
69933,109,112,-3,3
69934,160,144,16,16
69935,96,92,4,4
69936,139,143,-4,4
69937,59,61,-2,2
69938,52,42,10,10
69939,148,141,7,7
69940,90,75,15,15
69941,68,62,6,6
69942,60,66,-6,6
69943,110,112,-2,2
69944,80,100,-20,20
69945,37,38,-1,1
69946,75,86,-11,11
69947,62,73,-11,11
69948,66,69,-3,3
69949,99,108,-9,9
69950,105,104,1,1
69951,165,152,13,13
69952,164,160,4,4
69953,93,94,-1,1
69954,58,78,-20,20
69955,93,96,-3,3
69956,37,43,-6,6
69957,68,73,-5,5
69958,122,125,-3,3
69959,36,40,-4,4
69960,109,111,-2,2
69961,111,107,4,4
69962,39,44,-5,5
69963,139,135,4,4
69964,109,114,-5,5
69965,169,166,3,3
69966,138,139,-1,1
69967,104,120,-16,16
69968,170,185,-15,15
69969,66,68,-2,2
69970,154,152,2,2
69971,46,55,-9,9
69972,136,127,9,9
69973,81,80,1,1
69974,390,334,56,56
69975,88,83,5,5
69976,66,79,-13,13
69977,69,71,-2,2
69978,48,57,-9,9
69979,136,125,11,11
69980,85,85,0,0
69981,73,71,2,2
69982,128,139,-11,11
69983,90,102,-12,12
69984,105,110,-5,5
69985,127,124,3,3
69986,102,106,-4,4
69987,111,111,0,0
69988,110,101,9,9
69989,92,89,3,3
69990,66,106,-40,40
69991,103,103,0,0
69992,111,105,6,6
69993,120,119,1,1
69994,96,104,-8,8
69995,141,141,0,0
69996,89,103,-14,14
69997,66,69,-3,3
69998,95,86,9,9
69999,83,92,-9,9
70000,62,62,0,0
70001,136,140,-4,4
70002,99,93,6,6
70003,78,70,8,8
70004,79,85,-6,6
70005,86,83,3,3
70006,70,69,1,1
70007,128,131,-3,3
70008,100,84,16,16
70009,116,103,13,13
70010,165,180,-15,15
70011,125,122,3,3
70012,63,72,-9,9
70013,93,105,-12,12
70014,135,125,10,10
70015,61,62,-1,1
70016,55,70,-15,15
70017,95,88,7,7
70018,98,100,-2,2
70019,54,56,-2,2
70020,85,90,-5,5
70021,96,92,4,4
70022,132,129,3,3
70023,81,84,-3,3
70024,57,64,-7,7
70025,71,67,4,4
70026,92,91,1,1
70027,99,88,11,11
70028,87,84,3,3
70029,116,102,14,14
70030,46,54,-8,8
70031,29,28,1,1
70032,163,172,-9,9
70033,110,104,6,6
70034,68,70,-2,2
70035,62,62,0,0
70036,60,56,4,4
70037,91,101,-10,10
70038,35,38,-3,3
70039,61,70,-9,9
70040,101,91,10,10
70041,135,131,4,4
70042,169,173,-4,4
70043,122,114,8,8
70044,182,174,8,8
70045,86,90,-4,4
70046,121,115,6,6
70047,65,62,3,3
70048,84,77,7,7
70049,98,92,6,6
70050,61,67,-6,6
70051,71,79,-8,8
70052,54,59,-5,5
70053,130,120,10,10
70054,47,53,-6,6
70055,78,73,5,5
70056,83,75,8,8
70057,119,109,10,10
70058,86,79,7,7
70059,92,98,-6,6
70060,76,77,-1,1
70061,80,88,-8,8
70062,103,100,3,3
70063,113,112,1,1
70064,79,85,-6,6
70065,68,69,-1,1
70066,115,113,2,2
70067,62,71,-9,9
70068,107,119,-12,12
70069,115,109,6,6
70070,138,138,0,0
70071,115,121,-6,6
70072,117,109,8,8
70073,92,143,-51,51
70074,122,116,6,6
70075,54,57,-3,3
70076,76,80,-4,4
70077,96,92,4,4
70078,57,61,-4,4
70079,108,111,-3,3
70080,104,110,-6,6
70081,107,107,0,0
70082,66,60,6,6
70083,57,66,-9,9
70084,72,72,0,0
70085,63,98,-35,35
70086,119,123,-4,4
70087,123,117,6,6
70088,86,84,2,2
70089,121,107,14,14
70090,72,65,7,7
70091,70,72,-2,2
70092,84,76,8,8
70093,72,80,-8,8
70094,61,59,2,2
70095,128,116,12,12
70096,90,98,-8,8
70097,138,152,-14,14
70098,80,82,-2,2
70099,134,107,27,27
70100,135,138,-3,3
70101,108,104,4,4
70102,114,110,4,4
70103,87,83,4,4
70104,29,47,-18,18
70105,84,84,0,0
70106,139,143,-4,4
70107,126,118,8,8
70108,61,57,4,4
70109,22,31,-9,9
70110,61,73,-12,12
70111,74,84,-10,10
70112,120,116,4,4
70113,69,68,1,1
70114,61,69,-8,8
70115,88,95,-7,7
70116,102,104,-2,2
70117,107,109,-2,2
70118,103,104,-1,1
70119,89,90,-1,1
70120,134,134,0,0
70121,52,61,-9,9
70122,63,95,-32,32
70123,116,106,10,10
70124,123,128,-5,5
70125,101,98,3,3
70126,58,62,-4,4
70127,95,100,-5,5
70128,66,66,0,0
70129,69,68,1,1
70130,107,101,6,6
70131,118,131,-13,13
70132,155,139,16,16
70133,75,76,-1,1
70134,103,99,4,4
70135,81,75,6,6
70136,94,97,-3,3
70137,64,66,-2,2
70138,135,128,7,7
70139,116,137,-21,21
70140,213,187,26,26
70141,87,88,-1,1
70142,109,127,-18,18
70143,149,148,1,1
70144,81,94,-13,13
70145,78,77,1,1
70146,62,60,2,2
70147,73,76,-3,3
70148,68,62,6,6
70149,103,79,24,24
70150,121,109,12,12
70151,165,151,14,14
70152,105,104,1,1
70153,71,67,4,4
70154,139,148,-9,9
70155,75,100,-25,25
70156,146,156,-10,10
70157,88,98,-10,10
70158,184,186,-2,2
70159,122,113,9,9
70160,50,71,-21,21
70161,98,102,-4,4
70162,28,80,-52,52
70163,68,61,7,7
70164,34,37,-3,3
70165,88,80,8,8
70166,87,92,-5,5
70167,91,87,4,4
70168,97,98,-1,1
70169,93,78,15,15
70170,46,49,-3,3
70171,63,63,0,0
70172,54,60,-6,6
70173,68,72,-4,4
70174,100,117,-17,17
70175,51,54,-3,3
70176,92,98,-6,6
70177,111,114,-3,3
70178,66,63,3,3
70179,60,72,-12,12
70180,66,67,-1,1
70181,130,117,13,13
70182,125,112,13,13
70183,134,139,-5,5
70184,139,139,0,0
70185,105,109,-4,4
70186,70,72,-2,2
70187,106,102,4,4
70188,146,132,14,14
70189,144,146,-2,2
70190,108,126,-18,18
70191,77,80,-3,3
70192,99,93,6,6
70193,79,80,-1,1
70194,65,68,-3,3
70195,65,80,-15,15
70196,89,101,-12,12
70197,128,119,9,9
70198,95,121,-26,26
70199,131,148,-17,17
70200,48,48,0,0
70201,127,116,11,11
70202,102,109,-7,7
70203,127,124,3,3
70204,53,58,-5,5
70205,148,134,14,14
70206,173,161,12,12
70207,110,107,3,3
70208,61,65,-4,4
70209,65,67,-2,2
70210,83,83,0,0
70211,125,127,-2,2
70212,94,91,3,3
70213,82,80,2,2
70214,95,83,12,12
70215,48,56,-8,8
70216,112,112,0,0
70217,74,76,-2,2
70218,114,108,6,6
70219,64,67,-3,3
70220,109,102,7,7
70221,163,150,13,13
70222,136,136,0,0
70223,218,199,19,19
70224,114,107,7,7
70225,152,149,3,3
70226,115,120,-5,5
70227,70,78,-8,8
70228,76,76,0,0
70229,101,103,-2,2
70230,122,114,8,8
70231,95,88,7,7
70232,112,143,-31,31
70233,114,113,1,1
70234,93,87,6,6
70235,56,68,-12,12
70236,110,123,-13,13
70237,97,100,-3,3
70238,86,100,-14,14
70239,87,85,2,2
70240,55,67,-12,12
70241,183,198,-15,15
70242,99,102,-3,3
70243,102,102,0,0
70244,113,109,4,4
70245,95,94,1,1
70246,191,170,21,21
70247,82,86,-4,4
70248,55,55,0,0
70249,60,65,-5,5
70250,81,79,2,2
70251,87,87,0,0
70252,142,146,-4,4
70253,97,84,13,13
70254,116,105,11,11
70255,73,71,2,2
70256,87,93,-6,6
70257,102,98,4,4
70258,57,62,-5,5
70259,56,65,-9,9
70260,193,164,29,29
70261,99,104,-5,5
70262,61,69,-8,8
70263,90,87,3,3
70264,129,136,-7,7
70265,86,87,-1,1
70266,68,78,-10,10
70267,106,95,11,11
70268,101,109,-8,8
70269,139,133,6,6
70270,97,108,-11,11
70271,79,87,-8,8
70272,54,64,-10,10
70273,47,56,-9,9
70274,119,110,9,9
70275,93,87,6,6
70276,70,73,-3,3
70277,109,110,-1,1
70278,55,69,-14,14
70279,127,134,-7,7
70280,76,76,0,0
70281,35,43,-8,8
70282,66,67,-1,1
70283,72,72,0,0
70284,91,105,-14,14
70285,128,136,-8,8
70286,123,124,-1,1
70287,129,128,1,1
70288,106,101,5,5
70289,84,89,-5,5
70290,99,88,11,11
70291,59,58,1,1
70292,54,60,-6,6
70293,120,116,4,4
70294,188,171,17,17
70295,83,81,2,2
70296,146,134,12,12
70297,69,70,-1,1
70298,58,61,-3,3
70299,173,153,20,20
70300,131,122,9,9
70301,150,143,7,7
70302,115,114,1,1
70303,107,102,5,5
70304,131,135,-4,4
70305,101,104,-3,3
70306,105,96,9,9
70307,104,105,-1,1
70308,138,126,12,12
70309,62,63,-1,1
70310,88,94,-6,6
70311,44,48,-4,4
70312,116,121,-5,5
70313,84,81,3,3
70314,80,103,-23,23
70315,112,113,-1,1
70316,85,86,-1,1
70317,82,75,7,7
70318,101,104,-3,3
70319,123,121,2,2
70320,137,129,8,8
70321,112,95,17,17
70322,72,77,-5,5
70323,100,99,1,1
70324,106,100,6,6
70325,64,56,8,8
70326,115,107,8,8
70327,44,48,-4,4
70328,112,109,3,3
70329,113,107,6,6
70330,203,185,18,18
70331,113,103,10,10
70332,154,151,3,3
70333,88,97,-9,9
70334,88,104,-16,16
70335,56,60,-4,4
70336,116,116,0,0
70337,104,106,-2,2
70338,96,91,5,5
70339,99,101,-2,2
70340,98,108,-10,10
70341,128,138,-10,10
70342,79,83,-4,4
70343,97,108,-11,11
70344,68,74,-6,6
70345,93,80,13,13
70346,99,102,-3,3
70347,68,73,-5,5
70348,83,77,6,6
70349,85,86,-1,1
70350,89,100,-11,11
70351,95,92,3,3
70352,133,133,0,0
70353,86,85,1,1
70354,94,91,3,3
70355,63,73,-10,10
70356,134,130,4,4
70357,79,82,-3,3
70358,55,55,0,0
70359,82,88,-6,6
70360,60,67,-7,7
70361,63,73,-10,10
70362,179,165,14,14
70363,127,124,3,3
70364,65,63,2,2
70365,101,105,-4,4
70366,112,109,3,3
70367,66,71,-5,5
70368,104,106,-2,2
70369,80,99,-19,19
70370,84,76,8,8
70371,57,59,-2,2
70372,55,56,-1,1
70373,134,129,5,5
70374,125,120,5,5
70375,83,83,0,0
70376,66,66,0,0
70377,59,82,-23,23
70378,117,115,2,2
70379,103,126,-23,23
70380,101,96,5,5
70381,128,131,-3,3
70382,92,95,-3,3
70383,167,160,7,7
70384,79,79,0,0
70385,121,117,4,4
70386,85,74,11,11
70387,80,64,16,16
70388,26,27,-1,1
70389,52,57,-5,5
70390,58,70,-12,12
70391,137,134,3,3
70392,48,56,-8,8
70393,138,131,7,7
70394,81,67,14,14
70395,132,132,0,0
70396,111,111,0,0
70397,115,116,-1,1
70398,129,128,1,1
70399,125,126,-1,1
70400,138,163,-25,25
70401,51,59,-8,8
70402,131,144,-13,13
70403,164,172,-8,8
70404,107,92,15,15
70405,102,101,1,1
70406,66,67,-1,1
70407,59,60,-1,1
70408,60,60,0,0
70409,145,141,4,4
70410,143,138,5,5
70411,121,125,-4,4
70412,98,106,-8,8
70413,107,94,13,13
70414,69,67,2,2
70415,154,156,-2,2
70416,93,100,-7,7
70417,93,92,1,1
70418,41,39,2,2
70419,103,111,-8,8
70420,81,81,0,0
70421,105,99,6,6
70422,60,55,5,5
70423,90,97,-7,7
70424,76,76,0,0
70425,98,102,-4,4
70426,70,69,1,1
70427,49,58,-9,9
70428,113,111,2,2
70429,45,61,-16,16
70430,109,105,4,4
70431,53,59,-6,6
70432,98,80,18,18
70433,70,68,2,2
70434,91,87,4,4
70435,126,119,7,7
70436,68,57,11,11
70437,54,74,-20,20
70438,99,90,9,9
70439,85,88,-3,3
70440,85,79,6,6
70441,93,101,-8,8
70442,69,67,2,2
70443,59,60,-1,1
70444,47,61,-14,14
70445,83,82,1,1
70446,103,112,-9,9
70447,93,84,9,9
70448,125,135,-10,10
70449,97,98,-1,1
70450,103,112,-9,9
70451,79,79,0,0
70452,103,117,-14,14
70453,132,125,7,7
70454,165,166,-1,1
70455,132,128,4,4
70456,88,87,1,1
70457,92,85,7,7
70458,75,73,2,2
70459,108,102,6,6
70460,98,99,-1,1
70461,133,151,-18,18
70462,75,71,4,4
70463,187,189,-2,2
70464,123,120,3,3
70465,63,83,-20,20
70466,92,106,-14,14
70467,117,117,0,0
70468,98,85,13,13
70469,247,234,13,13
70470,98,104,-6,6
70471,102,91,11,11
70472,66,80,-14,14
70473,62,61,1,1
70474,84,85,-1,1
70475,52,56,-4,4
70476,107,105,2,2
70477,155,141,14,14
70478,118,120,-2,2
70479,150,155,-5,5
70480,112,105,7,7
70481,106,106,0,0
70482,61,62,-1,1
70483,101,105,-4,4
70484,80,72,8,8
70485,65,80,-15,15
70486,86,81,5,5
70487,74,71,3,3
70488,163,150,13,13
70489,100,110,-10,10
70490,44,51,-7,7
70491,86,74,12,12
70492,119,116,3,3
70493,80,77,3,3
70494,57,67,-10,10
70495,136,127,9,9
70496,113,118,-5,5
70497,75,76,-1,1
70498,41,50,-9,9
70499,125,141,-16,16
70500,77,75,2,2
70501,97,88,9,9
70502,159,161,-2,2
70503,43,50,-7,7
70504,47,48,-1,1
70505,53,56,-3,3
70506,141,129,12,12
70507,79,87,-8,8
70508,74,73,1,1
70509,117,119,-2,2
70510,39,47,-8,8
70511,74,78,-4,4
70512,131,133,-2,2
70513,95,92,3,3
70514,152,138,14,14
70515,80,84,-4,4
70516,125,110,15,15
70517,114,119,-5,5
70518,113,107,6,6
70519,58,70,-12,12
70520,98,91,7,7
70521,135,129,6,6
70522,88,103,-15,15
70523,147,146,1,1
70524,83,84,-1,1
70525,145,143,2,2
70526,144,144,0,0
70527,142,132,10,10
70528,65,70,-5,5
70529,59,65,-6,6
70530,116,115,1,1
70531,51,55,-4,4
70532,48,52,-4,4
70533,113,121,-8,8
70534,87,69,18,18
70535,72,80,-8,8
70536,100,101,-1,1
70537,66,69,-3,3
70538,106,113,-7,7
70539,128,117,11,11
70540,71,68,3,3
70541,69,77,-8,8
70542,117,132,-15,15
70543,125,127,-2,2
70544,105,103,2,2
70545,43,43,0,0
70546,154,160,-6,6
70547,77,79,-2,2
70548,104,107,-3,3
70549,112,110,2,2
70550,84,82,2,2
70551,69,70,-1,1
70552,135,126,9,9
70553,130,120,10,10
70554,117,125,-8,8
70555,47,60,-13,13
70556,114,119,-5,5
70557,100,105,-5,5
70558,129,136,-7,7
70559,59,62,-3,3
70560,159,150,9,9
70561,61,61,0,0
70562,51,55,-4,4
70563,92,89,3,3
70564,73,76,-3,3
70565,98,80,18,18
70566,117,116,1,1
70567,100,110,-10,10
70568,54,73,-19,19
70569,76,72,4,4
70570,132,133,-1,1
70571,178,144,34,34
70572,91,98,-7,7
70573,127,117,10,10
70574,75,72,3,3
70575,70,71,-1,1
70576,124,124,0,0
70577,125,130,-5,5
70578,80,83,-3,3
70579,59,66,-7,7
70580,82,88,-6,6
70581,130,133,-3,3
70582,82,88,-6,6
70583,93,85,8,8
70584,82,88,-6,6
70585,160,147,13,13
70586,83,80,3,3
70587,128,117,11,11
70588,123,114,9,9
70589,98,94,4,4
70590,104,97,7,7
70591,109,105,4,4
70592,48,46,2,2
70593,62,61,1,1
70594,63,61,2,2
70595,63,68,-5,5
70596,115,109,6,6
70597,94,87,7,7
70598,94,102,-8,8
70599,91,89,2,2
70600,141,143,-2,2
70601,162,156,6,6
70602,91,98,-7,7
70603,88,91,-3,3
70604,117,129,-12,12
70605,52,56,-4,4
70606,57,64,-7,7
70607,106,90,16,16
70608,77,85,-8,8
70609,58,63,-5,5
70610,85,80,5,5
70611,110,108,2,2
70612,74,79,-5,5
70613,97,89,8,8
70614,58,63,-5,5
70615,92,100,-8,8
70616,97,100,-3,3
70617,73,73,0,0
70618,89,98,-9,9
70619,108,103,5,5
70620,129,124,5,5
70621,83,80,3,3
70622,97,93,4,4
70623,88,87,1,1
70624,88,83,5,5
70625,74,79,-5,5
70626,103,108,-5,5
70627,93,86,7,7
70628,39,46,-7,7
70629,168,155,13,13
70630,102,97,5,5
70631,77,83,-6,6
70632,209,213,-4,4
70633,88,84,4,4
70634,88,91,-3,3
70635,95,105,-10,10
70636,113,108,5,5
70637,109,114,-5,5
70638,93,100,-7,7
70639,167,156,11,11
70640,55,74,-19,19
70641,115,111,4,4
70642,101,106,-5,5
70643,52,63,-11,11
70644,155,158,-3,3
70645,47,58,-11,11
70646,123,126,-3,3
70647,71,70,1,1
70648,109,112,-3,3
70649,63,69,-6,6
70650,132,144,-12,12
70651,74,81,-7,7
70652,89,100,-11,11
70653,131,128,3,3
70654,71,76,-5,5
70655,100,90,10,10
70656,76,88,-12,12
70657,67,70,-3,3
70658,121,108,13,13
70659,45,58,-13,13
70660,79,68,11,11
70661,145,146,-1,1
70662,242,214,28,28
70663,64,64,0,0
70664,146,138,8,8
70665,80,81,-1,1
70666,135,136,-1,1
70667,94,93,1,1
70668,88,78,10,10
70669,119,122,-3,3
70670,129,124,5,5
70671,86,84,2,2
70672,60,54,6,6
70673,148,156,-8,8
70674,43,58,-15,15
70675,41,44,-3,3
70676,272,246,26,26
70677,116,104,12,12
70678,86,83,3,3
70679,69,73,-4,4
70680,51,53,-2,2
70681,80,80,0,0
70682,83,80,3,3
70683,108,105,3,3
70684,66,65,1,1
70685,178,187,-9,9
70686,138,142,-4,4
70687,124,111,13,13
70688,58,57,1,1
70689,93,92,1,1
70690,135,128,7,7
70691,98,83,15,15
70692,91,83,8,8
70693,83,78,5,5
70694,192,186,6,6
70695,119,106,13,13
70696,44,53,-9,9
70697,83,87,-4,4
70698,75,81,-6,6
70699,216,208,8,8
70700,178,175,3,3
70701,81,80,1,1
70702,56,69,-13,13
70703,85,85,0,0
70704,87,83,4,4
70705,77,78,-1,1
70706,73,78,-5,5
70707,122,123,-1,1
70708,169,151,18,18
70709,155,143,12,12
70710,111,112,-1,1
70711,37,45,-8,8
70712,116,122,-6,6
70713,107,108,-1,1
70714,63,69,-6,6
70715,97,92,5,5
70716,108,97,11,11
70717,94,98,-4,4
70718,56,57,-1,1
70719,49,48,1,1
70720,87,92,-5,5
70721,110,111,-1,1
70722,89,90,-1,1
70723,87,81,6,6
70724,127,129,-2,2
70725,82,86,-4,4
70726,58,60,-2,2
70727,69,74,-5,5
70728,66,59,7,7
70729,62,79,-17,17
70730,80,83,-3,3
70731,62,65,-3,3
70732,46,49,-3,3
70733,48,70,-22,22
70734,77,72,5,5
70735,99,117,-18,18
70736,98,102,-4,4
70737,87,88,-1,1
70738,63,71,-8,8
70739,114,121,-7,7
70740,121,130,-9,9
70741,70,73,-3,3
70742,118,108,10,10
70743,116,117,-1,1
70744,89,99,-10,10
70745,100,100,0,0
70746,249,249,0,0
70747,202,189,13,13
70748,152,146,6,6
70749,140,133,7,7
70750,162,154,8,8
70751,90,87,3,3
70752,132,121,11,11
70753,79,70,9,9
70754,73,72,1,1
70755,115,109,6,6
70756,188,179,9,9
70757,72,74,-2,2
70758,112,115,-3,3
70759,131,122,9,9
70760,128,132,-4,4
70761,125,125,0,0
70762,133,126,7,7
70763,159,153,6,6
70764,96,96,0,0
70765,85,87,-2,2
70766,103,103,0,0
70767,74,72,2,2
70768,139,141,-2,2
70769,114,113,1,1
70770,35,43,-8,8
70771,56,67,-11,11
70772,85,90,-5,5
70773,111,100,11,11
70774,107,109,-2,2
70775,138,140,-2,2
70776,79,76,3,3
70777,89,89,0,0
70778,97,89,8,8
70779,88,81,7,7
70780,77,80,-3,3
70781,83,78,5,5
70782,138,138,0,0
70783,109,111,-2,2
70784,58,66,-8,8
70785,65,70,-5,5
70786,97,103,-6,6
70787,95,99,-4,4
70788,93,91,2,2
70789,80,86,-6,6
70790,88,82,6,6
70791,104,111,-7,7
70792,72,75,-3,3
70793,75,72,3,3
70794,88,89,-1,1
70795,104,114,-10,10
70796,70,70,0,0
70797,83,88,-5,5
70798,108,102,6,6
70799,84,77,7,7
70800,91,100,-9,9
70801,115,116,-1,1
70802,80,87,-7,7
70803,122,128,-6,6
70804,116,115,1,1
70805,119,114,5,5
70806,105,103,2,2
70807,80,85,-5,5
70808,63,80,-17,17
70809,108,118,-10,10
70810,73,71,2,2
70811,116,118,-2,2
70812,101,91,10,10
70813,78,79,-1,1
70814,137,141,-4,4
70815,94,103,-9,9
70816,63,61,2,2
70817,122,135,-13,13
70818,145,139,6,6
70819,110,102,8,8
70820,86,84,2,2
70821,160,152,8,8
70822,149,143,6,6
70823,93,88,5,5
70824,77,70,7,7
70825,43,51,-8,8
70826,85,97,-12,12
70827,85,78,7,7
70828,71,72,-1,1
70829,68,74,-6,6
70830,85,87,-2,2
70831,74,82,-8,8
70832,152,163,-11,11
70833,161,150,11,11
70834,130,135,-5,5
70835,83,76,7,7
70836,102,106,-4,4
70837,96,108,-12,12
70838,111,117,-6,6
70839,41,47,-6,6
70840,54,60,-6,6
70841,119,116,3,3
70842,89,78,11,11
70843,105,99,6,6
70844,163,157,6,6
70845,102,103,-1,1
70846,90,87,3,3
70847,52,66,-14,14
70848,61,64,-3,3
70849,84,101,-17,17
70850,87,97,-10,10
70851,56,72,-16,16
70852,86,102,-16,16
70853,153,147,6,6
70854,130,122,8,8
70855,171,158,13,13
70856,81,80,1,1
70857,76,75,1,1
70858,82,90,-8,8
70859,114,120,-6,6
70860,103,108,-5,5
70861,98,102,-4,4
70862,130,132,-2,2
70863,145,128,17,17
70864,66,79,-13,13
70865,136,116,20,20
70866,96,108,-12,12
70867,35,43,-8,8
70868,77,79,-2,2
70869,108,102,6,6
70870,91,105,-14,14
70871,68,73,-5,5
70872,114,116,-2,2
70873,38,43,-5,5
70874,123,104,19,19
70875,81,83,-2,2
70876,96,91,5,5
70877,89,88,1,1
70878,129,146,-17,17
70879,93,91,2,2
70880,57,60,-3,3
70881,81,77,4,4
70882,137,127,10,10
70883,83,77,6,6
70884,97,99,-2,2
70885,100,100,0,0
70886,83,85,-2,2
70887,94,87,7,7
70888,87,102,-15,15
70889,154,150,4,4
70890,126,104,22,22
70891,74,75,-1,1
70892,87,90,-3,3
70893,62,72,-10,10
70894,61,63,-2,2
70895,94,83,11,11
70896,91,85,6,6
70897,67,68,-1,1
70898,87,84,3,3
70899,58,69,-11,11
70900,126,121,5,5
70901,102,100,2,2
70902,97,101,-4,4
70903,60,64,-4,4
70904,84,85,-1,1
70905,168,128,40,40
70906,89,89,0,0
70907,60,60,0,0
70908,99,103,-4,4
70909,119,113,6,6
70910,90,89,1,1
70911,150,150,0,0
70912,95,100,-5,5
70913,79,78,1,1
70914,45,50,-5,5
70915,101,99,2,2
70916,123,117,6,6
70917,145,144,1,1
70918,56,61,-5,5
70919,83,85,-2,2
70920,48,54,-6,6
70921,65,64,1,1
70922,102,110,-8,8
70923,75,75,0,0
70924,194,210,-16,16
70925,55,61,-6,6
70926,61,62,-1,1
70927,97,97,0,0
70928,123,128,-5,5
70929,47,54,-7,7
70930,99,114,-15,15
70931,88,88,0,0
70932,65,66,-1,1
70933,71,73,-2,2
70934,140,133,7,7
70935,113,111,2,2
70936,70,73,-3,3
70937,123,127,-4,4
70938,113,101,12,12
70939,170,155,15,15
70940,101,109,-8,8
70941,113,107,6,6
70942,102,93,9,9
70943,74,77,-3,3
70944,73,81,-8,8
70945,90,99,-9,9
70946,62,64,-2,2
70947,104,123,-19,19
70948,119,116,3,3
70949,71,67,4,4
70950,129,137,-8,8
70951,48,53,-5,5
70952,149,157,-8,8
70953,63,64,-1,1
70954,115,115,0,0
70955,110,113,-3,3
70956,93,118,-25,25
70957,100,105,-5,5
70958,90,97,-7,7
70959,46,55,-9,9
70960,126,119,7,7
70961,99,99,0,0
70962,65,64,1,1
70963,77,77,0,0
70964,70,65,5,5
70965,82,96,-14,14
70966,91,90,1,1
70967,142,133,9,9
70968,73,71,2,2
70969,146,138,8,8
70970,106,107,-1,1
70971,185,185,0,0
70972,72,73,-1,1
70973,119,108,11,11
70974,56,63,-7,7
70975,110,107,3,3
70976,94,92,2,2
70977,79,89,-10,10
70978,50,50,0,0
70979,86,84,2,2
70980,73,74,-1,1
70981,81,81,0,0
70982,68,76,-8,8
70983,69,75,-6,6
70984,135,125,10,10
70985,162,135,27,27
70986,107,105,2,2
70987,74,76,-2,2
70988,61,67,-6,6
70989,101,95,6,6
70990,70,67,3,3
70991,101,122,-21,21
70992,61,66,-5,5
70993,103,103,0,0
70994,47,112,-65,65
70995,87,86,1,1
70996,73,78,-5,5
70997,100,89,11,11
70998,97,87,10,10
70999,75,79,-4,4
71000,77,75,2,2
71001,59,61,-2,2
71002,136,140,-4,4
71003,44,48,-4,4
71004,149,140,9,9
71005,85,89,-4,4
71006,132,135,-3,3
71007,54,58,-4,4
71008,98,95,3,3
71009,102,112,-10,10
71010,122,123,-1,1
71011,70,69,1,1
71012,121,117,4,4
71013,86,86,0,0
71014,99,101,-2,2
71015,71,69,2,2
71016,113,110,3,3
71017,100,99,1,1
71018,61,64,-3,3
71019,69,72,-3,3
71020,103,118,-15,15
71021,122,142,-20,20
71022,90,82,8,8
71023,113,104,9,9
71024,99,110,-11,11
71025,100,86,14,14
71026,77,82,-5,5
71027,84,79,5,5
71028,101,97,4,4
71029,86,84,2,2
71030,43,49,-6,6
71031,73,80,-7,7
71032,128,124,4,4
71033,81,70,11,11
71034,67,60,7,7
71035,137,132,5,5
71036,77,76,1,1
71037,52,60,-8,8
71038,103,113,-10,10
71039,107,106,1,1
71040,101,98,3,3
71041,80,81,-1,1
71042,114,116,-2,2
71043,112,116,-4,4
71044,118,105,13,13
71045,110,111,-1,1
71046,88,81,7,7
71047,63,90,-27,27
71048,125,112,13,13
71049,126,116,10,10
71050,68,80,-12,12
71051,59,65,-6,6
71052,69,74,-5,5
71053,90,83,7,7
71054,108,114,-6,6
71055,80,84,-4,4
71056,63,65,-2,2
71057,52,53,-1,1
71058,72,79,-7,7
71059,76,81,-5,5
71060,92,87,5,5
71061,133,160,-27,27
71062,65,72,-7,7
71063,69,70,-1,1
71064,121,113,8,8
71065,92,88,4,4
71066,67,67,0,0
71067,134,129,5,5
71068,81,76,5,5
71069,68,80,-12,12
71070,67,69,-2,2
71071,52,55,-3,3
71072,107,108,-1,1
71073,120,117,3,3
71074,133,134,-1,1
71075,150,136,14,14
71076,124,137,-13,13
71077,86,87,-1,1
71078,29,33,-4,4
71079,170,153,17,17
71080,88,89,-1,1
71081,158,151,7,7
71082,58,62,-4,4
71083,129,124,5,5
71084,94,96,-2,2
71085,116,116,0,0
71086,159,153,6,6
71087,86,80,6,6
71088,174,176,-2,2
71089,104,100,4,4
71090,90,82,8,8
71091,101,99,2,2
71092,107,108,-1,1
71093,133,118,15,15
71094,70,65,5,5
71095,100,102,-2,2
71096,174,174,0,0
71097,41,43,-2,2
71098,85,85,0,0
71099,76,77,-1,1
71100,73,78,-5,5
71101,131,128,3,3
71102,83,82,1,1
71103,88,98,-10,10
71104,128,127,1,1
71105,86,88,-2,2
71106,163,160,3,3
71107,104,106,-2,2
71108,50,52,-2,2
71109,114,93,21,21
71110,108,110,-2,2
71111,72,74,-2,2
71112,63,65,-2,2
71113,51,52,-1,1
71114,94,98,-4,4
71115,76,70,6,6
71116,39,42,-3,3
71117,100,95,5,5
71118,64,67,-3,3
71119,87,86,1,1
71120,112,110,2,2
71121,105,109,-4,4
71122,84,87,-3,3
71123,135,134,1,1
71124,66,63,3,3
71125,164,162,2,2
71126,53,60,-7,7
71127,131,121,10,10
71128,97,99,-2,2
71129,44,52,-8,8
71130,85,88,-3,3
71131,58,54,4,4
71132,105,115,-10,10
71133,51,55,-4,4
71134,67,70,-3,3
71135,82,88,-6,6
71136,100,98,2,2
71137,154,139,15,15
71138,89,100,-11,11
71139,88,82,6,6
71140,104,88,16,16
71141,82,75,7,7
71142,97,92,5,5
71143,87,103,-16,16
71144,71,64,7,7
71145,87,94,-7,7
71146,71,74,-3,3
71147,168,161,7,7
71148,124,118,6,6
71149,75,68,7,7
71150,137,111,26,26
71151,131,126,5,5
71152,161,166,-5,5
71153,80,78,2,2
71154,109,108,1,1
71155,65,66,-1,1
71156,152,156,-4,4
71157,120,114,6,6
71158,116,117,-1,1
71159,82,103,-21,21
71160,214,194,20,20
71161,75,74,1,1
71162,95,84,11,11
71163,120,114,6,6
71164,126,126,0,0
71165,112,110,2,2
71166,115,125,-10,10
71167,94,89,5,5
71168,84,88,-4,4
71169,99,105,-6,6
71170,69,64,5,5
71171,62,63,-1,1
71172,106,107,-1,1
71173,110,104,6,6
71174,78,80,-2,2
71175,161,189,-28,28
71176,140,105,35,35
71177,83,102,-19,19
71178,110,102,8,8
71179,50,56,-6,6
71180,160,148,12,12
71181,93,86,7,7
71182,161,161,0,0
71183,37,45,-8,8
71184,58,56,2,2
71185,109,124,-15,15
71186,99,105,-6,6
71187,124,148,-24,24
71188,65,62,3,3
71189,113,108,5,5
71190,114,127,-13,13
71191,127,118,9,9
71192,99,90,9,9
71193,83,79,4,4
71194,74,81,-7,7
71195,112,117,-5,5
71196,76,76,0,0
71197,86,82,4,4
71198,59,69,-10,10
71199,185,164,21,21
71200,113,97,16,16
71201,90,92,-2,2
71202,60,68,-8,8
71203,136,119,17,17
71204,94,99,-5,5
71205,100,92,8,8
71206,93,92,1,1
71207,80,82,-2,2
71208,138,123,15,15
71209,123,120,3,3
71210,84,90,-6,6
71211,96,103,-7,7
71212,123,118,5,5
71213,46,87,-41,41
71214,54,59,-5,5
71215,135,135,0,0
71216,135,122,13,13
71217,79,85,-6,6
71218,127,121,6,6
71219,75,79,-4,4
71220,43,62,-19,19
71221,107,91,16,16
71222,86,80,6,6
71223,114,119,-5,5
71224,56,54,2,2
71225,80,80,0,0
71226,86,83,3,3
71227,62,60,2,2
71228,78,70,8,8
71229,158,162,-4,4
71230,96,114,-18,18
71231,88,87,1,1
71232,62,62,0,0
71233,116,108,8,8
71234,103,107,-4,4
71235,108,121,-13,13
71236,96,96,0,0
71237,65,68,-3,3
71238,64,71,-7,7
71239,136,128,8,8
71240,92,100,-8,8
71241,66,60,6,6
71242,106,111,-5,5
71243,168,153,15,15
71244,91,88,3,3
71245,90,99,-9,9
71246,83,80,3,3
71247,198,190,8,8
71248,98,102,-4,4
71249,116,101,15,15
71250,77,84,-7,7
71251,95,81,14,14
71252,113,114,-1,1
71253,102,100,2,2
71254,54,58,-4,4
71255,138,143,-5,5
71256,76,77,-1,1
71257,58,57,1,1
71258,74,75,-1,1
71259,93,96,-3,3
71260,56,75,-19,19
71261,139,145,-6,6
71262,169,173,-4,4
71263,131,131,0,0
71264,64,51,13,13
71265,89,99,-10,10
71266,111,105,6,6
71267,149,144,5,5
71268,86,81,5,5
71269,67,89,-22,22
71270,54,61,-7,7
71271,47,56,-9,9
71272,43,50,-7,7
71273,90,92,-2,2
71274,139,127,12,12
71275,62,65,-3,3
71276,67,75,-8,8
71277,75,80,-5,5
71278,87,85,2,2
71279,82,81,1,1
71280,41,52,-11,11
71281,86,88,-2,2
71282,151,142,9,9
71283,87,83,4,4
71284,107,111,-4,4
71285,67,67,0,0
71286,90,104,-14,14
71287,133,128,5,5
71288,42,45,-3,3
71289,124,117,7,7
71290,66,67,-1,1
71291,74,77,-3,3
71292,54,58,-4,4
71293,123,120,3,3
71294,137,138,-1,1
71295,67,65,2,2
71296,113,120,-7,7
71297,103,98,5,5
71298,161,146,15,15
71299,114,109,5,5
71300,112,115,-3,3
71301,103,104,-1,1
71302,112,114,-2,2
71303,123,130,-7,7
71304,65,68,-3,3
71305,97,90,7,7
71306,68,62,6,6
71307,69,66,3,3
71308,69,64,5,5
71309,143,136,7,7
71310,107,106,1,1
71311,59,77,-18,18
71312,125,119,6,6
71313,57,62,-5,5
71314,108,113,-5,5
71315,86,88,-2,2
71316,98,99,-1,1
71317,82,82,0,0
71318,87,122,-35,35
71319,65,69,-4,4
71320,96,90,6,6
71321,60,53,7,7
71322,77,78,-1,1
71323,81,80,1,1
71324,147,145,2,2
71325,75,70,5,5
71326,75,73,2,2
71327,85,98,-13,13
71328,94,93,1,1
71329,158,158,0,0
71330,103,86,17,17
71331,125,115,10,10
71332,119,144,-25,25
71333,109,109,0,0
71334,64,61,3,3
71335,74,77,-3,3
71336,33,37,-4,4
71337,104,102,2,2
71338,73,75,-2,2
71339,148,128,20,20
71340,57,65,-8,8
71341,62,60,2,2
71342,143,139,4,4
71343,96,112,-16,16
71344,61,66,-5,5
71345,126,126,0,0
71346,66,82,-16,16
71347,97,104,-7,7
71348,58,61,-3,3
71349,85,87,-2,2
71350,207,189,18,18
71351,114,108,6,6
71352,105,105,0,0
71353,92,95,-3,3
71354,80,79,1,1
71355,97,98,-1,1
71356,93,89,4,4
71357,55,56,-1,1
71358,89,85,4,4
71359,116,116,0,0
71360,98,102,-4,4
71361,79,74,5,5
71362,127,129,-2,2
71363,112,109,3,3
71364,131,116,15,15
71365,92,97,-5,5
71366,81,81,0,0
71367,236,220,16,16
71368,110,123,-13,13
71369,66,72,-6,6
71370,100,108,-8,8
71371,98,102,-4,4
71372,118,110,8,8
71373,91,98,-7,7
71374,162,147,15,15
71375,77,74,3,3
71376,67,70,-3,3
71377,131,131,0,0
71378,103,107,-4,4
71379,57,63,-6,6
71380,93,83,10,10
71381,72,83,-11,11
71382,67,60,7,7
71383,49,64,-15,15
71384,72,73,-1,1
71385,56,55,1,1
71386,154,172,-18,18
71387,72,81,-9,9
71388,44,50,-6,6
71389,97,100,-3,3
71390,173,144,29,29
71391,151,144,7,7
71392,92,88,4,4
71393,41,61,-20,20
71394,101,109,-8,8
71395,151,133,18,18
71396,112,103,9,9
71397,82,82,0,0
71398,147,140,7,7
71399,104,87,17,17
71400,156,144,12,12
71401,69,69,0,0
71402,88,97,-9,9
71403,49,54,-5,5
71404,72,75,-3,3
71405,87,87,0,0
71406,83,80,3,3
71407,78,70,8,8
71408,109,110,-1,1
71409,118,128,-10,10
71410,146,193,-47,47
71411,95,90,5,5
71412,139,133,6,6
71413,112,119,-7,7
71414,74,80,-6,6
71415,101,108,-7,7
71416,69,69,0,0
71417,60,59,1,1
71418,52,58,-6,6
71419,70,71,-1,1
71420,52,52,0,0
71421,93,101,-8,8
71422,75,77,-2,2
71423,50,59,-9,9
71424,64,69,-5,5
71425,167,148,19,19
71426,59,63,-4,4
71427,117,121,-4,4
71428,97,100,-3,3
71429,93,102,-9,9
71430,70,77,-7,7
71431,91,83,8,8
71432,52,55,-3,3
71433,97,102,-5,5
71434,66,57,9,9
71435,91,89,2,2
71436,72,107,-35,35
71437,113,110,3,3
71438,91,87,4,4
71439,50,65,-15,15
71440,85,104,-19,19
71441,167,161,6,6
71442,78,78,0,0
71443,149,142,7,7
71444,102,99,3,3
71445,116,115,1,1
71446,69,79,-10,10
71447,63,68,-5,5
71448,108,115,-7,7
71449,81,79,2,2
71450,82,80,2,2
71451,113,114,-1,1
71452,83,86,-3,3
71453,97,90,7,7
71454,78,99,-21,21
71455,102,105,-3,3
71456,109,118,-9,9
71457,64,73,-9,9
71458,98,100,-2,2
71459,156,138,18,18
71460,126,126,0,0
71461,90,90,0,0
71462,122,121,1,1
71463,67,73,-6,6
71464,60,60,0,0
71465,60,66,-6,6
71466,73,71,2,2
71467,135,140,-5,5
71468,116,115,1,1
71469,92,86,6,6
71470,116,116,0,0
71471,76,78,-2,2
71472,137,133,4,4
71473,38,49,-11,11
71474,212,203,9,9
71475,115,116,-1,1
71476,170,161,9,9
71477,140,158,-18,18
71478,194,165,29,29
71479,119,117,2,2
71480,46,55,-9,9
71481,67,67,0,0
71482,114,110,4,4
71483,107,123,-16,16
71484,83,101,-18,18
71485,103,99,4,4
71486,75,82,-7,7
71487,117,142,-25,25
71488,59,59,0,0
71489,68,91,-23,23
71490,117,123,-6,6
71491,142,129,13,13
71492,50,48,2,2
71493,72,73,-1,1
71494,114,129,-15,15
71495,161,157,4,4
71496,104,103,1,1
71497,241,222,19,19
71498,72,73,-1,1
71499,89,98,-9,9
71500,76,80,-4,4
71501,97,99,-2,2
71502,93,87,6,6
71503,73,67,6,6
71504,67,57,10,10
71505,89,90,-1,1
71506,91,92,-1,1
71507,112,114,-2,2
71508,156,156,0,0
71509,59,60,-1,1
71510,71,78,-7,7
71511,35,39,-4,4
71512,60,62,-2,2
71513,151,157,-6,6
71514,83,86,-3,3
71515,114,120,-6,6
71516,66,62,4,4
71517,68,74,-6,6
71518,128,125,3,3
71519,168,144,24,24
71520,84,81,3,3
71521,87,88,-1,1
71522,94,98,-4,4
71523,44,52,-8,8
71524,93,100,-7,7
71525,135,127,8,8
71526,80,77,3,3
71527,105,101,4,4
71528,86,91,-5,5
71529,115,118,-3,3
71530,183,170,13,13
71531,120,116,4,4
71532,25,43,-18,18
71533,53,57,-4,4
71534,131,116,15,15
71535,164,157,7,7
71536,74,77,-3,3
71537,125,120,5,5
71538,91,99,-8,8
71539,106,98,8,8
71540,95,91,4,4
71541,75,71,4,4
71542,114,108,6,6
71543,70,70,0,0
71544,89,82,7,7
71545,37,37,0,0
71546,90,86,4,4
71547,60,58,2,2
71548,106,111,-5,5
71549,59,66,-7,7
71550,114,122,-8,8
71551,69,70,-1,1
71552,96,100,-4,4
71553,90,76,14,14
71554,132,142,-10,10
71555,117,121,-4,4
71556,78,81,-3,3
71557,63,70,-7,7
71558,96,104,-8,8
71559,132,111,21,21
71560,83,80,3,3
71561,114,111,3,3
71562,109,106,3,3
71563,97,89,8,8
71564,81,84,-3,3
71565,95,97,-2,2
71566,82,86,-4,4
71567,127,133,-6,6
71568,108,111,-3,3
71569,91,104,-13,13
71570,87,85,2,2
71571,92,88,4,4
71572,165,160,5,5
71573,85,83,2,2
71574,50,59,-9,9
71575,62,60,2,2
71576,97,101,-4,4
71577,87,92,-5,5
71578,66,63,3,3
71579,76,76,0,0
71580,75,79,-4,4
71581,172,165,7,7
71582,45,55,-10,10
71583,86,90,-4,4
71584,73,84,-11,11
71585,189,168,21,21
71586,65,69,-4,4
71587,76,78,-2,2
71588,95,99,-4,4
71589,95,87,8,8
71590,87,87,0,0
71591,108,107,1,1
71592,91,84,7,7
71593,69,78,-9,9
71594,141,148,-7,7
71595,75,78,-3,3
71596,82,86,-4,4
71597,55,57,-2,2
71598,55,67,-12,12
71599,121,121,0,0
71600,55,52,3,3
71601,131,120,11,11
71602,111,104,7,7
71603,52,64,-12,12
71604,141,133,8,8
71605,82,85,-3,3
71606,49,54,-5,5
71607,67,81,-14,14
71608,65,65,0,0
71609,116,121,-5,5
71610,112,115,-3,3
71611,117,114,3,3
71612,137,135,2,2
71613,95,105,-10,10
71614,59,65,-6,6
71615,84,92,-8,8
71616,89,80,9,9
71617,137,139,-2,2
71618,194,168,26,26
71619,144,134,10,10
71620,106,99,7,7
71621,122,111,11,11
71622,67,76,-9,9
71623,104,107,-3,3
71624,114,114,0,0
71625,84,93,-9,9
71626,49,67,-18,18
71627,232,195,37,37
71628,79,76,3,3
71629,101,106,-5,5
71630,105,106,-1,1
71631,104,107,-3,3
71632,221,190,31,31
71633,124,111,13,13
71634,154,144,10,10
71635,110,106,4,4
71636,75,78,-3,3
71637,175,171,4,4
71638,162,166,-4,4
71639,169,152,17,17
71640,82,99,-17,17
71641,69,72,-3,3
71642,63,66,-3,3
71643,101,109,-8,8
71644,59,62,-3,3
71645,123,125,-2,2
71646,105,112,-7,7
71647,99,89,10,10
71648,58,64,-6,6
71649,103,101,2,2
71650,77,86,-9,9
71651,64,62,2,2
71652,49,50,-1,1
71653,96,94,2,2
71654,78,82,-4,4
71655,124,131,-7,7
71656,66,93,-27,27
71657,163,152,11,11
71658,140,151,-11,11
71659,77,79,-2,2
71660,55,65,-10,10
71661,64,63,1,1
71662,73,91,-18,18
71663,86,89,-3,3
71664,87,86,1,1
71665,80,83,-3,3
71666,74,81,-7,7
71667,69,65,4,4
71668,118,120,-2,2
71669,74,82,-8,8
71670,162,159,3,3
71671,63,70,-7,7
71672,88,87,1,1
71673,105,106,-1,1
71674,70,59,11,11
71675,86,97,-11,11
71676,82,82,0,0
71677,181,181,0,0
71678,60,62,-2,2
71679,139,139,0,0
71680,45,39,6,6
71681,84,84,0,0
71682,87,82,5,5
71683,94,85,9,9
71684,94,94,0,0
71685,102,126,-24,24
71686,82,83,-1,1
71687,102,89,13,13
71688,51,53,-2,2
71689,91,91,0,0
71690,92,97,-5,5
71691,119,119,0,0
71692,98,106,-8,8
71693,92,87,5,5
71694,144,139,5,5
71695,117,122,-5,5
71696,61,58,3,3
71697,55,49,6,6
71698,89,80,9,9
71699,83,85,-2,2
71700,122,111,11,11
71701,101,106,-5,5
71702,71,75,-4,4
71703,183,186,-3,3
71704,79,83,-4,4
71705,68,82,-14,14
71706,124,123,1,1
71707,96,95,1,1
71708,82,80,2,2
71709,99,111,-12,12
71710,145,124,21,21
71711,143,142,1,1
71712,131,136,-5,5
71713,83,82,1,1
71714,118,131,-13,13
71715,65,71,-6,6
71716,52,59,-7,7
71717,78,75,3,3
71718,76,77,-1,1
71719,142,132,10,10
71720,90,84,6,6
71721,64,65,-1,1
71722,70,72,-2,2
71723,81,89,-8,8
71724,155,150,5,5
71725,94,114,-20,20
71726,64,65,-1,1
71727,83,80,3,3
71728,112,107,5,5
71729,112,99,13,13
71730,132,130,2,2
71731,84,77,7,7
71732,63,68,-5,5
71733,78,84,-6,6
71734,143,135,8,8
71735,71,74,-3,3
71736,94,90,4,4
71737,75,74,1,1
71738,54,66,-12,12
71739,81,72,9,9
71740,72,79,-7,7
71741,95,89,6,6
71742,136,129,7,7
71743,89,83,6,6
71744,66,71,-5,5
71745,95,89,6,6
71746,85,83,2,2
71747,114,118,-4,4
71748,70,66,4,4
71749,70,79,-9,9
71750,115,121,-6,6
71751,139,140,-1,1
71752,104,102,2,2
71753,65,67,-2,2
71754,145,135,10,10
71755,108,105,3,3
71756,81,83,-2,2
71757,85,73,12,12
71758,59,67,-8,8
71759,146,154,-8,8
71760,89,105,-16,16
71761,94,92,2,2
71762,82,82,0,0
71763,58,65,-7,7
71764,78,79,-1,1
71765,92,83,9,9
71766,65,65,0,0
71767,100,99,1,1
71768,126,122,4,4
71769,115,110,5,5
71770,64,61,3,3
71771,67,75,-8,8
71772,114,104,10,10
71773,73,73,0,0
71774,86,80,6,6
71775,92,82,10,10
71776,393,369,24,24
71777,121,137,-16,16
71778,77,84,-7,7
71779,106,97,9,9
71780,81,83,-2,2
71781,99,86,13,13
71782,150,148,2,2
71783,98,102,-4,4
71784,107,114,-7,7
71785,59,56,3,3
71786,53,51,2,2
71787,99,99,0,0
71788,138,133,5,5
71789,58,66,-8,8
71790,85,81,4,4
71791,129,125,4,4
71792,60,58,2,2
71793,67,66,1,1
71794,107,104,3,3
71795,42,52,-10,10
71796,73,75,-2,2
71797,81,89,-8,8
71798,154,132,22,22
71799,84,82,2,2
71800,67,70,-3,3
71801,62,59,3,3
71802,93,88,5,5
71803,119,116,3,3
71804,112,108,4,4
71805,146,142,4,4
71806,45,45,0,0
71807,127,119,8,8
71808,87,85,2,2
71809,122,120,2,2
71810,83,78,5,5
71811,116,116,0,0
71812,95,105,-10,10
71813,101,106,-5,5
71814,132,129,3,3
71815,116,109,7,7
71816,79,72,7,7
71817,94,90,4,4
71818,131,122,9,9
71819,61,60,1,1
71820,66,69,-3,3
71821,78,81,-3,3
71822,145,151,-6,6
71823,166,168,-2,2
71824,88,83,5,5
71825,99,92,7,7
71826,85,90,-5,5
71827,62,66,-4,4
71828,85,88,-3,3
71829,103,106,-3,3
71830,123,146,-23,23
71831,43,55,-12,12
71832,89,97,-8,8
71833,61,67,-6,6
71834,65,68,-3,3
71835,81,79,2,2
71836,77,74,3,3
71837,118,117,1,1
71838,53,54,-1,1
71839,90,81,9,9
71840,101,118,-17,17
71841,88,86,2,2
71842,136,135,1,1
71843,142,134,8,8
71844,79,73,6,6
71845,124,125,-1,1
71846,69,68,1,1
71847,55,58,-3,3
71848,84,86,-2,2
71849,34,38,-4,4
71850,86,80,6,6
71851,67,59,8,8
71852,234,215,19,19
71853,175,171,4,4
71854,50,54,-4,4
71855,75,71,4,4
71856,61,61,0,0
71857,103,102,1,1
71858,59,63,-4,4
71859,83,100,-17,17
71860,50,52,-2,2
71861,89,88,1,1
71862,65,74,-9,9
71863,140,127,13,13
71864,158,155,3,3
71865,113,113,0,0
71866,118,123,-5,5
71867,172,157,15,15
71868,119,122,-3,3
71869,106,108,-2,2
71870,146,145,1,1
71871,72,74,-2,2
71872,84,84,0,0
71873,78,82,-4,4
71874,58,56,2,2
71875,85,78,7,7
71876,137,130,7,7
71877,86,119,-33,33
71878,78,80,-2,2
71879,88,93,-5,5
71880,108,105,3,3
71881,104,98,6,6
71882,77,89,-12,12
71883,101,102,-1,1
71884,109,109,0,0
71885,84,77,7,7
71886,70,67,3,3
71887,134,145,-11,11
71888,51,48,3,3
71889,128,128,0,0
71890,103,114,-11,11
71891,76,79,-3,3
71892,101,111,-10,10
71893,92,98,-6,6
71894,72,75,-3,3
71895,68,73,-5,5
71896,84,87,-3,3
71897,88,97,-9,9
71898,119,123,-4,4
71899,56,53,3,3
71900,31,37,-6,6
71901,91,97,-6,6
71902,163,158,5,5
71903,124,118,6,6
71904,71,65,6,6
71905,101,97,4,4
71906,112,142,-30,30
71907,103,104,-1,1
71908,74,75,-1,1
71909,57,62,-5,5
71910,137,137,0,0
71911,124,113,11,11
71912,77,90,-13,13
71913,83,80,3,3
71914,66,79,-13,13
71915,110,103,7,7
71916,65,67,-2,2
71917,98,104,-6,6
71918,87,84,3,3
71919,90,84,6,6
71920,140,140,0,0
71921,116,115,1,1
71922,128,121,7,7
71923,73,71,2,2
71924,155,178,-23,23
71925,96,103,-7,7
71926,115,117,-2,2
71927,63,67,-4,4
71928,57,54,3,3
71929,113,121,-8,8
71930,104,98,6,6
71931,53,57,-4,4
71932,62,58,4,4
71933,53,56,-3,3
71934,71,72,-1,1
71935,76,79,-3,3
71936,117,111,6,6
71937,57,63,-6,6
71938,79,72,7,7
71939,69,84,-15,15
71940,78,75,3,3
71941,40,63,-23,23
71942,58,73,-15,15
71943,105,101,4,4
71944,87,104,-17,17
71945,118,107,11,11
71946,101,116,-15,15
71947,32,38,-6,6
71948,75,77,-2,2
71949,112,113,-1,1
71950,112,103,9,9
71951,124,132,-8,8
71952,68,70,-2,2
71953,72,70,2,2
71954,52,57,-5,5
71955,84,82,2,2
71956,78,74,4,4
71957,106,92,14,14
71958,126,127,-1,1
71959,103,106,-3,3
71960,110,96,14,14
71961,91,84,7,7
71962,149,138,11,11
71963,55,56,-1,1
71964,113,111,2,2
71965,72,72,0,0
71966,79,84,-5,5
71967,125,123,2,2
71968,126,116,10,10
71969,156,161,-5,5
71970,69,71,-2,2
71971,59,55,4,4
71972,92,109,-17,17
71973,65,67,-2,2
71974,94,94,0,0
71975,76,89,-13,13
71976,145,140,5,5
71977,141,140,1,1
71978,71,73,-2,2
71979,91,90,1,1
71980,56,64,-8,8
71981,107,113,-6,6
71982,73,71,2,2
71983,120,136,-16,16
71984,109,72,37,37
71985,125,120,5,5
71986,80,79,1,1
71987,55,57,-2,2
71988,92,98,-6,6
71989,125,120,5,5
71990,74,75,-1,1
71991,65,76,-11,11
71992,85,87,-2,2
71993,41,46,-5,5
71994,73,83,-10,10
71995,133,104,29,29
71996,48,48,0,0
71997,81,80,1,1
71998,109,120,-11,11
71999,98,100,-2,2
72000,123,121,2,2
72001,103,110,-7,7
72002,79,80,-1,1
72003,60,67,-7,7
72004,93,98,-5,5
72005,162,133,29,29
72006,121,116,5,5
72007,113,126,-13,13
72008,64,73,-9,9
72009,61,63,-2,2
72010,110,109,1,1
72011,106,103,3,3
72012,111,108,3,3
72013,72,80,-8,8
72014,50,51,-1,1
72015,58,51,7,7
72016,112,118,-6,6
72017,86,99,-13,13
72018,77,76,1,1
72019,116,116,0,0
72020,77,79,-2,2
72021,156,141,15,15
72022,94,101,-7,7
72023,152,143,9,9
72024,153,150,3,3
72025,91,90,1,1
72026,114,113,1,1
72027,54,59,-5,5
72028,68,66,2,2
72029,108,125,-17,17
72030,144,139,5,5
72031,122,116,6,6
72032,94,102,-8,8
72033,100,92,8,8
72034,63,69,-6,6
72035,109,103,6,6
72036,92,82,10,10
72037,104,101,3,3
72038,80,71,9,9
72039,83,78,5,5
72040,115,117,-2,2
72041,149,150,-1,1
72042,111,116,-5,5
72043,64,71,-7,7
72044,117,108,9,9
72045,68,70,-2,2
72046,98,88,10,10
72047,58,60,-2,2
72048,109,104,5,5
72049,84,77,7,7
72050,59,65,-6,6
72051,122,108,14,14
72052,67,73,-6,6
72053,74,66,8,8
72054,65,68,-3,3
72055,95,89,6,6
72056,90,90,0,0
72057,71,72,-1,1
72058,46,44,2,2
72059,37,60,-23,23
72060,128,123,5,5
72061,110,109,1,1
72062,98,109,-11,11
72063,55,56,-1,1
72064,118,111,7,7
72065,28,33,-5,5
72066,164,156,8,8
72067,97,102,-5,5
72068,149,136,13,13
72069,100,91,9,9
72070,102,114,-12,12
72071,99,101,-2,2
72072,170,148,22,22
72073,124,129,-5,5
72074,109,122,-13,13
72075,146,135,11,11
72076,170,172,-2,2
72077,85,64,21,21
72078,106,104,2,2
72079,96,100,-4,4
72080,105,105,0,0
72081,116,108,8,8
72082,61,65,-4,4
72083,114,114,0,0
72084,105,107,-2,2
72085,163,176,-13,13
72086,50,54,-4,4
72087,141,124,17,17
72088,79,86,-7,7
72089,129,124,5,5
72090,82,81,1,1
72091,61,65,-4,4
72092,69,72,-3,3
72093,62,77,-15,15
72094,93,90,3,3
72095,92,98,-6,6
72096,91,109,-18,18
72097,45,50,-5,5
72098,167,157,10,10
72099,71,71,0,0
72100,43,49,-6,6
72101,122,124,-2,2
72102,73,67,6,6
72103,99,93,6,6
72104,82,80,2,2
72105,119,112,7,7
72106,135,123,12,12
72107,46,48,-2,2
72108,102,92,10,10
72109,66,69,-3,3
72110,159,160,-1,1
72111,93,93,0,0
72112,93,84,9,9
72113,71,71,0,0
72114,106,88,18,18
72115,99,93,6,6
72116,145,158,-13,13
72117,102,112,-10,10
72118,146,141,5,5
72119,129,127,2,2
72120,105,117,-12,12
72121,119,110,9,9
72122,49,51,-2,2
72123,114,109,5,5
72124,137,138,-1,1
72125,84,84,0,0
72126,63,64,-1,1
72127,120,113,7,7
72128,63,63,0,0
72129,153,142,11,11
72130,73,81,-8,8
72131,110,103,7,7
72132,178,169,9,9
72133,73,101,-28,28
72134,80,68,12,12
72135,98,99,-1,1
72136,122,123,-1,1
72137,122,122,0,0
72138,95,99,-4,4
72139,100,107,-7,7
72140,107,111,-4,4
72141,86,80,6,6
72142,62,60,2,2
72143,77,79,-2,2
72144,49,54,-5,5
72145,68,72,-4,4
72146,25,28,-3,3
72147,83,79,4,4
72148,54,48,6,6
72149,122,123,-1,1
72150,115,119,-4,4
72151,92,85,7,7
72152,120,136,-16,16
72153,161,149,12,12
72154,100,98,2,2
72155,127,131,-4,4
72156,56,64,-8,8
72157,120,120,0,0
72158,319,280,39,39
72159,161,149,12,12
72160,120,110,10,10
72161,119,110,9,9
72162,119,104,15,15
72163,155,137,18,18
72164,90,95,-5,5
72165,43,51,-8,8
72166,67,61,6,6
72167,75,69,6,6
72168,86,84,2,2
72169,107,101,6,6
72170,109,112,-3,3
72171,105,113,-8,8
72172,120,128,-8,8
72173,57,60,-3,3
72174,81,85,-4,4
72175,114,113,1,1
72176,101,99,2,2
72177,104,96,8,8
72178,105,98,7,7
72179,93,99,-6,6
72180,117,115,2,2
72181,93,87,6,6
72182,60,63,-3,3
72183,81,69,12,12
72184,96,97,-1,1
72185,99,105,-6,6
72186,88,82,6,6
72187,113,118,-5,5
72188,91,102,-11,11
72189,142,134,8,8
72190,95,98,-3,3
72191,79,83,-4,4
72192,80,97,-17,17
72193,54,59,-5,5
72194,124,117,7,7
72195,86,92,-6,6
72196,154,134,20,20
72197,77,82,-5,5
72198,129,118,11,11
72199,196,171,25,25
72200,78,79,-1,1
72201,63,69,-6,6
72202,176,163,13,13
72203,102,103,-1,1
72204,102,108,-6,6
72205,92,90,2,2
72206,145,134,11,11
72207,64,67,-3,3
72208,100,90,10,10
72209,96,112,-16,16
72210,96,85,11,11
72211,51,54,-3,3
72212,61,76,-15,15
72213,129,127,2,2
72214,196,182,14,14
72215,61,63,-2,2
72216,86,83,3,3
72217,69,78,-9,9
72218,121,115,6,6
72219,87,99,-12,12
72220,105,98,7,7
72221,67,80,-13,13
72222,71,87,-16,16
72223,165,151,14,14
72224,132,124,8,8
72225,171,167,4,4
72226,81,77,4,4
72227,142,137,5,5
72228,75,77,-2,2
72229,102,101,1,1
72230,86,98,-12,12
72231,136,130,6,6
72232,63,63,0,0
72233,122,129,-7,7
72234,89,92,-3,3
72235,97,106,-9,9
72236,67,69,-2,2
72237,105,103,2,2
72238,64,62,2,2
72239,85,99,-14,14
72240,99,107,-8,8
72241,80,66,14,14
72242,115,109,6,6
72243,65,68,-3,3
72244,104,93,11,11
72245,115,114,1,1
72246,147,145,2,2
72247,105,106,-1,1
72248,141,134,7,7
72249,163,161,2,2
72250,129,122,7,7
72251,90,90,0,0
72252,73,78,-5,5
72253,101,89,12,12
72254,103,106,-3,3
72255,53,61,-8,8
72256,67,74,-7,7
72257,78,80,-2,2
72258,75,73,2,2
72259,76,76,0,0
72260,105,107,-2,2
72261,103,93,10,10
72262,108,113,-5,5
72263,154,139,15,15
72264,84,89,-5,5
72265,125,120,5,5
72266,71,71,0,0
72267,84,89,-5,5
72268,81,82,-1,1
72269,95,97,-2,2
72270,249,220,29,29
72271,101,105,-4,4
72272,69,74,-5,5
72273,109,119,-10,10
72274,76,76,0,0
72275,92,99,-7,7
72276,56,65,-9,9
72277,85,95,-10,10
72278,51,55,-4,4
72279,117,108,9,9
72280,74,78,-4,4
72281,184,170,14,14
72282,82,88,-6,6
72283,93,102,-9,9
72284,87,79,8,8
72285,56,56,0,0
72286,65,65,0,0
72287,95,86,9,9
72288,112,117,-5,5
72289,110,112,-2,2
72290,137,137,0,0
72291,73,73,0,0
72292,128,115,13,13
72293,99,86,13,13
72294,133,129,4,4
72295,109,108,1,1
72296,74,87,-13,13
72297,99,89,10,10
72298,23,34,-11,11
72299,87,100,-13,13
72300,175,166,9,9
72301,71,80,-9,9
72302,64,71,-7,7
72303,74,84,-10,10
72304,127,126,1,1
72305,136,143,-7,7
72306,114,115,-1,1
72307,143,140,3,3
72308,115,117,-2,2
72309,83,91,-8,8
72310,118,119,-1,1
72311,64,65,-1,1
72312,94,100,-6,6
72313,69,62,7,7
72314,142,135,7,7
72315,75,73,2,2
72316,58,58,0,0
72317,19,30,-11,11
72318,83,88,-5,5
72319,59,62,-3,3
72320,99,102,-3,3
72321,69,74,-5,5
72322,95,89,6,6
72323,248,209,39,39
72324,129,124,5,5
72325,45,53,-8,8
72326,129,134,-5,5
72327,99,90,9,9
72328,98,93,5,5
72329,115,122,-7,7
72330,136,140,-4,4
72331,111,107,4,4
72332,98,101,-3,3
72333,85,94,-9,9
72334,141,137,4,4
72335,94,103,-9,9
72336,94,91,3,3
72337,112,121,-9,9
72338,107,107,0,0
72339,127,126,1,1
72340,113,104,9,9
72341,131,117,14,14
72342,69,76,-7,7
72343,51,56,-5,5
72344,148,139,9,9
72345,79,69,10,10
72346,108,108,0,0
72347,105,114,-9,9
72348,82,104,-22,22
72349,152,164,-12,12
72350,77,83,-6,6
72351,96,108,-12,12
72352,118,131,-13,13
72353,176,171,5,5
72354,161,166,-5,5
72355,74,73,1,1
72356,89,99,-10,10
72357,126,136,-10,10
72358,105,109,-4,4
72359,102,105,-3,3
72360,74,83,-9,9
72361,122,117,5,5
72362,80,83,-3,3
72363,75,75,0,0
72364,148,146,2,2
72365,129,127,2,2
72366,68,69,-1,1
72367,74,89,-15,15
72368,96,83,13,13
72369,88,83,5,5
72370,53,69,-16,16
72371,79,79,0,0
72372,78,76,2,2
72373,69,73,-4,4
72374,134,124,10,10
72375,77,76,1,1
72376,144,128,16,16
72377,102,106,-4,4
72378,112,125,-13,13
72379,122,115,7,7
72380,87,85,2,2
72381,111,118,-7,7
72382,102,101,1,1
72383,73,76,-3,3
72384,86,88,-2,2
72385,74,73,1,1
72386,132,118,14,14
72387,128,132,-4,4
72388,130,126,4,4
72389,62,64,-2,2
72390,44,53,-9,9
72391,78,80,-2,2
72392,95,97,-2,2
72393,95,84,11,11
72394,116,118,-2,2
72395,80,80,0,0
72396,57,62,-5,5
72397,84,102,-18,18
72398,122,113,9,9
72399,115,121,-6,6
72400,185,165,20,20
72401,144,123,21,21
72402,54,59,-5,5
72403,125,124,1,1
72404,107,115,-8,8
72405,140,145,-5,5
72406,59,62,-3,3
72407,64,66,-2,2
72408,83,84,-1,1
72409,56,55,1,1
72410,79,72,7,7
72411,58,59,-1,1
72412,92,99,-7,7
72413,138,140,-2,2
72414,110,106,4,4
72415,197,178,19,19
72416,102,102,0,0
72417,75,73,2,2
72418,127,120,7,7
72419,95,103,-8,8
72420,64,59,5,5
72421,68,76,-8,8
72422,174,168,6,6
72423,61,64,-3,3
72424,74,71,3,3
72425,106,109,-3,3
72426,60,64,-4,4
72427,73,83,-10,10
72428,92,89,3,3
72429,189,162,27,27
72430,99,97,2,2
72431,147,145,2,2
72432,120,117,3,3
72433,75,80,-5,5
72434,57,58,-1,1
72435,56,56,0,0
72436,73,72,1,1
72437,67,68,-1,1
72438,176,160,16,16
72439,131,129,2,2
72440,101,102,-1,1
72441,77,73,4,4
72442,90,116,-26,26
72443,106,113,-7,7
72444,120,121,-1,1
72445,82,78,4,4
72446,117,117,0,0
72447,57,76,-19,19
72448,57,69,-12,12
72449,104,102,2,2
72450,85,83,2,2
72451,112,117,-5,5
72452,89,91,-2,2
72453,88,106,-18,18
72454,87,79,8,8
72455,103,124,-21,21
72456,151,139,12,12
72457,92,100,-8,8
72458,98,89,9,9
72459,63,74,-11,11
72460,88,91,-3,3
72461,85,83,2,2
72462,29,34,-5,5
72463,88,102,-14,14
72464,105,114,-9,9
72465,108,107,1,1
72466,69,63,6,6
72467,100,101,-1,1
72468,67,74,-7,7
72469,78,69,9,9
72470,97,105,-8,8
72471,84,74,10,10
72472,57,69,-12,12
72473,124,115,9,9
72474,117,114,3,3
72475,101,97,4,4
72476,104,108,-4,4
72477,97,109,-12,12
72478,69,68,1,1
72479,105,107,-2,2
72480,78,84,-6,6
72481,75,70,5,5
72482,67,62,5,5
72483,182,168,14,14
72484,49,58,-9,9
72485,89,91,-2,2
72486,72,73,-1,1
72487,97,101,-4,4
72488,72,72,0,0
72489,66,65,1,1
72490,118,126,-8,8
72491,49,57,-8,8
72492,87,79,8,8
72493,157,137,20,20
72494,63,65,-2,2
72495,69,73,-4,4
72496,163,169,-6,6
72497,221,218,3,3
72498,60,69,-9,9
72499,97,103,-6,6
72500,64,57,7,7
72501,87,102,-15,15
72502,101,105,-4,4
72503,96,100,-4,4
72504,111,121,-10,10
72505,67,73,-6,6
72506,112,115,-3,3
72507,92,83,9,9
72508,90,103,-13,13
72509,127,136,-9,9
72510,62,68,-6,6
72511,82,87,-5,5
72512,131,116,15,15
72513,66,63,3,3
72514,122,127,-5,5
72515,80,98,-18,18
72516,83,88,-5,5
72517,71,80,-9,9
72518,76,71,5,5
72519,130,138,-8,8
72520,72,63,9,9
72521,51,54,-3,3
72522,114,120,-6,6
72523,62,69,-7,7
72524,46,45,1,1
72525,58,65,-7,7
72526,84,94,-10,10
72527,69,71,-2,2
72528,59,116,-57,57
72529,65,69,-4,4
72530,175,179,-4,4
72531,135,133,2,2
72532,106,107,-1,1
72533,72,82,-10,10
72534,124,123,1,1
72535,126,121,5,5
72536,120,120,0,0
72537,92,91,1,1
72538,68,68,0,0
72539,109,107,2,2
72540,74,87,-13,13
72541,61,64,-3,3
72542,96,98,-2,2
72543,115,125,-10,10
72544,88,96,-8,8
72545,112,112,0,0
72546,182,163,19,19
72547,156,148,8,8
72548,156,148,8,8
72549,103,90,13,13
72550,89,86,3,3
72551,114,107,7,7
72552,106,95,11,11
72553,85,77,8,8
72554,107,102,5,5
72555,75,72,3,3
72556,84,86,-2,2
72557,120,119,1,1
72558,95,86,9,9
72559,48,49,-1,1
72560,65,61,4,4
72561,59,69,-10,10
72562,85,81,4,4
72563,125,122,3,3
72564,89,83,6,6
72565,92,88,4,4
72566,131,135,-4,4
72567,83,84,-1,1
72568,81,75,6,6
72569,82,76,6,6
72570,66,70,-4,4
72571,126,128,-2,2
72572,167,152,15,15
72573,103,106,-3,3
72574,119,107,12,12
72575,133,131,2,2
72576,138,142,-4,4
72577,136,130,6,6
72578,57,60,-3,3
72579,111,110,1,1
72580,75,77,-2,2
72581,64,66,-2,2
72582,111,116,-5,5
72583,126,126,0,0
72584,147,137,10,10
72585,188,164,24,24
72586,123,59,64,64
72587,87,100,-13,13
72588,77,78,-1,1
72589,82,79,3,3
72590,83,85,-2,2
72591,69,79,-10,10
72592,136,143,-7,7
72593,53,63,-10,10
72594,81,79,2,2
72595,124,126,-2,2
72596,111,108,3,3
72597,120,121,-1,1
72598,66,73,-7,7
72599,68,66,2,2
72600,147,153,-6,6
72601,193,171,22,22
72602,62,63,-1,1
72603,113,115,-2,2
72604,83,85,-2,2
72605,114,119,-5,5
72606,138,140,-2,2
72607,63,71,-8,8
72608,153,138,15,15
72609,75,81,-6,6
72610,104,105,-1,1
72611,138,145,-7,7
72612,86,75,11,11
72613,85,88,-3,3
72614,132,134,-2,2
72615,86,85,1,1
72616,60,69,-9,9
72617,119,117,2,2
72618,233,209,24,24
72619,125,136,-11,11
72620,128,124,4,4
72621,135,137,-2,2
72622,92,86,6,6
72623,134,128,6,6
72624,108,107,1,1
72625,154,141,13,13
72626,149,148,1,1
72627,112,108,4,4
72628,117,116,1,1
72629,158,155,3,3
72630,83,81,2,2
72631,92,98,-6,6
72632,80,74,6,6
72633,86,87,-1,1
72634,23,28,-5,5
72635,90,90,0,0
72636,129,134,-5,5
72637,122,120,2,2
72638,49,59,-10,10
72639,58,64,-6,6
72640,115,107,8,8
72641,92,89,3,3
72642,146,163,-17,17
72643,69,87,-18,18
72644,107,118,-11,11
72645,152,146,6,6
72646,106,98,8,8
72647,78,79,-1,1
72648,122,113,9,9
72649,97,108,-11,11
72650,62,67,-5,5
72651,125,124,1,1
72652,172,163,9,9
72653,73,76,-3,3
72654,88,86,2,2
72655,69,74,-5,5
72656,72,65,7,7
72657,87,88,-1,1
72658,53,55,-2,2
72659,65,69,-4,4
72660,117,114,3,3
72661,105,110,-5,5
72662,168,157,11,11
72663,83,91,-8,8
72664,65,71,-6,6
72665,108,106,2,2
72666,45,52,-7,7
72667,123,114,9,9
72668,62,70,-8,8
72669,69,75,-6,6
72670,65,70,-5,5
72671,88,102,-14,14
72672,70,74,-4,4
72673,115,113,2,2
72674,68,64,4,4
72675,109,111,-2,2
72676,117,120,-3,3
72677,68,73,-5,5
72678,93,90,3,3
72679,76,72,4,4
72680,147,137,10,10
72681,124,120,4,4
72682,146,145,1,1
72683,104,117,-13,13
72684,85,88,-3,3
72685,107,98,9,9
72686,131,118,13,13
72687,71,71,0,0
72688,78,72,6,6
72689,69,76,-7,7
72690,124,131,-7,7
72691,101,97,4,4
72692,64,59,5,5
72693,69,69,0,0
72694,60,68,-8,8
72695,97,93,4,4
72696,78,78,0,0
72697,106,130,-24,24
72698,102,99,3,3
72699,102,100,2,2
72700,135,136,-1,1
72701,84,98,-14,14
72702,132,124,8,8
72703,81,77,4,4
72704,55,53,2,2
72705,80,76,4,4
72706,89,104,-15,15
72707,218,385,-167,167
72708,68,66,2,2
72709,136,118,18,18
72710,78,74,4,4
72711,66,70,-4,4
72712,115,116,-1,1
72713,102,97,5,5
72714,64,69,-5,5
72715,32,34,-2,2
72716,61,59,2,2
72717,98,103,-5,5
72718,87,80,7,7
72719,75,63,12,12
72720,131,124,7,7
72721,82,94,-12,12
72722,102,99,3,3
72723,68,65,3,3
72724,129,128,1,1
72725,147,140,7,7
72726,54,58,-4,4
72727,95,94,1,1
72728,181,172,9,9
72729,102,110,-8,8
72730,49,53,-4,4
72731,100,95,5,5
72732,72,75,-3,3
72733,137,146,-9,9
72734,57,60,-3,3
72735,85,81,4,4
72736,69,70,-1,1
72737,44,42,2,2
72738,102,104,-2,2
72739,140,139,1,1
72740,59,63,-4,4
72741,59,67,-8,8
72742,67,67,0,0
72743,96,102,-6,6
72744,54,44,10,10
72745,81,78,3,3
72746,154,148,6,6
72747,134,144,-10,10
72748,100,84,16,16
72749,104,101,3,3
72750,92,102,-10,10
72751,63,65,-2,2
72752,115,101,14,14
72753,55,61,-6,6
72754,163,153,10,10
72755,122,126,-4,4
72756,106,101,5,5
72757,90,94,-4,4
72758,97,96,1,1
72759,69,74,-5,5
72760,86,84,2,2
72761,87,86,1,1
72762,134,121,13,13
72763,83,89,-6,6
72764,96,98,-2,2
72765,75,75,0,0
72766,91,84,7,7
72767,74,71,3,3
72768,105,105,0,0
72769,109,107,2,2
72770,50,68,-18,18
72771,83,74,9,9
72772,101,99,2,2
72773,98,106,-8,8
72774,78,81,-3,3
72775,115,105,10,10
72776,151,143,8,8
72777,50,45,5,5
72778,111,113,-2,2
72779,75,86,-11,11
72780,191,180,11,11
72781,82,79,3,3
72782,133,125,8,8
72783,131,130,1,1
72784,69,69,0,0
72785,112,108,4,4
72786,52,60,-8,8
72787,109,124,-15,15
72788,82,88,-6,6
72789,106,115,-9,9
72790,36,38,-2,2
72791,84,84,0,0
72792,103,101,2,2
72793,56,60,-4,4
72794,78,81,-3,3
72795,69,71,-2,2
72796,67,72,-5,5
72797,83,89,-6,6
72798,103,108,-5,5
72799,84,86,-2,2
72800,68,75,-7,7
72801,78,78,0,0
72802,118,112,6,6
72803,112,112,0,0
72804,108,113,-5,5
72805,113,111,2,2
72806,116,103,13,13
72807,67,67,0,0
72808,110,113,-3,3
72809,100,97,3,3
72810,111,103,8,8
72811,82,88,-6,6
72812,157,154,3,3
72813,75,79,-4,4
72814,102,102,0,0
72815,90,92,-2,2
72816,60,65,-5,5
72817,88,88,0,0
72818,96,100,-4,4
72819,117,140,-23,23
72820,76,84,-8,8
72821,166,149,17,17
72822,187,160,27,27
72823,73,66,7,7
72824,91,102,-11,11
72825,125,125,0,0
72826,60,67,-7,7
72827,91,89,2,2
72828,99,118,-19,19
72829,80,71,9,9
72830,125,122,3,3
72831,111,118,-7,7
72832,54,59,-5,5
72833,192,180,12,12
72834,159,150,9,9
72835,71,71,0,0
72836,80,83,-3,3
72837,58,63,-5,5
72838,78,73,5,5
72839,146,135,11,11
72840,73,69,4,4
72841,178,158,20,20
72842,94,97,-3,3
72843,131,124,7,7
72844,70,63,7,7
72845,126,131,-5,5
72846,84,83,1,1
72847,80,85,-5,5
72848,214,196,18,18
72849,111,111,0,0
72850,134,142,-8,8
72851,89,101,-12,12
72852,124,140,-16,16
72853,112,105,7,7
72854,94,106,-12,12
72855,110,109,1,1
72856,143,142,1,1
72857,70,74,-4,4
72858,112,117,-5,5
72859,88,85,3,3
72860,89,82,7,7
72861,78,75,3,3
72862,121,116,5,5
72863,69,69,0,0
72864,82,82,0,0
72865,137,169,-32,32
72866,116,117,-1,1
72867,169,158,11,11
72868,108,96,12,12
72869,62,60,2,2
72870,66,84,-18,18
72871,126,120,6,6
72872,77,70,7,7
72873,170,162,8,8
72874,48,54,-6,6
72875,123,115,8,8
72876,135,131,4,4
72877,128,129,-1,1
72878,108,112,-4,4
72879,102,92,10,10
72880,89,88,1,1
72881,68,72,-4,4
72882,83,78,5,5
72883,174,172,2,2
72884,130,113,17,17
72885,176,163,13,13
72886,87,100,-13,13
72887,69,65,4,4
72888,69,75,-6,6
72889,100,88,12,12
72890,164,158,6,6
72891,94,105,-11,11
72892,82,78,4,4
72893,191,187,4,4
72894,99,106,-7,7
72895,78,83,-5,5
72896,68,70,-2,2
72897,121,109,12,12
72898,128,123,5,5
72899,149,144,5,5
72900,164,152,12,12
72901,74,74,0,0
72902,67,64,3,3
72903,59,66,-7,7
72904,100,118,-18,18
72905,62,75,-13,13
72906,100,106,-6,6
72907,79,82,-3,3
72908,137,156,-19,19
72909,74,77,-3,3
72910,94,97,-3,3
72911,119,101,18,18
72912,103,100,3,3
72913,95,98,-3,3
72914,60,56,4,4
72915,111,108,3,3
72916,34,38,-4,4
72917,78,88,-10,10
72918,97,99,-2,2
72919,111,112,-1,1
72920,85,97,-12,12
72921,149,140,9,9
72922,90,85,5,5
72923,49,52,-3,3
72924,138,134,4,4
72925,69,68,1,1
72926,79,75,4,4
72927,70,70,0,0
72928,82,82,0,0
72929,79,82,-3,3
72930,85,98,-13,13
72931,89,85,4,4
72932,67,69,-2,2
72933,106,117,-11,11
72934,70,81,-11,11
72935,74,83,-9,9
72936,55,63,-8,8
72937,164,162,2,2
72938,77,75,2,2
72939,57,57,0,0
72940,97,109,-12,12
72941,136,143,-7,7
72942,83,83,0,0
72943,66,69,-3,3
72944,92,100,-8,8
72945,92,94,-2,2
72946,71,69,2,2
72947,67,78,-11,11
72948,150,139,11,11
72949,69,73,-4,4
72950,132,125,7,7
72951,194,184,10,10
72952,137,137,0,0
72953,68,71,-3,3
72954,90,99,-9,9
72955,113,111,2,2
72956,61,56,5,5
72957,160,150,10,10
72958,149,146,3,3
72959,48,58,-10,10
72960,128,129,-1,1
72961,102,103,-1,1
72962,95,101,-6,6
72963,68,63,5,5
72964,164,158,6,6
72965,92,102,-10,10
72966,100,96,4,4
72967,68,75,-7,7
72968,81,82,-1,1
72969,87,81,6,6
72970,121,106,15,15
72971,95,101,-6,6
72972,99,69,30,30
72973,59,66,-7,7
72974,140,129,11,11
72975,109,95,14,14
72976,147,138,9,9
72977,84,85,-1,1
72978,111,109,2,2
72979,85,90,-5,5
72980,63,71,-8,8
72981,64,64,0,0
72982,75,71,4,4
72983,136,116,20,20
72984,140,143,-3,3
72985,45,48,-3,3
72986,159,161,-2,2
72987,110,104,6,6
72988,54,67,-13,13
72989,129,130,-1,1
72990,170,180,-10,10
72991,111,113,-2,2
72992,72,68,4,4
72993,129,129,0,0
72994,67,69,-2,2
72995,159,173,-14,14
72996,60,67,-7,7
72997,91,91,0,0
72998,126,114,12,12
72999,240,205,35,35
73000,113,114,-1,1
73001,85,79,6,6
73002,54,70,-16,16
73003,68,67,1,1
73004,89,85,4,4
73005,142,135,7,7
73006,146,138,8,8
73007,87,88,-1,1
73008,122,126,-4,4
73009,81,55,26,26
73010,77,79,-2,2
73011,113,104,9,9
73012,182,184,-2,2
73013,111,106,5,5
73014,97,86,11,11
73015,90,86,4,4
73016,149,145,4,4
73017,62,77,-15,15
73018,121,120,1,1
73019,90,88,2,2
73020,64,58,6,6
73021,158,153,5,5
73022,89,88,1,1
73023,93,95,-2,2
73024,82,78,4,4
73025,80,85,-5,5
73026,231,219,12,12
73027,52,58,-6,6
73028,185,170,15,15
73029,125,130,-5,5
73030,116,110,6,6
73031,70,73,-3,3
73032,92,88,4,4
73033,135,142,-7,7
73034,83,90,-7,7
73035,78,81,-3,3
73036,89,86,3,3
73037,98,94,4,4
73038,74,82,-8,8
73039,117,117,0,0
73040,65,206,-141,141
73041,80,81,-1,1
73042,82,77,5,5
73043,144,150,-6,6
73044,64,63,1,1
73045,144,138,6,6
73046,46,48,-2,2
73047,29,35,-6,6
73048,81,81,0,0
73049,115,115,0,0
73050,99,98,1,1
73051,80,78,2,2
73052,111,108,3,3
73053,113,115,-2,2
73054,119,104,15,15
73055,49,48,1,1
73056,128,125,3,3
73057,168,157,11,11
73058,52,54,-2,2
73059,115,116,-1,1
73060,230,203,27,27
73061,113,131,-18,18
73062,66,62,4,4
73063,102,102,0,0
73064,52,54,-2,2
73065,94,97,-3,3
73066,69,70,-1,1
73067,146,153,-7,7
73068,130,129,1,1
73069,82,74,8,8
73070,51,54,-3,3
73071,114,109,5,5
73072,58,70,-12,12
73073,70,78,-8,8
73074,74,73,1,1
73075,75,69,6,6
73076,54,53,1,1
73077,134,137,-3,3
73078,46,46,0,0
73079,79,73,6,6
73080,66,75,-9,9
73081,114,118,-4,4
73082,76,86,-10,10
73083,149,144,5,5
73084,126,119,7,7
73085,91,100,-9,9
73086,56,48,8,8
73087,131,130,1,1
73088,119,133,-14,14
73089,119,118,1,1
73090,124,125,-1,1
73091,142,141,1,1
73092,215,189,26,26
73093,59,60,-1,1
73094,60,63,-3,3
73095,76,82,-6,6
73096,54,51,3,3
73097,78,86,-8,8
73098,133,142,-9,9
73099,56,55,1,1
73100,79,83,-4,4
73101,74,68,6,6
73102,55,65,-10,10
73103,62,57,5,5
73104,47,47,0,0
73105,112,117,-5,5
73106,112,107,5,5
73107,122,117,5,5
73108,104,106,-2,2
73109,81,103,-22,22
73110,76,84,-8,8
73111,61,59,2,2
73112,230,183,47,47
73113,87,85,2,2
73114,94,90,4,4
73115,83,80,3,3
73116,154,136,18,18
73117,140,131,9,9
73118,81,86,-5,5
73119,78,78,0,0
73120,112,106,6,6
73121,133,124,9,9
73122,72,77,-5,5
73123,150,123,27,27
73124,133,130,3,3
73125,74,67,7,7
73126,122,123,-1,1
73127,90,90,0,0
73128,69,67,2,2
73129,75,81,-6,6
73130,50,49,1,1
73131,135,130,5,5
73132,126,121,5,5
73133,68,89,-21,21
73134,88,90,-2,2
73135,78,85,-7,7
73136,55,61,-6,6
73137,94,105,-11,11
73138,57,64,-7,7
73139,70,73,-3,3
73140,150,147,3,3
73141,67,74,-7,7
73142,78,82,-4,4
73143,82,88,-6,6
73144,123,127,-4,4
73145,75,70,5,5
73146,151,154,-3,3
73147,79,77,2,2
73148,116,110,6,6
73149,89,85,4,4
73150,143,136,7,7
73151,94,100,-6,6
73152,94,100,-6,6
73153,81,82,-1,1
73154,77,83,-6,6
73155,85,84,1,1
73156,104,111,-7,7
73157,58,61,-3,3
73158,76,82,-6,6
73159,72,74,-2,2
73160,90,82,8,8
73161,126,136,-10,10
73162,81,83,-2,2
73163,113,115,-2,2
73164,72,77,-5,5
73165,111,115,-4,4
73166,94,89,5,5
73167,77,74,3,3
73168,76,71,5,5
73169,91,86,5,5
73170,84,85,-1,1
73171,50,58,-8,8
73172,111,118,-7,7
73173,160,154,6,6
73174,90,84,6,6
73175,165,175,-10,10
73176,153,136,17,17
73177,38,42,-4,4
73178,76,93,-17,17
73179,73,73,0,0
73180,99,106,-7,7
73181,64,68,-4,4
73182,148,142,6,6
73183,146,144,2,2
73184,86,87,-1,1
73185,70,73,-3,3
73186,74,72,2,2
73187,102,100,2,2
73188,76,70,6,6
73189,115,112,3,3
73190,111,108,3,3
73191,67,72,-5,5
73192,120,127,-7,7
73193,72,75,-3,3
73194,93,90,3,3
73195,256,238,18,18
73196,157,152,5,5
73197,70,71,-1,1
73198,95,106,-11,11
73199,99,101,-2,2
73200,94,98,-4,4
73201,81,75,6,6
73202,102,99,3,3
73203,107,111,-4,4
73204,137,128,9,9
73205,91,93,-2,2
73206,90,95,-5,5
73207,68,69,-1,1
73208,59,61,-2,2
73209,86,89,-3,3
73210,118,130,-12,12
73211,197,192,5,5
73212,55,58,-3,3
73213,82,77,5,5
73214,96,104,-8,8
73215,88,99,-11,11
73216,72,88,-16,16
73217,56,52,4,4
73218,110,106,4,4
73219,75,73,2,2
73220,107,118,-11,11
73221,100,108,-8,8
73222,137,126,11,11
73223,76,76,0,0
73224,174,168,6,6
73225,101,109,-8,8
73226,85,85,0,0
73227,53,61,-8,8
73228,108,99,9,9
73229,82,81,1,1
73230,84,92,-8,8
73231,92,97,-5,5
73232,125,140,-15,15
73233,93,104,-11,11
73234,54,62,-8,8
73235,113,108,5,5
73236,196,189,7,7
73237,71,70,1,1
73238,75,73,2,2
73239,46,51,-5,5
73240,107,112,-5,5
73241,82,87,-5,5
73242,88,104,-16,16
73243,57,56,1,1
73244,153,140,13,13
73245,131,135,-4,4
73246,111,126,-15,15
73247,136,140,-4,4
73248,58,64,-6,6
73249,85,85,0,0
73250,98,90,8,8
73251,80,82,-2,2
73252,82,90,-8,8
73253,74,70,4,4
73254,135,126,9,9
73255,88,88,0,0
73256,27,40,-13,13
73257,60,63,-3,3
73258,82,80,2,2
73259,176,176,0,0
73260,163,141,22,22
73261,130,134,-4,4
73262,120,115,5,5
73263,143,126,17,17
73264,138,142,-4,4
73265,88,82,6,6
73266,125,126,-1,1
73267,81,80,1,1
73268,56,57,-1,1
73269,70,74,-4,4
73270,59,64,-5,5
73271,117,134,-17,17
73272,35,41,-6,6
73273,115,104,11,11
73274,59,63,-4,4
73275,88,82,6,6
73276,124,130,-6,6
73277,110,101,9,9
73278,118,113,5,5
73279,103,91,12,12
73280,121,122,-1,1
73281,78,79,-1,1
73282,69,70,-1,1
73283,129,123,6,6
73284,75,72,3,3
73285,54,53,1,1
73286,185,168,17,17
73287,105,103,2,2
73288,65,64,1,1
73289,145,132,13,13
73290,134,127,7,7
73291,102,102,0,0
73292,75,75,0,0
73293,106,101,5,5
73294,122,122,0,0
73295,42,51,-9,9
73296,144,150,-6,6
73297,104,102,2,2
73298,117,111,6,6
73299,69,72,-3,3
73300,63,79,-16,16
73301,184,153,31,31
73302,96,99,-3,3
73303,86,79,7,7
73304,98,102,-4,4
73305,78,77,1,1
73306,91,87,4,4
73307,53,54,-1,1
73308,79,75,4,4
73309,141,134,7,7
73310,82,79,3,3
73311,49,50,-1,1
73312,109,101,8,8
73313,61,64,-3,3
73314,90,98,-8,8
73315,61,55,6,6
73316,94,106,-12,12
73317,134,135,-1,1
73318,65,71,-6,6
73319,136,130,6,6
73320,164,160,4,4
73321,98,107,-9,9
73322,83,82,1,1
73323,40,46,-6,6
73324,67,78,-11,11
73325,90,86,4,4
73326,62,57,5,5
73327,60,59,1,1
73328,115,106,9,9
73329,135,136,-1,1
73330,75,76,-1,1
73331,35,61,-26,26
73332,94,107,-13,13
73333,113,107,6,6
73334,133,129,4,4
73335,103,77,26,26
73336,108,101,7,7
73337,65,66,-1,1
73338,67,60,7,7
73339,121,118,3,3
73340,89,103,-14,14
73341,69,71,-2,2
73342,128,129,-1,1
73343,99,91,8,8
73344,100,101,-1,1
73345,88,76,12,12
73346,160,149,11,11
73347,94,91,3,3
73348,111,116,-5,5
73349,83,77,6,6
73350,51,63,-12,12
73351,126,123,3,3
73352,150,134,16,16
73353,57,57,0,0
73354,63,69,-6,6
73355,112,115,-3,3
73356,196,185,11,11
73357,71,76,-5,5
73358,152,146,6,6
73359,87,89,-2,2
73360,59,63,-4,4
73361,144,140,4,4
73362,122,116,6,6
73363,61,67,-6,6
73364,99,112,-13,13
73365,74,67,7,7
73366,68,68,0,0
73367,92,101,-9,9
73368,147,156,-9,9
73369,114,112,2,2
73370,64,68,-4,4
73371,92,80,12,12
73372,85,78,7,7
73373,100,97,3,3
73374,142,132,10,10
73375,34,31,3,3
73376,107,99,8,8
73377,110,106,4,4
73378,154,147,7,7
73379,69,74,-5,5
73380,91,104,-13,13
73381,124,115,9,9
73382,71,65,6,6
73383,61,57,4,4
73384,110,109,1,1
73385,86,98,-12,12
73386,143,134,9,9
73387,65,67,-2,2
73388,82,76,6,6
73389,90,99,-9,9
73390,156,161,-5,5
73391,177,173,4,4
73392,108,109,-1,1
73393,100,112,-12,12
73394,60,70,-10,10
73395,81,94,-13,13
73396,99,104,-5,5
73397,63,86,-23,23
73398,87,100,-13,13
73399,53,55,-2,2
73400,47,51,-4,4
73401,65,75,-10,10
73402,79,73,6,6
73403,65,68,-3,3
73404,99,105,-6,6
73405,61,62,-1,1
73406,101,113,-12,12
73407,75,70,5,5
73408,99,106,-7,7
73409,84,83,1,1
73410,130,124,6,6
73411,147,134,13,13
73412,103,106,-3,3
73413,48,48,0,0
73414,88,90,-2,2
73415,115,108,7,7
73416,81,81,0,0
73417,69,80,-11,11
73418,144,147,-3,3
73419,103,97,6,6
73420,84,81,3,3
73421,175,180,-5,5
73422,133,119,14,14
73423,88,91,-3,3
73424,112,114,-2,2
73425,98,102,-4,4
73426,79,75,4,4
73427,65,65,0,0
73428,75,86,-11,11
73429,101,106,-5,5
73430,44,49,-5,5
73431,89,87,2,2
73432,107,110,-3,3
73433,85,85,0,0
73434,42,51,-9,9
73435,86,96,-10,10
73436,92,88,4,4
73437,70,76,-6,6
73438,79,80,-1,1
73439,39,57,-18,18
73440,90,88,2,2
73441,126,113,13,13
73442,116,114,2,2
73443,69,73,-4,4
73444,51,60,-9,9
73445,107,103,4,4
73446,88,85,3,3
73447,104,99,5,5
73448,81,73,8,8
73449,78,78,0,0
73450,87,87,0,0
73451,63,77,-14,14
73452,92,95,-3,3
73453,125,132,-7,7
73454,113,110,3,3
73455,50,52,-2,2
73456,71,71,0,0
73457,78,81,-3,3
73458,65,67,-2,2
73459,145,138,7,7
73460,64,60,4,4
73461,83,82,1,1
73462,162,147,15,15
73463,84,84,0,0
73464,149,150,-1,1
73465,68,71,-3,3
73466,84,88,-4,4
73467,74,67,7,7
73468,106,109,-3,3
73469,87,91,-4,4
73470,102,119,-17,17
73471,142,126,16,16
73472,159,155,4,4
73473,49,52,-3,3
73474,133,138,-5,5
73475,89,85,4,4
73476,47,55,-8,8
73477,111,116,-5,5
73478,79,74,5,5
73479,108,120,-12,12
73480,58,61,-3,3
73481,111,118,-7,7
73482,46,52,-6,6
73483,69,67,2,2
73484,144,144,0,0
73485,122,119,3,3
73486,114,113,1,1
73487,60,62,-2,2
73488,75,80,-5,5
73489,79,80,-1,1
73490,97,103,-6,6
73491,177,177,0,0
73492,111,107,4,4
73493,35,44,-9,9
73494,133,119,14,14
73495,58,54,4,4
73496,114,103,11,11
73497,80,83,-3,3
73498,133,116,17,17
73499,116,119,-3,3
73500,88,71,17,17
73501,126,119,7,7
73502,135,123,12,12
73503,85,86,-1,1
73504,154,153,1,1
73505,118,113,5,5
73506,92,90,2,2
73507,146,151,-5,5
73508,63,68,-5,5
73509,77,84,-7,7
73510,113,110,3,3
73511,110,119,-9,9
73512,63,70,-7,7
73513,78,71,7,7
73514,130,125,5,5
73515,64,61,3,3
73516,81,86,-5,5
73517,75,68,7,7
73518,41,47,-6,6
73519,139,137,2,2
73520,60,62,-2,2
73521,81,84,-3,3
73522,108,107,1,1
73523,102,101,1,1
73524,63,61,2,2
73525,111,107,4,4
73526,42,44,-2,2
73527,93,98,-5,5
73528,106,113,-7,7
73529,92,88,4,4
73530,87,86,1,1
73531,100,104,-4,4
73532,73,76,-3,3
73533,65,63,2,2
73534,84,92,-8,8
73535,158,158,0,0
73536,73,74,-1,1
73537,116,127,-11,11
73538,79,95,-16,16
73539,114,110,4,4
73540,108,110,-2,2
73541,89,86,3,3
73542,65,79,-14,14
73543,123,121,2,2
73544,70,75,-5,5
73545,58,61,-3,3
73546,61,68,-7,7
73547,118,131,-13,13
73548,91,101,-10,10
73549,82,89,-7,7
73550,42,53,-11,11
73551,43,46,-3,3
73552,144,132,12,12
73553,60,74,-14,14
73554,29,55,-26,26
73555,111,102,9,9
73556,69,70,-1,1
73557,192,172,20,20
73558,88,107,-19,19
73559,64,66,-2,2
73560,131,132,-1,1
73561,107,114,-7,7
73562,95,107,-12,12
73563,70,72,-2,2
73564,51,49,2,2
73565,195,182,13,13
73566,77,79,-2,2
73567,117,122,-5,5
73568,87,79,8,8
73569,46,46,0,0
73570,71,72,-1,1
73571,65,65,0,0
73572,171,182,-11,11
73573,106,109,-3,3
73574,82,83,-1,1
73575,130,120,10,10
73576,58,66,-8,8
73577,105,111,-6,6
73578,121,122,-1,1
73579,148,156,-8,8
73580,87,86,1,1
73581,98,106,-8,8
73582,74,85,-11,11
73583,138,137,1,1
73584,95,101,-6,6
73585,104,104,0,0
73586,64,63,1,1
73587,74,77,-3,3
73588,126,109,17,17
73589,93,102,-9,9
73590,80,80,0,0
73591,62,68,-6,6
73592,56,62,-6,6
73593,91,95,-4,4
73594,202,184,18,18
73595,97,103,-6,6
73596,109,122,-13,13
73597,62,51,11,11
73598,156,155,1,1
73599,62,60,2,2
73600,156,157,-1,1
73601,60,64,-4,4
73602,67,65,2,2
73603,109,114,-5,5
73604,129,122,7,7
73605,126,120,6,6
73606,141,136,5,5
73607,117,106,11,11
73608,167,163,4,4
73609,123,130,-7,7
73610,127,115,12,12
73611,70,67,3,3
73612,67,71,-4,4
73613,93,91,2,2
73614,79,77,2,2
73615,80,81,-1,1
73616,81,86,-5,5
73617,77,74,3,3
73618,57,60,-3,3
73619,125,136,-11,11
73620,137,128,9,9
73621,98,105,-7,7
73622,76,73,3,3
73623,99,91,8,8
73624,88,87,1,1
73625,71,70,1,1
73626,85,81,4,4
73627,93,95,-2,2
73628,112,107,5,5
73629,63,68,-5,5
73630,79,96,-17,17
73631,90,90,0,0
73632,71,69,2,2
73633,67,88,-21,21
73634,147,127,20,20
73635,57,76,-19,19
73636,61,62,-1,1
73637,100,98,2,2
73638,79,77,2,2
73639,136,114,22,22
73640,88,91,-3,3
73641,67,68,-1,1
73642,173,175,-2,2
73643,111,104,7,7
73644,96,83,13,13
73645,91,84,7,7
73646,90,83,7,7
73647,93,89,4,4
73648,99,103,-4,4
73649,57,57,0,0
73650,71,69,2,2
73651,165,154,11,11
73652,91,108,-17,17
73653,59,60,-1,1
73654,103,105,-2,2
73655,72,74,-2,2
73656,95,97,-2,2
73657,86,76,10,10
73658,142,119,23,23
73659,92,90,2,2
73660,86,89,-3,3
73661,143,134,9,9
73662,37,47,-10,10
73663,66,66,0,0
73664,121,115,6,6
73665,89,95,-6,6
73666,54,68,-14,14
73667,64,65,-1,1
73668,48,46,2,2
73669,33,38,-5,5
73670,154,149,5,5
73671,55,59,-4,4
73672,85,79,6,6
73673,68,70,-2,2
73674,88,89,-1,1
73675,61,64,-3,3
73676,123,117,6,6
73677,98,104,-6,6
73678,161,158,3,3
73679,53,61,-8,8
73680,68,73,-5,5
73681,131,124,7,7
73682,100,98,2,2
73683,64,62,2,2
73684,109,119,-10,10
73685,87,86,1,1
73686,78,79,-1,1
73687,56,64,-8,8
73688,96,90,6,6
73689,104,101,3,3
73690,94,98,-4,4
73691,66,68,-2,2
73692,106,102,4,4
73693,132,143,-11,11
73694,142,121,21,21
73695,112,119,-7,7
73696,104,79,25,25
73697,129,137,-8,8
73698,107,106,1,1
73699,137,145,-8,8
73700,81,86,-5,5
73701,57,58,-1,1
73702,126,118,8,8
73703,57,71,-14,14
73704,141,128,13,13
73705,94,89,5,5
73706,56,67,-11,11
73707,100,92,8,8
73708,65,72,-7,7
73709,153,148,5,5
73710,106,110,-4,4
73711,65,70,-5,5
73712,89,91,-2,2
73713,69,61,8,8
73714,172,164,8,8
73715,74,76,-2,2
73716,55,64,-9,9
73717,95,97,-2,2
73718,80,83,-3,3
73719,72,75,-3,3
73720,69,70,-1,1
73721,77,87,-10,10
73722,136,129,7,7
73723,60,59,1,1
73724,106,100,6,6
73725,98,93,5,5
73726,113,113,0,0
73727,66,68,-2,2
73728,117,112,5,5
73729,75,77,-2,2
73730,123,123,0,0
73731,54,51,3,3
73732,157,165,-8,8
73733,100,99,1,1
73734,74,78,-4,4
73735,61,66,-5,5
73736,72,75,-3,3
73737,81,79,2,2
73738,138,150,-12,12
73739,137,140,-3,3
73740,163,146,17,17
73741,65,79,-14,14
73742,130,131,-1,1
73743,68,72,-4,4
73744,97,92,5,5
73745,167,160,7,7
73746,93,77,16,16
73747,63,70,-7,7
73748,91,87,4,4
73749,174,161,13,13
73750,138,124,14,14
73751,75,75,0,0
73752,129,137,-8,8
73753,116,107,9,9
73754,47,46,1,1
73755,116,107,9,9
73756,103,101,2,2
73757,112,105,7,7
73758,133,126,7,7
73759,55,59,-4,4
73760,75,80,-5,5
73761,53,56,-3,3
73762,88,101,-13,13
73763,132,127,5,5
73764,35,38,-3,3
73765,45,50,-5,5
73766,67,71,-4,4
73767,124,113,11,11
73768,148,139,9,9
73769,138,127,11,11
73770,98,94,4,4
73771,81,82,-1,1
73772,54,58,-4,4
73773,35,36,-1,1
73774,69,67,2,2
73775,66,67,-1,1
73776,116,110,6,6
73777,86,82,4,4
73778,95,100,-5,5
73779,95,100,-5,5
73780,61,61,0,0
73781,79,79,0,0
73782,74,98,-24,24
73783,117,114,3,3
73784,63,65,-2,2
73785,138,118,20,20
73786,125,125,0,0
73787,95,98,-3,3
73788,66,70,-4,4
73789,53,56,-3,3
73790,83,83,0,0
73791,60,68,-8,8
73792,52,57,-5,5
73793,55,53,2,2
73794,100,110,-10,10
73795,91,107,-16,16
73796,87,82,5,5
73797,63,55,8,8
73798,122,97,25,25
73799,75,72,3,3
73800,57,70,-13,13
73801,55,60,-5,5
73802,110,103,7,7
73803,88,97,-9,9
73804,155,167,-12,12
73805,96,102,-6,6
73806,81,83,-2,2
73807,102,101,1,1
73808,141,128,13,13
73809,105,105,0,0
73810,68,66,2,2
73811,80,76,4,4
73812,94,104,-10,10
73813,60,64,-4,4
73814,107,92,15,15
73815,112,112,0,0
73816,92,97,-5,5
73817,86,75,11,11
73818,131,116,15,15
73819,62,60,2,2
73820,146,148,-2,2
73821,67,78,-11,11
73822,77,83,-6,6
73823,101,107,-6,6
73824,80,79,1,1
73825,97,83,14,14
73826,140,129,11,11
73827,128,138,-10,10
73828,108,111,-3,3
73829,91,88,3,3
73830,91,94,-3,3
73831,87,83,4,4
73832,151,133,18,18
73833,91,99,-8,8
73834,161,147,14,14
73835,60,65,-5,5
73836,135,126,9,9
73837,73,87,-14,14
73838,88,102,-14,14
73839,71,70,1,1
73840,80,82,-2,2
73841,50,54,-4,4
73842,106,103,3,3
73843,66,67,-1,1
73844,90,100,-10,10
73845,122,126,-4,4
73846,99,98,1,1
73847,73,75,-2,2
73848,60,66,-6,6
73849,63,90,-27,27
73850,105,121,-16,16
73851,34,38,-4,4
73852,74,81,-7,7
73853,122,116,6,6
73854,123,111,12,12
73855,66,64,2,2
73856,122,118,4,4
73857,114,108,6,6
73858,165,166,-1,1
73859,139,152,-13,13
73860,58,49,9,9
73861,70,73,-3,3
73862,71,66,5,5
73863,158,183,-25,25
73864,66,65,1,1
73865,166,129,37,37
73866,129,131,-2,2
73867,91,90,1,1
73868,109,130,-21,21
73869,118,132,-14,14
73870,90,98,-8,8
73871,125,119,6,6
73872,94,89,5,5
73873,107,101,6,6
73874,144,123,21,21
73875,83,80,3,3
73876,71,78,-7,7
73877,93,89,4,4
73878,103,104,-1,1
73879,78,79,-1,1
73880,33,76,-43,43
73881,44,79,-35,35
73882,129,122,7,7
73883,210,197,13,13
73884,98,91,7,7
73885,60,78,-18,18
73886,110,106,4,4
73887,56,60,-4,4
73888,149,138,11,11
73889,86,85,1,1
73890,101,100,1,1
73891,80,76,4,4
73892,96,99,-3,3
73893,66,69,-3,3
73894,73,79,-6,6
73895,87,74,13,13
73896,73,70,3,3
73897,96,92,4,4
73898,36,48,-12,12
73899,171,205,-34,34
73900,125,125,0,0
73901,82,84,-2,2
73902,79,75,4,4
73903,148,138,10,10
73904,137,130,7,7
73905,82,85,-3,3
73906,72,99,-27,27
73907,57,58,-1,1
73908,162,163,-1,1
73909,148,134,14,14
73910,82,79,3,3
73911,76,79,-3,3
73912,72,68,4,4
73913,42,42,0,0
73914,102,110,-8,8
73915,61,69,-8,8
73916,107,111,-4,4
73917,72,66,6,6
73918,117,126,-9,9
73919,70,70,0,0
73920,60,61,-1,1
73921,110,92,18,18
73922,94,98,-4,4
73923,121,129,-8,8
73924,102,106,-4,4
73925,61,66,-5,5
73926,69,70,-1,1
73927,51,63,-12,12
73928,113,123,-10,10
73929,148,169,-21,21
73930,129,114,15,15
73931,60,62,-2,2
73932,82,105,-23,23
73933,149,138,11,11
73934,64,62,2,2
73935,95,102,-7,7
73936,105,103,2,2
73937,129,129,0,0
73938,140,140,0,0
73939,143,149,-6,6
73940,67,66,1,1
73941,81,81,0,0
73942,131,121,10,10
73943,61,56,5,5
73944,95,97,-2,2
73945,121,119,2,2
73946,96,84,12,12
73947,159,135,24,24
73948,51,55,-4,4
73949,72,74,-2,2
73950,83,86,-3,3
73951,114,111,3,3
73952,90,91,-1,1
73953,72,71,1,1
73954,88,81,7,7
73955,149,137,12,12
73956,69,67,2,2
73957,67,71,-4,4
73958,65,75,-10,10
73959,119,124,-5,5
73960,146,133,13,13
73961,75,83,-8,8
73962,175,161,14,14
73963,109,117,-8,8
73964,80,79,1,1
73965,99,92,7,7
73966,137,134,3,3
73967,77,94,-17,17
73968,44,71,-27,27
73969,96,100,-4,4
73970,55,57,-2,2
73971,113,108,5,5
73972,108,110,-2,2
73973,55,54,1,1
73974,138,121,17,17
73975,74,72,2,2
73976,69,74,-5,5
73977,131,127,4,4
73978,129,159,-30,30
73979,103,106,-3,3
73980,50,52,-2,2
73981,90,99,-9,9
73982,42,45,-3,3
73983,140,154,-14,14
73984,76,94,-18,18
73985,113,110,3,3
73986,43,54,-11,11
73987,73,86,-13,13
73988,116,120,-4,4
73989,112,121,-9,9
73990,126,132,-6,6
73991,98,104,-6,6
73992,83,91,-8,8
73993,51,68,-17,17
73994,73,93,-20,20
73995,220,195,25,25
73996,72,82,-10,10
73997,63,63,0,0
73998,107,112,-5,5
73999,90,85,5,5
74000,50,63,-13,13
74001,100,95,5,5
74002,126,118,8,8
74003,73,74,-1,1
74004,88,93,-5,5
74005,65,78,-13,13
74006,73,66,7,7
74007,83,83,0,0
74008,118,123,-5,5
74009,77,72,5,5
74010,175,168,7,7
74011,101,99,2,2
74012,72,70,2,2
74013,84,87,-3,3
74014,320,352,-32,32
74015,86,103,-17,17
74016,48,54,-6,6
74017,82,75,7,7
74018,111,104,7,7
74019,83,85,-2,2
74020,105,120,-15,15
74021,87,98,-11,11
74022,92,92,0,0
74023,106,104,2,2
74024,179,178,1,1
74025,123,115,8,8
74026,68,74,-6,6
74027,52,53,-1,1
74028,155,132,23,23
74029,97,112,-15,15
74030,78,81,-3,3
74031,52,54,-2,2
74032,62,67,-5,5
74033,92,93,-1,1
74034,113,108,5,5
74035,141,139,2,2
74036,66,73,-7,7
74037,97,89,8,8
74038,80,105,-25,25
74039,71,90,-19,19
74040,117,115,2,2
74041,202,194,8,8
74042,89,84,5,5
74043,65,71,-6,6
74044,83,91,-8,8
74045,151,142,9,9
74046,68,63,5,5
74047,84,92,-8,8
74048,114,110,4,4
74049,67,66,1,1
74050,48,47,1,1
74051,108,113,-5,5
74052,159,141,18,18
74053,84,81,3,3
74054,153,142,11,11
74055,52,67,-15,15
74056,159,153,6,6
74057,118,121,-3,3
74058,83,90,-7,7
74059,50,54,-4,4
74060,125,118,7,7
74061,41,95,-54,54
74062,62,72,-10,10
74063,85,78,7,7
74064,133,133,0,0
74065,129,123,6,6
74066,97,100,-3,3
74067,102,107,-5,5
74068,23,40,-17,17
74069,74,78,-4,4
74070,41,52,-11,11
74071,108,117,-9,9
74072,104,106,-2,2
74073,108,98,10,10
74074,97,93,4,4
74075,74,79,-5,5
74076,94,95,-1,1
74077,78,75,3,3
74078,117,122,-5,5
74079,119,123,-4,4
74080,60,55,5,5
74081,86,81,5,5
74082,84,87,-3,3
74083,72,74,-2,2
74084,93,100,-7,7
74085,72,72,0,0
74086,156,142,14,14
74087,73,78,-5,5
74088,108,108,0,0
74089,126,138,-12,12
74090,93,97,-4,4
74091,79,69,10,10
74092,181,154,27,27
74093,83,76,7,7
74094,119,117,2,2
74095,71,70,1,1
74096,77,66,11,11
74097,104,121,-17,17
74098,72,79,-7,7
74099,68,69,-1,1
74100,98,100,-2,2
74101,57,77,-20,20
74102,80,108,-28,28
74103,73,72,1,1
74104,191,177,14,14
74105,100,93,7,7
74106,132,120,12,12
74107,40,37,3,3
74108,54,56,-2,2
74109,154,151,3,3
74110,139,135,4,4
74111,107,104,3,3
74112,128,120,8,8
74113,133,127,6,6
74114,83,74,9,9
74115,63,89,-26,26
74116,81,79,2,2
74117,163,159,4,4
74118,109,110,-1,1
74119,63,63,0,0
74120,90,88,2,2
74121,81,98,-17,17
74122,66,66,0,0
74123,120,125,-5,5
74124,89,85,4,4
74125,67,73,-6,6
74126,85,85,0,0
74127,78,80,-2,2
74128,75,81,-6,6
74129,198,190,8,8
74130,92,92,0,0
74131,118,109,9,9
74132,57,64,-7,7
74133,155,148,7,7
74134,86,84,2,2
74135,67,64,3,3
74136,178,148,30,30
74137,68,72,-4,4
74138,85,83,2,2
74139,79,85,-6,6
74140,93,85,8,8
74141,50,57,-7,7
74142,58,60,-2,2
74143,104,108,-4,4
74144,100,99,1,1
74145,201,192,9,9
74146,105,109,-4,4
74147,105,112,-7,7
74148,90,90,0,0
74149,68,77,-9,9
74150,74,80,-6,6
74151,60,59,1,1
74152,59,81,-22,22
74153,97,108,-11,11
74154,87,84,3,3
74155,55,66,-11,11
74156,111,106,5,5
74157,119,106,13,13
74158,115,121,-6,6
74159,59,55,4,4
74160,61,63,-2,2
74161,30,49,-19,19
74162,96,95,1,1
74163,131,115,16,16
74164,183,175,8,8
74165,161,168,-7,7
74166,146,146,0,0
74167,200,185,15,15
74168,100,105,-5,5
74169,114,114,0,0
74170,108,108,0,0
74171,73,72,1,1
74172,75,71,4,4
74173,72,72,0,0
74174,143,152,-9,9
74175,101,98,3,3
74176,66,70,-4,4
74177,164,148,16,16
74178,85,84,1,1
74179,88,84,4,4
74180,98,104,-6,6
74181,54,97,-43,43
74182,95,99,-4,4
74183,64,70,-6,6
74184,144,143,1,1
74185,105,106,-1,1
74186,102,111,-9,9
74187,114,99,15,15
74188,54,57,-3,3
74189,112,108,4,4
74190,181,169,12,12
74191,110,105,5,5
74192,75,66,9,9
74193,51,62,-11,11
74194,98,99,-1,1
74195,85,88,-3,3
74196,54,65,-11,11
74197,57,64,-7,7
74198,77,87,-10,10
74199,66,76,-10,10
74200,84,78,6,6
74201,102,109,-7,7
74202,124,128,-4,4
74203,129,126,3,3
74204,195,189,6,6
74205,111,112,-1,1
74206,109,122,-13,13
74207,68,69,-1,1
74208,57,58,-1,1
74209,76,88,-12,12
74210,99,99,0,0
74211,78,85,-7,7
74212,124,119,5,5
74213,83,78,5,5
74214,82,79,3,3
74215,73,71,2,2
74216,66,72,-6,6
74217,102,105,-3,3
74218,107,117,-10,10
74219,101,101,0,0
74220,119,123,-4,4
74221,120,130,-10,10
74222,69,75,-6,6
74223,80,100,-20,20
74224,113,112,1,1
74225,63,70,-7,7
74226,94,87,7,7
74227,146,147,-1,1
74228,109,108,1,1
74229,117,109,8,8
74230,66,69,-3,3
74231,151,132,19,19
74232,60,56,4,4
74233,146,156,-10,10
74234,135,132,3,3
74235,90,83,7,7
74236,48,59,-11,11
74237,71,70,1,1
74238,155,153,2,2
74239,86,76,10,10
74240,111,124,-13,13
74241,96,98,-2,2
74242,137,153,-16,16
74243,81,87,-6,6
74244,60,66,-6,6
74245,83,100,-17,17
74246,106,107,-1,1
74247,67,73,-6,6
74248,52,54,-2,2
74249,104,103,1,1
74250,73,84,-11,11
74251,87,97,-10,10
74252,148,152,-4,4
74253,77,72,5,5
74254,92,90,2,2
74255,201,190,11,11
74256,50,57,-7,7
74257,149,147,2,2
74258,150,133,17,17
74259,89,99,-10,10
74260,131,125,6,6
74261,73,70,3,3
74262,83,87,-4,4
74263,155,155,0,0
74264,80,63,17,17
74265,128,129,-1,1
74266,59,61,-2,2
74267,85,98,-13,13
74268,87,104,-17,17
74269,85,83,2,2
74270,72,71,1,1
74271,72,79,-7,7
74272,56,58,-2,2
74273,127,128,-1,1
74274,73,71,2,2
74275,94,80,14,14
74276,72,70,2,2
74277,48,45,3,3
74278,130,117,13,13
74279,103,94,9,9
74280,96,82,14,14
74281,140,140,0,0
74282,63,69,-6,6
74283,61,61,0,0
74284,78,76,2,2
74285,75,71,4,4
74286,81,86,-5,5
74287,79,84,-5,5
74288,94,100,-6,6
74289,117,115,2,2
74290,59,59,0,0
74291,84,82,2,2
74292,149,142,7,7
74293,109,112,-3,3
74294,46,57,-11,11
74295,131,121,10,10
74296,118,112,6,6
74297,83,92,-9,9
74298,68,85,-17,17
74299,70,85,-15,15
74300,49,55,-6,6
74301,73,72,1,1
74302,132,136,-4,4
74303,93,85,8,8
74304,159,159,0,0
74305,107,113,-6,6
74306,185,171,14,14
74307,143,141,2,2
74308,60,70,-10,10
74309,78,75,3,3
74310,106,112,-6,6
74311,98,90,8,8
74312,101,87,14,14
74313,39,58,-19,19
74314,104,108,-4,4
74315,51,65,-14,14
74316,88,82,6,6
74317,83,81,2,2
74318,116,133,-17,17
74319,59,61,-2,2
74320,88,83,5,5
74321,206,176,30,30
74322,147,126,21,21
74323,40,50,-10,10
74324,45,52,-7,7
74325,89,90,-1,1
74326,146,138,8,8
74327,76,83,-7,7
74328,92,75,17,17
74329,35,47,-12,12
74330,77,91,-14,14
74331,104,111,-7,7
74332,97,89,8,8
74333,135,128,7,7
74334,63,63,0,0
74335,54,57,-3,3
74336,117,122,-5,5
74337,79,76,3,3
74338,64,70,-6,6
74339,63,65,-2,2
74340,63,65,-2,2
74341,80,82,-2,2
74342,136,133,3,3
74343,106,97,9,9
74344,76,74,2,2
74345,80,80,0,0
74346,126,120,6,6
74347,96,93,3,3
74348,56,53,3,3
74349,124,128,-4,4
74350,137,135,2,2
74351,63,72,-9,9
74352,59,62,-3,3
74353,102,101,1,1
74354,41,43,-2,2
74355,84,87,-3,3
74356,99,104,-5,5
74357,108,118,-10,10
74358,125,128,-3,3
74359,115,112,3,3
74360,84,84,0,0
74361,100,108,-8,8
74362,128,131,-3,3
74363,60,65,-5,5
74364,77,82,-5,5
74365,63,62,1,1
74366,90,102,-12,12
74367,64,73,-9,9
74368,61,50,11,11
74369,99,107,-8,8
74370,97,105,-8,8
74371,65,58,7,7
74372,99,103,-4,4
74373,181,169,12,12
74374,83,86,-3,3
74375,102,104,-2,2
74376,136,145,-9,9
74377,56,55,1,1
74378,132,128,4,4
74379,76,78,-2,2
74380,101,100,1,1
74381,110,98,12,12
74382,51,49,2,2
74383,60,66,-6,6
74384,127,130,-3,3
74385,81,111,-30,30
74386,59,60,-1,1
74387,82,82,0,0
74388,103,101,2,2
74389,99,100,-1,1
74390,50,45,5,5
74391,85,102,-17,17
74392,67,62,5,5
74393,125,120,5,5
74394,93,88,5,5
74395,116,114,2,2
74396,68,77,-9,9
74397,77,78,-1,1
74398,95,100,-5,5
74399,59,69,-10,10
74400,111,101,10,10
74401,79,85,-6,6
74402,84,90,-6,6
74403,89,97,-8,8
74404,164,159,5,5
74405,72,71,1,1
74406,78,82,-4,4
74407,149,159,-10,10
74408,95,80,15,15
74409,85,79,6,6
74410,96,100,-4,4
74411,72,67,5,5
74412,112,103,9,9
74413,77,71,6,6
74414,40,44,-4,4
74415,110,114,-4,4
74416,59,70,-11,11
74417,107,106,1,1
74418,66,77,-11,11
74419,87,82,5,5
74420,72,73,-1,1
74421,85,91,-6,6
74422,49,50,-1,1
74423,72,78,-6,6
74424,156,165,-9,9
74425,75,64,11,11
74426,83,76,7,7
74427,107,107,0,0
74428,97,88,9,9
74429,108,106,2,2
74430,89,80,9,9
74431,103,118,-15,15
74432,133,136,-3,3
74433,56,55,1,1
74434,77,79,-2,2
74435,88,95,-7,7
74436,106,116,-10,10
74437,134,138,-4,4
74438,81,88,-7,7
74439,126,126,0,0
74440,69,72,-3,3
74441,120,163,-43,43
74442,121,113,8,8
74443,62,61,1,1
74444,85,82,3,3
74445,93,91,2,2
74446,111,112,-1,1
74447,99,118,-19,19
74448,50,56,-6,6
74449,98,111,-13,13
74450,83,68,15,15
74451,94,107,-13,13
74452,144,144,0,0
74453,49,55,-6,6
74454,46,44,2,2
74455,87,92,-5,5
74456,80,88,-8,8
74457,150,131,19,19
74458,67,73,-6,6
74459,39,39,0,0
74460,82,79,3,3
74461,76,77,-1,1
74462,56,57,-1,1
74463,33,43,-10,10
74464,95,91,4,4
74465,67,59,8,8
74466,87,91,-4,4
74467,101,97,4,4
74468,62,65,-3,3
74469,62,68,-6,6
74470,93,85,8,8
74471,71,61,10,10
74472,79,82,-3,3
74473,86,82,4,4
74474,70,75,-5,5
74475,117,114,3,3
74476,51,70,-19,19
74477,168,161,7,7
74478,120,110,10,10
74479,99,96,3,3
74480,73,80,-7,7
74481,120,122,-2,2
74482,136,129,7,7
74483,57,67,-10,10
74484,89,84,5,5
74485,89,97,-8,8
74486,81,88,-7,7
74487,72,60,12,12
74488,104,103,1,1
74489,141,133,8,8
74490,79,78,1,1
74491,167,157,10,10
74492,86,86,0,0
74493,138,124,14,14
74494,66,69,-3,3
74495,59,60,-1,1
74496,110,124,-14,14
74497,82,77,5,5
74498,92,93,-1,1
74499,62,59,3,3
74500,82,75,7,7
74501,62,68,-6,6
74502,94,87,7,7
74503,135,155,-20,20
74504,227,238,-11,11
74505,85,84,1,1
74506,74,82,-8,8
74507,106,141,-35,35
74508,52,56,-4,4
74509,96,109,-13,13
74510,97,99,-2,2
74511,143,142,1,1
74512,84,71,13,13
74513,77,69,8,8
74514,49,55,-6,6
74515,116,115,1,1
74516,67,93,-26,26
74517,74,80,-6,6
74518,83,81,2,2
74519,77,76,1,1
74520,113,110,3,3
74521,125,120,5,5
74522,59,60,-1,1
74523,62,68,-6,6
74524,148,148,0,0
74525,56,66,-10,10
74526,85,102,-17,17
74527,158,141,17,17
74528,79,84,-5,5
74529,87,81,6,6
74530,115,142,-27,27
74531,62,63,-1,1
74532,78,78,0,0
74533,107,101,6,6
74534,129,126,3,3
74535,109,104,5,5
74536,46,54,-8,8
74537,73,70,3,3
74538,47,48,-1,1
74539,57,59,-2,2
74540,136,140,-4,4
74541,74,71,3,3
74542,73,72,1,1
74543,117,118,-1,1
74544,64,59,5,5
74545,65,75,-10,10
74546,61,68,-7,7
74547,40,50,-10,10
74548,84,81,3,3
74549,96,95,1,1
74550,108,99,9,9
74551,148,148,0,0
74552,111,111,0,0
74553,131,134,-3,3
74554,55,63,-8,8
74555,132,124,8,8
74556,156,126,30,30
74557,68,65,3,3
74558,109,104,5,5
74559,65,63,2,2
74560,78,71,7,7
74561,136,127,9,9
74562,190,193,-3,3
74563,157,157,0,0
74564,110,114,-4,4
74565,50,58,-8,8
74566,123,133,-10,10
74567,127,124,3,3
74568,88,89,-1,1
74569,116,114,2,2
74570,85,92,-7,7
74571,116,110,6,6
74572,181,178,3,3
74573,87,89,-2,2
74574,135,137,-2,2
74575,64,77,-13,13
74576,92,91,1,1
74577,59,64,-5,5
74578,81,71,10,10
74579,71,72,-1,1
74580,130,138,-8,8
74581,96,86,10,10
74582,86,80,6,6
74583,107,126,-19,19
74584,118,112,6,6
74585,93,99,-6,6
74586,88,98,-10,10
74587,54,64,-10,10
74588,101,104,-3,3
74589,58,64,-6,6
74590,109,103,6,6
74591,106,115,-9,9
74592,139,136,3,3
74593,50,55,-5,5
74594,168,167,1,1
74595,115,123,-8,8
74596,70,75,-5,5
74597,92,88,4,4
74598,133,126,7,7
74599,74,76,-2,2
74600,159,164,-5,5
74601,120,124,-4,4
74602,84,105,-21,21
74603,103,110,-7,7
74604,183,154,29,29
74605,139,129,10,10
74606,86,72,14,14
74607,82,86,-4,4
74608,61,71,-10,10
74609,123,101,22,22
74610,87,88,-1,1
74611,135,133,2,2
74612,99,97,2,2
74613,74,74,0,0
74614,74,79,-5,5
74615,139,139,0,0
74616,85,83,2,2
74617,70,75,-5,5
74618,106,105,1,1
74619,123,122,1,1
74620,100,104,-4,4
74621,61,63,-2,2
74622,92,98,-6,6
74623,132,137,-5,5
74624,59,64,-5,5
74625,226,210,16,16
74626,84,74,10,10
74627,165,169,-4,4
74628,83,90,-7,7
74629,115,114,1,1
74630,159,144,15,15
74631,93,85,8,8
74632,126,136,-10,10
74633,51,53,-2,2
74634,118,116,2,2
74635,80,70,10,10
74636,161,149,12,12
74637,91,89,2,2
74638,83,83,0,0
74639,91,88,3,3
74640,234,220,14,14
74641,78,75,3,3
74642,101,99,2,2
74643,72,73,-1,1
74644,92,76,16,16
74645,44,59,-15,15
74646,76,80,-4,4
74647,106,105,1,1
74648,119,109,10,10
74649,111,99,12,12
74650,111,117,-6,6
74651,105,102,3,3
74652,62,66,-4,4
74653,113,119,-6,6
74654,94,102,-8,8
74655,155,146,9,9
74656,59,59,0,0
74657,86,102,-16,16
74658,61,57,4,4
74659,198,181,17,17
74660,83,83,0,0
74661,50,61,-11,11
74662,126,123,3,3
74663,95,89,6,6
74664,95,87,8,8
74665,24,36,-12,12
74666,90,98,-8,8
74667,47,49,-2,2
74668,64,74,-10,10
74669,107,113,-6,6
74670,94,85,9,9
74671,77,79,-2,2
74672,111,126,-15,15
74673,107,110,-3,3
74674,33,38,-5,5
74675,73,70,3,3
74676,63,66,-3,3
74677,90,94,-4,4
74678,89,173,-84,84
74679,79,74,5,5
74680,128,128,0,0
74681,91,91,0,0
74682,114,110,4,4
74683,103,99,4,4
74684,61,51,10,10
74685,122,130,-8,8
74686,114,113,1,1
74687,143,142,1,1
74688,75,77,-2,2
74689,66,64,2,2
74690,90,93,-3,3
74691,108,99,9,9
74692,74,78,-4,4
74693,137,135,2,2
74694,121,110,11,11
74695,85,103,-18,18
74696,47,53,-6,6
74697,51,62,-11,11
74698,79,75,4,4
74699,80,78,2,2
74700,111,111,0,0
74701,126,134,-8,8
74702,37,42,-5,5
74703,87,85,2,2
74704,102,104,-2,2
74705,73,76,-3,3
74706,81,96,-15,15
74707,85,72,13,13
74708,127,123,4,4
74709,127,114,13,13
74710,93,108,-15,15
74711,122,124,-2,2
74712,175,156,19,19
74713,96,100,-4,4
74714,88,85,3,3
74715,162,141,21,21
74716,124,137,-13,13
74717,42,40,2,2
74718,90,89,1,1
74719,91,91,0,0
74720,129,127,2,2
74721,53,58,-5,5
74722,75,77,-2,2
74723,88,88,0,0
74724,70,66,4,4
74725,185,181,4,4
74726,105,103,2,2
74727,128,120,8,8
74728,103,101,2,2
74729,100,108,-8,8
74730,71,73,-2,2
74731,157,139,18,18
74732,103,112,-9,9
74733,118,119,-1,1
74734,140,178,-38,38
74735,102,105,-3,3
74736,71,69,2,2
74737,143,150,-7,7
74738,58,65,-7,7
74739,96,104,-8,8
74740,112,114,-2,2
74741,85,85,0,0
74742,92,104,-12,12
74743,81,87,-6,6
74744,102,103,-1,1
74745,43,51,-8,8
74746,87,81,6,6
74747,118,115,3,3
74748,85,74,11,11
74749,100,107,-7,7
74750,83,97,-14,14
74751,83,69,14,14
74752,89,87,2,2
74753,50,53,-3,3
74754,134,132,2,2
74755,65,59,6,6
74756,72,78,-6,6
74757,75,71,4,4
74758,78,77,1,1
74759,81,88,-7,7
74760,105,116,-11,11
74761,67,65,2,2
74762,136,71,65,65
74763,86,104,-18,18
74764,139,133,6,6
74765,78,76,2,2
74766,38,33,5,5
74767,78,75,3,3
74768,59,58,1,1
74769,91,86,5,5
74770,152,148,4,4
74771,148,156,-8,8
74772,108,108,0,0
74773,77,74,3,3
74774,83,78,5,5
74775,89,84,5,5
74776,104,98,6,6
74777,117,122,-5,5
74778,151,148,3,3
74779,45,57,-12,12
74780,60,53,7,7
74781,125,127,-2,2
74782,41,43,-2,2
74783,49,52,-3,3
74784,140,134,6,6
74785,90,98,-8,8
74786,93,99,-6,6
74787,100,88,12,12
74788,125,120,5,5
74789,114,118,-4,4
74790,128,130,-2,2
74791,60,63,-3,3
74792,191,180,11,11
74793,140,142,-2,2
74794,82,97,-15,15
74795,76,72,4,4
74796,117,119,-2,2
74797,83,86,-3,3
74798,82,82,0,0
74799,122,129,-7,7
74800,60,64,-4,4
74801,117,116,1,1
74802,96,89,7,7
74803,115,117,-2,2
74804,134,134,0,0
74805,109,112,-3,3
74806,91,79,12,12
74807,72,75,-3,3
74808,96,92,4,4
74809,80,84,-4,4
74810,71,75,-4,4
74811,95,86,9,9
74812,101,104,-3,3
74813,67,67,0,0
74814,87,100,-13,13
74815,89,91,-2,2
74816,62,67,-5,5
74817,126,152,-26,26
74818,78,87,-9,9
74819,100,108,-8,8
74820,96,98,-2,2
74821,100,103,-3,3
74822,59,63,-4,4
74823,93,90,3,3
74824,120,122,-2,2
74825,70,75,-5,5
74826,46,49,-3,3
74827,153,147,6,6
74828,91,91,0,0
74829,94,95,-1,1
74830,74,87,-13,13
74831,87,78,9,9
74832,76,78,-2,2
74833,56,58,-2,2
74834,104,123,-19,19
74835,126,124,2,2
74836,115,117,-2,2
74837,107,117,-10,10
74838,41,52,-11,11
74839,75,69,6,6
74840,76,86,-10,10
74841,75,79,-4,4
74842,50,54,-4,4
74843,118,121,-3,3
74844,131,131,0,0
74845,92,137,-45,45
74846,113,109,4,4
74847,126,115,11,11
74848,65,73,-8,8
74849,128,125,3,3
74850,89,89,0,0
74851,100,89,11,11
74852,85,83,2,2
74853,166,151,15,15
74854,100,115,-15,15
74855,119,120,-1,1
74856,72,67,5,5
74857,78,80,-2,2
74858,70,65,5,5
74859,84,84,0,0
74860,56,53,3,3
74861,18,29,-11,11
74862,75,79,-4,4
74863,107,118,-11,11
74864,86,79,7,7
74865,128,129,-1,1
74866,99,104,-5,5
74867,69,74,-5,5
74868,130,122,8,8
74869,127,129,-2,2
74870,188,179,9,9
74871,99,104,-5,5
74872,83,81,2,2
74873,105,100,5,5
74874,56,62,-6,6
74875,84,83,1,1
74876,43,53,-10,10
74877,104,118,-14,14
74878,93,100,-7,7
74879,111,121,-10,10
74880,106,120,-14,14
74881,77,77,0,0
74882,74,70,4,4
74883,138,139,-1,1
74884,47,51,-4,4
74885,158,155,3,3
74886,111,115,-4,4
74887,84,87,-3,3
74888,129,133,-4,4
74889,76,81,-5,5
74890,84,82,2,2
74891,67,69,-2,2
74892,61,55,6,6
74893,107,102,5,5
74894,79,69,10,10
74895,112,122,-10,10
74896,53,56,-3,3
74897,84,83,1,1
74898,46,46,0,0
74899,115,110,5,5
74900,48,43,5,5
74901,51,54,-3,3
74902,73,85,-12,12
74903,81,104,-23,23
74904,53,58,-5,5
74905,144,140,4,4
74906,93,88,5,5
74907,63,75,-12,12
74908,47,47,0,0
74909,117,107,10,10
74910,172,130,42,42
74911,57,64,-7,7
74912,143,142,1,1
74913,108,116,-8,8
74914,140,133,7,7
74915,70,73,-3,3
74916,96,100,-4,4
74917,107,112,-5,5
74918,116,113,3,3
74919,120,121,-1,1
74920,60,51,9,9
74921,77,85,-8,8
74922,112,117,-5,5
74923,97,112,-15,15
74924,183,189,-6,6
74925,95,97,-2,2
74926,92,88,4,4
74927,76,89,-13,13
74928,99,103,-4,4
74929,85,80,5,5
74930,76,77,-1,1
74931,93,96,-3,3
74932,50,55,-5,5
74933,55,64,-9,9
74934,88,90,-2,2
74935,97,112,-15,15
74936,83,83,0,0
74937,54,51,3,3
74938,86,83,3,3
74939,77,86,-9,9
74940,282,330,-48,48
74941,136,128,8,8
74942,91,82,9,9
74943,150,162,-12,12
74944,66,70,-4,4
74945,71,80,-9,9
74946,87,85,2,2
74947,87,97,-10,10
74948,119,123,-4,4
74949,148,139,9,9
74950,117,114,3,3
74951,85,88,-3,3
74952,97,98,-1,1
74953,49,56,-7,7
74954,103,109,-6,6
74955,38,42,-4,4
74956,86,101,-15,15
74957,49,47,2,2
74958,103,102,1,1
74959,103,129,-26,26
74960,45,46,-1,1
74961,103,104,-1,1
74962,83,81,2,2
74963,95,89,6,6
74964,60,72,-12,12
74965,102,109,-7,7
74966,138,150,-12,12
74967,83,82,1,1
74968,95,104,-9,9
74969,96,99,-3,3
74970,150,155,-5,5
74971,53,51,2,2
74972,133,119,14,14
74973,45,50,-5,5
74974,50,52,-2,2
74975,35,85,-50,50
74976,103,98,5,5
74977,58,58,0,0
74978,72,78,-6,6
74979,100,110,-10,10
74980,95,89,6,6
74981,109,102,7,7
74982,57,67,-10,10
74983,68,85,-17,17
74984,89,89,0,0
74985,129,125,4,4
74986,118,118,0,0
74987,114,113,1,1
74988,112,109,3,3
74989,103,100,3,3
74990,95,99,-4,4
74991,130,141,-11,11
74992,95,85,10,10
74993,129,130,-1,1
74994,84,83,1,1
74995,103,111,-8,8
74996,146,142,4,4
74997,84,91,-7,7
74998,143,135,8,8
74999,84,91,-7,7
75000,69,78,-9,9
75001,94,105,-11,11
75002,56,74,-18,18
75003,133,136,-3,3
75004,49,63,-14,14
75005,58,54,4,4
75006,122,112,10,10
75007,117,117,0,0
75008,87,83,4,4
75009,113,115,-2,2
75010,60,61,-1,1
75011,65,64,1,1
75012,103,103,0,0
75013,152,140,12,12
75014,121,121,0,0
75015,119,117,2,2
75016,47,57,-10,10
75017,113,108,5,5
75018,101,105,-4,4
75019,73,82,-9,9
75020,88,100,-12,12
75021,156,143,13,13
75022,99,97,2,2
75023,86,88,-2,2
75024,101,107,-6,6
75025,91,91,0,0
75026,59,62,-3,3
75027,72,76,-4,4
75028,111,101,10,10
75029,108,109,-1,1
75030,78,81,-3,3
75031,63,70,-7,7
75032,97,103,-6,6
75033,76,77,-1,1
75034,94,109,-15,15
75035,83,82,1,1
75036,72,70,2,2
75037,113,101,12,12
75038,126,123,3,3
75039,86,99,-13,13
75040,67,61,6,6
75041,149,142,7,7
75042,89,84,5,5
75043,115,109,6,6
75044,111,102,9,9
75045,135,143,-8,8
75046,54,59,-5,5
75047,123,131,-8,8
75048,82,89,-7,7
75049,26,35,-9,9
75050,66,67,-1,1
75051,117,110,7,7
75052,135,147,-12,12
75053,70,67,3,3
75054,59,61,-2,2
75055,141,142,-1,1
75056,64,63,1,1
75057,126,129,-3,3
75058,97,98,-1,1
75059,54,54,0,0
75060,99,100,-1,1
75061,138,127,11,11
75062,130,137,-7,7
75063,111,94,17,17
75064,81,83,-2,2
75065,97,92,5,5
75066,146,146,0,0
75067,92,86,6,6
75068,68,54,14,14
75069,70,74,-4,4
75070,79,71,8,8
75071,57,66,-9,9
75072,70,61,9,9
75073,52,57,-5,5
75074,82,92,-10,10
75075,72,76,-4,4
75076,86,80,6,6
75077,124,114,10,10
75078,71,71,0,0
75079,75,59,16,16
75080,111,104,7,7
75081,85,78,7,7
75082,77,77,0,0
75083,116,120,-4,4
75084,121,133,-12,12
75085,63,59,4,4
75086,65,61,4,4
75087,92,98,-6,6
75088,115,113,2,2
75089,62,61,1,1
75090,90,87,3,3
75091,50,54,-4,4
75092,81,85,-4,4
75093,33,36,-3,3
75094,141,137,4,4
75095,51,55,-4,4
75096,32,44,-12,12
75097,89,107,-18,18
75098,117,118,-1,1
75099,97,104,-7,7
75100,92,84,8,8
75101,71,73,-2,2
75102,76,78,-2,2
75103,42,57,-15,15
75104,84,98,-14,14
75105,87,99,-12,12
75106,153,144,9,9
75107,91,91,0,0
75108,59,84,-25,25
75109,69,69,0,0
75110,109,102,7,7
75111,115,109,6,6
75112,169,169,0,0
75113,67,70,-3,3
75114,96,100,-4,4
75115,94,95,-1,1
75116,173,145,28,28
75117,96,92,4,4
75118,127,106,21,21
75119,58,59,-1,1
75120,69,67,2,2
75121,68,70,-2,2
75122,141,142,-1,1
75123,110,132,-22,22
75124,46,96,-50,50
75125,56,119,-63,63
75126,99,108,-9,9
75127,117,115,2,2
75128,53,57,-4,4
75129,92,97,-5,5
75130,100,116,-16,16
75131,100,89,11,11
75132,92,103,-11,11
75133,67,65,2,2
75134,148,134,14,14
75135,122,121,1,1
75136,162,156,6,6
75137,86,87,-1,1
75138,165,147,18,18
75139,106,99,7,7
75140,84,103,-19,19
75141,97,95,2,2
75142,61,60,1,1
75143,187,187,0,0
75144,153,163,-10,10
75145,57,63,-6,6
75146,101,104,-3,3
75147,154,129,25,25
75148,108,108,0,0
75149,55,52,3,3
75150,113,102,11,11
75151,55,52,3,3
75152,101,93,8,8
75153,91,98,-7,7
75154,89,88,1,1
75155,96,90,6,6
75156,52,66,-14,14
75157,54,58,-4,4
75158,69,71,-2,2
75159,95,110,-15,15
75160,88,82,6,6
75161,126,127,-1,1
75162,82,93,-11,11
75163,76,82,-6,6
75164,112,108,4,4
75165,117,114,3,3
75166,113,114,-1,1
75167,97,95,2,2
75168,98,100,-2,2
75169,83,80,3,3
75170,76,72,4,4
75171,80,77,3,3
75172,111,112,-1,1
75173,135,127,8,8
75174,62,68,-6,6
75175,140,141,-1,1
75176,68,70,-2,2
75177,141,144,-3,3
75178,53,64,-11,11
75179,140,142,-2,2
75180,74,71,3,3
75181,70,72,-2,2
75182,78,88,-10,10
75183,103,100,3,3
75184,97,100,-3,3
75185,75,77,-2,2
75186,143,145,-2,2
75187,163,156,7,7
75188,71,71,0,0
75189,58,57,1,1
75190,69,70,-1,1
75191,72,73,-1,1
75192,158,158,0,0
75193,93,106,-13,13
75194,80,81,-1,1
75195,142,133,9,9
75196,46,57,-11,11
75197,76,71,5,5
75198,129,166,-37,37
75199,82,81,1,1
75200,146,137,9,9
75201,93,89,4,4
75202,113,110,3,3
75203,142,148,-6,6
75204,72,70,2,2
75205,74,74,0,0
75206,88,109,-21,21
75207,105,117,-12,12
75208,110,120,-10,10
75209,83,81,2,2
75210,27,46,-19,19
75211,136,135,1,1
75212,81,81,0,0
75213,98,92,6,6
75214,120,118,2,2
75215,92,76,16,16
75216,145,143,2,2
75217,137,137,0,0
75218,103,111,-8,8
75219,121,135,-14,14
75220,54,68,-14,14
75221,112,111,1,1
75222,76,78,-2,2
75223,89,87,2,2
75224,160,125,35,35
75225,28,42,-14,14
75226,76,72,4,4
75227,165,162,3,3
75228,100,91,9,9
75229,152,142,10,10
75230,82,84,-2,2
75231,94,86,8,8
75232,60,65,-5,5
75233,125,125,0,0
75234,69,73,-4,4
75235,120,100,20,20
75236,91,89,2,2
75237,96,88,8,8
75238,45,48,-3,3
75239,56,59,-3,3
75240,76,75,1,1
75241,75,78,-3,3
75242,79,81,-2,2
75243,124,115,9,9
75244,106,101,5,5
75245,122,119,3,3
75246,51,59,-8,8
75247,69,70,-1,1
75248,85,94,-9,9
75249,115,149,-34,34
75250,115,109,6,6
75251,115,112,3,3
75252,60,70,-10,10
75253,76,78,-2,2
75254,32,38,-6,6
75255,79,81,-2,2
75256,44,45,-1,1
75257,58,61,-3,3
75258,130,126,4,4
75259,132,127,5,5
75260,79,80,-1,1
75261,92,99,-7,7
75262,144,142,2,2
75263,54,61,-7,7
75264,133,118,15,15
75265,64,77,-13,13
75266,92,97,-5,5
75267,156,153,3,3
75268,58,56,2,2
75269,82,71,11,11
75270,86,85,1,1
75271,173,168,5,5
75272,94,89,5,5
75273,60,68,-8,8
75274,108,106,2,2
75275,126,125,1,1
75276,56,59,-3,3
75277,98,103,-5,5
75278,92,82,10,10
75279,117,111,6,6
75280,52,45,7,7
75281,94,88,6,6
75282,78,76,2,2
75283,76,105,-29,29
75284,67,66,1,1
75285,124,129,-5,5
75286,128,128,0,0
75287,73,68,5,5
75288,62,60,2,2
75289,100,110,-10,10
75290,130,132,-2,2
75291,61,64,-3,3
75292,262,230,32,32
75293,60,61,-1,1
75294,102,113,-11,11
75295,57,55,2,2
75296,97,106,-9,9
75297,84,89,-5,5
75298,61,87,-26,26
75299,135,127,8,8
75300,104,85,19,19
75301,79,80,-1,1
75302,187,161,26,26
75303,62,61,1,1
75304,94,90,4,4
75305,94,108,-14,14
75306,94,88,6,6
75307,126,119,7,7
75308,126,113,13,13
75309,108,101,7,7
75310,60,50,10,10
75311,93,111,-18,18
75312,53,54,-1,1
75313,61,63,-2,2
75314,79,78,1,1
75315,74,72,2,2
75316,50,48,2,2
75317,75,57,18,18
75318,40,50,-10,10
75319,47,47,0,0
75320,78,81,-3,3
75321,51,58,-7,7
75322,97,102,-5,5
75323,54,54,0,0
75324,100,103,-3,3
75325,91,89,2,2
75326,48,55,-7,7
75327,46,45,1,1
75328,153,149,4,4
75329,123,123,0,0
75330,52,61,-9,9
75331,92,84,8,8
75332,71,80,-9,9
75333,141,128,13,13
75334,46,41,5,5
75335,72,78,-6,6
75336,84,80,4,4
75337,82,91,-9,9
75338,78,77,1,1
75339,77,71,6,6
75340,93,80,13,13
75341,47,55,-8,8
75342,67,70,-3,3
75343,67,68,-1,1
75344,113,105,8,8
75345,179,173,6,6
75346,95,102,-7,7
75347,164,160,4,4
75348,45,49,-4,4
75349,127,121,6,6
75350,118,125,-7,7
75351,96,90,6,6
75352,57,57,0,0
75353,151,149,2,2
75354,69,86,-17,17
75355,79,83,-4,4
75356,86,86,0,0
75357,186,183,3,3
75358,147,135,12,12
75359,109,113,-4,4
75360,97,87,10,10
75361,110,108,2,2
75362,69,65,4,4
75363,65,71,-6,6
75364,119,114,5,5
75365,58,67,-9,9
75366,77,74,3,3
75367,97,99,-2,2
75368,95,94,1,1
75369,123,127,-4,4
75370,107,131,-24,24
75371,117,116,1,1
75372,72,85,-13,13
75373,119,114,5,5
75374,103,101,2,2
75375,129,131,-2,2
75376,83,78,5,5
75377,248,254,-6,6
75378,93,82,11,11
75379,129,131,-2,2
75380,68,77,-9,9
75381,117,116,1,1
75382,87,89,-2,2
75383,118,115,3,3
75384,98,90,8,8
75385,103,111,-8,8
75386,69,70,-1,1
75387,110,108,2,2
75388,125,120,5,5
75389,113,112,1,1
75390,112,109,3,3
75391,81,75,6,6
75392,86,90,-4,4
75393,148,141,7,7
75394,102,99,3,3
75395,31,36,-5,5
75396,64,68,-4,4
75397,114,115,-1,1
75398,87,89,-2,2
75399,127,121,6,6
75400,91,101,-10,10
75401,74,70,4,4
75402,175,160,15,15
75403,223,180,43,43
75404,87,77,10,10
75405,67,66,1,1
75406,59,55,4,4
75407,104,91,13,13
75408,64,86,-22,22
75409,149,156,-7,7
75410,125,122,3,3
75411,45,47,-2,2
75412,93,100,-7,7
75413,86,89,-3,3
75414,80,76,4,4
75415,73,64,9,9
75416,92,83,9,9
75417,120,140,-20,20
75418,126,120,6,6
75419,73,76,-3,3
75420,54,60,-6,6
75421,65,68,-3,3
75422,100,100,0,0
75423,105,100,5,5
75424,85,79,6,6
75425,100,97,3,3
75426,81,88,-7,7
75427,67,69,-2,2
75428,174,170,4,4
75429,132,127,5,5
75430,127,106,21,21
75431,96,106,-10,10
75432,73,69,4,4
75433,86,84,2,2
75434,73,74,-1,1
75435,124,124,0,0
75436,75,74,1,1
75437,49,63,-14,14
75438,99,129,-30,30
75439,55,58,-3,3
75440,141,121,20,20
75441,62,69,-7,7
75442,75,74,1,1
75443,99,100,-1,1
75444,97,98,-1,1
75445,104,105,-1,1
75446,96,89,7,7
75447,122,122,0,0
75448,101,85,16,16
75449,109,115,-6,6
75450,111,113,-2,2
75451,99,91,8,8
75452,77,86,-9,9
75453,118,122,-4,4
75454,89,73,16,16
75455,75,83,-8,8
75456,59,61,-2,2
75457,57,68,-11,11
75458,99,91,8,8
75459,88,77,11,11
75460,106,101,5,5
75461,101,108,-7,7
75462,131,127,4,4
75463,127,127,0,0
75464,65,62,3,3
75465,101,95,6,6
75466,140,134,6,6
75467,122,121,1,1
75468,80,81,-1,1
75469,128,134,-6,6
75470,85,86,-1,1
75471,111,115,-4,4
75472,78,88,-10,10
75473,93,91,2,2
75474,42,45,-3,3
75475,66,55,11,11
75476,95,103,-8,8
75477,90,76,14,14
75478,100,108,-8,8
75479,82,81,1,1
75480,67,77,-10,10
75481,105,102,3,3
75482,110,106,4,4
75483,56,57,-1,1
75484,37,39,-2,2
75485,65,70,-5,5
75486,72,70,2,2
75487,106,109,-3,3
75488,99,98,1,1
75489,104,103,1,1
75490,87,90,-3,3
75491,76,84,-8,8
75492,53,49,4,4
75493,57,64,-7,7
75494,69,62,7,7
75495,83,79,4,4
75496,56,60,-4,4
75497,78,78,0,0
75498,95,110,-15,15
75499,78,78,0,0
75500,74,73,1,1
75501,82,106,-24,24
75502,95,90,5,5
75503,85,82,3,3
75504,63,68,-5,5
75505,124,124,0,0
75506,67,64,3,3
75507,112,113,-1,1
75508,94,96,-2,2
75509,69,68,1,1
75510,121,131,-10,10
75511,82,86,-4,4
75512,111,110,1,1
75513,126,129,-3,3
75514,74,70,4,4
75515,81,76,5,5
75516,100,105,-5,5
75517,148,138,10,10
75518,88,88,0,0
75519,70,67,3,3
75520,150,133,17,17
75521,88,84,4,4
75522,28,33,-5,5
75523,93,89,4,4
75524,96,108,-12,12
75525,90,88,2,2
75526,150,161,-11,11
75527,75,82,-7,7
75528,93,107,-14,14
75529,150,146,4,4
75530,123,103,20,20
75531,133,135,-2,2
75532,69,88,-19,19
75533,167,141,26,26
75534,46,40,6,6
75535,92,94,-2,2
75536,54,57,-3,3
75537,154,141,13,13
75538,45,50,-5,5
75539,137,133,4,4
75540,115,111,4,4
75541,99,88,11,11
75542,93,87,6,6
75543,83,79,4,4
75544,115,106,9,9
75545,23,54,-31,31
75546,92,93,-1,1
75547,85,89,-4,4
75548,80,74,6,6
75549,190,192,-2,2
75550,95,90,5,5
75551,153,131,22,22
75552,83,88,-5,5
75553,51,53,-2,2
75554,85,83,2,2
75555,85,90,-5,5
75556,59,69,-10,10
75557,172,158,14,14
75558,53,58,-5,5
75559,128,116,12,12
75560,72,74,-2,2
75561,130,122,8,8
75562,54,60,-6,6
75563,145,122,23,23
75564,94,103,-9,9
75565,111,111,0,0
75566,35,45,-10,10
75567,74,79,-5,5
75568,85,90,-5,5
75569,129,125,4,4
75570,49,56,-7,7
75571,56,65,-9,9
75572,99,99,0,0
75573,79,98,-19,19
75574,129,126,3,3
75575,74,76,-2,2
75576,78,86,-8,8
75577,70,73,-3,3
75578,157,174,-17,17
75579,98,102,-4,4
75580,66,71,-5,5
75581,75,79,-4,4
75582,76,73,3,3
75583,94,106,-12,12
75584,100,91,9,9
75585,50,50,0,0
75586,98,100,-2,2
75587,96,104,-8,8
75588,134,135,-1,1
75589,108,100,8,8
75590,212,207,5,5
75591,138,138,0,0
75592,88,84,4,4
75593,12,25,-13,13
75594,66,67,-1,1
75595,98,86,12,12
75596,110,108,2,2
75597,75,73,2,2
75598,146,150,-4,4
75599,176,190,-14,14
75600,91,85,6,6
75601,88,84,4,4
75602,51,52,-1,1
75603,190,176,14,14
75604,128,123,5,5
75605,74,75,-1,1
75606,83,88,-5,5
75607,64,61,3,3
75608,127,128,-1,1
75609,130,123,7,7
75610,95,87,8,8
75611,66,139,-73,73
75612,46,43,3,3
75613,79,82,-3,3
75614,110,109,1,1
75615,116,116,0,0
75616,68,75,-7,7
75617,70,86,-16,16
75618,59,73,-14,14
75619,107,92,15,15
75620,77,86,-9,9
75621,97,118,-21,21
75622,160,153,7,7
75623,130,145,-15,15
75624,60,61,-1,1
75625,104,102,2,2
75626,91,91,0,0
75627,89,103,-14,14
75628,49,56,-7,7
75629,155,153,2,2
75630,94,92,2,2
75631,146,147,-1,1
75632,87,98,-11,11
75633,127,124,3,3
75634,79,83,-4,4
75635,93,97,-4,4
75636,121,126,-5,5
75637,74,71,3,3
75638,113,114,-1,1
75639,163,149,14,14
75640,122,110,12,12
75641,118,124,-6,6
75642,56,62,-6,6
75643,129,120,9,9
75644,128,124,4,4
75645,159,146,13,13
75646,62,63,-1,1
75647,108,110,-2,2
75648,72,72,0,0
75649,79,82,-3,3
75650,166,164,2,2
75651,62,73,-11,11
75652,144,148,-4,4
75653,129,125,4,4
75654,72,71,1,1
75655,93,86,7,7
75656,86,100,-14,14
75657,126,123,3,3
75658,86,85,1,1
75659,87,85,2,2
75660,183,177,6,6
75661,68,70,-2,2
75662,80,77,3,3
75663,63,72,-9,9
75664,61,67,-6,6
75665,103,106,-3,3
75666,46,50,-4,4
75667,107,101,6,6
75668,127,128,-1,1
75669,89,86,3,3
75670,104,106,-2,2
75671,82,87,-5,5
75672,114,120,-6,6
75673,82,80,2,2
75674,109,115,-6,6
75675,105,106,-1,1
75676,67,71,-4,4
75677,64,65,-1,1
75678,109,108,1,1
75679,50,53,-3,3
75680,49,52,-3,3
75681,89,92,-3,3
75682,163,157,6,6
75683,64,71,-7,7
75684,180,166,14,14
75685,73,124,-51,51
75686,155,148,7,7
75687,106,106,0,0
75688,102,99,3,3
75689,142,143,-1,1
75690,62,64,-2,2
75691,93,99,-6,6
75692,125,107,18,18
75693,71,72,-1,1
75694,62,72,-10,10
75695,129,126,3,3
75696,109,122,-13,13
75697,174,168,6,6
75698,103,108,-5,5
75699,124,115,9,9
75700,74,78,-4,4
75701,96,91,5,5
75702,112,110,2,2
75703,78,81,-3,3
75704,59,60,-1,1
75705,54,59,-5,5
75706,86,82,4,4
75707,99,114,-15,15
75708,120,137,-17,17
75709,134,126,8,8
75710,141,132,9,9
75711,99,105,-6,6
75712,92,96,-4,4
75713,121,118,3,3
75714,74,71,3,3
75715,101,91,10,10
75716,14,95,-81,81
75717,80,74,6,6
75718,88,79,9,9
75719,60,69,-9,9
75720,112,116,-4,4
75721,153,136,17,17
75722,108,105,3,3
75723,98,102,-4,4
75724,78,95,-17,17
75725,115,144,-29,29
75726,71,68,3,3
75727,129,130,-1,1
75728,56,62,-6,6
75729,68,67,1,1
75730,80,80,0,0
75731,110,123,-13,13
75732,86,99,-13,13
75733,139,136,3,3
75734,125,121,4,4
75735,73,75,-2,2
75736,122,115,7,7
75737,99,104,-5,5
75738,78,75,3,3
75739,150,139,11,11
75740,112,95,17,17
75741,95,100,-5,5
75742,85,82,3,3
75743,67,73,-6,6
75744,91,87,4,4
75745,110,103,7,7
75746,88,74,14,14
75747,115,131,-16,16
75748,78,80,-2,2
75749,89,102,-13,13
75750,71,71,0,0
75751,65,61,4,4
75752,67,79,-12,12
75753,144,131,13,13
75754,98,104,-6,6
75755,78,76,2,2
75756,130,136,-6,6
75757,75,77,-2,2
75758,83,79,4,4
75759,72,70,2,2
75760,106,105,1,1
75761,44,46,-2,2
75762,108,108,0,0
75763,80,70,10,10
75764,98,107,-9,9
75765,97,98,-1,1
75766,124,136,-12,12
75767,96,85,11,11
75768,71,74,-3,3
75769,118,123,-5,5
75770,115,110,5,5
75771,88,86,2,2
75772,104,103,1,1
75773,75,69,6,6
75774,115,110,5,5
75775,94,83,11,11
75776,97,101,-4,4
75777,71,74,-3,3
75778,73,85,-12,12
75779,64,70,-6,6
75780,61,65,-4,4
75781,46,47,-1,1
75782,81,79,2,2
75783,56,61,-5,5
75784,99,100,-1,1
75785,131,141,-10,10
75786,75,86,-11,11
75787,74,69,5,5
75788,111,110,1,1
75789,136,134,2,2
75790,81,78,3,3
75791,50,56,-6,6
75792,95,97,-2,2
75793,108,119,-11,11
75794,62,109,-47,47
75795,78,77,1,1
75796,92,89,3,3
75797,42,47,-5,5
75798,102,107,-5,5
75799,104,109,-5,5
75800,55,66,-11,11
75801,69,76,-7,7
75802,90,89,1,1
75803,63,63,0,0
75804,101,105,-4,4
75805,43,50,-7,7
75806,69,76,-7,7
75807,109,109,0,0
75808,142,146,-4,4
75809,140,134,6,6
75810,67,70,-3,3
75811,62,65,-3,3
75812,114,106,8,8
75813,107,108,-1,1
75814,85,102,-17,17
75815,167,163,4,4
75816,163,167,-4,4
75817,85,89,-4,4
75818,73,81,-8,8
75819,109,103,6,6
75820,61,66,-5,5
75821,77,82,-5,5
75822,207,181,26,26
75823,99,101,-2,2
75824,182,168,14,14
75825,99,100,-1,1
75826,83,86,-3,3
75827,75,79,-4,4
75828,139,138,1,1
75829,47,46,1,1
75830,65,80,-15,15
75831,143,119,24,24
75832,73,78,-5,5
75833,79,83,-4,4
75834,85,79,6,6
75835,88,91,-3,3
75836,141,134,7,7
75837,71,95,-24,24
75838,96,92,4,4
75839,153,148,5,5
75840,133,122,11,11
75841,80,86,-6,6
75842,171,175,-4,4
75843,125,133,-8,8
75844,91,87,4,4
75845,61,63,-2,2
75846,131,120,11,11
75847,136,118,18,18
75848,58,59,-1,1
75849,93,90,3,3
75850,88,88,0,0
75851,68,70,-2,2
75852,129,131,-2,2
75853,127,115,12,12
75854,98,145,-47,47
75855,87,87,0,0
75856,84,86,-2,2
75857,51,82,-31,31
75858,72,72,0,0
75859,144,140,4,4
75860,96,99,-3,3
75861,61,59,2,2
75862,86,83,3,3
75863,78,75,3,3
75864,51,57,-6,6
75865,151,147,4,4
75866,109,105,4,4
75867,108,117,-9,9
75868,80,77,3,3
75869,67,60,7,7
75870,125,140,-15,15
75871,75,72,3,3
75872,176,174,2,2
75873,105,110,-5,5
75874,82,88,-6,6
75875,146,145,1,1
75876,49,90,-41,41
75877,68,84,-16,16
75878,119,123,-4,4
75879,40,40,0,0
75880,118,119,-1,1
75881,65,66,-1,1
75882,92,103,-11,11
75883,69,66,3,3
75884,110,107,3,3
75885,94,90,4,4
75886,152,176,-24,24
75887,118,120,-2,2
75888,72,74,-2,2
75889,141,133,8,8
75890,43,49,-6,6
75891,122,116,6,6
75892,73,73,0,0
75893,92,96,-4,4
75894,101,115,-14,14
75895,66,68,-2,2
75896,70,65,5,5
75897,43,49,-6,6
75898,84,75,9,9
75899,83,100,-17,17
75900,71,70,1,1
75901,97,86,11,11
75902,116,114,2,2
75903,107,117,-10,10
75904,152,148,4,4
75905,130,149,-19,19
75906,49,48,1,1
75907,111,108,3,3
75908,124,111,13,13
75909,75,73,2,2
75910,112,131,-19,19
75911,111,119,-8,8
75912,97,99,-2,2
75913,47,46,1,1
75914,114,102,12,12
75915,107,112,-5,5
75916,93,97,-4,4
75917,107,107,0,0
75918,114,112,2,2
75919,124,133,-9,9
75920,133,121,12,12
75921,64,65,-1,1
75922,80,82,-2,2
75923,155,143,12,12
75924,98,108,-10,10
75925,82,70,12,12
75926,50,57,-7,7
75927,64,63,1,1
75928,97,104,-7,7
75929,123,114,9,9
75930,46,54,-8,8
75931,78,73,5,5
75932,122,121,1,1
75933,181,170,11,11
75934,64,70,-6,6
75935,56,60,-4,4
75936,72,80,-8,8
75937,141,133,8,8
75938,126,120,6,6
75939,71,65,6,6
75940,81,72,9,9
75941,137,129,8,8
75942,91,91,0,0
75943,117,111,6,6
75944,160,160,0,0
75945,101,89,12,12
75946,55,65,-10,10
75947,104,109,-5,5
75948,72,74,-2,2
75949,165,160,5,5
75950,74,72,2,2
75951,72,75,-3,3
75952,138,118,20,20
75953,87,87,0,0
75954,66,65,1,1
75955,78,80,-2,2
75956,80,76,4,4
75957,111,117,-6,6
75958,132,129,3,3
75959,70,73,-3,3
75960,96,95,1,1
75961,127,126,1,1
75962,121,120,1,1
75963,57,57,0,0
75964,203,195,8,8
75965,94,90,4,4
75966,81,99,-18,18
75967,52,56,-4,4
75968,150,138,12,12
75969,83,114,-31,31
75970,99,88,11,11
75971,64,65,-1,1
75972,79,77,2,2
75973,81,85,-4,4
75974,47,52,-5,5
75975,54,60,-6,6
75976,152,143,9,9
75977,44,50,-6,6
75978,87,87,0,0
75979,161,151,10,10
75980,83,84,-1,1
75981,75,77,-2,2
75982,111,120,-9,9
75983,60,59,1,1
75984,98,92,6,6
75985,74,82,-8,8
75986,81,76,5,5
75987,113,115,-2,2
75988,110,105,5,5
75989,84,86,-2,2
75990,57,58,-1,1
75991,70,70,0,0
75992,175,159,16,16
75993,95,101,-6,6
75994,94,93,1,1
75995,107,105,2,2
75996,75,79,-4,4
75997,85,97,-12,12
75998,162,143,19,19
75999,93,97,-4,4
76000,73,77,-4,4
76001,86,89,-3,3
76002,179,172,7,7
76003,202,195,7,7
76004,98,103,-5,5
76005,85,89,-4,4
76006,37,48,-11,11
76007,121,116,5,5
76008,128,116,12,12
76009,87,99,-12,12
76010,141,147,-6,6
76011,70,63,7,7
76012,151,157,-6,6
76013,116,118,-2,2
76014,81,78,3,3
76015,81,76,5,5
76016,89,91,-2,2
76017,124,106,18,18
76018,94,98,-4,4
76019,56,67,-11,11
76020,151,144,7,7
76021,157,150,7,7
76022,70,75,-5,5
76023,154,151,3,3
76024,130,127,3,3
76025,121,117,4,4
76026,119,126,-7,7
76027,94,101,-7,7
76028,62,74,-12,12
76029,99,96,3,3
76030,82,75,7,7
76031,145,145,0,0
76032,107,122,-15,15
76033,107,111,-4,4
76034,128,121,7,7
76035,52,57,-5,5
76036,103,102,1,1
76037,70,72,-2,2
76038,161,159,2,2
76039,74,77,-3,3
76040,70,68,2,2
76041,114,106,8,8
76042,150,151,-1,1
76043,105,121,-16,16
76044,119,128,-9,9
76045,71,78,-7,7
76046,102,100,2,2
76047,43,54,-11,11
76048,84,86,-2,2
76049,70,77,-7,7
76050,82,81,1,1
76051,74,68,6,6
76052,98,102,-4,4
76053,55,58,-3,3
76054,110,111,-1,1
76055,145,152,-7,7
76056,80,79,1,1
76057,137,124,13,13
76058,77,90,-13,13
76059,80,73,7,7
76060,73,67,6,6
76061,83,77,6,6
76062,100,92,8,8
76063,85,84,1,1
76064,101,106,-5,5
76065,79,81,-2,2
76066,89,100,-11,11
76067,60,65,-5,5
76068,112,97,15,15
76069,173,169,4,4
76070,60,60,0,0
76071,41,42,-1,1
76072,57,65,-8,8
76073,88,91,-3,3
76074,101,98,3,3
76075,82,72,10,10
76076,100,100,0,0
76077,85,87,-2,2
76078,117,103,14,14
76079,83,87,-4,4
76080,162,146,16,16
76081,59,60,-1,1
76082,127,120,7,7
76083,170,156,14,14
76084,114,107,7,7
76085,111,110,1,1
76086,44,48,-4,4
76087,91,100,-9,9
76088,76,81,-5,5
76089,64,71,-7,7
76090,67,65,2,2
76091,135,129,6,6
76092,75,78,-3,3
76093,110,107,3,3
76094,84,81,3,3
76095,77,72,5,5
76096,97,102,-5,5
76097,85,92,-7,7
76098,61,59,2,2
76099,86,85,1,1
76100,75,73,2,2
76101,83,114,-31,31
76102,168,164,4,4
76103,97,101,-4,4
76104,64,68,-4,4
76105,126,117,9,9
76106,85,89,-4,4
76107,111,116,-5,5
76108,87,83,4,4
76109,101,116,-15,15
76110,162,116,46,46
76111,143,145,-2,2
76112,123,117,6,6
76113,82,79,3,3
76114,101,100,1,1
76115,92,105,-13,13
76116,87,101,-14,14
76117,93,83,10,10
76118,100,110,-10,10
76119,92,86,6,6
76120,85,75,10,10
76121,49,49,0,0
76122,79,93,-14,14
76123,58,59,-1,1
76124,85,90,-5,5
76125,61,61,0,0
76126,140,138,2,2
76127,127,134,-7,7
76128,152,149,3,3
76129,67,63,4,4
76130,64,65,-1,1
76131,136,135,1,1
76132,74,72,2,2
76133,100,91,9,9
76134,158,142,16,16
76135,80,86,-6,6
76136,88,87,1,1
76137,110,119,-9,9
76138,74,68,6,6
76139,116,124,-8,8
76140,82,79,3,3
76141,117,112,5,5
76142,81,80,1,1
76143,74,76,-2,2
76144,104,106,-2,2
76145,147,135,12,12
76146,82,80,2,2
76147,50,51,-1,1
76148,180,165,15,15
76149,182,185,-3,3
76150,63,76,-13,13
76151,190,164,26,26
76152,122,140,-18,18
76153,99,92,7,7
76154,66,71,-5,5
76155,53,70,-17,17
76156,63,66,-3,3
76157,125,137,-12,12
76158,112,106,6,6
76159,85,89,-4,4
76160,56,60,-4,4
76161,85,83,2,2
76162,70,80,-10,10
76163,83,89,-6,6
76164,135,135,0,0
76165,57,55,2,2
76166,84,82,2,2
76167,90,106,-16,16
76168,59,67,-8,8
76169,77,73,4,4
76170,64,62,2,2
76171,99,104,-5,5
76172,109,106,3,3
76173,97,103,-6,6
76174,92,86,6,6
76175,87,92,-5,5
76176,42,46,-4,4
76177,74,86,-12,12
76178,162,181,-19,19
76179,125,114,11,11
76180,178,180,-2,2
76181,98,110,-12,12
76182,89,99,-10,10
76183,72,71,1,1
76184,78,77,1,1
76185,53,62,-9,9
76186,85,78,7,7
76187,122,121,1,1
76188,101,109,-8,8
76189,81,80,1,1
76190,128,98,30,30
76191,98,103,-5,5
76192,154,164,-10,10
76193,122,128,-6,6
76194,63,62,1,1
76195,83,89,-6,6
76196,98,101,-3,3
76197,70,72,-2,2
76198,89,103,-14,14
76199,111,121,-10,10
76200,44,58,-14,14
76201,48,57,-9,9
76202,104,104,0,0
76203,106,107,-1,1
76204,148,130,18,18
76205,128,131,-3,3
76206,118,117,1,1
76207,105,93,12,12
76208,141,150,-9,9
76209,115,105,10,10
76210,161,156,5,5
76211,71,96,-25,25
76212,149,142,7,7
76213,77,80,-3,3
76214,117,113,4,4
76215,119,118,1,1
76216,116,108,8,8
76217,88,89,-1,1
76218,107,109,-2,2
76219,72,82,-10,10
76220,137,154,-17,17
76221,122,127,-5,5
76222,126,123,3,3
76223,50,56,-6,6
76224,119,107,12,12
76225,79,74,5,5
76226,124,130,-6,6
76227,128,130,-2,2
76228,132,120,12,12
76229,90,88,2,2
76230,95,99,-4,4
76231,97,88,9,9
76232,63,68,-5,5
76233,109,106,3,3
76234,133,143,-10,10
76235,104,106,-2,2
76236,35,71,-36,36
76237,72,75,-3,3
76238,65,72,-7,7
76239,120,113,7,7
76240,135,157,-22,22
76241,130,121,9,9
76242,137,138,-1,1
76243,81,79,2,2
76244,83,86,-3,3
76245,51,58,-7,7
76246,77,82,-5,5
76247,116,110,6,6
76248,72,77,-5,5
76249,97,105,-8,8
76250,78,73,5,5
76251,63,64,-1,1
76252,130,134,-4,4
76253,158,156,2,2
76254,75,81,-6,6
76255,76,75,1,1
76256,101,101,0,0
76257,44,53,-9,9
76258,74,72,2,2
76259,98,90,8,8
76260,134,140,-6,6
76261,104,102,2,2
76262,88,87,1,1
76263,179,175,4,4
76264,46,56,-10,10
76265,141,141,0,0
76266,91,81,10,10
76267,72,74,-2,2
76268,82,81,1,1
76269,73,75,-2,2
76270,139,134,5,5
76271,124,122,2,2
76272,100,94,6,6
76273,98,98,0,0
76274,80,82,-2,2
76275,97,117,-20,20
76276,62,68,-6,6
76277,136,134,2,2
76278,93,88,5,5
76279,104,106,-2,2
76280,158,155,3,3
76281,105,102,3,3
76282,82,68,14,14
76283,150,146,4,4
76284,161,149,12,12
76285,68,67,1,1
76286,97,101,-4,4
76287,106,104,2,2
76288,75,73,2,2
76289,95,98,-3,3
76290,84,83,1,1
76291,144,132,12,12
76292,115,119,-4,4
76293,45,54,-9,9
76294,99,99,0,0
76295,91,89,2,2
76296,75,70,5,5
76297,134,120,14,14
76298,69,67,2,2
76299,74,73,1,1
76300,53,57,-4,4
76301,74,78,-4,4
76302,95,98,-3,3
76303,54,60,-6,6
76304,96,97,-1,1
76305,93,90,3,3
76306,108,110,-2,2
76307,104,116,-12,12
76308,80,79,1,1
76309,87,78,9,9
76310,98,107,-9,9
76311,60,65,-5,5
76312,65,68,-3,3
76313,75,83,-8,8
76314,80,90,-10,10
76315,81,92,-11,11
76316,123,117,6,6
76317,89,100,-11,11
76318,142,140,2,2
76319,64,60,4,4
76320,100,108,-8,8
76321,45,53,-8,8
76322,118,110,8,8
76323,73,75,-2,2
76324,74,76,-2,2
76325,102,106,-4,4
76326,66,78,-12,12
76327,120,126,-6,6
76328,57,59,-2,2
76329,149,134,15,15
76330,131,134,-3,3
76331,81,78,3,3
76332,61,61,0,0
76333,89,89,0,0
76334,66,64,2,2
76335,64,66,-2,2
76336,76,81,-5,5
76337,124,120,4,4
76338,48,60,-12,12
76339,68,68,0,0
76340,100,106,-6,6
76341,96,99,-3,3
76342,50,52,-2,2
76343,85,91,-6,6
76344,85,86,-1,1
76345,61,66,-5,5
76346,91,82,9,9
76347,72,71,1,1
76348,129,117,12,12
76349,104,101,3,3
76350,54,66,-12,12
76351,53,56,-3,3
76352,105,115,-10,10
76353,91,108,-17,17
76354,66,75,-9,9
76355,59,62,-3,3
76356,118,117,1,1
76357,109,118,-9,9
76358,63,67,-4,4
76359,63,56,7,7
76360,68,66,2,2
76361,166,178,-12,12
76362,84,78,6,6
76363,66,63,3,3
76364,100,113,-13,13
76365,104,100,4,4
76366,65,66,-1,1
76367,57,62,-5,5
76368,99,100,-1,1
76369,96,116,-20,20
76370,71,70,1,1
76371,57,63,-6,6
76372,105,115,-10,10
76373,88,84,4,4
76374,54,59,-5,5
76375,181,164,17,17
76376,100,101,-1,1
76377,103,104,-1,1
76378,138,128,10,10
76379,65,72,-7,7
76380,71,75,-4,4
76381,70,70,0,0
76382,72,71,1,1
76383,66,63,3,3
76384,79,80,-1,1
76385,169,168,1,1
76386,129,122,7,7
76387,129,109,20,20
76388,63,62,1,1
76389,92,89,3,3
76390,109,114,-5,5
76391,58,63,-5,5
76392,108,103,5,5
76393,107,100,7,7
76394,162,155,7,7
76395,57,58,-1,1
76396,109,119,-10,10
76397,86,87,-1,1
76398,91,86,5,5
76399,89,81,8,8
76400,93,101,-8,8
76401,70,70,0,0
76402,73,73,0,0
76403,71,69,2,2
76404,59,55,4,4
76405,166,167,-1,1
76406,71,63,8,8
76407,71,63,8,8
76408,132,119,13,13
76409,103,111,-8,8
76410,114,107,7,7
76411,103,111,-8,8
76412,98,100,-2,2
76413,92,83,9,9
76414,102,109,-7,7
76415,113,121,-8,8
76416,130,155,-25,25
76417,56,65,-9,9
76418,127,123,4,4
76419,53,71,-18,18
76420,129,125,4,4
76421,93,96,-3,3
76422,133,123,10,10
76423,93,91,2,2
76424,92,93,-1,1
76425,45,55,-10,10
76426,96,87,9,9
76427,104,128,-24,24
76428,65,65,0,0
76429,114,109,5,5
76430,52,54,-2,2
76431,80,82,-2,2
76432,135,131,4,4
76433,78,113,-35,35
76434,69,67,2,2
76435,61,60,1,1
76436,75,70,5,5
76437,131,134,-3,3
76438,108,117,-9,9
76439,96,93,3,3
76440,178,165,13,13
76441,171,174,-3,3
76442,81,77,4,4
76443,91,87,4,4
76444,69,76,-7,7
76445,146,140,6,6
76446,111,100,11,11
76447,65,67,-2,2
76448,86,83,3,3
76449,79,95,-16,16
76450,108,100,8,8
76451,94,95,-1,1
76452,107,107,0,0
76453,100,98,2,2
76454,121,113,8,8
76455,144,154,-10,10
76456,66,69,-3,3
76457,40,47,-7,7
76458,99,104,-5,5
76459,32,44,-12,12
76460,69,68,1,1
76461,145,141,4,4
76462,76,81,-5,5
76463,85,83,2,2
76464,53,57,-4,4
76465,27,36,-9,9
76466,55,66,-11,11
76467,41,39,2,2
76468,57,62,-5,5
76469,83,66,17,17
76470,77,74,3,3
76471,85,99,-14,14
76472,118,109,9,9
76473,55,62,-7,7
76474,62,61,1,1
76475,111,110,1,1
76476,108,107,1,1
76477,89,93,-4,4
76478,97,90,7,7
76479,94,103,-9,9
76480,61,63,-2,2
76481,82,90,-8,8
76482,83,87,-4,4
76483,140,123,17,17
76484,152,134,18,18
76485,86,80,6,6
76486,33,41,-8,8
76487,88,87,1,1
76488,71,69,2,2
76489,97,116,-19,19
76490,81,87,-6,6
76491,129,125,4,4
76492,55,60,-5,5
76493,122,126,-4,4
76494,103,114,-11,11
76495,98,92,6,6
76496,89,85,4,4
76497,87,83,4,4
76498,79,85,-6,6
76499,98,110,-12,12
76500,49,54,-5,5
76501,82,81,1,1
76502,120,122,-2,2
76503,108,109,-1,1
76504,169,157,12,12
76505,161,159,2,2
76506,134,141,-7,7
76507,96,102,-6,6
76508,56,51,5,5
76509,101,108,-7,7
76510,86,97,-11,11
76511,82,83,-1,1
76512,85,93,-8,8
76513,79,76,3,3
76514,78,82,-4,4
76515,105,97,8,8
76516,142,137,5,5
76517,65,74,-9,9
76518,57,63,-6,6
76519,81,82,-1,1
76520,139,113,26,26
76521,84,79,5,5
76522,81,82,-1,1
76523,154,135,19,19
76524,147,137,10,10
76525,153,143,10,10
76526,73,77,-4,4
76527,141,138,3,3
76528,43,49,-6,6
76529,101,101,0,0
76530,42,49,-7,7
76531,78,80,-2,2
76532,97,113,-16,16
76533,65,72,-7,7
76534,58,63,-5,5
76535,79,88,-9,9
76536,95,98,-3,3
76537,105,121,-16,16
76538,37,47,-10,10
76539,82,89,-7,7
76540,130,127,3,3
76541,99,111,-12,12
76542,125,104,21,21
76543,51,63,-12,12
76544,87,86,1,1
76545,147,152,-5,5
76546,61,62,-1,1
76547,122,124,-2,2
76548,70,78,-8,8
76549,81,74,7,7
76550,93,91,2,2
76551,136,136,0,0
76552,61,67,-6,6
76553,75,84,-9,9
76554,118,107,11,11
76555,110,115,-5,5
76556,153,161,-8,8
76557,57,57,0,0
76558,128,118,10,10
76559,118,110,8,8
76560,81,91,-10,10
76561,82,79,3,3
76562,126,125,1,1
76563,110,109,1,1
76564,91,98,-7,7
76565,106,87,19,19
76566,92,87,5,5
76567,74,81,-7,7
76568,119,118,1,1
76569,47,54,-7,7
76570,81,90,-9,9
76571,101,94,7,7
76572,91,88,3,3
76573,68,72,-4,4
76574,119,116,3,3
76575,90,88,2,2
76576,104,108,-4,4
76577,80,84,-4,4
76578,84,89,-5,5
76579,132,121,11,11
76580,32,68,-36,36
76581,139,134,5,5
76582,85,81,4,4
76583,83,81,2,2
76584,55,60,-5,5
76585,98,110,-12,12
76586,177,176,1,1
76587,81,85,-4,4
76588,90,100,-10,10
76589,133,123,10,10
76590,85,67,18,18
76591,58,55,3,3
76592,133,130,3,3
76593,81,79,2,2
76594,149,138,11,11
76595,107,106,1,1
76596,113,99,14,14
76597,108,100,8,8
76598,93,86,7,7
76599,100,90,10,10
76600,66,72,-6,6
76601,109,103,6,6
76602,77,89,-12,12
76603,208,178,30,30
76604,79,88,-9,9
76605,74,69,5,5
76606,74,73,1,1
76607,131,125,6,6
76608,127,116,11,11
76609,77,77,0,0
76610,100,81,19,19
76611,82,113,-31,31
76612,100,109,-9,9
76613,65,71,-6,6
76614,97,105,-8,8
76615,146,133,13,13
76616,99,87,12,12
76617,117,109,8,8
76618,71,74,-3,3
76619,60,57,3,3
76620,75,77,-2,2
76621,46,45,1,1
76622,121,109,12,12
76623,55,56,-1,1
76624,119,125,-6,6
76625,178,171,7,7
76626,131,128,3,3
76627,123,120,3,3
76628,99,100,-1,1
76629,164,154,10,10
76630,69,73,-4,4
76631,55,56,-1,1
76632,148,151,-3,3
76633,67,64,3,3
76634,138,137,1,1
76635,115,109,6,6
76636,134,126,8,8
76637,91,102,-11,11
76638,94,91,3,3
76639,114,109,5,5
76640,92,90,2,2
76641,98,103,-5,5
76642,41,38,3,3
76643,49,59,-10,10
76644,59,66,-7,7
76645,90,87,3,3
76646,165,154,11,11
76647,53,55,-2,2
76648,67,68,-1,1
76649,77,73,4,4
76650,87,84,3,3
76651,65,66,-1,1
76652,133,131,2,2
76653,98,99,-1,1
76654,103,105,-2,2
76655,85,83,2,2
76656,153,146,7,7
76657,85,76,9,9
76658,126,133,-7,7
76659,102,114,-12,12
76660,115,114,1,1
76661,78,88,-10,10
76662,152,157,-5,5
76663,72,73,-1,1
76664,65,66,-1,1
76665,71,71,0,0
76666,134,137,-3,3
76667,104,107,-3,3
76668,54,63,-9,9
76669,133,124,9,9
76670,99,85,14,14
76671,69,71,-2,2
76672,169,167,2,2
76673,94,100,-6,6
76674,106,113,-7,7
76675,86,89,-3,3
76676,107,105,2,2
76677,52,57,-5,5
76678,71,76,-5,5
76679,87,82,5,5
76680,155,164,-9,9
76681,58,63,-5,5
76682,144,133,11,11
76683,111,107,4,4
76684,90,89,1,1
76685,74,63,11,11
76686,100,90,10,10
76687,112,112,0,0
76688,117,118,-1,1
76689,48,90,-42,42
76690,107,99,8,8
76691,144,141,3,3
76692,86,78,8,8
76693,101,93,8,8
76694,94,97,-3,3
76695,129,118,11,11
76696,132,131,1,1
76697,61,63,-2,2
76698,103,112,-9,9
76699,104,100,4,4
76700,135,118,17,17
76701,76,80,-4,4
76702,112,118,-6,6
76703,114,99,15,15
76704,69,64,5,5
76705,92,81,11,11
76706,80,80,0,0
76707,139,127,12,12
76708,76,73,3,3
76709,71,65,6,6
76710,100,104,-4,4
76711,106,100,6,6
76712,145,139,6,6
76713,76,85,-9,9
76714,92,100,-8,8
76715,49,47,2,2
76716,110,107,3,3
76717,92,98,-6,6
76718,173,146,27,27
76719,98,99,-1,1
76720,175,153,22,22
76721,75,86,-11,11
76722,103,90,13,13
76723,111,126,-15,15
76724,215,213,2,2
76725,131,126,5,5
76726,67,74,-7,7
76727,127,139,-12,12
76728,72,74,-2,2
76729,43,69,-26,26
76730,65,68,-3,3
76731,69,69,0,0
76732,149,155,-6,6
76733,75,70,5,5
76734,81,82,-1,1
76735,76,66,10,10
76736,53,63,-10,10
76737,79,89,-10,10
76738,152,141,11,11
76739,97,102,-5,5
76740,48,53,-5,5
76741,107,111,-4,4
76742,118,120,-2,2
76743,78,75,3,3
76744,98,100,-2,2
76745,121,114,7,7
76746,108,104,4,4
76747,59,60,-1,1
76748,95,102,-7,7
76749,98,103,-5,5
76750,71,70,1,1
76751,76,75,1,1
76752,100,111,-11,11
76753,70,69,1,1
76754,71,66,5,5
76755,94,74,20,20
76756,86,89,-3,3
76757,102,110,-8,8
76758,106,106,0,0
76759,74,82,-8,8
76760,49,57,-8,8
76761,103,95,8,8
76762,70,75,-5,5
76763,168,169,-1,1
76764,66,71,-5,5
76765,128,132,-4,4
76766,110,109,1,1
76767,82,74,8,8
76768,92,84,8,8
76769,187,183,4,4
76770,101,118,-17,17
76771,47,51,-4,4
76772,72,73,-1,1
76773,77,78,-1,1
76774,30,36,-6,6
76775,124,127,-3,3
76776,218,193,25,25
76777,110,116,-6,6
76778,106,114,-8,8
76779,133,120,13,13
76780,88,73,15,15
76781,58,62,-4,4
76782,184,166,18,18
76783,152,134,18,18
76784,87,96,-9,9
76785,167,152,15,15
76786,93,101,-8,8
76787,130,113,17,17
76788,96,87,9,9
76789,119,125,-6,6
76790,81,79,2,2
76791,52,54,-2,2
76792,66,64,2,2
76793,102,111,-9,9
76794,76,74,2,2
76795,117,107,10,10
76796,98,98,0,0
76797,81,85,-4,4
76798,99,108,-9,9
76799,81,77,4,4
76800,64,71,-7,7
76801,139,143,-4,4
76802,84,87,-3,3
76803,68,68,0,0
76804,42,47,-5,5
76805,73,67,6,6
76806,158,120,38,38
76807,101,107,-6,6
76808,122,116,6,6
76809,76,87,-11,11
76810,129,155,-26,26
76811,99,90,9,9
76812,71,66,5,5
76813,80,81,-1,1
76814,141,129,12,12
76815,48,49,-1,1
76816,146,137,9,9
76817,83,86,-3,3
76818,102,104,-2,2
76819,87,85,2,2
76820,83,78,5,5
76821,63,73,-10,10
76822,89,89,0,0
76823,142,134,8,8
76824,90,100,-10,10
76825,97,98,-1,1
76826,130,126,4,4
76827,88,86,2,2
76828,146,150,-4,4
76829,118,109,9,9
76830,124,122,2,2
76831,108,119,-11,11
76832,53,60,-7,7
76833,78,78,0,0
76834,54,57,-3,3
76835,121,113,8,8
76836,105,118,-13,13
76837,47,61,-14,14
76838,58,57,1,1
76839,126,117,9,9
76840,165,146,19,19
76841,118,114,4,4
76842,54,59,-5,5
76843,98,94,4,4
76844,39,37,2,2
76845,88,98,-10,10
76846,85,95,-10,10
76847,92,105,-13,13
76848,101,104,-3,3
76849,69,78,-9,9
76850,70,66,4,4
76851,57,95,-38,38
76852,89,88,1,1
76853,165,161,4,4
76854,88,88,0,0
76855,142,133,9,9
76856,109,117,-8,8
76857,105,106,-1,1
76858,94,100,-6,6
76859,124,123,1,1
76860,119,116,3,3
76861,41,43,-2,2
76862,102,103,-1,1
76863,90,74,16,16
76864,126,130,-4,4
76865,59,75,-16,16
76866,74,73,1,1
76867,104,112,-8,8
76868,101,103,-2,2
76869,102,102,0,0
76870,123,128,-5,5
76871,90,91,-1,1
76872,85,81,4,4
76873,85,99,-14,14
76874,57,59,-2,2
76875,73,75,-2,2
76876,73,79,-6,6
76877,106,112,-6,6
76878,47,45,2,2
76879,91,100,-9,9
76880,93,86,7,7
76881,63,72,-9,9
76882,80,80,0,0
76883,71,70,1,1
76884,92,88,4,4
76885,125,121,4,4
76886,82,93,-11,11
76887,97,104,-7,7
76888,59,55,4,4
76889,125,138,-13,13
76890,115,108,7,7
76891,103,103,0,0
76892,97,94,3,3
76893,89,89,0,0
76894,78,79,-1,1
76895,159,149,10,10
76896,117,125,-8,8
76897,100,98,2,2
76898,104,108,-4,4
76899,97,110,-13,13
76900,114,106,8,8
76901,118,126,-8,8
76902,99,80,19,19
76903,98,96,2,2
76904,114,116,-2,2
76905,99,98,1,1
76906,95,92,3,3
76907,68,73,-5,5
76908,119,115,4,4
76909,125,118,7,7
76910,74,78,-4,4
76911,97,91,6,6
76912,101,101,0,0
76913,157,155,2,2
76914,141,133,8,8
76915,132,136,-4,4
76916,104,107,-3,3
76917,85,88,-3,3
76918,110,111,-1,1
76919,91,98,-7,7
76920,53,50,3,3
76921,81,83,-2,2
76922,78,80,-2,2
76923,79,93,-14,14
76924,73,70,3,3
76925,81,85,-4,4
76926,89,86,3,3
76927,78,78,0,0
76928,122,111,11,11
76929,64,70,-6,6
76930,52,57,-5,5
76931,87,91,-4,4
76932,134,134,0,0
76933,104,101,3,3
76934,116,123,-7,7
76935,102,108,-6,6
76936,160,130,30,30
76937,83,79,4,4
76938,159,167,-8,8
76939,130,141,-11,11
76940,92,89,3,3
76941,95,90,5,5
76942,179,186,-7,7
76943,132,112,20,20
76944,53,55,-2,2
76945,100,101,-1,1
76946,105,99,6,6
76947,77,79,-2,2
76948,115,115,0,0
76949,126,128,-2,2
76950,91,97,-6,6
76951,79,82,-3,3
76952,40,47,-7,7
76953,128,126,2,2
76954,145,144,1,1
76955,153,143,10,10
76956,81,80,1,1
76957,113,123,-10,10
76958,138,124,14,14
76959,100,104,-4,4
76960,77,71,6,6
76961,71,72,-1,1
76962,110,112,-2,2
76963,118,115,3,3
76964,137,141,-4,4
76965,94,94,0,0
76966,65,66,-1,1
76967,52,68,-16,16
76968,74,78,-4,4
76969,68,63,5,5
76970,101,107,-6,6
76971,104,103,1,1
76972,138,129,9,9
76973,71,70,1,1
76974,140,125,15,15
76975,83,84,-1,1
76976,91,90,1,1
76977,125,118,7,7
76978,77,84,-7,7
76979,63,63,0,0
76980,116,110,6,6
76981,102,105,-3,3
76982,121,129,-8,8
76983,116,113,3,3
76984,181,176,5,5
76985,112,123,-11,11
76986,151,158,-7,7
76987,127,122,5,5
76988,87,88,-1,1
76989,123,123,0,0
76990,74,84,-10,10
76991,161,156,5,5
76992,48,54,-6,6
76993,207,195,12,12
76994,124,125,-1,1
76995,91,103,-12,12
76996,104,105,-1,1
76997,118,125,-7,7
76998,112,112,0,0
76999,70,72,-2,2
77000,76,73,3,3
77001,133,125,8,8
77002,79,73,6,6
77003,56,69,-13,13
77004,111,135,-24,24
77005,48,57,-9,9
77006,80,70,10,10
77007,144,136,8,8
77008,39,39,0,0
77009,91,97,-6,6
77010,97,99,-2,2
77011,93,85,8,8
77012,142,130,12,12
77013,116,115,1,1
77014,86,84,2,2
77015,128,134,-6,6
77016,101,109,-8,8
77017,53,63,-10,10
77018,153,147,6,6
77019,69,80,-11,11
77020,101,98,3,3
77021,146,149,-3,3
77022,107,110,-3,3
77023,86,87,-1,1
77024,44,50,-6,6
77025,64,72,-8,8
77026,90,70,20,20
77027,69,74,-5,5
77028,78,100,-22,22
77029,141,137,4,4
77030,54,51,3,3
77031,61,56,5,5
77032,140,127,13,13
77033,158,135,23,23
77034,96,98,-2,2
77035,159,156,3,3
77036,155,140,15,15
77037,152,142,10,10
77038,62,58,4,4
77039,84,75,9,9
77040,197,188,9,9
77041,123,123,0,0
77042,80,82,-2,2
77043,25,31,-6,6
77044,140,146,-6,6
77045,65,73,-8,8
77046,67,101,-34,34
77047,62,70,-8,8
77048,71,70,1,1
77049,138,141,-3,3
77050,73,74,-1,1
77051,84,86,-2,2
77052,227,197,30,30
77053,97,91,6,6
77054,47,51,-4,4
77055,74,75,-1,1
77056,75,77,-2,2
77057,64,69,-5,5
77058,107,108,-1,1
77059,60,59,1,1
77060,70,73,-3,3
77061,117,102,15,15
77062,110,119,-9,9
77063,118,120,-2,2
77064,86,85,1,1
77065,61,70,-9,9
77066,72,72,0,0
77067,153,142,11,11
77068,92,100,-8,8
77069,117,121,-4,4
77070,79,78,1,1
77071,111,102,9,9
77072,48,51,-3,3
77073,71,65,6,6
77074,100,103,-3,3
77075,90,84,6,6
77076,67,71,-4,4
77077,111,112,-1,1
77078,68,69,-1,1
77079,113,106,7,7
77080,78,98,-20,20
77081,94,97,-3,3
77082,86,88,-2,2
77083,131,134,-3,3
77084,142,128,14,14
77085,83,91,-8,8
77086,62,80,-18,18
77087,74,68,6,6
77088,143,137,6,6
77089,163,166,-3,3
77090,78,76,2,2
77091,42,45,-3,3
77092,69,72,-3,3
77093,68,72,-4,4
77094,132,124,8,8
77095,59,57,2,2
77096,107,108,-1,1
77097,107,112,-5,5
77098,49,51,-2,2
77099,114,112,2,2
77100,87,84,3,3
77101,103,88,15,15
77102,122,111,11,11
77103,114,117,-3,3
77104,172,160,12,12
77105,69,73,-4,4
77106,57,67,-10,10
77107,108,111,-3,3
77108,80,95,-15,15
77109,70,75,-5,5
77110,126,126,0,0
77111,102,97,5,5
77112,45,51,-6,6
77113,72,69,3,3
77114,174,158,16,16
77115,101,109,-8,8
77116,53,52,1,1
77117,71,70,1,1
77118,157,168,-11,11
77119,139,135,4,4
77120,116,105,11,11
77121,86,78,8,8
77122,96,89,7,7
77123,107,112,-5,5
77124,98,111,-13,13
77125,89,97,-8,8
77126,117,126,-9,9
77127,108,108,0,0
77128,54,56,-2,2
77129,116,120,-4,4
77130,111,112,-1,1
77131,139,143,-4,4
77132,74,74,0,0
77133,117,124,-7,7
77134,106,114,-8,8
77135,158,130,28,28
77136,97,101,-4,4
77137,70,68,2,2
77138,106,108,-2,2
77139,82,76,6,6
77140,141,126,15,15
77141,132,128,4,4
77142,114,107,7,7
77143,145,138,7,7
77144,56,61,-5,5
77145,109,101,8,8
77146,131,117,14,14
77147,154,121,33,33
77148,73,70,3,3
77149,63,69,-6,6
77150,134,148,-14,14
77151,91,83,8,8
77152,127,118,9,9
77153,42,44,-2,2
77154,101,108,-7,7
77155,52,51,1,1
77156,143,145,-2,2
77157,92,87,5,5
77158,84,82,2,2
77159,101,115,-14,14
77160,117,118,-1,1
77161,85,80,5,5
77162,52,58,-6,6
77163,74,67,7,7
77164,78,68,10,10
77165,64,67,-3,3
77166,90,93,-3,3
77167,59,65,-6,6
77168,53,65,-12,12
77169,94,100,-6,6
77170,77,77,0,0
77171,108,98,10,10
77172,138,131,7,7
77173,83,86,-3,3
77174,150,136,14,14
77175,108,105,3,3
77176,64,65,-1,1
77177,101,115,-14,14
77178,92,86,6,6
77179,150,140,10,10
77180,133,134,-1,1
77181,42,52,-10,10
77182,43,45,-2,2
77183,63,64,-1,1
77184,82,87,-5,5
77185,56,51,5,5
77186,101,114,-13,13
77187,65,80,-15,15
77188,112,110,2,2
77189,50,52,-2,2
77190,130,123,7,7
77191,88,102,-14,14
77192,74,67,7,7
77193,129,134,-5,5
77194,57,68,-11,11
77195,110,110,0,0
77196,99,104,-5,5
77197,77,74,3,3
77198,117,112,5,5
77199,107,102,5,5
77200,62,60,2,2
77201,75,80,-5,5
77202,97,107,-10,10
77203,54,62,-8,8
77204,80,77,3,3
77205,84,82,2,2
77206,52,53,-1,1
77207,106,107,-1,1
77208,99,118,-19,19
77209,92,88,4,4
77210,53,59,-6,6
77211,135,134,1,1
77212,116,104,12,12
77213,96,103,-7,7
77214,116,114,2,2
77215,90,87,3,3
77216,187,157,30,30
77217,55,98,-43,43
77218,48,37,11,11
77219,77,83,-6,6
77220,74,77,-3,3
77221,97,107,-10,10
77222,159,155,4,4
77223,127,126,1,1
77224,83,83,0,0
77225,67,69,-2,2
77226,103,95,8,8
77227,68,62,6,6
77228,75,72,3,3
77229,88,89,-1,1
77230,82,111,-29,29
77231,128,120,8,8
77232,177,163,14,14
77233,140,134,6,6
77234,108,91,17,17
77235,59,57,2,2
77236,97,101,-4,4
77237,105,106,-1,1
77238,59,62,-3,3
77239,74,73,1,1
77240,63,61,2,2
77241,53,52,1,1
77242,67,69,-2,2
77243,88,86,2,2
77244,116,116,0,0
77245,141,144,-3,3
77246,123,126,-3,3
77247,111,112,-1,1
77248,89,90,-1,1
77249,112,111,1,1
77250,118,118,0,0
77251,51,55,-4,4
77252,165,151,14,14
77253,70,76,-6,6
77254,92,85,7,7
77255,156,134,22,22
77256,160,141,19,19
77257,64,64,0,0
77258,137,139,-2,2
77259,93,86,7,7
77260,124,127,-3,3
77261,77,81,-4,4
77262,128,127,1,1
77263,79,70,9,9
77264,61,76,-15,15
77265,112,104,8,8
77266,45,49,-4,4
77267,67,63,4,4
77268,126,125,1,1
77269,92,90,2,2
77270,74,76,-2,2
77271,67,76,-9,9
77272,105,105,0,0
77273,167,168,-1,1
77274,131,128,3,3
77275,84,128,-44,44
77276,110,122,-12,12
77277,72,78,-6,6
77278,71,116,-45,45
77279,115,120,-5,5
77280,159,154,5,5
77281,82,98,-16,16
77282,100,116,-16,16
77283,70,65,5,5
77284,104,109,-5,5
77285,49,46,3,3
77286,104,104,0,0
77287,101,110,-9,9
77288,66,72,-6,6
77289,87,88,-1,1
77290,85,94,-9,9
77291,124,135,-11,11
77292,121,113,8,8
77293,97,96,1,1
77294,63,63,0,0
77295,93,99,-6,6
77296,79,75,4,4
77297,49,47,2,2
77298,95,99,-4,4
77299,76,81,-5,5
77300,133,133,0,0
77301,66,70,-4,4
77302,85,98,-13,13
77303,228,253,-25,25
77304,124,132,-8,8
77305,90,82,8,8
77306,95,94,1,1
77307,54,60,-6,6
77308,82,84,-2,2
77309,155,143,12,12
77310,173,165,8,8
77311,171,159,12,12
77312,42,56,-14,14
77313,141,143,-2,2
77314,92,84,8,8
77315,94,87,7,7
77316,82,87,-5,5
77317,132,125,7,7
77318,124,120,4,4
77319,94,89,5,5
77320,60,64,-4,4
77321,58,65,-7,7
77322,102,109,-7,7
77323,112,111,1,1
77324,121,118,3,3
77325,133,140,-7,7
77326,54,70,-16,16
77327,105,113,-8,8
77328,82,86,-4,4
77329,104,100,4,4
77330,91,87,4,4
77331,103,112,-9,9
77332,96,103,-7,7
77333,147,160,-13,13
77334,95,100,-5,5
77335,111,120,-9,9
77336,106,112,-6,6
77337,59,62,-3,3
77338,77,73,4,4
77339,97,86,11,11
77340,73,62,11,11
77341,105,101,4,4
77342,122,115,7,7
77343,55,64,-9,9
77344,108,112,-4,4
77345,59,56,3,3
77346,124,126,-2,2
77347,116,123,-7,7
77348,100,92,8,8
77349,76,82,-6,6
77350,102,96,6,6
77351,95,105,-10,10
77352,138,127,11,11
77353,119,120,-1,1
77354,78,81,-3,3
77355,108,112,-4,4
77356,34,35,-1,1
77357,105,109,-4,4
77358,120,115,5,5
77359,91,90,1,1
77360,103,117,-14,14
77361,75,75,0,0
77362,176,160,16,16
77363,85,80,5,5
77364,75,74,1,1
77365,103,109,-6,6
77366,81,83,-2,2
77367,105,115,-10,10
77368,50,60,-10,10
77369,118,116,2,2
77370,163,161,2,2
77371,137,130,7,7
77372,167,172,-5,5
77373,116,118,-2,2
77374,52,55,-3,3
77375,115,110,5,5
77376,188,191,-3,3
77377,187,174,13,13
77378,84,81,3,3
77379,124,121,3,3
77380,95,98,-3,3
77381,79,87,-8,8
77382,72,66,6,6
77383,68,67,1,1
77384,116,116,0,0
77385,83,107,-24,24
77386,94,88,6,6
77387,63,66,-3,3
77388,200,205,-5,5
77389,61,64,-3,3
77390,148,136,12,12
77391,56,59,-3,3
77392,110,114,-4,4
77393,94,98,-4,4
77394,59,72,-13,13
77395,76,73,3,3
77396,67,74,-7,7
77397,102,108,-6,6
77398,165,148,17,17
77399,79,80,-1,1
77400,74,70,4,4
77401,136,129,7,7
77402,116,109,7,7
77403,95,104,-9,9
77404,112,116,-4,4
77405,65,74,-9,9
77406,43,46,-3,3
77407,92,90,2,2
77408,48,54,-6,6
77409,75,78,-3,3
77410,118,119,-1,1
77411,99,90,9,9
77412,101,101,0,0
77413,41,65,-24,24
77414,78,85,-7,7
77415,129,116,13,13
77416,109,119,-10,10
77417,81,80,1,1
77418,167,158,9,9
77419,55,76,-21,21
77420,202,187,15,15
77421,118,114,4,4
77422,122,127,-5,5
77423,67,68,-1,1
77424,67,67,0,0
77425,54,57,-3,3
77426,54,60,-6,6
77427,89,98,-9,9
77428,107,107,0,0
77429,94,99,-5,5
77430,72,66,6,6
77431,127,133,-6,6
77432,84,99,-15,15
77433,64,68,-4,4
77434,96,100,-4,4
77435,116,113,3,3
77436,127,125,2,2
77437,128,123,5,5
77438,118,131,-13,13
77439,62,67,-5,5
77440,73,68,5,5
77441,36,40,-4,4
77442,165,145,20,20
77443,100,108,-8,8
77444,65,68,-3,3
77445,75,80,-5,5
77446,75,91,-16,16
77447,97,105,-8,8
77448,93,107,-14,14
77449,57,63,-6,6
77450,59,58,1,1
77451,85,81,4,4
77452,99,112,-13,13
77453,87,88,-1,1
77454,102,114,-12,12
77455,75,79,-4,4
77456,92,92,0,0
77457,79,90,-11,11
77458,50,54,-4,4
77459,48,54,-6,6
77460,217,189,28,28
77461,132,123,9,9
77462,101,104,-3,3
77463,82,81,1,1
77464,116,118,-2,2
77465,112,103,9,9
77466,66,80,-14,14
77467,81,89,-8,8
77468,56,60,-4,4
77469,97,88,9,9
77470,84,78,6,6
77471,37,40,-3,3
77472,74,71,3,3
77473,127,121,6,6
77474,54,57,-3,3
77475,80,78,2,2
77476,57,53,4,4
77477,106,82,24,24
77478,91,88,3,3
77479,103,104,-1,1
77480,114,104,10,10
77481,131,131,0,0
77482,85,82,3,3
77483,85,89,-4,4
77484,93,99,-6,6
77485,74,67,7,7
77486,88,91,-3,3
77487,52,49,3,3
77488,41,43,-2,2
77489,82,81,1,1
77490,112,113,-1,1
77491,67,66,1,1
77492,69,81,-12,12
77493,150,138,12,12
77494,93,100,-7,7
77495,63,62,1,1
77496,95,87,8,8
77497,46,51,-5,5
77498,72,72,0,0
77499,77,80,-3,3
77500,87,91,-4,4
77501,121,123,-2,2
77502,149,136,13,13
77503,82,73,9,9
77504,57,55,2,2
77505,127,115,12,12
77506,103,94,9,9
77507,96,93,3,3
77508,82,80,2,2
77509,161,152,9,9
77510,133,129,4,4
77511,73,71,2,2
77512,71,65,6,6
77513,168,150,18,18
77514,137,136,1,1
77515,72,69,3,3
77516,77,81,-4,4
77517,114,114,0,0
77518,115,114,1,1
77519,70,66,4,4
77520,78,83,-5,5
77521,118,123,-5,5
77522,88,85,3,3
77523,81,78,3,3
77524,118,121,-3,3
77525,60,57,3,3
77526,98,105,-7,7
77527,99,87,12,12
77528,55,56,-1,1
77529,100,100,0,0
77530,75,78,-3,3
77531,77,71,6,6
77532,139,139,0,0
77533,99,91,8,8
77534,106,111,-5,5
77535,92,99,-7,7
77536,87,88,-1,1
77537,55,64,-9,9
77538,89,100,-11,11
77539,106,116,-10,10
77540,161,168,-7,7
77541,72,78,-6,6
77542,119,108,11,11
77543,90,82,8,8
77544,110,107,3,3
77545,51,55,-4,4
77546,63,68,-5,5
77547,42,47,-5,5
77548,85,78,7,7
77549,144,139,5,5
77550,69,77,-8,8
77551,43,48,-5,5
77552,94,104,-10,10
77553,178,189,-11,11
77554,80,80,0,0
77555,65,67,-2,2
77556,62,67,-5,5
77557,62,62,0,0
77558,144,150,-6,6
77559,102,102,0,0
77560,104,102,2,2
77561,45,53,-8,8
77562,57,58,-1,1
77563,132,113,19,19
77564,105,101,4,4
77565,99,101,-2,2
77566,60,71,-11,11
77567,72,76,-4,4
77568,122,126,-4,4
77569,141,139,2,2
77570,94,88,6,6
77571,89,99,-10,10
77572,43,54,-11,11
77573,160,151,9,9
77574,84,75,9,9
77575,84,81,3,3
77576,90,94,-4,4
77577,68,69,-1,1
77578,189,181,8,8
77579,77,88,-11,11
77580,59,65,-6,6
77581,139,142,-3,3
77582,98,100,-2,2
77583,147,137,10,10
77584,158,134,24,24
77585,97,96,1,1
77586,109,114,-5,5
77587,112,111,1,1
77588,74,73,1,1
77589,155,143,12,12
77590,75,75,0,0
77591,129,122,7,7
77592,189,187,2,2
77593,98,105,-7,7
77594,68,72,-4,4
77595,100,103,-3,3
77596,136,125,11,11
77597,144,142,2,2
77598,123,126,-3,3
77599,60,59,1,1
77600,131,125,6,6
77601,74,79,-5,5
77602,148,119,29,29
77603,112,104,8,8
77604,60,67,-7,7
77605,89,85,4,4
77606,83,95,-12,12
77607,100,90,10,10
77608,70,74,-4,4
77609,119,130,-11,11
77610,52,63,-11,11
77611,72,74,-2,2
77612,127,126,1,1
77613,82,84,-2,2
77614,65,62,3,3
77615,75,69,6,6
77616,65,64,1,1
77617,80,99,-19,19
77618,95,122,-27,27
77619,74,81,-7,7
77620,107,105,2,2
77621,63,68,-5,5
77622,117,115,2,2
77623,83,73,10,10
77624,74,71,3,3
77625,56,52,4,4
77626,143,149,-6,6
77627,61,69,-8,8
77628,92,98,-6,6
77629,147,160,-13,13
77630,68,79,-11,11
77631,95,90,5,5
77632,80,86,-6,6
77633,129,122,7,7
77634,133,150,-17,17
77635,47,50,-3,3
77636,65,58,7,7
77637,85,82,3,3
77638,100,99,1,1
77639,113,113,0,0
77640,104,100,4,4
77641,70,68,2,2
77642,16,26,-10,10
77643,102,101,1,1
77644,125,118,7,7
77645,83,85,-2,2
77646,114,101,13,13
77647,150,148,2,2
77648,164,155,9,9
77649,97,100,-3,3
77650,71,70,1,1
77651,78,78,0,0
77652,128,124,4,4
77653,111,106,5,5
77654,78,75,3,3
77655,83,81,2,2
77656,84,79,5,5
77657,81,80,1,1
77658,103,116,-13,13
77659,91,99,-8,8
77660,79,78,1,1
77661,84,86,-2,2
77662,143,123,20,20
77663,97,96,1,1
77664,85,87,-2,2
77665,120,113,7,7
77666,88,101,-13,13
77667,114,102,12,12
77668,116,109,7,7
77669,72,83,-11,11
77670,101,100,1,1
77671,129,127,2,2
77672,119,109,10,10
77673,86,89,-3,3
77674,75,83,-8,8
77675,76,73,3,3
77676,84,77,7,7
77677,75,79,-4,4
77678,124,120,4,4
77679,177,191,-14,14
77680,75,75,0,0
77681,117,122,-5,5
77682,99,131,-32,32
77683,50,50,0,0
77684,70,77,-7,7
77685,115,112,3,3
77686,60,64,-4,4
77687,96,92,4,4
77688,142,143,-1,1
77689,87,81,6,6
77690,112,115,-3,3
77691,116,105,11,11
77692,56,60,-4,4
77693,158,157,1,1
77694,188,180,8,8
77695,181,166,15,15
77696,104,92,12,12
77697,159,156,3,3
77698,122,131,-9,9
77699,69,75,-6,6
77700,105,102,3,3
77701,84,90,-6,6
77702,80,80,0,0
77703,62,58,4,4
77704,75,75,0,0
77705,72,80,-8,8
77706,86,83,3,3
77707,99,112,-13,13
77708,59,62,-3,3
77709,104,102,2,2
77710,78,79,-1,1
77711,97,104,-7,7
77712,129,123,6,6
77713,64,72,-8,8
77714,105,103,2,2
77715,93,87,6,6
77716,92,94,-2,2
77717,40,41,-1,1
77718,98,108,-10,10
77719,132,137,-5,5
77720,67,76,-9,9
77721,51,82,-31,31
77722,81,98,-17,17
77723,142,148,-6,6
77724,145,136,9,9
77725,72,66,6,6
77726,102,99,3,3
77727,87,82,5,5
77728,111,109,2,2
77729,80,77,3,3
77730,85,84,1,1
77731,144,135,9,9
77732,66,75,-9,9
77733,98,93,5,5
77734,91,92,-1,1
77735,61,67,-6,6
77736,46,56,-10,10
77737,89,100,-11,11
77738,105,100,5,5
77739,102,92,10,10
77740,100,106,-6,6
77741,58,66,-8,8
77742,116,116,0,0
77743,73,77,-4,4
77744,96,99,-3,3
77745,89,86,3,3
77746,79,84,-5,5
77747,74,76,-2,2
77748,100,90,10,10
77749,35,46,-11,11
77750,49,51,-2,2
77751,79,76,3,3
77752,102,95,7,7
77753,104,85,19,19
77754,198,175,23,23
77755,136,127,9,9
77756,62,72,-10,10
77757,100,105,-5,5
77758,89,88,1,1
77759,131,127,4,4
77760,82,81,1,1
77761,157,150,7,7
77762,71,71,0,0
77763,54,56,-2,2
77764,115,122,-7,7
77765,80,80,0,0
77766,69,70,-1,1
77767,80,72,8,8
77768,89,90,-1,1
77769,91,89,2,2
77770,171,147,24,24
77771,86,83,3,3
77772,120,122,-2,2
77773,72,75,-3,3
77774,67,65,2,2
77775,122,140,-18,18
77776,71,73,-2,2
77777,119,120,-1,1
77778,80,79,1,1
77779,110,102,8,8
77780,47,53,-6,6
77781,193,174,19,19
77782,80,77,3,3
77783,52,59,-7,7
77784,61,63,-2,2
77785,90,111,-21,21
77786,85,84,1,1
77787,74,73,1,1
77788,85,87,-2,2
77789,125,146,-21,21
77790,150,142,8,8
77791,89,89,0,0
77792,93,92,1,1
77793,131,135,-4,4
77794,66,70,-4,4
77795,78,75,3,3
77796,151,150,1,1
77797,91,99,-8,8
77798,75,82,-7,7
77799,39,39,0,0
77800,54,53,1,1
77801,106,103,3,3
77802,128,133,-5,5
77803,49,60,-11,11
77804,124,122,2,2
77805,76,77,-1,1
77806,89,85,4,4
77807,48,44,4,4
77808,135,155,-20,20
77809,108,115,-7,7
77810,113,106,7,7
77811,97,100,-3,3
77812,155,158,-3,3
77813,154,143,11,11
77814,118,109,9,9
77815,87,80,7,7
77816,56,63,-7,7
77817,56,73,-17,17
77818,70,81,-11,11
77819,45,51,-6,6
77820,49,72,-23,23
77821,91,84,7,7
77822,76,74,2,2
77823,81,101,-20,20
77824,121,122,-1,1
77825,109,109,0,0
77826,72,70,2,2
77827,75,78,-3,3
77828,35,47,-12,12
77829,90,97,-7,7
77830,132,130,2,2
77831,140,157,-17,17
77832,75,82,-7,7
77833,76,77,-1,1
77834,111,133,-22,22
77835,92,102,-10,10
77836,120,137,-17,17
77837,119,119,0,0
77838,78,85,-7,7
77839,86,84,2,2
77840,60,68,-8,8
77841,158,147,11,11
77842,94,83,11,11
77843,126,123,3,3
77844,112,102,10,10
77845,112,106,6,6
77846,73,76,-3,3
77847,94,101,-7,7
77848,133,126,7,7
77849,70,61,9,9
77850,83,77,6,6
77851,117,119,-2,2
77852,104,104,0,0
77853,109,108,1,1
77854,173,149,24,24
77855,55,70,-15,15
77856,46,52,-6,6
77857,36,39,-3,3
77858,76,79,-3,3
77859,136,130,6,6
77860,102,103,-1,1
77861,110,111,-1,1
77862,94,89,5,5
77863,80,79,1,1
77864,149,142,7,7
77865,249,232,17,17
77866,150,155,-5,5
77867,49,57,-8,8
77868,58,57,1,1
77869,54,55,-1,1
77870,83,73,10,10
77871,119,111,8,8
77872,58,64,-6,6
77873,123,113,10,10
77874,125,114,11,11
77875,115,121,-6,6
77876,74,84,-10,10
77877,71,67,4,4
77878,162,141,21,21
77879,96,101,-5,5
77880,63,59,4,4
77881,87,95,-8,8
77882,74,63,11,11
77883,70,89,-19,19
77884,114,118,-4,4
77885,72,69,3,3
77886,58,68,-10,10
77887,117,111,6,6
77888,77,101,-24,24
77889,57,66,-9,9
77890,142,137,5,5
77891,57,67,-10,10
77892,77,75,2,2
77893,100,121,-21,21
77894,92,111,-19,19
77895,53,61,-8,8
77896,98,91,7,7
77897,96,99,-3,3
77898,67,66,1,1
77899,69,70,-1,1
77900,108,111,-3,3
77901,97,91,6,6
77902,75,72,3,3
77903,97,104,-7,7
77904,127,118,9,9
77905,87,80,7,7
77906,86,83,3,3
77907,84,76,8,8
77908,86,87,-1,1
77909,88,86,2,2
77910,97,101,-4,4
77911,86,78,8,8
77912,79,86,-7,7
77913,183,175,8,8
77914,97,100,-3,3
77915,136,132,4,4
77916,78,78,0,0
77917,128,129,-1,1
77918,116,113,3,3
77919,167,164,3,3
77920,143,149,-6,6
77921,72,76,-4,4
77922,101,102,-1,1
77923,89,89,0,0
77924,63,62,1,1
77925,136,130,6,6
77926,129,129,0,0
77927,77,78,-1,1
77928,70,81,-11,11
77929,114,111,3,3
77930,100,115,-15,15
77931,133,126,7,7
77932,130,128,2,2
77933,64,63,1,1
77934,105,102,3,3
77935,171,157,14,14
77936,120,115,5,5
77937,95,97,-2,2
77938,72,74,-2,2
77939,75,70,5,5
77940,110,102,8,8
77941,119,111,8,8
77942,184,170,14,14
77943,132,129,3,3
77944,128,136,-8,8
77945,78,93,-15,15
77946,124,126,-2,2
77947,123,126,-3,3
77948,105,97,8,8
77949,51,62,-11,11
77950,89,101,-12,12
77951,58,62,-4,4
77952,112,110,2,2
77953,97,94,3,3
77954,95,101,-6,6
77955,79,80,-1,1
77956,85,85,0,0
77957,135,123,12,12
77958,127,132,-5,5
77959,95,85,10,10
77960,141,148,-7,7
77961,76,81,-5,5
77962,63,67,-4,4
77963,106,105,1,1
77964,95,89,6,6
77965,91,90,1,1
77966,147,145,2,2
77967,124,117,7,7
77968,88,78,10,10
77969,70,74,-4,4
77970,80,97,-17,17
77971,41,48,-7,7
77972,59,61,-2,2
77973,97,105,-8,8
77974,61,65,-4,4
77975,148,135,13,13
77976,106,99,7,7
77977,102,115,-13,13
77978,66,62,4,4
77979,75,72,3,3
77980,98,91,7,7
77981,58,55,3,3
77982,59,64,-5,5
77983,53,54,-1,1
77984,53,76,-23,23
77985,121,111,10,10
77986,101,88,13,13
77987,145,135,10,10
77988,57,60,-3,3
77989,74,71,3,3
77990,65,67,-2,2
77991,79,86,-7,7
77992,117,118,-1,1
77993,65,65,0,0
77994,64,69,-5,5
77995,81,73,8,8
77996,125,110,15,15
77997,67,69,-2,2
77998,69,71,-2,2
77999,59,52,7,7
78000,126,120,6,6
78001,106,110,-4,4
78002,63,66,-3,3
78003,89,100,-11,11
78004,120,105,15,15
78005,97,103,-6,6
78006,70,71,-1,1
78007,116,125,-9,9
78008,77,68,9,9
78009,49,53,-4,4
78010,71,69,2,2
78011,64,75,-11,11
78012,72,59,13,13
78013,128,111,17,17
78014,98,92,6,6
78015,66,68,-2,2
78016,112,116,-4,4
78017,51,52,-1,1
78018,85,81,4,4
78019,100,92,8,8
78020,92,88,4,4
78021,111,113,-2,2
78022,100,119,-19,19
78023,96,93,3,3
78024,166,151,15,15
78025,137,147,-10,10
78026,72,70,2,2
78027,115,121,-6,6
78028,88,84,4,4
78029,91,90,1,1
78030,103,108,-5,5
78031,47,56,-9,9
78032,86,99,-13,13
78033,136,126,10,10
78034,157,160,-3,3
78035,124,126,-2,2
78036,137,139,-2,2
78037,101,104,-3,3
78038,74,70,4,4
78039,85,80,5,5
78040,45,43,2,2
78041,168,160,8,8
78042,115,109,6,6
78043,116,131,-15,15
78044,84,91,-7,7
78045,102,105,-3,3
78046,59,72,-13,13
78047,106,112,-6,6
78048,60,72,-12,12
78049,123,117,6,6
78050,85,77,8,8
78051,60,70,-10,10
78052,82,71,11,11
78053,160,148,12,12
78054,82,82,0,0
78055,83,85,-2,2
78056,73,78,-5,5
78057,113,117,-4,4
78058,95,86,9,9
78059,100,96,4,4
78060,40,47,-7,7
78061,80,82,-2,2
78062,110,109,1,1
78063,144,149,-5,5
78064,115,109,6,6
78065,64,76,-12,12
78066,119,110,9,9
78067,102,107,-5,5
78068,159,140,19,19
78069,104,102,2,2
78070,91,86,5,5
78071,133,133,0,0
78072,98,100,-2,2
78073,96,104,-8,8
78074,134,128,6,6
78075,160,150,10,10
78076,59,72,-13,13
78077,74,81,-7,7
78078,106,101,5,5
78079,64,62,2,2
78080,90,100,-10,10
78081,67,70,-3,3
78082,100,103,-3,3
78083,68,69,-1,1
78084,159,156,3,3
78085,87,88,-1,1
78086,123,131,-8,8
78087,78,78,0,0
78088,95,91,4,4
78089,56,70,-14,14
78090,102,106,-4,4
78091,108,99,9,9
78092,73,69,4,4
78093,111,115,-4,4
78094,137,132,5,5
78095,84,87,-3,3
78096,89,83,6,6
78097,70,81,-11,11
78098,78,83,-5,5
78099,152,148,4,4
78100,81,83,-2,2
78101,49,52,-3,3
78102,69,72,-3,3
78103,102,86,16,16
78104,62,68,-6,6
78105,91,89,2,2
78106,72,49,23,23
78107,47,47,0,0
78108,184,159,25,25
78109,103,94,9,9
78110,69,76,-7,7
78111,51,61,-10,10
78112,120,136,-16,16
78113,105,86,19,19
78114,46,57,-11,11
78115,75,75,0,0
78116,71,70,1,1
78117,45,55,-10,10
78118,80,87,-7,7
78119,79,89,-10,10
78120,78,76,2,2
78121,62,70,-8,8
78122,86,83,3,3
78123,122,126,-4,4
78124,101,99,2,2
78125,72,73,-1,1
78126,141,141,0,0
78127,69,73,-4,4
78128,93,90,3,3
78129,55,51,4,4
78130,121,118,3,3
78131,105,111,-6,6
78132,99,87,12,12
78133,195,172,23,23
78134,76,76,0,0
78135,124,119,5,5
78136,100,83,17,17
78137,152,153,-1,1
78138,108,108,0,0
78139,49,54,-5,5
78140,176,166,10,10
78141,104,196,-92,92
78142,81,66,15,15
78143,97,97,0,0
78144,58,60,-2,2
78145,110,107,3,3
78146,55,63,-8,8
78147,69,70,-1,1
78148,107,134,-27,27
78149,71,69,2,2
78150,88,90,-2,2
78151,43,51,-8,8
78152,117,119,-2,2
78153,81,67,14,14
78154,75,81,-6,6
78155,108,113,-5,5
78156,63,67,-4,4
78157,74,78,-4,4
78158,68,70,-2,2
78159,62,64,-2,2
78160,52,53,-1,1
78161,78,85,-7,7
78162,108,118,-10,10
78163,188,165,23,23
78164,61,66,-5,5
78165,77,75,2,2
78166,97,88,9,9
78167,67,64,3,3
78168,77,107,-30,30
78169,91,100,-9,9
78170,69,71,-2,2
78171,131,134,-3,3
78172,56,58,-2,2
78173,49,53,-4,4
78174,126,125,1,1
78175,114,114,0,0
78176,90,92,-2,2
78177,75,83,-8,8
78178,83,75,8,8
78179,92,106,-14,14
78180,83,86,-3,3
78181,89,79,10,10
78182,85,83,2,2
78183,70,66,4,4
78184,108,106,2,2
78185,71,75,-4,4
78186,68,65,3,3
78187,70,72,-2,2
78188,107,114,-7,7
78189,58,64,-6,6
78190,51,52,-1,1
78191,55,64,-9,9
78192,161,167,-6,6
78193,46,55,-9,9
78194,92,91,1,1
78195,154,149,5,5
78196,83,85,-2,2
78197,128,126,2,2
78198,73,77,-4,4
78199,87,87,0,0
78200,122,117,5,5
78201,108,89,19,19
78202,76,97,-21,21
78203,59,70,-11,11
78204,83,87,-4,4
78205,92,98,-6,6
78206,96,100,-4,4
78207,105,92,13,13
78208,58,66,-8,8
78209,81,78,3,3
78210,110,102,8,8
78211,44,54,-10,10
78212,81,82,-1,1
78213,63,71,-8,8
78214,78,78,0,0
78215,68,74,-6,6
78216,120,126,-6,6
78217,181,172,9,9
78218,141,136,5,5
78219,178,164,14,14
78220,64,60,4,4
78221,72,77,-5,5
78222,45,39,6,6
78223,143,126,17,17
78224,145,132,13,13
78225,111,116,-5,5
78226,86,85,1,1
78227,125,134,-9,9
78228,79,81,-2,2
78229,67,74,-7,7
78230,173,162,11,11
78231,81,84,-3,3
78232,88,98,-10,10
78233,63,66,-3,3
78234,66,89,-23,23
78235,96,92,4,4
78236,100,79,21,21
78237,57,57,0,0
78238,125,114,11,11
78239,156,150,6,6
78240,125,119,6,6
78241,133,132,1,1
78242,66,68,-2,2
78243,159,165,-6,6
78244,44,61,-17,17
78245,67,63,4,4
78246,105,108,-3,3
78247,77,80,-3,3
78248,64,74,-10,10
78249,62,88,-26,26
78250,69,66,3,3
78251,163,152,11,11
78252,62,62,0,0
78253,50,54,-4,4
78254,100,105,-5,5
78255,108,105,3,3
78256,70,68,2,2
78257,97,98,-1,1
78258,83,76,7,7
78259,137,147,-10,10
78260,70,71,-1,1
78261,122,103,19,19
78262,79,86,-7,7
78263,52,75,-23,23
78264,86,98,-12,12
78265,93,87,6,6
78266,93,110,-17,17
78267,62,64,-2,2
78268,109,101,8,8
78269,107,106,1,1
78270,83,83,0,0
78271,57,62,-5,5
78272,61,68,-7,7
78273,43,49,-6,6
78274,156,140,16,16
78275,102,98,4,4
78276,56,67,-11,11
78277,199,188,11,11
78278,103,107,-4,4
78279,77,79,-2,2
78280,147,162,-15,15
78281,99,114,-15,15
78282,74,107,-33,33
78283,71,67,4,4
78284,142,141,1,1
78285,72,68,4,4
78286,28,41,-13,13
78287,99,111,-12,12
78288,145,155,-10,10
78289,51,49,2,2
78290,132,138,-6,6
78291,102,104,-2,2
78292,69,70,-1,1
78293,142,141,1,1
78294,52,48,4,4
78295,87,92,-5,5
78296,122,126,-4,4
78297,93,105,-12,12
78298,85,89,-4,4
78299,101,99,2,2
78300,88,92,-4,4
78301,64,62,2,2
78302,131,128,3,3
78303,91,91,0,0
78304,174,158,16,16
78305,50,54,-4,4
78306,78,85,-7,7
78307,76,84,-8,8
78308,118,118,0,0
78309,56,64,-8,8
78310,53,55,-2,2
78311,98,105,-7,7
78312,119,126,-7,7
78313,133,133,0,0
78314,66,66,0,0
78315,117,125,-8,8
78316,94,97,-3,3
78317,79,84,-5,5
78318,114,119,-5,5
78319,96,80,16,16
78320,81,86,-5,5
78321,83,86,-3,3
78322,74,78,-4,4
78323,89,83,6,6
78324,73,84,-11,11
78325,160,161,-1,1
78326,120,116,4,4
78327,52,51,1,1
78328,127,131,-4,4
78329,93,87,6,6
78330,108,120,-12,12
78331,95,99,-4,4
78332,75,77,-2,2
78333,124,112,12,12
78334,90,91,-1,1
78335,101,107,-6,6
78336,44,50,-6,6
78337,113,108,5,5
78338,64,77,-13,13
78339,135,130,5,5
78340,147,139,8,8
78341,112,118,-6,6
78342,63,70,-7,7
78343,91,106,-15,15
78344,93,76,17,17
78345,116,114,2,2
78346,124,129,-5,5
78347,127,131,-4,4
78348,114,121,-7,7
78349,137,117,20,20
78350,56,62,-6,6
78351,54,58,-4,4
78352,78,87,-9,9
78353,71,72,-1,1
78354,72,75,-3,3
78355,67,75,-8,8
78356,48,49,-1,1
78357,115,136,-21,21
78358,53,54,-1,1
78359,95,98,-3,3
78360,56,68,-12,12
78361,45,43,2,2
78362,209,196,13,13
78363,85,100,-15,15
78364,80,79,1,1
78365,139,143,-4,4
78366,64,65,-1,1
78367,83,88,-5,5
78368,121,117,4,4
78369,102,115,-13,13
78370,94,96,-2,2
78371,119,117,2,2
78372,59,65,-6,6
78373,61,88,-27,27
78374,74,69,5,5
78375,76,76,0,0
78376,91,100,-9,9
78377,132,119,13,13
78378,54,60,-6,6
78379,74,78,-4,4
78380,96,87,9,9
78381,60,69,-9,9
78382,91,101,-10,10
78383,102,106,-4,4
78384,131,131,0,0
78385,95,96,-1,1
78386,35,37,-2,2
78387,70,74,-4,4
78388,115,106,9,9
78389,63,64,-1,1
78390,70,77,-7,7
78391,73,72,1,1
78392,79,80,-1,1
78393,114,121,-7,7
78394,75,86,-11,11
78395,103,103,0,0
78396,111,108,3,3
78397,110,120,-10,10
78398,55,57,-2,2
78399,89,99,-10,10
78400,53,65,-12,12
78401,114,106,8,8
78402,104,108,-4,4
78403,45,46,-1,1
78404,122,119,3,3
78405,72,77,-5,5
78406,140,134,6,6
78407,132,122,10,10
78408,127,156,-29,29
78409,133,131,2,2
78410,66,68,-2,2
78411,99,100,-1,1
78412,112,114,-2,2
78413,104,83,21,21
78414,143,138,5,5
78415,107,102,5,5
78416,122,122,0,0
78417,166,166,0,0
78418,169,166,3,3
78419,165,167,-2,2
78420,147,128,19,19
78421,63,61,2,2
78422,71,77,-6,6
78423,59,54,5,5
78424,127,130,-3,3
78425,168,155,13,13
78426,43,49,-6,6
78427,103,102,1,1
78428,109,105,4,4
78429,99,107,-8,8
78430,71,73,-2,2
78431,94,100,-6,6
78432,104,102,2,2
78433,96,101,-5,5
78434,85,79,6,6
78435,122,109,13,13
78436,85,87,-2,2
78437,49,53,-4,4
78438,44,66,-22,22
78439,65,63,2,2
78440,78,80,-2,2
78441,117,117,0,0
78442,103,100,3,3
78443,106,95,11,11
78444,97,108,-11,11
78445,167,181,-14,14
78446,50,55,-5,5
78447,134,125,9,9
78448,100,114,-14,14
78449,81,82,-1,1
78450,108,115,-7,7
78451,55,60,-5,5
78452,82,84,-2,2
78453,94,116,-22,22
78454,94,89,5,5
78455,61,64,-3,3
78456,141,139,2,2
78457,79,81,-2,2
78458,71,84,-13,13
78459,48,58,-10,10
78460,140,145,-5,5
78461,70,76,-6,6
78462,63,63,0,0
78463,137,129,8,8
78464,40,42,-2,2
78465,103,101,2,2
78466,67,70,-3,3
78467,82,80,2,2
78468,119,124,-5,5
78469,131,128,3,3
78470,77,97,-20,20
78471,98,93,5,5
78472,148,157,-9,9
78473,91,88,3,3
78474,95,103,-8,8
78475,60,60,0,0
78476,72,74,-2,2
78477,123,121,2,2
78478,68,70,-2,2
78479,124,119,5,5
78480,128,129,-1,1
78481,114,118,-4,4
78482,90,89,1,1
78483,108,111,-3,3
78484,114,109,5,5
78485,33,54,-21,21
78486,95,98,-3,3
78487,113,110,3,3
78488,57,60,-3,3
78489,71,70,1,1
78490,110,103,7,7
78491,67,72,-5,5
78492,59,64,-5,5
78493,105,109,-4,4
78494,132,124,8,8
78495,93,104,-11,11
78496,90,94,-4,4
78497,134,127,7,7
78498,32,35,-3,3
78499,108,147,-39,39
78500,81,76,5,5
78501,94,99,-5,5
78502,116,122,-6,6
78503,131,127,4,4
78504,63,74,-11,11
78505,96,99,-3,3
78506,71,64,7,7
78507,71,65,6,6
78508,79,85,-6,6
78509,115,114,1,1
78510,48,69,-21,21
78511,85,82,3,3
78512,113,108,5,5
78513,89,89,0,0
78514,131,128,3,3
78515,91,94,-3,3
78516,72,67,5,5
78517,169,159,10,10
78518,133,136,-3,3
78519,176,147,29,29
78520,118,126,-8,8
78521,71,81,-10,10
78522,65,72,-7,7
78523,144,127,17,17
78524,72,85,-13,13
78525,70,76,-6,6
78526,70,71,-1,1
78527,117,108,9,9
78528,97,98,-1,1
78529,57,61,-4,4
78530,61,84,-23,23
78531,80,80,0,0
78532,92,86,6,6
78533,85,90,-5,5
78534,125,114,11,11
78535,90,103,-13,13
78536,80,78,2,2
78537,71,79,-8,8
78538,149,136,13,13
78539,69,71,-2,2
78540,104,101,3,3
78541,95,89,6,6
78542,129,113,16,16
78543,144,125,19,19
78544,61,64,-3,3
78545,130,120,10,10
78546,144,135,9,9
78547,39,45,-6,6
78548,114,111,3,3
78549,48,48,0,0
78550,94,89,5,5
78551,92,86,6,6
78552,101,88,13,13
78553,79,88,-9,9
78554,113,105,8,8
78555,69,76,-7,7
78556,41,47,-6,6
78557,69,76,-7,7
78558,108,107,1,1
78559,66,67,-1,1
78560,93,83,10,10
78561,86,81,5,5
78562,79,77,2,2
78563,80,86,-6,6
78564,87,87,0,0
78565,179,167,12,12
78566,67,57,10,10
78567,71,79,-8,8
78568,86,79,7,7
78569,92,100,-8,8
78570,109,113,-4,4
78571,45,53,-8,8
78572,84,84,0,0
78573,158,156,2,2
78574,92,86,6,6
78575,75,73,2,2
78576,84,84,0,0
78577,65,75,-10,10
78578,104,99,5,5
78579,44,45,-1,1
78580,198,164,34,34
78581,124,120,4,4
78582,134,121,13,13
78583,122,115,7,7
78584,77,78,-1,1
78585,103,102,1,1
78586,98,98,0,0
78587,59,55,4,4
78588,87,71,16,16
78589,74,69,5,5
78590,67,73,-6,6
78591,85,87,-2,2
78592,79,73,6,6
78593,96,103,-7,7
78594,121,123,-2,2
78595,98,112,-14,14
78596,145,131,14,14
78597,110,108,2,2
78598,144,146,-2,2
78599,85,82,3,3
78600,114,122,-8,8
78601,95,93,2,2
78602,51,56,-5,5
78603,97,92,5,5
78604,81,71,10,10
78605,81,79,2,2
78606,85,85,0,0
78607,154,156,-2,2
78608,125,124,1,1
78609,97,105,-8,8
78610,161,149,12,12
78611,144,129,15,15
78612,127,122,5,5
78613,88,88,0,0
78614,180,168,12,12
78615,90,100,-10,10
78616,66,73,-7,7
78617,95,92,3,3
78618,94,106,-12,12
78619,75,80,-5,5
78620,65,72,-7,7
78621,111,124,-13,13
78622,67,66,1,1
78623,86,92,-6,6
78624,141,131,10,10
78625,102,102,0,0
78626,142,146,-4,4
78627,188,188,0,0
78628,62,57,5,5
78629,104,112,-8,8
78630,63,63,0,0
78631,100,98,2,2
78632,148,140,8,8
78633,103,110,-7,7
78634,122,130,-8,8
78635,69,72,-3,3
78636,89,86,3,3
78637,113,99,14,14
78638,135,136,-1,1
78639,158,144,14,14
78640,74,66,8,8
78641,54,56,-2,2
78642,106,108,-2,2
78643,56,88,-32,32
78644,113,110,3,3
78645,95,82,13,13
78646,134,133,1,1
78647,73,75,-2,2
78648,51,51,0,0
78649,50,49,1,1
78650,33,34,-1,1
78651,130,121,9,9
78652,111,125,-14,14
78653,58,62,-4,4
78654,103,102,1,1
78655,136,143,-7,7
78656,99,101,-2,2
78657,99,98,1,1
78658,116,112,4,4
78659,149,145,4,4
78660,69,71,-2,2
78661,81,88,-7,7
78662,57,62,-5,5
78663,85,81,4,4
78664,78,93,-15,15
78665,94,96,-2,2
78666,112,106,6,6
78667,141,120,21,21
78668,133,123,10,10
78669,85,93,-8,8
78670,100,110,-10,10
78671,62,61,1,1
78672,121,118,3,3
78673,54,60,-6,6
78674,154,151,3,3
78675,142,128,14,14
78676,104,118,-14,14
78677,103,102,1,1
78678,70,68,2,2
78679,118,117,1,1
78680,115,117,-2,2
78681,145,142,3,3
78682,106,111,-5,5
78683,114,113,1,1
78684,87,85,2,2
78685,155,140,15,15
78686,142,132,10,10
78687,132,124,8,8
78688,94,92,2,2
78689,142,140,2,2
78690,150,145,5,5
78691,53,60,-7,7
78692,94,90,4,4
78693,85,101,-16,16
78694,62,70,-8,8
78695,53,54,-1,1
78696,81,88,-7,7
78697,175,172,3,3
78698,55,54,1,1
78699,72,82,-10,10
78700,93,90,3,3
78701,73,82,-9,9
78702,47,59,-12,12
78703,67,70,-3,3
78704,117,113,4,4
78705,104,106,-2,2
78706,76,75,1,1
78707,99,85,14,14
78708,131,124,7,7
78709,84,92,-8,8
78710,105,118,-13,13
78711,157,138,19,19
78712,111,121,-10,10
78713,91,89,2,2
78714,74,87,-13,13
78715,79,80,-1,1
78716,103,98,5,5
78717,119,114,5,5
78718,163,129,34,34
78719,69,72,-3,3
78720,112,110,2,2
78721,55,66,-11,11
78722,97,102,-5,5
78723,99,89,10,10
78724,58,74,-16,16
78725,125,111,14,14
78726,88,80,8,8
78727,81,81,0,0
78728,158,160,-2,2
78729,55,63,-8,8
78730,114,121,-7,7
78731,95,99,-4,4
78732,87,108,-21,21
78733,139,125,14,14
78734,79,76,3,3
78735,75,68,7,7
78736,56,62,-6,6
78737,113,131,-18,18
78738,148,137,11,11
78739,160,143,17,17
78740,97,97,0,0
78741,88,86,2,2
78742,89,86,3,3
78743,101,104,-3,3
78744,53,58,-5,5
78745,97,113,-16,16
78746,67,70,-3,3
78747,117,110,7,7
78748,72,66,6,6
78749,40,49,-9,9
78750,48,49,-1,1
78751,88,81,7,7
78752,95,91,4,4
78753,132,126,6,6
78754,63,62,1,1
78755,95,98,-3,3
78756,84,84,0,0
78757,33,38,-5,5
78758,70,73,-3,3
78759,154,149,5,5
78760,163,153,10,10
78761,175,163,12,12
78762,92,86,6,6
78763,150,148,2,2
78764,67,70,-3,3
78765,127,133,-6,6
78766,131,132,-1,1
78767,194,173,21,21
78768,113,110,3,3
78769,106,105,1,1
78770,88,82,6,6
78771,75,75,0,0
78772,56,74,-18,18
78773,86,102,-16,16
78774,66,64,2,2
78775,171,165,6,6
78776,127,123,4,4
78777,110,108,2,2
78778,93,99,-6,6
78779,89,90,-1,1
78780,72,82,-10,10
78781,98,90,8,8
78782,77,78,-1,1
78783,93,94,-1,1
78784,112,101,11,11
78785,68,68,0,0
78786,104,114,-10,10
78787,78,76,2,2
78788,69,79,-10,10
78789,48,49,-1,1
78790,65,73,-8,8
78791,109,115,-6,6
78792,90,107,-17,17
78793,141,134,7,7
78794,100,105,-5,5
78795,133,136,-3,3
78796,110,105,5,5
78797,54,54,0,0
78798,71,70,1,1
78799,144,138,6,6
78800,57,69,-12,12
78801,88,89,-1,1
78802,107,101,6,6
78803,128,125,3,3
78804,93,101,-8,8
78805,136,140,-4,4
78806,107,93,14,14
78807,151,138,13,13
78808,114,112,2,2
78809,67,67,0,0
78810,94,98,-4,4
78811,90,83,7,7
78812,105,95,10,10
78813,132,122,10,10
78814,90,88,2,2
78815,120,128,-8,8
78816,91,106,-15,15
78817,155,153,2,2
78818,62,63,-1,1
78819,109,105,4,4
78820,100,110,-10,10
78821,160,141,19,19
78822,96,100,-4,4
78823,104,115,-11,11
78824,93,90,3,3
78825,72,74,-2,2
78826,59,75,-16,16
78827,74,73,1,1
78828,83,74,9,9
78829,92,82,10,10
78830,100,107,-7,7
78831,87,84,3,3
78832,122,123,-1,1
78833,78,78,0,0
78834,79,72,7,7
78835,138,124,14,14
78836,158,149,9,9
78837,75,75,0,0
78838,100,92,8,8
78839,134,126,8,8
78840,138,156,-18,18
78841,82,89,-7,7
78842,52,52,0,0
78843,74,79,-5,5
78844,60,58,2,2
78845,49,47,2,2
78846,45,46,-1,1
78847,83,82,1,1
78848,55,61,-6,6
78849,74,73,1,1
78850,96,90,6,6
78851,71,77,-6,6
78852,73,73,0,0
78853,104,118,-14,14
78854,57,56,1,1
78855,79,83,-4,4
78856,109,115,-6,6
78857,65,62,3,3
78858,129,142,-13,13
78859,75,73,2,2
78860,209,188,21,21
78861,102,100,2,2
78862,102,110,-8,8
78863,142,127,15,15
78864,140,119,21,21
78865,44,50,-6,6
78866,102,110,-8,8
78867,89,81,8,8
78868,86,81,5,5
78869,85,84,1,1
78870,88,84,4,4
78871,77,83,-6,6
78872,123,130,-7,7
78873,62,75,-13,13
78874,163,160,3,3
78875,114,115,-1,1
78876,55,64,-9,9
78877,112,116,-4,4
78878,125,126,-1,1
78879,123,124,-1,1
78880,96,99,-3,3
78881,111,108,3,3
78882,136,126,10,10
78883,75,76,-1,1
78884,134,134,0,0
78885,77,85,-8,8
78886,98,102,-4,4
78887,94,88,6,6
78888,77,81,-4,4
78889,83,78,5,5
78890,97,88,9,9
78891,82,82,0,0
78892,126,120,6,6
78893,159,157,2,2
78894,100,110,-10,10
78895,100,115,-15,15
78896,121,120,1,1
78897,117,102,15,15
78898,81,86,-5,5
78899,90,88,2,2
78900,68,67,1,1
78901,110,114,-4,4
78902,118,131,-13,13
78903,97,100,-3,3
78904,81,75,6,6
78905,105,108,-3,3
78906,95,86,9,9
78907,66,85,-19,19
78908,109,112,-3,3
78909,141,143,-2,2
78910,52,45,7,7
78911,80,75,5,5
78912,93,85,8,8
78913,76,76,0,0
78914,111,114,-3,3
78915,107,102,5,5
78916,132,123,9,9
78917,100,107,-7,7
78918,138,129,9,9
78919,122,118,4,4
78920,105,107,-2,2
78921,85,85,0,0
78922,96,87,9,9
78923,60,59,1,1
78924,106,106,0,0
78925,47,62,-15,15
78926,97,98,-1,1
78927,36,39,-3,3
78928,111,102,9,9
78929,121,131,-10,10
78930,85,75,10,10
78931,95,86,9,9
78932,78,80,-2,2
78933,113,120,-7,7
78934,72,71,1,1
78935,110,121,-11,11
78936,38,45,-7,7
78937,133,132,1,1
78938,52,79,-27,27
78939,49,54,-5,5
78940,57,56,1,1
78941,209,168,41,41
78942,93,101,-8,8
78943,62,66,-4,4
78944,51,60,-9,9
78945,82,110,-28,28
78946,77,74,3,3
78947,165,151,14,14
78948,58,60,-2,2
78949,108,106,2,2
78950,43,52,-9,9
78951,83,83,0,0
78952,92,87,5,5
78953,127,121,6,6
78954,47,51,-4,4
78955,78,77,1,1
78956,62,59,3,3
78957,136,125,11,11
78958,121,127,-6,6
78959,79,83,-4,4
78960,83,92,-9,9
78961,100,105,-5,5
78962,86,106,-20,20
78963,89,96,-7,7
78964,74,67,7,7
78965,133,132,1,1
78966,107,107,0,0
78967,89,84,5,5
78968,72,69,3,3
78969,78,84,-6,6
78970,52,56,-4,4
78971,94,99,-5,5
78972,107,106,1,1
78973,61,60,1,1
78974,224,201,23,23
78975,75,69,6,6
78976,53,64,-11,11
78977,95,103,-8,8
78978,63,61,2,2
78979,133,133,0,0
78980,45,45,0,0
78981,65,64,1,1
78982,93,89,4,4
78983,68,77,-9,9
78984,86,87,-1,1
78985,116,117,-1,1
78986,112,116,-4,4
78987,79,74,5,5
78988,83,79,4,4
78989,136,146,-10,10
78990,58,62,-4,4
78991,98,92,6,6
78992,216,218,-2,2
78993,135,133,2,2
78994,87,84,3,3
78995,99,98,1,1
78996,85,85,0,0
78997,57,57,0,0
78998,69,66,3,3
78999,72,73,-1,1
79000,42,44,-2,2
79001,50,53,-3,3
79002,120,119,1,1
79003,43,46,-3,3
79004,58,57,1,1
79005,64,75,-11,11
79006,47,55,-8,8
79007,118,109,9,9
79008,91,115,-24,24
79009,115,118,-3,3
79010,132,132,0,0
79011,124,124,0,0
79012,127,142,-15,15
79013,90,84,6,6
79014,142,145,-3,3
79015,72,75,-3,3
79016,91,100,-9,9
79017,93,101,-8,8
79018,159,159,0,0
79019,76,80,-4,4
79020,89,99,-10,10
79021,127,108,19,19
79022,76,76,0,0
79023,101,94,7,7
79024,95,99,-4,4
79025,82,83,-1,1
79026,109,110,-1,1
79027,108,104,4,4
79028,84,87,-3,3
79029,184,178,6,6
79030,77,72,5,5
79031,92,82,10,10
79032,57,63,-6,6
79033,104,102,2,2
79034,118,123,-5,5
79035,111,107,4,4
79036,78,67,11,11
79037,122,116,6,6
79038,72,70,2,2
79039,106,99,7,7
79040,61,60,1,1
79041,106,109,-3,3
79042,122,124,-2,2
79043,119,118,1,1
79044,141,126,15,15
79045,114,112,2,2
79046,124,117,7,7
79047,86,78,8,8
79048,43,54,-11,11
79049,177,176,1,1
79050,169,190,-21,21
79051,100,106,-6,6
79052,70,76,-6,6
79053,80,82,-2,2
79054,82,83,-1,1
79055,97,91,6,6
79056,112,106,6,6
79057,122,116,6,6
79058,62,63,-1,1
79059,146,129,17,17
79060,77,86,-9,9
79061,95,99,-4,4
79062,167,149,18,18
79063,62,90,-28,28
79064,112,135,-23,23
79065,56,58,-2,2
79066,126,111,15,15
79067,127,114,13,13
79068,221,207,14,14
79069,180,172,8,8
79070,73,68,5,5
79071,53,59,-6,6
79072,82,89,-7,7
79073,58,59,-1,1
79074,78,76,2,2
79075,130,127,3,3
79076,39,39,0,0
79077,93,115,-22,22
79078,87,79,8,8
79079,82,76,6,6
79080,130,135,-5,5
79081,74,75,-1,1
79082,93,89,4,4
79083,69,79,-10,10
79084,57,58,-1,1
79085,79,74,5,5
79086,120,117,3,3
79087,91,82,9,9
79088,99,111,-12,12
79089,100,98,2,2
79090,93,91,2,2
79091,78,82,-4,4
79092,82,85,-3,3
79093,242,200,42,42
79094,154,149,5,5
79095,63,65,-2,2
79096,52,57,-5,5
79097,106,105,1,1
79098,87,103,-16,16
79099,106,113,-7,7
79100,36,36,0,0
79101,108,129,-21,21
79102,153,189,-36,36
79103,44,60,-16,16
79104,119,118,1,1
79105,51,54,-3,3
79106,156,143,13,13
79107,114,132,-18,18
79108,123,123,0,0
79109,149,139,10,10
79110,90,84,6,6
79111,67,71,-4,4
79112,179,173,6,6
79113,123,124,-1,1
79114,88,86,2,2
79115,211,208,3,3
79116,149,140,9,9
79117,58,57,1,1
79118,85,84,1,1
79119,94,91,3,3
79120,125,131,-6,6
79121,50,56,-6,6
79122,78,73,5,5
79123,91,85,6,6
79124,166,163,3,3
79125,89,82,7,7
79126,55,66,-11,11
79127,140,137,3,3
79128,122,126,-4,4
79129,92,78,14,14
79130,59,63,-4,4
79131,112,122,-10,10
79132,97,102,-5,5
79133,109,116,-7,7
79134,121,141,-20,20
79135,75,77,-2,2
79136,80,77,3,3
79137,104,104,0,0
79138,130,130,0,0
79139,148,149,-1,1
79140,54,53,1,1
79141,121,112,9,9
79142,65,84,-19,19
79143,51,62,-11,11
79144,142,123,19,19
79145,40,40,0,0
79146,58,65,-7,7
79147,92,89,3,3
79148,71,75,-4,4
79149,96,92,4,4
79150,118,111,7,7
79151,54,62,-8,8
79152,91,101,-10,10
79153,70,68,2,2
79154,85,84,1,1
79155,47,51,-4,4
79156,137,137,0,0
79157,88,106,-18,18
79158,73,77,-4,4
79159,99,100,-1,1
79160,68,72,-4,4
79161,174,177,-3,3
79162,119,127,-8,8
79163,84,84,0,0
79164,103,119,-16,16
79165,174,173,1,1
79166,98,93,5,5
79167,86,77,9,9
79168,101,106,-5,5
79169,88,79,9,9
79170,78,71,7,7
79171,94,92,2,2
79172,131,127,4,4
79173,104,98,6,6
79174,89,100,-11,11
79175,104,119,-15,15
79176,43,51,-8,8
79177,85,85,0,0
79178,66,70,-4,4
79179,108,117,-9,9
79180,89,106,-17,17
79181,54,60,-6,6
79182,75,76,-1,1
79183,85,98,-13,13
79184,94,93,1,1
79185,58,64,-6,6
79186,191,190,1,1
79187,63,60,3,3
79188,73,67,6,6
79189,92,94,-2,2
79190,125,115,10,10
79191,90,90,0,0
79192,128,129,-1,1
79193,38,49,-11,11
79194,84,77,7,7
79195,85,81,4,4
79196,147,141,6,6
79197,54,56,-2,2
79198,78,79,-1,1
79199,117,109,8,8
79200,78,83,-5,5
79201,83,80,3,3
79202,125,152,-27,27
79203,108,107,1,1
79204,94,99,-5,5
79205,45,48,-3,3
79206,120,122,-2,2
79207,86,85,1,1
79208,85,85,0,0
79209,50,51,-1,1
79210,89,85,4,4
79211,90,85,5,5
79212,75,77,-2,2
79213,110,117,-7,7
79214,82,81,1,1
79215,140,138,2,2
79216,102,108,-6,6
79217,78,83,-5,5
79218,90,91,-1,1
79219,49,55,-6,6
79220,60,59,1,1
79221,128,144,-16,16
79222,91,93,-2,2
79223,94,92,2,2
79224,101,98,3,3
79225,90,88,2,2
79226,115,114,1,1
79227,111,100,11,11
79228,110,121,-11,11
79229,64,70,-6,6
79230,112,97,15,15
79231,88,93,-5,5
79232,108,99,9,9
79233,100,103,-3,3
79234,66,64,2,2
79235,142,126,16,16
79236,64,68,-4,4
79237,140,134,6,6
79238,124,120,4,4
79239,66,70,-4,4
79240,99,97,2,2
79241,78,74,4,4
79242,103,114,-11,11
79243,121,121,0,0
79244,96,90,6,6
79245,30,35,-5,5
79246,69,66,3,3
79247,97,90,7,7
79248,81,75,6,6
79249,72,72,0,0
79250,93,84,9,9
79251,84,93,-9,9
79252,84,98,-14,14
79253,98,102,-4,4
79254,57,74,-17,17
79255,81,85,-4,4
79256,88,99,-11,11
79257,98,100,-2,2
79258,171,165,6,6
79259,76,76,0,0
79260,126,134,-8,8
79261,90,91,-1,1
79262,91,82,9,9
79263,94,85,9,9
79264,91,84,7,7
79265,122,119,3,3
79266,81,88,-7,7
79267,86,105,-19,19
79268,79,79,0,0
79269,76,87,-11,11
79270,97,108,-11,11
79271,125,148,-23,23
79272,125,131,-6,6
79273,62,66,-4,4
79274,63,69,-6,6
79275,81,84,-3,3
79276,115,103,12,12
79277,162,165,-3,3
79278,103,101,2,2
79279,64,68,-4,4
79280,153,143,10,10
79281,69,79,-10,10
79282,132,122,10,10
79283,76,71,5,5
79284,63,77,-14,14
79285,65,68,-3,3
79286,89,82,7,7
79287,165,140,25,25
79288,84,81,3,3
79289,89,83,6,6
79290,130,126,4,4
79291,73,67,6,6
79292,110,123,-13,13
79293,157,143,14,14
79294,82,85,-3,3
79295,100,103,-3,3
79296,128,125,3,3
79297,122,120,2,2
79298,102,106,-4,4
79299,102,96,6,6
79300,86,76,10,10
79301,124,127,-3,3
79302,157,146,11,11
79303,104,103,1,1
79304,94,99,-5,5
79305,59,60,-1,1
79306,103,100,3,3
79307,78,74,4,4
79308,73,79,-6,6
79309,76,78,-2,2
79310,112,132,-20,20
79311,103,115,-12,12
79312,159,132,27,27
79313,42,51,-9,9
79314,83,78,5,5
79315,108,110,-2,2
79316,129,124,5,5
79317,129,130,-1,1
79318,145,135,10,10
79319,70,71,-1,1
79320,71,71,0,0
79321,60,67,-7,7
79322,100,98,2,2
79323,173,169,4,4
79324,156,145,11,11
79325,101,101,0,0
79326,99,103,-4,4
79327,130,130,0,0
79328,68,127,-59,59
79329,138,128,10,10
79330,138,139,-1,1
79331,126,127,-1,1
79332,74,71,3,3
79333,75,74,1,1
79334,79,75,4,4
79335,67,71,-4,4
79336,80,122,-42,42
79337,86,76,10,10
79338,57,61,-4,4
79339,111,123,-12,12
79340,95,92,3,3
79341,85,78,7,7
79342,88,84,4,4
79343,72,67,5,5
79344,22,67,-45,45
79345,97,84,13,13
79346,130,120,10,10
79347,55,57,-2,2
79348,95,89,6,6
79349,86,85,1,1
79350,53,56,-3,3
79351,66,64,2,2
79352,122,134,-12,12
79353,130,132,-2,2
79354,135,130,5,5
79355,47,51,-4,4
79356,65,102,-37,37
79357,46,41,5,5
79358,155,136,19,19
79359,60,65,-5,5
79360,75,80,-5,5
79361,97,89,8,8
79362,142,120,22,22
79363,57,64,-7,7
79364,80,79,1,1
79365,44,45,-1,1
79366,107,109,-2,2
79367,39,59,-20,20
79368,163,163,0,0
79369,152,167,-15,15
79370,119,118,1,1
79371,98,85,13,13
79372,67,79,-12,12
79373,61,60,1,1
79374,99,102,-3,3
79375,62,64,-2,2
79376,68,68,0,0
79377,72,74,-2,2
79378,83,87,-4,4
79379,103,97,6,6
79380,116,129,-13,13
79381,122,126,-4,4
79382,88,92,-4,4
79383,129,122,7,7
79384,86,84,2,2
79385,82,83,-1,1
79386,83,88,-5,5
79387,71,82,-11,11
79388,77,78,-1,1
79389,100,107,-7,7
79390,206,194,12,12
79391,152,174,-22,22
79392,58,57,1,1
79393,141,138,3,3
79394,96,86,10,10
79395,149,130,19,19
79396,80,75,5,5
79397,48,50,-2,2
79398,75,78,-3,3
79399,95,90,5,5
79400,126,132,-6,6
79401,74,71,3,3
79402,95,91,4,4
79403,59,64,-5,5
79404,164,165,-1,1
79405,95,91,4,4
79406,46,43,3,3
79407,88,86,2,2
79408,135,142,-7,7
79409,140,128,12,12
79410,103,106,-3,3
79411,69,69,0,0
79412,144,127,17,17
79413,147,137,10,10
79414,105,112,-7,7
79415,154,126,28,28
79416,77,76,1,1
79417,74,79,-5,5
79418,132,127,5,5
79419,56,60,-4,4
79420,48,52,-4,4
79421,77,78,-1,1
79422,20,36,-16,16
79423,94,102,-8,8
79424,66,72,-6,6
79425,72,72,0,0
79426,130,122,8,8
79427,282,247,35,35
79428,139,119,20,20
79429,99,113,-14,14
79430,67,71,-4,4
79431,72,78,-6,6
79432,96,108,-12,12
79433,76,79,-3,3
79434,119,112,7,7
79435,93,82,11,11
79436,61,67,-6,6
79437,79,73,6,6
79438,107,105,2,2
79439,152,160,-8,8
79440,85,79,6,6
79441,62,63,-1,1
79442,103,90,13,13
79443,59,56,3,3
79444,109,117,-8,8
79445,84,98,-14,14
79446,85,85,0,0
79447,77,90,-13,13
79448,182,176,6,6
79449,105,112,-7,7
79450,165,165,0,0
79451,101,100,1,1
79452,91,87,4,4
79453,93,91,2,2
79454,105,109,-4,4
79455,98,104,-6,6
79456,140,141,-1,1
79457,150,140,10,10
79458,168,157,11,11
79459,155,148,7,7
79460,75,65,10,10
79461,56,55,1,1
79462,41,54,-13,13
79463,84,83,1,1
79464,46,54,-8,8
79465,168,166,2,2
79466,148,140,8,8
79467,92,95,-3,3
79468,93,90,3,3
79469,108,100,8,8
79470,52,58,-6,6
79471,100,100,0,0
79472,77,86,-9,9
79473,95,89,6,6
79474,67,69,-2,2
79475,84,73,11,11
79476,107,106,1,1
79477,80,75,5,5
79478,104,104,0,0
79479,86,86,0,0
79480,90,80,10,10
79481,70,79,-9,9
79482,125,136,-11,11
79483,68,69,-1,1
79484,125,126,-1,1
79485,133,136,-3,3
79486,77,75,2,2
79487,70,77,-7,7
79488,182,173,9,9
79489,114,104,10,10
79490,114,114,0,0
79491,183,182,1,1
79492,57,64,-7,7
79493,111,114,-3,3
79494,49,55,-6,6
79495,58,61,-3,3
79496,97,111,-14,14
79497,141,147,-6,6
79498,133,133,0,0
79499,115,107,8,8
79500,142,134,8,8
79501,53,55,-2,2
79502,69,65,4,4
79503,152,131,21,21
79504,52,57,-5,5
79505,145,143,2,2
79506,90,85,5,5
79507,125,119,6,6
79508,73,65,8,8
79509,72,74,-2,2
79510,69,80,-11,11
79511,146,134,12,12
79512,149,149,0,0
79513,79,81,-2,2
79514,105,115,-10,10
79515,65,63,2,2
79516,139,128,11,11
79517,123,119,4,4
79518,105,87,18,18
79519,40,44,-4,4
79520,65,68,-3,3
79521,134,130,4,4
79522,123,118,5,5
79523,127,118,9,9
79524,39,64,-25,25
79525,104,116,-12,12
79526,48,52,-4,4
79527,78,85,-7,7
79528,102,103,-1,1
79529,72,62,10,10
79530,130,133,-3,3
79531,107,107,0,0
79532,90,89,1,1
79533,85,83,2,2
79534,103,108,-5,5
79535,118,114,4,4
79536,67,75,-8,8
79537,101,88,13,13
79538,108,96,12,12
79539,134,151,-17,17
79540,83,76,7,7
79541,103,90,13,13
79542,43,60,-17,17
79543,154,141,13,13
79544,137,138,-1,1
79545,133,124,9,9
79546,165,143,22,22
79547,68,73,-5,5
79548,144,141,3,3
79549,112,114,-2,2
79550,96,100,-4,4
79551,84,75,9,9
79552,131,116,15,15
79553,95,90,5,5
79554,166,148,18,18
79555,56,60,-4,4
79556,112,112,0,0
79557,55,55,0,0
79558,88,88,0,0
79559,81,74,7,7
79560,79,77,2,2
79561,105,110,-5,5
79562,52,57,-5,5
79563,131,127,4,4
79564,101,106,-5,5
79565,98,83,15,15
79566,60,56,4,4
79567,66,70,-4,4
79568,85,77,8,8
79569,81,77,4,4
79570,117,127,-10,10
79571,61,61,0,0
79572,74,78,-4,4
79573,64,69,-5,5
79574,61,62,-1,1
79575,106,105,1,1
79576,82,81,1,1
79577,68,86,-18,18
79578,100,107,-7,7
79579,111,95,16,16
79580,73,78,-5,5
79581,110,112,-2,2
79582,110,115,-5,5
79583,150,145,5,5
79584,119,123,-4,4
79585,140,140,0,0
79586,107,102,5,5
79587,31,46,-15,15
79588,111,110,1,1
79589,93,100,-7,7
79590,73,75,-2,2
79591,75,82,-7,7
79592,106,121,-15,15
79593,46,52,-6,6
79594,169,161,8,8
79595,128,127,1,1
79596,189,189,0,0
79597,119,119,0,0
79598,61,57,4,4
79599,109,113,-4,4
79600,129,118,11,11
79601,118,123,-5,5
79602,91,90,1,1
79603,95,99,-4,4
79604,106,92,14,14
79605,188,182,6,6
79606,78,76,2,2
79607,59,73,-14,14
79608,66,66,0,0
79609,62,66,-4,4
79610,137,133,4,4
79611,82,85,-3,3
79612,115,118,-3,3
79613,102,102,0,0
79614,50,76,-26,26
79615,119,119,0,0
79616,159,162,-3,3
79617,146,145,1,1
79618,62,60,2,2
79619,72,66,6,6
79620,82,82,0,0
79621,64,69,-5,5
79622,74,75,-1,1
79623,104,99,5,5
79624,169,134,35,35
79625,86,90,-4,4
79626,178,187,-9,9
79627,83,80,3,3
79628,115,114,1,1
79629,124,125,-1,1
79630,123,148,-25,25
79631,90,91,-1,1
79632,51,54,-3,3
79633,99,94,5,5
79634,99,123,-24,24
79635,108,99,9,9
79636,124,110,14,14
79637,144,146,-2,2
79638,128,136,-8,8
79639,70,72,-2,2
79640,74,83,-9,9
79641,134,139,-5,5
79642,119,126,-7,7
79643,41,47,-6,6
79644,101,109,-8,8
79645,149,139,10,10
79646,121,114,7,7
79647,56,55,1,1
79648,108,106,2,2
79649,72,76,-4,4
79650,98,93,5,5
79651,67,65,2,2
79652,69,70,-1,1
79653,89,87,2,2
79654,122,134,-12,12
79655,75,76,-1,1
79656,80,85,-5,5
79657,184,183,1,1
79658,80,79,1,1
79659,136,135,1,1
79660,85,85,0,0
79661,86,83,3,3
79662,99,104,-5,5
79663,161,166,-5,5
79664,106,115,-9,9
79665,86,87,-1,1
79666,160,151,9,9
79667,140,148,-8,8
79668,157,159,-2,2
79669,121,124,-3,3
79670,61,68,-7,7
79671,108,107,1,1
79672,110,110,0,0
79673,101,92,9,9
79674,85,84,1,1
79675,125,125,0,0
79676,67,67,0,0
79677,64,65,-1,1
79678,47,62,-15,15
79679,111,120,-9,9
79680,45,49,-4,4
79681,79,66,13,13
79682,102,100,2,2
79683,99,80,19,19
79684,121,119,2,2
79685,75,85,-10,10
79686,172,167,5,5
79687,67,72,-5,5
79688,111,104,7,7
79689,119,130,-11,11
79690,134,126,8,8
79691,139,136,3,3
79692,67,70,-3,3
79693,100,122,-22,22
79694,64,68,-4,4
79695,105,107,-2,2
79696,106,105,1,1
79697,41,47,-6,6
79698,122,119,3,3
79699,96,102,-6,6
79700,74,77,-3,3
79701,97,91,6,6
79702,106,101,5,5
79703,58,57,1,1
79704,61,61,0,0
79705,72,67,5,5
79706,97,99,-2,2
79707,104,108,-4,4
79708,90,91,-1,1
79709,190,177,13,13
79710,113,124,-11,11
79711,72,99,-27,27
79712,102,99,3,3
79713,143,119,24,24
79714,71,71,0,0
79715,80,86,-6,6
79716,45,53,-8,8
79717,57,63,-6,6
79718,109,107,2,2
79719,80,79,1,1
79720,54,64,-10,10
79721,75,82,-7,7
79722,80,80,0,0
79723,73,75,-2,2
79724,216,196,20,20
79725,73,79,-6,6
79726,124,122,2,2
79727,160,129,31,31
79728,140,134,6,6
79729,136,131,5,5
79730,68,65,3,3
79731,91,89,2,2
79732,69,63,6,6
79733,93,102,-9,9
79734,103,103,0,0
79735,93,98,-5,5
79736,53,57,-4,4
79737,116,114,2,2
79738,57,67,-10,10
79739,89,86,3,3
79740,58,59,-1,1
79741,136,138,-2,2
79742,95,96,-1,1
79743,59,65,-6,6
79744,169,156,13,13
79745,105,109,-4,4
79746,119,104,15,15
79747,89,88,1,1
79748,132,123,9,9
79749,81,74,7,7
79750,52,49,3,3
79751,139,118,21,21
79752,60,65,-5,5
79753,128,122,6,6
79754,54,54,0,0
79755,123,128,-5,5
79756,99,102,-3,3
79757,36,45,-9,9
79758,40,44,-4,4
79759,114,114,0,0
79760,89,80,9,9
79761,68,72,-4,4
79762,96,85,11,11
79763,120,119,1,1
79764,85,85,0,0
79765,67,64,3,3
79766,90,96,-6,6
79767,59,62,-3,3
79768,86,78,8,8
79769,187,181,6,6
79770,117,114,3,3
79771,50,61,-11,11
79772,90,86,4,4
79773,92,83,9,9
79774,57,64,-7,7
79775,55,57,-2,2
79776,51,59,-8,8
79777,84,87,-3,3
79778,110,112,-2,2
79779,52,67,-15,15
79780,56,68,-12,12
79781,82,81,1,1
79782,141,142,-1,1
79783,104,101,3,3
79784,113,120,-7,7
79785,119,113,6,6
79786,124,121,3,3
79787,79,79,0,0
79788,99,97,2,2
79789,133,119,14,14
79790,53,57,-4,4
79791,88,84,4,4
79792,58,59,-1,1
79793,90,97,-7,7
79794,89,100,-11,11
79795,91,101,-10,10
79796,110,110,0,0
79797,77,78,-1,1
79798,71,75,-4,4
79799,77,81,-4,4
79800,115,121,-6,6
79801,62,75,-13,13
79802,167,167,0,0
79803,105,111,-6,6
79804,100,98,2,2
79805,100,109,-9,9
79806,111,118,-7,7
79807,92,88,4,4
79808,162,160,2,2
79809,109,113,-4,4
79810,164,158,6,6
79811,63,59,4,4
79812,67,72,-5,5
79813,158,167,-9,9
79814,82,83,-1,1
79815,65,61,4,4
79816,118,112,6,6
79817,87,98,-11,11
79818,159,158,1,1
79819,122,113,9,9
79820,102,103,-1,1
79821,63,63,0,0
79822,94,98,-4,4
79823,100,106,-6,6
79824,87,72,15,15
79825,98,93,5,5
79826,79,73,6,6
79827,104,94,10,10
79828,115,109,6,6
79829,118,136,-18,18
79830,82,84,-2,2
79831,130,121,9,9
79832,98,102,-4,4
79833,141,146,-5,5
79834,197,184,13,13
79835,141,144,-3,3
79836,91,91,0,0
79837,80,78,2,2
79838,104,90,14,14
79839,171,164,7,7
79840,292,246,46,46
79841,113,119,-6,6
79842,111,107,4,4
79843,116,117,-1,1
79844,66,64,2,2
79845,146,143,3,3
79846,62,65,-3,3
79847,105,105,0,0
79848,66,68,-2,2
79849,59,61,-2,2
79850,74,77,-3,3
79851,91,81,10,10
79852,117,116,1,1
79853,101,109,-8,8
79854,167,175,-8,8
79855,69,69,0,0
79856,120,121,-1,1
79857,119,115,4,4
79858,130,126,4,4
79859,69,66,3,3
79860,97,105,-8,8
79861,76,80,-4,4
79862,183,177,6,6
79863,65,73,-8,8
79864,155,144,11,11
79865,80,74,6,6
79866,107,112,-5,5
79867,46,60,-14,14
79868,95,89,6,6
79869,72,73,-1,1
79870,74,81,-7,7
79871,73,74,-1,1
79872,66,59,7,7
79873,76,80,-4,4
79874,75,78,-3,3
79875,36,58,-22,22
79876,82,82,0,0
79877,150,142,8,8
79878,88,97,-9,9
79879,40,49,-9,9
79880,82,84,-2,2
79881,166,159,7,7
79882,113,113,0,0
79883,120,122,-2,2
79884,136,133,3,3
79885,53,60,-7,7
79886,233,223,10,10
79887,78,76,2,2
79888,112,111,1,1
79889,103,114,-11,11
79890,100,94,6,6
79891,86,92,-6,6
79892,69,75,-6,6
79893,109,109,0,0
79894,105,104,1,1
79895,51,86,-35,35
79896,99,110,-11,11
79897,138,143,-5,5
79898,42,91,-49,49
79899,87,82,5,5
79900,141,138,3,3
79901,75,86,-11,11
79902,96,92,4,4
79903,56,58,-2,2
79904,122,118,4,4
79905,65,68,-3,3
79906,113,102,11,11
79907,67,63,4,4
79908,83,80,3,3
79909,91,78,13,13
79910,136,137,-1,1
79911,85,79,6,6
79912,66,70,-4,4
79913,79,67,12,12
79914,73,75,-2,2
79915,106,106,0,0
79916,76,75,1,1
79917,149,140,9,9
79918,38,52,-14,14
79919,108,104,4,4
79920,91,98,-7,7
79921,105,108,-3,3
79922,85,88,-3,3
79923,62,73,-11,11
79924,117,135,-18,18
79925,62,70,-8,8
79926,115,106,9,9
79927,85,73,12,12
79928,150,152,-2,2
79929,132,131,1,1
79930,74,80,-6,6
79931,44,63,-19,19
79932,152,154,-2,2
79933,142,147,-5,5
79934,106,112,-6,6
79935,97,102,-5,5
79936,97,85,12,12
79937,53,62,-9,9
79938,116,119,-3,3
79939,141,140,1,1
79940,109,114,-5,5
79941,90,87,3,3
79942,111,115,-4,4
79943,186,191,-5,5
79944,133,129,4,4
79945,83,79,4,4
79946,69,82,-13,13
79947,73,75,-2,2
79948,154,143,11,11
79949,93,107,-14,14
79950,87,84,3,3
79951,126,127,-1,1
79952,91,98,-7,7
79953,79,80,-1,1
79954,82,89,-7,7
79955,112,91,21,21
79956,72,66,6,6
79957,179,181,-2,2
79958,67,74,-7,7
79959,61,78,-17,17
79960,134,123,11,11
79961,129,122,7,7
79962,79,77,2,2
79963,95,99,-4,4
79964,147,141,6,6
79965,86,90,-4,4
79966,64,68,-4,4
79967,73,81,-8,8
79968,60,61,-1,1
79969,122,127,-5,5
79970,91,101,-10,10
79971,78,77,1,1
79972,69,78,-9,9
79973,64,83,-19,19
79974,120,115,5,5
79975,101,105,-4,4
79976,51,56,-5,5
79977,80,85,-5,5
79978,100,134,-34,34
79979,104,107,-3,3
79980,69,76,-7,7
79981,94,98,-4,4
79982,110,123,-13,13
79983,157,160,-3,3
79984,56,62,-6,6
79985,118,123,-5,5
79986,29,25,4,4
79987,110,141,-31,31
79988,102,105,-3,3
79989,78,80,-2,2
79990,116,130,-14,14
79991,129,131,-2,2
79992,124,133,-9,9
79993,69,87,-18,18
79994,94,100,-6,6
79995,105,100,5,5
79996,127,142,-15,15
79997,99,102,-3,3
79998,106,99,7,7
79999,45,42,3,3
80000,73,70,3,3
80001,57,51,6,6
80002,71,72,-1,1
80003,84,85,-1,1
80004,91,97,-6,6
80005,93,91,2,2
80006,75,80,-5,5
80007,98,92,6,6
80008,76,75,1,1
80009,87,84,3,3
80010,100,109,-9,9
80011,101,96,5,5
80012,63,76,-13,13
80013,94,86,8,8
80014,58,64,-6,6
80015,77,67,10,10
80016,136,126,10,10
80017,86,91,-5,5
80018,109,104,5,5
80019,77,76,1,1
80020,146,140,6,6
80021,128,128,0,0
80022,164,158,6,6
80023,71,75,-4,4
80024,147,150,-3,3
80025,96,90,6,6
80026,65,65,0,0
80027,95,95,0,0
80028,84,86,-2,2
80029,104,102,2,2
80030,75,79,-4,4
80031,168,164,4,4
80032,200,181,19,19
80033,153,157,-4,4
80034,171,170,1,1
80035,111,120,-9,9
80036,65,75,-10,10
80037,85,99,-14,14
80038,98,86,12,12
80039,111,111,0,0
80040,112,112,0,0
80041,113,108,5,5
80042,148,133,15,15
80043,115,113,2,2
80044,63,73,-10,10
80045,95,87,8,8
80046,98,104,-6,6
80047,117,120,-3,3
80048,144,137,7,7
80049,115,125,-10,10
80050,124,119,5,5
80051,115,122,-7,7
80052,93,102,-9,9
80053,83,86,-3,3
80054,83,85,-2,2
80055,106,108,-2,2
80056,104,105,-1,1
80057,149,166,-17,17
80058,94,103,-9,9
80059,61,66,-5,5
80060,63,75,-12,12
80061,98,102,-4,4
80062,70,77,-7,7
80063,96,103,-7,7
80064,89,88,1,1
80065,120,142,-22,22
80066,85,77,8,8
80067,159,136,23,23
80068,144,145,-1,1
80069,63,67,-4,4
80070,102,103,-1,1
80071,119,110,9,9
80072,106,111,-5,5
80073,88,74,14,14
80074,54,57,-3,3
80075,58,62,-4,4
80076,130,121,9,9
80077,168,155,13,13
80078,73,73,0,0
80079,133,135,-2,2
80080,98,103,-5,5
80081,86,81,5,5
80082,81,85,-4,4
80083,83,81,2,2
80084,59,63,-4,4
80085,43,52,-9,9
80086,80,81,-1,1
80087,73,77,-4,4
80088,86,87,-1,1
80089,89,114,-25,25
80090,77,80,-3,3
80091,59,56,3,3
80092,64,98,-34,34
80093,82,78,4,4
80094,47,53,-6,6
80095,99,83,16,16
80096,104,106,-2,2
80097,62,68,-6,6
80098,70,77,-7,7
80099,65,70,-5,5
80100,79,78,1,1
80101,86,87,-1,1
80102,105,101,4,4
80103,91,100,-9,9
80104,117,110,7,7
80105,43,53,-10,10
80106,171,164,7,7
80107,115,115,0,0
80108,111,116,-5,5
80109,73,76,-3,3
80110,118,116,2,2
80111,84,79,5,5
80112,96,104,-8,8
80113,115,118,-3,3
80114,172,162,10,10
80115,138,134,4,4
80116,130,121,9,9
80117,142,139,3,3
80118,92,99,-7,7
80119,71,66,5,5
80120,42,47,-5,5
80121,93,88,5,5
80122,116,107,9,9
80123,90,77,13,13
80124,74,78,-4,4
80125,56,63,-7,7
80126,139,125,14,14
80127,76,84,-8,8
80128,97,106,-9,9
80129,88,91,-3,3
80130,70,72,-2,2
80131,148,144,4,4
80132,70,71,-1,1
80133,112,110,2,2
80134,81,69,12,12
80135,52,55,-3,3
80136,95,102,-7,7
80137,80,84,-4,4
80138,46,54,-8,8
80139,50,52,-2,2
80140,129,126,3,3
80141,90,91,-1,1
80142,132,115,17,17
80143,143,135,8,8
80144,130,147,-17,17
80145,147,138,9,9
80146,103,101,2,2
80147,61,58,3,3
80148,88,96,-8,8
80149,158,151,7,7
80150,50,56,-6,6
80151,115,114,1,1
80152,86,90,-4,4
80153,95,91,4,4
80154,135,145,-10,10
80155,84,87,-3,3
80156,116,134,-18,18
80157,31,40,-9,9
80158,86,87,-1,1
80159,87,81,6,6
80160,99,90,9,9
80161,61,67,-6,6
80162,66,64,2,2
80163,99,100,-1,1
80164,83,72,11,11
80165,63,63,0,0
80166,85,79,6,6
80167,90,96,-6,6
80168,114,111,3,3
80169,77,77,0,0
80170,74,81,-7,7
80171,85,82,3,3
80172,49,88,-39,39
80173,29,36,-7,7
80174,77,73,4,4
80175,70,76,-6,6
80176,72,79,-7,7
80177,67,85,-18,18
80178,73,74,-1,1
80179,112,102,10,10
80180,153,158,-5,5
80181,120,121,-1,1
80182,96,100,-4,4
80183,104,105,-1,1
80184,74,76,-2,2
80185,50,45,5,5
80186,74,74,0,0
80187,91,86,5,5
80188,100,103,-3,3
80189,45,60,-15,15
80190,96,102,-6,6
80191,57,59,-2,2
80192,117,114,3,3
80193,116,113,3,3
80194,117,120,-3,3
80195,85,96,-11,11
80196,90,94,-4,4
80197,120,107,13,13
80198,63,70,-7,7
80199,131,149,-18,18
80200,55,60,-5,5
80201,159,165,-6,6
80202,95,88,7,7
80203,91,91,0,0
80204,52,53,-1,1
80205,73,72,1,1
80206,107,105,2,2
80207,73,81,-8,8
80208,144,136,8,8
80209,101,109,-8,8
80210,84,79,5,5
80211,72,79,-7,7
80212,100,115,-15,15
80213,57,60,-3,3
80214,89,83,6,6
80215,85,82,3,3
80216,136,136,0,0
80217,104,108,-4,4
80218,180,169,11,11
80219,88,85,3,3
80220,81,91,-10,10
80221,98,99,-1,1
80222,63,60,3,3
80223,81,92,-11,11
80224,132,141,-9,9
80225,139,138,1,1
80226,156,142,14,14
80227,94,99,-5,5
80228,113,119,-6,6
80229,155,178,-23,23
80230,106,99,7,7
80231,71,76,-5,5
80232,98,107,-9,9
80233,48,128,-80,80
80234,54,58,-4,4
80235,86,82,4,4
80236,103,107,-4,4
80237,148,138,10,10
80238,73,69,4,4
80239,135,143,-8,8
80240,93,91,2,2
80241,137,141,-4,4
80242,82,81,1,1
80243,78,73,5,5
80244,95,101,-6,6
80245,74,72,2,2
80246,95,98,-3,3
80247,64,68,-4,4
80248,100,109,-9,9
80249,95,103,-8,8
80250,28,41,-13,13
80251,38,44,-6,6
80252,92,90,2,2
80253,134,137,-3,3
80254,68,73,-5,5
80255,117,114,3,3
80256,118,114,4,4
80257,79,74,5,5
80258,61,63,-2,2
80259,132,123,9,9
80260,98,112,-14,14
80261,70,75,-5,5
80262,117,112,5,5
80263,61,57,4,4
80264,69,73,-4,4
80265,76,68,8,8
80266,56,64,-8,8
80267,108,104,4,4
80268,70,70,0,0
80269,53,55,-2,2
80270,94,97,-3,3
80271,158,157,1,1
80272,146,145,1,1
80273,94,97,-3,3
80274,48,54,-6,6
80275,85,89,-4,4
80276,117,106,11,11
80277,119,107,12,12
80278,72,77,-5,5
80279,103,103,0,0
80280,85,83,2,2
80281,121,110,11,11
80282,66,74,-8,8
80283,177,188,-11,11
80284,85,81,4,4
80285,151,157,-6,6
80286,57,57,0,0
80287,83,71,12,12
80288,68,69,-1,1
80289,118,121,-3,3
80290,70,67,3,3
80291,30,46,-16,16
80292,94,105,-11,11
80293,68,72,-4,4
80294,153,157,-4,4
80295,81,78,3,3
80296,106,106,0,0
80297,93,85,8,8
80298,152,155,-3,3
80299,117,118,-1,1
80300,121,118,3,3
80301,104,110,-6,6
80302,130,119,11,11
80303,113,111,2,2
80304,108,104,4,4
80305,110,103,7,7
80306,76,85,-9,9
80307,119,118,1,1
80308,79,71,8,8
80309,96,99,-3,3
80310,74,90,-16,16
80311,71,68,3,3
80312,79,73,6,6
80313,62,64,-2,2
80314,67,71,-4,4
80315,149,130,19,19
80316,70,74,-4,4
80317,87,84,3,3
80318,302,264,38,38
80319,51,60,-9,9
80320,73,72,1,1
80321,47,51,-4,4
80322,138,126,12,12
80323,155,148,7,7
80324,67,73,-6,6
80325,118,125,-7,7
80326,73,74,-1,1
80327,67,72,-5,5
80328,43,55,-12,12
80329,101,111,-10,10
80330,89,83,6,6
80331,67,73,-6,6
80332,148,150,-2,2
80333,131,128,3,3
80334,73,67,6,6
80335,135,148,-13,13
80336,71,78,-7,7
80337,71,70,1,1
80338,108,99,9,9
80339,131,122,9,9
80340,115,127,-12,12
80341,56,60,-4,4
80342,84,83,1,1
80343,92,99,-7,7
80344,38,41,-3,3
80345,134,119,15,15
80346,75,77,-2,2
80347,124,113,11,11
80348,126,127,-1,1
80349,103,116,-13,13
80350,57,51,6,6
80351,82,90,-8,8
80352,113,117,-4,4
80353,103,114,-11,11
80354,119,106,13,13
80355,259,274,-15,15
80356,87,85,2,2
80357,180,151,29,29
80358,84,93,-9,9
80359,110,122,-12,12
80360,116,109,7,7
80361,114,115,-1,1
80362,124,137,-13,13
80363,92,84,8,8
80364,86,95,-9,9
80365,85,88,-3,3
80366,65,66,-1,1
80367,73,74,-1,1
80368,72,74,-2,2
80369,108,111,-3,3
80370,47,50,-3,3
80371,96,102,-6,6
80372,66,71,-5,5
80373,70,79,-9,9
80374,134,129,5,5
80375,47,52,-5,5
80376,50,58,-8,8
80377,69,77,-8,8
80378,82,83,-1,1
80379,103,102,1,1
80380,79,77,2,2
80381,82,86,-4,4
80382,77,88,-11,11
80383,77,83,-6,6
80384,99,102,-3,3
80385,99,103,-4,4
80386,156,167,-11,11
80387,82,76,6,6
80388,123,115,8,8
80389,75,70,5,5
80390,47,55,-8,8
80391,32,39,-7,7
80392,72,77,-5,5
80393,92,91,1,1
80394,128,106,22,22
80395,100,108,-8,8
80396,78,86,-8,8
80397,141,135,6,6
80398,361,313,48,48
80399,142,134,8,8
80400,28,51,-23,23
80401,53,55,-2,2
80402,80,84,-4,4
80403,81,86,-5,5
80404,181,157,24,24
80405,55,59,-4,4
80406,81,79,2,2
80407,58,63,-5,5
80408,28,31,-3,3
80409,76,82,-6,6
80410,77,86,-9,9
80411,125,123,2,2
80412,89,101,-12,12
80413,91,90,1,1
80414,103,109,-6,6
80415,97,100,-3,3
80416,90,80,10,10
80417,69,71,-2,2
80418,140,141,-1,1
80419,59,53,6,6
80420,140,136,4,4
80421,119,124,-5,5
80422,86,97,-11,11
80423,71,71,0,0
80424,179,173,6,6
80425,119,106,13,13
80426,115,110,5,5
80427,61,73,-12,12
80428,160,163,-3,3
80429,127,129,-2,2
80430,186,189,-3,3
80431,95,101,-6,6
80432,73,79,-6,6
80433,86,81,5,5
80434,64,70,-6,6
80435,164,156,8,8
80436,80,79,1,1
80437,107,124,-17,17
80438,138,130,8,8
80439,95,94,1,1
80440,161,151,10,10
80441,81,78,3,3
80442,118,117,1,1
80443,102,103,-1,1
80444,79,79,0,0
80445,83,81,2,2
80446,96,83,13,13
80447,99,104,-5,5
80448,101,99,2,2
80449,73,74,-1,1
80450,151,146,5,5
80451,86,92,-6,6
80452,107,103,4,4
80453,102,99,3,3
80454,87,86,1,1
80455,110,106,4,4
80456,75,83,-8,8
80457,68,91,-23,23
80458,88,96,-8,8
80459,84,80,4,4
80460,81,79,2,2
80461,78,79,-1,1
80462,73,73,0,0
80463,103,98,5,5
80464,175,164,11,11
80465,122,120,2,2
80466,106,105,1,1
80467,53,50,3,3
80468,120,120,0,0
80469,135,136,-1,1
80470,96,93,3,3
80471,69,70,-1,1
80472,86,87,-1,1
80473,94,101,-7,7
80474,46,50,-4,4
80475,93,97,-4,4
80476,111,117,-6,6
80477,54,58,-4,4
80478,63,64,-1,1
80479,59,71,-12,12
80480,61,63,-2,2
80481,68,71,-3,3
80482,140,126,14,14
80483,79,75,4,4
80484,148,151,-3,3
80485,114,117,-3,3
80486,77,83,-6,6
80487,95,82,13,13
80488,53,50,3,3
80489,102,110,-8,8
80490,150,154,-4,4
80491,142,123,19,19
80492,123,132,-9,9
80493,85,82,3,3
80494,86,80,6,6
80495,106,101,5,5
80496,123,118,5,5
80497,99,100,-1,1
80498,78,72,6,6
80499,74,73,1,1
80500,83,78,5,5
80501,68,100,-32,32
80502,100,107,-7,7
80503,71,65,6,6
80504,85,73,12,12
80505,105,101,4,4
80506,132,129,3,3
80507,109,101,8,8
80508,95,97,-2,2
80509,101,100,1,1
80510,49,62,-13,13
80511,37,38,-1,1
80512,80,85,-5,5
80513,66,58,8,8
80514,70,73,-3,3
80515,93,85,8,8
80516,54,59,-5,5
80517,99,106,-7,7
80518,100,101,-1,1
80519,143,141,2,2
80520,67,61,6,6
80521,69,70,-1,1
80522,72,90,-18,18
80523,88,98,-10,10
80524,116,96,20,20
80525,103,103,0,0
80526,129,130,-1,1
80527,112,111,1,1
80528,47,50,-3,3
80529,80,78,2,2
80530,87,84,3,3
80531,102,110,-8,8
80532,111,112,-1,1
80533,113,116,-3,3
80534,85,79,6,6
80535,57,63,-6,6
80536,110,106,4,4
80537,91,92,-1,1
80538,127,121,6,6
80539,71,71,0,0
80540,110,105,5,5
80541,143,141,2,2
80542,90,92,-2,2
80543,122,112,10,10
80544,124,119,5,5
80545,53,56,-3,3
80546,77,81,-4,4
80547,35,40,-5,5
80548,63,76,-13,13
80549,115,110,5,5
80550,128,127,1,1
80551,99,103,-4,4
80552,90,102,-12,12
80553,80,78,2,2
80554,98,99,-1,1
80555,95,93,2,2
80556,138,138,0,0
80557,84,81,3,3
80558,129,135,-6,6
80559,101,91,10,10
80560,109,92,17,17
80561,142,145,-3,3
80562,72,58,14,14
80563,110,111,-1,1
80564,52,52,0,0
80565,66,84,-18,18
80566,69,72,-3,3
80567,79,75,4,4
80568,69,71,-2,2
80569,97,92,5,5
80570,96,92,4,4
80571,105,103,2,2
80572,144,141,3,3
80573,129,121,8,8
80574,75,80,-5,5
80575,111,106,5,5
80576,149,141,8,8
80577,110,106,4,4
80578,73,74,-1,1
80579,58,63,-5,5
80580,47,50,-3,3
80581,82,91,-9,9
80582,70,72,-2,2
80583,124,109,15,15
80584,78,81,-3,3
80585,136,127,9,9
80586,147,154,-7,7
80587,84,103,-19,19
80588,121,116,5,5
80589,63,58,5,5
80590,94,91,3,3
80591,125,130,-5,5
80592,82,91,-9,9
80593,158,143,15,15
80594,67,74,-7,7
80595,61,70,-9,9
80596,119,119,0,0
80597,65,70,-5,5
80598,86,90,-4,4
80599,98,84,14,14
80600,143,144,-1,1
80601,105,108,-3,3
80602,113,127,-14,14
80603,77,74,3,3
80604,107,115,-8,8
80605,58,61,-3,3
80606,145,145,0,0
80607,52,70,-18,18
80608,109,101,8,8
80609,71,71,0,0
80610,64,70,-6,6
80611,129,121,8,8
80612,83,89,-6,6
80613,40,60,-20,20
80614,102,111,-9,9
80615,65,63,2,2
80616,100,86,14,14
80617,131,128,3,3
80618,90,87,3,3
80619,92,101,-9,9
80620,67,79,-12,12
80621,121,117,4,4
80622,126,117,9,9
80623,93,92,1,1
80624,157,153,4,4
80625,89,88,1,1
80626,53,60,-7,7
80627,96,91,5,5
80628,111,105,6,6
80629,121,118,3,3
80630,67,79,-12,12
80631,59,60,-1,1
80632,88,89,-1,1
80633,71,83,-12,12
80634,57,58,-1,1
80635,118,112,6,6
80636,78,74,4,4
80637,118,115,3,3
80638,85,86,-1,1
80639,102,105,-3,3
80640,69,73,-4,4
80641,179,183,-4,4
80642,94,111,-17,17
80643,100,101,-1,1
80644,91,84,7,7
80645,139,149,-10,10
80646,77,82,-5,5
80647,64,66,-2,2
80648,64,66,-2,2
80649,137,137,0,0
80650,113,113,0,0
80651,93,80,13,13
80652,100,105,-5,5
80653,88,87,1,1
80654,87,85,2,2
80655,144,141,3,3
80656,41,54,-13,13
80657,51,57,-6,6
80658,78,76,2,2
80659,72,71,1,1
80660,66,65,1,1
80661,58,66,-8,8
80662,123,125,-2,2
80663,90,85,5,5
80664,56,55,1,1
80665,98,85,13,13
80666,91,87,4,4
80667,126,121,5,5
80668,68,49,19,19
80669,117,111,6,6
80670,46,50,-4,4
80671,71,74,-3,3
80672,111,108,3,3
80673,89,85,4,4
80674,58,62,-4,4
80675,104,106,-2,2
80676,110,104,6,6
80677,101,103,-2,2
80678,203,219,-16,16
80679,90,93,-3,3
80680,82,79,3,3
80681,133,119,14,14
80682,67,65,2,2
80683,75,76,-1,1
80684,90,83,7,7
80685,91,84,7,7
80686,91,97,-6,6
80687,67,68,-1,1
80688,122,119,3,3
80689,59,62,-3,3
80690,40,43,-3,3
80691,104,98,6,6
80692,118,121,-3,3
80693,92,84,8,8
80694,157,168,-11,11
80695,65,70,-5,5
80696,60,67,-7,7
80697,100,100,0,0
80698,31,43,-12,12
80699,94,89,5,5
80700,45,52,-7,7
80701,109,103,6,6
80702,85,67,18,18
80703,86,93,-7,7
80704,185,170,15,15
80705,97,94,3,3
80706,69,62,7,7
80707,194,190,4,4
80708,63,78,-15,15
80709,141,142,-1,1
80710,87,76,11,11
80711,131,129,2,2
80712,152,142,10,10
80713,96,96,0,0
80714,111,111,0,0
80715,92,80,12,12
80716,108,105,3,3
80717,83,81,2,2
80718,52,57,-5,5
80719,103,108,-5,5
80720,189,180,9,9
80721,80,68,12,12
80722,149,141,8,8
80723,146,134,12,12
80724,66,64,2,2
80725,38,43,-5,5
80726,124,134,-10,10
80727,55,59,-4,4
80728,141,124,17,17
80729,83,116,-33,33
80730,144,151,-7,7
80731,127,131,-4,4
80732,80,73,7,7
80733,125,123,2,2
80734,115,111,4,4
80735,79,79,0,0
80736,73,75,-2,2
80737,92,77,15,15
80738,84,87,-3,3
80739,103,103,0,0
80740,104,111,-7,7
80741,101,108,-7,7
80742,92,100,-8,8
80743,169,156,13,13
80744,53,56,-3,3
80745,114,105,9,9
80746,138,141,-3,3
80747,86,82,4,4
80748,85,86,-1,1
80749,147,144,3,3
80750,58,66,-8,8
80751,128,127,1,1
80752,65,71,-6,6
80753,89,86,3,3
80754,95,103,-8,8
80755,84,86,-2,2
80756,115,109,6,6
80757,142,136,6,6
80758,120,116,4,4
80759,102,105,-3,3
80760,121,142,-21,21
80761,48,57,-9,9
80762,127,105,22,22
80763,76,71,5,5
80764,133,126,7,7
80765,108,104,4,4
80766,67,66,1,1
80767,33,41,-8,8
80768,148,132,16,16
80769,115,103,12,12
80770,68,103,-35,35
80771,132,142,-10,10
80772,167,156,11,11
80773,145,155,-10,10
80774,126,126,0,0
80775,72,67,5,5
80776,108,114,-6,6
80777,75,77,-2,2
80778,66,71,-5,5
80779,72,70,2,2
80780,99,93,6,6
80781,67,68,-1,1
80782,113,113,0,0
80783,108,100,8,8
80784,94,88,6,6
80785,57,64,-7,7
80786,97,92,5,5
80787,64,67,-3,3
80788,127,128,-1,1
80789,90,83,7,7
80790,185,188,-3,3
80791,110,102,8,8
80792,59,65,-6,6
80793,119,113,6,6
80794,88,102,-14,14
80795,196,180,16,16
80796,95,101,-6,6
80797,69,78,-9,9
80798,159,164,-5,5
80799,66,88,-22,22
80800,100,88,12,12
80801,90,101,-11,11
80802,71,69,2,2
80803,63,63,0,0
80804,104,93,11,11
80805,64,74,-10,10
80806,67,75,-8,8
80807,71,76,-5,5
80808,155,147,8,8
80809,89,82,7,7
80810,128,126,2,2
80811,95,104,-9,9
80812,51,55,-4,4
80813,118,115,3,3
80814,102,104,-2,2
80815,124,125,-1,1
80816,68,72,-4,4
80817,50,51,-1,1
80818,86,90,-4,4
80819,89,97,-8,8
80820,113,104,9,9
80821,126,125,1,1
80822,64,80,-16,16
80823,120,122,-2,2
80824,62,67,-5,5
80825,73,89,-16,16
80826,145,143,2,2
80827,63,67,-4,4
80828,80,86,-6,6
80829,82,83,-1,1
80830,41,41,0,0
80831,93,99,-6,6
80832,107,106,1,1
80833,60,63,-3,3
80834,93,89,4,4
80835,97,100,-3,3
80836,90,90,0,0
80837,111,116,-5,5
80838,57,59,-2,2
80839,75,73,2,2
80840,54,62,-8,8
80841,55,72,-17,17
80842,84,86,-2,2
80843,95,98,-3,3
80844,101,88,13,13
80845,91,90,1,1
80846,65,66,-1,1
80847,59,63,-4,4
80848,112,107,5,5
80849,164,164,0,0
80850,61,66,-5,5
80851,75,78,-3,3
80852,149,143,6,6
80853,152,140,12,12
80854,65,70,-5,5
80855,90,85,5,5
80856,96,104,-8,8
80857,105,106,-1,1
80858,75,86,-11,11
80859,61,62,-1,1
80860,102,100,2,2
80861,96,90,6,6
80862,96,85,11,11
80863,89,86,3,3
80864,100,101,-1,1
80865,96,88,8,8
80866,57,61,-4,4
80867,67,74,-7,7
80868,148,146,2,2
80869,108,107,1,1
80870,50,53,-3,3
80871,151,142,9,9
80872,72,78,-6,6
80873,55,61,-6,6
80874,166,143,23,23
80875,75,80,-5,5
80876,154,136,18,18
80877,71,77,-6,6
80878,77,79,-2,2
80879,72,67,5,5
80880,79,82,-3,3
80881,166,154,12,12
80882,72,76,-4,4
80883,91,89,2,2
80884,80,85,-5,5
80885,111,87,24,24
80886,81,90,-9,9
80887,74,78,-4,4
80888,129,126,3,3
80889,120,113,7,7
80890,79,76,3,3
80891,95,92,3,3
80892,82,86,-4,4
80893,124,118,6,6
80894,73,72,1,1
80895,328,414,-86,86
80896,95,88,7,7
80897,90,85,5,5
80898,105,107,-2,2
80899,131,131,0,0
80900,96,99,-3,3
80901,64,54,10,10
80902,129,112,17,17
80903,84,74,10,10
80904,126,120,6,6
80905,132,123,9,9
80906,108,110,-2,2
80907,74,73,1,1
80908,122,119,3,3
80909,96,110,-14,14
80910,172,182,-10,10
80911,150,140,10,10
80912,82,83,-1,1
80913,119,121,-2,2
80914,42,45,-3,3
80915,125,113,12,12
80916,47,43,4,4
80917,78,73,5,5
80918,51,56,-5,5
80919,56,67,-11,11
80920,100,110,-10,10
80921,105,104,1,1
80922,241,195,46,46
80923,148,139,9,9
80924,49,48,1,1
80925,116,115,1,1
80926,45,40,5,5
80927,89,82,7,7
80928,83,87,-4,4
80929,106,109,-3,3
80930,84,98,-14,14
80931,82,79,3,3
80932,69,73,-4,4
80933,87,88,-1,1
80934,85,106,-21,21
80935,75,69,6,6
80936,142,144,-2,2
80937,84,87,-3,3
80938,112,100,12,12
80939,74,78,-4,4
80940,82,86,-4,4
80941,96,102,-6,6
80942,106,105,1,1
80943,41,49,-8,8
80944,70,66,4,4
80945,62,64,-2,2
80946,108,111,-3,3
80947,115,107,8,8
80948,79,76,3,3
80949,101,104,-3,3
80950,73,71,2,2
80951,69,71,-2,2
80952,42,43,-1,1
80953,130,127,3,3
80954,74,69,5,5
80955,69,70,-1,1
80956,112,106,6,6
80957,95,101,-6,6
80958,56,57,-1,1
80959,98,91,7,7
80960,93,101,-8,8
80961,93,88,5,5
80962,99,103,-4,4
80963,137,129,8,8
80964,127,129,-2,2
80965,82,80,2,2
80966,58,72,-14,14
80967,83,76,7,7
80968,130,123,7,7
80969,99,83,16,16
80970,134,133,1,1
80971,134,125,9,9
80972,73,70,3,3
80973,98,111,-13,13
80974,56,58,-2,2
80975,106,112,-6,6
80976,157,148,9,9
80977,70,73,-3,3
80978,105,104,1,1
80979,108,117,-9,9
80980,65,71,-6,6
80981,82,79,3,3
80982,75,77,-2,2
80983,88,90,-2,2
80984,79,82,-3,3
80985,85,91,-6,6
80986,98,93,5,5
80987,70,70,0,0
80988,132,141,-9,9
80989,121,109,12,12
80990,120,139,-19,19
80991,131,124,7,7
80992,100,102,-2,2
80993,103,104,-1,1
80994,89,93,-4,4
80995,87,88,-1,1
80996,63,69,-6,6
80997,101,90,11,11
80998,80,75,5,5
80999,60,60,0,0
81000,53,57,-4,4
81001,147,135,12,12
81002,83,84,-1,1
81003,91,90,1,1
81004,120,113,7,7
81005,79,77,2,2
81006,66,61,5,5
81007,126,109,17,17
81008,155,140,15,15
81009,73,75,-2,2
81010,75,72,3,3
81011,110,113,-3,3
81012,87,86,1,1
81013,92,90,2,2
81014,133,137,-4,4
81015,100,98,2,2
81016,89,88,1,1
81017,73,80,-7,7
81018,56,54,2,2
81019,117,109,8,8
81020,77,52,25,25
81021,58,55,3,3
81022,132,133,-1,1
81023,149,131,18,18
81024,60,59,1,1
81025,88,82,6,6
81026,118,108,10,10
81027,71,77,-6,6
81028,158,155,3,3
81029,143,131,12,12
81030,63,72,-9,9
81031,49,62,-13,13
81032,111,107,4,4
81033,121,124,-3,3
81034,97,88,9,9
81035,116,115,1,1
81036,58,58,0,0
81037,66,58,8,8
81038,63,63,0,0
81039,54,52,2,2
81040,83,87,-4,4
81041,66,71,-5,5
81042,48,54,-6,6
81043,69,77,-8,8
81044,39,64,-25,25
81045,158,125,33,33
81046,48,53,-5,5
81047,63,64,-1,1
81048,93,101,-8,8
81049,87,88,-1,1
81050,64,62,2,2
81051,148,121,27,27
81052,58,61,-3,3
81053,51,59,-8,8
81054,53,62,-9,9
81055,138,137,1,1
81056,75,77,-2,2
81057,94,98,-4,4
81058,49,59,-10,10
81059,132,141,-9,9
81060,98,93,5,5
81061,97,105,-8,8
81062,100,93,7,7
81063,107,104,3,3
81064,65,61,4,4
81065,67,66,1,1
81066,54,57,-3,3
81067,123,123,0,0
81068,133,122,11,11
81069,105,128,-23,23
81070,91,98,-7,7
81071,121,120,1,1
81072,81,91,-10,10
81073,59,68,-9,9
81074,154,138,16,16
81075,85,85,0,0
81076,80,98,-18,18
81077,181,185,-4,4
81078,112,110,2,2
81079,80,80,0,0
81080,140,130,10,10
81081,92,78,14,14
81082,87,77,10,10
81083,62,75,-13,13
81084,136,125,11,11
81085,74,73,1,1
81086,74,71,3,3
81087,45,46,-1,1
81088,87,87,0,0
81089,81,78,3,3
81090,37,42,-5,5
81091,73,73,0,0
81092,81,84,-3,3
81093,119,114,5,5
81094,139,137,2,2
81095,106,112,-6,6
81096,105,106,-1,1
81097,129,128,1,1
81098,97,102,-5,5
81099,94,117,-23,23
81100,89,115,-26,26
81101,84,81,3,3
81102,182,163,19,19
81103,44,49,-5,5
81104,98,97,1,1
81105,83,79,4,4
81106,159,152,7,7
81107,61,62,-1,1
81108,145,127,18,18
81109,113,136,-23,23
81110,74,77,-3,3
81111,44,40,4,4
81112,70,81,-11,11
81113,87,111,-24,24
81114,156,143,13,13
81115,78,79,-1,1
81116,99,90,9,9
81117,120,112,8,8
81118,100,115,-15,15
81119,90,85,5,5
81120,90,96,-6,6
81121,126,128,-2,2
81122,59,50,9,9
81123,82,80,2,2
81124,71,82,-11,11
81125,87,82,5,5
81126,72,77,-5,5
81127,112,107,5,5
81128,65,66,-1,1
81129,68,72,-4,4
81130,62,68,-6,6
81131,130,130,0,0
81132,60,60,0,0
81133,100,107,-7,7
81134,48,55,-7,7
81135,97,99,-2,2
81136,85,81,4,4
81137,143,120,23,23
81138,112,115,-3,3
81139,70,74,-4,4
81140,107,120,-13,13
81141,103,103,0,0
81142,79,74,5,5
81143,65,59,6,6
81144,74,70,4,4
81145,62,67,-5,5
81146,146,144,2,2
81147,138,136,2,2
81148,109,109,0,0
81149,57,58,-1,1
81150,81,85,-4,4
81151,100,101,-1,1
81152,55,62,-7,7
81153,71,76,-5,5
81154,137,124,13,13
81155,173,168,5,5
81156,53,62,-9,9
81157,69,70,-1,1
81158,115,102,13,13
81159,71,77,-6,6
81160,129,125,4,4
81161,142,133,9,9
81162,48,56,-8,8
81163,77,80,-3,3
81164,81,92,-11,11
81165,103,101,2,2
81166,75,74,1,1
81167,86,82,4,4
81168,105,111,-6,6
81169,61,59,2,2
81170,109,105,4,4
81171,98,93,5,5
81172,153,154,-1,1
81173,50,61,-11,11
81174,178,164,14,14
81175,85,81,4,4
81176,118,118,0,0
81177,94,85,9,9
81178,116,99,17,17
81179,92,89,3,3
81180,96,99,-3,3
81181,44,49,-5,5
81182,96,96,0,0
81183,146,124,22,22
81184,90,78,12,12
81185,86,85,1,1
81186,112,115,-3,3
81187,102,112,-10,10
81188,47,49,-2,2
81189,107,100,7,7
81190,52,66,-14,14
81191,122,126,-4,4
81192,84,77,7,7
81193,76,77,-1,1
81194,72,76,-4,4
81195,181,177,4,4
81196,71,75,-4,4
81197,92,98,-6,6
81198,152,148,4,4
81199,133,132,1,1
81200,97,95,2,2
81201,135,138,-3,3
81202,75,81,-6,6
81203,99,102,-3,3
81204,92,119,-27,27
81205,113,120,-7,7
81206,65,64,1,1
81207,100,107,-7,7
81208,124,129,-5,5
81209,82,83,-1,1
81210,111,118,-7,7
81211,101,100,1,1
81212,60,63,-3,3
81213,141,129,12,12
81214,69,71,-2,2
81215,141,142,-1,1
81216,111,102,9,9
81217,169,168,1,1
81218,126,123,3,3
81219,75,78,-3,3
81220,120,114,6,6
81221,141,145,-4,4
81222,104,119,-15,15
81223,48,54,-6,6
81224,93,97,-4,4
81225,140,135,5,5
81226,97,85,12,12
81227,110,107,3,3
81228,45,46,-1,1
81229,92,99,-7,7
81230,87,75,12,12
81231,90,83,7,7
81232,68,74,-6,6
81233,64,69,-5,5
81234,59,53,6,6
81235,135,130,5,5
81236,52,58,-6,6
81237,121,131,-10,10
81238,78,82,-4,4
81239,97,101,-4,4
81240,64,89,-25,25
81241,113,113,0,0
81242,83,83,0,0
81243,79,76,3,3
81244,77,85,-8,8
81245,56,64,-8,8
81246,156,152,4,4
81247,134,130,4,4
81248,66,68,-2,2
81249,113,116,-3,3
81250,89,85,4,4
81251,95,104,-9,9
81252,98,102,-4,4
81253,137,146,-9,9
81254,113,107,6,6
81255,173,160,13,13
81256,122,120,2,2
81257,92,86,6,6
81258,142,134,8,8
81259,82,81,1,1
81260,42,45,-3,3
81261,116,137,-21,21
81262,89,90,-1,1
81263,140,137,3,3
81264,130,107,23,23
81265,80,77,3,3
81266,113,115,-2,2
81267,60,65,-5,5
81268,143,174,-31,31
81269,86,81,5,5
81270,126,120,6,6
81271,75,72,3,3
81272,120,115,5,5
81273,125,117,8,8
81274,195,184,11,11
81275,71,71,0,0
81276,131,124,7,7
81277,111,112,-1,1
81278,89,95,-6,6
81279,93,91,2,2
81280,80,82,-2,2
81281,80,75,5,5
81282,46,44,2,2
81283,134,129,5,5
81284,83,82,1,1
81285,145,143,2,2
81286,80,78,2,2
81287,82,73,9,9
81288,86,78,8,8
81289,62,69,-7,7
81290,46,50,-4,4
81291,112,109,3,3
81292,99,101,-2,2
81293,145,138,7,7
81294,166,169,-3,3
81295,45,49,-4,4
81296,126,109,17,17
81297,89,86,3,3
81298,99,107,-8,8
81299,77,79,-2,2
81300,119,107,12,12
81301,93,113,-20,20
81302,102,111,-9,9
81303,62,61,1,1
81304,57,61,-4,4
81305,63,68,-5,5
81306,56,53,3,3
81307,137,134,3,3
81308,101,100,1,1
81309,90,82,8,8
81310,136,132,4,4
81311,70,66,4,4
81312,81,83,-2,2
81313,66,64,2,2
81314,93,93,0,0
81315,73,70,3,3
81316,90,88,2,2
81317,83,83,0,0
81318,89,77,12,12
81319,103,110,-7,7
81320,105,101,4,4
81321,83,105,-22,22
81322,115,119,-4,4
81323,99,107,-8,8
81324,85,89,-4,4
81325,73,76,-3,3
81326,80,86,-6,6
81327,49,58,-9,9
81328,80,82,-2,2
81329,63,65,-2,2
81330,33,39,-6,6
81331,178,186,-8,8
81332,105,130,-25,25
81333,41,56,-15,15
81334,92,99,-7,7
81335,98,98,0,0
81336,71,75,-4,4
81337,30,32,-2,2
81338,62,66,-4,4
81339,126,144,-18,18
81340,102,105,-3,3
81341,122,125,-3,3
81342,79,80,-1,1
81343,152,142,10,10
81344,159,145,14,14
81345,161,163,-2,2
81346,71,65,6,6
81347,84,87,-3,3
81348,118,107,11,11
81349,73,74,-1,1
81350,118,121,-3,3
81351,102,86,16,16
81352,69,83,-14,14
81353,101,97,4,4
81354,127,122,5,5
81355,84,78,6,6
81356,40,40,0,0
81357,70,68,2,2
81358,135,127,8,8
81359,77,79,-2,2
81360,78,77,1,1
81361,70,72,-2,2
81362,73,77,-4,4
81363,85,84,1,1
81364,106,103,3,3
81365,151,145,6,6
81366,153,156,-3,3
81367,133,116,17,17
81368,121,116,5,5
81369,110,110,0,0
81370,71,80,-9,9
81371,98,99,-1,1
81372,126,132,-6,6
81373,86,90,-4,4
81374,77,79,-2,2
81375,198,182,16,16
81376,133,132,1,1
81377,124,128,-4,4
81378,90,85,5,5
81379,60,63,-3,3
81380,80,98,-18,18
81381,47,50,-3,3
81382,82,76,6,6
81383,119,101,18,18
81384,66,67,-1,1
81385,136,122,14,14
81386,141,130,11,11
81387,50,61,-11,11
81388,71,80,-9,9
81389,98,96,2,2
81390,121,109,12,12
81391,81,89,-8,8
81392,117,115,2,2
81393,112,110,2,2
81394,94,94,0,0
81395,55,72,-17,17
81396,97,110,-13,13
81397,92,102,-10,10
81398,137,137,0,0
81399,54,57,-3,3
81400,140,141,-1,1
81401,138,129,9,9
81402,85,83,2,2
81403,84,91,-7,7
81404,104,104,0,0
81405,113,114,-1,1
81406,109,115,-6,6
81407,76,98,-22,22
81408,79,84,-5,5
81409,65,62,3,3
81410,81,80,1,1
81411,131,117,14,14
81412,204,186,18,18
81413,77,74,3,3
81414,161,149,12,12
81415,97,102,-5,5
81416,110,100,10,10
81417,76,76,0,0
81418,70,67,3,3
81419,122,125,-3,3
81420,52,58,-6,6
81421,121,121,0,0
81422,89,89,0,0
81423,99,90,9,9
81424,62,65,-3,3
81425,117,113,4,4
81426,92,101,-9,9
81427,169,169,0,0
81428,122,116,6,6
81429,88,89,-1,1
81430,94,91,3,3
81431,163,138,25,25
81432,72,69,3,3
81433,87,98,-11,11
81434,104,115,-11,11
81435,51,57,-6,6
81436,57,55,2,2
81437,149,147,2,2
81438,87,87,0,0
81439,109,112,-3,3
81440,120,115,5,5
81441,79,73,6,6
81442,129,127,2,2
81443,162,150,12,12
81444,133,131,2,2
81445,82,82,0,0
81446,110,111,-1,1
81447,180,161,19,19
81448,104,104,0,0
81449,134,132,2,2
81450,114,109,5,5
81451,130,142,-12,12
81452,94,99,-5,5
81453,182,167,15,15
81454,93,100,-7,7
81455,74,78,-4,4
81456,66,69,-3,3
81457,164,230,-66,66
81458,125,171,-46,46
81459,74,82,-8,8
81460,148,148,0,0
81461,69,70,-1,1
81462,98,98,0,0
81463,71,74,-3,3
81464,107,103,4,4
81465,133,122,11,11
81466,72,70,2,2
81467,68,70,-2,2
81468,97,91,6,6
81469,185,163,22,22
81470,184,179,5,5
81471,106,115,-9,9
81472,143,144,-1,1
81473,82,99,-17,17
81474,47,57,-10,10
81475,82,76,6,6
81476,97,86,11,11
81477,58,63,-5,5
81478,115,109,6,6
81479,137,122,15,15
81480,112,112,0,0
81481,101,102,-1,1
81482,56,57,-1,1
81483,80,79,1,1
81484,79,79,0,0
81485,186,164,22,22
81486,79,76,3,3
81487,80,74,6,6
81488,85,75,10,10
81489,123,113,10,10
81490,94,83,11,11
81491,71,84,-13,13
81492,83,84,-1,1
81493,45,52,-7,7
81494,120,145,-25,25
81495,165,160,5,5
81496,73,75,-2,2
81497,87,83,4,4
81498,80,82,-2,2
81499,132,139,-7,7
81500,82,77,5,5
81501,77,76,1,1
81502,62,70,-8,8
81503,74,77,-3,3
81504,87,97,-10,10
81505,142,139,3,3
81506,119,112,7,7
81507,62,64,-2,2
